<HSD003_Tromp_1945_MidFront_ports.visual>
	<node>
		<identifier>	Scene Root	</identifier>
		<transform>
			<row0>	1.0000 0.0000 0.0000 0.0000	</row0>
			<row1>	0.0000 1.0000 0.0000 0.0000	</row1>
			<row2>	0.0000 0.0000 1.0000 0.0000	</row2>
			<row3>	0.0000 0.0000 0.0000 1.0000	</row3>
		</transform>
		<node>
			<identifier>	MidFront_ports	</identifier>
			<transform>
				<row0>	1.0000 0.0000 0.0000 0.0000	</row0>
				<row1>	0.0000 1.0000 0.0000 0.0000	</row1>
				<row2>	0.0000 0.0000 1.0000 0.0000	</row2>
				<row3>	0.0000 0.0000 0.0000 1.0000	</row3>
			</transform>
			<node>
				<identifier>	HP_FX_Death_1	</identifier>
				<transform>
					<row0>	1.0000 0.0000 0.0000 0.0000	</row0>
					<row1>	0.0000 1.0000 0.0000 0.0000	</row1>
					<row2>	0.0000 0.0000 1.0000 0.0000	</row2>
					<row3>	0.0000 0.0000 1.6949 1.0000	</row3>
				</transform>
			</node>
			<node>
				<identifier>	HP_FX_Death_2	</identifier>
				<transform>
					<row0>	1.0000 0.0000 0.0000 0.0000	</row0>
					<row1>	0.0000 1.0000 0.0000 0.0000	</row1>
					<row2>	0.0000 0.0000 1.0000 0.0000	</row2>
					<row3>	0.0000 0.0000 0.0498 1.0000	</row3>
				</transform>
			</node>
			<node>
				<identifier>	HP_FX_Fire_2	</identifier>
				<transform>
					<row0>	1.0000 0.0000 0.0000 0.0000	</row0>
					<row1>	0.0000 1.0000 0.0000 0.0000	</row1>
					<row2>	0.0000 0.0000 1.0000 0.0000	</row2>
					<row3>	0.0000 0.4000 1.4560 1.0000	</row3>
				</transform>
			</node>
			<node>
				<identifier>	HP_FX_Fire_2_side_1	</identifier>
				<transform>
					<row0>	1.0000 0.0000 0.0000 0.0000	</row0>
					<row1>	0.0000 1.0000 0.0000 0.0000	</row1>
					<row2>	0.0000 0.0000 1.0000 0.0000	</row2>
					<row3>	-0.2991 0.4884 1.1459 1.0000	</row3>
				</transform>
			</node>
			<node>
				<identifier>	HP_FX_FloodLight_left_2	</identifier>
				<transform>
					<row0>	-0.9842 0.0003 -0.1769 0.0000	</row0>
					<row1>	0.0003 1.0000 0.0000 0.0000	</row1>
					<row2>	0.1769 0.0000 -0.9842 0.0000	</row2>
					<row3>	-0.1080 0.9430 1.8540 1.0000	</row3>
				</transform>
			</node>
			<node>
				<identifier>	HP_FX_FloodLight_right_2	</identifier>
				<transform>
					<row0>	1.0000 0.0000 0.0000 0.0000	</row0>
					<row1>	0.0000 1.0000 0.0000 0.0000	</row1>
					<row2>	0.0000 0.0000 1.0000 0.0000	</row2>
					<row3>	0.1080 0.9400 1.8520 1.0000	</row3>
				</transform>
			</node>
			<node>
				<identifier>	HP_FX_Flood_steam_1	</identifier>
				<transform>
					<row0>	1.0000 0.0000 0.0000 0.0000	</row0>
					<row1>	0.0000 0.9862 0.1656 0.0000	</row1>
					<row2>	0.0000 -0.1656 0.9862 0.0000	</row2>
					<row3>	0.0000 0.9000 1.2580 1.0000	</row3>
				</transform>
			</node>
			<node>
				<identifier>	HP_FX_Flood_steam_left	</identifier>
				<transform>
					<row0>	-1.0000 0.0000 0.0000 0.0000	</row0>
					<row1>	0.0000 1.0000 0.0000 0.0000	</row1>
					<row2>	0.0000 0.0000 -1.0000 0.0000	</row2>
					<row3>	-0.3555 0.3439 2.7460 1.0000	</row3>
				</transform>
			</node>
			<node>
				<identifier>	HP_FX_Flood_water_left	</identifier>
				<transform>
					<row0>	-1.0000 0.0000 0.0000 0.0000	</row0>
					<row1>	0.0000 1.0000 0.0000 0.0000	</row1>
					<row2>	0.0000 0.0000 -1.0000 0.0000	</row2>
					<row3>	-0.4107 0.0633 0.0575 1.0000	</row3>
				</transform>
			</node>
			<node>
				<identifier>	HP_FX_Flood_water_right	</identifier>
				<transform>
					<row0>	1.0000 0.0000 0.0000 0.0000	</row0>
					<row1>	0.0000 1.0000 0.0000 0.0000	</row1>
					<row2>	0.0000 0.0000 1.0000 0.0000	</row2>
					<row3>	0.4107 0.0638 0.0577 1.0000	</row3>
				</transform>
			</node>
			<node>
				<identifier>	HP_FX_Smoke_1	</identifier>
				<transform>
					<row0>	1.0000 0.0000 0.0000 0.0000	</row0>
					<row1>	0.0000 0.9997 -0.0242 0.0000	</row1>
					<row2>	0.0000 0.0242 0.9997 0.0000	</row2>
					<row3>	0.0000 0.8550 1.1300 1.0000	</row3>
				</transform>
			</node>
			<node>
				<identifier>	HP_HD_1	</identifier>
				<transform>
					<row0>	0.0000 0.0000 1.0000 0.0000	</row0>
					<row1>	0.0000 1.0000 0.0000 0.0000	</row1>
					<row2>	-1.0000 0.0000 0.0000 0.0000	</row2>
					<row3>	-0.2149 0.8262 1.8073 1.0000	</row3>
				</transform>
			</node>
			<node>
				<identifier>	HP_HD_2	</identifier>
				<transform>
					<row0>	0.0000 0.0000 -1.0000 0.0000	</row0>
					<row1>	0.0000 1.0000 0.0000 0.0000	</row1>
					<row2>	1.0000 0.0000 0.0000 0.0000	</row2>
					<row3>	0.2149 0.8262 1.8073 1.0000	</row3>
				</transform>
			</node>
			<node>
				<identifier>	HP_HF_1	</identifier>
				<transform>
					<row0>	1.0000 0.0000 0.0012 0.0000	</row0>
					<row1>	0.0000 1.0000 0.0000 0.0000	</row1>
					<row2>	-0.0012 0.0000 1.0000 0.0000	</row2>
					<row3>	-0.0025 0.9710 2.1349 1.0000	</row3>
				</transform>
			</node>
			<node>
				<identifier>	HP_HGA_1	</identifier>
				<transform>
					<row0>	0.7071 0.0000 0.7071 0.0000	</row0>
					<row1>	0.0000 1.0000 0.0000 0.0000	</row1>
					<row2>	-0.7071 0.0000 0.7071 0.0000	</row2>
					<row3>	-0.2672 0.8297 1.9927 1.0000	</row3>
				</transform>
			</node>
			<node>
				<identifier>	HP_HGA_2	</identifier>
				<transform>
					<row0>	0.7071 0.0000 -0.7071 0.0000	</row0>
					<row1>	0.0000 1.0000 0.0000 0.0000	</row1>
					<row2>	0.7071 0.0000 0.7071 0.0000	</row2>
					<row3>	0.2672 0.8297 1.9927 1.0000	</row3>
				</transform>
			</node>
			<node>
				<identifier>	HP_HGA_3	</identifier>
				<transform>
					<row0>	0.0000 0.0000 1.0000 0.0000	</row0>
					<row1>	0.0000 1.0000 0.0000 0.0000	</row1>
					<row2>	-1.0000 0.0000 0.0000 0.0000	</row2>
					<row3>	-0.1538 0.5597 0.7113 1.0000	</row3>
				</transform>
			</node>
			<node>
				<identifier>	HP_HGA_4	</identifier>
				<transform>
					<row0>	0.0000 0.0000 -1.0000 0.0000	</row0>
					<row1>	0.0000 1.0000 0.0000 0.0000	</row1>
					<row2>	1.0000 0.0000 0.0000 0.0000	</row2>
					<row3>	0.1538 0.5597 0.7113 1.0000	</row3>
				</transform>
			</node>
			<node>
				<identifier>	HP_HGM_1	</identifier>
				<transform>
					<row0>	1.0000 0.0000 0.0000 0.0000	</row0>
					<row1>	0.0000 1.0000 0.0000 0.0000	</row1>
					<row2>	0.0000 0.0000 1.0000 0.0000	</row2>
					<row3>	0.0000 0.3977 3.1045 1.0000	</row3>
				</transform>
			</node>
			<node>
				<identifier>	HP_HGM_2	</identifier>
				<transform>
					<row0>	1.0000 0.0000 0.0000 0.0000	</row0>
					<row1>	0.0000 1.0000 0.0000 0.0000	</row1>
					<row2>	0.0000 0.0000 1.0000 0.0000	</row2>
					<row3>	0.0000 0.5446 2.6002 1.0000	</row3>
				</transform>
			</node>
			<node>
				<identifier>	HP_HRS_1	</identifier>
				<transform>
					<row0>	1.0000 0.0000 0.0000 0.0000	</row0>
					<row1>	0.0000 1.0000 0.0000 0.0000	</row1>
					<row2>	0.0000 0.0000 1.0000 0.0000	</row2>
					<row3>	0.0000 1.3440 1.9028 1.0000	</row3>
				</transform>
			</node>
			<node>
				<identifier>	HP_HRS_2	</identifier>
				<transform>
					<row0>	-1.0000 0.0000 0.0000 0.0000	</row0>
					<row1>	0.0000 1.0000 0.0000 0.0000	</row1>
					<row2>	0.0000 0.0000 -1.0000 0.0000	</row2>
					<row3>	0.0000 1.9461 1.5651 1.0000	</row3>
				</transform>
			</node>
			<node>
				<identifier>	HP_Ship_death_2	</identifier>
				<transform>
					<row0>	1.0000 0.0000 0.0000 0.0000	</row0>
					<row1>	0.0000 1.0000 0.0000 0.0000	</row1>
					<row2>	0.0000 0.0000 1.0000 0.0000	</row2>
					<row3>	0.0000 0.0000 0.6437 1.0000	</row3>
				</transform>
			</node>
			<node>
				<identifier>	HP_flag_1	</identifier>
				<transform>
					<row0>	0.9926 0.1213 -0.0056 0.0000	</row0>
					<row1>	-0.1213 0.9883 -0.0924 0.0000	</row1>
					<row2>	-0.0056 0.0924 0.9957 0.0000	</row2>
					<row3>	0.1331 1.8278 1.4244 1.0000	</row3>
				</transform>
			</node>
			<node>
				<identifier>	HP_flag_2	</identifier>
				<transform>
					<row0>	0.9926 -0.1213 0.0056 0.0000	</row0>
					<row1>	0.1213 0.9883 -0.0924 0.0000	</row1>
					<row2>	0.0056 0.0924 0.9957 0.0000	</row2>
					<row3>	-0.1325 1.8279 1.4254 1.0000	</row3>
				</transform>
			</node>
			<node>
				<identifier>	HP_flag_3	</identifier>
				<transform>
					<row0>	0.9902 0.1394 -0.0065 0.0000	</row0>
					<row1>	-0.1394 0.9859 -0.0924 0.0000	</row1>
					<row2>	-0.0065 0.0924 0.9957 0.0000	</row2>
					<row3>	0.0794 1.8278 1.4245 1.0000	</row3>
				</transform>
			</node>
			<node>
				<identifier>	HP_flag_4	</identifier>
				<transform>
					<row0>	0.9902 -0.1394 0.0065 0.0000	</row0>
					<row1>	0.1394 0.9859 -0.0924 0.0000	</row1>
					<row2>	0.0065 0.0924 0.9957 0.0000	</row2>
					<row3>	-0.0804 1.8279 1.4251 1.0000	</row3>
				</transform>
			</node>
			<node>
				<identifier>	HP_flag_courtesy	</identifier>
				<transform>
					<row0>	0.9937 0.1117 -0.0052 0.0000	</row0>
					<row1>	-0.1117 0.9894 -0.0923 0.0000	</row1>
					<row2>	-0.0052 0.0923 0.9957 0.0000	</row2>
					<row3>	0.1684 1.7534 1.4314 1.0000	</row3>
				</transform>
			</node>
			<node>
				<identifier>	HP_flag_house	</identifier>
				<transform>
					<row0>	0.9937 -0.1117 0.0052 0.0000	</row0>
					<row1>	0.1117 0.9894 -0.0923 0.0000	</row1>
					<row2>	0.0052 0.0923 0.9957 0.0000	</row2>
					<row3>	-0.1676 1.7535 1.4322 1.0000	</row3>
				</transform>
			</node>
			<node>
				<identifier>	HP_flag_rank	</identifier>
				<transform>
					<row0>	1.0000 -0.0061 0.0000 0.0000	</row0>
					<row1>	0.0061 0.9995 -0.0297 0.0000	</row1>
					<row2>	0.0000 0.0297 0.9996 0.0000	</row2>
					<row3>	0.0071 1.9597 1.4849 1.0000	</row3>
				</transform>
			</node>
			<node>
				<identifier>	MP_CM029_Emergency_Box	</identifier>
				<transform>
					<row0>	0.0000 0.0000 -1.0000 0.0000	</row0>
					<row1>	0.0000 1.0000 0.0000 0.0000	</row1>
					<row2>	1.0000 0.0000 0.0000 0.0000	</row2>
					<row3>	-0.0788 0.9092 2.0621 1.0000	</row3>
				</transform>
			</node>
			<node>
				<identifier>	MP_CM029_Emergency_Box_INDEX_1	</identifier>
				<transform>
					<row0>	0.0000 0.0000 1.0000 0.0000	</row0>
					<row1>	0.0000 1.0000 0.0000 0.0000	</row1>
					<row2>	-1.0000 0.0000 0.0000 0.0000	</row2>
					<row3>	0.0788 0.9092 2.0621 1.0000	</row3>
				</transform>
			</node>
			<node>
				<identifier>	MP_CM029_Emergency_Box_INDEX_2	</identifier>
				<transform>
					<row0>	0.8932 0.0000 -0.4497 0.0000	</row0>
					<row1>	0.0000 1.0000 0.0000 0.0000	</row1>
					<row2>	0.4497 0.0000 0.8932 0.0000	</row2>
					<row3>	-0.0486 0.6290 0.8564 1.0000	</row3>
				</transform>
			</node>
			<node>
				<identifier>	MP_CM029_Emergency_Box_INDEX_3	</identifier>
				<transform>
					<row0>	0.8932 0.0000 0.4497 0.0000	</row0>
					<row1>	0.0000 1.0000 0.0000 0.0000	</row1>
					<row2>	-0.4497 0.0000 0.8932 0.0000	</row2>
					<row3>	0.0486 0.6290 0.8564 1.0000	</row3>
				</transform>
			</node>
			<node>
				<identifier>	MP_CM052_Fender	</identifier>
				<transform>
					<row0>	0.0000 0.0000 0.8500 0.0000	</row0>
					<row1>	0.0000 0.8500 0.0000 0.0000	</row1>
					<row2>	-0.8500 0.0000 0.0000 0.0000	</row2>
					<row3>	-0.2853 0.3752 2.2902 1.0000	</row3>
				</transform>
			</node>
			<node>
				<identifier>	MP_CM052_Fender_INDEX_1	</identifier>
				<transform>
					<row0>	0.0000 0.0000 -0.8500 0.0000	</row0>
					<row1>	0.0000 0.8500 0.0000 0.0000	</row1>
					<row2>	0.8500 0.0000 0.0000 0.0000	</row2>
					<row3>	0.2853 0.3752 2.2902 1.0000	</row3>
				</transform>
			</node>
			<node>
				<identifier>	MP_CM082_Rope	</identifier>
				<transform>
					<row0>	0.0000 0.0000 -1.0000 0.0000	</row0>
					<row1>	0.0000 1.0000 0.0000 0.0000	</row1>
					<row2>	1.0000 0.0000 0.0000 0.0000	</row2>
					<row3>	0.2556 0.7361 1.5261 1.0000	</row3>
				</transform>
			</node>
			<node>
				<identifier>	MP_CM082_Rope_INDEX_1	</identifier>
				<transform>
					<row0>	0.0000 0.0000 1.0000 0.0000	</row0>
					<row1>	0.0000 1.0000 0.0000 0.0000	</row1>
					<row2>	-1.0000 0.0000 0.0000 0.0000	</row2>
					<row3>	-0.2556 0.7361 1.5261 1.0000	</row3>
				</transform>
			</node>
			<node>
				<identifier>	MP_CM082_Rope_INDEX_10	</identifier>
				<transform>
					<row0>	0.0000 0.0000 -1.0000 0.0000	</row0>
					<row1>	0.0968 0.9953 0.0000 0.0000	</row1>
					<row2>	0.9953 -0.0968 0.0000 0.0000	</row2>
					<row3>	0.2880 0.7333 1.5277 1.0000	</row3>
				</transform>
			</node>
			<node>
				<identifier>	MP_CM082_Rope_INDEX_2	</identifier>
				<transform>
					<row0>	0.0000 0.0000 0.9183 0.0000	</row0>
					<row1>	0.0000 0.9183 0.0000 0.0000	</row1>
					<row2>	-0.9183 0.0000 0.0000 0.0000	</row2>
					<row3>	0.2363 0.7374 1.5277 1.0000	</row3>
				</transform>
			</node>
			<node>
				<identifier>	MP_CM082_Rope_INDEX_3	</identifier>
				<transform>
					<row0>	0.0000 0.0000 -0.8184 0.0000	</row0>
					<row1>	0.0000 0.8184 0.0000 0.0000	</row1>
					<row2>	0.8184 0.0000 0.0000 0.0000	</row2>
					<row3>	0.2186 0.7379 1.5277 1.0000	</row3>
				</transform>
			</node>
			<node>
				<identifier>	MP_CM082_Rope_INDEX_4	</identifier>
				<transform>
					<row0>	0.0000 0.0000 1.0000 0.0000	</row0>
					<row1>	-0.0968 0.9953 0.0000 0.0000	</row1>
					<row2>	-0.9953 -0.0968 0.0000 0.0000	</row2>
					<row3>	-0.2880 0.7333 1.5277 1.0000	</row3>
				</transform>
			</node>
			<node>
				<identifier>	MP_CM082_Rope_INDEX_5	</identifier>
				<transform>
					<row0>	0.0000 0.0000 0.8946 0.0000	</row0>
					<row1>	0.0000 0.8946 0.0000 0.0000	</row1>
					<row2>	-0.8946 0.0000 0.0000 0.0000	</row2>
					<row3>	0.2692 0.7344 1.5267 1.0000	</row3>
				</transform>
			</node>
			<node>
				<identifier>	MP_CM082_Rope_INDEX_6	</identifier>
				<transform>
					<row0>	0.0000 0.0000 -0.8304 0.0000	</row0>
					<row1>	0.0000 0.8304 0.0000 0.0000	</row1>
					<row2>	0.8304 0.0000 0.0000 0.0000	</row2>
					<row3>	-0.2692 0.7344 1.5267 1.0000	</row3>
				</transform>
			</node>
			<node>
				<identifier>	MP_CM082_Rope_INDEX_7	</identifier>
				<transform>
					<row0>	0.0000 0.0000 0.8243 0.0000	</row0>
					<row1>	0.0000 0.8243 0.0000 0.0000	</row1>
					<row2>	-0.8243 0.0000 0.0000 0.0000	</row2>
					<row3>	-0.0662 0.7424 1.5277 1.0000	</row3>
				</transform>
			</node>
			<node>
				<identifier>	MP_CM082_Rope_INDEX_8	</identifier>
				<transform>
					<row0>	0.0000 0.0000 1.0000 0.0000	</row0>
					<row1>	0.0000 1.0000 0.0000 0.0000	</row1>
					<row2>	-1.0000 0.0000 0.0000 0.0000	</row2>
					<row3>	-0.2186 0.7379 1.5277 1.0000	</row3>
				</transform>
			</node>
			<node>
				<identifier>	MP_CM082_Rope_INDEX_9	</identifier>
				<transform>
					<row0>	0.0000 0.0000 -0.8890 0.0000	</row0>
					<row1>	0.0000 0.8890 0.0000 0.0000	</row1>
					<row2>	0.8890 0.0000 0.0000 0.0000	</row2>
					<row3>	-0.2363 0.7369 1.5277 1.0000	</row3>
				</transform>
			</node>
			<node>
				<identifier>	MP_CM126_Cleat	</identifier>
				<transform>
					<row0>	0.0000 0.0000 1.0000 0.0000	</row0>
					<row1>	-0.0546 0.9985 0.0000 0.0000	</row1>
					<row2>	-0.9985 -0.0546 0.0000 0.0000	</row2>
					<row3>	-0.2281 0.3675 1.4798 1.0000	</row3>
				</transform>
			</node>
			<node>
				<identifier>	MP_CM126_Cleat_INDEX_1	</identifier>
				<transform>
					<row0>	0.0000 0.0000 -1.0000 0.0000	</row0>
					<row1>	0.0546 0.9985 0.0000 0.0000	</row1>
					<row2>	0.9985 -0.0546 0.0000 0.0000	</row2>
					<row3>	0.2281 0.3617 0.8795 1.0000	</row3>
				</transform>
			</node>
			<node>
				<identifier>	MP_CM126_Cleat_INDEX_2	</identifier>
				<transform>
					<row0>	0.0000 0.0000 -1.0000 0.0000	</row0>
					<row1>	0.0546 0.9985 0.0000 0.0000	</row1>
					<row2>	0.9985 -0.0546 0.0000 0.0000	</row2>
					<row3>	0.2281 0.3675 1.4798 1.0000	</row3>
				</transform>
			</node>
			<node>
				<identifier>	MP_CM126_Cleat_INDEX_3	</identifier>
				<transform>
					<row0>	0.0000 0.0000 1.0000 0.0000	</row0>
					<row1>	-0.0546 0.9985 0.0000 0.0000	</row1>
					<row2>	-0.9985 -0.0546 0.0000 0.0000	</row2>
					<row3>	-0.2281 0.3617 0.8795 1.0000	</row3>
				</transform>
			</node>
			<node>
				<identifier>	MP_HM007_Lifebuoy	</identifier>
				<transform>
					<row0>	0.0000 0.0000 1.0000 0.0000	</row0>
					<row1>	0.0000 1.0000 0.0000 0.0000	</row1>
					<row2>	-1.0000 0.0000 0.0000 0.0000	</row2>
					<row3>	0.3664 0.4405 2.6655 1.0000	</row3>
				</transform>
			</node>
			<node>
				<identifier>	MP_HM007_Lifebuoy_INDEX_1	</identifier>
				<transform>
					<row0>	0.0000 0.0000 -1.0000 0.0000	</row0>
					<row1>	0.0000 1.0000 0.0000 0.0000	</row1>
					<row2>	1.0000 0.0000 0.0000 0.0000	</row2>
					<row3>	-0.3664 0.4405 2.6655 1.0000	</row3>
				</transform>
			</node>
			<node>
				<identifier>	MP_HM007_Lifebuoy_INDEX_2	</identifier>
				<transform>
					<row0>	0.0000 0.0000 -1.0000 0.0000	</row0>
					<row1>	0.0000 1.0000 0.0000 0.0000	</row1>
					<row2>	1.0000 0.0000 0.0000 0.0000	</row2>
					<row3>	-0.3791 0.4253 1.7258 1.0000	</row3>
				</transform>
			</node>
			<node>
				<identifier>	MP_HM007_Lifebuoy_INDEX_3	</identifier>
				<transform>
					<row0>	0.0000 0.0000 1.0000 0.0000	</row0>
					<row1>	0.0000 1.0000 0.0000 0.0000	</row1>
					<row2>	-1.0000 0.0000 0.0000 0.0000	</row2>
					<row3>	0.3791 0.4253 1.7258 1.0000	</row3>
				</transform>
			</node>
			<node>
				<identifier>	MP_HM008_Insulator	</identifier>
				<transform>
					<row0>	1.0000 0.0000 0.0000 0.0000	</row0>
					<row1>	0.0000 0.0000 -1.0000 0.0000	</row1>
					<row2>	0.0000 1.0000 0.0000 0.0000	</row2>
					<row3>	-0.1185 0.8141 1.6810 1.0000	</row3>
				</transform>
			</node>
			<node>
				<identifier>	MP_HM008_Insulator_INDEX_1	</identifier>
				<transform>
					<row0>	1.0000 0.0000 0.0000 0.0000	</row0>
					<row1>	0.0000 0.0000 -1.0000 0.0000	</row1>
					<row2>	0.0000 1.0000 0.0000 0.0000	</row2>
					<row3>	0.1185 0.8141 1.6810 1.0000	</row3>
				</transform>
			</node>
			<node>
				<identifier>	MP_HM008_Insulator_INDEX_2	</identifier>
				<transform>
					<row0>	1.0000 0.0000 0.0000 0.0000	</row0>
					<row1>	0.0000 0.0000 -1.0000 0.0000	</row1>
					<row2>	0.0000 1.0000 0.0000 0.0000	</row2>
					<row3>	0.1937 0.6535 1.6042 1.0000	</row3>
				</transform>
			</node>
			<node>
				<identifier>	MP_HM008_Insulator_INDEX_3	</identifier>
				<transform>
					<row0>	1.0000 0.0000 0.0000 0.0000	</row0>
					<row1>	0.0000 0.0000 -1.0000 0.0000	</row1>
					<row2>	0.0000 1.0000 0.0000 0.0000	</row2>
					<row3>	-0.1937 0.6535 1.6042 1.0000	</row3>
				</transform>
			</node>
			<node>
				<identifier>	MP_HM017_Paravane	</identifier>
				<transform>
					<row0>	1.0000 0.0000 0.0000 0.0000	</row0>
					<row1>	0.0000 1.0000 0.0000 0.0000	</row1>
					<row2>	0.0000 0.0000 1.0000 0.0000	</row2>
					<row3>	0.3402 0.4098 1.9757 1.0000	</row3>
				</transform>
			</node>
			<node>
				<identifier>	MP_HM017_Paravane_INDEX_1	</identifier>
				<transform>
					<row0>	1.0000 0.0000 0.0000 0.0000	</row0>
					<row1>	0.0000 1.0000 0.0000 0.0000	</row1>
					<row2>	0.0000 0.0000 1.0000 0.0000	</row2>
					<row3>	-0.3402 0.4098 1.9757 1.0000	</row3>
				</transform>
			</node>
			<node>
				<identifier>	MP_HM030_Helmets	</identifier>
				<transform>
					<row0>	-0.7104 0.0000 0.7038 0.0000	</row0>
					<row1>	0.0000 1.0000 0.0000 0.0000	</row1>
					<row2>	-0.7038 0.0000 -0.7104 0.0000	</row2>
					<row3>	-0.0763 0.6162 0.8822 1.0000	</row3>
				</transform>
			</node>
			<node>
				<identifier>	MP_HM030_Helmets_INDEX_1	</identifier>
				<transform>
					<row0>	-0.7104 0.0000 -0.7038 0.0000	</row0>
					<row1>	0.0000 1.0000 0.0000 0.0000	</row1>
					<row2>	0.7038 0.0000 -0.7104 0.0000	</row2>
					<row3>	0.0763 0.6162 0.8822 1.0000	</row3>
				</transform>
			</node>
			<node>
				<identifier>	MP_HM030_Helmets_INDEX_2	</identifier>
				<transform>
					<row0>	0.0000 0.0000 1.0000 0.0000	</row0>
					<row1>	0.0000 1.0000 0.0000 0.0000	</row1>
					<row2>	-1.0000 0.0000 0.0000 0.0000	</row2>
					<row3>	-0.0732 0.8684 2.0007 1.0000	</row3>
				</transform>
			</node>
			<node>
				<identifier>	MP_HM030_Helmets_INDEX_3	</identifier>
				<transform>
					<row0>	0.0000 0.0000 -1.0000 0.0000	</row0>
					<row1>	0.0000 1.0000 0.0000 0.0000	</row1>
					<row2>	1.0000 0.0000 0.0000 0.0000	</row2>
					<row3>	0.0732 0.8684 2.0007 1.0000	</row3>
				</transform>
			</node>
			<node>
				<identifier>	MP_HM515_Motosloep_28ft	</identifier>
				<transform>
					<row0>	1.0000 0.0000 0.0000 0.0000	</row0>
					<row1>	0.0000 1.0000 0.0000 0.0000	</row1>
					<row2>	0.0000 0.0000 1.0000 0.0000	</row2>
					<row3>	-0.3073 0.3958 1.1882 1.0000	</row3>
				</transform>
			</node>
			<node>
				<identifier>	MP_HM523_Life_boat_old	</identifier>
				<transform>
					<row0>	0.0000 -0.6584 -0.7155 0.0000	</row0>
					<row1>	0.0000 0.7155 -0.6584 0.0000	</row1>
					<row2>	0.9723 0.0000 0.0000 0.0000	</row2>
					<row3>	-0.0975 0.4329 0.7570 1.0000	</row3>
				</transform>
			</node>
			<node>
				<identifier>	MP_HM523_Life_boat_old_INDEX_1	</identifier>
				<transform>
					<row0>	0.0000 -0.6584 -0.7155 0.0000	</row0>
					<row1>	0.0000 0.7155 -0.6584 0.0000	</row1>
					<row2>	0.9723 0.0000 0.0000 0.0000	</row2>
					<row3>	-0.0975 0.4409 0.7496 1.0000	</row3>
				</transform>
			</node>
			<node>
				<identifier>	MP_HM523_Life_boat_old_INDEX_2	</identifier>
				<transform>
					<row0>	0.0000 0.6584 0.7155 0.0000	</row0>
					<row1>	0.0000 0.7155 -0.6584 0.0000	</row1>
					<row2>	-0.9723 0.0000 0.0000 0.0000	</row2>
					<row3>	0.0975 0.4409 0.7496 1.0000	</row3>
				</transform>
			</node>
			<node>
				<identifier>	MP_HM523_Life_boat_old_INDEX_3	</identifier>
				<transform>
					<row0>	0.0000 0.6584 0.7155 0.0000	</row0>
					<row1>	0.0000 0.7155 -0.6584 0.0000	</row1>
					<row2>	-0.9723 0.0000 0.0000 0.0000	</row2>
					<row3>	0.0975 0.4329 0.7570 1.0000	</row3>
				</transform>
			</node>
			<node>
				<identifier>	MP_HM523_Life_boat_old_INDEX_4	</identifier>
				<transform>
					<row0>	0.0000 0.6584 0.7155 0.0000	</row0>
					<row1>	0.0000 0.7155 -0.6584 0.0000	</row1>
					<row2>	-0.9723 0.0000 0.0000 0.0000	</row2>
					<row3>	0.0975 0.4250 0.7643 1.0000	</row3>
				</transform>
			</node>
			<node>
				<identifier>	MP_HM523_Life_boat_old_INDEX_5	</identifier>
				<transform>
					<row0>	0.0000 -0.6584 -0.7155 0.0000	</row0>
					<row1>	0.0000 0.7155 -0.6584 0.0000	</row1>
					<row2>	0.9723 0.0000 0.0000 0.0000	</row2>
					<row3>	-0.0975 0.4250 0.7643 1.0000	</row3>
				</transform>
			</node>
			<node>
				<identifier>	MP_HM530_Motorboat_8_5m	</identifier>
				<transform>
					<row0>	1.0000 0.0000 0.0000 0.0000	</row0>
					<row1>	0.0000 1.0000 0.0000 0.0000	</row1>
					<row2>	0.0000 0.0000 1.0000 0.0000	</row2>
					<row3>	0.3073 0.3699 1.1846 1.0000	</row3>
				</transform>
			</node>
			<node>
				<identifier>	MP_HM601_Pelorus	</identifier>
				<transform>
					<row0>	1.0000 0.0000 0.0032 0.0000	</row0>
					<row1>	0.0000 1.0000 0.0000 0.0000	</row1>
					<row2>	-0.0032 0.0000 1.0000 0.0000	</row2>
					<row3>	-0.0986 0.8314 2.3806 1.0000	</row3>
				</transform>
			</node>
			<node>
				<identifier>	MP_HM601_Pelorus_INDEX_1	</identifier>
				<transform>
					<row0>	1.0000 0.0000 -0.0032 0.0000	</row0>
					<row1>	0.0000 1.0000 0.0000 0.0000	</row1>
					<row2>	0.0032 0.0000 1.0000 0.0000	</row2>
					<row3>	0.0986 0.8314 2.3989 1.0000	</row3>
				</transform>
			</node>
			<node>
				<identifier>	MP_HM605_Steering_wheel	</identifier>
				<transform>
					<row0>	1.0000 0.0000 0.0000 0.0000	</row0>
					<row1>	0.0000 1.0000 0.0000 0.0000	</row1>
					<row2>	0.0000 0.0000 1.0000 0.0000	</row2>
					<row3>	0.0000 0.8302 2.4247 1.0000	</row3>
				</transform>
			</node>
			<node>
				<identifier>	MP_HM607_Telegraph_double	</identifier>
				<transform>
					<row0>	-1.0000 0.0000 0.0000 0.0000	</row0>
					<row1>	0.0000 1.0000 0.0000 0.0000	</row1>
					<row2>	0.0000 0.0000 -1.0000 0.0000	</row2>
					<row3>	0.0515 0.8304 2.4262 1.0000	</row3>
				</transform>
			</node>
			<node>
				<identifier>	MP_HM611_Compass_Binnacle	</identifier>
				<transform>
					<row0>	1.0000 0.0000 0.0000 0.0000	</row0>
					<row1>	0.0000 1.0000 0.0000 0.0000	</row1>
					<row2>	0.0000 0.0000 1.0000 0.0000	</row2>
					<row3>	0.0272 0.9685 1.7971 1.0000	</row3>
				</transform>
			</node>
			<node>
				<identifier>	MP_HM612_Voice_Tube	</identifier>
				<transform>
					<row0>	0.7935 0.0000 -0.6085 0.0000	</row0>
					<row1>	0.0000 1.0000 0.0000 0.0000	</row1>
					<row2>	0.6085 0.0000 0.7935 0.0000	</row2>
					<row3>	0.1477 0.8290 2.3343 1.0000	</row3>
				</transform>
			</node>
			<node>
				<identifier>	MP_HM612_Voice_Tube_INDEX_1	</identifier>
				<transform>
					<row0>	0.7935 0.0000 0.6085 0.0000	</row0>
					<row1>	0.0000 1.0000 0.0000 0.0000	</row1>
					<row2>	-0.6085 0.0000 0.7935 0.0000	</row2>
					<row3>	-0.1350 0.8290 2.3441 1.0000	</row3>
				</transform>
			</node>
			<node>
				<identifier>	MP_HM612_Voice_Tube_INDEX_2	</identifier>
				<transform>
					<row0>	0.4280 0.0000 -0.9038 0.0000	</row0>
					<row1>	0.0000 1.0000 0.0000 0.0000	</row1>
					<row2>	0.9038 0.0000 0.4280 0.0000	</row2>
					<row3>	0.1088 0.8299 2.3727 1.0000	</row3>
				</transform>
			</node>
			<node>
				<identifier>	MP_HM612_Voice_Tube_INDEX_3	</identifier>
				<transform>
					<row0>	0.7935 0.0000 0.6085 0.0000	</row0>
					<row1>	0.0000 1.0000 0.0000 0.0000	</row1>
					<row2>	-0.6085 0.0000 0.7935 0.0000	</row2>
					<row3>	-0.1228 0.8290 2.3535 1.0000	</row3>
				</transform>
			</node>
			<node>
				<identifier>	MP_HM612_Voice_Tube_INDEX_4	</identifier>
				<transform>
					<row0>	0.7230 0.0000 0.6908 0.0000	</row0>
					<row1>	0.0000 1.0000 0.0000 0.0000	</row1>
					<row2>	-0.6908 0.0000 0.7230 0.0000	</row2>
					<row3>	-0.0889 0.8304 2.4130 1.0000	</row3>
				</transform>
			</node>
			<node>
				<identifier>	MP_HM612_Voice_Tube_INDEX_5	</identifier>
				<transform>
					<row0>	0.7935 0.0000 -0.6085 0.0000	</row0>
					<row1>	0.0000 1.0000 0.0000 0.0000	</row1>
					<row2>	0.6085 0.0000 0.7935 0.0000	</row2>
					<row3>	0.1350 0.8290 2.3441 1.0000	</row3>
				</transform>
			</node>
			<node>
				<identifier>	MP_HM612_Voice_Tube_INDEX_6	</identifier>
				<transform>
					<row0>	0.7935 0.0000 -0.6085 0.0000	</row0>
					<row1>	0.0000 1.0000 0.0000 0.0000	</row1>
					<row2>	0.6085 0.0000 0.7935 0.0000	</row2>
					<row3>	0.1228 0.8290 2.3535 1.0000	</row3>
				</transform>
			</node>
			<node>
				<identifier>	MP_HM612_Voice_Tube_INDEX_7	</identifier>
				<transform>
					<row0>	0.8980 0.0000 0.4401 0.0000	</row0>
					<row1>	0.0000 1.0000 0.0000 0.0000	</row1>
					<row2>	-0.4401 0.0000 0.8980 0.0000	</row2>
					<row3>	-0.0516 0.9697 1.8866 1.0000	</row3>
				</transform>
			</node>
			<node>
				<identifier>	MP_HM612_Voice_Tube_INDEX_8	</identifier>
				<transform>
					<row0>	0.7542 0.0000 -0.6566 0.0000	</row0>
					<row1>	0.0000 1.0000 0.0000 0.0000	</row1>
					<row2>	0.6566 0.0000 0.7542 0.0000	</row2>
					<row3>	0.0889 0.8300 2.4281 1.0000	</row3>
				</transform>
			</node>
			<node>
				<identifier>	MP_HM612_Voice_Tube_INDEX_9	</identifier>
				<transform>
					<row0>	0.7935 0.0000 0.6085 0.0000	</row0>
					<row1>	0.0000 1.0000 0.0000 0.0000	</row1>
					<row2>	-0.6085 0.0000 0.7935 0.0000	</row2>
					<row3>	-0.1477 0.8290 2.3343 1.0000	</row3>
				</transform>
			</node>
			<node>
				<identifier>	MP_HM613_Telephone	</identifier>
				<transform>
					<row0>	0.0000 0.0000 1.0000 0.0000	</row0>
					<row1>	0.0000 1.0000 0.0000 0.0000	</row1>
					<row2>	-1.0000 0.0000 0.0000 0.0000	</row2>
					<row3>	-0.1206 0.4581 2.7070 1.0000	</row3>
				</transform>
			</node>
			<node>
				<identifier>	MP_HM613_Telephone_INDEX_1	</identifier>
				<transform>
					<row0>	-1.0000 0.0000 0.0000 0.0000	</row0>
					<row1>	0.0000 1.0000 0.0000 0.0000	</row1>
					<row2>	0.0000 0.0000 -1.0000 0.0000	</row2>
					<row3>	0.0000 0.6193 2.2668 1.0000	</row3>
				</transform>
			</node>
			<node>
				<identifier>	MP_HM613_Telephone_INDEX_2	</identifier>
				<transform>
					<row0>	1.0000 0.0000 0.0000 0.0000	</row0>
					<row1>	0.0000 1.0000 0.0000 0.0000	</row1>
					<row2>	0.0000 0.0000 1.0000 0.0000	</row2>
					<row3>	0.0258 1.0374 1.9014 1.0000	</row3>
				</transform>
			</node>
			<node>
				<identifier>	MP_HM615_Sky_Lookout	</identifier>
				<transform>
					<row0>	-1.0000 0.0000 0.0000 0.0000	</row0>
					<row1>	0.0000 1.0000 0.0000 0.0000	</row1>
					<row2>	0.0000 0.0000 -1.0000 0.0000	</row2>
					<row3>	0.3278 0.8249 1.7991 1.0000	</row3>
				</transform>
			</node>
			<node>
				<identifier>	MP_HM615_Sky_Lookout_INDEX_1	</identifier>
				<transform>
					<row0>	1.0000 0.0000 0.0000 0.0000	</row0>
					<row1>	0.0000 1.0000 0.0000 0.0000	</row1>
					<row2>	0.0000 0.0000 1.0000 0.0000	</row2>
					<row3>	-0.3278 0.8249 1.7234 1.0000	</row3>
				</transform>
			</node>
			<node>
				<identifier>	MP_HM615_Sky_Lookout_INDEX_2	</identifier>
				<transform>
					<row0>	1.0000 0.0000 0.0000 0.0000	</row0>
					<row1>	0.0000 1.0000 0.0000 0.0000	</row1>
					<row2>	0.0000 0.0000 1.0000 0.0000	</row2>
					<row3>	-0.3278 0.8249 1.7991 1.0000	</row3>
				</transform>
			</node>
			<node>
				<identifier>	MP_HM615_Sky_Lookout_INDEX_3	</identifier>
				<transform>
					<row0>	-1.0000 0.0000 0.0000 0.0000	</row0>
					<row1>	0.0000 1.0000 0.0000 0.0000	</row1>
					<row2>	0.0000 0.0000 -1.0000 0.0000	</row2>
					<row3>	0.3278 0.8249 1.7234 1.0000	</row3>
				</transform>
			</node>
			<node>
				<identifier>	MP_HM616_Compass	</identifier>
				<transform>
					<row0>	1.0000 0.0000 0.0000 0.0000	</row0>
					<row1>	0.0000 1.0000 0.0000 0.0000	</row1>
					<row2>	0.0000 0.0000 1.0000 0.0000	</row2>
					<row3>	-0.0576 0.8292 2.4254 1.0000	</row3>
				</transform>
			</node>
			<node>
				<identifier>	MP_HM619_Binocular	</identifier>
				<transform>
					<row0>	0.0000 0.0000 1.0000 0.0000	</row0>
					<row1>	0.0000 1.0000 0.0000 0.0000	</row1>
					<row2>	-1.0000 0.0000 0.0000 0.0000	</row2>
					<row3>	-0.3722 0.7320 1.6260 1.0000	</row3>
				</transform>
			</node>
			<node>
				<identifier>	MP_HM619_Binocular_INDEX_1	</identifier>
				<transform>
					<row0>	0.0000 0.0000 -1.0000 0.0000	</row0>
					<row1>	0.0000 1.0000 0.0000 0.0000	</row1>
					<row2>	1.0000 0.0000 0.0000 0.0000	</row2>
					<row3>	0.3722 0.7320 1.6260 1.0000	</row3>
				</transform>
			</node>
			<node>
				<identifier>	MP_HM703_Flag_box	</identifier>
				<transform>
					<row0>	0.9997 -0.0230 0.0000 0.0000	</row0>
					<row1>	0.0230 0.9997 0.0000 0.0000	</row1>
					<row2>	0.0000 0.0000 1.0000 0.0000	</row2>
					<row3>	0.1490 0.6773 1.5409 1.0000	</row3>
				</transform>
			</node>
			<node>
				<identifier>	MP_HM703_Flag_box_INDEX_1	</identifier>
				<transform>
					<row0>	0.9997 0.0230 0.0000 0.0000	</row0>
					<row1>	-0.0230 0.9997 0.0000 0.0000	</row1>
					<row2>	0.0000 0.0000 1.0000 0.0000	</row2>
					<row3>	-0.1490 0.6773 1.5409 1.0000	</row3>
				</transform>
			</node>
			<node>
				<identifier>	MP_HM850_Signal_light_10in	</identifier>
				<transform>
					<row0>	0.0000 0.0000 -1.0000 0.0000	</row0>
					<row1>	0.0000 1.0000 0.0000 0.0000	</row1>
					<row2>	1.0000 0.0000 0.0000 0.0000	</row2>
					<row3>	-0.3734 0.7476 1.8905 1.0000	</row3>
				</transform>
			</node>
			<node>
				<identifier>	MP_HM850_Signal_light_10in_INDEX_1	</identifier>
				<transform>
					<row0>	0.0000 0.0000 1.0000 0.0000	</row0>
					<row1>	0.0000 1.0000 0.0000 0.0000	</row1>
					<row2>	-1.0000 0.0000 0.0000 0.0000	</row2>
					<row3>	0.3734 0.7476 1.8905 1.0000	</row3>
				</transform>
			</node>
			<node>
				<identifier>	MP_HM854_Signal_Lamp_1	</identifier>
				<transform>
					<row0>	1.0000 0.0000 0.0000 0.0000	</row0>
					<row1>	0.0000 1.0000 0.0000 0.0000	</row1>
					<row2>	0.0000 0.0000 1.0000 0.0000	</row2>
					<row3>	0.0150 1.5607 1.5651 1.0000	</row3>
				</transform>
			</node>
			<node>
				<identifier>	MP_HM854_Signal_Lamp_1_INDEX_1	</identifier>
				<transform>
					<row0>	1.0000 0.0000 0.0000 0.0000	</row0>
					<row1>	0.0000 1.0000 0.0000 0.0000	</row1>
					<row2>	0.0000 0.0000 1.0000 0.0000	</row2>
					<row3>	-0.0150 1.5607 1.5651 1.0000	</row3>
				</transform>
			</node>
			<node>
				<identifier>	MP_HM861_Daylight_signaling_lanterm	</identifier>
				<transform>
					<row0>	0.0000 0.0000 -1.0000 0.0000	</row0>
					<row1>	0.0000 1.0000 0.0000 0.0000	</row1>
					<row2>	1.0000 0.0000 0.0000 0.0000	</row2>
					<row3>	0.1244 1.2169 1.7624 1.0000	</row3>
				</transform>
			</node>
			<node>
				<identifier>	MP_HM861_Daylight_signaling_lanterm_INDEX_1	</identifier>
				<transform>
					<row0>	0.0000 0.0000 1.0000 0.0000	</row0>
					<row1>	0.0000 1.0000 0.0000 0.0000	</row1>
					<row2>	-1.0000 0.0000 0.0000 0.0000	</row2>
					<row3>	-0.1244 1.2169 1.7624 1.0000	</row3>
				</transform>
			</node>
			<node>
				<identifier>	MP_HM864_Searchlight_60cm	</identifier>
				<transform>
					<row0>	-1.0000 0.0000 0.0000 0.0000	</row0>
					<row1>	0.0000 1.0000 0.0000 0.0000	</row1>
					<row2>	0.0000 0.0000 -1.0000 0.0000	</row2>
					<row3>	-0.3317 0.6674 1.5519 1.0000	</row3>
				</transform>
			</node>
			<node>
				<identifier>	MP_HM864_Searchlight_60cm_INDEX_1	</identifier>
				<transform>
					<row0>	-1.0000 0.0000 0.0000 0.0000	</row0>
					<row1>	0.0000 1.0000 0.0000 0.0000	</row1>
					<row2>	0.0000 0.0000 -1.0000 0.0000	</row2>
					<row3>	0.3317 0.6674 1.5519 1.0000	</row3>
				</transform>
			</node>
			<node>
				<identifier>	MP_HM959_Reel	</identifier>
				<transform>
					<row0>	0.8930 -0.0450 -0.4477 0.0000	</row0>
					<row1>	0.0402 0.9990 -0.0202 0.0000	</row1>
					<row2>	0.4482 0.0000 0.8939 0.0000	</row2>
					<row3>	0.1883 0.3914 2.8521 1.0000	</row3>
				</transform>
			</node>
			<node>
				<identifier>	MP_HM959_Reel_INDEX_1	</identifier>
				<transform>
					<row0>	0.0000 0.0000 -0.8228 0.0000	</row0>
					<row1>	0.0000 0.8228 0.0000 0.0000	</row1>
					<row2>	0.8228 0.0000 0.0000 0.0000	</row2>
					<row3>	-0.1299 0.5017 0.9081 1.0000	</row3>
				</transform>
			</node>
			<node>
				<identifier>	MP_HM959_Reel_INDEX_2	</identifier>
				<transform>
					<row0>	0.0000 0.0000 0.8228 0.0000	</row0>
					<row1>	0.0000 0.8228 0.0000 0.0000	</row1>
					<row2>	-0.8228 0.0000 0.0000 0.0000	</row2>
					<row3>	0.1210 0.5017 1.3247 1.0000	</row3>
				</transform>
			</node>
			<node>
				<identifier>	MP_HM959_Reel_INDEX_3	</identifier>
				<transform>
					<row0>	0.0000 0.0000 0.8228 0.0000	</row0>
					<row1>	0.0000 0.8228 0.0000 0.0000	</row1>
					<row2>	-0.8228 0.0000 0.0000 0.0000	</row2>
					<row3>	0.1299 0.5017 0.9081 1.0000	</row3>
				</transform>
			</node>
			<node>
				<identifier>	MP_HM959_Reel_INDEX_4	</identifier>
				<transform>
					<row0>	0.0000 0.0000 -0.8228 0.0000	</row0>
					<row1>	0.0000 0.8228 0.0000 0.0000	</row1>
					<row2>	0.8228 0.0000 0.0000 0.0000	</row2>
					<row3>	-0.1210 0.5017 1.3247 1.0000	</row3>
				</transform>
			</node>
			<node>
				<identifier>	MP_HM959_Reel_INDEX_5	</identifier>
				<transform>
					<row0>	0.8930 0.0450 0.4477 0.0000	</row0>
					<row1>	-0.0402 0.9990 -0.0202 0.0000	</row1>
					<row2>	-0.4482 0.0000 0.8939 0.0000	</row2>
					<row3>	-0.1883 0.3914 2.8521 1.0000	</row3>
				</transform>
			</node>
			<node>
				<identifier>	SP_YMS001_YHBM_M_1	</identifier>
				<transform>
					<row0>	0.8947 0.0000 0.0000 0.0000	</row0>
					<row1>	0.0000 0.8947 0.0000 0.0000	</row1>
					<row2>	0.0000 0.0000 0.8947 0.0000	</row2>
					<row3>	0.0000 0.4470 4.4656 1.0000	</row3>
				</transform>
			</node>
			<node>
				<identifier>	SP_YMS002_YHBL_M_1_INDEX_1	</identifier>
				<transform>
					<row0>	0.7770 0.0117 -0.0021 0.0000	</row0>
					<row1>	-0.0118 0.7731 -0.0777 0.0000	</row1>
					<row2>	0.0009 0.0777 0.7732 0.0000	</row2>
					<row3>	0.0000 0.4470 4.4656 1.0000	</row3>
				</transform>
			</node>
			<node>
				<identifier>	SP_YMS003_YHBR_M_1	</identifier>
				<transform>
					<row0>	0.7769 0.0117 -0.0021 0.0000	</row0>
					<row1>	-0.0118 0.7731 -0.0766 0.0000	</row1>
					<row2>	0.0009 0.0766 0.7732 0.0000	</row2>
					<row3>	0.0000 0.4470 4.4656 1.0000	</row3>
				</transform>
			</node>
			<node>
				<identifier>	SP_YMS004_YHXL_L_1	</identifier>
				<transform>
					<row0>	0.4307 0.1973 -0.1374 0.0000	</row0>
					<row1>	-0.1959 0.4514 0.0339 0.0000	</row1>
					<row2>	0.1393 0.0249 0.4725 0.0000	</row2>
					<row3>	-0.1324 0.3130 4.0117 1.0000	</row3>
				</transform>
			</node>
			<node>
				<identifier>	SP_YMS005_YHXR_L_1	</identifier>
				<transform>
					<row0>	0.4305 -0.1972 0.1373 0.0000	</row0>
					<row1>	0.1958 0.4512 0.0339 0.0000	</row1>
					<row2>	-0.1392 0.0249 0.4723 0.0000	</row2>
					<row3>	0.1324 0.3130 4.0117 1.0000	</row3>
				</transform>
			</node>
			<node>
				<identifier>	SP_YMS010_YHWM_L_1	</identifier>
				<transform>
					<row0>	0.6503 0.0000 0.0000 0.0000	</row0>
					<row1>	0.0000 0.6503 0.0000 0.0000	</row1>
					<row2>	0.0000 0.0000 0.6503 0.0000	</row2>
					<row3>	0.0000 0.0289 4.3834 1.0000	</row3>
				</transform>
			</node>
			<node>
				<identifier>	SP_YMS011_YHWL_M_1	</identifier>
				<transform>
					<row0>	0.9956 0.0777 -0.0528 0.0000	</row0>
					<row1>	-0.0776 0.9970 0.0027 0.0000	</row1>
					<row2>	0.0529 0.0014 0.9986 0.0000	</row2>
					<row3>	-0.3931 -0.0021 1.4387 1.0000	</row3>
				</transform>
			</node>
			<node>
				<identifier>	SP_YMS011_YHWL_M_1_INDEX_1	</identifier>
				<transform>
					<row0>	0.9545 0.2683 -0.1302 0.0000	</row0>
					<row1>	-0.2682 0.9632 0.0184 0.0000	</row1>
					<row2>	0.1303 0.0174 0.9913 0.0000	</row2>
					<row3>	-0.2315 0.0071 3.1301 1.0000	</row3>
				</transform>
			</node>
			<node>
				<identifier>	SP_YMS011_YHWL_M_1_INDEX_2	</identifier>
				<transform>
					<row0>	0.9705 0.2246 -0.0877 0.0000	</row0>
					<row1>	-0.2241 0.9744 0.0153 0.0000	</row1>
					<row2>	0.0889 0.0048 0.9960 0.0000	</row2>
					<row3>	-0.3259 -0.0010 2.2852 1.0000	</row3>
				</transform>
			</node>
			<node>
				<identifier>	SP_YMS012_YHWR_M_1	</identifier>
				<transform>
					<row0>	0.9545 -0.2683 0.1302 0.0000	</row0>
					<row1>	0.2682 0.9632 0.0184 0.0000	</row1>
					<row2>	-0.1303 0.0174 0.9913 0.0000	</row2>
					<row3>	0.2315 0.0071 3.1301 1.0000	</row3>
				</transform>
			</node>
			<node>
				<identifier>	SP_YMS012_YHWR_M_1_INDEX_1	</identifier>
				<transform>
					<row0>	0.9705 -0.2246 0.0877 0.0000	</row0>
					<row1>	0.2241 0.9744 0.0153 0.0000	</row1>
					<row2>	-0.0889 0.0048 0.9960 0.0000	</row2>
					<row3>	0.3259 -0.0010 2.2852 1.0000	</row3>
				</transform>
			</node>
			<node>
				<identifier>	SP_YMS012_YHWR_M_1_INDEX_2	</identifier>
				<transform>
					<row0>	0.9956 -0.0777 0.0528 0.0000	</row0>
					<row1>	0.0776 0.9970 0.0027 0.0000	</row1>
					<row2>	-0.0529 0.0014 0.9986 0.0000	</row2>
					<row3>	0.3931 -0.0021 1.4387 1.0000	</row3>
				</transform>
			</node>
			<node>
				<identifier>	SP_YMS020_YHBU_M_1	</identifier>
				<transform>
					<row0>	0.7237 -0.0047 0.0042 0.0000	</row0>
					<row1>	0.0047 0.7237 -0.0003 0.0000	</row1>
					<row2>	-0.0042 0.0003 0.7237 0.0000	</row2>
					<row3>	0.0000 -0.0119 4.2072 1.0000	</row3>
				</transform>
			</node>
			<node>
				<identifier>	SP_YMS021_YHUC_S_1	</identifier>
				<transform>
					<row0>	-0.3601 0.9329 0.0070 0.0000	</row0>
					<row1>	-0.9307 -0.3597 0.0655 0.0000	</row1>
					<row2>	0.0637 0.0171 0.9978 0.0000	</row2>
					<row3>	-0.3719 -0.1517 1.3006 1.0000	</row3>
				</transform>
			</node>
			<node>
				<identifier>	SP_YMS021_YHUC_S_1_INDEX_1	</identifier>
				<transform>
					<row0>	-0.3008 0.9537 0.0036 0.0000	</row0>
					<row1>	-0.9494 -0.2998 0.0939 0.0000	</row1>
					<row2>	0.0907 0.0249 0.9956 0.0000	</row2>
					<row3>	-0.1391 -0.1543 3.3619 1.0000	</row3>
				</transform>
			</node>
			<node>
				<identifier>	SP_YMS022_YHUS_L_1	</identifier>
				<transform>
					<row0>	-0.0659 0.0000 -0.7533 0.0000	</row0>
					<row1>	-0.3575 0.6656 0.0313 0.0000	</row1>
					<row2>	0.6631 0.3588 -0.0580 0.0000	</row2>
					<row3>	-0.1635 -0.2596 2.3532 1.0000	</row3>
				</transform>
			</node>
			<node>
				<identifier>	SP_YMS022_YHUS_L_1_INDEX_1	</identifier>
				<transform>
					<row0>	-0.0659 0.0000 -0.7533 0.0000	</row0>
					<row1>	-0.2983 0.6943 0.0261 0.0000	</row1>
					<row2>	0.6917 0.2995 -0.0605 0.0000	</row2>
					<row3>	-0.1069 -0.2625 2.9265 1.0000	</row3>
				</transform>
			</node>
