<ZSD009_Fu_Shun_1949_Bow_ports.visual>
	<node>
		<identifier>	Scene Root	</identifier>
		<transform>
			<row0>	1.0000 0.0000 0.0000 0.0000	</row0>
			<row1>	0.0000 1.0000 0.0000 0.0000	</row1>
			<row2>	0.0000 0.0000 1.0000 0.0000	</row2>
			<row3>	0.0000 0.0000 0.0000 1.0000	</row3>
		</transform>
		<node>
			<identifier>	Bow_ports	</identifier>
			<transform>
				<row0>	1.0000 0.0000 0.0000 0.0000	</row0>
				<row1>	0.0000 1.0000 0.0000 0.0000	</row1>
				<row2>	0.0000 0.0000 1.0000 0.0000	</row2>
				<row3>	0.0000 0.0000 0.0000 1.0000	</row3>
			</transform>
			<node>
				<identifier>	HP_FX_Death_1	</identifier>
				<transform>
					<row0>	1.0000 0.0000 0.0000 0.0000	</row0>
					<row1>	0.0000 1.0000 0.0000 0.0000	</row1>
					<row2>	0.0000 0.0000 1.0000 0.0000	</row2>
					<row3>	0.0000 0.0000 2.4986 1.0000	</row3>
				</transform>
			</node>
			<node>
				<identifier>	HP_FX_Fire_1	</identifier>
				<transform>
					<row0>	1.0000 0.0000 0.0000 0.0000	</row0>
					<row1>	0.0000 1.0000 0.0000 0.0000	</row1>
					<row2>	0.0000 0.0000 1.0000 0.0000	</row2>
					<row3>	0.0000 0.3223 2.9078 1.0000	</row3>
				</transform>
			</node>
			<node>
				<identifier>	HP_FX_WakeTrace	</identifier>
				<transform>
					<row0>	1.0000 0.0000 0.0000 0.0000	</row0>
					<row1>	0.0000 1.0000 0.0000 0.0000	</row1>
					<row2>	0.0000 0.0000 1.0000 0.0000	</row2>
					<row3>	0.0000 0.0000 3.6032 1.0000	</row3>
				</transform>
			</node>
			<node>
				<identifier>	HP_Ship_death_1	</identifier>
				<transform>
					<row0>	1.0000 0.0000 0.0000 0.0000	</row0>
					<row1>	0.0000 1.0000 0.0000 0.0000	</row1>
					<row2>	0.0000 0.0000 1.0000 0.0000	</row2>
					<row3>	0.0000 0.0000 2.4986 1.0000	</row3>
				</transform>
			</node>
			<node>
				<identifier>	HP_ZGM_1	</identifier>
				<transform>
					<row0>	1.0000 0.0000 0.0000 0.0000	</row0>
					<row1>	0.0000 1.0000 0.0000 0.0000	</row1>
					<row2>	0.0000 0.0000 1.0000 0.0000	</row2>
					<row3>	0.0000 0.3086 2.5594 1.0000	</row3>
				</transform>
			</node>
			<node>
				<identifier>	MP_CM137_Anchor_Up	</identifier>
				<transform>
					<row0>	-0.2830 -0.4518 -0.1354 0.0000	</row0>
					<row1>	-0.0425 0.1816 -0.5174 0.0000	</row1>
					<row2>	0.4697 -0.2557 -0.1283 0.0000	</row2>
					<row3>	0.1009 0.2750 3.5298 1.0000	</row3>
				</transform>
			</node>
			<node>
				<identifier>	MP_CM137_Anchor_Up_INDEX_1	</identifier>
				<transform>
					<row0>	-0.2830 0.4518 0.1354 0.0000	</row0>
					<row1>	0.0425 0.1816 -0.5174 0.0000	</row1>
					<row2>	-0.4697 -0.2557 -0.1283 0.0000	</row2>
					<row3>	-0.1009 0.2750 3.5298 1.0000	</row3>
				</transform>
			</node>
			<node>
				<identifier>	MP_CM138_Anchor_Bottom	</identifier>
				<transform>
					<row0>	-0.2794 -0.4541 -0.1349 0.0000	</row0>
					<row1>	0.1392 0.0711 -0.5273 0.0000	</row1>
					<row2>	0.4529 -0.3020 0.0788 0.0000	</row2>
					<row3>	0.1010 0.2752 3.5299 1.0000	</row3>
				</transform>
			</node>
			<node>
				<identifier>	MP_CM138_Anchor_Bottom_INDEX_1	</identifier>
				<transform>
					<row0>	-0.2794 0.4541 0.1349 0.0000	</row0>
					<row1>	-0.1392 0.0711 -0.5273 0.0000	</row1>
					<row2>	-0.4529 -0.3020 0.0788 0.0000	</row2>
					<row3>	-0.1010 0.2752 3.5299 1.0000	</row3>
				</transform>
			</node>
			<node>
				<identifier>	MP_RM178_Anchor_Capstan	</identifier>
				<transform>
					<row0>	1.0000 0.0000 0.0000 0.0000	</row0>
					<row1>	0.0000 1.0000 -0.0052 0.0000	</row1>
					<row2>	0.0000 0.0052 1.0000 0.0000	</row2>
					<row3>	0.0000 0.3111 3.0414 1.0000	</row3>
				</transform>
			</node>
			<node>
				<identifier>	MP_RM220_Bollard	</identifier>
				<transform>
					<row0>	0.9762 -0.0409 0.2130 0.0000	</row0>
					<row1>	0.0430 0.9991 -0.0056 0.0000	</row1>
					<row2>	-0.2126 0.0147 0.9770 0.0000	</row2>
					<row3>	0.1358 0.3076 3.2712 1.0000	</row3>
				</transform>
			</node>
			<node>
				<identifier>	MP_RM220_Bollard_INDEX_1	</identifier>
				<transform>
					<row0>	0.9762 0.0409 -0.2130 0.0000	</row0>
					<row1>	-0.0430 0.9991 -0.0056 0.0000	</row1>
					<row2>	0.2126 0.0147 0.9770 0.0000	</row2>
					<row3>	-0.1358 0.3076 3.2712 1.0000	</row3>
				</transform>
			</node>
			<node>
				<identifier>	MP_RM241_Fairlead	</identifier>
				<transform>
					<row0>	0.8877 -0.0465 0.1410 0.0000	</row0>
					<row1>	0.0368 0.6990 -0.0013 0.0000	</row1>
					<row2>	-0.1407 0.0091 0.8889 0.0000	</row2>
					<row3>	0.2058 0.3054 2.9103 1.0000	</row3>
				</transform>
			</node>
			<node>
				<identifier>	MP_RM241_Fairlead_INDEX_1	</identifier>
				<transform>
					<row0>	0.8877 0.0465 -0.1410 0.0000	</row0>
					<row1>	-0.0368 0.6990 -0.0013 0.0000	</row1>
					<row2>	0.1407 0.0091 0.8889 0.0000	</row2>
					<row3>	-0.2058 0.3054 2.9103 1.0000	</row3>
				</transform>
			</node>
			<node>
				<identifier>	MP_RM345_Anchor_Stopper	</identifier>
				<transform>
					<row0>	0.9761 -0.0170 -0.2164 0.0000	</row0>
					<row1>	0.0163 0.9999 -0.0051 0.0000	</row1>
					<row2>	0.2165 0.0015 0.9763 0.0000	</row2>
					<row3>	0.0484 0.3117 3.2139 1.0000	</row3>
				</transform>
			</node>
			<node>
				<identifier>	MP_RM345_Anchor_Stopper_INDEX_1	</identifier>
				<transform>
					<row0>	0.9761 0.0170 0.2164 0.0000	</row0>
					<row1>	-0.0163 0.9999 -0.0051 0.0000	</row1>
					<row2>	-0.2165 0.0015 0.9763 0.0000	</row2>
					<row3>	-0.0484 0.3117 3.2139 1.0000	</row3>
				</transform>
			</node>
			<node>
				<identifier>	MP_ZM002_Reel	</identifier>
				<transform>
					<row0>	0.0002 -0.0085 -1.3000 0.0000	</row0>
					<row1>	0.0340 -1.2995 0.0085 0.0000	</row1>
					<row2>	-0.9997 -0.0262 0.0000 0.0000	</row2>
					<row3>	-0.0480 0.3074 2.8496 1.0000	</row3>
				</transform>
			</node>
			<node>
				<identifier>	MP_ZM002_Reel_INDEX_1	</identifier>
				<transform>
					<row0>	0.0002 0.0085 1.3000 0.0000	</row0>
					<row1>	-0.0340 -1.2995 0.0085 0.0000	</row1>
					<row2>	0.9997 -0.0262 0.0000 0.0000	</row2>
					<row3>	0.0480 0.3074 2.8496 1.0000	</row3>
				</transform>
			</node>
			<node>
				<identifier>	MP_ZM024_Life_Buoy	</identifier>
				<transform>
					<row0>	-0.1792 0.0000 -0.9838 0.0000	</row0>
					<row1>	0.0000 1.0000 0.0000 0.0000	</row1>
					<row2>	0.9838 0.0000 -0.1792 0.0000	</row2>
					<row3>	-0.1868 0.3729 3.0480 1.0000	</row3>
				</transform>
			</node>
			<node>
				<identifier>	MP_ZM024_Life_Buoy_INDEX_1	</identifier>
				<transform>
					<row0>	-0.1792 0.0000 0.9838 0.0000	</row0>
					<row1>	0.0000 1.0000 0.0000 0.0000	</row1>
					<row2>	-0.9838 0.0000 -0.1792 0.0000	</row2>
					<row3>	0.1868 0.3729 3.0480 1.0000	</row3>
				</transform>
			</node>
			<node>
				<identifier>	MP_ZM025_Red_Star	</identifier>
				<transform>
					<row0>	0.2534 -0.0008 0.9674 0.0000	</row0>
					<row1>	-0.3166 0.9448 0.0837 0.0000	</row1>
					<row2>	-0.9141 -0.3275 0.2392 0.0000	</row2>
					<row3>	-0.0376 0.2471 3.6258 1.0000	</row3>
				</transform>
			</node>
			<node>
				<identifier>	MP_ZM025_Red_Star_INDEX_1	</identifier>
				<transform>
					<row0>	0.2534 0.0008 -0.9674 0.0000	</row0>
					<row1>	0.3166 0.9448 0.0837 0.0000	</row1>
					<row2>	0.9141 -0.3275 0.2392 0.0000	</row2>
					<row3>	0.0376 0.2471 3.6258 1.0000	</row3>
				</transform>
			</node>
			<node>
				<identifier>	MP_ZM750_Hatch	</identifier>
				<transform>
					<row0>	1.0000 0.0000 0.0000 0.0000	</row0>
					<row1>	0.0000 1.0000 0.0000 0.0000	</row1>
					<row2>	0.0000 0.0000 1.0000 0.0000	</row2>
					<row3>	-0.0973 0.3050 3.1007 1.0000	</row3>
				</transform>
			</node>
			<node>
				<identifier>	MP_ZM751_Hatch	</identifier>
				<transform>
					<row0>	1.0000 0.0000 0.0000 0.0000	</row0>
					<row1>	0.0000 1.0000 0.0000 0.0000	</row1>
					<row2>	0.0000 0.0000 1.0000 0.0000	</row2>
					<row3>	0.0207 0.3099 3.4314 1.0000	</row3>
				</transform>
			</node>
			<node>
				<identifier>	MP_ZM800_Ventilation_Mushroom	</identifier>
				<transform>
					<row0>	1.0000 0.0000 0.0000 0.0000	</row0>
					<row1>	0.0000 1.0000 0.0000 0.0000	</row1>
					<row2>	0.0000 0.0000 1.0000 0.0000	</row2>
					<row3>	-0.2393 0.2986 2.5840 1.0000	</row3>
				</transform>
			</node>
			<node>
				<identifier>	MP_ZM800_Ventilation_Mushroom_INDEX_1	</identifier>
				<transform>
					<row0>	1.0000 0.0000 0.0000 0.0000	</row0>
					<row1>	0.0000 1.0000 0.0000 0.0000	</row1>
					<row2>	0.0000 0.0000 1.0000 0.0000	</row2>
					<row3>	0.2465 0.2986 2.5436 1.0000	</row3>
				</transform>
			</node>
			<node>
				<identifier>	MP_ZM800_Ventilation_Mushroom_INDEX_2	</identifier>
				<transform>
					<row0>	1.0000 0.0000 0.0000 0.0000	</row0>
					<row1>	0.0000 1.0000 0.0000 0.0000	</row1>
					<row2>	0.0000 0.0000 1.0000 0.0000	</row2>
					<row3>	-0.0204 0.3087 2.7626 1.0000	</row3>
				</transform>
			</node>
			<node>
				<identifier>	MP_ZM800_Ventilation_Mushroom_INDEX_3	</identifier>
				<transform>
					<row0>	1.0000 0.0000 0.0000 0.0000	</row0>
					<row1>	0.0000 1.0000 0.0000 0.0000	</row1>
					<row2>	0.0000 0.0000 1.0000 0.0000	</row2>
					<row3>	-0.2452 0.2986 2.5426 1.0000	</row3>
				</transform>
			</node>
			<node>
				<identifier>	MP_ZM852_Running_Lights_B	</identifier>
				<transform>
					<row0>	-1.0000 0.0000 0.0000 0.0000	</row0>
					<row1>	0.0000 1.0000 0.0000 0.0000	</row1>
					<row2>	0.0000 0.0000 -1.0000 0.0000	</row2>
					<row3>	0.0000 0.5243 3.7313 1.0000	</row3>
				</transform>
			</node>
			<node>
				<identifier>	MP_ZM953_Anchor_Fairled	</identifier>
				<transform>
					<row0>	-0.9999 0.0125 0.0000 0.0000	</row0>
					<row1>	0.0125 0.9999 -0.0023 0.0000	</row1>
					<row2>	0.0000 -0.0023 -1.0000 0.0000	</row2>
					<row3>	0.0234 0.3109 3.2622 1.0000	</row3>
				</transform>
			</node>
			<node>
				<identifier>	MP_ZM953_Anchor_Fairled_INDEX_1	</identifier>
				<transform>
					<row0>	-0.9999 -0.0125 0.0000 0.0000	</row0>
					<row1>	-0.0125 0.9999 -0.0023 0.0000	</row1>
					<row2>	0.0000 -0.0023 -1.0000 0.0000	</row2>
					<row3>	-0.0234 0.3109 3.2622 1.0000	</row3>
				</transform>
			</node>
			<node>
				<identifier>	MP_ZM957_Anchor_Detector	</identifier>
				<transform>
					<row0>	1.0000 0.0000 0.0000 0.0000	</row0>
					<row1>	0.0000 1.0000 0.0000 0.0000	</row1>
					<row2>	0.0000 0.0000 1.0000 0.0000	</row2>
					<row3>	0.0204 0.3092 2.9332 1.0000	</row3>
				</transform>
			</node>
			<node>
				<identifier>	MP_ZM958_Manage_Anchor	</identifier>
				<transform>
					<row0>	1.0000 0.0000 0.0000 0.0000	</row0>
					<row1>	0.0000 1.0000 0.0000 0.0000	</row1>
					<row2>	0.0000 0.0000 1.0000 0.0000	</row2>
					<row3>	-0.0455 0.3101 2.9210 1.0000	</row3>
				</transform>
			</node>
		</node>
	</node>
	<boundingBox>
		<min>	-0.0667 -0.0667 -0.0667	</min>
		<max>	0.0667 0.0667 0.0667	</max>
	</boundingBox>
</ZSD009_Fu_Shun_1949_Bow_ports.visual>
