<JSB011_Mikasa_1905_MidFront_ports.visual>
	<node>
		<identifier>	Scene Root	</identifier>
		<transform>
			<row0>	1.0000 0.0000 0.0000 0.0000	</row0>
			<row1>	0.0000 1.0000 0.0000 0.0000	</row1>
			<row2>	0.0000 0.0000 1.0000 0.0000	</row2>
			<row3>	0.0000 0.0000 0.0000 1.0000	</row3>
		</transform>
		<node>
			<identifier>	MidFront_ports	</identifier>
			<transform>
				<row0>	1.0000 0.0000 0.0000 0.0000	</row0>
				<row1>	0.0000 1.0000 0.0000 0.0000	</row1>
				<row2>	0.0000 0.0000 1.0000 0.0000	</row2>
				<row3>	0.0000 0.0000 0.0000 1.0000	</row3>
			</transform>
			<node>
				<identifier>	HP_FX_Death_1	</identifier>
				<transform>
					<row0>	1.0000 0.0000 0.0000 0.0000	</row0>
					<row1>	0.0000 1.0000 0.0000 0.0000	</row1>
					<row2>	0.0000 0.0000 1.0000 0.0000	</row2>
					<row3>	0.0000 0.0000 1.8320 1.0000	</row3>
				</transform>
			</node>
			<node>
				<identifier>	HP_FX_Death_2	</identifier>
				<transform>
					<row0>	1.0000 0.0000 0.0000 0.0000	</row0>
					<row1>	0.0000 1.0000 0.0000 0.0000	</row1>
					<row2>	0.0000 0.0000 1.0000 0.0000	</row2>
					<row3>	0.0000 0.0000 -0.2442 1.0000	</row3>
				</transform>
			</node>
			<node>
				<identifier>	HP_FX_Fire_2	</identifier>
				<transform>
					<row0>	1.0000 0.0000 0.0000 0.0000	</row0>
					<row1>	0.0000 1.0000 0.0000 0.0000	</row1>
					<row2>	0.0000 0.0000 1.0000 0.0000	</row2>
					<row3>	0.0000 0.6395 1.1471 1.0000	</row3>
				</transform>
			</node>
			<node>
				<identifier>	HP_FX_Fire_2_side_1	</identifier>
				<transform>
					<row0>	0.9986 0.0000 -0.0531 0.0000	</row0>
					<row1>	0.0000 1.0000 0.0000 0.0000	</row1>
					<row2>	0.0531 0.0000 0.9986 0.0000	</row2>
					<row3>	0.6782 0.8803 1.2184 1.0000	</row3>
				</transform>
			</node>
			<node>
				<identifier>	HP_FX_Fire_2_side_2	</identifier>
				<transform>
					<row0>	1.0000 0.0000 0.0000 0.0000	</row0>
					<row1>	0.0000 1.0000 0.0000 0.0000	</row1>
					<row2>	0.0000 0.0000 1.0000 0.0000	</row2>
					<row3>	-0.6694 0.5806 0.0066 1.0000	</row3>
				</transform>
			</node>
			<node>
				<identifier>	HP_FX_Fire_5	</identifier>
				<transform>
					<row0>	1.0000 0.0000 0.0000 0.0000	</row0>
					<row1>	0.0000 1.0000 0.0000 0.0000	</row1>
					<row2>	0.0000 0.0000 1.0000 0.0000	</row2>
					<row3>	0.0000 0.5407 0.0027 1.0000	</row3>
				</transform>
			</node>
			<node>
				<identifier>	HP_FX_FloodLight_left_1	</identifier>
				<transform>
					<row0>	-1.0000 0.0000 0.0000 0.0000	</row0>
					<row1>	0.0000 1.0000 0.0000 0.0000	</row1>
					<row2>	0.0000 0.0000 -1.0000 0.0000	</row2>
					<row3>	-0.5887 0.5217 1.1594 1.0000	</row3>
				</transform>
			</node>
			<node>
				<identifier>	HP_FX_FloodLight_right_2	</identifier>
				<transform>
					<row0>	1.0000 0.0000 0.0000 0.0000	</row0>
					<row1>	0.0000 1.0000 0.0000 0.0000	</row1>
					<row2>	0.0000 0.0000 1.0000 0.0000	</row2>
					<row3>	0.5887 0.5217 1.1594 1.0000	</row3>
				</transform>
			</node>
			<node>
				<identifier>	HP_FX_Flood_steam_1	</identifier>
				<transform>
					<row0>	1.0000 0.0000 0.0000 0.0000	</row0>
					<row1>	0.0000 0.9987 -0.0503 0.0000	</row1>
					<row2>	0.0000 0.0503 0.9987 0.0000	</row2>
					<row3>	0.0000 1.3673 0.1751 1.0000	</row3>
				</transform>
			</node>
			<node>
				<identifier>	HP_FX_Flood_steam_exhaust_1	</identifier>
				<transform>
					<row0>	1.0000 0.0000 0.0000 0.0000	</row0>
					<row1>	0.0000 0.9966 0.0824 0.0000	</row1>
					<row2>	0.0000 -0.0824 0.9966 0.0000	</row2>
					<row3>	0.0000 1.3603 -0.1509 1.0000	</row3>
				</transform>
			</node>
			<node>
				<identifier>	HP_FX_Flood_steam_exhaust_2	</identifier>
				<transform>
					<row0>	1.0000 0.0000 0.0000 0.0000	</row0>
					<row1>	0.0000 0.9971 0.0766 0.0000	</row1>
					<row2>	0.0000 -0.0766 0.9971 0.0000	</row2>
					<row3>	0.0000 1.3672 0.5126 1.0000	</row3>
				</transform>
			</node>
			<node>
				<identifier>	HP_FX_Flood_steam_left	</identifier>
				<transform>
					<row0>	-1.0000 0.0000 0.0000 0.0000	</row0>
					<row1>	0.0000 1.0000 0.0000 0.0000	</row1>
					<row2>	0.0000 0.0000 -1.0000 0.0000	</row2>
					<row3>	-0.5917 0.3358 2.3818 1.0000	</row3>
				</transform>
			</node>
			<node>
				<identifier>	HP_FX_Flood_water_left_2	</identifier>
				<transform>
					<row0>	-1.0000 0.0000 0.0000 0.0000	</row0>
					<row1>	0.0000 1.0000 0.0000 0.0000	</row1>
					<row2>	0.0000 0.0000 -1.0000 0.0000	</row2>
					<row3>	-0.6907 -0.0360 1.4393 1.0000	</row3>
				</transform>
			</node>
			<node>
				<identifier>	HP_FX_Flood_water_right_2	</identifier>
				<transform>
					<row0>	1.0000 0.0000 0.0000 0.0000	</row0>
					<row1>	0.0000 1.0000 0.0000 0.0000	</row1>
					<row2>	0.0000 0.0000 1.0000 0.0000	</row2>
					<row3>	0.6907 -0.0360 1.4393 1.0000	</row3>
				</transform>
			</node>
			<node>
				<identifier>	HP_FX_RepairLight_left_1	</identifier>
				<transform>
					<row0>	0.1004 0.0000 0.9950 0.0000	</row0>
					<row1>	0.0817 0.9966 -0.0082 0.0000	</row1>
					<row2>	-0.9916 0.0821 0.1000 0.0000	</row2>
					<row3>	-0.6349 0.3463 1.7598 1.0000	</row3>
				</transform>
			</node>
			<node>
				<identifier>	HP_FX_RepairLight_right_1	</identifier>
				<transform>
					<row0>	0.1434 0.0000 -0.9897 0.0000	</row0>
					<row1>	0.0198 0.9998 0.0029 0.0000	</row1>
					<row2>	0.9895 -0.0200 0.1434 0.0000	</row2>
					<row3>	0.5858 0.3551 2.1700 1.0000	</row3>
				</transform>
			</node>
			<node>
				<identifier>	HP_FX_Smoke_1	</identifier>
				<transform>
					<row0>	1.0000 0.0000 0.0000 0.0000	</row0>
					<row1>	0.0000 1.0000 0.0000 0.0000	</row1>
					<row2>	0.0000 0.0000 1.0000 0.0000	</row2>
					<row3>	0.0000 1.4444 0.3548 1.0000	</row3>
				</transform>
			</node>
			<node>
				<identifier>	HP_JF_1	</identifier>
				<transform>
					<row0>	0.9201 0.0000 0.3918 0.0000	</row0>
					<row1>	0.0000 1.0000 0.0000 0.0000	</row1>
					<row2>	-0.3918 0.0000 0.9201 0.0000	</row2>
					<row3>	-0.0890 0.9037 1.3651 1.0000	</row3>
				</transform>
			</node>
			<node>
				<identifier>	HP_JF_2	</identifier>
				<transform>
					<row0>	1.0000 0.0000 0.0000 0.0000	</row0>
					<row1>	0.0000 1.0000 0.0000 0.0000	</row1>
					<row2>	0.0000 0.0000 1.0000 0.0000	</row2>
					<row3>	0.0000 0.9336 1.1511 1.0000	</row3>
				</transform>
			</node>
			<node>
				<identifier>	HP_JGM_1	</identifier>
				<transform>
					<row0>	1.0000 0.0000 0.0000 0.0000	</row0>
					<row1>	0.0000 1.0000 0.0000 0.0000	</row1>
					<row2>	0.0000 0.0000 1.0000 0.0000	</row2>
					<row3>	0.0000 0.4732 1.8788 1.0000	</row3>
				</transform>
			</node>
			<node>
				<identifier>	HP_JGS_10	</identifier>
				<transform>
					<row0>	0.0000 0.0000 -1.0000 0.0000	</row0>
					<row1>	0.0000 1.0000 0.0000 0.0000	</row1>
					<row2>	1.0000 0.0000 0.0000 0.0000	</row2>
					<row3>	0.6529 0.5004 0.8105 1.0000	</row3>
				</transform>
			</node>
			<node>
				<identifier>	HP_JGS_11	</identifier>
				<transform>
					<row0>	0.8660 0.0000 0.5000 0.0000	</row0>
					<row1>	0.0000 1.0000 0.0000 0.0000	</row1>
					<row2>	-0.5000 0.0000 0.8660 0.0000	</row2>
					<row3>	-0.6711 0.2203 0.4613 1.0000	</row3>
				</transform>
			</node>
			<node>
				<identifier>	HP_JGS_12	</identifier>
				<transform>
					<row0>	0.8660 0.0000 -0.5000 0.0000	</row0>
					<row1>	0.0000 1.0000 0.0000 0.0000	</row1>
					<row2>	0.5000 0.0000 0.8660 0.0000	</row2>
					<row3>	0.6711 0.2203 0.4613 1.0000	</row3>
				</transform>
			</node>
			<node>
				<identifier>	HP_JGS_13	</identifier>
				<transform>
					<row0>	0.0000 0.0000 1.0000 0.0000	</row0>
					<row1>	0.0000 1.0000 0.0000 0.0000	</row1>
					<row2>	-1.0000 0.0000 0.0000 0.0000	</row2>
					<row3>	-0.6680 0.3519 0.3474 1.0000	</row3>
				</transform>
			</node>
			<node>
				<identifier>	HP_JGS_14	</identifier>
				<transform>
					<row0>	0.0000 0.0000 -1.0000 0.0000	</row0>
					<row1>	0.0000 1.0000 0.0000 0.0000	</row1>
					<row2>	1.0000 0.0000 0.0000 0.0000	</row2>
					<row3>	0.6680 0.3519 0.3474 1.0000	</row3>
				</transform>
			</node>
			<node>
				<identifier>	HP_JGS_15	</identifier>
				<transform>
					<row0>	0.0000 0.0000 1.0000 0.0000	</row0>
					<row1>	0.0000 1.0000 0.0000 0.0000	</row1>
					<row2>	-1.0000 0.0000 0.0000 0.0000	</row2>
					<row3>	-0.6738 0.3505 0.0165 1.0000	</row3>
				</transform>
			</node>
			<node>
				<identifier>	HP_JGS_16	</identifier>
				<transform>
					<row0>	0.0000 0.0000 -1.0000 0.0000	</row0>
					<row1>	0.0000 1.0000 0.0000 0.0000	</row1>
					<row2>	1.0000 0.0000 0.0000 0.0000	</row2>
					<row3>	0.6738 0.3505 0.0165 1.0000	</row3>
				</transform>
			</node>
			<node>
				<identifier>	HP_JGS_3	</identifier>
				<transform>
					<row0>	0.7071 0.0000 0.7071 0.0000	</row0>
					<row1>	0.0000 1.0000 0.0000 0.0000	</row1>
					<row2>	-0.7071 0.0000 0.7071 0.0000	</row2>
					<row3>	-0.4500 0.5812 1.3529 1.0000	</row3>
				</transform>
			</node>
			<node>
				<identifier>	HP_JGS_4	</identifier>
				<transform>
					<row0>	0.7071 0.0000 -0.7071 0.0000	</row0>
					<row1>	0.0000 1.0000 0.0000 0.0000	</row1>
					<row2>	0.7071 0.0000 0.7071 0.0000	</row2>
					<row3>	0.4497 0.5812 1.3526 1.0000	</row3>
				</transform>
			</node>
			<node>
				<identifier>	HP_JGS_5	</identifier>
				<transform>
					<row0>	0.9848 0.0000 0.1736 0.0000	</row0>
					<row1>	0.0000 1.0000 0.0000 0.0000	</row1>
					<row2>	-0.1736 0.0000 0.9848 0.0000	</row2>
					<row3>	-0.6957 0.2248 1.2632 1.0000	</row3>
				</transform>
			</node>
			<node>
				<identifier>	HP_JGS_6	</identifier>
				<transform>
					<row0>	0.9848 0.0000 -0.1736 0.0000	</row0>
					<row1>	0.0000 1.0000 0.0000 0.0000	</row1>
					<row2>	0.1736 0.0000 0.9848 0.0000	</row2>
					<row3>	0.6957 0.2248 1.2632 1.0000	</row3>
				</transform>
			</node>
			<node>
				<identifier>	HP_JGS_7	</identifier>
				<transform>
					<row0>	1.0000 0.0000 0.0000 0.0000	</row0>
					<row1>	0.0000 1.0000 0.0000 0.0000	</row1>
					<row2>	0.0000 0.0000 1.0000 0.0000	</row2>
					<row3>	-0.6265 0.3771 0.8397 1.0000	</row3>
				</transform>
			</node>
			<node>
				<identifier>	HP_JGS_8	</identifier>
				<transform>
					<row0>	1.0000 0.0000 0.0000 0.0000	</row0>
					<row1>	0.0000 1.0000 0.0000 0.0000	</row1>
					<row2>	0.0000 0.0000 1.0000 0.0000	</row2>
					<row3>	0.6265 0.3771 0.8397 1.0000	</row3>
				</transform>
			</node>
			<node>
				<identifier>	HP_JGS_9	</identifier>
				<transform>
					<row0>	0.0000 0.0000 1.0000 0.0000	</row0>
					<row1>	0.0000 1.0000 0.0000 0.0000	</row1>
					<row2>	-1.0000 0.0000 0.0000 0.0000	</row2>
					<row3>	-0.6516 0.5004 0.8105 1.0000	</row3>
				</transform>
			</node>
			<node>
				<identifier>	HP_flag_1	</identifier>
				<transform>
					<row0>	1.0000 0.0083 -0.0020 0.0000	</row0>
					<row1>	-0.0084 0.9922 -0.1242 0.0000	</row1>
					<row2>	0.0010 0.1242 0.9923 0.0000	</row2>
					<row3>	0.6369 2.2008 0.9902 1.0000	</row3>
				</transform>
			</node>
			<node>
				<identifier>	HP_flag_2	</identifier>
				<transform>
					<row0>	0.9999 -0.0098 -0.0100 0.0000	</row0>
					<row1>	0.0084 0.9922 -0.1242 0.0000	</row1>
					<row2>	0.0111 0.1241 0.9922 0.0000	</row2>
					<row3>	-0.6357 2.2008 0.9902 1.0000	</row3>
				</transform>
			</node>
			<node>
				<identifier>	HP_flag_3	</identifier>
				<transform>
					<row0>	0.9998 0.0197 0.0031 0.0000	</row0>
					<row1>	-0.0191 0.9921 -0.1241 0.0000	</row1>
					<row2>	-0.0055 0.1241 0.9923 0.0000	</row2>
					<row3>	0.4917 2.2008 0.9901 1.0000	</row3>
				</transform>
			</node>
			<node>
				<identifier>	HP_flag_4	</identifier>
				<transform>
					<row0>	0.9997 -0.0172 0.0163 0.0000	</row0>
					<row1>	0.0191 0.9921 -0.1241 0.0000	</row1>
					<row2>	-0.0140 0.1244 0.9921 0.0000	</row2>
					<row3>	-0.4929 2.2007 0.9902 1.0000	</row3>
				</transform>
			</node>
			<node>
				<identifier>	MP_CM011_Fire_Fighting_Gear	</identifier>
				<transform>
					<row0>	0.0000 0.0000 -1.0000 0.0000	</row0>
					<row1>	0.0000 1.0000 0.0000 0.0000	</row1>
					<row2>	1.0000 0.0000 0.0000 0.0000	</row2>
					<row3>	-0.3458 0.3641 2.0182 1.0000	</row3>
				</transform>
			</node>
			<node>
				<identifier>	MP_CM011_Fire_Fighting_Gear_INDEX_1	</identifier>
				<transform>
					<row0>	1.0000 0.0000 0.0000 0.0000	</row0>
					<row1>	0.0000 1.0000 0.0000 0.0000	</row1>
					<row2>	0.0000 0.0000 1.0000 0.0000	</row2>
					<row3>	-0.4097 0.3402 0.5045 1.0000	</row3>
				</transform>
			</node>
			<node>
				<identifier>	MP_CM011_Fire_Fighting_Gear_INDEX_2	</identifier>
				<transform>
					<row0>	0.0000 0.0000 1.0000 0.0000	</row0>
					<row1>	0.0000 1.0000 0.0000 0.0000	</row1>
					<row2>	-1.0000 0.0000 0.0000 0.0000	</row2>
					<row3>	0.3458 0.3641 2.0182 1.0000	</row3>
				</transform>
			</node>
			<node>
				<identifier>	MP_CM011_Fire_Fighting_Gear_INDEX_3	</identifier>
				<transform>
					<row0>	1.0000 0.0000 0.0000 0.0000	</row0>
					<row1>	0.0000 1.0000 0.0000 0.0000	</row1>
					<row2>	0.0000 0.0000 1.0000 0.0000	</row2>
					<row3>	0.4097 0.3402 0.5045 1.0000	</row3>
				</transform>
			</node>
			<node>
				<identifier>	MP_CM012_Fire_Hose_Rack_1	</identifier>
				<transform>
					<row0>	-0.9592 0.0000 -0.2826 0.0000	</row0>
					<row1>	0.0000 1.0000 0.0000 0.0000	</row1>
					<row2>	0.2826 0.0000 -0.9592 0.0000	</row2>
					<row3>	0.3485 0.4132 1.9826 1.0000	</row3>
				</transform>
			</node>
			<node>
				<identifier>	MP_CM012_Fire_Hose_Rack_1_INDEX_1	</identifier>
				<transform>
					<row0>	0.9592 0.0000 -0.2826 0.0000	</row0>
					<row1>	0.0000 1.0000 0.0000 0.0000	</row1>
					<row2>	0.2826 0.0000 0.9592 0.0000	</row2>
					<row3>	-0.3485 0.4132 1.9826 1.0000	</row3>
				</transform>
			</node>
			<node>
				<identifier>	MP_CM012_Fire_Hose_Rack_1_INDEX_2	</identifier>
				<transform>
					<row0>	0.0000 0.0000 1.0000 0.0000	</row0>
					<row1>	0.0000 1.0000 0.0000 0.0000	</row1>
					<row2>	-1.0000 0.0000 0.0000 0.0000	</row2>
					<row3>	-0.4373 0.3942 0.5150 1.0000	</row3>
				</transform>
			</node>
			<node>
				<identifier>	MP_CM012_Fire_Hose_Rack_1_INDEX_3	</identifier>
				<transform>
					<row0>	0.0000 0.0000 1.0000 0.0000	</row0>
					<row1>	0.0000 1.0000 0.0000 0.0000	</row1>
					<row2>	-1.0000 0.0000 0.0000 0.0000	</row2>
					<row3>	0.4373 0.3942 0.5150 1.0000	</row3>
				</transform>
			</node>
			<node>
				<identifier>	MP_CM023_Accommodation_Ladder_Closed	</identifier>
				<transform>
					<row0>	0.9925 0.0000 0.1225 0.0000	</row0>
					<row1>	0.0023 0.9998 -0.0185 0.0000	</row1>
					<row2>	-0.1225 0.0186 0.9923 0.0000	</row2>
					<row3>	0.4784 0.3697 2.2301 1.0000	</row3>
				</transform>
			</node>
			<node>
				<identifier>	MP_CM030_Swab_Rack_2	</identifier>
				<transform>
					<row0>	-1.0000 0.0000 0.0000 0.0000	</row0>
					<row1>	0.0000 1.0000 0.0000 0.0000	</row1>
					<row2>	0.0000 0.0000 -1.0000 0.0000	</row2>
					<row3>	0.3918 0.3382 1.0913 1.0000	</row3>
				</transform>
			</node>
			<node>
				<identifier>	MP_CM030_Swab_Rack_2_INDEX_1	</identifier>
				<transform>
					<row0>	-1.0000 0.0000 0.0000 0.0000	</row0>
					<row1>	0.0000 1.0000 0.0000 0.0000	</row1>
					<row2>	0.0000 0.0000 -1.0000 0.0000	</row2>
					<row3>	-0.3918 0.3382 1.0913 1.0000	</row3>
				</transform>
			</node>
			<node>
				<identifier>	MP_CM035_Accommodation_Ladder_Closed_L	</identifier>
				<transform>
					<row0>	0.9925 0.0000 -0.1225 0.0000	</row0>
					<row1>	-0.0023 0.9998 -0.0185 0.0000	</row1>
					<row2>	0.1225 0.0186 0.9923 0.0000	</row2>
					<row3>	-0.4784 0.3697 2.2301 1.0000	</row3>
				</transform>
			</node>
			<node>
				<identifier>	MP_CM052_Fender	</identifier>
				<transform>
					<row0>	0.5970 0.0000 0.0000 0.0000	</row0>
					<row1>	0.0000 0.5970 0.0000 0.0000	</row1>
					<row2>	0.0000 0.0000 0.5970 0.0000	</row2>
					<row3>	0.3952 0.3533 1.4426 1.0000	</row3>
				</transform>
			</node>
			<node>
				<identifier>	MP_CM060_Flag_Box	</identifier>
				<transform>
					<row0>	1.0000 0.0000 0.0000 0.0000	</row0>
					<row1>	0.0000 1.0000 0.0000 0.0000	</row1>
					<row2>	0.0000 0.0000 1.0000 0.0000	</row2>
					<row3>	0.5846 0.7813 1.1653 1.0000	</row3>
				</transform>
			</node>
			<node>
				<identifier>	MP_CM060_Flag_Box_INDEX_1	</identifier>
				<transform>
					<row0>	-1.0000 0.0000 0.0000 0.0000	</row0>
					<row1>	0.0000 1.0000 0.0000 0.0000	</row1>
					<row2>	0.0000 0.0000 -1.0000 0.0000	</row2>
					<row3>	0.4968 0.7813 1.2821 1.0000	</row3>
				</transform>
			</node>
			<node>
				<identifier>	MP_CM060_Flag_Box_INDEX_2	</identifier>
				<transform>
					<row0>	-1.0000 0.0000 0.0000 0.0000	</row0>
					<row1>	0.0000 1.0000 0.0000 0.0000	</row1>
					<row2>	0.0000 0.0000 -1.0000 0.0000	</row2>
					<row3>	-0.4962 0.7813 1.2823 1.0000	</row3>
				</transform>
			</node>
			<node>
				<identifier>	MP_CM060_Flag_Box_INDEX_3	</identifier>
				<transform>
					<row0>	1.0000 0.0000 0.0000 0.0000	</row0>
					<row1>	0.0000 1.0000 0.0000 0.0000	</row1>
					<row2>	0.0000 0.0000 1.0000 0.0000	</row2>
					<row3>	-0.5853 0.7813 1.1651 1.0000	</row3>
				</transform>
			</node>
			<node>
				<identifier>	MP_CM061_Barrel	</identifier>
				<transform>
					<row0>	0.6120 0.0000 0.7909 0.0000	</row0>
					<row1>	0.0000 1.0000 0.0000 0.0000	</row1>
					<row2>	-0.7909 0.0000 0.6120 0.0000	</row2>
					<row3>	0.1635 0.7484 1.3529 1.0000	</row3>
				</transform>
			</node>
			<node>
				<identifier>	MP_CM061_Barrel_INDEX_1	</identifier>
				<transform>
					<row0>	1.6959 0.0000 0.0000 0.0000	</row0>
					<row1>	0.0000 1.6959 0.0000 0.0000	</row1>
					<row2>	0.0000 0.0000 1.6959 0.0000	</row2>
					<row3>	0.1554 0.7484 1.3175 1.0000	</row3>
				</transform>
			</node>
			<node>
				<identifier>	MP_CM076_Fender	</identifier>
				<transform>
					<row0>	-0.3405 0.0460 0.5069 0.0000	</row0>
					<row1>	0.5086 0.0071 0.3410 0.0000	</row1>
					<row2>	0.0197 0.6106 -0.0421 0.0000	</row2>
					<row3>	-0.3855 0.3699 1.4492 1.0000	</row3>
				</transform>
			</node>
			<node>
				<identifier>	MP_CM081_Life_Buoy	</identifier>
				<transform>
					<row0>	0.0000 0.0000 1.0000 0.0000	</row0>
					<row1>	0.0000 1.0000 0.0000 0.0000	</row1>
					<row2>	-1.0000 0.0000 0.0000 0.0000	</row2>
					<row3>	0.7299 0.8244 1.1864 1.0000	</row3>
				</transform>
			</node>
			<node>
				<identifier>	MP_CM081_Life_Buoy_INDEX_1	</identifier>
				<transform>
					<row0>	0.0000 0.0000 -1.0000 0.0000	</row0>
					<row1>	0.0000 1.0000 0.0000 0.0000	</row1>
					<row2>	1.0000 0.0000 0.0000 0.0000	</row2>
					<row3>	-0.7299 0.8244 1.1864 1.0000	</row3>
				</transform>
			</node>
			<node>
				<identifier>	MP_CM083_Mast_Sailing	</identifier>
				<transform>
					<row0>	0.8105 0.0000 0.0000 0.0000	</row0>
					<row1>	0.0000 0.8105 0.0000 0.0000	</row1>
					<row2>	0.0000 0.0000 0.8105 0.0000	</row2>
					<row3>	-0.5374 0.5513 0.5386 1.0000	</row3>
				</transform>
			</node>
			<node>
				<identifier>	MP_CM083_Mast_Sailing_INDEX_1	</identifier>
				<transform>
					<row0>	0.7854 0.0000 -0.1375 0.0000	</row0>
					<row1>	0.0000 0.7974 0.0001 0.0000	</row1>
					<row2>	0.1375 -0.0001 0.7854 0.0000	</row2>
					<row3>	0.5916 0.5516 0.5442 1.0000	</row3>
				</transform>
			</node>
			<node>
				<identifier>	MP_CM083_Mast_Sailing_INDEX_2	</identifier>
				<transform>
					<row0>	0.8120 0.0000 0.0482 0.0000	</row0>
					<row1>	0.0008 0.8133 -0.0131 0.0000	</row1>
					<row2>	-0.0482 0.0131 0.8119 0.0000	</row2>
					<row3>	0.3460 0.5434 0.8526 1.0000	</row3>
				</transform>
			</node>
			<node>
				<identifier>	MP_CM084_Oars	</identifier>
				<transform>
					<row0>	0.9985 0.0000 0.0544 0.0000	</row0>
					<row1>	0.0000 1.0000 0.0000 0.0000	</row1>
					<row2>	-0.0544 0.0000 0.9985 0.0000	</row2>
					<row3>	0.3566 0.5511 0.1044 1.0000	</row3>
				</transform>
			</node>
			<node>
				<identifier>	MP_CM084_Oars_INDEX_1	</identifier>
				<transform>
					<row0>	0.9971 0.0000 0.0764 0.0000	</row0>
					<row1>	0.0000 1.0000 0.0000 0.0000	</row1>
					<row2>	-0.0764 0.0000 0.9971 0.0000	</row2>
					<row3>	-0.3537 0.5271 0.6003 1.0000	</row3>
				</transform>
			</node>
			<node>
				<identifier>	MP_CM084_Oars_INDEX_2	</identifier>
				<transform>
					<row0>	0.9921 0.0000 -0.1252 0.0000	</row0>
					<row1>	0.0000 1.0000 0.0000 0.0000	</row1>
					<row2>	0.1252 0.0000 0.9921 0.0000	</row2>
					<row3>	-0.3544 0.5517 0.0216 1.0000	</row3>
				</transform>
			</node>
			<node>
				<identifier>	MP_CM091_Semaphore	</identifier>
				<transform>
					<row0>	-0.9047 0.0000 0.0000 0.0000	</row0>
					<row1>	0.0000 0.9047 0.0000 0.0000	</row1>
					<row2>	0.0000 0.0000 -0.9047 0.0000	</row2>
					<row3>	-0.6375 0.7505 1.2861 1.0000	</row3>
				</transform>
			</node>
			<node>
				<identifier>	MP_CM092_Siren	</identifier>
				<transform>
					<row0>	0.7071 0.0000 -0.7071 0.0000	</row0>
					<row1>	0.0000 1.0000 0.0000 0.0000	</row1>
					<row2>	0.7071 0.0000 0.7071 0.0000	</row2>
					<row3>	0.1452 0.8908 0.5069 1.0000	</row3>
				</transform>
			</node>
			<node>
				<identifier>	MP_CM092_Siren_INDEX_1	</identifier>
				<transform>
					<row0>	0.7071 0.0000 0.7071 0.0000	</row0>
					<row1>	0.0000 1.0000 0.0000 0.0000	</row1>
					<row2>	-0.7071 0.0000 0.7071 0.0000	</row2>
					<row3>	-0.1452 0.8908 0.5069 1.0000	</row3>
				</transform>
			</node>
			<node>
				<identifier>	MP_CM099_Compass_Binnacle	</identifier>
				<transform>
					<row0>	-1.0000 0.0000 0.0000 0.0000	</row0>
					<row1>	0.0000 1.0000 0.0000 0.0000	</row1>
					<row2>	0.0000 0.0000 -1.0000 0.0000	</row2>
					<row3>	0.0000 0.9029 1.3390 1.0000	</row3>
				</transform>
			</node>
			<node>
				<identifier>	MP_CM100_Searchlight	</identifier>
				<transform>
					<row0>	0.0000 0.0000 -1.0000 0.0000	</row0>
					<row1>	0.0000 1.0000 0.0000 0.0000	</row1>
					<row2>	1.0000 0.0000 0.0000 0.0000	</row2>
					<row3>	0.6881 0.7541 1.2209 1.0000	</row3>
				</transform>
			</node>
			<node>
				<identifier>	MP_CM100_Searchlight_INDEX_1	</identifier>
				<transform>
					<row0>	0.0000 0.0000 1.0000 0.0000	</row0>
					<row1>	0.0000 1.0000 0.0000 0.0000	</row1>
					<row2>	-1.0000 0.0000 0.0000 0.0000	</row2>
					<row3>	-0.6881 0.7541 1.2209 1.0000	</row3>
				</transform>
			</node>
			<node>
				<identifier>	MP_CM100_Searchlight_INDEX_2	</identifier>
				<transform>
					<row0>	1.0000 0.0000 0.0000 0.0000	</row0>
					<row1>	0.0000 1.0000 0.0000 0.0000	</row1>
					<row2>	0.0000 0.0000 1.0000 0.0000	</row2>
					<row3>	0.0000 1.9172 1.0299 1.0000	</row3>
				</transform>
			</node>
			<node>
				<identifier>	MP_CM101_Telescope	</identifier>
				<transform>
					<row0>	0.9900 0.0000 -0.1409 0.0000	</row0>
					<row1>	0.0000 1.0000 0.0000 0.0000	</row1>
					<row2>	0.1409 0.0000 0.9900 0.0000	</row2>
					<row3>	0.1022 0.9042 1.3780 1.0000	</row3>
				</transform>
			</node>
			<node>
				<identifier>	MP_CM105_3pdr_47mm_Mark1_White	</identifier>
				<transform>
					<row0>	0.0000 0.0000 1.0000 0.0000	</row0>
					<row1>	0.0000 1.0000 0.0000 0.0000	</row1>
					<row2>	-1.0000 0.0000 0.0000 0.0000	</row2>
					<row3>	-0.6721 0.4912 -0.0098 1.0000	</row3>
				</transform>
			</node>
			<node>
				<identifier>	MP_CM105_3pdr_47mm_Mark1_White_INDEX_1	</identifier>
				<transform>
					<row0>	0.0000 0.0000 -1.0000 0.0000	</row0>
					<row1>	0.0000 1.0000 0.0000 0.0000	</row1>
					<row2>	1.0000 0.0000 0.0000 0.0000	</row2>
					<row3>	0.6721 0.4913 -0.0098 1.0000	</row3>
				</transform>
			</node>
			<node>
				<identifier>	MP_CM106_3pdr_47mm_Mark1_Black	</identifier>
				<transform>
					<row0>	-0.7071 0.0000 0.7071 0.0000	</row0>
					<row1>	0.0000 1.0000 0.0000 0.0000	</row1>
					<row2>	-0.7071 0.0000 -0.7071 0.0000	</row2>
					<row3>	-0.0818 1.1750 0.8071 1.0000	</row3>
				</transform>
			</node>
			<node>
				<identifier>	MP_CM106_3pdr_47mm_Mark1_Black_INDEX_1	</identifier>
				<transform>
					<row0>	0.7071 0.0000 -0.7071 0.0000	</row0>
					<row1>	0.0000 1.0000 0.0000 0.0000	</row1>
					<row2>	0.7071 0.0000 0.7071 0.0000	</row2>
					<row3>	0.0818 1.1750 0.9707 1.0000	</row3>
				</transform>
			</node>
			<node>
				<identifier>	MP_CM106_3pdr_47mm_Mark1_Black_INDEX_2	</identifier>
				<transform>
					<row0>	0.7071 0.0000 0.7071 0.0000	</row0>
					<row1>	0.0000 1.0000 0.0000 0.0000	</row1>
					<row2>	-0.7071 0.0000 0.7071 0.0000	</row2>
					<row3>	-0.0818 1.1750 0.9707 1.0000	</row3>
				</transform>
			</node>
			<node>
				<identifier>	MP_CM106_3pdr_47mm_Mark1_Black_INDEX_3	</identifier>
				<transform>
					<row0>	-0.7071 0.0000 -0.7071 0.0000	</row0>
					<row1>	0.0000 1.0000 0.0000 0.0000	</row1>
					<row2>	0.7071 0.0000 -0.7071 0.0000	</row2>
					<row3>	0.0818 1.1750 0.8071 1.0000	</row3>
				</transform>
			</node>
			<node>
				<identifier>	MP_JM029_Leadsman_Platform	</identifier>
				<transform>
					<row0>	0.0614 -0.9981 0.0000 0.0000	</row0>
					<row1>	0.9981 0.0614 0.0000 0.0000	</row1>
					<row2>	0.0000 0.0000 1.0000 0.0000	</row2>
					<row3>	0.7283 0.7530 1.2610 1.0000	</row3>
				</transform>
			</node>
			<node>
				<identifier>	MP_JM029_Leadsman_Platform_INDEX_1	</identifier>
				<transform>
					<row0>	-0.0614 -0.9981 0.0000 0.0000	</row0>
					<row1>	-0.9981 0.0614 0.0000 0.0000	</row1>
					<row2>	0.0000 0.0000 -1.0000 0.0000	</row2>
					<row3>	-0.7283 0.7530 1.2610 1.0000	</row3>
				</transform>
			</node>
			<node>
				<identifier>	MP_JM184_Dial_Plate	</identifier>
				<transform>
					<row0>	-0.6257 0.0000 0.0000 0.0000	</row0>
					<row1>	0.0000 0.6257 0.0000 0.0000	</row1>
					<row2>	0.0000 0.0000 -0.6257 0.0000	</row2>
					<row3>	0.3270 0.6104 0.9311 1.0000	</row3>
				</transform>
			</node>
			<node>
				<identifier>	MP_JM288_Whaler_8_2m_27ft_White	</identifier>
				<transform>
					<row0>	1.0000 0.0000 0.0000 0.0000	</row0>
					<row1>	0.0000 1.0000 0.0000 0.0000	</row1>
					<row2>	0.0000 0.0000 1.0000 0.0000	</row2>
					<row3>	0.3473 0.5005 0.6414 1.0000	</row3>
				</transform>
			</node>
			<node>
				<identifier>	MP_JM320_Reels_White	</identifier>
				<transform>
					<row0>	-1.0000 0.0000 0.0000 0.0000	</row0>
					<row1>	0.0000 0.0000 1.0000 0.0000	</row1>
					<row2>	0.0000 1.0000 0.0000 0.0000	</row2>
					<row3>	0.3885 0.4705 1.4199 1.0000	</row3>
				</transform>
			</node>
			<node>
				<identifier>	MP_JM320_Reels_White_INDEX_1	</identifier>
				<transform>
					<row0>	1.0000 0.0000 0.0000 0.0000	</row0>
					<row1>	0.0000 1.0000 0.0000 0.0000	</row1>
					<row2>	0.0000 0.0000 1.0000 0.0000	</row2>
					<row3>	-0.1443 0.3675 2.2945 1.0000	</row3>
				</transform>
			</node>
			<node>
				<identifier>	MP_JM321_Board_Crane_White	</identifier>
				<transform>
					<row0>	0.9965 -0.0021 -0.0842 0.0000	</row0>
					<row1>	0.0000 0.9997 -0.0246 0.0000	</row1>
					<row2>	0.0842 0.0245 0.9961 0.0000	</row2>
					<row3>	-0.6164 0.3532 1.3238 1.0000	</row3>
				</transform>
			</node>
			<node>
				<identifier>	MP_JM321_Board_Crane_White_INDEX_1	</identifier>
				<transform>
					<row0>	0.9965 0.0021 0.0842 0.0000	</row0>
					<row1>	0.0000 0.9997 -0.0246 0.0000	</row1>
					<row2>	-0.0842 0.0245 0.9961 0.0000	</row2>
					<row3>	0.6152 0.3532 1.3238 1.0000	</row3>
				</transform>
			</node>
			<node>
				<identifier>	MP_JM325_Ventilation_White	</identifier>
				<transform>
					<row0>	0.4635 0.0000 -0.8861 0.0000	</row0>
					<row1>	0.0000 1.0000 0.0000 0.0000	</row1>
					<row2>	0.8861 0.0000 0.4635 0.0000	</row2>
					<row3>	-0.4329 0.3511 1.4876 1.0000	</row3>
				</transform>
			</node>
			<node>
				<identifier>	MP_JM325_Ventilation_White_INDEX_1	</identifier>
				<transform>
					<row0>	0.0000 0.0000 -1.0000 0.0000	</row0>
					<row1>	0.0000 1.0000 0.0000 0.0000	</row1>
					<row2>	1.0000 0.0000 0.0000 0.0000	</row2>
					<row3>	-0.3203 0.3460 2.1773 1.0000	</row3>
				</transform>
			</node>
			<node>
				<identifier>	MP_JM325_Ventilation_White_INDEX_2	</identifier>
				<transform>
					<row0>	0.0000 0.0000 1.1983 0.0000	</row0>
					<row1>	0.0000 1.1983 0.0000 0.0000	</row1>
					<row2>	-1.1983 0.0000 0.0000 0.0000	</row2>
					<row3>	-0.1548 0.5716 1.3352 1.0000	</row3>
				</transform>
			</node>
			<node>
				<identifier>	MP_JM325_Ventilation_White_INDEX_3	</identifier>
				<transform>
					<row0>	0.0000 0.0000 -1.1983 0.0000	</row0>
					<row1>	0.0000 1.1983 0.0000 0.0000	</row1>
					<row2>	1.1983 0.0000 0.0000 0.0000	</row2>
					<row3>	0.1548 0.5716 1.3352 1.0000	</row3>
				</transform>
			</node>
			<node>
				<identifier>	MP_JM325_Ventilation_White_INDEX_4	</identifier>
				<transform>
					<row0>	0.0000 0.0000 1.0000 0.0000	</row0>
					<row1>	0.0000 1.0000 0.0000 0.0000	</row1>
					<row2>	-1.0000 0.0000 0.0000 0.0000	</row2>
					<row3>	0.3217 0.3460 2.1840 1.0000	</row3>
				</transform>
			</node>
			<node>
				<identifier>	MP_JM326_Deck_Hatch_White	</identifier>
				<transform>
					<row0>	-1.0000 0.0000 0.0000 0.0000	</row0>
					<row1>	0.0000 1.0000 0.0000 0.0000	</row1>
					<row2>	0.0000 0.0000 -1.0000 0.0000	</row2>
					<row3>	-0.0433 0.3397 0.5489 1.0000	</row3>
				</transform>
			</node>
			<node>
				<identifier>	MP_JM326_Deck_Hatch_White_INDEX_1	</identifier>
				<transform>
					<row0>	-1.0000 0.0000 0.0000 0.0000	</row0>
					<row1>	0.0000 1.0000 0.0000 0.0000	</row1>
					<row2>	0.0000 0.0000 -1.0000 0.0000	</row2>
					<row3>	-0.2447 0.3397 0.6510 1.0000	</row3>
				</transform>
			</node>
			<node>
				<identifier>	MP_JM326_Deck_Hatch_White_INDEX_2	</identifier>
				<transform>
					<row0>	0.0000 0.0000 -1.0000 0.0000	</row0>
					<row1>	0.0000 1.0000 0.0000 0.0000	</row1>
					<row2>	1.0000 0.0000 0.0000 0.0000	</row2>
					<row3>	-0.2037 0.3436 1.0110 1.0000	</row3>
				</transform>
			</node>
			<node>
				<identifier>	MP_JM326_Deck_Hatch_White_INDEX_3	</identifier>
				<transform>
					<row0>	-1.0000 0.0000 0.0000 0.0000	</row0>
					<row1>	0.0000 1.0000 0.0000 0.0000	</row1>
					<row2>	0.0000 0.0000 -1.0000 0.0000	</row2>
					<row3>	0.0433 0.3397 0.5489 1.0000	</row3>
				</transform>
			</node>
			<node>
				<identifier>	MP_JM326_Deck_Hatch_White_INDEX_4	</identifier>
				<transform>
					<row0>	0.0000 0.0000 1.0000 0.0000	</row0>
					<row1>	0.0000 1.0000 0.0000 0.0000	</row1>
					<row2>	-1.0000 0.0000 0.0000 0.0000	</row2>
					<row3>	0.2036 0.3436 1.0110 1.0000	</row3>
				</transform>
			</node>
			<node>
				<identifier>	MP_JM326_Deck_Hatch_White_INDEX_5	</identifier>
				<transform>
					<row0>	-1.0000 0.0000 0.0000 0.0000	</row0>
					<row1>	0.0000 1.0000 0.0000 0.0000	</row1>
					<row2>	0.0000 0.0000 -1.0000 0.0000	</row2>
					<row3>	-0.1334 0.3504 1.4471 1.0000	</row3>
				</transform>
			</node>
			<node>
				<identifier>	MP_JM326_Deck_Hatch_White_INDEX_6	</identifier>
				<transform>
					<row0>	-1.0000 0.0000 0.0000 0.0000	</row0>
					<row1>	0.0000 1.0000 0.0000 0.0000	</row1>
					<row2>	0.0000 0.0000 -1.0000 0.0000	</row2>
					<row3>	0.2447 0.3397 0.6510 1.0000	</row3>
				</transform>
			</node>
			<node>
				<identifier>	MP_JM326_Deck_Hatch_White_INDEX_7	</identifier>
				<transform>
					<row0>	-1.0000 0.0000 0.0000 0.0000	</row0>
					<row1>	0.0000 1.0000 0.0000 0.0000	</row1>
					<row2>	0.0000 0.0000 -1.0000 0.0000	</row2>
					<row3>	0.1334 0.3504 1.4471 1.0000	</row3>
				</transform>
			</node>
			<node>
				<identifier>	MP_JM328_Deck_Hatch_White	</identifier>
				<transform>
					<row0>	0.0000 0.0000 -0.7590 0.0000	</row0>
					<row1>	0.0000 0.7590 0.0000 0.0000	</row1>
					<row2>	0.7590 0.0000 0.0000 0.0000	</row2>
					<row3>	-0.2637 0.3729 2.4981 1.0000	</row3>
				</transform>
			</node>
			<node>
				<identifier>	MP_JM330_Deck_Hatch_White	</identifier>
				<transform>
					<row0>	0.0000 0.0000 1.0000 0.0000	</row0>
					<row1>	0.0000 1.0000 0.0000 0.0000	</row1>
					<row2>	-1.0000 0.0000 0.0000 0.0000	</row2>
					<row3>	-0.2203 0.3370 0.3046 1.0000	</row3>
				</transform>
			</node>
			<node>
				<identifier>	MP_JM330_Deck_Hatch_White_INDEX_1	</identifier>
				<transform>
					<row0>	0.0000 0.0000 1.0000 0.0000	</row0>
					<row1>	0.0000 1.0000 0.0000 0.0000	</row1>
					<row2>	-1.0000 0.0000 0.0000 0.0000	</row2>
					<row3>	0.2283 0.3435 1.1520 1.0000	</row3>
				</transform>
			</node>
			<node>
				<identifier>	MP_JM330_Deck_Hatch_White_INDEX_2	</identifier>
				<transform>
					<row0>	0.0000 0.0000 1.0000 0.0000	</row0>
					<row1>	0.0000 1.0000 0.0000 0.0000	</row1>
					<row2>	-1.0000 0.0000 0.0000 0.0000	</row2>
					<row3>	0.2203 0.3370 0.3046 1.0000	</row3>
				</transform>
			</node>
			<node>
				<identifier>	MP_JM330_Deck_Hatch_White_INDEX_3	</identifier>
				<transform>
					<row0>	0.0000 0.0000 1.0000 0.0000	</row0>
					<row1>	0.0000 1.0000 0.0000 0.0000	</row1>
					<row2>	-1.0000 0.0000 0.0000 0.0000	</row2>
					<row3>	-0.2283 0.3435 1.1520 1.0000	</row3>
				</transform>
			</node>
			<node>
				<identifier>	MP_JM331_Deck_Hatch_White	</identifier>
				<transform>
					<row0>	0.6877 0.0000 -0.7260 0.0000	</row0>
					<row1>	0.0000 1.0000 0.0000 0.0000	</row1>
					<row2>	0.7260 0.0000 0.6877 0.0000	</row2>
					<row3>	0.6305 0.4948 0.8879 1.0000	</row3>
				</transform>
			</node>
			<node>
				<identifier>	MP_JM331_Deck_Hatch_White_INDEX_1	</identifier>
				<transform>
					<row0>	0.0207 0.0000 0.9998 0.0000	</row0>
					<row1>	0.0000 1.0000 0.0000 0.0000	</row1>
					<row2>	-0.9998 0.0000 0.0207 0.0000	</row2>
					<row3>	-0.6983 0.4897 0.0603 1.0000	</row3>
				</transform>
			</node>
			<node>
				<identifier>	MP_JM331_Deck_Hatch_White_INDEX_2	</identifier>
				<transform>
					<row0>	0.0207 0.0000 -0.9998 0.0000	</row0>
					<row1>	0.0000 1.0000 0.0000 0.0000	</row1>
					<row2>	0.9998 0.0000 0.0207 0.0000	</row2>
					<row3>	0.6983 0.4897 0.0603 1.0000	</row3>
				</transform>
			</node>
			<node>
				<identifier>	MP_JM331_Deck_Hatch_White_INDEX_3	</identifier>
				<transform>
					<row0>	0.0309 0.0000 0.9995 0.0000	</row0>
					<row1>	0.0000 1.0000 0.0000 0.0000	</row1>
					<row2>	-0.9995 0.0000 0.0309 0.0000	</row2>
					<row3>	-0.5536 0.3399 0.4209 1.0000	</row3>
				</transform>
			</node>
			<node>
				<identifier>	MP_JM331_Deck_Hatch_White_INDEX_4	</identifier>
				<transform>
					<row0>	0.0532 0.0000 -0.9986 0.0000	</row0>
					<row1>	0.0000 1.0000 0.0000 0.0000	</row1>
					<row2>	0.9986 0.0000 0.0532 0.0000	</row2>
					<row3>	0.5504 0.5723 1.2237 1.0000	</row3>
				</transform>
			</node>
			<node>
				<identifier>	MP_JM331_Deck_Hatch_White_INDEX_5	</identifier>
				<transform>
					<row0>	0.6877 0.0000 0.7260 0.0000	</row0>
					<row1>	0.0000 1.0000 0.0000 0.0000	</row1>
					<row2>	-0.7260 0.0000 0.6877 0.0000	</row2>
					<row3>	-0.6305 0.4948 0.8879 1.0000	</row3>
				</transform>
			</node>
			<node>
				<identifier>	MP_JM331_Deck_Hatch_White_INDEX_6	</identifier>
				<transform>
					<row0>	0.0309 0.0000 -0.9995 0.0000	</row0>
					<row1>	0.0000 1.0000 0.0000 0.0000	</row1>
					<row2>	0.9995 0.0000 0.0309 0.0000	</row2>
					<row3>	0.5536 0.3399 0.4209 1.0000	</row3>
				</transform>
			</node>
			<node>
				<identifier>	MP_JM331_Deck_Hatch_White_INDEX_7	</identifier>
				<transform>
					<row0>	0.0141 0.0000 0.9999 0.0000	</row0>
					<row1>	0.0000 1.0000 0.0000 0.0000	</row1>
					<row2>	-0.9999 0.0000 0.0141 0.0000	</row2>
					<row3>	-0.5616 0.3381 0.1845 1.0000	</row3>
				</transform>
			</node>
			<node>
				<identifier>	MP_JM331_Deck_Hatch_White_INDEX_8	</identifier>
				<transform>
					<row0>	0.0141 0.0000 -0.9999 0.0000	</row0>
					<row1>	0.0000 1.0000 0.0000 0.0000	</row1>
					<row2>	0.9999 0.0000 0.0141 0.0000	</row2>
					<row3>	0.5616 0.3381 0.1845 1.0000	</row3>
				</transform>
			</node>
			<node>
				<identifier>	MP_JM331_Deck_Hatch_White_INDEX_9	</identifier>
				<transform>
					<row0>	0.0532 0.0000 0.9986 0.0000	</row0>
					<row1>	0.0000 1.0000 0.0000 0.0000	</row1>
					<row2>	-0.9986 0.0000 0.0532 0.0000	</row2>
					<row3>	-0.5504 0.5723 1.2237 1.0000	</row3>
				</transform>
			</node>
			<node>
				<identifier>	MP_JM332_Cutter_9m_White	</identifier>
				<transform>
					<row0>	1.0000 0.0000 0.0000 0.0000	</row0>
					<row1>	0.0000 1.0000 0.0000 0.0000	</row1>
					<row2>	0.0000 0.0000 1.0000 0.0000	</row2>
					<row3>	-0.5640 0.4963 0.3796 1.0000	</row3>
				</transform>
			</node>
			<node>
				<identifier>	MP_JM332_Cutter_9m_White_INDEX_1	</identifier>
				<transform>
					<row0>	1.0000 0.0000 0.0000 0.0000	</row0>
					<row1>	0.0000 1.0000 0.0000 0.0000	</row1>
					<row2>	0.0000 0.0000 1.0000 0.0000	</row2>
					<row3>	0.5640 0.4963 0.3796 1.0000	</row3>
				</transform>
			</node>
			<node>
				<identifier>	MP_JM334_Dinghy_9m_White	</identifier>
				<transform>
					<row0>	1.0000 0.0000 0.0000 0.0000	</row0>
					<row1>	0.0000 1.0000 0.0000 0.0000	</row1>
					<row2>	0.0000 0.0000 1.0000 0.0000	</row2>
					<row3>	-0.3568 0.5028 0.0622 1.0000	</row3>
				</transform>
			</node>
			<node>
				<identifier>	MP_JM334_Dinghy_9m_White_INDEX_1	</identifier>
				<transform>
					<row0>	1.0000 0.0000 0.0000 0.0000	</row0>
					<row1>	0.0000 1.0000 0.0000 0.0000	</row1>
					<row2>	0.0000 0.0000 1.0000 0.0000	</row2>
					<row3>	0.3568 0.5028 0.0622 1.0000	</row3>
				</transform>
			</node>
			<node>
				<identifier>	MP_JM334_Dinghy_9m_White_INDEX_2	</identifier>
				<transform>
					<row0>	0.9064 0.0000 0.0000 0.0000	</row0>
					<row1>	0.0000 0.9064 0.0000 0.0000	</row1>
					<row2>	0.0000 0.0000 0.9064 0.0000	</row2>
					<row3>	-0.3489 0.5105 0.6410 1.0000	</row3>
				</transform>
			</node>
			<node>
				<identifier>	MP_JM337_Bollards_White	</identifier>
				<transform>
					<row0>	0.8108 0.0000 0.5853 0.0000	</row0>
					<row1>	0.0000 1.0000 0.0000 0.0000	</row1>
					<row2>	-0.5853 0.0000 0.8108 0.0000	</row2>
					<row3>	-0.5292 0.3454 1.4268 1.0000	</row3>
				</transform>
			</node>
			<node>
				<identifier>	MP_JM337_Bollards_White_INDEX_1	</identifier>
				<transform>
					<row0>	0.8108 0.0000 -0.5853 0.0000	</row0>
					<row1>	0.0000 1.0000 0.0000 0.0000	</row1>
					<row2>	0.5853 0.0000 0.8108 0.0000	</row2>
					<row3>	0.5292 0.3454 1.4268 1.0000	</row3>
				</transform>
			</node>
			<node>
				<identifier>	MP_JM339_Running_Lights_Oil_L_White	</identifier>
				<transform>
					<row0>	1.0000 0.0000 0.0000 0.0000	</row0>
					<row1>	0.0000 1.0000 0.0000 0.0000	</row1>
					<row2>	0.0000 0.0000 1.0000 0.0000	</row2>
					<row3>	-0.5855 0.6103 1.1941 1.0000	</row3>
				</transform>
			</node>
			<node>
				<identifier>	MP_JM340_Running_Lights_Oil_R_White	</identifier>
				<transform>
					<row0>	1.0000 0.0000 0.0000 0.0000	</row0>
					<row1>	0.0000 1.0000 0.0000 0.0000	</row1>
					<row2>	0.0000 0.0000 1.0000 0.0000	</row2>
					<row3>	0.5855 0.6103 1.1941 1.0000	</row3>
				</transform>
			</node>
		</node>
	</node>
	<boundingBox>
		<min>	-0.0667 -0.0667 -0.0667	</min>
		<max>	0.0667 0.0667 0.0667	</max>
	</boundingBox>
</JSB011_Mikasa_1905_MidFront_ports.visual>
