<BSC034_Hampshire_1944_Stern_ports.visual>
	<node>
		<identifier>	Scene Root	</identifier>
		<transform>
			<row0>	1.0000 0.0000 0.0000 0.0000	</row0>
			<row1>	0.0000 1.0000 0.0000 0.0000	</row1>
			<row2>	0.0000 0.0000 1.0000 0.0000	</row2>
			<row3>	0.0000 0.0000 0.0000 1.0000	</row3>
		</transform>
		<node>
			<identifier>	Stern_ports	</identifier>
			<transform>
				<row0>	1.0000 0.0000 0.0000 0.0000	</row0>
				<row1>	0.0000 1.0000 0.0000 0.0000	</row1>
				<row2>	0.0000 0.0000 1.0000 0.0000	</row2>
				<row3>	0.0000 0.0000 0.0000 1.0000	</row3>
			</transform>
			<node>
				<identifier>	HP_BGA_24	</identifier>
				<transform>
					<row0>	-0.7071 0.0000 0.7071 0.0000	</row0>
					<row1>	0.0000 1.0000 0.0000 0.0000	</row1>
					<row2>	-0.7071 0.0000 -0.7071 0.0000	</row2>
					<row3>	-0.2590 0.2641 -4.9869 1.0000	</row3>
				</transform>
			</node>
			<node>
				<identifier>	HP_BGA_25	</identifier>
				<transform>
					<row0>	-0.7071 0.0000 -0.7071 0.0000	</row0>
					<row1>	0.0000 1.0000 0.0000 0.0000	</row1>
					<row2>	0.7071 0.0000 -0.7071 0.0000	</row2>
					<row3>	0.2590 0.2641 -4.9869 1.0000	</row3>
				</transform>
			</node>
			<node>
				<identifier>	HP_BGA_26	</identifier>
				<transform>
					<row0>	-0.7071 0.0000 0.7071 0.0000	</row0>
					<row1>	0.0000 1.0000 0.0000 0.0000	</row1>
					<row2>	-0.7071 0.0000 -0.7071 0.0000	</row2>
					<row3>	-0.2590 0.2658 -5.2309 1.0000	</row3>
				</transform>
			</node>
			<node>
				<identifier>	HP_BGA_27	</identifier>
				<transform>
					<row0>	-0.7071 0.0000 -0.7071 0.0000	</row0>
					<row1>	0.0000 1.0000 0.0000 0.0000	</row1>
					<row2>	0.7071 0.0000 -0.7071 0.0000	</row2>
					<row3>	0.2590 0.2658 -5.2309 1.0000	</row3>
				</transform>
			</node>
			<node>
				<identifier>	HP_BGA_28	</identifier>
				<transform>
					<row0>	-1.0000 0.0000 0.0000 0.0000	</row0>
					<row1>	0.0000 1.0000 0.0000 0.0000	</row1>
					<row2>	0.0000 0.0000 -1.0000 0.0000	</row2>
					<row3>	-0.1108 0.2780 -5.5981 1.0000	</row3>
				</transform>
			</node>
			<node>
				<identifier>	HP_BGA_29	</identifier>
				<transform>
					<row0>	-1.0000 0.0000 0.0000 0.0000	</row0>
					<row1>	0.0000 1.0000 0.0000 0.0000	</row1>
					<row2>	0.0000 0.0000 -1.0000 0.0000	</row2>
					<row3>	0.1108 0.2780 -5.5981 1.0000	</row3>
				</transform>
			</node>
			<node>
				<identifier>	HP_BGA_30	</identifier>
				<transform>
					<row0>	-1.0000 0.0000 0.0000 0.0000	</row0>
					<row1>	0.0000 1.0000 0.0000 0.0000	</row1>
					<row2>	0.0000 0.0000 -1.0000 0.0000	</row2>
					<row3>	0.0000 0.2827 -5.8458 1.0000	</row3>
				</transform>
			</node>
			<node>
				<identifier>	HP_FX_Fire_4	</identifier>
				<transform>
					<row0>	1.0000 0.0000 0.0000 0.0000	</row0>
					<row1>	0.0000 1.0000 0.0000 0.0000	</row1>
					<row2>	0.0000 0.0000 1.0000 0.0000	</row2>
					<row3>	0.0000 0.2760 -5.3248 1.0000	</row3>
				</transform>
			</node>
			<node>
				<identifier>	HP_FX_RepairLight_right_1	</identifier>
				<transform>
					<row0>	-0.0523 0.0000 -0.9986 0.0000	</row0>
					<row1>	0.0919 0.9958 -0.0048 0.0000	</row1>
					<row2>	0.9944 -0.0920 -0.0520 0.0000	</row2>
					<row3>	0.4348 0.2618 -5.0470 1.0000	</row3>
				</transform>
			</node>
			<node>
				<identifier>	HP_FX_WakeTraceBack	</identifier>
				<transform>
					<row0>	1.0000 0.0000 0.0000 0.0000	</row0>
					<row1>	0.0000 1.0000 0.0000 0.0000	</row1>
					<row2>	0.0000 0.0000 1.0000 0.0000	</row2>
					<row3>	0.0000 0.0000 -6.5212 1.0000	</row3>
				</transform>
			</node>
			<node>
				<identifier>	HP_FX_WakeTrace_screw_1	</identifier>
				<transform>
					<row0>	1.0000 0.0000 0.0000 0.0000	</row0>
					<row1>	0.0000 1.0000 0.0000 0.0000	</row1>
					<row2>	0.0000 0.0000 1.0000 0.0000	</row2>
					<row3>	-0.3805 -0.3061 -4.8267 1.0000	</row3>
				</transform>
			</node>
			<node>
				<identifier>	HP_FX_WakeTrace_screw_2	</identifier>
				<transform>
					<row0>	1.0000 0.0000 0.0000 0.0000	</row0>
					<row1>	0.0000 1.0000 0.0000 0.0000	</row1>
					<row2>	0.0000 0.0000 1.0000 0.0000	</row2>
					<row3>	-0.2030 -0.3111 -5.6895 1.0000	</row3>
				</transform>
			</node>
			<node>
				<identifier>	HP_FX_WakeTrace_screw_3	</identifier>
				<transform>
					<row0>	1.0000 0.0000 0.0000 0.0000	</row0>
					<row1>	0.0000 1.0000 0.0000 0.0000	</row1>
					<row2>	0.0000 0.0000 1.0000 0.0000	</row2>
					<row3>	0.2030 -0.3111 -5.6895 1.0000	</row3>
				</transform>
			</node>
			<node>
				<identifier>	HP_FX_WakeTrace_screw_4	</identifier>
				<transform>
					<row0>	1.0000 0.0000 0.0000 0.0000	</row0>
					<row1>	0.0000 1.0000 0.0000 0.0000	</row1>
					<row2>	0.0000 0.0000 1.0000 0.0000	</row2>
					<row3>	0.3805 -0.3061 -4.8267 1.0000	</row3>
				</transform>
			</node>
			<node>
				<identifier>	HP_Ship_death_3	</identifier>
				<transform>
					<row0>	1.0000 0.0000 0.0000 0.0000	</row0>
					<row1>	0.0000 1.0000 0.0000 0.0000	</row1>
					<row2>	0.0000 0.0000 1.0000 0.0000	</row2>
					<row3>	0.0000 0.0000 -4.4822 1.0000	</row3>
				</transform>
			</node>
			<node>
				<identifier>	MP_BM004_Reels	</identifier>
				<transform>
					<row0>	0.9998 0.0184 0.0003 0.0000	</row0>
					<row1>	-0.0184 0.9997 0.0136 0.0000	</row1>
					<row2>	0.0000 -0.0136 0.9999 0.0000	</row2>
					<row3>	-0.2243 0.2632 -4.7427 1.0000	</row3>
				</transform>
			</node>
			<node>
				<identifier>	MP_BM004_Reels_INDEX_1	</identifier>
				<transform>
					<row0>	0.9998 -0.0184 -0.0003 0.0000	</row0>
					<row1>	0.0184 0.9997 0.0136 0.0000	</row1>
					<row2>	0.0000 -0.0136 0.9999 0.0000	</row2>
					<row3>	0.2243 0.2632 -4.7427 1.0000	</row3>
				</transform>
			</node>
			<node>
				<identifier>	MP_BM009_Depth_Charge	</identifier>
				<transform>
					<row0>	1.0000 0.0000 0.0000 0.0000	</row0>
					<row1>	0.0000 0.0000 -1.0000 0.0000	</row1>
					<row2>	0.0000 1.0000 0.0000 0.0000	</row2>
					<row3>	-0.0763 0.3027 -6.0794 1.0000	</row3>
				</transform>
			</node>
			<node>
				<identifier>	MP_BM009_Depth_Charge_INDEX_1	</identifier>
				<transform>
					<row0>	1.0000 0.0000 0.0000 0.0000	</row0>
					<row1>	0.0000 0.0000 -1.0000 0.0000	</row1>
					<row2>	0.0000 1.0000 0.0000 0.0000	</row2>
					<row3>	-0.0475 0.3027 -6.0794 1.0000	</row3>
				</transform>
			</node>
			<node>
				<identifier>	MP_BM009_Depth_Charge_INDEX_2	</identifier>
				<transform>
					<row0>	1.0000 0.0000 0.0000 0.0000	</row0>
					<row1>	0.0000 0.0000 -1.0000 0.0000	</row1>
					<row2>	0.0000 1.0000 0.0000 0.0000	</row2>
					<row3>	-0.0187 0.3027 -6.0794 1.0000	</row3>
				</transform>
			</node>
			<node>
				<identifier>	MP_BM011_Depth_Charge_Shelving_5	</identifier>
				<transform>
					<row0>	-0.3465 0.0000 0.9380 0.0000	</row0>
					<row1>	0.0000 1.0000 0.0000 0.0000	</row1>
					<row2>	-0.9380 0.0000 -0.3465 0.0000	</row2>
					<row3>	-0.0533 0.2810 -6.2371 1.0000	</row3>
				</transform>
			</node>
			<node>
				<identifier>	MP_BM035_Motor_for_Oerlikon	</identifier>
				<transform>
					<row0>	0.0000 0.0000 1.0000 0.0000	</row0>
					<row1>	0.0000 1.0000 0.0000 0.0000	</row1>
					<row2>	-1.0000 0.0000 0.0000 0.0000	</row2>
					<row3>	-0.0635 0.2731 -5.3587 1.0000	</row3>
				</transform>
			</node>
			<node>
				<identifier>	MP_BM035_Motor_for_Oerlikon_INDEX_1	</identifier>
				<transform>
					<row0>	0.0000 0.0000 1.0000 0.0000	</row0>
					<row1>	0.0000 1.0000 0.0000 0.0000	</row1>
					<row2>	-1.0000 0.0000 0.0000 0.0000	</row2>
					<row3>	-0.1373 0.2720 -5.3587 1.0000	</row3>
				</transform>
			</node>
			<node>
				<identifier>	MP_BM035_Motor_for_Oerlikon_INDEX_2	</identifier>
				<transform>
					<row0>	0.0000 0.0000 1.0000 0.0000	</row0>
					<row1>	0.0000 1.0000 0.0000 0.0000	</row1>
					<row2>	-1.0000 0.0000 0.0000 0.0000	</row2>
					<row3>	0.0875 0.2728 -5.3587 1.0000	</row3>
				</transform>
			</node>
			<node>
				<identifier>	MP_BM038_Helmets	</identifier>
				<transform>
					<row0>	1.0000 0.0000 0.0000 0.0000	</row0>
					<row1>	0.0000 1.0000 0.0000 0.0000	</row1>
					<row2>	0.0000 0.0000 1.0000 0.0000	</row2>
					<row3>	0.1675 0.2911 -5.3848 1.0000	</row3>
				</transform>
			</node>
			<node>
				<identifier>	MP_BM611_Telephone	</identifier>
				<transform>
					<row0>	1.0000 0.0000 0.0000 0.0000	</row0>
					<row1>	0.0000 1.0000 0.0000 0.0000	</row1>
					<row2>	0.0000 0.0000 1.0000 0.0000	</row2>
					<row3>	0.0558 0.3374 -5.3859 1.0000	</row3>
				</transform>
			</node>
			<node>
				<identifier>	MP_BM704_Locker	</identifier>
				<transform>
					<row0>	1.0000 0.0000 0.0000 0.0000	</row0>
					<row1>	0.0000 1.0000 0.0000 0.0000	</row1>
					<row2>	0.0000 0.0000 1.0000 0.0000	</row2>
					<row3>	0.1589 0.2723 -5.4035 1.0000	</row3>
				</transform>
			</node>
			<node>
				<identifier>	MP_BM704_Locker_INDEX_1	</identifier>
				<transform>
					<row0>	-0.3084 0.0000 -0.9512 0.0000	</row0>
					<row1>	0.0000 1.0000 0.0000 0.0000	</row1>
					<row2>	0.9512 0.0000 -0.3084 0.0000	</row2>
					<row3>	0.1512 0.2678 -4.9522 1.0000	</row3>
				</transform>
			</node>
			<node>
				<identifier>	MP_BM704_Locker_INDEX_10	</identifier>
				<transform>
					<row0>	-0.7142 0.0000 -0.6999 0.0000	</row0>
					<row1>	0.0000 1.0000 0.0000 0.0000	</row1>
					<row2>	0.6999 0.0000 -0.7142 0.0000	</row2>
					<row3>	0.1796 0.2695 -5.1502 1.0000	</row3>
				</transform>
			</node>
			<node>
				<identifier>	MP_BM704_Locker_INDEX_11	</identifier>
				<transform>
					<row0>	-0.3084 0.0000 0.9512 0.0000	</row0>
					<row1>	0.0000 1.0000 0.0000 0.0000	</row1>
					<row2>	-0.9512 0.0000 -0.3084 0.0000	</row2>
					<row3>	-0.1512 0.2678 -4.9522 1.0000	</row3>
				</transform>
			</node>
			<node>
				<identifier>	MP_BM704_Locker_INDEX_2	</identifier>
				<transform>
					<row0>	-0.7142 0.0000 0.6999 0.0000	</row0>
					<row1>	0.0000 1.0000 0.0000 0.0000	</row1>
					<row2>	-0.6999 0.0000 -0.7142 0.0000	</row2>
					<row3>	-0.1796 0.2667 -4.9062 1.0000	</row3>
				</transform>
			</node>
			<node>
				<identifier>	MP_BM704_Locker_INDEX_3	</identifier>
				<transform>
					<row0>	1.0000 0.0000 0.0000 0.0000	</row0>
					<row1>	0.0000 1.0000 0.0000 0.0000	</row1>
					<row2>	0.0000 0.0000 1.0000 0.0000	</row2>
					<row3>	-0.1589 0.2723 -5.4035 1.0000	</row3>
				</transform>
			</node>
			<node>
				<identifier>	MP_BM704_Locker_INDEX_4	</identifier>
				<transform>
					<row0>	-0.7142 0.0000 0.6999 0.0000	</row0>
					<row1>	0.0000 1.0000 0.0000 0.0000	</row1>
					<row2>	-0.6999 0.0000 -0.7142 0.0000	</row2>
					<row3>	-0.1796 0.2695 -5.1502 1.0000	</row3>
				</transform>
			</node>
			<node>
				<identifier>	MP_BM704_Locker_INDEX_5	</identifier>
				<transform>
					<row0>	-0.3084 0.0000 -0.9512 0.0000	</row0>
					<row1>	0.0000 1.0000 0.0000 0.0000	</row1>
					<row2>	0.9512 0.0000 -0.3084 0.0000	</row2>
					<row3>	0.1512 0.2703 -5.1962 1.0000	</row3>
				</transform>
			</node>
			<node>
				<identifier>	MP_BM704_Locker_INDEX_6	</identifier>
				<transform>
					<row0>	-0.7142 0.0000 -0.6999 0.0000	</row0>
					<row1>	0.0000 1.0000 0.0000 0.0000	</row1>
					<row2>	0.6999 0.0000 -0.7142 0.0000	</row2>
					<row3>	0.1796 0.2667 -4.9062 1.0000	</row3>
				</transform>
			</node>
			<node>
				<identifier>	MP_BM704_Locker_INDEX_7	</identifier>
				<transform>
					<row0>	1.0000 0.0000 0.0000 0.0000	</row0>
					<row1>	0.0000 1.0000 0.0000 0.0000	</row1>
					<row2>	0.0000 0.0000 1.0000 0.0000	</row2>
					<row3>	-0.1072 0.2731 -5.4035 1.0000	</row3>
				</transform>
			</node>
			<node>
				<identifier>	MP_BM704_Locker_INDEX_8	</identifier>
				<transform>
					<row0>	-0.3084 0.0000 0.9512 0.0000	</row0>
					<row1>	0.0000 1.0000 0.0000 0.0000	</row1>
					<row2>	-0.9512 0.0000 -0.3084 0.0000	</row2>
					<row3>	-0.1512 0.2703 -5.1962 1.0000	</row3>
				</transform>
			</node>
			<node>
				<identifier>	MP_BM704_Locker_INDEX_9	</identifier>
				<transform>
					<row0>	1.0000 0.0000 0.0000 0.0000	</row0>
					<row1>	0.0000 1.0000 0.0000 0.0000	</row1>
					<row2>	0.0000 0.0000 1.0000 0.0000	</row2>
					<row3>	0.1072 0.2731 -5.4035 1.0000	</row3>
				</transform>
			</node>
			<node>
				<identifier>	MP_BM752_Deck_Hatch	</identifier>
				<transform>
					<row0>	-1.0000 0.0000 0.0000 0.0000	</row0>
					<row1>	0.0000 0.9999 0.0136 0.0000	</row1>
					<row2>	0.0000 0.0136 -0.9999 0.0000	</row2>
					<row3>	0.0000 0.2818 -6.0017 1.0000	</row3>
				</transform>
			</node>
			<node>
				<identifier>	MP_BM754_Deck_Hatch	</identifier>
				<transform>
					<row0>	0.0000 0.0100 -1.0000 0.0000	</row0>
					<row1>	0.0000 1.0000 0.0100 0.0000	</row1>
					<row2>	1.0000 0.0000 0.0000 0.0000	</row2>
					<row3>	0.0000 0.2705 -5.0718 1.0000	</row3>
				</transform>
			</node>
			<node>
				<identifier>	MP_BM803_Ventilation_box	</identifier>
				<transform>
					<row0>	0.0000 0.0000 1.0000 0.0000	</row0>
					<row1>	0.0000 1.0000 0.0000 0.0000	</row1>
					<row2>	-1.0000 0.0000 0.0000 0.0000	</row2>
					<row3>	-0.0490 0.2653 -4.7592 1.0000	</row3>
				</transform>
			</node>
			<node>
				<identifier>	MP_BM857_Fog_Light	</identifier>
				<transform>
					<row0>	-1.0000 0.0000 0.0000 0.0000	</row0>
					<row1>	0.0000 1.0000 0.0000 0.0000	</row1>
					<row2>	0.0000 0.0000 -1.0000 0.0000	</row2>
					<row3>	0.0000 0.3598 -6.4882 1.0000	</row3>
				</transform>
			</node>
			<node>
				<identifier>	MP_BM872_Running_Lights_B	</identifier>
				<transform>
					<row0>	-1.0000 0.0000 0.0000 0.0000	</row0>
					<row1>	0.0000 1.0000 0.0000 0.0000	</row1>
					<row2>	0.0000 0.0000 -1.0000 0.0000	</row2>
					<row3>	0.0000 0.4814 -6.5173 1.0000	</row3>
				</transform>
			</node>
			<node>
				<identifier>	MP_BM957_Anchor_Capstan_big	</identifier>
				<transform>
					<row0>	0.6086 0.0000 0.0000 0.0000	</row0>
					<row1>	0.0000 0.6086 0.0000 0.0000	</row1>
					<row2>	0.0000 0.0000 0.6086 0.0000	</row2>
					<row3>	0.0000 0.2791 -5.2002 1.0000	</row3>
				</transform>
			</node>
			<node>
				<identifier>	MP_CM011_Fire_Fighting_Gear	</identifier>
				<transform>
					<row0>	0.0000 0.0000 -1.0000 0.0000	</row0>
					<row1>	0.0000 1.0000 0.0000 0.0000	</row1>
					<row2>	1.0000 0.0000 0.0000 0.0000	</row2>
					<row3>	-0.0136 0.2815 -5.9690 1.0000	</row3>
				</transform>
			</node>
			<node>
				<identifier>	MP_CM029_Emergency_Box	</identifier>
				<transform>
					<row0>	-1.0000 0.0000 0.0000 0.0000	</row0>
					<row1>	0.0000 1.0000 0.0000 0.0000	</row1>
					<row2>	0.0000 0.0000 -1.0000 0.0000	</row2>
					<row3>	0.1279 0.3266 -5.3785 1.0000	</row3>
				</transform>
			</node>
			<node>
				<identifier>	MP_CM029_Emergency_Box_INDEX_1	</identifier>
				<transform>
					<row0>	1.0000 0.0000 0.0000 0.0000	</row0>
					<row1>	0.0000 1.0000 0.0000 0.0000	</row1>
					<row2>	0.0000 0.0000 1.0000 0.0000	</row2>
					<row3>	-0.0616 0.3234 -5.3919 1.0000	</row3>
				</transform>
			</node>
			<node>
				<identifier>	MP_CM104_Life_Buoy	</identifier>
				<transform>
					<row0>	0.1158 0.0000 0.9933 0.0000	</row0>
					<row1>	0.0000 1.0000 0.0000 0.0000	</row1>
					<row2>	-0.9933 0.0000 0.1158 0.0000	</row2>
					<row3>	0.5020 0.3141 -4.5021 1.0000	</row3>
				</transform>
			</node>
			<node>
				<identifier>	MP_CM104_Life_Buoy_INDEX_1	</identifier>
				<transform>
					<row0>	0.2791 0.0000 -0.9603 0.0000	</row0>
					<row1>	0.0000 1.0000 0.0000 0.0000	</row1>
					<row2>	0.9603 0.0000 0.2791 0.0000	</row2>
					<row3>	-0.2385 0.3359 -5.9043 1.0000	</row3>
				</transform>
			</node>
			<node>
				<identifier>	MP_CM104_Life_Buoy_INDEX_2	</identifier>
				<transform>
					<row0>	0.1158 0.0000 -0.9933 0.0000	</row0>
					<row1>	0.0000 1.0000 0.0000 0.0000	</row1>
					<row2>	0.9933 0.0000 0.1158 0.0000	</row2>
					<row3>	-0.5020 0.3141 -4.5021 1.0000	</row3>
				</transform>
			</node>
			<node>
				<identifier>	MP_CM104_Life_Buoy_INDEX_3	</identifier>
				<transform>
					<row0>	0.2791 0.0000 0.9603 0.0000	</row0>
					<row1>	0.0000 1.0000 0.0000 0.0000	</row1>
					<row2>	-0.9603 0.0000 0.2791 0.0000	</row2>
					<row3>	0.2385 0.3359 -5.9043 1.0000	</row3>
				</transform>
			</node>
			<node>
				<identifier>	MP_CM161_Propeller_4_8m_BB_R	</identifier>
				<transform>
					<row0>	0.8319 0.0007 0.0106 0.0000	</row0>
					<row1>	-0.0001 0.8310 -0.0403 0.0000	</row1>
					<row2>	-0.0106 0.0403 0.8310 0.0000	</row2>
					<row3>	0.3805 -0.3061 -4.8267 1.0000	</row3>
				</transform>
			</node>
			<node>
				<identifier>	MP_CM161_Propeller_4_8m_BB_R_INDEX_1	</identifier>
				<transform>
					<row0>	0.8322 0.0005 -0.0007 0.0000	</row0>
					<row1>	-0.0005 0.8309 -0.0456 0.0000	</row1>
					<row2>	0.0007 0.0456 0.8309 0.0000	</row2>
					<row3>	0.2030 -0.3111 -5.6895 1.0000	</row3>
				</transform>
			</node>
			<node>
				<identifier>	MP_CM162_Propeller_4_8m_BB_L	</identifier>
				<transform>
					<row0>	0.8320 -0.0005 0.0007 0.0000	</row0>
					<row1>	0.0005 0.8308 -0.0456 0.0000	</row1>
					<row2>	-0.0007 0.0456 0.8308 0.0000	</row2>
					<row3>	-0.2030 -0.3111 -5.6895 1.0000	</row3>
				</transform>
			</node>
			<node>
				<identifier>	MP_CM162_Propeller_4_8m_BB_L_INDEX_1	</identifier>
				<transform>
					<row0>	0.8319 -0.0007 -0.0106 0.0000	</row0>
					<row1>	0.0001 0.8310 -0.0403 0.0000	</row1>
					<row2>	0.0106 0.0403 0.8310 0.0000	</row2>
					<row3>	-0.3805 -0.3061 -4.8267 1.0000	</row3>
				</transform>
			</node>
			<node>
				<identifier>	SP_YMS011_YHWL_M_1_INDEX_11	</identifier>
				<transform>
					<row0>	0.9412 0.2802 0.1886 0.0000	</row0>
					<row1>	-0.2747 0.9599 -0.0554 0.0000	</row1>
					<row2>	-0.1965 0.0003 0.9805 0.0000	</row2>
					<row3>	-0.3603 -0.0012 -5.2930 1.0000	</row3>
				</transform>
			</node>
			<node>
				<identifier>	SP_YMS011_YHWL_M_1_INDEX_13	</identifier>
				<transform>
					<row0>	0.9370 0.1716 0.3043 0.0000	</row0>
					<row1>	-0.1630 0.9852 -0.0536 0.0000	</row1>
					<row2>	-0.3090 0.0006 0.9511 0.0000	</row2>
					<row3>	-0.1532 -0.0010 -6.1163 1.0000	</row3>
				</transform>
			</node>
			<node>
				<identifier>	SP_YMS011_YHWL_M_1_INDEX_5	</identifier>
				<transform>
					<row0>	0.9639 0.2355 0.1241 0.0000	</row0>
					<row1>	-0.2335 0.9719 -0.0302 0.0000	</row1>
					<row2>	-0.1277 0.0000 0.9918 0.0000	</row2>
					<row3>	-0.4926 -0.0009 -4.4532 1.0000	</row3>
				</transform>
			</node>
			<node>
				<identifier>	SP_YMS012_YHWR_M_1_INDEX_21	</identifier>
				<transform>
					<row0>	0.9412 -0.2802 -0.1886 0.0000	</row0>
					<row1>	0.2747 0.9599 -0.0554 0.0000	</row1>
					<row2>	0.1965 0.0003 0.9805 0.0000	</row2>
					<row3>	0.3603 -0.0012 -5.2930 1.0000	</row3>
				</transform>
			</node>
			<node>
				<identifier>	SP_YMS012_YHWR_M_1_INDEX_24	</identifier>
				<transform>
					<row0>	0.9370 -0.1716 -0.3043 0.0000	</row0>
					<row1>	0.1630 0.9852 -0.0536 0.0000	</row1>
					<row2>	0.3090 0.0006 0.9511 0.0000	</row2>
					<row3>	0.1532 -0.0010 -6.1163 1.0000	</row3>
				</transform>
			</node>
			<node>
				<identifier>	SP_YMS012_YHWR_M_1_INDEX_25	</identifier>
				<transform>
					<row0>	0.9639 -0.2355 -0.1241 0.0000	</row0>
					<row1>	0.2335 0.9719 -0.0302 0.0000	</row1>
					<row2>	0.1277 0.0000 0.9918 0.0000	</row2>
					<row3>	0.4926 -0.0009 -4.4532 1.0000	</row3>
				</transform>
			</node>
			<node>
				<identifier>	SP_YMS023_YHUC_L_1	</identifier>
				<transform>
					<row0>	0.7746 0.0024 -0.0023 0.0000	</row0>
					<row1>	-0.0025 0.7734 -0.0431 0.0000	</row1>
					<row2>	0.0022 0.0431 0.7734 0.0000	</row2>
					<row3>	-0.3759 -0.3171 -4.8762 1.0000	</row3>
				</transform>
			</node>
			<node>
				<identifier>	SP_YMS023_YHUC_L_1_INDEX_1	</identifier>
				<transform>
					<row0>	0.7746 -0.0024 0.0023 0.0000	</row0>
					<row1>	0.0025 0.7734 -0.0431 0.0000	</row1>
					<row2>	-0.0022 0.0431 0.7734 0.0000	</row2>
					<row3>	0.3759 -0.3171 -4.8762 1.0000	</row3>
				</transform>
			</node>
			<node>
				<identifier>	SP_YMS023_YHUC_L_1_INDEX_2	</identifier>
				<transform>
					<row0>	0.7555 0.0023 -0.0023 0.0000	</row0>
					<row1>	-0.0025 0.7543 -0.0421 0.0000	</row1>
					<row2>	0.0022 0.0421 0.7543 0.0000	</row2>
					<row3>	-0.2032 -0.3194 -5.7505 1.0000	</row3>
				</transform>
			</node>
			<node>
				<identifier>	SP_YMS023_YHUC_L_1_INDEX_3	</identifier>
				<transform>
					<row0>	0.7555 -0.0023 0.0023 0.0000	</row0>
					<row1>	0.0025 0.7543 -0.0421 0.0000	</row1>
					<row2>	-0.0022 0.0421 0.7543 0.0000	</row2>
					<row3>	0.2032 -0.3194 -5.7505 1.0000	</row3>
				</transform>
			</node>
			<node>
				<identifier>	SP_YMS031_YHAL_M_1	</identifier>
				<transform>
					<row0>	0.7533 0.0295 0.2177 0.0000	</row0>
					<row1>	-0.0297 0.7841 -0.0034 0.0000	</row1>
					<row2>	-0.2177 -0.0050 0.7538 0.0000	</row2>
					<row3>	-0.2790 0.1599 -5.8681 1.0000	</row3>
				</transform>
			</node>
			<node>
				<identifier>	SP_YMS032_YHAR_M_1	</identifier>
				<transform>
					<row0>	0.7533 -0.0295 -0.2177 0.0000	</row0>
					<row1>	0.0297 0.7841 -0.0034 0.0000	</row1>
					<row2>	0.2177 -0.0050 0.7538 0.0000	</row2>
					<row3>	0.2790 0.1599 -5.8681 1.0000	</row3>
				</transform>
			</node>
			<node>
				<identifier>	SP_YMS033_YHAM_S_1	</identifier>
				<transform>
					<row0>	0.6307 0.0000 0.0000 0.0000	</row0>
					<row1>	0.0000 0.6307 0.0000 0.0000	</row1>
					<row2>	0.0000 0.0000 0.6307 0.0000	</row2>
					<row3>	0.0000 0.1781 -6.5199 1.0000	</row3>
				</transform>
			</node>
			<node>
				<identifier>	SP_YMS073_YHHC_M_2	</identifier>
				<transform>
					<row0>	0.0583 -0.0044 0.4866 0.0000	</row0>
					<row1>	0.0592 0.4865 -0.0027 0.0000	</row1>
					<row2>	-0.4830 0.0591 0.0584 0.0000	</row2>
					<row3>	0.4895 0.1274 -4.6146 1.0000	</row3>
				</transform>
			</node>
			<node>
				<identifier>	SP_YMS073_YHHC_M_2_INDEX_1	</identifier>
				<transform>
					<row0>	0.0583 0.0044 -0.4866 0.0000	</row0>
					<row1>	-0.0592 0.4865 -0.0027 0.0000	</row1>
					<row2>	0.4830 0.0591 0.0584 0.0000	</row2>
					<row3>	-0.4895 0.1274 -4.6146 1.0000	</row3>
				</transform>
			</node>
			<node>
				<identifier>	SP_YMS082_YHSC_M_1_INDEX_3	</identifier>
				<transform>
					<row0>	0.1699 0.0112 -0.9854 0.0000	</row0>
					<row1>	-0.0989 0.9951 -0.0057 0.0000	</row1>
					<row2>	0.9805 0.0984 0.1702 0.0000	</row2>
					<row3>	-0.4099 0.1752 -5.1839 1.0000	</row3>
				</transform>
			</node>
			<node>
				<identifier>	SP_YMS082_YHSC_M_1_INDEX_4	</identifier>
				<transform>
					<row0>	0.1699 -0.0112 0.9854 0.0000	</row0>
					<row1>	0.0989 0.9951 -0.0057 0.0000	</row1>
					<row2>	-0.9805 0.0984 0.1702 0.0000	</row2>
					<row3>	0.4099 0.1752 -5.1839 1.0000	</row3>
				</transform>
			</node>
		</node>
	</node>
	<boundingBox>
		<min>	-0.0667 -0.0667 -0.0667	</min>
		<max>	0.0667 0.0667 0.0667	</max>
	</boundingBox>
</BSC034_Hampshire_1944_Stern_ports.visual>
