<RSB015_Sovetskaya_Rossiya_1953_Stern_ports.visual>
	<node>
		<identifier>	Scene Root	</identifier>
		<transform>
			<row0>	1.0000 0.0000 0.0000 0.0000	</row0>
			<row1>	0.0000 1.0000 0.0000 0.0000	</row1>
			<row2>	0.0000 0.0000 1.0000 0.0000	</row2>
			<row3>	0.0000 0.0000 0.0000 1.0000	</row3>
		</transform>
		<node>
			<identifier>	Stern_ports	</identifier>
			<transform>
				<row0>	1.0000 0.0000 0.0000 0.0000	</row0>
				<row1>	0.0000 1.0000 0.0000 0.0000	</row1>
				<row2>	0.0000 0.0000 1.0000 0.0000	</row2>
				<row3>	0.0000 0.0000 0.0000 1.0000	</row3>
			</transform>
			<node>
				<identifier>	HP_FX_Death_3	</identifier>
				<transform>
					<row0>	1.0000 0.0000 0.0000 0.0000	</row0>
					<row1>	0.0000 1.0000 0.0000 0.0000	</row1>
					<row2>	0.0000 0.0000 1.0000 0.0000	</row2>
					<row3>	0.0000 0.0000 -6.4618 1.0000	</row3>
				</transform>
			</node>
			<node>
				<identifier>	HP_FX_Fire_4	</identifier>
				<transform>
					<row0>	1.0000 0.0000 0.0000 0.0000	</row0>
					<row1>	0.0000 1.0000 0.0000 0.0000	</row1>
					<row2>	0.0000 0.0000 1.0000 0.0000	</row2>
					<row3>	0.0000 0.4240 -7.8326 1.0000	</row3>
				</transform>
			</node>
			<node>
				<identifier>	HP_FX_Flood_steam_right	</identifier>
				<transform>
					<row0>	1.0000 0.0000 0.0000 0.0000	</row0>
					<row1>	0.0000 1.0000 0.0000 0.0000	</row1>
					<row2>	0.0000 0.0000 1.0000 0.0000	</row2>
					<row3>	1.0005 0.3758 -7.2334 1.0000	</row3>
				</transform>
			</node>
			<node>
				<identifier>	HP_FX_Flood_water_left	</identifier>
				<transform>
					<row0>	-1.0000 0.0000 0.0000 0.0000	</row0>
					<row1>	0.0000 1.0000 0.0000 0.0000	</row1>
					<row2>	0.0000 0.0000 -1.0000 0.0000	</row2>
					<row3>	-1.1291 0.0222 -5.5667 1.0000	</row3>
				</transform>
			</node>
			<node>
				<identifier>	HP_FX_Flood_water_right	</identifier>
				<transform>
					<row0>	1.0000 0.0000 0.0000 0.0000	</row0>
					<row1>	0.0000 1.0000 0.0000 0.0000	</row1>
					<row2>	0.0000 0.0000 1.0000 0.0000	</row2>
					<row3>	1.1298 0.0248 -5.5710 1.0000	</row3>
				</transform>
			</node>
			<node>
				<identifier>	HP_FX_RepairLight_left_2	</identifier>
				<transform>
					<row0>	-0.0552 0.0000 0.9985 0.0000	</row0>
					<row1>	0.0000 1.0000 0.0000 0.0000	</row1>
					<row2>	-0.9985 0.0000 -0.0552 0.0000	</row2>
					<row3>	-1.2053 0.3293 -4.9094 1.0000	</row3>
				</transform>
			</node>
			<node>
				<identifier>	HP_FX_RepairLight_right_2	</identifier>
				<transform>
					<row0>	-0.0244 0.0000 -0.9997 0.0000	</row0>
					<row1>	0.0000 1.0000 0.0000 0.0000	</row1>
					<row2>	0.9997 0.0000 -0.0244 0.0000	</row2>
					<row3>	1.2248 0.3307 -4.4174 1.0000	</row3>
				</transform>
			</node>
			<node>
				<identifier>	HP_FX_WakeTraceBack	</identifier>
				<transform>
					<row0>	1.0000 0.0000 0.0000 0.0000	</row0>
					<row1>	0.0000 1.0000 0.0000 0.0000	</row1>
					<row2>	0.0000 0.0000 1.0000 0.0000	</row2>
					<row3>	0.0000 0.0000 -9.4329 1.0000	</row3>
				</transform>
			</node>
			<node>
				<identifier>	HP_FX_WakeTrace_screw_1	</identifier>
				<transform>
					<row0>	1.0000 0.0000 0.0000 0.0000	</row0>
					<row1>	0.0000 1.0000 0.0000 0.0000	</row1>
					<row2>	0.0000 0.0000 1.0000 0.0000	</row2>
					<row3>	-0.5668 -0.6081 -7.4167 1.0000	</row3>
				</transform>
			</node>
			<node>
				<identifier>	HP_FX_WakeTrace_screw_2	</identifier>
				<transform>
					<row0>	1.0000 0.0000 0.0000 0.0000	</row0>
					<row1>	0.0000 1.0000 0.0000 0.0000	</row1>
					<row2>	0.0000 0.0000 1.0000 0.0000	</row2>
					<row3>	-0.8963 -0.6081 -6.1677 1.0000	</row3>
				</transform>
			</node>
			<node>
				<identifier>	HP_FX_WakeTrace_screw_3	</identifier>
				<transform>
					<row0>	1.0000 0.0000 0.0000 0.0000	</row0>
					<row1>	0.0000 1.0000 0.0000 0.0000	</row1>
					<row2>	0.0000 0.0000 1.0000 0.0000	</row2>
					<row3>	0.8963 -0.6081 -6.1677 1.0000	</row3>
				</transform>
			</node>
			<node>
				<identifier>	HP_FX_WakeTrace_screw_4	</identifier>
				<transform>
					<row0>	1.0000 0.0000 0.0000 0.0000	</row0>
					<row1>	0.0000 1.0000 0.0000 0.0000	</row1>
					<row2>	0.0000 0.0000 1.0000 0.0000	</row2>
					<row3>	0.5668 -0.6081 -7.4167 1.0000	</row3>
				</transform>
			</node>
			<node>
				<identifier>	HP_RGA_27	</identifier>
				<transform>
					<row0>	-1.0000 0.0000 0.0000 0.0000	</row0>
					<row1>	0.0000 1.0000 0.0000 0.0000	</row1>
					<row2>	0.0000 0.0000 -1.0000 0.0000	</row2>
					<row3>	-0.6675 0.4245 -7.2734 1.0000	</row3>
				</transform>
			</node>
			<node>
				<identifier>	HP_RGA_28	</identifier>
				<transform>
					<row0>	-1.0000 0.0000 0.0000 0.0000	</row0>
					<row1>	0.0000 1.0000 0.0000 0.0000	</row1>
					<row2>	0.0000 0.0000 -1.0000 0.0000	</row2>
					<row3>	0.6675 0.4245 -7.2734 1.0000	</row3>
				</transform>
			</node>
			<node>
				<identifier>	HP_RGA_29	</identifier>
				<transform>
					<row0>	-1.0000 0.0000 0.0000 0.0000	</row0>
					<row1>	0.0000 1.0000 0.0000 0.0000	</row1>
					<row2>	0.0000 0.0000 -1.0000 0.0000	</row2>
					<row3>	-0.2659 0.5179 -9.3535 1.0000	</row3>
				</transform>
			</node>
			<node>
				<identifier>	HP_RGA_30	</identifier>
				<transform>
					<row0>	-1.0000 0.0000 0.0000 0.0000	</row0>
					<row1>	0.0000 1.0000 0.0000 0.0000	</row1>
					<row2>	0.0000 0.0000 -1.0000 0.0000	</row2>
					<row3>	0.2659 0.5179 -9.3535 1.0000	</row3>
				</transform>
			</node>
			<node>
				<identifier>	HP_RGM_3	</identifier>
				<transform>
					<row0>	-1.0000 0.0000 0.0000 0.0000	</row0>
					<row1>	0.0000 1.0000 0.0000 0.0000	</row1>
					<row2>	0.0000 0.0000 -1.0000 0.0000	</row2>
					<row3>	0.0000 0.4659 -5.3528 1.0000	</row3>
				</transform>
			</node>
			<node>
				<identifier>	MP_CM003_Propeller5_L	</identifier>
				<transform>
					<row0>	1.4500 0.0000 -0.0003 0.0000	</row0>
					<row1>	0.0000 1.4500 0.0000 0.0000	</row1>
					<row2>	0.0003 0.0000 1.4500 0.0000	</row2>
					<row3>	-0.5668 -0.6081 -7.4167 1.0000	</row3>
				</transform>
			</node>
			<node>
				<identifier>	MP_CM003_Propeller5_L_INDEX_1	</identifier>
				<transform>
					<row0>	1.4483 0.0000 -0.0711 0.0000	</row0>
					<row1>	0.0000 1.4500 0.0000 0.0000	</row1>
					<row2>	0.0711 0.0000 1.4483 0.0000	</row2>
					<row3>	-0.8963 -0.6081 -6.1677 1.0000	</row3>
				</transform>
			</node>
			<node>
				<identifier>	MP_CM029_Emergency_Box	</identifier>
				<transform>
					<row0>	0.2096 0.0000 -0.9778 0.0000	</row0>
					<row1>	0.0000 1.0000 0.0000 0.0000	</row1>
					<row2>	0.9778 0.0000 0.2096 0.0000	</row2>
					<row3>	-0.5224 0.4643 -7.2434 1.0000	</row3>
				</transform>
			</node>
			<node>
				<identifier>	MP_CM029_Emergency_Box_INDEX_1	</identifier>
				<transform>
					<row0>	0.2096 0.0000 0.9778 0.0000	</row0>
					<row1>	0.0000 1.0000 0.0000 0.0000	</row1>
					<row2>	-0.9778 0.0000 0.2096 0.0000	</row2>
					<row3>	0.5224 0.4643 -7.2434 1.0000	</row3>
				</transform>
			</node>
			<node>
				<identifier>	MP_CM029_Emergency_Box_INDEX_2	</identifier>
				<transform>
					<row0>	0.2096 0.0000 -0.9778 0.0000	</row0>
					<row1>	0.0000 1.0000 0.0000 0.0000	</row1>
					<row2>	0.9778 0.0000 0.2096 0.0000	</row2>
					<row3>	-0.1207 0.5574 -9.3241 1.0000	</row3>
				</transform>
			</node>
			<node>
				<identifier>	MP_CM029_Emergency_Box_INDEX_3	</identifier>
				<transform>
					<row0>	0.2096 0.0000 0.9778 0.0000	</row0>
					<row1>	0.0000 1.0000 0.0000 0.0000	</row1>
					<row2>	-0.9778 0.0000 0.2096 0.0000	</row2>
					<row3>	0.1207 0.5574 -9.3241 1.0000	</row3>
				</transform>
			</node>
			<node>
				<identifier>	MP_CM034_Propeller5_R	</identifier>
				<transform>
					<row0>	1.4483 0.0000 0.0711 0.0000	</row0>
					<row1>	0.0000 1.4500 0.0000 0.0000	</row1>
					<row2>	-0.0711 0.0000 1.4483 0.0000	</row2>
					<row3>	0.8963 -0.6081 -6.1677 1.0000	</row3>
				</transform>
			</node>
			<node>
				<identifier>	MP_CM034_Propeller5_R_INDEX_1	</identifier>
				<transform>
					<row0>	1.4500 0.0000 -0.0003 0.0000	</row0>
					<row1>	0.0000 1.4500 0.0000 0.0000	</row1>
					<row2>	0.0003 0.0000 1.4500 0.0000	</row2>
					<row3>	0.5668 -0.6081 -7.4167 1.0000	</row3>
				</transform>
			</node>
			<node>
				<identifier>	MP_CM137_Anchor_Up	</identifier>
				<transform>
					<row0>	0.8000 0.0000 0.0000 0.0000	</row0>
					<row1>	0.0000 0.4433 0.6659 0.0000	</row1>
					<row2>	0.0000 -0.6659 0.4433 0.0000	</row2>
					<row3>	0.0000 0.3658 -9.5808 1.0000	</row3>
				</transform>
			</node>
			<node>
				<identifier>	MP_CM138_Anchor_Bottom	</identifier>
				<transform>
					<row0>	0.8000 0.0000 0.0000 0.0000	</row0>
					<row1>	0.0000 0.7993 0.0341 0.0000	</row1>
					<row2>	0.0000 -0.0341 0.7993 0.0000	</row2>
					<row3>	0.0000 0.3658 -9.5808 1.0000	</row3>
				</transform>
			</node>
			<node>
				<identifier>	MP_RM021_Screened_speed_light	</identifier>
				<transform>
					<row0>	-1.0000 0.0000 0.0000 0.0000	</row0>
					<row1>	0.0000 1.0000 0.0000 0.0000	</row1>
					<row2>	0.0000 0.0000 -1.0000 0.0000	</row2>
					<row3>	0.0000 0.5863 -9.6058 1.0000	</row3>
				</transform>
			</node>
			<node>
				<identifier>	MP_RM028_Signal_Lamp	</identifier>
				<transform>
					<row0>	1.0000 0.0000 0.0000 0.0000	</row0>
					<row1>	0.0000 1.0000 0.0000 0.0000	</row1>
					<row2>	0.0000 0.0000 1.0000 0.0000	</row2>
					<row3>	0.0000 0.9173 -9.8120 1.0000	</row3>
				</transform>
			</node>
			<node>
				<identifier>	MP_RM145_Turtles_Box	</identifier>
				<transform>
					<row0>	0.9834 0.0000 -0.1817 0.0000	</row0>
					<row1>	0.0000 1.0000 0.0000 0.0000	</row1>
					<row2>	0.1817 0.0000 0.9834 0.0000	</row2>
					<row3>	-0.2304 0.5252 -9.1994 1.0000	</row3>
				</transform>
			</node>
			<node>
				<identifier>	MP_RM145_Turtles_Box_INDEX_1	</identifier>
				<transform>
					<row0>	0.9834 0.0000 0.1817 0.0000	</row0>
					<row1>	0.0000 1.0000 0.0000 0.0000	</row1>
					<row2>	-0.1817 0.0000 0.9834 0.0000	</row2>
					<row3>	0.2309 0.5258 -9.1993 1.0000	</row3>
				</transform>
			</node>
			<node>
				<identifier>	MP_RM145_Turtles_Box_INDEX_2	</identifier>
				<transform>
					<row0>	0.9805 0.0000 -0.1964 0.0000	</row0>
					<row1>	0.0000 1.0000 0.0000 0.0000	</row1>
					<row2>	0.1964 0.0000 0.9805 0.0000	</row2>
					<row3>	-0.6313 0.4326 -7.1181 1.0000	</row3>
				</transform>
			</node>
			<node>
				<identifier>	MP_RM145_Turtles_Box_INDEX_3	</identifier>
				<transform>
					<row0>	0.9805 0.0000 0.1964 0.0000	</row0>
					<row1>	0.0000 1.0000 0.0000 0.0000	</row1>
					<row2>	-0.1964 0.0000 0.9805 0.0000	</row2>
					<row3>	0.6330 0.4317 -7.1178 1.0000	</row3>
				</transform>
			</node>
			<node>
				<identifier>	MP_RM200_Running_Lights_B	</identifier>
				<transform>
					<row0>	-1.0000 0.0000 0.0000 0.0000	</row0>
					<row1>	0.0000 1.0000 0.0000 0.0000	</row1>
					<row2>	0.0000 0.0000 -1.0000 0.0000	</row2>
					<row3>	0.0000 0.5638 -9.5887 1.0000	</row3>
				</transform>
			</node>
			<node>
				<identifier>	MP_RM219_Fairlead	</identifier>
				<transform>
					<row0>	2.7782 -0.0581 1.0169 0.0000	</row0>
					<row1>	0.0073 2.9552 0.1489 0.0000	</row1>
					<row2>	-1.0185 -0.1373 2.7748 0.0000	</row2>
					<row3>	-0.4737 0.5047 -9.2109 1.0000	</row3>
				</transform>
			</node>
			<node>
				<identifier>	MP_RM219_Fairlead_INDEX_1	</identifier>
				<transform>
					<row0>	2.7782 0.0581 -1.0169 0.0000	</row0>
					<row1>	-0.0073 2.9552 0.1489 0.0000	</row1>
					<row2>	1.0185 -0.1373 2.7748 0.0000	</row2>
					<row3>	0.4737 0.5047 -9.2109 1.0000	</row3>
				</transform>
			</node>
			<node>
				<identifier>	MP_RM249_Coat_of_Arms_USSR	</identifier>
				<transform>
					<row0>	-1.0000 0.0000 0.0000 0.0000	</row0>
					<row1>	0.0000 0.9975 -0.0700 0.0000	</row1>
					<row2>	0.0000 -0.0700 -0.9975 0.0000	</row2>
					<row3>	0.0000 0.4949 -9.5865 1.0000	</row3>
				</transform>
			</node>
			<node>
				<identifier>	MP_RM256_Fairled	</identifier>
				<transform>
					<row0>	1.5000 0.0000 0.0000 0.0000	</row0>
					<row1>	0.0000 1.4983 0.0711 0.0000	</row1>
					<row2>	0.0000 -0.0711 1.4983 0.0000	</row2>
					<row3>	0.0768 0.4946 -9.1534 1.0000	</row3>
				</transform>
			</node>
			<node>
				<identifier>	MP_RM278_Ammunition_Box	</identifier>
				<transform>
					<row0>	1.0000 0.0000 0.0000 0.0000	</row0>
					<row1>	0.0000 1.0000 0.0000 0.0000	</row1>
					<row2>	0.0000 0.0000 1.0000 0.0000	</row2>
					<row3>	-0.6762 0.4075 -7.0952 1.0000	</row3>
				</transform>
			</node>
			<node>
				<identifier>	MP_RM278_Ammunition_Box_INDEX_1	</identifier>
				<transform>
					<row0>	0.9461 -0.0011 0.3237 0.0000	</row0>
					<row1>	-0.0171 0.9984 0.0534 0.0000	</row1>
					<row2>	-0.3233 -0.0560 0.9446 0.0000	</row2>
					<row3>	-0.3203 0.4947 -9.1871 1.0000	</row3>
				</transform>
			</node>
			<node>
				<identifier>	MP_RM278_Ammunition_Box_INDEX_2	</identifier>
				<transform>
					<row0>	0.9024 -0.0108 0.4308 0.0000	</row0>
					<row1>	0.0097 0.9999 0.0046 0.0000	</row1>
					<row2>	-0.4308 0.0000 0.9024 0.0000	</row2>
					<row3>	-0.7306 0.4081 -7.1081 1.0000	</row3>
				</transform>
			</node>
			<node>
				<identifier>	MP_RM278_Ammunition_Box_INDEX_3	</identifier>
				<transform>
					<row0>	0.9024 0.0108 -0.4308 0.0000	</row0>
					<row1>	-0.0097 0.9999 0.0046 0.0000	</row1>
					<row2>	0.4308 0.0000 0.9024 0.0000	</row2>
					<row3>	0.7306 0.4081 -7.1081 1.0000	</row3>
				</transform>
			</node>
			<node>
				<identifier>	MP_RM278_Ammunition_Box_INDEX_4	</identifier>
				<transform>
					<row0>	0.9461 0.0011 -0.3237 0.0000	</row0>
					<row1>	0.0171 0.9984 0.0534 0.0000	</row1>
					<row2>	0.3233 -0.0560 0.9446 0.0000	</row2>
					<row3>	0.3203 0.4947 -9.1871 1.0000	</row3>
				</transform>
			</node>
			<node>
				<identifier>	MP_RM278_Ammunition_Box_INDEX_5	</identifier>
				<transform>
					<row0>	1.0000 0.0000 0.0000 0.0000	</row0>
					<row1>	0.0000 0.9994 0.0349 0.0000	</row1>
					<row2>	0.0000 -0.0349 0.9994 0.0000	</row2>
					<row3>	0.2741 0.4948 -9.1756 1.0000	</row3>
				</transform>
			</node>
			<node>
				<identifier>	MP_RM278_Ammunition_Box_INDEX_6	</identifier>
				<transform>
					<row0>	1.0000 0.0000 0.0000 0.0000	</row0>
					<row1>	0.0000 1.0000 0.0000 0.0000	</row1>
					<row2>	0.0000 0.0000 1.0000 0.0000	</row2>
					<row3>	0.6762 0.4075 -7.0952 1.0000	</row3>
				</transform>
			</node>
			<node>
				<identifier>	MP_RM278_Ammunition_Box_INDEX_7	</identifier>
				<transform>
					<row0>	1.0000 0.0000 0.0000 0.0000	</row0>
					<row1>	0.0000 0.9994 0.0349 0.0000	</row1>
					<row2>	0.0000 -0.0349 0.9994 0.0000	</row2>
					<row3>	-0.2741 0.4948 -9.1756 1.0000	</row3>
				</transform>
			</node>
			<node>
				<identifier>	MP_RM300_Winch_Provisions	</identifier>
				<transform>
					<row0>	-0.4967 0.0174 -0.8678 0.0000	</row0>
					<row1>	0.0086 0.9998 0.0151 0.0000	</row1>
					<row2>	0.8679 0.0000 -0.4967 0.0000	</row2>
					<row3>	-0.5378 0.3424 -5.1090 1.0000	</row3>
				</transform>
			</node>
			<node>
				<identifier>	MP_RM300_Winch_Provisions_INDEX_1	</identifier>
				<transform>
					<row0>	-0.4967 -0.0174 0.8678 0.0000	</row0>
					<row1>	-0.0086 0.9998 0.0151 0.0000	</row1>
					<row2>	-0.8679 0.0000 -0.4967 0.0000	</row2>
					<row3>	0.5378 0.3424 -5.1090 1.0000	</row3>
				</transform>
			</node>
			<node>
				<identifier>	MP_RM328_Lifesaving_Device	</identifier>
				<transform>
					<row0>	-0.9466 0.0000 -0.3223 0.0000	</row0>
					<row1>	0.0000 1.0000 0.0000 0.0000	</row1>
					<row2>	0.3223 0.0000 -0.9466 0.0000	</row2>
					<row3>	-0.6390 0.4136 -8.8241 1.0000	</row3>
				</transform>
			</node>
			<node>
				<identifier>	MP_RM328_Lifesaving_Device_INDEX_1	</identifier>
				<transform>
					<row0>	0.9466 0.0000 -0.3223 0.0000	</row0>
					<row1>	0.0000 1.0000 0.0000 0.0000	</row1>
					<row2>	0.3223 0.0000 0.9466 0.0000	</row2>
					<row3>	0.6390 0.4136 -8.8241 1.0000	</row3>
				</transform>
			</node>
			<node>
				<identifier>	SP_YMS011_YHWL_M_1_INDEX_11	</identifier>
				<transform>
					<row0>	1.3151 0.4345 0.0908 0.0000	</row0>
					<row1>	-0.4334 1.3182 -0.0299 0.0000	</row1>
					<row2>	-0.0956 0.0000 1.3847 0.0000	</row2>
					<row3>	-1.1641 0.0000 -4.9790 1.0000	</row3>
				</transform>
			</node>
			<node>
				<identifier>	SP_YMS011_YHWL_M_1_INDEX_12	</identifier>
				<transform>
					<row0>	1.3036 0.4506 0.1555 0.0000	</row0>
					<row1>	-0.4474 1.3128 -0.0534 0.0000	</row1>
					<row2>	-0.1644 0.0000 1.3782 0.0000	</row2>
					<row3>	-1.0722 0.0000 -6.1422 1.0000	</row3>
				</transform>
			</node>
			<node>
				<identifier>	SP_YMS011_YHWL_M_1_INDEX_13	</identifier>
				<transform>
					<row0>	1.2389 0.5960 0.1912 0.0000	</row0>
					<row1>	-0.5871 1.2535 -0.1031 0.0000	</row1>
					<row2>	-0.2169 0.0112 1.3709 0.0000	</row2>
					<row3>	-0.9126 0.0007 -7.2884 1.0000	</row3>
				</transform>
			</node>
			<node>
				<identifier>	SP_YMS012_YHWR_M_1_INDEX_11	</identifier>
				<transform>
					<row0>	1.3151 -0.4345 -0.0908 0.0000	</row0>
					<row1>	0.4334 1.3182 -0.0299 0.0000	</row1>
					<row2>	0.0956 0.0000 1.3847 0.0000	</row2>
					<row3>	1.1641 0.0000 -4.9790 1.0000	</row3>
				</transform>
			</node>
			<node>
				<identifier>	SP_YMS012_YHWR_M_1_INDEX_12	</identifier>
				<transform>
					<row0>	1.3036 -0.4506 -0.1555 0.0000	</row0>
					<row1>	0.4474 1.3128 -0.0534 0.0000	</row1>
					<row2>	0.1644 0.0000 1.3782 0.0000	</row2>
					<row3>	1.0722 0.0000 -6.1422 1.0000	</row3>
				</transform>
			</node>
			<node>
				<identifier>	SP_YMS012_YHWR_M_1_INDEX_13	</identifier>
				<transform>
					<row0>	1.2389 -0.5960 -0.1912 0.0000	</row0>
					<row1>	0.5871 1.2535 -0.1031 0.0000	</row1>
					<row2>	0.2169 0.0112 1.3709 0.0000	</row2>
					<row3>	0.9126 0.0007 -7.2884 1.0000	</row3>
				</transform>
			</node>
			<node>
				<identifier>	SP_YMS023_YHUC_L_1	</identifier>
				<transform>
					<row0>	0.6194 0.0000 -0.0304 0.0000	</row0>
					<row1>	0.0000 0.6201 0.0000 0.0000	</row1>
					<row2>	0.0304 0.0000 0.6194 0.0000	</row2>
					<row3>	-0.8963 -0.6081 -6.1677 1.0000	</row3>
				</transform>
			</node>
			<node>
				<identifier>	SP_YMS023_YHUC_L_1_INDEX_1	</identifier>
				<transform>
					<row0>	0.6194 0.0000 0.0304 0.0000	</row0>
					<row1>	0.0000 0.6201 0.0000 0.0000	</row1>
					<row2>	-0.0304 0.0000 0.6194 0.0000	</row2>
					<row3>	0.8963 -0.6081 -6.1677 1.0000	</row3>
				</transform>
			</node>
			<node>
				<identifier>	SP_YMS023_YHUC_L_1_INDEX_2	</identifier>
				<transform>
					<row0>	0.6557 0.0000 -0.0001 0.0000	</row0>
					<row1>	0.0000 0.6557 0.0000 0.0000	</row1>
					<row2>	0.0001 0.0000 0.6557 0.0000	</row2>
					<row3>	-0.5668 -0.6081 -7.4167 1.0000	</row3>
				</transform>
			</node>
			<node>
				<identifier>	SP_YMS023_YHUC_L_1_INDEX_3	</identifier>
				<transform>
					<row0>	0.6557 0.0000 0.0001 0.0000	</row0>
					<row1>	0.0000 0.6557 0.0000 0.0000	</row1>
					<row2>	-0.0001 0.0000 0.6557 0.0000	</row2>
					<row3>	0.5668 -0.6081 -7.4167 1.0000	</row3>
				</transform>
			</node>
			<node>
				<identifier>	SP_YMS030_YHAM_M_1	</identifier>
				<transform>
					<row0>	0.7730 0.0000 0.0000 0.0000	</row0>
					<row1>	0.0000 0.7730 0.0000 0.0000	</row1>
					<row2>	0.0000 0.0000 0.7730 0.0000	</row2>
					<row3>	0.0000 0.3603 -9.5994 1.0000	</row3>
				</transform>
			</node>
			<node>
				<identifier>	SP_YMS031_YHAL_M_1	</identifier>
				<transform>
					<row0>	1.1098 0.0966 0.4110 0.0000	</row0>
					<row1>	-0.1072 1.1825 0.0116 0.0000	</row1>
					<row2>	-0.4084 -0.0479 1.1139 0.0000	</row2>
					<row3>	-0.5019 0.2861 -9.2336 1.0000	</row3>
				</transform>
			</node>
			<node>
				<identifier>	SP_YMS032_YHAR_M_1	</identifier>
				<transform>
					<row0>	1.1098 -0.0966 -0.4110 0.0000	</row0>
					<row1>	0.1072 1.1825 0.0116 0.0000	</row1>
					<row2>	0.4084 -0.0479 1.1139 0.0000	</row2>
					<row3>	0.5019 0.2861 -9.2336 1.0000	</row3>
				</transform>
			</node>
			<node>
				<identifier>	SP_YMS041_YHCS_M_1_INDEX_10	</identifier>
				<transform>
					<row0>	-0.9900 0.0000 -0.1414 0.0000	</row0>
					<row1>	-0.0037 0.9997 0.0258 0.0000	</row1>
					<row2>	0.1414 0.0261 -0.9896 0.0000	</row2>
					<row3>	-0.9108 0.4729 -6.8285 1.0000	</row3>
				</transform>
			</node>
			<node>
				<identifier>	SP_YMS041_YHCS_M_1_INDEX_11	</identifier>
				<transform>
					<row0>	-0.9900 0.0000 0.1414 0.0000	</row0>
					<row1>	0.0037 0.9997 0.0258 0.0000	</row1>
					<row2>	-0.1414 0.0261 -0.9896 0.0000	</row2>
					<row3>	0.9108 0.4729 -6.8285 1.0000	</row3>
				</transform>
			</node>
			<node>
				<identifier>	SP_YMS053_YHDC_S_1_INDEX_10	</identifier>
				<transform>
					<row0>	1.4610 0.0000 0.0000 0.0000	</row0>
					<row1>	0.0000 1.4607 0.0300 0.0000	</row1>
					<row2>	0.0000 -0.0300 1.4607 0.0000	</row2>
					<row3>	-0.8512 0.3462 -4.9405 1.0000	</row3>
				</transform>
			</node>
			<node>
				<identifier>	SP_YMS053_YHDC_S_1_INDEX_11	</identifier>
				<transform>
					<row0>	1.4610 0.0000 0.0000 0.0000	</row0>
					<row1>	0.0000 1.4607 0.0300 0.0000	</row1>
					<row2>	0.0000 -0.0300 1.4607 0.0000	</row2>
					<row3>	0.8512 0.3462 -4.9405 1.0000	</row3>
				</transform>
			</node>
			<node>
				<identifier>	SP_YMS053_YHDC_S_1_INDEX_12	</identifier>
				<transform>
					<row0>	1.4610 0.0000 0.0000 0.0000	</row0>
					<row1>	0.0000 1.4603 0.0437 0.0000	</row1>
					<row2>	0.0000 -0.0437 1.4603 0.0000	</row2>
					<row3>	-0.5110 0.4344 -7.6998 1.0000	</row3>
				</transform>
			</node>
			<node>
				<identifier>	SP_YMS053_YHDC_S_1_INDEX_13	</identifier>
				<transform>
					<row0>	1.4610 0.0000 0.0000 0.0000	</row0>
					<row1>	0.0000 1.4603 0.0437 0.0000	</row1>
					<row2>	0.0000 -0.0437 1.4603 0.0000	</row2>
					<row3>	0.5110 0.4344 -7.6998 1.0000	</row3>
				</transform>
			</node>
			<node>
				<identifier>	SP_YMS070_YHHC_L_1	</identifier>
				<transform>
					<row0>	0.8690 0.0000 0.0000 0.0000	</row0>
					<row1>	0.0000 0.8682 0.0373 0.0000	</row1>
					<row2>	0.0000 -0.0373 0.8682 0.0000	</row2>
					<row3>	0.0000 0.5704 -8.2921 1.0000	</row3>
				</transform>
			</node>
			<node>
				<identifier>	SP_YMS072_YHHC_M_1_INDEX_10	</identifier>
				<transform>
					<row0>	0.0367 0.0000 -0.8072 0.0000	</row0>
					<row1>	0.0000 0.8080 0.0000 0.0000	</row1>
					<row2>	0.8072 0.0000 0.0367 0.0000	</row2>
					<row3>	-1.2030 0.2448 -4.9879 1.0000	</row3>
				</transform>
			</node>
			<node>
				<identifier>	SP_YMS072_YHHC_M_1_INDEX_11	</identifier>
				<transform>
					<row0>	0.0367 0.0000 0.8072 0.0000	</row0>
					<row1>	0.0000 0.8080 0.0000 0.0000	</row1>
					<row2>	-0.8072 0.0000 0.0367 0.0000	</row2>
					<row3>	1.2030 0.2448 -4.9879 1.0000	</row3>
				</transform>
			</node>
			<node>
				<identifier>	SP_YMS072_YHHC_M_1_INDEX_8	</identifier>
				<transform>
					<row0>	0.0000 0.0000 -0.8080 0.0000	</row0>
					<row1>	0.0000 0.8080 0.0000 0.0000	</row1>
					<row2>	0.8080 0.0000 0.0000 0.0000	</row2>
					<row3>	-1.2259 0.2448 -4.3822 1.0000	</row3>
				</transform>
			</node>
			<node>
				<identifier>	SP_YMS072_YHHC_M_1_INDEX_9	</identifier>
				<transform>
					<row0>	0.0000 0.0000 0.8080 0.0000	</row0>
					<row1>	0.0000 0.8080 0.0000 0.0000	</row1>
					<row2>	-0.8080 0.0000 0.0000 0.0000	</row2>
					<row3>	1.2259 0.2448 -4.3822 1.0000	</row3>
				</transform>
			</node>
			<node>
				<identifier>	SP_YMS080_YHSL_M_1_INDEX_2	</identifier>
				<transform>
					<row0>	0.9883 0.0473 0.1451 0.0000	</row0>
					<row1>	-0.0468 0.9989 -0.0068 0.0000	</row1>
					<row2>	-0.1453 -0.0001 0.9894 0.0000	</row2>
					<row3>	-0.9483 0.1934 -7.1459 1.0000	</row3>
				</transform>
			</node>
			<node>
				<identifier>	SP_YMS080_YHSL_M_1_INDEX_3	</identifier>
				<transform>
					<row0>	0.9687 0.0373 0.2455 0.0000	</row0>
					<row1>	-0.0364 0.9993 -0.0084 0.0000	</row1>
					<row2>	-0.2456 -0.0008 0.9694 0.0000	</row2>
					<row3>	-0.7501 0.2719 -8.3427 1.0000	</row3>
				</transform>
			</node>
			<node>
				<identifier>	SP_YMS081_YHSR_M_1_INDEX_2	</identifier>
				<transform>
					<row0>	0.9883 -0.0473 -0.1451 0.0000	</row0>
					<row1>	0.0468 0.9989 -0.0068 0.0000	</row1>
					<row2>	0.1453 -0.0001 0.9894 0.0000	</row2>
					<row3>	0.9483 0.1934 -7.1459 1.0000	</row3>
				</transform>
			</node>
			<node>
				<identifier>	SP_YMS081_YHSR_M_1_INDEX_3	</identifier>
				<transform>
					<row0>	0.9687 -0.0373 -0.2455 0.0000	</row0>
					<row1>	0.0364 0.9993 -0.0084 0.0000	</row1>
					<row2>	0.2456 -0.0008 0.9694 0.0000	</row2>
					<row3>	0.7501 0.2719 -8.3427 1.0000	</row3>
				</transform>
			</node>
			<node>
				<identifier>	SP_YMS083_YHSC_L_1_INDEX_6	</identifier>
				<transform>
					<row0>	0.0723 0.0190 -0.7875 0.0000	</row0>
					<row1>	-0.0017 0.7908 0.0190 0.0000	</row1>
					<row2>	0.7877 0.0000 0.0723 0.0000	</row2>
					<row3>	-1.1477 0.3631 -5.7966 1.0000	</row3>
				</transform>
			</node>
			<node>
				<identifier>	SP_YMS083_YHSC_L_1_INDEX_7	</identifier>
				<transform>
					<row0>	0.0723 -0.0190 0.7875 0.0000	</row0>
					<row1>	0.0017 0.7908 0.0190 0.0000	</row1>
					<row2>	-0.7877 0.0000 0.0723 0.0000	</row2>
					<row3>	1.1477 0.3631 -5.7966 1.0000	</row3>
				</transform>
			</node>
			<node>
				<identifier>	SP_YMS083_YHSC_L_1_INDEX_8	</identifier>
				<transform>
					<row0>	0.0928 0.0190 -0.7853 0.0000	</row0>
					<row1>	-0.0017 0.7908 0.0190 0.0000	</row1>
					<row2>	0.7855 -0.0005 0.0928 0.0000	</row2>
					<row3>	-1.0877 0.3768 -6.3600 1.0000	</row3>
				</transform>
			</node>
			<node>
				<identifier>	SP_YMS083_YHSC_L_1_INDEX_9	</identifier>
				<transform>
					<row0>	0.0928 -0.0190 0.7853 0.0000	</row0>
					<row1>	0.0017 0.7908 0.0190 0.0000	</row1>
					<row2>	-0.7855 -0.0005 0.0928 0.0000	</row2>
					<row3>	1.0877 0.3768 -6.3600 1.0000	</row3>
				</transform>
			</node>
		</node>
	</node>
	<boundingBox>
		<min>	-0.0667 -0.0667 -0.0667	</min>
		<max>	0.0667 0.0667 0.0667	</max>
	</boundingBox>
</RSB015_Sovetskaya_Rossiya_1953_Stern_ports.visual>
