<GSA001_Graf_Zeppelin_1945_Stern_ports.visual>
	<node>
		<identifier>	Scene Root	</identifier>
		<transform>
			<row0>	1.0000 0.0000 0.0000 0.0000	</row0>
			<row1>	0.0000 1.0000 0.0000 0.0000	</row1>
			<row2>	0.0000 0.0000 1.0000 0.0000	</row2>
			<row3>	0.0000 0.0000 0.0000 1.0000	</row3>
		</transform>
		<node>
			<identifier>	Stern_ports	</identifier>
			<transform>
				<row0>	1.0000 0.0000 0.0000 0.0000	</row0>
				<row1>	0.0000 1.0000 0.0000 0.0000	</row1>
				<row2>	0.0000 0.0000 1.0000 0.0000	</row2>
				<row3>	0.0000 0.0000 0.0000 1.0000	</row3>
			</transform>
			<node>
				<identifier>	HP_DeckLand	</identifier>
				<transform>
					<row0>	1.0000 0.0000 0.0000 0.0000	</row0>
					<row1>	0.0000 1.0000 0.0000 0.0000	</row1>
					<row2>	0.0000 0.0000 1.0000 0.0000	</row2>
					<row3>	0.0041 1.0086 -9.1503 1.0000	</row3>
				</transform>
			</node>
			<node>
				<identifier>	HP_Deck_00	</identifier>
				<transform>
					<row0>	1.0000 0.0000 0.0000 0.0000	</row0>
					<row1>	0.0000 1.0000 0.0000 0.0000	</row1>
					<row2>	0.0000 0.0000 1.0000 0.0000	</row2>
					<row3>	-0.3872 0.8985 -6.4225 1.0000	</row3>
				</transform>
			</node>
			<node>
				<identifier>	HP_Deck_01	</identifier>
				<transform>
					<row0>	1.0000 0.0000 0.0000 0.0000	</row0>
					<row1>	0.0000 1.0000 0.0000 0.0000	</row1>
					<row2>	0.0000 0.0000 1.0000 0.0000	</row2>
					<row3>	0.3217 0.9004 -5.6998 1.0000	</row3>
				</transform>
			</node>
			<node>
				<identifier>	HP_Deck_02	</identifier>
				<transform>
					<row0>	1.0000 0.0000 0.0000 0.0000	</row0>
					<row1>	0.0000 1.0000 0.0000 0.0000	</row1>
					<row2>	0.0000 0.0000 1.0000 0.0000	</row2>
					<row3>	-0.3561 0.8968 -4.9537 1.0000	</row3>
				</transform>
			</node>
			<node>
				<identifier>	HP_Deck_03	</identifier>
				<transform>
					<row0>	1.0000 0.0000 0.0000 0.0000	</row0>
					<row1>	0.0000 1.0000 0.0000 0.0000	</row1>
					<row2>	0.0000 0.0000 1.0000 0.0000	</row2>
					<row3>	0.3860 0.8988 -4.2882 1.0000	</row3>
				</transform>
			</node>
			<node>
				<identifier>	HP_Deck_04	</identifier>
				<transform>
					<row0>	1.0000 0.0000 0.0000 0.0000	</row0>
					<row1>	0.0000 1.0000 0.0000 0.0000	</row1>
					<row2>	0.0000 0.0000 1.0000 0.0000	</row2>
					<row3>	-0.4091 0.9026 -3.6524 1.0000	</row3>
				</transform>
			</node>
			<node>
				<identifier>	HP_Deck_05	</identifier>
				<transform>
					<row0>	1.0000 0.0000 0.0000 0.0000	</row0>
					<row1>	0.0000 1.0000 0.0000 0.0000	</row1>
					<row2>	0.0000 0.0000 1.0000 0.0000	</row2>
					<row3>	0.2551 0.9011 -2.9385 1.0000	</row3>
				</transform>
			</node>
			<node>
				<identifier>	HP_Deck_06	</identifier>
				<transform>
					<row0>	1.0000 0.0000 0.0000 0.0000	</row0>
					<row1>	0.0000 1.0000 0.0000 0.0000	</row1>
					<row2>	0.0000 0.0000 1.0000 0.0000	</row2>
					<row3>	-0.4578 0.9016 -2.2776 1.0000	</row3>
				</transform>
			</node>
			<node>
				<identifier>	HP_Deck_07	</identifier>
				<transform>
					<row0>	1.0000 0.0000 0.0000 0.0000	</row0>
					<row1>	0.0000 1.0000 0.0000 0.0000	</row1>
					<row2>	0.0000 0.0000 1.0000 0.0000	</row2>
					<row3>	0.1803 0.9011 -1.5120 1.0000	</row3>
				</transform>
			</node>
			<node>
				<identifier>	HP_Deck_08	</identifier>
				<transform>
					<row0>	1.0000 0.0000 0.0000 0.0000	</row0>
					<row1>	0.0000 1.0000 0.0000 0.0000	</row1>
					<row2>	0.0000 0.0000 1.0000 0.0000	</row2>
					<row3>	-0.4995 0.9026 -0.7533 1.0000	</row3>
				</transform>
			</node>
			<node>
				<identifier>	HP_Deck_09	</identifier>
				<transform>
					<row0>	1.0000 0.0000 0.0000 0.0000	</row0>
					<row1>	0.0000 1.0000 0.0000 0.0000	</row1>
					<row2>	0.0000 0.0000 1.0000 0.0000	</row2>
					<row3>	-0.1552 0.9011 0.4706 1.0000	</row3>
				</transform>
			</node>
			<node>
				<identifier>	HP_DisappearPoint	</identifier>
				<transform>
					<row0>	1.0000 0.0000 0.0000 0.0000	</row0>
					<row1>	0.0000 1.0000 0.0000 0.0000	</row1>
					<row2>	0.0000 0.0000 1.0000 0.0000	</row2>
					<row3>	0.0041 0.9072 -8.3355 1.0000	</row3>
				</transform>
			</node>
			<node>
				<identifier>	HP_FX_Death_3	</identifier>
				<transform>
					<row0>	1.0000 0.0000 0.0000 0.0000	</row0>
					<row1>	0.0000 1.0000 0.0000 0.0000	</row1>
					<row2>	0.0000 0.0000 1.0000 0.0000	</row2>
					<row3>	0.0000 0.0000 -5.2446 1.0000	</row3>
				</transform>
			</node>
			<node>
				<identifier>	HP_FX_Fire_4	</identifier>
				<transform>
					<row0>	1.0000 0.0000 0.0000 0.0000	</row0>
					<row1>	0.0000 1.0000 0.0000 0.0000	</row1>
					<row2>	0.0000 0.0000 1.0000 0.0000	</row2>
					<row3>	-0.5139 0.8941 -6.5122 1.0000	</row3>
				</transform>
			</node>
			<node>
				<identifier>	HP_FX_Fire_4_side_1	</identifier>
				<transform>
					<row0>	1.0000 0.0000 0.0000 0.0000	</row0>
					<row1>	0.0000 1.0000 0.0000 0.0000	</row1>
					<row2>	0.0000 0.0000 1.0000 0.0000	</row2>
					<row3>	0.3751 0.9048 -7.5115 1.0000	</row3>
				</transform>
			</node>
			<node>
				<identifier>	HP_FX_Fire_4_side_2	</identifier>
				<transform>
					<row0>	1.0000 0.0000 0.0000 0.0000	</row0>
					<row1>	0.0000 1.0000 0.0000 0.0000	</row1>
					<row2>	0.0000 0.0000 1.0000 0.0000	</row2>
					<row3>	-0.1239 0.4115 -8.4162 1.0000	</row3>
				</transform>
			</node>
			<node>
				<identifier>	HP_FX_FloodLight_left_1	</identifier>
				<transform>
					<row0>	-1.0000 0.0000 0.0000 0.0000	</row0>
					<row1>	0.0000 1.0000 0.0000 0.0000	</row1>
					<row2>	0.0000 0.0000 -1.0000 0.0000	</row2>
					<row3>	-0.7266 0.8200 -6.9854 1.0000	</row3>
				</transform>
			</node>
			<node>
				<identifier>	HP_FX_FloodLight_right_3	</identifier>
				<transform>
					<row0>	1.0000 0.0000 0.0000 0.0000	</row0>
					<row1>	0.0000 1.0000 0.0000 0.0000	</row1>
					<row2>	0.0000 0.0000 1.0000 0.0000	</row2>
					<row3>	0.6697 0.8374 -7.1684 1.0000	</row3>
				</transform>
			</node>
			<node>
				<identifier>	HP_FX_WakeTraceBack	</identifier>
				<transform>
					<row0>	1.0000 0.0000 0.0000 0.0000	</row0>
					<row1>	0.0000 1.0000 0.0000 0.0000	</row1>
					<row2>	0.0000 0.0000 1.0000 0.0000	</row2>
					<row3>	0.0000 0.0000 -8.4736 1.0000	</row3>
				</transform>
			</node>
			<node>
				<identifier>	HP_FX_WakeTrace_screw_1	</identifier>
				<transform>
					<row0>	1.0000 0.0000 0.0000 0.0000	</row0>
					<row1>	0.0000 1.0000 0.0000 0.0000	</row1>
					<row2>	0.0000 0.0000 1.0000 0.0000	</row2>
					<row3>	-0.4838 -0.4765 -6.1782 1.0000	</row3>
				</transform>
			</node>
			<node>
				<identifier>	HP_FX_WakeTrace_screw_2	</identifier>
				<transform>
					<row0>	1.0000 0.0000 0.0000 0.0000	</row0>
					<row1>	0.0000 1.0000 0.0000 0.0000	</row1>
					<row2>	0.0000 0.0000 1.0000 0.0000	</row2>
					<row3>	-0.2337 -0.4900 -7.0299 1.0000	</row3>
				</transform>
			</node>
			<node>
				<identifier>	HP_FX_WakeTrace_screw_3	</identifier>
				<transform>
					<row0>	1.0000 0.0000 0.0000 0.0000	</row0>
					<row1>	0.0000 1.0000 0.0000 0.0000	</row1>
					<row2>	0.0000 0.0000 1.0000 0.0000	</row2>
					<row3>	0.2337 -0.4900 -7.0299 1.0000	</row3>
				</transform>
			</node>
			<node>
				<identifier>	HP_FX_WakeTrace_screw_4	</identifier>
				<transform>
					<row0>	1.0000 0.0000 0.0000 0.0000	</row0>
					<row1>	0.0000 1.0000 0.0000 0.0000	</row1>
					<row2>	0.0000 0.0000 1.0000 0.0000	</row2>
					<row3>	0.4838 -0.4765 -6.1782 1.0000	</row3>
				</transform>
			</node>
			<node>
				<identifier>	HP_GGA_14	</identifier>
				<transform>
					<row0>	0.0000 0.0000 -1.0000 0.0000	</row0>
					<row1>	0.0000 1.0000 0.0000 0.0000	</row1>
					<row2>	1.0000 0.0000 0.0000 0.0000	</row2>
					<row3>	0.8453 0.7228 -6.2149 1.0000	</row3>
				</transform>
			</node>
			<node>
				<identifier>	HP_GGA_15	</identifier>
				<transform>
					<row0>	0.0000 0.0000 1.0000 0.0000	</row0>
					<row1>	0.0000 1.0000 0.0000 0.0000	</row1>
					<row2>	-1.0000 0.0000 0.0000 0.0000	</row2>
					<row3>	-0.9506 0.7355 -6.2535 1.0000	</row3>
				</transform>
			</node>
			<node>
				<identifier>	HP_GGA_16	</identifier>
				<transform>
					<row0>	0.0000 0.0000 -1.0000 0.0000	</row0>
					<row1>	0.0000 1.0000 0.0000 0.0000	</row1>
					<row2>	1.0000 0.0000 0.0000 0.0000	</row2>
					<row3>	0.8064 0.7210 -7.0822 1.0000	</row3>
				</transform>
			</node>
			<node>
				<identifier>	HP_GGA_17	</identifier>
				<transform>
					<row0>	0.0000 0.0000 1.0000 0.0000	</row0>
					<row1>	0.0000 1.0000 0.0000 0.0000	</row1>
					<row2>	-1.0000 0.0000 0.0000 0.0000	</row2>
					<row3>	-0.8892 0.7218 -7.0978 1.0000	</row3>
				</transform>
			</node>
			<node>
				<identifier>	HP_GGA_18	</identifier>
				<transform>
					<row0>	-1.0000 0.0000 0.0000 0.0000	</row0>
					<row1>	0.0000 1.0000 0.0000 0.0000	</row1>
					<row2>	0.0000 0.0000 -1.0000 0.0000	</row2>
					<row3>	0.0000 0.3999 -8.3301 1.0000	</row3>
				</transform>
			</node>
			<node>
				<identifier>	HP_Ship_death_3	</identifier>
				<transform>
					<row0>	1.0000 0.0000 0.0000 0.0000	</row0>
					<row1>	0.0000 1.0000 0.0000 0.0000	</row1>
					<row2>	0.0000 0.0000 1.0000 0.0000	</row2>
					<row3>	0.0000 0.0000 -4.9518 1.0000	</row3>
				</transform>
			</node>
			<node>
				<identifier>	MP_CM011_Fire_Fighting_Gear	</identifier>
				<transform>
					<row0>	1.0000 0.0000 0.0000 0.0000	</row0>
					<row1>	0.0000 1.0000 0.0000 0.0000	</row1>
					<row2>	0.0000 0.0000 1.0000 0.0000	</row2>
					<row3>	0.0915 0.4038 -7.5876 1.0000	</row3>
				</transform>
			</node>
			<node>
				<identifier>	MP_CM028_Swab_Rack	</identifier>
				<transform>
					<row0>	0.0986 0.0163 -0.9950 0.0000	</row0>
					<row1>	0.0033 0.9999 0.0167 0.0000	</row1>
					<row2>	0.9951 -0.0049 0.0986 0.0000	</row2>
					<row3>	-0.4298 0.3993 -7.1517 1.0000	</row3>
				</transform>
			</node>
			<node>
				<identifier>	MP_CM029_Emergency_Box	</identifier>
				<transform>
					<row0>	0.0627 -0.0073 0.9980 0.0000	</row0>
					<row1>	0.0788 0.9969 0.0023 0.0000	</row1>
					<row2>	-0.9949 0.0785 0.0631 0.0000	</row2>
					<row3>	0.7565 0.8596 -6.6128 1.0000	</row3>
				</transform>
			</node>
			<node>
				<identifier>	MP_CM029_Emergency_Box_INDEX_1	</identifier>
				<transform>
					<row0>	0.1064 0.0087 -0.9943 0.0000	</row0>
					<row1>	-0.4306 0.9018 -0.0382 0.0000	</row1>
					<row2>	0.8963 0.4322 0.0997 0.0000	</row2>
					<row3>	-0.8319 0.8413 -6.8270 1.0000	</row3>
				</transform>
			</node>
			<node>
				<identifier>	MP_CM029_Emergency_Box_INDEX_2	</identifier>
				<transform>
					<row0>	0.0629 -0.0045 0.9980 0.0000	</row0>
					<row1>	0.0346 0.9994 0.0023 0.0000	</row1>
					<row2>	-0.9974 0.0344 0.0631 0.0000	</row2>
					<row3>	0.8162 0.8726 -5.8526 1.0000	</row3>
				</transform>
			</node>
			<node>
				<identifier>	MP_CM029_Emergency_Box_INDEX_3	</identifier>
				<transform>
					<row0>	1.0000 0.0000 0.0000 0.0000	</row0>
					<row1>	0.0000 1.0000 0.0000 0.0000	</row1>
					<row2>	0.0000 0.0000 1.0000 0.0000	</row2>
					<row3>	0.1268 0.4844 -7.5777 1.0000	</row3>
				</transform>
			</node>
			<node>
				<identifier>	MP_CM094_Propeller3_L	</identifier>
				<transform>
					<row0>	0.9861 0.1664 0.0000 0.0000	</row0>
					<row1>	-0.1664 0.9861 0.0000 0.0000	</row1>
					<row2>	0.0000 0.0000 1.0000 0.0000	</row2>
					<row3>	-0.4838 -0.4765 -6.1782 1.0000	</row3>
				</transform>
			</node>
			<node>
				<identifier>	MP_CM094_Propeller3_L_INDEX_1	</identifier>
				<transform>
					<row0>	0.9876 0.1567 0.0000 0.0000	</row0>
					<row1>	-0.1567 0.9876 0.0000 0.0000	</row1>
					<row2>	0.0000 0.0000 1.0000 0.0000	</row2>
					<row3>	-0.2337 -0.4900 -7.0299 1.0000	</row3>
				</transform>
			</node>
			<node>
				<identifier>	MP_CM095_Propeller3_R	</identifier>
				<transform>
					<row0>	0.9876 -0.1567 0.0000 0.0000	</row0>
					<row1>	0.1567 0.9876 0.0000 0.0000	</row1>
					<row2>	0.0000 0.0000 1.0000 0.0000	</row2>
					<row3>	0.2337 -0.4900 -7.0299 1.0000	</row3>
				</transform>
			</node>
			<node>
				<identifier>	MP_CM095_Propeller3_R_INDEX_1	</identifier>
				<transform>
					<row0>	0.9861 -0.1664 0.0000 0.0000	</row0>
					<row1>	0.1664 0.9861 0.0000 0.0000	</row1>
					<row2>	0.0000 0.0000 1.0000 0.0000	</row2>
					<row3>	0.4838 -0.4765 -6.1782 1.0000	</row3>
				</transform>
			</node>
			<node>
				<identifier>	MP_GM003_Reels_1	</identifier>
				<transform>
					<row0>	0.1382 0.0000 -0.9904 0.0000	</row0>
					<row1>	0.0000 1.0000 0.0000 0.0000	</row1>
					<row2>	0.9904 0.0000 0.1382 0.0000	</row2>
					<row3>	-0.5216 0.3988 -7.2481 1.0000	</row3>
				</transform>
			</node>
			<node>
				<identifier>	MP_GM003_Reels_1_INDEX_1	</identifier>
				<transform>
					<row0>	-1.0000 0.0000 0.0000 0.0000	</row0>
					<row1>	0.0000 1.0000 0.0000 0.0000	</row1>
					<row2>	0.0000 0.0000 -1.0000 0.0000	</row2>
					<row3>	-0.2228 0.3996 -7.6192 1.0000	</row3>
				</transform>
			</node>
			<node>
				<identifier>	MP_GM003_Reels_1_INDEX_2	</identifier>
				<transform>
					<row0>	-1.0000 0.0000 0.0000 0.0000	</row0>
					<row1>	0.0000 1.0000 0.0000 0.0000	</row1>
					<row2>	0.0000 0.0000 -1.0000 0.0000	</row2>
					<row3>	-0.3072 0.3996 -7.6183 1.0000	</row3>
				</transform>
			</node>
			<node>
				<identifier>	MP_GM003_Reels_1_INDEX_3	</identifier>
				<transform>
					<row0>	0.1382 0.0000 0.9904 0.0000	</row0>
					<row1>	0.0000 1.0000 0.0000 0.0000	</row1>
					<row2>	-0.9904 0.0000 0.1382 0.0000	</row2>
					<row3>	0.5216 0.4012 -7.2481 1.0000	</row3>
				</transform>
			</node>
			<node>
				<identifier>	MP_GM013_Siren	</identifier>
				<transform>
					<row0>	-0.0933 0.0000 -0.9956 0.0000	</row0>
					<row1>	-0.0136 0.9999 0.0013 0.0000	</row1>
					<row2>	0.9955 0.0136 -0.0933 0.0000	</row2>
					<row3>	0.7623 0.8959 -6.4987 1.0000	</row3>
				</transform>
			</node>
			<node>
				<identifier>	MP_GM013_Siren_INDEX_1	</identifier>
				<transform>
					<row0>	0.0069 0.0000 1.0000 0.0000	</row0>
					<row1>	0.0136 0.9999 0.0000 0.0000	</row1>
					<row2>	-0.9999 0.0136 0.0069 0.0000	</row2>
					<row3>	-0.8964 0.8826 -6.5721 1.0000	</row3>
				</transform>
			</node>
			<node>
				<identifier>	MP_GM016_Sleeve	</identifier>
				<transform>
					<row0>	-1.0000 0.0000 0.0000 0.0000	</row0>
					<row1>	0.0000 1.0000 0.0000 0.0000	</row1>
					<row2>	0.0000 0.0000 -1.0000 0.0000	</row2>
					<row3>	0.1075 0.4623 -7.5729 1.0000	</row3>
				</transform>
			</node>
			<node>
				<identifier>	MP_GM034_Turtles_box	</identifier>
				<transform>
					<row0>	-1.0000 0.0040 0.0000 0.0000	</row0>
					<row1>	0.0040 1.0000 0.0000 0.0000	</row1>
					<row2>	0.0000 0.0000 -1.0000 0.0000	</row2>
					<row3>	-0.0343 0.4063 -7.5746 1.0000	</row3>
				</transform>
			</node>
			<node>
				<identifier>	MP_GM034_Turtles_box_INDEX_1	</identifier>
				<transform>
					<row0>	0.0000 0.0000 1.0000 0.0000	</row0>
					<row1>	0.0292 0.9996 0.0000 0.0000	</row1>
					<row2>	-0.9996 0.0292 0.0000 0.0000	</row2>
					<row3>	-0.8110 0.7688 -6.1136 1.0000	</row3>
				</transform>
			</node>
			<node>
				<identifier>	MP_GM034_Turtles_box_INDEX_2	</identifier>
				<transform>
					<row0>	0.0000 0.0000 -1.0000 0.0000	</row0>
					<row1>	-0.0040 1.0000 0.0000 0.0000	</row1>
					<row2>	1.0000 0.0040 0.0000 0.0000	</row2>
					<row3>	0.7097 0.7269 -6.0784 1.0000	</row3>
				</transform>
			</node>
			<node>
				<identifier>	MP_GM034_Turtles_box_INDEX_3	</identifier>
				<transform>
					<row0>	0.0000 0.0000 -1.0000 0.0000	</row0>
					<row1>	-0.0040 1.0000 0.0000 0.0000	</row1>
					<row2>	1.0000 0.0040 0.0000 0.0000	</row2>
					<row3>	0.6627 0.7267 -6.9410 1.0000	</row3>
				</transform>
			</node>
			<node>
				<identifier>	MP_GM034_Turtles_box_INDEX_4	</identifier>
				<transform>
					<row0>	0.0000 0.0000 1.0000 0.0000	</row0>
					<row1>	0.0040 1.0000 0.0000 0.0000	</row1>
					<row2>	-1.0000 0.0040 0.0000 0.0000	</row2>
					<row3>	-0.7266 0.7255 -6.9795 1.0000	</row3>
				</transform>
			</node>
			<node>
				<identifier>	MP_GM035_LifeBuoy_Mount	</identifier>
				<transform>
					<row0>	0.9804 0.0000 0.1973 0.0000	</row0>
					<row1>	0.0000 1.0000 0.0000 0.0000	</row1>
					<row2>	-0.1973 0.0000 0.9804 0.0000	</row2>
					<row3>	-0.5076 0.4492 -7.7974 1.0000	</row3>
				</transform>
			</node>
			<node>
				<identifier>	MP_GM035_LifeBuoy_Mount_INDEX_1	</identifier>
				<transform>
					<row0>	-0.9761 0.0000 0.2172 0.0000	</row0>
					<row1>	0.0000 1.0000 0.0000 0.0000	</row1>
					<row2>	-0.2172 0.0000 -0.9761 0.0000	</row2>
					<row3>	0.4883 0.4492 -7.8128 1.0000	</row3>
				</transform>
			</node>
			<node>
				<identifier>	MP_GM088_Monogramm_Graf_Zeppelin	</identifier>
				<transform>
					<row0>	1.0000 0.0000 0.0000 0.0000	</row0>
					<row1>	0.0000 1.0000 0.0000 0.0000	</row1>
					<row2>	0.0000 0.0000 1.0000 0.0000	</row2>
					<row3>	0.0000 0.2870 -8.5751 1.0000	</row3>
				</transform>
			</node>
			<node>
				<identifier>	MP_GM090_Graf_Zeppelin	</identifier>
				<transform>
					<row0>	-0.9072 0.2277 0.3537 0.0000	</row0>
					<row1>	0.2167 0.9737 -0.0710 0.0000	</row1>
					<row2>	-0.3606 0.0123 -0.9327 0.0000	</row2>
					<row3>	0.3861 0.3784 -8.2358 1.0000	</row3>
				</transform>
			</node>
			<node>
				<identifier>	MP_GM090_Graf_Zeppelin_INDEX_1	</identifier>
				<transform>
					<row0>	0.9132 0.2602 0.3137 0.0000	</row0>
					<row1>	-0.2550 0.9652 -0.0583 0.0000	</row1>
					<row2>	-0.3179 -0.0268 0.9477 0.0000	</row2>
					<row3>	-0.3993 0.3792 -8.2208 1.0000	</row3>
				</transform>
			</node>
			<node>
				<identifier>	MP_GM532_Float	</identifier>
				<transform>
					<row0>	-0.0587 0.0034 -0.9983 0.0000	</row0>
					<row1>	0.1399 0.9902 -0.0049 0.0000	</row1>
					<row2>	0.9884 -0.1400 -0.0586 0.0000	</row2>
					<row3>	0.9299 0.7459 -5.6180 1.0000	</row3>
				</transform>
			</node>
			<node>
				<identifier>	MP_GM532_Float_INDEX_1	</identifier>
				<transform>
					<row0>	-0.0252 -0.0010 0.9997 0.0000	</row0>
					<row1>	-0.0008 1.0000 0.0010 0.0000	</row1>
					<row2>	-0.9997 -0.0008 -0.0252 0.0000	</row2>
					<row3>	-1.0567 0.7450 -5.0499 1.0000	</row3>
				</transform>
			</node>
			<node>
				<identifier>	MP_GM532_Float_INDEX_10	</identifier>
				<transform>
					<row0>	-0.0589 0.0067 -0.9982 0.0000	</row0>
					<row1>	0.1301 0.9915 -0.0011 0.0000	</row1>
					<row2>	0.9897 -0.1300 -0.0593 0.0000	</row2>
					<row3>	0.9063 0.7465 -5.9052 1.0000	</row3>
				</transform>
			</node>
			<node>
				<identifier>	MP_GM532_Float_INDEX_11	</identifier>
				<transform>
					<row0>	-0.0771 -0.0072 0.9970 0.0000	</row0>
					<row1>	-0.0477 0.9989 0.0035 0.0000	</row1>
					<row2>	-0.9959 -0.0473 -0.0774 0.0000	</row2>
					<row3>	-1.0299 0.7448 -5.4778 1.0000	</row3>
				</transform>
			</node>
			<node>
				<identifier>	MP_GM532_Float_INDEX_12	</identifier>
				<transform>
					<row0>	-0.0655 -0.0068 0.9978 0.0000	</row0>
					<row1>	-0.0094 0.9999 0.0062 0.0000	</row1>
					<row2>	-0.9978 -0.0090 -0.0655 0.0000	</row2>
					<row3>	-0.9980 0.7465 -5.9088 1.0000	</row3>
				</transform>
			</node>
			<node>
				<identifier>	MP_GM532_Float_INDEX_13	</identifier>
				<transform>
					<row0>	-0.0682 -0.0024 0.9977 0.0000	</row0>
					<row1>	-0.0089 1.0000 0.0018 0.0000	</row1>
					<row2>	-0.9976 -0.0088 -0.0682 0.0000	</row2>
					<row3>	-1.0092 0.7431 -5.7649 1.0000	</row3>
				</transform>
			</node>
			<node>
				<identifier>	MP_GM532_Float_INDEX_2	</identifier>
				<transform>
					<row0>	-0.0333 -0.0071 0.9994 0.0000	</row0>
					<row1>	-0.0077 0.9999 0.0069 0.0000	</row1>
					<row2>	-0.9994 -0.0075 -0.0334 0.0000	</row2>
					<row3>	-1.0521 0.7469 -5.1937 1.0000	</row3>
				</transform>
			</node>
			<node>
				<identifier>	MP_GM532_Float_INDEX_3	</identifier>
				<transform>
					<row0>	-0.0375 0.0015 -0.9993 0.0000	</row0>
					<row1>	0.0398 0.9992 0.0000 0.0000	</row1>
					<row2>	0.9985 -0.0397 -0.0375 0.0000	</row2>
					<row3>	0.9706 0.7449 -5.0465 1.0000	</row3>
				</transform>
			</node>
			<node>
				<identifier>	MP_GM532_Float_INDEX_4	</identifier>
				<transform>
					<row0>	-0.0588 0.0015 -0.9983 0.0000	</row0>
					<row1>	0.0398 0.9992 -0.0008 0.0000	</row1>
					<row2>	0.9975 -0.0397 -0.0588 0.0000	</row2>
					<row3>	0.9184 0.7461 -5.7613 1.0000	</row3>
				</transform>
			</node>
			<node>
				<identifier>	MP_GM532_Float_INDEX_5	</identifier>
				<transform>
					<row0>	-0.0535 0.0078 -0.9985 0.0000	</row0>
					<row1>	0.2013 0.9795 -0.0032 0.0000	</row1>
					<row2>	0.9781 -0.2012 -0.0539 0.0000	</row2>
					<row3>	0.9500 0.7489 -5.1895 1.0000	</row3>
				</transform>
			</node>
			<node>
				<identifier>	MP_GM532_Float_INDEX_6	</identifier>
				<transform>
					<row0>	-0.0588 0.0015 -0.9983 0.0000	</row0>
					<row1>	0.0398 0.9992 -0.0008 0.0000	</row1>
					<row2>	0.9975 -0.0397 -0.0588 0.0000	</row2>
					<row3>	0.9462 0.7457 -5.3320 1.0000	</row3>
				</transform>
			</node>
			<node>
				<identifier>	MP_GM532_Float_INDEX_7	</identifier>
				<transform>
					<row0>	-0.0326 -0.0022 0.9995 0.0000	</row0>
					<row1>	-0.0951 0.9955 -0.0009 0.0000	</row1>
					<row2>	-0.9949 -0.0951 -0.0327 0.0000	</row2>
					<row3>	-1.0190 0.7446 -5.6214 1.0000	</row3>
				</transform>
			</node>
			<node>
				<identifier>	MP_GM532_Float_INDEX_8	</identifier>
				<transform>
					<row0>	-0.0740 -0.0014 0.9973 0.0000	</row0>
					<row1>	0.0116 0.9999 0.0023 0.0000	</row1>
					<row2>	-0.9972 0.0118 -0.0740 0.0000	</row2>
					<row3>	-1.0434 0.7458 -5.3359 1.0000	</row3>
				</transform>
			</node>
			<node>
				<identifier>	MP_GM532_Float_INDEX_9	</identifier>
				<transform>
					<row0>	-0.0585 0.0052 -0.9983 0.0000	</row0>
					<row1>	0.1033 0.9946 -0.0008 0.0000	</row1>
					<row2>	0.9929 -0.1032 -0.0588 0.0000	</row2>
					<row3>	0.9404 0.7456 -5.4743 1.0000	</row3>
				</transform>
			</node>
			<node>
				<identifier>	MP_GM536_Life_Boat_3	</identifier>
				<transform>
					<row0>	0.8534 0.5011 0.1437 0.0000	</row0>
					<row1>	-0.4948 0.8654 -0.0794 0.0000	</row1>
					<row2>	-0.1642 -0.0033 0.9864 0.0000	</row2>
					<row3>	-0.4246 0.4950 -7.9381 1.0000	</row3>
				</transform>
			</node>
			<node>
				<identifier>	MP_GM536_Life_Boat_3_INDEX_1	</identifier>
				<transform>
					<row0>	0.8501 -0.4881 -0.1977 0.0000	</row0>
					<row1>	0.4771 0.8728 -0.1033 0.0000	</row1>
					<row2>	0.2230 -0.0065 0.9748 0.0000	</row2>
					<row3>	0.4031 0.4942 -7.9466 1.0000	</row3>
				</transform>
			</node>
			<node>
				<identifier>	MP_GM602_Switch_Box_3	</identifier>
				<transform>
					<row0>	0.0000 0.0000 1.0000 0.0000	</row0>
					<row1>	0.0000 1.0000 0.0000 0.0000	</row1>
					<row2>	-1.0000 0.0000 0.0000 0.0000	</row2>
					<row3>	-0.8082 0.8368 -6.1667 1.0000	</row3>
				</transform>
			</node>
			<node>
				<identifier>	MP_GM602_Switch_Box_3_INDEX_1	</identifier>
				<transform>
					<row0>	-1.0000 0.0000 0.0000 0.0000	</row0>
					<row1>	0.0000 1.0000 0.0000 0.0000	</row1>
					<row2>	0.0000 0.0000 -1.0000 0.0000	</row2>
					<row3>	-0.0131 0.4844 -7.5723 1.0000	</row3>
				</transform>
			</node>
			<node>
				<identifier>	MP_GM602_Switch_Box_3_INDEX_2	</identifier>
				<transform>
					<row0>	0.0000 0.0000 1.0000 0.0000	</row0>
					<row1>	0.0000 1.0000 0.0000 0.0000	</row1>
					<row2>	-1.0000 0.0000 0.0000 0.0000	</row2>
					<row3>	-0.7238 0.8308 -7.0326 1.0000	</row3>
				</transform>
			</node>
			<node>
				<identifier>	MP_GM602_Switch_Box_3_INDEX_3	</identifier>
				<transform>
					<row0>	0.0000 0.0000 -1.0000 0.0000	</row0>
					<row1>	0.0000 1.0000 0.0000 0.0000	</row1>
					<row2>	1.0000 0.0000 0.0000 0.0000	</row2>
					<row3>	0.6609 0.8131 -6.9593 1.0000	</row3>
				</transform>
			</node>
			<node>
				<identifier>	MP_GM602_Switch_Box_3_INDEX_4	</identifier>
				<transform>
					<row0>	0.0000 0.0000 -1.0000 0.0000	</row0>
					<row1>	0.0000 1.0000 0.0000 0.0000	</row1>
					<row2>	1.0000 0.0000 0.0000 0.0000	</row2>
					<row3>	0.7075 0.8131 -6.0967 1.0000	</row3>
				</transform>
			</node>
			<node>
				<identifier>	MP_GM604_Switch_Box_5	</identifier>
				<transform>
					<row0>	0.0000 0.0000 -1.0000 0.0000	</row0>
					<row1>	0.0000 1.0000 0.0000 0.0000	</row1>
					<row2>	1.0000 0.0000 0.0000 0.0000	</row2>
					<row3>	0.7075 0.8096 -6.0750 1.0000	</row3>
				</transform>
			</node>
			<node>
				<identifier>	MP_GM604_Switch_Box_5_INDEX_1	</identifier>
				<transform>
					<row0>	0.0000 0.0000 -1.0000 0.0000	</row0>
					<row1>	0.0000 1.0000 0.0000 0.0000	</row1>
					<row2>	1.0000 0.0000 0.0000 0.0000	</row2>
					<row3>	0.6609 0.8096 -6.9376 1.0000	</row3>
				</transform>
			</node>
			<node>
				<identifier>	MP_GM604_Switch_Box_5_INDEX_2	</identifier>
				<transform>
					<row0>	0.0000 0.0000 1.0000 0.0000	</row0>
					<row1>	0.0000 1.0000 0.0000 0.0000	</row1>
					<row2>	-1.0000 0.0000 0.0000 0.0000	</row2>
					<row3>	-0.7238 0.8272 -7.0109 1.0000	</row3>
				</transform>
			</node>
			<node>
				<identifier>	MP_GM604_Switch_Box_5_INDEX_3	</identifier>
				<transform>
					<row0>	0.0000 0.0000 1.0000 0.0000	</row0>
					<row1>	0.0000 1.0000 0.0000 0.0000	</row1>
					<row2>	-1.0000 0.0000 0.0000 0.0000	</row2>
					<row3>	-0.8082 0.8333 -6.1450 1.0000	</row3>
				</transform>
			</node>
			<node>
				<identifier>	MP_GM604_Switch_Box_5_INDEX_4	</identifier>
				<transform>
					<row0>	-1.0000 0.0000 0.0000 0.0000	</row0>
					<row1>	0.0000 1.0000 0.0000 0.0000	</row1>
					<row2>	0.0000 0.0000 -1.0000 0.0000	</row2>
					<row3>	-0.0325 0.4809 -7.5721 1.0000	</row3>
				</transform>
			</node>
			<node>
				<identifier>	MP_GM606_MC_Box	</identifier>
				<transform>
					<row0>	-1.0000 0.0000 0.0000 0.0000	</row0>
					<row1>	0.0000 1.0000 0.0000 0.0000	</row1>
					<row2>	0.0000 0.0000 -1.0000 0.0000	</row2>
					<row3>	0.0196 0.4844 -7.5725 1.0000	</row3>
				</transform>
			</node>
			<node>
				<identifier>	MP_GM700_AmmoBox	</identifier>
				<transform>
					<row0>	0.9788 0.0000 0.2050 0.0000	</row0>
					<row1>	0.0000 1.0000 0.0000 0.0000	</row1>
					<row2>	-0.2050 0.0000 0.9788 0.0000	</row2>
					<row3>	-0.9062 0.7160 -6.9645 1.0000	</row3>
				</transform>
			</node>
			<node>
				<identifier>	MP_GM700_AmmoBox_INDEX_1	</identifier>
				<transform>
					<row0>	0.9521 0.0000 0.3059 0.0000	</row0>
					<row1>	0.0000 1.0000 0.0000 0.0000	</row1>
					<row2>	-0.3059 0.0000 0.9521 0.0000	</row2>
					<row3>	-0.9726 0.7326 -6.1407 1.0000	</row3>
				</transform>
			</node>
			<node>
				<identifier>	MP_GM700_AmmoBox_INDEX_2	</identifier>
				<transform>
					<row0>	0.9940 0.0000 -0.1097 0.0000	</row0>
					<row1>	0.0000 1.0000 0.0000 0.0000	</row1>
					<row2>	0.1097 0.0000 0.9940 0.0000	</row2>
					<row3>	-0.9100 0.7159 -7.2464 1.0000	</row3>
				</transform>
			</node>
			<node>
				<identifier>	MP_GM700_AmmoBox_INDEX_3	</identifier>
				<transform>
					<row0>	0.8807 0.0000 -0.4736 0.0000	</row0>
					<row1>	0.0000 1.0000 0.0000 0.0000	</row1>
					<row2>	0.4736 0.0000 0.8807 0.0000	</row2>
					<row3>	-0.9954 0.7326 -6.3803 1.0000	</row3>
				</transform>
			</node>
			<node>
				<identifier>	MP_GM701_AmmoBox	</identifier>
				<transform>
					<row0>	0.0000 0.0000 1.0000 0.0000	</row0>
					<row1>	0.0000 1.0000 0.0000 0.0000	</row1>
					<row2>	-1.0000 0.0000 0.0000 0.0000	</row2>
					<row3>	0.0375 0.3984 -8.0892 1.0000	</row3>
				</transform>
			</node>
			<node>
				<identifier>	MP_GM702_AmmoBox	</identifier>
				<transform>
					<row0>	0.0000 0.0000 1.0000 0.0000	</row0>
					<row1>	0.0040 1.0000 0.0000 0.0000	</row1>
					<row2>	-1.0000 0.0040 0.0000 0.0000	</row2>
					<row3>	-0.8248 0.7302 -6.1847 1.0000	</row3>
				</transform>
			</node>
			<node>
				<identifier>	MP_GM702_AmmoBox_INDEX_1	</identifier>
				<transform>
					<row0>	0.0000 0.0000 1.0000 0.0000	</row0>
					<row1>	0.0040 1.0000 0.0000 0.0000	</row1>
					<row2>	-1.0000 0.0040 0.0000 0.0000	</row2>
					<row3>	-0.7368 0.7177 -7.1682 1.0000	</row3>
				</transform>
			</node>
			<node>
				<identifier>	MP_GM702_AmmoBox_INDEX_2	</identifier>
				<transform>
					<row0>	0.0000 0.0000 -1.0000 0.0000	</row0>
					<row1>	-0.0040 1.0000 0.0000 0.0000	</row1>
					<row2>	1.0000 0.0040 0.0000 0.0000	</row2>
					<row3>	0.6752 0.7177 -7.2100 1.0000	</row3>
				</transform>
			</node>
			<node>
				<identifier>	MP_GM702_AmmoBox_INDEX_3	</identifier>
				<transform>
					<row0>	0.0000 0.0000 -1.0000 0.0000	</row0>
					<row1>	-0.0040 1.0000 0.0000 0.0000	</row1>
					<row2>	1.0000 0.0040 0.0000 0.0000	</row2>
					<row3>	0.7206 0.7193 -6.3174 1.0000	</row3>
				</transform>
			</node>
			<node>
				<identifier>	MP_GM751_Hatch	</identifier>
				<transform>
					<row0>	2.0000 0.0000 0.0000 0.0000	</row0>
					<row1>	0.0000 2.0000 0.0000 0.0000	</row1>
					<row2>	0.0000 0.0000 2.0000 0.0000	</row2>
					<row3>	0.1058 0.3984 -8.0892 1.0000	</row3>
				</transform>
			</node>
			<node>
				<identifier>	MP_GM751_Hatch_INDEX_1	</identifier>
				<transform>
					<row0>	2.0000 0.0000 0.0000 0.0000	</row0>
					<row1>	0.0000 2.0000 0.0000 0.0000	</row1>
					<row2>	0.0000 0.0000 2.0000 0.0000	</row2>
					<row3>	-0.0327 0.3984 -8.0892 1.0000	</row3>
				</transform>
			</node>
			<node>
				<identifier>	MP_GM856_Mastheadlight	</identifier>
				<transform>
					<row0>	-1.0000 0.0000 0.0000 0.0000	</row0>
					<row1>	0.0000 1.0000 0.0000 0.0000	</row1>
					<row2>	0.0000 0.0000 -1.0000 0.0000	</row2>
					<row3>	0.0000 0.6119 -8.6692 1.0000	</row3>
				</transform>
			</node>
			<node>
				<identifier>	SP_YMS011_YHWL_M_1_INDEX_1	</identifier>
				<transform>
					<row0>	0.9418 0.2985 0.1548 0.0000	</row0>
					<row1>	-0.2967 0.9543 -0.0354 0.0000	</row1>
					<row2>	-0.1583 -0.0126 0.9873 0.0000	</row2>
					<row3>	-0.5356 0.0000 -6.8593 1.0000	</row3>
				</transform>
			</node>
			<node>
				<identifier>	SP_YMS011_YHWL_M_1_INDEX_2	</identifier>
				<transform>
					<row0>	0.7993 0.5794 0.1595 0.0000	</row0>
					<row1>	-0.5685 0.8150 -0.1117 0.0000	</row1>
					<row2>	-0.1947 -0.0015 0.9809 0.0000	</row2>
					<row3>	-0.3809 0.0000 -7.6932 1.0000	</row3>
				</transform>
			</node>
			<node>
				<identifier>	SP_YMS011_YHWL_M_1_INDEX_6	</identifier>
				<transform>
					<row0>	0.9551 0.2619 0.1382 0.0000	</row0>
					<row1>	-0.2604 0.9651 -0.0294 0.0000	</row1>
					<row2>	-0.1411 -0.0079 0.9900 0.0000	</row2>
					<row3>	-0.6591 0.0000 -6.0198 1.0000	</row3>
				</transform>
			</node>
			<node>
				<identifier>	SP_YMS012_YHWR_M_1_INDEX_11	</identifier>
				<transform>
					<row0>	0.9551 -0.2619 -0.1382 0.0000	</row0>
					<row1>	0.2604 0.9651 -0.0294 0.0000	</row1>
					<row2>	0.1411 -0.0079 0.9900 0.0000	</row2>
					<row3>	0.6591 0.0000 -6.0198 1.0000	</row3>
				</transform>
			</node>
			<node>
				<identifier>	SP_YMS012_YHWR_M_1_INDEX_13	</identifier>
				<transform>
					<row0>	0.9768 -0.1736 -0.1251 0.0000	</row0>
					<row1>	0.1727 0.9848 -0.0182 0.0000	</row1>
					<row2>	0.1263 -0.0038 0.9920 0.0000	</row2>
					<row3>	0.7612 0.0000 -5.1771 1.0000	</row3>
				</transform>
			</node>
			<node>
				<identifier>	SP_YMS012_YHWR_M_1_INDEX_14	</identifier>
				<transform>
					<row0>	0.7993 -0.5794 -0.1595 0.0000	</row0>
					<row1>	0.5685 0.8150 -0.1117 0.0000	</row1>
					<row2>	0.1947 -0.0015 0.9809 0.0000	</row2>
					<row3>	0.3809 0.0000 -7.6932 1.0000	</row3>
				</transform>
			</node>
			<node>
				<identifier>	SP_YMS012_YHWR_M_1_INDEX_15	</identifier>
				<transform>
					<row0>	0.9418 -0.2985 -0.1548 0.0000	</row0>
					<row1>	0.2967 0.9543 -0.0354 0.0000	</row1>
					<row2>	0.1583 -0.0126 0.9873 0.0000	</row2>
					<row3>	0.5356 0.0000 -6.8593 1.0000	</row3>
				</transform>
			</node>
			<node>
				<identifier>	SP_YMS023_YHUC_L_1	</identifier>
				<transform>
					<row0>	0.7000 0.0000 0.0070 0.0000	</row0>
					<row1>	0.0001 0.6999 -0.0141 0.0000	</row1>
					<row2>	-0.0070 0.0141 0.6998 0.0000	</row2>
					<row3>	0.2337 -0.4900 -7.0299 1.0000	</row3>
				</transform>
			</node>
			<node>
				<identifier>	SP_YMS023_YHUC_L_1_INDEX_1	</identifier>
				<transform>
					<row0>	0.7000 0.0000 0.0000 0.0000	</row0>
					<row1>	0.0000 0.7000 0.0000 0.0000	</row1>
					<row2>	0.0000 0.0000 0.7000 0.0000	</row2>
					<row3>	-0.2337 -0.4900 -7.0299 1.0000	</row3>
				</transform>
			</node>
			<node>
				<identifier>	SP_YMS023_YHUC_L_1_INDEX_2	</identifier>
				<transform>
					<row0>	0.6999 0.0000 0.0084 0.0000	</row0>
					<row1>	0.0002 0.6998 -0.0157 0.0000	</row1>
					<row2>	-0.0084 0.0157 0.6998 0.0000	</row2>
					<row3>	0.4838 -0.4765 -6.1782 1.0000	</row3>
				</transform>
			</node>
			<node>
				<identifier>	SP_YMS023_YHUC_L_1_INDEX_3	</identifier>
				<transform>
					<row0>	0.7000 0.0000 0.0036 0.0000	</row0>
					<row1>	0.0000 0.7000 -0.0055 0.0000	</row1>
					<row2>	-0.0036 0.0055 0.7000 0.0000	</row2>
					<row3>	-0.4838 -0.4765 -6.1782 1.0000	</row3>
				</transform>
			</node>
			<node>
				<identifier>	SP_YMS030_YHAM_M_1	</identifier>
				<transform>
					<row0>	0.6980 0.0000 0.0000 0.0000	</row0>
					<row1>	0.0000 0.6980 0.0000 0.0000	</row1>
					<row2>	0.0000 0.0000 0.6980 0.0000	</row2>
					<row3>	0.0000 0.1414 -8.5795 1.0000	</row3>
				</transform>
			</node>
			<node>
				<identifier>	SP_YMS031_YHAL_M_1	</identifier>
				<transform>
					<row0>	0.7897 0.1599 0.4783 0.0000	</row0>
					<row1>	-0.1609 0.9221 -0.0426 0.0000	</row1>
					<row2>	-0.4780 -0.0463 0.8046 0.0000	</row2>
					<row3>	-0.2904 0.2371 -8.3518 1.0000	</row3>
				</transform>
			</node>
			<node>
				<identifier>	SP_YMS032_YHAR_M_1	</identifier>
				<transform>
					<row0>	0.7897 -0.1599 -0.4783 0.0000	</row0>
					<row1>	0.1609 0.9221 -0.0426 0.0000	</row1>
					<row2>	0.4780 -0.0463 0.8046 0.0000	</row2>
					<row3>	0.2904 0.2371 -8.3518 1.0000	</row3>
				</transform>
			</node>
			<node>
				<identifier>	SP_YMS054_YHDA_M_1	</identifier>
				<transform>
					<row0>	0.8500 0.0000 0.0000 0.0000	</row0>
					<row1>	0.0000 1.0000 0.0000 0.0000	</row1>
					<row2>	0.0000 0.0000 1.0000 0.0000	</row2>
					<row3>	-0.0494 0.9017 -7.2509 1.0000	</row3>
				</transform>
			</node>
			<node>
				<identifier>	SP_YMS057_YHDH_M_1_INDEX_2	</identifier>
				<transform>
					<row0>	0.9025 0.0000 0.0000 0.0000	</row0>
					<row1>	0.0000 0.9025 0.0000 0.0000	</row1>
					<row2>	0.0000 0.0000 0.9025 0.0000	</row2>
					<row3>	-0.0076 0.9017 -5.7685 1.0000	</row3>
				</transform>
			</node>
			<node>
				<identifier>	SP_YMS080_YHSL_M_1	</identifier>
				<transform>
					<row0>	0.9543 0.2730 0.1214 0.0000	</row0>
					<row1>	-0.2769 0.9608 0.0160 0.0000	</row1>
					<row2>	-0.1122 -0.0489 0.9925 0.0000	</row2>
					<row3>	-0.7023 0.3924 -6.2009 1.0000	</row3>
				</transform>
			</node>
			<node>
				<identifier>	SP_YMS081_YHSR_M_1	</identifier>
				<transform>
					<row0>	0.9543 -0.2730 -0.1214 0.0000	</row0>
					<row1>	0.2769 0.9608 0.0160 0.0000	</row1>
					<row2>	0.1122 -0.0489 0.9925 0.0000	</row2>
					<row3>	0.7023 0.3802 -6.1597 1.0000	</row3>
				</transform>
			</node>
			<node>
				<identifier>	SP_YMS082_YHSC_M_1	</identifier>
				<transform>
					<row0>	0.1430 -0.0008 -1.1411 0.0000	</row0>
					<row1>	-0.2441 1.1234 -0.0313 0.0000	</row1>
					<row2>	1.1147 0.2461 0.1395 0.0000	</row2>
					<row3>	-0.6238 0.3265 -6.9149 1.0000	</row3>
				</transform>
			</node>
			<node>
				<identifier>	SP_YMS082_YHSC_M_1_INDEX_2	</identifier>
				<transform>
					<row0>	0.1430 0.0008 1.1411 0.0000	</row0>
					<row1>	0.3018 1.1090 -0.0385 0.0000	</row1>
					<row2>	-1.1004 0.3043 0.1377 0.0000	</row2>
					<row3>	0.6306 0.3339 -6.8903 1.0000	</row3>
				</transform>
			</node>
			<node>
				<identifier>	SP_YMS096_YHZC_S_1	</identifier>
				<transform>
					<row0>	-0.0231 0.0000 0.8547 0.0000	</row0>
					<row1>	0.0000 0.8550 0.0000 0.0000	</row1>
					<row2>	-0.8547 0.0000 -0.0231 0.0000	</row2>
					<row3>	0.9475 0.8020 -6.2009 1.0000	</row3>
				</transform>
			</node>
			<node>
				<identifier>	SP_YMS096_YHZC_S_1_INDEX_10	</identifier>
				<transform>
					<row0>	0.0270 0.0000 0.7595 0.0000	</row0>
					<row1>	0.0000 0.7600 0.0000 0.0000	</row1>
					<row2>	-0.7595 0.0000 0.0270 0.0000	</row2>
					<row3>	0.9174 0.7844 -7.0942 1.0000	</row3>
				</transform>
			</node>
			<node>
				<identifier>	SP_YMS096_YHZC_S_1_INDEX_12	</identifier>
				<transform>
					<row0>	0.0273 0.0000 -0.7666 0.0000	</row0>
					<row1>	0.0000 0.7671 0.0000 0.0000	</row1>
					<row2>	0.7666 0.0000 0.0273 0.0000	</row2>
					<row3>	-1.0137 0.7842 -7.1099 1.0000	</row3>
				</transform>
			</node>
			<node>
				<identifier>	SP_YMS096_YHZC_S_1_INDEX_13	</identifier>
				<transform>
					<row0>	0.0061 0.0000 -0.7716 0.0000	</row0>
					<row1>	0.0000 0.7716 0.0000 0.0000	</row1>
					<row2>	0.7716 0.0000 0.0061 0.0000	</row2>
					<row3>	-1.0729 0.8020 -6.2732 1.0000	</row3>
				</transform>
			</node>
		</node>
	</node>
	<boundingBox>
		<min>	-0.0667 -0.0667 -0.0667	</min>
		<max>	0.0667 0.0667 0.0667	</max>
	</boundingBox>
</GSA001_Graf_Zeppelin_1945_Stern_ports.visual>
