<ZSC014_Dalian_1952_Stern_ports.visual>
	<node>
		<identifier>	Scene Root	</identifier>
		<transform>
			<row0>	1.0000 0.0000 0.0000 0.0000	</row0>
			<row1>	0.0000 1.0000 0.0000 0.0000	</row1>
			<row2>	0.0000 0.0000 1.0000 0.0000	</row2>
			<row3>	0.0000 0.0000 0.0000 1.0000	</row3>
		</transform>
		<node>
			<identifier>	Stern_ports	</identifier>
			<transform>
				<row0>	1.0000 0.0000 0.0000 0.0000	</row0>
				<row1>	0.0000 1.0000 0.0000 0.0000	</row1>
				<row2>	0.0000 0.0000 1.0000 0.0000	</row2>
				<row3>	0.0000 0.0000 0.0000 1.0000	</row3>
			</transform>
			<node>
				<identifier>	HP_FX_Death_3	</identifier>
				<transform>
					<row0>	1.0000 0.0000 0.0000 0.0000	</row0>
					<row1>	0.0000 1.0000 0.0000 0.0000	</row1>
					<row2>	0.0000 0.0000 1.0000 0.0000	</row2>
					<row3>	0.0000 0.0000 -3.8049 1.0000	</row3>
				</transform>
			</node>
			<node>
				<identifier>	HP_FX_Fire_4	</identifier>
				<transform>
					<row0>	1.0000 0.0000 0.0000 0.0000	</row0>
					<row1>	0.0000 1.0000 0.0000 0.0000	</row1>
					<row2>	0.0000 0.0000 1.0000 0.0000	</row2>
					<row3>	0.0000 0.2865 -4.0896 1.0000	</row3>
				</transform>
			</node>
			<node>
				<identifier>	HP_FX_Flood_water_left	</identifier>
				<transform>
					<row0>	-0.9921 0.0000 -0.1256 0.0000	</row0>
					<row1>	0.0000 1.0000 0.0000 0.0000	</row1>
					<row2>	0.1256 0.0000 -0.9921 0.0000	</row2>
					<row3>	-0.3484 0.0395 -4.0423 1.0000	</row3>
				</transform>
			</node>
			<node>
				<identifier>	HP_FX_Flood_water_right	</identifier>
				<transform>
					<row0>	0.9973 0.0000 -0.0730 0.0000	</row0>
					<row1>	0.0000 1.0000 0.0000 0.0000	</row1>
					<row2>	0.0730 0.0000 0.9973 0.0000	</row2>
					<row3>	0.3479 0.0400 -4.0424 1.0000	</row3>
				</transform>
			</node>
			<node>
				<identifier>	HP_FX_RepairLight_left_2	</identifier>
				<transform>
					<row0>	-0.0512 0.0000 0.9987 0.0000	</row0>
					<row1>	-0.1237 0.9923 -0.0063 0.0000	</row1>
					<row2>	-0.9910 -0.1239 -0.0509 0.0000	</row2>
					<row3>	-0.4864 0.2788 -3.1952 1.0000	</row3>
				</transform>
			</node>
			<node>
				<identifier>	HP_FX_WakeTraceBack	</identifier>
				<transform>
					<row0>	1.0000 0.0000 0.0000 0.0000	</row0>
					<row1>	0.0000 1.0000 0.0000 0.0000	</row1>
					<row2>	0.0000 0.0000 1.0000 0.0000	</row2>
					<row3>	0.0000 0.0000 -5.6435 1.0000	</row3>
				</transform>
			</node>
			<node>
				<identifier>	HP_FX_WakeTrace_screw_1	</identifier>
				<transform>
					<row0>	1.0000 0.0000 0.0000 0.0000	</row0>
					<row1>	0.0000 1.0000 0.0000 0.0000	</row1>
					<row2>	0.0000 0.0000 1.0000 0.0000	</row2>
					<row3>	-0.2317 -0.2338 -4.9749 1.0000	</row3>
				</transform>
			</node>
			<node>
				<identifier>	HP_FX_WakeTrace_screw_2	</identifier>
				<transform>
					<row0>	1.0000 0.0000 0.0000 0.0000	</row0>
					<row1>	0.0000 1.0000 0.0000 0.0000	</row1>
					<row2>	0.0000 0.0000 1.0000 0.0000	</row2>
					<row3>	0.2317 -0.2338 -4.9749 1.0000	</row3>
				</transform>
			</node>
			<node>
				<identifier>	HP_Ship_death_3	</identifier>
				<transform>
					<row0>	1.0000 0.0000 0.0000 0.0000	</row0>
					<row1>	0.0000 1.0000 0.0000 0.0000	</row1>
					<row2>	0.0000 0.0000 1.0000 0.0000	</row2>
					<row3>	0.0000 0.0000 -3.1800 1.0000	</row3>
				</transform>
			</node>
			<node>
				<identifier>	HP_ZGB_1	</identifier>
				<transform>
					<row0>	0.0000 0.0102 0.9999 0.0000	</row0>
					<row1>	-0.0122 0.9999 -0.0102 0.0000	</row1>
					<row2>	-0.9999 -0.0122 0.0000 0.0000	</row2>
					<row3>	-0.0824 0.2879 -5.0269 1.0000	</row3>
				</transform>
			</node>
			<node>
				<identifier>	HP_ZGB_10	</identifier>
				<transform>
					<row0>	-1.0000 0.0093 0.0000 0.0000	</row0>
					<row1>	0.0092 0.9913 -0.1312 0.0000	</row1>
					<row2>	-0.0012 -0.1312 -0.9914 0.0000	</row2>
					<row3>	0.0749 0.2452 -5.7917 1.0000	</row3>
				</transform>
			</node>
			<node>
				<identifier>	HP_ZGB_2	</identifier>
				<transform>
					<row0>	0.0000 -0.0102 -0.9999 0.0000	</row0>
					<row1>	0.0122 0.9999 -0.0102 0.0000	</row1>
					<row2>	0.9999 -0.0122 0.0000 0.0000	</row2>
					<row3>	0.0824 0.2878 -5.0269 1.0000	</row3>
				</transform>
			</node>
			<node>
				<identifier>	HP_ZGB_3	</identifier>
				<transform>
					<row0>	0.0000 0.0022 1.0000 0.0000	</row0>
					<row1>	-0.0135 0.9999 -0.0022 0.0000	</row1>
					<row2>	-0.9999 -0.0135 0.0000 0.0000	</row2>
					<row3>	-0.1153 0.2864 -5.2926 1.0000	</row3>
				</transform>
			</node>
			<node>
				<identifier>	HP_ZGB_4	</identifier>
				<transform>
					<row0>	0.0000 -0.0022 -1.0000 0.0000	</row0>
					<row1>	0.0135 0.9999 -0.0022 0.0000	</row1>
					<row2>	0.9999 -0.0135 0.0000 0.0000	</row2>
					<row3>	0.1153 0.2860 -5.3141 1.0000	</row3>
				</transform>
			</node>
			<node>
				<identifier>	HP_ZGB_5	</identifier>
				<transform>
					<row0>	-0.1849 0.0000 0.9828 0.0000	</row0>
					<row1>	0.0000 1.0000 0.0000 0.0000	</row1>
					<row2>	-0.9828 0.0000 -0.1849 0.0000	</row2>
					<row3>	-0.2898 0.2883 -5.3363 1.0000	</row3>
				</transform>
			</node>
			<node>
				<identifier>	HP_ZGB_6	</identifier>
				<transform>
					<row0>	-0.1849 0.0000 -0.9828 0.0000	</row0>
					<row1>	0.0000 1.0000 0.0000 0.0000	</row1>
					<row2>	0.9828 0.0000 -0.1849 0.0000	</row2>
					<row3>	0.2898 0.2883 -5.3363 1.0000	</row3>
				</transform>
			</node>
			<node>
				<identifier>	HP_ZGB_7	</identifier>
				<transform>
					<row0>	-0.2294 0.0000 0.9733 0.0000	</row0>
					<row1>	0.0000 1.0000 0.0000 0.0000	</row1>
					<row2>	-0.9733 0.0000 -0.2294 0.0000	</row2>
					<row3>	-0.2556 0.2885 -5.4887 1.0000	</row3>
				</transform>
			</node>
			<node>
				<identifier>	HP_ZGB_8	</identifier>
				<transform>
					<row0>	-0.2294 0.0000 -0.9733 0.0000	</row0>
					<row1>	0.0000 1.0000 0.0000 0.0000	</row1>
					<row2>	0.9733 0.0000 -0.2294 0.0000	</row2>
					<row3>	0.2556 0.2885 -5.4887 1.0000	</row3>
				</transform>
			</node>
			<node>
				<identifier>	HP_ZGB_9	</identifier>
				<transform>
					<row0>	-1.0000 -0.0093 0.0000 0.0000	</row0>
					<row1>	-0.0092 0.9913 -0.1312 0.0000	</row1>
					<row2>	0.0012 -0.1312 -0.9914 0.0000	</row2>
					<row3>	-0.0749 0.2452 -5.7917 1.0000	</row3>
				</transform>
			</node>
			<node>
				<identifier>	MP_CM011_Fire_Fighting_Gear	</identifier>
				<transform>
					<row0>	0.0000 0.0184 0.9998 0.0000	</row0>
					<row1>	0.0000 0.9998 -0.0184 0.0000	</row1>
					<row2>	-1.0000 0.0000 0.0000 0.0000	</row2>
					<row3>	0.0596 0.2935 -4.5278 1.0000	</row3>
				</transform>
			</node>
			<node>
				<identifier>	MP_CM011_Fire_Fighting_Gear_INDEX_1	</identifier>
				<transform>
					<row0>	0.0000 -0.0184 -0.9998 0.0000	</row0>
					<row1>	0.0000 0.9998 -0.0184 0.0000	</row1>
					<row2>	1.0000 0.0000 0.0000 0.0000	</row2>
					<row3>	-0.0596 0.2935 -4.5278 1.0000	</row3>
				</transform>
			</node>
			<node>
				<identifier>	MP_CM077_Propeller_PL_3_R	</identifier>
				<transform>
					<row0>	1.0250 0.0000 0.0000 0.0000	</row0>
					<row1>	0.0000 1.0250 0.0000 0.0000	</row1>
					<row2>	0.0000 0.0000 1.0250 0.0000	</row2>
					<row3>	0.0000 -0.1995 -5.0644 1.0000	</row3>
				</transform>
			</node>
			<node>
				<identifier>	MP_CM137_Anchor_Up	</identifier>
				<transform>
					<row0>	-0.6050 0.0000 0.0000 0.0000	</row0>
					<row1>	0.0000 0.3762 0.4950 0.0000	</row1>
					<row2>	0.0000 0.4817 -0.3661 0.0000	</row2>
					<row3>	-0.0003 0.1124 -5.8671 1.0000	</row3>
				</transform>
			</node>
			<node>
				<identifier>	MP_CM138_Anchor_Bottom	</identifier>
				<transform>
					<row0>	-0.6223 0.0000 0.0000 0.0000	</row0>
					<row1>	0.0000 0.6210 -0.0403 0.0000	</row1>
					<row2>	0.0000 -0.0403 -0.6210 0.0000	</row2>
					<row3>	0.0000 0.1060 -5.8669 1.0000	</row3>
				</transform>
			</node>
			<node>
				<identifier>	MP_CM161_Propeller_4_8m_BB_R	</identifier>
				<transform>
					<row0>	0.8199 0.0000 0.0156 0.0000	</row0>
					<row1>	0.0000 0.8200 0.0000 0.0000	</row1>
					<row2>	-0.0156 0.0000 0.8199 0.0000	</row2>
					<row3>	0.2317 -0.2338 -4.9749 1.0000	</row3>
				</transform>
			</node>
			<node>
				<identifier>	MP_CM162_Propeller_4_8m_BB_L	</identifier>
				<transform>
					<row0>	0.8199 0.0000 -0.0156 0.0000	</row0>
					<row1>	0.0000 0.8200 0.0000 0.0000	</row1>
					<row2>	0.0156 0.0000 0.8199 0.0000	</row2>
					<row3>	-0.2317 -0.2338 -4.9749 1.0000	</row3>
				</transform>
			</node>
			<node>
				<identifier>	MP_ZM004_Basket_Rope	</identifier>
				<transform>
					<row0>	0.9923 -0.0534 -0.1114 0.0000	</row0>
					<row1>	0.0530 0.9986 -0.0066 0.0000	</row1>
					<row2>	0.1116 0.0006 0.9937 0.0000	</row2>
					<row3>	0.4502 0.2813 -3.3371 1.0000	</row3>
				</transform>
			</node>
			<node>
				<identifier>	MP_ZM004_Basket_Rope_INDEX_1	</identifier>
				<transform>
					<row0>	0.9923 0.0534 0.1114 0.0000	</row0>
					<row1>	-0.0530 0.9986 -0.0066 0.0000	</row1>
					<row2>	-0.1116 0.0006 0.9937 0.0000	</row2>
					<row3>	-0.4502 0.2813 -3.3371 1.0000	</row3>
				</transform>
			</node>
			<node>
				<identifier>	MP_ZM014_Screen_Smoke_DA2	</identifier>
				<transform>
					<row0>	-0.1372 -0.0063 0.9905 0.0000	</row0>
					<row1>	-0.0126 0.9999 0.0046 0.0000	</row1>
					<row2>	-0.9905 -0.0118 -0.1373 0.0000	</row2>
					<row3>	-0.3378 0.2806 -4.8661 1.0000	</row3>
				</transform>
			</node>
			<node>
				<identifier>	MP_ZM014_Screen_Smoke_DA2_INDEX_1	</identifier>
				<transform>
					<row0>	-0.1372 0.0063 -0.9905 0.0000	</row0>
					<row1>	0.0126 0.9999 0.0046 0.0000	</row1>
					<row2>	0.9905 -0.0118 -0.1373 0.0000	</row2>
					<row3>	0.3378 0.2806 -4.8661 1.0000	</row3>
				</transform>
			</node>
			<node>
				<identifier>	MP_ZM059_Reels	</identifier>
				<transform>
					<row0>	0.0003 0.0098 1.1000 0.0000	</row0>
					<row1>	-0.0277 1.0996 -0.0098 0.0000	</row1>
					<row2>	-1.0997 -0.0277 0.0005 0.0000	</row2>
					<row3>	-0.0825 0.2952 -3.3472 1.0000	</row3>
				</transform>
			</node>
			<node>
				<identifier>	MP_ZM059_Reels_INDEX_1	</identifier>
				<transform>
					<row0>	0.0003 -0.0098 -1.1000 0.0000	</row0>
					<row1>	0.0277 1.0996 -0.0098 0.0000	</row1>
					<row2>	1.0997 -0.0277 0.0005 0.0000	</row2>
					<row3>	0.0825 0.2952 -3.3472 1.0000	</row3>
				</transform>
			</node>
			<node>
				<identifier>	MP_ZM091_Emblem	</identifier>
				<transform>
					<row0>	1.0000 0.0000 0.0000 0.0000	</row0>
					<row1>	0.0000 1.0000 0.0000 0.0000	</row1>
					<row2>	0.0000 0.0000 1.0000 0.0000	</row2>
					<row3>	0.0000 0.0000 0.0000 1.0000	</row3>
				</transform>
			</node>
			<node>
				<identifier>	MP_ZM102_Life_Buoy	</identifier>
				<transform>
					<row0>	0.0945 0.0000 -0.9955 0.0000	</row0>
					<row1>	0.0000 1.0000 0.0000 0.0000	</row1>
					<row2>	0.9955 0.0000 0.0945 0.0000	</row2>
					<row3>	-0.3755 0.3549 -4.7154 1.0000	</row3>
				</transform>
			</node>
			<node>
				<identifier>	MP_ZM102_Life_Buoy_INDEX_1	</identifier>
				<transform>
					<row0>	0.0945 0.0000 0.9955 0.0000	</row0>
					<row1>	0.0000 1.0000 0.0000 0.0000	</row1>
					<row2>	-0.9955 0.0000 0.0945 0.0000	</row2>
					<row3>	0.3755 0.3549 -4.7154 1.0000	</row3>
				</transform>
			</node>
			<node>
				<identifier>	MP_ZM105_Depth_Charge_BM1	</identifier>
				<transform>
					<row0>	0.9729 -0.0635 -0.2222 0.0000	</row0>
					<row1>	0.0625 0.9980 -0.0115 0.0000	</row1>
					<row2>	0.2224 -0.0027 0.9749 0.0000	</row2>
					<row3>	0.2559 0.2805 -5.4284 1.0000	</row3>
				</transform>
			</node>
			<node>
				<identifier>	MP_ZM105_Depth_Charge_BM1_INDEX_1	</identifier>
				<transform>
					<row0>	0.9823 -0.0379 -0.1833 0.0000	</row0>
					<row1>	0.0368 0.9993 -0.0090 0.0000	</row1>
					<row2>	0.1835 0.0021 0.9830 0.0000	</row2>
					<row3>	0.2915 0.2806 -5.2279 1.0000	</row3>
				</transform>
			</node>
			<node>
				<identifier>	MP_ZM105_Depth_Charge_BM1_INDEX_10	</identifier>
				<transform>
					<row0>	0.9823 0.0379 0.1833 0.0000	</row0>
					<row1>	-0.0368 0.9993 -0.0090 0.0000	</row1>
					<row2>	-0.1835 0.0021 0.9830 0.0000	</row2>
					<row3>	-0.2874 0.2806 -5.2491 1.0000	</row3>
				</transform>
			</node>
			<node>
				<identifier>	MP_ZM105_Depth_Charge_BM1_INDEX_11	</identifier>
				<transform>
					<row0>	0.9729 -0.0635 -0.2222 0.0000	</row0>
					<row1>	0.0625 0.9980 -0.0115 0.0000	</row1>
					<row2>	0.2224 -0.0027 0.9749 0.0000	</row2>
					<row3>	0.2604 0.2804 -5.4074 1.0000	</row3>
				</transform>
			</node>
			<node>
				<identifier>	MP_ZM105_Depth_Charge_BM1_INDEX_2	</identifier>
				<transform>
					<row0>	0.9729 0.0635 0.2222 0.0000	</row0>
					<row1>	-0.0625 0.9980 -0.0115 0.0000	</row1>
					<row2>	-0.2224 -0.0027 0.9749 0.0000	</row2>
					<row3>	-0.2559 0.2805 -5.4284 1.0000	</row3>
				</transform>
			</node>
			<node>
				<identifier>	MP_ZM105_Depth_Charge_BM1_INDEX_3	</identifier>
				<transform>
					<row0>	0.9729 0.0635 0.2222 0.0000	</row0>
					<row1>	-0.0625 0.9980 -0.0115 0.0000	</row1>
					<row2>	-0.2224 -0.0027 0.9749 0.0000	</row2>
					<row3>	-0.2652 0.2804 -5.3871 1.0000	</row3>
				</transform>
			</node>
			<node>
				<identifier>	MP_ZM105_Depth_Charge_BM1_INDEX_4	</identifier>
				<transform>
					<row0>	0.9823 0.0379 0.1833 0.0000	</row0>
					<row1>	-0.0368 0.9993 -0.0090 0.0000	</row1>
					<row2>	-0.1835 0.0021 0.9830 0.0000	</row2>
					<row3>	-0.2915 0.2806 -5.2279 1.0000	</row3>
				</transform>
			</node>
			<node>
				<identifier>	MP_ZM105_Depth_Charge_BM1_INDEX_5	</identifier>
				<transform>
					<row0>	0.9729 -0.0635 -0.2222 0.0000	</row0>
					<row1>	0.0625 0.9980 -0.0115 0.0000	</row1>
					<row2>	0.2224 -0.0027 0.9749 0.0000	</row2>
					<row3>	0.2652 0.2804 -5.3871 1.0000	</row3>
				</transform>
			</node>
			<node>
				<identifier>	MP_ZM105_Depth_Charge_BM1_INDEX_6	</identifier>
				<transform>
					<row0>	0.9729 0.0635 0.2222 0.0000	</row0>
					<row1>	-0.0625 0.9980 -0.0115 0.0000	</row1>
					<row2>	-0.2224 -0.0027 0.9749 0.0000	</row2>
					<row3>	-0.2604 0.2804 -5.4074 1.0000	</row3>
				</transform>
			</node>
			<node>
				<identifier>	MP_ZM105_Depth_Charge_BM1_INDEX_7	</identifier>
				<transform>
					<row0>	0.9823 -0.0379 -0.1833 0.0000	</row0>
					<row1>	0.0368 0.9993 -0.0090 0.0000	</row1>
					<row2>	0.1835 0.0021 0.9830 0.0000	</row2>
					<row3>	0.2874 0.2806 -5.2491 1.0000	</row3>
				</transform>
			</node>
			<node>
				<identifier>	MP_ZM105_Depth_Charge_BM1_INDEX_8	</identifier>
				<transform>
					<row0>	0.9823 -0.0379 -0.1833 0.0000	</row0>
					<row1>	0.0368 0.9993 -0.0090 0.0000	</row1>
					<row2>	0.1835 0.0021 0.9830 0.0000	</row2>
					<row3>	0.2837 0.2806 -5.2698 1.0000	</row3>
				</transform>
			</node>
			<node>
				<identifier>	MP_ZM105_Depth_Charge_BM1_INDEX_9	</identifier>
				<transform>
					<row0>	0.9823 0.0379 0.1833 0.0000	</row0>
					<row1>	-0.0368 0.9993 -0.0090 0.0000	</row1>
					<row2>	-0.1835 0.0021 0.9830 0.0000	</row2>
					<row3>	-0.2837 0.2806 -5.2698 1.0000	</row3>
				</transform>
			</node>
			<node>
				<identifier>	MP_ZM108_Depth_Charge_Loading_Rack_BMB2_R	</identifier>
				<transform>
					<row0>	0.9999 0.0132 0.0000 0.0000	</row0>
					<row1>	-0.0132 0.9999 0.0000 0.0000	</row1>
					<row2>	0.0000 0.0000 1.0000 0.0000	</row2>
					<row3>	-0.0943 0.2895 -5.1534 1.0000	</row3>
				</transform>
			</node>
			<node>
				<identifier>	MP_ZM108_Depth_Charge_Loading_Rack_BMB2_R_INDEX_1	</identifier>
				<transform>
					<row0>	0.9999 -0.0132 0.0000 0.0000	</row0>
					<row1>	0.0132 0.9999 0.0000 0.0000	</row1>
					<row2>	0.0000 0.0000 1.0000 0.0000	</row2>
					<row3>	0.0943 0.2895 -5.1534 1.0000	</row3>
				</transform>
			</node>
			<node>
				<identifier>	MP_ZM110_GMZ	</identifier>
				<transform>
					<row0>	0.0000 0.0000 -1.0000 0.0000	</row0>
					<row1>	0.0238 0.9997 0.0000 0.0000	</row1>
					<row2>	0.9997 -0.0238 0.0000 0.0000	</row2>
					<row3>	0.0955 0.2972 -3.4650 1.0000	</row3>
				</transform>
			</node>
			<node>
				<identifier>	MP_ZM110_GMZ_INDEX_1	</identifier>
				<transform>
					<row0>	0.0000 0.0000 1.0000 0.0000	</row0>
					<row1>	-0.0238 0.9997 0.0000 0.0000	</row1>
					<row2>	-0.9997 -0.0238 0.0000 0.0000	</row2>
					<row3>	-0.0955 0.2972 -3.4650 1.0000	</row3>
				</transform>
			</node>
			<node>
				<identifier>	MP_ZM135_Screened_speed_light	</identifier>
				<transform>
					<row0>	-1.0000 0.0000 0.0000 0.0000	</row0>
					<row1>	0.0000 1.0000 0.0000 0.0000	</row1>
					<row2>	0.0000 0.0000 -1.0000 0.0000	</row2>
					<row3>	0.0000 0.4558 -5.9117 1.0000	</row3>
				</transform>
			</node>
			<node>
				<identifier>	MP_ZM2957_Platform_over_Anchor	</identifier>
				<transform>
					<row0>	1.2000 0.0000 0.0000 0.0000	</row0>
					<row1>	0.0000 1.2000 -0.0056 0.0000	</row1>
					<row2>	0.0000 0.0056 1.2000 0.0000	</row2>
					<row3>	0.0000 0.2870 -5.6712 1.0000	</row3>
				</transform>
			</node>
			<node>
				<identifier>	MP_ZM500_Yawl_20ft	</identifier>
				<transform>
					<row0>	0.9956 0.0000 0.0934 0.0000	</row0>
					<row1>	0.0000 1.0000 0.0000 0.0000	</row1>
					<row2>	-0.0934 0.0000 0.9956 0.0000	</row2>
					<row3>	-0.3550 0.3140 -4.1836 1.0000	</row3>
				</transform>
			</node>
			<node>
				<identifier>	MP_ZM500_Yawl_20ft_INDEX_1	</identifier>
				<transform>
					<row0>	0.9956 0.0000 -0.0934 0.0000	</row0>
					<row1>	0.0000 1.0000 0.0000 0.0000	</row1>
					<row2>	0.0934 0.0000 0.9956 0.0000	</row2>
					<row3>	0.3550 0.3140 -4.1836 1.0000	</row3>
				</transform>
			</node>
			<node>
				<identifier>	MP_ZM541_Lifeboat_SPS18	</identifier>
				<transform>
					<row0>	0.0000 0.0000 -1.0000 0.0000	</row0>
					<row1>	0.0000 1.0000 0.0000 0.0000	</row1>
					<row2>	1.0000 0.0000 0.0000 0.0000	</row2>
					<row3>	0.0000 0.3268 -4.2704 1.0000	</row3>
				</transform>
			</node>
			<node>
				<identifier>	MP_ZM541_Lifeboat_SPS18_INDEX_1	</identifier>
				<transform>
					<row0>	0.0000 0.0000 -1.0000 0.0000	</row0>
					<row1>	0.0000 1.0000 0.0000 0.0000	</row1>
					<row2>	1.0000 0.0000 0.0000 0.0000	</row2>
					<row3>	0.0000 0.2935 -4.2704 1.0000	</row3>
				</transform>
			</node>
			<node>
				<identifier>	MP_ZM754_Hatch	</identifier>
				<transform>
					<row0>	0.8999 0.0125 -0.0026 0.0000	</row0>
					<row1>	-0.0125 0.8999 -0.0026 0.0000	</row1>
					<row2>	0.0025 0.0026 0.9000 0.0000	</row2>
					<row3>	-0.0672 0.2940 -3.6346 1.0000	</row3>
				</transform>
			</node>
			<node>
				<identifier>	MP_ZM754_Hatch_INDEX_1	</identifier>
				<transform>
					<row0>	0.8999 -0.0125 0.0026 0.0000	</row0>
					<row1>	0.0125 0.8999 -0.0026 0.0000	</row1>
					<row2>	-0.0025 0.0026 0.9000 0.0000	</row2>
					<row3>	0.0672 0.2940 -3.6346 1.0000	</row3>
				</transform>
			</node>
			<node>
				<identifier>	MP_ZM774_Hatch	</identifier>
				<transform>
					<row0>	-0.9996 -0.0279 0.0015 0.0000	</row0>
					<row1>	-0.0279 0.9996 -0.0016 0.0000	</row1>
					<row2>	-0.0014 -0.0016 -1.0000 0.0000	</row2>
					<row3>	-0.1408 0.2843 -5.3820 1.0000	</row3>
				</transform>
			</node>
			<node>
				<identifier>	MP_ZM774_Hatch_INDEX_1	</identifier>
				<transform>
					<row0>	-0.9999 0.0119 0.0000 0.0000	</row0>
					<row1>	0.0119 0.9996 -0.0253 0.0000	</row1>
					<row2>	-0.0003 -0.0253 -0.9997 0.0000	</row2>
					<row3>	-0.0003 0.2918 -4.5484 1.0000	</row3>
				</transform>
			</node>
			<node>
				<identifier>	MP_ZM810_Ventilation_mushroom	</identifier>
				<transform>
					<row0>	0.7000 0.0000 0.0000 0.0000	</row0>
					<row1>	0.0000 0.7000 0.0000 0.0000	</row1>
					<row2>	0.0000 0.0000 0.7000 0.0000	</row2>
					<row3>	-0.1174 0.2924 -3.7320 1.0000	</row3>
				</transform>
			</node>
			<node>
				<identifier>	MP_ZM810_Ventilation_mushroom_INDEX_1	</identifier>
				<transform>
					<row0>	0.7000 0.0000 0.0000 0.0000	</row0>
					<row1>	0.0000 0.7000 0.0000 0.0000	</row1>
					<row2>	0.0000 0.0000 0.7000 0.0000	</row2>
					<row3>	0.1335 0.2914 -3.7653 1.0000	</row3>
				</transform>
			</node>
			<node>
				<identifier>	MP_ZM810_Ventilation_mushroom_INDEX_2	</identifier>
				<transform>
					<row0>	0.7000 0.0000 0.0000 0.0000	</row0>
					<row1>	0.0000 0.7000 0.0000 0.0000	</row1>
					<row2>	0.0000 0.0000 0.7000 0.0000	</row2>
					<row3>	-0.0586 0.2906 -4.6553 1.0000	</row3>
				</transform>
			</node>
			<node>
				<identifier>	MP_ZM852_Running_Lights_B	</identifier>
				<transform>
					<row0>	-2.2000 0.0000 0.0000 0.0000	</row0>
					<row1>	0.0000 2.2000 0.0000 0.0000	</row1>
					<row2>	0.0000 0.0000 -2.2000 0.0000	</row2>
					<row3>	0.0000 0.4019 -5.9108 1.0000	</row3>
				</transform>
			</node>
			<node>
				<identifier>	MP_ZM857_Signal_Lamp	</identifier>
				<transform>
					<row0>	-1.2000 0.0000 0.0000 0.0000	</row0>
					<row1>	0.0000 1.2000 0.0000 0.0000	</row1>
					<row2>	0.0000 0.0000 -1.2000 0.0000	</row2>
					<row3>	0.0000 0.7346 -5.9457 1.0000	</row3>
				</transform>
			</node>
			<node>
				<identifier>	MP_ZM915_Davit	</identifier>
				<transform>
					<row0>	0.9939 0.0000 0.1102 0.0000	</row0>
					<row1>	0.0000 1.0000 -0.0011 0.0000	</row1>
					<row2>	-0.1102 0.0011 0.9939 0.0000	</row2>
					<row3>	-0.4204 0.2875 -4.4160 1.0000	</row3>
				</transform>
			</node>
			<node>
				<identifier>	MP_ZM915_Davit_INDEX_1	</identifier>
				<transform>
					<row0>	0.9939 0.0000 -0.1102 0.0000	</row0>
					<row1>	0.0000 1.0000 -0.0011 0.0000	</row1>
					<row2>	0.1102 0.0011 0.9939 0.0000	</row2>
					<row3>	0.4204 0.2875 -4.4160 1.0000	</row3>
				</transform>
			</node>
			<node>
				<identifier>	MP_ZM915_Davit_INDEX_2	</identifier>
				<transform>
					<row0>	0.9939 0.0000 -0.1106 0.0000	</row0>
					<row1>	0.0000 1.0000 -0.0011 0.0000	</row1>
					<row2>	0.1106 0.0011 0.9939 0.0000	</row2>
					<row3>	0.4558 0.2872 -4.0152 1.0000	</row3>
				</transform>
			</node>
			<node>
				<identifier>	MP_ZM915_Davit_INDEX_3	</identifier>
				<transform>
					<row0>	0.9939 0.0000 0.1106 0.0000	</row0>
					<row1>	0.0000 1.0000 -0.0011 0.0000	</row1>
					<row2>	-0.1106 0.0011 0.9939 0.0000	</row2>
					<row3>	-0.4558 0.2886 -4.0152 1.0000	</row3>
				</transform>
			</node>
			<node>
				<identifier>	MP_ZM950_Bollard	</identifier>
				<transform>
					<row0>	1.5934 0.0767 0.1234 0.0000	</row0>
					<row1>	-0.0763 1.5982 -0.0083 0.0000	</row1>
					<row2>	-0.1237 0.0024 1.5952 0.0000	</row2>
					<row3>	-0.2541 0.2787 -3.9651 1.0000	</row3>
				</transform>
			</node>
			<node>
				<identifier>	MP_ZM950_Bollard_INDEX_1	</identifier>
				<transform>
					<row0>	1.5934 -0.0767 -0.1234 0.0000	</row0>
					<row1>	0.0763 1.5982 -0.0083 0.0000	</row1>
					<row2>	0.1237 0.0024 1.5952 0.0000	</row2>
					<row3>	0.2541 0.2787 -3.9651 1.0000	</row3>
				</transform>
			</node>
			<node>
				<identifier>	MP_ZM951_Fairlead	</identifier>
				<transform>
					<row0>	1.2780 -0.0487 -0.2330 0.0000	</row0>
					<row1>	0.0495 1.2991 0.0000 0.0000	</row1>
					<row2>	0.2329 -0.0089 1.2789 0.0000	</row2>
					<row3>	0.3098 0.2841 -5.1467 1.0000	</row3>
				</transform>
			</node>
			<node>
				<identifier>	MP_ZM951_Fairlead_INDEX_1	</identifier>
				<transform>
					<row0>	1.2958 0.0647 0.0823 0.0000	</row0>
					<row1>	-0.0648 1.2984 0.0000 0.0000	</row1>
					<row2>	-0.0822 -0.0041 1.2974 0.0000	</row2>
					<row3>	-0.4331 0.2845 -3.8470 1.0000	</row3>
				</transform>
			</node>
			<node>
				<identifier>	MP_ZM951_Fairlead_INDEX_2	</identifier>
				<transform>
					<row0>	1.2958 -0.0647 -0.0823 0.0000	</row0>
					<row1>	0.0648 1.2984 0.0000 0.0000	</row1>
					<row2>	0.0822 -0.0041 1.2974 0.0000	</row2>
					<row3>	0.4331 0.2845 -3.8470 1.0000	</row3>
				</transform>
			</node>
			<node>
				<identifier>	MP_ZM951_Fairlead_INDEX_3	</identifier>
				<transform>
					<row0>	1.2780 0.0487 0.2330 0.0000	</row0>
					<row1>	-0.0495 1.2991 0.0000 0.0000	</row1>
					<row2>	-0.2329 -0.0089 1.2789 0.0000	</row2>
					<row3>	-0.3098 0.2841 -5.1467 1.0000	</row3>
				</transform>
			</node>
			<node>
				<identifier>	MP_ZM980_Anchor_Capstan_Stern	</identifier>
				<transform>
					<row0>	1.0000 0.0000 0.0000 0.0000	</row0>
					<row1>	0.0000 1.0000 0.0000 0.0000	</row1>
					<row2>	0.0000 0.0000 1.0000 0.0000	</row2>
					<row3>	0.0000 0.2921 -4.8993 1.0000	</row3>
				</transform>
			</node>
			<node>
				<identifier>	SP_YMS011_YHWL_M_1_INDEX_14	</identifier>
				<transform>
					<row0>	-0.8993 0.4276 0.0912 0.0000	</row0>
					<row1>	0.4253 0.9040 -0.0445 0.0000	</row1>
					<row2>	-0.1015 -0.0013 -0.9948 0.0000	</row2>
					<row3>	0.4217 -0.0072 -3.2898 1.0000	</row3>
				</transform>
			</node>
			<node>
				<identifier>	SP_YMS011_YHWL_M_1_INDEX_17	</identifier>
				<transform>
					<row0>	0.8795 0.4674 0.0891 0.0000	</row0>
					<row1>	0.4649 -0.8840 0.0486 0.0000	</row1>
					<row2>	0.1015 -0.0013 -0.9948 0.0000	</row2>
					<row3>	-0.4217 -0.0072 -3.2898 1.0000	</row3>
				</transform>
			</node>
			<node>
				<identifier>	SP_YMS011_YHWL_M_1_INDEX_18	</identifier>
				<transform>
					<row0>	0.7820 0.6141 0.1065 0.0000	</row0>
					<row1>	0.6081 -0.7892 0.0857 0.0000	</row1>
					<row2>	0.1367 -0.0022 -0.9906 0.0000	</row2>
					<row3>	-0.3159 -0.0079 -4.1314 1.0000	</row3>
				</transform>
			</node>
			<node>
				<identifier>	SP_YMS011_YHWL_M_1_INDEX_21	</identifier>
				<transform>
					<row0>	0.6354 0.5645 0.1163 0.0000	</row0>
					<row1>	0.5546 -0.6460 0.1052 0.0000	</row1>
					<row2>	0.1568 -0.0027 -0.8434 0.0000	</row2>
					<row3>	-0.1937 -0.0023 -4.9055 1.0000	</row3>
				</transform>
			</node>
			<node>
				<identifier>	SP_YMS011_YHWL_M_1_INDEX_5	</identifier>
				<transform>
					<row0>	-0.8083 0.5784 0.1102 0.0000	</row0>
					<row1>	0.5727 0.8158 -0.0809 0.0000	</row1>
					<row2>	-0.1367 -0.0022 -0.9906 0.0000	</row2>
					<row3>	0.3159 -0.0079 -4.1314 1.0000	</row3>
				</transform>
			</node>
			<node>
				<identifier>	SP_YMS011_YHWL_M_1_INDEX_7	</identifier>
				<transform>
					<row0>	-0.6595 0.5352 0.1208 0.0000	</row0>
					<row1>	0.5258 0.6705 -0.0999 0.0000	</row1>
					<row2>	-0.1568 -0.0027 -0.8434 0.0000	</row2>
					<row3>	0.1937 -0.0023 -4.9055 1.0000	</row3>
				</transform>
			</node>
			<node>
				<identifier>	SP_YMS023_YHUC_L_1	</identifier>
				<transform>
					<row0>	0.7871 0.0000 -0.0245 0.0000	</row0>
					<row1>	-0.0004 0.7874 -0.0128 0.0000	</row1>
					<row2>	0.0245 0.0128 0.7870 0.0000	</row2>
					<row3>	-0.2315 -0.2338 -4.9744 1.0000	</row3>
				</transform>
			</node>
			<node>
				<identifier>	SP_YMS023_YHUC_L_1_INDEX_1	</identifier>
				<transform>
					<row0>	0.7871 0.0000 0.0245 0.0000	</row0>
					<row1>	0.0004 0.7874 -0.0128 0.0000	</row1>
					<row2>	-0.0245 0.0128 0.7870 0.0000	</row2>
					<row3>	0.2315 -0.2338 -4.9744 1.0000	</row3>
				</transform>
			</node>
			<node>
				<identifier>	SP_YMS030_YHAM_M_1	</identifier>
				<transform>
					<row0>	0.4999 0.0000 0.0000 0.0000	</row0>
					<row1>	0.0000 0.4999 0.0000 0.0000	</row1>
					<row2>	0.0000 0.0000 0.4999 0.0000	</row2>
					<row3>	0.0000 0.1239 -5.8761 1.0000	</row3>
				</transform>
			</node>
			<node>
				<identifier>	SP_YMS031_YHAL_M_1	</identifier>
				<transform>
					<row0>	0.5475 0.2911 0.1112 0.0000	</row0>
					<row1>	-0.2757 0.5573 -0.1014 0.0000	</row1>
					<row2>	-0.1452 0.0394 0.6118 0.0000	</row2>
					<row3>	-0.1613 0.1634 -5.6945 1.0000	</row3>
				</transform>
			</node>
			<node>
				<identifier>	SP_YMS032_YHAR_M_1	</identifier>
				<transform>
					<row0>	0.5480 -0.2914 -0.1082 0.0000	</row0>
					<row1>	0.2762 0.5571 -0.1015 0.0000	</row1>
					<row2>	0.1426 0.0408 0.6123 0.0000	</row2>
					<row3>	0.1666 0.1634 -5.6946 1.0000	</row3>
				</transform>
			</node>
			<node>
				<identifier>	SP_YMS041_YHCS_M_1	</identifier>
				<transform>
					<row0>	-0.9939 0.0000 0.1101 0.0000	</row0>
					<row1>	0.0000 1.0000 0.0000 0.0000	</row1>
					<row2>	-0.1101 0.0000 -0.9939 0.0000	</row2>
					<row3>	0.3549 0.3525 -4.1813 1.0000	</row3>
				</transform>
			</node>
			<node>
				<identifier>	SP_YMS041_YHCS_M_1_INDEX_3	</identifier>
				<transform>
					<row0>	-0.9939 0.0000 -0.1101 0.0000	</row0>
					<row1>	0.0000 1.0000 0.0000 0.0000	</row1>
					<row2>	0.1101 0.0000 -0.9939 0.0000	</row2>
					<row3>	-0.3580 0.3525 -4.1813 1.0000	</row3>
				</transform>
			</node>
			<node>
				<identifier>	SP_YMS053_YHDC_S_1	</identifier>
				<transform>
					<row0>	1.0000 0.0000 0.0000 0.0000	</row0>
					<row1>	0.0000 1.0000 0.0000 0.0000	</row1>
					<row2>	0.0000 0.0000 1.0000 0.0000	</row2>
					<row3>	-0.0045 0.3033 -5.3484 1.0000	</row3>
				</transform>
			</node>
			<node>
				<identifier>	SP_YMS053_YHDC_S_1_INDEX_1	</identifier>
				<transform>
					<row0>	1.0000 0.0000 0.0000 0.0000	</row0>
					<row1>	0.0000 1.0000 0.0000 0.0000	</row1>
					<row2>	0.0000 0.0000 1.0000 0.0000	</row2>
					<row3>	0.0000 0.3094 -4.4135 1.0000	</row3>
				</transform>
			</node>
			<node>
				<identifier>	SP_YMS053_YHDC_S_1_INDEX_4	</identifier>
				<transform>
					<row0>	0.0000 0.0000 1.0000 0.0000	</row0>
					<row1>	0.0000 1.0000 0.0000 0.0000	</row1>
					<row2>	-1.0000 0.0000 0.0000 0.0000	</row2>
					<row3>	-0.1455 0.3104 -3.2145 1.0000	</row3>
				</transform>
			</node>
			<node>
				<identifier>	SP_YMS053_YHDC_S_1_INDEX_5	</identifier>
				<transform>
					<row0>	0.0000 0.0000 -1.0000 0.0000	</row0>
					<row1>	0.0000 1.0000 0.0000 0.0000	</row1>
					<row2>	1.0000 0.0000 0.0000 0.0000	</row2>
					<row3>	0.1455 0.3104 -3.2145 1.0000	</row3>
				</transform>
			</node>
			<node>
				<identifier>	SP_YMS080_YHSL_M_1_INDEX_1	</identifier>
				<transform>
					<row0>	0.5783 0.3569 0.1134 0.0000	</row0>
					<row1>	-0.3499 0.5893 -0.0707 0.0000	</row1>
					<row2>	-0.1336 0.0017 0.6759 0.0000	</row2>
					<row3>	-0.2496 0.1802 -5.1501 1.0000	</row3>
				</transform>
			</node>
			<node>
				<identifier>	SP_YMS081_YHSR_M_1_INDEX_1	</identifier>
				<transform>
					<row0>	0.5787 -0.3572 -0.1134 0.0000	</row0>
					<row1>	0.3501 0.5897 -0.0707 0.0000	</row1>
					<row2>	0.1337 0.0017 0.6764 0.0000	</row2>
					<row3>	0.2492 0.1802 -5.1505 1.0000	</row3>
				</transform>
			</node>
			<node>
				<identifier>	SP_YMS083_YHSC_L_1_INDEX_5	</identifier>
				<transform>
					<row0>	0.0380 -0.0104 0.6571 0.0000	</row0>
					<row1>	0.1119 0.6487 0.0038 0.0000	</row1>
					<row2>	-0.6476 0.1115 0.0392 0.0000	</row2>
					<row3>	0.4690 0.2807 -3.4673 1.0000	</row3>
				</transform>
			</node>
		</node>
	</node>
	<boundingBox>
		<min>	-0.0667 -0.0667 -0.0667	</min>
		<max>	0.0667 0.0667 0.0667	</max>
	</boundingBox>
</ZSC014_Dalian_1952_Stern_ports.visual>
