<RSC029_Varyag_1904_MidFront_ports.visual>
	<node>
		<identifier>	Scene Root	</identifier>
		<transform>
			<row0>	1.0000 0.0000 0.0000 0.0000	</row0>
			<row1>	0.0000 1.0000 0.0000 0.0000	</row1>
			<row2>	0.0000 0.0000 1.0000 0.0000	</row2>
			<row3>	0.0000 0.0000 0.0000 1.0000	</row3>
		</transform>
		<node>
			<identifier>	MidFront_ports	</identifier>
			<transform>
				<row0>	1.0000 0.0000 0.0000 0.0000	</row0>
				<row1>	0.0000 1.0000 0.0000 0.0000	</row1>
				<row2>	0.0000 0.0000 1.0000 0.0000	</row2>
				<row3>	0.0000 0.0000 0.0000 1.0000	</row3>
			</transform>
			<node>
				<identifier>	HP_FX_Fire_2	</identifier>
				<transform>
					<row0>	1.0000 0.0000 0.0000 0.0000	</row0>
					<row1>	0.0000 1.0000 0.0000 0.0000	</row1>
					<row2>	0.0000 0.0000 1.0000 0.0000	</row2>
					<row3>	0.0000 0.4386 1.9955 1.0000	</row3>
				</transform>
			</node>
			<node>
				<identifier>	HP_FX_Fire_2_side_1	</identifier>
				<transform>
					<row0>	1.0000 0.0000 0.0000 0.0000	</row0>
					<row1>	0.0000 1.0000 0.0000 0.0000	</row1>
					<row2>	0.0000 0.0000 1.0000 0.0000	</row2>
					<row3>	-0.4059 0.7856 2.3011 1.0000	</row3>
				</transform>
			</node>
			<node>
				<identifier>	HP_FX_Fire_2_side_2	</identifier>
				<transform>
					<row0>	1.0000 0.0000 0.0000 0.0000	</row0>
					<row1>	0.0000 1.0000 0.0000 0.0000	</row1>
					<row2>	0.0000 0.0000 1.0000 0.0000	</row2>
					<row3>	0.4826 0.5748 1.1893 1.0000	</row3>
				</transform>
			</node>
			<node>
				<identifier>	HP_FX_FloodLight_left_1	</identifier>
				<transform>
					<row0>	-1.0000 0.0000 0.0000 0.0000	</row0>
					<row1>	0.0000 1.0000 0.0000 0.0000	</row1>
					<row2>	0.0000 0.0000 -1.0000 0.0000	</row2>
					<row3>	-0.1339 0.5277 2.5237 1.0000	</row3>
				</transform>
			</node>
			<node>
				<identifier>	HP_FX_FloodLight_right_2	</identifier>
				<transform>
					<row0>	1.0000 0.0000 0.0000 0.0000	</row0>
					<row1>	0.0000 1.0000 0.0000 0.0000	</row1>
					<row2>	0.0000 0.0000 1.0000 0.0000	</row2>
					<row3>	0.1349 0.5217 2.5417 1.0000	</row3>
				</transform>
			</node>
			<node>
				<identifier>	HP_FX_Flood_steam_1	</identifier>
				<transform>
					<row0>	1.0000 0.0000 0.0000 0.0000	</row0>
					<row1>	0.0000 1.0000 0.0000 0.0000	</row1>
					<row2>	0.0000 0.0000 1.0000 0.0000	</row2>
					<row3>	0.0020 1.0885 1.4213 1.0000	</row3>
				</transform>
			</node>
			<node>
				<identifier>	HP_FX_Flood_steam_3	</identifier>
				<transform>
					<row0>	1.0000 0.0000 0.0000 0.0000	</row0>
					<row1>	0.0000 1.0000 0.0000 0.0000	</row1>
					<row2>	0.0000 0.0000 1.0000 0.0000	</row2>
					<row3>	-0.0120 1.0655 0.8446 1.0000	</row3>
				</transform>
			</node>
			<node>
				<identifier>	HP_FX_Flood_steam_left	</identifier>
				<transform>
					<row0>	-1.0000 0.0000 0.0000 0.0000	</row0>
					<row1>	0.0000 1.0000 0.0000 0.0000	</row1>
					<row2>	0.0000 0.0000 -1.0000 0.0000	</row2>
					<row3>	-0.3898 0.4218 2.5937 1.0000	</row3>
				</transform>
			</node>
			<node>
				<identifier>	HP_FX_Flood_water_left_2	</identifier>
				<transform>
					<row0>	-1.0000 0.0000 0.0000 0.0000	</row0>
					<row1>	0.0000 1.0000 0.0000 0.0000	</row1>
					<row2>	0.0000 0.0000 -1.0000 0.0000	</row2>
					<row3>	-0.5187 0.0570 0.8536 1.0000	</row3>
				</transform>
			</node>
			<node>
				<identifier>	HP_FX_Flood_water_right_2	</identifier>
				<transform>
					<row0>	1.0000 0.0000 0.0000 0.0000	</row0>
					<row1>	0.0000 1.0000 0.0000 0.0000	</row1>
					<row2>	0.0000 0.0000 1.0000 0.0000	</row2>
					<row3>	0.5187 0.0570 0.8536 1.0000	</row3>
				</transform>
			</node>
			<node>
				<identifier>	HP_FX_Smoke_1	</identifier>
				<transform>
					<row0>	1.0000 0.0000 0.0000 0.0000	</row0>
					<row1>	0.0000 1.0000 0.0000 0.0000	</row1>
					<row2>	0.0000 0.0000 1.0000 0.0000	</row2>
					<row3>	0.0000 1.4276 1.5770 1.0000	</row3>
				</transform>
			</node>
			<node>
				<identifier>	HP_FX_Smoke_2	</identifier>
				<transform>
					<row0>	1.0000 0.0000 0.0000 0.0000	</row0>
					<row1>	0.0000 1.0000 0.0000 0.0000	</row1>
					<row2>	0.0000 0.0000 1.0000 0.0000	</row2>
					<row3>	0.0000 1.4550 0.9765 1.0000	</row3>
				</transform>
			</node>
			<node>
				<identifier>	HP_RGM_3	</identifier>
				<transform>
					<row0>	0.9982 0.0000 0.0604 0.0000	</row0>
					<row1>	0.0000 1.0000 0.0000 0.0000	</row1>
					<row2>	-0.0604 0.0000 0.9982 0.0000	</row2>
					<row3>	-0.4099 0.3020 2.2967 1.0000	</row3>
				</transform>
			</node>
			<node>
				<identifier>	HP_RGM_4	</identifier>
				<transform>
					<row0>	0.9982 0.0000 -0.0604 0.0000	</row0>
					<row1>	0.0000 1.0000 0.0000 0.0000	</row1>
					<row2>	0.0604 0.0000 0.9982 0.0000	</row2>
					<row3>	0.4099 0.3020 2.2967 1.0000	</row3>
				</transform>
			</node>
			<node>
				<identifier>	HP_RGM_5	</identifier>
				<transform>
					<row0>	0.8855 0.0000 0.4647 0.0000	</row0>
					<row1>	0.0000 1.0000 0.0000 0.0000	</row1>
					<row2>	-0.4647 0.0000 0.8855 0.0000	</row2>
					<row3>	-0.4242 0.2918 1.6251 1.0000	</row3>
				</transform>
			</node>
			<node>
				<identifier>	HP_RGM_6	</identifier>
				<transform>
					<row0>	0.8855 0.0000 -0.4647 0.0000	</row0>
					<row1>	0.0000 1.0000 0.0000 0.0000	</row1>
					<row2>	0.4647 0.0000 0.8855 0.0000	</row2>
					<row3>	0.4242 0.2918 1.6251 1.0000	</row3>
				</transform>
			</node>
			<node>
				<identifier>	HP_RGS_3	</identifier>
				<transform>
					<row0>	0.0000 0.0000 1.0000 0.0000	</row0>
					<row1>	0.0000 1.0000 0.0000 0.0000	</row1>
					<row2>	-1.0000 0.0000 0.0000 0.0000	</row2>
					<row3>	-0.4276 0.2908 0.9823 1.0000	</row3>
				</transform>
			</node>
			<node>
				<identifier>	HP_RGS_4	</identifier>
				<transform>
					<row0>	0.0000 0.0000 -1.0000 0.0000	</row0>
					<row1>	0.0000 1.0000 0.0000 0.0000	</row1>
					<row2>	1.0000 0.0000 0.0000 0.0000	</row2>
					<row3>	0.4276 0.2908 0.9823 1.0000	</row3>
				</transform>
			</node>
			<node>
				<identifier>	HP_flag_1	</identifier>
				<transform>
					<row0>	0.9873 -0.1590 0.0027 0.0000	</row0>
					<row1>	0.1590 0.9867 -0.0341 0.0000	</row1>
					<row2>	0.0027 0.0341 0.9994 0.0000	</row2>
					<row3>	0.5603 1.5189 2.3822 1.0000	</row3>
				</transform>
			</node>
			<node>
				<identifier>	HP_flag_2	</identifier>
				<transform>
					<row0>	0.9873 0.1590 -0.0027 0.0000	</row0>
					<row1>	-0.1590 0.9867 -0.0341 0.0000	</row1>
					<row2>	-0.0027 0.0341 0.9994 0.0000	</row2>
					<row3>	-0.5603 1.5189 2.3822 1.0000	</row3>
				</transform>
			</node>
			<node>
				<identifier>	HP_flag_3	</identifier>
				<transform>
					<row0>	0.9999 0.0109 -0.0002 0.0000	</row0>
					<row1>	-0.0109 0.9990 -0.0443 0.0000	</row1>
					<row2>	-0.0002 0.0443 0.9990 0.0000	</row2>
					<row3>	0.3788 1.5125 2.3784 1.0000	</row3>
				</transform>
			</node>
			<node>
				<identifier>	HP_flag_4	</identifier>
				<transform>
					<row0>	0.9999 -0.0150 0.0003 0.0000	</row0>
					<row1>	0.0150 0.9989 -0.0443 0.0000	</row1>
					<row2>	0.0003 0.0443 0.9990 0.0000	</row2>
					<row3>	-0.3747 1.5125 2.3784 1.0000	</row3>
				</transform>
			</node>
			<node>
				<identifier>	HP_flag_courtesy	</identifier>
				<transform>
					<row0>	0.9997 0.0231 -0.0005 0.0000	</row0>
					<row1>	-0.0231 0.9989 -0.0416 0.0000	</row1>
					<row2>	-0.0005 0.0416 0.9991 0.0000	</row2>
					<row3>	0.3416 2.0794 2.3668 1.0000	</row3>
				</transform>
			</node>
			<node>
				<identifier>	HP_flag_house	</identifier>
				<transform>
					<row0>	0.9997 -0.0231 0.0005 0.0000	</row0>
					<row1>	0.0231 0.9989 -0.0416 0.0000	</row1>
					<row2>	0.0005 0.0416 0.9991 0.0000	</row2>
					<row3>	-0.3414 2.0794 2.3667 1.0000	</row3>
				</transform>
			</node>
			<node>
				<identifier>	HP_flag_rank	</identifier>
				<transform>
					<row0>	1.0000 0.0000 0.0000 0.0000	</row0>
					<row1>	0.0000 1.0000 0.0073 0.0000	</row1>
					<row2>	0.0000 -0.0073 1.0000 0.0000	</row2>
					<row3>	0.0000 2.8412 2.3432 1.0000	</row3>
				</transform>
			</node>
			<node>
				<identifier>	MP_CM011_Fire_Fighting_Gear	</identifier>
				<transform>
					<row0>	1.0000 0.0000 0.0000 0.0000	</row0>
					<row1>	0.0000 1.0000 0.0000 0.0000	</row1>
					<row2>	0.0000 0.0000 1.0000 0.0000	</row2>
					<row3>	0.0267 0.2950 0.8068 1.0000	</row3>
				</transform>
			</node>
			<node>
				<identifier>	MP_CM022_Anchor_3	</identifier>
				<transform>
					<row0>	0.9809 -0.1946 0.0003 0.0000	</row0>
					<row1>	0.0007 0.0018 -1.0000 0.0000	</row1>
					<row2>	0.1946 0.9809 0.0019 0.0000	</row2>
					<row3>	-0.4893 0.3394 0.6654 1.0000	</row3>
				</transform>
			</node>
			<node>
				<identifier>	MP_CM030_Swab_Rack_2	</identifier>
				<transform>
					<row0>	-1.0000 0.0000 0.0000 0.0000	</row0>
					<row1>	0.0000 1.0000 0.0000 0.0000	</row1>
					<row2>	0.0000 0.0000 -1.0000 0.0000	</row2>
					<row3>	-0.0233 0.2930 0.8140 1.0000	</row3>
				</transform>
			</node>
			<node>
				<identifier>	MP_CM082_Rope	</identifier>
				<transform>
					<row0>	-0.3720 0.0000 -0.5922 0.0000	</row0>
					<row1>	0.0000 0.6994 0.0000 0.0000	</row1>
					<row2>	0.5539 0.0000 -0.3480 0.0000	</row2>
					<row3>	0.3873 0.5133 2.4233 1.0000	</row3>
				</transform>
			</node>
			<node>
				<identifier>	MP_CM082_Rope_INDEX_1	</identifier>
				<transform>
					<row0>	0.4225 0.0000 -0.7237 0.0000	</row0>
					<row1>	0.0000 0.5893 0.0000 0.0000	</row1>
					<row2>	0.5089 0.0000 0.2971 0.0000	</row2>
					<row3>	-0.3741 0.5144 2.4314 1.0000	</row3>
				</transform>
			</node>
			<node>
				<identifier>	MP_CM082_Rope_INDEX_2	</identifier>
				<transform>
					<row0>	0.4225 0.0000 0.7237 0.0000	</row0>
					<row1>	0.0000 0.5893 0.0000 0.0000	</row1>
					<row2>	-0.5089 0.0000 0.2971 0.0000	</row2>
					<row3>	0.3741 0.5144 2.4314 1.0000	</row3>
				</transform>
			</node>
			<node>
				<identifier>	MP_CM082_Rope_INDEX_3	</identifier>
				<transform>
					<row0>	0.2807 0.0000 -0.6373 0.0000	</row0>
					<row1>	0.0000 0.8703 0.0000 0.0000	</row1>
					<row2>	0.6373 0.0000 0.2807 0.0000	</row2>
					<row3>	-0.3881 0.5138 2.4240 1.0000	</row3>
				</transform>
			</node>
			<node>
				<identifier>	MP_CM082_Rope_INDEX_4	</identifier>
				<transform>
					<row0>	-0.3720 0.0000 0.5922 0.0000	</row0>
					<row1>	0.0000 0.6994 0.0000 0.0000	</row1>
					<row2>	-0.5539 0.0000 -0.3480 0.0000	</row2>
					<row3>	-0.3643 0.5133 2.4377 1.0000	</row3>
				</transform>
			</node>
			<node>
				<identifier>	MP_CM082_Rope_INDEX_5	</identifier>
				<transform>
					<row0>	0.3775 0.0000 -0.6466 0.0000	</row0>
					<row1>	0.0000 0.7488 0.0000 0.0000	</row1>
					<row2>	0.6466 0.0000 0.3775 0.0000	</row2>
					<row3>	-0.4003 0.5142 2.4166 1.0000	</row3>
				</transform>
			</node>
			<node>
				<identifier>	MP_CM082_Rope_INDEX_6	</identifier>
				<transform>
					<row0>	0.3775 0.0000 0.6466 0.0000	</row0>
					<row1>	0.0000 0.7488 0.0000 0.0000	</row1>
					<row2>	-0.6466 0.0000 0.3775 0.0000	</row2>
					<row3>	0.4003 0.5142 2.4166 1.0000	</row3>
				</transform>
			</node>
			<node>
				<identifier>	MP_CM082_Rope_INDEX_7	</identifier>
				<transform>
					<row0>	0.3511 0.0000 0.6014 0.0000	</row0>
					<row1>	0.0000 0.8703 0.0000 0.0000	</row1>
					<row2>	-0.6014 0.0000 0.3511 0.0000	</row2>
					<row3>	0.3626 0.5124 2.4385 1.0000	</row3>
				</transform>
			</node>
			<node>
				<identifier>	MP_CM092_Siren	</identifier>
				<transform>
					<row0>	1.0000 0.0000 0.0000 0.0000	</row0>
					<row1>	0.0000 1.0000 0.0000 0.0000	</row1>
					<row2>	0.0000 0.0000 1.0000 0.0000	</row2>
					<row3>	-0.0296 0.9584 1.7062 1.0000	</row3>
				</transform>
			</node>
			<node>
				<identifier>	MP_CM118_Siren	</identifier>
				<transform>
					<row0>	0.0000 0.0000 1.0000 0.0000	</row0>
					<row1>	0.0000 1.0000 0.0000 0.0000	</row1>
					<row2>	-1.0000 0.0000 0.0000 0.0000	</row2>
					<row3>	0.0300 0.9582 1.7062 1.0000	</row3>
				</transform>
			</node>
			<node>
				<identifier>	MP_CM126_Cleat	</identifier>
				<transform>
					<row0>	0.9974 0.0000 0.0716 0.0000	</row0>
					<row1>	0.0017 0.9997 -0.0242 0.0000	</row1>
					<row2>	-0.0715 0.0242 0.9971 0.0000	</row2>
					<row3>	0.4053 0.4425 1.9736 1.0000	</row3>
				</transform>
			</node>
			<node>
				<identifier>	MP_CM126_Cleat_INDEX_1	</identifier>
				<transform>
					<row0>	0.9974 0.0000 -0.0716 0.0000	</row0>
					<row1>	-0.0017 0.9997 -0.0242 0.0000	</row1>
					<row2>	0.0715 0.0242 0.9971 0.0000	</row2>
					<row3>	-0.4053 0.4425 1.9736 1.0000	</row3>
				</transform>
			</node>
			<node>
				<identifier>	MP_RM003_Yawl_20ft	</identifier>
				<transform>
					<row0>	1.0000 0.0000 0.0000 0.0000	</row0>
					<row1>	0.0000 1.0000 0.0000 0.0000	</row1>
					<row2>	0.0000 0.0000 1.0000 0.0000	</row2>
					<row3>	-0.3372 0.4800 1.9245 1.0000	</row3>
				</transform>
			</node>
			<node>
				<identifier>	MP_RM003_Yawl_20ft_INDEX_1	</identifier>
				<transform>
					<row0>	1.0000 0.0000 0.0000 0.0000	</row0>
					<row1>	0.0000 1.0000 0.0000 0.0000	</row1>
					<row2>	0.0000 0.0000 1.0000 0.0000	</row2>
					<row3>	0.3372 0.4800 1.9245 1.0000	</row3>
				</transform>
			</node>
			<node>
				<identifier>	MP_RM007_Compass_Binnacle	</identifier>
				<transform>
					<row0>	-1.0000 0.0000 0.0000 0.0000	</row0>
					<row1>	0.0000 1.0000 0.0000 0.0000	</row1>
					<row2>	0.0000 0.0000 -1.0000 0.0000	</row2>
					<row3>	0.0000 0.7462 2.5957 1.0000	</row3>
				</transform>
			</node>
			<node>
				<identifier>	MP_RM007_Compass_Binnacle_INDEX_1	</identifier>
				<transform>
					<row0>	-1.0000 0.0000 0.0000 0.0000	</row0>
					<row1>	0.0000 1.0000 0.0000 0.0000	</row1>
					<row2>	0.0000 0.0000 -1.0000 0.0000	</row2>
					<row3>	0.0000 0.5676 2.5957 1.0000	</row3>
				</transform>
			</node>
			<node>
				<identifier>	MP_RM008_Voice_Tube	</identifier>
				<transform>
					<row0>	-0.0399 0.0000 -0.9992 0.0000	</row0>
					<row1>	0.0000 1.0000 0.0000 0.0000	</row1>
					<row2>	0.9992 0.0000 -0.0399 0.0000	</row2>
					<row3>	0.0967 0.7468 2.5579 1.0000	</row3>
				</transform>
			</node>
			<node>
				<identifier>	MP_RM008_Voice_Tube_INDEX_1	</identifier>
				<transform>
					<row0>	0.6211 0.0000 -0.7837 0.0000	</row0>
					<row1>	0.0000 1.0000 0.0000 0.0000	</row1>
					<row2>	0.7837 0.0000 0.6211 0.0000	</row2>
					<row3>	0.0970 0.7468 2.5854 1.0000	</row3>
				</transform>
			</node>
			<node>
				<identifier>	MP_RM008_Voice_Tube_INDEX_10	</identifier>
				<transform>
					<row0>	-0.2583 0.0000 0.9661 0.0000	</row0>
					<row1>	0.0000 1.0000 0.0000 0.0000	</row1>
					<row2>	-0.9661 0.0000 -0.2583 0.0000	</row2>
					<row3>	-0.0913 0.5677 2.5046 1.0000	</row3>
				</transform>
			</node>
			<node>
				<identifier>	MP_RM008_Voice_Tube_INDEX_11	</identifier>
				<transform>
					<row0>	0.5292 0.0000 -0.8485 0.0000	</row0>
					<row1>	0.0000 1.0000 0.0000 0.0000	</row1>
					<row2>	0.8485 0.0000 0.5292 0.0000	</row2>
					<row3>	0.0708 0.5677 2.6243 1.0000	</row3>
				</transform>
			</node>
			<node>
				<identifier>	MP_RM008_Voice_Tube_INDEX_2	</identifier>
				<transform>
					<row0>	0.5810 0.0000 0.8139 0.0000	</row0>
					<row1>	0.0000 1.0000 0.0000 0.0000	</row1>
					<row2>	-0.8139 0.0000 0.5810 0.0000	</row2>
					<row3>	-0.0982 0.7468 2.5868 1.0000	</row3>
				</transform>
			</node>
			<node>
				<identifier>	MP_RM008_Voice_Tube_INDEX_3	</identifier>
				<transform>
					<row0>	0.8938 0.0000 0.4484 0.0000	</row0>
					<row1>	0.0000 1.0000 0.0000 0.0000	</row1>
					<row2>	-0.4484 0.0000 0.8938 0.0000	</row2>
					<row3>	-0.0289 0.5677 2.6411 1.0000	</row3>
				</transform>
			</node>
			<node>
				<identifier>	MP_RM008_Voice_Tube_INDEX_4	</identifier>
				<transform>
					<row0>	0.9864 0.0000 -0.1641 0.0000	</row0>
					<row1>	0.0000 1.0000 0.0000 0.0000	</row1>
					<row2>	0.1641 0.0000 0.9864 0.0000	</row2>
					<row3>	0.0797 0.5677 2.6172 1.0000	</row3>
				</transform>
			</node>
			<node>
				<identifier>	MP_RM008_Voice_Tube_INDEX_5	</identifier>
				<transform>
					<row0>	0.9530 0.0000 0.3029 0.0000	</row0>
					<row1>	0.0000 1.0000 0.0000 0.0000	</row1>
					<row2>	-0.3029 0.0000 0.9530 0.0000	</row2>
					<row3>	-0.0542 0.7468 2.6133 1.0000	</row3>
				</transform>
			</node>
			<node>
				<identifier>	MP_RM008_Voice_Tube_INDEX_6	</identifier>
				<transform>
					<row0>	0.9854 0.0000 0.1705 0.0000	</row0>
					<row1>	0.0000 1.0000 0.0000 0.0000	</row1>
					<row2>	-0.1705 0.0000 0.9854 0.0000	</row2>
					<row3>	0.0769 0.7468 2.6027 1.0000	</row3>
				</transform>
			</node>
			<node>
				<identifier>	MP_RM008_Voice_Tube_INDEX_7	</identifier>
				<transform>
					<row0>	-0.6780 0.0000 0.7351 0.0000	</row0>
					<row1>	0.0000 1.0000 0.0000 0.0000	</row1>
					<row2>	-0.7351 0.0000 -0.6780 0.0000	</row2>
					<row3>	-0.1009 0.5677 2.5181 1.0000	</row3>
				</transform>
			</node>
			<node>
				<identifier>	MP_RM008_Voice_Tube_INDEX_8	</identifier>
				<transform>
					<row0>	1.0000 0.0000 0.0000 0.0000	</row0>
					<row1>	0.0000 1.0000 0.0000 0.0000	</row1>
					<row2>	0.0000 0.0000 1.0000 0.0000	</row2>
					<row3>	-0.0424 0.5677 2.6384 1.0000	</row3>
				</transform>
			</node>
			<node>
				<identifier>	MP_RM008_Voice_Tube_INDEX_9	</identifier>
				<transform>
					<row0>	0.8860 0.0000 -0.4636 0.0000	</row0>
					<row1>	0.0000 1.0000 0.0000 0.0000	</row1>
					<row2>	0.4636 0.0000 0.8860 0.0000	</row2>
					<row3>	0.0674 0.7468 2.6059 1.0000	</row3>
				</transform>
			</node>
			<node>
				<identifier>	MP_RM019_Reels	</identifier>
				<transform>
					<row0>	0.0000 0.0000 -0.8671 0.0000	</row0>
					<row1>	0.0000 0.8671 0.0000 0.0000	</row1>
					<row2>	0.7894 0.0000 0.0000 0.0000	</row2>
					<row3>	0.0585 0.6120 2.2679 1.0000	</row3>
				</transform>
			</node>
			<node>
				<identifier>	MP_RM019_Reels_INDEX_1	</identifier>
				<transform>
					<row0>	0.0000 0.0000 0.8671 0.0000	</row0>
					<row1>	0.0000 0.8671 0.0000 0.0000	</row1>
					<row2>	-0.7894 0.0000 0.0000 0.0000	</row2>
					<row3>	-0.0585 0.6120 2.2679 1.0000	</row3>
				</transform>
			</node>
			<node>
				<identifier>	MP_RM027_Signal_Lamp	</identifier>
				<transform>
					<row0>	1.0000 0.0000 0.0000 0.0000	</row0>
					<row1>	0.0000 1.0000 0.0000 0.0000	</row1>
					<row2>	0.0000 0.0000 1.0000 0.0000	</row2>
					<row3>	0.0000 1.2523 2.4817 1.0000	</row3>
				</transform>
			</node>
			<node>
				<identifier>	MP_RM069_Telegraph	</identifier>
				<transform>
					<row0>	1.0000 0.0000 0.0000 0.0000	</row0>
					<row1>	0.0000 1.0000 0.0000 0.0000	</row1>
					<row2>	0.0000 0.0000 1.0000 0.0000	</row2>
					<row3>	0.0656 0.5677 2.5661 1.0000	</row3>
				</transform>
			</node>
			<node>
				<identifier>	MP_RM069_Telegraph_INDEX_1	</identifier>
				<transform>
					<row0>	-1.0000 0.0000 0.0000 0.0000	</row0>
					<row1>	0.0000 1.0000 0.0000 0.0000	</row1>
					<row2>	0.0000 0.0000 -1.0000 0.0000	</row2>
					<row3>	0.0416 0.7451 2.5590 1.0000	</row3>
				</transform>
			</node>
			<node>
				<identifier>	MP_RM141_Signal_Lamp	</identifier>
				<transform>
					<row0>	1.0000 0.0000 0.0000 0.0000	</row0>
					<row1>	0.0000 1.0000 0.0000 0.0000	</row1>
					<row2>	0.0000 0.0000 1.0000 0.0000	</row2>
					<row3>	0.0000 2.8843 2.3472 1.0000	</row3>
				</transform>
			</node>
			<node>
				<identifier>	MP_RM194_Magnetic_Compass	</identifier>
				<transform>
					<row0>	-1.0000 0.0000 0.0000 0.0000	</row0>
					<row1>	0.0000 0.9999 -0.0149 0.0000	</row1>
					<row2>	0.0000 -0.0149 -0.9999 0.0000	</row2>
					<row3>	0.0000 0.8861 2.5957 1.0000	</row3>
				</transform>
			</node>
			<node>
				<identifier>	MP_RM214_Life_Buoy	</identifier>
				<transform>
					<row0>	-1.0000 0.0000 0.0000 0.0000	</row0>
					<row1>	0.0000 1.0000 0.0000 0.0000	</row1>
					<row2>	0.0000 0.0000 -1.0000 0.0000	</row2>
					<row3>	0.3935 0.7925 2.3704 1.0000	</row3>
				</transform>
			</node>
			<node>
				<identifier>	MP_RM214_Life_Buoy_INDEX_1	</identifier>
				<transform>
					<row0>	-1.0000 0.0000 0.0000 0.0000	</row0>
					<row1>	0.0000 1.0000 0.0000 0.0000	</row1>
					<row2>	0.0000 0.0000 -1.0000 0.0000	</row2>
					<row3>	0.3072 0.7925 2.3702 1.0000	</row3>
				</transform>
			</node>
			<node>
				<identifier>	MP_RM214_Life_Buoy_INDEX_2	</identifier>
				<transform>
					<row0>	-1.0000 0.0000 0.0000 0.0000	</row0>
					<row1>	0.0000 1.0000 0.0000 0.0000	</row1>
					<row2>	0.0000 0.0000 -1.0000 0.0000	</row2>
					<row3>	-0.3935 0.7925 2.3704 1.0000	</row3>
				</transform>
			</node>
			<node>
				<identifier>	MP_RM214_Life_Buoy_INDEX_3	</identifier>
				<transform>
					<row0>	-1.0000 0.0000 0.0000 0.0000	</row0>
					<row1>	0.0000 1.0000 0.0000 0.0000	</row1>
					<row2>	0.0000 0.0000 -1.0000 0.0000	</row2>
					<row3>	-0.3072 0.7925 2.3702 1.0000	</row3>
				</transform>
			</node>
			<node>
				<identifier>	MP_RM225_Alarm	</identifier>
				<transform>
					<row0>	0.4430 0.0000 -0.8965 0.0000	</row0>
					<row1>	0.0000 1.0000 0.0000 0.0000	</row1>
					<row2>	0.8965 0.0000 0.4430 0.0000	</row2>
					<row3>	0.0208 1.1735 2.3583 1.0000	</row3>
				</transform>
			</node>
			<node>
				<identifier>	MP_RM225_Alarm_INDEX_1	</identifier>
				<transform>
					<row0>	0.0071 0.0000 1.0000 0.0000	</row0>
					<row1>	0.0000 1.0000 0.0000 0.0000	</row1>
					<row2>	-1.0000 0.0000 0.0071 0.0000	</row2>
					<row3>	0.1054 0.8037 2.4277 1.0000	</row3>
				</transform>
			</node>
			<node>
				<identifier>	MP_RM225_Alarm_INDEX_2	</identifier>
				<transform>
					<row0>	-0.2403 0.0000 -0.9707 0.0000	</row0>
					<row1>	0.0000 1.0000 0.0000 0.0000	</row1>
					<row2>	0.9707 0.0000 -0.2403 0.0000	</row2>
					<row3>	-0.1220 0.6714 2.5743 1.0000	</row3>
				</transform>
			</node>
			<node>
				<identifier>	MP_RM226_Telephone	</identifier>
				<transform>
					<row0>	0.0038 0.0000 0.5338 0.0000	</row0>
					<row1>	0.0000 0.5338 0.0000 0.0000	</row1>
					<row2>	-0.5338 0.0000 0.0038 0.0000	</row2>
					<row3>	0.1054 0.8037 2.4088 1.0000	</row3>
				</transform>
			</node>
			<node>
				<identifier>	MP_RM226_Telephone_INDEX_1	</identifier>
				<transform>
					<row0>	0.2170 0.0000 0.9762 0.0000	</row0>
					<row1>	0.0000 1.0000 0.0000 0.0000	</row1>
					<row2>	-0.9762 0.0000 0.2170 0.0000	</row2>
					<row3>	0.1220 0.6581 2.5317 1.0000	</row3>
				</transform>
			</node>
			<node>
				<identifier>	MP_RM227_Fire_control_station	</identifier>
				<transform>
					<row0>	-0.8570 0.0000 -0.5154 0.0000	</row0>
					<row1>	0.0000 1.0000 0.0000 0.0000	</row1>
					<row2>	0.5154 0.0000 -0.8570 0.0000	</row2>
					<row3>	-0.0694 0.6388 2.6443 1.0000	</row3>
				</transform>
			</node>
			<node>
				<identifier>	MP_RM232_Switch_TA	</identifier>
				<transform>
					<row0>	-0.5973 0.0000 -0.8020 0.0000	</row0>
					<row1>	0.0000 1.0000 0.0000 0.0000	</row1>
					<row2>	0.8020 0.0000 -0.5973 0.0000	</row2>
					<row3>	-0.1041 0.6401 2.6142 1.0000	</row3>
				</transform>
			</node>
			<node>
				<identifier>	MP_RM233_Switch_GCL	</identifier>
				<transform>
					<row0>	1.0000 0.0000 0.0000 0.0000	</row0>
					<row1>	0.0000 1.0000 0.0000 0.0000	</row1>
					<row2>	0.0000 0.0000 1.0000 0.0000	</row2>
					<row3>	0.0312 0.3502 1.1358 1.0000	</row3>
				</transform>
			</node>
			<node>
				<identifier>	MP_RM233_Switch_GCL_INDEX_1	</identifier>
				<transform>
					<row0>	0.9302 0.0000 0.3671 0.0000	</row0>
					<row1>	0.0000 1.0000 0.0000 0.0000	</row1>
					<row2>	-0.3671 0.0000 0.9302 0.0000	</row2>
					<row3>	-0.0060 1.1485 2.3705 1.0000	</row3>
				</transform>
			</node>
			<node>
				<identifier>	MP_RM246_Steering_Wheel	</identifier>
				<transform>
					<row0>	1.0000 0.0000 0.0000 0.0000	</row0>
					<row1>	0.0000 1.0000 0.0000 0.0000	</row1>
					<row2>	0.0000 0.0000 1.0000 0.0000	</row2>
					<row3>	-0.0341 0.7454 2.5441 1.0000	</row3>
				</transform>
			</node>
			<node>
				<identifier>	MP_RM246_Steering_Wheel_INDEX_1	</identifier>
				<transform>
					<row0>	1.0000 0.0000 0.0000 0.0000	</row0>
					<row1>	0.0000 1.0000 0.0000 0.0000	</row1>
					<row2>	0.0000 0.0000 1.0000 0.0000	</row2>
					<row3>	0.0000 0.5677 2.5275 1.0000	</row3>
				</transform>
			</node>
			<node>
				<identifier>	MP_RM335_Fire_Hose_Rack_box	</identifier>
				<transform>
					<row0>	1.0000 0.0000 0.0000 0.0000	</row0>
					<row1>	0.0000 1.0000 0.0000 0.0000	</row1>
					<row2>	0.0000 0.0000 1.0000 0.0000	</row2>
					<row3>	0.1131 0.3365 0.8128 1.0000	</row3>
				</transform>
			</node>
			<node>
				<identifier>	MP_RM335_Fire_Hose_Rack_box_INDEX_1	</identifier>
				<transform>
					<row0>	-1.0000 0.0000 0.0000 0.0000	</row0>
					<row1>	0.0000 -1.0000 0.0000 0.0000	</row1>
					<row2>	0.0000 0.0000 1.0000 0.0000	</row2>
					<row3>	0.0700 0.3365 0.8131 1.0000	</row3>
				</transform>
			</node>
			<node>
				<identifier>	MP_RM378_Switch_Box_5	</identifier>
				<transform>
					<row0>	0.2819 0.0000 0.9595 0.0000	</row0>
					<row1>	0.0000 1.0000 0.0000 0.0000	</row1>
					<row2>	-0.9595 0.0000 0.2819 0.0000	</row2>
					<row3>	-0.0312 0.8430 2.3555 1.0000	</row3>
				</transform>
			</node>
			<node>
				<identifier>	MP_RM378_Switch_Box_5_INDEX_1	</identifier>
				<transform>
					<row0>	0.2819 0.0000 -0.9595 0.0000	</row0>
					<row1>	0.0000 1.0000 0.0000 0.0000	</row1>
					<row2>	0.9595 0.0000 0.2819 0.0000	</row2>
					<row3>	0.0312 0.8430 2.3555 1.0000	</row3>
				</transform>
			</node>
			<node>
				<identifier>	MP_RM379_Manometer	</identifier>
				<transform>
					<row0>	0.7103 0.0000 0.0000 0.0000	</row0>
					<row1>	0.0000 0.7103 0.0000 0.0000	</row1>
					<row2>	0.0000 0.0000 0.7103 0.0000	</row2>
					<row3>	0.0141 0.3516 1.1358 1.0000	</row3>
				</transform>
			</node>
			<node>
				<identifier>	MP_RM379_Manometer_INDEX_1	</identifier>
				<transform>
					<row0>	-1.0000 0.0000 0.0000 0.0000	</row0>
					<row1>	0.0000 1.0000 0.0000 0.0000	</row1>
					<row2>	0.0000 0.0000 -1.0000 0.0000	</row2>
					<row3>	0.4294 0.3842 1.1203 1.0000	</row3>
				</transform>
			</node>
			<node>
				<identifier>	MP_RM379_Manometer_INDEX_2	</identifier>
				<transform>
					<row0>	0.7103 0.0000 0.0000 0.0000	</row0>
					<row1>	0.0000 0.7103 0.0000 0.0000	</row1>
					<row2>	0.0000 0.0000 0.7103 0.0000	</row2>
					<row3>	0.0141 0.3405 1.1358 1.0000	</row3>
				</transform>
			</node>
			<node>
				<identifier>	MP_RM379_Manometer_INDEX_3	</identifier>
				<transform>
					<row0>	-1.0000 0.0000 0.0000 0.0000	</row0>
					<row1>	0.0000 1.0000 0.0000 0.0000	</row1>
					<row2>	0.0000 0.0000 -1.0000 0.0000	</row2>
					<row3>	-0.4290 0.3839 1.1203 1.0000	</row3>
				</transform>
			</node>
			<node>
				<identifier>	MP_RM382_Switch_Box_2	</identifier>
				<transform>
					<row0>	0.2819 0.0000 -0.9595 0.0000	</row0>
					<row1>	0.0000 1.0000 0.0000 0.0000	</row1>
					<row2>	0.9595 0.0000 0.2819 0.0000	</row2>
					<row3>	0.0312 0.8241 2.3555 1.0000	</row3>
				</transform>
			</node>
			<node>
				<identifier>	MP_RM382_Switch_Box_2_INDEX_1	</identifier>
				<transform>
					<row0>	0.2819 0.0000 0.9595 0.0000	</row0>
					<row1>	0.0000 1.0000 0.0000 0.0000	</row1>
					<row2>	-0.9595 0.0000 0.2819 0.0000	</row2>
					<row3>	-0.0312 0.8241 2.3555 1.0000	</row3>
				</transform>
			</node>
			<node>
				<identifier>	MP_RM382_Switch_Box_2_INDEX_2	</identifier>
				<transform>
					<row0>	0.5993 0.0000 0.8005 0.0000	</row0>
					<row1>	0.0000 1.0000 0.0000 0.0000	</row1>
					<row2>	-0.8005 0.0000 0.5993 0.0000	</row2>
					<row3>	0.1041 0.6587 2.4919 1.0000	</row3>
				</transform>
			</node>
			<node>
				<identifier>	MP_RM393_searchlight	</identifier>
				<transform>
					<row0>	1.0000 0.0000 0.0000 0.0000	</row0>
					<row1>	0.0000 1.0000 0.0000 0.0000	</row1>
					<row2>	0.0000 0.0000 1.0000 0.0000	</row2>
					<row3>	0.0000 1.2587 2.4417 1.0000	</row3>
				</transform>
			</node>
			<node>
				<identifier>	MP_RM393_searchlight_INDEX_1	</identifier>
				<transform>
					<row0>	1.0000 0.0000 0.0000 0.0000	</row0>
					<row1>	0.0000 1.0000 0.0000 0.0000	</row1>
					<row2>	0.0000 0.0000 1.0000 0.0000	</row2>
					<row3>	-0.4318 0.7313 2.3013 1.0000	</row3>
				</transform>
			</node>
			<node>
				<identifier>	MP_RM393_searchlight_INDEX_2	</identifier>
				<transform>
					<row0>	1.0000 0.0000 0.0000 0.0000	</row0>
					<row1>	0.0000 1.0000 0.0000 0.0000	</row1>
					<row2>	0.0000 0.0000 1.0000 0.0000	</row2>
					<row3>	0.4318 0.7313 2.3013 1.0000	</row3>
				</transform>
			</node>
			<node>
				<identifier>	MP_RM394_47mm_43_5_Hotchkiss	</identifier>
				<transform>
					<row0>	0.0000 0.0000 -1.0000 0.0000	</row0>
					<row1>	0.0000 1.0000 0.0000 0.0000	</row1>
					<row2>	1.0000 0.0000 0.0000 0.0000	</row2>
					<row3>	0.1058 1.0659 2.3269 1.0000	</row3>
				</transform>
			</node>
			<node>
				<identifier>	MP_RM394_47mm_43_5_Hotchkiss_INDEX_1	</identifier>
				<transform>
					<row0>	0.0000 0.0000 1.0000 0.0000	</row0>
					<row1>	0.0000 1.0000 0.0000 0.0000	</row1>
					<row2>	-1.0000 0.0000 0.0000 0.0000	</row2>
					<row3>	-0.4406 0.4409 1.6253 1.0000	</row3>
				</transform>
			</node>
			<node>
				<identifier>	MP_RM394_47mm_43_5_Hotchkiss_INDEX_2	</identifier>
				<transform>
					<row0>	0.0000 0.0000 1.0000 0.0000	</row0>
					<row1>	0.0000 1.0000 0.0000 0.0000	</row1>
					<row2>	-1.0000 0.0000 0.0000 0.0000	</row2>
					<row3>	-0.1058 1.0659 2.3269 1.0000	</row3>
				</transform>
			</node>
			<node>
				<identifier>	MP_RM394_47mm_43_5_Hotchkiss_INDEX_3	</identifier>
				<transform>
					<row0>	0.0000 0.0000 -1.0000 0.0000	</row0>
					<row1>	0.0000 1.0000 0.0000 0.0000	</row1>
					<row2>	1.0000 0.0000 0.0000 0.0000	</row2>
					<row3>	0.4406 0.4409 1.6253 1.0000	</row3>
				</transform>
			</node>
			<node>
				<identifier>	MP_RM395_63_5mm_Baranowksi_gun	</identifier>
				<transform>
					<row0>	0.0000 0.0000 -1.0000 0.0000	</row0>
					<row1>	0.0000 1.0000 0.0000 0.0000	</row1>
					<row2>	1.0000 0.0000 0.0000 0.0000	</row2>
					<row3>	0.4285 0.4494 2.3008 1.0000	</row3>
				</transform>
			</node>
			<node>
				<identifier>	MP_RM395_63_5mm_Baranowksi_gun_INDEX_1	</identifier>
				<transform>
					<row0>	0.0000 0.0000 1.0000 0.0000	</row0>
					<row1>	0.0000 1.0000 0.0000 0.0000	</row1>
					<row2>	-1.0000 0.0000 0.0000 0.0000	</row2>
					<row3>	-0.4285 0.4494 2.3008 1.0000	</row3>
				</transform>
			</node>
			<node>
				<identifier>	MP_RM396_Baranowksi_gun_wheels	</identifier>
				<transform>
					<row0>	0.0000 0.0000 -1.0000 0.0000	</row0>
					<row1>	-0.0304 0.9995 0.0000 0.0000	</row1>
					<row2>	0.9995 0.0304 0.0000 0.0000	</row2>
					<row3>	0.0237 0.4568 2.1082 1.0000	</row3>
				</transform>
			</node>
			<node>
				<identifier>	MP_RM396_Baranowksi_gun_wheels_INDEX_1	</identifier>
				<transform>
					<row0>	0.0000 0.0000 1.0000 0.0000	</row0>
					<row1>	-0.3567 0.9342 0.0000 0.0000	</row1>
					<row2>	-0.9342 -0.3567 0.0000 0.0000	</row2>
					<row3>	-0.0706 0.4589 2.1082 1.0000	</row3>
				</transform>
			</node>
			<node>
				<identifier>	MP_RM397_7_62_Maxim	</identifier>
				<transform>
					<row0>	0.0000 0.0000 1.0000 0.0000	</row0>
					<row1>	0.0000 1.0000 0.0000 0.0000	</row1>
					<row2>	-1.0000 0.0000 0.0000 0.0000	</row2>
					<row3>	-0.3393 0.5496 2.6458 1.0000	</row3>
				</transform>
			</node>
			<node>
				<identifier>	MP_RM397_7_62_Maxim_INDEX_1	</identifier>
				<transform>
					<row0>	0.0000 0.0000 -1.0000 0.0000	</row0>
					<row1>	0.0000 1.0000 0.0000 0.0000	</row1>
					<row2>	1.0000 0.0000 0.0000 0.0000	</row2>
					<row3>	0.3393 0.5496 2.6458 1.0000	</row3>
				</transform>
			</node>
			<node>
				<identifier>	MP_RM398_Steam_Cutter_12_4m	</identifier>
				<transform>
					<row0>	1.0000 0.0000 0.0000 0.0000	</row0>
					<row1>	0.0000 1.0000 0.0000 0.0000	</row1>
					<row2>	0.0000 0.0000 1.0000 0.0000	</row2>
					<row3>	-0.4761 0.4366 0.9924 1.0000	</row3>
				</transform>
			</node>
			<node>
				<identifier>	MP_RM398_Steam_Cutter_12_4m_INDEX_1	</identifier>
				<transform>
					<row0>	1.0000 0.0000 0.0000 0.0000	</row0>
					<row1>	0.0000 1.0000 0.0000 0.0000	</row1>
					<row2>	0.0000 0.0000 1.0000 0.0000	</row2>
					<row3>	0.4761 0.4366 0.9924 1.0000	</row3>
				</transform>
			</node>
			<node>
				<identifier>	MP_RM932_punt_3_6m	</identifier>
				<transform>
					<row0>	1.0000 0.0000 0.0000 0.0000	</row0>
					<row1>	0.0000 1.0000 0.0077 0.0000	</row1>
					<row2>	0.0000 -0.0077 1.0000 0.0000	</row2>
					<row3>	0.0000 0.4337 0.7132 1.0000	</row3>
				</transform>
			</node>
		</node>
	</node>
	<boundingBox>
		<min>	-0.0667 -0.0667 -0.0667	</min>
		<max>	0.0667 0.0667 0.0667	</max>
	</boundingBox>
</RSC029_Varyag_1904_MidFront_ports.visual>
