<WSD007_Visby_1945_MidBack_ports.visual>
	<node>
		<identifier>	Scene Root	</identifier>
		<transform>
			<row0>	1.0000 0.0000 0.0000 0.0000	</row0>
			<row1>	0.0000 1.0000 0.0000 0.0000	</row1>
			<row2>	0.0000 0.0000 1.0000 0.0000	</row2>
			<row3>	0.0000 0.0000 0.0000 1.0000	</row3>
		</transform>
		<node>
			<identifier>	MidBack_ports	</identifier>
			<transform>
				<row0>	1.0000 0.0000 0.0000 0.0000	</row0>
				<row1>	0.0000 1.0000 0.0000 0.0000	</row1>
				<row2>	0.0000 0.0000 1.0000 0.0000	</row2>
				<row3>	0.0000 0.0000 0.0000 1.0000	</row3>
			</transform>
			<node>
				<identifier>	HP_FX_Fire_3	</identifier>
				<transform>
					<row0>	1.0000 0.0000 0.0000 0.0000	</row0>
					<row1>	0.0000 1.0000 0.0000 0.0000	</row1>
					<row2>	0.0000 0.0000 1.0000 0.0000	</row2>
					<row3>	0.0000 0.1779 -0.7940 1.0000	</row3>
				</transform>
			</node>
			<node>
				<identifier>	HP_FX_Fire_3_side_1	</identifier>
				<transform>
					<row0>	1.0000 0.0000 0.0000 0.0000	</row0>
					<row1>	0.0000 1.0000 0.0000 0.0000	</row1>
					<row2>	0.0000 0.0000 1.0000 0.0000	</row2>
					<row3>	-0.1907 0.1921 -0.5941 1.0000	</row3>
				</transform>
			</node>
			<node>
				<identifier>	HP_FX_Fire_3_side_2	</identifier>
				<transform>
					<row0>	1.0000 0.0000 0.0000 0.0000	</row0>
					<row1>	0.0000 1.0000 0.0000 0.0000	</row1>
					<row2>	0.0000 0.0000 1.0000 0.0000	</row2>
					<row3>	0.1996 0.1682 -1.3179 1.0000	</row3>
				</transform>
			</node>
			<node>
				<identifier>	HP_FX_Flood_steam_right	</identifier>
				<transform>
					<row0>	1.0000 0.0000 0.0000 0.0000	</row0>
					<row1>	0.0000 1.0000 0.0000 0.0000	</row1>
					<row2>	0.0000 0.0000 1.0000 0.0000	</row2>
					<row3>	0.2754 0.1245 -1.6451 1.0000	</row3>
				</transform>
			</node>
			<node>
				<identifier>	HP_FX_Flood_water_left_2	</identifier>
				<transform>
					<row0>	-0.9999 0.0000 0.0100 0.0000	</row0>
					<row1>	0.0000 1.0000 0.0000 0.0000	</row1>
					<row2>	-0.0100 0.0000 -0.9999 0.0000	</row2>
					<row3>	-0.2976 0.0263 -0.3889 1.0000	</row3>
				</transform>
			</node>
			<node>
				<identifier>	HP_FX_Flood_water_right_2	</identifier>
				<transform>
					<row0>	1.0000 0.0000 0.0000 0.0000	</row0>
					<row1>	0.0000 1.0000 0.0000 0.0000	</row1>
					<row2>	0.0000 0.0000 1.0000 0.0000	</row2>
					<row3>	0.2931 0.0694 -0.8984 1.0000	</row3>
				</transform>
			</node>
			<node>
				<identifier>	HP_FX_RepairLight_right_1	</identifier>
				<transform>
					<row0>	-0.0245 0.0000 -0.9997 0.0000	</row0>
					<row1>	-0.2037 0.9790 0.0050 0.0000	</row1>
					<row2>	0.9787 0.2037 -0.0240 0.0000	</row2>
					<row3>	0.2718 0.1597 -1.4935 1.0000	</row3>
				</transform>
			</node>
			<node>
				<identifier>	HP_Ship_death_2	</identifier>
				<transform>
					<row0>	1.0000 0.0000 0.0000 0.0000	</row0>
					<row1>	0.0000 1.0000 0.0000 0.0000	</row1>
					<row2>	0.0000 0.0000 1.0000 0.0000	</row2>
					<row3>	0.0000 0.0000 -0.3370 1.0000	</row3>
				</transform>
			</node>
			<node>
				<identifier>	HP_WGA_10	</identifier>
				<transform>
					<row0>	0.0000 0.0000 1.0000 0.0000	</row0>
					<row1>	0.0000 1.0000 0.0000 0.0000	</row1>
					<row2>	-1.0000 0.0000 0.0000 0.0000	</row2>
					<row3>	-0.1745 0.1675 -2.6466 1.0000	</row3>
				</transform>
			</node>
			<node>
				<identifier>	HP_WGA_11	</identifier>
				<transform>
					<row0>	0.0000 0.0000 -1.0000 0.0000	</row0>
					<row1>	0.0000 1.0000 0.0000 0.0000	</row1>
					<row2>	1.0000 0.0000 0.0000 0.0000	</row2>
					<row3>	0.1745 0.1675 -2.6466 1.0000	</row3>
				</transform>
			</node>
			<node>
				<identifier>	HP_WGA_9	</identifier>
				<transform>
					<row0>	-1.0000 0.0000 0.0000 0.0000	</row0>
					<row1>	0.0000 1.0000 0.0000 0.0000	</row1>
					<row2>	0.0000 0.0000 -1.0000 0.0000	</row2>
					<row3>	0.0000 0.3791 -0.8085 1.0000	</row3>
				</transform>
			</node>
			<node>
				<identifier>	HP_WGB_1	</identifier>
				<transform>
					<row0>	0.0000 0.0000 1.0000 0.0000	</row0>
					<row1>	0.0000 1.0000 0.0000 0.0000	</row1>
					<row2>	-1.0000 0.0000 0.0000 0.0000	</row2>
					<row3>	0.0000 0.1751 -2.4323 1.0000	</row3>
				</transform>
			</node>
			<node>
				<identifier>	HP_WGB_2	</identifier>
				<transform>
					<row0>	0.0000 0.0000 -1.0000 0.0000	</row0>
					<row1>	0.0000 1.0000 0.0000 0.0000	</row1>
					<row2>	1.0000 0.0000 0.0000 0.0000	</row2>
					<row3>	0.0000 0.1755 -2.5617 1.0000	</row3>
				</transform>
			</node>
			<node>
				<identifier>	HP_WGB_3	</identifier>
				<transform>
					<row0>	-0.8724 -0.0060 0.4888 0.0000	</row0>
					<row1>	-0.0017 1.0000 0.0094 0.0000	</row1>
					<row2>	-0.4889 0.0074 -0.8723 0.0000	</row2>
					<row3>	-0.2136 0.1684 -2.8403 1.0000	</row3>
				</transform>
			</node>
			<node>
				<identifier>	HP_WGB_4	</identifier>
				<transform>
					<row0>	-0.8724 0.0060 -0.4888 0.0000	</row0>
					<row1>	0.0017 1.0000 0.0094 0.0000	</row1>
					<row2>	0.4889 0.0074 -0.8723 0.0000	</row2>
					<row3>	0.2136 0.1684 -2.8403 1.0000	</row3>
				</transform>
			</node>
			<node>
				<identifier>	HP_WGM_2	</identifier>
				<transform>
					<row0>	-1.0000 0.0000 0.0000 0.0000	</row0>
					<row1>	0.0000 1.0000 0.0000 0.0000	</row1>
					<row2>	0.0000 0.0000 -1.0000 0.0000	</row2>
					<row3>	0.0000 0.3095 -1.6307 1.0000	</row3>
				</transform>
			</node>
			<node>
				<identifier>	HP_WGM_3	</identifier>
				<transform>
					<row0>	-1.0000 0.0000 0.0000 0.0000	</row0>
					<row1>	0.0000 1.0000 0.0000 0.0000	</row1>
					<row2>	0.0000 0.0000 -1.0000 0.0000	</row2>
					<row3>	0.0000 0.1641 -2.0850 1.0000	</row3>
				</transform>
			</node>
			<node>
				<identifier>	HP_WGT_1	</identifier>
				<transform>
					<row0>	1.0000 0.0000 0.0000 0.0000	</row0>
					<row1>	0.0000 1.0000 0.0000 0.0000	</row1>
					<row2>	0.0000 0.0000 1.0000 0.0000	</row2>
					<row3>	0.0000 0.2123 -0.4784 1.0000	</row3>
				</transform>
			</node>
			<node>
				<identifier>	HP_WGT_2	</identifier>
				<transform>
					<row0>	1.0000 0.0000 0.0000 0.0000	</row0>
					<row1>	0.0000 1.0000 0.0000 0.0000	</row1>
					<row2>	0.0000 0.0000 1.0000 0.0000	</row2>
					<row3>	0.0000 0.2009 -1.1694 1.0000	</row3>
				</transform>
			</node>
			<node>
				<identifier>	HP_flag_nation	</identifier>
				<transform>
					<row0>	1.0000 0.0000 0.0000 0.0000	</row0>
					<row1>	0.0000 1.0000 0.0000 0.0000	</row1>
					<row2>	0.0000 0.0000 1.0000 0.0000	</row2>
					<row3>	0.0000 0.5834 -1.4073 1.0000	</row3>
				</transform>
			</node>
			<node>
				<identifier>	MP_CM011_Fire_Fighting_Gear	</identifier>
				<transform>
					<row0>	-0.9063 0.0000 -0.4226 0.0000	</row0>
					<row1>	0.0000 1.0000 0.0000 0.0000	</row1>
					<row2>	0.4226 0.0000 -0.9063 0.0000	</row2>
					<row3>	-0.0490 0.1768 -1.4671 1.0000	</row3>
				</transform>
			</node>
			<node>
				<identifier>	MP_CM029_Emergency_Box	</identifier>
				<transform>
					<row0>	0.1008 0.0000 0.9949 0.0000	</row0>
					<row1>	0.0000 1.0000 0.0000 0.0000	</row1>
					<row2>	-0.9949 0.0000 0.1008 0.0000	</row2>
					<row3>	-0.1767 0.3487 -1.5841 1.0000	</row3>
				</transform>
			</node>
			<node>
				<identifier>	MP_CM029_Emergency_Box_INDEX_1	</identifier>
				<transform>
					<row0>	0.2009 0.0000 0.9796 0.0000	</row0>
					<row1>	0.0000 1.0000 0.0000 0.0000	</row1>
					<row2>	-0.9796 0.0000 0.2009 0.0000	</row2>
					<row3>	0.0634 0.2607 -0.8212 1.0000	</row3>
				</transform>
			</node>
			<node>
				<identifier>	MP_CM030_Swab_Rack_2	</identifier>
				<transform>
					<row0>	-0.2592 0.0000 -0.9658 0.0000	</row0>
					<row1>	0.0000 1.0000 0.0000 0.0000	</row1>
					<row2>	0.9658 0.0000 -0.2592 0.0000	</row2>
					<row3>	0.1174 0.1686 -1.7411 1.0000	</row3>
				</transform>
			</node>
			<node>
				<identifier>	MP_CM051_Fire_Fighting_Gear	</identifier>
				<transform>
					<row0>	-0.8660 0.0000 0.5000 0.0000	</row0>
					<row1>	0.0000 1.0000 0.0000 0.0000	</row1>
					<row2>	-0.5000 0.0000 -0.8660 0.0000	</row2>
					<row3>	-0.0514 0.2233 -0.7793 1.0000	</row3>
				</transform>
			</node>
			<node>
				<identifier>	MP_CM109_Leadsman_Platform	</identifier>
				<transform>
					<row0>	0.0000 0.7847 0.0000 0.0000	</row0>
					<row1>	-0.7847 0.0000 0.0000 0.0000	</row1>
					<row2>	0.0000 0.0000 0.7847 0.0000	</row2>
					<row3>	-0.1331 0.2263 -1.6324 1.0000	</row3>
				</transform>
			</node>
			<node>
				<identifier>	MP_CM127_Jacobs_ladder	</identifier>
				<transform>
					<row0>	0.9956 -0.0729 -0.0587 0.0000	</row0>
					<row1>	0.0728 0.9973 -0.0043 0.0000	</row1>
					<row2>	0.0588 0.0000 0.9983 0.0000	</row2>
					<row3>	0.2512 0.1776 -1.4551 1.0000	</row3>
				</transform>
			</node>
			<node>
				<identifier>	MP_CM127_Jacobs_ladder_INDEX_1	</identifier>
				<transform>
					<row0>	0.9956 0.0729 0.0587 0.0000	</row0>
					<row1>	-0.0728 0.9973 -0.0043 0.0000	</row1>
					<row2>	-0.0588 0.0000 0.9983 0.0000	</row2>
					<row3>	-0.2517 0.1776 -1.4551 1.0000	</row3>
				</transform>
			</node>
			<node>
				<identifier>	MP_CM733_Anchor_3_Black	</identifier>
				<transform>
					<row0>	0.0000 -0.7366 0.0000 0.0000	</row0>
					<row1>	0.7366 0.0000 0.0000 0.0000	</row1>
					<row2>	0.0000 0.0000 0.7366 0.0000	</row2>
					<row3>	0.0344 0.1872 -1.3936 1.0000	</row3>
				</transform>
			</node>
			<node>
				<identifier>	MP_WM004_Life_buoy	</identifier>
				<transform>
					<row0>	0.0222 0.0000 -0.9998 0.0000	</row0>
					<row1>	0.0000 1.0000 0.0000 0.0000	</row1>
					<row2>	0.9998 0.0000 0.0222 0.0000	</row2>
					<row3>	-0.2650 0.2365 -1.5484 1.0000	</row3>
				</transform>
			</node>
			<node>
				<identifier>	MP_WM004_Life_buoy_INDEX_1	</identifier>
				<transform>
					<row0>	0.0222 0.0000 0.9998 0.0000	</row0>
					<row1>	0.0000 1.0000 0.0000 0.0000	</row1>
					<row2>	-0.9998 0.0000 0.0222 0.0000	</row2>
					<row3>	0.2650 0.2365 -1.5484 1.0000	</row3>
				</transform>
			</node>
			<node>
				<identifier>	MP_WM013_Fire_Hose_Rack_Box	</identifier>
				<transform>
					<row0>	0.6802 0.0000 -0.7330 0.0000	</row0>
					<row1>	0.0000 1.0000 0.0000 0.0000	</row1>
					<row2>	0.7330 0.0000 0.6802 0.0000	</row2>
					<row3>	-0.0854 0.2236 -1.5014 1.0000	</row3>
				</transform>
			</node>
			<node>
				<identifier>	MP_WM021_Torpedo_trolley_SW	</identifier>
				<transform>
					<row0>	1.0999 0.0000 0.0125 0.0000	</row0>
					<row1>	0.0003 1.0997 -0.0250 0.0000	</row1>
					<row2>	-0.0125 0.0250 1.0996 0.0000	</row2>
					<row3>	-0.2312 0.1814 -0.4308 1.0000	</row3>
				</transform>
			</node>
			<node>
				<identifier>	MP_WM021_Torpedo_trolley_SW_INDEX_1	</identifier>
				<transform>
					<row0>	1.1000 0.0000 0.0000 0.0000	</row0>
					<row1>	0.0000 1.0999 -0.0175 0.0000	</row1>
					<row2>	0.0000 0.0175 1.0999 0.0000	</row2>
					<row3>	0.2187 0.1810 -0.5185 1.0000	</row3>
				</transform>
			</node>
			<node>
				<identifier>	MP_WM025_Turtles_box_SW	</identifier>
				<transform>
					<row0>	-0.3597 0.0000 -0.9331 0.0000	</row0>
					<row1>	0.0000 1.0000 0.0000 0.0000	</row1>
					<row2>	0.9331 0.0000 -0.3597 0.0000	</row2>
					<row3>	-0.1682 0.3175 -1.5342 1.0000	</row3>
				</transform>
			</node>
			<node>
				<identifier>	MP_WM522_3_65_Dinghey	</identifier>
				<transform>
					<row0>	0.0000 -1.0000 0.0000 0.0000	</row0>
					<row1>	0.9993 0.0000 0.0366 0.0000	</row1>
					<row2>	-0.0366 0.0000 0.9993 0.0000	</row2>
					<row3>	-0.2586 0.2317 -1.7577 1.0000	</row3>
				</transform>
			</node>
			<node>
				<identifier>	MP_WM700_Shell_box	</identifier>
				<transform>
					<row0>	0.7901 0.0000 0.6130 0.0000	</row0>
					<row1>	0.0000 1.0000 0.0000 0.0000	</row1>
					<row2>	-0.6130 0.0000 0.7901 0.0000	</row2>
					<row3>	-0.0825 0.3135 -1.4905 1.0000	</row3>
				</transform>
			</node>
			<node>
				<identifier>	MP_WM700_Shell_box_INDEX_1	</identifier>
				<transform>
					<row0>	-0.3876 0.0000 -0.9218 0.0000	</row0>
					<row1>	0.0000 1.0000 0.0000 0.0000	</row1>
					<row2>	0.9218 0.0000 -0.3876 0.0000	</row2>
					<row3>	0.1099 0.1694 -1.8342 1.0000	</row3>
				</transform>
			</node>
			<node>
				<identifier>	MP_WM700_Shell_box_INDEX_2	</identifier>
				<transform>
					<row0>	0.7901 0.0000 0.6130 0.0000	</row0>
					<row1>	0.0000 1.0000 0.0000 0.0000	</row1>
					<row2>	-0.6130 0.0000 0.7901 0.0000	</row2>
					<row3>	-0.0940 0.3135 -1.4758 1.0000	</row3>
				</transform>
			</node>
			<node>
				<identifier>	MP_WM700_Shell_box_INDEX_3	</identifier>
				<transform>
					<row0>	0.7901 0.0000 -0.6130 0.0000	</row0>
					<row1>	0.0000 1.0000 0.0000 0.0000	</row1>
					<row2>	0.6130 0.0000 0.7901 0.0000	</row2>
					<row3>	0.0940 0.3135 -1.4758 1.0000	</row3>
				</transform>
			</node>
			<node>
				<identifier>	MP_WM700_Shell_box_INDEX_4	</identifier>
				<transform>
					<row0>	0.7901 0.0000 0.6130 0.0000	</row0>
					<row1>	0.0000 1.0000 0.0000 0.0000	</row1>
					<row2>	-0.6130 0.0000 0.7901 0.0000	</row2>
					<row3>	-0.1050 0.3135 -1.4615 1.0000	</row3>
				</transform>
			</node>
			<node>
				<identifier>	MP_WM700_Shell_box_INDEX_5	</identifier>
				<transform>
					<row0>	0.7901 0.0000 -0.6130 0.0000	</row0>
					<row1>	0.0000 1.0000 0.0000 0.0000	</row1>
					<row2>	0.6130 0.0000 0.7901 0.0000	</row2>
					<row3>	0.0825 0.3135 -1.4905 1.0000	</row3>
				</transform>
			</node>
			<node>
				<identifier>	MP_WM700_Shell_box_INDEX_6	</identifier>
				<transform>
					<row0>	-0.3876 0.0000 -0.9218 0.0000	</row0>
					<row1>	0.0000 1.0000 0.0000 0.0000	</row1>
					<row2>	0.9218 0.0000 -0.3876 0.0000	</row2>
					<row3>	0.1039 0.1697 -1.8946 1.0000	</row3>
				</transform>
			</node>
			<node>
				<identifier>	MP_WM700_Shell_box_INDEX_7	</identifier>
				<transform>
					<row0>	0.7901 0.0000 -0.6130 0.0000	</row0>
					<row1>	0.0000 1.0000 0.0000 0.0000	</row1>
					<row2>	0.6130 0.0000 0.7901 0.0000	</row2>
					<row3>	0.1050 0.3135 -1.4615 1.0000	</row3>
				</transform>
			</node>
			<node>
				<identifier>	MP_WM700_Shell_box_INDEX_8	</identifier>
				<transform>
					<row0>	-0.3876 0.0000 -0.9218 0.0000	</row0>
					<row1>	0.0000 1.0000 0.0000 0.0000	</row1>
					<row2>	0.9218 0.0000 -0.3876 0.0000	</row2>
					<row3>	0.0875 0.1703 -1.8877 1.0000	</row3>
				</transform>
			</node>
			<node>
				<identifier>	MP_WM959_Bollard_SW	</identifier>
				<transform>
					<row0>	1.0000 0.0000 0.0000 0.0000	</row0>
					<row1>	0.0000 0.9999 -0.0152 0.0000	</row1>
					<row2>	0.0000 0.0152 0.9999 0.0000	</row2>
					<row3>	0.2654 0.1719 -0.3840 1.0000	</row3>
				</transform>
			</node>
			<node>
				<identifier>	MP_WM959_Bollard_SW_INDEX_1	</identifier>
				<transform>
					<row0>	1.0000 0.0000 0.0000 0.0000	</row0>
					<row1>	0.0000 0.9999 -0.0152 0.0000	</row1>
					<row2>	0.0000 0.0152 0.9999 0.0000	</row2>
					<row3>	-0.2654 0.1719 -0.3840 1.0000	</row3>
				</transform>
			</node>
			<node>
				<identifier>	MP_WM959_Bollard_SW_INDEX_2	</identifier>
				<transform>
					<row0>	0.9990 0.0000 -0.0444 0.0000	</row0>
					<row1>	0.0000 1.0000 0.0000 0.0000	</row1>
					<row2>	0.0444 0.0000 0.9990 0.0000	</row2>
					<row3>	0.2372 0.1607 -1.9676 1.0000	</row3>
				</transform>
			</node>
			<node>
				<identifier>	MP_WM959_Bollard_SW_INDEX_3	</identifier>
				<transform>
					<row0>	0.9990 0.0000 0.0444 0.0000	</row0>
					<row1>	0.0000 1.0000 0.0000 0.0000	</row1>
					<row2>	-0.0444 0.0000 0.9990 0.0000	</row2>
					<row3>	-0.2372 0.1607 -1.9676 1.0000	</row3>
				</transform>
			</node>
			<node>
				<identifier>	MP_WM962_Fender_long_SW	</identifier>
				<transform>
					<row0>	0.9995 0.0309 0.0000 0.0000	</row0>
					<row1>	-0.0309 0.9992 -0.0244 0.0000	</row1>
					<row2>	-0.0008 0.0244 0.9997 0.0000	</row2>
					<row3>	-0.1009 0.1859 -0.4312 1.0000	</row3>
				</transform>
			</node>
			<node>
				<identifier>	MP_WM962_Fender_long_SW_INDEX_1	</identifier>
				<transform>
					<row0>	0.9995 -0.0309 0.0000 0.0000	</row0>
					<row1>	0.0309 0.9992 -0.0244 0.0000	</row1>
					<row2>	0.0008 0.0244 0.9997 0.0000	</row2>
					<row3>	0.1009 0.1859 -0.4312 1.0000	</row3>
				</transform>
			</node>
			<node>
				<identifier>	MP_WM962_Fender_long_SW_INDEX_2	</identifier>
				<transform>
					<row0>	0.9993 -0.0366 0.0000 0.0000	</row0>
					<row1>	0.0366 0.9993 -0.0107 0.0000	</row1>
					<row2>	0.0004 0.0107 0.9999 0.0000	</row2>
					<row3>	0.1010 0.1754 -1.1686 1.0000	</row3>
				</transform>
			</node>
			<node>
				<identifier>	MP_WM962_Fender_long_SW_INDEX_3	</identifier>
				<transform>
					<row0>	0.9993 0.0366 0.0000 0.0000	</row0>
					<row1>	-0.0366 0.9993 -0.0107 0.0000	</row1>
					<row2>	-0.0004 0.0107 0.9999 0.0000	</row2>
					<row3>	-0.1010 0.1754 -1.1686 1.0000	</row3>
				</transform>
			</node>
			<node>
				<identifier>	SP_YMS011_YHWL_M_1_INDEX_7	</identifier>
				<transform>
					<row0>	0.4981 0.0436 0.0047 0.0000	</row0>
					<row1>	-0.0436 0.4981 0.0000 0.0000	</row1>
					<row2>	-0.0047 -0.0004 0.5000 0.0000	</row2>
					<row3>	-0.2993 -0.0200 -0.6267 1.0000	</row3>
				</transform>
			</node>
			<node>
				<identifier>	SP_YMS011_YHWL_M_1_INDEX_8	</identifier>
				<transform>
					<row0>	0.4980 0.0436 0.0074 0.0000	</row0>
					<row1>	-0.0436 0.4981 0.0000 0.0000	</row1>
					<row2>	-0.0074 -0.0006 0.4999 0.0000	</row2>
					<row3>	-0.2951 -0.0196 -1.0493 1.0000	</row3>
				</transform>
			</node>
			<node>
				<identifier>	SP_YMS011_YHWL_M_1_INDEX_9	</identifier>
				<transform>
					<row0>	0.4927 0.0833 0.0165 0.0000	</row0>
					<row1>	-0.0833 0.4930 -0.0017 0.0000	</row1>
					<row2>	-0.0166 -0.0010 0.4997 0.0000	</row2>
					<row3>	-0.2844 -0.0191 -1.4720 1.0000	</row3>
				</transform>
			</node>
			<node>
				<identifier>	SP_YMS012_YHWR_M_1_INDEX_7	</identifier>
				<transform>
					<row0>	0.4981 -0.0436 -0.0047 0.0000	</row0>
					<row1>	0.0436 0.4981 0.0000 0.0000	</row1>
					<row2>	0.0047 -0.0004 0.5000 0.0000	</row2>
					<row3>	0.2993 -0.0200 -0.6267 1.0000	</row3>
				</transform>
			</node>
			<node>
				<identifier>	SP_YMS012_YHWR_M_1_INDEX_8	</identifier>
				<transform>
					<row0>	0.4980 -0.0436 -0.0074 0.0000	</row0>
					<row1>	0.0436 0.4981 0.0000 0.0000	</row1>
					<row2>	0.0074 -0.0006 0.4999 0.0000	</row2>
					<row3>	0.2951 -0.0196 -1.0493 1.0000	</row3>
				</transform>
			</node>
			<node>
				<identifier>	SP_YMS012_YHWR_M_1_INDEX_9	</identifier>
				<transform>
					<row0>	0.4927 -0.0833 -0.0165 0.0000	</row0>
					<row1>	0.0833 0.4930 -0.0017 0.0000	</row1>
					<row2>	0.0166 -0.0010 0.4997 0.0000	</row2>
					<row3>	0.2844 -0.0191 -1.4720 1.0000	</row3>
				</transform>
			</node>
			<node>
				<identifier>	SP_YMS060_YHGF_S_1_INDEX_1	</identifier>
				<transform>
					<row0>	-1.0411 0.0000 0.0000 0.0000	</row0>
					<row1>	0.0000 1.0411 0.0000 0.0000	</row1>
					<row2>	0.0000 0.0000 -1.0411 0.0000	</row2>
					<row3>	0.0000 0.4216 -0.8085 1.0000	</row3>
				</transform>
			</node>
			<node>
				<identifier>	SP_YMS063_YHGQ_S_1_INDEX_1	</identifier>
				<transform>
					<row0>	-0.2225 0.0000 0.5849 0.0000	</row0>
					<row1>	0.0000 0.6258 0.0000 0.0000	</row1>
					<row2>	-0.3934 0.0000 -0.1496 0.0000	</row2>
					<row3>	0.1175 0.3723 -1.5559 1.0000	</row3>
				</transform>
			</node>
			<node>
				<identifier>	SP_YMS063_YHGQ_S_1_INDEX_2	</identifier>
				<transform>
					<row0>	-0.2225 0.0000 -0.5849 0.0000	</row0>
					<row1>	0.0000 0.6258 0.0000 0.0000	</row1>
					<row2>	0.3934 0.0000 -0.1496 0.0000	</row2>
					<row3>	-0.1175 0.3723 -1.5559 1.0000	</row3>
				</transform>
			</node>
			<node>
				<identifier>	SP_YMS082_YHSC_M_1	</identifier>
				<transform>
					<row0>	0.0102 0.0000 0.4499 0.0000	</row0>
					<row1>	-0.0571 0.4464 0.0013 0.0000	</row1>
					<row2>	-0.4462 -0.0571 0.0101 0.0000	</row2>
					<row3>	0.2768 0.1090 -1.5078 1.0000	</row3>
				</transform>
			</node>
			<node>
				<identifier>	SP_YMS082_YHSC_M_1_INDEX_1	</identifier>
				<transform>
					<row0>	0.0102 0.0000 0.4500 0.0000	</row0>
					<row1>	-0.0519 0.4471 0.0012 0.0000	</row1>
					<row2>	-0.4470 -0.0519 0.0101 0.0000	</row2>
					<row3>	0.2815 0.1090 -1.3242 1.0000	</row3>
				</transform>
			</node>
			<node>
				<identifier>	SP_YMS082_YHSC_M_1_INDEX_2	</identifier>
				<transform>
					<row0>	0.0102 0.0000 -0.4499 0.0000	</row0>
					<row1>	0.0519 0.4470 0.0012 0.0000	</row1>
					<row2>	0.4469 -0.0519 0.0101 0.0000	</row2>
					<row3>	-0.2815 0.1090 -1.3242 1.0000	</row3>
				</transform>
			</node>
			<node>
				<identifier>	SP_YMS082_YHSC_M_1_INDEX_3	</identifier>
				<transform>
					<row0>	0.0102 0.0000 -0.4499 0.0000	</row0>
					<row1>	0.0519 0.4470 0.0012 0.0000	</row1>
					<row2>	0.4469 -0.0519 0.0101 0.0000	</row2>
					<row3>	-0.2775 0.1090 -1.5000 1.0000	</row3>
				</transform>
			</node>
			<node>
				<identifier>	SP_YMS083_YHSC_L_1_INDEX_2	</identifier>
				<transform>
					<row0>	0.0042 -0.0061 -0.4778 0.0000	</row0>
					<row1>	0.0631 0.4737 -0.0055 0.0000	</row1>
					<row2>	0.4737 -0.0631 0.0049 0.0000	</row2>
					<row3>	-0.2783 0.1635 -0.6979 1.0000	</row3>
				</transform>
			</node>
			<node>
				<identifier>	SP_YMS083_YHSC_L_1_INDEX_3	</identifier>
				<transform>
					<row0>	0.0036 0.0035 0.4779 0.0000	</row0>
					<row1>	-0.0632 0.4737 -0.0030 0.0000	</row1>
					<row2>	-0.4737 -0.0631 0.0040 0.0000	</row2>
					<row3>	0.2765 0.1601 -1.0462 1.0000	</row3>
				</transform>
			</node>
			<node>
				<identifier>	SP_YMS083_YHSC_L_1_INDEX_4	</identifier>
				<transform>
					<row0>	0.0036 -0.0035 -0.4779 0.0000	</row0>
					<row1>	0.0632 0.4737 -0.0030 0.0000	</row1>
					<row2>	0.4737 -0.0631 0.0040 0.0000	</row2>
					<row3>	-0.2765 0.1601 -1.0462 1.0000	</row3>
				</transform>
			</node>
			<node>
				<identifier>	SP_YMS083_YHSC_L_1_INDEX_5	</identifier>
				<transform>
					<row0>	0.0042 0.0061 0.4778 0.0000	</row0>
					<row1>	-0.0631 0.4737 -0.0055 0.0000	</row1>
					<row2>	-0.4737 -0.0631 0.0049 0.0000	</row2>
					<row3>	0.2783 0.1635 -0.6979 1.0000	</row3>
				</transform>
			</node>
		</node>
	</node>
	<boundingBox>
		<min>	-0.0667 -0.0667 -0.0667	</min>
		<max>	0.0667 0.0667 0.0667	</max>
	</boundingBox>
</WSD007_Visby_1945_MidBack_ports.visual>
