<ASD031_Kidd_1945_MidFront_ports.visual>
	<node>
		<identifier>	Scene Root	</identifier>
		<transform>
			<row0>	1.0000 0.0000 0.0000 0.0000	</row0>
			<row1>	0.0000 1.0000 0.0000 0.0000	</row1>
			<row2>	0.0000 0.0000 1.0000 0.0000	</row2>
			<row3>	0.0000 0.0000 0.0000 1.0000	</row3>
		</transform>
		<node>
			<identifier>	MidFront_ports	</identifier>
			<transform>
				<row0>	1.0000 0.0000 0.0000 0.0000	</row0>
				<row1>	0.0000 1.0000 0.0000 0.0000	</row1>
				<row2>	0.0000 0.0000 1.0000 0.0000	</row2>
				<row3>	0.0000 0.0000 0.0000 1.0000	</row3>
			</transform>
			<node>
				<identifier>	HP_AD_1	</identifier>
				<transform>
					<row0>	0.8244 0.0000 0.5660 0.0000	</row0>
					<row1>	0.0000 1.0000 0.0000 0.0000	</row1>
					<row2>	-0.5660 0.0000 0.8244 0.0000	</row2>
					<row3>	-0.2167 0.6219 1.5614 1.0000	</row3>
				</transform>
			</node>
			<node>
				<identifier>	HP_AD_2	</identifier>
				<transform>
					<row0>	0.8244 0.0000 -0.5660 0.0000	</row0>
					<row1>	0.0000 1.0000 0.0000 0.0000	</row1>
					<row2>	0.5660 0.0000 0.8244 0.0000	</row2>
					<row3>	0.2167 0.6219 1.5614 1.0000	</row3>
				</transform>
			</node>
			<node>
				<identifier>	HP_AD_3	</identifier>
				<transform>
					<row0>	1.0000 0.0000 0.0000 0.0000	</row0>
					<row1>	0.0000 1.0000 0.0000 0.0000	</row1>
					<row2>	0.0000 0.0000 1.0000 0.0000	</row2>
					<row3>	0.0000 0.7768 1.3395 1.0000	</row3>
				</transform>
			</node>
			<node>
				<identifier>	HP_AD_4	</identifier>
				<transform>
					<row0>	0.0000 0.0000 1.0000 0.0000	</row0>
					<row1>	0.0000 1.0000 0.0000 0.0000	</row1>
					<row2>	-1.0000 0.0000 0.0000 0.0000	</row2>
					<row3>	-0.2291 0.6213 1.2144 1.0000	</row3>
				</transform>
			</node>
			<node>
				<identifier>	HP_AD_5	</identifier>
				<transform>
					<row0>	0.0000 0.0000 -1.0000 0.0000	</row0>
					<row1>	0.0000 1.0000 0.0000 0.0000	</row1>
					<row2>	1.0000 0.0000 0.0000 0.0000	</row2>
					<row3>	0.2291 0.6213 1.2144 1.0000	</row3>
				</transform>
			</node>
			<node>
				<identifier>	HP_AD_6	</identifier>
				<transform>
					<row0>	0.0000 0.0000 1.0000 0.0000	</row0>
					<row1>	0.0000 1.0000 0.0000 0.0000	</row1>
					<row2>	-1.0000 0.0000 0.0000 0.0000	</row2>
					<row3>	-0.1500 0.5035 0.3068 1.0000	</row3>
				</transform>
			</node>
			<node>
				<identifier>	HP_AD_7	</identifier>
				<transform>
					<row0>	0.0000 0.0000 -1.0000 0.0000	</row0>
					<row1>	0.0000 1.0000 0.0000 0.0000	</row1>
					<row2>	1.0000 0.0000 0.0000 0.0000	</row2>
					<row3>	0.1500 0.5035 0.3068 1.0000	</row3>
				</transform>
			</node>
			<node>
				<identifier>	HP_AGA_1	</identifier>
				<transform>
					<row0>	0.7071 0.0000 0.7071 0.0000	</row0>
					<row1>	0.0000 1.0000 0.0000 0.0000	</row1>
					<row2>	-0.7071 0.0000 0.7071 0.0000	</row2>
					<row3>	-0.2265 0.4369 1.7513 1.0000	</row3>
				</transform>
			</node>
			<node>
				<identifier>	HP_AGA_2	</identifier>
				<transform>
					<row0>	0.7071 0.0000 -0.7071 0.0000	</row0>
					<row1>	0.0000 1.0000 0.0000 0.0000	</row1>
					<row2>	0.7071 0.0000 0.7071 0.0000	</row2>
					<row3>	0.2265 0.4369 1.7513 1.0000	</row3>
				</transform>
			</node>
			<node>
				<identifier>	HP_AGM_2	</identifier>
				<transform>
					<row0>	1.0000 0.0000 0.0000 0.0000	</row0>
					<row1>	0.0000 1.0000 0.0000 0.0000	</row1>
					<row2>	0.0000 0.0000 1.0000 0.0000	</row2>
					<row3>	0.0000 0.4726 2.0952 1.0000	</row3>
				</transform>
			</node>
			<node>
				<identifier>	HP_ARS_1	</identifier>
				<transform>
					<row0>	1.0000 0.0000 0.0000 0.0000	</row0>
					<row1>	0.0000 1.0000 0.0000 0.0000	</row1>
					<row2>	0.0000 0.0000 1.0000 0.0000	</row2>
					<row3>	0.0000 1.5150 1.0594 1.0000	</row3>
				</transform>
			</node>
			<node>
				<identifier>	HP_ARS_2	</identifier>
				<transform>
					<row0>	1.0000 0.0000 0.0000 0.0000	</row0>
					<row1>	0.0000 1.0000 0.0000 0.0000	</row1>
					<row2>	0.0000 0.0000 1.0000 0.0000	</row2>
					<row3>	0.0000 1.6144 0.9981 1.0000	</row3>
				</transform>
			</node>
			<node>
				<identifier>	HP_FX_Death_2	</identifier>
				<transform>
					<row0>	1.0000 0.0000 0.0000 0.0000	</row0>
					<row1>	0.0000 1.0000 0.0000 0.0000	</row1>
					<row2>	0.0000 0.0000 1.0000 0.0000	</row2>
					<row3>	0.0000 0.0000 0.1961 1.0000	</row3>
				</transform>
			</node>
			<node>
				<identifier>	HP_FX_Fire_2	</identifier>
				<transform>
					<row0>	1.0000 0.0000 0.0000 0.0000	</row0>
					<row1>	0.0000 1.0000 0.0000 0.0000	</row1>
					<row2>	0.0000 0.0000 1.0000 0.0000	</row2>
					<row3>	0.0000 0.7086 1.3823 1.0000	</row3>
				</transform>
			</node>
			<node>
				<identifier>	HP_FX_Fire_2_side_1	</identifier>
				<transform>
					<row0>	1.0000 0.0000 0.0000 0.0000	</row0>
					<row1>	0.0000 1.0000 0.0000 0.0000	</row1>
					<row2>	0.0000 0.0000 1.0000 0.0000	</row2>
					<row3>	-0.2780 0.4686 1.7548 1.0000	</row3>
				</transform>
			</node>
			<node>
				<identifier>	HP_FX_Fire_2_side_2	</identifier>
				<transform>
					<row0>	1.0000 0.0000 0.0000 0.0000	</row0>
					<row1>	0.0000 1.0000 0.0000 0.0000	</row1>
					<row2>	0.0000 0.0000 1.0000 0.0000	</row2>
					<row3>	0.2756 0.4672 0.9210 1.0000	</row3>
				</transform>
			</node>
			<node>
				<identifier>	HP_FX_FloodLight_left_1	</identifier>
				<transform>
					<row0>	-1.0000 0.0000 0.0000 0.0000	</row0>
					<row1>	0.0000 1.0000 0.0000 0.0000	</row1>
					<row2>	0.0000 0.0000 -1.0000 0.0000	</row2>
					<row3>	-0.2505 0.3224 1.2754 1.0000	</row3>
				</transform>
			</node>
			<node>
				<identifier>	HP_FX_FloodLight_right_2	</identifier>
				<transform>
					<row0>	1.0000 0.0000 0.0000 0.0000	</row0>
					<row1>	0.0000 1.0000 0.0000 0.0000	</row1>
					<row2>	0.0000 0.0000 1.0000 0.0000	</row2>
					<row3>	0.2538 0.3122 1.3029 1.0000	</row3>
				</transform>
			</node>
			<node>
				<identifier>	HP_FX_Flood_steam_1	</identifier>
				<transform>
					<row0>	1.0000 0.0000 0.0000 0.0000	</row0>
					<row1>	0.0000 0.9575 -0.2883 0.0000	</row1>
					<row2>	0.0000 0.2883 0.9575 0.0000	</row2>
					<row3>	0.0000 0.7866 0.4885 1.0000	</row3>
				</transform>
			</node>
			<node>
				<identifier>	HP_FX_Flood_steam_left	</identifier>
				<transform>
					<row0>	-1.0000 0.0000 0.0000 0.0000	</row0>
					<row1>	0.0000 1.0000 0.0000 0.0000	</row1>
					<row2>	0.0000 0.0000 -1.0000 0.0000	</row2>
					<row3>	-0.2339 0.3358 1.9510 1.0000	</row3>
				</transform>
			</node>
			<node>
				<identifier>	HP_FX_Flood_steam_right	</identifier>
				<transform>
					<row0>	1.0000 0.0000 0.0000 0.0000	</row0>
					<row1>	0.0000 1.0000 0.0000 0.0000	</row1>
					<row2>	0.0000 0.0000 1.0000 0.0000	</row2>
					<row3>	0.2209 0.3220 0.5371 1.0000	</row3>
				</transform>
			</node>
			<node>
				<identifier>	HP_FX_Flood_water_left_2	</identifier>
				<transform>
					<row0>	-1.0000 0.0000 0.0000 0.0000	</row0>
					<row1>	0.0000 1.0000 0.0000 0.0000	</row1>
					<row2>	0.0000 0.0000 -1.0000 0.0000	</row2>
					<row3>	-0.3747 0.0131 0.7121 1.0000	</row3>
				</transform>
			</node>
			<node>
				<identifier>	HP_FX_Flood_water_right_2	</identifier>
				<transform>
					<row0>	1.0000 0.0000 0.0000 0.0000	</row0>
					<row1>	0.0000 1.0000 0.0000 0.0000	</row1>
					<row2>	0.0000 0.0000 1.0000 0.0000	</row2>
					<row3>	0.3746 0.0123 0.7138 1.0000	</row3>
				</transform>
			</node>
			<node>
				<identifier>	HP_FX_RepairLight_left_1	</identifier>
				<transform>
					<row0>	0.0570 0.0000 0.9984 0.0000	</row0>
					<row1>	-0.1171 0.9931 0.0067 0.0000	</row1>
					<row2>	-0.9915 -0.1173 0.0566 0.0000	</row2>
					<row3>	-0.3438 0.2403 1.6702 1.0000	</row3>
				</transform>
			</node>
			<node>
				<identifier>	HP_FX_RepairLight_right_2	</identifier>
				<transform>
					<row0>	0.1055 0.0188 -0.9942 0.0000	</row0>
					<row1>	0.0012 0.9999 0.0190 0.0000	</row1>
					<row2>	0.9944 -0.0032 0.1055 0.0000	</row2>
					<row3>	0.3336 0.2531 1.8722 1.0000	</row3>
				</transform>
			</node>
			<node>
				<identifier>	HP_FX_Smoke_1	</identifier>
				<transform>
					<row0>	1.0000 0.0000 0.0000 0.0000	</row0>
					<row1>	0.0000 0.9274 -0.3741 0.0000	</row1>
					<row2>	0.0000 0.3741 0.9274 0.0000	</row2>
					<row3>	0.0000 0.8877 0.6047 1.0000	</row3>
				</transform>
			</node>
			<node>
				<identifier>	HP_flag_1	</identifier>
				<transform>
					<row0>	0.9991 0.0420 -0.0030 0.0000	</row0>
					<row1>	-0.0420 0.9890 -0.1417 0.0000	</row1>
					<row2>	-0.0030 0.1417 0.9899 0.0000	</row2>
					<row3>	0.1281 1.4246 0.9967 1.0000	</row3>
				</transform>
			</node>
			<node>
				<identifier>	HP_flag_2	</identifier>
				<transform>
					<row0>	0.9991 -0.0420 0.0030 0.0000	</row0>
					<row1>	0.0420 0.9890 -0.1417 0.0000	</row1>
					<row2>	0.0030 0.1417 0.9899 0.0000	</row2>
					<row3>	-0.1281 1.4246 0.9967 1.0000	</row3>
				</transform>
			</node>
			<node>
				<identifier>	HP_flag_3	</identifier>
				<transform>
					<row0>	0.9989 0.0457 -0.0032 0.0000	</row0>
					<row1>	-0.0457 0.9890 -0.1409 0.0000	</row1>
					<row2>	-0.0032 0.1409 0.9900 0.0000	</row2>
					<row3>	0.0609 1.4246 0.9972 1.0000	</row3>
				</transform>
			</node>
			<node>
				<identifier>	HP_flag_4	</identifier>
				<transform>
					<row0>	0.9989 -0.0457 0.0032 0.0000	</row0>
					<row1>	0.0457 0.9890 -0.1409 0.0000	</row1>
					<row2>	0.0032 0.1409 0.9900 0.0000	</row2>
					<row3>	-0.0609 1.4246 0.9972 1.0000	</row3>
				</transform>
			</node>
			<node>
				<identifier>	HP_flag_courtesy	</identifier>
				<transform>
					<row0>	0.9995 0.0303 -0.0022 0.0000	</row0>
					<row1>	-0.0303 0.9894 -0.1417 0.0000	</row1>
					<row2>	-0.0022 0.1417 0.9899 0.0000	</row2>
					<row3>	0.1621 1.4110 0.9986 1.0000	</row3>
				</transform>
			</node>
			<node>
				<identifier>	HP_flag_house	</identifier>
				<transform>
					<row0>	0.9995 -0.0303 0.0022 0.0000	</row0>
					<row1>	0.0303 0.9894 -0.1417 0.0000	</row1>
					<row2>	0.0022 0.1417 0.9899 0.0000	</row2>
					<row3>	-0.1621 1.4110 0.9986 1.0000	</row3>
				</transform>
			</node>
			<node>
				<identifier>	HP_flag_rank	</identifier>
				<transform>
					<row0>	0.9998 -0.0212 0.0009 0.0000	</row0>
					<row1>	0.0212 0.9958 -0.0889 0.0000	</row1>
					<row2>	0.0009 0.0889 0.9960 0.0000	</row2>
					<row3>	0.0000 1.6267 0.9452 1.0000	</row3>
				</transform>
			</node>
			<node>
				<identifier>	MP_AM006_Reels_1	</identifier>
				<transform>
					<row0>	1.0000 0.0000 0.0000 0.0000	</row0>
					<row1>	0.0000 0.0000 1.0000 0.0000	</row1>
					<row2>	0.0000 -1.0000 0.0000 0.0000	</row2>
					<row3>	0.0885 0.3524 2.2532 1.0000	</row3>
				</transform>
			</node>
			<node>
				<identifier>	MP_AM010_Speaker_1	</identifier>
				<transform>
					<row0>	0.8498 0.0000 0.0000 0.0000	</row0>
					<row1>	0.0000 0.8427 -0.1097 0.0000	</row1>
					<row2>	0.0000 0.1097 0.8427 0.0000	</row2>
					<row3>	0.0612 0.5674 1.1758 1.0000	</row3>
				</transform>
			</node>
			<node>
				<identifier>	MP_AM010_Speaker_1_INDEX_1	</identifier>
				<transform>
					<row0>	-0.8498 0.0000 0.0000 0.0000	</row0>
					<row1>	0.0000 0.8498 0.0000 0.0000	</row1>
					<row2>	0.0000 0.0000 -0.8498 0.0000	</row2>
					<row3>	0.0555 0.6842 1.7470 1.0000	</row3>
				</transform>
			</node>
			<node>
				<identifier>	MP_AM018_Compass_Binnacle	</identifier>
				<transform>
					<row0>	1.0000 0.0000 0.0000 0.0000	</row0>
					<row1>	0.0000 1.0000 0.0000 0.0000	</row1>
					<row2>	0.0000 0.0000 1.0000 0.0000	</row2>
					<row3>	0.0000 0.5996 1.5898 1.0000	</row3>
				</transform>
			</node>
			<node>
				<identifier>	MP_AM025_Pelorus_Mk7	</identifier>
				<transform>
					<row0>	1.0000 0.0000 0.0000 0.0000	</row0>
					<row1>	0.0000 1.0000 0.0000 0.0000	</row1>
					<row2>	0.0000 0.0000 1.0000 0.0000	</row2>
					<row3>	-0.2717 0.6192 1.5085 1.0000	</row3>
				</transform>
			</node>
			<node>
				<identifier>	MP_AM025_Pelorus_Mk7_INDEX_1	</identifier>
				<transform>
					<row0>	1.0000 0.0000 0.0000 0.0000	</row0>
					<row1>	0.0000 1.0000 0.0000 0.0000	</row1>
					<row2>	0.0000 0.0000 1.0000 0.0000	</row2>
					<row3>	0.2717 0.6192 1.5085 1.0000	</row3>
				</transform>
			</node>
			<node>
				<identifier>	MP_AM044_Boat_Winch	</identifier>
				<transform>
					<row0>	0.6938 0.0000 0.0000 0.0000	</row0>
					<row1>	0.0000 0.6938 0.0000 0.0000	</row1>
					<row2>	0.0000 0.0000 0.6938 0.0000	</row2>
					<row3>	-0.2983 0.1986 0.3319 1.0000	</row3>
				</transform>
			</node>
			<node>
				<identifier>	MP_AM049_Signal_Lamp_1	</identifier>
				<transform>
					<row0>	0.7276 0.0000 0.0799 0.0000	</row0>
					<row1>	0.0000 0.7320 0.0000 0.0000	</row1>
					<row2>	-0.0799 0.0000 0.7276 0.0000	</row2>
					<row3>	-0.0277 1.2706 0.9958 1.0000	</row3>
				</transform>
			</node>
			<node>
				<identifier>	MP_AM049_Signal_Lamp_1_INDEX_1	</identifier>
				<transform>
					<row0>	0.6170 0.0000 0.0000 0.0000	</row0>
					<row1>	0.0000 0.6170 0.0000 0.0000	</row1>
					<row2>	0.0000 0.0000 0.6170 0.0000	</row2>
					<row3>	-0.0253 1.6141 0.9937 1.0000	</row3>
				</transform>
			</node>
			<node>
				<identifier>	MP_AM049_Signal_Lamp_1_INDEX_2	</identifier>
				<transform>
					<row0>	1.0000 0.0000 0.0000 0.0000	</row0>
					<row1>	0.0000 1.0000 0.0000 0.0000	</row1>
					<row2>	0.0000 0.0000 1.0000 0.0000	</row2>
					<row3>	0.1614 1.4324 0.9958 1.0000	</row3>
				</transform>
			</node>
			<node>
				<identifier>	MP_AM049_Signal_Lamp_1_INDEX_3	</identifier>
				<transform>
					<row0>	0.7276 0.0000 0.0799 0.0000	</row0>
					<row1>	0.0000 0.7320 0.0000 0.0000	</row1>
					<row2>	-0.0799 0.0000 0.7276 0.0000	</row2>
					<row3>	-0.0257 1.4097 0.9861 1.0000	</row3>
				</transform>
			</node>
			<node>
				<identifier>	MP_AM049_Signal_Lamp_1_INDEX_4	</identifier>
				<transform>
					<row0>	0.6170 0.0000 0.0000 0.0000	</row0>
					<row1>	0.0000 0.6170 0.0000 0.0000	</row1>
					<row2>	0.0000 0.0000 0.6170 0.0000	</row2>
					<row3>	0.0253 1.6141 0.9937 1.0000	</row3>
				</transform>
			</node>
			<node>
				<identifier>	MP_AM049_Signal_Lamp_1_INDEX_5	</identifier>
				<transform>
					<row0>	1.0000 0.0000 0.0000 0.0000	</row0>
					<row1>	0.0000 1.0000 0.0000 0.0000	</row1>
					<row2>	0.0000 0.0000 1.0000 0.0000	</row2>
					<row3>	-0.1614 1.4324 0.9958 1.0000	</row3>
				</transform>
			</node>
			<node>
				<identifier>	MP_AM050_Fightin_Light	</identifier>
				<transform>
					<row0>	-1.0000 0.0000 0.0000 0.0000	</row0>
					<row1>	0.0000 1.0000 0.0000 0.0000	</row1>
					<row2>	0.0000 0.0000 -1.0000 0.0000	</row2>
					<row3>	0.2573 0.6241 1.2214 1.0000	</row3>
				</transform>
			</node>
			<node>
				<identifier>	MP_AM050_Fightin_Light_INDEX_1	</identifier>
				<transform>
					<row0>	1.0000 0.0000 0.0000 0.0000	</row0>
					<row1>	0.0000 1.0000 0.0000 0.0000	</row1>
					<row2>	0.0000 0.0000 1.0000 0.0000	</row2>
					<row3>	-0.2573 0.6241 1.2214 1.0000	</row3>
				</transform>
			</node>
			<node>
				<identifier>	MP_AM051_Fightin_Light_R	</identifier>
				<transform>
					<row0>	-0.8166 0.0000 0.0000 0.0000	</row0>
					<row1>	0.0000 0.8166 0.0000 0.0000	</row1>
					<row2>	0.0000 0.0000 -0.8166 0.0000	</row2>
					<row3>	-0.0087 1.0742 1.0412 1.0000	</row3>
				</transform>
			</node>
			<node>
				<identifier>	MP_AM052_Fightin_Light_L	</identifier>
				<transform>
					<row0>	-0.8166 0.0000 0.0000 0.0000	</row0>
					<row1>	0.0000 0.8166 0.0000 0.0000	</row1>
					<row2>	0.0000 0.0000 -0.8166 0.0000	</row2>
					<row3>	0.0087 1.0742 1.0412 1.0000	</row3>
				</transform>
			</node>
			<node>
				<identifier>	MP_AM054_Boat_6	</identifier>
				<transform>
					<row0>	0.9644 -0.2595 0.0506 0.0000	</row0>
					<row1>	0.2615 0.9644 -0.0388 0.0000	</row1>
					<row2>	-0.0388 0.0507 0.9980 0.0000	</row2>
					<row3>	0.3024 0.3999 1.4598 1.0000	</row3>
				</transform>
			</node>
			<node>
				<identifier>	MP_AM054_Boat_6_INDEX_1	</identifier>
				<transform>
					<row0>	0.9640 0.2595 -0.0586 0.0000	</row0>
					<row1>	-0.2618 0.9644 -0.0367 0.0000	</row1>
					<row2>	0.0470 0.0507 0.9976 0.0000	</row2>
					<row3>	-0.3028 0.3981 1.4602 1.0000	</row3>
				</transform>
			</node>
			<node>
				<identifier>	MP_AM054_Boat_6_INDEX_2	</identifier>
				<transform>
					<row0>	0.4375 0.8989 -0.0249 0.0000	</row0>
					<row1>	-0.8980 0.4353 -0.0643 0.0000	</row1>
					<row2>	-0.0469 0.0505 0.9976 0.0000	</row2>
					<row3>	0.3536 0.2617 0.9247 1.0000	</row3>
				</transform>
			</node>
			<node>
				<identifier>	MP_AM054_Boat_6_INDEX_3	</identifier>
				<transform>
					<row0>	0.4375 -0.8989 0.0249 0.0000	</row0>
					<row1>	0.8980 0.4353 -0.0643 0.0000	</row1>
					<row2>	0.0469 0.0505 0.9976 0.0000	</row2>
					<row3>	-0.3440 0.2651 0.9241 1.0000	</row3>
				</transform>
			</node>
			<node>
				<identifier>	MP_AM054_Boat_6_INDEX_4	</identifier>
				<transform>
					<row0>	-0.0020 0.9992 -0.0390 0.0000	</row0>
					<row1>	-0.9987 0.0000 0.0513 0.0000	</row1>
					<row2>	0.0513 0.0391 0.9979 0.0000	</row2>
					<row3>	-0.3254 0.3573 1.7359 1.0000	</row3>
				</transform>
			</node>
			<node>
				<identifier>	MP_AM054_Boat_6_INDEX_5	</identifier>
				<transform>
					<row0>	-0.0020 -0.9992 0.0390 0.0000	</row0>
					<row1>	0.9987 0.0000 0.0513 0.0000	</row1>
					<row2>	-0.0513 0.0391 0.9979 0.0000	</row2>
					<row3>	0.3254 0.3573 1.7359 1.0000	</row3>
				</transform>
			</node>
			<node>
				<identifier>	MP_AM061_Sky_Lookout_1	</identifier>
				<transform>
					<row0>	0.2301 0.0000 0.9732 0.0000	</row0>
					<row1>	0.0000 1.0000 0.0000 0.0000	</row1>
					<row2>	-0.9732 0.0000 0.2301 0.0000	</row2>
					<row3>	-0.1071 0.7503 1.5533 1.0000	</row3>
				</transform>
			</node>
			<node>
				<identifier>	MP_AM061_Sky_Lookout_1_INDEX_1	</identifier>
				<transform>
					<row0>	0.2301 0.0000 -0.9732 0.0000	</row0>
					<row1>	0.0000 1.0000 0.0000 0.0000	</row1>
					<row2>	0.9732 0.0000 0.2301 0.0000	</row2>
					<row3>	0.1071 0.7503 1.5533 1.0000	</row3>
				</transform>
			</node>
			<node>
				<identifier>	MP_AM062_IFF_Antenna	</identifier>
				<transform>
					<row0>	1.0000 0.0000 0.0000 0.0000	</row0>
					<row1>	0.0000 1.0000 0.0000 0.0000	</row1>
					<row2>	0.0000 0.0000 1.0000 0.0000	</row2>
					<row3>	-0.1982 1.4327 0.9957 1.0000	</row3>
				</transform>
			</node>
			<node>
				<identifier>	MP_AM062_IFF_Antenna_INDEX_1	</identifier>
				<transform>
					<row0>	1.0000 0.0000 0.0000 0.0000	</row0>
					<row1>	0.0000 1.0000 0.0000 0.0000	</row1>
					<row2>	0.0000 0.0000 1.0000 0.0000	</row2>
					<row3>	0.1982 1.4327 0.9957 1.0000	</row3>
				</transform>
			</node>
			<node>
				<identifier>	MP_AM063_Wind_Direction	</identifier>
				<transform>
					<row0>	0.0000 0.0000 -0.6438 0.0000	</row0>
					<row1>	0.0000 0.6438 0.0000 0.0000	</row1>
					<row2>	0.6438 0.0000 0.0000 0.0000	</row2>
					<row3>	0.0999 1.4357 0.9958 1.0000	</row3>
				</transform>
			</node>
			<node>
				<identifier>	MP_AM064_Wind_Intensity	</identifier>
				<transform>
					<row0>	0.6438 0.0000 0.0000 0.0000	</row0>
					<row1>	0.0000 0.6438 0.0000 0.0000	</row1>
					<row2>	0.0000 0.0000 0.6438 0.0000	</row2>
					<row3>	-0.0999 1.4357 0.9958 1.0000	</row3>
				</transform>
			</node>
			<node>
				<identifier>	MP_AM065_Ammunition_Box_6	</identifier>
				<transform>
					<row0>	1.0000 0.0000 0.0000 0.0000	</row0>
					<row1>	0.0000 0.9991 -0.0421 0.0000	</row1>
					<row2>	0.0000 0.0421 0.9991 0.0000	</row2>
					<row3>	0.2269 0.3576 0.3205 1.0000	</row3>
				</transform>
			</node>
			<node>
				<identifier>	MP_AM065_Ammunition_Box_6_INDEX_1	</identifier>
				<transform>
					<row0>	1.0000 0.0000 0.0000 0.0000	</row0>
					<row1>	0.0000 0.9991 -0.0421 0.0000	</row1>
					<row2>	0.0000 0.0421 0.9991 0.0000	</row2>
					<row3>	-0.2269 0.3576 0.3205 1.0000	</row3>
				</transform>
			</node>
			<node>
				<identifier>	MP_AM085_TBS_Antenna	</identifier>
				<transform>
					<row0>	0.5650 0.0000 0.0000 0.0000	</row0>
					<row1>	0.0000 0.5650 0.0000 0.0000	</row1>
					<row2>	0.0000 0.0000 0.5650 0.0000	</row2>
					<row3>	-0.1211 1.4388 0.9947 1.0000	</row3>
				</transform>
			</node>
			<node>
				<identifier>	MP_AM086_TBS_Antenna_2	</identifier>
				<transform>
					<row0>	-0.6245 0.0000 -0.6245 0.0000	</row0>
					<row1>	0.0000 0.8832 0.0000 0.0000	</row1>
					<row2>	0.6245 0.0000 -0.6245 0.0000	</row2>
					<row3>	0.0359 1.4429 0.9737 1.0000	</row3>
				</transform>
			</node>
			<node>
				<identifier>	MP_AM086_TBS_Antenna_2_INDEX_1	</identifier>
				<transform>
					<row0>	-0.6245 0.0000 0.6245 0.0000	</row0>
					<row1>	0.0000 0.8832 0.0000 0.0000	</row1>
					<row2>	-0.6245 0.0000 -0.6245 0.0000	</row2>
					<row3>	-0.0359 1.4429 0.9737 1.0000	</row3>
				</transform>
			</node>
			<node>
				<identifier>	MP_AM108_Reels_4	</identifier>
				<transform>
					<row0>	-0.6858 -0.0079 0.3960 0.0000	</row0>
					<row1>	-0.0068 0.7919 0.0040 0.0000	</row1>
					<row2>	-0.3960 0.0000 -0.6859 0.0000	</row2>
					<row3>	-0.0852 0.2948 2.3091 1.0000	</row3>
				</transform>
			</node>
			<node>
				<identifier>	MP_AM129_Turtles_box	</identifier>
				<transform>
					<row0>	1.0000 0.0000 0.0000 0.0000	</row0>
					<row1>	0.0000 1.0000 0.0000 0.0000	</row1>
					<row2>	0.0000 0.0000 1.0000 0.0000	</row2>
					<row3>	0.1802 0.4453 1.9042 1.0000	</row3>
				</transform>
			</node>
			<node>
				<identifier>	MP_AM129_Turtles_box_INDEX_1	</identifier>
				<transform>
					<row0>	1.0000 0.0000 0.0000 0.0000	</row0>
					<row1>	0.0000 1.0000 0.0000 0.0000	</row1>
					<row2>	0.0000 0.0000 1.0000 0.0000	</row2>
					<row3>	-0.1802 0.4453 1.9042 1.0000	</row3>
				</transform>
			</node>
			<node>
				<identifier>	MP_AM150_Telegraph_Engine	</identifier>
				<transform>
					<row0>	1.0000 0.0000 0.0000 0.0000	</row0>
					<row1>	0.0000 1.0000 0.0000 0.0000	</row1>
					<row2>	0.0000 0.0000 1.0000 0.0000	</row2>
					<row3>	0.0583 0.5993 1.5821 1.0000	</row3>
				</transform>
			</node>
			<node>
				<identifier>	MP_AM152_Log_Desk	</identifier>
				<transform>
					<row0>	-1.0000 0.0000 0.0000 0.0000	</row0>
					<row1>	0.0000 1.0000 0.0000 0.0000	</row1>
					<row2>	0.0000 0.0000 -1.0000 0.0000	</row2>
					<row3>	0.0634 0.6578 1.4358 1.0000	</row3>
				</transform>
			</node>
			<node>
				<identifier>	MP_AM158_Turning_Indicator	</identifier>
				<transform>
					<row0>	1.0000 0.0000 0.0000 0.0000	</row0>
					<row1>	0.0000 1.0000 0.0000 0.0000	</row1>
					<row2>	0.0000 0.0000 1.0000 0.0000	</row2>
					<row3>	-0.0583 0.5979 1.5821 1.0000	</row3>
				</transform>
			</node>
			<node>
				<identifier>	MP_AM159_Voice_Tube	</identifier>
				<transform>
					<row0>	0.7071 0.0000 -0.7071 0.0000	</row0>
					<row1>	0.0000 1.0000 0.0000 0.0000	</row1>
					<row2>	0.7071 0.0000 0.7071 0.0000	</row2>
					<row3>	0.1106 0.5991 1.5713 1.0000	</row3>
				</transform>
			</node>
			<node>
				<identifier>	MP_AM159_Voice_Tube_INDEX_1	</identifier>
				<transform>
					<row0>	0.7071 0.0000 -0.7071 0.0000	</row0>
					<row1>	0.0000 1.0000 0.0000 0.0000	</row1>
					<row2>	0.7071 0.0000 0.7071 0.0000	</row2>
					<row3>	0.0979 0.5991 1.5841 1.0000	</row3>
				</transform>
			</node>
			<node>
				<identifier>	MP_AM2005_Easter_egg_Kidd	</identifier>
				<transform>
					<row0>	1.0000 0.0000 0.0000 0.0000	</row0>
					<row1>	0.0000 1.0000 0.0000 0.0000	</row1>
					<row2>	0.0000 0.0000 1.0000 0.0000	</row2>
					<row3>	0.0884 0.6284 0.6299 1.0000	</row3>
				</transform>
			</node>
			<node>
				<identifier>	MP_AM350_Filling_connection	</identifier>
				<transform>
					<row0>	0.0000 0.0000 -1.0000 0.0000	</row0>
					<row1>	0.0000 1.0000 0.0000 0.0000	</row1>
					<row2>	1.0000 0.0000 0.0000 0.0000	</row2>
					<row3>	0.3714 0.1941 0.4918 1.0000	</row3>
				</transform>
			</node>
			<node>
				<identifier>	MP_AM350_Filling_connection_INDEX_1	</identifier>
				<transform>
					<row0>	0.0000 0.0000 -1.0000 0.0000	</row0>
					<row1>	0.0000 1.0000 0.0000 0.0000	</row1>
					<row2>	1.0000 0.0000 0.0000 0.0000	</row2>
					<row3>	-0.3714 0.1941 0.4918 1.0000	</row3>
				</transform>
			</node>
			<node>
				<identifier>	MP_AM372_Floater_Net_Basket_3	</identifier>
				<transform>
					<row0>	-0.4149 0.0000 0.7987 0.0000	</row0>
					<row1>	0.0000 0.9000 0.0000 0.0000	</row1>
					<row2>	-0.7987 0.0000 -0.4149 0.0000	</row2>
					<row3>	-0.1191 0.5849 0.6498 1.0000	</row3>
				</transform>
			</node>
			<node>
				<identifier>	MP_AM372_Floater_Net_Basket_3_INDEX_1	</identifier>
				<transform>
					<row0>	-0.4149 0.0000 -0.7987 0.0000	</row0>
					<row1>	0.0000 0.9000 0.0000 0.0000	</row1>
					<row2>	0.7987 0.0000 -0.4149 0.0000	</row2>
					<row3>	0.1191 0.5849 0.6498 1.0000	</row3>
				</transform>
			</node>
			<node>
				<identifier>	MP_AM372_Floater_Net_Basket_3_INDEX_2	</identifier>
				<transform>
					<row0>	1.4000 0.0000 0.0000 0.0000	</row0>
					<row1>	0.0000 1.0000 0.0000 0.0000	</row1>
					<row2>	0.0000 0.0000 1.3131 0.0000	</row2>
					<row3>	0.0000 0.4206 2.2559 1.0000	</row3>
				</transform>
			</node>
			<node>
				<identifier>	MP_AM404_RCM_Antenna	</identifier>
				<transform>
					<row0>	0.0000 0.0000 -1.0000 0.0000	</row0>
					<row1>	0.0000 1.0000 0.0000 0.0000	</row1>
					<row2>	1.0000 0.0000 0.0000 0.0000	</row2>
					<row3>	0.1456 0.7826 0.6832 1.0000	</row3>
				</transform>
			</node>
			<node>
				<identifier>	MP_AM404_RCM_Antenna_INDEX_1	</identifier>
				<transform>
					<row0>	0.0000 0.0000 1.0000 0.0000	</row0>
					<row1>	0.0000 1.0000 0.0000 0.0000	</row1>
					<row2>	-1.0000 0.0000 0.0000 0.0000	</row2>
					<row3>	-0.1456 0.7826 0.6832 1.0000	</row3>
				</transform>
			</node>
			<node>
				<identifier>	MP_AM404_RCM_Antenna_INDEX_2	</identifier>
				<transform>
					<row0>	1.0000 0.0000 0.0000 0.0000	</row0>
					<row1>	0.0000 1.0000 0.0000 0.0000	</row1>
					<row2>	0.0000 0.0000 1.0000 0.0000	</row2>
					<row3>	0.0000 0.6118 1.7348 1.0000	</row3>
				</transform>
			</node>
			<node>
				<identifier>	MP_AM441_Siren	</identifier>
				<transform>
					<row0>	0.2301 0.0000 -0.9732 0.0000	</row0>
					<row1>	0.0000 1.0000 0.0000 0.0000	</row1>
					<row2>	0.9732 0.0000 0.2301 0.0000	</row2>
					<row3>	0.1326 0.7438 1.5611 1.0000	</row3>
				</transform>
			</node>
			<node>
				<identifier>	MP_AM447_Seat	</identifier>
				<transform>
					<row0>	1.0000 0.0000 0.0000 0.0000	</row0>
					<row1>	0.0000 1.0000 0.0000 0.0000	</row1>
					<row2>	0.0000 0.0000 1.0000 0.0000	</row2>
					<row3>	-0.2134 0.6265 1.4738 1.0000	</row3>
				</transform>
			</node>
			<node>
				<identifier>	MP_AM449_Binoculars	</identifier>
				<transform>
					<row0>	1.0000 0.0000 0.0000 0.0000	</row0>
					<row1>	0.0000 1.0000 0.0000 0.0000	</row1>
					<row2>	0.0000 0.0000 1.0000 0.0000	</row2>
					<row3>	0.0278 0.6991 1.7346 1.0000	</row3>
				</transform>
			</node>
			<node>
				<identifier>	MP_AM463_Binoculars	</identifier>
				<transform>
					<row0>	1.0000 0.0000 0.0000 0.0000	</row0>
					<row1>	0.0000 1.0000 0.0000 0.0000	</row1>
					<row2>	0.0000 0.0000 1.0000 0.0000	</row2>
					<row3>	-0.0570 0.5993 1.6932 1.0000	</row3>
				</transform>
			</node>
			<node>
				<identifier>	MP_AM509_Voice_Tube_2	</identifier>
				<transform>
					<row0>	1.0000 0.0000 0.0000 0.0000	</row0>
					<row1>	0.0000 1.0000 0.0000 0.0000	</row1>
					<row2>	0.0000 0.0000 1.0000 0.0000	</row2>
					<row3>	-0.1107 0.5037 0.3714 1.0000	</row3>
				</transform>
			</node>
			<node>
				<identifier>	MP_AM509_Voice_Tube_2_INDEX_1	</identifier>
				<transform>
					<row0>	0.0000 0.0000 -1.0000 0.0000	</row0>
					<row1>	0.0000 1.0000 0.0000 0.0000	</row1>
					<row2>	1.0000 0.0000 0.0000 0.0000	</row2>
					<row3>	0.2958 0.5998 1.5246 1.0000	</row3>
				</transform>
			</node>
			<node>
				<identifier>	MP_AM509_Voice_Tube_2_INDEX_2	</identifier>
				<transform>
					<row0>	1.0000 0.0000 0.0000 0.0000	</row0>
					<row1>	0.0000 1.0000 0.0000 0.0000	</row1>
					<row2>	0.0000 0.0000 1.0000 0.0000	</row2>
					<row3>	-0.0196 0.6000 1.7054 1.0000	</row3>
				</transform>
			</node>
			<node>
				<identifier>	MP_AM509_Voice_Tube_2_INDEX_3	</identifier>
				<transform>
					<row0>	0.0000 0.0000 -1.0000 0.0000	</row0>
					<row1>	0.0000 1.0000 0.0000 0.0000	</row1>
					<row2>	1.0000 0.0000 0.0000 0.0000	</row2>
					<row3>	0.2958 0.5998 1.4919 1.0000	</row3>
				</transform>
			</node>
			<node>
				<identifier>	MP_AM509_Voice_Tube_2_INDEX_4	</identifier>
				<transform>
					<row0>	1.0000 0.0000 0.0000 0.0000	</row0>
					<row1>	0.0000 1.0000 0.0000 0.0000	</row1>
					<row2>	0.0000 0.0000 1.0000 0.0000	</row2>
					<row3>	0.1107 0.5037 0.3714 1.0000	</row3>
				</transform>
			</node>
			<node>
				<identifier>	MP_AM527_Whaleboat_26ft	</identifier>
				<transform>
					<row0>	0.9961 0.0000 0.0879 0.0000	</row0>
					<row1>	0.0000 1.0000 0.0000 0.0000	</row1>
					<row2>	-0.0879 0.0000 0.9961 0.0000	</row2>
					<row3>	-0.2807 0.4321 0.9263 1.0000	</row3>
				</transform>
			</node>
			<node>
				<identifier>	MP_AM527_Whaleboat_26ft_INDEX_1	</identifier>
				<transform>
					<row0>	0.9961 0.0000 -0.0879 0.0000	</row0>
					<row1>	0.0000 1.0000 0.0000 0.0000	</row1>
					<row2>	0.0879 0.0000 0.9961 0.0000	</row2>
					<row3>	0.2807 0.4321 0.9263 1.0000	</row3>
				</transform>
			</node>
			<node>
				<identifier>	MP_AM531_Stretcher	</identifier>
				<transform>
					<row0>	0.8833 0.4682 -0.0240 0.0000	</row0>
					<row1>	0.4680 -0.8836 -0.0127 0.0000	</row1>
					<row2>	-0.0272 0.0000 -0.9996 0.0000	</row2>
					<row3>	-0.3642 0.2542 0.6690 1.0000	</row3>
				</transform>
			</node>
			<node>
				<identifier>	MP_AM531_Stretcher_INDEX_1	</identifier>
				<transform>
					<row0>	-0.8466 0.5314 -0.0295 0.0000	</row0>
					<row1>	-0.5314 -0.8471 -0.0114 0.0000	</row1>
					<row2>	-0.0310 0.0060 0.9995 0.0000	</row2>
					<row3>	0.3631 0.2557 0.6690 1.0000	</row3>
				</transform>
			</node>
			<node>
				<identifier>	MP_AM544_Insulator	</identifier>
				<transform>
					<row0>	0.7232 0.0000 0.0000 0.0000	</row0>
					<row1>	0.0000 0.0000 -0.7232 0.0000	</row1>
					<row2>	0.0000 0.7232 0.0000 0.0000	</row2>
					<row3>	-0.0625 0.5812 1.0391 1.0000	</row3>
				</transform>
			</node>
			<node>
				<identifier>	MP_AM544_Insulator_INDEX_1	</identifier>
				<transform>
					<row0>	0.7232 0.0000 0.0000 0.0000	</row0>
					<row1>	0.0000 0.0000 -0.7232 0.0000	</row1>
					<row2>	0.0000 0.7232 0.0000 0.0000	</row2>
					<row3>	-0.0384 0.5812 1.0391 1.0000	</row3>
				</transform>
			</node>
			<node>
				<identifier>	MP_AM549_Life_Buoy	</identifier>
				<transform>
					<row0>	0.8893 0.0000 -0.4574 0.0000	</row0>
					<row1>	0.0000 1.0000 0.0000 0.0000	</row1>
					<row2>	0.4574 0.0000 0.8893 0.0000	</row2>
					<row3>	0.2354 0.6510 1.1681 1.0000	</row3>
				</transform>
			</node>
			<node>
				<identifier>	MP_AM549_Life_Buoy_INDEX_1	</identifier>
				<transform>
					<row0>	-0.8893 0.0000 -0.4574 0.0000	</row0>
					<row1>	0.0000 1.0000 0.0000 0.0000	</row1>
					<row2>	0.4574 0.0000 -0.8893 0.0000	</row2>
					<row3>	-0.2354 0.6510 1.1681 1.0000	</row3>
				</transform>
			</node>
			<node>
				<identifier>	MP_AM682_36in_Searchlight	</identifier>
				<transform>
					<row0>	0.0000 0.0000 -1.0000 0.0000	</row0>
					<row1>	0.0000 1.0000 0.0000 0.0000	</row1>
					<row2>	1.0000 0.0000 0.0000 0.0000	</row2>
					<row3>	0.1538 0.6227 0.8009 1.0000	</row3>
				</transform>
			</node>
			<node>
				<identifier>	MP_AM682_36in_Searchlight_INDEX_1	</identifier>
				<transform>
					<row0>	0.0000 0.0000 1.0000 0.0000	</row0>
					<row1>	0.0000 1.0000 0.0000 0.0000	</row1>
					<row2>	-1.0000 0.0000 0.0000 0.0000	</row2>
					<row3>	-0.1538 0.6227 0.8009 1.0000	</row3>
				</transform>
			</node>
			<node>
				<identifier>	MP_CM011_Fire_Fighting_Gear	</identifier>
				<transform>
					<row0>	-1.0000 0.0000 0.0000 0.0000	</row0>
					<row1>	0.0000 1.0000 0.0000 0.0000	</row1>
					<row2>	0.0000 0.0000 -1.0000 0.0000	</row2>
					<row3>	0.0000 0.2964 2.2611 1.0000	</row3>
				</transform>
			</node>
			<node>
				<identifier>	MP_CM011_Fire_Fighting_Gear_INDEX_1	</identifier>
				<transform>
					<row0>	0.0000 0.0000 -1.0000 0.0000	</row0>
					<row1>	0.0000 1.0000 0.0000 0.0000	</row1>
					<row2>	1.0000 0.0000 0.0000 0.0000	</row2>
					<row3>	-0.2168 0.2143 0.6134 1.0000	</row3>
				</transform>
			</node>
			<node>
				<identifier>	MP_CM011_Fire_Fighting_Gear_INDEX_2	</identifier>
				<transform>
					<row0>	0.0000 0.0000 1.0000 0.0000	</row0>
					<row1>	0.0000 1.0000 0.0000 0.0000	</row1>
					<row2>	-1.0000 0.0000 0.0000 0.0000	</row2>
					<row3>	0.1716 0.4093 1.3262 1.0000	</row3>
				</transform>
			</node>
			<node>
				<identifier>	MP_CM011_Fire_Fighting_Gear_INDEX_3	</identifier>
				<transform>
					<row0>	0.0000 0.0000 1.0000 0.0000	</row0>
					<row1>	0.0000 1.0000 0.0000 0.0000	</row1>
					<row2>	-1.0000 0.0000 0.0000 0.0000	</row2>
					<row3>	0.2168 0.2143 0.6134 1.0000	</row3>
				</transform>
			</node>
			<node>
				<identifier>	MP_CM012_Fire_Hose_Rack_1	</identifier>
				<transform>
					<row0>	0.0000 0.0000 -1.0000 0.0000	</row0>
					<row1>	0.0000 1.0000 0.0000 0.0000	</row1>
					<row2>	1.0000 0.0000 0.0000 0.0000	</row2>
					<row3>	-0.0946 0.3535 2.2562 1.0000	</row3>
				</transform>
			</node>
			<node>
				<identifier>	MP_CM012_Fire_Hose_Rack_1_INDEX_1	</identifier>
				<transform>
					<row0>	-1.0000 0.0000 0.0000 0.0000	</row0>
					<row1>	0.0000 1.0000 0.0000 0.0000	</row1>
					<row2>	0.0000 0.0000 -1.0000 0.0000	</row2>
					<row3>	0.1657 0.5067 1.2512 1.0000	</row3>
				</transform>
			</node>
			<node>
				<identifier>	MP_CM012_Fire_Hose_Rack_1_INDEX_2	</identifier>
				<transform>
					<row0>	0.0000 0.0000 -1.0000 0.0000	</row0>
					<row1>	0.0000 1.0000 0.0000 0.0000	</row1>
					<row2>	1.0000 0.0000 0.0000 0.0000	</row2>
					<row3>	0.0000 0.3535 2.2562 1.0000	</row3>
				</transform>
			</node>
			<node>
				<identifier>	MP_CM012_Fire_Hose_Rack_1_INDEX_3	</identifier>
				<transform>
					<row0>	-1.0000 0.0000 0.0000 0.0000	</row0>
					<row1>	0.0000 1.0000 0.0000 0.0000	</row1>
					<row2>	0.0000 0.0000 -1.0000 0.0000	</row2>
					<row3>	0.1657 0.5067 1.4298 1.0000	</row3>
				</transform>
			</node>
			<node>
				<identifier>	MP_CM012_Fire_Hose_Rack_1_INDEX_4	</identifier>
				<transform>
					<row0>	-1.0000 0.0000 0.0000 0.0000	</row0>
					<row1>	0.0000 1.0000 0.0000 0.0000	</row1>
					<row2>	0.0000 0.0000 -1.0000 0.0000	</row2>
					<row3>	0.2100 0.2762 0.6001 1.0000	</row3>
				</transform>
			</node>
			<node>
				<identifier>	MP_CM012_Fire_Hose_Rack_1_INDEX_5	</identifier>
				<transform>
					<row0>	1.0000 0.0000 0.0000 0.0000	</row0>
					<row1>	0.0000 1.0000 0.0000 0.0000	</row1>
					<row2>	0.0000 0.0000 1.0000 0.0000	</row2>
					<row3>	-0.2100 0.2762 0.6001 1.0000	</row3>
				</transform>
			</node>
			<node>
				<identifier>	MP_CM014_Fuel_Oil_Hose	</identifier>
				<transform>
					<row0>	-1.0000 0.0000 0.0000 0.0000	</row0>
					<row1>	0.0000 -1.0000 0.0000 0.0000	</row1>
					<row2>	0.0000 0.0000 1.0000 0.0000	</row2>
					<row3>	0.2126 0.3105 0.3987 1.0000	</row3>
				</transform>
			</node>
			<node>
				<identifier>	MP_CM014_Fuel_Oil_Hose_INDEX_1	</identifier>
				<transform>
					<row0>	1.0000 0.0000 0.0000 0.0000	</row0>
					<row1>	0.0000 -1.0000 0.0000 0.0000	</row1>
					<row2>	0.0000 0.0000 -1.0000 0.0000	</row2>
					<row3>	-0.2158 0.3105 0.3312 1.0000	</row3>
				</transform>
			</node>
			<node>
				<identifier>	MP_CM014_Fuel_Oil_Hose_INDEX_2	</identifier>
				<transform>
					<row0>	-1.0000 0.0000 0.0000 0.0000	</row0>
					<row1>	0.0000 -1.0000 0.0000 0.0000	</row1>
					<row2>	0.0000 0.0000 1.0000 0.0000	</row2>
					<row3>	0.1667 0.4530 1.2741 1.0000	</row3>
				</transform>
			</node>
			<node>
				<identifier>	MP_CM014_Fuel_Oil_Hose_INDEX_3	</identifier>
				<transform>
					<row0>	1.0000 0.0000 0.0000 0.0000	</row0>
					<row1>	0.0000 -1.0000 0.0000 0.0000	</row1>
					<row2>	0.0000 0.0000 -1.0000 0.0000	</row2>
					<row3>	-0.1672 0.4598 1.2741 1.0000	</row3>
				</transform>
			</node>
			<node>
				<identifier>	MP_CM029_Emergency_Box	</identifier>
				<transform>
					<row0>	-1.0000 0.0000 0.0000 0.0000	</row0>
					<row1>	0.0000 1.0000 0.0000 0.0000	</row1>
					<row2>	0.0000 0.0000 -1.0000 0.0000	</row2>
					<row3>	0.1369 0.4299 0.3830 1.0000	</row3>
				</transform>
			</node>
			<node>
				<identifier>	MP_CM029_Emergency_Box_INDEX_1	</identifier>
				<transform>
					<row0>	0.0000 0.0000 1.0000 0.0000	</row0>
					<row1>	0.0000 1.0000 0.0000 0.0000	</row1>
					<row2>	-1.0000 0.0000 0.0000 0.0000	</row2>
					<row3>	0.1673 0.6800 1.3230 1.0000	</row3>
				</transform>
			</node>
			<node>
				<identifier>	MP_CM029_Emergency_Box_INDEX_2	</identifier>
				<transform>
					<row0>	-1.0000 0.0000 0.0000 0.0000	</row0>
					<row1>	0.0000 1.0000 0.0000 0.0000	</row1>
					<row2>	0.0000 0.0000 -1.0000 0.0000	</row2>
					<row3>	0.1309 0.2946 0.7398 1.0000	</row3>
				</transform>
			</node>
			<node>
				<identifier>	MP_CM029_Emergency_Box_INDEX_3	</identifier>
				<transform>
					<row0>	-0.8538 0.0000 -0.5207 0.0000	</row0>
					<row1>	0.0000 1.0000 0.0000 0.0000	</row1>
					<row2>	0.5207 0.0000 -0.8538 0.0000	</row2>
					<row3>	-0.1330 0.5073 1.5964 1.0000	</row3>
				</transform>
			</node>
			<node>
				<identifier>	MP_CM029_Emergency_Box_INDEX_4	</identifier>
				<transform>
					<row0>	0.0000 0.0000 -1.0000 0.0000	</row0>
					<row1>	0.0000 1.0000 0.0000 0.0000	</row1>
					<row2>	1.0000 0.0000 0.0000 0.0000	</row2>
					<row3>	-0.1673 0.6800 1.3757 1.0000	</row3>
				</transform>
			</node>
			<node>
				<identifier>	MP_CM029_Emergency_Box_INDEX_5	</identifier>
				<transform>
					<row0>	1.0000 0.0000 0.0000 0.0000	</row0>
					<row1>	0.0000 1.0000 0.0000 0.0000	</row1>
					<row2>	0.0000 0.0000 1.0000 0.0000	</row2>
					<row3>	-0.0529 0.4785 1.1813 1.0000	</row3>
				</transform>
			</node>
			<node>
				<identifier>	MP_CM029_Emergency_Box_INDEX_6	</identifier>
				<transform>
					<row0>	0.0000 0.0000 -1.0000 0.0000	</row0>
					<row1>	0.0000 1.0000 0.0000 0.0000	</row1>
					<row2>	1.0000 0.0000 0.0000 0.0000	</row2>
					<row3>	-0.1711 0.3192 0.9903 1.0000	</row3>
				</transform>
			</node>
			<node>
				<identifier>	MP_CM056_Ships_bell	</identifier>
				<transform>
					<row0>	0.8644 0.0000 0.0000 0.0000	</row0>
					<row1>	0.0000 0.8644 0.0000 0.0000	</row1>
					<row2>	0.0000 0.0000 0.8644 0.0000	</row2>
					<row3>	-0.0060 0.7527 1.0916 1.0000	</row3>
				</transform>
			</node>
			<node>
				<identifier>	MP_CM126_Cleat	</identifier>
				<transform>
					<row0>	-0.9998 0.0000 0.0183 0.0000	</row0>
					<row1>	0.0000 1.0000 0.0000 0.0000	</row1>
					<row2>	-0.0183 0.0000 -0.9998 0.0000	</row2>
					<row3>	-0.3877 0.2601 0.3192 1.0000	</row3>
				</transform>
			</node>
			<node>
				<identifier>	MP_CM126_Cleat_INDEX_1	</identifier>
				<transform>
					<row0>	-0.9998 0.0000 -0.0183 0.0000	</row0>
					<row1>	0.0000 1.0000 0.0000 0.0000	</row1>
					<row2>	0.0183 0.0000 -0.9998 0.0000	</row2>
					<row3>	0.3877 0.2601 0.3192 1.0000	</row3>
				</transform>
			</node>
			<node>
				<identifier>	MP_CM126_Cleat_INDEX_2	</identifier>
				<transform>
					<row0>	0.9999 0.0000 -0.0125 0.0000	</row0>
					<row1>	0.0000 1.0000 -0.0029 0.0000	</row1>
					<row2>	0.0125 0.0029 0.9999 0.0000	</row2>
					<row3>	0.2065 0.3734 0.5785 1.0000	</row3>
				</transform>
			</node>
			<node>
				<identifier>	MP_CM126_Cleat_INDEX_3	</identifier>
				<transform>
					<row0>	0.9999 0.0000 0.0125 0.0000	</row0>
					<row1>	0.0000 1.0000 -0.0029 0.0000	</row1>
					<row2>	-0.0125 0.0029 0.9999 0.0000	</row2>
					<row3>	-0.2065 0.3734 0.5785 1.0000	</row3>
				</transform>
			</node>
			<node>
				<identifier>	MP_CM126_Cleat_INDEX_4	</identifier>
				<transform>
					<row0>	0.8028 0.0000 0.5963 0.0000	</row0>
					<row1>	0.5963 0.0000 -0.8028 0.0000	</row1>
					<row2>	0.0000 1.0000 0.0000 0.0000	</row2>
					<row3>	-0.0273 0.4580 1.0530 1.0000	</row3>
				</transform>
			</node>
			<node>
				<identifier>	MP_GM604_Switch_Box_5	</identifier>
				<transform>
					<row0>	-0.7116 0.0000 0.0000 0.0000	</row0>
