<GSA006_Erich_Loewenhardt_1940_Stern_ports.visual>
	<node>
		<identifier>	Scene Root	</identifier>
		<transform>
			<row0>	1.0000 0.0000 0.0000 0.0000	</row0>
			<row1>	0.0000 1.0000 0.0000 0.0000	</row1>
			<row2>	0.0000 0.0000 1.0000 0.0000	</row2>
			<row3>	0.0000 0.0000 0.0000 1.0000	</row3>
		</transform>
		<node>
			<identifier>	Stern_ports	</identifier>
			<transform>
				<row0>	1.0000 0.0000 0.0000 0.0000	</row0>
				<row1>	0.0000 1.0000 0.0000 0.0000	</row1>
				<row2>	0.0000 0.0000 1.0000 0.0000	</row2>
				<row3>	0.0000 0.0000 0.0000 1.0000	</row3>
			</transform>
			<node>
				<identifier>	HP_FX_Death_3	</identifier>
				<transform>
					<row0>	1.0000 0.0000 0.0000 0.0000	</row0>
					<row1>	0.0000 1.0000 0.0000 0.0000	</row1>
					<row2>	0.0000 0.0000 1.0000 0.0000	</row2>
					<row3>	0.0000 0.0000 -5.2472 1.0000	</row3>
				</transform>
			</node>
			<node>
				<identifier>	HP_FX_Fire_4	</identifier>
				<transform>
					<row0>	0.6623 0.0000 0.7493 0.0000	</row0>
					<row1>	0.0000 1.0000 0.0000 0.0000	</row1>
					<row2>	-0.7493 0.0000 0.6623 0.0000	</row2>
					<row3>	-0.4064 0.9667 -7.1366 1.0000	</row3>
				</transform>
			</node>
			<node>
				<identifier>	HP_FX_Fire_4_side_1	</identifier>
				<transform>
					<row0>	1.0000 0.0000 0.0000 0.0000	</row0>
					<row1>	0.0000 1.0000 0.0000 0.0000	</row1>
					<row2>	0.0000 0.0000 1.0000 0.0000	</row2>
					<row3>	0.0449 0.4771 -8.4137 1.0000	</row3>
				</transform>
			</node>
			<node>
				<identifier>	HP_FX_FloodLight_left_1	</identifier>
				<transform>
					<row0>	-0.9947 0.0000 -0.1032 0.0000	</row0>
					<row1>	0.0000 1.0000 0.0000 0.0000	</row1>
					<row2>	0.1032 0.0000 -0.9947 0.0000	</row2>
					<row3>	-0.7490 0.5185 -6.2274 1.0000	</row3>
				</transform>
			</node>
			<node>
				<identifier>	HP_FX_FloodLight_right_1	</identifier>
				<transform>
					<row0>	0.9917 0.0000 -0.1287 0.0000	</row0>
					<row1>	0.0000 1.0000 0.0000 0.0000	</row1>
					<row2>	0.1287 0.0000 0.9917 0.0000	</row2>
					<row3>	0.7484 0.5220 -6.2706 1.0000	</row3>
				</transform>
			</node>
			<node>
				<identifier>	HP_FX_Flood_steam_right	</identifier>
				<transform>
					<row0>	0.9942 0.0000 -0.1074 0.0000	</row0>
					<row1>	0.0000 1.0000 0.0000 0.0000	</row1>
					<row2>	0.1074 0.0000 0.9942 0.0000	</row2>
					<row3>	0.7662 0.9318 -6.8099 1.0000	</row3>
				</transform>
			</node>
			<node>
				<identifier>	HP_FX_WakeTraceBack	</identifier>
				<transform>
					<row0>	1.0000 0.0000 0.0000 0.0000	</row0>
					<row1>	0.0000 1.0000 0.0000 0.0000	</row1>
					<row2>	0.0000 0.0000 1.0000 0.0000	</row2>
					<row3>	0.0000 0.0000 -8.1599 1.0000	</row3>
				</transform>
			</node>
			<node>
				<identifier>	HP_FX_WakeTrace_screw_1	</identifier>
				<transform>
					<row0>	1.0000 0.0000 0.0000 0.0000	</row0>
					<row1>	0.0000 1.0000 0.0000 0.0000	</row1>
					<row2>	0.0000 0.0000 1.0000 0.0000	</row2>
					<row3>	-0.2338 -0.4102 -7.0439 1.0000	</row3>
				</transform>
			</node>
			<node>
				<identifier>	HP_FX_WakeTrace_screw_2	</identifier>
				<transform>
					<row0>	1.0000 0.0000 0.0000 0.0000	</row0>
					<row1>	0.0000 1.0000 0.0000 0.0000	</row1>
					<row2>	0.0000 0.0000 1.0000 0.0000	</row2>
					<row3>	-0.4840 -0.3966 -6.1253 1.0000	</row3>
				</transform>
			</node>
			<node>
				<identifier>	HP_FX_WakeTrace_screw_3	</identifier>
				<transform>
					<row0>	1.0000 0.0000 0.0000 0.0000	</row0>
					<row1>	0.0000 1.0000 0.0000 0.0000	</row1>
					<row2>	0.0000 0.0000 1.0000 0.0000	</row2>
					<row3>	0.2338 -0.4102 -7.0439 1.0000	</row3>
				</transform>
			</node>
			<node>
				<identifier>	HP_FX_WakeTrace_screw_4	</identifier>
				<transform>
					<row0>	1.0000 0.0000 0.0000 0.0000	</row0>
					<row1>	0.0000 1.0000 0.0000 0.0000	</row1>
					<row2>	0.0000 0.0000 1.0000 0.0000	</row2>
					<row3>	0.4840 -0.3966 -6.1253 1.0000	</row3>
				</transform>
			</node>
			<node>
				<identifier>	MP_CM011_Fire_Fighting_Gear	</identifier>
				<transform>
					<row0>	0.0000 0.0000 1.0000 0.0000	</row0>
					<row1>	0.0000 1.0000 0.0000 0.0000	</row1>
					<row2>	-1.0000 0.0000 0.0000 0.0000	</row2>
					<row3>	0.6636 0.4780 -2.9536 1.0000	</row3>
				</transform>
			</node>
			<node>
				<identifier>	MP_CM011_Fire_Fighting_Gear_INDEX_1	</identifier>
				<transform>
					<row0>	1.0000 0.0000 0.0000 0.0000	</row0>
					<row1>	0.0000 1.0000 0.0000 0.0000	</row1>
					<row2>	0.0000 0.0000 1.0000 0.0000	</row2>
					<row3>	-0.6912 0.4780 -2.6276 1.0000	</row3>
				</transform>
			</node>
			<node>
				<identifier>	MP_CM012_Fire_Hose_Rack_1	</identifier>
				<transform>
					<row0>	-1.0000 0.0000 0.0000 0.0000	</row0>
					<row1>	0.0000 1.0000 0.0000 0.0000	</row1>
					<row2>	0.0000 0.0000 -1.0000 0.0000	</row2>
					<row3>	0.6379 0.8699 -7.1508 1.0000	</row3>
				</transform>
			</node>
			<node>
				<identifier>	MP_CM012_Fire_Hose_Rack_1_INDEX_1	</identifier>
				<transform>
					<row0>	1.0000 0.0000 0.0000 0.0000	</row0>
					<row1>	0.0000 1.0000 0.0000 0.0000	</row1>
					<row2>	0.0000 0.0000 1.0000 0.0000	</row2>
					<row3>	-0.9627 0.8705 -2.8630 1.0000	</row3>
				</transform>
			</node>
			<node>
				<identifier>	MP_CM012_Fire_Hose_Rack_1_INDEX_2	</identifier>
				<transform>
					<row0>	-1.0000 0.0000 0.0000 0.0000	</row0>
					<row1>	0.0000 1.0000 0.0000 0.0000	</row1>
					<row2>	0.0000 0.0000 -1.0000 0.0000	</row2>
					<row3>	0.6428 0.5267 -2.9135 1.0000	</row3>
				</transform>
			</node>
			<node>
				<identifier>	MP_CM012_Fire_Hose_Rack_1_INDEX_3	</identifier>
				<transform>
					<row0>	0.0000 0.0000 1.0000 0.0000	</row0>
					<row1>	0.0000 1.0000 0.0000 0.0000	</row1>
					<row2>	-1.0000 0.0000 0.0000 0.0000	</row2>
					<row3>	-0.1442 0.5226 -7.7001 1.0000	</row3>
				</transform>
			</node>
			<node>
				<identifier>	MP_CM012_Fire_Hose_Rack_1_INDEX_4	</identifier>
				<transform>
					<row0>	0.0000 0.0000 1.0000 0.0000	</row0>
					<row1>	0.0000 1.0000 0.0000 0.0000	</row1>
					<row2>	-1.0000 0.0000 0.0000 0.0000	</row2>
					<row3>	-0.7222 0.5256 -2.6151 1.0000	</row3>
				</transform>
			</node>
			<node>
				<identifier>	MP_CM012_Fire_Hose_Rack_1_INDEX_5	</identifier>
				<transform>
					<row0>	-1.0000 0.0000 0.0000 0.0000	</row0>
					<row1>	0.0000 1.0000 0.0000 0.0000	</row1>
					<row2>	0.0000 0.0000 -1.0000 0.0000	</row2>
					<row3>	0.6985 0.8598 -6.2873 1.0000	</row3>
				</transform>
			</node>
			<node>
				<identifier>	MP_CM012_Fire_Hose_Rack_1_INDEX_6	</identifier>
				<transform>
					<row0>	-0.9998 0.0000 0.0223 0.0000	</row0>
					<row1>	0.0000 1.0000 0.0000 0.0000	</row1>
					<row2>	-0.0223 0.0000 -0.9998 0.0000	</row2>
					<row3>	0.9441 0.8699 -2.6620 1.0000	</row3>
				</transform>
			</node>
			<node>
				<identifier>	MP_CM012_Fire_Hose_Rack_1_INDEX_7	</identifier>
				<transform>
					<row0>	1.0000 0.0000 0.0000 0.0000	</row0>
					<row1>	0.0000 1.0000 0.0000 0.0000	</row1>
					<row2>	0.0000 0.0000 1.0000 0.0000	</row2>
					<row3>	-0.5942 0.5273 -1.5638 1.0000	</row3>
				</transform>
			</node>
			<node>
				<identifier>	MP_CM012_Fire_Hose_Rack_1_INDEX_8	</identifier>
				<transform>
					<row0>	1.0000 0.0000 0.0000 0.0000	</row0>
					<row1>	0.0000 1.0000 0.0000 0.0000	</row1>
					<row2>	0.0000 0.0000 1.0000 0.0000	</row2>
					<row3>	-0.7335 0.8691 -7.0344 1.0000	</row3>
				</transform>
			</node>
			<node>
				<identifier>	MP_CM012_Fire_Hose_Rack_1_INDEX_9	</identifier>
				<transform>
					<row0>	1.0000 0.0000 0.0000 0.0000	</row0>
					<row1>	0.0000 1.0000 0.0000 0.0000	</row1>
					<row2>	0.0000 0.0000 1.0000 0.0000	</row2>
					<row3>	-0.8132 0.8699 -6.3026 1.0000	</row3>
				</transform>
			</node>
			<node>
				<identifier>	MP_CM014_Fuel_Oil_Hose	</identifier>
				<transform>
					<row0>	-1.0000 0.0000 0.0000 0.0000	</row0>
					<row1>	0.0000 1.0000 0.0000 0.0000	</row1>
					<row2>	0.0000 0.0000 -1.0000 0.0000	</row2>
					<row3>	0.6455 0.5235 -3.1070 1.0000	</row3>
				</transform>
			</node>
			<node>
				<identifier>	MP_CM014_Fuel_Oil_Hose_INDEX_1	</identifier>
				<transform>
					<row0>	-1.0000 0.0000 0.0000 0.0000	</row0>
					<row1>	0.0000 1.0000 0.0000 0.0000	</row1>
					<row2>	0.0000 0.0000 -1.0000 0.0000	</row2>
					<row3>	0.6455 0.5536 -3.1070 1.0000	</row3>
				</transform>
			</node>
			<node>
				<identifier>	MP_CM014_Fuel_Oil_Hose_INDEX_2	</identifier>
				<transform>
					<row0>	1.0000 0.0000 0.0000 0.0000	</row0>
					<row1>	0.0000 1.0000 0.0000 0.0000	</row1>
					<row2>	0.0000 0.0000 1.0000 0.0000	</row2>
					<row3>	-0.5965 0.4941 -2.6969 1.0000	</row3>
				</transform>
			</node>
			<node>
				<identifier>	MP_CM014_Fuel_Oil_Hose_INDEX_3	</identifier>
				<transform>
					<row0>	1.0000 0.0000 0.0000 0.0000	</row0>
					<row1>	0.0000 1.0000 0.0000 0.0000	</row1>
					<row2>	0.0000 0.0000 1.0000 0.0000	</row2>
					<row3>	-0.5965 0.5235 -2.6969 1.0000	</row3>
				</transform>
			</node>
			<node>
				<identifier>	MP_CM014_Fuel_Oil_Hose_INDEX_4	</identifier>
				<transform>
					<row0>	-1.0000 0.0000 0.0000 0.0000	</row0>
					<row1>	0.0000 1.0000 0.0000 0.0000	</row1>
					<row2>	0.0000 0.0000 -1.0000 0.0000	</row2>
					<row3>	0.6455 0.4941 -3.1070 1.0000	</row3>
				</transform>
			</node>
			<node>
				<identifier>	MP_CM014_Fuel_Oil_Hose_INDEX_5	</identifier>
				<transform>
					<row0>	1.0000 0.0000 0.0000 0.0000	</row0>
					<row1>	0.0000 1.0000 0.0000 0.0000	</row1>
					<row2>	0.0000 0.0000 1.0000 0.0000	</row2>
					<row3>	-0.5965 0.5536 -2.6969 1.0000	</row3>
				</transform>
			</node>
			<node>
				<identifier>	MP_CM029_Emergency_Box	</identifier>
				<transform>
					<row0>	0.0222 0.0000 0.9998 0.0000	</row0>
					<row1>	0.0000 1.0000 0.0000 0.0000	</row1>
					<row2>	-0.9998 0.0000 0.0222 0.0000	</row2>
					<row3>	0.9245 0.9188 -3.5456 1.0000	</row3>
				</transform>
			</node>
			<node>
				<identifier>	MP_CM029_Emergency_Box_INDEX_1	</identifier>
				<transform>
					<row0>	-1.0000 0.0000 0.0000 0.0000	</row0>
					<row1>	0.0000 1.0000 0.0000 0.0000	</row1>
					<row2>	0.0000 0.0000 -1.0000 0.0000	</row2>
					<row3>	0.7140 0.5364 -2.5952 1.0000	</row3>
				</transform>
			</node>
			<node>
				<identifier>	MP_CM029_Emergency_Box_INDEX_10	</identifier>
				<transform>
					<row0>	0.0000 0.0000 -1.0000 0.0000	</row0>
					<row1>	0.0000 1.0000 0.0000 0.0000	</row1>
					<row2>	1.0000 0.0000 0.0000 0.0000	</row2>
					<row3>	-0.6009 0.5364 -3.2660 1.0000	</row3>
				</transform>
			</node>
			<node>
				<identifier>	MP_CM029_Emergency_Box_INDEX_2	</identifier>
				<transform>
					<row0>	0.0090 0.0000 -1.0000 0.0000	</row0>
					<row1>	0.0000 1.0000 0.0000 0.0000	</row1>
					<row2>	1.0000 0.0000 0.0090 0.0000	</row2>
					<row3>	-0.9698 0.8869 -2.5023 1.0000	</row3>
				</transform>
			</node>
			<node>
				<identifier>	MP_CM029_Emergency_Box_INDEX_3	</identifier>
				<transform>
					<row0>	-0.5921 0.0000 0.8058 0.0000	</row0>
					<row1>	0.0000 1.0000 0.0000 0.0000	</row1>
					<row2>	-0.8058 0.0000 -0.5921 0.0000	</row2>
					<row3>	0.6705 0.5364 -3.2142 1.0000	</row3>
				</transform>
			</node>
			<node>
				<identifier>	MP_CM029_Emergency_Box_INDEX_4	</identifier>
				<transform>
					<row0>	0.0090 0.0000 1.0000 0.0000	</row0>
					<row1>	0.0000 1.0000 0.0000 0.0000	</row1>
					<row2>	-1.0000 0.0000 0.0090 0.0000	</row2>
					<row3>	0.6440 0.8869 -7.0090 1.0000	</row3>
				</transform>
			</node>
			<node>
				<identifier>	MP_CM029_Emergency_Box_INDEX_5	</identifier>
				<transform>
					<row0>	0.0090 0.0000 -1.0000 0.0000	</row0>
					<row1>	0.0000 1.0000 0.0000 0.0000	</row1>
					<row2>	1.0000 0.0000 0.0090 0.0000	</row2>
					<row3>	-0.7393 0.8869 -7.1730 1.0000	</row3>
				</transform>
			</node>
			<node>
				<identifier>	MP_CM029_Emergency_Box_INDEX_6	</identifier>
				<transform>
					<row0>	1.0000 0.0000 -0.0045 0.0000	</row0>
					<row1>	0.0000 1.0000 0.0000 0.0000	</row1>
					<row2>	0.0045 0.0000 1.0000 0.0000	</row2>
					<row3>	-0.1027 0.5476 -7.7062 1.0000	</row3>
				</transform>
			</node>
			<node>
				<identifier>	MP_CM029_Emergency_Box_INDEX_7	</identifier>
				<transform>
					<row0>	1.0000 0.0000 0.0090 0.0000	</row0>
					<row1>	0.0000 1.0000 0.0000 0.0000	</row1>
					<row2>	-0.0090 0.0000 1.0000 0.0000	</row2>
					<row3>	-0.8456 0.8869 -6.1322 1.0000	</row3>
				</transform>
			</node>
			<node>
				<identifier>	MP_CM029_Emergency_Box_INDEX_8	</identifier>
				<transform>
					<row0>	0.0000 0.0000 1.0000 0.0000	</row0>
					<row1>	0.0000 1.0000 0.0000 0.0000	</row1>
					<row2>	-1.0000 0.0000 0.0000 0.0000	</row2>
					<row3>	0.4913 0.5364 -1.5882 1.0000	</row3>
				</transform>
			</node>
			<node>
				<identifier>	MP_CM029_Emergency_Box_INDEX_9	</identifier>
				<transform>
					<row0>	0.0090 0.0000 1.0000 0.0000	</row0>
					<row1>	0.0000 1.0000 0.0000 0.0000	</row1>
					<row2>	-1.0000 0.0000 0.0090 0.0000	</row2>
					<row3>	0.7032 0.8869 -6.0922 1.0000	</row3>
				</transform>
			</node>
			<node>
				<identifier>	MP_CM051_Fire_Fighting_Gear	</identifier>
				<transform>
					<row0>	0.0000 0.0000 -1.0000 0.0000	</row0>
					<row1>	-1.0000 0.0000 0.0000 0.0000	</row1>
					<row2>	0.0000 1.0000 0.0000 0.0000	</row2>
					<row3>	-0.1781 0.4939 -7.6999 1.0000	</row3>
				</transform>
			</node>
			<node>
				<identifier>	MP_CM051_Fire_Fighting_Gear_INDEX_1	</identifier>
				<transform>
					<row0>	0.9998 0.0000 -0.0223 0.0000	</row0>
					<row1>	-0.0223 0.0000 -0.9998 0.0000	</row1>
					<row2>	0.0000 1.0000 0.0000 0.0000	</row2>
					<row3>	0.9445 0.8359 -2.6240 1.0000	</row3>
				</transform>
			</node>
			<node>
				<identifier>	MP_CM051_Fire_Fighting_Gear_INDEX_2	</identifier>
				<transform>
					<row0>	1.0000 0.0000 0.0000 0.0000	</row0>
					<row1>	0.0000 0.0000 -1.0000 0.0000	</row1>
					<row2>	0.0000 1.0000 0.0000 0.0000	</row2>
					<row3>	0.6986 0.8384 -6.2583 1.0000	</row3>
				</transform>
			</node>
			<node>
				<identifier>	MP_CM051_Fire_Fighting_Gear_INDEX_3	</identifier>
				<transform>
					<row0>	-1.0000 0.0000 0.0000 0.0000	</row0>
					<row1>	0.0000 0.0000 1.0000 0.0000	</row1>
					<row2>	0.0000 1.0000 0.0000 0.0000	</row2>
					<row3>	-0.9623 0.8346 -2.8261 1.0000	</row3>
				</transform>
			</node>
			<node>
				<identifier>	MP_CM051_Fire_Fighting_Gear_INDEX_4	</identifier>
				<transform>
					<row0>	-1.0000 0.0000 0.0000 0.0000	</row0>
					<row1>	0.0000 0.0000 1.0000 0.0000	</row1>
					<row2>	0.0000 1.0000 0.0000 0.0000	</row2>
					<row3>	-0.7331 0.8346 -6.9990 1.0000	</row3>
				</transform>
			</node>
			<node>
				<identifier>	MP_CM051_Fire_Fighting_Gear_INDEX_5	</identifier>
				<transform>
					<row0>	-1.0000 0.0000 0.0000 0.0000	</row0>
					<row1>	0.0000 0.0000 1.0000 0.0000	</row1>
					<row2>	0.0000 1.0000 0.0000 0.0000	</row2>
					<row3>	-0.8128 0.8343 -6.2677 1.0000	</row3>
				</transform>
			</node>
			<node>
				<identifier>	MP_CM051_Fire_Fighting_Gear_INDEX_6	</identifier>
				<transform>
					<row0>	1.0000 0.0000 0.0000 0.0000	</row0>
					<row1>	0.0000 0.0000 -1.0000 0.0000	</row1>
					<row2>	0.0000 1.0000 0.0000 0.0000	</row2>
					<row3>	0.6376 0.8335 -7.1144 1.0000	</row3>
				</transform>
			</node>
			<node>
				<identifier>	MP_CM094_Propeller3_L	</identifier>
				<transform>
					<row0>	0.9875 0.1579 -0.0020 0.0000	</row0>
					<row1>	-0.1579 0.9874 -0.0124 0.0000	</row1>
					<row2>	0.0000 0.0125 0.9999 0.0000	</row2>
					<row3>	-0.2338 -0.4102 -7.0439 1.0000	</row3>
				</transform>
			</node>
			<node>
				<identifier>	MP_CM094_Propeller3_L_INDEX_1	</identifier>
				<transform>
					<row0>	0.9844 0.1760 -0.0022 0.0000	</row0>
					<row1>	-0.1760 0.9843 -0.0123 0.0000	</row1>
					<row2>	0.0000 0.0125 0.9999 0.0000	</row2>
					<row3>	-0.4840 -0.3966 -6.1253 1.0000	</row3>
				</transform>
			</node>
			<node>
				<identifier>	MP_CM095_Propeller3_R	</identifier>
				<transform>
					<row0>	0.9892 -0.1468 0.0000 0.0000	</row0>
					<row1>	0.1468 0.9891 -0.0125 0.0000	</row1>
					<row2>	0.0018 0.0124 0.9999 0.0000	</row2>
					<row3>	0.2338 -0.4102 -7.0439 1.0000	</row3>
				</transform>
			</node>
			<node>
				<identifier>	MP_CM095_Propeller3_R_INDEX_1	</identifier>
				<transform>
					<row0>	0.9870 -0.1609 0.0020 0.0000	</row0>
					<row1>	0.1609 0.9869 -0.0124 0.0000	</row1>
					<row2>	0.0000 0.0125 0.9999 0.0000	</row2>
					<row3>	0.4840 -0.3966 -6.1253 1.0000	</row3>
				</transform>
			</node>
			<node>
				<identifier>	MP_CM117_Ladder_Cruiser_L	</identifier>
				<transform>
					<row0>	-0.9713 0.0000 0.2379 0.0000	</row0>
					<row1>	-0.0005 1.0000 -0.0021 0.0000	</row1>
					<row2>	-0.2379 -0.0021 -0.9713 0.0000	</row2>
					<row3>	0.1976 0.4895 -8.3433 1.0000	</row3>
				</transform>
			</node>
			<node>
				<identifier>	MP_CM117_Ladder_Cruiser_L_INDEX_1	</identifier>
				<transform>
					<row0>	-0.9713 0.0000 0.2379 0.0000	</row0>
					<row1>	-0.0005 1.0000 -0.0021 0.0000	</row1>
					<row2>	-0.2379 -0.0021 -0.9713 0.0000	</row2>
					<row3>	0.1976 0.4767 -8.3433 1.0000	</row3>
				</transform>
			</node>
			<node>
				<identifier>	MP_CM117_Ladder_Cruiser_L_INDEX_2	</identifier>
				<transform>
					<row0>	0.9998 0.0000 -0.0203 0.0000	</row0>
					<row1>	0.0000 1.0000 0.0000 0.0000	</row1>
					<row2>	0.0203 0.0000 0.9998 0.0000	</row2>
					<row3>	0.8647 0.4891 -2.9548 1.0000	</row3>
				</transform>
			</node>
			<node>
				<identifier>	MP_CM117_Ladder_Cruiser_L_INDEX_3	</identifier>
				<transform>
					<row0>	0.9998 0.0000 -0.0203 0.0000	</row0>
					<row1>	0.0000 1.0000 0.0000 0.0000	</row1>
					<row2>	0.0203 0.0000 0.9998 0.0000	</row2>
					<row3>	0.8647 0.4762 -2.9548 1.0000	</row3>
				</transform>
			</node>
			<node>
				<identifier>	MP_CM126_Cleat	</identifier>
				<transform>
					<row0>	-0.0464 0.0000 0.5912 0.0000	</row0>
					<row1>	-0.5912 0.0000 -0.0464 0.0000	</row1>
					<row2>	0.0000 -0.5930 0.0000 0.0000	</row2>
					<row3>	-0.0514 0.5381 -7.6863 1.0000	</row3>
				</transform>
			</node>
			<node>
				<identifier>	MP_GM003_Reels_1	</identifier>
				<transform>
					<row0>	0.0000 0.0000 -1.0000 0.0000	</row0>
					<row1>	0.0000 1.0000 0.0000 0.0000	</row1>
					<row2>	1.0000 0.0000 0.0000 0.0000	</row2>
					<row3>	-0.7392 0.4765 -3.0199 1.0000	</row3>
				</transform>
			</node>
			<node>
				<identifier>	MP_GM003_Reels_1_INDEX_1	</identifier>
				<transform>
					<row0>	0.0000 0.0000 1.0000 0.0000	</row0>
					<row1>	1.0000 0.0000 0.0000 0.0000	</row1>
					<row2>	0.0000 1.0000 0.0000 0.0000	</row2>
					<row3>	0.4849 0.6090 -2.2647 1.0000	</row3>
				</transform>
			</node>
			<node>
				<identifier>	MP_GM003_Reels_1_INDEX_2	</identifier>
				<transform>
					<row0>	0.1253 0.0000 0.9921 0.0000	</row0>
					<row1>	0.9921 0.0000 -0.1253 0.0000	</row1>
					<row2>	0.0000 1.0000 0.0000 0.0000	</row2>
					<row3>	0.4291 0.5837 -7.2352 1.0000	</row3>
				</transform>
			</node>
			<node>
				<identifier>	MP_GM003_Reels_1_INDEX_3	</identifier>
				<transform>
					<row0>	0.0000 0.0000 -1.0000 0.0000	</row0>
					<row1>	0.0000 1.0000 0.0000 0.0000	</row1>
					<row2>	1.0000 0.0000 0.0000 0.0000	</row2>
					<row3>	-0.7350 0.4765 -3.2306 1.0000	</row3>
				</transform>
			</node>
			<node>
				<identifier>	MP_GM003_Reels_1_INDEX_4	</identifier>
				<transform>
					<row0>	1.0000 0.0000 0.0000 0.0000	</row0>
					<row1>	0.0000 0.0000 -1.0000 0.0000	</row1>
					<row2>	0.0000 1.0000 0.0000 0.0000	</row2>
					<row3>	0.7422 0.6153 -2.6092 1.0000	</row3>
				</transform>
			</node>
			<node>
				<identifier>	MP_GM003_Reels_1_INDEX_5	</identifier>
				<transform>
					<row0>	-0.0047 -0.0047 -1.0000 0.0000	</row0>
					<row1>	0.0000 1.0000 -0.0047 0.0000	</row1>
					<row2>	1.0000 0.0000 -0.0047 0.0000	</row2>
					<row3>	0.7427 0.4718 -2.0542 1.0000	</row3>
				</transform>
			</node>
			<node>
				<identifier>	MP_GM003_Reels_1_INDEX_6	</identifier>
				<transform>
					<row0>	0.0000 0.0000 -1.0000 0.0000	</row0>
					<row1>	0.0000 1.0000 0.0000 0.0000	</row1>
					<row2>	1.0000 0.0000 0.0000 0.0000	</row2>
					<row3>	-0.7324 0.4734 -2.0502 1.0000	</row3>
				</transform>
			</node>
			<node>
				<identifier>	MP_GM003_Reels_1_INDEX_7	</identifier>
				<transform>
					<row0>	-0.0047 -0.0047 -1.0000 0.0000	</row0>
					<row1>	0.0000 1.0000 -0.0047 0.0000	</row1>
					<row2>	1.0000 0.0000 -0.0047 0.0000	</row2>
					<row3>	0.7403 0.4718 -2.3761 1.0000	</row3>
				</transform>
			</node>
			<node>
				<identifier>	MP_GM003_Reels_1_INDEX_8	</identifier>
				<transform>
					<row0>	0.0000 0.0000 -1.0000 0.0000	</row0>
					<row1>	0.0000 1.0000 0.0000 0.0000	</row1>
					<row2>	1.0000 0.0000 0.0000 0.0000	</row2>
					<row3>	-0.7324 0.4734 -2.3709 1.0000	</row3>
				</transform>
			</node>
			<node>
				<identifier>	MP_GM003_Reels_1_INDEX_9	</identifier>
				<transform>
					<row0>	0.2247 0.0000 -0.9744 0.0000	</row0>
					<row1>	-0.9744 0.0000 -0.2247 0.0000	</row1>
					<row2>	0.0000 1.0000 0.0000 0.0000	</row2>
					<row3>	-0.4688 0.5837 -7.2668 1.0000	</row3>
				</transform>
			</node>
			<node>
				<identifier>	MP_GM012_Reels_5	</identifier>
				<transform>
					<row0>	0.6344 0.0000 0.0000 0.0000	</row0>
					<row1>	0.0000 0.6344 0.0000 0.0000	</row1>
					<row2>	0.0000 0.0000 0.6344 0.0000	</row2>
					<row3>	-0.2406 0.4800 -7.6477 1.0000	</row3>
				</transform>
			</node>
			<node>
				<identifier>	MP_GM012_Reels_5_INDEX_1	</identifier>
				<transform>
					<row0>	0.6344 0.0000 0.0000 0.0000	</row0>
					<row1>	0.0000 0.6344 0.0000 0.0000	</row1>
					<row2>	0.0000 0.0000 0.6344 0.0000	</row2>
					<row3>	-0.3330 0.4800 -7.6477 1.0000	</row3>
				</transform>
			</node>
			<node>
				<identifier>	MP_GM018_Siren	</identifier>
				<transform>
					<row0>	0.0000 0.0000 1.0000 0.0000	</row0>
					<row1>	0.0000 1.0000 0.0000 0.0000	</row1>
					<row2>	-1.0000 0.0000 0.0000 0.0000	</row2>
					<row3>	-0.7157 0.7155 -2.9743 1.0000	</row3>
				</transform>
			</node>
			<node>
				<identifier>	MP_GM018_Siren_INDEX_1	</identifier>
				<transform>
					<row0>	-1.0000 0.0000 0.0000 0.0000	</row0>
					<row1>	0.0000 1.0000 0.0000 0.0000	</row1>
					<row2>	0.0000 0.0000 -1.0000 0.0000	</row2>
					<row3>	-0.0929 0.6155 -7.7004 1.0000	</row3>
				</transform>
			</node>
			<node>
				<identifier>	MP_GM018_Siren_INDEX_2	</identifier>
				<transform>
					<row0>	0.0000 0.0000 -1.0000 0.0000	</row0>
					<row1>	0.0000 1.0000 0.0000 0.0000	</row1>
					<row2>	1.0000 0.0000 0.0000 0.0000	</row2>
					<row3>	0.6440 0.6243 -2.8988 1.0000	</row3>
				</transform>
			</node>
			<node>
				<identifier>	MP_GM018_Siren_INDEX_3	</identifier>
				<transform>
					<row0>	0.0102 0.0000 0.9999 0.0000	</row0>
					<row1>	0.0000 1.0000 0.0000 0.0000	</row1>
					<row2>	-0.9999 0.0000 0.0102 0.0000	</row2>
					<row3>	-1.0116 0.9695 -4.0771 1.0000	</row3>
				</transform>
			</node>
			<node>
				<identifier>	MP_GM018_Siren_INDEX_4	</identifier>
				<transform>
					<row0>	0.0222 0.0000 0.9998 0.0000	</row0>
					<row1>	0.0000 1.0000 0.0000 0.0000	</row1>
					<row2>	-0.9998 0.0000 0.0222 0.0000	</row2>
					<row3>	-1.0225 0.9695 -2.7358 1.0000	</row3>
				</transform>
			</node>
			<node>
				<identifier>	MP_GM018_Siren_INDEX_5	</identifier>
				<transform>
					<row0>	0.0000 0.0000 -1.0000 0.0000	</row0>
					<row1>	0.0000 1.0000 0.0000 0.0000	</row1>
					<row2>	1.0000 0.0000 0.0000 0.0000	</row2>
					<row3>	0.5755 0.7138 -2.0176 1.0000	</row3>
				</transform>
			</node>
			<node>
				<identifier>	MP_GM018_Siren_INDEX_6	</identifier>
				<transform>
					<row0>	0.0000 0.0000 1.0000 0.0000	</row0>
					<row1>	0.0000 1.0000 0.0000 0.0000	</row1>
					<row2>	-1.0000 0.0000 0.0000 0.0000	</row2>
					<row3>	-0.6615 0.7155 -2.1912 1.0000	</row3>
				</transform>
			</node>
			<node>
				<identifier>	MP_GM025_Cooling_tube	</identifier>
				<transform>
					<row0>	-0.0131 0.7371 -0.5162 0.0000	</row0>
					<row1>	0.0207 0.5164 0.7368 0.0000	</row1>
					<row2>	0.8997 -0.0011 -0.0244 0.0000	</row2>
					<row3>	0.9006 0.9215 -4.1081 1.0000	</row3>
				</transform>
			</node>
			<node>
				<identifier>	MP_GM025_Cooling_tube_INDEX_1	</identifier>
				<transform>
					<row0>	-0.0150 0.6142 -0.4302 0.0000	</row0>
					<row1>	0.0285 0.5165 0.7365 0.0000	</row1>
					<row2>	0.7495 -0.0013 -0.0280 0.0000	</row2>
					<row3>	0.9009 0.9078 -4.0989 1.0000	</row3>
				</transform>
			</node>
			<node>
				<identifier>	MP_GM025_Cooling_tube_INDEX_2	</identifier>
				<transform>
					<row0>	0.0000 -0.7276 0.1818 0.0000	</row0>
					<row1>	-0.0191 0.2181 0.8730 0.0000	</row1>
					<row2>	-0.7498 -0.0039 -0.0154 0.0000	</row2>
					<row3>	-1.0084 0.9539 -4.2170 1.0000	</row3>
				</transform>
			</node>
			<node>
				<identifier>	MP_GM025_Cooling_tube_INDEX_3	</identifier>
				<transform>
					<row0>	0.0000 -0.8732 0.2181 0.0000	</row0>
					<row1>	0.0000 0.2181 0.8732 0.0000	</row1>
					<row2>	-0.9000 0.0000 0.0000 0.0000	</row2>
					<row3>	-1.0111 0.9539 -4.0741 1.0000	</row3>
				</transform>
			</node>
			<node>
				<identifier>	MP_GM034_Turtles_box	</identifier>
				<transform>
					<row0>	0.0000 0.0000 1.0000 0.0000	</row0>
					<row1>	0.0000 1.0000 0.0000 0.0000	</row1>
					<row2>	-1.0000 0.0000 0.0000 0.0000	</row2>
					<row3>	-0.9646 0.8428 -2.5913 1.0000	</row3>
				</transform>
			</node>
			<node>
				<identifier>	MP_GM034_Turtles_box_INDEX_1	</identifier>
				<transform>
					<row0>	0.6062 0.0000 -0.7953 0.0000	</row0>
					<row1>	0.0000 1.0000 0.0000 0.0000	</row1>
					<row2>	0.7953 0.0000 0.6062 0.0000	</row2>
					<row3>	0.6908 0.4966 -3.2522 1.0000	</row3>
				</transform>
			</node>
			<node>
				<identifier>	MP_GM034_Turtles_box_INDEX_2	</identifier>
				<transform>
					<row0>	-1.0000 0.0000 0.0000 0.0000	</row0>
					<row1>	0.0000 1.0000 0.0000 0.0000	</row1>
					<row2>	0.0000 0.0000 -1.0000 0.0000	</row2>
					<row3>	-0.0292 0.4966 -7.6055 1.0000	</row3>
				</transform>
			</node>
			<node>
				<identifier>	MP_GM034_Turtles_box_INDEX_3	</identifier>
				<transform>
					<row0>	0.0000 0.0000 1.0000 0.0000	</row0>
					<row1>	0.0000 1.0000 0.0000 0.0000	</row1>
					<row2>	-1.0000 0.0000 0.0000 0.0000	</row2>
					<row3>	-0.5954 0.4966 -3.2036 1.0000	</row3>
				</transform>
			</node>
			<node>
				<identifier>	MP_GM035_LifeBuoy_Mount	</identifier>
				<transform>
					<row0>	1.0000 0.0000 0.0007 0.0000	</row0>
					<row1>	0.0000 1.0000 0.0000 0.0000	</row1>
					<row2>	-0.0007 0.0000 1.0000 0.0000	</row2>
					<row3>	-1.0232 0.9486 -2.2555 1.0000	</row3>
				</transform>
			</node>
			<node>
				<identifier>	MP_GM035_LifeBuoy_Mount_INDEX_1	</identifier>
				<transform>
					<row0>	-1.0000 0.0000 0.0007 0.0000	</row0>
					<row1>	0.0000 1.0000 0.0000 0.0000	</row1>
					<row2>	-0.0007 0.0000 -1.0000 0.0000	</row2>
					<row3>	0.6987 0.9003 -6.3254 1.0000	</row3>
				</transform>
			</node>
			<node>
				<identifier>	MP_GM035_LifeBuoy_Mount_INDEX_10	</identifier>
				<transform>
					<row0>	-1.0000 0.0000 0.0007 0.0000	</row0>
					<row1>	0.0000 1.0000 0.0000 0.0000	</row1>
					<row2>	-0.0007 0.0000 -1.0000 0.0000	</row2>
					<row3>	0.6385 0.9070 -7.1100 1.0000	</row3>
				</transform>
			</node>
			<node>
				<identifier>	MP_GM035_LifeBuoy_Mount_INDEX_11	</identifier>
				<transform>
					<row0>	-0.9995 -0.0003 0.0300 0.0000	</row0>
					<row1>	-0.0003 1.0000 0.0000 0.0000	</row1>
					<row2>	-0.0300 0.0000 -0.9995 0.0000	</row2>
					<row3>	0.9310 0.9376 -3.1356 1.0000	</row3>
				</transform>
			</node>
			<node>
				<identifier>	MP_GM035_LifeBuoy_Mount_INDEX_2	</identifier>
				<transform>
					<row0>	1.0000 0.0000 0.0007 0.0000	</row0>
					<row1>	0.0000 1.0000 0.0000 0.0000	</row1>
					<row2>	-0.0007 0.0000 1.0000 0.0000	</row2>
					<row3>	-0.7338 0.9078 -6.9903 1.0000	</row3>
				</transform>
			</node>
			<node>
				<identifier>	MP_GM035_LifeBuoy_Mount_INDEX_3	</identifier>
				<transform>
					<row0>	-1.0000 0.0000 0.0000 0.0000	</row0>
					<row1>	0.0000 1.0000 0.0000 0.0000	</row1>
					<row2>	0.0000 0.0000 -1.0000 0.0000	</row2>
					<row3>	0.5779 0.5559 -2.8156 1.0000	</row3>
				</transform>
			</node>
			<node>
				<identifier>	MP_GM035_LifeBuoy_Mount_INDEX_4	</identifier>
				<transform>
					<row0>	-0.9920 0.0000 0.1263 0.0000	</row0>
					<row1>	0.0000 1.0000 0.0000 0.0000	</row1>
					<row2>	-0.1263 0.0000 -0.9920 0.0000	</row2>
					<row3>	0.4183 0.5537 -7.3226 1.0000	</row3>
				</transform>
			</node>
			<node>
				<identifier>	MP_GM035_LifeBuoy_Mount_INDEX_5	</identifier>
				<transform>
					<row0>	0.9995 0.0000 0.0323 0.0000	</row0>
					<row1>	0.0000 1.0000 0.0000 0.0000	</row1>
					<row2>	-0.0323 0.0000 0.9995 0.0000	</row2>
					<row3>	-0.9918 0.9486 -4.9102 1.0000	</row3>
				</transform>
			</node>
			<node>
				<identifier>	MP_GM035_LifeBuoy_Mount_INDEX_6	</identifier>
				<transform>
					<row0>	0.9999 0.0000 0.0106 0.0000	</row0>
					<row1>	0.0000 1.0000 0.0000 0.0000	</row1>
					<row2>	-0.0106 0.0000 0.9999 0.0000	</row2>
					<row3>	-1.0154 0.9486 -3.6459 1.0000	</row3>
				</transform>
			</node>
			<node>
				<identifier>	MP_GM035_LifeBuoy_Mount_INDEX_7	</identifier>
				<transform>
					<row0>	0.0000 0.0000 -1.0000 0.0000	</row0>
					<row1>	0.0000 1.0000 0.0000 0.0000	</row1>
					<row2>	1.0000 0.0000 0.0000 0.0000	</row2>
					<row3>	0.8615 0.5543 -2.6015 1.0000	</row3>
				</transform>
			</node>
			<node>
				<identifier>	MP_GM035_LifeBuoy_Mount_INDEX_8	</identifier>
				<transform>
					<row0>	-0.9989 0.0316 0.0339 0.0000	</row0>
					<row1>	0.0316 0.9995 -0.0008 0.0000	</row1>
					<row2>	-0.0339 0.0003 -0.9994 0.0000	</row2>
					<row3>	0.8752 0.9379 -4.8975 1.0000	</row3>
				</transform>
			</node>
			<node>
				<identifier>	MP_GM035_LifeBuoy_Mount_INDEX_9	</identifier>
				<transform>
					<row0>	0.9756 0.0000 0.2197 0.0000	</row0>
					<row1>	0.0000 1.0000 0.0000 0.0000	</row1>
					<row2>	-0.2197 0.0000 0.9756 0.0000	</row2>
					<row3>	-0.4151 0.5067 -7.5074 1.0000	</row3>
				</transform>
			</node>
			<node>
				<identifier>	MP_GM085_Insulator	</identifier>
				<transform>
					<row0>	-0.0527 0.9986 0.0000 0.0000	</row0>
					<row1>	-0.9986 -0.0527 0.0000 0.0000	</row1>
					<row2>	0.0000 0.0000 1.0000 0.0000	</row2>
					<row3>	-0.9571 0.8306 -3.3817 1.0000	</row3>
				</transform>
			</node>
			<node>
				<identifier>	MP_GM085_Insulator_INDEX_1	</identifier>
				<transform>
					<row0>	-0.0527 0.9986 0.0000 0.0000	</row0>
					<row1>	-0.9986 -0.0527 0.0000 0.0000	</row1>
					<row2>	0.0000 0.0000 1.0000 0.0000	</row2>
					<row3>	-0.9571 0.8306 -3.3531 1.0000	</row3>
				</transform>
			</node>
			<node>
				<identifier>	MP_GM085_Insulator_INDEX_2	</identifier>
				<transform>
					<row0>	0.0000 0.0000 -1.0000 0.0000	</row0>
					<row1>	-1.0000 0.0000 0.0000 0.0000	</row1>
					<row2>	0.0000 1.0000 0.0000 0.0000	</row2>
					<row3>	-0.9638 0.8478 -1.8079 1.0000	</row3>
				</transform>
			</node>
			<node>
				<identifier>	MP_GM085_Insulator_INDEX_3	</identifier>
				<transform>
					<row0>	0.0000 0.0000 -1.0000 0.0000	</row0>
					<row1>	-1.0000 0.0000 0.0000 0.0000	</row1>
					<row2>	0.0000 1.0000 0.0000 0.0000	</row2>
					<row3>	-0.9638 0.8478 -1.8291 1.0000	</row3>
				</transform>
			</node>
			<node>
				<identifier>	MP_GM085_Insulator_INDEX_4	</identifier>
				<transform>
					<row0>	0.0000 0.0000 -1.0000 0.0000	</row0>
					<row1>	-1.0000 0.0000 0.0000 0.0000	</row1>
					<row2>	0.0000 1.0000 0.0000 0.0000	</row2>
					<row3>	-0.9638 0.8478 -1.7038 1.0000	</row3>
				</transform>
			</node>
			<node>
				<identifier>	MP_GM085_Insulator_INDEX_5	</identifier>
				<transform>
					<row0>	0.0000 0.0000 -1.0000 0.0000	</row0>
					<row1>	-1.0000 0.0000 0.0000 0.0000	</row1>
					<row2>	0.0000 1.0000 0.0000 0.0000	</row2>
					<row3>	-0.9638 0.8478 -1.7249 1.0000	</row3>
				</transform>
			</node>
			<node>
				<identifier>	MP_GM129_Loewenhardt_Plate	</identifier>
				<transform>
					<row0>	0.9190 0.2855 0.2718 0.0000	</row0>
					<row1>	-0.2740 0.9584 -0.0802 0.0000	</row1>
					<row2>	-0.2834 -0.0007 0.9590 0.0000	</row2>
					<row3>	-0.3953 0.4492 -8.1648 1.0000	</row3>
				</transform>
			</node>
			<node>
				<identifier>	MP_GM129_Loewenhardt_Plate_INDEX_1	</identifier>
				<transform>
					<row0>	-0.9057 0.2913 0.3079 0.0000	</row0>
					<row1>	0.2759 0.9566 -0.0935 0.0000	</row1>
					<row2>	-0.3218 0.0003 -0.9468 0.0000	</row2>
					<row3>	0.4055 0.4492 -8.1648 1.0000	</row3>
				</transform>
			</node>
			<node>
				<identifier>	MP_GM502_Captains_Gig_9m	</identifier>
				<transform>
					<row0>	1.0000 0.0000 0.0000 0.0000	</row0>
					<row1>	0.0000 1.0000 0.0000 0.0000	</row1>
					<row2>	0.0000 0.0000 1.0000 0.0000	</row2>
					<row3>	-0.8444 0.6248 -2.1905 1.0000	</row3>
				</transform>
			</node>
			<node>
				<identifier>	MP_GM503_Long_Boat_8m	</identifier>
				<transform>
					<row0>	1.0000 0.0000 0.0000 0.0000	</row0>
					<row1>	0.0000 1.0000 0.0000 0.0000	</row1>
					<row2>	0.0000 0.0000 1.0000 0.0000	</row2>
					<row3>	0.8530 0.5725 -2.2067 1.0000	</row3>
				</transform>
			</node>
			<node>
				<identifier>	MP_GM532_Float	</identifier>
				<transform>
					<row0>	-0.0355 0.0016 -0.9994 0.0000	</row0>
					<row1>	0.0757 0.9971 -0.0010 0.0000	</row1>
					<row2>	0.9965 -0.0757 -0.0355 0.0000	</row2>
					<row3>	0.9900 0.8476 -4.6494 1.0000	</row3>
				</transform>
			</node>
			<node>
				<identifier>	MP_GM532_Float_INDEX_1	</identifier>
				<transform>
					<row0>	-0.0450 0.0011 -0.9990 0.0000	</row0>
					<row1>	0.0542 0.9985 -0.0013 0.0000	</row1>
					<row2>	0.9975 -0.0542 -0.0450 0.0000	</row2>
					<row3>	0.9719 0.8486 -5.0920 1.0000	</row3>
				</transform>
			</node>
			<node>
				<identifier>	MP_GM532_Float_INDEX_10	</identifier>
				<transform>
					<row0>	-0.0301 0.0000 0.9995 0.0000	</row0>
					<row1>	-0.0294 0.9996 -0.0009 0.0000	</row1>
					<row2>	-0.9991 -0.0294 -0.0300 0.0000	</row2>
					<row3>	-1.1233 0.8474 -4.2573 1.0000	</row3>
				</transform>
			</node>
			<node>
				<identifier>	MP_GM532_Float_INDEX_11	</identifier>
				<transform>
					<row0>	-0.0592 0.0000 -0.9982 0.0000	</row0>
					<row1>	0.0294 0.9996 -0.0017 0.0000	</row1>
					<row2>	0.9978 -0.0294 -0.0592 0.0000	</row2>
					<row3>	0.9477 0.8474 -5.5302 1.0000	</row3>
				</transform>
			</node>
			<node>
				<identifier>	MP_GM532_Float_INDEX_12	</identifier>
				<transform>
					<row0>	-0.0347 0.0008 -0.9994 0.0000	</row0>
					<row1>	0.0511 0.9987 -0.0010 0.0000	</row1>
					<row2>	0.9981 -0.0511 -0.0347 0.0000	</row2>
					<row3>	0.9956 0.8484 -4.5042 1.0000	</row3>
				</transform>
			</node>
			<node>
				<identifier>	MP_GM532_Float_INDEX_13	</identifier>
				<transform>
					<row0>	-0.0441 0.0000 0.9990 0.0000	</row0>
					<row1>	-0.0463 0.9989 -0.0020 0.0000	</row1>
					<row2>	-0.9980 -0.0463 -0.0441 0.0000	</row2>
					<row3>	-1.0915 0.8473 -5.1872 1.0000	</row3>
				</transform>
			</node>
			<node>
				<identifier>	MP_GM532_Float_INDEX_14	</identifier>
				<transform>
					<row0>	-0.0374 0.0000 -0.9993 0.0000	</row0>
					<row1>	0.0294 0.9996 -0.0011 0.0000	</row1>
					<row2>	0.9989 -0.0294 -0.0374 0.0000	</row2>
					<row3>	1.0009 0.8470 -4.3571 1.0000	</row3>
				</transform>
			</node>
			<node>
				<identifier>	MP_GM532_Float_INDEX_15	</identifier>
				<transform>
					<row0>	-0.0521 0.0000 0.9986 0.0000	</row0>
					<row1>	-0.0294 0.9996 -0.0015 0.0000	</row1>
					<row2>	-0.9982 -0.0294 -0.0520 0.0000	</row2>
					<row3>	-1.0842 0.8484 -5.3340 1.0000	</row3>
				</transform>
			</node>
			<node>
				<identifier>	MP_GM532_Float_INDEX_2	</identifier>
				<transform>
					<row0>	-0.0583 0.0037 -0.9983 0.0000	</row0>
					<row1>	0.0918 0.9958 -0.0017 0.0000	</row1>
					<row2>	0.9941 -0.0918 -0.0584 0.0000	</row2>
					<row3>	0.9395 0.8476 -5.6731 1.0000	</row3>
				</transform>
			</node>
			<node>
				<identifier>	MP_GM532_Float_INDEX_3	</identifier>
				<transform>
					<row0>	-0.0289 0.0000 0.9996 0.0000	</row0>
					<row1>	-0.0294 0.9996 -0.0009 0.0000	</row1>
					<row2>	-0.9991 -0.0294 -0.0289 0.0000	</row2>
					<row3>	-1.1146 0.8477 -4.5483 1.0000	</row3>
				</transform>
			</node>
			<node>
				<identifier>	MP_GM532_Float_INDEX_4	</identifier>
				<transform>
					<row0>	-0.0383 0.0000 -0.9993 0.0000	</row0>
					<row1>	0.0294 0.9996 -0.0011 0.0000	</row1>
					<row2>	0.9988 -0.0294 -0.0383 0.0000	</row2>
					<row3>	0.9844 0.8475 -4.7950 1.0000	</row3>
				</transform>
			</node>
			<node>
				<identifier>	MP_GM532_Float_INDEX_5	</identifier>
				<transform>
					<row0>	-0.0510 0.0000 -0.9987 0.0000	</row0>
					<row1>	0.0294 0.9996 -0.0015 0.0000	</row1>
					<row2>	0.9983 -0.0294 -0.0510 0.0000	</row2>
					<row3>	0.9652 0.8478 -5.2361 1.0000	</row3>
				</transform>
			</node>
			<node>
				<identifier>	MP_GM532_Float_INDEX_6	</identifier>
				<transform>
					<row0>	-0.0295 -0.0013 0.9996 0.0000	</row0>
					<row1>	-0.0743 0.9972 -0.0009 0.0000	</row1>
					<row2>	-0.9968 -0.0743 -0.0295 0.0000	</row2>
					<row3>	-1.1189 0.8475 -4.4040 1.0000	</row3>
				</transform>
			</node>
			<node>
				<identifier>	MP_GM532_Float_INDEX_7	</identifier>
				<transform>
					<row0>	-0.0524 0.0000 0.9986 0.0000	</row0>
					<row1>	-0.0629 0.9980 -0.0033 0.0000	</row1>
					<row2>	-0.9966 -0.0630 -0.0523 0.0000	</row2>
					<row3>	-1.0767 0.8473 -5.4785 1.0000	</row3>
				</transform>
			</node>
			<node>
				<identifier>	MP_GM532_Float_INDEX_8	</identifier>
				<transform>
					<row0>	-0.0449 0.0044 -0.9990 0.0000	</row0>
					<row1>	0.1260 0.9920 -0.0013 0.0000	</row1>
					<row2>	0.9910 -0.1260 -0.0451 0.0000	</row2>
					<row3>	0.9786 0.8477 -4.9452 1.0000	</row3>
				</transform>
			</node>
			<node>
				<identifier>	MP_GM532_Float_INDEX_9	</identifier>
				<transform>
					<row0>	-0.0587 0.0023 -0.9983 0.0000	</row0>
					<row1>	0.0687 0.9976 -0.0017 0.0000	</row1>
					<row2>	0.9959 -0.0687 -0.0587 0.0000	</row2>
					<row3>	0.9566 0.8471 -5.3831 1.0000	</row3>
				</transform>
			</node>
			<node>
				<identifier>	MP_GM536_Life_Boat_3	</identifier>
				<transform>
					<row0>	-0.8450 0.5011 0.1868 0.0000	</row0>
					<row1>	0.4893 0.8654 -0.1082 0.0000	</row1>
					<row2>	-0.2159 0.0000 -0.9764 0.0000	</row2>
					<row3>	0.3952 0.5708 -7.9048 1.0000	</row3>
				</transform>
			</node>
			<node>
				<identifier>	MP_GM536_Life_Boat_3_INDEX_1	</identifier>
				<transform>
					<row0>	0.8459 0.5011 0.1827 0.0000	</row0>
					<row1>	-0.4898 0.8654 -0.1058 0.0000	</row1>
					<row2>	-0.2112 0.0000 0.9775 0.0000	</row2>
					<row3>	-0.3844 0.5708 -7.9048 1.0000	</row3>
				</transform>
			</node>
			<node>
				<identifier>	MP_GM537_8_5m_Cutter	</identifier>
				<transform>
					<row0>	1.0000 0.0000 0.0000 0.0000	</row0>
					<row1>	0.0000 1.0000 0.0000 0.0000	</row1>
					<row2>	0.0000 0.0000 1.0000 0.0000	</row2>
					<row3>	-0.8657 0.5518 -3.0890 1.0000	</row3>
				</transform>
			</node>
			<node>
				<identifier>	MP_GM601_Switch_Box_2	</identifier>
				<transform>
					<row0>	-1.0000 0.0000 0.0000 0.0000	</row0>
					<row1>	0.0000 1.0000 0.0000 0.0000	</row1>
					<row2>	0.0000 0.0000 -1.0000 0.0000	</row2>
					<row3>	0.0467 0.5747 -7.6037 1.0000	</row3>
				</transform>
			</node>
			<node>
				<identifier>	MP_GM601_Switch_Box_2_INDEX_1	</identifier>
				<transform>
					<row0>	-1.0000 0.0000 0.0000 0.0000	</row0>
					<row1>	0.0000 1.0000 0.0000 0.0000	</row1>
					<row2>	0.0000 0.0000 -1.0000 0.0000	</row2>
					<row3>	0.7828 0.5565 -2.6071 1.0000	</row3>
				</transform>
			</node>
			<node>
				<identifier>	MP_GM601_Switch_Box_2_INDEX_2	</identifier>
				<transform>
					<row0>	-1.0000 0.0000 0.0000 0.0000	</row0>
					<row1>	0.0000 1.0000 0.0000 0.0000	</row1>
					<row2>	0.0000 0.0000 -1.0000 0.0000	</row2>
					<row3>	0.7828 0.5724 -2.6071 1.0000	</row3>
				</transform>
			</node>
			<node>
				<identifier>	MP_GM601_Switch_Box_2_INDEX_3	</identifier>
				<transform>
					<row0>	-1.0000 0.0000 0.0000 0.0000	</row0>
					<row1>	0.0000 1.0000 0.0000 0.0000	</row1>
					<row2>	0.0000 0.0000 -1.0000 0.0000	</row2>
					<row3>	0.0467 0.5583 -7.6037 1.0000	</row3>
				</transform>
			</node>
