<RSC053_Novosibirsk_1965_MidBack_ports.visual>
	<node>
		<identifier>	Scene Root	</identifier>
		<transform>
			<row0>	1.0000 0.0000 0.0000 0.0000	</row0>
			<row1>	0.0000 1.0000 0.0000 0.0000	</row1>
			<row2>	0.0000 0.0000 1.0000 0.0000	</row2>
			<row3>	0.0000 0.0000 0.0000 1.0000	</row3>
		</transform>
		<node>
			<identifier>	MidBack_ports	</identifier>
			<transform>
				<row0>	1.0000 0.0000 0.0000 0.0000	</row0>
				<row1>	0.0000 1.0000 0.0000 0.0000	</row1>
				<row2>	0.0000 0.0000 1.0000 0.0000	</row2>
				<row3>	0.0000 0.0000 0.0000 1.0000	</row3>
			</transform>
			<node>
				<identifier>	HP_FX_Death_2	</identifier>
				<transform>
					<row0>	1.0000 0.0000 0.0000 0.0000	</row0>
					<row1>	0.0000 1.0000 0.0000 0.0000	</row1>
					<row2>	0.0000 0.0000 1.0000 0.0000	</row2>
					<row3>	0.0000 0.0000 -0.5387 1.0000	</row3>
				</transform>
			</node>
			<node>
				<identifier>	HP_FX_Death_3	</identifier>
				<transform>
					<row0>	1.0000 0.0000 0.0000 0.0000	</row0>
					<row1>	0.0000 1.0000 0.0000 0.0000	</row1>
					<row2>	0.0000 0.0000 1.0000 0.0000	</row2>
					<row3>	0.0000 0.0000 -5.7846 1.0000	</row3>
				</transform>
			</node>
			<node>
				<identifier>	HP_FX_Fire_3	</identifier>
				<transform>
					<row0>	1.0000 0.0000 0.0000 0.0000	</row0>
					<row1>	0.0000 1.0000 0.0000 0.0000	</row1>
					<row2>	0.0000 0.0000 1.0000 0.0000	</row2>
					<row3>	0.0000 0.8274 -2.6373 1.0000	</row3>
				</transform>
			</node>
			<node>
				<identifier>	HP_FX_Fire_3_side_1	</identifier>
				<transform>
					<row0>	1.0000 0.0000 0.0000 0.0000	</row0>
					<row1>	0.0000 1.0000 0.0000 0.0000	</row1>
					<row2>	0.0000 0.0000 1.0000 0.0000	</row2>
					<row3>	-0.7111 0.3783 -1.3730 1.0000	</row3>
				</transform>
			</node>
			<node>
				<identifier>	HP_FX_Fire_3_side_2	</identifier>
				<transform>
					<row0>	1.0000 0.0000 0.0000 0.0000	</row0>
					<row1>	0.0000 1.0000 0.0000 0.0000	</row1>
					<row2>	0.0000 0.0000 1.0000 0.0000	</row2>
					<row3>	0.7169 0.3405 -3.8727 1.0000	</row3>
				</transform>
			</node>
			<node>
				<identifier>	HP_FX_FloodLight_left_2	</identifier>
				<transform>
					<row0>	-1.0000 0.0000 0.0000 0.0000	</row0>
					<row1>	0.0000 1.0000 0.0000 0.0000	</row1>
					<row2>	0.0000 0.0000 -1.0000 0.0000	</row2>
					<row3>	-0.4084 0.4675 -2.5465 1.0000	</row3>
				</transform>
			</node>
			<node>
				<identifier>	HP_FX_FloodLight_right_1	</identifier>
				<transform>
					<row0>	1.0000 0.0000 0.0000 0.0000	</row0>
					<row1>	0.0000 1.0000 0.0000 0.0000	</row1>
					<row2>	0.0000 0.0000 1.0000 0.0000	</row2>
					<row3>	0.4109 0.4668 -2.5463 1.0000	</row3>
				</transform>
			</node>
			<node>
				<identifier>	HP_FX_Flood_steam_2	</identifier>
				<transform>
					<row0>	1.0000 0.0000 0.0000 0.0000	</row0>
					<row1>	0.0000 0.9319 -0.3628 0.0000	</row1>
					<row2>	0.0000 0.3628 0.9319 0.0000	</row2>
					<row3>	0.0010 1.3699 -2.4528 1.0000	</row3>
				</transform>
			</node>
			<node>
				<identifier>	HP_FX_Flood_steam_right	</identifier>
				<transform>
					<row0>	1.0000 0.0000 0.0000 0.0000	</row0>
					<row1>	0.0000 1.0000 0.0000 0.0000	</row1>
					<row2>	0.0000 0.0000 1.0000 0.0000	</row2>
					<row3>	0.1993 0.5977 -3.3827 1.0000	</row3>
				</transform>
			</node>
			<node>
				<identifier>	HP_FX_Flood_water_left_2	</identifier>
				<transform>
					<row0>	-1.0000 0.0000 0.0000 0.0000	</row0>
					<row1>	0.0000 1.0000 0.0000 0.0000	</row1>
					<row2>	0.0000 0.0000 -1.0000 0.0000	</row2>
					<row3>	-0.6987 0.0249 -4.2904 1.0000	</row3>
				</transform>
			</node>
			<node>
				<identifier>	HP_FX_Flood_water_right_2	</identifier>
				<transform>
					<row0>	1.0000 0.0000 0.0000 0.0000	</row0>
					<row1>	0.0000 1.0000 0.0000 0.0000	</row1>
					<row2>	0.0000 0.0000 1.0000 0.0000	</row2>
					<row3>	0.6990 0.0263 -4.2902 1.0000	</row3>
				</transform>
			</node>
			<node>
				<identifier>	HP_FX_RepairLight_left_2	</identifier>
				<transform>
					<row0>	-0.0267 0.0000 0.9996 0.0000	</row0>
					<row1>	-0.0378 0.9993 -0.0010 0.0000	</row1>
					<row2>	-0.9989 -0.0378 -0.0267 0.0000	</row2>
					<row3>	-0.7311 0.3243 -4.5412 1.0000	</row3>
				</transform>
			</node>
			<node>
				<identifier>	HP_FX_RepairLight_right_1	</identifier>
				<transform>
					<row0>	-0.0251 0.0000 -0.9997 0.0000	</row0>
					<row1>	0.0440 0.9990 -0.0011 0.0000	</row1>
					<row2>	0.9987 -0.0440 -0.0251 0.0000	</row2>
					<row3>	0.7429 0.3251 -4.3390 1.0000	</row3>
				</transform>
			</node>
			<node>
				<identifier>	HP_FX_Smoke_3	</identifier>
				<transform>
					<row0>	1.0000 0.0000 0.0000 0.0000	</row0>
					<row1>	0.0000 0.9926 -0.1213 0.0000	</row1>
					<row2>	0.0000 0.1213 0.9926 0.0000	</row2>
					<row3>	0.0000 1.5281 -2.1261 1.0000	</row3>
				</transform>
			</node>
			<node>
				<identifier>	HP_FX_Smoke_4	</identifier>
				<transform>
					<row0>	1.0000 0.0000 0.0000 0.0000	</row0>
					<row1>	0.0000 0.9807 -0.1957 0.0000	</row1>
					<row2>	0.0000 0.1957 0.9807 0.0000	</row2>
					<row3>	0.0000 1.5052 -2.3240 1.0000	</row3>
				</transform>
			</node>
			<node>
				<identifier>	HP_RGA_4	</identifier>
				<transform>
					<row0>	0.0000 0.0000 1.0000 0.0000	</row0>
					<row1>	0.0000 1.0000 0.0000 0.0000	</row1>
					<row2>	-1.0000 0.0000 0.0000 0.0000	</row2>
					<row3>	-0.4669 0.4918 -1.8522 1.0000	</row3>
				</transform>
			</node>
			<node>
				<identifier>	HP_RGA_5	</identifier>
				<transform>
					<row0>	0.0000 0.0000 -1.0000 0.0000	</row0>
					<row1>	0.0000 1.0000 0.0000 0.0000	</row1>
					<row2>	1.0000 0.0000 0.0000 0.0000	</row2>
					<row3>	0.4669 0.4918 -1.8522 1.0000	</row3>
				</transform>
			</node>
			<node>
				<identifier>	HP_RGA_6	</identifier>
				<transform>
					<row0>	-1.0000 0.0000 0.0000 0.0000	</row0>
					<row1>	0.0000 1.0000 0.0000 0.0000	</row1>
					<row2>	0.0000 0.0000 -1.0000 0.0000	</row2>
					<row3>	0.0000 0.6665 -3.5848 1.0000	</row3>
				</transform>
			</node>
			<node>
				<identifier>	HP_RGA_7	</identifier>
				<transform>
					<row0>	-1.0000 0.0000 0.0000 0.0000	</row0>
					<row1>	0.0000 1.0000 0.0000 0.0000	</row1>
					<row2>	0.0000 0.0000 -1.0000 0.0000	</row2>
					<row3>	0.0000 0.5006 -4.1201 1.0000	</row3>
				</transform>
			</node>
			<node>
				<identifier>	HP_RGM_3	</identifier>
				<transform>
					<row0>	-1.0000 0.0000 0.0000 0.0000	</row0>
					<row1>	0.0000 1.0000 0.0000 0.0000	</row1>
					<row2>	0.0000 0.0000 -1.0000 0.0000	</row2>
					<row3>	0.0000 0.3681 -4.9858 1.0000	</row3>
				</transform>
			</node>
			<node>
				<identifier>	HP_RGS_3	</identifier>
				<transform>
					<row0>	1.0000 0.0000 0.0000 0.0000	</row0>
					<row1>	0.0000 1.0000 0.0000 0.0000	</row1>
					<row2>	0.0000 0.0000 1.0000 0.0000	</row2>
					<row3>	-0.5555 0.3447 -0.5198 1.0000	</row3>
				</transform>
			</node>
			<node>
				<identifier>	HP_RGS_4	</identifier>
				<transform>
					<row0>	1.0000 0.0000 0.0000 0.0000	</row0>
					<row1>	0.0000 1.0000 0.0000 0.0000	</row1>
					<row2>	0.0000 0.0000 1.0000 0.0000	</row2>
					<row3>	0.5555 0.3447 -0.5198 1.0000	</row3>
				</transform>
			</node>
			<node>
				<identifier>	HP_RGS_5	</identifier>
				<transform>
					<row0>	-1.0000 0.0000 0.0000 0.0000	</row0>
					<row1>	0.0000 1.0000 0.0000 0.0000	</row1>
					<row2>	0.0000 0.0000 -1.0000 0.0000	</row2>
					<row3>	-0.5555 0.3447 -3.0517 1.0000	</row3>
				</transform>
			</node>
			<node>
				<identifier>	HP_RGS_6	</identifier>
				<transform>
					<row0>	-1.0000 0.0000 0.0000 0.0000	</row0>
					<row1>	0.0000 1.0000 0.0000 0.0000	</row1>
					<row2>	0.0000 0.0000 -1.0000 0.0000	</row2>
					<row3>	0.5555 0.3447 -3.0517 1.0000	</row3>
				</transform>
			</node>
			<node>
				<identifier>	HP_RRS_21	</identifier>
				<transform>
					<row0>	1.0000 0.0000 0.0000 0.0000	</row0>
					<row1>	0.0000 1.0000 0.0000 0.0000	</row1>
					<row2>	0.0000 0.0000 1.0000 0.0000	</row2>
					<row3>	-0.1120 1.6341 -1.5860 1.0000	</row3>
				</transform>
			</node>
			<node>
				<identifier>	HP_RRS_22	</identifier>
				<transform>
					<row0>	1.0000 0.0000 0.0000 0.0000	</row0>
					<row1>	0.0000 1.0000 0.0000 0.0000	</row1>
					<row2>	0.0000 0.0000 1.0000 0.0000	</row2>
					<row3>	0.0011 1.8327 -1.5860 1.0000	</row3>
				</transform>
			</node>
			<node>
				<identifier>	HP_RRS_23	</identifier>
				<transform>
					<row0>	1.0000 0.0000 0.0000 0.0000	</row0>
					<row1>	0.0000 1.0000 0.0000 0.0000	</row1>
					<row2>	0.0000 0.0000 1.0000 0.0000	</row2>
					<row3>	0.1120 1.6341 -1.5860 1.0000	</row3>
				</transform>
			</node>
			<node>
				<identifier>	HP_RRS_24	</identifier>
				<transform>
					<row0>	0.0000 0.0000 1.0000 0.0000	</row0>
					<row1>	0.0000 1.0000 0.0000 0.0000	</row1>
					<row2>	-1.0000 0.0000 0.0000 0.0000	</row2>
					<row3>	-0.0918 1.7987 -1.6224 1.0000	</row3>
				</transform>
			</node>
			<node>
				<identifier>	HP_RRS_25	</identifier>
				<transform>
					<row0>	0.0000 0.0000 -1.0000 0.0000	</row0>
					<row1>	0.0000 1.0000 0.0000 0.0000	</row1>
					<row2>	1.0000 0.0000 0.0000 0.0000	</row2>
					<row3>	0.0918 1.7987 -1.6224 1.0000	</row3>
				</transform>
			</node>
			<node>
				<identifier>	HP_RRS_26	</identifier>
				<transform>
					<row0>	-1.0000 0.0000 0.0000 0.0000	</row0>
					<row1>	0.0000 1.0000 0.0000 0.0000	</row1>
					<row2>	0.0000 0.0000 -1.0000 0.0000	</row2>
					<row3>	0.0000 1.6341 -1.7691 1.0000	</row3>
				</transform>
			</node>
			<node>
				<identifier>	HP_RRS_27	</identifier>
				<transform>
					<row0>	0.0000 0.0000 1.0000 0.0000	</row0>
					<row1>	0.0000 1.0000 0.0000 0.0000	</row1>
					<row2>	-1.0000 0.0000 0.0000 0.0000	</row2>
					<row3>	-0.2812 0.8384 -2.2524 1.0000	</row3>
				</transform>
			</node>
			<node>
				<identifier>	HP_RRS_28	</identifier>
				<transform>
					<row0>	0.0000 0.0000 -1.0000 0.0000	</row0>
					<row1>	0.0000 1.0000 0.0000 0.0000	</row1>
					<row2>	1.0000 0.0000 0.0000 0.0000	</row2>
					<row3>	0.2812 0.8384 -2.2524 1.0000	</row3>
				</transform>
			</node>
			<node>
				<identifier>	HP_RRS_29	</identifier>
				<transform>
					<row0>	-1.0000 0.0000 0.0000 0.0000	</row0>
					<row1>	0.0000 1.0000 0.0000 0.0000	</row1>
					<row2>	0.0000 0.0000 -1.0000 0.0000	</row2>
					<row3>	0.0000 1.0334 -2.9184 1.0000	</row3>
				</transform>
			</node>
			<node>
				<identifier>	HP_RRS_30	</identifier>
				<transform>
					<row0>	-1.0000 0.0000 0.0000 0.0000	</row0>
					<row1>	0.0000 1.0000 0.0000 0.0000	</row1>
					<row2>	0.0000 0.0000 -1.0000 0.0000	</row2>
					<row3>	0.0000 0.8384 -3.2518 1.0000	</row3>
				</transform>
			</node>
			<node>
				<identifier>	HP_flag_courtesy	</identifier>
				<transform>
					<row0>	0.9971 -0.0761 -0.0019 0.0000	</row0>
					<row1>	0.0761 0.9958 0.0508 0.0000	</row1>
					<row2>	-0.0019 -0.0508 0.9987 0.0000	</row2>
					<row3>	0.2376 1.7159 -1.6035 1.0000	</row3>
				</transform>
			</node>
			<node>
				<identifier>	HP_flag_house	</identifier>
				<transform>
					<row0>	0.9971 0.0761 0.0019 0.0000	</row0>
					<row1>	-0.0761 0.9958 0.0508 0.0000	</row1>
					<row2>	0.0019 -0.0508 0.9987 0.0000	</row2>
					<row3>	-0.2386 1.7284 -1.6028 1.0000	</row3>
				</transform>
			</node>
			<node>
				<identifier>	MP_CM029_Emergency_Box	</identifier>
				<transform>
					<row0>	-1.0000 0.0000 0.0000 0.0000	</row0>
					<row1>	0.0000 1.0000 0.0000 0.0000	</row1>
					<row2>	0.0000 0.0000 -1.0000 0.0000	</row2>
					<row3>	0.0000 0.9139 -2.8536 1.0000	</row3>
				</transform>
			</node>
			<node>
				<identifier>	MP_CM029_Emergency_Box_INDEX_1	</identifier>
				<transform>
					<row0>	-0.9834 0.0000 -0.1812 0.0000	</row0>
					<row1>	0.0000 1.0000 0.0000 0.0000	</row1>
					<row2>	0.1812 0.0000 -0.9834 0.0000	</row2>
					<row3>	-0.0232 1.0950 -1.9441 1.0000	</row3>
				</transform>
			</node>
			<node>
				<identifier>	MP_CM029_Emergency_Box_INDEX_2	</identifier>
				<transform>
					<row0>	0.2867 0.0000 0.6418 0.0000	</row0>
					<row1>	0.0000 0.7029 0.0000 0.0000	</row1>
					<row2>	-0.6418 0.0000 0.2867 0.0000	</row2>
					<row3>	0.0231 0.7312 -1.5960 1.0000	</row3>
				</transform>
			</node>
			<node>
				<identifier>	MP_CM052_Fender	</identifier>
				<transform>
					<row0>	-0.8899 0.0000 0.4562 0.0000	</row0>
					<row1>	0.0000 1.0000 0.0000 0.0000	</row1>
					<row2>	-0.4562 0.0000 -0.8899 0.0000	</row2>
					<row3>	-0.1106 0.3193 -4.3234 1.0000	</row3>
				</transform>
			</node>
			<node>
				<identifier>	MP_CM052_Fender_INDEX_1	</identifier>
				<transform>
					<row0>	-0.9910 0.0000 -0.1341 0.0000	</row0>
					<row1>	0.0000 1.0000 0.0000 0.0000	</row1>
					<row2>	0.1341 0.0000 -0.9910 0.0000	</row2>
					<row3>	0.0491 0.3193 -4.3482 1.0000	</row3>
				</transform>
			</node>
			<node>
				<identifier>	MP_CM052_Fender_INDEX_2	</identifier>
				<transform>
					<row0>	-0.9910 0.0000 0.1341 0.0000	</row0>
					<row1>	0.0000 1.0000 0.0000 0.0000	</row1>
					<row2>	-0.1341 0.0000 -0.9910 0.0000	</row2>
					<row3>	-0.0491 0.3193 -4.3482 1.0000	</row3>
				</transform>
			</node>
			<node>
				<identifier>	MP_CM052_Fender_INDEX_3	</identifier>
				<transform>
					<row0>	-0.8899 0.0000 -0.4562 0.0000	</row0>
					<row1>	0.0000 1.0000 0.0000 0.0000	</row1>
					<row2>	0.4562 0.0000 -0.8899 0.0000	</row2>
					<row3>	0.1106 0.3193 -4.3234 1.0000	</row3>
				</transform>
			</node>
			<node>
				<identifier>	MP_CM056_Ships_bell	</identifier>
				<transform>
					<row0>	1.0000 0.0000 0.0000 0.0000	</row0>
					<row1>	0.0000 1.0000 0.0000 0.0000	</row1>
					<row2>	0.0000 0.0000 1.0000 0.0000	</row2>
					<row3>	0.0000 1.0065 -2.7392 1.0000	</row3>
				</transform>
			</node>
			<node>
				<identifier>	MP_CM093_Rope	</identifier>
				<transform>
					<row0>	-0.4535 0.0000 0.2268 0.0000	</row0>
					<row1>	0.0000 0.5071 0.0000 0.0000	</row1>
					<row2>	-0.2844 0.0000 -0.5689 0.0000	</row2>
					<row3>	-0.1569 0.7284 -1.6431 1.0000	</row3>
				</transform>
			</node>
			<node>
				<identifier>	MP_CM093_Rope_INDEX_1	</identifier>
				<transform>
					<row0>	0.5501 0.0000 -0.2750 0.0000	</row0>
					<row1>	0.0000 0.6150 0.0000 0.0000	</row1>
					<row2>	0.2750 0.0000 0.5501 0.0000	</row2>
					<row3>	-0.1514 0.7284 -1.6312 1.0000	</row3>
				</transform>
			</node>
			<node>
				<identifier>	MP_CM093_Rope_INDEX_2	</identifier>
				<transform>
					<row0>	0.5501 0.0000 -0.2750 0.0000	</row0>
					<row1>	0.0000 0.6150 0.0000 0.0000	</row1>
					<row2>	0.2702 0.0000 0.5404 0.0000	</row2>
					<row3>	-0.1609 0.7284 -1.6503 1.0000	</row3>
				</transform>
			</node>
			<node>
				<identifier>	MP_CM093_Rope_INDEX_3	</identifier>
				<transform>
					<row0>	-0.4535 0.0000 -0.2268 0.0000	</row0>
					<row1>	0.0000 0.5071 0.0000 0.0000	</row1>
					<row2>	0.2844 0.0000 -0.5689 0.0000	</row2>
					<row3>	0.1569 0.7284 -1.6431 1.0000	</row3>
				</transform>
			</node>
			<node>
				<identifier>	MP_CM093_Rope_INDEX_4	</identifier>
				<transform>
					<row0>	0.5501 0.0000 -0.2750 0.0000	</row0>
					<row1>	0.0000 0.6747 0.0000 0.0000	</row1>
					<row2>	0.1831 0.0000 0.3662 0.0000	</row2>
					<row3>	-0.1477 0.7278 -1.6238 1.0000	</row3>
				</transform>
			</node>
			<node>
				<identifier>	MP_CM093_Rope_INDEX_5	</identifier>
				<transform>
					<row0>	0.5501 0.0000 0.2750 0.0000	</row0>
					<row1>	0.0000 0.6150 0.0000 0.0000	</row1>
					<row2>	-0.2702 0.0000 0.5404 0.0000	</row2>
					<row3>	0.1609 0.7284 -1.6503 1.0000	</row3>
				</transform>
			</node>
			<node>
				<identifier>	MP_CM093_Rope_INDEX_6	</identifier>
				<transform>
					<row0>	0.5501 0.0000 0.2750 0.0000	</row0>
					<row1>	0.0000 0.6150 0.0000 0.0000	</row1>
					<row2>	-0.2750 0.0000 0.5501 0.0000	</row2>
					<row3>	0.1514 0.7284 -1.6312 1.0000	</row3>
				</transform>
			</node>
			<node>
				<identifier>	MP_CM093_Rope_INDEX_7	</identifier>
				<transform>
					<row0>	0.5501 0.0000 0.2750 0.0000	</row0>
					<row1>	0.0000 0.6747 0.0000 0.0000	</row1>
					<row2>	-0.1831 0.0000 0.3662 0.0000	</row2>
					<row3>	0.1477 0.7278 -1.6238 1.0000	</row3>
				</transform>
			</node>
			<node>
				<identifier>	MP_CM109_Leadsman_Platform	</identifier>
				<transform>
					<row0>	0.0000 0.8715 0.4904 0.0000	</row0>
					<row1>	0.0000 0.4904 -0.8715 0.0000	</row1>
					<row2>	-1.0000 0.0000 0.0000 0.0000	</row2>
					<row3>	-0.0003 1.0845 -2.7598 1.0000	</row3>
				</transform>
			</node>
			<node>
				<identifier>	MP_RM003_Yawl_20ft	</identifier>
				<transform>
					<row0>	0.9995 0.0028 -0.0313 0.0000	</row0>
					<row1>	-0.0028 1.0000 -0.0010 0.0000	</row1>
					<row2>	0.0313 0.0010 0.9995 0.0000	</row2>
					<row3>	0.7079 0.3600 -1.3813 1.0000	</row3>
				</transform>
			</node>
			<node>
				<identifier>	MP_RM003_Yawl_20ft_INDEX_1	</identifier>
				<transform>
					<row0>	0.9995 -0.0028 0.0313 0.0000	</row0>
					<row1>	0.0028 1.0000 -0.0010 0.0000	</row1>
					<row2>	-0.0313 0.0010 0.9995 0.0000	</row2>
					<row3>	-0.7079 0.3600 -1.3813 1.0000	</row3>
				</transform>
			</node>
			<node>
				<identifier>	MP_RM020_Speaker	</identifier>
				<transform>
					<row0>	-0.2784 0.0000 -1.2210 0.0000	</row0>
					<row1>	0.0000 1.2523 0.0000 0.0000	</row1>
					<row2>	1.2210 0.0000 -0.2784 0.0000	</row2>
					<row3>	0.2048 0.4802 -4.0902 1.0000	</row3>
				</transform>
			</node>
			<node>
				<identifier>	MP_RM020_Speaker_INDEX_1	</identifier>
				<transform>
					<row0>	0.0000 0.0000 1.2523 0.0000	</row0>
					<row1>	0.0000 1.2523 0.0000 0.0000	</row1>
					<row2>	-1.2523 0.0000 0.0000 0.0000	</row2>
					<row3>	-0.1976 0.6513 -3.1847 1.0000	</row3>
				</transform>
			</node>
			<node>
				<identifier>	MP_RM020_Speaker_INDEX_2	</identifier>
				<transform>
					<row0>	-1.2450 0.0000 0.1352 0.0000	</row0>
					<row1>	-0.0286 1.2239 -0.2637 0.0000	</row1>
					<row2>	-0.1322 -0.2652 -1.2168 0.0000	</row2>
					<row3>	-0.2798 0.8016 -2.2960 1.0000	</row3>
				</transform>
			</node>
			<node>
				<identifier>	MP_RM020_Speaker_INDEX_3	</identifier>
				<transform>
					<row0>	1.2523 0.0000 0.0041 0.0000	</row0>
					<row1>	-0.0009 1.2239 0.2652 0.0000	</row1>
					<row2>	-0.0040 -0.2652 1.2239 0.0000	</row2>
					<row3>	0.2798 0.8012 -2.2092 1.0000	</row3>
				</transform>
			</node>
			<node>
				<identifier>	MP_RM020_Speaker_INDEX_4	</identifier>
				<transform>
					<row0>	1.2523 0.0000 -0.0041 0.0000	</row0>
					<row1>	0.0009 1.2239 0.2652 0.0000	</row1>
					<row2>	0.0040 -0.2652 1.2239 0.0000	</row2>
					<row3>	-0.2798 0.8012 -2.2092 1.0000	</row3>
				</transform>
			</node>
			<node>
				<identifier>	MP_RM020_Speaker_INDEX_5	</identifier>
				<transform>
					<row0>	-0.2784 0.0000 1.2210 0.0000	</row0>
					<row1>	0.0000 1.2523 0.0000 0.0000	</row1>
					<row2>	-1.2210 0.0000 -0.2784 0.0000	</row2>
					<row3>	-0.2048 0.4802 -4.0902 1.0000	</row3>
				</transform>
			</node>
			<node>
				<identifier>	MP_RM020_Speaker_INDEX_6	</identifier>
				<transform>
					<row0>	-1.2450 0.0000 -0.1352 0.0000	</row0>
					<row1>	0.0286 1.2239 -0.2637 0.0000	</row1>
					<row2>	0.1322 -0.2652 -1.2168 0.0000	</row2>
					<row3>	0.2798 0.8016 -2.2960 1.0000	</row3>
				</transform>
			</node>
			<node>
				<identifier>	MP_RM020_Speaker_INDEX_7	</identifier>
				<transform>
					<row0>	0.0000 0.0000 -1.2523 0.0000	</row0>
					<row1>	0.0000 1.2523 0.0000 0.0000	</row1>
					<row2>	1.2523 0.0000 0.0000 0.0000	</row2>
					<row3>	0.1976 0.6513 -3.1847 1.0000	</row3>
				</transform>
			</node>
			<node>
				<identifier>	MP_RM028_Signal_Lamp	</identifier>
				<transform>
					<row0>	1.0000 0.0000 0.0000 0.0000	</row0>
					<row1>	0.0000 1.0000 0.0000 0.0000	</row1>
					<row2>	0.0000 0.0000 1.0000 0.0000	</row2>
					<row3>	0.0295 2.0653 -1.9233 1.0000	</row3>
				</transform>
			</node>
			<node>
				<identifier>	MP_RM028_Signal_Lamp_INDEX_1	</identifier>
				<transform>
					<row0>	0.9999 0.0000 0.0102 0.0000	</row0>
					<row1>	0.0000 1.0000 0.0000 0.0000	</row1>
					<row2>	-0.0102 0.0000 0.9999 0.0000	</row2>
					<row3>	-0.0295 2.0653 -1.9234 1.0000	</row3>
				</transform>
			</node>
			<node>
				<identifier>	MP_RM029_Signal_Lamp	</identifier>
				<transform>
					<row0>	0.0000 0.0000 -2.0000 0.0000	</row0>
					<row1>	0.0000 2.0000 0.0000 0.0000	</row1>
					<row2>	2.0000 0.0000 0.0000 0.0000	</row2>
					<row3>	0.0524 1.8813 -1.9162 1.0000	</row3>
				</transform>
			</node>
			<node>
				<identifier>	MP_RM029_Signal_Lamp_INDEX_1	</identifier>
				<transform>
					<row0>	0.0000 0.0000 2.0000 0.0000	</row0>
					<row1>	0.0000 2.0000 0.0000 0.0000	</row1>
					<row2>	-2.0000 0.0000 0.0000 0.0000	</row2>
					<row3>	-0.0524 1.8813 -1.9162 1.0000	</row3>
				</transform>
			</node>
			<node>
				<identifier>	MP_RM105_Signal_Lamp	</identifier>
				<transform>
					<row0>	0.9885 0.0000 0.1513 0.0000	</row0>
					<row1>	0.0000 1.0000 0.0000 0.0000	</row1>
					<row2>	-0.1513 0.0000 0.9885 0.0000	</row2>
					<row3>	-0.2034 0.8515 -1.7926 1.0000	</row3>
				</transform>
			</node>
			<node>
				<identifier>	MP_RM105_Signal_Lamp_INDEX_1	</identifier>
				<transform>
					<row0>	0.9885 0.0000 -0.1513 0.0000	</row0>
					<row1>	0.0000 1.0000 0.0000 0.0000	</row1>
					<row2>	0.1513 0.0000 0.9885 0.0000	</row2>
					<row3>	0.2034 0.8515 -1.7926 1.0000	</row3>
				</transform>
			</node>
			<node>
				<identifier>	MP_RM105_Signal_Lamp_INDEX_2	</identifier>
				<transform>
					<row0>	0.3175 0.0000 0.9482 0.0000	</row0>
					<row1>	0.0000 1.0000 0.0000 0.0000	</row1>
					<row2>	-0.9482 0.0000 0.3175 0.0000	</row2>
					<row3>	-0.0722 0.9010 -2.7886 1.0000	</row3>
				</transform>
			</node>
			<node>
				<identifier>	MP_RM105_Signal_Lamp_INDEX_3	</identifier>
				<transform>
					<row0>	0.3175 0.0000 -0.9482 0.0000	</row0>
					<row1>	0.0000 1.0000 0.0000 0.0000	</row1>
					<row2>	0.9482 0.0000 0.3175 0.0000	</row2>
					<row3>	0.0722 0.9010 -2.7886 1.0000	</row3>
				</transform>
			</node>
			<node>
				<identifier>	MP_RM111_Bollard	</identifier>
				<transform>
					<row0>	0.6607 -0.0014 0.4164 0.0000	</row0>
					<row1>	-0.0011 0.7810 0.0044 0.0000	</row1>
					<row2>	-0.4164 -0.0043 0.6607 0.0000	</row2>
					<row3>	-0.5734 0.3195 -5.5421 1.0000	</row3>
				</transform>
			</node>
			<node>
				<identifier>	MP_RM111_Bollard_INDEX_1	</identifier>
				<transform>
					<row0>	0.6607 0.0014 -0.4164 0.0000	</row0>
					<row1>	0.0011 0.7810 0.0044 0.0000	</row1>
					<row2>	0.4164 -0.0043 0.6607 0.0000	</row2>
					<row3>	0.5734 0.3195 -5.5421 1.0000	</row3>
				</transform>
			</node>
			<node>
				<identifier>	MP_RM139_Insulator	</identifier>
				<transform>
					<row0>	0.0000 -0.5510 0.0000 0.0000	</row0>
					<row1>	-0.3083 0.0000 -0.4567 0.0000	</row1>
					<row2>	0.4567 0.0000 -0.3083 0.0000	</row2>
					<row3>	-0.0607 0.9474 -2.3924 1.0000	</row3>
				</transform>
			</node>
			<node>
				<identifier>	MP_RM139_Insulator_INDEX_1	</identifier>
				<transform>
					<row0>	0.0000 0.5510 0.0000 0.0000	</row0>
					<row1>	0.3083 0.0000 -0.4567 0.0000	</row1>
					<row2>	-0.4567 0.0000 -0.3083 0.0000	</row2>
					<row3>	0.0607 0.9474 -2.3924 1.0000	</row3>
				</transform>
			</node>
			<node>
				<identifier>	MP_RM141_Signal_Lamp	</identifier>
				<transform>
					<row0>	1.0000 0.0000 0.0000 0.0000	</row0>
					<row1>	0.0000 1.0000 0.0000 0.0000	</row1>
					<row2>	0.0000 0.0000 1.0000 0.0000	</row2>
					<row3>	0.0000 1.8012 -1.9823 1.0000	</row3>
				</transform>
			</node>
			<node>
				<identifier>	MP_RM173_Signal_lanp_450mm_MSPl452	</identifier>
				<transform>
					<row0>	0.0000 0.0000 -1.0000 0.0000	</row0>
					<row1>	0.0000 1.0000 0.0000 0.0000	</row1>
					<row2>	1.0000 0.0000 0.0000 0.0000	</row2>
					<row3>	0.1130 0.8384 -2.9712 1.0000	</row3>
				</transform>
			</node>
			<node>
				<identifier>	MP_RM173_Signal_lanp_450mm_MSPl452_INDEX_1	</identifier>
				<transform>
					<row0>	0.0000 0.0000 1.0000 0.0000	</row0>
					<row1>	0.0000 1.0000 0.0000 0.0000	</row1>
					<row2>	-1.0000 0.0000 0.0000 0.0000	</row2>
					<row3>	-0.1130 0.8384 -2.9712 1.0000	</row3>
				</transform>
			</node>
			<node>
				<identifier>	MP_RM185_Fakel_MO	</identifier>
				<transform>
					<row0>	1.0000 0.0000 0.0000 0.0000	</row0>
					<row1>	0.0000 1.0000 0.0000 0.0000	</row1>
					<row2>	0.0000 0.0000 1.0000 0.0000	</row2>
					<row3>	0.2554 1.7969 -1.5998 1.0000	</row3>
				</transform>
			</node>
			<node>
				<identifier>	MP_RM185_Fakel_MO_INDEX_1	</identifier>
				<transform>
					<row0>	1.0000 0.0000 0.0000 0.0000	</row0>
					<row1>	0.0000 1.0000 0.0000 0.0000	</row1>
					<row2>	0.0000 0.0000 1.0000 0.0000	</row2>
					<row3>	-0.2554 1.7969 -1.5998 1.0000	</row3>
				</transform>
			</node>
			<node>
				<identifier>	MP_RM196_Pelorus	</identifier>
				<transform>
					<row0>	0.0000 0.0000 -1.0000 0.0000	</row0>
					<row1>	0.0000 1.0000 0.0000 0.0000	</row1>
					<row2>	1.0000 0.0000 0.0000 0.0000	</row2>
					<row3>	0.1130 0.8384 -3.1885 1.0000	</row3>
				</transform>
			</node>
			<node>
				<identifier>	MP_RM196_Pelorus_INDEX_1	</identifier>
				<transform>
					<row0>	0.0000 0.0000 1.0000 0.0000	</row0>
					<row1>	0.0000 1.0000 0.0000 0.0000	</row1>
					<row2>	-1.0000 0.0000 0.0000 0.0000	</row2>
					<row3>	-0.1130 0.8384 -3.1885 1.0000	</row3>
				</transform>
			</node>
			<node>
				<identifier>	MP_RM208_Flag_Box	</identifier>
				<transform>
					<row0>	0.0000 0.0000 1.0000 0.0000	</row0>
					<row1>	0.0000 1.0000 0.0000 0.0000	</row1>
					<row2>	-1.0000 0.0000 0.0000 0.0000	</row2>
					<row3>	0.1643 0.6665 -1.7647 1.0000	</row3>
				</transform>
			</node>
			<node>
				<identifier>	MP_RM208_Flag_Box_INDEX_1	</identifier>
				<transform>
					<row0>	0.0000 0.0000 -1.0000 0.0000	</row0>
					<row1>	0.0000 1.0000 0.0000 0.0000	</row1>
					<row2>	1.0000 0.0000 0.0000 0.0000	</row2>
					<row3>	-0.1643 0.6665 -1.7647 1.0000	</row3>
				</transform>
			</node>
			<node>
				<identifier>	MP_RM213_Ventilation	</identifier>
				<transform>
					<row0>	0.0000 0.0000 -0.6919 0.0000	</row0>
					<row1>	0.0000 0.6919 0.0000 0.0000	</row1>
					<row2>	0.6919 0.0000 0.0000 0.0000	</row2>
					<row3>	-0.1034 0.3189 -5.4193 1.0000	</row3>
				</transform>
			</node>
			<node>
				<identifier>	MP_RM213_Ventilation_INDEX_1	</identifier>
				<transform>
					<row0>	0.0000 0.0000 -0.6919 0.0000	</row0>
					<row1>	0.0000 0.6919 0.0000 0.0000	</row1>
					<row2>	0.6919 0.0000 0.0000 0.0000	</row2>
					<row3>	-0.2126 0.3188 -4.4890 1.0000	</row3>
				</transform>
			</node>
			<node>
				<identifier>	MP_RM213_Ventilation_INDEX_2	</identifier>
				<transform>
					<row0>	0.0000 0.0000 -0.6919 0.0000	</row0>
					<row1>	0.0000 0.6919 0.0000 0.0000	</row1>
					<row2>	0.6919 0.0000 0.0000 0.0000	</row2>
					<row3>	-0.4512 0.3184 -2.3261 1.0000	</row3>
				</transform>
			</node>
			<node>
				<identifier>	MP_RM213_Ventilation_INDEX_3	</identifier>
				<transform>
					<row0>	0.0000 0.0000 -0.6919 0.0000	</row0>
					<row1>	0.0000 0.6919 0.0000 0.0000	</row1>
					<row2>	0.6919 0.0000 0.0000 0.0000	</row2>
					<row3>	0.2014 0.3181 -4.4149 1.0000	</row3>
				</transform>
			</node>
			<node>
				<identifier>	MP_RM213_Ventilation_INDEX_4	</identifier>
				<transform>
					<row0>	0.0000 0.0000 0.6919 0.0000	</row0>
					<row1>	0.0000 0.6919 0.0000 0.0000	</row1>
					<row2>	-0.6919 0.0000 0.0000 0.0000	</row2>
					<row3>	0.4512 0.3184 -2.3261 1.0000	</row3>
				</transform>
			</node>
			<node>
				<identifier>	MP_RM213_Ventilation_INDEX_5	</identifier>
				<transform>
					<row0>	0.0000 0.0000 -0.6919 0.0000	</row0>
					<row1>	0.0000 0.6919 0.0000 0.0000	</row1>
					<row2>	0.6919 0.0000 0.0000 0.0000	</row2>
					<row3>	0.5177 0.3181 -0.9898 1.0000	</row3>
				</transform>
			</node>
			<node>
				<identifier>	MP_RM213_Ventilation_INDEX_6	</identifier>
				<transform>
					<row0>	0.0000 0.0000 0.6919 0.0000	</row0>
					<row1>	0.0000 0.6919 0.0000 0.0000	</row1>
					<row2>	-0.6919 0.0000 0.0000 0.0000	</row2>
					<row3>	-0.5177 0.3181 -0.9898 1.0000	</row3>
				</transform>
			</node>
			<node>
				<identifier>	MP_RM214_Life_Buoy	</identifier>
				<transform>
					<row0>	0.0004 -0.0046 1.0000 0.0000	</row0>
					<row1>	0.0412 0.9991 0.0046 0.0000	</row1>
					<row2>	-0.9992 0.0412 0.0005 0.0000	</row2>
					<row3>	0.4638 0.5539 -1.0973 1.0000	</row3>
				</transform>
			</node>
			<node>
				<identifier>	MP_RM214_Life_Buoy_INDEX_1	</identifier>
				<transform>
					<row0>	0.0623 -0.0071 0.9980 0.0000	</row0>
					<row1>	0.0412 0.9991 0.0046 0.0000	</row1>
					<row2>	-0.9972 0.0408 0.0626 0.0000	</row2>
					<row3>	0.7629 0.3866 -3.9046 1.0000	</row3>
				</transform>
			</node>
			<node>
				<identifier>	MP_RM214_Life_Buoy_INDEX_10	</identifier>
				<transform>
					<row0>	-0.0001 0.0046 -1.0000 0.0000	</row0>
					<row1>	-0.0310 0.9995 0.0046 0.0000	</row1>
					<row2>	0.9995 0.0310 0.0000 0.0000	</row2>
					<row3>	-0.3975 0.5534 -2.1592 1.0000	</row3>
				</transform>
			</node>
			<node>
				<identifier>	MP_RM214_Life_Buoy_INDEX_11	</identifier>
				<transform>
					<row0>	0.2111 -0.0132 0.9774 0.0000	</row0>
					<row1>	0.0412 0.9991 0.0046 0.0000	</row1>
					<row2>	-0.9766 0.0393 0.2115 0.0000	</row2>
					<row3>	0.2510 0.5537 -3.8732 1.0000	</row3>
				</transform>
			</node>
			<node>
				<identifier>	MP_RM214_Life_Buoy_INDEX_12	</identifier>
				<transform>
					<row0>	0.0004 -0.0046 1.0000 0.0000	</row0>
					<row1>	0.0412 0.9991 0.0046 0.0000	</row1>
					<row2>	-0.9992 0.0412 0.0005 0.0000	</row2>
					<row3>	0.8193 0.3868 -1.0958 1.0000	</row3>
				</transform>
			</node>
			<node>
				<identifier>	MP_RM214_Life_Buoy_INDEX_13	</identifier>
				<transform>
					<row0>	0.2111 0.0132 -0.9774 0.0000	</row0>
					<row1>	-0.0412 0.9991 0.0046 0.0000	</row1>
					<row2>	0.9766 0.0393 0.2115 0.0000	</row2>
					<row3>	-0.2510 0.5537 -3.8732 1.0000	</row3>
				</transform>
			</node>
			<node>
				<identifier>	MP_RM214_Life_Buoy_INDEX_14	</identifier>
				<transform>
					<row0>	-0.0001 -0.0046 1.0000 0.0000	</row0>
					<row1>	0.0310 0.9995 0.0046 0.0000	</row1>
					<row2>	-0.9995 0.0310 0.0000 0.0000	</row2>
					<row3>	0.3975 0.5534 -2.1592 1.0000	</row3>
				</transform>
			</node>
			<node>
				<identifier>	MP_RM214_Life_Buoy_INDEX_15	</identifier>
				<transform>
					<row0>	0.0623 0.0071 -0.9980 0.0000	</row0>
					<row1>	-0.0412 0.9991 0.0046 0.0000	</row1>
					<row2>	0.9972 0.0408 0.0626 0.0000	</row2>
					<row3>	-0.7629 0.3866 -3.9046 1.0000	</row3>
				</transform>
			</node>
			<node>
				<identifier>	MP_RM214_Life_Buoy_INDEX_16	</identifier>
				<transform>
					<row0>	-0.0001 0.0046 -1.0000 0.0000	</row0>
					<row1>	-0.0310 0.9995 0.0046 0.0000	</row1>
					<row2>	0.9995 0.0310 0.0000 0.0000	</row2>
					<row3>	-0.1947 0.7281 -2.9819 1.0000	</row3>
				</transform>
			</node>
			<node>
				<identifier>	MP_RM214_Life_Buoy_INDEX_17	</identifier>
				<transform>
					<row0>	0.7178 -0.0255 0.6958 0.0000	</row0>
					<row1>	0.0355 0.9994 0.0000 0.0000	</row1>
					<row2>	-0.6954 0.0247 0.7182 0.0000	</row2>
					<row3>	0.1254 1.0581 -2.9982 1.0000	</row3>
				</transform>
			</node>
			<node>
				<identifier>	MP_RM214_Life_Buoy_INDEX_2	</identifier>
				<transform>
					<row0>	0.0237 0.0055 -0.9997 0.0000	</row0>
					<row1>	-0.0412 0.9991 0.0046 0.0000	</row1>
					<row2>	0.9989 0.0411 0.0239 0.0000	</row2>
					<row3>	-0.8091 0.3868 -2.3904 1.0000	</row3>
				</transform>
			</node>
			<node>
				<identifier>	MP_RM214_Life_Buoy_INDEX_3	</identifier>
				<transform>
					<row0>	-0.0001 -0.0046 1.0000 0.0000	</row0>
					<row1>	0.0310 0.9995 0.0046 0.0000	</row1>
					<row2>	-0.9995 0.0310 0.0000 0.0000	</row2>
					<row3>	0.1948 0.7279 -2.3609 1.0000	</row3>
				</transform>
			</node>
			<node>
				<identifier>	MP_RM214_Life_Buoy_INDEX_4	</identifier>
				<transform>
					<row0>	0.0237 -0.0055 0.9997 0.0000	</row0>
					<row1>	0.0412 0.9991 0.0046 0.0000	</row1>
					<row2>	-0.9989 0.0411 0.0239 0.0000	</row2>
					<row3>	0.8091 0.3868 -2.3904 1.0000	</row3>
				</transform>
			</node>
			<node>
				<identifier>	MP_RM214_Life_Buoy_INDEX_5	</identifier>
				<transform>
					<row0>	-0.0001 0.0046 -1.0000 0.0000	</row0>
					<row1>	-0.0310 0.9995 0.0046 0.0000	</row1>
					<row2>	0.9995 0.0310 0.0000 0.0000	</row2>
					<row3>	-0.1948 0.7279 -2.3609 1.0000	</row3>
				</transform>
			</node>
			<node>
				<identifier>	MP_RM214_Life_Buoy_INDEX_6	</identifier>
				<transform>
					<row0>	0.7178 0.0255 -0.6958 0.0000	</row0>
					<row1>	-0.0355 0.9994 0.0000 0.0000	</row1>
					<row2>	0.6954 0.0247 0.7182 0.0000	</row2>
					<row3>	-0.1254 1.0581 -2.9982 1.0000	</row3>
				</transform>
			</node>
			<node>
				<identifier>	MP_RM214_Life_Buoy_INDEX_7	</identifier>
				<transform>
					<row0>	0.0004 0.0046 -1.0000 0.0000	</row0>
					<row1>	-0.0412 0.9991 0.0046 0.0000	</row1>
					<row2>	0.9992 0.0412 0.0005 0.0000	</row2>
					<row3>	-0.8193 0.3868 -1.0958 1.0000	</row3>
				</transform>
			</node>
			<node>
				<identifier>	MP_RM214_Life_Buoy_INDEX_8	</identifier>
				<transform>
					<row0>	-0.0001 -0.0046 1.0000 0.0000	</row0>
					<row1>	0.0310 0.9995 0.0046 0.0000	</row1>
					<row2>	-0.9995 0.0310 0.0000 0.0000	</row2>
					<row3>	0.1947 0.7281 -2.9819 1.0000	</row3>
				</transform>
			</node>
			<node>
				<identifier>	MP_RM214_Life_Buoy_INDEX_9	</identifier>
				<transform>
					<row0>	0.0004 0.0046 -1.0000 0.0000	</row0>
					<row1>	-0.0412 0.9991 0.0046 0.0000	</row1>
					<row2>	0.9992 0.0412 0.0005 0.0000	</row2>
					<row3>	-0.4638 0.5539 -1.0973 1.0000	</row3>
				</transform>
			</node>
			<node>
				<identifier>	MP_RM217_Ventilation_Mushroom	</identifier>
				<transform>
					<row0>	0.0000 0.0000 1.0000 0.0000	</row0>
					<row1>	1.0000 0.0000 0.0000 0.0000	</row1>
					<row2>	0.0000 1.0000 0.0000 0.0000	</row2>
					<row3>	0.1989 0.6441 -2.7184 1.0000	</row3>
				</transform>
			</node>
			<node>
				<identifier>	MP_RM217_Ventilation_Mushroom_INDEX_1	</identifier>
				<transform>
					<row0>	0.0000 0.0000 -1.0000 0.0000	</row0>
					<row1>	-1.0000 0.0000 0.0000 0.0000	</row1>
					<row2>	0.0000 1.0000 0.0000 0.0000	</row2>
					<row3>	-0.1989 0.6441 -2.7184 1.0000	</row3>
				</transform>
			</node>
			<node>
				<identifier>	MP_RM217_Ventilation_Mushroom_INDEX_2	</identifier>
				<transform>
					<row0>	0.0000 0.0000 -1.0000 0.0000	</row0>
					<row1>	-1.0000 0.0000 0.0000 0.0000	</row1>
					<row2>	0.0000 1.0000 0.0000 0.0000	</row2>
					<row3>	-0.4656 0.4745 -0.9887 1.0000	</row3>
				</transform>
			</node>
			<node>
				<identifier>	MP_RM217_Ventilation_Mushroom_INDEX_3	</identifier>
				<transform>
					<row0>	0.0000 0.0000 1.0000 0.0000	</row0>
					<row1>	1.0000 0.0000 0.0000 0.0000	</row1>
					<row2>	0.0000 1.0000 0.0000 0.0000	</row2>
					<row3>	0.4656 0.4745 -0.9887 1.0000	</row3>
				</transform>
			</node>
			<node>
				<identifier>	MP_RM238_Fairlead_Duck	</identifier>
				<transform>
					<row0>	-0.0136 0.0000 -1.5346 0.0000	</row0>
					<row1>	0.0000 1.5346 0.0000 0.0000	</row1>
					<row2>	1.5346 0.0000 -0.0136 0.0000	</row2>
					<row3>	0.8094 0.3178 -1.7901 1.0000	</row3>
				</transform>
			</node>
			<node>
				<identifier>	MP_RM238_Fairlead_Duck_INDEX_1	</identifier>
				<transform>
					<row0>	-0.0136 0.0000 1.5346 0.0000	</row0>
					<row1>	0.0000 1.5346 0.0000 0.0000	</row1>
					<row2>	-1.5346 0.0000 -0.0136 0.0000	</row2>
					<row3>	-0.8094 0.3178 -1.7901 1.0000	</row3>
				</transform>
			</node>
			<node>
				<identifier>	MP_RM258_Winch_for_Cran_Boat_R	</identifier>
				<transform>
					<row0>	-0.8787 0.0000 -0.6153 0.0000	</row0>
					<row1>	0.0000 1.0728 0.0000 0.0000	</row1>
					<row2>	0.6153 0.0000 -0.8787 0.0000	</row2>
					<row3>	0.1177 0.4918 -1.4849 1.0000	</row3>
				</transform>
			</node>
			<node>
				<identifier>	MP_RM258_Winch_for_Cran_Boat_R_INDEX_1	</identifier>
				<transform>
					<row0>	0.8787 0.0000 -0.6153 0.0000	</row0>
					<row1>	0.0000 1.0728 0.0000 0.0000	</row1>
					<row2>	0.6153 0.0000 0.8787 0.0000	</row2>
					<row3>	-0.1511 0.4918 -1.4970 1.0000	</row3>
				</transform>
			</node>
			<node>
				<identifier>	MP_RM260_Captain_cutter_pr371_12m	</identifier>
				<transform>
					<row0>	1.0000 0.0000 0.0000 0.0000	</row0>
					<row1>	0.0000 1.0000 0.0000 0.0000	</row1>
					<row2>	0.0000 0.0000 1.0000 0.0000	</row2>
					<row3>	-0.1236 0.5074 -0.9902 1.0000	</row3>
				</transform>
			</node>
			<node>
				<identifier>	MP_RM260_Captain_cutter_pr371_12m_INDEX_1	</identifier>
				<transform>
					<row0>	1.0000 0.0000 0.0000 0.0000	</row0>
					<row1>	0.0000 1.0000 0.0000 0.0000	</row1>
					<row2>	0.0000 0.0000 1.0000 0.0000	</row2>
					<row3>	0.1236 0.5074 -0.9902 1.0000	</row3>
				</transform>
			</node>
			<node>
				<identifier>	MP_RM271_Lifeboat_SPS18	</identifier>
				<transform>
					<row0>	1.0000 0.0000 0.0000 0.0000	</row0>
					<row1>	0.0000 1.0000 0.0000 0.0000	</row1>
					<row2>	0.0000 0.0000 1.0000 0.0000	</row2>
					<row3>	0.3373 0.4918 -2.4462 1.0000	</row3>
				</transform>
			</node>
			<node>
				<identifier>	MP_RM271_Lifeboat_SPS18_INDEX_1	</identifier>
				<transform>
					<row0>	0.3832 0.0000 -0.9237 0.0000	</row0>
					<row1>	-0.9237 0.0000 -0.3832 0.0000	</row1>
					<row2>	0.0000 1.0000 0.0000 0.0000	</row2>
					<row3>	-0.1837 0.4080 -4.1958 1.0000	</row3>
				</transform>
			</node>
			<node>
				<identifier>	MP_RM271_Lifeboat_SPS18_INDEX_10	</identifier>
				<transform>
					<row0>	0.0000 0.0000 -1.0000 0.0000	</row0>
					<row1>	-1.0000 0.0000 0.0000 0.0000	</row1>
					<row2>	0.0000 1.0000 0.0000 0.0000	</row2>
					<row3>	-0.1993 0.5801 -3.5689 1.0000	</row3>
				</transform>
			</node>
			<node>
				<identifier>	MP_RM271_Lifeboat_SPS18_INDEX_11	</identifier>
				<transform>
					<row0>	1.0000 0.0000 0.0000 0.0000	</row0>
					<row1>	0.0000 1.0000 0.0000 0.0000	</row1>
					<row2>	0.0000 0.0000 1.0000 0.0000	</row2>
					<row3>	-0.0565 0.6665 -1.8160 1.0000	</row3>
				</transform>
			</node>
			<node>
				<identifier>	MP_RM271_Lifeboat_SPS18_INDEX_12	</identifier>
				<transform>
					<row0>	1.0000 0.0000 0.0000 0.0000	</row0>
					<row1>	0.0000 1.0000 0.0000 0.0000	</row1>
					<row2>	0.0000 0.0000 1.0000 0.0000	</row2>
					<row3>	-0.3373 0.4918 -2.5987 1.0000	</row3>
				</transform>
			</node>
			<node>
				<identifier>	MP_RM271_Lifeboat_SPS18_INDEX_2	</identifier>
				<transform>
					<row0>	1.0000 0.0000 0.0000 0.0000	</row0>
					<row1>	0.0000 1.0000 0.0000 0.0000	</row1>
					<row2>	0.0000 0.0000 1.0000 0.0000	</row2>
					<row3>	0.3373 0.4918 -2.5987 1.0000	</row3>
				</transform>
			</node>
			<node>
				<identifier>	MP_RM271_Lifeboat_SPS18_INDEX_3	</identifier>
				<transform>
					<row0>	0.3832 0.0000 0.9237 0.0000	</row0>
					<row1>	0.9237 0.0000 -0.3832 0.0000	</row1>
					<row2>	0.0000 1.0000 0.0000 0.0000	</row2>
					<row3>	0.1837 0.4080 -4.1958 1.0000	</row3>
				</transform>
			</node>
			<node>
				<identifier>	MP_RM271_Lifeboat_SPS18_INDEX_4	</identifier>
				<transform>
					<row0>	1.0000 0.0000 0.0000 0.0000	</row0>
					<row1>	0.0000 1.0000 0.0000 0.0000	</row1>
					<row2>	0.0000 0.0000 1.0000 0.0000	</row2>
					<row3>	-0.3373 0.4918 -2.4462 1.0000	</row3>
				</transform>
			</node>
			<node>
				<identifier>	MP_RM271_Lifeboat_SPS18_INDEX_5	</identifier>
				<transform>
					<row0>	1.0000 0.0000 0.0000 0.0000	</row0>
					<row1>	0.0000 1.0000 0.0000 0.0000	</row1>
					<row2>	0.0000 0.0000 1.0000 0.0000	</row2>
					<row3>	0.0106 0.8384 -2.6728 1.0000	</row3>
				</transform>
			</node>
			<node>
				<identifier>	MP_RM271_Lifeboat_SPS18_INDEX_6	</identifier>
				<transform>
					<row0>	0.0000 0.0000 1.0000 0.0000	</row0>
					<row1>	1.0000 0.0000 0.0000 0.0000	</row1>
					<row2>	0.0000 1.0000 0.0000 0.0000	</row2>
					<row3>	0.1993 0.5801 -3.5689 1.0000	</row3>
				</transform>
			</node>
			<node>
				<identifier>	MP_RM271_Lifeboat_SPS18_INDEX_7	</identifier>
				<transform>
					<row0>	0.3834 0.0000 0.9236 0.0000	</row0>
					<row1>	0.9236 0.0000 -0.3834 0.0000	</row1>
					<row2>	0.0000 1.0000 0.0000 0.0000	</row2>
					<row3>	0.1830 0.5801 -3.6759 1.0000	</row3>
