<RSC043_Petropavlovsk_1957_Stern_ports.visual>
	<node>
		<identifier>	Scene Root	</identifier>
		<transform>
			<row0>	1.0000 0.0000 0.0000 0.0000	</row0>
			<row1>	0.0000 1.0000 0.0000 0.0000	</row1>
			<row2>	0.0000 0.0000 1.0000 0.0000	</row2>
			<row3>	0.0000 0.0000 0.0000 1.0000	</row3>
		</transform>
		<node>
			<identifier>	Stern_ports	</identifier>
			<transform>
				<row0>	1.0000 0.0000 0.0000 0.0000	</row0>
				<row1>	0.0000 1.0000 0.0000 0.0000	</row1>
				<row2>	0.0000 0.0000 1.0000 0.0000	</row2>
				<row3>	0.0000 0.0000 0.0000 1.0000	</row3>
			</transform>
			<node>
				<identifier>	HP_FX_Death_3	</identifier>
				<transform>
					<row0>	1.0000 0.0000 0.0000 0.0000	</row0>
					<row1>	0.0000 1.0000 0.0000 0.0000	</row1>
					<row2>	0.0000 0.0000 1.0000 0.0000	</row2>
					<row3>	0.0000 0.0000 -4.4768 1.0000	</row3>
				</transform>
			</node>
			<node>
				<identifier>	HP_FX_Fire_4	</identifier>
				<transform>
					<row0>	1.0000 0.0000 0.0000 0.0000	</row0>
					<row1>	0.0000 1.0000 0.0000 0.0000	</row1>
					<row2>	0.0000 0.0000 1.0000 0.0000	</row2>
					<row3>	0.0000 0.3108 -6.5694 1.0000	</row3>
				</transform>
			</node>
			<node>
				<identifier>	HP_FX_Flood_water_left	</identifier>
				<transform>
					<row0>	-1.0000 0.0000 0.0000 0.0000	</row0>
					<row1>	0.0000 1.0000 0.0000 0.0000	</row1>
					<row2>	0.0000 0.0000 -1.0000 0.0000	</row2>
					<row3>	-0.4339 0.0620 -6.3212 1.0000	</row3>
				</transform>
			</node>
			<node>
				<identifier>	HP_FX_Flood_water_left_2	</identifier>
				<transform>
					<row0>	-1.0000 0.0000 0.0000 0.0000	</row0>
					<row1>	0.0000 1.0000 0.0000 0.0000	</row1>
					<row2>	0.0000 0.0000 -1.0000 0.0000	</row2>
					<row3>	-0.6739 0.0657 -4.3360 1.0000	</row3>
				</transform>
			</node>
			<node>
				<identifier>	HP_FX_Flood_water_right	</identifier>
				<transform>
					<row0>	1.0000 0.0000 0.0000 0.0000	</row0>
					<row1>	0.0000 1.0000 0.0000 0.0000	</row1>
					<row2>	0.0000 0.0000 1.0000 0.0000	</row2>
					<row3>	0.4336 0.0616 -6.3219 1.0000	</row3>
				</transform>
			</node>
			<node>
				<identifier>	HP_FX_Flood_water_right_2	</identifier>
				<transform>
					<row0>	1.0000 0.0000 0.0000 0.0000	</row0>
					<row1>	0.0000 1.0000 0.0000 0.0000	</row1>
					<row2>	0.0000 0.0000 1.0000 0.0000	</row2>
					<row3>	0.6739 0.0656 -4.3356 1.0000	</row3>
				</transform>
			</node>
			<node>
				<identifier>	HP_FX_RepairLight_left_2	</identifier>
				<transform>
					<row0>	-0.0894 0.0000 0.9960 0.0000	</row0>
					<row1>	0.0000 1.0000 0.0000 0.0000	</row1>
					<row2>	-0.9960 0.0000 -0.0894 0.0000	</row2>
					<row3>	-0.6321 0.2855 -5.1146 1.0000	</row3>
				</transform>
			</node>
			<node>
				<identifier>	HP_FX_RepairLight_right_1	</identifier>
				<transform>
					<row0>	-0.0635 0.0000 -0.9980 0.0000	</row0>
					<row1>	0.0000 1.0000 0.0000 0.0000	</row1>
					<row2>	0.9980 0.0000 -0.0635 0.0000	</row2>
					<row3>	0.7119 0.2746 -4.1126 1.0000	</row3>
				</transform>
			</node>
			<node>
				<identifier>	HP_FX_WakeTraceBack	</identifier>
				<transform>
					<row0>	1.0000 0.0000 0.0000 0.0000	</row0>
					<row1>	0.0000 1.0000 0.0000 0.0000	</row1>
					<row2>	0.0000 0.0000 1.0000 0.0000	</row2>
					<row3>	0.0000 0.0000 -7.5552 1.0000	</row3>
				</transform>
			</node>
			<node>
				<identifier>	HP_FX_WakeTrace_screw_1	</identifier>
				<transform>
					<row0>	1.0000 0.0000 0.0000 0.0000	</row0>
					<row1>	0.0000 1.0000 0.0000 0.0000	</row1>
					<row2>	0.0000 0.0000 1.0000 0.0000	</row2>
					<row3>	-0.2473 -0.3558 -6.6741 1.0000	</row3>
				</transform>
			</node>
			<node>
				<identifier>	HP_FX_WakeTrace_screw_2	</identifier>
				<transform>
					<row0>	1.0000 0.0000 0.0000 0.0000	</row0>
					<row1>	0.0000 1.0000 0.0000 0.0000	</row1>
					<row2>	0.0000 0.0000 1.0000 0.0000	</row2>
					<row3>	0.2473 -0.3558 -6.6741 1.0000	</row3>
				</transform>
			</node>
			<node>
				<identifier>	HP_RGM_3	</identifier>
				<transform>
					<row0>	-1.0000 0.0000 0.0000 0.0000	</row0>
					<row1>	0.0000 1.0000 0.0000 0.0000	</row1>
					<row2>	0.0000 0.0000 -1.0000 0.0000	</row2>
					<row3>	0.0000 0.2954 -3.9977 1.0000	</row3>
				</transform>
			</node>
			<node>
				<identifier>	HP_Ship_death_3	</identifier>
				<transform>
					<row0>	1.0000 0.0000 0.0000 0.0000	</row0>
					<row1>	0.0000 1.0000 0.0000 0.0000	</row1>
					<row2>	0.0000 0.0000 1.0000 0.0000	</row2>
					<row3>	0.0000 0.0333 -3.3818 1.0000	</row3>
				</transform>
			</node>
			<node>
				<identifier>	MP_CM003_Propeller5_L	</identifier>
				<transform>
					<row0>	1.3616 -0.2156 -0.0200 0.0000	</row0>
					<row1>	0.2152 1.3616 -0.0275 0.0000	</row1>
					<row2>	0.0241 0.0241 1.3783 0.0000	</row2>
					<row3>	-0.2473 -0.3555 -6.6744 1.0000	</row3>
				</transform>
			</node>
			<node>
				<identifier>	MP_CM011_Fire_Fighting_Gear	</identifier>
				<transform>
					<row0>	-1.0000 0.0000 0.0000 0.0000	</row0>
					<row1>	0.0000 1.0000 0.0000 0.0000	</row1>
					<row2>	0.0000 0.0000 -1.0000 0.0000	</row2>
					<row3>	-0.1740 0.3133 -6.2594 1.0000	</row3>
				</transform>
			</node>
			<node>
				<identifier>	MP_CM011_Fire_Fighting_Gear_INDEX_1	</identifier>
				<transform>
					<row0>	-1.0000 0.0000 0.0000 0.0000	</row0>
					<row1>	0.0000 1.0000 0.0000 0.0000	</row1>
					<row2>	0.0000 0.0000 -1.0000 0.0000	</row2>
					<row3>	0.1740 0.3133 -6.2594 1.0000	</row3>
				</transform>
			</node>
			<node>
				<identifier>	MP_CM011_Fire_Fighting_Gear_INDEX_2	</identifier>
				<transform>
					<row0>	-1.0000 0.0000 0.0000 0.0000	</row0>
					<row1>	0.0000 1.0000 0.0000 0.0000	</row1>
					<row2>	0.0000 0.0000 -1.0000 0.0000	</row2>
					<row3>	0.0854 0.3413 -7.5640 1.0000	</row3>
				</transform>
			</node>
			<node>
				<identifier>	MP_CM011_Fire_Fighting_Gear_INDEX_3	</identifier>
				<transform>
					<row0>	0.0000 0.0000 1.0000 0.0000	</row0>
					<row1>	0.0000 1.0000 0.0000 0.0000	</row1>
					<row2>	-1.0000 0.0000 0.0000 0.0000	</row2>
					<row3>	0.3126 0.2727 -4.0627 1.0000	</row3>
				</transform>
			</node>
			<node>
				<identifier>	MP_CM011_Fire_Fighting_Gear_INDEX_4	</identifier>
				<transform>
					<row0>	0.0000 0.0000 -1.0000 0.0000	</row0>
					<row1>	0.0000 1.0000 0.0000 0.0000	</row1>
					<row2>	1.0000 0.0000 0.0000 0.0000	</row2>
					<row3>	-0.3126 0.2727 -4.0627 1.0000	</row3>
				</transform>
			</node>
			<node>
				<identifier>	MP_CM034_Propeller5_R	</identifier>
				<transform>
					<row0>	1.3849 0.2193 0.0203 0.0000	</row0>
					<row1>	-0.2189 1.3848 -0.0280 0.0000	</row1>
					<row2>	-0.0245 0.0245 1.4019 0.0000	</row2>
					<row3>	0.2473 -0.3555 -6.6744 1.0000	</row3>
				</transform>
			</node>
			<node>
				<identifier>	MP_CM059_Ladder_Cruiser	</identifier>
				<transform>
					<row0>	0.9981 0.0000 0.0610 0.0000	</row0>
					<row1>	0.0000 1.0000 0.0000 0.0000	</row1>
					<row2>	-0.0610 0.0000 0.9981 0.0000	</row2>
					<row3>	-0.6660 0.2748 -3.7935 1.0000	</row3>
				</transform>
			</node>
			<node>
				<identifier>	MP_CM109_Leadsman_Platform	</identifier>
				<transform>
					<row0>	0.0000 -1.0000 0.0000 0.0000	</row0>
					<row1>	-0.9511 0.0000 0.3090 0.0000	</row1>
					<row2>	-0.3090 0.0000 -0.9511 0.0000	</row2>
					<row3>	0.2780 0.3510 -7.3815 1.0000	</row3>
				</transform>
			</node>
			<node>
				<identifier>	MP_CM109_Leadsman_Platform_INDEX_1	</identifier>
				<transform>
					<row0>	0.0000 -1.0000 0.0000 0.0000	</row0>
					<row1>	0.9511 0.0000 0.3090 0.0000	</row1>
					<row2>	-0.3090 0.0000 0.9511 0.0000	</row2>
					<row3>	-0.2778 0.3510 -7.3807 1.0000	</row3>
				</transform>
			</node>
			<node>
				<identifier>	MP_CM117_Ladder_Cruiser_L	</identifier>
				<transform>
					<row0>	0.9981 0.0000 -0.0610 0.0000	</row0>
					<row1>	0.0000 1.0000 0.0000 0.0000	</row1>
					<row2>	0.0610 0.0000 0.9981 0.0000	</row2>
					<row3>	0.6660 0.2748 -3.7935 1.0000	</row3>
				</transform>
			</node>
			<node>
				<identifier>	MP_CM137_Anchor_Up	</identifier>
				<transform>
					<row0>	0.8000 0.0000 0.0000 0.0000	</row0>
					<row1>	0.0000 0.6663 0.4428 0.0000	</row1>
					<row2>	0.0000 -0.4428 0.6663 0.0000	</row2>
					<row3>	0.0000 0.1404 -7.5807 1.0000	</row3>
				</transform>
			</node>
			<node>
				<identifier>	MP_CM138_Anchor_Bottom	</identifier>
				<transform>
					<row0>	0.8000 0.0000 0.0000 0.0000	</row0>
					<row1>	0.0000 0.7992 -0.0349 0.0000	</row1>
					<row2>	0.0000 0.0349 0.7992 0.0000	</row2>
					<row3>	0.0000 0.1405 -7.5807 1.0000	</row3>
				</transform>
			</node>
			<node>
				<identifier>	MP_RM003_Yawl_20ft	</identifier>
				<transform>
					<row0>	1.0000 0.0000 0.0000 0.0000	</row0>
					<row1>	0.0000 0.9997 0.0234 0.0000	</row1>
					<row2>	0.0000 -0.0234 0.9997 0.0000	</row2>
					<row3>	0.5306 0.3413 -5.3157 1.0000	</row3>
				</transform>
			</node>
			<node>
				<identifier>	MP_RM003_Yawl_20ft_INDEX_1	</identifier>
				<transform>
					<row0>	1.0000 0.0000 0.0000 0.0000	</row0>
					<row1>	0.0000 0.9997 0.0234 0.0000	</row1>
					<row2>	0.0000 -0.0234 0.9997 0.0000	</row2>
					<row3>	-0.5306 0.3413 -5.3157 1.0000	</row3>
				</transform>
			</node>
			<node>
				<identifier>	MP_RM021_Screened_speed_light	</identifier>
				<transform>
					<row0>	-0.7000 0.0000 0.0000 0.0000	</row0>
					<row1>	0.0000 0.7000 0.0000 0.0000	</row1>
					<row2>	0.0000 0.0000 -0.7000 0.0000	</row2>
					<row3>	0.0000 0.5138 -7.6102 1.0000	</row3>
				</transform>
			</node>
			<node>
				<identifier>	MP_RM028_Signal_Lamp	</identifier>
				<transform>
					<row0>	1.0000 0.0000 0.0000 0.0000	</row0>
					<row1>	0.0000 0.9867 -0.1627 0.0000	</row1>
					<row2>	0.0000 0.1627 0.9867 0.0000	</row2>
					<row3>	0.0000 0.7963 -7.6471 1.0000	</row3>
				</transform>
			</node>
			<node>
				<identifier>	MP_RM060_Hatch	</identifier>
				<transform>
					<row0>	1.0000 0.0000 0.0000 0.0000	</row0>
					<row1>	0.0000 1.0000 0.0000 0.0000	</row1>
					<row2>	0.0000 0.0000 1.0000 0.0000	</row2>
					<row3>	-0.0634 0.3260 -6.9720 1.0000	</row3>
				</transform>
			</node>
			<node>
				<identifier>	MP_RM060_Hatch_INDEX_1	</identifier>
				<transform>
					<row0>	1.0000 0.0000 0.0000 0.0000	</row0>
					<row1>	0.0000 1.0000 0.0000 0.0000	</row1>
					<row2>	0.0000 0.0000 1.0000 0.0000	</row2>
					<row3>	0.0634 0.3260 -6.9720 1.0000	</row3>
				</transform>
			</node>
			<node>
				<identifier>	MP_RM061_Basket_Rope	</identifier>
				<transform>
					<row0>	0.5736 0.0192 -0.8189 0.0000	</row0>
					<row1>	0.0000 0.9997 0.0234 0.0000	</row1>
					<row2>	0.8192 -0.0134 0.5734 0.0000	</row2>
					<row3>	-0.5655 0.2845 -5.1057 1.0000	</row3>
				</transform>
			</node>
			<node>
				<identifier>	MP_RM061_Basket_Rope_INDEX_1	</identifier>
				<transform>
					<row0>	0.9848 0.0041 -0.1736 0.0000	</row0>
					<row1>	0.0000 0.9997 0.0234 0.0000	</row1>
					<row2>	0.1736 -0.0230 0.9845 0.0000	</row2>
					<row3>	0.5446 0.2955 -5.5743 1.0000	</row3>
				</transform>
			</node>
			<node>
				<identifier>	MP_RM061_Basket_Rope_INDEX_2	</identifier>
				<transform>
					<row0>	0.5736 -0.0192 0.8189 0.0000	</row0>
					<row1>	0.0000 0.9997 0.0234 0.0000	</row1>
					<row2>	-0.8192 -0.0134 0.5734 0.0000	</row2>
					<row3>	0.5655 0.2845 -5.1057 1.0000	</row3>
				</transform>
			</node>
			<node>
				<identifier>	MP_RM061_Basket_Rope_INDEX_3	</identifier>
				<transform>
					<row0>	0.9848 -0.0041 0.1736 0.0000	</row0>
					<row1>	0.0000 0.9997 0.0234 0.0000	</row1>
					<row2>	-0.1736 -0.0230 0.9845 0.0000	</row2>
					<row3>	-0.5446 0.2955 -5.5743 1.0000	</row3>
				</transform>
			</node>
			<node>
				<identifier>	MP_RM181_Anchor_Fairled	</identifier>
				<transform>
					<row0>	1.7607 0.0000 0.3742 0.0000	</row0>
					<row1>	0.0000 1.8000 0.0000 0.0000	</row1>
					<row2>	-0.3742 0.0000 1.7607 0.0000	</row2>
					<row3>	0.0342 0.3338 -7.2105 1.0000	</row3>
				</transform>
			</node>
			<node>
				<identifier>	MP_RM200_Running_Lights_B	</identifier>
				<transform>
					<row0>	-1.5000 0.0000 0.0000 0.0000	</row0>
					<row1>	0.0000 1.5000 0.0000 0.0000	</row1>
					<row2>	0.0000 0.0000 -1.5000 0.0000	</row2>
					<row3>	0.0000 0.4648 -7.5989 1.0000	</row3>
				</transform>
			</node>
			<node>
				<identifier>	MP_RM202_Screen_Smoke_DA2	</identifier>
				<transform>
					<row0>	-0.8090 0.0000 0.5878 0.0000	</row0>
					<row1>	0.0000 1.0000 0.0000 0.0000	</row1>
					<row2>	-0.5878 0.0000 -0.8090 0.0000	</row2>
					<row3>	-0.1482 0.3380 -7.5357 1.0000	</row3>
				</transform>
			</node>
			<node>
				<identifier>	MP_RM202_Screen_Smoke_DA2_INDEX_1	</identifier>
				<transform>
					<row0>	-0.8090 0.0000 -0.5878 0.0000	</row0>
					<row1>	0.0000 1.0000 0.0000 0.0000	</row1>
					<row2>	0.5878 0.0000 -0.8090 0.0000	</row2>
					<row3>	0.1482 0.3380 -7.5357 1.0000	</row3>
				</transform>
			</node>
			<node>
				<identifier>	MP_RM214_Life_Buoy	</identifier>
				<transform>
					<row0>	0.1736 0.0000 0.9848 0.0000	</row0>
					<row1>	0.0000 1.0000 0.0000 0.0000	</row1>
					<row2>	-0.9848 0.0000 0.1736 0.0000	</row2>
					<row3>	0.3963 0.3935 -6.8377 1.0000	</row3>
				</transform>
			</node>
			<node>
				<identifier>	MP_RM214_Life_Buoy_INDEX_1	</identifier>
				<transform>
					<row0>	0.0349 0.0000 -0.9994 0.0000	</row0>
					<row1>	0.0000 1.0000 0.0000 0.0000	</row1>
					<row2>	0.9994 0.0000 0.0349 0.0000	</row2>
					<row3>	-0.7332 0.3408 -3.6971 1.0000	</row3>
				</transform>
			</node>
			<node>
				<identifier>	MP_RM214_Life_Buoy_INDEX_2	</identifier>
				<transform>
					<row0>	0.0349 0.0000 0.9994 0.0000	</row0>
					<row1>	0.0000 1.0000 0.0000 0.0000	</row1>
					<row2>	-0.9994 0.0000 0.0349 0.0000	</row2>
					<row3>	0.7332 0.3408 -3.6971 1.0000	</row3>
				</transform>
			</node>
			<node>
				<identifier>	MP_RM214_Life_Buoy_INDEX_3	</identifier>
				<transform>
					<row0>	0.1736 0.0000 -0.9848 0.0000	</row0>
					<row1>	0.0000 1.0000 0.0000 0.0000	</row1>
					<row2>	0.9848 0.0000 0.1736 0.0000	</row2>
					<row3>	-0.3963 0.3935 -6.8377 1.0000	</row3>
				</transform>
			</node>
			<node>
				<identifier>	MP_RM214_Life_Buoy_INDEX_4	</identifier>
				<transform>
					<row0>	0.0872 0.0000 0.9962 0.0000	</row0>
					<row1>	0.0000 1.0000 0.0000 0.0000	</row1>
					<row2>	-0.9962 0.0000 0.0872 0.0000	</row2>
					<row3>	0.6749 0.3431 -4.5970 1.0000	</row3>
				</transform>
			</node>
			<node>
				<identifier>	MP_RM214_Life_Buoy_INDEX_5	</identifier>
				<transform>
					<row0>	0.0872 0.0000 -0.9962 0.0000	</row0>
					<row1>	0.0000 1.0000 0.0000 0.0000	</row1>
					<row2>	0.9962 0.0000 0.0872 0.0000	</row2>
					<row3>	-0.6749 0.3431 -4.5970 1.0000	</row3>
				</transform>
			</node>
			<node>
				<identifier>	MP_RM238_Fairlead_Duck	</identifier>
				<transform>
					<row0>	-0.1708 0.0387 -1.4897 0.0000	</row0>
					<row1>	0.0009 1.4995 0.0389 0.0000	</row1>
					<row2>	1.4902 0.0035 -0.1708 0.0000	</row2>
					<row3>	0.5370 0.3105 -5.8953 1.0000	</row3>
				</transform>
			</node>
			<node>
				<identifier>	MP_RM238_Fairlead_Duck_INDEX_1	</identifier>
				<transform>
					<row0>	-0.0523 0.0000 -1.4991 0.0000	</row0>
					<row1>	0.0000 1.5000 0.0000 0.0000	</row1>
					<row2>	1.4991 0.0000 -0.0523 0.0000	</row2>
					<row3>	0.7332 0.2774 -3.4959 1.0000	</row3>
				</transform>
			</node>
			<node>
				<identifier>	MP_RM238_Fairlead_Duck_INDEX_2	</identifier>
				<transform>
					<row0>	-0.1708 -0.0387 1.4897 0.0000	</row0>
					<row1>	-0.0009 1.4995 0.0389 0.0000	</row1>
					<row2>	-1.4902 0.0035 -0.1708 0.0000	</row2>
					<row3>	-0.5370 0.3105 -5.8953 1.0000	</row3>
				</transform>
			</node>
			<node>
				<identifier>	MP_RM238_Fairlead_Duck_INDEX_3	</identifier>
				<transform>
					<row0>	-0.2374 -0.0375 1.4806 0.0000	</row0>
					<row1>	0.0000 1.4995 0.0380 0.0000	</row1>
					<row2>	-1.4811 0.0060 -0.2373 0.0000	</row2>
					<row3>	-0.4495 0.3233 -6.4958 1.0000	</row3>
				</transform>
			</node>
			<node>
				<identifier>	MP_RM238_Fairlead_Duck_INDEX_4	</identifier>
				<transform>
					<row0>	-0.2373 0.0375 -1.4806 0.0000	</row0>
					<row1>	0.0000 1.4995 0.0380 0.0000	</row1>
					<row2>	1.4811 0.0060 -0.2373 0.0000	</row2>
					<row3>	0.4495 0.3233 -6.4958 1.0000	</row3>
				</transform>
			</node>
			<node>
				<identifier>	MP_RM238_Fairlead_Duck_INDEX_5	</identifier>
				<transform>
					<row0>	-0.0523 0.0000 1.4991 0.0000	</row0>
					<row1>	0.0000 1.5000 0.0000 0.0000	</row1>
					<row2>	-1.4991 0.0000 -0.0523 0.0000	</row2>
					<row3>	-0.7332 0.2774 -3.4959 1.0000	</row3>
				</transform>
			</node>
			<node>
				<identifier>	MP_RM249_Coat_of_Arms_USSR	</identifier>
				<transform>
					<row0>	-1.0000 0.0000 0.0000 0.0000	</row0>
					<row1>	0.0000 0.9954 -0.0960 0.0000	</row1>
					<row2>	0.0000 -0.0960 -0.9954 0.0000	</row2>
					<row3>	0.0000 0.3056 -7.5946 1.0000	</row3>
				</transform>
			</node>
			<node>
				<identifier>	MP_RM253_Anchor_Capstan_Bow	</identifier>
				<transform>
					<row0>	1.0000 0.0000 0.0000 0.0000	</row0>
					<row1>	0.0000 1.0000 0.0000 0.0000	</row1>
					<row2>	0.0000 0.0000 1.0000 0.0000	</row2>
					<row3>	0.0000 0.3353 -7.1470 1.0000	</row3>
				</transform>
			</node>
			<node>
				<identifier>	MP_RM273_Fire_Hose_Rack_box	</identifier>
				<transform>
					<row0>	0.0000 0.0000 -1.0000 0.0000	</row0>
					<row1>	0.0000 1.0000 0.0000 0.0000	</row1>
					<row2>	1.0000 0.0000 0.0000 0.0000	</row2>
					<row3>	0.3126 0.2967 -4.0293 1.0000	</row3>
				</transform>
			</node>
			<node>
				<identifier>	MP_RM273_Fire_Hose_Rack_box_INDEX_1	</identifier>
				<transform>
					<row0>	1.0000 0.0000 0.0000 0.0000	</row0>
					<row1>	0.0000 1.0000 0.0000 0.0000	</row1>
					<row2>	0.0000 0.0000 1.0000 0.0000	</row2>
					<row3>	-0.1727 0.3577 -6.2841 1.0000	</row3>
				</transform>
			</node>
			<node>
				<identifier>	MP_RM273_Fire_Hose_Rack_box_INDEX_2	</identifier>
				<transform>
					<row0>	0.0000 0.0000 1.0000 0.0000	</row0>
					<row1>	0.0000 1.0000 0.0000 0.0000	</row1>
					<row2>	-1.0000 0.0000 0.0000 0.0000	</row2>
					<row3>	-0.3126 0.2967 -4.0293 1.0000	</row3>
				</transform>
			</node>
			<node>
				<identifier>	MP_RM273_Fire_Hose_Rack_box_INDEX_3	</identifier>
				<transform>
					<row0>	1.0000 0.0000 0.0000 0.0000	</row0>
					<row1>	0.0000 1.0000 0.0000 0.0000	</row1>
					<row2>	0.0000 0.0000 1.0000 0.0000	</row2>
					<row3>	0.1727 0.3577 -6.2841 1.0000	</row3>
				</transform>
			</node>
			<node>
				<identifier>	MP_RM277_Davit	</identifier>
				<transform>
					<row0>	0.9937 0.0000 -0.1119 0.0000	</row0>
					<row1>	0.0000 1.0000 0.0000 0.0000	</row1>
					<row2>	0.1119 0.0000 0.9937 0.0000	</row2>
					<row3>	0.5964 0.3090 -5.5481 1.0000	</row3>
				</transform>
			</node>
			<node>
				<identifier>	MP_RM277_Davit_INDEX_1	</identifier>
				<transform>
					<row0>	0.9960 0.0000 -0.0894 0.0000	</row0>
					<row1>	0.0000 1.0000 0.0000 0.0000	</row1>
					<row2>	0.0894 0.0000 0.9960 0.0000	</row2>
					<row3>	0.6392 0.2998 -5.1479 1.0000	</row3>
				</transform>
			</node>
			<node>
				<identifier>	MP_RM277_Davit_INDEX_2	</identifier>
				<transform>
					<row0>	0.9960 0.0000 0.0894 0.0000	</row0>
					<row1>	0.0000 1.0000 0.0000 0.0000	</row1>
					<row2>	-0.0894 0.0000 0.9960 0.0000	</row2>
					<row3>	-0.6392 0.2998 -5.1479 1.0000	</row3>
				</transform>
			</node>
			<node>
				<identifier>	MP_RM277_Davit_INDEX_3	</identifier>
				<transform>
					<row0>	0.9937 0.0000 0.1119 0.0000	</row0>
					<row1>	0.0000 1.0000 0.0000 0.0000	</row1>
					<row2>	-0.1119 0.0000 0.9937 0.0000	</row2>
					<row3>	-0.5964 0.3090 -5.5481 1.0000	</row3>
				</transform>
			</node>
			<node>
				<identifier>	MP_RM281_Bollard	</identifier>
				<transform>
					<row0>	0.6420 0.0000 -0.1017 0.0000	</row0>
					<row1>	0.0021 0.6499 0.0134 0.0000	</row1>
					<row2>	0.1017 -0.0136 0.6419 0.0000	</row2>
					<row3>	0.3910 0.3115 -6.2889 1.0000	</row3>
				</transform>
			</node>
			<node>
				<identifier>	MP_RM281_Bollard_INDEX_1	</identifier>
				<transform>
					<row0>	0.6420 0.0000 0.1017 0.0000	</row0>
					<row1>	-0.0021 0.6499 0.0134 0.0000	</row1>
					<row2>	-0.1017 -0.0136 0.6419 0.0000	</row2>
					<row3>	-0.3910 0.3115 -6.2889 1.0000	</row3>
				</transform>
			</node>
			<node>
				<identifier>	MP_RM281_Bollard_INDEX_2	</identifier>
				<transform>
					<row0>	1.0000 0.0000 0.0000 0.0000	</row0>
					<row1>	0.0000 0.9998 0.0209 0.0000	</row1>
					<row2>	0.0000 -0.0209 0.9998 0.0000	</row2>
					<row3>	0.1506 0.3220 -6.7967 1.0000	</row3>
				</transform>
			</node>
			<node>
				<identifier>	MP_RM281_Bollard_INDEX_3	</identifier>
				<transform>
					<row0>	1.0000 0.0000 0.0000 0.0000	</row0>
					<row1>	0.0000 0.9998 0.0209 0.0000	</row1>
					<row2>	0.0000 -0.0209 0.9998 0.0000	</row2>
					<row3>	-0.1506 0.3220 -6.7967 1.0000	</row3>
				</transform>
			</node>
			<node>
				<identifier>	MP_RM282_Fairlead	</identifier>
				<transform>
					<row0>	0.9781 0.0000 0.2079 0.0000	</row0>
					<row1>	-0.0047 0.9997 0.0222 0.0000	</row1>
					<row2>	-0.2079 -0.0227 0.9779 0.0000	</row2>
					<row3>	-0.3298 0.3426 -7.0920 1.0000	</row3>
				</transform>
			</node>
			<node>
				<identifier>	MP_RM282_Fairlead_INDEX_1	</identifier>
				<transform>
					<row0>	0.9781 0.0000 -0.2079 0.0000	</row0>
					<row1>	0.0047 0.9997 0.0222 0.0000	</row1>
					<row2>	0.2079 -0.0227 0.9779 0.0000	</row2>
					<row3>	0.3298 0.3426 -7.0920 1.0000	</row3>
				</transform>
			</node>
			<node>
				<identifier>	MP_RM284_Hatch	</identifier>
				<transform>
					<row0>	1.0000 0.0000 0.0000 0.0000	</row0>
					<row1>	0.0000 1.0000 0.0000 0.0000	</row1>
					<row2>	0.0000 0.0000 1.0000 0.0000	</row2>
					<row3>	0.3313 0.2820 -5.0534 1.0000	</row3>
				</transform>
			</node>
			<node>
				<identifier>	MP_RM284_Hatch_INDEX_1	</identifier>
				<transform>
					<row0>	1.0000 0.0000 0.0000 0.0000	</row0>
					<row1>	0.0000 1.0000 0.0000 0.0000	</row1>
					<row2>	0.0000 0.0000 1.0000 0.0000	</row2>
					<row3>	0.1813 0.3113 -6.3493 1.0000	</row3>
				</transform>
			</node>
			<node>
				<identifier>	MP_RM284_Hatch_INDEX_2	</identifier>
				<transform>
					<row0>	1.0000 0.0000 0.0000 0.0000	</row0>
					<row1>	0.0000 1.0000 0.0000 0.0000	</row1>
					<row2>	0.0000 0.0000 1.0000 0.0000	</row2>
					<row3>	-0.0300 0.3153 -6.5500 1.0000	</row3>
				</transform>
			</node>
			<node>
				<identifier>	MP_RM284_Hatch_INDEX_3	</identifier>
				<transform>
					<row0>	1.0000 0.0000 0.0000 0.0000	</row0>
					<row1>	0.0000 1.0000 0.0000 0.0000	</row1>
					<row2>	0.0000 0.0000 1.0000 0.0000	</row2>
					<row3>	0.3313 0.2707 -4.1493 1.0000	</row3>
				</transform>
			</node>
			<node>
				<identifier>	MP_RM284_Hatch_INDEX_4	</identifier>
				<transform>
					<row0>	1.0000 0.0000 0.0000 0.0000	</row0>
					<row1>	0.0000 1.0000 0.0000 0.0000	</row1>
					<row2>	0.0000 0.0000 1.0000 0.0000	</row2>
					<row3>	-0.3313 0.2707 -4.1493 1.0000	</row3>
				</transform>
			</node>
			<node>
				<identifier>	MP_RM284_Hatch_INDEX_5	</identifier>
				<transform>
					<row0>	1.0000 0.0000 0.0000 0.0000	</row0>
					<row1>	0.0000 1.0000 0.0000 0.0000	</row1>
					<row2>	0.0000 0.0000 1.0000 0.0000	</row2>
					<row3>	-0.1813 0.3113 -6.3493 1.0000	</row3>
				</transform>
			</node>
			<node>
				<identifier>	MP_RM284_Hatch_INDEX_6	</identifier>
				<transform>
					<row0>	1.0000 0.0000 0.0000 0.0000	</row0>
					<row1>	0.0000 1.0000 0.0000 0.0000	</row1>
					<row2>	0.0000 0.0000 1.0000 0.0000	</row2>
					<row3>	-0.3313 0.2820 -5.0534 1.0000	</row3>
				</transform>
			</node>
			<node>
				<identifier>	MP_RM286_Hatch	</identifier>
				<transform>
					<row0>	-0.9848 0.0000 0.1736 0.0000	</row0>
					<row1>	0.0000 1.0000 0.0000 0.0000	</row1>
					<row2>	-0.1736 0.0000 -0.9848 0.0000	</row2>
					<row3>	0.2634 0.3180 -6.6467 1.0000	</row3>
				</transform>
			</node>
			<node>
				<identifier>	MP_RM286_Hatch_INDEX_1	</identifier>
				<transform>
					<row0>	-0.9848 0.0000 -0.1736 0.0000	</row0>
					<row1>	0.0000 1.0000 0.0000 0.0000	</row1>
					<row2>	0.1736 0.0000 -0.9848 0.0000	</row2>
					<row3>	-0.2634 0.3180 -6.6467 1.0000	</row3>
				</transform>
			</node>
			<node>
				<identifier>	MP_RM288_Hatch	</identifier>
				<transform>
					<row0>	1.0000 0.0000 0.0000 0.0000	</row0>
					<row1>	0.0000 1.0000 0.0000 0.0000	</row1>
					<row2>	0.0000 0.0000 1.0000 0.0000	</row2>
					<row3>	-0.0994 0.3373 -7.5220 1.0000	</row3>
				</transform>
			</node>
			<node>
				<identifier>	MP_RM288_Hatch_INDEX_1	</identifier>
				<transform>
					<row0>	-1.0000 0.0000 0.0000 0.0000	</row0>
					<row1>	0.0000 1.0000 0.0000 0.0000	</row1>
					<row2>	0.0000 0.0000 -1.0000 0.0000	</row2>
					<row3>	-0.4253 0.2713 -4.4687 1.0000	</row3>
				</transform>
			</node>
			<node>
				<identifier>	MP_RM288_Hatch_INDEX_2	</identifier>
				<transform>
					<row0>	-1.0000 0.0000 0.0000 0.0000	</row0>
					<row1>	0.0000 1.0000 0.0000 0.0000	</row1>
					<row2>	0.0000 0.0000 -1.0000 0.0000	</row2>
					<row3>	0.4253 0.2713 -4.4687 1.0000	</row3>
				</transform>
			</node>
			<node>
				<identifier>	MP_RM289_Reel	</identifier>
				<transform>
					<row0>	0.6894 -0.0154 0.5784 0.0000	</row0>
					<row1>	0.0011 0.8997 0.0225 0.0000	</row1>
					<row2>	-0.5786 -0.0165 0.6892 0.0000	</row2>
					<row3>	-0.1497 0.2774 -4.8106 1.0000	</row3>
				</transform>
			</node>
			<node>
				<identifier>	MP_RM289_Reel_INDEX_1	</identifier>
				<transform>
					<row0>	0.6894 0.0154 -0.5784 0.0000	</row0>
					<row1>	-0.0011 0.8997 0.0225 0.0000	</row1>
					<row2>	0.5786 -0.0165 0.6892 0.0000	</row2>
					<row3>	0.1497 0.2774 -4.8106 1.0000	</row3>
				</transform>
			</node>
			<node>
				<identifier>	MP_RM290_Reel	</identifier>
				<transform>
					<row0>	-1.4000 0.0000 0.0000 0.0000	</row0>
					<row1>	0.0000 1.4000 0.0000 0.0000	</row1>
					<row2>	0.0000 0.0000 -1.4000 0.0000	</row2>
					<row3>	-0.1626 0.3166 -6.5480 1.0000	</row3>
				</transform>
			</node>
			<node>
				<identifier>	MP_RM290_Reel_INDEX_1	</identifier>
				<transform>
					<row0>	1.4000 0.0000 0.0000 0.0000	</row0>
					<row1>	0.0000 1.4000 0.0000 0.0000	</row1>
					<row2>	0.0000 0.0000 1.4000 0.0000	</row2>
					<row3>	0.1626 0.3166 -6.5480 1.0000	</row3>
				</transform>
			</node>
			<node>
				<identifier>	MP_RM310_Crane_for_Ladder	</identifier>
				<transform>
					<row0>	-0.9980 0.0000 0.0635 0.0000	</row0>
					<row1>	0.0000 1.0000 0.0000 0.0000	</row1>
					<row2>	-0.0635 0.0000 -0.9980 0.0000	</row2>
					<row3>	0.7070 0.2848 -4.2963 1.0000	</row3>
				</transform>
			</node>
			<node>
				<identifier>	MP_RM310_Crane_for_Ladder_INDEX_1	</identifier>
				<transform>
					<row0>	-0.9980 0.0000 -0.0635 0.0000	</row0>
					<row1>	0.0000 1.0000 0.0000 0.0000	</row1>
					<row2>	0.0635 0.0000 -0.9980 0.0000	</row2>
					<row3>	-0.7070 0.2848 -4.2963 1.0000	</row3>
				</transform>
			</node>
			<node>
				<identifier>	MP_RM311_Barrel_DV	</identifier>
				<transform>
					<row0>	-0.2419 0.0000 0.9703 0.0000	</row0>
					<row1>	0.0000 1.0000 0.0000 0.0000	</row1>
					<row2>	-0.9703 0.0000 -0.2419 0.0000	</row2>
					<row3>	-0.2970 0.3306 -7.1891 1.0000	</row3>
				</transform>
			</node>
			<node>
				<identifier>	MP_RM311_Barrel_DV_INDEX_1	</identifier>
				<transform>
					<row0>	-0.2419 0.0000 -0.9703 0.0000	</row0>
					<row1>	0.0000 1.0000 0.0000 0.0000	</row1>
					<row2>	0.9703 0.0000 -0.2419 0.0000	</row2>
					<row3>	0.2970 0.3306 -7.1891 1.0000	</row3>
				</transform>
			</node>
			<node>
				<identifier>	MP_RM311_Barrel_DV_INDEX_2	</identifier>
				<transform>
					<row0>	-0.2588 0.0000 -0.9659 0.0000	</row0>
					<row1>	0.0000 1.0000 0.0000 0.0000	</row1>
					<row2>	0.9659 0.0000 -0.2588 0.0000	</row2>
					<row3>	0.2707 0.3326 -7.2897 1.0000	</row3>
				</transform>
			</node>
			<node>
				<identifier>	MP_RM311_Barrel_DV_INDEX_3	</identifier>
				<transform>
					<row0>	-0.2588 0.0000 0.9659 0.0000	</row0>
					<row1>	0.0000 1.0000 0.0000 0.0000	</row1>
					<row2>	-0.9659 0.0000 -0.2588 0.0000	</row2>
					<row3>	-0.2707 0.3326 -7.2897 1.0000	</row3>
				</transform>
			</node>
			<node>
				<identifier>	MP_RM311_Barrel_DV_INDEX_4	</identifier>
				<transform>
					<row0>	-0.4848 0.0000 -0.8746 0.0000	</row0>
					<row1>	0.0000 1.0000 0.0000 0.0000	</row1>
					<row2>	0.8746 0.0000 -0.4848 0.0000	</row2>
					<row3>	0.1990 0.3366 -7.4811 1.0000	</row3>
				</transform>
			</node>
			<node>
				<identifier>	MP_RM311_Barrel_DV_INDEX_5	</identifier>
				<transform>
					<row0>	-0.4848 0.0000 0.8746 0.0000	</row0>
					<row1>	0.0000 1.0000 0.0000 0.0000	</row1>
					<row2>	-0.8746 0.0000 -0.4848 0.0000	</row2>
					<row3>	-0.1990 0.3366 -7.4811 1.0000	</row3>
				</transform>
			</node>
			<node>
				<identifier>	MP_RM317_Sbomb_ejector	</identifier>
				<transform>
					<row0>	0.1452 0.0000 0.9894 0.0000	</row0>
					<row1>	0.0000 1.0000 0.0000 0.0000	</row1>
					<row2>	-0.9894 0.0000 0.1452 0.0000	</row2>
					<row3>	0.4779 0.3126 -6.2693 1.0000	</row3>
				</transform>
			</node>
			<node>
				<identifier>	MP_RM317_Sbomb_ejector_INDEX_1	</identifier>
				<transform>
					<row0>	0.2079 0.0000 0.9781 0.0000	</row0>
					<row1>	0.0000 1.0000 0.0000 0.0000	</row1>
					<row2>	-0.9781 0.0000 0.2079 0.0000	</row2>
					<row3>	0.3587 0.3280 -6.9587 1.0000	</row3>
				</transform>
			</node>
			<node>
				<identifier>	MP_RM317_Sbomb_ejector_INDEX_10	</identifier>
				<transform>
					<row0>	0.1452 0.0000 0.9894 0.0000	</row0>
					<row1>	0.0000 1.0000 0.0000 0.0000	</row1>
					<row2>	-0.9894 0.0000 0.1452 0.0000	</row2>
					<row3>	0.4851 0.3120 -6.2198 1.0000	</row3>
				</transform>
			</node>
			<node>
				<identifier>	MP_RM317_Sbomb_ejector_INDEX_11	</identifier>
				<transform>
					<row0>	0.2079 0.0000 -0.9781 0.0000	</row0>
					<row1>	0.0000 1.0000 0.0000 0.0000	</row1>
					<row2>	0.9781 0.0000 0.2079 0.0000	</row2>
					<row3>	-0.3587 0.3280 -6.9587 1.0000	</row3>
				</transform>
			</node>
			<node>
				<identifier>	MP_RM317_Sbomb_ejector_INDEX_12	</identifier>
				<transform>
					<row0>	0.1452 0.0000 0.9894 0.0000	</row0>
					<row1>	0.0000 1.0000 0.0000 0.0000	</row1>
					<row2>	-0.9894 0.0000 0.1452 0.0000	</row2>
					<row3>	0.5143 0.3080 -6.0219 1.0000	</row3>
				</transform>
			</node>
			<node>
				<identifier>	MP_RM317_Sbomb_ejector_INDEX_13	</identifier>
				<transform>
					<row0>	0.1452 0.0000 0.9894 0.0000	</row0>
					<row1>	0.0000 1.0000 0.0000 0.0000	</row1>
					<row2>	-0.9894 0.0000 0.1452 0.0000	</row2>
					<row3>	0.4923 0.3106 -6.1710 1.0000	</row3>
				</transform>
			</node>
			<node>
				<identifier>	MP_RM317_Sbomb_ejector_INDEX_14	</identifier>
				<transform>
					<row0>	0.1452 0.0000 0.9894 0.0000	</row0>
					<row1>	0.0000 1.0000 0.0000 0.0000	</row1>
					<row2>	-0.9894 0.0000 0.1452 0.0000	</row2>
					<row3>	0.4705 0.3140 -6.3187 1.0000	</row3>
				</transform>
			</node>
			<node>
				<identifier>	MP_RM317_Sbomb_ejector_INDEX_15	</identifier>
				<transform>
					<row0>	0.2079 0.0000 -0.9781 0.0000	</row0>
					<row1>	0.0000 1.0000 0.0000 0.0000	</row1>
					<row2>	0.9781 0.0000 0.2079 0.0000	</row2>
					<row3>	-0.3486 0.3286 -7.0063 1.0000	</row3>
				</transform>
			</node>
			<node>
				<identifier>	MP_RM317_Sbomb_ejector_INDEX_16	</identifier>
				<transform>
					<row0>	0.1452 0.0000 -0.9894 0.0000	</row0>
					<row1>	0.0000 1.0000 0.0000 0.0000	</row1>
					<row2>	0.9894 0.0000 0.1452 0.0000	</row2>
					<row3>	-0.4851 0.3120 -6.2198 1.0000	</row3>
				</transform>
			</node>
			<node>
				<identifier>	MP_RM317_Sbomb_ejector_INDEX_17	</identifier>
				<transform>
					<row0>	0.1522 0.0000 -0.9883 0.0000	</row0>
					<row1>	0.0000 1.0000 0.0000 0.0000	</row1>
					<row2>	0.9883 0.0000 0.1522 0.0000	</row2>
					<row3>	-0.4629 0.3146 -6.3688 1.0000	</row3>
				</transform>
			</node>
			<node>
				<identifier>	MP_RM317_Sbomb_ejector_INDEX_18	</identifier>
				<transform>
					<row0>	0.1452 0.0000 -0.9894 0.0000	</row0>
					<row1>	0.0000 1.0000 0.0000 0.0000	</row1>
					<row2>	0.9894 0.0000 0.1452 0.0000	</row2>
					<row3>	-0.4779 0.3126 -6.2693 1.0000	</row3>
				</transform>
			</node>
			<node>
				<identifier>	MP_RM317_Sbomb_ejector_INDEX_19	</identifier>
				<transform>
					<row0>	0.1452 0.0000 -0.9894 0.0000	</row0>
					<row1>	0.0000 1.0000 0.0000 0.0000	</row1>
					<row2>	0.9894 0.0000 0.1452 0.0000	</row2>
					<row3>	-0.4998 0.3100 -6.1208 1.0000	</row3>
				</transform>
			</node>
			<node>
				<identifier>	MP_RM317_Sbomb_ejector_INDEX_2	</identifier>
				<transform>
					<row0>	0.2079 0.0000 0.9781 0.0000	</row0>
					<row1>	0.0000 1.0000 0.0000 0.0000	</row1>
					<row2>	-0.9781 0.0000 0.2079 0.0000	</row2>
					<row3>	0.3486 0.3286 -7.0063 1.0000	</row3>
				</transform>
			</node>
			<node>
				<identifier>	MP_RM317_Sbomb_ejector_INDEX_3	</identifier>
				<transform>
					<row0>	0.1452 0.0000 0.9894 0.0000	</row0>
					<row1>	0.0000 1.0000 0.0000 0.0000	</row1>
					<row2>	-0.9894 0.0000 0.1452 0.0000	</row2>
					<row3>	0.5070 0.3086 -6.0714 1.0000	</row3>
				</transform>
			</node>
			<node>
				<identifier>	MP_RM317_Sbomb_ejector_INDEX_4	</identifier>
				<transform>
					<row0>	0.1522 0.0000 0.9883 0.0000	</row0>
					<row1>	0.0000 1.0000 0.0000 0.0000	</row1>
					<row2>	-0.9883 0.0000 0.1522 0.0000	</row2>
					<row3>	0.4629 0.3146 -6.3688 1.0000	</row3>
				</transform>
			</node>
			<node>
				<identifier>	MP_RM317_Sbomb_ejector_INDEX_5	</identifier>
				<transform>
					<row0>	0.1452 0.0000 -0.9894 0.0000	</row0>
					<row1>	0.0000 1.0000 0.0000 0.0000	</row1>
					<row2>	0.9894 0.0000 0.1452 0.0000	</row2>
					<row3>	-0.5070 0.3086 -6.0714 1.0000	</row3>
				</transform>
			</node>
			<node>
				<identifier>	MP_RM317_Sbomb_ejector_INDEX_6	</identifier>
				<transform>
					<row0>	0.1452 0.0000 -0.9894 0.0000	</row0>
					<row1>	0.0000 1.0000 0.0000 0.0000	</row1>
					<row2>	0.9894 0.0000 0.1452 0.0000	</row2>
					<row3>	-0.4705 0.3140 -6.3187 1.0000	</row3>
				</transform>
			</node>
			<node>
				<identifier>	MP_RM317_Sbomb_ejector_INDEX_7	</identifier>
				<transform>
					<row0>	0.1452 0.0000 -0.9894 0.0000	</row0>
					<row1>	0.0000 1.0000 0.0000 0.0000	</row1>
					<row2>	0.9894 0.0000 0.1452 0.0000	</row2>
					<row3>	-0.5143 0.3080 -6.0219 1.0000	</row3>
				</transform>
			</node>
			<node>
				<identifier>	MP_RM317_Sbomb_ejector_INDEX_8	</identifier>
				<transform>
					<row0>	0.1452 0.0000 -0.9894 0.0000	</row0>
					<row1>	0.0000 1.0000 0.0000 0.0000	</row1>
					<row2>	0.9894 0.0000 0.1452 0.0000	</row2>
					<row3>	-0.4923 0.3106 -6.1710 1.0000	</row3>
				</transform>
			</node>
			<node>
				<identifier>	MP_RM317_Sbomb_ejector_INDEX_9	</identifier>
				<transform>
					<row0>	0.1452 0.0000 0.9894 0.0000	</row0>
					<row1>	0.0000 1.0000 0.0000 0.0000	</row1>
					<row2>	-0.9894 0.0000 0.1452 0.0000	</row2>
					<row3>	0.4998 0.3100 -6.1208 1.0000	</row3>
				</transform>
			</node>
			<node>
				<identifier>	MP_RM348_Ventilation_2	</identifier>
				<transform>
					<row0>	1.4000 0.0000 0.0000 0.0000	</row0>
					<row1>	0.0000 1.4000 0.0000 0.0000	</row1>
					<row2>	0.0000 0.0000 1.4000 0.0000	</row2>
					<row3>	-0.2200 0.3160 -6.2774 1.0000	</row3>
				</transform>
			</node>
			<node>
				<identifier>	MP_RM348_Ventilation_2_INDEX_1	</identifier>
				<transform>
					<row0>	1.4000 0.0000 0.0000 0.0000	</row0>
					<row1>	0.0000 1.4000 0.0000 0.0000	</row1>
					<row2>	0.0000 0.0000 1.4000 0.0000	</row2>
					<row3>	0.2200 0.3160 -6.2774 1.0000	</row3>
				</transform>
			</node>
			<node>
				<identifier>	MP_RM348_Ventilation_2_INDEX_2	</identifier>
				<transform>
					<row0>	1.4000 0.0000 0.0000 0.0000	</row0>
					<row1>	0.0000 1.4000 0.0000 0.0000	</row1>
					<row2>	0.0000 0.0000 1.4000 0.0000	</row2>
					<row3>	-0.0207 0.3283 -6.9280 1.0000	</row3>
				</transform>
			</node>
			<node>
				<identifier>	MP_RM348_Ventilation_2_INDEX_3	</identifier>
				<transform>
					<row0>	1.5000 0.0000 0.0000 0.0000	</row0>
					<row1>	0.0000 1.5000 0.0000 0.0000	</row1>
					<row2>	0.0000 0.0000 1.5000 0.0000	</row2>
					<row3>	0.0834 0.2760 -4.3173 1.0000	</row3>
				</transform>
			</node>
			<node>
				<identifier>	MP_RM348_Ventilation_2_INDEX_4	</identifier>
				<transform>
					<row0>	1.1500 0.0000 0.0000 0.0000	</row0>
					<row1>	0.0000 1.1500 0.0000 0.0000	</row1>
					<row2>	0.0000 0.0000 1.1500 0.0000	</row2>
					<row3>	-0.2313 0.3393 -7.4213 1.0000	</row3>
				</transform>
			</node>
			<node>
				<identifier>	MP_RM348_Ventilation_2_INDEX_5	</identifier>
				<transform>
					<row0>	1.1500 0.0000 0.0000 0.0000	</row0>
					<row1>	0.0000 1.1500 0.0000 0.0000	</row1>
					<row2>	0.0000 0.0000 1.1500 0.0000	</row2>
					<row3>	0.2313 0.3393 -7.4213 1.0000	</row3>
				</transform>
			</node>
			<node>
				<identifier>	MP_RM348_Ventilation_2_INDEX_6	</identifier>
				<transform>
					<row0>	1.5000 0.0000 0.0000 0.0000	</row0>
					<row1>	0.0000 1.5000 0.0000 0.0000	</row1>
					<row2>	0.0000 0.0000 1.5000 0.0000	</row2>
					<row3>	-0.0834 0.2760 -4.3173 1.0000	</row3>
				</transform>
			</node>
			<node>
				<identifier>	SP_YMS011_YHWL_M_1_INDEX_51	</identifier>
				<transform>
					<row0>	0.9082 0.1694 0.0777 0.0000	</row0>
					<row1>	-0.1688 0.9116 -0.0148 0.0000	</row1>
					<row2>	-0.0791 0.0003 0.9238 0.0000	</row2>
					<row3>	-0.6842 0.0333 -4.2620 1.0000	</row3>
				</transform>
			</node>
			<node>
				<identifier>	SP_YMS011_YHWL_M_1_INDEX_52	</identifier>
				<transform>
					<row0>	0.9201 0.1038 0.0474 0.0000	</row0>
					<row1>	-0.1037 0.9214 -0.0047 0.0000	</row1>
					<row2>	-0.0476 -0.0006 0.9260 0.0000	</row2>
					<row3>	-0.7380 0.0333 -3.4749 1.0000	</row3>
				</transform>
			</node>
			<node>
				<identifier>	SP_YMS011_YHWL_M_1_INDEX_58	</identifier>
				<transform>
					<row0>	0.8806 0.2714 0.1023 0.0000	</row0>
					<row1>	-0.2699 0.8866 -0.0291 0.0000	</row1>
					<row2>	-0.1063 -0.0022 0.9211 0.0000	</row2>
					<row3>	-0.6047 0.0333 -5.0470 1.0000	</row3>
				</transform>
			</node>
			<node>
				<identifier>	SP_YMS011_YHWL_M_1_INDEX_59	</identifier>
				<transform>
					<row0>	0.8483 0.3553 0.1171 0.0000	</row0>
					<row1>	-0.3522 0.8564 -0.0472 0.0000	</row1>
					<row2>	-0.1263 -0.0013 0.9185 0.0000	</row2>
					<row3>	-0.5047 0.0333 -5.8287 1.0000	</row3>
				</transform>
			</node>
			<node>
				<identifier>	SP_YMS011_YHWL_M_1_INDEX_67	</identifier>
				<transform>
					<row0>	0.7960 0.4528 0.1449 0.0000	</row0>
					<row1>	-0.4457 0.8091 -0.0797 0.0000	</row1>
					<row2>	-0.1653 -0.0013 0.9123 0.0000	</row2>
					<row3>	-0.3780 0.0333 -6.6101 1.0000	</row3>
				</transform>
			</node>
			<node>
				<identifier>	SP_YMS012_YHWR_M_1_INDEX_55	</identifier>
				<transform>
					<row0>	0.8483 -0.3553 -0.1171 0.0000	</row0>
					<row1>	0.3522 0.8564 -0.0472 0.0000	</row1>
					<row2>	0.1263 -0.0013 0.9185 0.0000	</row2>
					<row3>	0.5047 0.0333 -5.8287 1.0000	</row3>
				</transform>
			</node>
			<node>
				<identifier>	SP_YMS012_YHWR_M_1_INDEX_57	</identifier>
				<transform>
					<row0>	0.8806 -0.2714 -0.1023 0.0000	</row0>
					<row1>	0.2699 0.8866 -0.0291 0.0000	</row1>
					<row2>	0.1063 -0.0022 0.9211 0.0000	</row2>
					<row3>	0.6047 0.0333 -5.0470 1.0000	</row3>
				</transform>
			</node>
			<node>
				<identifier>	SP_YMS012_YHWR_M_1_INDEX_58	</identifier>
				<transform>
					<row0>	0.9201 -0.1038 -0.0474 0.0000	</row0>
					<row1>	0.1037 0.9214 -0.0047 0.0000	</row1>
					<row2>	0.0476 -0.0006 0.9260 0.0000	</row2>
					<row3>	0.7380 0.0333 -3.4749 1.0000	</row3>
				</transform>
			</node>
			<node>
				<identifier>	SP_YMS012_YHWR_M_1_INDEX_62	</identifier>
				<transform>
					<row0>	0.7960 -0.4528 -0.1449 0.0000	</row0>
					<row1>	0.4457 0.8091 -0.0797 0.0000	</row1>
					<row2>	0.1653 -0.0013 0.9123 0.0000	</row2>
					<row3>	0.3780 0.0333 -6.6101 1.0000	</row3>
				</transform>
			</node>
			<node>
				<identifier>	SP_YMS012_YHWR_M_1_INDEX_67	</identifier>
				<transform>
					<row0>	0.9082 -0.1694 -0.0777 0.0000	</row0>
					<row1>	0.1688 0.9116 -0.0148 0.0000	</row1>
