<WSD005_Vasteras_1947_MidFront_ports.visual>
	<node>
		<identifier>	Scene Root	</identifier>
		<transform>
			<row0>	1.0000 0.0000 0.0000 0.0000	</row0>
			<row1>	0.0000 1.0000 0.0000 0.0000	</row1>
			<row2>	0.0000 0.0000 1.0000 0.0000	</row2>
			<row3>	0.0000 0.0000 0.0000 1.0000	</row3>
		</transform>
		<node>
			<identifier>	MidFront_ports	</identifier>
			<transform>
				<row0>	1.0000 0.0000 0.0000 0.0000	</row0>
				<row1>	0.0000 1.0000 0.0000 0.0000	</row1>
				<row2>	0.0000 0.0000 1.0000 0.0000	</row2>
				<row3>	0.0000 0.0000 0.0000 1.0000	</row3>
			</transform>
			<node>
				<identifier>	HP_FX_Death_2	</identifier>
				<transform>
					<row0>	1.0000 0.0000 0.0000 0.0000	</row0>
					<row1>	0.0000 1.0000 0.0000 0.0000	</row1>
					<row2>	0.0000 0.0000 1.0000 0.0000	</row2>
					<row3>	0.0000 0.0000 -0.0949 1.0000	</row3>
				</transform>
			</node>
			<node>
				<identifier>	HP_FX_Fire_2	</identifier>
				<transform>
					<row0>	1.0000 0.0000 0.0000 0.0000	</row0>
					<row1>	0.0000 1.0000 0.0000 0.0000	</row1>
					<row2>	0.0000 0.0000 1.0000 0.0000	</row2>
					<row3>	0.0000 0.4751 1.5327 1.0000	</row3>
				</transform>
			</node>
			<node>
				<identifier>	HP_FX_Fire_2_side_1	</identifier>
				<transform>
					<row0>	1.0000 0.0000 0.0000 0.0000	</row0>
					<row1>	0.0000 1.0000 0.0000 0.0000	</row1>
					<row2>	0.0000 0.0000 1.0000 0.0000	</row2>
					<row3>	-0.2605 0.4605 1.0121 1.0000	</row3>
				</transform>
			</node>
			<node>
				<identifier>	HP_FX_Fire_2_side_2	</identifier>
				<transform>
					<row0>	1.0000 0.0000 0.0000 0.0000	</row0>
					<row1>	0.0000 1.0000 0.0000 0.0000	</row1>
					<row2>	0.0000 0.0000 1.0000 0.0000	</row2>
					<row3>	0.2359 0.4159 0.2059 1.0000	</row3>
				</transform>
			</node>
			<node>
				<identifier>	HP_FX_FloodLight_left_1	</identifier>
				<transform>
					<row0>	-1.0000 0.0000 0.0000 0.0000	</row0>
					<row1>	0.0000 1.0000 0.0000 0.0000	</row1>
					<row2>	0.0000 0.0000 -1.0000 0.0000	</row2>
					<row3>	-0.0555 0.5953 1.2399 1.0000	</row3>
				</transform>
			</node>
			<node>
				<identifier>	HP_FX_FloodLight_right_1	</identifier>
				<transform>
					<row0>	1.0000 0.0000 0.0000 0.0000	</row0>
					<row1>	0.0000 1.0000 0.0000 0.0000	</row1>
					<row2>	0.0000 0.0000 1.0000 0.0000	</row2>
					<row3>	0.0553 0.5887 1.2582 1.0000	</row3>
				</transform>
			</node>
			<node>
				<identifier>	HP_FX_Flood_steam_1	</identifier>
				<transform>
					<row0>	1.0000 0.0000 0.0000 0.0000	</row0>
					<row1>	0.0000 0.9518 -0.3068 0.0000	</row1>
					<row2>	0.0000 0.3068 0.9518 0.0000	</row2>
					<row3>	-0.0022 0.7627 1.1447 1.0000	</row3>
				</transform>
			</node>
			<node>
				<identifier>	HP_FX_Flood_steam_2	</identifier>
				<transform>
					<row0>	1.0000 0.0000 0.0000 0.0000	</row0>
					<row1>	0.0000 0.9518 -0.3068 0.0000	</row1>
					<row2>	0.0000 0.3068 0.9518 0.0000	</row2>
					<row3>	0.0004 0.7253 0.4480 1.0000	</row3>
				</transform>
			</node>
			<node>
				<identifier>	HP_FX_Flood_steam_left	</identifier>
				<transform>
					<row0>	-1.0000 0.0000 0.0000 0.0000	</row0>
					<row1>	0.0000 1.0000 0.0000 0.0000	</row1>
					<row2>	0.0000 0.0000 -1.0000 0.0000	</row2>
					<row3>	-0.3035 0.2109 1.4266 1.0000	</row3>
				</transform>
			</node>
			<node>
				<identifier>	HP_FX_Flood_water_left_1	</identifier>
				<transform>
					<row0>	-1.0000 0.0000 0.0099 0.0000	</row0>
					<row1>	0.0000 1.0000 0.0000 0.0000	</row1>
					<row2>	-0.0099 0.0000 -1.0000 0.0000	</row2>
					<row3>	-0.2891 0.0438 1.0965 1.0000	</row3>
				</transform>
			</node>
			<node>
				<identifier>	HP_FX_Flood_water_right_1	</identifier>
				<transform>
					<row0>	1.0000 0.0000 0.0000 0.0000	</row0>
					<row1>	0.0000 1.0000 0.0000 0.0000	</row1>
					<row2>	0.0000 0.0000 1.0000 0.0000	</row2>
					<row3>	0.2892 0.0442 1.0966 1.0000	</row3>
				</transform>
			</node>
			<node>
				<identifier>	HP_FX_Smoke_1	</identifier>
				<transform>
					<row0>	1.0000 0.0000 0.0000 0.0000	</row0>
					<row1>	0.0000 1.0000 0.0000 0.0000	</row1>
					<row2>	0.0000 0.0000 1.0000 0.0000	</row2>
					<row3>	0.0010 0.7554 1.2290 1.0000	</row3>
				</transform>
			</node>
			<node>
				<identifier>	HP_FX_Smoke_2	</identifier>
				<transform>
					<row0>	1.0000 0.0000 0.0000 0.0000	</row0>
					<row1>	0.0000 1.0000 0.0000 0.0000	</row1>
					<row2>	0.0000 0.0000 1.0000 0.0000	</row2>
					<row3>	-0.0020 0.7167 0.5584 1.0000	</row3>
				</transform>
			</node>
			<node>
				<identifier>	HP_FX_Smoke_3	</identifier>
				<transform>
					<row0>	1.0000 0.0000 0.0000 0.0000	</row0>
					<row1>	0.0000 1.0000 0.0000 0.0000	</row1>
					<row2>	0.0000 0.0000 1.0000 0.0000	</row2>
					<row3>	0.0006 0.6752 -0.1171 1.0000	</row3>
				</transform>
			</node>
			<node>
				<identifier>	HP_Flagpole	</identifier>
				<transform>
					<row0>	0.7000 0.0000 0.0000 0.0000	</row0>
					<row1>	0.0000 0.6973 -0.0613 0.0000	</row1>
					<row2>	0.0000 0.0613 0.6973 0.0000	</row2>
					<row3>	0.0000 1.5775 1.5045 1.0000	</row3>
				</transform>
			</node>
			<node>
				<identifier>	HP_WD_1	</identifier>
				<transform>
					<row0>	1.0000 0.0000 0.0000 0.0000	</row0>
					<row1>	0.0000 1.0000 0.0000 0.0000	</row1>
					<row2>	0.0000 0.0000 1.0000 0.0000	</row2>
					<row3>	0.0000 0.6122 2.0006 1.0000	</row3>
				</transform>
			</node>
			<node>
				<identifier>	HP_WD_2	</identifier>
				<transform>
					<row0>	1.0000 0.0000 0.0000 0.0000	</row0>
					<row1>	0.0000 1.0000 0.0000 0.0000	</row1>
					<row2>	0.0000 0.0000 1.0000 0.0000	</row2>
					<row3>	0.0000 0.7405 1.8238 1.0000	</row3>
				</transform>
			</node>
			<node>
				<identifier>	HP_WGA_1	</identifier>
				<transform>
					<row0>	0.0000 0.0000 1.0000 0.0000	</row0>
					<row1>	0.0000 1.0000 0.0000 0.0000	</row1>
					<row2>	-1.0000 0.0000 0.0000 0.0000	</row2>
					<row3>	-0.1955 0.4103 1.5466 1.0000	</row3>
				</transform>
			</node>
			<node>
				<identifier>	HP_WGA_2	</identifier>
				<transform>
					<row0>	0.0000 0.0000 -1.0000 0.0000	</row0>
					<row1>	0.0000 1.0000 0.0000 0.0000	</row1>
					<row2>	1.0000 0.0000 0.0000 0.0000	</row2>
					<row3>	0.1955 0.4102 1.5466 1.0000	</row3>
				</transform>
			</node>
			<node>
				<identifier>	HP_WGA_3	</identifier>
				<transform>
					<row0>	0.0000 0.0000 1.0000 0.0000	</row0>
					<row1>	0.0000 1.0000 0.0000 0.0000	</row1>
					<row2>	-1.0000 0.0000 0.0000 0.0000	</row2>
					<row3>	-0.2171 0.3992 0.5909 1.0000	</row3>
				</transform>
			</node>
			<node>
				<identifier>	HP_WGA_4	</identifier>
				<transform>
					<row0>	0.0000 0.0000 -1.0000 0.0000	</row0>
					<row1>	0.0000 1.0000 0.0000 0.0000	</row1>
					<row2>	1.0000 0.0000 0.0000 0.0000	</row2>
					<row3>	0.2171 0.3992 0.5909 1.0000	</row3>
				</transform>
			</node>
			<node>
				<identifier>	HP_WGM_1	</identifier>
				<transform>
					<row0>	1.0000 0.0000 0.0000 0.0000	</row0>
					<row1>	0.0000 1.0000 0.0000 0.0000	</row1>
					<row2>	0.0000 0.0000 1.0000 0.0000	</row2>
					<row3>	0.0000 0.2980 2.3844 1.0000	</row3>
				</transform>
			</node>
			<node>
				<identifier>	HP_flag_1	</identifier>
				<transform>
					<row0>	0.9890 0.1480 0.0015 0.0000	</row0>
					<row1>	-0.1480 0.9888 0.0195 0.0000	</row1>
					<row2>	0.0015 -0.0195 0.9998 0.0000	</row2>
					<row3>	0.1121 1.2833 1.4185 1.0000	</row3>
				</transform>
			</node>
			<node>
				<identifier>	HP_flag_2	</identifier>
				<transform>
					<row0>	0.9890 -0.1480 -0.0015 0.0000	</row0>
					<row1>	0.1480 0.9888 0.0195 0.0000	</row1>
					<row2>	-0.0015 -0.0195 0.9998 0.0000	</row2>
					<row3>	-0.1121 1.2833 1.4185 1.0000	</row3>
				</transform>
			</node>
			<node>
				<identifier>	HP_flag_3	</identifier>
				<transform>
					<row0>	0.9909 0.1349 0.0034 0.0000	</row0>
					<row1>	-0.1349 0.9896 0.0501 0.0000	</row1>
					<row2>	0.0034 -0.0501 0.9987 0.0000	</row2>
					<row3>	0.0852 1.2798 1.4433 1.0000	</row3>
				</transform>
			</node>
			<node>
				<identifier>	HP_flag_4	</identifier>
				<transform>
					<row0>	0.9909 -0.1349 -0.0034 0.0000	</row0>
					<row1>	0.1349 0.9896 0.0501 0.0000	</row1>
					<row2>	-0.0034 -0.0501 0.9987 0.0000	</row2>
					<row3>	-0.0852 1.2798 1.4433 1.0000	</row3>
				</transform>
			</node>
			<node>
				<identifier>	HP_flag_courtesy	</identifier>
				<transform>
					<row0>	0.9922 0.1248 0.0059 0.0000	</row0>
					<row1>	-0.1248 0.9877 0.0937 0.0000	</row1>
					<row2>	0.0059 -0.0937 0.9956 0.0000	</row2>
					<row3>	0.1259 1.4702 1.4973 1.0000	</row3>
				</transform>
			</node>
			<node>
				<identifier>	HP_flag_house	</identifier>
				<transform>
					<row0>	0.9922 -0.1248 -0.0059 0.0000	</row0>
					<row1>	0.1248 0.9877 0.0937 0.0000	</row1>
					<row2>	-0.0059 -0.0937 0.9956 0.0000	</row2>
					<row3>	-0.1250 1.4701 1.4967 1.0000	</row3>
				</transform>
			</node>
			<node>
				<identifier>	HP_flag_nation	</identifier>
				<transform>
					<row0>	1.0000 -0.0003 0.0000 0.0000	</row0>
					<row1>	0.0003 0.9657 -0.2595 0.0000	</row1>
					<row2>	0.0000 0.2595 0.9657 0.0000	</row2>
					<row3>	0.0002 1.0889 -0.4145 1.0000	</row3>
				</transform>
			</node>
			<node>
				<identifier>	HP_flag_rank	</identifier>
				<transform>
					<row0>	0.9913 -0.1316 0.0052 0.0000	</row0>
					<row1>	0.1316 0.9882 -0.0786 0.0000	</row1>
					<row2>	0.0052 0.0786 0.9969 0.0000	</row2>
					<row3>	-0.0090 1.4310 1.3259 1.0000	</row3>
				</transform>
			</node>
			<node>
				<identifier>	MP_CM011_Fire_Fighting_Gear	</identifier>
				<transform>
					<row0>	-0.0006 0.0449 0.9990 0.0000	</row0>
					<row1>	0.0000 0.9990 -0.0449 0.0000	</row1>
					<row2>	-1.0000 0.0000 -0.0006 0.0000	</row2>
					<row3>	0.1094 0.2455 0.8572 1.0000	</row3>
				</transform>
			</node>
			<node>
				<identifier>	MP_CM011_Fire_Fighting_Gear_INDEX_1	</identifier>
				<transform>
					<row0>	0.0000 -0.0244 -0.9997 0.0000	</row0>
					<row1>	0.0000 0.9997 -0.0244 0.0000	</row1>
					<row2>	1.0000 0.0000 0.0000 0.0000	</row2>
					<row3>	-0.1101 0.2291 0.3327 1.0000	</row3>
				</transform>
			</node>
			<node>
				<identifier>	MP_CM011_Fire_Fighting_Gear_INDEX_2	</identifier>
				<transform>
					<row0>	-0.0006 0.0147 0.9999 0.0000	</row0>
					<row1>	0.0000 0.9999 -0.0147 0.0000	</row1>
					<row2>	-1.0000 0.0000 -0.0006 0.0000	</row2>
					<row3>	0.1095 0.2298 0.3916 1.0000	</row3>
				</transform>
			</node>
			<node>
				<identifier>	MP_CM011_Fire_Fighting_Gear_INDEX_3	</identifier>
				<transform>
					<row0>	0.9993 0.0384 0.0000 0.0000	</row0>
					<row1>	-0.0384 0.9993 0.0000 0.0000	</row1>
					<row2>	0.0000 0.0000 1.0000 0.0000	</row2>
					<row3>	-0.0886 0.4189 1.6194 1.0000	</row3>
				</transform>
			</node>
			<node>
				<identifier>	MP_CM011_Fire_Fighting_Gear_INDEX_4	</identifier>
				<transform>
					<row0>	-0.3926 0.0000 -0.9197 0.0000	</row0>
					<row1>	0.0000 1.0000 0.0000 0.0000	</row1>
					<row2>	0.9197 0.0000 -0.3926 0.0000	</row2>
					<row3>	-0.2623 0.2715 1.9137 1.0000	</row3>
				</transform>
			</node>
			<node>
				<identifier>	MP_CM011_Fire_Fighting_Gear_INDEX_5	</identifier>
				<transform>
					<row0>	0.0000 -0.0199 -0.9998 0.0000	</row0>
					<row1>	0.0000 0.9998 -0.0199 0.0000	</row1>
					<row2>	1.0000 0.0000 0.0000 0.0000	</row2>
					<row3>	-0.1098 0.2453 0.8572 1.0000	</row3>
				</transform>
			</node>
			<node>
				<identifier>	MP_CM014_Fuel_Oil_Hose	</identifier>
				<transform>
					<row0>	0.0000 -1.0000 0.0000 0.0000	</row0>
					<row1>	0.0000 0.0000 -1.0000 0.0000	</row1>
					<row2>	1.0000 0.0000 0.0000 0.0000	</row2>
					<row3>	0.0000 0.2981 1.3990 1.0000	</row3>
				</transform>
			</node>
			<node>
				<identifier>	MP_CM014_Fuel_Oil_Hose_INDEX_1	</identifier>
				<transform>
					<row0>	0.0000 -1.0000 0.0000 0.0000	</row0>
					<row1>	0.0000 0.0000 -1.0000 0.0000	</row1>
					<row2>	1.0000 0.0000 0.0000 0.0000	</row2>
					<row3>	0.0000 0.2977 1.3728 1.0000	</row3>
				</transform>
			</node>
			<node>
				<identifier>	MP_CM029_Emergency_Box	</identifier>
				<transform>
					<row0>	0.2482 0.0000 0.9687 0.0000	</row0>
					<row1>	0.0000 1.0000 0.0000 0.0000	</row1>
					<row2>	-0.9687 0.0000 0.2482 0.0000	</row2>
					<row3>	0.1540 0.4656 1.7222 1.0000	</row3>
				</transform>
			</node>
			<node>
				<identifier>	MP_CM029_Emergency_Box_INDEX_1	</identifier>
				<transform>
					<row0>	-0.5190 0.0000 0.8548 0.0000	</row0>
					<row1>	0.0000 1.0000 0.0000 0.0000	</row1>
					<row2>	-0.8548 0.0000 -0.5190 0.0000	</row2>
					<row3>	0.0688 0.6323 2.0069 1.0000	</row3>
				</transform>
			</node>
			<node>
				<identifier>	MP_CM029_Emergency_Box_INDEX_2	</identifier>
				<transform>
					<row0>	0.0000 0.0000 1.0000 0.0000	</row0>
					<row1>	0.0000 1.0000 0.0000 0.0000	</row1>
					<row2>	-1.0000 0.0000 0.0000 0.0000	</row2>
					<row3>	0.1084 0.3094 0.8991 1.0000	</row3>
				</transform>
			</node>
			<node>
				<identifier>	MP_CM029_Emergency_Box_INDEX_3	</identifier>
				<transform>
					<row0>	0.0000 0.0000 1.0000 0.0000	</row0>
					<row1>	0.0000 1.0000 0.0000 0.0000	</row1>
					<row2>	-1.0000 0.0000 0.0000 0.0000	</row2>
					<row3>	0.1084 0.2967 0.3477 1.0000	</row3>
				</transform>
			</node>
			<node>
				<identifier>	MP_CM029_Emergency_Box_INDEX_4	</identifier>
				<transform>
					<row0>	0.2482 0.0000 -0.9687 0.0000	</row0>
					<row1>	0.0000 1.0000 0.0000 0.0000	</row1>
					<row2>	0.9687 0.0000 0.2482 0.0000	</row2>
					<row3>	-0.1540 0.4656 1.7222 1.0000	</row3>
				</transform>
			</node>
			<node>
				<identifier>	MP_CM029_Emergency_Box_INDEX_5	</identifier>
				<transform>
					<row0>	0.0000 0.0000 -1.0000 0.0000	</row0>
					<row1>	0.0000 1.0000 0.0000 0.0000	</row1>
					<row2>	1.0000 0.0000 0.0000 0.0000	</row2>
					<row3>	-0.0838 0.6323 1.9177 1.0000	</row3>
				</transform>
			</node>
			<node>
				<identifier>	MP_CM029_Emergency_Box_INDEX_6	</identifier>
				<transform>
					<row0>	0.0000 0.0000 -1.0000 0.0000	</row0>
					<row1>	0.0000 1.0000 0.0000 0.0000	</row1>
					<row2>	1.0000 0.0000 0.0000 0.0000	</row2>
					<row3>	-0.1084 0.3094 0.8991 1.0000	</row3>
				</transform>
			</node>
			<node>
				<identifier>	MP_CM029_Emergency_Box_INDEX_7	</identifier>
				<transform>
					<row0>	0.0000 0.0000 -1.0000 0.0000	</row0>
					<row1>	0.0000 1.0000 0.0000 0.0000	</row1>
					<row2>	1.0000 0.0000 0.0000 0.0000	</row2>
					<row3>	-0.1084 0.2967 0.2879 1.0000	</row3>
				</transform>
			</node>
			<node>
				<identifier>	MP_CM056_Ships_bell	</identifier>
				<transform>
					<row0>	0.5000 0.0000 0.0000 0.0000	</row0>
					<row1>	0.0000 0.5000 0.0000 0.0000	</row1>
					<row2>	0.0000 0.0000 0.5000 0.0000	</row2>
					<row3>	0.0000 0.5659 1.5854 1.0000	</row3>
				</transform>
			</node>
			<node>
				<identifier>	MP_CM060_Flag_Box	</identifier>
				<transform>
					<row0>	0.9955 0.0949 -0.0002 0.0000	</row0>
					<row1>	-0.0920 0.9649 -0.0407 0.0000	</row1>
					<row2>	-0.0038 0.0417 0.9991 0.0000	</row2>
					<row3>	-0.1957 0.4413 1.4205 1.0000	</row3>
				</transform>
			</node>
			<node>
				<identifier>	MP_CM060_Flag_Box_INDEX_1	</identifier>
				<transform>
					<row0>	0.9955 -0.0949 0.0002 0.0000	</row0>
					<row1>	0.0920 0.9649 -0.0407 0.0000	</row1>
					<row2>	0.0038 0.0417 0.9991 0.0000	</row2>
					<row3>	0.1957 0.4413 1.4205 1.0000	</row3>
				</transform>
			</node>
			<node>
				<identifier>	MP_CM082_Rope	</identifier>
				<transform>
					<row0>	1.0000 0.0000 0.0000 0.0000	</row0>
					<row1>	0.0000 1.0000 0.0000 0.0000	</row1>
					<row2>	0.0000 0.0000 1.0000 0.0000	</row2>
					<row3>	-0.1014 0.4738 0.8592 1.0000	</row3>
				</transform>
			</node>
			<node>
				<identifier>	MP_CM109_Leadsman_Platform	</identifier>
				<transform>
					<row0>	-0.2094 -0.9776 0.0188 0.0000	</row0>
					<row1>	-0.9776 0.2097 0.0186 0.0000	</row1>
					<row2>	-0.0221 -0.0145 -0.9996 0.0000	</row2>
					<row3>	-0.3250 0.2299 0.6952 1.0000	</row3>
				</transform>
			</node>
			<node>
				<identifier>	MP_CM109_Leadsman_Platform_INDEX_1	</identifier>
				<transform>
					<row0>	0.0909 -0.9957 0.0169 0.0000	</row0>
					<row1>	-0.9956 -0.0912 -0.0204 0.0000	</row1>
					<row2>	0.0218 -0.0150 -0.9996 0.0000	</row2>
					<row3>	0.3250 0.2299 0.6961 1.0000	</row3>
				</transform>
			</node>
			<node>
				<identifier>	MP_CM109_Leadsman_Platform_INDEX_2	</identifier>
				<transform>
					<row0>	0.0725 -0.7659 0.0000 0.0000	</row0>
					<row1>	0.7659 0.0725 0.0000 0.0000	</row1>
					<row2>	0.0000 0.0000 0.7693 0.0000	</row2>
					<row3>	0.1073 0.2988 0.3006 1.0000	</row3>
				</transform>
			</node>
			<node>
				<identifier>	MP_CM109_Leadsman_Platform_INDEX_3	</identifier>
				<transform>
					<row0>	-0.0725 -0.7659 0.0000 0.0000	</row0>
					<row1>	-0.7659 0.0725 0.0000 0.0000	</row1>
					<row2>	0.0000 0.0000 -0.7693 0.0000	</row2>
					<row3>	-0.1073 0.2988 0.2352 1.0000	</row3>
				</transform>
			</node>
			<node>
				<identifier>	MP_WM004_Life_buoy	</identifier>
				<transform>
					<row0>	-0.0756 -0.0007 0.9971 0.0000	</row0>
					<row1>	-0.0108 0.9999 -0.0001 0.0000	</row1>
					<row2>	-0.9971 -0.0108 -0.0756 0.0000	</row2>
					<row3>	0.2753 0.3466 2.1811 1.0000	</row3>
				</transform>
			</node>
			<node>
				<identifier>	MP_WM004_Life_buoy_INDEX_1	</identifier>
				<transform>
					<row0>	0.0229 0.0007 -0.9997 0.0000	</row0>
					<row1>	0.0108 0.9999 0.0009 0.0000	</row1>
					<row2>	0.9997 -0.0108 0.0229 0.0000	</row2>
					<row3>	-0.3167 0.2975 0.8233 1.0000	</row3>
				</transform>
			</node>
			<node>
				<identifier>	MP_WM004_Life_buoy_INDEX_2	</identifier>
				<transform>
					<row0>	0.0229 -0.0007 0.9997 0.0000	</row0>
					<row1>	-0.0108 0.9999 0.0009 0.0000	</row1>
					<row2>	-0.9997 -0.0108 0.0229 0.0000	</row2>
					<row3>	0.3165 0.2975 0.8233 1.0000	</row3>
				</transform>
			</node>
			<node>
				<identifier>	MP_WM004_Life_buoy_INDEX_3	</identifier>
				<transform>
					<row0>	-0.0756 0.0007 -0.9971 0.0000	</row0>
					<row1>	0.0108 0.9999 -0.0001 0.0000	</row1>
					<row2>	0.9971 -0.0108 -0.0756 0.0000	</row2>
					<row3>	-0.2753 0.3466 2.1811 1.0000	</row3>
				</transform>
			</node>
			<node>
				<identifier>	MP_WM007_Paravane	</identifier>
				<transform>
					<row0>	-0.1813 1.7154 0.0000 0.0000	</row0>
					<row1>	-1.7154 -0.1813 0.0000 0.0000	</row1>
					<row2>	0.0000 0.0000 1.7250 0.0000	</row2>
					<row3>	-0.2729 0.2789 0.1801 1.0000	</row3>
				</transform>
			</node>
			<node>
				<identifier>	MP_WM007_Paravane_INDEX_1	</identifier>
				<transform>
					<row0>	-0.1813 -1.7154 0.0000 0.0000	</row0>
					<row1>	1.7154 -0.1813 0.0000 0.0000	</row1>
					<row2>	0.0000 0.0000 1.7250 0.0000	</row2>
					<row3>	0.2709 0.2780 0.1833 1.0000	</row3>
				</transform>
			</node>
			<node>
				<identifier>	MP_WM019_Basket	</identifier>
				<transform>
					<row0>	0.0000 0.0000 1.0000 0.0000	</row0>
					<row1>	0.0000 1.0000 0.0000 0.0000	</row1>
					<row2>	-1.0000 0.0000 0.0000 0.0000	</row2>
					<row3>	-0.1290 0.2241 0.2945 1.0000	</row3>
				</transform>
			</node>
			<node>
				<identifier>	MP_WM019_Basket_INDEX_1	</identifier>
				<transform>
					<row0>	0.0000 0.0000 -1.0000 0.0000	</row0>
					<row1>	0.0000 1.0000 0.0000 0.0000	</row1>
					<row2>	1.0000 0.0000 0.0000 0.0000	</row2>
					<row3>	0.1290 0.2157 -0.0555 1.0000	</row3>
				</transform>
			</node>
			<node>
				<identifier>	MP_WM019_Basket_INDEX_2	</identifier>
				<transform>
					<row0>	0.0000 0.0000 -1.0000 0.0000	</row0>
					<row1>	0.0000 1.0000 0.0000 0.0000	</row1>
					<row2>	1.0000 0.0000 0.0000 0.0000	</row2>
					<row3>	0.1290 0.2253 0.3303 1.0000	</row3>
				</transform>
			</node>
			<node>
				<identifier>	MP_WM019_Basket_INDEX_3	</identifier>
				<transform>
					<row0>	0.0000 0.0000 1.0000 0.0000	</row0>
					<row1>	0.0000 1.0000 0.0000 0.0000	</row1>
					<row2>	-1.0000 0.0000 0.0000 0.0000	</row2>
					<row3>	-0.1290 0.2157 -0.0555 1.0000	</row3>
				</transform>
			</node>
			<node>
				<identifier>	MP_WM025_Turtles_box_SW	</identifier>
				<transform>
					<row0>	-0.2084 0.0000 -0.9780 0.0000	</row0>
					<row1>	0.0000 1.0000 0.0000 0.0000	</row1>
					<row2>	0.9780 0.0000 -0.2084 0.0000	</row2>
					<row3>	0.1031 0.6230 1.7935 1.0000	</row3>
				</transform>
			</node>
			<node>
				<identifier>	MP_WM025_Turtles_box_SW_INDEX_1	</identifier>
				<transform>
					<row0>	-0.4300 0.0000 -0.9028 0.0000	</row0>
					<row1>	0.0000 1.0000 0.0000 0.0000	</row1>
					<row2>	0.9028 0.0000 -0.4300 0.0000	</row2>
					<row3>	0.0589 0.4575 0.5376 1.0000	</row3>
				</transform>
			</node>
			<node>
				<identifier>	MP_WM026_Fire_hose_SW	</identifier>
				<transform>
					<row0>	0.0000 0.0000 1.0000 0.0000	</row0>
					<row1>	0.0000 1.0000 0.0000 0.0000	</row1>
					<row2>	-1.0000 0.0000 0.0000 0.0000	</row2>
					<row3>	-0.1039 0.2961 0.3327 1.0000	</row3>
				</transform>
			</node>
			<node>
				<identifier>	MP_WM026_Fire_hose_SW_INDEX_1	</identifier>
				<transform>
					<row0>	-1.0000 0.0000 0.0000 0.0000	</row0>
					<row1>	0.0000 1.0000 0.0000 0.0000	</row1>
					<row2>	0.0000 0.0000 -1.0000 0.0000	</row2>
					<row3>	-0.0886 0.4835 1.6254 1.0000	</row3>
				</transform>
			</node>
			<node>
				<identifier>	MP_WM026_Fire_hose_SW_INDEX_2	</identifier>
				<transform>
					<row0>	0.0006 0.0000 -1.0000 0.0000	</row0>
					<row1>	0.0000 1.0000 0.0000 0.0000	</row1>
					<row2>	1.0000 0.0000 0.0006 0.0000	</row2>
					<row3>	0.1039 0.2961 0.3916 1.0000	</row3>
				</transform>
			</node>
			<node>
				<identifier>	MP_WM026_Fire_hose_SW_INDEX_3	</identifier>
				<transform>
					<row0>	0.3926 0.0000 0.9197 0.0000	</row0>
					<row1>	0.0000 1.0000 0.0000 0.0000	</row1>
					<row2>	-0.9197 0.0000 0.3926 0.0000	</row2>
					<row3>	-0.2559 0.3364 1.9109 1.0000	</row3>
				</transform>
			</node>
			<node>
				<identifier>	MP_WM026_Fire_hose_SW_INDEX_4	</identifier>
				<transform>
					<row0>	0.0000 0.0000 1.0000 0.0000	</row0>
					<row1>	0.0000 1.0000 0.0000 0.0000	</row1>
					<row2>	-1.0000 0.0000 0.0000 0.0000	</row2>
					<row3>	-0.1039 0.3097 0.8572 1.0000	</row3>
				</transform>
			</node>
			<node>
				<identifier>	MP_WM026_Fire_hose_SW_INDEX_5	</identifier>
				<transform>
					<row0>	0.0006 0.0000 -1.0000 0.0000	</row0>
					<row1>	0.0000 1.0000 0.0000 0.0000	</row1>
					<row2>	1.0000 0.0000 0.0006 0.0000	</row2>
					<row3>	0.1038 0.3097 0.8572 1.0000	</row3>
				</transform>
			</node>
			<node>
				<identifier>	MP_WM035_Reel	</identifier>
				<transform>
					<row0>	0.7959 0.0812 0.0000 0.0000	</row0>
					<row1>	-0.0812 0.7957 -0.0139 0.0000	</row1>
					<row2>	-0.0014 0.0138 0.7999 0.0000	</row2>
					<row3>	-0.2487 0.2487 1.3629 1.0000	</row3>
				</transform>
			</node>
			<node>
				<identifier>	MP_WM035_Reel_INDEX_1	</identifier>
				<transform>
					<row0>	0.7959 -0.0812 0.0000 0.0000	</row0>
					<row1>	0.0812 0.7957 -0.0139 0.0000	</row1>
					<row2>	0.0014 0.0138 0.7999 0.0000	</row2>
					<row3>	0.2487 0.2487 1.3629 1.0000	</row3>
				</transform>
			</node>
			<node>
				<identifier>	MP_WM035_Reel_INDEX_2	</identifier>
				<transform>
					<row0>	0.8000 0.0000 0.0000 0.0000	</row0>
					<row1>	0.0000 0.8000 0.0000 0.0000	</row1>
					<row2>	0.0000 0.0000 0.8000 0.0000	</row2>
					<row3>	0.0603 0.3883 0.2474 1.0000	</row3>
				</transform>
			</node>
			<node>
				<identifier>	MP_WM035_Reel_INDEX_3	</identifier>
				<transform>
					<row0>	0.8000 0.0000 0.0000 0.0000	</row0>
					<row1>	0.0000 0.8000 0.0000 0.0000	</row1>
					<row2>	0.0000 0.0000 0.8000 0.0000	</row2>
					<row3>	-0.0603 0.3883 0.2474 1.0000	</row3>
				</transform>
			</node>
			<node>
				<identifier>	MP_WM050_Nyckelharpa_Easter_Vasteras	</identifier>
				<transform>
					<row0>	1.0000 0.0000 0.0000 0.0000	</row0>
					<row1>	0.0000 1.0000 0.0000 0.0000	</row1>
					<row2>	0.0000 0.0000 1.0000 0.0000	</row2>
					<row3>	0.0000 0.0000 0.0000 1.0000	</row3>
				</transform>
			</node>
			<node>
				<identifier>	MP_WM514_6m_LifeBoat	</identifier>
				<transform>
					<row0>	0.9982 0.0560 -0.0227 0.0000	</row0>
					<row1>	-0.0556 0.9983 0.0150 0.0000	</row1>
					<row2>	0.0235 -0.0137 0.9996 0.0000	</row2>
					<row3>	-0.2565 0.3461 0.1796 1.0000	</row3>
				</transform>
			</node>
			<node>
				<identifier>	MP_WM516_Liferaft_type_20_10ft	</identifier>
				<transform>
					<row0>	-0.0567 0.9979 -0.0314 0.0000	</row0>
					<row1>	-0.9982 -0.0560 0.0227 0.0000	</row1>
					<row2>	0.0209 0.0326 0.9992 0.0000	</row2>
					<row3>	-0.2760 0.2932 1.0231 1.0000	</row3>
				</transform>
			</node>
			<node>
				<identifier>	MP_WM516_Liferaft_type_20_10ft_INDEX_1	</identifier>
				<transform>
					<row0>	-0.0567 -0.9979 0.0314 0.0000	</row0>
					<row1>	0.9982 -0.0560 0.0227 0.0000	</row1>
					<row2>	-0.0209 0.0326 0.9992 0.0000	</row2>
					<row3>	0.2760 0.2936 1.0231 1.0000	</row3>
				</transform>
			</node>
			<node>
				<identifier>	MP_WM516_Liferaft_type_20_10ft_INDEX_2	</identifier>
				<transform>
					<row0>	-0.0567 0.9979 -0.0314 0.0000	</row0>
					<row1>	-0.9982 -0.0560 0.0227 0.0000	</row1>
					<row2>	0.0209 0.0326 0.9992 0.0000	</row2>
					<row3>	-0.2508 0.2946 1.0225 1.0000	</row3>
				</transform>
			</node>
			<node>
				<identifier>	MP_WM516_Liferaft_type_20_10ft_INDEX_3	</identifier>
				<transform>
					<row0>	0.0000 0.7996 -0.0249 0.0000	</row0>
					<row1>	-0.8000 0.0000 0.0018 0.0000	</row1>
					<row2>	0.0018 0.0249 0.7996 0.0000	</row2>
					<row3>	0.0978 0.2994 -0.0946 1.0000	</row3>
				</transform>
			</node>
			<node>
				<identifier>	MP_WM516_Liferaft_type_20_10ft_INDEX_4	</identifier>
				<transform>
					<row0>	-0.0567 -0.9979 0.0314 0.0000	</row0>
					<row1>	0.9982 -0.0560 0.0227 0.0000	</row1>
					<row2>	-0.0209 0.0326 0.9992 0.0000	</row2>
					<row3>	0.2508 0.2950 1.0225 1.0000	</row3>
				</transform>
			</node>
			<node>
				<identifier>	MP_WM516_Liferaft_type_20_10ft_INDEX_5	</identifier>
				<transform>
					<row0>	0.0000 0.0000 1.0000 0.0000	</row0>
					<row1>	0.0000 1.0000 0.0000 0.0000	</row1>
					<row2>	-1.0000 0.0000 0.0000 0.0000	</row2>
					<row3>	0.0000 0.3854 0.1596 1.0000	</row3>
				</transform>
			</node>
			<node>
				<identifier>	MP_WM516_Liferaft_type_20_10ft_INDEX_6	</identifier>
				<transform>
					<row0>	0.0000 0.0000 1.0000 0.0000	</row0>
					<row1>	0.0000 1.0000 0.0000 0.0000	</row1>
					<row2>	-1.0000 0.0000 0.0000 0.0000	</row2>
					<row3>	0.0004 0.4106 0.1596 1.0000	</row3>
				</transform>
			</node>
			<node>
				<identifier>	MP_WM516_Liferaft_type_20_10ft_INDEX_7	</identifier>
				<transform>
					<row0>	0.0000 -0.7996 0.0254 0.0000	</row0>
					<row1>	0.8000 0.0000 0.0002 0.0000	</row1>
					<row2>	-0.0002 0.0254 0.7996 0.0000	</row2>
					<row3>	-0.1000 0.2994 -0.0946 1.0000	</row3>
				</transform>
			</node>
			<node>
				<identifier>	MP_WM517_7_65m_Pinnace_SW	</identifier>
				<transform>
					<row0>	0.9982 -0.0560 0.0227 0.0000	</row0>
					<row1>	0.0567 0.9978 -0.0339 0.0000	</row1>
					<row2>	-0.0208 0.0351 0.9992 0.0000	</row2>
					<row3>	0.2491 0.3857 0.1799 1.0000	</row3>
				</transform>
			</node>
			<node>
				<identifier>	MP_WM524_7_75m_Motor_boat_SW	</identifier>
				<transform>
					<row0>	0.9982 -0.0560 0.0227 0.0000	</row0>
					<row1>	0.0567 0.9979 -0.0314 0.0000	</row1>
					<row2>	-0.0209 0.0326 0.9992 0.0000	</row2>
					<row3>	0.2467 0.3662 1.0266 1.0000	</row3>
				</transform>
			</node>
			<node>
				<identifier>	MP_WM524_7_75m_Motor_boat_SW_INDEX_1	</identifier>
				<transform>
					<row0>	0.9982 0.0560 -0.0227 0.0000	</row0>
					<row1>	-0.0567 0.9979 -0.0314 0.0000	</row1>
					<row2>	0.0209 0.0326 0.9992 0.0000	</row2>
					<row3>	-0.2467 0.3662 1.0266 1.0000	</row3>
				</transform>
			</node>
			<node>
				<identifier>	MP_WM602_Pelorus_SW	</identifier>
				<transform>
					<row0>	0.0000 0.0000 1.0000 0.0000	</row0>
					<row1>	0.0000 1.0000 0.0000 0.0000	</row1>
					<row2>	-1.0000 0.0000 0.0000 0.0000	</row2>
					<row3>	-0.1558 0.6651 2.0246 1.0000	</row3>
				</transform>
			</node>
			<node>
				<identifier>	MP_WM602_Pelorus_SW_INDEX_1	</identifier>
				<transform>
					<row0>	0.0000 0.0000 -1.0000 0.0000	</row0>
					<row1>	0.0000 1.0000 0.0000 0.0000	</row1>
					<row2>	1.0000 0.0000 0.0000 0.0000	</row2>
					<row3>	0.1558 0.6651 2.0246 1.0000	</row3>
				</transform>
			</node>
			<node>
				<identifier>	MP_WM603_Monokular_SW	</identifier>
				<transform>
					<row0>	0.0000 0.0000 -1.0000 0.0000	</row0>
					<row1>	0.0000 1.0000 0.0000 0.0000	</row1>
					<row2>	1.0000 0.0000 0.0000 0.0000	</row2>
					<row3>	0.2973 0.6508 1.7801 1.0000	</row3>
				</transform>
			</node>
			<node>
				<identifier>	MP_WM603_Monokular_SW_INDEX_1	</identifier>
				<transform>
					<row0>	0.0000 0.0000 1.0000 0.0000	</row0>
					<row1>	0.0000 1.0000 0.0000 0.0000	</row1>
					<row2>	-1.0000 0.0000 0.0000 0.0000	</row2>
					<row3>	-0.2973 0.6508 1.7801 1.0000	</row3>
				</transform>
			</node>
			<node>
				<identifier>	MP_WM700_Shell_box	</identifier>
				<transform>
					<row0>	0.5000 0.0000 0.8660 0.0000	</row0>
					<row1>	0.0000 1.0000 0.0000 0.0000	</row1>
					<row2>	-0.8660 0.0000 0.5000 0.0000	</row2>
					<row3>	0.1199 0.2868 2.1395 1.0000	</row3>
				</transform>
			</node>
			<node>
				<identifier>	MP_WM700_Shell_box_INDEX_1	</identifier>
				<transform>
					<row0>	0.3125 0.0000 0.9499 0.0000	</row0>
					<row1>	0.0000 1.0000 0.0000 0.0000	</row1>
					<row2>	-0.9499 0.0000 0.3125 0.0000	</row2>
					<row3>	0.0688 0.2880 2.1625 1.0000	</row3>
				</transform>
			</node>
			<node>
				<identifier>	MP_WM700_Shell_box_INDEX_2	</identifier>
				<transform>
					<row0>	0.3734 0.0000 0.9277 0.0000	</row0>
					<row1>	0.0000 1.0000 0.0000 0.0000	</row1>
					<row2>	-0.9277 0.0000 0.3734 0.0000	</row2>
					<row3>	0.0865 0.2880 2.1562 1.0000	</row3>
				</transform>
			</node>
			<node>
				<identifier>	MP_WM700_Shell_box_INDEX_3	</identifier>
				<transform>
					<row0>	0.1612 0.0000 0.9869 0.0000	</row0>
					<row1>	0.0000 1.0000 0.0000 0.0000	</row1>
					<row2>	-0.9869 0.0000 0.1612 0.0000	</row2>
					<row3>	0.0312 0.2880 2.1718 1.0000	</row3>
				</transform>
			</node>
			<node>
				<identifier>	MP_WM700_Shell_box_INDEX_4	</identifier>
				<transform>
					<row0>	0.4477 0.0000 0.8942 0.0000	</row0>
					<row1>	0.0000 1.0000 0.0000 0.0000	</row1>
					<row2>	-0.8942 0.0000 0.4477 0.0000	</row2>
					<row3>	0.1035 0.2871 2.1485 1.0000	</row3>
				</transform>
			</node>
			<node>
				<identifier>	MP_WM700_Shell_box_INDEX_5	</identifier>
				<transform>
					<row0>	0.2444 0.0000 0.9697 0.0000	</row0>
					<row1>	0.0000 1.0000 0.0000 0.0000	</row1>
					<row2>	-0.9697 0.0000 0.2444 0.0000	</row2>
					<row3>	0.0503 0.2880 2.1681 1.0000	</row3>
				</transform>
			</node>
			<node>
				<identifier>	MP_WM701_Ammo_box_SW	</identifier>
				<transform>
					<row0>	-0.0417 -0.0295 -0.8253 0.0000	</row0>
					<row1>	-0.0707 0.8234 -0.0258 0.0000	</row1>
					<row2>	0.8228 0.0693 -0.0440 0.0000	</row2>
					<row3>	-0.2507 0.2760 2.1282 1.0000	</row3>
				</transform>
			</node>
			<node>
				<identifier>	MP_WM701_Ammo_box_SW_INDEX_1	</identifier>
				<transform>
					<row0>	-0.0417 0.0295 0.8253 0.0000	</row0>
					<row1>	0.0707 0.8234 -0.0258 0.0000	</row1>
					<row2>	-0.8228 0.0693 -0.0440 0.0000	</row2>
					<row3>	0.2507 0.2760 2.1282 1.0000	</row3>
				</transform>
			</node>
			<node>
				<identifier>	MP_WM707_Ammunition_Box	</identifier>
				<transform>
					<row0>	-1.0000 0.0000 0.0003 0.0000	</row0>
					<row1>	0.0000 0.9997 -0.0263 0.0000	</row1>
					<row2>	-0.0003 -0.0263 -0.9997 0.0000	</row2>
					<row3>	0.0000 0.4035 0.7179 1.0000	</row3>
				</transform>
			</node>
			<node>
				<identifier>	MP_WM707_Ammunition_Box_INDEX_1	</identifier>
				<transform>
					<row0>	0.0145 -0.0154 -0.4996 0.0000	</row0>
					<row1>	0.0486 0.4974 -0.0139 0.0000	</row1>
					<row2>	0.4974 -0.0481 0.0160 0.0000	</row2>
					<row3>	0.2707 0.4033 1.6340 1.0000	</row3>
				</transform>
			</node>
			<node>
				<identifier>	MP_WM707_Ammunition_Box_INDEX_2	</identifier>
				<transform>
					<row0>	0.0000 0.0290 0.9996 0.0000	</row0>
					<row1>	0.0000 0.9996 -0.0290 0.0000	</row1>
					<row2>	-1.0000 0.0000 0.0000 0.0000	</row2>
					<row3>	0.0284 0.3946 0.4040 1.0000	</row3>
				</transform>
			</node>
			<node>
				<identifier>	MP_WM707_Ammunition_Box_INDEX_3	</identifier>
				<transform>
					<row0>	0.0145 0.0154 0.4996 0.0000	</row0>
					<row1>	-0.0486 0.4974 -0.0139 0.0000	</row1>
					<row2>	-0.4974 -0.0481 0.0160 0.0000	</row2>
					<row3>	-0.2707 0.4032 1.6340 1.0000	</row3>
				</transform>
			</node>
			<node>
				<identifier>	MP_WM707_Ammunition_Box_INDEX_4	</identifier>
				<transform>
					<row0>	0.0145 0.0154 0.4996 0.0000	</row0>
					<row1>	-0.0439 0.4979 -0.0140 0.0000	</row1>
					<row2>	-0.4979 -0.0435 0.0158 0.0000	</row2>
					<row3>	-0.2689 0.4051 1.6961 1.0000	</row3>
				</transform>
			</node>
			<node>
				<identifier>	MP_WM707_Ammunition_Box_INDEX_5	</identifier>
				<transform>
					<row0>	0.0000 0.0309 0.9995 0.0000	</row0>
					<row1>	0.0000 0.9995 -0.0309 0.0000	</row1>
					<row2>	-1.0000 0.0000 0.0000 0.0000	</row2>
					<row3>	0.0708 0.4119 0.9967 1.0000	</row3>
				</transform>
			</node>
			<node>
				<identifier>	MP_WM707_Ammunition_Box_INDEX_6	</identifier>
				<transform>
					<row0>	0.0000 0.0290 0.9996 0.0000	</row0>
					<row1>	0.0000 0.9996 -0.0290 0.0000	</row1>
					<row2>	-1.0000 0.0000 0.0000 0.0000	</row2>
					<row3>	-0.0284 0.3946 0.4040 1.0000	</row3>
				</transform>
			</node>
			<node>
				<identifier>	MP_WM707_Ammunition_Box_INDEX_7	</identifier>
				<transform>
					<row0>	0.0145 -0.0154 -0.4996 0.0000	</row0>
					<row1>	0.0439 0.4979 -0.0140 0.0000	</row1>
					<row2>	0.4979 -0.0435 0.0158 0.0000	</row2>
					<row3>	0.2689 0.4052 1.6961 1.0000	</row3>
				</transform>
			</node>
			<node>
				<identifier>	MP_WM852_Signal_lamp_SW	</identifier>
				<transform>
					<row0>	1.0000 0.0000 0.0000 0.0000	</row0>
					<row1>	0.0000 1.0000 0.0000 0.0000	</row1>
					<row2>	0.0000 0.0000 1.0000 0.0000	</row2>
					<row3>	0.1831 0.6434 1.8185 1.0000	</row3>
				</transform>
			</node>
			<node>
				<identifier>	MP_WM852_Signal_lamp_SW_INDEX_1	</identifier>
				<transform>
					<row0>	1.0000 0.0000 0.0000 0.0000	</row0>
					<row1>	0.0000 1.0000 0.0000 0.0000	</row1>
					<row2>	0.0000 0.0000 1.0000 0.0000	</row2>
					<row3>	-0.1831 0.6434 1.8185 1.0000	</row3>
				</transform>
			</node>
			<node>
				<identifier>	MP_WM853_60cm_Searchlight_SW	</identifier>
				<transform>
					<row0>	1.0000 0.0000 0.0000 0.0000	</row0>
					<row1>	0.0000 1.0000 0.0000 0.0000	</row1>
					<row2>	0.0000 0.0000 1.0000 0.0000	</row2>
					<row3>	0.0000 0.9051 1.6476 1.0000	</row3>
				</transform>
			</node>
			<node>
				<identifier>	MP_WM901_Paravane_crane_SW	</identifier>
				<transform>
					<row0>	1.0000 0.0000 0.0000 0.0000	</row0>
					<row1>	0.0000 1.0000 0.0000 0.0000	</row1>
					<row2>	0.0000 0.0000 1.0000 0.0000	</row2>
					<row3>	-0.2880 0.2071 -0.0539 1.0000	</row3>
				</transform>
			</node>
			<node>
				<identifier>	MP_WM901_Paravane_crane_SW_INDEX_1	</identifier>
				<transform>
					<row0>	1.0000 0.0000 0.0000 0.0000	</row0>
					<row1>	0.0000 1.0000 0.0000 0.0000	</row1>
					<row2>	0.0000 0.0000 1.0000 0.0000	</row2>
					<row3>	0.2880 0.2071 -0.0539 1.0000	</row3>
				</transform>
			</node>
			<node>
				<identifier>	SP_YMS011_YHWL_M_1_INDEX_1	</identifier>
				<transform>
					<row0>	0.4713 0.0937 -0.0578 0.0000	</row0>
					<row1>	-0.0930 0.4749 0.0114 0.0000	</row1>
					<row2>	0.0589 0.0000 0.4804 0.0000	</row2>
					<row3>	-0.1762 0.0000 2.3613 1.0000	</row3>
				</transform>
			</node>
			<node>
				<identifier>	SP_YMS011_YHWL_M_1_INDEX_2	</identifier>
				<transform>
					<row0>	0.4697 0.1088 -0.0422 0.0000	</row0>
					<row1>	-0.1084 0.4716 0.0097 0.0000	</row1>
					<row2>	0.0433 0.0000 0.4821 0.0000	</row2>
					<row3>	-0.2176 0.0000 1.9518 1.0000	</row3>
				</transform>
			</node>
			<node>
				<identifier>	SP_YMS011_YHWL_M_1_INDEX_3	</identifier>
				<transform>
					<row0>	0.4734 0.0933 -0.0378 0.0000	</row0>
					<row1>	-0.0930 0.4749 0.0074 0.0000	</row1>
					<row2>	0.0386 0.0000 0.4825 0.0000	</row2>
					<row3>	-0.2527 0.0000 1.5430 1.0000	</row3>
				</transform>
			</node>
			<node>
				<identifier>	SP_YMS011_YHWL_M_1_INDEX_4	</identifier>
				<transform>
					<row0>	0.4767 0.0767 -0.0344 0.0000	</row0>
					<row1>	-0.0765 0.4779 0.0055 0.0000	</row1>
					<row2>	0.0348 0.0000 0.4827 0.0000	</row2>
					<row3>	-0.2844 0.0000 1.1331 1.0000	</row3>
				</transform>
			</node>
			<node>
				<identifier>	SP_YMS011_YHWL_M_1_INDEX_5	</identifier>
				<transform>
					<row0>	0.4794 0.0600 -0.0291 0.0000	</row0>
					<row1>	-0.0598 0.4803 0.0036 0.0000	</row1>
					<row2>	0.0293 0.0000 0.4831 0.0000	</row2>
					<row3>	-0.3129 0.0000 0.7235 1.0000	</row3>
				</transform>
			</node>
			<node>
				<identifier>	SP_YMS011_YHWL_M_1_INDEX_6	</identifier>
				<transform>
					<row0>	0.4818 0.0423 -0.0171 0.0000	</row0>
					<row1>	-0.0424 0.4821 0.0000 0.0000	</row1>
					<row2>	0.0171 0.0016 0.4837 0.0000	</row2>
					<row3>	-0.3342 0.0000 0.3138 1.0000	</row3>
				</transform>
			</node>
			<node>
				<identifier>	SP_YMS011_YHWL_M_1_INDEX_7	</identifier>
				<transform>
					<row0>	0.4835 0.0225 0.0008 0.0000	</row0>
					<row1>	-0.0225 0.4835 0.0000 0.0000	</row1>
					<row2>	-0.0008 0.0000 0.4840 0.0000	</row2>
					<row3>	-0.3426 0.0000 -0.0973 1.0000	</row3>
				</transform>
			</node>
			<node>
				<identifier>	SP_YMS012_YHWR_M_1_INDEX_1	</identifier>
				<transform>
					<row0>	0.4713 -0.0937 0.0578 0.0000	</row0>
					<row1>	0.0930 0.4749 0.0114 0.0000	</row1>
					<row2>	-0.0589 0.0000 0.4804 0.0000	</row2>
					<row3>	0.1762 0.0000 2.3613 1.0000	</row3>
				</transform>
			</node>
			<node>
				<identifier>	SP_YMS012_YHWR_M_1_INDEX_2	</identifier>
				<transform>
					<row0>	0.4697 -0.1088 0.0422 0.0000	</row0>
					<row1>	0.1084 0.4716 0.0097 0.0000	</row1>
					<row2>	-0.0433 0.0000 0.4821 0.0000	</row2>
					<row3>	0.2176 0.0000 1.9518 1.0000	</row3>
				</transform>
			</node>
			<node>
				<identifier>	SP_YMS012_YHWR_M_1_INDEX_3	</identifier>
				<transform>
					<row0>	0.4734 -0.0933 0.0378 0.0000	</row0>
					<row1>	0.0930 0.4749 0.0074 0.0000	</row1>
					<row2>	-0.0386 0.0000 0.4825 0.0000	</row2>
					<row3>	0.2527 0.0000 1.5430 1.0000	</row3>
				</transform>
			</node>
			<node>
				<identifier>	SP_YMS012_YHWR_M_1_INDEX_4	</identifier>
				<transform>
					<row0>	0.4767 -0.0767 0.0344 0.0000	</row0>
					<row1>	0.0765 0.4779 0.0055 0.0000	</row1>
					<row2>	-0.0348 0.0000 0.4827 0.0000	</row2>
					<row3>	0.2844 0.0000 1.1331 1.0000	</row3>
				</transform>
			</node>
			<node>
				<identifier>	SP_YMS012_YHWR_M_1_INDEX_5	</identifier>
				<transform>
					<row0>	0.4794 -0.0600 0.0291 0.0000	</row0>
					<row1>	0.0598 0.4803 0.0036 0.0000	</row1>
					<row2>	-0.0293 0.0000 0.4831 0.0000	</row2>
					<row3>	0.3129 0.0000 0.7235 1.0000	</row3>
				</transform>
			</node>
			<node>
				<identifier>	SP_YMS012_YHWR_M_1_INDEX_6	</identifier>
				<transform>
					<row0>	0.4818 -0.0423 0.0171 0.0000	</row0>
					<row1>	0.0424 0.4821 0.0000 0.0000	</row1>
					<row2>	-0.0171 0.0016 0.4837 0.0000	</row2>
					<row3>	0.3342 0.0000 0.3138 1.0000	</row3>
				</transform>
			</node>
			<node>
				<identifier>	SP_YMS012_YHWR_M_1_INDEX_7	</identifier>
				<transform>
					<row0>	0.4835 -0.0225 -0.0008 0.0000	</row0>
					<row1>	0.0225 0.4835 0.0000 0.0000	</row1>
					<row2>	0.0008 0.0000 0.4840 0.0000	</row2>
					<row3>	0.3426 0.0000 -0.0973 1.0000	</row3>
				</transform>
			</node>
			<node>
				<identifier>	SP_YMS021_YHUC_S_1	</identifier>
				<transform>
					<row0>	-0.6061 0.2075 0.0246 0.0000	</row0>
					<row1>	-0.2075 -0.6066 0.0038 0.0000	</row1>
					<row2>	0.0245 -0.0044 0.6406 0.0000	</row2>
					<row3>	-0.1940 -0.1830 0.6286 1.0000	</row3>
				</transform>
			</node>
			<node>
				<identifier>	SP_YMS021_YHUC_S_1_INDEX_1	</identifier>
				<transform>
