<RSA005_Admiral_Nakhimov_1951_Stern_ports.visual>
	<node>
		<identifier>	Scene Root	</identifier>
		<transform>
			<row0>	1.0000 0.0000 0.0000 0.0000	</row0>
			<row1>	0.0000 1.0000 0.0000 0.0000	</row1>
			<row2>	0.0000 0.0000 1.0000 0.0000	</row2>
			<row3>	0.0000 0.0000 0.0000 1.0000	</row3>
		</transform>
		<node>
			<identifier>	Stern_ports	</identifier>
			<transform>
				<row0>	1.0000 0.0000 0.0000 0.0000	</row0>
				<row1>	0.0000 1.0000 0.0000 0.0000	</row1>
				<row2>	0.0000 0.0000 1.0000 0.0000	</row2>
				<row3>	0.0000 0.0000 0.0000 1.0000	</row3>
			</transform>
			<node>
				<identifier>	HP_DeckLand	</identifier>
				<transform>
					<row0>	1.0000 0.0000 0.0000 0.0000	</row0>
					<row1>	0.0000 1.0000 0.0000 0.0000	</row1>
					<row2>	0.0000 0.0000 1.0000 0.0000	</row2>
					<row3>	0.0041 1.2713 -10.4311 1.0000	</row3>
				</transform>
			</node>
			<node>
				<identifier>	HP_Deck_00	</identifier>
				<transform>
					<row0>	1.0000 0.0000 0.0000 0.0000	</row0>
					<row1>	0.0000 1.0000 0.0000 0.0000	</row1>
					<row2>	0.0000 0.0000 1.0000 0.0000	</row2>
					<row3>	0.4022 0.9096 -8.3769 1.0000	</row3>
				</transform>
			</node>
			<node>
				<identifier>	HP_Deck_01	</identifier>
				<transform>
					<row0>	1.0000 0.0000 0.0000 0.0000	</row0>
					<row1>	0.0000 1.0000 0.0000 0.0000	</row1>
					<row2>	0.0000 0.0000 1.0000 0.0000	</row2>
					<row3>	-0.4333 0.9096 -8.0969 1.0000	</row3>
				</transform>
			</node>
			<node>
				<identifier>	HP_Deck_02	</identifier>
				<transform>
					<row0>	1.0000 0.0000 0.0000 0.0000	</row0>
					<row1>	0.0000 1.0000 0.0000 0.0000	</row1>
					<row2>	0.0000 0.0000 1.0000 0.0000	</row2>
					<row3>	0.4001 0.9096 -7.5009 1.0000	</row3>
				</transform>
			</node>
			<node>
				<identifier>	HP_Deck_03	</identifier>
				<transform>
					<row0>	1.0000 0.0000 0.0000 0.0000	</row0>
					<row1>	0.0000 1.0000 0.0000 0.0000	</row1>
					<row2>	0.0000 0.0000 1.0000 0.0000	</row2>
					<row3>	-0.4284 0.9096 -7.1800 1.0000	</row3>
				</transform>
			</node>
			<node>
				<identifier>	HP_Deck_04	</identifier>
				<transform>
					<row0>	1.0000 0.0000 0.0000 0.0000	</row0>
					<row1>	0.0000 1.0000 0.0000 0.0000	</row1>
					<row2>	0.0000 0.0000 1.0000 0.0000	</row2>
					<row3>	0.4823 0.9096 -6.5797 1.0000	</row3>
				</transform>
			</node>
			<node>
				<identifier>	HP_Deck_05	</identifier>
				<transform>
					<row0>	1.0000 0.0000 0.0000 0.0000	</row0>
					<row1>	0.0000 1.0000 0.0000 0.0000	</row1>
					<row2>	0.0000 0.0000 1.0000 0.0000	</row2>
					<row3>	-0.5503 0.9096 -6.2869 1.0000	</row3>
				</transform>
			</node>
			<node>
				<identifier>	HP_Deck_06	</identifier>
				<transform>
					<row0>	0.9996 0.0000 0.0291 0.0000	</row0>
					<row1>	0.0000 1.0000 0.0000 0.0000	</row1>
					<row2>	-0.0291 0.0000 0.9996 0.0000	</row2>
					<row3>	0.5047 0.9096 -5.8024 1.0000	</row3>
				</transform>
			</node>
			<node>
				<identifier>	HP_Deck_07	</identifier>
				<transform>
					<row0>	1.0000 0.0000 0.0015 0.0000	</row0>
					<row1>	0.0000 1.0000 0.0000 0.0000	</row1>
					<row2>	-0.0015 0.0000 1.0000 0.0000	</row2>
					<row3>	-0.5529 0.9096 -5.5435 1.0000	</row3>
				</transform>
			</node>
			<node>
				<identifier>	HP_DisappearPoint	</identifier>
				<transform>
					<row0>	1.0000 0.0000 0.0000 0.0000	</row0>
					<row1>	0.0000 1.0000 0.0000 0.0000	</row1>
					<row2>	0.0000 0.0000 1.0000 0.0000	</row2>
					<row3>	0.0041 1.0119 -9.1676 1.0000	</row3>
				</transform>
			</node>
			<node>
				<identifier>	HP_FX_Fire_4	</identifier>
				<transform>
					<row0>	0.9400 0.0000 0.3410 0.0000	</row0>
					<row1>	0.0000 1.0000 0.0000 0.0000	</row1>
					<row2>	-0.3410 0.0000 0.9400 0.0000	</row2>
					<row3>	0.2575 0.8204 -6.9724 1.0000	</row3>
				</transform>
			</node>
			<node>
				<identifier>	HP_FX_Fire_4_side_1	</identifier>
				<transform>
					<row0>	1.0000 0.0000 0.0000 0.0000	</row0>
					<row1>	0.0000 1.0000 0.0000 0.0000	</row1>
					<row2>	0.0000 0.0000 1.0000 0.0000	</row2>
					<row3>	-0.5747 0.9204 -8.0936 1.0000	</row3>
				</transform>
			</node>
			<node>
				<identifier>	HP_FX_WakeTraceBack	</identifier>
				<transform>
					<row0>	1.0000 0.0000 0.0000 0.0000	</row0>
					<row1>	0.0000 1.0000 0.0000 0.0000	</row1>
					<row2>	0.0000 0.0000 1.0000 0.0000	</row2>
					<row3>	0.0000 0.0000 -8.5476 1.0000	</row3>
				</transform>
			</node>
			<node>
				<identifier>	HP_FX_WakeTrace_screw_1	</identifier>
				<transform>
					<row0>	1.0000 0.0000 0.0000 0.0000	</row0>
					<row1>	0.0000 1.0000 0.0000 0.0000	</row1>
					<row2>	0.0000 0.0000 1.0000 0.0000	</row2>
					<row3>	0.0000 -0.4382 -7.8456 1.0000	</row3>
				</transform>
			</node>
			<node>
				<identifier>	HP_FX_WakeTrace_screw_2	</identifier>
				<transform>
					<row0>	1.0000 0.0000 0.0000 0.0000	</row0>
					<row1>	0.0000 1.0000 0.0000 0.0000	</row1>
					<row2>	0.0000 0.0000 1.0000 0.0000	</row2>
					<row3>	-0.7267 -0.4381 -6.2257 1.0000	</row3>
				</transform>
			</node>
			<node>
				<identifier>	HP_FX_WakeTrace_screw_3	</identifier>
				<transform>
					<row0>	1.0000 0.0000 0.0000 0.0000	</row0>
					<row1>	0.0000 1.0000 0.0000 0.0000	</row1>
					<row2>	0.0000 0.0000 1.0000 0.0000	</row2>
					<row3>	0.7267 -0.4381 -6.2257 1.0000	</row3>
				</transform>
			</node>
			<node>
				<identifier>	HP_Ship_death_3	</identifier>
				<transform>
					<row0>	1.0000 0.0000 0.0000 0.0000	</row0>
					<row1>	0.0000 1.0000 0.0000 0.0000	</row1>
					<row2>	0.0000 0.0000 1.0000 0.0000	</row2>
					<row3>	0.0000 0.0000 -6.0000 1.0000	</row3>
				</transform>
			</node>
			<node>
				<identifier>	MP_CM001_Propeller3_L	</identifier>
				<transform>
					<row0>	1.4232 0.0000 0.0000 0.0000	</row0>
					<row1>	0.0000 1.4232 0.0000 0.0000	</row1>
					<row2>	0.0000 0.0000 1.4232 0.0000	</row2>
					<row3>	0.0000 -0.4382 -7.8456 1.0000	</row3>
				</transform>
			</node>
			<node>
				<identifier>	MP_CM001_Propeller3_L_INDEX_1	</identifier>
				<transform>
					<row0>	1.3489 0.4540 0.0000 0.0000	</row0>
					<row1>	-0.4540 1.3489 0.0000 0.0000	</row1>
					<row2>	0.0000 0.0000 1.4232 0.0000	</row2>
					<row3>	-0.7267 -0.4381 -6.2257 1.0000	</row3>
				</transform>
			</node>
			<node>
				<identifier>	MP_CM011_Fire_Fighting_Gear	</identifier>
				<transform>
					<row0>	1.0000 0.0000 0.0000 0.0000	</row0>
					<row1>	0.0000 1.0000 0.0000 0.0000	</row1>
					<row2>	0.0000 0.0000 1.0000 0.0000	</row2>
					<row3>	-0.8077 0.3478 -5.9783 1.0000	</row3>
				</transform>
			</node>
			<node>
				<identifier>	MP_CM011_Fire_Fighting_Gear_INDEX_1	</identifier>
				<transform>
					<row0>	0.0000 0.0000 -1.0000 0.0000	</row0>
					<row1>	0.0000 1.0000 0.0000 0.0000	</row1>
					<row2>	1.0000 0.0000 0.0000 0.0000	</row2>
					<row3>	-0.1406 0.4125 -7.9934 1.0000	</row3>
				</transform>
			</node>
			<node>
				<identifier>	MP_CM011_Fire_Fighting_Gear_INDEX_2	</identifier>
				<transform>
					<row0>	0.0000 0.0000 1.0000 0.0000	</row0>
					<row1>	0.0000 1.0000 0.0000 0.0000	</row1>
					<row2>	-1.0000 0.0000 0.0000 0.0000	</row2>
					<row3>	0.1406 0.4125 -7.9934 1.0000	</row3>
				</transform>
			</node>
			<node>
				<identifier>	MP_CM011_Fire_Fighting_Gear_INDEX_3	</identifier>
				<transform>
					<row0>	1.0000 0.0013 0.0000 0.0000	</row0>
					<row1>	-0.0013 1.0000 0.0000 0.0000	</row1>
					<row2>	0.0000 0.0000 1.0000 0.0000	</row2>
					<row3>	0.8086 0.3482 -5.9783 1.0000	</row3>
				</transform>
			</node>
			<node>
				<identifier>	MP_CM029_Emergency_Box	</identifier>
				<transform>
					<row0>	0.0000 0.0000 1.0000 0.0000	</row0>
					<row1>	0.0000 1.0000 0.0000 0.0000	</row1>
					<row2>	-1.0000 0.0000 0.0000 0.0000	</row2>
					<row3>	0.7259 0.4259 -6.1166 1.0000	</row3>
				</transform>
			</node>
			<node>
				<identifier>	MP_CM029_Emergency_Box_INDEX_1	</identifier>
				<transform>
					<row0>	0.0000 0.0000 -1.0000 0.0000	</row0>
					<row1>	-0.0006 1.0000 0.0000 0.0000	</row1>
					<row2>	1.0000 0.0006 0.0000 0.0000	</row2>
					<row3>	-0.9715 0.7135 -3.2920 1.0000	</row3>
				</transform>
			</node>
			<node>
				<identifier>	MP_CM029_Emergency_Box_INDEX_2	</identifier>
				<transform>
					<row0>	0.0666 0.0000 -0.9978 0.0000	</row0>
					<row1>	-0.0006 1.0000 0.0000 0.0000	</row1>
					<row2>	0.9978 0.0006 0.0666 0.0000	</row2>
					<row3>	-1.0295 0.8925 -5.8355 1.0000	</row3>
				</transform>
			</node>
			<node>
				<identifier>	MP_CM029_Emergency_Box_INDEX_3	</identifier>
				<transform>
					<row0>	0.0000 0.0000 1.0000 0.0000	</row0>
					<row1>	-0.0006 1.0000 0.0000 0.0000	</row1>
					<row2>	-1.0000 -0.0006 0.0000 0.0000	</row2>
					<row3>	0.9718 0.7109 -4.4628 1.0000	</row3>
				</transform>
			</node>
			<node>
				<identifier>	MP_CM029_Emergency_Box_INDEX_4	</identifier>
				<transform>
					<row0>	0.0000 0.0000 -1.0000 0.0000	</row0>
					<row1>	-0.0006 1.0000 0.0000 0.0000	</row1>
					<row2>	1.0000 0.0006 0.0000 0.0000	</row2>
					<row3>	-0.9713 0.7097 -4.4628 1.0000	</row3>
				</transform>
			</node>
			<node>
				<identifier>	MP_CM029_Emergency_Box_INDEX_5	</identifier>
				<transform>
					<row0>	0.0000 0.0000 -1.0000 0.0000	</row0>
					<row1>	0.0000 1.0000 0.0000 0.0000	</row1>
					<row2>	1.0000 0.0000 0.0000 0.0000	</row2>
					<row3>	-0.7255 0.4259 -6.1166 1.0000	</row3>
				</transform>
			</node>
			<node>
				<identifier>	MP_CM029_Emergency_Box_INDEX_6	</identifier>
				<transform>
					<row0>	0.0666 0.0000 0.9978 0.0000	</row0>
					<row1>	-0.0006 1.0000 0.0000 0.0000	</row1>
					<row2>	-0.9978 -0.0006 0.0666 0.0000	</row2>
					<row3>	1.0297 0.8938 -5.8355 1.0000	</row3>
				</transform>
			</node>
			<node>
				<identifier>	MP_CM030_Swab_Rack_2	</identifier>
				<transform>
					<row0>	-0.6203 0.0000 -0.7844 0.0000	</row0>
					<row1>	0.0000 1.0000 0.0000 0.0000	</row1>
					<row2>	0.7844 0.0000 -0.6203 0.0000	</row2>
					<row3>	0.9843 0.3478 -5.8156 1.0000	</row3>
				</transform>
			</node>
			<node>
				<identifier>	MP_CM030_Swab_Rack_2_INDEX_1	</identifier>
				<transform>
					<row0>	-0.6203 0.0000 0.7844 0.0000	</row0>
					<row1>	0.0000 1.0000 0.0000 0.0000	</row1>
					<row2>	-0.7844 0.0000 -0.6203 0.0000	</row2>
					<row3>	-0.9843 0.3478 -5.8156 1.0000	</row3>
				</transform>
			</node>
			<node>
				<identifier>	MP_CM032_Propeller3_R	</identifier>
				<transform>
					<row0>	1.3489 -0.4540 0.0000 0.0000	</row0>
					<row1>	0.4540 1.3489 0.0000 0.0000	</row1>
					<row2>	0.0000 0.0000 1.4232 0.0000	</row2>
					<row3>	0.7267 -0.4381 -6.2257 1.0000	</row3>
				</transform>
			</node>
			<node>
				<identifier>	MP_CM051_Fire_Fighting_Gear	</identifier>
				<transform>
					<row0>	1.0000 0.0000 0.0000 0.0000	</row0>
					<row1>	0.0000 0.0000 -1.0000 0.0000	</row1>
					<row2>	0.0000 1.0000 0.0000 0.0000	</row2>
					<row3>	0.9652 0.6304 -3.2945 1.0000	</row3>
				</transform>
			</node>
			<node>
				<identifier>	MP_CM051_Fire_Fighting_Gear_INDEX_1	</identifier>
				<transform>
					<row0>	0.9981 0.0000 -0.0623 0.0000	</row0>
					<row1>	-0.0623 0.0000 -0.9981 0.0000	</row1>
					<row2>	0.0000 1.0000 0.0000 0.0000	</row2>
					<row3>	1.0181 0.8399 -5.9116 1.0000	</row3>
				</transform>
			</node>
			<node>
				<identifier>	MP_CM051_Fire_Fighting_Gear_INDEX_10	</identifier>
				<transform>
					<row0>	-0.9922 0.0000 -0.1246 0.0000	</row0>
					<row1>	-0.1246 0.0000 0.9922 0.0000	</row1>
					<row2>	0.0000 1.0000 0.0000 0.0000	</row2>
					<row3>	-0.7152 0.8399 -8.7027 1.0000	</row3>
				</transform>
			</node>
			<node>
				<identifier>	MP_CM051_Fire_Fighting_Gear_INDEX_11	</identifier>
				<transform>
					<row0>	-0.9981 0.0000 -0.0623 0.0000	</row0>
					<row1>	-0.0623 0.0000 0.9981 0.0000	</row1>
					<row2>	0.0000 1.0000 0.0000 0.0000	</row2>
					<row3>	-1.0563 0.8399 -5.3179 1.0000	</row3>
				</transform>
			</node>
			<node>
				<identifier>	MP_CM051_Fire_Fighting_Gear_INDEX_12	</identifier>
				<transform>
					<row0>	-0.9922 0.0000 -0.1246 0.0000	</row0>
					<row1>	-0.1246 0.0000 0.9922 0.0000	</row1>
					<row2>	0.0000 1.0000 0.0000 0.0000	</row2>
					<row3>	-0.8390 0.8399 -7.7192 1.0000	</row3>
				</transform>
			</node>
			<node>
				<identifier>	MP_CM051_Fire_Fighting_Gear_INDEX_13	</identifier>
				<transform>
					<row0>	1.0000 0.0000 0.0000 0.0000	</row0>
					<row1>	0.0000 0.0000 -1.0000 0.0000	</row1>
					<row2>	0.0000 1.0000 0.0000 0.0000	</row2>
					<row3>	0.9652 0.6304 -4.4169 1.0000	</row3>
				</transform>
			</node>
			<node>
				<identifier>	MP_CM051_Fire_Fighting_Gear_INDEX_2	</identifier>
				<transform>
					<row0>	-0.9981 0.0000 -0.0623 0.0000	</row0>
					<row1>	-0.0623 0.0000 0.9981 0.0000	</row1>
					<row2>	0.0000 1.0000 0.0000 0.0000	</row2>
					<row3>	-0.9716 0.8399 -6.6385 1.0000	</row3>
				</transform>
			</node>
			<node>
				<identifier>	MP_CM051_Fire_Fighting_Gear_INDEX_3	</identifier>
				<transform>
					<row0>	0.9981 0.0000 -0.0623 0.0000	</row0>
					<row1>	-0.0623 0.0000 -0.9981 0.0000	</row1>
					<row2>	0.0000 1.0000 0.0000 0.0000	</row2>
					<row3>	1.0563 0.8399 -5.3179 1.0000	</row3>
				</transform>
			</node>
			<node>
				<identifier>	MP_CM051_Fire_Fighting_Gear_INDEX_4	</identifier>
				<transform>
					<row0>	0.9981 0.0000 -0.0623 0.0000	</row0>
					<row1>	-0.0623 0.0000 -0.9981 0.0000	</row1>
					<row2>	0.0000 1.0000 0.0000 0.0000	</row2>
					<row3>	0.9716 0.8399 -6.6385 1.0000	</row3>
				</transform>
			</node>
			<node>
				<identifier>	MP_CM051_Fire_Fighting_Gear_INDEX_5	</identifier>
				<transform>
					<row0>	-0.9981 0.0000 -0.0623 0.0000	</row0>
					<row1>	-0.0623 0.0000 0.9981 0.0000	</row1>
					<row2>	0.0000 1.0000 0.0000 0.0000	</row2>
					<row3>	-1.0181 0.8399 -5.9116 1.0000	</row3>
				</transform>
			</node>
			<node>
				<identifier>	MP_CM051_Fire_Fighting_Gear_INDEX_6	</identifier>
				<transform>
					<row0>	-1.0000 0.0000 0.0000 0.0000	</row0>
					<row1>	0.0000 0.0000 1.0000 0.0000	</row1>
					<row2>	0.0000 1.0000 0.0000 0.0000	</row2>
					<row3>	-0.9652 0.6304 -4.4169 1.0000	</row3>
				</transform>
			</node>
			<node>
				<identifier>	MP_CM051_Fire_Fighting_Gear_INDEX_7	</identifier>
				<transform>
					<row0>	0.9922 0.0000 -0.1246 0.0000	</row0>
					<row1>	-0.1246 0.0000 -0.9922 0.0000	</row1>
					<row2>	0.0000 1.0000 0.0000 0.0000	</row2>
					<row3>	0.8390 0.8399 -7.7192 1.0000	</row3>
				</transform>
			</node>
			<node>
				<identifier>	MP_CM051_Fire_Fighting_Gear_INDEX_8	</identifier>
				<transform>
					<row0>	0.9922 0.0000 -0.1246 0.0000	</row0>
					<row1>	-0.1246 0.0000 -0.9922 0.0000	</row1>
					<row2>	0.0000 1.0000 0.0000 0.0000	</row2>
					<row3>	0.7151 0.8399 -8.7033 1.0000	</row3>
				</transform>
			</node>
			<node>
				<identifier>	MP_CM051_Fire_Fighting_Gear_INDEX_9	</identifier>
				<transform>
					<row0>	-1.0000 0.0000 0.0000 0.0000	</row0>
					<row1>	0.0000 0.0000 1.0000 0.0000	</row1>
					<row2>	0.0000 1.0000 0.0000 0.0000	</row2>
					<row3>	-0.9652 0.6304 -3.2945 1.0000	</row3>
				</transform>
			</node>
			<node>
				<identifier>	MP_CM052_Fender	</identifier>
				<transform>
					<row0>	-0.6510 0.0000 -0.7591 0.0000	</row0>
					<row1>	0.0000 1.0000 0.0000 0.0000	</row1>
					<row2>	0.7591 0.0000 -0.6510 0.0000	</row2>
					<row3>	0.5408 0.3501 -6.6033 1.0000	</row3>
				</transform>
			</node>
			<node>
				<identifier>	MP_CM052_Fender_INDEX_1	</identifier>
				<transform>
					<row0>	-0.6510 0.0000 -0.7591 0.0000	</row0>
					<row1>	0.0000 1.0000 0.0000 0.0000	</row1>
					<row2>	0.7591 0.0000 -0.6510 0.0000	</row2>
					<row3>	0.5898 0.3498 -6.5457 1.0000	</row3>
				</transform>
			</node>
			<node>
				<identifier>	MP_CM052_Fender_INDEX_2	</identifier>
				<transform>
					<row0>	-0.6510 0.0000 0.7591 0.0000	</row0>
					<row1>	0.0000 1.0000 0.0000 0.0000	</row1>
					<row2>	-0.7591 0.0000 -0.6510 0.0000	</row2>
					<row3>	-0.5898 0.3498 -6.5458 1.0000	</row3>
				</transform>
			</node>
			<node>
				<identifier>	MP_CM052_Fender_INDEX_3	</identifier>
				<transform>
					<row0>	-0.6510 0.0000 0.7591 0.0000	</row0>
					<row1>	0.0000 1.0000 0.0000 0.0000	</row1>
					<row2>	-0.7591 0.0000 -0.6510 0.0000	</row2>
					<row3>	-0.5406 0.3501 -6.6032 1.0000	</row3>
				</transform>
			</node>
			<node>
				<identifier>	MP_CM056_Ships_bell	</identifier>
				<transform>
					<row0>	0.0000 0.0000 -1.0000 0.0000	</row0>
					<row1>	0.0000 1.0000 0.0000 0.0000	</row1>
					<row2>	1.0000 0.0000 0.0000 0.0000	</row2>
					<row3>	0.0000 0.5335 -6.9519 1.0000	</row3>
				</transform>
			</node>
			<node>
				<identifier>	MP_CM112_Fire_Extinguisher	</identifier>
				<transform>
					<row0>	1.0000 0.0000 0.0011 0.0000	</row0>
					<row1>	0.0000 1.0000 0.0000 0.0000	</row1>
					<row2>	-0.0011 0.0000 1.0000 0.0000	</row2>
					<row3>	0.9711 0.6784 -4.8187 1.0000	</row3>
				</transform>
			</node>
			<node>
				<identifier>	MP_CM112_Fire_Extinguisher_INDEX_1	</identifier>
				<transform>
					<row0>	1.0000 0.0000 0.0011 0.0000	</row0>
					<row1>	0.0000 1.0000 0.0000 0.0000	</row1>
					<row2>	-0.0011 0.0000 1.0000 0.0000	</row2>
					<row3>	0.9713 0.6784 -3.3300 1.0000	</row3>
				</transform>
			</node>
			<node>
				<identifier>	MP_CM112_Fire_Extinguisher_INDEX_2	</identifier>
				<transform>
					<row0>	-1.0000 0.0000 -0.0011 0.0000	</row0>
					<row1>	0.0000 1.0000 0.0000 0.0000	</row1>
					<row2>	0.0011 0.0000 -1.0000 0.0000	</row2>
					<row3>	-0.9710 0.6784 -3.3841 1.0000	</row3>
				</transform>
			</node>
			<node>
				<identifier>	MP_CM112_Fire_Extinguisher_INDEX_3	</identifier>
				<transform>
					<row0>	-1.0000 0.0000 -0.0011 0.0000	</row0>
					<row1>	0.0000 1.0000 0.0000 0.0000	</row1>
					<row2>	0.0011 0.0000 -1.0000 0.0000	</row2>
					<row3>	-0.9710 0.6784 -4.8208 1.0000	</row3>
				</transform>
			</node>
			<node>
				<identifier>	MP_CM126_Cleat	</identifier>
				<transform>
					<row0>	0.0585 0.0000 -0.9983 0.0000	</row0>
					<row1>	-0.9983 -0.0006 -0.0585 0.0000	</row1>
					<row2>	-0.0006 1.0000 0.0000 0.0000	</row2>
					<row3>	-1.0795 0.4644 -5.0672 1.0000	</row3>
				</transform>
			</node>
			<node>
				<identifier>	MP_CM126_Cleat_INDEX_1	</identifier>
				<transform>
					<row0>	0.0585 0.0000 0.9983 0.0000	</row0>
					<row1>	0.9983 0.0006 -0.0585 0.0000	</row1>
					<row2>	-0.0006 1.0000 0.0000 0.0000	</row2>
					<row3>	1.0795 0.4658 -5.0672 1.0000	</row3>
				</transform>
			</node>
			<node>
				<identifier>	MP_CM126_Cleat_INDEX_2	</identifier>
				<transform>
					<row0>	-0.1125 0.0063 -0.9936 0.0000	</row0>
					<row1>	0.9923 -0.0520 -0.1127 0.0000	</row1>
					<row2>	-0.0524 -0.9986 -0.0004 0.0000	</row2>
					<row3>	0.9506 0.4195 -6.6273 1.0000	</row3>
				</transform>
			</node>
			<node>
				<identifier>	MP_CM126_Cleat_INDEX_3	</identifier>
				<transform>
					<row0>	-0.0860 0.0022 0.9963 0.0000	</row0>
					<row1>	-0.9963 0.0050 -0.0860 0.0000	</row1>
					<row2>	-0.0052 -1.0000 0.0018 0.0000	</row2>
					<row3>	-1.0197 0.4488 -5.9713 1.0000	</row3>
				</transform>
			</node>
			<node>
				<identifier>	MP_CM126_Cleat_INDEX_4	</identifier>
				<transform>
					<row0>	-0.1094 -0.0066 0.9940 0.0000	</row0>
					<row1>	-0.9925 -0.0540 -0.1096 0.0000	</row1>
					<row2>	0.0544 -0.9985 -0.0007 0.0000	</row2>
					<row3>	-0.9522 0.4488 -6.6275 1.0000	</row3>
				</transform>
			</node>
			<node>
				<identifier>	MP_CM126_Cleat_INDEX_5	</identifier>
				<transform>
					<row0>	-0.1125 -0.0063 0.9936 0.0000	</row0>
					<row1>	-0.9923 -0.0520 -0.1127 0.0000	</row1>
					<row2>	0.0524 -0.9986 -0.0004 0.0000	</row2>
					<row3>	-0.9506 0.4195 -6.6273 1.0000	</row3>
				</transform>
			</node>
			<node>
				<identifier>	MP_CM126_Cleat_INDEX_6	</identifier>
				<transform>
					<row0>	-0.1094 0.0066 -0.9940 0.0000	</row0>
					<row1>	0.9925 -0.0540 -0.1096 0.0000	</row1>
					<row2>	-0.0544 -0.9985 -0.0007 0.0000	</row2>
					<row3>	0.9522 0.4488 -6.6275 1.0000	</row3>
				</transform>
			</node>
			<node>
				<identifier>	MP_CM126_Cleat_INDEX_7	</identifier>
				<transform>
					<row0>	-0.0860 -0.0022 -0.9963 0.0000	</row0>
					<row1>	0.9963 0.0050 -0.0860 0.0000	</row1>
					<row2>	0.0052 -1.0000 0.0018 0.0000	</row2>
					<row3>	1.0197 0.4488 -5.9713 1.0000	</row3>
				</transform>
			</node>
			<node>
				<identifier>	MP_CM137_Anchor_Up	</identifier>
				<transform>
					<row0>	0.8405 -0.4355 0.3223 0.0000	</row0>
					<row1>	0.3639 0.8945 0.2599 0.0000	</row1>
					<row2>	-0.4015 -0.1012 0.9103 0.0000	</row2>
					<row3>	0.0025 0.2006 -8.8750 1.0000	</row3>
				</transform>
			</node>
			<node>
				<identifier>	MP_CM138_Anchor_Bottom	</identifier>
				<transform>
					<row0>	0.8436 -0.4275 0.3250 0.0000	</row0>
					<row1>	0.4516 0.8922 0.0015 0.0000	</row1>
					<row2>	-0.2906 0.1455 0.9457 0.0000	</row2>
					<row3>	0.0025 0.2006 -8.8750 1.0000	</row3>
				</transform>
			</node>
			<node>
				<identifier>	MP_RM011_Insulator_2	</identifier>
				<transform>
					<row0>	0.1599 0.0146 -1.4914 0.0000	</row0>
					<row1>	-1.4837 -0.1512 -0.1606 0.0000	</row1>
					<row2>	-0.1519 1.4923 -0.0017 0.0000	</row2>
					<row3>	-0.9515 0.7535 -6.7823 1.0000	</row3>
				</transform>
			</node>
			<node>
				<identifier>	MP_RM021_Screened_speed_light	</identifier>
				<transform>
					<row0>	-1.0000 0.0000 0.0000 0.0000	</row0>
					<row1>	0.0000 1.0000 0.0000 0.0000	</row1>
					<row2>	0.0000 0.0000 -1.0000 0.0000	</row2>
					<row3>	0.0000 0.5208 -8.9647 1.0000	</row3>
				</transform>
			</node>
			<node>
				<identifier>	MP_RM059_Fairlead	</identifier>
				<transform>
					<row0>	1.7095 0.0098 0.1642 0.0000	</row0>
					<row1>	-0.0094 1.7173 -0.0041 0.0000	</row1>
					<row2>	-0.1643 0.0032 1.7095 0.0000	</row2>
					<row3>	-0.9786 0.3468 -6.1135 1.0000	</row3>
				</transform>
			</node>
			<node>
				<identifier>	MP_RM059_Fairlead_INDEX_1	</identifier>
				<transform>
					<row0>	1.6799 -0.0077 0.3566 0.0000	</row0>
					<row1>	-0.0088 1.7156 0.0783 0.0000	</row1>
					<row2>	-0.3566 -0.0784 1.6781 0.0000	</row2>
					<row3>	-0.7678 0.3858 -7.4765 1.0000	</row3>
				</transform>
			</node>
			<node>
				<identifier>	MP_RM059_Fairlead_INDEX_2	</identifier>
				<transform>
					<row0>	1.7095 -0.0076 -0.1642 0.0000	</row0>
					<row1>	0.0072 1.7173 -0.0041 0.0000	</row1>
					<row2>	0.1643 0.0034 1.7095 0.0000	</row2>
					<row3>	0.9795 0.3480 -6.1135 1.0000	</row3>
				</transform>
			</node>
			<node>
				<identifier>	MP_RM059_Fairlead_INDEX_3	</identifier>
				<transform>
					<row0>	1.6799 0.0098 -0.3566 0.0000	</row0>
					<row1>	0.0066 1.7156 0.0783 0.0000	</row1>
					<row2>	0.3567 -0.0780 1.6781 0.0000	</row2>
					<row3>	0.7681 0.3868 -7.4764 1.0000	</row3>
				</transform>
			</node>
			<node>
				<identifier>	MP_RM111_Bollard	</identifier>
				<transform>
					<row0>	-1.0533 -0.0045 0.8136 0.0000	</row0>
					<row1>	-0.0025 1.3309 0.0042 0.0000	</row1>
					<row2>	-0.8136 0.0018 -1.0533 0.0000	</row2>
					<row3>	0.8689 0.3465 -6.3308 1.0000	</row3>
				</transform>
			</node>
			<node>
				<identifier>	MP_RM111_Bollard_INDEX_1	</identifier>
				<transform>
					<row0>	1.3299 0.0000 0.0515 0.0000	</row0>
					<row1>	0.0000 1.3309 0.0000 0.0000	</row1>
					<row2>	-0.0515 0.0000 1.3299 0.0000	</row2>
					<row3>	-1.0706 0.5056 -3.8816 1.0000	</row3>
				</transform>
			</node>
			<node>
				<identifier>	MP_RM111_Bollard_INDEX_2	</identifier>
				<transform>
					<row0>	-1.1154 0.0280 -0.7256 0.0000	</row0>
					<row1>	-0.0048 1.3296 0.0586 0.0000	</row1>
					<row2>	0.7262 0.0517 -1.1142 0.0000	</row2>
					<row3>	0.7071 0.3771 -7.2961 1.0000	</row3>
				</transform>
			</node>
			<node>
				<identifier>	MP_RM111_Bollard_INDEX_3	</identifier>
				<transform>
					<row0>	-1.0533 0.0045 -0.8136 0.0000	</row0>
					<row1>	0.0025 1.3309 0.0042 0.0000	</row1>
					<row2>	0.8136 0.0018 -1.0533 0.0000	</row2>
					<row3>	-0.8708 0.3465 -6.3298 1.0000	</row3>
				</transform>
			</node>
			<node>
				<identifier>	MP_RM111_Bollard_INDEX_4	</identifier>
				<transform>
					<row0>	-1.3256 -0.0032 0.1185 0.0000	</row0>
					<row1>	0.0021 1.3296 0.0589 0.0000	</row1>
					<row2>	-0.1185 0.0589 -1.3243 0.0000	</row2>
					<row3>	0.4596 0.4179 -8.1548 1.0000	</row3>
				</transform>
			</node>
			<node>
				<identifier>	MP_RM111_Bollard_INDEX_5	</identifier>
				<transform>
					<row0>	-1.1154 -0.0280 0.7256 0.0000	</row0>
					<row1>	0.0048 1.3296 0.0586 0.0000	</row1>
					<row2>	-0.7262 0.0517 -1.1142 0.0000	</row2>
					<row3>	-0.7069 0.3771 -7.2955 1.0000	</row3>
				</transform>
			</node>
			<node>
				<identifier>	MP_RM111_Bollard_INDEX_6	</identifier>
				<transform>
					<row0>	1.3299 0.0000 -0.0515 0.0000	</row0>
					<row1>	0.0000 1.3309 0.0000 0.0000	</row1>
					<row2>	0.0515 0.0000 1.3299 0.0000	</row2>
					<row3>	1.0706 0.5056 -3.8816 1.0000	</row3>
				</transform>
			</node>
			<node>
				<identifier>	MP_RM111_Bollard_INDEX_7	</identifier>
				<transform>
					<row0>	-1.3256 0.0032 -0.1185 0.0000	</row0>
					<row1>	-0.0021 1.3296 0.0589 0.0000	</row1>
					<row2>	0.1185 0.0589 -1.3243 0.0000	</row2>
					<row3>	-0.4596 0.4179 -8.1548 1.0000	</row3>
				</transform>
			</node>
			<node>
				<identifier>	MP_RM141_Signal_Lamp	</identifier>
				<transform>
					<row0>	1.2842 0.0000 -0.2021 0.0000	</row0>
					<row1>	0.1952 0.3365 1.2404 0.0000	</row1>
					<row2>	0.0523 -1.2557 0.3324 0.0000	</row2>
					<row3>	0.7831 0.8381 -8.5308 1.0000	</row3>
				</transform>
			</node>
			<node>
				<identifier>	MP_RM145_Turtles_Box	</identifier>
				<transform>
					<row0>	0.0000 0.0000 1.0000 0.0000	</row0>
					<row1>	-0.0006 1.0000 0.0000 0.0000	</row1>
					<row2>	-1.0000 -0.0006 0.0000 0.0000	</row2>
					<row3>	-0.9663 0.6453 -4.7930 1.0000	</row3>
				</transform>
			</node>
			<node>
				<identifier>	MP_RM145_Turtles_Box_INDEX_1	</identifier>
				<transform>
					<row0>	0.0000 0.0000 -1.0000 0.0000	</row0>
					<row1>	-0.0006 1.0000 0.0000 0.0000	</row1>
					<row2>	1.0000 0.0006 0.0000 0.0000	</row2>
					<row3>	0.9669 0.6465 -4.5029 1.0000	</row3>
				</transform>
			</node>
			<node>
				<identifier>	MP_RM145_Turtles_Box_INDEX_2	</identifier>
				<transform>
					<row0>	0.0000 0.0000 1.0000 0.0000	</row0>
					<row1>	-0.0006 1.0000 0.0000 0.0000	</row1>
					<row2>	-1.0000 -0.0006 0.0000 0.0000	</row2>
					<row3>	-0.9660 0.6453 -3.3296 1.0000	</row3>
				</transform>
			</node>
			<node>
				<identifier>	MP_RM145_Turtles_Box_INDEX_3	</identifier>
				<transform>
					<row0>	0.0000 0.0000 -1.0000 0.0000	</row0>
					<row1>	-0.0006 1.0000 0.0000 0.0000	</row1>
					<row2>	1.0000 0.0006 0.0000 0.0000	</row2>
					<row3>	0.9669 0.6465 -4.7930 1.0000	</row3>
				</transform>
			</node>
			<node>
				<identifier>	MP_RM145_Turtles_Box_INDEX_4	</identifier>
				<transform>
					<row0>	0.0000 0.0000 1.0000 0.0000	</row0>
					<row1>	-0.0006 1.0000 0.0000 0.0000	</row1>
					<row2>	-1.0000 -0.0006 0.0000 0.0000	</row2>
					<row3>	-0.9663 0.6453 -4.5029 1.0000	</row3>
				</transform>
			</node>
			<node>
				<identifier>	MP_RM145_Turtles_Box_INDEX_5	</identifier>
				<transform>
					<row0>	-0.0666 0.0000 -0.9978 0.0000	</row0>
					<row1>	-0.0006 1.0000 0.0000 0.0000	</row1>
					<row2>	0.9978 0.0006 -0.0666 0.0000	</row2>
					<row3>	1.0262 0.8421 -5.7986 1.0000	</row3>
				</transform>
			</node>
			<node>
				<identifier>	MP_RM145_Turtles_Box_INDEX_6	</identifier>
				<transform>
					<row0>	-0.0666 0.0000 0.9978 0.0000	</row0>
					<row1>	-0.0006 1.0000 0.0000 0.0000	</row1>
					<row2>	-0.9978 -0.0006 -0.0666 0.0000	</row2>
					<row3>	-1.0311 0.8408 -5.7189 1.0000	</row3>
				</transform>
			</node>
			<node>
				<identifier>	MP_RM200_Running_Lights_B	</identifier>
				<transform>
					<row0>	-1.0000 0.0000 0.0000 0.0000	</row0>
					<row1>	0.0000 1.0000 0.0000 0.0000	</row1>
					<row2>	0.0000 0.0000 -1.0000 0.0000	</row2>
					<row3>	0.0000 0.4364 -8.9208 1.0000	</row3>
				</transform>
			</node>
			<node>
				<identifier>	MP_RM214_Life_Buoy	</identifier>
				<transform>
					<row0>	0.1234 0.0000 -0.9924 0.0000	</row0>
					<row1>	0.0000 1.0000 0.0000 0.0000	</row1>
					<row2>	0.9924 0.0000 0.1234 0.0000	</row2>
					<row3>	-1.0175 0.8978 -6.8102 1.0000	</row3>
				</transform>
			</node>
			<node>
				<identifier>	MP_RM214_Life_Buoy_INDEX_1	</identifier>
				<transform>
					<row0>	0.0571 0.0000 -0.9984 0.0000	</row0>
					<row1>	0.0000 1.0000 0.0000 0.0000	</row1>
					<row2>	0.9984 0.0000 0.0571 0.0000	</row2>
					<row3>	-1.1168 0.8980 -5.3707 1.0000	</row3>
				</transform>
			</node>
			<node>
				<identifier>	MP_RM214_Life_Buoy_INDEX_2	</identifier>
				<transform>
					<row0>	0.1234 0.0000 -0.9924 0.0000	</row0>
					<row1>	0.0000 1.0000 0.0000 0.0000	</row1>
					<row2>	0.9924 0.0000 0.1234 0.0000	</row2>
					<row3>	-0.7914 0.8978 -8.6106 1.0000	</row3>
				</transform>
			</node>
			<node>
				<identifier>	MP_RM214_Life_Buoy_INDEX_3	</identifier>
				<transform>
					<row0>	0.1234 0.0000 0.9924 0.0000	</row0>
					<row1>	0.0000 1.0000 0.0000 0.0000	</row1>
					<row2>	-0.9924 0.0000 0.1234 0.0000	</row2>
					<row3>	0.7914 0.8978 -8.6106 1.0000	</row3>
				</transform>
			</node>
			<node>
				<identifier>	MP_RM214_Life_Buoy_INDEX_4	</identifier>
				<transform>
					<row0>	0.1234 0.0000 0.9924 0.0000	</row0>
					<row1>	0.0000 1.0000 0.0000 0.0000	</row1>
					<row2>	-0.9924 0.0000 0.1234 0.0000	</row2>
					<row3>	1.0175 0.8978 -6.8102 1.0000	</row3>
				</transform>
			</node>
			<node>
				<identifier>	MP_RM214_Life_Buoy_INDEX_5	</identifier>
				<transform>
					<row0>	0.0571 0.0000 0.9984 0.0000	</row0>
					<row1>	0.0000 1.0000 0.0000 0.0000	</row1>
					<row2>	-0.9984 0.0000 0.0571 0.0000	</row2>
					<row3>	1.1168 0.8980 -5.3707 1.0000	</row3>
				</transform>
			</node>
			<node>
				<identifier>	MP_RM216_Captain_cutter_pr378_7_4m	</identifier>
				<transform>
					<row0>	0.9848 0.0000 -0.1736 0.0000	</row0>
					<row1>	0.0000 1.0000 0.0000 0.0000	</row1>
					<row2>	0.1736 0.0000 0.9848 0.0000	</row2>
					<row3>	0.8276 0.4785 -6.8885 1.0000	</row3>
				</transform>
			</node>
			<node>
				<identifier>	MP_RM216_Captain_cutter_pr378_7_4m_INDEX_1	</identifier>
				<transform>
					<row0>	0.9848 0.0000 0.1736 0.0000	</row0>
					<row1>	0.0000 1.0000 0.0000 0.0000	</row1>
					<row2>	-0.1736 0.0000 0.9848 0.0000	</row2>
					<row3>	-0.8276 0.4785 -6.8885 1.0000	</row3>
				</transform>
			</node>
			<node>
				<identifier>	MP_RM225_Alarm	</identifier>
				<transform>
					<row0>	0.0000 0.0000 1.0000 0.0000	</row0>
					<row1>	0.0006 1.0000 0.0000 0.0000	</row1>
					<row2>	-1.0000 0.0006 0.0000 0.0000	</row2>
					<row3>	-0.9653 0.7689 -3.3854 1.0000	</row3>
				</transform>
			</node>
			<node>
				<identifier>	MP_RM225_Alarm_INDEX_1	</identifier>
				<transform>
					<row0>	0.0000 0.0000 1.0000 0.0000	</row0>
					<row1>	0.0006 1.0000 0.0000 0.0000	</row1>
					<row2>	-1.0000 0.0006 0.0000 0.0000	</row2>
					<row3>	-0.9653 0.7710 -4.8410 1.0000	</row3>
				</transform>
			</node>
			<node>
				<identifier>	MP_RM225_Alarm_INDEX_2	</identifier>
				<transform>
					<row0>	0.0000 0.0000 -1.0000 0.0000	</row0>
					<row1>	-0.0006 1.0000 0.0000 0.0000	</row1>
					<row2>	1.0000 0.0006 0.0000 0.0000	</row2>
					<row3>	0.9654 0.7682 -3.3666 1.0000	</row3>
				</transform>
			</node>
			<node>
				<identifier>	MP_RM225_Alarm_INDEX_3	</identifier>
				<transform>
					<row0>	0.0000 0.0000 -1.0000 0.0000	</row0>
					<row1>	-0.0006 1.0000 0.0000 0.0000	</row1>
					<row2>	1.0000 0.0006 0.0000 0.0000	</row2>
					<row3>	0.9654 0.7709 -4.8394 1.0000	</row3>
				</transform>
			</node>
			<node>
				<identifier>	MP_RM236_Telephone	</identifier>
				<transform>
					<row0>	-0.0629 0.0000 -0.9980 0.0000	</row0>
					<row1>	-0.0006 1.0000 0.0000 0.0000	</row1>
					<row2>	0.9980 0.0006 -0.0629 0.0000	</row2>
					<row3>	1.0311 0.8852 -5.7108 1.0000	</row3>
				</transform>
			</node>
			<node>
				<identifier>	MP_RM236_Telephone_INDEX_1	</identifier>
				<transform>
					<row0>	0.0000 0.0000 -1.0000 0.0000	</row0>
					<row1>	-0.0006 1.0000 0.0000 0.0000	</row1>
					<row2>	1.0000 0.0006 0.0000 0.0000	</row2>
					<row3>	0.9653 0.6897 -4.5294 1.0000	</row3>
				</transform>
			</node>
			<node>
				<identifier>	MP_RM236_Telephone_INDEX_2	</identifier>
				<transform>
					<row0>	-0.0629 0.0000 0.9980 0.0000	</row0>
					<row1>	-0.0006 1.0000 0.0000 0.0000	</row1>
					<row2>	-0.9980 -0.0006 -0.0629 0.0000	</row2>
					<row3>	-1.0288 0.8839 -5.7459 1.0000	</row3>
				</transform>
			</node>
			<node>
				<identifier>	MP_RM236_Telephone_INDEX_3	</identifier>
				<transform>
					<row0>	0.0000 0.0000 1.0000 0.0000	</row0>
					<row1>	-0.0006 1.0000 0.0000 0.0000	</row1>
					<row2>	-1.0000 -0.0006 0.0000 0.0000	</row2>
					<row3>	-0.9653 0.6884 -3.3561 1.0000	</row3>
				</transform>
			</node>
			<node>
				<identifier>	MP_RM236_Telephone_INDEX_4	</identifier>
				<transform>
					<row0>	0.0000 0.0000 1.0000 0.0000	</row0>
					<row1>	-0.0006 1.0000 0.0000 0.0000	</row1>
					<row2>	-1.0000 -0.0006 0.0000 0.0000	</row2>
					<row3>	-0.9653 0.6884 -4.7687 1.0000	</row3>
				</transform>
			</node>
			<node>
				<identifier>	MP_RM236_Telephone_INDEX_5	</identifier>
				<transform>
					<row0>	0.0000 0.0000 -1.0000 0.0000	</row0>
					<row1>	-0.0006 1.0000 0.0000 0.0000	</row1>
					<row2>	1.0000 0.0006 0.0000 0.0000	</row2>
					<row3>	0.9653 0.6897 -4.7687 1.0000	</row3>
				</transform>
			</node>
			<node>
				<identifier>	MP_RM236_Telephone_INDEX_6	</identifier>
				<transform>
					<row0>	0.0000 0.0000 1.0000 0.0000	</row0>
					<row1>	-0.0006 1.0000 0.0000 0.0000	</row1>
					<row2>	-1.0000 -0.0006 0.0000 0.0000	</row2>
					<row3>	-0.9653 0.6884 -4.5294 1.0000	</row3>
				</transform>
			</node>
			<node>
				<identifier>	MP_RM249_Coat_of_Arms_USSR	</identifier>
				<transform>
					<row0>	-1.9000 0.0000 0.0000 0.0000	</row0>
					<row1>	0.0000 1.7356 -0.7732 0.0000	</row1>
					<row2>	0.0000 -0.7732 -1.7356 0.0000	</row2>
					<row3>	0.0000 0.8407 -9.0763 1.0000	</row3>
				</transform>
			</node>
			<node>
				<identifier>	MP_RM272_Lifeboat_SPS24	</identifier>
				<transform>
					<row0>	-0.5302 0.8457 -0.0606 0.0000	</row0>
					<row1>	-0.8396 -0.5337 -0.1014 0.0000	</row1>
					<row2>	-0.1181 -0.0029 0.9930 0.0000	</row2>
					<row3>	-0.9377 0.7686 -7.1059 1.0000	</row3>
				</transform>
			</node>
			<node>
				<identifier>	MP_RM272_Lifeboat_SPS24_INDEX_1	</identifier>
				<transform>
					<row0>	-0.8258 -0.5557 0.0966 0.0000	</row0>
					<row1>	0.5515 -0.8314 -0.0680 0.0000	</row1>
					<row2>	0.1181 -0.0029 0.9930 0.0000	</row2>
					<row3>	0.7743 0.7842 -8.3081 1.0000	</row3>
				</transform>
			</node>
			<node>
				<identifier>	MP_RM272_Lifeboat_SPS24_INDEX_10	</identifier>
				<transform>
					<row0>	-0.4276 -0.9036 0.0240 0.0000	</row0>
					<row1>	0.9020 -0.4283 -0.0552 0.0000	</row1>
					<row2>	0.0602 -0.0019 0.9982 0.0000	</row2>
					<row3>	1.0312 0.7646 -6.1488 1.0000	</row3>
				</transform>
			</node>
			<node>
				<identifier>	MP_RM272_Lifeboat_SPS24_INDEX_11	</identifier>
				<transform>
					<row0>	-0.4643 0.8853 -0.0256 0.0000	</row0>
					<row1>	-0.8837 -0.4650 -0.0527 0.0000	</row1>
					<row2>	-0.0586 -0.0019 0.9983 0.0000	</row2>
					<row3>	-0.9965 0.7648 -6.6285 1.0000	</row3>
				</transform>
			</node>
			<node>
				<identifier>	MP_RM272_Lifeboat_SPS24_INDEX_12	</identifier>
				<transform>
					<row0>	-0.4643 -0.8853 0.0256 0.0000	</row0>
					<row1>	0.8837 -0.4650 -0.0527 0.0000	</row1>
					<row2>	0.0586 -0.0019 0.9983 0.0000	</row2>
					<row3>	0.9965 0.7648 -6.6285 1.0000	</row3>
				</transform>
			</node>
			<node>
				<identifier>	MP_RM272_Lifeboat_SPS24_INDEX_13	</identifier>
				<transform>
					<row0>	-0.3984 0.9170 -0.0210 0.0000	</row0>
					<row1>	-0.9155 -0.3989 -0.0521 0.0000	</row1>
					<row2>	-0.0562 -0.0016 0.9984 0.0000	</row2>
					<row3>	-1.0791 0.7642 -5.4195 1.0000	</row3>
				</transform>
			</node>
			<node>
				<identifier>	MP_RM272_Lifeboat_SPS24_INDEX_14	</identifier>
				<transform>
					<row0>	-0.3984 -0.9170 0.0210 0.0000	</row0>
					<row1>	0.9155 -0.3989 -0.0521 0.0000	</row1>
					<row2>	0.0562 -0.0016 0.9984 0.0000	</row2>
					<row3>	1.0791 0.7642 -5.4195 1.0000	</row3>
				</transform>
			</node>
			<node>
				<identifier>	MP_RM272_Lifeboat_SPS24_INDEX_15	</identifier>
				<transform>
					<row0>	-0.4120 0.9110 -0.0183 0.0000	</row0>
					<row1>	-0.9095 -0.4124 -0.0522 0.0000	</row1>
					<row2>	-0.0551 -0.0049 0.9985 0.0000	</row2>
					<row3>	-1.0476 0.7640 -5.9075 1.0000	</row3>
				</transform>
			</node>
			<node>
				<identifier>	MP_RM272_Lifeboat_SPS24_INDEX_16	</identifier>
				<transform>
					<row0>	-0.4276 0.9036 -0.0240 0.0000	</row0>
					<row1>	-0.9020 -0.4283 -0.0552 0.0000	</row1>
					<row2>	-0.0602 -0.0019 0.9982 0.0000	</row2>
					<row3>	-1.0312 0.7646 -6.1488 1.0000	</row3>
				</transform>
			</node>
			<node>
				<identifier>	MP_RM272_Lifeboat_SPS24_INDEX_17	</identifier>
				<transform>
					<row0>	-0.8258 0.5557 -0.0966 0.0000	</row0>
					<row1>	-0.5515 -0.8314 -0.0680 0.0000	</row1>
					<row2>	-0.1181 -0.0029 0.9930 0.0000	</row2>
					<row3>	-0.7743 0.7842 -8.3081 1.0000	</row3>
				</transform>
			</node>
			<node>
				<identifier>	MP_RM272_Lifeboat_SPS24_INDEX_18	</identifier>
				<transform>
					<row0>	-0.5302 -0.8457 0.0606 0.0000	</row0>
					<row1>	0.8396 -0.5337 -0.1014 0.0000	</row1>
					<row2>	0.1181 -0.0029 0.9930 0.0000	</row2>
					<row3>	0.9377 0.7686 -7.1059 1.0000	</row3>
				</transform>
			</node>
			<node>
				<identifier>	MP_RM272_Lifeboat_SPS24_INDEX_19	</identifier>
				<transform>
					<row0>	-0.7572 -0.6473 0.0882 0.0000	</row0>
					<row1>	0.6425 -0.7623 -0.0786 0.0000	</row1>
					<row2>	0.1181 -0.0029 0.9930 0.0000	</row2>
					<row3>	0.8082 0.7798 -8.0668 1.0000	</row3>
				</transform>
			</node>
			<node>
				<identifier>	MP_RM272_Lifeboat_SPS24_INDEX_2	</identifier>
				<transform>
					<row0>	-0.5601 -0.8260 0.0642 0.0000	</row0>
					<row1>	0.8200 -0.5637 -0.0988 0.0000	</row1>
					<row2>	0.1178 -0.0027 0.9930 0.0000	</row2>
					<row3>	0.9060 0.7697 -7.3449 1.0000	</row3>
				</transform>
			</node>
			<node>
				<identifier>	MP_RM272_Lifeboat_SPS24_INDEX_20	</identifier>
				<transform>
					<row0>	-0.4480 -0.8936 0.0272 0.0000	</row0>
					<row1>	0.8919 -0.4489 -0.0548 0.0000	</row1>
					<row2>	0.0612 -0.0003 0.9981 0.0000	</row2>
					<row3>	1.0151 0.7655 -6.3888 1.0000	</row3>
				</transform>
			</node>
			<node>
				<identifier>	MP_RM272_Lifeboat_SPS24_INDEX_21	</identifier>
				<transform>
					<row0>	-0.6991 -0.7104 0.0811 0.0000	</row0>
					<row1>	0.7052 -0.7038 -0.0859 0.0000	</row1>
					<row2>	0.1181 -0.0029 0.9930 0.0000	</row2>
					<row3>	0.8402 0.7762 -7.8249 1.0000	</row3>
				</transform>
			</node>
			<node>
				<identifier>	MP_RM272_Lifeboat_SPS24_INDEX_22	</identifier>
				<transform>
					<row0>	-0.5020 -0.8631 0.0558 0.0000	</row0>
					<row1>	0.8567 -0.5051 -0.1047 0.0000	</row1>
					<row2>	0.1185 -0.0048 0.9929 0.0000	</row2>
					<row3>	0.9691 0.7670 -6.8662 1.0000	</row3>
				</transform>
			</node>
			<node>
				<identifier>	MP_RM272_Lifeboat_SPS24_INDEX_23	</identifier>
				<transform>
					<row0>	-0.6246 0.7776 -0.0720 0.0000	</row0>
					<row1>	-0.7719 -0.6287 -0.0937 0.0000	</row1>
					<row2>	-0.1181 -0.0029 0.9930 0.0000	</row2>
					<row3>	-0.8735 0.7726 -7.5846 1.0000	</row3>
				</transform>
			</node>
			<node>
				<identifier>	MP_RM272_Lifeboat_SPS24_INDEX_3	</identifier>
				<transform>
					<row0>	-0.4120 -0.9110 0.0183 0.0000	</row0>
					<row1>	0.9095 -0.4124 -0.0522 0.0000	</row1>
					<row2>	0.0551 -0.0049 0.9985 0.0000	</row2>
					<row3>	1.0476 0.7640 -5.9075 1.0000	</row3>
				</transform>
			</node>
			<node>
				<identifier>	MP_RM272_Lifeboat_SPS24_INDEX_4	</identifier>
				<transform>
					<row0>	-0.7572 0.6473 -0.0882 0.0000	</row0>
					<row1>	-0.6425 -0.7623 -0.0786 0.0000	</row1>
					<row2>	-0.1181 -0.0029 0.9930 0.0000	</row2>
					<row3>	-0.8082 0.7798 -8.0668 1.0000	</row3>
				</transform>
			</node>
