<RSA005_Admiral_Nakhimov_1951_Bow_ports.visual>
	<node>
		<identifier>	Scene Root	</identifier>
		<transform>
			<row0>	1.0000 0.0000 0.0000 0.0000	</row0>
			<row1>	0.0000 1.0000 0.0000 0.0000	</row1>
			<row2>	0.0000 0.0000 1.0000 0.0000	</row2>
			<row3>	0.0000 0.0000 0.0000 1.0000	</row3>
		</transform>
		<node>
			<identifier>	Bow_ports	</identifier>
			<transform>
				<row0>	1.0000 0.0000 0.0000 0.0000	</row0>
				<row1>	0.0000 1.0000 0.0000 0.0000	</row1>
				<row2>	0.0000 0.0000 1.0000 0.0000	</row2>
				<row3>	0.0000 0.0000 0.0000 1.0000	</row3>
			</transform>
			<node>
				<identifier>	HP_DeckStart	</identifier>
				<transform>
					<row0>	1.0000 0.0000 0.0000 0.0000	</row0>
					<row1>	0.0000 0.9994 -0.0357 0.0000	</row1>
					<row2>	0.0000 0.0357 0.9994 0.0000	</row2>
					<row3>	0.0042 0.9303 4.2678 1.0000	</row3>
				</transform>
			</node>
			<node>
				<identifier>	HP_FX_Death_1	</identifier>
				<transform>
					<row0>	1.0000 0.0000 0.0000 0.0000	</row0>
					<row1>	0.0000 1.0000 0.0000 0.0000	</row1>
					<row2>	0.0000 0.0000 1.0000 0.0000	</row2>
					<row3>	0.0000 0.0000 5.2184 1.0000	</row3>
				</transform>
			</node>
			<node>
				<identifier>	HP_FX_Fire_1	</identifier>
				<transform>
					<row0>	1.0000 0.0000 0.0000 0.0000	</row0>
					<row1>	0.0000 1.0000 0.0000 0.0000	</row1>
					<row2>	0.0000 0.0000 1.0000 0.0000	</row2>
					<row3>	-0.1994 0.8965 6.3209 1.0000	</row3>
				</transform>
			</node>
			<node>
				<identifier>	HP_FX_Fire_1_side_1	</identifier>
				<transform>
					<row0>	1.0000 0.0000 0.0000 0.0000	</row0>
					<row1>	0.0000 1.0000 0.0000 0.0000	</row1>
					<row2>	0.0000 0.0000 1.0000 0.0000	</row2>
					<row3>	-0.4820 0.9427 7.6563 1.0000	</row3>
				</transform>
			</node>
			<node>
				<identifier>	HP_FX_WakeTrace	</identifier>
				<transform>
					<row0>	1.0000 0.0000 0.0000 0.0000	</row0>
					<row1>	0.0000 1.0000 0.0000 0.0000	</row1>
					<row2>	0.0000 0.0000 1.0000 0.0000	</row2>
					<row3>	0.0000 0.0000 8.6485 1.0000	</row3>
				</transform>
			</node>
			<node>
				<identifier>	HP_LiftOffPoint	</identifier>
				<transform>
					<row0>	1.0000 0.0000 0.0000 0.0000	</row0>
					<row1>	0.0000 0.9994 -0.0357 0.0000	</row1>
					<row2>	0.0000 0.0357 0.9994 0.0000	</row2>
					<row3>	0.0042 1.0279 9.3643 1.0000	</row3>
				</transform>
			</node>
			<node>
				<identifier>	HP_Ship_death_1	</identifier>
				<transform>
					<row0>	1.0000 0.0000 0.0000 0.0000	</row0>
					<row1>	0.0000 1.0000 0.0000 0.0000	</row1>
					<row2>	0.0000 0.0000 1.0000 0.0000	</row2>
					<row3>	0.0000 0.0000 4.9400 1.0000	</row3>
				</transform>
			</node>
			<node>
				<identifier>	MP_CM011_Fire_Fighting_Gear	</identifier>
				<transform>
					<row0>	1.0000 0.0000 0.0000 0.0000	</row0>
					<row1>	0.0000 1.0000 0.0000 0.0000	</row1>
					<row2>	0.0000 0.0000 1.0000 0.0000	</row2>
					<row3>	-0.0208 0.6731 8.4563 1.0000	</row3>
				</transform>
			</node>
			<node>
				<identifier>	MP_CM011_Fire_Fighting_Gear_INDEX_1	</identifier>
				<transform>
					<row0>	1.0000 0.0000 0.0000 0.0000	</row0>
					<row1>	0.0000 1.0000 0.0000 0.0000	</row1>
					<row2>	0.0000 0.0000 1.0000 0.0000	</row2>
					<row3>	0.0000 0.5887 7.3100 1.0000	</row3>
				</transform>
			</node>
			<node>
				<identifier>	MP_CM051_Fire_Fighting_Gear	</identifier>
				<transform>
					<row0>	-1.0000 0.0000 0.0000 0.0000	</row0>
					<row1>	0.0000 0.0000 1.0000 0.0000	</row1>
					<row2>	0.0000 1.0000 0.0000 0.0000	</row2>
					<row3>	-0.9660 0.8388 5.4815 1.0000	</row3>
				</transform>
			</node>
			<node>
				<identifier>	MP_CM051_Fire_Fighting_Gear_INDEX_1	</identifier>
				<transform>
					<row0>	-0.9926 0.0000 0.1212 0.0000	</row0>
					<row1>	0.1212 0.0000 0.9926 0.0000	</row1>
					<row2>	0.0000 1.0000 0.0000 0.0000	</row2>
					<row3>	-0.5575 0.9057 8.9381 1.0000	</row3>
				</transform>
			</node>
			<node>
				<identifier>	MP_CM051_Fire_Fighting_Gear_INDEX_2	</identifier>
				<transform>
					<row0>	0.9926 0.0000 0.1212 0.0000	</row0>
					<row1>	0.1212 0.0000 -0.9926 0.0000	</row1>
					<row2>	0.0000 1.0000 0.0000 0.0000	</row2>
					<row3>	0.5575 0.9057 8.9381 1.0000	</row3>
				</transform>
			</node>
			<node>
				<identifier>	MP_CM051_Fire_Fighting_Gear_INDEX_3	</identifier>
				<transform>
					<row0>	0.9926 0.0000 0.1212 0.0000	</row0>
					<row1>	0.1212 0.0000 -0.9926 0.0000	</row1>
					<row2>	0.0000 1.0000 0.0000 0.0000	</row2>
					<row3>	0.7739 0.8495 7.1623 1.0000	</row3>
				</transform>
			</node>
			<node>
				<identifier>	MP_CM051_Fire_Fighting_Gear_INDEX_4	</identifier>
				<transform>
					<row0>	1.0000 0.0000 0.0000 0.0000	</row0>
					<row1>	0.0000 0.0000 -1.0000 0.0000	</row1>
					<row2>	0.0000 1.0000 0.0000 0.0000	</row2>
					<row3>	0.9660 0.8399 4.8699 1.0000	</row3>
				</transform>
			</node>
			<node>
				<identifier>	MP_CM051_Fire_Fighting_Gear_INDEX_5	</identifier>
				<transform>
					<row0>	-0.9926 0.0000 0.1212 0.0000	</row0>
					<row1>	0.1212 0.0000 0.9926 0.0000	</row1>
					<row2>	0.0000 1.0000 0.0000 0.0000	</row2>
					<row3>	-0.7739 0.8495 7.1623 1.0000	</row3>
				</transform>
			</node>
			<node>
				<identifier>	MP_CM051_Fire_Fighting_Gear_INDEX_6	</identifier>
				<transform>
					<row0>	1.0000 0.0000 0.0000 0.0000	</row0>
					<row1>	0.0000 0.0000 -1.0000 0.0000	</row1>
					<row2>	0.0000 1.0000 0.0000 0.0000	</row2>
					<row3>	0.9660 0.8388 5.4815 1.0000	</row3>
				</transform>
			</node>
			<node>
				<identifier>	MP_CM051_Fire_Fighting_Gear_INDEX_7	</identifier>
				<transform>
					<row0>	-1.0000 0.0000 0.0000 0.0000	</row0>
					<row1>	0.0000 0.0000 1.0000 0.0000	</row1>
					<row2>	0.0000 1.0000 0.0000 0.0000	</row2>
					<row3>	-0.9660 0.8399 4.8699 1.0000	</row3>
				</transform>
			</node>
			<node>
				<identifier>	MP_CM052_Fender	</identifier>
				<transform>
					<row0>	-1.0000 0.0000 0.0000 0.0000	</row0>
					<row1>	0.0000 1.0000 0.0000 0.0000	</row1>
					<row2>	0.0000 0.0000 -1.0000 0.0000	</row2>
					<row3>	0.4936 0.5660 7.0132 1.0000	</row3>
				</transform>
			</node>
			<node>
				<identifier>	MP_CM052_Fender_INDEX_1	</identifier>
				<transform>
					<row0>	0.0000 0.0000 -1.0000 0.0000	</row0>
					<row1>	0.0000 1.0000 0.0000 0.0000	</row1>
					<row2>	1.0000 0.0000 0.0000 0.0000	</row2>
					<row3>	-0.7593 0.5128 5.9960 1.0000	</row3>
				</transform>
			</node>
			<node>
				<identifier>	MP_CM052_Fender_INDEX_2	</identifier>
				<transform>
					<row0>	0.8304 0.0000 0.5572 0.0000	</row0>
					<row1>	0.0000 1.0000 0.0000 0.0000	</row1>
					<row2>	-0.5572 0.0000 0.8304 0.0000	</row2>
					<row3>	-0.8075 0.5108 5.2505 1.0000	</row3>
				</transform>
			</node>
			<node>
				<identifier>	MP_CM052_Fender_INDEX_3	</identifier>
				<transform>
					<row0>	0.8304 0.0000 -0.5572 0.0000	</row0>
					<row1>	0.0000 1.0000 0.0000 0.0000	</row1>
					<row2>	0.5572 0.0000 0.8304 0.0000	</row2>
					<row3>	0.8075 0.5108 5.2505 1.0000	</row3>
				</transform>
			</node>
			<node>
				<identifier>	MP_CM052_Fender_INDEX_4	</identifier>
				<transform>
					<row0>	-1.0000 0.0000 0.0000 0.0000	</row0>
					<row1>	0.0000 1.0000 0.0000 0.0000	</row1>
					<row2>	0.0000 0.0000 -1.0000 0.0000	</row2>
					<row3>	-0.4936 0.5660 7.0132 1.0000	</row3>
				</transform>
			</node>
			<node>
				<identifier>	MP_CM052_Fender_INDEX_5	</identifier>
				<transform>
					<row0>	0.0000 0.0000 1.0000 0.0000	</row0>
					<row1>	0.0000 1.0000 0.0000 0.0000	</row1>
					<row2>	-1.0000 0.0000 0.0000 0.0000	</row2>
					<row3>	0.7593 0.5128 5.9960 1.0000	</row3>
				</transform>
			</node>
			<node>
				<identifier>	MP_CM137_Anchor_Up	</identifier>
				<transform>
					<row0>	-0.2873 -0.9200 -0.2667 0.0000	</row0>
					<row1>	-0.0848 0.3018 -0.9496 0.0000	</row1>
					<row2>	0.9541 -0.2502 -0.1647 0.0000	</row2>
					<row3>	0.3139 0.5947 8.3931 1.0000	</row3>
				</transform>
			</node>
			<node>
				<identifier>	MP_CM137_Anchor_Up_INDEX_1	</identifier>
				<transform>
					<row0>	-0.3197 0.9109 0.2609 0.0000	</row0>
					<row1>	0.1730 0.3269 -0.9291 0.0000	</row1>
					<row2>	-0.9316 -0.2519 -0.2621 0.0000	</row2>
					<row3>	-0.4107 0.5702 8.0755 1.0000	</row3>
				</transform>
			</node>
			<node>
				<identifier>	MP_CM137_Anchor_Up_INDEX_2	</identifier>
				<transform>
					<row0>	-0.3197 -0.9109 -0.2609 0.0000	</row0>
					<row1>	-0.1730 0.3269 -0.9291 0.0000	</row1>
					<row2>	0.9316 -0.2519 -0.2621 0.0000	</row2>
					<row3>	0.4107 0.5702 8.0755 1.0000	</row3>
				</transform>
			</node>
			<node>
				<identifier>	MP_CM138_Anchor_Bottom	</identifier>
				<transform>
					<row0>	-0.3173 0.8792 0.3554 0.0000	</row0>
					<row1>	-0.2958 0.2643 -0.9179 0.0000	</row1>
					<row2>	-0.9010 -0.3964 0.1762 0.0000	</row2>
					<row3>	-0.4064 0.5727 8.0694 1.0000	</row3>
				</transform>
			</node>
			<node>
				<identifier>	MP_CM138_Anchor_Bottom_INDEX_1	</identifier>
				<transform>
					<row0>	-0.2875 -0.8931 -0.3460 0.0000	</row0>
					<row1>	0.3710 0.2292 -0.8999 0.0000	</row1>
					<row2>	0.8830 -0.3871 0.2654 0.0000	</row2>
					<row3>	0.3065 0.5977 8.3867 1.0000	</row3>
				</transform>
			</node>
			<node>
				<identifier>	MP_CM138_Anchor_Bottom_INDEX_2	</identifier>
				<transform>
					<row0>	-0.3173 -0.8792 -0.3554 0.0000	</row0>
					<row1>	0.2958 0.2643 -0.9179 0.0000	</row1>
					<row2>	0.9010 -0.3964 0.1762 0.0000	</row2>
					<row3>	0.4064 0.5727 8.0694 1.0000	</row3>
				</transform>
			</node>
			<node>
				<identifier>	MP_RM028_Signal_Lamp	</identifier>
				<transform>
					<row0>	1.4894 0.0000 0.1777 0.0000	</row0>
					<row1>	0.1776 -0.0585 -1.4883 0.0000	</row1>
					<row2>	0.0069 1.4989 -0.0581 0.0000	</row2>
					<row3>	0.6397 0.9155 8.6225 1.0000	</row3>
				</transform>
			</node>
			<node>
				<identifier>	MP_RM059_Fairlead	</identifier>
				<transform>
					<row0>	1.6818 0.0021 -0.3478 0.0000	</row0>
					<row1>	-0.0276 1.7127 -0.1227 0.0000	</row1>
					<row2>	0.3467 0.1257 1.6773 0.0000	</row2>
					<row3>	-0.6610 0.5558 6.9271 1.0000	</row3>
				</transform>
			</node>
			<node>
				<identifier>	MP_RM059_Fairlead_INDEX_1	</identifier>
				<transform>
					<row0>	1.6818 0.0000 0.3478 0.0000	</row0>
					<row1>	0.0254 1.7128 -0.1227 0.0000	</row1>
					<row2>	-0.3469 0.1253 1.6773 0.0000	</row2>
					<row3>	0.6617 0.5567 6.9271 1.0000	</row3>
				</transform>
			</node>
			<node>
				<identifier>	MP_RM059_Fairlead_INDEX_2	</identifier>
				<transform>
					<row0>	1.7011 -0.0091 0.2357 0.0000	</row0>
					<row1>	0.0120 1.7172 -0.0200 0.0000	</row1>
					<row2>	-0.2356 0.0215 1.7010 0.0000	</row2>
					<row3>	0.8008 0.5131 6.1311 1.0000	</row3>
				</transform>
			</node>
			<node>
				<identifier>	MP_RM059_Fairlead_INDEX_3	</identifier>
				<transform>
					<row0>	1.7011 0.0091 -0.2357 0.0000	</row0>
					<row1>	-0.0120 1.7172 -0.0200 0.0000	</row1>
					<row2>	0.2356 0.0215 1.7010 0.0000	</row2>
					<row3>	-0.8008 0.5131 6.1311 1.0000	</row3>
				</transform>
			</node>
			<node>
				<identifier>	MP_RM096_Paravane	</identifier>
				<transform>
					<row0>	0.0013 -1.0000 0.0032 0.0000	</row0>
					<row1>	0.9822 0.0006 -0.1876 0.0000	</row1>
					<row2>	0.1876 0.0034 0.9822 0.0000	</row2>
					<row3>	-0.6112 0.5891 5.6971 1.0000	</row3>
				</transform>
			</node>
			<node>
				<identifier>	MP_RM096_Paravane_INDEX_1	</identifier>
				<transform>
					<row0>	0.0017 -1.0000 0.0026 0.0000	</row0>
					<row1>	0.9822 0.0011 -0.1879 0.0000	</row1>
					<row2>	0.1879 0.0028 0.9822 0.0000	</row2>
					<row3>	-0.5644 0.5899 5.9090 1.0000	</row3>
				</transform>
			</node>
			<node>
				<identifier>	MP_RM096_Paravane_INDEX_2	</identifier>
				<transform>
					<row0>	0.0004 1.0000 -0.0026 0.0000	</row0>
					<row1>	-0.9822 -0.0001 -0.1879 0.0000	</row1>
					<row2>	-0.1879 0.0026 0.9822 0.0000	</row2>
					<row3>	0.5652 0.5904 5.9090 1.0000	</row3>
				</transform>
			</node>
			<node>
				<identifier>	MP_RM096_Paravane_INDEX_3	</identifier>
				<transform>
					<row0>	0.0000 1.0000 -0.0032 0.0000	</row0>
					<row1>	-0.9822 -0.0006 -0.1876 0.0000	</row1>
					<row2>	-0.1876 0.0032 0.9822 0.0000	</row2>
					<row3>	0.6120 0.5897 5.6971 1.0000	</row3>
				</transform>
			</node>
			<node>
				<identifier>	MP_RM111_Bollard	</identifier>
				<transform>
					<row0>	0.7724 -0.0770 -1.0811 0.0000	</row0>
					<row1>	-0.0044 1.3273 -0.0976 0.0000	</row1>
					<row2>	1.0838 0.0602 0.7701 0.0000	</row2>
					<row3>	0.5355 0.5470 6.8096 1.0000	</row3>
				</transform>
			</node>
			<node>
				<identifier>	MP_RM111_Bollard_INDEX_1	</identifier>
				<transform>
					<row0>	1.7699 0.0000 0.0000 0.0000	</row0>
					<row1>	0.0000 1.7644 -0.1399 0.0000	</row1>
					<row2>	0.0000 0.1399 1.7644 0.0000	</row2>
					<row3>	0.1566 0.6043 7.5175 1.0000	</row3>
				</transform>
			</node>
			<node>
				<identifier>	MP_RM111_Bollard_INDEX_2	</identifier>
				<transform>
					<row0>	-0.8531 -0.0103 -1.0215 0.0000	</row0>
					<row1>	-0.0016 1.3309 -0.0120 0.0000	</row1>
					<row2>	1.0216 -0.0065 -0.8531 0.0000	</row2>
					<row3>	0.6712 0.5142 6.3124 1.0000	</row3>
				</transform>
			</node>
			<node>
				<identifier>	MP_RM111_Bollard_INDEX_3	</identifier>
				<transform>
					<row0>	1.7699 0.0000 0.0000 0.0000	</row0>
					<row1>	0.0000 1.7644 -0.1399 0.0000	</row1>
					<row2>	0.0000 0.1399 1.7644 0.0000	</row2>
					<row3>	-0.1566 0.6043 7.5175 1.0000	</row3>
				</transform>
			</node>
			<node>
				<identifier>	MP_RM111_Bollard_INDEX_4	</identifier>
				<transform>
					<row0>	-0.8531 0.0103 1.0215 0.0000	</row0>
					<row1>	0.0016 1.3309 -0.0120 0.0000	</row1>
					<row2>	-1.0216 -0.0065 -0.8531 0.0000	</row2>
					<row3>	-0.6712 0.5142 6.3124 1.0000	</row3>
				</transform>
			</node>
			<node>
				<identifier>	MP_RM111_Bollard_INDEX_5	</identifier>
				<transform>
					<row0>	0.7724 0.0770 1.0811 0.0000	</row0>
					<row1>	0.0044 1.3273 -0.0976 0.0000	</row1>
					<row2>	-1.0838 0.0602 0.7701 0.0000	</row2>
					<row3>	-0.5355 0.5470 6.8096 1.0000	</row3>
				</transform>
			</node>
			<node>
				<identifier>	MP_RM141_Signal_Lamp	</identifier>
				<transform>
					<row0>	1.2893 0.0061 0.1661 0.0000	</row0>
					<row1>	0.1663 -0.0472 -1.2885 0.0000	</row1>
					<row2>	0.0000 1.2991 -0.0476 0.0000	</row2>
					<row3>	0.6647 0.8908 8.4199 1.0000	</row3>
				</transform>
			</node>
			<node>
				<identifier>	MP_RM209_Red_Star	</identifier>
				<transform>
					<row0>	0.5775 0.0063 1.6230 0.0000	</row0>
					<row1>	-0.6001 1.6015 0.2073 0.0000	</row1>
					<row2>	-1.5080 -0.6349 0.5390 0.0000	</row2>
					<row3>	-0.0860 0.6211 8.8005 1.0000	</row3>
				</transform>
			</node>
			<node>
				<identifier>	MP_RM209_Red_Star_INDEX_1	</identifier>
				<transform>
					<row0>	0.5876 0.0000 -1.6194 0.0000	</row0>
					<row1>	0.5970 1.6014 0.2166 0.0000	</row1>
					<row2>	1.5053 -0.6351 0.5462 0.0000	</row2>
					<row3>	0.0860 0.6211 8.8002 1.0000	</row3>
				</transform>
			</node>
			<node>
				<identifier>	MP_RM214_Life_Buoy	</identifier>
				<transform>
					<row0>	-0.1342 0.0000 -0.9909 0.0000	</row0>
					<row1>	0.0000 1.0000 0.0000 0.0000	</row1>
					<row2>	0.9909 0.0000 -0.1342 0.0000	</row2>
					<row3>	-0.6273 0.9672 8.9029 1.0000	</row3>
				</transform>
			</node>
			<node>
				<identifier>	MP_RM214_Life_Buoy_INDEX_1	</identifier>
				<transform>
					<row0>	-0.1241 0.0000 0.9923 0.0000	</row0>
					<row1>	0.0000 1.0000 0.0000 0.0000	</row1>
					<row2>	-0.9923 0.0000 -0.1241 0.0000	</row2>
					<row3>	0.8308 0.9103 7.2250 1.0000	</row3>
				</transform>
			</node>
			<node>
				<identifier>	MP_RM214_Life_Buoy_INDEX_2	</identifier>
				<transform>
					<row0>	-0.1342 0.0000 0.9909 0.0000	</row0>
					<row1>	0.0000 1.0000 0.0000 0.0000	</row1>
					<row2>	-0.9909 0.0000 -0.1342 0.0000	</row2>
					<row3>	0.6273 0.9672 8.9029 1.0000	</row3>
				</transform>
			</node>
			<node>
				<identifier>	MP_RM214_Life_Buoy_INDEX_3	</identifier>
				<transform>
					<row0>	0.1099 0.0000 -0.9939 0.0000	</row0>
					<row1>	0.0000 1.0000 0.0000 0.0000	</row1>
					<row2>	0.9939 0.0000 0.1099 0.0000	</row2>
					<row3>	-1.1359 0.8978 6.2649 1.0000	</row3>
				</transform>
			</node>
			<node>
				<identifier>	MP_RM214_Life_Buoy_INDEX_4	</identifier>
				<transform>
					<row0>	0.1099 0.0000 0.9939 0.0000	</row0>
					<row1>	0.0000 1.0000 0.0000 0.0000	</row1>
					<row2>	-0.9939 0.0000 0.1099 0.0000	</row2>
					<row3>	1.1359 0.8978 6.2649 1.0000	</row3>
				</transform>
			</node>
			<node>
				<identifier>	MP_RM214_Life_Buoy_INDEX_5	</identifier>
				<transform>
					<row0>	-0.1241 0.0000 -0.9923 0.0000	</row0>
					<row1>	0.0000 1.0000 0.0000 0.0000	</row1>
					<row2>	0.9923 0.0000 -0.1241 0.0000	</row2>
					<row3>	-0.8308 0.9103 7.2250 1.0000	</row3>
				</transform>
			</node>
			<node>
				<identifier>	MP_RM254_Anchor_Capstan_Stern	</identifier>
				<transform>
					<row0>	1.1000 0.0000 0.0000 0.0000	</row0>
					<row1>	0.0000 1.3000 0.0000 0.0000	</row1>
					<row2>	0.0000 0.0000 1.1000 0.0000	</row2>
					<row3>	0.0609 0.5520 6.7274 1.0000	</row3>
				</transform>
			</node>
			<node>
				<identifier>	MP_RM254_Anchor_Capstan_Stern_INDEX_1	</identifier>
				<transform>
					<row0>	1.1000 0.0000 0.0000 0.0000	</row0>
					<row1>	0.0000 1.3000 0.0000 0.0000	</row1>
					<row2>	0.0000 0.0000 1.1000 0.0000	</row2>
					<row3>	-0.0609 0.5407 6.5661 1.0000	</row3>
				</transform>
			</node>
			<node>
				<identifier>	MP_RM273_Fire_Hose_Rack_box	</identifier>
				<transform>
					<row0>	0.1190 0.0000 0.9929 0.0000	</row0>
					<row1>	0.0000 1.0000 0.0000 0.0000	</row1>
					<row2>	-0.9929 0.0000 0.1190 0.0000	</row2>
					<row3>	-0.7735 0.9002 7.1623 1.0000	</row3>
				</transform>
			</node>
			<node>
				<identifier>	MP_RM273_Fire_Hose_Rack_box_INDEX_1	</identifier>
				<transform>
					<row0>	1.0000 0.0000 0.0000 0.0000	</row0>
					<row1>	0.0000 1.0000 0.0000 0.0000	</row1>
					<row2>	0.0000 0.0000 1.0000 0.0000	</row2>
					<row3>	0.0562 0.5986 6.0228 1.0000	</row3>
				</transform>
			</node>
			<node>
				<identifier>	MP_RM273_Fire_Hose_Rack_box_INDEX_2	</identifier>
				<transform>
					<row0>	0.0000 0.0000 -1.0000 0.0000	</row0>
					<row1>	0.0000 1.0000 0.0000 0.0000	</row1>
					<row2>	1.0000 0.0000 0.0000 0.0000	</row2>
					<row3>	0.9654 0.8926 4.8699 1.0000	</row3>
				</transform>
			</node>
			<node>
				<identifier>	MP_RM273_Fire_Hose_Rack_box_INDEX_3	</identifier>
				<transform>
					<row0>	0.1190 0.0000 -0.9929 0.0000	</row0>
					<row1>	0.0000 1.0000 0.0000 0.0000	</row1>
					<row2>	0.9929 0.0000 0.1190 0.0000	</row2>
					<row3>	0.7735 0.9002 7.1623 1.0000	</row3>
				</transform>
			</node>
			<node>
				<identifier>	MP_RM273_Fire_Hose_Rack_box_INDEX_4	</identifier>
				<transform>
					<row0>	1.0000 0.0000 0.0000 0.0000	</row0>
					<row1>	0.0000 1.0000 0.0000 0.0000	</row1>
					<row2>	0.0000 0.0000 1.0000 0.0000	</row2>
					<row3>	0.1095 0.5986 6.0228 1.0000	</row3>
				</transform>
			</node>
			<node>
				<identifier>	MP_RM273_Fire_Hose_Rack_box_INDEX_5	</identifier>
				<transform>
					<row0>	0.1190 0.0000 -0.9929 0.0000	</row0>
					<row1>	0.0000 1.0000 0.0000 0.0000	</row1>
					<row2>	0.9929 0.0000 0.1190 0.0000	</row2>
					<row3>	0.5573 0.9544 8.9378 1.0000	</row3>
				</transform>
			</node>
			<node>
				<identifier>	MP_RM273_Fire_Hose_Rack_box_INDEX_6	</identifier>
				<transform>
					<row0>	0.1190 0.0000 0.9929 0.0000	</row0>
					<row1>	0.0000 1.0000 0.0000 0.0000	</row1>
					<row2>	-0.9929 0.0000 0.1190 0.0000	</row2>
					<row3>	-0.5573 0.9544 8.9378 1.0000	</row3>
				</transform>
			</node>
			<node>
				<identifier>	MP_RM273_Fire_Hose_Rack_box_INDEX_7	</identifier>
				<transform>
					<row0>	0.0000 0.0000 1.0000 0.0000	</row0>
					<row1>	0.0000 1.0000 0.0000 0.0000	</row1>
					<row2>	-1.0000 0.0000 0.0000 0.0000	</row2>
					<row3>	-0.9654 0.8926 5.4815 1.0000	</row3>
				</transform>
			</node>
			<node>
				<identifier>	MP_RM273_Fire_Hose_Rack_box_INDEX_8	</identifier>
				<transform>
					<row0>	0.0000 0.0000 1.0000 0.0000	</row0>
					<row1>	0.0000 1.0000 0.0000 0.0000	</row1>
					<row2>	-1.0000 0.0000 0.0000 0.0000	</row2>
					<row3>	-0.9654 0.8926 4.8699 1.0000	</row3>
				</transform>
			</node>
			<node>
				<identifier>	MP_RM273_Fire_Hose_Rack_box_INDEX_9	</identifier>
				<transform>
					<row0>	0.0000 0.0000 -1.0000 0.0000	</row0>
					<row1>	0.0000 1.0000 0.0000 0.0000	</row1>
					<row2>	1.0000 0.0000 0.0000 0.0000	</row2>
					<row3>	0.9654 0.8926 5.4815 1.0000	</row3>
				</transform>
			</node>
			<node>
				<identifier>	MP_RM284_Hatch	</identifier>
				<transform>
					<row0>	0.0000 0.0000 1.0000 0.0000	</row0>
					<row1>	0.0000 1.0000 0.0000 0.0000	</row1>
					<row2>	-1.0000 0.0000 0.0000 0.0000	</row2>
					<row3>	-0.2361 0.5119 6.1457 1.0000	</row3>
				</transform>
			</node>
			<node>
				<identifier>	MP_RM284_Hatch_INDEX_1	</identifier>
				<transform>
					<row0>	1.0000 0.0000 0.0000 0.0000	</row0>
					<row1>	0.0000 1.0000 0.0000 0.0000	</row1>
					<row2>	0.0000 0.0000 1.0000 0.0000	</row2>
					<row3>	0.0000 0.6287 7.8832 1.0000	</row3>
				</transform>
			</node>
			<node>
				<identifier>	MP_RM284_Hatch_INDEX_2	</identifier>
				<transform>
					<row0>	1.0000 0.0000 0.0000 0.0000	</row0>
					<row1>	0.0000 1.0000 0.0000 0.0000	</row1>
					<row2>	0.0000 0.0000 1.0000 0.0000	</row2>
					<row3>	0.0000 0.5147 6.3241 1.0000	</row3>
				</transform>
			</node>
			<node>
				<identifier>	MP_RM284_Hatch_INDEX_3	</identifier>
				<transform>
					<row0>	0.0000 0.0000 -1.0000 0.0000	</row0>
					<row1>	0.0000 1.0000 0.0000 0.0000	</row1>
					<row2>	1.0000 0.0000 0.0000 0.0000	</row2>
					<row3>	0.0675 0.5119 6.1457 1.0000	</row3>
				</transform>
			</node>
			<node>
				<identifier>	MP_RM286_Hatch	</identifier>
				<transform>
					<row0>	-1.0000 0.0000 0.0000 0.0000	</row0>
					<row1>	0.0000 1.0000 0.0000 0.0000	</row1>
					<row2>	0.0000 0.0000 -1.0000 0.0000	</row2>
					<row3>	0.0480 0.6687 8.4563 1.0000	</row3>
				</transform>
			</node>
			<node>
				<identifier>	MP_RM286_Hatch_INDEX_1	</identifier>
				<transform>
					<row0>	-1.0000 0.0000 0.0000 0.0000	</row0>
					<row1>	0.0000 1.0000 0.0000 0.0000	</row1>
					<row2>	0.0000 0.0000 -1.0000 0.0000	</row2>
					<row3>	0.0000 0.5949 7.4364 1.0000	</row3>
				</transform>
			</node>
			<node>
				<identifier>	MP_RM293_Reel	</identifier>
				<transform>
					<row0>	1.0000 0.0000 0.0000 0.0000	</row0>
					<row1>	0.0000 1.0000 0.0000 0.0000	</row1>
					<row2>	0.0000 0.0000 1.0000 0.0000	</row2>
					<row3>	0.2180 0.5127 6.0841 1.0000	</row3>
				</transform>
			</node>
			<node>
				<identifier>	MP_RM293_Reel_INDEX_1	</identifier>
				<transform>
					<row0>	1.0000 0.0000 0.0000 0.0000	</row0>
					<row1>	0.0000 1.0000 0.0000 0.0000	</row1>
					<row2>	0.0000 0.0000 1.0000 0.0000	</row2>
					<row3>	-0.1007 0.5127 6.0841 1.0000	</row3>
				</transform>
			</node>
			<node>
				<identifier>	MP_RM299_Cart_for_Paravane	</identifier>
				<transform>
					<row0>	0.9822 0.0011 -0.1879 0.0000	</row0>
					<row1>	-0.0017 1.0000 -0.0026 0.0000	</row1>
					<row2>	0.1879 0.0028 0.9822 0.0000	</row2>
					<row3>	-0.5440 0.5124 5.9053 1.0000	</row3>
				</transform>
			</node>
			<node>
				<identifier>	MP_RM299_Cart_for_Paravane_INDEX_1	</identifier>
				<transform>
					<row0>	0.9822 0.0006 -0.1876 0.0000	</row0>
					<row1>	-0.0013 1.0000 -0.0032 0.0000	</row1>
					<row2>	0.1876 0.0034 0.9822 0.0000	</row2>
					<row3>	-0.5909 0.5116 5.6934 1.0000	</row3>
				</transform>
			</node>
			<node>
				<identifier>	MP_RM299_Cart_for_Paravane_INDEX_2	</identifier>
				<transform>
					<row0>	-0.9822 -0.0001 -0.1879 0.0000	</row0>
					<row1>	0.0004 1.0000 -0.0026 0.0000	</row1>
					<row2>	0.1879 -0.0026 -0.9822 0.0000	</row2>
					<row3>	0.5447 0.5123 5.9053 1.0000	</row3>
				</transform>
			</node>
			<node>
				<identifier>	MP_RM299_Cart_for_Paravane_INDEX_3	</identifier>
				<transform>
					<row0>	-0.9822 -0.0006 -0.1876 0.0000	</row0>
					<row1>	0.0000 1.0000 -0.0032 0.0000	</row1>
					<row2>	0.1876 -0.0032 -0.9822 0.0000	</row2>
					<row3>	0.5916 0.5116 5.6934 1.0000	</row3>
				</transform>
			</node>
			<node>
				<identifier>	MP_RM344_Crane_Paravane	</identifier>
				<transform>
					<row0>	1.0000 0.0000 0.0000 0.0000	</row0>
					<row1>	0.0000 1.0000 0.0000 0.0000	</row1>
					<row2>	0.0000 0.0000 1.0000 0.0000	</row2>
					<row3>	-0.7682 0.5141 5.4261 1.0000	</row3>
				</transform>
			</node>
			<node>
				<identifier>	MP_RM344_Crane_Paravane_INDEX_1	</identifier>
				<transform>
					<row0>	1.0000 0.0000 0.0000 0.0000	</row0>
					<row1>	0.0000 1.0000 0.0000 0.0000	</row1>
					<row2>	0.0000 0.0000 1.0000 0.0000	</row2>
					<row3>	0.7682 0.5141 5.4261 1.0000	</row3>
				</transform>
			</node>
			<node>
				<identifier>	SP_YMS006_YHBM_L_1	</identifier>
				<transform>
					<row0>	1.3050 0.0000 0.0000 0.0000	</row0>
					<row1>	0.0000 1.2532 0.3639 0.0000	</row1>
					<row2>	0.0000 -0.3639 1.2532 0.0000	</row2>
					<row3>	0.0000 0.7350 9.0988 1.0000	</row3>
				</transform>
			</node>
			<node>
				<identifier>	SP_YMS007_YHBL_L_1	</identifier>
				<transform>
					<row0>	1.3550 0.0000 -0.0805 0.0000	</row0>
					<row1>	0.0000 1.3574 0.0000 0.0000	</row1>
					<row2>	0.0805 0.0000 1.3550 0.0000	</row2>
					<row3>	0.0000 0.5129 8.9785 1.0000	</row3>
				</transform>
			</node>
			<node>
				<identifier>	SP_YMS008_YHBR_L_1	</identifier>
				<transform>
					<row0>	1.3550 0.0000 0.0805 0.0000	</row0>
					<row1>	0.0000 1.3574 0.0000 0.0000	</row1>
					<row2>	-0.0805 0.0000 1.3550 0.0000	</row2>
					<row3>	0.0000 0.5129 8.9785 1.0000	</row3>
				</transform>
			</node>
			<node>
				<identifier>	SP_YMS010_YHWM_L_1	</identifier>
				<transform>
					<row0>	1.1004 0.0000 0.0000 0.0000	</row0>
					<row1>	0.0000 1.1004 0.0000 0.0000	</row1>
					<row2>	0.0000 0.0000 1.1004 0.0000	</row2>
					<row3>	0.0000 0.0000 8.7453 1.0000	</row3>
				</transform>
			</node>
			<node>
				<identifier>	SP_YMS011_YHWL_M_1	</identifier>
				<transform>
					<row0>	1.1123 0.2421 -0.2713 0.0000	</row0>
					<row1>	-0.2363 1.1449 0.0530 0.0000	</row1>
					<row2>	0.2764 0.0044 1.1371 0.0000	</row2>
					<row3>	-0.3954 0.0000 6.8690 1.0000	</row3>
				</transform>
			</node>
			<node>
				<identifier>	SP_YMS011_YHWL_M_1_INDEX_1	</identifier>
				<transform>
					<row0>	1.1285 0.1637 -0.2630 0.0000	</row0>
					<row1>	-0.1594 1.1587 0.0373 0.0000	</row1>
					<row2>	0.2657 -0.0002 1.1397 0.0000	</row2>
					<row3>	-0.6366 0.0000 5.9018 1.0000	</row3>
				</transform>
			</node>
			<node>
				<identifier>	SP_YMS011_YHWL_M_1_INDEX_2	</identifier>
				<transform>
					<row0>	1.1422 0.1520 -0.2044 0.0000	</row0>
					<row1>	-0.1509 1.1603 0.0201 0.0000	</row1>
					<row2>	0.2052 0.0067 1.1521 0.0000	</row2>
					<row3>	-0.8406 0.0000 4.9256 1.0000	</row3>
				</transform>
			</node>
			<node>
				<identifier>	SP_YMS012_YHWR_M_1_INDEX_1	</identifier>
				<transform>
					<row0>	1.1123 -0.2421 0.2713 0.0000	</row0>
					<row1>	0.2363 1.1449 0.0530 0.0000	</row1>
					<row2>	-0.2764 0.0044 1.1371 0.0000	</row2>
					<row3>	0.3954 0.0000 6.8690 1.0000	</row3>
				</transform>
			</node>
			<node>
				<identifier>	SP_YMS012_YHWR_M_1_INDEX_11	</identifier>
				<transform>
					<row0>	1.1285 -0.1637 0.2630 0.0000	</row0>
					<row1>	0.1594 1.1587 0.0373 0.0000	</row1>
					<row2>	-0.2657 -0.0002 1.1397 0.0000	</row2>
					<row3>	0.6366 0.0000 5.9018 1.0000	</row3>
				</transform>
			</node>
			<node>
				<identifier>	SP_YMS012_YHWR_M_1_INDEX_4	</identifier>
				<transform>
					<row0>	1.1422 -0.1520 0.2044 0.0000	</row0>
					<row1>	0.1509 1.1603 0.0201 0.0000	</row1>
					<row2>	-0.2052 0.0067 1.1521 0.0000	</row2>
					<row3>	0.8406 0.0000 4.9256 1.0000	</row3>
				</transform>
			</node>
			<node>
				<identifier>	SP_YMS020_YHBU_M_1	</identifier>
				<transform>
					<row0>	1.0000 0.0000 0.0000 0.0000	</row0>
					<row1>	0.0000 1.4018 0.0000 0.0000	</row1>
					<row2>	0.0000 0.0000 1.4018 0.0000	</row2>
					<row3>	0.0000 -0.0636 8.4121 1.0000	</row3>
				</transform>
			</node>
			<node>
				<identifier>	SP_YMS055_YHDB_M_1	</identifier>
				<transform>
					<row0>	0.7320 0.0000 0.0000 0.0000	</row0>
					<row1>	0.0000 1.0000 0.0000 0.0000	</row1>
					<row2>	0.0000 0.0000 0.7320 0.0000	</row2>
					<row3>	0.0000 0.9107 5.5165 1.0000	</row3>
				</transform>
			</node>
			<node>
				<identifier>	SP_YMS080_YHSL_M_1_INDEX_2	</identifier>
				<transform>
					<row0>	0.7644 0.3858 -0.1369 0.0000	</row0>
					<row1>	-0.3813 0.7765 0.0588 0.0000	</row1>
					<row2>	0.1488 0.0084 0.8542 0.0000	</row2>
					<row3>	-0.6807 0.3549 5.8786 1.0000	</row3>
				</transform>
			</node>
			<node>
				<identifier>	SP_YMS080_YHSL_M_1_INDEX_3	</identifier>
				<transform>
					<row0>	0.7308 0.6594 -0.1764 0.0000	</row0>
					<row1>	-0.6468 0.7515 0.1298 0.0000	</row1>
					<row2>	0.2182 0.0192 0.9757 0.0000	</row2>
					<row3>	-0.4981 0.4822 7.1593 1.0000	</row3>
				</transform>
			</node>
			<node>
				<identifier>	SP_YMS081_YHSR_M_1_INDEX_1	</identifier>
				<transform>
					<row0>	0.7308 -0.6594 0.1764 0.0000	</row0>
					<row1>	0.6468 0.7515 0.1298 0.0000	</row1>
					<row2>	-0.2182 0.0192 0.9757 0.0000	</row2>
					<row3>	0.4981 0.4822 7.1593 1.0000	</row3>
				</transform>
			</node>
			<node>
				<identifier>	SP_YMS081_YHSR_M_1_INDEX_2	</identifier>
				<transform>
					<row0>	0.7644 -0.3858 0.1369 0.0000	</row0>
					<row1>	0.3813 0.7765 0.0588 0.0000	</row1>
					<row2>	-0.1488 0.0084 0.8542 0.0000	</row2>
					<row3>	0.6807 0.3549 5.8786 1.0000	</row3>
				</transform>
			</node>
		</node>
	</node>
	<boundingBox>
		<min>	-0.0667 -0.0667 -0.0667	</min>
		<max>	0.0667 0.0667 0.0667	</max>
	</boundingBox>
</RSA005_Admiral_Nakhimov_1951_Bow_ports.visual>
