<ZSD010_Shen_Yang_1939_MidFront_ports.visual>
	<node>
		<identifier>	Scene Root	</identifier>
		<transform>
			<row0>	1.0000 0.0000 0.0000 0.0000	</row0>
			<row1>	0.0000 1.0000 0.0000 0.0000	</row1>
			<row2>	0.0000 0.0000 1.0000 0.0000	</row2>
			<row3>	0.0000 0.0000 0.0000 1.0000	</row3>
		</transform>
		<node>
			<identifier>	MidFront_ports	</identifier>
			<transform>
				<row0>	1.0000 0.0000 0.0000 0.0000	</row0>
				<row1>	0.0000 1.0000 0.0000 0.0000	</row1>
				<row2>	0.0000 0.0000 1.0000 0.0000	</row2>
				<row3>	0.0000 0.0000 0.0000 1.0000	</row3>
			</transform>
			<node>
				<identifier>	HP_FX_Death_2	</identifier>
				<transform>
					<row0>	1.0000 0.0000 0.0000 0.0000	</row0>
					<row1>	0.0000 1.0000 0.0000 0.0000	</row1>
					<row2>	0.0000 0.0000 1.0000 0.0000	</row2>
					<row3>	0.0000 0.0000 -0.3589 1.0000	</row3>
				</transform>
			</node>
			<node>
				<identifier>	HP_FX_Fire_2	</identifier>
				<transform>
					<row0>	1.0000 0.0000 0.0000 0.0000	</row0>
					<row1>	0.0000 1.0000 0.0000 0.0000	</row1>
					<row2>	0.0000 0.0000 1.0000 0.0000	</row2>
					<row3>	0.0000 0.3579 1.2028 1.0000	</row3>
				</transform>
			</node>
			<node>
				<identifier>	HP_FX_Fire_2_side_1	</identifier>
				<transform>
					<row0>	1.0000 0.0000 0.0000 0.0000	</row0>
					<row1>	0.0000 1.0000 0.0000 0.0000	</row1>
					<row2>	0.0000 0.0000 1.0000 0.0000	</row2>
					<row3>	-0.2555 0.3379 -0.3183 1.0000	</row3>
				</transform>
			</node>
			<node>
				<identifier>	HP_FX_Fire_2_side_2	</identifier>
				<transform>
					<row0>	1.0000 0.0000 0.0000 0.0000	</row0>
					<row1>	0.0000 1.0000 0.0000 0.0000	</row1>
					<row2>	0.0000 0.0000 1.0000 0.0000	</row2>
					<row3>	0.2363 0.2039 0.0630 1.0000	</row3>
				</transform>
			</node>
			<node>
				<identifier>	HP_FX_FloodLight_left_2	</identifier>
				<transform>
					<row0>	-1.0000 0.0000 0.0000 0.0000	</row0>
					<row1>	0.0000 1.0000 0.0000 0.0000	</row1>
					<row2>	0.0000 0.0000 -1.0000 0.0000	</row2>
					<row3>	-0.0790 0.5077 0.9595 1.0000	</row3>
				</transform>
			</node>
			<node>
				<identifier>	HP_FX_FloodLight_right_2	</identifier>
				<transform>
					<row0>	1.0000 0.0000 0.0000 0.0000	</row0>
					<row1>	0.0000 1.0000 0.0000 0.0000	</row1>
					<row2>	0.0000 0.0000 1.0000 0.0000	</row2>
					<row3>	0.0790 0.4928 0.9655 1.0000	</row3>
				</transform>
			</node>
			<node>
				<identifier>	HP_FX_Flood_steam_1	</identifier>
				<transform>
					<row0>	1.0000 0.0000 0.0000 0.0000	</row0>
					<row1>	0.0000 0.9651 -0.2620 0.0000	</row1>
					<row2>	0.0000 0.2620 0.9651 0.0000	</row2>
					<row3>	0.0380 0.5587 0.8200 1.0000	</row3>
				</transform>
			</node>
			<node>
				<identifier>	HP_FX_Flood_steam_2	</identifier>
				<transform>
					<row0>	1.0000 0.0000 0.0000 0.0000	</row0>
					<row1>	0.0000 0.9876 -0.1568 0.0000	</row1>
					<row2>	0.0000 0.1568 0.9876 0.0000	</row2>
					<row3>	0.0030 0.6658 -0.1219 1.0000	</row3>
				</transform>
			</node>
			<node>
				<identifier>	HP_FX_Flood_steam_exhaust_1	</identifier>
				<transform>
					<row0>	1.0000 0.0000 0.0000 0.0000	</row0>
					<row1>	0.0000 0.9954 -0.0961 0.0000	</row1>
					<row2>	0.0000 0.0961 0.9954 0.0000	</row2>
					<row3>	0.0490 0.6150 1.0605 1.0000	</row3>
				</transform>
			</node>
			<node>
				<identifier>	HP_FX_Flood_steam_exhaust_2	</identifier>
				<transform>
					<row0>	1.0000 0.0000 0.0000 0.0000	</row0>
					<row1>	0.0000 1.0000 0.0000 0.0000	</row1>
					<row2>	0.0000 0.0000 1.0000 0.0000	</row2>
					<row3>	-0.0010 0.7706 0.1139 1.0000	</row3>
				</transform>
			</node>
			<node>
				<identifier>	HP_FX_Flood_water_left	</identifier>
				<transform>
					<row0>	-1.0000 0.0000 0.0000 0.0000	</row0>
					<row1>	0.0000 1.0000 0.0000 0.0000	</row1>
					<row2>	0.0000 0.0000 -1.0000 0.0000	</row2>
					<row3>	-0.2979 0.0939 -1.0761 1.0000	</row3>
				</transform>
			</node>
			<node>
				<identifier>	HP_FX_Flood_water_left_2	</identifier>
				<transform>
					<row0>	-1.0000 0.0000 0.0000 0.0000	</row0>
					<row1>	0.0000 1.0000 0.0000 0.0000	</row1>
					<row2>	0.0000 0.0000 -1.0000 0.0000	</row2>
					<row3>	-0.2979 0.0872 0.4828 1.0000	</row3>
				</transform>
			</node>
			<node>
				<identifier>	HP_FX_Flood_water_right	</identifier>
				<transform>
					<row0>	1.0000 0.0000 0.0000 0.0000	</row0>
					<row1>	0.0000 1.0000 0.0000 0.0000	</row1>
					<row2>	0.0000 0.0000 1.0000 0.0000	</row2>
					<row3>	0.2979 0.0910 -1.0756 1.0000	</row3>
				</transform>
			</node>
			<node>
				<identifier>	HP_FX_Flood_water_right_2	</identifier>
				<transform>
					<row0>	1.0000 0.0000 0.0000 0.0000	</row0>
					<row1>	0.0000 1.0000 0.0000 0.0000	</row1>
					<row2>	0.0000 0.0000 1.0000 0.0000	</row2>
					<row3>	0.2979 0.0900 0.4844 1.0000	</row3>
				</transform>
			</node>
			<node>
				<identifier>	HP_FX_Smoke_1	</identifier>
				<transform>
					<row0>	1.0000 0.0000 0.0000 0.0000	</row0>
					<row1>	0.0000 0.9960 -0.0897 0.0000	</row1>
					<row2>	0.0000 0.0897 0.9960 0.0000	</row2>
					<row3>	0.0000 0.6738 0.9464 1.0000	</row3>
				</transform>
			</node>
			<node>
				<identifier>	HP_FX_Smoke_2	</identifier>
				<transform>
					<row0>	1.0000 0.0000 0.0000 0.0000	</row0>
					<row1>	0.0000 0.9941 -0.1086 0.0000	</row1>
					<row2>	0.0000 0.1086 0.9941 0.0000	</row2>
					<row3>	0.0000 0.6418 0.0159 1.0000	</row3>
				</transform>
			</node>
			<node>
				<identifier>	HP_JF_1	</identifier>
				<transform>
					<row0>	1.0000 0.0000 0.0000 0.0000	</row0>
					<row1>	0.0000 1.0000 0.0000 0.0000	</row1>
					<row2>	0.0000 0.0000 1.0000 0.0000	</row2>
					<row3>	0.0000 0.6234 1.4427 1.0000	</row3>
				</transform>
			</node>
			<node>
				<identifier>	HP_JF_2	</identifier>
				<transform>
					<row0>	1.0000 0.0000 0.0000 0.0000	</row0>
					<row1>	0.0000 1.0000 0.0000 0.0000	</row1>
					<row2>	0.0000 0.0000 1.0000 0.0000	</row2>
					<row3>	0.0000 0.6234 1.4427 1.0000	</row3>
				</transform>
			</node>
			<node>
				<identifier>	HP_ZF_1	</identifier>
				<transform>
					<row0>	1.0000 0.0000 0.0000 0.0000	</row0>
					<row1>	0.0000 1.0000 0.0000 0.0000	</row1>
					<row2>	0.0000 0.0000 1.0000 0.0000	</row2>
					<row3>	0.0000 0.6407 1.3426 1.0000	</row3>
				</transform>
			</node>
			<node>
				<identifier>	HP_ZGM_2	</identifier>
				<transform>
					<row0>	1.0000 0.0000 0.0000 0.0000	</row0>
					<row1>	0.0000 1.0000 0.0000 0.0000	</row1>
					<row2>	0.0000 0.0000 1.0000 0.0000	</row2>
					<row3>	0.0000 0.3482 0.5101 1.0000	</row3>
				</transform>
			</node>
			<node>
				<identifier>	HP_ZGT_2	</identifier>
				<transform>
					<row0>	1.0000 0.0000 0.0000 0.0000	</row0>
					<row1>	0.0000 1.0000 0.0000 0.0000	</row1>
					<row2>	0.0000 0.0000 1.0000 0.0000	</row2>
					<row3>	0.0000 0.2177 -0.9886 1.0000	</row3>
				</transform>
			</node>
			<node>
				<identifier>	HP_flag_1	</identifier>
				<transform>
					<row0>	0.9871 -0.1602 -0.0061 0.0000	</row0>
					<row1>	0.1602 0.9842 0.0756 0.0000	</row1>
					<row2>	-0.0061 -0.0756 0.9971 0.0000	</row2>
					<row3>	0.1967 1.0911 1.2495 1.0000	</row3>
				</transform>
			</node>
			<node>
				<identifier>	HP_flag_2	</identifier>
				<transform>
					<row0>	0.9732 0.2300 0.0087 0.0000	</row0>
					<row1>	-0.2300 0.9703 0.0746 0.0000	</row1>
					<row2>	0.0087 -0.0746 0.9972 0.0000	</row2>
					<row3>	-0.1938 1.0837 1.2489 1.0000	</row3>
				</transform>
			</node>
			<node>
				<identifier>	HP_flag_3	</identifier>
				<transform>
					<row0>	1.0000 0.0098 0.0004 0.0000	</row0>
					<row1>	-0.0098 0.9970 0.0765 0.0000	</row1>
					<row2>	0.0004 -0.0765 0.9971 0.0000	</row2>
					<row3>	0.0876 1.0904 1.2494 1.0000	</row3>
				</transform>
			</node>
			<node>
				<identifier>	HP_flag_4	</identifier>
				<transform>
					<row0>	0.9986 0.0524 0.0020 0.0000	</row0>
					<row1>	-0.0524 0.9957 0.0764 0.0000	</row1>
					<row2>	0.0020 -0.0764 0.9971 0.0000	</row2>
					<row3>	-0.0866 1.0901 1.2494 1.0000	</row3>
				</transform>
			</node>
			<node>
				<identifier>	HP_flag_courtesy	</identifier>
				<transform>
					<row0>	1.0000 -0.0058 0.0002 0.0000	</row0>
					<row1>	0.0058 0.9987 -0.0516 0.0000	</row1>
					<row2>	0.0002 0.0516 0.9987 0.0000	</row2>
					<row3>	0.1039 1.3568 1.1676 1.0000	</row3>
				</transform>
			</node>
			<node>
				<identifier>	HP_flag_house	</identifier>
				<transform>
					<row0>	0.9980 0.0634 -0.0016 0.0000	</row0>
					<row1>	-0.0634 0.9967 -0.0512 0.0000	</row1>
					<row2>	-0.0016 0.0512 0.9987 0.0000	</row2>
					<row3>	-0.1035 1.3568 1.1676 1.0000	</row3>
				</transform>
			</node>
			<node>
				<identifier>	HP_flag_rank	</identifier>
				<transform>
					<row0>	1.0000 0.0000 0.0000 0.0000	</row0>
					<row1>	0.0000 0.9970 -0.0776 0.0000	</row1>
					<row2>	0.0000 0.0776 0.9970 0.0000	</row2>
					<row3>	-0.0003 1.7902 1.1773 1.0000	</row3>
				</transform>
			</node>
			<node>
				<identifier>	MP_CM011_Fire_Fighting_Gear	</identifier>
				<transform>
					<row0>	1.0000 0.0000 0.0000 0.0000	</row0>
					<row1>	0.0000 1.0000 0.0000 0.0000	</row1>
					<row2>	0.0000 0.0000 1.0000 0.0000	</row2>
					<row3>	0.0904 0.2005 0.5677 1.0000	</row3>
				</transform>
			</node>
			<node>
				<identifier>	MP_CM011_Fire_Fighting_Gear_INDEX_1	</identifier>
				<transform>
					<row0>	1.0000 0.0000 0.0000 0.0000	</row0>
					<row1>	0.0000 1.0000 0.0000 0.0000	</row1>
					<row2>	0.0000 0.0000 1.0000 0.0000	</row2>
					<row3>	-0.0930 0.2006 0.5847 1.0000	</row3>
				</transform>
			</node>
			<node>
				<identifier>	MP_CM012_Fire_Hose_Rack_1	</identifier>
				<transform>
					<row0>	1.0000 0.0000 0.0000 0.0000	</row0>
					<row1>	0.0000 1.0000 0.0000 0.0000	</row1>
					<row2>	0.0000 0.0000 1.0000 0.0000	</row2>
					<row3>	-0.0822 0.2606 0.4873 1.0000	</row3>
				</transform>
			</node>
			<node>
				<identifier>	MP_CM012_Fire_Hose_Rack_1_INDEX_1	</identifier>
				<transform>
					<row0>	-1.0000 0.0000 0.0000 0.0000	</row0>
					<row1>	0.0000 1.0000 0.0000 0.0000	</row1>
					<row2>	0.0000 0.0000 -1.0000 0.0000	</row2>
					<row3>	0.0818 0.2838 0.5786 1.0000	</row3>
				</transform>
			</node>
			<node>
				<identifier>	MP_CM019_Wood_Box_2	</identifier>
				<transform>
					<row0>	1.0000 0.0000 0.0000 0.0000	</row0>
					<row1>	0.0000 1.0000 0.0000 0.0000	</row1>
					<row2>	0.0000 0.0000 1.0000 0.0000	</row2>
					<row3>	-0.0945 0.2004 0.4790 1.0000	</row3>
				</transform>
			</node>
			<node>
				<identifier>	MP_CM029_Emergency_Box	</identifier>
				<transform>
					<row0>	0.5869 0.0087 0.8096 0.0000	</row0>
					<row1>	-0.0157 0.9999 0.0007 0.0000	</row1>
					<row2>	-0.8095 -0.0131 0.5870 0.0000	</row2>
					<row3>	-0.1947 0.5340 1.5046 1.0000	</row3>
				</transform>
			</node>
			<node>
				<identifier>	MP_CM029_Emergency_Box_INDEX_1	</identifier>
				<transform>
					<row0>	0.0000 0.0000 1.0000 0.0000	</row0>
					<row1>	0.0000 1.0000 0.0000 0.0000	</row1>
					<row2>	-1.0000 0.0000 0.0000 0.0000	</row2>
					<row3>	0.0860 0.2933 -0.4324 1.0000	</row3>
				</transform>
			</node>
			<node>
				<identifier>	MP_CM029_Emergency_Box_INDEX_2	</identifier>
				<transform>
					<row0>	0.0000 0.0000 1.0000 0.0000	</row0>
					<row1>	0.0000 1.0000 0.0000 0.0000	</row1>
					<row2>	-1.0000 0.0000 0.0000 0.0000	</row2>
					<row3>	0.0604 0.5334 1.4340 1.0000	</row3>
				</transform>
			</node>
			<node>
				<identifier>	MP_CM029_Emergency_Box_INDEX_3	</identifier>
				<transform>
					<row0>	0.5906 -0.0113 -0.8069 0.0000	</row0>
					<row1>	0.0249 0.9997 0.0043 0.0000	</row1>
					<row2>	0.8066 -0.0226 0.5907 0.0000	</row2>
					<row3>	0.1946 0.5341 1.5045 1.0000	</row3>
				</transform>
			</node>
			<node>
				<identifier>	MP_CM029_Emergency_Box_INDEX_4	</identifier>
				<transform>
					<row0>	0.0000 0.0000 -1.0000 0.0000	</row0>
					<row1>	0.0000 1.0000 0.0000 0.0000	</row1>
					<row2>	1.0000 0.0000 0.0000 0.0000	</row2>
					<row3>	-0.0876 0.2704 0.5209 1.0000	</row3>
				</transform>
			</node>
			<node>
				<identifier>	MP_CM030_Swab_Rack_2	</identifier>
				<transform>
					<row0>	0.0000 0.0000 -1.0000 0.0000	</row0>
					<row1>	0.0000 1.0000 0.0000 0.0000	</row1>
					<row2>	1.0000 0.0000 0.0000 0.0000	</row2>
					<row3>	0.0815 0.1957 0.5222 1.0000	</row3>
				</transform>
			</node>
			<node>
				<identifier>	MP_CM057_Accommodation_Ladder_Closed	</identifier>
				<transform>
					<row0>	0.0000 0.8000 -0.0032 0.0000	</row0>
					<row1>	1.0000 0.0000 0.0000 0.0000	</row1>
					<row2>	0.0000 -0.0040 -1.0000 0.0000	</row2>
					<row3>	0.0909 0.2350 1.1248 1.0000	</row3>
				</transform>
			</node>
			<node>
				<identifier>	MP_CM057_Accommodation_Ladder_Closed_INDEX_1	</identifier>
				<transform>
					<row0>	0.0000 -0.8000 0.0032 0.0000	</row0>
					<row1>	-1.0000 0.0000 0.0000 0.0000	</row1>
					<row2>	0.0000 -0.0040 -1.0000 0.0000	</row2>
					<row3>	-0.0909 0.2350 1.1248 1.0000	</row3>
				</transform>
			</node>
			<node>
				<identifier>	MP_CM126_Cleat	</identifier>
				<transform>
					<row0>	0.8660 0.5000 0.0000 0.0000	</row0>
					<row1>	0.0000 0.0000 1.0000 0.0000	</row1>
					<row2>	0.5000 -0.8660 0.0000 0.0000	</row2>
					<row3>	0.2722 0.2305 -0.4622 1.0000	</row3>
				</transform>
			</node>
			<node>
				<identifier>	MP_CM126_Cleat_INDEX_1	</identifier>
				<transform>
					<row0>	0.8660 -0.5000 0.0000 0.0000	</row0>
					<row1>	0.0000 0.0000 1.0000 0.0000	</row1>
					<row2>	-0.5000 -0.8660 0.0000 0.0000	</row2>
					<row3>	-0.2722 0.2305 -0.4622 1.0000	</row3>
				</transform>
			</node>
			<node>
				<identifier>	MP_CM126_Cleat_INDEX_2	</identifier>
				<transform>
					<row0>	-0.8660 0.5000 0.0000 0.0000	</row0>
					<row1>	0.0000 0.0000 -1.0000 0.0000	</row1>
					<row2>	-0.5000 -0.8660 0.0000 0.0000	</row2>
					<row3>	-0.2724 0.2305 -0.2201 1.0000	</row3>
				</transform>
			</node>
			<node>
				<identifier>	MP_CM126_Cleat_INDEX_3	</identifier>
				<transform>
					<row0>	-0.8660 -0.5000 0.0000 0.0000	</row0>
					<row1>	0.0000 0.0000 -1.0000 0.0000	</row1>
					<row2>	0.5000 -0.8660 0.0000 0.0000	</row2>
					<row3>	0.2724 0.2305 -0.2201 1.0000	</row3>
				</transform>
			</node>
			<node>
				<identifier>	MP_CM126_Cleat_INDEX_4	</identifier>
				<transform>
					<row0>	-0.6322 0.0000 0.3423 0.0000	</row0>
					<row1>	-0.3415 -0.0489 -0.6308 0.0000	</row1>
					<row2>	0.0233 -0.7173 0.0430 0.0000	</row2>
					<row3>	0.2890 0.3627 1.0646 1.0000	</row3>
				</transform>
			</node>
			<node>
				<identifier>	MP_CM126_Cleat_INDEX_5	</identifier>
				<transform>
					<row0>	-0.6322 0.0000 -0.3423 0.0000	</row0>
					<row1>	0.3415 -0.0489 -0.6308 0.0000	</row1>
					<row2>	-0.0233 -0.7173 0.0430 0.0000	</row2>
					<row3>	-0.2885 0.3627 1.0649 1.0000	</row3>
				</transform>
			</node>
			<node>
				<identifier>	MP_CM126_Cleat_INDEX_6	</identifier>
				<transform>
					<row0>	0.6021 0.0000 -0.3930 0.0000	</row0>
					<row1>	0.3921 -0.0489 0.6007 0.0000	</row1>
					<row2>	-0.0267 -0.7173 -0.0409 0.0000	</row2>
					<row3>	-0.2774 0.3627 1.3654 1.0000	</row3>
				</transform>
			</node>
			<node>
				<identifier>	MP_CM126_Cleat_INDEX_7	</identifier>
				<transform>
					<row0>	0.6021 0.0000 0.3930 0.0000	</row0>
					<row1>	-0.3921 -0.0489 0.6007 0.0000	</row1>
					<row2>	0.0267 -0.7173 -0.0409 0.0000	</row2>
					<row3>	0.2769 0.3627 1.3650 1.0000	</row3>
				</transform>
			</node>
			<node>
				<identifier>	MP_CM126_Cleat_INDEX_8	</identifier>
				<transform>
					<row0>	0.0000 0.0000 -0.7630 0.0000	</row0>
					<row1>	0.7630 0.0000 0.0000 0.0000	</row1>
					<row2>	0.0000 -0.7630 0.0000 0.0000	</row2>
					<row3>	-0.0576 0.2305 -3.3351 1.0000	</row3>
				</transform>
			</node>
			<node>
				<identifier>	MP_JM250_Gauge_2	</identifier>
				<transform>
					<row0>	0.5707 -0.0109 -0.8211 0.0000	</row0>
					<row1>	0.0602 0.9978 0.0286 0.0000	</row1>
					<row2>	0.8189 -0.0657 0.5701 0.0000	</row2>
					<row3>	0.1423 0.5268 1.5856 1.0000	</row3>
				</transform>
			</node>
			<node>
				<identifier>	MP_JM250_Gauge_2_INDEX_1	</identifier>
				<transform>
					<row0>	0.5552 -0.0097 -0.8317 0.0000	</row0>
					<row1>	0.0602 0.9978 0.0286 0.0000	</row1>
					<row2>	0.8295 -0.0659 0.5545 0.0000	</row2>
					<row3>	0.1432 0.5447 1.5870 1.0000	</row3>
				</transform>
			</node>
			<node>
				<identifier>	MP_ZM024_Life_Buoy	</identifier>
				<transform>
					<row0>	0.0000 0.0000 -1.0000 0.0000	</row0>
					<row1>	0.0000 1.0000 0.0000 0.0000	</row1>
					<row2>	1.0000 0.0000 0.0000 0.0000	</row2>
					<row3>	-0.1147 0.5502 1.3346 1.0000	</row3>
				</transform>
			</node>
			<node>
				<identifier>	MP_ZM024_Life_Buoy_INDEX_1	</identifier>
				<transform>
					<row0>	0.0000 0.0000 1.0000 0.0000	</row0>
					<row1>	0.0000 1.0000 0.0000 0.0000	</row1>
					<row2>	-1.0000 0.0000 0.0000 0.0000	</row2>
					<row3>	0.0839 0.2866 0.4648 1.0000	</row3>
				</transform>
			</node>
			<node>
				<identifier>	MP_ZM024_Life_Buoy_INDEX_2	</identifier>
				<transform>
					<row0>	0.0000 0.0000 1.0000 0.0000	</row0>
					<row1>	0.0000 1.0000 0.0000 0.0000	</row1>
					<row2>	-1.0000 0.0000 0.0000 0.0000	</row2>
					<row3>	0.1147 0.5502 1.3346 1.0000	</row3>
				</transform>
			</node>
			<node>
				<identifier>	MP_ZM024_Life_Buoy_INDEX_3	</identifier>
				<transform>
					<row0>	0.0000 0.0000 -1.0000 0.0000	</row0>
					<row1>	0.0000 1.0000 0.0000 0.0000	</row1>
					<row2>	1.0000 0.0000 0.0000 0.0000	</row2>
					<row3>	-0.0839 0.2866 0.4401 1.0000	</row3>
				</transform>
			</node>
			<node>
				<identifier>	MP_ZM033_Reels_2	</identifier>
				<transform>
					<row0>	1.0000 0.0000 0.0000 0.0000	</row0>
					<row1>	0.0000 1.0000 0.0000 0.0000	</row1>
					<row2>	0.0000 0.0000 1.0000 0.0000	</row2>
					<row3>	0.2303 0.1944 -0.5707 1.0000	</row3>
				</transform>
			</node>
			<node>
				<identifier>	MP_ZM035_Fender	</identifier>
				<transform>
					<row0>	0.7000 0.0000 0.0000 0.0000	</row0>
					<row1>	0.0000 0.7000 0.0000 0.0000	</row1>
					<row2>	0.0000 0.0000 0.7000 0.0000	</row2>
					<row3>	0.0984 0.1932 0.4275 1.0000	</row3>
				</transform>
			</node>
			<node>
				<identifier>	MP_ZM035_Fender_INDEX_1	</identifier>
				<transform>
					<row0>	-0.7000 0.0000 0.0000 0.0000	</row0>
					<row1>	0.0000 0.7000 0.0000 0.0000	</row1>
					<row2>	0.0000 0.0000 -0.7000 0.0000	</row2>
					<row3>	-0.0984 0.1932 0.3462 1.0000	</row3>
				</transform>
			</node>
			<node>
				<identifier>	MP_ZM035_Fender_INDEX_2	</identifier>
				<transform>
					<row0>	1.0000 0.0000 0.0000 0.0000	</row0>
					<row1>	0.0000 1.0000 0.0000 0.0000	</row1>
					<row2>	0.0000 0.0000 1.0000 0.0000	</row2>
					<row3>	0.1074 0.2364 1.0767 1.0000	</row3>
				</transform>
			</node>
			<node>
				<identifier>	MP_ZM035_Fender_INDEX_3	</identifier>
				<transform>
					<row0>	-1.0000 0.0000 0.0000 0.0000	</row0>
					<row1>	0.0000 1.0000 0.0000 0.0000	</row1>
					<row2>	0.0000 0.0000 -1.0000 0.0000	</row2>
					<row3>	-0.1074 0.2364 1.0767 1.0000	</row3>
				</transform>
			</node>
			<node>
				<identifier>	MP_ZM036_Wind_Direction	</identifier>
				<transform>
					<row0>	0.7000 0.0000 0.0000 0.0000	</row0>
					<row1>	0.0000 0.7000 0.0000 0.0000	</row1>
					<row2>	0.0000 0.0000 0.7000 0.0000	</row2>
					<row3>	0.0000 1.7994 1.1797 1.0000	</row3>
				</transform>
			</node>
			<node>
				<identifier>	MP_ZM066_Torpedo_Bogie	</identifier>
				<transform>
					<row0>	1.3238 0.0000 -0.0046 0.0000	</row0>
					<row1>	0.0000 1.3238 0.0000 0.0000	</row1>
					<row2>	0.0046 0.0000 1.3238 0.0000	</row2>
					<row3>	-0.1864 0.2049 0.0779 1.0000	</row3>
				</transform>
			</node>
			<node>
				<identifier>	MP_ZM066_Torpedo_Bogie_INDEX_1	</identifier>
				<transform>
					<row0>	1.3238 0.0000 -0.0021 0.0000	</row0>
					<row1>	0.0000 1.3238 0.0000 0.0000	</row1>
					<row2>	0.0021 0.0000 1.3238 0.0000	</row2>
					<row3>	-0.1862 0.2043 -0.1110 1.0000	</row3>
				</transform>
			</node>
			<node>
				<identifier>	MP_ZM067_Antenna	</identifier>
				<transform>
					<row0>	-0.5000 0.0000 0.8660 0.0000	</row0>
					<row1>	0.0000 1.0000 0.0000 0.0000	</row1>
					<row2>	-0.8660 0.0000 -0.5000 0.0000	</row2>
					<row3>	0.0391 0.7889 1.2674 1.0000	</row3>
				</transform>
			</node>
			<node>
				<identifier>	MP_ZM517_Cutter_6m	</identifier>
				<transform>
					<row0>	1.0000 0.0000 0.0000 0.0000	</row0>
					<row1>	0.0000 1.0000 0.0000 0.0000	</row1>
					<row2>	0.0000 0.0000 1.0000 0.0000	</row2>
					<row3>	0.2588 0.2868 -0.3230 1.0000	</row3>
				</transform>
			</node>
			<node>
				<identifier>	MP_ZM517_Cutter_6m_INDEX_1	</identifier>
				<transform>
					<row0>	1.0000 0.0000 0.0000 0.0000	</row0>
					<row1>	0.0000 1.0000 0.0000 0.0000	</row1>
					<row2>	0.0000 0.0000 1.0000 0.0000	</row2>
					<row3>	-0.2588 0.2868 -0.3230 1.0000	</row3>
				</transform>
			</node>
			<node>
				<identifier>	MP_ZM517_Cutter_6m_INDEX_2	</identifier>
				<transform>
					<row0>	0.9962 0.0000 -0.0870 0.0000	</row0>
					<row1>	0.0000 1.0000 0.0000 0.0000	</row1>
					<row2>	0.0870 0.0000 0.9962 0.0000	</row2>
					<row3>	-0.2101 0.3446 1.2178 1.0000	</row3>
				</transform>
			</node>
			<node>
				<identifier>	MP_ZM517_Cutter_6m_INDEX_3	</identifier>
				<transform>
					<row0>	0.9962 0.0000 0.0871 0.0000	</row0>
					<row1>	0.0000 1.0000 0.0000 0.0000	</row1>
					<row2>	-0.0871 0.0000 0.9962 0.0000	</row2>
					<row3>	0.2101 0.3446 1.2178 1.0000	</row3>
				</transform>
			</node>
			<node>
				<identifier>	MP_ZM604_Voice_Tube	</identifier>
				<transform>
					<row0>	0.0000 0.0000 -1.0000 0.0000	</row0>
					<row1>	0.0000 1.0000 0.0000 0.0000	</row1>
					<row2>	1.0000 0.0000 0.0000 0.0000	</row2>
					<row3>	0.0536 0.6230 1.3962 1.0000	</row3>
				</transform>
			</node>
			<node>
				<identifier>	MP_ZM604_Voice_Tube_INDEX_1	</identifier>
				<transform>
					<row0>	1.0000 0.0000 0.0000 0.0000	</row0>
					<row1>	0.0000 1.0000 0.0000 0.0000	</row1>
					<row2>	0.0000 0.0000 1.0000 0.0000	</row2>
					<row3>	0.0204 0.3839 -0.3198 1.0000	</row3>
				</transform>
			</node>
			<node>
				<identifier>	MP_ZM604_Voice_Tube_INDEX_2	</identifier>
				<transform>
					<row0>	1.0000 0.0000 0.0000 0.0000	</row0>
					<row1>	0.0000 1.0000 0.0000 0.0000	</row1>
					<row2>	0.0000 0.0000 1.0000 0.0000	</row2>
					<row3>	-0.0112 0.4867 1.5211 1.0000	</row3>
				</transform>
			</node>
			<node>
				<identifier>	MP_ZM604_Voice_Tube_INDEX_3	</identifier>
				<transform>
					<row0>	1.0000 0.0000 0.0000 0.0000	</row0>
					<row1>	0.0000 1.0000 0.0000 0.0000	</row1>
					<row2>	0.0000 0.0000 1.0000 0.0000	</row2>
					<row3>	0.0673 0.4860 1.6041 1.0000	</row3>
				</transform>
			</node>
			<node>
				<identifier>	MP_ZM604_Voice_Tube_INDEX_4	</identifier>
				<transform>
					<row0>	0.0000 0.0000 1.0000 0.0000	</row0>
					<row1>	0.0000 1.0000 0.0000 0.0000	</row1>
					<row2>	-1.0000 0.0000 0.0000 0.0000	</row2>
					<row3>	-0.1845 0.4864 1.4167 1.0000	</row3>
				</transform>
			</node>
			<node>
				<identifier>	MP_ZM604_Voice_Tube_INDEX_5	</identifier>
				<transform>
					<row0>	0.0000 0.0000 -1.0000 0.0000	</row0>
					<row1>	0.0000 1.0000 0.0000 0.0000	</row1>
					<row2>	1.0000 0.0000 0.0000 0.0000	</row2>
					<row3>	0.1844 0.4864 1.4167 1.0000	</row3>
				</transform>
			</node>
			<node>
				<identifier>	MP_ZM615_Insulator	</identifier>
				<transform>
					<row0>	0.2916 0.0000 -0.5722 0.0000	</row0>
					<row1>	0.5722 0.0000 0.2916 0.0000	</row1>
					<row2>	0.0000 -0.6422 0.0000 0.0000	</row2>
					<row3>	0.0553 0.4489 1.6194 1.0000	</row3>
				</transform>
			</node>
			<node>
				<identifier>	MP_ZM620_Binocular	</identifier>
				<transform>
					<row0>	0.0000 0.0000 1.0000 0.0000	</row0>
					<row1>	0.0000 1.0000 0.0000 0.0000	</row1>
					<row2>	-1.0000 0.0000 0.0000 0.0000	</row2>
					<row3>	-0.0571 0.4866 1.6758 1.0000	</row3>
				</transform>
			</node>
			<node>
				<identifier>	MP_ZM620_Binocular_INDEX_1	</identifier>
				<transform>
					<row0>	1.0000 0.0000 0.0000 0.0000	</row0>
					<row1>	0.0000 1.0000 0.0000 0.0000	</row1>
					<row2>	0.0000 0.0000 1.0000 0.0000	</row2>
					<row3>	0.1861 0.4869 1.4404 1.0000	</row3>
				</transform>
			</node>
			<node>
				<identifier>	MP_ZM620_Binocular_INDEX_2	</identifier>
				<transform>
					<row0>	0.0000 0.0000 1.0000 0.0000	</row0>
					<row1>	0.0000 1.0000 0.0000 0.0000	</row1>
					<row2>	-1.0000 0.0000 0.0000 0.0000	</row2>
					<row3>	0.0571 0.4866 1.6758 1.0000	</row3>
				</transform>
			</node>
			<node>
				<identifier>	MP_ZM620_Binocular_INDEX_3	</identifier>
				<transform>
					<row0>	-1.0000 0.0000 0.0000 0.0000	</row0>
					<row1>	0.0000 1.0000 0.0000 0.0000	</row1>
					<row2>	0.0000 0.0000 -1.0000 0.0000	</row2>
					<row3>	-0.1861 0.4868 1.4404 1.0000	</row3>
				</transform>
			</node>
			<node>
				<identifier>	MP_ZM621_Main_Wheel	</identifier>
				<transform>
					<row0>	1.0000 0.0000 0.0000 0.0000	</row0>
					<row1>	0.0000 1.0000 0.0000 0.0000	</row1>
					<row2>	0.0000 0.0000 1.0000 0.0000	</row2>
					<row3>	0.0000 0.4865 1.6155 1.0000	</row3>
				</transform>
			</node>
			<node>
				<identifier>	MP_ZM621_Main_Wheel_INDEX_1	</identifier>
				<transform>
					<row0>	1.0000 0.0000 0.0000 0.0000	</row0>
					<row1>	0.0000 1.0000 0.0000 0.0000	</row1>
					<row2>	0.0000 0.0000 1.0000 0.0000	</row2>
					<row3>	-0.0003 0.3841 -0.3366 1.0000	</row3>
				</transform>
			</node>
			<node>
				<identifier>	MP_ZM639_Table	</identifier>
				<transform>
					<row0>	1.0000 0.0000 0.0000 0.0000	</row0>
					<row1>	0.0000 1.0000 0.0000 0.0000	</row1>
					<row2>	0.0000 0.0000 1.0000 0.0000	</row2>
					<row3>	0.0485 0.4848 1.5298 1.0000	</row3>
				</transform>
			</node>
			<node>
				<identifier>	MP_ZM640_Compass_Binnacle	</identifier>
				<transform>
					<row0>	1.0000 0.0000 0.0000 0.0000	</row0>
					<row1>	0.0000 1.0000 0.0000 0.0000	</row1>
					<row2>	0.0000 0.0000 1.0000 0.0000	</row2>
					<row3>	0.0000 0.4863 1.6494 1.0000	</row3>
				</transform>
			</node>
			<node>
				<identifier>	MP_ZM640_Compass_Binnacle_INDEX_1	</identifier>
				<transform>
					<row0>	1.0000 0.0000 0.0000 0.0000	</row0>
					<row1>	0.0000 1.0000 0.0000 0.0000	</row1>
					<row2>	0.0000 0.0000 1.0000 0.0000	</row2>
					<row3>	0.0000 0.3843 -0.3061 1.0000	</row3>
				</transform>
			</node>
			<node>
				<identifier>	MP_ZM641_Gauge	</identifier>
				<transform>
					<row0>	1.0000 0.0000 0.0000 0.0000	</row0>
					<row1>	0.0000 0.9919 0.1267 0.0000	</row1>
					<row2>	0.0000 -0.1267 0.9919 0.0000	</row2>
					<row3>	-0.0092 0.5469 1.7017 1.0000	</row3>
				</transform>
			</node>
			<node>
				<identifier>	MP_ZM642_Gauge	</identifier>
				<transform>
					<row0>	0.5938 -0.0151 -0.8045 0.0000	</row0>
					<row1>	0.0642 0.9975 0.0287 0.0000	</row1>
					<row2>	0.8020 -0.0687 0.5933 0.0000	</row2>
					<row3>	0.0957 0.5489 1.6558 1.0000	</row3>
				</transform>
			</node>
			<node>
				<identifier>	MP_ZM642_Gauge_INDEX_1	</identifier>
				<transform>
					<row0>	0.5822 -0.0134 -0.8129 0.0000	</row0>
					<row1>	0.0610 0.9978 0.0272 0.0000	</row1>
					<row2>	0.8107 -0.0654 0.5817 0.0000	</row2>
					<row3>	0.0855 0.5489 1.6705 1.0000	</row3>
				</transform>
			</node>
			<node>
				<identifier>	MP_ZM642_Gauge_INDEX_2	</identifier>
				<transform>
					<row0>	1.0000 0.0000 0.0000 0.0000	</row0>
					<row1>	0.0000 0.9898 0.1421 0.0000	</row1>
					<row2>	0.0000 -0.1421 0.9898 0.0000	</row2>
					<row3>	0.0044 0.5469 1.7013 1.0000	</row3>
				</transform>
			</node>
			<node>
				<identifier>	MP_ZM643_Gauge	</identifier>
				<transform>
					<row0>	0.5706 0.0086 0.8211 0.0000	</row0>
					<row1>	-0.1009 0.9931 0.0597 0.0000	</row1>
					<row2>	-0.8150 -0.1169 0.5676 0.0000	</row2>
					<row3>	-0.0746 0.5215 1.6808 1.0000	</row3>
				</transform>
			</node>
			<node>
				<identifier>	MP_ZM643_Gauge_INDEX_1	</identifier>
				<transform>
					<row0>	0.5962 -0.0065 -0.8028 0.0000	</row0>
					<row1>	0.0461 0.9986 0.0261 0.0000	</row1>
					<row2>	0.8015 -0.0526 0.5956 0.0000	</row2>
					<row3>	0.1195 0.5256 1.6184 1.0000	</row3>
				</transform>
			</node>
			<node>
				<identifier>	MP_ZM643_Gauge_INDEX_2	</identifier>
				<transform>
					<row0>	1.0000 0.0000 0.0000 0.0000	</row0>
					<row1>	0.0000 0.9862 0.1656 0.0000	</row1>
					<row2>	0.0000 -0.1656 0.9862 0.0000	</row2>
					<row3>	0.0291 0.5461 1.7010 1.0000	</row3>
				</transform>
			</node>
			<node>
				<identifier>	MP_ZM645_Gauge	</identifier>
				<transform>
					<row0>	0.6073 -0.0582 0.7923 0.0000	</row0>
					<row1>	-0.0661 0.9901 0.1234 0.0000	</row1>
					<row2>	-0.7917 -0.1273 0.5975 0.0000	</row2>
					<row3>	-0.1236 0.5277 1.6128 1.0000	</row3>
				</transform>
			</node>
			<node>
				<identifier>	MP_ZM645_Gauge_INDEX_1	</identifier>
				<transform>
					<row0>	1.0000 0.0000 0.0000 0.0000	</row0>
					<row1>	0.0000 0.9819 0.1896 0.0000	</row1>
					<row2>	0.0000 -0.1896 0.9819 0.0000	</row2>
					<row3>	-0.0286 0.5303 1.6985 1.0000	</row3>
				</transform>
			</node>
			<node>
				<identifier>	MP_ZM645_Gauge_INDEX_2	</identifier>
				<transform>
					<row0>	0.6009 -0.0727 0.7960 0.0000	</row0>
					<row1>	-0.0324 0.9928 0.1151 0.0000	</row1>
					<row2>	-0.7987 -0.0950 0.5942 0.0000	</row2>
					<row3>	-0.1143 0.5260 1.6243 1.0000	</row3>
				</transform>
			</node>
			<node>
				<identifier>	MP_ZM645_Gauge_INDEX_3	</identifier>
				<transform>
					<row0>	0.9999 -0.0024 0.0146 0.0000	</row0>
					<row1>	0.0004 0.9908 0.1350 0.0000	</row1>
					<row2>	-0.0148 -0.1350 0.9907 0.0000	</row2>
					<row3>	-0.0286 0.5420 1.6995 1.0000	</row3>
				</transform>
			</node>
			<node>
				<identifier>	MP_ZM647_Clock	</identifier>
				<transform>
					<row0>	0.5613 0.0022 -0.8276 0.0000	</row0>
					<row1>	0.0435 0.9985 0.0322 0.0000	</row1>
					<row2>	0.8264 -0.0541 0.5604 0.0000	</row2>
					<row3>	0.1198 0.5451 1.6204 1.0000	</row3>
				</transform>
			</node>
			<node>
				<identifier>	MP_ZM647_Clock_INDEX_1	</identifier>
				<transform>
					<row0>	1.0000 0.0000 0.0000 0.0000	</row0>
					<row1>	0.0000 0.9874 0.1585 0.0000	</row1>
					<row2>	0.0000 -0.1585 0.9874 0.0000	</row2>
					<row3>	-0.0027 0.5307 1.6986 1.0000	</row3>
				</transform>
			</node>
			<node>
				<identifier>	MP_ZM647_Clock_INDEX_2	</identifier>
				<transform>
					<row0>	0.5925 0.0104 0.8055 0.0000	</row0>
					<row1>	-0.0894 0.9946 0.0530 0.0000	</row1>
					<row2>	-0.8006 -0.1034 0.5902 0.0000	</row2>
					<row3>	-0.1242 0.5432 1.6137 1.0000	</row3>
				</transform>
			</node>
			<node>
				<identifier>	MP_ZM647_Clock_INDEX_3	</identifier>
				<transform>
					<row0>	0.5782 0.0093 0.8159 0.0000	</row0>
					<row1>	-0.0850 0.9952 0.0489 0.0000	</row1>
					<row2>	-0.8115 -0.0976 0.5762 0.0000	</row2>
					<row3>	-0.0752 0.5434 1.6825 1.0000	</row3>
				</transform>
			</node>
			<node>
				<identifier>	MP_ZM648_Gauge	</identifier>
				<transform>
					<row0>	0.5675 0.0076 0.8233 0.0000	</row0>
					<row1>	-0.0820 0.9955 0.0473 0.0000	</row1>
					<row2>	-0.8193 -0.0944 0.5656 0.0000	</row2>
					<row3>	-0.0881 0.5403 1.6640 1.0000	</row3>
				</transform>
			</node>
			<node>
				<identifier>	MP_ZM649_Fuse_box	</identifier>
				<transform>
					<row0>	0.5862 0.0307 -0.8096 0.0000	</row0>
					<row1>	0.0626 0.9946 0.0830 0.0000	</row1>
					<row2>	0.8077 -0.0993 0.5811 0.0000	</row2>
					<row3>	0.0842 0.5267 1.6685 1.0000	</row3>
				</transform>
			</node>
			<node>
				<identifier>	MP_ZM650_Small_fuse_box	</identifier>
				<transform>
					<row0>	0.6159 0.0050 0.7878 0.0000	</row0>
					<row1>	-0.0967 0.9929 0.0693 0.0000	</row1>
					<row2>	-0.7819 -0.1188 0.6120 0.0000	</row2>
					<row3>	-0.1156 0.5416 1.6255 1.0000	</row3>
				</transform>
			</node>
			<node>
				<identifier>	MP_ZM651_Wall_trigger	</identifier>
				<transform>
					<row0>	0.6010 0.0123 0.7992 0.0000	</row0>
					<row1>	-0.0820 0.9956 0.0463 0.0000	</row1>
					<row2>	-0.7951 -0.0934 0.5993 0.0000	</row2>
					<row3>	-0.0957 0.5377 1.6531 1.0000	</row3>
				</transform>
			</node>
			<node>
				<identifier>	MP_ZM651_Wall_trigger_INDEX_1	</identifier>
				<transform>
					<row0>	0.5720 0.0105 0.8202 0.0000	</row0>
					<row1>	-0.0845 0.9954 0.0461 0.0000	</row1>
					<row2>	-0.8159 -0.0957 0.5702 0.0000	</row2>
					<row3>	-0.0964 0.5448 1.6534 1.0000	</row3>
				</transform>
			</node>
			<node>
				<identifier>	MP_ZM652_Wall_trigger	</identifier>
				<transform>
					<row0>	0.6125 0.0098 0.7904 0.0000	</row0>
					<row1>	-0.0627 0.9974 0.0362 0.0000	</row1>
					<row2>	-0.7880 -0.0717 0.6115 0.0000	</row2>
					<row3>	-0.1440 0.5432 1.5851 1.0000	</row3>
				</transform>
			</node>
			<node>
				<identifier>	MP_ZM653_Wall_trigger	</identifier>
				<transform>
					<row0>	0.5709 0.0093 0.8210 0.0000	</row0>
					<row1>	-0.0612 0.9976 0.0312 0.0000	</row1>
					<row2>	-0.8187 -0.0681 0.5701 0.0000	</row2>
					<row3>	-0.1488 0.5435 1.5786 1.0000	</row3>
				</transform>
			</node>
			<node>
				<identifier>	MP_ZM654_Telegraph_Engine	</identifier>
				<transform>
					<row0>	1.0000 0.0000 0.0000 0.0000	</row0>
					<row1>	0.0000 1.0000 0.0000 0.0000	</row1>
					<row2>	0.0000 0.0000 1.0000 0.0000	</row2>
					<row3>	-0.0703 0.4867 1.5240 1.0000	</row3>
				</transform>
			</node>
			<node>
				<identifier>	MP_ZM654_Telegraph_Engine_INDEX_1	</identifier>
				<transform>
					<row0>	1.0000 0.0000 0.0000 0.0000	</row0>
					<row1>	0.0000 1.0000 0.0000 0.0000	</row1>
					<row2>	0.0000 0.0000 1.0000 0.0000	</row2>
					<row3>	-0.0998 0.4867 1.5126 1.0000	</row3>
				</transform>
			</node>
			<node>
				<identifier>	MP_ZM654_Telegraph_Engine_INDEX_2	</identifier>
				<transform>
					<row0>	1.0000 0.0000 0.0000 0.0000	</row0>
					<row1>	0.0000 1.0000 0.0000 0.0000	</row1>
					<row2>	0.0000 0.0000 1.0000 0.0000	</row2>
					<row3>	-0.0405 0.4867 1.5126 1.0000	</row3>
				</transform>
			</node>
			<node>
				<identifier>	MP_ZM755_Hatch_3	</identifier>
				<transform>
					<row0>	1.0000 0.0000 0.0000 0.0000	</row0>
					<row1>	0.0000 1.0000 0.0000 0.0000	</row1>
					<row2>	0.0000 0.0000 1.0000 0.0000	</row2>
					<row3>	0.1226 0.1954 -1.0547 1.0000	</row3>
				</transform>
			</node>
			<node>
				<identifier>	MP_ZM755_Hatch_3_INDEX_1	</identifier>
				<transform>
					<row0>	1.0000 0.0000 0.0000 0.0000	</row0>
					<row1>	0.0000 1.0000 0.0000 0.0000	</row1>
					<row2>	0.0000 0.0000 1.0000 0.0000	</row2>
					<row3>	-0.0515 0.1973 -0.6692 1.0000	</row3>
				</transform>
			</node>
			<node>
				<identifier>	MP_ZM765_Hatch	</identifier>
				<transform>
					<row0>	1.0000 0.0000 0.0000 0.0000	</row0>
					<row1>	0.0000 1.0000 0.0000 0.0000	</row1>
					<row2>	0.0000 0.0000 1.0000 0.0000	</row2>
					<row3>	0.0000 0.3386 -0.1995 1.0000	</row3>
				</transform>
			</node>
			<node>
				<identifier>	MP_ZM765_Hatch_INDEX_1	</identifier>
				<transform>
					<row0>	1.0000 0.0000 0.0000 0.0000	</row0>
					<row1>	0.0000 1.0000 0.0000 0.0000	</row1>
					<row2>	0.0000 0.0000 1.0000 0.0000	</row2>
					<row3>	0.0000 0.3471 0.3451 1.0000	</row3>
				</transform>
			</node>
			<node>
				<identifier>	MP_ZM767_Hatch	</identifier>
				<transform>
					<row0>	0.0000 0.0000 -1.0000 0.0000	</row0>
					<row1>	0.0000 1.0000 0.0000 0.0000	</row1>
					<row2>	1.0000 0.0000 0.0000 0.0000	</row2>
					<row3>	-0.1033 0.3372 1.4489 1.0000	</row3>
				</transform>
			</node>
			<node>
				<identifier>	MP_ZM767_Hatch_INDEX_1	</identifier>
				<transform>
					<row0>	0.0000 0.0000 1.0000 0.0000	</row0>
					<row1>	0.0000 1.0000 0.0000 0.0000	</row1>
					<row2>	-1.0000 0.0000 0.0000 0.0000	</row2>
					<row3>	0.1028 0.3371 1.4453 1.0000	</row3>
				</transform>
			</node>
			<node>
				<identifier>	MP_ZM768_Hatch	</identifier>
				<transform>
					<row0>	1.0000 0.0000 0.0000 0.0000	</row0>
					<row1>	0.0000 1.0000 0.0000 0.0000	</row1>
					<row2>	0.0000 0.0000 1.0000 0.0000	</row2>
					<row3>	0.0000 0.3471 0.6908 1.0000	</row3>
				</transform>
			</node>
			<node>
				<identifier>	MP_ZM768_Hatch_INDEX_1	</identifier>
				<transform>
					<row0>	0.8192 0.0000 -0.5736 0.0000	</row0>
					<row1>	0.0000 1.0000 0.0000 0.0000	</row1>
					<row2>	0.5736 0.0000 0.8192 0.0000	</row2>
					<row3>	0.0893 0.3471 0.6796 1.0000	</row3>
				</transform>
			</node>
			<node>
				<identifier>	MP_ZM806_Ventilators_11	</identifier>
				<transform>
					<row0>	0.7000 0.0000 0.0000 0.0000	</row0>
					<row1>	0.0000 0.7000 0.0000 0.0000	</row1>
					<row2>	0.0000 0.0000 0.7000 0.0000	</row2>
					<row3>	0.2540 0.1993 1.5973 1.0000	</row3>
				</transform>
			</node>
			<node>
				<identifier>	MP_ZM811_Ventilators	</identifier>
				<transform>
					<row0>	1.0000 0.0000 0.0000 0.0000	</row0>
					<row1>	0.0000 1.0000 0.0000 0.0000	</row1>
					<row2>	0.0000 0.0000 1.0000 0.0000	</row2>
					<row3>	0.1084 0.1883 -0.4226 1.0000	</row3>
				</transform>
			</node>
			<node>
				<identifier>	MP_ZM811_Ventilators_INDEX_1	</identifier>
				<transform>
					<row0>	0.7500 0.0000 0.0000 0.0000	</row0>
					<row1>	0.0000 0.7500 0.0000 0.0000	</row1>
					<row2>	0.0000 0.0000 0.7500 0.0000	</row2>
					<row3>	0.0642 0.3303 0.3242 1.0000	</row3>
				</transform>
			</node>
			<node>
				<identifier>	MP_ZM811_Ventilators_INDEX_2	</identifier>
				<transform>
					<row0>	1.0000 0.0000 0.0000 0.0000	</row0>
					<row1>	0.0000 1.0000 0.0000 0.0000	</row1>
					<row2>	0.0000 0.0000 1.0000 0.0000	</row2>
					<row3>	-0.1141 0.1883 -0.4226 1.0000	</row3>
				</transform>
			</node>
			<node>
				<identifier>	MP_ZM813_Ventilators	</identifier>
				<transform>
					<row0>	0.7500 0.0000 0.0000 0.0000	</row0>
					<row1>	0.0000 0.7500 0.0000 0.0000	</row1>
					<row2>	0.0000 0.0000 0.7500 0.0000	</row2>
					<row3>	-0.2698 0.1953 0.6030 1.0000	</row3>
				</transform>
			</node>
			<node>
				<identifier>	MP_ZM813_Ventilators_INDEX_1	</identifier>
				<transform>
					<row0>	1.0000 0.0000 0.0000 0.0000	</row0>
					<row1>	0.0000 1.0000 0.0000 0.0000	</row1>
					<row2>	0.0000 0.0000 1.0000 0.0000	</row2>
					<row3>	-0.0988 0.1856 -0.9919 1.0000	</row3>
				</transform>
			</node>
			<node>
				<identifier>	MP_ZM813_Ventilators_INDEX_2	</identifier>
				<transform>
					<row0>	0.7500 0.0000 0.0000 0.0000	</row0>
					<row1>	0.0000 0.7500 0.0000 0.0000	</row1>
					<row2>	0.0000 0.0000 0.7500 0.0000	</row2>
					<row3>	0.2698 0.1953 0.6030 1.0000	</row3>
				</transform>
			</node>
			<node>
				<identifier>	MP_ZM813_Ventilators_INDEX_3	</identifier>
				<transform>
					<row0>	1.0000 0.0000 0.0000 0.0000	</row0>
					<row1>	0.0000 1.0000 0.0000 0.0000	</row1>
					<row2>	0.0000 0.0000 1.0000 0.0000	</row2>
					<row3>	0.1058 0.1858 -0.6249 1.0000	</row3>
				</transform>
			</node>
			<node>
				<identifier>	MP_ZM816_Ventilation	</identifier>
				<transform>
					<row0>	0.5880 0.0000 0.0000 0.0000	</row0>
					<row1>	0.0000 0.5880 0.0000 0.0000	</row1>
					<row2>	0.0000 0.0000 0.5880 0.0000	</row2>
					<row3>	0.2615 0.1994 0.3392 1.0000	</row3>
				</transform>
			</node>
			<node>
				<identifier>	MP_ZM816_Ventilation_INDEX_1	</identifier>
				<transform>
					<row0>	0.5880 0.0000 0.0000 0.0000	</row0>
					<row1>	0.0000 0.5880 0.0000 0.0000	</row1>
					<row2>	0.0000 0.0000 0.5880 0.0000	</row2>
					<row3>	-0.2615 0.1987 0.3392 1.0000	</row3>
				</transform>
			</node>
			<node>
				<identifier>	MP_ZM858_Deck_Lamp	</identifier>
				<transform>
					<row0>	0.0000 0.0000 -1.0000 0.0000	</row0>
					<row1>	0.0000 1.0000 0.0000 0.0000	</row1>
					<row2>	1.0000 0.0000 0.0000 0.0000	</row2>
					<row3>	0.0764 0.6605 1.3337 1.0000	</row3>
				</transform>
			</node>
			<node>
				<identifier>	MP_ZM858_Deck_Lamp_INDEX_1	</identifier>
				<transform>
					<row0>	0.0000 0.0000 1.0000 0.0000	</row0>
					<row1>	0.0000 1.0000 0.0000 0.0000	</row1>
					<row2>	-1.0000 0.0000 0.0000 0.0000	</row2>
					<row3>	-0.0764 0.6605 1.3337 1.0000	</row3>
				</transform>
			</node>
			<node>
				<identifier>	MP_ZM859_Running_Lights_R	</identifier>
				<transform>
					<row0>	1.0000 0.0000 0.0000 0.0000	</row0>
					<row1>	0.0000 1.0000 0.0000 0.0000	</row1>
					<row2>	0.0000 0.0000 1.0000 0.0000	</row2>
