<RSC010_Sevastopol_1961_MidFront_ports.visual>
	<node>
		<identifier>	Scene Root	</identifier>
		<transform>
			<row0>	1.0000 0.0000 0.0000 0.0000	</row0>
			<row1>	0.0000 1.0000 0.0000 0.0000	</row1>
			<row2>	0.0000 0.0000 1.0000 0.0000	</row2>
			<row3>	0.0000 0.0000 0.0000 1.0000	</row3>
		</transform>
		<node>
			<identifier>	MidFront_ports	</identifier>
			<transform>
				<row0>	1.0000 0.0000 0.0000 0.0000	</row0>
				<row1>	0.0000 1.0000 0.0000 0.0000	</row1>
				<row2>	0.0000 0.0000 1.0000 0.0000	</row2>
				<row3>	0.0000 0.0000 0.0000 1.0000	</row3>
			</transform>
			<node>
				<identifier>	HP_FX_Death_1	</identifier>
				<transform>
					<row0>	1.0000 0.0000 0.0000 0.0000	</row0>
					<row1>	0.0000 1.0000 0.0000 0.0000	</row1>
					<row2>	0.0000 0.0000 1.0000 0.0000	</row2>
					<row3>	0.0000 0.0000 4.7839 1.0000	</row3>
				</transform>
			</node>
			<node>
				<identifier>	HP_FX_Death_2	</identifier>
				<transform>
					<row0>	1.0000 0.0000 0.0000 0.0000	</row0>
					<row1>	0.0000 1.0000 0.0000 0.0000	</row1>
					<row2>	0.0000 0.0000 1.0000 0.0000	</row2>
					<row3>	0.0000 0.0000 0.1003 1.0000	</row3>
				</transform>
			</node>
			<node>
				<identifier>	HP_FX_Fire_2	</identifier>
				<transform>
					<row0>	1.0000 0.0000 0.0000 0.0000	</row0>
					<row1>	0.0000 1.0000 0.0000 0.0000	</row1>
					<row2>	0.0000 0.0000 1.0000 0.0000	</row2>
					<row3>	0.0150 1.0135 2.1825 1.0000	</row3>
				</transform>
			</node>
			<node>
				<identifier>	HP_FX_Fire_2_side_1	</identifier>
				<transform>
					<row0>	1.0000 0.0000 0.0000 0.0000	</row0>
					<row1>	0.0000 1.0000 0.0000 0.0000	</row1>
					<row2>	0.0000 0.0000 1.0000 0.0000	</row2>
					<row3>	-0.6420 0.3650 3.0355 1.0000	</row3>
				</transform>
			</node>
			<node>
				<identifier>	HP_FX_Fire_2_side_2	</identifier>
				<transform>
					<row0>	1.0000 0.0000 0.0000 0.0000	</row0>
					<row1>	0.0000 1.0000 0.0000 0.0000	</row1>
					<row2>	0.0000 0.0000 1.0000 0.0000	</row2>
					<row3>	0.6541 0.3469 2.0063 1.0000	</row3>
				</transform>
			</node>
			<node>
				<identifier>	HP_FX_Fire_2_side_3	</identifier>
				<transform>
					<row0>	1.0000 0.0000 0.0000 0.0000	</row0>
					<row1>	0.0000 1.0000 0.0000 0.0000	</row1>
					<row2>	0.0000 0.0000 1.0000 0.0000	</row2>
					<row3>	-0.8193 0.3461 0.7241 1.0000	</row3>
				</transform>
			</node>
			<node>
				<identifier>	HP_FX_FloodLight_left_2	</identifier>
				<transform>
					<row0>	-1.0000 0.0000 0.0000 0.0000	</row0>
					<row1>	0.0000 1.0000 0.0000 0.0000	</row1>
					<row2>	0.0000 0.0000 -1.0000 0.0000	</row2>
					<row3>	-0.2550 0.4559 1.5812 1.0000	</row3>
				</transform>
			</node>
			<node>
				<identifier>	HP_FX_FloodLight_right_2	</identifier>
				<transform>
					<row0>	1.0000 0.0000 0.0000 0.0000	</row0>
					<row1>	0.0000 1.0000 0.0000 0.0000	</row1>
					<row2>	0.0000 0.0000 1.0000 0.0000	</row2>
					<row3>	0.2542 0.4585 1.5785 1.0000	</row3>
				</transform>
			</node>
			<node>
				<identifier>	HP_FX_Flood_steam_1	</identifier>
				<transform>
					<row0>	1.0000 0.0000 0.0000 0.0000	</row0>
					<row1>	0.0000 0.9636 -0.2674 0.0000	</row1>
					<row2>	0.0000 0.2674 0.9636 0.0000	</row2>
					<row3>	0.0013 1.4358 0.1344 1.0000	</row3>
				</transform>
			</node>
			<node>
				<identifier>	HP_FX_Flood_steam_left	</identifier>
				<transform>
					<row0>	-1.0000 0.0000 0.0000 0.0000	</row0>
					<row1>	0.0000 1.0000 0.0000 0.0000	</row1>
					<row2>	0.0000 0.0000 -1.0000 0.0000	</row2>
					<row3>	-0.2730 0.4408 1.9441 1.0000	</row3>
				</transform>
			</node>
			<node>
				<identifier>	HP_FX_Flood_steam_right	</identifier>
				<transform>
					<row0>	1.0000 0.0000 0.0000 0.0000	</row0>
					<row1>	0.0000 1.0000 0.0000 0.0000	</row1>
					<row2>	0.0000 0.0000 1.0000 0.0000	</row2>
					<row3>	0.2799 0.4406 2.2768 1.0000	</row3>
				</transform>
			</node>
			<node>
				<identifier>	HP_FX_Flood_water_left_3	</identifier>
				<transform>
					<row0>	-1.0000 0.0000 0.0000 0.0000	</row0>
					<row1>	0.0000 1.0000 0.0000 0.0000	</row1>
					<row2>	0.0000 0.0000 -1.0000 0.0000	</row2>
					<row3>	-0.9197 0.1954 2.5545 1.0000	</row3>
				</transform>
			</node>
			<node>
				<identifier>	HP_FX_Flood_water_right_3	</identifier>
				<transform>
					<row0>	1.0000 0.0000 0.0000 0.0000	</row0>
					<row1>	0.0000 1.0000 0.0000 0.0000	</row1>
					<row2>	0.0000 0.0000 1.0000 0.0000	</row2>
					<row3>	0.9184 0.1985 2.5545 1.0000	</row3>
				</transform>
			</node>
			<node>
				<identifier>	HP_FX_RepairLight_left_1	</identifier>
				<transform>
					<row0>	0.0539 0.0000 0.9985 0.0000	</row0>
					<row1>	0.0000 1.0000 0.0000 0.0000	</row1>
					<row2>	-0.9985 0.0000 0.0539 0.0000	</row2>
					<row3>	-0.8861 0.3430 3.1358 1.0000	</row3>
				</transform>
			</node>
			<node>
				<identifier>	HP_FX_RepairLight_right_2	</identifier>
				<transform>
					<row0>	0.0749 0.0000 -0.9972 0.0000	</row0>
					<row1>	0.0000 1.0000 0.0000 0.0000	</row1>
					<row2>	0.9972 0.0000 0.0749 0.0000	</row2>
					<row3>	0.7743 0.3426 4.2627 1.0000	</row3>
				</transform>
			</node>
			<node>
				<identifier>	HP_FX_Smoke_1	</identifier>
				<transform>
					<row0>	1.0000 0.0000 0.0000 0.0000	</row0>
					<row1>	0.0000 0.9969 -0.0789 0.0000	</row1>
					<row2>	0.0000 0.0789 0.9969 0.0000	</row2>
					<row3>	0.0000 1.4959 0.4803 1.0000	</row3>
				</transform>
			</node>
			<node>
				<identifier>	HP_RD_1	</identifier>
				<transform>
					<row0>	0.0000 0.0000 1.0000 0.0000	</row0>
					<row1>	0.0000 1.0000 0.0000 0.0000	</row1>
					<row2>	-1.0000 0.0000 0.0000 0.0000	</row2>
					<row3>	-0.2316 1.1565 1.2591 1.0000	</row3>
				</transform>
			</node>
			<node>
				<identifier>	HP_RD_2	</identifier>
				<transform>
					<row0>	0.0000 0.0000 -1.0000 0.0000	</row0>
					<row1>	0.0000 1.0000 0.0000 0.0000	</row1>
					<row2>	1.0000 0.0000 0.0000 0.0000	</row2>
					<row3>	0.2316 1.1565 1.2574 1.0000	</row3>
				</transform>
			</node>
			<node>
				<identifier>	HP_RF_1	</identifier>
				<transform>
					<row0>	1.0000 0.0000 0.0000 0.0000	</row0>
					<row1>	0.0000 1.0000 0.0000 0.0000	</row1>
					<row2>	0.0000 0.0000 1.0000 0.0000	</row2>
					<row3>	0.0000 2.0278 1.5295 1.0000	</row3>
				</transform>
			</node>
			<node>
				<identifier>	HP_RGA_1	</identifier>
				<transform>
					<row0>	0.2588 0.0000 0.9659 0.0000	</row0>
					<row1>	0.0000 1.0000 0.0000 0.0000	</row1>
					<row2>	-0.9659 0.0000 0.2588 0.0000	</row2>
					<row3>	-0.3682 0.6763 0.5327 1.0000	</row3>
				</transform>
			</node>
			<node>
				<identifier>	HP_RGA_2	</identifier>
				<transform>
					<row0>	0.2588 0.0000 -0.9659 0.0000	</row0>
					<row1>	0.0000 1.0000 0.0000 0.0000	</row1>
					<row2>	0.9659 0.0000 0.2588 0.0000	</row2>
					<row3>	0.3682 0.6763 0.5327 1.0000	</row3>
				</transform>
			</node>
			<node>
				<identifier>	HP_RGM_1	</identifier>
				<transform>
					<row0>	1.0000 0.0000 0.0000 0.0000	</row0>
					<row1>	0.0000 1.0000 0.0000 0.0000	</row1>
					<row2>	0.0000 0.0000 1.0000 0.0000	</row2>
					<row3>	0.0000 0.3997 4.4276 1.0000	</row3>
				</transform>
			</node>
			<node>
				<identifier>	HP_RGM_2	</identifier>
				<transform>
					<row0>	1.0000 0.0000 0.0000 0.0000	</row0>
					<row1>	0.0000 1.0000 0.0000 0.0000	</row1>
					<row2>	0.0000 0.0000 1.0000 0.0000	</row2>
					<row3>	0.0000 0.6206 3.1957 1.0000	</row3>
				</transform>
			</node>
			<node>
				<identifier>	HP_RGS_1	</identifier>
				<transform>
					<row0>	1.0000 0.0000 0.0000 0.0000	</row0>
					<row1>	0.0000 1.0000 0.0000 0.0000	</row1>
					<row2>	0.0000 0.0000 1.0000 0.0000	</row2>
					<row3>	-0.5463 0.3287 0.9971 1.0000	</row3>
				</transform>
			</node>
			<node>
				<identifier>	HP_RGS_2	</identifier>
				<transform>
					<row0>	1.0000 0.0000 0.0000 0.0000	</row0>
					<row1>	0.0000 1.0000 0.0000 0.0000	</row1>
					<row2>	0.0000 0.0000 1.0000 0.0000	</row2>
					<row3>	0.5463 0.3287 0.9971 1.0000	</row3>
				</transform>
			</node>
			<node>
				<identifier>	HP_RGS_5	</identifier>
				<transform>
					<row0>	1.0000 0.0000 0.0000 0.0000	</row0>
					<row1>	0.0000 1.0000 0.0000 0.0000	</row1>
					<row2>	0.0000 0.0000 1.0000 0.0000	</row2>
					<row3>	-0.7674 0.3287 -0.1693 1.0000	</row3>
				</transform>
			</node>
			<node>
				<identifier>	HP_RGS_6	</identifier>
				<transform>
					<row0>	1.0000 0.0000 0.0000 0.0000	</row0>
					<row1>	0.0000 1.0000 0.0000 0.0000	</row1>
					<row2>	0.0000 0.0000 1.0000 0.0000	</row2>
					<row3>	0.7674 0.3287 -0.1693 1.0000	</row3>
				</transform>
			</node>
			<node>
				<identifier>	HP_RRS_1	</identifier>
				<transform>
					<row0>	1.0000 0.0000 0.0000 0.0000	</row0>
					<row1>	0.0000 1.0000 0.0000 0.0000	</row1>
					<row2>	0.0000 0.0000 1.0000 0.0000	</row2>
					<row3>	0.0000 1.0468 2.1970 1.0000	</row3>
				</transform>
			</node>
			<node>
				<identifier>	HP_RRS_2	</identifier>
				<transform>
					<row0>	1.0000 0.0000 0.0000 0.0000	</row0>
					<row1>	0.0000 1.0000 0.0000 0.0000	</row1>
					<row2>	0.0000 0.0000 1.0000 0.0000	</row2>
					<row3>	-0.0007 1.4730 1.9276 1.0000	</row3>
				</transform>
			</node>
			<node>
				<identifier>	HP_RRS_3	</identifier>
				<transform>
					<row0>	1.0000 0.0000 0.0000 0.0000	</row0>
					<row1>	0.0000 1.0000 0.0000 0.0000	</row1>
					<row2>	0.0000 0.0000 1.0000 0.0000	</row2>
					<row3>	0.0000 2.2664 1.1762 1.0000	</row3>
				</transform>
			</node>
			<node>
				<identifier>	HP_RRS_4	</identifier>
				<transform>
					<row0>	1.0000 0.0000 0.0000 0.0000	</row0>
					<row1>	0.0000 1.0000 0.0000 0.0000	</row1>
					<row2>	0.0000 0.0000 1.0000 0.0000	</row2>
					<row3>	0.0000 2.2887 1.0350 1.0000	</row3>
				</transform>
			</node>
			<node>
				<identifier>	HP_RRS_5	</identifier>
				<transform>
					<row0>	1.0000 0.0000 0.0000 0.0000	</row0>
					<row1>	0.0000 1.0000 0.0000 0.0000	</row1>
					<row2>	0.0000 0.0000 1.0000 0.0000	</row2>
					<row3>	-0.4272 0.9066 0.1301 1.0000	</row3>
				</transform>
			</node>
			<node>
				<identifier>	HP_RRS_6	</identifier>
				<transform>
					<row0>	1.0000 0.0000 0.0000 0.0000	</row0>
					<row1>	0.0000 1.0000 0.0000 0.0000	</row1>
					<row2>	0.0000 0.0000 1.0000 0.0000	</row2>
					<row3>	0.4272 0.9066 0.1301 1.0000	</row3>
				</transform>
			</node>
			<node>
				<identifier>	HP_flag_1	</identifier>
				<transform>
					<row0>	0.9212 -0.3867 -0.0437 0.0000	</row0>
					<row1>	0.3867 0.8969 0.2146 0.0000	</row1>
					<row2>	-0.0437 -0.2146 0.9757 0.0000	</row2>
					<row3>	0.5221 1.7653 1.5701 1.0000	</row3>
				</transform>
			</node>
			<node>
				<identifier>	HP_flag_2	</identifier>
				<transform>
					<row0>	0.9212 0.3867 0.0437 0.0000	</row0>
					<row1>	-0.3867 0.8969 0.2146 0.0000	</row1>
					<row2>	0.0437 -0.2146 0.9757 0.0000	</row2>
					<row3>	-0.5221 1.7653 1.5701 1.0000	</row3>
				</transform>
			</node>
			<node>
				<identifier>	HP_flag_3	</identifier>
				<transform>
					<row0>	0.9519 -0.3032 -0.0444 0.0000	</row0>
					<row1>	0.3032 0.9109 0.2798 0.0000	</row1>
					<row2>	-0.0444 -0.2798 0.9590 0.0000	</row2>
					<row3>	0.4667 1.7588 1.5700 1.0000	</row3>
				</transform>
			</node>
			<node>
				<identifier>	HP_flag_4	</identifier>
				<transform>
					<row0>	0.9516 0.3039 0.0448 0.0000	</row0>
					<row1>	-0.3039 0.9102 0.2814 0.0000	</row1>
					<row2>	0.0448 -0.2814 0.9586 0.0000	</row2>
					<row3>	-0.4671 1.7583 1.5709 1.0000	</row3>
				</transform>
			</node>
			<node>
				<identifier>	HP_flag_rank	</identifier>
				<transform>
					<row0>	1.0000 0.0097 -0.0013 0.0000	</row0>
					<row1>	-0.0097 0.9628 -0.2699 0.0000	</row1>
					<row2>	-0.0013 0.2699 0.9629 0.0000	</row2>
					<row3>	0.0006 2.2019 0.8154 1.0000	</row3>
				</transform>
			</node>
			<node>
				<identifier>	MP_CM011_Fire_Fighting_Gear	</identifier>
				<transform>
					<row0>	0.6203 0.0000 -0.7843 0.0000	</row0>
					<row1>	0.0000 1.0000 0.0000 0.0000	</row1>
					<row2>	0.7843 0.0000 0.6203 0.0000	</row2>
					<row3>	-0.4447 0.3297 -0.0153 1.0000	</row3>
				</transform>
			</node>
			<node>
				<identifier>	MP_CM011_Fire_Fighting_Gear_INDEX_1	</identifier>
				<transform>
					<row0>	-0.3901 0.0000 0.9208 0.0000	</row0>
					<row1>	0.0000 1.0000 0.0000 0.0000	</row1>
					<row2>	-0.9208 0.0000 -0.3901 0.0000	</row2>
					<row3>	0.3298 0.3300 4.5871 1.0000	</row3>
				</transform>
			</node>
			<node>
				<identifier>	MP_CM011_Fire_Fighting_Gear_INDEX_2	</identifier>
				<transform>
					<row0>	-0.3396 0.0000 -0.9406 0.0000	</row0>
					<row1>	0.0000 1.0000 0.0000 0.0000	</row1>
					<row2>	0.9406 0.0000 -0.3396 0.0000	</row2>
					<row3>	-0.1574 0.6758 0.7506 1.0000	</row3>
				</transform>
			</node>
			<node>
				<identifier>	MP_CM011_Fire_Fighting_Gear_INDEX_3	</identifier>
				<transform>
					<row0>	0.6203 0.0000 0.7843 0.0000	</row0>
					<row1>	0.0000 1.0000 0.0000 0.0000	</row1>
					<row2>	-0.7843 0.0000 0.6203 0.0000	</row2>
					<row3>	0.4447 0.3297 -0.0153 1.0000	</row3>
				</transform>
			</node>
			<node>
				<identifier>	MP_CM011_Fire_Fighting_Gear_INDEX_4	</identifier>
				<transform>
					<row0>	-1.0000 0.0000 0.0000 0.0000	</row0>
					<row1>	0.0000 1.0000 0.0000 0.0000	</row1>
					<row2>	0.0000 0.0000 -1.0000 0.0000	</row2>
					<row3>	-0.2248 0.3297 2.7758 1.0000	</row3>
				</transform>
			</node>
			<node>
				<identifier>	MP_CM011_Fire_Fighting_Gear_INDEX_5	</identifier>
				<transform>
					<row0>	-0.3396 0.0000 0.9406 0.0000	</row0>
					<row1>	0.0000 1.0000 0.0000 0.0000	</row1>
					<row2>	-0.9406 0.0000 -0.3396 0.0000	</row2>
					<row3>	0.1574 0.6758 0.7506 1.0000	</row3>
				</transform>
			</node>
			<node>
				<identifier>	MP_CM011_Fire_Fighting_Gear_INDEX_6	</identifier>
				<transform>
					<row0>	0.0000 0.0000 -1.0000 0.0000	</row0>
					<row1>	0.0000 1.0000 0.0000 0.0000	</row1>
					<row2>	1.0000 0.0000 0.0000 0.0000	</row2>
					<row3>	-0.2656 0.3297 1.1540 1.0000	</row3>
				</transform>
			</node>
			<node>
				<identifier>	MP_CM011_Fire_Fighting_Gear_INDEX_7	</identifier>
				<transform>
					<row0>	0.0000 0.0000 1.0000 0.0000	</row0>
					<row1>	0.0000 1.0000 0.0000 0.0000	</row1>
					<row2>	-1.0000 0.0000 0.0000 0.0000	</row2>
					<row3>	0.2656 0.3297 1.2359 1.0000	</row3>
				</transform>
			</node>
			<node>
				<identifier>	MP_CM011_Fire_Fighting_Gear_INDEX_8	</identifier>
				<transform>
					<row0>	-1.0000 0.0000 0.0000 0.0000	</row0>
					<row1>	0.0000 1.0000 0.0000 0.0000	</row1>
					<row2>	0.0000 0.0000 -1.0000 0.0000	</row2>
					<row3>	0.2240 0.3297 2.7758 1.0000	</row3>
				</transform>
			</node>
			<node>
				<identifier>	MP_CM011_Fire_Fighting_Gear_INDEX_9	</identifier>
				<transform>
					<row0>	-0.3901 0.0000 -0.9208 0.0000	</row0>
					<row1>	0.0000 1.0000 0.0000 0.0000	</row1>
					<row2>	0.9208 0.0000 -0.3901 0.0000	</row2>
					<row3>	-0.3298 0.3300 4.5871 1.0000	</row3>
				</transform>
			</node>
			<node>
				<identifier>	MP_CM029_Emergency_Box	</identifier>
				<transform>
					<row0>	0.0000 0.0000 -1.0000 0.0000	</row0>
					<row1>	0.0000 1.0000 0.0000 0.0000	</row1>
					<row2>	1.0000 0.0000 0.0000 0.0000	</row2>
					<row3>	-0.4549 0.4028 0.0316 1.0000	</row3>
				</transform>
			</node>
			<node>
				<identifier>	MP_CM029_Emergency_Box_INDEX_1	</identifier>
				<transform>
					<row0>	0.0000 0.0000 1.0000 0.0000	</row0>
					<row1>	-0.1005 0.9949 0.0000 0.0000	</row1>
					<row2>	-0.9949 -0.1005 0.0000 0.0000	</row2>
					<row3>	0.2481 0.7286 1.6775 1.0000	</row3>
				</transform>
			</node>
			<node>
				<identifier>	MP_CM029_Emergency_Box_INDEX_2	</identifier>
				<transform>
					<row0>	0.0000 0.0000 -1.0000 0.0000	</row0>
					<row1>	0.1041 0.9946 0.0000 0.0000	</row1>
					<row2>	0.9946 -0.1041 0.0000 0.0000	</row2>
					<row3>	-0.2479 0.7333 1.6775 1.0000	</row3>
				</transform>
			</node>
			<node>
				<identifier>	MP_CM052_Fender	</identifier>
				<transform>
					<row0>	0.0000 0.0000 -1.0000 0.0000	</row0>
					<row1>	0.0000 1.0000 0.0000 0.0000	</row1>
					<row2>	1.0000 0.0000 0.0000 0.0000	</row2>
					<row3>	0.2843 0.3300 1.6997 1.0000	</row3>
				</transform>
			</node>
			<node>
				<identifier>	MP_CM052_Fender_INDEX_1	</identifier>
				<transform>
					<row0>	0.9501 0.0000 -0.3120 0.0000	</row0>
					<row1>	0.0000 1.0000 0.0000 0.0000	</row1>
					<row2>	0.3120 0.0000 0.9501 0.0000	</row2>
					<row3>	0.3577 0.3300 0.7344 1.0000	</row3>
				</transform>
			</node>
			<node>
				<identifier>	MP_CM052_Fender_INDEX_2	</identifier>
				<transform>
					<row0>	0.0000 0.0000 1.0000 0.0000	</row0>
					<row1>	0.0000 1.0000 0.0000 0.0000	</row1>
					<row2>	-1.0000 0.0000 0.0000 0.0000	</row2>
					<row3>	-0.2843 0.3300 1.6997 1.0000	</row3>
				</transform>
			</node>
			<node>
				<identifier>	MP_CM052_Fender_INDEX_3	</identifier>
				<transform>
					<row0>	0.9501 0.0000 0.3120 0.0000	</row0>
					<row1>	0.0000 1.0000 0.0000 0.0000	</row1>
					<row2>	-0.3120 0.0000 0.9501 0.0000	</row2>
					<row3>	-0.3577 0.3300 0.7344 1.0000	</row3>
				</transform>
			</node>
			<node>
				<identifier>	MP_CM056_Ships_bell	</identifier>
				<transform>
					<row0>	-0.8000 0.0000 0.0000 0.0000	</row0>
					<row1>	0.0000 0.8000 0.0000 0.0000	</row1>
					<row2>	0.0000 0.0000 -0.8000 0.0000	</row2>
					<row3>	0.0167 0.9183 1.2873 1.0000	</row3>
				</transform>
			</node>
			<node>
				<identifier>	MP_CM093_Rope	</identifier>
				<transform>
					<row0>	0.0000 0.0000 -0.5000 0.0000	</row0>
					<row1>	0.0000 0.5000 0.0000 0.0000	</row1>
					<row2>	0.5000 0.0000 0.0000 0.0000	</row2>
					<row3>	0.0062 1.8886 0.9034 1.0000	</row3>
				</transform>
			</node>
			<node>
				<identifier>	MP_CM112_Fire_Extinguisher	</identifier>
				<transform>
					<row0>	-0.0872 0.0000 0.9962 0.0000	</row0>
					<row1>	0.0000 1.0000 0.0000 0.0000	</row1>
					<row2>	-0.9962 0.0000 -0.0872 0.0000	</row2>
					<row3>	0.0726 1.0102 1.7563 1.0000	</row3>
				</transform>
			</node>
			<node>
				<identifier>	MP_CM112_Fire_Extinguisher_INDEX_1	</identifier>
				<transform>
					<row0>	-0.0872 0.0000 0.9962 0.0000	</row0>
					<row1>	0.0000 1.0000 0.0000 0.0000	</row1>
					<row2>	-0.9962 0.0000 -0.0872 0.0000	</row2>
					<row3>	-0.0724 1.0102 1.7562 1.0000	</row3>
				</transform>
			</node>
			<node>
				<identifier>	MP_CM112_Fire_Extinguisher_INDEX_2	</identifier>
				<transform>
					<row0>	0.0000 0.0000 1.0000 0.0000	</row0>
					<row1>	0.0000 1.0000 0.0000 0.0000	</row1>
					<row2>	-1.0000 0.0000 0.0000 0.0000	</row2>
					<row3>	0.1586 1.0232 1.8599 1.0000	</row3>
				</transform>
			</node>
			<node>
				<identifier>	MP_CM112_Fire_Extinguisher_INDEX_3	</identifier>
				<transform>
					<row0>	0.0000 0.0000 -1.0000 0.0000	</row0>
					<row1>	0.0000 1.0000 0.0000 0.0000	</row1>
					<row2>	1.0000 0.0000 0.0000 0.0000	</row2>
					<row3>	-0.1586 1.0232 1.8599 1.0000	</row3>
				</transform>
			</node>
			<node>
				<identifier>	MP_RM011_Insulator_2	</identifier>
				<transform>
					<row0>	0.8311 0.0000 0.5562 0.0000	</row0>
					<row1>	0.5562 0.0000 -0.8311 0.0000	</row1>
					<row2>	0.0000 1.0000 0.0000 0.0000	</row2>
					<row3>	0.2065 1.3862 1.2638 1.0000	</row3>
				</transform>
			</node>
			<node>
				<identifier>	MP_RM011_Insulator_2_INDEX_1	</identifier>
				<transform>
					<row0>	0.8311 0.0000 -0.5562 0.0000	</row0>
					<row1>	-0.5562 0.0000 -0.8311 0.0000	</row1>
					<row2>	0.0000 1.0000 0.0000 0.0000	</row2>
					<row3>	-0.2065 1.3862 1.2638 1.0000	</row3>
				</transform>
			</node>
			<node>
				<identifier>	MP_RM065_Ammunition_Box	</identifier>
				<transform>
					<row0>	0.9230 0.0000 -0.3848 0.0000	</row0>
					<row1>	0.0000 1.0000 0.0000 0.0000	</row1>
					<row2>	0.3848 0.0000 0.9230 0.0000	</row2>
					<row3>	-0.0768 0.6733 0.1504 1.0000	</row3>
				</transform>
			</node>
			<node>
				<identifier>	MP_RM065_Ammunition_Box_INDEX_1	</identifier>
				<transform>
					<row0>	0.7803 0.0000 0.6255 0.0000	</row0>
					<row1>	0.0000 1.0000 0.0000 0.0000	</row1>
					<row2>	-0.6255 0.0000 0.7803 0.0000	</row2>
					<row3>	0.1169 0.6733 0.1743 1.0000	</row3>
				</transform>
			</node>
			<node>
				<identifier>	MP_RM065_Ammunition_Box_INDEX_2	</identifier>
				<transform>
					<row0>	0.7803 0.0000 -0.6255 0.0000	</row0>
					<row1>	0.0000 1.0000 0.0000 0.0000	</row1>
					<row2>	0.6255 0.0000 0.7803 0.0000	</row2>
					<row3>	-0.1169 0.6733 0.1743 1.0000	</row3>
				</transform>
			</node>
			<node>
				<identifier>	MP_RM065_Ammunition_Box_INDEX_3	</identifier>
				<transform>
					<row0>	0.9230 0.0000 0.3848 0.0000	</row0>
					<row1>	0.0000 1.0000 0.0000 0.0000	</row1>
					<row2>	-0.3848 0.0000 0.9230 0.0000	</row2>
					<row3>	0.0768 0.6733 0.1504 1.0000	</row3>
				</transform>
			</node>
			<node>
				<identifier>	MP_RM067_Ammunition_Box	</identifier>
				<transform>
					<row0>	1.0000 0.0000 0.0000 0.0000	</row0>
					<row1>	0.0000 1.0000 0.0000 0.0000	</row1>
					<row2>	0.0000 0.0000 1.0000 0.0000	</row2>
					<row3>	0.3081 0.3289 2.5128 1.0000	</row3>
				</transform>
			</node>
			<node>
				<identifier>	MP_RM067_Ammunition_Box_INDEX_1	</identifier>
				<transform>
					<row0>	1.0000 0.0000 0.0000 0.0000	</row0>
					<row1>	0.0000 1.0000 0.0000 0.0000	</row1>
					<row2>	0.0000 0.0000 1.0000 0.0000	</row2>
					<row3>	-0.4214 0.3289 -0.2145 1.0000	</row3>
				</transform>
			</node>
			<node>
				<identifier>	MP_RM067_Ammunition_Box_INDEX_2	</identifier>
				<transform>
					<row0>	1.0000 0.0000 0.0000 0.0000	</row0>
					<row1>	0.0000 1.0000 0.0000 0.0000	</row1>
					<row2>	0.0000 0.0000 1.0000 0.0000	</row2>
					<row3>	-0.3071 0.3289 2.4350 1.0000	</row3>
				</transform>
			</node>
			<node>
				<identifier>	MP_RM067_Ammunition_Box_INDEX_3	</identifier>
				<transform>
					<row0>	1.0000 0.0000 0.0000 0.0000	</row0>
					<row1>	0.0000 1.0000 0.0000 0.0000	</row1>
					<row2>	0.0000 0.0000 1.0000 0.0000	</row2>
					<row3>	0.3081 0.3289 2.4194 1.0000	</row3>
				</transform>
			</node>
			<node>
				<identifier>	MP_RM067_Ammunition_Box_INDEX_4	</identifier>
				<transform>
					<row0>	1.0000 0.0000 0.0000 0.0000	</row0>
					<row1>	0.0000 1.0000 0.0000 0.0000	</row1>
					<row2>	0.0000 0.0000 1.0000 0.0000	</row2>
					<row3>	-0.3071 0.3289 2.5204 1.0000	</row3>
				</transform>
			</node>
			<node>
				<identifier>	MP_RM067_Ammunition_Box_INDEX_5	</identifier>
				<transform>
					<row0>	1.0000 0.0000 0.0000 0.0000	</row0>
					<row1>	0.0000 1.0000 0.0000 0.0000	</row1>
					<row2>	0.0000 0.0000 1.0000 0.0000	</row2>
					<row3>	0.4214 0.3289 -0.2145 1.0000	</row3>
				</transform>
			</node>
			<node>
				<identifier>	MP_RM092_Wind_Direction	</identifier>
				<transform>
					<row0>	0.0000 0.0000 -1.0000 0.0000	</row0>
					<row1>	0.0000 1.0000 0.0000 0.0000	</row1>
					<row2>	1.0000 0.0000 0.0000 0.0000	</row2>
					<row3>	-0.4416 1.8124 1.5667 1.0000	</row3>
				</transform>
			</node>
			<node>
				<identifier>	MP_RM093_Wind_Intensity	</identifier>
				<transform>
					<row0>	0.0000 0.0000 1.0000 0.0000	</row0>
					<row1>	0.0000 1.0000 0.0000 0.0000	</row1>
					<row2>	-1.0000 0.0000 0.0000 0.0000	</row2>
					<row3>	0.4419 1.8124 1.5662 1.0000	</row3>
				</transform>
			</node>
			<node>
				<identifier>	MP_RM164_Lifeboat_5_5m	</identifier>
				<transform>
					<row0>	0.9963 0.0000 -0.0856 0.0000	</row0>
					<row1>	0.0000 1.0000 0.0000 0.0000	</row1>
					<row2>	0.0856 0.0000 0.9963 0.0000	</row2>
					<row3>	-0.7603 0.3633 3.6913 1.0000	</row3>
				</transform>
			</node>
			<node>
				<identifier>	MP_RM164_Lifeboat_5_5m_INDEX_1	</identifier>
				<transform>
					<row0>	0.9963 0.0000 0.0856 0.0000	</row0>
					<row1>	0.0000 1.0000 0.0000 0.0000	</row1>
					<row2>	-0.0856 0.0000 0.9963 0.0000	</row2>
					<row3>	0.7603 0.3633 3.6913 1.0000	</row3>
				</transform>
			</node>
			<node>
				<identifier>	MP_RM173_Signal_lanp_450mm_MSPl452	</identifier>
				<transform>
					<row0>	0.0000 0.0000 -1.0000 0.0000	</row0>
					<row1>	0.0000 1.0000 0.0000 0.0000	</row1>
					<row2>	1.0000 0.0000 0.0000 0.0000	</row2>
					<row3>	0.2751 1.1287 1.6390 1.0000	</row3>
				</transform>
			</node>
			<node>
				<identifier>	MP_RM173_Signal_lanp_450mm_MSPl452_INDEX_1	</identifier>
				<transform>
					<row0>	0.0000 0.0000 -1.0000 0.0000	</row0>
					<row1>	0.0000 1.0000 0.0000 0.0000	</row1>
					<row2>	1.0000 0.0000 0.0000 0.0000	</row2>
					<row3>	0.2465 0.9749 1.7921 1.0000	</row3>
				</transform>
			</node>
			<node>
				<identifier>	MP_RM173_Signal_lanp_450mm_MSPl452_INDEX_2	</identifier>
				<transform>
					<row0>	0.0000 0.0000 1.0000 0.0000	</row0>
					<row1>	0.0000 1.0000 0.0000 0.0000	</row1>
					<row2>	-1.0000 0.0000 0.0000 0.0000	</row2>
					<row3>	-0.2751 1.1287 1.6390 1.0000	</row3>
				</transform>
			</node>
			<node>
				<identifier>	MP_RM173_Signal_lanp_450mm_MSPl452_INDEX_3	</identifier>
				<transform>
					<row0>	0.0000 0.0000 1.0000 0.0000	</row0>
					<row1>	0.0000 1.0000 0.0000 0.0000	</row1>
					<row2>	-1.0000 0.0000 0.0000 0.0000	</row2>
					<row3>	-0.2465 0.9749 1.7921 1.0000	</row3>
				</transform>
			</node>
			<node>
				<identifier>	MP_RM175_Searchlight_900mm_MPE9	</identifier>
				<transform>
					<row0>	0.0000 0.0000 -1.0000 0.0000	</row0>
					<row1>	0.0000 1.0000 0.0000 0.0000	</row1>
					<row2>	1.0000 0.0000 0.0000 0.0000	</row2>
					<row3>	0.2372 1.1944 0.7026 1.0000	</row3>
				</transform>
			</node>
			<node>
				<identifier>	MP_RM175_Searchlight_900mm_MPE9_INDEX_1	</identifier>
				<transform>
					<row0>	0.0000 0.0000 1.0000 0.0000	</row0>
					<row1>	0.0000 1.0000 0.0000 0.0000	</row1>
					<row2>	-1.0000 0.0000 0.0000 0.0000	</row2>
					<row3>	-0.2372 1.1944 0.7026 1.0000	</row3>
				</transform>
			</node>
			<node>
				<identifier>	MP_RM194_Magnetic_Compass	</identifier>
				<transform>
					<row0>	-1.0000 0.0000 0.0000 0.0000	</row0>
					<row1>	0.0000 1.0000 0.0000 0.0000	</row1>
					<row2>	0.0000 0.0000 -1.0000 0.0000	</row2>
					<row3>	0.0000 1.1298 1.8146 1.0000	</row3>
				</transform>
			</node>
			<node>
				<identifier>	MP_RM196_Pelorus	</identifier>
				<transform>
					<row0>	0.0000 0.0000 -1.0000 0.0000	</row0>
					<row1>	0.0000 1.0000 0.0000 0.0000	</row1>
					<row2>	1.0000 0.0000 0.0000 0.0000	</row2>
					<row3>	-0.3200 0.6616 1.3022 1.0000	</row3>
				</transform>
			</node>
			<node>
				<identifier>	MP_RM196_Pelorus_INDEX_1	</identifier>
				<transform>
					<row0>	0.0000 0.0000 1.0000 0.0000	</row0>
					<row1>	0.0000 1.0000 0.0000 0.0000	</row1>
					<row2>	-1.0000 0.0000 0.0000 0.0000	</row2>
					<row3>	0.3216 0.6616 1.3022 1.0000	</row3>
				</transform>
			</node>
			<node>
				<identifier>	MP_RM199_Running_Lights_F	</identifier>
				<transform>
					<row0>	1.0000 0.0000 0.0000 0.0000	</row0>
					<row1>	0.0000 1.0000 0.0000 0.0000	</row1>
					<row2>	0.0000 0.0000 1.0000 0.0000	</row2>
					<row3>	0.0000 1.3277 1.8864 1.0000	</row3>
				</transform>
			</node>
			<node>
				<identifier>	MP_RM199_Running_Lights_F_INDEX_1	</identifier>
				<transform>
					<row0>	1.0000 0.0000 0.0000 0.0000	</row0>
					<row1>	0.0000 1.0000 0.0000 0.0000	</row1>
					<row2>	0.0000 0.0000 1.0000 0.0000	</row2>
					<row3>	0.0000 1.8321 1.8851 1.0000	</row3>
				</transform>
			</node>
			<node>
				<identifier>	MP_RM199_Running_Lights_F_INDEX_2	</identifier>
				<transform>
					<row0>	1.0000 0.0000 0.0000 0.0000	</row0>
					<row1>	0.0000 1.0000 0.0000 0.0000	</row1>
					<row2>	0.0000 0.0000 1.0000 0.0000	</row2>
					<row3>	0.0000 1.6685 1.6935 1.0000	</row3>
				</transform>
			</node>
			<node>
				<identifier>	MP_RM199_Running_Lights_F_INDEX_3	</identifier>
				<transform>
					<row0>	1.0000 0.0000 0.0000 0.0000	</row0>
					<row1>	0.0000 1.0000 0.0000 0.0000	</row1>
					<row2>	0.0000 0.0000 1.0000 0.0000	</row2>
					<row3>	0.0000 1.9761 1.8210 1.0000	</row3>
				</transform>
			</node>
			<node>
				<identifier>	MP_RM208_Flag_Box	</identifier>
				<transform>
					<row0>	0.0000 0.0000 1.0000 0.0000	</row0>
					<row1>	0.0000 1.0000 0.0000 0.0000	</row1>
					<row2>	-1.0000 0.0000 0.0000 0.0000	</row2>
					<row3>	0.2635 1.1400 1.4047 1.0000	</row3>
				</transform>
			</node>
			<node>
				<identifier>	MP_RM208_Flag_Box_INDEX_1	</identifier>
				<transform>
					<row0>	0.0000 0.0000 -1.0000 0.0000	</row0>
					<row1>	0.0000 1.0000 0.0000 0.0000	</row1>
					<row2>	1.0000 0.0000 0.0000 0.0000	</row2>
					<row3>	-0.2635 1.1400 1.4047 1.0000	</row3>
				</transform>
			</node>
			<node>
				<identifier>	MP_RM214_Life_Buoy	</identifier>
				<transform>
					<row0>	-0.0989 0.0000 0.9951 0.0000	</row0>
					<row1>	0.0000 1.0000 0.0000 0.0000	</row1>
					<row2>	-0.9951 0.0000 -0.0989 0.0000	</row2>
					<row3>	0.7742 0.4025 4.1978 1.0000	</row3>
				</transform>
			</node>
			<node>
				<identifier>	MP_RM214_Life_Buoy_INDEX_1	</identifier>
				<transform>
					<row0>	-0.0989 0.0000 -0.9951 0.0000	</row0>
					<row1>	0.0000 1.0000 0.0000 0.0000	</row1>
					<row2>	0.9951 0.0000 -0.0989 0.0000	</row2>
					<row3>	-0.7742 0.4025 4.1978 1.0000	</row3>
				</transform>
			</node>
			<node>
				<identifier>	MP_RM227_Fire_control_station	</identifier>
				<transform>
					<row0>	-0.8761 0.0000 0.4822 0.0000	</row0>
					<row1>	0.0000 1.0000 0.0000 0.0000	</row1>
					<row2>	-0.4822 0.0000 -0.8761 0.0000	</row2>
					<row3>	0.1148 1.5292 1.7761 1.0000	</row3>
				</transform>
			</node>
			<node>
				<identifier>	MP_RM227_Fire_control_station_INDEX_1	</identifier>
				<transform>
					<row0>	-0.8761 0.0000 0.4822 0.0000	</row0>
					<row1>	0.0000 1.0000 0.0000 0.0000	</row1>
					<row2>	-0.4822 0.0000 -0.8761 0.0000	</row2>
					<row3>	0.0962 1.5292 1.7863 1.0000	</row3>
				</transform>
			</node>
			<node>
				<identifier>	MP_RM231_Provisions_TA	</identifier>
				<transform>
					<row0>	-0.5228 0.0000 0.8525 0.0000	</row0>
					<row1>	0.0000 1.0000 0.0000 0.0000	</row1>
					<row2>	-0.8525 0.0000 -0.5228 0.0000	</row2>
					<row3>	0.1978 1.5292 1.7091 1.0000	</row3>
				</transform>
			</node>
			<node>
				<identifier>	MP_RM231_Provisions_TA_INDEX_1	</identifier>
				<transform>
					<row0>	-0.5760 0.0000 0.8175 0.0000	</row0>
					<row1>	0.0000 1.0000 0.0000 0.0000	</row1>
					<row2>	-0.8175 0.0000 -0.5760 0.0000	</row2>
					<row3>	0.1891 1.5292 1.7224 1.0000	</row3>
				</transform>
			</node>
			<node>
				<identifier>	MP_RM234_Transmitter_Telegraph	</identifier>
				<transform>
					<row0>	-0.9612 0.0000 0.2759 0.0000	</row0>
					<row1>	0.0000 1.0000 0.0000 0.0000	</row1>
					<row2>	-0.2759 0.0000 -0.9612 0.0000	</row2>
					<row3>	0.0253 1.5005 1.8205 1.0000	</row3>
				</transform>
			</node>
			<node>
				<identifier>	MP_RM235_Transmitter_Ttargeting	</identifier>
				<transform>
					<row0>	-0.9667 0.0000 0.2558 0.0000	</row0>
					<row1>	0.0000 1.0000 0.0000 0.0000	</row1>
					<row2>	-0.2558 0.0000 -0.9667 0.0000	</row2>
					<row3>	0.0242 1.5261 1.8208 1.0000	</row3>
				</transform>
			</node>
			<node>
				<identifier>	MP_RM271_Lifeboat_SPS18	</identifier>
				<transform>
					<row0>	0.0000 0.0000 1.0000 0.0000	</row0>
					<row1>	0.0000 1.0000 0.0000 0.0000	</row1>
					<row2>	-1.0000 0.0000 0.0000 0.0000	</row2>
					<row3>	-0.0910 0.5020 2.6510 1.0000	</row3>
				</transform>
			</node>
			<node>
				<identifier>	MP_RM271_Lifeboat_SPS18_INDEX_1	</identifier>
				<transform>
					<row0>	0.0000 0.0000 1.0000 0.0000	</row0>
					<row1>	0.0000 1.0000 0.0000 0.0000	</row1>
					<row2>	-1.0000 0.0000 0.0000 0.0000	</row2>
					<row3>	-0.0922 0.5354 2.5473 1.0000	</row3>
				</transform>
			</node>
			<node>
				<identifier>	MP_RM271_Lifeboat_SPS18_INDEX_10	</identifier>
				<transform>
					<row0>	0.0000 0.0000 1.0000 0.0000	</row0>
					<row1>	0.0000 1.0000 0.0000 0.0000	</row1>
					<row2>	-1.0000 0.0000 0.0000 0.0000	</row2>
					<row3>	-0.0910 0.5687 2.6510 1.0000	</row3>
				</transform>
			</node>
			<node>
				<identifier>	MP_RM271_Lifeboat_SPS18_INDEX_11	</identifier>
				<transform>
					<row0>	0.0000 0.0000 1.0000 0.0000	</row0>
					<row1>	0.0000 1.0000 0.0000 0.0000	</row1>
					<row2>	-1.0000 0.0000 0.0000 0.0000	</row2>
					<row3>	0.3231 0.6763 0.0030 1.0000	</row3>
				</transform>
			</node>
			<node>
				<identifier>	MP_RM271_Lifeboat_SPS18_INDEX_12	</identifier>
				<transform>
					<row0>	0.0000 0.0000 -1.0000 0.0000	</row0>
					<row1>	0.0000 1.0000 0.0000 0.0000	</row1>
					<row2>	1.0000 0.0000 0.0000 0.0000	</row2>
					<row3>	0.0922 0.5020 2.5473 1.0000	</row3>
				</transform>
			</node>
			<node>
				<identifier>	MP_RM271_Lifeboat_SPS18_INDEX_13	</identifier>
				<transform>
					<row0>	0.0000 0.0000 -1.0000 0.0000	</row0>
					<row1>	0.0000 1.0000 0.0000 0.0000	</row1>
					<row2>	1.0000 0.0000 0.0000 0.0000	</row2>
					<row3>	0.0922 0.5354 2.5473 1.0000	</row3>
				</transform>
			</node>
			<node>
				<identifier>	MP_RM271_Lifeboat_SPS18_INDEX_14	</identifier>
				<transform>
					<row0>	0.0000 0.0000 -1.0000 0.0000	</row0>
					<row1>	0.0000 1.0000 0.0000 0.0000	</row1>
					<row2>	1.0000 0.0000 0.0000 0.0000	</row2>
					<row3>	0.0922 0.5687 2.5473 1.0000	</row3>
				</transform>
			</node>
			<node>
				<identifier>	MP_RM271_Lifeboat_SPS18_INDEX_15	</identifier>
				<transform>
					<row0>	0.0000 0.0000 -1.0000 0.0000	</row0>
					<row1>	0.0000 1.0000 0.0000 0.0000	</row1>
					<row2>	1.0000 0.0000 0.0000 0.0000	</row2>
					<row3>	0.0910 0.5020 2.6510 1.0000	</row3>
				</transform>
			</node>
			<node>
				<identifier>	MP_RM271_Lifeboat_SPS18_INDEX_16	</identifier>
				<transform>
					<row0>	0.0000 0.0000 -1.0000 0.0000	</row0>
					<row1>	0.0000 1.0000 0.0000 0.0000	</row1>
					<row2>	1.0000 0.0000 0.0000 0.0000	</row2>
					<row3>	0.0910 0.5354 2.6510 1.0000	</row3>
				</transform>
			</node>
			<node>
				<identifier>	MP_RM271_Lifeboat_SPS18_INDEX_17	</identifier>
				<transform>
					<row0>	0.0000 0.0000 -1.0000 0.0000	</row0>
					<row1>	0.0000 1.0000 0.0000 0.0000	</row1>
					<row2>	1.0000 0.0000 0.0000 0.0000	</row2>
					<row3>	0.0910 0.5687 2.6510 1.0000	</row3>
				</transform>
			</node>
			<node>
				<identifier>	MP_RM271_Lifeboat_SPS18_INDEX_18	</identifier>
				<transform>
					<row0>	-0.2900 0.0000 -0.9570 0.0000	</row0>
					<row1>	0.9570 0.0000 -0.2900 0.0000	</row1>
					<row2>	0.0000 -1.0000 0.0000 0.0000	</row2>
					<row3>	0.3385 0.4165 3.0925 1.0000	</row3>
				</transform>
			</node>
			<node>
				<identifier>	MP_RM271_Lifeboat_SPS18_INDEX_19	</identifier>
				<transform>
					<row0>	0.0000 0.0000 -1.0000 0.0000	</row0>
					<row1>	1.0000 0.0000 0.0000 0.0000	</row1>
					<row2>	0.0000 -1.0000 0.0000 0.0000	</row2>
					<row3>	0.3557 0.4165 3.1957 1.0000	</row3>
				</transform>
			</node>
			<node>
				<identifier>	MP_RM271_Lifeboat_SPS18_INDEX_2	</identifier>
				<transform>
					<row0>	0.0000 0.0000 1.0000 0.0000	</row0>
					<row1>	0.0000 1.0000 0.0000 0.0000	</row1>
					<row2>	-1.0000 0.0000 0.0000 0.0000	</row2>
					<row3>	-0.3242 0.7095 0.0047 1.0000	</row3>
				</transform>
			</node>
			<node>
				<identifier>	MP_RM271_Lifeboat_SPS18_INDEX_20	</identifier>
				<transform>
					<row0>	-0.6326 0.0000 -0.7745 0.0000	</row0>
					<row1>	0.7745 0.0000 -0.6326 0.0000	</row1>
					<row2>	0.0000 -1.0000 0.0000 0.0000	</row2>
					<row3>	0.2738 0.4165 2.9714 1.0000	</row3>
				</transform>
			</node>
			<node>
				<identifier>	MP_RM271_Lifeboat_SPS18_INDEX_21	</identifier>
				<transform>
					<row0>	0.0000 0.0000 1.0000 0.0000	</row0>
					<row1>	-1.0000 0.0000 0.0000 0.0000	</row1>
					<row2>	0.0000 -1.0000 0.0000 0.0000	</row2>
					<row3>	-0.3557 0.4165 3.1957 1.0000	</row3>
				</transform>
			</node>
			<node>
				<identifier>	MP_RM271_Lifeboat_SPS18_INDEX_22	</identifier>
				<transform>
					<row0>	-0.2900 0.0000 0.9570 0.0000	</row0>
					<row1>	-0.9570 0.0000 -0.2900 0.0000	</row1>
					<row2>	0.0000 -1.0000 0.0000 0.0000	</row2>
					<row3>	-0.3385 0.4165 3.0925 1.0000	</row3>
				</transform>
			</node>
			<node>
				<identifier>	MP_RM271_Lifeboat_SPS18_INDEX_23	</identifier>
				<transform>
					<row0>	-0.6326 0.0000 0.7745 0.0000	</row0>
					<row1>	-0.7745 0.0000 -0.6326 0.0000	</row1>
					<row2>	0.0000 -1.0000 0.0000 0.0000	</row2>
					<row3>	-0.2738 0.4165 2.9714 1.0000	</row3>
				</transform>
			</node>
			<node>
				<identifier>	MP_RM271_Lifeboat_SPS18_INDEX_24	</identifier>
				<transform>
					<row0>	0.3169 0.0000 -0.9485 0.0000	</row0>
					<row1>	0.9485 0.0000 0.3169 0.0000	</row1>
					<row2>	0.0000 -1.0000 0.0000 0.0000	</row2>
					<row3>	0.5121 0.4165 0.5804 1.0000	</row3>
				</transform>
			</node>
			<node>
				<identifier>	MP_RM271_Lifeboat_SPS18_INDEX_25	</identifier>
				<transform>
					<row0>	0.3169 0.0000 0.9485 0.0000	</row0>
					<row1>	-0.9485 0.0000 0.3169 0.0000	</row1>
					<row2>	0.0000 -1.0000 0.0000 0.0000	</row2>
					<row3>	-0.5121 0.4165 0.5804 1.0000	</row3>
				</transform>
			</node>
			<node>
				<identifier>	MP_RM271_Lifeboat_SPS18_INDEX_3	</identifier>
				<transform>
					<row0>	0.0000 0.0000 1.0000 0.0000	</row0>
					<row1>	0.0000 1.0000 0.0000 0.0000	</row1>
					<row2>	-1.0000 0.0000 0.0000 0.0000	</row2>
					<row3>	-0.0922 0.5687 2.5473 1.0000	</row3>
				</transform>
			</node>
			<node>
				<identifier>	MP_RM271_Lifeboat_SPS18_INDEX_4	</identifier>
				<transform>
					<row0>	0.0000 0.0000 1.0000 0.0000	</row0>
					<row1>	0.0000 1.0000 0.0000 0.0000	</row1>
					<row2>	-1.0000 0.0000 0.0000 0.0000	</row2>
					<row3>	-0.3242 0.7429 0.0047 1.0000	</row3>
				</transform>
			</node>
			<node>
				<identifier>	MP_RM271_Lifeboat_SPS18_INDEX_5	</identifier>
				<transform>
					<row0>	0.0000 0.0000 1.0000 0.0000	</row0>
					<row1>	0.0000 1.0000 0.0000 0.0000	</row1>
					<row2>	-1.0000 0.0000 0.0000 0.0000	</row2>
					<row3>	0.3231 0.7429 0.0030 1.0000	</row3>
				</transform>
			</node>
			<node>
				<identifier>	MP_RM271_Lifeboat_SPS18_INDEX_6	</identifier>
				<transform>
					<row0>	0.0000 0.0000 1.0000 0.0000	</row0>
					<row1>	0.0000 1.0000 0.0000 0.0000	</row1>
					<row2>	-1.0000 0.0000 0.0000 0.0000	</row2>
					<row3>	-0.3242 0.6763 0.0047 1.0000	</row3>
				</transform>
			</node>
			<node>
				<identifier>	MP_RM271_Lifeboat_SPS18_INDEX_7	</identifier>
				<transform>
					<row0>	0.0000 0.0000 1.0000 0.0000	</row0>
					<row1>	0.0000 1.0000 0.0000 0.0000	</row1>
					<row2>	-1.0000 0.0000 0.0000 0.0000	</row2>
					<row3>	-0.0922 0.5020 2.5473 1.0000	</row3>
				</transform>
			</node>
			<node>
				<identifier>	MP_RM271_Lifeboat_SPS18_INDEX_8	</identifier>
				<transform>
					<row0>	0.0000 0.0000 1.0000 0.0000	</row0>
					<row1>	0.0000 1.0000 0.0000 0.0000	</row1>
					<row2>	-1.0000 0.0000 0.0000 0.0000	</row2>
					<row3>	0.3231 0.7095 0.0030 1.0000	</row3>
				</transform>
			</node>
			<node>
				<identifier>	MP_RM271_Lifeboat_SPS18_INDEX_9	</identifier>
				<transform>
					<row0>	0.0000 0.0000 1.0000 0.0000	</row0>
					<row1>	0.0000 1.0000 0.0000 0.0000	</row1>
					<row2>	-1.0000 0.0000 0.0000 0.0000	</row2>
					<row3>	-0.0910 0.5354 2.6510 1.0000	</row3>
				</transform>
			</node>
			<node>
				<identifier>	MP_RM273_Fire_Hose_Rack_box	</identifier>
				<transform>
					<row0>	1.0000 0.0000 0.0000 0.0000	</row0>
					<row1>	0.0000 1.0000 0.0000 0.0000	</row1>
					<row2>	0.0000 0.0000 1.0000 0.0000	</row2>
					<row3>	0.1115 0.3847 2.7658 1.0000	</row3>
				</transform>
			</node>
			<node>
				<identifier>	MP_RM273_Fire_Hose_Rack_box_INDEX_1	</identifier>
				<transform>
					<row0>	0.2840 0.0000 -0.9588 0.0000	</row0>
					<row1>	0.0000 1.0000 0.0000 0.0000	</row1>
					<row2>	0.9588 0.0000 0.2840 0.0000	</row2>
					<row3>	0.1600 0.7379 0.7208 1.0000	</row3>
				</transform>
			</node>
			<node>
				<identifier>	MP_RM273_Fire_Hose_Rack_box_INDEX_2	</identifier>
				<transform>
					<row0>	-0.6269 0.0000 -0.7791 0.0000	</row0>
					<row1>	0.0000 1.0000 0.0000 0.0000	</row1>
					<row2>	0.7791 0.0000 -0.6269 0.0000	</row2>
					<row3>	0.4224 0.3902 -0.0324 1.0000	</row3>
				</transform>
			</node>
			<node>
				<identifier>	MP_RM273_Fire_Hose_Rack_box_INDEX_3	</identifier>
				<transform>
