<SSC005_Almirante_Cervera_1941_Stern_ports.visual>
	<node>
		<identifier>	Scene Root	</identifier>
		<transform>
			<row0>	1.0000 0.0000 0.0000 0.0000	</row0>
			<row1>	0.0000 1.0000 0.0000 0.0000	</row1>
			<row2>	0.0000 0.0000 1.0000 0.0000	</row2>
			<row3>	0.0000 0.0000 0.0000 1.0000	</row3>
		</transform>
		<node>
			<identifier>	Stern_ports	</identifier>
			<transform>
				<row0>	1.0000 0.0000 0.0000 0.0000	</row0>
				<row1>	0.0000 1.0000 0.0000 0.0000	</row1>
				<row2>	0.0000 0.0000 1.0000 0.0000	</row2>
				<row3>	0.0000 0.0000 0.0000 1.0000	</row3>
			</transform>
			<node>
				<identifier>	HP_FX_Fire_4	</identifier>
				<transform>
					<row0>	1.0000 0.0000 0.0000 0.0000	</row0>
					<row1>	0.0000 1.0000 0.0000 0.0000	</row1>
					<row2>	0.0000 0.0000 1.0000 0.0000	</row2>
					<row3>	0.0000 0.2761 -5.1334 1.0000	</row3>
				</transform>
			</node>
			<node>
				<identifier>	HP_FX_WakeTraceBack	</identifier>
				<transform>
					<row0>	1.0000 0.0000 0.0000 0.0000	</row0>
					<row1>	0.0000 1.0000 0.0000 0.0000	</row1>
					<row2>	0.0000 0.0000 1.0000 0.0000	</row2>
					<row3>	0.0000 0.0000 -5.8254 1.0000	</row3>
				</transform>
			</node>
			<node>
				<identifier>	HP_FX_WakeTrace_screw_2	</identifier>
				<transform>
					<row0>	1.0000 0.0000 0.0000 0.0000	</row0>
					<row1>	0.0000 1.0000 0.0000 0.0000	</row1>
					<row2>	0.0000 0.0000 1.0000 0.0000	</row2>
					<row3>	-0.1784 -0.2608 -4.9667 1.0000	</row3>
				</transform>
			</node>
			<node>
				<identifier>	HP_FX_WakeTrace_screw_3	</identifier>
				<transform>
					<row0>	1.0000 0.0000 0.0000 0.0000	</row0>
					<row1>	0.0000 1.0000 0.0000 0.0000	</row1>
					<row2>	0.0000 0.0000 1.0000 0.0000	</row2>
					<row3>	0.1780 -0.2610 -4.9670 1.0000	</row3>
				</transform>
			</node>
			<node>
				<identifier>	HP_SGA_7	</identifier>
				<transform>
					<row0>	-1.0000 0.0000 0.0000 0.0000	</row0>
					<row1>	0.0000 1.0000 0.0000 0.0000	</row1>
					<row2>	0.0000 0.0000 -1.0000 0.0000	</row2>
					<row3>	-0.1044 0.2849 -5.2304 1.0000	</row3>
				</transform>
			</node>
			<node>
				<identifier>	HP_SGA_8	</identifier>
				<transform>
					<row0>	-1.0000 0.0000 0.0000 0.0000	</row0>
					<row1>	0.0000 1.0000 0.0000 0.0000	</row1>
					<row2>	0.0000 0.0000 -1.0000 0.0000	</row2>
					<row3>	0.1044 0.2849 -5.2304 1.0000	</row3>
				</transform>
			</node>
			<node>
				<identifier>	HP_SGM_5	</identifier>
				<transform>
					<row0>	-1.0000 0.0000 0.0000 0.0000	</row0>
					<row1>	0.0000 1.0000 0.0000 0.0000	</row1>
					<row2>	0.0000 0.0000 -1.0000 0.0000	</row2>
					<row3>	0.0000 0.2405 -4.6265 1.0000	</row3>
				</transform>
			</node>
			<node>
				<identifier>	HP_Ship_death_3	</identifier>
				<transform>
					<row0>	1.0000 0.0000 0.0000 0.0000	</row0>
					<row1>	0.0000 1.0000 0.0000 0.0000	</row1>
					<row2>	0.0000 0.0000 1.0000 0.0000	</row2>
					<row3>	0.0000 0.0000 -4.4023 1.0000	</row3>
				</transform>
			</node>
			<node>
				<identifier>	MP_CM001_Propeller3_L	</identifier>
				<transform>
					<row0>	1.0000 0.0000 0.0000 0.0000	</row0>
					<row1>	0.0000 0.9993 -0.0363 0.0000	</row1>
					<row2>	0.0000 0.0363 0.9993 0.0000	</row2>
					<row3>	-0.1780 -0.2604 -4.9668 1.0000	</row3>
				</transform>
			</node>
			<node>
				<identifier>	MP_CM032_Propeller3_R	</identifier>
				<transform>
					<row0>	1.0000 0.0000 0.0000 0.0000	</row0>
					<row1>	0.0000 0.9993 -0.0363 0.0000	</row1>
					<row2>	0.0000 0.0363 0.9993 0.0000	</row2>
					<row3>	0.1780 -0.2604 -4.9668 1.0000	</row3>
				</transform>
			</node>
			<node>
				<identifier>	MP_SM015_Life_Buoy	</identifier>
				<transform>
					<row0>	0.3539 0.0000 0.9353 0.0000	</row0>
					<row1>	0.0000 1.0000 0.0000 0.0000	</row1>
					<row2>	-0.9353 0.0000 0.3539 0.0000	</row2>
					<row3>	0.1732 0.3516 -5.5121 1.0000	</row3>
				</transform>
			</node>
			<node>
				<identifier>	MP_SM015_Life_Buoy_INDEX_1	</identifier>
				<transform>
					<row0>	0.3539 0.0000 -0.9353 0.0000	</row0>
					<row1>	0.0000 1.0000 0.0000 0.0000	</row1>
					<row2>	0.9353 0.0000 0.3539 0.0000	</row2>
					<row3>	-0.1732 0.3516 -5.5121 1.0000	</row3>
				</transform>
			</node>
			<node>
				<identifier>	MP_SM026_Running_Lights_B	</identifier>
				<transform>
					<row0>	-1.0438 0.0000 0.0000 0.0000	</row0>
					<row1>	0.0000 1.0438 0.0000 0.0000	</row1>
					<row2>	0.0000 0.0000 -1.0438 0.0000	</row2>
					<row3>	0.0001 0.4663 -5.7523 1.0000	</row3>
				</transform>
			</node>
			<node>
				<identifier>	MP_SM073_Helice_inscription_Black	</identifier>
				<transform>
					<row0>	-0.1915 -0.0278 0.9811 0.0000	</row0>
					<row1>	-0.2168 0.9761 -0.0147 0.0000	</row1>
					<row2>	-0.9573 -0.2155 -0.1930 0.0000	</row2>
					<row3>	-0.3041 0.2537 -5.0039 1.0000	</row3>
				</transform>
			</node>
			<node>
				<identifier>	MP_SM073_Helice_inscription_Black_INDEX_1	</identifier>
				<transform>
					<row0>	-0.1915 0.0278 -0.9811 0.0000	</row0>
					<row1>	0.2168 0.9761 -0.0147 0.0000	</row1>
					<row2>	0.9573 -0.2155 -0.1930 0.0000	</row2>
					<row3>	0.3041 0.2537 -5.0039 1.0000	</row3>
				</transform>
			</node>
			<node>
				<identifier>	MP_SM700_Ammunition_Box	</identifier>
				<transform>
					<row0>	1.0000 0.0000 0.0000 0.0000	</row0>
					<row1>	0.0000 1.0000 0.0000 0.0000	</row1>
					<row2>	0.0000 0.0000 1.0000 0.0000	</row2>
					<row3>	0.0723 0.2742 -5.0549 1.0000	</row3>
				</transform>
			</node>
			<node>
				<identifier>	MP_SM700_Ammunition_Box_INDEX_1	</identifier>
				<transform>
					<row0>	1.0000 0.0000 0.0000 0.0000	</row0>
					<row1>	0.0000 1.0000 0.0000 0.0000	</row1>
					<row2>	0.0000 0.0000 1.0000 0.0000	</row2>
					<row3>	-0.1665 0.2742 -5.0549 1.0000	</row3>
				</transform>
			</node>
		</node>
	</node>
	<boundingBox>
		<min>	-0.0667 -0.0667 -0.0667	</min>
		<max>	0.0667 0.0667 0.0667	</max>
	</boundingBox>
</SSC005_Almirante_Cervera_1941_Stern_ports.visual>
