<HSC007_Eendracht_1947_MidFront_ports.visual>
	<node>
		<identifier>	Scene Root	</identifier>
		<transform>
			<row0>	1.0000 0.0000 0.0000 0.0000	</row0>
			<row1>	0.0000 1.0000 0.0000 0.0000	</row1>
			<row2>	0.0000 0.0000 1.0000 0.0000	</row2>
			<row3>	0.0000 0.0000 0.0000 1.0000	</row3>
		</transform>
		<node>
			<identifier>	MidFront_ports	</identifier>
			<transform>
				<row0>	1.0000 0.0000 0.0000 0.0000	</row0>
				<row1>	0.0000 1.0000 0.0000 0.0000	</row1>
				<row2>	0.0000 0.0000 1.0000 0.0000	</row2>
				<row3>	0.0000 0.0000 0.0000 1.0000	</row3>
			</transform>
			<node>
				<identifier>	HP_FX_Death_1	</identifier>
				<transform>
					<row0>	1.0000 0.0000 0.0000 0.0000	</row0>
					<row1>	0.0000 1.0000 0.0000 0.0000	</row1>
					<row2>	0.0000 0.0000 1.0000 0.0000	</row2>
					<row3>	0.0000 0.0000 3.3767 1.0000	</row3>
				</transform>
			</node>
			<node>
				<identifier>	HP_FX_Death_2	</identifier>
				<transform>
					<row0>	1.0000 0.0000 0.0000 0.0000	</row0>
					<row1>	0.0000 1.0000 0.0000 0.0000	</row1>
					<row2>	0.0000 0.0000 1.0000 0.0000	</row2>
					<row3>	0.0000 0.0000 -0.1833 1.0000	</row3>
				</transform>
			</node>
			<node>
				<identifier>	HP_FX_Fire_2	</identifier>
				<transform>
					<row0>	1.0000 0.0000 0.0000 0.0000	</row0>
					<row1>	0.0000 1.0000 0.0000 0.0000	</row1>
					<row2>	0.0000 0.0000 1.0000 0.0000	</row2>
					<row3>	0.0000 0.5095 1.2464 1.0000	</row3>
				</transform>
			</node>
			<node>
				<identifier>	HP_FX_Fire_2_side_1	</identifier>
				<transform>
					<row0>	0.9978 0.0000 -0.0670 0.0000	</row0>
					<row1>	0.0000 1.0000 0.0000 0.0000	</row1>
					<row2>	0.0670 0.0000 0.9978 0.0000	</row2>
					<row3>	-0.3581 0.3530 3.6374 1.0000	</row3>
				</transform>
			</node>
			<node>
				<identifier>	HP_FX_Fire_2_side_2	</identifier>
				<transform>
					<row0>	0.9978 0.0000 0.0670 0.0000	</row0>
					<row1>	0.0000 1.0000 0.0000 0.0000	</row1>
					<row2>	-0.0670 0.0000 0.9978 0.0000	</row2>
					<row3>	0.2551 0.8910 2.5281 1.0000	</row3>
				</transform>
			</node>
			<node>
				<identifier>	HP_FX_Fire_2_side_3	</identifier>
				<transform>
					<row0>	1.0000 0.0000 0.0000 0.0000	</row0>
					<row1>	0.0000 1.0000 0.0000 0.0000	</row1>
					<row2>	0.0000 0.0000 1.0000 0.0000	</row2>
					<row3>	-0.4426 0.5341 0.4714 1.0000	</row3>
				</transform>
			</node>
			<node>
				<identifier>	HP_FX_FloodLight_left_1	</identifier>
				<transform>
					<row0>	-1.0000 0.0000 0.0000 0.0000	</row0>
					<row1>	0.0000 1.0000 0.0000 0.0000	</row1>
					<row2>	0.0000 0.0000 -1.0000 0.0000	</row2>
					<row3>	-0.1479 1.1984 0.6407 1.0000	</row3>
				</transform>
			</node>
			<node>
				<identifier>	HP_FX_FloodLight_right_1	</identifier>
				<transform>
					<row0>	1.0000 0.0000 0.0000 0.0000	</row0>
					<row1>	0.0000 1.0000 0.0000 0.0000	</row1>
					<row2>	0.0000 0.0000 1.0000 0.0000	</row2>
					<row3>	0.1479 1.1984 0.6407 1.0000	</row3>
				</transform>
			</node>
			<node>
				<identifier>	HP_FX_Flood_steam_1	</identifier>
				<transform>
					<row0>	0.9475 0.0000 0.3199 0.0000	</row0>
					<row1>	-0.2861 0.4476 0.8472 0.0000	</row1>
					<row2>	-0.1432 -0.8942 0.4241 0.0000	</row2>
					<row3>	-0.1789 1.2804 0.7966 1.0000	</row3>
				</transform>
			</node>
			<node>
				<identifier>	HP_FX_Flood_steam_2	</identifier>
				<transform>
					<row0>	0.9457 0.0000 -0.3251 0.0000	</row0>
					<row1>	0.2879 0.4648 0.8373 0.0000	</row1>
					<row2>	0.1511 -0.8854 0.4395 0.0000	</row2>
					<row3>	0.1789 1.2804 0.7966 1.0000	</row3>
				</transform>
			</node>
			<node>
				<identifier>	HP_FX_Flood_steam_left	</identifier>
				<transform>
					<row0>	-1.0000 0.0000 0.0000 0.0000	</row0>
					<row1>	0.0000 1.0000 0.0000 0.0000	</row1>
					<row2>	0.0000 0.0000 -1.0000 0.0000	</row2>
					<row3>	-0.5276 0.2753 2.4513 1.0000	</row3>
				</transform>
			</node>
			<node>
				<identifier>	HP_FX_Flood_water_left	</identifier>
				<transform>
					<row0>	-1.0000 0.0000 0.0000 0.0000	</row0>
					<row1>	0.0000 1.0000 0.0000 0.0000	</row1>
					<row2>	0.0000 0.0000 -1.0000 0.0000	</row2>
					<row3>	-0.2853 0.0405 4.2881 1.0000	</row3>
				</transform>
			</node>
			<node>
				<identifier>	HP_FX_Flood_water_left_1	</identifier>
				<transform>
					<row0>	-1.0000 0.0000 0.0000 0.0000	</row0>
					<row1>	0.0000 1.0000 0.0000 0.0000	</row1>
					<row2>	0.0000 0.0000 -1.0000 0.0000	</row2>
					<row3>	-0.4267 0.0406 3.0987 1.0000	</row3>
				</transform>
			</node>
			<node>
				<identifier>	HP_FX_Flood_water_right	</identifier>
				<transform>
					<row0>	1.0000 0.0000 0.0000 0.0000	</row0>
					<row1>	0.0000 1.0000 0.0000 0.0000	</row1>
					<row2>	0.0000 0.0000 1.0000 0.0000	</row2>
					<row3>	0.2853 0.0396 4.2868 1.0000	</row3>
				</transform>
			</node>
			<node>
				<identifier>	HP_FX_Flood_water_right_1	</identifier>
				<transform>
					<row0>	1.0000 0.0000 0.0000 0.0000	</row0>
					<row1>	0.0000 1.0000 0.0000 0.0000	</row1>
					<row2>	0.0000 0.0000 1.0000 0.0000	</row2>
					<row3>	0.4265 0.0400 3.0997 1.0000	</row3>
				</transform>
			</node>
			<node>
				<identifier>	HP_FX_Smoke_1	</identifier>
				<transform>
					<row0>	1.0000 0.0000 0.0000 0.0000	</row0>
					<row1>	0.0000 0.9765 -0.2155 0.0000	</row1>
					<row2>	0.0000 0.2155 0.9765 0.0000	</row2>
					<row3>	0.0000 1.3717 0.5705 1.0000	</row3>
				</transform>
			</node>
			<node>
				<identifier>	HP_Flagpole	</identifier>
				<transform>
					<row0>	0.5000 0.0000 0.0000 0.0000	</row0>
					<row1>	0.0000 0.5000 0.0000 0.0000	</row1>
					<row2>	0.0000 0.0000 0.5000 0.0000	</row2>
					<row3>	0.0000 1.9672 1.5198 1.0000	</row3>
				</transform>
			</node>
			<node>
				<identifier>	HP_HC_1	</identifier>
				<transform>
					<row0>	0.0000 0.0000 1.0000 0.0000	</row0>
					<row1>	0.0000 1.0000 0.0000 0.0000	</row1>
					<row2>	-1.0000 0.0000 0.0000 0.0000	</row2>
					<row3>	0.0000 0.3066 -0.0374 1.0000	</row3>
				</transform>
			</node>
			<node>
				<identifier>	HP_HD_1	</identifier>
				<transform>
					<row0>	1.0000 0.0000 0.0000 0.0000	</row0>
					<row1>	0.0000 1.0000 0.0000 0.0000	</row1>
					<row2>	0.0000 0.0000 1.0000 0.0000	</row2>
					<row3>	0.0000 0.9127 2.4788 1.0000	</row3>
				</transform>
			</node>
			<node>
				<identifier>	HP_HF_1	</identifier>
				<transform>
					<row0>	1.0000 0.0000 0.0000 0.0000	</row0>
					<row1>	0.0000 1.0000 0.0000 0.0000	</row1>
					<row2>	0.0000 0.0000 1.0000 0.0000	</row2>
					<row3>	0.0000 1.6114 1.8987 1.0000	</row3>
				</transform>
			</node>
			<node>
				<identifier>	HP_HGA_1	</identifier>
				<transform>
					<row0>	1.0000 0.0000 0.0000 0.0000	</row0>
					<row1>	0.0000 1.0000 0.0000 0.0000	</row1>
					<row2>	0.0000 0.0000 1.0000 0.0000	</row2>
					<row3>	0.0000 0.8513 2.7687 1.0000	</row3>
				</transform>
			</node>
			<node>
				<identifier>	HP_HGA_2	</identifier>
				<transform>
					<row0>	0.7071 0.0000 0.7071 0.0000	</row0>
					<row1>	0.0000 1.0000 0.0000 0.0000	</row1>
					<row2>	-0.7071 0.0000 0.7071 0.0000	</row2>
					<row3>	-0.3134 0.8513 2.1789 1.0000	</row3>
				</transform>
			</node>
			<node>
				<identifier>	HP_HGA_3	</identifier>
				<transform>
					<row0>	0.7071 0.0000 -0.7071 0.0000	</row0>
					<row1>	0.0000 1.0000 0.0000 0.0000	</row1>
					<row2>	0.7071 0.0000 0.7071 0.0000	</row2>
					<row3>	0.3134 0.8513 2.1789 1.0000	</row3>
				</transform>
			</node>
			<node>
				<identifier>	HP_HGA_4	</identifier>
				<transform>
					<row0>	0.0000 0.0000 1.0000 0.0000	</row0>
					<row1>	0.0000 1.0000 0.0000 0.0000	</row1>
					<row2>	-1.0000 0.0000 0.0000 0.0000	</row2>
					<row3>	-0.3892 0.5019 1.2788 1.0000	</row3>
				</transform>
			</node>
			<node>
				<identifier>	HP_HGA_5	</identifier>
				<transform>
					<row0>	0.0000 0.0000 -1.0000 0.0000	</row0>
					<row1>	0.0000 1.0000 0.0000 0.0000	</row1>
					<row2>	1.0000 0.0000 0.0000 0.0000	</row2>
					<row3>	0.3892 0.5019 1.2788 1.0000	</row3>
				</transform>
			</node>
			<node>
				<identifier>	HP_HGA_6	</identifier>
				<transform>
					<row0>	0.0000 0.0000 1.0000 0.0000	</row0>
					<row1>	0.0000 1.0000 0.0000 0.0000	</row1>
					<row2>	-1.0000 0.0000 0.0000 0.0000	</row2>
					<row3>	-0.3979 0.5019 0.4790 1.0000	</row3>
				</transform>
			</node>
			<node>
				<identifier>	HP_HGA_7	</identifier>
				<transform>
					<row0>	0.0000 0.0000 -1.0000 0.0000	</row0>
					<row1>	0.0000 1.0000 0.0000 0.0000	</row1>
					<row2>	1.0000 0.0000 0.0000 0.0000	</row2>
					<row3>	0.3979 0.5019 0.4790 1.0000	</row3>
				</transform>
			</node>
			<node>
				<identifier>	HP_HGM_1	</identifier>
				<transform>
					<row0>	1.0000 0.0000 0.0000 0.0000	</row0>
					<row1>	0.0000 1.0000 0.0000 0.0000	</row1>
					<row2>	0.0000 0.0000 1.0000 0.0000	</row2>
					<row3>	0.0000 0.3794 4.2785 1.0000	</row3>
				</transform>
			</node>
			<node>
				<identifier>	HP_HGM_2	</identifier>
				<transform>
					<row0>	1.0000 0.0000 0.0000 0.0000	</row0>
					<row1>	0.0000 1.0000 0.0000 0.0000	</row1>
					<row2>	0.0000 0.0000 1.0000 0.0000	</row2>
					<row3>	0.0000 0.5266 3.4285 1.0000	</row3>
				</transform>
			</node>
			<node>
				<identifier>	HP_HRS_1	</identifier>
				<transform>
					<row0>	1.0000 0.0000 0.0000 0.0000	</row0>
					<row1>	0.0000 1.0000 0.0000 0.0000	</row1>
					<row2>	0.0000 0.0000 1.0000 0.0000	</row2>
					<row3>	0.0000 2.0291 1.5836 1.0000	</row3>
				</transform>
			</node>
			<node>
				<identifier>	HP_flag_1	</identifier>
				<transform>
					<row0>	0.9712 -0.2380 0.0123 0.0000	</row0>
					<row1>	0.2380 0.9659 -0.1019 0.0000	</row1>
					<row2>	0.0123 0.1019 0.9947 0.0000	</row2>
					<row3>	0.2479 1.7805 1.6000 1.0000	</row3>
				</transform>
			</node>
			<node>
				<identifier>	HP_flag_2	</identifier>
				<transform>
					<row0>	0.9712 0.2380 -0.0123 0.0000	</row0>
					<row1>	-0.2380 0.9659 -0.1019 0.0000	</row1>
					<row2>	-0.0123 0.1019 0.9947 0.0000	</row2>
					<row3>	-0.2479 1.7805 1.6000 1.0000	</row3>
				</transform>
			</node>
			<node>
				<identifier>	HP_flag_3	</identifier>
				<transform>
					<row0>	0.9931 -0.1171 0.0043 0.0000	</row0>
					<row1>	0.1171 0.9904 -0.0735 0.0000	</row1>
					<row2>	0.0043 0.0735 0.9973 0.0000	</row2>
					<row3>	0.1528 1.7795 1.5987 1.0000	</row3>
				</transform>
			</node>
			<node>
				<identifier>	HP_flag_4	</identifier>
				<transform>
					<row0>	0.9931 0.1171 -0.0043 0.0000	</row0>
					<row1>	-0.1171 0.9904 -0.0735 0.0000	</row1>
					<row2>	-0.0043 0.0735 0.9973 0.0000	</row2>
					<row3>	-0.1528 1.7795 1.5987 1.0000	</row3>
				</transform>
			</node>
			<node>
				<identifier>	HP_flag_courtesy	</identifier>
				<transform>
					<row0>	0.9555 -0.2946 0.0174 0.0000	</row0>
					<row1>	0.2946 0.9487 -0.1151 0.0000	</row1>
					<row2>	0.0174 0.1151 0.9932 0.0000	</row2>
					<row3>	0.2917 1.7688 1.6021 1.0000	</row3>
				</transform>
			</node>
			<node>
				<identifier>	HP_flag_house	</identifier>
				<transform>
					<row0>	0.9555 0.2946 -0.0174 0.0000	</row0>
					<row1>	-0.2946 0.9487 -0.1151 0.0000	</row1>
					<row2>	-0.0174 0.1151 0.9932 0.0000	</row2>
					<row3>	-0.2917 1.7688 1.6021 1.0000	</row3>
				</transform>
			</node>
			<node>
				<identifier>	HP_flag_rank	</identifier>
				<transform>
					<row0>	0.9984 -0.0573 0.0026 0.0000	</row0>
					<row1>	0.0573 0.9943 -0.0894 0.0000	</row1>
					<row2>	0.0026 0.0894 0.9960 0.0000	</row2>
					<row3>	-0.0398 1.9228 1.5562 1.0000	</row3>
				</transform>
			</node>
			<node>
				<identifier>	MP_AM720_Helmets_Rack	</identifier>
				<transform>
					<row0>	-1.0000 0.0000 0.0000 0.0000	</row0>
					<row1>	0.0000 1.0000 0.0000 0.0000	</row1>
					<row2>	0.0000 0.0000 -1.0000 0.0000	</row2>
					<row3>	0.1126 0.9107 1.6792 1.0000	</row3>
				</transform>
			</node>
			<node>
				<identifier>	MP_AM720_Helmets_Rack_INDEX_1	</identifier>
				<transform>
					<row0>	0.9918 0.0000 0.1279 0.0000	</row0>
					<row1>	0.0000 1.0000 0.0000 0.0000	</row1>
					<row2>	-0.1279 0.0000 0.9918 0.0000	</row2>
					<row3>	0.3609 0.5153 1.4597 1.0000	</row3>
				</transform>
			</node>
			<node>
				<identifier>	MP_AM720_Helmets_Rack_INDEX_2	</identifier>
				<transform>
					<row0>	0.9918 0.0000 0.1279 0.0000	</row0>
					<row1>	0.0000 1.0000 0.0000 0.0000	</row1>
					<row2>	-0.1279 0.0000 0.9918 0.0000	</row2>
					<row3>	0.3622 0.5153 0.6591 1.0000	</row3>
				</transform>
			</node>
			<node>
				<identifier>	MP_AM720_Helmets_Rack_INDEX_3	</identifier>
				<transform>
					<row0>	-1.0000 0.0000 0.0000 0.0000	</row0>
					<row1>	0.0000 1.0000 0.0000 0.0000	</row1>
					<row2>	0.0000 0.0000 -1.0000 0.0000	</row2>
					<row3>	-0.0652 1.0612 1.7793 1.0000	</row3>
				</transform>
			</node>
			<node>
				<identifier>	MP_AM720_Helmets_Rack_INDEX_4	</identifier>
				<transform>
					<row0>	-1.0000 0.0000 0.0000 0.0000	</row0>
					<row1>	0.0000 1.0000 0.0000 0.0000	</row1>
					<row2>	0.0000 0.0000 -1.0000 0.0000	</row2>
					<row3>	0.0648 1.2118 1.7793 1.0000	</row3>
				</transform>
			</node>
			<node>
				<identifier>	MP_AM720_Helmets_Rack_INDEX_5	</identifier>
				<transform>
					<row0>	0.6872 0.0000 -0.7265 0.0000	</row0>
					<row1>	0.0000 1.0000 0.0000 0.0000	</row1>
					<row2>	0.7265 0.0000 0.6872 0.0000	</row2>
					<row3>	0.1640 0.8994 2.0169 1.0000	</row3>
				</transform>
			</node>
			<node>
				<identifier>	MP_AM720_Helmets_Rack_INDEX_6	</identifier>
				<transform>
					<row0>	0.6872 0.0000 0.7265 0.0000	</row0>
					<row1>	0.0000 1.0000 0.0000 0.0000	</row1>
					<row2>	-0.7265 0.0000 0.6872 0.0000	</row2>
					<row3>	-0.1640 0.8994 2.0169 1.0000	</row3>
				</transform>
			</node>
			<node>
				<identifier>	MP_AM720_Helmets_Rack_INDEX_7	</identifier>
				<transform>
					<row0>	0.9918 0.0000 -0.1279 0.0000	</row0>
					<row1>	0.0000 1.0000 0.0000 0.0000	</row1>
					<row2>	0.1279 0.0000 0.9918 0.0000	</row2>
					<row3>	-0.3609 0.5153 1.4597 1.0000	</row3>
				</transform>
			</node>
			<node>
				<identifier>	MP_AM720_Helmets_Rack_INDEX_8	</identifier>
				<transform>
					<row0>	0.9918 0.0000 -0.1279 0.0000	</row0>
					<row1>	0.0000 1.0000 0.0000 0.0000	</row1>
					<row2>	0.1279 0.0000 0.9918 0.0000	</row2>
					<row3>	-0.3622 0.5153 0.6591 1.0000	</row3>
				</transform>
			</node>
			<node>
				<identifier>	MP_AM721_Talker_Helmets_Rack	</identifier>
				<transform>
					<row0>	1.0000 0.0000 0.0000 0.0000	</row0>
					<row1>	0.0000 1.0000 0.0000 0.0000	</row1>
					<row2>	0.0000 0.0000 1.0000 0.0000	</row2>
					<row3>	0.0000 0.9124 2.0990 1.0000	</row3>
				</transform>
			</node>
			<node>
				<identifier>	MP_AM721_Talker_Helmets_Rack_INDEX_1	</identifier>
				<transform>
					<row0>	-0.9914 0.0000 0.1307 0.0000	</row0>
					<row1>	0.0000 1.0000 0.0000 0.0000	</row1>
					<row2>	-0.1307 0.0000 -0.9914 0.0000	</row2>
					<row3>	0.3609 0.5287 1.0975 1.0000	</row3>
				</transform>
			</node>
			<node>
				<identifier>	MP_AM721_Talker_Helmets_Rack_INDEX_2	</identifier>
				<transform>
					<row0>	0.9914 0.0000 -0.1307 0.0000	</row0>
					<row1>	0.0000 1.0000 0.0000 0.0000	</row1>
					<row2>	0.1307 0.0000 0.9914 0.0000	</row2>
					<row3>	0.3610 0.5287 0.3002 1.0000	</row3>
				</transform>
			</node>
			<node>
				<identifier>	MP_AM721_Talker_Helmets_Rack_INDEX_3	</identifier>
				<transform>
					<row0>	0.9914 0.0000 0.1307 0.0000	</row0>
					<row1>	0.0000 1.0000 0.0000 0.0000	</row1>
					<row2>	-0.1307 0.0000 0.9914 0.0000	</row2>
					<row3>	-0.3610 0.5287 0.3002 1.0000	</row3>
				</transform>
			</node>
			<node>
				<identifier>	MP_AM721_Talker_Helmets_Rack_INDEX_4	</identifier>
				<transform>
					<row0>	-0.9914 0.0000 -0.1307 0.0000	</row0>
					<row1>	0.0000 1.0000 0.0000 0.0000	</row1>
					<row2>	0.1307 0.0000 -0.9914 0.0000	</row2>
					<row3>	-0.3609 0.5287 1.0975 1.0000	</row3>
				</transform>
			</node>
			<node>
				<identifier>	MP_BM604_Voice_Tube	</identifier>
				<transform>
					<row0>	0.8373 0.0000 0.5467 0.0000	</row0>
					<row1>	0.0000 1.0000 0.0000 0.0000	</row1>
					<row2>	-0.5467 0.0000 0.8373 0.0000	</row2>
					<row3>	0.1141 1.1660 2.0404 1.0000	</row3>
				</transform>
			</node>
			<node>
				<identifier>	MP_BM604_Voice_Tube_INDEX_1	</identifier>
				<transform>
					<row0>	0.8373 0.0000 -0.5467 0.0000	</row0>
					<row1>	0.0000 1.0000 0.0000 0.0000	</row1>
					<row2>	0.5467 0.0000 0.8373 0.0000	</row2>
					<row3>	-0.1141 1.1660 2.0404 1.0000	</row3>
				</transform>
			</node>
			<node>
				<identifier>	MP_BM608_Compass_repeater	</identifier>
				<transform>
					<row0>	0.0000 0.0000 1.0000 0.0000	</row0>
					<row1>	0.0000 1.0000 0.0000 0.0000	</row1>
					<row2>	-1.0000 0.0000 0.0000 0.0000	</row2>
					<row3>	0.1480 1.0693 1.7060 1.0000	</row3>
				</transform>
			</node>
			<node>
				<identifier>	MP_BM608_Compass_repeater_INDEX_1	</identifier>
				<transform>
					<row0>	0.0000 0.0000 -1.0000 0.0000	</row0>
					<row1>	0.0000 1.0000 0.0000 0.0000	</row1>
					<row2>	1.0000 0.0000 0.0000 0.0000	</row2>
					<row3>	-0.1480 1.0693 1.7060 1.0000	</row3>
				</transform>
			</node>
			<node>
				<identifier>	MP_BM877_Running_Lights_B	</identifier>
				<transform>
					<row0>	-1.0000 0.0000 0.0000 0.0000	</row0>
					<row1>	0.0000 1.0000 0.0000 0.0000	</row1>
					<row2>	0.0000 0.0000 -1.0000 0.0000	</row2>
					<row3>	0.0000 1.9227 1.6005 1.0000	</row3>
				</transform>
			</node>
			<node>
				<identifier>	MP_BM877_Running_Lights_B_INDEX_1	</identifier>
				<transform>
					<row0>	-1.0000 0.0000 0.0000 0.0000	</row0>
					<row1>	0.0000 1.0000 0.0000 0.0000	</row1>
					<row2>	0.0000 0.0000 -1.0000 0.0000	</row2>
					<row3>	0.0000 1.7618 1.6005 1.0000	</row3>
				</transform>
			</node>
			<node>
				<identifier>	MP_BM877_Running_Lights_B_INDEX_2	</identifier>
				<transform>
					<row0>	-1.0000 0.0000 0.0000 0.0000	</row0>
					<row1>	0.0000 1.0000 0.0000 0.0000	</row1>
					<row2>	0.0000 0.0000 -1.0000 0.0000	</row2>
					<row3>	0.0000 1.8858 1.6005 1.0000	</row3>
				</transform>
			</node>
			<node>
				<identifier>	MP_CM011_Fire_Fighting_Gear	</identifier>
				<transform>
					<row0>	-0.7071 0.0000 0.7071 0.0000	</row0>
					<row1>	0.0000 1.0000 0.0000 0.0000	</row1>
					<row2>	-0.7071 0.0000 -0.7071 0.0000	</row2>
					<row3>	0.1006 0.8556 2.0971 1.0000	</row3>
				</transform>
			</node>
			<node>
				<identifier>	MP_CM011_Fire_Fighting_Gear_INDEX_1	</identifier>
				<transform>
					<row0>	-0.7071 0.0000 -0.7071 0.0000	</row0>
					<row1>	0.0000 1.0000 0.0000 0.0000	</row1>
					<row2>	0.7071 0.0000 -0.7071 0.0000	</row2>
					<row3>	-0.1006 0.8556 2.0971 1.0000	</row3>
				</transform>
			</node>
			<node>
				<identifier>	MP_CM011_Fire_Fighting_Gear_INDEX_10	</identifier>
				<transform>
					<row0>	0.9180 0.0000 0.3966 0.0000	</row0>
					<row1>	0.0000 1.0000 0.0000 0.0000	</row1>
					<row2>	-0.3966 0.0000 0.9180 0.0000	</row2>
					<row3>	-0.3185 0.5018 0.3029 1.0000	</row3>
				</transform>
			</node>
			<node>
				<identifier>	MP_CM011_Fire_Fighting_Gear_INDEX_11	</identifier>
				<transform>
					<row0>	-0.0187 0.0000 -0.9998 0.0000	</row0>
					<row1>	0.0000 1.0000 0.0000 0.0000	</row1>
					<row2>	0.9998 0.0000 -0.0187 0.0000	</row2>
					<row3>	-0.3115 0.5072 1.6454 1.0000	</row3>
				</transform>
			</node>
			<node>
				<identifier>	MP_CM011_Fire_Fighting_Gear_INDEX_2	</identifier>
				<transform>
					<row0>	-0.0187 0.0000 0.9998 0.0000	</row0>
					<row1>	0.0000 1.0000 0.0000 0.0000	</row1>
					<row2>	-0.9998 0.0000 -0.0187 0.0000	</row2>
					<row3>	0.3115 0.5072 1.6454 1.0000	</row3>
				</transform>
			</node>
			<node>
				<identifier>	MP_CM011_Fire_Fighting_Gear_INDEX_3	</identifier>
				<transform>
					<row0>	0.0000 0.0000 1.0000 0.0000	</row0>
					<row1>	0.0000 1.0000 0.0000 0.0000	</row1>
					<row2>	-1.0000 0.0000 0.0000 0.0000	</row2>
					<row3>	0.3093 0.3504 3.3228 1.0000	</row3>
				</transform>
			</node>
			<node>
				<identifier>	MP_CM011_Fire_Fighting_Gear_INDEX_4	</identifier>
				<transform>
					<row0>	0.0000 0.0000 -1.0000 0.0000	</row0>
					<row1>	0.0000 1.0000 0.0000 0.0000	</row1>
					<row2>	1.0000 0.0000 0.0000 0.0000	</row2>
					<row3>	-0.3093 0.3504 3.3228 1.0000	</row3>
				</transform>
			</node>
			<node>
				<identifier>	MP_CM011_Fire_Fighting_Gear_INDEX_5	</identifier>
				<transform>
					<row0>	-0.0187 0.0000 0.9998 0.0000	</row0>
					<row1>	0.0000 1.0000 0.0000 0.0000	</row1>
					<row2>	-0.9998 0.0000 -0.0187 0.0000	</row2>
					<row3>	0.2065 0.6886 2.2060 1.0000	</row3>
				</transform>
			</node>
			<node>
				<identifier>	MP_CM011_Fire_Fighting_Gear_INDEX_6	</identifier>
				<transform>
					<row0>	-0.0187 0.0000 -0.9998 0.0000	</row0>
					<row1>	0.0000 1.0000 0.0000 0.0000	</row1>
					<row2>	0.9998 0.0000 -0.0187 0.0000	</row2>
					<row3>	-0.2065 0.6886 2.2060 1.0000	</row3>
				</transform>
			</node>
			<node>
				<identifier>	MP_CM011_Fire_Fighting_Gear_INDEX_7	</identifier>
				<transform>
					<row0>	-0.4940 0.0000 0.8694 0.0000	</row0>
					<row1>	0.0000 1.0000 0.0000 0.0000	</row1>
					<row2>	-0.8694 0.0000 -0.4940 0.0000	</row2>
					<row3>	0.1060 0.5204 2.7952 1.0000	</row3>
				</transform>
			</node>
			<node>
				<identifier>	MP_CM011_Fire_Fighting_Gear_INDEX_8	</identifier>
				<transform>
					<row0>	-0.4940 0.0000 -0.8694 0.0000	</row0>
					<row1>	0.0000 1.0000 0.0000 0.0000	</row1>
					<row2>	0.8694 0.0000 -0.4940 0.0000	</row2>
					<row3>	-0.1060 0.5204 2.7952 1.0000	</row3>
				</transform>
			</node>
			<node>
				<identifier>	MP_CM011_Fire_Fighting_Gear_INDEX_9	</identifier>
				<transform>
					<row0>	0.9180 0.0000 -0.3966 0.0000	</row0>
					<row1>	0.0000 1.0000 0.0000 0.0000	</row1>
					<row2>	0.3966 0.0000 0.9180 0.0000	</row2>
					<row3>	0.3185 0.5018 0.3029 1.0000	</row3>
				</transform>
			</node>
			<node>
				<identifier>	MP_CM012_Fire_Hose_Rack_1	</identifier>
				<transform>
					<row0>	-0.7282 0.0000 -0.6854 0.0000	</row0>
					<row1>	0.0000 1.0000 0.0000 0.0000	</row1>
					<row2>	0.6854 0.0000 -0.7282 0.0000	</row2>
					<row3>	0.1116 0.9515 2.0724 1.0000	</row3>
				</transform>
			</node>
			<node>
				<identifier>	MP_CM012_Fire_Hose_Rack_1_INDEX_1	</identifier>
				<transform>
					<row0>	0.7282 0.0000 -0.6854 0.0000	</row0>
					<row1>	0.0000 1.0000 0.0000 0.0000	</row1>
					<row2>	0.6854 0.0000 0.7282 0.0000	</row2>
					<row3>	-0.1116 0.9515 2.0724 1.0000	</row3>
				</transform>
			</node>
			<node>
				<identifier>	MP_CM012_Fire_Hose_Rack_1_INDEX_10	</identifier>
				<transform>
					<row0>	-0.1281 0.0000 0.9918 0.0000	</row0>
					<row1>	0.0000 1.0000 0.0000 0.0000	</row1>
					<row2>	-0.9918 0.0000 -0.1281 0.0000	</row2>
					<row3>	-0.3725 0.5393 0.2973 1.0000	</row3>
				</transform>
			</node>
			<node>
				<identifier>	MP_CM012_Fire_Hose_Rack_1_INDEX_11	</identifier>
				<transform>
					<row0>	1.0000 0.0000 0.0000 0.0000	</row0>
					<row1>	0.0000 1.0000 0.0000 0.0000	</row1>
					<row2>	0.0000 0.0000 1.0000 0.0000	</row2>
					<row3>	-0.3032 0.6120 1.6893 1.0000	</row3>
				</transform>
			</node>
			<node>
				<identifier>	MP_CM012_Fire_Hose_Rack_1_INDEX_2	</identifier>
				<transform>
					<row0>	-1.0000 0.0000 0.0000 0.0000	</row0>
					<row1>	0.0000 1.0000 0.0000 0.0000	</row1>
					<row2>	0.0000 0.0000 -1.0000 0.0000	</row2>
					<row3>	0.3032 0.6120 1.6893 1.0000	</row3>
				</transform>
			</node>
			<node>
				<identifier>	MP_CM012_Fire_Hose_Rack_1_INDEX_3	</identifier>
				<transform>
					<row0>	-1.0000 0.0000 0.0000 0.0000	</row0>
					<row1>	0.0000 1.0000 0.0000 0.0000	</row1>
					<row2>	0.0000 0.0000 -1.0000 0.0000	</row2>
					<row3>	0.3033 0.4266 3.2874 1.0000	</row3>
				</transform>
			</node>
			<node>
				<identifier>	MP_CM012_Fire_Hose_Rack_1_INDEX_4	</identifier>
				<transform>
					<row0>	1.0000 0.0000 0.0000 0.0000	</row0>
					<row1>	0.0000 1.0000 0.0000 0.0000	</row1>
					<row2>	0.0000 0.0000 1.0000 0.0000	</row2>
					<row3>	-0.3033 0.4266 3.2874 1.0000	</row3>
				</transform>
			</node>
			<node>
				<identifier>	MP_CM012_Fire_Hose_Rack_1_INDEX_5	</identifier>
				<transform>
					<row0>	-1.0000 0.0000 0.0000 0.0000	</row0>
					<row1>	0.0000 1.0000 0.0000 0.0000	</row1>
					<row2>	0.0000 0.0000 -1.0000 0.0000	</row2>
					<row3>	0.2000 0.7629 2.2347 1.0000	</row3>
				</transform>
			</node>
			<node>
				<identifier>	MP_CM012_Fire_Hose_Rack_1_INDEX_6	</identifier>
				<transform>
					<row0>	1.0000 0.0000 0.0000 0.0000	</row0>
					<row1>	0.0000 1.0000 0.0000 0.0000	</row1>
					<row2>	0.0000 0.0000 1.0000 0.0000	</row2>
					<row3>	-0.2000 0.7629 2.2347 1.0000	</row3>
				</transform>
			</node>
			<node>
				<identifier>	MP_CM012_Fire_Hose_Rack_1_INDEX_7	</identifier>
				<transform>
					<row0>	-0.8694 0.0000 -0.4940 0.0000	</row0>
					<row1>	0.0000 1.0000 0.0000 0.0000	</row1>
					<row2>	0.4940 0.0000 -0.8694 0.0000	</row2>
					<row3>	0.1153 0.6164 2.7605 1.0000	</row3>
				</transform>
			</node>
			<node>
				<identifier>	MP_CM012_Fire_Hose_Rack_1_INDEX_8	</identifier>
				<transform>
					<row0>	0.8694 0.0000 -0.4940 0.0000	</row0>
					<row1>	0.0000 1.0000 0.0000 0.0000	</row1>
					<row2>	0.4940 0.0000 0.8694 0.0000	</row2>
					<row3>	-0.1153 0.6164 2.7605 1.0000	</row3>
				</transform>
			</node>
			<node>
				<identifier>	MP_CM012_Fire_Hose_Rack_1_INDEX_9	</identifier>
				<transform>
					<row0>	0.1281 0.0000 0.9918 0.0000	</row0>
					<row1>	0.0000 1.0000 0.0000 0.0000	</row1>
					<row2>	-0.9918 0.0000 0.1281 0.0000	</row2>
					<row3>	0.3725 0.5393 0.2973 1.0000	</row3>
				</transform>
			</node>
			<node>
				<identifier>	MP_CM029_Emergency_Box	</identifier>
				<transform>
					<row0>	-0.9292 0.0000 0.3697 0.0000	</row0>
					<row1>	0.0000 1.0000 0.0000 0.0000	</row1>
					<row2>	-0.3697 0.0000 -0.9292 0.0000	</row2>
					<row3>	0.0380 1.4014 2.0950 1.0000	</row3>
				</transform>
			</node>
			<node>
				<identifier>	MP_CM029_Emergency_Box_INDEX_1	</identifier>
				<transform>
					<row0>	0.0000 0.0000 1.0000 0.0000	</row0>
					<row1>	0.0000 1.0000 0.0000 0.0000	</row1>
					<row2>	-1.0000 0.0000 0.0000 0.0000	</row2>
					<row3>	0.1114 1.2414 1.8260 1.0000	</row3>
				</transform>
			</node>
			<node>
				<identifier>	MP_CM029_Emergency_Box_INDEX_2	</identifier>
				<transform>
					<row0>	1.0000 0.0000 0.0000 0.0000	</row0>
					<row1>	0.0000 1.0000 0.0000 0.0000	</row1>
					<row2>	0.0000 0.0000 1.0000 0.0000	</row2>
					<row3>	-0.0331 1.0893 1.7738 1.0000	</row3>
				</transform>
			</node>
			<node>
				<identifier>	MP_CM029_Emergency_Box_INDEX_3	</identifier>
				<transform>
					<row0>	1.0000 0.0000 0.0000 0.0000	</row0>
					<row1>	0.0000 1.0000 0.0000 0.0000	</row1>
					<row2>	0.0000 0.0000 1.0000 0.0000	</row2>
					<row3>	-0.0296 0.9339 1.6744 1.0000	</row3>
				</transform>
			</node>
			<node>
				<identifier>	MP_CM029_Emergency_Box_INDEX_4	</identifier>
				<transform>
					<row0>	0.0000 0.0000 1.0000 0.0000	</row0>
					<row1>	0.0000 1.0000 0.0000 0.0000	</row1>
					<row2>	-1.0000 0.0000 0.0000 0.0000	</row2>
					<row3>	0.2053 0.7658 1.8697 1.0000	</row3>
				</transform>
			</node>
			<node>
				<identifier>	MP_CM029_Emergency_Box_INDEX_5	</identifier>
				<transform>
					<row0>	0.0000 0.0000 -1.0000 0.0000	</row0>
					<row1>	0.0000 1.0000 0.0000 0.0000	</row1>
					<row2>	1.0000 0.0000 0.0000 0.0000	</row2>
					<row3>	-0.2053 0.7658 1.8697 1.0000	</row3>
				</transform>
			</node>
			<node>
				<identifier>	MP_CM029_Emergency_Box_INDEX_6	</identifier>
				<transform>
					<row0>	-0.5000 0.0000 0.8660 0.0000	</row0>
					<row1>	0.0000 1.0000 0.0000 0.0000	</row1>
					<row2>	-0.8660 0.0000 -0.5000 0.0000	</row2>
					<row3>	0.1820 0.5901 2.6550 1.0000	</row3>
				</transform>
			</node>
			<node>
				<identifier>	MP_CM029_Emergency_Box_INDEX_7	</identifier>
				<transform>
					<row0>	0.0000 0.0000 1.0000 0.0000	</row0>
					<row1>	0.0000 1.0000 0.0000 0.0000	</row1>
					<row2>	-1.0000 0.0000 0.0000 0.0000	</row2>
					<row3>	0.3086 0.5901 1.9463 1.0000	</row3>
				</transform>
			</node>
			<node>
				<identifier>	MP_CM030_Swab_Rack_2	</identifier>
				<transform>
					<row0>	-1.0000 0.0000 0.0000 0.0000	</row0>
					<row1>	0.0000 1.0000 0.0000 0.0000	</row1>
					<row2>	0.0000 0.0000 -1.0000 0.0000	</row2>
					<row3>	0.0599 0.8508 1.6792 1.0000	</row3>
				</transform>
			</node>
			<node>
				<identifier>	MP_CM052_Fender	</identifier>
				<transform>
					<row0>	0.0000 0.0000 -0.6840 0.0000	</row0>
					<row1>	0.0000 0.6840 0.0000 0.0000	</row1>
					<row2>	0.6840 0.0000 0.0000 0.0000	</row2>
					<row3>	0.3234 0.3415 2.7765 1.0000	</row3>
				</transform>
			</node>
			<node>
				<identifier>	MP_CM052_Fender_INDEX_1	</identifier>
				<transform>
					<row0>	0.5285 0.0000 -0.4342 0.0000	</row0>
					<row1>	0.0000 0.6840 0.0000 0.0000	</row1>
					<row2>	0.4342 0.0000 0.5285 0.0000	</row2>
					<row3>	0.2076 0.3551 3.7171 1.0000	</row3>
				</transform>
			</node>
			<node>
				<identifier>	MP_CM052_Fender_INDEX_2	</identifier>
				<transform>
					<row0>	0.5924 0.0000 0.3420 0.0000	</row0>
					<row1>	0.0000 0.6840 0.0000 0.0000	</row1>
					<row2>	-0.3420 0.0000 0.5924 0.0000	</row2>
					<row3>	-0.1520 0.3562 3.7552 1.0000	</row3>
				</transform>
			</node>
			<node>
				<identifier>	MP_CM052_Fender_INDEX_3	</identifier>
				<transform>
					<row0>	0.0000 0.0000 0.6840 0.0000	</row0>
					<row1>	0.0000 0.6840 0.0000 0.0000	</row1>
					<row2>	-0.6840 0.0000 0.0000 0.0000	</row2>
					<row3>	-0.3234 0.3415 2.7765 1.0000	</row3>
				</transform>
			</node>
			<node>
				<identifier>	MP_CM056_Ships_bell	</identifier>
				<transform>
					<row0>	0.8000 0.0000 0.0000 0.0000	</row0>
					<row1>	0.0000 0.8000 0.0000 0.0000	</row1>
					<row2>	0.0000 0.0000 0.8000 0.0000	</row2>
					<row3>	0.0305 0.8307 1.5991 1.0000	</row3>
				</transform>
			</node>
			<node>
				<identifier>	MP_CM059_Ladder_Cruiser	</identifier>
				<transform>
					<row0>	0.0000 1.0000 0.0000 0.0000	</row0>
					<row1>	-0.9999 0.0000 -0.0155 0.0000	</row1>
					<row2>	-0.0155 0.0000 0.9999 0.0000	</row2>
					<row3>	0.5184 0.3675 2.5708 1.0000	</row3>
				</transform>
			</node>
			<node>
				<identifier>	MP_CM059_Ladder_Cruiser_INDEX_1	</identifier>
				<transform>
					<row0>	0.0000 1.0000 0.0000 0.0000	</row0>
					<row1>	-0.9997 0.0000 0.0237 0.0000	</row1>
					<row2>	0.0237 0.0000 0.9997 0.0000	</row2>
					<row3>	-0.5051 0.3675 2.5705 1.0000	</row3>
				</transform>
			</node>
			<node>
				<identifier>	MP_CM082_Rope	</identifier>
				<transform>
					<row0>	0.2971 0.0000 0.3960 0.0000	</row0>
					<row1>	0.0000 0.4950 0.0000 0.0000	</row1>
					<row2>	-0.3960 0.0000 0.2971 0.0000	</row2>
					<row3>	-0.0795 1.2309 1.6189 1.0000	</row3>
				</transform>
			</node>
			<node>
				<identifier>	MP_CM082_Rope_INDEX_1	</identifier>
				<transform>
					<row0>	0.2188 0.0000 -0.3290 0.0000	</row0>
					<row1>	0.0000 0.3951 0.0000 0.0000	</row1>
					<row2>	0.3290 0.0000 0.2188 0.0000	</row2>
					<row3>	0.1300 1.2505 1.6651 1.0000	</row3>
				</transform>
			</node>
			<node>
				<identifier>	MP_CM082_Rope_INDEX_2	</identifier>
				<transform>
					<row0>	0.2188 0.0000 -0.3290 0.0000	</row0>
					<row1>	0.0000 0.3951 0.0000 0.0000	</row1>
					<row2>	0.3290 0.0000 0.2188 0.0000	</row2>
					<row3>	0.1173 1.2505 1.6567 1.0000	</row3>
				</transform>
			</node>
			<node>
				<identifier>	MP_CM082_Rope_INDEX_3	</identifier>
				<transform>
					<row0>	0.2188 0.0000 -0.3290 0.0000	</row0>
					<row1>	0.0000 0.3951 0.0000 0.0000	</row1>
					<row2>	0.3290 0.0000 0.2188 0.0000	</row2>
					<row3>	0.1039 1.2505 1.6478 1.0000	</row3>
				</transform>
			</node>
			<node>
				<identifier>	MP_CM082_Rope_INDEX_4	</identifier>
				<transform>
					<row0>	0.2188 0.0000 -0.3290 0.0000	</row0>
					<row1>	0.0000 0.3951 0.0000 0.0000	</row1>
					<row2>	0.3290 0.0000 0.2188 0.0000	</row2>
					<row3>	0.0919 1.2505 1.6397 1.0000	</row3>
				</transform>
			</node>
			<node>
				<identifier>	MP_CM082_Rope_INDEX_5	</identifier>
				<transform>
					<row0>	0.2188 0.0000 0.3290 0.0000	</row0>
					<row1>	0.0000 0.3951 0.0000 0.0000	</row1>
					<row2>	-0.3290 0.0000 0.2188 0.0000	</row2>
					<row3>	-0.0915 1.2505 1.6403 1.0000	</row3>
				</transform>
			</node>
			<node>
				<identifier>	MP_CM082_Rope_INDEX_6	</identifier>
				<transform>
					<row0>	0.2188 0.0000 0.3290 0.0000	</row0>
					<row1>	0.0000 0.3951 0.0000 0.0000	</row1>
					<row2>	-0.3290 0.0000 0.2188 0.0000	</row2>
					<row3>	-0.1035 1.2505 1.6484 1.0000	</row3>
				</transform>
			</node>
			<node>
				<identifier>	MP_CM082_Rope_INDEX_7	</identifier>
				<transform>
					<row0>	0.2188 0.0000 0.3290 0.0000	</row0>
					<row1>	0.0000 0.3951 0.0000 0.0000	</row1>
					<row2>	-0.3290 0.0000 0.2188 0.0000	</row2>
					<row3>	-0.1296 1.2505 1.6657 1.0000	</row3>
				</transform>
			</node>
			<node>
				<identifier>	MP_CM082_Rope_INDEX_8	</identifier>
				<transform>
					<row0>	0.2188 0.0000 0.3290 0.0000	</row0>
					<row1>	0.0000 0.3951 0.0000 0.0000	</row1>
					<row2>	-0.3290 0.0000 0.2188 0.0000	</row2>
					<row3>	-0.1170 1.2505 1.6573 1.0000	</row3>
				</transform>
			</node>
			<node>
				<identifier>	MP_CM109_Leadsman_Platform	</identifier>
				<transform>
					<row0>	-0.0013 -0.9999 0.0167 0.0000	</row0>
					<row1>	-0.9969 0.0000 -0.0781 0.0000	</row1>
					<row2>	0.0781 -0.0168 -0.9968 0.0000	</row2>
					<row3>	0.4791 0.3651 3.8275 1.0000	</row3>
				</transform>
			</node>
			<node>
				<identifier>	MP_CM109_Leadsman_Platform_INDEX_1	</identifier>
				<transform>
					<row0>	0.0013 -0.9999 0.0167 0.0000	</row0>
					<row1>	0.9969 0.0000 -0.0781 0.0000	</row1>
					<row2>	0.0781 0.0168 0.9968 0.0000	</row2>
					<row3>	-0.4791 0.3651 3.8275 1.0000	</row3>
				</transform>
			</node>
			<node>
				<identifier>	MP_CM126_Cleat	</identifier>
				<transform>
					<row0>	0.0000 0.0000 -1.0000 0.0000	</row0>
					<row1>	-1.0000 0.0000 0.0000 0.0000	</row1>
					<row2>	0.0000 1.0000 0.0000 0.0000	</row2>
					<row3>	0.5155 0.4434 2.0936 1.0000	</row3>
				</transform>
			</node>
			<node>
				<identifier>	MP_CM126_Cleat_INDEX_1	</identifier>
				<transform>
					<row0>	0.9987 0.0000 0.0509 0.0000	</row0>
					<row1>	0.0000 1.0000 0.0000 0.0000	</row1>
					<row2>	-0.0509 0.0000 0.9987 0.0000	</row2>
					<row3>	0.4957 0.3526 3.3989 1.0000	</row3>
				</transform>
			</node>
			<node>
				<identifier>	MP_CM126_Cleat_INDEX_2	</identifier>
				<transform>
					<row0>	0.9987 0.0000 -0.0509 0.0000	</row0>
					<row1>	0.0000 1.0000 0.0000 0.0000	</row1>
					<row2>	0.0509 0.0000 0.9987 0.0000	</row2>
					<row3>	-0.4957 0.3526 3.3989 1.0000	</row3>
				</transform>
			</node>
			<node>
				<identifier>	MP_CM126_Cleat_INDEX_3	</identifier>
				<transform>
					<row0>	1.0000 0.0000 0.0000 0.0000	</row0>
					<row1>	0.0000 1.0000 0.0000 0.0000	</row1>
					<row2>	0.0000 0.0000 1.0000 0.0000	</row2>
					<row3>	0.2680 0.5017 1.0388 1.0000	</row3>
				</transform>
			</node>
			<node>
				<identifier>	MP_CM126_Cleat_INDEX_4	</identifier>
				<transform>
					<row0>	1.0000 0.0000 0.0000 0.0000	</row0>
					<row1>	0.0000 1.0000 0.0000 0.0000	</row1>
					<row2>	0.0000 0.0000 1.0000 0.0000	</row2>
					<row3>	0.2539 0.5017 1.0577 1.0000	</row3>
				</transform>
			</node>
			<node>
				<identifier>	MP_CM126_Cleat_INDEX_5	</identifier>
				<transform>
					<row0>	1.0000 0.0000 0.0000 0.0000	</row0>
					<row1>	0.0000 1.0000 0.0000 0.0000	</row1>
					<row2>	0.0000 0.0000 1.0000 0.0000	</row2>
					<row3>	-0.2680 0.5017 1.0388 1.0000	</row3>
				</transform>
			</node>
			<node>
				<identifier>	MP_CM126_Cleat_INDEX_6	</identifier>
				<transform>
					<row0>	1.0000 0.0000 0.0000 0.0000	</row0>
					<row1>	0.0000 1.0000 0.0000 0.0000	</row1>
					<row2>	0.0000 0.0000 1.0000 0.0000	</row2>
					<row3>	-0.2539 0.5017 1.0577 1.0000	</row3>
				</transform>
			</node>
			<node>
				<identifier>	MP_CM126_Cleat_INDEX_7	</identifier>
				<transform>
					<row0>	0.9515 0.0027 -0.3077 0.0000	</row0>
					<row1>	0.3064 0.0815 0.9484 0.0000	</row1>
					<row2>	0.0276 -0.9967 0.0768 0.0000	</row2>
					<row3>	0.0405 0.6019 0.9637 1.0000	</row3>
				</transform>
			</node>
			<node>
				<identifier>	MP_CM126_Cleat_INDEX_8	</identifier>
				<transform>
					<row0>	0.9515 -0.0027 0.3077 0.0000	</row0>
					<row1>	-0.3064 0.0815 0.9484 0.0000	</row1>
					<row2>	-0.0276 -0.9967 0.0768 0.0000	</row2>
					<row3>	-0.0405 0.6019 0.9637 1.0000	</row3>
				</transform>
			</node>
			<node>
				<identifier>	MP_CM126_Cleat_INDEX_9	</identifier>
				<transform>
					<row0>	0.0000 0.0000 1.0000 0.0000	</row0>
					<row1>	1.0000 0.0000 0.0000 0.0000	</row1>
					<row2>	0.0000 1.0000 0.0000 0.0000	</row2>
					<row3>	-0.5155 0.4434 2.0936 1.0000	</row3>
				</transform>
			</node>
			<node>
				<identifier>	MP_GM856_Mastheadlight	</identifier>
				<transform>
					<row0>	1.0000 0.0000 0.0000 0.0000	</row0>
					<row1>	0.0000 1.0000 0.0000 0.0000	</row1>
					<row2>	0.0000 0.0000 1.0000 0.0000	</row2>
					<row3>	0.0000 1.2939 2.3332 1.0000	</row3>
				</transform>
			</node>
			<node>
				<identifier>	MP_HM003_Loudspeaker	</identifier>
				<transform>
					<row0>	0.0000 0.0000 -1.0000 0.0000	</row0>
					<row1>	0.0000 1.0000 0.0000 0.0000	</row1>
					<row2>	1.0000 0.0000 0.0000 0.0000	</row2>
					<row3>	0.3031 0.5011 3.4659 1.0000	</row3>
				</transform>
			</node>
			<node>
				<identifier>	MP_HM003_Loudspeaker_INDEX_1	</identifier>
				<transform>
					<row0>	0.0000 0.0000 1.0000 0.0000	</row0>
					<row1>	0.0000 1.0000 0.0000 0.0000	</row1>
					<row2>	-1.0000 0.0000 0.0000 0.0000	</row2>
					<row3>	-0.3031 0.5011 3.4659 1.0000	</row3>
				</transform>
			</node>
			<node>
				<identifier>	MP_HM003_Loudspeaker_INDEX_10	</identifier>
				<transform>
					<row0>	0.0000 0.0000 1.0000 0.0000	</row0>
					<row1>	0.0000 1.0000 0.0000 0.0000	</row1>
					<row2>	-1.0000 0.0000 0.0000 0.0000	</row2>
					<row3>	-0.1998 0.8210 2.0061 1.0000	</row3>
				</transform>
			</node>
			<node>
				<identifier>	MP_HM003_Loudspeaker_INDEX_11	</identifier>
				<transform>
					<row0>	0.0000 0.0000 -1.0000 0.0000	</row0>
					<row1>	0.0000 1.0000 0.0000 0.0000	</row1>
					<row2>	1.0000 0.0000 0.0000 0.0000	</row2>
					<row3>	0.1998 0.9826 1.9603 1.0000	</row3>
				</transform>
			</node>
			<node>
				<identifier>	MP_HM003_Loudspeaker_INDEX_12	</identifier>
				<transform>
					<row0>	0.0000 0.0000 1.0000 0.0000	</row0>
					<row1>	0.0000 1.0000 0.0000 0.0000	</row1>
					<row2>	-1.0000 0.0000 0.0000 0.0000	</row2>
					<row3>	-0.1998 0.9826 1.9603 1.0000	</row3>
				</transform>
			</node>
			<node>
				<identifier>	MP_HM003_Loudspeaker_INDEX_13	</identifier>
				<transform>
					<row0>	0.0000 0.0000 -1.0000 0.0000	</row0>
					<row1>	0.0000 1.0000 0.0000 0.0000	</row1>
					<row2>	1.0000 0.0000 0.0000 0.0000	</row2>
					<row3>	0.1366 1.1267 1.9576 1.0000	</row3>
				</transform>
			</node>
			<node>
				<identifier>	MP_HM003_Loudspeaker_INDEX_14	</identifier>
				<transform>
					<row0>	0.0000 0.0000 1.0000 0.0000	</row0>
					<row1>	0.0000 1.0000 0.0000 0.0000	</row1>
					<row2>	-1.0000 0.0000 0.0000 0.0000	</row2>
					<row3>	-0.1366 1.1267 1.9576 1.0000	</row3>
				</transform>
			</node>
			<node>
				<identifier>	MP_HM003_Loudspeaker_INDEX_15	</identifier>
				<transform>
					<row0>	0.0000 0.0000 -1.0000 0.0000	</row0>
					<row1>	0.0000 1.0000 0.0000 0.0000	</row1>
					<row2>	1.0000 0.0000 0.0000 0.0000	</row2>
					<row3>	0.1056 1.2734 1.8502 1.0000	</row3>
				</transform>
			</node>
			<node>
				<identifier>	MP_HM003_Loudspeaker_INDEX_16	</identifier>
				<transform>
					<row0>	0.0000 0.0000 1.0000 0.0000	</row0>
					<row1>	0.0000 1.0000 0.0000 0.0000	</row1>
					<row2>	-1.0000 0.0000 0.0000 0.0000	</row2>
					<row3>	-0.1056 1.2734 1.8644 1.0000	</row3>
				</transform>
			</node>
			<node>
				<identifier>	MP_HM003_Loudspeaker_INDEX_17	</identifier>
				<transform>
					<row0>	0.5848 0.0000 -0.8112 0.0000	</row0>
					<row1>	-0.0347 0.9991 -0.0251 0.0000	</row1>
					<row2>	0.8104 0.0428 0.5843 0.0000	</row2>
