<ZSD005_Hsiang_Yang_1945_MidFront_ports.visual>
	<node>
		<identifier>	Scene Root	</identifier>
		<transform>
			<row0>	1.0000 0.0000 0.0000 0.0000	</row0>
			<row1>	0.0000 1.0000 0.0000 0.0000	</row1>
			<row2>	0.0000 0.0000 1.0000 0.0000	</row2>
			<row3>	0.0000 0.0000 0.0000 1.0000	</row3>
		</transform>
		<node>
			<identifier>	MidFront_ports	</identifier>
			<transform>
				<row0>	1.0000 0.0000 0.0000 0.0000	</row0>
				<row1>	0.0000 1.0000 0.0000 0.0000	</row1>
				<row2>	0.0000 0.0000 1.0000 0.0000	</row2>
				<row3>	0.0000 0.0000 0.0000 1.0000	</row3>
			</transform>
			<node>
				<identifier>	HP_FX_Death_2	</identifier>
				<transform>
					<row0>	1.0000 0.0000 0.0000 0.0000	</row0>
					<row1>	0.0000 1.0000 0.0000 0.0000	</row1>
					<row2>	0.0000 0.0000 1.0000 0.0000	</row2>
					<row3>	0.0000 0.0000 -0.2104 1.0000	</row3>
				</transform>
			</node>
			<node>
				<identifier>	HP_FX_Fire_2	</identifier>
				<transform>
					<row0>	1.0000 0.0000 0.0000 0.0000	</row0>
					<row1>	0.0000 1.0000 0.0000 0.0000	</row1>
					<row2>	0.0000 0.0000 1.0000 0.0000	</row2>
					<row3>	0.0000 0.6671 1.1645 1.0000	</row3>
				</transform>
			</node>
			<node>
				<identifier>	HP_FX_Fire_2_side_1	</identifier>
				<transform>
					<row0>	1.0000 0.0000 0.0000 0.0000	</row0>
					<row1>	0.0000 1.0000 0.0000 0.0000	</row1>
					<row2>	0.0000 0.0000 1.0000 0.0000	</row2>
					<row3>	-0.2055 0.4072 1.6391 1.0000	</row3>
				</transform>
			</node>
			<node>
				<identifier>	HP_FX_Fire_2_side_2	</identifier>
				<transform>
					<row0>	1.0000 0.0000 0.0000 0.0000	</row0>
					<row1>	0.0000 1.0000 0.0000 0.0000	</row1>
					<row2>	0.0000 0.0000 1.0000 0.0000	</row2>
					<row3>	0.2894 0.4749 0.7148 1.0000	</row3>
				</transform>
			</node>
			<node>
				<identifier>	HP_FX_FloodLight_left_2	</identifier>
				<transform>
					<row0>	-1.0000 0.0000 0.0000 0.0000	</row0>
					<row1>	0.0000 1.0000 0.0000 0.0000	</row1>
					<row2>	0.0000 0.0000 -1.0000 0.0000	</row2>
					<row3>	-0.1989 0.4738 1.3993 1.0000	</row3>
				</transform>
			</node>
			<node>
				<identifier>	HP_FX_FloodLight_right_2	</identifier>
				<transform>
					<row0>	1.0000 0.0000 0.0000 0.0000	</row0>
					<row1>	0.0000 1.0000 0.0000 0.0000	</row1>
					<row2>	0.0000 0.0000 1.0000 0.0000	</row2>
					<row3>	0.2029 0.4988 1.3233 1.0000	</row3>
				</transform>
			</node>
			<node>
				<identifier>	HP_FX_Flood_steam_1	</identifier>
				<transform>
					<row0>	1.0000 0.0000 0.0000 0.0000	</row0>
					<row1>	0.0000 0.9321 -0.3621 0.0000	</row1>
					<row2>	0.0000 0.3621 0.9321 0.0000	</row2>
					<row3>	0.0100 0.7456 0.3624 1.0000	</row3>
				</transform>
			</node>
			<node>
				<identifier>	HP_FX_Flood_water_left_2	</identifier>
				<transform>
					<row0>	-1.0000 0.0000 0.0000 0.0000	</row0>
					<row1>	0.0000 1.0000 0.0000 0.0000	</row1>
					<row2>	0.0000 0.0000 -1.0000 0.0000	</row2>
					<row3>	-0.3606 0.0666 1.3888 1.0000	</row3>
				</transform>
			</node>
			<node>
				<identifier>	HP_FX_Flood_water_right_2	</identifier>
				<transform>
					<row0>	1.0000 0.0000 0.0000 0.0000	</row0>
					<row1>	0.0000 1.0000 0.0000 0.0000	</row1>
					<row2>	0.0000 0.0000 1.0000 0.0000	</row2>
					<row3>	0.3606 0.0669 1.3891 1.0000	</row3>
				</transform>
			</node>
			<node>
				<identifier>	HP_FX_Smoke_1	</identifier>
				<transform>
					<row0>	1.0000 0.0000 0.0000 0.0000	</row0>
					<row1>	0.0000 0.9714 -0.2374 0.0000	</row1>
					<row2>	0.0000 0.2374 0.9714 0.0000	</row2>
					<row3>	0.0000 0.8367 0.4882 1.0000	</row3>
				</transform>
			</node>
			<node>
				<identifier>	HP_Flagpole	</identifier>
				<transform>
					<row0>	0.7700 0.0000 -0.2223 0.0000	</row0>
					<row1>	0.0000 0.8014 0.0000 0.0000	</row1>
					<row2>	0.2223 0.0000 0.7700 0.0000	</row2>
					<row3>	-0.0052 1.6727 0.4874 1.0000	</row3>
				</transform>
			</node>
			<node>
				<identifier>	HP_ZD_1	</identifier>
				<transform>
					<row0>	1.0000 0.0000 0.0000 0.0000	</row0>
					<row1>	0.0000 1.0000 0.0000 0.0000	</row1>
					<row2>	0.0000 0.0000 1.0000 0.0000	</row2>
					<row3>	0.0000 0.7254 1.1891 1.0000	</row3>
				</transform>
			</node>
			<node>
				<identifier>	HP_ZD_2	</identifier>
				<transform>
					<row0>	0.0000 0.0000 1.0000 0.0000	</row0>
					<row1>	0.0000 1.0000 0.0000 0.0000	</row1>
					<row2>	-1.0000 0.0000 0.0000 0.0000	</row2>
					<row3>	-0.2049 0.6141 1.0768 1.0000	</row3>
				</transform>
			</node>
			<node>
				<identifier>	HP_ZD_3	</identifier>
				<transform>
					<row0>	0.0000 0.0000 -1.0000 0.0000	</row0>
					<row1>	0.0000 1.0000 0.0000 0.0000	</row1>
					<row2>	1.0000 0.0000 0.0000 0.0000	</row2>
					<row3>	0.2049 0.6141 1.0768 1.0000	</row3>
				</transform>
			</node>
			<node>
				<identifier>	HP_ZD_4	</identifier>
				<transform>
					<row0>	0.0000 0.0000 1.0000 0.0000	</row0>
					<row1>	0.0000 1.0000 0.0000 0.0000	</row1>
					<row2>	-1.0000 0.0000 0.0000 0.0000	</row2>
					<row3>	-0.1376 0.6234 1.0477 1.0000	</row3>
				</transform>
			</node>
			<node>
				<identifier>	HP_ZD_5	</identifier>
				<transform>
					<row0>	0.0000 0.0000 -1.0000 0.0000	</row0>
					<row1>	0.0000 1.0000 0.0000 0.0000	</row1>
					<row2>	1.0000 0.0000 0.0000 0.0000	</row2>
					<row3>	0.1376 0.6234 1.0477 1.0000	</row3>
				</transform>
			</node>
			<node>
				<identifier>	HP_ZGA_1	</identifier>
				<transform>
					<row0>	0.7071 0.0000 0.7071 0.0000	</row0>
					<row1>	0.0000 1.0000 0.0000 0.0000	</row1>
					<row2>	-0.7071 0.0000 0.7071 0.0000	</row2>
					<row3>	-0.2030 0.3790 1.6301 1.0000	</row3>
				</transform>
			</node>
			<node>
				<identifier>	HP_ZGA_2	</identifier>
				<transform>
					<row0>	0.7071 0.0000 -0.7071 0.0000	</row0>
					<row1>	0.0000 1.0000 0.0000 0.0000	</row1>
					<row2>	0.7071 0.0000 0.7071 0.0000	</row2>
					<row3>	0.2030 0.3790 1.6301 1.0000	</row3>
				</transform>
			</node>
			<node>
				<identifier>	HP_ZGA_3	</identifier>
				<transform>
					<row0>	0.7071 0.0000 0.7071 0.0000	</row0>
					<row1>	0.0000 1.0000 0.0000 0.0000	</row1>
					<row2>	-0.7071 0.0000 0.7071 0.0000	</row2>
					<row3>	-0.2897 0.3714 1.4468 1.0000	</row3>
				</transform>
			</node>
			<node>
				<identifier>	HP_ZGA_4	</identifier>
				<transform>
					<row0>	0.7071 0.0000 -0.7071 0.0000	</row0>
					<row1>	0.0000 1.0000 0.0000 0.0000	</row1>
					<row2>	0.7071 0.0000 0.7071 0.0000	</row2>
					<row3>	0.2897 0.3714 1.4468 1.0000	</row3>
				</transform>
			</node>
			<node>
				<identifier>	HP_ZGA_5	</identifier>
				<transform>
					<row0>	0.0000 0.0000 1.0000 0.0000	</row0>
					<row1>	0.0000 1.0000 0.0000 0.0000	</row1>
					<row2>	-1.0000 0.0000 0.0000 0.0000	</row2>
					<row3>	-0.2651 0.4332 0.7143 1.0000	</row3>
				</transform>
			</node>
			<node>
				<identifier>	HP_ZGA_6	</identifier>
				<transform>
					<row0>	0.0000 0.0000 -1.0000 0.0000	</row0>
					<row1>	0.0000 1.0000 0.0000 0.0000	</row1>
					<row2>	1.0000 0.0000 0.0000 0.0000	</row2>
					<row3>	0.2651 0.4332 0.7143 1.0000	</row3>
				</transform>
			</node>
			<node>
				<identifier>	HP_ZGM_2	</identifier>
				<transform>
					<row0>	1.0000 0.0000 0.0000 0.0000	</row0>
					<row1>	0.0000 1.0000 0.0000 0.0000	</row1>
					<row2>	0.0000 0.0000 1.0000 0.0000	</row2>
					<row3>	0.0000 0.4306 1.9880 1.0000	</row3>
				</transform>
			</node>
			<node>
				<identifier>	HP_ZGT_1	</identifier>
				<transform>
					<row0>	1.0000 0.0000 0.0000 0.0000	</row0>
					<row1>	0.0000 1.0000 0.0000 0.0000	</row1>
					<row2>	0.0000 0.0000 1.0000 0.0000	</row2>
					<row3>	0.0000 0.3406 0.0403 1.0000	</row3>
				</transform>
			</node>
			<node>
				<identifier>	HP_ZRS_1	</identifier>
				<transform>
					<row0>	1.0000 0.0000 0.0000 0.0000	</row0>
					<row1>	0.0000 1.0000 0.0000 0.0000	</row1>
					<row2>	0.0000 0.0000 1.0000 0.0000	</row2>
					<row3>	0.0000 1.4100 0.9172 1.0000	</row3>
				</transform>
			</node>
			<node>
				<identifier>	HP_ZRS_2	</identifier>
				<transform>
					<row0>	1.0000 0.0000 0.0000 0.0000	</row0>
					<row1>	0.0000 0.9966 -0.0825 0.0000	</row1>
					<row2>	0.0000 0.0825 0.9966 0.0000	</row2>
					<row3>	0.0000 1.7347 0.6691 1.0000	</row3>
				</transform>
			</node>
			<node>
				<identifier>	HP_flag_1	</identifier>
				<transform>
					<row0>	1.0000 0.0000 0.0000 0.0000	</row0>
					<row1>	0.0000 0.9857 -0.1684 0.0000	</row1>
					<row2>	0.0000 0.1684 0.9857 0.0000	</row2>
					<row3>	0.1816 1.3705 0.7760 1.0000	</row3>
				</transform>
			</node>
			<node>
				<identifier>	HP_flag_2	</identifier>
				<transform>
					<row0>	1.0000 0.0000 0.0000 0.0000	</row0>
					<row1>	0.0000 0.9857 -0.1684 0.0000	</row1>
					<row2>	0.0000 0.1684 0.9857 0.0000	</row2>
					<row3>	-0.1816 1.3705 0.7760 1.0000	</row3>
				</transform>
			</node>
			<node>
				<identifier>	HP_flag_3	</identifier>
				<transform>
					<row0>	1.0000 0.0091 -0.0008 0.0000	</row0>
					<row1>	-0.0091 0.9857 -0.1684 0.0000	</row1>
					<row2>	-0.0008 0.1684 0.9857 0.0000	</row2>
					<row3>	0.1293 1.3705 0.7760 1.0000	</row3>
				</transform>
			</node>
			<node>
				<identifier>	HP_flag_4	</identifier>
				<transform>
					<row0>	1.0000 -0.0091 0.0008 0.0000	</row0>
					<row1>	0.0091 0.9857 -0.1684 0.0000	</row1>
					<row2>	0.0008 0.1684 0.9857 0.0000	</row2>
					<row3>	-0.1293 1.3705 0.7760 1.0000	</row3>
				</transform>
			</node>
			<node>
				<identifier>	HP_flag_courtesy	</identifier>
				<transform>
					<row0>	0.9999 0.0158 -0.0013 0.0000	</row0>
					<row1>	-0.0158 0.9856 -0.1684 0.0000	</row1>
					<row2>	-0.0013 0.1684 0.9857 0.0000	</row2>
					<row3>	0.1010 1.3705 0.7760 1.0000	</row3>
				</transform>
			</node>
			<node>
				<identifier>	HP_flag_house	</identifier>
				<transform>
					<row0>	0.9999 -0.0158 0.0013 0.0000	</row0>
					<row1>	0.0158 0.9856 -0.1684 0.0000	</row1>
					<row2>	0.0013 0.1684 0.9857 0.0000	</row2>
					<row3>	-0.1010 1.3705 0.7760 1.0000	</row3>
				</transform>
			</node>
			<node>
				<identifier>	HP_flag_nation	</identifier>
				<transform>
					<row0>	0.9936 0.1099 -0.0243 0.0000	</row0>
					<row1>	-0.1099 0.9005 -0.4208 0.0000	</row1>
					<row2>	-0.0243 0.4208 0.9068 0.0000	</row2>
					<row3>	0.0002 1.6718 0.4245 1.0000	</row3>
				</transform>
			</node>
			<node>
				<identifier>	HP_flag_rank	</identifier>
				<transform>
					<row0>	0.9936 0.1099 -0.0243 0.0000	</row0>
					<row1>	-0.1099 0.9005 -0.4208 0.0000	</row1>
					<row2>	-0.0243 0.4208 0.9068 0.0000	</row2>
					<row3>	0.0228 1.4865 0.5110 1.0000	</row3>
				</transform>
			</node>
			<node>
				<identifier>	MP_CM011_Fire_Fighting_Gear	</identifier>
				<transform>
					<row0>	0.0000 0.0000 1.0000 0.0000	</row0>
					<row1>	0.0000 1.0000 0.0000 0.0000	</row1>
					<row2>	-1.0000 0.0000 0.0000 0.0000	</row2>
					<row3>	0.2047 0.2303 1.9163 1.0000	</row3>
				</transform>
			</node>
			<node>
				<identifier>	MP_CM011_Fire_Fighting_Gear_INDEX_1	</identifier>
				<transform>
					<row0>	0.0000 0.0000 1.0000 0.0000	</row0>
					<row1>	0.0000 1.0000 0.0000 0.0000	</row1>
					<row2>	-1.0000 0.0000 0.0000 0.0000	</row2>
					<row3>	0.2038 0.1665 0.2716 1.0000	</row3>
				</transform>
			</node>
			<node>
				<identifier>	MP_CM011_Fire_Fighting_Gear_INDEX_2	</identifier>
				<transform>
					<row0>	-1.0000 0.0000 0.0000 0.0000	</row0>
					<row1>	0.0000 1.0000 0.0000 0.0000	</row1>
					<row2>	0.0000 0.0000 -1.0000 0.0000	</row2>
					<row3>	-0.0455 0.2551 2.2750 1.0000	</row3>
				</transform>
			</node>
			<node>
				<identifier>	MP_CM012_Fire_Hose_Rack_1	</identifier>
				<transform>
					<row0>	-1.0000 0.0000 0.0000 0.0000	</row0>
					<row1>	0.0000 1.0000 0.0000 0.0000	</row1>
					<row2>	0.0000 0.0000 -1.0000 0.0000	</row2>
					<row3>	0.1963 0.2520 0.2876 1.0000	</row3>
				</transform>
			</node>
			<node>
				<identifier>	MP_CM012_Fire_Hose_Rack_1_INDEX_1	</identifier>
				<transform>
					<row0>	-0.8575 0.0000 -0.5145 0.0000	</row0>
					<row1>	0.0000 1.0000 0.0000 0.0000	</row1>
					<row2>	0.5145 0.0000 -0.8575 0.0000	</row2>
					<row3>	0.1017 0.3061 2.2282 1.0000	</row3>
				</transform>
			</node>
			<node>
				<identifier>	MP_CM012_Fire_Hose_Rack_1_INDEX_2	</identifier>
				<transform>
					<row0>	0.0000 0.0000 -1.0000 0.0000	</row0>
					<row1>	0.0000 1.0000 0.0000 0.0000	</row1>
					<row2>	1.0000 0.0000 0.0000 0.0000	</row2>
					<row3>	-0.0582 0.3377 2.2631 1.0000	</row3>
				</transform>
			</node>
			<node>
				<identifier>	MP_CM012_Fire_Hose_Rack_1_INDEX_3	</identifier>
				<transform>
					<row0>	-1.0000 0.0000 0.0000 0.0000	</row0>
					<row1>	0.0000 1.0000 0.0000 0.0000	</row1>
					<row2>	0.0000 0.0000 -1.0000 0.0000	</row2>
					<row3>	0.1968 0.3471 1.9433 1.0000	</row3>
				</transform>
			</node>
			<node>
				<identifier>	MP_CM012_Fire_Hose_Rack_1_INDEX_4	</identifier>
				<transform>
					<row0>	0.8564 0.0000 -0.5163 0.0000	</row0>
					<row1>	0.0000 1.0000 0.0000 0.0000	</row1>
					<row2>	0.5163 0.0000 0.8564 0.0000	</row2>
					<row3>	-0.0991 0.3633 2.2328 1.0000	</row3>
				</transform>
			</node>
			<node>
				<identifier>	MP_CM012_Fire_Hose_Rack_1_INDEX_5	</identifier>
				<transform>
					<row0>	-1.0000 0.0000 0.0000 0.0000	</row0>
					<row1>	0.0000 1.0000 0.0000 0.0000	</row1>
					<row2>	0.0000 0.0000 -1.0000 0.0000	</row2>
					<row3>	0.1968 0.3454 1.8936 1.0000	</row3>
				</transform>
			</node>
			<node>
				<identifier>	MP_CM014_Fuel_Oil_Hose	</identifier>
				<transform>
					<row0>	1.0000 0.0000 0.0000 0.0000	</row0>
					<row1>	0.0000 1.0000 0.0000 0.0000	</row1>
					<row2>	0.0000 0.0000 1.0000 0.0000	</row2>
					<row3>	-0.1984 0.2681 0.2528 1.0000	</row3>
				</transform>
			</node>
			<node>
				<identifier>	MP_CM014_Fuel_Oil_Hose_INDEX_1	</identifier>
				<transform>
					<row0>	1.0000 0.0000 0.0000 0.0000	</row0>
					<row1>	0.0000 1.0000 0.0000 0.0000	</row1>
					<row2>	0.0000 0.0000 1.0000 0.0000	</row2>
					<row3>	-0.1984 0.2948 0.2528 1.0000	</row3>
				</transform>
			</node>
			<node>
				<identifier>	MP_CM029_Emergency_Box	</identifier>
				<transform>
					<row0>	-0.4813 0.0000 -0.8765 0.0000	</row0>
					<row1>	0.0000 1.0000 0.0000 0.0000	</row1>
					<row2>	0.8765 0.0000 -0.4813 0.0000	</row2>
					<row3>	-0.1701 0.4367 1.4904 1.0000	</row3>
				</transform>
			</node>
			<node>
				<identifier>	MP_CM029_Emergency_Box_INDEX_1	</identifier>
				<transform>
					<row0>	-0.4813 0.0000 0.8765 0.0000	</row0>
					<row1>	0.0000 1.0000 0.0000 0.0000	</row1>
					<row2>	-0.8765 0.0000 -0.4813 0.0000	</row2>
					<row3>	0.1701 0.4367 1.4904 1.0000	</row3>
				</transform>
			</node>
			<node>
				<identifier>	MP_CM029_Emergency_Box_INDEX_2	</identifier>
				<transform>
					<row0>	0.0000 0.0000 -1.0000 0.0000	</row0>
					<row1>	0.0000 1.0000 0.0000 0.0000	</row1>
					<row2>	1.0000 0.0000 0.0000 0.0000	</row2>
					<row3>	-0.0949 0.6781 1.1891 1.0000	</row3>
				</transform>
			</node>
			<node>
				<identifier>	MP_CM029_Emergency_Box_INDEX_3	</identifier>
				<transform>
					<row0>	0.0000 0.0000 1.0000 0.0000	</row0>
					<row1>	0.0000 1.0000 0.0000 0.0000	</row1>
					<row2>	-1.0000 0.0000 0.0000 0.0000	</row2>
					<row3>	0.0949 0.6781 1.1891 1.0000	</row3>
				</transform>
			</node>
			<node>
				<identifier>	MP_CM052_Fender	</identifier>
				<transform>
					<row0>	0.0000 0.0000 -0.5230 0.0000	</row0>
					<row1>	0.0000 0.5230 0.0000 0.0000	</row1>
					<row2>	0.5230 0.0000 0.0000 0.0000	</row2>
					<row3>	0.2127 0.1762 0.5591 1.0000	</row3>
				</transform>
			</node>
			<node>
				<identifier>	MP_CM052_Fender_INDEX_1	</identifier>
				<transform>
					<row0>	0.0000 0.0000 0.5230 0.0000	</row0>
					<row1>	0.0000 0.5230 0.0000 0.0000	</row1>
					<row2>	-0.5230 0.0000 0.0000 0.0000	</row2>
					<row3>	-0.2127 0.1762 0.5591 1.0000	</row3>
				</transform>
			</node>
			<node>
				<identifier>	MP_CM052_Fender_INDEX_2	</identifier>
				<transform>
					<row0>	0.0000 0.0000 -0.5230 0.0000	</row0>
					<row1>	0.0000 0.5230 0.0000 0.0000	</row1>
					<row2>	0.5230 0.0000 0.0000 0.0000	</row2>
					<row3>	0.2125 0.1970 1.1403 1.0000	</row3>
				</transform>
			</node>
			<node>
				<identifier>	MP_CM052_Fender_INDEX_3	</identifier>
				<transform>
					<row0>	0.0000 0.0000 0.5230 0.0000	</row0>
					<row1>	0.0000 0.5230 0.0000 0.0000	</row1>
					<row2>	-0.5230 0.0000 0.0000 0.0000	</row2>
					<row3>	-0.2125 0.1970 1.1403 1.0000	</row3>
				</transform>
			</node>
			<node>
				<identifier>	MP_CM056_Ships_bell	</identifier>
				<transform>
					<row0>	1.0000 0.0000 0.0000 0.0000	</row0>
					<row1>	0.0000 1.0000 0.0000 0.0000	</row1>
					<row2>	0.0000 0.0000 1.0000 0.0000	</row2>
					<row3>	0.0244 0.7947 0.8815 1.0000	</row3>
				</transform>
			</node>
			<node>
				<identifier>	MP_CM057_Accommodation_Ladder_Closed	</identifier>
				<transform>
					<row0>	0.4573 0.8893 -0.0019 0.0000	</row0>
					<row1>	-0.8890 0.4571 -0.0256 0.0000	</row1>
					<row2>	-0.0219 0.0134 0.9997 0.0000	</row2>
					<row3>	0.3721 0.1952 0.5234 1.0000	</row3>
				</transform>
			</node>
			<node>
				<identifier>	MP_CM057_Accommodation_Ladder_Closed_INDEX_1	</identifier>
				<transform>
					<row0>	0.4575 -0.8891 0.0117 0.0000	</row0>
					<row1>	0.8890 0.4571 -0.0256 0.0000	</row1>
					<row2>	0.0174 0.0221 0.9996 0.0000	</row2>
					<row3>	-0.3721 0.1952 0.5234 1.0000	</row3>
				</transform>
			</node>
			<node>
				<identifier>	MP_ZM042_Speaker	</identifier>
				<transform>
					<row0>	1.0000 0.0000 0.0000 0.0000	</row0>
					<row1>	0.0000 1.0000 0.0000 0.0000	</row1>
					<row2>	0.0000 0.0000 1.0000 0.0000	</row2>
					<row3>	-0.2866 0.4570 0.5052 1.0000	</row3>
				</transform>
			</node>
			<node>
				<identifier>	MP_ZM042_Speaker_INDEX_1	</identifier>
				<transform>
					<row0>	1.0000 0.0000 0.0000 0.0000	</row0>
					<row1>	0.0000 1.0000 0.0000 0.0000	</row1>
					<row2>	0.0000 0.0000 1.0000 0.0000	</row2>
					<row3>	0.2866 0.4570 0.5052 1.0000	</row3>
				</transform>
			</node>
			<node>
				<identifier>	MP_ZM053_Floater_Net_Basket_2	</identifier>
				<transform>
					<row0>	-1.0000 0.0000 0.0000 0.0000	</row0>
					<row1>	0.0000 1.0000 0.0000 0.0000	</row1>
					<row2>	0.0000 0.0000 -1.0000 0.0000	</row2>
					<row3>	0.1615 0.4871 0.3147 1.0000	</row3>
				</transform>
			</node>
			<node>
				<identifier>	MP_ZM053_Floater_Net_Basket_2_INDEX_1	</identifier>
				<transform>
					<row0>	0.0000 0.0532 0.9986 0.0000	</row0>
					<row1>	0.0000 0.9986 -0.0532 0.0000	</row1>
					<row2>	-1.0000 0.0000 0.0000 0.0000	</row2>
					<row3>	-0.1960 0.3841 1.9372 1.0000	</row3>
				</transform>
			</node>
			<node>
				<identifier>	MP_ZM053_Floater_Net_Basket_2_INDEX_2	</identifier>
				<transform>
					<row0>	-1.0000 0.0000 0.0000 0.0000	</row0>
					<row1>	0.0000 1.0000 0.0000 0.0000	</row1>
					<row2>	0.0000 0.0000 -1.0000 0.0000	</row2>
					<row3>	-0.1615 0.4871 0.3147 1.0000	</row3>
				</transform>
			</node>
			<node>
				<identifier>	MP_ZM053_Floater_Net_Basket_2_INDEX_3	</identifier>
				<transform>
					<row0>	0.0000 -0.0532 -0.9986 0.0000	</row0>
					<row1>	0.0000 0.9986 -0.0532 0.0000	</row1>
					<row2>	1.0000 0.0000 0.0000 0.0000	</row2>
					<row3>	0.1960 0.3840 1.9381 1.0000	</row3>
				</transform>
			</node>
			<node>
				<identifier>	MP_ZM054_Reels_1	</identifier>
				<transform>
					<row0>	1.0454 0.0633 -0.0012 0.0000	</row0>
					<row1>	-0.0633 1.0452 -0.0200 0.0000	</row1>
					<row2>	0.0000 0.0201 1.0471 0.0000	</row2>
					<row3>	-0.2391 0.1562 -0.0027 1.0000	</row3>
				</transform>
			</node>
			<node>
				<identifier>	MP_ZM054_Reels_1_INDEX_1	</identifier>
				<transform>
					<row0>	0.8899 0.0000 0.0000 0.0000	</row0>
					<row1>	0.0000 0.0000 0.8899 0.0000	</row1>
					<row2>	0.0000 -0.8899 0.0000 0.0000	</row2>
					<row3>	0.0000 0.3382 2.2614 1.0000	</row3>
				</transform>
			</node>
			<node>
				<identifier>	MP_ZM504_Boat	</identifier>
				<transform>
					<row0>	0.0000 1.0000 0.0000 0.0000	</row0>
					<row1>	-0.9986 0.0000 0.0523 0.0000	</row1>
					<row2>	0.0523 0.0000 0.9986 0.0000	</row2>
					<row3>	-0.3328 0.3200 1.6465 1.0000	</row3>
				</transform>
			</node>
			<node>
				<identifier>	MP_ZM504_Boat_INDEX_1	</identifier>
				<transform>
					<row0>	0.5736 0.8192 0.0000 0.0000	</row0>
					<row1>	-0.8192 0.5736 0.0000 0.0000	</row1>
					<row2>	0.0000 0.0000 1.0000 0.0000	</row2>
					<row3>	-0.3308 0.3375 0.9743 1.0000	</row3>
				</transform>
			</node>
			<node>
				<identifier>	MP_ZM504_Boat_INDEX_2	</identifier>
				<transform>
					<row0>	0.0000 -1.0000 0.0000 0.0000	</row0>
					<row1>	0.9986 0.0000 0.0523 0.0000	</row1>
					<row2>	-0.0523 0.0000 0.9986 0.0000	</row2>
					<row3>	0.3328 0.3200 1.6465 1.0000	</row3>
				</transform>
			</node>
			<node>
				<identifier>	MP_ZM504_Boat_INDEX_3	</identifier>
				<transform>
					<row0>	0.5736 -0.8192 0.0000 0.0000	</row0>
					<row1>	0.8192 0.5736 0.0000 0.0000	</row1>
					<row2>	0.0000 0.0000 1.0000 0.0000	</row2>
					<row3>	0.3308 0.3375 0.9743 1.0000	</row3>
				</transform>
			</node>
			<node>
				<identifier>	MP_ZM505_Life_Buoy	</identifier>
				<transform>
					<row0>	0.0000 0.0000 1.0000 0.0000	</row0>
					<row1>	0.0000 1.0000 0.0000 0.0000	</row1>
					<row2>	-1.0000 0.0000 0.0000 0.0000	</row2>
					<row3>	0.3643 0.4872 0.8492 1.0000	</row3>
				</transform>
			</node>
			<node>
				<identifier>	MP_ZM505_Life_Buoy_INDEX_1	</identifier>
				<transform>
					<row0>	0.0000 0.0000 1.0000 0.0000	</row0>
					<row1>	0.0000 1.0000 0.0000 0.0000	</row1>
					<row2>	-1.0000 0.0000 0.0000 0.0000	</row2>
					<row3>	-0.3643 0.4872 0.8492 1.0000	</row3>
				</transform>
			</node>
			<node>
				<identifier>	MP_ZM601_Turtles_box	</identifier>
				<transform>
					<row0>	0.0000 0.0000 -1.0000 0.0000	</row0>
					<row1>	0.0000 1.0000 0.0000 0.0000	</row1>
					<row2>	1.0000 0.0000 0.0000 0.0000	</row2>
					<row3>	0.1973 0.3788 1.3818 1.0000	</row3>
				</transform>
			</node>
			<node>
				<identifier>	MP_ZM601_Turtles_box_INDEX_1	</identifier>
				<transform>
					<row0>	0.0000 0.0000 1.0000 0.0000	</row0>
					<row1>	0.0000 1.0000 0.0000 0.0000	</row1>
					<row2>	-1.0000 0.0000 0.0000 0.0000	</row2>
					<row3>	-0.1973 0.3788 1.3818 1.0000	</row3>
				</transform>
			</node>
			<node>
				<identifier>	MP_ZM607_Telephone	</identifier>
				<transform>
					<row0>	0.0770 0.0000 0.9970 0.0000	</row0>
					<row1>	0.0000 1.0000 0.0000 0.0000	</row1>
					<row2>	-0.9970 0.0000 0.0770 0.0000	</row2>
					<row3>	-0.2371 0.6890 1.0246 1.0000	</row3>
				</transform>
			</node>
			<node>
				<identifier>	MP_ZM607_Telephone_INDEX_1	</identifier>
				<transform>
					<row0>	0.0770 0.0000 -0.9970 0.0000	</row0>
					<row1>	0.0000 1.0000 0.0000 0.0000	</row1>
					<row2>	0.9970 0.0000 0.0770 0.0000	</row2>
					<row3>	0.2371 0.6890 1.0245 1.0000	</row3>
				</transform>
			</node>
			<node>
				<identifier>	MP_ZM617_Pelorus_Mk7	</identifier>
				<transform>
					<row0>	-1.0000 0.0000 0.0000 0.0000	</row0>
					<row1>	0.0000 1.0000 0.0000 0.0000	</row1>
					<row2>	0.0000 0.0000 -1.0000 0.0000	</row2>
					<row3>	-0.1893 0.6239 1.3969 1.0000	</row3>
				</transform>
			</node>
			<node>
				<identifier>	MP_ZM617_Pelorus_Mk7_INDEX_1	</identifier>
				<transform>
					<row0>	-1.0000 0.0000 0.0000 0.0000	</row0>
					<row1>	0.0000 1.0000 0.0000 0.0000	</row1>
					<row2>	0.0000 0.0000 -1.0000 0.0000	</row2>
					<row3>	0.1893 0.6239 1.3327 1.0000	</row3>
				</transform>
			</node>
			<node>
				<identifier>	MP_ZM618_Sky_Lookout	</identifier>
				<transform>
					<row0>	0.0000 0.0000 1.0000 0.0000	</row0>
					<row1>	0.0000 1.0000 0.0000 0.0000	</row1>
					<row2>	-1.0000 0.0000 0.0000 0.0000	</row2>
					<row3>	-0.1898 0.6134 1.3158 1.0000	</row3>
				</transform>
			</node>
			<node>
				<identifier>	MP_ZM618_Sky_Lookout_INDEX_1	</identifier>
				<transform>
					<row0>	0.0000 0.0000 -1.0000 0.0000	</row0>
					<row1>	0.0000 1.0000 0.0000 0.0000	</row1>
					<row2>	1.0000 0.0000 0.0000 0.0000	</row2>
					<row3>	0.2086 0.6127 0.9697 1.0000	</row3>
				</transform>
			</node>
			<node>
				<identifier>	MP_ZM618_Sky_Lookout_INDEX_2	</identifier>
				<transform>
					<row0>	0.0000 0.0000 1.0000 0.0000	</row0>
					<row1>	0.0000 1.0000 0.0000 0.0000	</row1>
					<row2>	-1.0000 0.0000 0.0000 0.0000	</row2>
					<row3>	-0.2086 0.6127 0.9697 1.0000	</row3>
				</transform>
			</node>
			<node>
				<identifier>	MP_ZM700_Ammunition_Box	</identifier>
				<transform>
					<row0>	0.0000 0.0343 0.9994 0.0000	</row0>
					<row1>	0.0000 0.9994 -0.0343 0.0000	</row1>
					<row2>	-1.0000 0.0000 0.0000 0.0000	</row2>
					<row3>	0.3457 0.3584 1.2900 1.0000	</row3>
				</transform>
			</node>
			<node>
				<identifier>	MP_ZM700_Ammunition_Box_INDEX_1	</identifier>
				<transform>
					<row0>	0.8547 -0.0387 -0.5176 0.0000	</row0>
					<row1>	0.0331 0.9993 -0.0200 0.0000	</row1>
					<row2>	0.5180 0.0000 0.8554 0.0000	</row2>
					<row3>	-0.1072 0.3762 1.7016 1.0000	</row3>
				</transform>
			</node>
			<node>
				<identifier>	MP_ZM700_Ammunition_Box_INDEX_2	</identifier>
				<transform>
					<row0>	0.0000 -0.0343 -0.9994 0.0000	</row0>
					<row1>	0.0000 0.9994 -0.0343 0.0000	</row1>
					<row2>	1.0000 0.0000 0.0000 0.0000	</row2>
					<row3>	-0.3457 0.3584 1.2900 1.0000	</row3>
				</transform>
			</node>
			<node>
				<identifier>	MP_ZM700_Ammunition_Box_INDEX_3	</identifier>
				<transform>
					<row0>	0.8547 0.0387 0.5176 0.0000	</row0>
					<row1>	-0.0331 0.9993 -0.0200 0.0000	</row1>
					<row2>	-0.5180 0.0000 0.8554 0.0000	</row2>
					<row3>	0.1072 0.3762 1.7016 1.0000	</row3>
				</transform>
			</node>
			<node>
				<identifier>	MP_ZM709_Flag_Box	</identifier>
				<transform>
					<row0>	1.0000 0.0000 0.0000 0.0000	</row0>
					<row1>	0.0000 1.0000 0.0000 0.0000	</row1>
					<row2>	0.0000 0.0000 1.0000 0.0000	</row2>
					<row3>	-0.1324 0.6308 0.8547 1.0000	</row3>
				</transform>
			</node>
			<node>
				<identifier>	MP_ZM709_Flag_Box_INDEX_1	</identifier>
				<transform>
					<row0>	1.0000 0.0000 0.0000 0.0000	</row0>
					<row1>	0.0000 1.0000 0.0000 0.0000	</row1>
					<row2>	0.0000 0.0000 1.0000 0.0000	</row2>
					<row3>	0.1324 0.6308 0.8547 1.0000	</row3>
				</transform>
			</node>
			<node>
				<identifier>	MP_ZM762_Hatch_4	</identifier>
				<transform>
					<row0>	1.0000 0.0000 0.0000 0.0000	</row0>
					<row1>	0.0000 1.0000 0.0000 0.0000	</row1>
					<row2>	0.0000 0.0000 1.0000 0.0000	</row2>
					<row3>	0.0149 0.3725 1.7050 1.0000	</row3>
				</transform>
			</node>
			<node>
				<identifier>	MP_ZM764_Hatch_5	</identifier>
				<transform>
					<row0>	1.0000 0.0000 0.0000 0.0000	</row0>
					<row1>	0.0000 1.0000 0.0000 0.0000	</row1>
					<row2>	0.0000 0.0000 1.0000 0.0000	</row2>
					<row3>	0.2297 0.1507 -0.1276 1.0000	</row3>
				</transform>
			</node>
			<node>
				<identifier>	MP_ZM869_24in_SearchLight	</identifier>
				<transform>
					<row0>	0.0000 0.0000 -1.0000 0.0000	</row0>
					<row1>	0.0000 1.0000 0.0000 0.0000	</row1>
					<row2>	1.0000 0.0000 0.0000 0.0000	</row2>
					<row3>	0.3313 0.3670 1.1370 1.0000	</row3>
				</transform>
			</node>
			<node>
				<identifier>	MP_ZM869_24in_SearchLight_INDEX_1	</identifier>
				<transform>
					<row0>	0.0000 0.0000 1.0000 0.0000	</row0>
					<row1>	0.0000 1.0000 0.0000 0.0000	</row1>
					<row2>	-1.0000 0.0000 0.0000 0.0000	</row2>
					<row3>	-0.3313 0.3670 1.1370 1.0000	</row3>
				</transform>
			</node>
			<node>
				<identifier>	MP_ZM872_36in_Searchlight	</identifier>
				<transform>
					<row0>	0.0000 0.0000 1.0000 0.0000	</row0>
					<row1>	0.0000 1.0000 0.0000 0.0000	</row1>
					<row2>	-1.0000 0.0000 0.0000 0.0000	</row2>
					<row3>	-0.1615 0.4949 0.4218 1.0000	</row3>
				</transform>
			</node>
			<node>
				<identifier>	MP_ZM872_36in_Searchlight_INDEX_1	</identifier>
				<transform>
					<row0>	0.0000 0.0000 -1.0000 0.0000	</row0>
					<row1>	0.0000 1.0000 0.0000 0.0000	</row1>
					<row2>	1.0000 0.0000 0.0000 0.0000	</row2>
					<row3>	0.1615 0.4949 0.4218 1.0000	</row3>
				</transform>
			</node>
			<node>
				<identifier>	MP_ZM873_Signal_Lamp_4	</identifier>
				<transform>
					<row0>	-0.1364 0.0000 0.9906 0.0000	</row0>
					<row1>	0.0000 1.0000 0.0000 0.0000	</row1>
					<row2>	-0.9906 0.0000 -0.1364 0.0000	</row2>
					<row3>	-0.2457 0.6859 0.8916 1.0000	</row3>
				</transform>
			</node>
			<node>
				<identifier>	MP_ZM873_Signal_Lamp_4_INDEX_1	</identifier>
				<transform>
					<row0>	-0.1364 0.0000 -0.9906 0.0000	</row0>
					<row1>	0.0000 1.0000 0.0000 0.0000	</row1>
					<row2>	0.9906 0.0000 -0.1364 0.0000	</row2>
					<row3>	0.2457 0.6859 0.8916 1.0000	</row3>
				</transform>
			</node>
			<node>
				<identifier>	MP_ZM876_Running_Lights_FW	</identifier>
				<transform>
					<row0>	1.0000 0.0000 0.0000 0.0000	</row0>
					<row1>	0.0000 1.0000 0.0000 0.0000	</row1>
					<row2>	0.0000 0.0000 1.0000 0.0000	</row2>
					<row3>	0.0000 0.7572 1.6578 1.0000	</row3>
				</transform>
			</node>
			<node>
				<identifier>	MP_ZM876_Running_Lights_FW_INDEX_1	</identifier>
				<transform>
					<row0>	1.0000 0.0000 0.0000 0.0000	</row0>
					<row1>	0.0000 1.0000 0.0000 0.0000	</row1>
					<row2>	0.0000 0.0000 1.0000 0.0000	</row2>
					<row3>	0.0000 1.1724 0.8889 1.0000	</row3>
				</transform>
			</node>
			<node>
				<identifier>	MP_ZM877_Running_Lights_R	</identifier>
				<transform>
					<row0>	1.0000 0.0000 0.0000 0.0000	</row0>
					<row1>	0.0000 1.0000 0.0000 0.0000	</row1>
					<row2>	0.0000 0.0000 1.0000 0.0000	</row2>
					<row3>	0.1756 0.5651 1.3493 1.0000	</row3>
				</transform>
			</node>
			<node>
				<identifier>	MP_ZM878_Running_Lights_L	</identifier>
				<transform>
					<row0>	1.0000 0.0000 0.0000 0.0000	</row0>
					<row1>	0.0000 1.0000 0.0000 0.0000	</row1>
					<row2>	0.0000 0.0000 1.0000 0.0000	</row2>
					<row3>	-0.1756 0.5651 1.3493 1.0000	</row3>
				</transform>
			</node>
			<node>
				<identifier>	MP_ZM879_Signal_Lamp	</identifier>
				<transform>
					<row0>	1.0000 0.0000 0.0000 0.0000	</row0>
					<row1>	0.0000 1.0000 0.0000 0.0000	</row1>
					<row2>	0.0000 0.0000 1.0000 0.0000	</row2>
					<row3>	-0.0607 1.1775 0.6973 1.0000	</row3>
				</transform>
			</node>
			<node>
				<identifier>	MP_ZM879_Signal_Lamp_INDEX_1	</identifier>
				<transform>
					<row0>	1.0000 0.0000 0.0000 0.0000	</row0>
					<row1>	0.0000 1.0000 0.0000 0.0000	</row1>
					<row2>	0.0000 0.0000 1.0000 0.0000	</row2>
					<row3>	0.0607 1.1775 0.6973 1.0000	</row3>
				</transform>
			</node>
			<node>
				<identifier>	MP_ZM879_Signal_Lamp_INDEX_2	</identifier>
				<transform>
					<row0>	1.0000 0.0000 0.0000 0.0000	</row0>
					<row1>	0.0000 1.0000 0.0000 0.0000	</row1>
					<row2>	0.0000 0.0000 1.0000 0.0000	</row2>
					<row3>	-0.0460 1.4121 0.6279 1.0000	</row3>
				</transform>
			</node>
			<node>
				<identifier>	MP_ZM879_Signal_Lamp_INDEX_3	</identifier>
				<transform>
					<row0>	1.0000 0.0000 0.0000 0.0000	</row0>
					<row1>	0.0000 1.0000 0.0000 0.0000	</row1>
					<row2>	0.0000 0.0000 1.0000 0.0000	</row2>
					<row3>	0.0460 1.4121 0.6279 1.0000	</row3>
				</transform>
			</node>
			<node>
				<identifier>	MP_ZM972_Boat_Winch	</identifier>
				<transform>
					<row0>	-0.0008 0.0274 0.9122 0.0000	</row0>
					<row1>	-0.0251 0.9119 -0.0274 0.0000	</row1>
					<row2>	-0.9123 -0.0251 0.0000 0.0000	</row2>
					<row3>	-0.0833 0.1634 0.0835 1.0000	</row3>
				</transform>
			</node>
			<node>
				<identifier>	SP_YMS011_YHWL_M_1_INDEX_2	</identifier>
				<transform>
					<row0>	0.4721 0.1229 -0.0606 0.0000	</row0>
					<row1>	-0.1228 0.4759 0.0079 0.0000	</row1>
					<row2>	0.0607 0.0075 0.4878 0.0000	</row2>
					<row3>	-0.2719 0.0000 2.1270 1.0000	</row3>
				</transform>
			</node>
			<node>
				<identifier>	SP_YMS011_YHWL_M_1_INDEX_3	</identifier>
				<transform>
					<row0>	0.4777 0.1049 -0.0495 0.0000	</row0>
					<row1>	-0.1048 0.4803 0.0061 0.0000	</row1>
					<row2>	0.0496 0.0047 0.4891 0.0000	</row2>
					<row3>	-0.3218 0.0000 1.7176 1.0000	</row3>
				</transform>
			</node>
			<node>
				<identifier>	SP_YMS011_YHWL_M_1_INDEX_4	</identifier>
				<transform>
					<row0>	0.4846 0.0687 -0.0462 0.0000	</row0>
					<row1>	-0.0687 0.4868 0.0034 0.0000	</row1>
					<row2>	0.0463 0.0032 0.4894 0.0000	</row2>
					<row3>	-0.3554 0.0000 1.3061 1.0000	</row3>
				</transform>
			</node>
			<node>
				<identifier>	SP_YMS011_YHWL_M_1_INDEX_5	</identifier>
				<transform>
					<row0>	0.4889 0.0432 -0.0277 0.0000	</row0>
					<row1>	-0.0432 0.4897 0.0018 0.0000	</row1>
					<row2>	0.0278 0.0006 0.4908 0.0000	</row2>
					<row3>	-0.3877 0.0000 0.8907 1.0000	</row3>
				</transform>
			</node>
			<node>
				<identifier>	SP_YMS011_YHWL_M_1_INDEX_6	</identifier>
				<transform>
					<row0>	0.4910 0.0181 -0.0153 0.0000	</row0>
					<row1>	-0.0181 0.4913 0.0010 0.0000	</row1>
					<row2>	0.0153 -0.0005 0.4914 0.0000	</row2>
					<row3>	-0.4069 0.0000 0.4752 1.0000	</row3>
				</transform>
			</node>
			<node>
				<identifier>	SP_YMS011_YHWL_M_1_INDEX_7	</identifier>
				<transform>
					<row0>	0.4914 0.0128 -0.0041 0.0000	</row0>
					<row1>	-0.0128 0.4914 0.0010 0.0000	</row1>
					<row2>	0.0041 -0.0009 0.4916 0.0000	</row2>
					<row3>	-0.4153 0.0000 0.0583 1.0000	</row3>
				</transform>
			</node>
			<node>
				<identifier>	SP_YMS012_YHWR_M_1_INDEX_2	</identifier>
				<transform>
					<row0>	0.4721 -0.1229 0.0606 0.0000	</row0>
					<row1>	0.1228 0.4759 0.0079 0.0000	</row1>
					<row2>	-0.0607 0.0075 0.4878 0.0000	</row2>
					<row3>	0.2719 0.0000 2.1270 1.0000	</row3>
				</transform>
			</node>
			<node>
				<identifier>	SP_YMS012_YHWR_M_1_INDEX_3	</identifier>
				<transform>
					<row0>	0.4777 -0.1049 0.0495 0.0000	</row0>
					<row1>	0.1048 0.4803 0.0061 0.0000	</row1>
					<row2>	-0.0496 0.0047 0.4891 0.0000	</row2>
					<row3>	0.3218 0.0000 1.7176 1.0000	</row3>
				</transform>
			</node>
			<node>
				<identifier>	SP_YMS012_YHWR_M_1_INDEX_4	</identifier>
				<transform>
					<row0>	0.4846 -0.0687 0.0462 0.0000	</row0>
					<row1>	0.0687 0.4868 0.0034 0.0000	</row1>
					<row2>	-0.0463 0.0032 0.4894 0.0000	</row2>
					<row3>	0.3554 0.0000 1.3061 1.0000	</row3>
				</transform>
			</node>
			<node>
				<identifier>	SP_YMS012_YHWR_M_1_INDEX_5	</identifier>
				<transform>
					<row0>	0.4889 -0.0432 0.0277 0.0000	</row0>
					<row1>	0.0432 0.4897 0.0018 0.0000	</row1>
					<row2>	-0.0278 0.0006 0.4908 0.0000	</row2>
					<row3>	0.3877 0.0000 0.8907 1.0000	</row3>
				</transform>
			</node>
			<node>
				<identifier>	SP_YMS012_YHWR_M_1_INDEX_6	</identifier>
				<transform>
					<row0>	0.4910 -0.0181 0.0153 0.0000	</row0>
					<row1>	0.0181 0.4913 0.0010 0.0000	</row1>
					<row2>	-0.0153 -0.0005 0.4914 0.0000	</row2>
					<row3>	0.4069 0.0000 0.4752 1.0000	</row3>
				</transform>
			</node>
			<node>
				<identifier>	SP_YMS012_YHWR_M_1_INDEX_7	</identifier>
				<transform>
					<row0>	0.4914 -0.0128 0.0041 0.0000	</row0>
					<row1>	0.0128 0.4914 0.0010 0.0000	</row1>
					<row2>	-0.0041 -0.0009 0.4916 0.0000	</row2>
					<row3>	0.4153 0.0000 0.0583 1.0000	</row3>
				</transform>
			</node>
			<node>
				<identifier>	SP_YMS021_YHUC_S_1	</identifier>
				<transform>
					<row0>	-0.3487 0.9372 0.0012 0.0000	</row0>
					<row1>	-0.9358 -0.3482 0.0559 0.0000	</row1>
					<row2>	0.0528 0.0184 0.9984 0.0000	</row2>
					<row3>	-0.3544 -0.1262 1.0910 1.0000	</row3>
				</transform>
			</node>
			<node>
				<identifier>	SP_YMS021_YHUC_S_1_INDEX_1	</identifier>
				<transform>
					<row0>	-0.3487 -0.9372 -0.0012 0.0000	</row0>
					<row1>	0.9358 -0.3482 0.0559 0.0000	</row1>
					<row2>	-0.0528 0.0184 0.9984 0.0000	</row2>
					<row3>	0.3544 -0.1262 1.0910 1.0000	</row3>
				</transform>
			</node>
			<node>
				<identifier>	SP_YMS021_YHUC_S_1_INDEX_2	</identifier>
				<transform>
					<row0>	-0.3098 0.9508 -0.0002 0.0000	</row0>
					<row1>	-0.9507 -0.3098 0.0124 0.0000	</row1>
					<row2>	0.0117 0.0041 0.9999 0.0000	</row2>
					<row3>	-0.3935 -0.1399 0.0864 1.0000	</row3>
				</transform>
			</node>
			<node>
				<identifier>	SP_YMS021_YHUC_S_1_INDEX_3	</identifier>
				<transform>
					<row0>	-0.3098 -0.9508 0.0002 0.0000	</row0>
					<row1>	0.9507 -0.3098 0.0124 0.0000	</row1>
					<row2>	-0.0117 0.0041 0.9999 0.0000	</row2>
					<row3>	0.3935 -0.1399 0.0864 1.0000	</row3>
				</transform>
			</node>
			<node>
				<identifier>	SP_YMS022_YHUS_L_1_INDEX_2	</identifier>
				<transform>
					<row0>	-0.0739 -0.0048 -0.6531 0.0000	</row0>
					<row1>	-0.4585 0.4685 0.0484 0.0000	</row1>
					<row2>	0.4651 0.4610 -0.0560 0.0000	</row2>
					<row3>	-0.1016 -0.2511 1.9842 1.0000	</row3>
				</transform>
			</node>
			<node>
				<identifier>	SP_YMS022_YHUS_L_1_INDEX_3	</identifier>
				<transform>
					<row0>	-0.0739 0.0048 0.6531 0.0000	</row0>
					<row1>	0.4585 0.4685 0.0484 0.0000	</row1>
					<row2>	-0.4651 0.4610 -0.0560 0.0000	</row2>
					<row3>	0.1016 -0.2511 1.9842 1.0000	</row3>
				</transform>
			</node>
			<node>
				<identifier>	SP_YMS040_YHCC_M_1	</identifier>
				<transform>
					<row0>	1.0000 0.0000 0.0000 0.0000	</row0>
					<row1>	0.0000 1.0000 0.0000 0.0000	</row1>
					<row2>	0.0000 0.0000 1.0000 0.0000	</row2>
					<row3>	0.0000 0.6585 1.6661 1.0000	</row3>
				</transform>
			</node>
			<node>
				<identifier>	SP_YMS042_YHPL_L_1	</identifier>
				<transform>
					<row0>	0.8909 0.0000 0.0000 0.0000	</row0>
					<row1>	0.0000 0.8828 -0.1200 0.0000	</row1>
					<row2>	0.0000 0.1200 0.8828 0.0000	</row2>
					<row3>	0.0000 0.9335 0.5212 1.0000	</row3>
				</transform>
			</node>
			<node>
				<identifier>	SP_YMS042_YHPL_L_1_INDEX_1	</identifier>
				<transform>
					<row0>	-0.8756 0.0000 0.0000 0.0000	</row0>
					<row1>	0.0000 0.8677 -0.1180 0.0000	</row1>
					<row2>	0.0000 -0.1180 -0.8677 0.0000	</row2>
					<row3>	0.0000 0.9237 0.4494 1.0000	</row3>
				</transform>
			</node>
			<node>
				<identifier>	SP_YMS043_YHPR_L_1	</identifier>
				<transform>
					<row0>	0.8909 0.0000 0.0000 0.0000	</row0>
					<row1>	0.0000 0.8828 -0.1200 0.0000	</row1>
					<row2>	0.0000 0.1200 0.8828 0.0000	</row2>
					<row3>	0.0000 0.9335 0.5212 1.0000	</row3>
				</transform>
			</node>
			<node>
				<identifier>	SP_YMS043_YHPR_L_1_INDEX_1	</identifier>
				<transform>
					<row0>	-0.8756 0.0000 0.0000 0.0000	</row0>
					<row1>	0.0000 0.8677 -0.1180 0.0000	</row1>
					<row2>	0.0000 -0.1180 -0.8677 0.0000	</row2>
					<row3>	0.0000 0.9237 0.4494 1.0000	</row3>
				</transform>
			</node>
			<node>
				<identifier>	SP_YMS050_YHDC_M_1	</identifier>
				<transform>
					<row0>	0.0000 -0.0281 -0.5274 0.0000	</row0>
					<row1>	-0.0326 0.5264 -0.0280 0.0000	</row1>
					<row2>	0.5272 0.0325 -0.0017 0.0000	</row2>
					<row3>	-0.1970 0.2262 1.8510 1.0000	</row3>
				</transform>
			</node>
			<node>
				<identifier>	SP_YMS050_YHDC_M_1_INDEX_1	</identifier>
				<transform>
					<row0>	-0.2407 -0.0251 -0.4242 0.0000	</row0>
					<row1>	-0.0364 0.4869 -0.0082 0.0000	</row1>
					<row2>	0.4233 0.0276 -0.2418 0.0000	</row2>
					<row3>	-0.1527 0.2442 2.1432 1.0000	</row3>
				</transform>
			</node>
			<node>
				<identifier>	SP_YMS050_YHDC_M_1_INDEX_3	</identifier>
				<transform>
					<row0>	-0.2407 0.0251 0.4242 0.0000	</row0>
					<row1>	0.0364 0.4869 -0.0082 0.0000	</row1>
					<row2>	-0.4233 0.0276 -0.2418 0.0000	</row2>
					<row3>	0.1527 0.2442 2.1432 1.0000	</row3>
				</transform>
			</node>
			<node>
				<identifier>	SP_YMS072_YHHC_M_1	</identifier>
				<transform>
					<row0>	0.0000 0.0000 0.3312 0.0000	</row0>
					<row1>	-0.0152 0.3309 0.0000 0.0000	</row1>
					<row2>	-0.3309 -0.0152 0.0000 0.0000	</row2>
					<row3>	0.4114 0.0791 0.1174 1.0000	</row3>
				</transform>
			</node>
			<node>
				<identifier>	SP_YMS072_YHHC_M_1_INDEX_1	</identifier>
				<transform>
					<row0>	0.0000 0.0000 -0.3312 0.0000	</row0>
					<row1>	0.0152 0.3309 0.0000 0.0000	</row1>
					<row2>	0.3309 -0.0152 0.0000 0.0000	</row2>
					<row3>	-0.4114 0.0791 0.1174 1.0000	</row3>
				</transform>
			</node>
			<node>
				<identifier>	SP_YMS083_YHSC_L_1	</identifier>
				<transform>
					<row0>	-0.0425 -0.0253 -0.4315 0.0000	</row0>
