<RSB015_Sovetskaya_Rossiya_1953_Bow_ports.visual>
	<node>
		<identifier>	Scene Root	</identifier>
		<transform>
			<row0>	1.0000 0.0000 0.0000 0.0000	</row0>
			<row1>	0.0000 1.0000 0.0000 0.0000	</row1>
			<row2>	0.0000 0.0000 1.0000 0.0000	</row2>
			<row3>	0.0000 0.0000 0.0000 1.0000	</row3>
		</transform>
		<node>
			<identifier>	Bow_ports	</identifier>
			<transform>
				<row0>	1.0000 0.0000 0.0000 0.0000	</row0>
				<row1>	0.0000 1.0000 0.0000 0.0000	</row1>
				<row2>	0.0000 0.0000 1.0000 0.0000	</row2>
				<row3>	0.0000 0.0000 0.0000 1.0000	</row3>
			</transform>
			<node>
				<identifier>	HP_FX_Death_1	</identifier>
				<transform>
					<row0>	1.0000 0.0000 0.0000 0.0000	</row0>
					<row1>	0.0000 1.0000 0.0000 0.0000	</row1>
					<row2>	0.0000 0.0000 1.0000 0.0000	</row2>
					<row3>	0.0000 0.0000 5.7928 1.0000	</row3>
				</transform>
			</node>
			<node>
				<identifier>	HP_FX_Fire_1	</identifier>
				<transform>
					<row0>	1.0000 0.0000 0.0000 0.0000	</row0>
					<row1>	0.0000 1.0000 0.0000 0.0000	</row1>
					<row2>	0.0000 0.0000 1.0000 0.0000	</row2>
					<row3>	0.0000 0.6301 7.6645 1.0000	</row3>
				</transform>
			</node>
			<node>
				<identifier>	HP_FX_Flood_steam_left	</identifier>
				<transform>
					<row0>	-1.0000 0.0000 0.0000 0.0000	</row0>
					<row1>	0.0000 1.0000 0.0000 0.0000	</row1>
					<row2>	0.0000 0.0000 -1.0000 0.0000	</row2>
					<row3>	-0.8366 0.3678 5.1724 1.0000	</row3>
				</transform>
			</node>
			<node>
				<identifier>	HP_FX_Flood_water_left_4	</identifier>
				<transform>
					<row0>	-1.0000 0.0000 0.0000 0.0000	</row0>
					<row1>	0.0000 1.0000 0.0000 0.0000	</row1>
					<row2>	0.0000 0.0000 -1.0000 0.0000	</row2>
					<row3>	-0.9892 0.0155 3.6503 1.0000	</row3>
				</transform>
			</node>
			<node>
				<identifier>	HP_FX_Flood_water_right_4	</identifier>
				<transform>
					<row0>	1.0000 0.0000 0.0000 0.0000	</row0>
					<row1>	0.0000 1.0000 0.0000 0.0000	</row1>
					<row2>	0.0000 0.0000 1.0000 0.0000	</row2>
					<row3>	0.9848 0.0187 3.6934 1.0000	</row3>
				</transform>
			</node>
			<node>
				<identifier>	HP_FX_RepairLight_left_1	</identifier>
				<transform>
					<row0>	0.1421 0.0000 0.9899 0.0000	</row0>
					<row1>	-0.1034 0.9945 0.0148 0.0000	</row1>
					<row2>	-0.9844 -0.1045 0.1413 0.0000	</row2>
					<row3>	-0.8921 0.3825 4.5888 1.0000	</row3>
				</transform>
			</node>
			<node>
				<identifier>	HP_FX_RepairLight_right_1	</identifier>
				<transform>
					<row0>	0.1421 0.0000 -0.9899 0.0000	</row0>
					<row1>	0.1034 0.9945 0.0148 0.0000	</row1>
					<row2>	0.9844 -0.1045 0.1413 0.0000	</row2>
					<row3>	0.8930 0.3862 4.5847 1.0000	</row3>
				</transform>
			</node>
			<node>
				<identifier>	HP_FX_WakeTrace	</identifier>
				<transform>
					<row0>	1.0000 0.0000 0.0000 0.0000	</row0>
					<row1>	0.0000 1.0000 0.0000 0.0000	</row1>
					<row2>	0.0000 0.0000 1.0000 0.0000	</row2>
					<row3>	0.0000 0.0000 9.3810 1.0000	</row3>
				</transform>
			</node>
			<node>
				<identifier>	HP_RGA_1	</identifier>
				<transform>
					<row0>	1.0000 0.0000 0.0000 0.0000	</row0>
					<row1>	0.0000 1.0000 0.0000 0.0000	</row1>
					<row2>	0.0000 0.0000 1.0000 0.0000	</row2>
					<row3>	-0.3995 0.5556 7.0477 1.0000	</row3>
				</transform>
			</node>
			<node>
				<identifier>	HP_RGA_2	</identifier>
				<transform>
					<row0>	1.0000 0.0000 0.0000 0.0000	</row0>
					<row1>	0.0000 1.0000 0.0000 0.0000	</row1>
					<row2>	0.0000 0.0000 1.0000 0.0000	</row2>
					<row3>	0.3995 0.5556 7.0477 1.0000	</row3>
				</transform>
			</node>
			<node>
				<identifier>	HP_RGM_1	</identifier>
				<transform>
					<row0>	1.0000 0.0000 0.0000 0.0000	</row0>
					<row1>	0.0000 1.0000 0.0000 0.0000	</row1>
					<row2>	0.0000 0.0000 1.0000 0.0000	</row2>
					<row3>	0.0000 0.5034 4.5761 1.0000	</row3>
				</transform>
			</node>
			<node>
				<identifier>	HP_Ship_death_1	</identifier>
				<transform>
					<row0>	1.0000 0.0000 0.0000 0.0000	</row0>
					<row1>	0.0000 1.0000 0.0000 0.0000	</row1>
					<row2>	0.0000 0.0000 1.0000 0.0000	</row2>
					<row3>	0.0000 0.0000 3.2061 1.0000	</row3>
				</transform>
			</node>
			<node>
				<identifier>	MP_CM029_Emergency_Box	</identifier>
				<transform>
					<row0>	-0.1916 0.0000 0.9815 0.0000	</row0>
					<row1>	0.0000 1.0000 0.0000 0.0000	</row1>
					<row2>	-0.9815 0.0000 -0.1916 0.0000	</row2>
					<row3>	0.2537 0.5958 7.0181 1.0000	</row3>
				</transform>
			</node>
			<node>
				<identifier>	MP_CM029_Emergency_Box_INDEX_1	</identifier>
				<transform>
					<row0>	-0.1916 0.0000 -0.9815 0.0000	</row0>
					<row1>	0.0000 1.0000 0.0000 0.0000	</row1>
					<row2>	0.9815 0.0000 -0.1916 0.0000	</row2>
					<row3>	-0.2537 0.5958 7.0181 1.0000	</row3>
				</transform>
			</node>
			<node>
				<identifier>	MP_CM137_Anchor_Up	</identifier>
				<transform>
					<row0>	-0.3816 0.9175 0.1122 0.0000	</row0>
					<row1>	0.3682 0.2622 -0.8920 0.0000	</row1>
					<row2>	-0.8478 -0.2991 -0.4378 0.0000	</row2>
					<row3>	-0.4148 0.5779 8.4521 1.0000	</row3>
				</transform>
			</node>
			<node>
				<identifier>	MP_CM137_Anchor_Up_INDEX_1	</identifier>
				<transform>
					<row0>	-0.2750 -0.9292 -0.2467 0.0000	</row0>
					<row1>	-0.2896 0.3248 -0.9004 0.0000	</row1>
					<row2>	0.9168 -0.1762 -0.3584 0.0000	</row2>
					<row3>	0.3598 0.5990 8.8445 1.0000	</row3>
				</transform>
			</node>
			<node>
				<identifier>	MP_CM137_Anchor_Up_INDEX_2	</identifier>
				<transform>
					<row0>	-0.3816 -0.9175 -0.1122 0.0000	</row0>
					<row1>	-0.3682 0.2622 -0.8920 0.0000	</row1>
					<row2>	0.8478 -0.2991 -0.4378 0.0000	</row2>
					<row3>	0.4148 0.5779 8.4521 1.0000	</row3>
				</transform>
			</node>
			<node>
				<identifier>	MP_CM138_Anchor_Bottom	</identifier>
				<transform>
					<row0>	-0.2750 -0.9292 -0.2467 0.0000	</row0>
					<row1>	0.0431 0.2444 -0.9687 0.0000	</row1>
					<row2>	0.9605 -0.2771 -0.0272 0.0000	</row2>
					<row3>	0.3598 0.5990 8.8445 1.0000	</row3>
				</transform>
			</node>
			<node>
				<identifier>	MP_CM138_Anchor_Bottom_INDEX_1	</identifier>
				<transform>
					<row0>	-0.3816 0.9175 0.1122 0.0000	</row0>
					<row1>	-0.0011 0.1209 -0.9927 0.0000	</row1>
					<row2>	-0.9243 -0.3789 -0.0452 0.0000	</row2>
					<row3>	-0.4148 0.5779 8.4521 1.0000	</row3>
				</transform>
			</node>
			<node>
				<identifier>	MP_CM138_Anchor_Bottom_INDEX_2	</identifier>
				<transform>
					<row0>	-0.3816 -0.9175 -0.1122 0.0000	</row0>
					<row1>	0.0011 0.1209 -0.9927 0.0000	</row1>
					<row2>	0.9243 -0.3789 -0.0452 0.0000	</row2>
					<row3>	0.4148 0.5779 8.4521 1.0000	</row3>
				</transform>
			</node>
			<node>
				<identifier>	MP_RM021_Screened_speed_light	</identifier>
				<transform>
					<row0>	-0.7000 0.0000 0.0000 0.0000	</row0>
					<row1>	0.0000 0.7000 0.0000 0.0000	</row1>
					<row2>	0.0000 0.0000 -0.7000 0.0000	</row2>
					<row3>	0.0000 0.8123 9.8598 1.0000	</row3>
				</transform>
			</node>
			<node>
				<identifier>	MP_RM141_Signal_Lamp	</identifier>
				<transform>
					<row0>	1.0000 0.0000 0.0000 0.0000	</row0>
					<row1>	0.0000 1.0000 0.0000 0.0000	</row1>
					<row2>	0.0000 0.0000 1.0000 0.0000	</row2>
					<row3>	0.0000 1.1112 9.8705 1.0000	</row3>
				</transform>
			</node>
			<node>
				<identifier>	MP_RM145_Turtles_Box	</identifier>
				<transform>
					<row0>	-0.9817 0.0000 0.1905 0.0000	</row0>
					<row1>	0.0000 1.0000 0.0000 0.0000	</row1>
					<row2>	-0.1905 0.0000 -0.9817 0.0000	</row2>
					<row3>	0.3641 0.5622 6.8932 1.0000	</row3>
				</transform>
			</node>
			<node>
				<identifier>	MP_RM145_Turtles_Box_INDEX_1	</identifier>
				<transform>
					<row0>	-0.9817 0.0000 -0.1905 0.0000	</row0>
					<row1>	0.0000 1.0000 0.0000 0.0000	</row1>
					<row2>	0.1905 0.0000 -0.9817 0.0000	</row2>
					<row3>	-0.3635 0.5630 6.8922 1.0000	</row3>
				</transform>
			</node>
			<node>
				<identifier>	MP_RM209_Red_Star	</identifier>
				<transform>
					<row0>	0.1610 0.0019 -0.9869 0.0000	</row0>
					<row1>	0.3278 0.9431 0.0553 0.0000	</row1>
					<row2>	0.9309 -0.3324 0.1513 0.0000	</row2>
					<row3>	0.2100 0.6223 9.5020 1.0000	</row3>
				</transform>
			</node>
			<node>
				<identifier>	MP_RM209_Red_Star_INDEX_1	</identifier>
				<transform>
					<row0>	0.1610 -0.0019 0.9869 0.0000	</row0>
					<row1>	-0.3278 0.9431 0.0553 0.0000	</row1>
					<row2>	-0.9309 -0.3324 0.1513 0.0000	</row2>
					<row3>	-0.2100 0.6223 9.5020 1.0000	</row3>
				</transform>
			</node>
			<node>
				<identifier>	MP_RM214_Life_Buoy	</identifier>
				<transform>
					<row0>	-0.1493 0.0000 0.9888 0.0000	</row0>
					<row1>	0.0000 1.0000 0.0000 0.0000	</row1>
					<row2>	-0.9888 0.0000 -0.1493 0.0000	</row2>
					<row3>	0.8019 0.4821 5.1883 1.0000	</row3>
				</transform>
			</node>
			<node>
				<identifier>	MP_RM214_Life_Buoy_INDEX_1	</identifier>
				<transform>
					<row0>	-0.1493 0.0000 -0.9888 0.0000	</row0>
					<row1>	0.0000 1.0000 0.0000 0.0000	</row1>
					<row2>	0.9888 0.0000 -0.1493 0.0000	</row2>
					<row3>	-0.8019 0.4821 5.1883 1.0000	</row3>
				</transform>
			</node>
			<node>
				<identifier>	MP_RM273_Fire_Hose_Rack_box	</identifier>
				<transform>
					<row0>	-0.5278 0.0000 0.8493 0.0000	</row0>
					<row1>	0.0000 1.0000 0.0000 0.0000	</row1>
					<row2>	-0.8493 0.0000 -0.5278 0.0000	</row2>
					<row3>	-0.4055 0.4357 4.2880 1.0000	</row3>
				</transform>
			</node>
			<node>
				<identifier>	MP_RM273_Fire_Hose_Rack_box_INDEX_1	</identifier>
				<transform>
					<row0>	-0.5278 0.0000 -0.8493 0.0000	</row0>
					<row1>	0.0000 1.0000 0.0000 0.0000	</row1>
					<row2>	0.8493 0.0000 -0.5278 0.0000	</row2>
					<row3>	0.4055 0.4357 4.2880 1.0000	</row3>
				</transform>
			</node>
			<node>
				<identifier>	MP_RM278_Ammunition_Box	</identifier>
				<transform>
					<row0>	-0.9953 -0.0017 -0.0970 0.0000	</row0>
					<row1>	0.0030 0.9988 -0.0487 0.0000	</row1>
					<row2>	0.0970 -0.0487 -0.9941 0.0000	</row2>
					<row3>	0.4127 0.5192 6.8727 1.0000	</row3>
				</transform>
			</node>
			<node>
				<identifier>	MP_RM278_Ammunition_Box_INDEX_1	</identifier>
				<transform>
					<row0>	-0.9272 -0.0057 -0.3746 0.0000	</row0>
					<row1>	0.0133 0.9988 -0.0480 0.0000	</row1>
					<row2>	0.3744 -0.0495 -0.9259 0.0000	</row2>
					<row3>	0.4639 0.5197 6.8847 1.0000	</row3>
				</transform>
			</node>
			<node>
				<identifier>	MP_RM278_Ammunition_Box_INDEX_2	</identifier>
				<transform>
					<row0>	-0.9272 0.0057 0.3746 0.0000	</row0>
					<row1>	-0.0133 0.9988 -0.0480 0.0000	</row1>
					<row2>	-0.3744 -0.0495 -0.9259 0.0000	</row2>
					<row3>	-0.4639 0.5197 6.8847 1.0000	</row3>
				</transform>
			</node>
			<node>
				<identifier>	MP_RM278_Ammunition_Box_INDEX_3	</identifier>
				<transform>
					<row0>	-0.9953 0.0017 0.0970 0.0000	</row0>
					<row1>	-0.0030 0.9988 -0.0487 0.0000	</row1>
					<row2>	-0.0970 -0.0487 -0.9941 0.0000	</row2>
					<row3>	-0.4127 0.5192 6.8727 1.0000	</row3>
				</transform>
			</node>
			<node>
				<identifier>	MP_RM300_Winch_Provisions	</identifier>
				<transform>
					<row0>	0.6701 0.0250 0.7419 0.0000	</row0>
					<row1>	0.0006 0.9994 -0.0342 0.0000	</row1>
					<row2>	-0.7423 0.0233 0.6697 0.0000	</row2>
					<row3>	0.5372 0.3784 4.3318 1.0000	</row3>
				</transform>
			</node>
			<node>
				<identifier>	MP_RM300_Winch_Provisions_INDEX_1	</identifier>
				<transform>
					<row0>	0.6347 -0.0305 -0.7722 0.0000	</row0>
					<row1>	0.0014 0.9993 -0.0384 0.0000	</row1>
					<row2>	0.7728 0.0233 0.6343 0.0000	</row2>
					<row3>	-0.5372 0.3780 4.3295 1.0000	</row3>
				</transform>
			</node>
			<node>
				<identifier>	SP_YMS001_YHBM_M_1	</identifier>
				<transform>
					<row0>	1.2937 0.0000 0.0000 0.0000	</row0>
					<row1>	0.0000 1.2937 0.0000 0.0000	</row1>
					<row2>	0.0000 0.0000 1.2937 0.0000	</row2>
					<row3>	0.0000 0.7124 9.8791 1.0000	</row3>
				</transform>
			</node>
			<node>
				<identifier>	SP_YMS002_YHBL_M_1	</identifier>
				<transform>
					<row0>	0.9911 0.0000 0.0000 0.0000	</row0>
					<row1>	0.0000 0.9890 -0.0635 0.0000	</row1>
					<row2>	0.0000 0.0635 0.9890 0.0000	</row2>
					<row3>	0.0000 0.7124 9.8791 1.0000	</row3>
				</transform>
			</node>
			<node>
				<identifier>	SP_YMS003_YHBR_M_1	</identifier>
				<transform>
					<row0>	0.9911 0.0000 0.0000 0.0000	</row0>
					<row1>	0.0000 0.9890 -0.0635 0.0000	</row1>
					<row2>	0.0000 0.0635 0.9890 0.0000	</row2>
					<row3>	0.0000 0.7124 9.8791 1.0000	</row3>
				</transform>
			</node>
			<node>
				<identifier>	SP_YMS004_YHXL_L_1	</identifier>
				<transform>
					<row0>	0.6622 0.3225 -0.1059 0.0000	</row0>
					<row1>	-0.3246 0.6695 0.0094 0.0000	</row1>
					<row2>	0.0993 0.0378 0.7365 0.0000	</row2>
					<row3>	-0.2741 0.4873 8.7206 1.0000	</row3>
				</transform>
			</node>
			<node>
				<identifier>	SP_YMS005_YHXR_L_1	</identifier>
				<transform>
					<row0>	0.6056 -0.2942 0.0478 0.0000	</row0>
					<row1>	0.2921 0.6073 0.0383 0.0000	</row1>
					<row2>	-0.0597 -0.0137 0.6722 0.0000	</row2>
					<row3>	0.2634 0.4651 8.7203 1.0000	</row3>
				</transform>
			</node>
			<node>
				<identifier>	SP_YMS010_YHWM_L_1	</identifier>
				<transform>
					<row0>	0.9868 0.0000 0.0000 0.0000	</row0>
					<row1>	0.0000 0.9868 0.0000 0.0000	</row1>
					<row2>	0.0000 0.0000 0.9868 0.0000	</row2>
					<row3>	0.0000 -0.0010 9.6134 1.0000	</row3>
				</transform>
			</node>
			<node>
				<identifier>	SP_YMS011_YHWL_M_1	</identifier>
				<transform>
					<row0>	1.3374 0.2956 -0.2249 0.0000	</row0>
					<row1>	-0.2915 1.3561 0.0490 0.0000	</row1>
					<row2>	0.2302 0.0000 1.3688 0.0000	</row2>
					<row3>	-0.2247 0.0000 7.8181 1.0000	</row3>
				</transform>
			</node>
			<node>
				<identifier>	SP_YMS011_YHWL_M_1_INDEX_1	</identifier>
				<transform>
					<row0>	1.3206 0.3374 -0.2619 0.0000	</row0>
					<row1>	-0.3310 1.3463 0.0656 0.0000	</row1>
					<row2>	0.2700 0.0000 1.3615 0.0000	</row2>
					<row3>	-0.4269 0.0000 6.6667 1.0000	</row3>
				</transform>
			</node>
			<node>
				<identifier>	SP_YMS011_YHWL_M_1_INDEX_2	</identifier>
				<transform>
					<row0>	1.3038 0.3971 -0.2627 0.0000	</row0>
					<row1>	-0.3893 1.3300 0.0784 0.0000	</row1>
					<row2>	0.2742 0.0000 1.3606 0.0000	</row2>
					<row3>	-0.6562 0.0000 5.5163 1.0000	</row3>
				</transform>
			</node>
			<node>
				<identifier>	SP_YMS011_YHWL_M_1_INDEX_3	</identifier>
				<transform>
					<row0>	1.3069 0.4152 -0.2150 0.0000	</row0>
					<row1>	-0.4097 1.3244 0.0674 0.0000	</row1>
					<row2>	0.2253 0.0000 1.3696 0.0000	</row2>
					<row3>	-0.8765 0.0000 4.3644 1.0000	</row3>
				</transform>
			</node>
			<node>
				<identifier>	SP_YMS012_YHWR_M_1	</identifier>
				<transform>
					<row0>	1.3374 -0.2956 0.2249 0.0000	</row0>
					<row1>	0.2915 1.3561 0.0490 0.0000	</row1>
					<row2>	-0.2302 0.0000 1.3688 0.0000	</row2>
					<row3>	0.2247 0.0000 7.8181 1.0000	</row3>
				</transform>
			</node>
			<node>
				<identifier>	SP_YMS012_YHWR_M_1_INDEX_1	</identifier>
				<transform>
					<row0>	1.3206 -0.3374 0.2619 0.0000	</row0>
					<row1>	0.3310 1.3463 0.0656 0.0000	</row1>
					<row2>	-0.2700 0.0000 1.3615 0.0000	</row2>
					<row3>	0.4269 0.0000 6.6667 1.0000	</row3>
				</transform>
			</node>
			<node>
				<identifier>	SP_YMS012_YHWR_M_1_INDEX_2	</identifier>
				<transform>
					<row0>	1.3038 -0.3971 0.2627 0.0000	</row0>
					<row1>	0.3893 1.3300 0.0784 0.0000	</row1>
					<row2>	-0.2742 0.0000 1.3606 0.0000	</row2>
					<row3>	0.6562 0.0000 5.5163 1.0000	</row3>
				</transform>
			</node>
			<node>
				<identifier>	SP_YMS012_YHWR_M_1_INDEX_3	</identifier>
				<transform>
					<row0>	1.3069 -0.4152 0.2150 0.0000	</row0>
					<row1>	0.4097 1.3244 0.0674 0.0000	</row1>
					<row2>	-0.2253 0.0000 1.3696 0.0000	</row2>
					<row3>	0.8765 0.0000 4.3644 1.0000	</row3>
				</transform>
			</node>
			<node>
				<identifier>	SP_YMS020_YHBU_M_1	</identifier>
				<transform>
					<row0>	1.4714 0.0000 0.0000 0.0000	</row0>
					<row1>	0.0000 1.4686 -0.0904 0.0000	</row1>
					<row2>	0.0000 0.0904 1.4686 0.0000	</row2>
					<row3>	0.0000 -0.2254 9.0767 1.0000	</row3>
				</transform>
			</node>
			<node>
				<identifier>	SP_YMS022_YHUS_L_1	</identifier>
				<transform>
					<row0>	-0.3199 0.0000 -1.5698 0.0000	</row0>
					<row1>	0.0000 1.6021 0.0000 0.0000	</row1>
					<row2>	1.5698 0.0000 -0.3199 0.0000	</row2>
					<row3>	-0.6850 -0.7082 5.2705 1.0000	</row3>
				</transform>
			</node>
			<node>
				<identifier>	SP_YMS022_YHUS_L_1_INDEX_1	</identifier>
				<transform>
					<row0>	-0.3199 0.0000 1.5698 0.0000	</row0>
					<row1>	0.0000 1.6021 0.0000 0.0000	</row1>
					<row2>	-1.5698 0.0000 -0.3199 0.0000	</row2>
					<row3>	0.6850 -0.7082 5.2705 1.0000	</row3>
				</transform>
			</node>
			<node>
				<identifier>	SP_YMS022_YHUS_L_1_INDEX_2	</identifier>
				<transform>
					<row0>	-0.2821 0.0000 -1.5770 0.0000	</row0>
					<row1>	0.0000 1.6021 0.0000 0.0000	</row1>
					<row2>	1.5770 0.0000 -0.2821 0.0000	</row2>
					<row3>	-0.9003 -0.7082 4.1418 1.0000	</row3>
				</transform>
			</node>
			<node>
				<identifier>	SP_YMS022_YHUS_L_1_INDEX_3	</identifier>
				<transform>
					<row0>	-0.2821 0.0000 1.5770 0.0000	</row0>
					<row1>	0.0000 1.6021 0.0000 0.0000	</row1>
					<row2>	-1.5770 0.0000 -0.2821 0.0000	</row2>
					<row3>	0.9003 -0.7082 4.1418 1.0000	</row3>
				</transform>
			</node>
			<node>
				<identifier>	SP_YMS051_YHDL_L_1	</identifier>
				<transform>
					<row0>	0.8764 0.0003 -0.1166 0.0000	</row0>
					<row1>	-0.0072 0.8825 -0.0525 0.0000	</row1>
					<row2>	0.1164 0.0530 0.8748 0.0000	</row2>
					<row3>	-0.6785 0.4777 6.2744 1.0000	</row3>
				</transform>
			</node>
			<node>
				<identifier>	SP_YMS052_YHDR_L_1	</identifier>
				<transform>
					<row0>	0.8764 -0.0003 0.1166 0.0000	</row0>
					<row1>	0.0072 0.8825 -0.0525 0.0000	</row1>
					<row2>	-0.1164 0.0530 0.8748 0.0000	</row2>
					<row3>	0.6785 0.4777 6.2744 1.0000	</row3>
				</transform>
			</node>
			<node>
				<identifier>	SP_YMS053_YHDC_S_1	</identifier>
				<transform>
					<row0>	1.4610 0.0000 0.0000 0.0000	</row0>
					<row1>	0.0000 1.4582 -0.0900 0.0000	</row1>
					<row2>	0.0000 0.0900 1.4582 0.0000	</row2>
					<row3>	-0.3425 0.4692 6.1305 1.0000	</row3>
				</transform>
			</node>
			<node>
				<identifier>	SP_YMS053_YHDC_S_1_INDEX_1	</identifier>
				<transform>
					<row0>	1.4610 0.0000 0.0000 0.0000	</row0>
					<row1>	0.0000 1.4582 -0.0900 0.0000	</row1>
					<row2>	0.0000 0.0900 1.4582 0.0000	</row2>
					<row3>	0.3425 0.4692 6.1305 1.0000	</row3>
				</transform>
			</node>
			<node>
				<identifier>	SP_YMS053_YHDC_S_1_INDEX_2	</identifier>
				<transform>
					<row0>	1.4610 0.0000 0.0000 0.0000	</row0>
					<row1>	0.0000 1.4602 -0.0471 0.0000	</row1>
					<row2>	0.0000 0.0471 1.4602 0.0000	</row2>
					<row3>	-0.6042 0.3535 3.6120 1.0000	</row3>
				</transform>
			</node>
			<node>
				<identifier>	SP_YMS053_YHDC_S_1_INDEX_3	</identifier>
				<transform>
					<row0>	1.4610 0.0000 0.0000 0.0000	</row0>
					<row1>	0.0000 1.4602 -0.0471 0.0000	</row1>
					<row2>	0.0000 0.0471 1.4602 0.0000	</row2>
					<row3>	0.6042 0.3535 3.6120 1.0000	</row3>
				</transform>
			</node>
			<node>
				<identifier>	SP_YMS072_YHHC_M_1	</identifier>
				<transform>
					<row0>	-0.1084 0.0000 -0.8006 0.0000	</row0>
					<row1>	0.0000 0.8079 0.0000 0.0000	</row1>
					<row2>	0.8006 0.0000 -0.1084 0.0000	</row2>
					<row3>	-1.0309 0.2544 3.6007 1.0000	</row3>
				</transform>
			</node>
			<node>
				<identifier>	SP_YMS072_YHHC_M_1_INDEX_1	</identifier>
				<transform>
					<row0>	-0.1084 0.0000 0.8006 0.0000	</row0>
					<row1>	0.0000 0.8079 0.0000 0.0000	</row1>
					<row2>	-0.8006 0.0000 -0.1084 0.0000	</row2>
					<row3>	1.0309 0.2544 3.6007 1.0000	</row3>
				</transform>
			</node>
			<node>
				<identifier>	SP_YMS080_YHSL_M_1	</identifier>
				<transform>
					<row0>	0.8685 0.4762 -0.1374 0.0000	</row0>
					<row1>	-0.4720 0.8793 0.0637 0.0000	</row1>
					<row2>	0.1511 0.0095 0.9885 0.0000	</row2>
					<row3>	-0.3525 0.3813 7.8204 1.0000	</row3>
				</transform>
			</node>
			<node>
				<identifier>	SP_YMS080_YHSL_M_1_INDEX_1	</identifier>
				<transform>
					<row0>	0.8926 0.4284 -0.1406 0.0000	</row0>
					<row1>	-0.4248 0.9035 0.0562 0.0000	</row1>
					<row2>	0.1511 0.0095 0.9885 0.0000	</row2>
					<row3>	-0.5219 0.2192 6.4743 1.0000	</row3>
				</transform>
			</node>
			<node>
				<identifier>	SP_YMS081_YHSR_M_1	</identifier>
				<transform>
					<row0>	0.8685 -0.4762 0.1374 0.0000	</row0>
					<row1>	0.4720 0.8793 0.0637 0.0000	</row1>
					<row2>	-0.1511 0.0095 0.9885 0.0000	</row2>
					<row3>	0.3525 0.3813 7.8204 1.0000	</row3>
				</transform>
			</node>
			<node>
				<identifier>	SP_YMS081_YHSR_M_1_INDEX_1	</identifier>
				<transform>
					<row0>	0.8926 -0.4284 0.1406 0.0000	</row0>
					<row1>	0.4248 0.9035 0.0562 0.0000	</row1>
					<row2>	-0.1511 0.0095 0.9885 0.0000	</row2>
					<row3>	0.5219 0.2192 6.4743 1.0000	</row3>
				</transform>
			</node>
			<node>
				<identifier>	SP_YMS083_YHSC_L_1	</identifier>
				<transform>
					<row0>	-0.1151 -0.0380 -0.7819 0.0000	</row0>
					<row1>	-0.1319 0.7800 -0.0185 0.0000	</row1>
					<row2>	0.7716 0.1276 -0.1198 0.0000	</row2>
					<row3>	-0.7764 0.4268 5.3912 1.0000	</row3>
				</transform>
			</node>
			<node>
				<identifier>	SP_YMS083_YHSC_L_1_INDEX_1	</identifier>
				<transform>
					<row0>	-0.1151 0.0380 0.7819 0.0000	</row0>
					<row1>	0.1319 0.7800 -0.0185 0.0000	</row1>
					<row2>	-0.7716 0.1276 -0.1198 0.0000	</row2>
					<row3>	0.7764 0.4268 5.3912 1.0000	</row3>
				</transform>
			</node>
			<node>
				<identifier>	SP_YMS083_YHSC_L_1_INDEX_2	</identifier>
				<transform>
					<row0>	-0.1151 -0.0380 -0.7819 0.0000	</row0>
					<row1>	-0.0881 0.7859 -0.0253 0.0000	</row1>
					<row2>	0.7779 0.0833 -0.1186 0.0000	</row2>
					<row3>	-0.8589 0.3995 4.8307 1.0000	</row3>
				</transform>
			</node>
			<node>
				<identifier>	SP_YMS083_YHSC_L_1_INDEX_3	</identifier>
				<transform>
					<row0>	-0.1151 0.0380 0.7819 0.0000	</row0>
					<row1>	0.0881 0.7859 -0.0253 0.0000	</row1>
					<row2>	-0.7779 0.0833 -0.1186 0.0000	</row2>
					<row3>	0.8589 0.3995 4.8307 1.0000	</row3>
				</transform>
			</node>
			<node>
				<identifier>	SP_YMS083_YHSC_L_1_INDEX_4	</identifier>
				<transform>
					<row0>	-0.1162 -0.0313 -0.7820 0.0000	</row0>
					<row1>	-0.0589 0.7887 -0.0228 0.0000	</row1>
					<row2>	0.7804 0.0549 -0.1182 0.0000	</row2>
					<row3>	-0.9388 0.3753 4.2680 1.0000	</row3>
				</transform>
			</node>
			<node>
				<identifier>	SP_YMS083_YHSC_L_1_INDEX_5	</identifier>
				<transform>
					<row0>	-0.1162 0.0313 0.7820 0.0000	</row0>
					<row1>	0.0589 0.7887 -0.0228 0.0000	</row1>
					<row2>	-0.7804 0.0549 -0.1182 0.0000	</row2>
					<row3>	0.9388 0.3753 4.2680 1.0000	</row3>
				</transform>
			</node>
		</node>
	</node>
	<boundingBox>
		<min>	-0.0667 -0.0667 -0.0667	</min>
		<max>	0.0667 0.0667 0.0667	</max>
	</boundingBox>
</RSB015_Sovetskaya_Rossiya_1953_Bow_ports.visual>
