<GSD027_Karl_von_Schonberg_1944_MidFront_ports.visual>
	<node>
		<identifier>	Scene Root	</identifier>
		<transform>
			<row0>	1.0000 0.0000 0.0000 0.0000	</row0>
			<row1>	0.0000 1.0000 0.0000 0.0000	</row1>
			<row2>	0.0000 0.0000 1.0000 0.0000	</row2>
			<row3>	0.0000 0.0000 0.0000 1.0000	</row3>
		</transform>
		<node>
			<identifier>	MidFront_ports	</identifier>
			<transform>
				<row0>	1.0000 0.0000 0.0000 0.0000	</row0>
				<row1>	0.0000 1.0000 0.0000 0.0000	</row1>
				<row2>	0.0000 0.0000 1.0000 0.0000	</row2>
				<row3>	0.0000 0.0000 0.0000 1.0000	</row3>
			</transform>
			<node>
				<identifier>	HP_FX_Death_1	</identifier>
				<transform>
					<row0>	1.0000 0.0000 0.0000 0.0000	</row0>
					<row1>	0.0000 1.0000 0.0000 0.0000	</row1>
					<row2>	0.0000 0.0000 1.0000 0.0000	</row2>
					<row3>	0.0000 0.0000 2.5798 1.0000	</row3>
				</transform>
			</node>
			<node>
				<identifier>	HP_FX_Death_2	</identifier>
				<transform>
					<row0>	1.0000 0.0000 0.0000 0.0000	</row0>
					<row1>	0.0000 1.0000 0.0000 0.0000	</row1>
					<row2>	0.0000 0.0000 1.0000 0.0000	</row2>
					<row3>	0.0000 0.0000 0.0814 1.0000	</row3>
				</transform>
			</node>
			<node>
				<identifier>	HP_FX_Fire_2	</identifier>
				<transform>
					<row0>	1.0000 0.0000 0.0000 0.0000	</row0>
					<row1>	0.0000 1.0000 0.0000 0.0000	</row1>
					<row2>	0.0000 0.0000 1.0000 0.0000	</row2>
					<row3>	0.0000 0.1610 0.7299 1.0000	</row3>
				</transform>
			</node>
			<node>
				<identifier>	HP_FX_Fire_2_side_1	</identifier>
				<transform>
					<row0>	1.0000 0.0000 0.0000 0.0000	</row0>
					<row1>	0.0000 1.0000 0.0000 0.0000	</row1>
					<row2>	0.0000 0.0000 1.0000 0.0000	</row2>
					<row3>	-0.2312 0.2965 2.3479 1.0000	</row3>
				</transform>
			</node>
			<node>
				<identifier>	HP_FX_Fire_2_side_2	</identifier>
				<transform>
					<row0>	1.0000 0.0000 0.0000 0.0000	</row0>
					<row1>	0.0000 1.0000 0.0000 0.0000	</row1>
					<row2>	0.0000 0.0000 1.0000 0.0000	</row2>
					<row3>	0.2353 0.4791 1.1243 1.0000	</row3>
				</transform>
			</node>
			<node>
				<identifier>	HP_FX_Fire_2_side_3	</identifier>
				<transform>
					<row0>	1.0000 0.0000 0.0000 0.0000	</row0>
					<row1>	0.0000 1.0000 0.0000 0.0000	</row1>
					<row2>	0.0000 0.0000 1.0000 0.0000	</row2>
					<row3>	-0.2204 0.1444 -0.4813 1.0000	</row3>
				</transform>
			</node>
			<node>
				<identifier>	HP_FX_FloodLight_left_1	</identifier>
				<transform>
					<row0>	-1.0000 0.0000 0.0000 0.0000	</row0>
					<row1>	0.0000 1.0000 0.0000 0.0000	</row1>
					<row2>	0.0000 0.0000 -1.0000 0.0000	</row2>
					<row3>	-0.0940 0.5677 0.1909 1.0000	</row3>
				</transform>
			</node>
			<node>
				<identifier>	HP_FX_FloodLight_left_2	</identifier>
				<transform>
					<row0>	-1.0000 0.0000 0.0000 0.0000	</row0>
					<row1>	0.0000 1.0000 0.0000 0.0000	</row1>
					<row2>	0.0000 0.0000 -1.0000 0.0000	</row2>
					<row3>	-0.1319 0.4218 2.2259 1.0000	</row3>
				</transform>
			</node>
			<node>
				<identifier>	HP_FX_FloodLight_right_1	</identifier>
				<transform>
					<row0>	1.0000 0.0000 0.0000 0.0000	</row0>
					<row1>	0.0000 1.0000 0.0000 0.0000	</row1>
					<row2>	0.0000 0.0000 1.0000 0.0000	</row2>
					<row3>	0.0940 0.5677 0.1909 1.0000	</row3>
				</transform>
			</node>
			<node>
				<identifier>	HP_FX_FloodLight_right_2	</identifier>
				<transform>
					<row0>	1.0000 0.0000 0.0000 0.0000	</row0>
					<row1>	0.0000 1.0000 0.0000 0.0000	</row1>
					<row2>	0.0000 0.0000 1.0000 0.0000	</row2>
					<row3>	0.1319 0.4218 2.2259 1.0000	</row3>
				</transform>
			</node>
			<node>
				<identifier>	HP_FX_Flood_steam_1	</identifier>
				<transform>
					<row0>	0.8770 0.4805 0.0000 0.0000	</row0>
					<row1>	-0.4805 0.8770 0.0000 0.0000	</row1>
					<row2>	0.0000 0.0000 1.0000 0.0000	</row2>
					<row3>	-0.0210 0.7976 0.8406 1.0000	</row3>
				</transform>
			</node>
			<node>
				<identifier>	HP_FX_Flood_steam_2	</identifier>
				<transform>
					<row0>	1.0000 0.0000 0.0000 0.0000	</row0>
					<row1>	0.0000 0.9999 -0.0169 0.0000	</row1>
					<row2>	0.0000 0.0169 0.9999 0.0000	</row2>
					<row3>	0.0000 0.7341 0.2085 1.0000	</row3>
				</transform>
			</node>
			<node>
				<identifier>	HP_FX_Flood_steam_exhausted	</identifier>
				<transform>
					<row0>	0.8770 -0.4805 0.0000 0.0000	</row0>
					<row1>	0.4805 0.8770 0.0000 0.0000	</row1>
					<row2>	0.0000 0.0000 1.0000 0.0000	</row2>
					<row3>	-0.0210 0.7976 0.8406 1.0000	</row3>
				</transform>
			</node>
			<node>
				<identifier>	HP_FX_Flood_steam_left	</identifier>
				<transform>
					<row0>	-1.0000 0.0000 0.0000 0.0000	</row0>
					<row1>	0.0000 1.0000 0.0000 0.0000	</row1>
					<row2>	0.0000 0.0000 -1.0000 0.0000	</row2>
					<row3>	-0.3278 0.2499 1.8461 1.0000	</row3>
				</transform>
			</node>
			<node>
				<identifier>	HP_FX_Flood_water_left	</identifier>
				<transform>
					<row0>	-1.0000 0.0000 0.0000 0.0000	</row0>
					<row1>	0.0000 1.0000 0.0000 0.0000	</row1>
					<row2>	0.0000 0.0000 -1.0000 0.0000	</row2>
					<row3>	-0.3714 0.0354 -0.7976 1.0000	</row3>
				</transform>
			</node>
			<node>
				<identifier>	HP_FX_Flood_water_left_2	</identifier>
				<transform>
					<row0>	-1.0000 0.0000 0.0000 0.0000	</row0>
					<row1>	0.0000 1.0000 0.0000 0.0000	</row1>
					<row2>	0.0000 0.0000 -1.0000 0.0000	</row2>
					<row3>	-0.3009 0.0360 1.7420 1.0000	</row3>
				</transform>
			</node>
			<node>
				<identifier>	HP_FX_Flood_water_right	</identifier>
				<transform>
					<row0>	1.0000 0.0000 0.0000 0.0000	</row0>
					<row1>	0.0000 1.0000 0.0000 0.0000	</row1>
					<row2>	0.0000 0.0000 1.0000 0.0000	</row2>
					<row3>	0.3736 0.0354 -0.7981 1.0000	</row3>
				</transform>
			</node>
			<node>
				<identifier>	HP_FX_Flood_water_right_2	</identifier>
				<transform>
					<row0>	1.0000 0.0000 0.0000 0.0000	</row0>
					<row1>	0.0000 1.0000 0.0000 0.0000	</row1>
					<row2>	0.0000 0.0000 1.0000 0.0000	</row2>
					<row3>	0.3008 0.0357 1.7425 1.0000	</row3>
				</transform>
			</node>
			<node>
				<identifier>	HP_FX_RepairLight_left_1	</identifier>
				<transform>
					<row0>	0.0063 0.0000 1.0000 0.0000	</row0>
					<row1>	0.0000 1.0000 0.0000 0.0000	</row1>
					<row2>	-1.0000 0.0000 0.0063 0.0000	</row2>
					<row3>	-0.3316 0.2943 2.0732 1.0000	</row3>
				</transform>
			</node>
			<node>
				<identifier>	HP_FX_RepairLight_right_1	</identifier>
				<transform>
					<row0>	0.0063 0.0000 -1.0000 0.0000	</row0>
					<row1>	0.0000 1.0000 0.0000 0.0000	</row1>
					<row2>	1.0000 0.0000 0.0063 0.0000	</row2>
					<row3>	0.3341 0.2927 1.6851 1.0000	</row3>
				</transform>
			</node>
			<node>
				<identifier>	HP_FX_Smoke_1	</identifier>
				<transform>
					<row0>	1.0000 0.0000 0.0000 0.0000	</row0>
					<row1>	0.0000 0.9921 -0.1260 0.0000	</row1>
					<row2>	0.0000 0.1260 0.9921 0.0000	</row2>
					<row3>	0.0000 0.8302 1.0248 1.0000	</row3>
				</transform>
			</node>
			<node>
				<identifier>	HP_FX_Smoke_2	</identifier>
				<transform>
					<row0>	1.0000 0.0000 0.0000 0.0000	</row0>
					<row1>	0.0000 0.9978 -0.0669 0.0000	</row1>
					<row2>	0.0000 0.0669 0.9978 0.0000	</row2>
					<row3>	0.0000 0.7154 0.1650 1.0000	</row3>
				</transform>
			</node>
			<node>
				<identifier>	HP_Flagpole	</identifier>
				<transform>
					<row0>	0.3673 0.0000 0.0000 0.0000	</row0>
					<row1>	0.0000 0.3655 -0.0362 0.0000	</row1>
					<row2>	0.0000 0.0362 0.3655 0.0000	</row2>
					<row3>	0.0000 1.9003 1.4350 1.0000	</row3>
				</transform>
			</node>
			<node>
				<identifier>	HP_GD_1	</identifier>
				<transform>
					<row0>	1.0000 0.0000 0.0000 0.0000	</row0>
					<row1>	0.0000 1.0000 0.0000 0.0000	</row1>
					<row2>	0.0000 0.0000 1.0000 0.0000	</row2>
					<row3>	0.0000 0.6856 2.0328 1.0000	</row3>
				</transform>
			</node>
			<node>
				<identifier>	HP_GD_2	</identifier>
				<transform>
					<row0>	0.0000 0.0000 1.0000 0.0000	</row0>
					<row1>	0.0000 1.0000 0.0000 0.0000	</row1>
					<row2>	-1.0000 0.0000 0.0000 0.0000	</row2>
					<row3>	-0.2679 0.4713 2.0079 1.0000	</row3>
				</transform>
			</node>
			<node>
				<identifier>	HP_GD_3	</identifier>
				<transform>
					<row0>	0.0000 0.0000 -1.0000 0.0000	</row0>
					<row1>	0.0000 1.0000 0.0000 0.0000	</row1>
					<row2>	1.0000 0.0000 0.0000 0.0000	</row2>
					<row3>	0.2679 0.4713 2.0079 1.0000	</row3>
				</transform>
			</node>
			<node>
				<identifier>	HP_GF_1	</identifier>
				<transform>
					<row0>	1.0000 0.0000 0.0000 0.0000	</row0>
					<row1>	0.0000 1.0000 0.0000 0.0000	</row1>
					<row2>	0.0000 0.0000 1.0000 0.0000	</row2>
					<row3>	0.0000 0.7046 1.8589 1.0000	</row3>
				</transform>
			</node>
			<node>
				<identifier>	HP_GGA_1	</identifier>
				<transform>
					<row0>	1.0000 0.0000 0.0000 0.0000	</row0>
					<row1>	0.0000 1.0000 0.0000 0.0000	</row1>
					<row2>	0.0000 0.0000 1.0000 0.0000	</row2>
					<row3>	0.0000 0.5366 2.1958 1.0000	</row3>
				</transform>
			</node>
			<node>
				<identifier>	HP_GGA_2	</identifier>
				<transform>
					<row0>	0.3420 0.0000 0.9397 0.0000	</row0>
					<row1>	0.0000 1.0000 0.0000 0.0000	</row1>
					<row2>	-0.9397 0.0000 0.3420 0.0000	</row2>
					<row3>	-0.2456 0.4736 1.8611 1.0000	</row3>
				</transform>
			</node>
			<node>
				<identifier>	HP_GGA_3	</identifier>
				<transform>
					<row0>	0.3420 0.0000 -0.9397 0.0000	</row0>
					<row1>	0.0000 1.0000 0.0000 0.0000	</row1>
					<row2>	0.9397 0.0000 0.3420 0.0000	</row2>
					<row3>	0.2456 0.4736 1.8611 1.0000	</row3>
				</transform>
			</node>
			<node>
				<identifier>	HP_GGA_4	</identifier>
				<transform>
					<row0>	0.0000 0.0000 1.0000 0.0000	</row0>
					<row1>	0.0000 1.0000 0.0000 0.0000	</row1>
					<row2>	-1.0000 0.0000 0.0000 0.0000	</row2>
					<row3>	-0.2249 0.3159 -0.0797 1.0000	</row3>
				</transform>
			</node>
			<node>
				<identifier>	HP_GGA_5	</identifier>
				<transform>
					<row0>	0.0000 0.0000 -1.0000 0.0000	</row0>
					<row1>	0.0000 1.0000 0.0000 0.0000	</row1>
					<row2>	1.0000 0.0000 0.0000 0.0000	</row2>
					<row3>	0.2249 0.3159 -0.0797 1.0000	</row3>
				</transform>
			</node>
			<node>
				<identifier>	HP_GGM_2	</identifier>
				<transform>
					<row0>	1.0000 0.0000 0.0000 0.0000	</row0>
					<row1>	0.0000 1.0000 0.0000 0.0000	</row1>
					<row2>	0.0000 0.0000 1.0000 0.0000	</row2>
					<row3>	0.0000 0.4760 2.5273 1.0000	</row3>
				</transform>
			</node>
			<node>
				<identifier>	HP_GGT_1	</identifier>
				<transform>
					<row0>	1.0000 0.0000 0.0000 0.0000	</row0>
					<row1>	0.0000 1.0000 0.0000 0.0000	</row1>
					<row2>	0.0000 0.0000 1.0000 0.0000	</row2>
					<row3>	0.0000 0.1823 -0.7339 1.0000	</row3>
				</transform>
			</node>
			<node>
				<identifier>	HP_GRS_1	</identifier>
				<transform>
					<row0>	1.0000 0.0000 0.0000 0.0000	</row0>
					<row1>	0.0000 1.0000 0.0000 0.0000	</row1>
					<row2>	0.0000 0.0000 1.0000 0.0000	</row2>
					<row3>	0.0000 0.8238 1.7192 1.0000	</row3>
				</transform>
			</node>
			<node>
				<identifier>	HP_flag_1	</identifier>
				<transform>
					<row0>	0.9989 -0.0473 0.0051 0.0000	</row0>
					<row1>	0.0473 0.9760 -0.2125 0.0000	</row1>
					<row2>	0.0051 0.2125 0.9771 0.0000	</row2>
					<row3>	0.2310 1.4675 1.4266 1.0000	</row3>
				</transform>
			</node>
			<node>
				<identifier>	HP_flag_2	</identifier>
				<transform>
					<row0>	0.9990 0.0447 -0.0048 0.0000	</row0>
					<row1>	-0.0447 0.9759 -0.2136 0.0000	</row1>
					<row2>	-0.0048 0.2136 0.9769 0.0000	</row2>
					<row3>	-0.2295 1.4694 1.4263 1.0000	</row3>
				</transform>
			</node>
			<node>
				<identifier>	HP_flag_3	</identifier>
				<transform>
					<row0>	1.0000 0.0000 0.0000 0.0000	</row0>
					<row1>	0.0000 0.9999 -0.0153 0.0000	</row1>
					<row2>	0.0000 0.0153 0.9999 0.0000	</row2>
					<row3>	0.2137 1.4686 1.6529 1.0000	</row3>
				</transform>
			</node>
			<node>
				<identifier>	HP_flag_4	</identifier>
				<transform>
					<row0>	1.0000 0.0000 0.0000 0.0000	</row0>
					<row1>	0.0000 0.9999 -0.0153 0.0000	</row1>
					<row2>	0.0000 0.0153 0.9999 0.0000	</row2>
					<row3>	-0.2136 1.4687 1.6532 1.0000	</row3>
				</transform>
			</node>
			<node>
				<identifier>	HP_flag_rank	</identifier>
				<transform>
					<row0>	0.9985 0.0547 -0.0007 0.0000	</row0>
					<row1>	-0.0547 0.9982 -0.0256 0.0000	</row1>
					<row2>	-0.0007 0.0256 0.9997 0.0000	</row2>
					<row3>	0.0025 1.8656 1.4381 1.0000	</row3>
				</transform>
			</node>
			<node>
				<identifier>	MP_AM150_Telegraph_Engine	</identifier>
				<transform>
					<row0>	1.0000 0.0000 0.0000 0.0000	</row0>
					<row1>	0.0000 1.0000 0.0000 0.0000	</row1>
					<row2>	0.0000 0.0000 1.0000 0.0000	</row2>
					<row3>	-0.0581 0.5372 2.0223 1.0000	</row3>
				</transform>
			</node>
			<node>
				<identifier>	MP_CM011_Fire_Fighting_Gear	</identifier>
				<transform>
					<row0>	0.0000 0.0000 1.0000 0.0000	</row0>
					<row1>	0.0000 1.0000 0.0000 0.0000	</row1>
					<row2>	-1.0000 0.0000 0.0000 0.0000	</row2>
					<row3>	0.1386 0.2964 2.0593 1.0000	</row3>
				</transform>
			</node>
			<node>
				<identifier>	MP_CM011_Fire_Fighting_Gear_INDEX_1	</identifier>
				<transform>
					<row0>	0.0000 0.0000 -1.0000 0.0000	</row0>
					<row1>	0.0000 1.0000 0.0000 0.0000	</row1>
					<row2>	1.0000 0.0000 0.0000 0.0000	</row2>
					<row3>	-0.1347 0.2970 2.0593 1.0000	</row3>
				</transform>
			</node>
			<node>
				<identifier>	MP_CM011_Fire_Fighting_Gear_INDEX_2	</identifier>
				<transform>
					<row0>	-1.0000 0.0000 0.0000 0.0000	</row0>
					<row1>	0.0000 1.0000 0.0000 0.0000	</row1>
					<row2>	0.0000 0.0000 -1.0000 0.0000	</row2>
					<row3>	-0.0646 0.3100 2.7568 1.0000	</row3>
				</transform>
			</node>
			<node>
				<identifier>	MP_CM011_Fire_Fighting_Gear_INDEX_3	</identifier>
				<transform>
					<row0>	-1.0000 0.0000 0.0000 0.0000	</row0>
					<row1>	0.0000 1.0000 0.0000 0.0000	</row1>
					<row2>	0.0000 0.0000 -1.0000 0.0000	</row2>
					<row3>	0.0646 0.3100 2.7568 1.0000	</row3>
				</transform>
			</node>
			<node>
				<identifier>	MP_CM011_Fire_Fighting_Gear_INDEX_4	</identifier>
				<transform>
					<row0>	0.0000 0.0000 1.0000 0.0000	</row0>
					<row1>	0.0000 1.0000 0.0000 0.0000	</row1>
					<row2>	-1.0000 0.0000 0.0000 0.0000	</row2>
					<row3>	0.1612 0.1478 0.1579 1.0000	</row3>
				</transform>
			</node>
			<node>
				<identifier>	MP_CM011_Fire_Fighting_Gear_INDEX_5	</identifier>
				<transform>
					<row0>	0.0000 0.0000 -1.0000 0.0000	</row0>
					<row1>	0.0000 1.0000 0.0000 0.0000	</row1>
					<row2>	1.0000 0.0000 0.0000 0.0000	</row2>
					<row3>	-0.1612 0.1478 0.1579 1.0000	</row3>
				</transform>
			</node>
			<node>
				<identifier>	MP_CM014_Fuel_Oil_Hose	</identifier>
				<transform>
					<row0>	-0.8000 0.0000 0.0000 0.0000	</row0>
					<row1>	0.0000 0.8000 0.0000 0.0000	</row1>
					<row2>	0.0000 0.0000 -0.8000 0.0000	</row2>
					<row3>	0.1324 0.1586 -0.4749 1.0000	</row3>
				</transform>
			</node>
			<node>
				<identifier>	MP_CM014_Fuel_Oil_Hose_INDEX_1	</identifier>
				<transform>
					<row0>	0.8000 0.0000 0.0000 0.0000	</row0>
					<row1>	0.0000 0.8000 0.0000 0.0000	</row1>
					<row2>	0.0000 0.0000 0.8000 0.0000	</row2>
					<row3>	-0.1328 0.1612 -0.4746 1.0000	</row3>
				</transform>
			</node>
			<node>
				<identifier>	MP_CM014_Fuel_Oil_Hose_INDEX_2	</identifier>
				<transform>
					<row0>	-0.8000 0.0000 0.0000 0.0000	</row0>
					<row1>	0.0000 0.8000 0.0000 0.0000	</row1>
					<row2>	0.0000 0.0000 -0.8000 0.0000	</row2>
					<row3>	0.1324 0.1584 -0.3341 1.0000	</row3>
				</transform>
			</node>
			<node>
				<identifier>	MP_CM014_Fuel_Oil_Hose_INDEX_3	</identifier>
				<transform>
					<row0>	0.8000 0.0000 0.0000 0.0000	</row0>
					<row1>	0.0000 0.8000 0.0000 0.0000	</row1>
					<row2>	0.0000 0.0000 0.8000 0.0000	</row2>
					<row3>	-0.1328 0.1619 -0.3362 1.0000	</row3>
				</transform>
			</node>
			<node>
				<identifier>	MP_CM029_Emergency_Box	</identifier>
				<transform>
					<row0>	0.0000 0.0000 1.0000 0.0000	</row0>
					<row1>	0.0000 1.0000 0.0000 0.0000	</row1>
					<row2>	-1.0000 0.0000 0.0000 0.0000	</row2>
					<row3>	0.1327 0.3635 2.1932 1.0000	</row3>
				</transform>
			</node>
			<node>
				<identifier>	MP_CM029_Emergency_Box_INDEX_1	</identifier>
				<transform>
					<row0>	0.0000 0.0000 -1.0000 0.0000	</row0>
					<row1>	0.0000 1.0000 0.0000 0.0000	</row1>
					<row2>	1.0000 0.0000 0.0000 0.0000	</row2>
					<row3>	-0.1341 0.3635 2.1932 1.0000	</row3>
				</transform>
			</node>
			<node>
				<identifier>	MP_CM029_Emergency_Box_INDEX_2	</identifier>
				<transform>
					<row0>	0.0000 0.0000 -1.0000 0.0000	</row0>
					<row1>	0.0000 1.0000 0.0000 0.0000	</row1>
					<row2>	1.0000 0.0000 0.0000 0.0000	</row2>
					<row3>	-0.1341 0.5375 1.6165 1.0000	</row3>
				</transform>
			</node>
			<node>
				<identifier>	MP_CM029_Emergency_Box_INDEX_3	</identifier>
				<transform>
					<row0>	0.0000 0.0000 1.0000 0.0000	</row0>
					<row1>	0.0000 1.0000 0.0000 0.0000	</row1>
					<row2>	-1.0000 0.0000 0.0000 0.0000	</row2>
					<row3>	0.1341 0.5375 1.6165 1.0000	</row3>
				</transform>
			</node>
			<node>
				<identifier>	MP_CM029_Emergency_Box_INDEX_4	</identifier>
				<transform>
					<row0>	0.0226 0.0000 -0.9997 0.0000	</row0>
					<row1>	0.0000 1.0000 0.0000 0.0000	</row1>
					<row2>	0.9997 0.0000 0.0226 0.0000	</row2>
					<row3>	0.3472 0.3403 0.0120 1.0000	</row3>
				</transform>
			</node>
			<node>
				<identifier>	MP_CM052_Fender	</identifier>
				<transform>
					<row0>	0.0000 0.0001 0.5000 0.0000	</row0>
					<row1>	-0.0035 0.5000 -0.0001 0.0000	</row1>
					<row2>	-0.5000 -0.0035 0.0000 0.0000	</row2>
					<row3>	-0.1433 0.3034 2.6334 1.0000	</row3>
				</transform>
			</node>
			<node>
				<identifier>	MP_CM052_Fender_INDEX_1	</identifier>
				<transform>
					<row0>	0.0003 -0.0001 -0.5000 0.0000	</row0>
					<row1>	-0.0035 0.5000 -0.0001 0.0000	</row1>
					<row2>	0.5000 0.0035 0.0003 0.0000	</row2>
					<row3>	0.1433 0.3034 2.6334 1.0000	</row3>
				</transform>
			</node>
			<node>
				<identifier>	MP_CM052_Fender_INDEX_2	</identifier>
				<transform>
					<row0>	0.0003 -0.0001 -0.5000 0.0000	</row0>
					<row1>	-0.0530 0.4972 -0.0002 0.0000	</row1>
					<row2>	0.4972 0.0530 0.0003 0.0000	</row2>
					<row3>	0.1310 0.1779 0.4324 1.0000	</row3>
				</transform>
			</node>
			<node>
				<identifier>	MP_CM052_Fender_INDEX_3	</identifier>
				<transform>
					<row0>	0.0000 0.0002 0.5000 0.0000	</row0>
					<row1>	0.0625 0.4961 -0.0002 0.0000	</row1>
					<row2>	-0.4961 0.0625 0.0000 0.0000	</row2>
					<row3>	-0.1295 0.1792 0.4324 1.0000	</row3>
				</transform>
			</node>
			<node>
				<identifier>	MP_CM055_Stairway_Big_R	</identifier>
				<transform>
					<row0>	-0.7112 0.0000 0.0000 0.0000	</row0>
					<row1>	0.0000 0.7112 0.0000 0.0000	</row1>
					<row2>	0.0000 0.0000 -0.7112 0.0000	</row2>
					<row3>	-0.3258 0.1889 -0.2302 1.0000	</row3>
				</transform>
			</node>
			<node>
				<identifier>	MP_CM055_Stairway_Big_R_INDEX_1	</identifier>
				<transform>
					<row0>	-0.7112 0.0000 0.0000 0.0000	</row0>
					<row1>	0.0000 0.7112 0.0000 0.0000	</row1>
					<row2>	0.0000 0.0000 -0.7112 0.0000	</row2>
					<row3>	0.3358 0.1889 -0.2318 1.0000	</row3>
				</transform>
			</node>
			<node>
				<identifier>	MP_CM056_Ships_bell	</identifier>
				<transform>
					<row0>	1.0000 0.0000 0.0000 0.0000	</row0>
					<row1>	0.0000 1.0000 0.0000 0.0000	</row1>
					<row2>	0.0000 0.0000 1.0000 0.0000	</row2>
					<row3>	0.0000 0.6501 1.5080 1.0000	</row3>
				</transform>
			</node>
			<node>
				<identifier>	MP_CM092_Siren	</identifier>
				<transform>
					<row0>	1.0000 0.0000 0.0000 0.0000	</row0>
					<row1>	0.0000 1.0000 0.0000 0.0000	</row1>
					<row2>	0.0000 0.0000 1.0000 0.0000	</row2>
					<row3>	0.0063 0.7115 1.2567 1.0000	</row3>
				</transform>
			</node>
			<node>
				<identifier>	MP_CM112_Fire_Extinguisher	</identifier>
				<transform>
					<row0>	1.0000 0.0000 0.0000 0.0000	</row0>
					<row1>	0.0000 1.0000 0.0000 0.0000	</row1>
					<row2>	0.0000 0.0000 1.0000 0.0000	</row2>
					<row3>	-0.1333 0.3669 1.7342 1.0000	</row3>
				</transform>
			</node>
			<node>
				<identifier>	MP_CM112_Fire_Extinguisher_INDEX_1	</identifier>
				<transform>
					<row0>	1.0000 0.0000 0.0000 0.0000	</row0>
					<row1>	0.0000 1.0000 0.0000 0.0000	</row1>
					<row2>	0.0000 0.0000 1.0000 0.0000	</row2>
					<row3>	-0.1333 0.3669 1.7013 1.0000	</row3>
				</transform>
			</node>
			<node>
				<identifier>	MP_CM112_Fire_Extinguisher_INDEX_10	</identifier>
				<transform>
					<row0>	1.0000 0.0000 0.0000 0.0000	</row0>
					<row1>	0.0000 1.0000 0.0000 0.0000	</row1>
					<row2>	0.0000 0.0000 1.0000 0.0000	</row2>
					<row3>	-0.3459 0.3450 -0.0013 1.0000	</row3>
				</transform>
			</node>
			<node>
				<identifier>	MP_CM112_Fire_Extinguisher_INDEX_11	</identifier>
				<transform>
					<row0>	1.0000 0.0000 0.0000 0.0000	</row0>
					<row1>	0.0000 1.0000 0.0000 0.0000	</row1>
					<row2>	0.0000 0.0000 1.0000 0.0000	</row2>
					<row3>	-0.3459 0.3450 0.0152 1.0000	</row3>
				</transform>
			</node>
			<node>
				<identifier>	MP_CM112_Fire_Extinguisher_INDEX_2	</identifier>
				<transform>
					<row0>	1.0000 0.0000 0.0000 0.0000	</row0>
					<row1>	0.0000 1.0000 0.0000 0.0000	</row1>
					<row2>	0.0000 0.0000 1.0000 0.0000	</row2>
					<row3>	-0.1333 0.3669 1.7177 1.0000	</row3>
				</transform>
			</node>
			<node>
				<identifier>	MP_CM112_Fire_Extinguisher_INDEX_3	</identifier>
				<transform>
					<row0>	1.0000 0.0000 0.0000 0.0000	</row0>
					<row1>	0.0000 1.0000 0.0000 0.0000	</row1>
					<row2>	0.0000 0.0000 1.0000 0.0000	</row2>
					<row3>	0.1333 0.3669 1.7342 1.0000	</row3>
				</transform>
			</node>
			<node>
				<identifier>	MP_CM112_Fire_Extinguisher_INDEX_4	</identifier>
				<transform>
					<row0>	1.0000 0.0000 0.0000 0.0000	</row0>
					<row1>	0.0000 1.0000 0.0000 0.0000	</row1>
					<row2>	0.0000 0.0000 1.0000 0.0000	</row2>
					<row3>	0.1333 0.3669 1.7013 1.0000	</row3>
				</transform>
			</node>
			<node>
				<identifier>	MP_CM112_Fire_Extinguisher_INDEX_5	</identifier>
				<transform>
					<row0>	1.0000 0.0000 0.0000 0.0000	</row0>
					<row1>	0.0000 1.0000 0.0000 0.0000	</row1>
					<row2>	0.0000 0.0000 1.0000 0.0000	</row2>
					<row3>	0.1333 0.3669 1.7177 1.0000	</row3>
				</transform>
			</node>
			<node>
				<identifier>	MP_CM112_Fire_Extinguisher_INDEX_6	</identifier>
				<transform>
					<row0>	1.0000 0.0000 0.0000 0.0000	</row0>
					<row1>	0.0000 1.0000 0.0000 0.0000	</row1>
					<row2>	0.0000 0.0000 1.0000 0.0000	</row2>
					<row3>	-0.1333 0.5200 1.9230 1.0000	</row3>
				</transform>
			</node>
			<node>
				<identifier>	MP_CM112_Fire_Extinguisher_INDEX_7	</identifier>
				<transform>
					<row0>	1.0000 0.0000 0.0000 0.0000	</row0>
					<row1>	0.0000 1.0000 0.0000 0.0000	</row1>
					<row2>	0.0000 0.0000 1.0000 0.0000	</row2>
					<row3>	-0.1333 0.5200 1.9395 1.0000	</row3>
				</transform>
			</node>
			<node>
				<identifier>	MP_CM112_Fire_Extinguisher_INDEX_8	</identifier>
				<transform>
					<row0>	1.0000 0.0000 0.0000 0.0000	</row0>
					<row1>	0.0000 1.0000 0.0000 0.0000	</row1>
					<row2>	0.0000 0.0000 1.0000 0.0000	</row2>
					<row3>	0.1333 0.5200 1.9395 1.0000	</row3>
				</transform>
			</node>
			<node>
				<identifier>	MP_CM112_Fire_Extinguisher_INDEX_9	</identifier>
				<transform>
					<row0>	1.0000 0.0000 0.0000 0.0000	</row0>
					<row1>	0.0000 1.0000 0.0000 0.0000	</row1>
					<row2>	0.0000 0.0000 1.0000 0.0000	</row2>
					<row3>	0.1333 0.5200 1.9230 1.0000	</row3>
				</transform>
			</node>
			<node>
				<identifier>	MP_CM134_Helmet	</identifier>
				<transform>
					<row0>	-0.9881 0.0000 0.1535 0.0000	</row0>
					<row1>	0.1535 0.0000 0.9881 0.0000	</row1>
					<row2>	0.0000 1.0000 0.0000 0.0000	</row2>
					<row3>	0.0223 0.5261 2.2902 1.0000	</row3>
				</transform>
			</node>
			<node>
				<identifier>	MP_CM134_Helmet_INDEX_1	</identifier>
				<transform>
					<row0>	0.8261 0.0000 0.5635 0.0000	</row0>
					<row1>	0.5611 -0.0920 -0.8226 0.0000	</row1>
					<row2>	0.0518 0.9958 -0.0760 0.0000	</row2>
					<row3>	0.0465 0.3960 0.1019 1.0000	</row3>
				</transform>
			</node>
			<node>
				<identifier>	MP_CM134_Helmet_INDEX_10	</identifier>
				<transform>
					<row0>	0.8291 0.0000 -0.5590 0.0000	</row0>
					<row1>	-0.5590 0.0000 -0.8291 0.0000	</row1>
					<row2>	0.0000 1.0000 0.0000 0.0000	</row2>
					<row3>	-0.0566 0.3644 0.1157 1.0000	</row3>
				</transform>
			</node>
			<node>
				<identifier>	MP_CM134_Helmet_INDEX_11	</identifier>
				<transform>
					<row0>	-0.9880 0.0000 -0.1546 0.0000	</row0>
					<row1>	-0.1546 0.0000 0.9880 0.0000	</row1>
					<row2>	0.0000 1.0000 0.0000 0.0000	</row2>
					<row3>	-0.0244 0.5945 2.0654 1.0000	</row3>
				</transform>
			</node>
			<node>
				<identifier>	MP_CM134_Helmet_INDEX_12	</identifier>
				<transform>
					<row0>	0.8261 0.0000 0.5635 0.0000	</row0>
					<row1>	0.5611 -0.0920 -0.8226 0.0000	</row1>
					<row2>	0.0518 0.9958 -0.0760 0.0000	</row2>
					<row3>	0.0588 0.3852 0.1123 1.0000	</row3>
				</transform>
			</node>
			<node>
				<identifier>	MP_CM134_Helmet_INDEX_13	</identifier>
				<transform>
					<row0>	0.8261 0.0000 0.5635 0.0000	</row0>
					<row1>	0.5611 -0.0920 -0.8226 0.0000	</row1>
					<row2>	0.0518 0.9958 -0.0760 0.0000	</row2>
					<row3>	0.0590 0.3646 0.1154 1.0000	</row3>
				</transform>
			</node>
			<node>
				<identifier>	MP_CM134_Helmet_INDEX_14	</identifier>
				<transform>
					<row0>	0.8261 0.0000 0.5635 0.0000	</row0>
					<row1>	0.5611 -0.0920 -0.8226 0.0000	</row1>
					<row2>	0.0518 0.9958 -0.0760 0.0000	</row2>
					<row3>	0.0592 0.4065 0.1089 1.0000	</row3>
				</transform>
			</node>
			<node>
				<identifier>	MP_CM134_Helmet_INDEX_15	</identifier>
				<transform>
					<row0>	-0.9881 0.0000 0.1535 0.0000	</row0>
					<row1>	0.1535 0.0000 0.9881 0.0000	</row1>
					<row2>	0.0000 1.0000 0.0000 0.0000	</row2>
					<row3>	0.0397 0.5102 2.2873 1.0000	</row3>
				</transform>
			</node>
			<node>
				<identifier>	MP_CM134_Helmet_INDEX_16	</identifier>
				<transform>
					<row0>	-0.2175 0.0000 -0.9761 0.0000	</row0>
					<row1>	-0.9761 0.0000 0.2175 0.0000	</row1>
					<row2>	0.0000 1.0000 0.0000 0.0000	</row2>
					<row3>	-0.1163 0.4002 2.7004 1.0000	</row3>
				</transform>
			</node>
			<node>
				<identifier>	MP_CM134_Helmet_INDEX_17	</identifier>
				<transform>
					<row0>	-0.2175 0.0000 -0.9761 0.0000	</row0>
					<row1>	-0.9761 0.0000 0.2175 0.0000	</row1>
					<row2>	0.0000 1.0000 0.0000 0.0000	</row2>
					<row3>	-0.1121 0.3639 2.7194 1.0000	</row3>
				</transform>
			</node>
			<node>
				<identifier>	MP_CM134_Helmet_INDEX_18	</identifier>
				<transform>
					<row0>	-0.9881 0.0000 0.1535 0.0000	</row0>
					<row1>	0.1535 0.0000 0.9881 0.0000	</row1>
					<row2>	0.0000 1.0000 0.0000 0.0000	</row2>
					<row3>	0.0397 0.5319 2.2874 1.0000	</row3>
				</transform>
			</node>
			<node>
				<identifier>	MP_CM134_Helmet_INDEX_19	</identifier>
				<transform>
					<row0>	-0.2175 -0.0034 0.9760 0.0000	</row0>
					<row1>	0.9761 0.0000 0.2175 0.0000	</row1>
					<row2>	-0.0007 1.0000 0.0033 0.0000	</row2>
					<row3>	0.1163 0.4002 2.7004 1.0000	</row3>
				</transform>
			</node>
			<node>
				<identifier>	MP_CM134_Helmet_INDEX_2	</identifier>
				<transform>
					<row0>	0.8326 0.0000 -0.5539 0.0000	</row0>
					<row1>	-0.5504 -0.1133 -0.8272 0.0000	</row1>
					<row2>	-0.0627 0.9936 -0.0943 0.0000	</row2>
					<row3>	-0.0437 0.4014 0.1000 1.0000	</row3>
				</transform>
			</node>
			<node>
				<identifier>	MP_CM134_Helmet_INDEX_20	</identifier>
				<transform>
					<row0>	0.5756 -0.0006 -0.8178 0.0000	</row0>
					<row1>	-0.8161 -0.0638 -0.5744 0.0000	</row1>
					<row2>	-0.0518 0.9980 -0.0372 0.0000	</row2>
					<row3>	-0.0687 0.3649 0.1271 1.0000	</row3>
				</transform>
			</node>
			<node>
				<identifier>	MP_CM134_Helmet_INDEX_21	</identifier>
				<transform>
					<row0>	0.0000 0.0000 1.0000 0.0000	</row0>
					<row1>	1.0000 0.0000 0.0000 0.0000	</row1>
					<row2>	0.0000 1.0000 0.0000 0.0000	</row2>
					<row3>	0.1282 0.5262 1.8886 1.0000	</row3>
				</transform>
			</node>
			<node>
				<identifier>	MP_CM134_Helmet_INDEX_22	</identifier>
				<transform>
					<row0>	0.0000 0.0000 -1.0000 0.0000	</row0>
					<row1>	-1.0000 0.0000 0.0000 0.0000	</row1>
					<row2>	0.0000 1.0000 0.0000 0.0000	</row2>
					<row3>	-0.1283 0.5480 1.8886 1.0000	</row3>
				</transform>
			</node>
			<node>
				<identifier>	MP_CM134_Helmet_INDEX_23	</identifier>
				<transform>
					<row0>	0.5920 0.0000 0.8060 0.0000	</row0>
					<row1>	0.8025 -0.0920 -0.5895 0.0000	</row1>
					<row2>	0.0741 0.9958 -0.0545 0.0000	</row2>
					<row3>	0.0716 0.3866 0.1248 1.0000	</row3>
				</transform>
			</node>
			<node>
				<identifier>	MP_CM134_Helmet_INDEX_24	</identifier>
				<transform>
					<row0>	-0.2175 -0.0034 0.9760 0.0000	</row0>
					<row1>	0.9761 0.0000 0.2175 0.0000	</row1>
					<row2>	-0.0007 1.0000 0.0033 0.0000	</row2>
					<row3>	0.1121 0.3914 2.7194 1.0000	</row3>
				</transform>
			</node>
			<node>
				<identifier>	MP_CM134_Helmet_INDEX_25	</identifier>
				<transform>
					<row0>	-0.2175 0.0000 -0.9761 0.0000	</row0>
					<row1>	-0.9761 0.0000 0.2175 0.0000	</row1>
					<row2>	0.0000 1.0000 0.0000 0.0000	</row2>
					<row3>	-0.1121 0.3914 2.7194 1.0000	</row3>
				</transform>
			</node>
			<node>
				<identifier>	MP_CM134_Helmet_INDEX_26	</identifier>
				<transform>
					<row0>	0.0000 0.0000 1.0000 0.0000	</row0>
					<row1>	1.0000 0.0000 0.0000 0.0000	</row1>
					<row2>	0.0000 1.0000 0.0000 0.0000	</row2>
					<row3>	0.1282 0.5480 1.8886 1.0000	</row3>
				</transform>
			</node>
			<node>
				<identifier>	MP_CM134_Helmet_INDEX_27	</identifier>
				<transform>
					<row0>	-0.2175 -0.0034 0.9760 0.0000	</row0>
					<row1>	0.9761 0.0000 0.2175 0.0000	</row1>
					<row2>	-0.0007 1.0000 0.0033 0.0000	</row2>
					<row3>	0.1163 0.3727 2.7004 1.0000	</row3>
				</transform>
			</node>
			<node>
				<identifier>	MP_CM134_Helmet_INDEX_28	</identifier>
				<transform>
					<row0>	0.0000 0.0000 -1.0000 0.0000	</row0>
					<row1>	-1.0000 0.0000 0.0000 0.0000	</row1>
					<row2>	0.0000 1.0000 0.0000 0.0000	</row2>
					<row3>	-0.1283 0.5694 1.8886 1.0000	</row3>
				</transform>
			</node>
			<node>
				<identifier>	MP_CM134_Helmet_INDEX_29	</identifier>
				<transform>
					<row0>	-0.9881 0.0000 0.1535 0.0000	</row0>
					<row1>	0.1535 0.0000 0.9881 0.0000	</row1>
					<row2>	0.0000 1.0000 0.0000 0.0000	</row2>
					<row3>	0.0419 0.6002 2.0626 1.0000	</row3>
				</transform>
			</node>
			<node>
				<identifier>	MP_CM134_Helmet_INDEX_3	</identifier>
				<transform>
					<row0>	-0.9881 0.0000 0.1535 0.0000	</row0>
					<row1>	0.1535 0.0000 0.9881 0.0000	</row1>
					<row2>	0.0000 1.0000 0.0000 0.0000	</row2>
					<row3>	0.0244 0.6161 2.0654 1.0000	</row3>
				</transform>
			</node>
			<node>
				<identifier>	MP_CM134_Helmet_INDEX_30	</identifier>
				<transform>
					<row0>	-0.2175 -0.0034 0.9760 0.0000	</row0>
					<row1>	0.9761 0.0000 0.2175 0.0000	</row1>
					<row2>	-0.0007 1.0000 0.0033 0.0000	</row2>
					<row3>	0.1121 0.3639 2.7194 1.0000	</row3>
				</transform>
			</node>
			<node>
				<identifier>	MP_CM134_Helmet_INDEX_31	</identifier>
				<transform>
					<row0>	-0.9880 0.0000 -0.1546 0.0000	</row0>
					<row1>	-0.1546 0.0000 0.9880 0.0000	</row1>
					<row2>	0.0000 1.0000 0.0000 0.0000	</row2>
					<row3>	-0.0244 0.6161 2.0654 1.0000	</row3>
				</transform>
			</node>
			<node>
				<identifier>	MP_CM134_Helmet_INDEX_32	</identifier>
				<transform>
					<row0>	0.8331 -0.0004 -0.5531 0.0000	</row0>
					<row1>	-0.5516 -0.0750 -0.8307 0.0000	</row1>
					<row2>	-0.0411 0.9972 -0.0627 0.0000	</row2>
					<row3>	-0.0582 0.3861 0.1129 1.0000	</row3>
				</transform>
			</node>
			<node>
				<identifier>	MP_CM134_Helmet_INDEX_33	</identifier>
				<transform>
					<row0>	-0.2175 0.0000 -0.9761 0.0000	</row0>
					<row1>	-0.9761 0.0000 0.2175 0.0000	</row1>
					<row2>	0.0000 1.0000 0.0000 0.0000	</row2>
					<row3>	-0.1163 0.3727 2.7004 1.0000	</row3>
				</transform>
			</node>
			<node>
				<identifier>	MP_CM134_Helmet_INDEX_34	</identifier>
				<transform>
					<row0>	-0.9880 0.0000 -0.1546 0.0000	</row0>
					<row1>	-0.1546 0.0000 0.9880 0.0000	</row1>
					<row2>	0.0000 1.0000 0.0000 0.0000	</row2>
					<row3>	-0.0419 0.6219 2.0627 1.0000	</row3>
				</transform>
			</node>
			<node>
				<identifier>	MP_CM134_Helmet_INDEX_35	</identifier>
				<transform>
					<row0>	-0.9881 0.0000 0.1535 0.0000	</row0>
					<row1>	0.1535 0.0000 0.9881 0.0000	</row1>
					<row2>	0.0000 1.0000 0.0000 0.0000	</row2>
					<row3>	0.0244 0.5945 2.0654 1.0000	</row3>
				</transform>
			</node>
			<node>
				<identifier>	MP_CM134_Helmet_INDEX_36	</identifier>
				<transform>
					<row0>	0.0000 0.0000 -1.0000 0.0000	</row0>
					<row1>	-1.0000 0.0000 0.0000 0.0000	</row1>
					<row2>	0.0000 1.0000 0.0000 0.0000	</row2>
					<row3>	-0.1283 0.5262 1.8886 1.0000	</row3>
				</transform>
			</node>
			<node>
				<identifier>	MP_CM134_Helmet_INDEX_37	</identifier>
				<transform>
					<row0>	0.0000 0.0000 1.0000 0.0000	</row0>
					<row1>	1.0000 0.0000 0.0000 0.0000	</row1>
					<row2>	0.0000 1.0000 0.0000 0.0000	</row2>
					<row3>	0.1283 0.5694 1.8886 1.0000	</row3>
				</transform>
			</node>
			<node>
				<identifier>	MP_CM134_Helmet_INDEX_4	</identifier>
				<transform>
					<row0>	0.6100 0.0000 -0.7924 0.0000	</row0>
					<row1>	-0.7924 0.0000 -0.6100 0.0000	</row1>
					<row2>	0.0000 1.0000 0.0000 0.0000	</row2>
					<row3>	-0.0703 0.3867 0.1257 1.0000	</row3>
				</transform>
			</node>
			<node>
				<identifier>	MP_CM134_Helmet_INDEX_5	</identifier>
				<transform>
					<row0>	-0.9881 0.0000 0.1535 0.0000	</row0>
					<row1>	0.1535 0.0000 0.9881 0.0000	</row1>
					<row2>	0.0000 1.0000 0.0000 0.0000	</row2>
					<row3>	0.0223 0.5045 2.2901 1.0000	</row3>
				</transform>
			</node>
			<node>
				<identifier>	MP_CM134_Helmet_INDEX_6	</identifier>
				<transform>
					<row0>	-0.9881 0.0000 0.1535 0.0000	</row0>
					<row1>	0.1535 0.0000 0.9881 0.0000	</row1>
					<row2>	0.0000 1.0000 0.0000 0.0000	</row2>
					<row3>	0.0419 0.6219 2.0627 1.0000	</row3>
				</transform>
			</node>
			<node>
				<identifier>	MP_CM134_Helmet_INDEX_7	</identifier>
				<transform>
					<row0>	-0.9880 0.0000 -0.1546 0.0000	</row0>
					<row1>	-0.1546 0.0000 0.9880 0.0000	</row1>
					<row2>	0.0000 1.0000 0.0000 0.0000	</row2>
					<row3>	-0.0419 0.6002 2.0626 1.0000	</row3>
				</transform>
			</node>
			<node>
				<identifier>	MP_CM134_Helmet_INDEX_8	</identifier>
				<transform>
					<row0>	0.8326 0.0000 -0.5539 0.0000	</row0>
					<row1>	-0.5504 -0.1133 -0.8272 0.0000	</row1>
					<row2>	-0.0627 0.9936 -0.0943 0.0000	</row2>
					<row3>	-0.0573 0.4068 0.1085 1.0000	</row3>
				</transform>
			</node>
			<node>
				<identifier>	MP_CM134_Helmet_INDEX_9	</identifier>
				<transform>
					<row0>	0.5920 0.0000 0.8060 0.0000	</row0>
					<row1>	0.8025 -0.0920 -0.5895 0.0000	</row1>
					<row2>	0.0741 0.9958 -0.0545 0.0000	</row2>
					<row3>	0.0708 0.3657 0.1272 1.0000	</row3>
				</transform>
			</node>
			<node>
				<identifier>	MP_GM001_Paravane	</identifier>
				<transform>
					<row0>	0.0000 1.0000 -0.0075 0.0000	</row0>
					<row1>	-0.9986 0.0004 0.0527 0.0000	</row1>
					<row2>	0.0527 0.0075 0.9986 0.0000	</row2>
					<row3>	0.1517 0.3529 2.4177 1.0000	</row3>
				</transform>
			</node>
			<node>
				<identifier>	MP_GM001_Paravane_INDEX_1	</identifier>
				<transform>
					<row0>	0.0000 -1.0000 0.0075 0.0000	</row0>
					<row1>	0.9986 0.0004 0.0527 0.0000	</row1>
					<row2>	-0.0527 0.0075 0.9986 0.0000	</row2>
					<row3>	-0.1517 0.3529 2.4165 1.0000	</row3>
				</transform>
			</node>
			<node>
				<identifier>	MP_GM003_Reels_1	</identifier>
				<transform>
					<row0>	0.0000 0.0000 -1.0000 0.0000	</row0>
					<row1>	0.0000 1.0000 0.0000 0.0000	</row1>
					<row2>	1.0000 0.0000 0.0000 0.0000	</row2>
					<row3>	-0.1870 0.1426 0.5665 1.0000	</row3>
				</transform>
			</node>
			<node>
				<identifier>	MP_GM003_Reels_1_INDEX_1	</identifier>
				<transform>
					<row0>	0.0000 0.0000 -1.0000 0.0000	</row0>
					<row1>	0.0000 1.0000 0.0000 0.0000	</row1>
					<row2>	1.0000 0.0000 0.0000 0.0000	</row2>
					<row3>	0.1889 0.1426 0.5665 1.0000	</row3>
				</transform>
			</node>
			<node>
				<identifier>	MP_GM007_LifeBuoy	</identifier>
				<transform>
					<row0>	0.9996 0.0000 -0.0284 0.0000	</row0>
					<row1>	0.0000 1.0000 0.0000 0.0000	</row1>
					<row2>	0.0284 0.0000 0.9996 0.0000	</row2>
					<row3>	-0.3295 0.3476 2.2241 1.0000	</row3>
				</transform>
			</node>
			<node>
				<identifier>	MP_GM007_LifeBuoy_INDEX_1	</identifier>
				<transform>
					<row0>	0.9995 0.0000 0.0315 0.0000	</row0>
					<row1>	0.0000 1.0000 0.0000 0.0000	</row1>
					<row2>	-0.0315 0.0000 0.9995 0.0000	</row2>
					<row3>	0.3299 0.3476 2.2123 1.0000	</row3>
				</transform>
			</node>
			<node>
				<identifier>	MP_GM010_Binocular	</identifier>
				<transform>
					<row0>	1.0000 0.0000 0.0000 0.0000	</row0>
					<row1>	0.0000 1.0000 0.0000 0.0000	</row1>
					<row2>	0.0000 0.0000 1.0000 0.0000	</row2>
					<row3>	0.3135 0.4830 1.8145 1.0000	</row3>
				</transform>
			</node>
			<node>
				<identifier>	MP_GM010_Binocular_INDEX_1	</identifier>
				<transform>
					<row0>	-1.0000 0.0000 0.0000 0.0000	</row0>
					<row1>	0.0000 1.0000 0.0000 0.0000	</row1>
					<row2>	0.0000 0.0000 -1.0000 0.0000	</row2>
					<row3>	-0.3135 0.4830 1.8115 1.0000	</row3>
				</transform>
			</node>
			<node>
				<identifier>	MP_GM011_Pelorus	</identifier>
				<transform>
					<row0>	0.0000 0.0000 1.0000 0.0000	</row0>
					<row1>	0.0000 1.0000 0.0000 0.0000	</row1>
					<row2>	-1.0000 0.0000 0.0000 0.0000	</row2>
					<row3>	-0.3122 0.4714 1.8895 1.0000	</row3>
				</transform>
			</node>
			<node>
				<identifier>	MP_GM011_Pelorus_INDEX_1	</identifier>
				<transform>
					<row0>	0.0000 0.0000 -1.0000 0.0000	</row0>
					<row1>	0.0000 1.0000 0.0000 0.0000	</row1>
					<row2>	1.0000 0.0000 0.0000 0.0000	</row2>
					<row3>	0.3122 0.4714 1.8904 1.0000	</row3>
				</transform>
			</node>
			<node>
				<identifier>	MP_GM014_Sleeve	</identifier>
				<transform>
					<row0>	0.0254 0.0000 -0.9997 0.0000	</row0>
					<row1>	0.0000 1.0000 0.0000 0.0000	</row1>
					<row2>	0.9997 0.0000 0.0254 0.0000	</row2>
					<row3>	0.1288 0.3843 2.0363 1.0000	</row3>
				</transform>
			</node>
			<node>
				<identifier>	MP_GM014_Sleeve_INDEX_1	</identifier>
				<transform>
					<row0>	-0.0254 0.0000 0.9997 0.0000	</row0>
					<row1>	0.0000 1.0000 0.0000 0.0000	</row1>
					<row2>	-0.9997 0.0000 -0.0254 0.0000	</row2>
					<row3>	-0.1282 0.3843 2.0363 1.0000	</row3>
				</transform>
			</node>
			<node>
				<identifier>	MP_GM014_Sleeve_INDEX_2	</identifier>
				<transform>
					<row0>	0.0254 0.0000 -0.9997 0.0000	</row0>
					<row1>	-0.1339 0.9910 -0.0034 0.0000	</row1>
					<row2>	0.9907 0.1340 0.0251 0.0000	</row2>
					<row3>	0.1111 0.2149 0.1065 1.0000	</row3>
				</transform>
			</node>
			<node>
				<identifier>	MP_GM014_Sleeve_INDEX_3	</identifier>
				<transform>
					<row0>	0.0254 0.0000 0.9997 0.0000	</row0>
					<row1>	0.1339 0.9910 -0.0034 0.0000	</row1>
					<row2>	-0.9907 0.1340 0.0251 0.0000	</row2>
					<row3>	-0.1098 0.2149 0.1065 1.0000	</row3>
				</transform>
			</node>
			<node>
				<identifier>	MP_GM016_Sleeve	</identifier>
				<transform>
					<row0>	1.0000 0.0000 0.0000 0.0000	</row0>
					<row1>	0.0000 1.0000 0.0000 0.0000	</row1>
					<row2>	0.0000 0.0000 1.0000 0.0000	</row2>
					<row3>	-0.0796 0.3875 2.7512 1.0000	</row3>
				</transform>
			</node>
			<node>
				<identifier>	MP_GM016_Sleeve_INDEX_1	</identifier>
				<transform>
					<row0>	1.0000 0.0000 0.0000 0.0000	</row0>
					<row1>	0.0000 1.0000 0.0000 0.0000	</row1>
					<row2>	0.0000 0.0000 1.0000 0.0000	</row2>
					<row3>	0.0839 0.3873 2.7512 1.0000	</row3>
				</transform>
			</node>
			<node>
				<identifier>	MP_GM017_Siren	</identifier>
				<transform>
					<row0>	0.0000 0.0000 -1.0000 0.0000	</row0>
