<ASD044_Sampson_1931_MidFront_ports.visual>
	<node>
		<identifier>	Scene Root	</identifier>
		<transform>
			<row0>	1.0000 0.0000 0.0000 0.0000	</row0>
			<row1>	0.0000 1.0000 0.0000 0.0000	</row1>
			<row2>	0.0000 0.0000 1.0000 0.0000	</row2>
			<row3>	0.0000 0.0000 0.0000 1.0000	</row3>
		</transform>
		<node>
			<identifier>	MidFront_ports	</identifier>
			<transform>
				<row0>	1.0000 0.0000 0.0000 0.0000	</row0>
				<row1>	0.0000 1.0000 0.0000 0.0000	</row1>
				<row2>	0.0000 0.0000 1.0000 0.0000	</row2>
				<row3>	0.0000 0.0000 0.0000 1.0000	</row3>
			</transform>
			<node>
				<identifier>	HP_AD_1	</identifier>
				<transform>
					<row0>	0.0000 0.0000 -1.0000 0.0000	</row0>
					<row1>	0.0000 1.0000 0.0000 0.0000	</row1>
					<row2>	1.0000 0.0000 0.0000 0.0000	</row2>
					<row3>	0.1463 0.4762 1.5850 1.0000	</row3>
				</transform>
			</node>
			<node>
				<identifier>	HP_AD_2	</identifier>
				<transform>
					<row0>	0.0000 0.0000 1.0000 0.0000	</row0>
					<row1>	0.0000 1.0000 0.0000 0.0000	</row1>
					<row2>	-1.0000 0.0000 0.0000 0.0000	</row2>
					<row3>	-0.1461 0.4737 1.5812 1.0000	</row3>
				</transform>
			</node>
			<node>
				<identifier>	HP_AGM_2	</identifier>
				<transform>
					<row0>	1.0000 0.0000 0.0000 0.0000	</row0>
					<row1>	0.0000 1.0000 0.0000 0.0000	</row1>
					<row2>	0.0000 0.0000 1.0000 0.0000	</row2>
					<row3>	-0.2218 0.1761 1.2312 1.0000	</row3>
				</transform>
			</node>
			<node>
				<identifier>	HP_AGM_3	</identifier>
				<transform>
					<row0>	1.0000 0.0000 0.0000 0.0000	</row0>
					<row1>	0.0000 1.0000 0.0000 0.0000	</row1>
					<row2>	0.0000 0.0000 1.0000 0.0000	</row2>
					<row3>	0.2219 0.1761 1.2312 1.0000	</row3>
				</transform>
			</node>
			<node>
				<identifier>	HP_AGT_1	</identifier>
				<transform>
					<row0>	1.0000 0.0000 0.0000 0.0000	</row0>
					<row1>	0.0000 1.0000 0.0000 0.0000	</row1>
					<row2>	0.0000 0.0000 1.0000 0.0000	</row2>
					<row3>	0.2227 0.1696 0.3761 1.0000	</row3>
				</transform>
			</node>
			<node>
				<identifier>	HP_FX_Death_1	</identifier>
				<transform>
					<row0>	1.0000 0.0000 0.0000 0.0000	</row0>
					<row1>	0.0000 1.0000 0.0000 0.0000	</row1>
					<row2>	0.0000 0.0000 1.0000 0.0000	</row2>
					<row3>	0.0000 0.0000 1.8837 1.0000	</row3>
				</transform>
			</node>
			<node>
				<identifier>	HP_FX_Fire_2	</identifier>
				<transform>
					<row0>	1.0000 0.0000 0.0000 0.0000	</row0>
					<row1>	0.0000 1.0000 0.0000 0.0000	</row1>
					<row2>	0.0000 0.0000 1.0000 0.0000	</row2>
					<row3>	0.0000 0.1521 0.8131 1.0000	</row3>
				</transform>
			</node>
			<node>
				<identifier>	HP_FX_Fire_2_side_1	</identifier>
				<transform>
					<row0>	1.0000 0.0000 0.0000 0.0000	</row0>
					<row1>	0.0000 1.0000 0.0000 0.0000	</row1>
					<row2>	0.0000 0.0000 1.0000 0.0000	</row2>
					<row3>	-0.1395 0.1756 1.3333 1.0000	</row3>
				</transform>
			</node>
			<node>
				<identifier>	HP_FX_FloodLight_left_1	</identifier>
				<transform>
					<row0>	-1.0000 0.0000 0.0000 0.0000	</row0>
					<row1>	0.0000 1.0000 0.0000 0.0000	</row1>
					<row2>	0.0000 0.0000 -1.0000 0.0000	</row2>
					<row3>	-0.1025 0.4423 1.5934 1.0000	</row3>
				</transform>
			</node>
			<node>
				<identifier>	HP_FX_FloodLight_right_1	</identifier>
				<transform>
					<row0>	1.0000 0.0000 0.0000 0.0000	</row0>
					<row1>	0.0000 1.0000 0.0000 0.0000	</row1>
					<row2>	0.0000 0.0000 1.0000 0.0000	</row2>
					<row3>	0.1037 0.4392 1.5924 1.0000	</row3>
				</transform>
			</node>
			<node>
				<identifier>	HP_FX_Flood_steam_1	</identifier>
				<transform>
					<row0>	1.0000 0.0000 0.0000 0.0000	</row0>
					<row1>	0.0000 0.9657 -0.2597 0.0000	</row1>
					<row2>	0.0000 0.2597 0.9657 0.0000	</row2>
					<row3>	0.0000 0.5593 0.8425 1.0000	</row3>
				</transform>
			</node>
			<node>
				<identifier>	HP_FX_Flood_steam_2	</identifier>
				<transform>
					<row0>	1.0000 0.0000 0.0000 0.0000	</row0>
					<row1>	0.0000 0.9753 -0.2208 0.0000	</row1>
					<row2>	0.0000 0.2208 0.9753 0.0000	</row2>
					<row3>	0.0000 0.5556 0.5341 1.0000	</row3>
				</transform>
			</node>
			<node>
				<identifier>	HP_FX_Flood_steam_3	</identifier>
				<transform>
					<row0>	1.0000 0.0000 0.0000 0.0000	</row0>
					<row1>	0.0000 0.9753 -0.2208 0.0000	</row1>
					<row2>	0.0000 0.2208 0.9753 0.0000	</row2>
					<row3>	0.0003 0.5564 0.2136 1.0000	</row3>
				</transform>
			</node>
			<node>
				<identifier>	HP_FX_Smoke_1	</identifier>
				<transform>
					<row0>	0.9976 -0.0690 0.0000 0.0000	</row0>
					<row1>	0.0690 0.9976 0.0000 0.0000	</row1>
					<row2>	0.0000 0.0000 1.0000 0.0000	</row2>
					<row3>	0.0000 0.5740 0.9140 1.0000	</row3>
				</transform>
			</node>
			<node>
				<identifier>	HP_FX_Smoke_2	</identifier>
				<transform>
					<row0>	0.9923 0.1242 0.0000 0.0000	</row0>
					<row1>	-0.1242 0.9923 0.0000 0.0000	</row1>
					<row2>	0.0000 0.0000 1.0000 0.0000	</row2>
					<row3>	0.0000 0.5740 0.5998 1.0000	</row3>
				</transform>
			</node>
			<node>
				<identifier>	HP_FX_Smoke_3	</identifier>
				<transform>
					<row0>	0.9915 -0.1305 0.0000 0.0000	</row0>
					<row1>	0.1305 0.9915 0.0000 0.0000	</row1>
					<row2>	0.0000 0.0000 1.0000 0.0000	</row2>
					<row3>	0.0000 0.5740 0.1481 1.0000	</row3>
				</transform>
			</node>
			<node>
				<identifier>	HP_Flagpole	</identifier>
				<transform>
					<row0>	0.4056 0.0000 0.0000 0.0000	</row0>
					<row1>	0.0000 0.4050 -0.0225 0.0000	</row1>
					<row2>	0.0000 0.0225 0.4050 0.0000	</row2>
					<row3>	0.0000 1.9318 1.3243 1.0000	</row3>
				</transform>
			</node>
			<node>
				<identifier>	HP_Ship_death_2	</identifier>
				<transform>
					<row0>	1.0000 0.0000 0.0000 0.0000	</row0>
					<row1>	0.0000 1.0000 0.0000 0.0000	</row1>
					<row2>	0.0000 0.0000 1.0000 0.0000	</row2>
					<row3>	0.0000 0.0000 -0.0609 1.0000	</row3>
				</transform>
			</node>
			<node>
				<identifier>	HP_flag_1	</identifier>
				<transform>
					<row0>	0.9989 0.0476 -0.0039 0.0000	</row0>
					<row1>	-0.0476 0.9852 -0.1645 0.0000	</row1>
					<row2>	-0.0039 0.1645 0.9864 0.0000	</row2>
					<row3>	0.1169 1.8192 1.3495 1.0000	</row3>
				</transform>
			</node>
			<node>
				<identifier>	HP_flag_2	</identifier>
				<transform>
					<row0>	0.9989 -0.0475 0.0039 0.0000	</row0>
					<row1>	0.0475 0.9852 -0.1645 0.0000	</row1>
					<row2>	0.0039 0.1645 0.9864 0.0000	</row2>
					<row3>	-0.1159 1.8192 1.3500 1.0000	</row3>
				</transform>
			</node>
			<node>
				<identifier>	HP_flag_3	</identifier>
				<transform>
					<row0>	0.9973 0.0726 -0.0060 0.0000	</row0>
					<row1>	-0.0726 0.9837 -0.1642 0.0000	</row1>
					<row2>	-0.0060 0.1642 0.9864 0.0000	</row2>
					<row3>	0.0519 1.8192 1.3500 1.0000	</row3>
				</transform>
			</node>
			<node>
				<identifier>	HP_flag_4	</identifier>
				<transform>
					<row0>	0.9973 -0.0726 0.0060 0.0000	</row0>
					<row1>	0.0726 0.9837 -0.1642 0.0000	</row1>
					<row2>	0.0060 0.1642 0.9864 0.0000	</row2>
					<row3>	-0.0519 1.8192 1.3500 1.0000	</row3>
				</transform>
			</node>
			<node>
				<identifier>	MP_AM055_Boat_1	</identifier>
				<transform>
					<row0>	0.0213 0.9998 0.0000 0.0000	</row0>
					<row1>	-0.9997 0.0213 0.0105 0.0000	</row1>
					<row2>	0.0105 -0.0002 0.9999 0.0000	</row2>
					<row3>	-0.2845 0.2027 0.2788 1.0000	</row3>
				</transform>
			</node>
			<node>
				<identifier>	MP_AM055_Boat_1_INDEX_1	</identifier>
				<transform>
					<row0>	0.0297 0.9996 -0.0003 0.0000	</row0>
					<row1>	-0.9995 0.0297 0.0061 0.0000	</row1>
					<row2>	0.0061 0.0000 1.0000 0.0000	</row2>
					<row3>	-0.2822 0.2027 0.5144 1.0000	</row3>
				</transform>
			</node>
			<node>
				<identifier>	MP_AM374_Fender	</identifier>
				<transform>
					<row0>	-0.5540 0.0000 -0.0485 0.0000	</row0>
					<row1>	0.0000 0.5562 0.0000 0.0000	</row1>
					<row2>	0.0485 0.0000 -0.5540 0.0000	</row2>
					<row3>	-0.1537 0.1751 1.4391 1.0000	</row3>
				</transform>
			</node>
			<node>
				<identifier>	MP_AM374_Fender_INDEX_1	</identifier>
				<transform>
					<row0>	-0.5540 0.0000 -0.0485 0.0000	</row0>
					<row1>	0.0000 0.5562 0.0000 0.0000	</row1>
					<row2>	0.0485 0.0000 -0.5540 0.0000	</row2>
					<row3>	0.0675 0.1820 1.4371 1.0000	</row3>
				</transform>
			</node>
			<node>
				<identifier>	MP_AM416_Hatch	</identifier>
				<transform>
					<row0>	-0.0085 0.0000 1.0000 0.0000	</row0>
					<row1>	0.0000 1.0000 0.0000 0.0000	</row1>
					<row2>	-1.0000 0.0000 -0.0085 0.0000	</row2>
					<row3>	0.1420 0.1722 1.2168 1.0000	</row3>
				</transform>
			</node>
			<node>
				<identifier>	MP_AM416_Hatch_INDEX_1	</identifier>
				<transform>
					<row0>	0.0085 0.0000 -1.0000 0.0000	</row0>
					<row1>	0.0000 1.0000 0.0000 0.0000	</row1>
					<row2>	1.0000 0.0000 0.0085 0.0000	</row2>
					<row3>	-0.1394 0.1720 1.2227 1.0000	</row3>
				</transform>
			</node>
			<node>
				<identifier>	MP_AM416_Hatch_INDEX_2	</identifier>
				<transform>
					<row0>	-0.0085 0.0000 1.0000 0.0000	</row0>
					<row1>	0.0000 1.0000 0.0000 0.0000	</row1>
					<row2>	-1.0000 0.0000 -0.0085 0.0000	</row2>
					<row3>	-0.0191 0.1806 1.1469 1.0000	</row3>
				</transform>
			</node>
			<node>
				<identifier>	MP_AM416_Hatch_INDEX_3	</identifier>
				<transform>
					<row0>	0.0085 0.0000 -1.0000 0.0000	</row0>
					<row1>	0.0000 1.0000 0.0000 0.0000	</row1>
					<row2>	1.0000 0.0000 0.0085 0.0000	</row2>
					<row3>	-0.0191 0.1806 1.1912 1.0000	</row3>
				</transform>
			</node>
			<node>
				<identifier>	MP_AM503_Ammunition_Box	</identifier>
				<transform>
					<row0>	0.0000 0.0000 0.5460 0.0000	</row0>
					<row1>	0.0305 0.5451 0.0000 0.0000	</row1>
					<row2>	-0.5451 0.0305 0.0000 0.0000	</row2>
					<row3>	0.0549 0.1797 1.1269 1.0000	</row3>
				</transform>
			</node>
			<node>
				<identifier>	MP_CM011_Fire_Fighting_Gear	</identifier>
				<transform>
					<row0>	0.0000 0.0000 1.0000 0.0000	</row0>
					<row1>	0.0000 1.0000 0.0000 0.0000	</row1>
					<row2>	-1.0000 0.0000 0.0000 0.0000	</row2>
					<row3>	-0.1165 0.1731 0.5806 1.0000	</row3>
				</transform>
			</node>
			<node>
				<identifier>	MP_CM012_Fire_Hose_Rack_1	</identifier>
				<transform>
					<row0>	-1.0000 0.0000 0.0000 0.0000	</row0>
					<row1>	0.0000 1.0000 0.0000 0.0000	</row1>
					<row2>	0.0000 0.0000 -1.0000 0.0000	</row2>
					<row3>	-0.1326 0.2437 0.5175 1.0000	</row3>
				</transform>
			</node>
			<node>
				<identifier>	MP_CM057_Accommodation_Ladder_Closed	</identifier>
				<transform>
					<row0>	0.9912 0.1320 -0.0010 0.0000	</row0>
					<row1>	-0.1320 0.9912 -0.0076 0.0000	</row1>
					<row2>	0.0000 0.0077 1.0000 0.0000	</row2>
					<row3>	-0.2239 0.1541 0.3765 1.0000	</row3>
				</transform>
			</node>
		</node>
	</node>
	<boundingBox>
		<min>	-0.0667 -0.0667 -0.0667	</min>
		<max>	0.0667 0.0667 0.0667	</max>
	</boundingBox>
</ASD044_Sampson_1931_MidFront_ports.visual>
