<ISB005_Francesco_Caracciolo_1941_Stern_ports.visual>
	<node>
		<identifier>	Scene Root	</identifier>
		<transform>
			<row0>	1.0000 0.0000 0.0000 0.0000	</row0>
			<row1>	0.0000 1.0000 0.0000 0.0000	</row1>
			<row2>	0.0000 0.0000 1.0000 0.0000	</row2>
			<row3>	0.0000 0.0000 0.0000 1.0000	</row3>
		</transform>
		<node>
			<identifier>	Stern_ports	</identifier>
			<transform>
				<row0>	1.0000 0.0000 0.0000 0.0000	</row0>
				<row1>	0.0000 1.0000 0.0000 0.0000	</row1>
				<row2>	0.0000 0.0000 1.0000 0.0000	</row2>
				<row3>	0.0000 0.0000 0.0000 1.0000	</row3>
			</transform>
			<node>
				<identifier>	HP_FX_Death_3	</identifier>
				<transform>
					<row0>	1.0000 0.0000 0.0000 0.0000	</row0>
					<row1>	0.0000 1.0000 0.0000 0.0000	</row1>
					<row2>	0.0000 0.0000 1.0000 0.0000	</row2>
					<row3>	0.0000 0.0000 -4.5710 1.0000	</row3>
				</transform>
			</node>
			<node>
				<identifier>	HP_FX_Fire_4	</identifier>
				<transform>
					<row0>	1.0000 0.0000 0.0000 0.0000	</row0>
					<row1>	0.0000 1.0000 0.0000 0.0000	</row1>
					<row2>	0.0000 0.0000 1.0000 0.0000	</row2>
					<row3>	0.0000 0.2890 -6.3669 1.0000	</row3>
				</transform>
			</node>
			<node>
				<identifier>	HP_FX_Flood_steam_right	</identifier>
				<transform>
					<row0>	1.0000 0.0000 0.0000 0.0000	</row0>
					<row1>	0.0000 1.0000 0.0000 0.0000	</row1>
					<row2>	0.0000 0.0000 1.0000 0.0000	</row2>
					<row3>	0.7586 0.2471 -4.4751 1.0000	</row3>
				</transform>
			</node>
			<node>
				<identifier>	HP_FX_WakeTraceBack	</identifier>
				<transform>
					<row0>	1.0000 0.0000 0.0000 0.0000	</row0>
					<row1>	0.0000 1.0000 0.0000 0.0000	</row1>
					<row2>	0.0000 0.0000 1.0000 0.0000	</row2>
					<row3>	0.0000 0.0000 -7.0662 1.0000	</row3>
				</transform>
			</node>
			<node>
				<identifier>	HP_FX_WakeTrace_screw_1	</identifier>
				<transform>
					<row0>	1.0000 0.0000 0.0000 0.0000	</row0>
					<row1>	0.0000 1.0000 0.0000 0.0000	</row1>
					<row2>	0.0000 0.0000 1.0000 0.0000	</row2>
					<row3>	-0.6210 -0.3730 -5.3460 1.0000	</row3>
				</transform>
			</node>
			<node>
				<identifier>	HP_FX_WakeTrace_screw_2	</identifier>
				<transform>
					<row0>	1.0000 0.0000 0.0000 0.0000	</row0>
					<row1>	0.0000 1.0000 0.0000 0.0000	</row1>
					<row2>	0.0000 0.0000 1.0000 0.0000	</row2>
					<row3>	0.6210 -0.3730 -5.3460 1.0000	</row3>
				</transform>
			</node>
			<node>
				<identifier>	HP_FX_WakeTrace_screw_3	</identifier>
				<transform>
					<row0>	1.0000 0.0000 0.0000 0.0000	</row0>
					<row1>	0.0000 1.0000 0.0000 0.0000	</row1>
					<row2>	0.0000 0.0000 1.0000 0.0000	</row2>
					<row3>	0.3155 -0.3730 -6.1396 1.0000	</row3>
				</transform>
			</node>
			<node>
				<identifier>	HP_FX_WakeTrace_screw_4	</identifier>
				<transform>
					<row0>	1.0000 0.0000 0.0000 0.0000	</row0>
					<row1>	0.0000 1.0000 0.0000 0.0000	</row1>
					<row2>	0.0000 0.0000 1.0000 0.0000	</row2>
					<row3>	-0.3160 -0.3730 -6.1400 1.0000	</row3>
				</transform>
			</node>
			<node>
				<identifier>	HP_IGA_12	</identifier>
				<transform>
					<row0>	-1.0000 0.0000 0.0000 0.0000	</row0>
					<row1>	0.0000 1.0000 0.0000 0.0000	</row1>
					<row2>	0.0000 0.0000 -1.0000 0.0000	</row2>
					<row3>	-0.1519 0.2767 -6.4104 1.0000	</row3>
				</transform>
			</node>
			<node>
				<identifier>	HP_IGA_13	</identifier>
				<transform>
					<row0>	-1.0000 0.0000 0.0000 0.0000	</row0>
					<row1>	0.0000 1.0000 0.0000 0.0000	</row1>
					<row2>	0.0000 0.0000 -1.0000 0.0000	</row2>
					<row3>	0.1519 0.2767 -6.4104 1.0000	</row3>
				</transform>
			</node>
			<node>
				<identifier>	HP_IGA_14	</identifier>
				<transform>
					<row0>	-1.0000 0.0000 0.0000 0.0000	</row0>
					<row1>	0.0000 1.0000 0.0000 0.0000	</row1>
					<row2>	0.0000 0.0000 -1.0000 0.0000	</row2>
					<row3>	0.0000 0.2766 -6.8083 1.0000	</row3>
				</transform>
			</node>
			<node>
				<identifier>	HP_IGM_4	</identifier>
				<transform>
					<row0>	-1.0000 0.0000 0.0000 0.0000	</row0>
					<row1>	0.0000 1.0000 0.0000 0.0000	</row1>
					<row2>	0.0000 0.0000 -1.0000 0.0000	</row2>
					<row3>	0.0000 0.3488 -5.0912 1.0000	</row3>
				</transform>
			</node>
			<node>
				<identifier>	HP_Ship_death_3	</identifier>
				<transform>
					<row0>	1.0000 0.0000 0.0000 0.0000	</row0>
					<row1>	0.0000 1.0000 0.0000 0.0000	</row1>
					<row2>	0.0000 0.0000 1.0000 0.0000	</row2>
					<row3>	0.0000 0.0000 -4.4081 1.0000	</row3>
				</transform>
			</node>
			<node>
				<identifier>	MP_CM011_Fire_Fighting_Gear	</identifier>
				<transform>
					<row0>	1.0000 0.0000 0.0000 0.0000	</row0>
					<row1>	0.0000 1.0000 0.0000 0.0000	</row1>
					<row2>	0.0000 0.0000 1.0000 0.0000	</row2>
					<row3>	-0.3580 0.2785 -5.2972 1.0000	</row3>
				</transform>
			</node>
			<node>
				<identifier>	MP_CM011_Fire_Fighting_Gear_INDEX_1	</identifier>
				<transform>
					<row0>	1.0000 0.0000 0.0000 0.0000	</row0>
					<row1>	0.0000 1.0000 0.0000 0.0000	</row1>
					<row2>	0.0000 0.0000 1.0000 0.0000	</row2>
					<row3>	-0.1409 0.2787 -6.5687 1.0000	</row3>
				</transform>
			</node>
			<node>
				<identifier>	MP_CM011_Fire_Fighting_Gear_INDEX_2	</identifier>
				<transform>
					<row0>	1.0000 0.0000 0.0000 0.0000	</row0>
					<row1>	0.0000 1.0000 0.0000 0.0000	</row1>
					<row2>	0.0000 0.0000 1.0000 0.0000	</row2>
					<row3>	0.3580 0.2785 -5.2972 1.0000	</row3>
				</transform>
			</node>
			<node>
				<identifier>	MP_CM011_Fire_Fighting_Gear_INDEX_3	</identifier>
				<transform>
					<row0>	1.0000 0.0000 0.0000 0.0000	</row0>
					<row1>	0.0000 1.0000 0.0000 0.0000	</row1>
					<row2>	0.0000 0.0000 1.0000 0.0000	</row2>
					<row3>	0.1409 0.2787 -6.5687 1.0000	</row3>
				</transform>
			</node>
			<node>
				<identifier>	MP_CM126_Cleat	</identifier>
				<transform>
					<row0>	0.9886 0.0000 0.1503 0.0000	</row0>
					<row1>	0.0000 1.0000 0.0000 0.0000	</row1>
					<row2>	-0.1503 0.0000 0.9886 0.0000	</row2>
					<row3>	-0.6513 0.2761 -4.9665 1.0000	</row3>
				</transform>
			</node>
			<node>
				<identifier>	MP_CM126_Cleat_INDEX_1	</identifier>
				<transform>
					<row0>	0.9825 0.0000 -0.1863 0.0000	</row0>
					<row1>	0.0000 1.0000 0.0000 0.0000	</row1>
					<row2>	0.1863 0.0000 0.9825 0.0000	</row2>
					<row3>	0.5335 0.2762 -5.6989 1.0000	</row3>
				</transform>
			</node>
			<node>
				<identifier>	MP_CM126_Cleat_INDEX_2	</identifier>
				<transform>
					<row0>	0.9825 0.0000 0.1863 0.0000	</row0>
					<row1>	0.0000 1.0000 0.0000 0.0000	</row1>
					<row2>	-0.1863 0.0000 0.9825 0.0000	</row2>
					<row3>	-0.5335 0.2762 -5.6989 1.0000	</row3>
				</transform>
			</node>
			<node>
				<identifier>	MP_CM126_Cleat_INDEX_3	</identifier>
				<transform>
					<row0>	0.9886 0.0000 -0.1503 0.0000	</row0>
					<row1>	0.0000 1.0000 0.0000 0.0000	</row1>
					<row2>	0.1503 0.0000 0.9886 0.0000	</row2>
					<row3>	0.6513 0.2761 -4.9665 1.0000	</row3>
				</transform>
			</node>
			<node>
				<identifier>	MP_CM161_Propeller_4_8m_BB_R	</identifier>
				<transform>
					<row0>	1.0000 0.0000 0.0000 0.0000	</row0>
					<row1>	0.0000 0.9994 -0.0349 0.0000	</row1>
					<row2>	0.0000 0.0349 0.9994 0.0000	</row2>
					<row3>	0.3185 -0.3723 -6.0911 1.0000	</row3>
				</transform>
			</node>
			<node>
				<identifier>	MP_CM161_Propeller_4_8m_BB_R_INDEX_1	</identifier>
				<transform>
					<row0>	0.9962 0.0003 0.0872 0.0000	</row0>
					<row1>	0.0012 0.9998 -0.0174 0.0000	</row1>
					<row2>	-0.0872 0.0174 0.9960 0.0000	</row2>
					<row3>	0.6163 -0.3764 -5.3202 1.0000	</row3>
				</transform>
			</node>
			<node>
				<identifier>	MP_CM162_Propeller_4_8m_BB_L	</identifier>
				<transform>
					<row0>	0.9962 -0.0023 -0.0871 0.0000	</row0>
					<row1>	0.0008 0.9998 -0.0175 0.0000	</row1>
					<row2>	0.0872 0.0174 0.9960 0.0000	</row2>
					<row3>	-0.6163 -0.3764 -5.3202 1.0000	</row3>
				</transform>
			</node>
			<node>
				<identifier>	MP_CM162_Propeller_4_8m_BB_L_INDEX_1	</identifier>
				<transform>
					<row0>	1.0000 0.0000 0.0000 0.0000	</row0>
					<row1>	0.0000 0.9994 -0.0349 0.0000	</row1>
					<row2>	0.0000 0.0349 0.9994 0.0000	</row2>
					<row3>	-0.3185 -0.3723 -6.0911 1.0000	</row3>
				</transform>
			</node>
			<node>
				<identifier>	MP_IM003_Crown	</identifier>
				<transform>
					<row0>	1.0000 0.0000 0.0000 0.0000	</row0>
					<row1>	0.0000 0.9856 0.1689 0.0000	</row1>
					<row2>	0.0000 -0.3431 2.0016 0.0000	</row2>
					<row3>	0.0000 0.2422 -7.1351 1.0000	</row3>
				</transform>
			</node>
			<node>
				<identifier>	MP_IM019_Life_Buoy	</identifier>
				<transform>
					<row0>	-0.2663 -0.0003 -0.9639 0.0000	</row0>
					<row1>	0.0655 0.9977 -0.0184 0.0000	</row1>
					<row2>	0.9617 -0.0680 -0.2656 0.0000	</row2>
					<row3>	0.3647 0.1975 -6.5451 1.0000	</row3>
				</transform>
			</node>
			<node>
				<identifier>	MP_IM019_Life_Buoy_INDEX_1	</identifier>
				<transform>
					<row0>	-0.2663 0.0003 0.9639 0.0000	</row0>
					<row1>	-0.0655 0.9977 -0.0184 0.0000	</row1>
					<row2>	-0.9617 -0.0680 -0.2656 0.0000	</row2>
					<row3>	-0.3647 0.1975 -6.5451 1.0000	</row3>
				</transform>
			</node>
			<node>
				<identifier>	MP_IM026_Reels	</identifier>
				<transform>
					<row0>	0.8561 0.0000 -0.5168 0.0000	</row0>
					<row1>	0.0000 1.0000 0.0000 0.0000	</row1>
					<row2>	0.5168 0.0000 0.8561 0.0000	</row2>
					<row3>	-0.2284 0.2759 -5.4682 1.0000	</row3>
				</transform>
			</node>
			<node>
				<identifier>	MP_IM026_Reels_INDEX_1	</identifier>
				<transform>
					<row0>	0.8561 0.0000 0.5168 0.0000	</row0>
					<row1>	0.0000 1.0000 0.0000 0.0000	</row1>
					<row2>	-0.5168 0.0000 0.8561 0.0000	</row2>
					<row3>	0.2284 0.2759 -5.4682 1.0000	</row3>
				</transform>
			</node>
			<node>
				<identifier>	MP_IM032_Fire_Hose	</identifier>
				<transform>
					<row0>	-0.6367 0.0000 0.7711 0.0000	</row0>
					<row1>	0.0000 1.0000 0.0000 0.0000	</row1>
					<row2>	-0.7711 0.0000 -0.6367 0.0000	</row2>
					<row3>	-0.3130 0.3215 -5.3462 1.0000	</row3>
				</transform>
			</node>
			<node>
				<identifier>	MP_IM032_Fire_Hose_INDEX_1	</identifier>
				<transform>
					<row0>	-0.6367 0.0000 -0.7711 0.0000	</row0>
					<row1>	0.0000 1.0000 0.0000 0.0000	</row1>
					<row2>	0.7711 0.0000 -0.6367 0.0000	</row2>
					<row3>	0.3131 0.3215 -5.3463 1.0000	</row3>
				</transform>
			</node>
			<node>
				<identifier>	MP_IM033_Life_Buoy	</identifier>
				<transform>
					<row0>	0.1377 0.0000 -0.9905 0.0000	</row0>
					<row1>	0.0000 1.0000 0.0000 0.0000	</row1>
					<row2>	0.9905 0.0000 0.1377 0.0000	</row2>
					<row3>	-0.6845 0.3553 -4.9502 1.0000	</row3>
				</transform>
			</node>
			<node>
				<identifier>	MP_IM033_Life_Buoy_INDEX_1	</identifier>
				<transform>
					<row0>	0.1377 0.0000 0.9905 0.0000	</row0>
					<row1>	0.0000 1.0000 0.0000 0.0000	</row1>
					<row2>	-0.9905 0.0000 0.1377 0.0000	</row2>
					<row3>	0.6845 0.3553 -4.9503 1.0000	</row3>
				</transform>
			</node>
			<node>
				<identifier>	MP_IM033_Life_Buoy_INDEX_2	</identifier>
				<transform>
					<row0>	0.2554 0.0000 -0.9668 0.0000	</row0>
					<row1>	0.0000 1.0000 0.0000 0.0000	</row1>
					<row2>	0.9668 0.0000 0.2554 0.0000	</row2>
					<row3>	-0.3362 0.3553 -6.6518 1.0000	</row3>
				</transform>
			</node>
			<node>
				<identifier>	MP_IM033_Life_Buoy_INDEX_3	</identifier>
				<transform>
					<row0>	0.2554 0.0000 0.9668 0.0000	</row0>
					<row1>	0.0000 1.0000 0.0000 0.0000	</row1>
					<row2>	-0.9668 0.0000 0.2554 0.0000	</row2>
					<row3>	0.3362 0.3553 -6.6518 1.0000	</row3>
				</transform>
			</node>
			<node>
				<identifier>	MP_IM800_Ventilation	</identifier>
				<transform>
					<row0>	1.0000 0.0000 0.0000 0.0000	</row0>
					<row1>	0.0000 1.0000 0.0000 0.0000	</row1>
					<row2>	0.0000 0.0000 1.0000 0.0000	</row2>
					<row3>	0.3145 0.2761 -4.4726 1.0000	</row3>
				</transform>
			</node>
			<node>
				<identifier>	MP_IM800_Ventilation_INDEX_1	</identifier>
				<transform>
					<row0>	1.0000 0.0000 0.0000 0.0000	</row0>
					<row1>	0.0000 1.0000 0.0000 0.0000	</row1>
					<row2>	0.0000 0.0000 1.0000 0.0000	</row2>
					<row3>	-0.3145 0.2761 -4.4726 1.0000	</row3>
				</transform>
			</node>
			<node>
				<identifier>	MP_IM800_Ventilation_INDEX_2	</identifier>
				<transform>
					<row0>	1.0000 0.0000 0.0000 0.0000	</row0>
					<row1>	0.0000 1.0000 0.0000 0.0000	</row1>
					<row2>	0.0000 0.0000 1.0000 0.0000	</row2>
					<row3>	-0.4483 0.2763 -5.1148 1.0000	</row3>
				</transform>
			</node>
			<node>
				<identifier>	MP_IM800_Ventilation_INDEX_3	</identifier>
				<transform>
					<row0>	1.0000 0.0000 0.0000 0.0000	</row0>
					<row1>	0.0000 1.0000 0.0000 0.0000	</row1>
					<row2>	0.0000 0.0000 1.0000 0.0000	</row2>
					<row3>	0.4483 0.2763 -5.1148 1.0000	</row3>
				</transform>
			</node>
			<node>
				<identifier>	MP_IM800_Ventilation_INDEX_4	</identifier>
				<transform>
					<row0>	1.0000 0.0000 0.0000 0.0000	</row0>
					<row1>	0.0000 1.0000 0.0000 0.0000	</row1>
					<row2>	0.0000 0.0000 1.0000 0.0000	</row2>
					<row3>	-0.2101 0.2769 -6.1935 1.0000	</row3>
				</transform>
			</node>
			<node>
				<identifier>	MP_IM800_Ventilation_INDEX_5	</identifier>
				<transform>
					<row0>	1.0000 0.0000 0.0000 0.0000	</row0>
					<row1>	0.0000 1.0000 0.0000 0.0000	</row1>
					<row2>	0.0000 0.0000 1.0000 0.0000	</row2>
					<row3>	0.2063 0.2769 -6.1935 1.0000	</row3>
				</transform>
			</node>
		</node>
	</node>
	<boundingBox>
		<min>	-0.0667 -0.0667 -0.0667	</min>
		<max>	0.0667 0.0667 0.0667	</max>
	</boundingBox>
</ISB005_Francesco_Caracciolo_1941_Stern_ports.visual>
