<JSB048_Ise_Hybrid_1945_Stern_ports.visual>
	<node>
		<identifier>	Scene Root	</identifier>
		<transform>
			<row0>	1.0000 0.0000 0.0000 0.0000	</row0>
			<row1>	0.0000 1.0000 0.0000 0.0000	</row1>
			<row2>	0.0000 0.0000 1.0000 0.0000	</row2>
			<row3>	0.0000 0.0000 0.0000 1.0000	</row3>
		</transform>
		<node>
			<identifier>	Stern_ports	</identifier>
			<transform>
				<row0>	1.0000 0.0000 0.0000 0.0000	</row0>
				<row1>	0.0000 1.0000 0.0000 0.0000	</row1>
				<row2>	0.0000 0.0000 1.0000 0.0000	</row2>
				<row3>	0.0000 0.0000 0.0000 1.0000	</row3>
			</transform>
			<node>
				<identifier>	HP_DeckLand	</identifier>
				<transform>
					<row0>	1.0000 0.0000 0.0000 0.0000	</row0>
					<row1>	0.0000 1.0000 0.0000 0.0000	</row1>
					<row2>	0.0000 0.0000 1.0000 0.0000	</row2>
					<row3>	-1.1038 0.9895 -6.6081 1.0000	</row3>
				</transform>
			</node>
			<node>
				<identifier>	HP_DeckStart	</identifier>
				<transform>
					<row0>	1.0000 0.0000 0.0000 0.0000	</row0>
					<row1>	0.0000 1.0000 0.0000 0.0000	</row1>
					<row2>	0.0000 0.0000 1.0000 0.0000	</row2>
					<row3>	-0.0203 0.3117 -3.2378 1.0000	</row3>
				</transform>
			</node>
			<node>
				<identifier>	HP_Deck_00	</identifier>
				<transform>
					<row0>	1.0000 0.0000 0.0000 0.0000	</row0>
					<row1>	0.0000 1.0000 0.0000 0.0000	</row1>
					<row2>	0.0000 0.0000 1.0000 0.0000	</row2>
					<row3>	0.0000 0.8504 -3.9775 1.0000	</row3>
				</transform>
			</node>
			<node>
				<identifier>	HP_Deck_01	</identifier>
				<transform>
					<row0>	1.0000 0.0000 0.0000 0.0000	</row0>
					<row1>	0.0000 1.0000 0.0000 0.0000	</row1>
					<row2>	0.0000 0.0000 1.0000 0.0000	</row2>
					<row3>	0.0000 0.8504 -4.9108 1.0000	</row3>
				</transform>
			</node>
			<node>
				<identifier>	HP_Deck_02	</identifier>
				<transform>
					<row0>	1.0000 0.0000 0.0000 0.0000	</row0>
					<row1>	0.0000 1.0000 0.0000 0.0000	</row1>
					<row2>	0.0000 0.0000 1.0000 0.0000	</row2>
					<row3>	0.0000 0.8504 -5.7238 1.0000	</row3>
				</transform>
			</node>
			<node>
				<identifier>	HP_Deck_03	</identifier>
				<transform>
					<row0>	1.0000 0.0000 0.0000 0.0000	</row0>
					<row1>	0.0000 1.0000 0.0000 0.0000	</row1>
					<row2>	0.0000 0.0000 1.0000 0.0000	</row2>
					<row3>	0.0000 0.8504 -6.4387 1.0000	</row3>
				</transform>
			</node>
			<node>
				<identifier>	HP_DisappearPoint	</identifier>
				<transform>
					<row0>	1.0000 0.0000 0.0000 0.0000	</row0>
					<row1>	0.0000 1.0000 0.0000 0.0000	</row1>
					<row2>	0.0000 0.0000 1.0000 0.0000	</row2>
					<row3>	-1.1038 0.8258 -5.8273 1.0000	</row3>
				</transform>
			</node>
			<node>
				<identifier>	HP_FX_Death_3	</identifier>
				<transform>
					<row0>	1.0000 0.0000 0.0000 0.0000	</row0>
					<row1>	0.0000 1.0000 0.0000 0.0000	</row1>
					<row2>	0.0000 0.0000 1.0000 0.0000	</row2>
					<row3>	0.0000 0.0000 -3.1136 1.0000	</row3>
				</transform>
			</node>
			<node>
				<identifier>	HP_FX_Fire_4	</identifier>
				<transform>
					<row0>	1.0000 0.0000 0.0000 0.0000	</row0>
					<row1>	0.0000 1.0000 0.0000 0.0000	</row1>
					<row2>	0.0000 0.0000 1.0000 0.0000	</row2>
					<row3>	0.0000 0.7110 -5.6733 1.0000	</row3>
				</transform>
			</node>
			<node>
				<identifier>	HP_FX_Fire_4_side_1	</identifier>
				<transform>
					<row0>	0.9981 0.0000 -0.0623 0.0000	</row0>
					<row1>	0.0000 1.0000 0.0000 0.0000	</row1>
					<row2>	0.0623 0.0000 0.9981 0.0000	</row2>
					<row3>	1.1677 0.6556 -3.4325 1.0000	</row3>
				</transform>
			</node>
			<node>
				<identifier>	HP_FX_Fire_4_side_2	</identifier>
				<transform>
					<row0>	0.9981 0.0000 -0.0623 0.0000	</row0>
					<row1>	0.0000 1.0000 0.0000 0.0000	</row1>
					<row2>	0.0623 0.0000 0.9981 0.0000	</row2>
					<row3>	-0.5943 0.7254 -4.6603 1.0000	</row3>
				</transform>
			</node>
			<node>
				<identifier>	HP_FX_FloodLight_left_2	</identifier>
				<transform>
					<row0>	-0.8706 0.0000 0.4919 0.0000	</row0>
					<row1>	0.0000 1.0000 0.0000 0.0000	</row1>
					<row2>	-0.4919 0.0000 -0.8706 0.0000	</row2>
					<row3>	-0.1441 0.9987 -2.6350 1.0000	</row3>
				</transform>
			</node>
			<node>
				<identifier>	HP_FX_FloodLight_right_1	</identifier>
				<transform>
					<row0>	0.9755 0.0000 0.2199 0.0000	</row0>
					<row1>	0.0000 1.0000 0.0000 0.0000	</row1>
					<row2>	-0.2199 0.0000 0.9755 0.0000	</row2>
					<row3>	0.1473 0.9990 -2.6322 1.0000	</row3>
				</transform>
			</node>
			<node>
				<identifier>	HP_FX_Flood_steam_right	</identifier>
				<transform>
					<row0>	0.9980 0.0000 -0.0638 0.0000	</row0>
					<row1>	0.0000 1.0000 0.0000 0.0000	</row1>
					<row2>	0.0638 0.0000 0.9980 0.0000	</row2>
					<row3>	0.8780 0.4110 -2.5309 1.0000	</row3>
				</transform>
			</node>
			<node>
				<identifier>	HP_FX_Flood_water_left	</identifier>
				<transform>
					<row0>	-0.9789 0.0000 -0.2041 0.0000	</row0>
					<row1>	0.0000 1.0000 0.0000 0.0000	</row1>
					<row2>	0.2041 0.0000 -0.9789 0.0000	</row2>
					<row3>	-0.3092 0.0242 -6.1786 1.0000	</row3>
				</transform>
			</node>
			<node>
				<identifier>	HP_FX_Flood_water_right	</identifier>
				<transform>
					<row0>	0.9978 0.0000 -0.0659 0.0000	</row0>
					<row1>	0.0000 1.0000 0.0000 0.0000	</row1>
					<row2>	0.0659 0.0000 0.9978 0.0000	</row2>
					<row3>	0.9689 0.0254 -2.2933 1.0000	</row3>
				</transform>
			</node>
			<node>
				<identifier>	HP_FX_RepairLight_left_2	</identifier>
				<transform>
					<row0>	-0.0882 0.0000 0.9961 0.0000	</row0>
					<row1>	0.0000 1.0000 0.0000 0.0000	</row1>
					<row2>	-0.9961 0.0000 -0.0882 0.0000	</row2>
					<row3>	-1.0198 0.5817 -4.4733 1.0000	</row3>
				</transform>
			</node>
			<node>
				<identifier>	HP_FX_RepairLight_right_2	</identifier>
				<transform>
					<row0>	-0.0928 0.0000 -0.9957 0.0000	</row0>
					<row1>	0.0000 1.0000 0.0000 0.0000	</row1>
					<row2>	0.9957 0.0000 -0.0928 0.0000	</row2>
					<row3>	1.0990 0.5872 -3.6031 1.0000	</row3>
				</transform>
			</node>
			<node>
				<identifier>	HP_FX_WakeTraceBack	</identifier>
				<transform>
					<row0>	1.0000 0.0000 0.0000 0.0000	</row0>
					<row1>	0.0000 1.0000 0.0000 0.0000	</row1>
					<row2>	0.0000 0.0000 1.0000 0.0000	</row2>
					<row3>	0.0000 0.0000 -6.9626 1.0000	</row3>
				</transform>
			</node>
			<node>
				<identifier>	HP_FX_WakeTrace_screw_1	</identifier>
				<transform>
					<row0>	1.0000 0.0000 0.0000 0.0000	</row0>
					<row1>	0.0000 1.0000 0.0000 0.0000	</row1>
					<row2>	0.0000 0.0000 1.0000 0.0000	</row2>
					<row3>	-0.1910 -0.4772 -5.5384 1.0000	</row3>
				</transform>
			</node>
			<node>
				<identifier>	HP_FX_WakeTrace_screw_2	</identifier>
				<transform>
					<row0>	1.0000 0.0000 0.0000 0.0000	</row0>
					<row1>	0.0000 1.0000 0.0000 0.0000	</row1>
					<row2>	0.0000 0.0000 1.0000 0.0000	</row2>
					<row3>	-0.4740 -0.4278 -4.9345 1.0000	</row3>
				</transform>
			</node>
			<node>
				<identifier>	HP_FX_WakeTrace_screw_3	</identifier>
				<transform>
					<row0>	1.0000 0.0000 0.0000 0.0000	</row0>
					<row1>	0.0000 1.0000 0.0000 0.0000	</row1>
					<row2>	0.0000 0.0000 1.0000 0.0000	</row2>
					<row3>	0.1910 -0.4772 -5.5384 1.0000	</row3>
				</transform>
			</node>
			<node>
				<identifier>	HP_FX_WakeTrace_screw_4	</identifier>
				<transform>
					<row0>	1.0000 0.0000 0.0000 0.0000	</row0>
					<row1>	0.0000 1.0000 0.0000 0.0000	</row1>
					<row2>	0.0000 0.0000 1.0000 0.0000	</row2>
					<row3>	0.4737 -0.4278 -4.9345 1.0000	</row3>
				</transform>
			</node>
			<node>
				<identifier>	HP_Flagpole	</identifier>
				<transform>
					<row0>	1.0000 0.0000 0.0000 0.0000	</row0>
					<row1>	0.0000 0.9961 -0.0884 0.0000	</row1>
					<row2>	0.0000 0.0884 0.9961 0.0000	</row2>
					<row3>	0.0000 2.7069 -2.9230 1.0000	</row3>
				</transform>
			</node>
			<node>
				<identifier>	HP_JC_1	</identifier>
				<transform>
					<row0>	0.9936 0.0000 0.1132 0.0000	</row0>
					<row1>	0.0000 1.0000 0.0000 0.0000	</row1>
					<row2>	-0.1132 0.0000 0.9936 0.0000	</row2>
					<row3>	-0.8805 0.5914 -2.1952 1.0000	</row3>
				</transform>
			</node>
			<node>
				<identifier>	HP_JC_2	</identifier>
				<transform>
					<row0>	0.9936 0.0000 -0.1132 0.0000	</row0>
					<row1>	0.0000 1.0000 0.0000 0.0000	</row1>
					<row2>	0.1132 0.0000 0.9936 0.0000	</row2>
					<row3>	0.8805 0.5914 -2.1952 1.0000	</row3>
				</transform>
			</node>
			<node>
				<identifier>	HP_JD_10	</identifier>
				<transform>
					<row0>	-1.0000 0.0000 0.0000 0.0000	</row0>
					<row1>	0.0000 1.0000 0.0000 0.0000	</row1>
					<row2>	0.0000 0.0000 -1.0000 0.0000	</row2>
					<row3>	0.0000 1.2464 -3.1839 1.0000	</row3>
				</transform>
			</node>
			<node>
				<identifier>	HP_JD_9	</identifier>
				<transform>
					<row0>	-1.0000 0.0000 0.0000 0.0000	</row0>
					<row1>	0.0000 1.0000 0.0000 0.0000	</row1>
					<row2>	0.0000 0.0000 -1.0000 0.0000	</row2>
					<row3>	0.0000 1.3366 -2.9897 1.0000	</row3>
				</transform>
			</node>
			<node>
				<identifier>	HP_JGA_14	</identifier>
				<transform>
					<row0>	-0.7071 0.0000 0.7071 0.0000	</row0>
					<row1>	0.0000 1.0000 0.0000 0.0000	</row1>
					<row2>	-0.7071 0.0000 -0.7071 0.0000	</row2>
					<row3>	-0.2236 1.1346 -2.5608 1.0000	</row3>
				</transform>
			</node>
			<node>
				<identifier>	HP_JGA_15	</identifier>
				<transform>
					<row0>	-0.7071 0.0000 -0.7071 0.0000	</row0>
					<row1>	0.0000 1.0000 0.0000 0.0000	</row1>
					<row2>	0.7071 0.0000 -0.7071 0.0000	</row2>
					<row3>	0.2236 1.1346 -2.5608 1.0000	</row3>
				</transform>
			</node>
			<node>
				<identifier>	HP_JGA_16	</identifier>
				<transform>
					<row0>	-0.7071 0.0000 0.7071 0.0000	</row0>
					<row1>	0.0000 1.0000 0.0000 0.0000	</row1>
					<row2>	-0.7071 0.0000 -0.7071 0.0000	</row2>
					<row3>	-0.2236 1.1346 -2.9741 1.0000	</row3>
				</transform>
			</node>
			<node>
				<identifier>	HP_JGA_17	</identifier>
				<transform>
					<row0>	-0.7071 0.0000 -0.7071 0.0000	</row0>
					<row1>	0.0000 1.0000 0.0000 0.0000	</row1>
					<row2>	0.7071 0.0000 -0.7071 0.0000	</row2>
					<row3>	0.2236 1.1346 -2.9741 1.0000	</row3>
				</transform>
			</node>
			<node>
				<identifier>	HP_JGA_18	</identifier>
				<transform>
					<row0>	0.0000 0.0000 1.0000 0.0000	</row0>
					<row1>	0.0000 1.0000 0.0000 0.0000	</row1>
					<row2>	-1.0000 0.0000 0.0000 0.0000	</row2>
					<row3>	-1.1639 0.5802 -3.4293 1.0000	</row3>
				</transform>
			</node>
			<node>
				<identifier>	HP_JGA_19	</identifier>
				<transform>
					<row0>	0.0000 0.0000 -1.0000 0.0000	</row0>
					<row1>	0.0000 1.0000 0.0000 0.0000	</row1>
					<row2>	1.0000 0.0000 0.0000 0.0000	</row2>
					<row3>	1.1639 0.5802 -3.4293 1.0000	</row3>
				</transform>
			</node>
			<node>
				<identifier>	HP_JGA_20	</identifier>
				<transform>
					<row0>	-0.7071 0.0000 0.7071 0.0000	</row0>
					<row1>	0.0000 1.0000 0.0000 0.0000	</row1>
					<row2>	-0.7071 0.0000 -0.7071 0.0000	</row2>
					<row3>	-0.3441 0.7221 -3.6734 1.0000	</row3>
				</transform>
			</node>
			<node>
				<identifier>	HP_JGA_21	</identifier>
				<transform>
					<row0>	-0.7071 0.0000 -0.7071 0.0000	</row0>
					<row1>	0.0000 1.0000 0.0000 0.0000	</row1>
					<row2>	0.7071 0.0000 -0.7071 0.0000	</row2>
					<row3>	0.3441 0.7221 -3.6734 1.0000	</row3>
				</transform>
			</node>
			<node>
				<identifier>	HP_JGA_22	</identifier>
				<transform>
					<row0>	0.0000 0.0000 1.0000 0.0000	</row0>
					<row1>	0.0000 1.0000 0.0000 0.0000	</row1>
					<row2>	-1.0000 0.0000 0.0000 0.0000	</row2>
					<row3>	-1.1145 0.5802 -3.9238 1.0000	</row3>
				</transform>
			</node>
			<node>
				<identifier>	HP_JGA_23	</identifier>
				<transform>
					<row0>	0.0000 0.0000 -1.0000 0.0000	</row0>
					<row1>	0.0000 1.0000 0.0000 0.0000	</row1>
					<row2>	1.0000 0.0000 0.0000 0.0000	</row2>
					<row3>	1.1145 0.5802 -3.9238 1.0000	</row3>
				</transform>
			</node>
			<node>
				<identifier>	HP_JGA_24	</identifier>
				<transform>
					<row0>	-0.7071 0.0000 0.7071 0.0000	</row0>
					<row1>	0.0000 1.0000 0.0000 0.0000	</row1>
					<row2>	-0.7071 0.0000 -0.7071 0.0000	</row2>
					<row3>	-0.2480 0.7221 -4.1589 1.0000	</row3>
				</transform>
			</node>
			<node>
				<identifier>	HP_JGA_25	</identifier>
				<transform>
					<row0>	-0.7071 0.0000 -0.7071 0.0000	</row0>
					<row1>	0.0000 1.0000 0.0000 0.0000	</row1>
					<row2>	0.7071 0.0000 -0.7071 0.0000	</row2>
					<row3>	0.2480 0.7221 -4.1589 1.0000	</row3>
				</transform>
			</node>
			<node>
				<identifier>	HP_JGA_26	</identifier>
				<transform>
					<row0>	-0.7071 0.0000 0.7071 0.0000	</row0>
					<row1>	0.0000 1.0000 0.0000 0.0000	</row1>
					<row2>	-0.7071 0.0000 -0.7071 0.0000	</row2>
					<row3>	-0.2480 0.7221 -4.6504 1.0000	</row3>
				</transform>
			</node>
			<node>
				<identifier>	HP_JGA_27	</identifier>
				<transform>
					<row0>	-0.7071 0.0000 -0.7071 0.0000	</row0>
					<row1>	0.0000 1.0000 0.0000 0.0000	</row1>
					<row2>	0.7071 0.0000 -0.7071 0.0000	</row2>
					<row3>	0.2480 0.7221 -4.6504 1.0000	</row3>
				</transform>
			</node>
			<node>
				<identifier>	HP_JGA_28	</identifier>
				<transform>
					<row0>	0.0000 0.0000 1.0000 0.0000	</row0>
					<row1>	0.0000 1.0000 0.0000 0.0000	</row1>
					<row2>	-1.0000 0.0000 0.0000 0.0000	</row2>
					<row3>	-1.0306 0.5802 -4.9173 1.0000	</row3>
				</transform>
			</node>
			<node>
				<identifier>	HP_JGA_29	</identifier>
				<transform>
					<row0>	0.0000 0.0000 -1.0000 0.0000	</row0>
					<row1>	0.0000 1.0000 0.0000 0.0000	</row1>
					<row2>	1.0000 0.0000 0.0000 0.0000	</row2>
					<row3>	1.0306 0.5802 -4.9173 1.0000	</row3>
				</transform>
			</node>
			<node>
				<identifier>	HP_JGA_30	</identifier>
				<transform>
					<row0>	-0.7071 0.0000 0.7071 0.0000	</row0>
					<row1>	0.0000 1.0000 0.0000 0.0000	</row1>
					<row2>	-0.7071 0.0000 -0.7071 0.0000	</row2>
					<row3>	-0.2480 0.7221 -5.0808 1.0000	</row3>
				</transform>
			</node>
			<node>
				<identifier>	HP_JGA_31	</identifier>
				<transform>
					<row0>	-0.7071 0.0000 -0.7071 0.0000	</row0>
					<row1>	0.0000 1.0000 0.0000 0.0000	</row1>
					<row2>	0.7071 0.0000 -0.7071 0.0000	</row2>
					<row3>	0.2480 0.7221 -5.0808 1.0000	</row3>
				</transform>
			</node>
			<node>
				<identifier>	HP_JGA_32	</identifier>
				<transform>
					<row0>	0.0000 0.0000 1.0000 0.0000	</row0>
					<row1>	0.0000 1.0000 0.0000 0.0000	</row1>
					<row2>	-1.0000 0.0000 0.0000 0.0000	</row2>
					<row3>	-0.8803 0.5802 -5.3872 1.0000	</row3>
				</transform>
			</node>
			<node>
				<identifier>	HP_JGA_33	</identifier>
				<transform>
					<row0>	0.0000 0.0000 -1.0000 0.0000	</row0>
					<row1>	0.0000 1.0000 0.0000 0.0000	</row1>
					<row2>	1.0000 0.0000 0.0000 0.0000	</row2>
					<row3>	0.8803 0.5802 -5.3872 1.0000	</row3>
				</transform>
			</node>
			<node>
				<identifier>	HP_JGA_34	</identifier>
				<transform>
					<row0>	-1.0000 0.0000 0.0000 0.0000	</row0>
					<row1>	0.0000 1.0000 0.0000 0.0000	</row1>
					<row2>	0.0000 0.0000 -1.0000 0.0000	</row2>
					<row3>	-0.3182 0.7221 -5.8478 1.0000	</row3>
				</transform>
			</node>
			<node>
				<identifier>	HP_JGA_35	</identifier>
				<transform>
					<row0>	-1.0000 0.0000 0.0000 0.0000	</row0>
					<row1>	0.0000 1.0000 0.0000 0.0000	</row1>
					<row2>	0.0000 0.0000 -1.0000 0.0000	</row2>
					<row3>	0.3182 0.7221 -5.8478 1.0000	</row3>
				</transform>
			</node>
			<node>
				<identifier>	HP_JGA_36	</identifier>
				<transform>
					<row0>	0.0000 0.0000 1.0000 0.0000	</row0>
					<row1>	0.0000 1.0000 0.0000 0.0000	</row1>
					<row2>	-1.0000 0.0000 0.0000 0.0000	</row2>
					<row3>	-0.6402 0.5322 -6.3139 1.0000	</row3>
				</transform>
			</node>
			<node>
				<identifier>	HP_JGA_37	</identifier>
				<transform>
					<row0>	0.0000 0.0000 -1.0000 0.0000	</row0>
					<row1>	0.0000 1.0000 0.0000 0.0000	</row1>
					<row2>	1.0000 0.0000 0.0000 0.0000	</row2>
					<row3>	0.6402 0.5322 -6.3139 1.0000	</row3>
				</transform>
			</node>
			<node>
				<identifier>	HP_JGA_38	</identifier>
				<transform>
					<row0>	0.0000 0.0000 1.0000 0.0000	</row0>
					<row1>	0.0000 1.0000 0.0000 0.0000	</row1>
					<row2>	-1.0000 0.0000 0.0000 0.0000	</row2>
					<row3>	-0.6172 0.5322 -6.5433 1.0000	</row3>
				</transform>
			</node>
			<node>
				<identifier>	HP_JGA_39	</identifier>
				<transform>
					<row0>	0.0000 0.0000 -1.0000 0.0000	</row0>
					<row1>	0.0000 1.0000 0.0000 0.0000	</row1>
					<row2>	1.0000 0.0000 0.0000 0.0000	</row2>
					<row3>	0.6172 0.5322 -6.5433 1.0000	</row3>
				</transform>
			</node>
			<node>
				<identifier>	HP_JGA_40	</identifier>
				<transform>
					<row0>	0.0000 0.0000 1.0000 0.0000	</row0>
					<row1>	0.0000 1.0000 0.0000 0.0000	</row1>
					<row2>	-1.0000 0.0000 0.0000 0.0000	</row2>
					<row3>	-0.5938 0.5322 -6.7667 1.0000	</row3>
				</transform>
			</node>
			<node>
				<identifier>	HP_JGA_41	</identifier>
				<transform>
					<row0>	0.0000 0.0000 -1.0000 0.0000	</row0>
					<row1>	0.0000 1.0000 0.0000 0.0000	</row1>
					<row2>	1.0000 0.0000 0.0000 0.0000	</row2>
					<row3>	0.5938 0.5322 -6.7667 1.0000	</row3>
				</transform>
			</node>
			<node>
				<identifier>	HP_JGA_42	</identifier>
				<transform>
					<row0>	-1.0000 0.0000 0.0000 0.0000	</row0>
					<row1>	0.0000 1.0000 0.0000 0.0000	</row1>
					<row2>	0.0000 0.0000 -1.0000 0.0000	</row2>
					<row3>	-0.2925 0.7154 -7.0158 1.0000	</row3>
				</transform>
			</node>
			<node>
				<identifier>	HP_JGA_43	</identifier>
				<transform>
					<row0>	-1.0000 0.0000 0.0000 0.0000	</row0>
					<row1>	0.0000 1.0000 0.0000 0.0000	</row1>
					<row2>	0.0000 0.0000 -1.0000 0.0000	</row2>
					<row3>	0.2925 0.7154 -7.0158 1.0000	</row3>
				</transform>
			</node>
			<node>
				<identifier>	HP_JGA_44	</identifier>
				<transform>
					<row0>	-1.0000 0.0000 0.0000 0.0000	</row0>
					<row1>	0.0000 1.0000 0.0000 0.0000	</row1>
					<row2>	0.0000 0.0000 -1.0000 0.0000	</row2>
					<row3>	0.0000 0.7163 -7.0396 1.0000	</row3>
				</transform>
			</node>
			<node>
				<identifier>	HP_JRS_4	</identifier>
				<transform>
					<row0>	1.0000 0.0000 0.0000 0.0000	</row0>
					<row1>	0.0000 1.0000 0.0000 0.0000	</row1>
					<row2>	0.0000 0.0000 1.0000 0.0000	</row2>
					<row3>	-0.1357 2.1557 -2.9880 1.0000	</row3>
				</transform>
			</node>
			<node>
				<identifier>	HP_JRS_5	</identifier>
				<transform>
					<row0>	1.0000 0.0000 0.0000 0.0000	</row0>
					<row1>	0.0000 1.0000 0.0000 0.0000	</row1>
					<row2>	0.0000 0.0000 1.0000 0.0000	</row2>
					<row3>	0.1357 2.1557 -2.9880 1.0000	</row3>
				</transform>
			</node>
			<node>
				<identifier>	HP_LiftOffPoint	</identifier>
				<transform>
					<row0>	1.0000 0.0000 0.0000 0.0000	</row0>
					<row1>	0.0000 1.0000 0.0000 0.0000	</row1>
					<row2>	0.0000 0.0000 1.0000 0.0000	</row2>
					<row3>	-0.0203 0.3117 -3.2378 1.0000	</row3>
				</transform>
			</node>
			<node>
				<identifier>	HP_flag_nation	</identifier>
				<transform>
					<row0>	1.0000 0.0000 0.0000 0.0000	</row0>
					<row1>	0.0000 0.9602 -0.2793 0.0000	</row1>
					<row2>	0.0000 0.2793 0.9602 0.0000	</row2>
					<row3>	0.0006 2.1056 -3.0707 1.0000	</row3>
				</transform>
			</node>
			<node>
				<identifier>	MP_CM001_Propeller3_L	</identifier>
				<transform>
					<row0>	1.0724 -0.0003 -0.0275 0.0000	</row0>
					<row1>	-0.0003 1.0725 -0.0256 0.0000	</row1>
					<row2>	0.0275 0.0256 1.0721 0.0000	</row2>
					<row3>	-0.4740 -0.4278 -4.9345 1.0000	</row3>
				</transform>
			</node>
			<node>
				<identifier>	MP_CM001_Propeller3_L_INDEX_1	</identifier>
				<transform>
					<row0>	1.0729 0.0003 -0.0127 0.0000	</row0>
					<row1>	-0.0006 1.0727 -0.0256 0.0000	</row1>
					<row2>	0.0127 0.0256 1.0726 0.0000	</row2>
					<row3>	-0.1910 -0.4772 -5.5384 1.0000	</row3>
				</transform>
			</node>
			<node>
				<identifier>	MP_CM011_Fire_Fighting_Gear	</identifier>
				<transform>
					<row0>	-1.0000 0.0000 0.0000 0.0000	</row0>
					<row1>	0.0000 1.0000 0.0000 0.0000	</row1>
					<row2>	0.0000 0.0000 -1.0000 0.0000	</row2>
					<row3>	-0.2404 0.4499 -2.4660 1.0000	</row3>
				</transform>
			</node>
			<node>
				<identifier>	MP_CM011_Fire_Fighting_Gear_INDEX_1	</identifier>
				<transform>
					<row0>	0.0000 0.0000 1.0000 0.0000	</row0>
					<row1>	0.0000 1.0000 0.0000 0.0000	</row1>
					<row2>	-1.0000 0.0000 0.0000 0.0000	</row2>
					<row3>	0.0908 0.7221 -3.0718 1.0000	</row3>
				</transform>
			</node>
			<node>
				<identifier>	MP_CM011_Fire_Fighting_Gear_INDEX_2	</identifier>
				<transform>
					<row0>	1.0000 0.0000 0.0000 0.0000	</row0>
					<row1>	0.0000 1.0000 0.0000 0.0000	</row1>
					<row2>	0.0000 0.0000 1.0000 0.0000	</row2>
					<row3>	-0.2534 0.3168 -6.0734 1.0000	</row3>
				</transform>
			</node>
			<node>
				<identifier>	MP_CM013_Fire_Hose_Rack_2	</identifier>
				<transform>
					<row0>	0.0000 0.0000 -1.0000 0.0000	</row0>
					<row1>	0.0000 1.0000 0.0000 0.0000	</row1>
					<row2>	1.0000 0.0000 0.0000 0.0000	</row2>
					<row3>	-0.2243 0.5165 -2.4790 1.0000	</row3>
				</transform>
			</node>
			<node>
				<identifier>	MP_CM013_Fire_Hose_Rack_2_INDEX_1	</identifier>
				<transform>
					<row0>	-0.9977 0.0000 0.0681 0.0000	</row0>
					<row1>	0.0000 1.0000 0.0000 0.0000	</row1>
					<row2>	-0.0681 0.0000 -0.9977 0.0000	</row2>
					<row3>	0.8999 0.6469 -4.3136 1.0000	</row3>
				</transform>
			</node>
			<node>
				<identifier>	MP_CM013_Fire_Hose_Rack_2_INDEX_2	</identifier>
				<transform>
					<row0>	0.9977 0.0000 0.0681 0.0000	</row0>
					<row1>	0.0000 1.0000 0.0000 0.0000	</row1>
					<row2>	-0.0681 0.0000 0.9977 0.0000	</row2>
					<row3>	-0.8999 0.6469 -4.3136 1.0000	</row3>
				</transform>
			</node>
			<node>
				<identifier>	MP_CM013_Fire_Hose_Rack_2_INDEX_3	</identifier>
				<transform>
					<row0>	-1.0000 0.0000 0.0000 0.0000	</row0>
					<row1>	0.0000 1.0000 0.0000 0.0000	</row1>
					<row2>	0.0000 0.0000 -1.0000 0.0000	</row2>
					<row3>	0.0777 0.7910 -3.0557 1.0000	</row3>
				</transform>
			</node>
			<node>
				<identifier>	MP_CM013_Fire_Hose_Rack_2_INDEX_4	</identifier>
				<transform>
					<row0>	0.0000 0.0000 1.0000 0.0000	</row0>
					<row1>	0.0000 1.0000 0.0000 0.0000	</row1>
					<row2>	-1.0000 0.0000 0.0000 0.0000	</row2>
					<row3>	-0.2316 0.3827 -6.0668 1.0000	</row3>
				</transform>
			</node>
			<node>
				<identifier>	MP_CM030_Swab_Rack_2	</identifier>
				<transform>
					<row0>	-1.0000 0.0000 0.0000 0.0000	</row0>
					<row1>	0.0000 1.0000 0.0000 0.0000	</row1>
					<row2>	0.0000 0.0000 -1.0000 0.0000	</row2>
					<row3>	-0.0467 0.7214 -3.1090 1.0000	</row3>
				</transform>
			</node>
			<node>
				<identifier>	MP_CM030_Swab_Rack_2_INDEX_1	</identifier>
				<transform>
					<row0>	-1.0000 0.0000 0.0000 0.0000	</row0>
					<row1>	0.0000 1.0000 0.0000 0.0000	</row1>
					<row2>	0.0000 0.0000 -1.0000 0.0000	</row2>
					<row3>	0.2307 0.3162 -6.0664 1.0000	</row3>
				</transform>
			</node>
			<node>
				<identifier>	MP_CM030_Swab_Rack_2_INDEX_2	</identifier>
				<transform>
					<row0>	-0.0684 0.0000 0.9977 0.0000	</row0>
					<row1>	0.0000 1.0000 0.0000 0.0000	</row1>
					<row2>	-0.9977 0.0000 -0.0684 0.0000	</row2>
					<row3>	-0.8940 0.5795 -4.3930 1.0000	</row3>
				</transform>
			</node>
			<node>
				<identifier>	MP_CM030_Swab_Rack_2_INDEX_3	</identifier>
				<transform>
					<row0>	-0.0684 0.0000 -0.9977 0.0000	</row0>
					<row1>	0.0000 1.0000 0.0000 0.0000	</row1>
					<row2>	0.9977 0.0000 -0.0684 0.0000	</row2>
					<row3>	0.8940 0.5795 -4.3930 1.0000	</row3>
				</transform>
			</node>
			<node>
				<identifier>	MP_CM030_Swab_Rack_2_INDEX_4	</identifier>
				<transform>
					<row0>	1.0000 0.0000 0.0000 0.0000	</row0>
					<row1>	0.0000 1.0000 0.0000 0.0000	</row1>
					<row2>	0.0000 0.0000 1.0000 0.0000	</row2>
					<row3>	0.2243 0.4493 -2.4793 1.0000	</row3>
				</transform>
			</node>
			<node>
				<identifier>	MP_CM032_Propeller3_R	</identifier>
				<transform>
					<row0>	1.0727 0.0003 0.0144 0.0000	</row0>
					<row1>	0.0000 1.0725 -0.0256 0.0000	</row1>
					<row2>	-0.0144 0.0256 1.0724 0.0000	</row2>
					<row3>	0.1910 -0.4772 -5.5384 1.0000	</row3>
				</transform>
			</node>
			<node>
				<identifier>	MP_CM032_Propeller3_R_INDEX_1	</identifier>
				<transform>
					<row0>	1.0724 0.0003 0.0275 0.0000	</row0>
					<row1>	0.0003 1.0725 -0.0256 0.0000	</row1>
					<row2>	-0.0275 0.0256 1.0721 0.0000	</row2>
					<row3>	0.4737 -0.4278 -4.9345 1.0000	</row3>
				</transform>
			</node>
			<node>
				<identifier>	MP_CM051_Fire_Fighting_Gear	</identifier>
				<transform>
					<row0>	0.9974 0.0000 -0.0719 0.0000	</row0>
					<row1>	-0.0719 0.0000 -0.9974 0.0000	</row1>
					<row2>	0.0000 1.0000 0.0000 0.0000	</row2>
					<row3>	0.8990 0.5935 -4.3302 1.0000	</row3>
				</transform>
			</node>
			<node>
				<identifier>	MP_CM051_Fire_Fighting_Gear_INDEX_1	</identifier>
				<transform>
					<row0>	-0.9974 0.0000 -0.0719 0.0000	</row0>
					<row1>	-0.0719 0.0000 0.9974 0.0000	</row1>
					<row2>	0.0000 1.0000 0.0000 0.0000	</row2>
					<row3>	-0.8990 0.5935 -4.3302 1.0000	</row3>
				</transform>
			</node>
			<node>
				<identifier>	MP_CM064_Anchor_Stern	</identifier>
				<transform>
					<row0>	0.3058 0.0119 -0.9520 0.0000	</row0>
					<row1>	-0.0688 0.9976 -0.0096 0.0000	</row1>
					<row2>	0.9496 0.0684 0.3058 0.0000	</row2>
					<row3>	-0.2083 0.2452 -6.6629 1.0000	</row3>
				</transform>
			</node>
			<node>
				<identifier>	MP_CM064_Anchor_Stern_INDEX_1	</identifier>
				<transform>
					<row0>	0.3058 0.0102 0.9521 0.0000	</row0>
					<row1>	0.0688 0.9971 -0.0328 0.0000	</row1>
					<row2>	-0.9496 0.0755 0.3042 0.0000	</row2>
					<row3>	0.2083 0.2452 -6.6629 1.0000	</row3>
				</transform>
			</node>
			<node>
				<identifier>	MP_CM117_Ladder_Cruiser_L	</identifier>
				<transform>
					<row0>	0.0000 -0.8000 0.0000 0.0000	</row0>
					<row1>	0.0000 0.0000 -0.8000 0.0000	</row1>
					<row2>	0.8000 0.0000 0.0000 0.0000	</row2>
					<row3>	0.1584 0.3509 -6.0663 1.0000	</row3>
				</transform>
			</node>
			<node>
				<identifier>	MP_CM117_Ladder_Cruiser_L_INDEX_1	</identifier>
				<transform>
					<row0>	0.7706 0.0000 -0.2149 0.0000	</row0>
					<row1>	0.0021 0.8000 0.0076 0.0000	</row1>
					<row2>	0.2149 -0.0079 0.7706 0.0000	</row2>
					<row3>	0.2911 0.3174 -6.1461 1.0000	</row3>
				</transform>
			</node>
			<node>
				<identifier>	MP_JM006_Binocular_1	</identifier>
				<transform>
					<row0>	-1.0000 0.0000 0.0000 0.0000	</row0>
					<row1>	0.0000 1.0000 0.0000 0.0000	</row1>
					<row2>	0.0000 0.0000 -1.0000 0.0000	</row2>
					<row3>	-1.0527 0.5802 -4.5737 1.0000	</row3>
				</transform>
			</node>
			<node>
				<identifier>	MP_JM006_Binocular_1_INDEX_1	</identifier>
				<transform>
					<row0>	1.0000 0.0000 0.0000 0.0000	</row0>
					<row1>	0.0000 1.0000 0.0000 0.0000	</row1>
					<row2>	0.0000 0.0000 1.0000 0.0000	</row2>
					<row3>	1.0814 0.5802 -4.2529 1.0000	</row3>
				</transform>
			</node>
			<node>
				<identifier>	MP_JM006_Binocular_1_INDEX_2	</identifier>
				<transform>
					<row0>	-1.0000 0.0000 0.0000 0.0000	</row0>
					<row1>	0.0000 1.0000 0.0000 0.0000	</row1>
					<row2>	0.0000 0.0000 -1.0000 0.0000	</row2>
					<row3>	-1.0814 0.5802 -4.2529 1.0000	</row3>
				</transform>
			</node>
			<node>
				<identifier>	MP_JM006_Binocular_1_INDEX_3	</identifier>
				<transform>
					<row0>	1.0000 0.0000 0.0000 0.0000	</row0>
					<row1>	0.0000 1.0000 0.0000 0.0000	</row1>
					<row2>	0.0000 0.0000 1.0000 0.0000	</row2>
					<row3>	1.0527 0.5802 -4.5737 1.0000	</row3>
				</transform>
			</node>
			<node>
				<identifier>	MP_JM010_Deck_Lamp	</identifier>
				<transform>
					<row0>	0.8126 0.0000 0.5828 0.0000	</row0>
					<row1>	0.0000 1.0000 0.0000 0.0000	</row1>
					<row2>	-0.5828 0.0000 0.8126 0.0000	</row2>
					<row3>	-0.2831 1.1299 -2.4398 1.0000	</row3>
				</transform>
			</node>
			<node>
				<identifier>	MP_JM010_Deck_Lamp_INDEX_1	</identifier>
				<transform>
					<row0>	-0.8406 0.0000 0.5416 0.0000	</row0>
					<row1>	0.0000 1.0000 0.0000 0.0000	</row1>
					<row2>	-0.5416 0.0000 -0.8406 0.0000	</row2>
					<row3>	-0.2827 1.1299 -3.1071 1.0000	</row3>
				</transform>
			</node>
			<node>
				<identifier>	MP_JM010_Deck_Lamp_INDEX_2	</identifier>
				<transform>
					<row0>	0.8126 0.0000 -0.5828 0.0000	</row0>
					<row1>	0.0000 1.0000 0.0000 0.0000	</row1>
					<row2>	0.5828 0.0000 0.8126 0.0000	</row2>
					<row3>	0.2831 1.1299 -2.4398 1.0000	</row3>
				</transform>
			</node>
			<node>
				<identifier>	MP_JM010_Deck_Lamp_INDEX_3	</identifier>
				<transform>
					<row0>	-0.8406 0.0000 -0.5416 0.0000	</row0>
					<row1>	0.0000 1.0000 0.0000 0.0000	</row1>
					<row2>	0.5416 0.0000 -0.8406 0.0000	</row2>
					<row3>	0.2827 1.1299 -3.1071 1.0000	</row3>
				</transform>
			</node>
			<node>
				<identifier>	MP_JM027_Fairlead_2	</identifier>
				<transform>
					<row0>	0.9388 0.0000 -0.3446 0.0000	</row0>
					<row1>	0.0019 1.0000 0.0051 0.0000	</row1>
					<row2>	0.3446 -0.0054 0.9387 0.0000	</row2>
					<row3>	0.0986 0.3364 -6.9166 1.0000	</row3>
				</transform>
			</node>
			<node>
				<identifier>	MP_JM027_Fairlead_2_INDEX_1	</identifier>
				<transform>
					<row0>	0.9388 0.0000 0.3446 0.0000	</row0>
					<row1>	-0.0019 1.0000 0.0051 0.0000	</row1>
					<row2>	-0.3446 -0.0054 0.9387 0.0000	</row2>
					<row3>	-0.0986 0.3364 -6.9166 1.0000	</row3>
				</transform>
			</node>
			<node>
				<identifier>	MP_JM030_Wind_Direction	</identifier>
				<transform>
					<row0>	1.0000 0.0000 0.0000 0.0000	</row0>
					<row1>	0.0000 1.0000 0.0000 0.0000	</row1>
					<row2>	0.0000 0.0000 1.0000 0.0000	</row2>
					<row3>	0.0000 2.8714 -2.9079 1.0000	</row3>
				</transform>
			</node>
			<node>
				<identifier>	MP_JM044_After_Capstan	</identifier>
				<transform>
					<row0>	1.6933 0.0000 0.0000 0.0000	</row0>
					<row1>	0.0000 1.6933 0.0000 0.0000	</row1>
					<row2>	0.0000 0.0000 1.6933 0.0000	</row2>
					<row3>	0.1067 0.3205 -6.3030 1.0000	</row3>
				</transform>
			</node>
			<node>
				<identifier>	MP_JM061_Deck_Hatch_10	</identifier>
				<transform>
					<row0>	0.0000 -0.0093 0.9000 0.0000	</row0>
					<row1>	0.0000 0.9000 0.0093 0.0000	</row1>
					<row2>	-0.9000 0.0000 0.0000 0.0000	</row2>
					<row3>	0.0000 0.3176 -6.2412 1.0000	</row3>
				</transform>
			</node>
			<node>
				<identifier>	MP_JM062_Deck_Hatch_11	</identifier>
				<transform>
					<row0>	0.8513 0.0000 0.0000 0.0000	</row0>
					<row1>	0.0000 0.8513 0.0055 0.0000	</row1>
					<row2>	0.0000 -0.0055 0.8513 0.0000	</row2>
					<row3>	-0.0049 0.3226 -6.8994 1.0000	</row3>
				</transform>
			</node>
			<node>
				<identifier>	MP_JM071_Crane_1	</identifier>
				<transform>
					<row0>	0.0856 0.0000 -0.9963 0.0000	</row0>
					<row1>	0.0000 1.0000 0.0000 0.0000	</row1>
					<row2>	0.9963 0.0000 0.0856 0.0000	</row2>
					<row3>	-0.5127 0.6899 -6.4214 1.0000	</row3>
				</transform>
			</node>
			<node>
				<identifier>	MP_JM099_Signal_Lamp_1	</identifier>
				<transform>
					<row0>	-0.4000 0.0000 0.0000 0.0000	</row0>
					<row1>	0.0000 0.4000 0.0000 0.0000	</row1>
					<row2>	0.0000 0.0000 -0.4000 0.0000	</row2>
					<row3>	0.0000 1.2832 -3.2492 1.0000	</row3>
				</transform>
			</node>
			<node>
				<identifier>	MP_JM111_Deck_Hatch_13	</identifier>
				<transform>
					<row0>	0.0000 0.0000 -0.8000 0.0000	</row0>
					<row1>	0.0000 0.8000 0.0000 0.0000	</row1>
					<row2>	0.8000 0.0000 0.0000 0.0000	</row2>
					<row3>	-0.3025 0.7214 -6.0087 1.0000	</row3>
				</transform>
			</node>
			<node>
				<identifier>	MP_JM111_Deck_Hatch_13_INDEX_1	</identifier>
				<transform>
					<row0>	0.0000 0.0000 0.8000 0.0000	</row0>
					<row1>	0.0000 0.8000 0.0000 0.0000	</row1>
					<row2>	-0.8000 0.0000 0.0000 0.0000	</row2>
					<row3>	0.3025 0.7214 -6.0087 1.0000	</row3>
				</transform>
			</node>
			<node>
				<identifier>	MP_JM125_Signal_Lamp_3	</identifier>
				<transform>
					<row0>	1.7730 0.0000 0.0000 0.0000	</row0>
					<row1>	0.0000 1.7730 0.0000 0.0000	</row1>
					<row2>	0.0000 0.0000 1.7730 0.0000	</row2>
					<row3>	0.0000 2.7943 -2.9079 1.0000	</row3>
				</transform>
			</node>
			<node>
				<identifier>	MP_JM150_Runway_Light_R	</identifier>
				<transform>
					<row0>	0.6885 0.0000 0.0000 0.0000	</row0>
					<row1>	0.0000 0.6885 0.0000 0.0000	</row1>
					<row2>	0.0000 0.0000 0.6885 0.0000	</row2>
					<row3>	0.0000 0.3602 -7.0415 1.0000	</row3>
				</transform>
			</node>
			<node>
				<identifier>	MP_JM150_Runway_Light_R_INDEX_1	</identifier>
				<transform>
					<row0>	0.6885 0.0000 0.0000 0.0000	</row0>
					<row1>	0.0000 0.6885 0.0000 0.0000	</row1>
					<row2>	0.0000 0.0000 0.6885 0.0000	</row2>
					<row3>	0.0000 0.4367 -7.0415 1.0000	</row3>
				</transform>
			</node>
			<node>
				<identifier>	MP_JM151_Runway_Light_G	</identifier>
				<transform>
					<row0>	0.6885 0.0000 0.0000 0.0000	</row0>
					<row1>	0.0000 0.6885 0.0000 0.0000	</row1>
					<row2>	0.0000 0.0000 0.6885 0.0000	</row2>
					<row3>	0.0000 0.4753 -7.0415 1.0000	</row3>
				</transform>
			</node>
			<node>
				<identifier>	MP_JM151_Runway_Light_G_INDEX_1	</identifier>
				<transform>
					<row0>	0.6885 0.0000 0.0000 0.0000	</row0>
					<row1>	0.0000 0.6885 0.0000 0.0000	</row1>
					<row2>	0.0000 0.0000 0.6885 0.0000	</row2>
					<row3>	0.0259 0.3984 -7.0415 1.0000	</row3>
				</transform>
			</node>
			<node>
				<identifier>	MP_JM151_Runway_Light_G_INDEX_2	</identifier>
				<transform>
					<row0>	0.6885 0.0000 0.0000 0.0000	</row0>
					<row1>	0.0000 0.6885 0.0000 0.0000	</row1>
					<row2>	0.0000 0.0000 0.6885 0.0000	</row2>
					<row3>	-0.0259 0.3984 -7.0415 1.0000	</row3>
				</transform>
			</node>
			<node>
				<identifier>	MP_JM152_Runway_Light_W	</identifier>
				<transform>
					<row0>	0.6885 0.0000 0.0000 0.0000	</row0>
					<row1>	0.0000 0.6885 0.0000 0.0000	</row1>
					<row2>	0.0000 0.0000 0.6885 0.0000	</row2>
					<row3>	0.0000 0.3984 -7.0415 1.0000	</row3>
				</transform>
			</node>
			<node>
				<identifier>	MP_JM166_Voice_Tube	</identifier>
				<transform>
					<row0>	-0.4500 0.0000 -0.7794 0.0000	</row0>
					<row1>	0.0000 0.9000 0.0000 0.0000	</row1>
					<row2>	0.7794 0.0000 -0.4500 0.0000	</row2>
					<row3>	0.6137 0.6796 -6.1106 1.0000	</row3>
				</transform>
			</node>
			<node>
				<identifier>	MP_JM166_Voice_Tube_INDEX_1	</identifier>
				<transform>
					<row0>	-0.4500 0.0000 0.7794 0.0000	</row0>
					<row1>	0.0000 0.9000 0.0000 0.0000	</row1>
					<row2>	-0.7794 0.0000 -0.4500 0.0000	</row2>
					<row3>	-0.6137 0.6796 -6.1106 1.0000	</row3>
				</transform>
			</node>
			<node>
				<identifier>	MP_JM232_Aircraft_Deck_Rails_2	</identifier>
				<transform>
					<row0>	0.0000 0.0000 -1.0000 0.0000	</row0>
					<row1>	0.0000 1.0000 0.0000 0.0000	</row1>
					<row2>	1.0000 0.0000 0.0000 0.0000	</row2>
					<row3>	0.0000 0.7259 -4.0203 1.0000	</row3>
				</transform>
			</node>
			<node>
				<identifier>	MP_JM232_Aircraft_Deck_Rails_2_INDEX_1	</identifier>
				<transform>
					<row0>	0.0000 0.0000 -1.0000 0.0000	</row0>
					<row1>	0.0000 1.0000 0.0000 0.0000	</row1>
					<row2>	1.0000 0.0000 0.0000 0.0000	</row2>
					<row3>	0.0000 0.7259 -4.9536 1.0000	</row3>
				</transform>
			</node>
			<node>
				<identifier>	MP_JM232_Aircraft_Deck_Rails_2_INDEX_2	</identifier>
				<transform>
					<row0>	0.0000 0.0000 -1.0000 0.0000	</row0>
					<row1>	0.0000 1.0000 0.0000 0.0000	</row1>
					<row2>	1.0000 0.0000 0.0000 0.0000	</row2>
					<row3>	0.0000 0.7259 -5.7666 1.0000	</row3>
				</transform>
			</node>
			<node>
				<identifier>	MP_JM232_Aircraft_Deck_Rails_2_INDEX_3	</identifier>
				<transform>
					<row0>	0.0000 0.0000 -1.0000 0.0000	</row0>
					<row1>	0.0000 1.0000 0.0000 0.0000	</row1>
					<row2>	1.0000 0.0000 0.0000 0.0000	</row2>
					<row3>	0.0000 0.7259 -6.4795 1.0000	</row3>
				</transform>
			</node>
			<node>
				<identifier>	MP_JM286_Anchor_Capstan_big	</identifier>
				<transform>
					<row0>	1.0000 0.0000 0.0000 0.0000	</row0>
					<row1>	0.0000 0.8300 0.0000 0.0000	</row1>
					<row2>	0.0000 0.0000 1.0000 0.0000	</row2>
					<row3>	-0.1219 0.3193 -6.4377 1.0000	</row3>
				</transform>
			</node>
			<node>
				<identifier>	MP_JM304_Running_Lights_B	</identifier>
				<transform>
					<row0>	-1.0000 0.0000 0.0000 0.0000	</row0>
					<row1>	0.0000 1.0000 0.0000 0.0000	</row1>
					<row2>	0.0000 0.0000 -1.0000 0.0000	</row2>
					<row3>	0.0000 0.5586 -7.0508 1.0000	</row3>
				</transform>
			</node>
			<node>
				<identifier>	MP_JM437_Name_Plate	</identifier>
				<transform>
					<row0>	1.0000 0.0000 0.0000 0.0000	</row0>
					<row1>	0.0000 1.0000 0.0000 0.0000	</row1>
					<row2>	0.0000 0.0000 1.0000 0.0000	</row2>
					<row3>	0.0000 0.3331 -7.1016 1.0000	</row3>
				</transform>
			</node>
			<node>
				<identifier>	MP_JM450_Insulator	</identifier>
				<transform>
					<row0>	0.0843 0.6934 0.0464 0.0000	</row0>
					<row1>	-0.5999 0.0962 -0.3476 0.0000	</row1>
					<row2>	-0.3507 0.0021 0.6058 0.0000	</row2>
					<row3>	-0.0956 0.9141 -3.0063 1.0000	</row3>
				</transform>
			</node>
			<node>
				<identifier>	MP_JM450_Insulator_INDEX_1	</identifier>
				<transform>
					<row0>	0.0843 0.6934 0.0464 0.0000	</row0>
					<row1>	-0.5999 0.0962 -0.3476 0.0000	</row1>
					<row2>	-0.3507 0.0021 0.6058 0.0000	</row2>
					<row3>	-0.1021 0.9141 -2.9949 1.0000	</row3>
				</transform>
			</node>
			<node>
				<identifier>	MP_JM450_Insulator_INDEX_2	</identifier>
				<transform>
					<row0>	0.0843 -0.6934 -0.0464 0.0000	</row0>
					<row1>	0.5999 0.0962 -0.3476 0.0000	</row1>
					<row2>	0.3507 0.0021 0.6058 0.0000	</row2>
					<row3>	0.0956 0.9141 -3.0063 1.0000	</row3>
				</transform>
			</node>
			<node>
				<identifier>	MP_JM450_Insulator_INDEX_3	</identifier>
				<transform>
					<row0>	0.0843 -0.6934 -0.0464 0.0000	</row0>
					<row1>	0.5999 0.0962 -0.3476 0.0000	</row1>
					<row2>	0.3507 0.0021 0.6058 0.0000	</row2>
					<row3>	0.1021 0.9141 -2.9949 1.0000	</row3>
				</transform>
			</node>
			<node>
				<identifier>	MP_JM450_Insulator_INDEX_4	</identifier>
				<transform>
					<row0>	0.0843 -0.6934 -0.0464 0.0000	</row0>
					<row1>	0.5999 0.0962 -0.3476 0.0000	</row1>
					<row2>	0.3507 0.0021 0.6058 0.0000	</row2>
					<row3>	0.0890 0.9141 -3.0177 1.0000	</row3>
				</transform>
			</node>
			<node>
				<identifier>	MP_JM450_Insulator_INDEX_5	</identifier>
				<transform>
					<row0>	0.0843 0.6934 0.0464 0.0000	</row0>
					<row1>	-0.5999 0.0962 -0.3476 0.0000	</row1>
					<row2>	-0.3507 0.0021 0.6058 0.0000	</row2>
					<row3>	-0.0890 0.9141 -3.0177 1.0000	</row3>
				</transform>
			</node>
			<node>
				<identifier>	MP_JM450_Insulator_INDEX_6	</identifier>
				<transform>
					<row0>	0.0843 -0.6934 -0.0464 0.0000	</row0>
					<row1>	0.5999 0.0962 -0.3476 0.0000	</row1>
					<row2>	0.3507 0.0021 0.6058 0.0000	</row2>
					<row3>	0.1088 0.9141 -2.9834 1.0000	</row3>
				</transform>
			</node>
			<node>
				<identifier>	MP_JM450_Insulator_INDEX_7	</identifier>
				<transform>
					<row0>	0.0843 0.6934 0.0464 0.0000	</row0>
					<row1>	-0.5999 0.0962 -0.3476 0.0000	</row1>
					<row2>	-0.3507 0.0021 0.6058 0.0000	</row2>
					<row3>	-0.1088 0.9141 -2.9834 1.0000	</row3>
				</transform>
			</node>
			<node>
				<identifier>	SP_YMS011_YHWL_M_1_INDEX_1	</identifier>
				<transform>
					<row0>	0.9882 0.0000 0.1530 0.0000	</row0>
					<row1>	0.0000 1.0000 0.0000 0.0000	</row1>
					<row2>	-0.1530 0.0000 0.9882 0.0000	</row2>
					<row3>	-0.7490 0.0000 -4.2743 1.0000	</row3>
				</transform>
			</node>
			<node>
				<identifier>	SP_YMS011_YHWL_M_1_INDEX_11	</identifier>
				<transform>
					<row0>	0.9952 0.0000 0.0975 0.0000	</row0>
					<row1>	0.0000 1.0000 0.0000 0.0000	</row1>
					<row2>	-0.0975 0.0000 0.9952 0.0000	</row2>
					<row3>	-0.9543 0.0000 -2.5867 1.0000	</row3>
				</transform>
			</node>
			<node>
				<identifier>	SP_YMS011_YHWL_M_1_INDEX_2	</identifier>
				<transform>
					<row0>	0.9935 0.0000 0.1139 0.0000	</row0>
					<row1>	0.0000 1.0000 0.0000 0.0000	</row1>
					<row2>	-0.1139 0.0000 0.9935 0.0000	</row2>
					<row3>	-0.8640 0.0000 -3.4317 1.0000	</row3>
				</transform>
			</node>
			<node>
