<FSC014_Charles_Martel_1945_Bow_ports.visual>
	<node>
		<identifier>	Scene Root	</identifier>
		<transform>
			<row0>	1.0000 0.0000 0.0000 0.0000	</row0>
			<row1>	0.0000 1.0000 0.0000 0.0000	</row1>
			<row2>	0.0000 0.0000 1.0000 0.0000	</row2>
			<row3>	0.0000 0.0000 0.0000 1.0000	</row3>
		</transform>
		<node>
			<identifier>	Bow_ports	</identifier>
			<transform>
				<row0>	1.0000 0.0000 0.0000 0.0000	</row0>
				<row1>	0.0000 1.0000 0.0000 0.0000	</row1>
				<row2>	0.0000 0.0000 1.0000 0.0000	</row2>
				<row3>	0.0000 0.0000 0.0000 1.0000	</row3>
			</transform>
			<node>
				<identifier>	HP_FD_1	</identifier>
				<transform>
					<row0>	0.7071 0.0000 0.7071 0.0000	</row0>
					<row1>	0.0000 1.0000 0.0000 0.0000	</row1>
					<row2>	-0.7071 0.0000 0.7071 0.0000	</row2>
					<row3>	0.0000 0.4718 4.8666 1.0000	</row3>
				</transform>
			</node>
			<node>
				<identifier>	HP_FD_2	</identifier>
				<transform>
					<row0>	0.7071 0.0000 -0.7071 0.0000	</row0>
					<row1>	0.0000 1.0000 0.0000 0.0000	</row1>
					<row2>	0.7071 0.0000 0.7071 0.0000	</row2>
					<row3>	0.0000 0.4898 4.5864 1.0000	</row3>
				</transform>
			</node>
			<node>
				<identifier>	HP_FGA_1	</identifier>
				<transform>
					<row0>	0.7071 0.0000 0.7071 0.0000	</row0>
					<row1>	0.0000 1.0000 0.0000 0.0000	</row1>
					<row2>	-0.7071 0.0000 0.7071 0.0000	</row2>
					<row3>	-0.2479 0.3778 4.3782 1.0000	</row3>
				</transform>
			</node>
			<node>
				<identifier>	HP_FGA_2	</identifier>
				<transform>
					<row0>	0.7071 0.0000 -0.7071 0.0000	</row0>
					<row1>	0.0000 1.0000 0.0000 0.0000	</row1>
					<row2>	0.7071 0.0000 0.7071 0.0000	</row2>
					<row3>	0.2479 0.3778 4.3782 1.0000	</row3>
				</transform>
			</node>
			<node>
				<identifier>	HP_FX_Death_1	</identifier>
				<transform>
					<row0>	1.0000 0.0000 0.0000 0.0000	</row0>
					<row1>	0.0000 1.0000 0.0000 0.0000	</row1>
					<row2>	0.0000 0.0000 1.0000 0.0000	</row2>
					<row3>	0.0000 0.0000 3.7898 1.0000	</row3>
				</transform>
			</node>
			<node>
				<identifier>	HP_FX_Fire_1	</identifier>
				<transform>
					<row0>	1.0000 0.0000 0.0000 0.0000	</row0>
					<row1>	0.0000 0.9999 0.0171 0.0000	</row1>
					<row2>	0.0000 -0.0171 0.9999 0.0000	</row2>
					<row3>	-0.0242 0.4021 4.6529 1.0000	</row3>
				</transform>
			</node>
			<node>
				<identifier>	HP_FX_WakeTrace	</identifier>
				<transform>
					<row0>	1.0000 0.0000 0.0000 0.0000	</row0>
					<row1>	0.0000 1.0000 0.0000 0.0000	</row1>
					<row2>	0.0000 0.0000 1.0000 0.0000	</row2>
					<row3>	0.0000 0.0000 6.2555 1.0000	</row3>
				</transform>
			</node>
			<node>
				<identifier>	HP_Ship_death_1	</identifier>
				<transform>
					<row0>	1.0000 0.0000 0.0000 0.0000	</row0>
					<row1>	0.0000 1.0000 0.0000 0.0000	</row1>
					<row2>	0.0000 0.0000 1.0000 0.0000	</row2>
					<row3>	0.0000 0.0000 3.5889 1.0000	</row3>
				</transform>
			</node>
			<node>
				<identifier>	MP_CM029_Emergency_Box	</identifier>
				<transform>
					<row0>	0.6065 0.0000 0.7951 0.0000	</row0>
					<row1>	0.0000 1.0000 0.0000 0.0000	</row1>
					<row2>	-0.7951 0.0000 0.6065 0.0000	</row2>
					<row3>	-0.0855 0.4282 4.2537 1.0000	</row3>
				</transform>
			</node>
			<node>
				<identifier>	MP_CM029_Emergency_Box_INDEX_1	</identifier>
				<transform>
					<row0>	0.6065 0.0000 -0.7951 0.0000	</row0>
					<row1>	0.0000 1.0000 0.0000 0.0000	</row1>
					<row2>	0.7951 0.0000 0.6065 0.0000	</row2>
					<row3>	0.0855 0.4282 4.2537 1.0000	</row3>
				</transform>
			</node>
			<node>
				<identifier>	MP_FM011_Reels	</identifier>
				<transform>
					<row0>	0.9924 0.0000 -0.1228 0.0000	</row0>
					<row1>	-0.0033 0.9996 -0.0265 0.0000	</row1>
					<row2>	0.1227 0.0267 0.9921 0.0000	</row2>
					<row3>	0.2311 0.3865 4.6126 1.0000	</row3>
				</transform>
			</node>
			<node>
				<identifier>	MP_FM011_Reels_INDEX_1	</identifier>
				<transform>
					<row0>	0.9924 0.0000 0.1228 0.0000	</row0>
					<row1>	0.0033 0.9996 -0.0265 0.0000	</row1>
					<row2>	-0.1227 0.0267 0.9921 0.0000	</row2>
					<row3>	-0.2311 0.3865 4.6126 1.0000	</row3>
				</transform>
			</node>
			<node>
				<identifier>	MP_FM015_Life_Buoy	</identifier>
				<transform>
					<row0>	-0.0772 0.0000 0.9970 0.0000	</row0>
					<row1>	0.0000 1.0000 0.0000 0.0000	</row1>
					<row2>	-0.9970 0.0000 -0.0772 0.0000	</row2>
					<row3>	0.4902 0.4369 4.0111 1.0000	</row3>
				</transform>
			</node>
			<node>
				<identifier>	MP_FM015_Life_Buoy_INDEX_1	</identifier>
				<transform>
					<row0>	-0.1867 0.0000 -0.9824 0.0000	</row0>
					<row1>	0.0000 1.0000 0.0000 0.0000	</row1>
					<row2>	0.9824 0.0000 -0.1867 0.0000	</row2>
					<row3>	-0.3427 0.4705 5.4616 1.0000	</row3>
				</transform>
			</node>
			<node>
				<identifier>	MP_FM015_Life_Buoy_INDEX_2	</identifier>
				<transform>
					<row0>	-0.1867 0.0000 0.9824 0.0000	</row0>
					<row1>	0.0000 1.0000 0.0000 0.0000	</row1>
					<row2>	-0.9824 0.0000 -0.1867 0.0000	</row2>
					<row3>	0.3427 0.4705 5.4616 1.0000	</row3>
				</transform>
			</node>
			<node>
				<identifier>	MP_FM015_Life_Buoy_INDEX_3	</identifier>
				<transform>
					<row0>	-0.0772 0.0000 -0.9970 0.0000	</row0>
					<row1>	0.0000 1.0000 0.0000 0.0000	</row1>
					<row2>	0.9970 0.0000 -0.0772 0.0000	</row2>
					<row3>	-0.4902 0.4369 4.0111 1.0000	</row3>
				</transform>
			</node>
			<node>
				<identifier>	MP_FM017_Turtles_box	</identifier>
				<transform>
					<row0>	0.7970 0.0000 -0.6040 0.0000	</row0>
					<row1>	0.0000 1.0000 0.0000 0.0000	</row1>
					<row2>	0.6040 0.0000 0.7970 0.0000	</row2>
					<row3>	0.1183 0.3896 4.2326 1.0000	</row3>
				</transform>
			</node>
			<node>
				<identifier>	MP_FM017_Turtles_box_INDEX_1	</identifier>
				<transform>
					<row0>	0.7970 0.0000 0.6040 0.0000	</row0>
					<row1>	0.0000 1.0000 0.0000 0.0000	</row1>
					<row2>	-0.6040 0.0000 0.7970 0.0000	</row2>
					<row3>	-0.1183 0.3896 4.2326 1.0000	</row3>
				</transform>
			</node>
			<node>
				<identifier>	MP_FM601_Multipole_Switch	</identifier>
				<transform>
					<row0>	0.6102 0.0000 0.7922 0.0000	</row0>
					<row1>	0.0000 1.0000 0.0000 0.0000	</row1>
					<row2>	-0.7922 0.0000 0.6102 0.0000	</row2>
					<row3>	-0.0910 0.4193 4.2617 1.0000	</row3>
				</transform>
			</node>
			<node>
				<identifier>	MP_FM601_Multipole_Switch_INDEX_1	</identifier>
				<transform>
					<row0>	0.6102 0.0000 -0.7922 0.0000	</row0>
					<row1>	0.0000 1.0000 0.0000 0.0000	</row1>
					<row2>	0.7922 0.0000 0.6102 0.0000	</row2>
					<row3>	0.0910 0.4193 4.2617 1.0000	</row3>
				</transform>
			</node>
			<node>
				<identifier>	MP_FM950_Anchor_bottom	</identifier>
				<transform>
					<row0>	-0.3143 -0.7220 -0.4461 0.0000	</row0>
					<row1>	0.2528 0.3744 -0.7842 0.0000	</row1>
					<row2>	0.8101 -0.3969 0.0717 0.0000	</row2>
					<row3>	0.1322 0.2865 5.9971 1.0000	</row3>
				</transform>
			</node>
			<node>
				<identifier>	MP_FM950_Anchor_bottom_INDEX_1	</identifier>
				<transform>
					<row0>	-0.3143 0.7220 0.4461 0.0000	</row0>
					<row1>	-0.2528 0.3744 -0.7842 0.0000	</row1>
					<row2>	-0.8101 -0.3969 0.0717 0.0000	</row2>
					<row3>	-0.1322 0.2865 5.9971 1.0000	</row3>
				</transform>
			</node>
			<node>
				<identifier>	MP_FM950_Anchor_bottom_INDEX_2	</identifier>
				<transform>
					<row0>	-0.3143 -0.7220 -0.4461 0.0000	</row0>
					<row1>	0.2375 0.3819 -0.7854 0.0000	</row1>
					<row2>	0.8148 -0.3898 0.0569 0.0000	</row2>
					<row3>	0.2023 0.2809 5.7083 1.0000	</row3>
				</transform>
			</node>
			<node>
				<identifier>	MP_FM951_Anchor_up	</identifier>
				<transform>
					<row0>	-0.3151 -0.7186 -0.4510 0.0000	</row0>
					<row1>	-0.2165 0.5333 -0.6984 0.0000	</row1>
					<row2>	0.8203 -0.1353 -0.3575 0.0000	</row2>
					<row3>	0.2019 0.2809 5.7085 1.0000	</row3>
				</transform>
			</node>
			<node>
				<identifier>	MP_FM951_Anchor_up_INDEX_1	</identifier>
				<transform>
					<row0>	-0.3151 -0.7186 -0.4510 0.0000	</row0>
					<row1>	-0.2316 0.5357 -0.6917 0.0000	</row1>
					<row2>	0.8162 -0.1254 -0.3704 0.0000	</row2>
					<row3>	0.1322 0.2865 5.9971 1.0000	</row3>
				</transform>
			</node>
			<node>
				<identifier>	MP_FM951_Anchor_up_INDEX_2	</identifier>
				<transform>
					<row0>	-0.3151 0.7186 0.4510 0.0000	</row0>
					<row1>	0.2316 0.5357 -0.6917 0.0000	</row1>
					<row2>	-0.8162 -0.1254 -0.3704 0.0000	</row2>
					<row3>	-0.1322 0.2865 5.9971 1.0000	</row3>
				</transform>
			</node>
			<node>
				<identifier>	MP_FM952_Anchor_Capstan	</identifier>
				<transform>
					<row0>	1.0000 0.0000 0.0000 0.0000	</row0>
					<row1>	0.0000 1.0000 0.0000 0.0000	</row1>
					<row2>	0.0000 0.0000 1.0000 0.0000	</row2>
					<row3>	0.1183 0.4117 4.8926 1.0000	</row3>
				</transform>
			</node>
			<node>
				<identifier>	MP_FM952_Anchor_Capstan_INDEX_1	</identifier>
				<transform>
					<row0>	1.0000 0.0000 0.0000 0.0000	</row0>
					<row1>	0.0000 1.0000 0.0000 0.0000	</row1>
					<row2>	0.0000 0.0000 1.0000 0.0000	</row2>
					<row3>	-0.1183 0.4117 4.8926 1.0000	</row3>
				</transform>
			</node>
			<node>
				<identifier>	MP_FM953_Anchor_Capstan	</identifier>
				<transform>
					<row0>	1.0000 0.0000 0.0000 0.0000	</row0>
					<row1>	0.0000 1.0000 0.0000 0.0000	</row1>
					<row2>	0.0000 0.0000 1.0000 0.0000	</row2>
					<row3>	0.0000 0.3939 5.0875 1.0000	</row3>
				</transform>
			</node>
			<node>
				<identifier>	MP_FM955_Bollard	</identifier>
				<transform>
					<row0>	0.9981 -0.0014 -0.0614 0.0000	</row0>
					<row1>	0.0000 0.9998 -0.0222 0.0000	</row1>
					<row2>	0.0614 0.0222 0.9979 0.0000	</row2>
					<row3>	-0.3675 0.3929 5.0092 1.0000	</row3>
				</transform>
			</node>
			<node>
				<identifier>	MP_FM955_Bollard_INDEX_1	</identifier>
				<transform>
					<row0>	0.5989 0.0008 0.0368 0.0000	</row0>
					<row1>	0.0000 0.5999 -0.0133 0.0000	</row1>
					<row2>	-0.0368 0.0133 0.5987 0.0000	</row2>
					<row3>	0.4220 0.3845 4.6162 1.0000	</row3>
				</transform>
			</node>
			<node>
				<identifier>	MP_FM955_Bollard_INDEX_2	</identifier>
				<transform>
					<row0>	1.4972 -0.0020 -0.0921 0.0000	</row0>
					<row1>	0.0000 1.4996 -0.0333 0.0000	</row1>
					<row2>	0.0921 0.0332 1.4968 0.0000	</row2>
					<row3>	-0.3220 0.3859 4.7093 1.0000	</row3>
				</transform>
			</node>
			<node>
				<identifier>	MP_FM955_Bollard_INDEX_3	</identifier>
				<transform>
					<row0>	0.5989 -0.0008 -0.0368 0.0000	</row0>
					<row1>	0.0000 0.5999 -0.0133 0.0000	</row1>
					<row2>	0.0368 0.0133 0.5987 0.0000	</row2>
					<row3>	-0.4220 0.3845 4.6162 1.0000	</row3>
				</transform>
			</node>
			<node>
				<identifier>	MP_FM955_Bollard_INDEX_4	</identifier>
				<transform>
					<row0>	1.4972 0.0020 0.0921 0.0000	</row0>
					<row1>	0.0000 1.4996 -0.0333 0.0000	</row1>
					<row2>	-0.0921 0.0332 1.4968 0.0000	</row2>
					<row3>	0.3220 0.3859 4.7093 1.0000	</row3>
				</transform>
			</node>
			<node>
				<identifier>	MP_FM955_Bollard_INDEX_5	</identifier>
				<transform>
					<row0>	0.9981 0.0014 0.0614 0.0000	</row0>
					<row1>	0.0000 0.9998 -0.0222 0.0000	</row1>
					<row2>	-0.0614 0.0222 0.9979 0.0000	</row2>
					<row3>	0.3675 0.3929 5.0092 1.0000	</row3>
				</transform>
			</node>
			<node>
				<identifier>	SP_YMS001_YHBM_M_1	</identifier>
				<transform>
					<row0>	1.0000 0.0000 0.0000 0.0000	</row0>
					<row1>	0.0000 1.0000 0.0000 0.0000	</row1>
					<row2>	0.0000 0.0000 1.0000 0.0000	</row2>
					<row3>	0.0000 0.4377 6.3620 1.0000	</row3>
				</transform>
			</node>
			<node>
				<identifier>	SP_YMS002_YHBL_M_1	</identifier>
				<transform>
					<row0>	0.8810 -0.0901 -0.0929 0.0000	</row0>
					<row1>	0.0840 0.8843 -0.0612 0.0000	</row1>
					<row2>	0.0984 0.0518 0.8834 0.0000	</row2>
					<row3>	0.0000 0.4377 6.3620 1.0000	</row3>
				</transform>
			</node>
			<node>
				<identifier>	SP_YMS003_YHBR_M_1	</identifier>
				<transform>
					<row0>	0.8810 0.0901 0.0929 0.0000	</row0>
					<row1>	-0.0840 0.8843 -0.0612 0.0000	</row1>
					<row2>	-0.0984 0.0518 0.8834 0.0000	</row2>
					<row3>	0.0000 0.4377 6.3620 1.0000	</row3>
				</transform>
			</node>
			<node>
				<identifier>	SP_YMS004_YHXL_L_1	</identifier>
				<transform>
					<row0>	0.6315 0.3778 -0.1752 0.0000	</row0>
					<row1>	-0.4164 0.5746 -0.2621 0.0000	</row1>
					<row2>	0.0022 0.3152 0.6876 0.0000	</row2>
					<row3>	-0.1216 0.3208 5.9915 1.0000	</row3>
				</transform>
			</node>
			<node>
				<identifier>	SP_YMS004_YHXL_L_1_INDEX_1	</identifier>
				<transform>
					<row0>	0.5929 0.4503 -0.1336 0.0000	</row0>
					<row1>	-0.4668 0.5409 -0.2485 0.0000	</row1>
					<row2>	-0.0524 0.2773 0.7018 0.0000	</row2>
					<row3>	-0.1977 0.3257 5.7222 1.0000	</row3>
				</transform>
			</node>
			<node>
				<identifier>	SP_YMS005_YHXR_L_1	</identifier>
				<transform>
					<row0>	0.6315 -0.3778 0.1752 0.0000	</row0>
					<row1>	0.4164 0.5746 -0.2621 0.0000	</row1>
					<row2>	-0.0022 0.3152 0.6876 0.0000	</row2>
					<row3>	0.1216 0.3208 5.9915 1.0000	</row3>
				</transform>
			</node>
			<node>
				<identifier>	SP_YMS005_YHXR_L_1_INDEX_1	</identifier>
				<transform>
					<row0>	0.5929 -0.4503 0.1336 0.0000	</row0>
					<row1>	0.4668 0.5409 -0.2485 0.0000	</row1>
					<row2>	0.0524 0.2773 0.7018 0.0000	</row2>
					<row3>	0.1977 0.3257 5.7222 1.0000	</row3>
				</transform>
			</node>
			<node>
				<identifier>	SP_YMS010_YHWM_L_1	</identifier>
				<transform>
					<row0>	0.3930 0.0000 0.0000 0.0000	</row0>
					<row1>	0.0000 0.4950 0.0000 0.0000	</row1>
					<row2>	0.0000 0.0000 0.4950 0.0000	</row2>
					<row3>	0.0000 0.0000 6.2432 1.0000	</row3>
				</transform>
			</node>
			<node>
				<identifier>	SP_YMS011_YHWL_M_1	</identifier>
				<transform>
					<row0>	0.7340 0.0798 -0.1315 0.0000	</row0>
					<row1>	-0.0786 0.7457 0.0140 0.0000	</row1>
					<row2>	0.1323 0.0000 0.7382 0.0000	</row2>
					<row3>	-0.1614 0.0000 5.3042 1.0000	</row3>
				</transform>
			</node>
			<node>
				<identifier>	SP_YMS011_YHWL_M_1_INDEX_1	</identifier>
				<transform>
					<row0>	0.7298 0.1185 -0.1258 0.0000	</row0>
					<row1>	-0.1168 0.7406 0.0201 0.0000	</row1>
					<row2>	0.1274 0.0000 0.7391 0.0000	</row2>
					<row3>	-0.2692 0.0000 4.6754 1.0000	</row3>
				</transform>
			</node>
			<node>
				<identifier>	SP_YMS011_YHWL_M_1_INDEX_2	</identifier>
				<transform>
					<row0>	0.7322 0.1181 -0.1114 0.0000	</row0>
					<row1>	-0.1167 0.7406 0.0178 0.0000	</row1>
					<row2>	0.1128 0.0000 0.7415 0.0000	</row2>
					<row3>	-0.3722 0.0005 4.0475 1.0000	</row3>
				</transform>
			</node>
			<node>
				<identifier>	SP_YMS012_YHWR_M_1	</identifier>
				<transform>
					<row0>	0.7340 -0.0798 0.1315 0.0000	</row0>
					<row1>	0.0786 0.7457 0.0140 0.0000	</row1>
					<row2>	-0.1323 0.0000 0.7382 0.0000	</row2>
					<row3>	0.1614 0.0000 5.3042 1.0000	</row3>
				</transform>
			</node>
			<node>
				<identifier>	SP_YMS012_YHWR_M_1_INDEX_1	</identifier>
				<transform>
					<row0>	0.7298 -0.1185 0.1258 0.0000	</row0>
					<row1>	0.1168 0.7406 0.0201 0.0000	</row1>
					<row2>	-0.1274 0.0000 0.7391 0.0000	</row2>
					<row3>	0.2692 0.0000 4.6754 1.0000	</row3>
				</transform>
			</node>
			<node>
				<identifier>	SP_YMS012_YHWR_M_1_INDEX_2	</identifier>
				<transform>
					<row0>	0.7322 -0.1181 0.1114 0.0000	</row0>
					<row1>	0.1167 0.7406 0.0178 0.0000	</row1>
					<row2>	-0.1128 0.0000 0.7415 0.0000	</row2>
					<row3>	0.3722 0.0005 4.0475 1.0000	</row3>
				</transform>
			</node>
			<node>
				<identifier>	SP_YMS020_YHBU_M_1	</identifier>
				<transform>
					<row0>	1.3007 0.0000 0.0000 0.0000	</row0>
					<row1>	0.0000 1.2957 0.1140 0.0000	</row1>
					<row2>	0.0000 -0.1140 1.2957 0.0000	</row2>
					<row3>	0.0000 0.0000 6.0916 1.0000	</row3>
				</transform>
			</node>
			<node>
				<identifier>	SP_YMS022_YHUS_L_1	</identifier>
				<transform>
					<row0>	-0.1286 -0.0046 -0.8200 0.0000	</row0>
					<row1>	-0.2498 0.7908 0.0347 0.0000	</row1>
					<row2>	0.7810 0.2522 -0.1240 0.0000	</row2>
					<row3>	-0.2729 -0.3210 3.8977 1.0000	</row3>
				</transform>
			</node>
			<node>
				<identifier>	SP_YMS022_YHUS_L_1_INDEX_1	</identifier>
				<transform>
					<row0>	-0.1286 0.0046 0.8200 0.0000	</row0>
					<row1>	0.2498 0.7908 0.0347 0.0000	</row1>
					<row2>	-0.7810 0.2522 -0.1240 0.0000	</row2>
					<row3>	0.2729 -0.3210 3.8977 1.0000	</row3>
				</transform>
			</node>
			<node>
				<identifier>	SP_YMS051_YHDL_L_1	</identifier>
				<transform>
					<row0>	0.9621 0.0000 -0.0670 0.0000	</row0>
					<row1>	-0.0013 0.9642 -0.0189 0.0000	</row1>
					<row2>	0.0670 0.0190 0.9619 0.0000	</row2>
					<row3>	-0.4710 0.3887 4.3851 1.0000	</row3>
				</transform>
			</node>
			<node>
				<identifier>	SP_YMS052_YHDR_L_1	</identifier>
				<transform>
					<row0>	0.9621 0.0000 0.0670 0.0000	</row0>
					<row1>	0.0013 0.9642 -0.0189 0.0000	</row1>
					<row2>	-0.0670 0.0190 0.9619 0.0000	</row2>
					<row3>	0.4710 0.3887 4.3851 1.0000	</row3>
				</transform>
			</node>
			<node>
				<identifier>	SP_YMS053_YHDC_S_1	</identifier>
				<transform>
					<row0>	1.0000 0.0000 0.0000 0.0000	</row0>
					<row1>	0.0000 1.0000 0.0000 0.0000	</row1>
					<row2>	0.0000 0.0000 1.0000 0.0000	</row2>
					<row3>	-0.2498 0.4126 5.1364 1.0000	</row3>
				</transform>
			</node>
			<node>
				<identifier>	SP_YMS053_YHDC_S_1_INDEX_1	</identifier>
				<transform>
					<row0>	1.0000 0.0000 0.0000 0.0000	</row0>
					<row1>	0.0000 1.0000 0.0000 0.0000	</row1>
					<row2>	0.0000 0.0000 1.0000 0.0000	</row2>
					<row3>	0.2498 0.4126 5.1364 1.0000	</row3>
				</transform>
			</node>
			<node>
				<identifier>	SP_YMS071_YHHC_S_1	</identifier>
				<transform>
					<row0>	-0.1518 0.9882 0.0199 0.0000	</row0>
					<row1>	-0.9799 -0.1531 0.1282 0.0000	</row1>
					<row2>	0.1298 0.0000 0.9915 0.0000	</row2>
					<row3>	-0.4303 0.1333 3.8425 1.0000	</row3>
				</transform>
			</node>
			<node>
				<identifier>	SP_YMS071_YHHC_S_1_INDEX_1	</identifier>
				<transform>
					<row0>	-0.1518 -0.9882 -0.0199 0.0000	</row0>
					<row1>	0.9799 -0.1531 0.1282 0.0000	</row1>
					<row2>	-0.1298 0.0000 0.9915 0.0000	</row2>
					<row3>	0.4303 0.1333 3.8425 1.0000	</row3>
				</transform>
			</node>
			<node>
				<identifier>	SP_YMS073_YHHC_M_2	</identifier>
				<transform>
					<row0>	-0.1585 0.0040 -0.9873 0.0000	</row0>
					<row1>	-0.3492 0.9351 0.0599 0.0000	</row1>
					<row2>	0.9235 0.3543 -0.1468 0.0000	</row2>
					<row3>	-0.3114 0.1997 4.6471 1.0000	</row3>
				</transform>
			</node>
			<node>
				<identifier>	SP_YMS073_YHHC_M_2_INDEX_1	</identifier>
				<transform>
					<row0>	-0.1585 -0.0040 0.9873 0.0000	</row0>
					<row1>	0.3492 0.9351 0.0599 0.0000	</row1>
					<row2>	-0.9235 0.3543 -0.1468 0.0000	</row2>
					<row3>	0.3114 0.1997 4.6471 1.0000	</row3>
				</transform>
			</node>
		</node>
	</node>
	<boundingBox>
		<min>	-0.0667 -0.0667 -0.0667	</min>
		<max>	0.0667 0.0667 0.0667	</max>
	</boundingBox>
</FSC014_Charles_Martel_1945_Bow_ports.visual>
