<ASA031_United_States_1952_Stern_ports.visual>
	<node>
		<identifier>	Scene Root	</identifier>
		<transform>
			<row0>	1.0000 0.0000 0.0000 0.0000	</row0>
			<row1>	0.0000 1.0000 0.0000 0.0000	</row1>
			<row2>	0.0000 0.0000 1.0000 0.0000	</row2>
			<row3>	0.0000 0.0000 0.0000 1.0000	</row3>
		</transform>
		<node>
			<identifier>	Stern_ports	</identifier>
			<transform>
				<row0>	1.0000 0.0000 0.0000 0.0000	</row0>
				<row1>	0.0000 1.0000 0.0000 0.0000	</row1>
				<row2>	0.0000 0.0000 1.0000 0.0000	</row2>
				<row3>	0.0000 0.0000 0.0000 1.0000	</row3>
			</transform>
			<node>
				<identifier>	HP_AD_5	</identifier>
				<transform>
					<row0>	0.0000 0.0000 1.0000 0.0000	</row0>
					<row1>	0.0000 1.0000 0.0000 0.0000	</row1>
					<row2>	-1.0000 0.0000 0.0000 0.0000	</row2>
					<row3>	-1.3987 1.0030 -6.7313 1.0000	</row3>
				</transform>
			</node>
			<node>
				<identifier>	HP_AD_6	</identifier>
				<transform>
					<row0>	0.0000 0.0000 -1.0000 0.0000	</row0>
					<row1>	0.0000 1.0000 0.0000 0.0000	</row1>
					<row2>	1.0000 0.0000 0.0000 0.0000	</row2>
					<row3>	1.3987 1.0030 -6.7313 1.0000	</row3>
				</transform>
			</node>
			<node>
				<identifier>	HP_AD_7	</identifier>
				<transform>
					<row0>	-1.0000 0.0000 0.0000 0.0000	</row0>
					<row1>	0.0000 1.0000 0.0000 0.0000	</row1>
					<row2>	0.0000 0.0000 -1.0000 0.0000	</row2>
					<row3>	-1.0462 1.2040 -10.2237 1.0000	</row3>
				</transform>
			</node>
			<node>
				<identifier>	HP_AD_8	</identifier>
				<transform>
					<row0>	-1.0000 0.0000 0.0000 0.0000	</row0>
					<row1>	0.0000 1.0000 0.0000 0.0000	</row1>
					<row2>	0.0000 0.0000 -1.0000 0.0000	</row2>
					<row3>	1.0462 1.2040 -10.2237 1.0000	</row3>
				</transform>
			</node>
			<node>
				<identifier>	HP_AGA_25	</identifier>
				<transform>
					<row0>	0.0000 0.0000 1.0000 0.0000	</row0>
					<row1>	0.0000 1.0000 0.0000 0.0000	</row1>
					<row2>	-1.0000 0.0000 0.0000 0.0000	</row2>
					<row3>	-1.3476 0.8290 -8.6395 1.0000	</row3>
				</transform>
			</node>
			<node>
				<identifier>	HP_AGA_26	</identifier>
				<transform>
					<row0>	0.0000 0.0000 -1.0000 0.0000	</row0>
					<row1>	0.0000 1.0000 0.0000 0.0000	</row1>
					<row2>	1.0000 0.0000 0.0000 0.0000	</row2>
					<row3>	1.3476 0.8290 -8.6395 1.0000	</row3>
				</transform>
			</node>
			<node>
				<identifier>	HP_AGA_27	</identifier>
				<transform>
					<row0>	-1.0000 0.0000 0.0000 0.0000	</row0>
					<row1>	0.0000 1.0000 0.0000 0.0000	</row1>
					<row2>	0.0000 0.0000 -1.0000 0.0000	</row2>
					<row3>	-0.4480 0.5419 -10.7521 1.0000	</row3>
				</transform>
			</node>
			<node>
				<identifier>	HP_AGA_28	</identifier>
				<transform>
					<row0>	-1.0000 0.0000 0.0000 0.0000	</row0>
					<row1>	0.0000 1.0000 0.0000 0.0000	</row1>
					<row2>	0.0000 0.0000 -1.0000 0.0000	</row2>
					<row3>	0.4480 0.5419 -10.7521 1.0000	</row3>
				</transform>
			</node>
			<node>
				<identifier>	HP_AGS_5	</identifier>
				<transform>
					<row0>	-1.0000 0.0000 0.0000 0.0000	</row0>
					<row1>	0.0000 1.0000 0.0000 0.0000	</row1>
					<row2>	0.0000 0.0000 -1.0000 0.0000	</row2>
					<row3>	-1.4734 0.8290 -7.2553 1.0000	</row3>
				</transform>
			</node>
			<node>
				<identifier>	HP_AGS_6	</identifier>
				<transform>
					<row0>	-1.0000 0.0000 0.0000 0.0000	</row0>
					<row1>	0.0000 1.0000 0.0000 0.0000	</row1>
					<row2>	0.0000 0.0000 -1.0000 0.0000	</row2>
					<row3>	1.4734 0.8290 -7.2553 1.0000	</row3>
				</transform>
			</node>
			<node>
				<identifier>	HP_AGS_7	</identifier>
				<transform>
					<row0>	-1.0000 0.0000 0.0000 0.0000	</row0>
					<row1>	0.0000 1.0000 0.0000 0.0000	</row1>
					<row2>	0.0000 0.0000 -1.0000 0.0000	</row2>
					<row3>	-1.4148 0.8290 -7.9108 1.0000	</row3>
				</transform>
			</node>
			<node>
				<identifier>	HP_AGS_8	</identifier>
				<transform>
					<row0>	-1.0000 0.0000 0.0000 0.0000	</row0>
					<row1>	0.0000 1.0000 0.0000 0.0000	</row1>
					<row2>	0.0000 0.0000 -1.0000 0.0000	</row2>
					<row3>	1.4148 0.8290 -7.9108 1.0000	</row3>
				</transform>
			</node>
			<node>
				<identifier>	HP_DeckLand	</identifier>
				<transform>
					<row0>	1.0000 0.0000 0.0000 0.0000	</row0>
					<row1>	0.0000 1.0000 0.0000 0.0000	</row1>
					<row2>	0.0000 0.0000 1.0000 0.0000	</row2>
					<row3>	0.0319 1.4876 -11.1206 1.0000	</row3>
				</transform>
			</node>
			<node>
				<identifier>	HP_FX_Death_3	</identifier>
				<transform>
					<row0>	1.0000 0.0000 0.0000 0.0000	</row0>
					<row1>	0.0000 1.0000 0.0000 0.0000	</row1>
					<row2>	0.0000 0.0000 1.0000 0.0000	</row2>
					<row3>	0.0000 0.0000 -7.6512 1.0000	</row3>
				</transform>
			</node>
			<node>
				<identifier>	HP_FX_Fire_4	</identifier>
				<transform>
					<row0>	1.0000 0.0000 0.0000 0.0000	</row0>
					<row1>	0.0000 1.0000 0.0000 0.0000	</row1>
					<row2>	0.0000 0.0000 1.0000 0.0000	</row2>
					<row3>	-0.7562 1.3482 -7.9180 1.0000	</row3>
				</transform>
			</node>
			<node>
				<identifier>	HP_FX_Fire_4_side_1	</identifier>
				<transform>
					<row0>	1.0000 0.0000 0.0000 0.0000	</row0>
					<row1>	0.0000 1.0000 0.0000 0.0000	</row1>
					<row2>	0.0000 0.0000 1.0000 0.0000	</row2>
					<row3>	0.7772 1.3575 -6.7910 1.0000	</row3>
				</transform>
			</node>
			<node>
				<identifier>	HP_FX_Fire_4_side_2	</identifier>
				<transform>
					<row0>	1.0000 0.0000 0.0000 0.0000	</row0>
					<row1>	0.0000 1.0000 0.0000 0.0000	</row1>
					<row2>	0.0000 0.0000 1.0000 0.0000	</row2>
					<row3>	-0.0007 1.3431 -10.1076 1.0000	</row3>
				</transform>
			</node>
			<node>
				<identifier>	HP_FX_FloodLight_left_2	</identifier>
				<transform>
					<row0>	-1.0000 0.0000 0.0000 0.0000	</row0>
					<row1>	0.0000 1.0000 0.0000 0.0000	</row1>
					<row2>	0.0000 0.0000 -1.0000 0.0000	</row2>
					<row3>	-1.1452 1.0883 -8.2845 1.0000	</row3>
				</transform>
			</node>
			<node>
				<identifier>	HP_FX_FloodLight_right_2	</identifier>
				<transform>
					<row0>	1.0000 0.0000 0.0000 0.0000	</row0>
					<row1>	0.0000 1.0000 0.0000 0.0000	</row1>
					<row2>	0.0000 0.0000 1.0000 0.0000	</row2>
					<row3>	1.1368 1.0776 -8.3743 1.0000	</row3>
				</transform>
			</node>
			<node>
				<identifier>	HP_FX_Flood_water_left	</identifier>
				<transform>
					<row0>	-1.0000 0.0000 0.0000 0.0000	</row0>
					<row1>	0.0000 1.0000 0.0000 0.0000	</row1>
					<row2>	0.0000 0.0000 -1.0000 0.0000	</row2>
					<row3>	-1.1026 0.0525 -7.5334 1.0000	</row3>
				</transform>
			</node>
			<node>
				<identifier>	HP_FX_Flood_water_right	</identifier>
				<transform>
					<row0>	1.0000 0.0000 0.0000 0.0000	</row0>
					<row1>	0.0000 1.0000 0.0000 0.0000	</row1>
					<row2>	0.0000 0.0000 1.0000 0.0000	</row2>
					<row3>	1.1033 0.0654 -7.5451 1.0000	</row3>
				</transform>
			</node>
			<node>
				<identifier>	HP_FX_WakeTraceBack	</identifier>
				<transform>
					<row0>	1.0000 0.0000 0.0000 0.0000	</row0>
					<row1>	0.0000 1.0000 0.0000 0.0000	</row1>
					<row2>	0.0000 0.0000 1.0000 0.0000	</row2>
					<row3>	0.0000 0.0000 -10.6909 1.0000	</row3>
				</transform>
			</node>
			<node>
				<identifier>	HP_FX_WakeTrace_screw_1	</identifier>
				<transform>
					<row0>	1.0000 0.0000 0.0000 0.0000	</row0>
					<row1>	0.0000 1.0000 0.0000 0.0000	</row1>
					<row2>	0.0000 0.0000 1.0000 0.0000	</row2>
					<row3>	-0.6982 -0.5026 -7.9085 1.0000	</row3>
				</transform>
			</node>
			<node>
				<identifier>	HP_FX_WakeTrace_screw_2	</identifier>
				<transform>
					<row0>	1.0000 0.0000 0.0000 0.0000	</row0>
					<row1>	0.0000 1.0000 0.0000 0.0000	</row1>
					<row2>	0.0000 0.0000 1.0000 0.0000	</row2>
					<row3>	-0.2977 -0.5026 -8.8055 1.0000	</row3>
				</transform>
			</node>
			<node>
				<identifier>	HP_FX_WakeTrace_screw_3	</identifier>
				<transform>
					<row0>	1.0000 0.0000 0.0000 0.0000	</row0>
					<row1>	0.0000 1.0000 0.0000 0.0000	</row1>
					<row2>	0.0000 0.0000 1.0000 0.0000	</row2>
					<row3>	0.2977 -0.5026 -8.8055 1.0000	</row3>
				</transform>
			</node>
			<node>
				<identifier>	HP_FX_WakeTrace_screw_4	</identifier>
				<transform>
					<row0>	1.0000 0.0000 0.0000 0.0000	</row0>
					<row1>	0.0000 1.0000 0.0000 0.0000	</row1>
					<row2>	0.0000 0.0000 1.0000 0.0000	</row2>
					<row3>	0.6982 -0.5026 -7.9085 1.0000	</row3>
				</transform>
			</node>
			<node>
				<identifier>	HP_Ship_death_3	</identifier>
				<transform>
					<row0>	1.0000 0.0000 0.0000 0.0000	</row0>
					<row1>	0.0000 1.0000 0.0000 0.0000	</row1>
					<row2>	0.0000 0.0000 1.0000 0.0000	</row2>
					<row3>	0.0000 0.0000 -6.2788 1.0000	</row3>
				</transform>
			</node>
			<node>
				<identifier>	MP_AM001_Bollard_2	</identifier>
				<transform>
					<row0>	0.0000 0.0000 1.7743 0.0000	</row0>
					<row1>	0.0000 1.7743 0.0000 0.0000	</row1>
					<row2>	-1.7743 0.0000 0.0000 0.0000	</row2>
					<row3>	0.5327 0.5393 -10.4276 1.0000	</row3>
				</transform>
			</node>
			<node>
				<identifier>	MP_AM001_Bollard_2_INDEX_1	</identifier>
				<transform>
					<row0>	0.0000 0.0000 -1.7743 0.0000	</row0>
					<row1>	0.0000 1.7743 0.0000 0.0000	</row1>
					<row2>	1.7743 0.0000 0.0000 0.0000	</row2>
					<row3>	-0.5327 0.5393 -10.4276 1.0000	</row3>
				</transform>
			</node>
			<node>
				<identifier>	MP_AM001_Bollard_2_INDEX_2	</identifier>
				<transform>
					<row0>	-1.3169 0.0000 0.3744 0.0000	</row0>
					<row1>	0.0000 1.3691 0.0000 0.0000	</row1>
					<row2>	-0.3744 0.0000 -1.3169 0.0000	</row2>
					<row3>	0.8612 0.5411 -9.5572 1.0000	</row3>
				</transform>
			</node>
			<node>
				<identifier>	MP_AM001_Bollard_2_INDEX_3	</identifier>
				<transform>
					<row0>	-1.3169 0.0000 -0.3744 0.0000	</row0>
					<row1>	0.0000 1.3691 0.0000 0.0000	</row1>
					<row2>	0.3744 0.0000 -1.3169 0.0000	</row2>
					<row3>	-0.8612 0.5411 -9.5572 1.0000	</row3>
				</transform>
			</node>
			<node>
				<identifier>	MP_AM001_Bollard_2_INDEX_4	</identifier>
				<transform>
					<row0>	1.3725 0.0000 0.4081 0.0000	</row0>
					<row1>	0.0000 1.4319 0.0000 0.0000	</row1>
					<row2>	-0.4081 0.0000 1.3725 0.0000	</row2>
					<row3>	1.1573 0.8285 -8.8416 1.0000	</row3>
				</transform>
			</node>
			<node>
				<identifier>	MP_AM001_Bollard_2_INDEX_5	</identifier>
				<transform>
					<row0>	0.0000 0.0000 1.4319 0.0000	</row0>
					<row1>	0.0000 1.4319 0.0000 0.0000	</row1>
					<row2>	-1.4319 0.0000 0.0000 0.0000	</row2>
					<row3>	1.4656 0.8285 -7.0110 1.0000	</row3>
				</transform>
			</node>
			<node>
				<identifier>	MP_AM001_Bollard_2_INDEX_6	</identifier>
				<transform>
					<row0>	1.3725 0.0000 -0.4081 0.0000	</row0>
					<row1>	0.0000 1.4319 0.0000 0.0000	</row1>
					<row2>	0.4081 0.0000 1.3725 0.0000	</row2>
					<row3>	-1.1573 0.8285 -8.8416 1.0000	</row3>
				</transform>
			</node>
			<node>
				<identifier>	MP_AM001_Bollard_2_INDEX_7	</identifier>
				<transform>
					<row0>	0.0000 0.0000 -1.4319 0.0000	</row0>
					<row1>	0.0000 1.4319 0.0000 0.0000	</row1>
					<row2>	1.4319 0.0000 0.0000 0.0000	</row2>
					<row3>	-1.4656 0.8285 -7.0110 1.0000	</row3>
				</transform>
			</node>
			<node>
				<identifier>	MP_AM006_Reels_1	</identifier>
				<transform>
					<row0>	0.1163 0.0000 0.9932 0.0000	</row0>
					<row1>	0.0000 1.0000 0.0000 0.0000	</row1>
					<row2>	-0.9932 0.0000 0.1163 0.0000	</row2>
					<row3>	0.7295 0.5397 -9.9158 1.0000	</row3>
				</transform>
			</node>
			<node>
				<identifier>	MP_AM006_Reels_1_INDEX_1	</identifier>
				<transform>
					<row0>	0.1163 0.0000 0.9932 0.0000	</row0>
					<row1>	0.0000 1.0000 0.0000 0.0000	</row1>
					<row2>	-0.9932 0.0000 0.1163 0.0000	</row2>
					<row3>	0.7195 0.5397 -10.0011 1.0000	</row3>
				</transform>
			</node>
			<node>
				<identifier>	MP_AM006_Reels_1_INDEX_2	</identifier>
				<transform>
					<row0>	0.1163 0.0000 -0.9932 0.0000	</row0>
					<row1>	0.0000 1.0000 0.0000 0.0000	</row1>
					<row2>	0.9932 0.0000 0.1163 0.0000	</row2>
					<row3>	-0.7195 0.5397 -10.0011 1.0000	</row3>
				</transform>
			</node>
			<node>
				<identifier>	MP_AM006_Reels_1_INDEX_3	</identifier>
				<transform>
					<row0>	0.1163 0.0000 -0.9932 0.0000	</row0>
					<row1>	0.0000 1.0000 0.0000 0.0000	</row1>
					<row2>	0.9932 0.0000 0.1163 0.0000	</row2>
					<row3>	-0.7295 0.5397 -9.9158 1.0000	</row3>
				</transform>
			</node>
			<node>
				<identifier>	MP_AM006_Reels_1_INDEX_4	</identifier>
				<transform>
					<row0>	0.1088 0.0000 0.9941 0.0000	</row0>
					<row1>	0.0000 1.0000 0.0000 0.0000	</row1>
					<row2>	-0.9941 0.0000 0.1088 0.0000	</row2>
					<row3>	1.1034 0.8279 -9.0766 1.0000	</row3>
				</transform>
			</node>
			<node>
				<identifier>	MP_AM006_Reels_1_INDEX_5	</identifier>
				<transform>
					<row0>	0.6525 0.0000 0.7578 0.0000	</row0>
					<row1>	0.0000 1.0000 0.0000 0.0000	</row1>
					<row2>	-0.7578 0.0000 0.6525 0.0000	</row2>
					<row3>	1.5154 0.8283 -6.8356 1.0000	</row3>
				</transform>
			</node>
			<node>
				<identifier>	MP_AM006_Reels_1_INDEX_6	</identifier>
				<transform>
					<row0>	0.1088 0.0000 -0.9941 0.0000	</row0>
					<row1>	0.0000 1.0000 0.0000 0.0000	</row1>
					<row2>	0.9941 0.0000 0.1088 0.0000	</row2>
					<row3>	-1.1034 0.8279 -9.0766 1.0000	</row3>
				</transform>
			</node>
			<node>
				<identifier>	MP_AM006_Reels_1_INDEX_7	</identifier>
				<transform>
					<row0>	0.6525 0.0000 -0.7578 0.0000	</row0>
					<row1>	0.0000 1.0000 0.0000 0.0000	</row1>
					<row2>	0.7578 0.0000 0.6525 0.0000	</row2>
					<row3>	-1.5154 0.8283 -6.8356 1.0000	</row3>
				</transform>
			</node>
			<node>
				<identifier>	MP_AM058_Boat_4	</identifier>
				<transform>
					<row0>	0.0000 0.0000 -1.0000 0.0000	</row0>
					<row1>	0.0000 1.0000 0.0000 0.0000	</row1>
					<row2>	1.0000 0.0000 0.0000 0.0000	</row2>
					<row3>	1.3429 0.8290 -8.3350 1.0000	</row3>
				</transform>
			</node>
			<node>
				<identifier>	MP_AM058_Boat_4_INDEX_1	</identifier>
				<transform>
					<row0>	0.0000 0.0000 -1.0000 0.0000	</row0>
					<row1>	0.0000 1.0000 0.0000 0.0000	</row1>
					<row2>	1.0000 0.0000 0.0000 0.0000	</row2>
					<row3>	1.3429 0.8290 -8.1914 1.0000	</row3>
				</transform>
			</node>
			<node>
				<identifier>	MP_AM058_Boat_4_INDEX_2	</identifier>
				<transform>
					<row0>	0.0000 0.0000 -1.0000 0.0000	</row0>
					<row1>	0.0000 1.0000 0.0000 0.0000	</row1>
					<row2>	1.0000 0.0000 0.0000 0.0000	</row2>
					<row3>	1.4008 0.8290 -7.5789 1.0000	</row3>
				</transform>
			</node>
			<node>
				<identifier>	MP_AM058_Boat_4_INDEX_3	</identifier>
				<transform>
					<row0>	0.0000 0.0000 1.0000 0.0000	</row0>
					<row1>	0.0000 1.0000 0.0000 0.0000	</row1>
					<row2>	-1.0000 0.0000 0.0000 0.0000	</row2>
					<row3>	-1.3429 0.8290 -8.3350 1.0000	</row3>
				</transform>
			</node>
			<node>
				<identifier>	MP_AM058_Boat_4_INDEX_4	</identifier>
				<transform>
					<row0>	0.0000 0.0000 1.0000 0.0000	</row0>
					<row1>	0.0000 1.0000 0.0000 0.0000	</row1>
					<row2>	-1.0000 0.0000 0.0000 0.0000	</row2>
					<row3>	-1.3429 0.8290 -8.1914 1.0000	</row3>
				</transform>
			</node>
			<node>
				<identifier>	MP_AM058_Boat_4_INDEX_5	</identifier>
				<transform>
					<row0>	0.0000 0.0000 1.0000 0.0000	</row0>
					<row1>	0.0000 1.0000 0.0000 0.0000	</row1>
					<row2>	-1.0000 0.0000 0.0000 0.0000	</row2>
					<row3>	-1.4008 0.8290 -7.5789 1.0000	</row3>
				</transform>
			</node>
			<node>
				<identifier>	MP_AM155_Switch_Panel_2	</identifier>
				<transform>
					<row0>	0.0872 0.0000 0.9962 0.0000	</row0>
					<row1>	0.0000 1.0000 0.0000 0.0000	</row1>
					<row2>	-0.9962 0.0000 0.0872 0.0000	</row2>
					<row3>	1.0413 1.3290 -9.3851 1.0000	</row3>
				</transform>
			</node>
			<node>
				<identifier>	MP_AM155_Switch_Panel_2_INDEX_1	</identifier>
				<transform>
					<row0>	0.0872 0.0000 -0.9962 0.0000	</row0>
					<row1>	0.0000 1.0000 0.0000 0.0000	</row1>
					<row2>	0.9962 0.0000 0.0872 0.0000	</row2>
					<row3>	-1.0413 1.3281 -9.3851 1.0000	</row3>
				</transform>
			</node>
			<node>
				<identifier>	MP_AM156_Switch_Panel_3	</identifier>
				<transform>
					<row0>	0.0872 0.0000 0.9962 0.0000	</row0>
					<row1>	0.0000 1.0000 0.0000 0.0000	</row1>
					<row2>	-0.9962 0.0000 0.0872 0.0000	</row2>
					<row3>	1.0382 1.3290 -9.4202 1.0000	</row3>
				</transform>
			</node>
			<node>
				<identifier>	MP_AM156_Switch_Panel_3_INDEX_1	</identifier>
				<transform>
					<row0>	0.0872 0.0000 -0.9962 0.0000	</row0>
					<row1>	0.0000 1.0000 0.0000 0.0000	</row1>
					<row2>	0.9962 0.0000 0.0872 0.0000	</row2>
					<row3>	-1.0382 1.3281 -9.4202 1.0000	</row3>
				</transform>
			</node>
			<node>
				<identifier>	MP_AM189_Gasoline_Station	</identifier>
				<transform>
					<row0>	-0.0770 0.0000 -0.8565 0.0000	</row0>
					<row1>	0.0000 0.8600 0.0000 0.0000	</row1>
					<row2>	0.8565 0.0000 -0.0770 0.0000	</row2>
					<row3>	1.0826 1.2566 -9.1829 1.0000	</row3>
				</transform>
			</node>
			<node>
				<identifier>	MP_AM189_Gasoline_Station_INDEX_1	</identifier>
				<transform>
					<row0>	-0.0770 0.0000 0.8565 0.0000	</row0>
					<row1>	0.0000 0.8600 0.0000 0.0000	</row1>
					<row2>	-0.8565 0.0000 -0.0770 0.0000	</row2>
					<row3>	-1.0823 1.2565 -9.1829 1.0000	</row3>
				</transform>
			</node>
			<node>
				<identifier>	MP_AM2012_Floater_Net_Basket	</identifier>
				<transform>
					<row0>	-0.0915 0.0000 0.9958 0.0000	</row0>
					<row1>	0.0000 1.0000 0.0000 0.0000	</row1>
					<row2>	-0.9958 0.0000 -0.0915 0.0000	</row2>
					<row3>	-1.2276 1.2494 -8.6218 1.0000	</row3>
				</transform>
			</node>
			<node>
				<identifier>	MP_AM2012_Floater_Net_Basket_INDEX_1	</identifier>
				<transform>
					<row0>	-0.0906 0.0000 0.9959 0.0000	</row0>
					<row1>	0.0000 1.0000 0.0000 0.0000	</row1>
					<row2>	-0.9959 0.0000 -0.0906 0.0000	</row2>
					<row3>	-1.2089 1.2494 -8.8294 1.0000	</row3>
				</transform>
			</node>
			<node>
				<identifier>	MP_AM2012_Floater_Net_Basket_INDEX_10	</identifier>
				<transform>
					<row0>	-0.0882 0.0000 -0.9961 0.0000	</row0>
					<row1>	0.0000 1.0000 0.0000 0.0000	</row1>
					<row2>	0.9961 0.0000 -0.0882 0.0000	</row2>
					<row3>	1.3208 1.2494 -7.5879 1.0000	</row3>
				</transform>
			</node>
			<node>
				<identifier>	MP_AM2012_Floater_Net_Basket_INDEX_11	</identifier>
				<transform>
					<row0>	-0.0879 0.0000 -0.9961 0.0000	</row0>
					<row1>	0.0000 1.0000 0.0000 0.0000	</row1>
					<row2>	0.9961 0.0000 -0.0879 0.0000	</row2>
					<row3>	1.3022 1.2494 -7.7942 1.0000	</row3>
				</transform>
			</node>
			<node>
				<identifier>	MP_AM2012_Floater_Net_Basket_INDEX_12	</identifier>
				<transform>
					<row0>	-0.0880 0.0000 -0.9961 0.0000	</row0>
					<row1>	0.0000 1.0000 0.0000 0.0000	</row1>
					<row2>	0.9961 0.0000 -0.0880 0.0000	</row2>
					<row3>	1.2834 1.2494 -8.0027 1.0000	</row3>
				</transform>
			</node>
			<node>
				<identifier>	MP_AM2012_Floater_Net_Basket_INDEX_13	</identifier>
				<transform>
					<row0>	-0.0880 0.0000 -0.9961 0.0000	</row0>
					<row1>	0.0000 1.0000 0.0000 0.0000	</row1>
					<row2>	0.9961 0.0000 -0.0880 0.0000	</row2>
					<row3>	1.2648 1.2494 -8.2091 1.0000	</row3>
				</transform>
			</node>
			<node>
				<identifier>	MP_AM2012_Floater_Net_Basket_INDEX_14	</identifier>
				<transform>
					<row0>	-0.0913 0.0000 -0.9958 0.0000	</row0>
					<row1>	0.0000 1.0000 0.0000 0.0000	</row1>
					<row2>	0.9958 0.0000 -0.0913 0.0000	</row2>
					<row3>	1.2462 1.2494 -8.4154 1.0000	</row3>
				</transform>
			</node>
			<node>
				<identifier>	MP_AM2012_Floater_Net_Basket_INDEX_15	</identifier>
				<transform>
					<row0>	-0.0915 0.0000 -0.9958 0.0000	</row0>
					<row1>	0.0000 1.0000 0.0000 0.0000	</row1>
					<row2>	0.9958 0.0000 -0.0915 0.0000	</row2>
					<row3>	1.2276 1.2494 -8.6218 1.0000	</row3>
				</transform>
			</node>
			<node>
				<identifier>	MP_AM2012_Floater_Net_Basket_INDEX_16	</identifier>
				<transform>
					<row0>	-0.0906 0.0000 -0.9959 0.0000	</row0>
					<row1>	0.0000 1.0000 0.0000 0.0000	</row1>
					<row2>	0.9959 0.0000 -0.0906 0.0000	</row2>
					<row3>	1.2089 1.2494 -8.8294 1.0000	</row3>
				</transform>
			</node>
			<node>
				<identifier>	MP_AM2012_Floater_Net_Basket_INDEX_17	</identifier>
				<transform>
					<row0>	-0.0891 0.0000 -0.9960 0.0000	</row0>
					<row1>	0.0000 1.0000 0.0000 0.0000	</row1>
					<row2>	0.9960 0.0000 -0.0891 0.0000	</row2>
					<row3>	1.1903 1.2494 -9.0358 1.0000	</row3>
				</transform>
			</node>
			<node>
				<identifier>	MP_AM2012_Floater_Net_Basket_INDEX_18	</identifier>
				<transform>
					<row0>	-0.0889 0.0000 -0.9960 0.0000	</row0>
					<row1>	0.0000 1.0000 0.0000 0.0000	</row1>
					<row2>	0.9960 0.0000 -0.0889 0.0000	</row2>
					<row3>	1.1718 1.2494 -9.2419 1.0000	</row3>
				</transform>
			</node>
			<node>
				<identifier>	MP_AM2012_Floater_Net_Basket_INDEX_19	</identifier>
				<transform>
					<row0>	-0.0902 0.0000 -0.9959 0.0000	</row0>
					<row1>	0.0000 1.0000 0.0000 0.0000	</row1>
					<row2>	0.9959 0.0000 -0.0902 0.0000	</row2>
					<row3>	1.1532 1.2494 -9.4484 1.0000	</row3>
				</transform>
			</node>
			<node>
				<identifier>	MP_AM2012_Floater_Net_Basket_INDEX_2	</identifier>
				<transform>
					<row0>	-0.0889 0.0000 0.9960 0.0000	</row0>
					<row1>	0.0000 1.0000 0.0000 0.0000	</row1>
					<row2>	-0.9960 0.0000 -0.0889 0.0000	</row2>
					<row3>	-1.1718 1.2494 -9.2419 1.0000	</row3>
				</transform>
			</node>
			<node>
				<identifier>	MP_AM2012_Floater_Net_Basket_INDEX_3	</identifier>
				<transform>
					<row0>	-0.0891 0.0000 0.9960 0.0000	</row0>
					<row1>	0.0000 1.0000 0.0000 0.0000	</row1>
					<row2>	-0.9960 0.0000 -0.0891 0.0000	</row2>
					<row3>	-1.1903 1.2494 -9.0358 1.0000	</row3>
				</transform>
			</node>
			<node>
				<identifier>	MP_AM2012_Floater_Net_Basket_INDEX_4	</identifier>
				<transform>
					<row0>	-0.0913 0.0000 0.9958 0.0000	</row0>
					<row1>	0.0000 1.0000 0.0000 0.0000	</row1>
					<row2>	-0.9958 0.0000 -0.0913 0.0000	</row2>
					<row3>	-1.2462 1.2494 -8.4154 1.0000	</row3>
				</transform>
			</node>
			<node>
				<identifier>	MP_AM2012_Floater_Net_Basket_INDEX_5	</identifier>
				<transform>
					<row0>	-0.0879 0.0000 0.9961 0.0000	</row0>
					<row1>	0.0000 1.0000 0.0000 0.0000	</row1>
					<row2>	-0.9961 0.0000 -0.0879 0.0000	</row2>
					<row3>	-1.3022 1.2494 -7.7942 1.0000	</row3>
				</transform>
			</node>
			<node>
				<identifier>	MP_AM2012_Floater_Net_Basket_INDEX_6	</identifier>
				<transform>
					<row0>	-0.0880 0.0000 0.9961 0.0000	</row0>
					<row1>	0.0000 1.0000 0.0000 0.0000	</row1>
					<row2>	-0.9961 0.0000 -0.0880 0.0000	</row2>
					<row3>	-1.2648 1.2494 -8.2091 1.0000	</row3>
				</transform>
			</node>
			<node>
				<identifier>	MP_AM2012_Floater_Net_Basket_INDEX_7	</identifier>
				<transform>
					<row0>	-0.0902 0.0000 0.9959 0.0000	</row0>
					<row1>	0.0000 1.0000 0.0000 0.0000	</row1>
					<row2>	-0.9959 0.0000 -0.0902 0.0000	</row2>
					<row3>	-1.1532 1.2494 -9.4484 1.0000	</row3>
				</transform>
			</node>
			<node>
				<identifier>	MP_AM2012_Floater_Net_Basket_INDEX_8	</identifier>
				<transform>
					<row0>	-0.0880 0.0000 0.9961 0.0000	</row0>
					<row1>	0.0000 1.0000 0.0000 0.0000	</row1>
					<row2>	-0.9961 0.0000 -0.0880 0.0000	</row2>
					<row3>	-1.2834 1.2494 -8.0027 1.0000	</row3>
				</transform>
			</node>
			<node>
				<identifier>	MP_AM2012_Floater_Net_Basket_INDEX_9	</identifier>
				<transform>
					<row0>	-0.0882 0.0000 0.9961 0.0000	</row0>
					<row1>	0.0000 1.0000 0.0000 0.0000	</row1>
					<row2>	-0.9961 0.0000 -0.0882 0.0000	</row2>
					<row3>	-1.3208 1.2494 -7.5879 1.0000	</row3>
				</transform>
			</node>
			<node>
				<identifier>	MP_AM288_Franklin_Life_Buoy	</identifier>
				<transform>
					<row0>	0.9701 -0.1806 -0.1621 0.0000	</row0>
					<row1>	0.1784 0.9836 -0.0285 0.0000	</row1>
					<row2>	0.1646 -0.0013 0.9864 0.0000	</row2>
					<row3>	0.9261 0.5626 -9.5772 1.0000	</row3>
				</transform>
			</node>
			<node>
				<identifier>	MP_AM288_Franklin_Life_Buoy_INDEX_1	</identifier>
				<transform>
					<row0>	-0.9702 -0.1806 -0.1617 0.0000	</row0>
					<row1>	-0.1784 0.9836 -0.0285 0.0000	</row1>
					<row2>	0.1642 0.0012 -0.9864 0.0000	</row2>
					<row3>	-0.9261 0.5626 -9.5772 1.0000	</row3>
				</transform>
			</node>
			<node>
				<identifier>	MP_AM352_Stern_Light	</identifier>
				<transform>
					<row0>	0.0000 0.0000 -1.0000 0.0000	</row0>
					<row1>	0.0000 1.0000 0.0000 0.0000	</row1>
					<row2>	1.0000 0.0000 0.0000 0.0000	</row2>
					<row3>	0.0000 0.6795 -10.9052 1.0000	</row3>
				</transform>
			</node>
			<node>
				<identifier>	MP_AM473_Boat_Winch	</identifier>
				<transform>
					<row0>	0.1884 0.0000 0.9821 0.0000	</row0>
					<row1>	0.0000 1.0000 0.0000 0.0000	</row1>
					<row2>	-0.9821 0.0000 0.1884 0.0000	</row2>
					<row3>	0.6782 0.5440 -10.1961 1.0000	</row3>
				</transform>
			</node>
			<node>
				<identifier>	MP_AM473_Boat_Winch_INDEX_1	</identifier>
				<transform>
					<row0>	0.1884 0.0000 -0.9821 0.0000	</row0>
					<row1>	0.0000 1.0000 0.0000 0.0000	</row1>
					<row2>	0.9821 0.0000 0.1884 0.0000	</row2>
					<row3>	-0.6774 0.5440 -10.2000 1.0000	</row3>
				</transform>
			</node>
			<node>
				<identifier>	MP_AM559_Alarm_Tool	</identifier>
				<transform>
					<row0>	-0.1874 0.0000 -0.9823 0.0000	</row0>
					<row1>	0.0000 1.0000 0.0000 0.0000	</row1>
					<row2>	0.9823 0.0000 -0.1874 0.0000	</row2>
					<row3>	0.6404 0.6672 -10.2351 1.0000	</row3>
				</transform>
			</node>
			<node>
				<identifier>	MP_AM559_Alarm_Tool_INDEX_1	</identifier>
				<transform>
					<row0>	-0.1874 0.0000 0.9823 0.0000	</row0>
					<row1>	0.0000 1.0000 0.0000 0.0000	</row1>
					<row2>	-0.9823 0.0000 -0.1874 0.0000	</row2>
					<row3>	-0.6404 0.6672 -10.2351 1.0000	</row3>
				</transform>
			</node>
			<node>
				<identifier>	MP_AM608_Wake_Light	</identifier>
				<transform>
					<row0>	-1.0000 0.0000 0.0000 0.0000	</row0>
					<row1>	0.0000 1.0000 0.0000 0.0000	</row1>
					<row2>	0.0000 0.0000 -1.0000 0.0000	</row2>
					<row3>	0.1247 0.5126 -10.9094 1.0000	</row3>
				</transform>
			</node>
			<node>
				<identifier>	MP_AM725_Ammobox	</identifier>
				<transform>
					<row0>	0.0000 0.0000 -0.9452 0.0000	</row0>
					<row1>	0.0000 0.9452 0.0000 0.0000	</row1>
					<row2>	0.9452 0.0000 0.0000 0.0000	</row2>
					<row3>	-1.1459 0.5422 -6.1568 1.0000	</row3>
				</transform>
			</node>
			<node>
				<identifier>	MP_AM725_Ammobox_INDEX_1	</identifier>
				<transform>
					<row0>	0.0000 0.0000 0.9452 0.0000	</row0>
					<row1>	0.0000 0.9452 0.0000 0.0000	</row1>
					<row2>	-0.9452 0.0000 0.0000 0.0000	</row2>
					<row3>	1.1501 0.5422 -6.1558 1.0000	</row3>
				</transform>
			</node>
			<node>
				<identifier>	MP_CM002_Propeller4_L	</identifier>
				<transform>
					<row0>	1.7082 0.0000 -0.0300 0.0000	</row0>
					<row1>	0.0000 1.7085 0.0000 0.0000	</row1>
					<row2>	0.0300 0.0000 1.7082 0.0000	</row2>
					<row3>	-0.6982 -0.5026 -7.9085 1.0000	</row3>
				</transform>
			</node>
			<node>
				<identifier>	MP_CM003_Propeller5_L	</identifier>
				<transform>
					<row0>	1.7163 0.0000 0.0310 0.0000	</row0>
					<row1>	0.0000 1.7166 0.0000 0.0000	</row1>
					<row2>	-0.0310 0.0000 1.7163 0.0000	</row2>
					<row3>	-0.2977 -0.5026 -8.8055 1.0000	</row3>
				</transform>
			</node>
			<node>
				<identifier>	MP_CM010_Fire_Hose_Reel	</identifier>
				<transform>
					<row0>	0.0000 -1.2000 0.0000 0.0000	</row0>
					<row1>	1.2000 0.0000 0.0000 0.0000	</row1>
					<row2>	0.0000 0.0000 1.6643 0.0000	</row2>
					<row3>	1.5847 1.3330 -6.2462 1.0000	</row3>
				</transform>
			</node>
			<node>
				<identifier>	MP_CM010_Fire_Hose_Reel_INDEX_1	</identifier>
				<transform>
					<row0>	0.0000 -1.2000 0.0000 0.0000	</row0>
					<row1>	1.2000 0.0000 0.0000 0.0000	</row1>
					<row2>	0.0000 0.0000 1.6643 0.0000	</row2>
					<row3>	-1.5847 1.3330 -6.2462 1.0000	</row3>
				</transform>
			</node>
			<node>
				<identifier>	MP_CM011_Fire_Fighting_Gear	</identifier>
				<transform>
					<row0>	1.0000 0.0000 0.0000 0.0000	</row0>
					<row1>	0.0000 1.0000 0.0000 0.0000	</row1>
					<row2>	0.0000 0.0000 1.0000 0.0000	</row2>
					<row3>	-0.3576 0.5425 -10.3536 1.0000	</row3>
				</transform>
			</node>
			<node>
				<identifier>	MP_CM011_Fire_Fighting_Gear_INDEX_1	</identifier>
				<transform>
					<row0>	1.0000 0.0000 0.0000 0.0000	</row0>
					<row1>	0.0000 1.0000 0.0000 0.0000	</row1>
					<row2>	0.0000 0.0000 1.0000 0.0000	</row2>
					<row3>	0.3576 0.5425 -10.3536 1.0000	</row3>
				</transform>
			</node>
			<node>
				<identifier>	MP_CM011_Fire_Fighting_Gear_INDEX_2	</identifier>
				<transform>
					<row0>	0.0000 0.0000 1.0000 0.0000	</row0>
					<row1>	0.0000 1.0000 0.0000 0.0000	</row1>
					<row2>	-1.0000 0.0000 0.0000 0.0000	</row2>
					<row3>	0.8143 0.5425 -9.3041 1.0000	</row3>
				</transform>
			</node>
			<node>
				<identifier>	MP_CM011_Fire_Fighting_Gear_INDEX_3	</identifier>
				<transform>
					<row0>	0.0000 0.0000 -1.0000 0.0000	</row0>
					<row1>	0.0000 1.0000 0.0000 0.0000	</row1>
					<row2>	1.0000 0.0000 0.0000 0.0000	</row2>
					<row3>	-0.8143 0.5425 -9.3041 1.0000	</row3>
				</transform>
			</node>
			<node>
				<identifier>	MP_CM011_Fire_Fighting_Gear_INDEX_4	</identifier>
				<transform>
					<row0>	0.0000 0.0000 1.0000 0.0000	</row0>
					<row1>	0.0000 1.0000 0.0000 0.0000	</row1>
					<row2>	-1.0000 0.0000 0.0000 0.0000	</row2>
					<row3>	1.2825 0.8305 -6.8671 1.0000	</row3>
				</transform>
			</node>
			<node>
				<identifier>	MP_CM011_Fire_Fighting_Gear_INDEX_5	</identifier>
				<transform>
					<row0>	0.0000 0.0000 1.0000 0.0000	</row0>
					<row1>	0.0000 1.0000 0.0000 0.0000	</row1>
					<row2>	-1.0000 0.0000 0.0000 0.0000	</row2>
					<row3>	1.0924 0.8301 -9.0280 1.0000	</row3>
				</transform>
			</node>
			<node>
				<identifier>	MP_CM011_Fire_Fighting_Gear_INDEX_6	</identifier>
				<transform>
					<row0>	1.0000 0.0000 0.0000 0.0000	</row0>
					<row1>	0.0000 1.0000 0.0000 0.0000	</row1>
					<row2>	0.0000 0.0000 1.0000 0.0000	</row2>
					<row3>	1.5268 1.3345 -6.2195 1.0000	</row3>
				</transform>
			</node>
			<node>
				<identifier>	MP_CM011_Fire_Fighting_Gear_INDEX_7	</identifier>
				<transform>
					<row0>	0.0000 0.0000 -1.0000 0.0000	</row0>
					<row1>	0.0000 1.0000 0.0000 0.0000	</row1>
					<row2>	1.0000 0.0000 0.0000 0.0000	</row2>
					<row3>	-1.0924 0.8301 -9.0280 1.0000	</row3>
				</transform>
			</node>
			<node>
				<identifier>	MP_CM011_Fire_Fighting_Gear_INDEX_8	</identifier>
				<transform>
					<row0>	0.0000 0.0000 -1.0000 0.0000	</row0>
					<row1>	0.0000 1.0000 0.0000 0.0000	</row1>
					<row2>	1.0000 0.0000 0.0000 0.0000	</row2>
					<row3>	-1.2825 0.8305 -6.8671 1.0000	</row3>
				</transform>
			</node>
			<node>
				<identifier>	MP_CM011_Fire_Fighting_Gear_INDEX_9	</identifier>
				<transform>
					<row0>	1.0000 0.0000 0.0000 0.0000	</row0>
					<row1>	0.0000 1.0000 0.0000 0.0000	</row1>
					<row2>	0.0000 0.0000 1.0000 0.0000	</row2>
					<row3>	-1.5268 1.3345 -6.2195 1.0000	</row3>
				</transform>
			</node>
			<node>
				<identifier>	MP_CM012_Fire_Hose_Rack_1	</identifier>
				<transform>
					<row0>	-0.9865 0.0000 0.1638 0.0000	</row0>
					<row1>	0.0000 1.0000 0.0000 0.0000	</row1>
					<row2>	-0.1638 0.0000 -0.9865 0.0000	</row2>
					<row3>	0.7918 0.5956 -9.3492 1.0000	</row3>
				</transform>
			</node>
			<node>
				<identifier>	MP_CM012_Fire_Hose_Rack_1_INDEX_1	</identifier>
				<transform>
					<row0>	0.0000 0.0000 1.0000 0.0000	</row0>
					<row1>	0.0000 1.0000 0.0000 0.0000	</row1>
					<row2>	-1.0000 0.0000 0.0000 0.0000	</row2>
					<row3>	0.3167 0.6113 -10.3474 1.0000	</row3>
				</transform>
			</node>
			<node>
				<identifier>	MP_CM012_Fire_Hose_Rack_1_INDEX_10	</identifier>
				<transform>
					<row0>	0.9960 0.0174 0.0872 0.0000	</row0>
					<row1>	-0.0175 0.9998 0.0000 0.0000	</row1>
					<row2>	-0.0871 -0.0015 0.9962 0.0000	</row2>
					<row3>	-1.2596 0.9056 -6.9122 1.0000	</row3>
				</transform>
			</node>
			<node>
				<identifier>	MP_CM012_Fire_Hose_Rack_1_INDEX_11	</identifier>
				<transform>
					<row0>	0.9962 0.0000 0.0872 0.0000	</row0>
					<row1>	0.0000 1.0000 0.0000 0.0000	</row1>
					<row2>	-0.0872 0.0000 0.9962 0.0000	</row2>
					<row3>	-1.2326 1.2966 -7.2618 1.0000	</row3>
				</transform>
			</node>
			<node>
				<identifier>	MP_CM012_Fire_Hose_Rack_1_INDEX_12	</identifier>
				<transform>
					<row0>	0.9962 0.0000 0.0872 0.0000	</row0>
					<row1>	0.0000 1.0000 0.0000 0.0000	</row1>
					<row2>	-0.0872 0.0000 0.9962 0.0000	</row2>
					<row3>	-1.1071 1.3028 -8.6576 1.0000	</row3>
				</transform>
			</node>
			<node>
				<identifier>	MP_CM012_Fire_Hose_Rack_1_INDEX_13	</identifier>
				<transform>
					<row0>	0.9962 0.0000 0.0872 0.0000	</row0>
					<row1>	0.0000 1.0000 0.0000 0.0000	</row1>
					<row2>	-0.0872 0.0000 0.9962 0.0000	</row2>
					<row3>	-0.9988 1.2285 -9.8594 1.0000	</row3>
				</transform>
			</node>
			<node>
				<identifier>	MP_CM012_Fire_Hose_Rack_1_INDEX_2	</identifier>
				<transform>
					<row0>	0.0000 0.0000 1.0000 0.0000	</row0>
					<row1>	0.0000 1.0000 0.0000 0.0000	</row1>
					<row2>	-1.0000 0.0000 0.0000 0.0000	</row2>
					<row3>	-0.3167 0.6113 -10.3474 1.0000	</row3>
				</transform>
			</node>
			<node>
				<identifier>	MP_CM012_Fire_Hose_Rack_1_INDEX_3	</identifier>
				<transform>
					<row0>	0.9848 0.0000 0.1736 0.0000	</row0>
					<row1>	0.0000 1.0000 0.0000 0.0000	</row1>
					<row2>	-0.1736 0.0000 0.9848 0.0000	</row2>
					<row3>	-0.7917 0.5956 -9.3492 1.0000	</row3>
				</transform>
			</node>
			<node>
				<identifier>	MP_CM012_Fire_Hose_Rack_1_INDEX_4	</identifier>
				<transform>
					<row0>	-0.9961 0.0107 0.0876 0.0000	</row0>
					<row1>	0.0107 0.9999 -0.0009 0.0000	</row1>
					<row2>	-0.0876 0.0000 -0.9962 0.0000	</row2>
					<row3>	1.0795 0.9169 -8.9319 1.0000	</row3>
				</transform>
			</node>
			<node>
				<identifier>	MP_CM012_Fire_Hose_Rack_1_INDEX_5	</identifier>
				<transform>
					<row0>	-0.9967 0.0196 0.0792 0.0000	</row0>
					<row1>	0.0195 0.9998 -0.0016 0.0000	</row1>
					<row2>	-0.0792 0.0000 -0.9969 0.0000	</row2>
					<row3>	1.2596 0.9056 -6.9122 1.0000	</row3>
				</transform>
			</node>
			<node>
				<identifier>	MP_CM012_Fire_Hose_Rack_1_INDEX_6	</identifier>
				<transform>
					<row0>	-0.9962 0.0000 0.0872 0.0000	</row0>
					<row1>	0.0000 1.0000 0.0000 0.0000	</row1>
					<row2>	-0.0872 0.0000 -0.9962 0.0000	</row2>
					<row3>	0.9770 1.2285 -10.1010 1.0000	</row3>
				</transform>
			</node>
			<node>
				<identifier>	MP_CM012_Fire_Hose_Rack_1_INDEX_7	</identifier>
				<transform>
					<row0>	-0.9962 0.0000 0.0872 0.0000	</row0>
					<row1>	0.0000 1.0000 0.0000 0.0000	</row1>
					<row2>	-0.0872 0.0000 -0.9962 0.0000	</row2>
					<row3>	1.2326 1.2966 -7.2618 1.0000	</row3>
				</transform>
			</node>
			<node>
				<identifier>	MP_CM012_Fire_Hose_Rack_1_INDEX_8	</identifier>
				<transform>
					<row0>	-0.9962 0.0000 0.0872 0.0000	</row0>
					<row1>	0.0000 1.0000 0.0000 0.0000	</row1>
					<row2>	-0.0872 0.0000 -0.9962 0.0000	</row2>
					<row3>	1.1071 1.3028 -8.6576 1.0000	</row3>
				</transform>
			</node>
			<node>
				<identifier>	MP_CM012_Fire_Hose_Rack_1_INDEX_9	</identifier>
				<transform>
					<row0>	0.9960 0.0174 0.0872 0.0000	</row0>
					<row1>	-0.0175 0.9998 0.0000 0.0000	</row1>
					<row2>	-0.0871 -0.0015 0.9962 0.0000	</row2>
					<row3>	-1.0795 0.9169 -8.9319 1.0000	</row3>
				</transform>
			</node>
			<node>
				<identifier>	MP_CM029_Emergency_Box	</identifier>
				<transform>
					<row0>	0.1914 0.0000 0.9815 0.0000	</row0>
					<row1>	0.0000 1.0000 0.0000 0.0000	</row1>
					<row2>	-0.9815 0.0000 0.1914 0.0000	</row2>
					<row3>	0.6343 0.6185 -10.2931 1.0000	</row3>
				</transform>
			</node>
			<node>
				<identifier>	MP_CM029_Emergency_Box_INDEX_1	</identifier>
				<transform>
					<row0>	0.1914 0.0000 -0.9815 0.0000	</row0>
					<row1>	0.0000 1.0000 0.0000 0.0000	</row1>
					<row2>	0.9815 0.0000 0.1914 0.0000	</row2>
					<row3>	-0.6343 0.6185 -10.2931 1.0000	</row3>
				</transform>
			</node>
			<node>
				<identifier>	MP_CM033_Propeller4_R	</identifier>
				<transform>
					<row0>	1.7082 0.0000 0.0300 0.0000	</row0>
					<row1>	0.0000 1.7085 0.0000 0.0000	</row1>
					<row2>	-0.0300 0.0000 1.7082 0.0000	</row2>
					<row3>	0.6982 -0.5026 -7.9085 1.0000	</row3>
				</transform>
			</node>
			<node>
				<identifier>	MP_CM034_Propeller5_R	</identifier>
				<transform>
					<row0>	1.7163 0.0000 -0.0310 0.0000	</row0>
					<row1>	0.0000 1.7166 0.0000 0.0000	</row1>
					<row2>	0.0310 0.0000 1.7163 0.0000	</row2>
					<row3>	0.2977 -0.5026 -8.8055 1.0000	</row3>
				</transform>
			</node>
			<node>
				<identifier>	MP_CM051_Fire_Fighting_Gear	</identifier>
				<transform>
					<row0>	0.9962 0.0000 -0.0872 0.0000	</row0>
					<row1>	0.0000 -1.0000 0.0000 0.0000	</row1>
					<row2>	-0.0872 0.0000 -0.9962 0.0000	</row2>
					<row3>	1.2389 1.2934 -7.1991 1.0000	</row3>
				</transform>
			</node>
			<node>
				<identifier>	MP_CM051_Fire_Fighting_Gear_INDEX_1	</identifier>
				<transform>
					<row0>	0.9962 0.0000 -0.0872 0.0000	</row0>
					<row1>	0.0000 -1.0000 0.0000 0.0000	</row1>
					<row2>	-0.0872 0.0000 -0.9962 0.0000	</row2>
					<row3>	1.0999 1.2934 -8.7400 1.0000	</row3>
				</transform>
			</node>
			<node>
				<identifier>	MP_CM051_Fire_Fighting_Gear_INDEX_2	</identifier>
				<transform>
					<row0>	0.9962 0.0000 -0.0872 0.0000	</row0>
					<row1>	0.0000 -1.0000 0.0000 0.0000	</row1>
					<row2>	-0.0872 0.0000 -0.9962 0.0000	</row2>
					<row3>	0.9742 1.2097 -10.1333 1.0000	</row3>
				</transform>
			</node>
			<node>
				<identifier>	MP_CM051_Fire_Fighting_Gear_INDEX_3	</identifier>
				<transform>
					<row0>	-0.9962 0.0000 -0.0872 0.0000	</row0>
					<row1>	0.0000 -1.0000 0.0000 0.0000	</row1>
					<row2>	-0.0872 0.0000 0.9962 0.0000	</row2>
					<row3>	-1.2389 1.2934 -7.1991 1.0000	</row3>
				</transform>
			</node>
			<node>
				<identifier>	MP_CM051_Fire_Fighting_Gear_INDEX_4	</identifier>
				<transform>
					<row0>	-0.9962 0.0000 -0.0872 0.0000	</row0>
					<row1>	0.0000 -1.0000 0.0000 0.0000	</row1>
					<row2>	-0.0872 0.0000 0.9962 0.0000	</row2>
					<row3>	-1.0999 1.2934 -8.7400 1.0000	</row3>
				</transform>
			</node>
			<node>
				<identifier>	MP_CM051_Fire_Fighting_Gear_INDEX_5	</identifier>
				<transform>
					<row0>	-0.9962 0.0000 -0.0872 0.0000	</row0>
					<row1>	0.0000 -1.0000 0.0000 0.0000	</row1>
					<row2>	-0.0872 0.0000 0.9962 0.0000	</row2>
					<row3>	-0.9924 1.2097 -9.9310 1.0000	</row3>
				</transform>
			</node>
			<node>
				<identifier>	MP_CM052_Fender	</identifier>
				<transform>
					<row0>	-0.1648 0.0000 -0.8492 0.0000	</row0>
					<row1>	0.0000 0.8650 0.0000 0.0000	</row1>
					<row2>	0.8492 0.0000 -0.1648 0.0000	</row2>
					<row3>	0.6890 0.5423 -10.1284 1.0000	</row3>
				</transform>
			</node>
			<node>
				<identifier>	MP_CM052_Fender_INDEX_1	</identifier>
				<transform>
					<row0>	-0.1648 0.0000 -0.8492 0.0000	</row0>
					<row1>	0.0000 0.8650 0.0000 0.0000	</row1>
					<row2>	0.8492 0.0000 -0.1648 0.0000	</row2>
					<row3>	0.7002 0.5423 -10.0706 1.0000	</row3>
				</transform>
			</node>
			<node>
				<identifier>	MP_CM052_Fender_INDEX_2	</identifier>
				<transform>
					<row0>	-0.1648 0.0000 0.8492 0.0000	</row0>
					<row1>	0.0000 0.8650 0.0000 0.0000	</row1>
					<row2>	-0.8492 0.0000 -0.1648 0.0000	</row2>
					<row3>	-0.6890 0.5423 -10.1284 1.0000	</row3>
				</transform>
			</node>
			<node>
				<identifier>	MP_CM052_Fender_INDEX_3	</identifier>
				<transform>
					<row0>	-0.1648 0.0000 0.8492 0.0000	</row0>
					<row1>	0.0000 0.8650 0.0000 0.0000	</row1>
					<row2>	-0.8492 0.0000 -0.1648 0.0000	</row2>
					<row3>	-0.7002 0.5423 -10.0706 1.0000	</row3>
				</transform>
			</node>
			<node>
				<identifier>	MP_CM052_Fender_INDEX_4	</identifier>
				<transform>
					<row0>	-0.8567 0.0000 -0.1198 0.0000	</row0>
					<row1>	0.0000 0.8650 0.0000 0.0000	</row1>
					<row2>	0.1198 0.0000 -0.8567 0.0000	</row2>
					<row3>	1.4307 0.8291 -6.8746 1.0000	</row3>
				</transform>
			</node>
			<node>
