<GSB033_Derfflinger_1915_MidFront_ports.visual>
	<node>
		<identifier>	Scene Root	</identifier>
		<transform>
			<row0>	1.0000 0.0000 0.0000 0.0000	</row0>
			<row1>	0.0000 1.0000 0.0000 0.0000	</row1>
			<row2>	0.0000 0.0000 1.0000 0.0000	</row2>
			<row3>	0.0000 0.0000 0.0000 1.0000	</row3>
		</transform>
		<node>
			<identifier>	MidFront_ports	</identifier>
			<transform>
				<row0>	1.0000 0.0000 0.0000 0.0000	</row0>
				<row1>	0.0000 1.0000 0.0000 0.0000	</row1>
				<row2>	0.0000 0.0000 1.0000 0.0000	</row2>
				<row3>	0.0000 0.0000 0.0000 1.0000	</row3>
			</transform>
			<node>
				<identifier>	HP_FX_Death_1	</identifier>
				<transform>
					<row0>	1.0000 0.0000 0.0000 0.0000	</row0>
					<row1>	0.0000 1.0000 0.0000 0.0000	</row1>
					<row2>	0.0000 0.0000 1.0000 0.0000	</row2>
					<row3>	0.0000 0.0000 3.2616 1.0000	</row3>
				</transform>
			</node>
			<node>
				<identifier>	HP_FX_Fire_2	</identifier>
				<transform>
					<row0>	1.0000 0.0000 0.0000 0.0000	</row0>
					<row1>	0.0000 1.0000 0.0000 0.0000	</row1>
					<row2>	0.0000 0.0000 1.0000 0.0000	</row2>
					<row3>	0.0000 0.6741 1.4000 1.0000	</row3>
				</transform>
			</node>
			<node>
				<identifier>	HP_FX_Fire_2_side_1	</identifier>
				<transform>
					<row0>	0.8246 0.0000 -0.5657 0.0000	</row0>
					<row1>	0.0000 1.0000 0.0000 0.0000	</row1>
					<row2>	0.5657 0.0000 0.8246 0.0000	</row2>
					<row3>	-0.5426 0.2979 3.3114 1.0000	</row3>
				</transform>
			</node>
			<node>
				<identifier>	HP_FX_Fire_2_side_2	</identifier>
				<transform>
					<row0>	0.6019 0.0000 0.7985 0.0000	</row0>
					<row1>	0.0000 1.0000 0.0000 0.0000	</row1>
					<row2>	-0.7985 0.0000 0.6019 0.0000	</row2>
					<row3>	0.6177 0.5589 0.3996 1.0000	</row3>
				</transform>
			</node>
			<node>
				<identifier>	HP_FX_Fire_5	</identifier>
				<transform>
					<row0>	1.0000 0.0000 0.0000 0.0000	</row0>
					<row1>	0.0000 1.0000 0.0000 0.0000	</row1>
					<row2>	0.0000 0.0000 1.0000 0.0000	</row2>
					<row3>	0.0000 0.5417 0.1837 1.0000	</row3>
				</transform>
			</node>
			<node>
				<identifier>	HP_FX_FloodLight_left_2	</identifier>
				<transform>
					<row0>	-0.9696 0.0000 0.2446 0.0000	</row0>
					<row1>	0.0000 1.0000 0.0000 0.0000	</row1>
					<row2>	-0.2446 0.0000 -0.9696 0.0000	</row2>
					<row3>	-0.3908 0.6347 1.5292 1.0000	</row3>
				</transform>
			</node>
			<node>
				<identifier>	HP_FX_FloodLight_right_2	</identifier>
				<transform>
					<row0>	0.8670 0.0000 0.4983 0.0000	</row0>
					<row1>	0.0000 1.0000 0.0000 0.0000	</row1>
					<row2>	-0.4983 0.0000 0.8670 0.0000	</row2>
					<row3>	0.3908 0.6347 1.5292 1.0000	</row3>
				</transform>
			</node>
			<node>
				<identifier>	HP_FX_Flood_steam_1	</identifier>
				<transform>
					<row0>	0.9193 0.3935 0.0000 0.0000	</row0>
					<row1>	-0.3935 0.9193 0.0000 0.0000	</row1>
					<row2>	0.0000 0.0000 1.0000 0.0000	</row2>
					<row3>	-0.0930 1.3603 1.0325 1.0000	</row3>
				</transform>
			</node>
			<node>
				<identifier>	HP_FX_Flood_steam_2	</identifier>
				<transform>
					<row0>	0.9193 -0.3935 0.0000 0.0000	</row0>
					<row1>	0.3935 0.9193 0.0000 0.0000	</row1>
					<row2>	0.0000 0.0000 1.0000 0.0000	</row2>
					<row3>	0.0930 1.3603 1.0325 1.0000	</row3>
				</transform>
			</node>
			<node>
				<identifier>	HP_FX_Flood_steam_left	</identifier>
				<transform>
					<row0>	-0.9764 0.0000 0.2163 0.0000	</row0>
					<row1>	0.0000 1.0000 0.0000 0.0000	</row1>
					<row2>	-0.2163 0.0000 -0.9764 0.0000	</row2>
					<row3>	-0.4159 0.5221 1.6512 1.0000	</row3>
				</transform>
			</node>
			<node>
				<identifier>	HP_FX_RepairLight_right_1	</identifier>
				<transform>
					<row0>	0.1012 0.0000 -0.9949 0.0000	</row0>
					<row1>	0.0000 1.0000 0.0000 0.0000	</row1>
					<row2>	0.9949 0.0000 0.1012 0.0000	</row2>
					<row3>	0.6281 0.3145 3.6827 1.0000	</row3>
				</transform>
			</node>
			<node>
				<identifier>	HP_FX_Smoke_1	</identifier>
				<transform>
					<row0>	0.9986 -0.0533 0.0000 0.0000	</row0>
					<row1>	0.0533 0.9986 0.0000 0.0000	</row1>
					<row2>	0.0000 0.0000 1.0000 0.0000	</row2>
					<row3>	0.0000 1.2836 0.8422 1.0000	</row3>
				</transform>
			</node>
			<node>
				<identifier>	HP_GF_1	</identifier>
				<transform>
					<row0>	1.0000 0.0000 0.0000 0.0000	</row0>
					<row1>	0.0000 1.0000 0.0000 0.0000	</row1>
					<row2>	0.0000 0.0000 1.0000 0.0000	</row2>
					<row3>	0.0000 0.8877 1.7539 1.0000	</row3>
				</transform>
			</node>
			<node>
				<identifier>	HP_GGA_1	</identifier>
				<transform>
					<row0>	0.7071 0.0000 0.7071 0.0000	</row0>
					<row1>	0.0000 1.0000 0.0000 0.0000	</row1>
					<row2>	-0.7071 0.0000 0.7071 0.0000	</row2>
					<row3>	-0.4685 0.2910 3.0767 1.0000	</row3>
				</transform>
			</node>
			<node>
				<identifier>	HP_GGA_2	</identifier>
				<transform>
					<row0>	0.7071 0.0000 -0.7071 0.0000	</row0>
					<row1>	0.0000 1.0000 0.0000 0.0000	</row1>
					<row2>	0.7071 0.0000 0.7071 0.0000	</row2>
					<row3>	0.4685 0.2910 3.0767 1.0000	</row3>
				</transform>
			</node>
			<node>
				<identifier>	HP_GGA_3	</identifier>
				<transform>
					<row0>	0.7071 0.0000 0.7071 0.0000	</row0>
					<row1>	0.0000 1.0000 0.0000 0.0000	</row1>
					<row2>	-0.7071 0.0000 0.7071 0.0000	</row2>
					<row3>	-0.6289 0.2717 2.5691 1.0000	</row3>
				</transform>
			</node>
			<node>
				<identifier>	HP_GGA_4	</identifier>
				<transform>
					<row0>	0.7071 0.0000 -0.7071 0.0000	</row0>
					<row1>	0.0000 1.0000 0.0000 0.0000	</row1>
					<row2>	0.7071 0.0000 0.7071 0.0000	</row2>
					<row3>	0.6289 0.2717 2.5691 1.0000	</row3>
				</transform>
			</node>
			<node>
				<identifier>	HP_GGA_5	</identifier>
				<transform>
					<row0>	0.7071 0.0000 0.7071 0.0000	</row0>
					<row1>	0.0000 1.0000 0.0000 0.0000	</row1>
					<row2>	-0.7071 0.0000 0.7071 0.0000	</row2>
					<row3>	-0.3417 0.7118 1.5061 1.0000	</row3>
				</transform>
			</node>
			<node>
				<identifier>	HP_GGA_6	</identifier>
				<transform>
					<row0>	0.7071 0.0000 -0.7071 0.0000	</row0>
					<row1>	0.0000 1.0000 0.0000 0.0000	</row1>
					<row2>	0.7071 0.0000 0.7071 0.0000	</row2>
					<row3>	0.3417 0.7118 1.5061 1.0000	</row3>
				</transform>
			</node>
			<node>
				<identifier>	HP_GGA_7	</identifier>
				<transform>
					<row0>	0.7071 0.0000 0.7071 0.0000	</row0>
					<row1>	0.0000 1.0000 0.0000 0.0000	</row1>
					<row2>	-0.7071 0.0000 0.7071 0.0000	</row2>
					<row3>	-0.7793 0.3977 1.4845 1.0000	</row3>
				</transform>
			</node>
			<node>
				<identifier>	HP_GGA_8	</identifier>
				<transform>
					<row0>	0.7071 0.0000 -0.7071 0.0000	</row0>
					<row1>	0.0000 1.0000 0.0000 0.0000	</row1>
					<row2>	0.7071 0.0000 0.7071 0.0000	</row2>
					<row3>	0.7793 0.3977 1.4845 1.0000	</row3>
				</transform>
			</node>
			<node>
				<identifier>	HP_GGM_1	</identifier>
				<transform>
					<row0>	1.0000 0.0000 0.0000 0.0000	</row0>
					<row1>	0.0000 1.0000 0.0000 0.0000	</row1>
					<row2>	0.0000 0.0000 1.0000 0.0000	</row2>
					<row3>	0.0003 0.4189 3.4228 1.0000	</row3>
				</transform>
			</node>
			<node>
				<identifier>	HP_GGM_2	</identifier>
				<transform>
					<row0>	1.0000 0.0000 0.0000 0.0000	</row0>
					<row1>	0.0000 1.0000 0.0000 0.0000	</row1>
					<row2>	0.0000 0.0000 1.0000 0.0000	</row2>
					<row3>	0.0000 0.5954 2.5484 1.0000	</row3>
				</transform>
			</node>
			<node>
				<identifier>	HP_GGS_1	</identifier>
				<transform>
					<row0>	1.0000 0.0000 0.0000 0.0000	</row0>
					<row1>	0.0000 1.0000 0.0000 0.0000	</row1>
					<row2>	0.0000 0.0000 1.0000 0.0000	</row2>
					<row3>	-0.7308 0.2993 1.6360 1.0000	</row3>
				</transform>
			</node>
			<node>
				<identifier>	HP_GGS_10	</identifier>
				<transform>
					<row0>	0.0000 0.0000 -1.0000 0.0000	</row0>
					<row1>	0.0000 1.0000 0.0000 0.0000	</row1>
					<row2>	1.0000 0.0000 0.0000 0.0000	</row2>
					<row3>	0.6672 0.5482 0.4677 1.0000	</row3>
				</transform>
			</node>
			<node>
				<identifier>	HP_GGS_2	</identifier>
				<transform>
					<row0>	1.0000 0.0000 0.0000 0.0000	</row0>
					<row1>	0.0000 1.0000 0.0000 0.0000	</row1>
					<row2>	0.0000 0.0000 1.0000 0.0000	</row2>
					<row3>	0.7308 0.2993 1.6360 1.0000	</row3>
				</transform>
			</node>
			<node>
				<identifier>	HP_GGS_3	</identifier>
				<transform>
					<row0>	0.9848 0.0000 0.1736 0.0000	</row0>
					<row1>	0.0000 1.0000 0.0000 0.0000	</row1>
					<row2>	-0.1736 0.0000 0.9848 0.0000	</row2>
					<row3>	-0.8016 0.2863 1.1034 1.0000	</row3>
				</transform>
			</node>
			<node>
				<identifier>	HP_GGS_4	</identifier>
				<transform>
					<row0>	0.9848 0.0000 -0.1736 0.0000	</row0>
					<row1>	0.0000 1.0000 0.0000 0.0000	</row1>
					<row2>	0.1736 0.0000 0.9848 0.0000	</row2>
					<row3>	0.8016 0.2863 1.1034 1.0000	</row3>
				</transform>
			</node>
			<node>
				<identifier>	HP_GGS_5	</identifier>
				<transform>
					<row0>	0.0000 0.0000 1.0000 0.0000	</row0>
					<row1>	0.0000 1.0000 0.0000 0.0000	</row1>
					<row2>	-1.0000 0.0000 0.0000 0.0000	</row2>
					<row3>	-0.5380 0.5537 0.9696 1.0000	</row3>
				</transform>
			</node>
			<node>
				<identifier>	HP_GGS_6	</identifier>
				<transform>
					<row0>	0.0000 0.0000 -1.0000 0.0000	</row0>
					<row1>	0.0000 1.0000 0.0000 0.0000	</row1>
					<row2>	1.0000 0.0000 0.0000 0.0000	</row2>
					<row3>	0.5380 0.5537 0.9696 1.0000	</row3>
				</transform>
			</node>
			<node>
				<identifier>	HP_GGS_7	</identifier>
				<transform>
					<row0>	0.9848 0.0000 0.1736 0.0000	</row0>
					<row1>	0.0000 1.0000 0.0000 0.0000	</row1>
					<row2>	-0.1736 0.0000 0.9848 0.0000	</row2>
					<row3>	-0.8338 0.2786 0.5013 1.0000	</row3>
				</transform>
			</node>
			<node>
				<identifier>	HP_GGS_8	</identifier>
				<transform>
					<row0>	0.9848 0.0000 -0.1736 0.0000	</row0>
					<row1>	0.0000 1.0000 0.0000 0.0000	</row1>
					<row2>	0.1736 0.0000 0.9848 0.0000	</row2>
					<row3>	0.8338 0.2786 0.5013 1.0000	</row3>
				</transform>
			</node>
			<node>
				<identifier>	HP_GGS_9	</identifier>
				<transform>
					<row0>	0.0000 0.0000 1.0000 0.0000	</row0>
					<row1>	0.0000 1.0000 0.0000 0.0000	</row1>
					<row2>	-1.0000 0.0000 0.0000 0.0000	</row2>
					<row3>	-0.6672 0.5482 0.4677 1.0000	</row3>
				</transform>
			</node>
			<node>
				<identifier>	HP_Ship_death_2	</identifier>
				<transform>
					<row0>	1.0000 0.0000 0.0000 0.0000	</row0>
					<row1>	0.0000 1.0000 0.0000 0.0000	</row1>
					<row2>	0.0000 0.0000 1.0000 0.0000	</row2>
					<row3>	0.0000 0.0240 0.0648 1.0000	</row3>
				</transform>
			</node>
			<node>
				<identifier>	HP_flag_1	</identifier>
				<transform>
					<row0>	0.9959 0.0894 0.0144 0.0000	</row0>
					<row1>	-0.0894 0.9457 0.3126 0.0000	</row1>
					<row2>	0.0144 -0.3126 0.9498 0.0000	</row2>
					<row3>	0.1910 1.9238 1.4203 1.0000	</row3>
				</transform>
			</node>
			<node>
				<identifier>	HP_flag_2	</identifier>
				<transform>
					<row0>	0.9942 -0.1063 -0.0151 0.0000	</row0>
					<row1>	0.1063 0.9549 0.2773 0.0000	</row1>
					<row2>	-0.0151 -0.2773 0.9607 0.0000	</row2>
					<row3>	-0.1918 1.9234 1.4220 1.0000	</row3>
				</transform>
			</node>
			<node>
				<identifier>	HP_flag_3	</identifier>
				<transform>
					<row0>	0.9953 -0.0952 -0.0153 0.0000	</row0>
					<row1>	0.0952 0.9454 0.3117 0.0000	</row1>
					<row2>	-0.0153 -0.3117 0.9501 0.0000	</row2>
					<row3>	0.4768 1.9209 1.4194 1.0000	</row3>
				</transform>
			</node>
			<node>
				<identifier>	HP_flag_4	</identifier>
				<transform>
					<row0>	0.9968 0.0789 0.0113 0.0000	</row0>
					<row1>	-0.0789 0.9570 0.2791 0.0000	</row1>
					<row2>	0.0113 -0.2791 0.9602 0.0000	</row2>
					<row3>	-0.4765 1.9205 1.4210 1.0000	</row3>
				</transform>
			</node>
			<node>
				<identifier>	HP_flag_courtesy	</identifier>
				<transform>
					<row0>	0.9840 -0.1759 -0.0282 0.0000	</row0>
					<row1>	0.1759 0.9341 0.3105 0.0000	</row1>
					<row2>	-0.0282 -0.3105 0.9501 0.0000	</row2>
					<row3>	0.6056 1.9207 1.4192 1.0000	</row3>
				</transform>
			</node>
			<node>
				<identifier>	HP_flag_house	</identifier>
				<transform>
					<row0>	0.9866 0.1615 0.0232 0.0000	</row0>
					<row1>	-0.1615 0.9465 0.2795 0.0000	</row1>
					<row2>	0.0232 -0.2795 0.9599 0.0000	</row2>
					<row3>	-0.6052 1.9202 1.4208 1.0000	</row3>
				</transform>
			</node>
			<node>
				<identifier>	HP_flag_rank	</identifier>
				<transform>
					<row0>	1.0000 0.0000 0.0000 0.0000	</row0>
					<row1>	0.0000 0.9999 -0.0115 0.0000	</row1>
					<row2>	0.0000 0.0115 0.9999 0.0000	</row2>
					<row3>	0.0000 2.7961 1.4363 1.0000	</row3>
				</transform>
			</node>
			<node>
				<identifier>	MP_CM011_Fire_Fighting_Gear	</identifier>
				<transform>
					<row0>	-1.0000 0.0000 0.0000 0.0000	</row0>
					<row1>	0.0000 1.0000 0.0000 0.0000	</row1>
					<row2>	0.0000 0.0000 -1.0000 0.0000	</row2>
					<row3>	-0.0902 0.3195 3.7183 1.0000	</row3>
				</transform>
			</node>
			<node>
				<identifier>	MP_CM011_Fire_Fighting_Gear_INDEX_1	</identifier>
				<transform>
					<row0>	0.0000 0.0000 -1.0000 0.0000	</row0>
					<row1>	0.0000 1.0000 0.0000 0.0000	</row1>
					<row2>	1.0000 0.0000 0.0000 0.0000	</row2>
					<row3>	-0.2582 0.5524 0.5497 1.0000	</row3>
				</transform>
			</node>
			<node>
				<identifier>	MP_CM011_Fire_Fighting_Gear_INDEX_2	</identifier>
				<transform>
					<row0>	1.0000 0.0000 0.0000 0.0000	</row0>
					<row1>	0.0000 1.0000 0.0000 0.0000	</row1>
					<row2>	0.0000 0.0000 1.0000 0.0000	</row2>
					<row3>	0.0003 0.2974 3.0843 1.0000	</row3>
				</transform>
			</node>
			<node>
				<identifier>	MP_CM011_Fire_Fighting_Gear_INDEX_3	</identifier>
				<transform>
					<row0>	0.0000 0.0000 1.0000 0.0000	</row0>
					<row1>	0.0000 1.0000 0.0000 0.0000	</row1>
					<row2>	-1.0000 0.0000 0.0000 0.0000	</row2>
					<row3>	0.2582 0.5524 0.5497 1.0000	</row3>
				</transform>
			</node>
			<node>
				<identifier>	MP_CM011_Fire_Fighting_Gear_INDEX_4	</identifier>
				<transform>
					<row0>	-1.0000 0.0000 0.0000 0.0000	</row0>
					<row1>	0.0000 1.0000 0.0000 0.0000	</row1>
					<row2>	0.0000 0.0000 -1.0000 0.0000	</row2>
					<row3>	0.1218 0.4209 2.0916 1.0000	</row3>
				</transform>
			</node>
			<node>
				<identifier>	MP_CM029_Emergency_Box	</identifier>
				<transform>
					<row0>	0.0000 0.0000 1.0000 0.0000	</row0>
					<row1>	0.0000 1.0000 0.0000 0.0000	</row1>
					<row2>	-1.0000 0.0000 0.0000 0.0000	</row2>
					<row3>	0.3887 0.7544 1.3598 1.0000	</row3>
				</transform>
			</node>
			<node>
				<identifier>	MP_CM029_Emergency_Box_INDEX_1	</identifier>
				<transform>
					<row0>	-1.0000 0.0000 0.0000 0.0000	</row0>
					<row1>	0.0000 1.0000 0.0000 0.0000	</row1>
					<row2>	0.0000 0.0000 -1.0000 0.0000	</row2>
					<row3>	0.0662 0.7574 1.4249 1.0000	</row3>
				</transform>
			</node>
			<node>
				<identifier>	MP_CM029_Emergency_Box_INDEX_2	</identifier>
				<transform>
					<row0>	0.2267 0.0000 0.9740 0.0000	</row0>
					<row1>	0.0000 1.0000 0.0000 0.0000	</row1>
					<row2>	-0.9740 0.0000 0.2267 0.0000	</row2>
					<row3>	-0.6248 0.6306 0.6993 1.0000	</row3>
				</transform>
			</node>
			<node>
				<identifier>	MP_CM029_Emergency_Box_INDEX_3	</identifier>
				<transform>
					<row0>	1.0000 0.0000 0.0000 0.0000	</row0>
					<row1>	0.0000 1.0000 0.0000 0.0000	</row1>
					<row2>	0.0000 0.0000 1.0000 0.0000	</row2>
					<row3>	0.4813 0.6188 1.1904 1.0000	</row3>
				</transform>
			</node>
			<node>
				<identifier>	MP_CM029_Emergency_Box_INDEX_4	</identifier>
				<transform>
					<row0>	0.2267 0.0000 -0.9740 0.0000	</row0>
					<row1>	0.0000 1.0000 0.0000 0.0000	</row1>
					<row2>	0.9740 0.0000 0.2267 0.0000	</row2>
					<row3>	0.6248 0.6306 0.6993 1.0000	</row3>
				</transform>
			</node>
			<node>
				<identifier>	MP_CM029_Emergency_Box_INDEX_5	</identifier>
				<transform>
					<row0>	1.0000 0.0000 0.0000 0.0000	</row0>
					<row1>	0.0000 1.0000 0.0000 0.0000	</row1>
					<row2>	0.0000 0.0000 1.0000 0.0000	</row2>
					<row3>	-0.4813 0.6188 1.1904 1.0000	</row3>
				</transform>
			</node>
			<node>
				<identifier>	MP_CM029_Emergency_Box_INDEX_6	</identifier>
				<transform>
					<row0>	0.0000 0.0000 -1.0000 0.0000	</row0>
					<row1>	0.0000 1.0000 0.0000 0.0000	</row1>
					<row2>	1.0000 0.0000 0.0000 0.0000	</row2>
					<row3>	-0.3887 0.7544 1.3598 1.0000	</row3>
				</transform>
			</node>
			<node>
				<identifier>	MP_CM030_Swab_Rack_2	</identifier>
				<transform>
					<row0>	-1.0000 0.0000 0.0000 0.0000	</row0>
					<row1>	0.0000 1.0000 0.0000 0.0000	</row1>
					<row2>	0.0000 0.0000 -1.0000 0.0000	</row2>
					<row3>	0.0000 0.7104 1.1465 1.0000	</row3>
				</transform>
			</node>
			<node>
				<identifier>	MP_CM040_Steering_Wheel	</identifier>
				<transform>
					<row0>	1.0000 0.0000 0.0000 0.0000	</row0>
					<row1>	0.0000 1.0000 0.0000 0.0000	</row1>
					<row2>	0.0000 0.0000 1.0000 0.0000	</row2>
					<row3>	0.0268 0.7116 2.0503 1.0000	</row3>
				</transform>
			</node>
			<node>
				<identifier>	MP_CM052_Fender	</identifier>
				<transform>
					<row0>	0.5844 0.0000 -0.8115 0.0000	</row0>
					<row1>	0.0000 1.0000 0.0000 0.0000	</row1>
					<row2>	0.8115 0.0000 0.5844 0.0000	</row2>
					<row3>	0.5861 0.2619 2.0774 1.0000	</row3>
				</transform>
			</node>
			<node>
				<identifier>	MP_CM052_Fender_INDEX_1	</identifier>
				<transform>
					<row0>	0.4703 0.0000 -0.8825 0.0000	</row0>
					<row1>	0.0000 1.0000 0.0000 0.0000	</row1>
					<row2>	0.8825 0.0000 0.4703 0.0000	</row2>
					<row3>	0.2976 0.2829 2.7043 1.0000	</row3>
				</transform>
			</node>
			<node>
				<identifier>	MP_CM052_Fender_INDEX_2	</identifier>
				<transform>
					<row0>	0.5844 0.0000 0.8115 0.0000	</row0>
					<row1>	0.0000 1.0000 0.0000 0.0000	</row1>
					<row2>	-0.8115 0.0000 0.5844 0.0000	</row2>
					<row3>	-0.5861 0.2619 2.0774 1.0000	</row3>
				</transform>
			</node>
			<node>
				<identifier>	MP_CM052_Fender_INDEX_3	</identifier>
				<transform>
					<row0>	0.4703 0.0000 0.8825 0.0000	</row0>
					<row1>	0.0000 1.0000 0.0000 0.0000	</row1>
					<row2>	-0.8825 0.0000 0.4703 0.0000	</row2>
					<row3>	-0.2976 0.2829 2.7043 1.0000	</row3>
				</transform>
			</node>
			<node>
				<identifier>	MP_CM056_Ships_bell	</identifier>
				<transform>
					<row0>	0.9843 0.0000 0.0000 0.0000	</row0>
					<row1>	0.0000 0.9843 0.0000 0.0000	</row1>
					<row2>	0.0000 0.0000 0.9843 0.0000	</row2>
					<row3>	0.0475 0.9121 0.5099 1.0000	</row3>
				</transform>
			</node>
			<node>
				<identifier>	MP_CM093_Rope	</identifier>
				<transform>
					<row0>	0.7919 0.0000 0.0000 0.0000	</row0>
					<row1>	0.0000 0.7069 0.0000 0.0000	</row1>
					<row2>	0.0000 0.0000 0.7320 0.0000	</row2>
					<row3>	-0.1593 0.8107 0.9171 1.0000	</row3>
				</transform>
			</node>
			<node>
				<identifier>	MP_CM093_Rope_INDEX_1	</identifier>
				<transform>
					<row0>	0.7859 0.0000 0.0000 0.0000	</row0>
					<row1>	0.0000 0.9787 0.0000 0.0000	</row1>
					<row2>	0.0000 0.0000 0.7859 0.0000	</row2>
					<row3>	-0.1593 0.8107 0.9020 1.0000	</row3>
				</transform>
			</node>
			<node>
				<identifier>	MP_CM093_Rope_INDEX_2	</identifier>
				<transform>
					<row0>	0.7859 0.0000 0.0000 0.0000	</row0>
					<row1>	0.0000 0.9787 0.0000 0.0000	</row1>
					<row2>	0.0000 0.0000 0.7859 0.0000	</row2>
					<row3>	0.1593 0.8107 0.9020 1.0000	</row3>
				</transform>
			</node>
			<node>
				<identifier>	MP_CM093_Rope_INDEX_3	</identifier>
				<transform>
					<row0>	0.7919 0.0000 0.0000 0.0000	</row0>
					<row1>	0.0000 0.7069 0.0000 0.0000	</row1>
					<row2>	0.0000 0.0000 0.7320 0.0000	</row2>
					<row3>	0.1593 0.8107 0.9171 1.0000	</row3>
				</transform>
			</node>
			<node>
				<identifier>	MP_CM126_Cleat	</identifier>
				<transform>
					<row0>	0.9972 0.0000 0.0742 0.0000	</row0>
					<row1>	0.0000 1.0000 0.0000 0.0000	</row1>
					<row2>	-0.0742 0.0000 0.9972 0.0000	</row2>
					<row3>	0.7802 0.2594 2.2251 1.0000	</row3>
				</transform>
			</node>
			<node>
				<identifier>	MP_CM126_Cleat_INDEX_1	</identifier>
				<transform>
					<row0>	0.9954 0.0000 -0.0959 0.0000	</row0>
					<row1>	0.0000 1.0000 0.0000 0.0000	</row1>
					<row2>	0.0959 0.0000 0.9954 0.0000	</row2>
					<row3>	-0.7126 0.2792 2.8794 1.0000	</row3>
				</transform>
			</node>
			<node>
				<identifier>	MP_CM126_Cleat_INDEX_10	</identifier>
				<transform>
					<row0>	1.0000 0.0000 -0.0010 0.0000	</row0>
					<row1>	0.0000 1.0000 0.0000 0.0000	</row1>
					<row2>	0.0010 0.0000 1.0000 0.0000	</row2>
					<row3>	-0.8798 0.2286 0.8400 1.0000	</row3>
				</transform>
			</node>
			<node>
				<identifier>	MP_CM126_Cleat_INDEX_11	</identifier>
				<transform>
					<row0>	1.0000 0.0000 0.0000 0.0000	</row0>
					<row1>	0.0000 0.0000 1.0000 0.0000	</row1>
					<row2>	0.0000 -1.0000 0.0000 0.0000	</row2>
					<row3>	-0.3544 1.0949 0.6920 1.0000	</row3>
				</transform>
			</node>
			<node>
				<identifier>	MP_CM126_Cleat_INDEX_2	</identifier>
				<transform>
					<row0>	1.0000 0.0000 0.0010 0.0000	</row0>
					<row1>	0.0000 1.0000 0.0000 0.0000	</row1>
					<row2>	-0.0010 0.0000 1.0000 0.0000	</row2>
					<row3>	0.8798 0.2286 0.8400 1.0000	</row3>
				</transform>
			</node>
			<node>
				<identifier>	MP_CM126_Cleat_INDEX_3	</identifier>
				<transform>
					<row0>	0.9954 0.0000 0.0959 0.0000	</row0>
					<row1>	0.0000 1.0000 0.0000 0.0000	</row1>
					<row2>	-0.0959 0.0000 0.9954 0.0000	</row2>
					<row3>	0.7126 0.2792 2.8794 1.0000	</row3>
				</transform>
			</node>
			<node>
				<identifier>	MP_CM126_Cleat_INDEX_4	</identifier>
				<transform>
					<row0>	0.9972 0.0000 -0.0742 0.0000	</row0>
					<row1>	0.0000 1.0000 0.0000 0.0000	</row1>
					<row2>	0.0742 0.0000 0.9972 0.0000	</row2>
					<row3>	-0.7802 0.2594 2.2251 1.0000	</row3>
				</transform>
			</node>
			<node>
				<identifier>	MP_CM126_Cleat_INDEX_5	</identifier>
				<transform>
					<row0>	1.0000 0.0000 0.0010 0.0000	</row0>
					<row1>	0.0000 1.0000 0.0000 0.0000	</row1>
					<row2>	-0.0010 0.0000 1.0000 0.0000	</row2>
					<row3>	0.8403 0.2400 1.4415 1.0000	</row3>
				</transform>
			</node>
			<node>
				<identifier>	MP_CM126_Cleat_INDEX_6	</identifier>
				<transform>
					<row0>	1.0000 0.0000 -0.0010 0.0000	</row0>
					<row1>	0.0000 1.0000 0.0000 0.0000	</row1>
					<row2>	0.0010 0.0000 1.0000 0.0000	</row2>
					<row3>	-0.8403 0.2400 1.4415 1.0000	</row3>
				</transform>
			</node>
			<node>
				<identifier>	MP_CM126_Cleat_INDEX_7	</identifier>
				<transform>
					<row0>	0.9954 0.0000 0.0959 0.0000	</row0>
					<row1>	0.0000 1.0000 0.0000 0.0000	</row1>
					<row2>	-0.0959 0.0000 0.9954 0.0000	</row2>
					<row3>	0.6329 0.3034 3.5346 1.0000	</row3>
				</transform>
			</node>
			<node>
				<identifier>	MP_CM126_Cleat_INDEX_8	</identifier>
				<transform>
					<row0>	0.9954 0.0000 -0.0959 0.0000	</row0>
					<row1>	0.0000 1.0000 0.0000 0.0000	</row1>
					<row2>	0.0959 0.0000 0.9954 0.0000	</row2>
					<row3>	-0.6329 0.3034 3.5346 1.0000	</row3>
				</transform>
			</node>
			<node>
				<identifier>	MP_CM126_Cleat_INDEX_9	</identifier>
				<transform>
					<row0>	1.0000 0.0000 0.0000 0.0000	</row0>
					<row1>	0.0000 0.0000 1.0000 0.0000	</row1>
					<row2>	0.0000 -1.0000 0.0000 0.0000	</row2>
					<row3>	0.3544 1.0949 0.6920 1.0000	</row3>
				</transform>
			</node>
			<node>
				<identifier>	MP_GM003_Reels_1	</identifier>
				<transform>
					<row0>	1.1565 0.0000 0.0000 0.0000	</row0>
					<row1>	0.0000 1.1565 0.0000 0.0000	</row1>
					<row2>	0.0000 0.0000 1.1565 0.0000	</row2>
					<row3>	-0.1143 0.7127 0.4789 1.0000	</row3>
				</transform>
			</node>
			<node>
				<identifier>	MP_GM006_Reels_4	</identifier>
				<transform>
					<row0>	0.5187 0.0000 0.0000 0.0000	</row0>
					<row1>	0.0000 0.4291 0.0000 0.0000	</row1>
					<row2>	0.0000 0.0000 0.4291 0.0000	</row2>
					<row3>	0.1130 0.7142 0.4789 1.0000	</row3>
				</transform>
			</node>
			<node>
				<identifier>	MP_GM010_Binocular	</identifier>
				<transform>
					<row0>	-1.0000 0.0000 0.0000 0.0000	</row0>
					<row1>	0.0000 1.0000 0.0000 0.0000	</row1>
					<row2>	0.0000 0.0000 -1.0000 0.0000	</row2>
					<row3>	-0.0674 0.8463 1.3376 1.0000	</row3>
				</transform>
			</node>
			<node>
				<identifier>	MP_GM010_Binocular_INDEX_1	</identifier>
				<transform>
					<row0>	1.0000 0.0000 0.0000 0.0000	</row0>
					<row1>	0.0000 1.0000 0.0000 0.0000	</row1>
					<row2>	0.0000 0.0000 1.0000 0.0000	</row2>
					<row3>	0.0674 0.8463 1.3376 1.0000	</row3>
				</transform>
			</node>
			<node>
				<identifier>	MP_GM012_Reels_5	</identifier>
				<transform>
					<row0>	0.0000 0.0000 -0.7680 0.0000	</row0>
					<row1>	0.0000 0.7680 0.0000 0.0000	</row1>
					<row2>	0.7680 0.0000 0.0000 0.0000	</row2>
					<row3>	0.3032 0.5546 0.6879 1.0000	</row3>
				</transform>
			</node>
			<node>
				<identifier>	MP_GM012_Reels_5_INDEX_1	</identifier>
				<transform>
					<row0>	0.0000 0.0000 0.7680 0.0000	</row0>
					<row1>	0.0000 0.7680 0.0000 0.0000	</row1>
					<row2>	-0.7680 0.0000 0.0000 0.0000	</row2>
					<row3>	-0.3032 0.5546 0.6879 1.0000	</row3>
				</transform>
			</node>
			<node>
				<identifier>	MP_GM014_Sleeve	</identifier>
				<transform>
					<row0>	0.5311 0.0000 -0.8473 0.0000	</row0>
					<row1>	0.0000 1.0000 0.0000 0.0000	</row1>
					<row2>	0.8473 0.0000 0.5311 0.0000	</row2>
					<row3>	0.3752 0.3294 2.3479 1.0000	</row3>
				</transform>
			</node>
			<node>
				<identifier>	MP_GM014_Sleeve_INDEX_1	</identifier>
				<transform>
					<row0>	0.5311 0.0000 0.8473 0.0000	</row0>
					<row1>	0.0000 1.0000 0.0000 0.0000	</row1>
					<row2>	-0.8473 0.0000 0.5311 0.0000	</row2>
					<row3>	-0.3752 0.3294 2.3479 1.0000	</row3>
				</transform>
			</node>
			<node>
				<identifier>	MP_GM015_Clock	</identifier>
				<transform>
					<row0>	-0.4564 -0.0003 0.8898 0.0000	</row0>
					<row1>	0.0000 1.0000 0.0003 0.0000	</row1>
					<row2>	-0.8898 0.0000 -0.4564 0.0000	</row2>
					<row3>	0.1103 0.7639 2.0555 1.0000	</row3>
				</transform>
			</node>
			<node>
				<identifier>	MP_GM016_Sleeve	</identifier>
				<transform>
					<row0>	0.9570 0.0000 0.2902 0.0000	</row0>
					<row1>	0.0000 1.0000 0.0000 0.0000	</row1>
					<row2>	-0.2902 0.0000 0.9570 0.0000	</row2>
					<row3>	-0.0992 0.3875 2.8384 1.0000	</row3>
				</transform>
			</node>
			<node>
				<identifier>	MP_GM016_Sleeve_INDEX_1	</identifier>
				<transform>
					<row0>	0.9570 0.0000 -0.2902 0.0000	</row0>
					<row1>	0.0000 1.0000 0.0000 0.0000	</row1>
					<row2>	0.2902 0.0000 0.9570 0.0000	</row2>
					<row3>	0.0992 0.3875 2.8384 1.0000	</row3>
				</transform>
			</node>
			<node>
				<identifier>	MP_GM016_Sleeve_INDEX_2	</identifier>
				<transform>
					<row0>	-1.0000 0.0000 0.0000 0.0000	</row0>
					<row1>	0.0000 1.0000 0.0000 0.0000	</row1>
					<row2>	0.0000 0.0000 -1.0000 0.0000	</row2>
					<row3>	0.1707 0.6107 0.4558 1.0000	</row3>
				</transform>
			</node>
			<node>
				<identifier>	MP_GM016_Sleeve_INDEX_3	</identifier>
				<transform>
					<row0>	1.0000 0.0000 0.0000 0.0000	</row0>
					<row1>	0.0000 1.0000 0.0000 0.0000	</row1>
					<row2>	0.0000 0.0000 1.0000 0.0000	</row2>
					<row3>	0.1063 0.4935 2.0825 1.0000	</row3>
				</transform>
			</node>
			<node>
				<identifier>	MP_GM016_Sleeve_INDEX_4	</identifier>
				<transform>
					<row0>	-1.0000 0.0000 0.0000 0.0000	</row0>
					<row1>	0.0000 1.0000 0.0000 0.0000	</row1>
					<row2>	0.0000 0.0000 -1.0000 0.0000	</row2>
					<row3>	-0.1707 0.6107 0.4558 1.0000	</row3>
				</transform>
			</node>
			<node>
				<identifier>	MP_GM018_Siren	</identifier>
				<transform>
					<row0>	-1.0000 0.0000 0.0000 0.0000	</row0>
					<row1>	0.0000 1.0000 0.0000 0.0000	</row1>
					<row2>	0.0000 0.0000 -1.0000 0.0000	</row2>
					<row3>	0.0038 0.6833 0.4574 1.0000	</row3>
				</transform>
			</node>
			<node>
				<identifier>	MP_GM028_Compass_Binnacle	</identifier>
				<transform>
					<row0>	1.0000 0.0000 0.0000 0.0000	</row0>
					<row1>	0.0000 1.0000 0.0000 0.0000	</row1>
					<row2>	0.0000 0.0000 1.0000 0.0000	</row2>
					<row3>	0.0000 1.0064 1.6188 1.0000	</row3>
				</transform>
			</node>
			<node>
				<identifier>	MP_GM066_Whinch	</identifier>
				<transform>
					<row0>	1.0000 0.0000 0.0000 0.0000	</row0>
					<row1>	0.0000 1.0000 0.0000 0.0000	</row1>
					<row2>	0.0000 0.0000 1.0000 0.0000	</row2>
					<row3>	0.7798 0.3967 1.3204 1.0000	</row3>
				</transform>
			</node>
			<node>
				<identifier>	MP_GM066_Whinch_INDEX_1	</identifier>
				<transform>
					<row0>	-1.0000 0.0000 0.0000 0.0000	</row0>
					<row1>	0.0000 1.0000 0.0000 0.0000	</row1>
					<row2>	0.0000 0.0000 -1.0000 0.0000	</row2>
					<row3>	-0.6739 0.4022 1.6421 1.0000	</row3>
				</transform>
			</node>
			<node>
				<identifier>	MP_GM066_Whinch_INDEX_2	</identifier>
				<transform>
					<row0>	1.0000 0.0000 0.0000 0.0000	</row0>
					<row1>	0.0000 1.0000 0.0000 0.0000	</row1>
					<row2>	0.0000 0.0000 1.0000 0.0000	</row2>
					<row3>	0.6739 0.4022 1.6421 1.0000	</row3>
				</transform>
			</node>
			<node>
				<identifier>	MP_GM066_Whinch_INDEX_3	</identifier>
				<transform>
					<row0>	-0.7071 0.0000 0.7071 0.0000	</row0>
					<row1>	0.0000 1.0000 0.0000 0.0000	</row1>
					<row2>	-0.7071 0.0000 -0.7071 0.0000	</row2>
					<row3>	-0.2670 0.5498 0.4173 1.0000	</row3>
				</transform>
			</node>
			<node>
				<identifier>	MP_GM066_Whinch_INDEX_4	</identifier>
				<transform>
					<row0>	-0.7071 0.0000 -0.7071 0.0000	</row0>
					<row1>	0.0000 1.0000 0.0000 0.0000	</row1>
					<row2>	0.7071 0.0000 -0.7071 0.0000	</row2>
					<row3>	0.2670 0.5498 0.4173 1.0000	</row3>
				</transform>
			</node>
			<node>
				<identifier>	MP_GM066_Whinch_INDEX_5	</identifier>
				<transform>
					<row0>	-1.0000 0.0000 0.0000 0.0000	</row0>
					<row1>	0.0000 1.0000 0.0000 0.0000	</row1>
					<row2>	0.0000 0.0000 -1.0000 0.0000	</row2>
					<row3>	-0.8134 0.3894 1.0013 1.0000	</row3>
				</transform>
			</node>
			<node>
				<identifier>	MP_GM066_Whinch_INDEX_6	</identifier>
				<transform>
					<row0>	-1.0000 0.0000 0.0000 0.0000	</row0>
					<row1>	0.0000 1.0000 0.0000 0.0000	</row1>
					<row2>	0.0000 0.0000 -1.0000 0.0000	</row2>
					<row3>	-0.7798 0.3967 1.3204 1.0000	</row3>
				</transform>
			</node>
			<node>
				<identifier>	MP_GM066_Whinch_INDEX_7	</identifier>
				<transform>
					<row0>	1.0000 0.0000 0.0000 0.0000	</row0>
					<row1>	0.0000 1.0000 0.0000 0.0000	</row1>
					<row2>	0.0000 0.0000 1.0000 0.0000	</row2>
					<row3>	0.8134 0.3894 1.0013 1.0000	</row3>
				</transform>
			</node>
			<node>
				<identifier>	MP_GM602_Switch_Box_3	</identifier>
				<transform>
					<row0>	-0.4564 -0.0003 0.8898 0.0000	</row0>
					<row1>	0.0000 1.0000 0.0003 0.0000	</row1>
					<row2>	-0.8898 0.0000 -0.4564 0.0000	</row2>
					<row3>	0.4789 0.7648 1.3441 1.0000	</row3>
				</transform>
			</node>
			<node>
				<identifier>	MP_GM602_Switch_Box_3_INDEX_1	</identifier>
				<transform>
					<row0>	-0.2267 0.0000 0.9740 0.0000	</row0>
					<row1>	0.0000 1.0000 0.0000 0.0000	</row1>
					<row2>	-0.9740 0.0000 -0.2267 0.0000	</row2>
					<row3>	0.6298 0.5966 0.7097 1.0000	</row3>
				</transform>
			</node>
			<node>
				<identifier>	MP_GM602_Switch_Box_3_INDEX_2	</identifier>
				<transform>
					<row0>	-0.4564 0.0003 -0.8898 0.0000	</row0>
					<row1>	0.0000 1.0000 0.0003 0.0000	</row1>
					<row2>	0.8898 0.0000 -0.4564 0.0000	</row2>
					<row3>	-0.4789 0.7648 1.3441 1.0000	</row3>
				</transform>
			</node>
			<node>
				<identifier>	MP_GM602_Switch_Box_3_INDEX_3	</identifier>
				<transform>
					<row0>	-0.2267 0.0000 -0.9740 0.0000	</row0>
					<row1>	0.0000 1.0000 0.0000 0.0000	</row1>
					<row2>	0.9740 0.0000 -0.2267 0.0000	</row2>
					<row3>	-0.6298 0.5966 0.7097 1.0000	</row3>
				</transform>
			</node>
			<node>
				<identifier>	MP_GM607_Manometer	</identifier>
				<transform>
					<row0>	-0.8580 0.0000 0.0000 0.0000	</row0>
					<row1>	0.0000 0.8580 0.0000 0.0000	</row1>
					<row2>	0.0000 0.0000 -0.8580 0.0000	</row2>
					<row3>	0.0478 0.7541 2.0759 1.0000	</row3>
				</transform>
			</node>
			<node>
				<identifier>	MP_GM607_Manometer_INDEX_1	</identifier>
				<transform>
					<row0>	-0.8580 0.0000 0.0000 0.0000	</row0>
					<row1>	0.0000 0.8580 0.0000 0.0000	</row1>
					<row2>	0.0000 0.0000 -0.8580 0.0000	</row2>
					<row3>	0.0478 0.7678 2.0759 1.0000	</row3>
				</transform>
			</node>
			<node>
				<identifier>	MP_GM611_Headlights_straightener	</identifier>
				<transform>
					<row0>	1.0000 0.0000 0.0000 0.0000	</row0>
					<row1>	0.0000 1.0000 0.0000 0.0000	</row1>
					<row2>	0.0000 0.0000 1.0000 0.0000	</row2>
					<row3>	0.0685 0.8466 1.1738 1.0000	</row3>
				</transform>
			</node>
			<node>
				<identifier>	MP_GM611_Headlights_straightener_INDEX_1	</identifier>
				<transform>
					<row0>	0.0000 0.0000 -1.0000 0.0000	</row0>
					<row1>	0.0000 1.0000 0.0000 0.0000	</row1>
					<row2>	1.0000 0.0000 0.0000 0.0000	</row2>
					<row3>	0.3944 0.7180 0.6968 1.0000	</row3>
				</transform>
			</node>
			<node>
				<identifier>	MP_GM611_Headlights_straightener_INDEX_2	</identifier>
				<transform>
					<row0>	0.0000 0.0000 1.0000 0.0000	</row0>
					<row1>	0.0000 1.0000 0.0000 0.0000	</row1>
					<row2>	-1.0000 0.0000 0.0000 0.0000	</row2>
					<row3>	-0.3944 0.7180 0.6968 1.0000	</row3>
				</transform>
			</node>
			<node>
				<identifier>	MP_GM611_Headlights_straightener_INDEX_3	</identifier>
				<transform>
					<row0>	1.0000 0.0000 0.0000 0.0000	</row0>
					<row1>	0.0000 1.0000 0.0000 0.0000	</row1>
					<row2>	0.0000 0.0000 1.0000 0.0000	</row2>
					<row3>	-0.0685 0.8466 1.1738 1.0000	</row3>
				</transform>
			</node>
			<node>
				<identifier>	MP_GM623_Pelorus	</identifier>
				<transform>
					<row0>	1.0000 0.0000 0.0000 0.0000	</row0>
					<row1>	0.0000 1.0000 0.0000 0.0000	</row1>
					<row2>	0.0000 0.0000 1.0000 0.0000	</row2>
					<row3>	-0.4738 0.7730 1.1469 1.0000	</row3>
				</transform>
			</node>
			<node>
				<identifier>	MP_GM623_Pelorus_INDEX_1	</identifier>
				<transform>
					<row0>	1.0000 0.0000 0.0000 0.0000	</row0>
					<row1>	0.0000 1.0000 0.0000 0.0000	</row1>
					<row2>	0.0000 0.0000 1.0000 0.0000	</row2>
					<row3>	-0.0276 0.7108 2.0503 1.0000	</row3>
				</transform>
			</node>
			<node>
				<identifier>	MP_GM623_Pelorus_INDEX_2	</identifier>
				<transform>
					<row0>	1.0000 0.0000 0.0000 0.0000	</row0>
					<row1>	0.0000 1.0000 0.0000 0.0000	</row1>
					<row2>	0.0000 0.0000 1.0000 0.0000	</row2>
					<row3>	0.4738 0.7730 1.1469 1.0000	</row3>
				</transform>
			</node>
			<node>
				<identifier>	MP_GM624_Telephone	</identifier>
				<transform>
					<row0>	0.1719 0.0000 0.9851 0.0000	</row0>
					<row1>	0.0000 1.0000 0.0000 0.0000	</row1>
					<row2>	-0.9851 0.0000 0.1719 0.0000	</row2>
					<row3>	-0.1110 0.8984 1.2082 1.0000	</row3>
				</transform>
			</node>
			<node>
				<identifier>	MP_GM700_AmmoBox	</identifier>
				<transform>
					<row0>	0.2270 0.0000 -0.9739 0.0000	</row0>
					<row1>	0.0000 1.0000 0.0000 0.0000	</row1>
					<row2>	0.9739 0.0000 0.2270 0.0000	</row2>
					<row3>	0.5799 0.5491 0.7952 1.0000	</row3>
				</transform>
			</node>
			<node>
				<identifier>	MP_GM700_AmmoBox_INDEX_1	</identifier>
				<transform>
					<row0>	0.2270 0.0000 -0.9739 0.0000	</row0>
					<row1>	0.0000 1.0000 0.0000 0.0000	</row1>
					<row2>	0.9739 0.0000 0.2270 0.0000	</row2>
					<row3>	0.6163 0.5491 0.6388 1.0000	</row3>
				</transform>
			</node>
			<node>
				<identifier>	MP_GM700_AmmoBox_INDEX_2	</identifier>
				<transform>
					<row0>	0.3603 0.0000 0.7020 0.0000	</row0>
					<row1>	0.0000 0.7890 0.0000 0.0000	</row1>
					<row2>	-0.7020 0.0000 0.3603 0.0000	</row2>
					<row3>	-0.3120 0.7105 1.6212 1.0000	</row3>
				</transform>
			</node>
			<node>
				<identifier>	MP_GM700_AmmoBox_INDEX_3	</identifier>
				<transform>
					<row0>	0.2270 0.0000 0.9739 0.0000	</row0>
					<row1>	0.0000 1.0000 0.0000 0.0000	</row1>
					<row2>	-0.9739 0.0000 0.2270 0.0000	</row2>
					<row3>	-0.5799 0.5491 0.7952 1.0000	</row3>
				</transform>
			</node>
			<node>
				<identifier>	MP_GM700_AmmoBox_INDEX_4	</identifier>
				<transform>
					<row0>	0.3603 0.0000 -0.7020 0.0000	</row0>
					<row1>	0.0000 0.7890 0.0000 0.0000	</row1>
					<row2>	0.7020 0.0000 0.3603 0.0000	</row2>
					<row3>	0.3120 0.7105 1.6212 1.0000	</row3>
				</transform>
			</node>
			<node>
				<identifier>	MP_GM700_AmmoBox_INDEX_5	</identifier>
				<transform>
					<row0>	0.2270 0.0000 0.9739 0.0000	</row0>
					<row1>	0.0000 1.0000 0.0000 0.0000	</row1>
					<row2>	-0.9739 0.0000 0.2270 0.0000	</row2>
					<row3>	-0.6163 0.5491 0.6388 1.0000	</row3>
				</transform>
			</node>
			<node>
				<identifier>	MP_GM702_AmmoBox	</identifier>
				<transform>
					<row0>	-1.0000 0.0000 0.0000 0.0000	</row0>
					<row1>	0.0000 1.0000 0.0000 0.0000	</row1>
					<row2>	0.0000 0.0000 -1.0000 0.0000	</row2>
					<row3>	0.0000 0.7087 1.4384 1.0000	</row3>
				</transform>
			</node>
			<node>
				<identifier>	MP_GM856_Mastheadlight	</identifier>
				<transform>
					<row0>	1.0000 0.0000 0.0000 0.0000	</row0>
					<row1>	0.0000 1.0000 0.0000 0.0000	</row1>
					<row2>	0.0000 0.0000 1.0000 0.0000	</row2>
					<row3>	0.0000 1.8896 1.5622 1.0000	</row3>
				</transform>
			</node>
			<node>
				<identifier>	MP_GM857_Searchlight_1_1m	</identifier>
				<transform>
					<row0>	1.0000 0.0000 0.0000 0.0000	</row0>
					<row1>	0.0000 1.0000 0.0000 0.0000	</row1>
					<row2>	0.0000 0.0000 1.0000 0.0000	</row2>
					<row3>	-0.0911 1.0736 1.1584 1.0000	</row3>
				</transform>
			</node>
			<node>
				<identifier>	MP_GM857_Searchlight_1_1m_INDEX_1	</identifier>
				<transform>
					<row0>	1.0000 0.0000 0.0000 0.0000	</row0>
					<row1>	0.0000 1.0000 0.0000 0.0000	</row1>
					<row2>	0.0000 0.0000 1.0000 0.0000	</row2>
					<row3>	0.0911 1.0736 1.1584 1.0000	</row3>
				</transform>
			</node>
			<node>
				<identifier>	MP_GM857_Searchlight_1_1m_INDEX_2	</identifier>
				<transform>
					<row0>	0.0000 0.0000 1.0000 0.0000	</row0>
					<row1>	0.0000 1.0000 0.0000 0.0000	</row1>
					<row2>	-1.0000 0.0000 0.0000 0.0000	</row2>
					<row3>	-0.2517 0.9398 0.6971 1.0000	</row3>
				</transform>
			</node>
			<node>
				<identifier>	MP_GM857_Searchlight_1_1m_INDEX_3	</identifier>
				<transform>
					<row0>	0.0000 0.0000 -1.0000 0.0000	</row0>
					<row1>	0.0000 1.0000 0.0000 0.0000	</row1>
					<row2>	1.0000 0.0000 0.0000 0.0000	</row2>
					<row3>	0.2517 0.9398 0.6971 1.0000	</row3>
				</transform>
			</node>
			<node>
				<identifier>	MP_GM966_Firelead	</identifier>
				<transform>
					<row0>	0.6951 0.0000 0.0828 0.0000	</row0>
					<row1>	0.0000 0.7000 0.0000 0.0000	</row1>
					<row2>	-0.0828 0.0000 0.6951 0.0000	</row2>
					<row3>	0.6989 0.2945 2.9684 1.0000	</row3>
				</transform>
			</node>
			<node>
				<identifier>	MP_GM966_Firelead_INDEX_1	</identifier>
				<transform>
					<row0>	0.6999 0.0000 -0.0111 0.0000	</row0>
					<row1>	0.0000 0.7000 0.0000 0.0000	</row1>
					<row2>	0.0111 0.0000 0.6999 0.0000	</row2>
					<row3>	-0.6801 0.4028 1.7456 1.0000	</row3>
				</transform>
			</node>
			<node>
				<identifier>	MP_GM966_Firelead_INDEX_2	</identifier>
				<transform>
					<row0>	0.6999 0.0000 0.0111 0.0000	</row0>
					<row1>	0.0000 0.7000 0.0000 0.0000	</row1>
					<row2>	-0.0111 0.0000 0.6999 0.0000	</row2>
					<row3>	0.6801 0.4028 1.7456 1.0000	</row3>
				</transform>
			</node>
			<node>
				<identifier>	MP_GM966_Firelead_INDEX_3	</identifier>
				<transform>
					<row0>	0.6951 0.0000 -0.0828 0.0000	</row0>
					<row1>	0.0000 0.7000 0.0000 0.0000	</row1>
					<row2>	0.0828 0.0000 0.6951 0.0000	</row2>
					<row3>	-0.6989 0.2945 2.9684 1.0000	</row3>
				</transform>
			</node>
		</node>
	</node>
	<boundingBox>
		<min>	-0.0667 -0.0667 -0.0667	</min>
		<max>	0.0667 0.0667 0.0667	</max>
	</boundingBox>
</GSB033_Derfflinger_1915_MidFront_ports.visual>
