<VSC005_Vicente_Guerrero_1938_MidBack_ports.visual>
	<node>
		<identifier>	Scene Root	</identifier>
		<transform>
			<row0>	1.0000 0.0000 0.0000 0.0000	</row0>
			<row1>	0.0000 1.0000 0.0000 0.0000	</row1>
			<row2>	0.0000 0.0000 1.0000 0.0000	</row2>
			<row3>	0.0000 0.0000 0.0000 1.0000	</row3>
		</transform>
		<node>
			<identifier>	MidBack_ports	</identifier>
			<transform>
				<row0>	1.0000 0.0000 0.0000 0.0000	</row0>
				<row1>	0.0000 1.0000 0.0000 0.0000	</row1>
				<row2>	0.0000 0.0000 1.0000 0.0000	</row2>
				<row3>	0.0000 0.0000 0.0000 1.0000	</row3>
			</transform>
			<node>
				<identifier>	HP_FX_Death_2	</identifier>
				<transform>
					<row0>	1.0000 0.0000 0.0000 0.0000	</row0>
					<row1>	0.0000 1.0000 0.0000 0.0000	</row1>
					<row2>	0.0000 0.0000 1.0000 0.0000	</row2>
					<row3>	0.0000 0.0000 -0.0442 1.0000	</row3>
				</transform>
			</node>
			<node>
				<identifier>	HP_FX_Death_3	</identifier>
				<transform>
					<row0>	1.0000 0.0000 0.0000 0.0000	</row0>
					<row1>	0.0000 1.0000 0.0000 0.0000	</row1>
					<row2>	0.0000 0.0000 1.0000 0.0000	</row2>
					<row3>	0.0000 0.0000 -2.5499 1.0000	</row3>
				</transform>
			</node>
			<node>
				<identifier>	HP_FX_Fire_3	</identifier>
				<transform>
					<row0>	1.0000 0.0000 0.0000 0.0000	</row0>
					<row1>	0.0000 1.0000 0.0000 0.0000	</row1>
					<row2>	0.0000 0.0000 1.0000 0.0000	</row2>
					<row3>	0.0000 0.3399 -1.3860 1.0000	</row3>
				</transform>
			</node>
			<node>
				<identifier>	HP_FX_Fire_3_side_1	</identifier>
				<transform>
					<row0>	1.0000 0.0000 0.0000 0.0000	</row0>
					<row1>	0.0000 1.0000 0.0000 0.0000	</row1>
					<row2>	0.0000 0.0000 1.0000 0.0000	</row2>
					<row3>	-0.3295 0.3486 -0.0846 1.0000	</row3>
				</transform>
			</node>
			<node>
				<identifier>	HP_FX_Fire_3_side_2	</identifier>
				<transform>
					<row0>	1.0000 0.0000 0.0000 0.0000	</row0>
					<row1>	0.0000 1.0000 0.0000 0.0000	</row1>
					<row2>	0.0000 0.0000 1.0000 0.0000	</row2>
					<row3>	0.3111 0.1766 -1.9902 1.0000	</row3>
				</transform>
			</node>
			<node>
				<identifier>	HP_FX_FloodLight_left_2	</identifier>
				<transform>
					<row0>	-0.9965 0.0000 -0.0835 0.0000	</row0>
					<row1>	0.0000 1.0000 0.0000 0.0000	</row1>
					<row2>	0.0835 0.0000 -0.9965 0.0000	</row2>
					<row3>	-0.3065 0.3041 -2.7985 1.0000	</row3>
				</transform>
			</node>
			<node>
				<identifier>	HP_FX_FloodLight_right_2	</identifier>
				<transform>
					<row0>	0.9986 0.0000 0.0527 0.0000	</row0>
					<row1>	0.0000 1.0000 0.0000 0.0000	</row1>
					<row2>	-0.0527 0.0000 0.9986 0.0000	</row2>
					<row3>	0.3055 0.3068 -2.7994 1.0000	</row3>
				</transform>
			</node>
			<node>
				<identifier>	HP_FX_Flood_steam_3	</identifier>
				<transform>
					<row0>	0.7299 0.6835 0.0000 0.0000	</row0>
					<row1>	-0.6835 0.7299 0.0000 0.0000	</row1>
					<row2>	0.0000 0.0000 1.0000 0.0000	</row2>
					<row3>	-0.0982 0.8478 -0.1344 1.0000	</row3>
				</transform>
			</node>
			<node>
				<identifier>	HP_FX_Flood_steam_4	</identifier>
				<transform>
					<row0>	0.7299 -0.6835 0.0000 0.0000	</row0>
					<row1>	0.6835 0.7299 0.0000 0.0000	</row1>
					<row2>	0.0000 0.0000 1.0000 0.0000	</row2>
					<row3>	0.0980 0.8476 -0.1349 1.0000	</row3>
				</transform>
			</node>
			<node>
				<identifier>	HP_FX_Flood_steam_right	</identifier>
				<transform>
					<row0>	0.9989 0.0000 -0.0466 0.0000	</row0>
					<row1>	0.0000 1.0000 0.0000 0.0000	</row1>
					<row2>	0.0466 0.0000 0.9989 0.0000	</row2>
					<row3>	0.3504 0.1491 -3.3414 1.0000	</row3>
				</transform>
			</node>
			<node>
				<identifier>	HP_FX_Flood_water_left	</identifier>
				<transform>
					<row0>	-0.9860 0.0000 -0.1670 0.0000	</row0>
					<row1>	0.0000 1.0000 0.0000 0.0000	</row1>
					<row2>	0.1670 0.0000 -0.9860 0.0000	</row2>
					<row3>	-0.2770 0.0197 -3.6880 1.0000	</row3>
				</transform>
			</node>
			<node>
				<identifier>	HP_FX_Flood_water_left_2	</identifier>
				<transform>
					<row0>	-1.0000 0.0000 0.0000 0.0000	</row0>
					<row1>	0.0000 1.0000 0.0000 0.0000	</row1>
					<row2>	0.0000 0.0000 -1.0000 0.0000	</row2>
					<row3>	-0.5053 0.0179 -0.1315 1.0000	</row3>
				</transform>
			</node>
			<node>
				<identifier>	HP_FX_Flood_water_right	</identifier>
				<transform>
					<row0>	0.9856 0.0000 -0.1686 0.0000	</row0>
					<row1>	0.0000 1.0000 0.0000 0.0000	</row1>
					<row2>	0.1686 0.0000 0.9856 0.0000	</row2>
					<row3>	0.2769 0.0189 -3.6880 1.0000	</row3>
				</transform>
			</node>
			<node>
				<identifier>	HP_FX_Flood_water_right_2	</identifier>
				<transform>
					<row0>	1.0000 0.0000 0.0000 0.0000	</row0>
					<row1>	0.0000 1.0000 0.0000 0.0000	</row1>
					<row2>	0.0000 0.0000 1.0000 0.0000	</row2>
					<row3>	0.5053 0.0180 -0.1321 1.0000	</row3>
				</transform>
			</node>
			<node>
				<identifier>	HP_FX_RepairLight_left_2	</identifier>
				<transform>
					<row0>	-0.1480 0.0000 0.9890 0.0000	</row0>
					<row1>	0.0000 1.0000 0.0000 0.0000	</row1>
					<row2>	-0.9890 0.0000 -0.1480 0.0000	</row2>
					<row3>	-0.3051 0.1922 -3.7180 1.0000	</row3>
				</transform>
			</node>
			<node>
				<identifier>	HP_FX_RepairLight_right_2	</identifier>
				<transform>
					<row0>	-0.0901 0.0000 -0.9959 0.0000	</row0>
					<row1>	0.0000 1.0000 0.0000 0.0000	</row1>
					<row2>	0.9959 0.0000 -0.0901 0.0000	</row2>
					<row3>	0.3756 0.1846 -3.0798 1.0000	</row3>
				</transform>
			</node>
			<node>
				<identifier>	HP_FX_Smoke_2	</identifier>
				<transform>
					<row0>	0.9986 -0.0521 0.0000 0.0000	</row0>
					<row1>	0.0521 0.9986 0.0000 0.0000	</row1>
					<row2>	0.0000 0.0000 1.0000 0.0000	</row2>
					<row3>	0.0000 0.9515 -0.2225 1.0000	</row3>
				</transform>
			</node>
			<node>
				<identifier>	HP_Ship_death_3	</identifier>
				<transform>
					<row0>	1.0000 0.0000 0.0000 0.0000	</row0>
					<row1>	0.0000 1.0000 0.0000 0.0000	</row1>
					<row2>	0.0000 0.0000 1.0000 0.0000	</row2>
					<row3>	0.0000 0.0000 -3.9882 1.0000	</row3>
				</transform>
			</node>
			<node>
				<identifier>	HP_VF_4	</identifier>
				<transform>
					<row0>	-1.0000 0.0000 0.0000 0.0000	</row0>
					<row1>	0.0000 1.0000 0.0000 0.0000	</row1>
					<row2>	0.0000 0.0000 -1.0000 0.0000	</row2>
					<row3>	0.0000 0.6857 -2.0679 1.0000	</row3>
				</transform>
			</node>
			<node>
				<identifier>	HP_VGA_3	</identifier>
				<transform>
					<row0>	0.0000 0.0000 1.0000 0.0000	</row0>
					<row1>	0.0000 1.0000 0.0000 0.0000	</row1>
					<row2>	-1.0000 0.0000 0.0000 0.0000	</row2>
					<row3>	-0.2143 0.5364 0.1652 1.0000	</row3>
				</transform>
			</node>
			<node>
				<identifier>	HP_VGA_4	</identifier>
				<transform>
					<row0>	0.0000 0.0000 -1.0000 0.0000	</row0>
					<row1>	0.0000 1.0000 0.0000 0.0000	</row1>
					<row2>	1.0000 0.0000 0.0000 0.0000	</row2>
					<row3>	0.2143 0.5364 0.1652 1.0000	</row3>
				</transform>
			</node>
			<node>
				<identifier>	HP_VGA_5	</identifier>
				<transform>
					<row0>	0.0000 0.0000 1.0000 0.0000	</row0>
					<row1>	0.0000 1.0000 0.0000 0.0000	</row1>
					<row2>	-1.0000 0.0000 0.0000 0.0000	</row2>
					<row3>	-0.3732 0.3449 -1.4229 1.0000	</row3>
				</transform>
			</node>
			<node>
				<identifier>	HP_VGA_6	</identifier>
				<transform>
					<row0>	0.0000 0.0000 -1.0000 0.0000	</row0>
					<row1>	0.0000 1.0000 0.0000 0.0000	</row1>
					<row2>	1.0000 0.0000 0.0000 0.0000	</row2>
					<row3>	0.3732 0.3449 -1.4229 1.0000	</row3>
				</transform>
			</node>
			<node>
				<identifier>	HP_VGA_7	</identifier>
				<transform>
					<row0>	0.0000 0.0000 1.0000 0.0000	</row0>
					<row1>	0.0000 1.0000 0.0000 0.0000	</row1>
					<row2>	-1.0000 0.0000 0.0000 0.0000	</row2>
					<row3>	-0.3569 0.1749 -1.8855 1.0000	</row3>
				</transform>
			</node>
			<node>
				<identifier>	HP_VGA_8	</identifier>
				<transform>
					<row0>	0.0000 0.0000 -1.0000 0.0000	</row0>
					<row1>	0.0000 1.0000 0.0000 0.0000	</row1>
					<row2>	1.0000 0.0000 0.0000 0.0000	</row2>
					<row3>	0.3569 0.1749 -1.8855 1.0000	</row3>
				</transform>
			</node>
			<node>
				<identifier>	HP_VGM_4	</identifier>
				<transform>
					<row0>	-1.0000 0.0000 0.0000 0.0000	</row0>
					<row1>	0.0000 1.0000 0.0000 0.0000	</row1>
					<row2>	0.0000 0.0000 -1.0000 0.0000	</row2>
					<row3>	0.0000 0.5141 -0.9369 1.0000	</row3>
				</transform>
			</node>
			<node>
				<identifier>	HP_VGM_5	</identifier>
				<transform>
					<row0>	-1.0000 0.0000 0.0000 0.0000	</row0>
					<row1>	0.0000 1.0000 0.0000 0.0000	</row1>
					<row2>	0.0000 0.0000 -1.0000 0.0000	</row2>
					<row3>	0.0000 0.3715 -2.6069 1.0000	</row3>
				</transform>
			</node>
			<node>
				<identifier>	HP_VGM_6	</identifier>
				<transform>
					<row0>	-1.0000 0.0000 0.0000 0.0000	</row0>
					<row1>	0.0000 1.0000 0.0000 0.0000	</row1>
					<row2>	0.0000 0.0000 -1.0000 0.0000	</row2>
					<row3>	0.0000 0.2092 -3.4123 1.0000	</row3>
				</transform>
			</node>
			<node>
				<identifier>	HP_VGS_1	</identifier>
				<transform>
					<row0>	0.0000 0.0000 1.0000 0.0000	</row0>
					<row1>	0.0000 1.0000 0.0000 0.0000	</row1>
					<row2>	-1.0000 0.0000 0.0000 0.0000	</row2>
					<row3>	-0.4488 0.3434 -0.2874 1.0000	</row3>
				</transform>
			</node>
			<node>
				<identifier>	HP_VGS_2	</identifier>
				<transform>
					<row0>	0.0000 0.0000 -1.0000 0.0000	</row0>
					<row1>	0.0000 1.0000 0.0000 0.0000	</row1>
					<row2>	1.0000 0.0000 0.0000 0.0000	</row2>
					<row3>	0.4488 0.3434 -0.2874 1.0000	</row3>
				</transform>
			</node>
			<node>
				<identifier>	HP_VGS_3	</identifier>
				<transform>
					<row0>	0.0000 0.0000 1.0000 0.0000	</row0>
					<row1>	0.0000 1.0000 0.0000 0.0000	</row1>
					<row2>	-1.0000 0.0000 0.0000 0.0000	</row2>
					<row3>	-0.3950 0.1732 -2.3569 1.0000	</row3>
				</transform>
			</node>
			<node>
				<identifier>	HP_VGS_4	</identifier>
				<transform>
					<row0>	0.0000 0.0000 -1.0000 0.0000	</row0>
					<row1>	0.0000 1.0000 0.0000 0.0000	</row1>
					<row2>	1.0000 0.0000 0.0000 0.0000	</row2>
					<row3>	0.3950 0.1732 -2.3569 1.0000	</row3>
				</transform>
			</node>
			<node>
				<identifier>	HP_flag_courtesy	</identifier>
				<transform>
					<row0>	0.9642 -0.2651 -0.0019 0.0000	</row0>
					<row1>	0.2651 0.9641 0.0139 0.0000	</row1>
					<row2>	-0.0019 -0.0139 0.9999 0.0000	</row2>
					<row3>	0.1293 1.0239 -1.6637 1.0000	</row3>
				</transform>
			</node>
			<node>
				<identifier>	HP_flag_house	</identifier>
				<transform>
					<row0>	0.9642 0.2652 0.0019 0.0000	</row0>
					<row1>	-0.2652 0.9641 0.0139 0.0000	</row1>
					<row2>	0.0019 -0.0139 0.9999 0.0000	</row2>
					<row3>	-0.1282 1.0239 -1.6639 1.0000	</row3>
				</transform>
			</node>
			<node>
				<identifier>	HP_flag_nation	</identifier>
				<transform>
					<row0>	1.0000 0.0034 -0.0002 0.0000	</row0>
					<row1>	-0.0034 0.9913 -0.1312 0.0000	</row1>
					<row2>	-0.0002 0.1312 0.9914 0.0000	</row2>
					<row3>	0.0006 1.1146 -1.8149 1.0000	</row3>
				</transform>
			</node>
			<node>
				<identifier>	MP_CM001_Propeller3_L	</identifier>
				<transform>
					<row0>	0.7101 0.0000 0.0000 0.0000	</row0>
					<row1>	0.0000 0.7097 -0.0218 0.0000	</row1>
					<row2>	0.0000 0.0218 0.7097 0.0000	</row2>
					<row3>	-0.1428 -0.2416 -4.0442 1.0000	</row3>
				</transform>
			</node>
			<node>
				<identifier>	MP_CM011_Fire_Fighting_Gear	</identifier>
				<transform>
					<row0>	0.8875 0.0000 0.4608 0.0000	</row0>
					<row1>	0.0000 1.0000 0.0000 0.0000	</row1>
					<row2>	-0.4608 0.0000 0.8875 0.0000	</row2>
					<row3>	0.1483 0.1906 -3.6628 1.0000	</row3>
				</transform>
			</node>
			<node>
				<identifier>	MP_CM011_Fire_Fighting_Gear_INDEX_1	</identifier>
				<transform>
					<row0>	0.0000 0.0000 1.0000 0.0000	</row0>
					<row1>	0.0000 1.0000 0.0000 0.0000	</row1>
					<row2>	-1.0000 0.0000 0.0000 0.0000	</row2>
					<row3>	0.1582 0.1798 -1.7729 1.0000	</row3>
				</transform>
			</node>
			<node>
				<identifier>	MP_CM011_Fire_Fighting_Gear_INDEX_2	</identifier>
				<transform>
					<row0>	0.9081 0.0000 -0.4187 0.0000	</row0>
					<row1>	0.0000 1.0000 0.0000 0.0000	</row1>
					<row2>	0.4187 0.0000 0.9081 0.0000	</row2>
					<row3>	-0.1483 0.1910 -3.6628 1.0000	</row3>
				</transform>
			</node>
			<node>
				<identifier>	MP_CM011_Fire_Fighting_Gear_INDEX_3	</identifier>
				<transform>
					<row0>	0.0000 0.0000 -1.0000 0.0000	</row0>
					<row1>	0.0000 1.0000 0.0000 0.0000	</row1>
					<row2>	1.0000 0.0000 0.0000 0.0000	</row2>
					<row3>	-0.1582 0.1798 -1.7729 1.0000	</row3>
				</transform>
			</node>
			<node>
				<identifier>	MP_CM012_Fire_Hose_Rack_1	</identifier>
				<transform>
					<row0>	0.6322 0.0000 0.7748 0.0000	</row0>
					<row1>	0.0000 1.0000 0.0000 0.0000	</row1>
					<row2>	-0.7748 0.0000 0.6322 0.0000	</row2>
					<row3>	-0.1778 0.2175 -3.6319 1.0000	</row3>
				</transform>
			</node>
			<node>
				<identifier>	MP_CM012_Fire_Hose_Rack_1_INDEX_1	</identifier>
				<transform>
					<row0>	-0.6322 0.0000 0.7748 0.0000	</row0>
					<row1>	0.0000 1.0000 0.0000 0.0000	</row1>
					<row2>	-0.7748 0.0000 -0.6322 0.0000	</row2>
					<row3>	0.1778 0.2175 -3.6319 1.0000	</row3>
				</transform>
			</node>
			<node>
				<identifier>	MP_CM012_Fire_Hose_Rack_1_INDEX_2	</identifier>
				<transform>
					<row0>	0.0000 0.0000 -1.0000 0.0000	</row0>
					<row1>	0.0000 1.0000 0.0000 0.0000	</row1>
					<row2>	1.0000 0.0000 0.0000 0.0000	</row2>
					<row3>	-0.1208 0.2325 -1.7720 1.0000	</row3>
				</transform>
			</node>
			<node>
				<identifier>	MP_CM012_Fire_Hose_Rack_1_INDEX_3	</identifier>
				<transform>
					<row0>	0.0000 0.0000 -1.0000 0.0000	</row0>
					<row1>	0.0000 1.0000 0.0000 0.0000	</row1>
					<row2>	1.0000 0.0000 0.0000 0.0000	</row2>
					<row3>	0.1208 0.2325 -1.7720 1.0000	</row3>
				</transform>
			</node>
			<node>
				<identifier>	MP_CM014_Fuel_Oil_Hose	</identifier>
				<transform>
					<row0>	0.0000 0.0000 1.0000 0.0000	</row0>
					<row1>	0.0000 1.0000 0.0000 0.0000	</row1>
					<row2>	-1.0000 0.0000 0.0000 0.0000	</row2>
					<row3>	-0.0488 0.2418 -1.5544 1.0000	</row3>
				</transform>
			</node>
			<node>
				<identifier>	MP_CM014_Fuel_Oil_Hose_INDEX_1	</identifier>
				<transform>
					<row0>	0.0000 0.0000 1.0000 0.0000	</row0>
					<row1>	0.0000 1.0000 0.0000 0.0000	</row1>
					<row2>	-1.0000 0.0000 0.0000 0.0000	</row2>
					<row3>	-0.0488 0.2712 -1.5544 1.0000	</row3>
				</transform>
			</node>
			<node>
				<identifier>	MP_CM029_Emergency_Box	</identifier>
				<transform>
					<row0>	1.0000 0.0000 0.0000 0.0000	</row0>
					<row1>	0.0000 1.0000 0.0000 0.0000	</row1>
					<row2>	0.0000 0.0000 1.0000 0.0000	</row2>
					<row3>	0.1237 0.2562 -1.5596 1.0000	</row3>
				</transform>
			</node>
			<node>
				<identifier>	MP_CM029_Emergency_Box_INDEX_1	</identifier>
				<transform>
					<row0>	1.0000 0.0000 0.0000 0.0000	</row0>
					<row1>	0.0000 1.0000 0.0000 0.0000	</row1>
					<row2>	0.0000 0.0000 1.0000 0.0000	</row2>
					<row3>	0.0338 0.4326 -1.1107 1.0000	</row3>
				</transform>
			</node>
			<node>
				<identifier>	MP_CM029_Emergency_Box_INDEX_2	</identifier>
				<transform>
					<row0>	-0.8899 0.0000 0.4562 0.0000	</row0>
					<row1>	0.0000 1.0000 0.0000 0.0000	</row1>
					<row2>	-0.4562 0.0000 -0.8899 0.0000	</row2>
					<row3>	-0.0516 0.7268 -2.1504 1.0000	</row3>
				</transform>
			</node>
			<node>
				<identifier>	MP_CM032_Propeller3_R	</identifier>
				<transform>
					<row0>	0.7101 -0.0010 0.0000 0.0000	</row0>
					<row1>	0.0010 0.7097 -0.0218 0.0000	</row1>
					<row2>	0.0000 0.0218 0.7097 0.0000	</row2>
					<row3>	0.1427 -0.2416 -4.0442 1.0000	</row3>
				</transform>
			</node>
			<node>
				<identifier>	MP_CM052_Fender	</identifier>
				<transform>
					<row0>	-0.4135 0.0000 -0.6849 0.0000	</row0>
					<row1>	0.0000 0.8000 0.0000 0.0000	</row1>
					<row2>	0.6849 0.0000 -0.4135 0.0000	</row2>
					<row3>	0.1990 0.1842 -3.0152 1.0000	</row3>
				</transform>
			</node>
			<node>
				<identifier>	MP_CM052_Fender_INDEX_1	</identifier>
				<transform>
					<row0>	0.0731 0.0000 -0.7966 0.0000	</row0>
					<row1>	0.0000 0.8000 0.0000 0.0000	</row1>
					<row2>	0.7966 0.0000 0.0731 0.0000	</row2>
					<row3>	0.2412 0.3488 -0.9063 1.0000	</row3>
				</transform>
			</node>
			<node>
				<identifier>	MP_CM052_Fender_INDEX_2	</identifier>
				<transform>
					<row0>	-0.4135 0.0000 0.6849 0.0000	</row0>
					<row1>	0.0000 0.8000 0.0000 0.0000	</row1>
					<row2>	-0.6849 0.0000 -0.4135 0.0000	</row2>
					<row3>	-0.1897 0.1842 -3.0309 1.0000	</row3>
				</transform>
			</node>
			<node>
				<identifier>	MP_CM052_Fender_INDEX_3	</identifier>
				<transform>
					<row0>	0.0731 0.0000 0.7966 0.0000	</row0>
					<row1>	0.0000 0.8000 0.0000 0.0000	</row1>
					<row2>	-0.7966 0.0000 0.0731 0.0000	</row2>
					<row3>	-0.2408 0.3489 -0.9013 1.0000	</row3>
				</transform>
			</node>
			<node>
				<identifier>	MP_CM057_Accommodation_Ladder_Closed	</identifier>
				<transform>
					<row0>	0.9838 -0.0223 -0.1778 0.0000	</row0>
					<row1>	0.0262 0.9995 0.0195 0.0000	</row1>
					<row2>	0.1772 -0.0239 0.9839 0.0000	</row2>
					<row3>	0.1931 0.1920 -3.7909 1.0000	</row3>
				</transform>
			</node>
			<node>
				<identifier>	MP_CM057_Accommodation_Ladder_Closed_INDEX_1	</identifier>
				<transform>
					<row0>	0.9997 0.0206 0.0161 0.0000	</row0>
					<row1>	-0.0207 0.9998 0.0050 0.0000	</row1>
					<row2>	-0.0160 -0.0053 0.9999 0.0000	</row2>
					<row3>	-0.4160 0.3460 -0.7446 1.0000	</row3>
				</transform>
			</node>
			<node>
				<identifier>	MP_CM057_Accommodation_Ladder_Closed_INDEX_2	</identifier>
				<transform>
					<row0>	0.9997 -0.0206 -0.0161 0.0000	</row0>
					<row1>	0.0207 0.9998 0.0034 0.0000	</row1>
					<row2>	0.0160 -0.0038 0.9999 0.0000	</row2>
					<row3>	0.4192 0.3458 -0.7447 1.0000	</row3>
				</transform>
			</node>
			<node>
				<identifier>	MP_CM057_Accommodation_Ladder_Closed_INDEX_3	</identifier>
				<transform>
					<row0>	0.9838 0.0223 0.1778 0.0000	</row0>
					<row1>	-0.0262 0.9995 0.0195 0.0000	</row1>
					<row2>	-0.1772 -0.0239 0.9839 0.0000	</row2>
					<row3>	-0.1931 0.1919 -3.7909 1.0000	</row3>
				</transform>
			</node>
			<node>
				<identifier>	MP_CM088_Swab_Rack	</identifier>
				<transform>
					<row0>	-1.0000 0.0000 0.0000 0.0000	</row0>
					<row1>	0.0000 1.0000 0.0000 0.0000	</row1>
					<row2>	0.0000 0.0000 -1.0000 0.0000	</row2>
					<row3>	-0.2329 0.1777 -1.5521 1.0000	</row3>
				</transform>
			</node>
			<node>
				<identifier>	MP_CM088_Swab_Rack_INDEX_1	</identifier>
				<transform>
					<row0>	-0.9998 0.0209 0.0000 0.0000	</row0>
					<row1>	0.0209 0.9998 0.0000 0.0000	</row1>
					<row2>	0.0000 0.0000 -1.0000 0.0000	</row2>
					<row3>	0.3379 0.1760 -1.5526 1.0000	</row3>
				</transform>
			</node>
			<node>
				<identifier>	MP_CM093_Rope	</identifier>
				<transform>
					<row0>	0.0000 0.0000 0.8000 0.0000	</row0>
					<row1>	0.0000 0.8000 0.0000 0.0000	</row1>
					<row2>	-0.8000 0.0000 0.0000 0.0000	</row2>
					<row3>	0.0578 0.7660 -1.6671 1.0000	</row3>
				</transform>
			</node>
			<node>
				<identifier>	MP_CM093_Rope_INDEX_1	</identifier>
				<transform>
					<row0>	0.0000 0.0000 -0.8000 0.0000	</row0>
					<row1>	0.0000 0.8000 0.0000 0.0000	</row1>
					<row2>	0.8000 0.0000 0.0000 0.0000	</row2>
					<row3>	-0.0578 0.7660 -1.6671 1.0000	</row3>
				</transform>
			</node>
			<node>
				<identifier>	MP_CM093_Rope_INDEX_2	</identifier>
				<transform>
					<row0>	0.0000 0.0000 -0.8000 0.0000	</row0>
					<row1>	0.0000 0.8000 0.0000 0.0000	</row1>
					<row2>	0.8000 0.0000 0.0000 0.0000	</row2>
					<row3>	0.0035 0.7660 -1.6671 1.0000	</row3>
				</transform>
			</node>
			<node>
				<identifier>	MP_VM002_Speaker	</identifier>
				<transform>
					<row0>	0.8000 0.0000 0.0000 0.0000	</row0>
					<row1>	0.0000 0.8000 0.0000 0.0000	</row1>
					<row2>	0.0000 0.0000 0.8000 0.0000	</row2>
					<row3>	0.0000 0.5940 -2.1424 1.0000	</row3>
				</transform>
			</node>
			<node>
				<identifier>	MP_VM002_Speaker_INDEX_1	</identifier>
				<transform>
					<row0>	0.0000 0.0000 -0.8000 0.0000	</row0>
					<row1>	0.0000 0.8000 0.0000 0.0000	</row1>
					<row2>	0.8000 0.0000 0.0000 0.0000	</row2>
					<row3>	-0.1106 0.6112 -0.2282 1.0000	</row3>
				</transform>
			</node>
			<node>
				<identifier>	MP_VM016_Reels	</identifier>
				<transform>
					<row0>	0.8000 0.0000 0.0000 0.0000	</row0>
					<row1>	0.0000 0.8000 0.0000 0.0000	</row1>
					<row2>	0.0000 0.0000 0.8000 0.0000	</row2>
					<row3>	-0.1279 0.3477 -2.9368 1.0000	</row3>
				</transform>
			</node>
			<node>
				<identifier>	MP_VM016_Reels_INDEX_1	</identifier>
				<transform>
					<row0>	-0.8000 0.0000 0.0000 0.0000	</row0>
					<row1>	0.0000 0.8000 0.0000 0.0000	</row1>
					<row2>	0.0000 0.0000 -0.8000 0.0000	</row2>
					<row3>	0.1279 0.3477 -2.9368 1.0000	</row3>
				</transform>
			</node>
			<node>
				<identifier>	MP_VM026_Reels	</identifier>
				<transform>
					<row0>	0.0000 0.0000 -0.8000 0.0000	</row0>
					<row1>	0.0000 0.8000 0.0000 0.0000	</row1>
					<row2>	0.8000 0.0000 0.0000 0.0000	</row2>
					<row3>	0.0000 0.3493 -3.0109 1.0000	</row3>
				</transform>
			</node>
			<node>
				<identifier>	MP_VM059_Night_lifebuoy	</identifier>
				<transform>
					<row0>	0.9088 0.4166 -0.0210 0.0000	</row0>
					<row1>	-0.4166 0.9091 0.0059 0.0000	</row1>
					<row2>	0.0215 0.0034 0.9998 0.0000	</row2>
					<row3>	0.4651 0.3976 -1.1929 1.0000	</row3>
				</transform>
			</node>
			<node>
				<identifier>	MP_VM059_Night_lifebuoy_INDEX_1	</identifier>
				<transform>
					<row0>	-0.9088 0.4166 -0.0210 0.0000	</row0>
					<row1>	0.4166 0.9091 0.0059 0.0000	</row1>
					<row2>	0.0215 -0.0034 -0.9998 0.0000	</row2>
					<row3>	-0.4647 0.3977 -1.1927 1.0000	</row3>
				</transform>
			</node>
			<node>
				<identifier>	MP_VM060_Helmet	</identifier>
				<transform>
					<row0>	1.0000 0.0000 0.0000 0.0000	</row0>
					<row1>	0.0000 0.0000 -1.0000 0.0000	</row1>
					<row2>	0.0000 1.0000 0.0000 0.0000	</row2>
					<row3>	0.0809 0.2551 -3.1497 1.0000	</row3>
				</transform>
			</node>
			<node>
				<identifier>	MP_VM060_Helmet_INDEX_1	</identifier>
				<transform>
					<row0>	0.0000 0.0000 1.0000 0.0000	</row0>
					<row1>	1.0000 0.0000 0.0000 0.0000	</row1>
					<row2>	0.0000 1.0000 0.0000 0.0000	</row2>
					<row3>	0.1207 0.3993 -1.2811 1.0000	</row3>
				</transform>
			</node>
			<node>
				<identifier>	MP_VM060_Helmet_INDEX_10	</identifier>
				<transform>
					<row0>	0.0000 0.0000 -1.0000 0.0000	</row0>
					<row1>	-1.0000 0.0000 0.0000 0.0000	</row1>
					<row2>	0.0000 1.0000 0.0000 0.0000	</row2>
					<row3>	0.0720 0.3638 -2.2676 1.0000	</row3>
				</transform>
			</node>
			<node>
				<identifier>	MP_VM060_Helmet_INDEX_11	</identifier>
				<transform>
					<row0>	-0.7277 0.0000 0.6859 0.0000	</row0>
					<row1>	0.6859 0.0000 0.7277 0.0000	</row1>
					<row2>	0.0000 1.0000 0.0000 0.0000	</row2>
					<row3>	0.1723 0.4012 -0.8030 1.0000	</row3>
				</transform>
			</node>
			<node>
				<identifier>	MP_VM060_Helmet_INDEX_12	</identifier>
				<transform>
					<row0>	-0.0022 0.0000 -1.0000 0.0000	</row0>
					<row1>	-1.0000 0.0000 0.0022 0.0000	</row1>
					<row2>	0.0000 1.0000 0.0000 0.0000	</row2>
					<row3>	-0.1454 0.2491 -1.8048 1.0000	</row3>
				</transform>
			</node>
			<node>
				<identifier>	MP_VM060_Helmet_INDEX_13	</identifier>
				<transform>
					<row0>	-0.1178 0.0000 0.9930 0.0000	</row0>
					<row1>	0.9930 0.0000 0.1178 0.0000	</row1>
					<row2>	0.0000 1.0000 0.0000 0.0000	</row2>
					<row3>	-0.1304 0.6906 -1.9864 1.0000	</row3>
				</transform>
			</node>
			<node>
				<identifier>	MP_VM060_Helmet_INDEX_14	</identifier>
				<transform>
					<row0>	-0.7277 0.0000 0.6859 0.0000	</row0>
					<row1>	0.6859 0.0000 0.7277 0.0000	</row1>
					<row2>	0.0000 1.0000 0.0000 0.0000	</row2>
					<row3>	0.1723 0.3648 -0.8030 1.0000	</row3>
				</transform>
			</node>
			<node>
				<identifier>	MP_VM060_Helmet_INDEX_15	</identifier>
				<transform>
					<row0>	0.0000 0.0000 -1.0000 0.0000	</row0>
					<row1>	-1.0000 0.0000 0.0000 0.0000	</row1>
					<row2>	0.0000 1.0000 0.0000 0.0000	</row2>
					<row3>	0.0720 0.4002 -2.2676 1.0000	</row3>
				</transform>
			</node>
			<node>
				<identifier>	MP_VM060_Helmet_INDEX_16	</identifier>
				<transform>
					<row0>	-1.0000 0.0000 0.0000 0.0000	</row0>
					<row1>	0.0000 0.0000 1.0000 0.0000	</row1>
					<row2>	0.0000 1.0000 0.0000 0.0000	</row2>
					<row3>	-0.0312 0.5374 0.0487 1.0000	</row3>
				</transform>
			</node>
			<node>
				<identifier>	MP_VM060_Helmet_INDEX_17	</identifier>
				<transform>
					<row0>	-0.1178 0.0000 0.9930 0.0000	</row0>
					<row1>	0.9930 0.0000 0.1178 0.0000	</row1>
					<row2>	0.0000 1.0000 0.0000 0.0000	</row2>
					<row3>	-0.1327 0.7087 -1.9665 1.0000	</row3>
				</transform>
			</node>
			<node>
				<identifier>	MP_VM060_Helmet_INDEX_18	</identifier>
				<transform>
					<row0>	-0.0022 0.0000 1.0000 0.0000	</row0>
					<row1>	1.0000 0.0000 0.0022 0.0000	</row1>
					<row2>	0.0000 1.0000 0.0000 0.0000	</row2>
					<row3>	0.1455 0.2674 -1.8048 1.0000	</row3>
				</transform>
			</node>
			<node>
				<identifier>	MP_VM060_Helmet_INDEX_19	</identifier>
				<transform>
					<row0>	-0.7277 0.0000 -0.6859 0.0000	</row0>
					<row1>	-0.6859 0.0000 0.7277 0.0000	</row1>
					<row2>	0.0000 1.0000 0.0000 0.0000	</row2>
					<row3>	-0.1723 0.3648 -0.8030 1.0000	</row3>
				</transform>
			</node>
			<node>
				<identifier>	MP_VM060_Helmet_INDEX_2	</identifier>
				<transform>
					<row0>	1.0000 0.0000 0.0000 0.0000	</row0>
					<row1>	0.0000 0.0000 -1.0000 0.0000	</row1>
					<row2>	0.0000 1.0000 0.0000 0.0000	</row2>
					<row3>	0.0809 0.2733 -3.1497 1.0000	</row3>
				</transform>
			</node>
			<node>
				<identifier>	MP_VM060_Helmet_INDEX_20	</identifier>
				<transform>
					<row0>	-0.7277 0.0000 -0.6859 0.0000	</row0>
					<row1>	-0.6859 0.0000 0.7277 0.0000	</row1>
					<row2>	0.0000 1.0000 0.0000 0.0000	</row2>
					<row3>	-0.1723 0.4012 -0.8030 1.0000	</row3>
				</transform>
			</node>
			<node>
				<identifier>	MP_VM060_Helmet_INDEX_21	</identifier>
				<transform>
					<row0>	-0.0022 0.0000 -1.0000 0.0000	</row0>
					<row1>	-1.0000 0.0000 0.0022 0.0000	</row1>
					<row2>	0.0000 1.0000 0.0000 0.0000	</row2>
					<row3>	-0.1454 0.2674 -1.8048 1.0000	</row3>
				</transform>
			</node>
			<node>
				<identifier>	MP_VM060_Helmet_INDEX_22	</identifier>
				<transform>
					<row0>	-0.0022 0.0000 -1.0000 0.0000	</row0>
					<row1>	-1.0000 0.0000 0.0022 0.0000	</row1>
					<row2>	0.0000 1.0000 0.0000 0.0000	</row2>
					<row3>	-0.1454 0.2308 -1.8048 1.0000	</row3>
				</transform>
			</node>
			<node>
				<identifier>	MP_VM060_Helmet_INDEX_23	</identifier>
				<transform>
					<row0>	0.0000 0.0000 -1.0000 0.0000	</row0>
					<row1>	-1.0000 0.0000 0.0000 0.0000	</row1>
					<row2>	0.0000 1.0000 0.0000 0.0000	</row2>
					<row3>	0.0720 0.3638 -2.2483 1.0000	</row3>
				</transform>
			</node>
			<node>
				<identifier>	MP_VM060_Helmet_INDEX_24	</identifier>
				<transform>
					<row0>	0.0000 0.0000 1.0000 0.0000	</row0>
					<row1>	1.0000 0.0000 0.0000 0.0000	</row1>
					<row2>	0.0000 1.0000 0.0000 0.0000	</row2>
					<row3>	0.1207 0.3993 -1.2618 1.0000	</row3>
				</transform>
			</node>
			<node>
				<identifier>	MP_VM060_Helmet_INDEX_25	</identifier>
				<transform>
					<row0>	-0.7277 0.0000 0.6859 0.0000	</row0>
					<row1>	0.6859 0.0000 0.7277 0.0000	</row1>
					<row2>	0.0000 1.0000 0.0000 0.0000	</row2>
					<row3>	0.1723 0.4385 -0.8030 1.0000	</row3>
				</transform>
			</node>
			<node>
				<identifier>	MP_VM060_Helmet_INDEX_26	</identifier>
				<transform>
					<row0>	-1.0000 0.0000 0.0000 0.0000	</row0>
					<row1>	0.0000 0.0000 1.0000 0.0000	</row1>
					<row2>	0.0000 1.0000 0.0000 0.0000	</row2>
					<row3>	-0.0120 0.5193 0.0487 1.0000	</row3>
				</transform>
			</node>
			<node>
				<identifier>	MP_VM060_Helmet_INDEX_27	</identifier>
				<transform>
					<row0>	-0.1178 0.0000 0.9930 0.0000	</row0>
					<row1>	0.9930 0.0000 0.1178 0.0000	</row1>
					<row2>	0.0000 1.0000 0.0000 0.0000	</row2>
					<row3>	-0.1327 0.6906 -1.9665 1.0000	</row3>
				</transform>
			</node>
			<node>
				<identifier>	MP_VM060_Helmet_INDEX_28	</identifier>
				<transform>
					<row0>	-0.7277 0.0000 -0.6859 0.0000	</row0>
					<row1>	-0.6859 0.0000 0.7277 0.0000	</row1>
					<row2>	0.0000 1.0000 0.0000 0.0000	</row2>
					<row3>	-0.1723 0.3830 -0.8030 1.0000	</row3>
				</transform>
			</node>
			<node>
				<identifier>	MP_VM060_Helmet_INDEX_29	</identifier>
				<transform>
					<row0>	-0.0022 0.0000 1.0000 0.0000	</row0>
					<row1>	1.0000 0.0000 0.0022 0.0000	</row1>
					<row2>	0.0000 1.0000 0.0000 0.0000	</row2>
					<row3>	0.1455 0.2674 -1.8248 1.0000	</row3>
				</transform>
			</node>
			<node>
				<identifier>	MP_VM060_Helmet_INDEX_3	</identifier>
				<transform>
					<row0>	0.0000 0.0000 1.0000 0.0000	</row0>
					<row1>	1.0000 0.0000 0.0000 0.0000	</row1>
					<row2>	0.0000 1.0000 0.0000 0.0000	</row2>
					<row3>	0.1207 0.3810 -1.2618 1.0000	</row3>
				</transform>
			</node>
			<node>
				<identifier>	MP_VM060_Helmet_INDEX_30	</identifier>
				<transform>
					<row0>	0.0000 0.0000 1.0000 0.0000	</row0>
					<row1>	1.0000 0.0000 0.0000 0.0000	</row1>
					<row2>	0.0000 1.0000 0.0000 0.0000	</row2>
					<row3>	0.1207 0.3629 -1.2811 1.0000	</row3>
				</transform>
			</node>
			<node>
				<identifier>	MP_VM060_Helmet_INDEX_31	</identifier>
				<transform>
					<row0>	-0.1178 0.0000 0.9930 0.0000	</row0>
					<row1>	0.9930 0.0000 0.1178 0.0000	</row1>
					<row2>	0.0000 1.0000 0.0000 0.0000	</row2>
					<row3>	-0.1327 0.7270 -1.9665 1.0000	</row3>
				</transform>
			</node>
			<node>
				<identifier>	MP_VM060_Helmet_INDEX_32	</identifier>
				<transform>
					<row0>	-0.7277 0.0000 -0.6859 0.0000	</row0>
					<row1>	-0.6859 0.0000 0.7277 0.0000	</row1>
					<row2>	0.0000 1.0000 0.0000 0.0000	</row2>
					<row3>	-0.1723 0.4385 -0.8030 1.0000	</row3>
				</transform>
			</node>
			<node>
				<identifier>	MP_VM060_Helmet_INDEX_33	</identifier>
				<transform>
					<row0>	-0.0022 0.0000 1.0000 0.0000	</row0>
					<row1>	1.0000 0.0000 0.0022 0.0000	</row1>
					<row2>	0.0000 1.0000 0.0000 0.0000	</row2>
					<row3>	0.1455 0.2491 -1.8248 1.0000	</row3>
				</transform>
			</node>
			<node>
				<identifier>	MP_VM060_Helmet_INDEX_34	</identifier>
				<transform>
					<row0>	-0.0022 0.0000 -1.0000 0.0000	</row0>
					<row1>	-1.0000 0.0000 0.0022 0.0000	</row1>
					<row2>	0.0000 1.0000 0.0000 0.0000	</row2>
					<row3>	-0.1455 0.2674 -1.8248 1.0000	</row3>
				</transform>
			</node>
			<node>
				<identifier>	MP_VM060_Helmet_INDEX_35	</identifier>
				<transform>
					<row0>	-0.0022 0.0000 -1.0000 0.0000	</row0>
					<row1>	-1.0000 0.0000 0.0022 0.0000	</row1>
					<row2>	0.0000 1.0000 0.0000 0.0000	</row2>
					<row3>	-0.1455 0.2127 -1.8248 1.0000	</row3>
				</transform>
			</node>
			<node>
				<identifier>	MP_VM060_Helmet_INDEX_36	</identifier>
				<transform>
					<row0>	-1.0000 0.0000 0.0000 0.0000	</row0>
					<row1>	0.0000 0.0000 1.0000 0.0000	</row1>
					<row2>	0.0000 1.0000 0.0000 0.0000	</row2>
					<row3>	-0.0120 0.5374 0.0487 1.0000	</row3>
				</transform>
			</node>
			<node>
				<identifier>	MP_VM060_Helmet_INDEX_37	</identifier>
				<transform>
					<row0>	-0.0022 0.0000 -1.0000 0.0000	</row0>
					<row1>	-1.0000 0.0000 0.0022 0.0000	</row1>
					<row2>	0.0000 1.0000 0.0000 0.0000	</row2>
					<row3>	-0.1455 0.2491 -1.8248 1.0000	</row3>
				</transform>
			</node>
			<node>
				<identifier>	MP_VM060_Helmet_INDEX_38	</identifier>
				<transform>
					<row0>	-0.7277 0.0000 0.6859 0.0000	</row0>
					<row1>	0.6859 0.0000 0.7277 0.0000	</row1>
					<row2>	0.0000 1.0000 0.0000 0.0000	</row2>
					<row3>	0.1723 0.4195 -0.8030 1.0000	</row3>
				</transform>
			</node>
			<node>
				<identifier>	MP_VM060_Helmet_INDEX_39	</identifier>
				<transform>
					<row0>	-0.0022 0.0000 1.0000 0.0000	</row0>
					<row1>	1.0000 0.0000 0.0022 0.0000	</row1>
					<row2>	0.0000 1.0000 0.0000 0.0000	</row2>
					<row3>	0.1455 0.2126 -1.8048 1.0000	</row3>
				</transform>
			</node>
			<node>
				<identifier>	MP_VM060_Helmet_INDEX_4	</identifier>
				<transform>
					<row0>	-0.0022 0.0000 1.0000 0.0000	</row0>
					<row1>	1.0000 0.0000 0.0022 0.0000	</row1>
					<row2>	0.0000 1.0000 0.0000 0.0000	</row2>
					<row3>	0.1455 0.2491 -1.8048 1.0000	</row3>
				</transform>
			</node>
			<node>
				<identifier>	MP_VM060_Helmet_INDEX_40	</identifier>
				<transform>
					<row0>	-0.7277 0.0000 0.6859 0.0000	</row0>
					<row1>	0.6859 0.0000 0.7277 0.0000	</row1>
					<row2>	0.0000 1.0000 0.0000 0.0000	</row2>
					<row3>	0.1723 0.3830 -0.8030 1.0000	</row3>
				</transform>
			</node>
			<node>
				<identifier>	MP_VM060_Helmet_INDEX_41	</identifier>
				<transform>
					<row0>	-0.0022 0.0000 1.0000 0.0000	</row0>
					<row1>	1.0000 0.0000 0.0022 0.0000	</row1>
					<row2>	0.0000 1.0000 0.0000 0.0000	</row2>
					<row3>	0.1455 0.2308 -1.8248 1.0000	</row3>
				</transform>
			</node>
			<node>
				<identifier>	MP_VM060_Helmet_INDEX_42	</identifier>
				<transform>
					<row0>	-0.0022 0.0000 1.0000 0.0000	</row0>
					<row1>	1.0000 0.0000 0.0022 0.0000	</row1>
					<row2>	0.0000 1.0000 0.0000 0.0000	</row2>
					<row3>	0.1455 0.2126 -1.8248 1.0000	</row3>
				</transform>
			</node>
			<node>
				<identifier>	MP_VM060_Helmet_INDEX_43	</identifier>
				<transform>
					<row0>	-0.0022 0.0000 -1.0000 0.0000	</row0>
					<row1>	-1.0000 0.0000 0.0022 0.0000	</row1>
					<row2>	0.0000 1.0000 0.0000 0.0000	</row2>
					<row3>	-0.1454 0.2127 -1.8048 1.0000	</row3>
				</transform>
			</node>
			<node>
				<identifier>	MP_VM060_Helmet_INDEX_44	</identifier>
				<transform>
					<row0>	-0.0022 0.0000 -1.0000 0.0000	</row0>
					<row1>	-1.0000 0.0000 0.0022 0.0000	</row1>
					<row2>	0.0000 1.0000 0.0000 0.0000	</row2>
					<row3>	-0.1455 0.2308 -1.8248 1.0000	</row3>
				</transform>
			</node>
			<node>
				<identifier>	MP_VM060_Helmet_INDEX_45	</identifier>
				<transform>
					<row0>	0.0000 0.0000 -1.0000 0.0000	</row0>
					<row1>	-1.0000 0.0000 0.0000 0.0000	</row1>
					<row2>	0.0000 1.0000 0.0000 0.0000	</row2>
					<row3>	0.0720 0.3819 -2.2483 1.0000	</row3>
				</transform>
			</node>
			<node>
				<identifier>	MP_VM060_Helmet_INDEX_46	</identifier>
				<transform>
					<row0>	0.0000 0.0000 1.0000 0.0000	</row0>
					<row1>	1.0000 0.0000 0.0000 0.0000	</row1>
					<row2>	0.0000 1.0000 0.0000 0.0000	</row2>
					<row3>	0.1207 0.3629 -1.2618 1.0000	</row3>
				</transform>
			</node>
			<node>
				<identifier>	MP_VM060_Helmet_INDEX_47	</identifier>
				<transform>
					<row0>	-0.1178 0.0000 0.9930 0.0000	</row0>
					<row1>	0.9930 0.0000 0.1178 0.0000	</row1>
					<row2>	0.0000 1.0000 0.0000 0.0000	</row2>
					<row3>	-0.1304 0.7087 -1.9864 1.0000	</row3>
				</transform>
			</node>
			<node>
				<identifier>	MP_VM060_Helmet_INDEX_48	</identifier>
				<transform>
					<row0>	1.0000 0.0000 0.0000 0.0000	</row0>
					<row1>	0.0000 0.0000 -1.0000 0.0000	</row1>
					<row2>	0.0000 1.0000 0.0000 0.0000	</row2>
					<row3>	0.0809 0.3097 -3.1497 1.0000	</row3>
				</transform>
			</node>
			<node>
				<identifier>	MP_VM060_Helmet_INDEX_49	</identifier>
				<transform>
					<row0>	-0.1178 0.0000 0.9930 0.0000	</row0>
					<row1>	0.9930 0.0000 0.1178 0.0000	</row1>
					<row2>	0.0000 1.0000 0.0000 0.0000	</row2>
					<row3>	-0.1327 0.7453 -1.9665 1.0000	</row3>
				</transform>
			</node>
			<node>
				<identifier>	MP_VM060_Helmet_INDEX_5	</identifier>
				<transform>
					<row0>	-0.1178 0.0000 0.9930 0.0000	</row0>
					<row1>	0.9930 0.0000 0.1178 0.0000	</row1>
					<row2>	0.0000 1.0000 0.0000 0.0000	</row2>
					<row3>	-0.1304 0.7453 -1.9864 1.0000	</row3>
				</transform>
			</node>
			<node>
				<identifier>	MP_VM060_Helmet_INDEX_50	</identifier>
				<transform>
					<row0>	0.0000 0.0000 1.0000 0.0000	</row0>
					<row1>	1.0000 0.0000 0.0000 0.0000	</row1>
					<row2>	0.0000 1.0000 0.0000 0.0000	</row2>
					<row3>	0.1207 0.3810 -1.2811 1.0000	</row3>
				</transform>
			</node>
			<node>
				<identifier>	MP_VM060_Helmet_INDEX_51	</identifier>
				<transform>
					<row0>	0.0000 0.0000 -1.0000 0.0000	</row0>
					<row1>	-1.0000 0.0000 0.0000 0.0000	</row1>
					<row2>	0.0000 1.0000 0.0000 0.0000	</row2>
					<row3>	0.0720 0.4002 -2.2483 1.0000	</row3>
				</transform>
			</node>
			<node>
				<identifier>	MP_VM060_Helmet_INDEX_52	</identifier>
				<transform>
					<row0>	-0.0022 0.0000 1.0000 0.0000	</row0>
					<row1>	1.0000 0.0000 0.0022 0.0000	</row1>
					<row2>	0.0000 1.0000 0.0000 0.0000	</row2>
					<row3>	0.1455 0.2308 -1.8048 1.0000	</row3>
				</transform>
			</node>
			<node>
				<identifier>	MP_VM060_Helmet_INDEX_53	</identifier>
				<transform>
					<row0>	1.0000 0.0000 0.0000 0.0000	</row0>
					<row1>	0.0000 0.0000 -1.0000 0.0000	</row1>
					<row2>	0.0000 1.0000 0.0000 0.0000	</row2>
					<row3>	0.0809 0.2915 -3.1497 1.0000	</row3>
				</transform>
			</node>
			<node>
				<identifier>	MP_VM060_Helmet_INDEX_54	</identifier>
				<transform>
					<row0>	0.0000 0.0000 -1.0000 0.0000	</row0>
					<row1>	-1.0000 0.0000 0.0000 0.0000	</row1>
					<row2>	0.0000 1.0000 0.0000 0.0000	</row2>
					<row3>	0.0720 0.3819 -2.2676 1.0000	</row3>
				</transform>
			</node>
			<node>
				<identifier>	MP_VM060_Helmet_INDEX_6	</identifier>
				<transform>
					<row0>	-0.7277 0.0000 -0.6859 0.0000	</row0>
					<row1>	-0.6859 0.0000 0.7277 0.0000	</row1>
					<row2>	0.0000 1.0000 0.0000 0.0000	</row2>
					<row3>	-0.1723 0.4195 -0.8030 1.0000	</row3>
				</transform>
			</node>
			<node>
				<identifier>	MP_VM060_Helmet_INDEX_7	</identifier>
				<transform>
					<row0>	-1.0000 0.0000 0.0000 0.0000	</row0>
					<row1>	0.0000 0.0000 1.0000 0.0000	</row1>
					<row2>	0.0000 1.0000 0.0000 0.0000	</row2>
					<row3>	-0.0312 0.5193 0.0487 1.0000	</row3>
				</transform>
			</node>
			<node>
				<identifier>	MP_VM060_Helmet_INDEX_8	</identifier>
				<transform>
					<row0>	1.0000 0.0000 0.0000 0.0000	</row0>
					<row1>	0.0000 0.0000 -1.0000 0.0000	</row1>
					<row2>	0.0000 1.0000 0.0000 0.0000	</row2>
					<row3>	0.0809 0.3287 -3.1497 1.0000	</row3>
				</transform>
			</node>
			<node>
				<identifier>	MP_VM060_Helmet_INDEX_9	</identifier>
				<transform>
					<row0>	-0.1178 0.0000 0.9930 0.0000	</row0>
					<row1>	0.9930 0.0000 0.1178 0.0000	</row1>
					<row2>	0.0000 1.0000 0.0000 0.0000	</row2>
					<row3>	-0.1304 0.7270 -1.9864 1.0000	</row3>
				</transform>
			</node>
			<node>
				<identifier>	MP_VM505_Dinghy_16ft	</identifier>
				<transform>
					<row0>	0.9159 0.0000 -0.4014 0.0000	</row0>
					<row1>	0.0000 1.0000 0.0000 0.0000	</row1>
					<row2>	0.4014 0.0000 0.9159 0.0000	</row2>
					<row3>	0.2418 0.3637 -1.0821 1.0000	</row3>
				</transform>
			</node>
			<node>
				<identifier>	MP_VM514_Liferaft_type_20_8ft	</identifier>
				<transform>
					<row0>	-0.0582 0.0000 1.1986 0.0000	</row0>
					<row1>	1.1986 0.0000 0.0582 0.0000	</row1>
					<row2>	0.0000 1.2000 0.0000 0.0000	</row2>
					<row3>	-0.4605 0.2715 -1.6191 1.0000	</row3>
				</transform>
			</node>
			<node>
				<identifier>	MP_VM514_Liferaft_type_20_8ft_INDEX_1	</identifier>
				<transform>
					<row0>	0.0000 -1.2000 0.0000 0.0000	</row0>
					<row1>	-1.2000 0.0000 0.0000 0.0000	</row1>
					<row2>	0.0000 0.0000 -1.2000 0.0000	</row2>
					<row3>	-0.2062 0.4081 -1.7559 1.0000	</row3>
				</transform>
			</node>
			<node>
				<identifier>	MP_VM514_Liferaft_type_20_8ft_INDEX_2	</identifier>
				<transform>
					<row0>	0.0000 1.2000 0.0000 0.0000	</row0>
					<row1>	1.2000 0.0000 0.0000 0.0000	</row1>
					<row2>	0.0000 0.0000 -1.2000 0.0000	</row2>
					<row3>	0.2062 0.4081 -1.7559 1.0000	</row3>
				</transform>
			</node>
			<node>
				<identifier>	MP_VM514_Liferaft_type_20_8ft_INDEX_3	</identifier>
				<transform>
					<row0>	0.3770 0.0000 1.1392 0.0000	</row0>
					<row1>	1.1392 0.0000 -0.3770 0.0000	</row1>
					<row2>	0.0000 1.2000 0.0000 0.0000	</row2>
					<row3>	0.1846 0.3189 -1.9383 1.0000	</row3>
				</transform>
			</node>
