<ASB026_West_Virginia_1941_Bow_ports.visual>
	<node>
		<identifier>	Scene Root	</identifier>
		<transform>
			<row0>	1.0000 0.0000 0.0000 0.0000	</row0>
			<row1>	0.0000 1.0000 0.0000 0.0000	</row1>
			<row2>	0.0000 0.0000 1.0000 0.0000	</row2>
			<row3>	0.0000 0.0000 0.0000 1.0000	</row3>
		</transform>
		<node>
			<identifier>	Bow_ports	</identifier>
			<transform>
				<row0>	1.0000 0.0000 0.0000 0.0000	</row0>
				<row1>	0.0000 1.0000 0.0000 0.0000	</row1>
				<row2>	0.0000 0.0000 1.0000 0.0000	</row2>
				<row3>	0.0000 0.0000 0.0000 1.0000	</row3>
			</transform>
			<node>
				<identifier>	HP_AGM_1	</identifier>
				<transform>
					<row0>	1.0000 0.0000 0.0000 0.0000	</row0>
					<row1>	0.0000 1.0000 0.0000 0.0000	</row1>
					<row2>	0.0000 0.0000 1.0000 0.0000	</row2>
					<row3>	0.0000 0.5241 3.3041 1.0000	</row3>
				</transform>
			</node>
			<node>
				<identifier>	HP_FX_Fire_1	</identifier>
				<transform>
					<row0>	1.0000 0.0000 0.0000 0.0000	</row0>
					<row1>	0.0000 1.0000 0.0000 0.0000	</row1>
					<row2>	0.0000 0.0000 1.0000 0.0000	</row2>
					<row3>	0.0000 0.4822 4.6202 1.0000	</row3>
				</transform>
			</node>
			<node>
				<identifier>	HP_FX_Flood_water_left_3	</identifier>
				<transform>
					<row0>	-1.0000 0.0000 0.0000 0.0000	</row0>
					<row1>	0.0000 1.0000 0.0000 0.0000	</row1>
					<row2>	0.0000 0.0000 -1.0000 0.0000	</row2>
					<row3>	-0.8476 0.1739 2.8776 1.0000	</row3>
				</transform>
			</node>
			<node>
				<identifier>	HP_FX_Flood_water_right_3	</identifier>
				<transform>
					<row0>	1.0000 0.0000 0.0000 0.0000	</row0>
					<row1>	0.0000 1.0000 0.0000 0.0000	</row1>
					<row2>	0.0000 0.0000 1.0000 0.0000	</row2>
					<row3>	0.8476 0.1739 2.8776 1.0000	</row3>
				</transform>
			</node>
			<node>
				<identifier>	HP_FX_RepairLight_left_1	</identifier>
				<transform>
					<row0>	0.1341 0.0000 0.9910 0.0000	</row0>
					<row1>	0.0000 1.0000 0.0000 0.0000	</row1>
					<row2>	-0.9910 0.0000 0.1341 0.0000	</row2>
					<row3>	-0.8042 0.4646 3.0209 1.0000	</row3>
				</transform>
			</node>
			<node>
				<identifier>	HP_FX_RepairLight_right_1	</identifier>
				<transform>
					<row0>	0.1474 0.0510 -0.9878 0.0000	</row0>
					<row1>	0.1129 0.9913 0.0680 0.0000	</row1>
					<row2>	0.9826 -0.1215 0.1403 0.0000	</row2>
					<row3>	0.6645 0.4647 4.1507 1.0000	</row3>
				</transform>
			</node>
			<node>
				<identifier>	HP_FX_WakeTrace	</identifier>
				<transform>
					<row0>	1.0000 0.0000 0.0000 0.0000	</row0>
					<row1>	0.0000 1.0000 0.0000 0.0000	</row1>
					<row2>	0.0000 0.0000 1.0000 0.0000	</row2>
					<row3>	0.0000 0.0000 6.0781 1.0000	</row3>
				</transform>
			</node>
			<node>
				<identifier>	HP_Ship_death_1	</identifier>
				<transform>
					<row0>	1.0000 0.0000 0.0000 0.0000	</row0>
					<row1>	0.0000 1.0000 0.0000 0.0000	</row1>
					<row2>	0.0000 0.0000 1.0000 0.0000	</row2>
					<row3>	0.0000 0.0000 2.8673 1.0000	</row3>
				</transform>
			</node>
			<node>
				<identifier>	MP_AM019_Ventilators_1	</identifier>
				<transform>
					<row0>	0.9486 0.0000 0.0000 0.0000	</row0>
					<row1>	0.0000 0.9529 0.0000 0.0000	</row1>
					<row2>	0.0000 0.0000 0.9486 0.0000	</row2>
					<row3>	-0.2716 0.4540 3.6961 1.0000	</row3>
				</transform>
			</node>
			<node>
				<identifier>	MP_AM019_Ventilators_1_INDEX_1	</identifier>
				<transform>
					<row0>	0.6454 0.0000 0.0000 0.0000	</row0>
					<row1>	0.0000 0.6483 0.0000 0.0000	</row1>
					<row2>	0.0000 0.0000 0.6454 0.0000	</row2>
					<row3>	-0.0329 0.4534 5.3209 1.0000	</row3>
				</transform>
			</node>
			<node>
				<identifier>	MP_AM019_Ventilators_1_INDEX_2	</identifier>
				<transform>
					<row0>	0.5143 0.0000 0.0000 0.0000	</row0>
					<row1>	0.0000 0.5167 0.0000 0.0000	</row1>
					<row2>	0.0000 0.0000 0.5143 0.0000	</row2>
					<row3>	-0.0329 0.4534 5.0282 1.0000	</row3>
				</transform>
			</node>
			<node>
				<identifier>	MP_AM019_Ventilators_1_INDEX_3	</identifier>
				<transform>
					<row0>	0.6454 0.0000 0.0000 0.0000	</row0>
					<row1>	0.0000 0.6483 0.0000 0.0000	</row1>
					<row2>	0.0000 0.0000 0.6454 0.0000	</row2>
					<row3>	0.3142 0.4534 3.6961 1.0000	</row3>
				</transform>
			</node>
			<node>
				<identifier>	MP_AM019_Ventilators_1_INDEX_4	</identifier>
				<transform>
					<row0>	0.6923 0.0000 0.0000 0.0000	</row0>
					<row1>	0.0000 0.6954 0.0000 0.0000	</row1>
					<row2>	0.0000 0.0000 0.6923 0.0000	</row2>
					<row3>	-0.0755 0.4543 4.3251 1.0000	</row3>
				</transform>
			</node>
			<node>
				<identifier>	MP_AM019_Ventilators_1_INDEX_5	</identifier>
				<transform>
					<row0>	0.6454 0.0000 0.0000 0.0000	</row0>
					<row1>	0.0000 0.6483 0.0000 0.0000	</row1>
					<row2>	0.0000 0.0000 0.6454 0.0000	</row2>
					<row3>	-0.1243 0.4534 4.0212 1.0000	</row3>
				</transform>
			</node>
			<node>
				<identifier>	MP_AM023_Hatch_1	</identifier>
				<transform>
					<row0>	1.0000 0.0000 0.0000 0.0000	</row0>
					<row1>	0.0000 1.0000 0.0000 0.0000	</row1>
					<row2>	0.0000 0.0000 1.0000 0.0000	</row2>
					<row3>	0.1002 0.4543 4.3442 1.0000	</row3>
				</transform>
			</node>
			<node>
				<identifier>	MP_AM023_Hatch_1_INDEX_1	</identifier>
				<transform>
					<row0>	1.0000 0.0000 0.0000 0.0000	</row0>
					<row1>	0.0000 1.0000 0.0000 0.0000	</row1>
					<row2>	0.0000 0.0000 1.0000 0.0000	</row2>
					<row3>	-0.0299 0.4543 4.9731 1.0000	</row3>
				</transform>
			</node>
			<node>
				<identifier>	MP_AM023_Hatch_1_INDEX_2	</identifier>
				<transform>
					<row0>	1.0000 0.0000 0.0000 0.0000	</row0>
					<row1>	0.0000 1.0000 0.0000 0.0000	</row1>
					<row2>	0.0000 0.0000 1.0000 0.0000	</row2>
					<row3>	-0.0299 0.4543 5.4079 1.0000	</row3>
				</transform>
			</node>
			<node>
				<identifier>	MP_AM024_Hatch_2	</identifier>
				<transform>
					<row0>	1.0000 0.0000 0.0000 0.0000	</row0>
					<row1>	0.0000 1.0000 0.0000 0.0000	</row1>
					<row2>	0.0000 0.0000 1.0000 0.0000	</row2>
					<row3>	-0.3863 0.4519 3.6964 1.0000	</row3>
				</transform>
			</node>
			<node>
				<identifier>	MP_AM024_Hatch_2_INDEX_1	</identifier>
				<transform>
					<row0>	1.0000 0.0000 0.0000 0.0000	</row0>
					<row1>	0.0000 1.0000 0.0000 0.0000	</row1>
					<row2>	0.0000 0.0000 1.0000 0.0000	</row2>
					<row3>	0.3862 0.4519 3.6964 1.0000	</row3>
				</transform>
			</node>
			<node>
				<identifier>	MP_AM026_Break_Handwheel_1	</identifier>
				<transform>
					<row0>	1.0000 0.0000 0.0000 0.0000	</row0>
					<row1>	0.0000 1.0000 0.0000 0.0000	</row1>
					<row2>	0.0000 0.0000 1.0000 0.0000	</row2>
					<row3>	0.3315 0.4530 3.7556 1.0000	</row3>
				</transform>
			</node>
			<node>
				<identifier>	MP_AM026_Break_Handwheel_1_INDEX_1	</identifier>
				<transform>
					<row0>	1.0000 0.0000 0.0000 0.0000	</row0>
					<row1>	0.0000 1.0000 0.0000 0.0000	</row1>
					<row2>	0.0000 0.0000 1.0000 0.0000	</row2>
					<row3>	0.2751 0.4530 3.9067 1.0000	</row3>
				</transform>
			</node>
			<node>
				<identifier>	MP_AM026_Break_Handwheel_1_INDEX_2	</identifier>
				<transform>
					<row0>	1.0000 0.0000 0.0000 0.0000	</row0>
					<row1>	0.0000 1.0000 0.0000 0.0000	</row1>
					<row2>	0.0000 0.0000 1.0000 0.0000	</row2>
					<row3>	-0.3315 0.4530 3.7556 1.0000	</row3>
				</transform>
			</node>
			<node>
				<identifier>	MP_AM049_Signal_Lamp_1	</identifier>
				<transform>
					<row0>	1.0000 0.0000 0.0000 0.0000	</row0>
					<row1>	0.0000 1.0000 0.0000 0.0000	</row1>
					<row2>	0.0000 0.0000 1.0000 0.0000	</row2>
					<row3>	0.0000 0.9659 6.5497 1.0000	</row3>
				</transform>
			</node>
			<node>
				<identifier>	MP_AM219_Bollard	</identifier>
				<transform>
					<row0>	1.0131 0.0000 0.2324 0.0000	</row0>
					<row1>	0.0000 1.0394 0.0000 0.0000	</row1>
					<row2>	-0.2324 0.0000 1.0131 0.0000	</row2>
					<row3>	0.3960 0.4543 5.1837 1.0000	</row3>
				</transform>
			</node>
			<node>
				<identifier>	MP_AM219_Bollard_INDEX_1	</identifier>
				<transform>
					<row0>	1.0212 0.0000 -0.1076 0.0000	</row0>
					<row1>	0.0000 1.0269 0.0000 0.0000	</row1>
					<row2>	0.1076 0.0000 1.0212 0.0000	</row2>
					<row3>	-0.7389 0.4543 3.0881 1.0000	</row3>
				</transform>
			</node>
			<node>
				<identifier>	MP_AM219_Bollard_INDEX_2	</identifier>
				<transform>
					<row0>	1.0080 0.0000 -0.2312 0.0000	</row0>
					<row1>	0.0000 1.0342 0.0000 0.0000	</row1>
					<row2>	0.2312 0.0000 1.0080 0.0000	</row2>
					<row3>	-0.3997 0.4543 5.1803 1.0000	</row3>
				</transform>
			</node>
			<node>
				<identifier>	MP_AM219_Bollard_INDEX_3	</identifier>
				<transform>
					<row0>	1.0583 0.0000 0.1115 0.0000	</row0>
					<row1>	0.0000 1.0642 0.0000 0.0000	</row1>
					<row2>	-0.1115 0.0000 1.0583 0.0000	</row2>
					<row3>	0.7414 0.4543 3.0890 1.0000	</row3>
				</transform>
			</node>
			<node>
				<identifier>	MP_AM256_Ammunition_Box	</identifier>
				<transform>
					<row0>	1.0136 0.0000 0.0000 0.0000	</row0>
					<row1>	0.0000 1.0136 0.0000 0.0000	</row1>
					<row2>	0.0000 0.0000 1.0136 0.0000	</row2>
					<row3>	-0.1022 0.4543 4.3997 1.0000	</row3>
				</transform>
			</node>
			<node>
				<identifier>	MP_AM304_Paravane_Gear_Fairlead	</identifier>
				<transform>
					<row0>	-0.0872 0.0000 -0.9962 0.0000	</row0>
					<row1>	0.0000 1.0000 0.0000 0.0000	</row1>
					<row2>	0.9962 0.0000 -0.0872 0.0000	</row2>
					<row3>	0.2526 0.4538 5.4660 1.0000	</row3>
				</transform>
			</node>
			<node>
				<identifier>	MP_AM304_Paravane_Gear_Fairlead_INDEX_1	</identifier>
				<transform>
					<row0>	-0.0872 0.0000 0.9962 0.0000	</row0>
					<row1>	0.0000 1.0000 0.0000 0.0000	</row1>
					<row2>	-0.9962 0.0000 -0.0872 0.0000	</row2>
					<row3>	-0.2526 0.4538 5.4660 1.0000	</row3>
				</transform>
			</node>
			<node>
				<identifier>	MP_AM308_Fairlead	</identifier>
				<transform>
					<row0>	-0.9940 0.0000 0.1096 0.0000	</row0>
					<row1>	0.0000 1.0000 0.0000 0.0000	</row1>
					<row2>	-0.1096 0.0000 -0.9940 0.0000	</row2>
					<row3>	-0.8077 0.4546 2.8911 1.0000	</row3>
				</transform>
			</node>
			<node>
				<identifier>	MP_AM308_Fairlead_INDEX_1	</identifier>
				<transform>
					<row0>	0.9768 0.0000 0.2143 0.0000	</row0>
					<row1>	0.0000 1.0000 0.0000 0.0000	</row1>
					<row2>	-0.2143 0.0000 0.9768 0.0000	</row2>
					<row3>	0.4212 0.4543 5.3244 1.0000	</row3>
				</transform>
			</node>
			<node>
				<identifier>	MP_AM308_Fairlead_INDEX_2	</identifier>
				<transform>
					<row0>	0.9940 0.0000 0.1096 0.0000	</row0>
					<row1>	0.0000 1.0000 0.0000 0.0000	</row1>
					<row2>	-0.1096 0.0000 0.9940 0.0000	</row2>
					<row3>	0.8078 0.4546 2.8911 1.0000	</row3>
				</transform>
			</node>
			<node>
				<identifier>	MP_AM308_Fairlead_INDEX_3	</identifier>
				<transform>
					<row0>	-0.9711 0.0000 0.2388 0.0000	</row0>
					<row1>	0.0000 1.0000 0.0000 0.0000	</row1>
					<row2>	-0.2388 0.0000 -0.9711 0.0000	</row2>
					<row3>	-0.4212 0.4543 5.3244 1.0000	</row3>
				</transform>
			</node>
			<node>
				<identifier>	MP_AM549_Life_Buoy	</identifier>
				<transform>
					<row0>	-0.9944 0.0000 0.1055 0.0000	</row0>
					<row1>	0.0000 1.0000 0.0000 0.0000	</row1>
					<row2>	-0.1055 0.0000 -0.9944 0.0000	</row2>
					<row3>	-0.7679 0.4970 3.2312 1.0000	</row3>
				</transform>
			</node>
			<node>
				<identifier>	MP_AM549_Life_Buoy_INDEX_1	</identifier>
				<transform>
					<row0>	0.9944 0.0000 0.1055 0.0000	</row0>
					<row1>	0.0000 1.0000 0.0000 0.0000	</row1>
					<row2>	-0.1055 0.0000 0.9944 0.0000	</row2>
					<row3>	0.7679 0.4970 3.2312 1.0000	</row3>
				</transform>
			</node>
			<node>
				<identifier>	MP_AM549_Life_Buoy_INDEX_2	</identifier>
				<transform>
					<row0>	0.9631 0.0000 0.2692 0.0000	</row0>
					<row1>	0.0000 1.0000 0.0000 0.0000	</row1>
					<row2>	-0.2692 0.0000 0.9631 0.0000	</row2>
					<row3>	0.3467 0.4970 5.6247 1.0000	</row3>
				</transform>
			</node>
			<node>
				<identifier>	MP_AM549_Life_Buoy_INDEX_3	</identifier>
				<transform>
					<row0>	0.9851 0.0000 0.1717 0.0000	</row0>
					<row1>	0.0000 1.0000 0.0000 0.0000	</row1>
					<row2>	-0.1717 0.0000 0.9851 0.0000	</row2>
					<row3>	0.6431 0.4966 4.2454 1.0000	</row3>
				</transform>
			</node>
			<node>
				<identifier>	MP_AM549_Life_Buoy_INDEX_4	</identifier>
				<transform>
					<row0>	-0.9631 0.0000 0.2692 0.0000	</row0>
					<row1>	0.0000 1.0000 0.0000 0.0000	</row1>
					<row2>	-0.2692 0.0000 -0.9631 0.0000	</row2>
					<row3>	-0.3467 0.4970 5.6247 1.0000	</row3>
				</transform>
			</node>
			<node>
				<identifier>	MP_AM549_Life_Buoy_INDEX_5	</identifier>
				<transform>
					<row0>	-0.9851 0.0000 0.1717 0.0000	</row0>
					<row1>	0.0000 1.0000 0.0000 0.0000	</row1>
					<row2>	-0.1717 0.0000 -0.9851 0.0000	</row2>
					<row3>	-0.6430 0.4966 4.2454 1.0000	</row3>
				</transform>
			</node>
			<node>
				<identifier>	MP_CM006_Anchor_2	</identifier>
				<transform>
					<row0>	0.0000 0.6440 0.6287 0.0000	</row0>
					<row1>	0.0000 0.6287 -0.6440 0.0000	</row1>
					<row2>	-0.9000 0.0000 0.0000 0.0000	</row2>
					<row3>	0.0000 0.4566 6.2811 1.0000	</row3>
				</transform>
			</node>
			<node>
				<identifier>	MP_CM006_Anchor_2_INDEX_1	</identifier>
				<transform>
					<row0>	0.8522 0.0990 0.2719 0.0000	</row0>
					<row1>	0.1665 0.5241 -0.7125 0.0000	</row1>
					<row2>	-0.2367 0.7250 0.4779 0.0000	</row2>
					<row3>	-0.0788 0.4585 6.0646 1.0000	</row3>
				</transform>
			</node>
			<node>
				<identifier>	MP_CM006_Anchor_2_INDEX_2	</identifier>
				<transform>
					<row0>	-0.8479 0.1073 0.2771 0.0000	</row0>
					<row1>	-0.1662 0.5232 -0.7113 0.0000	</row1>
					<row2>	-0.2462 -0.7221 -0.4736 0.0000	</row2>
					<row3>	0.0788 0.4585 6.0646 1.0000	</row3>
				</transform>
			</node>
			<node>
				<identifier>	MP_CM011_Fire_Fighting_Gear	</identifier>
				<transform>
					<row0>	1.0000 0.0000 0.0000 0.0000	</row0>
					<row1>	0.0000 1.0000 0.0000 0.0000	</row1>
					<row2>	0.0000 0.0000 1.0000 0.0000	</row2>
					<row3>	0.3433 0.4548 3.3405 1.0000	</row3>
				</transform>
			</node>
			<node>
				<identifier>	MP_CM011_Fire_Fighting_Gear_INDEX_1	</identifier>
				<transform>
					<row0>	1.0000 0.0000 0.0000 0.0000	</row0>
					<row1>	0.0000 1.0000 0.0000 0.0000	</row1>
					<row2>	0.0000 0.0000 1.0000 0.0000	</row2>
					<row3>	-0.3434 0.4548 3.3405 1.0000	</row3>
				</transform>
			</node>
			<node>
				<identifier>	MP_CM013_Fire_Hose_Rack_2	</identifier>
				<transform>
					<row0>	0.9949 0.0000 -0.1009 0.0000	</row0>
					<row1>	0.0000 1.0000 0.0000 0.0000	</row1>
					<row2>	0.1009 0.0000 0.9949 0.0000	</row2>
					<row3>	-0.3300 0.5038 3.3482 1.0000	</row3>
				</transform>
			</node>
			<node>
				<identifier>	MP_CM013_Fire_Hose_Rack_2_INDEX_1	</identifier>
				<transform>
					<row0>	-0.9960 0.0000 -0.0894 0.0000	</row0>
					<row1>	0.0000 1.0000 0.0000 0.0000	</row1>
					<row2>	0.0894 0.0000 -0.9960 0.0000	</row2>
					<row3>	0.3308 0.5038 3.3409 1.0000	</row3>
				</transform>
			</node>
		</node>
	</node>
	<boundingBox>
		<min>	-0.0667 -0.0667 -0.0667	</min>
		<max>	0.0667 0.0667 0.0667	</max>
	</boundingBox>
</ASB026_West_Virginia_1941_Bow_ports.visual>
