<BSA003_Audacious_1951_Stern_ports.visual>
	<node>
		<identifier>	Scene Root	</identifier>
		<transform>
			<row0>	1.0000 0.0000 0.0000 0.0000	</row0>
			<row1>	0.0000 1.0000 0.0000 0.0000	</row1>
			<row2>	0.0000 0.0000 1.0000 0.0000	</row2>
			<row3>	0.0000 0.0000 0.0000 1.0000	</row3>
		</transform>
		<node>
			<identifier>	Stern_ports	</identifier>
			<transform>
				<row0>	1.0000 0.0000 0.0000 0.0000	</row0>
				<row1>	0.0000 1.0000 0.0000 0.0000	</row1>
				<row2>	0.0000 0.0000 1.0000 0.0000	</row2>
				<row3>	0.0000 0.0000 0.0000 1.0000	</row3>
			</transform>
			<node>
				<identifier>	HP_FX_Fire_3_side_2	</identifier>
				<transform>
					<row0>	1.0000 0.0000 0.0000 0.0000	</row0>
					<row1>	0.0000 1.0000 0.0000 0.0000	</row1>
					<row2>	0.0000 0.0000 1.0000 0.0000	</row2>
					<row3>	-0.0108 1.0791 -4.4431 1.0000	</row3>
				</transform>
			</node>
			<node>
				<identifier>	HP_FX_Fire_4	</identifier>
				<transform>
					<row0>	1.0000 0.0000 0.0000 0.0000	</row0>
					<row1>	0.0000 1.0000 0.0000 0.0000	</row1>
					<row2>	0.0000 0.0000 1.0000 0.0000	</row2>
					<row3>	-0.3981 1.0790 -7.0687 1.0000	</row3>
				</transform>
			</node>
			<node>
				<identifier>	HP_FX_FloodLight_left_1	</identifier>
				<transform>
					<row0>	-1.0000 0.0000 0.0000 0.0000	</row0>
					<row1>	0.0000 1.0000 0.0000 0.0000	</row1>
					<row2>	0.0000 0.0000 -1.0000 0.0000	</row2>
					<row3>	-0.9615 0.8976 -6.1969 1.0000	</row3>
				</transform>
			</node>
			<node>
				<identifier>	HP_FX_FloodLight_right_3	</identifier>
				<transform>
					<row0>	1.0000 0.0000 0.0000 0.0000	</row0>
					<row1>	0.0000 1.0000 0.0000 0.0000	</row1>
					<row2>	0.0000 0.0000 1.0000 0.0000	</row2>
					<row3>	0.9525 0.8806 -6.3518 1.0000	</row3>
				</transform>
			</node>
			<node>
				<identifier>	HP_FX_WakeTraceBack	</identifier>
				<transform>
					<row0>	1.0000 0.0000 0.0000 0.0000	</row0>
					<row1>	0.0000 1.0000 0.0000 0.0000	</row1>
					<row2>	0.0000 0.0000 1.0000 0.0000	</row2>
					<row3>	0.0000 0.0000 -7.6619 1.0000	</row3>
				</transform>
			</node>
			<node>
				<identifier>	HP_FX_WakeTrace_screw_1	</identifier>
				<transform>
					<row0>	1.0000 0.0000 0.0000 0.0000	</row0>
					<row1>	0.0000 1.0000 0.0000 0.0000	</row1>
					<row2>	0.0000 0.0000 1.0000 0.0000	</row2>
					<row3>	-0.2653 -0.5428 -6.5630 1.0000	</row3>
				</transform>
			</node>
			<node>
				<identifier>	HP_FX_WakeTrace_screw_2	</identifier>
				<transform>
					<row0>	1.0000 0.0000 0.0000 0.0000	</row0>
					<row1>	0.0000 1.0000 0.0000 0.0000	</row1>
					<row2>	0.0000 0.0000 1.0000 0.0000	</row2>
					<row3>	-0.5689 -0.5428 -5.4402 1.0000	</row3>
				</transform>
			</node>
			<node>
				<identifier>	HP_FX_WakeTrace_screw_3	</identifier>
				<transform>
					<row0>	1.0000 0.0000 0.0000 0.0000	</row0>
					<row1>	0.0000 1.0000 0.0000 0.0000	</row1>
					<row2>	0.0000 0.0000 1.0000 0.0000	</row2>
					<row3>	0.2653 -0.5428 -6.5630 1.0000	</row3>
				</transform>
			</node>
			<node>
				<identifier>	HP_FX_WakeTrace_screw_4	</identifier>
				<transform>
					<row0>	1.0000 0.0000 0.0000 0.0000	</row0>
					<row1>	0.0000 1.0000 0.0000 0.0000	</row1>
					<row2>	0.0000 0.0000 1.0000 0.0000	</row2>
					<row3>	0.5689 -0.5428 -5.4402 1.0000	</row3>
				</transform>
			</node>
			<node>
				<identifier>	MP_BM004_Reels	</identifier>
				<transform>
					<row0>	1.6930 0.0000 0.0000 0.0000	</row0>
					<row1>	0.0000 1.6930 0.0000 0.0000	</row1>
					<row2>	0.0000 0.0000 1.6930 0.0000	</row2>
					<row3>	0.1709 0.3871 -6.8590 1.0000	</row3>
				</transform>
			</node>
			<node>
				<identifier>	MP_BM004_Reels_INDEX_1	</identifier>
				<transform>
					<row0>	1.6930 0.0000 0.0000 0.0000	</row0>
					<row1>	0.0000 1.6930 0.0000 0.0000	</row1>
					<row2>	0.0000 0.0000 1.6930 0.0000	</row2>
					<row3>	-0.1709 0.3871 -6.8590 1.0000	</row3>
				</transform>
			</node>
			<node>
				<identifier>	MP_BM004_Reels_INDEX_2	</identifier>
				<transform>
					<row0>	-1.2729 0.0000 0.0000 0.0000	</row0>
					<row1>	0.0000 1.2729 0.0000 0.0000	</row1>
					<row2>	0.0000 0.0000 -1.2729 0.0000	</row2>
					<row3>	1.1967 0.7922 -4.6845 1.0000	</row3>
				</transform>
			</node>
			<node>
				<identifier>	MP_BM004_Reels_INDEX_3	</identifier>
				<transform>
					<row0>	-1.4361 0.0000 0.0000 0.0000	</row0>
					<row1>	0.0000 1.4361 0.0000 0.0000	</row1>
					<row2>	0.0000 0.0000 -1.4361 0.0000	</row2>
					<row3>	1.1967 0.7476 -4.1135 1.0000	</row3>
				</transform>
			</node>
			<node>
				<identifier>	MP_BM004_Reels_INDEX_4	</identifier>
				<transform>
					<row0>	-1.4361 0.0000 0.0000 0.0000	</row0>
					<row1>	0.0000 1.4361 0.0000 0.0000	</row1>
					<row2>	0.0000 0.0000 -1.4361 0.0000	</row2>
					<row3>	-1.1331 0.5910 -3.6726 1.0000	</row3>
				</transform>
			</node>
			<node>
				<identifier>	MP_BM038_Helmets	</identifier>
				<transform>
					<row0>	0.0000 0.0000 -1.0000 0.0000	</row0>
					<row1>	0.0000 1.0000 0.0000 0.0000	</row1>
					<row2>	1.0000 0.0000 0.0000 0.0000	</row2>
					<row3>	1.1429 0.7611 -3.9003 1.0000	</row3>
				</transform>
			</node>
			<node>
				<identifier>	MP_BM503_Motor_Boat_35ft	</identifier>
				<transform>
					<row0>	1.0000 0.0000 0.0000 0.0000	</row0>
					<row1>	0.0000 1.0000 0.0000 0.0000	</row1>
					<row2>	0.0000 0.0000 1.0000 0.0000	</row2>
					<row3>	-1.2518 0.6167 -4.0617 1.0000	</row3>
				</transform>
			</node>
			<node>
				<identifier>	MP_BM507_Whaler_27ft	</identifier>
				<transform>
					<row0>	0.9591 0.0000 -0.2831 0.0000	</row0>
					<row1>	0.0000 1.0000 0.0000 0.0000	</row1>
					<row2>	0.2831 0.0000 0.9591 0.0000	</row2>
					<row3>	0.5550 0.4302 -7.1500 1.0000	</row3>
				</transform>
			</node>
			<node>
				<identifier>	MP_BM507_Whaler_27ft_INDEX_1	</identifier>
				<transform>
					<row0>	0.9591 0.0000 0.2831 0.0000	</row0>
					<row1>	0.0000 1.0000 0.0000 0.0000	</row1>
					<row2>	-0.2831 0.0000 0.9591 0.0000	</row2>
					<row3>	-0.5567 0.4302 -7.1505 1.0000	</row3>
				</transform>
			</node>
			<node>
				<identifier>	MP_BM523_Motor_Pinnace_35ft	</identifier>
				<transform>
					<row0>	1.0000 0.0000 0.0000 0.0000	</row0>
					<row1>	0.0000 1.0000 0.0000 0.0000	</row1>
					<row2>	0.0000 0.0000 1.0000 0.0000	</row2>
					<row3>	-1.0046 0.6167 -4.0855 1.0000	</row3>
				</transform>
			</node>
			<node>
				<identifier>	MP_BM527_Liferaft_type_20_8ft	</identifier>
				<transform>
					<row0>	-0.0341 0.0000 -0.9994 0.0000	</row0>
					<row1>	0.8783 -0.4771 -0.0300 0.0000	</row1>
					<row2>	-0.4769 -0.8788 0.0163 0.0000	</row2>
					<row3>	1.1505 0.6004 -5.8741 1.0000	</row3>
				</transform>
			</node>
			<node>
				<identifier>	MP_BM527_Liferaft_type_20_8ft_INDEX_1	</identifier>
				<transform>
					<row0>	-0.0341 0.0000 -0.9994 0.0000	</row0>
					<row1>	0.8783 -0.4771 -0.0300 0.0000	</row1>
					<row2>	-0.4769 -0.8788 0.0163 0.0000	</row2>
					<row3>	1.1754 0.5884 -5.7553 1.0000	</row3>
				</transform>
			</node>
			<node>
				<identifier>	MP_BM527_Liferaft_type_20_8ft_INDEX_10	</identifier>
				<transform>
					<row0>	-0.1563 0.0000 -0.9877 0.0000	</row0>
					<row1>	0.9785 -0.1365 -0.1549 0.0000	</row1>
					<row2>	-0.1348 -0.9906 0.0213 0.0000	</row2>
					<row3>	1.0747 0.5933 -6.3506 1.0000	</row3>
				</transform>
			</node>
			<node>
				<identifier>	MP_BM527_Liferaft_type_20_8ft_INDEX_11	</identifier>
				<transform>
					<row0>	0.0000 0.0000 1.0000 0.0000	</row0>
					<row1>	0.9886 -0.1505 0.0000 0.0000	</row1>
					<row2>	0.1505 0.9886 0.0000 0.0000	</row2>
					<row3>	1.2748 0.5798 -4.4641 1.0000	</row3>
				</transform>
			</node>
			<node>
				<identifier>	MP_BM527_Liferaft_type_20_8ft_INDEX_12	</identifier>
				<transform>
					<row0>	-0.1563 0.0000 -0.9877 0.0000	</row0>
					<row1>	0.9785 -0.1365 -0.1549 0.0000	</row1>
					<row2>	-0.1348 -0.9906 0.0213 0.0000	</row2>
					<row3>	1.0186 0.5933 -6.7049 1.0000	</row3>
				</transform>
			</node>
			<node>
				<identifier>	MP_BM527_Liferaft_type_20_8ft_INDEX_13	</identifier>
				<transform>
					<row0>	-0.0341 0.0000 -0.9994 0.0000	</row0>
					<row1>	0.8783 -0.4771 -0.0300 0.0000	</row1>
					<row2>	-0.4769 -0.8788 0.0163 0.0000	</row2>
					<row3>	1.1863 0.5884 -5.3967 1.0000	</row3>
				</transform>
			</node>
			<node>
				<identifier>	MP_BM527_Liferaft_type_20_8ft_INDEX_14	</identifier>
				<transform>
					<row0>	-0.0341 0.0000 -0.9994 0.0000	</row0>
					<row1>	0.8783 -0.4771 -0.0300 0.0000	</row1>
					<row2>	-0.4769 -0.8788 0.0163 0.0000	</row2>
					<row3>	1.2007 0.5884 -4.9186 1.0000	</row3>
				</transform>
			</node>
			<node>
				<identifier>	MP_BM527_Liferaft_type_20_8ft_INDEX_15	</identifier>
				<transform>
					<row0>	-0.1563 0.0000 -0.9877 0.0000	</row0>
					<row1>	0.9785 -0.1365 -0.1549 0.0000	</row1>
					<row2>	-0.1348 -0.9906 0.0213 0.0000	</row2>
					<row3>	1.0705 0.6042 -6.2289 1.0000	</row3>
				</transform>
			</node>
			<node>
				<identifier>	MP_BM527_Liferaft_type_20_8ft_INDEX_16	</identifier>
				<transform>
					<row0>	-0.1563 0.0000 -0.9877 0.0000	</row0>
					<row1>	0.9785 -0.1365 -0.1549 0.0000	</row1>
					<row2>	-0.1348 -0.9906 0.0213 0.0000	</row2>
					<row3>	1.0147 0.6067 -6.5833 1.0000	</row3>
				</transform>
			</node>
			<node>
				<identifier>	MP_BM527_Liferaft_type_20_8ft_INDEX_17	</identifier>
				<transform>
					<row0>	-0.1563 0.0000 0.9877 0.0000	</row0>
					<row1>	-0.9785 -0.1365 -0.1549 0.0000	</row1>
					<row2>	0.1348 -0.9906 0.0213 0.0000	</row2>
					<row3>	-1.1307 0.5933 -5.9963 1.0000	</row3>
				</transform>
			</node>
			<node>
				<identifier>	MP_BM527_Liferaft_type_20_8ft_INDEX_18	</identifier>
				<transform>
					<row0>	-0.0341 0.0000 -0.9994 0.0000	</row0>
					<row1>	0.8783 -0.4771 -0.0300 0.0000	</row1>
					<row2>	-0.4769 -0.8788 0.0163 0.0000	</row2>
					<row3>	1.1718 0.5884 -5.8749 1.0000	</row3>
				</transform>
			</node>
			<node>
				<identifier>	MP_BM527_Liferaft_type_20_8ft_INDEX_19	</identifier>
				<transform>
					<row0>	-0.1563 0.0000 0.9877 0.0000	</row0>
					<row1>	-0.9785 -0.1365 -0.1549 0.0000	</row1>
					<row2>	0.1348 -0.9906 0.0213 0.0000	</row2>
					<row3>	-1.0560 0.5933 -6.4688 1.0000	</row3>
				</transform>
			</node>
			<node>
				<identifier>	MP_BM527_Liferaft_type_20_8ft_INDEX_2	</identifier>
				<transform>
					<row0>	-0.1563 0.0000 0.9877 0.0000	</row0>
					<row1>	-0.9785 -0.1365 -0.1549 0.0000	</row1>
					<row2>	0.1348 -0.9906 0.0213 0.0000	</row2>
					<row3>	-0.9966 0.6107 -6.7014 1.0000	</row3>
				</transform>
			</node>
			<node>
				<identifier>	MP_BM527_Liferaft_type_20_8ft_INDEX_20	</identifier>
				<transform>
					<row0>	0.0000 0.0000 1.0000 0.0000	</row0>
					<row1>	0.9886 -0.1505 0.0000 0.0000	</row1>
					<row2>	0.1505 0.9886 0.0000 0.0000	</row2>
					<row3>	1.2748 0.5798 -4.2250 1.0000	</row3>
				</transform>
			</node>
			<node>
				<identifier>	MP_BM527_Liferaft_type_20_8ft_INDEX_21	</identifier>
				<transform>
					<row0>	-0.1563 0.0000 0.9877 0.0000	</row0>
					<row1>	-0.9785 -0.1365 -0.1549 0.0000	</row1>
					<row2>	0.1348 -0.9906 0.0213 0.0000	</row2>
					<row3>	-1.0345 0.6142 -6.4653 1.0000	</row3>
				</transform>
			</node>
			<node>
				<identifier>	MP_BM527_Liferaft_type_20_8ft_INDEX_22	</identifier>
				<transform>
					<row0>	-0.0341 0.0000 -0.9994 0.0000	</row0>
					<row1>	0.8783 -0.4771 -0.0300 0.0000	</row1>
					<row2>	-0.4769 -0.8788 0.0163 0.0000	</row2>
					<row3>	1.1971 0.5884 -5.0382 1.0000	</row3>
				</transform>
			</node>
			<node>
				<identifier>	MP_BM527_Liferaft_type_20_8ft_INDEX_23	</identifier>
				<transform>
					<row0>	-0.0341 0.0000 -0.9994 0.0000	</row0>
					<row1>	0.8783 -0.4771 -0.0300 0.0000	</row1>
					<row2>	-0.4769 -0.8788 0.0163 0.0000	</row2>
					<row3>	1.1745 0.5913 -4.9177 1.0000	</row3>
				</transform>
			</node>
			<node>
				<identifier>	MP_BM527_Liferaft_type_20_8ft_INDEX_24	</identifier>
				<transform>
					<row0>	-0.1563 0.0000 0.9877 0.0000	</row0>
					<row1>	-0.9785 -0.1365 -0.1549 0.0000	</row1>
					<row2>	0.1348 -0.9906 0.0213 0.0000	</row2>
					<row3>	-1.0705 0.6042 -6.2289 1.0000	</row3>
				</transform>
			</node>
			<node>
				<identifier>	MP_BM527_Liferaft_type_20_8ft_INDEX_25	</identifier>
				<transform>
					<row0>	-0.1563 0.0000 0.9877 0.0000	</row0>
					<row1>	-0.9785 -0.1365 -0.1549 0.0000	</row1>
					<row2>	0.1348 -0.9906 0.0213 0.0000	</row2>
					<row3>	-1.0747 0.5933 -6.3506 1.0000	</row3>
				</transform>
			</node>
			<node>
				<identifier>	MP_BM527_Liferaft_type_20_8ft_INDEX_26	</identifier>
				<transform>
					<row0>	-0.0341 0.0000 -0.9994 0.0000	</row0>
					<row1>	0.8783 -0.4771 -0.0300 0.0000	</row1>
					<row2>	-0.4769 -0.8788 0.0163 0.0000	</row2>
					<row3>	1.1736 0.6029 -5.1570 1.0000	</row3>
				</transform>
			</node>
			<node>
				<identifier>	MP_BM527_Liferaft_type_20_8ft_INDEX_27	</identifier>
				<transform>
					<row0>	0.0000 0.0000 1.0000 0.0000	</row0>
					<row1>	0.9886 -0.1505 0.0000 0.0000	</row1>
					<row2>	0.1505 0.9886 0.0000 0.0000	</row2>
					<row3>	1.2748 0.5798 -4.5837 1.0000	</row3>
				</transform>
			</node>
			<node>
				<identifier>	MP_BM527_Liferaft_type_20_8ft_INDEX_28	</identifier>
				<transform>
					<row0>	-0.0341 0.0000 -0.9994 0.0000	</row0>
					<row1>	0.8783 -0.4771 -0.0300 0.0000	</row1>
					<row2>	-0.4769 -0.8788 0.0163 0.0000	</row2>
					<row3>	1.1758 0.6004 -5.0374 1.0000	</row3>
				</transform>
			</node>
			<node>
				<identifier>	MP_BM527_Liferaft_type_20_8ft_INDEX_29	</identifier>
				<transform>
					<row0>	0.0000 0.0000 1.0000 0.0000	</row0>
					<row1>	0.9886 -0.1505 0.0000 0.0000	</row1>
					<row2>	0.1505 0.9886 0.0000 0.0000	</row2>
					<row3>	1.2521 0.5950 -4.5837 1.0000	</row3>
				</transform>
			</node>
			<node>
				<identifier>	MP_BM527_Liferaft_type_20_8ft_INDEX_3	</identifier>
				<transform>
					<row0>	0.0000 0.0000 1.0000 0.0000	</row0>
					<row1>	0.9886 -0.1505 0.0000 0.0000	</row1>
					<row2>	0.1505 0.9886 0.0000 0.0000	</row2>
					<row3>	1.2748 0.5798 -4.3445 1.0000	</row3>
				</transform>
			</node>
			<node>
				<identifier>	MP_BM527_Liferaft_type_20_8ft_INDEX_30	</identifier>
				<transform>
					<row0>	-0.0341 0.0000 -0.9994 0.0000	</row0>
					<row1>	0.8783 -0.4771 -0.0300 0.0000	</row1>
					<row2>	-0.4769 -0.8788 0.0163 0.0000	</row2>
					<row3>	1.1521 0.5968 -5.7545 1.0000	</row3>
				</transform>
			</node>
			<node>
				<identifier>	MP_BM527_Liferaft_type_20_8ft_INDEX_31	</identifier>
				<transform>
					<row0>	0.0000 0.0000 1.0000 0.0000	</row0>
					<row1>	0.9886 -0.1505 0.0000 0.0000	</row1>
					<row2>	0.1505 0.9886 0.0000 0.0000	</row2>
					<row3>	1.2747 0.5798 -4.1053 1.0000	</row3>
				</transform>
			</node>
			<node>
				<identifier>	MP_BM527_Liferaft_type_20_8ft_INDEX_32	</identifier>
				<transform>
					<row0>	-0.1563 0.0000 -0.9877 0.0000	</row0>
					<row1>	0.9785 -0.1365 -0.1549 0.0000	</row1>
					<row2>	-0.1348 -0.9906 0.0213 0.0000	</row2>
					<row3>	1.1120 0.5933 -6.1143 1.0000	</row3>
				</transform>
			</node>
			<node>
				<identifier>	MP_BM527_Liferaft_type_20_8ft_INDEX_33	</identifier>
				<transform>
					<row0>	-0.1563 0.0000 0.9877 0.0000	</row0>
					<row1>	-0.9785 -0.1365 -0.1549 0.0000	</row1>
					<row2>	0.1348 -0.9906 0.0213 0.0000	</row2>
					<row3>	-1.0373 0.5933 -6.5868 1.0000	</row3>
				</transform>
			</node>
			<node>
				<identifier>	MP_BM527_Liferaft_type_20_8ft_INDEX_34	</identifier>
				<transform>
					<row0>	-0.0341 0.0000 -0.9994 0.0000	</row0>
					<row1>	0.8783 -0.4771 -0.0300 0.0000	</row1>
					<row2>	-0.4769 -0.8788 0.0163 0.0000	</row2>
					<row3>	1.1593 0.6033 -5.6351 1.0000	</row3>
				</transform>
			</node>
			<node>
				<identifier>	MP_BM527_Liferaft_type_20_8ft_INDEX_35	</identifier>
				<transform>
					<row0>	-0.0341 0.0000 -0.9994 0.0000	</row0>
					<row1>	0.8783 -0.4771 -0.0300 0.0000	</row1>
					<row2>	-0.4769 -0.8788 0.0163 0.0000	</row2>
					<row3>	1.1613 0.6004 -5.5155 1.0000	</row3>
				</transform>
			</node>
			<node>
				<identifier>	MP_BM527_Liferaft_type_20_8ft_INDEX_36	</identifier>
				<transform>
					<row0>	-0.0341 0.0000 -0.9994 0.0000	</row0>
					<row1>	0.8783 -0.4771 -0.0300 0.0000	</row1>
					<row2>	-0.4769 -0.8788 0.0163 0.0000	</row2>
					<row3>	1.1935 0.5884 -5.1576 1.0000	</row3>
				</transform>
			</node>
			<node>
				<identifier>	MP_BM527_Liferaft_type_20_8ft_INDEX_37	</identifier>
				<transform>
					<row0>	-0.1563 0.0000 0.9877 0.0000	</row0>
					<row1>	-0.9785 -0.1365 -0.1549 0.0000	</row1>
					<row2>	0.1348 -0.9906 0.0213 0.0000	</row2>
					<row3>	-1.1120 0.5933 -6.1143 1.0000	</row3>
				</transform>
			</node>
			<node>
				<identifier>	MP_BM527_Liferaft_type_20_8ft_INDEX_38	</identifier>
				<transform>
					<row0>	-0.0341 0.0000 -0.9994 0.0000	</row0>
					<row1>	0.8783 -0.4771 -0.0300 0.0000	</row1>
					<row2>	-0.4769 -0.8788 0.0163 0.0000	</row2>
					<row3>	1.1899 0.5884 -5.2772 1.0000	</row3>
				</transform>
			</node>
			<node>
				<identifier>	MP_BM527_Liferaft_type_20_8ft_INDEX_39	</identifier>
				<transform>
					<row0>	-0.0341 0.0000 -0.9994 0.0000	</row0>
					<row1>	0.8783 -0.4771 -0.0300 0.0000	</row1>
					<row2>	-0.4769 -0.8788 0.0163 0.0000	</row2>
					<row3>	1.1790 0.5884 -5.6358 1.0000	</row3>
				</transform>
			</node>
			<node>
				<identifier>	MP_BM527_Liferaft_type_20_8ft_INDEX_4	</identifier>
				<transform>
					<row0>	-0.0341 0.0000 -0.9994 0.0000	</row0>
					<row1>	0.8783 -0.4771 -0.0300 0.0000	</row1>
					<row2>	-0.4769 -0.8788 0.0163 0.0000	</row2>
					<row3>	1.1659 0.5955 -5.2764 1.0000	</row3>
				</transform>
			</node>
			<node>
				<identifier>	MP_BM527_Liferaft_type_20_8ft_INDEX_40	</identifier>
				<transform>
					<row0>	0.0000 0.0000 1.0000 0.0000	</row0>
					<row1>	0.9886 -0.1505 0.0000 0.0000	</row1>
					<row2>	0.1505 0.9886 0.0000 0.0000	</row2>
					<row3>	1.2747 0.5798 -3.9858 1.0000	</row3>
				</transform>
			</node>
			<node>
				<identifier>	MP_BM527_Liferaft_type_20_8ft_INDEX_41	</identifier>
				<transform>
					<row0>	-0.1563 0.0000 0.9877 0.0000	</row0>
					<row1>	-0.9785 -0.1365 -0.1549 0.0000	</row1>
					<row2>	0.1348 -0.9906 0.0213 0.0000	</row2>
					<row3>	-1.1078 0.6040 -5.9926 1.0000	</row3>
				</transform>
			</node>
			<node>
				<identifier>	MP_BM527_Liferaft_type_20_8ft_INDEX_42	</identifier>
				<transform>
					<row0>	-0.1563 0.0000 -0.9877 0.0000	</row0>
					<row1>	0.9785 -0.1365 -0.1549 0.0000	</row1>
					<row2>	-0.1348 -0.9906 0.0213 0.0000	</row2>
					<row3>	1.0345 0.6142 -6.4653 1.0000	</row3>
				</transform>
			</node>
			<node>
				<identifier>	MP_BM527_Liferaft_type_20_8ft_INDEX_43	</identifier>
				<transform>
					<row0>	-0.1563 0.0000 0.9877 0.0000	</row0>
					<row1>	-0.9785 -0.1365 -0.1549 0.0000	</row1>
					<row2>	0.1348 -0.9906 0.0213 0.0000	</row2>
					<row3>	-1.0892 0.6041 -6.1107 1.0000	</row3>
				</transform>
			</node>
			<node>
				<identifier>	MP_BM527_Liferaft_type_20_8ft_INDEX_44	</identifier>
				<transform>
					<row0>	-0.1563 0.0000 0.9877 0.0000	</row0>
					<row1>	-0.9785 -0.1365 -0.1549 0.0000	</row1>
					<row2>	0.1348 -0.9906 0.0213 0.0000	</row2>
					<row3>	-1.0186 0.5933 -6.7049 1.0000	</row3>
				</transform>
			</node>
			<node>
				<identifier>	MP_BM527_Liferaft_type_20_8ft_INDEX_45	</identifier>
				<transform>
					<row0>	-0.1563 0.0000 -0.9877 0.0000	</row0>
					<row1>	0.9785 -0.1365 -0.1549 0.0000	</row1>
					<row2>	-0.1348 -0.9906 0.0213 0.0000	</row2>
					<row3>	1.0514 0.6012 -6.3469 1.0000	</row3>
				</transform>
			</node>
			<node>
				<identifier>	MP_BM527_Liferaft_type_20_8ft_INDEX_46	</identifier>
				<transform>
					<row0>	-0.1563 0.0000 0.9877 0.0000	</row0>
					<row1>	-0.9785 -0.1365 -0.1549 0.0000	</row1>
					<row2>	0.1348 -0.9906 0.0213 0.0000	</row2>
					<row3>	-1.0934 0.5933 -6.2325 1.0000	</row3>
				</transform>
			</node>
			<node>
				<identifier>	MP_BM527_Liferaft_type_20_8ft_INDEX_47	</identifier>
				<transform>
					<row0>	-0.1563 0.0000 -0.9877 0.0000	</row0>
					<row1>	0.9785 -0.1365 -0.1549 0.0000	</row1>
					<row2>	-0.1348 -0.9906 0.0213 0.0000	</row2>
					<row3>	0.9966 0.6107 -6.7014 1.0000	</row3>
				</transform>
			</node>
			<node>
				<identifier>	MP_BM527_Liferaft_type_20_8ft_INDEX_48	</identifier>
				<transform>
					<row0>	0.0000 1.0000 0.0000 0.0000	</row0>
					<row1>	-0.9999 0.0000 -0.0126 0.0000	</row1>
					<row2>	-0.0126 0.0000 0.9999 0.0000	</row2>
					<row3>	-1.0269 0.8291 -6.9182 1.0000	</row3>
				</transform>
			</node>
			<node>
				<identifier>	MP_BM527_Liferaft_type_20_8ft_INDEX_49	</identifier>
				<transform>
					<row0>	-0.0341 0.0000 -0.9994 0.0000	</row0>
					<row1>	0.8783 -0.4771 -0.0300 0.0000	</row1>
					<row2>	-0.4769 -0.8788 0.0163 0.0000	</row2>
					<row3>	1.1613 0.5937 -5.3959 1.0000	</row3>
				</transform>
			</node>
			<node>
				<identifier>	MP_BM527_Liferaft_type_20_8ft_INDEX_5	</identifier>
				<transform>
					<row0>	-0.1563 0.0000 -0.9877 0.0000	</row0>
					<row1>	0.9785 -0.1365 -0.1549 0.0000	</row1>
					<row2>	-0.1348 -0.9906 0.0213 0.0000	</row2>
					<row3>	1.0373 0.5933 -6.5868 1.0000	</row3>
				</transform>
			</node>
			<node>
				<identifier>	MP_BM527_Liferaft_type_20_8ft_INDEX_50	</identifier>
				<transform>
					<row0>	-0.1563 0.0000 0.9877 0.0000	</row0>
					<row1>	-0.9785 -0.1365 -0.1549 0.0000	</row1>
					<row2>	0.1348 -0.9906 0.0213 0.0000	</row2>
					<row3>	-1.0514 0.6012 -6.3469 1.0000	</row3>
				</transform>
			</node>
			<node>
				<identifier>	MP_BM527_Liferaft_type_20_8ft_INDEX_51	</identifier>
				<transform>
					<row0>	-0.1563 0.0000 0.9877 0.0000	</row0>
					<row1>	-0.9785 -0.1365 -0.1549 0.0000	</row1>
					<row2>	0.1348 -0.9906 0.0213 0.0000	</row2>
					<row3>	-1.0147 0.6067 -6.5833 1.0000	</row3>
				</transform>
			</node>
			<node>
				<identifier>	MP_BM527_Liferaft_type_20_8ft_INDEX_52	</identifier>
				<transform>
					<row0>	-0.1563 0.0000 -0.9877 0.0000	</row0>
					<row1>	0.9785 -0.1365 -0.1549 0.0000	</row1>
					<row2>	-0.1348 -0.9906 0.0213 0.0000	</row2>
					<row3>	1.0934 0.5933 -6.2325 1.0000	</row3>
				</transform>
			</node>
			<node>
				<identifier>	MP_BM527_Liferaft_type_20_8ft_INDEX_53	</identifier>
				<transform>
					<row0>	-0.1563 0.0000 -0.9877 0.0000	</row0>
					<row1>	0.9785 -0.1365 -0.1549 0.0000	</row1>
					<row2>	-0.1348 -0.9906 0.0213 0.0000	</row2>
					<row3>	1.1307 0.5933 -5.9963 1.0000	</row3>
				</transform>
			</node>
			<node>
				<identifier>	MP_BM527_Liferaft_type_20_8ft_INDEX_54	</identifier>
				<transform>
					<row0>	0.0000 0.0000 1.0000 0.0000	</row0>
					<row1>	0.9886 -0.1505 0.0000 0.0000	</row1>
					<row2>	0.1505 0.9886 0.0000 0.0000	</row2>
					<row3>	1.2521 0.5950 -4.4641 1.0000	</row3>
				</transform>
			</node>
			<node>
				<identifier>	MP_BM527_Liferaft_type_20_8ft_INDEX_55	</identifier>
				<transform>
					<row0>	0.0000 0.0000 1.0000 0.0000	</row0>
					<row1>	0.9886 -0.1505 0.0000 0.0000	</row1>
					<row2>	0.1505 0.9886 0.0000 0.0000	</row2>
					<row3>	1.2521 0.5950 -4.3445 1.0000	</row3>
				</transform>
			</node>
			<node>
				<identifier>	MP_BM527_Liferaft_type_20_8ft_INDEX_56	</identifier>
				<transform>
					<row0>	0.0000 0.0000 1.0000 0.0000	</row0>
					<row1>	0.9886 -0.1505 0.0000 0.0000	</row1>
					<row2>	0.1505 0.9886 0.0000 0.0000	</row2>
					<row3>	1.2521 0.5950 -4.2250 1.0000	</row3>
				</transform>
			</node>
			<node>
				<identifier>	MP_BM527_Liferaft_type_20_8ft_INDEX_57	</identifier>
				<transform>
					<row0>	0.0000 0.0000 1.0000 0.0000	</row0>
					<row1>	0.9886 -0.1505 0.0000 0.0000	</row1>
					<row2>	0.1505 0.9886 0.0000 0.0000	</row2>
					<row3>	1.2521 0.5950 -4.1053 1.0000	</row3>
				</transform>
			</node>
			<node>
				<identifier>	MP_BM527_Liferaft_type_20_8ft_INDEX_58	</identifier>
				<transform>
					<row0>	0.0000 0.0000 1.0000 0.0000	</row0>
					<row1>	0.9886 -0.1505 0.0000 0.0000	</row1>
					<row2>	0.1505 0.9886 0.0000 0.0000	</row2>
					<row3>	1.2521 0.5950 -3.9858 1.0000	</row3>
				</transform>
			</node>
			<node>
				<identifier>	MP_BM527_Liferaft_type_20_8ft_INDEX_59	</identifier>
				<transform>
					<row0>	0.0000 0.0000 1.0000 0.0000	</row0>
					<row1>	0.9886 -0.1505 0.0000 0.0000	</row1>
					<row2>	0.1505 0.9886 0.0000 0.0000	</row2>
					<row3>	1.2747 0.5798 -3.8662 1.0000	</row3>
				</transform>
			</node>
			<node>
				<identifier>	MP_BM527_Liferaft_type_20_8ft_INDEX_6	</identifier>
				<transform>
					<row0>	-0.0341 0.0000 -0.9994 0.0000	</row0>
					<row1>	0.8783 -0.4771 -0.0300 0.0000	</row1>
					<row2>	-0.4769 -0.8788 0.0163 0.0000	</row2>
					<row3>	1.1827 0.5884 -5.5162 1.0000	</row3>
				</transform>
			</node>
			<node>
				<identifier>	MP_BM527_Liferaft_type_20_8ft_INDEX_60	</identifier>
				<transform>
					<row0>	0.0000 0.0000 1.0000 0.0000	</row0>
					<row1>	0.9886 -0.1505 0.0000 0.0000	</row1>
					<row2>	0.1505 0.9886 0.0000 0.0000	</row2>
					<row3>	1.2521 0.5950 -3.8662 1.0000	</row3>
				</transform>
			</node>
			<node>
				<identifier>	MP_BM527_Liferaft_type_20_8ft_INDEX_7	</identifier>
				<transform>
					<row0>	-0.1563 0.0000 -0.9877 0.0000	</row0>
					<row1>	0.9785 -0.1365 -0.1549 0.0000	</row1>
					<row2>	-0.1348 -0.9906 0.0213 0.0000	</row2>
					<row3>	1.0560 0.5933 -6.4688 1.0000	</row3>
				</transform>
			</node>
			<node>
				<identifier>	MP_BM527_Liferaft_type_20_8ft_INDEX_8	</identifier>
				<transform>
					<row0>	-0.1563 0.0000 -0.9877 0.0000	</row0>
					<row1>	0.9785 -0.1365 -0.1549 0.0000	</row1>
					<row2>	-0.1348 -0.9906 0.0213 0.0000	</row2>
					<row3>	1.0892 0.6041 -6.1107 1.0000	</row3>
				</transform>
			</node>
			<node>
				<identifier>	MP_BM527_Liferaft_type_20_8ft_INDEX_9	</identifier>
				<transform>
					<row0>	-0.1563 0.0000 -0.9877 0.0000	</row0>
					<row1>	0.9785 -0.1365 -0.1549 0.0000	</row1>
					<row2>	-0.1348 -0.9906 0.0213 0.0000	</row2>
					<row3>	1.1078 0.6040 -5.9926 1.0000	</row3>
				</transform>
			</node>
			<node>
				<identifier>	MP_BM532_Denton_raft	</identifier>
				<transform>
					<row0>	1.0000 0.0000 0.0000 0.0000	</row0>
					<row1>	0.0000 0.0000 1.0000 0.0000	</row1>
					<row2>	0.0000 -1.0000 0.0000 0.0000	</row2>
					<row3>	0.1222 0.5864 -7.3478 1.0000	</row3>
				</transform>
			</node>
			<node>
				<identifier>	MP_BM532_Denton_raft_INDEX_1	</identifier>
				<transform>
					<row0>	1.0000 0.0000 0.0000 0.0000	</row0>
					<row1>	0.0000 0.0000 1.0000 0.0000	</row1>
					<row2>	0.0000 -1.0000 0.0000 0.0000	</row2>
					<row3>	0.1222 0.5864 -7.4415 1.0000	</row3>
				</transform>
			</node>
			<node>
				<identifier>	MP_BM532_Denton_raft_INDEX_10	</identifier>
				<transform>
					<row0>	1.0000 0.0000 0.0000 0.0000	</row0>
					<row1>	0.0000 0.0000 1.0000 0.0000	</row1>
					<row2>	0.0000 -1.0000 0.0000 0.0000	</row2>
					<row3>	-0.1222 0.5864 -7.4415 1.0000	</row3>
				</transform>
			</node>
			<node>
				<identifier>	MP_BM532_Denton_raft_INDEX_11	</identifier>
				<transform>
					<row0>	1.0000 0.0000 0.0000 0.0000	</row0>
					<row1>	0.0000 0.0000 1.0000 0.0000	</row1>
					<row2>	0.0000 -1.0000 0.0000 0.0000	</row2>
					<row3>	-0.1222 0.5864 -7.3478 1.0000	</row3>
				</transform>
			</node>
			<node>
				<identifier>	MP_BM532_Denton_raft_INDEX_12	</identifier>
				<transform>
					<row0>	-0.0167 0.0000 0.9999 0.0000	</row0>
					<row1>	0.0000 1.0000 0.0000 0.0000	</row1>
					<row2>	-0.9999 0.0000 -0.0167 0.0000	</row2>
					<row3>	-0.9334 0.9540 -7.2485 1.0000	</row3>
				</transform>
			</node>
			<node>
				<identifier>	MP_BM532_Denton_raft_INDEX_13	</identifier>
				<transform>
					<row0>	-0.0167 0.0000 0.9999 0.0000	</row0>
					<row1>	0.0000 1.0000 0.0000 0.0000	</row1>
					<row2>	-0.9999 0.0000 -0.0167 0.0000	</row2>
					<row3>	-0.9322 0.9540 -7.3164 1.0000	</row3>
				</transform>
			</node>
			<node>
				<identifier>	MP_BM532_Denton_raft_INDEX_14	</identifier>
				<transform>
					<row0>	-0.0167 0.0000 0.9999 0.0000	</row0>
					<row1>	0.0000 1.0000 0.0000 0.0000	</row1>
					<row2>	-0.9999 0.0000 -0.0167 0.0000	</row2>
					<row3>	-0.9516 0.8176 -6.2458 1.0000	</row3>
				</transform>
			</node>
			<node>
				<identifier>	MP_BM532_Denton_raft_INDEX_15	</identifier>
				<transform>
					<row0>	-0.0167 0.0000 0.9999 0.0000	</row0>
					<row1>	0.0000 1.0000 0.0000 0.0000	</row1>
					<row2>	-0.9999 0.0000 -0.0167 0.0000	</row2>
					<row3>	-0.9527 0.8176 -6.1754 1.0000	</row3>
				</transform>
			</node>
			<node>
				<identifier>	MP_BM532_Denton_raft_INDEX_16	</identifier>
				<transform>
					<row0>	-0.0167 0.0000 -0.9999 0.0000	</row0>
					<row1>	0.0000 1.0000 0.0000 0.0000	</row1>
					<row2>	0.9999 0.0000 -0.0167 0.0000	</row2>
					<row3>	0.9500 0.8176 -6.3414 1.0000	</row3>
				</transform>
			</node>
			<node>
				<identifier>	MP_BM532_Denton_raft_INDEX_17	</identifier>
				<transform>
					<row0>	-0.0167 0.0000 -0.9999 0.0000	</row0>
					<row1>	0.0000 1.0000 0.0000 0.0000	</row1>
					<row2>	0.9999 0.0000 -0.0167 0.0000	</row2>
					<row3>	0.9538 0.8176 -6.1496 1.0000	</row3>
				</transform>
			</node>
			<node>
				<identifier>	MP_BM532_Denton_raft_INDEX_18	</identifier>
				<transform>
					<row0>	0.0000 0.0000 -1.0000 0.0000	</row0>
					<row1>	0.0000 1.0000 0.0000 0.0000	</row1>
					<row2>	1.0000 0.0000 0.0000 0.0000	</row2>
					<row3>	1.0260 0.6030 -3.7462 1.0000	</row3>
				</transform>
			</node>
			<node>
				<identifier>	MP_BM532_Denton_raft_INDEX_19	</identifier>
				<transform>
					<row0>	0.7417 0.0000 0.6707 0.0000	</row0>
					<row1>	0.0000 1.0000 0.0000 0.0000	</row1>
					<row2>	-0.6707 0.0000 0.7417 0.0000	</row2>
					<row3>	-1.1347 0.6030 -4.6362 1.0000	</row3>
				</transform>
			</node>
			<node>
				<identifier>	MP_BM532_Denton_raft_INDEX_2	</identifier>
				<transform>
					<row0>	1.0000 0.0000 0.0000 0.0000	</row0>
					<row1>	0.0000 0.0000 1.0000 0.0000	</row1>
					<row2>	0.0000 -1.0000 0.0000 0.0000	</row2>
					<row3>	-0.0407 0.6014 -7.3478 1.0000	</row3>
				</transform>
			</node>
			<node>
				<identifier>	MP_BM532_Denton_raft_INDEX_20	</identifier>
				<transform>
					<row0>	0.7417 0.0000 0.6707 0.0000	</row0>
					<row1>	0.0000 1.0000 0.0000 0.0000	</row1>
					<row2>	-0.6707 0.0000 0.7417 0.0000	</row2>
					<row3>	-1.0840 0.6030 -4.5903 1.0000	</row3>
				</transform>
			</node>
			<node>
				<identifier>	MP_BM532_Denton_raft_INDEX_21	</identifier>
				<transform>
					<row0>	-0.0008 0.0000 1.0000 0.0000	</row0>
					<row1>	0.0000 1.0000 0.0000 0.0000	</row1>
					<row2>	-1.0000 0.0000 -0.0008 0.0000	</row2>
					<row3>	-1.0255 0.8095 -4.6561 1.0000	</row3>
				</transform>
			</node>
			<node>
				<identifier>	MP_BM532_Denton_raft_INDEX_22	</identifier>
				<transform>
					<row0>	-0.0008 0.0000 1.0000 0.0000	</row0>
					<row1>	0.0000 1.0000 0.0000 0.0000	</row1>
					<row2>	-1.0000 0.0000 -0.0008 0.0000	</row2>
					<row3>	-1.0255 0.8095 -4.7262 1.0000	</row3>
				</transform>
			</node>
			<node>
				<identifier>	MP_BM532_Denton_raft_INDEX_23	</identifier>
				<transform>
					<row0>	-1.0000 0.0000 0.0000 0.0000	</row0>
					<row1>	0.0000 1.0000 0.0000 0.0000	</row1>
					<row2>	0.0000 0.0000 -1.0000 0.0000	</row2>
					<row3>	-0.4890 0.4298 -6.8106 1.0000	</row3>
				</transform>
			</node>
			<node>
				<identifier>	MP_BM532_Denton_raft_INDEX_24	</identifier>
				<transform>
					<row0>	-1.0000 0.0000 0.0000 0.0000	</row0>
					<row1>	0.0000 1.0000 0.0000 0.0000	</row1>
					<row2>	0.0000 0.0000 -1.0000 0.0000	</row2>
					<row3>	-0.4137 0.4298 -6.8106 1.0000	</row3>
				</transform>
			</node>
			<node>
				<identifier>	MP_BM532_Denton_raft_INDEX_25	</identifier>
				<transform>
					<row0>	-1.0000 0.0000 0.0000 0.0000	</row0>
					<row1>	0.0000 1.0000 0.0000 0.0000	</row1>
					<row2>	0.0000 0.0000 -1.0000 0.0000	</row2>
					<row3>	0.3379 0.4298 -6.8106 1.0000	</row3>
				</transform>
			</node>
			<node>
				<identifier>	MP_BM532_Denton_raft_INDEX_26	</identifier>
				<transform>
					<row0>	-1.0000 0.0000 0.0000 0.0000	</row0>
					<row1>	0.0000 1.0000 0.0000 0.0000	</row1>
					<row2>	0.0000 0.0000 -1.0000 0.0000	</row2>
					<row3>	0.4890 0.4298 -6.8106 1.0000	</row3>
				</transform>
			</node>
			<node>
				<identifier>	MP_BM532_Denton_raft_INDEX_3	</identifier>
				<transform>
					<row0>	1.0000 0.0000 0.0000 0.0000	</row0>
					<row1>	0.0000 0.0000 1.0000 0.0000	</row1>
					<row2>	0.0000 -1.0000 0.0000 0.0000	</row2>
					<row3>	-0.1222 0.6014 -7.4415 1.0000	</row3>
				</transform>
			</node>
			<node>
				<identifier>	MP_BM532_Denton_raft_INDEX_4	</identifier>
				<transform>
					<row0>	1.0000 0.0000 0.0000 0.0000	</row0>
					<row1>	0.0000 0.0000 1.0000 0.0000	</row1>
					<row2>	0.0000 -1.0000 0.0000 0.0000	</row2>
					<row3>	0.1222 0.6014 -7.3478 1.0000	</row3>
				</transform>
			</node>
			<node>
				<identifier>	MP_BM532_Denton_raft_INDEX_5	</identifier>
				<transform>
					<row0>	1.0000 0.0000 0.0000 0.0000	</row0>
					<row1>	0.0000 0.0000 1.0000 0.0000	</row1>
					<row2>	0.0000 -1.0000 0.0000 0.0000	</row2>
					<row3>	0.0407 0.6014 -7.3478 1.0000	</row3>
				</transform>
			</node>
			<node>
				<identifier>	MP_BM532_Denton_raft_INDEX_6	</identifier>
				<transform>
					<row0>	1.0000 0.0000 0.0000 0.0000	</row0>
					<row1>	0.0000 0.0000 1.0000 0.0000	</row1>
					<row2>	0.0000 -1.0000 0.0000 0.0000	</row2>
					<row3>	0.0407 0.5864 -7.3478 1.0000	</row3>
				</transform>
			</node>
			<node>
				<identifier>	MP_BM532_Denton_raft_INDEX_7	</identifier>
				<transform>
					<row0>	1.0000 0.0000 0.0000 0.0000	</row0>
					<row1>	0.0000 0.0000 1.0000 0.0000	</row1>
					<row2>	0.0000 -1.0000 0.0000 0.0000	</row2>
					<row3>	-0.0407 0.5864 -7.3478 1.0000	</row3>
				</transform>
			</node>
			<node>
				<identifier>	MP_BM532_Denton_raft_INDEX_8	</identifier>
				<transform>
					<row0>	1.0000 0.0000 0.0000 0.0000	</row0>
					<row1>	0.0000 0.0000 1.0000 0.0000	</row1>
					<row2>	0.0000 -1.0000 0.0000 0.0000	</row2>
					<row3>	0.1222 0.6014 -7.4415 1.0000	</row3>
				</transform>
			</node>
			<node>
				<identifier>	MP_BM532_Denton_raft_INDEX_9	</identifier>
				<transform>
					<row0>	1.0000 0.0000 0.0000 0.0000	</row0>
					<row1>	0.0000 0.0000 1.0000 0.0000	</row1>
					<row2>	0.0000 -1.0000 0.0000 0.0000	</row2>
					<row3>	-0.1222 0.6014 -7.3478 1.0000	</row3>
				</transform>
			</node>
			<node>
				<identifier>	MP_BM600_Sky_lookout	</identifier>
				<transform>
					<row0>	0.0000 0.0000 1.0000 0.0000	</row0>
					<row1>	0.0000 1.0000 0.0000 0.0000	</row1>
					<row2>	-1.0000 0.0000 0.0000 0.0000	</row2>
					<row3>	0.0958 0.7541 -8.2854 1.0000	</row3>
				</transform>
			</node>
			<node>
				<identifier>	MP_BM609_Speaker	</identifier>
				<transform>
					<row0>	0.0000 0.0000 1.0000 0.0000	</row0>
					<row1>	0.0000 1.0000 0.0000 0.0000	</row1>
					<row2>	-1.0000 0.0000 0.0000 0.0000	</row2>
					<row3>	-0.9327 1.0323 -7.2792 1.0000	</row3>
				</transform>
			</node>
			<node>
				<identifier>	MP_BM609_Speaker_INDEX_1	</identifier>
				<transform>
					<row0>	0.0000 0.0000 -1.0000 0.0000	</row0>
					<row1>	0.0000 1.0000 0.0000 0.0000	</row1>
					<row2>	1.0000 0.0000 0.0000 0.0000	</row2>
					<row3>	0.9383 1.0470 -6.9720 1.0000	</row3>
				</transform>
			</node>
			<node>
				<identifier>	MP_BM609_Speaker_INDEX_2	</identifier>
				<transform>
					<row0>	0.0000 0.0000 -1.0000 0.0000	</row0>
					<row1>	0.0000 1.0000 0.0000 0.0000	</row1>
					<row2>	1.0000 0.0000 0.0000 0.0000	</row2>
					<row3>	0.9756 1.0318 -5.4837 1.0000	</row3>
				</transform>
			</node>
			<node>
				<identifier>	MP_BM609_Speaker_INDEX_3	</identifier>
				<transform>
					<row0>	0.0000 0.0000 1.0000 0.0000	</row0>
					<row1>	0.0000 1.0000 0.0000 0.0000	</row1>
					<row2>	-1.0000 0.0000 0.0000 0.0000	</row2>
					<row3>	-0.9756 1.0318 -5.4837 1.0000	</row3>
				</transform>
			</node>
			<node>
				<identifier>	MP_BM612_Switch_Panel	</identifier>
				<transform>
					<row0>	0.0120 0.0000 -0.7548 0.0000	</row0>
					<row1>	0.0000 0.7549 0.0000 0.0000	</row1>
					<row2>	0.7548 0.0000 0.0120 0.0000	</row2>
					<row3>	-0.9292 1.0392 -7.4865 1.0000	</row3>
				</transform>
			</node>
			<node>
				<identifier>	MP_BM613_Switch_Panel	</identifier>
				<transform>
					<row0>	0.0120 0.0000 -0.7549 0.0000	</row0>
					<row1>	0.0000 0.7550 0.0000 0.0000	</row1>
					<row2>	0.7549 0.0000 0.0120 0.0000	</row2>
					<row3>	-0.9295 1.0393 -7.4577 1.0000	</row3>
				</transform>
			</node>
			<node>
				<identifier>	MP_BM615_Director_Station	</identifier>
				<transform>
					<row0>	0.0158 0.0000 -0.9999 0.0000	</row0>
					<row1>	0.0000 1.0000 0.0000 0.0000	</row1>
					<row2>	0.9999 0.0000 0.0158 0.0000	</row2>
					<row3>	-0.9313 0.9943 -7.3744 1.0000	</row3>
				</transform>
			</node>
			<node>
				<identifier>	MP_BM700_Locker	</identifier>
				<transform>
					<row0>	-1.0000 0.0000 0.0000 0.0000	</row0>
					<row1>	0.0000 1.0000 0.0000 0.0000	</row1>
					<row2>	0.0000 0.0000 -1.0000 0.0000	</row2>
					<row3>	0.0321 0.3937 -6.8829 1.0000	</row3>
				</transform>
			</node>
			<node>
				<identifier>	MP_BM700_Locker_INDEX_1	</identifier>
				<transform>
					<row0>	1.0000 0.0000 0.0000 0.0000	</row0>
					<row1>	0.0000 1.0000 0.0000 0.0000	</row1>
					<row2>	0.0000 0.0000 1.0000 0.0000	</row2>
					<row3>	-0.0321 0.3937 -6.8829 1.0000	</row3>
				</transform>
			</node>
			<node>
				<identifier>	MP_BM700_Locker_INDEX_2	</identifier>
				<transform>
					<row0>	0.0000 0.0000 1.0000 0.0000	</row0>
					<row1>	0.0000 1.0000 0.0000 0.0000	</row1>
					<row2>	-1.0000 0.0000 0.0000 0.0000	</row2>
					<row3>	0.0000 0.7568 -8.0636 1.0000	</row3>
				</transform>
			</node>
			<node>
				<identifier>	MP_BM701_Locker	</identifier>
				<transform>
					<row0>	0.0000 0.0000 -1.0000 0.0000	</row0>
					<row1>	0.0000 1.0000 0.0000 0.0000	</row1>
					<row2>	1.0000 0.0000 0.0000 0.0000	</row2>
					<row3>	1.0574 0.7923 -4.5900 1.0000	</row3>
				</transform>
			</node>
			<node>
				<identifier>	MP_BM701_Locker_INDEX_1	</identifier>
				<transform>
					<row0>	0.0000 0.0000 -1.0000 0.0000	</row0>
					<row1>	0.0000 1.0000 0.0000 0.0000	</row1>
					<row2>	1.0000 0.0000 0.0000 0.0000	</row2>
					<row3>	0.8921 0.3851 -4.6677 1.0000	</row3>
				</transform>
			</node>
			<node>
				<identifier>	MP_BM701_Locker_INDEX_2	</identifier>
				<transform>
					<row0>	0.0000 0.0000 1.0000 0.0000	</row0>
					<row1>	0.0000 1.0000 0.0000 0.0000	</row1>
					<row2>	-1.0000 0.0000 0.0000 0.0000	</row2>
					<row3>	-0.8244 0.5909 -4.4908 1.0000	</row3>
				</transform>
			</node>
			<node>
				<identifier>	MP_BM704_Locker	</identifier>
				<transform>
					<row0>	0.0000 0.0000 1.0000 0.0000	</row0>
					<row1>	0.0000 1.0000 0.0000 0.0000	</row1>
					<row2>	-1.0000 0.0000 0.0000 0.0000	</row2>
					<row3>	1.0400 0.7486 -4.0171 1.0000	</row3>
				</transform>
			</node>
			<node>
				<identifier>	MP_BM704_Locker_INDEX_1	</identifier>
				<transform>
					<row0>	0.0000 0.0000 1.0000 0.0000	</row0>
					<row1>	0.0000 1.0000 0.0000 0.0000	</row1>
					<row2>	-1.0000 0.0000 0.0000 0.0000	</row2>
					<row3>	1.0400 0.7486 -4.0634 1.0000	</row3>
				</transform>
			</node>
			<node>
				<identifier>	MP_BM704_Locker_INDEX_10	</identifier>
				<transform>
					<row0>	1.0000 0.0000 0.0000 0.0000	</row0>
					<row1>	0.0000 1.0000 0.0000 0.0000	</row1>
					<row2>	0.0000 0.0000 1.0000 0.0000	</row2>
					<row3>	0.2971 0.7550 -8.0618 1.0000	</row3>
				</transform>
			</node>
			<node>
				<identifier>	MP_BM704_Locker_INDEX_2	</identifier>
				<transform>
					<row0>	0.0000 0.0000 1.0000 0.0000	</row0>
					<row1>	0.0000 1.0000 0.0000 0.0000	</row1>
					<row2>	-1.0000 0.0000 0.0000 0.0000	</row2>
					<row3>	1.0400 0.7486 -4.1102 1.0000	</row3>
				</transform>
			</node>
			<node>
				<identifier>	MP_BM704_Locker_INDEX_3	</identifier>
				<transform>
					<row0>	0.0000 0.0000 1.0000 0.0000	</row0>
					<row1>	0.0000 1.0000 0.0000 0.0000	</row1>
					<row2>	-1.0000 0.0000 0.0000 0.0000	</row2>
					<row3>	1.0400 0.7967 -4.8042 1.0000	</row3>
				</transform>
