<AGM025_8in55_Triple_Mk16_lod1.visual>
	<node>
		<identifier>	Scene Root	</identifier>
		<transform>
			<row0>	1.0000 0.0000 0.0000 0.0000	</row0>
			<row1>	0.0000 1.0000 0.0000 0.0000	</row1>
			<row2>	0.0000 0.0000 1.0000 0.0000	</row2>
			<row3>	0.0000 0.0000 0.0000 1.0000	</row3>
		</transform>
		<node>
			<identifier>	Root	</identifier>
			<transform>
				<row0>	1.0000 0.0000 0.0000 0.0000	</row0>
				<row1>	0.0000 1.0000 0.0000 0.0000	</row1>
				<row2>	0.0000 0.0000 1.0000 0.0000	</row2>
				<row3>	0.0000 0.0000 0.0000 1.0000	</row3>
			</transform>
			<node>
				<identifier>	Root_BlendBone	</identifier>
				<transform>
					<row0>	1.0000 0.0000 0.0000 0.0000	</row0>
					<row1>	0.0000 1.0000 0.0000 0.0000	</row1>
					<row2>	0.0000 0.0000 -1.0000 0.0000	</row2>
					<row3>	0.0000 0.0000 0.0000 1.0000	</row3>
				</transform>
			</node>
			<node>
				<identifier>	Rotate_Y	</identifier>
				<transform>
					<row0>	1.0000 0.0000 0.0000 0.0000	</row0>
					<row1>	0.0000 1.0000 0.0000 0.0000	</row1>
					<row2>	0.0000 0.0000 1.0000 0.0000	</row2>
					<row3>	0.0000 0.0333 0.0000 1.0000	</row3>
				</transform>
				<node>
					<identifier>	MP_AM054_Boat_6	</identifier>
					<transform>
						<row0>	-0.1759 0.0024 -0.9844 0.0000	</row0>
						<row1>	0.9778 0.1164 -0.1744 0.0000	</row1>
						<row2>	0.1142 -0.9932 -0.0228 0.0000	</row2>
						<row3>	0.2597 0.0670 -0.3346 1.0000	</row3>
					</transform>
				</node>
				<node>
					<identifier>	MP_AM054_Boat_6_INDEX_1	</identifier>
					<transform>
						<row0>	-0.1677 -0.0007 -0.9858 0.0000	</row0>
						<row1>	0.9842 0.0572 -0.1674 0.0000	</row1>
						<row2>	0.0565 -0.9984 -0.0089 0.0000	</row2>
						<row3>	0.3028 0.0686 -0.1188 1.0000	</row3>
					</transform>
				</node>
				<node>
					<identifier>	MP_AM054_Boat_6_INDEX_2	</identifier>
					<transform>
						<row0>	0.1764 0.0015 0.9843 0.0000	</row0>
						<row1>	0.9780 0.1124 -0.1755 0.0000	</row1>
						<row2>	-0.1109 0.9937 0.0183 0.0000	</row2>
						<row3>	0.2788 0.0681 -0.2261 1.0000	</row3>
					</transform>
				</node>
				<node>
					<identifier>	MP_AM054_Boat_6_INDEX_3	</identifier>
					<transform>
						<row0>	-0.1759 -0.0024 0.9844 0.0000	</row0>
						<row1>	-0.9778 0.1164 -0.1744 0.0000	</row1>
						<row2>	-0.1142 -0.9932 -0.0228 0.0000	</row2>
						<row3>	-0.2597 0.0670 -0.3346 1.0000	</row3>
					</transform>
				</node>
				<node>
					<identifier>	MP_AM054_Boat_6_INDEX_4	</identifier>
					<transform>
						<row0>	0.1764 -0.0015 -0.9843 0.0000	</row0>
						<row1>	-0.9780 0.1124 -0.1755 0.0000	</row1>
						<row2>	0.1109 0.9937 0.0183 0.0000	</row2>
						<row3>	-0.2788 0.0681 -0.2261 1.0000	</row3>
					</transform>
				</node>
				<node>
					<identifier>	MP_AM054_Boat_6_INDEX_5	</identifier>
					<transform>
						<row0>	-0.1677 0.0007 0.9858 0.0000	</row0>
						<row1>	-0.9842 0.0572 -0.1674 0.0000	</row1>
						<row2>	-0.0565 -0.9984 -0.0089 0.0000	</row2>
						<row3>	-0.3028 0.0686 -0.1188 1.0000	</row3>
					</transform>
				</node>
				<node>
					<identifier>	MP_AM074_Floater_Net_Basket_2	</identifier>
					<transform>
						<row0>	0.2591 0.0012 -0.9658 0.0000	</row0>
						<row1>	0.0016 1.0000 0.0017 0.0000	</row1>
						<row2>	0.9658 -0.0020 0.2591 0.0000	</row2>
						<row3>	0.2650 -0.0122 0.1563 1.0000	</row3>
					</transform>
				</node>
				<node>
					<identifier>	MP_AM074_Floater_Net_Basket_2_INDEX_1	</identifier>
					<transform>
						<row0>	0.2583 0.0021 0.9661 0.0000	</row0>
						<row1>	-0.0016 1.0000 -0.0017 0.0000	</row1>
						<row2>	-0.9661 -0.0011 0.2583 0.0000	</row2>
						<row3>	-0.2651 -0.0113 0.1562 1.0000	</row3>
					</transform>
				</node>
				<node>
					<identifier>	MP_AM650_Radar_Mk27	</identifier>
					<transform>
						<row0>	1.0000 -0.0016 0.0003 0.0000	</row0>
						<row1>	0.0016 1.0000 0.0017 0.0000	</row1>
						<row2>	-0.0003 -0.0017 1.0000 0.0000	</row2>
						<row3>	-0.2631 0.1454 0.0254 1.0000	</row3>
					</transform>
				</node>
				<node>
					<identifier>	MP_AM650_Radar_Mk27_INDEX_1	</identifier>
					<transform>
						<row0>	1.0000 -0.0016 0.0003 0.0000	</row0>
						<row1>	0.0016 1.0000 0.0017 0.0000	</row1>
						<row2>	-0.0003 -0.0017 1.0000 0.0000	</row2>
						<row3>	0.2631 0.1445 0.0255 1.0000	</row3>
					</transform>
				</node>
				<node>
					<identifier>	MP_AM766_Leer_for_AGM025	</identifier>
					<transform>
						<row0>	1.0000 0.0000 0.0000 0.0000	</row0>
						<row1>	0.0000 1.0000 0.0000 0.0000	</row1>
						<row2>	0.0000 0.0000 1.0000 0.0000	</row2>
						<row3>	0.0000 -0.0333 0.0000 1.0000	</row3>
					</transform>
				</node>
				<node>
					<identifier>	MP_AM767_Number_139	</identifier>
					<transform>
						<row0>	1.0000 0.0000 0.0000 0.0000	</row0>
						<row1>	0.0000 1.0000 0.0000 0.0000	</row1>
						<row2>	0.0000 0.0000 1.0000 0.0000	</row2>
						<row3>	0.0000 -0.0333 0.0000 1.0000	</row3>
					</transform>
				</node>
				<node>
					<identifier>	MP_CM031_Bullet_shell	</identifier>
					<transform>
						<row0>	0.0016 1.0000 0.0017 0.0000	</row0>
						<row1>	-0.7073 0.0000 0.7069 0.0000	</row1>
						<row2>	0.7069 -0.0024 0.7073 0.0000	</row2>
						<row3>	0.1880 -0.0158 0.3362 1.0000	</row3>
					</transform>
				</node>
				<node>
					<identifier>	MP_CM031_Bullet_shell_INDEX_1	</identifier>
					<transform>
						<row0>	0.2012 0.9021 -0.3817 0.0000	</row0>
						<row1>	-0.1528 0.4138 0.8975 0.0000	</row1>
						<row2>	0.9676 -0.1222 0.2211 0.0000	</row2>
						<row3>	-0.1530 -0.0162 0.3413 1.0000	</row3>
					</transform>
				</node>
				<node>
					<identifier>	MP_CM031_Bullet_shell_INDEX_2	</identifier>
					<transform>
						<row0>	-0.4840 -0.7288 -0.4843 0.0000	</row0>
						<row1>	-0.7073 0.0000 0.7069 0.0000	</row1>
						<row2>	-0.5152 0.6847 -0.5155 0.0000	</row2>
						<row3>	0.0622 -0.0157 0.3367 1.0000	</row3>
					</transform>
				</node>
				<node>
					<identifier>	MP_CM031_Bullet_shell_INDEX_3	</identifier>
					<transform>
						<row0>	-0.4672 -0.1257 0.8751 0.0000	</row0>
						<row1>	0.8368 0.2566 0.4836 0.0000	</row1>
						<row2>	-0.2854 0.9583 -0.0147 0.0000	</row2>
						<row3>	0.0976 -0.0157 0.3413 1.0000	</row3>
					</transform>
				</node>
				<node>
					<identifier>	MP_CM031_Bullet_shell_INDEX_4	</identifier>
					<transform>
						<row0>	0.1714 -0.7450 -0.6447 0.0000	</row0>
						<row1>	-0.9658 0.0020 -0.2591 0.0000	</row1>
						<row2>	0.1943 0.6671 -0.7192 0.0000	</row2>
						<row3>	-0.0669 -0.0155 0.3958 1.0000	</row3>
					</transform>
				</node>
				<node>
					<identifier>	MP_CM031_Bullet_shell_INDEX_5	</identifier>
					<transform>
						<row0>	0.2226 -0.9640 -0.1452 0.0000	</row0>
						<row1>	-0.4997 0.0150 -0.8660 0.0000	</row1>
						<row2>	0.8371 0.2653 -0.4784 0.0000	</row2>
						<row3>	-0.0131 -0.0155 0.3547 1.0000	</row3>
					</transform>
				</node>
				<node>
					<identifier>	Rotate_X	</identifier>
					<transform>
						<row0>	1.0000 0.0000 0.0000 0.0000	</row0>
						<row1>	0.0000 1.0000 0.0000 0.0000	</row1>
						<row2>	0.0000 0.0000 1.0000 0.0000	</row2>
						<row3>	0.0000 0.0534 0.1400 1.0000	</row3>
					</transform>
					<node>
						<identifier>	Roll_Back1	</identifier>
						<transform>
							<row0>	1.0000 0.0000 0.0000 0.0000	</row0>
							<row1>	0.0000 1.0000 0.0000 0.0000	</row1>
							<row2>	0.0000 0.0000 1.0000 0.0000	</row2>
							<row3>	0.0000 0.0000 0.6396 1.0000	</row3>
						</transform>
						<node>
							<identifier>	HP_gunFire1	</identifier>
							<transform>
								<row0>	1.0000 0.0000 0.0000 0.0000	</row0>
								<row1>	0.0000 1.0000 0.0000 0.0000	</row1>
								<row2>	0.0000 0.0000 1.0000 0.0000	</row2>
								<row3>	0.1464 0.0000 -0.0041 1.0000	</row3>
							</transform>
						</node>
						<node>
							<identifier>	HP_gunFire2	</identifier>
							<transform>
								<row0>	1.0000 0.0000 0.0000 0.0000	</row0>
								<row1>	0.0000 1.0000 0.0000 0.0000	</row1>
								<row2>	0.0000 0.0000 1.0000 0.0000	</row2>
								<row3>	0.0000 0.0000 -0.0041 1.0000	</row3>
							</transform>
						</node>
						<node>
							<identifier>	HP_gunFire3	</identifier>
							<transform>
								<row0>	1.0000 0.0000 0.0000 0.0000	</row0>
								<row1>	0.0000 1.0000 0.0000 0.0000	</row1>
								<row2>	0.0000 0.0000 1.0000 0.0000	</row2>
								<row3>	-0.1463 0.0000 -0.0041 1.0000	</row3>
							</transform>
						</node>
						<node>
							<identifier>	HP_gunFireEffect	</identifier>
							<transform>
								<row0>	1.0000 0.0000 0.0000 0.0000	</row0>
								<row1>	0.0000 1.0000 0.0000 0.0000	</row1>
								<row2>	0.0000 0.0000 1.0000 0.0000	</row2>
								<row3>	0.0000 0.0000 -0.0041 1.0000	</row3>
							</transform>
						</node>
						<node>
							<identifier>	Roll_Back1_BlendBone	</identifier>
							<transform>
								<row0>	1.0000 0.0000 0.0000 0.0000	</row0>
								<row1>	0.0000 1.0000 0.0000 0.0000	</row1>
								<row2>	0.0000 0.0000 -1.0000 0.0000	</row2>
								<row3>	0.0000 -0.0867 -0.7797 1.0000	</row3>
							</transform>
						</node>
						<node>
							<identifier>	SP_YMS104_YGRS_M_1_INDEX_1	</identifier>
							<transform>
								<row0>	0.5400 0.0000 0.0000 0.0000	</row0>
								<row1>	0.0000 0.5400 0.0000 0.0000	</row1>
								<row2>	0.0000 0.0000 0.5400 0.0000	</row2>
								<row3>	-0.1463 0.0000 -0.0041 1.0000	</row3>
							</transform>
						</node>
						<node>
							<identifier>	SP_YMS104_YGRS_M_1_INDEX_2	</identifier>
							<transform>
								<row0>	0.5400 0.0000 0.0000 0.0000	</row0>
								<row1>	0.0000 0.5400 0.0000 0.0000	</row1>
								<row2>	0.0000 0.0000 0.5400 0.0000	</row2>
								<row3>	0.0000 0.0000 -0.0041 1.0000	</row3>
							</transform>
						</node>
						<node>
							<identifier>	SP_YMS104_YGRS_M_1_INDEX_4	</identifier>
							<transform>
								<row0>	0.5400 0.0000 0.0000 0.0000	</row0>
								<row1>	0.0000 0.5400 0.0000 0.0000	</row1>
								<row2>	0.0000 0.0000 0.5400 0.0000	</row2>
								<row3>	0.1464 0.0000 -0.0041 1.0000	</row3>
							</transform>
						</node>
					</node>
					<node>
						<identifier>	Rotate_X_BlendBone	</identifier>
						<transform>
							<row0>	1.0000 0.0000 0.0000 0.0000	</row0>
							<row1>	0.0000 1.0000 0.0000 0.0000	</row1>
							<row2>	0.0000 0.0000 -1.0000 0.0000	</row2>
							<row3>	0.0000 -0.0867 -0.1400 1.0000	</row3>
						</transform>
					</node>
					<node>
						<identifier>	SP_YMS100_YGBS_M_1	</identifier>
						<transform>
							<row0>	0.5400 0.0000 0.0000 0.0000	</row0>
							<row1>	0.0000 0.5400 0.0000 0.0000	</row1>
							<row2>	0.0000 0.0000 0.5400 0.0000	</row2>
							<row3>	-0.1463 0.0000 0.2367 1.0000	</row3>
						</transform>
					</node>
					<node>
						<identifier>	SP_YMS100_YGBS_M_1_INDEX_1	</identifier>
						<transform>
							<row0>	0.5400 0.0000 0.0000 0.0000	</row0>
							<row1>	0.0000 0.5400 0.0000 0.0000	</row1>
							<row2>	0.0000 0.0000 0.5400 0.0000	</row2>
							<row3>	0.0000 0.0000 0.2367 1.0000	</row3>
						</transform>
					</node>
					<node>
						<identifier>	SP_YMS100_YGBS_M_1_INDEX_3	</identifier>
						<transform>
							<row0>	0.5400 0.0000 0.0000 0.0000	</row0>
							<row1>	0.0000 0.5400 0.0000 0.0000	</row1>
							<row2>	0.0000 0.0000 0.5400 0.0000	</row2>
							<row3>	0.1464 0.0000 0.2367 1.0000	</row3>
						</transform>
					</node>
				</node>
				<node>
					<identifier>	Rotate_Y_BlendBone	</identifier>
					<transform>
						<row0>	1.0000 0.0000 0.0000 0.0000	</row0>
						<row1>	0.0000 1.0000 0.0000 0.0000	</row1>
						<row2>	0.0000 0.0000 -1.0000 0.0000	</row2>
						<row3>	0.0000 -0.0333 0.0000 1.0000	</row3>
					</transform>
				</node>
				<node>
					<identifier>	SP_YMS101_YGCS_M_1	</identifier>
					<transform>
						<row0>	1.0000 0.0000 0.0000 0.0000	</row0>
						<row1>	0.0000 1.3345 0.0000 0.0000	</row1>
						<row2>	0.0000 0.0000 1.0000 0.0000	</row2>
						<row3>	-0.1463 -0.0229 0.3157 1.0000	</row3>
					</transform>
				</node>
				<node>
					<identifier>	SP_YMS101_YGCS_M_1_INDEX_2	</identifier>
					<transform>
						<row0>	1.0000 0.0000 0.0000 0.0000	</row0>
						<row1>	0.0000 1.3345 0.0000 0.0000	</row1>
						<row2>	0.0000 0.0000 1.0000 0.0000	</row2>
						<row3>	0.0000 -0.0229 0.3157 1.0000	</row3>
					</transform>
				</node>
				<node>
					<identifier>	SP_YMS101_YGCS_M_1_INDEX_4	</identifier>
					<transform>
						<row0>	1.0000 0.0000 0.0000 0.0000	</row0>
						<row1>	0.0000 1.3345 0.0000 0.0000	</row1>
						<row2>	0.0000 0.0000 1.0000 0.0000	</row2>
						<row3>	0.1464 -0.0229 0.3157 1.0000	</row3>
					</transform>
				</node>
				<node>
					<identifier>	SP_YMS105_YGLC_M_1	</identifier>
					<transform>
						<row0>	0.6530 0.0000 0.0000 0.0000	</row0>
						<row1>	0.0000 0.6530 -0.0059 0.0000	</row1>
						<row2>	0.0000 0.0059 0.6530 0.0000	</row2>
						<row3>	0.0000 0.1499 0.0057 1.0000	</row3>
					</transform>
				</node>
				<node>
					<identifier>	SP_YMS106_YGLL_M_1	</identifier>
					<transform>
						<row0>	0.9754 -0.1325 0.1761 0.0000	</row0>
						<row1>	0.1304 0.9912 0.0235 0.0000	</row1>
						<row2>	-0.1776 0.0000 0.9841 0.0000	</row2>
						<row3>	-0.2852 0.0585 -0.1836 1.0000	</row3>
					</transform>
				</node>
				<node>
					<identifier>	SP_YMS107_YGLR_M_1	</identifier>
					<transform>
						<row0>	0.9754 0.1325 -0.1761 0.0000	</row0>
						<row1>	-0.1304 0.9912 0.0235 0.0000	</row1>
						<row2>	0.1776 0.0000 0.9841 0.0000	</row2>
						<row3>	0.2852 0.0585 -0.1836 1.0000	</row3>
					</transform>
				</node>
			</node>
		</node>
		<node>
			<identifier>	Turret	</identifier>
			<transform>
				<row0>	1.0000 0.0000 0.0000 0.0000	</row0>
				<row1>	0.0000 1.0000 0.0000 0.0000	</row1>
				<row2>	0.0000 0.0000 1.0000 0.0000	</row2>
				<row3>	0.0000 0.0000 0.0000 1.0000	</row3>
			</transform>
			<node>
				<identifier>	net	</identifier>
				<transform>
					<row0>	1.0000 0.0000 0.0000 0.0000	</row0>
					<row1>	0.0000 1.0000 0.0000 0.0000	</row1>
					<row2>	0.0000 0.0000 1.0000 0.0000	</row2>
					<row3>	0.0000 0.0000 0.0000 1.0000	</row3>
				</transform>
			</node>
		</node>
	</node>
	<renderSet>
		<treatAsWorldSpaceObject>	true	</treatAsWorldSpaceObject>
		<node>	Roll_Back1_BlendBone	</node>
		<node>	Rotate_X_BlendBone	</node>
		<node>	Rotate_Y_BlendBone	</node>
		<geometry>
			<vertices>	Turret_lod1Shape.vertices	</vertices>
			<primitive>	Turret_lod1Shape.indices	</primitive>
			<primitiveGroup>	0
				<material>
					<identifier>	TL2_SHIPMAT_PBS_Gun_skinned	</identifier>
					<mfm>	PnFMods/ModsSDK.zip/ASC710_Salem/gun/AGM025_8in55_Triple_Mk16_skinned.mfm	</mfm>
				</material>
			</primitiveGroup>
		</geometry>
	</renderSet>
	<renderSet>
		<treatAsWorldSpaceObject>	true	</treatAsWorldSpaceObject>
		<node>	Rotate_Y_BlendBone	</node>
		<geometry>
			<vertices>	net_lod1Shape.vertices	</vertices>
			<primitive>	net_lod1Shape.indices	</primitive>
			<primitiveGroup>	0
				<material>
					<identifier>	GRID_Misc_skinned	</identifier>
					<mfm>	PnFMods/ModsSDK.zip/ASC710_Salem/gun/C005_Grid_2_alpha_skinned.mfm	</mfm>
				</material>
			</primitiveGroup>
		</geometry>
	</renderSet>
	<boundingBox>
		<min>	-0.3267 -0.0282 -0.4514	</min>
		<max>	0.3428 0.2334 0.7755	</max>
	</boundingBox>
</AGM025_8in55_Triple_Mk16_lod1.visual>
