<GSA001_Graf_Zeppelin_1945_Bow_ports.visual>
	<node>
		<identifier>	Scene Root	</identifier>
		<transform>
			<row0>	1.0000 0.0000 0.0000 0.0000	</row0>
			<row1>	0.0000 1.0000 0.0000 0.0000	</row1>
			<row2>	0.0000 0.0000 1.0000 0.0000	</row2>
			<row3>	0.0000 0.0000 0.0000 1.0000	</row3>
		</transform>
		<node>
			<identifier>	Bow_ports	</identifier>
			<transform>
				<row0>	1.0000 0.0000 0.0000 0.0000	</row0>
				<row1>	0.0000 1.0000 0.0000 0.0000	</row1>
				<row2>	0.0000 0.0000 1.0000 0.0000	</row2>
				<row3>	0.0000 0.0000 0.0000 1.0000	</row3>
			</transform>
			<node>
				<identifier>	HP_Cradle_1	</identifier>
				<transform>
					<row0>	0.9997 0.0000 -0.0243 0.0000	</row0>
					<row1>	0.0000 1.0000 0.0000 0.0000	</row1>
					<row2>	0.0243 0.0000 0.9997 0.0000	</row2>
					<row3>	-0.4585 0.9013 5.4475 1.0000	</row3>
				</transform>
			</node>
			<node>
				<identifier>	HP_Cradle_2	</identifier>
				<transform>
					<row0>	0.9025 0.0000 -0.4306 0.0000	</row0>
					<row1>	0.0000 1.0000 0.0000 0.0000	</row1>
					<row2>	0.4306 0.0000 0.9025 0.0000	</row2>
					<row3>	0.2564 0.9013 5.3465 1.0000	</row3>
				</transform>
			</node>
			<node>
				<identifier>	HP_DeckStart	</identifier>
				<transform>
					<row0>	1.0000 0.0000 0.0000 0.0000	</row0>
					<row1>	0.0000 1.0000 0.0000 0.0000	</row1>
					<row2>	0.0000 0.0000 1.0000 0.0000	</row2>
					<row3>	0.0042 0.9032 5.0274 1.0000	</row3>
				</transform>
			</node>
			<node>
				<identifier>	HP_FX_Fire_1	</identifier>
				<transform>
					<row0>	1.0000 0.0000 0.0000 0.0000	</row0>
					<row1>	0.0000 1.0000 0.0000 0.0000	</row1>
					<row2>	0.0000 0.0000 1.0000 0.0000	</row2>
					<row3>	0.2777 0.9206 5.7104 1.0000	</row3>
				</transform>
			</node>
			<node>
				<identifier>	HP_FX_Fire_1_side_1	</identifier>
				<transform>
					<row0>	1.0000 0.0000 0.0000 0.0000	</row0>
					<row1>	0.0000 1.0000 0.0000 0.0000	</row1>
					<row2>	0.0000 0.0000 1.0000 0.0000	</row2>
					<row3>	0.0848 0.5903 8.4222 1.0000	</row3>
				</transform>
			</node>
			<node>
				<identifier>	HP_FX_WakeTrace	</identifier>
				<transform>
					<row0>	1.0000 0.0000 0.0000 0.0000	</row0>
					<row1>	0.0000 1.0000 0.0000 0.0000	</row1>
					<row2>	0.0000 0.0000 1.0000 0.0000	</row2>
					<row3>	0.0000 0.0000 8.5039 1.0000	</row3>
				</transform>
			</node>
			<node>
				<identifier>	HP_GC_1	</identifier>
				<transform>
					<row0>	1.0000 0.0000 0.0000 0.0000	</row0>
					<row1>	0.0000 1.0000 0.0000 0.0000	</row1>
					<row2>	0.0000 0.0000 1.0000 0.0000	</row2>
					<row3>	-0.4547 0.8389 6.8829 1.0000	</row3>
				</transform>
			</node>
			<node>
				<identifier>	HP_GC_2	</identifier>
				<transform>
					<row0>	1.0000 0.0000 0.0000 0.0000	</row0>
					<row1>	0.0000 1.0000 0.0000 0.0000	</row1>
					<row2>	0.0000 0.0000 1.0000 0.0000	</row2>
					<row3>	0.4854 0.8389 6.8829 1.0000	</row3>
				</transform>
			</node>
			<node>
				<identifier>	HP_GGA_1	</identifier>
				<transform>
					<row0>	1.0000 0.0000 0.0000 0.0000	</row0>
					<row1>	0.0000 1.0000 0.0000 0.0000	</row1>
					<row2>	0.0000 0.0000 1.0000 0.0000	</row2>
					<row3>	0.0000 0.6213 8.1532 1.0000	</row3>
				</transform>
			</node>
			<node>
				<identifier>	HP_GGA_2	</identifier>
				<transform>
					<row0>	0.0000 0.0000 1.0000 0.0000	</row0>
					<row1>	0.0000 1.0000 0.0000 0.0000	</row1>
					<row2>	-1.0000 0.0000 0.0000 0.0000	</row2>
					<row3>	-0.9169 0.8022 5.4765 1.0000	</row3>
				</transform>
			</node>
			<node>
				<identifier>	HP_GGS_1	</identifier>
				<transform>
					<row0>	0.9466 0.0000 0.3223 0.0000	</row0>
					<row1>	0.0000 1.0000 0.0000 0.0000	</row1>
					<row2>	-0.3223 0.0000 0.9466 0.0000	</row2>
					<row3>	-0.5328 0.4071 6.0308 1.0000	</row3>
				</transform>
			</node>
			<node>
				<identifier>	HP_GGS_2	</identifier>
				<transform>
					<row0>	0.9466 0.0000 -0.3223 0.0000	</row0>
					<row1>	0.0000 1.0000 0.0000 0.0000	</row1>
					<row2>	0.3223 0.0000 0.9466 0.0000	</row2>
					<row3>	0.5326 0.4071 6.0272 1.0000	</row3>
				</transform>
			</node>
			<node>
				<identifier>	HP_GGS_3	</identifier>
				<transform>
					<row0>	0.9081 0.0000 0.4187 0.0000	</row0>
					<row1>	0.0000 1.0000 0.0000 0.0000	</row1>
					<row2>	-0.4187 0.0000 0.9081 0.0000	</row2>
					<row3>	-0.5987 0.4070 5.4926 1.0000	</row3>
				</transform>
			</node>
			<node>
				<identifier>	HP_GGS_4	</identifier>
				<transform>
					<row0>	0.9726 0.0000 -0.2323 0.0000	</row0>
					<row1>	0.0000 1.0000 0.0000 0.0000	</row1>
					<row2>	0.2323 0.0000 0.9726 0.0000	</row2>
					<row3>	0.5963 0.4071 5.4859 1.0000	</row3>
				</transform>
			</node>
			<node>
				<identifier>	HP_GGS_5	</identifier>
				<transform>
					<row0>	1.0000 0.0000 0.0000 0.0000	</row0>
					<row1>	0.0000 1.0000 0.0000 0.0000	</row1>
					<row2>	0.0000 0.0000 1.0000 0.0000	</row2>
					<row3>	0.7372 0.9017 5.3955 1.0000	</row3>
				</transform>
			</node>
			<node>
				<identifier>	HP_GGS_6	</identifier>
				<transform>
					<row0>	1.0000 0.0000 0.0000 0.0000	</row0>
					<row1>	0.0000 1.0000 0.0000 0.0000	</row1>
					<row2>	0.0000 0.0000 1.0000 0.0000	</row2>
					<row3>	0.7372 0.9017 4.8146 1.0000	</row3>
				</transform>
			</node>
			<node>
				<identifier>	HP_GRS_1	</identifier>
				<transform>
					<row0>	1.0000 0.0000 0.0000 0.0000	</row0>
					<row1>	0.0000 1.0000 0.0000 0.0000	</row1>
					<row2>	0.0000 0.0000 1.0000 0.0000	</row2>
					<row3>	-0.7840 0.8284 7.5710 1.0000	</row3>
				</transform>
			</node>
			<node>
				<identifier>	HP_GRS_2	</identifier>
				<transform>
					<row0>	1.0000 0.0000 0.0000 0.0000	</row0>
					<row1>	0.0000 1.0000 0.0000 0.0000	</row1>
					<row2>	0.0000 0.0000 1.0000 0.0000	</row2>
					<row3>	0.8145 0.8284 7.5710 1.0000	</row3>
				</transform>
			</node>
			<node>
				<identifier>	HP_LiftOffPoint	</identifier>
				<transform>
					<row0>	1.0000 0.0000 0.0000 0.0000	</row0>
					<row1>	0.0000 1.0000 0.0000 0.0000	</row1>
					<row2>	0.0000 0.0000 1.0000 0.0000	</row2>
					<row3>	0.0042 0.9131 7.8676 1.0000	</row3>
				</transform>
			</node>
			<node>
				<identifier>	HP_Ship_death_1	</identifier>
				<transform>
					<row0>	1.0000 0.0000 0.0000 0.0000	</row0>
					<row1>	0.0000 1.0000 0.0000 0.0000	</row1>
					<row2>	0.0000 0.0000 1.0000 0.0000	</row2>
					<row3>	0.0000 0.0000 4.5581 1.0000	</row3>
				</transform>
			</node>
			<node>
				<identifier>	MP_CM011_Fire_Fighting_Gear	</identifier>
				<transform>
					<row0>	-1.0000 0.0000 0.0000 0.0000	</row0>
					<row1>	0.0000 1.0000 0.0000 0.0000	</row1>
					<row2>	0.0000 0.0000 -1.0000 0.0000	</row2>
					<row3>	0.2441 0.5629 6.2447 1.0000	</row3>
				</transform>
			</node>
			<node>
				<identifier>	MP_CM013_Fire_Hose_Rack_2	</identifier>
				<transform>
					<row0>	0.0000 0.0000 -1.0000 0.0000	</row0>
					<row1>	0.0000 1.0000 0.0000 0.0000	</row1>
					<row2>	1.0000 0.0000 0.0000 0.0000	</row2>
					<row3>	0.2441 0.6111 6.2393 1.0000	</row3>
				</transform>
			</node>
			<node>
				<identifier>	MP_GM001_Paravane	</identifier>
				<transform>
					<row0>	0.0000 -1.0000 0.0000 0.0000	</row0>
					<row1>	1.0000 0.0000 0.0000 0.0000	</row1>
					<row2>	0.0000 0.0000 1.0000 0.0000	</row2>
					<row3>	-0.4548 0.5721 6.6449 1.0000	</row3>
				</transform>
			</node>
			<node>
				<identifier>	MP_GM001_Paravane_INDEX_1	</identifier>
				<transform>
					<row0>	0.0000 1.0000 0.0000 0.0000	</row0>
					<row1>	-1.0000 0.0000 0.0000 0.0000	</row1>
					<row2>	0.0000 0.0000 1.0000 0.0000	</row2>
					<row3>	0.4548 0.5721 6.6449 1.0000	</row3>
				</transform>
			</node>
			<node>
				<identifier>	MP_GM006_Reels_4	</identifier>
				<transform>
					<row0>	0.5000 0.0000 0.0000 0.0000	</row0>
					<row1>	0.0000 0.5000 0.0000 0.0000	</row1>
					<row2>	0.0000 0.0000 0.5000 0.0000	</row2>
					<row3>	0.0351 0.5642 6.2800 1.0000	</row3>
				</transform>
			</node>
			<node>
				<identifier>	MP_GM006_Reels_4_INDEX_1	</identifier>
				<transform>
					<row0>	0.5000 0.0000 0.0000 0.0000	</row0>
					<row1>	0.0000 0.5000 0.0000 0.0000	</row1>
					<row2>	0.0000 0.0000 0.5000 0.0000	</row2>
					<row3>	-0.0351 0.5642 6.2800 1.0000	</row3>
				</transform>
			</node>
			<node>
				<identifier>	MP_GM034_Turtles_box	</identifier>
				<transform>
					<row0>	0.1597 0.0002 0.9872 0.0000	</row0>
					<row1>	-0.1499 0.9884 0.0241 0.0000	</row1>
					<row2>	-0.9757 -0.1518 0.1579 0.0000	</row2>
					<row3>	-0.7768 0.8094 5.3673 1.0000	</row3>
				</transform>
			</node>
			<node>
				<identifier>	MP_GM034_Turtles_box_INDEX_1	</identifier>
				<transform>
					<row0>	1.0000 0.0000 0.0000 0.0000	</row0>
					<row1>	0.0000 1.0000 0.0000 0.0000	</row1>
					<row2>	0.0000 0.0000 1.0000 0.0000	</row2>
					<row3>	-0.0791 0.5762 7.8641 1.0000	</row3>
				</transform>
			</node>
			<node>
				<identifier>	MP_GM089_Monogramm_Graf_Zeppelin	</identifier>
				<transform>
					<row0>	-0.2811 0.0471 0.9585 0.0000	</row0>
					<row1>	0.3582 0.9318 0.0593 0.0000	</row1>
					<row2>	-0.8903 0.3600 -0.2788 0.0000	</row2>
					<row3>	0.1192 0.3996 8.4868 1.0000	</row3>
				</transform>
			</node>
			<node>
				<identifier>	MP_GM089_Monogramm_Graf_Zeppelin_INDEX_1	</identifier>
				<transform>
					<row0>	-0.2811 -0.0471 -0.9585 0.0000	</row0>
					<row1>	-0.3582 0.9318 0.0593 0.0000	</row1>
					<row2>	0.8903 0.3600 -0.2788 0.0000	</row2>
					<row3>	-0.1192 0.3996 8.4868 1.0000	</row3>
				</transform>
			</node>
			<node>
				<identifier>	MP_GM536_Life_Boat_3	</identifier>
				<transform>
					<row0>	0.8660 0.5000 0.0000 0.0000	</row0>
					<row1>	-0.5000 0.8660 0.0000 0.0000	</row1>
					<row2>	0.0000 0.0000 1.0000 0.0000	</row2>
					<row3>	-0.3886 0.6566 7.0393 1.0000	</row3>
				</transform>
			</node>
			<node>
				<identifier>	MP_GM536_Life_Boat_3_INDEX_1	</identifier>
				<transform>
					<row0>	0.8660 -0.5000 0.0000 0.0000	</row0>
					<row1>	0.5000 0.8660 0.0000 0.0000	</row1>
					<row2>	0.0000 0.0000 1.0000 0.0000	</row2>
					<row3>	0.3886 0.6566 7.0393 1.0000	</row3>
				</transform>
			</node>
			<node>
				<identifier>	MP_GM602_Switch_Box_3	</identifier>
				<transform>
					<row0>	0.1758 0.0295 0.9840 0.0000	</row0>
					<row1>	-0.1837 0.9830 0.0034 0.0000	</row1>
					<row2>	-0.9671 -0.1813 0.1783 0.0000	</row2>
					<row3>	-0.7714 0.8697 5.4417 1.0000	</row3>
				</transform>
			</node>
			<node>
				<identifier>	MP_GM603_Switch_Box_4	</identifier>
				<transform>
					<row0>	1.0000 0.0000 0.0000 0.0000	</row0>
					<row1>	0.0000 1.0000 0.0000 0.0000	</row1>
					<row2>	0.0000 0.0000 1.0000 0.0000	</row2>
					<row3>	-0.0432 0.6141 7.8622 1.0000	</row3>
				</transform>
			</node>
			<node>
				<identifier>	MP_GM604_Switch_Box_5	</identifier>
				<transform>
					<row0>	0.1618 0.0270 0.9865 0.0000	</row0>
					<row1>	-0.1428 0.9897 -0.0036 0.0000	</row1>
					<row2>	-0.9764 -0.1403 0.1640 0.0000	</row2>
					<row3>	-0.7687 0.8504 5.4408 1.0000	</row3>
				</transform>
			</node>
			<node>
				<identifier>	MP_GM700_AmmoBox	</identifier>
				<transform>
					<row0>	0.0000 0.0000 -1.0000 0.0000	</row0>
					<row1>	0.0000 1.0000 0.0000 0.0000	</row1>
					<row2>	1.0000 0.0000 0.0000 0.0000	</row2>
					<row3>	0.0836 0.6207 7.9443 1.0000	</row3>
				</transform>
			</node>
			<node>
				<identifier>	MP_GM701_AmmoBox	</identifier>
				<transform>
					<row0>	0.0000 0.0000 1.0000 0.0000	</row0>
					<row1>	0.0000 1.0000 0.0000 0.0000	</row1>
					<row2>	-1.0000 0.0000 0.0000 0.0000	</row2>
					<row3>	-0.7789 0.8998 6.2842 1.0000	</row3>
				</transform>
			</node>
			<node>
				<identifier>	MP_GM701_AmmoBox_INDEX_1	</identifier>
				<transform>
					<row0>	-0.0003 0.0000 -1.0000 0.0000	</row0>
					<row1>	0.0000 1.0000 0.0000 0.0000	</row1>
					<row2>	1.0000 0.0000 -0.0003 0.0000	</row2>
					<row3>	0.7848 0.8998 6.4305 1.0000	</row3>
				</transform>
			</node>
			<node>
				<identifier>	MP_GM701_AmmoBox_INDEX_10	</identifier>
				<transform>
					<row0>	0.0032 0.0000 -1.0000 0.0000	</row0>
					<row1>	0.0000 1.0000 0.0000 0.0000	</row1>
					<row2>	1.0000 0.0000 0.0032 0.0000	</row2>
					<row3>	0.6216 0.8998 7.1823 1.0000	</row3>
				</transform>
			</node>
			<node>
				<identifier>	MP_GM701_AmmoBox_INDEX_11	</identifier>
				<transform>
					<row0>	-0.0330 0.0000 0.9995 0.0000	</row0>
					<row1>	0.0000 1.0000 0.0000 0.0000	</row1>
					<row2>	-0.9995 0.0000 -0.0330 0.0000	</row2>
					<row3>	-0.7691 0.8998 6.1453 1.0000	</row3>
				</transform>
			</node>
			<node>
				<identifier>	MP_GM701_AmmoBox_INDEX_12	</identifier>
				<transform>
					<row0>	-0.0221 0.0000 0.9998 0.0000	</row0>
					<row1>	0.0000 1.0000 0.0000 0.0000	</row1>
					<row2>	-0.9998 0.0000 -0.0221 0.0000	</row2>
					<row3>	-0.7538 0.8998 5.8813 1.0000	</row3>
				</transform>
			</node>
			<node>
				<identifier>	MP_GM701_AmmoBox_INDEX_13	</identifier>
				<transform>
					<row0>	-0.0246 0.0000 0.9997 0.0000	</row0>
					<row1>	0.0000 1.0000 0.0000 0.0000	</row1>
					<row2>	-0.9997 0.0000 -0.0246 0.0000	</row2>
					<row3>	-0.7578 0.8998 6.0096 1.0000	</row3>
				</transform>
			</node>
			<node>
				<identifier>	MP_GM701_AmmoBox_INDEX_2	</identifier>
				<transform>
					<row0>	0.2492 0.0000 -0.9684 0.0000	</row0>
					<row1>	0.0000 1.0000 0.0000 0.0000	</row1>
					<row2>	0.9684 0.0000 0.2492 0.0000	</row2>
					<row3>	0.7512 0.8998 6.7135 1.0000	</row3>
				</transform>
			</node>
			<node>
				<identifier>	MP_GM701_AmmoBox_INDEX_3	</identifier>
				<transform>
					<row0>	-0.0221 0.0000 0.9998 0.0000	</row0>
					<row1>	0.0000 1.0000 0.0000 0.0000	</row1>
					<row2>	-0.9998 0.0000 -0.0221 0.0000	</row2>
					<row3>	-0.7492 0.8998 5.7490 1.0000	</row3>
				</transform>
			</node>
			<node>
				<identifier>	MP_GM701_AmmoBox_INDEX_4	</identifier>
				<transform>
					<row0>	0.1077 0.0000 -0.9942 0.0000	</row0>
					<row1>	0.0000 1.0000 0.0000 0.0000	</row1>
					<row2>	0.9942 0.0000 0.1077 0.0000	</row2>
					<row3>	0.7784 0.8998 6.5550 1.0000	</row3>
				</transform>
			</node>
			<node>
				<identifier>	MP_GM701_AmmoBox_INDEX_5	</identifier>
				<transform>
					<row0>	-0.0071 0.0000 -1.0000 0.0000	</row0>
					<row1>	0.0000 1.0000 0.0000 0.0000	</row1>
					<row2>	1.0000 0.0000 -0.0071 0.0000	</row2>
					<row3>	0.7846 0.8998 6.2792 1.0000	</row3>
				</transform>
			</node>
			<node>
				<identifier>	MP_GM701_AmmoBox_INDEX_6	</identifier>
				<transform>
					<row0>	0.2349 0.0000 0.9720 0.0000	</row0>
					<row1>	0.0000 1.0000 0.0000 0.0000	</row1>
					<row2>	-0.9720 0.0000 0.2349 0.0000	</row2>
					<row3>	-0.7346 0.8998 6.7203 1.0000	</row3>
				</transform>
			</node>
			<node>
				<identifier>	MP_GM701_AmmoBox_INDEX_7	</identifier>
				<transform>
					<row0>	0.1117 0.0000 0.9937 0.0000	</row0>
					<row1>	0.0000 1.0000 0.0000 0.0000	</row1>
					<row2>	-0.9937 0.0000 0.1117 0.0000	</row2>
					<row3>	-0.7652 0.8998 6.5600 1.0000	</row3>
				</transform>
			</node>
			<node>
				<identifier>	MP_GM701_AmmoBox_INDEX_8	</identifier>
				<transform>
					<row0>	0.0430 0.0000 0.9991 0.0000	</row0>
					<row1>	0.0000 1.0000 0.0000 0.0000	</row1>
					<row2>	-0.9991 0.0000 0.0430 0.0000	</row2>
					<row3>	-0.7777 0.8998 6.4170 1.0000	</row3>
				</transform>
			</node>
			<node>
				<identifier>	MP_GM701_AmmoBox_INDEX_9	</identifier>
				<transform>
					<row0>	-0.0221 0.0000 0.9998 0.0000	</row0>
					<row1>	0.0000 1.0000 0.0000 0.0000	</row1>
					<row2>	-0.9998 0.0000 -0.0221 0.0000	</row2>
					<row3>	-0.7450 0.8998 5.6101 1.0000	</row3>
				</transform>
			</node>
			<node>
				<identifier>	MP_GM854_Running_Lights_R	</identifier>
				<transform>
					<row0>	1.0000 0.0000 0.0000 0.0000	</row0>
					<row1>	0.0000 1.0000 0.0000 0.0000	</row1>
					<row2>	0.0000 0.0000 1.0000 0.0000	</row2>
					<row3>	0.8528 0.8841 6.3114 1.0000	</row3>
				</transform>
			</node>
			<node>
				<identifier>	MP_GM855_Running_Lights_L	</identifier>
				<transform>
					<row0>	1.0000 0.0000 0.0000 0.0000	</row0>
					<row1>	0.0000 1.0000 0.0000 0.0000	</row1>
					<row2>	0.0000 0.0000 1.0000 0.0000	</row2>
					<row3>	-0.8510 0.8841 6.3114 1.0000	</row3>
				</transform>
			</node>
			<node>
				<identifier>	MP_GM856_Mastheadlight	</identifier>
				<transform>
					<row0>	1.0000 0.0000 0.0000 0.0000	</row0>
					<row1>	0.0000 1.0000 0.0000 0.0000	</row1>
					<row2>	0.0000 0.0000 1.0000 0.0000	</row2>
					<row3>	0.0000 0.7994 8.9224 1.0000	</row3>
				</transform>
			</node>
			<node>
				<identifier>	SP_YMS001_YHBM_M_1	</identifier>
				<transform>
					<row0>	1.2367 0.0000 0.0000 0.0000	</row0>
					<row1>	0.0000 1.2367 0.0000 0.0000	</row1>
					<row2>	0.0000 0.0000 1.2367 0.0000	</row2>
					<row3>	0.0000 0.6073 8.9225 1.0000	</row3>
				</transform>
			</node>
			<node>
				<identifier>	SP_YMS002_YHBL_M_1	</identifier>
				<transform>
					<row0>	0.9848 0.0000 -0.1736 0.0000	</row0>
					<row1>	-0.0113 0.9979 -0.0642 0.0000	</row1>
					<row2>	0.1733 0.0652 0.9827 0.0000	</row2>
					<row3>	0.0000 0.6073 8.9225 1.0000	</row3>
				</transform>
			</node>
			<node>
				<identifier>	SP_YMS003_YHBR_M_1	</identifier>
				<transform>
					<row0>	0.9848 0.0000 0.1736 0.0000	</row0>
					<row1>	0.0113 0.9979 -0.0643 0.0000	</row1>
					<row2>	-0.1733 0.0653 0.9827 0.0000	</row2>
					<row3>	0.0000 0.6073 8.9225 1.0000	</row3>
				</transform>
			</node>
			<node>
				<identifier>	SP_YMS004_YHXL_L_1	</identifier>
				<transform>
					<row0>	0.7352 0.3433 -0.2133 0.0000	</row0>
					<row1>	-0.3732 0.7466 -0.0848 0.0000	</row1>
					<row2>	0.1551 0.1692 0.8070 0.0000	</row2>
					<row3>	-0.2849 0.4832 8.0924 1.0000	</row3>
				</transform>
			</node>
			<node>
				<identifier>	SP_YMS005_YHXR_L_1	</identifier>
				<transform>
					<row0>	0.7352 -0.3433 0.2133 0.0000	</row0>
					<row1>	0.3732 0.7466 -0.0848 0.0000	</row1>
					<row2>	-0.1551 0.1692 0.8070 0.0000	</row2>
					<row3>	0.2849 0.4832 8.0924 1.0000	</row3>
				</transform>
			</node>
			<node>
				<identifier>	SP_YMS011_YHWL_M_1_INDEX_13	</identifier>
				<transform>
					<row0>	0.9254 0.3420 -0.1632 0.0000	</row0>
					<row1>	-0.3368 0.9397 0.0594 0.0000	</row1>
					<row2>	0.1736 0.0000 0.9848 0.0000	</row2>
					<row3>	-0.3363 0.0000 6.6128 1.0000	</row3>
				</transform>
			</node>
			<node>
				<identifier>	SP_YMS011_YHWL_M_1_INDEX_16	</identifier>
				<transform>
					<row0>	0.9254 0.3420 -0.1632 0.0000	</row0>
					<row1>	-0.3368 0.9397 0.0594 0.0000	</row1>
					<row2>	0.1736 0.0000 0.9848 0.0000	</row2>
					<row3>	-0.4829 0.0000 5.7818 1.0000	</row3>
				</transform>
			</node>
			<node>
				<identifier>	SP_YMS011_YHWL_M_1_INDEX_17	</identifier>
				<transform>
					<row0>	0.9586 0.2478 -0.1405 0.0000	</row0>
					<row1>	-0.2448 0.9688 0.0382 0.0000	</row1>
					<row2>	0.1456 -0.0023 0.9893 0.0000	</row2>
					<row3>	-0.6228 0.0000 4.9460 1.0000	</row3>
				</transform>
			</node>
			<node>
				<identifier>	SP_YMS012_YHWR_M_1_INDEX_16	</identifier>
				<transform>
					<row0>	0.9254 -0.3420 0.1632 0.0000	</row0>
					<row1>	0.3368 0.9397 0.0594 0.0000	</row1>
					<row2>	-0.1736 0.0000 0.9848 0.0000	</row2>
					<row3>	0.3363 0.0000 6.6128 1.0000	</row3>
				</transform>
			</node>
			<node>
				<identifier>	SP_YMS012_YHWR_M_1_INDEX_17	</identifier>
				<transform>
					<row0>	0.9586 -0.2478 0.1405 0.0000	</row0>
					<row1>	0.2448 0.9688 0.0382 0.0000	</row1>
					<row2>	-0.1456 -0.0023 0.9893 0.0000	</row2>
					<row3>	0.6228 0.0000 4.9460 1.0000	</row3>
				</transform>
			</node>
			<node>
				<identifier>	SP_YMS012_YHWR_M_1_INDEX_6	</identifier>
				<transform>
					<row0>	0.9254 -0.3420 0.1632 0.0000	</row0>
					<row1>	0.3368 0.9397 0.0594 0.0000	</row1>
					<row2>	-0.1736 0.0000 0.9848 0.0000	</row2>
					<row3>	0.4829 0.0000 5.7818 1.0000	</row3>
				</transform>
			</node>
			<node>
				<identifier>	SP_YMS013_YHWM_M_1	</identifier>
				<transform>
					<row0>	0.9890 0.0000 0.0000 0.0000	</row0>
					<row1>	0.0000 0.9890 0.0000 0.0000	</row1>
					<row2>	0.0000 0.0000 0.9890 0.0000	</row2>
					<row3>	0.0000 0.0000 8.4672 1.0000	</row3>
				</transform>
			</node>
			<node>
				<identifier>	SP_YMS020_YHBU_M_1	</identifier>
				<transform>
					<row0>	1.1000 0.0000 0.0000 0.0000	</row0>
					<row1>	0.0000 1.1000 0.0000 0.0000	</row1>
					<row2>	0.0000 0.0000 1.1000 0.0000	</row2>
					<row3>	0.0000 -0.1463 8.2463 1.0000	</row3>
				</transform>
			</node>
			<node>
				<identifier>	SP_YMS022_YHUS_L_1_INDEX_3	</identifier>
				<transform>
					<row0>	-0.2041 -0.0022 -1.3800 0.0000	</row0>
					<row1>	-0.6871 1.2100 0.0997 0.0000	</row1>
					<row2>	1.1968 0.6943 -0.1781 0.0000	</row2>
					<row3>	-0.3034 -0.4186 5.3834 1.0000	</row3>
				</transform>
			</node>
			<node>
				<identifier>	SP_YMS022_YHUS_L_1_INDEX_5	</identifier>
				<transform>
					<row0>	-0.2041 0.0022 1.3800 0.0000	</row0>
					<row1>	0.6871 1.2100 0.0997 0.0000	</row1>
					<row2>	-1.1968 0.6943 -0.1781 0.0000	</row2>
					<row3>	0.2970 -0.4155 5.3912 1.0000	</row3>
				</transform>
			</node>
			<node>
				<identifier>	SP_YMS055_YHDB_M_1	</identifier>
				<transform>
					<row0>	0.9025 0.0000 0.0000 0.0000	</row0>
					<row1>	0.0000 1.0000 0.0000 0.0000	</row1>
					<row2>	0.0000 0.0000 0.8269 0.0000	</row2>
					<row3>	0.0042 0.9032 6.1499 1.0000	</row3>
				</transform>
			</node>
			<node>
				<identifier>	SP_YMS072_YHHC_M_1	</identifier>
				<transform>
					<row0>	-0.1605 -0.0032 1.2397 0.0000	</row0>
					<row1>	0.6865 1.0406 0.0916 0.0000	</row1>
					<row2>	-1.0322 0.6926 -0.1318 0.0000	</row2>
					<row3>	0.5614 0.2093 5.8535 1.0000	</row3>
				</transform>
			</node>
			<node>
				<identifier>	SP_YMS072_YHHC_M_1_INDEX_1	</identifier>
				<transform>
					<row0>	-0.1605 0.0032 -1.2397 0.0000	</row0>
					<row1>	-0.6865 1.0406 0.0916 0.0000	</row1>
					<row2>	1.0322 0.6926 -0.1318 0.0000	</row2>
					<row3>	-0.5614 0.2093 5.8535 1.0000	</row3>
				</transform>
			</node>
			<node>
				<identifier>	SP_YMS072_YHHC_M_1_INDEX_2	</identifier>
				<transform>
					<row0>	-0.1994 0.0230 1.2338 0.0000	</row0>
					<row1>	0.6865 1.0406 0.0916 0.0000	</row1>
					<row2>	-1.0254 0.6922 -0.1787 0.0000	</row2>
					<row3>	0.4674 0.2089 6.4070 1.0000	</row3>
				</transform>
			</node>
			<node>
				<identifier>	SP_YMS072_YHHC_M_1_INDEX_4	</identifier>
				<transform>
					<row0>	-0.1994 -0.0230 -1.2338 0.0000	</row0>
					<row1>	-0.6865 1.0406 0.0916 0.0000	</row1>
					<row2>	1.0254 0.6922 -0.1787 0.0000	</row2>
					<row3>	-0.4664 0.2090 6.4132 1.0000	</row3>
				</transform>
			</node>
			<node>
				<identifier>	SP_YMS072_YHHC_M_1_INDEX_5	</identifier>
				<transform>
					<row0>	-0.1513 0.0075 -1.2408 0.0000	</row0>
					<row1>	-0.5926 1.0978 0.0789 0.0000	</row1>
					<row2>	1.0901 0.5978 -0.1294 0.0000	</row2>
					<row3>	-0.6345 0.2069 5.3246 1.0000	</row3>
				</transform>
			</node>
			<node>
				<identifier>	SP_YMS072_YHHC_M_1_INDEX_6	</identifier>
				<transform>
					<row0>	-0.1513 -0.0075 1.2408 0.0000	</row0>
					<row1>	0.5926 1.0978 0.0789 0.0000	</row1>
					<row2>	-1.0901 0.5978 -0.1294 0.0000	</row2>
					<row3>	0.6345 0.2069 5.3246 1.0000	</row3>
				</transform>
			</node>
			<node>
				<identifier>	SP_YMS082_YHSC_M_1_INDEX_1	</identifier>
				<transform>
					<row0>	-0.2192 -0.0076 1.1289 0.0000	</row0>
					<row1>	0.6746 0.9212 0.1372 0.0000	</row1>
					<row2>	-0.9052 0.6884 -0.1711 0.0000	</row2>
					<row3>	0.4076 0.2348 6.8707 1.0000	</row3>
				</transform>
			</node>
			<node>
				<identifier>	SP_YMS082_YHSC_M_1_INDEX_3	</identifier>
				<transform>
					<row0>	-0.2192 0.0076 -1.1289 0.0000	</row0>
					<row1>	-0.6746 0.9212 0.1372 0.0000	</row1>
					<row2>	0.9052 0.6884 -0.1711 0.0000	</row2>
					<row3>	-0.4076 0.2348 6.8707 1.0000	</row3>
				</transform>
			</node>
		</node>
	</node>
	<boundingBox>
		<min>	-0.0667 -0.0667 -0.0667	</min>
		<max>	0.0667 0.0667 0.0667	</max>
	</boundingBox>
</GSA001_Graf_Zeppelin_1945_Bow_ports.visual>
