<BSS006_Thrasher_1944_MidFront_ports.visual>
	<node>
		<identifier>	Scene Root	</identifier>
		<transform>
			<row0>	1.0000 0.0000 0.0000 0.0000	</row0>
			<row1>	0.0000 1.0000 0.0000 0.0000	</row1>
			<row2>	0.0000 0.0000 1.0000 0.0000	</row2>
			<row3>	0.0000 0.0000 0.0000 1.0000	</row3>
		</transform>
		<node>
			<identifier>	MidFront_ports	</identifier>
			<transform>
				<row0>	1.0000 0.0000 0.0000 0.0000	</row0>
				<row1>	0.0000 1.0000 0.0000 0.0000	</row1>
				<row2>	0.0000 0.0000 1.0000 0.0000	</row2>
				<row3>	0.0000 0.0000 0.0000 1.0000	</row3>
			</transform>
			<node>
				<identifier>	HP_FX_Fire_1	</identifier>
				<transform>
					<row0>	1.0000 0.0000 0.0000 0.0000	</row0>
					<row1>	0.0000 1.0000 0.0000 0.0000	</row1>
					<row2>	0.0000 0.0000 1.0000 0.0000	</row2>
					<row3>	0.0000 0.2428 0.2188 1.0000	</row3>
				</transform>
			</node>
			<node>
				<identifier>	HP_FX_Runoff_deluge_left_3	</identifier>
				<transform>
					<row0>	-0.9474 -0.0007 -0.3199 0.0000	</row0>
					<row1>	-0.0078 0.9997 0.0211 0.0000	</row1>
					<row2>	0.3198 0.0225 -0.9471 0.0000	</row2>
					<row3>	-0.0615 0.1166 1.2529 1.0000	</row3>
				</transform>
			</node>
			<node>
				<identifier>	HP_FX_Runoff_deluge_left_4	</identifier>
				<transform>
					<row0>	-1.0000 -0.0007 -0.0065 0.0000	</row0>
					<row1>	-0.0008 0.9997 0.0225 0.0000	</row1>
					<row2>	0.0065 0.0225 -0.9997 0.0000	</row2>
					<row3>	-0.0440 0.1214 1.1092 1.0000	</row3>
				</transform>
			</node>
			<node>
				<identifier>	HP_FX_Runoff_deluge_left_5	</identifier>
				<transform>
					<row0>	-1.0000 0.0000 -0.0065 0.0000	</row0>
					<row1>	0.0000 1.0000 0.0000 0.0000	</row1>
					<row2>	0.0065 0.0000 -1.0000 0.0000	</row2>
					<row3>	-0.0430 0.1139 0.6477 1.0000	</row3>
				</transform>
			</node>
			<node>
				<identifier>	HP_FX_Runoff_deluge_left_6	</identifier>
				<transform>
					<row0>	-0.9988 -0.0007 0.0480 0.0000	</row0>
					<row1>	0.0004 0.9997 0.0225 0.0000	</row1>
					<row2>	-0.0480 0.0225 -0.9985 0.0000	</row2>
					<row3>	-0.0628 0.1192 0.2958 1.0000	</row3>
				</transform>
			</node>
			<node>
				<identifier>	HP_FX_Runoff_deluge_right_3	</identifier>
				<transform>
					<row0>	0.9965 -0.0007 -0.0833 0.0000	</row0>
					<row1>	-0.0012 0.9997 -0.0225 0.0000	</row1>
					<row2>	0.0833 0.0225 0.9962 0.0000	</row2>
					<row3>	0.0540 0.1161 1.2864 1.0000	</row3>
				</transform>
			</node>
			<node>
				<identifier>	HP_FX_Runoff_deluge_right_4	</identifier>
				<transform>
					<row0>	0.9997 -0.0012 0.0245 0.0000	</row0>
					<row1>	0.0012 1.0000 0.0002 0.0000	</row1>
					<row2>	-0.0245 0.0000 0.9997 0.0000	</row2>
					<row3>	0.0439 0.1217 1.0405 1.0000	</row3>
				</transform>
			</node>
			<node>
				<identifier>	HP_FX_Runoff_deluge_right_5	</identifier>
				<transform>
					<row0>	1.0000 -0.0006 -0.0052 0.0000	</row0>
					<row1>	0.0005 0.9999 -0.0031 0.0000	</row1>
					<row2>	0.0052 0.0031 1.0000 0.0000	</row2>
					<row3>	0.0430 0.1145 0.6470 1.0000	</row3>
				</transform>
			</node>
			<node>
				<identifier>	HP_FX_Runoff_deluge_right_6	</identifier>
				<transform>
					<row0>	0.9999 -0.0015 0.0184 0.0000	</row0>
					<row1>	0.0011 0.9997 0.0218 0.0000	</row1>
					<row2>	-0.0184 -0.0218 0.9996 0.0000	</row2>
					<row3>	0.0628 0.1200 0.2955 1.0000	</row3>
				</transform>
			</node>
			<node>
				<identifier>	HP_FX_Runoff_left_1	</identifier>
				<transform>
					<row0>	-0.9639 0.2646 0.0282 0.0000	</row0>
					<row1>	0.2651 0.9641 0.0152 0.0000	</row1>
					<row2>	-0.0232 0.0222 -0.9995 0.0000	</row2>
					<row3>	-0.0730 0.1429 0.3438 1.0000	</row3>
				</transform>
			</node>
			<node>
				<identifier>	HP_FX_Runoff_right_1	</identifier>
				<transform>
					<row0>	0.9768 0.2137 0.0149 0.0000	</row0>
					<row1>	-0.2139 0.9767 0.0178 0.0000	</row1>
					<row2>	-0.0108 -0.0206 0.9997 0.0000	</row2>
					<row3>	0.0730 0.1429 0.3438 1.0000	</row3>
				</transform>
			</node>
			<node>
				<identifier>	HP_FX_Runoff_tower_left_1	</identifier>
				<transform>
					<row0>	-1.0000 0.0000 0.0026 0.0000	</row0>
					<row1>	0.0000 1.0000 0.0000 0.0000	</row1>
					<row2>	-0.0026 0.0000 -1.0000 0.0000	</row2>
					<row3>	-0.0670 0.2739 0.3658 1.0000	</row3>
				</transform>
			</node>
			<node>
				<identifier>	HP_FX_Runoff_tower_left_2	</identifier>
				<transform>
					<row0>	-0.9989 0.0000 0.0470 0.0000	</row0>
					<row1>	0.0000 1.0000 0.0000 0.0000	</row1>
					<row2>	-0.0470 0.0000 -0.9989 0.0000	</row2>
					<row3>	-0.0750 0.2729 0.1689 1.0000	</row3>
				</transform>
			</node>
			<node>
				<identifier>	HP_FX_Runoff_tower_left_3	</identifier>
				<transform>
					<row0>	-0.9999 0.0000 0.0105 0.0000	</row0>
					<row1>	0.0000 1.0000 0.0000 0.0000	</row1>
					<row2>	-0.0105 0.0000 -0.9999 0.0000	</row2>
					<row3>	-0.0810 0.3608 0.0290 1.0000	</row3>
				</transform>
			</node>
			<node>
				<identifier>	HP_FX_Runoff_tower_right_1	</identifier>
				<transform>
					<row0>	-0.9997 0.0000 -0.0243 0.0000	</row0>
					<row1>	0.0000 1.0000 0.0000 0.0000	</row1>
					<row2>	0.0243 0.0000 -0.9997 0.0000	</row2>
					<row3>	0.0670 0.2739 0.3658 1.0000	</row3>
				</transform>
			</node>
			<node>
				<identifier>	HP_FX_Runoff_tower_right_2	</identifier>
				<transform>
					<row0>	-0.9991 0.0000 -0.0428 0.0000	</row0>
					<row1>	0.0000 1.0000 0.0000 0.0000	</row1>
					<row2>	0.0428 0.0000 -0.9991 0.0000	</row2>
					<row3>	0.0750 0.2729 0.1689 1.0000	</row3>
				</transform>
			</node>
			<node>
				<identifier>	HP_FX_Runoff_tower_right_3	</identifier>
				<transform>
					<row0>	-0.9918 0.0000 -0.1282 0.0000	</row0>
					<row1>	0.0000 1.0000 0.0000 0.0000	</row1>
					<row2>	0.1282 0.0000 -0.9918 0.0000	</row2>
					<row3>	0.0810 0.3608 0.0290 1.0000	</row3>
				</transform>
			</node>
			<node>
				<identifier>	HP_FX_Runoff_up_left_2	</identifier>
				<transform>
					<row0>	-0.9976 0.0006 0.0690 0.0000	</row0>
					<row1>	0.0027 0.9995 0.0305 0.0000	</row1>
					<row2>	-0.0689 0.0306 -0.9971 0.0000	</row2>
					<row3>	-0.0690 0.1449 0.4668 1.0000	</row3>
				</transform>
			</node>
			<node>
				<identifier>	HP_FX_Runoff_up_right_2	</identifier>
				<transform>
					<row0>	0.9980 -0.0031 0.0632 0.0000	</row0>
					<row1>	0.0012 0.9996 0.0294 0.0000	</row1>
					<row2>	-0.0632 -0.0293 0.9976 0.0000	</row2>
					<row3>	0.0690 0.1449 0.4668 1.0000	</row3>
				</transform>
			</node>
			<node>
				<identifier>	HP_FX_WakeTrace_tower	</identifier>
				<transform>
					<row0>	1.0000 0.0000 0.0000 0.0000	</row0>
					<row1>	0.0000 1.0000 0.0000 0.0000	</row1>
					<row2>	0.0000 0.0000 1.0000 0.0000	</row2>
					<row3>	0.0000 0.1439 0.4788 1.0000	</row3>
				</transform>
			</node>
			<node>
				<identifier>	HP_Ship_death_2	</identifier>
				<transform>
					<row0>	1.0000 0.0000 0.0000 0.0000	</row0>
					<row1>	0.0000 1.0000 0.0000 0.0000	</row1>
					<row2>	0.0000 0.0000 1.0000 0.0000	</row2>
					<row3>	0.0000 0.0000 0.0282 1.0000	</row3>
				</transform>
			</node>
			<node>
				<identifier>	MP_BM1520_20mm_Oerlikon_Sub	</identifier>
				<transform>
					<row0>	-1.0000 0.0000 0.0000 0.0000	</row0>
					<row1>	0.0000 1.0000 0.0000 0.0000	</row1>
					<row2>	0.0000 0.0000 -1.0000 0.0000	</row2>
					<row3>	0.0000 0.2186 -0.3236 1.0000	</row3>
				</transform>
			</node>
		</node>
	</node>
	<boundingBox>
		<min>	-0.0667 -0.0667 -0.0667	</min>
		<max>	0.0667 0.0667 0.0667	</max>
	</boundingBox>
</BSS006_Thrasher_1944_MidFront_ports.visual>
