<SSC004_Navarra_1941_MidFront_ports.visual>
	<node>
		<identifier>	Scene Root	</identifier>
		<transform>
			<row0>	1.0000 0.0000 0.0000 0.0000	</row0>
			<row1>	0.0000 1.0000 0.0000 0.0000	</row1>
			<row2>	0.0000 0.0000 1.0000 0.0000	</row2>
			<row3>	0.0000 0.0000 0.0000 1.0000	</row3>
		</transform>
		<node>
			<identifier>	MidFront_ports	</identifier>
			<transform>
				<row0>	1.0000 0.0000 0.0000 0.0000	</row0>
				<row1>	0.0000 1.0000 0.0000 0.0000	</row1>
				<row2>	0.0000 0.0000 1.0000 0.0000	</row2>
				<row3>	0.0000 0.0000 0.0000 1.0000	</row3>
			</transform>
			<node>
				<identifier>	HP_FX_Death_1	</identifier>
				<transform>
					<row0>	1.0000 0.0000 0.0000 0.0000	</row0>
					<row1>	0.0000 1.0000 0.0000 0.0000	</row1>
					<row2>	0.0000 0.0000 1.0000 0.0000	</row2>
					<row3>	0.0000 0.0000 2.5467 1.0000	</row3>
				</transform>
			</node>
			<node>
				<identifier>	HP_FX_Fire_2	</identifier>
				<transform>
					<row0>	1.0000 0.0000 0.0000 0.0000	</row0>
					<row1>	0.0000 1.0000 0.0000 0.0000	</row1>
					<row2>	0.0000 0.0000 1.0000 0.0000	</row2>
					<row3>	0.0000 0.5431 1.6337 1.0000	</row3>
				</transform>
			</node>
			<node>
				<identifier>	HP_FX_Fire_2_side_1	</identifier>
				<transform>
					<row0>	1.0000 0.0000 0.0000 0.0000	</row0>
					<row1>	0.0000 1.0000 0.0000 0.0000	</row1>
					<row2>	0.0000 0.0000 1.0000 0.0000	</row2>
					<row3>	-0.3294 0.3557 1.7147 1.0000	</row3>
				</transform>
			</node>
			<node>
				<identifier>	HP_FX_Fire_2_side_2	</identifier>
				<transform>
					<row0>	1.0000 0.0000 0.0000 0.0000	</row0>
					<row1>	0.0000 1.0000 0.0000 0.0000	</row1>
					<row2>	0.0000 0.0000 1.0000 0.0000	</row2>
					<row3>	0.3539 0.3508 0.8073 1.0000	</row3>
				</transform>
			</node>
			<node>
				<identifier>	HP_FX_FloodLight_left_1	</identifier>
				<transform>
					<row0>	-1.0000 0.0000 0.0000 0.0000	</row0>
					<row1>	0.0000 1.0000 0.0000 0.0000	</row1>
					<row2>	0.0000 0.0000 -1.0000 0.0000	</row2>
					<row3>	-0.2699 0.4983 2.2951 1.0000	</row3>
				</transform>
			</node>
			<node>
				<identifier>	HP_FX_FloodLight_right_1	</identifier>
				<transform>
					<row0>	1.0000 0.0000 0.0000 0.0000	</row0>
					<row1>	0.0000 1.0000 0.0000 0.0000	</row1>
					<row2>	0.0000 0.0000 1.0000 0.0000	</row2>
					<row3>	0.2689 0.4987 2.2946 1.0000	</row3>
				</transform>
			</node>
			<node>
				<identifier>	HP_FX_Flood_steam_1	</identifier>
				<transform>
					<row0>	0.8254 0.5646 0.0000 0.0000	</row0>
					<row1>	-0.5172 0.7561 -0.4010 0.0000	</row1>
					<row2>	-0.2264 0.3310 0.9161 0.0000	</row2>
					<row3>	-0.0934 0.9122 0.4542 1.0000	</row3>
				</transform>
			</node>
			<node>
				<identifier>	HP_FX_Flood_steam_left	</identifier>
				<transform>
					<row0>	-1.0000 0.0000 0.0000 0.0000	</row0>
					<row1>	0.0000 1.0000 0.0000 0.0000	</row1>
					<row2>	0.0000 0.0000 -1.0000 0.0000	</row2>
					<row3>	-0.4495 0.2978 1.4003 1.0000	</row3>
				</transform>
			</node>
			<node>
				<identifier>	HP_FX_Flood_water_left	</identifier>
				<transform>
					<row0>	-0.9864 0.0000 0.1645 0.0000	</row0>
					<row1>	0.0000 1.0000 0.0000 0.0000	</row1>
					<row2>	-0.1645 0.0000 -0.9864 0.0000	</row2>
					<row3>	-0.2459 0.0250 3.3227 1.0000	</row3>
				</transform>
			</node>
			<node>
				<identifier>	HP_FX_Flood_water_left_2	</identifier>
				<transform>
					<row0>	-1.0000 0.0000 0.0000 0.0000	</row0>
					<row1>	0.0000 1.0000 0.0000 0.0000	</row1>
					<row2>	0.0000 0.0000 -1.0000 0.0000	</row2>
					<row3>	-0.4984 0.0279 0.4376 1.0000	</row3>
				</transform>
			</node>
			<node>
				<identifier>	HP_FX_Flood_water_right	</identifier>
				<transform>
					<row0>	0.9817 0.0000 0.1906 0.0000	</row0>
					<row1>	0.0000 1.0000 0.0000 0.0000	</row1>
					<row2>	-0.1906 0.0000 0.9817 0.0000	</row2>
					<row3>	0.2455 0.0233 3.3227 1.0000	</row3>
				</transform>
			</node>
			<node>
				<identifier>	HP_FX_Flood_water_right_2	</identifier>
				<transform>
					<row0>	1.0000 0.0000 0.0000 0.0000	</row0>
					<row1>	0.0000 1.0000 0.0000 0.0000	</row1>
					<row2>	0.0000 0.0000 1.0000 0.0000	</row2>
					<row3>	0.4986 0.0259 0.4374 1.0000	</row3>
				</transform>
			</node>
			<node>
				<identifier>	HP_FX_Smoke_1	</identifier>
				<transform>
					<row0>	1.0000 0.0000 0.0000 0.0000	</row0>
					<row1>	0.0000 0.9976 -0.0688 0.0000	</row1>
					<row2>	0.0000 0.0688 0.9976 0.0000	</row2>
					<row3>	0.0000 1.0031 0.5621 1.0000	</row3>
				</transform>
			</node>
			<node>
				<identifier>	HP_Flagpole	</identifier>
				<transform>
					<row0>	0.0000 0.0000 0.4000 0.0000	</row0>
					<row1>	0.0000 0.4000 0.0000 0.0000	</row1>
					<row2>	-0.4000 0.0000 0.0000 0.0000	</row2>
					<row3>	0.0098 1.7371 1.6442 1.0000	</row3>
				</transform>
			</node>
			<node>
				<identifier>	HP_SF_1	</identifier>
				<transform>
					<row0>	1.0000 0.0000 0.0000 0.0000	</row0>
					<row1>	0.0000 1.0000 0.0000 0.0000	</row1>
					<row2>	0.0000 0.0000 1.0000 0.0000	</row2>
					<row3>	0.0000 1.2039 2.0975 1.0000	</row3>
				</transform>
			</node>
			<node>
				<identifier>	HP_SF_2	</identifier>
				<transform>
					<row0>	0.0000 0.0000 1.0000 0.0000	</row0>
					<row1>	0.0000 1.0000 0.0000 0.0000	</row1>
					<row2>	-1.0000 0.0000 0.0000 0.0000	</row2>
					<row3>	-0.2911 1.0415 1.8088 1.0000	</row3>
				</transform>
			</node>
			<node>
				<identifier>	HP_SF_3	</identifier>
				<transform>
					<row0>	0.0000 0.0000 -1.0000 0.0000	</row0>
					<row1>	0.0000 1.0000 0.0000 0.0000	</row1>
					<row2>	1.0000 0.0000 0.0000 0.0000	</row2>
					<row3>	0.2911 1.0415 1.8088 1.0000	</row3>
				</transform>
			</node>
			<node>
				<identifier>	HP_SGM_1	</identifier>
				<transform>
					<row0>	1.0000 0.0000 0.0000 0.0000	</row0>
					<row1>	0.0000 1.0000 0.0000 0.0000	</row1>
					<row2>	0.0000 0.0000 1.0000 0.0000	</row2>
					<row3>	0.0000 0.3970 3.0460 1.0000	</row3>
				</transform>
			</node>
			<node>
				<identifier>	HP_SGM_2	</identifier>
				<transform>
					<row0>	1.0000 0.0000 0.0000 0.0000	</row0>
					<row1>	0.0000 1.0000 0.0000 0.0000	</row1>
					<row2>	0.0000 0.0000 1.0000 0.0000	</row2>
					<row3>	0.0000 0.5409 2.5298 1.0000	</row3>
				</transform>
			</node>
			<node>
				<identifier>	HP_SGM_3	</identifier>
				<transform>
					<row0>	-1.0000 0.0000 0.0000 0.0000	</row0>
					<row1>	0.0000 1.0000 0.0000 0.0000	</row1>
					<row2>	0.0000 0.0000 -1.0000 0.0000	</row2>
					<row3>	0.0000 0.5142 1.2663 1.0000	</row3>
				</transform>
			</node>
			<node>
				<identifier>	HP_Ship_death_2	</identifier>
				<transform>
					<row0>	1.0000 0.0000 0.0000 0.0000	</row0>
					<row1>	0.0000 1.0000 0.0000 0.0000	</row1>
					<row2>	0.0000 0.0000 1.0000 0.0000	</row2>
					<row3>	0.0000 0.0000 0.3672 1.0000	</row3>
				</transform>
			</node>
			<node>
				<identifier>	HP_flag_1	</identifier>
				<transform>
					<row0>	0.9995 0.0325 0.0000 0.0000	</row0>
					<row1>	-0.0325 0.9995 0.0000 0.0000	</row1>
					<row2>	0.0000 0.0000 1.0000 0.0000	</row2>
					<row3>	0.2147 1.6130 1.6352 1.0000	</row3>
				</transform>
			</node>
			<node>
				<identifier>	HP_flag_2	</identifier>
				<transform>
					<row0>	0.9995 -0.0325 0.0000 0.0000	</row0>
					<row1>	0.0325 0.9995 0.0000 0.0000	</row1>
					<row2>	0.0000 0.0000 1.0000 0.0000	</row2>
					<row3>	-0.2147 1.6130 1.6352 1.0000	</row3>
				</transform>
			</node>
			<node>
				<identifier>	HP_flag_3	</identifier>
				<transform>
					<row0>	0.9990 0.0457 0.0000 0.0000	</row0>
					<row1>	-0.0457 0.9990 0.0000 0.0000	</row1>
					<row2>	0.0000 0.0000 1.0000 0.0000	</row2>
					<row3>	0.1225 1.6130 1.6352 1.0000	</row3>
				</transform>
			</node>
			<node>
				<identifier>	HP_flag_4	</identifier>
				<transform>
					<row0>	0.9990 -0.0457 0.0000 0.0000	</row0>
					<row1>	0.0457 0.9990 0.0000 0.0000	</row1>
					<row2>	0.0000 0.0000 1.0000 0.0000	</row2>
					<row3>	-0.1225 1.6130 1.6352 1.0000	</row3>
				</transform>
			</node>
			<node>
				<identifier>	HP_flag_rank	</identifier>
				<transform>
					<row0>	0.9999 -0.0113 0.0000 0.0000	</row0>
					<row1>	0.0113 0.9999 -0.0064 0.0000	</row1>
					<row2>	0.0000 0.0064 1.0000 0.0000	</row2>
					<row3>	0.0000 1.7874 1.6058 1.0000	</row3>
				</transform>
			</node>
			<node>
				<identifier>	MP_BM641_Compass_Binnacle	</identifier>
				<transform>
					<row0>	-1.0000 0.0000 0.0000 0.0000	</row0>
					<row1>	0.0000 1.0000 0.0000 0.0000	</row1>
					<row2>	0.0000 0.0000 -1.0000 0.0000	</row2>
					<row3>	0.0000 0.7172 2.0261 1.0000	</row3>
				</transform>
			</node>
			<node>
				<identifier>	MP_CM011_Fire_Fighting_Gear	</identifier>
				<transform>
					<row0>	0.6354 0.0000 -0.7722 0.0000	</row0>
					<row1>	0.0000 1.0000 0.0000 0.0000	</row1>
					<row2>	0.7722 0.0000 0.6354 0.0000	</row2>
					<row3>	-0.2275 0.3703 2.8696 1.0000	</row3>
				</transform>
			</node>
			<node>
				<identifier>	MP_CM011_Fire_Fighting_Gear_INDEX_1	</identifier>
				<transform>
					<row0>	0.0000 0.0000 1.0000 0.0000	</row0>
					<row1>	0.0000 1.0000 0.0000 0.0000	</row1>
					<row2>	-1.0000 0.0000 0.0000 0.0000	</row2>
					<row3>	0.1798 0.3575 1.5746 1.0000	</row3>
				</transform>
			</node>
			<node>
				<identifier>	MP_CM011_Fire_Fighting_Gear_INDEX_2	</identifier>
				<transform>
					<row0>	1.0000 0.0000 0.0000 0.0000	</row0>
					<row1>	0.0000 1.0000 0.0000 0.0000	</row1>
					<row2>	0.0000 0.0000 1.0000 0.0000	</row2>
					<row3>	0.0000 0.3586 1.0385 1.0000	</row3>
				</transform>
			</node>
			<node>
				<identifier>	MP_CM011_Fire_Fighting_Gear_INDEX_3	</identifier>
				<transform>
					<row0>	0.0000 0.0000 -1.0000 0.0000	</row0>
					<row1>	0.0000 1.0000 0.0000 0.0000	</row1>
					<row2>	1.0000 0.0000 0.0000 0.0000	</row2>
					<row3>	-0.1792 0.3575 1.5746 1.0000	</row3>
				</transform>
			</node>
			<node>
				<identifier>	MP_CM011_Fire_Fighting_Gear_INDEX_4	</identifier>
				<transform>
					<row0>	0.6354 0.0000 0.7722 0.0000	</row0>
					<row1>	0.0000 1.0000 0.0000 0.0000	</row1>
					<row2>	-0.7722 0.0000 0.6354 0.0000	</row2>
					<row3>	0.2275 0.3703 2.8696 1.0000	</row3>
				</transform>
			</node>
			<node>
				<identifier>	MP_CM012_Fire_Hose_Rack_1	</identifier>
				<transform>
					<row0>	-1.0000 0.0000 0.0000 0.0000	</row0>
					<row1>	0.0000 1.0000 0.0000 0.0000	</row1>
					<row2>	0.0000 0.0000 -1.0000 0.0000	</row2>
					<row3>	0.1690 0.4103 1.5983 1.0000	</row3>
				</transform>
			</node>
			<node>
				<identifier>	MP_CM012_Fire_Hose_Rack_1_INDEX_1	</identifier>
				<transform>
					<row0>	1.0000 0.0000 0.0000 0.0000	</row0>
					<row1>	0.0000 1.0000 0.0000 0.0000	</row1>
					<row2>	0.0000 0.0000 1.0000 0.0000	</row2>
					<row3>	-0.1690 0.4103 1.5320 1.0000	</row3>
				</transform>
			</node>
			<node>
				<identifier>	MP_CM012_Fire_Hose_Rack_1_INDEX_2	</identifier>
				<transform>
					<row0>	-0.1075 0.0000 0.9942 0.0000	</row0>
					<row1>	0.0000 1.0000 0.0000 0.0000	</row1>
					<row2>	-0.9942 0.0000 -0.1075 0.0000	</row2>
					<row3>	0.0243 0.4182 1.0486 1.0000	</row3>
				</transform>
			</node>
			<node>
				<identifier>	MP_CM012_Fire_Hose_Rack_1_INDEX_3	</identifier>
				<transform>
					<row0>	-0.8003 0.0000 0.5997 0.0000	</row0>
					<row1>	0.0000 1.0000 0.0000 0.0000	</row1>
					<row2>	-0.5997 0.0000 -0.8003 0.0000	</row2>
					<row3>	0.2004 0.3980 2.8434 1.0000	</row3>
				</transform>
			</node>
			<node>
				<identifier>	MP_CM012_Fire_Hose_Rack_1_INDEX_4	</identifier>
				<transform>
					<row0>	0.8003 0.0000 0.5997 0.0000	</row0>
					<row1>	0.0000 1.0000 0.0000 0.0000	</row1>
					<row2>	-0.5997 0.0000 0.8003 0.0000	</row2>
					<row3>	-0.2001 0.3980 2.8433 1.0000	</row3>
				</transform>
			</node>
			<node>
				<identifier>	MP_CM014_Fuel_Oil_Hose	</identifier>
				<transform>
					<row0>	1.0000 0.0000 0.0000 0.0000	</row0>
					<row1>	0.0000 1.0000 0.0000 0.0000	</row1>
					<row2>	0.0000 0.0000 1.0000 0.0000	</row2>
					<row3>	-0.2212 0.4094 1.3452 1.0000	</row3>
				</transform>
			</node>
			<node>
				<identifier>	MP_CM014_Fuel_Oil_Hose_INDEX_1	</identifier>
				<transform>
					<row0>	1.0000 0.0000 0.0000 0.0000	</row0>
					<row1>	0.0000 1.0000 0.0000 0.0000	</row1>
					<row2>	0.0000 0.0000 1.0000 0.0000	</row2>
					<row3>	-0.2212 0.3800 1.3452 1.0000	</row3>
				</transform>
			</node>
			<node>
				<identifier>	MP_CM014_Fuel_Oil_Hose_INDEX_2	</identifier>
				<transform>
					<row0>	-1.0000 0.0000 0.0000 0.0000	</row0>
					<row1>	0.0000 1.0000 0.0000 0.0000	</row1>
					<row2>	0.0000 0.0000 -1.0000 0.0000	</row2>
					<row3>	0.2212 0.3800 1.3452 1.0000	</row3>
				</transform>
			</node>
			<node>
				<identifier>	MP_CM014_Fuel_Oil_Hose_INDEX_3	</identifier>
				<transform>
					<row0>	-1.0000 0.0000 0.0000 0.0000	</row0>
					<row1>	0.0000 1.0000 0.0000 0.0000	</row1>
					<row2>	0.0000 0.0000 -1.0000 0.0000	</row2>
					<row3>	0.2212 0.4094 1.3452 1.0000	</row3>
				</transform>
			</node>
			<node>
				<identifier>	MP_CM022_Anchor_3	</identifier>
				<transform>
					<row0>	-1.1858 -0.1841 0.0000 0.0000	</row0>
					<row1>	-0.1841 1.1858 0.0000 0.0000	</row1>
					<row2>	0.0000 0.0000 -1.2000 0.0000	</row2>
					<row3>	0.2752 0.4922 1.9365 1.0000	</row3>
				</transform>
			</node>
			<node>
				<identifier>	MP_CM022_Anchor_3_INDEX_1	</identifier>
				<transform>
					<row0>	1.1858 -0.1841 0.0000 0.0000	</row0>
					<row1>	0.1841 1.1858 0.0000 0.0000	</row1>
					<row2>	0.0000 0.0000 1.2000 0.0000	</row2>
					<row3>	-0.2753 0.4918 1.9365 1.0000	</row3>
				</transform>
			</node>
			<node>
				<identifier>	MP_CM029_Emergency_Box	</identifier>
				<transform>
					<row0>	0.7789 0.0000 0.6271 0.0000	</row0>
					<row1>	0.0000 1.0000 0.0000 0.0000	</row1>
					<row2>	-0.6271 0.0000 0.7789 0.0000	</row2>
					<row3>	0.1409 0.4170 1.0903 1.0000	</row3>
				</transform>
			</node>
			<node>
				<identifier>	MP_CM029_Emergency_Box_INDEX_1	</identifier>
				<transform>
					<row0>	-0.8286 0.0000 -0.5599 0.0000	</row0>
					<row1>	0.0000 1.0000 0.0000 0.0000	</row1>
					<row2>	0.5599 0.0000 -0.8286 0.0000	</row2>
					<row3>	-0.0713 1.2504 1.8125 1.0000	</row3>
				</transform>
			</node>
			<node>
				<identifier>	MP_CM029_Emergency_Box_INDEX_2	</identifier>
				<transform>
					<row0>	1.0000 0.0000 0.0000 0.0000	</row0>
					<row1>	0.0000 1.0000 0.0000 0.0000	</row1>
					<row2>	0.0000 0.0000 1.0000 0.0000	</row2>
					<row3>	-0.1247 0.4353 0.8208 1.0000	</row3>
				</transform>
			</node>
			<node>
				<identifier>	MP_CM029_Emergency_Box_INDEX_3	</identifier>
				<transform>
					<row0>	-1.0000 0.0000 0.0000 0.0000	</row0>
					<row1>	0.0000 0.9970 -0.0780 0.0000	</row1>
					<row2>	0.0000 -0.0780 -0.9970 0.0000	</row2>
					<row3>	-0.0248 0.6507 2.1857 1.0000	</row3>
				</transform>
			</node>
			<node>
				<identifier>	MP_CM052_Fender	</identifier>
				<transform>
					<row0>	0.2118 0.0000 0.7715 0.0000	</row0>
					<row1>	0.0000 0.8000 0.0000 0.0000	</row1>
					<row2>	-0.7715 0.0000 0.2118 0.0000	</row2>
					<row3>	-0.2847 0.3664 2.6076 1.0000	</row3>
				</transform>
			</node>
			<node>
				<identifier>	MP_CM052_Fender_INDEX_1	</identifier>
				<transform>
					<row0>	0.2118 0.0000 -0.7715 0.0000	</row0>
					<row1>	0.0000 0.8000 0.0000 0.0000	</row1>
					<row2>	0.7715 0.0000 0.2118 0.0000	</row2>
					<row3>	0.2840 0.3665 2.6117 1.0000	</row3>
				</transform>
			</node>
			<node>
				<identifier>	MP_CM056_Ships_bell	</identifier>
				<transform>
					<row0>	1.0000 0.0000 0.0000 0.0000	</row0>
					<row1>	0.0000 1.0000 0.0000 0.0000	</row1>
					<row2>	0.0000 0.0000 1.0000 0.0000	</row2>
					<row3>	-0.0911 0.7073 1.6496 1.0000	</row3>
				</transform>
			</node>
			<node>
				<identifier>	MP_CM088_Swab_Rack	</identifier>
				<transform>
					<row0>	-0.7777 0.0000 0.6287 0.0000	</row0>
					<row1>	0.0000 1.0000 0.0000 0.0000	</row1>
					<row2>	-0.6287 0.0000 -0.7777 0.0000	</row2>
					<row3>	-0.1393 0.3556 1.0976 1.0000	</row3>
				</transform>
			</node>
			<node>
				<identifier>	MP_CM093_Rope	</identifier>
				<transform>
					<row0>	0.0000 0.0000 0.8000 0.0000	</row0>
					<row1>	0.0000 0.8000 0.0000 0.0000	</row1>
					<row2>	-0.8000 0.0000 0.0000 0.0000	</row2>
					<row3>	-0.1203 0.8061 1.6355 1.0000	</row3>
				</transform>
			</node>
			<node>
				<identifier>	MP_CM093_Rope_INDEX_1	</identifier>
				<transform>
					<row0>	0.0000 0.0000 -0.8000 0.0000	</row0>
					<row1>	0.0000 0.8000 0.0000 0.0000	</row1>
					<row2>	0.8000 0.0000 0.0000 0.0000	</row2>
					<row3>	0.0082 0.8061 1.6124 1.0000	</row3>
				</transform>
			</node>
			<node>
				<identifier>	MP_CM093_Rope_INDEX_10	</identifier>
				<transform>
					<row0>	0.0000 0.0000 -0.8000 0.0000	</row0>
					<row1>	0.0000 0.8000 0.0000 0.0000	</row1>
					<row2>	0.8000 0.0000 0.0000 0.0000	</row2>
					<row3>	0.1203 0.8061 1.6355 1.0000	</row3>
				</transform>
			</node>
			<node>
				<identifier>	MP_CM093_Rope_INDEX_11	</identifier>
				<transform>
					<row0>	0.0000 0.0000 0.8000 0.0000	</row0>
					<row1>	0.0000 0.8000 0.0000 0.0000	</row1>
					<row2>	-0.8000 0.0000 0.0000 0.0000	</row2>
					<row3>	-0.2005 0.8061 1.6355 1.0000	</row3>
				</transform>
			</node>
			<node>
				<identifier>	MP_CM093_Rope_INDEX_2	</identifier>
				<transform>
					<row0>	0.0000 0.0000 -0.8000 0.0000	</row0>
					<row1>	0.0000 0.8000 0.0000 0.0000	</row1>
					<row2>	0.8000 0.0000 0.0000 0.0000	</row2>
					<row3>	0.2005 0.8061 1.6355 1.0000	</row3>
				</transform>
			</node>
			<node>
				<identifier>	MP_CM093_Rope_INDEX_3	</identifier>
				<transform>
					<row0>	0.0000 0.0000 0.8000 0.0000	</row0>
					<row1>	0.0000 0.8000 0.0000 0.0000	</row1>
					<row2>	-0.8000 0.0000 0.0000 0.0000	</row2>
					<row3>	-0.1603 0.8061 1.6355 1.0000	</row3>
				</transform>
			</node>
			<node>
				<identifier>	MP_CM093_Rope_INDEX_4	</identifier>
				<transform>
					<row0>	0.0000 0.0000 -0.8000 0.0000	</row0>
					<row1>	0.0000 0.8000 0.0000 0.0000	</row1>
					<row2>	0.8000 0.0000 0.0000 0.0000	</row2>
					<row3>	-0.0066 0.8061 1.6124 1.0000	</row3>
				</transform>
			</node>
			<node>
				<identifier>	MP_CM093_Rope_INDEX_5	</identifier>
				<transform>
					<row0>	0.0000 0.0000 -0.8000 0.0000	</row0>
					<row1>	0.0000 0.8000 0.0000 0.0000	</row1>
					<row2>	0.8000 0.0000 0.0000 0.0000	</row2>
					<row3>	-0.0529 0.8061 1.6124 1.0000	</row3>
				</transform>
			</node>
			<node>
				<identifier>	MP_CM093_Rope_INDEX_6	</identifier>
				<transform>
					<row0>	0.0000 0.0000 0.8000 0.0000	</row0>
					<row1>	0.0000 0.8000 0.0000 0.0000	</row1>
					<row2>	-0.8000 0.0000 0.0000 0.0000	</row2>
					<row3>	-0.2393 0.8061 1.6355 1.0000	</row3>
				</transform>
			</node>
			<node>
				<identifier>	MP_CM093_Rope_INDEX_7	</identifier>
				<transform>
					<row0>	0.0000 0.0000 -0.8000 0.0000	</row0>
					<row1>	0.0000 0.8000 0.0000 0.0000	</row1>
					<row2>	0.8000 0.0000 0.0000 0.0000	</row2>
					<row3>	0.1603 0.8061 1.6355 1.0000	</row3>
				</transform>
			</node>
			<node>
				<identifier>	MP_CM093_Rope_INDEX_8	</identifier>
				<transform>
					<row0>	0.0000 0.0000 -0.8000 0.0000	</row0>
					<row1>	0.0000 0.8000 0.0000 0.0000	</row1>
					<row2>	0.8000 0.0000 0.0000 0.0000	</row2>
					<row3>	0.2393 0.8061 1.6355 1.0000	</row3>
				</transform>
			</node>
			<node>
				<identifier>	MP_CM093_Rope_INDEX_9	</identifier>
				<transform>
					<row0>	0.0000 0.0000 0.8000 0.0000	</row0>
					<row1>	0.0000 0.8000 0.0000 0.0000	</row1>
					<row2>	-0.8000 0.0000 0.0000 0.0000	</row2>
					<row3>	0.0529 0.8061 1.6124 1.0000	</row3>
				</transform>
			</node>
			<node>
				<identifier>	MP_CM109_Leadsman_Platform	</identifier>
				<transform>
					<row0>	0.0002 -1.0000 0.0000 0.0000	</row0>
					<row1>	-0.9978 -0.0002 -0.0656 0.0000	</row1>
					<row2>	0.0656 0.0000 -0.9978 0.0000	</row2>
					<row3>	0.3658 0.3679 2.6368 1.0000	</row3>
				</transform>
			</node>
			<node>
				<identifier>	MP_CM109_Leadsman_Platform_INDEX_1	</identifier>
				<transform>
					<row0>	-0.0002 -1.0000 0.0000 0.0000	</row0>
					<row1>	0.9978 -0.0002 -0.0656 0.0000	</row1>
					<row2>	0.0656 0.0000 0.9978 0.0000	</row2>
					<row3>	-0.3655 0.3679 2.6370 1.0000	</row3>
				</transform>
			</node>
			<node>
				<identifier>	MP_SM009_Voice_Tube	</identifier>
				<transform>
					<row0>	-1.0000 0.0000 0.0000 0.0000	</row0>
					<row1>	0.0000 1.0000 0.0000 0.0000	</row1>
					<row2>	0.0000 0.0000 -1.0000 0.0000	</row2>
					<row3>	-0.0200 1.2387 1.6539 1.0000	</row3>
				</transform>
			</node>
			<node>
				<identifier>	MP_SM009_Voice_Tube_INDEX_1	</identifier>
				<transform>
					<row0>	0.0000 0.0000 -1.0000 0.0000	</row0>
					<row1>	0.0000 1.0000 0.0000 0.0000	</row1>
					<row2>	1.0000 0.0000 0.0000 0.0000	</row2>
					<row3>	-0.1969 1.0417 1.8475 1.0000	</row3>
				</transform>
			</node>
			<node>
				<identifier>	MP_SM009_Voice_Tube_INDEX_10	</identifier>
				<transform>
					<row0>	0.0000 0.0000 -1.0000 0.0000	</row0>
					<row1>	0.0000 1.0000 0.0000 0.0000	</row1>
					<row2>	1.0000 0.0000 0.0000 0.0000	</row2>
					<row3>	-0.2333 0.7191 1.7539 1.0000	</row3>
				</transform>
			</node>
			<node>
				<identifier>	MP_SM009_Voice_Tube_INDEX_11	</identifier>
				<transform>
					<row0>	-1.0000 0.0000 0.0000 0.0000	</row0>
					<row1>	0.0000 1.0000 0.0000 0.0000	</row1>
					<row2>	0.0000 0.0000 -1.0000 0.0000	</row2>
					<row3>	0.0200 1.2387 1.6539 1.0000	</row3>
				</transform>
			</node>
			<node>
				<identifier>	MP_SM009_Voice_Tube_INDEX_12	</identifier>
				<transform>
					<row0>	0.0000 0.0000 1.0000 0.0000	</row0>
					<row1>	0.0000 1.0000 0.0000 0.0000	</row1>
					<row2>	-1.0000 0.0000 0.0000 0.0000	</row2>
					<row3>	0.2333 0.7191 1.7539 1.0000	</row3>
				</transform>
			</node>
			<node>
				<identifier>	MP_SM009_Voice_Tube_INDEX_2	</identifier>
				<transform>
					<row0>	1.0000 0.0000 0.0000 0.0000	</row0>
					<row1>	0.0000 1.0000 0.0000 0.0000	</row1>
					<row2>	0.0000 0.0000 1.0000 0.0000	</row2>
					<row3>	-0.0398 0.7185 1.9976 1.0000	</row3>
				</transform>
			</node>
			<node>
				<identifier>	MP_SM009_Voice_Tube_INDEX_3	</identifier>
				<transform>
					<row0>	-1.0000 0.0000 0.0000 0.0000	</row0>
					<row1>	0.0000 1.0000 0.0000 0.0000	</row1>
					<row2>	0.0000 0.0000 -1.0000 0.0000	</row2>
					<row3>	0.0171 0.5707 2.1910 1.0000	</row3>
				</transform>
			</node>
			<node>
				<identifier>	MP_SM009_Voice_Tube_INDEX_4	</identifier>
				<transform>
					<row0>	1.0000 0.0000 0.0000 0.0000	</row0>
					<row1>	0.0000 1.0000 0.0000 0.0000	</row1>
					<row2>	0.0000 0.0000 1.0000 0.0000	</row2>
					<row3>	0.0432 0.7185 1.9951 1.0000	</row3>
				</transform>
			</node>
			<node>
				<identifier>	MP_SM009_Voice_Tube_INDEX_5	</identifier>
				<transform>
					<row0>	1.0000 0.0000 0.0000 0.0000	</row0>
					<row1>	0.0000 1.0000 0.0000 0.0000	</row1>
					<row2>	0.0000 0.0000 1.0000 0.0000	</row2>
					<row3>	-0.0155 0.5478 1.5679 1.0000	</row3>
				</transform>
			</node>
			<node>
				<identifier>	MP_SM009_Voice_Tube_INDEX_6	</identifier>
				<transform>
					<row0>	-1.0000 0.0000 0.0000 0.0000	</row0>
					<row1>	0.0000 1.0000 0.0000 0.0000	</row1>
					<row2>	0.0000 0.0000 -1.0000 0.0000	</row2>
					<row3>	-0.0034 1.1949 1.8468 1.0000	</row3>
				</transform>
			</node>
			<node>
				<identifier>	MP_SM009_Voice_Tube_INDEX_7	</identifier>
				<transform>
					<row0>	1.0000 0.0000 0.0000 0.0000	</row0>
					<row1>	0.0000 1.0000 0.0000 0.0000	</row1>
					<row2>	0.0000 0.0000 1.0000 0.0000	</row2>
					<row3>	0.0292 0.7185 2.0017 1.0000	</row3>
				</transform>
			</node>
			<node>
				<identifier>	MP_SM009_Voice_Tube_INDEX_8	</identifier>
				<transform>
					<row0>	-1.0000 0.0000 0.0000 0.0000	</row0>
					<row1>	0.0000 1.0000 0.0000 0.0000	</row1>
					<row2>	0.0000 0.0000 -1.0000 0.0000	</row2>
					<row3>	0.1360 0.4253 2.7812 1.0000	</row3>
				</transform>
			</node>
			<node>
				<identifier>	MP_SM009_Voice_Tube_INDEX_9	</identifier>
				<transform>
					<row0>	0.0000 0.0000 1.0000 0.0000	</row0>
					<row1>	0.0000 1.0000 0.0000 0.0000	</row1>
					<row2>	-1.0000 0.0000 0.0000 0.0000	</row2>
					<row3>	0.1969 1.0417 1.8475 1.0000	</row3>
				</transform>
			</node>
			<node>
				<identifier>	MP_SM011_Reels	</identifier>
				<transform>
					<row0>	0.9997 0.0244 0.0000 0.0000	</row0>
					<row1>	-0.0244 0.9997 0.0000 0.0000	</row1>
					<row2>	0.0000 0.0000 1.0000 0.0000	</row2>
					<row3>	-0.1876 0.3745 3.3603 1.0000	</row3>
				</transform>
			</node>
			<node>
				<identifier>	MP_SM017_Telegraph_Engine_L	</identifier>
				<transform>
					<row0>	1.0000 0.0000 0.0000 0.0000	</row0>
					<row1>	0.0000 1.0000 0.0000 0.0000	</row1>
					<row2>	0.0000 0.0000 1.0000 0.0000	</row2>
					<row3>	-0.0237 0.7172 2.1377 1.0000	</row3>
				</transform>
			</node>
			<node>
				<identifier>	MP_SM017_Telegraph_Engine_L_INDEX_1	</identifier>
				<transform>
					<row0>	0.8660 0.0000 0.5000 0.0000	</row0>
					<row1>	0.0000 1.0000 0.0000 0.0000	</row1>
					<row2>	-0.5000 0.0000 0.8660 0.0000	</row2>
					<row3>	-0.0958 0.7172 2.1172 1.0000	</row3>
				</transform>
			</node>
			<node>
				<identifier>	MP_SM023_Telegraph_Engine_R	</identifier>
				<transform>
					<row0>	0.8660 0.0000 -0.5000 0.0000	</row0>
					<row1>	0.0000 1.0000 0.0000 0.0000	</row1>
					<row2>	0.5000 0.0000 0.8660 0.0000	</row2>
					<row3>	0.0965 0.7172 2.1165 1.0000	</row3>
				</transform>
			</node>
			<node>
				<identifier>	MP_SM034_Paravane	</identifier>
				<transform>
					<row0>	0.0000 1.0000 0.0000 0.0000	</row0>
					<row1>	0.9951 0.0000 -0.0989 0.0000	</row1>
					<row2>	-0.0989 0.0000 -0.9951 0.0000	</row2>
					<row3>	0.2631 0.5002 2.0941 1.0000	</row3>
				</transform>
			</node>
			<node>
				<identifier>	MP_SM034_Paravane_INDEX_1	</identifier>
				<transform>
					<row0>	1.0000 0.0000 0.0000 0.0000	</row0>
					<row1>	0.0000 1.0000 0.0000 0.0000	</row1>
					<row2>	0.0000 0.0000 1.0000 0.0000	</row2>
					<row3>	0.4025 0.3670 1.5168 1.0000	</row3>
				</transform>
			</node>
			<node>
				<identifier>	MP_SM034_Paravane_INDEX_2	</identifier>
				<transform>
					<row0>	1.0000 0.0000 0.0000 0.0000	</row0>
					<row1>	0.0000 1.0000 0.0000 0.0000	</row1>
					<row2>	0.0000 0.0000 1.0000 0.0000	</row2>
					<row3>	-0.4025 0.3670 1.5168 1.0000	</row3>
				</transform>
			</node>
			<node>
				<identifier>	MP_SM034_Paravane_INDEX_3	</identifier>
				<transform>
					<row0>	0.0000 -1.0000 0.0000 0.0000	</row0>
					<row1>	-0.9951 0.0000 -0.0989 0.0000	</row1>
					<row2>	0.0989 0.0000 -0.9951 0.0000	</row2>
					<row3>	-0.2631 0.5002 2.0941 1.0000	</row3>
				</transform>
			</node>
			<node>
				<identifier>	MP_SM038_Helmet	</identifier>
				<transform>
					<row0>	0.0000 0.0000 -1.0000 0.0000	</row0>
					<row1>	-1.0000 0.0000 0.0000 0.0000	</row1>
					<row2>	0.0000 1.0000 0.0000 0.0000	</row2>
					<row3>	-0.1177 0.6503 2.2273 1.0000	</row3>
				</transform>
			</node>
			<node>
				<identifier>	MP_SM038_Helmet_INDEX_1	</identifier>
				<transform>
					<row0>	0.0000 0.0000 1.0000 0.0000	</row0>
					<row1>	1.0000 0.0000 0.0000 0.0000	</row1>
					<row2>	0.0000 1.0000 0.0000 0.0000	</row2>
					<row3>	0.1177 0.6503 2.2273 1.0000	</row3>
				</transform>
			</node>
			<node>
				<identifier>	MP_SM038_Helmet_INDEX_10	</identifier>
				<transform>
					<row0>	1.0000 0.0000 0.0000 0.0000	</row0>
					<row1>	0.0000 0.0845 -0.9964 0.0000	</row1>
					<row2>	0.0000 0.9964 0.0845 0.0000	</row2>
					<row3>	0.0114 0.7738 1.6998 1.0000	</row3>
				</transform>
			</node>
			<node>
				<identifier>	MP_SM038_Helmet_INDEX_11	</identifier>
				<transform>
					<row0>	1.0000 0.0000 0.0000 0.0000	</row0>
					<row1>	0.0000 0.0845 -0.9964 0.0000	</row1>
					<row2>	0.0000 0.9964 0.0845 0.0000	</row2>
					<row3>	0.0114 1.1192 1.7310 1.0000	</row3>
				</transform>
			</node>
			<node>
				<identifier>	MP_SM038_Helmet_INDEX_12	</identifier>
				<transform>
					<row0>	-0.8290 0.0000 0.5592 0.0000	</row0>
					<row1>	0.5592 0.0000 0.8290 0.0000	</row1>
					<row2>	0.0000 1.0000 0.0000 0.0000	</row2>
					<row3>	0.0686 1.2576 1.8066 1.0000	</row3>
				</transform>
			</node>
			<node>
				<identifier>	MP_SM038_Helmet_INDEX_13	</identifier>
				<transform>
					<row0>	1.0000 0.0000 0.0000 0.0000	</row0>
					<row1>	0.0000 0.0845 -0.9964 0.0000	</row1>
					<row2>	0.0000 0.9964 0.0845 0.0000	</row2>
					<row3>	-0.0079 0.7738 1.6998 1.0000	</row3>
				</transform>
			</node>
			<node>
				<identifier>	MP_SM038_Helmet_INDEX_14	</identifier>
				<transform>
					<row0>	0.0000 0.0000 1.0000 0.0000	</row0>
					<row1>	1.0000 0.0000 0.0000 0.0000	</row1>
					<row2>	0.0000 1.0000 0.0000 0.0000	</row2>
					<row3>	0.1177 0.6503 2.2102 1.0000	</row3>
				</transform>
			</node>
			<node>
				<identifier>	MP_SM038_Helmet_INDEX_15	</identifier>
				<transform>
					<row0>	-0.8290 0.0000 0.5592 0.0000	</row0>
					<row1>	0.5592 0.0000 0.8290 0.0000	</row1>
					<row2>	0.0000 1.0000 0.0000 0.0000	</row2>
					<row3>	0.0686 1.2212 1.8066 1.0000	</row3>
				</transform>
			</node>
			<node>
				<identifier>	MP_SM038_Helmet_INDEX_16	</identifier>
				<transform>
					<row0>	0.0000 0.0000 1.0000 0.0000	</row0>
					<row1>	1.0000 0.0000 0.0000 0.0000	</row1>
					<row2>	0.0000 1.0000 0.0000 0.0000	</row2>
					<row3>	0.1177 0.6320 2.2273 1.0000	</row3>
				</transform>
			</node>
			<node>
				<identifier>	MP_SM038_Helmet_INDEX_17	</identifier>
				<transform>
					<row0>	-0.8290 0.0000 0.5592 0.0000	</row0>
					<row1>	0.5592 0.0000 0.8290 0.0000	</row1>
					<row2>	0.0000 1.0000 0.0000 0.0000	</row2>
					<row3>	0.0527 1.2212 1.8173 1.0000	</row3>
				</transform>
			</node>
			<node>
				<identifier>	MP_SM038_Helmet_INDEX_18	</identifier>
				<transform>
					<row0>	0.0000 0.0000 -1.0000 0.0000	</row0>
					<row1>	-1.0000 0.0000 0.0000 0.0000	</row1>
					<row2>	0.0000 1.0000 0.0000 0.0000	</row2>
					<row3>	-0.1177 0.6503 2.2102 1.0000	</row3>
				</transform>
			</node>
			<node>
				<identifier>	MP_SM038_Helmet_INDEX_19	</identifier>
				<transform>
					<row0>	1.0000 0.0000 0.0000 0.0000	</row0>
					<row1>	0.0000 0.0845 -0.9964 0.0000	</row1>
					<row2>	0.0000 0.9964 0.0845 0.0000	</row2>
					<row3>	-0.0079 1.1010 1.7295 1.0000	</row3>
				</transform>
			</node>
			<node>
				<identifier>	MP_SM038_Helmet_INDEX_2	</identifier>
				<transform>
					<row0>	-1.0000 0.0000 0.0000 0.0000	</row0>
					<row1>	0.0000 0.0000 1.0000 0.0000	</row1>
					<row2>	0.0000 1.0000 0.0000 0.0000	</row2>
					<row3>	-0.1074 0.4899 2.7722 1.0000	</row3>
				</transform>
			</node>
			<node>
				<identifier>	MP_SM038_Helmet_INDEX_20	</identifier>
				<transform>
					<row0>	1.0000 0.0000 0.0000 0.0000	</row0>
					<row1>	0.0000 0.0845 -0.9964 0.0000	</row1>
					<row2>	0.0000 0.9964 0.0845 0.0000	</row2>
					<row3>	-0.0079 0.7557 1.6983 1.0000	</row3>
				</transform>
			</node>
			<node>
				<identifier>	MP_SM038_Helmet_INDEX_21	</identifier>
				<transform>
					<row0>	-1.0000 0.0000 0.0000 0.0000	</row0>
					<row1>	0.0000 0.0000 1.0000 0.0000	</row1>
					<row2>	0.0000 1.0000 0.0000 0.0000	</row2>
					<row3>	-0.1074 0.4535 2.7722 1.0000	</row3>
				</transform>
			</node>
			<node>
				<identifier>	MP_SM038_Helmet_INDEX_22	</identifier>
				<transform>
					<row0>	-0.8290 0.0000 0.5592 0.0000	</row0>
					<row1>	0.5592 0.0000 0.8290 0.0000	</row1>
					<row2>	0.0000 1.0000 0.0000 0.0000	</row2>
					<row3>	0.0527 1.2576 1.8173 1.0000	</row3>
				</transform>
			</node>
			<node>
				<identifier>	MP_SM038_Helmet_INDEX_23	</identifier>
				<transform>
					<row0>	1.0000 0.0000 0.0000 0.0000	</row0>
					<row1>	0.0000 0.0845 -0.9964 0.0000	</row1>
					<row2>	0.0000 0.9964 0.0845 0.0000	</row2>
					<row3>	0.0114 0.7557 1.6983 1.0000	</row3>
				</transform>
			</node>
			<node>
				<identifier>	MP_SM038_Helmet_INDEX_24	</identifier>
				<transform>
					<row0>	-0.8290 0.0000 0.5592 0.0000	</row0>
					<row1>	0.5592 0.0000 0.8290 0.0000	</row1>
					<row2>	0.0000 1.0000 0.0000 0.0000	</row2>
					<row3>	0.0527 1.2394 1.8173 1.0000	</row3>
				</transform>
			</node>
			<node>
				<identifier>	MP_SM038_Helmet_INDEX_25	</identifier>
				<transform>
					<row0>	0.0000 0.0000 1.0000 0.0000	</row0>
					<row1>	1.0000 0.0000 0.0000 0.0000	</row1>
					<row2>	0.0000 1.0000 0.0000 0.0000	</row2>
					<row3>	0.1177 0.6320 2.2102 1.0000	</row3>
				</transform>
			</node>
			<node>
				<identifier>	MP_SM038_Helmet_INDEX_26	</identifier>
				<transform>
					<row0>	0.0000 0.0000 -1.0000 0.0000	</row0>
					<row1>	-1.0000 0.0000 0.0000 0.0000	</row1>
					<row2>	0.0000 1.0000 0.0000 0.0000	</row2>
					<row3>	-0.1177 0.6136 2.2273 1.0000	</row3>
				</transform>
			</node>
			<node>
				<identifier>	MP_SM038_Helmet_INDEX_27	</identifier>
				<transform>
					<row0>	1.0000 0.0000 0.0000 0.0000	</row0>
					<row1>	0.0000 0.0845 -0.9964 0.0000	</row1>
					<row2>	0.0000 0.9964 0.0845 0.0000	</row2>
					<row3>	-0.0079 1.1192 1.7310 1.0000	</row3>
				</transform>
			</node>
			<node>
				<identifier>	MP_SM038_Helmet_INDEX_28	</identifier>
				<transform>
					<row0>	-0.8290 0.0000 0.5592 0.0000	</row0>
					<row1>	0.5592 0.0000 0.8290 0.0000	</row1>
					<row2>	0.0000 1.0000 0.0000 0.0000	</row2>
					<row3>	0.0686 1.2394 1.8066 1.0000	</row3>
				</transform>
			</node>
			<node>
				<identifier>	MP_SM038_Helmet_INDEX_29	</identifier>
				<transform>
					<row0>	0.0000 0.0000 1.0000 0.0000	</row0>
					<row1>	1.0000 0.0000 0.0000 0.0000	</row1>
					<row2>	0.0000 1.0000 0.0000 0.0000	</row2>
					<row3>	0.1177 0.6136 2.2273 1.0000	</row3>
				</transform>
			</node>
			<node>
				<identifier>	MP_SM038_Helmet_INDEX_3	</identifier>
				<transform>
					<row0>	0.0000 0.0000 -1.0000 0.0000	</row0>
					<row1>	-1.0000 0.0000 0.0000 0.0000	</row1>
					<row2>	0.0000 1.0000 0.0000 0.0000	</row2>
					<row3>	-0.1177 0.6320 2.2102 1.0000	</row3>
				</transform>
			</node>
			<node>
				<identifier>	MP_SM038_Helmet_INDEX_30	</identifier>
				<transform>
					<row0>	1.0000 0.0000 0.0000 0.0000	</row0>
					<row1>	0.0000 0.0845 -0.9964 0.0000	</row1>
					<row2>	0.0000 0.9964 0.0845 0.0000	</row2>
					<row3>	-0.0079 1.0830 1.7280 1.0000	</row3>
				</transform>
			</node>
			<node>
				<identifier>	MP_SM038_Helmet_INDEX_31	</identifier>
				<transform>
					<row0>	0.0000 0.0000 -1.0000 0.0000	</row0>
					<row1>	-1.0000 0.0000 0.0000 0.0000	</row1>
					<row2>	0.0000 1.0000 0.0000 0.0000	</row2>
					<row3>	-0.1177 0.6320 2.2273 1.0000	</row3>
				</transform>
			</node>
			<node>
				<identifier>	MP_SM038_Helmet_INDEX_32	</identifier>
				<transform>
					<row0>	1.0000 0.0000 0.0000 0.0000	</row0>
					<row1>	0.0000 0.0845 -0.9964 0.0000	</row1>
					<row2>	0.0000 0.9964 0.0845 0.0000	</row2>
					<row3>	0.0114 1.0830 1.7280 1.0000	</row3>
				</transform>
			</node>
			<node>
				<identifier>	MP_SM038_Helmet_INDEX_33	</identifier>
				<transform>
					<row0>	-1.0000 0.0000 0.0000 0.0000	</row0>
					<row1>	0.0000 0.0000 1.0000 0.0000	</row1>
					<row2>	0.0000 1.0000 0.0000 0.0000	</row2>
					<row3>	-0.0883 0.4899 2.7722 1.0000	</row3>
				</transform>
			</node>
			<node>
				<identifier>	MP_SM038_Helmet_INDEX_4	</identifier>
				<transform>
					<row0>	-1.0000 0.0000 0.0000 0.0000	</row0>
					<row1>	0.0000 0.0000 1.0000 0.0000	</row1>
					<row2>	0.0000 1.0000 0.0000 0.0000	</row2>
					<row3>	-0.0883 0.4716 2.7722 1.0000	</row3>
				</transform>
			</node>
			<node>
				<identifier>	MP_SM038_Helmet_INDEX_5	</identifier>
				<transform>
					<row0>	-1.0000 0.0000 0.0000 0.0000	</row0>
					<row1>	0.0000 0.0000 1.0000 0.0000	</row1>
					<row2>	0.0000 1.0000 0.0000 0.0000	</row2>
					<row3>	-0.1074 0.4716 2.7722 1.0000	</row3>
				</transform>
			</node>
			<node>
				<identifier>	MP_SM038_Helmet_INDEX_6	</identifier>
				<transform>
					<row0>	1.0000 0.0000 0.0000 0.0000	</row0>
					<row1>	0.0000 0.0845 -0.9964 0.0000	</row1>
					<row2>	0.0000 0.9964 0.0845 0.0000	</row2>
					<row3>	0.0114 0.7920 1.7013 1.0000	</row3>
				</transform>
			</node>
			<node>
				<identifier>	MP_SM038_Helmet_INDEX_7	</identifier>
				<transform>
					<row0>	1.0000 0.0000 0.0000 0.0000	</row0>
					<row1>	0.0000 0.0845 -0.9964 0.0000	</row1>
					<row2>	0.0000 0.9964 0.0845 0.0000	</row2>
					<row3>	-0.0079 0.7920 1.7013 1.0000	</row3>
				</transform>
			</node>
			<node>
				<identifier>	MP_SM038_Helmet_INDEX_8	</identifier>
				<transform>
					<row0>	1.0000 0.0000 0.0000 0.0000	</row0>
					<row1>	0.0000 0.0845 -0.9964 0.0000	</row1>
					<row2>	0.0000 0.9964 0.0845 0.0000	</row2>
					<row3>	0.0114 1.1010 1.7295 1.0000	</row3>
				</transform>
			</node>
			<node>
				<identifier>	MP_SM038_Helmet_INDEX_9	</identifier>
				<transform>
					<row0>	-1.0000 0.0000 0.0000 0.0000	</row0>
					<row1>	0.0000 0.0000 1.0000 0.0000	</row1>
					<row2>	0.0000 1.0000 0.0000 0.0000	</row2>
					<row3>	-0.0883 0.4535 2.7722 1.0000	</row3>
				</transform>
			</node>
			<node>
				<identifier>	MP_SM066_Reels	</identifier>
				<transform>
					<row0>	-0.0002 -0.0105 -0.8999 0.0000	</row0>
					<row1>	0.0163 0.8998 -0.0105 0.0000	</row1>
					<row2>	0.6999 -0.0127 0.0000 0.0000	</row2>
					<row3>	0.1998 0.3775 3.3619 1.0000	</row3>
				</transform>
			</node>
			<node>
				<identifier>	MP_SM067_Binoculars	</identifier>
				<transform>
					<row0>	0.0000 0.0000 1.0000 0.0000	</row0>
					<row1>	0.0000 1.0000 0.0000 0.0000	</row1>
					<row2>	-1.0000 0.0000 0.0000 0.0000	</row2>
					<row3>	-0.2873 0.7187 1.8820 1.0000	</row3>
				</transform>
			</node>
			<node>
				<identifier>	MP_SM067_Binoculars_INDEX_1	</identifier>
				<transform>
					<row0>	0.0000 0.0000 -1.0000 0.0000	</row0>
					<row1>	0.0000 1.0000 0.0000 0.0000	</row1>
					<row2>	1.0000 0.0000 0.0000 0.0000	</row2>
					<row3>	0.2873 0.7187 1.8820 1.0000	</row3>
				</transform>
			</node>
			<node>
				<identifier>	MP_SM069_Todo_Por_La_Patria_name	</identifier>
				<transform>
					<row0>	1.0000 0.0000 0.0000 0.0000	</row0>
					<row1>	0.0000 1.0000 0.0000 0.0000	</row1>
					<row2>	0.0000 0.0000 1.0000 0.0000	</row2>
					<row3>	0.0000 1.1849 1.6235 1.0000	</row3>
				</transform>
			</node>
			<node>
				<identifier>	MP_SM076_Gerb	</identifier>
				<transform>
					<row0>	1.0512 0.0000 0.0000 0.0000	</row0>
					<row1>	0.0000 1.0485 -0.0752 0.0000	</row1>
					<row2>	0.0000 0.0752 1.0485 0.0000	</row2>
					<row3>	0.0000 0.9263 2.1596 1.0000	</row3>
				</transform>
			</node>
			<node>
				<identifier>	MP_SM523_Liferaft_type_20_8ft	</identifier>
				<transform>
					<row0>	0.0617 0.0000 -1.1984 0.0000	</row0>
					<row1>	-1.1984 0.0000 -0.0617 0.0000	</row1>
					<row2>	0.0000 1.2000 0.0000 0.0000	</row2>
					<row3>	-0.2726 0.4612 2.4275 1.0000	</row3>
				</transform>
			</node>
			<node>
				<identifier>	MP_SM523_Liferaft_type_20_8ft_INDEX_1	</identifier>
				<transform>
					<row0>	0.0000 -1.2000 0.0000 0.0000	</row0>
					<row1>	0.0000 0.0000 -1.2000 0.0000	</row1>
					<row2>	1.2000 0.0000 0.0000 0.0000	</row2>
					<row3>	0.0000 0.4167 0.3916 1.0000	</row3>
				</transform>
			</node>
			<node>
				<identifier>	MP_SM523_Liferaft_type_20_8ft_INDEX_2	</identifier>
				<transform>
					<row0>	0.0000 1.2000 0.0000 0.0000	</row0>
					<row1>	0.0000 0.0000 -1.2000 0.0000	</row1>
					<row2>	-1.2000 0.0000 0.0000 0.0000	</row2>
					<row3>	0.0000 0.4180 0.8226 1.0000	</row3>
				</transform>
			</node>
			<node>
				<identifier>	MP_SM523_Liferaft_type_20_8ft_INDEX_3	</identifier>
				<transform>
					<row0>	0.0617 0.0000 1.1984 0.0000	</row0>
					<row1>	1.1984 0.0000 -0.0617 0.0000	</row1>
					<row2>	0.0000 1.2000 0.0000 0.0000	</row2>
					<row3>	0.2726 0.4612 2.4275 1.0000	</row3>
				</transform>
			</node>
			<node>
				<identifier>	MP_SM524_Liferaft_type_20_8ft_3	</identifier>
				<transform>
					<row0>	0.0000 0.0000 -1.2000 0.0000	</row0>
					<row1>	0.0000 1.2000 0.0000 0.0000	</row1>
					<row2>	1.2000 0.0000 0.0000 0.0000	</row2>
					<row3>	0.0000 0.4883 0.8842 1.0000	</row3>
				</transform>
			</node>
			<node>
				<identifier>	MP_SM525_Canot_a_moteur_7m	</identifier>
