<IAB700_CANT_Z_508.visual>
	<node>
		<identifier>	Scene Root	</identifier>
		<transform>
			<row0>	1.0000 0.0000 0.0000 0.0000	</row0>
			<row1>	0.0000 1.0000 0.0000 0.0000	</row1>
			<row2>	0.0000 0.0000 1.0000 0.0000	</row2>
			<row3>	0.0000 0.0000 0.0000 1.0000	</row3>
		</transform>
		<node>
			<identifier>	Root	</identifier>
			<transform>
				<row0>	1.0000 0.0000 0.0000 0.0000	</row0>
				<row1>	0.0000 1.0000 0.0000 0.0000	</row1>
				<row2>	0.0000 0.0000 1.0000 0.0000	</row2>
				<row3>	0.0000 0.0000 0.0000 1.0000	</row3>
			</transform>
			<node>
				<identifier>	HP_Air_bomb_1	</identifier>
				<transform>
					<row0>	1.0000 0.0000 0.0000 0.0000	</row0>
					<row1>	0.0000 1.0000 0.0000 0.0000	</row1>
					<row2>	0.0000 0.0000 1.0000 0.0000	</row2>
					<row3>	-0.2019 0.1311 0.1094 1.0000	</row3>
				</transform>
			</node>
			<node>
				<identifier>	HP_Air_bomb_2	</identifier>
				<transform>
					<row0>	1.0000 0.0000 0.0000 0.0000	</row0>
					<row1>	0.0000 1.0000 0.0000 0.0000	</row1>
					<row2>	0.0000 0.0000 1.0000 0.0000	</row2>
					<row3>	0.2019 0.1311 0.1094 1.0000	</row3>
				</transform>
			</node>
			<node>
				<identifier>	HP_Air_bomb_3	</identifier>
				<transform>
					<row0>	1.0000 0.0000 0.0000 0.0000	</row0>
					<row1>	0.0000 1.0000 0.0000 0.0000	</row1>
					<row2>	0.0000 0.0000 1.0000 0.0000	</row2>
					<row3>	-0.2019 0.1311 -0.1365 1.0000	</row3>
				</transform>
			</node>
			<node>
				<identifier>	HP_Air_bomb_4	</identifier>
				<transform>
					<row0>	1.0000 0.0000 0.0000 0.0000	</row0>
					<row1>	0.0000 1.0000 0.0000 0.0000	</row1>
					<row2>	0.0000 0.0000 1.0000 0.0000	</row2>
					<row3>	0.2019 0.1311 -0.1365 1.0000	</row3>
				</transform>
			</node>
			<node>
				<identifier>	HP_Air_bomb_5	</identifier>
				<transform>
					<row0>	1.0000 0.0000 0.0000 0.0000	</row0>
					<row1>	0.0000 1.0000 0.0000 0.0000	</row1>
					<row2>	0.0000 0.0000 1.0000 0.0000	</row2>
					<row3>	-0.2019 0.1311 -0.0119 1.0000	</row3>
				</transform>
			</node>
			<node>
				<identifier>	HP_Air_bomb_6	</identifier>
				<transform>
					<row0>	1.0000 0.0000 0.0000 0.0000	</row0>
					<row1>	0.0000 1.0000 0.0000 0.0000	</row1>
					<row2>	0.0000 0.0000 1.0000 0.0000	</row2>
					<row3>	0.2019 0.1311 -0.0119 1.0000	</row3>
				</transform>
			</node>
			<node>
				<identifier>	HP_Air_death_1	</identifier>
				<transform>
					<row0>	1.0000 0.0000 0.0000 0.0000	</row0>
					<row1>	0.0000 1.0000 0.0000 0.0000	</row1>
					<row2>	0.0000 0.0000 1.0000 0.0000	</row2>
					<row3>	0.0000 0.1496 0.0574 1.0000	</row3>
				</transform>
			</node>
			<node>
				<identifier>	HP_Air_enginelight_1	</identifier>
				<transform>
					<row0>	0.0000 0.0000 -1.0000 0.0000	</row0>
					<row1>	0.3746 0.9272 0.0000 0.0000	</row1>
					<row2>	0.9272 -0.3746 0.0000 0.0000	</row2>
					<row3>	-0.3054 0.3660 0.1667 1.0000	</row3>
				</transform>
			</node>
			<node>
				<identifier>	HP_Air_enginelight_10	</identifier>
				<transform>
					<row0>	0.0000 0.0000 1.0000 0.0000	</row0>
					<row1>	-0.3746 0.9272 0.0000 0.0000	</row1>
					<row2>	-0.9272 -0.3746 0.0000 0.0000	</row2>
					<row3>	-0.2253 0.3660 0.1475 1.0000	</row3>
				</transform>
			</node>
			<node>
				<identifier>	HP_Air_enginelight_11	</identifier>
				<transform>
					<row0>	0.0000 0.0000 1.0000 0.0000	</row0>
					<row1>	-0.3746 0.9272 0.0000 0.0000	</row1>
					<row2>	-0.9272 -0.3746 0.0000 0.0000	</row2>
					<row3>	-0.2253 0.3660 0.1571 1.0000	</row3>
				</transform>
			</node>
			<node>
				<identifier>	HP_Air_enginelight_12	</identifier>
				<transform>
					<row0>	0.0000 0.0000 1.0000 0.0000	</row0>
					<row1>	-0.3746 0.9272 0.0000 0.0000	</row1>
					<row2>	-0.9272 -0.3746 0.0000 0.0000	</row2>
					<row3>	-0.2253 0.3660 0.1667 1.0000	</row3>
				</transform>
			</node>
			<node>
				<identifier>	HP_Air_enginelight_13	</identifier>
				<transform>
					<row0>	0.0000 0.0000 -1.0000 0.0000	</row0>
					<row1>	0.3746 0.9272 0.0000 0.0000	</row1>
					<row2>	0.9272 -0.3746 0.0000 0.0000	</row2>
					<row3>	-0.0399 0.3660 0.1187 1.0000	</row3>
				</transform>
			</node>
			<node>
				<identifier>	HP_Air_enginelight_14	</identifier>
				<transform>
					<row0>	0.0000 0.0000 -1.0000 0.0000	</row0>
					<row1>	0.3746 0.9272 0.0000 0.0000	</row1>
					<row2>	0.9272 -0.3746 0.0000 0.0000	</row2>
					<row3>	-0.0399 0.3660 0.1283 1.0000	</row3>
				</transform>
			</node>
			<node>
				<identifier>	HP_Air_enginelight_15	</identifier>
				<transform>
					<row0>	0.0000 0.0000 -1.0000 0.0000	</row0>
					<row1>	0.3746 0.9272 0.0000 0.0000	</row1>
					<row2>	0.9272 -0.3746 0.0000 0.0000	</row2>
					<row3>	-0.0399 0.3660 0.1379 1.0000	</row3>
				</transform>
			</node>
			<node>
				<identifier>	HP_Air_enginelight_16	</identifier>
				<transform>
					<row0>	0.0000 0.0000 -1.0000 0.0000	</row0>
					<row1>	0.3746 0.9272 0.0000 0.0000	</row1>
					<row2>	0.9272 -0.3746 0.0000 0.0000	</row2>
					<row3>	-0.0399 0.3660 0.1475 1.0000	</row3>
				</transform>
			</node>
			<node>
				<identifier>	HP_Air_enginelight_17	</identifier>
				<transform>
					<row0>	0.0000 0.0000 -1.0000 0.0000	</row0>
					<row1>	0.3746 0.9272 0.0000 0.0000	</row1>
					<row2>	0.9272 -0.3746 0.0000 0.0000	</row2>
					<row3>	-0.0399 0.3660 0.1571 1.0000	</row3>
				</transform>
			</node>
			<node>
				<identifier>	HP_Air_enginelight_18	</identifier>
				<transform>
					<row0>	0.0000 0.0000 -1.0000 0.0000	</row0>
					<row1>	0.3746 0.9272 0.0000 0.0000	</row1>
					<row2>	0.9272 -0.3746 0.0000 0.0000	</row2>
					<row3>	-0.0399 0.3660 0.1667 1.0000	</row3>
				</transform>
			</node>
			<node>
				<identifier>	HP_Air_enginelight_19	</identifier>
				<transform>
					<row0>	0.0000 0.0000 1.0000 0.0000	</row0>
					<row1>	-0.3746 0.9272 0.0000 0.0000	</row1>
					<row2>	-0.9272 -0.3746 0.0000 0.0000	</row2>
					<row3>	0.0399 0.3660 0.1379 1.0000	</row3>
				</transform>
			</node>
			<node>
				<identifier>	HP_Air_enginelight_2	</identifier>
				<transform>
					<row0>	0.0000 0.0000 -1.0000 0.0000	</row0>
					<row1>	0.3746 0.9272 0.0000 0.0000	</row1>
					<row2>	0.9272 -0.3746 0.0000 0.0000	</row2>
					<row3>	-0.3054 0.3660 0.1571 1.0000	</row3>
				</transform>
			</node>
			<node>
				<identifier>	HP_Air_enginelight_20	</identifier>
				<transform>
					<row0>	0.0000 0.0000 1.0000 0.0000	</row0>
					<row1>	-0.3746 0.9272 0.0000 0.0000	</row1>
					<row2>	-0.9272 -0.3746 0.0000 0.0000	</row2>
					<row3>	0.0399 0.3660 0.1283 1.0000	</row3>
				</transform>
			</node>
			<node>
				<identifier>	HP_Air_enginelight_21	</identifier>
				<transform>
					<row0>	0.0000 0.0000 1.0000 0.0000	</row0>
					<row1>	-0.3746 0.9272 0.0000 0.0000	</row1>
					<row2>	-0.9272 -0.3746 0.0000 0.0000	</row2>
					<row3>	0.0399 0.3660 0.1187 1.0000	</row3>
				</transform>
			</node>
			<node>
				<identifier>	HP_Air_enginelight_22	</identifier>
				<transform>
					<row0>	0.0000 0.0000 1.0000 0.0000	</row0>
					<row1>	-0.3746 0.9272 0.0000 0.0000	</row1>
					<row2>	-0.9272 -0.3746 0.0000 0.0000	</row2>
					<row3>	0.0399 0.3660 0.1667 1.0000	</row3>
				</transform>
			</node>
			<node>
				<identifier>	HP_Air_enginelight_23	</identifier>
				<transform>
					<row0>	0.0000 0.0000 1.0000 0.0000	</row0>
					<row1>	-0.3746 0.9272 0.0000 0.0000	</row1>
					<row2>	-0.9272 -0.3746 0.0000 0.0000	</row2>
					<row3>	0.0399 0.3660 0.1475 1.0000	</row3>
				</transform>
			</node>
			<node>
				<identifier>	HP_Air_enginelight_24	</identifier>
				<transform>
					<row0>	0.0000 0.0000 1.0000 0.0000	</row0>
					<row1>	-0.3746 0.9272 0.0000 0.0000	</row1>
					<row2>	-0.9272 -0.3746 0.0000 0.0000	</row2>
					<row3>	0.0399 0.3660 0.1571 1.0000	</row3>
				</transform>
			</node>
			<node>
				<identifier>	HP_Air_enginelight_25	</identifier>
				<transform>
					<row0>	0.0000 0.0000 -1.0000 0.0000	</row0>
					<row1>	0.3746 0.9272 0.0000 0.0000	</row1>
					<row2>	0.9272 -0.3746 0.0000 0.0000	</row2>
					<row3>	0.2253 0.3660 0.1667 1.0000	</row3>
				</transform>
			</node>
			<node>
				<identifier>	HP_Air_enginelight_26	</identifier>
				<transform>
					<row0>	0.0000 0.0000 -1.0000 0.0000	</row0>
					<row1>	0.3746 0.9272 0.0000 0.0000	</row1>
					<row2>	0.9272 -0.3746 0.0000 0.0000	</row2>
					<row3>	0.2253 0.3660 0.1571 1.0000	</row3>
				</transform>
			</node>
			<node>
				<identifier>	HP_Air_enginelight_27	</identifier>
				<transform>
					<row0>	0.0000 0.0000 -1.0000 0.0000	</row0>
					<row1>	0.3746 0.9272 0.0000 0.0000	</row1>
					<row2>	0.9272 -0.3746 0.0000 0.0000	</row2>
					<row3>	0.2253 0.3660 0.1475 1.0000	</row3>
				</transform>
			</node>
			<node>
				<identifier>	HP_Air_enginelight_28	</identifier>
				<transform>
					<row0>	0.0000 0.0000 -1.0000 0.0000	</row0>
					<row1>	0.3746 0.9272 0.0000 0.0000	</row1>
					<row2>	0.9272 -0.3746 0.0000 0.0000	</row2>
					<row3>	0.2253 0.3660 0.1379 1.0000	</row3>
				</transform>
			</node>
			<node>
				<identifier>	HP_Air_enginelight_29	</identifier>
				<transform>
					<row0>	0.0000 0.0000 -1.0000 0.0000	</row0>
					<row1>	0.3746 0.9272 0.0000 0.0000	</row1>
					<row2>	0.9272 -0.3746 0.0000 0.0000	</row2>
					<row3>	0.2253 0.3660 0.1283 1.0000	</row3>
				</transform>
			</node>
			<node>
				<identifier>	HP_Air_enginelight_3	</identifier>
				<transform>
					<row0>	0.0000 0.0000 -1.0000 0.0000	</row0>
					<row1>	0.3746 0.9272 0.0000 0.0000	</row1>
					<row2>	0.9272 -0.3746 0.0000 0.0000	</row2>
					<row3>	-0.3054 0.3660 0.1475 1.0000	</row3>
				</transform>
			</node>
			<node>
				<identifier>	HP_Air_enginelight_30	</identifier>
				<transform>
					<row0>	0.0000 0.0000 -1.0000 0.0000	</row0>
					<row1>	0.3746 0.9272 0.0000 0.0000	</row1>
					<row2>	0.9272 -0.3746 0.0000 0.0000	</row2>
					<row3>	0.2253 0.3660 0.1187 1.0000	</row3>
				</transform>
			</node>
			<node>
				<identifier>	HP_Air_enginelight_31	</identifier>
				<transform>
					<row0>	0.0000 0.0000 1.0000 0.0000	</row0>
					<row1>	-0.3746 0.9272 0.0000 0.0000	</row1>
					<row2>	-0.9272 -0.3746 0.0000 0.0000	</row2>
					<row3>	0.3054 0.3657 0.1187 1.0000	</row3>
				</transform>
			</node>
			<node>
				<identifier>	HP_Air_enginelight_32	</identifier>
				<transform>
					<row0>	0.0000 0.0000 1.0000 0.0000	</row0>
					<row1>	-0.3746 0.9272 0.0000 0.0000	</row1>
					<row2>	-0.9272 -0.3746 0.0000 0.0000	</row2>
					<row3>	0.3054 0.3657 0.1667 1.0000	</row3>
				</transform>
			</node>
			<node>
				<identifier>	HP_Air_enginelight_33	</identifier>
				<transform>
					<row0>	0.0000 0.0000 1.0000 0.0000	</row0>
					<row1>	-0.3746 0.9272 0.0000 0.0000	</row1>
					<row2>	-0.9272 -0.3746 0.0000 0.0000	</row2>
					<row3>	0.3054 0.3657 0.1283 1.0000	</row3>
				</transform>
			</node>
			<node>
				<identifier>	HP_Air_enginelight_34	</identifier>
				<transform>
					<row0>	0.0000 0.0000 1.0000 0.0000	</row0>
					<row1>	-0.3746 0.9272 0.0000 0.0000	</row1>
					<row2>	-0.9272 -0.3746 0.0000 0.0000	</row2>
					<row3>	0.3054 0.3657 0.1379 1.0000	</row3>
				</transform>
			</node>
			<node>
				<identifier>	HP_Air_enginelight_35	</identifier>
				<transform>
					<row0>	0.0000 0.0000 1.0000 0.0000	</row0>
					<row1>	-0.3746 0.9272 0.0000 0.0000	</row1>
					<row2>	-0.9272 -0.3746 0.0000 0.0000	</row2>
					<row3>	0.3054 0.3657 0.1571 1.0000	</row3>
				</transform>
			</node>
			<node>
				<identifier>	HP_Air_enginelight_36	</identifier>
				<transform>
					<row0>	0.0000 0.0000 1.0000 0.0000	</row0>
					<row1>	-0.3746 0.9272 0.0000 0.0000	</row1>
					<row2>	-0.9272 -0.3746 0.0000 0.0000	</row2>
					<row3>	0.3054 0.3657 0.1475 1.0000	</row3>
				</transform>
			</node>
			<node>
				<identifier>	HP_Air_enginelight_4	</identifier>
				<transform>
					<row0>	0.0000 0.0000 -1.0000 0.0000	</row0>
					<row1>	0.3746 0.9272 0.0000 0.0000	</row1>
					<row2>	0.9272 -0.3746 0.0000 0.0000	</row2>
					<row3>	-0.3054 0.3660 0.1379 1.0000	</row3>
				</transform>
			</node>
			<node>
				<identifier>	HP_Air_enginelight_5	</identifier>
				<transform>
					<row0>	0.0000 0.0000 -1.0000 0.0000	</row0>
					<row1>	0.3746 0.9272 0.0000 0.0000	</row1>
					<row2>	0.9272 -0.3746 0.0000 0.0000	</row2>
					<row3>	-0.3054 0.3660 0.1283 1.0000	</row3>
				</transform>
			</node>
			<node>
				<identifier>	HP_Air_enginelight_6	</identifier>
				<transform>
					<row0>	0.0000 0.0000 -1.0000 0.0000	</row0>
					<row1>	0.3746 0.9272 0.0000 0.0000	</row1>
					<row2>	0.9272 -0.3746 0.0000 0.0000	</row2>
					<row3>	-0.3054 0.3660 0.1187 1.0000	</row3>
				</transform>
			</node>
			<node>
				<identifier>	HP_Air_enginelight_7	</identifier>
				<transform>
					<row0>	0.0000 0.0000 1.0000 0.0000	</row0>
					<row1>	-0.3746 0.9272 0.0000 0.0000	</row1>
					<row2>	-0.9272 -0.3746 0.0000 0.0000	</row2>
					<row3>	-0.2253 0.3660 0.1187 1.0000	</row3>
				</transform>
			</node>
			<node>
				<identifier>	HP_Air_enginelight_8	</identifier>
				<transform>
					<row0>	0.0000 0.0000 1.0000 0.0000	</row0>
					<row1>	-0.3746 0.9272 0.0000 0.0000	</row1>
					<row2>	-0.9272 -0.3746 0.0000 0.0000	</row2>
					<row3>	-0.2253 0.3660 0.1283 1.0000	</row3>
				</transform>
			</node>
			<node>
				<identifier>	HP_Air_enginelight_9	</identifier>
				<transform>
					<row0>	0.0000 0.0000 1.0000 0.0000	</row0>
					<row1>	-0.3746 0.9272 0.0000 0.0000	</row1>
					<row2>	-0.9272 -0.3746 0.0000 0.0000	</row2>
					<row3>	-0.2253 0.3660 0.1379 1.0000	</row3>
				</transform>
			</node>
			<node>
				<identifier>	HP_Air_fire_1	</identifier>
				<transform>
					<row0>	1.0000 0.0000 0.0000 0.0000	</row0>
					<row1>	0.0000 1.0000 0.0000 0.0000	</row1>
					<row2>	0.0000 0.0000 1.0000 0.0000	</row2>
					<row3>	-0.0399 0.3660 0.1667 1.0000	</row3>
				</transform>
			</node>
			<node>
				<identifier>	HP_Air_fire_2	</identifier>
				<transform>
					<row0>	1.0000 0.0000 0.0000 0.0000	</row0>
					<row1>	0.0000 1.0000 0.0000 0.0000	</row1>
					<row2>	0.0000 0.0000 1.0000 0.0000	</row2>
					<row3>	0.3054 0.3657 0.1475 1.0000	</row3>
				</transform>
			</node>
			<node>
				<identifier>	HP_Air_fire_3	</identifier>
				<transform>
					<row0>	1.0000 0.0000 0.0000 0.0000	</row0>
					<row1>	0.0000 1.0000 0.0000 0.0000	</row1>
					<row2>	0.0000 0.0000 1.0000 0.0000	</row2>
					<row3>	-0.1316 0.3632 -0.0195 1.0000	</row3>
				</transform>
			</node>
			<node>
				<identifier>	HP_Air_fire_4	</identifier>
				<transform>
					<row0>	1.0000 0.0000 0.0000 0.0000	</row0>
					<row1>	0.0000 1.0000 0.0000 0.0000	</row1>
					<row2>	0.0000 0.0000 1.0000 0.0000	</row2>
					<row3>	-0.0845 0.0873 -0.0312 1.0000	</row3>
				</transform>
			</node>
			<node>
				<identifier>	HP_Air_fire_5	</identifier>
				<transform>
					<row0>	1.0000 0.0000 0.0000 0.0000	</row0>
					<row1>	0.0000 1.0000 0.0000 0.0000	</row1>
					<row2>	0.0000 0.0000 1.0000 0.0000	</row2>
					<row3>	0.0301 0.1491 -0.2542 1.0000	</row3>
				</transform>
			</node>
			<node>
				<identifier>	HP_Air_fire_6	</identifier>
				<transform>
					<row0>	1.0000 0.0000 0.0000 0.0000	</row0>
					<row1>	0.0000 1.0000 0.0000 0.0000	</row1>
					<row2>	0.0000 0.0000 1.0000 0.0000	</row2>
					<row3>	-0.2597 0.3508 0.1677 1.0000	</row3>
				</transform>
			</node>
			<node>
				<identifier>	HP_Air_fire_7	</identifier>
				<transform>
					<row0>	1.0000 0.0000 0.0000 0.0000	</row0>
					<row1>	0.0000 1.0000 0.0000 0.0000	</row1>
					<row2>	0.0000 0.0000 1.0000 0.0000	</row2>
					<row3>	0.0000 0.0948 -0.6507 1.0000	</row3>
				</transform>
			</node>
			<node>
				<identifier>	HP_Air_fire_8	</identifier>
				<transform>
					<row0>	1.0000 0.0000 0.0000 0.0000	</row0>
					<row1>	0.0000 1.0000 0.0000 0.0000	</row1>
					<row2>	0.0000 0.0000 1.0000 0.0000	</row2>
					<row3>	0.1766 0.3491 0.0867 1.0000	</row3>
				</transform>
			</node>
			<node>
				<identifier>	HP_Air_flytrail_1	</identifier>
				<transform>
					<row0>	1.0000 0.0000 0.0000 0.0000	</row0>
					<row1>	0.0000 1.0000 0.0000 0.0000	</row1>
					<row2>	0.0000 0.0000 1.0000 0.0000	</row2>
					<row3>	-1.0006 0.3594 -0.0160 1.0000	</row3>
				</transform>
			</node>
			<node>
				<identifier>	HP_Air_flytrail_2	</identifier>
				<transform>
					<row0>	1.0000 0.0000 0.0000 0.0000	</row0>
					<row1>	0.0000 1.0000 0.0000 0.0000	</row1>
					<row2>	0.0000 0.0000 1.0000 0.0000	</row2>
					<row3>	1.0006 0.3594 -0.0160 1.0000	</row3>
				</transform>
			</node>
			<node>
				<identifier>	HP_Air_gunfire_1	</identifier>
				<transform>
					<row0>	1.0000 0.0000 0.0000 0.0000	</row0>
					<row1>	0.0000 0.9305 -0.3662 0.0000	</row1>
					<row2>	0.0000 0.3662 0.9305 0.0000	</row2>
					<row3>	0.0000 0.1816 0.6038 1.0000	</row3>
				</transform>
			</node>
			<node>
				<identifier>	HP_Air_gunfire_back_1	</identifier>
				<transform>
					<row0>	1.0000 0.0000 0.0000 0.0000	</row0>
					<row1>	0.0000 0.9321 0.3621 0.0000	</row1>
					<row2>	0.0000 -0.3621 0.9321 0.0000	</row2>
					<row3>	0.0000 0.1925 -0.3346 1.0000	</row3>
				</transform>
			</node>
			<node>
				<identifier>	HP_Air_gunfire_back_2	</identifier>
				<transform>
					<row0>	1.0000 0.0000 0.0000 0.0000	</row0>
					<row1>	0.0000 0.9549 0.2968 0.0000	</row1>
					<row2>	0.0000 -0.2968 0.9549 0.0000	</row2>
					<row3>	0.0038 0.4161 -0.0735 1.0000	</row3>
				</transform>
			</node>
			<node>
				<identifier>	HP_Air_gunfire_back_3	</identifier>
				<transform>
					<row0>	1.0000 0.0000 0.0000 0.0000	</row0>
					<row1>	0.0000 0.9549 0.2968 0.0000	</row1>
					<row2>	0.0000 -0.2968 0.9549 0.0000	</row2>
					<row3>	-0.0038 0.4161 -0.0735 1.0000	</row3>
				</transform>
			</node>
			<node>
				<identifier>	HP_Air_ricochet_1	</identifier>
				<transform>
					<row0>	1.0000 0.0000 0.0000 0.0000	</row0>
					<row1>	0.0000 1.0000 0.0000 0.0000	</row1>
					<row2>	0.0000 0.0000 1.0000 0.0000	</row2>
					<row3>	-0.0924 0.0561 0.3360 1.0000	</row3>
				</transform>
			</node>
			<node>
				<identifier>	HP_Air_ricochet_2	</identifier>
				<transform>
					<row0>	1.0000 0.0000 0.0000 0.0000	</row0>
					<row1>	0.0000 1.0000 0.0000 0.0000	</row1>
					<row2>	0.0000 0.0000 1.0000 0.0000	</row2>
					<row3>	0.0817 0.1098 0.1226 1.0000	</row3>
				</transform>
			</node>
			<node>
				<identifier>	HP_Air_ricochet_3	</identifier>
				<transform>
					<row0>	1.0000 0.0000 0.0000 0.0000	</row0>
					<row1>	0.0000 1.0000 0.0000 0.0000	</row1>
					<row2>	0.0000 0.0000 1.0000 0.0000	</row2>
					<row3>	0.2864 0.3778 0.0957 1.0000	</row3>
				</transform>
			</node>
			<node>
				<identifier>	HP_Air_ricochet_4	</identifier>
				<transform>
					<row0>	1.0000 0.0000 0.0000 0.0000	</row0>
					<row1>	0.0000 1.0000 0.0000 0.0000	</row1>
					<row2>	0.0000 0.0000 1.0000 0.0000	</row2>
					<row3>	-0.8142 0.3398 0.0511 1.0000	</row3>
				</transform>
			</node>
			<node>
				<identifier>	HP_Air_ricochet_5	</identifier>
				<transform>
					<row0>	1.0000 0.0000 0.0000 0.0000	</row0>
					<row1>	0.0000 1.0000 0.0000 0.0000	</row1>
					<row2>	0.0000 0.0000 1.0000 0.0000	</row2>
					<row3>	-0.3942 0.0303 -0.0492 1.0000	</row3>
				</transform>
			</node>
			<node>
				<identifier>	HP_Air_ricochet_6	</identifier>
				<transform>
					<row0>	1.0000 0.0000 0.0000 0.0000	</row0>
					<row1>	0.0000 1.0000 0.0000 0.0000	</row1>
					<row2>	0.0000 0.0000 1.0000 0.0000	</row2>
					<row3>	0.0408 0.0577 -0.4060 1.0000	</row3>
				</transform>
			</node>
			<node>
				<identifier>	HP_Air_ricochet_7	</identifier>
				<transform>
					<row0>	1.0000 0.0000 0.0000 0.0000	</row0>
					<row1>	0.0000 1.0000 0.0000 0.0000	</row1>
					<row2>	0.0000 0.0000 1.0000 0.0000	</row2>
					<row3>	0.2470 0.2649 -0.7421 1.0000	</row3>
				</transform>
			</node>
			<node>
				<identifier>	HP_Air_ricochet_8	</identifier>
				<transform>
					<row0>	1.0000 0.0000 0.0000 0.0000	</row0>
					<row1>	0.0000 1.0000 0.0000 0.0000	</row1>
					<row2>	0.0000 0.0000 1.0000 0.0000	</row2>
					<row3>	-0.0550 0.1489 -0.2566 1.0000	</row3>
				</transform>
			</node>
			<node>
				<identifier>	HP_gunFireBack	</identifier>
				<transform>
					<row0>	1.0000 0.0000 0.0000 0.0000	</row0>
					<row1>	0.0000 0.9321 0.3621 0.0000	</row1>
					<row2>	0.0000 -0.3621 0.9321 0.0000	</row2>
					<row3>	0.0000 0.3642 -0.2679 1.0000	</row3>
				</transform>
			</node>
			<node>
				<identifier>	Root_BlendBone	</identifier>
				<transform>
					<row0>	1.0000 0.0000 0.0000 0.0000	</row0>
					<row1>	0.0000 1.0000 0.0000 0.0000	</row1>
					<row2>	0.0000 0.0000 -1.0000 0.0000	</row2>
					<row3>	0.0000 0.0000 0.0000 1.0000	</row3>
				</transform>
			</node>
			<node>
				<identifier>	elevator_1	</identifier>
				<transform>
					<row0>	1.0000 0.0000 0.0000 0.0000	</row0>
					<row1>	0.0000 1.0000 0.0000 0.0000	</row1>
					<row2>	0.0000 0.0000 1.0000 0.0000	</row2>
					<row3>	-0.0435 0.2605 -0.7851 1.0000	</row3>
				</transform>
				<rotate>
					<min>	-25.0000 0.0000 0.0000	</min>
					<max>	25.0000 0.0000 0.0000	</max>
				</rotate>
				<node>
					<identifier>	elevator_1_BlendBone	</identifier>
					<transform>
						<row0>	1.0000 0.0000 0.0000 0.0000	</row0>
						<row1>	0.0000 1.0000 0.0000 0.0000	</row1>
						<row2>	0.0000 0.0000 -1.0000 0.0000	</row2>
						<row3>	0.0435 -0.2605 0.7851 1.0000	</row3>
					</transform>
				</node>
			</node>
			<node>
				<identifier>	l_ailerone_1	</identifier>
				<transform>
					<row0>	0.9914 -0.0566 -0.1182 0.0000	</row0>
					<row1>	0.0570 0.9984 0.0000 0.0000	</row1>
					<row2>	0.1180 -0.0067 0.9930 0.0000	</row2>
					<row3>	-0.7795 0.3295 -0.1058 1.0000	</row3>
				</transform>
				<rotate>
					<min>	-20.0000 -6.7900 -3.2700	</min>
					<max>	20.0000 -6.7900 -3.2700	</max>
				</rotate>
				<node>
					<identifier>	l_ailerone_1_BlendBone	</identifier>
					<transform>
						<row0>	0.9914 0.0570 0.1180 0.0000	</row0>
						<row1>	-0.0566 0.9984 -0.0067 0.0000	</row1>
						<row2>	0.1182 0.0000 -0.9930 0.0000	</row2>
						<row3>	0.7789 -0.2845 0.1993 1.0000	</row3>
					</transform>
				</node>
			</node>
			<node>
				<identifier>	l_flaps_1	</identifier>
				<transform>
					<row0>	1.0000 0.0000 0.0000 0.0000	</row0>
					<row1>	0.0000 1.0000 0.0000 0.0000	</row1>
					<row2>	0.0000 0.0000 1.0000 0.0000	</row2>
					<row3>	-0.5214 0.3152 -0.1271 1.0000	</row3>
				</transform>
				<rotate>
					<min>	0.0000 0.0000 0.0000	</min>
					<max>	40.0000 0.0000 0.0000	</max>
				</rotate>
				<node>
					<identifier>	l_flaps_1_BlendBone	</identifier>
					<transform>
						<row0>	1.0000 0.0000 0.0000 0.0000	</row0>
						<row1>	0.0000 1.0000 0.0000 0.0000	</row1>
						<row2>	0.0000 0.0000 -1.0000 0.0000	</row2>
						<row3>	0.5214 -0.3152 0.1271 1.0000	</row3>
					</transform>
				</node>
			</node>
			<node>
				<identifier>	r_ailerone_1	</identifier>
				<transform>
					<row0>	0.9914 0.0566 0.1182 0.0000	</row0>
					<row1>	-0.0570 0.9984 0.0000 0.0000	</row1>
					<row2>	-0.1180 -0.0067 0.9930 0.0000	</row2>
					<row3>	0.7795 0.3295 -0.1058 1.0000	</row3>
				</transform>
				<rotate>
					<min>	-20.0000 6.7900 3.2700	</min>
					<max>	20.0000 6.7900 3.2700	</max>
				</rotate>
				<node>
					<identifier>	r_ailerone_1_BlendBone	</identifier>
					<transform>
						<row0>	0.9914 -0.0570 -0.1180 0.0000	</row0>
						<row1>	0.0566 0.9984 -0.0067 0.0000	</row1>
						<row2>	-0.1182 0.0000 -0.9930 0.0000	</row2>
						<row3>	-0.7789 -0.2845 0.1993 1.0000	</row3>
					</transform>
				</node>
			</node>
			<node>
				<identifier>	r_flaps_1	</identifier>
				<transform>
					<row0>	1.0000 0.0000 0.0000 0.0000	</row0>
					<row1>	0.0000 1.0000 0.0000 0.0000	</row1>
					<row2>	0.0000 0.0000 1.0000 0.0000	</row2>
					<row3>	0.5216 0.3152 -0.1272 1.0000	</row3>
				</transform>
				<rotate>
					<min>	0.0000 0.0000 0.0000	</min>
					<max>	40.0000 0.0000 0.0000	</max>
				</rotate>
				<node>
					<identifier>	r_flaps_1_BlendBone	</identifier>
					<transform>
						<row0>	1.0000 0.0000 0.0000 0.0000	</row0>
						<row1>	0.0000 1.0000 0.0000 0.0000	</row1>
						<row2>	0.0000 0.0000 -1.0000 0.0000	</row2>
						<row3>	-0.5216 -0.3152 0.1272 1.0000	</row3>
					</transform>
				</node>
			</node>
			<node>
				<identifier>	rudder_1	</identifier>
				<transform>
					<row0>	1.0000 0.0000 0.0000 0.0000	</row0>
					<row1>	0.0000 1.0000 0.0000 0.0000	</row1>
					<row2>	0.0000 0.0000 1.0000 0.0000	</row2>
					<row3>	0.0000 0.2012 -0.7865 1.0000	</row3>
				</transform>
				<rotate>
					<min>	0.0000 -30.0000 0.0000	</min>
					<max>	0.0000 30.0000 0.0000	</max>
				</rotate>
				<node>
					<identifier>	rudder_1_BlendBone	</identifier>
					<transform>
						<row0>	1.0000 0.0000 0.0000 0.0000	</row0>
						<row1>	0.0000 1.0000 0.0000 0.0000	</row1>
						<row2>	0.0000 0.0000 -1.0000 0.0000	</row2>
						<row3>	0.0000 -0.2012 0.7865 1.0000	</row3>
					</transform>
				</node>
			</node>
		</node>
		<node>
			<identifier>	hull	</identifier>
			<transform>
				<row0>	1.0000 0.0000 0.0000 0.0000	</row0>
				<row1>	0.0000 1.0000 0.0000 0.0000	</row1>
				<row2>	0.0000 0.0000 1.0000 0.0000	</row2>
				<row3>	0.0000 0.0000 0.0000 1.0000	</row3>
			</transform>
			<node>
				<identifier>	hull_wire	</identifier>
				<transform>
					<row0>	1.0000 0.0000 0.0000 0.0000	</row0>
					<row1>	0.0000 1.0000 0.0000 0.0000	</row1>
					<row2>	0.0000 0.0000 1.0000 0.0000	</row2>
					<row3>	0.0000 0.0000 0.0000 1.0000	</row3>
				</transform>
			</node>
			<node>
				<identifier>	propeller_mod	</identifier>
				<transform>
					<row0>	1.0000 0.0000 0.0000 0.0000	</row0>
					<row1>	0.0000 1.0000 0.0000 0.0000	</row1>
					<row2>	0.0000 0.0000 1.0000 0.0000	</row2>
					<row3>	0.0000 0.3470 0.2132 1.0000	</row3>
				</transform>
				<node>
					<identifier>	disc	</identifier>
					<transform>
						<row0>	1.0000 0.0000 0.0000 0.0000	</row0>
						<row1>	0.0000 1.0000 0.0000 0.0000	</row1>
						<row2>	0.0000 0.0000 1.0000 0.0000	</row2>
						<row3>	0.0000 0.0000 0.0000 1.0000	</row3>
					</transform>
					<node>
						<identifier>	disc_cap	</identifier>
						<transform>
							<row0>	1.0000 0.0000 0.0000 0.0000	</row0>
							<row1>	0.0000 1.0000 0.0000 0.0000	</row1>
							<row2>	0.0000 0.0000 1.0000 0.0000	</row2>
							<row3>	0.0000 0.0000 0.0000 1.0000	</row3>
						</transform>
					</node>
				</node>
				<node>
					<identifier>	mod	</identifier>
					<transform>
						<row0>	1.0000 0.0000 0.0000 0.0000	</row0>
						<row1>	0.0000 1.0000 0.0000 0.0000	</row1>
						<row2>	0.0000 0.0000 1.0000 0.0000	</row2>
						<row3>	0.0000 0.0000 0.0000 1.0000	</row3>
					</transform>
				</node>
			</node>
			<node>
				<identifier>	propeller_mod_1	</identifier>
				<transform>
					<row0>	1.0000 0.0000 0.0000 0.0000	</row0>
					<row1>	0.0000 1.0000 0.0000 0.0000	</row1>
					<row2>	0.0000 0.0000 1.0000 0.0000	</row2>
					<row3>	-0.2653 0.3470 0.2132 1.0000	</row3>
				</transform>
				<node>
					<identifier>	disc_1	</identifier>
					<transform>
						<row0>	1.0000 0.0000 0.0000 0.0000	</row0>
						<row1>	0.0000 1.0000 0.0000 0.0000	</row1>
						<row2>	0.0000 0.0000 1.0000 0.0000	</row2>
						<row3>	0.0000 0.0000 0.0000 1.0000	</row3>
					</transform>
					<node>
						<identifier>	disc_cap_1	</identifier>
						<transform>
							<row0>	1.0000 0.0000 0.0000 0.0000	</row0>
							<row1>	0.0000 1.0000 0.0000 0.0000	</row1>
							<row2>	0.0000 0.0000 1.0000 0.0000	</row2>
							<row3>	0.0000 0.0000 0.0000 1.0000	</row3>
						</transform>
					</node>
				</node>
				<node>
					<identifier>	mod_1	</identifier>
					<transform>
						<row0>	1.0000 0.0000 0.0000 0.0000	</row0>
						<row1>	0.0000 1.0000 0.0000 0.0000	</row1>
						<row2>	0.0000 0.0000 1.0000 0.0000	</row2>
						<row3>	0.0000 0.0000 0.0000 1.0000	</row3>
					</transform>
				</node>
			</node>
			<node>
				<identifier>	propeller_mod_2	</identifier>
				<transform>
					<row0>	1.0000 0.0000 0.0000 0.0000	</row0>
					<row1>	0.0000 1.0000 0.0000 0.0000	</row1>
					<row2>	0.0000 0.0000 1.0000 0.0000	</row2>
					<row3>	0.2653 0.3470 0.2132 1.0000	</row3>
				</transform>
				<node>
					<identifier>	disc_2	</identifier>
					<transform>
						<row0>	1.0000 0.0000 0.0000 0.0000	</row0>
						<row1>	0.0000 1.0000 0.0000 0.0000	</row1>
						<row2>	0.0000 0.0000 1.0000 0.0000	</row2>
						<row3>	0.0000 0.0000 0.0000 1.0000	</row3>
					</transform>
					<node>
						<identifier>	disc_cap_2	</identifier>
						<transform>
							<row0>	1.0000 0.0000 0.0000 0.0000	</row0>
							<row1>	0.0000 1.0000 0.0000 0.0000	</row1>
							<row2>	0.0000 0.0000 1.0000 0.0000	</row2>
							<row3>	0.0000 0.0000 0.0000 1.0000	</row3>
						</transform>
					</node>
				</node>
				<node>
					<identifier>	mod_2	</identifier>
					<transform>
						<row0>	1.0000 0.0000 0.0000 0.0000	</row0>
						<row1>	0.0000 1.0000 0.0000 0.0000	</row1>
						<row2>	0.0000 0.0000 1.0000 0.0000	</row2>
						<row3>	0.0000 0.0000 0.0000 1.0000	</row3>
					</transform>
				</node>
			</node>
			<node>
				<identifier>	pylon_bomb_default_BlendBone	</identifier>
				<transform>
					<row0>	1.0000 0.0000 0.0000 0.0000	</row0>
					<row1>	0.0000 1.0000 0.0000 0.0000	</row1>
					<row2>	0.0000 0.0000 1.0000 0.0000	</row2>
					<row3>	0.0000 0.0000 0.0000 1.0000	</row3>
				</transform>
			</node>
		</node>
	</node>
	<renderSet>
		<treatAsWorldSpaceObject>	false	</treatAsWorldSpaceObject>
		<node>	disc	</node>
		<geometry>
			<vertices>	discShape.vertices	</vertices>
			<primitive>	discShape.indices	</primitive>
			<primitiveGroup>	0
				<material>
					<identifier>	PROPELLERMAT_propeller	</identifier>
					<mfm>	PnFMods/ModsSDK.zip/ISC607_Gorizia/aircraft/France_Disk_3Blade_02_alpha.mfm	</mfm>
				</material>
			</primitiveGroup>
		</geometry>
	</renderSet>
	<renderSet>
		<treatAsWorldSpaceObject>	false	</treatAsWorldSpaceObject>
		<node>	disc_1	</node>
		<geometry>
			<vertices>	disc_1Shape.vertices	</vertices>
			<primitive>	disc_1Shape.indices	</primitive>
			<primitiveGroup>	0
				<material>
					<identifier>	PROPELLERMAT_propeller	</identifier>
					<mfm>	PnFMods/ModsSDK.zip/ISC607_Gorizia/aircraft/France_Disk_3Blade_02_alpha.mfm	</mfm>
				</material>
			</primitiveGroup>
		</geometry>
	</renderSet>
	<renderSet>
		<treatAsWorldSpaceObject>	false	</treatAsWorldSpaceObject>
		<node>	disc_2	</node>
		<geometry>
			<vertices>	disc_2Shape.vertices	</vertices>
			<primitive>	disc_2Shape.indices	</primitive>
			<primitiveGroup>	0
				<material>
					<identifier>	PROPELLERMAT_propeller	</identifier>
					<mfm>	PnFMods/ModsSDK.zip/ISC607_Gorizia/aircraft/France_Disk_3Blade_02_alpha.mfm	</mfm>
				</material>
			</primitiveGroup>
		</geometry>
	</renderSet>
	<renderSet>
		<treatAsWorldSpaceObject>	false	</treatAsWorldSpaceObject>
		<node>	disc_cap	</node>
		<geometry>
			<vertices>	disc_capShape.vertices	</vertices>
			<primitive>	disc_capShape.indices	</primitive>
			<primitiveGroup>	0
				<material>
					<identifier>	TL2_SHIPMAT_PBS_Hull	</identifier>
					<mfm>	PnFMods/ModsSDK.zip/ISC607_Gorizia/aircraft/IAB700_CANT_Z_508.mfm	</mfm>
				</material>
			</primitiveGroup>
		</geometry>
	</renderSet>
	<renderSet>
		<treatAsWorldSpaceObject>	false	</treatAsWorldSpaceObject>
		<node>	disc_cap_1	</node>
		<geometry>
			<vertices>	disc_cap_1Shape.vertices	</vertices>
			<primitive>	disc_cap_1Shape.indices	</primitive>
			<primitiveGroup>	0
				<material>
					<identifier>	TL2_SHIPMAT_PBS_Hull	</identifier>
					<mfm>	PnFMods/ModsSDK.zip/ISC607_Gorizia/aircraft/IAB700_CANT_Z_508.mfm	</mfm>
				</material>
			</primitiveGroup>
		</geometry>
	</renderSet>
	<renderSet>
		<treatAsWorldSpaceObject>	false	</treatAsWorldSpaceObject>
		<node>	disc_cap_2	</node>
		<geometry>
			<vertices>	disc_cap_2Shape.vertices	</vertices>
			<primitive>	disc_cap_2Shape.indices	</primitive>
			<primitiveGroup>	0
				<material>
					<identifier>	TL2_SHIPMAT_PBS_Hull	</identifier>
					<mfm>	PnFMods/ModsSDK.zip/ISC607_Gorizia/aircraft/IAB700_CANT_Z_508.mfm	</mfm>
				</material>
			</primitiveGroup>
		</geometry>
	</renderSet>
	<renderSet>
		<treatAsWorldSpaceObject>	true	</treatAsWorldSpaceObject>
		<node>	Root_BlendBone	</node>
		<node>	r_flaps_1_BlendBone	</node>
		<node>	l_ailerone_1_BlendBone	</node>
		<node>	l_flaps_1_BlendBone	</node>
		<node>	rudder_1_BlendBone	</node>
		<node>	r_ailerone_1_BlendBone	</node>
		<node>	elevator_1_BlendBone	</node>
		<geometry>
			<vertices>	hullShape.vertices	</vertices>
			<primitive>	hullShape.indices	</primitive>
			<primitiveGroup>	0
				<material>
					<identifier>	TL2_SHIPMAT_PBS_Hull_skinned	</identifier>
					<mfm>	PnFMods/ModsSDK.zip/ISC607_Gorizia/aircraft/IAB700_CANT_Z_508_skinned.mfm	</mfm>
				</material>
			</primitiveGroup>
		</geometry>
	</renderSet>
	<renderSet>
		<treatAsWorldSpaceObject>	false	</treatAsWorldSpaceObject>
		<node>	hull_wire	</node>
		<geometry>
			<vertices>	hull_wireShape.vertices	</vertices>
			<primitive>	hull_wireShape.indices	</primitive>
			<primitiveGroup>	0
				<material>
					<identifier>	TL2_SHIPWIRE_PBS_Hull	</identifier>
					<mfm>	PnFMods/ModsSDK.zip/ISC607_Gorizia/aircraft/IAB700_CANT_Z_508_wire.mfm	</mfm>
				</material>
			</primitiveGroup>
		</geometry>
	</renderSet>
	<renderSet>
		<treatAsWorldSpaceObject>	false	</treatAsWorldSpaceObject>
		<node>	mod	</node>
		<geometry>
			<vertices>	modShape.vertices	</vertices>
			<primitive>	modShape.indices	</primitive>
			<primitiveGroup>	0
				<material>
					<identifier>	TL2_SHIPMAT_PBS_Hull	</identifier>
					<mfm>	PnFMods/ModsSDK.zip/ISC607_Gorizia/aircraft/IAB700_CANT_Z_508.mfm	</mfm>
				</material>
			</primitiveGroup>
		</geometry>
	</renderSet>
	<renderSet>
		<treatAsWorldSpaceObject>	false	</treatAsWorldSpaceObject>
		<node>	mod_1	</node>
		<geometry>
			<vertices>	mod_1Shape.vertices	</vertices>
			<primitive>	mod_1Shape.indices	</primitive>
			<primitiveGroup>	0
				<material>
					<identifier>	TL2_SHIPMAT_PBS_Hull	</identifier>
					<mfm>	PnFMods/ModsSDK.zip/ISC607_Gorizia/aircraft/IAB700_CANT_Z_508.mfm	</mfm>
				</material>
			</primitiveGroup>
		</geometry>
	</renderSet>
	<renderSet>
		<treatAsWorldSpaceObject>	false	</treatAsWorldSpaceObject>
		<node>	mod_2	</node>
		<geometry>
			<vertices>	mod_2Shape.vertices	</vertices>
			<primitive>	mod_2Shape.indices	</primitive>
			<primitiveGroup>	0
				<material>
					<identifier>	TL2_SHIPMAT_PBS_Hull	</identifier>
					<mfm>	PnFMods/ModsSDK.zip/ISC607_Gorizia/aircraft/IAB700_CANT_Z_508.mfm	</mfm>
				</material>
			</primitiveGroup>
		</geometry>
	</renderSet>
	<renderSet>
		<treatAsWorldSpaceObject>	false	</treatAsWorldSpaceObject>
		<node>	pylon_bomb_default_BlendBone	</node>
		<geometry>
			<vertices>	pylon_bomb_default_BlendBoneShape.vertices	</vertices>
			<primitive>	pylon_bomb_default_BlendBoneShape.indices	</primitive>
			<primitiveGroup>	0
				<material>
					<identifier>	TL2_SHIPMAT_PBS_Hull	</identifier>
					<mfm>	PnFMods/ModsSDK.zip/ISC607_Gorizia/aircraft/IAB700_CANT_Z_508.mfm	</mfm>
				</material>
			</primitiveGroup>
		</geometry>
	</renderSet>
	<boundingBox>
		<min>	-1.0006 0.0000 -0.8605	</min>
		<max>	1.0006 0.4776 0.6042	</max>
	</boundingBox>
</IAB700_CANT_Z_508.visual>
