<ZSD011_Chung_Mu_1943_MidFront_ports.visual>
	<node>
		<identifier>	Scene Root	</identifier>
		<transform>
			<row0>	1.0000 0.0000 0.0000 0.0000	</row0>
			<row1>	0.0000 1.0000 0.0000 0.0000	</row1>
			<row2>	0.0000 0.0000 1.0000 0.0000	</row2>
			<row3>	0.0000 0.0000 0.0000 1.0000	</row3>
		</transform>
		<node>
			<identifier>	MidFront_ports	</identifier>
			<transform>
				<row0>	1.0000 0.0000 0.0000 0.0000	</row0>
				<row1>	0.0000 1.0000 0.0000 0.0000	</row1>
				<row2>	0.0000 0.0000 1.0000 0.0000	</row2>
				<row3>	0.0000 0.0000 0.0000 1.0000	</row3>
			</transform>
			<node>
				<identifier>	HP_FX_Death_1	</identifier>
				<transform>
					<row0>	1.0000 0.0000 0.0000 0.0000	</row0>
					<row1>	0.0000 1.0000 0.0000 0.0000	</row1>
					<row2>	0.0000 0.0000 1.0000 0.0000	</row2>
					<row3>	0.0000 0.0000 1.8176 1.0000	</row3>
				</transform>
			</node>
			<node>
				<identifier>	HP_FX_Death_2	</identifier>
				<transform>
					<row0>	1.0000 0.0000 0.0000 0.0000	</row0>
					<row1>	0.0000 1.0000 0.0000 0.0000	</row1>
					<row2>	0.0000 0.0000 1.0000 0.0000	</row2>
					<row3>	0.0000 0.0000 0.1990 1.0000	</row3>
				</transform>
			</node>
			<node>
				<identifier>	HP_FX_Fire_2	</identifier>
				<transform>
					<row0>	1.0000 0.0000 0.0000 0.0000	</row0>
					<row1>	0.0000 1.0000 0.0000 0.0000	</row1>
					<row2>	0.0000 0.0000 1.0000 0.0000	</row2>
					<row3>	0.0000 0.7769 1.3641 1.0000	</row3>
				</transform>
			</node>
			<node>
				<identifier>	HP_FX_Fire_2_side_1	</identifier>
				<transform>
					<row0>	1.0000 0.0000 0.0000 0.0000	</row0>
					<row1>	0.0000 1.0000 0.0000 0.0000	</row1>
					<row2>	0.0000 0.0000 1.0000 0.0000	</row2>
					<row3>	-0.2881 0.4685 0.9557 1.0000	</row3>
				</transform>
			</node>
			<node>
				<identifier>	HP_FX_FloodLight_left_2	</identifier>
				<transform>
					<row0>	-1.0000 0.0000 0.0000 0.0000	</row0>
					<row1>	0.0000 1.0000 0.0000 0.0000	</row1>
					<row2>	0.0000 0.0000 -1.0000 0.0000	</row2>
					<row3>	-0.1699 0.4738 1.3993 1.0000	</row3>
				</transform>
			</node>
			<node>
				<identifier>	HP_FX_FloodLight_right_2	</identifier>
				<transform>
					<row0>	1.0000 0.0000 0.0000 0.0000	</row0>
					<row1>	0.0000 1.0000 0.0000 0.0000	</row1>
					<row2>	0.0000 0.0000 1.0000 0.0000	</row2>
					<row3>	0.1709 0.4738 1.3913 1.0000	</row3>
				</transform>
			</node>
			<node>
				<identifier>	HP_FX_Flood_steam_1	</identifier>
				<transform>
					<row0>	1.0000 0.0000 0.0000 0.0000	</row0>
					<row1>	0.0000 0.9132 -0.4075 0.0000	</row1>
					<row2>	0.0000 0.4075 0.9132 0.0000	</row2>
					<row3>	0.0100 0.7786 0.4882 1.0000	</row3>
				</transform>
			</node>
			<node>
				<identifier>	HP_FX_Flood_steam_left	</identifier>
				<transform>
					<row0>	-1.0000 0.0000 0.0000 0.0000	</row0>
					<row1>	0.0000 1.0000 0.0000 0.0000	</row1>
					<row2>	0.0000 0.0000 -1.0000 0.0000	</row2>
					<row3>	-0.1082 0.5453 0.6864 1.0000	</row3>
				</transform>
			</node>
			<node>
				<identifier>	HP_FX_Flood_water_left	</identifier>
				<transform>
					<row0>	-1.0000 0.0000 0.0000 0.0000	</row0>
					<row1>	0.0000 1.0000 0.0000 0.0000	</row1>
					<row2>	0.0000 0.0000 -1.0000 0.0000	</row2>
					<row3>	-0.3503 0.1411 1.3718 1.0000	</row3>
				</transform>
			</node>
			<node>
				<identifier>	HP_FX_Flood_water_right	</identifier>
				<transform>
					<row0>	1.0000 0.0000 0.0000 0.0000	</row0>
					<row1>	0.0000 1.0000 0.0000 0.0000	</row1>
					<row2>	0.0000 0.0000 1.0000 0.0000	</row2>
					<row3>	0.3504 0.1420 1.3722 1.0000	</row3>
				</transform>
			</node>
			<node>
				<identifier>	HP_FX_Smoke_1	</identifier>
				<transform>
					<row0>	1.0000 0.0000 0.0000 0.0000	</row0>
					<row1>	0.0000 0.9480 -0.3185 0.0000	</row1>
					<row2>	0.0000 0.3185 0.9480 0.0000	</row2>
					<row3>	0.0000 0.8691 0.6195 1.0000	</row3>
				</transform>
			</node>
			<node>
				<identifier>	HP_Flagpole	</identifier>
				<transform>
					<row0>	1.0000 0.0000 0.0000 0.0000	</row0>
					<row1>	0.0000 1.0000 0.0077 0.0000	</row1>
					<row2>	0.0000 -0.0077 1.0000 0.0000	</row2>
					<row3>	0.0000 1.8819 0.9136 1.0000	</row3>
				</transform>
			</node>
			<node>
				<identifier>	HP_ZD_1	</identifier>
				<transform>
					<row0>	0.7125 0.0000 0.7017 0.0000	</row0>
					<row1>	0.0000 1.0000 0.0000 0.0000	</row1>
					<row2>	-0.7017 0.0000 0.7125 0.0000	</row2>
					<row3>	-0.2176 0.6329 1.5695 1.0000	</row3>
				</transform>
			</node>
			<node>
				<identifier>	HP_ZD_2	</identifier>
				<transform>
					<row0>	0.7125 0.0000 -0.7017 0.0000	</row0>
					<row1>	0.0000 1.0000 0.0000 0.0000	</row1>
					<row2>	0.7017 0.0000 0.7125 0.0000	</row2>
					<row3>	0.2176 0.6329 1.5695 1.0000	</row3>
				</transform>
			</node>
			<node>
				<identifier>	HP_ZD_3	</identifier>
				<transform>
					<row0>	0.9998 0.0000 0.0189 0.0000	</row0>
					<row1>	0.0000 1.0000 0.0000 0.0000	</row1>
					<row2>	-0.0189 0.0000 0.9998 0.0000	</row2>
					<row3>	0.0000 0.7850 1.3395 1.0000	</row3>
				</transform>
			</node>
			<node>
				<identifier>	HP_ZD_4	</identifier>
				<transform>
					<row0>	0.0000 0.0000 1.0000 0.0000	</row0>
					<row1>	0.0000 1.0000 0.0000 0.0000	</row1>
					<row2>	-1.0000 0.0000 0.0000 0.0000	</row2>
					<row3>	-0.2291 0.6213 1.2144 1.0000	</row3>
				</transform>
			</node>
			<node>
				<identifier>	HP_ZD_5	</identifier>
				<transform>
					<row0>	0.0000 0.0000 -1.0000 0.0000	</row0>
					<row1>	0.0000 1.0000 0.0000 0.0000	</row1>
					<row2>	1.0000 0.0000 0.0000 0.0000	</row2>
					<row3>	0.2291 0.6213 1.2144 1.0000	</row3>
				</transform>
			</node>
			<node>
				<identifier>	HP_ZGA_1	</identifier>
				<transform>
					<row0>	0.7071 0.0000 0.7071 0.0000	</row0>
					<row1>	0.0000 1.0000 0.0000 0.0000	</row1>
					<row2>	-0.7071 0.0000 0.7071 0.0000	</row2>
					<row3>	-0.2265 0.4369 1.7513 1.0000	</row3>
				</transform>
			</node>
			<node>
				<identifier>	HP_ZGA_2	</identifier>
				<transform>
					<row0>	0.7071 0.0000 -0.7071 0.0000	</row0>
					<row1>	0.0000 1.0000 0.0000 0.0000	</row1>
					<row2>	0.7071 0.0000 0.7071 0.0000	</row2>
					<row3>	0.2265 0.4369 1.7513 1.0000	</row3>
				</transform>
			</node>
			<node>
				<identifier>	HP_ZGM_2	</identifier>
				<transform>
					<row0>	1.0000 0.0000 0.0000 0.0000	</row0>
					<row1>	0.0000 1.0000 0.0000 0.0000	</row1>
					<row2>	0.0000 0.0000 1.0000 0.0000	</row2>
					<row3>	0.0000 0.4726 2.0952 1.0000	</row3>
				</transform>
			</node>
			<node>
				<identifier>	HP_ZRS_1	</identifier>
				<transform>
					<row0>	1.0000 0.0000 0.0000 0.0000	</row0>
					<row1>	0.0000 1.0000 0.0000 0.0000	</row1>
					<row2>	0.0000 0.0000 1.0000 0.0000	</row2>
					<row3>	-0.0002 1.4557 1.1713 1.0000	</row3>
				</transform>
			</node>
			<node>
				<identifier>	HP_ZRS_2	</identifier>
				<transform>
					<row0>	1.0000 0.0000 0.0000 0.0000	</row0>
					<row1>	0.0000 1.0000 0.0000 0.0000	</row1>
					<row2>	0.0000 0.0000 1.0000 0.0000	</row2>
					<row3>	0.0000 1.7064 0.9658 1.0000	</row3>
				</transform>
			</node>
			<node>
				<identifier>	HP_flag_1	</identifier>
				<transform>
					<row0>	0.9991 0.0420 -0.0030 0.0000	</row0>
					<row1>	-0.0420 0.9890 -0.1417 0.0000	</row1>
					<row2>	-0.0030 0.1417 0.9899 0.0000	</row2>
					<row3>	0.1281 1.4246 0.9967 1.0000	</row3>
				</transform>
			</node>
			<node>
				<identifier>	HP_flag_2	</identifier>
				<transform>
					<row0>	0.9991 -0.0420 0.0030 0.0000	</row0>
					<row1>	0.0420 0.9890 -0.1417 0.0000	</row1>
					<row2>	0.0030 0.1417 0.9899 0.0000	</row2>
					<row3>	-0.1281 1.4246 0.9967 1.0000	</row3>
				</transform>
			</node>
			<node>
				<identifier>	HP_flag_3	</identifier>
				<transform>
					<row0>	0.9989 0.0457 -0.0032 0.0000	</row0>
					<row1>	-0.0457 0.9890 -0.1409 0.0000	</row1>
					<row2>	-0.0032 0.1409 0.9900 0.0000	</row2>
					<row3>	0.0609 1.4246 0.9972 1.0000	</row3>
				</transform>
			</node>
			<node>
				<identifier>	HP_flag_4	</identifier>
				<transform>
					<row0>	0.9989 -0.0457 0.0032 0.0000	</row0>
					<row1>	0.0457 0.9890 -0.1409 0.0000	</row1>
					<row2>	0.0032 0.1409 0.9900 0.0000	</row2>
					<row3>	-0.0609 1.4246 0.9972 1.0000	</row3>
				</transform>
			</node>
			<node>
				<identifier>	HP_flag_courtesy	</identifier>
				<transform>
					<row0>	0.9995 0.0303 -0.0022 0.0000	</row0>
					<row1>	-0.0303 0.9894 -0.1417 0.0000	</row1>
					<row2>	-0.0022 0.1417 0.9899 0.0000	</row2>
					<row3>	0.1621 1.4110 0.9986 1.0000	</row3>
				</transform>
			</node>
			<node>
				<identifier>	HP_flag_house	</identifier>
				<transform>
					<row0>	0.9995 -0.0303 0.0022 0.0000	</row0>
					<row1>	0.0303 0.9894 -0.1417 0.0000	</row1>
					<row2>	0.0022 0.1417 0.9899 0.0000	</row2>
					<row3>	-0.1621 1.4110 0.9986 1.0000	</row3>
				</transform>
			</node>
			<node>
				<identifier>	HP_flag_rank	</identifier>
				<transform>
					<row0>	0.9998 -0.0178 0.0014 0.0000	</row0>
					<row1>	0.0178 0.9872 -0.1583 0.0000	</row1>
					<row2>	0.0014 0.1583 0.9874 0.0000	</row2>
					<row3>	-0.0002 1.8296 0.8299 1.0000	</row3>
				</transform>
			</node>
			<node>
				<identifier>	MP_AM150_Telegraph_Engine	</identifier>
				<transform>
					<row0>	1.0000 0.0000 0.0000 0.0000	</row0>
					<row1>	0.0000 1.0000 0.0000 0.0000	</row1>
					<row2>	0.0000 0.0000 1.0000 0.0000	</row2>
					<row3>	0.0583 0.5993 1.5821 1.0000	</row3>
				</transform>
			</node>
			<node>
				<identifier>	MP_AM152_Log_Desk	</identifier>
				<transform>
					<row0>	-1.0000 0.0000 0.0000 0.0000	</row0>
					<row1>	0.0000 1.0000 0.0000 0.0000	</row1>
					<row2>	0.0000 0.0000 -1.0000 0.0000	</row2>
					<row3>	0.0634 0.6578 1.4358 1.0000	</row3>
				</transform>
			</node>
			<node>
				<identifier>	MP_AM158_Turning_Indicator	</identifier>
				<transform>
					<row0>	1.0000 0.0000 0.0000 0.0000	</row0>
					<row1>	0.0000 1.0000 0.0000 0.0000	</row1>
					<row2>	0.0000 0.0000 1.0000 0.0000	</row2>
					<row3>	-0.0583 0.5979 1.5821 1.0000	</row3>
				</transform>
			</node>
			<node>
				<identifier>	MP_AM447_Seat	</identifier>
				<transform>
					<row0>	1.0000 0.0000 0.0000 0.0000	</row0>
					<row1>	0.0000 1.0000 0.0000 0.0000	</row1>
					<row2>	0.0000 0.0000 1.0000 0.0000	</row2>
					<row3>	-0.2134 0.6265 1.4738 1.0000	</row3>
				</transform>
			</node>
			<node>
				<identifier>	MP_AM531_Stretcher	</identifier>
				<transform>
					<row0>	0.8833 0.4682 -0.0240 0.0000	</row0>
					<row1>	0.4680 -0.8836 -0.0127 0.0000	</row1>
					<row2>	-0.0272 0.0000 -0.9996 0.0000	</row2>
					<row3>	-0.3642 0.2542 0.6690 1.0000	</row3>
				</transform>
			</node>
			<node>
				<identifier>	MP_AM531_Stretcher_INDEX_1	</identifier>
				<transform>
					<row0>	-0.8466 0.5314 -0.0295 0.0000	</row0>
					<row1>	-0.5314 -0.8471 -0.0114 0.0000	</row1>
					<row2>	-0.0310 0.0060 0.9995 0.0000	</row2>
					<row3>	0.3631 0.2557 0.6690 1.0000	</row3>
				</transform>
			</node>
			<node>
				<identifier>	MP_CM011_Fire_Fighting_Gear	</identifier>
				<transform>
					<row0>	0.0000 0.0000 -1.0000 0.0000	</row0>
					<row1>	0.0000 1.0000 0.0000 0.0000	</row1>
					<row2>	1.0000 0.0000 0.0000 0.0000	</row2>
					<row3>	-0.2168 0.2143 0.6134 1.0000	</row3>
				</transform>
			</node>
			<node>
				<identifier>	MP_CM011_Fire_Fighting_Gear_INDEX_1	</identifier>
				<transform>
					<row0>	0.0000 0.0000 1.0000 0.0000	</row0>
					<row1>	0.0000 1.0000 0.0000 0.0000	</row1>
					<row2>	-1.0000 0.0000 0.0000 0.0000	</row2>
					<row3>	0.1716 0.4093 1.3262 1.0000	</row3>
				</transform>
			</node>
			<node>
				<identifier>	MP_CM011_Fire_Fighting_Gear_INDEX_2	</identifier>
				<transform>
					<row0>	-1.0000 0.0000 0.0000 0.0000	</row0>
					<row1>	0.0000 1.0000 0.0000 0.0000	</row1>
					<row2>	0.0000 0.0000 -1.0000 0.0000	</row2>
					<row3>	0.0000 0.2964 2.2611 1.0000	</row3>
				</transform>
			</node>
			<node>
				<identifier>	MP_CM011_Fire_Fighting_Gear_INDEX_3	</identifier>
				<transform>
					<row0>	0.0000 0.0000 1.0000 0.0000	</row0>
					<row1>	0.0000 1.0000 0.0000 0.0000	</row1>
					<row2>	-1.0000 0.0000 0.0000 0.0000	</row2>
					<row3>	0.2168 0.2143 0.6134 1.0000	</row3>
				</transform>
			</node>
			<node>
				<identifier>	MP_CM012_Fire_Hose_Rack_1	</identifier>
				<transform>
					<row0>	1.0000 0.0000 0.0000 0.0000	</row0>
					<row1>	0.0000 1.0000 0.0000 0.0000	</row1>
					<row2>	0.0000 0.0000 1.0000 0.0000	</row2>
					<row3>	-0.2100 0.2762 0.6001 1.0000	</row3>
				</transform>
			</node>
			<node>
				<identifier>	MP_CM012_Fire_Hose_Rack_1_INDEX_1	</identifier>
				<transform>
					<row0>	0.0000 0.0000 -1.0000 0.0000	</row0>
					<row1>	0.0000 1.0000 0.0000 0.0000	</row1>
					<row2>	1.0000 0.0000 0.0000 0.0000	</row2>
					<row3>	-0.0946 0.3535 2.2556 1.0000	</row3>
				</transform>
			</node>
			<node>
				<identifier>	MP_CM012_Fire_Hose_Rack_1_INDEX_2	</identifier>
				<transform>
					<row0>	-1.0000 0.0000 0.0000 0.0000	</row0>
					<row1>	0.0000 1.0000 0.0000 0.0000	</row1>
					<row2>	0.0000 0.0000 -1.0000 0.0000	</row2>
					<row3>	0.1657 0.5067 1.2512 1.0000	</row3>
				</transform>
			</node>
			<node>
				<identifier>	MP_CM012_Fire_Hose_Rack_1_INDEX_3	</identifier>
				<transform>
					<row0>	0.0000 0.0000 -1.0000 0.0000	</row0>
					<row1>	0.0000 1.0000 0.0000 0.0000	</row1>
					<row2>	1.0000 0.0000 0.0000 0.0000	</row2>
					<row3>	0.0000 0.3535 2.2562 1.0000	</row3>
				</transform>
			</node>
			<node>
				<identifier>	MP_CM012_Fire_Hose_Rack_1_INDEX_4	</identifier>
				<transform>
					<row0>	-1.0000 0.0000 0.0000 0.0000	</row0>
					<row1>	0.0000 1.0000 0.0000 0.0000	</row1>
					<row2>	0.0000 0.0000 -1.0000 0.0000	</row2>
					<row3>	0.1657 0.5067 1.4298 1.0000	</row3>
				</transform>
			</node>
			<node>
				<identifier>	MP_CM012_Fire_Hose_Rack_1_INDEX_5	</identifier>
				<transform>
					<row0>	-1.0000 0.0000 0.0000 0.0000	</row0>
					<row1>	0.0000 1.0000 0.0000 0.0000	</row1>
					<row2>	0.0000 0.0000 -1.0000 0.0000	</row2>
					<row3>	0.2100 0.2762 0.6001 1.0000	</row3>
				</transform>
			</node>
			<node>
				<identifier>	MP_CM014_Fuel_Oil_Hose	</identifier>
				<transform>
					<row0>	1.0000 0.0000 0.0000 0.0000	</row0>
					<row1>	0.0000 -0.9987 0.0518 0.0000	</row1>
					<row2>	0.0000 -0.0518 -0.9987 0.0000	</row2>
					<row3>	-0.2158 0.3346 0.3312 1.0000	</row3>
				</transform>
			</node>
			<node>
				<identifier>	MP_CM014_Fuel_Oil_Hose_INDEX_1	</identifier>
				<transform>
					<row0>	-1.0000 0.0000 0.0000 0.0000	</row0>
					<row1>	0.0000 -0.9985 0.0556 0.0000	</row1>
					<row2>	0.0000 0.0556 0.9985 0.0000	</row2>
					<row3>	0.2126 0.3385 0.3987 1.0000	</row3>
				</transform>
			</node>
			<node>
				<identifier>	MP_CM014_Fuel_Oil_Hose_INDEX_2	</identifier>
				<transform>
					<row0>	1.0000 0.0000 0.0000 0.0000	</row0>
					<row1>	0.0000 -1.0000 0.0000 0.0000	</row1>
					<row2>	0.0000 0.0000 -1.0000 0.0000	</row2>
					<row3>	-0.1672 0.4598 1.2741 1.0000	</row3>
				</transform>
			</node>
			<node>
				<identifier>	MP_CM014_Fuel_Oil_Hose_INDEX_3	</identifier>
				<transform>
					<row0>	-1.0000 0.0000 0.0000 0.0000	</row0>
					<row1>	0.0000 -1.0000 0.0000 0.0000	</row1>
					<row2>	0.0000 0.0000 1.0000 0.0000	</row2>
					<row3>	0.1667 0.4530 1.2741 1.0000	</row3>
				</transform>
			</node>
			<node>
				<identifier>	MP_CM018_Wood_Box_1	</identifier>
				<transform>
					<row0>	1.0000 0.0000 0.0000 0.0000	</row0>
					<row1>	0.0000 0.9990 -0.0438 0.0000	</row1>
					<row2>	0.0000 0.0438 0.9990 0.0000	</row2>
					<row3>	-0.1197 0.3816 0.7367 1.0000	</row3>
				</transform>
			</node>
			<node>
				<identifier>	MP_CM019_Wood_Box_2	</identifier>
				<transform>
					<row0>	0.0000 -0.0468 -0.9989 0.0000	</row0>
					<row1>	0.0000 0.9989 -0.0468 0.0000	</row1>
					<row2>	1.0000 0.0000 0.0000 0.0000	</row2>
					<row3>	-0.0541 0.3727 0.5382 1.0000	</row3>
				</transform>
			</node>
			<node>
				<identifier>	MP_CM029_Emergency_Box	</identifier>
				<transform>
					<row0>	0.0000 0.0000 -1.0000 0.0000	</row0>
					<row1>	0.0000 1.0000 0.0000 0.0000	</row1>
					<row2>	1.0000 0.0000 0.0000 0.0000	</row2>
					<row3>	-0.1711 0.3192 0.9903 1.0000	</row3>
				</transform>
			</node>
			<node>
				<identifier>	MP_CM029_Emergency_Box_INDEX_1	</identifier>
				<transform>
					<row0>	0.0000 0.0000 1.0000 0.0000	</row0>
					<row1>	0.0000 1.0000 0.0000 0.0000	</row1>
					<row2>	-1.0000 0.0000 0.0000 0.0000	</row2>
					<row3>	0.1673 0.6800 1.3230 1.0000	</row3>
				</transform>
			</node>
			<node>
				<identifier>	MP_CM029_Emergency_Box_INDEX_2	</identifier>
				<transform>
					<row0>	1.0000 0.0000 0.0000 0.0000	</row0>
					<row1>	0.0000 1.0000 0.0000 0.0000	</row1>
					<row2>	0.0000 0.0000 1.0000 0.0000	</row2>
					<row3>	-0.0529 0.4785 1.1813 1.0000	</row3>
				</transform>
			</node>
			<node>
				<identifier>	MP_CM029_Emergency_Box_INDEX_3	</identifier>
				<transform>
					<row0>	0.0000 0.0000 -1.0000 0.0000	</row0>
					<row1>	0.0000 1.0000 0.0000 0.0000	</row1>
					<row2>	1.0000 0.0000 0.0000 0.0000	</row2>
					<row3>	-0.1673 0.6800 1.3757 1.0000	</row3>
				</transform>
			</node>
			<node>
				<identifier>	MP_CM029_Emergency_Box_INDEX_4	</identifier>
				<transform>
					<row0>	-0.8538 0.0000 -0.5207 0.0000	</row0>
					<row1>	0.0000 1.0000 0.0000 0.0000	</row1>
					<row2>	0.5207 0.0000 -0.8538 0.0000	</row2>
					<row3>	-0.1330 0.5073 1.5964 1.0000	</row3>
				</transform>
			</node>
			<node>
				<identifier>	MP_CM052_Fender	</identifier>
				<transform>
					<row0>	0.0000 0.0000 0.5697 0.0000	</row0>
					<row1>	0.0000 0.5697 0.0000 0.0000	</row1>
					<row2>	-0.5697 0.0000 0.0000 0.0000	</row2>
					<row3>	-0.2541 0.2590 1.6489 1.0000	</row3>
				</transform>
			</node>
			<node>
				<identifier>	MP_CM052_Fender_INDEX_1	</identifier>
				<transform>
					<row0>	0.0000 0.0000 -0.5697 0.0000	</row0>
					<row1>	0.0000 0.5697 0.0000 0.0000	</row1>
					<row2>	0.5697 0.0000 0.0000 0.0000	</row2>
					<row3>	0.2552 0.2549 1.6161 1.0000	</row3>
				</transform>
			</node>
			<node>
				<identifier>	MP_CM052_Fender_INDEX_2	</identifier>
				<transform>
					<row0>	-0.5043 0.0000 -0.2651 0.0000	</row0>
					<row1>	0.0000 0.5697 0.0000 0.0000	</row1>
					<row2>	0.2651 0.0000 -0.5043 0.0000	</row2>
					<row3>	-0.3249 0.2348 1.1239 1.0000	</row3>
				</transform>
			</node>
			<node>
				<identifier>	MP_CM052_Fender_INDEX_3	</identifier>
				<transform>
					<row0>	-0.5043 0.0000 0.2651 0.0000	</row0>
					<row1>	0.0000 0.5697 0.0000 0.0000	</row1>
					<row2>	-0.2651 0.0000 -0.5043 0.0000	</row2>
					<row3>	0.3249 0.2348 1.1239 1.0000	</row3>
				</transform>
			</node>
			<node>
				<identifier>	MP_CM056_Ships_bell	</identifier>
				<transform>
					<row0>	0.8644 0.0000 0.0000 0.0000	</row0>
					<row1>	0.0000 0.8644 0.0000 0.0000	</row1>
					<row2>	0.0000 0.0000 0.8644 0.0000	</row2>
					<row3>	-0.0060 0.7527 1.0916 1.0000	</row3>
				</transform>
			</node>
			<node>
				<identifier>	MP_CM126_Cleat	</identifier>
				<transform>
					<row0>	0.8028 0.0000 0.5963 0.0000	</row0>
					<row1>	0.5963 0.0000 -0.8028 0.0000	</row1>
					<row2>	0.0000 1.0000 0.0000 0.0000	</row2>
					<row3>	-0.0273 0.4580 1.0530 1.0000	</row3>
				</transform>
			</node>
			<node>
				<identifier>	MP_CM126_Cleat_INDEX_1	</identifier>
				<transform>
					<row0>	0.9999 0.0000 -0.0125 0.0000	</row0>
					<row1>	0.0000 1.0000 -0.0029 0.0000	</row1>
					<row2>	0.0125 0.0029 0.9999 0.0000	</row2>
					<row3>	0.2065 0.3734 0.5785 1.0000	</row3>
				</transform>
			</node>
			<node>
				<identifier>	MP_CM126_Cleat_INDEX_2	</identifier>
				<transform>
					<row0>	-0.9998 0.0000 0.0183 0.0000	</row0>
					<row1>	0.0000 1.0000 0.0000 0.0000	</row1>
					<row2>	-0.0183 0.0000 -0.9998 0.0000	</row2>
					<row3>	-0.3877 0.2601 0.3192 1.0000	</row3>
				</transform>
			</node>
			<node>
				<identifier>	MP_CM126_Cleat_INDEX_3	</identifier>
				<transform>
					<row0>	-0.9998 0.0000 -0.0183 0.0000	</row0>
					<row1>	0.0000 1.0000 0.0000 0.0000	</row1>
					<row2>	0.0183 0.0000 -0.9998 0.0000	</row2>
					<row3>	0.3877 0.2601 0.3192 1.0000	</row3>
				</transform>
			</node>
			<node>
				<identifier>	MP_CM126_Cleat_INDEX_4	</identifier>
				<transform>
					<row0>	0.9999 0.0000 0.0125 0.0000	</row0>
					<row1>	0.0000 1.0000 -0.0029 0.0000	</row1>
					<row2>	-0.0125 0.0029 0.9999 0.0000	</row2>
					<row3>	-0.2065 0.3734 0.5785 1.0000	</row3>
				</transform>
			</node>
			<node>
				<identifier>	MP_ZM015_Speaker	</identifier>
				<transform>
					<row0>	1.0000 0.0000 0.0000 0.0000	</row0>
					<row1>	0.0000 1.0000 0.0000 0.0000	</row1>
					<row2>	0.0000 0.0000 1.0000 0.0000	</row2>
					<row3>	0.0853 0.7564 1.6164 1.0000	</row3>
				</transform>
			</node>
			<node>
				<identifier>	MP_ZM030_Voice_Tube	</identifier>
				<transform>
					<row0>	0.0000 0.0000 -1.0000 0.0000	</row0>
					<row1>	0.0000 1.0000 0.0000 0.0000	</row1>
					<row2>	1.0000 0.0000 0.0000 0.0000	</row2>
					<row3>	0.2958 0.5998 1.5246 1.0000	</row3>
				</transform>
			</node>
			<node>
				<identifier>	MP_ZM030_Voice_Tube_INDEX_1	</identifier>
				<transform>
					<row0>	0.0000 0.0000 -1.0000 0.0000	</row0>
					<row1>	0.0000 1.0000 0.0000 0.0000	</row1>
					<row2>	1.0000 0.0000 0.0000 0.0000	</row2>
					<row3>	0.2958 0.5998 1.4919 1.0000	</row3>
				</transform>
			</node>
			<node>
				<identifier>	MP_ZM030_Voice_Tube_INDEX_2	</identifier>
				<transform>
					<row0>	1.0000 0.0000 0.0000 0.0000	</row0>
					<row1>	0.0000 1.0000 0.0000 0.0000	</row1>
					<row2>	0.0000 0.0000 1.0000 0.0000	</row2>
					<row3>	-0.0196 0.6000 1.7054 1.0000	</row3>
				</transform>
			</node>
			<node>
				<identifier>	MP_ZM036_Wind_Direction	</identifier>
				<transform>
					<row0>	0.6438 0.0000 0.0000 0.0000	</row0>
					<row1>	0.0000 0.6438 0.0000 0.0000	</row1>
					<row2>	0.0000 0.0000 0.6438 0.0000	</row2>
					<row3>	0.0999 1.4155 0.9984 1.0000	</row3>
				</transform>
			</node>
			<node>
				<identifier>	MP_ZM037_Wind_Intensity	</identifier>
				<transform>
					<row0>	0.6438 0.0000 0.0000 0.0000	</row0>
					<row1>	0.0000 0.6438 0.0000 0.0000	</row1>
					<row2>	0.0000 0.0000 0.6438 0.0000	</row2>
					<row3>	-0.0999 1.4154 0.9984 1.0000	</row3>
				</transform>
			</node>
			<node>
				<identifier>	MP_ZM041_Filling_connection	</identifier>
				<transform>
					<row0>	0.0000 0.0000 -1.0000 0.0000	</row0>
					<row1>	0.0000 1.0000 0.0000 0.0000	</row1>
					<row2>	1.0000 0.0000 0.0000 0.0000	</row2>
					<row3>	0.3714 0.1941 0.4918 1.0000	</row3>
				</transform>
			</node>
			<node>
				<identifier>	MP_ZM041_Filling_connection_INDEX_1	</identifier>
				<transform>
					<row0>	0.0000 0.0000 -1.0000 0.0000	</row0>
					<row1>	0.0000 1.0000 0.0000 0.0000	</row1>
					<row2>	1.0000 0.0000 0.0000 0.0000	</row2>
					<row3>	-0.3714 0.1941 0.4918 1.0000	</row3>
				</transform>
			</node>
			<node>
				<identifier>	MP_ZM042_Speaker	</identifier>
				<transform>
					<row0>	0.8498 0.0000 0.0000 0.0000	</row0>
					<row1>	0.0000 0.8427 -0.1097 0.0000	</row1>
					<row2>	0.0000 0.1097 0.8427 0.0000	</row2>
					<row3>	0.0612 0.5674 1.1758 1.0000	</row3>
				</transform>
			</node>
			<node>
				<identifier>	MP_ZM053_Floater_Net_Basket_2	</identifier>
				<transform>
					<row0>	1.4000 0.0000 0.0000 0.0000	</row0>
					<row1>	0.0000 1.0000 0.0000 0.0000	</row1>
					<row2>	0.0000 0.0000 1.3131 0.0000	</row2>
					<row3>	0.0000 0.4206 2.2556 1.0000	</row3>
				</transform>
			</node>
			<node>
				<identifier>	MP_ZM503_Whaleboat_26ft	</identifier>
				<transform>
					<row0>	0.9961 0.0000 0.0879 0.0000	</row0>
					<row1>	0.0000 1.0000 0.0000 0.0000	</row1>
					<row2>	-0.0879 0.0000 0.9961 0.0000	</row2>
					<row3>	-0.2807 0.4321 0.9263 1.0000	</row3>
				</transform>
			</node>
			<node>
				<identifier>	MP_ZM503_Whaleboat_26ft_INDEX_1	</identifier>
				<transform>
					<row0>	0.9961 0.0000 -0.0879 0.0000	</row0>
					<row1>	0.0000 1.0000 0.0000 0.0000	</row1>
					<row2>	0.0879 0.0000 0.9961 0.0000	</row2>
					<row3>	0.2807 0.4321 0.9263 1.0000	</row3>
				</transform>
			</node>
			<node>
				<identifier>	MP_ZM504_Boat	</identifier>
				<transform>
					<row0>	-0.0020 -0.9992 0.0390 0.0000	</row0>
					<row1>	0.9987 0.0000 0.0513 0.0000	</row1>
					<row2>	-0.0513 0.0391 0.9979 0.0000	</row2>
					<row3>	0.3254 0.3573 1.7359 1.0000	</row3>
				</transform>
			</node>
			<node>
				<identifier>	MP_ZM504_Boat_INDEX_1	</identifier>
				<transform>
					<row0>	0.0012 0.9990 -0.0441 0.0000	</row0>
					<row1>	0.9992 0.0005 0.0394 0.0000	</row1>
					<row2>	0.0394 -0.0441 -0.9982 0.0000	</row2>
					<row3>	0.3382 0.3252 1.4655 1.0000	</row3>
				</transform>
			</node>
			<node>
				<identifier>	MP_ZM504_Boat_INDEX_2	</identifier>
				<transform>
					<row0>	0.9640 0.2595 -0.0586 0.0000	</row0>
					<row1>	-0.2618 0.9644 -0.0367 0.0000	</row1>
					<row2>	0.0470 0.0507 0.9976 0.0000	</row2>
					<row3>	-0.3010 0.3977 1.4598 1.0000	</row3>
				</transform>
			</node>
			<node>
				<identifier>	MP_ZM504_Boat_INDEX_3	</identifier>
				<transform>
					<row0>	0.9644 -0.2595 0.0506 0.0000	</row0>
					<row1>	0.2615 0.9644 -0.0388 0.0000	</row1>
					<row2>	-0.0388 0.0507 0.9980 0.0000	</row2>
					<row3>	0.3024 0.3999 1.4598 1.0000	</row3>
				</transform>
			</node>
			<node>
				<identifier>	MP_ZM504_Boat_INDEX_4	</identifier>
				<transform>
					<row0>	0.4375 -0.8989 0.0239 0.0000	</row0>
					<row1>	0.8981 0.4355 -0.0610 0.0000	</row1>
					<row2>	0.0444 0.0482 0.9978 0.0000	</row2>
					<row3>	-0.3548 0.2651 0.9241 1.0000	</row3>
				</transform>
			</node>
			<node>
				<identifier>	MP_ZM504_Boat_INDEX_5	</identifier>
				<transform>
					<row0>	0.4375 0.8989 -0.0239 0.0000	</row0>
					<row1>	-0.8981 0.4355 -0.0610 0.0000	</row1>
					<row2>	-0.0444 0.0482 0.9978 0.0000	</row2>
					<row3>	0.3548 0.2651 0.9241 1.0000	</row3>
				</transform>
			</node>
			<node>
				<identifier>	MP_ZM504_Boat_INDEX_6	</identifier>
				<transform>
					<row0>	-0.0015 0.9988 -0.0499 0.0000	</row0>
					<row1>	-0.9992 0.0005 0.0394 0.0000	</row1>
					<row2>	0.0394 0.0500 0.9980 0.0000	</row2>
					<row3>	-0.3382 0.3252 1.4655 1.0000	</row3>
				</transform>
			</node>
			<node>
				<identifier>	MP_ZM504_Boat_INDEX_7	</identifier>
				<transform>
					<row0>	-0.0020 0.9992 -0.0390 0.0000	</row0>
					<row1>	-0.9987 0.0000 0.0513 0.0000	</row1>
					<row2>	0.0513 0.0391 0.9979 0.0000	</row2>
					<row3>	-0.3254 0.3573 1.7359 1.0000	</row3>
				</transform>
			</node>
			<node>
				<identifier>	MP_ZM505_Life_Buoy	</identifier>
				<transform>
					<row0>	0.8893 0.0000 -0.4574 0.0000	</row0>
					<row1>	0.0000 1.0000 0.0000 0.0000	</row1>
					<row2>	0.4574 0.0000 0.8893 0.0000	</row2>
					<row3>	0.2354 0.6510 1.1681 1.0000	</row3>
				</transform>
			</node>
			<node>
				<identifier>	MP_ZM505_Life_Buoy_INDEX_1	</identifier>
				<transform>
					<row0>	-0.8893 0.0000 -0.4574 0.0000	</row0>
					<row1>	0.0000 1.0000 0.0000 0.0000	</row1>
					<row2>	0.4574 0.0000 -0.8893 0.0000	</row2>
					<row3>	-0.2354 0.6510 1.1681 1.0000	</row3>
				</transform>
			</node>
			<node>
				<identifier>	MP_ZM601_Turtles_box	</identifier>
				<transform>
					<row0>	1.0000 0.0000 0.0000 0.0000	</row0>
					<row1>	0.0000 1.0000 0.0000 0.0000	</row1>
					<row2>	0.0000 0.0000 1.0000 0.0000	</row2>
					<row3>	0.1802 0.4453 1.9042 1.0000	</row3>
				</transform>
			</node>
			<node>
				<identifier>	MP_ZM601_Turtles_box_INDEX_1	</identifier>
				<transform>
					<row0>	1.0000 0.0000 0.0000 0.0000	</row0>
					<row1>	0.0000 1.0000 0.0000 0.0000	</row1>
					<row2>	0.0000 0.0000 1.0000 0.0000	</row2>
					<row3>	-0.1802 0.4453 1.9042 1.0000	</row3>
				</transform>
			</node>
			<node>
				<identifier>	MP_ZM604_Voice_Tube	</identifier>
				<transform>
					<row0>	0.7071 0.0000 -0.7071 0.0000	</row0>
					<row1>	0.0000 1.0000 0.0000 0.0000	</row1>
					<row2>	0.7071 0.0000 0.7071 0.0000	</row2>
					<row3>	0.1106 0.5991 1.5713 1.0000	</row3>
				</transform>
			</node>
			<node>
				<identifier>	MP_ZM604_Voice_Tube_INDEX_1	</identifier>
				<transform>
					<row0>	0.7071 0.0000 -0.7071 0.0000	</row0>
					<row1>	0.0000 1.0000 0.0000 0.0000	</row1>
					<row2>	0.7071 0.0000 0.7071 0.0000	</row2>
					<row3>	0.0979 0.5991 1.5841 1.0000	</row3>
				</transform>
			</node>
			<node>
				<identifier>	MP_ZM615_Insulator	</identifier>
				<transform>
					<row0>	0.7232 0.0000 0.0000 0.0000	</row0>
					<row1>	0.0000 0.0000 -0.7232 0.0000	</row1>
					<row2>	0.0000 0.7232 0.0000 0.0000	</row2>
					<row3>	-0.0384 0.5812 1.0391 1.0000	</row3>
				</transform>
			</node>
			<node>
				<identifier>	MP_ZM615_Insulator_INDEX_1	</identifier>
				<transform>
					<row0>	0.7232 0.0000 0.0000 0.0000	</row0>
					<row1>	0.0000 0.0000 -0.7232 0.0000	</row1>
					<row2>	0.0000 0.7232 0.0000 0.0000	</row2>
					<row3>	-0.0625 0.5812 1.0391 1.0000	</row3>
				</transform>
			</node>
			<node>
				<identifier>	MP_ZM617_Pelorus_Mk7	</identifier>
				<transform>
					<row0>	1.0000 0.0000 0.0000 0.0000	</row0>
					<row1>	0.0000 1.0000 0.0000 0.0000	</row1>
					<row2>	0.0000 0.0000 1.0000 0.0000	</row2>
					<row3>	0.2717 0.6192 1.5085 1.0000	</row3>
				</transform>
			</node>
			<node>
				<identifier>	MP_ZM617_Pelorus_Mk7_INDEX_1	</identifier>
				<transform>
					<row0>	1.0000 0.0000 0.0000 0.0000	</row0>
					<row1>	0.0000 1.0000 0.0000 0.0000	</row1>
					<row2>	0.0000 0.0000 1.0000 0.0000	</row2>
					<row3>	-0.2717 0.6192 1.5085 1.0000	</row3>
				</transform>
			</node>
			<node>
				<identifier>	MP_ZM618_Sky_Lookout	</identifier>
				<transform>
					<row0>	0.2301 0.0000 0.9732 0.0000	</row0>
					<row1>	0.0000 1.0000 0.0000 0.0000	</row1>
					<row2>	-0.9732 0.0000 0.2301 0.0000	</row2>
					<row3>	-0.1071 0.7503 1.5533 1.0000	</row3>
				</transform>
			</node>
			<node>
				<identifier>	MP_ZM618_Sky_Lookout_INDEX_1	</identifier>
				<transform>
					<row0>	0.2301 0.0000 -0.9732 0.0000	</row0>
					<row1>	0.0000 1.0000 0.0000 0.0000	</row1>
					<row2>	0.9732 0.0000 0.2301 0.0000	</row2>
					<row3>	0.1071 0.7503 1.5533 1.0000	</row3>
				</transform>
			</node>
			<node>
				<identifier>	MP_ZM619_Reel	</identifier>
				<transform>
					<row0>	-0.6596 -0.0076 0.3808 0.0000	</row0>
					<row1>	-0.0066 0.7616 0.0038 0.0000	</row1>
					<row2>	-0.3808 0.0000 -0.6596 0.0000	</row2>
					<row3>	-0.0852 0.2948 2.3098 1.0000	</row3>
				</transform>
			</node>
			<node>
				<identifier>	MP_ZM624_Binoculars_Bridge	</identifier>
				<transform>
					<row0>	1.0587 0.0000 0.0000 0.0000	</row0>
					<row1>	0.0000 1.0587 0.0000 0.0000	</row1>
					<row2>	0.0000 0.0000 1.0587 0.0000	</row2>
					<row3>	-0.0492 0.5993 1.6932 1.0000	</row3>
				</transform>
			</node>
			<node>
				<identifier>	MP_ZM626_Compass_Binnacle	</identifier>
				<transform>
					<row0>	1.0000 0.0000 0.0000 0.0000	</row0>
					<row1>	0.0000 1.0000 0.0000 0.0000	</row1>
					<row2>	0.0000 0.0000 1.0000 0.0000	</row2>
					<row3>	0.0000 0.5996 1.5898 1.0000	</row3>
				</transform>
			</node>
			<node>
				<identifier>	MP_ZM879_Signal_Lamp	</identifier>
				<transform>
					<row0>	0.7276 0.0000 0.0799 0.0000	</row0>
					<row1>	0.0000 0.7320 0.0000 0.0000	</row1>
					<row2>	-0.0799 0.0000 0.7276 0.0000	</row2>
					<row3>	0.0000 1.8916 0.9168 1.0000	</row3>
				</transform>
			</node>
			<node>
				<identifier>	MP_ZM879_Signal_Lamp_INDEX_1	</identifier>
				<transform>
					<row0>	0.6170 0.0000 0.0000 0.0000	</row0>
					<row1>	0.0000 0.6170 0.0000 0.0000	</row1>
					<row2>	0.0000 0.0000 0.6170 0.0000	</row2>
					<row3>	-0.0253 1.7050 0.9614 1.0000	</row3>
				</transform>
			</node>
			<node>
				<identifier>	MP_ZM879_Signal_Lamp_INDEX_2	</identifier>
				<transform>
					<row0>	1.0000 0.0000 0.0000 0.0000	</row0>
					<row1>	0.0000 1.0000 0.0000 0.0000	</row1>
					<row2>	0.0000 0.0000 1.0000 0.0000	</row2>
					<row3>	-0.1614 1.4158 0.9984 1.0000	</row3>
				</transform>
			</node>
			<node>
				<identifier>	MP_ZM879_Signal_Lamp_INDEX_3	</identifier>
				<transform>
					<row0>	1.0000 0.0000 0.0000 0.0000	</row0>
					<row1>	0.0000 1.0000 0.0000 0.0000	</row1>
					<row2>	0.0000 0.0000 1.0000 0.0000	</row2>
					<row3>	0.1614 1.4158 0.9984 1.0000	</row3>
				</transform>
			</node>
			<node>
				<identifier>	MP_ZM879_Signal_Lamp_INDEX_4	</identifier>
				<transform>
					<row0>	0.6170 0.0000 0.0000 0.0000	</row0>
					<row1>	0.0000 0.6170 0.0000 0.0000	</row1>
					<row2>	0.0000 0.0000 0.6170 0.0000	</row2>
					<row3>	0.0253 1.7050 0.9614 1.0000	</row3>
				</transform>
			</node>
			<node>
				<identifier>	MP_ZM882_Fighting_Light	</identifier>
				<transform>
					<row0>	-0.9994 0.0000 -0.0349 0.0000	</row0>
					<row1>	0.0000 1.0000 0.0000 0.0000	</row1>
					<row2>	0.0349 0.0000 -0.9994 0.0000	</row2>
					<row3>	0.2571 0.6241 1.2214 1.0000	</row3>
				</transform>
			</node>
			<node>
				<identifier>	MP_ZM882_Fighting_Light_INDEX_1	</identifier>
				<transform>
					<row0>	0.9986 0.0000 -0.0523 0.0000	</row0>
					<row1>	0.0000 1.0000 0.0000 0.0000	</row1>
					<row2>	0.0523 0.0000 0.9986 0.0000	</row2>
					<row3>	-0.2567 0.6241 1.2214 1.0000	</row3>
				</transform>
			</node>
			<node>
				<identifier>	MP_ZM972_Boat_Winch	</identifier>
				<transform>
					<row0>	0.6938 0.0000 0.0000 0.0000	</row0>
					<row1>	0.0000 0.6938 0.0000 0.0000	</row1>
					<row2>	0.0000 0.0000 0.6938 0.0000	</row2>
					<row3>	-0.2983 0.1986 0.3319 1.0000	</row3>
				</transform>
			</node>
			<node>
				<identifier>	SP_YMS011_YHWL_M_1_INDEX_1	</identifier>
				<transform>
					<row0>	0.7703 0.1896 -0.1032 0.0000	</row0>
					<row1>	-0.1877 0.7772 0.0273 0.0000	</row1>
					<row2>	0.1067 -0.0020 0.7928 0.0000	</row2>
					<row3>	-0.2496 0.0000 2.1170 1.0000	</row3>
				</transform>
			</node>
			<node>
				<identifier>	SP_YMS011_YHWL_M_1_INDEX_2	</identifier>
				<transform>
					<row0>	0.7745 0.1895 -0.0655 0.0000	</row0>
					<row1>	-0.1891 0.7772 0.0129 0.0000	</row1>
					<row2>	0.0667 0.0030 0.7972 0.0000	</row2>
					<row3>	-0.3221 0.0000 1.4504 1.0000	</row3>
				</transform>
			</node>
			<node>
				<identifier>	SP_YMS011_YHWL_M_1_INDEX_3	</identifier>
				<transform>
					<row0>	0.7894 0.1233 -0.0414 0.0000	</row0>
					<row1>	-0.1231 0.7904 0.0065 0.0000	</row1>
					<row2>	0.0419 0.0000 0.7989 0.0000	</row2>
					<row3>	-0.3680 0.0000 0.7802 1.0000	</row3>
				</transform>
			</node>
			<node>
				<identifier>	SP_YMS012_YHWR_M_1_INDEX_1	</identifier>
				<transform>
					<row0>	0.7703 -0.1896 0.1032 0.0000	</row0>
					<row1>	0.1877 0.7772 0.0273 0.0000	</row1>
					<row2>	-0.1067 -0.0020 0.7928 0.0000	</row2>
					<row3>	0.2496 0.0000 2.1170 1.0000	</row3>
				</transform>
			</node>
			<node>
				<identifier>	SP_YMS012_YHWR_M_1_INDEX_2	</identifier>
				<transform>
					<row0>	0.7745 -0.1895 0.0655 0.0000	</row0>
					<row1>	0.1891 0.7772 0.0129 0.0000	</row1>
					<row2>	-0.0667 0.0030 0.7972 0.0000	</row2>
					<row3>	0.3221 0.0000 1.4504 1.0000	</row3>
				</transform>
			</node>
			<node>
				<identifier>	SP_YMS012_YHWR_M_1_INDEX_3	</identifier>
				<transform>
					<row0>	0.7894 -0.1233 0.0414 0.0000	</row0>
					<row1>	0.1231 0.7904 0.0065 0.0000	</row1>
					<row2>	-0.0419 0.0000 0.7989 0.0000	</row2>
					<row3>	0.3680 0.0000 0.7802 1.0000	</row3>
				</transform>
			</node>
			<node>
				<identifier>	SP_YMS021_YHUC_S_1	</identifier>
				<transform>
					<row0>	-0.2863 0.7115 0.0007 0.0000	</row0>
					<row1>	-0.7106 -0.2860 0.0377 0.0000	</row1>
					<row2>	0.0352 0.0134 0.7660 0.0000	</row2>
					<row3>	-0.3577 -0.1136 0.4616 1.0000	</row3>
				</transform>
			</node>
			<node>
				<identifier>	SP_YMS021_YHUC_S_1_INDEX_1	</identifier>
				<transform>
					<row0>	-0.2863 -0.7115 -0.0007 0.0000	</row0>
					<row1>	0.7106 -0.2860 0.0377 0.0000	</row1>
					<row2>	-0.0352 0.0134 0.7660 0.0000	</row2>
					<row3>	0.3577 -0.1136 0.4616 1.0000	</row3>
				</transform>
			</node>
			<node>
				<identifier>	SP_YMS022_YHUS_L_1_INDEX_2	</identifier>
				<transform>
					<row0>	-0.0558 -0.0025 -0.6219 0.0000	</row0>
					<row1>	-0.3527 0.5145 0.0296 0.0000	</row1>
					<row2>	0.5123 0.3539 -0.0474 0.0000	</row2>
					<row3>	-0.1373 -0.2273 2.0342 1.0000	</row3>
				</transform>
			</node>
			<node>
				<identifier>	SP_YMS022_YHUS_L_1_INDEX_3	</identifier>
				<transform>
					<row0>	-0.0558 0.0025 0.6219 0.0000	</row0>
					<row1>	0.3527 0.5145 0.0296 0.0000	</row1>
					<row2>	-0.5123 0.3539 -0.0474 0.0000	</row2>
					<row3>	0.1373 -0.2273 2.0342 1.0000	</row3>
				</transform>
			</node>
			<node>
				<identifier>	SP_YMS041_YHCS_M_1	</identifier>
				<transform>
					<row0>	-0.9258 0.0000 -0.0801 0.0000	</row0>
					<row1>	0.0000 0.9293 0.0000 0.0000	</row1>
					<row2>	0.0801 0.0000 -0.9258 0.0000	</row2>
					<row3>	-0.2798 0.4727 0.9447 1.0000	</row3>
				</transform>
			</node>
			<node>
				<identifier>	SP_YMS041_YHCS_M_1_INDEX_1	</identifier>
				<transform>
					<row0>	-0.9258 0.0000 0.0801 0.0000	</row0>
					<row1>	0.0000 0.9293 0.0000 0.0000	</row1>
					<row2>	-0.0801 0.0000 -0.9258 0.0000	</row2>
					<row3>	0.2798 0.4727 0.9447 1.0000	</row3>
				</transform>
			</node>
			<node>
				<identifier>	SP_YMS042_YHPL_L_1	</identifier>
				<transform>
					<row0>	-0.9991 0.0000 0.0000 0.0000	</row0>
					<row1>	0.0000 0.9902 -0.1333 0.0000	</row1>
					<row2>	0.0000 -0.1333 -0.9902 0.0000	</row2>
					<row3>	0.0141 0.8874 0.5899 1.0000	</row3>
				</transform>
			</node>
			<node>
				<identifier>	SP_YMS043_YHPR_L_1	</identifier>
				<transform>
					<row0>	-0.9991 0.0000 0.0000 0.0000	</row0>
					<row1>	0.0000 0.9902 -0.1333 0.0000	</row1>
					<row2>	0.0000 -0.1333 -0.9902 0.0000	</row2>
					<row3>	-0.0141 0.8874 0.5899 1.0000	</row3>
				</transform>
			</node>
			<node>
				<identifier>	SP_YMS050_YHDC_M_1	</identifier>
				<transform>
					<row0>	0.0000 -0.0363 -0.7268 0.0000	</row0>
					<row1>	-0.0663 0.7238 -0.0362 0.0000	</row1>
					<row2>	0.7247 0.0662 -0.0033 0.0000	</row2>
					<row3>	-0.2070 0.2101 0.5574 1.0000	</row3>
				</transform>
			</node>
			<node>
				<identifier>	SP_YMS050_YHDC_M_1_INDEX_1	</identifier>
				<transform>
					<row0>	0.0000 0.0363 0.7268 0.0000	</row0>
					<row1>	0.0663 0.7238 -0.0362 0.0000	</row1>
					<row2>	-0.7247 0.0662 -0.0033 0.0000	</row2>
					<row3>	0.2070 0.2101 0.5574 1.0000	</row3>
				</transform>
			</node>
			<node>
				<identifier>	SP_YMS063_YHGQ_S_1	</identifier>
				<transform>
					<row0>	-0.1350 0.0000 -0.9566 0.0000	</row0>
					<row1>	0.0000 0.9660 0.0000 0.0000	</row1>
					<row2>	0.9566 0.0000 -0.1350 0.0000	</row2>
					<row3>	-0.1959 0.5215 1.7470 1.0000	</row3>
				</transform>
			</node>
			<node>
				<identifier>	SP_YMS063_YHGQ_S_1_INDEX_1	</identifier>
				<transform>
					<row0>	-0.1350 0.0000 0.9566 0.0000	</row0>
					<row1>	0.0000 0.9660 0.0000 0.0000	</row1>
					<row2>	-0.9566 0.0000 -0.1350 0.0000	</row2>
					<row3>	0.1959 0.5215 1.7470 1.0000	</row3>
				</transform>
			</node>
			<node>
				<identifier>	SP_YMS083_YHSC_L_1_INDEX_2	</identifier>
				<transform>
					<row0>	-0.0353 -0.0257 -0.5010 0.0000	</row0>
					<row1>	-0.1199 0.4881 -0.0166 0.0000	</row1>
					<row2>	0.4871 0.1183 -0.0404 0.0000	</row2>
					<row3>	-0.3192 0.2514 2.0266 1.0000	</row3>
				</transform>
			</node>
			<node>
				<identifier>	SP_YMS083_YHSC_L_1_INDEX_3	</identifier>
				<transform>
					<row0>	-0.0353 0.0257 0.5010 0.0000	</row0>
					<row1>	0.1199 0.4881 -0.0166 0.0000	</row1>
					<row2>	-0.4871 0.1183 -0.0404 0.0000	</row2>
					<row3>	0.3192 0.2514 2.0266 1.0000	</row3>
				</transform>
			</node>
			<node>
				<identifier>	SP_YMS085_YHSC_S_1	</identifier>
				<transform>
					<row0>	-0.0245 -0.0276 -0.6171 0.0000	</row0>
					<row1>	-0.0007 0.6176 -0.0276 0.0000	</row1>
					<row2>	0.6177 -0.0004 -0.0245 0.0000	</row2>
					<row3>	-0.3615 0.1869 1.0433 1.0000	</row3>
				</transform>
			</node>
			<node>
				<identifier>	SP_YMS085_YHSC_S_1_INDEX_1	</identifier>
				<transform>
					<row0>	-0.0245 0.0276 0.6171 0.0000	</row0>
					<row1>	0.0007 0.6176 -0.0276 0.0000	</row1>
