<ASB012_North_Carolina_1945_Bow_ports.visual>
	<node>
		<identifier>	Scene Root	</identifier>
		<transform>
			<row0>	1.0000 0.0000 0.0000 0.0000	</row0>
			<row1>	0.0000 1.0000 0.0000 0.0000	</row1>
			<row2>	0.0000 0.0000 1.0000 0.0000	</row2>
			<row3>	0.0000 0.0000 0.0000 1.0000	</row3>
		</transform>
		<node>
			<identifier>	Bow_ports	</identifier>
			<transform>
				<row0>	1.0000 0.0000 0.0000 0.0000	</row0>
				<row1>	0.0000 1.0000 0.0000 0.0000	</row1>
				<row2>	0.0000 0.0000 1.0000 0.0000	</row2>
				<row3>	0.0000 0.0000 0.0000 1.0000	</row3>
			</transform>
			<node>
				<identifier>	HP_AGA_1	</identifier>
				<transform>
					<row0>	0.7071 0.0000 0.7071 0.0000	</row0>
					<row1>	0.0000 1.0000 0.0000 0.0000	</row1>
					<row2>	-0.7071 0.0000 0.7071 0.0000	</row2>
					<row3>	-0.1020 0.5919 7.4253 1.0000	</row3>
				</transform>
			</node>
			<node>
				<identifier>	HP_AGA_10	</identifier>
				<transform>
					<row0>	0.0000 0.0000 -1.0000 0.0000	</row0>
					<row1>	0.0000 1.0000 0.0000 0.0000	</row1>
					<row2>	1.0000 0.0000 0.0000 0.0000	</row2>
					<row3>	0.3790 0.5067 5.8202 1.0000	</row3>
				</transform>
			</node>
			<node>
				<identifier>	HP_AGA_11	</identifier>
				<transform>
					<row0>	0.0000 0.0000 1.0000 0.0000	</row0>
					<row1>	0.0000 1.0000 0.0000 0.0000	</row1>
					<row2>	-1.0000 0.0000 0.0000 0.0000	</row2>
					<row3>	-0.4012 0.4952 5.6099 1.0000	</row3>
				</transform>
			</node>
			<node>
				<identifier>	HP_AGA_12	</identifier>
				<transform>
					<row0>	0.0000 0.0000 -1.0000 0.0000	</row0>
					<row1>	0.0000 1.0000 0.0000 0.0000	</row1>
					<row2>	1.0000 0.0000 0.0000 0.0000	</row2>
					<row3>	0.4012 0.4952 5.6099 1.0000	</row3>
				</transform>
			</node>
			<node>
				<identifier>	HP_AGA_13	</identifier>
				<transform>
					<row0>	0.0000 0.0000 1.0000 0.0000	</row0>
					<row1>	0.0000 1.0000 0.0000 0.0000	</row1>
					<row2>	-1.0000 0.0000 0.0000 0.0000	</row2>
					<row3>	-0.4207 0.4836 5.3940 1.0000	</row3>
				</transform>
			</node>
			<node>
				<identifier>	HP_AGA_14	</identifier>
				<transform>
					<row0>	0.0000 0.0000 -1.0000 0.0000	</row0>
					<row1>	0.0000 1.0000 0.0000 0.0000	</row1>
					<row2>	1.0000 0.0000 0.0000 0.0000	</row2>
					<row3>	0.4207 0.4836 5.3940 1.0000	</row3>
				</transform>
			</node>
			<node>
				<identifier>	HP_AGA_2	</identifier>
				<transform>
					<row0>	0.7071 0.0000 -0.7071 0.0000	</row0>
					<row1>	0.0000 1.0000 0.0000 0.0000	</row1>
					<row2>	0.7071 0.0000 0.7071 0.0000	</row2>
					<row3>	0.1020 0.5919 7.4253 1.0000	</row3>
				</transform>
			</node>
			<node>
				<identifier>	HP_AGA_3	</identifier>
				<transform>
					<row0>	0.7071 0.0000 0.7071 0.0000	</row0>
					<row1>	0.0000 1.0000 0.0000 0.0000	</row1>
					<row2>	-0.7071 0.0000 0.7071 0.0000	</row2>
					<row3>	-0.1941 0.5784 7.1776 1.0000	</row3>
				</transform>
			</node>
			<node>
				<identifier>	HP_AGA_4	</identifier>
				<transform>
					<row0>	0.7071 0.0000 -0.7071 0.0000	</row0>
					<row1>	0.0000 1.0000 0.0000 0.0000	</row1>
					<row2>	0.7071 0.0000 0.7071 0.0000	</row2>
					<row3>	0.1941 0.5784 7.1776 1.0000	</row3>
				</transform>
			</node>
			<node>
				<identifier>	HP_AGA_5	</identifier>
				<transform>
					<row0>	0.0000 0.0000 1.0000 0.0000	</row0>
					<row1>	0.0000 1.0000 0.0000 0.0000	</row1>
					<row2>	-1.0000 0.0000 0.0000 0.0000	</row2>
					<row3>	-0.3260 0.5269 6.2364 1.0000	</row3>
				</transform>
			</node>
			<node>
				<identifier>	HP_AGA_6	</identifier>
				<transform>
					<row0>	0.0000 0.0000 -1.0000 0.0000	</row0>
					<row1>	0.0000 1.0000 0.0000 0.0000	</row1>
					<row2>	1.0000 0.0000 0.0000 0.0000	</row2>
					<row3>	0.3263 0.5269 6.2364 1.0000	</row3>
				</transform>
			</node>
			<node>
				<identifier>	HP_AGA_7	</identifier>
				<transform>
					<row0>	0.0000 0.0000 1.0000 0.0000	</row0>
					<row1>	0.0000 1.0000 0.0000 0.0000	</row1>
					<row2>	-1.0000 0.0000 0.0000 0.0000	</row2>
					<row3>	-0.3510 0.5165 6.0247 1.0000	</row3>
				</transform>
			</node>
			<node>
				<identifier>	HP_AGA_8	</identifier>
				<transform>
					<row0>	0.0000 0.0000 -1.0000 0.0000	</row0>
					<row1>	0.0000 1.0000 0.0000 0.0000	</row1>
					<row2>	1.0000 0.0000 0.0000 0.0000	</row2>
					<row3>	0.3510 0.5165 6.0247 1.0000	</row3>
				</transform>
			</node>
			<node>
				<identifier>	HP_AGA_9	</identifier>
				<transform>
					<row0>	0.0000 0.0000 1.0000 0.0000	</row0>
					<row1>	0.0000 1.0000 0.0000 0.0000	</row1>
					<row2>	-1.0000 0.0000 0.0000 0.0000	</row2>
					<row3>	-0.3790 0.5067 5.8202 1.0000	</row3>
				</transform>
			</node>
			<node>
				<identifier>	HP_AGM_1	</identifier>
				<transform>
					<row0>	1.0000 0.0000 0.0000 0.0000	</row0>
					<row1>	0.0000 1.0000 0.0000 0.0000	</row1>
					<row2>	0.0000 0.0000 1.0000 0.0000	</row2>
					<row3>	0.0000 0.4888 3.8271 1.0000	</row3>
				</transform>
			</node>
			<node>
				<identifier>	HP_FX_Death_1	</identifier>
				<transform>
					<row0>	1.0000 0.0000 0.0000 0.0000	</row0>
					<row1>	0.0000 1.0000 0.0000 0.0000	</row1>
					<row2>	0.0000 0.0000 1.0000 0.0000	</row2>
					<row3>	0.0000 0.0000 3.4809 1.0000	</row3>
				</transform>
			</node>
			<node>
				<identifier>	HP_FX_Fire_1	</identifier>
				<transform>
					<row0>	1.0000 0.0000 0.0000 0.0000	</row0>
					<row1>	0.0000 1.0000 0.0000 0.0000	</row1>
					<row2>	0.0000 0.0000 1.0000 0.0000	</row2>
					<row3>	0.0000 0.5299 5.3847 1.0000	</row3>
				</transform>
			</node>
			<node>
				<identifier>	HP_FX_Flood_steam_left	</identifier>
				<transform>
					<row0>	-0.9961 0.0000 0.0882 0.0000	</row0>
					<row1>	0.0000 1.0000 0.0000 0.0000	</row1>
					<row2>	-0.0882 0.0000 -0.9961 0.0000	</row2>
					<row3>	-0.6704 0.4066 4.7586 1.0000	</row3>
				</transform>
			</node>
			<node>
				<identifier>	HP_FX_Flood_water_left	</identifier>
				<transform>
					<row0>	-0.9745 0.0000 0.2243 0.0000	</row0>
					<row1>	0.0000 1.0000 0.0000 0.0000	</row1>
					<row2>	-0.2243 0.0000 -0.9745 0.0000	</row2>
					<row3>	-0.7746 0.0312 3.7365 1.0000	</row3>
				</transform>
			</node>
			<node>
				<identifier>	HP_FX_Flood_water_right	</identifier>
				<transform>
					<row0>	0.9758 0.0000 0.2186 0.0000	</row0>
					<row1>	0.0000 1.0000 0.0000 0.0000	</row1>
					<row2>	-0.2186 0.0000 0.9758 0.0000	</row2>
					<row3>	0.7703 0.0416 3.7450 1.0000	</row3>
				</transform>
			</node>
			<node>
				<identifier>	HP_FX_WakeTrace	</identifier>
				<transform>
					<row0>	1.0000 0.0000 0.0000 0.0000	</row0>
					<row1>	0.0000 1.0000 0.0000 0.0000	</row1>
					<row2>	0.0000 0.0000 1.0000 0.0000	</row2>
					<row3>	0.0000 0.0000 7.5145 1.0000	</row3>
				</transform>
			</node>
			<node>
				<identifier>	HP_Ship_death_1	</identifier>
				<transform>
					<row0>	1.0000 0.0000 0.0000 0.0000	</row0>
					<row1>	0.0000 1.0000 0.0000 0.0000	</row1>
					<row2>	0.0000 0.0000 1.0000 0.0000	</row2>
					<row3>	0.0000 0.0000 3.2452 1.0000	</row3>
				</transform>
			</node>
			<node>
				<identifier>	MP_AM005_Bollard_1	</identifier>
				<transform>
					<row0>	2.3751 0.0000 -0.2921 0.0000	</row0>
					<row1>	-0.0057 2.0175 -0.0462 0.0000	</row1>
					<row2>	0.2920 0.0552 2.3745 0.0000	</row2>
					<row3>	-0.7250 0.4278 3.8439 1.0000	</row3>
				</transform>
			</node>
			<node>
				<identifier>	MP_AM005_Bollard_1_INDEX_1	</identifier>
				<transform>
					<row0>	2.3754 0.0000 -0.2894 0.0000	</row0>
					<row1>	-0.0095 2.0165 -0.0778 0.0000	</row1>
					<row2>	0.2892 0.0930 2.3736 0.0000	</row2>
					<row3>	-0.3506 0.5482 6.6162 1.0000	</row3>
				</transform>
			</node>
			<node>
				<identifier>	MP_AM005_Bollard_1_INDEX_2	</identifier>
				<transform>
					<row0>	2.3715 0.0000 0.3202 0.0000	</row0>
					<row1>	0.0098 2.0167 -0.0728 0.0000	</row1>
					<row2>	-0.3200 0.0871 2.3699 0.0000	</row2>
					<row3>	0.5466 0.4738 5.2065 1.0000	</row3>
				</transform>
			</node>
			<node>
				<identifier>	MP_AM005_Bollard_1_INDEX_3	</identifier>
				<transform>
					<row0>	2.3715 0.0000 -0.3202 0.0000	</row0>
					<row1>	-0.0098 2.0167 -0.0728 0.0000	</row1>
					<row2>	0.3200 0.0871 2.3699 0.0000	</row2>
					<row3>	-0.5466 0.4738 5.2065 1.0000	</row3>
				</transform>
			</node>
			<node>
				<identifier>	MP_AM005_Bollard_1_INDEX_4	</identifier>
				<transform>
					<row0>	2.3754 0.0000 0.2894 0.0000	</row0>
					<row1>	0.0095 2.0165 -0.0778 0.0000	</row1>
					<row2>	-0.2892 0.0930 2.3736 0.0000	</row2>
					<row3>	0.3506 0.5482 6.6162 1.0000	</row3>
				</transform>
			</node>
			<node>
				<identifier>	MP_AM005_Bollard_1_INDEX_5	</identifier>
				<transform>
					<row0>	2.3751 0.0000 0.2921 0.0000	</row0>
					<row1>	0.0057 2.0175 -0.0462 0.0000	</row1>
					<row2>	-0.2920 0.0552 2.3745 0.0000	</row2>
					<row3>	0.7250 0.4278 3.8439 1.0000	</row3>
				</transform>
			</node>
			<node>
				<identifier>	MP_AM019_Ventilators_1	</identifier>
				<transform>
					<row0>	1.4000 0.0000 0.0000 0.0000	</row0>
					<row1>	0.0000 1.0000 0.0000 0.0000	</row1>
					<row2>	0.0000 0.0000 1.4000 0.0000	</row2>
					<row3>	-0.2274 0.4492 4.4921 1.0000	</row3>
				</transform>
			</node>
			<node>
				<identifier>	MP_AM019_Ventilators_1_INDEX_1	</identifier>
				<transform>
					<row0>	1.4000 0.0000 0.0000 0.0000	</row0>
					<row1>	0.0000 1.0000 0.0000 0.0000	</row1>
					<row2>	0.0000 0.0000 1.4000 0.0000	</row2>
					<row3>	0.2274 0.4492 4.4921 1.0000	</row3>
				</transform>
			</node>
			<node>
				<identifier>	MP_AM021_Ventilators_3	</identifier>
				<transform>
					<row0>	1.0000 0.0000 0.0000 0.0000	</row0>
					<row1>	0.0000 1.0000 0.0000 0.0000	</row1>
					<row2>	0.0000 0.0000 1.0000 0.0000	</row2>
					<row3>	-0.0370 0.5492 6.7693 1.0000	</row3>
				</transform>
			</node>
			<node>
				<identifier>	MP_AM023_Hatch_1	</identifier>
				<transform>
					<row0>	0.0000 0.0710 1.2836 0.0000	</row0>
					<row1>	0.0000 1.2836 -0.0710 0.0000	</row1>
					<row2>	-1.2855 0.0000 0.0000 0.0000	</row2>
					<row3>	-0.0323 0.5775 7.1413 1.0000	</row3>
				</transform>
			</node>
			<node>
				<identifier>	MP_AM024_Hatch_2	</identifier>
				<transform>
					<row0>	1.1739 0.0000 0.0000 0.0000	</row0>
					<row1>	0.0000 1.0273 -0.0643 0.0000	</row1>
					<row2>	0.0000 0.0734 1.1716 0.0000	</row2>
					<row3>	-0.0324 0.5475 6.6185 1.0000	</row3>
				</transform>
			</node>
			<node>
				<identifier>	MP_AM024_Hatch_2_INDEX_1	</identifier>
				<transform>
					<row0>	1.1238 0.0000 0.0000 0.0000	</row0>
					<row1>	0.0000 1.1222 -0.0591 0.0000	</row1>
					<row2>	0.0000 0.0591 1.1222 0.0000	</row2>
					<row3>	0.1550 0.4897 5.4889 1.0000	</row3>
				</transform>
			</node>
			<node>
				<identifier>	MP_AM026_Break_Handwheel_1	</identifier>
				<transform>
					<row0>	1.2600 0.0000 0.0000 0.0000	</row0>
					<row1>	0.0000 1.2600 0.0000 0.0000	</row1>
					<row2>	0.0000 0.0000 1.2600 0.0000	</row2>
					<row3>	-0.2432 0.4696 4.9535 1.0000	</row3>
				</transform>
			</node>
			<node>
				<identifier>	MP_AM026_Break_Handwheel_1_INDEX_1	</identifier>
				<transform>
					<row0>	1.2600 0.0000 0.0000 0.0000	</row0>
					<row1>	0.0000 1.2600 0.0000 0.0000	</row1>
					<row2>	0.0000 0.0000 1.2600 0.0000	</row2>
					<row3>	0.2686 0.4718 5.0228 1.0000	</row3>
				</transform>
			</node>
			<node>
				<identifier>	MP_AM026_Break_Handwheel_1_INDEX_2	</identifier>
				<transform>
					<row0>	1.2600 0.0000 0.0000 0.0000	</row0>
					<row1>	0.0000 1.2600 0.0000 0.0000	</row1>
					<row2>	0.0000 0.0000 1.2600 0.0000	</row2>
					<row3>	0.2432 0.4697 4.9535 1.0000	</row3>
				</transform>
			</node>
			<node>
				<identifier>	MP_AM026_Break_Handwheel_1_INDEX_3	</identifier>
				<transform>
					<row0>	1.2600 0.0000 0.0000 0.0000	</row0>
					<row1>	0.0000 1.2600 0.0000 0.0000	</row1>
					<row2>	0.0000 0.0000 1.2600 0.0000	</row2>
					<row3>	-0.2686 0.4718 5.0228 1.0000	</row3>
				</transform>
			</node>
			<node>
				<identifier>	MP_AM027_Ammunition_Box1	</identifier>
				<transform>
					<row0>	1.2088 0.0000 0.0000 0.0000	</row0>
					<row1>	0.0000 1.2088 0.0000 0.0000	</row1>
					<row2>	0.0000 0.0000 1.2088 0.0000	</row2>
					<row3>	0.3144 0.4216 3.5282 1.0000	</row3>
				</transform>
			</node>
			<node>
				<identifier>	MP_AM027_Ammunition_Box1_INDEX_1	</identifier>
				<transform>
					<row0>	1.2090 0.0000 0.0000 0.0000	</row0>
					<row1>	0.0000 1.2090 0.0000 0.0000	</row1>
					<row2>	0.0000 0.0000 1.2090 0.0000	</row2>
					<row3>	-0.3144 0.4215 3.5282 1.0000	</row3>
				</transform>
			</node>
			<node>
				<identifier>	MP_AM027_Ammunition_Box1_INDEX_2	</identifier>
				<transform>
					<row0>	1.0000 0.0000 0.0000 0.0000	</row0>
					<row1>	0.0000 0.9984 -0.0566 0.0000	</row1>
					<row2>	0.0000 0.0566 0.9984 0.0000	</row2>
					<row3>	0.1577 0.5708 7.0105 1.0000	</row3>
				</transform>
			</node>
			<node>
				<identifier>	MP_AM027_Ammunition_Box1_INDEX_3	</identifier>
				<transform>
					<row0>	1.0000 0.0000 0.0000 0.0000	</row0>
					<row1>	0.0000 0.9984 -0.0566 0.0000	</row1>
					<row2>	0.0000 0.0566 0.9984 0.0000	</row2>
					<row3>	-0.1576 0.5708 7.0105 1.0000	</row3>
				</transform>
			</node>
			<node>
				<identifier>	MP_AM027_Ammunition_Box1_INDEX_4	</identifier>
				<transform>
					<row0>	0.0000 0.0000 1.2058 0.0000	</row0>
					<row1>	0.0000 1.2470 0.0000 0.0000	</row1>
					<row2>	-1.2475 0.0000 0.0000 0.0000	</row2>
					<row3>	0.1036 0.4567 4.6708 1.0000	</row3>
				</transform>
			</node>
			<node>
				<identifier>	MP_AM027_Ammunition_Box1_INDEX_5	</identifier>
				<transform>
					<row0>	0.0000 0.0000 1.2060 0.0000	</row0>
					<row1>	0.0000 1.2470 0.0000 0.0000	</row1>
					<row2>	-1.2480 0.0000 0.0000 0.0000	</row2>
					<row3>	-0.1027 0.4567 4.6737 1.0000	</row3>
				</transform>
			</node>
			<node>
				<identifier>	MP_AM030_Ammunition_Box4	</identifier>
				<transform>
					<row0>	0.9992 0.0000 0.0400 0.0000	</row0>
					<row1>	0.0016 0.9992 -0.0401 0.0000	</row1>
					<row2>	-0.0400 0.0401 0.9984 0.0000	</row2>
					<row3>	0.4272 0.4897 5.5231 1.0000	</row3>
				</transform>
			</node>
			<node>
				<identifier>	MP_AM030_Ammunition_Box4_INDEX_1	</identifier>
				<transform>
					<row0>	0.9992 0.0000 0.0400 0.0000	</row0>
					<row1>	0.0016 0.9992 -0.0401 0.0000	</row1>
					<row2>	-0.0400 0.0401 0.9984 0.0000	</row2>
					<row3>	0.3824 0.5127 5.9395 1.0000	</row3>
				</transform>
			</node>
			<node>
				<identifier>	MP_AM030_Ammunition_Box4_INDEX_2	</identifier>
				<transform>
					<row0>	0.9992 0.0000 0.0400 0.0000	</row0>
					<row1>	0.0024 0.9981 -0.0610 0.0000	</row1>
					<row2>	-0.0400 0.0610 0.9973 0.0000	</row2>
					<row3>	0.3562 0.5220 6.1504 1.0000	</row3>
				</transform>
			</node>
			<node>
				<identifier>	MP_AM030_Ammunition_Box4_INDEX_3	</identifier>
				<transform>
					<row0>	0.9992 0.0000 0.0400 0.0000	</row0>
					<row1>	0.0016 0.9992 -0.0401 0.0000	</row1>
					<row2>	-0.0400 0.0401 0.9984 0.0000	</row2>
					<row3>	-0.4272 0.4897 5.5231 1.0000	</row3>
				</transform>
			</node>
			<node>
				<identifier>	MP_AM030_Ammunition_Box4_INDEX_4	</identifier>
				<transform>
					<row0>	0.9829 0.0000 0.1843 0.0000	</row0>
					<row1>	0.0000 1.0000 0.0000 0.0000	</row1>
					<row2>	-0.1843 0.0000 0.9829 0.0000	</row2>
					<row3>	0.1689 0.5855 7.3174 1.0000	</row3>
				</transform>
			</node>
			<node>
				<identifier>	MP_AM030_Ammunition_Box4_INDEX_5	</identifier>
				<transform>
					<row0>	0.9992 0.0000 -0.0400 0.0000	</row0>
					<row1>	-0.0024 0.9981 -0.0610 0.0000	</row1>
					<row2>	0.0400 0.0610 0.9973 0.0000	</row2>
					<row3>	-0.3562 0.5220 6.1504 1.0000	</row3>
				</transform>
			</node>
			<node>
				<identifier>	MP_AM030_Ammunition_Box4_INDEX_6	</identifier>
				<transform>
					<row0>	0.9829 0.0000 -0.1843 0.0000	</row0>
					<row1>	0.0000 1.0000 0.0000 0.0000	</row1>
					<row2>	0.1843 0.0000 0.9829 0.0000	</row2>
					<row3>	-0.1689 0.5855 7.3175 1.0000	</row3>
				</transform>
			</node>
			<node>
				<identifier>	MP_AM030_Ammunition_Box4_INDEX_7	</identifier>
				<transform>
					<row0>	0.9992 0.0000 -0.0400 0.0000	</row0>
					<row1>	-0.0017 0.9990 -0.0436 0.0000	</row1>
					<row2>	0.0400 0.0436 0.9982 0.0000	</row2>
					<row3>	-0.4036 0.5012 5.7408 1.0000	</row3>
				</transform>
			</node>
			<node>
				<identifier>	MP_AM030_Ammunition_Box4_INDEX_8	</identifier>
				<transform>
					<row0>	0.9992 0.0000 -0.0400 0.0000	</row0>
					<row1>	-0.0016 0.9992 -0.0401 0.0000	</row1>
					<row2>	0.0400 0.0401 0.9984 0.0000	</row2>
					<row3>	-0.3824 0.5127 5.9395 1.0000	</row3>
				</transform>
			</node>
			<node>
				<identifier>	MP_AM030_Ammunition_Box4_INDEX_9	</identifier>
				<transform>
					<row0>	0.9992 0.0000 0.0400 0.0000	</row0>
					<row1>	0.0017 0.9990 -0.0436 0.0000	</row1>
					<row2>	-0.0400 0.0436 0.9982 0.0000	</row2>
					<row3>	0.4036 0.5012 5.7408 1.0000	</row3>
				</transform>
			</node>
			<node>
				<identifier>	MP_AM049_Signal_Lamp_1	</identifier>
				<transform>
					<row0>	2.1687 0.0000 0.0000 0.0000	</row0>
					<row1>	0.0000 2.1687 0.0000 0.0000	</row1>
					<row2>	0.0000 0.0000 2.1687 0.0000	</row2>
					<row3>	-0.0002 1.0031 7.6625 1.0000	</row3>
				</transform>
			</node>
			<node>
				<identifier>	MP_AM068_Hatch_3	</identifier>
				<transform>
					<row0>	1.4180 0.0000 0.0000 0.0000	</row0>
					<row1>	0.0000 1.4171 -0.0511 0.0000	</row1>
					<row2>	0.0000 0.0511 1.4171 0.0000	</row2>
					<row3>	0.3216 0.4663 4.8880 1.0000	</row3>
				</transform>
			</node>
			<node>
				<identifier>	MP_AM068_Hatch_3_INDEX_1	</identifier>
				<transform>
					<row0>	1.4183 0.0000 0.0000 0.0000	</row0>
					<row1>	0.0000 1.4174 -0.0512 0.0000	</row1>
					<row2>	0.0000 0.0512 1.4174 0.0000	</row2>
					<row3>	-0.3216 0.4663 4.8880 1.0000	</row3>
				</transform>
			</node>
			<node>
				<identifier>	MP_AM077_Paravane	</identifier>
				<transform>
					<row0>	0.7043 0.0000 0.7099 0.0000	</row0>
					<row1>	0.0000 1.0000 0.0000 0.0000	</row1>
					<row2>	-0.7099 0.0000 0.7043 0.0000	</row2>
					<row3>	0.3908 0.4636 4.3457 1.0000	</row3>
				</transform>
			</node>
			<node>
				<identifier>	MP_AM077_Paravane_INDEX_1	</identifier>
				<transform>
					<row0>	0.7043 0.0000 -0.7099 0.0000	</row0>
					<row1>	0.0000 1.0000 0.0000 0.0000	</row1>
					<row2>	0.7099 0.0000 0.7043 0.0000	</row2>
					<row3>	-0.3908 0.4635 4.3457 1.0000	</row3>
				</transform>
			</node>
			<node>
				<identifier>	MP_AM088_Capstan_1	</identifier>
				<transform>
					<row0>	1.0000 0.0000 0.0000 0.0000	</row0>
					<row1>	0.0000 0.9993 -0.0376 0.0000	</row1>
					<row2>	0.0000 0.0376 0.9993 0.0000	</row2>
					<row3>	0.3282 0.4756 5.1090 1.0000	</row3>
				</transform>
			</node>
			<node>
				<identifier>	MP_AM088_Capstan_1_INDEX_1	</identifier>
				<transform>
					<row0>	1.0000 0.0000 0.0000 0.0000	</row0>
					<row1>	0.0000 0.9993 -0.0376 0.0000	</row1>
					<row2>	0.0000 0.0376 0.9993 0.0000	</row2>
					<row3>	-0.3282 0.4756 5.1090 1.0000	</row3>
				</transform>
			</node>
			<node>
				<identifier>	MP_AM100_Spare_barrel_tube	</identifier>
				<transform>
					<row0>	-0.2427 0.0000 -0.9193 0.0000	</row0>
					<row1>	0.0000 0.9508 0.0000 0.0000	</row1>
					<row2>	0.9193 0.0000 -0.2427 0.0000	</row2>
					<row3>	-0.2458 0.5954 7.3721 1.0000	</row3>
				</transform>
			</node>
			<node>
				<identifier>	MP_AM100_Spare_barrel_tube_INDEX_1	</identifier>
				<transform>
					<row0>	0.1300 0.0000 -0.9421 0.0000	</row0>
					<row1>	0.0000 0.9510 0.0000 0.0000	</row1>
					<row2>	0.9421 0.0000 0.1300 0.0000	</row2>
					<row3>	0.4815 0.5028 5.6238 1.0000	</row3>
				</transform>
			</node>
			<node>
				<identifier>	MP_AM100_Spare_barrel_tube_INDEX_2	</identifier>
				<transform>
					<row0>	-0.1270 0.0000 0.9425 0.0000	</row0>
					<row1>	0.0000 0.9510 0.0000 0.0000	</row1>
					<row2>	-0.9425 0.0000 -0.1270 0.0000	</row2>
					<row3>	0.5087 0.4993 5.5837 1.0000	</row3>
				</transform>
			</node>
			<node>
				<identifier>	MP_AM100_Spare_barrel_tube_INDEX_3	</identifier>
				<transform>
					<row0>	0.1272 0.0000 0.9425 0.0000	</row0>
					<row1>	0.0000 0.9510 0.0000 0.0000	</row1>
					<row2>	-0.9425 0.0000 0.1272 0.0000	</row2>
					<row3>	-0.4196 0.5239 6.0891 1.0000	</row3>
				</transform>
			</node>
			<node>
				<identifier>	MP_AM100_Spare_barrel_tube_INDEX_4	</identifier>
				<transform>
					<row0>	-0.2502 0.0000 0.9175 0.0000	</row0>
					<row1>	0.0000 0.9510 0.0000 0.0000	</row1>
					<row2>	-0.9175 0.0000 -0.2502 0.0000	</row2>
					<row3>	0.2758 0.5901 7.2626 1.0000	</row3>
				</transform>
			</node>
			<node>
				<identifier>	MP_AM100_Spare_barrel_tube_INDEX_5	</identifier>
				<transform>
					<row0>	-0.1272 0.0000 -0.9425 0.0000	</row0>
					<row1>	0.0000 0.9510 0.0000 0.0000	</row1>
					<row2>	0.9425 0.0000 -0.1272 0.0000	</row2>
					<row3>	-0.5251 0.4916 5.4622 1.0000	</row3>
				</transform>
			</node>
			<node>
				<identifier>	MP_AM100_Spare_barrel_tube_INDEX_6	</identifier>
				<transform>
					<row0>	0.1186 0.1318 0.9343 0.0000	</row0>
					<row1>	-0.0166 0.9418 -0.1308 0.0000	</row1>
					<row2>	-0.9434 0.0000 0.1197 0.0000	</row2>
					<row3>	-0.4716 0.5053 5.7019 1.0000	</row3>
				</transform>
			</node>
			<node>
				<identifier>	MP_AM101_Cooling_tube	</identifier>
				<transform>
					<row0>	-0.9942 0.0000 -0.1074 0.0000	</row0>
					<row1>	0.0000 1.0000 0.0000 0.0000	</row1>
					<row2>	0.1074 0.0000 -0.9942 0.0000	</row2>
					<row3>	-0.1079 0.6328 7.5243 1.0000	</row3>
				</transform>
			</node>
			<node>
				<identifier>	MP_AM101_Cooling_tube_INDEX_1	</identifier>
				<transform>
					<row0>	0.1347 0.0000 0.9909 0.0000	</row0>
					<row1>	0.0000 1.0000 0.0000 0.0000	</row1>
					<row2>	-0.9909 0.0000 0.1347 0.0000	</row2>
					<row3>	-0.4536 0.5400 5.8340 1.0000	</row3>
				</transform>
			</node>
			<node>
				<identifier>	MP_AM101_Cooling_tube_INDEX_10	</identifier>
				<transform>
					<row0>	-0.2533 0.0000 0.9164 0.0000	</row0>
					<row1>	0.0000 0.9508 0.0000 0.0000	</row1>
					<row2>	-0.9164 0.0000 -0.2533 0.0000	</row2>
					<row3>	0.2365 0.6136 7.4103 1.0000	</row3>
				</transform>
			</node>
			<node>
				<identifier>	MP_AM101_Cooling_tube_INDEX_2	</identifier>
				<transform>
					<row0>	-0.2521 0.0000 -0.9677 0.0000	</row0>
					<row1>	0.0000 1.0000 0.0000 0.0000	</row1>
					<row2>	0.9677 0.0000 -0.2521 0.0000	</row2>
					<row3>	-0.2732 0.5987 7.2734 1.0000	</row3>
				</transform>
			</node>
			<node>
				<identifier>	MP_AM101_Cooling_tube_INDEX_3	</identifier>
				<transform>
					<row0>	-0.1368 0.0000 -0.9906 0.0000	</row0>
					<row1>	0.0000 1.0000 0.0000 0.0000	</row1>
					<row2>	0.9906 0.0000 -0.1368 0.0000	</row2>
					<row3>	-0.4391 0.5462 6.1116 1.0000	</row3>
				</transform>
			</node>
			<node>
				<identifier>	MP_AM101_Cooling_tube_INDEX_4	</identifier>
				<transform>
					<row0>	0.2548 0.0000 -0.9670 0.0000	</row0>
					<row1>	0.0000 1.0000 0.0000 0.0000	</row1>
					<row2>	0.9670 0.0000 0.2548 0.0000	</row2>
					<row3>	0.2455 0.6165 7.2941 1.0000	</row3>
				</transform>
			</node>
			<node>
				<identifier>	MP_AM101_Cooling_tube_INDEX_5	</identifier>
				<transform>
					<row0>	-0.1187 0.0000 0.9929 0.0000	</row0>
					<row1>	0.0000 1.0000 0.0000 0.0000	</row1>
					<row2>	-0.9929 0.0000 -0.1187 0.0000	</row2>
					<row3>	0.4539 0.5323 5.9940 1.0000	</row3>
				</transform>
			</node>
			<node>
				<identifier>	MP_AM101_Cooling_tube_INDEX_6	</identifier>
				<transform>
					<row0>	0.1390 0.0000 -0.9903 0.0000	</row0>
					<row1>	0.0000 1.0000 0.0000 0.0000	</row1>
					<row2>	0.9903 0.0000 0.1390 0.0000	</row2>
					<row3>	0.4222 0.5430 6.0674 1.0000	</row3>
				</transform>
			</node>
			<node>
				<identifier>	MP_AM101_Cooling_tube_INDEX_7	</identifier>
				<transform>
					<row0>	0.6482 0.7588 -0.0634 0.0000	</row0>
					<row1>	0.7552 -0.6513 -0.0736 0.0000	</row1>
					<row2>	-0.0972 -0.0002 -0.9953 0.0000	</row2>
					<row3>	0.1080 0.6328 7.5243 1.0000	</row3>
				</transform>
			</node>
			<node>
				<identifier>	MP_AM101_Cooling_tube_INDEX_8	</identifier>
				<transform>
					<row0>	0.2542 0.0000 0.9671 0.0000	</row0>
					<row1>	0.0000 1.0000 0.0000 0.0000	</row1>
					<row2>	-0.9671 0.0000 0.2542 0.0000	</row2>
					<row3>	-0.2556 0.6229 7.2549 1.0000	</row3>
				</transform>
			</node>
			<node>
				<identifier>	MP_AM101_Cooling_tube_INDEX_9	</identifier>
				<transform>
					<row0>	0.1360 0.0000 -0.9907 0.0000	</row0>
					<row1>	0.0000 1.0000 0.0000 0.0000	</row1>
					<row2>	0.9907 0.0000 0.1360 0.0000	</row2>
					<row3>	0.4464 0.5374 5.8850 1.0000	</row3>
				</transform>
			</node>
			<node>
				<identifier>	MP_AM102_Spare_barrel_tube_long	</identifier>
				<transform>
					<row0>	-0.1301 0.0000 -0.9421 0.0000	</row0>
					<row1>	0.0000 0.9510 0.0000 0.0000	</row1>
					<row2>	0.9421 0.0000 -0.1301 0.0000	</row2>
					<row3>	-0.4232 0.5367 6.2400 1.0000	</row3>
				</transform>
			</node>
			<node>
				<identifier>	MP_AM102_Spare_barrel_tube_long_INDEX_1	</identifier>
				<transform>
					<row0>	-0.2522 0.0004 -0.9170 0.0000	</row0>
					<row1>	-0.0029 0.9510 0.0012 0.0000	</row1>
					<row2>	0.9170 0.0032 -0.2522 0.0000	</row2>
					<row3>	-0.2551 0.5942 7.3482 1.0000	</row3>
				</transform>
			</node>
			<node>
				<identifier>	MP_AM102_Spare_barrel_tube_long_INDEX_2	</identifier>
				<transform>
					<row0>	-0.2601 0.0000 0.9656 0.0000	</row0>
					<row1>	0.0000 1.0000 0.0000 0.0000	</row1>
					<row2>	-0.9656 0.0000 -0.2601 0.0000	</row2>
					<row3>	0.2724 0.5964 7.2986 1.0000	</row3>
				</transform>
			</node>
			<node>
				<identifier>	MP_AM102_Spare_barrel_tube_long_INDEX_3	</identifier>
				<transform>
					<row0>	-0.1207 0.0000 0.9433 0.0000	</row0>
					<row1>	0.0000 0.9510 0.0000 0.0000	</row1>
					<row2>	-0.9433 0.0000 -0.1207 0.0000	</row2>
					<row3>	0.4749 0.5157 5.8561 1.0000	</row3>
				</transform>
			</node>
			<node>
				<identifier>	MP_AM171_Fairlead_4	</identifier>
				<transform>
					<row0>	0.9920 -0.0014 -0.1262 0.0000	</row0>
					<row1>	-0.0035 0.9993 -0.0383 0.0000	</row1>
					<row2>	0.1262 0.0385 0.9913 0.0000	</row2>
					<row3>	-0.6212 0.4706 5.0013 1.0000	</row3>
				</transform>
			</node>
			<node>
				<identifier>	MP_AM171_Fairlead_4_INDEX_1	</identifier>
				<transform>
					<row0>	0.9905 -0.0115 -0.1371 0.0000	</row0>
					<row1>	0.0042 0.9986 -0.0534 0.0000	</row1>
					<row2>	0.1375 0.0523 0.9891 0.0000	</row2>
					<row3>	-0.5683 0.4868 5.4202 1.0000	</row3>
				</transform>
			</node>
			<node>
				<identifier>	MP_AM171_Fairlead_4_INDEX_10	</identifier>
				<transform>
					<row0>	0.9878 0.0099 0.1555 0.0000	</row0>
					<row1>	-0.0013 0.9985 -0.0548 0.0000	</row1>
					<row2>	-0.1558 0.0539 0.9863 0.0000	</row2>
					<row3>	0.3661 0.5638 6.8797 1.0000	</row3>
				</transform>
			</node>
			<node>
				<identifier>	MP_AM171_Fairlead_4_INDEX_11	</identifier>
				<transform>
					<row0>	0.9903 -0.0180 -0.1378 0.0000	</row0>
					<row1>	0.0146 0.9996 -0.0254 0.0000	</row1>
					<row2>	0.1382 0.0232 0.9901 0.0000	</row2>
					<row3>	-0.8094 0.4291 3.5848 1.0000	</row3>
				</transform>
			</node>
			<node>
				<identifier>	MP_AM171_Fairlead_4_INDEX_2	</identifier>
				<transform>
					<row0>	0.9911 -0.0060 -0.1330 0.0000	</row0>
					<row1>	-0.0011 0.9986 -0.0528 0.0000	</row1>
					<row2>	0.1331 0.0525 0.9897 0.0000	</row2>
					<row3>	-0.4337 0.5383 6.4006 1.0000	</row3>
				</transform>
			</node>
			<node>
				<identifier>	MP_AM171_Fairlead_4_INDEX_3	</identifier>
				<transform>
					<row0>	0.9903 -0.0180 -0.1378 0.0000	</row0>
					<row1>	0.0146 0.9996 -0.0254 0.0000	</row1>
					<row2>	0.1382 0.0232 0.9901 0.0000	</row2>
					<row3>	-0.7382 0.4412 4.1014 1.0000	</row3>
				</transform>
			</node>
			<node>
				<identifier>	MP_AM171_Fairlead_4_INDEX_4	</identifier>
				<transform>
					<row0>	0.9911 0.0060 0.1330 0.0000	</row0>
					<row1>	0.0011 0.9986 -0.0528 0.0000	</row1>
					<row2>	-0.1331 0.0525 0.9897 0.0000	</row2>
					<row3>	0.4337 0.5383 6.4006 1.0000	</row3>
				</transform>
			</node>
			<node>
				<identifier>	MP_AM171_Fairlead_4_INDEX_5	</identifier>
				<transform>
					<row0>	0.9907 0.0086 0.1356 0.0000	</row0>
					<row1>	-0.0045 0.9995 -0.0305 0.0000	</row1>
					<row2>	-0.1357 0.0296 0.9903 0.0000	</row2>
					<row3>	0.8099 0.4275 3.5846 1.0000	</row3>
				</transform>
			</node>
			<node>
				<identifier>	MP_AM171_Fairlead_4_INDEX_6	</identifier>
				<transform>
					<row0>	0.9878 -0.0099 -0.1555 0.0000	</row0>
					<row1>	0.0013 0.9985 -0.0548 0.0000	</row1>
					<row2>	0.1558 0.0539 0.9863 0.0000	</row2>
					<row3>	-0.3661 0.5638 6.8797 1.0000	</row3>
				</transform>
			</node>
			<node>
				<identifier>	MP_AM171_Fairlead_4_INDEX_7	</identifier>
				<transform>
					<row0>	0.9903 0.0180 0.1378 0.0000	</row0>
					<row1>	-0.0146 0.9996 -0.0254 0.0000	</row1>
					<row2>	-0.1382 0.0232 0.9901 0.0000	</row2>
					<row3>	0.7382 0.4412 4.1014 1.0000	</row3>
				</transform>
			</node>
			<node>
				<identifier>	MP_AM171_Fairlead_4_INDEX_8	</identifier>
				<transform>
					<row0>	0.9920 0.0014 0.1262 0.0000	</row0>
					<row1>	0.0035 0.9993 -0.0383 0.0000	</row1>
					<row2>	-0.1262 0.0385 0.9913 0.0000	</row2>
					<row3>	0.6212 0.4706 5.0013 1.0000	</row3>
				</transform>
			</node>
			<node>
				<identifier>	MP_AM171_Fairlead_4_INDEX_9	</identifier>
				<transform>
					<row0>	0.9905 0.0115 0.1371 0.0000	</row0>
					<row1>	-0.0042 0.9986 -0.0534 0.0000	</row1>
					<row2>	-0.1375 0.0523 0.9891 0.0000	</row2>
					<row3>	0.5683 0.4868 5.4202 1.0000	</row3>
				</transform>
			</node>
			<node>
				<identifier>	MP_CM006_Anchor_2	</identifier>
				<transform>
					<row0>	0.8933 0.1243 0.9380 0.0000	</row0>
					<row1>	0.7736 0.6468 -0.8224 0.0000	</row1>
					<row2>	-0.5448 1.1222 0.3701 0.0000	</row2>
					<row3>	-0.1563 0.5494 6.8597 1.0000	</row3>
				</transform>
			</node>
			<node>
				<identifier>	MP_CM006_Anchor_2_INDEX_1	</identifier>
				<transform>
					<row0>	-0.9078 0.1362 0.9222 0.0000	</row0>
					<row1>	-0.7533 0.6512 -0.8377 0.0000	</row1>
					<row2>	-0.5492 -1.1183 -0.3754 0.0000	</row2>
					<row3>	0.1639 0.5509 6.8563 1.0000	</row3>
				</transform>
			</node>
			<node>
				<identifier>	SP_YMS001_YHBM_M_1	</identifier>
				<transform>
					<row0>	1.2730 0.0000 0.0000 0.0000	</row0>
					<row1>	0.0000 1.2730 0.0000 0.0000	</row1>
					<row2>	0.0000 0.0000 1.2730 0.0000	</row2>
					<row3>	0.0000 0.5890 7.7562 1.0000	</row3>
				</transform>
			</node>
			<node>
				<identifier>	SP_YMS002_YHBL_M_1	</identifier>
				<transform>
					<row0>	1.1776 -0.0060 -0.1973 0.0000	</row0>
					<row1>	0.0000 1.1935 -0.0364 0.0000	</row1>
					<row2>	0.1974 0.0359 1.1770 0.0000	</row2>
					<row3>	0.0000 0.5890 7.7562 1.0000	</row3>
				</transform>
			</node>
			<node>
				<identifier>	SP_YMS003_YHBR_M_1	</identifier>
				<transform>
					<row0>	1.1776 0.0060 0.1973 0.0000	</row0>
					<row1>	0.0000 1.1934 -0.0364 0.0000	</row1>
					<row2>	-0.1974 0.0359 1.1770 0.0000	</row2>
					<row3>	0.0000 0.5890 7.7562 1.0000	</row3>
				</transform>
			</node>
			<node>
				<identifier>	SP_YMS004_YHXL_L_1	</identifier>
				<transform>
					<row0>	0.9107 0.5351 -0.1704 0.0000	</row0>
					<row1>	-0.5112 0.9243 0.1704 0.0000	</row1>
					<row2>	0.2324 -0.0636 1.0425 0.0000	</row2>
					<row3>	-0.3000 0.4221 7.0425 1.0000	</row3>
				</transform>
			</node>
			<node>
				<identifier>	SP_YMS005_YHXR_L_1	</identifier>
				<transform>
					<row0>	0.9107 -0.5351 0.1704 0.0000	</row0>
					<row1>	0.5112 0.9243 0.1704 0.0000	</row1>
					<row2>	-0.2324 -0.0636 1.0425 0.0000	</row2>
					<row3>	0.2925 0.4265 7.0411 1.0000	</row3>
				</transform>
			</node>
			<node>
				<identifier>	SP_YMS010_YHWM_L_1	</identifier>
				<transform>
					<row0>	0.7750 0.0000 0.0000 0.0000	</row0>
					<row1>	0.0000 0.7750 0.0000 0.0000	</row1>
					<row2>	0.0000 0.0000 0.7750 0.0000	</row2>
					<row3>	0.0000 0.0000 7.5810 1.0000	</row3>
				</transform>
			</node>
			<node>
				<identifier>	SP_YMS011_YHWL_M_1	</identifier>
				<transform>
					<row0>	0.8740 0.1160 -0.1809 0.0000	</row0>
					<row1>	-0.1136 0.8925 0.0235 0.0000	</row1>
					<row2>	0.1824 0.0000 0.8813 0.0000	</row2>
					<row3>	-0.2617 0.0000 6.2265 1.0000	</row3>
				</transform>
			</node>
			<node>
				<identifier>	SP_YMS011_YHWL_M_1_INDEX_1	</identifier>
				<transform>
					<row0>	0.8607 0.2079 -0.1613 0.0000	</row0>
					<row1>	-0.2044 0.8756 0.0383 0.0000	</row1>
					<row2>	0.1658 0.0000 0.8846 0.0000	</row2>
					<row3>	-0.4004 0.0000 5.4781 1.0000	</row3>
				</transform>
			</node>
			<node>
				<identifier>	SP_YMS011_YHWL_M_1_INDEX_2	</identifier>
				<transform>
					<row0>	0.8554 0.2279 -0.1625 0.0000	</row0>
					<row1>	-0.2239 0.8707 0.0425 0.0000	</row1>
					<row2>	0.1680 0.0000 0.8842 0.0000	</row2>
					<row3>	-0.5351 0.0000 4.7318 1.0000	</row3>
				</transform>
			</node>
			<node>
				<identifier>	SP_YMS011_YHWL_M_1_INDEX_3	</identifier>
				<transform>
					<row0>	0.8615 0.1748 -0.1932 0.0000	</row0>
					<row1>	-0.1706 0.8829 0.0383 0.0000	</row1>
					<row2>	0.1970 0.0000 0.8782 0.0000	</row2>
					<row3>	-0.6789 0.0000 3.9904 1.0000	</row3>
				</transform>
			</node>
			<node>
				<identifier>	SP_YMS011_YHWL_M_1_INDEX_4	</identifier>
				<transform>
					<row0>	0.8517 0.2457 -0.1557 0.0000	</row0>
					<row1>	-0.2416 0.8658 0.0442 0.0000	</row1>
					<row2>	0.1619 0.0000 0.8853 0.0000	</row2>
					<row3>	-0.8271 0.0000 3.2405 1.0000	</row3>
				</transform>
			</node>
			<node>
				<identifier>	SP_YMS012_YHWR_M_1	</identifier>
				<transform>
					<row0>	0.8740 -0.1160 0.1809 0.0000	</row0>
					<row1>	0.1136 0.8925 0.0235 0.0000	</row1>
					<row2>	-0.1824 0.0000 0.8813 0.0000	</row2>
					<row3>	0.2515 0.0000 6.2265 1.0000	</row3>
				</transform>
			</node>
			<node>
				<identifier>	SP_YMS012_YHWR_M_1_INDEX_1	</identifier>
				<transform>
					<row0>	0.8607 -0.2079 0.1613 0.0000	</row0>
					<row1>	0.2044 0.8756 0.0383 0.0000	</row1>
					<row2>	-0.1658 0.0000 0.8846 0.0000	</row2>
					<row3>	0.3902 0.0000 5.4781 1.0000	</row3>
				</transform>
			</node>
			<node>
				<identifier>	SP_YMS012_YHWR_M_1_INDEX_2	</identifier>
				<transform>
					<row0>	0.8554 -0.2279 0.1625 0.0000	</row0>
					<row1>	0.2239 0.8707 0.0425 0.0000	</row1>
					<row2>	-0.1680 0.0000 0.8842 0.0000	</row2>
					<row3>	0.5249 0.0000 4.7318 1.0000	</row3>
				</transform>
			</node>
			<node>
				<identifier>	SP_YMS012_YHWR_M_1_INDEX_3	</identifier>
				<transform>
					<row0>	0.8615 -0.1748 0.1932 0.0000	</row0>
					<row1>	0.1706 0.8829 0.0383 0.0000	</row1>
					<row2>	-0.1970 0.0000 0.8782 0.0000	</row2>
					<row3>	0.6687 0.0000 3.9904 1.0000	</row3>
				</transform>
			</node>
			<node>
				<identifier>	SP_YMS012_YHWR_M_1_INDEX_4	</identifier>
				<transform>
					<row0>	0.8517 -0.2457 0.1557 0.0000	</row0>
					<row1>	0.2416 0.8658 0.0442 0.0000	</row1>
					<row2>	-0.1619 0.0000 0.8853 0.0000	</row2>
					<row3>	0.8168 0.0000 3.2405 1.0000	</row3>
				</transform>
			</node>
			<node>
				<identifier>	SP_YMS020_YHBU_M_1	</identifier>
				<transform>
					<row0>	1.7339 0.0000 0.0000 0.0000	</row0>
					<row1>	0.0000 1.7273 0.1511 0.0000	</row1>
					<row2>	0.0000 -0.1511 1.7273 0.0000	</row2>
					<row3>	0.0000 0.0000 7.4735 1.0000	</row3>
				</transform>
			</node>
			<node>
				<identifier>	SP_YMS022_YHUS_L_1	</identifier>
				<transform>
					<row0>	-0.1702 -0.0057 -0.7817 0.0000	</row0>
					<row1>	-0.1379 0.7877 0.0243 0.0000	</row1>
					<row2>	0.7694 0.1399 -0.1686 0.0000	</row2>
					<row3>	-0.5387 -0.5149 4.2411 1.0000	</row3>
				</transform>
			</node>
			<node>
				<identifier>	SP_YMS022_YHUS_L_1_INDEX_1	</identifier>
				<transform>
					<row0>	-0.1702 0.0057 0.7817 0.0000	</row0>
					<row1>	0.1379 0.7877 0.0243 0.0000	</row1>
					<row2>	-0.7694 0.1399 -0.1686 0.0000	</row2>
					<row3>	0.5387 -0.5149 4.2411 1.0000	</row3>
				</transform>
			</node>
			<node>
				<identifier>	SP_YMS022_YHUS_L_1_INDEX_2	</identifier>
				<transform>
					<row0>	-0.1639 -0.0045 -0.7830 0.0000	</row0>
					<row1>	-0.1379 0.7877 0.0243 0.0000	</row1>
					<row2>	0.7708 0.1399 -0.1622 0.0000	</row2>
					<row3>	-0.6569 -0.5172 3.6454 1.0000	</row3>
				</transform>
			</node>
			<node>
				<identifier>	SP_YMS022_YHUS_L_1_INDEX_3	</identifier>
				<transform>
					<row0>	-0.1639 0.0045 0.7830 0.0000	</row0>
					<row1>	0.1379 0.7877 0.0243 0.0000	</row1>
					<row2>	-0.7708 0.1399 -0.1622 0.0000	</row2>
					<row3>	0.6569 -0.5172 3.6454 1.0000	</row3>
				</transform>
			</node>
			<node>
				<identifier>	SP_YMS051_YHDL_L_1	</identifier>
				<transform>
					<row0>	0.8156 0.0003 -0.1105 0.0000	</row0>
					<row1>	-0.0034 0.8227 -0.0228 0.0000	</row1>
					<row2>	0.1105 0.0231 0.8152 0.0000	</row2>
					<row3>	-0.7091 0.4492 4.5714 1.0000	</row3>
				</transform>
			</node>
			<node>
				<identifier>	SP_YMS052_YHDR_L_1	</identifier>
				<transform>
					<row0>	0.8156 -0.0003 0.1105 0.0000	</row0>
					<row1>	0.0034 0.8227 -0.0228 0.0000	</row1>
					<row2>	-0.1105 0.0231 0.8152 0.0000	</row2>
					<row3>	0.7091 0.4492 4.5714 1.0000	</row3>
				</transform>
			</node>
			<node>
				<identifier>	SP_YMS053_YHDC_S_1	</identifier>
				<transform>
					<row0>	1.0000 0.0000 0.0000 0.0000	</row0>
					<row1>	0.0000 0.9984 -0.0562 0.0000	</row1>
					<row2>	0.0000 0.0562 0.9984 0.0000	</row2>
					<row3>	0.0000 0.5469 6.4534 1.0000	</row3>
				</transform>
			</node>
			<node>
				<identifier>	SP_YMS053_YHDC_S_1_INDEX_1	</identifier>
				<transform>
					<row0>	1.0000 0.0000 0.0000 0.0000	</row0>
					<row1>	0.0000 0.9984 -0.0562 0.0000	</row1>
					<row2>	0.0000 0.0562 0.9984 0.0000	</row2>
					<row3>	0.0000 0.5152 5.8511 1.0000	</row3>
				</transform>
			</node>
			<node>
				<identifier>	SP_YMS053_YHDC_S_1_INDEX_2	</identifier>
				<transform>
					<row0>	1.0000 0.0000 0.0000 0.0000	</row0>
					<row1>	0.0000 0.9991 -0.0427 0.0000	</row1>
					<row2>	0.0000 0.0427 0.9991 0.0000	</row2>
					<row3>	-0.4699 0.4797 5.0570 1.0000	</row3>
				</transform>
			</node>
			<node>
				<identifier>	SP_YMS053_YHDC_S_1_INDEX_3	</identifier>
				<transform>
					<row0>	1.0000 0.0000 0.0000 0.0000	</row0>
					<row1>	0.0000 0.9991 -0.0427 0.0000	</row1>
					<row2>	0.0000 0.0427 0.9991 0.0000	</row2>
					<row3>	0.4699 0.4797 5.0570 1.0000	</row3>
				</transform>
			</node>
			<node>
				<identifier>	SP_YMS071_YHHC_S_1	</identifier>
				<transform>
					<row0>	-0.1335 0.9907 0.0244 0.0000	</row0>
					<row1>	-0.9817 -0.1356 0.1337 0.0000	</row1>
					<row2>	0.1357 -0.0061 0.9907 0.0000	</row2>
					<row3>	-0.7920 0.2708 3.7343 1.0000	</row3>
				</transform>
			</node>
			<node>
				<identifier>	SP_YMS071_YHHC_S_1_INDEX_1	</identifier>
				<transform>
					<row0>	-0.1335 -0.9907 -0.0244 0.0000	</row0>
					<row1>	0.9817 -0.1356 0.1337 0.0000	</row1>
					<row2>	-0.1357 -0.0061 0.9907 0.0000	</row2>
					<row3>	0.7920 0.2708 3.7343 1.0000	</row3>
				</transform>
			</node>
			<node>
				<identifier>	SP_YMS071_YHHC_S_1_INDEX_2	</identifier>
				<transform>
					<row0>	-0.1291 0.9914 0.0227 0.0000	</row0>
					<row1>	-0.9791 -0.1311 0.1556 0.0000	</row1>
					<row2>	0.1573 -0.0021 0.9876 0.0000	</row2>
					<row3>	-0.8337 0.2751 3.4468 1.0000	</row3>
				</transform>
			</node>
			<node>
				<identifier>	SP_YMS071_YHHC_S_1_INDEX_3	</identifier>
				<transform>
					<row0>	-0.1291 -0.9914 -0.0227 0.0000	</row0>
					<row1>	0.9791 -0.1311 0.1556 0.0000	</row1>
					<row2>	-0.1573 -0.0021 0.9876 0.0000	</row2>
					<row3>	0.8337 0.2751 3.4468 1.0000	</row3>
				</transform>
			</node>
			<node>
				<identifier>	SP_YMS080_YHSL_M_1	</identifier>
				<transform>
					<row0>	0.9280 0.3396 -0.1530 0.0000	</row0>
					<row1>	-0.3351 0.9406 0.0552 0.0000	</row1>
					<row2>	0.1626 0.0000 0.9867 0.0000	</row2>
					<row3>	-0.4569 0.2981 5.6852 1.0000	</row3>
				</transform>
			</node>
			<node>
				<identifier>	SP_YMS081_YHSR_M_1	</identifier>
				<transform>
					<row0>	0.9280 -0.3396 0.1530 0.0000	</row0>
					<row1>	0.3351 0.9406 0.0552 0.0000	</row1>
