<BSC048_Defence_1948_Bow_ports.visual>
	<node>
		<identifier>	Scene Root	</identifier>
		<transform>
			<row0>	1.0000 0.0000 0.0000 0.0000	</row0>
			<row1>	0.0000 1.0000 0.0000 0.0000	</row1>
			<row2>	0.0000 0.0000 1.0000 0.0000	</row2>
			<row3>	0.0000 0.0000 0.0000 1.0000	</row3>
		</transform>
		<node>
			<identifier>	Bow_ports	</identifier>
			<transform>
				<row0>	1.0000 0.0000 0.0000 0.0000	</row0>
				<row1>	0.0000 1.0000 0.0000 0.0000	</row1>
				<row2>	0.0000 0.0000 1.0000 0.0000	</row2>
				<row3>	0.0000 0.0000 0.0000 1.0000	</row3>
			</transform>
			<node>
				<identifier>	HP_BGT_1	</identifier>
				<transform>
					<row0>	0.9213 0.0000 0.3888 0.0000	</row0>
					<row1>	0.0000 1.0000 0.0000 0.0000	</row1>
					<row2>	-0.3888 0.0000 0.9213 0.0000	</row2>
					<row3>	-0.1895 -0.1767 4.6880 1.0000	</row3>
				</transform>
			</node>
			<node>
				<identifier>	HP_BGT_2	</identifier>
				<transform>
					<row0>	0.9213 0.0000 -0.3888 0.0000	</row0>
					<row1>	0.0000 1.0000 0.0000 0.0000	</row1>
					<row2>	0.3888 0.0000 0.9213 0.0000	</row2>
					<row3>	0.1880 -0.1756 4.6798 1.0000	</row3>
				</transform>
			</node>
			<node>
				<identifier>	HP_FX_Fire_1	</identifier>
				<transform>
					<row0>	1.0000 0.0000 0.0000 0.0000	</row0>
					<row1>	0.0000 1.0000 0.0000 0.0000	</row1>
					<row2>	0.0000 0.0000 1.0000 0.0000	</row2>
					<row3>	0.0000 0.6281 5.9323 1.0000	</row3>
				</transform>
			</node>
			<node>
				<identifier>	HP_FX_Flood_water_left_3	</identifier>
				<transform>
					<row0>	-0.9311 -0.2908 0.2201 0.0000	</row0>
					<row1>	-0.2981 0.9545 0.0000 0.0000	</row1>
					<row2>	-0.2101 -0.0656 -0.9755 0.0000	</row2>
					<row3>	-0.2926 0.0682 5.9792 1.0000	</row3>
				</transform>
			</node>
			<node>
				<identifier>	HP_FX_Flood_water_right_3	</identifier>
				<transform>
					<row0>	0.9650 -0.1054 0.2402 0.0000	</row0>
					<row1>	0.1086 0.9941 0.0000 0.0000	</row1>
					<row2>	-0.2387 0.0261 0.9707 0.0000	</row2>
					<row3>	0.2893 0.0647 5.9762 1.0000	</row3>
				</transform>
			</node>
			<node>
				<identifier>	HP_FX_WakeTrace	</identifier>
				<transform>
					<row0>	1.0000 0.0000 0.0000 0.0000	</row0>
					<row1>	0.0000 1.0000 0.0000 0.0000	</row1>
					<row2>	0.0000 0.0000 1.0000 0.0000	</row2>
					<row3>	0.0000 0.0000 7.3049 1.0000	</row3>
				</transform>
			</node>
			<node>
				<identifier>	HP_Ship_death_1	</identifier>
				<transform>
					<row0>	1.0000 0.0000 0.0000 0.0000	</row0>
					<row1>	0.0000 1.0000 0.0000 0.0000	</row1>
					<row2>	0.0000 0.0000 1.0000 0.0000	</row2>
					<row3>	0.0000 0.0000 4.1660 1.0000	</row3>
				</transform>
			</node>
			<node>
				<identifier>	MP_BM019_Reels_1	</identifier>
				<transform>
					<row0>	0.7071 0.0000 0.7071 0.0000	</row0>
					<row1>	0.0000 1.0000 0.0000 0.0000	</row1>
					<row2>	-0.7071 0.0000 0.7071 0.0000	</row2>
					<row3>	-0.5070 0.5179 4.2387 1.0000	</row3>
				</transform>
			</node>
			<node>
				<identifier>	MP_BM019_Reels_1_INDEX_1	</identifier>
				<transform>
					<row0>	0.7352 -0.0151 -0.6777 0.0000	</row0>
					<row1>	0.0018 0.9998 -0.0203 0.0000	</row1>
					<row2>	0.6779 0.0137 0.7350 0.0000	</row2>
					<row3>	0.4083 0.5204 4.3000 1.0000	</row3>
				</transform>
			</node>
			<node>
				<identifier>	MP_BM019_Reels_1_INDEX_2	</identifier>
				<transform>
					<row0>	0.6995 0.0000 0.7147 0.0000	</row0>
					<row1>	0.0000 1.0000 0.0000 0.0000	</row1>
					<row2>	-0.7147 0.0000 0.6995 0.0000	</row2>
					<row3>	-0.2158 0.5523 5.1377 1.0000	</row3>
				</transform>
			</node>
			<node>
				<identifier>	MP_BM019_Reels_1_INDEX_3	</identifier>
				<transform>
					<row0>	0.7071 0.0000 -0.7071 0.0000	</row0>
					<row1>	0.0000 1.0000 0.0000 0.0000	</row1>
					<row2>	0.7071 0.0000 0.7071 0.0000	</row2>
					<row3>	0.5070 0.5179 4.2387 1.0000	</row3>
				</transform>
			</node>
			<node>
				<identifier>	MP_BM019_Reels_1_INDEX_4	</identifier>
				<transform>
					<row0>	0.6995 0.0000 -0.7147 0.0000	</row0>
					<row1>	0.0000 1.0000 0.0000 0.0000	</row1>
					<row2>	0.7147 0.0000 0.6995 0.0000	</row2>
					<row3>	0.2158 0.5523 5.1377 1.0000	</row3>
				</transform>
			</node>
			<node>
				<identifier>	MP_BM019_Reels_1_INDEX_5	</identifier>
				<transform>
					<row0>	1.0000 0.0000 0.0000 0.0000	</row0>
					<row1>	0.0000 1.0000 0.0000 0.0000	</row1>
					<row2>	0.0000 0.0000 1.0000 0.0000	</row2>
					<row3>	-0.0792 0.5614 5.3982 1.0000	</row3>
				</transform>
			</node>
			<node>
				<identifier>	MP_BM019_Reels_1_INDEX_6	</identifier>
				<transform>
					<row0>	1.0000 0.0000 0.0000 0.0000	</row0>
					<row1>	0.0000 0.9997 -0.0240 0.0000	</row1>
					<row2>	0.0000 0.0240 0.9997 0.0000	</row2>
					<row3>	-0.2006 0.5237 4.4161 1.0000	</row3>
				</transform>
			</node>
			<node>
				<identifier>	MP_BM019_Reels_1_INDEX_7	</identifier>
				<transform>
					<row0>	1.0000 0.0000 0.0000 0.0000	</row0>
					<row1>	0.0000 1.0000 0.0000 0.0000	</row1>
					<row2>	0.0000 0.0000 1.0000 0.0000	</row2>
					<row3>	0.0000 0.5248 4.4559 1.0000	</row3>
				</transform>
			</node>
			<node>
				<identifier>	MP_BM611_Telephone	</identifier>
				<transform>
					<row0>	-0.7151 0.0000 0.6990 0.0000	</row0>
					<row1>	0.0000 1.0000 0.0000 0.0000	</row1>
					<row2>	-0.6990 0.0000 -0.7151 0.0000	</row2>
					<row3>	-0.1661 0.6230 5.2636 1.0000	</row3>
				</transform>
			</node>
			<node>
				<identifier>	MP_BM751_Deck_Hatch	</identifier>
				<transform>
					<row0>	-1.0000 0.0000 0.0000 0.0000	</row0>
					<row1>	0.0000 1.0000 0.0000 0.0000	</row1>
					<row2>	0.0000 0.0000 -1.0000 0.0000	</row2>
					<row3>	0.1262 0.5297 4.6390 1.0000	</row3>
				</transform>
			</node>
			<node>
				<identifier>	MP_BM751_Deck_Hatch_INDEX_1	</identifier>
				<transform>
					<row0>	-1.0000 0.0000 0.0000 0.0000	</row0>
					<row1>	0.0000 1.0000 0.0000 0.0000	</row1>
					<row2>	0.0000 0.0000 -1.0000 0.0000	</row2>
					<row3>	-0.1778 0.5465 5.0028 1.0000	</row3>
				</transform>
			</node>
			<node>
				<identifier>	MP_BM751_Deck_Hatch_INDEX_2	</identifier>
				<transform>
					<row0>	-1.0000 0.0000 0.0000 0.0000	</row0>
					<row1>	0.0000 1.0000 0.0000 0.0000	</row1>
					<row2>	0.0000 0.0000 -1.0000 0.0000	</row2>
					<row3>	0.2288 0.5200 4.3325 1.0000	</row3>
				</transform>
			</node>
			<node>
				<identifier>	MP_BM753_Deck_Hatch	</identifier>
				<transform>
					<row0>	0.8566 0.0000 0.0000 0.0000	</row0>
					<row1>	0.0000 0.8557 -0.0390 0.0000	</row1>
					<row2>	0.0000 0.0390 0.8557 0.0000	</row2>
					<row3>	-0.0273 0.5996 6.2125 1.0000	</row3>
				</transform>
			</node>
			<node>
				<identifier>	MP_BM800_Ventilators_mushroom	</identifier>
				<transform>
					<row0>	1.0000 0.0000 0.0000 0.0000	</row0>
					<row1>	0.0000 1.0000 0.0000 0.0000	</row1>
					<row2>	0.0000 0.0000 1.0000 0.0000	</row2>
					<row3>	-0.3239 0.5243 4.4481 1.0000	</row3>
				</transform>
			</node>
			<node>
				<identifier>	MP_BM800_Ventilators_mushroom_INDEX_1	</identifier>
				<transform>
					<row0>	0.5001 0.0000 0.0000 0.0000	</row0>
					<row1>	0.0000 0.5001 0.0000 0.0000	</row1>
					<row2>	0.0000 0.0000 0.5001 0.0000	</row2>
					<row3>	0.1351 0.5255 4.4635 1.0000	</row3>
				</transform>
			</node>
			<node>
				<identifier>	MP_BM800_Ventilators_mushroom_INDEX_10	</identifier>
				<transform>
					<row0>	0.5001 0.0000 0.0000 0.0000	</row0>
					<row1>	0.0000 0.5001 0.0000 0.0000	</row1>
					<row2>	0.0000 0.0000 0.5001 0.0000	</row2>
					<row3>	-0.4668 0.5222 4.3527 1.0000	</row3>
				</transform>
			</node>
			<node>
				<identifier>	MP_BM800_Ventilators_mushroom_INDEX_11	</identifier>
				<transform>
					<row0>	1.0000 0.0000 0.0000 0.0000	</row0>
					<row1>	0.0000 1.0000 0.0000 0.0000	</row1>
					<row2>	0.0000 0.0000 1.0000 0.0000	</row2>
					<row3>	-0.4205 0.5237 4.3882 1.0000	</row3>
				</transform>
			</node>
			<node>
				<identifier>	MP_BM800_Ventilators_mushroom_INDEX_12	</identifier>
				<transform>
					<row0>	1.0000 0.0000 0.0000 0.0000	</row0>
					<row1>	0.0000 1.0000 0.0000 0.0000	</row1>
					<row2>	0.0000 0.0000 1.0000 0.0000	</row2>
					<row3>	0.0714 0.5635 5.4273 1.0000	</row3>
				</transform>
			</node>
			<node>
				<identifier>	MP_BM800_Ventilators_mushroom_INDEX_13	</identifier>
				<transform>
					<row0>	0.5001 0.0000 0.0000 0.0000	</row0>
					<row1>	0.0000 0.5001 0.0000 0.0000	</row1>
					<row2>	0.0000 0.0000 0.5001 0.0000	</row2>
					<row3>	-0.1825 0.5589 5.2990 1.0000	</row3>
				</transform>
			</node>
			<node>
				<identifier>	MP_BM800_Ventilators_mushroom_INDEX_14	</identifier>
				<transform>
					<row0>	0.5001 0.0000 0.0000 0.0000	</row0>
					<row1>	0.0000 0.5001 0.0000 0.0000	</row1>
					<row2>	0.0000 0.0000 0.5001 0.0000	</row2>
					<row3>	-0.0351 0.5634 5.4278 1.0000	</row3>
				</transform>
			</node>
			<node>
				<identifier>	MP_BM800_Ventilators_mushroom_INDEX_15	</identifier>
				<transform>
					<row0>	0.5001 0.0000 0.0000 0.0000	</row0>
					<row1>	0.0000 0.5001 0.0000 0.0000	</row1>
					<row2>	0.0000 0.0000 0.5001 0.0000	</row2>
					<row3>	-0.5857 0.5440 4.9930 1.0000	</row3>
				</transform>
			</node>
			<node>
				<identifier>	MP_BM800_Ventilators_mushroom_INDEX_16	</identifier>
				<transform>
					<row0>	1.0000 0.0000 0.0000 0.0000	</row0>
					<row1>	0.0000 1.0000 0.0000 0.0000	</row1>
					<row2>	0.0000 0.0000 1.0000 0.0000	</row2>
					<row3>	0.2618 0.5530 5.1041 1.0000	</row3>
				</transform>
			</node>
			<node>
				<identifier>	MP_BM800_Ventilators_mushroom_INDEX_17	</identifier>
				<transform>
					<row0>	0.5001 0.0000 0.0000 0.0000	</row0>
					<row1>	0.0000 0.5001 0.0000 0.0000	</row1>
					<row2>	0.0000 0.0000 0.5001 0.0000	</row2>
					<row3>	0.1606 0.5563 5.2086 1.0000	</row3>
				</transform>
			</node>
			<node>
				<identifier>	MP_BM800_Ventilators_mushroom_INDEX_18	</identifier>
				<transform>
					<row0>	0.5001 0.0000 0.0000 0.0000	</row0>
					<row1>	0.0000 0.5001 0.0000 0.0000	</row1>
					<row2>	0.0000 0.0000 0.5001 0.0000	</row2>
					<row3>	0.6203 0.5416 4.9593 1.0000	</row3>
				</transform>
			</node>
			<node>
				<identifier>	MP_BM800_Ventilators_mushroom_INDEX_19	</identifier>
				<transform>
					<row0>	0.5001 0.0000 0.0000 0.0000	</row0>
					<row1>	0.0000 0.5001 0.0000 0.0000	</row1>
					<row2>	0.0000 0.0000 0.5001 0.0000	</row2>
					<row3>	-0.2598 0.5527 5.1037 1.0000	</row3>
				</transform>
			</node>
			<node>
				<identifier>	MP_BM800_Ventilators_mushroom_INDEX_2	</identifier>
				<transform>
					<row0>	1.0000 0.0000 0.0000 0.0000	</row0>
					<row1>	0.0000 1.0000 0.0000 0.0000	</row1>
					<row2>	0.0000 0.0000 1.0000 0.0000	</row2>
					<row3>	0.1762 0.5252 4.4573 1.0000	</row3>
				</transform>
			</node>
			<node>
				<identifier>	MP_BM800_Ventilators_mushroom_INDEX_20	</identifier>
				<transform>
					<row0>	1.0000 0.0000 0.0000 0.0000	</row0>
					<row1>	0.0000 1.0000 0.0000 0.0000	</row1>
					<row2>	0.0000 0.0000 1.0000 0.0000	</row2>
					<row3>	-0.2230 0.5613 5.3582 1.0000	</row3>
				</transform>
			</node>
			<node>
				<identifier>	MP_BM800_Ventilators_mushroom_INDEX_21	</identifier>
				<transform>
					<row0>	0.5001 0.0000 0.0000 0.0000	</row0>
					<row1>	0.0000 0.5001 0.0000 0.0000	</row1>
					<row2>	0.0000 0.0000 0.5001 0.0000	</row2>
					<row3>	0.2945 0.5516 5.0751 1.0000	</row3>
				</transform>
			</node>
			<node>
				<identifier>	MP_BM800_Ventilators_mushroom_INDEX_22	</identifier>
				<transform>
					<row0>	0.5001 0.0000 0.0000 0.0000	</row0>
					<row1>	0.0000 0.5001 0.0000 0.0000	</row1>
					<row2>	0.0000 0.0000 0.5001 0.0000	</row2>
					<row3>	-0.1375 0.5255 4.4594 1.0000	</row3>
				</transform>
			</node>
			<node>
				<identifier>	MP_BM800_Ventilators_mushroom_INDEX_23	</identifier>
				<transform>
					<row0>	0.5001 0.0000 0.0000 0.0000	</row0>
					<row1>	0.0000 0.5001 0.0000 0.0000	</row1>
					<row2>	0.0000 0.0000 0.5001 0.0000	</row2>
					<row3>	-0.3798 0.5245 4.4341 1.0000	</row3>
				</transform>
			</node>
			<node>
				<identifier>	MP_BM800_Ventilators_mushroom_INDEX_24	</identifier>
				<transform>
					<row0>	0.5001 0.0000 0.0000 0.0000	</row0>
					<row1>	0.0000 0.5001 0.0000 0.0000	</row1>
					<row2>	0.0000 0.0000 0.5001 0.0000	</row2>
					<row3>	0.1837 0.5551 5.1843 1.0000	</row3>
				</transform>
			</node>
			<node>
				<identifier>	MP_BM800_Ventilators_mushroom_INDEX_25	</identifier>
				<transform>
					<row0>	1.0000 0.0000 0.0000 0.0000	</row0>
					<row1>	0.0000 1.0000 0.0000 0.0000	</row1>
					<row2>	0.0000 0.0000 1.0000 0.0000	</row2>
					<row3>	0.2792 0.5253 4.4573 1.0000	</row3>
				</transform>
			</node>
			<node>
				<identifier>	MP_BM800_Ventilators_mushroom_INDEX_26	</identifier>
				<transform>
					<row0>	0.5001 0.0000 0.0000 0.0000	</row0>
					<row1>	0.0000 0.5001 0.0000 0.0000	</row1>
					<row2>	0.0000 0.0000 0.5001 0.0000	</row2>
					<row3>	0.2130 0.5617 5.3785 1.0000	</row3>
				</transform>
			</node>
			<node>
				<identifier>	MP_BM800_Ventilators_mushroom_INDEX_27	</identifier>
				<transform>
					<row0>	0.5001 0.0000 0.0000 0.0000	</row0>
					<row1>	0.0000 0.5001 0.0000 0.0000	</row1>
					<row2>	0.0000 0.0000 0.5001 0.0000	</row2>
					<row3>	-0.2863 0.5518 5.0770 1.0000	</row3>
				</transform>
			</node>
			<node>
				<identifier>	MP_BM800_Ventilators_mushroom_INDEX_3	</identifier>
				<transform>
					<row0>	0.5001 0.0000 0.0000 0.0000	</row0>
					<row1>	0.0000 0.5001 0.0000 0.0000	</row1>
					<row2>	0.0000 0.0000 0.5001 0.0000	</row2>
					<row3>	0.0148 0.5634 5.4267 1.0000	</row3>
				</transform>
			</node>
			<node>
				<identifier>	MP_BM800_Ventilators_mushroom_INDEX_4	</identifier>
				<transform>
					<row0>	0.5001 0.0000 0.0000 0.0000	</row0>
					<row1>	0.0000 0.5001 0.0000 0.0000	</row1>
					<row2>	0.0000 0.0000 0.5001 0.0000	</row2>
					<row3>	0.2136 0.5600 5.3280 1.0000	</row3>
				</transform>
			</node>
			<node>
				<identifier>	MP_BM800_Ventilators_mushroom_INDEX_5	</identifier>
				<transform>
					<row0>	1.0000 0.0000 0.0000 0.0000	</row0>
					<row1>	0.0000 1.0000 0.0000 0.0000	</row1>
					<row2>	0.0000 0.0000 1.0000 0.0000	</row2>
					<row3>	-0.1745 0.5560 5.1885 1.0000	</row3>
				</transform>
			</node>
			<node>
				<identifier>	MP_BM800_Ventilators_mushroom_INDEX_6	</identifier>
				<transform>
					<row0>	0.5001 0.0000 0.0000 0.0000	</row0>
					<row1>	0.0000 0.5001 0.0000 0.0000	</row1>
					<row2>	0.0000 0.0000 0.5001 0.0000	</row2>
					<row3>	-0.4837 0.5213 4.3345 1.0000	</row3>
				</transform>
			</node>
			<node>
				<identifier>	MP_BM800_Ventilators_mushroom_INDEX_7	</identifier>
				<transform>
					<row0>	0.5001 0.0000 0.0000 0.0000	</row0>
					<row1>	0.0000 0.5001 0.0000 0.0000	</row1>
					<row2>	0.0000 0.0000 0.5001 0.0000	</row2>
					<row3>	0.5932 0.5435 4.9855 1.0000	</row3>
				</transform>
			</node>
			<node>
				<identifier>	MP_BM800_Ventilators_mushroom_INDEX_8	</identifier>
				<transform>
					<row0>	0.5001 0.0000 0.0000 0.0000	</row0>
					<row1>	0.0000 0.5001 0.0000 0.0000	</row1>
					<row2>	0.0000 0.0000 0.5001 0.0000	</row2>
					<row3>	-0.2675 0.5256 4.4688 1.0000	</row3>
				</transform>
			</node>
			<node>
				<identifier>	MP_BM800_Ventilators_mushroom_INDEX_9	</identifier>
				<transform>
					<row0>	0.5001 0.0000 0.0000 0.0000	</row0>
					<row1>	0.0000 0.5001 0.0000 0.0000	</row1>
					<row2>	0.0000 0.0000 0.5001 0.0000	</row2>
					<row3>	-0.1642 0.5628 5.4136 1.0000	</row3>
				</transform>
			</node>
			<node>
				<identifier>	MP_BM803_Ventilation_box	</identifier>
				<transform>
					<row0>	0.0000 0.0000 -1.0000 0.0000	</row0>
					<row1>	0.0000 1.0000 0.0000 0.0000	</row1>
					<row2>	1.0000 0.0000 0.0000 0.0000	</row2>
					<row3>	0.3301 0.5223 4.3947 1.0000	</row3>
				</transform>
			</node>
			<node>
				<identifier>	MP_BM803_Ventilation_box_INDEX_1	</identifier>
				<transform>
					<row0>	0.0000 0.0000 -1.0000 0.0000	</row0>
					<row1>	0.0000 1.0000 0.0000 0.0000	</row1>
					<row2>	1.0000 0.0000 0.0000 0.0000	</row2>
					<row3>	0.1269 0.5601 5.3707 1.0000	</row3>
				</transform>
			</node>
			<node>
				<identifier>	MP_BM858_Signal_Lamp	</identifier>
				<transform>
					<row0>	1.0000 0.0000 0.0000 0.0000	</row0>
					<row1>	0.0000 1.0000 0.0000 0.0000	</row1>
					<row2>	0.0000 0.0000 1.0000 0.0000	</row2>
					<row3>	0.0150 1.1152 7.3998 1.0000	</row3>
				</transform>
			</node>
			<node>
				<identifier>	MP_BM862_Signal_Lamp	</identifier>
				<transform>
					<row0>	1.0000 0.0000 0.0000 0.0000	</row0>
					<row1>	0.0000 1.0000 0.0000 0.0000	</row1>
					<row2>	0.0000 0.0000 1.0000 0.0000	</row2>
					<row3>	0.0152 1.0099 7.3893 1.0000	</row3>
				</transform>
			</node>
			<node>
				<identifier>	MP_BM950_Anchor_top	</identifier>
				<transform>
					<row0>	-0.1499 1.2267 1.4465 0.0000	</row0>
					<row1>	0.1787 1.4537 -1.2143 0.0000	</row1>
					<row2>	-1.8882 0.0402 -0.2298 0.0000	</row2>
					<row3>	0.1403 0.4273 7.1694 1.0000	</row3>
				</transform>
			</node>
			<node>
				<identifier>	MP_BM950_Anchor_top_INDEX_1	</identifier>
				<transform>
					<row0>	0.0122 1.2418 1.4447 0.0000	</row0>
					<row1>	0.2429 1.4319 -1.2329 0.0000	</row1>
					<row2>	-1.8895 0.1921 -0.1492 0.0000	</row2>
					<row3>	0.2252 0.4146 6.9298 1.0000	</row3>
				</transform>
			</node>
			<node>
				<identifier>	MP_BM950_Anchor_top_INDEX_2	</identifier>
				<transform>
					<row0>	-0.1499 -1.2267 -1.4465 0.0000	</row0>
					<row1>	-0.1817 1.4536 -1.2139 0.0000	</row1>
					<row2>	1.8879 0.0425 -0.2317 0.0000	</row2>
					<row3>	-0.1399 0.4273 7.1694 1.0000	</row3>
				</transform>
			</node>
			<node>
				<identifier>	MP_BM951_Anchor_down	</identifier>
				<transform>
					<row0>	0.1499 -1.2267 -1.4465 0.0000	</row0>
					<row1>	0.5783 1.4115 -1.1371 0.0000	</row1>
					<row2>	1.8063 -0.3500 0.4841 0.0000	</row2>
					<row3>	0.1403 0.4273 7.1694 1.0000	</row3>
				</transform>
			</node>
			<node>
				<identifier>	MP_BM951_Anchor_down_INDEX_1	</identifier>
				<transform>
					<row0>	0.1499 1.2267 1.4465 0.0000	</row0>
					<row1>	-0.5811 1.4109 -1.1363 0.0000	</row1>
					<row2>	-1.8054 -0.3523 0.4859 0.0000	</row2>
					<row3>	-0.1399 0.4273 7.1694 1.0000	</row3>
				</transform>
			</node>
			<node>
				<identifier>	MP_BM951_Anchor_down_INDEX_2	</identifier>
				<transform>
					<row0>	0.0122 1.2418 1.4447 0.0000	</row0>
					<row1>	0.6735 1.3486 -1.1649 0.0000	</row1>
					<row2>	-1.7820 0.5182 -0.4304 0.0000	</row2>
					<row3>	0.2252 0.4146 6.9298 1.0000	</row3>
				</transform>
			</node>
			<node>
				<identifier>	MP_BM952_Bollard	</identifier>
				<transform>
					<row0>	0.7433 -0.0017 0.0001 0.0000	</row0>
					<row1>	0.0017 0.7422 -0.0397 0.0000	</row1>
					<row2>	0.0000 0.0397 0.7422 0.0000	</row2>
					<row3>	0.0000 0.6206 6.6213 1.0000	</row3>
				</transform>
			</node>
			<node>
				<identifier>	MP_BM952_Bollard_INDEX_1	</identifier>
				<transform>
					<row0>	0.7322 -0.0101 0.1275 0.0000	</row0>
					<row1>	0.0149 0.7427 -0.0269 0.0000	</row1>
					<row2>	-0.1270 0.0290 0.7318 0.0000	</row2>
					<row3>	0.6611 0.5654 5.5219 1.0000	</row3>
				</transform>
			</node>
			<node>
				<identifier>	MP_BM952_Bollard_INDEX_2	</identifier>
				<transform>
					<row0>	0.7322 0.0101 -0.1275 0.0000	</row0>
					<row1>	-0.0149 0.7427 -0.0269 0.0000	</row1>
					<row2>	0.1270 0.0290 0.7318 0.0000	</row2>
					<row3>	-0.6611 0.5654 5.5219 1.0000	</row3>
				</transform>
			</node>
			<node>
				<identifier>	MP_BM961_Anchor_Capstan_Cruiser_WW2_Bow	</identifier>
				<transform>
					<row0>	1.0000 0.0000 0.0000 0.0000	</row0>
					<row1>	0.0000 1.0000 0.0000 0.0000	</row1>
					<row2>	0.0000 0.0000 1.0000 0.0000	</row2>
					<row3>	0.1978 0.6146 6.1736 1.0000	</row3>
				</transform>
			</node>
			<node>
				<identifier>	MP_BM961_Anchor_Capstan_Cruiser_WW2_Bow_INDEX_1	</identifier>
				<transform>
					<row0>	1.0000 0.0000 0.0000 0.0000	</row0>
					<row1>	0.0000 1.0000 0.0000 0.0000	</row1>
					<row2>	0.0000 0.0000 1.0000 0.0000	</row2>
					<row3>	-0.1978 0.6146 6.1736 1.0000	</row3>
				</transform>
			</node>
			<node>
				<identifier>	MP_BM962_Chain_Fairlead	</identifier>
				<transform>
					<row0>	0.9524 0.0000 -0.3048 0.0000	</row0>
					<row1>	0.0000 1.0000 0.0000 0.0000	</row1>
					<row2>	0.3048 0.0000 0.9524 0.0000	</row2>
					<row3>	-0.0974 0.6034 6.3960 1.0000	</row3>
				</transform>
			</node>
			<node>
				<identifier>	MP_BM962_Chain_Fairlead_INDEX_1	</identifier>
				<transform>
					<row0>	0.9524 0.0000 0.3048 0.0000	</row0>
					<row1>	0.0000 1.0000 0.0000 0.0000	</row1>
					<row2>	-0.3048 0.0000 0.9524 0.0000	</row2>
					<row3>	0.0990 0.6034 6.3965 1.0000	</row3>
				</transform>
			</node>
			<node>
				<identifier>	MP_CM011_Fire_Fighting_Gear	</identifier>
				<transform>
					<row0>	1.0000 0.0000 0.0000 0.0000	</row0>
					<row1>	0.0000 1.0000 0.0000 0.0000	</row1>
					<row2>	0.0000 0.0000 1.0000 0.0000	</row2>
					<row3>	-0.0386 0.6076 6.4474 1.0000	</row3>
				</transform>
			</node>
			<node>
				<identifier>	MP_CM011_Fire_Fighting_Gear_INDEX_1	</identifier>
				<transform>
					<row0>	1.0000 0.0000 0.0000 0.0000	</row0>
					<row1>	0.0000 1.0000 0.0000 0.0000	</row1>
					<row2>	0.0000 0.0000 1.0000 0.0000	</row2>
					<row3>	0.0386 0.6076 6.4474 1.0000	</row3>
				</transform>
			</node>
			<node>
				<identifier>	MP_CM012_Fire_Hose_Rack_1	</identifier>
				<transform>
					<row0>	-0.6944 0.0000 -0.7196 0.0000	</row0>
					<row1>	0.0000 1.0000 0.0000 0.0000	</row1>
					<row2>	0.7196 0.0000 -0.6944 0.0000	</row2>
					<row3>	-0.1910 0.6245 5.2884 1.0000	</row3>
				</transform>
			</node>
			<node>
				<identifier>	MP_CM012_Fire_Hose_Rack_1_INDEX_1	</identifier>
				<transform>
					<row0>	0.0000 -0.2274 0.9738 0.0000	</row0>
					<row1>	0.0000 0.9738 0.2274 0.0000	</row1>
					<row2>	-1.0000 0.0000 0.0000 0.0000	</row2>
					<row3>	0.1013 0.5565 4.4904 1.0000	</row3>
				</transform>
			</node>
			<node>
				<identifier>	MP_CM012_Fire_Hose_Rack_1_INDEX_2	</identifier>
				<transform>
					<row0>	0.6944 0.0000 -0.7196 0.0000	</row0>
					<row1>	0.0000 1.0000 0.0000 0.0000	</row1>
					<row2>	0.7196 0.0000 0.6944 0.0000	</row2>
					<row3>	0.1910 0.6245 5.2884 1.0000	</row3>
				</transform>
			</node>
			<node>
				<identifier>	MP_CM029_Emergency_Box	</identifier>
				<transform>
					<row0>	0.6990 0.0000 -0.7151 0.0000	</row0>
					<row1>	0.0000 1.0000 0.0000 0.0000	</row1>
					<row2>	0.7151 0.0000 0.6990 0.0000	</row2>
					<row3>	0.1610 0.6230 5.2268 1.0000	</row3>
				</transform>
			</node>
			<node>
				<identifier>	MP_CM029_Emergency_Box_INDEX_1	</identifier>
				<transform>
					<row0>	0.6990 0.0000 0.7151 0.0000	</row0>
					<row1>	0.0000 1.0000 0.0000 0.0000	</row1>
					<row2>	-0.7151 0.0000 0.6990 0.0000	</row2>
					<row3>	-0.1610 0.6230 5.2268 1.0000	</row3>
				</transform>
			</node>
			<node>
				<identifier>	MP_CM029_Emergency_Box_INDEX_2	</identifier>
				<transform>
					<row0>	1.0000 0.0000 0.0000 0.0000	</row0>
					<row1>	0.0000 0.9667 0.2557 0.0000	</row1>
					<row2>	0.0000 -0.2557 0.9667 0.0000	</row2>
					<row3>	-0.0977 0.5550 4.4834 1.0000	</row3>
				</transform>
			</node>
			<node>
				<identifier>	MP_CM104_Life_Buoy	</identifier>
				<transform>
					<row0>	-0.0971 0.0000 -0.9953 0.0000	</row0>
					<row1>	0.0000 1.0000 0.0000 0.0000	</row1>
					<row2>	0.9953 0.0000 -0.0971 0.0000	</row2>
					<row3>	-0.7722 0.6029 4.8129 1.0000	</row3>
				</transform>
			</node>
			<node>
				<identifier>	MP_CM104_Life_Buoy_INDEX_1	</identifier>
				<transform>
					<row0>	-0.0971 0.0000 0.9953 0.0000	</row0>
					<row1>	0.0000 1.0000 0.0000 0.0000	</row1>
					<row2>	-0.9953 0.0000 -0.0971 0.0000	</row2>
					<row3>	0.7720 0.6028 4.8129 1.0000	</row3>
				</transform>
			</node>
			<node>
				<identifier>	MP_CM182_Stairs	</identifier>
				<transform>
					<row0>	1.0000 0.0000 0.0000 0.0000	</row0>
					<row1>	0.0000 0.9996 -0.0268 0.0000	</row1>
					<row2>	0.0000 0.0268 0.9996 0.0000	</row2>
					<row3>	0.0000 0.5731 4.7764 1.0000	</row3>
				</transform>
			</node>
			<node>
				<identifier>	SP_YMS001_YHBM_M_1	</identifier>
				<transform>
					<row0>	1.2040 0.0000 0.0000 0.0000	</row0>
					<row1>	0.0000 1.1919 -0.1707 0.0000	</row1>
					<row2>	0.0000 0.1707 1.1919 0.0000	</row2>
					<row3>	0.0000 0.6904 7.3619 1.0000	</row3>
				</transform>
			</node>
			<node>
				<identifier>	SP_YMS002_YHBL_M_1	</identifier>
				<transform>
					<row0>	1.0320 0.0000 -0.2765 0.0000	</row0>
					<row1>	-0.0171 1.0663 -0.0639 0.0000	</row1>
					<row2>	0.2760 0.0662 1.0300 0.0000	</row2>
					<row3>	0.0487 0.6732 7.3698 1.0000	</row3>
				</transform>
			</node>
			<node>
				<identifier>	SP_YMS003_YHBR_M_1	</identifier>
				<transform>
					<row0>	1.0320 0.0000 0.2765 0.0000	</row0>
					<row1>	0.0171 1.0663 -0.0639 0.0000	</row1>
					<row2>	-0.2760 0.0662 1.0300 0.0000	</row2>
					<row3>	-0.0487 0.6732 7.3698 1.0000	</row3>
				</transform>
			</node>
			<node>
				<identifier>	SP_YMS004_YHXL_L_1	</identifier>
				<transform>
					<row0>	1.0766 0.2994 -0.3077 0.0000	</row0>
					<row1>	-0.3077 1.1174 0.0106 0.0000	</row1>
					<row2>	0.2994 0.0718 1.1174 0.0000	</row2>
					<row3>	-0.1604 0.4686 7.0594 1.0000	</row3>
				</transform>
			</node>
			<node>
				<identifier>	SP_YMS005_YHXR_L_1	</identifier>
				<transform>
					<row0>	1.0764 -0.2994 0.3077 0.0000	</row0>
					<row1>	0.3077 1.1172 0.0106 0.0000	</row1>
					<row2>	-0.2994 0.0718 1.1172 0.0000	</row2>
					<row3>	0.1604 0.4686 7.0594 1.0000	</row3>
				</transform>
			</node>
			<node>
				<identifier>	SP_YMS010_YHWM_L_1	</identifier>
				<transform>
					<row0>	0.6938 0.0000 0.0000 0.0000	</row0>
					<row1>	0.0000 0.6938 0.0000 0.0000	</row1>
					<row2>	0.0000 0.0000 0.6938 0.0000	</row2>
					<row3>	0.0000 0.0000 7.3137 1.0000	</row3>
				</transform>
			</node>
			<node>
				<identifier>	SP_YMS011_YHWL_M_1	</identifier>
				<transform>
					<row0>	0.9150 0.3494 -0.2015 0.0000	</row0>
					<row1>	-0.3479 0.9365 0.0442 0.0000	</row1>
					<row2>	0.2042 0.0296 0.9785 0.0000	</row2>
					<row3>	-0.2706 -0.0084 6.0186 1.0000	</row3>
				</transform>
			</node>
			<node>
				<identifier>	SP_YMS011_YHWL_M_1_INDEX_1	</identifier>
				<transform>
					<row0>	0.9271 0.3304 -0.1771 0.0000	</row0>
					<row1>	-0.3276 0.9437 0.0453 0.0000	</row1>
					<row2>	0.1821 0.0160 0.9831 0.0000	</row2>
					<row3>	-0.4451 -0.0158 5.1845 1.0000	</row3>
				</transform>
			</node>
			<node>
				<identifier>	SP_YMS011_YHWL_M_1_INDEX_2	</identifier>
				<transform>
					<row0>	0.9526 0.2734 -0.1334 0.0000	</row0>
					<row1>	-0.2710 0.9619 0.0361 0.0000	</row1>
					<row2>	0.1382 0.0017 0.9904 0.0000	</row2>
					<row3>	-0.5854 -0.0205 4.3453 1.0000	</row3>
				</transform>
			</node>
			<node>
				<identifier>	SP_YMS012_YHWR_M_1	</identifier>
				<transform>
					<row0>	0.9150 -0.3494 0.2015 0.0000	</row0>
					<row1>	0.3479 0.9365 0.0442 0.0000	</row1>
					<row2>	-0.2042 0.0296 0.9785 0.0000	</row2>
					<row3>	0.2706 -0.0084 6.0186 1.0000	</row3>
				</transform>
			</node>
			<node>
				<identifier>	SP_YMS012_YHWR_M_1_INDEX_1	</identifier>
				<transform>
					<row0>	0.9271 -0.3304 0.1771 0.0000	</row0>
					<row1>	0.3276 0.9437 0.0453 0.0000	</row1>
					<row2>	-0.1821 0.0160 0.9831 0.0000	</row2>
					<row3>	0.4451 -0.0158 5.1845 1.0000	</row3>
				</transform>
			</node>
			<node>
				<identifier>	SP_YMS012_YHWR_M_1_INDEX_2	</identifier>
				<transform>
					<row0>	0.9526 -0.2734 0.1334 0.0000	</row0>
					<row1>	0.2710 0.9619 0.0361 0.0000	</row1>
					<row2>	-0.1382 0.0017 0.9904 0.0000	</row2>
					<row3>	0.5854 -0.0205 4.3453 1.0000	</row3>
				</transform>
			</node>
			<node>
				<identifier>	SP_YMS020_YHBU_M_1	</identifier>
				<transform>
					<row0>	1.0000 0.0000 0.0000 0.0000	</row0>
					<row1>	0.0000 1.0000 0.0000 0.0000	</row1>
					<row2>	0.0000 0.0000 1.0000 0.0000	</row2>
					<row3>	0.0000 -0.1253 7.2428 1.0000	</row3>
				</transform>
			</node>
			<node>
				<identifier>	SP_YMS022_YHUS_L_1_INDEX_1	</identifier>
				<transform>
					<row0>	-0.1555 -0.0176 -0.9877 0.0000	</row0>
					<row1>	-0.4733 0.8790 0.0588 0.0000	</row1>
					<row2>	0.8671 0.4766 -0.1450 0.0000	</row2>
					<row3>	-0.4000 -0.3781 4.2187 1.0000	</row3>
				</transform>
			</node>
			<node>
				<identifier>	SP_YMS022_YHUS_L_1_INDEX_3	</identifier>
				<transform>
					<row0>	-0.1555 0.0176 0.9877 0.0000	</row0>
					<row1>	0.4733 0.8790 0.0588 0.0000	</row1>
					<row2>	-0.8671 0.4766 -0.1450 0.0000	</row2>
					<row3>	0.4000 -0.3781 4.2187 1.0000	</row3>
				</transform>
			</node>
			<node>
				<identifier>	SP_YMS051_YHDL_L_1	</identifier>
				<transform>
					<row0>	0.9964 -0.0030 -0.0851 0.0000	</row0>
					<row1>	0.0000 0.9994 -0.0357 0.0000	</row1>
					<row2>	0.0851 0.0356 0.9957 0.0000	</row2>
					<row3>	-0.8486 0.5097 4.7265 1.0000	</row3>
				</transform>
			</node>
			<node>
				<identifier>	SP_YMS052_YHDR_L_1	</identifier>
				<transform>
					<row0>	0.9964 0.0030 0.0851 0.0000	</row0>
					<row1>	0.0000 0.9994 -0.0357 0.0000	</row1>
					<row2>	-0.0851 0.0356 0.9957 0.0000	</row2>
					<row3>	0.8486 0.5097 4.7265 1.0000	</row3>
				</transform>
			</node>
			<node>
				<identifier>	SP_YMS053_YHDC_S_1	</identifier>
				<transform>
					<row0>	1.3631 0.0000 0.0000 0.0000	</row0>
					<row1>	0.0000 1.3617 -0.0621 0.0000	</row1>
					<row2>	0.0000 0.0621 1.3617 0.0000	</row2>
					<row3>	0.0000 0.5893 5.6473 1.0000	</row3>
				</transform>
			</node>
			<node>
				<identifier>	SP_YMS080_YHSL_M_1	</identifier>
				<transform>
					<row0>	0.8591 0.4783 -0.1822 0.0000	</row0>
					<row1>	-0.5017 0.8574 -0.1147 0.0000	</row1>
					<row2>	0.1013 0.1899 0.9766 0.0000	</row2>
					<row3>	-0.3904 0.2793 5.9762 1.0000	</row3>
				</transform>
			</node>
			<node>
				<identifier>	SP_YMS080_YHSL_M_1_INDEX_1	</identifier>
				<transform>
					<row0>	0.8690 0.4790 -0.1246 0.0000	</row0>
					<row1>	-0.4939 0.8552 -0.1570 0.0000	</row1>
					<row2>	0.0313 0.1980 0.9797 0.0000	</row2>
					<row3>	-0.6398 0.3552 4.9708 1.0000	</row3>
				</transform>
			</node>
			<node>
				<identifier>	SP_YMS081_YHSR_M_1	</identifier>
				<transform>
					<row0>	0.8591 -0.4783 0.1822 0.0000	</row0>
					<row1>	0.5017 0.8574 -0.1147 0.0000	</row1>
					<row2>	-0.1013 0.1899 0.9766 0.0000	</row2>
					<row3>	0.3904 0.2793 5.9762 1.0000	</row3>
				</transform>
			</node>
			<node>
				<identifier>	SP_YMS081_YHSR_M_1_INDEX_1	</identifier>
				<transform>
					<row0>	0.8690 -0.4790 0.1246 0.0000	</row0>
					<row1>	0.4939 0.8552 -0.1570 0.0000	</row1>
					<row2>	-0.0313 0.1980 0.9797 0.0000	</row2>
					<row3>	0.6398 0.3552 4.9708 1.0000	</row3>
				</transform>
			</node>
			<node>
				<identifier>	SP_YMS096_YHZC_S_1	</identifier>
				<transform>
					<row0>	-1.0000 0.0000 0.0000 0.0000	</row0>
					<row1>	0.0000 1.0000 0.0000 0.0000	</row1>
					<row2>	0.0000 0.0000 -1.0000 0.0000	</row2>
					<row3>	-0.0018 0.6575 5.4886 1.0000	</row3>
				</transform>
			</node>
			<node>
				<identifier>	SP_YMS096_YHZC_S_1_INDEX_1	</identifier>
				<transform>
					<row0>	-0.7011 0.0000 -0.7130 0.0000	</row0>
					<row1>	0.0000 1.0000 0.0000 0.0000	</row1>
					<row2>	0.7130 0.0000 -0.7011 0.0000	</row2>
					<row3>	-0.3105 0.6513 5.3339 1.0000	</row3>
				</transform>
			</node>
			<node>
				<identifier>	SP_YMS096_YHZC_S_1_INDEX_2	</identifier>
				<transform>
					<row0>	-0.7011 0.0000 0.7130 0.0000	</row0>
					<row1>	0.0000 1.0000 0.0000 0.0000	</row1>
					<row2>	-0.7130 0.0000 -0.7011 0.0000	</row2>
					<row3>	0.3105 0.6513 5.3339 1.0000	</row3>
				</transform>
			</node>
		</node>
	</node>
	<boundingBox>
		<min>	-0.0667 -0.0667 -0.0667	</min>
		<max>	0.0667 0.0667 0.0667	</max>
	</boundingBox>
</BSC048_Defence_1948_Bow_ports.visual>
