<RAF705_Yakovlev_Yak_9U_lod3.visual>
	<node>
		<identifier>	Scene Root	</identifier>
		<transform>
			<row0>	1.0000 0.0000 0.0000 0.0000	</row0>
			<row1>	0.0000 1.0000 0.0000 0.0000	</row1>
			<row2>	0.0000 0.0000 1.0000 0.0000	</row2>
			<row3>	0.0000 0.0000 0.0000 1.0000	</row3>
		</transform>
		<node>
			<identifier>	Root	</identifier>
			<transform>
				<row0>	1.0000 0.0000 0.0000 0.0000	</row0>
				<row1>	0.0000 1.0000 0.0000 0.0000	</row1>
				<row2>	0.0000 0.0000 1.0000 0.0000	</row2>
				<row3>	0.0000 0.0000 0.0000 1.0000	</row3>
			</transform>
			<node>
				<identifier>	HP_Air_break_1	</identifier>
				<transform>
					<row0>	1.0000 0.0000 0.0000 0.0000	</row0>
					<row1>	0.0000 1.0000 0.0000 0.0000	</row1>
					<row2>	0.0000 0.0000 1.0000 0.0000	</row2>
					<row3>	-0.1661 0.0901 -0.0961 1.0000	</row3>
				</transform>
			</node>
			<node>
				<identifier>	HP_Air_break_2	</identifier>
				<transform>
					<row0>	1.0000 0.0000 0.0000 0.0000	</row0>
					<row1>	0.0000 1.0000 0.0000 0.0000	</row1>
					<row2>	0.0000 0.0000 1.0000 0.0000	</row2>
					<row3>	0.1661 0.0901 -0.0961 1.0000	</row3>
				</transform>
			</node>
			<node>
				<identifier>	HP_Air_death_1	</identifier>
				<transform>
					<row0>	1.0000 0.0000 0.0000 0.0000	</row0>
					<row1>	0.0000 1.0000 0.0000 0.0000	</row1>
					<row2>	0.0000 0.0000 1.0000 0.0000	</row2>
					<row3>	0.0000 0.1197 0.0308 1.0000	</row3>
				</transform>
			</node>
			<node>
				<identifier>	HP_Air_enginelight_1	</identifier>
				<transform>
					<row0>	0.9957 0.0000 -0.0927 0.0000	</row0>
					<row1>	0.0000 1.0000 0.0000 0.0000	</row1>
					<row2>	0.0927 0.0000 0.9957 0.0000	</row2>
					<row3>	-0.0278 0.1227 0.0984 1.0000	</row3>
				</transform>
			</node>
			<node>
				<identifier>	HP_Air_enginelight_10	</identifier>
				<transform>
					<row0>	0.9950 0.0000 0.0998 0.0000	</row0>
					<row1>	0.0000 1.0000 0.0000 0.0000	</row1>
					<row2>	-0.0998 0.0000 0.9950 0.0000	</row2>
					<row3>	0.0293 0.1226 0.0769 1.0000	</row3>
				</transform>
			</node>
			<node>
				<identifier>	HP_Air_enginelight_11	</identifier>
				<transform>
					<row0>	0.9950 0.0000 0.0998 0.0000	</row0>
					<row1>	0.0000 1.0000 0.0000 0.0000	</row1>
					<row2>	-0.0998 0.0000 0.9950 0.0000	</row2>
					<row3>	0.0302 0.1225 0.0657 1.0000	</row3>
				</transform>
			</node>
			<node>
				<identifier>	HP_Air_enginelight_12	</identifier>
				<transform>
					<row0>	0.9950 0.0000 0.0998 0.0000	</row0>
					<row1>	0.0000 1.0000 0.0000 0.0000	</row1>
					<row2>	-0.0998 0.0000 0.9950 0.0000	</row2>
					<row3>	0.0310 0.1226 0.0543 1.0000	</row3>
				</transform>
			</node>
			<node>
				<identifier>	HP_Air_enginelight_13	</identifier>
				<transform>
					<row0>	0.9950 0.0000 0.0998 0.0000	</row0>
					<row1>	0.0000 1.0000 0.0000 0.0000	</row1>
					<row2>	-0.0998 0.0000 0.9950 0.0000	</row2>
					<row3>	0.0317 0.1225 0.0424 1.0000	</row3>
				</transform>
			</node>
			<node>
				<identifier>	HP_Air_enginelight_14	</identifier>
				<transform>
					<row0>	0.9950 0.0000 0.0998 0.0000	</row0>
					<row1>	0.0000 1.0000 0.0000 0.0000	</row1>
					<row2>	-0.0998 0.0000 0.9950 0.0000	</row2>
					<row3>	0.0323 0.1224 0.0316 1.0000	</row3>
				</transform>
			</node>
			<node>
				<identifier>	HP_Air_enginelight_2	</identifier>
				<transform>
					<row0>	0.9957 0.0000 -0.0927 0.0000	</row0>
					<row1>	0.0000 1.0000 0.0000 0.0000	</row1>
					<row2>	0.0927 0.0000 0.9957 0.0000	</row2>
					<row3>	-0.0289 0.1227 0.0879 1.0000	</row3>
				</transform>
			</node>
			<node>
				<identifier>	HP_Air_enginelight_3	</identifier>
				<transform>
					<row0>	0.9957 0.0000 -0.0927 0.0000	</row0>
					<row1>	0.0000 1.0000 0.0000 0.0000	</row1>
					<row2>	0.0927 0.0000 0.9957 0.0000	</row2>
					<row3>	-0.0293 0.1228 0.0769 1.0000	</row3>
				</transform>
			</node>
			<node>
				<identifier>	HP_Air_enginelight_4	</identifier>
				<transform>
					<row0>	0.9957 0.0000 -0.0927 0.0000	</row0>
					<row1>	0.0000 1.0000 0.0000 0.0000	</row1>
					<row2>	0.0927 0.0000 0.9957 0.0000	</row2>
					<row3>	-0.0302 0.1227 0.0657 1.0000	</row3>
				</transform>
			</node>
			<node>
				<identifier>	HP_Air_enginelight_5	</identifier>
				<transform>
					<row0>	0.9957 0.0000 -0.0927 0.0000	</row0>
					<row1>	0.0000 1.0000 0.0000 0.0000	</row1>
					<row2>	0.0927 0.0000 0.9957 0.0000	</row2>
					<row3>	-0.0310 0.1227 0.0543 1.0000	</row3>
				</transform>
			</node>
			<node>
				<identifier>	HP_Air_enginelight_6	</identifier>
				<transform>
					<row0>	0.9957 0.0000 -0.0927 0.0000	</row0>
					<row1>	0.0000 1.0000 0.0000 0.0000	</row1>
					<row2>	0.0927 0.0000 0.9957 0.0000	</row2>
					<row3>	-0.0317 0.1226 0.0424 1.0000	</row3>
				</transform>
			</node>
			<node>
				<identifier>	HP_Air_enginelight_7	</identifier>
				<transform>
					<row0>	0.9957 0.0000 -0.0927 0.0000	</row0>
					<row1>	0.0000 1.0000 0.0000 0.0000	</row1>
					<row2>	0.0927 0.0000 0.9957 0.0000	</row2>
					<row3>	-0.0323 0.1226 0.0316 1.0000	</row3>
				</transform>
			</node>
			<node>
				<identifier>	HP_Air_enginelight_8	</identifier>
				<transform>
					<row0>	0.9950 0.0000 0.0998 0.0000	</row0>
					<row1>	0.0000 1.0000 0.0000 0.0000	</row1>
					<row2>	-0.0998 0.0000 0.9950 0.0000	</row2>
					<row3>	0.0278 0.1227 0.0983 1.0000	</row3>
				</transform>
			</node>
			<node>
				<identifier>	HP_Air_enginelight_9	</identifier>
				<transform>
					<row0>	0.9950 0.0000 0.0998 0.0000	</row0>
					<row1>	0.0000 1.0000 0.0000 0.0000	</row1>
					<row2>	-0.0998 0.0000 0.9950 0.0000	</row2>
					<row3>	0.0289 0.1226 0.0879 1.0000	</row3>
				</transform>
			</node>
			<node>
				<identifier>	HP_Air_fire_1	</identifier>
				<transform>
					<row0>	1.0000 0.0000 0.0000 0.0000	</row0>
					<row1>	0.0000 1.0000 0.0000 0.0000	</row1>
					<row2>	0.0000 0.0000 1.0000 0.0000	</row2>
					<row3>	-0.0323 0.1226 0.0316 1.0000	</row3>
				</transform>
			</node>
			<node>
				<identifier>	HP_Air_fire_2	</identifier>
				<transform>
					<row0>	1.0000 0.0000 0.0000 0.0000	</row0>
					<row1>	0.0000 1.0000 0.0000 0.0000	</row1>
					<row2>	0.0000 0.0000 1.0000 0.0000	</row2>
					<row3>	0.0310 0.1226 0.0543 1.0000	</row3>
				</transform>
			</node>
			<node>
				<identifier>	HP_Air_fire_3	</identifier>
				<transform>
					<row0>	1.0000 0.0000 0.0000 0.0000	</row0>
					<row1>	0.0000 1.0000 0.0000 0.0000	</row1>
					<row2>	0.0000 0.0000 1.0000 0.0000	</row2>
					<row3>	-0.0182 0.1455 -0.0148 1.0000	</row3>
				</transform>
			</node>
			<node>
				<identifier>	HP_Air_fire_4	</identifier>
				<transform>
					<row0>	1.0000 0.0000 0.0000 0.0000	</row0>
					<row1>	0.0000 1.0000 0.0000 0.0000	</row1>
					<row2>	0.0000 0.0000 1.0000 0.0000	</row2>
					<row3>	-0.0802 0.0926 -0.0606 1.0000	</row3>
				</transform>
			</node>
			<node>
				<identifier>	HP_Air_fire_5	</identifier>
				<transform>
					<row0>	1.0000 0.0000 0.0000 0.0000	</row0>
					<row1>	0.0000 1.0000 0.0000 0.0000	</row1>
					<row2>	0.0000 0.0000 1.0000 0.0000	</row2>
					<row3>	0.0783 0.0927 -0.0593 1.0000	</row3>
				</transform>
			</node>
			<node>
				<identifier>	HP_Air_fire_6	</identifier>
				<transform>
					<row0>	1.0000 0.0000 0.0000 0.0000	</row0>
					<row1>	0.0000 1.0000 0.0000 0.0000	</row1>
					<row2>	0.0000 0.0000 1.0000 0.0000	</row2>
					<row3>	0.0156 0.1380 0.0963 1.0000	</row3>
				</transform>
			</node>
			<node>
				<identifier>	HP_Air_fire_7	</identifier>
				<transform>
					<row0>	1.0000 0.0000 0.0000 0.0000	</row0>
					<row1>	0.0000 1.0000 0.0000 0.0000	</row1>
					<row2>	0.0000 0.0000 1.0000 0.0000	</row2>
					<row3>	-0.0040 0.1146 -0.3208 1.0000	</row3>
				</transform>
			</node>
			<node>
				<identifier>	HP_Air_flytrail_1	</identifier>
				<transform>
					<row0>	1.0000 0.0000 0.0000 0.0000	</row0>
					<row1>	0.0000 1.0000 0.0000 0.0000	</row1>
					<row2>	0.0000 0.0000 1.0000 0.0000	</row2>
					<row3>	-0.3246 0.1106 -0.0351 1.0000	</row3>
				</transform>
			</node>
			<node>
				<identifier>	HP_Air_flytrail_2	</identifier>
				<transform>
					<row0>	1.0000 0.0000 0.0000 0.0000	</row0>
					<row1>	0.0000 1.0000 0.0000 0.0000	</row1>
					<row2>	0.0000 0.0000 1.0000 0.0000	</row2>
					<row3>	0.3246 0.1106 -0.0351 1.0000	</row3>
				</transform>
			</node>
			<node>
				<identifier>	HP_Air_gunfire_1	</identifier>
				<transform>
					<row0>	1.0000 0.0000 0.0000 0.0000	</row0>
					<row1>	0.0000 1.0000 0.0000 0.0000	</row1>
					<row2>	0.0000 0.0000 1.0000 0.0000	</row2>
					<row3>	-0.0103 0.1410 0.0891 1.0000	</row3>
				</transform>
			</node>
			<node>
				<identifier>	HP_Air_gunfire_2	</identifier>
				<transform>
					<row0>	1.0000 0.0000 0.0000 0.0000	</row0>
					<row1>	0.0000 1.0000 0.0000 0.0000	</row1>
					<row2>	0.0000 0.0000 1.0000 0.0000	</row2>
					<row3>	0.0103 0.1410 0.0891 1.0000	</row3>
				</transform>
			</node>
			<node>
				<identifier>	HP_Air_gunfire_3	</identifier>
				<transform>
					<row0>	1.0000 0.0000 0.0000 0.0000	</row0>
					<row1>	0.0000 1.0000 0.0000 0.0000	</row1>
					<row2>	0.0000 0.0000 1.0000 0.0000	</row2>
					<row3>	0.0000 0.1195 0.1640 1.0000	</row3>
				</transform>
			</node>
			<node>
				<identifier>	HP_Air_ricochet_1	</identifier>
				<transform>
					<row0>	1.0000 0.0000 0.0000 0.0000	</row0>
					<row1>	0.0000 1.0000 0.0000 0.0000	</row1>
					<row2>	0.0000 0.0000 1.0000 0.0000	</row2>
					<row3>	-0.0276 0.1316 -0.0148 1.0000	</row3>
				</transform>
			</node>
			<node>
				<identifier>	HP_Air_ricochet_2	</identifier>
				<transform>
					<row0>	1.0000 0.0000 0.0000 0.0000	</row0>
					<row1>	0.0000 1.0000 0.0000 0.0000	</row1>
					<row2>	0.0000 0.0000 1.0000 0.0000	</row2>
					<row3>	-0.2580 0.1088 -0.0386 1.0000	</row3>
				</transform>
			</node>
			<node>
				<identifier>	HP_Air_ricochet_3	</identifier>
				<transform>
					<row0>	1.0000 0.0000 0.0000 0.0000	</row0>
					<row1>	0.0000 1.0000 0.0000 0.0000	</row1>
					<row2>	0.0000 0.0000 1.0000 0.0000	</row2>
					<row3>	-0.0113 0.1507 -0.2345 1.0000	</row3>
				</transform>
			</node>
			<node>
				<identifier>	HP_Air_ricochet_4	</identifier>
				<transform>
					<row0>	1.0000 0.0000 0.0000 0.0000	</row0>
					<row1>	0.0000 1.0000 0.0000 0.0000	</row1>
					<row2>	0.0000 0.0000 1.0000 0.0000	</row2>
					<row3>	0.0256 0.1192 -0.1676 1.0000	</row3>
				</transform>
			</node>
			<node>
				<identifier>	HP_Air_ricochet_5	</identifier>
				<transform>
					<row0>	1.0000 0.0000 0.0000 0.0000	</row0>
					<row1>	0.0000 1.0000 0.0000 0.0000	</row1>
					<row2>	0.0000 0.0000 1.0000 0.0000	</row2>
					<row3>	0.0737 0.0952 0.0046 1.0000	</row3>
				</transform>
			</node>
			<node>
				<identifier>	HP_Air_ricochet_6	</identifier>
				<transform>
					<row0>	1.0000 0.0000 0.0000 0.0000	</row0>
					<row1>	0.0000 1.0000 0.0000 0.0000	</row1>
					<row2>	0.0000 0.0000 1.0000 0.0000	</row2>
					<row3>	0.0018 0.1994 -0.3293 1.0000	</row3>
				</transform>
			</node>
			<node>
				<identifier>	HP_Air_rocket_1	</identifier>
				<transform>
					<row0>	0.9920 -0.1264 0.0000 0.0000	</row0>
					<row1>	0.1264 0.9920 0.0000 0.0000	</row1>
					<row2>	0.0000 0.0000 1.0000 0.0000	</row2>
					<row3>	-0.1471 0.0782 -0.0179 1.0000	</row3>
				</transform>
			</node>
			<node>
				<identifier>	HP_Air_rocket_2	</identifier>
				<transform>
					<row0>	0.9920 0.1264 0.0000 0.0000	</row0>
					<row1>	-0.1264 0.9920 0.0000 0.0000	</row1>
					<row2>	0.0000 0.0000 1.0000 0.0000	</row2>
					<row3>	0.1472 0.0782 -0.0179 1.0000	</row3>
				</transform>
			</node>
			<node>
				<identifier>	HP_Air_rocket_3	</identifier>
				<transform>
					<row0>	0.9920 -0.1264 0.0000 0.0000	</row0>
					<row1>	0.1264 0.9920 0.0000 0.0000	</row1>
					<row2>	0.0000 0.0000 1.0000 0.0000	</row2>
					<row3>	-0.1887 0.0835 -0.0179 1.0000	</row3>
				</transform>
			</node>
			<node>
				<identifier>	HP_Air_rocket_4	</identifier>
				<transform>
					<row0>	0.9920 0.1264 0.0000 0.0000	</row0>
					<row1>	-0.1264 0.9920 0.0000 0.0000	</row1>
					<row2>	0.0000 0.0000 1.0000 0.0000	</row2>
					<row3>	0.1887 0.0835 -0.0179 1.0000	</row3>
				</transform>
			</node>
			<node>
				<identifier>	HP_jato_1	</identifier>
				<transform>
					<row0>	0.3808 -0.9245 0.0188 0.0000	</row0>
					<row1>	0.9245 0.3803 -0.0246 0.0000	</row1>
					<row2>	0.0156 0.0268 0.9995 0.0000	</row2>
					<row3>	-0.0234 0.0956 -0.2006 1.0000	</row3>
				</transform>
			</node>
			<node>
				<identifier>	HP_jato_2	</identifier>
				<transform>
					<row0>	0.3808 0.9245 -0.0188 0.0000	</row0>
					<row1>	-0.9245 0.3803 -0.0246 0.0000	</row1>
					<row2>	-0.0156 0.0268 0.9995 0.0000	</row2>
					<row3>	0.0234 0.0956 -0.2006 1.0000	</row3>
				</transform>
			</node>
			<node>
				<identifier>	Root_BlendBone	</identifier>
				<transform>
					<row0>	1.0000 0.0000 0.0000 0.0000	</row0>
					<row1>	0.0000 1.0000 0.0000 0.0000	</row1>
					<row2>	0.0000 0.0000 1.0000 0.0000	</row2>
					<row3>	0.0000 0.0000 0.0000 1.0000	</row3>
				</transform>
			</node>
			<node>
				<identifier>	elevator_1	</identifier>
				<transform>
					<row0>	1.0000 0.0000 0.0000 0.0000	</row0>
					<row1>	0.0000 1.0000 0.0000 0.0000	</row1>
					<row2>	0.0000 0.0000 1.0000 0.0000	</row2>
					<row3>	0.0000 0.1439 -0.3485 1.0000	</row3>
				</transform>
				<node>
					<identifier>	elevator_1_BlendBone	</identifier>
					<transform>
						<row0>	1.0000 0.0000 0.0000 0.0000	</row0>
						<row1>	0.0000 1.0000 0.0000 0.0000	</row1>
						<row2>	0.0000 0.0000 1.0000 0.0000	</row2>
						<row3>	0.0000 -0.1439 0.3485 1.0000	</row3>
					</transform>
				</node>
			</node>
			<node>
				<identifier>	l_ailerone_1	</identifier>
				<transform>
					<row0>	0.9735 -0.1195 -0.1951 0.0000	</row0>
					<row1>	0.1219 0.9925 0.0000 0.0000	</row1>
					<row2>	0.1936 -0.0238 0.9808 0.0000	</row2>
					<row3>	-0.2947 0.1064 -0.0682 1.0000	</row3>
				</transform>
				<node>
					<identifier>	l_ailerone_1_BlendBone	</identifier>
					<transform>
						<row0>	0.9735 0.1219 0.1936 0.0000	</row0>
						<row1>	-0.1195 0.9925 -0.0238 0.0000	</row1>
						<row2>	-0.1951 0.0000 0.9808 0.0000	</row2>
						<row3>	0.2863 -0.0697 0.1265 1.0000	</row3>
					</transform>
				</node>
			</node>
			<node>
				<identifier>	l_flaps_1	</identifier>
				<transform>
					<row0>	0.9914 -0.1305 0.0000 0.0000	</row0>
					<row1>	0.1305 0.9914 0.0000 0.0000	</row1>
					<row2>	0.0000 0.0000 1.0000 0.0000	</row2>
					<row3>	-0.1661 0.0901 -0.0961 1.0000	</row3>
				</transform>
				<node>
					<identifier>	l_flaps_1_BlendBone	</identifier>
					<transform>
						<row0>	0.9914 0.1305 0.0000 0.0000	</row0>
						<row1>	-0.1305 0.9914 0.0000 0.0000	</row1>
						<row2>	0.0000 0.0000 1.0000 0.0000	</row2>
						<row3>	0.1765 -0.0676 0.0961 1.0000	</row3>
					</transform>
				</node>
			</node>
			<node>
				<identifier>	r_ailerone_1	</identifier>
				<transform>
					<row0>	0.9735 0.1195 0.1951 0.0000	</row0>
					<row1>	-0.1219 0.9925 0.0000 0.0000	</row1>
					<row2>	-0.1936 -0.0238 0.9808 0.0000	</row2>
					<row3>	0.2947 0.1064 -0.0682 1.0000	</row3>
				</transform>
				<node>
					<identifier>	r_ailerone_1_BlendBone	</identifier>
					<transform>
						<row0>	0.9735 -0.1219 -0.1936 0.0000	</row0>
						<row1>	0.1195 0.9925 -0.0238 0.0000	</row1>
						<row2>	0.1951 0.0000 0.9808 0.0000	</row2>
						<row3>	-0.2863 -0.0697 0.1265 1.0000	</row3>
					</transform>
				</node>
			</node>
			<node>
				<identifier>	r_flaps_1	</identifier>
				<transform>
					<row0>	0.9914 0.1305 0.0000 0.0000	</row0>
					<row1>	-0.1305 0.9914 0.0000 0.0000	</row1>
					<row2>	0.0000 0.0000 1.0000 0.0000	</row2>
					<row3>	0.1661 0.0901 -0.0961 1.0000	</row3>
				</transform>
				<node>
					<identifier>	r_flaps_1_BlendBone	</identifier>
					<transform>
						<row0>	0.9914 -0.1305 0.0000 0.0000	</row0>
						<row1>	0.1305 0.9914 0.0000 0.0000	</row1>
						<row2>	0.0000 0.0000 1.0000 0.0000	</row2>
						<row3>	-0.1765 -0.0676 0.0961 1.0000	</row3>
					</transform>
				</node>
			</node>
			<node>
				<identifier>	rudder_1	</identifier>
				<transform>
					<row0>	1.0000 0.0000 0.0000 0.0000	</row0>
					<row1>	0.0000 0.9825 0.1861 0.0000	</row1>
					<row2>	0.0000 -0.1861 0.9825 0.0000	</row2>
					<row3>	0.0000 0.1096 -0.3727 1.0000	</row3>
				</transform>
				<node>
					<identifier>	rudder_1_BlendBone	</identifier>
					<transform>
						<row0>	1.0000 0.0000 0.0000 0.0000	</row0>
						<row1>	0.0000 0.9825 -0.1861 0.0000	</row1>
						<row2>	0.0000 0.1861 0.9825 0.0000	</row2>
						<row3>	0.0000 -0.0383 0.3866 1.0000	</row3>
					</transform>
				</node>
			</node>
		</node>
		<node>
			<identifier>	hull	</identifier>
			<transform>
				<row0>	1.0000 0.0000 0.0000 0.0000	</row0>
				<row1>	0.0000 1.0000 0.0000 0.0000	</row1>
				<row2>	0.0000 0.0000 1.0000 0.0000	</row2>
				<row3>	0.0000 0.0000 0.0000 1.0000	</row3>
			</transform>
			<node>
				<identifier>	chassis_on_BlendBone	</identifier>
				<transform>
					<row0>	1.0000 0.0000 0.0000 0.0000	</row0>
					<row1>	0.0000 1.0000 0.0000 0.0000	</row1>
					<row2>	0.0000 0.0000 1.0000 0.0000	</row2>
					<row3>	0.0000 0.0000 0.0000 1.0000	</row3>
				</transform>
			</node>
			<node>
				<identifier>	propeller_mod	</identifier>
				<transform>
					<row0>	1.0000 0.0000 0.0000 0.0000	</row0>
					<row1>	0.0000 1.0000 0.0000 0.0000	</row1>
					<row2>	0.0000 0.0000 1.0000 0.0000	</row2>
					<row3>	0.0000 0.1194 0.1339 1.0000	</row3>
				</transform>
				<node>
					<identifier>	disc	</identifier>
					<transform>
						<row0>	1.0000 0.0000 0.0000 0.0000	</row0>
						<row1>	0.0000 1.0000 0.0000 0.0000	</row1>
						<row2>	0.0000 0.0000 1.0000 0.0000	</row2>
						<row3>	0.0000 0.0000 0.0000 1.0000	</row3>
					</transform>
				</node>
				<node>
					<identifier>	mod	</identifier>
					<transform>
						<row0>	1.0000 0.0000 0.0000 0.0000	</row0>
						<row1>	0.0000 1.0000 0.0000 0.0000	</row1>
						<row2>	0.0000 0.0000 1.0000 0.0000	</row2>
						<row3>	0.0000 0.0000 0.0000 1.0000	</row3>
					</transform>
				</node>
			</node>
			<node>
				<identifier>	pylon_rocket_default_BlendBone	</identifier>
				<transform>
					<row0>	1.0000 0.0000 0.0000 0.0000	</row0>
					<row1>	0.0000 1.0000 0.0000 0.0000	</row1>
					<row2>	0.0000 0.0000 1.0000 0.0000	</row2>
					<row3>	0.0000 0.0000 0.0000 1.0000	</row3>
				</transform>
			</node>
		</node>
	</node>
	<renderSet>
		<treatAsWorldSpaceObject>	false	</treatAsWorldSpaceObject>
		<node>	chassis_on_BlendBone	</node>
		<geometry>
			<vertices>	chassis_on_BlendBone_lod3Shape.vertices	</vertices>
			<primitive>	chassis_on_BlendBone_lod3Shape.indices	</primitive>
			<primitiveGroup>	0
				<material>
					<identifier>	TL2_SHIPMAT_PBS_Hull	</identifier>
					<mfm>	PnFMods/ModsSDK.zip/RSA598_Black_Chkalov/aircraft/RAF705_Yakovlev_Yak_9U.mfm	</mfm>
				</material>
			</primitiveGroup>
		</geometry>
	</renderSet>
	<renderSet>
		<treatAsWorldSpaceObject>	false	</treatAsWorldSpaceObject>
		<node>	disc	</node>
		<geometry>
			<vertices>	disc_lod3Shape.vertices	</vertices>
			<primitive>	disc_lod3Shape.indices	</primitive>
			<primitiveGroup>	0
				<material>
					<identifier>	PROPELLERMAT_propeller	</identifier>
					<mfm>	PnFMods/ModsSDK.zip/RSA598_Black_Chkalov/aircraft/Russia_Disk_3Blade_01_alpha.mfm	</mfm>
				</material>
			</primitiveGroup>
		</geometry>
	</renderSet>
	<renderSet>
		<treatAsWorldSpaceObject>	true	</treatAsWorldSpaceObject>
		<node>	Root_BlendBone	</node>
		<node>	elevator_1_BlendBone	</node>
		<geometry>
			<vertices>	hull_lod3Shape.vertices	</vertices>
			<primitive>	hull_lod3Shape.indices	</primitive>
			<primitiveGroup>	0
				<material>
					<identifier>	TL2_SHIPMAT_PBS_Hull_skinned	</identifier>
					<mfm>	PnFMods/ModsSDK.zip/RSA598_Black_Chkalov/aircraft/RAF705_Yakovlev_Yak_9U_skinned.mfm	</mfm>
				</material>
			</primitiveGroup>
		</geometry>
	</renderSet>
	<renderSet>
		<treatAsWorldSpaceObject>	false	</treatAsWorldSpaceObject>
		<node>	mod	</node>
		<geometry>
			<vertices>	mod_lod3Shape.vertices	</vertices>
			<primitive>	mod_lod3Shape.indices	</primitive>
			<primitiveGroup>	0
				<material>
					<identifier>	TL2_SHIPMAT_PBS_Hull	</identifier>
					<mfm>	PnFMods/ModsSDK.zip/RSA598_Black_Chkalov/aircraft/RAF705_Yakovlev_Yak_9U.mfm	</mfm>
				</material>
			</primitiveGroup>
		</geometry>
	</renderSet>
	<renderSet>
		<treatAsWorldSpaceObject>	false	</treatAsWorldSpaceObject>
		<node>	pylon_rocket_default_BlendBone	</node>
		<geometry>
			<vertices>	pylon_rocket_default_BlendBone_lod3Shape.vertices	</vertices>
			<primitive>	pylon_rocket_default_BlendBone_lod3Shape.indices	</primitive>
			<primitiveGroup>	0
				<material>
					<identifier>	TL2_SHIPMAT_PBS_Hull	</identifier>
					<mfm>	PnFMods/ModsSDK.zip/RSA598_Black_Chkalov/aircraft/RAF705_Yakovlev_Yak_9U.mfm	</mfm>
				</material>
			</primitiveGroup>
		</geometry>
	</renderSet>
	<boundingBox>
		<min>	-0.3215 0.0005 -0.4037	</min>
		<max>	0.3215 0.2217 0.2006	</max>
	</boundingBox>
</RAF705_Yakovlev_Yak_9U_lod3.visual>
