<RSC009_Kutuzov_1952_MidFront_ports.visual>
	<node>
		<identifier>	Scene Root	</identifier>
		<transform>
			<row0>	1.0000 0.0000 0.0000 0.0000	</row0>
			<row1>	0.0000 1.0000 0.0000 0.0000	</row1>
			<row2>	0.0000 0.0000 1.0000 0.0000	</row2>
			<row3>	0.0000 0.0000 0.0000 1.0000	</row3>
		</transform>
		<node>
			<identifier>	MidFront_ports	</identifier>
			<transform>
				<row0>	1.0000 0.0000 0.0000 0.0000	</row0>
				<row1>	0.0000 1.0000 0.0000 0.0000	</row1>
				<row2>	0.0000 0.0000 1.0000 0.0000	</row2>
				<row3>	0.0000 0.0000 0.0000 1.0000	</row3>
			</transform>
			<node>
				<identifier>	HP_FX_Death_2	</identifier>
				<transform>
					<row0>	1.0000 0.0000 0.0000 0.0000	</row0>
					<row1>	0.0000 1.0000 0.0000 0.0000	</row1>
					<row2>	0.0000 0.0000 1.0000 0.0000	</row2>
					<row3>	0.0000 0.0000 0.1740 1.0000	</row3>
				</transform>
			</node>
			<node>
				<identifier>	HP_FX_Fire_2	</identifier>
				<transform>
					<row0>	1.0000 0.0000 0.0000 0.0000	</row0>
					<row1>	0.0000 1.0000 0.0000 0.0000	</row1>
					<row2>	0.0000 0.0000 1.0000 0.0000	</row2>
					<row3>	0.0000 1.1515 2.0568 1.0000	</row3>
				</transform>
			</node>
			<node>
				<identifier>	HP_FX_Fire_2_side_1	</identifier>
				<transform>
					<row0>	1.0000 0.0000 0.0000 0.0000	</row0>
					<row1>	0.0000 1.0000 0.0000 0.0000	</row1>
					<row2>	0.0000 0.0000 1.0000 0.0000	</row2>
					<row3>	-0.3928 0.5745 1.8605 1.0000	</row3>
				</transform>
			</node>
			<node>
				<identifier>	HP_FX_Fire_2_side_2	</identifier>
				<transform>
					<row0>	1.0000 0.0000 0.0000 0.0000	</row0>
					<row1>	0.0000 1.0000 0.0000 0.0000	</row1>
					<row2>	0.0000 0.0000 1.0000 0.0000	</row2>
					<row3>	0.5850 0.5970 1.4250 1.0000	</row3>
				</transform>
			</node>
			<node>
				<identifier>	HP_FX_Fire_2_side_3	</identifier>
				<transform>
					<row0>	1.0000 0.0000 0.0000 0.0000	</row0>
					<row1>	0.0000 1.0000 0.0000 0.0000	</row1>
					<row2>	0.0000 0.0000 1.0000 0.0000	</row2>
					<row3>	-0.6278 0.8665 0.7746 1.0000	</row3>
				</transform>
			</node>
			<node>
				<identifier>	HP_FX_FloodLight_left_2	</identifier>
				<transform>
					<row0>	-1.0000 0.0000 0.0000 0.0000	</row0>
					<row1>	0.0000 1.0000 0.0000 0.0000	</row1>
					<row2>	0.0000 0.0000 -1.0000 0.0000	</row2>
					<row3>	-0.2950 0.5990 2.6160 1.0000	</row3>
				</transform>
			</node>
			<node>
				<identifier>	HP_FX_FloodLight_right_2	</identifier>
				<transform>
					<row0>	1.0000 0.0000 0.0000 0.0000	</row0>
					<row1>	0.0000 1.0000 0.0000 0.0000	</row1>
					<row2>	0.0000 0.0000 1.0000 0.0000	</row2>
					<row3>	0.2960 0.6440 2.7640 1.0000	</row3>
				</transform>
			</node>
			<node>
				<identifier>	HP_FX_Flood_steam_1	</identifier>
				<transform>
					<row0>	1.0000 0.0000 0.0000 0.0000	</row0>
					<row1>	0.0000 0.7671 -0.6416 0.0000	</row1>
					<row2>	0.0000 0.6416 0.7671 0.0000	</row2>
					<row3>	0.0093 1.2817 1.0675 1.0000	</row3>
				</transform>
			</node>
			<node>
				<identifier>	HP_FX_Flood_steam_exhaust_1	</identifier>
				<transform>
					<row0>	1.0000 0.0000 0.0000 0.0000	</row0>
					<row1>	0.0000 1.0000 0.0000 0.0000	</row1>
					<row2>	0.0000 0.0000 1.0000 0.0000	</row2>
					<row3>	0.0098 1.4039 1.1410 1.0000	</row3>
				</transform>
			</node>
			<node>
				<identifier>	HP_FX_Flood_steam_left	</identifier>
				<transform>
					<row0>	-1.0000 0.0000 0.0000 0.0000	</row0>
					<row1>	0.0000 1.0000 0.0000 0.0000	</row1>
					<row2>	0.0000 0.0000 -1.0000 0.0000	</row2>
					<row3>	-0.6792 0.3244 1.9523 1.0000	</row3>
				</transform>
			</node>
			<node>
				<identifier>	HP_FX_Flood_water_left_3	</identifier>
				<transform>
					<row0>	-1.0000 0.0000 0.0000 0.0000	</row0>
					<row1>	0.0000 1.0000 0.0000 0.0000	</row1>
					<row2>	0.0000 0.0000 -1.0000 0.0000	</row2>
					<row3>	-0.6602 0.0901 1.9574 1.0000	</row3>
				</transform>
			</node>
			<node>
				<identifier>	HP_FX_Flood_water_left_4	</identifier>
				<transform>
					<row0>	-0.9943 0.0000 0.1065 0.0000	</row0>
					<row1>	0.0000 1.0000 0.0000 0.0000	</row1>
					<row2>	-0.1065 0.0000 -0.9943 0.0000	</row2>
					<row3>	-0.5093 0.0885 3.6255 1.0000	</row3>
				</transform>
			</node>
			<node>
				<identifier>	HP_FX_Flood_water_right_2	</identifier>
				<transform>
					<row0>	1.0000 0.0000 0.0000 0.0000	</row0>
					<row1>	0.0000 1.0000 0.0000 0.0000	</row1>
					<row2>	0.0000 0.0000 1.0000 0.0000	</row2>
					<row3>	0.7277 0.0879 0.3016 1.0000	</row3>
				</transform>
			</node>
			<node>
				<identifier>	HP_FX_Flood_water_right_3	</identifier>
				<transform>
					<row0>	1.0000 0.0000 0.0000 0.0000	</row0>
					<row1>	0.0000 1.0000 0.0000 0.0000	</row1>
					<row2>	0.0000 0.0000 1.0000 0.0000	</row2>
					<row3>	0.6608 0.0918 1.9453 1.0000	</row3>
				</transform>
			</node>
			<node>
				<identifier>	HP_FX_Flood_water_right_4	</identifier>
				<transform>
					<row0>	1.0000 0.0000 0.0000 0.0000	</row0>
					<row1>	0.0000 1.0000 0.0000 0.0000	</row1>
					<row2>	0.0000 0.0000 1.0000 0.0000	</row2>
					<row3>	0.5449 0.0966 3.3442 1.0000	</row3>
				</transform>
			</node>
			<node>
				<identifier>	HP_FX_Smoke_1	</identifier>
				<transform>
					<row0>	1.0000 0.0000 0.0000 0.0000	</row0>
					<row1>	0.0000 0.9989 -0.0461 0.0000	</row1>
					<row2>	0.0000 0.0461 0.9989 0.0000	</row2>
					<row3>	0.0000 1.3454 1.3343 1.0000	</row3>
				</transform>
			</node>
			<node>
				<identifier>	HP_RD_1	</identifier>
				<transform>
					<row0>	1.0000 0.0000 0.0000 0.0000	</row0>
					<row1>	0.0000 1.0000 0.0000 0.0000	</row1>
					<row2>	0.0000 0.0000 1.0000 0.0000	</row2>
					<row3>	-0.0565 1.5363 2.6197 1.0000	</row3>
				</transform>
			</node>
			<node>
				<identifier>	HP_RD_10	</identifier>
				<transform>
					<row0>	-1.0000 0.0000 0.0000 0.0000	</row0>
					<row1>	0.0000 1.0000 0.0000 0.0000	</row1>
					<row2>	0.0000 0.0000 -1.0000 0.0000	</row2>
					<row3>	0.1649 1.5363 2.0208 1.0000	</row3>
				</transform>
			</node>
			<node>
				<identifier>	HP_RD_11	</identifier>
				<transform>
					<row0>	0.0000 0.0000 1.0000 0.0000	</row0>
					<row1>	0.0000 1.0000 0.0000 0.0000	</row1>
					<row2>	-1.0000 0.0000 0.0000 0.0000	</row2>
					<row3>	-0.2404 0.9346 1.9445 1.0000	</row3>
				</transform>
			</node>
			<node>
				<identifier>	HP_RD_12	</identifier>
				<transform>
					<row0>	0.0000 0.0000 -1.0000 0.0000	</row0>
					<row1>	0.0000 1.0000 0.0000 0.0000	</row1>
					<row2>	1.0000 0.0000 0.0000 0.0000	</row2>
					<row3>	0.2404 0.9346 1.9445 1.0000	</row3>
				</transform>
			</node>
			<node>
				<identifier>	HP_RD_2	</identifier>
				<transform>
					<row0>	1.0000 0.0000 0.0000 0.0000	</row0>
					<row1>	0.0000 1.0000 0.0000 0.0000	</row1>
					<row2>	0.0000 0.0000 1.0000 0.0000	</row2>
					<row3>	0.0565 1.5363 2.6197 1.0000	</row3>
				</transform>
			</node>
			<node>
				<identifier>	HP_RD_3	</identifier>
				<transform>
					<row0>	0.5467 0.0000 0.8374 0.0000	</row0>
					<row1>	0.0000 1.0000 0.0000 0.0000	</row1>
					<row2>	-0.8374 0.0000 0.5467 0.0000	</row2>
					<row3>	-0.1452 1.5363 2.5924 1.0000	</row3>
				</transform>
			</node>
			<node>
				<identifier>	HP_RD_4	</identifier>
				<transform>
					<row0>	0.5467 0.0000 -0.8374 0.0000	</row0>
					<row1>	0.0000 1.0000 0.0000 0.0000	</row1>
					<row2>	0.8374 0.0000 0.5467 0.0000	</row2>
					<row3>	0.1452 1.5363 2.5924 1.0000	</row3>
				</transform>
			</node>
			<node>
				<identifier>	HP_RD_5	</identifier>
				<transform>
					<row0>	-0.7071 0.0000 0.7071 0.0000	</row0>
					<row1>	0.0000 1.0000 0.0000 0.0000	</row1>
					<row2>	-0.7071 0.0000 -0.7071 0.0000	</row2>
					<row3>	-0.1915 1.5363 2.1142 1.0000	</row3>
				</transform>
			</node>
			<node>
				<identifier>	HP_RD_6	</identifier>
				<transform>
					<row0>	-0.7071 0.0000 -0.7071 0.0000	</row0>
					<row1>	0.0000 1.0000 0.0000 0.0000	</row1>
					<row2>	0.7071 0.0000 -0.7071 0.0000	</row2>
					<row3>	0.1915 1.5363 2.1142 1.0000	</row3>
				</transform>
			</node>
			<node>
				<identifier>	HP_RD_7	</identifier>
				<transform>
					<row0>	0.0000 0.0000 1.0000 0.0000	</row0>
					<row1>	0.0000 1.0000 0.0000 0.0000	</row1>
					<row2>	-1.0000 0.0000 0.0000 0.0000	</row2>
					<row3>	-0.2402 0.9319 2.0966 1.0000	</row3>
				</transform>
			</node>
			<node>
				<identifier>	HP_RD_8	</identifier>
				<transform>
					<row0>	0.0000 0.0000 -1.0000 0.0000	</row0>
					<row1>	0.0000 1.0000 0.0000 0.0000	</row1>
					<row2>	1.0000 0.0000 0.0000 0.0000	</row2>
					<row3>	0.2402 0.9319 2.0966 1.0000	</row3>
				</transform>
			</node>
			<node>
				<identifier>	HP_RD_9	</identifier>
				<transform>
					<row0>	-1.0000 0.0000 0.0000 0.0000	</row0>
					<row1>	0.0000 1.0000 0.0000 0.0000	</row1>
					<row2>	0.0000 0.0000 -1.0000 0.0000	</row2>
					<row3>	-0.1649 1.5363 2.0208 1.0000	</row3>
				</transform>
			</node>
			<node>
				<identifier>	HP_RF_1	</identifier>
				<transform>
					<row0>	1.0000 0.0000 0.0000 0.0000	</row0>
					<row1>	0.0000 1.0000 0.0000 0.0000	</row1>
					<row2>	0.0000 0.0000 1.0000 0.0000	</row2>
					<row3>	0.0000 1.7125 2.3082 1.0000	</row3>
				</transform>
			</node>
			<node>
				<identifier>	HP_RF_2	</identifier>
				<transform>
					<row0>	1.0000 0.0000 0.0000 0.0000	</row0>
					<row1>	0.0000 1.0000 0.0000 0.0000	</row1>
					<row2>	0.0000 0.0000 1.0000 0.0000	</row2>
					<row3>	-0.6069 0.6484 0.8067 1.0000	</row3>
				</transform>
			</node>
			<node>
				<identifier>	HP_RF_3	</identifier>
				<transform>
					<row0>	1.0000 0.0000 0.0000 0.0000	</row0>
					<row1>	0.0000 1.0000 0.0000 0.0000	</row1>
					<row2>	0.0000 0.0000 1.0000 0.0000	</row2>
					<row3>	0.6069 0.6484 0.8067 1.0000	</row3>
				</transform>
			</node>
			<node>
				<identifier>	HP_RGA_1	</identifier>
				<transform>
					<row0>	0.7071 0.0000 0.7071 0.0000	</row0>
					<row1>	0.0000 1.0000 0.0000 0.0000	</row1>
					<row2>	-0.7071 0.0000 0.7071 0.0000	</row2>
					<row3>	-0.1252 0.7794 3.0136 1.0000	</row3>
				</transform>
			</node>
			<node>
				<identifier>	HP_RGA_2	</identifier>
				<transform>
					<row0>	0.7071 0.0000 -0.7071 0.0000	</row0>
					<row1>	0.0000 1.0000 0.0000 0.0000	</row1>
					<row2>	0.7071 0.0000 0.7071 0.0000	</row2>
					<row3>	0.1252 0.7794 3.0136 1.0000	</row3>
				</transform>
			</node>
			<node>
				<identifier>	HP_RGA_3	</identifier>
				<transform>
					<row0>	0.0000 0.0000 1.0000 0.0000	</row0>
					<row1>	0.0000 1.0000 0.0000 0.0000	</row1>
					<row2>	-1.0000 0.0000 0.0000 0.0000	</row2>
					<row3>	-0.5797 0.5440 1.4240 1.0000	</row3>
				</transform>
			</node>
			<node>
				<identifier>	HP_RGA_4	</identifier>
				<transform>
					<row0>	0.0000 0.0000 -1.0000 0.0000	</row0>
					<row1>	0.0000 1.0000 0.0000 0.0000	</row1>
					<row2>	1.0000 0.0000 0.0000 0.0000	</row2>
					<row3>	0.5797 0.5440 1.4240 1.0000	</row3>
				</transform>
			</node>
			<node>
				<identifier>	HP_RGA_5	</identifier>
				<transform>
					<row0>	0.0000 0.0000 1.0000 0.0000	</row0>
					<row1>	0.0000 1.0000 0.0000 0.0000	</row1>
					<row2>	-1.0000 0.0000 0.0000 0.0000	</row2>
					<row3>	-0.2629 0.7525 1.2338 1.0000	</row3>
				</transform>
			</node>
			<node>
				<identifier>	HP_RGA_6	</identifier>
				<transform>
					<row0>	0.0000 0.0000 -1.0000 0.0000	</row0>
					<row1>	0.0000 1.0000 0.0000 0.0000	</row1>
					<row2>	1.0000 0.0000 0.0000 0.0000	</row2>
					<row3>	0.2629 0.7525 1.2338 1.0000	</row3>
				</transform>
			</node>
			<node>
				<identifier>	HP_RGA_7	</identifier>
				<transform>
					<row0>	0.0000 0.0000 1.0000 0.0000	</row0>
					<row1>	0.0000 1.0000 0.0000 0.0000	</row1>
					<row2>	-1.0000 0.0000 0.0000 0.0000	</row2>
					<row3>	-0.5893 0.5440 1.1625 1.0000	</row3>
				</transform>
			</node>
			<node>
				<identifier>	HP_RGA_8	</identifier>
				<transform>
					<row0>	0.0000 0.0000 -1.0000 0.0000	</row0>
					<row1>	0.0000 1.0000 0.0000 0.0000	</row1>
					<row2>	1.0000 0.0000 0.0000 0.0000	</row2>
					<row3>	0.5893 0.5440 1.1625 1.0000	</row3>
				</transform>
			</node>
			<node>
				<identifier>	HP_RGM_2	</identifier>
				<transform>
					<row0>	1.0000 0.0000 0.0000 0.0000	</row0>
					<row1>	0.0000 1.0000 0.0000 0.0000	</row1>
					<row2>	0.0000 0.0000 1.0000 0.0000	</row2>
					<row3>	0.0000 0.5611 3.5974 1.0000	</row3>
				</transform>
			</node>
			<node>
				<identifier>	HP_RGS_1	</identifier>
				<transform>
					<row0>	1.0000 0.0000 0.0000 0.0000	</row0>
					<row1>	0.0000 1.0000 0.0000 0.0000	</row1>
					<row2>	0.0000 0.0000 1.0000 0.0000	</row2>
					<row3>	-0.5065 0.3743 2.2932 1.0000	</row3>
				</transform>
			</node>
			<node>
				<identifier>	HP_RGS_2	</identifier>
				<transform>
					<row0>	1.0000 0.0000 0.0000 0.0000	</row0>
					<row1>	0.0000 1.0000 0.0000 0.0000	</row1>
					<row2>	0.0000 0.0000 1.0000 0.0000	</row2>
					<row3>	0.5065 0.3743 2.2932 1.0000	</row3>
				</transform>
			</node>
			<node>
				<identifier>	HP_RRS_1	</identifier>
				<transform>
					<row0>	1.0000 0.0000 0.0000 0.0000	</row0>
					<row1>	0.0000 1.0000 0.0000 0.0000	</row1>
					<row2>	0.0000 0.0000 1.0000 0.0000	</row2>
					<row3>	0.0000 1.2317 2.6659 1.0000	</row3>
				</transform>
			</node>
			<node>
				<identifier>	HP_RRS_2	</identifier>
				<transform>
					<row0>	1.0000 0.0000 0.0000 0.0000	</row0>
					<row1>	0.0000 1.0000 0.0000 0.0000	</row1>
					<row2>	0.0000 0.0000 1.0000 0.0000	</row2>
					<row3>	0.0000 1.9870 2.1124 1.0000	</row3>
				</transform>
			</node>
			<node>
				<identifier>	HP_RRS_3	</identifier>
				<transform>
					<row0>	1.0000 0.0000 0.0000 0.0000	</row0>
					<row1>	0.0000 1.0000 0.0000 0.0000	</row1>
					<row2>	0.0000 0.0000 1.0000 0.0000	</row2>
					<row3>	0.0000 2.1469 2.0702 1.0000	</row3>
				</transform>
			</node>
			<node>
				<identifier>	HP_RRS_4	</identifier>
				<transform>
					<row0>	-1.0000 0.0000 0.0000 0.0000	</row0>
					<row1>	0.0000 1.0000 0.0000 0.0000	</row1>
					<row2>	0.0000 0.0000 -1.0000 0.0000	</row2>
					<row3>	0.0171 2.6812 1.9597 1.0000	</row3>
				</transform>
			</node>
			<node>
				<identifier>	HP_flag_1	</identifier>
				<transform>
					<row0>	0.9874 -0.1558 -0.0267 0.0000	</row0>
					<row1>	0.1558 0.9308 0.3307 0.0000	</row1>
					<row2>	-0.0267 -0.3307 0.9434 0.0000	</row2>
					<row3>	0.3788 2.2444 1.9850 1.0000	</row3>
				</transform>
			</node>
			<node>
				<identifier>	HP_flag_2	</identifier>
				<transform>
					<row0>	0.9874 0.1558 0.0267 0.0000	</row0>
					<row1>	-0.1558 0.9308 0.3307 0.0000	</row1>
					<row2>	0.0267 -0.3307 0.9434 0.0000	</row2>
					<row3>	-0.3788 2.2444 1.9850 1.0000	</row3>
				</transform>
			</node>
			<node>
				<identifier>	HP_flag_3	</identifier>
				<transform>
					<row0>	0.9953 -0.0948 -0.0177 0.0000	</row0>
					<row1>	0.0948 0.9279 0.3606 0.0000	</row1>
					<row2>	-0.0177 -0.3606 0.9325 0.0000	</row2>
					<row3>	0.2736 2.2331 1.9848 1.0000	</row3>
				</transform>
			</node>
			<node>
				<identifier>	HP_flag_4	</identifier>
				<transform>
					<row0>	0.9953 0.0948 0.0177 0.0000	</row0>
					<row1>	-0.0948 0.9279 0.3606 0.0000	</row1>
					<row2>	0.0177 -0.3606 0.9325 0.0000	</row2>
					<row3>	-0.2736 2.2331 1.9848 1.0000	</row3>
				</transform>
			</node>
			<node>
				<identifier>	HP_flag_rank	</identifier>
				<transform>
					<row0>	1.0000 0.0000 0.0000 0.0000	</row0>
					<row1>	0.0000 0.9996 0.0275 0.0000	</row1>
					<row2>	0.0000 -0.0275 0.9996 0.0000	</row2>
					<row3>	0.0000 2.6208 1.8290 1.0000	</row3>
				</transform>
			</node>
			<node>
				<identifier>	MP_AM072_Ships_bell	</identifier>
				<transform>
					<row0>	-1.0000 0.0000 0.0000 0.0000	</row0>
					<row1>	0.0000 1.0000 0.0000 0.0000	</row1>
					<row2>	0.0000 0.0000 -1.0000 0.0000	</row2>
					<row3>	-0.1687 0.5220 3.3934 1.0000	</row3>
				</transform>
			</node>
			<node>
				<identifier>	MP_AM080_Whips_Antenna	</identifier>
				<transform>
					<row0>	0.4652 0.0000 0.0847 0.0000	</row0>
					<row1>	0.0000 0.7074 0.0000 0.0000	</row1>
					<row2>	-0.0847 0.0000 0.4652 0.0000	</row2>
					<row3>	-0.1939 1.3191 1.1637 1.0000	</row3>
				</transform>
			</node>
			<node>
				<identifier>	MP_AM080_Whips_Antenna_INDEX_1	</identifier>
				<transform>
					<row0>	0.4707 0.0000 0.0449 0.0000	</row0>
					<row1>	0.0000 0.7074 0.0000 0.0000	</row1>
					<row2>	-0.0449 0.0000 0.4707 0.0000	</row2>
					<row3>	0.2014 1.3191 1.4483 1.0000	</row3>
				</transform>
			</node>
			<node>
				<identifier>	MP_AM080_Whips_Antenna_INDEX_2	</identifier>
				<transform>
					<row0>	0.4652 0.0000 -0.0847 0.0000	</row0>
					<row1>	0.0000 0.7074 0.0000 0.0000	</row1>
					<row2>	0.0847 0.0000 0.4652 0.0000	</row2>
					<row3>	0.1939 1.3191 1.1637 1.0000	</row3>
				</transform>
			</node>
			<node>
				<identifier>	MP_AM080_Whips_Antenna_INDEX_3	</identifier>
				<transform>
					<row0>	0.4722 0.0000 0.0240 0.0000	</row0>
					<row1>	0.0000 0.7074 0.0000 0.0000	</row1>
					<row2>	-0.0240 0.0000 0.4722 0.0000	</row2>
					<row3>	0.4507 0.7667 1.0333 1.0000	</row3>
				</transform>
			</node>
			<node>
				<identifier>	MP_AM080_Whips_Antenna_INDEX_4	</identifier>
				<transform>
					<row0>	0.0000 0.0000 0.5061 0.0000	</row0>
					<row1>	0.0000 0.5061 0.0000 0.0000	</row1>
					<row2>	-0.5061 0.0000 0.0000 0.0000	</row2>
					<row3>	0.3770 1.5998 2.2392 1.0000	</row3>
				</transform>
			</node>
			<node>
				<identifier>	MP_AM080_Whips_Antenna_INDEX_5	</identifier>
				<transform>
					<row0>	0.4722 0.0000 -0.0240 0.0000	</row0>
					<row1>	0.0000 0.7074 0.0000 0.0000	</row1>
					<row2>	0.0240 0.0000 0.4722 0.0000	</row2>
					<row3>	-0.4507 0.7667 1.0333 1.0000	</row3>
				</transform>
			</node>
			<node>
				<identifier>	MP_AM080_Whips_Antenna_INDEX_6	</identifier>
				<transform>
					<row0>	0.0000 0.0000 -0.5061 0.0000	</row0>
					<row1>	0.0000 0.5061 0.0000 0.0000	</row1>
					<row2>	0.5061 0.0000 0.0000 0.0000	</row2>
					<row3>	-0.3770 1.5998 2.2392 1.0000	</row3>
				</transform>
			</node>
			<node>
				<identifier>	MP_AM080_Whips_Antenna_INDEX_7	</identifier>
				<transform>
					<row0>	0.4707 0.0000 -0.0449 0.0000	</row0>
					<row1>	0.0000 0.7074 0.0000 0.0000	</row1>
					<row2>	0.0449 0.0000 0.4707 0.0000	</row2>
					<row3>	-0.2014 1.3191 1.4483 1.0000	</row3>
				</transform>
			</node>
			<node>
				<identifier>	MP_AM080_Whips_Antenna_INDEX_8	</identifier>
				<transform>
					<row0>	0.4950 0.0000 0.1054 0.0000	</row0>
					<row1>	0.0000 0.5061 0.0000 0.0000	</row1>
					<row2>	-0.1054 0.0000 0.4950 0.0000	</row2>
					<row3>	0.3009 1.5917 2.7938 1.0000	</row3>
				</transform>
			</node>
			<node>
				<identifier>	MP_AM080_Whips_Antenna_INDEX_9	</identifier>
				<transform>
					<row0>	0.4950 0.0000 -0.1054 0.0000	</row0>
					<row1>	0.0000 0.5061 0.0000 0.0000	</row1>
					<row2>	0.1054 0.0000 0.4950 0.0000	</row2>
					<row3>	-0.3009 1.5917 2.7938 1.0000	</row3>
				</transform>
			</node>
			<node>
				<identifier>	MP_CM011_Fire_Fighting_Gear	</identifier>
				<transform>
					<row0>	-0.5019 0.0000 -0.8649 0.0000	</row0>
					<row1>	0.0000 1.0000 0.0000 0.0000	</row1>
					<row2>	0.8649 0.0000 -0.5019 0.0000	</row2>
					<row3>	-0.2193 0.3746 3.0533 1.0000	</row3>
				</transform>
			</node>
			<node>
				<identifier>	MP_CM011_Fire_Fighting_Gear_INDEX_1	</identifier>
				<transform>
					<row0>	0.0000 0.0000 1.0000 0.0000	</row0>
					<row1>	0.0000 1.0000 0.0000 0.0000	</row1>
					<row2>	-1.0000 0.0000 0.0000 0.0000	</row2>
					<row3>	0.2753 0.5233 1.0766 1.0000	</row3>
				</transform>
			</node>
			<node>
				<identifier>	MP_CM011_Fire_Fighting_Gear_INDEX_2	</identifier>
				<transform>
					<row0>	-0.5019 0.0000 0.8649 0.0000	</row0>
					<row1>	0.0000 1.0000 0.0000 0.0000	</row1>
					<row2>	-0.8649 0.0000 -0.5019 0.0000	</row2>
					<row3>	0.2193 0.3746 3.0533 1.0000	</row3>
				</transform>
			</node>
			<node>
				<identifier>	MP_CM011_Fire_Fighting_Gear_INDEX_3	</identifier>
				<transform>
					<row0>	0.0000 0.0000 1.0000 0.0000	</row0>
					<row1>	0.0000 1.0000 0.0000 0.0000	</row1>
					<row2>	-1.0000 0.0000 0.0000 0.0000	</row2>
					<row3>	0.1460 0.3754 2.4122 1.0000	</row3>
				</transform>
			</node>
			<node>
				<identifier>	MP_CM011_Fire_Fighting_Gear_INDEX_4	</identifier>
				<transform>
					<row0>	1.0000 0.0000 0.0000 0.0000	</row0>
					<row1>	0.0000 1.0000 0.0000 0.0000	</row1>
					<row2>	0.0000 0.0000 1.0000 0.0000	</row2>
					<row3>	0.0000 0.7331 1.6695 1.0000	</row3>
				</transform>
			</node>
			<node>
				<identifier>	MP_CM011_Fire_Fighting_Gear_INDEX_5	</identifier>
				<transform>
					<row0>	0.0000 0.0000 -1.0000 0.0000	</row0>
					<row1>	0.0000 1.0000 0.0000 0.0000	</row1>
					<row2>	1.0000 0.0000 0.0000 0.0000	</row2>
					<row3>	-0.1504 0.3754 2.4122 1.0000	</row3>
				</transform>
			</node>
			<node>
				<identifier>	MP_CM011_Fire_Fighting_Gear_INDEX_6	</identifier>
				<transform>
					<row0>	0.0000 0.0000 -1.0000 0.0000	</row0>
					<row1>	0.0000 1.0000 0.0000 0.0000	</row1>
					<row2>	1.0000 0.0000 0.0000 0.0000	</row2>
					<row3>	-0.2753 0.5233 1.0766 1.0000	</row3>
				</transform>
			</node>
			<node>
				<identifier>	MP_CM011_Fire_Fighting_Gear_INDEX_7	</identifier>
				<transform>
					<row0>	-1.0000 0.0000 0.0000 0.0000	</row0>
					<row1>	0.0000 1.0000 0.0000 0.0000	</row1>
					<row2>	0.0000 0.0000 -1.0000 0.0000	</row2>
					<row3>	0.0857 0.9119 1.9584 1.0000	</row3>
				</transform>
			</node>
			<node>
				<identifier>	MP_CM014_Fuel_Oil_Hose	</identifier>
				<transform>
					<row0>	0.0000 0.0000 1.0000 0.0000	</row0>
					<row1>	0.0000 1.0000 0.0000 0.0000	</row1>
					<row2>	-1.0000 0.0000 0.0000 0.0000	</row2>
					<row3>	0.1082 0.4377 0.6669 1.0000	</row3>
				</transform>
			</node>
			<node>
				<identifier>	MP_CM014_Fuel_Oil_Hose_INDEX_1	</identifier>
				<transform>
					<row0>	0.0000 0.0000 1.0000 0.0000	</row0>
					<row1>	0.0000 1.0000 0.0000 0.0000	</row1>
					<row2>	-1.0000 0.0000 0.0000 0.0000	</row2>
					<row3>	0.1082 0.4661 0.6669 1.0000	</row3>
				</transform>
			</node>
			<node>
				<identifier>	MP_CM029_Emergency_Box	</identifier>
				<transform>
					<row0>	1.0000 0.0000 0.0000 0.0000	</row0>
					<row1>	0.0000 1.0000 0.0000 0.0000	</row1>
					<row2>	0.0000 0.0000 1.0000 0.0000	</row2>
					<row3>	0.1322 0.8030 1.6705 1.0000	</row3>
				</transform>
			</node>
			<node>
				<identifier>	MP_CM029_Emergency_Box_INDEX_1	</identifier>
				<transform>
					<row0>	0.0000 0.0000 -1.0000 0.0000	</row0>
					<row1>	0.0000 1.0000 0.0000 0.0000	</row1>
					<row2>	1.0000 0.0000 0.0000 0.0000	</row2>
					<row3>	-0.1262 0.9978 1.8399 1.0000	</row3>
				</transform>
			</node>
			<node>
				<identifier>	MP_CM029_Emergency_Box_INDEX_2	</identifier>
				<transform>
					<row0>	0.0000 0.0000 1.0000 0.0000	</row0>
					<row1>	0.0000 1.0000 0.0000 0.0000	</row1>
					<row2>	-1.0000 0.0000 0.0000 0.0000	</row2>
					<row3>	0.0907 1.5887 2.0937 1.0000	</row3>
				</transform>
			</node>
			<node>
				<identifier>	MP_CM029_Emergency_Box_INDEX_3	</identifier>
				<transform>
					<row0>	1.0000 0.0000 0.0000 0.0000	</row0>
					<row1>	0.0000 1.0000 0.0000 0.0000	</row1>
					<row2>	0.0000 0.0000 1.0000 0.0000	</row2>
					<row3>	-0.1322 0.8030 1.6705 1.0000	</row3>
				</transform>
			</node>
			<node>
				<identifier>	MP_CM029_Emergency_Box_INDEX_4	</identifier>
				<transform>
					<row0>	0.0000 0.0000 -1.0000 0.0000	</row0>
					<row1>	0.0000 1.0000 0.0000 0.0000	</row1>
					<row2>	1.0000 0.0000 0.0000 0.0000	</row2>
					<row3>	-0.2747 0.5899 1.3057 1.0000	</row3>
				</transform>
			</node>
			<node>
				<identifier>	MP_CM029_Emergency_Box_INDEX_5	</identifier>
				<transform>
					<row0>	-0.7062 0.0000 0.7080 0.0000	</row0>
					<row1>	0.0000 1.0000 0.0000 0.0000	</row1>
					<row2>	-0.7080 0.0000 -0.7062 0.0000	</row2>
					<row3>	0.0992 1.1385 1.8836 1.0000	</row3>
				</transform>
			</node>
			<node>
				<identifier>	MP_CM029_Emergency_Box_INDEX_6	</identifier>
				<transform>
					<row0>	0.0000 0.0000 1.0000 0.0000	</row0>
					<row1>	0.0000 1.0000 0.0000 0.0000	</row1>
					<row2>	-1.0000 0.0000 0.0000 0.0000	</row2>
					<row3>	0.2747 0.5970 1.3056 1.0000	</row3>
				</transform>
			</node>
			<node>
				<identifier>	MP_CM029_Emergency_Box_INDEX_7	</identifier>
				<transform>
					<row0>	0.0000 0.0000 1.0000 0.0000	</row0>
					<row1>	0.0000 1.0000 0.0000 0.0000	</row1>
					<row2>	-1.0000 0.0000 0.0000 0.0000	</row2>
					<row3>	0.1262 0.9978 1.8399 1.0000	</row3>
				</transform>
			</node>
			<node>
				<identifier>	MP_CM052_Fender	</identifier>
				<transform>
					<row0>	-1.0000 0.0000 0.0000 0.0000	</row0>
					<row1>	0.0000 1.0000 0.0000 0.0000	</row1>
					<row2>	0.0000 0.0000 -1.0000 0.0000	</row2>
					<row3>	-0.4890 0.3752 0.6339 1.0000	</row3>
				</transform>
			</node>
			<node>
				<identifier>	MP_CM052_Fender_INDEX_1	</identifier>
				<transform>
					<row0>	-1.0000 0.0000 0.0000 0.0000	</row0>
					<row1>	0.0000 1.0000 0.0000 0.0000	</row1>
					<row2>	0.0000 0.0000 -1.0000 0.0000	</row2>
					<row3>	0.4890 0.3752 0.6339 1.0000	</row3>
				</transform>
			</node>
			<node>
				<identifier>	MP_CM112_Fire_Extinguisher	</identifier>
				<transform>
					<row0>	-0.8251 0.0000 -0.5649 0.0000	</row0>
					<row1>	0.0000 1.0000 0.0000 0.0000	</row1>
					<row2>	0.5649 0.0000 -0.8251 0.0000	</row2>
					<row3>	-0.1187 0.9942 2.1883 1.0000	</row3>
				</transform>
			</node>
			<node>
				<identifier>	MP_CM112_Fire_Extinguisher_INDEX_1	</identifier>
				<transform>
					<row0>	0.0000 0.0000 1.0000 0.0000	</row0>
					<row1>	0.0000 1.0000 0.0000 0.0000	</row1>
					<row2>	-1.0000 0.0000 0.0000 0.0000	</row2>
					<row3>	-0.1537 0.4449 3.1376 1.0000	</row3>
				</transform>
			</node>
			<node>
				<identifier>	MP_CM112_Fire_Extinguisher_INDEX_2	</identifier>
				<transform>
					<row0>	0.0000 0.0000 -1.0000 0.0000	</row0>
					<row1>	0.0000 1.0000 0.0000 0.0000	</row1>
					<row2>	1.0000 0.0000 0.0000 0.0000	</row2>
					<row3>	0.0621 1.6016 2.1225 1.0000	</row3>
				</transform>
			</node>
			<node>
				<identifier>	MP_CM112_Fire_Extinguisher_INDEX_3	</identifier>
				<transform>
					<row0>	0.8361 0.0000 -0.5486 0.0000	</row0>
					<row1>	0.0000 1.0000 0.0000 0.0000	</row1>
					<row2>	0.5486 0.0000 0.8361 0.0000	</row2>
					<row3>	-0.1126 0.8256 2.6072 1.0000	</row3>
				</transform>
			</node>
			<node>
				<identifier>	MP_CM112_Fire_Extinguisher_INDEX_4	</identifier>
				<transform>
					<row0>	-0.8251 0.0000 0.5649 0.0000	</row0>
					<row1>	0.0000 1.0000 0.0000 0.0000	</row1>
					<row2>	-0.5649 0.0000 -0.8251 0.0000	</row2>
					<row3>	0.1187 0.9942 2.1883 1.0000	</row3>
				</transform>
			</node>
			<node>
				<identifier>	MP_CM112_Fire_Extinguisher_INDEX_5	</identifier>
				<transform>
					<row0>	0.8361 0.0000 0.5486 0.0000	</row0>
					<row1>	0.0000 1.0000 0.0000 0.0000	</row1>
					<row2>	-0.5486 0.0000 0.8361 0.0000	</row2>
					<row3>	0.1126 0.8256 2.6072 1.0000	</row3>
				</transform>
			</node>
			<node>
				<identifier>	MP_CM112_Fire_Extinguisher_INDEX_6	</identifier>
				<transform>
					<row0>	0.0000 0.0000 -1.0000 0.0000	</row0>
					<row1>	0.0000 1.0000 0.0000 0.0000	</row1>
					<row2>	1.0000 0.0000 0.0000 0.0000	</row2>
					<row3>	0.1520 0.4449 3.1376 1.0000	</row3>
				</transform>
			</node>
			<node>
				<identifier>	MP_RM005_Longboat_34ft	</identifier>
				<transform>
					<row0>	0.0000 0.0000 -1.0000 0.0000	</row0>
					<row1>	0.0000 1.0000 0.0000 0.0000	</row1>
					<row2>	1.0000 0.0000 0.0000 0.0000	</row2>
					<row3>	-0.0079 0.5846 0.7260 1.0000	</row3>
				</transform>
			</node>
			<node>
				<identifier>	MP_RM011_Insulator_2	</identifier>
				<transform>
					<row0>	0.4544 0.0000 0.8908 0.0000	</row0>
					<row1>	0.8908 0.0000 -0.4544 0.0000	</row1>
					<row2>	0.0000 1.0000 0.0000 0.0000	</row2>
					<row3>	0.1291 1.0574 2.2186 1.0000	</row3>
				</transform>
			</node>
			<node>
				<identifier>	MP_RM011_Insulator_2_INDEX_1	</identifier>
				<transform>
					<row0>	0.4544 0.0000 -0.8908 0.0000	</row0>
					<row1>	-0.8908 0.0000 -0.4544 0.0000	</row1>
					<row2>	0.0000 1.0000 0.0000 0.0000	</row2>
					<row3>	-0.1291 1.0574 2.2186 1.0000	</row3>
				</transform>
			</node>
			<node>
				<identifier>	MP_RM011_Insulator_2_INDEX_2	</identifier>
				<transform>
					<row0>	0.0000 0.0000 1.0000 0.0000	</row0>
					<row1>	1.0000 0.0000 0.0000 0.0000	</row1>
					<row2>	0.0000 1.0000 0.0000 0.0000	</row2>
					<row3>	0.1430 1.0574 2.5093 1.0000	</row3>
				</transform>
			</node>
			<node>
				<identifier>	MP_RM011_Insulator_2_INDEX_3	</identifier>
				<transform>
					<row0>	0.0000 0.0000 -1.0000 0.0000	</row0>
					<row1>	-1.0000 0.0000 0.0000 0.0000	</row1>
					<row2>	0.0000 1.0000 0.0000 0.0000	</row2>
					<row3>	-0.1430 1.0574 2.5093 1.0000	</row3>
				</transform>
			</node>
			<node>
				<identifier>	MP_RM020_Speaker	</identifier>
				<transform>
					<row0>	0.7719 0.0000 0.6358 0.0000	</row0>
					<row1>	0.0000 1.0000 0.0000 0.0000	</row1>
					<row2>	-0.6358 0.0000 0.7719 0.0000	</row2>
					<row3>	-0.3060 0.7500 1.3963 1.0000	</row3>
				</transform>
			</node>
			<node>
				<identifier>	MP_RM020_Speaker_INDEX_1	</identifier>
				<transform>
					<row0>	1.0000 0.0000 0.0000 0.0000	</row0>
					<row1>	0.0000 1.0000 -0.0006 0.0000	</row1>
					<row2>	0.0000 0.0006 1.0000 0.0000	</row2>
					<row3>	0.0000 1.2382 2.7008 1.0000	</row3>
				</transform>
			</node>
			<node>
				<identifier>	MP_RM020_Speaker_INDEX_10	</identifier>
				<transform>
					<row0>	1.0000 0.0000 0.0000 0.0000	</row0>
					<row1>	0.0000 0.9093 0.4161 0.0000	</row1>
					<row2>	0.0000 -0.4161 0.9093 0.0000	</row2>
					<row3>	0.0000 0.7112 3.1369 1.0000	</row3>
				</transform>
			</node>
			<node>
				<identifier>	MP_RM020_Speaker_INDEX_2	</identifier>
				<transform>
					<row0>	-1.0000 0.0000 0.0000 0.0000	</row0>
					<row1>	0.0000 0.9093 -0.4161 0.0000	</row1>
					<row2>	0.0000 -0.4161 -0.9093 0.0000	</row2>
					<row3>	0.0840 1.6042 1.9837 1.0000	</row3>
				</transform>
			</node>
			<node>
				<identifier>	MP_RM020_Speaker_INDEX_3	</identifier>
				<transform>
					<row0>	-0.9401 0.0000 0.3410 0.0000	</row0>
					<row1>	0.0000 1.0000 0.0000 0.0000	</row1>
					<row2>	-0.3410 0.0000 -0.9401 0.0000	</row2>
					<row3>	-0.3266 0.8003 0.9025 1.0000	</row3>
				</transform>
			</node>
			<node>
				<identifier>	MP_RM020_Speaker_INDEX_4	</identifier>
				<transform>
					<row0>	-1.0000 0.0000 0.0000 0.0000	</row0>
					<row1>	0.0000 0.9093 -0.4161 0.0000	</row1>
					<row2>	0.0000 -0.4161 -0.9093 0.0000	</row2>
					<row3>	-0.0840 1.6042 1.9837 1.0000	</row3>
				</transform>
			</node>
			<node>
				<identifier>	MP_RM020_Speaker_INDEX_5	</identifier>
				<transform>
					<row0>	-0.9870 0.0000 0.1606 0.0000	</row0>
					<row1>	-0.0647 -0.9152 -0.3978 0.0000	</row1>
					<row2>	0.1470 -0.4031 0.9033 0.0000	</row2>
					<row3>	-0.1403 1.6613 2.3441 1.0000	</row3>
				</transform>
			</node>
			<node>
				<identifier>	MP_RM020_Speaker_INDEX_6	</identifier>
				<transform>
					<row0>	0.7719 0.0000 -0.6358 0.0000	</row0>
					<row1>	0.0000 1.0000 0.0000 0.0000	</row1>
					<row2>	0.6358 0.0000 0.7719 0.0000	</row2>
					<row3>	0.3060 0.7500 1.3963 1.0000	</row3>
				</transform>
			</node>
			<node>
				<identifier>	MP_RM020_Speaker_INDEX_7	</identifier>
				<transform>
					<row0>	-0.9401 0.0000 -0.3410 0.0000	</row0>
					<row1>	0.0000 1.0000 0.0000 0.0000	</row1>
					<row2>	0.3410 0.0000 -0.9401 0.0000	</row2>
					<row3>	0.3266 0.8003 0.9025 1.0000	</row3>
				</transform>
			</node>
			<node>
				<identifier>	MP_RM020_Speaker_INDEX_8	</identifier>
				<transform>
					<row0>	-1.0000 0.0000 0.0000 0.0000	</row0>
					<row1>	0.0000 0.9093 -0.4161 0.0000	</row1>
					<row2>	0.0000 -0.4161 -0.9093 0.0000	</row2>
					<row3>	0.0000 0.9622 1.0736 1.0000	</row3>
				</transform>
			</node>
			<node>
				<identifier>	MP_RM020_Speaker_INDEX_9	</identifier>
				<transform>
					<row0>	-0.9870 0.0000 -0.1606 0.0000	</row0>
					<row1>	0.0647 -0.9152 -0.3978 0.0000	</row1>
					<row2>	-0.1470 -0.4031 0.9033 0.0000	</row2>
					<row3>	0.1403 1.6613 2.3441 1.0000	</row3>
				</transform>
			</node>
			<node>
				<identifier>	MP_RM028_Signal_Lamp	</identifier>
				<transform>
					<row0>	1.0000 0.0000 0.0000 0.0000	</row0>
					<row1>	0.0000 1.0000 0.0000 0.0000	</row1>
					<row2>	0.0000 0.0000 1.0000 0.0000	</row2>
					<row3>	0.0000 1.5951 2.7104 1.0000	</row3>
				</transform>
			</node>
			<node>
				<identifier>	MP_RM029_Signal_Lamp	</identifier>
				<transform>
					<row0>	1.0000 0.0000 0.0000 0.0000	</row0>
					<row1>	0.0000 1.0000 0.0000 0.0000	</row1>
					<row2>	0.0000 0.0000 1.0000 0.0000	</row2>
					<row3>	0.1191 2.6618 1.9650 1.0000	</row3>
				</transform>
			</node>
			<node>
				<identifier>	MP_RM029_Signal_Lamp_INDEX_1	</identifier>
				<transform>
					<row0>	1.0000 0.0000 0.0000 0.0000	</row0>
					<row1>	0.0000 1.0000 0.0000 0.0000	</row1>
					<row2>	0.0000 0.0000 1.0000 0.0000	</row2>
					<row3>	-0.0698 2.6618 1.9650 1.0000	</row3>
				</transform>
			</node>
			<node>
				<identifier>	MP_RM054_Life_buoy	</identifier>
				<transform>
					<row0>	-0.0503 0.0000 -0.9987 0.0000	</row0>
					<row1>	0.0000 1.0000 0.0000 0.0000	</row1>
					<row2>	0.9987 0.0000 -0.0503 0.0000	</row2>
					<row3>	-0.6168 0.4191 3.0332 1.0000	</row3>
				</transform>
			</node>
			<node>
				<identifier>	MP_RM054_Life_buoy_INDEX_1	</identifier>
				<transform>
					<row0>	-0.0503 0.0000 0.9987 0.0000	</row0>
					<row1>	0.0000 1.0000 0.0000 0.0000	</row1>
					<row2>	-0.9987 0.0000 -0.0503 0.0000	</row2>
					<row3>	0.6168 0.4191 3.0332 1.0000	</row3>
				</transform>
			</node>
			<node>
				<identifier>	MP_RM066_Ammunition_Box	</identifier>
				<transform>
					<row0>	-0.4952 0.0000 -0.8688 0.0000	</row0>
					<row1>	0.0000 1.0000 0.0000 0.0000	</row1>
					<row2>	0.8688 0.0000 -0.4952 0.0000	</row2>
					<row3>	-0.2078 0.3720 3.0960 1.0000	</row3>
				</transform>
			</node>
			<node>
				<identifier>	MP_RM066_Ammunition_Box_INDEX_1	</identifier>
				<transform>
					<row0>	-0.4952 0.0000 0.8688 0.0000	</row0>
					<row1>	0.0000 1.0000 0.0000 0.0000	</row1>
					<row2>	-0.8688 0.0000 -0.4952 0.0000	</row2>
					<row3>	0.2078 0.3720 3.0960 1.0000	</row3>
				</transform>
			</node>
			<node>
				<identifier>	MP_RM067_Ammunition_Box	</identifier>
				<transform>
					<row0>	0.7874 0.0000 0.0000 0.0000	</row0>
					<row1>	0.0000 0.7874 0.0000 0.0000	</row1>
					<row2>	0.0000 0.0000 0.7874 0.0000	</row2>
					<row3>	-0.3352 0.7334 1.0148 1.0000	</row3>
				</transform>
			</node>
			<node>
				<identifier>	MP_RM067_Ammunition_Box_INDEX_1	</identifier>
				<transform>
					<row0>	0.7874 0.0000 0.0000 0.0000	</row0>
					<row1>	0.0000 0.7874 0.0000 0.0000	</row1>
					<row2>	0.0000 0.0000 0.7874 0.0000	</row2>
					<row3>	0.2530 0.7603 2.6425 1.0000	</row3>
				</transform>
			</node>
			<node>
				<identifier>	MP_RM084_Running_Lights_R	</identifier>
				<transform>
					<row0>	1.0000 0.0000 0.0000 0.0000	</row0>
					<row1>	0.0000 1.0000 0.0000 0.0000	</row1>
					<row2>	0.0000 0.0000 1.0000 0.0000	</row2>
					<row3>	0.3391 0.7198 1.7224 1.0000	</row3>
				</transform>
			</node>
			<node>
				<identifier>	MP_RM085_Running_Lights_L	</identifier>
				<transform>
					<row0>	1.0000 0.0000 0.0000 0.0000	</row0>
					<row1>	0.0000 1.0000 0.0000 0.0000	</row1>
					<row2>	0.0000 0.0000 1.0000 0.0000	</row2>
					<row3>	-0.3391 0.7198 1.7224 1.0000	</row3>
				</transform>
			</node>
			<node>
				<identifier>	MP_RM092_Wind_Direction	</identifier>
				<transform>
					<row0>	0.0000 0.0000 -1.0000 0.0000	</row0>
					<row1>	0.0000 1.0000 0.0000 0.0000	</row1>
					<row2>	1.0000 0.0000 0.0000 0.0000	</row2>
					<row3>	0.3218 2.3016 1.9876 1.0000	</row3>
				</transform>
			</node>
			<node>
				<identifier>	MP_RM092_Wind_Direction_INDEX_1	</identifier>
				<transform>
					<row0>	0.0000 0.0000 -1.0000 0.0000	</row0>
					<row1>	0.0000 1.0000 0.0000 0.0000	</row1>
					<row2>	1.0000 0.0000 0.0000 0.0000	</row2>
					<row3>	-0.3218 2.3016 1.9876 1.0000	</row3>
				</transform>
			</node>
			<node>
				<identifier>	MP_RM096_Paravane	</identifier>
				<transform>
					<row0>	0.0000 1.0000 0.0000 0.0000	</row0>
					<row1>	-0.8845 0.0000 -0.4665 0.0000	</row1>
					<row2>	-0.4665 0.0000 0.8845 0.0000	</row2>
					<row3>	-0.2228 0.4504 3.4843 1.0000	</row3>
				</transform>
			</node>
			<node>
				<identifier>	MP_RM096_Paravane_INDEX_1	</identifier>
				<transform>
					<row0>	0.0000 1.0000 0.0000 0.0000	</row0>
					<row1>	0.0000 0.0000 1.0000 0.0000	</row1>
					<row2>	1.0000 0.0000 0.0000 0.0000	</row2>
					<row3>	0.0139 0.4505 3.3118 1.0000	</row3>
				</transform>
			</node>
			<node>
				<identifier>	MP_RM096_Paravane_INDEX_2	</identifier>
				<transform>
					<row0>	0.0000 1.0000 0.0000 0.0000	</row0>
					<row1>	-0.8465 0.0000 0.5324 0.0000	</row1>
					<row2>	0.5324 0.0000 0.8465 0.0000	</row2>
					<row3>	0.2365 0.4504 3.4450 1.0000	</row3>
				</transform>
			</node>
			<node>
				<identifier>	MP_RM105_Signal_Lamp	</identifier>
				<transform>
					<row0>	0.0000 0.0000 1.0000 0.0000	</row0>
					<row1>	0.0000 1.0000 0.0000 0.0000	</row1>
					<row2>	-1.0000 0.0000 0.0000 0.0000	</row2>
					<row3>	-0.2987 1.1792 1.7444 1.0000	</row3>
				</transform>
			</node>
			<node>
				<identifier>	MP_RM105_Signal_Lamp_INDEX_1	</identifier>
				<transform>
					<row0>	0.0000 0.0000 -1.0000 0.0000	</row0>
					<row1>	0.0000 1.0000 0.0000 0.0000	</row1>
					<row2>	1.0000 0.0000 0.0000 0.0000	</row2>
					<row3>	0.2987 1.1792 1.7444 1.0000	</row3>
				</transform>
			</node>
			<node>
				<identifier>	MP_RM139_Insulator	</identifier>
				<transform>
					<row0>	0.4565 0.0000 0.0000 0.0000	</row0>
					<row1>	0.0000 0.4565 0.0000 0.0000	</row1>
					<row2>	0.0000 0.0000 0.4565 0.0000	</row2>
					<row3>	0.0000 2.1452 2.1693 1.0000	</row3>
				</transform>
			</node>
			<node>
				<identifier>	MP_RM139_Insulator_INDEX_1	</identifier>
				<transform>
					<row0>	-0.1599 0.0000 -0.4275 0.0000	</row0>
					<row1>	0.0000 0.4565 0.0000 0.0000	</row1>
					<row2>	0.4275 0.0000 -0.1599 0.0000	</row2>
					<row3>	-0.0974 2.1456 2.1058 1.0000	</row3>
				</transform>
			</node>
			<node>
				<identifier>	MP_RM139_Insulator_INDEX_10	</identifier>
				<transform>
					<row0>	0.0000 0.0000 0.4565 0.0000	</row0>
					<row1>	0.0000 0.4565 0.0000 0.0000	</row1>
					<row2>	-0.4565 0.0000 0.0000 0.0000	</row2>
					<row3>	0.1032 2.1456 1.9953 1.0000	</row3>
				</transform>
			</node>
			<node>
				<identifier>	MP_RM139_Insulator_INDEX_11	</identifier>
				<transform>
					<row0>	-0.3953 0.0000 0.2282 0.0000	</row0>
					<row1>	0.0000 0.4565 0.0000 0.0000	</row1>
					<row2>	-0.2282 0.0000 -0.3953 0.0000	</row2>
					<row3>	-0.0004 1.3217 1.6493 1.0000	</row3>
				</transform>
			</node>
			<node>
				<identifier>	MP_RM139_Insulator_INDEX_12	</identifier>
				<transform>
					<row0>	-0.2827 0.0000 -0.3584 0.0000	</row0>
					<row1>	0.0000 0.4565 0.0000 0.0000	</row1>
					<row2>	0.3584 0.0000 -0.2827 0.0000	</row2>
					<row3>	-0.1234 1.6955 2.4386 1.0000	</row3>
				</transform>
			</node>
			<node>
				<identifier>	MP_RM139_Insulator_INDEX_13	</identifier>
				<transform>
					<row0>	-0.0840 0.0000 -0.4487 0.0000	</row0>
					<row1>	0.0000 0.4565 0.0000 0.0000	</row1>
					<row2>	0.4487 0.0000 -0.0840 0.0000	</row2>
					<row3>	0.1513 1.6955 2.0741 1.0000	</row3>
				</transform>
			</node>
			<node>
				<identifier>	MP_RM139_Insulator_INDEX_14	</identifier>
				<transform>
					<row0>	-0.2827 0.0000 0.3584 0.0000	</row0>
					<row1>	0.0000 0.4565 0.0000 0.0000	</row1>
					<row2>	-0.3584 0.0000 -0.2827 0.0000	</row2>
					<row3>	0.1234 1.6955 2.4386 1.0000	</row3>
				</transform>
			</node>
			<node>
				<identifier>	MP_RM139_Insulator_INDEX_15	</identifier>
				<transform>
					<row0>	-0.0851 0.0000 0.4485 0.0000	</row0>
					<row1>	0.0000 0.4565 0.0000 0.0000	</row1>
					<row2>	-0.4485 0.0000 -0.0851 0.0000	</row2>
					<row3>	0.1829 1.6955 2.3417 1.0000	</row3>
				</transform>
			</node>
