<ASC069_Anchorage_1942_Bow_ports.visual>
	<node>
		<identifier>	Scene Root	</identifier>
		<transform>
			<row0>	1.0000 0.0000 0.0000 0.0000	</row0>
			<row1>	0.0000 1.0000 0.0000 0.0000	</row1>
			<row2>	0.0000 0.0000 1.0000 0.0000	</row2>
			<row3>	0.0000 0.0000 0.0000 1.0000	</row3>
		</transform>
		<node>
			<identifier>	Bow_ports	</identifier>
			<transform>
				<row0>	1.0000 0.0000 0.0000 0.0000	</row0>
				<row1>	0.0000 1.0000 0.0000 0.0000	</row1>
				<row2>	0.0000 0.0000 1.0000 0.0000	</row2>
				<row3>	0.0000 0.0000 0.0000 1.0000	</row3>
			</transform>
			<node>
				<identifier>	HP_AGA_1	</identifier>
				<transform>
					<row0>	0.7071 0.0000 0.7071 0.0000	</row0>
					<row1>	0.0000 1.0000 0.0000 0.0000	</row1>
					<row2>	-0.7071 0.0000 0.7071 0.0000	</row2>
					<row3>	-0.2644 0.5648 5.7712 1.0000	</row3>
				</transform>
			</node>
			<node>
				<identifier>	HP_AGA_2	</identifier>
				<transform>
					<row0>	0.7071 0.0000 -0.7071 0.0000	</row0>
					<row1>	0.0000 1.0000 0.0000 0.0000	</row1>
					<row2>	0.7071 0.0000 0.7071 0.0000	</row2>
					<row3>	0.2644 0.5648 5.7712 1.0000	</row3>
				</transform>
			</node>
			<node>
				<identifier>	HP_AGA_3	</identifier>
				<transform>
					<row0>	0.7071 0.0000 0.7071 0.0000	</row0>
					<row1>	0.0000 1.0000 0.0000 0.0000	</row1>
					<row2>	-0.7071 0.0000 0.7071 0.0000	</row2>
					<row3>	-0.2842 0.5559 5.5557 1.0000	</row3>
				</transform>
			</node>
			<node>
				<identifier>	HP_AGA_4	</identifier>
				<transform>
					<row0>	0.7071 0.0000 -0.7071 0.0000	</row0>
					<row1>	0.0000 1.0000 0.0000 0.0000	</row1>
					<row2>	0.7071 0.0000 0.7071 0.0000	</row2>
					<row3>	0.2842 0.5559 5.5557 1.0000	</row3>
				</transform>
			</node>
			<node>
				<identifier>	HP_AGM_1	</identifier>
				<transform>
					<row0>	1.0000 0.0000 0.0000 0.0000	</row0>
					<row1>	0.0000 1.0000 0.0000 0.0000	</row1>
					<row2>	0.0000 0.0000 1.0000 0.0000	</row2>
					<row3>	0.0000 0.5713 4.4906 1.0000	</row3>
				</transform>
			</node>
			<node>
				<identifier>	HP_FX_Death_1	</identifier>
				<transform>
					<row0>	1.0000 0.0000 0.0000 0.0000	</row0>
					<row1>	0.0000 1.0000 0.0000 0.0000	</row1>
					<row2>	0.0000 0.0000 1.0000 0.0000	</row2>
					<row3>	0.0000 0.0000 4.9266 1.0000	</row3>
				</transform>
			</node>
			<node>
				<identifier>	HP_FX_Fire_1	</identifier>
				<transform>
					<row0>	1.0000 0.0000 0.0000 0.0000	</row0>
					<row1>	0.0000 1.0000 0.0000 0.0000	</row1>
					<row2>	0.0000 0.0000 1.0000 0.0000	</row2>
					<row3>	0.0000 0.5889 5.7192 1.0000	</row3>
				</transform>
			</node>
			<node>
				<identifier>	HP_FX_Flood_water_left_5	</identifier>
				<transform>
					<row0>	-1.0000 0.0000 0.0000 0.0000	</row0>
					<row1>	0.0000 1.0000 0.0000 0.0000	</row1>
					<row2>	0.0000 0.0000 -1.0000 0.0000	</row2>
					<row3>	-0.4204 0.1264 4.4637 1.0000	</row3>
				</transform>
			</node>
			<node>
				<identifier>	HP_FX_Flood_water_right_5	</identifier>
				<transform>
					<row0>	1.0000 0.0000 0.0000 0.0000	</row0>
					<row1>	0.0000 1.0000 0.0000 0.0000	</row1>
					<row2>	0.0000 0.0000 1.0000 0.0000	</row2>
					<row3>	0.4229 0.1241 4.4635 1.0000	</row3>
				</transform>
			</node>
			<node>
				<identifier>	HP_FX_WakeTrace	</identifier>
				<transform>
					<row0>	1.0000 0.0000 0.0000 0.0000	</row0>
					<row1>	0.0000 1.0000 0.0000 0.0000	</row1>
					<row2>	0.0000 0.0000 1.0000 0.0000	</row2>
					<row3>	0.0000 0.0000 7.3035 1.0000	</row3>
				</transform>
			</node>
			<node>
				<identifier>	HP_Ship_death_1	</identifier>
				<transform>
					<row0>	1.0000 0.0000 0.0000 0.0000	</row0>
					<row1>	0.0000 1.0000 0.0000 0.0000	</row1>
					<row2>	0.0000 0.0000 1.0000 0.0000	</row2>
					<row3>	0.0000 0.0000 3.4537 1.0000	</row3>
				</transform>
			</node>
			<node>
				<identifier>	MP_AM004_Fairlead_2	</identifier>
				<transform>
					<row0>	-0.1455 0.0453 0.9883 0.0000	</row0>
					<row1>	-0.0003 0.9989 -0.0459 0.0000	</row1>
					<row2>	-0.9894 -0.0069 -0.1453 0.0000	</row2>
					<row3>	0.3212 0.5828 6.1512 1.0000	</row3>
				</transform>
			</node>
			<node>
				<identifier>	MP_AM004_Fairlead_2_INDEX_1	</identifier>
				<transform>
					<row0>	0.1452 0.0436 0.9884 0.0000	</row0>
					<row1>	0.0000 0.9990 -0.0440 0.0000	</row1>
					<row2>	-0.9894 0.0064 0.1451 0.0000	</row2>
					<row3>	-0.3212 0.5828 6.1512 1.0000	</row3>
				</transform>
			</node>
			<node>
				<identifier>	MP_AM005_Bollard_1	</identifier>
				<transform>
					<row0>	0.9845 0.0000 -0.1754 0.0000	</row0>
					<row1>	-0.0090 0.9987 -0.0504 0.0000	</row1>
					<row2>	0.1752 0.0512 0.9832 0.0000	</row2>
					<row3>	-0.2278 0.5920 6.3930 1.0000	</row3>
				</transform>
			</node>
			<node>
				<identifier>	MP_AM005_Bollard_1_INDEX_1	</identifier>
				<transform>
					<row0>	0.9845 0.0000 0.1754 0.0000	</row0>
					<row1>	0.0090 0.9987 -0.0504 0.0000	</row1>
					<row2>	-0.1752 0.0512 0.9832 0.0000	</row2>
					<row3>	0.2278 0.5920 6.3930 1.0000	</row3>
				</transform>
			</node>
			<node>
				<identifier>	MP_AM005_Bollard_1_INDEX_2	</identifier>
				<transform>
					<row0>	1.5000 0.0000 0.0000 0.0000	</row0>
					<row1>	0.0000 1.4980 -0.0768 0.0000	</row1>
					<row2>	0.0000 0.0768 1.4980 0.0000	</row2>
					<row3>	0.0000 0.6300 7.1624 1.0000	</row3>
				</transform>
			</node>
			<node>
				<identifier>	MP_AM005_Bollard_1_INDEX_3	</identifier>
				<transform>
					<row0>	0.9915 0.0000 -0.1300 0.0000	</row0>
					<row1>	-0.0044 0.9994 -0.0335 0.0000	</row1>
					<row2>	0.1300 0.0338 0.9909 0.0000	</row2>
					<row3>	-0.4354 0.5369 5.0486 1.0000	</row3>
				</transform>
			</node>
			<node>
				<identifier>	MP_AM005_Bollard_1_INDEX_4	</identifier>
				<transform>
					<row0>	0.9915 0.0000 0.1300 0.0000	</row0>
					<row1>	0.0044 0.9994 -0.0335 0.0000	</row1>
					<row2>	-0.1300 0.0338 0.9909 0.0000	</row2>
					<row3>	0.4354 0.5369 5.0486 1.0000	</row3>
				</transform>
			</node>
			<node>
				<identifier>	MP_AM021_Ventilators_3	</identifier>
				<transform>
					<row0>	1.0000 0.0000 0.0000 0.0000	</row0>
					<row1>	0.0000 1.0000 0.0000 0.0000	</row1>
					<row2>	0.0000 0.0000 1.0000 0.0000	</row2>
					<row3>	0.0820 0.5564 5.7852 1.0000	</row3>
				</transform>
			</node>
			<node>
				<identifier>	MP_AM021_Ventilators_3_INDEX_1	</identifier>
				<transform>
					<row0>	1.0000 0.0000 0.0000 0.0000	</row0>
					<row1>	0.0000 1.0000 0.0000 0.0000	</row1>
					<row2>	0.0000 0.0000 1.0000 0.0000	</row2>
					<row3>	-0.2643 0.5008 4.0333 1.0000	</row3>
				</transform>
			</node>
			<node>
				<identifier>	MP_AM021_Ventilators_3_INDEX_2	</identifier>
				<transform>
					<row0>	1.0000 0.0000 0.0000 0.0000	</row0>
					<row1>	0.0000 1.0000 0.0000 0.0000	</row1>
					<row2>	0.0000 0.0000 1.0000 0.0000	</row2>
					<row3>	-0.0820 0.5564 5.7852 1.0000	</row3>
				</transform>
			</node>
			<node>
				<identifier>	MP_AM021_Ventilators_3_INDEX_3	</identifier>
				<transform>
					<row0>	1.0000 0.0000 0.0000 0.0000	</row0>
					<row1>	0.0000 1.0000 0.0000 0.0000	</row1>
					<row2>	0.0000 0.0000 1.0000 0.0000	</row2>
					<row3>	0.2611 0.5008 4.0342 1.0000	</row3>
				</transform>
			</node>
			<node>
				<identifier>	MP_AM023_Hatch_1	</identifier>
				<transform>
					<row0>	0.0000 0.0000 1.0000 0.0000	</row0>
					<row1>	0.0000 1.0000 0.0000 0.0000	</row1>
					<row2>	-1.0000 0.0000 0.0000 0.0000	</row2>
					<row3>	0.0606 0.6266 7.1945 1.0000	</row3>
				</transform>
			</node>
			<node>
				<identifier>	MP_AM023_Hatch_1_INDEX_1	</identifier>
				<transform>
					<row0>	0.0000 0.0000 1.0000 0.0000	</row0>
					<row1>	0.0000 1.0000 0.0000 0.0000	</row1>
					<row2>	-1.0000 0.0000 0.0000 0.0000	</row2>
					<row3>	-0.0394 0.5012 3.9327 1.0000	</row3>
				</transform>
			</node>
			<node>
				<identifier>	MP_AM024_Hatch_2	</identifier>
				<transform>
					<row0>	1.0000 0.0000 0.0000 0.0000	</row0>
					<row1>	0.0000 1.0000 0.0000 0.0000	</row1>
					<row2>	0.0000 0.0000 1.0000 0.0000	</row2>
					<row3>	-0.3811 0.5158 4.5146 1.0000	</row3>
				</transform>
			</node>
			<node>
				<identifier>	MP_AM024_Hatch_2_INDEX_1	</identifier>
				<transform>
					<row0>	1.0000 0.0000 0.0000 0.0000	</row0>
					<row1>	0.0000 1.0000 0.0000 0.0000	</row1>
					<row2>	0.0000 0.0000 1.0000 0.0000	</row2>
					<row3>	0.0000 0.5537 5.5701 1.0000	</row3>
				</transform>
			</node>
			<node>
				<identifier>	MP_AM024_Hatch_2_INDEX_2	</identifier>
				<transform>
					<row0>	1.0000 0.0000 0.0000 0.0000	</row0>
					<row1>	0.0000 1.0000 0.0000 0.0000	</row1>
					<row2>	0.0000 0.0000 1.0000 0.0000	</row2>
					<row3>	0.1311 0.5016 3.9440 1.0000	</row3>
				</transform>
			</node>
			<node>
				<identifier>	MP_AM024_Hatch_2_INDEX_3	</identifier>
				<transform>
					<row0>	1.0000 0.0000 0.0000 0.0000	</row0>
					<row1>	0.0000 1.0000 0.0000 0.0000	</row1>
					<row2>	0.0000 0.0000 1.0000 0.0000	</row2>
					<row3>	0.3811 0.5158 4.5146 1.0000	</row3>
				</transform>
			</node>
			<node>
				<identifier>	MP_AM049_Signal_Lamp_1	</identifier>
				<transform>
					<row0>	1.0000 0.0000 0.0000 0.0000	</row0>
					<row1>	0.0000 1.0000 0.0000 0.0000	</row1>
					<row2>	0.0000 0.0000 1.0000 0.0000	</row2>
					<row3>	0.0000 0.9798 7.4903 1.0000	</row3>
				</transform>
			</node>
			<node>
				<identifier>	MP_AM088_Capstan_1	</identifier>
				<transform>
					<row0>	0.5000 0.0000 0.0000 0.0000	</row0>
					<row1>	0.0000 0.5000 0.0000 0.0000	</row1>
					<row2>	0.0000 0.0000 0.5000 0.0000	</row2>
					<row3>	0.1882 0.5798 6.1157 1.0000	</row3>
				</transform>
			</node>
			<node>
				<identifier>	MP_AM088_Capstan_1_INDEX_1	</identifier>
				<transform>
					<row0>	0.5000 0.0000 0.0000 0.0000	</row0>
					<row1>	0.0000 0.5000 0.0000 0.0000	</row1>
					<row2>	0.0000 0.0000 0.5000 0.0000	</row2>
					<row3>	-0.1888 0.5798 6.1157 1.0000	</row3>
				</transform>
			</node>
			<node>
				<identifier>	MP_AM100_Spare_barrel_tube	</identifier>
				<transform>
					<row0>	-0.1435 0.2005 0.9691 0.0000	</row0>
					<row1>	0.0090 0.9795 -0.2013 0.0000	</row1>
					<row2>	-0.9896 -0.0201 -0.1423 0.0000	</row2>
					<row3>	0.3679 0.5736 5.7856 1.0000	</row3>
				</transform>
			</node>
			<node>
				<identifier>	MP_AM100_Spare_barrel_tube_INDEX_1	</identifier>
				<transform>
					<row0>	0.0458 -0.8942 0.4453 0.0000	</row0>
					<row1>	-0.1362 -0.4472 -0.8840 0.0000	</row1>
					<row2>	0.9896 -0.0201 -0.1423 0.0000	</row2>
					<row3>	-0.3814 0.5698 5.6911 1.0000	</row3>
				</transform>
			</node>
			<node>
				<identifier>	MP_AM100_Spare_barrel_tube_INDEX_2	</identifier>
				<transform>
					<row0>	-0.1435 0.2005 0.9691 0.0000	</row0>
					<row1>	0.0090 0.9795 -0.2013 0.0000	</row1>
					<row2>	-0.9896 -0.0201 -0.1423 0.0000	</row2>
					<row3>	0.3814 0.5698 5.6911 1.0000	</row3>
				</transform>
			</node>
			<node>
				<identifier>	MP_AM100_Spare_barrel_tube_INDEX_3	</identifier>
				<transform>
					<row0>	0.0458 -0.8942 0.4453 0.0000	</row0>
					<row1>	-0.1362 -0.4472 -0.8840 0.0000	</row1>
					<row2>	0.9896 -0.0201 -0.1423 0.0000	</row2>
					<row3>	-0.3679 0.5736 5.7856 1.0000	</row3>
				</transform>
			</node>
			<node>
				<identifier>	MP_AM108_Reels_4	</identifier>
				<transform>
					<row0>	0.8666 0.0084 0.4989 0.0000	</row0>
					<row1>	0.0006 0.9998 -0.0179 0.0000	</row1>
					<row2>	-0.4990 0.0158 0.8665 0.0000	</row2>
					<row3>	-0.2016 0.5038 3.9087 1.0000	</row3>
				</transform>
			</node>
			<node>
				<identifier>	MP_AM108_Reels_4_INDEX_1	</identifier>
				<transform>
					<row0>	0.9214 -0.0131 -0.3885 0.0000	</row0>
					<row1>	0.0005 0.9995 -0.0325 0.0000	</row1>
					<row2>	0.3887 0.0298 0.9209 0.0000	</row2>
					<row3>	0.2460 0.5466 5.2866 1.0000	</row3>
				</transform>
			</node>
			<node>
				<identifier>	MP_AM108_Reels_4_INDEX_2	</identifier>
				<transform>
					<row0>	0.9214 0.0131 0.3885 0.0000	</row0>
					<row1>	-0.0005 0.9995 -0.0325 0.0000	</row1>
					<row2>	-0.3887 0.0298 0.9209 0.0000	</row2>
					<row3>	-0.2460 0.5466 5.2866 1.0000	</row3>
				</transform>
			</node>
			<node>
				<identifier>	MP_AM129_Turtles_box	</identifier>
				<transform>
					<row0>	-0.5775 0.0000 0.8164 0.0000	</row0>
					<row1>	0.0000 1.0000 0.0000 0.0000	</row1>
					<row2>	-0.8164 0.0000 -0.5775 0.0000	</row2>
					<row3>	0.1959 0.5628 5.4992 1.0000	</row3>
				</transform>
			</node>
			<node>
				<identifier>	MP_AM148_Hatch_8	</identifier>
				<transform>
					<row0>	1.0000 0.0000 0.0000 0.0000	</row0>
					<row1>	0.0000 0.9967 -0.0813 0.0000	</row1>
					<row2>	0.0000 0.0813 0.9967 0.0000	</row2>
					<row3>	0.0000 0.6420 7.3076 1.0000	</row3>
				</transform>
			</node>
			<node>
				<identifier>	MP_AM247_Ammunition_Box	</identifier>
				<transform>
					<row0>	0.8897 -0.0005 0.1308 0.0000	</row0>
					<row1>	0.0067 0.9991 -0.0418 0.0000	</row1>
					<row2>	-0.1453 0.0424 0.9885 0.0000	</row2>
					<row3>	0.3432 0.5606 5.7182 1.0000	</row3>
				</transform>
			</node>
			<node>
				<identifier>	MP_AM247_Ammunition_Box_INDEX_1	</identifier>
				<transform>
					<row0>	0.8897 0.0005 -0.1308 0.0000	</row0>
					<row1>	-0.0067 0.9991 -0.0418 0.0000	</row1>
					<row2>	0.1453 0.0424 0.9885 0.0000	</row2>
					<row3>	-0.3432 0.5606 5.7182 1.0000	</row3>
				</transform>
			</node>
			<node>
				<identifier>	MP_AM247_Ammunition_Box_INDEX_2	</identifier>
				<transform>
					<row0>	0.8897 -0.0005 0.1308 0.0000	</row0>
					<row1>	0.0067 0.9991 -0.0418 0.0000	</row1>
					<row2>	-0.1453 0.0424 0.9885 0.0000	</row2>
					<row3>	0.3546 0.5573 5.6409 1.0000	</row3>
				</transform>
			</node>
			<node>
				<identifier>	MP_AM247_Ammunition_Box_INDEX_3	</identifier>
				<transform>
					<row0>	0.8897 0.0005 -0.1308 0.0000	</row0>
					<row1>	-0.0067 0.9991 -0.0418 0.0000	</row1>
					<row2>	0.1453 0.0424 0.9885 0.0000	</row2>
					<row3>	-0.3546 0.5573 5.6409 1.0000	</row3>
				</transform>
			</node>
			<node>
				<identifier>	MP_AM485_Fairlead	</identifier>
				<transform>
					<row0>	-0.9948 0.0034 0.1022 0.0000	</row0>
					<row1>	0.0001 0.9995 -0.0318 0.0000	</row1>
					<row2>	-0.1023 -0.0317 -0.9943 0.0000	</row2>
					<row3>	-0.5127 0.5169 4.6541 1.0000	</row3>
				</transform>
			</node>
			<node>
				<identifier>	MP_AM485_Fairlead_INDEX_1	</identifier>
				<transform>
					<row0>	-0.9986 -0.0015 -0.0523 0.0000	</row0>
					<row1>	0.0001 0.9995 -0.0318 0.0000	</row1>
					<row2>	0.0523 -0.0318 -0.9981 0.0000	</row2>
					<row3>	0.5135 0.5169 4.6541 1.0000	</row3>
				</transform>
			</node>
			<node>
				<identifier>	MP_AM485_Fairlead_INDEX_2	</identifier>
				<transform>
					<row0>	-0.9938 0.0036 0.1115 0.0000	</row0>
					<row1>	-0.0008 0.9992 -0.0389 0.0000	</row1>
					<row2>	-0.1116 -0.0387 -0.9930 0.0000	</row2>
					<row3>	-0.4376 0.5419 5.3303 1.0000	</row3>
				</transform>
			</node>
			<node>
				<identifier>	MP_AM485_Fairlead_INDEX_3	</identifier>
				<transform>
					<row0>	-0.9936 -0.0052 -0.1131 0.0000	</row0>
					<row1>	-0.0008 0.9992 -0.0389 0.0000	</row1>
					<row2>	0.1132 -0.0386 -0.9928 0.0000	</row2>
					<row3>	0.4376 0.5419 5.3303 1.0000	</row3>
				</transform>
			</node>
			<node>
				<identifier>	MP_AM548_Break_Handwheel	</identifier>
				<transform>
					<row0>	-1.0000 0.0000 0.0000 0.0000	</row0>
					<row1>	0.0000 1.0000 0.0000 0.0000	</row1>
					<row2>	0.0000 0.0000 -1.0000 0.0000	</row2>
					<row3>	0.0318 0.5723 5.9479 1.0000	</row3>
				</transform>
			</node>
			<node>
				<identifier>	MP_AM548_Break_Handwheel_INDEX_1	</identifier>
				<transform>
					<row0>	-1.0000 0.0000 0.0000 0.0000	</row0>
					<row1>	0.0000 1.0000 0.0000 0.0000	</row1>
					<row2>	0.0000 0.0000 -1.0000 0.0000	</row2>
					<row3>	-0.0960 0.5723 5.9479 1.0000	</row3>
				</transform>
			</node>
			<node>
				<identifier>	MP_AM548_Break_Handwheel_INDEX_2	</identifier>
				<transform>
					<row0>	-1.0000 0.0000 0.0000 0.0000	</row0>
					<row1>	0.0000 1.0000 0.0000 0.0000	</row1>
					<row2>	0.0000 0.0000 -1.0000 0.0000	</row2>
					<row3>	0.0960 0.5723 5.9479 1.0000	</row3>
				</transform>
			</node>
			<node>
				<identifier>	MP_AM548_Break_Handwheel_INDEX_3	</identifier>
				<transform>
					<row0>	-1.0000 0.0000 0.0000 0.0000	</row0>
					<row1>	0.0000 1.0000 0.0000 0.0000	</row1>
					<row2>	0.0000 0.0000 -1.0000 0.0000	</row2>
					<row3>	-0.0318 0.5723 5.9479 1.0000	</row3>
				</transform>
			</node>
			<node>
				<identifier>	MP_AM590_Anchor_Chain_Jack	</identifier>
				<transform>
					<row0>	0.7941 0.0000 0.0000 0.0000	</row0>
					<row1>	0.0000 0.7929 -0.0429 0.0000	</row1>
					<row2>	0.0000 0.0429 0.7929 0.0000	</row2>
					<row3>	-0.1429 0.5897 6.3108 1.0000	</row3>
				</transform>
			</node>
			<node>
				<identifier>	MP_AM627_Ventilation	</identifier>
				<transform>
					<row0>	0.0000 0.0000 0.5772 0.0000	</row0>
					<row1>	0.0000 0.5772 0.0000 0.0000	</row1>
					<row2>	-0.5772 0.0000 0.0000 0.0000	</row2>
					<row3>	-0.2571 0.5133 4.9602 1.0000	</row3>
				</transform>
			</node>
			<node>
				<identifier>	MP_AM627_Ventilation_INDEX_1	</identifier>
				<transform>
					<row0>	0.0000 0.0000 -0.5772 0.0000	</row0>
					<row1>	0.0000 0.5772 0.0000 0.0000	</row1>
					<row2>	0.5772 0.0000 0.0000 0.0000	</row2>
					<row3>	0.2571 0.5133 4.9602 1.0000	</row3>
				</transform>
			</node>
			<node>
				<identifier>	SP_YMS001_YHBM_M_1	</identifier>
				<transform>
					<row0>	1.4711 0.0000 0.0000 0.0000	</row0>
					<row1>	0.0000 1.4711 0.0000 0.0000	</row1>
					<row2>	0.0000 0.0000 1.4711 0.0000	</row2>
					<row3>	0.0000 0.6614 7.4210 1.0000	</row3>
				</transform>
			</node>
			<node>
				<identifier>	SP_YMS002_YHBL_M_1	</identifier>
				<transform>
					<row0>	0.9967 -0.0812 -0.0020 0.0000	</row0>
					<row1>	0.0807 0.9925 -0.0915 0.0000	</row1>
					<row2>	0.0094 0.0910 0.9958 0.0000	</row2>
					<row3>	0.0000 0.6614 7.4210 1.0000	</row3>
				</transform>
			</node>
			<node>
				<identifier>	SP_YMS003_YHBR_M_1	</identifier>
				<transform>
					<row0>	0.9967 0.0812 0.0020 0.0000	</row0>
					<row1>	-0.0807 0.9925 -0.0915 0.0000	</row1>
					<row2>	-0.0094 0.0910 0.9958 0.0000	</row2>
					<row3>	0.0000 0.6614 7.4210 1.0000	</row3>
				</transform>
			</node>
			<node>
				<identifier>	SP_YMS004_YHXL_L_1	</identifier>
				<transform>
					<row0>	0.8628 0.4789 -0.1618 0.0000	</row0>
					<row1>	-0.4903 0.8707 -0.0376 0.0000	</row1>
					<row2>	0.1229 0.1118 0.9861 0.0000	</row2>
					<row3>	-0.1369 0.5361 7.0357 1.0000	</row3>
				</transform>
			</node>
			<node>
				<identifier>	SP_YMS005_YHXR_L_1	</identifier>
				<transform>
					<row0>	0.8636 -0.4796 0.1555 0.0000	</row0>
					<row1>	0.4919 0.8691 -0.0520 0.0000	</row1>
					<row2>	-0.1102 0.1214 0.9865 0.0000	</row2>
					<row3>	0.1369 0.5361 7.0357 1.0000	</row3>
				</transform>
			</node>
			<node>
				<identifier>	SP_YMS010_YHWM_L_1	</identifier>
				<transform>
					<row0>	0.8371 0.0000 0.0000 0.0000	</row0>
					<row1>	0.0000 0.8371 0.0000 0.0000	</row1>
					<row2>	0.0000 0.0000 0.8371 0.0000	</row2>
					<row3>	0.0000 0.0000 7.2029 1.0000	</row3>
				</transform>
			</node>
			<node>
				<identifier>	SP_YMS011_YHWL_M_1	</identifier>
				<transform>
					<row0>	0.9890 0.0000 -0.1478 0.0000	</row0>
					<row1>	0.0000 1.0000 0.0000 0.0000	</row1>
					<row2>	0.1478 0.0000 0.9890 0.0000	</row2>
					<row3>	-0.2107 0.0000 5.7365 1.0000	</row3>
				</transform>
			</node>
			<node>
				<identifier>	SP_YMS011_YHWL_M_1_INDEX_1	</identifier>
				<transform>
					<row0>	0.9890 0.0000 -0.1478 0.0000	</row0>
					<row1>	0.0000 1.0000 0.0000 0.0000	</row1>
					<row2>	0.1478 0.0000 0.9890 0.0000	</row2>
					<row3>	-0.3365 0.0000 4.8946 1.0000	</row3>
				</transform>
			</node>
			<node>
				<identifier>	SP_YMS011_YHWL_M_1_INDEX_2	</identifier>
				<transform>
					<row0>	0.9903 0.0000 -0.1390 0.0000	</row0>
					<row1>	0.0000 1.0000 0.0000 0.0000	</row1>
					<row2>	0.1390 0.0000 0.9903 0.0000	</row2>
					<row3>	-0.4585 0.0000 4.0514 1.0000	</row3>
				</transform>
			</node>
			<node>
				<identifier>	SP_YMS012_YHWR_M_1	</identifier>
				<transform>
					<row0>	0.9890 0.0000 0.1478 0.0000	</row0>
					<row1>	0.0000 1.0000 0.0000 0.0000	</row1>
					<row2>	-0.1478 0.0000 0.9890 0.0000	</row2>
					<row3>	0.2107 0.0000 5.7365 1.0000	</row3>
				</transform>
			</node>
			<node>
				<identifier>	SP_YMS012_YHWR_M_1_INDEX_1	</identifier>
				<transform>
					<row0>	0.9890 0.0000 0.1478 0.0000	</row0>
					<row1>	0.0000 1.0000 0.0000 0.0000	</row1>
					<row2>	-0.1478 0.0000 0.9890 0.0000	</row2>
					<row3>	0.3365 0.0000 4.8946 1.0000	</row3>
				</transform>
			</node>
			<node>
				<identifier>	SP_YMS012_YHWR_M_1_INDEX_2	</identifier>
				<transform>
					<row0>	0.9903 0.0000 0.1390 0.0000	</row0>
					<row1>	0.0000 1.0000 0.0000 0.0000	</row1>
					<row2>	-0.1390 0.0000 0.9903 0.0000	</row2>
					<row3>	0.4585 0.0000 4.0514 1.0000	</row3>
				</transform>
			</node>
			<node>
				<identifier>	SP_YMS020_YHBU_M_1	</identifier>
				<transform>
					<row0>	1.1278 0.0000 0.0000 0.0000	</row0>
					<row1>	0.0000 1.1250 0.0787 0.0000	</row1>
					<row2>	0.0000 -0.0787 1.1252 0.0000	</row2>
					<row3>	0.0000 -0.0639 7.2694 1.0000	</row3>
				</transform>
			</node>
			<node>
				<identifier>	SP_YMS022_YHUS_L_1	</identifier>
				<transform>
					<row0>	-0.1076 -0.0018 -0.9942 0.0000	</row0>
					<row1>	-0.3864 0.9215 0.0401 0.0000	</row1>
					<row2>	0.9160 0.3885 -0.0998 0.0000	</row2>
					<row3>	-0.1439 -0.3564 5.0936 1.0000	</row3>
				</transform>
			</node>
			<node>
				<identifier>	SP_YMS022_YHUS_L_1_INDEX_1	</identifier>
				<transform>
					<row0>	-0.1076 0.0018 0.9942 0.0000	</row0>
					<row1>	0.3864 0.9215 0.0401 0.0000	</row1>
					<row2>	-0.9160 0.3885 -0.0998 0.0000	</row2>
					<row3>	0.1439 -0.3564 5.0936 1.0000	</row3>
				</transform>
			</node>
			<node>
				<identifier>	SP_YMS022_YHUS_L_1_INDEX_2	</identifier>
				<transform>
					<row0>	-0.1398 -0.0061 -0.9902 0.0000	</row0>
					<row1>	-0.3850 0.9216 0.0487 0.0000	</row1>
					<row2>	0.9123 0.3880 -0.1311 0.0000	</row2>
					<row3>	-0.2304 -0.3548 4.3598 1.0000	</row3>
				</transform>
			</node>
			<node>
				<identifier>	SP_YMS022_YHUS_L_1_INDEX_3	</identifier>
				<transform>
					<row0>	-0.1398 0.0061 0.9902 0.0000	</row0>
					<row1>	0.3850 0.9216 0.0487 0.0000	</row1>
					<row2>	-0.9123 0.3880 -0.1311 0.0000	</row2>
					<row3>	0.2304 -0.3548 4.3598 1.0000	</row3>
				</transform>
			</node>
			<node>
				<identifier>	SP_YMS051_YHDL_L_1	</identifier>
				<transform>
					<row0>	-0.8921 0.0445 0.1104 0.0000	</row0>
					<row1>	0.0398 0.8982 -0.0399 0.0000	</row1>
					<row2>	-0.1121 -0.0347 -0.8923 0.0000	</row2>
					<row3>	-0.5482 0.5210 4.5716 1.0000	</row3>
				</transform>
			</node>
			<node>
				<identifier>	SP_YMS052_YHDR_L_1	</identifier>
				<transform>
					<row0>	0.8921 0.0445 0.1104 0.0000	</row0>
					<row1>	-0.0398 0.8982 -0.0399 0.0000	</row1>
					<row2>	-0.1121 0.0347 0.8923 0.0000	</row2>
					<row3>	0.5482 0.5210 4.5716 1.0000	</row3>
				</transform>
			</node>
			<node>
				<identifier>	SP_YMS053_YHDC_S_1	</identifier>
				<transform>
					<row0>	1.0000 0.0000 0.0000 0.0000	</row0>
					<row1>	0.0000 0.9990 -0.0450 0.0000	</row1>
					<row2>	0.0000 0.0450 0.9990 0.0000	</row2>
					<row3>	0.1023 0.5546 5.4271 1.0000	</row3>
				</transform>
			</node>
			<node>
				<identifier>	SP_YMS053_YHDC_S_1_INDEX_1	</identifier>
				<transform>
					<row0>	1.0000 0.0000 0.0000 0.0000	</row0>
					<row1>	0.0000 0.9990 -0.0450 0.0000	</row1>
					<row2>	0.0000 0.0450 0.9990 0.0000	</row2>
					<row3>	-0.1023 0.5546 5.4271 1.0000	</row3>
				</transform>
			</node>
			<node>
				<identifier>	SP_YMS072_YHHC_M_1	</identifier>
				<transform>
					<row0>	-0.1276 0.0000 -0.9918 0.0000	</row0>
					<row1>	0.0000 1.0000 0.0000 0.0000	</row1>
					<row2>	0.9918 0.0000 -0.1276 0.0000	</row2>
					<row3>	-0.4381 0.2371 4.1969 1.0000	</row3>
				</transform>
			</node>
			<node>
				<identifier>	SP_YMS072_YHHC_M_1_INDEX_1	</identifier>
				<transform>
					<row0>	-0.1276 0.0000 0.9918 0.0000	</row0>
					<row1>	0.0000 1.0000 0.0000 0.0000	</row1>
					<row2>	-0.9918 0.0000 -0.1276 0.0000	</row2>
					<row3>	0.4381 0.2371 4.1969 1.0000	</row3>
				</transform>
			</node>
			<node>
				<identifier>	SP_YMS080_YHSL_M_1	</identifier>
				<transform>
					<row0>	0.9789 0.1299 -0.1577 0.0000	</row0>
					<row1>	-0.1310 0.9914 0.0034 0.0000	</row1>
					<row2>	0.1568 0.0174 0.9875 0.0000	</row2>
					<row3>	-0.2692 0.2687 5.2017 1.0000	</row3>
				</transform>
			</node>
			<node>
				<identifier>	SP_YMS081_YHSR_M_1	</identifier>
				<transform>
					<row0>	0.9789 -0.1299 0.1577 0.0000	</row0>
					<row1>	0.1310 0.9914 0.0034 0.0000	</row1>
					<row2>	-0.1568 0.0174 0.9875 0.0000	</row2>
					<row3>	0.2692 0.2687 5.2017 1.0000	</row3>
				</transform>
			</node>
		</node>
	</node>
	<boundingBox>
		<min>	-0.0667 -0.0667 -0.0667	</min>
		<max>	0.0667 0.0667 0.0667	</max>
	</boundingBox>
</ASC069_Anchorage_1942_Bow_ports.visual>
