<FSC028_Brest_1944_Stern_ports.visual>
	<node>
		<identifier>	Scene Root	</identifier>
		<transform>
			<row0>	1.0000 0.0000 0.0000 0.0000	</row0>
			<row1>	0.0000 1.0000 0.0000 0.0000	</row1>
			<row2>	0.0000 0.0000 1.0000 0.0000	</row2>
			<row3>	0.0000 0.0000 0.0000 1.0000	</row3>
		</transform>
		<node>
			<identifier>	Stern_ports	</identifier>
			<transform>
				<row0>	1.0000 0.0000 0.0000 0.0000	</row0>
				<row1>	0.0000 1.0000 0.0000 0.0000	</row1>
				<row2>	0.0000 0.0000 1.0000 0.0000	</row2>
				<row3>	0.0000 0.0000 0.0000 1.0000	</row3>
			</transform>
			<node>
				<identifier>	HP_FD_11	</identifier>
				<transform>
					<row0>	-1.0000 0.0000 0.0000 0.0000	</row0>
					<row1>	0.0000 1.0000 0.0000 0.0000	</row1>
					<row2>	0.0000 0.0000 -1.0000 0.0000	</row2>
					<row3>	-0.2045 0.4687 -5.6530 1.0000	</row3>
				</transform>
			</node>
			<node>
				<identifier>	HP_FD_12	</identifier>
				<transform>
					<row0>	-1.0000 0.0000 0.0000 0.0000	</row0>
					<row1>	0.0000 1.0000 0.0000 0.0000	</row1>
					<row2>	0.0000 0.0000 -1.0000 0.0000	</row2>
					<row3>	0.2045 0.4687 -5.6530 1.0000	</row3>
				</transform>
			</node>
			<node>
				<identifier>	HP_FGA_19	</identifier>
				<transform>
					<row0>	-1.0000 0.0000 0.0000 0.0000	</row0>
					<row1>	0.0000 1.0000 0.0000 0.0000	</row1>
					<row2>	0.0000 0.0000 -1.0000 0.0000	</row2>
					<row3>	-0.2021 0.3878 -5.9270 1.0000	</row3>
				</transform>
			</node>
			<node>
				<identifier>	HP_FGA_20	</identifier>
				<transform>
					<row0>	-1.0000 0.0000 0.0000 0.0000	</row0>
					<row1>	0.0000 1.0000 0.0000 0.0000	</row1>
					<row2>	0.0000 0.0000 -1.0000 0.0000	</row2>
					<row3>	0.2021 0.3878 -5.9270 1.0000	</row3>
				</transform>
			</node>
			<node>
				<identifier>	HP_FGA_21	</identifier>
				<transform>
					<row0>	-1.0000 0.0000 0.0000 0.0000	</row0>
					<row1>	0.0000 1.0000 0.0000 0.0000	</row1>
					<row2>	0.0000 0.0000 -1.0000 0.0000	</row2>
					<row3>	-0.1600 0.3956 -6.8111 1.0000	</row3>
				</transform>
			</node>
			<node>
				<identifier>	HP_FGA_22	</identifier>
				<transform>
					<row0>	-1.0000 0.0000 0.0000 0.0000	</row0>
					<row1>	0.0000 1.0000 0.0000 0.0000	</row1>
					<row2>	0.0000 0.0000 -1.0000 0.0000	</row2>
					<row3>	0.1600 0.3956 -6.8111 1.0000	</row3>
				</transform>
			</node>
			<node>
				<identifier>	HP_FX_Fire_4	</identifier>
				<transform>
					<row0>	1.0000 0.0000 0.0000 0.0000	</row0>
					<row1>	0.0000 1.0000 0.0000 0.0000	</row1>
					<row2>	0.0000 0.0000 1.0000 0.0000	</row2>
					<row3>	0.0000 0.3534 -5.5969 1.0000	</row3>
				</transform>
			</node>
			<node>
				<identifier>	HP_FX_Flood_water_left	</identifier>
				<transform>
					<row0>	-0.9613 0.0000 -0.2753 0.0000	</row0>
					<row1>	0.0000 1.0000 0.0000 0.0000	</row1>
					<row2>	0.2753 0.0000 -0.9613 0.0000	</row2>
					<row3>	-0.2777 0.0584 -6.3349 1.0000	</row3>
				</transform>
			</node>
			<node>
				<identifier>	HP_FX_Flood_water_left_2	</identifier>
				<transform>
					<row0>	-0.9849 0.0689 -0.1585 0.0000	</row0>
					<row1>	0.0690 0.9976 0.0044 0.0000	</row1>
					<row2>	0.1585 -0.0066 -0.9873 0.0000	</row2>
					<row3>	-0.4600 0.0583 -5.4833 1.0000	</row3>
				</transform>
			</node>
			<node>
				<identifier>	HP_FX_Flood_water_right	</identifier>
				<transform>
					<row0>	0.9763 0.0000 -0.2164 0.0000	</row0>
					<row1>	0.0000 1.0000 0.0000 0.0000	</row1>
					<row2>	0.2164 0.0000 0.9763 0.0000	</row2>
					<row3>	0.2774 0.0579 -6.3351 1.0000	</row3>
				</transform>
			</node>
			<node>
				<identifier>	HP_FX_Flood_water_right_2	</identifier>
				<transform>
					<row0>	0.9890 0.0000 -0.1480 0.0000	</row0>
					<row1>	0.0076 0.9987 0.0511 0.0000	</row1>
					<row2>	0.1478 -0.0517 0.9877 0.0000	</row2>
					<row3>	0.4597 0.0574 -5.4837 1.0000	</row3>
				</transform>
			</node>
			<node>
				<identifier>	HP_FX_WakeTraceBack	</identifier>
				<transform>
					<row0>	1.0000 0.0000 0.0000 0.0000	</row0>
					<row1>	0.0000 1.0000 0.0000 0.0000	</row1>
					<row2>	0.0000 0.0000 1.0000 0.0000	</row2>
					<row3>	0.0000 0.0000 -6.9884 1.0000	</row3>
				</transform>
			</node>
			<node>
				<identifier>	HP_FX_WakeTrace_screw_2	</identifier>
				<transform>
					<row0>	1.0000 0.0000 0.0000 0.0000	</row0>
					<row1>	0.0000 1.0000 0.0000 0.0000	</row1>
					<row2>	0.0000 0.0000 1.0000 0.0000	</row2>
					<row3>	-0.2740 -0.4250 -5.8960 1.0000	</row3>
				</transform>
			</node>
			<node>
				<identifier>	HP_FX_WakeTrace_screw_3	</identifier>
				<transform>
					<row0>	1.0000 0.0000 0.0000 0.0000	</row0>
					<row1>	0.0000 1.0000 0.0000 0.0000	</row1>
					<row2>	0.0000 0.0000 1.0000 0.0000	</row2>
					<row3>	0.2740 -0.4250 -5.8960 1.0000	</row3>
				</transform>
			</node>
			<node>
				<identifier>	HP_Ship_death_3	</identifier>
				<transform>
					<row0>	1.0000 0.0000 0.0000 0.0000	</row0>
					<row1>	0.0000 1.0000 0.0000 0.0000	</row1>
					<row2>	0.0000 0.0000 1.0000 0.0000	</row2>
					<row3>	0.0000 0.0000 -5.4507 1.0000	</row3>
				</transform>
			</node>
			<node>
				<identifier>	MP_CM011_Fire_Fighting_Gear	</identifier>
				<transform>
					<row0>	-1.0000 0.0000 0.0000 0.0000	</row0>
					<row1>	0.0000 1.0000 0.0000 0.0000	</row1>
					<row2>	0.0000 0.0000 -1.0000 0.0000	</row2>
					<row3>	-0.0404 0.3873 -5.7945 1.0000	</row3>
				</transform>
			</node>
			<node>
				<identifier>	MP_CM011_Fire_Fighting_Gear_INDEX_1	</identifier>
				<transform>
					<row0>	-1.0000 0.0000 0.0000 0.0000	</row0>
					<row1>	0.0000 1.0000 0.0000 0.0000	</row1>
					<row2>	0.0000 0.0000 -1.0000 0.0000	</row2>
					<row3>	0.0404 0.3873 -5.7945 1.0000	</row3>
				</transform>
			</node>
			<node>
				<identifier>	MP_CM013_Fire_Hose_Rack_2	</identifier>
				<transform>
					<row0>	-0.1972 0.0000 -0.9804 0.0000	</row0>
					<row1>	0.0000 1.0000 0.0000 0.0000	</row1>
					<row2>	0.9804 0.0000 -0.1972 0.0000	</row2>
					<row3>	0.2426 0.4321 -5.7472 1.0000	</row3>
				</transform>
			</node>
			<node>
				<identifier>	MP_CM161_Propeller_4_8m_BB_R	</identifier>
				<transform>
					<row0>	1.2080 0.0000 0.0000 0.0000	</row0>
					<row1>	0.0000 1.2076 -0.0299 0.0000	</row1>
					<row2>	0.0000 0.0299 1.2076 0.0000	</row2>
					<row3>	0.2729 -0.4276 -5.8963 1.0000	</row3>
				</transform>
			</node>
			<node>
				<identifier>	MP_CM162_Propeller_4_8m_BB_L	</identifier>
				<transform>
					<row0>	1.2080 0.0000 0.0000 0.0000	</row0>
					<row1>	0.0000 1.2076 -0.0299 0.0000	</row1>
					<row2>	0.0000 0.0299 1.2076 0.0000	</row2>
					<row3>	-0.2729 -0.4276 -5.8963 1.0000	</row3>
				</transform>
			</node>
			<node>
				<identifier>	MP_FM011_Reels	</identifier>
				<transform>
					<row0>	1.7246 0.0000 0.0000 0.0000	</row0>
					<row1>	0.0000 1.7245 0.0189 0.0000	</row1>
					<row2>	0.0000 -0.0189 1.7245 0.0000	</row2>
					<row3>	0.2488 0.3933 -6.3197 1.0000	</row3>
				</transform>
			</node>
			<node>
				<identifier>	MP_FM011_Reels_INDEX_1	</identifier>
				<transform>
					<row0>	1.7246 0.0000 0.0000 0.0000	</row0>
					<row1>	0.0000 1.7245 0.0189 0.0000	</row1>
					<row2>	0.0000 -0.0189 1.7245 0.0000	</row2>
					<row3>	-0.2488 0.3933 -6.3197 1.0000	</row3>
				</transform>
			</node>
			<node>
				<identifier>	MP_FM014_Telephone	</identifier>
				<transform>
					<row0>	0.9804 0.0000 -0.1970 0.0000	</row0>
					<row1>	0.0000 1.0000 0.0000 0.0000	</row1>
					<row2>	0.1970 0.0000 0.9804 0.0000	</row2>
					<row3>	0.2532 0.4451 -5.7503 1.0000	</row3>
				</transform>
			</node>
			<node>
				<identifier>	MP_FM014_Telephone_INDEX_1	</identifier>
				<transform>
					<row0>	0.9804 0.0000 0.1970 0.0000	</row0>
					<row1>	0.0000 1.0000 0.0000 0.0000	</row1>
					<row2>	-0.1970 0.0000 0.9804 0.0000	</row2>
					<row3>	-0.2532 0.4451 -5.7503 1.0000	</row3>
				</transform>
			</node>
			<node>
				<identifier>	MP_FM014_Telephone_INDEX_2	</identifier>
				<transform>
					<row0>	0.9823 0.0000 0.1871 0.0000	</row0>
					<row1>	0.0000 1.0000 0.0000 0.0000	</row1>
					<row2>	-0.1871 0.0000 0.9823 0.0000	</row2>
					<row3>	-0.1787 0.4536 -6.7168 1.0000	</row3>
				</transform>
			</node>
			<node>
				<identifier>	MP_FM014_Telephone_INDEX_3	</identifier>
				<transform>
					<row0>	0.9823 0.0000 -0.1871 0.0000	</row0>
					<row1>	0.0000 1.0000 0.0000 0.0000	</row1>
					<row2>	0.1871 0.0000 0.9823 0.0000	</row2>
					<row3>	0.1787 0.4536 -6.7168 1.0000	</row3>
				</transform>
			</node>
			<node>
				<identifier>	MP_FM017_Turtles_box	</identifier>
				<transform>
					<row0>	-0.9810 0.0000 0.1940 0.0000	</row0>
					<row1>	0.0000 1.0000 0.0000 0.0000	</row1>
					<row2>	-0.1940 0.0000 -0.9810 0.0000	</row2>
					<row3>	0.2157 0.3993 -5.7454 1.0000	</row3>
				</transform>
			</node>
			<node>
				<identifier>	MP_FM017_Turtles_box_INDEX_1	</identifier>
				<transform>
					<row0>	0.9805 0.0000 0.1964 0.0000	</row0>
					<row1>	0.0000 1.0000 0.0000 0.0000	</row1>
					<row2>	-0.1964 0.0000 0.9805 0.0000	</row2>
					<row3>	-0.1745 0.4156 -6.7106 1.0000	</row3>
				</transform>
			</node>
			<node>
				<identifier>	MP_FM017_Turtles_box_INDEX_2	</identifier>
				<transform>
					<row0>	0.9805 0.0000 -0.1964 0.0000	</row0>
					<row1>	0.0000 1.0000 0.0000 0.0000	</row1>
					<row2>	0.1964 0.0000 0.9805 0.0000	</row2>
					<row3>	0.1745 0.4156 -6.7106 1.0000	</row3>
				</transform>
			</node>
			<node>
				<identifier>	MP_FM017_Turtles_box_INDEX_3	</identifier>
				<transform>
					<row0>	-0.9810 0.0000 -0.1940 0.0000	</row0>
					<row1>	0.0000 1.0000 0.0000 0.0000	</row1>
					<row2>	0.1940 0.0000 -0.9810 0.0000	</row2>
					<row3>	-0.2157 0.3993 -5.7454 1.0000	</row3>
				</transform>
			</node>
			<node>
				<identifier>	MP_FM019_Life_Bouy	</identifier>
				<transform>
					<row0>	0.2887 0.0000 0.9574 0.0000	</row0>
					<row1>	0.0000 1.0000 0.0000 0.0000	</row1>
					<row2>	-0.9574 0.0000 0.2887 0.0000	</row2>
					<row3>	0.3724 0.4098 -6.5015 1.0000	</row3>
				</transform>
			</node>
			<node>
				<identifier>	MP_FM019_Life_Bouy_INDEX_1	</identifier>
				<transform>
					<row0>	0.2887 0.0000 -0.9574 0.0000	</row0>
					<row1>	0.0000 1.0000 0.0000 0.0000	</row1>
					<row2>	0.9574 0.0000 0.2887 0.0000	</row2>
					<row3>	-0.3724 0.4098 -6.5015 1.0000	</row3>
				</transform>
			</node>
			<node>
				<identifier>	MP_FM502_Rafts_5in	</identifier>
				<transform>
					<row0>	0.0000 0.0000 -1.0000 0.0000	</row0>
					<row1>	0.0000 1.0000 0.0000 0.0000	</row1>
					<row2>	1.0000 0.0000 0.0000 0.0000	</row2>
					<row3>	0.2465 0.3913 -6.1923 1.0000	</row3>
				</transform>
			</node>
			<node>
				<identifier>	MP_FM502_Rafts_5in_INDEX_1	</identifier>
				<transform>
					<row0>	0.0000 0.0000 1.0000 0.0000	</row0>
					<row1>	0.0000 1.0000 0.0000 0.0000	</row1>
					<row2>	-1.0000 0.0000 0.0000 0.0000	</row2>
					<row3>	-0.2465 0.3913 -6.1923 1.0000	</row3>
				</transform>
			</node>
			<node>
				<identifier>	MP_FM601_Multipole_Switch	</identifier>
				<transform>
					<row0>	0.1919 0.0000 -0.9814 0.0000	</row0>
					<row1>	0.0000 1.0000 0.0000 0.0000	</row1>
					<row2>	0.9814 0.0000 0.1919 0.0000	</row2>
					<row3>	0.0643 0.4359 -6.8237 1.0000	</row3>
				</transform>
			</node>
			<node>
				<identifier>	MP_FM601_Multipole_Switch_INDEX_1	</identifier>
				<transform>
					<row0>	-0.9804 0.0000 0.1970 0.0000	</row0>
					<row1>	0.0000 1.0000 0.0000 0.0000	</row1>
					<row2>	-0.1970 0.0000 -0.9804 0.0000	</row2>
					<row3>	0.2366 0.4317 -5.7475 1.0000	</row3>
				</transform>
			</node>
			<node>
				<identifier>	MP_FM601_Multipole_Switch_INDEX_2	</identifier>
				<transform>
					<row0>	-0.9804 0.0000 -0.1970 0.0000	</row0>
					<row1>	0.0000 1.0000 0.0000 0.0000	</row1>
					<row2>	0.1970 0.0000 -0.9804 0.0000	</row2>
					<row3>	-0.2366 0.4317 -5.7475 1.0000	</row3>
				</transform>
			</node>
			<node>
				<identifier>	MP_FM601_Multipole_Switch_INDEX_3	</identifier>
				<transform>
					<row0>	0.1919 0.0000 0.9814 0.0000	</row0>
					<row1>	0.0000 1.0000 0.0000 0.0000	</row1>
					<row2>	-0.9814 0.0000 0.1919 0.0000	</row2>
					<row3>	-0.0643 0.4359 -6.8237 1.0000	</row3>
				</transform>
			</node>
			<node>
				<identifier>	MP_FM701_Ammunition_Box	</identifier>
				<transform>
					<row0>	0.0000 0.0000 1.0000 0.0000	</row0>
					<row1>	0.0000 1.0000 0.0000 0.0000	</row1>
					<row2>	-1.0000 0.0000 0.0000 0.0000	</row2>
					<row3>	0.0768 0.3942 -6.6564 1.0000	</row3>
				</transform>
			</node>
			<node>
				<identifier>	MP_FM701_Ammunition_Box_INDEX_1	</identifier>
				<transform>
					<row0>	0.0000 0.0000 -1.0000 0.0000	</row0>
					<row1>	0.0000 1.0000 0.0000 0.0000	</row1>
					<row2>	1.0000 0.0000 0.0000 0.0000	</row2>
					<row3>	-0.0768 0.3942 -6.6564 1.0000	</row3>
				</transform>
			</node>
			<node>
				<identifier>	MP_FM800_Ventilation	</identifier>
				<transform>
					<row0>	-0.6240 0.0000 0.0000 0.0000	</row0>
					<row1>	0.0000 0.6240 0.0000 0.0000	</row1>
					<row2>	0.0000 0.0000 -0.6240 0.0000	</row2>
					<row3>	0.1700 0.3827 -5.2303 1.0000	</row3>
				</transform>
			</node>
			<node>
				<identifier>	MP_FM800_Ventilation_INDEX_1	</identifier>
				<transform>
					<row0>	-0.6240 0.0000 0.0000 0.0000	</row0>
					<row1>	0.0000 0.6240 0.0000 0.0000	</row1>
					<row2>	0.0000 0.0000 -0.6240 0.0000	</row2>
					<row3>	-0.1700 0.3827 -5.2303 1.0000	</row3>
				</transform>
			</node>
			<node>
				<identifier>	MP_FM950_Anchor_bottom	</identifier>
				<transform>
					<row0>	0.8200 0.0000 0.0000 0.0000	</row0>
					<row1>	0.0000 0.7788 0.2565 0.0000	</row1>
					<row2>	0.0000 -0.2565 0.7788 0.0000	</row2>
					<row3>	0.0000 0.2492 -7.1151 1.0000	</row3>
				</transform>
			</node>
			<node>
				<identifier>	MP_FM951_Anchor_up	</identifier>
				<transform>
					<row0>	0.8200 0.0000 0.0000 0.0000	</row0>
					<row1>	0.0000 0.3243 0.7531 0.0000	</row1>
					<row2>	0.0000 -0.7531 0.3243 0.0000	</row2>
					<row3>	0.0000 0.2492 -7.1140 1.0000	</row3>
				</transform>
			</node>
			<node>
				<identifier>	SP_YMS023_YHUC_L_1_INDEX_1	</identifier>
				<transform>
					<row0>	0.9539 0.0000 0.0000 0.0000	</row0>
					<row1>	0.0000 0.9539 0.0000 0.0000	</row1>
					<row2>	0.0000 0.0000 0.7342 0.0000	</row2>
					<row3>	-0.2745 -0.4245 -6.0185 1.0000	</row3>
				</transform>
			</node>
			<node>
				<identifier>	SP_YMS023_YHUC_L_1_INDEX_2	</identifier>
				<transform>
					<row0>	0.9539 0.0000 0.0000 0.0000	</row0>
					<row1>	0.0000 0.9539 0.0000 0.0000	</row1>
					<row2>	0.0000 0.0000 0.7342 0.0000	</row2>
					<row3>	0.2745 -0.4245 -6.0185 1.0000	</row3>
				</transform>
			</node>
			<node>
				<identifier>	SP_YMS031_YHAL_M_1	</identifier>
				<transform>
					<row0>	0.9772 0.0000 0.2122 0.0000	</row0>
					<row1>	0.0000 1.0000 0.0000 0.0000	</row1>
					<row2>	-0.2122 0.0000 0.9772 0.0000	</row2>
					<row3>	-0.2747 0.2308 -6.6966 1.0000	</row3>
				</transform>
			</node>
			<node>
				<identifier>	SP_YMS032_YHAR_M_1	</identifier>
				<transform>
					<row0>	0.9772 0.0000 -0.2122 0.0000	</row0>
					<row1>	0.0000 1.0000 0.0000 0.0000	</row1>
					<row2>	0.2122 0.0000 0.9772 0.0000	</row2>
					<row3>	0.2747 0.2308 -6.6966 1.0000	</row3>
				</transform>
			</node>
			<node>
				<identifier>	SP_YMS033_YHAM_S_1	</identifier>
				<transform>
					<row0>	1.0830 0.0000 0.0000 0.0000	</row0>
					<row1>	0.0000 1.0830 0.0000 0.0000	</row1>
					<row2>	0.0000 0.0000 1.0830 0.0000	</row2>
					<row3>	0.0000 0.1848 -7.1130 1.0000	</row3>
				</transform>
			</node>
			<node>
				<identifier>	SP_YMS061_YHGH_S_1	</identifier>
				<transform>
					<row0>	0.1719 0.0000 0.5756 0.0000	</row0>
					<row1>	0.0000 0.6007 0.0000 0.0000	</row1>
					<row2>	-0.5756 0.0000 0.1719 0.0000	</row2>
					<row3>	0.1602 0.4788 -6.8091 1.0000	</row3>
				</transform>
			</node>
			<node>
				<identifier>	SP_YMS061_YHGH_S_1_INDEX_1	</identifier>
				<transform>
					<row0>	0.1719 0.0000 -0.5756 0.0000	</row0>
					<row1>	0.0000 0.6007 0.0000 0.0000	</row1>
					<row2>	0.5756 0.0000 0.1719 0.0000	</row2>
					<row3>	-0.1602 0.4788 -6.8091 1.0000	</row3>
				</transform>
			</node>
			<node>
				<identifier>	SP_YMS080_YHSL_M_1_INDEX_1	</identifier>
				<transform>
					<row0>	0.9152 0.1750 0.2231 0.0000	</row0>
					<row1>	-0.1733 0.9419 -0.0277 0.0000	</row1>
					<row2>	-0.2244 -0.0140 0.9313 0.0000	</row2>
					<row3>	-0.4576 0.1102 -5.5450 1.0000	</row3>
				</transform>
			</node>
			<node>
				<identifier>	SP_YMS081_YHSR_M_1_INDEX_1	</identifier>
				<transform>
					<row0>	0.9152 -0.1750 -0.2231 0.0000	</row0>
					<row1>	0.1733 0.9419 -0.0277 0.0000	</row1>
					<row2>	0.2244 -0.0140 0.9313 0.0000	</row2>
					<row3>	0.4576 0.1102 -5.5450 1.0000	</row3>
				</transform>
			</node>
			<node>
				<identifier>	SP_YMS083_YHSC_L_1_INDEX_2	</identifier>
				<transform>
					<row0>	0.1340 0.0000 -0.6265 0.0000	</row0>
					<row1>	0.0000 0.6407 0.0000 0.0000	</row1>
					<row2>	0.6265 0.0000 0.1340 0.0000	</row2>
					<row3>	-0.3578 0.4547 -6.2144 1.0000	</row3>
				</transform>
			</node>
			<node>
				<identifier>	SP_YMS083_YHSC_L_1_INDEX_8	</identifier>
				<transform>
					<row0>	0.1248 0.0000 0.6284 0.0000	</row0>
					<row1>	0.0000 0.6407 0.0000 0.0000	</row1>
					<row2>	-0.6284 0.0000 0.1248 0.0000	</row2>
					<row3>	0.3578 0.4547 -6.2144 1.0000	</row3>
				</transform>
			</node>
		</node>
	</node>
	<boundingBox>
		<min>	-0.0667 -0.0667 -0.0667	</min>
		<max>	0.0667 0.0667 0.0667	</max>
	</boundingBox>
</FSC028_Brest_1944_Stern_ports.visual>
