<JSB011_Mikasa_1905_MidFront_ports.visual>
	<node>
		<identifier>	Scene Root	</identifier>
		<transform>
			<row0>	1.0000 0.0000 0.0000 0.0000	</row0>
			<row1>	0.0000 1.0000 0.0000 0.0000	</row1>
			<row2>	0.0000 0.0000 1.0000 0.0000	</row2>
			<row3>	0.0000 0.0000 0.0000 1.0000	</row3>
		</transform>
		<node>
			<identifier>	MidFront_ports	</identifier>
			<transform>
				<row0>	1.0000 0.0000 0.0000 0.0000	</row0>
				<row1>	0.0000 1.0000 0.0000 0.0000	</row1>
				<row2>	0.0000 0.0000 1.0000 0.0000	</row2>
				<row3>	0.0000 0.0000 0.0000 1.0000	</row3>
			</transform>
			<node>
				<identifier>	HP_FX_Death_1	</identifier>
				<transform>
					<row0>	1.0000 0.0000 0.0000 0.0000	</row0>
					<row1>	0.0000 1.0000 0.0000 0.0000	</row1>
					<row2>	0.0000 0.0000 1.0000 0.0000	</row2>
					<row3>	0.0000 0.0000 1.8329 1.0000	</row3>
				</transform>
			</node>
			<node>
				<identifier>	HP_FX_Death_2	</identifier>
				<transform>
					<row0>	1.0000 0.0000 0.0000 0.0000	</row0>
					<row1>	0.0000 1.0000 0.0000 0.0000	</row1>
					<row2>	0.0000 0.0000 1.0000 0.0000	</row2>
					<row3>	0.0000 0.0000 -0.2443 1.0000	</row3>
				</transform>
			</node>
			<node>
				<identifier>	HP_FX_Fire_2	</identifier>
				<transform>
					<row0>	1.0000 0.0000 0.0000 0.0000	</row0>
					<row1>	0.0000 1.0000 0.0000 0.0000	</row1>
					<row2>	0.0000 0.0000 1.0000 0.0000	</row2>
					<row3>	0.0000 0.6398 1.1477 1.0000	</row3>
				</transform>
			</node>
			<node>
				<identifier>	HP_FX_Fire_2_side_1	</identifier>
				<transform>
					<row0>	0.9986 0.0000 -0.0531 0.0000	</row0>
					<row1>	0.0000 1.0000 0.0000 0.0000	</row1>
					<row2>	0.0531 0.0000 0.9986 0.0000	</row2>
					<row3>	0.6785 0.8807 1.2190 1.0000	</row3>
				</transform>
			</node>
			<node>
				<identifier>	HP_FX_Fire_2_side_2	</identifier>
				<transform>
					<row0>	1.0000 0.0000 0.0000 0.0000	</row0>
					<row1>	0.0000 1.0000 0.0000 0.0000	</row1>
					<row2>	0.0000 0.0000 1.0000 0.0000	</row2>
					<row3>	-0.6697 0.5809 0.0066 1.0000	</row3>
				</transform>
			</node>
			<node>
				<identifier>	HP_FX_Fire_5	</identifier>
				<transform>
					<row0>	1.0000 0.0000 0.0000 0.0000	</row0>
					<row1>	0.0000 1.0000 0.0000 0.0000	</row1>
					<row2>	0.0000 0.0000 1.0000 0.0000	</row2>
					<row3>	0.0000 0.5410 0.0027 1.0000	</row3>
				</transform>
			</node>
			<node>
				<identifier>	HP_FX_FloodLight_left_1	</identifier>
				<transform>
					<row0>	-1.0000 0.0000 0.0000 0.0000	</row0>
					<row1>	0.0000 1.0000 0.0000 0.0000	</row1>
					<row2>	0.0000 0.0000 -1.0000 0.0000	</row2>
					<row3>	-0.5890 0.5220 1.1600 1.0000	</row3>
				</transform>
			</node>
			<node>
				<identifier>	HP_FX_FloodLight_right_2	</identifier>
				<transform>
					<row0>	1.0000 0.0000 0.0000 0.0000	</row0>
					<row1>	0.0000 1.0000 0.0000 0.0000	</row1>
					<row2>	0.0000 0.0000 1.0000 0.0000	</row2>
					<row3>	0.5890 0.5220 1.1600 1.0000	</row3>
				</transform>
			</node>
			<node>
				<identifier>	HP_FX_Flood_steam_1	</identifier>
				<transform>
					<row0>	1.0000 0.0000 0.0000 0.0000	</row0>
					<row1>	0.0000 0.9987 -0.0503 0.0000	</row1>
					<row2>	0.0000 0.0503 0.9987 0.0000	</row2>
					<row3>	0.0000 1.3680 0.1752 1.0000	</row3>
				</transform>
			</node>
			<node>
				<identifier>	HP_FX_Flood_steam_exhaust_1	</identifier>
				<transform>
					<row0>	1.0000 0.0000 0.0000 0.0000	</row0>
					<row1>	0.0000 0.9966 0.0824 0.0000	</row1>
					<row2>	0.0000 -0.0824 0.9966 0.0000	</row2>
					<row3>	0.0000 1.3610 -0.1510 1.0000	</row3>
				</transform>
			</node>
			<node>
				<identifier>	HP_FX_Flood_steam_exhaust_2	</identifier>
				<transform>
					<row0>	1.0000 0.0000 0.0000 0.0000	</row0>
					<row1>	0.0000 0.9971 0.0766 0.0000	</row1>
					<row2>	0.0000 -0.0766 0.9971 0.0000	</row2>
					<row3>	0.0000 1.3679 0.5129 1.0000	</row3>
				</transform>
			</node>
			<node>
				<identifier>	HP_FX_Flood_steam_left	</identifier>
				<transform>
					<row0>	-1.0000 0.0000 0.0000 0.0000	</row0>
					<row1>	0.0000 1.0000 0.0000 0.0000	</row1>
					<row2>	0.0000 0.0000 -1.0000 0.0000	</row2>
					<row3>	-0.5920 0.3360 2.3830 1.0000	</row3>
				</transform>
			</node>
			<node>
				<identifier>	HP_FX_Flood_water_left_2	</identifier>
				<transform>
					<row0>	-1.0000 0.0000 0.0000 0.0000	</row0>
					<row1>	0.0000 1.0000 0.0000 0.0000	</row1>
					<row2>	0.0000 0.0000 -1.0000 0.0000	</row2>
					<row3>	-0.6910 -0.0360 1.4400 1.0000	</row3>
				</transform>
			</node>
			<node>
				<identifier>	HP_FX_Flood_water_right_2	</identifier>
				<transform>
					<row0>	1.0000 0.0000 0.0000 0.0000	</row0>
					<row1>	0.0000 1.0000 0.0000 0.0000	</row1>
					<row2>	0.0000 0.0000 1.0000 0.0000	</row2>
					<row3>	0.6910 -0.0360 1.4400 1.0000	</row3>
				</transform>
			</node>
			<node>
				<identifier>	HP_FX_RepairLight_left_1	</identifier>
				<transform>
					<row0>	0.1004 0.0000 0.9950 0.0000	</row0>
					<row1>	0.0817 0.9966 -0.0082 0.0000	</row1>
					<row2>	-0.9916 0.0821 0.1000 0.0000	</row2>
					<row3>	-0.6352 0.3465 1.7607 1.0000	</row3>
				</transform>
			</node>
			<node>
				<identifier>	HP_FX_RepairLight_right_1	</identifier>
				<transform>
					<row0>	0.1434 0.0000 -0.9897 0.0000	</row0>
					<row1>	0.0198 0.9998 0.0029 0.0000	</row1>
					<row2>	0.9895 -0.0200 0.1434 0.0000	</row2>
					<row3>	0.5861 0.3553 2.1711 1.0000	</row3>
				</transform>
			</node>
			<node>
				<identifier>	HP_FX_Smoke_1	</identifier>
				<transform>
					<row0>	1.0000 0.0000 0.0000 0.0000	</row0>
					<row1>	0.0000 1.0000 0.0000 0.0000	</row1>
					<row2>	0.0000 0.0000 1.0000 0.0000	</row2>
					<row3>	0.0000 1.4451 0.3550 1.0000	</row3>
				</transform>
			</node>
			<node>
				<identifier>	HP_JF_1	</identifier>
				<transform>
					<row0>	0.9201 0.0000 0.3918 0.0000	</row0>
					<row1>	0.0000 1.0000 0.0000 0.0000	</row1>
					<row2>	-0.3918 0.0000 0.9201 0.0000	</row2>
					<row3>	-0.0890 0.9042 1.3658 1.0000	</row3>
				</transform>
			</node>
			<node>
				<identifier>	HP_JF_2	</identifier>
				<transform>
					<row0>	1.0000 0.0000 0.0000 0.0000	</row0>
					<row1>	0.0000 1.0000 0.0000 0.0000	</row1>
					<row2>	0.0000 0.0000 1.0000 0.0000	</row2>
					<row3>	0.0000 0.9341 1.1517 1.0000	</row3>
				</transform>
			</node>
			<node>
				<identifier>	HP_JGM_1	</identifier>
				<transform>
					<row0>	1.0000 0.0000 0.0000 0.0000	</row0>
					<row1>	0.0000 1.0000 0.0000 0.0000	</row1>
					<row2>	0.0000 0.0000 1.0000 0.0000	</row2>
					<row3>	0.0000 0.4734 1.8797 1.0000	</row3>
				</transform>
			</node>
			<node>
				<identifier>	HP_JGS_10	</identifier>
				<transform>
					<row0>	0.0000 0.0000 -1.0000 0.0000	</row0>
					<row1>	0.0000 1.0000 0.0000 0.0000	</row1>
					<row2>	1.0000 0.0000 0.0000 0.0000	</row2>
					<row3>	0.6532 0.5007 0.8109 1.0000	</row3>
				</transform>
			</node>
			<node>
				<identifier>	HP_JGS_11	</identifier>
				<transform>
					<row0>	0.8660 0.0000 0.5000 0.0000	</row0>
					<row1>	0.0000 1.0000 0.0000 0.0000	</row1>
					<row2>	-0.5000 0.0000 0.8660 0.0000	</row2>
					<row3>	-0.6714 0.2204 0.4615 1.0000	</row3>
				</transform>
			</node>
			<node>
				<identifier>	HP_JGS_12	</identifier>
				<transform>
					<row0>	0.8660 0.0000 -0.5000 0.0000	</row0>
					<row1>	0.0000 1.0000 0.0000 0.0000	</row1>
					<row2>	0.5000 0.0000 0.8660 0.0000	</row2>
					<row3>	0.6714 0.2204 0.4615 1.0000	</row3>
				</transform>
			</node>
			<node>
				<identifier>	HP_JGS_13	</identifier>
				<transform>
					<row0>	0.0000 0.0000 1.0000 0.0000	</row0>
					<row1>	0.0000 1.0000 0.0000 0.0000	</row1>
					<row2>	-1.0000 0.0000 0.0000 0.0000	</row2>
					<row3>	-0.6683 0.3521 0.3476 1.0000	</row3>
				</transform>
			</node>
			<node>
				<identifier>	HP_JGS_14	</identifier>
				<transform>
					<row0>	0.0000 0.0000 -1.0000 0.0000	</row0>
					<row1>	0.0000 1.0000 0.0000 0.0000	</row1>
					<row2>	1.0000 0.0000 0.0000 0.0000	</row2>
					<row3>	0.6683 0.3521 0.3476 1.0000	</row3>
				</transform>
			</node>
			<node>
				<identifier>	HP_JGS_15	</identifier>
				<transform>
					<row0>	0.0000 0.0000 1.0000 0.0000	</row0>
					<row1>	0.0000 1.0000 0.0000 0.0000	</row1>
					<row2>	-1.0000 0.0000 0.0000 0.0000	</row2>
					<row3>	-0.6741 0.3507 0.0165 1.0000	</row3>
				</transform>
			</node>
			<node>
				<identifier>	HP_JGS_16	</identifier>
				<transform>
					<row0>	0.0000 0.0000 -1.0000 0.0000	</row0>
					<row1>	0.0000 1.0000 0.0000 0.0000	</row1>
					<row2>	1.0000 0.0000 0.0000 0.0000	</row2>
					<row3>	0.6741 0.3507 0.0165 1.0000	</row3>
				</transform>
			</node>
			<node>
				<identifier>	HP_JGS_3	</identifier>
				<transform>
					<row0>	0.7071 0.0000 0.7071 0.0000	</row0>
					<row1>	0.0000 1.0000 0.0000 0.0000	</row1>
					<row2>	-0.7071 0.0000 0.7071 0.0000	</row2>
					<row3>	-0.4502 0.5815 1.3536 1.0000	</row3>
				</transform>
			</node>
			<node>
				<identifier>	HP_JGS_4	</identifier>
				<transform>
					<row0>	0.7071 0.0000 -0.7071 0.0000	</row0>
					<row1>	0.0000 1.0000 0.0000 0.0000	</row1>
					<row2>	0.7071 0.0000 0.7071 0.0000	</row2>
					<row3>	0.4499 0.5815 1.3533 1.0000	</row3>
				</transform>
			</node>
			<node>
				<identifier>	HP_JGS_5	</identifier>
				<transform>
					<row0>	0.9848 0.0000 0.1736 0.0000	</row0>
					<row1>	0.0000 1.0000 0.0000 0.0000	</row1>
					<row2>	-0.1736 0.0000 0.9848 0.0000	</row2>
					<row3>	-0.6960 0.2249 1.2638 1.0000	</row3>
				</transform>
			</node>
			<node>
				<identifier>	HP_JGS_6	</identifier>
				<transform>
					<row0>	0.9848 0.0000 -0.1736 0.0000	</row0>
					<row1>	0.0000 1.0000 0.0000 0.0000	</row1>
					<row2>	0.1736 0.0000 0.9848 0.0000	</row2>
					<row3>	0.6960 0.2249 1.2638 1.0000	</row3>
				</transform>
			</node>
			<node>
				<identifier>	HP_JGS_7	</identifier>
				<transform>
					<row0>	1.0000 0.0000 0.0000 0.0000	</row0>
					<row1>	0.0000 1.0000 0.0000 0.0000	</row1>
					<row2>	0.0000 0.0000 1.0000 0.0000	</row2>
					<row3>	-0.6268 0.3773 0.8401 1.0000	</row3>
				</transform>
			</node>
			<node>
				<identifier>	HP_JGS_8	</identifier>
				<transform>
					<row0>	1.0000 0.0000 0.0000 0.0000	</row0>
					<row1>	0.0000 1.0000 0.0000 0.0000	</row1>
					<row2>	0.0000 0.0000 1.0000 0.0000	</row2>
					<row3>	0.6268 0.3773 0.8401 1.0000	</row3>
				</transform>
			</node>
			<node>
				<identifier>	HP_JGS_9	</identifier>
				<transform>
					<row0>	0.0000 0.0000 1.0000 0.0000	</row0>
					<row1>	0.0000 1.0000 0.0000 0.0000	</row1>
					<row2>	-1.0000 0.0000 0.0000 0.0000	</row2>
					<row3>	-0.6519 0.5007 0.8109 1.0000	</row3>
				</transform>
			</node>
			<node>
				<identifier>	HP_flag_1	</identifier>
				<transform>
					<row0>	1.0000 0.0083 -0.0020 0.0000	</row0>
					<row1>	-0.0084 0.9922 -0.1242 0.0000	</row1>
					<row2>	0.0010 0.1242 0.9923 0.0000	</row2>
					<row3>	0.6372 2.2019 0.9907 1.0000	</row3>
				</transform>
			</node>
			<node>
				<identifier>	HP_flag_2	</identifier>
				<transform>
					<row0>	0.9999 -0.0098 -0.0100 0.0000	</row0>
					<row1>	0.0084 0.9922 -0.1242 0.0000	</row1>
					<row2>	0.0111 0.1241 0.9922 0.0000	</row2>
					<row3>	-0.6360 2.2019 0.9907 1.0000	</row3>
				</transform>
			</node>
			<node>
				<identifier>	HP_flag_3	</identifier>
				<transform>
					<row0>	0.9998 0.0197 0.0031 0.0000	</row0>
					<row1>	-0.0191 0.9921 -0.1241 0.0000	</row1>
					<row2>	-0.0055 0.1241 0.9923 0.0000	</row2>
					<row3>	0.4919 2.2019 0.9906 1.0000	</row3>
				</transform>
			</node>
			<node>
				<identifier>	HP_flag_4	</identifier>
				<transform>
					<row0>	0.9997 -0.0172 0.0163 0.0000	</row0>
					<row1>	0.0191 0.9921 -0.1241 0.0000	</row1>
					<row2>	-0.0140 0.1244 0.9921 0.0000	</row2>
					<row3>	-0.4931 2.2018 0.9907 1.0000	</row3>
				</transform>
			</node>
			<node>
				<identifier>	MP_CM011_Fire_Fighting_Gear	</identifier>
				<transform>
					<row0>	0.0000 0.0000 -1.0000 0.0000	</row0>
					<row1>	0.0000 1.0000 0.0000 0.0000	</row1>
					<row2>	1.0000 0.0000 0.0000 0.0000	</row2>
					<row3>	-0.3460 0.3643 2.0192 1.0000	</row3>
				</transform>
			</node>
			<node>
				<identifier>	MP_CM011_Fire_Fighting_Gear_INDEX_1	</identifier>
				<transform>
					<row0>	1.0000 0.0000 0.0000 0.0000	</row0>
					<row1>	0.0000 1.0000 0.0000 0.0000	</row1>
					<row2>	0.0000 0.0000 1.0000 0.0000	</row2>
					<row3>	-0.4099 0.3404 0.5048 1.0000	</row3>
				</transform>
			</node>
			<node>
				<identifier>	MP_CM011_Fire_Fighting_Gear_INDEX_2	</identifier>
				<transform>
					<row0>	0.0000 0.0000 1.0000 0.0000	</row0>
					<row1>	0.0000 1.0000 0.0000 0.0000	</row1>
					<row2>	-1.0000 0.0000 0.0000 0.0000	</row2>
					<row3>	0.3460 0.3643 2.0192 1.0000	</row3>
				</transform>
			</node>
			<node>
				<identifier>	MP_CM011_Fire_Fighting_Gear_INDEX_3	</identifier>
				<transform>
					<row0>	1.0000 0.0000 0.0000 0.0000	</row0>
					<row1>	0.0000 1.0000 0.0000 0.0000	</row1>
					<row2>	0.0000 0.0000 1.0000 0.0000	</row2>
					<row3>	0.4099 0.3404 0.5048 1.0000	</row3>
				</transform>
			</node>
			<node>
				<identifier>	MP_CM012_Fire_Hose_Rack_1	</identifier>
				<transform>
					<row0>	-0.9592 0.0000 -0.2826 0.0000	</row0>
					<row1>	0.0000 1.0000 0.0000 0.0000	</row1>
					<row2>	0.2826 0.0000 -0.9592 0.0000	</row2>
					<row3>	0.3487 0.4134 1.9836 1.0000	</row3>
				</transform>
			</node>
			<node>
				<identifier>	MP_CM012_Fire_Hose_Rack_1_INDEX_1	</identifier>
				<transform>
					<row0>	0.9592 0.0000 -0.2826 0.0000	</row0>
					<row1>	0.0000 1.0000 0.0000 0.0000	</row1>
					<row2>	0.2826 0.0000 0.9592 0.0000	</row2>
					<row3>	-0.3487 0.4134 1.9836 1.0000	</row3>
				</transform>
			</node>
			<node>
				<identifier>	MP_CM012_Fire_Hose_Rack_1_INDEX_2	</identifier>
				<transform>
					<row0>	0.0000 0.0000 1.0000 0.0000	</row0>
					<row1>	0.0000 1.0000 0.0000 0.0000	</row1>
					<row2>	-1.0000 0.0000 0.0000 0.0000	</row2>
					<row3>	-0.4375 0.3944 0.5153 1.0000	</row3>
				</transform>
			</node>
			<node>
				<identifier>	MP_CM012_Fire_Hose_Rack_1_INDEX_3	</identifier>
				<transform>
					<row0>	0.0000 0.0000 1.0000 0.0000	</row0>
					<row1>	0.0000 1.0000 0.0000 0.0000	</row1>
					<row2>	-1.0000 0.0000 0.0000 0.0000	</row2>
					<row3>	0.4375 0.3944 0.5153 1.0000	</row3>
				</transform>
			</node>
			<node>
				<identifier>	MP_CM023_Accommodation_Ladder_Closed	</identifier>
				<transform>
					<row0>	0.9925 0.0000 0.1225 0.0000	</row0>
					<row1>	0.0023 0.9998 -0.0185 0.0000	</row1>
					<row2>	-0.1225 0.0186 0.9923 0.0000	</row2>
					<row3>	0.4786 0.3699 2.2312 1.0000	</row3>
				</transform>
			</node>
			<node>
				<identifier>	MP_CM030_Swab_Rack_2	</identifier>
				<transform>
					<row0>	-1.0000 0.0000 0.0000 0.0000	</row0>
					<row1>	0.0000 1.0000 0.0000 0.0000	</row1>
					<row2>	0.0000 0.0000 -1.0000 0.0000	</row2>
					<row3>	0.3920 0.3384 1.0918 1.0000	</row3>
				</transform>
			</node>
			<node>
				<identifier>	MP_CM030_Swab_Rack_2_INDEX_1	</identifier>
				<transform>
					<row0>	-1.0000 0.0000 0.0000 0.0000	</row0>
					<row1>	0.0000 1.0000 0.0000 0.0000	</row1>
					<row2>	0.0000 0.0000 -1.0000 0.0000	</row2>
					<row3>	-0.3920 0.3384 1.0918 1.0000	</row3>
				</transform>
			</node>
			<node>
				<identifier>	MP_CM035_Accommodation_Ladder_Closed_L	</identifier>
				<transform>
					<row0>	0.9925 0.0000 -0.1225 0.0000	</row0>
					<row1>	-0.0023 0.9998 -0.0185 0.0000	</row1>
					<row2>	0.1225 0.0186 0.9923 0.0000	</row2>
					<row3>	-0.4786 0.3699 2.2312 1.0000	</row3>
				</transform>
			</node>
			<node>
				<identifier>	MP_CM052_Fender	</identifier>
				<transform>
					<row0>	0.5970 0.0000 0.0000 0.0000	</row0>
					<row1>	0.0000 0.5970 0.0000 0.0000	</row1>
					<row2>	0.0000 0.0000 0.5970 0.0000	</row2>
					<row3>	0.3954 0.3535 1.4433 1.0000	</row3>
				</transform>
			</node>
			<node>
				<identifier>	MP_CM060_Flag_Box	</identifier>
				<transform>
					<row0>	1.0000 0.0000 0.0000 0.0000	</row0>
					<row1>	0.0000 1.0000 0.0000 0.0000	</row1>
					<row2>	0.0000 0.0000 1.0000 0.0000	</row2>
					<row3>	0.5849 0.7817 1.1659 1.0000	</row3>
				</transform>
			</node>
			<node>
				<identifier>	MP_CM060_Flag_Box_INDEX_1	</identifier>
				<transform>
					<row0>	-1.0000 0.0000 0.0000 0.0000	</row0>
					<row1>	0.0000 1.0000 0.0000 0.0000	</row1>
					<row2>	0.0000 0.0000 -1.0000 0.0000	</row2>
					<row3>	0.4970 0.7817 1.2827 1.0000	</row3>
				</transform>
			</node>
			<node>
				<identifier>	MP_CM060_Flag_Box_INDEX_2	</identifier>
				<transform>
					<row0>	-1.0000 0.0000 0.0000 0.0000	</row0>
					<row1>	0.0000 1.0000 0.0000 0.0000	</row1>
					<row2>	0.0000 0.0000 -1.0000 0.0000	</row2>
					<row3>	-0.4964 0.7817 1.2829 1.0000	</row3>
				</transform>
			</node>
			<node>
				<identifier>	MP_CM060_Flag_Box_INDEX_3	</identifier>
				<transform>
					<row0>	1.0000 0.0000 0.0000 0.0000	</row0>
					<row1>	0.0000 1.0000 0.0000 0.0000	</row1>
					<row2>	0.0000 0.0000 1.0000 0.0000	</row2>
					<row3>	-0.5856 0.7817 1.1657 1.0000	</row3>
				</transform>
			</node>
			<node>
				<identifier>	MP_CM061_Barrel	</identifier>
				<transform>
					<row0>	0.6120 0.0000 0.7909 0.0000	</row0>
					<row1>	0.0000 1.0000 0.0000 0.0000	</row1>
					<row2>	-0.7909 0.0000 0.6120 0.0000	</row2>
					<row3>	0.1636 0.7488 1.3536 1.0000	</row3>
				</transform>
			</node>
			<node>
				<identifier>	MP_CM061_Barrel_INDEX_1	</identifier>
				<transform>
					<row0>	1.6959 0.0000 0.0000 0.0000	</row0>
					<row1>	0.0000 1.6959 0.0000 0.0000	</row1>
					<row2>	0.0000 0.0000 1.6959 0.0000	</row2>
					<row3>	0.1555 0.7488 1.3182 1.0000	</row3>
				</transform>
			</node>
			<node>
				<identifier>	MP_CM076_Fender	</identifier>
				<transform>
					<row0>	-0.3405 0.0460 0.5069 0.0000	</row0>
					<row1>	0.5086 0.0071 0.3410 0.0000	</row1>
					<row2>	0.0197 0.6106 -0.0421 0.0000	</row2>
					<row3>	-0.3857 0.3701 1.4499 1.0000	</row3>
				</transform>
			</node>
			<node>
				<identifier>	MP_CM081_Life_Buoy	</identifier>
				<transform>
					<row0>	0.0000 0.0000 1.0000 0.0000	</row0>
					<row1>	0.0000 1.0000 0.0000 0.0000	</row1>
					<row2>	-1.0000 0.0000 0.0000 0.0000	</row2>
					<row3>	0.7303 0.8248 1.1870 1.0000	</row3>
				</transform>
			</node>
			<node>
				<identifier>	MP_CM081_Life_Buoy_INDEX_1	</identifier>
				<transform>
					<row0>	0.0000 0.0000 -1.0000 0.0000	</row0>
					<row1>	0.0000 1.0000 0.0000 0.0000	</row1>
					<row2>	1.0000 0.0000 0.0000 0.0000	</row2>
					<row3>	-0.7303 0.8248 1.1870 1.0000	</row3>
				</transform>
			</node>
			<node>
				<identifier>	MP_CM083_Mast_Sailing	</identifier>
				<transform>
					<row0>	0.8105 0.0000 0.0000 0.0000	</row0>
					<row1>	0.0000 0.8105 0.0000 0.0000	</row1>
					<row2>	0.0000 0.0000 0.8105 0.0000	</row2>
					<row3>	-0.5377 0.5516 0.5389 1.0000	</row3>
				</transform>
			</node>
			<node>
				<identifier>	MP_CM083_Mast_Sailing_INDEX_1	</identifier>
				<transform>
					<row0>	0.7854 0.0000 -0.1375 0.0000	</row0>
					<row1>	0.0000 0.7974 0.0001 0.0000	</row1>
					<row2>	0.1375 -0.0001 0.7854 0.0000	</row2>
					<row3>	0.5919 0.5519 0.5445 1.0000	</row3>
				</transform>
			</node>
			<node>
				<identifier>	MP_CM083_Mast_Sailing_INDEX_2	</identifier>
				<transform>
					<row0>	0.8120 0.0000 0.0482 0.0000	</row0>
					<row1>	0.0008 0.8133 -0.0131 0.0000	</row1>
					<row2>	-0.0482 0.0131 0.8119 0.0000	</row2>
					<row3>	0.3462 0.5437 0.8530 1.0000	</row3>
				</transform>
			</node>
			<node>
				<identifier>	MP_CM084_Oars	</identifier>
				<transform>
					<row0>	0.9985 0.0000 0.0544 0.0000	</row0>
					<row1>	0.0000 1.0000 0.0000 0.0000	</row1>
					<row2>	-0.0544 0.0000 0.9985 0.0000	</row2>
					<row3>	0.3568 0.5514 0.1045 1.0000	</row3>
				</transform>
			</node>
			<node>
				<identifier>	MP_CM084_Oars_INDEX_1	</identifier>
				<transform>
					<row0>	0.9971 0.0000 0.0764 0.0000	</row0>
					<row1>	0.0000 1.0000 0.0000 0.0000	</row1>
					<row2>	-0.0764 0.0000 0.9971 0.0000	</row2>
					<row3>	-0.3539 0.5274 0.6006 1.0000	</row3>
				</transform>
			</node>
			<node>
				<identifier>	MP_CM084_Oars_INDEX_2	</identifier>
				<transform>
					<row0>	0.9921 0.0000 -0.1252 0.0000	</row0>
					<row1>	0.0000 1.0000 0.0000 0.0000	</row1>
					<row2>	0.1252 0.0000 0.9921 0.0000	</row2>
					<row3>	-0.3546 0.5520 0.0216 1.0000	</row3>
				</transform>
			</node>
			<node>
				<identifier>	MP_CM091_Semaphore	</identifier>
				<transform>
					<row0>	-0.9047 0.0000 0.0000 0.0000	</row0>
					<row1>	0.0000 0.9047 0.0000 0.0000	</row1>
					<row2>	0.0000 0.0000 -0.9047 0.0000	</row2>
					<row3>	-0.6378 0.7509 1.2867 1.0000	</row3>
				</transform>
			</node>
			<node>
				<identifier>	MP_CM092_Siren	</identifier>
				<transform>
					<row0>	0.7071 0.0000 -0.7071 0.0000	</row0>
					<row1>	0.0000 1.0000 0.0000 0.0000	</row1>
					<row2>	0.7071 0.0000 0.7071 0.0000	</row2>
					<row3>	0.1453 0.8912 0.5072 1.0000	</row3>
				</transform>
			</node>
			<node>
				<identifier>	MP_CM092_Siren_INDEX_1	</identifier>
				<transform>
					<row0>	0.7071 0.0000 0.7071 0.0000	</row0>
					<row1>	0.0000 1.0000 0.0000 0.0000	</row1>
					<row2>	-0.7071 0.0000 0.7071 0.0000	</row2>
					<row3>	-0.1453 0.8912 0.5072 1.0000	</row3>
				</transform>
			</node>
			<node>
				<identifier>	MP_CM099_Compass_Binnacle	</identifier>
				<transform>
					<row0>	-1.0000 0.0000 0.0000 0.0000	</row0>
					<row1>	0.0000 1.0000 0.0000 0.0000	</row1>
					<row2>	0.0000 0.0000 -1.0000 0.0000	</row2>
					<row3>	0.0000 0.9034 1.3397 1.0000	</row3>
				</transform>
			</node>
			<node>
				<identifier>	MP_CM100_Searchlight	</identifier>
				<transform>
					<row0>	0.0000 0.0000 -1.0000 0.0000	</row0>
					<row1>	0.0000 1.0000 0.0000 0.0000	</row1>
					<row2>	1.0000 0.0000 0.0000 0.0000	</row2>
					<row3>	0.6884 0.7545 1.2215 1.0000	</row3>
				</transform>
			</node>
			<node>
				<identifier>	MP_CM100_Searchlight_INDEX_1	</identifier>
				<transform>
					<row0>	0.0000 0.0000 1.0000 0.0000	</row0>
					<row1>	0.0000 1.0000 0.0000 0.0000	</row1>
					<row2>	-1.0000 0.0000 0.0000 0.0000	</row2>
					<row3>	-0.6884 0.7545 1.2215 1.0000	</row3>
				</transform>
			</node>
			<node>
				<identifier>	MP_CM100_Searchlight_INDEX_2	</identifier>
				<transform>
					<row0>	1.0000 0.0000 0.0000 0.0000	</row0>
					<row1>	0.0000 1.0000 0.0000 0.0000	</row1>
					<row2>	0.0000 0.0000 1.0000 0.0000	</row2>
					<row3>	0.0000 1.9182 1.0304 1.0000	</row3>
				</transform>
			</node>
			<node>
				<identifier>	MP_CM101_Telescope	</identifier>
				<transform>
					<row0>	0.9900 0.0000 -0.1409 0.0000	</row0>
					<row1>	0.0000 1.0000 0.0000 0.0000	</row1>
					<row2>	0.1409 0.0000 0.9900 0.0000	</row2>
					<row3>	0.1023 0.9047 1.3787 1.0000	</row3>
				</transform>
			</node>
			<node>
				<identifier>	MP_CM105_3pdr_47mm_Mark1_White	</identifier>
				<transform>
					<row0>	0.0000 0.0000 1.0000 0.0000	</row0>
					<row1>	0.0000 1.0000 0.0000 0.0000	</row1>
					<row2>	-1.0000 0.0000 0.0000 0.0000	</row2>
					<row3>	-0.6724 0.4914 -0.0098 1.0000	</row3>
				</transform>
			</node>
			<node>
				<identifier>	MP_CM105_3pdr_47mm_Mark1_White_INDEX_1	</identifier>
				<transform>
					<row0>	0.0000 0.0000 -1.0000 0.0000	</row0>
					<row1>	0.0000 1.0000 0.0000 0.0000	</row1>
					<row2>	1.0000 0.0000 0.0000 0.0000	</row2>
					<row3>	0.6724 0.4915 -0.0098 1.0000	</row3>
				</transform>
			</node>
			<node>
				<identifier>	MP_CM106_3pdr_47mm_Mark1_Black	</identifier>
				<transform>
					<row0>	-0.7071 0.0000 0.7071 0.0000	</row0>
					<row1>	0.0000 1.0000 0.0000 0.0000	</row1>
					<row2>	-0.7071 0.0000 -0.7071 0.0000	</row2>
					<row3>	-0.0818 1.1756 0.8075 1.0000	</row3>
				</transform>
			</node>
			<node>
				<identifier>	MP_CM106_3pdr_47mm_Mark1_Black_INDEX_1	</identifier>
				<transform>
					<row0>	0.7071 0.0000 -0.7071 0.0000	</row0>
					<row1>	0.0000 1.0000 0.0000 0.0000	</row1>
					<row2>	0.7071 0.0000 0.7071 0.0000	</row2>
					<row3>	0.0818 1.1756 0.9712 1.0000	</row3>
				</transform>
			</node>
			<node>
				<identifier>	MP_CM106_3pdr_47mm_Mark1_Black_INDEX_2	</identifier>
				<transform>
					<row0>	0.7071 0.0000 0.7071 0.0000	</row0>
					<row1>	0.0000 1.0000 0.0000 0.0000	</row1>
					<row2>	-0.7071 0.0000 0.7071 0.0000	</row2>
					<row3>	-0.0818 1.1756 0.9712 1.0000	</row3>
				</transform>
			</node>
			<node>
				<identifier>	MP_CM106_3pdr_47mm_Mark1_Black_INDEX_3	</identifier>
				<transform>
					<row0>	-0.7071 0.0000 -0.7071 0.0000	</row0>
					<row1>	0.0000 1.0000 0.0000 0.0000	</row1>
					<row2>	0.7071 0.0000 -0.7071 0.0000	</row2>
					<row3>	0.0818 1.1756 0.8075 1.0000	</row3>
				</transform>
			</node>
			<node>
				<identifier>	MP_JM029_Leadsman_Platform	</identifier>
				<transform>
					<row0>	0.0614 -0.9981 0.0000 0.0000	</row0>
					<row1>	0.9981 0.0614 0.0000 0.0000	</row1>
					<row2>	0.0000 0.0000 1.0000 0.0000	</row2>
					<row3>	0.7287 0.7534 1.2616 1.0000	</row3>
				</transform>
			</node>
			<node>
				<identifier>	MP_JM029_Leadsman_Platform_INDEX_1	</identifier>
				<transform>
					<row0>	-0.0614 -0.9981 0.0000 0.0000	</row0>
					<row1>	-0.9981 0.0614 0.0000 0.0000	</row1>
					<row2>	0.0000 0.0000 -1.0000 0.0000	</row2>
					<row3>	-0.7287 0.7534 1.2616 1.0000	</row3>
				</transform>
			</node>
			<node>
				<identifier>	MP_JM184_Dial_Plate	</identifier>
				<transform>
					<row0>	-0.6257 0.0000 0.0000 0.0000	</row0>
					<row1>	0.0000 0.6257 0.0000 0.0000	</row1>
					<row2>	0.0000 0.0000 -0.6257 0.0000	</row2>
					<row3>	0.3272 0.6107 0.9316 1.0000	</row3>
				</transform>
			</node>
			<node>
				<identifier>	MP_JM288_Whaler_8_2m_27ft_White	</identifier>
				<transform>
					<row0>	1.0000 0.0000 0.0000 0.0000	</row0>
					<row1>	0.0000 1.0000 0.0000 0.0000	</row1>
					<row2>	0.0000 0.0000 1.0000 0.0000	</row2>
					<row3>	0.3475 0.5008 0.6417 1.0000	</row3>
				</transform>
			</node>
			<node>
				<identifier>	MP_JM320_Reels_White	</identifier>
				<transform>
					<row0>	-1.0000 0.0000 0.0000 0.0000	</row0>
					<row1>	0.0000 0.0000 1.0000 0.0000	</row1>
					<row2>	0.0000 1.0000 0.0000 0.0000	</row2>
					<row3>	0.3887 0.4707 1.4206 1.0000	</row3>
				</transform>
			</node>
			<node>
				<identifier>	MP_JM320_Reels_White_INDEX_1	</identifier>
				<transform>
					<row0>	1.0000 0.0000 0.0000 0.0000	</row0>
					<row1>	0.0000 1.0000 0.0000 0.0000	</row1>
					<row2>	0.0000 0.0000 1.0000 0.0000	</row2>
					<row3>	-0.1444 0.3677 2.2956 1.0000	</row3>
				</transform>
			</node>
			<node>
				<identifier>	MP_JM321_Board_Crane_White	</identifier>
				<transform>
					<row0>	0.9965 -0.0021 -0.0842 0.0000	</row0>
					<row1>	0.0000 0.9997 -0.0246 0.0000	</row1>
					<row2>	0.0842 0.0245 0.9961 0.0000	</row2>
					<row3>	-0.6167 0.3534 1.3245 1.0000	</row3>
				</transform>
			</node>
			<node>
				<identifier>	MP_JM321_Board_Crane_White_INDEX_1	</identifier>
				<transform>
					<row0>	0.9965 0.0021 0.0842 0.0000	</row0>
					<row1>	0.0000 0.9997 -0.0246 0.0000	</row1>
					<row2>	-0.0842 0.0245 0.9961 0.0000	</row2>
					<row3>	0.6155 0.3534 1.3245 1.0000	</row3>
				</transform>
			</node>
			<node>
				<identifier>	MP_JM325_Ventilation_White	</identifier>
				<transform>
					<row0>	0.4635 0.0000 -0.8861 0.0000	</row0>
					<row1>	0.0000 1.0000 0.0000 0.0000	</row1>
					<row2>	0.8861 0.0000 0.4635 0.0000	</row2>
					<row3>	-0.4331 0.3513 1.4883 1.0000	</row3>
				</transform>
			</node>
			<node>
				<identifier>	MP_JM325_Ventilation_White_INDEX_1	</identifier>
				<transform>
					<row0>	0.0000 0.0000 -1.0000 0.0000	</row0>
					<row1>	0.0000 1.0000 0.0000 0.0000	</row1>
					<row2>	1.0000 0.0000 0.0000 0.0000	</row2>
					<row3>	-0.3205 0.3462 2.1784 1.0000	</row3>
				</transform>
			</node>
			<node>
				<identifier>	MP_JM325_Ventilation_White_INDEX_2	</identifier>
				<transform>
					<row0>	0.0000 0.0000 1.1983 0.0000	</row0>
					<row1>	0.0000 1.1983 0.0000 0.0000	</row1>
					<row2>	-1.1983 0.0000 0.0000 0.0000	</row2>
					<row3>	-0.1549 0.5719 1.3359 1.0000	</row3>
				</transform>
			</node>
			<node>
				<identifier>	MP_JM325_Ventilation_White_INDEX_3	</identifier>
				<transform>
					<row0>	0.0000 0.0000 -1.1983 0.0000	</row0>
					<row1>	0.0000 1.1983 0.0000 0.0000	</row1>
					<row2>	1.1983 0.0000 0.0000 0.0000	</row2>
					<row3>	0.1549 0.5719 1.3359 1.0000	</row3>
				</transform>
			</node>
			<node>
				<identifier>	MP_JM325_Ventilation_White_INDEX_4	</identifier>
				<transform>
					<row0>	0.0000 0.0000 1.0000 0.0000	</row0>
					<row1>	0.0000 1.0000 0.0000 0.0000	</row1>
					<row2>	-1.0000 0.0000 0.0000 0.0000	</row2>
					<row3>	0.3219 0.3462 2.1851 1.0000	</row3>
				</transform>
			</node>
			<node>
				<identifier>	MP_JM326_Deck_Hatch_White	</identifier>
				<transform>
					<row0>	-1.0000 0.0000 0.0000 0.0000	</row0>
					<row1>	0.0000 1.0000 0.0000 0.0000	</row1>
					<row2>	0.0000 0.0000 -1.0000 0.0000	</row2>
					<row3>	-0.0433 0.3399 0.5492 1.0000	</row3>
				</transform>
			</node>
			<node>
				<identifier>	MP_JM326_Deck_Hatch_White_INDEX_1	</identifier>
				<transform>
					<row0>	-1.0000 0.0000 0.0000 0.0000	</row0>
					<row1>	0.0000 1.0000 0.0000 0.0000	</row1>
					<row2>	0.0000 0.0000 -1.0000 0.0000	</row2>
					<row3>	-0.2448 0.3399 0.6513 1.0000	</row3>
				</transform>
			</node>
			<node>
				<identifier>	MP_JM326_Deck_Hatch_White_INDEX_2	</identifier>
				<transform>
					<row0>	0.0000 0.0000 -1.0000 0.0000	</row0>
					<row1>	0.0000 1.0000 0.0000 0.0000	</row1>
					<row2>	1.0000 0.0000 0.0000 0.0000	</row2>
					<row3>	-0.2038 0.3438 1.0115 1.0000	</row3>
				</transform>
			</node>
			<node>
				<identifier>	MP_JM326_Deck_Hatch_White_INDEX_3	</identifier>
				<transform>
					<row0>	-1.0000 0.0000 0.0000 0.0000	</row0>
					<row1>	0.0000 1.0000 0.0000 0.0000	</row1>
					<row2>	0.0000 0.0000 -1.0000 0.0000	</row2>
					<row3>	0.0433 0.3399 0.5492 1.0000	</row3>
				</transform>
			</node>
			<node>
				<identifier>	MP_JM326_Deck_Hatch_White_INDEX_4	</identifier>
				<transform>
					<row0>	0.0000 0.0000 1.0000 0.0000	</row0>
					<row1>	0.0000 1.0000 0.0000 0.0000	</row1>
					<row2>	-1.0000 0.0000 0.0000 0.0000	</row2>
					<row3>	0.2037 0.3438 1.0115 1.0000	</row3>
				</transform>
			</node>
			<node>
				<identifier>	MP_JM326_Deck_Hatch_White_INDEX_5	</identifier>
				<transform>
					<row0>	-1.0000 0.0000 0.0000 0.0000	</row0>
					<row1>	0.0000 1.0000 0.0000 0.0000	</row1>
					<row2>	0.0000 0.0000 -1.0000 0.0000	</row2>
					<row3>	-0.1335 0.3506 1.4478 1.0000	</row3>
				</transform>
			</node>
			<node>
				<identifier>	MP_JM326_Deck_Hatch_White_INDEX_6	</identifier>
				<transform>
					<row0>	-1.0000 0.0000 0.0000 0.0000	</row0>
					<row1>	0.0000 1.0000 0.0000 0.0000	</row1>
					<row2>	0.0000 0.0000 -1.0000 0.0000	</row2>
					<row3>	0.2448 0.3399 0.6513 1.0000	</row3>
				</transform>
			</node>
			<node>
				<identifier>	MP_JM326_Deck_Hatch_White_INDEX_7	</identifier>
				<transform>
					<row0>	-1.0000 0.0000 0.0000 0.0000	</row0>
					<row1>	0.0000 1.0000 0.0000 0.0000	</row1>
					<row2>	0.0000 0.0000 -1.0000 0.0000	</row2>
					<row3>	0.1335 0.3506 1.4478 1.0000	</row3>
				</transform>
			</node>
			<node>
				<identifier>	MP_JM328_Deck_Hatch_White	</identifier>
				<transform>
					<row0>	0.0000 0.0000 -0.7590 0.0000	</row0>
					<row1>	0.0000 0.7590 0.0000 0.0000	</row1>
					<row2>	0.7590 0.0000 0.0000 0.0000	</row2>
					<row3>	-0.2638 0.3731 2.4993 1.0000	</row3>
				</transform>
			</node>
			<node>
				<identifier>	MP_JM330_Deck_Hatch_White	</identifier>
				<transform>
					<row0>	0.0000 0.0000 1.0000 0.0000	</row0>
					<row1>	0.0000 1.0000 0.0000 0.0000	</row1>
					<row2>	-1.0000 0.0000 0.0000 0.0000	</row2>
					<row3>	-0.2204 0.3372 0.3048 1.0000	</row3>
				</transform>
			</node>
			<node>
				<identifier>	MP_JM330_Deck_Hatch_White_INDEX_1	</identifier>
				<transform>
					<row0>	0.0000 0.0000 1.0000 0.0000	</row0>
					<row1>	0.0000 1.0000 0.0000 0.0000	</row1>
					<row2>	-1.0000 0.0000 0.0000 0.0000	</row2>
					<row3>	0.2284 0.3437 1.1526 1.0000	</row3>
				</transform>
			</node>
			<node>
				<identifier>	MP_JM330_Deck_Hatch_White_INDEX_2	</identifier>
				<transform>
					<row0>	0.0000 0.0000 1.0000 0.0000	</row0>
					<row1>	0.0000 1.0000 0.0000 0.0000	</row1>
					<row2>	-1.0000 0.0000 0.0000 0.0000	</row2>
					<row3>	0.2204 0.3372 0.3048 1.0000	</row3>
				</transform>
			</node>
			<node>
				<identifier>	MP_JM330_Deck_Hatch_White_INDEX_3	</identifier>
				<transform>
					<row0>	0.0000 0.0000 1.0000 0.0000	</row0>
					<row1>	0.0000 1.0000 0.0000 0.0000	</row1>
					<row2>	-1.0000 0.0000 0.0000 0.0000	</row2>
					<row3>	-0.2284 0.3437 1.1526 1.0000	</row3>
				</transform>
			</node>
			<node>
				<identifier>	MP_JM331_Deck_Hatch_White	</identifier>
				<transform>
					<row0>	0.6877 0.0000 -0.7260 0.0000	</row0>
					<row1>	0.0000 1.0000 0.0000 0.0000	</row1>
					<row2>	0.7260 0.0000 0.6877 0.0000	</row2>
					<row3>	0.6308 0.4950 0.8883 1.0000	</row3>
				</transform>
			</node>
			<node>
				<identifier>	MP_JM331_Deck_Hatch_White_INDEX_1	</identifier>
				<transform>
					<row0>	0.0207 0.0000 0.9998 0.0000	</row0>
					<row1>	0.0000 1.0000 0.0000 0.0000	</row1>
					<row2>	-0.9998 0.0000 0.0207 0.0000	</row2>
					<row3>	-0.6986 0.4899 0.0603 1.0000	</row3>
				</transform>
			</node>
			<node>
				<identifier>	MP_JM331_Deck_Hatch_White_INDEX_2	</identifier>
				<transform>
					<row0>	0.0207 0.0000 -0.9998 0.0000	</row0>
					<row1>	0.0000 1.0000 0.0000 0.0000	</row1>
					<row2>	0.9998 0.0000 0.0207 0.0000	</row2>
					<row3>	0.6986 0.4899 0.0603 1.0000	</row3>
				</transform>
			</node>
			<node>
				<identifier>	MP_JM331_Deck_Hatch_White_INDEX_3	</identifier>
				<transform>
					<row0>	0.0309 0.0000 0.9995 0.0000	</row0>
					<row1>	0.0000 1.0000 0.0000 0.0000	</row1>
					<row2>	-0.9995 0.0000 0.0309 0.0000	</row2>
					<row3>	-0.5539 0.3401 0.4211 1.0000	</row3>
				</transform>
			</node>
			<node>
				<identifier>	MP_JM331_Deck_Hatch_White_INDEX_4	</identifier>
				<transform>
					<row0>	0.0532 0.0000 -0.9986 0.0000	</row0>
					<row1>	0.0000 1.0000 0.0000 0.0000	</row1>
					<row2>	0.9986 0.0000 0.0532 0.0000	</row2>
					<row3>	0.5507 0.5726 1.2243 1.0000	</row3>
				</transform>
			</node>
			<node>
				<identifier>	MP_JM331_Deck_Hatch_White_INDEX_5	</identifier>
				<transform>
					<row0>	0.6877 0.0000 0.7260 0.0000	</row0>
					<row1>	0.0000 1.0000 0.0000 0.0000	</row1>
					<row2>	-0.7260 0.0000 0.6877 0.0000	</row2>
					<row3>	-0.6308 0.4950 0.8883 1.0000	</row3>
				</transform>
			</node>
			<node>
				<identifier>	MP_JM331_Deck_Hatch_White_INDEX_6	</identifier>
				<transform>
					<row0>	0.0309 0.0000 -0.9995 0.0000	</row0>
					<row1>	0.0000 1.0000 0.0000 0.0000	</row1>
					<row2>	0.9995 0.0000 0.0309 0.0000	</row2>
					<row3>	0.5539 0.3401 0.4211 1.0000	</row3>
				</transform>
			</node>
			<node>
				<identifier>	MP_JM331_Deck_Hatch_White_INDEX_7	</identifier>
				<transform>
					<row0>	0.0141 0.0000 0.9999 0.0000	</row0>
					<row1>	0.0000 1.0000 0.0000 0.0000	</row1>
					<row2>	-0.9999 0.0000 0.0141 0.0000	</row2>
					<row3>	-0.5619 0.3383 0.1846 1.0000	</row3>
				</transform>
			</node>
			<node>
				<identifier>	MP_JM331_Deck_Hatch_White_INDEX_8	</identifier>
				<transform>
					<row0>	0.0141 0.0000 -0.9999 0.0000	</row0>
					<row1>	0.0000 1.0000 0.0000 0.0000	</row1>
					<row2>	0.9999 0.0000 0.0141 0.0000	</row2>
					<row3>	0.5619 0.3383 0.1846 1.0000	</row3>
				</transform>
			</node>
			<node>
				<identifier>	MP_JM331_Deck_Hatch_White_INDEX_9	</identifier>
				<transform>
					<row0>	0.0532 0.0000 0.9986 0.0000	</row0>
					<row1>	0.0000 1.0000 0.0000 0.0000	</row1>
					<row2>	-0.9986 0.0000 0.0532 0.0000	</row2>
					<row3>	-0.5507 0.5726 1.2243 1.0000	</row3>
				</transform>
			</node>
			<node>
				<identifier>	MP_JM332_Cutter_9m_White	</identifier>
				<transform>
					<row0>	1.0000 0.0000 0.0000 0.0000	</row0>
					<row1>	0.0000 1.0000 0.0000 0.0000	</row1>
					<row2>	0.0000 0.0000 1.0000 0.0000	</row2>
					<row3>	-0.5643 0.4965 0.3798 1.0000	</row3>
				</transform>
			</node>
			<node>
				<identifier>	MP_JM332_Cutter_9m_White_INDEX_1	</identifier>
				<transform>
					<row0>	1.0000 0.0000 0.0000 0.0000	</row0>
					<row1>	0.0000 1.0000 0.0000 0.0000	</row1>
					<row2>	0.0000 0.0000 1.0000 0.0000	</row2>
					<row3>	0.5643 0.4965 0.3798 1.0000	</row3>
				</transform>
			</node>
			<node>
				<identifier>	MP_JM334_Dinghy_9m_White	</identifier>
				<transform>
					<row0>	1.0000 0.0000 0.0000 0.0000	</row0>
					<row1>	0.0000 1.0000 0.0000 0.0000	</row1>
					<row2>	0.0000 0.0000 1.0000 0.0000	</row2>
					<row3>	-0.3570 0.5031 0.0622 1.0000	</row3>
				</transform>
			</node>
			<node>
				<identifier>	MP_JM334_Dinghy_9m_White_INDEX_1	</identifier>
				<transform>
					<row0>	1.0000 0.0000 0.0000 0.0000	</row0>
					<row1>	0.0000 1.0000 0.0000 0.0000	</row1>
					<row2>	0.0000 0.0000 1.0000 0.0000	</row2>
					<row3>	0.3570 0.5031 0.0622 1.0000	</row3>
				</transform>
			</node>
			<node>
				<identifier>	MP_JM334_Dinghy_9m_White_INDEX_2	</identifier>
				<transform>
					<row0>	0.9064 0.0000 0.0000 0.0000	</row0>
					<row1>	0.0000 0.9064 0.0000 0.0000	</row1>
					<row2>	0.0000 0.0000 0.9064 0.0000	</row2>
					<row3>	-0.3491 0.5108 0.6413 1.0000	</row3>
				</transform>
			</node>
			<node>
				<identifier>	MP_JM337_Bollards_White	</identifier>
				<transform>
					<row0>	0.8108 0.0000 0.5853 0.0000	</row0>
					<row1>	0.0000 1.0000 0.0000 0.0000	</row1>
					<row2>	-0.5853 0.0000 0.8108 0.0000	</row2>
					<row3>	-0.5295 0.3456 1.4275 1.0000	</row3>
				</transform>
			</node>
			<node>
				<identifier>	MP_JM337_Bollards_White_INDEX_1	</identifier>
				<transform>
					<row0>	0.8108 0.0000 -0.5853 0.0000	</row0>
					<row1>	0.0000 1.0000 0.0000 0.0000	</row1>
					<row2>	0.5853 0.0000 0.8108 0.0000	</row2>
					<row3>	0.5295 0.3456 1.4275 1.0000	</row3>
				</transform>
			</node>
			<node>
				<identifier>	MP_JM339_Running_Lights_Oil_L_White	</identifier>
				<transform>
					<row0>	1.0000 0.0000 0.0000 0.0000	</row0>
					<row1>	0.0000 1.0000 0.0000 0.0000	</row1>
					<row2>	0.0000 0.0000 1.0000 0.0000	</row2>
					<row3>	-0.5858 0.6106 1.1947 1.0000	</row3>
				</transform>
			</node>
			<node>
				<identifier>	MP_JM340_Running_Lights_Oil_R_White	</identifier>
				<transform>
					<row0>	1.0000 0.0000 0.0000 0.0000	</row0>
					<row1>	0.0000 1.0000 0.0000 0.0000	</row1>
					<row2>	0.0000 0.0000 1.0000 0.0000	</row2>
					<row3>	0.5858 0.6106 1.1947 1.0000	</row3>
				</transform>
			</node>
		</node>
	</node>
	<boundingBox>
		<min>	-0.0667 -0.0667 -0.0667	</min>
		<max>	0.0667 0.0667 0.0667	</max>
	</boundingBox>
</JSB011_Mikasa_1905_MidFront_ports.visual>
