<BSC002_Belfast_1962_MidBack_ports.visual>
	<node>
		<identifier>	Scene Root	</identifier>
		<transform>
			<row0>	1.0000 0.0000 0.0000 0.0000	</row0>
			<row1>	0.0000 1.0000 0.0000 0.0000	</row1>
			<row2>	0.0000 0.0000 1.0000 0.0000	</row2>
			<row3>	0.0000 0.0000 0.0000 1.0000	</row3>
		</transform>
		<node>
			<identifier>	MidBack_ports	</identifier>
			<transform>
				<row0>	1.0000 0.0000 0.0000 0.0000	</row0>
				<row1>	0.0000 1.0000 0.0000 0.0000	</row1>
				<row2>	0.0000 0.0000 1.0000 0.0000	</row2>
				<row3>	0.0000 0.0000 0.0000 1.0000	</row3>
			</transform>
			<node>
				<identifier>	HP_BD_10	</identifier>
				<transform>
					<row0>	0.0000 0.0000 1.0000 0.0000	</row0>
					<row1>	0.0000 1.0000 0.0000 0.0000	</row1>
					<row2>	-1.0000 0.0000 0.0000 0.0000	</row2>
					<row3>	-0.2508 0.5784 -0.9976 1.0000	</row3>
				</transform>
			</node>
			<node>
				<identifier>	HP_BD_11	</identifier>
				<transform>
					<row0>	0.0000 0.0000 1.0000 0.0000	</row0>
					<row1>	0.0000 1.0000 0.0000 0.0000	</row1>
					<row2>	-1.0000 0.0000 0.0000 0.0000	</row2>
					<row3>	-0.2554 0.9169 -2.0012 1.0000	</row3>
				</transform>
			</node>
			<node>
				<identifier>	HP_BD_12	</identifier>
				<transform>
					<row0>	0.0000 0.0000 -1.0000 0.0000	</row0>
					<row1>	0.0000 1.0000 0.0000 0.0000	</row1>
					<row2>	1.0000 0.0000 0.0000 0.0000	</row2>
					<row3>	0.2554 0.9169 -2.0012 1.0000	</row3>
				</transform>
			</node>
			<node>
				<identifier>	HP_BD_13	</identifier>
				<transform>
					<row0>	-1.0000 0.0000 0.0000 0.0000	</row0>
					<row1>	0.0000 1.0000 0.0000 0.0000	</row1>
					<row2>	0.0000 0.0000 -1.0000 0.0000	</row2>
					<row3>	0.0000 0.7890 -2.7710 1.0000	</row3>
				</transform>
			</node>
			<node>
				<identifier>	HP_BD_14	</identifier>
				<transform>
					<row0>	1.0000 0.0000 0.0000 0.0000	</row0>
					<row1>	0.0000 1.0000 0.0000 0.0000	</row1>
					<row2>	0.0000 0.0000 1.0000 0.0000	</row2>
					<row3>	0.0000 0.7633 -2.9868 1.0000	</row3>
				</transform>
			</node>
			<node>
				<identifier>	HP_BD_7	</identifier>
				<transform>
					<row0>	0.0000 0.0000 1.0000 0.0000	</row0>
					<row1>	0.0000 1.0000 0.0000 0.0000	</row1>
					<row2>	-1.0000 0.0000 0.0000 0.0000	</row2>
					<row3>	-0.2231 0.6119 -0.2168 1.0000	</row3>
				</transform>
			</node>
			<node>
				<identifier>	HP_BD_8	</identifier>
				<transform>
					<row0>	0.0000 0.0000 -1.0000 0.0000	</row0>
					<row1>	0.0000 1.0000 0.0000 0.0000	</row1>
					<row2>	1.0000 0.0000 0.0000 0.0000	</row2>
					<row3>	0.2231 0.6119 -0.2168 1.0000	</row3>
				</transform>
			</node>
			<node>
				<identifier>	HP_BD_9	</identifier>
				<transform>
					<row0>	0.0000 0.0000 -1.0000 0.0000	</row0>
					<row1>	0.0000 1.0000 0.0000 0.0000	</row1>
					<row2>	1.0000 0.0000 0.0000 0.0000	</row2>
					<row3>	0.2509 0.5784 -0.9973 1.0000	</row3>
				</transform>
			</node>
			<node>
				<identifier>	HP_BGA_5	</identifier>
				<transform>
					<row0>	-0.3584 0.0000 0.9336 0.0000	</row0>
					<row1>	0.0000 1.0000 0.0000 0.0000	</row1>
					<row2>	-0.9336 0.0000 -0.3584 0.0000	</row2>
					<row3>	-0.2433 0.7393 -2.2308 1.0000	</row3>
				</transform>
			</node>
			<node>
				<identifier>	HP_BGA_6	</identifier>
				<transform>
					<row0>	-0.3584 0.0000 -0.9336 0.0000	</row0>
					<row1>	0.0000 1.0000 0.0000 0.0000	</row1>
					<row2>	0.9336 0.0000 -0.3584 0.0000	</row2>
					<row3>	0.2433 0.7393 -2.2308 1.0000	</row3>
				</transform>
			</node>
			<node>
				<identifier>	HP_BGM_3	</identifier>
				<transform>
					<row0>	-1.0000 0.0000 0.0000 0.0000	</row0>
					<row1>	0.0000 1.0000 0.0000 0.0000	</row1>
					<row2>	0.0000 0.0000 -1.0000 0.0000	</row2>
					<row3>	0.0000 0.6045 -3.3863 1.0000	</row3>
				</transform>
			</node>
			<node>
				<identifier>	HP_BGM_4	</identifier>
				<transform>
					<row0>	-1.0000 0.0000 0.0000 0.0000	</row0>
					<row1>	0.0000 1.0000 0.0000 0.0000	</row1>
					<row2>	0.0000 0.0000 -1.0000 0.0000	</row2>
					<row3>	0.0000 0.4472 -4.0390 1.0000	</row3>
				</transform>
			</node>
			<node>
				<identifier>	HP_BGS_1	</identifier>
				<transform>
					<row0>	0.0000 0.0000 1.0000 0.0000	</row0>
					<row1>	0.0000 1.0000 0.0000 0.0000	</row1>
					<row2>	-1.0000 0.0000 0.0000 0.0000	</row2>
					<row3>	-0.5388 0.3840 -0.0334 1.0000	</row3>
				</transform>
			</node>
			<node>
				<identifier>	HP_BGS_2	</identifier>
				<transform>
					<row0>	0.0000 0.0000 -1.0000 0.0000	</row0>
					<row1>	0.0000 1.0000 0.0000 0.0000	</row1>
					<row2>	1.0000 0.0000 0.0000 0.0000	</row2>
					<row3>	0.5387 0.3840 -0.0352 1.0000	</row3>
				</transform>
			</node>
			<node>
				<identifier>	HP_BGS_3	</identifier>
				<transform>
					<row0>	0.0000 0.0000 1.0000 0.0000	</row0>
					<row1>	0.0000 1.0000 0.0000 0.0000	</row1>
					<row2>	-1.0000 0.0000 0.0000 0.0000	</row2>
					<row3>	-0.5361 0.3839 -0.9051 1.0000	</row3>
				</transform>
			</node>
			<node>
				<identifier>	HP_BGS_4	</identifier>
				<transform>
					<row0>	0.0000 0.0000 -1.0000 0.0000	</row0>
					<row1>	0.0000 1.0000 0.0000 0.0000	</row1>
					<row2>	1.0000 0.0000 0.0000 0.0000	</row2>
					<row3>	0.5361 0.3839 -0.9051 1.0000	</row3>
				</transform>
			</node>
			<node>
				<identifier>	HP_BRS_3	</identifier>
				<transform>
					<row0>	-1.0000 0.0000 0.0000 0.0000	</row0>
					<row1>	0.0000 1.0000 0.0000 0.0000	</row1>
					<row2>	0.0000 0.0000 -1.0000 0.0000	</row2>
					<row3>	0.0000 1.7814 -0.7596 1.0000	</row3>
				</transform>
			</node>
			<node>
				<identifier>	HP_FX_Death_2	</identifier>
				<transform>
					<row0>	1.0000 0.0000 0.0000 0.0000	</row0>
					<row1>	0.0000 1.0000 0.0000 0.0000	</row1>
					<row2>	0.0000 0.0000 1.0000 0.0000	</row2>
					<row3>	0.0000 0.0000 0.2798 1.0000	</row3>
				</transform>
			</node>
			<node>
				<identifier>	HP_FX_Death_3	</identifier>
				<transform>
					<row0>	1.0000 0.0000 0.0000 0.0000	</row0>
					<row1>	0.0000 1.0000 0.0000 0.0000	</row1>
					<row2>	0.0000 0.0000 1.0000 0.0000	</row2>
					<row3>	0.0000 0.0000 -3.7774 1.0000	</row3>
				</transform>
			</node>
			<node>
				<identifier>	HP_FX_Fire_3	</identifier>
				<transform>
					<row0>	1.0000 0.0000 0.0000 0.0000	</row0>
					<row1>	0.0000 1.0000 0.0000 0.0000	</row1>
					<row2>	0.0000 0.0000 1.0000 0.0000	</row2>
					<row3>	0.0000 0.6014 -0.6461 1.0000	</row3>
				</transform>
			</node>
			<node>
				<identifier>	HP_FX_Fire_3_side_1	</identifier>
				<transform>
					<row0>	1.0000 0.0000 0.0000 0.0000	</row0>
					<row1>	0.0000 1.0000 0.0000 0.0000	</row1>
					<row2>	0.0000 0.0000 1.0000 0.0000	</row2>
					<row3>	0.5835 0.6212 -1.5570 1.0000	</row3>
				</transform>
			</node>
			<node>
				<identifier>	HP_FX_Fire_3_side_2	</identifier>
				<transform>
					<row0>	1.0000 0.0000 0.0000 0.0000	</row0>
					<row1>	0.0000 1.0000 0.0000 0.0000	</row1>
					<row2>	0.0000 0.0000 1.0000 0.0000	</row2>
					<row3>	-0.4000 0.6166 -2.4919 1.0000	</row3>
				</transform>
			</node>
			<node>
				<identifier>	HP_FX_FloodLight_left_1	</identifier>
				<transform>
					<row0>	-1.0000 0.0000 0.0000 0.0000	</row0>
					<row1>	0.0000 1.0000 0.0000 0.0000	</row1>
					<row2>	0.0000 0.0000 -1.0000 0.0000	</row2>
					<row3>	-0.2456 0.6841 -2.6992 1.0000	</row3>
				</transform>
			</node>
			<node>
				<identifier>	HP_FX_FloodLight_right_1	</identifier>
				<transform>
					<row0>	1.0000 0.0000 0.0000 0.0000	</row0>
					<row1>	0.0000 1.0000 0.0000 0.0000	</row1>
					<row2>	0.0000 0.0000 1.0000 0.0000	</row2>
					<row3>	0.2477 0.6713 -2.5671 1.0000	</row3>
				</transform>
			</node>
			<node>
				<identifier>	HP_FX_Flood_steam_1	</identifier>
				<transform>
					<row0>	1.0000 0.0000 0.0000 0.0000	</row0>
					<row1>	0.0000 0.9844 -0.1758 0.0000	</row1>
					<row2>	0.0000 0.1758 0.9844 0.0000	</row2>
					<row3>	-0.0333 1.2427 0.0066 1.0000	</row3>
				</transform>
			</node>
			<node>
				<identifier>	HP_FX_Flood_steam_2	</identifier>
				<transform>
					<row0>	1.0000 0.0000 0.0000 0.0000	</row0>
					<row1>	0.0000 0.9862 -0.1654 0.0000	</row1>
					<row2>	0.0000 0.1654 0.9862 0.0000	</row2>
					<row3>	0.0317 1.2375 -1.7506 1.0000	</row3>
				</transform>
			</node>
			<node>
				<identifier>	HP_FX_Flood_steam_right	</identifier>
				<transform>
					<row0>	1.0000 0.0000 0.0000 0.0000	</row0>
					<row1>	0.0000 1.0000 0.0000 0.0000	</row1>
					<row2>	0.0000 0.0000 1.0000 0.0000	</row2>
					<row3>	0.5452 0.1424 -3.6784 1.0000	</row3>
				</transform>
			</node>
			<node>
				<identifier>	HP_FX_Flood_water_left	</identifier>
				<transform>
					<row0>	-1.0000 0.0000 0.0000 0.0000	</row0>
					<row1>	0.0000 1.0000 0.0000 0.0000	</row1>
					<row2>	0.0000 0.0000 -1.0000 0.0000	</row2>
					<row3>	-0.5281 0.0706 -3.7196 1.0000	</row3>
				</transform>
			</node>
			<node>
				<identifier>	HP_FX_Flood_water_left_2	</identifier>
				<transform>
					<row0>	-1.0000 0.0000 0.0000 0.0000	</row0>
					<row1>	0.0000 1.0000 0.0000 0.0000	</row1>
					<row2>	0.0000 0.0000 -1.0000 0.0000	</row2>
					<row3>	-0.6724 0.0522 0.0827 1.0000	</row3>
				</transform>
			</node>
			<node>
				<identifier>	HP_FX_Flood_water_right	</identifier>
				<transform>
					<row0>	1.0000 0.0000 0.0000 0.0000	</row0>
					<row1>	0.0000 1.0000 0.0000 0.0000	</row1>
					<row2>	0.0000 0.0000 1.0000 0.0000	</row2>
					<row3>	0.5338 0.0718 -3.6488 1.0000	</row3>
				</transform>
			</node>
			<node>
				<identifier>	HP_FX_Flood_water_right_2	</identifier>
				<transform>
					<row0>	1.0000 0.0000 0.0000 0.0000	</row0>
					<row1>	0.0000 1.0000 0.0000 0.0000	</row1>
					<row2>	0.0000 0.0000 1.0000 0.0000	</row2>
					<row3>	0.6724 0.0518 0.0823 1.0000	</row3>
				</transform>
			</node>
			<node>
				<identifier>	HP_FX_Smoke_1	</identifier>
				<transform>
					<row0>	1.0000 0.0000 0.0000 0.0000	</row0>
					<row1>	0.0000 0.9954 -0.0952 0.0000	</row1>
					<row2>	0.0000 0.0952 0.9954 0.0000	</row2>
					<row3>	0.0000 1.2254 0.2047 1.0000	</row3>
				</transform>
			</node>
			<node>
				<identifier>	HP_FX_Smoke_2	</identifier>
				<transform>
					<row0>	1.0000 0.0000 0.0000 0.0000	</row0>
					<row1>	0.0000 0.9959 -0.0907 0.0000	</row1>
					<row2>	0.0000 0.0907 0.9959 0.0000	</row2>
					<row3>	0.0000 1.2214 -1.5547 1.0000	</row3>
				</transform>
			</node>
			<node>
				<identifier>	HP_Ship_death_2	</identifier>
				<transform>
					<row0>	1.0000 0.0000 0.0000 0.0000	</row0>
					<row1>	0.0000 1.0000 0.0000 0.0000	</row1>
					<row2>	0.0000 0.0000 1.0000 0.0000	</row2>
					<row3>	0.0000 0.0000 1.1480 1.0000	</row3>
				</transform>
			</node>
			<node>
				<identifier>	HP_flag_nation	</identifier>
				<transform>
					<row0>	0.9995 -0.0302 0.0001 0.0000	</row0>
					<row1>	0.0302 0.9995 -0.0082 0.0000	</row1>
					<row2>	0.0001 0.0082 1.0000 0.0000	</row2>
					<row3>	-0.0102 2.0176 -1.1556 1.0000	</row3>
				</transform>
			</node>
			<node>
				<identifier>	MP_BM004_Reels	</identifier>
				<transform>
					<row0>	0.8593 0.0000 1.0481 0.0000	</row0>
					<row1>	0.0000 1.3553 0.0000 0.0000	</row1>
					<row2>	-1.0481 0.0000 0.8593 0.0000	</row2>
					<row3>	0.2208 0.3994 -3.5544 1.0000	</row3>
				</transform>
			</node>
			<node>
				<identifier>	MP_BM004_Reels_INDEX_1	</identifier>
				<transform>
					<row0>	0.0000 0.0000 0.8257 0.0000	</row0>
					<row1>	0.0000 0.8257 0.0000 0.0000	</row1>
					<row2>	-0.8257 0.0000 0.0000 0.0000	</row2>
					<row3>	0.4084 0.6102 -0.3148 1.0000	</row3>
				</transform>
			</node>
			<node>
				<identifier>	MP_BM004_Reels_INDEX_2	</identifier>
				<transform>
					<row0>	-1.2016 0.0000 0.0000 0.0000	</row0>
					<row1>	0.0000 1.2016 0.0000 0.0000	</row1>
					<row2>	0.0000 0.0000 -1.2016 0.0000	</row2>
					<row3>	-0.3850 0.6078 -0.2811 1.0000	</row3>
				</transform>
			</node>
			<node>
				<identifier>	MP_BM004_Reels_INDEX_3	</identifier>
				<transform>
					<row0>	-1.2016 0.0000 0.0000 0.0000	</row0>
					<row1>	0.0000 1.2016 0.0000 0.0000	</row1>
					<row2>	0.0000 0.0000 -1.2016 0.0000	</row2>
					<row3>	0.4818 0.5499 -1.9825 1.0000	</row3>
				</transform>
			</node>
			<node>
				<identifier>	MP_BM004_Reels_INDEX_4	</identifier>
				<transform>
					<row0>	0.0000 0.0000 1.2016 0.0000	</row0>
					<row1>	0.0000 1.2016 0.0000 0.0000	</row1>
					<row2>	-1.2016 0.0000 0.0000 0.0000	</row2>
					<row3>	0.4330 0.5499 -1.8915 1.0000	</row3>
				</transform>
			</node>
			<node>
				<identifier>	MP_BM004_Reels_INDEX_5	</identifier>
				<transform>
					<row0>	-1.2016 0.0000 0.0000 0.0000	</row0>
					<row1>	0.0000 1.2016 0.0000 0.0000	</row1>
					<row2>	0.0000 0.0000 -1.2016 0.0000	</row2>
					<row3>	-0.4818 0.5499 -1.9825 1.0000	</row3>
				</transform>
			</node>
			<node>
				<identifier>	MP_BM004_Reels_INDEX_6	</identifier>
				<transform>
					<row0>	0.8593 0.0000 -1.0481 0.0000	</row0>
					<row1>	0.0000 1.3553 0.0000 0.0000	</row1>
					<row2>	1.0481 0.0000 0.8593 0.0000	</row2>
					<row3>	-0.2208 0.3994 -3.5544 1.0000	</row3>
				</transform>
			</node>
			<node>
				<identifier>	MP_BM004_Reels_INDEX_7	</identifier>
				<transform>
					<row0>	0.0000 0.0000 -1.2016 0.0000	</row0>
					<row1>	0.0000 1.2016 0.0000 0.0000	</row1>
					<row2>	1.2016 0.0000 0.0000 0.0000	</row2>
					<row3>	-0.4330 0.5499 -1.8915 1.0000	</row3>
				</transform>
			</node>
			<node>
				<identifier>	MP_BM520_Sailng_Dinghy_14ft	</identifier>
				<transform>
					<row0>	-1.0000 0.0000 0.0000 0.0000	</row0>
					<row1>	0.0000 1.0000 0.0000 0.0000	</row1>
					<row2>	0.0000 0.0000 -1.0000 0.0000	</row2>
					<row3>	0.0000 0.5734 0.6285 1.0000	</row3>
				</transform>
			</node>
			<node>
				<identifier>	MP_BM520_Sailng_Dinghy_14ft_INDEX_1	</identifier>
				<transform>
					<row0>	1.0000 0.0000 0.0000 0.0000	</row0>
					<row1>	0.0000 1.0000 0.0000 0.0000	</row1>
					<row2>	0.0000 0.0000 1.0000 0.0000	</row2>
					<row3>	0.0000 0.5734 0.9163 1.0000	</row3>
				</transform>
			</node>
			<node>
				<identifier>	MP_BM521_Motor_Cutter_35ft	</identifier>
				<transform>
					<row0>	1.0000 0.0000 0.0000 0.0000	</row0>
					<row1>	0.0000 1.0000 0.0000 0.0000	</row1>
					<row2>	0.0000 0.0000 1.0000 0.0000	</row2>
					<row3>	0.1735 0.5895 0.7896 1.0000	</row3>
				</transform>
			</node>
			<node>
				<identifier>	MP_BM521_Motor_Cutter_35ft_INDEX_1	</identifier>
				<transform>
					<row0>	1.0000 0.0000 0.0000 0.0000	</row0>
					<row1>	0.0000 1.0000 0.0000 0.0000	</row1>
					<row2>	0.0000 0.0000 1.0000 0.0000	</row2>
					<row3>	-0.1735 0.5895 0.7896 1.0000	</row3>
				</transform>
			</node>
			<node>
				<identifier>	MP_BM608_Compass_repeater	</identifier>
				<transform>
					<row0>	0.0000 0.0000 1.0000 0.0000	</row0>
					<row1>	0.0000 1.0000 0.0000 0.0000	</row1>
					<row2>	-1.0000 0.0000 0.0000 0.0000	</row2>
					<row3>	0.1206 0.9598 -2.4016 1.0000	</row3>
				</transform>
			</node>
			<node>
				<identifier>	MP_BM609_Speaker	</identifier>
				<transform>
					<row0>	-0.0402 0.0000 -0.9992 0.0000	</row0>
					<row1>	0.0000 1.0000 0.0000 0.0000	</row1>
					<row2>	0.9992 0.0000 -0.0402 0.0000	</row2>
					<row3>	0.3856 0.3660 -3.5844 1.0000	</row3>
				</transform>
			</node>
			<node>
				<identifier>	MP_BM609_Speaker_INDEX_1	</identifier>
				<transform>
					<row0>	-0.6424 0.0000 -0.7664 0.0000	</row0>
					<row1>	0.0000 1.0000 0.0000 0.0000	</row1>
					<row2>	0.7664 0.0000 -0.6424 0.0000	</row2>
					<row3>	0.2693 0.5289 -3.4367 1.0000	</row3>
				</transform>
			</node>
			<node>
				<identifier>	MP_BM609_Speaker_INDEX_10	</identifier>
				<transform>
					<row0>	1.0000 0.0000 0.0000 0.0000	</row0>
					<row1>	0.0000 1.0000 0.0000 0.0000	</row1>
					<row2>	0.0000 0.0000 1.0000 0.0000	</row2>
					<row3>	-0.2107 0.5400 -0.0479 1.0000	</row3>
				</transform>
			</node>
			<node>
				<identifier>	MP_BM609_Speaker_INDEX_11	</identifier>
				<transform>
					<row0>	-0.6424 0.0000 0.7664 0.0000	</row0>
					<row1>	0.0000 1.0000 0.0000 0.0000	</row1>
					<row2>	-0.7664 0.0000 -0.6424 0.0000	</row2>
					<row3>	-0.2215 0.5290 -3.4944 1.0000	</row3>
				</transform>
			</node>
			<node>
				<identifier>	MP_BM609_Speaker_INDEX_12	</identifier>
				<transform>
					<row0>	-0.9965 0.0000 -0.0838 0.0000	</row0>
					<row1>	0.0000 1.0000 0.0000 0.0000	</row1>
					<row2>	0.0838 0.0000 -0.9965 0.0000	</row2>
					<row3>	0.0397 0.3834 -4.2758 1.0000	</row3>
				</transform>
			</node>
			<node>
				<identifier>	MP_BM609_Speaker_INDEX_13	</identifier>
				<transform>
					<row0>	-1.0000 0.0000 0.0000 0.0000	</row0>
					<row1>	0.0000 1.0000 0.0000 0.0000	</row1>
					<row2>	0.0000 0.0000 -1.0000 0.0000	</row2>
					<row3>	-0.2681 0.6808 -1.9889 1.0000	</row3>
				</transform>
			</node>
			<node>
				<identifier>	MP_BM609_Speaker_INDEX_14	</identifier>
				<transform>
					<row0>	0.0000 0.0000 -1.0000 0.0000	</row0>
					<row1>	0.0000 1.0000 0.0000 0.0000	</row1>
					<row2>	1.0000 0.0000 0.0000 0.0000	</row2>
					<row3>	0.2428 0.6960 -2.5691 1.0000	</row3>
				</transform>
			</node>
			<node>
				<identifier>	MP_BM609_Speaker_INDEX_15	</identifier>
				<transform>
					<row0>	1.0000 0.0000 0.0000 0.0000	</row0>
					<row1>	0.0000 1.0000 0.0000 0.0000	</row1>
					<row2>	0.0000 0.0000 1.0000 0.0000	</row2>
					<row3>	0.3159 0.5641 -0.9686 1.0000	</row3>
				</transform>
			</node>
			<node>
				<identifier>	MP_BM609_Speaker_INDEX_16	</identifier>
				<transform>
					<row0>	0.6551 0.0000 -0.7555 0.0000	</row0>
					<row1>	0.0000 1.0000 0.0000 0.0000	</row1>
					<row2>	0.7555 0.0000 0.6551 0.0000	</row2>
					<row3>	0.1959 0.5394 -0.0161 1.0000	</row3>
				</transform>
			</node>
			<node>
				<identifier>	MP_BM609_Speaker_INDEX_17	</identifier>
				<transform>
					<row0>	0.6552 0.0000 -0.7555 0.0000	</row0>
					<row1>	0.0000 1.0000 0.0000 0.0000	</row1>
					<row2>	0.7555 0.0000 0.6552 0.0000	</row2>
					<row3>	0.2392 0.5143 -1.9491 1.0000	</row3>
				</transform>
			</node>
			<node>
				<identifier>	MP_BM609_Speaker_INDEX_18	</identifier>
				<transform>
					<row0>	0.6552 0.0000 0.7555 0.0000	</row0>
					<row1>	0.0000 1.0000 0.0000 0.0000	</row1>
					<row2>	-0.7555 0.0000 0.6552 0.0000	</row2>
					<row3>	-0.2391 0.5143 -1.9485 1.0000	</row3>
				</transform>
			</node>
			<node>
				<identifier>	MP_BM609_Speaker_INDEX_19	</identifier>
				<transform>
					<row0>	-0.0402 0.0000 0.9992 0.0000	</row0>
					<row1>	0.0000 1.0000 0.0000 0.0000	</row1>
					<row2>	-0.9992 0.0000 -0.0402 0.0000	</row2>
					<row3>	-0.3879 0.3672 -3.5235 1.0000	</row3>
				</transform>
			</node>
			<node>
				<identifier>	MP_BM609_Speaker_INDEX_2	</identifier>
				<transform>
					<row0>	0.0000 0.0000 1.0000 0.0000	</row0>
					<row1>	0.0000 1.0000 0.0000 0.0000	</row1>
					<row2>	-1.0000 0.0000 0.0000 0.0000	</row2>
					<row3>	-0.2428 0.6959 -2.5369 1.0000	</row3>
				</transform>
			</node>
			<node>
				<identifier>	MP_BM609_Speaker_INDEX_20	</identifier>
				<transform>
					<row0>	1.0000 0.0000 0.0000 0.0000	</row0>
					<row1>	0.0000 1.0000 0.0000 0.0000	</row1>
					<row2>	0.0000 0.0000 1.0000 0.0000	</row2>
					<row3>	-0.0282 0.6998 -1.1471 1.0000	</row3>
				</transform>
			</node>
			<node>
				<identifier>	MP_BM609_Speaker_INDEX_21	</identifier>
				<transform>
					<row0>	-0.6547 0.0000 -0.7559 0.0000	</row0>
					<row1>	0.0000 1.0000 0.0000 0.0000	</row1>
					<row2>	0.7559 0.0000 -0.6547 0.0000	</row2>
					<row3>	0.2579 0.5437 -1.2356 1.0000	</row3>
				</transform>
			</node>
			<node>
				<identifier>	MP_BM609_Speaker_INDEX_22	</identifier>
				<transform>
					<row0>	-0.6547 0.0000 0.7559 0.0000	</row0>
					<row1>	0.0000 1.0000 0.0000 0.0000	</row1>
					<row2>	-0.7559 0.0000 -0.6547 0.0000	</row2>
					<row3>	-0.2578 0.5434 -1.2357 1.0000	</row3>
				</transform>
			</node>
			<node>
				<identifier>	MP_BM609_Speaker_INDEX_23	</identifier>
				<transform>
					<row0>	1.0000 0.0000 0.0000 0.0000	</row0>
					<row1>	0.0000 1.0000 0.0000 0.0000	</row1>
					<row2>	0.0000 0.0000 1.0000 0.0000	</row2>
					<row3>	-0.3159 0.5641 -0.9686 1.0000	</row3>
				</transform>
			</node>
			<node>
				<identifier>	MP_BM609_Speaker_INDEX_24	</identifier>
				<transform>
					<row0>	-0.0402 0.0000 0.9992 0.0000	</row0>
					<row1>	0.0000 1.0000 0.0000 0.0000	</row1>
					<row2>	-0.9992 0.0000 -0.0402 0.0000	</row2>
					<row3>	-0.4161 0.3805 -2.8213 1.0000	</row3>
				</transform>
			</node>
			<node>
				<identifier>	MP_BM609_Speaker_INDEX_25	</identifier>
				<transform>
					<row0>	-0.0402 0.0000 -0.9992 0.0000	</row0>
					<row1>	0.0000 1.0000 0.0000 0.0000	</row1>
					<row2>	0.9992 0.0000 -0.0402 0.0000	</row2>
					<row3>	0.4186 0.3561 -2.7608 1.0000	</row3>
				</transform>
			</node>
			<node>
				<identifier>	MP_BM609_Speaker_INDEX_3	</identifier>
				<transform>
					<row0>	0.8187 0.0000 -0.5742 0.0000	</row0>
					<row1>	0.0000 1.0000 0.0000 0.0000	</row1>
					<row2>	0.5742 0.0000 0.8187 0.0000	</row2>
					<row3>	0.1022 0.8792 -2.3773 1.0000	</row3>
				</transform>
			</node>
			<node>
				<identifier>	MP_BM609_Speaker_INDEX_4	</identifier>
				<transform>
					<row0>	0.0000 0.0000 -1.0000 0.0000	</row0>
					<row1>	0.0000 1.0000 0.0000 0.0000	</row1>
					<row2>	1.0000 0.0000 0.0000 0.0000	</row2>
					<row3>	0.0953 0.7157 -0.5819 1.0000	</row3>
				</transform>
			</node>
			<node>
				<identifier>	MP_BM609_Speaker_INDEX_5	</identifier>
				<transform>
					<row0>	0.2868 0.0000 0.9580 0.0000	</row0>
					<row1>	0.0000 1.0000 0.0000 0.0000	</row1>
					<row2>	-0.9580 0.0000 0.2868 0.0000	</row2>
					<row3>	-0.2332 0.3419 -0.5944 1.0000	</row3>
				</transform>
			</node>
			<node>
				<identifier>	MP_BM609_Speaker_INDEX_6	</identifier>
				<transform>
					<row0>	0.2868 0.0000 -0.9580 0.0000	</row0>
					<row1>	0.0000 1.0000 0.0000 0.0000	</row1>
					<row2>	0.9580 0.0000 0.2868 0.0000	</row2>
					<row3>	0.2357 0.3416 -0.6031 1.0000	</row3>
				</transform>
			</node>
			<node>
				<identifier>	MP_BM609_Speaker_INDEX_7	</identifier>
				<transform>
					<row0>	0.0000 0.0000 1.0000 0.0000	</row0>
					<row1>	0.0000 1.0000 0.0000 0.0000	</row1>
					<row2>	-1.0000 0.0000 0.0000 0.0000	</row2>
					<row3>	-0.0953 0.7158 -0.5819 1.0000	</row3>
				</transform>
			</node>
			<node>
				<identifier>	MP_BM609_Speaker_INDEX_8	</identifier>
				<transform>
					<row0>	0.8187 0.0000 0.5742 0.0000	</row0>
					<row1>	0.0000 1.0000 0.0000 0.0000	</row1>
					<row2>	-0.5742 0.0000 0.8187 0.0000	</row2>
					<row3>	-0.1021 0.8789 -2.3772 1.0000	</row3>
				</transform>
			</node>
			<node>
				<identifier>	MP_BM609_Speaker_INDEX_9	</identifier>
				<transform>
					<row0>	-1.0000 0.0000 0.0000 0.0000	</row0>
					<row1>	0.0000 1.0000 0.0000 0.0000	</row1>
					<row2>	0.0000 0.0000 -1.0000 0.0000	</row2>
					<row3>	0.2681 0.6810 -1.9889 1.0000	</row3>
				</transform>
			</node>
			<node>
				<identifier>	MP_BM612_Switch_Panel	</identifier>
				<transform>
					<row0>	0.8141 0.0000 0.5807 0.0000	</row0>
					<row1>	0.0000 1.0000 0.0000 0.0000	</row1>
					<row2>	-0.5807 0.0000 0.8141 0.0000	</row2>
					<row3>	-0.0602 0.9328 -2.3481 1.0000	</row3>
				</transform>
			</node>
			<node>
				<identifier>	MP_BM612_Switch_Panel_INDEX_1	</identifier>
				<transform>
					<row0>	-0.6480 0.0000 0.7616 0.0000	</row0>
					<row1>	0.0000 1.0000 0.0000 0.0000	</row1>
					<row2>	-0.7616 0.0000 -0.6480 0.0000	</row2>
					<row3>	-0.1276 0.7809 -2.9374 1.0000	</row3>
				</transform>
			</node>
			<node>
				<identifier>	MP_BM613_Switch_Panel	</identifier>
				<transform>
					<row0>	-0.6481 0.0000 0.7616 0.0000	</row0>
					<row1>	0.0000 1.0000 0.0000 0.0000	</row1>
					<row2>	-0.7616 0.0000 -0.6481 0.0000	</row2>
					<row3>	-0.1594 0.7860 -2.9011 1.0000	</row3>
				</transform>
			</node>
			<node>
				<identifier>	MP_BM614_Switch_box	</identifier>
				<transform>
					<row0>	0.0000 0.0000 1.0000 0.0000	</row0>
					<row1>	0.0000 1.0000 0.0000 0.0000	</row1>
					<row2>	-1.0000 0.0000 0.0000 0.0000	</row2>
					<row3>	0.2370 0.7851 -2.7298 1.0000	</row3>
				</transform>
			</node>
			<node>
				<identifier>	MP_BM614_Switch_box_INDEX_1	</identifier>
				<transform>
					<row0>	0.0000 0.0000 -1.0000 0.0000	</row0>
					<row1>	0.0000 1.0000 0.0000 0.0000	</row1>
					<row2>	1.0000 0.0000 0.0000 0.0000	</row2>
					<row3>	-0.2370 0.7851 -2.7298 1.0000	</row3>
				</transform>
			</node>
			<node>
				<identifier>	MP_BM615_Director_Station	</identifier>
				<transform>
					<row0>	-0.8153 0.0000 0.5790 0.0000	</row0>
					<row1>	0.0000 1.0000 0.0000 0.0000	</row1>
					<row2>	-0.5790 0.0000 -0.8153 0.0000	</row2>
					<row3>	-0.0757 0.9714 -2.4822 1.0000	</row3>
				</transform>
			</node>
			<node>
				<identifier>	MP_BM625_Telephone	</identifier>
				<transform>
					<row0>	0.0000 0.0000 -1.0000 0.0000	</row0>
					<row1>	0.0000 1.0000 0.0000 0.0000	</row1>
					<row2>	1.0000 0.0000 0.0000 0.0000	</row2>
					<row3>	-0.1390 0.6824 -0.4656 1.0000	</row3>
				</transform>
			</node>
			<node>
				<identifier>	MP_BM625_Telephone_INDEX_1	</identifier>
				<transform>
					<row0>	0.0000 0.0000 -1.0000 0.0000	</row0>
					<row1>	0.0000 1.0000 0.0000 0.0000	</row1>
					<row2>	1.0000 0.0000 0.0000 0.0000	</row2>
					<row3>	0.2367 0.7832 -2.5731 1.0000	</row3>
				</transform>
			</node>
			<node>
				<identifier>	MP_BM625_Telephone_INDEX_10	</identifier>
				<transform>
					<row0>	-0.6604 0.0000 0.7510 0.0000	</row0>
					<row1>	0.0000 1.0000 0.0000 0.0000	</row1>
					<row2>	-0.7510 0.0000 -0.6604 0.0000	</row2>
					<row3>	0.2155 0.4543 -0.0385 1.0000	</row3>
				</transform>
			</node>
			<node>
				<identifier>	MP_BM625_Telephone_INDEX_11	</identifier>
				<transform>
					<row0>	0.0000 0.0000 1.0000 0.0000	</row0>
					<row1>	0.0000 1.0000 0.0000 0.0000	</row1>
					<row2>	-1.0000 0.0000 0.0000 0.0000	</row2>
					<row3>	0.2642 0.4644 -1.0562 1.0000	</row3>
				</transform>
			</node>
			<node>
				<identifier>	MP_BM625_Telephone_INDEX_12	</identifier>
				<transform>
					<row0>	0.0000 0.0000 -1.0000 0.0000	</row0>
					<row1>	0.0000 1.0000 0.0000 0.0000	</row1>
					<row2>	1.0000 0.0000 0.0000 0.0000	</row2>
					<row3>	0.1219 0.9414 -2.4434 1.0000	</row3>
				</transform>
			</node>
			<node>
				<identifier>	MP_BM625_Telephone_INDEX_13	</identifier>
				<transform>
					<row0>	0.0000 0.0000 1.0000 0.0000	</row0>
					<row1>	0.0000 1.0000 0.0000 0.0000	</row1>
					<row2>	-1.0000 0.0000 0.0000 0.0000	</row2>
					<row3>	-0.1219 0.9404 -2.4445 1.0000	</row3>
				</transform>
			</node>
			<node>
				<identifier>	MP_BM625_Telephone_INDEX_2	</identifier>
				<transform>
					<row0>	0.0000 0.0000 1.0000 0.0000	</row0>
					<row1>	0.0000 1.0000 0.0000 0.0000	</row1>
					<row2>	-1.0000 0.0000 0.0000 0.0000	</row2>
					<row3>	0.1390 0.6828 -0.4653 1.0000	</row3>
				</transform>
			</node>
			<node>
				<identifier>	MP_BM625_Telephone_INDEX_3	</identifier>
				<transform>
					<row0>	-0.6606 0.0000 0.7507 0.0000	</row0>
					<row1>	0.0000 1.0000 0.0000 0.0000	</row1>
					<row2>	-0.7507 0.0000 -0.6606 0.0000	</row2>
					<row3>	0.1138 0.6514 -1.2184 1.0000	</row3>
				</transform>
			</node>
			<node>
				<identifier>	MP_BM625_Telephone_INDEX_4	</identifier>
				<transform>
					<row0>	0.0000 0.0000 -1.0000 0.0000	</row0>
					<row1>	0.0000 1.0000 0.0000 0.0000	</row1>
					<row2>	1.0000 0.0000 0.0000 0.0000	</row2>
					<row3>	-0.2224 0.4551 -0.0841 1.0000	</row3>
				</transform>
			</node>
			<node>
				<identifier>	MP_BM625_Telephone_INDEX_5	</identifier>
				<transform>
					<row0>	0.0000 0.0000 1.0000 0.0000	</row0>
					<row1>	0.0000 1.0000 0.0000 0.0000	</row1>
					<row2>	-1.0000 0.0000 0.0000 0.0000	</row2>
					<row3>	-0.2367 0.7831 -2.5747 1.0000	</row3>
				</transform>
			</node>
			<node>
				<identifier>	MP_BM625_Telephone_INDEX_6	</identifier>
				<transform>
					<row0>	-0.8708 0.0000 -0.4916 0.0000	</row0>
					<row1>	0.0000 1.0000 0.0000 0.0000	</row1>
					<row2>	0.4916 0.0000 -0.8708 0.0000	</row2>
					<row3>	0.0632 0.8125 -2.9989 1.0000	</row3>
				</transform>
			</node>
			<node>
				<identifier>	MP_BM625_Telephone_INDEX_7	</identifier>
				<transform>
					<row0>	-0.6606 0.0000 -0.7507 0.0000	</row0>
					<row1>	0.0000 1.0000 0.0000 0.0000	</row1>
					<row2>	0.7507 0.0000 -0.6606 0.0000	</row2>
					<row3>	-0.1129 0.6508 -1.2172 1.0000	</row3>
				</transform>
			</node>
			<node>
				<identifier>	MP_BM625_Telephone_INDEX_8	</identifier>
				<transform>
					<row0>	0.0000 0.0000 -1.0000 0.0000	</row0>
					<row1>	0.0000 1.0000 0.0000 0.0000	</row1>
					<row2>	1.0000 0.0000 0.0000 0.0000	</row2>
					<row3>	-0.2642 0.4648 -1.0564 1.0000	</row3>
				</transform>
			</node>
			<node>
				<identifier>	MP_BM625_Telephone_INDEX_9	</identifier>
				<transform>
					<row0>	-0.8708 0.0000 -0.4916 0.0000	</row0>
					<row1>	0.0000 1.0000 0.0000 0.0000	</row1>
					<row2>	0.4916 0.0000 -0.8708 0.0000	</row2>
					<row3>	0.0766 0.8124 -2.9912 1.0000	</row3>
				</transform>
			</node>
			<node>
				<identifier>	MP_BM626_Sky_Lookout_type274	</identifier>
				<transform>
					<row0>	0.0000 0.0000 1.0000 0.0000	</row0>
					<row1>	0.0000 1.0000 0.0000 0.0000	</row1>
					<row2>	-1.0000 0.0000 0.0000 0.0000	</row2>
					<row3>	-0.1450 0.7407 -2.6125 1.0000	</row3>
				</transform>
			</node>
			<node>
				<identifier>	MP_BM626_Sky_Lookout_type274_INDEX_1	</identifier>
				<transform>
					<row0>	0.0000 0.0000 -1.0000 0.0000	</row0>
					<row1>	0.0000 1.0000 0.0000 0.0000	</row1>
					<row2>	1.0000 0.0000 0.0000 0.0000	</row2>
					<row3>	0.1450 0.7407 -2.6125 1.0000	</row3>
				</transform>
			</node>
			<node>
				<identifier>	MP_BM700_Locker	</identifier>
				<transform>
					<row0>	0.5483 0.0000 -0.4650 0.0000	</row0>
					<row1>	0.0000 1.0000 0.0000 0.0000	</row1>
					<row2>	0.6281 0.0000 0.7406 0.0000	</row2>
					<row3>	-0.3498 0.2181 -2.0328 1.0000	</row3>
				</transform>
			</node>
			<node>
				<identifier>	MP_BM700_Locker_INDEX_1	</identifier>
				<transform>
					<row0>	0.5483 0.0000 0.4650 0.0000	</row0>
					<row1>	0.0000 1.0000 0.0000 0.0000	</row1>
					<row2>	-0.6281 0.0000 0.7406 0.0000	</row2>
					<row3>	0.3517 0.2181 -2.0122 1.0000	</row3>
				</transform>
			</node>
			<node>
				<identifier>	MP_BM700_Locker_INDEX_10	</identifier>
				<transform>
					<row0>	0.0000 0.0000 0.7190 0.0000	</row0>
					<row1>	0.0000 1.0000 0.0000 0.0000	</row1>
					<row2>	-0.8396 0.0000 0.0000 0.0000	</row2>
					<row3>	0.2114 0.5790 -1.2740 1.0000	</row3>
				</transform>
			</node>
			<node>
				<identifier>	MP_BM700_Locker_INDEX_2	</identifier>
				<transform>
					<row0>	0.0000 0.0000 0.7190 0.0000	</row0>
					<row1>	0.0000 1.0000 0.0000 0.0000	</row1>
					<row2>	-0.9711 0.0000 0.0000 0.0000	</row2>
					<row3>	-0.1139 0.3849 -1.7607 1.0000	</row3>
				</transform>
			</node>
			<node>
				<identifier>	MP_BM700_Locker_INDEX_3	</identifier>
				<transform>
					<row0>	0.5812 0.0000 0.4232 0.0000	</row0>
					<row1>	0.0000 1.2000 0.0000 0.0000	</row1>
					<row2>	-0.5717 0.0000 0.7850 0.0000	</row2>
					<row3>	0.3758 0.6141 -0.0865 1.0000	</row3>
				</transform>
			</node>
			<node>
				<identifier>	MP_BM700_Locker_INDEX_4	</identifier>
				<transform>
					<row0>	0.7190 0.0000 0.0000 0.0000	</row0>
					<row1>	0.0000 1.0000 0.0000 0.0000	</row1>
					<row2>	0.0000 0.0000 0.9711 0.0000	</row2>
					<row3>	-0.4468 0.5788 -0.8824 1.0000	</row3>
				</transform>
			</node>
			<node>
				<identifier>	MP_BM700_Locker_INDEX_5	</identifier>
				<transform>
					<row0>	0.7190 0.0000 0.0000 0.0000	</row0>
					<row1>	0.0000 1.0000 0.0000 0.0000	</row1>
					<row2>	0.0000 0.0000 0.9711 0.0000	</row2>
					<row3>	0.3274 0.5528 -1.4788 1.0000	</row3>
				</transform>
			</node>
			<node>
				<identifier>	MP_BM700_Locker_INDEX_6	</identifier>
				<transform>
					<row0>	0.0000 0.0000 -0.7190 0.0000	</row0>
					<row1>	0.0000 1.0000 0.0000 0.0000	</row1>
					<row2>	0.8396 0.0000 0.0000 0.0000	</row2>
					<row3>	-0.2114 0.5790 -1.2740 1.0000	</row3>
				</transform>
			</node>
			<node>
				<identifier>	MP_BM700_Locker_INDEX_7	</identifier>
				<transform>
					<row0>	0.7190 0.0000 0.0000 0.0000	</row0>
					<row1>	0.0000 1.0000 0.0000 0.0000	</row1>
					<row2>	0.0000 0.0000 0.9711 0.0000	</row2>
					<row3>	-0.3274 0.5528 -1.4788 1.0000	</row3>
				</transform>
			</node>
			<node>
				<identifier>	MP_BM700_Locker_INDEX_8	</identifier>
				<transform>
					<row0>	0.7190 0.0000 0.0000 0.0000	</row0>
					<row1>	0.0000 1.0000 0.0000 0.0000	</row1>
					<row2>	0.0000 0.0000 0.9711 0.0000	</row2>
					<row3>	0.2333 0.2181 -1.5801 1.0000	</row3>
				</transform>
			</node>
			<node>
				<identifier>	MP_BM700_Locker_INDEX_9	</identifier>
				<transform>
					<row0>	0.7190 0.0000 0.0000 0.0000	</row0>
					<row1>	0.0000 1.0000 0.0000 0.0000	</row1>
					<row2>	0.0000 0.0000 0.9711 0.0000	</row2>
					<row3>	0.4468 0.5788 -0.8824 1.0000	</row3>
				</transform>
			</node>
			<node>
				<identifier>	MP_BM701_Locker	</identifier>
				<transform>
					<row0>	0.0000 0.0000 1.0000 0.0000	</row0>
					<row1>	0.0000 0.9300 0.0000 0.0000	</row1>
					<row2>	-1.0000 0.0000 0.0000 0.0000	</row2>
					<row3>	-0.3104 0.2160 -0.8036 1.0000	</row3>
				</transform>
			</node>
			<node>
				<identifier>	MP_BM701_Locker_INDEX_1	</identifier>
				<transform>
					<row0>	-1.0000 0.0000 0.0000 0.0000	</row0>
					<row1>	0.0000 0.9300 0.0000 0.0000	</row1>
					<row2>	0.0000 0.0000 -1.0000 0.0000	</row2>
					<row3>	0.5564 0.3823 -0.6628 1.0000	</row3>
				</transform>
			</node>
			<node>
				<identifier>	MP_BM701_Locker_INDEX_2	</identifier>
				<transform>
					<row0>	1.0000 0.0000 0.0000 0.0000	</row0>
					<row1>	0.0000 0.9300 0.0000 0.0000	</row1>
					<row2>	0.0000 0.0000 1.0000 0.0000	</row2>
					<row3>	-0.5485 0.3823 -0.2457 1.0000	</row3>
				</transform>
			</node>
			<node>
				<identifier>	MP_BM701_Locker_INDEX_3	</identifier>
				<transform>
					<row0>	-1.0000 0.0000 0.0000 0.0000	</row0>
					<row1>	0.0000 0.9300 0.0000 0.0000	</row1>
					<row2>	0.0000 0.0000 -1.0000 0.0000	</row2>
					<row3>	-0.5564 0.3823 -0.6628 1.0000	</row3>
				</transform>
			</node>
			<node>
				<identifier>	MP_BM701_Locker_INDEX_4	</identifier>
				<transform>
					<row0>	1.0000 0.0000 0.0000 0.0000	</row0>
					<row1>	0.0000 0.9300 0.0000 0.0000	</row1>
					<row2>	0.0000 0.0000 1.0000 0.0000	</row2>
					<row3>	0.5186 0.3823 -0.3609 1.0000	</row3>
				</transform>
			</node>
			<node>
				<identifier>	MP_BM701_Locker_INDEX_5	</identifier>
				<transform>
					<row0>	0.0000 0.0000 -1.0000 0.0000	</row0>
					<row1>	0.0000 0.9300 0.0000 0.0000	</row1>
					<row2>	1.0000 0.0000 0.0000 0.0000	</row2>
					<row3>	0.3104 0.2160 -0.8036 1.0000	</row3>
				</transform>
			</node>
			<node>
				<identifier>	MP_BM704_Locker	</identifier>
				<transform>
					<row0>	0.0000 0.0000 1.4900 0.0000	</row0>
					<row1>	0.0000 1.2330 0.0000 0.0000	</row1>
					<row2>	-1.2330 0.0000 0.0000 0.0000	</row2>
					<row3>	0.1901 0.2184 -1.5658 1.0000	</row3>
				</transform>
			</node>
			<node>
				<identifier>	MP_BM704_Locker_INDEX_1	</identifier>
				<transform>
					<row0>	0.6488 0.0000 -0.7610 0.0000	</row0>
					<row1>	0.0000 1.0000 0.0000 0.0000	</row1>
					<row2>	0.7610 0.0000 0.6488 0.0000	</row2>
					<row3>	-0.1651 0.5643 -2.9231 1.0000	</row3>
				</transform>
			</node>
			<node>
				<identifier>	MP_BM704_Locker_INDEX_2	</identifier>
				<transform>
					<row0>	0.6488 0.0000 0.7610 0.0000	</row0>
					<row1>	0.0000 1.0000 0.0000 0.0000	</row1>
					<row2>	-0.7610 0.0000 0.6488 0.0000	</row2>
					<row3>	0.1830 0.5643 -2.9020 1.0000	</row3>
				</transform>
			</node>
			<node>
				<identifier>	MP_BM704_Locker_INDEX_3	</identifier>
				<transform>
					<row0>	0.6488 0.0000 -0.7610 0.0000	</row0>
					<row1>	0.0000 1.0000 0.0000 0.0000	</row1>
					<row2>	0.7610 0.0000 0.6488 0.0000	</row2>
					<row3>	-0.1952 0.5643 -2.8878 1.0000	</row3>
				</transform>
			</node>
			<node>
				<identifier>	MP_BM704_Locker_INDEX_4	</identifier>
				<transform>
					<row0>	0.6488 0.0000 0.7610 0.0000	</row0>
					<row1>	0.0000 1.0000 0.0000 0.0000	</row1>
					<row2>	-0.7610 0.0000 0.6488 0.0000	</row2>
					<row3>	0.1529 0.5643 -2.9373 1.0000	</row3>
				</transform>
			</node>
			<node>
				<identifier>	MP_BM704_Locker_INDEX_5	</identifier>
				<transform>
					<row0>	0.0000 0.0000 -1.4900 0.0000	</row0>
					<row1>	0.0000 1.2330 0.0000 0.0000	</row1>
					<row2>	1.2330 0.0000 0.0000 0.0000	</row2>
					<row3>	-0.1901 0.2184 -1.5658 1.0000	</row3>
				</transform>
			</node>
			<node>
				<identifier>	MP_BM707_Locker	</identifier>
				<transform>
					<row0>	-0.6818 0.0000 -0.4839 0.0000	</row0>
					<row1>	0.0000 1.0000 0.0000 0.0000	</row1>
					<row2>	0.5787 0.0000 -0.8155 0.0000	</row2>
					<row3>	-0.1106 0.7407 -2.3608 1.0000	</row3>
				</transform>
			</node>
			<node>
				<identifier>	MP_BM707_Locker_INDEX_1	</identifier>
				<transform>
					<row0>	0.0000 0.0000 1.0000 0.0000	</row0>
					<row1>	0.0000 1.0000 0.0000 0.0000	</row1>
					<row2>	-1.0000 0.0000 0.0000 0.0000	</row2>
					<row3>	0.2831 0.3835 -1.1688 1.0000	</row3>
				</transform>
			</node>
			<node>
				<identifier>	MP_BM707_Locker_INDEX_10	</identifier>
				<transform>
					<row0>	-0.6538 0.0000 -0.7567 0.0000	</row0>
					<row1>	0.0000 1.0000 0.0000 0.0000	</row1>
					<row2>	0.7567 0.0000 -0.6538 0.0000	</row2>
					<row3>	-0.4089 0.2164 -2.1169 1.0000	</row3>
				</transform>
			</node>
			<node>
				<identifier>	MP_BM707_Locker_INDEX_11	</identifier>
				<transform>
					<row0>	1.0000 0.0000 0.0000 0.0000	</row0>
					<row1>	0.0000 1.0000 0.0000 0.0000	</row1>
					<row2>	0.0000 0.0000 1.0000 0.0000	</row2>
					<row3>	0.1173 0.3830 -1.7632 1.0000	</row3>
				</transform>
			</node>
			<node>
				<identifier>	MP_BM707_Locker_INDEX_12	</identifier>
				<transform>
					<row0>	0.0000 0.0000 0.8360 0.0000	</row0>
					<row1>	0.0000 1.0000 0.0000 0.0000	</row1>
					<row2>	-1.0000 0.0000 0.0000 0.0000	</row2>
					<row3>	0.1419 0.7940 -2.4208 1.0000	</row3>
				</transform>
			</node>
			<node>
				<identifier>	MP_BM707_Locker_INDEX_13	</identifier>
				<transform>
					<row0>	0.0000 0.0000 0.8360 0.0000	</row0>
					<row1>	0.0000 1.0000 0.0000 0.0000	</row1>
					<row2>	-1.0000 0.0000 0.0000 0.0000	</row2>
					<row3>	0.1419 0.7407 -2.4208 1.0000	</row3>
				</transform>
			</node>
			<node>
				<identifier>	MP_BM707_Locker_INDEX_14	</identifier>
				<transform>
					<row0>	0.0000 0.0000 -1.0000 0.0000	</row0>
					<row1>	0.0000 1.0000 0.0000 0.0000	</row1>
					<row2>	1.0000 0.0000 0.0000 0.0000	</row2>
					<row3>	-0.2838 0.3835 -1.1688 1.0000	</row3>
				</transform>
			</node>
			<node>
				<identifier>	MP_BM707_Locker_INDEX_2	</identifier>
				<transform>
					<row0>	-0.6818 0.0000 -0.4839 0.0000	</row0>
					<row1>	0.0000 1.0000 0.0000 0.0000	</row1>
					<row2>	0.5787 0.0000 -0.8155 0.0000	</row2>
					<row3>	-0.1107 0.7940 -2.3608 1.0000	</row3>
				</transform>
			</node>
			<node>
				<identifier>	MP_BM707_Locker_INDEX_3	</identifier>
				<transform>
					<row0>	-1.4145 0.0000 0.0000 0.0000	</row0>
					<row1>	0.0000 1.4145 0.0000 0.0000	</row1>
					<row2>	0.0000 0.0000 -1.4145 0.0000	</row2>
					<row3>	-0.4228 0.3835 0.2115 1.0000	</row3>
				</transform>
			</node>
			<node>
				<identifier>	MP_BM707_Locker_INDEX_4	</identifier>
				<transform>
					<row0>	-1.0000 0.0000 0.0000 0.0000	</row0>
					<row1>	0.0000 1.0000 0.0000 0.0000	</row1>
					<row2>	0.0000 0.0000 -1.0000 0.0000	</row2>
					<row3>	0.3755 0.3835 -1.3865 1.0000	</row3>
				</transform>
			</node>
			<node>
				<identifier>	MP_BM707_Locker_INDEX_5	</identifier>
				<transform>
					<row0>	-0.0426 0.0000 0.9991 0.0000	</row0>
					<row1>	0.0000 1.0000 0.0000 0.0000	</row1>
					<row2>	-0.9991 0.0000 -0.0426 0.0000	</row2>
					<row3>	-0.4031 0.5633 -2.4933 1.0000	</row3>
				</transform>
			</node>
			<node>
				<identifier>	MP_BM707_Locker_INDEX_6	</identifier>
				<transform>
					<row0>	-1.4145 0.0000 0.0000 0.0000	</row0>
					<row1>	0.0000 1.4145 0.0000 0.0000	</row1>
