<BSC024_Drake_1944_Bow_ports.visual>
	<node>
		<identifier>	Scene Root	</identifier>
		<transform>
			<row0>	1.0000 0.0000 0.0000 0.0000	</row0>
			<row1>	0.0000 1.0000 0.0000 0.0000	</row1>
			<row2>	0.0000 0.0000 1.0000 0.0000	</row2>
			<row3>	0.0000 0.0000 0.0000 1.0000	</row3>
		</transform>
		<node>
			<identifier>	Bow_ports	</identifier>
			<transform>
				<row0>	1.0000 0.0000 0.0000 0.0000	</row0>
				<row1>	0.0000 1.0000 0.0000 0.0000	</row1>
				<row2>	0.0000 0.0000 1.0000 0.0000	</row2>
				<row3>	0.0000 0.0000 0.0000 1.0000	</row3>
			</transform>
			<node>
				<identifier>	HP_BGM_1	</identifier>
				<transform>
					<row0>	1.0000 0.0000 0.0000 0.0000	</row0>
					<row1>	0.0000 1.0000 0.0000 0.0000	</row1>
					<row2>	0.0000 0.0000 1.0000 0.0000	</row2>
					<row3>	0.0000 0.4885 3.9043 1.0000	</row3>
				</transform>
			</node>
			<node>
				<identifier>	HP_FX_Death_1	</identifier>
				<transform>
					<row0>	1.0000 0.0000 0.0000 0.0000	</row0>
					<row1>	0.0000 1.0000 0.0000 0.0000	</row1>
					<row2>	0.0000 0.0000 1.0000 0.0000	</row2>
					<row3>	0.0000 0.0000 4.2991 1.0000	</row3>
				</transform>
			</node>
			<node>
				<identifier>	HP_FX_Fire_1	</identifier>
				<transform>
					<row0>	1.0000 0.0000 0.0000 0.0000	</row0>
					<row1>	0.0000 1.0000 0.0000 0.0000	</row1>
					<row2>	0.0000 0.0000 1.0000 0.0000	</row2>
					<row3>	0.0000 0.4999 5.6594 1.0000	</row3>
				</transform>
			</node>
			<node>
				<identifier>	HP_FX_Flood_water_left_4	</identifier>
				<transform>
					<row0>	-0.9948 0.0000 0.1020 0.0000	</row0>
					<row1>	0.0000 1.0000 0.0000 0.0000	</row1>
					<row2>	-0.1020 0.0000 -0.9948 0.0000	</row2>
					<row3>	-0.6123 0.0551 3.5681 1.0000	</row3>
				</transform>
			</node>
			<node>
				<identifier>	HP_FX_Flood_water_right_4	</identifier>
				<transform>
					<row0>	0.9948 0.0000 0.1021 0.0000	</row0>
					<row1>	0.0000 1.0000 0.0000 0.0000	</row1>
					<row2>	-0.1021 0.0000 0.9948 0.0000	</row2>
					<row3>	0.6121 0.0544 3.5680 1.0000	</row3>
				</transform>
			</node>
			<node>
				<identifier>	HP_FX_WakeTrace	</identifier>
				<transform>
					<row0>	1.0000 0.0000 0.0000 0.0000	</row0>
					<row1>	0.0000 1.0000 0.0000 0.0000	</row1>
					<row2>	0.0000 0.0000 1.0000 0.0000	</row2>
					<row3>	0.0000 0.0000 7.1194 1.0000	</row3>
				</transform>
			</node>
			<node>
				<identifier>	HP_Ship_death_1	</identifier>
				<transform>
					<row0>	1.0000 0.0000 0.0000 0.0000	</row0>
					<row1>	0.0000 1.0000 0.0000 0.0000	</row1>
					<row2>	0.0000 0.0000 1.0000 0.0000	</row2>
					<row3>	0.0000 0.0000 3.3307 1.0000	</row3>
				</transform>
			</node>
			<node>
				<identifier>	MP_BM019_Reels_1	</identifier>
				<transform>
					<row0>	0.6371 0.0000 -0.7708 0.0000	</row0>
					<row1>	0.0000 1.0000 0.0000 0.0000	</row1>
					<row2>	0.7708 0.0000 0.6371 0.0000	</row2>
					<row3>	0.2691 0.4541 4.8745 1.0000	</row3>
				</transform>
			</node>
			<node>
				<identifier>	MP_BM019_Reels_1_INDEX_1	</identifier>
				<transform>
					<row0>	0.6371 0.0000 0.7708 0.0000	</row0>
					<row1>	0.0000 1.0000 0.0000 0.0000	</row1>
					<row2>	-0.7708 0.0000 0.6371 0.0000	</row2>
					<row3>	-0.2678 0.4541 4.8759 1.0000	</row3>
				</transform>
			</node>
			<node>
				<identifier>	MP_BM019_Reels_1_INDEX_2	</identifier>
				<transform>
					<row0>	1.0000 0.0000 0.0000 0.0000	</row0>
					<row1>	0.0000 1.0000 0.0000 0.0000	</row1>
					<row2>	0.0000 0.0000 1.0000 0.0000	</row2>
					<row3>	0.0607 0.4567 5.0526 1.0000	</row3>
				</transform>
			</node>
			<node>
				<identifier>	MP_BM609_Speaker	</identifier>
				<transform>
					<row0>	0.0000 0.0000 -1.0000 0.0000	</row0>
					<row1>	0.0000 1.0000 0.0000 0.0000	</row1>
					<row2>	1.0000 0.0000 0.0000 0.0000	</row2>
					<row3>	0.0000 0.5096 5.1123 1.0000	</row3>
				</transform>
			</node>
			<node>
				<identifier>	MP_BM609_Speaker_INDEX_1	</identifier>
				<transform>
					<row0>	0.0000 0.0000 1.0000 0.0000	</row0>
					<row1>	0.0000 1.0000 0.0000 0.0000	</row1>
					<row2>	-1.0000 0.0000 0.0000 0.0000	</row2>
					<row3>	0.0000 0.5096 5.1123 1.0000	</row3>
				</transform>
			</node>
			<node>
				<identifier>	MP_BM611_Telephone	</identifier>
				<transform>
					<row0>	1.0000 0.0000 0.0000 0.0000	</row0>
					<row1>	0.0000 1.0000 0.0000 0.0000	</row1>
					<row2>	0.0000 0.0000 1.0000 0.0000	</row2>
					<row3>	-0.0952 0.5233 5.0911 1.0000	</row3>
				</transform>
			</node>
			<node>
				<identifier>	MP_BM752_Deck_Hatch	</identifier>
				<transform>
					<row0>	-1.0000 0.0000 0.0000 0.0000	</row0>
					<row1>	0.0000 1.0000 0.0000 0.0000	</row1>
					<row2>	0.0000 0.0000 -1.0000 0.0000	</row2>
					<row3>	-0.2106 0.4510 3.4010 1.0000	</row3>
				</transform>
			</node>
			<node>
				<identifier>	MP_BM752_Deck_Hatch_INDEX_1	</identifier>
				<transform>
					<row0>	-1.0000 0.0000 0.0000 0.0000	</row0>
					<row1>	0.0000 1.0000 0.0000 0.0000	</row1>
					<row2>	0.0000 0.0000 -1.0000 0.0000	</row2>
					<row3>	-0.4072 0.4523 4.1481 1.0000	</row3>
				</transform>
			</node>
			<node>
				<identifier>	MP_BM752_Deck_Hatch_INDEX_2	</identifier>
				<transform>
					<row0>	-1.0000 0.0000 0.0000 0.0000	</row0>
					<row1>	0.0000 1.0000 0.0000 0.0000	</row1>
					<row2>	0.0000 0.0000 -1.0000 0.0000	</row2>
					<row3>	0.4075 0.4523 3.9848 1.0000	</row3>
				</transform>
			</node>
			<node>
				<identifier>	MP_BM752_Deck_Hatch_INDEX_3	</identifier>
				<transform>
					<row0>	-1.0000 0.0000 0.0000 0.0000	</row0>
					<row1>	0.0000 1.0000 0.0000 0.0000	</row1>
					<row2>	0.0000 0.0000 -1.0000 0.0000	</row2>
					<row3>	0.2106 0.4510 3.4010 1.0000	</row3>
				</transform>
			</node>
			<node>
				<identifier>	MP_BM752_Deck_Hatch_INDEX_4	</identifier>
				<transform>
					<row0>	-1.0000 0.0000 0.0000 0.0000	</row0>
					<row1>	0.0000 1.0000 0.0000 0.0000	</row1>
					<row2>	0.0000 0.0000 -1.0000 0.0000	</row2>
					<row3>	-0.0435 0.4617 5.0416 1.0000	</row3>
				</transform>
			</node>
			<node>
				<identifier>	MP_BM752_Deck_Hatch_INDEX_5	</identifier>
				<transform>
					<row0>	-1.0000 0.0000 0.0000 0.0000	</row0>
					<row1>	0.0000 1.0000 0.0000 0.0000	</row1>
					<row2>	0.0000 0.0000 -1.0000 0.0000	</row2>
					<row3>	-0.0314 0.4657 5.1922 1.0000	</row3>
				</transform>
			</node>
			<node>
				<identifier>	MP_BM757_Hatch	</identifier>
				<transform>
					<row0>	1.0000 0.0000 0.0000 0.0000	</row0>
					<row1>	0.0000 1.0000 0.0000 0.0000	</row1>
					<row2>	0.0000 0.0000 1.0000 0.0000	</row2>
					<row3>	0.0521 0.4530 4.7568 1.0000	</row3>
				</transform>
			</node>
			<node>
				<identifier>	MP_BM801_Ventilators_mushroom	</identifier>
				<transform>
					<row0>	0.0000 0.0000 1.0000 0.0000	</row0>
					<row1>	0.0000 1.0000 0.0000 0.0000	</row1>
					<row2>	-1.0000 0.0000 0.0000 0.0000	</row2>
					<row3>	0.3451 0.4524 4.7852 1.0000	</row3>
				</transform>
			</node>
			<node>
				<identifier>	MP_BM801_Ventilators_mushroom_INDEX_1	</identifier>
				<transform>
					<row0>	-1.0000 0.0000 0.0000 0.0000	</row0>
					<row1>	0.0000 1.0000 0.0000 0.0000	</row1>
					<row2>	0.0000 0.0000 -1.0000 0.0000	</row2>
					<row3>	0.1564 0.4524 5.0147 1.0000	</row3>
				</transform>
			</node>
			<node>
				<identifier>	MP_BM801_Ventilators_mushroom_INDEX_2	</identifier>
				<transform>
					<row0>	-1.0000 0.0000 0.0000 0.0000	</row0>
					<row1>	0.0000 1.0000 0.0000 0.0000	</row1>
					<row2>	0.0000 0.0000 -1.0000 0.0000	</row2>
					<row3>	-0.3451 0.4524 4.7852 1.0000	</row3>
				</transform>
			</node>
			<node>
				<identifier>	MP_BM801_Ventilators_mushroom_INDEX_3	</identifier>
				<transform>
					<row0>	-1.0000 0.0000 0.0000 0.0000	</row0>
					<row1>	0.0000 1.0000 0.0000 0.0000	</row1>
					<row2>	0.0000 0.0000 -1.0000 0.0000	</row2>
					<row3>	-0.1913 0.4524 4.9795 1.0000	</row3>
				</transform>
			</node>
			<node>
				<identifier>	MP_BM801_Ventilators_mushroom_INDEX_4	</identifier>
				<transform>
					<row0>	-1.0000 0.0000 0.0000 0.0000	</row0>
					<row1>	0.0000 1.0000 0.0000 0.0000	</row1>
					<row2>	0.0000 0.0000 -1.0000 0.0000	</row2>
					<row3>	-0.2930 0.4458 3.3887 1.0000	</row3>
				</transform>
			</node>
			<node>
				<identifier>	MP_BM801_Ventilators_mushroom_INDEX_5	</identifier>
				<transform>
					<row0>	-1.0000 0.0000 0.0000 0.0000	</row0>
					<row1>	0.0000 1.0000 0.0000 0.0000	</row1>
					<row2>	0.0000 0.0000 -1.0000 0.0000	</row2>
					<row3>	0.2930 0.4458 3.3887 1.0000	</row3>
				</transform>
			</node>
			<node>
				<identifier>	MP_BM858_Signal_Lamp	</identifier>
				<transform>
					<row0>	1.0000 0.0000 0.0000 0.0000	</row0>
					<row1>	0.0000 1.0000 0.0000 0.0000	</row1>
					<row2>	0.0000 0.0000 1.0000 0.0000	</row2>
					<row3>	0.0166 0.9883 7.1892 1.0000	</row3>
				</transform>
			</node>
			<node>
				<identifier>	MP_BM952_Bollard	</identifier>
				<transform>
					<row0>	0.9964 0.0000 -0.0850 0.0000	</row0>
					<row1>	0.0000 1.0000 0.0000 0.0000	</row1>
					<row2>	0.0850 0.0000 0.9964 0.0000	</row2>
					<row3>	-0.6666 0.4539 4.0200 1.0000	</row3>
				</transform>
			</node>
			<node>
				<identifier>	MP_BM952_Bollard_INDEX_1	</identifier>
				<transform>
					<row0>	0.9697 -0.0149 -0.2437 0.0000	</row0>
					<row1>	0.0000 0.9981 -0.0611 0.0000	</row1>
					<row2>	0.2442 0.0592 0.9679 0.0000	</row2>
					<row3>	-0.3320 0.5079 6.1276 1.0000	</row3>
				</transform>
			</node>
			<node>
				<identifier>	MP_BM952_Bollard_INDEX_2	</identifier>
				<transform>
					<row0>	0.9697 0.0149 0.2437 0.0000	</row0>
					<row1>	0.0000 0.9981 -0.0611 0.0000	</row1>
					<row2>	-0.2442 0.0592 0.9679 0.0000	</row2>
					<row3>	0.3320 0.5079 6.1276 1.0000	</row3>
				</transform>
			</node>
			<node>
				<identifier>	MP_BM952_Bollard_INDEX_3	</identifier>
				<transform>
					<row0>	0.9964 0.0000 0.0850 0.0000	</row0>
					<row1>	0.0000 1.0000 0.0000 0.0000	</row1>
					<row2>	-0.0850 0.0000 0.9964 0.0000	</row2>
					<row3>	0.6666 0.4539 4.0200 1.0000	</row3>
				</transform>
			</node>
			<node>
				<identifier>	MP_BM952_Bollard_INDEX_4	</identifier>
				<transform>
					<row0>	1.0000 0.0000 0.0000 0.0000	</row0>
					<row1>	0.0000 0.9981 -0.0623 0.0000	</row1>
					<row2>	0.0000 0.0623 0.9981 0.0000	</row2>
					<row3>	0.0000 0.5158 6.2606 1.0000	</row3>
				</transform>
			</node>
			<node>
				<identifier>	MP_BM957_Anchor_Capstan_big	</identifier>
				<transform>
					<row0>	1.0000 0.0000 0.0000 0.0000	</row0>
					<row1>	0.0000 1.0000 0.0000 0.0000	</row1>
					<row2>	0.0000 0.0000 1.0000 0.0000	</row2>
					<row3>	0.0000 0.4771 5.6885 1.0000	</row3>
				</transform>
			</node>
			<node>
				<identifier>	MP_BM959_Anchor_WW2_top	</identifier>
				<transform>
					<row0>	0.9148 0.3383 -0.2207 0.0000	</row0>
					<row1>	-0.3946 0.6318 -0.6672 0.0000	</row1>
					<row2>	-0.0863 0.6974 0.7114 0.0000	</row2>
					<row3>	0.1810 0.4193 6.8063 1.0000	</row3>
				</transform>
			</node>
			<node>
				<identifier>	MP_BM959_Anchor_WW2_top_INDEX_1	</identifier>
				<transform>
					<row0>	0.9112 0.3056 -0.2764 0.0000	</row0>
					<row1>	-0.4107 0.6189 -0.6695 0.0000	</row1>
					<row2>	-0.0335 0.7236 0.6894 0.0000	</row2>
					<row3>	0.2761 0.3992 6.5079 1.0000	</row3>
				</transform>
			</node>
			<node>
				<identifier>	MP_BM959_Anchor_WW2_top_INDEX_2	</identifier>
				<transform>
					<row0>	0.9148 -0.3383 0.2207 0.0000	</row0>
					<row1>	0.3946 0.6318 -0.6672 0.0000	</row1>
					<row2>	0.0863 0.6974 0.7114 0.0000	</row2>
					<row3>	-0.1810 0.4193 6.8063 1.0000	</row3>
				</transform>
			</node>
			<node>
				<identifier>	MP_BM960_Anchor_WW2_down	</identifier>
				<transform>
					<row0>	0.9942 0.0145 0.1063 0.0000	</row0>
					<row1>	0.0638 0.7165 -0.6947 0.0000	</row1>
					<row2>	-0.0863 0.6974 0.7114 0.0000	</row2>
					<row3>	0.1810 0.4193 6.8063 1.0000	</row3>
				</transform>
			</node>
			<node>
				<identifier>	MP_BM960_Anchor_WW2_down_INDEX_1	</identifier>
				<transform>
					<row0>	0.9937 -0.0778 0.0804 0.0000	</row0>
					<row1>	0.1119 0.6848 -0.7201 0.0000	</row1>
					<row2>	0.0010 0.7246 0.6892 0.0000	</row2>
					<row3>	0.2760 0.3993 6.5078 1.0000	</row3>
				</transform>
			</node>
			<node>
				<identifier>	MP_BM960_Anchor_WW2_down_INDEX_2	</identifier>
				<transform>
					<row0>	0.9942 -0.0145 -0.1063 0.0000	</row0>
					<row1>	-0.0638 0.7165 -0.6947 0.0000	</row1>
					<row2>	0.0863 0.6974 0.7114 0.0000	</row2>
					<row3>	-0.1810 0.4193 6.8063 1.0000	</row3>
				</transform>
			</node>
			<node>
				<identifier>	MP_BM961_Anchor_Capstan_Cruiser_WW2_Bow	</identifier>
				<transform>
					<row0>	1.0387 0.0000 0.0000 0.0000	</row0>
					<row1>	0.0000 1.0387 0.0000 0.0000	</row1>
					<row2>	0.0000 0.0000 1.0387 0.0000	</row2>
					<row3>	0.1434 0.4984 5.5504 1.0000	</row3>
				</transform>
			</node>
			<node>
				<identifier>	MP_BM961_Anchor_Capstan_Cruiser_WW2_Bow_INDEX_1	</identifier>
				<transform>
					<row0>	1.0387 0.0000 0.0000 0.0000	</row0>
					<row1>	0.0000 1.0387 0.0000 0.0000	</row1>
					<row2>	0.0000 0.0000 1.0387 0.0000	</row2>
					<row3>	-0.1434 0.4984 5.5504 1.0000	</row3>
				</transform>
			</node>
			<node>
				<identifier>	MP_BM961_Anchor_Capstan_Cruiser_WW2_Bow_INDEX_2	</identifier>
				<transform>
					<row0>	1.0387 0.0000 0.0000 0.0000	</row0>
					<row1>	0.0000 1.0387 0.0000 0.0000	</row1>
					<row2>	0.0000 0.0000 1.0387 0.0000	</row2>
					<row3>	0.2538 0.4984 5.5504 1.0000	</row3>
				</transform>
			</node>
			<node>
				<identifier>	MP_BM962_Chain_Fairlead	</identifier>
				<transform>
					<row0>	0.9960 0.0000 -0.0888 0.0000	</row0>
					<row1>	0.0000 1.0000 0.0000 0.0000	</row1>
					<row2>	0.0888 0.0000 0.9960 0.0000	</row2>
					<row3>	-0.0945 0.4907 5.8431 1.0000	</row3>
				</transform>
			</node>
			<node>
				<identifier>	MP_BM962_Chain_Fairlead_INDEX_1	</identifier>
				<transform>
					<row0>	1.0000 0.0000 0.0000 0.0000	</row0>
					<row1>	0.0000 1.0000 0.0000 0.0000	</row1>
					<row2>	0.0000 0.0000 1.0000 0.0000	</row2>
					<row3>	0.2707 0.4907 5.8421 1.0000	</row3>
				</transform>
			</node>
			<node>
				<identifier>	MP_BM962_Chain_Fairlead_INDEX_2	</identifier>
				<transform>
					<row0>	0.9960 0.0000 0.0888 0.0000	</row0>
					<row1>	0.0000 1.0000 0.0000 0.0000	</row1>
					<row2>	-0.0888 0.0000 0.9960 0.0000	</row2>
					<row3>	0.0945 0.4907 5.8431 1.0000	</row3>
				</transform>
			</node>
			<node>
				<identifier>	MP_BM964_3ton_electrik_winch_R	</identifier>
				<transform>
					<row0>	-0.9978 0.0000 -0.0658 0.0000	</row0>
					<row1>	0.0000 1.0000 0.0000 0.0000	</row1>
					<row2>	0.0658 0.0000 -0.9978 0.0000	</row2>
					<row3>	0.5276 0.4460 4.4339 1.0000	</row3>
				</transform>
			</node>
			<node>
				<identifier>	MP_BM965_3ton_electrik_winch_L	</identifier>
				<transform>
					<row0>	-0.9971 0.0000 0.0767 0.0000	</row0>
					<row1>	0.0000 1.0000 0.0000 0.0000	</row1>
					<row2>	-0.0767 0.0000 -0.9971 0.0000	</row2>
					<row3>	-0.5304 0.4456 4.4348 1.0000	</row3>
				</transform>
			</node>
			<node>
				<identifier>	MP_BM965_3ton_electrik_winch_L_INDEX_1	</identifier>
				<transform>
					<row0>	-1.0000 0.0000 0.0000 0.0000	</row0>
					<row1>	0.0000 1.0000 0.0000 0.0000	</row1>
					<row2>	0.0000 0.0000 -1.0000 0.0000	</row2>
					<row3>	0.0000 0.4527 4.9084 1.0000	</row3>
				</transform>
			</node>
			<node>
				<identifier>	MP_BM966_Fairlead	</identifier>
				<transform>
					<row0>	0.9946 0.0000 0.1035 0.0000	</row0>
					<row1>	0.0000 1.0000 0.0000 0.0000	</row1>
					<row2>	-0.1035 0.0000 0.9946 0.0000	</row2>
					<row3>	0.6727 0.4483 4.3941 1.0000	</row3>
				</transform>
			</node>
			<node>
				<identifier>	MP_BM966_Fairlead_INDEX_1	</identifier>
				<transform>
					<row0>	0.9946 0.0000 -0.1035 0.0000	</row0>
					<row1>	0.0000 1.0000 0.0000 0.0000	</row1>
					<row2>	0.1035 0.0000 0.9946 0.0000	</row2>
					<row3>	-0.6727 0.4483 4.3941 1.0000	</row3>
				</transform>
			</node>
			<node>
				<identifier>	MP_CM011_Fire_Fighting_Gear	</identifier>
				<transform>
					<row0>	0.6629 0.0000 -0.7487 0.0000	</row0>
					<row1>	0.0000 1.0000 0.0000 0.0000	</row1>
					<row2>	0.7487 0.0000 0.6629 0.0000	</row2>
					<row3>	0.2064 0.4561 4.9539 1.0000	</row3>
				</transform>
			</node>
			<node>
				<identifier>	MP_CM013_Fire_Hose_Rack_2	</identifier>
				<transform>
					<row0>	0.6774 -0.4662 0.5690 0.0000	</row0>
					<row1>	0.3713 0.8844 0.2826 0.0000	</row1>
					<row2>	-0.6350 0.0198 0.7723 0.0000	</row2>
					<row3>	0.2217 0.4960 5.0026 1.0000	</row3>
				</transform>
			</node>
			<node>
				<identifier>	MP_CM079_Fender	</identifier>
				<transform>
					<row0>	0.6449 0.0094 0.7642 0.0000	</row0>
					<row1>	-0.0013 0.9999 -0.0112 0.0000	</row1>
					<row2>	-0.7643 0.0062 0.6448 0.0000	</row2>
					<row3>	-0.4921 0.4792 4.5749 1.0000	</row3>
				</transform>
			</node>
			<node>
				<identifier>	MP_CM079_Fender_INDEX_1	</identifier>
				<transform>
					<row0>	0.6449 -0.0094 -0.7642 0.0000	</row0>
					<row1>	0.0013 0.9999 -0.0112 0.0000	</row1>
					<row2>	0.7643 0.0062 0.6448 0.0000	</row2>
					<row3>	0.4921 0.4792 4.5749 1.0000	</row3>
				</transform>
			</node>
			<node>
				<identifier>	MP_CM104_Life_Buoy	</identifier>
				<transform>
					<row0>	-0.0511 0.0000 0.9987 0.0000	</row0>
					<row1>	0.0000 1.0000 0.0000 0.0000	</row1>
					<row2>	-0.9987 0.0000 -0.0511 0.0000	</row2>
					<row3>	0.7478 0.5171 3.4924 1.0000	</row3>
				</transform>
			</node>
			<node>
				<identifier>	MP_CM104_Life_Buoy_INDEX_1	</identifier>
				<transform>
					<row0>	-0.1383 0.0000 0.9904 0.0000	</row0>
					<row1>	0.0000 1.0000 0.0000 0.0000	</row1>
					<row2>	-0.9904 0.0000 -0.1383 0.0000	</row2>
					<row3>	0.6120 0.5244 4.9557 1.0000	</row3>
				</transform>
			</node>
			<node>
				<identifier>	MP_CM104_Life_Buoy_INDEX_2	</identifier>
				<transform>
					<row0>	-0.0511 0.0000 -0.9987 0.0000	</row0>
					<row1>	0.0000 1.0000 0.0000 0.0000	</row1>
					<row2>	0.9987 0.0000 -0.0511 0.0000	</row2>
					<row3>	-0.7478 0.5171 3.4924 1.0000	</row3>
				</transform>
			</node>
			<node>
				<identifier>	MP_CM104_Life_Buoy_INDEX_3	</identifier>
				<transform>
					<row0>	-0.1383 0.0000 -0.9904 0.0000	</row0>
					<row1>	0.0000 1.0000 0.0000 0.0000	</row1>
					<row2>	0.9904 0.0000 -0.1383 0.0000	</row2>
					<row3>	-0.6120 0.5244 4.9557 1.0000	</row3>
				</transform>
			</node>
			<node>
				<identifier>	SP_YMS001_YHBM_M_1	</identifier>
				<transform>
					<row0>	1.3517 0.0000 0.0000 0.0000	</row0>
					<row1>	0.0000 1.3377 -0.1940 0.0000	</row1>
					<row2>	0.0000 0.1940 1.3377 0.0000	</row2>
					<row3>	0.0000 0.5972 7.1730 1.0000	</row3>
				</transform>
			</node>
			<node>
				<identifier>	SP_YMS002_YHBL_M_1	</identifier>
				<transform>
					<row0>	0.8913 -0.0067 -0.1257 0.0000	</row0>
					<row1>	-0.0022 0.8979 -0.0631 0.0000	</row1>
					<row2>	0.1259 0.0628 0.8891 0.0000	</row2>
					<row3>	0.0000 0.5972 7.1730 1.0000	</row3>
				</transform>
			</node>
			<node>
				<identifier>	SP_YMS003_YHBR_M_1	</identifier>
				<transform>
					<row0>	0.8913 0.0067 0.1257 0.0000	</row0>
					<row1>	0.0022 0.8979 -0.0631 0.0000	</row1>
					<row2>	-0.1259 0.0628 0.8891 0.0000	</row2>
					<row3>	0.0000 0.5972 7.1730 1.0000	</row3>
				</transform>
			</node>
			<node>
				<identifier>	SP_YMS004_YHXL_L_1	</identifier>
				<transform>
					<row0>	0.6353 0.1815 -0.2221 0.0000	</row0>
					<row1>	-0.1718 0.6730 0.0587 0.0000	</row1>
					<row2>	0.2298 0.0012 0.6581 0.0000	</row2>
					<row3>	-0.1641 0.4218 6.7731 1.0000	</row3>
				</transform>
			</node>
			<node>
				<identifier>	SP_YMS005_YHXR_L_1	</identifier>
				<transform>
					<row0>	0.6353 -0.1815 0.2221 0.0000	</row0>
					<row1>	0.1718 0.6730 0.0587 0.0000	</row1>
					<row2>	-0.2298 0.0012 0.6581 0.0000	</row2>
					<row3>	0.1641 0.4218 6.7731 1.0000	</row3>
				</transform>
			</node>
			<node>
				<identifier>	SP_YMS010_YHWM_L_1	</identifier>
				<transform>
					<row0>	0.7886 0.0000 0.0000 0.0000	</row0>
					<row1>	0.0000 0.7886 0.0000 0.0000	</row1>
					<row2>	0.0000 0.0000 0.7886 0.0000	</row2>
					<row3>	0.0000 0.0000 7.0355 1.0000	</row3>
				</transform>
			</node>
			<node>
				<identifier>	SP_YMS011_YHWL_M_1	</identifier>
				<transform>
					<row0>	1.0113 0.2785 -0.1662 0.0000	</row0>
					<row1>	-0.2746 1.0249 0.0463 0.0000	</row1>
					<row2>	0.1725 -0.0012 1.0479 0.0000	</row2>
					<row3>	-0.2915 0.0000 5.5947 1.0000	</row3>
				</transform>
			</node>
			<node>
				<identifier>	SP_YMS011_YHWL_M_1_INDEX_1	</identifier>
				<transform>
					<row0>	0.9798 0.3797 -0.1539 0.0000	</row0>
					<row1>	-0.3747 0.9918 0.0612 0.0000	</row1>
					<row2>	0.1656 -0.0021 1.0491 0.0000	</row2>
					<row3>	-0.4391 0.0000 4.7032 1.0000	</row3>
				</transform>
			</node>
			<node>
				<identifier>	SP_YMS011_YHWL_M_1_INDEX_2	</identifier>
				<transform>
					<row0>	0.9837 0.3795 -0.1277 0.0000	</row0>
					<row1>	-0.3766 0.9919 0.0468 0.0000	</row1>
					<row2>	0.1360 0.0020 1.0533 0.0000	</row2>
					<row3>	-0.5735 0.0000 3.8114 1.0000	</row3>
				</transform>
			</node>
			<node>
				<identifier>	SP_YMS012_YHWR_M_1	</identifier>
				<transform>
					<row0>	1.0113 -0.2785 0.1662 0.0000	</row0>
					<row1>	0.2746 1.0249 0.0463 0.0000	</row1>
					<row2>	-0.1725 -0.0012 1.0479 0.0000	</row2>
					<row3>	0.2915 0.0000 5.5947 1.0000	</row3>
				</transform>
			</node>
			<node>
				<identifier>	SP_YMS012_YHWR_M_1_INDEX_1	</identifier>
				<transform>
					<row0>	0.9798 -0.3797 0.1539 0.0000	</row0>
					<row1>	0.3747 0.9918 0.0612 0.0000	</row1>
					<row2>	-0.1656 -0.0021 1.0491 0.0000	</row2>
					<row3>	0.4391 0.0000 4.7032 1.0000	</row3>
				</transform>
			</node>
			<node>
				<identifier>	SP_YMS012_YHWR_M_1_INDEX_2	</identifier>
				<transform>
					<row0>	0.9837 -0.3795 0.1277 0.0000	</row0>
					<row1>	0.3766 0.9919 0.0468 0.0000	</row1>
					<row2>	-0.1360 0.0020 1.0533 0.0000	</row2>
					<row3>	0.5735 0.0000 3.8114 1.0000	</row3>
				</transform>
			</node>
			<node>
				<identifier>	SP_YMS020_YHBU_M_1	</identifier>
				<transform>
					<row0>	1.2175 0.0000 0.0000 0.0000	</row0>
					<row1>	0.0000 1.2161 -0.0574 0.0000	</row1>
					<row2>	0.0000 0.0574 1.2161 0.0000	</row2>
					<row3>	0.0000 -0.0010 6.8991 1.0000	</row3>
				</transform>
			</node>
			<node>
				<identifier>	SP_YMS051_YHDL_L_1	</identifier>
				<transform>
					<row0>	0.7127 -0.0001 -0.1234 0.0000	</row0>
					<row1>	-0.0045 0.7228 -0.0268 0.0000	</row1>
					<row2>	0.1233 0.0272 0.7122 0.0000	</row2>
					<row3>	-0.5272 0.4737 5.5280 1.0000	</row3>
				</transform>
			</node>
			<node>
				<identifier>	SP_YMS052_YHDR_L_1	</identifier>
				<transform>
					<row0>	0.7127 0.0001 0.1234 0.0000	</row0>
					<row1>	0.0045 0.7228 -0.0268 0.0000	</row1>
					<row2>	-0.1233 0.0272 0.7122 0.0000	</row2>
					<row3>	0.5272 0.4737 5.5280 1.0000	</row3>
				</transform>
			</node>
			<node>
				<identifier>	SP_YMS053_YHDC_S_1	</identifier>
				<transform>
					<row0>	1.0000 0.0000 0.0000 0.0000	</row0>
					<row1>	0.0000 0.9991 -0.0414 0.0000	</row1>
					<row2>	0.0000 0.0414 0.9991 0.0000	</row2>
					<row3>	-0.3014 0.4801 5.3076 1.0000	</row3>
				</transform>
			</node>
			<node>
				<identifier>	SP_YMS053_YHDC_S_1_INDEX_1	</identifier>
				<transform>
					<row0>	1.0000 0.0000 0.0000 0.0000	</row0>
					<row1>	0.0000 0.9991 -0.0414 0.0000	</row1>
					<row2>	0.0000 0.0414 0.9991 0.0000	</row2>
					<row3>	0.3014 0.4801 5.3076 1.0000	</row3>
				</transform>
			</node>
			<node>
				<identifier>	SP_YMS080_YHSL_M_1	</identifier>
				<transform>
					<row0>	0.8235 0.4382 -0.1439 0.0000	</row0>
					<row1>	-0.4434 0.8332 0.0000 0.0000	</row1>
					<row2>	0.1270 0.0676 0.9328 0.0000	</row2>
					<row3>	-0.4647 0.1972 4.9998 1.0000	</row3>
				</transform>
			</node>
			<node>
				<identifier>	SP_YMS081_YHSR_M_1	</identifier>
				<transform>
					<row0>	0.8235 -0.4382 0.1439 0.0000	</row0>
					<row1>	0.4434 0.8332 0.0000 0.0000	</row1>
					<row2>	-0.1270 0.0676 0.9328 0.0000	</row2>
					<row3>	0.4647 0.1972 4.9998 1.0000	</row3>
				</transform>
			</node>
			<node>
				<identifier>	SP_YMS083_YHSC_L_1	</identifier>
				<transform>
					<row0>	-0.0681 -0.0035 -0.7454 0.0000	</row0>
					<row1>	-0.3057 0.6828 0.0247 0.0000	</row1>
					<row2>	0.6798 0.3067 -0.0636 0.0000	</row2>
					<row3>	-0.7064 0.4550 4.1814 1.0000	</row3>
				</transform>
			</node>
			<node>
				<identifier>	SP_YMS083_YHSC_L_1_INDEX_1	</identifier>
				<transform>
					<row0>	-0.0681 0.0035 0.7454 0.0000	</row0>
					<row1>	0.3057 0.6828 0.0247 0.0000	</row1>
					<row2>	-0.6798 0.3067 -0.0636 0.0000	</row2>
					<row3>	0.7064 0.4550 4.1814 1.0000	</row3>
				</transform>
			</node>
			<node>
				<identifier>	SP_YMS083_YHSC_L_1_INDEX_2	</identifier>
				<transform>
					<row0>	-0.0414 -0.0058 -0.7473 0.0000	</row0>
					<row1>	-0.2426 0.7080 0.0080 0.0000	</row1>
					<row2>	0.7069 0.2427 -0.0411 0.0000	</row2>
					<row3>	-0.7466 0.4556 3.6403 1.0000	</row3>
				</transform>
			</node>
			<node>
				<identifier>	SP_YMS083_YHSC_L_1_INDEX_3	</identifier>
				<transform>
					<row0>	-0.0414 0.0058 0.7473 0.0000	</row0>
					<row1>	0.2426 0.7080 0.0080 0.0000	</row1>
					<row2>	-0.7069 0.2427 -0.0411 0.0000	</row2>
					<row3>	0.7466 0.4556 3.6403 1.0000	</row3>
				</transform>
			</node>
		</node>
	</node>
	<boundingBox>
		<min>	-0.0667 -0.0667 -0.0667	</min>
		<max>	0.0667 0.0667 0.0667	</max>
	</boundingBox>
</BSC024_Drake_1944_Bow_ports.visual>
