<JSB012_Kii_1944_MidBack_ports.visual>
	<node>
		<identifier>	Scene Root	</identifier>
		<transform>
			<row0>	1.0000 0.0000 0.0000 0.0000	</row0>
			<row1>	0.0000 1.0000 0.0000 0.0000	</row1>
			<row2>	0.0000 0.0000 1.0000 0.0000	</row2>
			<row3>	0.0000 0.0000 0.0000 1.0000	</row3>
		</transform>
		<node>
			<identifier>	MidBack_ports	</identifier>
			<transform>
				<row0>	1.0000 0.0000 0.0000 0.0000	</row0>
				<row1>	0.0000 1.0000 0.0000 0.0000	</row1>
				<row2>	0.0000 0.0000 1.0000 0.0000	</row2>
				<row3>	0.0000 0.0000 0.0000 1.0000	</row3>
			</transform>
			<node>
				<identifier>	HP_FX_Fire_3	</identifier>
				<transform>
					<row0>	1.0000 0.0000 0.0000 0.0000	</row0>
					<row1>	0.0000 1.0000 0.0000 0.0000	</row1>
					<row2>	0.0000 0.0000 1.0000 0.0000	</row2>
					<row3>	0.0000 0.4972 -2.6536 1.0000	</row3>
				</transform>
			</node>
			<node>
				<identifier>	HP_FX_Fire_3_side_1	</identifier>
				<transform>
					<row0>	1.0000 0.0000 0.0000 0.0000	</row0>
					<row1>	0.0000 1.0000 0.0000 0.0000	</row1>
					<row2>	0.0000 0.0000 1.0000 0.0000	</row2>
					<row3>	-0.8580 0.5430 -1.3860 1.0000	</row3>
				</transform>
			</node>
			<node>
				<identifier>	HP_FX_Fire_3_side_2	</identifier>
				<transform>
					<row0>	1.0000 0.0000 0.0000 0.0000	</row0>
					<row1>	0.0000 1.0000 0.0000 0.0000	</row1>
					<row2>	0.0000 0.0000 1.0000 0.0000	</row2>
					<row3>	0.8150 0.3280 -3.1200 1.0000	</row3>
				</transform>
			</node>
			<node>
				<identifier>	HP_FX_Fire_5_1	</identifier>
				<transform>
					<row0>	1.0000 0.0000 0.0000 0.0000	</row0>
					<row1>	0.0000 1.0000 0.0000 0.0000	</row1>
					<row2>	0.0000 0.0000 1.0000 0.0000	</row2>
					<row3>	0.0000 0.5924 -0.4820 1.0000	</row3>
				</transform>
			</node>
			<node>
				<identifier>	HP_FX_Flood_water_left	</identifier>
				<transform>
					<row0>	-1.0000 0.0000 0.0000 0.0000	</row0>
					<row1>	0.0000 1.0000 0.0000 0.0000	</row1>
					<row2>	0.0000 0.0000 -1.0000 0.0000	</row2>
					<row3>	-0.9220 0.0777 -3.7136 1.0000	</row3>
				</transform>
			</node>
			<node>
				<identifier>	HP_FX_Flood_water_left_4	</identifier>
				<transform>
					<row0>	-1.0000 0.0000 0.0000 0.0000	</row0>
					<row1>	0.0000 1.0000 0.0000 0.0000	</row1>
					<row2>	0.0000 0.0000 -1.0000 0.0000	</row2>
					<row3>	-1.0290 0.0785 -0.6230 1.0000	</row3>
				</transform>
			</node>
			<node>
				<identifier>	HP_FX_Flood_water_right	</identifier>
				<transform>
					<row0>	1.0000 0.0000 0.0000 0.0000	</row0>
					<row1>	0.0000 1.0000 0.0000 0.0000	</row1>
					<row2>	0.0000 0.0000 1.0000 0.0000	</row2>
					<row3>	0.9220 0.0771 -3.7140 1.0000	</row3>
				</transform>
			</node>
			<node>
				<identifier>	HP_FX_Flood_water_right_4	</identifier>
				<transform>
					<row0>	1.0000 0.0000 0.0000 0.0000	</row0>
					<row1>	0.0000 1.0000 0.0000 0.0000	</row1>
					<row2>	0.0000 0.0000 1.0000 0.0000	</row2>
					<row3>	1.0290 0.0774 -0.6230 1.0000	</row3>
				</transform>
			</node>
			<node>
				<identifier>	HP_FX_RepairLight_right_1	</identifier>
				<transform>
					<row0>	-0.0302 0.0000 -0.9995 0.0000	</row0>
					<row1>	0.0000 1.0000 0.0000 0.0000	</row1>
					<row2>	0.9995 0.0000 -0.0302 0.0000	</row2>
					<row3>	1.0051 0.3274 -2.2817 1.0000	</row3>
				</transform>
			</node>
			<node>
				<identifier>	HP_Flagpole	</identifier>
				<transform>
					<row0>	0.4172 0.0000 -0.9088 0.0000	</row0>
					<row1>	-0.0180 0.9998 -0.0083 0.0000	</row1>
					<row2>	0.9086 0.0198 0.4171 0.0000	</row2>
					<row3>	-0.0165 3.0438 -0.8971 1.0000	</row3>
				</transform>
			</node>
			<node>
				<identifier>	HP_JD_15	</identifier>
				<transform>
					<row0>	0.5327 0.0000 0.8463 0.0000	</row0>
					<row1>	0.0000 1.0000 0.0000 0.0000	</row1>
					<row2>	-0.8463 0.0000 0.5327 0.0000	</row2>
					<row3>	-0.2184 1.1678 -0.9516 1.0000	</row3>
				</transform>
			</node>
			<node>
				<identifier>	HP_JD_16	</identifier>
				<transform>
					<row0>	0.5327 0.0000 -0.8463 0.0000	</row0>
					<row1>	0.0000 1.0000 0.0000 0.0000	</row1>
					<row2>	0.8463 0.0000 0.5327 0.0000	</row2>
					<row3>	0.2184 1.1678 -0.9516 1.0000	</row3>
				</transform>
			</node>
			<node>
				<identifier>	HP_JD_17	</identifier>
				<transform>
					<row0>	-1.0000 0.0000 0.0000 0.0000	</row0>
					<row1>	0.0000 1.0000 0.0000 0.0000	</row1>
					<row2>	0.0000 0.0000 -1.0000 0.0000	</row2>
					<row3>	0.0000 1.6444 -1.1101 1.0000	</row3>
				</transform>
			</node>
			<node>
				<identifier>	HP_JD_18	</identifier>
				<transform>
					<row0>	-0.3346 0.0000 0.9424 0.0000	</row0>
					<row1>	0.0000 1.0000 0.0000 0.0000	</row1>
					<row2>	-0.9424 0.0000 -0.3346 0.0000	</row2>
					<row3>	-0.2228 1.3214 -1.1241 1.0000	</row3>
				</transform>
			</node>
			<node>
				<identifier>	HP_JD_19	</identifier>
				<transform>
					<row0>	-0.3346 0.0000 -0.9424 0.0000	</row0>
					<row1>	0.0000 1.0000 0.0000 0.0000	</row1>
					<row2>	0.9424 0.0000 -0.3346 0.0000	</row2>
					<row3>	0.2228 1.3214 -1.1241 1.0000	</row3>
				</transform>
			</node>
			<node>
				<identifier>	HP_JF_6	</identifier>
				<transform>
					<row0>	0.0000 0.0000 1.0000 0.0000	</row0>
					<row1>	0.0000 1.0000 0.0000 0.0000	</row1>
					<row2>	-1.0000 0.0000 0.0000 0.0000	</row2>
					<row3>	-0.2801 1.3961 -0.7423 1.0000	</row3>
				</transform>
			</node>
			<node>
				<identifier>	HP_JF_7	</identifier>
				<transform>
					<row0>	0.0000 0.0000 -1.0000 0.0000	</row0>
					<row1>	0.0000 1.0000 0.0000 0.0000	</row1>
					<row2>	1.0000 0.0000 0.0000 0.0000	</row2>
					<row3>	0.2801 1.3961 -0.7423 1.0000	</row3>
				</transform>
			</node>
			<node>
				<identifier>	HP_JF_8	</identifier>
				<transform>
					<row0>	0.0000 0.0000 1.0000 0.0000	</row0>
					<row1>	0.0000 1.0000 0.0000 0.0000	</row1>
					<row2>	-1.0000 0.0000 0.0000 0.0000	</row2>
					<row3>	-0.1462 1.6298 -0.8144 1.0000	</row3>
				</transform>
			</node>
			<node>
				<identifier>	HP_JF_9	</identifier>
				<transform>
					<row0>	0.0000 0.0000 -1.0000 0.0000	</row0>
					<row1>	0.0000 1.0000 0.0000 0.0000	</row1>
					<row2>	1.0000 0.0000 0.0000 0.0000	</row2>
					<row3>	0.1462 1.6298 -0.8144 1.0000	</row3>
				</transform>
			</node>
			<node>
				<identifier>	HP_JGA_14	</identifier>
				<transform>
					<row0>	0.0000 0.0000 1.0000 0.0000	</row0>
					<row1>	0.0000 1.0000 0.0000 0.0000	</row1>
					<row2>	-1.0000 0.0000 0.0000 0.0000	</row2>
					<row3>	-0.3689 0.7639 -0.8344 1.0000	</row3>
				</transform>
			</node>
			<node>
				<identifier>	HP_JGA_15	</identifier>
				<transform>
					<row0>	0.0000 0.0000 -1.0000 0.0000	</row0>
					<row1>	0.0000 1.0000 0.0000 0.0000	</row1>
					<row2>	1.0000 0.0000 0.0000 0.0000	</row2>
					<row3>	0.3689 0.7639 -0.8344 1.0000	</row3>
				</transform>
			</node>
			<node>
				<identifier>	HP_JGA_16	</identifier>
				<transform>
					<row0>	0.0000 0.0000 1.0000 0.0000	</row0>
					<row1>	0.0000 1.0000 0.0000 0.0000	</row1>
					<row2>	-1.0000 0.0000 0.0000 0.0000	</row2>
					<row3>	-0.7855 0.5229 -0.8363 1.0000	</row3>
				</transform>
			</node>
			<node>
				<identifier>	HP_JGA_17	</identifier>
				<transform>
					<row0>	0.0000 0.0000 -1.0000 0.0000	</row0>
					<row1>	0.0000 1.0000 0.0000 0.0000	</row1>
					<row2>	1.0000 0.0000 0.0000 0.0000	</row2>
					<row3>	0.7855 0.5229 -0.8363 1.0000	</row3>
				</transform>
			</node>
			<node>
				<identifier>	HP_JGA_18	</identifier>
				<transform>
					<row0>	0.4384 0.0000 0.8988 0.0000	</row0>
					<row1>	0.0000 1.0000 0.0000 0.0000	</row1>
					<row2>	-0.8988 0.0000 0.4384 0.0000	</row2>
					<row3>	-0.3168 0.9608 -1.0266 1.0000	</row3>
				</transform>
			</node>
			<node>
				<identifier>	HP_JGA_19	</identifier>
				<transform>
					<row0>	0.4384 0.0000 -0.8988 0.0000	</row0>
					<row1>	0.0000 1.0000 0.0000 0.0000	</row1>
					<row2>	0.8988 0.0000 0.4384 0.0000	</row2>
					<row3>	0.3168 0.9608 -1.0266 1.0000	</row3>
				</transform>
			</node>
			<node>
				<identifier>	HP_JGA_20	</identifier>
				<transform>
					<row0>	-0.5571 0.0000 0.8304 0.0000	</row0>
					<row1>	0.0000 1.0000 0.0000 0.0000	</row1>
					<row2>	-0.8304 0.0000 -0.5571 0.0000	</row2>
					<row3>	-0.2424 0.9608 -1.2570 1.0000	</row3>
				</transform>
			</node>
			<node>
				<identifier>	HP_JGA_21	</identifier>
				<transform>
					<row0>	-0.5571 0.0000 -0.8304 0.0000	</row0>
					<row1>	0.0000 1.0000 0.0000 0.0000	</row1>
					<row2>	0.8304 0.0000 -0.5571 0.0000	</row2>
					<row3>	0.2424 0.9608 -1.2570 1.0000	</row3>
				</transform>
			</node>
			<node>
				<identifier>	HP_JGA_22	</identifier>
				<transform>
					<row0>	-0.7071 0.0000 0.7071 0.0000	</row0>
					<row1>	0.0000 1.0000 0.0000 0.0000	</row1>
					<row2>	-0.7071 0.0000 -0.7071 0.0000	</row2>
					<row3>	-0.6443 0.3163 -3.5195 1.0000	</row3>
				</transform>
			</node>
			<node>
				<identifier>	HP_JGA_23	</identifier>
				<transform>
					<row0>	-0.7071 0.0000 -0.7071 0.0000	</row0>
					<row1>	0.0000 1.0000 0.0000 0.0000	</row1>
					<row2>	0.7071 0.0000 -0.7071 0.0000	</row2>
					<row3>	0.6443 0.3163 -3.5195 1.0000	</row3>
				</transform>
			</node>
			<node>
				<identifier>	HP_JGM_3	</identifier>
				<transform>
					<row0>	-1.0000 0.0000 0.0000 0.0000	</row0>
					<row1>	0.0000 1.0000 0.0000 0.0000	</row1>
					<row2>	0.0000 0.0000 -1.0000 0.0000	</row2>
					<row3>	0.0000 0.6087 -1.8021 1.0000	</row3>
				</transform>
			</node>
			<node>
				<identifier>	HP_JGM_4	</identifier>
				<transform>
					<row0>	-1.0000 0.0000 0.0000 0.0000	</row0>
					<row1>	0.0000 1.0000 0.0000 0.0000	</row1>
					<row2>	0.0000 0.0000 -1.0000 0.0000	</row2>
					<row3>	0.0000 0.5905 -3.6211 1.0000	</row3>
				</transform>
			</node>
			<node>
				<identifier>	HP_JGS_13	</identifier>
				<transform>
					<row0>	-1.0000 0.0000 0.0000 0.0000	</row0>
					<row1>	0.0000 1.0000 0.0000 0.0000	</row1>
					<row2>	0.0000 0.0000 -1.0000 0.0000	</row2>
					<row3>	-0.9227 0.3830 -1.6415 1.0000	</row3>
				</transform>
			</node>
			<node>
				<identifier>	HP_JGS_14	</identifier>
				<transform>
					<row0>	-1.0000 0.0000 0.0000 0.0000	</row0>
					<row1>	0.0000 1.0000 0.0000 0.0000	</row1>
					<row2>	0.0000 0.0000 -1.0000 0.0000	</row2>
					<row3>	0.9227 0.3830 -1.6415 1.0000	</row3>
				</transform>
			</node>
			<node>
				<identifier>	HP_JGS_15	</identifier>
				<transform>
					<row0>	-1.0000 0.0000 0.0000 0.0000	</row0>
					<row1>	0.0000 1.0000 0.0000 0.0000	</row1>
					<row2>	0.0000 0.0000 -1.0000 0.0000	</row2>
					<row3>	-0.7891 0.3830 -2.0906 1.0000	</row3>
				</transform>
			</node>
			<node>
				<identifier>	HP_JGS_16	</identifier>
				<transform>
					<row0>	-1.0000 0.0000 0.0000 0.0000	</row0>
					<row1>	0.0000 1.0000 0.0000 0.0000	</row1>
					<row2>	0.0000 0.0000 -1.0000 0.0000	</row2>
					<row3>	0.7891 0.3830 -2.0906 1.0000	</row3>
				</transform>
			</node>
			<node>
				<identifier>	HP_JRS_4	</identifier>
				<transform>
					<row0>	-0.9897 0.0000 0.1434 0.0000	</row0>
					<row1>	0.0000 1.0000 0.0000 0.0000	</row1>
					<row2>	-0.1434 0.0000 -0.9897 0.0000	</row2>
					<row3>	0.0000 2.0586 -0.7793 1.0000	</row3>
				</transform>
			</node>
			<node>
				<identifier>	HP_Ship_death_2	</identifier>
				<transform>
					<row0>	1.0000 0.0000 0.0000 0.0000	</row0>
					<row1>	0.0000 1.0000 0.0000 0.0000	</row1>
					<row2>	0.0000 0.0000 1.0000 0.0000	</row2>
					<row3>	0.0000 0.0000 -0.4193 1.0000	</row3>
				</transform>
			</node>
			<node>
				<identifier>	HP_flag_courtesy	</identifier>
				<transform>
					<row0>	0.9775 -0.2108 -0.0011 0.0000	</row0>
					<row1>	0.2108 0.9775 0.0101 0.0000	</row1>
					<row2>	-0.0011 -0.0101 0.9999 0.0000	</row2>
					<row3>	0.2214 2.6526 -0.8781 1.0000	</row3>
				</transform>
			</node>
			<node>
				<identifier>	HP_flag_house	</identifier>
				<transform>
					<row0>	0.9775 0.2108 0.0011 0.0000	</row0>
					<row1>	-0.2108 0.9775 0.0101 0.0000	</row1>
					<row2>	0.0011 -0.0101 0.9999 0.0000	</row2>
					<row3>	-0.2214 2.6526 -0.8781 1.0000	</row3>
				</transform>
			</node>
			<node>
				<identifier>	HP_flag_nation	</identifier>
				<transform>
					<row0>	1.0000 0.0037 -0.0003 0.0000	</row0>
					<row1>	-0.0037 0.9894 -0.1453 0.0000	</row1>
					<row2>	-0.0003 0.1453 0.9894 0.0000	</row2>
					<row3>	0.0013 3.0156 -1.1298 1.0000	</row3>
				</transform>
			</node>
			<node>
				<identifier>	HP_flag_rank	</identifier>
				<transform>
					<row0>	1.0000 -0.0062 0.0008 0.0000	</row0>
					<row1>	0.0062 0.9652 -0.2613 0.0000	</row1>
					<row2>	0.0008 0.2613 0.9653 0.0000	</row2>
					<row3>	-0.0001 2.4643 -1.1299 1.0000	</row3>
				</transform>
			</node>
			<node>
				<identifier>	MP_CM011_Fire_Fighting_Gear	</identifier>
				<transform>
					<row0>	0.4617 0.0000 -0.8870 0.0000	</row0>
					<row1>	0.0000 1.0000 0.0000 0.0000	</row1>
					<row2>	0.8870 0.0000 0.4617 0.0000	</row2>
					<row3>	-0.4149 0.3174 -3.5369 1.0000	</row3>
				</transform>
			</node>
			<node>
				<identifier>	MP_CM011_Fire_Fighting_Gear_INDEX_1	</identifier>
				<transform>
					<row0>	0.4617 0.0000 0.8870 0.0000	</row0>
					<row1>	0.0000 1.0000 0.0000 0.0000	</row1>
					<row2>	-0.8870 0.0000 0.4617 0.0000	</row2>
					<row3>	0.4149 0.3174 -3.5369 1.0000	</row3>
				</transform>
			</node>
			<node>
				<identifier>	MP_CM013_Fire_Hose_Rack_2	</identifier>
				<transform>
					<row0>	0.8870 0.0000 0.4617 0.0000	</row0>
					<row1>	0.0000 1.0000 0.0000 0.0000	</row1>
					<row2>	-0.4617 0.0000 0.8870 0.0000	</row2>
					<row3>	-0.4286 0.3694 -3.4956 1.0000	</row3>
				</transform>
			</node>
			<node>
				<identifier>	MP_CM013_Fire_Hose_Rack_2_INDEX_1	</identifier>
				<transform>
					<row0>	-0.6424 0.0000 0.7664 0.0000	</row0>
					<row1>	0.0000 1.0000 0.0000 0.0000	</row1>
					<row2>	-0.7664 0.0000 -0.6424 0.0000	</row2>
					<row3>	0.0682 1.0301 -1.1822 1.0000	</row3>
				</transform>
			</node>
			<node>
				<identifier>	MP_CM013_Fire_Hose_Rack_2_INDEX_2	</identifier>
				<transform>
					<row0>	-0.8870 0.0000 0.4617 0.0000	</row0>
					<row1>	0.0000 1.0000 0.0000 0.0000	</row1>
					<row2>	-0.4617 0.0000 -0.8870 0.0000	</row2>
					<row3>	0.4286 0.3694 -3.4956 1.0000	</row3>
				</transform>
			</node>
			<node>
				<identifier>	MP_CM014_Fuel_Oil_Hose	</identifier>
				<transform>
					<row0>	1.0000 0.0000 0.0000 0.0000	</row0>
					<row1>	0.0000 1.0000 0.0000 0.0000	</row1>
					<row2>	0.0000 0.0000 1.0000 0.0000	</row2>
					<row3>	-0.7591 0.3868 -2.7672 1.0000	</row3>
				</transform>
			</node>
			<node>
				<identifier>	MP_CM014_Fuel_Oil_Hose_INDEX_1	</identifier>
				<transform>
					<row0>	-1.0000 0.0000 0.0000 0.0000	</row0>
					<row1>	0.0000 1.0000 0.0000 0.0000	</row1>
					<row2>	0.0000 0.0000 -1.0000 0.0000	</row2>
					<row3>	0.7591 0.3598 -2.7672 1.0000	</row3>
				</transform>
			</node>
			<node>
				<identifier>	MP_CM014_Fuel_Oil_Hose_INDEX_2	</identifier>
				<transform>
					<row0>	-1.0000 0.0000 0.0000 0.0000	</row0>
					<row1>	0.0000 1.0000 0.0000 0.0000	</row1>
					<row2>	0.0000 0.0000 -1.0000 0.0000	</row2>
					<row3>	0.7591 0.3598 -2.5966 1.0000	</row3>
				</transform>
			</node>
			<node>
				<identifier>	MP_CM014_Fuel_Oil_Hose_INDEX_3	</identifier>
				<transform>
					<row0>	1.0000 0.0000 0.0000 0.0000	</row0>
					<row1>	0.0000 1.0000 0.0000 0.0000	</row1>
					<row2>	0.0000 0.0000 1.0000 0.0000	</row2>
					<row3>	-0.7591 0.3598 -2.7672 1.0000	</row3>
				</transform>
			</node>
			<node>
				<identifier>	MP_CM014_Fuel_Oil_Hose_INDEX_4	</identifier>
				<transform>
					<row0>	-1.0000 0.0000 0.0000 0.0000	</row0>
					<row1>	0.0000 1.0000 0.0000 0.0000	</row1>
					<row2>	0.0000 0.0000 -1.0000 0.0000	</row2>
					<row3>	0.7591 0.3868 -2.7672 1.0000	</row3>
				</transform>
			</node>
			<node>
				<identifier>	MP_CM014_Fuel_Oil_Hose_INDEX_5	</identifier>
				<transform>
					<row0>	1.0000 0.0000 0.0000 0.0000	</row0>
					<row1>	0.0000 1.0000 0.0000 0.0000	</row1>
					<row2>	0.0000 0.0000 1.0000 0.0000	</row2>
					<row3>	-0.7591 0.3598 -2.5966 1.0000	</row3>
				</transform>
			</node>
			<node>
				<identifier>	MP_CM014_Fuel_Oil_Hose_INDEX_6	</identifier>
				<transform>
					<row0>	0.8846 0.0000 0.4663 0.0000	</row0>
					<row1>	0.0000 1.0000 0.0000 0.0000	</row1>
					<row2>	-0.4663 0.0000 0.8846 0.0000	</row2>
					<row3>	-0.5211 0.3562 -3.3238 1.0000	</row3>
				</transform>
			</node>
			<node>
				<identifier>	MP_CM014_Fuel_Oil_Hose_INDEX_7	</identifier>
				<transform>
					<row0>	1.0000 0.0000 0.0000 0.0000	</row0>
					<row1>	0.0000 1.0000 0.0000 0.0000	</row1>
					<row2>	0.0000 0.0000 1.0000 0.0000	</row2>
					<row3>	-0.7591 0.3868 -2.5966 1.0000	</row3>
				</transform>
			</node>
			<node>
				<identifier>	MP_CM014_Fuel_Oil_Hose_INDEX_8	</identifier>
				<transform>
					<row0>	-0.8846 0.0000 0.4663 0.0000	</row0>
					<row1>	0.0000 1.0000 0.0000 0.0000	</row1>
					<row2>	-0.4663 0.0000 -0.8846 0.0000	</row2>
					<row3>	0.5211 0.3562 -3.3238 1.0000	</row3>
				</transform>
			</node>
			<node>
				<identifier>	MP_CM014_Fuel_Oil_Hose_INDEX_9	</identifier>
				<transform>
					<row0>	-1.0000 0.0000 0.0000 0.0000	</row0>
					<row1>	0.0000 1.0000 0.0000 0.0000	</row1>
					<row2>	0.0000 0.0000 -1.0000 0.0000	</row2>
					<row3>	0.7591 0.3868 -2.5966 1.0000	</row3>
				</transform>
			</node>
			<node>
				<identifier>	MP_CM019_Wood_Box_2	</identifier>
				<transform>
					<row0>	0.7912 0.0000 -0.6115 0.0000	</row0>
					<row1>	0.0000 1.0000 0.0000 0.0000	</row1>
					<row2>	0.6115 0.0000 0.7912 0.0000	</row2>
					<row3>	-0.3184 0.5098 -3.3757 1.0000	</row3>
				</transform>
			</node>
			<node>
				<identifier>	MP_CM019_Wood_Box_2_INDEX_1	</identifier>
				<transform>
					<row0>	0.7934 0.0000 -0.6088 0.0000	</row0>
					<row1>	0.0000 1.0000 0.0000 0.0000	</row1>
					<row2>	0.6088 0.0000 0.7934 0.0000	</row2>
					<row3>	-0.2991 0.5098 -3.3906 1.0000	</row3>
				</transform>
			</node>
			<node>
				<identifier>	MP_CM023_Accommodation_Ladder_Closed	</identifier>
				<transform>
					<row0>	0.9973 0.0000 -0.0740 0.0000	</row0>
					<row1>	0.0000 1.0000 0.0000 0.0000	</row1>
					<row2>	0.0740 0.0000 0.9973 0.0000	</row2>
					<row3>	0.8125 0.3146 -3.7354 1.0000	</row3>
				</transform>
			</node>
			<node>
				<identifier>	MP_CM029_Emergency_Box	</identifier>
				<transform>
					<row0>	0.7660 0.0000 0.6428 0.0000	</row0>
					<row1>	0.0000 1.0000 0.0000 0.0000	</row1>
					<row2>	-0.6428 0.0000 0.7660 0.0000	</row2>
					<row3>	0.1225 1.0510 -1.1440 1.0000	</row3>
				</transform>
			</node>
			<node>
				<identifier>	MP_CM029_Emergency_Box_INDEX_1	</identifier>
				<transform>
					<row0>	0.4663 0.0000 -0.8846 0.0000	</row0>
					<row1>	0.0000 1.0000 0.0000 0.0000	</row1>
					<row2>	0.8846 0.0000 0.4663 0.0000	</row2>
					<row3>	-0.5328 0.4087 -3.3119 1.0000	</row3>
				</transform>
			</node>
			<node>
				<identifier>	MP_CM029_Emergency_Box_INDEX_2	</identifier>
				<transform>
					<row0>	0.4663 0.0000 0.8846 0.0000	</row0>
					<row1>	0.0000 1.0000 0.0000 0.0000	</row1>
					<row2>	-0.8846 0.0000 0.4663 0.0000	</row2>
					<row3>	0.5328 0.4087 -3.3119 1.0000	</row3>
				</transform>
			</node>
			<node>
				<identifier>	MP_CM029_Emergency_Box_INDEX_3	</identifier>
				<transform>
					<row0>	0.7660 0.0000 -0.6428 0.0000	</row0>
					<row1>	0.0000 1.0000 0.0000 0.0000	</row1>
					<row2>	0.6428 0.0000 0.7660 0.0000	</row2>
					<row3>	-0.1225 1.0510 -1.1440 1.0000	</row3>
				</transform>
			</node>
			<node>
				<identifier>	MP_CM035_Accommodation_Ladder_Closed_L	</identifier>
				<transform>
					<row0>	0.9973 0.0000 0.0740 0.0000	</row0>
					<row1>	0.0000 1.0000 0.0000 0.0000	</row1>
					<row2>	-0.0740 0.0000 0.9973 0.0000	</row2>
					<row3>	-0.8125 0.3146 -3.7354 1.0000	</row3>
				</transform>
			</node>
			<node>
				<identifier>	MP_CM051_Fire_Fighting_Gear	</identifier>
				<transform>
					<row0>	0.6424 0.0000 -0.7664 0.0000	</row0>
					<row1>	-0.7664 0.0000 -0.6424 0.0000	</row1>
					<row2>	0.0000 1.0000 0.0000 0.0000	</row2>
					<row3>	0.0659 0.9721 -1.1828 1.0000	</row3>
				</transform>
			</node>
			<node>
				<identifier>	MP_CM126_Cleat	</identifier>
				<transform>
					<row0>	-0.9000 0.0000 0.0000 0.0000	</row0>
					<row1>	0.0000 0.9000 0.0000 0.0000	</row1>
					<row2>	0.0000 0.0000 -0.9000 0.0000	</row2>
					<row3>	-0.0043 1.8648 -0.9646 1.0000	</row3>
				</transform>
			</node>
			<node>
				<identifier>	MP_CM126_Cleat_INDEX_1	</identifier>
				<transform>
					<row0>	-0.9000 0.0000 0.0000 0.0000	</row0>
					<row1>	0.0000 0.9000 0.0000 0.0000	</row1>
					<row2>	0.0000 0.0000 -0.9000 0.0000	</row2>
					<row3>	0.0043 1.8648 -0.9640 1.0000	</row3>
				</transform>
			</node>
			<node>
				<identifier>	MP_JM004_Searchlight_Control_2	</identifier>
				<transform>
					<row0>	0.0000 0.0000 -1.0000 0.0000	</row0>
					<row1>	0.0000 1.0000 0.0000 0.0000	</row1>
					<row2>	1.0000 0.0000 0.0000 0.0000	</row2>
					<row3>	-0.1559 1.6012 -1.0161 1.0000	</row3>
				</transform>
			</node>
			<node>
				<identifier>	MP_JM004_Searchlight_Control_2_INDEX_1	</identifier>
				<transform>
					<row0>	0.0000 0.0000 1.0000 0.0000	</row0>
					<row1>	0.0000 1.0000 0.0000 0.0000	</row1>
					<row2>	-1.0000 0.0000 0.0000 0.0000	</row2>
					<row3>	0.1559 1.6012 -1.0161 1.0000	</row3>
				</transform>
			</node>
			<node>
				<identifier>	MP_JM013_Reels_1	</identifier>
				<transform>
					<row0>	-0.8500 0.0000 0.0000 0.0000	</row0>
					<row1>	0.0000 0.8500 -0.0059 0.0000	</row1>
					<row2>	0.0000 -0.0059 -0.8500 0.0000	</row2>
					<row3>	-0.5072 0.5171 -1.8202 1.0000	</row3>
				</transform>
			</node>
			<node>
				<identifier>	MP_JM013_Reels_1_INDEX_1	</identifier>
				<transform>
					<row0>	0.8500 0.0000 0.0000 0.0000	</row0>
					<row1>	0.0000 0.8500 -0.0059 0.0000	</row1>
					<row2>	0.0000 0.0059 0.8500 0.0000	</row2>
					<row3>	0.5072 0.5171 -1.8202 1.0000	</row3>
				</transform>
			</node>
			<node>
				<identifier>	MP_JM032_Electric_Deck_Winch	</identifier>
				<transform>
					<row0>	-1.0000 0.0000 0.0000 0.0000	</row0>
					<row1>	0.0000 1.0000 0.0000 0.0000	</row1>
					<row2>	0.0000 0.0000 -1.0000 0.0000	</row2>
					<row3>	0.1086 0.5241 -0.7904 1.0000	</row3>
				</transform>
			</node>
			<node>
				<identifier>	MP_JM032_Electric_Deck_Winch_INDEX_1	</identifier>
				<transform>
					<row0>	-1.0000 0.0000 0.0000 0.0000	</row0>
					<row1>	0.0000 1.0000 0.0000 0.0000	</row1>
					<row2>	0.0000 0.0000 -1.0000 0.0000	</row2>
					<row3>	-0.1086 0.5241 -0.7904 1.0000	</row3>
				</transform>
			</node>
			<node>
				<identifier>	MP_JM059_Deck_Hatch_8	</identifier>
				<transform>
					<row0>	1.0000 0.0000 0.0000 0.0000	</row0>
					<row1>	0.0000 1.0000 0.0000 0.0000	</row1>
					<row2>	0.0000 0.0000 1.0000 0.0000	</row2>
					<row3>	0.0000 1.8631 -0.8286 1.0000	</row3>
				</transform>
			</node>
			<node>
				<identifier>	MP_JM061_Deck_Hatch_10	</identifier>
				<transform>
					<row0>	0.0000 0.0000 1.0000 0.0000	</row0>
					<row1>	0.0000 1.0000 0.0000 0.0000	</row1>
					<row2>	-1.0000 0.0000 0.0000 0.0000	</row2>
					<row3>	-0.4703 0.5122 -2.5327 1.0000	</row3>
				</transform>
			</node>
			<node>
				<identifier>	MP_JM061_Deck_Hatch_10_INDEX_1	</identifier>
				<transform>
					<row0>	0.0000 0.0000 1.0000 0.0000	</row0>
					<row1>	0.0000 1.0000 0.0000 0.0000	</row1>
					<row2>	-1.0000 0.0000 0.0000 0.0000	</row2>
					<row3>	0.4703 0.5122 -2.5327 1.0000	</row3>
				</transform>
			</node>
			<node>
				<identifier>	MP_JM111_Deck_Hatch_13	</identifier>
				<transform>
					<row0>	-1.0000 0.0000 0.0000 0.0000	</row0>
					<row1>	0.0000 1.0000 0.0000 0.0000	</row1>
					<row2>	0.0000 0.0000 -1.0000 0.0000	</row2>
					<row3>	0.3607 0.5085 -3.3213 1.0000	</row3>
				</transform>
			</node>
			<node>
				<identifier>	MP_JM111_Deck_Hatch_13_INDEX_1	</identifier>
				<transform>
					<row0>	-1.0000 0.0000 0.0000 0.0000	</row0>
					<row1>	0.0000 1.0000 0.0000 0.0000	</row1>
					<row2>	0.0000 0.0000 -1.0000 0.0000	</row2>
					<row3>	0.3607 0.5196 -1.4517 1.0000	</row3>
				</transform>
			</node>
			<node>
				<identifier>	MP_JM125_Signal_Lamp_3	</identifier>
				<transform>
					<row0>	1.0000 0.0000 0.0000 0.0000	</row0>
					<row1>	0.0000 1.0000 0.0000 0.0000	</row1>
					<row2>	0.0000 0.0000 1.0000 0.0000	</row2>
					<row3>	-0.2132 2.7229 -0.8756 1.0000	</row3>
				</transform>
			</node>
			<node>
				<identifier>	MP_JM125_Signal_Lamp_3_INDEX_1	</identifier>
				<transform>
					<row0>	1.0000 0.0000 0.0000 0.0000	</row0>
					<row1>	0.0000 1.0000 0.0000 0.0000	</row1>
					<row2>	0.0000 0.0000 1.0000 0.0000	</row2>
					<row3>	0.2132 2.7229 -0.8756 1.0000	</row3>
				</transform>
			</node>
			<node>
				<identifier>	MP_JM135_Runway_Lights_Back	</identifier>
				<transform>
					<row0>	1.0000 0.0000 0.0000 0.0000	</row0>
					<row1>	0.0000 1.0000 0.0000 0.0000	</row1>
					<row2>	0.0000 0.0000 1.0000 0.0000	</row2>
					<row3>	0.0000 1.5585 -1.3788 1.0000	</row3>
				</transform>
			</node>
			<node>
				<identifier>	MP_JM172_Binoculars_Bridge	</identifier>
				<transform>
					<row0>	-1.0000 0.0000 0.0000 0.0000	</row0>
					<row1>	0.0000 1.0000 0.0000 0.0000	</row1>
					<row2>	0.0000 0.0000 -1.0000 0.0000	</row2>
					<row3>	0.0000 1.1678 -1.3085 1.0000	</row3>
				</transform>
			</node>
			<node>
				<identifier>	MP_JM172_Binoculars_Bridge_INDEX_1	</identifier>
				<transform>
					<row0>	-0.7071 0.0000 -0.7071 0.0000	</row0>
					<row1>	0.0000 1.0000 0.0000 0.0000	</row1>
					<row2>	0.7071 0.0000 -0.7071 0.0000	</row2>
					<row3>	0.1279 1.1678 -1.2687 1.0000	</row3>
				</transform>
			</node>
			<node>
				<identifier>	MP_JM172_Binoculars_Bridge_INDEX_2	</identifier>
				<transform>
					<row0>	-0.7071 0.0000 0.7071 0.0000	</row0>
					<row1>	0.0000 1.0000 0.0000 0.0000	</row1>
					<row2>	-0.7071 0.0000 -0.7071 0.0000	</row2>
					<row3>	-0.1279 1.1678 -1.2687 1.0000	</row3>
				</transform>
			</node>
			<node>
				<identifier>	MP_JM191_SanBox	</identifier>
				<transform>
					<row0>	-0.9239 0.0000 -0.3827 0.0000	</row0>
					<row1>	0.0000 1.0000 0.0000 0.0000	</row1>
					<row2>	0.3827 0.0000 -0.9239 0.0000	</row2>
					<row3>	0.1244 0.3128 -3.9788 1.0000	</row3>
				</transform>
			</node>
			<node>
				<identifier>	MP_JM191_SanBox_INDEX_1	</identifier>
				<transform>
					<row0>	-0.1305 0.0000 0.9914 0.0000	</row0>
					<row1>	0.0000 1.0000 0.0000 0.0000	</row1>
					<row2>	-0.9914 0.0000 -0.1305 0.0000	</row2>
					<row3>	-0.3754 0.3155 -3.6710 1.0000	</row3>
				</transform>
			</node>
			<node>
				<identifier>	MP_JM191_SanBox_INDEX_2	</identifier>
				<transform>
					<row0>	-0.7934 0.0000 -0.6088 0.0000	</row0>
					<row1>	0.0000 1.0000 0.0000 0.0000	</row1>
					<row2>	0.6088 0.0000 -0.7934 0.0000	</row2>
					<row3>	0.2310 0.5167 -2.1008 1.0000	</row3>
				</transform>
			</node>
			<node>
				<identifier>	MP_JM191_SanBox_INDEX_3	</identifier>
				<transform>
					<row0>	-0.6088 0.0000 0.7934 0.0000	</row0>
					<row1>	0.0000 1.0000 0.0000 0.0000	</row1>
					<row2>	-0.7934 0.0000 -0.6088 0.0000	</row2>
					<row3>	-0.3000 0.5169 -2.0315 1.0000	</row3>
				</transform>
			</node>
			<node>
				<identifier>	MP_JM191_SanBox_INDEX_4	</identifier>
				<transform>
					<row0>	-0.6088 0.0000 -0.7934 0.0000	</row0>
					<row1>	0.0000 1.0000 0.0000 0.0000	</row1>
					<row2>	0.7934 0.0000 -0.6088 0.0000	</row2>
					<row3>	0.3000 0.5169 -2.0315 1.0000	</row3>
				</transform>
			</node>
			<node>
				<identifier>	MP_JM191_SanBox_INDEX_5	</identifier>
				<transform>
					<row0>	-0.9239 0.0000 -0.3827 0.0000	</row0>
					<row1>	0.0000 1.0000 0.0000 0.0000	</row1>
					<row2>	0.3827 0.0000 -0.9239 0.0000	</row2>
					<row3>	0.1692 0.3128 -3.9603 1.0000	</row3>
				</transform>
			</node>
			<node>
				<identifier>	MP_JM191_SanBox_INDEX_6	</identifier>
				<transform>
					<row0>	-0.7934 0.0000 0.6088 0.0000	</row0>
					<row1>	0.0000 1.0000 0.0000 0.0000	</row1>
					<row2>	-0.6088 0.0000 -0.7934 0.0000	</row2>
					<row3>	-0.2310 0.5167 -2.1008 1.0000	</row3>
				</transform>
			</node>
			<node>
				<identifier>	MP_JM202_Fender	</identifier>
				<transform>
					<row0>	0.0000 0.0000 1.0000 0.0000	</row0>
					<row1>	0.0000 1.0000 0.0000 0.0000	</row1>
					<row2>	-1.0000 0.0000 0.0000 0.0000	</row2>
					<row3>	0.3705 0.5172 -0.7734 1.0000	</row3>
				</transform>
			</node>
			<node>
				<identifier>	MP_JM202_Fender_INDEX_1	</identifier>
				<transform>
					<row0>	0.0000 0.0000 1.0000 0.0000	</row0>
					<row1>	0.0000 1.0000 0.0000 0.0000	</row1>
					<row2>	-1.0000 0.0000 0.0000 0.0000	</row2>
					<row3>	-0.3705 0.5172 -0.7734 1.0000	</row3>
				</transform>
			</node>
			<node>
				<identifier>	MP_JM215_Day_Light_Wind_Intensity	</identifier>
				<transform>
					<row0>	1.0000 0.0000 0.0000 0.0000	</row0>
					<row1>	0.0000 1.0000 0.0000 0.0000	</row1>
					<row2>	0.0000 0.0000 1.0000 0.0000	</row2>
					<row3>	0.0000 3.1736 -0.8960 1.0000	</row3>
				</transform>
			</node>
			<node>
				<identifier>	MP_JM224_Searchlight_Control	</identifier>
				<transform>
					<row0>	-1.0000 0.0000 0.0000 0.0000	</row0>
					<row1>	0.0000 1.0000 0.0000 0.0000	</row1>
					<row2>	0.0000 0.0000 -1.0000 0.0000	</row2>
					<row3>	0.0000 1.6013 -1.3141 1.0000	</row3>
				</transform>
			</node>
			<node>
				<identifier>	MP_JM267_Wall_ring	</identifier>
				<transform>
					<row0>	1.4350 0.0000 -2.7479 0.0000	</row0>
					<row1>	0.0000 3.1000 0.0000 0.0000	</row1>
					<row2>	2.7479 0.0000 1.4350 0.0000	</row2>
					<row3>	-0.3764 0.4383 -3.5950 1.0000	</row3>
				</transform>
			</node>
			<node>
				<identifier>	MP_JM267_Wall_ring_INDEX_1	</identifier>
				<transform>
					<row0>	1.4350 0.0000 2.7479 0.0000	</row0>
					<row1>	0.0000 3.1000 0.0000 0.0000	</row1>
					<row2>	-2.7479 0.0000 1.4350 0.0000	</row2>
					<row3>	0.3735 0.4383 -3.6006 1.0000	</row3>
				</transform>
			</node>
			<node>
				<identifier>	MP_JM267_Wall_ring_INDEX_2	</identifier>
				<transform>
					<row0>	1.4350 0.0000 2.7479 0.0000	</row0>
					<row1>	0.0000 3.1000 0.0000 0.0000	</row1>
					<row2>	-2.7479 0.0000 1.4350 0.0000	</row2>
					<row3>	0.3828 0.4383 -3.5827 1.0000	</row3>
				</transform>
			</node>
			<node>
				<identifier>	MP_JM267_Wall_ring_INDEX_3	</identifier>
				<transform>
					<row0>	1.4350 0.0000 -2.7479 0.0000	</row0>
					<row1>	0.0000 3.1000 0.0000 0.0000	</row1>
					<row2>	2.7479 0.0000 1.4350 0.0000	</row2>
					<row3>	-0.3857 0.4383 -3.5771 1.0000	</row3>
				</transform>
			</node>
			<node>
				<identifier>	MP_JM281_Crane	</identifier>
				<transform>
					<row0>	-0.8850 0.0000 -0.4656 0.0000	</row0>
					<row1>	0.0000 1.0000 0.0000 0.0000	</row1>
					<row2>	0.4656 0.0000 -0.8850 0.0000	</row2>
					<row3>	-0.4646 0.4152 -3.4373 1.0000	</row3>
				</transform>
			</node>
			<node>
				<identifier>	MP_JM281_Crane_INDEX_1	</identifier>
				<transform>
					<row0>	-0.8850 0.0000 0.4656 0.0000	</row0>
					<row1>	0.0000 1.0000 0.0000 0.0000	</row1>
					<row2>	-0.4656 0.0000 -0.8850 0.0000	</row2>
					<row3>	0.4646 0.4152 -3.4373 1.0000	</row3>
				</transform>
			</node>
			<node>
				<identifier>	MP_JM304_Running_Lights_B	</identifier>
				<transform>
					<row0>	-1.0000 0.0000 0.0000 0.0000	</row0>
					<row1>	0.0000 1.0000 0.0000 0.0000	</row1>
					<row2>	0.0000 0.0000 -1.0000 0.0000	</row2>
					<row3>	0.0149 2.7378 -0.8746 1.0000	</row3>
				</transform>
			</node>
			<node>
				<identifier>	MP_JM368_Life_Buoy	</identifier>
				<transform>
					<row0>	0.0580 0.0000 -0.9983 0.0000	</row0>
					<row1>	0.0000 1.0000 0.0000 0.0000	</row1>
					<row2>	0.9983 0.0000 0.0580 0.0000	</row2>
					<row3>	-0.9827 0.3899 -2.6622 1.0000	</row3>
				</transform>
			</node>
			<node>
				<identifier>	MP_JM368_Life_Buoy_INDEX_1	</identifier>
				<transform>
					<row0>	0.0580 0.0000 0.9983 0.0000	</row0>
					<row1>	0.0000 1.0000 0.0000 0.0000	</row1>
					<row2>	-0.9983 0.0000 0.0580 0.0000	</row2>
					<row3>	0.9827 0.3899 -2.6622 1.0000	</row3>
				</transform>
			</node>
			<node>
				<identifier>	SP_YMS011_YHWL_M_1_INDEX_10	</identifier>
				<transform>
					<row0>	0.9998 0.0000 -0.0209 0.0000	</row0>
					<row1>	0.0000 1.0000 0.0000 0.0000	</row1>
					<row2>	0.0209 0.0000 0.9998 0.0000	</row2>
					<row3>	-1.0045 0.0000 -1.4374 1.0000	</row3>
				</transform>
			</node>
			<node>
				<identifier>	SP_YMS011_YHWL_M_1_INDEX_11	</identifier>
				<transform>
					<row0>	1.0000 0.0000 0.0000 0.0000	</row0>
					<row1>	0.0000 1.0000 0.0000 0.0000	</row1>
					<row2>	0.0000 0.0000 1.0000 0.0000	</row2>
					<row3>	-0.9865 0.0000 -2.2855 1.0000	</row3>
				</transform>
			</node>
			<node>
				<identifier>	SP_YMS011_YHWL_M_1_INDEX_12	</identifier>
				<transform>
					<row0>	0.9997 0.0000 0.0237 0.0000	</row0>
					<row1>	0.0000 1.0000 0.0000 0.0000	</row1>
					<row2>	-0.0237 0.0000 0.9997 0.0000	</row2>
					<row3>	-0.9396 0.0000 -3.1362 1.0000	</row3>
				</transform>
			</node>
			<node>
				<identifier>	SP_YMS011_YHWL_M_1_INDEX_13	</identifier>
				<transform>
					<row0>	0.9981 0.0000 0.0619 0.0000	</row0>
					<row1>	0.0000 1.0000 0.0000 0.0000	</row1>
					<row2>	-0.0619 0.0000 0.9981 0.0000	</row2>
					<row3>	-0.8710 0.0000 -3.9854 1.0000	</row3>
				</transform>
			</node>
			<node>
				<identifier>	SP_YMS011_YHWL_M_1_INDEX_9	</identifier>
				<transform>
					<row0>	0.9987 0.0000 -0.0504 0.0000	</row0>
					<row1>	0.0000 1.0000 0.0000 0.0000	</row1>
					<row2>	0.0504 0.0000 0.9987 0.0000	</row2>
					<row3>	-1.0087 0.0000 -0.5882 1.0000	</row3>
				</transform>
			</node>
			<node>
				<identifier>	SP_YMS012_YHWR_M_1_INDEX_10	</identifier>
				<transform>
					<row0>	0.9998 0.0000 0.0209 0.0000	</row0>
					<row1>	0.0000 1.0000 0.0000 0.0000	</row1>
					<row2>	-0.0209 0.0000 0.9998 0.0000	</row2>
					<row3>	1.0045 0.0000 -1.4374 1.0000	</row3>
				</transform>
			</node>
			<node>
				<identifier>	SP_YMS012_YHWR_M_1_INDEX_11	</identifier>
				<transform>
					<row0>	1.0000 0.0000 0.0000 0.0000	</row0>
					<row1>	0.0000 1.0000 0.0000 0.0000	</row1>
					<row2>	0.0000 0.0000 1.0000 0.0000	</row2>
					<row3>	0.9865 0.0000 -2.2855 1.0000	</row3>
				</transform>
			</node>
			<node>
				<identifier>	SP_YMS012_YHWR_M_1_INDEX_12	</identifier>
				<transform>
					<row0>	0.9997 0.0000 -0.0237 0.0000	</row0>
					<row1>	0.0000 1.0000 0.0000 0.0000	</row1>
					<row2>	0.0237 0.0000 0.9997 0.0000	</row2>
					<row3>	0.9396 0.0000 -3.1362 1.0000	</row3>
				</transform>
			</node>
			<node>
				<identifier>	SP_YMS012_YHWR_M_1_INDEX_13	</identifier>
				<transform>
					<row0>	0.9981 0.0000 -0.0619 0.0000	</row0>
					<row1>	0.0000 1.0000 0.0000 0.0000	</row1>
					<row2>	0.0619 0.0000 0.9981 0.0000	</row2>
					<row3>	0.8710 0.0000 -3.9854 1.0000	</row3>
				</transform>
			</node>
			<node>
				<identifier>	SP_YMS012_YHWR_M_1_INDEX_9	</identifier>
				<transform>
					<row0>	0.9987 0.0000 0.0504 0.0000	</row0>
					<row1>	0.0000 1.0000 0.0000 0.0000	</row1>
					<row2>	-0.0504 0.0000 0.9987 0.0000	</row2>
					<row3>	1.0087 0.0000 -0.5882 1.0000	</row3>
				</transform>
			</node>
			<node>
				<identifier>	SP_YMS021_YHUC_S_1_INDEX_1	</identifier>
				<transform>
					<row0>	-0.1318 -1.4942 0.0000 0.0000	</row0>
					<row1>	1.4913 -0.1315 -0.0942 0.0000	</row1>
					<row2>	0.0938 -0.0083 1.4970 0.0000	</row2>
					<row3>	1.0039 -0.3191 -1.6642 1.0000	</row3>
				</transform>
			</node>
			<node>
				<identifier>	SP_YMS021_YHUC_S_1_INDEX_6	</identifier>
				<transform>
					<row0>	-0.3915 1.4480 0.0040 0.0000	</row0>
					<row1>	-1.4376 -0.3882 -0.1803 0.0000	</row1>
					<row2>	-0.1730 -0.0509 1.4891 0.0000	</row2>
					<row3>	-0.9220 -0.3966 -2.5775 1.0000	</row3>
				</transform>
			</node>
			<node>
				<identifier>	SP_YMS021_YHUC_S_1_INDEX_7	</identifier>
				<transform>
					<row0>	-0.1318 1.4942 0.0000 0.0000	</row0>
					<row1>	-1.4913 -0.1315 -0.0942 0.0000	</row1>
					<row2>	-0.0938 -0.0083 1.4970 0.0000	</row2>
					<row3>	-1.0039 -0.3191 -1.6642 1.0000	</row3>
				</transform>
			</node>
			<node>
				<identifier>	SP_YMS021_YHUC_S_1_INDEX_9	</identifier>
				<transform>
					<row0>	-0.3915 -1.4480 -0.0040 0.0000	</row0>
					<row1>	1.4376 -0.3882 -0.1803 0.0000	</row1>
					<row2>	0.1730 -0.0509 1.4891 0.0000	</row2>
					<row3>	0.9220 -0.3966 -2.5775 1.0000	</row3>
				</transform>
			</node>
			<node>
				<identifier>	SP_YMS022_YHUS_L_1_INDEX_4	</identifier>
				<transform>
					<row0>	0.1180 0.0048 -1.1942 0.0000	</row0>
					<row1>	-0.7839 0.9056 -0.0738 0.0000	</row1>
					<row2>	0.9009 0.7873 0.0921 0.0000	</row2>
					<row3>	-0.5891 -0.4890 -3.6869 1.0000	</row3>
				</transform>
			</node>
			<node>
				<identifier>	SP_YMS022_YHUS_L_1_INDEX_5	</identifier>
				<transform>
					<row0>	0.1180 -0.0048 1.1942 0.0000	</row0>
					<row1>	0.7839 0.9056 -0.0738 0.0000	</row1>
					<row2>	-0.9009 0.7873 0.0921 0.0000	</row2>
					<row3>	0.5891 -0.4890 -3.6869 1.0000	</row3>
				</transform>
			</node>
			<node>
				<identifier>	SP_YMS053_YHDC_S_1_INDEX_10	</identifier>
				<transform>
					<row0>	1.0000 0.0000 0.0000 0.0000	</row0>
					<row1>	0.0000 1.0000 0.0000 0.0000	</row1>
					<row2>	0.0000 0.0000 1.0000 0.0000	</row2>
					<row3>	-0.4711 0.5271 -2.7467 1.0000	</row3>
				</transform>
			</node>
			<node>
				<identifier>	SP_YMS053_YHDC_S_1_INDEX_11	</identifier>
				<transform>
					<row0>	1.0000 0.0000 0.0000 0.0000	</row0>
					<row1>	0.0000 1.0000 0.0000 0.0000	</row1>
					<row2>	0.0000 0.0000 1.0000 0.0000	</row2>
					<row3>	0.4711 0.5271 -2.7467 1.0000	</row3>
				</transform>
			</node>
			<node>
				<identifier>	SP_YMS053_YHDC_S_1_INDEX_8	</identifier>
				<transform>
					<row0>	1.0000 0.0000 0.0000 0.0000	</row0>
					<row1>	0.0000 1.0000 0.0000 0.0000	</row1>
					<row2>	0.0000 0.0000 1.0000 0.0000	</row2>
					<row3>	-0.7579 0.5358 -1.1819 1.0000	</row3>
				</transform>
			</node>
			<node>
				<identifier>	SP_YMS053_YHDC_S_1_INDEX_9	</identifier>
				<transform>
					<row0>	1.0000 0.0000 0.0000 0.0000	</row0>
					<row1>	0.0000 1.0000 0.0000 0.0000	</row1>
					<row2>	0.0000 0.0000 1.0000 0.0000	</row2>
					<row3>	0.7579 0.5358 -1.1819 1.0000	</row3>
				</transform>
			</node>
			<node>
				<identifier>	SP_YMS063_YHGQ_S_1_INDEX_10	</identifier>
				<transform>
					<row0>	0.7518 0.0000 0.2736 0.0000	</row0>
					<row1>	0.0000 0.8000 0.0000 0.0000	</row1>
					<row2>	-0.2736 0.0000 0.7518 0.0000	</row2>
					<row3>	0.2348 1.0354 -1.2387 1.0000	</row3>
				</transform>
			</node>
			<node>
				<identifier>	SP_YMS063_YHGQ_S_1_INDEX_5	</identifier>
				<transform>
					<row0>	-0.5657 0.0000 -0.5657 0.0000	</row0>
					<row1>	0.0000 0.8000 0.0000 0.0000	</row1>
					<row2>	0.5657 0.0000 -0.5657 0.0000	</row2>
					<row3>	-0.1561 1.2365 -0.9817 1.0000	</row3>
				</transform>
			</node>
			<node>
				<identifier>	SP_YMS063_YHGQ_S_1_INDEX_6	</identifier>
				<transform>
					<row0>	-0.5657 0.0000 0.5657 0.0000	</row0>
					<row1>	0.0000 0.8000 0.0000 0.0000	</row1>
					<row2>	-0.5657 0.0000 -0.5657 0.0000	</row2>
					<row3>	0.1561 1.2365 -0.9817 1.0000	</row3>
				</transform>
			</node>
			<node>
				<identifier>	SP_YMS063_YHGQ_S_1_INDEX_7	</identifier>
				<transform>
					<row0>	0.3746 0.0000 -0.9272 0.0000	</row0>
					<row1>	0.0000 1.0000 0.0000 0.0000	</row1>
					<row2>	0.9272 0.0000 0.3746 0.0000	</row2>
					<row3>	0.0000 1.5982 -1.1122 1.0000	</row3>
				</transform>
			</node>
			<node>
				<identifier>	SP_YMS063_YHGQ_S_1_INDEX_8	</identifier>
				<transform>
					<row0>	0.3746 0.0000 0.9272 0.0000	</row0>
					<row1>	0.0000 1.0000 0.0000 0.0000	</row1>
					<row2>	-0.9272 0.0000 0.3746 0.0000	</row2>
					<row3>	0.0000 1.5982 -1.1122 1.0000	</row3>
				</transform>
			</node>
			<node>
				<identifier>	SP_YMS063_YHGQ_S_1_INDEX_9	</identifier>
				<transform>
					<row0>	0.7518 0.0000 -0.2736 0.0000	</row0>
					<row1>	0.0000 0.8000 0.0000 0.0000	</row1>
					<row2>	0.2736 0.0000 0.7518 0.0000	</row2>
					<row3>	-0.2348 1.0354 -1.2387 1.0000	</row3>
				</transform>
			</node>
			<node>
