<BSC032_Nottingham_1939_MidFront_ports.visual>
	<node>
		<identifier>	Scene Root	</identifier>
		<transform>
			<row0>	1.0000 0.0000 0.0000 0.0000	</row0>
			<row1>	0.0000 1.0000 0.0000 0.0000	</row1>
			<row2>	0.0000 0.0000 1.0000 0.0000	</row2>
			<row3>	0.0000 0.0000 0.0000 1.0000	</row3>
		</transform>
		<node>
			<identifier>	MidFront_ports	</identifier>
			<transform>
				<row0>	1.0000 0.0000 0.0000 0.0000	</row0>
				<row1>	0.0000 1.0000 0.0000 0.0000	</row1>
				<row2>	0.0000 0.0000 1.0000 0.0000	</row2>
				<row3>	0.0000 0.0000 0.0000 1.0000	</row3>
			</transform>
			<node>
				<identifier>	HP_BD_1	</identifier>
				<transform>
					<row0>	0.7071 0.0000 0.7071 0.0000	</row0>
					<row1>	0.0000 1.0000 0.0000 0.0000	</row1>
					<row2>	-0.7071 0.0000 0.7071 0.0000	</row2>
					<row3>	-0.2929 0.8469 0.4780 1.0000	</row3>
				</transform>
			</node>
			<node>
				<identifier>	HP_BD_2	</identifier>
				<transform>
					<row0>	0.7071 0.0000 -0.7071 0.0000	</row0>
					<row1>	0.0000 1.0000 0.0000 0.0000	</row1>
					<row2>	0.7071 0.0000 0.7071 0.0000	</row2>
					<row3>	0.2929 0.8469 0.4780 1.0000	</row3>
				</transform>
			</node>
			<node>
				<identifier>	HP_BD_3	</identifier>
				<transform>
					<row0>	1.0000 0.0000 0.0000 0.0000	</row0>
					<row1>	0.0000 1.0000 0.0000 0.0000	</row1>
					<row2>	0.0000 0.0000 1.0000 0.0000	</row2>
					<row3>	0.0000 1.3534 0.3542 1.0000	</row3>
				</transform>
			</node>
			<node>
				<identifier>	HP_BD_4	</identifier>
				<transform>
					<row0>	1.0000 0.0000 0.0000 0.0000	</row0>
					<row1>	0.0000 1.0000 0.0000 0.0000	</row1>
					<row2>	0.0000 0.0000 1.0000 0.0000	</row2>
					<row3>	0.0000 1.5088 0.0294 1.0000	</row3>
				</transform>
			</node>
			<node>
				<identifier>	HP_BGA_1	</identifier>
				<transform>
					<row0>	0.7071 0.0000 0.7071 0.0000	</row0>
					<row1>	0.0000 1.0000 0.0000 0.0000	</row1>
					<row2>	-0.7071 0.0000 0.7071 0.0000	</row2>
					<row3>	-0.2290 0.4908 0.8416 1.0000	</row3>
				</transform>
			</node>
			<node>
				<identifier>	HP_BGA_2	</identifier>
				<transform>
					<row0>	0.7071 0.0000 -0.7071 0.0000	</row0>
					<row1>	0.0000 1.0000 0.0000 0.0000	</row1>
					<row2>	0.7071 0.0000 0.7071 0.0000	</row2>
					<row3>	0.2290 0.4908 0.8416 1.0000	</row3>
				</transform>
			</node>
			<node>
				<identifier>	HP_BGA_3	</identifier>
				<transform>
					<row0>	0.0000 0.0000 1.0000 0.0000	</row0>
					<row1>	0.0000 1.0000 0.0000 0.0000	</row1>
					<row2>	-1.0000 0.0000 0.0000 0.0000	</row2>
					<row3>	-0.3342 0.9865 -0.0979 1.0000	</row3>
				</transform>
			</node>
			<node>
				<identifier>	HP_BGA_4	</identifier>
				<transform>
					<row0>	0.0000 0.0000 -1.0000 0.0000	</row0>
					<row1>	0.0000 1.0000 0.0000 0.0000	</row1>
					<row2>	1.0000 0.0000 0.0000 0.0000	</row2>
					<row3>	0.3342 0.9865 -0.0979 1.0000	</row3>
				</transform>
			</node>
			<node>
				<identifier>	HP_BGA_5	</identifier>
				<transform>
					<row0>	0.0000 0.0000 1.0000 0.0000	</row0>
					<row1>	0.0000 1.0000 0.0000 0.0000	</row1>
					<row2>	-1.0000 0.0000 0.0000 0.0000	</row2>
					<row3>	-0.1888 0.6580 -0.5395 1.0000	</row3>
				</transform>
			</node>
			<node>
				<identifier>	HP_BGA_6	</identifier>
				<transform>
					<row0>	0.0000 0.0000 -1.0000 0.0000	</row0>
					<row1>	0.0000 1.0000 0.0000 0.0000	</row1>
					<row2>	1.0000 0.0000 0.0000 0.0000	</row2>
					<row3>	0.1888 0.6580 -0.5395 1.0000	</row3>
				</transform>
			</node>
			<node>
				<identifier>	HP_BGM_3	</identifier>
				<transform>
					<row0>	1.0000 0.0000 0.0000 0.0000	</row0>
					<row1>	0.0000 1.0000 0.0000 0.0000	</row1>
					<row2>	0.0000 0.0000 1.0000 0.0000	</row2>
					<row3>	0.0000 0.3833 1.9390 1.0000	</row3>
				</transform>
			</node>
			<node>
				<identifier>	HP_BGS_1	</identifier>
				<transform>
					<row0>	1.0000 0.0000 0.0000 0.0000	</row0>
					<row1>	0.0000 1.0000 0.0000 0.0000	</row1>
					<row2>	0.0000 0.0000 1.0000 0.0000	</row2>
					<row3>	-0.3567 0.4906 -0.2150 1.0000	</row3>
				</transform>
			</node>
			<node>
				<identifier>	HP_BGS_2	</identifier>
				<transform>
					<row0>	1.0000 0.0000 0.0000 0.0000	</row0>
					<row1>	0.0000 1.0000 0.0000 0.0000	</row1>
					<row2>	0.0000 0.0000 1.0000 0.0000	</row2>
					<row3>	0.3567 0.4906 -0.2150 1.0000	</row3>
				</transform>
			</node>
			<node>
				<identifier>	HP_BRF_1	</identifier>
				<transform>
					<row0>	1.0000 0.0000 0.0000 0.0000	</row0>
					<row1>	0.0000 1.0000 0.0000 0.0000	</row1>
					<row2>	0.0000 0.0000 1.0000 0.0000	</row2>
					<row3>	-0.1129 2.0858 -0.0890 1.0000	</row3>
				</transform>
			</node>
			<node>
				<identifier>	HP_FX_Death_2	</identifier>
				<transform>
					<row0>	1.0000 0.0000 0.0000 0.0000	</row0>
					<row1>	0.0000 1.0000 0.0000 0.0000	</row1>
					<row2>	0.0000 0.0000 1.0000 0.0000	</row2>
					<row3>	0.0000 0.0000 0.2797 1.0000	</row3>
				</transform>
			</node>
			<node>
				<identifier>	HP_FX_Fire_2	</identifier>
				<transform>
					<row0>	1.0000 0.0000 0.0000 0.0000	</row0>
					<row1>	0.0000 1.0000 0.0000 0.0000	</row1>
					<row2>	0.0000 0.0000 1.0000 0.0000	</row2>
					<row3>	0.0000 0.5462 1.0450 1.0000	</row3>
				</transform>
			</node>
			<node>
				<identifier>	HP_FX_Fire_2_side_1	</identifier>
				<transform>
					<row0>	1.0000 0.0000 0.0000 0.0000	</row0>
					<row1>	0.0000 1.0000 0.0000 0.0000	</row1>
					<row2>	0.0000 0.0000 1.0000 0.0000	</row2>
					<row3>	-0.5575 0.3431 1.4576 1.0000	</row3>
				</transform>
			</node>
			<node>
				<identifier>	HP_FX_Fire_2_side_2	</identifier>
				<transform>
					<row0>	1.0000 0.0000 0.0000 0.0000	</row0>
					<row1>	0.0000 1.0000 0.0000 0.0000	</row1>
					<row2>	0.0000 0.0000 1.0000 0.0000	</row2>
					<row3>	0.5664 0.3918 -0.4293 1.0000	</row3>
				</transform>
			</node>
			<node>
				<identifier>	HP_FX_FloodLight_left_2	</identifier>
				<transform>
					<row0>	-1.0000 0.0000 0.0000 0.0000	</row0>
					<row1>	0.0000 1.0000 0.0000 0.0000	</row1>
					<row2>	0.0000 0.0000 -1.0000 0.0000	</row2>
					<row3>	-0.3052 0.7217 0.1061 1.0000	</row3>
				</transform>
			</node>
			<node>
				<identifier>	HP_FX_FloodLight_right_2	</identifier>
				<transform>
					<row0>	1.0000 0.0000 0.0000 0.0000	</row0>
					<row1>	0.0000 1.0000 0.0000 0.0000	</row1>
					<row2>	0.0000 0.0000 1.0000 0.0000	</row2>
					<row3>	0.3055 0.7183 0.1120 1.0000	</row3>
				</transform>
			</node>
			<node>
				<identifier>	HP_FX_Flood_steam_left	</identifier>
				<transform>
					<row0>	-1.0000 0.0000 0.0000 0.0000	</row0>
					<row1>	0.0000 1.0000 0.0000 0.0000	</row1>
					<row2>	0.0000 0.0000 -1.0000 0.0000	</row2>
					<row3>	-0.6117 0.2551 1.4507 1.0000	</row3>
				</transform>
			</node>
			<node>
				<identifier>	HP_FX_Flood_water_left_2	</identifier>
				<transform>
					<row0>	-1.0000 0.0000 0.0000 0.0000	</row0>
					<row1>	0.0000 1.0000 0.0000 0.0000	</row1>
					<row2>	0.0000 0.0000 -1.0000 0.0000	</row2>
					<row3>	-0.6095 0.0385 -0.2365 1.0000	</row3>
				</transform>
			</node>
			<node>
				<identifier>	HP_FX_Flood_water_right_2	</identifier>
				<transform>
					<row0>	1.0000 0.0000 0.0000 0.0000	</row0>
					<row1>	0.0000 1.0000 0.0000 0.0000	</row1>
					<row2>	0.0000 0.0000 1.0000 0.0000	</row2>
					<row3>	0.6095 0.0383 -0.2365 1.0000	</row3>
				</transform>
			</node>
			<node>
				<identifier>	HP_Ship_death_1	</identifier>
				<transform>
					<row0>	1.0000 0.0000 0.0000 0.0000	</row0>
					<row1>	0.0000 1.0000 0.0000 0.0000	</row1>
					<row2>	0.0000 0.0000 1.0000 0.0000	</row2>
					<row3>	0.0000 0.0000 2.4910 1.0000	</row3>
				</transform>
			</node>
			<node>
				<identifier>	HP_flag_1	</identifier>
				<transform>
					<row0>	0.9878 -0.1550 0.0159 0.0000	</row0>
					<row1>	0.1550 0.9671 -0.2015 0.0000	</row1>
					<row2>	0.0159 0.2015 0.9794 0.0000	</row2>
					<row3>	0.3623 2.7106 -0.4051 1.0000	</row3>
				</transform>
			</node>
			<node>
				<identifier>	HP_flag_2	</identifier>
				<transform>
					<row0>	0.9878 0.1550 -0.0159 0.0000	</row0>
					<row1>	-0.1550 0.9671 -0.2015 0.0000	</row1>
					<row2>	-0.0159 0.2015 0.9794 0.0000	</row2>
					<row3>	-0.3634 2.7104 -0.4053 1.0000	</row3>
				</transform>
			</node>
			<node>
				<identifier>	HP_flag_3	</identifier>
				<transform>
					<row0>	0.9980 -0.0636 0.0065 0.0000	</row0>
					<row1>	0.0636 0.9770 -0.2035 0.0000	</row1>
					<row2>	0.0065 0.2035 0.9791 0.0000	</row2>
					<row3>	0.1923 2.7098 -0.4057 1.0000	</row3>
				</transform>
			</node>
			<node>
				<identifier>	HP_flag_4	</identifier>
				<transform>
					<row0>	0.9980 0.0636 -0.0065 0.0000	</row0>
					<row1>	-0.0636 0.9770 -0.2035 0.0000	</row1>
					<row2>	-0.0065 0.2035 0.9791 0.0000	</row2>
					<row3>	-0.1923 2.7098 -0.4057 1.0000	</row3>
				</transform>
			</node>
			<node>
				<identifier>	HP_flag_courtesy	</identifier>
				<transform>
					<row0>	0.9799 -0.1985 0.0205 0.0000	</row0>
					<row1>	0.1985 0.9591 -0.2019 0.0000	</row1>
					<row2>	0.0205 0.2019 0.9792 0.0000	</row2>
					<row3>	0.4455 2.7109 -0.4093 1.0000	</row3>
				</transform>
			</node>
			<node>
				<identifier>	HP_flag_house	</identifier>
				<transform>
					<row0>	0.9799 0.1985 -0.0205 0.0000	</row0>
					<row1>	-0.1985 0.9591 -0.2019 0.0000	</row1>
					<row2>	-0.0205 0.2019 0.9792 0.0000	</row2>
					<row3>	-0.4460 2.7109 -0.4083 1.0000	</row3>
				</transform>
			</node>
			<node>
				<identifier>	MP_BM001_Paravane	</identifier>
				<transform>
					<row0>	0.0000 1.0000 0.0000 0.0000	</row0>
					<row1>	-0.8158 0.0000 0.5783 0.0000	</row1>
					<row2>	0.5783 0.0000 0.8158 0.0000	</row2>
					<row3>	-0.1408 0.3919 1.3186 1.0000	</row3>
				</transform>
			</node>
			<node>
				<identifier>	MP_BM001_Paravane_INDEX_1	</identifier>
				<transform>
					<row0>	0.0000 -1.0000 0.0000 0.0000	</row0>
					<row1>	0.8158 0.0000 0.5783 0.0000	</row1>
					<row2>	-0.5783 0.0000 0.8158 0.0000	</row2>
					<row3>	0.1408 0.3919 1.3186 1.0000	</row3>
				</transform>
			</node>
			<node>
				<identifier>	MP_BM004_Reels	</identifier>
				<transform>
					<row0>	1.0000 0.0000 0.0000 0.0000	</row0>
					<row1>	0.0000 1.0000 0.0000 0.0000	</row1>
					<row2>	0.0000 0.0000 1.0000 0.0000	</row2>
					<row3>	-0.1448 0.4913 1.0440 1.0000	</row3>
				</transform>
			</node>
			<node>
				<identifier>	MP_BM004_Reels_INDEX_1	</identifier>
				<transform>
					<row0>	1.0000 0.0000 0.0000 0.0000	</row0>
					<row1>	0.0000 1.0000 0.0000 0.0000	</row1>
					<row2>	0.0000 0.0000 1.0000 0.0000	</row2>
					<row3>	0.1448 0.4913 1.0440 1.0000	</row3>
				</transform>
			</node>
			<node>
				<identifier>	MP_BM004_Reels_INDEX_2	</identifier>
				<transform>
					<row0>	0.0000 0.0000 -1.0000 0.0000	</row0>
					<row1>	0.0000 1.0000 0.0000 0.0000	</row1>
					<row2>	1.0000 0.0000 0.0000 0.0000	</row2>
					<row3>	0.6220 0.4902 -0.1336 1.0000	</row3>
				</transform>
			</node>
			<node>
				<identifier>	MP_BM004_Reels_INDEX_3	</identifier>
				<transform>
					<row0>	0.8840 0.0000 0.0000 0.0000	</row0>
					<row1>	0.0000 0.0000 0.8840 0.0000	</row1>
					<row2>	0.0000 -0.8840 0.0000 0.0000	</row2>
					<row3>	-0.0388 0.4424 1.4095 1.0000	</row3>
				</transform>
			</node>
			<node>
				<identifier>	MP_BM004_Reels_INDEX_4	</identifier>
				<transform>
					<row0>	0.8840 0.0000 0.0000 0.0000	</row0>
					<row1>	0.0000 0.0000 0.8840 0.0000	</row1>
					<row2>	0.0000 -0.8840 0.0000 0.0000	</row2>
					<row3>	0.0388 0.4424 1.4095 1.0000	</row3>
				</transform>
			</node>
			<node>
				<identifier>	MP_BM004_Reels_INDEX_5	</identifier>
				<transform>
					<row0>	0.0000 0.0000 1.0000 0.0000	</row0>
					<row1>	0.0000 1.0000 0.0000 0.0000	</row1>
					<row2>	-1.0000 0.0000 0.0000 0.0000	</row2>
					<row3>	-0.6220 0.4902 -0.1336 1.0000	</row3>
				</transform>
			</node>
			<node>
				<identifier>	MP_BM004_Reels_INDEX_6	</identifier>
				<transform>
					<row0>	1.0000 0.0000 0.0000 0.0000	</row0>
					<row1>	0.0000 1.0000 0.0000 0.0000	</row1>
					<row2>	0.0000 0.0000 1.0000 0.0000	</row2>
					<row3>	0.4190 0.3193 1.7836 1.0000	</row3>
				</transform>
			</node>
			<node>
				<identifier>	MP_BM004_Reels_INDEX_7	</identifier>
				<transform>
					<row0>	0.5053 0.0000 0.8629 0.0000	</row0>
					<row1>	-0.8629 0.0000 0.5053 0.0000	</row1>
					<row2>	0.0000 -1.0000 0.0000 0.0000	</row2>
					<row3>	-0.2754 0.4336 1.0667 1.0000	</row3>
				</transform>
			</node>
			<node>
				<identifier>	MP_BM004_Reels_INDEX_8	</identifier>
				<transform>
					<row0>	1.0000 0.0000 0.0000 0.0000	</row0>
					<row1>	0.0000 1.0000 0.0000 0.0000	</row1>
					<row2>	0.0000 0.0000 1.0000 0.0000	</row2>
					<row3>	-0.4190 0.3193 1.7836 1.0000	</row3>
				</transform>
			</node>
			<node>
				<identifier>	MP_BM004_Reels_INDEX_9	</identifier>
				<transform>
					<row0>	0.5053 0.0000 -0.8629 0.0000	</row0>
					<row1>	0.8629 0.0000 0.5053 0.0000	</row1>
					<row2>	0.0000 -1.0000 0.0000 0.0000	</row2>
					<row3>	0.2754 0.4336 1.0667 1.0000	</row3>
				</transform>
			</node>
			<node>
				<identifier>	MP_BM012_Telpher	</identifier>
				<transform>
					<row0>	-1.0000 0.0000 0.0000 0.0000	</row0>
					<row1>	0.0000 1.0000 0.0000 0.0000	</row1>
					<row2>	0.0000 0.0000 -1.0000 0.0000	</row2>
					<row3>	0.4364 0.4625 -0.4127 1.0000	</row3>
				</transform>
			</node>
			<node>
				<identifier>	MP_BM012_Telpher_INDEX_1	</identifier>
				<transform>
					<row0>	-1.0000 0.0000 0.0000 0.0000	</row0>
					<row1>	0.0000 1.0000 0.0000 0.0000	</row1>
					<row2>	0.0000 0.0000 -1.0000 0.0000	</row2>
					<row3>	-0.4364 0.4625 -0.4127 1.0000	</row3>
				</transform>
			</node>
			<node>
				<identifier>	MP_BM161_Crest_Nottingham	</identifier>
				<transform>
					<row0>	1.0000 0.0000 0.0000 0.0000	</row0>
					<row1>	0.0000 1.0000 0.0000 0.0000	</row1>
					<row2>	0.0000 0.0000 1.0000 0.0000	</row2>
					<row3>	0.0000 1.0348 0.6787 1.0000	</row3>
				</transform>
			</node>
			<node>
				<identifier>	MP_BM163_Helmets_Rack	</identifier>
				<transform>
					<row0>	1.0000 0.0000 0.0000 0.0000	</row0>
					<row1>	0.0000 1.0000 0.0000 0.0000	</row1>
					<row2>	0.0000 0.0000 1.0000 0.0000	</row2>
					<row3>	0.0313 1.1747 -0.1322 1.0000	</row3>
				</transform>
			</node>
			<node>
				<identifier>	MP_BM163_Helmets_Rack_INDEX_1	</identifier>
				<transform>
					<row0>	1.0000 0.0000 0.0000 0.0000	</row0>
					<row1>	0.0000 1.0000 0.0000 0.0000	</row1>
					<row2>	0.0000 0.0000 1.0000 0.0000	</row2>
					<row3>	-0.1363 1.0186 -0.1299 1.0000	</row3>
				</transform>
			</node>
			<node>
				<identifier>	MP_BM163_Helmets_Rack_INDEX_2	</identifier>
				<transform>
					<row0>	0.0000 0.0000 -1.0000 0.0000	</row0>
					<row1>	0.0000 1.0000 0.0000 0.0000	</row1>
					<row2>	1.0000 0.0000 0.0000 0.0000	</row2>
					<row3>	0.3021 0.5146 0.0900 1.0000	</row3>
				</transform>
			</node>
			<node>
				<identifier>	MP_BM163_Helmets_Rack_INDEX_3	</identifier>
				<transform>
					<row0>	0.0000 0.0000 -1.0000 0.0000	</row0>
					<row1>	0.0000 1.0000 0.0000 0.0000	</row1>
					<row2>	1.0000 0.0000 0.0000 0.0000	</row2>
					<row3>	0.1653 0.5146 -0.6585 1.0000	</row3>
				</transform>
			</node>
			<node>
				<identifier>	MP_BM163_Helmets_Rack_INDEX_4	</identifier>
				<transform>
					<row0>	0.0000 0.0000 1.0000 0.0000	</row0>
					<row1>	0.0000 1.0000 0.0000 0.0000	</row1>
					<row2>	-1.0000 0.0000 0.0000 0.0000	</row2>
					<row3>	-0.3021 0.5146 0.0865 1.0000	</row3>
				</transform>
			</node>
			<node>
				<identifier>	MP_BM163_Helmets_Rack_INDEX_5	</identifier>
				<transform>
					<row0>	1.0000 0.0000 0.0000 0.0000	</row0>
					<row1>	0.0000 1.0000 0.0000 0.0000	</row1>
					<row2>	0.0000 0.0000 1.0000 0.0000	</row2>
					<row3>	0.1363 1.0186 -0.1299 1.0000	</row3>
				</transform>
			</node>
			<node>
				<identifier>	MP_BM163_Helmets_Rack_INDEX_6	</identifier>
				<transform>
					<row0>	0.0000 0.0000 1.0000 0.0000	</row0>
					<row1>	0.0000 1.0000 0.0000 0.0000	</row1>
					<row2>	-1.0000 0.0000 0.0000 0.0000	</row2>
					<row3>	-0.1653 0.5146 -0.6585 1.0000	</row3>
				</transform>
			</node>
			<node>
				<identifier>	MP_BM164_Talker_Helmets_Rack	</identifier>
				<transform>
					<row0>	1.0000 0.0000 0.0000 0.0000	</row0>
					<row1>	0.0000 1.0000 0.0000 0.0000	</row1>
					<row2>	0.0000 0.0000 1.0000 0.0000	</row2>
					<row3>	-0.0944 1.0340 -0.1308 1.0000	</row3>
				</transform>
			</node>
			<node>
				<identifier>	MP_BM164_Talker_Helmets_Rack_INDEX_1	</identifier>
				<transform>
					<row0>	1.0000 0.0000 0.0000 0.0000	</row0>
					<row1>	0.0000 1.0000 0.0000 0.0000	</row1>
					<row2>	0.0000 0.0000 1.0000 0.0000	</row2>
					<row3>	0.0944 1.0340 -0.1308 1.0000	</row3>
				</transform>
			</node>
			<node>
				<identifier>	MP_BM164_Talker_Helmets_Rack_INDEX_2	</identifier>
				<transform>
					<row0>	0.7608 0.0000 0.6490 0.0000	</row0>
					<row1>	0.0000 1.0000 0.0000 0.0000	</row1>
					<row2>	-0.6490 0.0000 0.7608 0.0000	</row2>
					<row3>	0.2218 1.2045 -0.0831 1.0000	</row3>
				</transform>
			</node>
			<node>
				<identifier>	MP_BM164_Talker_Helmets_Rack_INDEX_3	</identifier>
				<transform>
					<row0>	0.7608 0.0000 -0.6490 0.0000	</row0>
					<row1>	0.0000 1.0000 0.0000 0.0000	</row1>
					<row2>	0.6490 0.0000 0.7608 0.0000	</row2>
					<row3>	-0.2218 1.2045 -0.0831 1.0000	</row3>
				</transform>
			</node>
			<node>
				<identifier>	MP_BM501_Cutter_32ft	</identifier>
				<transform>
					<row0>	1.0000 0.0000 0.0065 0.0000	</row0>
					<row1>	0.0000 1.0000 0.0000 0.0000	</row1>
					<row2>	-0.0065 0.0000 1.0000 0.0000	</row2>
					<row3>	-0.5545 0.3259 -0.5333 1.0000	</row3>
				</transform>
			</node>
			<node>
				<identifier>	MP_BM501_Cutter_32ft_INDEX_1	</identifier>
				<transform>
					<row0>	1.0000 0.0000 -0.0065 0.0000	</row0>
					<row1>	0.0000 1.0000 0.0000 0.0000	</row1>
					<row2>	0.0065 0.0000 1.0000 0.0000	</row2>
					<row3>	0.5545 0.3259 -0.5333 1.0000	</row3>
				</transform>
			</node>
			<node>
				<identifier>	MP_BM511_Liferaft_type_20_10ft_h	</identifier>
				<transform>
					<row0>	0.0089 0.0000 1.0000 0.0000	</row0>
					<row1>	1.0000 0.0000 -0.0089 0.0000	</row1>
					<row2>	0.0000 1.0000 0.0000 0.0000	</row2>
					<row3>	-0.6844 0.3901 -0.1335 1.0000	</row3>
				</transform>
			</node>
			<node>
				<identifier>	MP_BM511_Liferaft_type_20_10ft_h_INDEX_1	</identifier>
				<transform>
					<row0>	0.0000 -0.0058 -1.0000 0.0000	</row0>
					<row1>	0.0000 -1.0000 0.0058 0.0000	</row1>
					<row2>	-1.0000 0.0000 0.0000 0.0000	</row2>
					<row3>	0.0000 0.5429 1.2726 1.0000	</row3>
				</transform>
			</node>
			<node>
				<identifier>	MP_BM511_Liferaft_type_20_10ft_h_INDEX_2	</identifier>
				<transform>
					<row0>	0.0000 -0.0058 -1.0000 0.0000	</row0>
					<row1>	0.0000 -1.0000 0.0058 0.0000	</row1>
					<row2>	-1.0000 0.0000 0.0000 0.0000	</row2>
					<row3>	0.0000 0.5182 1.2724 1.0000	</row3>
				</transform>
			</node>
			<node>
				<identifier>	MP_BM511_Liferaft_type_20_10ft_h_INDEX_3	</identifier>
				<transform>
					<row0>	0.0089 0.0000 -1.0000 0.0000	</row0>
					<row1>	-1.0000 0.0000 -0.0089 0.0000	</row1>
					<row2>	0.0000 1.0000 0.0000 0.0000	</row2>
					<row3>	0.6844 0.3901 -0.1335 1.0000	</row3>
				</transform>
			</node>
			<node>
				<identifier>	MP_BM602_Pelorus	</identifier>
				<transform>
					<row0>	1.0000 0.0000 0.0000 0.0000	</row0>
					<row1>	0.0000 1.0000 0.0000 0.0000	</row1>
					<row2>	0.0000 0.0000 1.0000 0.0000	</row2>
					<row3>	0.2711 0.9901 0.2102 1.0000	</row3>
				</transform>
			</node>
			<node>
				<identifier>	MP_BM602_Pelorus_INDEX_1	</identifier>
				<transform>
					<row0>	1.0000 0.0000 0.0000 0.0000	</row0>
					<row1>	0.0000 1.0000 0.0000 0.0000	</row1>
					<row2>	0.0000 0.0000 1.0000 0.0000	</row2>
					<row3>	-0.2711 0.9901 0.2102 1.0000	</row3>
				</transform>
			</node>
			<node>
				<identifier>	MP_BM605_Captain_sight	</identifier>
				<transform>
					<row0>	0.0000 0.0000 1.0000 0.0000	</row0>
					<row1>	0.0000 1.0000 0.0000 0.0000	</row1>
					<row2>	-1.0000 0.0000 0.0000 0.0000	</row2>
					<row3>	-0.2718 1.1666 0.2591 1.0000	</row3>
				</transform>
			</node>
			<node>
				<identifier>	MP_BM605_Captain_sight_INDEX_1	</identifier>
				<transform>
					<row0>	0.5000 0.0000 0.8660 0.0000	</row0>
					<row1>	0.0000 1.0000 0.0000 0.0000	</row1>
					<row2>	-0.8660 0.0000 0.5000 0.0000	</row2>
					<row3>	-0.1719 1.1666 0.4559 1.0000	</row3>
				</transform>
			</node>
			<node>
				<identifier>	MP_BM605_Captain_sight_INDEX_2	</identifier>
				<transform>
					<row0>	0.5000 0.0000 -0.8660 0.0000	</row0>
					<row1>	0.0000 1.0000 0.0000 0.0000	</row1>
					<row2>	0.8660 0.0000 0.5000 0.0000	</row2>
					<row3>	0.1719 1.1666 0.4559 1.0000	</row3>
				</transform>
			</node>
			<node>
				<identifier>	MP_BM605_Captain_sight_INDEX_3	</identifier>
				<transform>
					<row0>	0.0000 0.0000 -1.0000 0.0000	</row0>
					<row1>	0.0000 1.0000 0.0000 0.0000	</row1>
					<row2>	1.0000 0.0000 0.0000 0.0000	</row2>
					<row3>	0.2718 1.1666 0.2591 1.0000	</row3>
				</transform>
			</node>
			<node>
				<identifier>	MP_BM606_Searchlight_sight	</identifier>
				<transform>
					<row0>	0.0000 0.0000 -1.0000 0.0000	</row0>
					<row1>	0.0000 1.0000 0.0000 0.0000	</row1>
					<row2>	1.0000 0.0000 0.0000 0.0000	</row2>
					<row3>	0.2711 0.9858 0.0290 1.0000	</row3>
				</transform>
			</node>
			<node>
				<identifier>	MP_BM606_Searchlight_sight_INDEX_1	</identifier>
				<transform>
					<row0>	1.0000 0.0000 0.0000 0.0000	</row0>
					<row1>	0.0000 1.0000 0.0000 0.0000	</row1>
					<row2>	0.0000 0.0000 1.0000 0.0000	</row2>
					<row3>	0.0000 1.1666 0.6373 1.0000	</row3>
				</transform>
			</node>
			<node>
				<identifier>	MP_BM606_Searchlight_sight_INDEX_2	</identifier>
				<transform>
					<row0>	0.0000 0.0000 -1.0000 0.0000	</row0>
					<row1>	0.0000 1.0000 0.0000 0.0000	</row1>
					<row2>	1.0000 0.0000 0.0000 0.0000	</row2>
					<row3>	0.2711 1.1666 0.0290 1.0000	</row3>
				</transform>
			</node>
			<node>
				<identifier>	MP_BM606_Searchlight_sight_INDEX_3	</identifier>
				<transform>
					<row0>	0.0000 0.0000 1.0000 0.0000	</row0>
					<row1>	0.0000 1.0000 0.0000 0.0000	</row1>
					<row2>	-1.0000 0.0000 0.0000 0.0000	</row2>
					<row3>	-0.2711 0.9858 0.0290 1.0000	</row3>
				</transform>
			</node>
			<node>
				<identifier>	MP_BM606_Searchlight_sight_INDEX_4	</identifier>
				<transform>
					<row0>	0.0000 0.0000 1.0000 0.0000	</row0>
					<row1>	0.0000 1.0000 0.0000 0.0000	</row1>
					<row2>	-1.0000 0.0000 0.0000 0.0000	</row2>
					<row3>	-0.2711 1.1666 0.0290 1.0000	</row3>
				</transform>
			</node>
			<node>
				<identifier>	MP_BM607_Telegraph_Engine_R	</identifier>
				<transform>
					<row0>	0.0000 0.0000 -1.0000 0.0000	</row0>
					<row1>	0.0000 1.0000 0.0000 0.0000	</row1>
					<row2>	1.0000 0.0000 0.0000 0.0000	</row2>
					<row3>	-0.0487 0.9873 0.6197 1.0000	</row3>
				</transform>
			</node>
			<node>
				<identifier>	MP_BM607_Telegraph_Engine_R_INDEX_1	</identifier>
				<transform>
					<row0>	1.0000 0.0000 0.0000 0.0000	</row0>
					<row1>	0.0000 1.0000 0.0000 0.0000	</row1>
					<row2>	0.0000 0.0000 1.0000 0.0000	</row2>
					<row3>	-0.1046 0.9873 0.5984 1.0000	</row3>
				</transform>
			</node>
			<node>
				<identifier>	MP_BM610_Speaker_2	</identifier>
				<transform>
					<row0>	-1.0000 0.0000 0.0000 0.0000	</row0>
					<row1>	0.0000 1.0000 0.0000 0.0000	</row1>
					<row2>	0.0000 0.0000 -1.0000 0.0000	</row2>
					<row3>	0.0000 1.3215 0.2625 1.0000	</row3>
				</transform>
			</node>
			<node>
				<identifier>	MP_BM610_Speaker_2_INDEX_1	</identifier>
				<transform>
					<row0>	0.5026 0.0000 0.8645 0.0000	</row0>
					<row1>	0.0000 1.0000 0.0000 0.0000	</row1>
					<row2>	-0.8645 0.0000 0.5026 0.0000	</row2>
					<row3>	-0.4294 0.4516 0.8066 1.0000	</row3>
				</transform>
			</node>
			<node>
				<identifier>	MP_BM610_Speaker_2_INDEX_2	</identifier>
				<transform>
					<row0>	0.5026 0.0000 -0.8645 0.0000	</row0>
					<row1>	0.0000 1.0000 0.0000 0.0000	</row1>
					<row2>	0.8645 0.0000 0.5026 0.0000	</row2>
					<row3>	0.4294 0.4516 0.8066 1.0000	</row3>
				</transform>
			</node>
			<node>
				<identifier>	MP_BM611_Telephone	</identifier>
				<transform>
					<row0>	-0.7608 0.0000 0.6490 0.0000	</row0>
					<row1>	0.0000 1.0000 0.0000 0.0000	</row1>
					<row2>	-0.6490 0.0000 -0.7608 0.0000	</row2>
					<row3>	-0.2437 1.2283 -0.0636 1.0000	</row3>
				</transform>
			</node>
			<node>
				<identifier>	MP_BM611_Telephone_INDEX_1	</identifier>
				<transform>
					<row0>	0.0000 0.0000 -1.0000 0.0000	</row0>
					<row1>	0.0000 1.0000 0.0000 0.0000	</row1>
					<row2>	1.0000 0.0000 0.0000 0.0000	</row2>
					<row3>	0.3006 1.2283 0.1590 1.0000	</row3>
				</transform>
			</node>
			<node>
				<identifier>	MP_BM611_Telephone_INDEX_10	</identifier>
				<transform>
					<row0>	0.5042 0.0000 0.8636 0.0000	</row0>
					<row1>	0.0000 1.0000 0.0000 0.0000	</row1>
					<row2>	-0.8636 0.0000 0.5042 0.0000	</row2>
					<row3>	-0.2392 1.2283 0.4016 1.0000	</row3>
				</transform>
			</node>
			<node>
				<identifier>	MP_BM611_Telephone_INDEX_11	</identifier>
				<transform>
					<row0>	-0.5107 0.0000 0.8598 0.0000	</row0>
					<row1>	0.0000 1.0000 0.0000 0.0000	</row1>
					<row2>	-0.8598 0.0000 -0.5107 0.0000	</row2>
					<row3>	0.1173 0.5505 0.6129 1.0000	</row3>
				</transform>
			</node>
			<node>
				<identifier>	MP_BM611_Telephone_INDEX_12	</identifier>
				<transform>
					<row0>	-1.0000 0.0000 0.0000 0.0000	</row0>
					<row1>	0.0000 1.0000 0.0000 0.0000	</row1>
					<row2>	0.0000 0.0000 -1.0000 0.0000	</row2>
					<row3>	0.0405 1.0602 -0.1309 1.0000	</row3>
				</transform>
			</node>
			<node>
				<identifier>	MP_BM611_Telephone_INDEX_13	</identifier>
				<transform>
					<row0>	0.0000 0.0000 -1.0000 0.0000	</row0>
					<row1>	0.0000 1.0000 0.0000 0.0000	</row1>
					<row2>	1.0000 0.0000 0.0000 0.0000	</row2>
					<row3>	-0.3022 0.5529 0.0282 1.0000	</row3>
				</transform>
			</node>
			<node>
				<identifier>	MP_BM611_Telephone_INDEX_14	</identifier>
				<transform>
					<row0>	0.5042 0.0000 0.8636 0.0000	</row0>
					<row1>	0.0000 1.0000 0.0000 0.0000	</row1>
					<row2>	-0.8636 0.0000 0.5042 0.0000	</row2>
					<row3>	-0.1211 1.2283 0.6039 1.0000	</row3>
				</transform>
			</node>
			<node>
				<identifier>	MP_BM611_Telephone_INDEX_15	</identifier>
				<transform>
					<row0>	0.0000 0.0000 -1.0000 0.0000	</row0>
					<row1>	0.0000 1.0000 0.0000 0.0000	</row1>
					<row2>	1.0000 0.0000 0.0000 0.0000	</row2>
					<row3>	0.3006 1.2283 0.2233 1.0000	</row3>
				</transform>
			</node>
			<node>
				<identifier>	MP_BM611_Telephone_INDEX_16	</identifier>
				<transform>
					<row0>	1.0000 0.0000 0.0000 0.0000	</row0>
					<row1>	0.0000 1.0000 0.0000 0.0000	</row1>
					<row2>	0.0000 0.0000 1.0000 0.0000	</row2>
					<row3>	-0.0542 1.0525 0.6766 1.0000	</row3>
				</transform>
			</node>
			<node>
				<identifier>	MP_BM611_Telephone_INDEX_17	</identifier>
				<transform>
					<row0>	0.0000 0.0000 1.0000 0.0000	</row0>
					<row1>	0.0000 1.0000 0.0000 0.0000	</row1>
					<row2>	-1.0000 0.0000 0.0000 0.0000	</row2>
					<row3>	-0.2995 1.0602 0.1590 1.0000	</row3>
				</transform>
			</node>
			<node>
				<identifier>	MP_BM611_Telephone_INDEX_18	</identifier>
				<transform>
					<row0>	0.0000 0.0000 1.0000 0.0000	</row0>
					<row1>	0.0000 1.0000 0.0000 0.0000	</row1>
					<row2>	-1.0000 0.0000 0.0000 0.0000	</row2>
					<row3>	-0.3006 1.2283 0.1590 1.0000	</row3>
				</transform>
			</node>
			<node>
				<identifier>	MP_BM611_Telephone_INDEX_19	</identifier>
				<transform>
					<row0>	0.0000 0.0000 1.0000 0.0000	</row0>
					<row1>	0.0000 1.0000 0.0000 0.0000	</row1>
					<row2>	-1.0000 0.0000 0.0000 0.0000	</row2>
					<row3>	0.3022 0.5529 0.0282 1.0000	</row3>
				</transform>
			</node>
			<node>
				<identifier>	MP_BM611_Telephone_INDEX_2	</identifier>
				<transform>
					<row0>	0.5042 0.0000 -0.8636 0.0000	</row0>
					<row1>	0.0000 1.0000 0.0000 0.0000	</row1>
					<row2>	0.8636 0.0000 0.5042 0.0000	</row2>
					<row3>	0.2392 1.2283 0.4016 1.0000	</row3>
				</transform>
			</node>
			<node>
				<identifier>	MP_BM611_Telephone_INDEX_20	</identifier>
				<transform>
					<row0>	1.0000 0.0000 0.0000 0.0000	</row0>
					<row1>	0.0000 1.0000 0.0000 0.0000	</row1>
					<row2>	0.0000 0.0000 1.0000 0.0000	</row2>
					<row3>	-0.0601 0.7240 -0.1337 1.0000	</row3>
				</transform>
			</node>
			<node>
				<identifier>	MP_BM611_Telephone_INDEX_21	</identifier>
				<transform>
					<row0>	1.0000 0.0000 0.0000 0.0000	</row0>
					<row1>	0.0000 1.0000 0.0000 0.0000	</row1>
					<row2>	0.0000 0.0000 1.0000 0.0000	</row2>
					<row3>	0.0542 1.0525 0.6766 1.0000	</row3>
				</transform>
			</node>
			<node>
				<identifier>	MP_BM611_Telephone_INDEX_22	</identifier>
				<transform>
					<row0>	1.0000 0.0000 0.0000 0.0000	</row0>
					<row1>	0.0000 1.0000 0.0000 0.0000	</row1>
					<row2>	0.0000 0.0000 1.0000 0.0000	</row2>
					<row3>	0.0180 1.2283 0.6779 1.0000	</row3>
				</transform>
			</node>
			<node>
				<identifier>	MP_BM611_Telephone_INDEX_23	</identifier>
				<transform>
					<row0>	0.5087 0.0000 -0.8609 0.0000	</row0>
					<row1>	0.0000 1.0000 0.0000 0.0000	</row1>
					<row2>	0.8609 0.0000 0.5087 0.0000	</row2>
					<row3>	0.1429 1.0525 0.5632 1.0000	</row3>
				</transform>
			</node>
			<node>
				<identifier>	MP_BM611_Telephone_INDEX_3	</identifier>
				<transform>
					<row0>	-1.0000 0.0000 0.0000 0.0000	</row0>
					<row1>	0.0000 1.0000 0.0000 0.0000	</row1>
					<row2>	0.0000 0.0000 -1.0000 0.0000	</row2>
					<row3>	-0.0405 1.0602 -0.1309 1.0000	</row3>
				</transform>
			</node>
			<node>
				<identifier>	MP_BM611_Telephone_INDEX_4	</identifier>
				<transform>
					<row0>	-0.7608 0.0000 -0.6490 0.0000	</row0>
					<row1>	0.0000 1.0000 0.0000 0.0000	</row1>
					<row2>	0.6490 0.0000 -0.7608 0.0000	</row2>
					<row3>	0.2437 1.2283 -0.0636 1.0000	</row3>
				</transform>
			</node>
			<node>
				<identifier>	MP_BM611_Telephone_INDEX_5	</identifier>
				<transform>
					<row0>	0.5087 0.0000 0.8609 0.0000	</row0>
					<row1>	0.0000 1.0000 0.0000 0.0000	</row1>
					<row2>	-0.8609 0.0000 0.5087 0.0000	</row2>
					<row3>	-0.1429 1.0525 0.5632 1.0000	</row3>
				</transform>
			</node>
			<node>
				<identifier>	MP_BM611_Telephone_INDEX_6	</identifier>
				<transform>
					<row0>	-0.5107 0.0000 -0.8598 0.0000	</row0>
					<row1>	0.0000 1.0000 0.0000 0.0000	</row1>
					<row2>	0.8598 0.0000 -0.5107 0.0000	</row2>
					<row3>	-0.1173 0.5505 0.6129 1.0000	</row3>
				</transform>
			</node>
			<node>
				<identifier>	MP_BM611_Telephone_INDEX_7	</identifier>
				<transform>
					<row0>	0.5042 0.0000 -0.8636 0.0000	</row0>
					<row1>	0.0000 1.0000 0.0000 0.0000	</row1>
					<row2>	0.8636 0.0000 0.5042 0.0000	</row2>
					<row3>	0.1211 1.2283 0.6039 1.0000	</row3>
				</transform>
			</node>
			<node>
				<identifier>	MP_BM611_Telephone_INDEX_8	</identifier>
				<transform>
					<row0>	0.0000 0.0000 1.0000 0.0000	</row0>
					<row1>	0.0000 1.0000 0.0000 0.0000	</row1>
					<row2>	-1.0000 0.0000 0.0000 0.0000	</row2>
					<row3>	-0.3006 1.2283 0.2233 1.0000	</row3>
				</transform>
			</node>
			<node>
				<identifier>	MP_BM611_Telephone_INDEX_9	</identifier>
				<transform>
					<row0>	0.0000 0.0000 -1.0000 0.0000	</row0>
					<row1>	0.0000 1.0000 0.0000 0.0000	</row1>
					<row2>	1.0000 0.0000 0.0000 0.0000	</row2>
					<row3>	0.2995 1.0602 0.1590 1.0000	</row3>
				</transform>
			</node>
			<node>
				<identifier>	MP_BM612_Switch_Panel	</identifier>
				<transform>
					<row0>	0.5042 0.0000 -0.8636 0.0000	</row0>
					<row1>	0.0000 1.0000 0.0000 0.0000	</row1>
					<row2>	0.8636 0.0000 0.5042 0.0000	</row2>
					<row3>	0.1002 1.2283 0.6397 1.0000	</row3>
				</transform>
			</node>
			<node>
				<identifier>	MP_BM612_Switch_Panel_INDEX_1	</identifier>
				<transform>
					<row0>	0.5042 0.0000 0.8636 0.0000	</row0>
					<row1>	0.0000 1.0000 0.0000 0.0000	</row1>
					<row2>	-0.8636 0.0000 0.5042 0.0000	</row2>
					<row3>	-0.1002 1.2283 0.6397 1.0000	</row3>
				</transform>
			</node>
			<node>
				<identifier>	MP_BM612_Switch_Panel_INDEX_2	</identifier>
				<transform>
					<row0>	0.5042 0.0000 -0.8636 0.0000	</row0>
					<row1>	0.0000 1.0000 0.0000 0.0000	</row1>
					<row2>	0.8636 0.0000 0.5042 0.0000	</row2>
					<row3>	0.1603 1.1977 0.5368 1.0000	</row3>
				</transform>
			</node>
			<node>
				<identifier>	MP_BM612_Switch_Panel_INDEX_3	</identifier>
				<transform>
					<row0>	0.5042 0.0000 0.8636 0.0000	</row0>
					<row1>	0.0000 1.0000 0.0000 0.0000	</row1>
					<row2>	-0.8636 0.0000 0.5042 0.0000	</row2>
					<row3>	-0.2557 1.2283 0.3753 1.0000	</row3>
				</transform>
			</node>
			<node>
				<identifier>	MP_BM612_Switch_Panel_INDEX_4	</identifier>
				<transform>
					<row0>	0.5042 0.0000 -0.8636 0.0000	</row0>
					<row1>	0.0000 1.0000 0.0000 0.0000	</row1>
					<row2>	0.8636 0.0000 0.5042 0.0000	</row2>
					<row3>	0.2557 1.2283 0.3753 1.0000	</row3>
				</transform>
			</node>
			<node>
				<identifier>	MP_BM612_Switch_Panel_INDEX_5	</identifier>
				<transform>
					<row0>	0.5042 0.0000 0.8636 0.0000	</row0>
					<row1>	0.0000 1.0000 0.0000 0.0000	</row1>
					<row2>	-0.8636 0.0000 0.5042 0.0000	</row2>
					<row3>	-0.1603 1.1977 0.5368 1.0000	</row3>
				</transform>
			</node>
			<node>
				<identifier>	MP_BM613_Switch_Panel	</identifier>
				<transform>
					<row0>	0.5042 0.0000 -0.8636 0.0000	</row0>
					<row1>	0.0000 1.0000 0.0000 0.0000	</row1>
					<row2>	0.8636 0.0000 0.5042 0.0000	</row2>
					<row3>	0.2557 1.2016 0.3753 1.0000	</row3>
				</transform>
			</node>
			<node>
				<identifier>	MP_BM613_Switch_Panel_INDEX_1	</identifier>
				<transform>
					<row0>	0.5042 0.0000 0.8636 0.0000	</row0>
					<row1>	0.0000 1.0000 0.0000 0.0000	</row1>
					<row2>	-0.8636 0.0000 0.5042 0.0000	</row2>
					<row3>	-0.2557 1.2016 0.3753 1.0000	</row3>
				</transform>
			</node>
			<node>
				<identifier>	MP_BM613_Switch_Panel_INDEX_2	</identifier>
				<transform>
					<row0>	0.5042 0.0000 -0.8636 0.0000	</row0>
					<row1>	0.0000 1.0000 0.0000 0.0000	</row1>
					<row2>	0.8636 0.0000 0.5042 0.0000	</row2>
					<row3>	0.1002 1.2016 0.6397 1.0000	</row3>
				</transform>
			</node>
			<node>
				<identifier>	MP_BM613_Switch_Panel_INDEX_3	</identifier>
				<transform>
					<row0>	0.5042 0.0000 0.8636 0.0000	</row0>
					<row1>	0.0000 1.0000 0.0000 0.0000	</row1>
					<row2>	-0.8636 0.0000 0.5042 0.0000	</row2>
					<row3>	-0.1002 1.2016 0.6397 1.0000	</row3>
				</transform>
			</node>
			<node>
				<identifier>	MP_BM615_Director_Station	</identifier>
				<transform>
					<row0>	0.5042 0.0000 -0.8636 0.0000	</row0>
					<row1>	0.0000 1.0000 0.0000 0.0000	</row1>
					<row2>	0.8636 0.0000 0.5042 0.0000	</row2>
					<row3>	0.2855 1.2123 0.3236 1.0000	</row3>
				</transform>
			</node>
			<node>
				<identifier>	MP_BM615_Director_Station_INDEX_1	</identifier>
				<transform>
					<row0>	0.5042 0.0000 -0.8636 0.0000	</row0>
					<row1>	0.0000 1.0000 0.0000 0.0000	</row1>
					<row2>	0.8636 0.0000 0.5042 0.0000	</row2>
					<row3>	0.1567 1.2123 0.5428 1.0000	</row3>
				</transform>
			</node>
			<node>
				<identifier>	MP_BM615_Director_Station_INDEX_2	</identifier>
				<transform>
					<row0>	0.5042 0.0000 0.8636 0.0000	</row0>
					<row1>	0.0000 1.0000 0.0000 0.0000	</row1>
					<row2>	-0.8636 0.0000 0.5042 0.0000	</row2>
					<row3>	-0.1567 1.2123 0.5428 1.0000	</row3>
				</transform>
			</node>
			<node>
				<identifier>	MP_BM615_Director_Station_INDEX_3	</identifier>
				<transform>
					<row0>	0.5042 0.0000 0.8636 0.0000	</row0>
					<row1>	0.0000 1.0000 0.0000 0.0000	</row1>
					<row2>	-0.8636 0.0000 0.5042 0.0000	</row2>
					<row3>	-0.2855 1.2123 0.3236 1.0000	</row3>
				</transform>
			</node>
			<node>
				<identifier>	MP_BM620_Voice_Tube	</identifier>
				<transform>
					<row0>	-0.4923 0.0000 -0.8704 0.0000	</row0>
					<row1>	0.0000 1.0000 0.0000 0.0000	</row1>
					<row2>	0.8704 0.0000 -0.4923 0.0000	</row2>
					<row3>	-0.1335 0.4894 0.6007 1.0000	</row3>
				</transform>
			</node>
			<node>
				<identifier>	MP_BM620_Voice_Tube_INDEX_1	</identifier>
				<transform>
					<row0>	1.0000 0.0000 0.0000 0.0000	</row0>
					<row1>	0.0000 1.0000 0.0000 0.0000	</row1>
					<row2>	0.0000 0.0000 1.0000 0.0000	</row2>
					<row3>	0.0273 0.9869 0.5612 1.0000	</row3>
				</transform>
			</node>
			<node>
				<identifier>	MP_BM620_Voice_Tube_INDEX_10	</identifier>
				<transform>
					<row0>	1.0000 0.0000 0.0000 0.0000	</row0>
					<row1>	0.0000 1.0000 0.0000 0.0000	</row1>
					<row2>	0.0000 0.0000 1.0000 0.0000	</row2>
					<row3>	-0.0765 0.6580 -0.1408 1.0000	</row3>
				</transform>
			</node>
			<node>
				<identifier>	MP_BM620_Voice_Tube_INDEX_11	</identifier>
				<transform>
					<row0>	1.0000 0.0000 0.0000 0.0000	</row0>
					<row1>	0.0000 1.0000 0.0000 0.0000	</row1>
					<row2>	0.0000 0.0000 1.0000 0.0000	</row2>
					<row3>	0.0341 1.1656 0.6665 1.0000	</row3>
				</transform>
			</node>
			<node>
				<identifier>	MP_BM620_Voice_Tube_INDEX_12	</identifier>
				<transform>
					<row0>	0.5000 0.0000 0.8660 0.0000	</row0>
					<row1>	0.0000 1.0000 0.0000 0.0000	</row1>
					<row2>	-0.8660 0.0000 0.5000 0.0000	</row2>
					<row3>	-0.1287 0.9869 0.5736 1.0000	</row3>
				</transform>
			</node>
			<node>
				<identifier>	MP_BM620_Voice_Tube_INDEX_13	</identifier>
				<transform>
					<row0>	0.5000 0.0000 0.8660 0.0000	</row0>
					<row1>	0.0000 1.0000 0.0000 0.0000	</row1>
					<row2>	-0.8660 0.0000 0.5000 0.0000	</row2>
					<row3>	-0.2204 1.1656 0.4133 1.0000	</row3>
				</transform>
			</node>
			<node>
				<identifier>	MP_BM620_Voice_Tube_INDEX_14	</identifier>
				<transform>
					<row0>	1.0000 0.0000 0.0000 0.0000	</row0>
					<row1>	0.0000 1.0000 0.0000 0.0000	</row1>
					<row2>	0.0000 0.0000 1.0000 0.0000	</row2>
					<row3>	-0.1505 0.6580 -0.4094 1.0000	</row3>
				</transform>
			</node>
			<node>
				<identifier>	MP_BM620_Voice_Tube_INDEX_15	</identifier>
				<transform>
					<row0>	1.0000 0.0000 0.0000 0.0000	</row0>
					<row1>	0.0000 1.0000 0.0000 0.0000	</row1>
					<row2>	0.0000 0.0000 1.0000 0.0000	</row2>
					<row3>	0.1505 0.6580 -0.4094 1.0000	</row3>
				</transform>
			</node>
			<node>
				<identifier>	MP_BM620_Voice_Tube_INDEX_16	</identifier>
				<transform>
					<row0>	-0.8660 0.0000 0.5000 0.0000	</row0>
					<row1>	0.0000 1.0000 0.0000 0.0000	</row1>
					<row2>	-0.5000 0.0000 -0.8660 0.0000	</row2>
					<row3>	-0.2602 1.1656 -0.0391 1.0000	</row3>
				</transform>
			</node>
			<node>
				<identifier>	MP_BM620_Voice_Tube_INDEX_17	</identifier>
				<transform>
					<row0>	0.5000 0.0000 0.8660 0.0000	</row0>
					<row1>	0.0000 1.0000 0.0000 0.0000	</row1>
					<row2>	-0.8660 0.0000 0.5000 0.0000	</row2>
					<row3>	-0.1310 1.1656 0.5681 1.0000	</row3>
				</transform>
			</node>
			<node>
				<identifier>	MP_BM620_Voice_Tube_INDEX_18	</identifier>
				<transform>
					<row0>	1.0000 0.0000 0.0000 0.0000	</row0>
					<row1>	0.0000 1.0000 0.0000 0.0000	</row1>
					<row2>	0.0000 0.0000 1.0000 0.0000	</row2>
					<row3>	-0.0465 1.1487 0.5255 1.0000	</row3>
				</transform>
			</node>
			<node>
				<identifier>	MP_BM620_Voice_Tube_INDEX_19	</identifier>
				<transform>
					<row0>	0.0000 0.0000 1.0000 0.0000	</row0>
					<row1>	0.0000 1.0000 0.0000 0.0000	</row1>
					<row2>	-1.0000 0.0000 0.0000 0.0000	</row2>
					<row3>	0.3109 0.4903 0.0498 1.0000	</row3>
				</transform>
			</node>
			<node>
				<identifier>	MP_BM620_Voice_Tube_INDEX_2	</identifier>
				<transform>
					<row0>	0.5000 0.0000 -0.8660 0.0000	</row0>
					<row1>	0.0000 1.0000 0.0000 0.0000	</row1>
					<row2>	0.8660 0.0000 0.5000 0.0000	</row2>
					<row3>	0.1287 0.9869 0.5736 1.0000	</row3>
				</transform>
			</node>
			<node>
				<identifier>	MP_BM620_Voice_Tube_INDEX_20	</identifier>
				<transform>
					<row0>	0.0000 0.0000 1.0000 0.0000	</row0>
					<row1>	0.0000 1.0000 0.0000 0.0000	</row1>
					<row2>	-1.0000 0.0000 0.0000 0.0000	</row2>
