<ZSD005_Hsiang_Yang_1945_MidFront_ports.visual>
	<node>
		<identifier>	Scene Root	</identifier>
		<transform>
			<row0>	1.0000 0.0000 0.0000 0.0000	</row0>
			<row1>	0.0000 1.0000 0.0000 0.0000	</row1>
			<row2>	0.0000 0.0000 1.0000 0.0000	</row2>
			<row3>	0.0000 0.0000 0.0000 1.0000	</row3>
		</transform>
		<node>
			<identifier>	MidFront_ports	</identifier>
			<transform>
				<row0>	1.0000 0.0000 0.0000 0.0000	</row0>
				<row1>	0.0000 1.0000 0.0000 0.0000	</row1>
				<row2>	0.0000 0.0000 1.0000 0.0000	</row2>
				<row3>	0.0000 0.0000 0.0000 1.0000	</row3>
			</transform>
			<node>
				<identifier>	HP_FX_Death_2	</identifier>
				<transform>
					<row0>	1.0000 0.0000 0.0000 0.0000	</row0>
					<row1>	0.0000 1.0000 0.0000 0.0000	</row1>
					<row2>	0.0000 0.0000 1.0000 0.0000	</row2>
					<row3>	0.0000 0.0000 -0.2105 1.0000	</row3>
				</transform>
			</node>
			<node>
				<identifier>	HP_FX_Fire_2	</identifier>
				<transform>
					<row0>	1.0000 0.0000 0.0000 0.0000	</row0>
					<row1>	0.0000 1.0000 0.0000 0.0000	</row1>
					<row2>	0.0000 0.0000 1.0000 0.0000	</row2>
					<row3>	0.0000 0.6674 1.1651 1.0000	</row3>
				</transform>
			</node>
			<node>
				<identifier>	HP_FX_Fire_2_side_1	</identifier>
				<transform>
					<row0>	1.0000 0.0000 0.0000 0.0000	</row0>
					<row1>	0.0000 1.0000 0.0000 0.0000	</row1>
					<row2>	0.0000 0.0000 1.0000 0.0000	</row2>
					<row3>	-0.2056 0.4074 1.6399 1.0000	</row3>
				</transform>
			</node>
			<node>
				<identifier>	HP_FX_Fire_2_side_2	</identifier>
				<transform>
					<row0>	1.0000 0.0000 0.0000 0.0000	</row0>
					<row1>	0.0000 1.0000 0.0000 0.0000	</row1>
					<row2>	0.0000 0.0000 1.0000 0.0000	</row2>
					<row3>	0.2895 0.4751 0.7152 1.0000	</row3>
				</transform>
			</node>
			<node>
				<identifier>	HP_FX_FloodLight_left_2	</identifier>
				<transform>
					<row0>	-1.0000 0.0000 0.0000 0.0000	</row0>
					<row1>	0.0000 1.0000 0.0000 0.0000	</row1>
					<row2>	0.0000 0.0000 -1.0000 0.0000	</row2>
					<row3>	-0.1990 0.4740 1.4000 1.0000	</row3>
				</transform>
			</node>
			<node>
				<identifier>	HP_FX_FloodLight_right_2	</identifier>
				<transform>
					<row0>	1.0000 0.0000 0.0000 0.0000	</row0>
					<row1>	0.0000 1.0000 0.0000 0.0000	</row1>
					<row2>	0.0000 0.0000 1.0000 0.0000	</row2>
					<row3>	0.2030 0.4990 1.3240 1.0000	</row3>
				</transform>
			</node>
			<node>
				<identifier>	HP_FX_Flood_steam_1	</identifier>
				<transform>
					<row0>	1.0000 0.0000 0.0000 0.0000	</row0>
					<row1>	0.0000 0.9321 -0.3621 0.0000	</row1>
					<row2>	0.0000 0.3621 0.9321 0.0000	</row2>
					<row3>	0.0100 0.7460 0.3626 1.0000	</row3>
				</transform>
			</node>
			<node>
				<identifier>	HP_FX_Flood_water_left_2	</identifier>
				<transform>
					<row0>	-1.0000 0.0000 0.0000 0.0000	</row0>
					<row1>	0.0000 1.0000 0.0000 0.0000	</row1>
					<row2>	0.0000 0.0000 -1.0000 0.0000	</row2>
					<row3>	-0.3608 0.0666 1.3895 1.0000	</row3>
				</transform>
			</node>
			<node>
				<identifier>	HP_FX_Flood_water_right_2	</identifier>
				<transform>
					<row0>	1.0000 0.0000 0.0000 0.0000	</row0>
					<row1>	0.0000 1.0000 0.0000 0.0000	</row1>
					<row2>	0.0000 0.0000 1.0000 0.0000	</row2>
					<row3>	0.3608 0.0669 1.3898 1.0000	</row3>
				</transform>
			</node>
			<node>
				<identifier>	HP_FX_Smoke_1	</identifier>
				<transform>
					<row0>	1.0000 0.0000 0.0000 0.0000	</row0>
					<row1>	0.0000 0.9714 -0.2374 0.0000	</row1>
					<row2>	0.0000 0.2374 0.9714 0.0000	</row2>
					<row3>	0.0000 0.8371 0.4884 1.0000	</row3>
				</transform>
			</node>
			<node>
				<identifier>	HP_Flagpole	</identifier>
				<transform>
					<row0>	0.7700 0.0000 -0.2223 0.0000	</row0>
					<row1>	0.0000 0.8014 0.0000 0.0000	</row1>
					<row2>	0.2223 0.0000 0.7700 0.0000	</row2>
					<row3>	-0.0052 1.6735 0.4876 1.0000	</row3>
				</transform>
			</node>
			<node>
				<identifier>	HP_ZD_1	</identifier>
				<transform>
					<row0>	1.0000 0.0000 0.0000 0.0000	</row0>
					<row1>	0.0000 1.0000 0.0000 0.0000	</row1>
					<row2>	0.0000 0.0000 1.0000 0.0000	</row2>
					<row3>	0.0000 0.7258 1.1897 1.0000	</row3>
				</transform>
			</node>
			<node>
				<identifier>	HP_ZD_2	</identifier>
				<transform>
					<row0>	0.0000 0.0000 1.0000 0.0000	</row0>
					<row1>	0.0000 1.0000 0.0000 0.0000	</row1>
					<row2>	-1.0000 0.0000 0.0000 0.0000	</row2>
					<row3>	-0.2050 0.6144 1.0773 1.0000	</row3>
				</transform>
			</node>
			<node>
				<identifier>	HP_ZD_3	</identifier>
				<transform>
					<row0>	0.0000 0.0000 -1.0000 0.0000	</row0>
					<row1>	0.0000 1.0000 0.0000 0.0000	</row1>
					<row2>	1.0000 0.0000 0.0000 0.0000	</row2>
					<row3>	0.2050 0.6144 1.0773 1.0000	</row3>
				</transform>
			</node>
			<node>
				<identifier>	HP_ZD_4	</identifier>
				<transform>
					<row0>	0.0000 0.0000 1.0000 0.0000	</row0>
					<row1>	0.0000 1.0000 0.0000 0.0000	</row1>
					<row2>	-1.0000 0.0000 0.0000 0.0000	</row2>
					<row3>	-0.1377 0.6237 1.0482 1.0000	</row3>
				</transform>
			</node>
			<node>
				<identifier>	HP_ZD_5	</identifier>
				<transform>
					<row0>	0.0000 0.0000 -1.0000 0.0000	</row0>
					<row1>	0.0000 1.0000 0.0000 0.0000	</row1>
					<row2>	1.0000 0.0000 0.0000 0.0000	</row2>
					<row3>	0.1377 0.6237 1.0482 1.0000	</row3>
				</transform>
			</node>
			<node>
				<identifier>	HP_ZGA_1	</identifier>
				<transform>
					<row0>	0.7071 0.0000 0.7071 0.0000	</row0>
					<row1>	0.0000 1.0000 0.0000 0.0000	</row1>
					<row2>	-0.7071 0.0000 0.7071 0.0000	</row2>
					<row3>	-0.2031 0.3792 1.6309 1.0000	</row3>
				</transform>
			</node>
			<node>
				<identifier>	HP_ZGA_2	</identifier>
				<transform>
					<row0>	0.7071 0.0000 -0.7071 0.0000	</row0>
					<row1>	0.0000 1.0000 0.0000 0.0000	</row1>
					<row2>	0.7071 0.0000 0.7071 0.0000	</row2>
					<row3>	0.2031 0.3792 1.6309 1.0000	</row3>
				</transform>
			</node>
			<node>
				<identifier>	HP_ZGA_3	</identifier>
				<transform>
					<row0>	0.7071 0.0000 0.7071 0.0000	</row0>
					<row1>	0.0000 1.0000 0.0000 0.0000	</row1>
					<row2>	-0.7071 0.0000 0.7071 0.0000	</row2>
					<row3>	-0.2898 0.3716 1.4475 1.0000	</row3>
				</transform>
			</node>
			<node>
				<identifier>	HP_ZGA_4	</identifier>
				<transform>
					<row0>	0.7071 0.0000 -0.7071 0.0000	</row0>
					<row1>	0.0000 1.0000 0.0000 0.0000	</row1>
					<row2>	0.7071 0.0000 0.7071 0.0000	</row2>
					<row3>	0.2898 0.3716 1.4475 1.0000	</row3>
				</transform>
			</node>
			<node>
				<identifier>	HP_ZGA_5	</identifier>
				<transform>
					<row0>	0.0000 0.0000 1.0000 0.0000	</row0>
					<row1>	0.0000 1.0000 0.0000 0.0000	</row1>
					<row2>	-1.0000 0.0000 0.0000 0.0000	</row2>
					<row3>	-0.2652 0.4334 0.7147 1.0000	</row3>
				</transform>
			</node>
			<node>
				<identifier>	HP_ZGA_6	</identifier>
				<transform>
					<row0>	0.0000 0.0000 -1.0000 0.0000	</row0>
					<row1>	0.0000 1.0000 0.0000 0.0000	</row1>
					<row2>	1.0000 0.0000 0.0000 0.0000	</row2>
					<row3>	0.2652 0.4334 0.7147 1.0000	</row3>
				</transform>
			</node>
			<node>
				<identifier>	HP_ZGM_2	</identifier>
				<transform>
					<row0>	1.0000 0.0000 0.0000 0.0000	</row0>
					<row1>	0.0000 1.0000 0.0000 0.0000	</row1>
					<row2>	0.0000 0.0000 1.0000 0.0000	</row2>
					<row3>	0.0000 0.4308 1.9890 1.0000	</row3>
				</transform>
			</node>
			<node>
				<identifier>	HP_ZGT_1	</identifier>
				<transform>
					<row0>	1.0000 0.0000 0.0000 0.0000	</row0>
					<row1>	0.0000 1.0000 0.0000 0.0000	</row1>
					<row2>	0.0000 0.0000 1.0000 0.0000	</row2>
					<row3>	0.0000 0.3408 0.0403 1.0000	</row3>
				</transform>
			</node>
			<node>
				<identifier>	HP_ZRS_1	</identifier>
				<transform>
					<row0>	1.0000 0.0000 0.0000 0.0000	</row0>
					<row1>	0.0000 1.0000 0.0000 0.0000	</row1>
					<row2>	0.0000 0.0000 1.0000 0.0000	</row2>
					<row3>	0.0000 1.4107 0.9177 1.0000	</row3>
				</transform>
			</node>
			<node>
				<identifier>	HP_ZRS_2	</identifier>
				<transform>
					<row0>	1.0000 0.0000 0.0000 0.0000	</row0>
					<row1>	0.0000 0.9966 -0.0825 0.0000	</row1>
					<row2>	0.0000 0.0825 0.9966 0.0000	</row2>
					<row3>	0.0000 1.7356 0.6694 1.0000	</row3>
				</transform>
			</node>
			<node>
				<identifier>	HP_flag_1	</identifier>
				<transform>
					<row0>	1.0000 0.0000 0.0000 0.0000	</row0>
					<row1>	0.0000 0.9857 -0.1684 0.0000	</row1>
					<row2>	0.0000 0.1684 0.9857 0.0000	</row2>
					<row3>	0.1817 1.3712 0.7764 1.0000	</row3>
				</transform>
			</node>
			<node>
				<identifier>	HP_flag_2	</identifier>
				<transform>
					<row0>	1.0000 0.0000 0.0000 0.0000	</row0>
					<row1>	0.0000 0.9857 -0.1684 0.0000	</row1>
					<row2>	0.0000 0.1684 0.9857 0.0000	</row2>
					<row3>	-0.1817 1.3712 0.7764 1.0000	</row3>
				</transform>
			</node>
			<node>
				<identifier>	HP_flag_3	</identifier>
				<transform>
					<row0>	1.0000 0.0091 -0.0008 0.0000	</row0>
					<row1>	-0.0091 0.9857 -0.1684 0.0000	</row1>
					<row2>	-0.0008 0.1684 0.9857 0.0000	</row2>
					<row3>	0.1294 1.3712 0.7764 1.0000	</row3>
				</transform>
			</node>
			<node>
				<identifier>	HP_flag_4	</identifier>
				<transform>
					<row0>	1.0000 -0.0091 0.0008 0.0000	</row0>
					<row1>	0.0091 0.9857 -0.1684 0.0000	</row1>
					<row2>	0.0008 0.1684 0.9857 0.0000	</row2>
					<row3>	-0.1294 1.3712 0.7764 1.0000	</row3>
				</transform>
			</node>
			<node>
				<identifier>	HP_flag_courtesy	</identifier>
				<transform>
					<row0>	0.9999 0.0158 -0.0013 0.0000	</row0>
					<row1>	-0.0158 0.9856 -0.1684 0.0000	</row1>
					<row2>	-0.0013 0.1684 0.9857 0.0000	</row2>
					<row3>	0.1011 1.3712 0.7764 1.0000	</row3>
				</transform>
			</node>
			<node>
				<identifier>	HP_flag_house	</identifier>
				<transform>
					<row0>	0.9999 -0.0158 0.0013 0.0000	</row0>
					<row1>	0.0158 0.9856 -0.1684 0.0000	</row1>
					<row2>	0.0013 0.1684 0.9857 0.0000	</row2>
					<row3>	-0.1011 1.3712 0.7764 1.0000	</row3>
				</transform>
			</node>
			<node>
				<identifier>	HP_flag_nation	</identifier>
				<transform>
					<row0>	0.9936 0.1099 -0.0243 0.0000	</row0>
					<row1>	-0.1099 0.9005 -0.4208 0.0000	</row1>
					<row2>	-0.0243 0.4208 0.9068 0.0000	</row2>
					<row3>	0.0002 1.6726 0.4247 1.0000	</row3>
				</transform>
			</node>
			<node>
				<identifier>	HP_flag_rank	</identifier>
				<transform>
					<row0>	0.9936 0.1099 -0.0243 0.0000	</row0>
					<row1>	-0.1099 0.9005 -0.4208 0.0000	</row1>
					<row2>	-0.0243 0.4208 0.9068 0.0000	</row2>
					<row3>	0.0228 1.4872 0.5113 1.0000	</row3>
				</transform>
			</node>
			<node>
				<identifier>	MP_CM011_Fire_Fighting_Gear	</identifier>
				<transform>
					<row0>	0.0000 0.0000 1.0000 0.0000	</row0>
					<row1>	0.0000 1.0000 0.0000 0.0000	</row1>
					<row2>	-1.0000 0.0000 0.0000 0.0000	</row2>
					<row3>	0.2048 0.2304 1.9173 1.0000	</row3>
				</transform>
			</node>
			<node>
				<identifier>	MP_CM011_Fire_Fighting_Gear_INDEX_1	</identifier>
				<transform>
					<row0>	0.0000 0.0000 1.0000 0.0000	</row0>
					<row1>	0.0000 1.0000 0.0000 0.0000	</row1>
					<row2>	-1.0000 0.0000 0.0000 0.0000	</row2>
					<row3>	0.2039 0.1666 0.2717 1.0000	</row3>
				</transform>
			</node>
			<node>
				<identifier>	MP_CM011_Fire_Fighting_Gear_INDEX_2	</identifier>
				<transform>
					<row0>	-1.0000 0.0000 0.0000 0.0000	</row0>
					<row1>	0.0000 1.0000 0.0000 0.0000	</row1>
					<row2>	0.0000 0.0000 -1.0000 0.0000	</row2>
					<row3>	-0.0455 0.2552 2.2761 1.0000	</row3>
				</transform>
			</node>
			<node>
				<identifier>	MP_CM012_Fire_Hose_Rack_1	</identifier>
				<transform>
					<row0>	-1.0000 0.0000 0.0000 0.0000	</row0>
					<row1>	0.0000 1.0000 0.0000 0.0000	</row1>
					<row2>	0.0000 0.0000 -1.0000 0.0000	</row2>
					<row3>	0.1964 0.2521 0.2877 1.0000	</row3>
				</transform>
			</node>
			<node>
				<identifier>	MP_CM012_Fire_Hose_Rack_1_INDEX_1	</identifier>
				<transform>
					<row0>	-0.8575 0.0000 -0.5145 0.0000	</row0>
					<row1>	0.0000 1.0000 0.0000 0.0000	</row1>
					<row2>	0.5145 0.0000 -0.8575 0.0000	</row2>
					<row3>	0.1018 0.3063 2.2293 1.0000	</row3>
				</transform>
			</node>
			<node>
				<identifier>	MP_CM012_Fire_Hose_Rack_1_INDEX_2	</identifier>
				<transform>
					<row0>	0.0000 0.0000 -1.0000 0.0000	</row0>
					<row1>	0.0000 1.0000 0.0000 0.0000	</row1>
					<row2>	1.0000 0.0000 0.0000 0.0000	</row2>
					<row3>	-0.0582 0.3379 2.2642 1.0000	</row3>
				</transform>
			</node>
			<node>
				<identifier>	MP_CM012_Fire_Hose_Rack_1_INDEX_3	</identifier>
				<transform>
					<row0>	-1.0000 0.0000 0.0000 0.0000	</row0>
					<row1>	0.0000 1.0000 0.0000 0.0000	</row1>
					<row2>	0.0000 0.0000 -1.0000 0.0000	</row2>
					<row3>	0.1969 0.3473 1.9443 1.0000	</row3>
				</transform>
			</node>
			<node>
				<identifier>	MP_CM012_Fire_Hose_Rack_1_INDEX_4	</identifier>
				<transform>
					<row0>	0.8564 0.0000 -0.5163 0.0000	</row0>
					<row1>	0.0000 1.0000 0.0000 0.0000	</row1>
					<row2>	0.5163 0.0000 0.8564 0.0000	</row2>
					<row3>	-0.0991 0.3635 2.2339 1.0000	</row3>
				</transform>
			</node>
			<node>
				<identifier>	MP_CM012_Fire_Hose_Rack_1_INDEX_5	</identifier>
				<transform>
					<row0>	-1.0000 0.0000 0.0000 0.0000	</row0>
					<row1>	0.0000 1.0000 0.0000 0.0000	</row1>
					<row2>	0.0000 0.0000 -1.0000 0.0000	</row2>
					<row3>	0.1969 0.3456 1.8945 1.0000	</row3>
				</transform>
			</node>
			<node>
				<identifier>	MP_CM014_Fuel_Oil_Hose	</identifier>
				<transform>
					<row0>	1.0000 0.0000 0.0000 0.0000	</row0>
					<row1>	0.0000 1.0000 0.0000 0.0000	</row1>
					<row2>	0.0000 0.0000 1.0000 0.0000	</row2>
					<row3>	-0.1985 0.2682 0.2529 1.0000	</row3>
				</transform>
			</node>
			<node>
				<identifier>	MP_CM014_Fuel_Oil_Hose_INDEX_1	</identifier>
				<transform>
					<row0>	1.0000 0.0000 0.0000 0.0000	</row0>
					<row1>	0.0000 1.0000 0.0000 0.0000	</row1>
					<row2>	0.0000 0.0000 1.0000 0.0000	</row2>
					<row3>	-0.1985 0.2949 0.2529 1.0000	</row3>
				</transform>
			</node>
			<node>
				<identifier>	MP_CM029_Emergency_Box	</identifier>
				<transform>
					<row0>	-0.4813 0.0000 -0.8765 0.0000	</row0>
					<row1>	0.0000 1.0000 0.0000 0.0000	</row1>
					<row2>	0.8765 0.0000 -0.4813 0.0000	</row2>
					<row3>	-0.1702 0.4369 1.4911 1.0000	</row3>
				</transform>
			</node>
			<node>
				<identifier>	MP_CM029_Emergency_Box_INDEX_1	</identifier>
				<transform>
					<row0>	-0.4813 0.0000 0.8765 0.0000	</row0>
					<row1>	0.0000 1.0000 0.0000 0.0000	</row1>
					<row2>	-0.8765 0.0000 -0.4813 0.0000	</row2>
					<row3>	0.1702 0.4369 1.4911 1.0000	</row3>
				</transform>
			</node>
			<node>
				<identifier>	MP_CM029_Emergency_Box_INDEX_2	</identifier>
				<transform>
					<row0>	0.0000 0.0000 -1.0000 0.0000	</row0>
					<row1>	0.0000 1.0000 0.0000 0.0000	</row1>
					<row2>	1.0000 0.0000 0.0000 0.0000	</row2>
					<row3>	-0.0949 0.6784 1.1897 1.0000	</row3>
				</transform>
			</node>
			<node>
				<identifier>	MP_CM029_Emergency_Box_INDEX_3	</identifier>
				<transform>
					<row0>	0.0000 0.0000 1.0000 0.0000	</row0>
					<row1>	0.0000 1.0000 0.0000 0.0000	</row1>
					<row2>	-1.0000 0.0000 0.0000 0.0000	</row2>
					<row3>	0.0949 0.6784 1.1897 1.0000	</row3>
				</transform>
			</node>
			<node>
				<identifier>	MP_CM052_Fender	</identifier>
				<transform>
					<row0>	0.0000 0.0000 -0.5230 0.0000	</row0>
					<row1>	0.0000 0.5230 0.0000 0.0000	</row1>
					<row2>	0.5230 0.0000 0.0000 0.0000	</row2>
					<row3>	0.2128 0.1763 0.5594 1.0000	</row3>
				</transform>
			</node>
			<node>
				<identifier>	MP_CM052_Fender_INDEX_1	</identifier>
				<transform>
					<row0>	0.0000 0.0000 0.5230 0.0000	</row0>
					<row1>	0.0000 0.5230 0.0000 0.0000	</row1>
					<row2>	-0.5230 0.0000 0.0000 0.0000	</row2>
					<row3>	-0.2128 0.1763 0.5594 1.0000	</row3>
				</transform>
			</node>
			<node>
				<identifier>	MP_CM052_Fender_INDEX_2	</identifier>
				<transform>
					<row0>	0.0000 0.0000 -0.5230 0.0000	</row0>
					<row1>	0.0000 0.5230 0.0000 0.0000	</row1>
					<row2>	0.5230 0.0000 0.0000 0.0000	</row2>
					<row3>	0.2126 0.1971 1.1409 1.0000	</row3>
				</transform>
			</node>
			<node>
				<identifier>	MP_CM052_Fender_INDEX_3	</identifier>
				<transform>
					<row0>	0.0000 0.0000 0.5230 0.0000	</row0>
					<row1>	0.0000 0.5230 0.0000 0.0000	</row1>
					<row2>	-0.5230 0.0000 0.0000 0.0000	</row2>
					<row3>	-0.2126 0.1971 1.1409 1.0000	</row3>
				</transform>
			</node>
			<node>
				<identifier>	MP_CM056_Ships_bell	</identifier>
				<transform>
					<row0>	1.0000 0.0000 0.0000 0.0000	</row0>
					<row1>	0.0000 1.0000 0.0000 0.0000	</row1>
					<row2>	0.0000 0.0000 1.0000 0.0000	</row2>
					<row3>	0.0244 0.7951 0.8819 1.0000	</row3>
				</transform>
			</node>
			<node>
				<identifier>	MP_CM057_Accommodation_Ladder_Closed	</identifier>
				<transform>
					<row0>	0.4573 0.8893 -0.0019 0.0000	</row0>
					<row1>	-0.8890 0.4571 -0.0256 0.0000	</row1>
					<row2>	-0.0219 0.0134 0.9997 0.0000	</row2>
					<row3>	0.3723 0.1953 0.5237 1.0000	</row3>
				</transform>
			</node>
			<node>
				<identifier>	MP_CM057_Accommodation_Ladder_Closed_INDEX_1	</identifier>
				<transform>
					<row0>	0.4575 -0.8891 0.0117 0.0000	</row0>
					<row1>	0.8890 0.4571 -0.0256 0.0000	</row1>
					<row2>	0.0174 0.0221 0.9996 0.0000	</row2>
					<row3>	-0.3723 0.1953 0.5237 1.0000	</row3>
				</transform>
			</node>
			<node>
				<identifier>	MP_ZM042_Speaker	</identifier>
				<transform>
					<row0>	1.0000 0.0000 0.0000 0.0000	</row0>
					<row1>	0.0000 1.0000 0.0000 0.0000	</row1>
					<row2>	0.0000 0.0000 1.0000 0.0000	</row2>
					<row3>	-0.2867 0.4572 0.5055 1.0000	</row3>
				</transform>
			</node>
			<node>
				<identifier>	MP_ZM042_Speaker_INDEX_1	</identifier>
				<transform>
					<row0>	1.0000 0.0000 0.0000 0.0000	</row0>
					<row1>	0.0000 1.0000 0.0000 0.0000	</row1>
					<row2>	0.0000 0.0000 1.0000 0.0000	</row2>
					<row3>	0.2867 0.4572 0.5055 1.0000	</row3>
				</transform>
			</node>
			<node>
				<identifier>	MP_ZM053_Floater_Net_Basket_2	</identifier>
				<transform>
					<row0>	-1.0000 0.0000 0.0000 0.0000	</row0>
					<row1>	0.0000 1.0000 0.0000 0.0000	</row1>
					<row2>	0.0000 0.0000 -1.0000 0.0000	</row2>
					<row3>	0.1616 0.4873 0.3149 1.0000	</row3>
				</transform>
			</node>
			<node>
				<identifier>	MP_ZM053_Floater_Net_Basket_2_INDEX_1	</identifier>
				<transform>
					<row0>	0.0000 0.0532 0.9986 0.0000	</row0>
					<row1>	0.0000 0.9986 -0.0532 0.0000	</row1>
					<row2>	-1.0000 0.0000 0.0000 0.0000	</row2>
					<row3>	-0.1961 0.3843 1.9382 1.0000	</row3>
				</transform>
			</node>
			<node>
				<identifier>	MP_ZM053_Floater_Net_Basket_2_INDEX_2	</identifier>
				<transform>
					<row0>	-1.0000 0.0000 0.0000 0.0000	</row0>
					<row1>	0.0000 1.0000 0.0000 0.0000	</row1>
					<row2>	0.0000 0.0000 -1.0000 0.0000	</row2>
					<row3>	-0.1616 0.4873 0.3149 1.0000	</row3>
				</transform>
			</node>
			<node>
				<identifier>	MP_ZM053_Floater_Net_Basket_2_INDEX_3	</identifier>
				<transform>
					<row0>	0.0000 -0.0532 -0.9986 0.0000	</row0>
					<row1>	0.0000 0.9986 -0.0532 0.0000	</row1>
					<row2>	1.0000 0.0000 0.0000 0.0000	</row2>
					<row3>	0.1961 0.3842 1.9391 1.0000	</row3>
				</transform>
			</node>
			<node>
				<identifier>	MP_ZM054_Reels_1	</identifier>
				<transform>
					<row0>	1.0454 0.0633 -0.0012 0.0000	</row0>
					<row1>	-0.0633 1.0452 -0.0200 0.0000	</row1>
					<row2>	0.0000 0.0201 1.0471 0.0000	</row2>
					<row3>	-0.2392 0.1563 -0.0027 1.0000	</row3>
				</transform>
			</node>
			<node>
				<identifier>	MP_ZM054_Reels_1_INDEX_1	</identifier>
				<transform>
					<row0>	0.8899 0.0000 0.0000 0.0000	</row0>
					<row1>	0.0000 0.0000 0.8899 0.0000	</row1>
					<row2>	0.0000 -0.8899 0.0000 0.0000	</row2>
					<row3>	0.0000 0.3384 2.2625 1.0000	</row3>
				</transform>
			</node>
			<node>
				<identifier>	MP_ZM504_Boat	</identifier>
				<transform>
					<row0>	0.0000 1.0000 0.0000 0.0000	</row0>
					<row1>	-0.9986 0.0000 0.0523 0.0000	</row1>
					<row2>	0.0523 0.0000 0.9986 0.0000	</row2>
					<row3>	-0.3330 0.3202 1.6473 1.0000	</row3>
				</transform>
			</node>
			<node>
				<identifier>	MP_ZM504_Boat_INDEX_1	</identifier>
				<transform>
					<row0>	0.5736 0.8192 0.0000 0.0000	</row0>
					<row1>	-0.8192 0.5736 0.0000 0.0000	</row1>
					<row2>	0.0000 0.0000 1.0000 0.0000	</row2>
					<row3>	-0.3310 0.3377 0.9748 1.0000	</row3>
				</transform>
			</node>
			<node>
				<identifier>	MP_ZM504_Boat_INDEX_2	</identifier>
				<transform>
					<row0>	0.0000 -1.0000 0.0000 0.0000	</row0>
					<row1>	0.9986 0.0000 0.0523 0.0000	</row1>
					<row2>	-0.0523 0.0000 0.9986 0.0000	</row2>
					<row3>	0.3330 0.3202 1.6473 1.0000	</row3>
				</transform>
			</node>
			<node>
				<identifier>	MP_ZM504_Boat_INDEX_3	</identifier>
				<transform>
					<row0>	0.5736 -0.8192 0.0000 0.0000	</row0>
					<row1>	0.8192 0.5736 0.0000 0.0000	</row1>
					<row2>	0.0000 0.0000 1.0000 0.0000	</row2>
					<row3>	0.3310 0.3377 0.9748 1.0000	</row3>
				</transform>
			</node>
			<node>
				<identifier>	MP_ZM505_Life_Buoy	</identifier>
				<transform>
					<row0>	0.0000 0.0000 1.0000 0.0000	</row0>
					<row1>	0.0000 1.0000 0.0000 0.0000	</row1>
					<row2>	-1.0000 0.0000 0.0000 0.0000	</row2>
					<row3>	0.3645 0.4874 0.8496 1.0000	</row3>
				</transform>
			</node>
			<node>
				<identifier>	MP_ZM505_Life_Buoy_INDEX_1	</identifier>
				<transform>
					<row0>	0.0000 0.0000 1.0000 0.0000	</row0>
					<row1>	0.0000 1.0000 0.0000 0.0000	</row1>
					<row2>	-1.0000 0.0000 0.0000 0.0000	</row2>
					<row3>	-0.3645 0.4874 0.8496 1.0000	</row3>
				</transform>
			</node>
			<node>
				<identifier>	MP_ZM601_Turtles_box	</identifier>
				<transform>
					<row0>	0.0000 0.0000 -1.0000 0.0000	</row0>
					<row1>	0.0000 1.0000 0.0000 0.0000	</row1>
					<row2>	1.0000 0.0000 0.0000 0.0000	</row2>
					<row3>	0.1974 0.3790 1.3825 1.0000	</row3>
				</transform>
			</node>
			<node>
				<identifier>	MP_ZM601_Turtles_box_INDEX_1	</identifier>
				<transform>
					<row0>	0.0000 0.0000 1.0000 0.0000	</row0>
					<row1>	0.0000 1.0000 0.0000 0.0000	</row1>
					<row2>	-1.0000 0.0000 0.0000 0.0000	</row2>
					<row3>	-0.1974 0.3790 1.3825 1.0000	</row3>
				</transform>
			</node>
			<node>
				<identifier>	MP_ZM607_Telephone	</identifier>
				<transform>
					<row0>	0.0770 0.0000 0.9970 0.0000	</row0>
					<row1>	0.0000 1.0000 0.0000 0.0000	</row1>
					<row2>	-0.9970 0.0000 0.0770 0.0000	</row2>
					<row3>	-0.2372 0.6893 1.0251 1.0000	</row3>
				</transform>
			</node>
			<node>
				<identifier>	MP_ZM607_Telephone_INDEX_1	</identifier>
				<transform>
					<row0>	0.0770 0.0000 -0.9970 0.0000	</row0>
					<row1>	0.0000 1.0000 0.0000 0.0000	</row1>
					<row2>	0.9970 0.0000 0.0770 0.0000	</row2>
					<row3>	0.2372 0.6893 1.0250 1.0000	</row3>
				</transform>
			</node>
			<node>
				<identifier>	MP_ZM617_Pelorus_Mk7	</identifier>
				<transform>
					<row0>	-1.0000 0.0000 0.0000 0.0000	</row0>
					<row1>	0.0000 1.0000 0.0000 0.0000	</row1>
					<row2>	0.0000 0.0000 -1.0000 0.0000	</row2>
					<row3>	-0.1894 0.6242 1.3976 1.0000	</row3>
				</transform>
			</node>
			<node>
				<identifier>	MP_ZM617_Pelorus_Mk7_INDEX_1	</identifier>
				<transform>
					<row0>	-1.0000 0.0000 0.0000 0.0000	</row0>
					<row1>	0.0000 1.0000 0.0000 0.0000	</row1>
					<row2>	0.0000 0.0000 -1.0000 0.0000	</row2>
					<row3>	0.1894 0.6242 1.3334 1.0000	</row3>
				</transform>
			</node>
			<node>
				<identifier>	MP_ZM618_Sky_Lookout	</identifier>
				<transform>
					<row0>	0.0000 0.0000 1.0000 0.0000	</row0>
					<row1>	0.0000 1.0000 0.0000 0.0000	</row1>
					<row2>	-1.0000 0.0000 0.0000 0.0000	</row2>
					<row3>	-0.1899 0.6137 1.3165 1.0000	</row3>
				</transform>
			</node>
			<node>
				<identifier>	MP_ZM618_Sky_Lookout_INDEX_1	</identifier>
				<transform>
					<row0>	0.0000 0.0000 -1.0000 0.0000	</row0>
					<row1>	0.0000 1.0000 0.0000 0.0000	</row1>
					<row2>	1.0000 0.0000 0.0000 0.0000	</row2>
					<row3>	0.2087 0.6130 0.9702 1.0000	</row3>
				</transform>
			</node>
			<node>
				<identifier>	MP_ZM618_Sky_Lookout_INDEX_2	</identifier>
				<transform>
					<row0>	0.0000 0.0000 1.0000 0.0000	</row0>
					<row1>	0.0000 1.0000 0.0000 0.0000	</row1>
					<row2>	-1.0000 0.0000 0.0000 0.0000	</row2>
					<row3>	-0.2087 0.6130 0.9702 1.0000	</row3>
				</transform>
			</node>
			<node>
				<identifier>	MP_ZM700_Ammunition_Box	</identifier>
				<transform>
					<row0>	0.0000 0.0343 0.9994 0.0000	</row0>
					<row1>	0.0000 0.9994 -0.0343 0.0000	</row1>
					<row2>	-1.0000 0.0000 0.0000 0.0000	</row2>
					<row3>	0.3459 0.3586 1.2906 1.0000	</row3>
				</transform>
			</node>
			<node>
				<identifier>	MP_ZM700_Ammunition_Box_INDEX_1	</identifier>
				<transform>
					<row0>	0.8547 -0.0387 -0.5176 0.0000	</row0>
					<row1>	0.0331 0.9993 -0.0200 0.0000	</row1>
					<row2>	0.5180 0.0000 0.8554 0.0000	</row2>
					<row3>	-0.1073 0.3764 1.7025 1.0000	</row3>
				</transform>
			</node>
			<node>
				<identifier>	MP_ZM700_Ammunition_Box_INDEX_2	</identifier>
				<transform>
					<row0>	0.0000 -0.0343 -0.9994 0.0000	</row0>
					<row1>	0.0000 0.9994 -0.0343 0.0000	</row1>
					<row2>	1.0000 0.0000 0.0000 0.0000	</row2>
					<row3>	-0.3459 0.3586 1.2906 1.0000	</row3>
				</transform>
			</node>
			<node>
				<identifier>	MP_ZM700_Ammunition_Box_INDEX_3	</identifier>
				<transform>
					<row0>	0.8547 0.0387 0.5176 0.0000	</row0>
					<row1>	-0.0331 0.9993 -0.0200 0.0000	</row1>
					<row2>	-0.5180 0.0000 0.8554 0.0000	</row2>
					<row3>	0.1073 0.3764 1.7025 1.0000	</row3>
				</transform>
			</node>
			<node>
				<identifier>	MP_ZM709_Flag_Box	</identifier>
				<transform>
					<row0>	1.0000 0.0000 0.0000 0.0000	</row0>
					<row1>	0.0000 1.0000 0.0000 0.0000	</row1>
					<row2>	0.0000 0.0000 1.0000 0.0000	</row2>
					<row3>	-0.1325 0.6311 0.8551 1.0000	</row3>
				</transform>
			</node>
			<node>
				<identifier>	MP_ZM709_Flag_Box_INDEX_1	</identifier>
				<transform>
					<row0>	1.0000 0.0000 0.0000 0.0000	</row0>
					<row1>	0.0000 1.0000 0.0000 0.0000	</row1>
					<row2>	0.0000 0.0000 1.0000 0.0000	</row2>
					<row3>	0.1325 0.6311 0.8551 1.0000	</row3>
				</transform>
			</node>
			<node>
				<identifier>	MP_ZM762_Hatch_4	</identifier>
				<transform>
					<row0>	1.0000 0.0000 0.0000 0.0000	</row0>
					<row1>	0.0000 1.0000 0.0000 0.0000	</row1>
					<row2>	0.0000 0.0000 1.0000 0.0000	</row2>
					<row3>	0.0149 0.3727 1.7059 1.0000	</row3>
				</transform>
			</node>
			<node>
				<identifier>	MP_ZM764_Hatch_5	</identifier>
				<transform>
					<row0>	1.0000 0.0000 0.0000 0.0000	</row0>
					<row1>	0.0000 1.0000 0.0000 0.0000	</row1>
					<row2>	0.0000 0.0000 1.0000 0.0000	</row2>
					<row3>	0.2298 0.1508 -0.1277 1.0000	</row3>
				</transform>
			</node>
			<node>
				<identifier>	MP_ZM869_24in_SearchLight	</identifier>
				<transform>
					<row0>	0.0000 0.0000 -1.0000 0.0000	</row0>
					<row1>	0.0000 1.0000 0.0000 0.0000	</row1>
					<row2>	1.0000 0.0000 0.0000 0.0000	</row2>
					<row3>	0.3315 0.3672 1.1376 1.0000	</row3>
				</transform>
			</node>
			<node>
				<identifier>	MP_ZM869_24in_SearchLight_INDEX_1	</identifier>
				<transform>
					<row0>	0.0000 0.0000 1.0000 0.0000	</row0>
					<row1>	0.0000 1.0000 0.0000 0.0000	</row1>
					<row2>	-1.0000 0.0000 0.0000 0.0000	</row2>
					<row3>	-0.3315 0.3672 1.1376 1.0000	</row3>
				</transform>
			</node>
			<node>
				<identifier>	MP_ZM872_36in_Searchlight	</identifier>
				<transform>
					<row0>	0.0000 0.0000 1.0000 0.0000	</row0>
					<row1>	0.0000 1.0000 0.0000 0.0000	</row1>
					<row2>	-1.0000 0.0000 0.0000 0.0000	</row2>
					<row3>	-0.1616 0.4951 0.4220 1.0000	</row3>
				</transform>
			</node>
			<node>
				<identifier>	MP_ZM872_36in_Searchlight_INDEX_1	</identifier>
				<transform>
					<row0>	0.0000 0.0000 -1.0000 0.0000	</row0>
					<row1>	0.0000 1.0000 0.0000 0.0000	</row1>
					<row2>	1.0000 0.0000 0.0000 0.0000	</row2>
					<row3>	0.1616 0.4951 0.4220 1.0000	</row3>
				</transform>
			</node>
			<node>
				<identifier>	MP_ZM873_Signal_Lamp_4	</identifier>
				<transform>
					<row0>	-0.1364 0.0000 0.9906 0.0000	</row0>
					<row1>	0.0000 1.0000 0.0000 0.0000	</row1>
					<row2>	-0.9906 0.0000 -0.1364 0.0000	</row2>
					<row3>	-0.2458 0.6862 0.8920 1.0000	</row3>
				</transform>
			</node>
			<node>
				<identifier>	MP_ZM873_Signal_Lamp_4_INDEX_1	</identifier>
				<transform>
					<row0>	-0.1364 0.0000 -0.9906 0.0000	</row0>
					<row1>	0.0000 1.0000 0.0000 0.0000	</row1>
					<row2>	0.9906 0.0000 -0.1364 0.0000	</row2>
					<row3>	0.2458 0.6862 0.8920 1.0000	</row3>
				</transform>
			</node>
			<node>
				<identifier>	MP_ZM876_Running_Lights_FW	</identifier>
				<transform>
					<row0>	1.0000 0.0000 0.0000 0.0000	</row0>
					<row1>	0.0000 1.0000 0.0000 0.0000	</row1>
					<row2>	0.0000 0.0000 1.0000 0.0000	</row2>
					<row3>	0.0000 0.7576 1.6586 1.0000	</row3>
				</transform>
			</node>
			<node>
				<identifier>	MP_ZM876_Running_Lights_FW_INDEX_1	</identifier>
				<transform>
					<row0>	1.0000 0.0000 0.0000 0.0000	</row0>
					<row1>	0.0000 1.0000 0.0000 0.0000	</row1>
					<row2>	0.0000 0.0000 1.0000 0.0000	</row2>
					<row3>	0.0000 1.1730 0.8893 1.0000	</row3>
				</transform>
			</node>
			<node>
				<identifier>	MP_ZM877_Running_Lights_R	</identifier>
				<transform>
					<row0>	1.0000 0.0000 0.0000 0.0000	</row0>
					<row1>	0.0000 1.0000 0.0000 0.0000	</row1>
					<row2>	0.0000 0.0000 1.0000 0.0000	</row2>
					<row3>	0.1757 0.5654 1.3500 1.0000	</row3>
				</transform>
			</node>
			<node>
				<identifier>	MP_ZM878_Running_Lights_L	</identifier>
				<transform>
					<row0>	1.0000 0.0000 0.0000 0.0000	</row0>
					<row1>	0.0000 1.0000 0.0000 0.0000	</row1>
					<row2>	0.0000 0.0000 1.0000 0.0000	</row2>
					<row3>	-0.1757 0.5654 1.3500 1.0000	</row3>
				</transform>
			</node>
			<node>
				<identifier>	MP_ZM879_Signal_Lamp	</identifier>
				<transform>
					<row0>	1.0000 0.0000 0.0000 0.0000	</row0>
					<row1>	0.0000 1.0000 0.0000 0.0000	</row1>
					<row2>	0.0000 0.0000 1.0000 0.0000	</row2>
					<row3>	-0.0607 1.1781 0.6976 1.0000	</row3>
				</transform>
			</node>
			<node>
				<identifier>	MP_ZM879_Signal_Lamp_INDEX_1	</identifier>
				<transform>
					<row0>	1.0000 0.0000 0.0000 0.0000	</row0>
					<row1>	0.0000 1.0000 0.0000 0.0000	</row1>
					<row2>	0.0000 0.0000 1.0000 0.0000	</row2>
					<row3>	0.0607 1.1781 0.6976 1.0000	</row3>
				</transform>
			</node>
			<node>
				<identifier>	MP_ZM879_Signal_Lamp_INDEX_2	</identifier>
				<transform>
					<row0>	1.0000 0.0000 0.0000 0.0000	</row0>
					<row1>	0.0000 1.0000 0.0000 0.0000	</row1>
					<row2>	0.0000 0.0000 1.0000 0.0000	</row2>
					<row3>	-0.0460 1.4128 0.6282 1.0000	</row3>
				</transform>
			</node>
			<node>
				<identifier>	MP_ZM879_Signal_Lamp_INDEX_3	</identifier>
				<transform>
					<row0>	1.0000 0.0000 0.0000 0.0000	</row0>
					<row1>	0.0000 1.0000 0.0000 0.0000	</row1>
					<row2>	0.0000 0.0000 1.0000 0.0000	</row2>
					<row3>	0.0460 1.4128 0.6282 1.0000	</row3>
				</transform>
			</node>
			<node>
				<identifier>	MP_ZM972_Boat_Winch	</identifier>
				<transform>
					<row0>	-0.0008 0.0274 0.9122 0.0000	</row0>
					<row1>	-0.0251 0.9119 -0.0274 0.0000	</row1>
					<row2>	-0.9123 -0.0251 0.0000 0.0000	</row2>
					<row3>	-0.0833 0.1635 0.0835 1.0000	</row3>
				</transform>
			</node>
			<node>
				<identifier>	SP_YMS011_YHWL_M_1_INDEX_2	</identifier>
				<transform>
					<row0>	0.4721 0.1229 -0.0606 0.0000	</row0>
					<row1>	-0.1228 0.4759 0.0079 0.0000	</row1>
					<row2>	0.0607 0.0075 0.4878 0.0000	</row2>
					<row3>	-0.2720 0.0000 2.1281 1.0000	</row3>
				</transform>
			</node>
			<node>
				<identifier>	SP_YMS011_YHWL_M_1_INDEX_3	</identifier>
				<transform>
					<row0>	0.4777 0.1049 -0.0495 0.0000	</row0>
					<row1>	-0.1048 0.4803 0.0061 0.0000	</row1>
					<row2>	0.0496 0.0047 0.4891 0.0000	</row2>
					<row3>	-0.3220 0.0000 1.7185 1.0000	</row3>
				</transform>
			</node>
			<node>
				<identifier>	SP_YMS011_YHWL_M_1_INDEX_4	</identifier>
				<transform>
					<row0>	0.4846 0.0687 -0.0462 0.0000	</row0>
					<row1>	-0.0687 0.4868 0.0034 0.0000	</row1>
					<row2>	0.0463 0.0032 0.4894 0.0000	</row2>
					<row3>	-0.3556 0.0000 1.3068 1.0000	</row3>
				</transform>
			</node>
			<node>
				<identifier>	SP_YMS011_YHWL_M_1_INDEX_5	</identifier>
				<transform>
					<row0>	0.4889 0.0432 -0.0277 0.0000	</row0>
					<row1>	-0.0432 0.4897 0.0018 0.0000	</row1>
					<row2>	0.0278 0.0006 0.4908 0.0000	</row2>
					<row3>	-0.3879 0.0000 0.8911 1.0000	</row3>
				</transform>
			</node>
			<node>
				<identifier>	SP_YMS011_YHWL_M_1_INDEX_6	</identifier>
				<transform>
					<row0>	0.4910 0.0181 -0.0153 0.0000	</row0>
					<row1>	-0.0181 0.4913 0.0010 0.0000	</row1>
					<row2>	0.0153 -0.0005 0.4914 0.0000	</row2>
					<row3>	-0.4071 0.0000 0.4754 1.0000	</row3>
				</transform>
			</node>
			<node>
				<identifier>	SP_YMS011_YHWL_M_1_INDEX_7	</identifier>
				<transform>
					<row0>	0.4914 0.0128 -0.0041 0.0000	</row0>
					<row1>	-0.0128 0.4914 0.0010 0.0000	</row1>
					<row2>	0.0041 -0.0009 0.4916 0.0000	</row2>
					<row3>	-0.4155 0.0000 0.0583 1.0000	</row3>
				</transform>
			</node>
			<node>
				<identifier>	SP_YMS012_YHWR_M_1_INDEX_2	</identifier>
				<transform>
					<row0>	0.4721 -0.1229 0.0606 0.0000	</row0>
					<row1>	0.1228 0.4759 0.0079 0.0000	</row1>
					<row2>	-0.0607 0.0075 0.4878 0.0000	</row2>
					<row3>	0.2720 0.0000 2.1281 1.0000	</row3>
				</transform>
			</node>
			<node>
				<identifier>	SP_YMS012_YHWR_M_1_INDEX_3	</identifier>
				<transform>
					<row0>	0.4777 -0.1049 0.0495 0.0000	</row0>
					<row1>	0.1048 0.4803 0.0061 0.0000	</row1>
					<row2>	-0.0496 0.0047 0.4891 0.0000	</row2>
					<row3>	0.3220 0.0000 1.7185 1.0000	</row3>
				</transform>
			</node>
			<node>
				<identifier>	SP_YMS012_YHWR_M_1_INDEX_4	</identifier>
				<transform>
					<row0>	0.4846 -0.0687 0.0462 0.0000	</row0>
					<row1>	0.0687 0.4868 0.0034 0.0000	</row1>
					<row2>	-0.0463 0.0032 0.4894 0.0000	</row2>
					<row3>	0.3556 0.0000 1.3068 1.0000	</row3>
				</transform>
			</node>
			<node>
				<identifier>	SP_YMS012_YHWR_M_1_INDEX_5	</identifier>
				<transform>
					<row0>	0.4889 -0.0432 0.0277 0.0000	</row0>
					<row1>	0.0432 0.4897 0.0018 0.0000	</row1>
					<row2>	-0.0278 0.0006 0.4908 0.0000	</row2>
					<row3>	0.3879 0.0000 0.8911 1.0000	</row3>
				</transform>
			</node>
			<node>
				<identifier>	SP_YMS012_YHWR_M_1_INDEX_6	</identifier>
				<transform>
					<row0>	0.4910 -0.0181 0.0153 0.0000	</row0>
					<row1>	0.0181 0.4913 0.0010 0.0000	</row1>
					<row2>	-0.0153 -0.0005 0.4914 0.0000	</row2>
					<row3>	0.4071 0.0000 0.4754 1.0000	</row3>
				</transform>
			</node>
			<node>
				<identifier>	SP_YMS012_YHWR_M_1_INDEX_7	</identifier>
				<transform>
					<row0>	0.4914 -0.0128 0.0041 0.0000	</row0>
					<row1>	0.0128 0.4914 0.0010 0.0000	</row1>
					<row2>	-0.0041 -0.0009 0.4916 0.0000	</row2>
					<row3>	0.4155 0.0000 0.0583 1.0000	</row3>
				</transform>
			</node>
			<node>
				<identifier>	SP_YMS021_YHUC_S_1	</identifier>
				<transform>
					<row0>	-0.3487 0.9372 0.0012 0.0000	</row0>
					<row1>	-0.9358 -0.3482 0.0559 0.0000	</row1>
					<row2>	0.0528 0.0184 0.9984 0.0000	</row2>
					<row3>	-0.3546 -0.1263 1.0915 1.0000	</row3>
				</transform>
			</node>
			<node>
				<identifier>	SP_YMS021_YHUC_S_1_INDEX_1	</identifier>
				<transform>
					<row0>	-0.3487 -0.9372 -0.0012 0.0000	</row0>
					<row1>	0.9358 -0.3482 0.0559 0.0000	</row1>
					<row2>	-0.0528 0.0184 0.9984 0.0000	</row2>
					<row3>	0.3546 -0.1263 1.0915 1.0000	</row3>
				</transform>
			</node>
			<node>
				<identifier>	SP_YMS021_YHUC_S_1_INDEX_2	</identifier>
				<transform>
					<row0>	-0.3098 0.9508 -0.0002 0.0000	</row0>
					<row1>	-0.9507 -0.3098 0.0124 0.0000	</row1>
					<row2>	0.0117 0.0041 0.9999 0.0000	</row2>
					<row3>	-0.3937 -0.1400 0.0864 1.0000	</row3>
				</transform>
			</node>
			<node>
				<identifier>	SP_YMS021_YHUC_S_1_INDEX_3	</identifier>
				<transform>
					<row0>	-0.3098 -0.9508 0.0002 0.0000	</row0>
					<row1>	0.9507 -0.3098 0.0124 0.0000	</row1>
					<row2>	-0.0117 0.0041 0.9999 0.0000	</row2>
					<row3>	0.3937 -0.1400 0.0864 1.0000	</row3>
				</transform>
			</node>
			<node>
				<identifier>	SP_YMS022_YHUS_L_1_INDEX_2	</identifier>
				<transform>
					<row0>	-0.0739 -0.0048 -0.6531 0.0000	</row0>
					<row1>	-0.4585 0.4685 0.0484 0.0000	</row1>
					<row2>	0.4651 0.4610 -0.0560 0.0000	</row2>
					<row3>	-0.1017 -0.2512 1.9852 1.0000	</row3>
				</transform>
			</node>
			<node>
				<identifier>	SP_YMS022_YHUS_L_1_INDEX_3	</identifier>
				<transform>
					<row0>	-0.0739 0.0048 0.6531 0.0000	</row0>
					<row1>	0.4585 0.4685 0.0484 0.0000	</row1>
					<row2>	-0.4651 0.4610 -0.0560 0.0000	</row2>
					<row3>	0.1017 -0.2512 1.9852 1.0000	</row3>
				</transform>
			</node>
			<node>
				<identifier>	SP_YMS040_YHCC_M_1	</identifier>
				<transform>
					<row0>	1.0000 0.0000 0.0000 0.0000	</row0>
					<row1>	0.0000 1.0000 0.0000 0.0000	</row1>
					<row2>	0.0000 0.0000 1.0000 0.0000	</row2>
					<row3>	0.0000 0.6588 1.6669 1.0000	</row3>
				</transform>
			</node>
			<node>
				<identifier>	SP_YMS042_YHPL_L_1	</identifier>
				<transform>
					<row0>	0.8909 0.0000 0.0000 0.0000	</row0>
					<row1>	0.0000 0.8828 -0.1200 0.0000	</row1>
					<row2>	0.0000 0.1200 0.8828 0.0000	</row2>
					<row3>	0.0000 0.9340 0.5215 1.0000	</row3>
				</transform>
			</node>
			<node>
				<identifier>	SP_YMS042_YHPL_L_1_INDEX_1	</identifier>
				<transform>
					<row0>	-0.8756 0.0000 0.0000 0.0000	</row0>
					<row1>	0.0000 0.8677 -0.1180 0.0000	</row1>
					<row2>	0.0000 -0.1180 -0.8677 0.0000	</row2>
					<row3>	0.0000 0.9242 0.4496 1.0000	</row3>
				</transform>
			</node>
			<node>
				<identifier>	SP_YMS043_YHPR_L_1	</identifier>
				<transform>
					<row0>	0.8909 0.0000 0.0000 0.0000	</row0>
					<row1>	0.0000 0.8828 -0.1200 0.0000	</row1>
					<row2>	0.0000 0.1200 0.8828 0.0000	</row2>
					<row3>	0.0000 0.9340 0.5215 1.0000	</row3>
				</transform>
			</node>
			<node>
				<identifier>	SP_YMS043_YHPR_L_1_INDEX_1	</identifier>
				<transform>
					<row0>	-0.8756 0.0000 0.0000 0.0000	</row0>
					<row1>	0.0000 0.8677 -0.1180 0.0000	</row1>
					<row2>	0.0000 -0.1180 -0.8677 0.0000	</row2>
					<row3>	0.0000 0.9242 0.4496 1.0000	</row3>
				</transform>
			</node>
			<node>
				<identifier>	SP_YMS050_YHDC_M_1	</identifier>
				<transform>
					<row0>	0.0000 -0.0281 -0.5274 0.0000	</row0>
					<row1>	-0.0326 0.5264 -0.0280 0.0000	</row1>
					<row2>	0.5272 0.0325 -0.0017 0.0000	</row2>
					<row3>	-0.1971 0.2263 1.8519 1.0000	</row3>
				</transform>
			</node>
			<node>
				<identifier>	SP_YMS050_YHDC_M_1_INDEX_1	</identifier>
				<transform>
					<row0>	-0.2407 -0.0251 -0.4242 0.0000	</row0>
					<row1>	-0.0364 0.4869 -0.0082 0.0000	</row1>
					<row2>	0.4233 0.0276 -0.2418 0.0000	</row2>
					<row3>	-0.1528 0.2443 2.1443 1.0000	</row3>
				</transform>
			</node>
			<node>
				<identifier>	SP_YMS050_YHDC_M_1_INDEX_3	</identifier>
				<transform>
					<row0>	-0.2407 0.0251 0.4242 0.0000	</row0>
					<row1>	0.0364 0.4869 -0.0082 0.0000	</row1>
					<row2>	-0.4233 0.0276 -0.2418 0.0000	</row2>
					<row3>	0.1528 0.2443 2.1443 1.0000	</row3>
				</transform>
			</node>
			<node>
				<identifier>	SP_YMS072_YHHC_M_1	</identifier>
				<transform>
					<row0>	0.0000 0.0000 0.3312 0.0000	</row0>
					<row1>	-0.0152 0.3309 0.0000 0.0000	</row1>
					<row2>	-0.3309 -0.0152 0.0000 0.0000	</row2>
					<row3>	0.4116 0.0791 0.1175 1.0000	</row3>
				</transform>
			</node>
			<node>
				<identifier>	SP_YMS072_YHHC_M_1_INDEX_1	</identifier>
				<transform>
					<row0>	0.0000 0.0000 -0.3312 0.0000	</row0>
					<row1>	0.0152 0.3309 0.0000 0.0000	</row1>
					<row2>	0.3309 -0.0152 0.0000 0.0000	</row2>
					<row3>	-0.4116 0.0791 0.1175 1.0000	</row3>
				</transform>
			</node>
			<node>
				<identifier>	SP_YMS083_YHSC_L_1	</identifier>
				<transform>
					<row0>	-0.0425 -0.0253 -0.4315 0.0000	</row0>
