<ASC002_Chester_1908_MidBack_ports.visual>
	<node>
		<identifier>	Scene Root	</identifier>
		<transform>
			<row0>	1.0000 0.0000 0.0000 0.0000	</row0>
			<row1>	0.0000 1.0000 0.0000 0.0000	</row1>
			<row2>	0.0000 0.0000 1.0000 0.0000	</row2>
			<row3>	0.0000 0.0000 0.0000 1.0000	</row3>
		</transform>
		<node>
			<identifier>	MidBack_ports	</identifier>
			<transform>
				<row0>	1.0000 0.0000 0.0000 0.0000	</row0>
				<row1>	0.0000 1.0000 0.0000 0.0000	</row1>
				<row2>	0.0000 0.0000 1.0000 0.0000	</row2>
				<row3>	0.0000 0.0000 0.0000 1.0000	</row3>
			</transform>
			<node>
				<identifier>	HP_FX_Fire_3	</identifier>
				<transform>
					<row0>	1.0000 0.0000 0.0000 0.0000	</row0>
					<row1>	0.0000 1.0000 0.0000 0.0000	</row1>
					<row2>	0.0000 0.0000 1.0000 0.0000	</row2>
					<row3>	0.0000 0.4605 -1.4643 1.0000	</row3>
				</transform>
			</node>
			<node>
				<identifier>	HP_FX_Fire_3_side_1	</identifier>
				<transform>
					<row0>	1.0000 0.0000 0.0000 0.0000	</row0>
					<row1>	0.0000 1.0000 0.0000 0.0000	</row1>
					<row2>	0.0000 0.0000 1.0000 0.0000	</row2>
					<row3>	-0.2971 0.4831 -0.7767 1.0000	</row3>
				</transform>
			</node>
			<node>
				<identifier>	HP_FX_Flood_steam_4	</identifier>
				<transform>
					<row0>	1.0000 0.0000 0.0000 0.0000	</row0>
					<row1>	0.0000 0.9727 -0.2321 0.0000	</row1>
					<row2>	0.0000 0.2321 0.9727 0.0000	</row2>
					<row3>	-0.0120 1.0035 -0.4888 1.0000	</row3>
				</transform>
			</node>
			<node>
				<identifier>	HP_FX_Flood_steam_right	</identifier>
				<transform>
					<row0>	1.0000 0.0000 0.0000 0.0000	</row0>
					<row1>	0.0000 1.0000 0.0000 0.0000	</row1>
					<row2>	0.0000 0.0000 1.0000 0.0000	</row2>
					<row3>	0.3898 0.3658 -2.5227 1.0000	</row3>
				</transform>
			</node>
			<node>
				<identifier>	HP_FX_Smoke_4	</identifier>
				<transform>
					<row0>	1.0000 0.0000 0.0000 0.0000	</row0>
					<row1>	0.0000 1.0000 0.0000 0.0000	</row1>
					<row2>	0.0000 0.0000 1.0000 0.0000	</row2>
					<row3>	0.0000 1.0253 -0.3887 1.0000	</row3>
				</transform>
			</node>
			<node>
				<identifier>	HP_Flagpole	</identifier>
				<transform>
					<row0>	1.0000 0.0000 0.0000 0.0000	</row0>
					<row1>	0.0000 1.0000 0.0000 0.0000	</row1>
					<row2>	0.0000 0.0000 1.0000 0.0000	</row2>
					<row3>	0.0000 2.6512 -1.9437 1.0000	</row3>
				</transform>
			</node>
			<node>
				<identifier>	HP_Ship_death_2	</identifier>
				<transform>
					<row0>	1.0000 0.0000 0.0000 0.0000	</row0>
					<row1>	0.0000 1.0000 0.0000 0.0000	</row1>
					<row2>	0.0000 0.0000 1.0000 0.0000	</row2>
					<row3>	0.0000 0.0000 0.0300 1.0000	</row3>
				</transform>
			</node>
			<node>
				<identifier>	HP_flag_courtesy	</identifier>
				<transform>
					<row0>	0.9938 -0.1111 -0.0025 0.0000	</row0>
					<row1>	0.1111 0.9928 0.0451 0.0000	</row1>
					<row2>	-0.0025 -0.0451 0.9990 0.0000	</row2>
					<row3>	0.2526 2.0068 -1.9186 1.0000	</row3>
				</transform>
			</node>
			<node>
				<identifier>	HP_flag_house	</identifier>
				<transform>
					<row0>	0.9938 0.1111 0.0025 0.0000	</row0>
					<row1>	-0.1111 0.9928 0.0451 0.0000	</row1>
					<row2>	0.0025 -0.0451 0.9990 0.0000	</row2>
					<row3>	-0.2526 2.0068 -1.9186 1.0000	</row3>
				</transform>
			</node>
			<node>
				<identifier>	HP_flag_nation	</identifier>
				<transform>
					<row0>	1.0000 -0.0026 0.0000 0.0000	</row0>
					<row1>	0.0026 0.9997 -0.0263 0.0000	</row1>
					<row2>	0.0000 0.0263 0.9997 0.0000	</row2>
					<row3>	0.0003 2.0108 -2.2576 1.0000	</row3>
				</transform>
			</node>
			<node>
				<identifier>	MP_AM263_Ventilation	</identifier>
				<transform>
					<row0>	0.7000 0.0000 0.0000 0.0000	</row0>
					<row1>	0.0000 0.7000 0.0000 0.0000	</row1>
					<row2>	0.0000 0.0000 0.7000 0.0000	</row2>
					<row3>	-0.0833 0.4373 -0.6282 1.0000	</row3>
				</transform>
			</node>
			<node>
				<identifier>	MP_AM263_Ventilation_INDEX_1	</identifier>
				<transform>
					<row0>	0.7000 0.0000 0.0000 0.0000	</row0>
					<row1>	0.0000 0.7000 0.0000 0.0000	</row1>
					<row2>	0.0000 0.0000 0.7000 0.0000	</row2>
					<row3>	0.0840 0.4373 -1.4684 1.0000	</row3>
				</transform>
			</node>
			<node>
				<identifier>	MP_AM264_Davit	</identifier>
				<transform>
					<row0>	-0.0916 0.0000 0.9958 0.0000	</row0>
					<row1>	0.0000 1.0000 0.0000 0.0000	</row1>
					<row2>	-0.9958 0.0000 -0.0916 0.0000	</row2>
					<row3>	-0.4211 0.3203 -1.9541 1.0000	</row3>
				</transform>
			</node>
			<node>
				<identifier>	MP_AM264_Davit_INDEX_1	</identifier>
				<transform>
					<row0>	0.1921 0.0000 0.9814 0.0000	</row0>
					<row1>	0.0000 1.0000 0.0000 0.0000	</row1>
					<row2>	-0.9814 0.0000 0.1921 0.0000	</row2>
					<row3>	-0.4340 0.3185 -1.3039 1.0000	</row3>
				</transform>
			</node>
			<node>
				<identifier>	MP_AM264_Davit_INDEX_2	</identifier>
				<transform>
					<row0>	-0.2855 0.0000 0.9584 0.0000	</row0>
					<row1>	0.0000 1.0000 0.0000 0.0000	</row1>
					<row2>	-0.9584 0.0000 -0.2855 0.0000	</row2>
					<row3>	-0.4356 0.3198 -0.9567 1.0000	</row3>
				</transform>
			</node>
			<node>
				<identifier>	MP_AM264_Davit_INDEX_3	</identifier>
				<transform>
					<row0>	0.3071 0.0000 -0.9517 0.0000	</row0>
					<row1>	0.0000 1.0000 0.0000 0.0000	</row1>
					<row2>	0.9517 0.0000 0.3071 0.0000	</row2>
					<row3>	0.4356 0.3149 -0.1168 1.0000	</row3>
				</transform>
			</node>
			<node>
				<identifier>	MP_AM264_Davit_INDEX_4	</identifier>
				<transform>
					<row0>	-0.0916 0.0000 -0.9958 0.0000	</row0>
					<row1>	0.0000 1.0000 0.0000 0.0000	</row1>
					<row2>	0.9958 0.0000 -0.0916 0.0000	</row2>
					<row3>	0.4211 0.3203 -1.9541 1.0000	</row3>
				</transform>
			</node>
			<node>
				<identifier>	MP_AM264_Davit_INDEX_5	</identifier>
				<transform>
					<row0>	0.2902 0.0000 0.9570 0.0000	</row0>
					<row1>	0.0000 1.0000 0.0000 0.0000	</row1>
					<row2>	-0.9570 0.0000 0.2902 0.0000	</row2>
					<row3>	-0.4356 0.3212 -0.2331 1.0000	</row3>
				</transform>
			</node>
			<node>
				<identifier>	MP_AM264_Davit_INDEX_6	</identifier>
				<transform>
					<row0>	0.1921 0.0000 -0.9814 0.0000	</row0>
					<row1>	0.0000 1.0000 0.0000 0.0000	</row1>
					<row2>	0.9814 0.0000 0.1921 0.0000	</row2>
					<row3>	0.4339 0.3185 -1.3039 1.0000	</row3>
				</transform>
			</node>
			<node>
				<identifier>	MP_AM264_Davit_INDEX_7	</identifier>
				<transform>
					<row0>	-0.2111 0.0000 -0.9775 0.0000	</row0>
					<row1>	0.0000 1.0000 0.0000 0.0000	</row1>
					<row2>	0.9775 0.0000 -0.2111 0.0000	</row2>
					<row3>	0.4356 0.3185 -0.8345 1.0000	</row3>
				</transform>
			</node>
			<node>
				<identifier>	MP_AM265_Hatch	</identifier>
				<transform>
					<row0>	1.1000 0.0000 0.0000 0.0000	</row0>
					<row1>	0.0000 1.1000 0.0000 0.0000	</row1>
					<row2>	0.0000 0.0000 1.1000 0.0000	</row2>
					<row3>	0.0000 0.4103 -1.2123 1.0000	</row3>
				</transform>
			</node>
			<node>
				<identifier>	MP_AM267_Ventilation	</identifier>
				<transform>
					<row0>	1.3000 0.0000 0.0000 0.0000	</row0>
					<row1>	0.0000 1.3000 0.0000 0.0000	</row1>
					<row2>	0.0000 0.0000 1.3000 0.0000	</row2>
					<row3>	-0.1127 0.3650 -2.2134 1.0000	</row3>
				</transform>
			</node>
			<node>
				<identifier>	MP_AM268_Bollard	</identifier>
				<transform>
					<row0>	1.4000 0.0000 0.0000 0.0000	</row0>
					<row1>	0.0000 1.4000 0.0000 0.0000	</row1>
					<row2>	0.0000 0.0000 1.4000 0.0000	</row2>
					<row3>	-0.3603 0.4111 -0.9360 1.0000	</row3>
				</transform>
			</node>
			<node>
				<identifier>	MP_AM268_Bollard_INDEX_1	</identifier>
				<transform>
					<row0>	1.4000 0.0000 0.0000 0.0000	</row0>
					<row1>	0.0000 1.4000 0.0000 0.0000	</row1>
					<row2>	0.0000 0.0000 1.4000 0.0000	</row2>
					<row3>	0.3603 0.4111 -0.9360 1.0000	</row3>
				</transform>
			</node>
			<node>
				<identifier>	MP_AM269_Fairlead	</identifier>
				<transform>
					<row0>	1.0000 0.0000 0.0044 0.0000	</row0>
					<row1>	0.0000 1.0000 -0.0035 0.0000	</row1>
					<row2>	-0.0044 0.0035 1.0000 0.0000	</row2>
					<row3>	0.3917 0.4128 -0.0835 1.0000	</row3>
				</transform>
			</node>
			<node>
				<identifier>	MP_AM269_Fairlead_INDEX_1	</identifier>
				<transform>
					<row0>	1.0000 0.0000 -0.0038 0.0000	</row0>
					<row1>	0.0000 1.0000 -0.0039 0.0000	</row1>
					<row2>	0.0038 0.0039 1.0000 0.0000	</row2>
					<row3>	-0.3916 0.4129 -0.0835 1.0000	</row3>
				</transform>
			</node>
			<node>
				<identifier>	MP_AM269_Fairlead_INDEX_2	</identifier>
				<transform>
					<row0>	0.9997 0.0000 0.0250 0.0000	</row0>
					<row1>	-0.0002 1.0000 0.0073 0.0000	</row1>
					<row2>	-0.0250 -0.0073 0.9997 0.0000	</row2>
					<row3>	-0.3738 0.4142 -2.1120 1.0000	</row3>
				</transform>
			</node>
			<node>
				<identifier>	MP_AM269_Fairlead_INDEX_3	</identifier>
				<transform>
					<row0>	1.0000 0.0000 -0.0035 0.0000	</row0>
					<row1>	0.0000 1.0000 0.0000 0.0000	</row1>
					<row2>	0.0035 0.0000 1.0000 0.0000	</row2>
					<row3>	0.3907 0.4117 -1.1830 1.0000	</row3>
				</transform>
			</node>
			<node>
				<identifier>	MP_AM269_Fairlead_INDEX_4	</identifier>
				<transform>
					<row0>	0.9997 0.0000 -0.0250 0.0000	</row0>
					<row1>	0.0002 1.0000 0.0073 0.0000	</row1>
					<row2>	0.0250 -0.0073 0.9997 0.0000	</row2>
					<row3>	0.3740 0.4144 -2.1120 1.0000	</row3>
				</transform>
			</node>
			<node>
				<identifier>	MP_AM269_Fairlead_INDEX_5	</identifier>
				<transform>
					<row0>	1.0000 0.0000 0.0023 0.0000	</row0>
					<row1>	0.0000 1.0000 0.0000 0.0000	</row1>
					<row2>	-0.0023 0.0000 1.0000 0.0000	</row2>
					<row3>	-0.3906 0.4116 -1.1830 1.0000	</row3>
				</transform>
			</node>
			<node>
				<identifier>	MP_AM279_Hatch	</identifier>
				<transform>
					<row0>	0.0000 0.0000 0.8000 0.0000	</row0>
					<row1>	0.0000 0.8000 0.0000 0.0000	</row1>
					<row2>	-0.8000 0.0000 0.0000 0.0000	</row2>
					<row3>	0.0000 0.4125 -0.2056 1.0000	</row3>
				</transform>
			</node>
			<node>
				<identifier>	MP_AM279_Hatch_INDEX_1	</identifier>
				<transform>
					<row0>	0.0000 0.0000 -0.8000 0.0000	</row0>
					<row1>	0.0000 0.8000 0.0000 0.0000	</row1>
					<row2>	0.8000 0.0000 0.0000 0.0000	</row2>
					<row3>	0.0000 0.4125 -0.2611 1.0000	</row3>
				</transform>
			</node>
			<node>
				<identifier>	MP_AM279_Hatch_INDEX_2	</identifier>
				<transform>
					<row0>	0.0000 0.0000 1.0000 0.0000	</row0>
					<row1>	0.0000 1.0000 0.0000 0.0000	</row1>
					<row2>	-1.0000 0.0000 0.0000 0.0000	</row2>
					<row3>	0.0000 0.4126 -1.8964 1.0000	</row3>
				</transform>
			</node>
			<node>
				<identifier>	MP_AM279_Hatch_INDEX_3	</identifier>
				<transform>
					<row0>	0.0000 0.0000 1.0000 0.0000	</row0>
					<row1>	0.0000 1.0000 0.0000 0.0000	</row1>
					<row2>	-1.0000 0.0000 0.0000 0.0000	</row2>
					<row3>	0.0000 0.4161 -2.3921 1.0000	</row3>
				</transform>
			</node>
			<node>
				<identifier>	MP_AM281_Boat_Winch	</identifier>
				<transform>
					<row0>	-1.3000 0.0000 0.0000 0.0000	</row0>
					<row1>	0.0000 1.3000 0.0000 0.0000	</row1>
					<row2>	0.0000 0.0000 -1.3000 0.0000	</row2>
					<row3>	0.2508 0.4135 -2.0947 1.0000	</row3>
				</transform>
			</node>
			<node>
				<identifier>	MP_AM281_Boat_Winch_INDEX_1	</identifier>
				<transform>
					<row0>	-1.3000 0.0000 0.0000 0.0000	</row0>
					<row1>	0.0000 1.3000 0.0000 0.0000	</row1>
					<row2>	0.0000 0.0000 -1.3000 0.0000	</row2>
					<row3>	-0.2508 0.4135 -2.0947 1.0000	</row3>
				</transform>
			</node>
			<node>
				<identifier>	MP_AM311_Hatch	</identifier>
				<transform>
					<row0>	1.0000 0.0000 0.0000 0.0000	</row0>
					<row1>	0.0000 1.0000 0.0000 0.0000	</row1>
					<row2>	0.0000 0.0000 1.0000 0.0000	</row2>
					<row3>	0.0000 0.4138 -2.0758 1.0000	</row3>
				</transform>
			</node>
			<node>
				<identifier>	MP_AM311_Hatch_INDEX_1	</identifier>
				<transform>
					<row0>	1.0000 0.0000 0.0000 0.0000	</row0>
					<row1>	0.0000 1.0000 0.0000 0.0000	</row1>
					<row2>	0.0000 0.0000 1.0000 0.0000	</row2>
					<row3>	0.0000 0.4138 -2.2054 1.0000	</row3>
				</transform>
			</node>
			<node>
				<identifier>	MP_AM312_Hatch	</identifier>
				<transform>
					<row0>	1.0000 0.0000 0.0000 0.0000	</row0>
					<row1>	0.0000 1.0000 0.0000 0.0000	</row1>
					<row2>	0.0000 0.0000 1.0000 0.0000	</row2>
					<row3>	0.0565 0.4145 -2.3223 1.0000	</row3>
				</transform>
			</node>
			<node>
				<identifier>	MP_AM313_Ammunition_box	</identifier>
				<transform>
					<row0>	1.0000 0.0000 0.0000 0.0000	</row0>
					<row1>	0.0000 1.0000 0.0000 0.0000	</row1>
					<row2>	0.0000 0.0000 1.0000 0.0000	</row2>
					<row3>	-0.0606 0.4107 -1.3957 1.0000	</row3>
				</transform>
			</node>
			<node>
				<identifier>	MP_AM313_Ammunition_box_INDEX_1	</identifier>
				<transform>
					<row0>	1.0000 0.0000 0.0000 0.0000	</row0>
					<row1>	0.0000 1.0000 0.0000 0.0000	</row1>
					<row2>	0.0000 0.0000 1.0000 0.0000	</row2>
					<row3>	0.0606 0.4107 -1.3957 1.0000	</row3>
				</transform>
			</node>
			<node>
				<identifier>	MP_AM400_Motor_boat_35ft	</identifier>
				<transform>
					<row0>	-0.9999 0.0000 0.0163 0.0000	</row0>
					<row1>	0.0000 1.0000 0.0043 0.0000	</row1>
					<row2>	-0.0163 0.0043 -0.9999 0.0000	</row2>
					<row3>	0.2873 0.4707 -0.4898 1.0000	</row3>
				</transform>
			</node>
			<node>
				<identifier>	MP_AM401_Motor_launch_36ft	</identifier>
				<transform>
					<row0>	-1.0000 0.0000 0.0000 0.0000	</row0>
					<row1>	0.0000 1.0000 0.0043 0.0000	</row1>
					<row2>	0.0000 0.0043 -1.0000 0.0000	</row2>
					<row3>	0.2797 0.4605 -1.6574 1.0000	</row3>
				</transform>
			</node>
			<node>
				<identifier>	MP_AM401_Motor_launch_36ft_INDEX_1	</identifier>
				<transform>
					<row0>	-1.0000 0.0000 0.0000 0.0000	</row0>
					<row1>	0.0000 1.0000 0.0043 0.0000	</row1>
					<row2>	0.0000 0.0043 -1.0000 0.0000	</row2>
					<row3>	-0.2797 0.4605 -1.6574 1.0000	</row3>
				</transform>
			</node>
			<node>
				<identifier>	MP_AM401_Motor_launch_36ft_INDEX_2	</identifier>
				<transform>
					<row0>	-1.0000 0.0000 0.0000 0.0000	</row0>
					<row1>	0.0000 1.0000 0.0043 0.0000	</row1>
					<row2>	0.0000 0.0043 -1.0000 0.0000	</row2>
					<row3>	-0.2968 0.4603 -0.6123 1.0000	</row3>
				</transform>
			</node>
			<node>
				<identifier>	MP_AM576_Franklin_Life_Buoy	</identifier>
				<transform>
					<row0>	0.9923 0.1239 0.0000 0.0000	</row0>
					<row1>	-0.1239 0.9923 0.0000 0.0000	</row1>
					<row2>	0.0000 0.0000 1.0000 0.0000	</row2>
					<row3>	0.3759 0.4152 -2.2509 1.0000	</row3>
				</transform>
			</node>
			<node>
				<identifier>	MP_AM576_Franklin_Life_Buoy_INDEX_1	</identifier>
				<transform>
					<row0>	-0.9923 0.1239 0.0000 0.0000	</row0>
					<row1>	0.1239 0.9923 0.0000 0.0000	</row1>
					<row2>	0.0000 0.0000 -1.0000 0.0000	</row2>
					<row3>	-0.3759 0.4152 -2.2509 1.0000	</row3>
				</transform>
			</node>
			<node>
				<identifier>	MP_CM011_Fire_Fighting_Gear	</identifier>
				<transform>
					<row0>	1.0000 0.0000 0.0000 0.0000	</row0>
					<row1>	0.0000 1.0000 0.0000 0.0000	</row1>
					<row2>	0.0000 0.0000 1.0000 0.0000	</row2>
					<row3>	0.0979 0.4109 -0.4996 1.0000	</row3>
				</transform>
			</node>
			<node>
				<identifier>	MP_CM011_Fire_Fighting_Gear_INDEX_1	</identifier>
				<transform>
					<row0>	1.0000 0.0000 0.0000 0.0000	</row0>
					<row1>	0.0000 1.0000 0.0000 0.0000	</row1>
					<row2>	0.0000 0.0000 1.0000 0.0000	</row2>
					<row3>	-0.0979 0.4109 -0.4996 1.0000	</row3>
				</transform>
			</node>
			<node>
				<identifier>	MP_CM012_Fire_Hose_Rack_1	</identifier>
				<transform>
					<row0>	0.0000 0.0000 1.0000 0.0000	</row0>
					<row1>	0.0000 1.0000 0.0000 0.0000	</row1>
					<row2>	-1.0000 0.0000 0.0000 0.0000	</row2>
					<row3>	-0.0761 0.4972 -0.4896 1.0000	</row3>
				</transform>
			</node>
			<node>
				<identifier>	MP_CM012_Fire_Hose_Rack_1_INDEX_1	</identifier>
				<transform>
					<row0>	0.0000 0.0000 1.0000 0.0000	</row0>
					<row1>	0.0000 1.0000 0.0000 0.0000	</row1>
					<row2>	-1.0000 0.0000 0.0000 0.0000	</row2>
					<row3>	0.0761 0.4972 -0.4896 1.0000	</row3>
				</transform>
			</node>
		</node>
	</node>
	<boundingBox>
		<min>	-0.0667 -0.0667 -0.0667	</min>
		<max>	0.0667 0.0667 0.0667	</max>
	</boundingBox>
</ASC002_Chester_1908_MidBack_ports.visual>
