<SSC003_Mendez_Nunez_1950_MidFront_ports.visual>
	<node>
		<identifier>	Scene Root	</identifier>
		<transform>
			<row0>	1.0000 0.0000 0.0000 0.0000	</row0>
			<row1>	0.0000 1.0000 0.0000 0.0000	</row1>
			<row2>	0.0000 0.0000 1.0000 0.0000	</row2>
			<row3>	0.0000 0.0000 0.0000 1.0000	</row3>
		</transform>
		<node>
			<identifier>	MidFront_ports	</identifier>
			<transform>
				<row0>	1.0000 0.0000 0.0000 0.0000	</row0>
				<row1>	0.0000 1.0000 0.0000 0.0000	</row1>
				<row2>	0.0000 0.0000 1.0000 0.0000	</row2>
				<row3>	0.0000 0.0000 0.0000 1.0000	</row3>
			</transform>
			<node>
				<identifier>	HP_FX_Death_1	</identifier>
				<transform>
					<row0>	1.0000 0.0000 0.0000 0.0000	</row0>
					<row1>	0.0000 1.0000 0.0000 0.0000	</row1>
					<row2>	0.0000 0.0000 1.0000 0.0000	</row2>
					<row3>	0.0000 0.0000 2.7729 1.0000	</row3>
				</transform>
			</node>
			<node>
				<identifier>	HP_FX_Death_2	</identifier>
				<transform>
					<row0>	1.0000 0.0000 0.0000 0.0000	</row0>
					<row1>	0.0000 1.0000 0.0000 0.0000	</row1>
					<row2>	0.0000 0.0000 1.0000 0.0000	</row2>
					<row3>	0.0000 0.0000 -0.0515 1.0000	</row3>
				</transform>
			</node>
			<node>
				<identifier>	HP_FX_Fire_2	</identifier>
				<transform>
					<row0>	1.0000 0.0000 0.0000 0.0000	</row0>
					<row1>	0.0000 1.0000 0.0000 0.0000	</row1>
					<row2>	0.0000 0.0000 1.0000 0.0000	</row2>
					<row3>	0.0000 0.3211 0.6954 1.0000	</row3>
				</transform>
			</node>
			<node>
				<identifier>	HP_FX_Fire_2_side_1	</identifier>
				<transform>
					<row0>	1.0000 0.0000 0.0000 0.0000	</row0>
					<row1>	0.0000 1.0000 0.0000 0.0000	</row1>
					<row2>	0.0000 0.0000 1.0000 0.0000	</row2>
					<row3>	-0.3271 0.3733 1.4914 1.0000	</row3>
				</transform>
			</node>
			<node>
				<identifier>	HP_FX_Fire_2_side_2	</identifier>
				<transform>
					<row0>	1.0000 0.0000 0.0000 0.0000	</row0>
					<row1>	0.0000 1.0000 0.0000 0.0000	</row1>
					<row2>	0.0000 0.0000 1.0000 0.0000	</row2>
					<row3>	0.3739 0.4004 0.2780 1.0000	</row3>
				</transform>
			</node>
			<node>
				<identifier>	HP_FX_FloodLight_left_1	</identifier>
				<transform>
					<row0>	-1.0000 0.0000 0.0000 0.0000	</row0>
					<row1>	0.0000 1.0000 0.0000 0.0000	</row1>
					<row2>	0.0000 0.0000 -1.0000 0.0000	</row2>
					<row3>	-0.2697 0.5075 2.1525 1.0000	</row3>
				</transform>
			</node>
			<node>
				<identifier>	HP_FX_FloodLight_right_1	</identifier>
				<transform>
					<row0>	1.0000 0.0000 0.0000 0.0000	</row0>
					<row1>	0.0000 1.0000 0.0000 0.0000	</row1>
					<row2>	0.0000 0.0000 1.0000 0.0000	</row2>
					<row3>	0.2698 0.5068 2.2783 1.0000	</row3>
				</transform>
			</node>
			<node>
				<identifier>	HP_FX_Flood_steam_1	</identifier>
				<transform>
					<row0>	1.0000 0.0000 0.0000 0.0000	</row0>
					<row1>	0.0000 0.8174 -0.5761 0.0000	</row1>
					<row2>	0.0000 0.5761 0.8174 0.0000	</row2>
					<row3>	0.0113 0.7406 0.7536 1.0000	</row3>
				</transform>
			</node>
			<node>
				<identifier>	HP_FX_Flood_steam_2	</identifier>
				<transform>
					<row0>	1.0000 0.0000 0.0000 0.0000	</row0>
					<row1>	0.0000 0.7645 -0.6446 0.0000	</row1>
					<row2>	0.0000 0.6446 0.7645 0.0000	</row2>
					<row3>	-0.0203 0.7294 -0.1619 1.0000	</row3>
				</transform>
			</node>
			<node>
				<identifier>	HP_FX_Flood_steam_3	</identifier>
				<transform>
					<row0>	1.0000 0.0000 0.0000 0.0000	</row0>
					<row1>	0.0000 0.9926 -0.1211 0.0000	</row1>
					<row2>	0.0000 0.1211 0.9926 0.0000	</row2>
					<row3>	-0.0217 1.1177 1.0158 1.0000	</row3>
				</transform>
			</node>
			<node>
				<identifier>	HP_FX_Flood_steam_4	</identifier>
				<transform>
					<row0>	1.0000 0.0000 0.0000 0.0000	</row0>
					<row1>	0.0000 0.9603 -0.2790 0.0000	</row1>
					<row2>	0.0000 0.2790 0.9603 0.0000	</row2>
					<row3>	-0.0210 1.0245 0.0740 1.0000	</row3>
				</transform>
			</node>
			<node>
				<identifier>	HP_FX_Flood_steam_left	</identifier>
				<transform>
					<row0>	-1.0000 0.0000 0.0000 0.0000	</row0>
					<row1>	0.0000 1.0000 0.0000 0.0000	</row1>
					<row2>	0.0000 0.0000 -1.0000 0.0000	</row2>
					<row3>	-0.4377 0.3141 1.4058 1.0000	</row3>
				</transform>
			</node>
			<node>
				<identifier>	HP_FX_Flood_water_left_2	</identifier>
				<transform>
					<row0>	-1.0000 0.0000 0.0000 0.0000	</row0>
					<row1>	0.0000 1.0000 0.0000 0.0000	</row1>
					<row2>	0.0000 0.0000 -1.0000 0.0000	</row2>
					<row3>	-0.4571 0.0416 0.6658 1.0000	</row3>
				</transform>
			</node>
			<node>
				<identifier>	HP_FX_Flood_water_right_2	</identifier>
				<transform>
					<row0>	1.0000 0.0000 0.0000 0.0000	</row0>
					<row1>	0.0000 1.0000 0.0000 0.0000	</row1>
					<row2>	0.0000 0.0000 1.0000 0.0000	</row2>
					<row3>	0.4571 0.0415 0.6662 1.0000	</row3>
				</transform>
			</node>
			<node>
				<identifier>	HP_FX_Smoke_1	</identifier>
				<transform>
					<row0>	1.0000 0.0000 0.0000 0.0000	</row0>
					<row1>	0.0000 0.9976 -0.0688 0.0000	</row1>
					<row2>	0.0000 0.0688 0.9976 0.0000	</row2>
					<row3>	0.0000 0.9435 0.9266 1.0000	</row3>
				</transform>
			</node>
			<node>
				<identifier>	HP_FX_Smoke_2	</identifier>
				<transform>
					<row0>	1.0000 0.0000 0.0000 0.0000	</row0>
					<row1>	0.0000 0.9976 -0.0688 0.0000	</row1>
					<row2>	0.0000 0.0688 0.9976 0.0000	</row2>
					<row3>	0.0000 0.8548 -0.0105 1.0000	</row3>
				</transform>
			</node>
			<node>
				<identifier>	HP_Flagpole	</identifier>
				<transform>
					<row0>	0.6000 0.0000 0.0000 0.0000	</row0>
					<row1>	0.0000 0.5995 -0.0241 0.0000	</row1>
					<row2>	0.0000 0.0241 0.5995 0.0000	</row2>
					<row3>	0.0000 1.8090 1.2842 1.0000	</row3>
				</transform>
			</node>
			<node>
				<identifier>	HP_SD_1	</identifier>
				<transform>
					<row0>	1.0000 0.0000 0.0000 0.0000	</row0>
					<row1>	0.0000 1.0000 0.0000 0.0000	</row1>
					<row2>	0.0000 0.0000 1.0000 0.0000	</row2>
					<row3>	0.0000 0.9220 1.5619 1.0000	</row3>
				</transform>
			</node>
			<node>
				<identifier>	HP_SGA_1	</identifier>
				<transform>
					<row0>	0.0000 0.0000 1.0000 0.0000	</row0>
					<row1>	0.0000 1.0000 0.0000 0.0000	</row1>
					<row2>	-1.0000 0.0000 0.0000 0.0000	</row2>
					<row3>	-0.3461 0.3643 1.4693 1.0000	</row3>
				</transform>
			</node>
			<node>
				<identifier>	HP_SGA_2	</identifier>
				<transform>
					<row0>	0.0000 0.0000 -1.0000 0.0000	</row0>
					<row1>	0.0000 1.0000 0.0000 0.0000	</row1>
					<row2>	1.0000 0.0000 0.0000 0.0000	</row2>
					<row3>	0.3461 0.3643 1.4693 1.0000	</row3>
				</transform>
			</node>
			<node>
				<identifier>	HP_SGA_3	</identifier>
				<transform>
					<row0>	0.0000 0.0000 1.0000 0.0000	</row0>
					<row1>	0.0000 1.0000 0.0000 0.0000	</row1>
					<row2>	-1.0000 0.0000 0.0000 0.0000	</row2>
					<row3>	-0.1201 0.3730 0.4893 1.0000	</row3>
				</transform>
			</node>
			<node>
				<identifier>	HP_SGA_4	</identifier>
				<transform>
					<row0>	0.0000 0.0000 -1.0000 0.0000	</row0>
					<row1>	0.0000 1.0000 0.0000 0.0000	</row1>
					<row2>	1.0000 0.0000 0.0000 0.0000	</row2>
					<row3>	0.1201 0.3730 0.4893 1.0000	</row3>
				</transform>
			</node>
			<node>
				<identifier>	HP_SGM_2	</identifier>
				<transform>
					<row0>	1.0000 0.0000 0.0000 0.0000	</row0>
					<row1>	0.0000 1.0000 0.0000 0.0000	</row1>
					<row2>	0.0000 0.0000 1.0000 0.0000	</row2>
					<row3>	0.0000 0.4727 2.7671 1.0000	</row3>
				</transform>
			</node>
			<node>
				<identifier>	HP_SGM_3	</identifier>
				<transform>
					<row0>	1.0000 0.0000 0.0000 0.0000	</row0>
					<row1>	0.0000 1.0000 0.0000 0.0000	</row1>
					<row2>	0.0000 0.0000 1.0000 0.0000	</row2>
					<row3>	0.0000 0.5759 2.2783 1.0000	</row3>
				</transform>
			</node>
			<node>
				<identifier>	HP_SRS_1	</identifier>
				<transform>
					<row0>	1.0000 0.0000 0.0000 0.0000	</row0>
					<row1>	0.0000 1.0000 0.0000 0.0000	</row1>
					<row2>	0.0000 0.0000 1.0000 0.0000	</row2>
					<row3>	0.0000 1.2063 1.3634 1.0000	</row3>
				</transform>
			</node>
			<node>
				<identifier>	HP_Ship_death_2	</identifier>
				<transform>
					<row0>	1.0000 0.0000 0.0000 0.0000	</row0>
					<row1>	0.0000 1.0000 0.0000 0.0000	</row1>
					<row2>	0.0000 0.0000 1.0000 0.0000	</row2>
					<row3>	0.0000 0.0000 -0.2213 1.0000	</row3>
				</transform>
			</node>
			<node>
				<identifier>	HP_flag_1	</identifier>
				<transform>
					<row0>	0.9998 -0.0176 0.0024 0.0000	</row0>
					<row1>	0.0176 0.9641 -0.2651 0.0000	</row1>
					<row2>	0.0024 0.2651 0.9642 0.0000	</row2>
					<row3>	0.1643 1.4547 1.1297 1.0000	</row3>
				</transform>
			</node>
			<node>
				<identifier>	HP_flag_2	</identifier>
				<transform>
					<row0>	0.9998 0.0176 -0.0024 0.0000	</row0>
					<row1>	-0.0176 0.9641 -0.2651 0.0000	</row1>
					<row2>	-0.0024 0.2651 0.9642 0.0000	</row2>
					<row3>	-0.1638 1.4545 1.1307 1.0000	</row3>
				</transform>
			</node>
			<node>
				<identifier>	HP_flag_3	</identifier>
				<transform>
					<row0>	0.9999 0.0123 -0.0011 0.0000	</row0>
					<row1>	-0.0123 0.9836 -0.1798 0.0000	</row1>
					<row2>	-0.0011 0.1798 0.9837 0.0000	</row2>
					<row3>	0.0905 1.4542 1.2031 1.0000	</row3>
				</transform>
			</node>
			<node>
				<identifier>	HP_flag_4	</identifier>
				<transform>
					<row0>	0.9999 -0.0123 0.0011 0.0000	</row0>
					<row1>	0.0123 0.9836 -0.1798 0.0000	</row1>
					<row2>	0.0011 0.1798 0.9837 0.0000	</row2>
					<row3>	-0.0905 1.4542 1.2031 1.0000	</row3>
				</transform>
			</node>
			<node>
				<identifier>	HP_flag_courtesy	</identifier>
				<transform>
					<row0>	0.9998 -0.0181 -0.0012 0.0000	</row0>
					<row1>	0.0181 0.9909 0.1336 0.0000	</row1>
					<row2>	-0.0012 -0.1336 0.9910 0.0000	</row2>
					<row3>	0.1643 1.4545 1.4559 1.0000	</row3>
				</transform>
			</node>
			<node>
				<identifier>	HP_flag_house	</identifier>
				<transform>
					<row0>	0.9998 0.0181 0.0012 0.0000	</row0>
					<row1>	-0.0181 0.9909 0.1336 0.0000	</row1>
					<row2>	0.0012 -0.1336 0.9910 0.0000	</row2>
					<row3>	-0.1643 1.4545 1.4559 1.0000	</row3>
				</transform>
			</node>
			<node>
				<identifier>	MP_BM851_Searchlight_20in	</identifier>
				<transform>
					<row0>	0.0000 0.0000 -1.0000 0.0000	</row0>
					<row1>	0.0000 1.0000 0.0000 0.0000	</row1>
					<row2>	1.0000 0.0000 0.0000 0.0000	</row2>
					<row3>	0.2447 0.7613 1.7021 1.0000	</row3>
				</transform>
			</node>
			<node>
				<identifier>	MP_BM851_Searchlight_20in_INDEX_1	</identifier>
				<transform>
					<row0>	0.0000 0.0000 1.0000 0.0000	</row0>
					<row1>	0.0000 1.0000 0.0000 0.0000	</row1>
					<row2>	-1.0000 0.0000 0.0000 0.0000	</row2>
					<row3>	-0.2447 0.7613 1.7021 1.0000	</row3>
				</transform>
			</node>
			<node>
				<identifier>	MP_CM011_Fire_Fighting_Gear	</identifier>
				<transform>
					<row0>	-0.5736 0.0000 -0.8192 0.0000	</row0>
					<row1>	0.0000 1.0000 0.0000 0.0000	</row1>
					<row2>	0.8192 0.0000 -0.5736 0.0000	</row2>
					<row3>	-0.1151 0.3819 3.0704 1.0000	</row3>
				</transform>
			</node>
			<node>
				<identifier>	MP_CM011_Fire_Fighting_Gear_INDEX_1	</identifier>
				<transform>
					<row0>	0.0000 0.0000 -1.0000 0.0000	</row0>
					<row1>	0.0000 1.0000 0.0000 0.0000	</row1>
					<row2>	1.0000 0.0000 0.0000 0.0000	</row2>
					<row3>	-0.2761 0.3711 2.3845 1.0000	</row3>
				</transform>
			</node>
			<node>
				<identifier>	MP_CM011_Fire_Fighting_Gear_INDEX_2	</identifier>
				<transform>
					<row0>	0.0000 0.0000 1.0000 0.0000	</row0>
					<row1>	0.0000 1.0000 0.0000 0.0000	</row1>
					<row2>	-1.0000 0.0000 0.0000 0.0000	</row2>
					<row3>	0.2933 0.3711 2.4032 1.0000	</row3>
				</transform>
			</node>
			<node>
				<identifier>	MP_CM011_Fire_Fighting_Gear_INDEX_3	</identifier>
				<transform>
					<row0>	0.0000 0.0000 -1.0000 0.0000	</row0>
					<row1>	0.0000 1.0000 0.0000 0.0000	</row1>
					<row2>	1.0000 0.0000 0.0000 0.0000	</row2>
					<row3>	-0.1822 0.3710 1.6148 1.0000	</row3>
				</transform>
			</node>
			<node>
				<identifier>	MP_CM011_Fire_Fighting_Gear_INDEX_4	</identifier>
				<transform>
					<row0>	0.0000 0.0000 1.0000 0.0000	</row0>
					<row1>	0.0000 1.0000 0.0000 0.0000	</row1>
					<row2>	-1.0000 0.0000 0.0000 0.0000	</row2>
					<row3>	0.1822 0.3710 1.6148 1.0000	</row3>
				</transform>
			</node>
			<node>
				<identifier>	MP_CM011_Fire_Fighting_Gear_INDEX_5	</identifier>
				<transform>
					<row0>	0.0000 0.0000 -1.0000 0.0000	</row0>
					<row1>	0.0000 1.0000 0.0000 0.0000	</row1>
					<row2>	1.0000 0.0000 0.0000 0.0000	</row2>
					<row3>	-0.1548 0.2189 -0.1639 1.0000	</row3>
				</transform>
			</node>
			<node>
				<identifier>	MP_CM011_Fire_Fighting_Gear_INDEX_6	</identifier>
				<transform>
					<row0>	0.0000 0.0000 -1.0000 0.0000	</row0>
					<row1>	0.0000 1.0000 0.0000 0.0000	</row1>
					<row2>	1.0000 0.0000 0.0000 0.0000	</row2>
					<row3>	-0.1594 0.2209 0.6884 1.0000	</row3>
				</transform>
			</node>
			<node>
				<identifier>	MP_CM011_Fire_Fighting_Gear_INDEX_7	</identifier>
				<transform>
					<row0>	0.0000 0.0000 1.0000 0.0000	</row0>
					<row1>	0.0000 1.0000 0.0000 0.0000	</row1>
					<row2>	-1.0000 0.0000 0.0000 0.0000	</row2>
					<row3>	0.1594 0.2209 0.6884 1.0000	</row3>
				</transform>
			</node>
			<node>
				<identifier>	MP_CM011_Fire_Fighting_Gear_INDEX_8	</identifier>
				<transform>
					<row0>	0.0000 0.0000 1.0000 0.0000	</row0>
					<row1>	0.0000 1.0000 0.0000 0.0000	</row1>
					<row2>	-1.0000 0.0000 0.0000 0.0000	</row2>
					<row3>	0.1548 0.2189 -0.1639 1.0000	</row3>
				</transform>
			</node>
			<node>
				<identifier>	MP_CM012_Fire_Hose_Rack_1	</identifier>
				<transform>
					<row0>	1.0000 0.0000 0.0000 0.0000	</row0>
					<row1>	0.0000 1.0000 0.0000 0.0000	</row1>
					<row2>	0.0000 0.0000 1.0000 0.0000	</row2>
					<row3>	-0.2691 0.4236 2.3643 1.0000	</row3>
				</transform>
			</node>
			<node>
				<identifier>	MP_CM012_Fire_Hose_Rack_1_INDEX_1	</identifier>
				<transform>
					<row0>	-1.0000 0.0000 0.0000 0.0000	</row0>
					<row1>	0.0000 1.0000 0.0000 0.0000	</row1>
					<row2>	0.0000 0.0000 -1.0000 0.0000	</row2>
					<row3>	0.2691 0.4236 2.0894 1.0000	</row3>
				</transform>
			</node>
			<node>
				<identifier>	MP_CM012_Fire_Hose_Rack_1_INDEX_2	</identifier>
				<transform>
					<row0>	1.0000 0.0000 0.0000 0.0000	</row0>
					<row1>	0.0000 1.0000 0.0000 0.0000	</row1>
					<row2>	0.0000 0.0000 1.0000 0.0000	</row2>
					<row3>	-0.1694 0.4236 1.6293 1.0000	</row3>
				</transform>
			</node>
			<node>
				<identifier>	MP_CM012_Fire_Hose_Rack_1_INDEX_3	</identifier>
				<transform>
					<row0>	-1.0000 0.0000 0.0000 0.0000	</row0>
					<row1>	0.0000 1.0000 0.0000 0.0000	</row1>
					<row2>	0.0000 0.0000 -1.0000 0.0000	</row2>
					<row3>	0.1694 0.4236 1.6293 1.0000	</row3>
				</transform>
			</node>
			<node>
				<identifier>	MP_CM012_Fire_Hose_Rack_1_INDEX_4	</identifier>
				<transform>
					<row0>	1.0000 0.0000 0.0000 0.0000	</row0>
					<row1>	0.0000 1.0000 0.0000 0.0000	</row1>
					<row2>	0.0000 0.0000 1.0000 0.0000	</row2>
					<row3>	-0.1360 0.2531 -0.1403 1.0000	</row3>
				</transform>
			</node>
			<node>
				<identifier>	MP_CM012_Fire_Hose_Rack_1_INDEX_5	</identifier>
				<transform>
					<row0>	1.0000 0.0000 0.0000 0.0000	</row0>
					<row1>	0.0000 1.0000 0.0000 0.0000	</row1>
					<row2>	0.0000 0.0000 1.0000 0.0000	</row2>
					<row3>	-0.1491 0.2755 0.6448 1.0000	</row3>
				</transform>
			</node>
			<node>
				<identifier>	MP_CM012_Fire_Hose_Rack_1_INDEX_6	</identifier>
				<transform>
					<row0>	-1.0000 0.0000 0.0000 0.0000	</row0>
					<row1>	0.0000 1.0000 0.0000 0.0000	</row1>
					<row2>	0.0000 0.0000 -1.0000 0.0000	</row2>
					<row3>	0.1491 0.2755 0.6448 1.0000	</row3>
				</transform>
			</node>
			<node>
				<identifier>	MP_CM012_Fire_Hose_Rack_1_INDEX_7	</identifier>
				<transform>
					<row0>	-1.0000 0.0000 0.0000 0.0000	</row0>
					<row1>	0.0000 1.0000 0.0000 0.0000	</row1>
					<row2>	0.0000 0.0000 -1.0000 0.0000	</row2>
					<row3>	0.1360 0.2531 -0.1403 1.0000	</row3>
				</transform>
			</node>
			<node>
				<identifier>	MP_CM012_Fire_Hose_Rack_1_INDEX_8	</identifier>
				<transform>
					<row0>	0.9581 0.0000 -0.2863 0.0000	</row0>
					<row1>	0.0000 1.0000 0.0000 0.0000	</row1>
					<row2>	0.2863 0.0000 0.9581 0.0000	</row2>
					<row3>	-0.2507 0.4399 2.8467 1.0000	</row3>
				</transform>
			</node>
			<node>
				<identifier>	MP_CM012_Fire_Hose_Rack_1_INDEX_9	</identifier>
				<transform>
					<row0>	-0.9558 0.0000 0.2940 0.0000	</row0>
					<row1>	0.0000 1.0000 0.0000 0.0000	</row1>
					<row2>	-0.2940 0.0000 -0.9558 0.0000	</row2>
					<row3>	0.2540 0.4399 2.6835 1.0000	</row3>
				</transform>
			</node>
			<node>
				<identifier>	MP_CM014_Fuel_Oil_Hose	</identifier>
				<transform>
					<row0>	-1.0000 0.0000 0.0000 0.0000	</row0>
					<row1>	0.0000 1.0000 0.0000 0.0000	</row1>
					<row2>	0.0000 0.0000 -1.0000 0.0000	</row2>
					<row3>	0.1370 0.2913 -0.2204 1.0000	</row3>
				</transform>
			</node>
			<node>
				<identifier>	MP_CM014_Fuel_Oil_Hose_INDEX_1	</identifier>
				<transform>
					<row0>	1.0000 0.0000 0.0000 0.0000	</row0>
					<row1>	0.0000 1.0000 0.0000 0.0000	</row1>
					<row2>	0.0000 0.0000 1.0000 0.0000	</row2>
					<row3>	-0.1370 0.2913 -0.2204 1.0000	</row3>
				</transform>
			</node>
			<node>
				<identifier>	MP_CM029_Emergency_Box	</identifier>
				<transform>
					<row0>	-0.2941 0.0000 0.9558 0.0000	</row0>
					<row1>	0.0000 1.0000 0.0000 0.0000	</row1>
					<row2>	-0.9558 0.0000 -0.2941 0.0000	</row2>
					<row3>	0.2586 0.4451 2.8435 1.0000	</row3>
				</transform>
			</node>
			<node>
				<identifier>	MP_CM029_Emergency_Box_INDEX_1	</identifier>
				<transform>
					<row0>	0.0000 0.0000 1.0000 0.0000	</row0>
					<row1>	0.0000 1.0000 0.0000 0.0000	</row1>
					<row2>	-1.0000 0.0000 0.0000 0.0000	</row2>
					<row3>	0.2754 0.4361 2.0515 1.0000	</row3>
				</transform>
			</node>
			<node>
				<identifier>	MP_CM029_Emergency_Box_INDEX_10	</identifier>
				<transform>
					<row0>	0.0000 0.0000 -1.0000 0.0000	</row0>
					<row1>	0.0000 1.0000 0.0000 0.0000	</row1>
					<row2>	1.0000 0.0000 0.0000 0.0000	</row2>
					<row3>	-0.0530 0.4433 0.3585 1.0000	</row3>
				</transform>
			</node>
			<node>
				<identifier>	MP_CM029_Emergency_Box_INDEX_11	</identifier>
				<transform>
					<row0>	0.0000 0.0000 -1.0000 0.0000	</row0>
					<row1>	0.0000 1.0000 0.0000 0.0000	</row1>
					<row2>	1.0000 0.0000 0.0000 0.0000	</row2>
					<row3>	-0.1422 0.2692 0.0302 1.0000	</row3>
				</transform>
			</node>
			<node>
				<identifier>	MP_CM029_Emergency_Box_INDEX_12	</identifier>
				<transform>
					<row0>	0.0000 0.0000 -1.0000 0.0000	</row0>
					<row1>	0.0000 1.0000 0.0000 0.0000	</row1>
					<row2>	1.0000 0.0000 0.0000 0.0000	</row2>
					<row3>	-0.1554 0.2692 0.8680 1.0000	</row3>
				</transform>
			</node>
			<node>
				<identifier>	MP_CM029_Emergency_Box_INDEX_13	</identifier>
				<transform>
					<row0>	0.0000 0.0000 -1.0000 0.0000	</row0>
					<row1>	0.0000 1.0000 0.0000 0.0000	</row1>
					<row2>	1.0000 0.0000 0.0000 0.0000	</row2>
					<row3>	-0.1551 0.2692 1.2278 1.0000	</row3>
				</transform>
			</node>
			<node>
				<identifier>	MP_CM029_Emergency_Box_INDEX_14	</identifier>
				<transform>
					<row0>	0.0000 0.0000 -1.0000 0.0000	</row0>
					<row1>	0.0000 1.0000 0.0000 0.0000	</row1>
					<row2>	1.0000 0.0000 0.0000 0.0000	</row2>
					<row3>	-0.1737 0.6467 1.5135 1.0000	</row3>
				</transform>
			</node>
			<node>
				<identifier>	MP_CM029_Emergency_Box_INDEX_15	</identifier>
				<transform>
					<row0>	0.0000 0.0000 1.0000 0.0000	</row0>
					<row1>	0.0000 1.0000 0.0000 0.0000	</row1>
					<row2>	-1.0000 0.0000 0.0000 0.0000	</row2>
					<row3>	0.1736 0.6467 1.5135 1.0000	</row3>
				</transform>
			</node>
			<node>
				<identifier>	MP_CM029_Emergency_Box_INDEX_2	</identifier>
				<transform>
					<row0>	0.0000 0.0000 1.0000 0.0000	</row0>
					<row1>	0.0000 1.0000 0.0000 0.0000	</row1>
					<row2>	-1.0000 0.0000 0.0000 0.0000	</row2>
					<row3>	0.1759 0.4361 1.3845 1.0000	</row3>
				</transform>
			</node>
			<node>
				<identifier>	MP_CM029_Emergency_Box_INDEX_3	</identifier>
				<transform>
					<row0>	0.0000 0.0000 1.0000 0.0000	</row0>
					<row1>	0.0000 1.0000 0.0000 0.0000	</row1>
					<row2>	-1.0000 0.0000 0.0000 0.0000	</row2>
					<row3>	0.0532 0.4433 0.3585 1.0000	</row3>
				</transform>
			</node>
			<node>
				<identifier>	MP_CM029_Emergency_Box_INDEX_4	</identifier>
				<transform>
					<row0>	0.0000 0.0000 1.0000 0.0000	</row0>
					<row1>	0.0000 1.0000 0.0000 0.0000	</row1>
					<row2>	-1.0000 0.0000 0.0000 0.0000	</row2>
					<row3>	0.1423 0.2692 0.0302 1.0000	</row3>
				</transform>
			</node>
			<node>
				<identifier>	MP_CM029_Emergency_Box_INDEX_5	</identifier>
				<transform>
					<row0>	0.0000 0.0000 1.0000 0.0000	</row0>
					<row1>	0.0000 1.0000 0.0000 0.0000	</row1>
					<row2>	-1.0000 0.0000 0.0000 0.0000	</row2>
					<row3>	0.1553 0.2692 0.8680 1.0000	</row3>
				</transform>
			</node>
			<node>
				<identifier>	MP_CM029_Emergency_Box_INDEX_6	</identifier>
				<transform>
					<row0>	0.0000 0.0000 1.0000 0.0000	</row0>
					<row1>	0.0000 1.0000 0.0000 0.0000	</row1>
					<row2>	-1.0000 0.0000 0.0000 0.0000	</row2>
					<row3>	0.1554 0.2692 1.2278 1.0000	</row3>
				</transform>
			</node>
			<node>
				<identifier>	MP_CM029_Emergency_Box_INDEX_7	</identifier>
				<transform>
					<row0>	0.1038 0.0000 -0.9946 0.0000	</row0>
					<row1>	0.0000 1.0000 0.0000 0.0000	</row1>
					<row2>	0.9946 0.0000 0.1038 0.0000	</row2>
					<row3>	-0.2692 0.4451 2.7231 1.0000	</row3>
				</transform>
			</node>
			<node>
				<identifier>	MP_CM029_Emergency_Box_INDEX_8	</identifier>
				<transform>
					<row0>	0.0000 0.0000 -1.0000 0.0000	</row0>
					<row1>	0.0000 1.0000 0.0000 0.0000	</row1>
					<row2>	1.0000 0.0000 0.0000 0.0000	</row2>
					<row3>	-0.2752 0.4361 2.3311 1.0000	</row3>
				</transform>
			</node>
			<node>
				<identifier>	MP_CM029_Emergency_Box_INDEX_9	</identifier>
				<transform>
					<row0>	0.0000 0.0000 -1.0000 0.0000	</row0>
					<row1>	0.0000 1.0000 0.0000 0.0000	</row1>
					<row2>	1.0000 0.0000 0.0000 0.0000	</row2>
					<row3>	-0.1758 0.4361 1.3845 1.0000	</row3>
				</transform>
			</node>
			<node>
				<identifier>	MP_CM030_Swab_Rack_2	</identifier>
				<transform>
					<row0>	-0.9996 0.0269 0.0000 0.0000	</row0>
					<row1>	0.0269 0.9996 0.0000 0.0000	</row1>
					<row2>	0.0000 0.0000 -1.0000 0.0000	</row2>
					<row3>	0.2740 0.2160 1.3062 1.0000	</row3>
				</transform>
			</node>
			<node>
				<identifier>	MP_CM030_Swab_Rack_2_INDEX_1	</identifier>
				<transform>
					<row0>	-0.9996 -0.0269 0.0000 0.0000	</row0>
					<row1>	-0.0269 0.9996 0.0000 0.0000	</row1>
					<row2>	0.0000 0.0000 -1.0000 0.0000	</row2>
					<row3>	-0.2740 0.2160 1.3062 1.0000	</row3>
				</transform>
			</node>
			<node>
				<identifier>	MP_CM040_Steering_Wheel	</identifier>
				<transform>
					<row0>	1.0000 0.0000 0.0000 0.0000	</row0>
					<row1>	0.0000 1.0000 0.0000 0.0000	</row1>
					<row2>	0.0000 0.0000 1.0000 0.0000	</row2>
					<row3>	0.0000 0.7451 1.8584 1.0000	</row3>
				</transform>
			</node>
			<node>
				<identifier>	MP_CM052_Fender	</identifier>
				<transform>
					<row0>	0.2926 0.0000 -0.5579 0.0000	</row0>
					<row1>	0.0000 0.6300 0.0000 0.0000	</row1>
					<row2>	0.5579 0.0000 0.2926 0.0000	</row2>
					<row3>	0.2463 0.3752 2.9073 1.0000	</row3>
				</transform>
			</node>
			<node>
				<identifier>	MP_CM052_Fender_INDEX_1	</identifier>
				<transform>
					<row0>	0.2926 0.0000 0.5579 0.0000	</row0>
					<row1>	0.0000 0.6300 0.0000 0.0000	</row1>
					<row2>	-0.5579 0.0000 0.2926 0.0000	</row2>
					<row3>	-0.2463 0.3751 2.9073 1.0000	</row3>
				</transform>
			</node>
			<node>
				<identifier>	MP_CM056_Ships_bell	</identifier>
				<transform>
					<row0>	1.0000 0.0000 0.0000 0.0000	</row0>
					<row1>	0.0000 1.0000 0.0000 0.0000	</row1>
					<row2>	0.0000 0.0000 1.0000 0.0000	</row2>
					<row3>	0.0000 0.7188 1.3970 1.0000	</row3>
				</transform>
			</node>
			<node>
				<identifier>	MP_CM082_Rope	</identifier>
				<transform>
					<row0>	0.1264 0.0000 0.7212 0.0000	</row0>
					<row1>	0.0000 0.7322 0.0000 0.0000	</row1>
					<row2>	-0.7212 0.0000 0.1264 0.0000	</row2>
					<row3>	0.1492 0.6589 1.3498 1.0000	</row3>
				</transform>
			</node>
			<node>
				<identifier>	MP_CM082_Rope_INDEX_1	</identifier>
				<transform>
					<row0>	0.0718 0.0000 0.6296 0.0000	</row0>
					<row1>	0.0000 0.6337 0.0000 0.0000	</row1>
					<row2>	-0.6296 0.0000 0.0718 0.0000	</row2>
					<row3>	0.1263 0.6592 1.3493 1.0000	</row3>
				</transform>
			</node>
			<node>
				<identifier>	MP_CM082_Rope_INDEX_2	</identifier>
				<transform>
					<row0>	0.0777 0.0000 0.6610 0.0000	</row0>
					<row1>	-0.0291 0.6649 0.0034 0.0000	</row1>
					<row2>	-0.6604 -0.0294 0.0776 0.0000	</row2>
					<row3>	0.0989 0.6590 1.3494 1.0000	</row3>
				</transform>
			</node>
			<node>
				<identifier>	MP_CM082_Rope_INDEX_3	</identifier>
				<transform>
					<row0>	0.0628 0.0000 0.6423 0.0000	</row0>
					<row1>	0.0000 0.6454 0.0000 0.0000	</row1>
					<row2>	-0.6423 0.0000 0.0628 0.0000	</row2>
					<row3>	0.0726 0.6592 1.3495 1.0000	</row3>
				</transform>
			</node>
			<node>
				<identifier>	MP_CM082_Rope_INDEX_4	</identifier>
				<transform>
					<row0>	0.0000 0.0000 -0.5898 0.0000	</row0>
					<row1>	0.0000 0.5898 0.0000 0.0000	</row1>
					<row2>	0.5898 0.0000 0.0000 0.0000	</row2>
					<row3>	-0.1263 0.6595 1.3491 1.0000	</row3>
				</transform>
			</node>
			<node>
				<identifier>	MP_CM082_Rope_INDEX_5	</identifier>
				<transform>
					<row0>	-0.0275 0.0000 -0.6257 0.0000	</row0>
					<row1>	0.0000 0.6263 0.0000 0.0000	</row1>
					<row2>	0.6257 0.0000 -0.0275 0.0000	</row2>
					<row3>	-0.1486 0.6594 1.3487 1.0000	</row3>
				</transform>
			</node>
			<node>
				<identifier>	MP_CM082_Rope_INDEX_6	</identifier>
				<transform>
					<row0>	-0.0432 0.0000 -0.6293 0.0000	</row0>
					<row1>	0.0000 0.6308 0.0000 0.0000	</row1>
					<row2>	0.6293 0.0000 -0.0432 0.0000	</row2>
					<row3>	-0.0726 0.6599 1.3490 1.0000	</row3>
				</transform>
			</node>
			<node>
				<identifier>	MP_CM082_Rope_INDEX_7	</identifier>
				<transform>
					<row0>	-0.0549 0.0000 -0.6611 0.0000	</row0>
					<row1>	0.0298 0.6627 -0.0025 0.0000	</row1>
					<row2>	0.6604 -0.0299 -0.0549 0.0000	</row2>
					<row3>	-0.0978 0.6598 1.3488 1.0000	</row3>
				</transform>
			</node>
			<node>
				<identifier>	MP_CM109_Leadsman_Platform	</identifier>
				<transform>
					<row0>	0.1514 -0.9883 0.0158 0.0000	</row0>
					<row1>	0.9856 0.1522 0.0733 0.0000	</row1>
					<row2>	-0.0749 0.0045 0.9972 0.0000	</row2>
					<row3>	0.3737 0.3747 2.6222 1.0000	</row3>
				</transform>
			</node>
			<node>
				<identifier>	MP_CM109_Leadsman_Platform_INDEX_1	</identifier>
				<transform>
					<row0>	-0.1582 -0.9873 0.0147 0.0000	</row0>
					<row1>	-0.9853 0.1588 0.0635 0.0000	</row1>
					<row2>	-0.0650 -0.0045 -0.9979 0.0000	</row2>
					<row3>	-0.3737 0.3747 2.6221 1.0000	</row3>
				</transform>
			</node>
			<node>
				<identifier>	MP_CM126_Cleat	</identifier>
				<transform>
					<row0>	0.9964 0.0381 -0.0763 0.0000	</row0>
					<row1>	-0.0387 0.9992 -0.0073 0.0000	</row1>
					<row2>	0.0760 0.0103 0.9971 0.0000	</row2>
					<row3>	-0.3563 0.3677 2.7606 1.0000	</row3>
				</transform>
			</node>
			<node>
				<identifier>	MP_CM126_Cleat_INDEX_1	</identifier>
				<transform>
					<row0>	0.9970 0.0381 -0.0673 0.0000	</row0>
					<row1>	-0.0382 0.9993 0.0000 0.0000	</row1>
					<row2>	0.0673 0.0026 0.9977 0.0000	</row2>
					<row3>	-0.3861 0.3654 2.3208 1.0000	</row3>
				</transform>
			</node>
			<node>
				<identifier>	MP_CM126_Cleat_INDEX_2	</identifier>
				<transform>
					<row0>	0.9983 0.0381 -0.0436 0.0000	</row0>
					<row1>	-0.0382 0.9993 0.0000 0.0000	</row1>
					<row2>	0.0436 0.0017 0.9990 0.0000	</row2>
					<row3>	-0.4224 0.3631 1.5955 1.0000	</row3>
				</transform>
			</node>
			<node>
				<identifier>	MP_CM126_Cleat_INDEX_3	</identifier>
				<transform>
					<row0>	0.9964 -0.0381 0.0763 0.0000	</row0>
					<row1>	0.0387 0.9992 -0.0073 0.0000	</row1>
					<row2>	-0.0760 0.0103 0.9971 0.0000	</row2>
					<row3>	0.3563 0.3677 2.7606 1.0000	</row3>
				</transform>
			</node>
			<node>
				<identifier>	MP_CM126_Cleat_INDEX_4	</identifier>
				<transform>
					<row0>	0.9970 -0.0381 0.0673 0.0000	</row0>
					<row1>	0.0382 0.9993 0.0000 0.0000	</row1>
					<row2>	-0.0673 0.0026 0.9977 0.0000	</row2>
					<row3>	0.3855 0.3654 2.3208 1.0000	</row3>
				</transform>
			</node>
			<node>
				<identifier>	MP_CM126_Cleat_INDEX_5	</identifier>
				<transform>
					<row0>	0.9983 -0.0381 0.0436 0.0000	</row0>
					<row1>	0.0382 0.9993 0.0000 0.0000	</row1>
					<row2>	-0.0436 0.0017 0.9990 0.0000	</row2>
					<row3>	0.4230 0.3631 1.5955 1.0000	</row3>
				</transform>
			</node>
			<node>
				<identifier>	MP_CM126_Cleat_INDEX_6	</identifier>
				<transform>
					<row0>	-0.2648 -0.0083 0.5108 0.0000	</row0>
					<row1>	0.5109 -0.0040 0.2648 0.0000	</row1>
					<row2>	-0.0003 0.5754 0.0092 0.0000	</row2>
					<row3>	-0.4478 0.2861 -0.0814 1.0000	</row3>
				</transform>
			</node>
			<node>
				<identifier>	MP_SM009_Voice_Tube	</identifier>
				<transform>
					<row0>	1.0000 0.0000 0.0000 0.0000	</row0>
					<row1>	0.0000 1.0000 0.0000 0.0000	</row1>
					<row2>	0.0000 0.0000 1.0000 0.0000	</row2>
					<row3>	-0.1109 0.8757 1.8563 1.0000	</row3>
				</transform>
			</node>
			<node>
				<identifier>	MP_SM009_Voice_Tube_INDEX_1	</identifier>
				<transform>
					<row0>	1.0000 0.0000 0.0000 0.0000	</row0>
					<row1>	0.0000 1.0000 0.0000 0.0000	</row1>
					<row2>	0.0000 0.0000 1.0000 0.0000	</row2>
					<row3>	0.1109 0.8757 1.8563 1.0000	</row3>
				</transform>
			</node>
			<node>
				<identifier>	MP_SM009_Voice_Tube_INDEX_2	</identifier>
				<transform>
					<row0>	0.0000 0.0000 -1.0000 0.0000	</row0>
					<row1>	0.0000 1.0000 0.0000 0.0000	</row1>
					<row2>	1.0000 0.0000 0.0000 0.0000	</row2>
					<row3>	0.2640 0.7464 1.7575 1.0000	</row3>
				</transform>
			</node>
			<node>
				<identifier>	MP_SM009_Voice_Tube_INDEX_3	</identifier>
				<transform>
					<row0>	0.0000 0.0000 1.0000 0.0000	</row0>
					<row1>	0.0000 1.0000 0.0000 0.0000	</row1>
					<row2>	-1.0000 0.0000 0.0000 0.0000	</row2>
					<row3>	-0.2640 0.7464 1.7575 1.0000	</row3>
				</transform>
			</node>
			<node>
				<identifier>	MP_SM009_Voice_Tube_INDEX_4	</identifier>
				<transform>
					<row0>	0.8951 0.0000 -0.4459 0.0000	</row0>
					<row1>	0.0000 1.0000 0.0000 0.0000	</row1>
					<row2>	0.4459 0.0000 0.8951 0.0000	</row2>
					<row3>	0.0879 0.7472 1.9136 1.0000	</row3>
				</transform>
			</node>
			<node>
				<identifier>	MP_SM009_Voice_Tube_INDEX_5	</identifier>
				<transform>
					<row0>	0.9318 0.0000 0.3630 0.0000	</row0>
					<row1>	0.0000 1.0000 0.0000 0.0000	</row1>
					<row2>	-0.3630 0.0000 0.9318 0.0000	</row2>
					<row3>	-0.0879 0.7468 1.9128 1.0000	</row3>
				</transform>
			</node>
			<node>
				<identifier>	MP_SM010_Todo_Por_La_Patria_Motto	</identifier>
				<transform>
					<row0>	-1.1596 0.0000 0.0000 0.0000	</row0>
					<row1>	0.0000 1.1596 0.0000 0.0000	</row1>
					<row2>	0.0000 0.0000 -1.1596 0.0000	</row2>
					<row3>	0.0000 0.9218 1.3935 1.0000	</row3>
				</transform>
			</node>
			<node>
				<identifier>	MP_SM011_Reels	</identifier>
				<transform>
					<row0>	-0.6484 0.0292 0.7608 0.0000	</row0>
					<row1>	0.0414 0.9991 -0.0030 0.0000	</row1>
					<row2>	-0.7602 0.0296 -0.6490 0.0000	</row2>
					<row3>	0.2641 0.3690 2.4484 1.0000	</row3>
				</transform>
			</node>
			<node>
				<identifier>	MP_SM011_Reels_INDEX_1	</identifier>
				<transform>
					<row0>	-0.6490 0.0000 0.7608 0.0000	</row0>
					<row1>	0.0000 1.0000 0.0000 0.0000	</row1>
					<row2>	-0.7608 0.0000 -0.6490 0.0000	</row2>
					<row3>	0.1755 0.5794 1.9534 1.0000	</row3>
				</transform>
			</node>
			<node>
				<identifier>	MP_SM011_Reels_INDEX_2	</identifier>
				<transform>
					<row0>	-0.6484 -0.0292 -0.7608 0.0000	</row0>
					<row1>	-0.0414 0.9991 -0.0030 0.0000	</row1>
					<row2>	0.7602 0.0296 -0.6490 0.0000	</row2>
					<row3>	-0.2641 0.3690 2.4484 1.0000	</row3>
				</transform>
			</node>
			<node>
				<identifier>	MP_SM011_Reels_INDEX_3	</identifier>
				<transform>
					<row0>	-0.6490 0.0000 -0.7608 0.0000	</row0>
					<row1>	0.0000 1.0000 0.0000 0.0000	</row1>
					<row2>	0.7608 0.0000 -0.6490 0.0000	</row2>
					<row3>	-0.1755 0.5794 1.9534 1.0000	</row3>
				</transform>
			</node>
			<node>
				<identifier>	MP_SM012_Liferaft_type_20_10ft	</identifier>
				<transform>
					<row0>	-0.4999 0.8659 -0.0198 0.0000	</row0>
					<row1>	0.8650 0.5003 0.0379 0.0000	</row1>
					<row2>	0.0427 0.0018 -0.9991 0.0000	</row2>
					<row3>	0.4048 0.4075 1.8378 1.0000	</row3>
				</transform>
			</node>
			<node>
				<identifier>	MP_SM012_Liferaft_type_20_10ft_INDEX_1	</identifier>
				<transform>
					<row0>	-0.4999 -0.8659 0.0198 0.0000	</row0>
					<row1>	-0.8650 0.5003 0.0379 0.0000	</row1>
					<row2>	-0.0427 0.0018 -0.9991 0.0000	</row2>
					<row3>	-0.4048 0.4075 1.8378 1.0000	</row3>
				</transform>
			</node>
			<node>
				<identifier>	MP_SM012_Liferaft_type_20_10ft_INDEX_2	</identifier>
				<transform>
					<row0>	-1.0000 0.0000 0.0000 0.0000	</row0>
					<row1>	0.0000 0.0000 -1.0000 0.0000	</row1>
					<row2>	0.0000 -1.0000 0.0000 0.0000	</row2>
					<row3>	0.1102 0.4862 1.3470 1.0000	</row3>
				</transform>
			</node>
			<node>
				<identifier>	MP_SM012_Liferaft_type_20_10ft_INDEX_3	</identifier>
				<transform>
					<row0>	-1.0000 0.0000 0.0000 0.0000	</row0>
					<row1>	0.0000 0.0000 -1.0000 0.0000	</row1>
					<row2>	0.0000 -1.0000 0.0000 0.0000	</row2>
					<row3>	-0.1102 0.4862 1.3470 1.0000	</row3>
				</transform>
			</node>
			<node>
				<identifier>	MP_SM012_Liferaft_type_20_10ft_INDEX_4	</identifier>
				<transform>
					<row0>	0.0000 1.0000 0.0000 0.0000	</row0>
					<row1>	1.0000 0.0000 0.0000 0.0000	</row1>
					<row2>	0.0000 0.0000 -1.0000 0.0000	</row2>
					<row3>	0.2317 0.4239 0.9798 1.0000	</row3>
				</transform>
			</node>
			<node>
				<identifier>	MP_SM012_Liferaft_type_20_10ft_INDEX_5	</identifier>
				<transform>
					<row0>	0.0000 1.0000 0.0000 0.0000	</row0>
					<row1>	1.0000 0.0000 0.0000 0.0000	</row1>
					<row2>	0.0000 0.0000 -1.0000 0.0000	</row2>
					<row3>	0.2115 0.4239 0.1187 1.0000	</row3>
				</transform>
			</node>
			<node>
				<identifier>	MP_SM012_Liferaft_type_20_10ft_INDEX_6	</identifier>
				<transform>
					<row0>	0.0000 -1.0000 0.0000 0.0000	</row0>
					<row1>	-1.0000 0.0000 0.0000 0.0000	</row1>
					<row2>	0.0000 0.0000 -1.0000 0.0000	</row2>
					<row3>	-0.2317 0.4239 0.9798 1.0000	</row3>
				</transform>
			</node>
			<node>
				<identifier>	MP_SM012_Liferaft_type_20_10ft_INDEX_7	</identifier>
				<transform>
					<row0>	0.0000 -1.0000 0.0000 0.0000	</row0>
					<row1>	-1.0000 0.0000 0.0000 0.0000	</row1>
					<row2>	0.0000 0.0000 -1.0000 0.0000	</row2>
					<row3>	-0.2115 0.4239 0.1187 1.0000	</row3>
				</transform>
			</node>
			<node>
				<identifier>	MP_SM012_Liferaft_type_20_10ft_INDEX_8	</identifier>
				<transform>
					<row0>	0.0000 1.0000 0.0000 0.0000	</row0>
					<row1>	0.8024 0.0000 0.5969 0.0000	</row1>
					<row2>	0.5969 0.0000 -0.8024 0.0000	</row2>
					<row3>	0.1579 0.4562 2.9943 1.0000	</row3>
				</transform>
			</node>
			<node>
				<identifier>	MP_SM012_Liferaft_type_20_10ft_INDEX_9	</identifier>
				<transform>
					<row0>	0.0000 -1.0000 0.0000 0.0000	</row0>
					<row1>	-0.8024 0.0000 0.5969 0.0000	</row1>
					<row2>	-0.5969 0.0000 -0.8024 0.0000	</row2>
					<row3>	-0.1579 0.4562 2.9943 1.0000	</row3>
				</transform>
			</node>
			<node>
				<identifier>	MP_SM015_Life_Buoy	</identifier>
				<transform>
					<row0>	0.3633 0.0000 0.9317 0.0000	</row0>
					<row1>	0.0000 1.0000 0.0000 0.0000	</row1>
					<row2>	-0.9317 0.0000 0.3633 0.0000	</row2>
					<row3>	0.2469 0.5438 2.6547 1.0000	</row3>
				</transform>
			</node>
			<node>
				<identifier>	MP_SM015_Life_Buoy_INDEX_1	</identifier>
				<transform>
					<row0>	-0.0670 0.0000 0.9978 0.0000	</row0>
					<row1>	0.0000 1.0000 0.0000 0.0000	</row1>
					<row2>	-0.9978 0.0000 -0.0670 0.0000	</row2>
					<row3>	0.3761 0.4337 2.5208 1.0000	</row3>
				</transform>
			</node>
			<node>
				<identifier>	MP_SM015_Life_Buoy_INDEX_2	</identifier>
				<transform>
					<row0>	0.0000 0.0000 1.0000 0.0000	</row0>
					<row1>	0.0000 1.0000 0.0000 0.0000	</row1>
					<row2>	-1.0000 0.0000 0.0000 0.0000	</row2>
					<row3>	0.2709 0.6473 1.7494 1.0000	</row3>
				</transform>
			</node>
			<node>
				<identifier>	MP_SM015_Life_Buoy_INDEX_3	</identifier>
				<transform>
					<row0>	1.0000 0.0000 0.0000 0.0000	</row0>
					<row1>	0.0000 1.0000 0.0000 0.0000	</row1>
					<row2>	0.0000 0.0000 1.0000 0.0000	</row2>
					<row3>	0.2426 0.8000 1.6736 1.0000	</row3>
				</transform>
			</node>
			<node>
				<identifier>	MP_SM015_Life_Buoy_INDEX_4	</identifier>
				<transform>
					<row0>	0.1697 0.0000 0.9855 0.0000	</row0>
					<row1>	0.0000 1.0000 0.0000 0.0000	</row1>
					<row2>	-0.9855 0.0000 0.1697 0.0000	</row2>
					<row3>	0.2373 0.4214 0.4487 1.0000	</row3>
				</transform>
			</node>
			<node>
				<identifier>	MP_SM015_Life_Buoy_INDEX_5	</identifier>
				<transform>
					<row0>	1.0000 0.0000 0.0000 0.0000	</row0>
					<row1>	0.0000 1.0000 0.0000 0.0000	</row1>
					<row2>	0.0000 0.0000 1.0000 0.0000	</row2>
					<row3>	-0.2426 0.8000 1.6736 1.0000	</row3>
				</transform>
			</node>
			<node>
				<identifier>	MP_SM015_Life_Buoy_INDEX_6	</identifier>
				<transform>
					<row0>	0.3633 0.0000 -0.9317 0.0000	</row0>
					<row1>	0.0000 1.0000 0.0000 0.0000	</row1>
					<row2>	0.9317 0.0000 0.3633 0.0000	</row2>
					<row3>	-0.2471 0.5438 2.6546 1.0000	</row3>
				</transform>
			</node>
			<node>
				<identifier>	MP_SM015_Life_Buoy_INDEX_7	</identifier>
				<transform>
					<row0>	-0.0670 0.0000 -0.9978 0.0000	</row0>
					<row1>	0.0000 1.0000 0.0000 0.0000	</row1>
					<row2>	0.9978 0.0000 -0.0670 0.0000	</row2>
					<row3>	-0.3761 0.4337 2.5208 1.0000	</row3>
				</transform>
			</node>
			<node>
				<identifier>	MP_SM015_Life_Buoy_INDEX_8	</identifier>
				<transform>
					<row0>	0.0000 0.0000 -1.0000 0.0000	</row0>
					<row1>	0.0000 1.0000 0.0000 0.0000	</row1>
					<row2>	1.0000 0.0000 0.0000 0.0000	</row2>
					<row3>	-0.2709 0.6473 1.7494 1.0000	</row3>
				</transform>
			</node>
			<node>
				<identifier>	MP_SM015_Life_Buoy_INDEX_9	</identifier>
				<transform>
					<row0>	0.1697 0.0000 -0.9855 0.0000	</row0>
					<row1>	0.0000 1.0000 0.0000 0.0000	</row1>
					<row2>	0.9855 0.0000 0.1697 0.0000	</row2>
					<row3>	-0.2373 0.4214 0.4487 1.0000	</row3>
				</transform>
			</node>
			<node>
				<identifier>	MP_SM017_Telegraph_Engine_L	</identifier>
				<transform>
					<row0>	1.0000 0.0000 0.0000 0.0000	</row0>
					<row1>	0.0000 1.0000 0.0000 0.0000	</row1>
					<row2>	0.0000 0.0000 1.0000 0.0000	</row2>
					<row3>	-0.1383 0.7451 1.8800 1.0000	</row3>
				</transform>
			</node>
			<node>
				<identifier>	MP_SM018_Running_Light_L	</identifier>
				<transform>
					<row0>	1.0000 0.0000 0.0000 0.0000	</row0>
					<row1>	0.0000 1.0000 0.0000 0.0000	</row1>
					<row2>	0.0000 0.0000 1.0000 0.0000	</row2>
					<row3>	-0.2695 0.7353 1.6753 1.0000	</row3>
				</transform>
			</node>
			<node>
				<identifier>	MP_SM021_Pelorus	</identifier>
				<transform>
					<row0>	1.0000 0.0000 0.0000 0.0000	</row0>
					<row1>	0.0000 1.0000 0.0000 0.0000	</row1>
					<row2>	0.0000 0.0000 1.0000 0.0000	</row2>
					<row3>	0.2447 0.7453 1.7779 1.0000	</row3>
				</transform>
			</node>
			<node>
				<identifier>	MP_SM021_Pelorus_INDEX_1	</identifier>
				<transform>
					<row0>	1.0000 0.0000 0.0000 0.0000	</row0>
					<row1>	0.0000 1.0000 0.0000 0.0000	</row1>
					<row2>	0.0000 0.0000 1.0000 0.0000	</row2>
					<row3>	-0.2447 0.7453 1.7779 1.0000	</row3>
				</transform>
			</node>
			<node>
				<identifier>	MP_SM021_Pelorus_INDEX_2	</identifier>
				<transform>
					<row0>	1.0000 0.0000 0.0000 0.0000	</row0>
