<ZSC011_Harbin_1947_MidBack_ports.visual>
	<node>
		<identifier>	Scene Root	</identifier>
		<transform>
			<row0>	1.0000 0.0000 0.0000 0.0000	</row0>
			<row1>	0.0000 1.0000 0.0000 0.0000	</row1>
			<row2>	0.0000 0.0000 1.0000 0.0000	</row2>
			<row3>	0.0000 0.0000 0.0000 1.0000	</row3>
		</transform>
		<node>
			<identifier>	MidBack_ports	</identifier>
			<transform>
				<row0>	1.0000 0.0000 0.0000 0.0000	</row0>
				<row1>	0.0000 1.0000 0.0000 0.0000	</row1>
				<row2>	0.0000 0.0000 1.0000 0.0000	</row2>
				<row3>	0.0000 0.0000 0.0000 1.0000	</row3>
			</transform>
			<node>
				<identifier>	HP_FX_Death_2	</identifier>
				<transform>
					<row0>	1.0000 0.0000 0.0000 0.0000	</row0>
					<row1>	0.0000 1.0000 0.0000 0.0000	</row1>
					<row2>	0.0000 0.0000 1.0000 0.0000	</row2>
					<row3>	0.0000 0.0000 -0.1805 1.0000	</row3>
				</transform>
			</node>
			<node>
				<identifier>	HP_FX_Fire_3	</identifier>
				<transform>
					<row0>	1.0000 0.0000 0.0000 0.0000	</row0>
					<row1>	0.0000 1.0000 0.0000 0.0000	</row1>
					<row2>	0.0000 0.0000 1.0000 0.0000	</row2>
					<row3>	0.0000 0.4283 -1.2905 1.0000	</row3>
				</transform>
			</node>
			<node>
				<identifier>	HP_FX_Fire_3_side_1	</identifier>
				<transform>
					<row0>	0.9165 0.0000 -0.4001 0.0000	</row0>
					<row1>	0.0000 1.0000 0.0000 0.0000	</row1>
					<row2>	0.4001 0.0000 0.9165 0.0000	</row2>
					<row3>	-0.3645 0.3351 -0.8722 1.0000	</row3>
				</transform>
			</node>
			<node>
				<identifier>	HP_FX_Fire_3_side_2	</identifier>
				<transform>
					<row0>	1.0000 0.0000 0.0000 0.0000	</row0>
					<row1>	0.0000 1.0000 0.0000 0.0000	</row1>
					<row2>	0.0000 0.0000 1.0000 0.0000	</row2>
					<row3>	0.4161 0.2859 -2.4563 1.0000	</row3>
				</transform>
			</node>
			<node>
				<identifier>	HP_FX_FloodLight_left_1	</identifier>
				<transform>
					<row0>	-1.0000 0.0000 0.0000 0.0000	</row0>
					<row1>	0.0000 1.0000 0.0000 0.0000	</row1>
					<row2>	0.0000 0.0000 -1.0000 0.0000	</row2>
					<row3>	-0.2366 0.4133 -1.2109 1.0000	</row3>
				</transform>
			</node>
			<node>
				<identifier>	HP_FX_FloodLight_right_1	</identifier>
				<transform>
					<row0>	1.0000 0.0000 0.0000 0.0000	</row0>
					<row1>	0.0000 1.0000 0.0000 0.0000	</row1>
					<row2>	0.0000 0.0000 1.0000 0.0000	</row2>
					<row3>	0.2386 0.4150 -1.2148 1.0000	</row3>
				</transform>
			</node>
			<node>
				<identifier>	HP_FX_Flood_steam_2	</identifier>
				<transform>
					<row0>	0.9514 -0.2975 0.0799 0.0000	</row0>
					<row1>	0.3016 0.8471 -0.4376 0.0000	</row1>
					<row2>	0.0625 0.4404 0.8956 0.0000	</row2>
					<row3>	0.0353 1.1067 -0.3602 1.0000	</row3>
				</transform>
			</node>
			<node>
				<identifier>	HP_FX_Smoke_2	</identifier>
				<transform>
					<row0>	1.0000 0.0000 0.0000 0.0000	</row0>
					<row1>	0.0000 1.0000 0.0000 0.0000	</row1>
					<row2>	0.0000 0.0000 1.0000 0.0000	</row2>
					<row3>	0.0000 1.0758 -0.2514 1.0000	</row3>
				</transform>
			</node>
			<node>
				<identifier>	HP_Ship_death_2	</identifier>
				<transform>
					<row0>	1.0000 0.0000 0.0000 0.0000	</row0>
					<row1>	0.0000 1.0000 0.0000 0.0000	</row1>
					<row2>	0.0000 0.0000 1.0000 0.0000	</row2>
					<row3>	0.0000 0.0000 0.2336 1.0000	</row3>
				</transform>
			</node>
			<node>
				<identifier>	HP_ZF_2	</identifier>
				<transform>
					<row0>	-1.0000 0.0000 0.0000 0.0000	</row0>
					<row1>	0.0000 1.0000 0.0000 0.0000	</row1>
					<row2>	0.0000 0.0000 -1.0000 0.0000	</row2>
					<row3>	0.0000 0.7448 -1.9495 1.0000	</row3>
				</transform>
			</node>
			<node>
				<identifier>	HP_ZGA_15	</identifier>
				<transform>
					<row0>	0.0000 0.0000 1.0000 0.0000	</row0>
					<row1>	0.0000 1.0000 0.0000 0.0000	</row1>
					<row2>	-1.0000 0.0000 0.0000 0.0000	</row2>
					<row3>	-0.4641 0.2823 -0.9492 1.0000	</row3>
				</transform>
			</node>
			<node>
				<identifier>	HP_ZGA_16	</identifier>
				<transform>
					<row0>	0.0000 0.0000 -1.0000 0.0000	</row0>
					<row1>	0.0000 1.0000 0.0000 0.0000	</row1>
					<row2>	1.0000 0.0000 0.0000 0.0000	</row2>
					<row3>	0.4641 0.2823 -0.9492 1.0000	</row3>
				</transform>
			</node>
			<node>
				<identifier>	HP_ZGA_17	</identifier>
				<transform>
					<row0>	0.0000 0.0000 1.0000 0.0000	</row0>
					<row1>	0.0000 1.0000 0.0000 0.0000	</row1>
					<row2>	-1.0000 0.0000 0.0000 0.0000	</row2>
					<row3>	-0.4641 0.2821 -1.1494 1.0000	</row3>
				</transform>
			</node>
			<node>
				<identifier>	HP_ZGA_18	</identifier>
				<transform>
					<row0>	0.0000 0.0000 -1.0000 0.0000	</row0>
					<row1>	0.0000 1.0000 0.0000 0.0000	</row1>
					<row2>	1.0000 0.0000 0.0000 0.0000	</row2>
					<row3>	0.4641 0.2821 -1.1494 1.0000	</row3>
				</transform>
			</node>
			<node>
				<identifier>	HP_ZGA_19	</identifier>
				<transform>
					<row0>	0.0000 0.0000 1.0000 0.0000	</row0>
					<row1>	0.0000 1.0000 0.0000 0.0000	</row1>
					<row2>	-1.0000 0.0000 0.0000 0.0000	</row2>
					<row3>	-0.4641 0.2810 -1.3495 1.0000	</row3>
				</transform>
			</node>
			<node>
				<identifier>	HP_ZGA_20	</identifier>
				<transform>
					<row0>	0.0000 0.0000 -1.0000 0.0000	</row0>
					<row1>	0.0000 1.0000 0.0000 0.0000	</row1>
					<row2>	1.0000 0.0000 0.0000 0.0000	</row2>
					<row3>	0.4641 0.2810 -1.3495 1.0000	</row3>
				</transform>
			</node>
			<node>
				<identifier>	HP_ZGA_21	</identifier>
				<transform>
					<row0>	0.0000 0.0000 1.0000 0.0000	</row0>
					<row1>	0.0000 1.0000 0.0000 0.0000	</row1>
					<row2>	-1.0000 0.0000 0.0000 0.0000	</row2>
					<row3>	-0.4308 0.2836 -1.8036 1.0000	</row3>
				</transform>
			</node>
			<node>
				<identifier>	HP_ZGA_22	</identifier>
				<transform>
					<row0>	0.0000 0.0000 1.0000 0.0000	</row0>
					<row1>	0.0000 1.0000 0.0000 0.0000	</row1>
					<row2>	-1.0000 0.0000 0.0000 0.0000	</row2>
					<row3>	-0.4308 0.2877 -1.8036 1.0000	</row3>
				</transform>
			</node>
			<node>
				<identifier>	HP_ZGA_23	</identifier>
				<transform>
					<row0>	0.0000 0.0000 -1.0000 0.0000	</row0>
					<row1>	0.0000 1.0000 0.0000 0.0000	</row1>
					<row2>	1.0000 0.0000 0.0000 0.0000	</row2>
					<row3>	0.4308 0.2836 -1.8036 1.0000	</row3>
				</transform>
			</node>
			<node>
				<identifier>	HP_ZGA_24	</identifier>
				<transform>
					<row0>	0.0000 0.0000 -1.0000 0.0000	</row0>
					<row1>	0.0000 1.0000 0.0000 0.0000	</row1>
					<row2>	1.0000 0.0000 0.0000 0.0000	</row2>
					<row3>	0.4308 0.2877 -1.8036 1.0000	</row3>
				</transform>
			</node>
			<node>
				<identifier>	HP_ZGA_25	</identifier>
				<transform>
					<row0>	-0.7071 0.0000 0.7071 0.0000	</row0>
					<row1>	0.0000 1.0000 0.0000 0.0000	</row1>
					<row2>	-0.7071 0.0000 -0.7071 0.0000	</row2>
					<row3>	-0.3362 0.3240 -2.1809 1.0000	</row3>
				</transform>
			</node>
			<node>
				<identifier>	HP_ZGA_26	</identifier>
				<transform>
					<row0>	-0.7071 0.0000 -0.7071 0.0000	</row0>
					<row1>	0.0000 1.0000 0.0000 0.0000	</row1>
					<row2>	0.7071 0.0000 -0.7071 0.0000	</row2>
					<row3>	0.3362 0.3240 -2.1809 1.0000	</row3>
				</transform>
			</node>
			<node>
				<identifier>	HP_ZGM_4	</identifier>
				<transform>
					<row0>	-1.0000 0.0000 0.0000 0.0000	</row0>
					<row1>	0.0000 1.0000 0.0000 0.0000	</row1>
					<row2>	0.0000 0.0000 -1.0000 0.0000	</row2>
					<row3>	0.0000 0.4335 -2.4162 1.0000	</row3>
				</transform>
			</node>
			<node>
				<identifier>	HP_ZGM_5	</identifier>
				<transform>
					<row0>	-1.0000 0.0000 0.0000 0.0000	</row0>
					<row1>	0.0000 1.0000 0.0000 0.0000	</row1>
					<row2>	0.0000 0.0000 -1.0000 0.0000	</row2>
					<row3>	0.0000 0.3101 -2.9833 1.0000	</row3>
				</transform>
			</node>
			<node>
				<identifier>	HP_ZGT_3	</identifier>
				<transform>
					<row0>	1.0000 0.0000 0.0000 0.0000	</row0>
					<row1>	0.0000 1.0000 0.0000 0.0000	</row1>
					<row2>	0.0000 0.0000 1.0000 0.0000	</row2>
					<row3>	-0.4288 0.3103 -0.4782 1.0000	</row3>
				</transform>
			</node>
			<node>
				<identifier>	HP_ZGT_4	</identifier>
				<transform>
					<row0>	1.0000 0.0000 0.0000 0.0000	</row0>
					<row1>	0.0000 1.0000 0.0000 0.0000	</row1>
					<row2>	0.0000 0.0000 1.0000 0.0000	</row2>
					<row3>	0.4288 0.3103 -0.4782 1.0000	</row3>
				</transform>
			</node>
			<node>
				<identifier>	HP_ZRS_4	</identifier>
				<transform>
					<row0>	-1.0000 0.0000 0.0000 0.0000	</row0>
					<row1>	0.0000 1.0000 0.0000 0.0000	</row1>
					<row2>	0.0000 0.0000 -1.0000 0.0000	</row2>
					<row3>	0.0000 0.8796 -1.9265 1.0000	</row3>
				</transform>
			</node>
			<node>
				<identifier>	MP_CM011_Fire_Fighting_Gear	</identifier>
				<transform>
					<row0>	0.0000 0.0184 0.9998 0.0000	</row0>
					<row1>	0.0000 0.9998 -0.0184 0.0000	</row1>
					<row2>	-1.0000 0.0000 0.0000 0.0000	</row2>
					<row3>	0.0880 0.4727 -0.3573 1.0000	</row3>
				</transform>
			</node>
			<node>
				<identifier>	MP_CM011_Fire_Fighting_Gear_INDEX_1	</identifier>
				<transform>
					<row0>	0.0000 -0.0184 -0.9998 0.0000	</row0>
					<row1>	0.0000 0.9998 -0.0184 0.0000	</row1>
					<row2>	1.0000 0.0000 0.0000 0.0000	</row2>
					<row3>	-0.0880 0.4727 -0.3573 1.0000	</row3>
				</transform>
			</node>
			<node>
				<identifier>	MP_CM011_Fire_Fighting_Gear_INDEX_2	</identifier>
				<transform>
					<row0>	0.0000 0.0184 0.9998 0.0000	</row0>
					<row1>	0.0000 0.9998 -0.0184 0.0000	</row1>
					<row2>	-1.0000 0.0000 0.0000 0.0000	</row2>
					<row3>	0.1216 0.4489 -1.8736 1.0000	</row3>
				</transform>
			</node>
			<node>
				<identifier>	MP_CM011_Fire_Fighting_Gear_INDEX_3	</identifier>
				<transform>
					<row0>	0.0000 -0.0184 -0.9998 0.0000	</row0>
					<row1>	0.0000 0.9998 -0.0184 0.0000	</row1>
					<row2>	1.0000 0.0000 0.0000 0.0000	</row2>
					<row3>	-0.1216 0.4489 -1.8736 1.0000	</row3>
				</transform>
			</node>
			<node>
				<identifier>	MP_CM011_Fire_Fighting_Gear_INDEX_4	</identifier>
				<transform>
					<row0>	0.0000 0.0184 0.9998 0.0000	</row0>
					<row1>	0.0000 0.9998 -0.0184 0.0000	</row1>
					<row2>	-1.0000 0.0000 0.0000 0.0000	</row2>
					<row3>	0.2427 0.2967 -1.3033 1.0000	</row3>
				</transform>
			</node>
			<node>
				<identifier>	MP_CM011_Fire_Fighting_Gear_INDEX_5	</identifier>
				<transform>
					<row0>	0.0000 -0.0184 -0.9998 0.0000	</row0>
					<row1>	0.0000 0.9998 -0.0184 0.0000	</row1>
					<row2>	1.0000 0.0000 0.0000 0.0000	</row2>
					<row3>	-0.2427 0.2967 -1.3033 1.0000	</row3>
				</transform>
			</node>
			<node>
				<identifier>	MP_CM011_Fire_Fighting_Gear_INDEX_6	</identifier>
				<transform>
					<row0>	0.6073 0.0184 0.7943 0.0000	</row0>
					<row1>	-0.0111 0.9998 -0.0146 0.0000	</row1>
					<row2>	-0.7944 0.0000 0.6074 0.0000	</row2>
					<row3>	0.1353 0.2998 -2.5399 1.0000	</row3>
				</transform>
			</node>
			<node>
				<identifier>	MP_CM011_Fire_Fighting_Gear_INDEX_7	</identifier>
				<transform>
					<row0>	0.6073 -0.0184 -0.7943 0.0000	</row0>
					<row1>	0.0111 0.9998 -0.0146 0.0000	</row1>
					<row2>	0.7944 0.0000 0.6074 0.0000	</row2>
					<row3>	-0.1353 0.2998 -2.5399 1.0000	</row3>
				</transform>
			</node>
			<node>
				<identifier>	MP_CM013_Fire_Hose_Rack_2	</identifier>
				<transform>
					<row0>	0.9594 0.0052 0.2820 0.0000	</row0>
					<row1>	0.0000 0.9998 -0.0184 0.0000	</row1>
					<row2>	-0.2821 0.0176 0.9592 0.0000	</row2>
					<row3>	-0.0858 0.5350 -0.3303 1.0000	</row3>
				</transform>
			</node>
			<node>
				<identifier>	MP_CM013_Fire_Hose_Rack_2_INDEX_1	</identifier>
				<transform>
					<row0>	-0.9642 0.0049 0.2651 0.0000	</row0>
					<row1>	0.0000 0.9998 -0.0184 0.0000	</row1>
					<row2>	-0.2652 -0.0177 -0.9640 0.0000	</row2>
					<row3>	0.0858 0.5350 -0.3303 1.0000	</row3>
				</transform>
			</node>
			<node>
				<identifier>	MP_CM013_Fire_Hose_Rack_2_INDEX_2	</identifier>
				<transform>
					<row0>	-0.8577 -0.0094 -0.5141 0.0000	</row0>
					<row1>	0.0000 0.9998 -0.0184 0.0000	</row1>
					<row2>	0.5142 -0.0158 -0.8575 0.0000	</row2>
					<row3>	0.1142 0.5274 -1.8818 1.0000	</row3>
				</transform>
			</node>
			<node>
				<identifier>	MP_CM013_Fire_Hose_Rack_2_INDEX_3	</identifier>
				<transform>
					<row0>	0.8545 -0.0095 -0.5194 0.0000	</row0>
					<row1>	0.0000 0.9998 -0.0184 0.0000	</row1>
					<row2>	0.5194 0.0157 0.8544 0.0000	</row2>
					<row3>	-0.1142 0.5274 -1.8818 1.0000	</row3>
				</transform>
			</node>
			<node>
				<identifier>	MP_CM013_Fire_Hose_Rack_2_INDEX_4	</identifier>
				<transform>
					<row0>	-1.0000 0.0000 0.0000 0.0000	</row0>
					<row1>	0.0000 1.0000 0.0000 0.0000	</row1>
					<row2>	0.0000 0.0000 -1.0000 0.0000	</row2>
					<row3>	0.2330 0.3769 -1.3033 1.0000	</row3>
				</transform>
			</node>
			<node>
				<identifier>	MP_CM013_Fire_Hose_Rack_2_INDEX_5	</identifier>
				<transform>
					<row0>	1.0000 0.0000 0.0000 0.0000	</row0>
					<row1>	0.0000 1.0000 0.0000 0.0000	</row1>
					<row2>	0.0000 0.0000 1.0000 0.0000	</row2>
					<row3>	-0.2330 0.3769 -1.3033 1.0000	</row3>
				</transform>
			</node>
			<node>
				<identifier>	MP_CM013_Fire_Hose_Rack_2_INDEX_6	</identifier>
				<transform>
					<row0>	-0.7944 0.0000 0.6074 0.0000	</row0>
					<row1>	0.0000 1.0000 0.0000 0.0000	</row1>
					<row2>	-0.6074 0.0000 -0.7944 0.0000	</row2>
					<row3>	0.1322 0.3769 -2.5219 1.0000	</row3>
				</transform>
			</node>
			<node>
				<identifier>	MP_CM013_Fire_Hose_Rack_2_INDEX_7	</identifier>
				<transform>
					<row0>	0.7971 0.0000 0.6038 0.0000	</row0>
					<row1>	0.0000 1.0000 0.0000 0.0000	</row1>
					<row2>	-0.6038 0.0000 0.7971 0.0000	</row2>
					<row3>	-0.1322 0.3769 -2.5219 1.0000	</row3>
				</transform>
			</node>
			<node>
				<identifier>	MP_CM014_Fuel_Oil_Hose	</identifier>
				<transform>
					<row0>	0.9990 0.0000 0.0439 0.0000	</row0>
					<row1>	0.0000 1.0000 0.0000 0.0000	</row1>
					<row2>	-0.0439 0.0000 0.9990 0.0000	</row2>
					<row3>	-0.2256 0.3324 -1.6913 1.0000	</row3>
				</transform>
			</node>
			<node>
				<identifier>	MP_CM014_Fuel_Oil_Hose_INDEX_1	</identifier>
				<transform>
					<row0>	0.9990 0.0000 0.0440 0.0000	</row0>
					<row1>	0.0000 1.0000 0.0000 0.0000	</row1>
					<row2>	-0.0440 0.0000 0.9990 0.0000	</row2>
					<row3>	-0.2256 0.3628 -1.6913 1.0000	</row3>
				</transform>
			</node>
			<node>
				<identifier>	MP_CM014_Fuel_Oil_Hose_INDEX_2	</identifier>
				<transform>
					<row0>	-0.9993 0.0126 -0.0360 0.0000	</row0>
					<row1>	0.0126 0.9999 0.0000 0.0000	</row1>
					<row2>	0.0360 -0.0005 -0.9994 0.0000	</row2>
					<row3>	0.1591 0.3632 0.0787 1.0000	</row3>
				</transform>
			</node>
			<node>
				<identifier>	MP_CM014_Fuel_Oil_Hose_INDEX_3	</identifier>
				<transform>
					<row0>	-0.9990 0.0000 0.0450 0.0000	</row0>
					<row1>	0.0000 1.0000 0.0000 0.0000	</row1>
					<row2>	-0.0450 0.0000 -0.9990 0.0000	</row2>
					<row3>	0.2256 0.3628 -1.6913 1.0000	</row3>
				</transform>
			</node>
			<node>
				<identifier>	MP_CM014_Fuel_Oil_Hose_INDEX_4	</identifier>
				<transform>
					<row0>	-0.9990 0.0000 0.0448 0.0000	</row0>
					<row1>	0.0000 1.0000 0.0000 0.0000	</row1>
					<row2>	-0.0448 0.0000 -0.9990 0.0000	</row2>
					<row3>	0.2256 0.3324 -1.6913 1.0000	</row3>
				</transform>
			</node>
			<node>
				<identifier>	MP_CM014_Fuel_Oil_Hose_INDEX_5	</identifier>
				<transform>
					<row0>	0.9993 0.0112 -0.0350 0.0000	</row0>
					<row1>	-0.0112 0.9999 0.0000 0.0000	</row1>
					<row2>	0.0349 0.0004 0.9994 0.0000	</row2>
					<row3>	-0.1591 0.3632 0.0787 1.0000	</row3>
				</transform>
			</node>
			<node>
				<identifier>	MP_CM029_Emergency_Box	</identifier>
				<transform>
					<row0>	0.0000 0.0000 -1.0000 0.0000	</row0>
					<row1>	0.0000 1.0000 0.0000 0.0000	</row1>
					<row2>	1.0000 0.0000 0.0000 0.0000	</row2>
					<row3>	-0.1722 0.3695 -0.6333 1.0000	</row3>
				</transform>
			</node>
			<node>
				<identifier>	MP_CM029_Emergency_Box_INDEX_1	</identifier>
				<transform>
					<row0>	-0.9911 0.0000 -0.1331 0.0000	</row0>
					<row1>	0.0000 1.0000 0.0000 0.0000	</row1>
					<row2>	0.1331 0.0000 -0.9911 0.0000	</row2>
					<row3>	-0.0187 0.5267 -1.8107 1.0000	</row3>
				</transform>
			</node>
			<node>
				<identifier>	MP_CM029_Emergency_Box_INDEX_2	</identifier>
				<transform>
					<row0>	0.0000 0.0000 1.0000 0.0000	</row0>
					<row1>	0.0000 1.0000 0.0000 0.0000	</row1>
					<row2>	-1.0000 0.0000 0.0000 0.0000	</row2>
					<row3>	0.1722 0.3695 -0.6333 1.0000	</row3>
				</transform>
			</node>
			<node>
				<identifier>	MP_CM029_Emergency_Box_INDEX_3	</identifier>
				<transform>
					<row0>	0.0000 0.0000 -1.0000 0.0000	</row0>
					<row1>	0.0000 1.0000 0.0000 0.0000	</row1>
					<row2>	1.0000 0.0000 0.0000 0.0000	</row2>
					<row3>	-0.2394 0.3695 -1.0973 1.0000	</row3>
				</transform>
			</node>
			<node>
				<identifier>	MP_CM029_Emergency_Box_INDEX_4	</identifier>
				<transform>
					<row0>	0.0426 0.0000 -0.9991 0.0000	</row0>
					<row1>	0.0000 1.0000 0.0000 0.0000	</row1>
					<row2>	0.9991 0.0000 0.0426 0.0000	</row2>
					<row3>	-0.2242 0.3695 -1.8321 1.0000	</row3>
				</transform>
			</node>
			<node>
				<identifier>	MP_CM029_Emergency_Box_INDEX_5	</identifier>
				<transform>
					<row0>	0.9919 0.0000 -0.1273 0.0000	</row0>
					<row1>	0.0000 1.0000 0.0000 0.0000	</row1>
					<row2>	0.1273 0.0000 0.9919 0.0000	</row2>
					<row3>	-0.0183 0.3695 -2.0882 1.0000	</row3>
				</transform>
			</node>
			<node>
				<identifier>	MP_CM029_Emergency_Box_INDEX_6	</identifier>
				<transform>
					<row0>	0.0426 0.0000 0.9991 0.0000	</row0>
					<row1>	0.0000 1.0000 0.0000 0.0000	</row1>
					<row2>	-0.9991 0.0000 0.0426 0.0000	</row2>
					<row3>	0.2242 0.3695 -1.8321 1.0000	</row3>
				</transform>
			</node>
			<node>
				<identifier>	MP_CM029_Emergency_Box_INDEX_7	</identifier>
				<transform>
					<row0>	0.0000 0.0000 1.0000 0.0000	</row0>
					<row1>	0.0000 1.0000 0.0000 0.0000	</row1>
					<row2>	-1.0000 0.0000 0.0000 0.0000	</row2>
					<row3>	0.2394 0.3695 -1.0973 1.0000	</row3>
				</transform>
			</node>
			<node>
				<identifier>	MP_CM030_Swab_Rack_2	</identifier>
				<transform>
					<row0>	1.0000 0.0000 0.0000 0.0000	</row0>
					<row1>	0.0000 1.0000 0.0000 0.0000	</row1>
					<row2>	0.0000 0.0000 1.0000 0.0000	</row2>
					<row3>	0.1621 0.2961 -0.9152 1.0000	</row3>
				</transform>
			</node>
			<node>
				<identifier>	MP_CM030_Swab_Rack_2_INDEX_1	</identifier>
				<transform>
					<row0>	-1.0000 0.0000 0.0000 0.0000	</row0>
					<row1>	0.0000 1.0000 0.0000 0.0000	</row1>
					<row2>	0.0000 0.0000 -1.0000 0.0000	</row2>
					<row3>	-0.1656 0.2964 -1.9491 1.0000	</row3>
				</transform>
			</node>
			<node>
				<identifier>	MP_CM052_Fender	</identifier>
				<transform>
					<row0>	-0.0024 0.0000 1.0000 0.0000	</row0>
					<row1>	0.0000 1.0000 0.0000 0.0000	</row1>
					<row2>	-1.0000 0.0000 -0.0024 0.0000	</row2>
					<row3>	-0.2628 0.2947 -1.3830 1.0000	</row3>
				</transform>
			</node>
			<node>
				<identifier>	MP_CM052_Fender_INDEX_1	</identifier>
				<transform>
					<row0>	-0.0024 0.0000 -1.0000 0.0000	</row0>
					<row1>	0.0000 1.0000 0.0000 0.0000	</row1>
					<row2>	1.0000 0.0000 -0.0024 0.0000	</row2>
					<row3>	0.2628 0.2947 -1.3830 1.0000	</row3>
				</transform>
			</node>
			<node>
				<identifier>	MP_CM052_Fender_INDEX_2	</identifier>
				<transform>
					<row0>	0.9437 0.0000 -0.1090 0.0000	</row0>
					<row1>	0.0000 0.9500 0.0000 0.0000	</row1>
					<row2>	0.1090 0.0000 0.9437 0.0000	</row2>
					<row3>	0.0337 0.2997 -2.2199 1.0000	</row3>
				</transform>
			</node>
			<node>
				<identifier>	MP_CM052_Fender_INDEX_3	</identifier>
				<transform>
					<row0>	0.9437 0.0000 0.1090 0.0000	</row0>
					<row1>	0.0000 0.9500 0.0000 0.0000	</row1>
					<row2>	-0.1090 0.0000 0.9437 0.0000	</row2>
					<row3>	-0.0337 0.2997 -2.2199 1.0000	</row3>
				</transform>
			</node>
			<node>
				<identifier>	MP_CM056_Ships_bell	</identifier>
				<transform>
					<row0>	-0.0019 0.0000 -0.8000 0.0000	</row0>
					<row1>	0.0000 0.8000 0.0000 0.0000	</row1>
					<row2>	0.8000 0.0000 -0.0019 0.0000	</row2>
					<row3>	0.0000 0.4682 -2.1014 1.0000	</row3>
				</transform>
			</node>
			<node>
				<identifier>	MP_CM059_Ladder_Cruiser	</identifier>
				<transform>
					<row0>	0.0000 1.0000 -0.0013 0.0000	</row0>
					<row1>	-0.9993 0.0000 0.0362 0.0000	</row1>
					<row2>	0.0362 0.0013 0.9993 0.0000	</row2>
					<row3>	0.5255 0.3240 -2.5413 1.0000	</row3>
				</transform>
			</node>
			<node>
				<identifier>	MP_CM059_Ladder_Cruiser_INDEX_1	</identifier>
				<transform>
					<row0>	0.0000 -1.0000 0.0013 0.0000	</row0>
					<row1>	0.9993 0.0000 0.0362 0.0000	</row1>
					<row2>	-0.0362 0.0013 0.9993 0.0000	</row2>
					<row3>	-0.5255 0.3142 -2.5413 1.0000	</row3>
				</transform>
			</node>
			<node>
				<identifier>	MP_CM112_Fire_Extinguisher	</identifier>
				<transform>
					<row0>	-0.3822 0.0000 0.9241 0.0000	</row0>
					<row1>	0.0000 1.0000 0.0000 0.0000	</row1>
					<row2>	-0.9241 0.0000 -0.3822 0.0000	</row2>
					<row3>	0.0627 0.3776 -2.0748 1.0000	</row3>
				</transform>
			</node>
			<node>
				<identifier>	MP_CM112_Fire_Extinguisher_INDEX_1	</identifier>
				<transform>
					<row0>	-1.0000 0.0000 -0.0001 0.0000	</row0>
					<row1>	0.0000 1.0000 0.0000 0.0000	</row1>
					<row2>	0.0001 0.0000 -1.0000 0.0000	</row2>
					<row3>	0.2394 0.3713 -1.0014 1.0000	</row3>
				</transform>
			</node>
			<node>
				<identifier>	MP_CM112_Fire_Extinguisher_INDEX_2	</identifier>
				<transform>
					<row0>	0.3692 0.0000 0.9294 0.0000	</row0>
					<row1>	0.0000 1.0000 0.0000 0.0000	</row1>
					<row2>	-0.9294 0.0000 0.3692 0.0000	</row2>
					<row3>	-0.0626 0.3776 -2.0748 1.0000	</row3>
				</transform>
			</node>
			<node>
				<identifier>	MP_CM112_Fire_Extinguisher_INDEX_3	</identifier>
				<transform>
					<row0>	-1.0000 0.0000 -0.0001 0.0000	</row0>
					<row1>	0.0000 1.0000 0.0000 0.0000	</row1>
					<row2>	0.0001 0.0000 -1.0000 0.0000	</row2>
					<row3>	0.1720 0.3713 -0.4314 1.0000	</row3>
				</transform>
			</node>
			<node>
				<identifier>	MP_CM112_Fire_Extinguisher_INDEX_4	</identifier>
				<transform>
					<row0>	1.0000 0.0000 0.0073 0.0000	</row0>
					<row1>	0.0000 1.0000 0.0000 0.0000	</row1>
					<row2>	-0.0073 0.0000 1.0000 0.0000	</row2>
					<row3>	-0.2396 0.3713 -1.0015 1.0000	</row3>
				</transform>
			</node>
			<node>
				<identifier>	MP_CM112_Fire_Extinguisher_INDEX_5	</identifier>
				<transform>
					<row0>	-0.7438 0.0000 -0.6684 0.0000	</row0>
					<row1>	0.0000 1.0000 0.0000 0.0000	</row1>
					<row2>	0.6684 0.0000 -0.7438 0.0000	</row2>
					<row3>	0.0619 0.5316 -0.1744 1.0000	</row3>
				</transform>
			</node>
			<node>
				<identifier>	MP_CM112_Fire_Extinguisher_INDEX_6	</identifier>
				<transform>
					<row0>	0.7566 0.0000 -0.6539 0.0000	</row0>
					<row1>	0.0000 1.0000 0.0000 0.0000	</row1>
					<row2>	0.6539 0.0000 0.7566 0.0000	</row2>
					<row3>	-0.0619 0.5316 -0.1744 1.0000	</row3>
				</transform>
			</node>
			<node>
				<identifier>	MP_CM112_Fire_Extinguisher_INDEX_7	</identifier>
				<transform>
					<row0>	1.0000 0.0000 0.0000 0.0000	</row0>
					<row1>	0.0000 1.0000 0.0000 0.0000	</row1>
					<row2>	0.0000 0.0000 1.0000 0.0000	</row2>
					<row3>	-0.1720 0.3713 -0.4314 1.0000	</row3>
				</transform>
			</node>
			<node>
				<identifier>	MP_ZM004_Basket_Rope	</identifier>
				<transform>
					<row0>	0.9935 -0.0203 -0.1116 0.0000	</row0>
					<row1>	0.0206 0.9998 0.0021 0.0000	</row1>
					<row2>	0.1116 -0.0044 0.9937 0.0000	</row2>
					<row3>	0.1829 0.2967 -0.8275 1.0000	</row3>
				</transform>
			</node>
			<node>
				<identifier>	MP_ZM004_Basket_Rope_INDEX_1	</identifier>
				<transform>
					<row0>	0.9935 0.0203 0.1116 0.0000	</row0>
					<row1>	-0.0206 0.9998 0.0021 0.0000	</row1>
					<row2>	-0.1116 -0.0044 0.9937 0.0000	</row2>
					<row3>	-0.1829 0.2967 -0.8275 1.0000	</row3>
				</transform>
			</node>
			<node>
				<identifier>	MP_ZM015_Speaker	</identifier>
				<transform>
					<row0>	-0.0188 0.0000 -0.9998 0.0000	</row0>
					<row1>	0.0000 1.0000 0.0000 0.0000	</row1>
					<row2>	0.9998 0.0000 -0.0188 0.0000	</row2>
					<row3>	0.2325 0.4376 -1.1513 1.0000	</row3>
				</transform>
			</node>
			<node>
				<identifier>	MP_ZM015_Speaker_INDEX_1	</identifier>
				<transform>
					<row0>	-0.0188 0.0000 0.9998 0.0000	</row0>
					<row1>	0.0000 1.0000 0.0000 0.0000	</row1>
					<row2>	-0.9998 0.0000 -0.0188 0.0000	</row2>
					<row3>	-0.2325 0.4376 -1.1513 1.0000	</row3>
				</transform>
			</node>
			<node>
				<identifier>	MP_ZM015_Speaker_INDEX_2	</identifier>
				<transform>
					<row0>	0.1991 0.0000 -0.9800 0.0000	</row0>
					<row1>	0.0000 1.0000 0.0000 0.0000	</row1>
					<row2>	0.9800 0.0000 0.1991 0.0000	</row2>
					<row3>	0.1039 0.7039 -1.9289 1.0000	</row3>
				</transform>
			</node>
			<node>
				<identifier>	MP_ZM015_Speaker_INDEX_3	</identifier>
				<transform>
					<row0>	0.1991 0.0000 0.9800 0.0000	</row0>
					<row1>	0.0000 1.0000 0.0000 0.0000	</row1>
					<row2>	-0.9800 0.0000 0.1991 0.0000	</row2>
					<row3>	-0.1039 0.7039 -1.9289 1.0000	</row3>
				</transform>
			</node>
			<node>
				<identifier>	MP_ZM015_Speaker_INDEX_4	</identifier>
				<transform>
					<row0>	-1.0000 0.0000 0.0000 0.0000	</row0>
					<row1>	0.0000 1.0000 0.0000 0.0000	</row1>
					<row2>	0.0000 0.0000 -1.0000 0.0000	</row2>
					<row3>	0.0000 0.7039 -2.0574 1.0000	</row3>
				</transform>
			</node>
			<node>
				<identifier>	MP_ZM015_Speaker_INDEX_5	</identifier>
				<transform>
					<row0>	-0.0126 0.0000 -0.9999 0.0000	</row0>
					<row1>	0.0000 1.0000 0.0000 0.0000	</row1>
					<row2>	0.9999 0.0000 -0.0126 0.0000	</row2>
					<row3>	0.1649 0.4612 -0.5027 1.0000	</row3>
				</transform>
			</node>
			<node>
				<identifier>	MP_ZM015_Speaker_INDEX_6	</identifier>
				<transform>
					<row0>	-0.0126 0.0000 0.9999 0.0000	</row0>
					<row1>	0.0000 1.0000 0.0000 0.0000	</row1>
					<row2>	-0.9999 0.0000 -0.0126 0.0000	</row2>
					<row3>	-0.1649 0.4612 -0.5027 1.0000	</row3>
				</transform>
			</node>
			<node>
				<identifier>	MP_ZM041_Filling_connection	</identifier>
				<transform>
					<row0>	1.0000 0.0000 0.0000 0.0000	</row0>
					<row1>	0.0000 1.0000 0.0000 0.0000	</row1>
					<row2>	0.0000 0.0000 1.0000 0.0000	</row2>
					<row3>	0.5081 0.2858 -1.9659 1.0000	</row3>
				</transform>
			</node>
			<node>
				<identifier>	MP_ZM041_Filling_connection_INDEX_1	</identifier>
				<transform>
					<row0>	-1.0000 0.0000 0.0000 0.0000	</row0>
					<row1>	0.0000 1.0000 0.0000 0.0000	</row1>
					<row2>	0.0000 0.0000 -1.0000 0.0000	</row2>
					<row3>	-0.5081 0.2858 -1.9659 1.0000	</row3>
				</transform>
			</node>
			<node>
				<identifier>	MP_ZM041_Filling_connection_INDEX_2	</identifier>
				<transform>
					<row0>	-1.0000 0.0000 0.0000 0.0000	</row0>
					<row1>	0.0000 1.0000 0.0000 0.0000	</row1>
					<row2>	0.0000 0.0000 -1.0000 0.0000	</row2>
					<row3>	-0.5117 0.2858 0.0688 1.0000	</row3>
				</transform>
			</node>
			<node>
				<identifier>	MP_ZM041_Filling_connection_INDEX_3	</identifier>
				<transform>
					<row0>	1.0000 0.0000 0.0000 0.0000	</row0>
					<row1>	0.0000 1.0000 0.0000 0.0000	</row1>
					<row2>	0.0000 0.0000 1.0000 0.0000	</row2>
					<row3>	0.5117 0.2858 0.0688 1.0000	</row3>
				</transform>
			</node>
			<node>
				<identifier>	MP_ZM102_Life_Buoy	</identifier>
				<transform>
					<row0>	-0.1306 0.0000 0.9914 0.0000	</row0>
					<row1>	0.0000 1.0000 0.0000 0.0000	</row1>
					<row2>	-0.9914 0.0000 -0.1306 0.0000	</row2>
					<row3>	0.1680 0.3906 -2.3931 1.0000	</row3>
				</transform>
			</node>
			<node>
				<identifier>	MP_ZM102_Life_Buoy_INDEX_1	</identifier>
				<transform>
					<row0>	0.6102 0.0000 0.7922 0.0000	</row0>
					<row1>	0.0000 1.0000 0.0000 0.0000	</row1>
					<row2>	-0.7922 0.0000 0.6102 0.0000	</row2>
					<row3>	0.1074 0.3906 -2.0292 1.0000	</row3>
				</transform>
			</node>
			<node>
				<identifier>	MP_ZM102_Life_Buoy_INDEX_2	</identifier>
				<transform>
					<row0>	0.0473 0.0000 0.9989 0.0000	</row0>
					<row1>	0.0000 1.0000 0.0000 0.0000	</row1>
					<row2>	-0.9989 0.0000 0.0473 0.0000	</row2>
					<row3>	0.2296 0.3906 -1.5791 1.0000	</row3>
				</transform>
			</node>
			<node>
				<identifier>	MP_ZM102_Life_Buoy_INDEX_3	</identifier>
				<transform>
					<row0>	1.0000 0.0000 0.0000 0.0000	</row0>
					<row1>	0.0000 1.0000 0.0000 0.0000	</row1>
					<row2>	0.0000 0.0000 1.0000 0.0000	</row2>
					<row3>	0.0953 0.3906 -0.8489 1.0000	</row3>
				</transform>
			</node>
			<node>
				<identifier>	MP_ZM102_Life_Buoy_INDEX_4	</identifier>
				<transform>
					<row0>	1.0000 0.0000 0.0000 0.0000	</row0>
					<row1>	0.0000 1.0000 0.0000 0.0000	</row1>
					<row2>	0.0000 0.0000 1.0000 0.0000	</row2>
					<row3>	0.0248 0.3906 -0.8489 1.0000	</row3>
				</transform>
			</node>
			<node>
				<identifier>	MP_ZM102_Life_Buoy_INDEX_5	</identifier>
				<transform>
					<row0>	0.0473 0.0000 -0.9989 0.0000	</row0>
					<row1>	0.0000 1.0000 0.0000 0.0000	</row1>
					<row2>	0.9989 0.0000 0.0473 0.0000	</row2>
					<row3>	-0.2296 0.3906 -1.5791 1.0000	</row3>
				</transform>
			</node>
			<node>
				<identifier>	MP_ZM102_Life_Buoy_INDEX_6	</identifier>
				<transform>
					<row0>	0.6102 0.0000 -0.7922 0.0000	</row0>
					<row1>	0.0000 1.0000 0.0000 0.0000	</row1>
					<row2>	0.7922 0.0000 0.6102 0.0000	</row2>
					<row3>	-0.1074 0.3906 -2.0292 1.0000	</row3>
				</transform>
			</node>
			<node>
				<identifier>	MP_ZM102_Life_Buoy_INDEX_7	</identifier>
				<transform>
					<row0>	-0.1306 0.0000 -0.9914 0.0000	</row0>
					<row1>	0.0000 1.0000 0.0000 0.0000	</row1>
					<row2>	0.9914 0.0000 -0.1306 0.0000	</row2>
					<row3>	-0.1680 0.3906 -2.3931 1.0000	</row3>
				</transform>
			</node>
			<node>
				<identifier>	MP_ZM102_Life_Buoy_INDEX_8	</identifier>
				<transform>
					<row0>	0.0507 0.0000 0.9987 0.0000	</row0>
					<row1>	0.0000 1.0000 0.0000 0.0000	</row1>
					<row2>	-0.9987 0.0000 0.0507 0.0000	</row2>
					<row3>	0.5206 0.3549 -2.2161 1.0000	</row3>
				</transform>
			</node>
			<node>
				<identifier>	MP_ZM102_Life_Buoy_INDEX_9	</identifier>
				<transform>
					<row0>	0.0507 0.0000 -0.9987 0.0000	</row0>
					<row1>	0.0000 1.0000 0.0000 0.0000	</row1>
					<row2>	0.9987 0.0000 0.0507 0.0000	</row2>
					<row3>	-0.5206 0.3549 -2.2161 1.0000	</row3>
				</transform>
			</node>
			<node>
				<identifier>	MP_ZM104_Winch_for_Paravane_and_TA	</identifier>
				<transform>
					<row0>	-0.3728 0.0000 0.9279 0.0000	</row0>
					<row1>	0.0000 1.0000 0.0000 0.0000	</row1>
					<row2>	-0.9279 0.0000 -0.3728 0.0000	</row2>
					<row3>	0.0976 0.4707 -0.4540 1.0000	</row3>
				</transform>
			</node>
			<node>
				<identifier>	MP_ZM104_Winch_for_Paravane_and_TA_INDEX_1	</identifier>
				<transform>
					<row0>	-0.4172 0.0000 -0.9088 0.0000	</row0>
					<row1>	0.0000 1.0000 0.0000 0.0000	</row1>
					<row2>	0.9088 0.0000 -0.4172 0.0000	</row2>
					<row3>	-0.0883 0.4707 -0.4351 1.0000	</row3>
				</transform>
			</node>
			<node>
				<identifier>	MP_ZM109_Alarm	</identifier>
				<transform>
					<row0>	-1.0000 0.0000 0.0000 0.0000	</row0>
					<row1>	0.0000 1.0000 0.0000 0.0000	</row1>
					<row2>	0.0000 0.0000 -1.0000 0.0000	</row2>
					<row3>	0.0000 0.5550 -2.0838 1.0000	</row3>
				</transform>
			</node>
			<node>
				<identifier>	MP_ZM168_Cooling_tube	</identifier>
				<transform>
					<row0>	-0.1818 -0.9833 0.0000 0.0000	</row0>
					<row1>	0.9833 -0.1818 0.0000 0.0000	</row1>
					<row2>	0.0000 0.0000 1.0000 0.0000	</row2>
					<row3>	-0.4877 0.2889 -0.8478 1.0000	</row3>
				</transform>
			</node>
			<node>
				<identifier>	MP_ZM168_Cooling_tube_INDEX_1	</identifier>
				<transform>
					<row0>	0.0000 -0.0587 -0.9983 0.0000	</row0>
					<row1>	0.0000 0.9983 -0.0587 0.0000	</row1>
					<row2>	1.0000 0.0000 0.0000 0.0000	</row2>
					<row3>	0.5212 0.2889 -1.1031 1.0000	</row3>
				</transform>
			</node>
			<node>
				<identifier>	MP_ZM168_Cooling_tube_INDEX_2	</identifier>
				<transform>
					<row0>	0.0000 -0.0587 -0.9983 0.0000	</row0>
					<row1>	0.0000 0.9983 -0.0587 0.0000	</row1>
					<row2>	1.0000 0.0000 0.0000 0.0000	</row2>
					<row3>	0.5212 0.2889 -1.3066 1.0000	</row3>
				</transform>
			</node>
			<node>
				<identifier>	MP_ZM168_Cooling_tube_INDEX_3	</identifier>
				<transform>
					<row0>	0.0000 -0.9835 -0.1811 0.0000	</row0>
					<row1>	0.0000 -0.1811 0.9835 0.0000	</row1>
					<row2>	-1.0000 0.0000 0.0000 0.0000	</row2>
					<row3>	-0.5212 0.2889 -1.3066 1.0000	</row3>
				</transform>
			</node>
			<node>
				<identifier>	MP_ZM168_Cooling_tube_INDEX_4	</identifier>
				<transform>
					<row0>	0.0000 -0.9835 -0.1808 0.0000	</row0>
					<row1>	0.0000 -0.1808 0.9835 0.0000	</row1>
					<row2>	-1.0000 0.0000 0.0000 0.0000	</row2>
					<row3>	-0.5212 0.2889 -1.1031 1.0000	</row3>
				</transform>
			</node>
			<node>
				<identifier>	MP_ZM168_Cooling_tube_INDEX_5	</identifier>
				<transform>
					<row0>	0.9983 -0.0587 0.0000 0.0000	</row0>
					<row1>	0.0587 0.9983 0.0000 0.0000	</row1>
					<row2>	0.0000 0.0000 1.0000 0.0000	</row2>
					<row3>	0.4877 0.2889 -0.8478 1.0000	</row3>
				</transform>
			</node>
			<node>
				<identifier>	MP_ZM501_Captain_cutter_pr378_7_4m	</identifier>
				<transform>
					<row0>	1.0000 0.0000 0.0000 0.0000	</row0>
					<row1>	0.0000 1.0000 0.0000 0.0000	</row1>
					<row2>	0.0000 0.0000 1.0000 0.0000	</row2>
					<row3>	-0.1457 0.4493 -1.0699 1.0000	</row3>
				</transform>
			</node>
			<node>
				<identifier>	MP_ZM540_Motor_Launch_10m	</identifier>
				<transform>
					<row0>	1.0000 0.0000 0.0000 0.0000	</row0>
					<row1>	0.0000 1.0000 0.0000 0.0000	</row1>
					<row2>	0.0000 0.0000 1.0000 0.0000	</row2>
					<row3>	0.1425 0.4486 -1.1152 1.0000	</row3>
				</transform>
			</node>
			<node>
				<identifier>	MP_ZM541_Lifeboat_SPS18	</identifier>
				<transform>
					<row0>	0.9992 0.0000 0.0398 0.0000	</row0>
					<row1>	0.0000 1.0000 0.0000 0.0000	</row1>
					<row2>	-0.0398 0.0000 0.9992 0.0000	</row2>
					<row3>	-0.1738 0.4804 -1.5347 1.0000	</row3>
				</transform>
			</node>
			<node>
				<identifier>	MP_ZM541_Lifeboat_SPS18_INDEX_1	</identifier>
				<transform>
					<row0>	0.9992 0.0000 0.0398 0.0000	</row0>
					<row1>	0.0000 1.0000 0.0000 0.0000	</row1>
					<row2>	-0.0398 0.0000 0.9992 0.0000	</row2>
					<row3>	-0.1738 0.4471 -1.5347 1.0000	</row3>
				</transform>
			</node>
			<node>
				<identifier>	MP_ZM541_Lifeboat_SPS18_INDEX_2	</identifier>
				<transform>
					<row0>	0.9992 0.0000 -0.0398 0.0000	</row0>
					<row1>	0.0000 1.0000 0.0000 0.0000	</row1>
					<row2>	0.0398 0.0000 0.9992 0.0000	</row2>
					<row3>	0.1730 0.4471 -1.5498 1.0000	</row3>
				</transform>
			</node>
			<node>
				<identifier>	MP_ZM541_Lifeboat_SPS18_INDEX_3	</identifier>
				<transform>
					<row0>	0.9994 0.0000 -0.0347 0.0000	</row0>
					<row1>	0.0000 1.0000 0.0000 0.0000	</row1>
					<row2>	0.0347 0.0000 0.9994 0.0000	</row2>
					<row3>	-0.1031 0.5047 0.0486 1.0000	</row3>
				</transform>
			</node>
			<node>
				<identifier>	MP_ZM541_Lifeboat_SPS18_INDEX_4	</identifier>
				<transform>
					<row0>	0.9994 0.0000 -0.0347 0.0000	</row0>
					<row1>	0.0000 1.0000 0.0000 0.0000	</row1>
					<row2>	0.0347 0.0000 0.9994 0.0000	</row2>
					<row3>	-0.1031 0.4713 0.0486 1.0000	</row3>
				</transform>
			</node>
			<node>
				<identifier>	MP_ZM541_Lifeboat_SPS18_INDEX_5	</identifier>
				<transform>
					<row0>	0.9994 0.0000 0.0347 0.0000	</row0>
					<row1>	0.0000 1.0000 0.0000 0.0000	</row1>
					<row2>	-0.0347 0.0000 0.9994 0.0000	</row2>
					<row3>	0.1031 0.5047 0.0486 1.0000	</row3>
				</transform>
			</node>
			<node>
				<identifier>	MP_ZM541_Lifeboat_SPS18_INDEX_6	</identifier>
				<transform>
					<row0>	0.9994 0.0000 0.0347 0.0000	</row0>
					<row1>	0.0000 1.0000 0.0000 0.0000	</row1>
					<row2>	-0.0347 0.0000 0.9994 0.0000	</row2>
					<row3>	0.1031 0.4713 0.0486 1.0000	</row3>
				</transform>
			</node>
			<node>
				<identifier>	MP_ZM541_Lifeboat_SPS18_INDEX_7	</identifier>
				<transform>
					<row0>	0.9992 0.0000 -0.0398 0.0000	</row0>
					<row1>	0.0000 1.0000 0.0000 0.0000	</row1>
					<row2>	0.0398 0.0000 0.9992 0.0000	</row2>
					<row3>	0.1730 0.4804 -1.5498 1.0000	</row3>
				</transform>
			</node>
			<node>
				<identifier>	MP_ZM601_Turtles_box	</identifier>
				<transform>
					<row0>	-0.0465 0.0000 -0.9989 0.0000	</row0>
					<row1>	0.0000 1.0000 0.0000 0.0000	</row1>
					<row2>	0.9989 0.0000 -0.0465 0.0000	</row2>
					<row3>	0.2196 0.3179 -1.7989 1.0000	</row3>
				</transform>
			</node>
			<node>
				<identifier>	MP_ZM601_Turtles_box_INDEX_1	</identifier>
				<transform>
					<row0>	-0.0030 0.0000 -1.0000 0.0000	</row0>
					<row1>	0.0000 1.0000 0.0000 0.0000	</row1>
					<row2>	1.0000 0.0000 -0.0030 0.0000	</row2>
					<row3>	0.2335 0.3179 -0.9661 1.0000	</row3>
				</transform>
			</node>
			<node>
				<identifier>	MP_ZM601_Turtles_box_INDEX_2	</identifier>
				<transform>
					<row0>	-0.2723 0.0000 -0.9622 0.0000	</row0>
					<row1>	0.0000 1.0000 0.0000 0.0000	</row1>
					<row2>	0.9622 0.0000 -0.2723 0.0000	</row2>
					<row3>	0.1653 0.3304 -0.8245 1.0000	</row3>
				</transform>
			</node>
			<node>
				<identifier>	MP_ZM601_Turtles_box_INDEX_3	</identifier>
				<transform>
					<row0>	-0.0005 0.0000 1.0000 0.0000	</row0>
					<row1>	0.0000 1.0000 0.0000 0.0000	</row1>
					<row2>	-1.0000 0.0000 -0.0005 0.0000	</row2>
					<row3>	-0.2335 0.3179 -0.9661 1.0000	</row3>
				</transform>
			</node>
			<node>
				<identifier>	MP_ZM601_Turtles_box_INDEX_4	</identifier>
				<transform>
					<row0>	-0.0451 0.0000 0.9990 0.0000	</row0>
					<row1>	0.0000 1.0000 0.0000 0.0000	</row1>
					<row2>	-0.9990 0.0000 -0.0451 0.0000	</row2>
					<row3>	-0.2197 0.3179 -1.7989 1.0000	</row3>
				</transform>
			</node>
			<node>
				<identifier>	MP_ZM601_Turtles_box_INDEX_5	</identifier>
				<transform>
					<row0>	-0.2723 0.0000 0.9622 0.0000	</row0>
					<row1>	0.0000 1.0000 0.0000 0.0000	</row1>
					<row2>	-0.9622 0.0000 -0.2723 0.0000	</row2>
					<row3>	-0.1653 0.3304 -0.8245 1.0000	</row3>
				</transform>
			</node>
			<node>
				<identifier>	MP_ZM602_Pelorus	</identifier>
				<transform>
					<row0>	1.0000 0.0000 0.0004 0.0000	</row0>
					<row1>	0.0000 1.0000 0.0000 0.0000	</row1>
					<row2>	-0.0004 0.0000 1.0000 0.0000	</row2>
					<row3>	0.0004 0.4476 -1.6832 1.0000	</row3>
				</transform>
			</node>
			<node>
				<identifier>	MP_ZM604_Voice_Tube	</identifier>
				<transform>
					<row0>	0.7071 0.0000 0.7071 0.0000	</row0>
					<row1>	0.0000 1.0000 0.0000 0.0000	</row1>
					<row2>	-0.7071 0.0000 0.7071 0.0000	</row2>
					<row3>	-0.0570 0.4478 -1.6969 1.0000	</row3>
				</transform>
			</node>
			<node>
				<identifier>	MP_ZM604_Voice_Tube_INDEX_1	</identifier>
				<transform>
					<row0>	0.7071 0.0000 0.7071 0.0000	</row0>
					<row1>	0.0000 1.0000 0.0000 0.0000	</row1>
					<row2>	-0.7071 0.0000 0.7071 0.0000	</row2>
					<row3>	-0.0801 0.4478 -1.7199 1.0000	</row3>
				</transform>
			</node>
			<node>
				<identifier>	MP_ZM604_Voice_Tube_INDEX_2	</identifier>
				<transform>
					<row0>	0.7071 0.0000 -0.7071 0.0000	</row0>
					<row1>	0.0000 1.0000 0.0000 0.0000	</row1>
					<row2>	0.7071 0.0000 0.7071 0.0000	</row2>
					<row3>	0.1012 0.4478 -1.7412 1.0000	</row3>
				</transform>
			</node>
			<node>
				<identifier>	MP_ZM615_Insulator	</identifier>
				<transform>
					<row0>	1.0000 0.0000 0.0000 0.0000	</row0>
					<row1>	0.0000 1.0000 0.0000 0.0000	</row1>
					<row2>	0.0000 0.0000 1.0000 0.0000	</row2>
					<row3>	0.0887 0.9741 -0.1974 1.0000	</row3>
				</transform>
			</node>
			<node>
				<identifier>	MP_ZM615_Insulator_INDEX_1	</identifier>
				<transform>
					<row0>	1.0000 0.0000 0.0000 0.0000	</row0>
					<row1>	0.0000 1.0000 0.0000 0.0000	</row1>
					<row2>	0.0000 0.0000 1.0000 0.0000	</row2>
					<row3>	-0.0887 0.9741 -0.1974 1.0000	</row3>
				</transform>
			</node>
			<node>
				<identifier>	MP_ZM630_Telephone	</identifier>
				<transform>
					<row0>	0.0439 0.0000 0.9990 0.0000	</row0>
					<row1>	0.0000 1.0000 0.0000 0.0000	</row1>
					<row2>	-0.9990 0.0000 0.0439 0.0000	</row2>
					<row3>	0.2192 0.3972 -1.8077 1.0000	</row3>
				</transform>
