<GSC022_Siegfried_1945_Bow_ports.visual>
	<node>
		<identifier>	Scene Root	</identifier>
		<transform>
			<row0>	1.0000 0.0000 0.0000 0.0000	</row0>
			<row1>	0.0000 1.0000 0.0000 0.0000	</row1>
			<row2>	0.0000 0.0000 1.0000 0.0000	</row2>
			<row3>	0.0000 0.0000 0.0000 1.0000	</row3>
		</transform>
		<node>
			<identifier>	Bow_ports	</identifier>
			<transform>
				<row0>	1.0000 0.0000 0.0000 0.0000	</row0>
				<row1>	0.0000 1.0000 0.0000 0.0000	</row1>
				<row2>	0.0000 0.0000 1.0000 0.0000	</row2>
				<row3>	0.0000 0.0000 0.0000 1.0000	</row3>
			</transform>
			<node>
				<identifier>	HP_FX_Death_1	</identifier>
				<transform>
					<row0>	1.0000 0.0000 0.0000 0.0000	</row0>
					<row1>	0.0000 1.0000 0.0000 0.0000	</row1>
					<row2>	0.0000 0.0000 1.0000 0.0000	</row2>
					<row3>	0.0000 0.0000 5.3607 1.0000	</row3>
				</transform>
			</node>
			<node>
				<identifier>	HP_FX_Fire_1	</identifier>
				<transform>
					<row0>	1.0000 0.0000 0.0000 0.0000	</row0>
					<row1>	0.0000 1.0000 0.0000 0.0000	</row1>
					<row2>	0.0000 0.0000 1.0000 0.0000	</row2>
					<row3>	0.0000 0.5674 6.7601 1.0000	</row3>
				</transform>
			</node>
			<node>
				<identifier>	HP_FX_WakeTrace	</identifier>
				<transform>
					<row0>	1.0000 0.0000 0.0000 0.0000	</row0>
					<row1>	0.0000 1.0000 0.0000 0.0000	</row1>
					<row2>	0.0000 0.0000 1.0000 0.0000	</row2>
					<row3>	0.0000 0.0000 8.2364 1.0000	</row3>
				</transform>
			</node>
			<node>
				<identifier>	HP_Ship_death_1	</identifier>
				<transform>
					<row0>	1.0000 0.0000 0.0000 0.0000	</row0>
					<row1>	0.0000 1.0000 0.0000 0.0000	</row1>
					<row2>	0.0000 0.0000 1.0000 0.0000	</row2>
					<row3>	0.0000 0.0000 5.3607 1.0000	</row3>
				</transform>
			</node>
			<node>
				<identifier>	MP_GM118_Monogramm	</identifier>
				<transform>
					<row0>	0.2661 -0.0554 -1.1688 0.0000	</row0>
					<row1>	0.7305 0.9443 0.1216 0.0000	</row1>
					<row2>	1.0746 -0.8681 0.2858 0.0000	</row2>
					<row3>	0.1507 0.5027 8.1566 1.0000	</row3>
				</transform>
			</node>
			<node>
				<identifier>	MP_GM118_Monogramm_INDEX_1	</identifier>
				<transform>
					<row0>	0.2661 0.0554 1.1688 0.0000	</row0>
					<row1>	-0.7305 0.9443 0.1216 0.0000	</row1>
					<row2>	-1.0746 -0.8681 0.2858 0.0000	</row2>
					<row3>	-0.1507 0.5027 8.1566 1.0000	</row3>
				</transform>
			</node>
			<node>
				<identifier>	MP_GM863_Signal_White	</identifier>
				<transform>
					<row0>	0.8549 0.0000 0.0000 0.0000	</row0>
					<row1>	0.0000 0.8549 0.0000 0.0000	</row1>
					<row2>	0.0000 0.0000 0.8549 0.0000	</row2>
					<row3>	0.0000 0.8382 8.6147 1.0000	</row3>
				</transform>
			</node>
			<node>
				<identifier>	MP_GM966_Firelead	</identifier>
				<transform>
					<row0>	0.9834 -0.0005 0.1816 0.0000	</row0>
					<row1>	0.0056 0.9996 -0.0275 0.0000	</row1>
					<row2>	-0.1815 0.0280 0.9830 0.0000	</row2>
					<row3>	0.4373 0.5726 7.1172 1.0000	</row3>
				</transform>
			</node>
			<node>
				<identifier>	MP_GM966_Firelead_INDEX_1	</identifier>
				<transform>
					<row0>	0.9834 0.0005 -0.1816 0.0000	</row0>
					<row1>	-0.0056 0.9996 -0.0275 0.0000	</row1>
					<row2>	0.1815 0.0280 0.9830 0.0000	</row2>
					<row3>	-0.4373 0.5726 7.1172 1.0000	</row3>
				</transform>
			</node>
			<node>
				<identifier>	SP_YMS001_YHBM_M_1	</identifier>
				<transform>
					<row0>	1.2775 0.0000 0.0000 0.0000	</row0>
					<row1>	0.0000 1.2726 0.1113 0.0000	</row1>
					<row2>	0.0000 -0.1113 1.2726 0.0000	</row2>
					<row3>	0.0000 0.6299 8.6173 1.0000	</row3>
				</transform>
			</node>
			<node>
				<identifier>	SP_YMS002_YHBL_M_1	</identifier>
				<transform>
					<row0>	1.0699 0.0000 -0.0772 0.0000	</row0>
					<row1>	-0.0031 1.0718 -0.0429 0.0000	</row1>
					<row2>	0.0771 0.0430 1.0690 0.0000	</row2>
					<row3>	0.0016 0.6327 8.6173 1.0000	</row3>
				</transform>
			</node>
			<node>
				<identifier>	SP_YMS003_YHBR_M_1	</identifier>
				<transform>
					<row0>	1.0699 0.0000 0.0772 0.0000	</row0>
					<row1>	0.0031 1.0718 -0.0429 0.0000	</row1>
					<row2>	-0.0771 0.0430 1.0690 0.0000	</row2>
					<row3>	-0.0016 0.6327 8.6173 1.0000	</row3>
				</transform>
			</node>
			<node>
				<identifier>	SP_YMS010_YHWM_L_1	</identifier>
				<transform>
					<row0>	0.9360 0.0000 0.0000 0.0000	</row0>
					<row1>	0.0000 0.9360 0.0000 0.0000	</row1>
					<row2>	0.0000 0.0000 0.9360 0.0000	</row2>
					<row3>	0.0000 0.0000 8.2832 1.0000	</row3>
				</transform>
			</node>
			<node>
				<identifier>	SP_YMS011_YHWL_M_1	</identifier>
				<transform>
					<row0>	0.9839 0.0000 -0.1786 0.0000	</row0>
					<row1>	0.0000 1.0000 0.0000 0.0000	</row1>
					<row2>	0.1786 0.0000 0.9839 0.0000	</row2>
					<row3>	-0.2772 0.0000 6.5834 1.0000	</row3>
				</transform>
			</node>
			<node>
				<identifier>	SP_YMS011_YHWL_M_1_INDEX_1	</identifier>
				<transform>
					<row0>	0.9855 0.0000 -0.1696 0.0000	</row0>
					<row1>	0.0000 1.0000 0.0000 0.0000	</row1>
					<row2>	0.1696 0.0000 0.9855 0.0000	</row2>
					<row3>	-0.4194 0.0000 5.7709 1.0000	</row3>
				</transform>
			</node>
			<node>
				<identifier>	SP_YMS012_YHWR_M_1	</identifier>
				<transform>
					<row0>	0.9839 0.0000 0.1786 0.0000	</row0>
					<row1>	0.0000 1.0000 0.0000 0.0000	</row1>
					<row2>	-0.1786 0.0000 0.9839 0.0000	</row2>
					<row3>	0.2772 0.0000 6.5834 1.0000	</row3>
				</transform>
			</node>
			<node>
				<identifier>	SP_YMS012_YHWR_M_1_INDEX_1	</identifier>
				<transform>
					<row0>	0.9855 0.0000 0.1696 0.0000	</row0>
					<row1>	0.0000 1.0000 0.0000 0.0000	</row1>
					<row2>	-0.1696 0.0000 0.9855 0.0000	</row2>
					<row3>	0.4194 0.0000 5.7709 1.0000	</row3>
				</transform>
			</node>
			<node>
				<identifier>	SP_YMS020_YHBU_M_1	</identifier>
				<transform>
					<row0>	1.3682 0.0000 0.0000 0.0000	</row0>
					<row1>	0.0000 1.3682 0.0000 0.0000	</row1>
					<row2>	0.0000 0.0000 1.3682 0.0000	</row2>
					<row3>	0.0000 -0.0427 8.1465 1.0000	</row3>
				</transform>
			</node>
			<node>
				<identifier>	SP_YMS053_YHDC_S_1	</identifier>
				<transform>
					<row0>	0.9999 0.0122 -0.0005 0.0000	</row0>
					<row1>	-0.0122 0.9992 -0.0393 0.0000	</row1>
					<row2>	0.0000 0.0393 0.9992 0.0000	</row2>
					<row3>	-0.4065 0.5498 5.9914 1.0000	</row3>
				</transform>
			</node>
			<node>
				<identifier>	SP_YMS053_YHDC_S_1_INDEX_1	</identifier>
				<transform>
					<row0>	0.9999 -0.0122 0.0005 0.0000	</row0>
					<row1>	0.0122 0.9992 -0.0393 0.0000	</row1>
					<row2>	0.0000 0.0393 0.9992 0.0000	</row2>
					<row3>	0.4065 0.5498 5.9914 1.0000	</row3>
				</transform>
			</node>
			<node>
				<identifier>	SP_YMS080_YHSL_M_1	</identifier>
				<transform>
					<row0>	0.8583 0.4862 -0.1640 0.0000	</row0>
					<row1>	-0.4761 0.8738 0.0988 0.0000	</row1>
					<row2>	0.1913 -0.0068 0.9815 0.0000	</row2>
					<row3>	-0.3366 0.3154 6.8408 1.0000	</row3>
				</transform>
			</node>
			<node>
				<identifier>	SP_YMS080_YHSL_M_1_INDEX_1	</identifier>
				<transform>
					<row0>	0.8622 0.4860 -0.1428 0.0000	</row0>
					<row1>	-0.4761 0.8738 0.0988 0.0000	</row1>
					<row2>	0.1728 -0.0172 0.9848 0.0000	</row2>
					<row3>	-0.5097 0.2870 5.9719 1.0000	</row3>
				</transform>
			</node>
			<node>
				<identifier>	SP_YMS081_YHSR_M_1	</identifier>
				<transform>
					<row0>	0.8583 -0.4862 0.1640 0.0000	</row0>
					<row1>	0.4761 0.8738 0.0988 0.0000	</row1>
					<row2>	-0.1913 -0.0068 0.9815 0.0000	</row2>
					<row3>	0.3366 0.3154 6.8408 1.0000	</row3>
				</transform>
			</node>
			<node>
				<identifier>	SP_YMS081_YHSR_M_1_INDEX_1	</identifier>
				<transform>
					<row0>	0.8622 -0.4860 0.1428 0.0000	</row0>
					<row1>	0.4761 0.8738 0.0988 0.0000	</row1>
					<row2>	-0.1728 -0.0172 0.9848 0.0000	</row2>
					<row3>	0.5097 0.2870 5.9719 1.0000	</row3>
				</transform>
			</node>
		</node>
	</node>
	<boundingBox>
		<min>	-0.0667 -0.0667 -0.0667	</min>
		<max>	0.0667 0.0667 0.0667	</max>
	</boundingBox>
</GSC022_Siegfried_1945_Bow_ports.visual>
