<BSB034_Agincourt_1916_MidFront_ports.visual>
	<node>
		<identifier>	Scene Root	</identifier>
		<transform>
			<row0>	1.0000 0.0000 0.0000 0.0000	</row0>
			<row1>	0.0000 1.0000 0.0000 0.0000	</row1>
			<row2>	0.0000 0.0000 1.0000 0.0000	</row2>
			<row3>	0.0000 0.0000 0.0000 1.0000	</row3>
		</transform>
		<node>
			<identifier>	MidFront_ports	</identifier>
			<transform>
				<row0>	1.0000 0.0000 0.0000 0.0000	</row0>
				<row1>	0.0000 1.0000 0.0000 0.0000	</row1>
				<row2>	0.0000 0.0000 1.0000 0.0000	</row2>
				<row3>	0.0000 0.0000 0.0000 1.0000	</row3>
			</transform>
			<node>
				<identifier>	HP_BD_1	</identifier>
				<transform>
					<row0>	1.0000 0.0000 0.0000 0.0000	</row0>
					<row1>	0.0000 1.0000 0.0000 0.0000	</row1>
					<row2>	0.0000 0.0000 1.0000 0.0000	</row2>
					<row3>	0.0000 2.2145 2.4498 1.0000	</row3>
				</transform>
			</node>
			<node>
				<identifier>	HP_BF_1	</identifier>
				<transform>
					<row0>	1.0000 0.0000 0.0000 0.0000	</row0>
					<row1>	0.0000 1.0000 0.0000 0.0000	</row1>
					<row2>	0.0000 0.0000 1.0000 0.0000	</row2>
					<row3>	0.0000 1.9975 2.5256 1.0000	</row3>
				</transform>
			</node>
			<node>
				<identifier>	HP_BGM_1	</identifier>
				<transform>
					<row0>	1.0000 0.0000 0.0000 0.0000	</row0>
					<row1>	0.0000 1.0000 0.0000 0.0000	</row1>
					<row2>	0.0000 0.0000 1.0000 0.0000	</row2>
					<row3>	0.0000 0.5067 4.1724 1.0000	</row3>
				</transform>
			</node>
			<node>
				<identifier>	HP_BGM_2	</identifier>
				<transform>
					<row0>	1.0000 0.0000 0.0000 0.0000	</row0>
					<row1>	0.0000 1.0000 0.0000 0.0000	</row1>
					<row2>	0.0000 0.0000 1.0000 0.0000	</row2>
					<row3>	0.0000 0.7197 3.4387 1.0000	</row3>
				</transform>
			</node>
			<node>
				<identifier>	HP_BGM_3	</identifier>
				<transform>
					<row0>	1.0000 0.0000 0.0000 0.0000	</row0>
					<row1>	0.0000 1.0000 0.0000 0.0000	</row1>
					<row2>	0.0000 0.0000 1.0000 0.0000	</row2>
					<row3>	0.0000 0.4980 0.7354 1.0000	</row3>
				</transform>
			</node>
			<node>
				<identifier>	HP_BGS_1	</identifier>
				<transform>
					<row0>	1.0000 0.0000 0.0000 0.0000	</row0>
					<row1>	0.0000 1.0000 0.0000 0.0000	</row1>
					<row2>	0.0000 0.0000 1.0000 0.0000	</row2>
					<row3>	-0.3666 0.4579 3.0299 1.0000	</row3>
				</transform>
			</node>
			<node>
				<identifier>	HP_BGS_10	</identifier>
				<transform>
					<row0>	0.9397 0.0000 -0.3420 0.0000	</row0>
					<row1>	0.0000 1.0000 0.0000 0.0000	</row1>
					<row2>	0.3420 0.0000 0.9397 0.0000	</row2>
					<row3>	0.7640 0.3322 2.0056 1.0000	</row3>
				</transform>
			</node>
			<node>
				<identifier>	HP_BGS_11	</identifier>
				<transform>
					<row0>	0.9605 0.0000 0.2783 0.0000	</row0>
					<row1>	0.0000 1.0000 0.0000 0.0000	</row1>
					<row2>	-0.2783 0.0000 0.9605 0.0000	</row2>
					<row3>	-0.4067 0.6300 1.9556 1.0000	</row3>
				</transform>
			</node>
			<node>
				<identifier>	HP_BGS_12	</identifier>
				<transform>
					<row0>	0.9605 0.0000 -0.2783 0.0000	</row0>
					<row1>	0.0000 1.0000 0.0000 0.0000	</row1>
					<row2>	0.2783 0.0000 0.9605 0.0000	</row2>
					<row3>	0.4067 0.6300 1.9556 1.0000	</row3>
				</transform>
			</node>
			<node>
				<identifier>	HP_BGS_13	</identifier>
				<transform>
					<row0>	0.8660 0.0000 0.5000 0.0000	</row0>
					<row1>	0.0000 1.0000 0.0000 0.0000	</row1>
					<row2>	-0.5000 0.0000 0.8660 0.0000	</row2>
					<row3>	-0.8216 0.3322 1.2677 1.0000	</row3>
				</transform>
			</node>
			<node>
				<identifier>	HP_BGS_14	</identifier>
				<transform>
					<row0>	0.8660 0.0000 -0.5000 0.0000	</row0>
					<row1>	0.0000 1.0000 0.0000 0.0000	</row1>
					<row2>	0.5000 0.0000 0.8660 0.0000	</row2>
					<row3>	0.8216 0.3322 1.2677 1.0000	</row3>
				</transform>
			</node>
			<node>
				<identifier>	HP_BGS_15	</identifier>
				<transform>
					<row0>	0.8660 0.0000 0.5000 0.0000	</row0>
					<row1>	0.0000 1.0000 0.0000 0.0000	</row1>
					<row2>	-0.5000 0.0000 0.8660 0.0000	</row2>
					<row3>	-0.8485 0.3322 0.4505 1.0000	</row3>
				</transform>
			</node>
			<node>
				<identifier>	HP_BGS_16	</identifier>
				<transform>
					<row0>	0.8660 0.0000 -0.5000 0.0000	</row0>
					<row1>	0.0000 1.0000 0.0000 0.0000	</row1>
					<row2>	0.5000 0.0000 0.8660 0.0000	</row2>
					<row3>	0.8485 0.3322 0.4505 1.0000	</row3>
				</transform>
			</node>
			<node>
				<identifier>	HP_BGS_2	</identifier>
				<transform>
					<row0>	1.0000 0.0000 0.0000 0.0000	</row0>
					<row1>	0.0000 1.0000 0.0000 0.0000	</row1>
					<row2>	0.0000 0.0000 1.0000 0.0000	</row2>
					<row3>	0.3666 0.4579 3.0299 1.0000	</row3>
				</transform>
			</node>
			<node>
				<identifier>	HP_BGS_3	</identifier>
				<transform>
					<row0>	1.0000 0.0000 0.0000 0.0000	</row0>
					<row1>	0.0000 1.0000 0.0000 0.0000	</row1>
					<row2>	0.0000 0.0000 1.0000 0.0000	</row2>
					<row3>	-0.6319 0.3322 2.9044 1.0000	</row3>
				</transform>
			</node>
			<node>
				<identifier>	HP_BGS_4	</identifier>
				<transform>
					<row0>	1.0000 0.0000 0.0000 0.0000	</row0>
					<row1>	0.0000 1.0000 0.0000 0.0000	</row1>
					<row2>	0.0000 0.0000 1.0000 0.0000	</row2>
					<row3>	0.6319 0.3322 2.9044 1.0000	</row3>
				</transform>
			</node>
			<node>
				<identifier>	HP_BGS_5	</identifier>
				<transform>
					<row0>	1.0000 0.0000 0.0000 0.0000	</row0>
					<row1>	0.0000 1.0000 0.0000 0.0000	</row1>
					<row2>	0.0000 0.0000 1.0000 0.0000	</row2>
					<row3>	-0.6841 0.4542 2.4528 1.0000	</row3>
				</transform>
			</node>
			<node>
				<identifier>	HP_BGS_6	</identifier>
				<transform>
					<row0>	1.0000 0.0000 0.0000 0.0000	</row0>
					<row1>	0.0000 1.0000 0.0000 0.0000	</row1>
					<row2>	0.0000 0.0000 1.0000 0.0000	</row2>
					<row3>	0.6841 0.4542 2.4528 1.0000	</row3>
				</transform>
			</node>
			<node>
				<identifier>	HP_BGS_7	</identifier>
				<transform>
					<row0>	0.7071 0.0000 0.7071 0.0000	</row0>
					<row1>	0.0000 1.0000 0.0000 0.0000	</row1>
					<row2>	-0.7071 0.0000 0.7071 0.0000	</row2>
					<row3>	-0.4067 0.6300 2.2126 1.0000	</row3>
				</transform>
			</node>
			<node>
				<identifier>	HP_BGS_8	</identifier>
				<transform>
					<row0>	0.7071 0.0000 -0.7071 0.0000	</row0>
					<row1>	0.0000 1.0000 0.0000 0.0000	</row1>
					<row2>	0.7071 0.0000 0.7071 0.0000	</row2>
					<row3>	0.4067 0.6300 2.2126 1.0000	</row3>
				</transform>
			</node>
			<node>
				<identifier>	HP_BGS_9	</identifier>
				<transform>
					<row0>	0.9397 0.0000 0.3420 0.0000	</row0>
					<row1>	0.0000 1.0000 0.0000 0.0000	</row1>
					<row2>	-0.3420 0.0000 0.9397 0.0000	</row2>
					<row3>	-0.7640 0.3322 2.0056 1.0000	</row3>
				</transform>
			</node>
			<node>
				<identifier>	HP_FX_Death_1	</identifier>
				<transform>
					<row0>	1.0000 0.0000 0.0000 0.0000	</row0>
					<row1>	0.0000 1.0000 0.0000 0.0000	</row1>
					<row2>	0.0000 0.0000 1.0000 0.0000	</row2>
					<row3>	0.0000 0.0000 3.8448 1.0000	</row3>
				</transform>
			</node>
			<node>
				<identifier>	HP_FX_Fire_2	</identifier>
				<transform>
					<row0>	1.0000 0.0000 0.0000 0.0000	</row0>
					<row1>	0.0000 1.0000 0.0000 0.0000	</row1>
					<row2>	0.0000 0.0000 1.0000 0.0000	</row2>
					<row3>	0.0000 0.7534 2.5491 1.0000	</row3>
				</transform>
			</node>
			<node>
				<identifier>	HP_FX_Fire_2_side_1	</identifier>
				<transform>
					<row0>	0.9986 0.0000 -0.0531 0.0000	</row0>
					<row1>	0.0000 1.0000 0.0000 0.0000	</row1>
					<row2>	0.0531 0.0000 0.9986 0.0000	</row2>
					<row3>	-0.5936 0.4559 2.8007 1.0000	</row3>
				</transform>
			</node>
			<node>
				<identifier>	HP_FX_Fire_2_side_2	</identifier>
				<transform>
					<row0>	0.9971 0.0000 0.0763 0.0000	</row0>
					<row1>	0.0000 1.0000 0.0000 0.0000	</row1>
					<row2>	-0.0763 0.0000 0.9971 0.0000	</row2>
					<row3>	0.6972 0.4557 1.8524 1.0000	</row3>
				</transform>
			</node>
			<node>
				<identifier>	HP_FX_Fire_2_side_3	</identifier>
				<transform>
					<row0>	1.0000 0.0000 0.0000 0.0000	</row0>
					<row1>	0.0000 1.0000 0.0000 0.0000	</row1>
					<row2>	0.0000 0.0000 1.0000 0.0000	</row2>
					<row3>	-0.7717 0.4608 0.8437 1.0000	</row3>
				</transform>
			</node>
			<node>
				<identifier>	HP_FX_FloodLight_left_1	</identifier>
				<transform>
					<row0>	-1.0000 0.0000 0.0000 0.0000	</row0>
					<row1>	0.0000 1.0000 0.0000 0.0000	</row1>
					<row2>	0.0000 0.0000 -1.0000 0.0000	</row2>
					<row3>	-0.1590 1.3220 1.8150 1.0000	</row3>
				</transform>
			</node>
			<node>
				<identifier>	HP_FX_FloodLight_right_1	</identifier>
				<transform>
					<row0>	1.0000 0.0000 0.0000 0.0000	</row0>
					<row1>	0.0000 1.0000 0.0000 0.0000	</row1>
					<row2>	0.0000 0.0000 1.0000 0.0000	</row2>
					<row3>	0.1590 1.3220 1.8150 1.0000	</row3>
				</transform>
			</node>
			<node>
				<identifier>	HP_FX_Flood_steam_1	</identifier>
				<transform>
					<row0>	0.7828 0.6222 0.0000 0.0000	</row0>
					<row1>	-0.5180 0.6517 -0.5540 0.0000	</row1>
					<row2>	-0.3447 0.4337 0.8325 0.0000	</row2>
					<row3>	-0.0204 1.3432 1.5901 1.0000	</row3>
				</transform>
			</node>
			<node>
				<identifier>	HP_FX_Flood_steam_exhaust_1	</identifier>
				<transform>
					<row0>	0.9030 -0.4197 -0.0919 0.0000	</row0>
					<row1>	0.3577 0.8529 -0.3804 0.0000	</row1>
					<row2>	0.2380 0.3106 0.9203 0.0000	</row2>
					<row3>	0.0210 1.3430 1.5900 1.0000	</row3>
				</transform>
			</node>
			<node>
				<identifier>	HP_FX_Flood_steam_left	</identifier>
				<transform>
					<row0>	-1.0000 0.0000 0.0000 0.0000	</row0>
					<row1>	0.0000 1.0000 0.0000 0.0000	</row1>
					<row2>	0.0000 0.0000 -1.0000 0.0000	</row2>
					<row3>	-0.6072 0.3896 3.6412 1.0000	</row3>
				</transform>
			</node>
			<node>
				<identifier>	HP_FX_Flood_water_left_3	</identifier>
				<transform>
					<row0>	-1.0000 0.0000 0.0000 0.0000	</row0>
					<row1>	0.0000 1.0000 0.0000 0.0000	</row1>
					<row2>	0.0000 0.0000 -1.0000 0.0000	</row2>
					<row3>	-0.8880 0.0860 1.0400 1.0000	</row3>
				</transform>
			</node>
			<node>
				<identifier>	HP_FX_Flood_water_left_4	</identifier>
				<transform>
					<row0>	-1.0000 0.0000 0.0000 0.0000	</row0>
					<row1>	0.0000 1.0000 0.0000 0.0000	</row1>
					<row2>	0.0000 0.0000 -1.0000 0.0000	</row2>
					<row3>	-0.8330 0.0620 1.7700 1.0000	</row3>
				</transform>
			</node>
			<node>
				<identifier>	HP_FX_Flood_water_right_3	</identifier>
				<transform>
					<row0>	1.0000 0.0000 0.0000 0.0000	</row0>
					<row1>	0.0000 1.0000 0.0000 0.0000	</row1>
					<row2>	0.0000 0.0000 1.0000 0.0000	</row2>
					<row3>	0.8880 0.0860 1.0400 1.0000	</row3>
				</transform>
			</node>
			<node>
				<identifier>	HP_FX_Flood_water_right_4	</identifier>
				<transform>
					<row0>	1.0000 0.0000 0.0000 0.0000	</row0>
					<row1>	0.0000 1.0000 0.0000 0.0000	</row1>
					<row2>	0.0000 0.0000 1.0000 0.0000	</row2>
					<row3>	0.8330 0.0620 1.7700 1.0000	</row3>
				</transform>
			</node>
			<node>
				<identifier>	HP_FX_RepairLight_left_1	</identifier>
				<transform>
					<row0>	0.0000 0.0000 1.0000 0.0000	</row0>
					<row1>	0.0000 1.0000 0.0000 0.0000	</row1>
					<row2>	-1.0000 0.0000 0.0000 0.0000	</row2>
					<row3>	-0.6072 0.4488 3.3876 1.0000	</row3>
				</transform>
			</node>
			<node>
				<identifier>	HP_FX_RepairLight_right_1	</identifier>
				<transform>
					<row0>	0.0000 0.0000 -1.0000 0.0000	</row0>
					<row1>	0.0000 1.0000 0.0000 0.0000	</row1>
					<row2>	1.0000 0.0000 0.0000 0.0000	</row2>
					<row3>	0.6072 0.4509 3.3571 1.0000	</row3>
				</transform>
			</node>
			<node>
				<identifier>	HP_FX_Smoke_1	</identifier>
				<transform>
					<row0>	1.0000 0.0000 0.0000 0.0000	</row0>
					<row1>	0.0000 1.0000 0.0000 0.0000	</row1>
					<row2>	0.0000 0.0000 1.0000 0.0000	</row2>
					<row3>	0.0000 1.4433 1.8223 1.0000	</row3>
				</transform>
			</node>
			<node>
				<identifier>	HP_Flagpole	</identifier>
				<transform>
					<row0>	1.0000 0.0000 0.0000 0.0000	</row0>
					<row1>	0.0000 1.0000 0.0000 0.0000	</row1>
					<row2>	0.0000 0.0000 1.0000 0.0000	</row2>
					<row3>	0.0000 3.2517 2.2592 1.0000	</row3>
				</transform>
			</node>
			<node>
				<identifier>	HP_flag_1	</identifier>
				<transform>
					<row0>	1.0000 0.0080 -0.0002 0.0000	</row0>
					<row1>	-0.0080 0.9989 -0.0460 0.0000	</row1>
					<row2>	-0.0002 0.0460 0.9989 0.0000	</row2>
					<row3>	0.3593 2.2037 2.2183 1.0000	</row3>
				</transform>
			</node>
			<node>
				<identifier>	HP_flag_2	</identifier>
				<transform>
					<row0>	1.0000 -0.0080 0.0002 0.0000	</row0>
					<row1>	0.0080 0.9989 -0.0460 0.0000	</row1>
					<row2>	0.0002 0.0460 0.9989 0.0000	</row2>
					<row3>	-0.3593 2.2037 2.2183 1.0000	</row3>
				</transform>
			</node>
			<node>
				<identifier>	HP_flag_3	</identifier>
				<transform>
					<row0>	0.9995 0.0323 -0.0007 0.0000	</row0>
					<row1>	-0.0323 0.9984 -0.0462 0.0000	</row1>
					<row2>	-0.0007 0.0462 0.9989 0.0000	</row2>
					<row3>	0.2867 2.2036 2.2184 1.0000	</row3>
				</transform>
			</node>
			<node>
				<identifier>	HP_flag_4	</identifier>
				<transform>
					<row0>	0.9995 -0.0323 0.0007 0.0000	</row0>
					<row1>	0.0323 0.9984 -0.0462 0.0000	</row1>
					<row2>	0.0007 0.0462 0.9989 0.0000	</row2>
					<row3>	-0.2867 2.2036 2.2184 1.0000	</row3>
				</transform>
			</node>
			<node>
				<identifier>	HP_flag_rank	</identifier>
				<transform>
					<row0>	1.0000 -0.0017 0.0000 0.0000	</row0>
					<row1>	0.0017 0.9992 0.0390 0.0000	</row1>
					<row2>	0.0000 -0.0390 0.9992 0.0000	</row2>
					<row3>	0.0011 3.2404 2.2660 1.0000	</row3>
				</transform>
			</node>
			<node>
				<identifier>	MP_BM004_Reels	</identifier>
				<transform>
					<row0>	0.0000 0.0000 0.7208 0.0000	</row0>
					<row1>	0.0000 1.3114 0.0000 0.0000	</row1>
					<row2>	-1.3114 0.0000 0.0000 0.0000	</row2>
					<row3>	0.3948 0.6314 2.9652 1.0000	</row3>
				</transform>
			</node>
			<node>
				<identifier>	MP_BM004_Reels_INDEX_1	</identifier>
				<transform>
					<row0>	-0.7208 0.0000 0.0000 0.0000	</row0>
					<row1>	0.0000 1.3114 0.0000 0.0000	</row1>
					<row2>	0.0000 0.0000 -1.3114 0.0000	</row2>
					<row3>	-0.2469 0.6314 3.0737 1.0000	</row3>
				</transform>
			</node>
			<node>
				<identifier>	MP_BM004_Reels_INDEX_2	</identifier>
				<transform>
					<row0>	-0.7208 0.0000 0.0000 0.0000	</row0>
					<row1>	0.0000 1.3114 0.0000 0.0000	</row1>
					<row2>	0.0000 0.0000 -1.3114 0.0000	</row2>
					<row3>	0.2653 0.6314 3.0622 1.0000	</row3>
				</transform>
			</node>
			<node>
				<identifier>	MP_BM004_Reels_INDEX_3	</identifier>
				<transform>
					<row0>	0.8318 0.0000 0.5551 0.0000	</row0>
					<row1>	0.0000 1.0000 0.0000 0.0000	</row1>
					<row2>	-0.5551 0.0000 0.8318 0.0000	</row2>
					<row3>	-0.1714 0.4728 3.6952 1.0000	</row3>
				</transform>
			</node>
			<node>
				<identifier>	MP_BM004_Reels_INDEX_4	</identifier>
				<transform>
					<row0>	0.6046 0.0000 0.0000 0.0000	</row0>
					<row1>	0.0000 0.7219 0.0000 0.0000	</row1>
					<row2>	0.0000 0.0000 0.7219 0.0000	</row2>
					<row3>	0.1160 0.4735 3.7373 1.0000	</row3>
				</transform>
			</node>
			<node>
				<identifier>	MP_BM037_Sounding_Machine	</identifier>
				<transform>
					<row0>	1.0000 0.0000 0.0000 0.0000	</row0>
					<row1>	0.0000 1.0000 0.0000 0.0000	</row1>
					<row2>	0.0000 0.0000 1.0000 0.0000	</row2>
					<row3>	0.3543 0.7815 2.4633 1.0000	</row3>
				</transform>
			</node>
			<node>
				<identifier>	MP_BM037_Sounding_Machine_INDEX_1	</identifier>
				<transform>
					<row0>	1.0000 0.0000 0.0000 0.0000	</row0>
					<row1>	0.0000 1.0000 0.0000 0.0000	</row1>
					<row2>	0.0000 0.0000 1.0000 0.0000	</row2>
					<row3>	-0.3543 0.7815 2.4633 1.0000	</row3>
				</transform>
			</node>
			<node>
				<identifier>	MP_BM098_Crest_Agincourt	</identifier>
				<transform>
					<row0>	0.8378 0.0000 0.0000 0.0000	</row0>
					<row1>	0.0000 0.8378 0.0000 0.0000	</row1>
					<row2>	0.0000 0.0000 0.8378 0.0000	</row2>
					<row3>	0.0000 1.1240 2.7433 1.0000	</row3>
				</transform>
			</node>
			<node>
				<identifier>	MP_BM112_47mm_43_5_Hotchkiss	</identifier>
				<transform>
					<row0>	0.0000 0.0000 -1.0000 0.0000	</row0>
					<row1>	0.0398 0.9992 0.0000 0.0000	</row1>
					<row2>	0.9992 -0.0398 0.0000 0.0000	</row2>
					<row3>	0.4121 0.7791 2.1398 1.0000	</row3>
				</transform>
			</node>
			<node>
				<identifier>	MP_BM112_47mm_43_5_Hotchkiss_INDEX_1	</identifier>
				<transform>
					<row0>	0.0000 0.0000 1.0000 0.0000	</row0>
					<row1>	-0.0398 0.9992 0.0000 0.0000	</row1>
					<row2>	-0.9992 -0.0398 0.0000 0.0000	</row2>
					<row3>	-0.4121 0.7791 2.1398 1.0000	</row3>
				</transform>
			</node>
			<node>
				<identifier>	MP_BM501_Cutter_32ft	</identifier>
				<transform>
					<row0>	0.9998 0.0210 0.0000 0.0000	</row0>
					<row1>	-0.0210 0.9998 0.0000 0.0000	</row1>
					<row2>	0.0000 0.0000 1.0000 0.0000	</row2>
					<row3>	-0.5817 1.0539 2.1119 1.0000	</row3>
				</transform>
			</node>
			<node>
				<identifier>	MP_BM501_Cutter_32ft_INDEX_1	</identifier>
				<transform>
					<row0>	0.9998 -0.0210 0.0000 0.0000	</row0>
					<row1>	0.0210 0.9998 0.0000 0.0000	</row1>
					<row2>	0.0000 0.0000 1.0000 0.0000	</row2>
					<row3>	0.5817 1.0539 2.1119 1.0000	</row3>
				</transform>
			</node>
			<node>
				<identifier>	MP_BM604_Voice_Tube	</identifier>
				<transform>
					<row0>	1.0000 0.0000 0.0000 0.0000	</row0>
					<row1>	0.0000 1.0000 0.0000 0.0000	</row1>
					<row2>	0.0000 0.0000 1.0000 0.0000	</row2>
					<row3>	0.0474 1.2387 2.7292 1.0000	</row3>
				</transform>
			</node>
			<node>
				<identifier>	MP_BM604_Voice_Tube_INDEX_1	</identifier>
				<transform>
					<row0>	0.3167 0.0000 0.9485 0.0000	</row0>
					<row1>	0.0000 1.0000 0.0000 0.0000	</row1>
					<row2>	-0.9485 0.0000 0.3167 0.0000	</row2>
					<row3>	-0.2525 1.0876 2.2849 1.0000	</row3>
				</transform>
			</node>
			<node>
				<identifier>	MP_BM604_Voice_Tube_INDEX_2	</identifier>
				<transform>
					<row0>	1.0000 0.0000 0.0000 0.0000	</row0>
					<row1>	0.0000 1.0000 0.0000 0.0000	</row1>
					<row2>	0.0000 0.0000 1.0000 0.0000	</row2>
					<row3>	-0.0859 2.2141 2.3714 1.0000	</row3>
				</transform>
			</node>
			<node>
				<identifier>	MP_BM604_Voice_Tube_INDEX_3	</identifier>
				<transform>
					<row0>	1.0000 0.0000 0.0000 0.0000	</row0>
					<row1>	0.0000 1.0000 0.0000 0.0000	</row1>
					<row2>	0.0000 0.0000 1.0000 0.0000	</row2>
					<row3>	-0.0884 0.4591 2.8232 1.0000	</row3>
				</transform>
			</node>
			<node>
				<identifier>	MP_BM604_Voice_Tube_INDEX_4	</identifier>
				<transform>
					<row0>	0.0000 0.0000 1.0000 0.0000	</row0>
					<row1>	0.0000 1.0000 0.0000 0.0000	</row1>
					<row2>	-1.0000 0.0000 0.0000 0.0000	</row2>
					<row3>	-0.0725 1.9983 2.4262 1.0000	</row3>
				</transform>
			</node>
			<node>
				<identifier>	MP_BM604_Voice_Tube_INDEX_5	</identifier>
				<transform>
					<row0>	0.3167 0.0000 -0.9485 0.0000	</row0>
					<row1>	0.0000 1.0000 0.0000 0.0000	</row1>
					<row2>	0.9485 0.0000 0.3167 0.0000	</row2>
					<row3>	0.2525 1.0876 2.2849 1.0000	</row3>
				</transform>
			</node>
			<node>
				<identifier>	MP_BM604_Voice_Tube_INDEX_6	</identifier>
				<transform>
					<row0>	1.0000 0.0000 0.0000 0.0000	</row0>
					<row1>	0.0000 1.0000 0.0000 0.0000	</row1>
					<row2>	0.0000 0.0000 1.0000 0.0000	</row2>
					<row3>	0.0859 2.2141 2.3714 1.0000	</row3>
				</transform>
			</node>
			<node>
				<identifier>	MP_BM604_Voice_Tube_INDEX_7	</identifier>
				<transform>
					<row0>	1.0000 0.0000 0.0000 0.0000	</row0>
					<row1>	0.0000 1.0000 0.0000 0.0000	</row1>
					<row2>	0.0000 0.0000 1.0000 0.0000	</row2>
					<row3>	-0.0043 1.2387 2.8245 1.0000	</row3>
				</transform>
			</node>
			<node>
				<identifier>	MP_BM604_Voice_Tube_INDEX_8	</identifier>
				<transform>
					<row0>	0.0000 0.0000 1.0000 0.0000	</row0>
					<row1>	0.0000 1.0000 0.0000 0.0000	</row1>
					<row2>	-1.0000 0.0000 0.0000 0.0000	</row2>
					<row3>	-0.1256 1.2383 2.3553 1.0000	</row3>
				</transform>
			</node>
			<node>
				<identifier>	MP_BM604_Voice_Tube_INDEX_9	</identifier>
				<transform>
					<row0>	0.0000 0.0000 -1.0000 0.0000	</row0>
					<row1>	0.0000 1.0000 0.0000 0.0000	</row1>
					<row2>	1.0000 0.0000 0.0000 0.0000	</row2>
					<row3>	0.1682 1.2383 2.3553 1.0000	</row3>
				</transform>
			</node>
			<node>
				<identifier>	MP_BM627_Bearing_Indicator	</identifier>
				<transform>
					<row0>	1.0000 0.0000 0.0000 0.0000	</row0>
					<row1>	0.0000 1.0000 0.0000 0.0000	</row1>
					<row2>	0.0000 0.0000 1.0000 0.0000	</row2>
					<row3>	0.0586 1.9977 2.2859 1.0000	</row3>
				</transform>
			</node>
			<node>
				<identifier>	MP_BM627_Bearing_Indicator_INDEX_1	</identifier>
				<transform>
					<row0>	1.0000 0.0000 0.0000 0.0000	</row0>
					<row1>	0.0000 1.0000 0.0000 0.0000	</row1>
					<row2>	0.0000 0.0000 1.0000 0.0000	</row2>
					<row3>	-0.0586 1.9977 2.2859 1.0000	</row3>
				</transform>
			</node>
			<node>
				<identifier>	MP_BM871_Running_Lights_F	</identifier>
				<transform>
					<row0>	1.0000 0.0000 0.0000 0.0000	</row0>
					<row1>	0.0000 1.0000 0.0000 0.0000	</row1>
					<row2>	0.0000 0.0000 1.0000 0.0000	</row2>
					<row3>	0.0000 2.2098 2.5281 1.0000	</row3>
				</transform>
			</node>
			<node>
				<identifier>	MP_BM879_Searchlight_24in	</identifier>
				<transform>
					<row0>	1.0000 0.0000 0.0000 0.0000	</row0>
					<row1>	0.0000 1.0000 0.0000 0.0000	</row1>
					<row2>	0.0000 0.0000 1.0000 0.0000	</row2>
					<row3>	0.0000 1.7294 2.5063 1.0000	</row3>
				</transform>
			</node>
			<node>
				<identifier>	MP_BM882_Searchlight_36in	</identifier>
				<transform>
					<row0>	0.0000 0.0000 -1.0000 0.0000	</row0>
					<row1>	0.0000 1.0000 0.0000 0.0000	</row1>
					<row2>	1.0000 0.0000 0.0000 0.0000	</row2>
					<row3>	0.1306 1.2414 2.4441 1.0000	</row3>
				</transform>
			</node>
			<node>
				<identifier>	MP_BM882_Searchlight_36in_INDEX_1	</identifier>
				<transform>
					<row0>	0.0000 0.0000 1.0000 0.0000	</row0>
					<row1>	0.0000 1.0000 0.0000 0.0000	</row1>
					<row2>	-1.0000 0.0000 0.0000 0.0000	</row2>
					<row3>	-0.1306 1.2414 2.4441 1.0000	</row3>
				</transform>
			</node>
			<node>
				<identifier>	MP_BM882_Searchlight_36in_INDEX_2	</identifier>
				<transform>
					<row0>	1.0000 0.0000 0.0000 0.0000	</row0>
					<row1>	0.0000 1.0000 0.0000 0.0000	</row1>
					<row2>	0.0000 0.0000 1.0000 0.0000	</row2>
					<row3>	0.1799 0.7866 2.5455 1.0000	</row3>
				</transform>
			</node>
			<node>
				<identifier>	MP_BM882_Searchlight_36in_INDEX_3	</identifier>
				<transform>
					<row0>	1.0000 0.0000 0.0000 0.0000	</row0>
					<row1>	0.0000 1.0000 0.0000 0.0000	</row1>
					<row2>	0.0000 0.0000 1.0000 0.0000	</row2>
					<row3>	-0.2662 0.7854 2.5455 1.0000	</row3>
				</transform>
			</node>
			<node>
				<identifier>	MP_CM012_Fire_Hose_Rack_1	</identifier>
				<transform>
					<row0>	-0.6178 0.0000 -0.7863 0.0000	</row0>
					<row1>	0.0000 1.0000 0.0000 0.0000	</row1>
					<row2>	0.7863 0.0000 -0.6178 0.0000	</row2>
					<row3>	0.2367 0.5251 3.2489 1.0000	</row3>
				</transform>
			</node>
			<node>
				<identifier>	MP_CM012_Fire_Hose_Rack_1_INDEX_1	</identifier>
				<transform>
					<row0>	0.6178 0.0000 -0.7863 0.0000	</row0>
					<row1>	0.0000 1.0000 0.0000 0.0000	</row1>
					<row2>	0.7863 0.0000 0.6178 0.0000	</row2>
					<row3>	-0.2367 0.5251 3.2489 1.0000	</row3>
				</transform>
			</node>
			<node>
				<identifier>	MP_CM022_Anchor_3	</identifier>
				<transform>
					<row0>	0.0000 -1.3180 0.0000 0.0000	</row0>
					<row1>	0.4833 0.0000 -1.2262 0.0000	</row1>
					<row2>	1.2262 0.0000 0.4833 0.0000	</row2>
					<row3>	0.4391 0.6505 2.4878 1.0000	</row3>
				</transform>
			</node>
			<node>
				<identifier>	MP_CM091_Semaphore	</identifier>
				<transform>
					<row0>	0.0000 0.0000 -1.0000 0.0000	</row0>
					<row1>	0.0000 1.0000 0.0000 0.0000	</row1>
					<row2>	1.0000 0.0000 0.0000 0.0000	</row2>
					<row3>	-0.0826 1.2391 2.5814 1.0000	</row3>
				</transform>
			</node>
			<node>
				<identifier>	MP_CM091_Semaphore_INDEX_1	</identifier>
				<transform>
					<row0>	0.0000 0.0000 1.0000 0.0000	</row0>
					<row1>	0.0000 1.0000 0.0000 0.0000	</row1>
					<row2>	-1.0000 0.0000 0.0000 0.0000	</row2>
					<row3>	0.0826 1.2391 2.5814 1.0000	</row3>
				</transform>
			</node>
			<node>
				<identifier>	MP_CM093_Rope	</identifier>
				<transform>
					<row0>	1.2579 0.0000 0.0000 0.0000	</row0>
					<row1>	0.0000 0.9808 0.0000 0.0000	</row1>
					<row2>	0.0000 0.0000 0.9808 0.0000	</row2>
					<row3>	0.5373 1.2110 1.9892 1.0000	</row3>
				</transform>
			</node>
			<node>
				<identifier>	MP_CM093_Rope_INDEX_1	</identifier>
				<transform>
					<row0>	-1.1701 0.0000 0.0000 0.0000	</row0>
					<row1>	0.0000 1.0000 0.0000 0.0000	</row1>
					<row2>	0.0000 0.0000 -1.0000 0.0000	</row2>
					<row3>	-0.5377 1.2111 2.0471 1.0000	</row3>
				</transform>
			</node>
			<node>
				<identifier>	MP_CM093_Rope_INDEX_10	</identifier>
				<transform>
					<row0>	1.1943 0.0000 0.0000 0.0000	</row0>
					<row1>	0.0000 1.0219 0.0000 0.0000	</row1>
					<row2>	0.0000 0.0000 1.0219 0.0000	</row2>
					<row3>	0.5362 1.2107 2.1764 1.0000	</row3>
				</transform>
			</node>
			<node>
				<identifier>	MP_CM093_Rope_INDEX_11	</identifier>
				<transform>
					<row0>	1.2579 0.0000 0.0000 0.0000	</row0>
					<row1>	0.0000 0.9808 0.0000 0.0000	</row1>
					<row2>	0.0000 0.0000 0.9808 0.0000	</row2>
					<row3>	-0.5373 1.2110 1.9892 1.0000	</row3>
				</transform>
			</node>
			<node>
				<identifier>	MP_CM093_Rope_INDEX_2	</identifier>
				<transform>
					<row0>	-0.5341 0.0000 -0.2924 0.0000	</row0>
					<row1>	0.0000 0.3602 0.0000 0.0000	</row1>
					<row2>	0.1154 0.0000 -0.2108 0.0000	</row2>
					<row3>	0.2972 0.7858 2.6459 1.0000	</row3>
				</transform>
			</node>
			<node>
				<identifier>	MP_CM093_Rope_INDEX_3	</identifier>
				<transform>
					<row0>	-1.1701 0.0000 0.0000 0.0000	</row0>
					<row1>	0.0000 1.0000 0.0000 0.0000	</row1>
					<row2>	0.0000 0.0000 -1.0000 0.0000	</row2>
					<row3>	0.5377 1.2111 2.0471 1.0000	</row3>
				</transform>
			</node>
			<node>
				<identifier>	MP_CM093_Rope_INDEX_4	</identifier>
				<transform>
					<row0>	0.5341 0.0000 0.2924 0.0000	</row0>
					<row1>	0.0000 0.3602 0.0000 0.0000	</row1>
					<row2>	-0.1154 0.0000 0.2108 0.0000	</row2>
					<row3>	0.2821 0.7858 2.6743 1.0000	</row3>
				</transform>
			</node>
			<node>
				<identifier>	MP_CM093_Rope_INDEX_5	</identifier>
				<transform>
					<row0>	-1.1463 0.0000 0.0000 0.0000	</row0>
					<row1>	0.0000 0.8344 0.0000 0.0000	</row1>
					<row2>	0.0000 0.0000 -0.8344 0.0000	</row2>
					<row3>	-0.5371 1.2113 2.1101 1.0000	</row3>
				</transform>
			</node>
			<node>
				<identifier>	MP_CM093_Rope_INDEX_6	</identifier>
				<transform>
					<row0>	-1.1463 0.0000 0.0000 0.0000	</row0>
					<row1>	0.0000 0.8344 0.0000 0.0000	</row1>
					<row2>	0.0000 0.0000 -0.8344 0.0000	</row2>
					<row3>	0.5371 1.2113 2.1101 1.0000	</row3>
				</transform>
			</node>
			<node>
				<identifier>	MP_CM093_Rope_INDEX_7	</identifier>
				<transform>
					<row0>	1.1943 0.0000 0.0000 0.0000	</row0>
					<row1>	0.0000 1.0219 0.0000 0.0000	</row1>
					<row2>	0.0000 0.0000 1.0219 0.0000	</row2>
					<row3>	-0.5362 1.2107 2.1764 1.0000	</row3>
				</transform>
			</node>
			<node>
				<identifier>	MP_CM093_Rope_INDEX_8	</identifier>
				<transform>
					<row0>	0.5341 0.0000 -0.2924 0.0000	</row0>
					<row1>	0.0000 0.3602 0.0000 0.0000	</row1>
					<row2>	0.1154 0.0000 0.2108 0.0000	</row2>
					<row3>	-0.2821 0.7858 2.6743 1.0000	</row3>
				</transform>
			</node>
			<node>
				<identifier>	MP_CM093_Rope_INDEX_9	</identifier>
				<transform>
					<row0>	-0.5341 0.0000 0.2924 0.0000	</row0>
					<row1>	0.0000 0.3602 0.0000 0.0000	</row1>
					<row2>	-0.1154 0.0000 -0.2108 0.0000	</row2>
					<row3>	-0.2972 0.7858 2.6459 1.0000	</row3>
				</transform>
			</node>
			<node>
				<identifier>	MP_CM104_Life_Buoy	</identifier>
				<transform>
					<row0>	0.0000 0.0000 1.0000 0.0000	</row0>
					<row1>	0.0000 1.0000 0.0000 0.0000	</row1>
					<row2>	-1.0000 0.0000 0.0000 0.0000	</row2>
					<row3>	0.5960 0.5230 3.8864 1.0000	</row3>
				</transform>
			</node>
			<node>
				<identifier>	MP_CM104_Life_Buoy_INDEX_1	</identifier>
				<transform>
					<row0>	0.0000 0.0000 -1.0000 0.0000	</row0>
					<row1>	0.0000 1.0000 0.0000 0.0000	</row1>
					<row2>	1.0000 0.0000 0.0000 0.0000	</row2>
					<row3>	-0.5960 0.5230 3.8864 1.0000	</row3>
				</transform>
			</node>
			<node>
				<identifier>	MP_CM104_Life_Buoy_INDEX_2	</identifier>
				<transform>
					<row0>	-0.0929 0.0000 0.9957 0.0000	</row0>
					<row1>	0.0000 1.0000 0.0000 0.0000	</row1>
					<row2>	-0.9957 0.0000 -0.0929 0.0000	</row2>
					<row3>	0.8327 0.5098 1.7459 1.0000	</row3>
				</transform>
			</node>
			<node>
				<identifier>	MP_CM104_Life_Buoy_INDEX_3	</identifier>
				<transform>
					<row0>	-0.0929 0.0000 -0.9957 0.0000	</row0>
					<row1>	0.0000 1.0000 0.0000 0.0000	</row1>
					<row2>	0.9957 0.0000 -0.0929 0.0000	</row2>
					<row3>	-0.8327 0.5098 1.7459 1.0000	</row3>
				</transform>
			</node>
			<node>
				<identifier>	MP_CM126_Cleat	</identifier>
				<transform>
					<row0>	0.8213 -0.5689 0.0438 0.0000	</row0>
					<row1>	0.5678 0.8224 0.0345 0.0000	</row1>
					<row2>	-0.0556 -0.0034 0.9984 0.0000	</row2>
					<row3>	0.1635 0.8397 1.8372 1.0000	</row3>
				</transform>
			</node>
			<node>
				<identifier>	MP_CM126_Cleat_INDEX_1	</identifier>
				<transform>
					<row0>	0.4406 -0.4396 0.0006 0.0000	</row0>
					<row1>	-0.0066 -0.0058 0.6223 0.0000	</row1>
					<row2>	-0.4395 -0.4406 -0.0087 0.0000	</row2>
					<row3>	-0.3826 0.8400 2.2787 1.0000	</row3>
				</transform>
			</node>
			<node>
				<identifier>	MP_CM126_Cleat_INDEX_10	</identifier>
				<transform>
					<row0>	0.5200 -0.5729 -0.6336 0.0000	</row0>
					<row1>	0.3634 0.8196 -0.4428 0.0000	</row1>
					<row2>	0.7730 0.0000 0.6344 0.0000	</row2>
					<row3>	0.0946 0.8394 1.6429 1.0000	</row3>
				</transform>
			</node>
			<node>
				<identifier>	MP_CM126_Cleat_INDEX_11	</identifier>
				<transform>
					<row0>	0.6058 -0.5689 0.5563 0.0000	</row0>
					<row1>	0.4162 0.8224 0.3878 0.0000	</row1>
					<row2>	-0.6781 -0.0034 0.7350 0.0000	</row2>
					<row3>	0.1153 0.8398 1.9601 1.0000	</row3>
				</transform>
			</node>
			<node>
				<identifier>	MP_CM126_Cleat_INDEX_12	</identifier>
				<transform>
					<row0>	0.4406 0.4396 -0.0006 0.0000	</row0>
					<row1>	0.0066 -0.0058 0.6223 0.0000	</row1>
					<row2>	0.4395 -0.4406 -0.0087 0.0000	</row2>
					<row3>	0.3198 0.8425 2.2791 1.0000	</row3>
				</transform>
			</node>
			<node>
				<identifier>	MP_CM126_Cleat_INDEX_13	</identifier>
				<transform>
					<row0>	0.8213 0.5689 -0.0438 0.0000	</row0>
					<row1>	-0.5678 0.8224 0.0345 0.0000	</row1>
					<row2>	0.0556 -0.0034 0.9984 0.0000	</row2>
					<row3>	-0.1635 0.8397 1.8372 1.0000	</row3>
				</transform>
			</node>
			<node>
				<identifier>	MP_CM126_Cleat_INDEX_14	</identifier>
				<transform>
					<row0>	0.4406 -0.4396 0.0006 0.0000	</row0>
					<row1>	-0.0066 -0.0058 0.6223 0.0000	</row1>
					<row2>	-0.4395 -0.4406 -0.0087 0.0000	</row2>
					<row3>	-0.3198 0.8425 2.2791 1.0000	</row3>
				</transform>
			</node>
			<node>
				<identifier>	MP_CM126_Cleat_INDEX_15	</identifier>
				<transform>
					<row0>	0.6058 0.5689 -0.5563 0.0000	</row0>
					<row1>	-0.4162 0.8224 0.3878 0.0000	</row1>
					<row2>	0.6781 -0.0034 0.7350 0.0000	</row2>
					<row3>	-0.1153 0.8398 1.9601 1.0000	</row3>
				</transform>
			</node>
			<node>
				<identifier>	MP_CM126_Cleat_INDEX_16	</identifier>
				<transform>
					<row0>	0.4406 -0.4396 0.0006 0.0000	</row0>
					<row1>	-0.0066 -0.0058 0.6223 0.0000	</row1>
					<row2>	-0.4395 -0.4406 -0.0087 0.0000	</row2>
					<row3>	-0.3450 0.8415 2.2790 1.0000	</row3>
				</transform>
			</node>
			<node>
				<identifier>	MP_CM126_Cleat_INDEX_17	</identifier>
				<transform>
					<row0>	0.4406 0.4396 -0.0006 0.0000	</row0>
					<row1>	0.0066 -0.0058 0.6223 0.0000	</row1>
					<row2>	0.4395 -0.4406 -0.0087 0.0000	</row2>
					<row3>	0.3826 0.8400 2.2787 1.0000	</row3>
				</transform>
			</node>
			<node>
				<identifier>	MP_CM126_Cleat_INDEX_18	</identifier>
				<transform>
					<row0>	0.4406 -0.4396 0.0006 0.0000	</row0>
					<row1>	-0.0066 -0.0058 0.6223 0.0000	</row1>
					<row2>	-0.4395 -0.4406 -0.0087 0.0000	</row2>
					<row3>	-0.3324 0.8420 2.2791 1.0000	</row3>
				</transform>
			</node>
			<node>
				<identifier>	MP_CM126_Cleat_INDEX_19	</identifier>
				<transform>
					<row0>	0.4406 0.4396 -0.0006 0.0000	</row0>
					<row1>	0.0066 -0.0058 0.6223 0.0000	</row1>
					<row2>	0.4395 -0.4406 -0.0087 0.0000	</row2>
					<row3>	0.3072 0.8427 2.2793 1.0000	</row3>
				</transform>
			</node>
			<node>
				<identifier>	MP_CM126_Cleat_INDEX_2	</identifier>
				<transform>
					<row0>	0.4406 -0.4396 0.0006 0.0000	</row0>
					<row1>	-0.0066 -0.0058 0.6223 0.0000	</row1>
					<row2>	-0.4395 -0.4406 -0.0087 0.0000	</row2>
					<row3>	-0.3702 0.8404 2.2787 1.0000	</row3>
				</transform>
			</node>
			<node>
				<identifier>	MP_CM126_Cleat_INDEX_20	</identifier>
				<transform>
					<row0>	0.4406 0.4396 -0.0006 0.0000	</row0>
					<row1>	0.0066 -0.0058 0.6223 0.0000	</row1>
					<row2>	0.4395 -0.4406 -0.0087 0.0000	</row2>
					<row3>	0.3324 0.8420 2.2791 1.0000	</row3>
				</transform>
			</node>
			<node>
				<identifier>	MP_CM126_Cleat_INDEX_21	</identifier>
				<transform>
					<row0>	0.4406 0.4396 -0.0006 0.0000	</row0>
					<row1>	0.0066 -0.0058 0.6223 0.0000	</row1>
					<row2>	0.4395 -0.4406 -0.0087 0.0000	</row2>
					<row3>	0.3450 0.8415 2.2790 1.0000	</row3>
				</transform>
			</node>
			<node>
				<identifier>	MP_CM126_Cleat_INDEX_22	</identifier>
				<transform>
					<row0>	-0.4401 0.4401 0.0000 0.0000	</row0>
					<row1>	0.0000 0.0000 -0.6224 0.0000	</row1>
					<row2>	-0.4401 -0.4401 0.0000 0.0000	</row2>
					<row3>	-0.0021 2.2816 2.2332 1.0000	</row3>
				</transform>
			</node>
			<node>
				<identifier>	MP_CM126_Cleat_INDEX_3	</identifier>
				<transform>
					<row0>	0.7675 0.6184 0.1690 0.0000	</row0>
					<row1>	-0.6039 0.7859 -0.1329 0.0000	</row1>
					<row2>	-0.2150 0.0000 0.9766 0.0000	</row2>
					<row3>	-0.1557 0.8395 1.7384 1.0000	</row3>
				</transform>
			</node>
			<node>
				<identifier>	MP_CM126_Cleat_INDEX_4	</identifier>
				<transform>
					<row0>	0.5200 0.5729 0.6336 0.0000	</row0>
					<row1>	-0.3634 0.8196 -0.4428 0.0000	</row1>
					<row2>	-0.7730 0.0000 0.6344 0.0000	</row2>
					<row3>	-0.0946 0.8394 1.6429 1.0000	</row3>
				</transform>
			</node>
			<node>
				<identifier>	MP_CM126_Cleat_INDEX_5	</identifier>
				<transform>
					<row0>	0.4406 -0.4396 0.0006 0.0000	</row0>
					<row1>	-0.0066 -0.0058 0.6223 0.0000	</row1>
					<row2>	-0.4395 -0.4406 -0.0087 0.0000	</row2>
					<row3>	-0.3072 0.8427 2.2793 1.0000	</row3>
				</transform>
			</node>
			<node>
				<identifier>	MP_CM126_Cleat_INDEX_6	</identifier>
				<transform>
					<row0>	0.4406 -0.4396 0.0006 0.0000	</row0>
					<row1>	-0.0066 -0.0058 0.6223 0.0000	</row1>
					<row2>	-0.4395 -0.4406 -0.0087 0.0000	</row2>
					<row3>	-0.3575 0.8408 2.2787 1.0000	</row3>
				</transform>
			</node>
			<node>
				<identifier>	MP_CM126_Cleat_INDEX_7	</identifier>
				<transform>
					<row0>	0.4406 0.4396 -0.0006 0.0000	</row0>
					<row1>	0.0066 -0.0058 0.6223 0.0000	</row1>
					<row2>	0.4395 -0.4406 -0.0087 0.0000	</row2>
					<row3>	0.3575 0.8408 2.2787 1.0000	</row3>
				</transform>
			</node>
			<node>
				<identifier>	MP_CM126_Cleat_INDEX_8	</identifier>
				<transform>
					<row0>	0.7675 -0.6184 -0.1690 0.0000	</row0>
					<row1>	0.6039 0.7859 -0.1329 0.0000	</row1>
					<row2>	0.2150 0.0000 0.9766 0.0000	</row2>
					<row3>	0.1557 0.8395 1.7384 1.0000	</row3>
				</transform>
			</node>
			<node>
				<identifier>	MP_CM126_Cleat_INDEX_9	</identifier>
				<transform>
					<row0>	0.4406 0.4396 -0.0006 0.0000	</row0>
					<row1>	0.0066 -0.0058 0.6223 0.0000	</row1>
					<row2>	0.4395 -0.4406 -0.0087 0.0000	</row2>
					<row3>	0.3702 0.8404 2.2787 1.0000	</row3>
				</transform>
			</node>
			<node>
				<identifier>	MP_CM150_Compass	</identifier>
				<transform>
					<row0>	-1.0000 0.0000 0.0000 0.0000	</row0>
					<row1>	0.0000 1.0000 0.0000 0.0000	</row1>
					<row2>	0.0000 0.0000 -1.0000 0.0000	</row2>
					<row3>	0.0000 1.2473 2.7587 1.0000	</row3>
				</transform>
			</node>
		</node>
	</node>
	<boundingBox>
		<min>	-0.0667 -0.0667 -0.0667	</min>
		<max>	0.0667 0.0667 0.0667	</max>
	</boundingBox>
</BSB034_Agincourt_1916_MidFront_ports.visual>
