<RAB705_Chetveryakov_PT_1_M_82_lod3.visual>
	<node>
		<identifier>	Scene Root	</identifier>
		<transform>
			<row0>	1.0000 0.0000 0.0000 0.0000	</row0>
			<row1>	0.0000 1.0000 0.0000 0.0000	</row1>
			<row2>	0.0000 0.0000 1.0000 0.0000	</row2>
			<row3>	0.0000 0.0000 0.0000 1.0000	</row3>
		</transform>
		<node>
			<identifier>	Root	</identifier>
			<transform>
				<row0>	1.0000 0.0000 0.0000 0.0000	</row0>
				<row1>	0.0000 1.0000 0.0000 0.0000	</row1>
				<row2>	0.0000 0.0000 1.0000 0.0000	</row2>
				<row3>	0.0000 0.0000 0.0000 1.0000	</row3>
			</transform>
			<node>
				<identifier>	HP_Air_break_1	</identifier>
				<transform>
					<row0>	1.0000 0.0000 0.0000 0.0000	</row0>
					<row1>	0.0000 1.0000 0.0000 0.0000	</row1>
					<row2>	0.0000 0.0000 1.0000 0.0000	</row2>
					<row3>	-0.0973 0.1079 -0.1382 1.0000	</row3>
				</transform>
			</node>
			<node>
				<identifier>	HP_Air_break_2	</identifier>
				<transform>
					<row0>	1.0000 0.0000 0.0000 0.0000	</row0>
					<row1>	0.0000 1.0000 0.0000 0.0000	</row1>
					<row2>	0.0000 0.0000 1.0000 0.0000	</row2>
					<row3>	-0.2342 0.1097 -0.1211 1.0000	</row3>
				</transform>
			</node>
			<node>
				<identifier>	HP_Air_break_3	</identifier>
				<transform>
					<row0>	1.0000 0.0000 0.0000 0.0000	</row0>
					<row1>	0.0000 1.0000 0.0000 0.0000	</row1>
					<row2>	0.0000 0.0000 1.0000 0.0000	</row2>
					<row3>	0.0968 0.1081 -0.1373 1.0000	</row3>
				</transform>
			</node>
			<node>
				<identifier>	HP_Air_break_4	</identifier>
				<transform>
					<row0>	1.0000 0.0000 0.0000 0.0000	</row0>
					<row1>	0.0000 1.0000 0.0000 0.0000	</row1>
					<row2>	0.0000 0.0000 1.0000 0.0000	</row2>
					<row3>	0.2342 0.1097 -0.1211 1.0000	</row3>
				</transform>
			</node>
			<node>
				<identifier>	HP_Air_death_1	</identifier>
				<transform>
					<row0>	1.0000 0.0000 0.0000 0.0000	</row0>
					<row1>	0.0000 1.0000 0.0000 0.0000	</row1>
					<row2>	0.0000 0.0000 1.0000 0.0000	</row2>
					<row3>	0.0000 0.1481 0.0000 1.0000	</row3>
				</transform>
			</node>
			<node>
				<identifier>	HP_Air_enginelight_1	</identifier>
				<transform>
					<row0>	0.8797 -0.1750 -0.4421 0.0000	</row0>
					<row1>	0.2787 0.9431 0.1812 0.0000	</row1>
					<row2>	0.3853 -0.2827 0.8785 0.0000	</row2>
					<row3>	-0.0474 0.1470 0.0464 1.0000	</row3>
				</transform>
			</node>
			<node>
				<identifier>	HP_Air_enginelight_10	</identifier>
				<transform>
					<row0>	0.8942 -0.2352 0.3808 0.0000	</row0>
					<row1>	0.3563 0.8890 -0.2876 0.0000	</row1>
					<row2>	-0.2709 0.3929 0.8788 0.0000	</row2>
					<row3>	0.0462 0.1124 0.0444 1.0000	</row3>
				</transform>
			</node>
			<node>
				<identifier>	HP_Air_enginelight_2	</identifier>
				<transform>
					<row0>	0.9389 -0.0011 -0.3441 0.0000	</row0>
					<row1>	0.0984 0.9591 0.2654 0.0000	</row1>
					<row2>	0.3297 -0.2831 0.9006 0.0000	</row2>
					<row3>	-0.0491 0.1399 0.0437 1.0000	</row3>
				</transform>
			</node>
			<node>
				<identifier>	HP_Air_enginelight_3	</identifier>
				<transform>
					<row0>	0.9389 -0.0011 -0.3441 0.0000	</row0>
					<row1>	-0.1265 0.9288 -0.3482 0.0000	</row1>
					<row2>	0.3200 0.3705 0.8720 0.0000	</row2>
					<row3>	-0.0489 0.1263 0.0435 1.0000	</row3>
				</transform>
			</node>
			<node>
				<identifier>	HP_Air_enginelight_4	</identifier>
				<transform>
					<row0>	0.9181 0.1559 -0.3644 0.0000	</row0>
					<row1>	-0.2711 0.9177 -0.2904 0.0000	</row1>
					<row2>	0.2891 0.3654 0.8848 0.0000	</row2>
					<row3>	-0.0479 0.1189 0.0439 1.0000	</row3>
				</transform>
			</node>
			<node>
				<identifier>	HP_Air_enginelight_5	</identifier>
				<transform>
					<row0>	0.9181 0.1559 -0.3644 0.0000	</row0>
					<row1>	-0.2711 0.9177 -0.2904 0.0000	</row1>
					<row2>	0.2891 0.3654 0.8848 0.0000	</row2>
					<row3>	-0.0463 0.1125 0.0446 1.0000	</row3>
				</transform>
			</node>
			<node>
				<identifier>	HP_Air_enginelight_6	</identifier>
				<transform>
					<row0>	0.8950 0.2233 0.3862 0.0000	</row0>
					<row1>	-0.3157 0.9286 0.1947 0.0000	</row1>
					<row2>	-0.3151 -0.2962 0.9016 0.0000	</row2>
					<row3>	0.0474 0.1464 0.0465 1.0000	</row3>
				</transform>
			</node>
			<node>
				<identifier>	HP_Air_enginelight_7	</identifier>
				<transform>
					<row0>	0.9473 -0.0400 0.3180 0.0000	</row0>
					<row1>	-0.0582 0.9543 0.2932 0.0000	</row1>
					<row2>	-0.3151 -0.2962 0.9016 0.0000	</row2>
					<row3>	0.0492 0.1395 0.0438 1.0000	</row3>
				</transform>
			</node>
			<node>
				<identifier>	HP_Air_enginelight_8	</identifier>
				<transform>
					<row0>	0.9473 -0.0400 0.3180 0.0000	</row0>
					<row1>	0.1508 0.9311 -0.3321 0.0000	</row1>
					<row2>	-0.2828 0.3625 0.8880 0.0000	</row2>
					<row3>	0.0488 0.1262 0.0436 1.0000	</row3>
				</transform>
			</node>
			<node>
				<identifier>	HP_Air_enginelight_9	</identifier>
				<transform>
					<row0>	0.8942 -0.2352 0.3808 0.0000	</row0>
					<row1>	0.3563 0.8890 -0.2876 0.0000	</row1>
					<row2>	-0.2709 0.3929 0.8788 0.0000	</row2>
					<row3>	0.0481 0.1189 0.0440 1.0000	</row3>
				</transform>
			</node>
			<node>
				<identifier>	HP_Air_fire_1	</identifier>
				<transform>
					<row0>	1.0000 0.0000 0.0000 0.0000	</row0>
					<row1>	0.0000 1.0000 0.0000 0.0000	</row1>
					<row2>	0.0000 0.0000 1.0000 0.0000	</row2>
					<row3>	-0.0491 0.1399 0.0437 1.0000	</row3>
				</transform>
			</node>
			<node>
				<identifier>	HP_Air_fire_2	</identifier>
				<transform>
					<row0>	1.0000 0.0000 0.0000 0.0000	</row0>
					<row1>	0.0000 1.0000 0.0000 0.0000	</row1>
					<row2>	0.0000 0.0000 1.0000 0.0000	</row2>
					<row3>	0.0488 0.1262 0.0436 1.0000	</row3>
				</transform>
			</node>
			<node>
				<identifier>	HP_Air_fire_3	</identifier>
				<transform>
					<row0>	1.0000 0.0000 0.0000 0.0000	</row0>
					<row1>	0.0000 1.0000 0.0000 0.0000	</row1>
					<row2>	0.0000 0.0000 1.0000 0.0000	</row2>
					<row3>	-0.1152 0.1313 -0.0560 1.0000	</row3>
				</transform>
			</node>
			<node>
				<identifier>	HP_Air_fire_4	</identifier>
				<transform>
					<row0>	1.0000 0.0000 0.0000 0.0000	</row0>
					<row1>	0.0000 1.0000 0.0000 0.0000	</row1>
					<row2>	0.0000 0.0000 1.0000 0.0000	</row2>
					<row3>	-0.2135 0.1255 -0.0560 1.0000	</row3>
				</transform>
			</node>
			<node>
				<identifier>	HP_Air_fire_5	</identifier>
				<transform>
					<row0>	1.0000 0.0000 0.0000 0.0000	</row0>
					<row1>	0.0000 1.0000 0.0000 0.0000	</row1>
					<row2>	0.0000 0.0000 1.0000 0.0000	</row2>
					<row3>	0.1131 0.1306 -0.0560 1.0000	</row3>
				</transform>
			</node>
			<node>
				<identifier>	HP_Air_fire_6	</identifier>
				<transform>
					<row0>	1.0000 0.0000 0.0000 0.0000	</row0>
					<row1>	0.0000 1.0000 0.0000 0.0000	</row1>
					<row2>	0.0000 0.0000 1.0000 0.0000	</row2>
					<row3>	0.2140 0.1255 -0.0560 1.0000	</row3>
				</transform>
			</node>
			<node>
				<identifier>	HP_Air_fire_7	</identifier>
				<transform>
					<row0>	1.0000 0.0000 0.0000 0.0000	</row0>
					<row1>	0.0000 1.0000 0.0000 0.0000	</row1>
					<row2>	0.0000 0.0000 1.0000 0.0000	</row2>
					<row3>	0.0000 0.1266 -0.4768 1.0000	</row3>
				</transform>
			</node>
			<node>
				<identifier>	HP_Air_flytrail_1	</identifier>
				<transform>
					<row0>	1.0000 0.0000 0.0000 0.0000	</row0>
					<row1>	0.0000 1.0000 0.0000 0.0000	</row1>
					<row2>	0.0000 0.0000 1.0000 0.0000	</row2>
					<row3>	-0.4662 0.1480 -0.0622 1.0000	</row3>
				</transform>
			</node>
			<node>
				<identifier>	HP_Air_flytrail_2	</identifier>
				<transform>
					<row0>	1.0000 0.0000 0.0000 0.0000	</row0>
					<row1>	0.0000 1.0000 0.0000 0.0000	</row1>
					<row2>	0.0000 0.0000 1.0000 0.0000	</row2>
					<row3>	0.4662 0.1480 -0.0622 1.0000	</row3>
				</transform>
			</node>
			<node>
				<identifier>	HP_Air_gunfire_1	</identifier>
				<transform>
					<row0>	1.0000 0.0000 0.0000 0.0000	</row0>
					<row1>	0.0000 1.0000 0.0000 0.0000	</row1>
					<row2>	0.0000 0.0000 1.0000 0.0000	</row2>
					<row3>	-0.1857 0.1149 0.0635 1.0000	</row3>
				</transform>
			</node>
			<node>
				<identifier>	HP_Air_gunfire_2	</identifier>
				<transform>
					<row0>	1.0000 0.0000 0.0000 0.0000	</row0>
					<row1>	0.0000 1.0000 0.0000 0.0000	</row1>
					<row2>	0.0000 0.0000 1.0000 0.0000	</row2>
					<row3>	0.1857 0.1149 0.0635 1.0000	</row3>
				</transform>
			</node>
			<node>
				<identifier>	HP_Air_gunfire_back_1	</identifier>
				<transform>
					<row0>	1.0000 0.0000 0.0000 0.0000	</row0>
					<row1>	0.0000 0.9729 0.2311 0.0000	</row1>
					<row2>	0.0000 -0.2311 0.9729 0.0000	</row2>
					<row3>	0.0000 0.2031 -0.1947 1.0000	</row3>
				</transform>
			</node>
			<node>
				<identifier>	HP_Air_ricochet_1	</identifier>
				<transform>
					<row0>	1.0000 0.0000 0.0000 0.0000	</row0>
					<row1>	0.0000 1.0000 0.0000 0.0000	</row1>
					<row2>	0.0000 0.0000 1.0000 0.0000	</row2>
					<row3>	-0.1656 0.1224 -0.0406 1.0000	</row3>
				</transform>
			</node>
			<node>
				<identifier>	HP_Air_ricochet_2	</identifier>
				<transform>
					<row0>	1.0000 0.0000 0.0000 0.0000	</row0>
					<row1>	0.0000 1.0000 0.0000 0.0000	</row1>
					<row2>	0.0000 0.0000 1.0000 0.0000	</row2>
					<row3>	0.1686 0.1085 -0.1264 1.0000	</row3>
				</transform>
			</node>
			<node>
				<identifier>	HP_Air_ricochet_3	</identifier>
				<transform>
					<row0>	1.0000 0.0000 0.0000 0.0000	</row0>
					<row1>	0.0000 1.0000 0.0000 0.0000	</row1>
					<row2>	0.0000 0.0000 1.0000 0.0000	</row2>
					<row3>	0.0178 0.1803 0.0894 1.0000	</row3>
				</transform>
			</node>
			<node>
				<identifier>	HP_Air_ricochet_4	</identifier>
				<transform>
					<row0>	1.0000 0.0000 0.0000 0.0000	</row0>
					<row1>	0.0000 1.0000 0.0000 0.0000	</row1>
					<row2>	0.0000 0.0000 1.0000 0.0000	</row2>
					<row3>	-0.0183 0.1763 -0.2478 1.0000	</row3>
				</transform>
			</node>
			<node>
				<identifier>	HP_Air_ricochet_5	</identifier>
				<transform>
					<row0>	1.0000 0.0000 0.0000 0.0000	</row0>
					<row1>	0.0000 1.0000 0.0000 0.0000	</row1>
					<row2>	0.0000 0.0000 1.0000 0.0000	</row2>
					<row3>	-0.0176 0.1607 -0.4422 1.0000	</row3>
				</transform>
			</node>
			<node>
				<identifier>	HP_Air_ricochet_6	</identifier>
				<transform>
					<row0>	1.0000 0.0000 0.0000 0.0000	</row0>
					<row1>	0.0000 1.0000 0.0000 0.0000	</row1>
					<row2>	0.0000 0.0000 1.0000 0.0000	</row2>
					<row3>	-0.0046 0.2254 -0.4852 1.0000	</row3>
				</transform>
			</node>
			<node>
				<identifier>	HP_Air_torpedo_1	</identifier>
				<transform>
					<row0>	1.0000 0.0000 0.0000 0.0000	</row0>
					<row1>	0.0000 0.9982 0.0599 0.0000	</row1>
					<row2>	0.0000 -0.0599 0.9982 0.0000	</row2>
					<row3>	0.0000 0.0705 -0.2522 1.0000	</row3>
				</transform>
			</node>
			<node>
				<identifier>	HP_gunFireBack	</identifier>
				<transform>
					<row0>	1.0000 0.0000 0.0000 0.0000	</row0>
					<row1>	0.0000 1.0000 0.0000 0.0000	</row1>
					<row2>	0.0000 0.0000 1.0000 0.0000	</row2>
					<row3>	0.0000 0.2031 -0.1947 1.0000	</row3>
				</transform>
			</node>
			<node>
				<identifier>	HP_jato_1	</identifier>
				<transform>
					<row0>	0.7422 -0.6697 0.0228 0.0000	</row0>
					<row1>	0.6697 0.7401 -0.0609 0.0000	</row1>
					<row2>	0.0239 0.0605 0.9979 0.0000	</row2>
					<row3>	-0.0336 0.1139 -0.2838 1.0000	</row3>
				</transform>
			</node>
			<node>
				<identifier>	HP_jato_2	</identifier>
				<transform>
					<row0>	0.7423 0.6697 -0.0228 0.0000	</row0>
					<row1>	-0.6697 0.7401 -0.0609 0.0000	</row1>
					<row2>	-0.0239 0.0605 0.9979 0.0000	</row2>
					<row3>	0.0338 0.1141 -0.2838 1.0000	</row3>
				</transform>
			</node>
			<node>
				<identifier>	HP_jato_3	</identifier>
				<transform>
					<row0>	0.7247 -0.6890 0.0128 0.0000	</row0>
					<row1>	0.6877 0.7219 -0.0771 0.0000	</row1>
					<row2>	0.0439 0.0646 0.9969 0.0000	</row2>
					<row3>	-0.0216 0.0964 -0.2795 1.0000	</row3>
				</transform>
			</node>
			<node>
				<identifier>	HP_jato_4	</identifier>
				<transform>
					<row0>	0.7247 0.6890 -0.0128 0.0000	</row0>
					<row1>	-0.6877 0.7219 -0.0771 0.0000	</row1>
					<row2>	-0.0439 0.0646 0.9969 0.0000	</row2>
					<row3>	0.0216 0.0964 -0.2795 1.0000	</row3>
				</transform>
			</node>
			<node>
				<identifier>	Root_BlendBone	</identifier>
				<transform>
					<row0>	1.0000 0.0000 0.0000 0.0000	</row0>
					<row1>	0.0000 1.0000 0.0000 0.0000	</row1>
					<row2>	0.0000 0.0000 -1.0000 0.0000	</row2>
					<row3>	0.0000 0.0000 0.0000 1.0000	</row3>
				</transform>
			</node>
			<node>
				<identifier>	elevator_1	</identifier>
				<transform>
					<row0>	1.0000 0.0000 0.0000 0.0000	</row0>
					<row1>	0.0000 1.0000 0.0000 0.0000	</row1>
					<row2>	0.0000 0.0000 1.0000 0.0000	</row2>
					<row3>	0.0000 0.1513 -0.5114 1.0000	</row3>
				</transform>
				<node>
					<identifier>	elevator_1_BlendBone	</identifier>
					<transform>
						<row0>	1.0000 0.0000 0.0000 0.0000	</row0>
						<row1>	0.0000 1.0000 0.0000 0.0000	</row1>
						<row2>	0.0000 0.0000 -1.0000 0.0000	</row2>
						<row3>	0.0000 -0.1513 0.5114 1.0000	</row3>
					</transform>
				</node>
			</node>
			<node>
				<identifier>	l_ailerone_1	</identifier>
				<transform>
					<row0>	0.9840 -0.1301 -0.1219 0.0000	</row0>
					<row1>	0.1311 0.9914 0.0000 0.0000	</row1>
					<row2>	0.1208 -0.0160 0.9925 0.0000	</row2>
					<row3>	-0.3709 0.1314 -0.1114 1.0000	</row3>
				</transform>
				<node>
					<identifier>	l_ailerone_1_BlendBone	</identifier>
					<transform>
						<row0>	0.9840 0.1311 0.1208 0.0000	</row0>
						<row1>	-0.1301 0.9914 -0.0160 0.0000	</row1>
						<row2>	0.1219 0.0000 -0.9925 0.0000	</row2>
						<row3>	0.3685 -0.0817 0.1575 1.0000	</row3>
					</transform>
				</node>
			</node>
			<node>
				<identifier>	l_flaps_1	</identifier>
				<transform>
					<row0>	0.9869 0.1127 -0.1153 0.0000	</row0>
					<row1>	-0.1135 0.9935 0.0000 0.0000	</row1>
					<row2>	0.1145 0.0131 0.9933 0.0000	</row2>
					<row3>	-0.0968 0.1081 -0.1373 1.0000	</row3>
				</transform>
				<node>
					<identifier>	l_flaps_1_BlendBone	</identifier>
					<transform>
						<row0>	0.9869 -0.1135 0.1145 0.0000	</row0>
						<row1>	0.1127 0.9935 0.0131 0.0000	</row1>
						<row2>	0.1153 0.0000 -0.9933 0.0000	</row2>
						<row3>	0.0675 -0.1184 0.1460 1.0000	</row3>
					</transform>
				</node>
			</node>
			<node>
				<identifier>	l_flaps_2	</identifier>
				<transform>
					<row0>	0.9829 -0.1428 -0.1165 0.0000	</row0>
					<row1>	0.1438 0.9896 0.0000 0.0000	</row1>
					<row2>	0.1153 -0.0167 0.9932 0.0000	</row2>
					<row3>	-0.2342 0.1097 -0.1211 1.0000	</row3>
				</transform>
				<node>
					<identifier>	l_flaps_2_BlendBone	</identifier>
					<transform>
						<row0>	0.9829 0.1438 0.1153 0.0000	</row0>
						<row1>	-0.1428 0.9896 -0.0167 0.0000	</row1>
						<row2>	0.1165 0.0000 -0.9932 0.0000	</row2>
						<row3>	0.2318 -0.0750 0.1491 1.0000	</row3>
					</transform>
				</node>
			</node>
			<node>
				<identifier>	r_ailerone_1	</identifier>
				<transform>
					<row0>	0.9840 0.1301 0.1219 0.0000	</row0>
					<row1>	-0.1311 0.9914 0.0000 0.0000	</row1>
					<row2>	-0.1208 -0.0160 0.9925 0.0000	</row2>
					<row3>	0.3709 0.1314 -0.1114 1.0000	</row3>
				</transform>
				<node>
					<identifier>	r_ailerone_1_BlendBone	</identifier>
					<transform>
						<row0>	0.9840 -0.1311 -0.1208 0.0000	</row0>
						<row1>	0.1301 0.9914 -0.0160 0.0000	</row1>
						<row2>	-0.1219 0.0000 -0.9925 0.0000	</row2>
						<row3>	-0.3685 -0.0817 0.1575 1.0000	</row3>
					</transform>
				</node>
			</node>
			<node>
				<identifier>	r_flaps_1	</identifier>
				<transform>
					<row0>	0.9869 -0.1127 0.1153 0.0000	</row0>
					<row1>	0.1135 0.9935 0.0000 0.0000	</row1>
					<row2>	-0.1145 0.0131 0.9933 0.0000	</row2>
					<row3>	0.0968 0.1081 -0.1373 1.0000	</row3>
				</transform>
				<node>
					<identifier>	r_flaps_1_BlendBone	</identifier>
					<transform>
						<row0>	0.9869 0.1135 -0.1145 0.0000	</row0>
						<row1>	-0.1127 0.9935 0.0131 0.0000	</row1>
						<row2>	-0.1153 0.0000 -0.9933 0.0000	</row2>
						<row3>	-0.0675 -0.1184 0.1460 1.0000	</row3>
					</transform>
				</node>
			</node>
			<node>
				<identifier>	r_flaps_2	</identifier>
				<transform>
					<row0>	0.9829 0.1428 0.1165 0.0000	</row0>
					<row1>	-0.1438 0.9896 0.0000 0.0000	</row1>
					<row2>	-0.1153 -0.0167 0.9932 0.0000	</row2>
					<row3>	0.2342 0.1097 -0.1211 1.0000	</row3>
				</transform>
				<node>
					<identifier>	r_flaps_2_BlendBone	</identifier>
					<transform>
						<row0>	0.9829 -0.1438 -0.1153 0.0000	</row0>
						<row1>	0.1428 0.9896 -0.0167 0.0000	</row1>
						<row2>	-0.1165 0.0000 -0.9932 0.0000	</row2>
						<row3>	-0.2318 -0.0750 0.1491 1.0000	</row3>
					</transform>
				</node>
			</node>
			<node>
				<identifier>	rudder_1	</identifier>
				<transform>
					<row0>	1.0000 0.0000 0.0000 0.0000	</row0>
					<row1>	0.0000 1.0000 0.0000 0.0000	</row1>
					<row2>	0.0000 0.0000 1.0000 0.0000	</row2>
					<row3>	0.0000 0.1626 -0.5033 1.0000	</row3>
				</transform>
				<node>
					<identifier>	rudder_1_BlendBone	</identifier>
					<transform>
						<row0>	1.0000 0.0000 0.0000 0.0000	</row0>
						<row1>	0.0000 1.0000 0.0000 0.0000	</row1>
						<row2>	0.0000 0.0000 -1.0000 0.0000	</row2>
						<row3>	0.0000 -0.1626 0.5033 1.0000	</row3>
					</transform>
				</node>
			</node>
		</node>
		<node>
			<identifier>	hull	</identifier>
			<transform>
				<row0>	1.0000 0.0000 0.0000 0.0000	</row0>
				<row1>	0.0000 1.0000 0.0000 0.0000	</row1>
				<row2>	0.0000 0.0000 1.0000 0.0000	</row2>
				<row3>	0.0000 0.0000 0.0000 1.0000	</row3>
			</transform>
			<node>
				<identifier>	chassis_on_BlendBone	</identifier>
				<transform>
					<row0>	1.0000 0.0000 0.0000 0.0000	</row0>
					<row1>	0.0000 1.0000 0.0000 0.0000	</row1>
					<row2>	0.0000 0.0000 1.0000 0.0000	</row2>
					<row3>	0.0000 0.0000 0.0000 1.0000	</row3>
				</transform>
			</node>
			<node>
				<identifier>	propeller_mod	</identifier>
				<transform>
					<row0>	1.0000 0.0000 0.0000 0.0000	</row0>
					<row1>	0.0000 1.0000 0.0000 0.0000	</row1>
					<row2>	0.0000 0.0000 1.0000 0.0000	</row2>
					<row3>	0.0000 0.1336 0.1547 1.0000	</row3>
				</transform>
				<node>
					<identifier>	mod	</identifier>
					<transform>
						<row0>	1.0000 0.0000 0.0000 0.0000	</row0>
						<row1>	0.0000 1.0000 0.0000 0.0000	</row1>
						<row2>	0.0000 0.0000 1.0000 0.0000	</row2>
						<row3>	0.0000 0.0000 0.0000 1.0000	</row3>
					</transform>
				</node>
			</node>
		</node>
	</node>
	<renderSet>
		<treatAsWorldSpaceObject>	false	</treatAsWorldSpaceObject>
		<node>	chassis_on_BlendBone	</node>
		<geometry>
			<vertices>	chassis_on_BlendBone_lod3Shape.vertices	</vertices>
			<primitive>	chassis_on_BlendBone_lod3Shape.indices	</primitive>
			<primitiveGroup>	0
				<material>
					<identifier>	TL2_SHIPMAT_PBS_Hull	</identifier>
					<mfm>	PnFMods/ModsSDK.zip/RSA110_Admiral_Nakhimov/aircraft/RAB705_Chetveryakov_PT_1_M_82.mfm	</mfm>
				</material>
			</primitiveGroup>
		</geometry>
	</renderSet>
	<renderSet>
		<treatAsWorldSpaceObject>	true	</treatAsWorldSpaceObject>
		<node>	Root_BlendBone	</node>
		<geometry>
			<vertices>	hull_lod3Shape.vertices	</vertices>
			<primitive>	hull_lod3Shape.indices	</primitive>
			<primitiveGroup>	0
				<material>
					<identifier>	TL2_SHIPMAT_PBS_Hull_skinned	</identifier>
					<mfm>	PnFMods/ModsSDK.zip/RSA110_Admiral_Nakhimov/aircraft/RAB705_Chetveryakov_PT_1_M_82_skinned.mfm	</mfm>
				</material>
			</primitiveGroup>
		</geometry>
	</renderSet>
	<renderSet>
		<treatAsWorldSpaceObject>	false	</treatAsWorldSpaceObject>
		<node>	mod	</node>
		<geometry>
			<vertices>	mod_lod3Shape.vertices	</vertices>
			<primitive>	mod_lod3Shape.indices	</primitive>
			<primitiveGroup>	0
				<material>
					<identifier>	TL2_SHIPMAT_PBS_Hull	</identifier>
					<mfm>	PnFMods/ModsSDK.zip/RSA110_Admiral_Nakhimov/aircraft/RAB705_Chetveryakov_PT_1_M_82.mfm	</mfm>
				</material>
			</primitiveGroup>
		</geometry>
	</renderSet>
	<boundingBox>
		<min>	-0.4642 0.0000 -0.5592	</min>
		<max>	0.4642 0.2693 0.2214	</max>
	</boundingBox>
</RAB705_Chetveryakov_PT_1_M_82_lod3.visual>
