<ASB025_Massachusetts_1946_Bow_ports.visual>
	<node>
		<identifier>	Scene Root	</identifier>
		<transform>
			<row0>	1.0000 0.0000 0.0000 0.0000	</row0>
			<row1>	0.0000 1.0000 0.0000 0.0000	</row1>
			<row2>	0.0000 0.0000 1.0000 0.0000	</row2>
			<row3>	0.0000 0.0000 0.0000 1.0000	</row3>
		</transform>
		<node>
			<identifier>	Bow_ports	</identifier>
			<transform>
				<row0>	1.0000 0.0000 0.0000 0.0000	</row0>
				<row1>	0.0000 1.0000 0.0000 0.0000	</row1>
				<row2>	0.0000 0.0000 1.0000 0.0000	</row2>
				<row3>	0.0000 0.0000 0.0000 1.0000	</row3>
			</transform>
			<node>
				<identifier>	HP_AGA_1	</identifier>
				<transform>
					<row0>	1.0000 0.0000 0.0000 0.0000	</row0>
					<row1>	0.0000 1.0000 0.0000 0.0000	</row1>
					<row2>	0.0000 0.0000 1.0000 0.0000	</row2>
					<row3>	-0.1764 0.5349 6.4349 1.0000	</row3>
				</transform>
			</node>
			<node>
				<identifier>	HP_AGA_2	</identifier>
				<transform>
					<row0>	1.0000 0.0000 0.0000 0.0000	</row0>
					<row1>	0.0000 1.0000 0.0000 0.0000	</row1>
					<row2>	0.0000 0.0000 1.0000 0.0000	</row2>
					<row3>	0.1764 0.5349 6.4349 1.0000	</row3>
				</transform>
			</node>
			<node>
				<identifier>	HP_AGM_1	</identifier>
				<transform>
					<row0>	1.0000 0.0000 0.0000 0.0000	</row0>
					<row1>	0.0000 1.0000 0.0000 0.0000	</row1>
					<row2>	0.0000 0.0000 1.0000 0.0000	</row2>
					<row3>	0.0000 0.4175 3.3530 1.0000	</row3>
				</transform>
			</node>
			<node>
				<identifier>	HP_FX_Death_1	</identifier>
				<transform>
					<row0>	1.0000 0.0000 0.0000 0.0000	</row0>
					<row1>	0.0000 1.0000 0.0000 0.0000	</row1>
					<row2>	0.0000 0.0000 1.0000 0.0000	</row2>
					<row3>	0.0000 0.0000 2.9744 1.0000	</row3>
				</transform>
			</node>
			<node>
				<identifier>	HP_FX_Fire_1	</identifier>
				<transform>
					<row0>	1.0000 0.0000 0.0000 0.0000	</row0>
					<row1>	0.0000 1.0000 0.0000 0.0000	</row1>
					<row2>	0.0000 0.0000 1.0000 0.0000	</row2>
					<row3>	0.0000 0.4807 5.0692 1.0000	</row3>
				</transform>
			</node>
			<node>
				<identifier>	HP_FX_WakeTrace	</identifier>
				<transform>
					<row0>	1.0000 0.0000 0.0000 0.0000	</row0>
					<row1>	0.0000 1.0000 0.0000 0.0000	</row1>
					<row2>	0.0000 0.0000 1.0000 0.0000	</row2>
					<row3>	0.0000 0.0000 6.7482 1.0000	</row3>
				</transform>
			</node>
			<node>
				<identifier>	HP_Ship_death_1	</identifier>
				<transform>
					<row0>	1.0000 0.0000 0.0000 0.0000	</row0>
					<row1>	0.0000 1.0000 0.0000 0.0000	</row1>
					<row2>	0.0000 0.0000 1.0000 0.0000	</row2>
					<row3>	0.0000 0.0000 2.9744 1.0000	</row3>
				</transform>
			</node>
			<node>
				<identifier>	MP_AM001_Bollard_2	</identifier>
				<transform>
					<row0>	1.4818 0.0000 0.2328 0.0000	</row0>
					<row1>	0.0081 1.4991 -0.0513 0.0000	</row1>
					<row2>	-0.2326 0.0520 1.4809 0.0000	</row2>
					<row3>	0.6133 0.3830 3.8864 1.0000	</row3>
				</transform>
			</node>
			<node>
				<identifier>	MP_AM001_Bollard_2_INDEX_1	</identifier>
				<transform>
					<row0>	1.4818 0.0000 -0.2328 0.0000	</row0>
					<row1>	-0.0097 1.4987 -0.0617 0.0000	</row1>
					<row2>	0.2326 0.0624 1.4805 0.0000	</row2>
					<row3>	-0.6133 0.3840 3.8864 1.0000	</row3>
				</transform>
			</node>
			<node>
				<identifier>	MP_AM001_Bollard_2_INDEX_2	</identifier>
				<transform>
					<row0>	1.4849 0.0000 0.2123 0.0000	</row0>
					<row1>	0.0161 1.4957 -0.1128 0.0000	</row1>
					<row2>	-0.2117 0.1140 1.4806 0.0000	</row2>
					<row3>	0.3687 0.4878 5.7840 1.0000	</row3>
				</transform>
			</node>
			<node>
				<identifier>	MP_AM001_Bollard_2_INDEX_3	</identifier>
				<transform>
					<row0>	1.4849 0.0000 -0.2123 0.0000	</row0>
					<row1>	-0.0150 1.4962 -0.1052 0.0000	</row1>
					<row2>	0.2118 0.1063 1.4812 0.0000	</row2>
					<row3>	-0.3687 0.4887 5.7840 1.0000	</row3>
				</transform>
			</node>
			<node>
				<identifier>	MP_AM020_Ventilators_2	</identifier>
				<transform>
					<row0>	0.5995 0.0000 0.0000 0.0000	</row0>
					<row1>	0.0000 0.5995 0.0000 0.0000	</row1>
					<row2>	0.0000 0.0000 0.5995 0.0000	</row2>
					<row3>	0.2071 0.3893 4.0135 1.0000	</row3>
				</transform>
			</node>
			<node>
				<identifier>	MP_AM020_Ventilators_2_INDEX_1	</identifier>
				<transform>
					<row0>	0.5995 0.0000 0.0000 0.0000	</row0>
					<row1>	0.0000 0.5995 0.0000 0.0000	</row1>
					<row2>	0.0000 0.0000 0.5995 0.0000	</row2>
					<row3>	-0.2071 0.3893 4.0135 1.0000	</row3>
				</transform>
			</node>
			<node>
				<identifier>	MP_AM023_Hatch_1	</identifier>
				<transform>
					<row0>	1.0000 0.0000 0.0000 0.0000	</row0>
					<row1>	0.0000 0.9965 -0.0831 0.0000	</row1>
					<row2>	0.0000 0.1247 1.4948 0.0000	</row2>
					<row3>	-0.0394 0.5319 6.3758 1.0000	</row3>
				</transform>
			</node>
			<node>
				<identifier>	MP_AM023_Hatch_1_INDEX_1	</identifier>
				<transform>
					<row0>	1.0000 0.0000 0.0000 0.0000	</row0>
					<row1>	0.0000 0.9965 -0.0831 0.0000	</row1>
					<row2>	0.0000 0.1247 1.4948 0.0000	</row2>
					<row3>	-0.0394 0.5020 5.9860 1.0000	</row3>
				</transform>
			</node>
			<node>
				<identifier>	MP_AM024_Hatch_2	</identifier>
				<transform>
					<row0>	1.0000 0.0000 0.0000 0.0000	</row0>
					<row1>	0.0000 0.6990 -0.0366 0.0000	</row1>
					<row2>	0.0000 0.0523 0.9986 0.0000	</row2>
					<row3>	0.2354 0.4226 4.6782 1.0000	</row3>
				</transform>
			</node>
			<node>
				<identifier>	MP_AM024_Hatch_2_INDEX_1	</identifier>
				<transform>
					<row0>	1.0000 0.0000 0.0000 0.0000	</row0>
					<row1>	0.0000 0.6990 -0.0366 0.0000	</row1>
					<row2>	0.0000 0.0523 0.9986 0.0000	</row2>
					<row3>	0.2356 0.4306 4.8685 1.0000	</row3>
				</transform>
			</node>
			<node>
				<identifier>	MP_AM024_Hatch_2_INDEX_2	</identifier>
				<transform>
					<row0>	1.0000 0.0000 0.0000 0.0000	</row0>
					<row1>	0.0000 0.6990 -0.0366 0.0000	</row1>
					<row2>	0.0000 0.0523 0.9986 0.0000	</row2>
					<row3>	-0.2354 0.4226 4.6782 1.0000	</row3>
				</transform>
			</node>
			<node>
				<identifier>	MP_AM026_Break_Handwheel_1	</identifier>
				<transform>
					<row0>	0.8000 0.0000 0.0000 0.0000	</row0>
					<row1>	0.0000 0.8000 0.0000 0.0000	</row1>
					<row2>	0.0000 0.0000 0.8000 0.0000	</row2>
					<row3>	0.2084 0.4060 4.2879 1.0000	</row3>
				</transform>
			</node>
			<node>
				<identifier>	MP_AM026_Break_Handwheel_1_INDEX_1	</identifier>
				<transform>
					<row0>	0.8000 0.0000 0.0000 0.0000	</row0>
					<row1>	0.0000 0.8000 0.0000 0.0000	</row1>
					<row2>	0.0000 0.0000 0.8000 0.0000	</row2>
					<row3>	-0.2084 0.4060 4.2879 1.0000	</row3>
				</transform>
			</node>
			<node>
				<identifier>	MP_AM030_Ammunition_Box4	</identifier>
				<transform>
					<row0>	0.0000 0.0686 0.9976 0.0000	</row0>
					<row1>	0.0000 0.9976 -0.0686 0.0000	</row1>
					<row2>	-1.0000 0.0000 0.0000 0.0000	</row2>
					<row3>	0.2733 0.5263 6.2923 1.0000	</row3>
				</transform>
			</node>
			<node>
				<identifier>	MP_AM030_Ammunition_Box4_INDEX_1	</identifier>
				<transform>
					<row0>	0.0000 -0.0686 -0.9976 0.0000	</row0>
					<row1>	0.0000 0.9976 -0.0686 0.0000	</row1>
					<row2>	1.0000 0.0000 0.0000 0.0000	</row2>
					<row3>	-0.2733 0.5254 6.2923 1.0000	</row3>
				</transform>
			</node>
			<node>
				<identifier>	MP_AM077_Paravane	</identifier>
				<transform>
					<row0>	1.0000 0.0000 0.0000 0.0000	</row0>
					<row1>	0.0000 1.0000 0.0000 0.0000	</row1>
					<row2>	0.0000 0.0000 1.0000 0.0000	</row2>
					<row3>	-0.2867 0.4037 4.0214 1.0000	</row3>
				</transform>
			</node>
			<node>
				<identifier>	MP_AM077_Paravane_INDEX_1	</identifier>
				<transform>
					<row0>	1.0000 0.0000 0.0000 0.0000	</row0>
					<row1>	0.0000 1.0000 0.0000 0.0000	</row1>
					<row2>	0.0000 0.0000 1.0000 0.0000	</row2>
					<row3>	0.2867 0.4037 4.0196 1.0000	</row3>
				</transform>
			</node>
			<node>
				<identifier>	MP_AM088_Capstan_1	</identifier>
				<transform>
					<row0>	1.0000 0.0000 0.0000 0.0000	</row0>
					<row1>	0.0000 0.8412 -0.0313 0.0000	</row1>
					<row2>	0.0000 0.0372 0.9993 0.0000	</row2>
					<row3>	-0.3113 0.4163 4.5228 1.0000	</row3>
				</transform>
			</node>
			<node>
				<identifier>	MP_AM088_Capstan_1_INDEX_1	</identifier>
				<transform>
					<row0>	1.0000 0.0000 0.0000 0.0000	</row0>
					<row1>	0.0000 0.8412 -0.0313 0.0000	</row1>
					<row2>	0.0000 0.0372 0.9993 0.0000	</row2>
					<row3>	0.3113 0.4163 4.5228 1.0000	</row3>
				</transform>
			</node>
			<node>
				<identifier>	MP_AM101_Cooling_tube	</identifier>
				<transform>
					<row0>	0.3060 0.8380 0.2227 0.0000	</row0>
					<row1>	-0.6718 0.3784 -0.5009 0.0000	</row1>
					<row2>	-0.5481 0.0039 0.7382 0.0000	</row2>
					<row3>	0.2396 0.5330 6.3508 1.0000	</row3>
				</transform>
			</node>
			<node>
				<identifier>	MP_AM101_Cooling_tube_INDEX_1	</identifier>
				<transform>
					<row0>	0.2637 0.8578 -0.2004 0.0000	</row0>
					<row1>	-0.6895 0.3312 0.5102 0.0000	</row1>
					<row2>	0.5481 0.0039 0.7382 0.0000	</row2>
					<row3>	-0.2396 0.5330 6.3508 1.0000	</row3>
				</transform>
			</node>
			<node>
				<identifier>	MP_AM376_Fairlead	</identifier>
				<transform>
					<row0>	-0.9904 0.0005 -0.1382 0.0000	</row0>
					<row1>	0.0067 0.9990 -0.0442 0.0000	</row1>
					<row2>	0.1380 -0.0447 -0.9894 0.0000	</row2>
					<row3>	0.6286 0.3979 4.1351 1.0000	</row3>
				</transform>
			</node>
			<node>
				<identifier>	MP_AM376_Fairlead_INDEX_1	</identifier>
				<transform>
					<row0>	-0.9912 0.0005 -0.1320 0.0000	</row0>
					<row1>	0.0092 0.9978 -0.0651 0.0000	</row1>
					<row2>	0.1317 -0.0658 -0.9891 0.0000	</row2>
					<row3>	0.4538 0.4711 5.5248 1.0000	</row3>
				</transform>
			</node>
			<node>
				<identifier>	MP_AM376_Fairlead_INDEX_2	</identifier>
				<transform>
					<row0>	0.9909 0.0007 -0.1345 0.0000	</row0>
					<row1>	-0.0067 0.9990 -0.0442 0.0000	</row1>
					<row2>	0.1344 0.0447 0.9899 0.0000	</row2>
					<row3>	-0.6293 0.3985 4.1350 1.0000	</row3>
				</transform>
			</node>
			<node>
				<identifier>	MP_AM376_Fairlead_INDEX_3	</identifier>
				<transform>
					<row0>	0.9877 0.0000 -0.1562 0.0000	</row0>
					<row1>	-0.0115 0.9973 -0.0728 0.0000	</row1>
					<row2>	0.1558 0.0737 0.9850 0.0000	</row2>
					<row3>	-0.3754 0.5092 6.0594 1.0000	</row3>
				</transform>
			</node>
			<node>
				<identifier>	MP_AM376_Fairlead_INDEX_4	</identifier>
				<transform>
					<row0>	0.9912 0.0005 -0.1320 0.0000	</row0>
					<row1>	-0.0092 0.9978 -0.0651 0.0000	</row1>
					<row2>	0.1317 0.0658 0.9891 0.0000	</row2>
					<row3>	-0.4538 0.4711 5.5248 1.0000	</row3>
				</transform>
			</node>
			<node>
				<identifier>	MP_AM376_Fairlead_INDEX_5	</identifier>
				<transform>
					<row0>	-0.9864 0.0022 -0.1646 0.0000	</row0>
					<row1>	0.0028 1.0000 -0.0039 0.0000	</row1>
					<row2>	0.1646 -0.0043 -0.9864 0.0000	</row2>
					<row3>	0.7037 0.3778 3.6144 1.0000	</row3>
				</transform>
			</node>
			<node>
				<identifier>	MP_AM376_Fairlead_INDEX_6	</identifier>
				<transform>
					<row0>	0.9864 -0.0022 -0.1646 0.0000	</row0>
					<row1>	0.0028 1.0000 0.0039 0.0000	</row1>
					<row2>	0.1646 -0.0043 0.9864 0.0000	</row2>
					<row3>	-0.7037 0.3778 3.6144 1.0000	</row3>
				</transform>
			</node>
			<node>
				<identifier>	MP_AM376_Fairlead_INDEX_7	</identifier>
				<transform>
					<row0>	-0.9877 0.0000 -0.1563 0.0000	</row0>
					<row1>	0.0115 0.9973 -0.0728 0.0000	</row1>
					<row2>	0.1559 -0.0737 -0.9850 0.0000	</row2>
					<row3>	0.3754 0.5092 6.0594 1.0000	</row3>
				</transform>
			</node>
			<node>
				<identifier>	MP_AM549_Life_Buoy	</identifier>
				<transform>
					<row0>	0.9877 0.0000 0.1563 0.0000	</row0>
					<row1>	0.0000 1.0000 0.0000 0.0000	</row1>
					<row2>	-0.1563 0.0000 0.9877 0.0000	</row2>
					<row3>	0.6973 0.4242 3.6715 1.0000	</row3>
				</transform>
			</node>
			<node>
				<identifier>	MP_AM549_Life_Buoy_INDEX_1	</identifier>
				<transform>
					<row0>	-0.9881 0.0000 0.1541 0.0000	</row0>
					<row1>	0.0000 1.0000 0.0000 0.0000	</row1>
					<row2>	-0.1541 0.0000 -0.9881 0.0000	</row2>
					<row3>	-0.3922 0.5320 5.8558 1.0000	</row3>
				</transform>
			</node>
			<node>
				<identifier>	MP_AM549_Life_Buoy_INDEX_2	</identifier>
				<transform>
					<row0>	0.9888 0.0000 0.1492 0.0000	</row0>
					<row1>	0.0000 1.0000 0.0000 0.0000	</row1>
					<row2>	-0.1492 0.0000 0.9888 0.0000	</row2>
					<row3>	0.3921 0.5417 5.8563 1.0000	</row3>
				</transform>
			</node>
			<node>
				<identifier>	MP_AM549_Life_Buoy_INDEX_3	</identifier>
				<transform>
					<row0>	-0.9877 0.0000 0.1563 0.0000	</row0>
					<row1>	0.0000 1.0000 0.0000 0.0000	</row1>
					<row2>	-0.1563 0.0000 -0.9877 0.0000	</row2>
					<row3>	-0.6972 0.4242 3.6715 1.0000	</row3>
				</transform>
			</node>
			<node>
				<identifier>	MP_AM549_Life_Buoy_INDEX_4	</identifier>
				<transform>
					<row0>	-0.9937 0.0000 0.1121 0.0000	</row0>
					<row1>	0.0000 1.0000 0.0000 0.0000	</row1>
					<row2>	-0.1121 0.0000 -0.9937 0.0000	</row2>
					<row3>	-0.5408 0.4706 4.7637 1.0000	</row3>
				</transform>
			</node>
			<node>
				<identifier>	MP_AM549_Life_Buoy_INDEX_5	</identifier>
				<transform>
					<row0>	0.9937 0.0000 0.1121 0.0000	</row0>
					<row1>	0.0000 1.0000 0.0000 0.0000	</row1>
					<row2>	-0.1121 0.0000 0.9937 0.0000	</row2>
					<row3>	0.5410 0.4706 4.7637 1.0000	</row3>
				</transform>
			</node>
			<node>
				<identifier>	MP_CM006_Anchor_2	</identifier>
				<transform>
					<row0>	0.6403 0.5793 0.5429 0.0000	</row0>
					<row1>	0.2449 0.5193 -0.8431 0.0000	</row1>
					<row2>	-0.7552 0.6596 0.1869 0.0000	</row2>
					<row3>	-0.1966 0.5275 6.2068 1.0000	</row3>
				</transform>
			</node>
			<node>
				<identifier>	MP_CM006_Anchor_2_INDEX_1	</identifier>
				<transform>
					<row0>	-0.6403 0.5793 0.5429 0.0000	</row0>
					<row1>	-0.2449 0.5193 -0.8431 0.0000	</row1>
					<row2>	-0.7552 -0.6596 -0.1869 0.0000	</row2>
					<row3>	0.1966 0.5275 6.2068 1.0000	</row3>
				</transform>
			</node>
			<node>
				<identifier>	MP_CM011_Fire_Fighting_Gear	</identifier>
				<transform>
					<row0>	-1.0000 0.0000 0.0000 0.0000	</row0>
					<row1>	0.0000 1.0000 0.0000 0.0000	</row1>
					<row2>	0.0000 0.0000 -1.0000 0.0000	</row2>
					<row3>	0.3564 0.4017 4.2104 1.0000	</row3>
				</transform>
			</node>
			<node>
				<identifier>	MP_CM011_Fire_Fighting_Gear_INDEX_1	</identifier>
				<transform>
					<row0>	1.0000 0.0000 0.0000 0.0000	</row0>
					<row1>	0.0000 1.0000 0.0000 0.0000	</row1>
					<row2>	0.0000 0.0000 1.0000 0.0000	</row2>
					<row3>	-0.0888 0.5044 5.9884 1.0000	</row3>
				</transform>
			</node>
			<node>
				<identifier>	MP_CM011_Fire_Fighting_Gear_INDEX_2	</identifier>
				<transform>
					<row0>	-1.0000 0.0000 0.0000 0.0000	</row0>
					<row1>	0.0000 1.0000 0.0000 0.0000	</row1>
					<row2>	0.0000 0.0000 -1.0000 0.0000	</row2>
					<row3>	-0.3564 0.4017 4.2104 1.0000	</row3>
				</transform>
			</node>
			<node>
				<identifier>	SP_YMS001_YHBM_M_1	</identifier>
				<transform>
					<row0>	1.1426 0.0000 0.0000 0.0000	</row0>
					<row1>	0.0000 1.1426 0.0000 0.0000	</row1>
					<row2>	0.0000 0.0000 1.1426 0.0000	</row2>
					<row3>	0.0000 0.5672 6.9342 1.0000	</row3>
				</transform>
			</node>
			<node>
				<identifier>	SP_YMS002_YHBL_M_1	</identifier>
				<transform>
					<row0>	1.0743 -0.0701 -0.1123 0.0000	</row0>
					<row1>	0.0622 1.0778 -0.0775 0.0000	</row1>
					<row2>	0.1168 0.0705 1.0738 0.0000	</row2>
					<row3>	0.0000 0.5672 6.9342 1.0000	</row3>
				</transform>
			</node>
			<node>
				<identifier>	SP_YMS003_YHBR_M_1	</identifier>
				<transform>
					<row0>	1.0739 0.0701 0.1122 0.0000	</row0>
					<row1>	-0.0622 1.0774 -0.0775 0.0000	</row1>
					<row2>	-0.1168 0.0705 1.0734 0.0000	</row2>
					<row3>	0.0000 0.5672 6.9342 1.0000	</row3>
				</transform>
			</node>
			<node>
				<identifier>	SP_YMS004_YHXL_L_1	</identifier>
				<transform>
					<row0>	0.5989 1.0028 -0.2011 0.0000	</row0>
					<row1>	-0.9919 0.6263 0.1691 0.0000	</row1>
					<row2>	0.2494 0.0829 1.1557 0.0000	</row2>
					<row3>	-0.1839 0.4364 6.3959 1.0000	</row3>
				</transform>
			</node>
			<node>
				<identifier>	SP_YMS005_YHXR_L_1	</identifier>
				<transform>
					<row0>	0.5989 -1.0028 0.2011 0.0000	</row0>
					<row1>	0.9919 0.6263 0.1691 0.0000	</row1>
					<row2>	-0.2494 0.0829 1.1557 0.0000	</row2>
					<row3>	0.1839 0.4364 6.3959 1.0000	</row3>
				</transform>
			</node>
			<node>
				<identifier>	SP_YMS010_YHWM_L_1	</identifier>
				<transform>
					<row0>	0.7185 0.0000 0.0000 0.0000	</row0>
					<row1>	0.0000 0.7185 0.0000 0.0000	</row1>
					<row2>	0.0000 0.0000 0.7185 0.0000	</row2>
					<row3>	0.0000 0.0000 6.7673 1.0000	</row3>
				</transform>
			</node>
			<node>
				<identifier>	SP_YMS011_YHWL_M_1	</identifier>
				<transform>
					<row0>	1.0706 0.1106 -0.2273 0.0000	</row0>
					<row1>	-0.1082 1.0944 0.0230 0.0000	</row1>
					<row2>	0.2285 0.0000 1.0760 0.0000	</row2>
					<row3>	-0.2444 -0.0019 5.4133 1.0000	</row3>
				</transform>
			</node>
			<node>
				<identifier>	SP_YMS011_YHWL_M_1_INDEX_1	</identifier>
				<transform>
					<row0>	1.0696 0.1024 -0.2356 0.0000	</row0>
					<row1>	-0.1000 1.0952 0.0220 0.0000	</row1>
					<row2>	0.2366 0.0000 1.0742 0.0000	</row2>
					<row3>	-0.4362 0.0000 4.5142 1.0000	</row3>
				</transform>
			</node>
			<node>
				<identifier>	SP_YMS011_YHWL_M_1_INDEX_2	</identifier>
				<transform>
					<row0>	1.0696 0.1024 -0.2356 0.0000	</row0>
					<row1>	-0.1000 1.0952 0.0220 0.0000	</row1>
					<row2>	0.2366 0.0000 1.0742 0.0000	</row2>
					<row3>	-0.6371 0.0000 3.6171 1.0000	</row3>
				</transform>
			</node>
			<node>
				<identifier>	SP_YMS012_YHWR_M_1	</identifier>
				<transform>
					<row0>	1.0706 -0.1106 0.2273 0.0000	</row0>
					<row1>	0.1082 1.0944 0.0230 0.0000	</row1>
					<row2>	-0.2285 0.0000 1.0760 0.0000	</row2>
					<row3>	0.2456 0.0000 5.4074 1.0000	</row3>
				</transform>
			</node>
			<node>
				<identifier>	SP_YMS012_YHWR_M_1_INDEX_1	</identifier>
				<transform>
					<row0>	1.0696 -0.1024 0.2356 0.0000	</row0>
					<row1>	0.1000 1.0952 0.0220 0.0000	</row1>
					<row2>	-0.2366 0.0000 1.0742 0.0000	</row2>
					<row3>	0.4362 0.0000 4.5142 1.0000	</row3>
				</transform>
			</node>
			<node>
				<identifier>	SP_YMS012_YHWR_M_1_INDEX_2	</identifier>
				<transform>
					<row0>	1.0696 -0.1024 0.2356 0.0000	</row0>
					<row1>	0.1000 1.0952 0.0220 0.0000	</row1>
					<row2>	-0.2366 0.0000 1.0742 0.0000	</row2>
					<row3>	0.6371 0.0000 3.6171 1.0000	</row3>
				</transform>
			</node>
			<node>
				<identifier>	SP_YMS020_YHBU_M_1	</identifier>
				<transform>
					<row0>	1.2140 0.0000 0.0000 0.0000	</row0>
					<row1>	0.0000 1.2140 0.0000 0.0000	</row1>
					<row2>	0.0000 0.0000 1.2140 0.0000	</row2>
					<row3>	0.0000 -0.2024 6.7467 1.0000	</row3>
				</transform>
			</node>
			<node>
				<identifier>	SP_YMS051_YHDL_L_1	</identifier>
				<transform>
					<row0>	0.9901 0.0107 -0.1397 0.0000	</row0>
					<row1>	-0.0163 0.9991 -0.0391 0.0000	</row1>
					<row2>	0.1392 0.0410 0.9894 0.0000	</row2>
					<row3>	-0.5702 0.4251 4.7454 1.0000	</row3>
				</transform>
			</node>
			<node>
				<identifier>	SP_YMS052_YHDR_L_1	</identifier>
				<transform>
					<row0>	0.9901 -0.0107 0.1397 0.0000	</row0>
					<row1>	0.0163 0.9991 -0.0391 0.0000	</row1>
					<row2>	-0.1392 0.0410 0.9894 0.0000	</row2>
					<row3>	0.5702 0.4251 4.7454 1.0000	</row3>
				</transform>
			</node>
			<node>
				<identifier>	SP_YMS053_YHDC_S_1	</identifier>
				<transform>
					<row0>	1.0000 0.0000 0.0000 0.0000	</row0>
					<row1>	0.0000 0.9976 -0.0686 0.0000	</row1>
					<row2>	0.0000 0.0686 0.9976 0.0000	</row2>
					<row3>	0.0000 0.5306 6.1884 1.0000	</row3>
				</transform>
			</node>
			<node>
				<identifier>	SP_YMS053_YHDC_S_1_INDEX_1	</identifier>
				<transform>
					<row0>	1.0000 0.0000 0.0000 0.0000	</row0>
					<row1>	0.0000 0.9983 -0.0590 0.0000	</row1>
					<row2>	0.0000 0.0590 0.9983 0.0000	</row2>
					<row3>	-0.3753 0.4462 4.8412 1.0000	</row3>
				</transform>
			</node>
			<node>
				<identifier>	SP_YMS053_YHDC_S_1_INDEX_2	</identifier>
				<transform>
					<row0>	1.0000 0.0000 0.0000 0.0000	</row0>
					<row1>	0.0000 0.9983 -0.0590 0.0000	</row1>
					<row2>	0.0000 0.0590 0.9983 0.0000	</row2>
					<row3>	0.3753 0.4462 4.8412 1.0000	</row3>
				</transform>
			</node>
			<node>
				<identifier>	SP_YMS053_YHDC_S_1_INDEX_3	</identifier>
				<transform>
					<row0>	1.0000 0.0000 0.0000 0.0000	</row0>
					<row1>	0.0000 0.9999 -0.0116 0.0000	</row1>
					<row2>	0.0000 0.0116 0.9999 0.0000	</row2>
					<row3>	-0.5665 0.3867 3.4066 1.0000	</row3>
				</transform>
			</node>
			<node>
				<identifier>	SP_YMS053_YHDC_S_1_INDEX_4	</identifier>
				<transform>
					<row0>	1.0000 0.0000 0.0000 0.0000	</row0>
					<row1>	0.0000 0.9999 -0.0116 0.0000	</row1>
					<row2>	0.0000 0.0116 0.9999 0.0000	</row2>
					<row3>	0.5665 0.3867 3.4066 1.0000	</row3>
				</transform>
			</node>
			<node>
				<identifier>	SP_YMS080_YHSL_M_1	</identifier>
				<transform>
					<row0>	0.7573 0.6265 -0.1842 0.0000	</row0>
					<row1>	-0.6234 0.7776 0.0817 0.0000	</row1>
					<row2>	0.1944 0.0530 0.9795 0.0000	</row2>
					<row3>	-0.3455 0.3445 5.2783 1.0000	</row3>
				</transform>
			</node>
			<node>
				<identifier>	SP_YMS080_YHSL_M_1_INDEX_1	</identifier>
				<transform>
					<row0>	0.8975 0.3933 -0.1994 0.0000	</row0>
					<row1>	-0.3958 0.9179 0.0289 0.0000	</row1>
					<row2>	0.1944 0.0530 0.9795 0.0000	</row2>
					<row3>	-0.5449 0.2619 4.1956 1.0000	</row3>
				</transform>
			</node>
			<node>
				<identifier>	SP_YMS081_YHSR_M_1	</identifier>
				<transform>
					<row0>	0.7573 -0.6265 0.1842 0.0000	</row0>
					<row1>	0.6234 0.7776 0.0817 0.0000	</row1>
					<row2>	-0.1944 0.0530 0.9795 0.0000	</row2>
					<row3>	0.3455 0.3445 5.2783 1.0000	</row3>
				</transform>
			</node>
			<node>
				<identifier>	SP_YMS081_YHSR_M_1_INDEX_1	</identifier>
				<transform>
					<row0>	0.8975 -0.3933 0.1994 0.0000	</row0>
					<row1>	0.3958 0.9179 0.0289 0.0000	</row1>
					<row2>	-0.1944 0.0530 0.9795 0.0000	</row2>
					<row3>	0.5449 0.2619 4.1956 1.0000	</row3>
				</transform>
			</node>
		</node>
	</node>
	<boundingBox>
		<min>	-0.0667 -0.0667 -0.0667	</min>
		<max>	0.0667 0.0667 0.0667	</max>
	</boundingBox>
</ASB025_Massachusetts_1946_Bow_ports.visual>
