<JSB044_Yumihari_1945_MidBack_ports.visual>
	<node>
		<identifier>	Scene Root	</identifier>
		<transform>
			<row0>	1.0000 0.0000 0.0000 0.0000	</row0>
			<row1>	0.0000 1.0000 0.0000 0.0000	</row1>
			<row2>	0.0000 0.0000 1.0000 0.0000	</row2>
			<row3>	0.0000 0.0000 0.0000 1.0000	</row3>
		</transform>
		<node>
			<identifier>	MidBack_ports	</identifier>
			<transform>
				<row0>	1.0000 0.0000 0.0000 0.0000	</row0>
				<row1>	0.0000 1.0000 0.0000 0.0000	</row1>
				<row2>	0.0000 0.0000 1.0000 0.0000	</row2>
				<row3>	0.0000 0.0000 0.0000 1.0000	</row3>
			</transform>
			<node>
				<identifier>	HP_FX_Fire_3	</identifier>
				<transform>
					<row0>	1.0000 0.0000 0.0000 0.0000	</row0>
					<row1>	0.0000 1.0000 0.0000 0.0000	</row1>
					<row2>	0.0000 0.0000 1.0000 0.0000	</row2>
					<row3>	0.0000 0.4621 -1.8016 1.0000	</row3>
				</transform>
			</node>
			<node>
				<identifier>	HP_FX_Fire_3_side_1	</identifier>
				<transform>
					<row0>	1.0000 0.0000 0.0000 0.0000	</row0>
					<row1>	0.0000 1.0000 0.0000 0.0000	</row1>
					<row2>	0.0000 0.0000 1.0000 0.0000	</row2>
					<row3>	0.7238 0.5264 -1.2796 1.0000	</row3>
				</transform>
			</node>
			<node>
				<identifier>	HP_FX_Fire_3_side_2	</identifier>
				<transform>
					<row0>	1.0000 0.0000 0.0000 0.0000	</row0>
					<row1>	0.0000 1.0000 0.0000 0.0000	</row1>
					<row2>	0.0000 0.0000 1.0000 0.0000	</row2>
					<row3>	-0.6447 0.5359 -2.8511 1.0000	</row3>
				</transform>
			</node>
			<node>
				<identifier>	HP_FX_FloodLight_left_2	</identifier>
				<transform>
					<row0>	-0.8219 0.0000 -0.5696 0.0000	</row0>
					<row1>	0.0000 1.0000 0.0000 0.0000	</row1>
					<row2>	0.5696 0.0000 -0.8219 0.0000	</row2>
					<row3>	-0.4219 0.6178 -2.6320 1.0000	</row3>
				</transform>
			</node>
			<node>
				<identifier>	HP_FX_FloodLight_right_2	</identifier>
				<transform>
					<row0>	0.8158 0.0000 -0.5784 0.0000	</row0>
					<row1>	0.0000 1.0000 0.0000 0.0000	</row1>
					<row2>	0.5784 0.0000 0.8158 0.0000	</row2>
					<row3>	0.4222 0.6178 -2.6321 1.0000	</row3>
				</transform>
			</node>
			<node>
				<identifier>	HP_FX_Flood_steam_right	</identifier>
				<transform>
					<row0>	1.0000 0.0000 0.0000 0.0000	</row0>
					<row1>	0.0000 1.0000 0.0000 0.0000	</row1>
					<row2>	0.0000 0.0000 1.0000 0.0000	</row2>
					<row3>	0.6690 0.5988 -2.2308 1.0000	</row3>
				</transform>
			</node>
			<node>
				<identifier>	HP_FX_Flood_water_left_2	</identifier>
				<transform>
					<row0>	-1.0000 0.0000 0.0000 0.0000	</row0>
					<row1>	0.0000 1.0000 0.0000 0.0000	</row1>
					<row2>	0.0000 0.0000 -1.0000 0.0000	</row2>
					<row3>	-1.0220 0.0580 -2.1090 1.0000	</row3>
				</transform>
			</node>
			<node>
				<identifier>	HP_FX_Flood_water_left_3	</identifier>
				<transform>
					<row0>	-0.9921 0.0000 0.1257 0.0000	</row0>
					<row1>	0.0000 1.0000 0.0000 0.0000	</row1>
					<row2>	-0.1257 0.0000 -0.9921 0.0000	</row2>
					<row3>	-0.9620 0.0430 -3.3240 1.0000	</row3>
				</transform>
			</node>
			<node>
				<identifier>	HP_FX_Flood_water_right_2	</identifier>
				<transform>
					<row0>	1.0000 0.0000 0.0000 0.0000	</row0>
					<row1>	0.0000 1.0000 0.0000 0.0000	</row1>
					<row2>	0.0000 0.0000 1.0000 0.0000	</row2>
					<row3>	1.0220 0.0580 -2.1078 1.0000	</row3>
				</transform>
			</node>
			<node>
				<identifier>	HP_FX_Flood_water_right_3	</identifier>
				<transform>
					<row0>	0.9931 0.0000 0.1169 0.0000	</row0>
					<row1>	0.0000 1.0000 0.0000 0.0000	</row1>
					<row2>	-0.1169 0.0000 0.9931 0.0000	</row2>
					<row3>	0.9620 0.0430 -3.3240 1.0000	</row3>
				</transform>
			</node>
			<node>
				<identifier>	HP_FX_RepairLight_left_2	</identifier>
				<transform>
					<row0>	-0.0558 0.0000 0.9984 0.0000	</row0>
					<row1>	-0.0049 1.0000 -0.0003 0.0000	</row1>
					<row2>	-0.9984 -0.0049 -0.0558 0.0000	</row2>
					<row3>	-0.9411 0.3369 -3.4158 1.0000	</row3>
				</transform>
			</node>
			<node>
				<identifier>	HP_Flagpole	</identifier>
				<transform>
					<row0>	1.0000 0.0000 0.0000 0.0000	</row0>
					<row1>	0.0000 1.0000 0.0000 0.0000	</row1>
					<row2>	0.0000 0.0000 1.0000 0.0000	</row2>
					<row3>	0.0000 2.9238 -2.3432 1.0000	</row3>
				</transform>
			</node>
			<node>
				<identifier>	HP_JC_1	</identifier>
				<transform>
					<row0>	0.0000 0.0000 1.0000 0.0000	</row0>
					<row1>	0.0000 1.0000 0.0000 0.0000	</row1>
					<row2>	-1.0000 0.0000 0.0000 0.0000	</row2>
					<row3>	-0.8840 0.5281 -1.5163 1.0000	</row3>
				</transform>
			</node>
			<node>
				<identifier>	HP_JC_2	</identifier>
				<transform>
					<row0>	0.0000 0.0000 -1.0000 0.0000	</row0>
					<row1>	0.0000 1.0000 0.0000 0.0000	</row1>
					<row2>	1.0000 0.0000 0.0000 0.0000	</row2>
					<row3>	0.8840 0.5281 -1.5163 1.0000	</row3>
				</transform>
			</node>
			<node>
				<identifier>	HP_JD_10	</identifier>
				<transform>
					<row0>	-1.0000 0.0000 0.0000 0.0000	</row0>
					<row1>	0.0000 1.0000 0.0000 0.0000	</row1>
					<row2>	0.0000 0.0000 -1.0000 0.0000	</row2>
					<row3>	0.0000 1.4441 -2.5619 1.0000	</row3>
				</transform>
			</node>
			<node>
				<identifier>	HP_JD_11	</identifier>
				<transform>
					<row0>	-1.0000 0.0000 0.0000 0.0000	</row0>
					<row1>	0.0000 1.0000 0.0000 0.0000	</row1>
					<row2>	0.0000 0.0000 -1.0000 0.0000	</row2>
					<row3>	0.0000 1.3857 -2.7770 1.0000	</row3>
				</transform>
			</node>
			<node>
				<identifier>	HP_JD_12	</identifier>
				<transform>
					<row0>	-1.0000 0.0000 0.0000 0.0000	</row0>
					<row1>	0.0000 1.0000 0.0000 0.0000	</row1>
					<row2>	0.0000 0.0000 -1.0000 0.0000	</row2>
					<row3>	-0.1294 1.0674 -2.9407 1.0000	</row3>
				</transform>
			</node>
			<node>
				<identifier>	HP_JD_13	</identifier>
				<transform>
					<row0>	-1.0000 0.0000 0.0000 0.0000	</row0>
					<row1>	0.0000 1.0000 0.0000 0.0000	</row1>
					<row2>	0.0000 0.0000 -1.0000 0.0000	</row2>
					<row3>	0.1294 1.0674 -2.9407 1.0000	</row3>
				</transform>
			</node>
			<node>
				<identifier>	HP_JF_10	</identifier>
				<transform>
					<row0>	0.0000 0.0000 1.0000 0.0000	</row0>
					<row1>	0.0000 1.0000 0.0000 0.0000	</row1>
					<row2>	-1.0000 0.0000 0.0000 0.0000	</row2>
					<row3>	-0.3460 1.3096 -2.5427 1.0000	</row3>
				</transform>
			</node>
			<node>
				<identifier>	HP_JF_11	</identifier>
				<transform>
					<row0>	0.0000 0.0000 -1.0000 0.0000	</row0>
					<row1>	0.0000 1.0000 0.0000 0.0000	</row1>
					<row2>	1.0000 0.0000 0.0000 0.0000	</row2>
					<row3>	0.3460 1.3096 -2.5427 1.0000	</row3>
				</transform>
			</node>
			<node>
				<identifier>	HP_JF_8	</identifier>
				<transform>
					<row0>	0.0000 0.0000 1.0000 0.0000	</row0>
					<row1>	0.0000 1.0000 0.0000 0.0000	</row1>
					<row2>	-1.0000 0.0000 0.0000 0.0000	</row2>
					<row3>	-0.3972 1.1375 -2.3465 1.0000	</row3>
				</transform>
			</node>
			<node>
				<identifier>	HP_JF_9	</identifier>
				<transform>
					<row0>	0.0000 0.0000 -1.0000 0.0000	</row0>
					<row1>	0.0000 1.0000 0.0000 0.0000	</row1>
					<row2>	1.0000 0.0000 0.0000 0.0000	</row2>
					<row3>	0.3972 1.1375 -2.3465 1.0000	</row3>
				</transform>
			</node>
			<node>
				<identifier>	HP_JGA_29	</identifier>
				<transform>
					<row0>	0.0000 0.0000 1.0000 0.0000	</row0>
					<row1>	0.0000 1.0000 0.0000 0.0000	</row1>
					<row2>	-1.0000 0.0000 0.0000 0.0000	</row2>
					<row3>	-0.8224 0.5234 -0.4999 1.0000	</row3>
				</transform>
			</node>
			<node>
				<identifier>	HP_JGA_30	</identifier>
				<transform>
					<row0>	0.0000 0.0000 -1.0000 0.0000	</row0>
					<row1>	0.0000 1.0000 0.0000 0.0000	</row1>
					<row2>	1.0000 0.0000 0.0000 0.0000	</row2>
					<row3>	0.8224 0.5234 -0.4999 1.0000	</row3>
				</transform>
			</node>
			<node>
				<identifier>	HP_JGA_31	</identifier>
				<transform>
					<row0>	0.0000 0.0000 1.0000 0.0000	</row0>
					<row1>	0.0000 1.0000 0.0000 0.0000	</row1>
					<row2>	-1.0000 0.0000 0.0000 0.0000	</row2>
					<row3>	-0.7723 0.5052 -2.3707 1.0000	</row3>
				</transform>
			</node>
			<node>
				<identifier>	HP_JGA_32	</identifier>
				<transform>
					<row0>	0.0000 0.0000 -1.0000 0.0000	</row0>
					<row1>	0.0000 1.0000 0.0000 0.0000	</row1>
					<row2>	1.0000 0.0000 0.0000 0.0000	</row2>
					<row3>	0.7723 0.5052 -2.3707 1.0000	</row3>
				</transform>
			</node>
			<node>
				<identifier>	HP_JGA_33	</identifier>
				<transform>
					<row0>	-0.7071 0.0000 0.7071 0.0000	</row0>
					<row1>	0.0000 1.0000 0.0000 0.0000	</row1>
					<row2>	-0.7071 0.0000 -0.7071 0.0000	</row2>
					<row3>	-0.6353 0.5005 -2.8585 1.0000	</row3>
				</transform>
			</node>
			<node>
				<identifier>	HP_JGA_34	</identifier>
				<transform>
					<row0>	-0.7071 0.0000 -0.7071 0.0000	</row0>
					<row1>	0.0000 1.0000 0.0000 0.0000	</row1>
					<row2>	0.7071 0.0000 -0.7071 0.0000	</row2>
					<row3>	0.6353 0.5005 -2.8585 1.0000	</row3>
				</transform>
			</node>
			<node>
				<identifier>	HP_JGM_3	</identifier>
				<transform>
					<row0>	-1.0000 0.0000 0.0000 0.0000	</row0>
					<row1>	0.0000 1.0000 0.0000 0.0000	</row1>
					<row2>	0.0000 0.0000 -1.0000 0.0000	</row2>
					<row3>	0.0000 0.6766 -3.5702 1.0000	</row3>
				</transform>
			</node>
			<node>
				<identifier>	HP_JGS_11	</identifier>
				<transform>
					<row0>	0.9859 0.0000 0.1671 0.0000	</row0>
					<row1>	0.0000 1.0000 0.0000 0.0000	</row1>
					<row2>	-0.1671 0.0000 0.9859 0.0000	</row2>
					<row3>	-0.9262 0.4075 -0.6630 1.0000	</row3>
				</transform>
			</node>
			<node>
				<identifier>	HP_JGS_12	</identifier>
				<transform>
					<row0>	0.9859 0.0000 -0.1671 0.0000	</row0>
					<row1>	0.0000 1.0000 0.0000 0.0000	</row1>
					<row2>	0.1671 0.0000 0.9859 0.0000	</row2>
					<row3>	0.9262 0.4075 -0.6630 1.0000	</row3>
				</transform>
			</node>
			<node>
				<identifier>	HP_JGS_13	</identifier>
				<transform>
					<row0>	0.9859 0.0000 0.1671 0.0000	</row0>
					<row1>	0.0000 1.0000 0.0000 0.0000	</row1>
					<row2>	-0.1671 0.0000 0.9859 0.0000	</row2>
					<row3>	-0.9206 0.4020 -1.2730 1.0000	</row3>
				</transform>
			</node>
			<node>
				<identifier>	HP_JGS_14	</identifier>
				<transform>
					<row0>	0.9859 0.0000 -0.1671 0.0000	</row0>
					<row1>	0.0000 1.0000 0.0000 0.0000	</row1>
					<row2>	0.1671 0.0000 0.9859 0.0000	</row2>
					<row3>	0.9206 0.4020 -1.2730 1.0000	</row3>
				</transform>
			</node>
			<node>
				<identifier>	HP_JGS_15	</identifier>
				<transform>
					<row0>	-1.0000 0.0000 0.0000 0.0000	</row0>
					<row1>	0.0000 1.0000 0.0000 0.0000	</row1>
					<row2>	0.0000 0.0000 -1.0000 0.0000	</row2>
					<row3>	-0.9089 0.3959 -1.8834 1.0000	</row3>
				</transform>
			</node>
			<node>
				<identifier>	HP_JGS_16	</identifier>
				<transform>
					<row0>	-1.0000 0.0000 0.0000 0.0000	</row0>
					<row1>	0.0000 1.0000 0.0000 0.0000	</row1>
					<row2>	0.0000 0.0000 -1.0000 0.0000	</row2>
					<row3>	0.9089 0.3959 -1.8834 1.0000	</row3>
				</transform>
			</node>
			<node>
				<identifier>	HP_JGS_17	</identifier>
				<transform>
					<row0>	0.0000 0.0000 1.0000 0.0000	</row0>
					<row1>	0.0000 1.0000 0.0000 0.0000	</row1>
					<row2>	-1.0000 0.0000 0.0000 0.0000	</row2>
					<row3>	-0.4613 0.6521 -2.2074 1.0000	</row3>
				</transform>
			</node>
			<node>
				<identifier>	HP_JGS_18	</identifier>
				<transform>
					<row0>	0.0000 0.0000 -1.0000 0.0000	</row0>
					<row1>	0.0000 1.0000 0.0000 0.0000	</row1>
					<row2>	1.0000 0.0000 0.0000 0.0000	</row2>
					<row3>	0.4613 0.6521 -2.2074 1.0000	</row3>
				</transform>
			</node>
			<node>
				<identifier>	HP_JGS_19	</identifier>
				<transform>
					<row0>	-1.0000 0.0000 0.0000 0.0000	</row0>
					<row1>	0.0000 1.0000 0.0000 0.0000	</row1>
					<row2>	0.0000 0.0000 -1.0000 0.0000	</row2>
					<row3>	-0.8010 0.3902 -2.3709 1.0000	</row3>
				</transform>
			</node>
			<node>
				<identifier>	HP_JGS_20	</identifier>
				<transform>
					<row0>	-1.0000 0.0000 0.0000 0.0000	</row0>
					<row1>	0.0000 1.0000 0.0000 0.0000	</row1>
					<row2>	0.0000 0.0000 -1.0000 0.0000	</row2>
					<row3>	0.8010 0.3902 -2.3709 1.0000	</row3>
				</transform>
			</node>
			<node>
				<identifier>	HP_JRS_10	</identifier>
				<transform>
					<row0>	1.0000 0.0000 0.0000 0.0000	</row0>
					<row1>	0.0000 1.0000 0.0000 0.0000	</row1>
					<row2>	0.0000 0.0000 1.0000 0.0000	</row2>
					<row3>	0.1803 1.4939 -2.4619 1.0000	</row3>
				</transform>
			</node>
			<node>
				<identifier>	HP_JRS_9	</identifier>
				<transform>
					<row0>	1.0000 0.0000 0.0000 0.0000	</row0>
					<row1>	0.0000 1.0000 0.0000 0.0000	</row1>
					<row2>	0.0000 0.0000 1.0000 0.0000	</row2>
					<row3>	-0.1803 1.4939 -2.4619 1.0000	</row3>
				</transform>
			</node>
			<node>
				<identifier>	HP_Ship_death_3	</identifier>
				<transform>
					<row0>	1.0000 0.0000 0.0000 0.0000	</row0>
					<row1>	0.0000 1.0000 0.0000 0.0000	</row1>
					<row2>	0.0000 0.0000 1.0000 0.0000	</row2>
					<row3>	0.0000 0.0000 -3.7655 1.0000	</row3>
				</transform>
			</node>
			<node>
				<identifier>	HP_flag_nation	</identifier>
				<transform>
					<row0>	1.0000 0.0000 0.0000 0.0000	</row0>
					<row1>	0.0000 0.9472 -0.3207 0.0000	</row1>
					<row2>	0.0000 0.3207 0.9472 0.0000	</row2>
					<row3>	0.0006 2.6334 -2.6214 1.0000	</row3>
				</transform>
			</node>
			<node>
				<identifier>	HP_flag_rank	</identifier>
				<transform>
					<row0>	1.0000 0.0000 0.0000 0.0000	</row0>
					<row1>	0.0000 0.9472 -0.3207 0.0000	</row1>
					<row2>	0.0000 0.3207 0.9472 0.0000	</row2>
					<row3>	0.0006 2.4393 -2.5557 1.0000	</row3>
				</transform>
			</node>
			<node>
				<identifier>	MP_CM011_Fire_Fighting_Gear	</identifier>
				<transform>
					<row0>	0.5000 0.0000 -0.8660 0.0000	</row0>
					<row1>	0.0000 1.0000 0.0000 0.0000	</row1>
					<row2>	0.8660 0.0000 0.5000 0.0000	</row2>
					<row3>	-0.7823 0.3386 -2.8447 1.0000	</row3>
				</transform>
			</node>
			<node>
				<identifier>	MP_CM011_Fire_Fighting_Gear_INDEX_1	</identifier>
				<transform>
					<row0>	0.5000 0.0000 0.8660 0.0000	</row0>
					<row1>	0.0000 1.0000 0.0000 0.0000	</row1>
					<row2>	-0.8660 0.0000 0.5000 0.0000	</row2>
					<row3>	0.7811 0.3386 -2.8476 1.0000	</row3>
				</transform>
			</node>
			<node>
				<identifier>	MP_CM011_Fire_Fighting_Gear_INDEX_2	</identifier>
				<transform>
					<row0>	0.6443 0.0000 -0.7647 0.0000	</row0>
					<row1>	0.0000 1.0000 0.0000 0.0000	</row1>
					<row2>	0.7647 0.0000 0.6443 0.0000	</row2>
					<row3>	-0.2915 0.3319 -3.8242 1.0000	</row3>
				</transform>
			</node>
			<node>
				<identifier>	MP_CM011_Fire_Fighting_Gear_INDEX_3	</identifier>
				<transform>
					<row0>	-0.3921 0.0000 -0.9199 0.0000	</row0>
					<row1>	0.0000 1.0000 0.0000 0.0000	</row1>
					<row2>	0.9199 0.0000 -0.3921 0.0000	</row2>
					<row3>	0.2542 0.5077 -2.1463 1.0000	</row3>
				</transform>
			</node>
			<node>
				<identifier>	MP_CM011_Fire_Fighting_Gear_INDEX_4	</identifier>
				<transform>
					<row0>	1.0000 0.0000 0.0000 0.0000	</row0>
					<row1>	0.0000 1.0000 0.0000 0.0000	</row1>
					<row2>	0.0000 0.0000 1.0000 0.0000	</row2>
					<row3>	-0.0173 0.5012 -2.7951 1.0000	</row3>
				</transform>
			</node>
			<node>
				<identifier>	MP_CM011_Fire_Fighting_Gear_INDEX_5	</identifier>
				<transform>
					<row0>	-0.7452 0.0000 0.6669 0.0000	</row0>
					<row1>	0.0000 1.0000 0.0000 0.0000	</row1>
					<row2>	-0.6669 0.0000 -0.7452 0.0000	</row2>
					<row3>	-0.3413 0.5089 -2.0296 1.0000	</row3>
				</transform>
			</node>
			<node>
				<identifier>	MP_CM012_Fire_Hose_Rack_1	</identifier>
				<transform>
					<row0>	0.7728 0.0000 0.6347 0.0000	</row0>
					<row1>	0.0000 1.0000 0.0000 0.0000	</row1>
					<row2>	-0.6347 0.0000 0.7728 0.0000	</row2>
					<row3>	-0.2836 0.3952 -3.7899 1.0000	</row3>
				</transform>
			</node>
			<node>
				<identifier>	MP_CM012_Fire_Hose_Rack_1_INDEX_1	</identifier>
				<transform>
					<row0>	0.8638 0.0000 0.5038 0.0000	</row0>
					<row1>	0.0000 1.0000 0.0000 0.0000	</row1>
					<row2>	-0.5038 0.0000 0.8638 0.0000	</row2>
					<row3>	-0.7509 0.4018 -2.8650 1.0000	</row3>
				</transform>
			</node>
			<node>
				<identifier>	MP_CM012_Fire_Hose_Rack_1_INDEX_2	</identifier>
				<transform>
					<row0>	-0.8638 0.0000 0.5038 0.0000	</row0>
					<row1>	0.0000 1.0000 0.0000 0.0000	</row1>
					<row2>	-0.5038 0.0000 -0.8638 0.0000	</row2>
					<row3>	0.7497 0.4018 -2.8678 1.0000	</row3>
				</transform>
			</node>
			<node>
				<identifier>	MP_CM012_Fire_Hose_Rack_1_INDEX_3	</identifier>
				<transform>
					<row0>	-0.3848 0.0000 -0.9230 0.0000	</row0>
					<row1>	0.0000 1.0000 0.0000 0.0000	</row1>
					<row2>	0.9230 0.0000 -0.3848 0.0000	</row2>
					<row3>	-0.3779 0.5668 -2.0259 1.0000	</row3>
				</transform>
			</node>
			<node>
				<identifier>	MP_CM012_Fire_Hose_Rack_1_INDEX_4	</identifier>
				<transform>
					<row0>	0.9249 0.0000 -0.3801 0.0000	</row0>
					<row1>	0.0000 1.0000 0.0000 0.0000	</row1>
					<row2>	0.3801 0.0000 0.9249 0.0000	</row2>
					<row3>	0.2776 0.5668 -2.1272 1.0000	</row3>
				</transform>
			</node>
			<node>
				<identifier>	MP_CM012_Fire_Hose_Rack_1_INDEX_5	</identifier>
				<transform>
					<row0>	0.0000 0.0000 1.0000 0.0000	</row0>
					<row1>	0.0000 1.0000 0.0000 0.0000	</row1>
					<row2>	-1.0000 0.0000 0.0000 0.0000	</row2>
					<row3>	0.0115 0.5668 -2.7782 1.0000	</row3>
				</transform>
			</node>
			<node>
				<identifier>	MP_CM029_Emergency_Box	</identifier>
				<transform>
					<row0>	1.0000 0.0000 0.0000 0.0000	</row0>
					<row1>	0.0000 1.0000 0.0000 0.0000	</row1>
					<row2>	0.0000 0.0000 1.0000 0.0000	</row2>
					<row3>	-0.2872 0.5608 -2.7842 1.0000	</row3>
				</transform>
			</node>
			<node>
				<identifier>	MP_CM029_Emergency_Box_INDEX_1	</identifier>
				<transform>
					<row0>	1.0000 0.0000 0.0000 0.0000	</row0>
					<row1>	0.0000 1.0000 0.0000 0.0000	</row1>
					<row2>	0.0000 0.0000 1.0000 0.0000	</row2>
					<row3>	0.2872 0.5608 -2.7842 1.0000	</row3>
				</transform>
			</node>
			<node>
				<identifier>	MP_CM029_Emergency_Box_INDEX_10	</identifier>
				<transform>
					<row0>	0.0000 0.0000 -1.0000 0.0000	</row0>
					<row1>	0.0000 1.0000 0.0000 0.0000	</row1>
					<row2>	1.0000 0.0000 0.0000 0.0000	</row2>
					<row3>	-0.2449 0.7181 -2.3562 1.0000	</row3>
				</transform>
			</node>
			<node>
				<identifier>	MP_CM029_Emergency_Box_INDEX_2	</identifier>
				<transform>
					<row0>	-0.6613 0.0000 -0.7501 0.0000	</row0>
					<row1>	0.0000 1.0000 0.0000 0.0000	</row1>
					<row2>	0.7501 0.0000 -0.6613 0.0000	</row2>
					<row3>	-0.2107 1.0679 -2.4496 1.0000	</row3>
				</transform>
			</node>
			<node>
				<identifier>	MP_CM029_Emergency_Box_INDEX_3	</identifier>
				<transform>
					<row0>	1.0000 0.0000 0.0000 0.0000	</row0>
					<row1>	0.0000 1.0000 0.0000 0.0000	</row1>
					<row2>	0.0000 0.0000 1.0000 0.0000	</row2>
					<row3>	0.0571 1.2423 -2.7840 1.0000	</row3>
				</transform>
			</node>
			<node>
				<identifier>	MP_CM029_Emergency_Box_INDEX_4	</identifier>
				<transform>
					<row0>	0.3882 0.0000 -0.9216 0.0000	</row0>
					<row1>	0.0000 1.0000 0.0000 0.0000	</row1>
					<row2>	0.9216 0.0000 0.3882 0.0000	</row2>
					<row3>	-0.6545 0.5608 -2.2935 1.0000	</row3>
				</transform>
			</node>
			<node>
				<identifier>	MP_CM029_Emergency_Box_INDEX_5	</identifier>
				<transform>
					<row0>	-0.6613 0.0000 0.7501 0.0000	</row0>
					<row1>	0.0000 1.0000 0.0000 0.0000	</row1>
					<row2>	-0.7501 0.0000 -0.6613 0.0000	</row2>
					<row3>	0.2107 1.0679 -2.4496 1.0000	</row3>
				</transform>
			</node>
			<node>
				<identifier>	MP_CM029_Emergency_Box_INDEX_6	</identifier>
				<transform>
					<row0>	0.5039 0.0000 0.8638 0.0000	</row0>
					<row1>	0.0000 1.0000 0.0000 0.0000	</row1>
					<row2>	-0.8638 0.0000 0.5039 0.0000	</row2>
					<row3>	0.3845 0.3969 -3.5040 1.0000	</row3>
				</transform>
			</node>
			<node>
				<identifier>	MP_CM029_Emergency_Box_INDEX_7	</identifier>
				<transform>
					<row0>	-0.6486 0.0000 0.7611 0.0000	</row0>
					<row1>	0.0000 1.0000 0.0000 0.0000	</row1>
					<row2>	-0.7611 0.0000 -0.6486 0.0000	</row2>
					<row3>	0.3311 0.7043 -2.4315 1.0000	</row3>
				</transform>
			</node>
			<node>
				<identifier>	MP_CM029_Emergency_Box_INDEX_8	</identifier>
				<transform>
					<row0>	0.5039 0.0000 -0.8638 0.0000	</row0>
					<row1>	0.0000 1.0000 0.0000 0.0000	</row1>
					<row2>	0.8638 0.0000 0.5039 0.0000	</row2>
					<row3>	-0.3845 0.3969 -3.5040 1.0000	</row3>
				</transform>
			</node>
			<node>
				<identifier>	MP_CM029_Emergency_Box_INDEX_9	</identifier>
				<transform>
					<row0>	0.3882 0.0000 0.9216 0.0000	</row0>
					<row1>	0.0000 1.0000 0.0000 0.0000	</row1>
					<row2>	-0.9216 0.0000 0.3882 0.0000	</row2>
					<row3>	0.6545 0.5608 -2.2935 1.0000	</row3>
				</transform>
			</node>
			<node>
				<identifier>	MP_CM030_Swab_Rack_2	</identifier>
				<transform>
					<row0>	1.0000 0.0000 0.0000 0.0000	</row0>
					<row1>	0.0000 1.0000 0.0000 0.0000	</row1>
					<row2>	0.0000 0.0000 1.0000 0.0000	</row2>
					<row3>	0.0732 0.5056 -2.2481 1.0000	</row3>
				</transform>
			</node>
			<node>
				<identifier>	MP_CM082_Rope	</identifier>
				<transform>
					<row0>	0.0000 0.0000 0.6657 0.0000	</row0>
					<row1>	0.0000 0.6657 0.0000 0.0000	</row1>
					<row2>	-0.6657 0.0000 0.0000 0.0000	</row2>
					<row3>	0.0000 2.0193 -2.4108 1.0000	</row3>
				</transform>
			</node>
			<node>
				<identifier>	MP_JM003_Searchlight_Control_1	</identifier>
				<transform>
					<row0>	0.0000 0.0000 1.0000 0.0000	</row0>
					<row1>	0.0000 1.0000 0.0000 0.0000	</row1>
					<row2>	-1.0000 0.0000 0.0000 0.0000	</row2>
					<row3>	-0.1435 1.5917 -2.2612 1.0000	</row3>
				</transform>
			</node>
			<node>
				<identifier>	MP_JM003_Searchlight_Control_1_INDEX_1	</identifier>
				<transform>
					<row0>	0.0000 0.0000 -1.0000 0.0000	</row0>
					<row1>	0.0000 1.0000 0.0000 0.0000	</row1>
					<row2>	1.0000 0.0000 0.0000 0.0000	</row2>
					<row3>	0.1435 1.5917 -2.2612 1.0000	</row3>
				</transform>
			</node>
			<node>
				<identifier>	MP_JM008_Searchlight	</identifier>
				<transform>
					<row0>	0.0000 0.0000 1.0000 0.0000	</row0>
					<row1>	0.0000 1.0000 0.0000 0.0000	</row1>
					<row2>	-1.0000 0.0000 0.0000 0.0000	</row2>
					<row3>	0.2311 1.3679 -2.2619 1.0000	</row3>
				</transform>
			</node>
			<node>
				<identifier>	MP_JM008_Searchlight_INDEX_1	</identifier>
				<transform>
					<row0>	0.0000 0.0000 -1.0000 0.0000	</row0>
					<row1>	0.0000 1.0000 0.0000 0.0000	</row1>
					<row2>	1.0000 0.0000 0.0000 0.0000	</row2>
					<row3>	-0.2311 1.3679 -2.2619 1.0000	</row3>
				</transform>
			</node>
			<node>
				<identifier>	MP_JM010_Deck_Lamp	</identifier>
				<transform>
					<row0>	1.0000 0.0000 0.0000 0.0000	</row0>
					<row1>	0.0000 1.0000 0.0000 0.0000	</row1>
					<row2>	0.0000 0.0000 1.0000 0.0000	</row2>
					<row3>	-0.1905 1.0803 -2.2307 1.0000	</row3>
				</transform>
			</node>
			<node>
				<identifier>	MP_JM010_Deck_Lamp_INDEX_1	</identifier>
				<transform>
					<row0>	1.0000 0.0000 0.0000 0.0000	</row0>
					<row1>	0.0000 1.0000 0.0000 0.0000	</row1>
					<row2>	0.0000 0.0000 1.0000 0.0000	</row2>
					<row3>	0.1905 1.0803 -2.2307 1.0000	</row3>
				</transform>
			</node>
			<node>
				<identifier>	MP_JM012_Binocular_2	</identifier>
				<transform>
					<row0>	-1.0000 0.0000 0.0000 0.0000	</row0>
					<row1>	0.0000 1.0000 0.0000 0.0000	</row1>
					<row2>	0.0000 0.0000 -1.0000 0.0000	</row2>
					<row3>	-0.1707 1.2518 -2.3446 1.0000	</row3>
				</transform>
			</node>
			<node>
				<identifier>	MP_JM012_Binocular_2_INDEX_1	</identifier>
				<transform>
					<row0>	-1.0000 0.0000 0.0000 0.0000	</row0>
					<row1>	0.0000 1.0000 0.0000 0.0000	</row1>
					<row2>	0.0000 0.0000 -1.0000 0.0000	</row2>
					<row3>	-0.2237 1.0866 -2.6327 1.0000	</row3>
				</transform>
			</node>
			<node>
				<identifier>	MP_JM012_Binocular_2_INDEX_2	</identifier>
				<transform>
					<row0>	1.0000 0.0000 0.0000 0.0000	</row0>
					<row1>	0.0000 1.0000 0.0000 0.0000	</row1>
					<row2>	0.0000 0.0000 1.0000 0.0000	</row2>
					<row3>	0.1707 1.2518 -2.3446 1.0000	</row3>
				</transform>
			</node>
			<node>
				<identifier>	MP_JM012_Binocular_2_INDEX_3	</identifier>
				<transform>
					<row0>	1.0000 0.0000 0.0000 0.0000	</row0>
					<row1>	0.0000 1.0000 0.0000 0.0000	</row1>
					<row2>	0.0000 0.0000 1.0000 0.0000	</row2>
					<row3>	0.2236 1.0866 -2.6324 1.0000	</row3>
				</transform>
			</node>
			<node>
				<identifier>	MP_JM014_Reels_2	</identifier>
				<transform>
					<row0>	0.5000 0.0000 0.8660 0.0000	</row0>
					<row1>	0.0000 1.0000 0.0000 0.0000	</row1>
					<row2>	-0.8660 0.0000 0.5000 0.0000	</row2>
					<row3>	0.4989 0.3337 -3.3615 1.0000	</row3>
				</transform>
			</node>
			<node>
				<identifier>	MP_JM014_Reels_2_INDEX_1	</identifier>
				<transform>
					<row0>	0.5000 0.0000 -0.8660 0.0000	</row0>
					<row1>	0.0000 1.0000 0.0000 0.0000	</row1>
					<row2>	0.8660 0.0000 0.5000 0.0000	</row2>
					<row3>	-0.4989 0.3337 -3.3615 1.0000	</row3>
				</transform>
			</node>
			<node>
				<identifier>	MP_JM023_Ventilators_7	</identifier>
				<transform>
					<row0>	0.0000 0.0000 1.0000 0.0000	</row0>
					<row1>	0.0000 1.0000 0.0000 0.0000	</row1>
					<row2>	-1.0000 0.0000 0.0000 0.0000	</row2>
					<row3>	-0.2605 0.4962 -3.2874 1.0000	</row3>
				</transform>
			</node>
			<node>
				<identifier>	MP_JM023_Ventilators_7_INDEX_1	</identifier>
				<transform>
					<row0>	-0.5000 0.0000 0.8660 0.0000	</row0>
					<row1>	0.0000 1.0000 0.0000 0.0000	</row1>
					<row2>	-0.8660 0.0000 -0.5000 0.0000	</row2>
					<row3>	-0.4580 0.3344 -3.4286 1.0000	</row3>
				</transform>
			</node>
			<node>
				<identifier>	MP_JM023_Ventilators_7_INDEX_10	</identifier>
				<transform>
					<row0>	0.0000 0.0000 1.0000 0.0000	</row0>
					<row1>	0.0000 1.0000 0.0000 0.0000	</row1>
					<row2>	-1.0000 0.0000 0.0000 0.0000	</row2>
					<row3>	-0.3701 0.4946 -3.4558 1.0000	</row3>
				</transform>
			</node>
			<node>
				<identifier>	MP_JM023_Ventilators_7_INDEX_11	</identifier>
				<transform>
					<row0>	-0.3836 0.0000 0.6644 0.0000	</row0>
					<row1>	0.0000 0.7672 0.0000 0.0000	</row1>
					<row2>	-0.6644 0.0000 -0.3836 0.0000	</row2>
					<row3>	-0.6299 0.3369 -3.1227 1.0000	</row3>
				</transform>
			</node>
			<node>
				<identifier>	MP_JM023_Ventilators_7_INDEX_12	</identifier>
				<transform>
					<row0>	0.0000 0.0000 -0.7803 0.0000	</row0>
					<row1>	0.0000 0.7803 0.0000 0.0000	</row1>
					<row2>	0.7803 0.0000 0.0000 0.0000	</row2>
					<row3>	0.3677 0.4945 -3.4554 1.0000	</row3>
				</transform>
			</node>
			<node>
				<identifier>	MP_JM023_Ventilators_7_INDEX_13	</identifier>
				<transform>
					<row0>	0.7295 0.0000 0.0000 0.0000	</row0>
					<row1>	0.0000 0.7295 0.0000 0.0000	</row1>
					<row2>	0.0000 0.0000 0.7295 0.0000	</row2>
					<row3>	-0.1396 0.5067 -2.2267 1.0000	</row3>
				</transform>
			</node>
			<node>
				<identifier>	MP_JM023_Ventilators_7_INDEX_14	</identifier>
				<transform>
					<row0>	0.0000 0.0000 -1.0000 0.0000	</row0>
					<row1>	0.0000 1.0000 0.0000 0.0000	</row1>
					<row2>	1.0000 0.0000 0.0000 0.0000	</row2>
					<row3>	0.3040 0.4963 -3.3219 1.0000	</row3>
				</transform>
			</node>
			<node>
				<identifier>	MP_JM023_Ventilators_7_INDEX_15	</identifier>
				<transform>
					<row0>	0.0000 0.0000 -0.7815 0.0000	</row0>
					<row1>	0.0000 0.7815 0.0000 0.0000	</row1>
					<row2>	0.7815 0.0000 0.0000 0.0000	</row2>
					<row3>	0.3714 0.3328 -3.6570 1.0000	</row3>
				</transform>
			</node>
			<node>
				<identifier>	MP_JM023_Ventilators_7_INDEX_2	</identifier>
				<transform>
					<row0>	0.0000 0.0000 -1.0000 0.0000	</row0>
					<row1>	0.0000 1.0000 0.0000 0.0000	</row1>
					<row2>	1.0000 0.0000 0.0000 0.0000	</row2>
					<row3>	0.3426 0.4949 -3.3873 1.0000	</row3>
				</transform>
			</node>
			<node>
				<identifier>	MP_JM023_Ventilators_7_INDEX_3	</identifier>
				<transform>
					<row0>	0.0000 0.0000 0.7295 0.0000	</row0>
					<row1>	0.0000 0.7295 0.0000 0.0000	</row1>
					<row2>	-0.7295 0.0000 0.0000 0.0000	</row2>
					<row3>	-0.2135 0.4968 -3.2476 1.0000	</row3>
				</transform>
			</node>
			<node>
				<identifier>	MP_JM023_Ventilators_7_INDEX_4	</identifier>
				<transform>
					<row0>	0.7295 0.0000 0.0000 0.0000	</row0>
					<row1>	0.0000 0.7295 0.0000 0.0000	</row1>
					<row2>	0.0000 0.0000 0.7295 0.0000	</row2>
					<row3>	0.2832 0.5083 -2.0655 1.0000	</row3>
				</transform>
			</node>
			<node>
				<identifier>	MP_JM023_Ventilators_7_INDEX_5	</identifier>
				<transform>
					<row0>	-0.7295 0.0000 0.0000 0.0000	</row0>
					<row1>	0.0000 0.7295 0.0000 0.0000	</row1>
					<row2>	0.0000 0.0000 -0.7295 0.0000	</row2>
					<row3>	-0.0873 0.5009 -2.7978 1.0000	</row3>
				</transform>
			</node>
			<node>
				<identifier>	MP_JM023_Ventilators_7_INDEX_6	</identifier>
				<transform>
					<row0>	-0.4200 0.0000 -0.7274 0.0000	</row0>
					<row1>	0.0000 0.8399 0.0000 0.0000	</row1>
					<row2>	0.7274 0.0000 -0.4200 0.0000	</row2>
					<row3>	0.6574 0.3368 -3.0836 1.0000	</row3>
				</transform>
			</node>
			<node>
				<identifier>	MP_JM023_Ventilators_7_INDEX_7	</identifier>
				<transform>
					<row0>	-0.5000 0.0000 -0.8660 0.0000	</row0>
					<row1>	0.0000 1.0000 0.0000 0.0000	</row1>
					<row2>	0.8660 0.0000 -0.5000 0.0000	</row2>
					<row3>	0.4383 0.3339 -3.4572 1.0000	</row3>
				</transform>
			</node>
			<node>
				<identifier>	MP_JM023_Ventilators_7_INDEX_8	</identifier>
				<transform>
					<row0>	0.0000 0.0000 0.7295 0.0000	</row0>
					<row1>	0.0000 0.7295 0.0000 0.0000	</row1>
					<row2>	-0.7295 0.0000 0.0000 0.0000	</row2>
					<row3>	-0.6370 0.5084 -2.0635 1.0000	</row3>
				</transform>
			</node>
			<node>
				<identifier>	MP_JM023_Ventilators_7_INDEX_9	</identifier>
				<transform>
					<row0>	-1.0000 0.0000 0.0000 0.0000	</row0>
					<row1>	0.0000 1.0000 0.0000 0.0000	</row1>
					<row2>	0.0000 0.0000 -1.0000 0.0000	</row2>
					<row3>	0.1617 0.3316 -3.9268 1.0000	</row3>
				</transform>
			</node>
			<node>
				<identifier>	MP_JM027_Fairlead_2	</identifier>
				<transform>
					<row0>	0.9989 0.0004 0.0479 0.0000	</row0>
					<row1>	0.0000 1.0000 -0.0079 0.0000	</row1>
					<row2>	-0.0479 0.0079 0.9988 0.0000	</row2>
					<row3>	-0.9523 0.3518 -2.8624 1.0000	</row3>
				</transform>
			</node>
			<node>
				<identifier>	MP_JM027_Fairlead_2_INDEX_1	</identifier>
				<transform>
					<row0>	0.9989 -0.0004 -0.0479 0.0000	</row0>
					<row1>	0.0000 1.0000 -0.0079 0.0000	</row1>
					<row2>	0.0479 0.0079 0.9988 0.0000	</row2>
					<row3>	0.9523 0.3518 -2.8624 1.0000	</row3>
				</transform>
			</node>
			<node>
				<identifier>	MP_JM030_Wind_Direction	</identifier>
				<transform>
					<row0>	1.0000 0.0000 0.0000 0.0000	</row0>
					<row1>	0.0000 1.0000 0.0000 0.0000	</row1>
					<row2>	0.0000 0.0000 1.0000 0.0000	</row2>
					<row3>	-0.0266 3.0510 -2.3272 1.0000	</row3>
				</transform>
			</node>
			<node>
				<identifier>	MP_JM031_Wind_Intensity	</identifier>
				<transform>
					<row0>	1.0000 0.0000 0.0000 0.0000	</row0>
					<row1>	0.0000 1.0000 0.0000 0.0000	</row1>
					<row2>	0.0000 0.0000 1.0000 0.0000	</row2>
					<row3>	0.0240 3.0506 -2.3272 1.0000	</row3>
				</transform>
			</node>
			<node>
				<identifier>	MP_JM032_Electric_Deck_Winch	</identifier>
				<transform>
					<row0>	-0.6697 0.0000 -0.7426 0.0000	</row0>
					<row1>	0.0000 1.0000 0.0000 0.0000	</row1>
					<row2>	0.7426 0.0000 -0.6697 0.0000	</row2>
					<row3>	0.2052 0.5056 -2.0718 1.0000	</row3>
				</transform>
			</node>
			<node>
				<identifier>	MP_JM037_Cutter_9m	</identifier>
				<transform>
					<row0>	0.8062 0.0033 0.5917 0.0000	</row0>
					<row1>	0.0000 1.0000 -0.0055 0.0000	</row1>
					<row2>	-0.5917 0.0045 0.8061 0.0000	</row2>
					<row3>	-0.5452 0.3532 -3.8253 1.0000	</row3>
				</transform>
			</node>
			<node>
				<identifier>	MP_JM037_Cutter_9m_INDEX_1	</identifier>
				<transform>
					<row0>	0.8062 -0.0033 -0.5917 0.0000	</row0>
					<row1>	0.0000 1.0000 -0.0055 0.0000	</row1>
					<row2>	0.5917 0.0045 0.8061 0.0000	</row2>
					<row3>	0.5452 0.3532 -3.8253 1.0000	</row3>
				</transform>
			</node>
			<node>
				<identifier>	MP_JM041_Motor_Boats_15m	</identifier>
				<transform>
					<row0>	0.0000 0.0098 1.0000 0.0000	</row0>
					<row1>	0.0000 1.0000 -0.0098 0.0000	</row1>
					<row2>	-1.0000 0.0000 0.0000 0.0000	</row2>
					<row3>	-0.0297 0.5366 -1.8537 1.0000	</row3>
				</transform>
			</node>
			<node>
				<identifier>	MP_JM055_Deck_Hatch_4	</identifier>
				<transform>
					<row0>	-1.0000 0.0000 0.0000 0.0000	</row0>
					<row1>	0.0000 1.0000 0.0000 0.0000	</row1>
					<row2>	0.0000 0.0000 -1.0000 0.0000	</row2>
					<row3>	-0.1612 0.4971 -3.0619 1.0000	</row3>
				</transform>
			</node>
			<node>
				<identifier>	MP_JM059_Deck_Hatch_8	</identifier>
				<transform>
					<row0>	0.5882 0.0000 -0.8087 0.0000	</row0>
					<row1>	0.0000 1.0000 0.0000 0.0000	</row1>
					<row2>	0.8087 0.0000 0.5882 0.0000	</row2>
					<row3>	-0.5081 0.5030 -2.5475 1.0000	</row3>
				</transform>
			</node>
			<node>
				<identifier>	MP_JM059_Deck_Hatch_8_INDEX_1	</identifier>
				<transform>
					<row0>	0.5882 0.0000 0.8087 0.0000	</row0>
					<row1>	0.0000 1.0000 0.0000 0.0000	</row1>
					<row2>	-0.8087 0.0000 0.5882 0.0000	</row2>
					<row3>	0.5081 0.5030 -2.5475 1.0000	</row3>
				</transform>
			</node>
			<node>
				<identifier>	MP_JM059_Deck_Hatch_8_INDEX_2	</identifier>
				<transform>
					<row0>	-0.1367 0.0000 -0.9906 0.0000	</row0>
					<row1>	0.0000 1.0000 0.0000 0.0000	</row1>
					<row2>	0.9906 0.0000 -0.1367 0.0000	</row2>
					<row3>	0.6888 0.5060 -2.2495 1.0000	</row3>
				</transform>
			</node>
			<node>
				<identifier>	MP_JM059_Deck_Hatch_8_INDEX_3	</identifier>
				<transform>
					<row0>	-0.1367 0.0000 0.9906 0.0000	</row0>
					<row1>	0.0000 1.0000 0.0000 0.0000	</row1>
					<row2>	-0.9906 0.0000 -0.1367 0.0000	</row2>
					<row3>	-0.6888 0.5060 -2.2495 1.0000	</row3>
				</transform>
			</node>
			<node>
				<identifier>	MP_JM059_Deck_Hatch_8_INDEX_4	</identifier>
				<transform>
					<row0>	0.5882 0.0000 0.8087 0.0000	</row0>
					<row1>	0.0000 1.0000 0.0000 0.0000	</row1>
					<row2>	-0.8087 0.0000 0.5882 0.0000	</row2>
					<row3>	0.4114 0.5016 -2.6804 1.0000	</row3>
				</transform>
			</node>
			<node>
				<identifier>	MP_JM059_Deck_Hatch_8_INDEX_5	</identifier>
				<transform>
					<row0>	0.5882 0.0000 -0.8087 0.0000	</row0>
					<row1>	0.0000 1.0000 0.0000 0.0000	</row1>
					<row2>	0.8087 0.0000 0.5882 0.0000	</row2>
					<row3>	-0.3584 0.5007 -2.7533 1.0000	</row3>
				</transform>
			</node>
			<node>
				<identifier>	MP_JM059_Deck_Hatch_8_INDEX_6	</identifier>
				<transform>
					<row0>	0.5882 0.0000 0.8087 0.0000	</row0>
					<row1>	0.0000 1.0000 0.0000 0.0000	</row1>
					<row2>	-0.8087 0.0000 0.5882 0.0000	</row2>
					<row3>	0.3584 0.5007 -2.7533 1.0000	</row3>
				</transform>
			</node>
			<node>
				<identifier>	MP_JM059_Deck_Hatch_8_INDEX_7	</identifier>
				<transform>
					<row0>	0.5882 0.0000 -0.8087 0.0000	</row0>
					<row1>	0.0000 1.0000 0.0000 0.0000	</row1>
					<row2>	0.8087 0.0000 0.5882 0.0000	</row2>
					<row3>	-0.4114 0.5016 -2.6804 1.0000	</row3>
				</transform>
			</node>
			<node>
				<identifier>	MP_JM062_Deck_Hatch_11	</identifier>
				<transform>
					<row0>	-1.0000 0.0000 0.0000 0.0000	</row0>
					<row1>	0.0000 1.0000 0.0000 0.0000	</row1>
					<row2>	0.0000 0.0000 -1.0000 0.0000	</row2>
					<row3>	-0.2803 0.3295 -3.8910 1.0000	</row3>
				</transform>
			</node>
			<node>
				<identifier>	MP_JM062_Deck_Hatch_11_INDEX_1	</identifier>
				<transform>
					<row0>	-1.0000 0.0000 0.0000 0.0000	</row0>
					<row1>	0.0000 1.0000 0.0000 0.0000	</row1>
					<row2>	0.0000 0.0000 -1.0000 0.0000	</row2>
					<row3>	0.2803 0.3295 -3.8910 1.0000	</row3>
				</transform>
			</node>
			<node>
				<identifier>	MP_JM105_Ventilators_9	</identifier>
				<transform>
					<row0>	1.0000 0.0000 0.0000 0.0000	</row0>
					<row1>	0.0000 0.9999 -0.0121 0.0000	</row1>
					<row2>	0.0000 0.0121 0.9999 0.0000	</row2>
					<row3>	-0.4026 0.4980 -2.9604 1.0000	</row3>
				</transform>
			</node>
			<node>
				<identifier>	MP_JM105_Ventilators_9_INDEX_1	</identifier>
				<transform>
					<row0>	1.0000 0.0000 0.0000 0.0000	</row0>
					<row1>	0.0000 0.9999 -0.0121 0.0000	</row1>
					<row2>	0.0000 0.0121 0.9999 0.0000	</row2>
					<row3>	0.4026 0.4980 -2.9604 1.0000	</row3>
				</transform>
			</node>
			<node>
				<identifier>	MP_JM125_Signal_Lamp_3	</identifier>
				<transform>
					<row0>	1.0000 0.0000 0.0000 0.0000	</row0>
					<row1>	0.0000 1.0000 0.0000 0.0000	</row1>
					<row2>	0.0000 0.0000 1.0000 0.0000	</row2>
					<row3>	0.0000 3.1011 -2.3270 1.0000	</row3>
				</transform>
			</node>
			<node>
				<identifier>	MP_JM127_Ventilators_11	</identifier>
				<transform>
					<row0>	0.0000 0.0000 -1.0000 0.0000	</row0>
					<row1>	0.0000 1.0000 0.0000 0.0000	</row1>
					<row2>	1.0000 0.0000 0.0000 0.0000	</row2>
					<row3>	0.3935 0.6478 -2.5923 1.0000	</row3>
				</transform>
			</node>
			<node>
				<identifier>	MP_JM127_Ventilators_11_INDEX_1	</identifier>
				<transform>
					<row0>	0.0000 0.0000 1.0000 0.0000	</row0>
					<row1>	0.0000 1.0000 0.0000 0.0000	</row1>
					<row2>	-1.0000 0.0000 0.0000 0.0000	</row2>
					<row3>	-0.4021 0.6478 -2.5512 1.0000	</row3>
				</transform>
			</node>
			<node>
				<identifier>	MP_JM135_Runway_Lights_Back	</identifier>
				<transform>
					<row0>	1.0000 0.0000 0.0000 0.0000	</row0>
					<row1>	0.0000 1.0000 0.0000 0.0000	</row1>
					<row2>	0.0000 0.0000 1.0000 0.0000	</row2>
					<row3>	0.0000 2.3580 -2.4012 1.0000	</row3>
				</transform>
			</node>
			<node>
				<identifier>	MP_JM143_Cutter_7m	</identifier>
				<transform>
					<row0>	-0.9357 0.0035 0.3528 0.0000	</row0>
					<row1>	0.0001 1.0000 -0.0097 0.0000	</row1>
					<row2>	-0.3528 -0.0090 -0.9357 0.0000	</row2>
					<row3>	-0.0348 0.5447 -0.4868 1.0000	</row3>
				</transform>
			</node>
			<node>
				<identifier>	MP_JM168_Ventilation	</identifier>
				<transform>
					<row0>	-0.2438 0.0000 -0.4223 0.0000	</row0>
					<row1>	0.0000 0.4876 0.0000 0.0000	</row1>
					<row2>	0.4223 0.0000 -0.2438 0.0000	</row2>
					<row3>	0.3460 0.3322 -3.7557 1.0000	</row3>
				</transform>
			</node>
			<node>
				<identifier>	MP_JM168_Ventilation_INDEX_1	</identifier>
				<transform>
					<row0>	-0.4287 0.0000 -0.2323 0.0000	</row0>
					<row1>	0.0000 0.4876 0.0000 0.0000	</row1>
					<row2>	0.2323 0.0000 -0.4287 0.0000	</row2>
					<row3>	-0.3450 0.3321 -3.7573 1.0000	</row3>
				</transform>
			</node>
			<node>
				<identifier>	MP_JM168_Ventilation_INDEX_2	</identifier>
				<transform>
					<row0>	-0.2438 0.0000 -0.4223 0.0000	</row0>
					<row1>	0.0000 0.4876 0.0000 0.0000	</row1>
					<row2>	0.4223 0.0000 -0.2438 0.0000	</row2>
					<row3>	-0.1703 0.3313 -3.9247 1.0000	</row3>
				</transform>
			</node>
			<node>
				<identifier>	MP_JM176_Compass_repeater	</identifier>
				<transform>
					<row0>	0.5000 0.0000 -0.8660 0.0000	</row0>
					<row1>	0.0000 1.0000 0.0000 0.0000	</row1>
					<row2>	0.8660 0.0000 0.5000 0.0000	</row2>
					<row3>	-0.1385 1.2600 -2.8390 1.0000	</row3>
				</transform>
			</node>
			<node>
				<identifier>	MP_JM176_Compass_repeater_INDEX_1	</identifier>
				<transform>
					<row0>	0.5000 0.0000 0.8660 0.0000	</row0>
					<row1>	0.0000 1.0000 0.0000 0.0000	</row1>
					<row2>	-0.8660 0.0000 0.5000 0.0000	</row2>
					<row3>	0.1385 1.2600 -2.8390 1.0000	</row3>
				</transform>
			</node>
			<node>
				<identifier>	MP_JM181_Motor_Boats_11m	</identifier>
				<transform>
					<row0>	0.8728 0.0045 0.4880 0.0000	</row0>
					<row1>	0.0002 1.0000 -0.0097 0.0000	</row1>
					<row2>	-0.4880 0.0086 0.8728 0.0000	</row2>
					<row3>	0.5407 0.5452 -0.6511 1.0000	</row3>
				</transform>
			</node>
			<node>
				<identifier>	MP_JM2001_Binocular_12cm_Yamakava	</identifier>
				<transform>
					<row0>	-1.0000 0.0000 0.0000 0.0000	</row0>
					<row1>	0.0000 1.0000 0.0000 0.0000	</row1>
					<row2>	0.0000 0.0000 -1.0000 0.0000	</row2>
					<row3>	0.0641 1.1931 -2.9069 1.0000	</row3>
				</transform>
