<BSB042_Queen_Mary_1916_MidFront_ports.visual>
	<node>
		<identifier>	Scene Root	</identifier>
		<transform>
			<row0>	1.0000 0.0000 0.0000 0.0000	</row0>
			<row1>	0.0000 1.0000 0.0000 0.0000	</row1>
			<row2>	0.0000 0.0000 1.0000 0.0000	</row2>
			<row3>	0.0000 0.0000 0.0000 1.0000	</row3>
		</transform>
		<node>
			<identifier>	MidFront_ports	</identifier>
			<transform>
				<row0>	1.0000 0.0000 0.0000 0.0000	</row0>
				<row1>	0.0000 1.0000 0.0000 0.0000	</row1>
				<row2>	0.0000 0.0000 1.0000 0.0000	</row2>
				<row3>	0.0000 0.0000 0.0000 1.0000	</row3>
			</transform>
			<node>
				<identifier>	HP_BD_1	</identifier>
				<transform>
					<row0>	1.0000 0.0000 0.0000 0.0000	</row0>
					<row1>	0.0000 1.0000 0.0000 0.0000	</row1>
					<row2>	0.0000 0.0000 1.0000 0.0000	</row2>
					<row3>	0.0000 0.9769 2.4467 1.0000	</row3>
				</transform>
			</node>
			<node>
				<identifier>	HP_BGA_1	</identifier>
				<transform>
					<row0>	0.7071 0.0000 0.7071 0.0000	</row0>
					<row1>	0.0000 1.0000 0.0000 0.0000	</row1>
					<row2>	-0.7071 0.0000 0.7071 0.0000	</row2>
					<row3>	-0.4926 0.5998 2.4902 1.0000	</row3>
				</transform>
			</node>
			<node>
				<identifier>	HP_BGA_2	</identifier>
				<transform>
					<row0>	0.7071 0.0000 -0.7071 0.0000	</row0>
					<row1>	0.0000 1.0000 0.0000 0.0000	</row1>
					<row2>	0.7071 0.0000 0.7071 0.0000	</row2>
					<row3>	0.4926 0.5998 2.4902 1.0000	</row3>
				</transform>
			</node>
			<node>
				<identifier>	HP_BGA_3	</identifier>
				<transform>
					<row0>	0.0000 0.0000 1.0000 0.0000	</row0>
					<row1>	0.0000 1.0000 0.0000 0.0000	</row1>
					<row2>	-1.0000 0.0000 0.0000 0.0000	</row2>
					<row3>	-0.6402 0.5998 2.0361 1.0000	</row3>
				</transform>
			</node>
			<node>
				<identifier>	HP_BGA_4	</identifier>
				<transform>
					<row0>	0.0000 0.0000 -1.0000 0.0000	</row0>
					<row1>	0.0000 1.0000 0.0000 0.0000	</row1>
					<row2>	1.0000 0.0000 0.0000 0.0000	</row2>
					<row3>	0.6402 0.5998 2.0361 1.0000	</row3>
				</transform>
			</node>
			<node>
				<identifier>	HP_BGM_2	</identifier>
				<transform>
					<row0>	1.0000 0.0000 0.0000 0.0000	</row0>
					<row1>	0.0000 1.0000 0.0000 0.0000	</row1>
					<row2>	0.0000 0.0000 1.0000 0.0000	</row2>
					<row3>	0.0000 0.7323 3.1870 1.0000	</row3>
				</transform>
			</node>
			<node>
				<identifier>	HP_BGM_3	</identifier>
				<transform>
					<row0>	-1.0000 0.0000 0.0000 0.0000	</row0>
					<row1>	0.0000 1.0000 0.0000 0.0000	</row1>
					<row2>	0.0000 0.0000 -1.0000 0.0000	</row2>
					<row3>	0.0000 0.5005 -0.5742 1.0000	</row3>
				</transform>
			</node>
			<node>
				<identifier>	HP_BGS_1	</identifier>
				<transform>
					<row0>	1.0000 0.0000 0.0000 0.0000	</row0>
					<row1>	0.0000 1.0000 0.0000 0.0000	</row1>
					<row2>	0.0000 0.0000 1.0000 0.0000	</row2>
					<row3>	-0.3380 0.4922 2.9369 1.0000	</row3>
				</transform>
			</node>
			<node>
				<identifier>	HP_BGS_2	</identifier>
				<transform>
					<row0>	1.0000 0.0000 0.0000 0.0000	</row0>
					<row1>	0.0000 1.0000 0.0000 0.0000	</row1>
					<row2>	0.0000 0.0000 1.0000 0.0000	</row2>
					<row3>	0.3380 0.4922 2.9369 1.0000	</row3>
				</transform>
			</node>
			<node>
				<identifier>	HP_BGS_3	</identifier>
				<transform>
					<row0>	1.0000 0.0000 0.0000 0.0000	</row0>
					<row1>	0.0000 1.0000 0.0000 0.0000	</row1>
					<row2>	0.0000 0.0000 1.0000 0.0000	</row2>
					<row3>	-0.5039 0.4851 2.6178 1.0000	</row3>
				</transform>
			</node>
			<node>
				<identifier>	HP_BGS_4	</identifier>
				<transform>
					<row0>	1.0000 0.0000 0.0000 0.0000	</row0>
					<row1>	0.0000 1.0000 0.0000 0.0000	</row1>
					<row2>	0.0000 0.0000 1.0000 0.0000	</row2>
					<row3>	0.5039 0.4851 2.6178 1.0000	</row3>
				</transform>
			</node>
			<node>
				<identifier>	HP_BGS_5	</identifier>
				<transform>
					<row0>	1.0000 0.0000 0.0000 0.0000	</row0>
					<row1>	0.0000 1.0000 0.0000 0.0000	</row1>
					<row2>	0.0000 0.0000 1.0000 0.0000	</row2>
					<row3>	-0.6734 0.4816 2.2923 1.0000	</row3>
				</transform>
			</node>
			<node>
				<identifier>	HP_BGS_6	</identifier>
				<transform>
					<row0>	1.0000 0.0000 0.0000 0.0000	</row0>
					<row1>	0.0000 1.0000 0.0000 0.0000	</row1>
					<row2>	0.0000 0.0000 1.0000 0.0000	</row2>
					<row3>	0.6734 0.4816 2.2923 1.0000	</row3>
				</transform>
			</node>
			<node>
				<identifier>	HP_BGS_7	</identifier>
				<transform>
					<row0>	0.8660 0.0000 0.5000 0.0000	</row0>
					<row1>	0.0000 1.0000 0.0000 0.0000	</row1>
					<row2>	-0.5000 0.0000 0.8660 0.0000	</row2>
					<row3>	-0.7201 0.4816 1.9680 1.0000	</row3>
				</transform>
			</node>
			<node>
				<identifier>	HP_BGS_8	</identifier>
				<transform>
					<row0>	0.8660 0.0000 -0.5000 0.0000	</row0>
					<row1>	0.0000 1.0000 0.0000 0.0000	</row1>
					<row2>	0.5000 0.0000 0.8660 0.0000	</row2>
					<row3>	0.7201 0.4816 1.9680 1.0000	</row3>
				</transform>
			</node>
			<node>
				<identifier>	HP_FX_Death_2	</identifier>
				<transform>
					<row0>	1.0000 0.0000 0.0000 0.0000	</row0>
					<row1>	0.0000 1.0000 0.0000 0.0000	</row1>
					<row2>	0.0000 0.0000 1.0000 0.0000	</row2>
					<row3>	0.0000 -0.0035 -0.1958 1.0000	</row3>
				</transform>
			</node>
			<node>
				<identifier>	HP_FX_Fire_2	</identifier>
				<transform>
					<row0>	1.0000 0.0000 0.0000 0.0000	</row0>
					<row1>	0.0000 1.0000 0.0000 0.0000	</row1>
					<row2>	0.0000 0.0000 1.0000 0.0000	</row2>
					<row3>	0.0000 0.5286 1.1200 1.0000	</row3>
				</transform>
			</node>
			<node>
				<identifier>	HP_FX_Fire_2_side_1	</identifier>
				<transform>
					<row0>	0.9986 0.0000 -0.0531 0.0000	</row0>
					<row1>	0.0000 1.0000 0.0000 0.0000	</row1>
					<row2>	0.0531 0.0000 0.9986 0.0000	</row2>
					<row3>	-0.6300 0.6004 2.1927 1.0000	</row3>
				</transform>
			</node>
			<node>
				<identifier>	HP_FX_Fire_2_side_2	</identifier>
				<transform>
					<row0>	0.9971 0.0000 0.0763 0.0000	</row0>
					<row1>	0.0000 1.0000 0.0000 0.0000	</row1>
					<row2>	-0.0763 0.0000 0.9971 0.0000	</row2>
					<row3>	0.6678 0.4324 0.2050 1.0000	</row3>
				</transform>
			</node>
			<node>
				<identifier>	HP_FX_Fire_2_side_3	</identifier>
				<transform>
					<row0>	0.9971 0.0000 0.0763 0.0000	</row0>
					<row1>	0.0000 1.0000 0.0000 0.0000	</row1>
					<row2>	-0.0763 0.0000 0.9971 0.0000	</row2>
					<row3>	-0.6637 0.4642 -0.1688 1.0000	</row3>
				</transform>
			</node>
			<node>
				<identifier>	HP_FX_Fire_5	</identifier>
				<transform>
					<row0>	1.0000 0.0000 0.0000 0.0000	</row0>
					<row1>	0.0000 1.0000 0.0000 0.0000	</row1>
					<row2>	0.0000 0.0000 1.0000 0.0000	</row2>
					<row3>	0.0000 0.5122 0.9974 1.0000	</row3>
				</transform>
			</node>
			<node>
				<identifier>	HP_FX_Fire_5_2	</identifier>
				<transform>
					<row0>	1.0000 0.0000 0.0000 0.0000	</row0>
					<row1>	0.0000 1.0000 0.0000 0.0000	</row1>
					<row2>	0.0000 0.0000 1.0000 0.0000	</row2>
					<row3>	0.0000 0.4712 0.1517 1.0000	</row3>
				</transform>
			</node>
			<node>
				<identifier>	HP_FX_FloodLight_left_1	</identifier>
				<transform>
					<row0>	-0.9163 0.0000 0.4005 0.0000	</row0>
					<row1>	0.0000 1.0000 0.0000 0.0000	</row1>
					<row2>	-0.4005 0.0000 -0.9163 0.0000	</row2>
					<row3>	-0.4918 0.7026 1.9300 1.0000	</row3>
				</transform>
			</node>
			<node>
				<identifier>	HP_FX_FloodLight_right_1	</identifier>
				<transform>
					<row0>	0.9233 0.0000 0.3840 0.0000	</row0>
					<row1>	0.0000 1.0000 0.0000 0.0000	</row1>
					<row2>	-0.3840 0.0000 0.9233 0.0000	</row2>
					<row3>	0.4918 0.7026 1.9300 1.0000	</row3>
				</transform>
			</node>
			<node>
				<identifier>	HP_FX_Flood_steam_1	</identifier>
				<transform>
					<row0>	0.9300 -0.3677 0.0000 0.0000	</row0>
					<row1>	0.3175 0.8029 -0.5045 0.0000	</row1>
					<row2>	0.1855 0.4691 0.8634 0.0000	</row2>
					<row3>	0.0310 1.4225 1.3064 1.0000	</row3>
				</transform>
			</node>
			<node>
				<identifier>	HP_FX_Flood_steam_2	</identifier>
				<transform>
					<row0>	0.9677 0.2521 0.0000 0.0000	</row0>
					<row1>	-0.2203 0.8457 -0.4861 0.0000	</row1>
					<row2>	-0.1226 0.4704 0.8739 0.0000	</row2>
					<row3>	-0.0330 1.4243 0.2209 1.0000	</row3>
				</transform>
			</node>
			<node>
				<identifier>	HP_FX_Flood_steam_left	</identifier>
				<transform>
					<row0>	-1.0000 0.0000 0.0000 0.0000	</row0>
					<row1>	0.0000 1.0000 0.0000 0.0000	</row1>
					<row2>	0.0000 0.0000 -1.0000 0.0000	</row2>
					<row3>	-0.7264 0.3592 3.1431 1.0000	</row3>
				</transform>
			</node>
			<node>
				<identifier>	HP_FX_RepairLight_right_1	</identifier>
				<transform>
					<row0>	0.0862 0.0000 -0.9963 0.0000	</row0>
					<row1>	-0.0269 0.9996 -0.0023 0.0000	</row1>
					<row2>	0.9959 0.0270 0.0861 0.0000	</row2>
					<row3>	0.7262 0.4338 3.1675 1.0000	</row3>
				</transform>
			</node>
			<node>
				<identifier>	HP_FX_Smoke_1	</identifier>
				<transform>
					<row0>	1.0000 0.0000 0.0000 0.0000	</row0>
					<row1>	0.0000 0.9945 -0.1045 0.0000	</row1>
					<row2>	0.0000 0.1045 0.9945 0.0000	</row2>
					<row3>	0.0000 1.5269 1.5242 1.0000	</row3>
				</transform>
			</node>
			<node>
				<identifier>	HP_FX_Smoke_2	</identifier>
				<transform>
					<row0>	1.0000 0.0000 0.0000 0.0000	</row0>
					<row1>	0.0000 0.9945 -0.1045 0.0000	</row1>
					<row2>	0.0000 0.1045 0.9945 0.0000	</row2>
					<row3>	0.0000 1.5309 0.4968 1.0000	</row3>
				</transform>
			</node>
			<node>
				<identifier>	HP_Ship_death_2	</identifier>
				<transform>
					<row0>	1.0000 0.0000 0.0000 0.0000	</row0>
					<row1>	0.0000 1.0000 0.0000 0.0000	</row1>
					<row2>	0.0000 0.0000 1.0000 0.0000	</row2>
					<row3>	0.0000 0.0000 -1.2751 1.0000	</row3>
				</transform>
			</node>
			<node>
				<identifier>	HP_flag_1	</identifier>
				<transform>
					<row0>	0.9999 0.0126 0.0000 0.0000	</row0>
					<row1>	-0.0126 0.9999 0.0098 0.0000	</row1>
					<row2>	0.0000 -0.0098 1.0000 0.0000	</row2>
					<row3>	0.2734 2.8344 1.7639 1.0000	</row3>
				</transform>
			</node>
			<node>
				<identifier>	HP_flag_2	</identifier>
				<transform>
					<row0>	0.9999 -0.0126 0.0000 0.0000	</row0>
					<row1>	0.0126 0.9999 0.0098 0.0000	</row1>
					<row2>	0.0000 -0.0098 1.0000 0.0000	</row2>
					<row3>	-0.2734 2.8344 1.7639 1.0000	</row3>
				</transform>
			</node>
			<node>
				<identifier>	HP_flag_3	</identifier>
				<transform>
					<row0>	0.9982 0.0602 0.0003 0.0000	</row0>
					<row1>	-0.0602 0.9981 0.0098 0.0000	</row1>
					<row2>	0.0003 -0.0098 1.0000 0.0000	</row2>
					<row3>	0.1316 2.8345 1.7639 1.0000	</row3>
				</transform>
			</node>
			<node>
				<identifier>	HP_flag_4	</identifier>
				<transform>
					<row0>	0.9982 -0.0602 -0.0003 0.0000	</row0>
					<row1>	0.0602 0.9981 0.0098 0.0000	</row1>
					<row2>	-0.0003 -0.0098 1.0000 0.0000	</row2>
					<row3>	-0.1316 2.8345 1.7639 1.0000	</row3>
				</transform>
			</node>
			<node>
				<identifier>	HP_flag_courtesy	</identifier>
				<transform>
					<row0>	0.9993 -0.0365 -0.0002 0.0000	</row0>
					<row1>	0.0365 0.9993 0.0098 0.0000	</row1>
					<row2>	-0.0002 -0.0098 1.0000 0.0000	</row2>
					<row3>	0.3948 2.8666 1.7637 1.0000	</row3>
				</transform>
			</node>
			<node>
				<identifier>	HP_flag_house	</identifier>
				<transform>
					<row0>	0.9993 0.0365 0.0002 0.0000	</row0>
					<row1>	-0.0365 0.9993 0.0098 0.0000	</row1>
					<row2>	0.0002 -0.0098 1.0000 0.0000	</row2>
					<row3>	-0.3948 2.8666 1.7637 1.0000	</row3>
				</transform>
			</node>
			<node>
				<identifier>	HP_flag_rank	</identifier>
				<transform>
					<row0>	1.0000 0.0000 0.0000 0.0000	</row0>
					<row1>	0.0000 0.9990 -0.0452 0.0000	</row1>
					<row2>	0.0000 0.0452 0.9990 0.0000	</row2>
					<row3>	0.0000 3.2044 1.6456 1.0000	</row3>
				</transform>
			</node>
			<node>
				<identifier>	MP_BM004_Reels	</identifier>
				<transform>
					<row0>	-0.1058 0.0000 -0.5179 0.0000	</row0>
					<row1>	0.0000 0.5285 0.0000 0.0000	</row1>
					<row2>	0.5179 0.0000 -0.1058 0.0000	</row2>
					<row3>	-0.2284 0.4427 0.7610 1.0000	</row3>
				</transform>
			</node>
			<node>
				<identifier>	MP_BM004_Reels_INDEX_1	</identifier>
				<transform>
					<row0>	-0.1542 0.0000 -0.7552 0.0000	</row0>
					<row1>	0.0000 0.7708 0.0000 0.0000	</row1>
					<row2>	0.7552 0.0000 -0.1542 0.0000	</row2>
					<row3>	-0.2237 0.4423 0.8396 1.0000	</row3>
				</transform>
			</node>
			<node>
				<identifier>	MP_BM004_Reels_INDEX_2	</identifier>
				<transform>
					<row0>	1.0000 0.0000 0.0000 0.0000	</row0>
					<row1>	0.0000 1.0000 0.0000 0.0000	</row1>
					<row2>	0.0000 0.0000 1.0000 0.0000	</row2>
					<row3>	0.0873 0.6004 1.9251 1.0000	</row3>
				</transform>
			</node>
			<node>
				<identifier>	MP_BM004_Reels_INDEX_3	</identifier>
				<transform>
					<row0>	-0.1542 0.0000 0.7552 0.0000	</row0>
					<row1>	0.0000 0.7708 0.0000 0.0000	</row1>
					<row2>	-0.7552 0.0000 -0.1542 0.0000	</row2>
					<row3>	0.2237 0.4423 0.8336 1.0000	</row3>
				</transform>
			</node>
			<node>
				<identifier>	MP_BM004_Reels_INDEX_4	</identifier>
				<transform>
					<row0>	1.0000 0.0000 0.0000 0.0000	</row0>
					<row1>	0.0000 1.0000 0.0000 0.0000	</row1>
					<row2>	0.0000 0.0000 1.0000 0.0000	</row2>
					<row3>	-0.1149 0.6004 1.9251 1.0000	</row3>
				</transform>
			</node>
			<node>
				<identifier>	MP_BM004_Reels_INDEX_5	</identifier>
				<transform>
					<row0>	0.0000 0.0000 1.0000 0.0000	</row0>
					<row1>	0.0000 1.0000 0.0000 0.0000	</row1>
					<row2>	-1.0000 0.0000 0.0000 0.0000	</row2>
					<row3>	0.1834 0.6004 2.2583 1.0000	</row3>
				</transform>
			</node>
			<node>
				<identifier>	MP_BM004_Reels_INDEX_6	</identifier>
				<transform>
					<row0>	0.0000 0.0000 1.0000 0.0000	</row0>
					<row1>	0.0000 1.0000 0.0000 0.0000	</row1>
					<row2>	-1.0000 0.0000 0.0000 0.0000	</row2>
					<row3>	-0.1716 0.6004 2.2535 1.0000	</row3>
				</transform>
			</node>
			<node>
				<identifier>	MP_BM037_Sounding_Machine	</identifier>
				<transform>
					<row0>	1.0000 0.0000 0.0000 0.0000	</row0>
					<row1>	0.0000 1.0000 0.0000 0.0000	</row1>
					<row2>	0.0000 0.0000 1.0000 0.0000	</row2>
					<row3>	-0.3478 0.8750 2.1451 1.0000	</row3>
				</transform>
			</node>
			<node>
				<identifier>	MP_BM037_Sounding_Machine_INDEX_1	</identifier>
				<transform>
					<row0>	1.0000 0.0000 0.0000 0.0000	</row0>
					<row1>	0.0000 1.0000 0.0000 0.0000	</row1>
					<row2>	0.0000 0.0000 1.0000 0.0000	</row2>
					<row3>	0.3478 0.8750 2.1451 1.0000	</row3>
				</transform>
			</node>
			<node>
				<identifier>	MP_BM2950_Coaling_Winch_R	</identifier>
				<transform>
					<row0>	0.4946 -0.0089 0.8690 0.0000	</row0>
					<row1>	-0.0059 0.9999 0.0136 0.0000	</row1>
					<row2>	-0.8691 -0.0119 0.4945 0.0000	</row2>
					<row3>	0.3476 0.4371 0.5074 1.0000	</row3>
				</transform>
			</node>
			<node>
				<identifier>	MP_BM2950_Coaling_Winch_R_INDEX_1	</identifier>
				<transform>
					<row0>	0.0000 0.0089 1.0000 0.0000	</row0>
					<row1>	-0.0119 0.9999 -0.0089 0.0000	</row1>
					<row2>	-0.9999 -0.0119 0.0001 0.0000	</row2>
					<row3>	0.2529 0.4541 3.4915 1.0000	</row3>
				</transform>
			</node>
			<node>
				<identifier>	MP_BM2950_Coaling_Winch_R_INDEX_2	</identifier>
				<transform>
					<row0>	1.0000 -0.0089 0.0000 0.0000	</row0>
					<row1>	0.0089 0.9999 0.0119 0.0000	</row1>
					<row2>	-0.0001 -0.0119 0.9999 0.0000	</row2>
					<row3>	0.3710 0.4377 1.6680 1.0000	</row3>
				</transform>
			</node>
			<node>
				<identifier>	MP_BM2950_Coaling_Winch_R_INDEX_3	</identifier>
				<transform>
					<row0>	1.0000 0.0089 0.0000 0.0000	</row0>
					<row1>	-0.0089 0.9999 0.0119 0.0000	</row1>
					<row2>	0.0001 -0.0119 0.9999 0.0000	</row2>
					<row3>	-0.3855 0.4377 1.6680 1.0000	</row3>
				</transform>
			</node>
			<node>
				<identifier>	MP_BM2950_Coaling_Winch_R_INDEX_4	</identifier>
				<transform>
					<row0>	0.0000 -0.0089 -1.0000 0.0000	</row0>
					<row1>	0.0119 0.9999 -0.0089 0.0000	</row1>
					<row2>	0.9999 -0.0119 0.0001 0.0000	</row2>
					<row3>	-0.2529 0.4541 3.4915 1.0000	</row3>
				</transform>
			</node>
			<node>
				<identifier>	MP_BM2950_Coaling_Winch_R_INDEX_5	</identifier>
				<transform>
					<row0>	0.4946 0.0089 -0.8690 0.0000	</row0>
					<row1>	0.0059 0.9999 0.0136 0.0000	</row1>
					<row2>	0.8691 -0.0119 0.4945 0.0000	</row2>
					<row3>	-0.3476 0.4371 0.5074 1.0000	</row3>
				</transform>
			</node>
			<node>
				<identifier>	MP_BM500_GIG_30ft	</identifier>
				<transform>
					<row0>	0.0000 0.0000 1.0000 0.0000	</row0>
					<row1>	0.0000 1.0000 0.0000 0.0000	</row1>
					<row2>	-1.0000 0.0000 0.0000 0.0000	</row2>
					<row3>	-0.0135 0.5980 1.1030 1.0000	</row3>
				</transform>
			</node>
			<node>
				<identifier>	MP_BM500_GIG_30ft_INDEX_1	</identifier>
				<transform>
					<row0>	0.0000 0.0000 1.0000 0.0000	</row0>
					<row1>	0.0000 1.0000 0.0000 0.0000	</row1>
					<row2>	-1.0000 0.0000 0.0000 0.0000	</row2>
					<row3>	-0.0135 0.5980 0.9601 1.0000	</row3>
				</transform>
			</node>
			<node>
				<identifier>	MP_BM515_Balsa_Raft	</identifier>
				<transform>
					<row0>	0.0000 0.0000 1.3457 0.0000	</row0>
					<row1>	0.0000 1.3457 0.0000 0.0000	</row1>
					<row2>	-1.3457 0.0000 0.0000 0.0000	</row2>
					<row3>	0.3460 0.5896 0.7661 1.0000	</row3>
				</transform>
			</node>
			<node>
				<identifier>	MP_BM519_Motor_Whaler_27ft	</identifier>
				<transform>
					<row0>	1.0000 0.0000 0.0000 0.0000	</row0>
					<row1>	0.0000 1.0000 0.0000 0.0000	</row1>
					<row2>	0.0000 0.0000 1.0000 0.0000	</row2>
					<row3>	-0.3813 0.8145 1.4173 1.0000	</row3>
				</transform>
			</node>
			<node>
				<identifier>	MP_BM519_Motor_Whaler_27ft_INDEX_1	</identifier>
				<transform>
					<row0>	1.0000 0.0000 0.0000 0.0000	</row0>
					<row1>	0.0000 1.0000 0.0000 0.0000	</row1>
					<row2>	0.0000 0.0000 1.0000 0.0000	</row2>
					<row3>	0.3807 0.7118 1.3803 1.0000	</row3>
				</transform>
			</node>
			<node>
				<identifier>	MP_BM528_Dinghy_16ft	</identifier>
				<transform>
					<row0>	1.0000 0.0000 0.0000 0.0000	</row0>
					<row1>	0.0000 1.0000 0.0000 0.0000	</row1>
					<row2>	0.0000 0.0000 1.0000 0.0000	</row2>
					<row3>	-0.3816 0.5989 0.8302 1.0000	</row3>
				</transform>
			</node>
			<node>
				<identifier>	MP_BM541_32ft_Motor_Cutter	</identifier>
				<transform>
					<row0>	1.0562 0.0002 0.0038 0.0000	</row0>
					<row1>	-0.0002 1.0562 0.0019 0.0000	</row1>
					<row2>	-0.0038 -0.0019 1.0562 0.0000	</row2>
					<row3>	0.3837 0.5930 1.3871 1.0000	</row3>
				</transform>
			</node>
			<node>
				<identifier>	MP_BM541_32ft_Motor_Cutter_INDEX_1	</identifier>
				<transform>
					<row0>	1.0493 0.0002 -0.1204 0.0000	</row0>
					<row1>	0.0000 1.0562 0.0019 0.0000	</row1>
					<row2>	0.1204 -0.0019 1.0493 0.0000	</row2>
					<row3>	0.5651 0.4385 1.2821 1.0000	</row3>
				</transform>
			</node>
			<node>
				<identifier>	MP_BM541_32ft_Motor_Cutter_INDEX_2	</identifier>
				<transform>
					<row0>	1.0562 -0.0002 -0.0038 0.0000	</row0>
					<row1>	0.0002 1.0562 0.0019 0.0000	</row1>
					<row2>	0.0038 -0.0019 1.0562 0.0000	</row2>
					<row3>	-0.3925 0.5930 1.3871 1.0000	</row3>
				</transform>
			</node>
			<node>
				<identifier>	MP_BM541_32ft_Motor_Cutter_INDEX_3	</identifier>
				<transform>
					<row0>	1.0493 -0.0002 0.1204 0.0000	</row0>
					<row1>	0.0000 1.0562 0.0019 0.0000	</row1>
					<row2>	-0.1204 -0.0019 1.0493 0.0000	</row2>
					<row3>	-0.5651 0.4385 1.2821 1.0000	</row3>
				</transform>
			</node>
			<node>
				<identifier>	MP_BM541_32ft_Motor_Cutter_INDEX_4	</identifier>
				<transform>
					<row0>	0.9209 -0.0001 -0.0034 0.0000	</row0>
					<row1>	0.0002 0.9209 0.0016 0.0000	</row1>
					<row2>	0.0034 -0.0017 0.9209 0.0000	</row2>
					<row3>	-0.3930 0.7011 1.3984 1.0000	</row3>
				</transform>
			</node>
			<node>
				<identifier>	MP_BM602_Pelorus	</identifier>
				<transform>
					<row0>	1.0000 0.0000 0.0000 0.0000	</row0>
					<row1>	0.0000 1.0000 0.0000 0.0000	</row1>
					<row2>	0.0000 0.0000 1.0000 0.0000	</row2>
					<row3>	0.0000 1.3651 2.1921 1.0000	</row3>
				</transform>
			</node>
			<node>
				<identifier>	MP_BM603_Compass_Binnacle	</identifier>
				<transform>
					<row0>	1.0000 0.0000 0.0000 0.0000	</row0>
					<row1>	0.0000 1.0000 0.0000 0.0000	</row1>
					<row2>	0.0000 0.0000 1.0000 0.0000	</row2>
					<row3>	0.0000 1.3651 2.2982 1.0000	</row3>
				</transform>
			</node>
			<node>
				<identifier>	MP_BM604_Voice_Tube	</identifier>
				<transform>
					<row0>	1.0000 0.0000 0.0000 0.0000	</row0>
					<row1>	0.0000 1.0000 0.0000 0.0000	</row1>
					<row2>	0.0000 0.0000 1.0000 0.0000	</row2>
					<row3>	-0.0472 1.3651 2.2772 1.0000	</row3>
				</transform>
			</node>
			<node>
				<identifier>	MP_BM604_Voice_Tube_INDEX_1	</identifier>
				<transform>
					<row0>	0.0000 0.0000 1.0000 0.0000	</row0>
					<row1>	0.0000 1.0000 0.0000 0.0000	</row1>
					<row2>	-1.0000 0.0000 0.0000 0.0000	</row2>
					<row3>	-0.2120 1.3410 2.0642 1.0000	</row3>
				</transform>
			</node>
			<node>
				<identifier>	MP_BM604_Voice_Tube_INDEX_2	</identifier>
				<transform>
					<row0>	0.0000 0.0000 -1.0000 0.0000	</row0>
					<row1>	0.0000 1.0000 0.0000 0.0000	</row1>
					<row2>	1.0000 0.0000 0.0000 0.0000	</row2>
					<row3>	0.2102 0.9737 1.8555 1.0000	</row3>
				</transform>
			</node>
			<node>
				<identifier>	MP_BM604_Voice_Tube_INDEX_3	</identifier>
				<transform>
					<row0>	0.0000 0.0000 -1.0000 0.0000	</row0>
					<row1>	0.0000 1.0000 0.0000 0.0000	</row1>
					<row2>	1.0000 0.0000 0.0000 0.0000	</row2>
					<row3>	0.2120 1.3410 2.0642 1.0000	</row3>
				</transform>
			</node>
			<node>
				<identifier>	MP_BM604_Voice_Tube_INDEX_4	</identifier>
				<transform>
					<row0>	0.0000 0.0000 1.0000 0.0000	</row0>
					<row1>	0.0000 1.0000 0.0000 0.0000	</row1>
					<row2>	-1.0000 0.0000 0.0000 0.0000	</row2>
					<row3>	-0.2107 1.1564 1.8555 1.0000	</row3>
				</transform>
			</node>
			<node>
				<identifier>	MP_BM604_Voice_Tube_INDEX_5	</identifier>
				<transform>
					<row0>	1.0000 0.0000 -0.0041 0.0000	</row0>
					<row1>	0.0000 1.0000 0.0000 0.0000	</row1>
					<row2>	0.0041 0.0000 1.0000 0.0000	</row2>
					<row3>	0.0267 1.8685 1.9288 1.0000	</row3>
				</transform>
			</node>
			<node>
				<identifier>	MP_BM604_Voice_Tube_INDEX_6	</identifier>
				<transform>
					<row0>	0.0000 0.0000 1.0000 0.0000	</row0>
					<row1>	0.0000 1.0000 0.0000 0.0000	</row1>
					<row2>	-1.0000 0.0000 0.0000 0.0000	</row2>
					<row3>	-0.2102 0.9737 1.8555 1.0000	</row3>
				</transform>
			</node>
			<node>
				<identifier>	MP_BM604_Voice_Tube_INDEX_7	</identifier>
				<transform>
					<row0>	1.0000 0.0000 0.0000 0.0000	</row0>
					<row1>	0.0000 1.0000 0.0000 0.0000	</row1>
					<row2>	0.0000 0.0000 1.0000 0.0000	</row2>
					<row3>	0.0244 1.3651 2.2065 1.0000	</row3>
				</transform>
			</node>
			<node>
				<identifier>	MP_BM604_Voice_Tube_INDEX_8	</identifier>
				<transform>
					<row0>	0.0000 0.0000 -1.0000 0.0000	</row0>
					<row1>	0.0000 1.0000 0.0000 0.0000	</row1>
					<row2>	1.0000 0.0000 0.0000 0.0000	</row2>
					<row3>	0.2107 1.1564 1.8555 1.0000	</row3>
				</transform>
			</node>
			<node>
				<identifier>	MP_BM604_Voice_Tube_INDEX_9	</identifier>
				<transform>
					<row0>	1.0000 0.0000 0.0000 0.0000	</row0>
					<row1>	0.0000 1.0000 0.0000 0.0000	</row1>
					<row2>	0.0000 0.0000 1.0000 0.0000	</row2>
					<row3>	0.0472 1.3651 2.2772 1.0000	</row3>
				</transform>
			</node>
			<node>
				<identifier>	MP_BM611_Telephone	</identifier>
				<transform>
					<row0>	0.0000 0.0000 1.0000 0.0000	</row0>
					<row1>	0.0000 1.0000 0.0000 0.0000	</row1>
					<row2>	-1.0000 0.0000 0.0000 0.0000	</row2>
					<row3>	0.0257 1.9539 1.8294 1.0000	</row3>
				</transform>
			</node>
			<node>
				<identifier>	MP_BM611_Telephone_INDEX_1	</identifier>
				<transform>
					<row0>	0.2626 0.0000 -0.9649 0.0000	</row0>
					<row1>	0.0000 1.0000 0.0000 0.0000	</row1>
					<row2>	0.9649 0.0000 0.2626 0.0000	</row2>
					<row3>	-0.0247 1.9539 1.8247 1.0000	</row3>
				</transform>
			</node>
			<node>
				<identifier>	MP_BM611_Telephone_INDEX_2	</identifier>
				<transform>
					<row0>	1.0000 0.0000 0.0000 0.0000	</row0>
					<row1>	0.0000 1.0000 0.0000 0.0000	</row1>
					<row2>	0.0000 0.0000 1.0000 0.0000	</row2>
					<row3>	0.0551 1.2503 2.0462 1.0000	</row3>
				</transform>
			</node>
			<node>
				<identifier>	MP_BM628_Dumaresq	</identifier>
				<transform>
					<row0>	1.0000 0.0000 0.0000 0.0000	</row0>
					<row1>	0.0000 1.0000 0.0000 0.0000	</row1>
					<row2>	0.0000 0.0000 1.0000 0.0000	</row2>
					<row3>	-0.0446 1.9308 1.8877 1.0000	</row3>
				</transform>
			</node>
			<node>
				<identifier>	MP_BM628_Dumaresq_INDEX_1	</identifier>
				<transform>
					<row0>	1.0000 0.0000 0.0000 0.0000	</row0>
					<row1>	0.0000 1.0000 0.0000 0.0000	</row1>
					<row2>	0.0000 0.0000 1.0000 0.0000	</row2>
					<row3>	0.0446 1.9308 1.8877 1.0000	</row3>
				</transform>
			</node>
			<node>
				<identifier>	MP_BM705_Ammunition_Box	</identifier>
				<transform>
					<row0>	1.0000 0.0000 0.0000 0.0000	</row0>
					<row1>	0.0000 1.0000 0.0000 0.0000	</row1>
					<row2>	0.0000 0.0000 1.0000 0.0000	</row2>
					<row3>	0.3371 0.5894 0.8741 1.0000	</row3>
				</transform>
			</node>
			<node>
				<identifier>	MP_BM705_Ammunition_Box_INDEX_1	</identifier>
				<transform>
					<row0>	0.8979 0.0000 0.4403 0.0000	</row0>
					<row1>	0.0000 1.0000 0.0000 0.0000	</row1>
					<row2>	-0.4403 0.0000 0.8979 0.0000	</row2>
					<row3>	0.5079 0.5997 1.9489 1.0000	</row3>
				</transform>
			</node>
			<node>
				<identifier>	MP_BM705_Ammunition_Box_INDEX_2	</identifier>
				<transform>
					<row0>	1.0000 0.0000 0.0000 0.0000	</row0>
					<row1>	0.0000 1.0000 0.0000 0.0000	</row1>
					<row2>	0.0000 0.0000 1.0000 0.0000	</row2>
					<row3>	-0.2888 0.5894 0.8163 1.0000	</row3>
				</transform>
			</node>
			<node>
				<identifier>	MP_BM705_Ammunition_Box_INDEX_3	</identifier>
				<transform>
					<row0>	0.9477 0.0000 -0.3190 0.0000	</row0>
					<row1>	0.0000 1.0000 0.0000 0.0000	</row1>
					<row2>	0.3190 0.0000 0.9477 0.0000	</row2>
					<row3>	-0.3091 0.5997 2.3730 1.0000	</row3>
				</transform>
			</node>
			<node>
				<identifier>	MP_BM705_Ammunition_Box_INDEX_4	</identifier>
				<transform>
					<row0>	0.9477 0.0000 0.3190 0.0000	</row0>
					<row1>	0.0000 1.0000 0.0000 0.0000	</row1>
					<row2>	-0.3190 0.0000 0.9477 0.0000	</row2>
					<row3>	0.3091 0.5997 2.3730 1.0000	</row3>
				</transform>
			</node>
			<node>
				<identifier>	MP_BM705_Ammunition_Box_INDEX_5	</identifier>
				<transform>
					<row0>	0.8979 0.0000 -0.4403 0.0000	</row0>
					<row1>	0.0000 1.0000 0.0000 0.0000	</row1>
					<row2>	0.4403 0.0000 0.8979 0.0000	</row2>
					<row3>	-0.5079 0.5997 1.9489 1.0000	</row3>
				</transform>
			</node>
			<node>
				<identifier>	MP_BM715_Locker	</identifier>
				<transform>
					<row0>	-1.0000 0.0000 0.0000 0.0000	</row0>
					<row1>	0.0000 1.0000 0.0000 0.0000	</row1>
					<row2>	0.0000 0.0000 -1.0000 0.0000	</row2>
					<row3>	-0.3029 0.5989 2.7869 1.0000	</row3>
				</transform>
			</node>
			<node>
				<identifier>	MP_BM715_Locker_INDEX_1	</identifier>
				<transform>
					<row0>	-1.0000 0.0000 0.0000 0.0000	</row0>
					<row1>	0.0000 1.0000 0.0000 0.0000	</row1>
					<row2>	0.0000 0.0000 -1.0000 0.0000	</row2>
					<row3>	-0.3029 0.5989 2.9192 1.0000	</row3>
				</transform>
			</node>
			<node>
				<identifier>	MP_BM715_Locker_INDEX_2	</identifier>
				<transform>
					<row0>	1.0000 0.0002 0.0036 0.0000	</row0>
					<row1>	-0.0002 1.0000 0.0018 0.0000	</row1>
					<row2>	-0.0036 -0.0018 1.0000 0.0000	</row2>
					<row3>	0.2812 0.5989 2.7869 1.0000	</row3>
				</transform>
			</node>
			<node>
				<identifier>	MP_BM715_Locker_INDEX_3	</identifier>
				<transform>
					<row0>	1.0000 0.0002 0.0036 0.0000	</row0>
					<row1>	-0.0002 1.0000 0.0018 0.0000	</row1>
					<row2>	-0.0036 -0.0018 1.0000 0.0000	</row2>
					<row3>	0.2812 0.5989 2.9192 1.0000	</row3>
				</transform>
			</node>
			<node>
				<identifier>	MP_BM715_Locker_INDEX_4	</identifier>
				<transform>
					<row0>	-1.0000 0.0000 0.0000 0.0000	</row0>
					<row1>	0.0000 1.0000 0.0000 0.0000	</row1>
					<row2>	0.0000 0.0000 -1.0000 0.0000	</row2>
					<row3>	-0.2602 0.4410 1.2951 1.0000	</row3>
				</transform>
			</node>
			<node>
				<identifier>	MP_BM715_Locker_INDEX_5	</identifier>
				<transform>
					<row0>	1.0000 0.0000 0.0000 0.0000	</row0>
					<row1>	0.0000 1.0000 0.0000 0.0000	</row1>
					<row2>	0.0000 0.0000 1.0000 0.0000	</row2>
					<row3>	0.2602 0.4413 1.2316 1.0000	</row3>
				</transform>
			</node>
			<node>
				<identifier>	MP_BM765_24in_round_hatch	</identifier>
				<transform>
					<row0>	1.0000 0.0000 0.0000 0.0000	</row0>
					<row1>	0.0000 1.0000 0.0000 0.0000	</row1>
					<row2>	0.0000 0.0000 1.0000 0.0000	</row2>
					<row3>	0.6831 0.4288 -0.3752 1.0000	</row3>
				</transform>
			</node>
			<node>
				<identifier>	MP_BM871_Running_Lights_F	</identifier>
				<transform>
					<row0>	1.0000 0.0000 0.0000 0.0000	</row0>
					<row1>	0.0000 1.0000 0.0000 0.0000	</row1>
					<row2>	0.0000 0.0000 1.0000 0.0000	</row2>
					<row3>	0.0000 1.8810 1.9693 1.0000	</row3>
				</transform>
			</node>
			<node>
				<identifier>	MP_BM877_Running_Lights_B	</identifier>
				<transform>
					<row0>	-1.0000 0.0000 0.0000 0.0000	</row0>
					<row1>	0.0000 1.0000 0.0000 0.0000	</row1>
					<row2>	0.0000 0.0000 -1.0000 0.0000	</row2>
					<row3>	0.0000 1.7654 1.8943 1.0000	</row3>
				</transform>
			</node>
			<node>
				<identifier>	MP_BM884_Searchlight_24in	</identifier>
				<transform>
					<row0>	0.0000 0.0000 1.0000 0.0000	</row0>
					<row1>	0.0000 1.0000 0.0000 0.0000	</row1>
					<row2>	-1.0000 0.0000 0.0000 0.0000	</row2>
					<row3>	-0.2199 1.1564 1.9303 1.0000	</row3>
				</transform>
			</node>
			<node>
				<identifier>	MP_BM884_Searchlight_24in_INDEX_1	</identifier>
				<transform>
					<row0>	0.0000 0.0000 1.0000 0.0000	</row0>
					<row1>	0.0000 1.0000 0.0000 0.0000	</row1>
					<row2>	-1.0000 0.0000 0.0000 0.0000	</row2>
					<row3>	-0.2199 0.9737 1.9303 1.0000	</row3>
				</transform>
			</node>
			<node>
				<identifier>	MP_BM884_Searchlight_24in_INDEX_2	</identifier>
				<transform>
					<row0>	0.0000 0.0000 -1.0000 0.0000	</row0>
					<row1>	0.0000 1.0000 0.0000 0.0000	</row1>
					<row2>	1.0000 0.0000 0.0000 0.0000	</row2>
					<row3>	0.2199 1.1564 1.9303 1.0000	</row3>
				</transform>
			</node>
			<node>
				<identifier>	MP_BM884_Searchlight_24in_INDEX_3	</identifier>
				<transform>
					<row0>	0.0000 0.0000 -1.0000 0.0000	</row0>
					<row1>	0.0000 1.0000 0.0000 0.0000	</row1>
					<row2>	1.0000 0.0000 0.0000 0.0000	</row2>
					<row3>	0.2199 0.9737 1.9303 1.0000	</row3>
				</transform>
			</node>
			<node>
				<identifier>	MP_CM011_Fire_Fighting_Gear	</identifier>
				<transform>
					<row0>	0.0000 0.0000 1.0000 0.0000	</row0>
					<row1>	0.0000 1.0000 0.0000 0.0000	</row1>
					<row2>	-1.0000 0.0000 0.0000 0.0000	</row2>
					<row3>	0.3064 0.4534 3.1253 1.0000	</row3>
				</transform>
			</node>
			<node>
				<identifier>	MP_CM011_Fire_Fighting_Gear_INDEX_1	</identifier>
				<transform>
					<row0>	0.0000 0.0000 -1.0000 0.0000	</row0>
					<row1>	0.0000 1.0000 0.0000 0.0000	</row1>
					<row2>	1.0000 0.0000 0.0000 0.0000	</row2>
					<row3>	-0.2423 0.4436 1.6132 1.0000	</row3>
				</transform>
			</node>
			<node>
				<identifier>	MP_CM011_Fire_Fighting_Gear_INDEX_2	</identifier>
				<transform>
					<row0>	-0.4381 0.0000 -0.8989 0.0000	</row0>
					<row1>	0.0000 1.0000 0.0000 0.0000	</row1>
					<row2>	0.8989 0.0000 -0.4381 0.0000	</row2>
					<row3>	-0.4291 0.6025 2.0694 1.0000	</row3>
				</transform>
			</node>
			<node>
				<identifier>	MP_CM011_Fire_Fighting_Gear_INDEX_3	</identifier>
				<transform>
					<row0>	0.0000 0.0000 -1.0000 0.0000	</row0>
					<row1>	0.0000 1.0000 0.0000 0.0000	</row1>
					<row2>	1.0000 0.0000 0.0000 0.0000	</row2>
					<row3>	-0.3064 0.4534 3.1253 1.0000	</row3>
				</transform>
			</node>
			<node>
				<identifier>	MP_CM011_Fire_Fighting_Gear_INDEX_4	</identifier>
				<transform>
					<row0>	-0.4381 0.0000 0.8989 0.0000	</row0>
					<row1>	0.0000 1.0000 0.0000 0.0000	</row1>
					<row2>	-0.8989 0.0000 -0.4381 0.0000	</row2>
					<row3>	0.4291 0.6025 2.0694 1.0000	</row3>
				</transform>
			</node>
			<node>
				<identifier>	MP_CM011_Fire_Fighting_Gear_INDEX_5	</identifier>
				<transform>
					<row0>	0.0000 0.0000 1.0000 0.0000	</row0>
					<row1>	0.0000 1.0000 0.0000 0.0000	</row1>
					<row2>	-1.0000 0.0000 0.0000 0.0000	</row2>
					<row3>	0.2423 0.4436 1.6132 1.0000	</row3>
				</transform>
			</node>
			<node>
				<identifier>	MP_CM013_Fire_Hose_Rack_2	</identifier>
				<transform>
					<row0>	1.0000 0.0000 0.0000 0.0000	</row0>
					<row1>	0.0000 1.0000 0.0000 0.0000	</row1>
					<row2>	0.0000 0.0000 1.0000 0.0000	</row2>
					<row3>	-0.2329 0.5311 1.6132 1.0000	</row3>
				</transform>
			</node>
			<node>
				<identifier>	MP_CM013_Fire_Hose_Rack_2_INDEX_1	</identifier>
				<transform>
					<row0>	0.9953 0.0000 0.0970 0.0000	</row0>
					<row1>	0.0000 1.0000 0.0000 0.0000	</row1>
					<row2>	-0.0970 0.0000 0.9953 0.0000	</row2>
					<row3>	-0.2983 0.5180 3.1499 1.0000	</row3>
				</transform>
			</node>
			<node>
				<identifier>	MP_CM013_Fire_Hose_Rack_2_INDEX_2	</identifier>
				<transform>
					<row0>	-1.0000 0.0000 0.0000 0.0000	</row0>
					<row1>	0.0000 1.0000 0.0000 0.0000	</row1>
					<row2>	0.0000 0.0000 -1.0000 0.0000	</row2>
					<row3>	0.2329 0.5311 1.6132 1.0000	</row3>
				</transform>
			</node>
			<node>
				<identifier>	MP_CM013_Fire_Hose_Rack_2_INDEX_3	</identifier>
				<transform>
					<row0>	-0.8986 0.0000 -0.4387 0.0000	</row0>
					<row1>	0.0000 1.0000 0.0000 0.0000	</row1>
					<row2>	0.4387 0.0000 -0.8986 0.0000	</row2>
					<row3>	0.4330 0.6712 2.0455 1.0000	</row3>
				</transform>
			</node>
			<node>
				<identifier>	MP_CM013_Fire_Hose_Rack_2_INDEX_4	</identifier>
				<transform>
					<row0>	0.8986 0.0000 -0.4387 0.0000	</row0>
					<row1>	0.0000 1.0000 0.0000 0.0000	</row1>
					<row2>	0.4387 0.0000 0.8986 0.0000	</row2>
					<row3>	-0.4330 0.6712 2.0455 1.0000	</row3>
				</transform>
			</node>
			<node>
				<identifier>	MP_CM013_Fire_Hose_Rack_2_INDEX_5	</identifier>
				<transform>
					<row0>	-0.9953 0.0000 0.0970 0.0000	</row0>
					<row1>	0.0000 1.0000 0.0000 0.0000	</row1>
					<row2>	-0.0970 0.0000 -0.9953 0.0000	</row2>
					<row3>	0.2983 0.5180 3.1499 1.0000	</row3>
				</transform>
			</node>
			<node>
				<identifier>	MP_CM030_Swab_Rack_2	</identifier>
				<transform>
					<row0>	0.4392 0.0000 0.8984 0.0000	</row0>
					<row1>	0.0000 1.0000 0.0000 0.0000	</row1>
					<row2>	-0.8984 0.0000 0.4392 0.0000	</row2>
					<row3>	-0.3914 0.5992 2.1296 1.0000	</row3>
				</transform>
			</node>
			<node>
				<identifier>	MP_CM030_Swab_Rack_2_INDEX_1	</identifier>
				<transform>
					<row0>	0.0000 0.0000 -1.0000 0.0000	</row0>
					<row1>	0.0000 1.0000 0.0000 0.0000	</row1>
					<row2>	1.0000 0.0000 0.0000 0.0000	</row2>
					<row3>	0.2129 0.4426 0.5901 1.0000	</row3>
				</transform>
			</node>
			<node>
				<identifier>	MP_CM030_Swab_Rack_2_INDEX_2	</identifier>
				<transform>
					<row0>	0.4392 0.0000 -0.8984 0.0000	</row0>
					<row1>	0.0000 1.0000 0.0000 0.0000	</row1>
					<row2>	0.8984 0.0000 0.4392 0.0000	</row2>
					<row3>	0.3914 0.5992 2.1296 1.0000	</row3>
				</transform>
			</node>
			<node>
				<identifier>	MP_CM030_Swab_Rack_2_INDEX_3	</identifier>
				<transform>
					<row0>	0.0000 0.0000 1.0000 0.0000	</row0>
					<row1>	0.0000 1.0000 0.0000 0.0000	</row1>
					<row2>	-1.0000 0.0000 0.0000 0.0000	</row2>
					<row3>	-0.2129 0.4426 0.6017 1.0000	</row3>
				</transform>
			</node>
			<node>
				<identifier>	MP_CM052_Fender	</identifier>
				<transform>
					<row0>	-0.4940 0.0000 -0.8695 0.0000	</row0>
					<row1>	0.0000 1.0000 0.0000 0.0000	</row1>
					<row2>	0.8695 0.0000 -0.4940 0.0000	</row2>
					<row3>	0.3806 0.4408 0.3737 1.0000	</row3>
				</transform>
			</node>
			<node>
				<identifier>	MP_CM052_Fender_INDEX_1	</identifier>
				<transform>
					<row0>	-0.4940 0.0000 0.8695 0.0000	</row0>
					<row1>	0.0000 1.0000 0.0000 0.0000	</row1>
					<row2>	-0.8695 0.0000 -0.4940 0.0000	</row2>
					<row3>	-0.3806 0.4407 0.3737 1.0000	</row3>
				</transform>
			</node>
			<node>
				<identifier>	MP_CM056_Ships_bell	</identifier>
				<transform>
					<row0>	1.0000 0.0000 0.0000 0.0000	</row0>
					<row1>	0.0000 1.0000 0.0000 0.0000	</row1>
					<row2>	0.0000 0.0000 1.0000 0.0000	</row2>
					<row3>	-0.2547 0.6455 3.3883 1.0000	</row3>
				</transform>
			</node>
			<node>
				<identifier>	MP_CM081_Life_Buoy	</identifier>
				<transform>
					<row0>	0.6141 0.0000 -0.7892 0.0000	</row0>
					<row1>	0.0000 1.0000 0.0000 0.0000	</row1>
					<row2>	0.7892 0.0000 0.6141 0.0000	</row2>
					<row3>	0.2608 1.2146 1.9886 1.0000	</row3>
				</transform>
			</node>
			<node>
				<identifier>	MP_CM081_Life_Buoy_INDEX_1	</identifier>
				<transform>
					<row0>	0.6141 0.0000 -0.7892 0.0000	</row0>
					<row1>	0.0000 1.0000 0.0000 0.0000	</row1>
					<row2>	0.7892 0.0000 0.6141 0.0000	</row2>
					<row3>	0.1152 1.2146 2.1722 1.0000	</row3>
				</transform>
			</node>
			<node>
				<identifier>	MP_CM081_Life_Buoy_INDEX_2	</identifier>
				<transform>
					<row0>	0.6141 0.0000 0.7892 0.0000	</row0>
					<row1>	0.0000 1.0000 0.0000 0.0000	</row1>
					<row2>	-0.7892 0.0000 0.6141 0.0000	</row2>
					<row3>	-0.2608 1.2146 1.9886 1.0000	</row3>
				</transform>
			</node>
			<node>
				<identifier>	MP_CM081_Life_Buoy_INDEX_3	</identifier>
				<transform>
					<row0>	0.6141 0.0000 0.7892 0.0000	</row0>
					<row1>	0.0000 1.0000 0.0000 0.0000	</row1>
					<row2>	-0.7892 0.0000 0.6141 0.0000	</row2>
					<row3>	-0.1152 1.2146 2.1722 1.0000	</row3>
				</transform>
			</node>
			<node>
				<identifier>	MP_CM091_Semaphore	</identifier>
				<transform>
					<row0>	1.0000 0.0000 0.0000 0.0000	</row0>
					<row1>	0.0000 1.0000 0.0000 0.0000	</row1>
					<row2>	0.0000 0.0000 1.0000 0.0000	</row2>
					<row3>	0.2710 0.8750 2.2883 1.0000	</row3>
				</transform>
			</node>
			<node>
				<identifier>	MP_CM091_Semaphore_INDEX_1	</identifier>
				<transform>
					<row0>	1.0000 0.0000 0.0000 0.0000	</row0>
					<row1>	0.0000 1.0000 0.0000 0.0000	</row1>
					<row2>	0.0000 0.0000 1.0000 0.0000	</row2>
					<row3>	-0.2710 0.8750 2.2883 1.0000	</row3>
				</transform>
			</node>
			<node>
				<identifier>	MP_CM126_Cleat	</identifier>
				<transform>
					<row0>	1.0000 0.0000 0.0000 0.0000	</row0>
					<row1>	0.0000 1.0000 0.0000 0.0000	</row1>
					<row2>	0.0000 0.0000 1.0000 0.0000	</row2>
					<row3>	-0.6431 0.4363 2.5151 1.0000	</row3>
				</transform>
			</node>
			<node>
				<identifier>	MP_CM126_Cleat_INDEX_1	</identifier>
				<transform>
					<row0>	0.0000 0.0000 1.0000 0.0000	</row0>
					<row1>	0.0000 1.0000 0.0000 0.0000	</row1>
					<row2>	-1.0000 0.0000 0.0000 0.0000	</row2>
					<row3>	0.7774 0.4285 0.5870 1.0000	</row3>
				</transform>
			</node>
			<node>
				<identifier>	MP_CM126_Cleat_INDEX_2	</identifier>
				<transform>
					<row0>	0.0000 0.0000 -1.0000 0.0000	</row0>
					<row1>	0.0000 1.0000 0.0000 0.0000	</row1>
					<row2>	1.0000 0.0000 0.0000 0.0000	</row2>
					<row3>	-0.7774 0.4285 0.5870 1.0000	</row3>
				</transform>
			</node>
			<node>
				<identifier>	MP_CM126_Cleat_INDEX_3	</identifier>
				<transform>
					<row0>	1.0000 0.0000 0.0000 0.0000	</row0>
					<row1>	0.0000 1.0000 0.0000 0.0000	</row1>
					<row2>	0.0000 0.0000 1.0000 0.0000	</row2>
					<row3>	0.6431 0.4363 2.5151 1.0000	</row3>
				</transform>
			</node>
			<node>
				<identifier>	MP_CM126_Cleat_INDEX_4	</identifier>
				<transform>
					<row0>	1.0000 0.0000 0.0000 0.0000	</row0>
					<row1>	0.0000 1.0000 0.0000 0.0000	</row1>
					<row2>	0.0000 0.0000 1.0000 0.0000	</row2>
					<row3>	0.7449 0.5994 2.1442 1.0000	</row3>
				</transform>
			</node>
			<node>
				<identifier>	MP_CM126_Cleat_INDEX_5	</identifier>
				<transform>
					<row0>	1.0000 0.0000 0.0000 0.0000	</row0>
