<HSD003_Tromp_1945_MidBack_ports.visual>
	<node>
		<identifier>	Scene Root	</identifier>
		<transform>
			<row0>	1.0000 0.0000 0.0000 0.0000	</row0>
			<row1>	0.0000 1.0000 0.0000 0.0000	</row1>
			<row2>	0.0000 0.0000 1.0000 0.0000	</row2>
			<row3>	0.0000 0.0000 0.0000 1.0000	</row3>
		</transform>
		<node>
			<identifier>	MidBack_ports	</identifier>
			<transform>
				<row0>	1.0000 0.0000 0.0000 0.0000	</row0>
				<row1>	0.0000 1.0000 0.0000 0.0000	</row1>
				<row2>	0.0000 0.0000 1.0000 0.0000	</row2>
				<row3>	0.0000 0.0000 0.0000 1.0000	</row3>
			</transform>
			<node>
				<identifier>	HP_FX_Death_3	</identifier>
				<transform>
					<row0>	1.0000 0.0000 0.0000 0.0000	</row0>
					<row1>	0.0000 1.0000 0.0000 0.0000	</row1>
					<row2>	0.0000 0.0000 1.0000 0.0000	</row2>
					<row3>	0.0000 0.0000 -2.4548 1.0000	</row3>
				</transform>
			</node>
			<node>
				<identifier>	HP_FX_Fire_3	</identifier>
				<transform>
					<row0>	1.0000 0.0000 0.0000 0.0000	</row0>
					<row1>	0.0000 1.0000 0.0000 0.0000	</row1>
					<row2>	0.0000 0.0000 1.0000 0.0000	</row2>
					<row3>	0.0000 0.3998 -1.5182 1.0000	</row3>
				</transform>
			</node>
			<node>
				<identifier>	HP_FX_Fire_3_side_1	</identifier>
				<transform>
					<row0>	0.8905 0.0000 0.4550 0.0000	</row0>
					<row1>	0.0000 1.0000 0.0000 0.0000	</row1>
					<row2>	-0.4550 0.0000 0.8905 0.0000	</row2>
					<row3>	0.2206 0.3776 -0.1081 1.0000	</row3>
				</transform>
			</node>
			<node>
				<identifier>	HP_FX_Fire_3_side_2	</identifier>
				<transform>
					<row0>	0.8905 0.0000 0.4550 0.0000	</row0>
					<row1>	0.0000 1.0000 0.0000 0.0000	</row1>
					<row2>	-0.4550 0.0000 0.8905 0.0000	</row2>
					<row3>	-0.2812 0.4370 -2.0969 1.0000	</row3>
				</transform>
			</node>
			<node>
				<identifier>	HP_FX_FloodLight_left_1	</identifier>
				<transform>
					<row0>	-0.9215 0.0000 -0.3884 0.0000	</row0>
					<row1>	0.0000 1.0000 0.0000 0.0000	</row1>
					<row2>	0.3884 0.0000 -0.9215 0.0000	</row2>
					<row3>	-0.1419 0.3248 -2.6377 1.0000	</row3>
				</transform>
			</node>
			<node>
				<identifier>	HP_FX_FloodLight_right_1	</identifier>
				<transform>
					<row0>	0.9048 0.0000 -0.4257 0.0000	</row0>
					<row1>	0.0000 1.0000 0.0000 0.0000	</row1>
					<row2>	0.4257 0.0000 0.9048 0.0000	</row2>
					<row3>	0.1419 0.3248 -2.6377 1.0000	</row3>
				</transform>
			</node>
			<node>
				<identifier>	HP_FX_Flood_water_left_2	</identifier>
				<transform>
					<row0>	-1.0000 0.0000 0.0000 0.0000	</row0>
					<row1>	0.0000 1.0000 0.0000 0.0000	</row1>
					<row2>	0.0000 0.0000 -1.0000 0.0000	</row2>
					<row3>	-0.3867 0.0513 -1.8667 1.0000	</row3>
				</transform>
			</node>
			<node>
				<identifier>	HP_FX_Flood_water_right_2	</identifier>
				<transform>
					<row0>	1.0000 0.0000 0.0000 0.0000	</row0>
					<row1>	0.0000 1.0000 0.0000 0.0000	</row1>
					<row2>	0.0000 0.0000 1.0000 0.0000	</row2>
					<row3>	0.3868 0.0519 -1.8664 1.0000	</row3>
				</transform>
			</node>
			<node>
				<identifier>	HP_Flagpole	</identifier>
				<transform>
					<row0>	1.0000 0.0000 0.0000 0.0000	</row0>
					<row1>	0.0000 1.0000 0.0000 0.0000	</row1>
					<row2>	0.0000 0.0000 1.0000 0.0000	</row2>
					<row3>	0.0000 1.2108 -1.1529 1.0000	</row3>
				</transform>
			</node>
			<node>
				<identifier>	HP_HF_2	</identifier>
				<transform>
					<row0>	1.0000 0.0000 0.0000 0.0000	</row0>
					<row1>	0.0000 1.0000 0.0000 0.0000	</row1>
					<row2>	0.0000 0.0000 1.0000 0.0000	</row2>
					<row3>	0.0000 0.4804 -0.5571 1.0000	</row3>
				</transform>
			</node>
			<node>
				<identifier>	HP_HF_3	</identifier>
				<transform>
					<row0>	1.0000 0.0000 0.0000 0.0000	</row0>
					<row1>	0.0000 1.0000 0.0000 0.0000	</row1>
					<row2>	0.0000 0.0000 1.0000 0.0000	</row2>
					<row3>	0.0000 0.6312 -1.2958 1.0000	</row3>
				</transform>
			</node>
			<node>
				<identifier>	HP_HGA_10	</identifier>
				<transform>
					<row0>	-0.7071 0.0000 -0.7071 0.0000	</row0>
					<row1>	0.0000 1.0000 0.0000 0.0000	</row1>
					<row2>	0.7071 0.0000 -0.7071 0.0000	</row2>
					<row3>	0.2626 0.3615 -1.8115 1.0000	</row3>
				</transform>
			</node>
			<node>
				<identifier>	HP_HGA_11	</identifier>
				<transform>
					<row0>	-1.0000 0.0000 0.0000 0.0000	</row0>
					<row1>	0.0000 1.0000 0.0000 0.0000	</row1>
					<row2>	0.0000 0.0000 -1.0000 0.0000	</row2>
					<row3>	0.0000 0.4239 -2.1624 1.0000	</row3>
				</transform>
			</node>
			<node>
				<identifier>	HP_HGA_14	</identifier>
				<transform>
					<row0>	-1.0000 0.0000 0.0000 0.0000	</row0>
					<row1>	0.0000 1.0000 0.0000 0.0000	</row1>
					<row2>	0.0000 0.0000 -1.0000 0.0000	</row2>
					<row3>	0.0000 0.3612 -2.4854 1.0000	</row3>
				</transform>
			</node>
			<node>
				<identifier>	HP_HGA_5	</identifier>
				<transform>
					<row0>	0.0000 0.0000 1.0000 0.0000	</row0>
					<row1>	0.0000 1.0000 0.0000 0.0000	</row1>
					<row2>	-1.0000 0.0000 0.0000 0.0000	</row2>
					<row3>	-0.2735 0.3572 0.1927 1.0000	</row3>
				</transform>
			</node>
			<node>
				<identifier>	HP_HGA_6	</identifier>
				<transform>
					<row0>	0.0000 0.0000 -1.0000 0.0000	</row0>
					<row1>	0.0000 1.0000 0.0000 0.0000	</row1>
					<row2>	1.0000 0.0000 0.0000 0.0000	</row2>
					<row3>	0.2735 0.3572 0.1927 1.0000	</row3>
				</transform>
			</node>
			<node>
				<identifier>	HP_HGA_7	</identifier>
				<transform>
					<row0>	0.0000 0.0000 1.0000 0.0000	</row0>
					<row1>	0.0000 1.0000 0.0000 0.0000	</row1>
					<row2>	-1.0000 0.0000 0.0000 0.0000	</row2>
					<row3>	-0.2735 0.3572 -0.1582 1.0000	</row3>
				</transform>
			</node>
			<node>
				<identifier>	HP_HGA_8	</identifier>
				<transform>
					<row0>	0.0000 0.0000 -1.0000 0.0000	</row0>
					<row1>	0.0000 1.0000 0.0000 0.0000	</row1>
					<row2>	1.0000 0.0000 0.0000 0.0000	</row2>
					<row3>	0.2735 0.3572 -0.1582 1.0000	</row3>
				</transform>
			</node>
			<node>
				<identifier>	HP_HGA_9	</identifier>
				<transform>
					<row0>	-0.7071 0.0000 0.7071 0.0000	</row0>
					<row1>	0.0000 1.0000 0.0000 0.0000	</row1>
					<row2>	-0.7071 0.0000 -0.7071 0.0000	</row2>
					<row3>	-0.2626 0.3615 -1.8115 1.0000	</row3>
				</transform>
			</node>
			<node>
				<identifier>	HP_HGM_3	</identifier>
				<transform>
					<row0>	-1.0000 0.0000 0.0000 0.0000	</row0>
					<row1>	0.0000 1.0000 0.0000 0.0000	</row1>
					<row2>	0.0000 0.0000 -1.0000 0.0000	</row2>
					<row3>	0.0000 0.2184 -2.9841 1.0000	</row3>
				</transform>
			</node>
			<node>
				<identifier>	HP_HGT_1	</identifier>
				<transform>
					<row0>	1.0000 0.0000 0.0000 0.0000	</row0>
					<row1>	0.0000 1.0000 0.0000 0.0000	</row1>
					<row2>	0.0000 0.0000 1.0000 0.0000	</row2>
					<row3>	-0.2753 0.2604 -0.9013 1.0000	</row3>
				</transform>
			</node>
			<node>
				<identifier>	HP_HGT_2	</identifier>
				<transform>
					<row0>	1.0000 0.0000 0.0000 0.0000	</row0>
					<row1>	0.0000 1.0000 0.0000 0.0000	</row1>
					<row2>	0.0000 0.0000 1.0000 0.0000	</row2>
					<row3>	0.2753 0.2604 -0.9013 1.0000	</row3>
				</transform>
			</node>
			<node>
				<identifier>	HP_flag_nation	</identifier>
				<transform>
					<row0>	1.0000 0.0000 0.0000 0.0000	</row0>
					<row1>	0.0000 0.9403 -0.3404 0.0000	</row1>
					<row2>	0.0000 0.3404 0.9403 0.0000	</row2>
					<row3>	0.0000 1.1461 -1.2699 1.0000	</row3>
				</transform>
			</node>
			<node>
				<identifier>	MP_CM011_Fire_Fighting_Gear	</identifier>
				<transform>
					<row0>	0.0000 0.0000 1.0000 0.0000	</row0>
					<row1>	0.0000 1.0000 0.0000 0.0000	</row1>
					<row2>	-1.0000 0.0000 0.0000 0.0000	</row2>
					<row3>	0.2238 0.2145 -0.1923 1.0000	</row3>
				</transform>
			</node>
			<node>
				<identifier>	MP_CM011_Fire_Fighting_Gear_INDEX_1	</identifier>
				<transform>
					<row0>	0.0000 0.0000 -1.0000 0.0000	</row0>
					<row1>	0.0000 1.0000 0.0000 0.0000	</row1>
					<row2>	1.0000 0.0000 0.0000 0.0000	</row2>
					<row3>	-0.2238 0.2145 -0.1923 1.0000	</row3>
				</transform>
			</node>
			<node>
				<identifier>	MP_CM012_Fire_Hose_Rack_1	</identifier>
				<transform>
					<row0>	-1.0000 0.0000 0.0000 0.0000	</row0>
					<row1>	0.0000 1.0000 0.0000 0.0000	</row1>
					<row2>	0.0000 0.0000 -1.0000 0.0000	</row2>
					<row3>	0.2132 0.2973 -0.1939 1.0000	</row3>
				</transform>
			</node>
			<node>
				<identifier>	MP_CM012_Fire_Hose_Rack_1_INDEX_1	</identifier>
				<transform>
					<row0>	1.0000 0.0000 0.0000 0.0000	</row0>
					<row1>	0.0000 1.0000 0.0000 0.0000	</row1>
					<row2>	0.0000 0.0000 1.0000 0.0000	</row2>
					<row3>	-0.2132 0.2973 -0.1939 1.0000	</row3>
				</transform>
			</node>
			<node>
				<identifier>	MP_CM012_Fire_Hose_Rack_1_INDEX_2	</identifier>
				<transform>
					<row0>	-0.9061 0.0008 -0.4230 0.0000	</row0>
					<row1>	-0.0081 0.9998 0.0193 0.0000	</row1>
					<row2>	0.4229 0.0209 -0.9059 0.0000	</row2>
					<row3>	-0.1261 0.2807 -2.6672 1.0000	</row3>
				</transform>
			</node>
			<node>
				<identifier>	MP_CM029_Emergency_Box	</identifier>
				<transform>
					<row0>	0.0000 0.0000 1.0000 0.0000	</row0>
					<row1>	0.0000 1.0000 0.0000 0.0000	</row1>
					<row2>	-1.0000 0.0000 0.0000 0.0000	</row2>
					<row3>	0.1031 0.2891 -1.2370 1.0000	</row3>
				</transform>
			</node>
			<node>
				<identifier>	MP_CM029_Emergency_Box_INDEX_1	</identifier>
				<transform>
					<row0>	0.3890 0.0000 0.9212 0.0000	</row0>
					<row1>	0.0000 1.0000 0.0000 0.0000	</row1>
					<row2>	-0.9212 0.0000 0.3890 0.0000	</row2>
					<row3>	0.1466 0.2864 -2.6396 1.0000	</row3>
				</transform>
			</node>
			<node>
				<identifier>	MP_CM029_Emergency_Box_INDEX_2	</identifier>
				<transform>
					<row0>	0.0000 0.0000 -1.0000 0.0000	</row0>
					<row1>	0.0000 1.0000 0.0000 0.0000	</row1>
					<row2>	1.0000 0.0000 0.0000 0.0000	</row2>
					<row3>	-0.1032 0.2891 -1.2370 1.0000	</row3>
				</transform>
			</node>
			<node>
				<identifier>	MP_CM029_Emergency_Box_INDEX_3	</identifier>
				<transform>
					<row0>	0.0000 0.0000 -1.0000 0.0000	</row0>
					<row1>	0.0000 1.0000 0.0000 0.0000	</row1>
					<row2>	1.0000 0.0000 0.0000 0.0000	</row2>
					<row3>	0.3830 0.4082 0.1086 1.0000	</row3>
				</transform>
			</node>
			<node>
				<identifier>	MP_CM029_Emergency_Box_INDEX_4	</identifier>
				<transform>
					<row0>	0.3890 0.0000 -0.9212 0.0000	</row0>
					<row1>	0.0000 1.0000 0.0000 0.0000	</row1>
					<row2>	0.9212 0.0000 0.3890 0.0000	</row2>
					<row3>	-0.1467 0.2864 -2.6394 1.0000	</row3>
				</transform>
			</node>
			<node>
				<identifier>	MP_CM029_Emergency_Box_INDEX_5	</identifier>
				<transform>
					<row0>	0.0000 0.0000 1.0000 0.0000	</row0>
					<row1>	0.0000 1.0000 0.0000 0.0000	</row1>
					<row2>	-1.0000 0.0000 0.0000 0.0000	</row2>
					<row3>	-0.3830 0.4082 0.1086 1.0000	</row3>
				</transform>
			</node>
			<node>
				<identifier>	MP_CM029_Emergency_Box_INDEX_6	</identifier>
				<transform>
					<row0>	0.0000 0.0000 -1.0000 0.0000	</row0>
					<row1>	0.0000 1.0000 0.0000 0.0000	</row1>
					<row2>	1.0000 0.0000 0.0000 0.0000	</row2>
					<row3>	-0.0640 0.4218 -1.7225 1.0000	</row3>
				</transform>
			</node>
			<node>
				<identifier>	MP_CM029_Emergency_Box_INDEX_7	</identifier>
				<transform>
					<row0>	0.0000 0.0000 1.0000 0.0000	</row0>
					<row1>	0.0000 1.0000 0.0000 0.0000	</row1>
					<row2>	-1.0000 0.0000 0.0000 0.0000	</row2>
					<row3>	0.0640 0.4218 -1.7225 1.0000	</row3>
				</transform>
			</node>
			<node>
				<identifier>	MP_CM030_Swab_Rack_2	</identifier>
				<transform>
					<row0>	-1.0000 0.0000 0.0000 0.0000	</row0>
					<row1>	0.0000 1.0000 0.0000 0.0000	</row1>
					<row2>	0.0000 0.0000 -1.0000 0.0000	</row2>
					<row3>	0.0000 0.2191 -2.5855 1.0000	</row3>
				</transform>
			</node>
			<node>
				<identifier>	MP_CM052_Fender	</identifier>
				<transform>
					<row0>	-0.5000 0.0000 0.0000 0.0000	</row0>
					<row1>	0.0000 0.5000 0.0000 0.0000	</row1>
					<row2>	0.0000 0.0000 -0.5000 0.0000	</row2>
					<row3>	-0.3707 0.2068 0.4215 1.0000	</row3>
				</transform>
			</node>
			<node>
				<identifier>	MP_CM052_Fender_INDEX_1	</identifier>
				<transform>
					<row0>	0.0000 0.0000 -0.8500 0.0000	</row0>
					<row1>	0.0000 0.8500 0.0000 0.0000	</row1>
					<row2>	0.8500 0.0000 0.0000 0.0000	</row2>
					<row3>	0.2440 0.2134 -0.1171 1.0000	</row3>
				</transform>
			</node>
			<node>
				<identifier>	MP_CM052_Fender_INDEX_2	</identifier>
				<transform>
					<row0>	-0.5000 0.0000 0.0000 0.0000	</row0>
					<row1>	0.0000 0.5000 0.0000 0.0000	</row1>
					<row2>	0.0000 0.0000 -0.5000 0.0000	</row2>
					<row3>	0.3373 0.2087 0.4215 1.0000	</row3>
				</transform>
			</node>
			<node>
				<identifier>	MP_CM052_Fender_INDEX_3	</identifier>
				<transform>
					<row0>	0.0000 0.0000 -0.8500 0.0000	</row0>
					<row1>	0.0000 0.8500 0.0000 0.0000	</row1>
					<row2>	0.8500 0.0000 0.0000 0.0000	</row2>
					<row3>	0.1264 0.2186 -1.3808 1.0000	</row3>
				</transform>
			</node>
			<node>
				<identifier>	MP_CM052_Fender_INDEX_4	</identifier>
				<transform>
					<row0>	-0.5000 0.0000 0.0000 0.0000	</row0>
					<row1>	0.0000 0.5000 0.0000 0.0000	</row1>
					<row2>	0.0000 0.0000 -0.5000 0.0000	</row2>
					<row3>	-0.3373 0.2087 0.4215 1.0000	</row3>
				</transform>
			</node>
			<node>
				<identifier>	MP_CM052_Fender_INDEX_5	</identifier>
				<transform>
					<row0>	-0.5000 0.0000 0.0000 0.0000	</row0>
					<row1>	0.0000 0.5000 0.0000 0.0000	</row1>
					<row2>	0.0000 0.0000 -0.5000 0.0000	</row2>
					<row3>	0.3707 0.2068 0.4215 1.0000	</row3>
				</transform>
			</node>
			<node>
				<identifier>	MP_CM052_Fender_INDEX_6	</identifier>
				<transform>
					<row0>	0.0000 0.0000 0.8500 0.0000	</row0>
					<row1>	0.0000 0.8500 0.0000 0.0000	</row1>
					<row2>	-0.8500 0.0000 0.0000 0.0000	</row2>
					<row3>	-0.2440 0.2134 -0.1171 1.0000	</row3>
				</transform>
			</node>
			<node>
				<identifier>	MP_CM052_Fender_INDEX_7	</identifier>
				<transform>
					<row0>	0.0000 0.0000 0.8500 0.0000	</row0>
					<row1>	0.0000 0.8500 0.0000 0.0000	</row1>
					<row2>	-0.8500 0.0000 0.0000 0.0000	</row2>
					<row3>	-0.1264 0.2186 -1.3808 1.0000	</row3>
				</transform>
			</node>
			<node>
				<identifier>	MP_CM057_Accommodation_Ladder_Closed	</identifier>
				<transform>
					<row0>	-0.0029 -1.0000 -0.0020 0.0000	</row0>
					<row1>	0.8812 -0.0016 -0.4728 0.0000	</row1>
					<row2>	0.4728 -0.0032 0.8812 0.0000	</row2>
					<row3>	0.2940 0.3841 -0.5026 1.0000	</row3>
				</transform>
			</node>
			<node>
				<identifier>	MP_CM057_Accommodation_Ladder_Closed_INDEX_1	</identifier>
				<transform>
					<row0>	-0.0029 1.0000 0.0084 0.0000	</row0>
					<row1>	-0.8812 0.0014 -0.4728 0.0000	</row1>
					<row2>	-0.4728 -0.0087 0.8811 0.0000	</row2>
					<row3>	-0.2940 0.3859 -0.5026 1.0000	</row3>
				</transform>
			</node>
			<node>
				<identifier>	MP_CM126_Cleat	</identifier>
				<transform>
					<row0>	0.9984 0.0557 0.0000 0.0000	</row0>
					<row1>	-0.0557 0.9984 0.0000 0.0000	</row1>
					<row2>	0.0000 0.0000 1.0000 0.0000	</row2>
					<row3>	-0.3671 0.2062 -1.3524 1.0000	</row3>
				</transform>
			</node>
			<node>
				<identifier>	MP_CM126_Cleat_INDEX_1	</identifier>
				<transform>
					<row0>	0.9984 0.0557 0.0000 0.0000	</row0>
					<row1>	-0.0557 0.9984 0.0000 0.0000	</row1>
					<row2>	0.0000 0.0000 1.0000 0.0000	</row2>
					<row3>	-0.3671 0.2062 -1.2451 1.0000	</row3>
				</transform>
			</node>
			<node>
				<identifier>	MP_CM126_Cleat_INDEX_2	</identifier>
				<transform>
					<row0>	0.9984 -0.0557 0.0000 0.0000	</row0>
					<row1>	0.0557 0.9984 0.0000 0.0000	</row1>
					<row2>	0.0000 0.0000 1.0000 0.0000	</row2>
					<row3>	0.3671 0.2062 -1.2451 1.0000	</row3>
				</transform>
			</node>
			<node>
				<identifier>	MP_CM126_Cleat_INDEX_3	</identifier>
				<transform>
					<row0>	0.9984 -0.0557 0.0000 0.0000	</row0>
					<row1>	0.0557 0.9984 0.0000 0.0000	</row1>
					<row2>	0.0000 0.0000 1.0000 0.0000	</row2>
					<row3>	0.3671 0.2062 -1.3524 1.0000	</row3>
				</transform>
			</node>
			<node>
				<identifier>	MP_CM161_Propeller_4_8m_BB_R	</identifier>
				<transform>
					<row0>	0.8890 0.0000 0.0025 0.0000	</row0>
					<row1>	0.0000 0.8884 -0.0339 0.0000	</row1>
					<row2>	-0.0025 0.0339 0.8883 0.0000	</row2>
					<row3>	0.1625 -0.2277 -3.6824 1.0000	</row3>
				</transform>
			</node>
			<node>
				<identifier>	MP_CM162_Propeller_4_8m_BB_L	</identifier>
				<transform>
					<row0>	0.8890 0.0000 -0.0025 0.0000	</row0>
					<row1>	0.0000 0.8884 -0.0339 0.0000	</row1>
					<row2>	0.0025 0.0339 0.8883 0.0000	</row2>
					<row3>	-0.1625 -0.2275 -3.6824 1.0000	</row3>
				</transform>
			</node>
			<node>
				<identifier>	MP_HM007_Lifebuoy	</identifier>
				<transform>
					<row0>	0.0000 0.0000 1.0000 0.0000	</row0>
					<row1>	0.0000 1.0000 0.0000 0.0000	</row1>
					<row2>	-1.0000 0.0000 0.0000 0.0000	</row2>
					<row3>	0.3950 0.4111 -0.2056 1.0000	</row3>
				</transform>
			</node>
			<node>
				<identifier>	MP_HM007_Lifebuoy_INDEX_1	</identifier>
				<transform>
					<row0>	0.3964 0.0000 0.9181 0.0000	</row0>
					<row1>	0.0000 1.0000 0.0000 0.0000	</row1>
					<row2>	-0.9181 0.0000 0.3964 0.0000	</row2>
					<row3>	0.1156 0.3295 -2.7109 1.0000	</row3>
				</transform>
			</node>
			<node>
				<identifier>	MP_HM007_Lifebuoy_INDEX_2	</identifier>
				<transform>
					<row0>	0.3964 0.0000 -0.9181 0.0000	</row0>
					<row1>	0.0000 1.0000 0.0000 0.0000	</row1>
					<row2>	0.9181 0.0000 0.3964 0.0000	</row2>
					<row3>	-0.1156 0.3295 -2.7109 1.0000	</row3>
				</transform>
			</node>
			<node>
				<identifier>	MP_HM007_Lifebuoy_INDEX_3	</identifier>
				<transform>
					<row0>	0.0000 0.0000 -1.0000 0.0000	</row0>
					<row1>	0.0000 1.0000 0.0000 0.0000	</row1>
					<row2>	1.0000 0.0000 0.0000 0.0000	</row2>
					<row3>	-0.3950 0.4111 -0.2056 1.0000	</row3>
				</transform>
			</node>
			<node>
				<identifier>	MP_HM007_Lifebuoy_INDEX_4	</identifier>
				<transform>
					<row0>	0.4488 0.0000 -0.8936 0.0000	</row0>
					<row1>	0.0000 1.0000 0.0000 0.0000	</row1>
					<row2>	0.8936 0.0000 0.4488 0.0000	</row2>
					<row3>	0.3546 0.4082 -1.6635 1.0000	</row3>
				</transform>
			</node>
			<node>
				<identifier>	MP_HM007_Lifebuoy_INDEX_5	</identifier>
				<transform>
					<row0>	0.4488 0.0000 0.8936 0.0000	</row0>
					<row1>	0.0000 1.0000 0.0000 0.0000	</row1>
					<row2>	-0.8936 0.0000 0.4488 0.0000	</row2>
					<row3>	-0.3546 0.4082 -1.6635 1.0000	</row3>
				</transform>
			</node>
			<node>
				<identifier>	MP_HM030_Helmets	</identifier>
				<transform>
					<row0>	-1.0000 0.0000 0.0000 0.0000	</row0>
					<row1>	0.0000 1.0000 0.0000 0.0000	</row1>
					<row2>	0.0000 0.0000 -1.0000 0.0000	</row2>
					<row3>	0.0389 0.3711 -1.8504 1.0000	</row3>
				</transform>
			</node>
			<node>
				<identifier>	MP_HM030_Helmets_INDEX_1	</identifier>
				<transform>
					<row0>	0.0000 0.0000 -1.0000 0.0000	</row0>
					<row1>	0.0000 1.0000 0.0000 0.0000	</row1>
					<row2>	1.0000 0.0000 0.0000 0.0000	</row2>
					<row3>	-0.3891 0.3668 0.2506 1.0000	</row3>
				</transform>
			</node>
			<node>
				<identifier>	MP_HM030_Helmets_INDEX_2	</identifier>
				<transform>
					<row0>	0.0000 0.0000 1.0000 0.0000	</row0>
					<row1>	0.0000 1.0000 0.0000 0.0000	</row1>
					<row2>	-1.0000 0.0000 0.0000 0.0000	</row2>
					<row3>	-0.0587 0.3711 -1.8221 1.0000	</row3>
				</transform>
			</node>
			<node>
				<identifier>	MP_HM030_Helmets_INDEX_3	</identifier>
				<transform>
					<row0>	0.0000 0.0000 -1.0000 0.0000	</row0>
					<row1>	0.0000 1.0000 0.0000 0.0000	</row1>
					<row2>	1.0000 0.0000 0.0000 0.0000	</row2>
					<row3>	-0.3891 0.3668 -0.0304 1.0000	</row3>
				</transform>
			</node>
			<node>
				<identifier>	MP_HM030_Helmets_INDEX_4	</identifier>
				<transform>
					<row0>	-1.0000 0.0000 0.0000 0.0000	</row0>
					<row1>	0.0000 1.0000 0.0000 0.0000	</row1>
					<row2>	0.0000 0.0000 -1.0000 0.0000	</row2>
					<row3>	-0.0389 0.3711 -1.8504 1.0000	</row3>
				</transform>
			</node>
			<node>
				<identifier>	MP_HM030_Helmets_INDEX_5	</identifier>
				<transform>
					<row0>	0.0000 0.0000 1.0000 0.0000	</row0>
					<row1>	0.0000 1.0000 0.0000 0.0000	</row1>
					<row2>	-1.0000 0.0000 0.0000 0.0000	</row2>
					<row3>	0.3891 0.3668 -0.0304 1.0000	</row3>
				</transform>
			</node>
			<node>
				<identifier>	MP_HM030_Helmets_INDEX_6	</identifier>
				<transform>
					<row0>	0.0000 0.0000 -1.0000 0.0000	</row0>
					<row1>	0.0000 1.0000 0.0000 0.0000	</row1>
					<row2>	1.0000 0.0000 0.0000 0.0000	</row2>
					<row3>	0.0587 0.3711 -1.8221 1.0000	</row3>
				</transform>
			</node>
			<node>
				<identifier>	MP_HM030_Helmets_INDEX_7	</identifier>
				<transform>
					<row0>	0.0000 0.0000 1.0000 0.0000	</row0>
					<row1>	0.0000 1.0000 0.0000 0.0000	</row1>
					<row2>	-1.0000 0.0000 0.0000 0.0000	</row2>
					<row3>	0.3891 0.3668 0.2506 1.0000	</row3>
				</transform>
			</node>
			<node>
				<identifier>	MP_HM047_Crown	</identifier>
				<transform>
					<row0>	1.0000 0.0000 0.0000 0.0000	</row0>
					<row1>	0.0000 0.9848 -0.1736 0.0000	</row1>
					<row2>	0.0000 0.1736 0.9848 0.0000	</row2>
					<row3>	0.0000 0.5766 -4.1413 1.0000	</row3>
				</transform>
			</node>
			<node>
				<identifier>	MP_HM048_Crest_Tromp	</identifier>
				<transform>
					<row0>	-1.0000 0.0000 0.0000 0.0000	</row0>
					<row1>	0.0000 0.9867 -0.1623 0.0000	</row1>
					<row2>	0.0000 -0.1623 -0.9867 0.0000	</row2>
					<row3>	0.0000 0.3988 -2.7380 1.0000	</row3>
				</transform>
			</node>
			<node>
				<identifier>	MP_HM502_Life_Boat	</identifier>
				<transform>
					<row0>	0.0000 0.0052 1.0000 0.0000	</row0>
					<row1>	-0.0148 0.9999 -0.0052 0.0000	</row1>
					<row2>	-0.9999 -0.0148 0.0000 0.0000	</row2>
					<row3>	-0.0619 0.3945 0.5016 1.0000	</row3>
				</transform>
			</node>
			<node>
				<identifier>	MP_HM502_Life_Boat_INDEX_1	</identifier>
				<transform>
					<row0>	1.0000 0.0000 0.0000 0.0000	</row0>
					<row1>	0.0000 1.0000 -0.0066 0.0000	</row1>
					<row2>	0.0000 0.0066 1.0000 0.0000	</row2>
					<row3>	0.0000 0.3947 0.3533 1.0000	</row3>
				</transform>
			</node>
			<node>
				<identifier>	MP_HM502_Life_Boat_INDEX_10	</identifier>
				<transform>
					<row0>	0.0000 0.0052 1.0000 0.0000	</row0>
					<row1>	-0.0148 0.9999 -0.0052 0.0000	</row1>
					<row2>	-0.9999 -0.0148 0.0000 0.0000	</row2>
					<row3>	-0.0619 0.3636 0.5016 1.0000	</row3>
				</transform>
			</node>
			<node>
				<identifier>	MP_HM502_Life_Boat_INDEX_11	</identifier>
				<transform>
					<row0>	0.0000 -0.0052 -1.0000 0.0000	</row0>
					<row1>	0.0148 0.9999 -0.0052 0.0000	</row1>
					<row2>	0.9999 -0.0148 0.0000 0.0000	</row2>
					<row3>	0.0619 0.3945 0.5016 1.0000	</row3>
				</transform>
			</node>
			<node>
				<identifier>	MP_HM502_Life_Boat_INDEX_12	</identifier>
				<transform>
					<row0>	0.0000 -0.0052 -1.0000 0.0000	</row0>
					<row1>	0.0148 0.9999 -0.0052 0.0000	</row1>
					<row2>	0.9999 -0.0148 0.0000 0.0000	</row2>
					<row3>	0.0619 0.3636 0.5016 1.0000	</row3>
				</transform>
			</node>
			<node>
				<identifier>	MP_HM502_Life_Boat_INDEX_13	</identifier>
				<transform>
					<row0>	1.0000 0.0000 0.0000 0.0000	</row0>
					<row1>	0.0000 1.0000 -0.0066 0.0000	</row1>
					<row2>	0.0000 0.0066 1.0000 0.0000	</row2>
					<row3>	0.0000 0.4255 0.3533 1.0000	</row3>
				</transform>
			</node>
			<node>
				<identifier>	MP_HM502_Life_Boat_INDEX_14	</identifier>
				<transform>
					<row0>	-0.0058 -0.0079 1.0000 0.0000	</row0>
					<row1>	0.0764 0.9970 0.0083 0.0000	</row1>
					<row2>	-0.9971 0.0764 -0.0052 0.0000	</row2>
					<row3>	0.2761 0.3558 -2.0996 1.0000	</row3>
				</transform>
			</node>
			<node>
				<identifier>	MP_HM502_Life_Boat_INDEX_15	</identifier>
				<transform>
					<row0>	-0.0058 0.0079 -1.0000 0.0000	</row0>
					<row1>	-0.0764 0.9970 0.0083 0.0000	</row1>
					<row2>	0.9971 0.0764 -0.0052 0.0000	</row2>
					<row3>	-0.2808 0.4175 -2.0991 1.0000	</row3>
				</transform>
			</node>
			<node>
				<identifier>	MP_HM502_Life_Boat_INDEX_16	</identifier>
				<transform>
					<row0>	-0.0058 0.0079 -1.0000 0.0000	</row0>
					<row1>	-0.0764 0.9970 0.0083 0.0000	</row1>
					<row2>	0.9971 0.0764 -0.0052 0.0000	</row2>
					<row3>	-0.2761 0.3558 -2.0996 1.0000	</row3>
				</transform>
			</node>
			<node>
				<identifier>	MP_HM502_Life_Boat_INDEX_17	</identifier>
				<transform>
					<row0>	-1.0000 0.0000 0.0000 0.0000	</row0>
					<row1>	0.0000 1.0000 0.0000 0.0000	</row1>
					<row2>	0.0000 0.0000 -1.0000 0.0000	</row2>
					<row3>	0.0000 0.5357 -1.4581 1.0000	</row3>
				</transform>
			</node>
			<node>
				<identifier>	MP_HM502_Life_Boat_INDEX_18	</identifier>
				<transform>
					<row0>	-1.0000 0.0000 0.0000 0.0000	</row0>
					<row1>	0.0000 1.0000 0.0000 0.0000	</row1>
					<row2>	0.0000 0.0000 -1.0000 0.0000	</row2>
					<row3>	0.0000 0.5357 -1.5754 1.0000	</row3>
				</transform>
			</node>
			<node>
				<identifier>	MP_HM502_Life_Boat_INDEX_19	</identifier>
				<transform>
					<row0>	1.0000 0.0000 0.0000 0.0000	</row0>
					<row1>	0.0000 1.0000 -0.0066 0.0000	</row1>
					<row2>	0.0000 0.0066 1.0000 0.0000	</row2>
					<row3>	0.0000 0.3637 0.3533 1.0000	</row3>
				</transform>
			</node>
			<node>
				<identifier>	MP_HM502_Life_Boat_INDEX_2	</identifier>
				<transform>
					<row0>	0.0000 0.0000 -1.0000 0.0000	</row0>
					<row1>	0.0000 1.0000 0.0000 0.0000	</row1>
					<row2>	1.0000 0.0000 0.0000 0.0000	</row2>
					<row3>	0.0000 0.4938 -1.7583 1.0000	</row3>
				</transform>
			</node>
			<node>
				<identifier>	MP_HM502_Life_Boat_INDEX_20	</identifier>
				<transform>
					<row0>	-1.0000 0.0000 0.0000 0.0000	</row0>
					<row1>	0.0000 1.0000 0.0000 0.0000	</row1>
					<row2>	0.0000 0.0000 -1.0000 0.0000	</row2>
					<row3>	0.0000 0.5048 -1.5754 1.0000	</row3>
				</transform>
			</node>
			<node>
				<identifier>	MP_HM502_Life_Boat_INDEX_21	</identifier>
				<transform>
					<row0>	-0.0058 -0.0079 1.0000 0.0000	</row0>
					<row1>	0.0764 0.9970 0.0083 0.0000	</row1>
					<row2>	-0.9971 0.0764 -0.0052 0.0000	</row2>
					<row3>	0.2808 0.4175 -2.0991 1.0000	</row3>
				</transform>
			</node>
			<node>
				<identifier>	MP_HM502_Life_Boat_INDEX_22	</identifier>
				<transform>
					<row0>	-0.0058 -0.0079 1.0000 0.0000	</row0>
					<row1>	0.0764 0.9970 0.0083 0.0000	</row1>
					<row2>	-0.9971 0.0764 -0.0052 0.0000	</row2>
					<row3>	0.2784 0.3867 -2.0994 1.0000	</row3>
				</transform>
			</node>
			<node>
				<identifier>	MP_HM502_Life_Boat_INDEX_3	</identifier>
				<transform>
					<row0>	-1.0000 0.0000 0.0000 0.0000	</row0>
					<row1>	0.0000 1.0000 0.0000 0.0000	</row1>
					<row2>	0.0000 0.0000 -1.0000 0.0000	</row2>
					<row3>	0.0000 0.5048 -1.4581 1.0000	</row3>
				</transform>
			</node>
			<node>
				<identifier>	MP_HM502_Life_Boat_INDEX_4	</identifier>
				<transform>
					<row0>	0.0000 0.0052 1.0000 0.0000	</row0>
					<row1>	-0.0148 0.9999 -0.0052 0.0000	</row1>
					<row2>	-0.9999 -0.0148 0.0000 0.0000	</row2>
					<row3>	-0.0619 0.4255 0.5016 1.0000	</row3>
				</transform>
			</node>
			<node>
				<identifier>	MP_HM502_Life_Boat_INDEX_5	</identifier>
				<transform>
					<row0>	0.0000 0.0000 1.0000 0.0000	</row0>
					<row1>	-1.0000 0.0000 0.0000 0.0000	</row1>
					<row2>	0.0000 -1.0000 0.0000 0.0000	</row2>
					<row3>	-0.1206 0.4190 0.5016 1.0000	</row3>
				</transform>
			</node>
			<node>
				<identifier>	MP_HM502_Life_Boat_INDEX_6	</identifier>
				<transform>
					<row0>	-0.0058 0.0079 -1.0000 0.0000	</row0>
					<row1>	-0.0764 0.9970 0.0083 0.0000	</row1>
					<row2>	0.9971 0.0764 -0.0052 0.0000	</row2>
					<row3>	-0.2784 0.3867 -2.0994 1.0000	</row3>
				</transform>
			</node>
			<node>
				<identifier>	MP_HM502_Life_Boat_INDEX_7	</identifier>
				<transform>
					<row0>	0.0000 0.0000 -1.0000 0.0000	</row0>
					<row1>	0.0000 1.0000 0.0000 0.0000	</row1>
					<row2>	1.0000 0.0000 0.0000 0.0000	</row2>
					<row3>	0.0000 0.5247 -1.7583 1.0000	</row3>
				</transform>
			</node>
			<node>
				<identifier>	MP_HM502_Life_Boat_INDEX_8	</identifier>
				<transform>
					<row0>	0.0000 0.0000 -1.0000 0.0000	</row0>
					<row1>	1.0000 0.0000 0.0000 0.0000	</row1>
					<row2>	0.0000 -1.0000 0.0000 0.0000	</row2>
					<row3>	0.1206 0.4190 0.5016 1.0000	</row3>
				</transform>
			</node>
			<node>
				<identifier>	MP_HM502_Life_Boat_INDEX_9	</identifier>
				<transform>
					<row0>	0.0000 -0.0052 -1.0000 0.0000	</row0>
					<row1>	0.0148 0.9999 -0.0052 0.0000	</row1>
					<row2>	0.9999 -0.0148 0.0000 0.0000	</row2>
					<row3>	0.0619 0.4255 0.5016 1.0000	</row3>
				</transform>
			</node>
			<node>
				<identifier>	MP_HM611_Compass_Binnacle	</identifier>
				<transform>
					<row0>	1.0000 0.0000 0.0000 0.0000	</row0>
					<row1>	0.0000 1.0000 0.0000 0.0000	</row1>
					<row2>	0.0000 0.0000 1.0000 0.0000	</row2>
					<row3>	0.0000 0.4191 -0.9877 1.0000	</row3>
				</transform>
			</node>
			<node>
				<identifier>	MP_HM612_Voice_Tube	</identifier>
				<transform>
					<row0>	0.8980 0.0000 0.4401 0.0000	</row0>
					<row1>	0.0000 1.0000 0.0000 0.0000	</row1>
					<row2>	-0.4401 0.0000 0.8980 0.0000	</row2>
					<row3>	-0.0528 0.6095 -1.1654 1.0000	</row3>
				</transform>
			</node>
			<node>
				<identifier>	MP_HM613_Telephone	</identifier>
				<transform>
					<row0>	1.0000 0.0000 0.0000 0.0000	</row0>
					<row1>	0.0000 1.0000 0.0000 0.0000	</row1>
					<row2>	0.0000 0.0000 1.0000 0.0000	</row2>
					<row3>	0.0205 0.6668 -1.1471 1.0000	</row3>
				</transform>
			</node>
			<node>
				<identifier>	MP_HM967_Motor_for_Oerlikon	</identifier>
				<transform>
					<row0>	1.0000 0.0000 0.0000 0.0000	</row0>
					<row1>	0.0000 1.0000 0.0000 0.0000	</row1>
					<row2>	0.0000 0.0000 1.0000 0.0000	</row2>
					<row3>	-0.1519 0.3633 -1.7195 1.0000	</row3>
				</transform>
			</node>
			<node>
				<identifier>	MP_HM967_Motor_for_Oerlikon_INDEX_1	</identifier>
				<transform>
					<row0>	1.0000 0.0000 0.0000 0.0000	</row0>
					<row1>	0.0000 1.0000 0.0000 0.0000	</row1>
					<row2>	0.0000 0.0000 1.0000 0.0000	</row2>
					<row3>	0.1519 0.3633 -1.7195 1.0000	</row3>
				</transform>
			</node>
			<node>
				<identifier>	SP_YMS011_YHWL_M_1_INDEX_3	</identifier>
				<transform>
					<row0>	0.9994 -0.0132 -0.0320 0.0000	</row0>
					<row1>	0.0133 0.9999 0.0007 0.0000	</row1>
					<row2>	0.0319 -0.0011 0.9995 0.0000	</row2>
					<row3>	-0.4184 -0.0025 0.5955 1.0000	</row3>
				</transform>
			</node>
			<node>
				<identifier>	SP_YMS011_YHWL_M_1_INDEX_4	</identifier>
				<transform>
					<row0>	0.9673 0.2502 0.0409 0.0000	</row0>
					<row1>	-0.2501 0.9682 -0.0081 0.0000	</row1>
					<row2>	-0.0416 -0.0024 0.9991 0.0000	</row2>
					<row3>	-0.3583 -0.0017 -2.7965 1.0000	</row3>
				</transform>
			</node>
			<node>
				<identifier>	SP_YMS011_YHWL_M_1_INDEX_5	</identifier>
				<transform>
					<row0>	0.9998 0.0083 0.0190 0.0000	</row0>
					<row1>	-0.0083 1.0000 0.0003 0.0000	</row1>
					<row2>	-0.0190 -0.0004 0.9998 0.0000	</row2>
					<row3>	-0.4145 -0.0025 -1.1022 1.0000	</row3>
				</transform>
			</node>
			<node>
				<identifier>	SP_YMS011_YHWL_M_1_INDEX_6	</identifier>
				<transform>
					<row0>	0.9999 -0.0133 0.0071 0.0000	</row0>
					<row1>	0.0133 0.9999 0.0007 0.0000	</row1>
					<row2>	-0.0072 -0.0006 1.0000 0.0000	</row2>
					<row3>	-0.4262 -0.0029 -0.2520 1.0000	</row3>
				</transform>
			</node>
			<node>
				<identifier>	SP_YMS011_YHWL_M_1_INDEX_7	</identifier>
				<transform>
					<row0>	0.9907 0.1122 0.0768 0.0000	</row0>
					<row1>	-0.1130 0.9936 0.0063 0.0000	</row1>
					<row2>	-0.0756 -0.0149 0.9970 0.0000	</row2>
					<row3>	-0.2939 0.0106 -3.6343 1.0000	</row3>
				</transform>
			</node>
			<node>
				<identifier>	SP_YMS011_YHWL_M_1_INDEX_8	</identifier>
				<transform>
					<row0>	0.9986 0.0420 0.0328 0.0000	</row0>
					<row1>	-0.0420 0.9991 -0.0008 0.0000	</row1>
					<row2>	-0.0328 -0.0005 0.9995 0.0000	</row2>
					<row3>	-0.3921 -0.0017 -1.9523 1.0000	</row3>
				</transform>
			</node>
			<node>
				<identifier>	SP_YMS012_YHWR_M_1_INDEX_3	</identifier>
				<transform>
					<row0>	0.9999 0.0133 -0.0071 0.0000	</row0>
					<row1>	-0.0133 0.9999 0.0007 0.0000	</row1>
					<row2>	0.0072 -0.0006 1.0000 0.0000	</row2>
					<row3>	0.4262 -0.0029 -0.2520 1.0000	</row3>
				</transform>
			</node>
			<node>
				<identifier>	SP_YMS012_YHWR_M_1_INDEX_4	</identifier>
				<transform>
					<row0>	0.9986 -0.0420 -0.0328 0.0000	</row0>
					<row1>	0.0420 0.9991 -0.0008 0.0000	</row1>
					<row2>	0.0328 -0.0005 0.9995 0.0000	</row2>
					<row3>	0.3891 -0.0017 -1.9523 1.0000	</row3>
				</transform>
			</node>
			<node>
				<identifier>	SP_YMS012_YHWR_M_1_INDEX_5	</identifier>
				<transform>
					<row0>	0.9998 -0.0083 -0.0190 0.0000	</row0>
					<row1>	0.0083 1.0000 0.0003 0.0000	</row1>
					<row2>	0.0190 -0.0004 0.9998 0.0000	</row2>
					<row3>	0.4145 -0.0025 -1.1022 1.0000	</row3>
				</transform>
			</node>
			<node>
				<identifier>	SP_YMS012_YHWR_M_1_INDEX_6	</identifier>
				<transform>
					<row0>	0.9999 0.0133 0.0075 0.0000	</row0>
					<row1>	-0.0133 0.9999 0.0007 0.0000	</row1>
					<row2>	-0.0075 -0.0008 1.0000 0.0000	</row2>
					<row3>	0.4138 -0.0025 0.5955 1.0000	</row3>
				</transform>
			</node>
			<node>
				<identifier>	SP_YMS012_YHWR_M_1_INDEX_7	</identifier>
				<transform>
					<row0>	0.9946 -0.0421 -0.0951 0.0000	</row0>
					<row1>	0.0432 0.9990 0.0091 0.0000	</row1>
					<row2>	0.0947 -0.0131 0.9954 0.0000	</row2>
					<row3>	0.2919 0.0106 -3.6343 1.0000	</row3>
				</transform>
			</node>
			<node>
				<identifier>	SP_YMS012_YHWR_M_1_INDEX_8	</identifier>
				<transform>
					<row0>	0.9673 -0.2502 -0.0409 0.0000	</row0>
					<row1>	0.2501 0.9682 -0.0081 0.0000	</row1>
					<row2>	0.0416 -0.0024 0.9991 0.0000	</row2>
					<row3>	0.3460 -0.0017 -2.7965 1.0000	</row3>
				</transform>
			</node>
			<node>
				<identifier>	SP_YMS021_YHUC_S_1_INDEX_2	</identifier>
				<transform>
					<row0>	-0.3598 0.9330 0.0000 0.0000	</row0>
					<row1>	-0.9330 -0.3598 0.0000 0.0000	</row1>
					<row2>	0.0000 0.0000 1.0000 0.0000	</row2>
					<row3>	-0.3916 -0.1309 -1.0840 1.0000	</row3>
				</transform>
			</node>
			<node>
				<identifier>	SP_YMS021_YHUC_S_1_INDEX_3	</identifier>
				<transform>
					<row0>	-0.2415 0.9704 0.0000 0.0000	</row0>
					<row1>	-0.9704 -0.2415 0.0000 0.0000	</row1>
					<row2>	0.0000 0.0000 1.0000 0.0000	</row2>
					<row3>	-0.4116 -0.1309 0.0000 1.0000	</row3>
				</transform>
			</node>
			<node>
				<identifier>	SP_YMS023_YHUC_L_1	</identifier>
				<transform>
					<row0>	0.7052 0.0000 0.0000 0.0000	</row0>
					<row1>	0.0000 0.7047 -0.0270 0.0000	</row1>
					<row2>	0.0000 0.0270 0.7047 0.0000	</row2>
					<row3>	-0.1625 -0.2275 -3.6824 1.0000	</row3>
				</transform>
			</node>
			<node>
				<identifier>	SP_YMS023_YHUC_L_1_INDEX_1	</identifier>
				<transform>
					<row0>	0.7052 0.0000 0.0000 0.0000	</row0>
					<row1>	0.0000 0.7047 -0.0270 0.0000	</row1>
					<row2>	0.0000 0.0270 0.7047 0.0000	</row2>
					<row3>	0.1625 -0.2277 -3.6824 1.0000	</row3>
				</transform>
			</node>
			<node>
				<identifier>	SP_YMS030_YHAM_M_1	</identifier>
				<transform>
					<row0>	0.4966 0.0000 0.0000 0.0000	</row0>
					<row1>	0.0000 0.4966 0.0000 0.0000	</row1>
					<row2>	0.0000 0.0000 0.4966 0.0000	</row2>
					<row3>	0.0000 0.1104 -4.3157 1.0000	</row3>
				</transform>
			</node>
			<node>
				<identifier>	SP_YMS031_YHAL_M_1	</identifier>
				<transform>
					<row0>	0.5590 0.0000 0.0000 0.0000	</row0>
					<row1>	0.0000 0.5590 0.0000 0.0000	</row1>
					<row2>	0.0000 0.0000 0.5590 0.0000	</row2>
					<row3>	-0.2992 0.1568 -3.9828 1.0000	</row3>
				</transform>
			</node>
			<node>
				<identifier>	SP_YMS032_YHAR_M_1	</identifier>
				<transform>
					<row0>	0.5591 0.0000 0.0000 0.0000	</row0>
					<row1>	0.0000 0.5591 0.0000 0.0000	</row1>
					<row2>	0.0000 0.0000 0.5591 0.0000	</row2>
					<row3>	0.2992 0.1568 -3.9828 1.0000	</row3>
				</transform>
			</node>
			<node>
				<identifier>	SP_YMS044_YHTC_L_1	</identifier>
				<transform>
					<row0>	-0.2280 0.0000 0.2280 0.0000	</row0>
					<row1>	0.0000 0.3224 0.0000 0.0000	</row1>
					<row2>	-0.2280 0.0000 -0.2280 0.0000	</row2>
					<row3>	-0.2626 0.3661 -1.8115 1.0000	</row3>
				</transform>
			</node>
			<node>
				<identifier>	SP_YMS044_YHTC_L_1_INDEX_1	</identifier>
				<transform>
					<row0>	0.3300 0.0000 0.0000 0.0000	</row0>
					<row1>	0.0000 0.3300 0.0000 0.0000	</row1>
					<row2>	0.0000 0.0000 0.3300 0.0000	</row2>
					<row3>	0.2753 0.2606 -0.9013 1.0000	</row3>
				</transform>
			</node>
			<node>
				<identifier>	SP_YMS044_YHTC_L_1_INDEX_2	</identifier>
				<transform>
					<row0>	0.3325 0.0000 0.0000 0.0000	</row0>
					<row1>	0.0000 0.3325 0.0000 0.0000	</row1>
					<row2>	0.0000 0.0000 0.3325 0.0000	</row2>
					<row3>	0.0000 0.3783 -2.4854 1.0000	</row3>
				</transform>
			</node>
			<node>
				<identifier>	SP_YMS044_YHTC_L_1_INDEX_3	</identifier>
				<transform>
					<row0>	-0.2280 0.0000 -0.2280 0.0000	</row0>
					<row1>	0.0000 0.3224 0.0000 0.0000	</row1>
					<row2>	0.2280 0.0000 -0.2280 0.0000	</row2>
					<row3>	0.2626 0.3661 -1.8115 1.0000	</row3>
				</transform>
			</node>
			<node>
				<identifier>	SP_YMS044_YHTC_L_1_INDEX_4	</identifier>
				<transform>
					<row0>	0.3300 0.0000 0.0000 0.0000	</row0>
					<row1>	0.0000 0.3300 0.0000 0.0000	</row1>
					<row2>	0.0000 0.0000 0.3300 0.0000	</row2>
					<row3>	-0.2753 0.2606 -0.9013 1.0000	</row3>
				</transform>
			</node>
			<node>
				<identifier>	SP_YMS044_YHTC_L_1_INDEX_5	</identifier>
				<transform>
					<row0>	0.4546 0.0000 0.0000 0.0000	</row0>
					<row1>	0.0000 0.4546 0.0000 0.0000	</row1>
					<row2>	0.0000 0.0000 0.4546 0.0000	</row2>
					<row3>	0.0000 0.4242 -2.1624 1.0000	</row3>
				</transform>
			</node>
			<node>
				<identifier>	SP_YMS050_YHDC_M_1_INDEX_3	</identifier>
				<transform>
					<row0>	0.0000 0.0000 0.6115 0.0000	</row0>
					<row1>	0.0000 0.6115 0.0000 0.0000	</row1>
					<row2>	-0.6115 0.0000 0.0000 0.0000	</row2>
					<row3>	0.0986 0.2161 -1.2256 1.0000	</row3>
				</transform>
			</node>
			<node>
				<identifier>	SP_YMS050_YHDC_M_1_INDEX_4	</identifier>
				<transform>
					<row0>	0.5906 0.0000 0.0000 0.0000	</row0>
					<row1>	0.0000 0.5906 0.0000 0.0000	</row1>
					<row2>	0.0000 0.0000 0.5906 0.0000	</row2>
					<row3>	0.0000 0.2210 -0.6910 1.0000	</row3>
				</transform>
			</node>
			<node>
				<identifier>	SP_YMS050_YHDC_M_1_INDEX_5	</identifier>
				<transform>
					<row0>	0.0000 0.0000 -0.6115 0.0000	</row0>
					<row1>	0.0000 0.6115 0.0000 0.0000	</row1>
					<row2>	0.6115 0.0000 0.0000 0.0000	</row2>
					<row3>	-0.0986 0.2161 -1.2256 1.0000	</row3>
				</transform>
			</node>
			<node>
				<identifier>	SP_YMS053_YHDC_S_1_INDEX_10	</identifier>
				<transform>
					<row0>	0.0000 0.0000 -0.6529 0.0000	</row0>
					<row1>	0.0000 0.6529 0.0000 0.0000	</row1>
					<row2>	0.6529 0.0000 0.0000 0.0000	</row2>
					<row3>	0.2811 0.3649 0.4820 1.0000	</row3>
				</transform>
			</node>
			<node>
				<identifier>	SP_YMS053_YHDC_S_1_INDEX_11	</identifier>
				<transform>
					<row0>	-0.6529 0.0000 0.0000 0.0000	</row0>
					<row1>	0.0000 0.6529 0.0000 0.0000	</row1>
					<row2>	0.0000 0.0000 -0.6529 0.0000	</row2>
					<row3>	-0.2807 0.2192 -1.2171 1.0000	</row3>
				</transform>
			</node>
			<node>
				<identifier>	SP_YMS053_YHDC_S_1_INDEX_2	</identifier>
				<transform>
					<row0>	-0.6529 0.0000 0.0000 0.0000	</row0>
					<row1>	0.0000 0.6529 0.0000 0.0000	</row1>
					<row2>	0.0000 0.0000 -0.6529 0.0000	</row2>
					<row3>	0.0000 0.3733 -1.9704 1.0000	</row3>
				</transform>
			</node>
			<node>
				<identifier>	SP_YMS053_YHDC_S_1_INDEX_3	</identifier>
				<transform>
					<row0>	-0.6529 0.0000 0.0000 0.0000	</row0>
					<row1>	0.0000 0.6529 0.0000 0.0000	</row1>
					<row2>	0.0000 0.0000 -0.6529 0.0000	</row2>
					<row3>	-0.2747 0.2205 -2.5730 1.0000	</row3>
				</transform>
			</node>
			<node>
				<identifier>	SP_YMS053_YHDC_S_1_INDEX_4	</identifier>
				<transform>
					<row0>	-0.6529 0.0000 0.0000 0.0000	</row0>
					<row1>	0.0000 0.6529 0.0000 0.0000	</row1>
