<BSD015_Cossack_1938_Stern_ports.visual>
	<node>
		<identifier>	Scene Root	</identifier>
		<transform>
			<row0>	1.0000 0.0000 0.0000 0.0000	</row0>
			<row1>	0.0000 1.0000 0.0000 0.0000	</row1>
			<row2>	0.0000 0.0000 1.0000 0.0000	</row2>
			<row3>	0.0000 0.0000 0.0000 1.0000	</row3>
		</transform>
		<node>
			<identifier>	Stern_ports	</identifier>
			<transform>
				<row0>	1.0000 0.0000 0.0000 0.0000	</row0>
				<row1>	0.0000 1.0000 0.0000 0.0000	</row1>
				<row2>	0.0000 0.0000 1.0000 0.0000	</row2>
				<row3>	0.0000 0.0000 0.0000 1.0000	</row3>
			</transform>
			<node>
				<identifier>	HP_BGB_3	</identifier>
				<transform>
					<row0>	-1.0000 0.0000 0.0000 0.0000	</row0>
					<row1>	0.0000 1.0000 0.0000 0.0000	</row1>
					<row2>	0.0000 0.0000 -1.0000 0.0000	</row2>
					<row3>	0.0000 0.1759 -3.6490 1.0000	</row3>
				</transform>
			</node>
			<node>
				<identifier>	HP_BGM_4	</identifier>
				<transform>
					<row0>	-1.0000 0.0000 0.0000 0.0000	</row0>
					<row1>	0.0000 1.0000 0.0000 0.0000	</row1>
					<row2>	0.0000 0.0000 -1.0000 0.0000	</row2>
					<row3>	0.0000 0.1843 -2.9838 1.0000	</row3>
				</transform>
			</node>
			<node>
				<identifier>	HP_FX_Fire_4	</identifier>
				<transform>
					<row0>	1.0000 0.0000 0.0000 0.0000	</row0>
					<row1>	0.0000 1.0000 0.0000 0.0000	</row1>
					<row2>	0.0000 0.0000 1.0000 0.0000	</row2>
					<row3>	0.0000 0.1873 -3.2546 1.0000	</row3>
				</transform>
			</node>
			<node>
				<identifier>	HP_FX_WakeTraceBack	</identifier>
				<transform>
					<row0>	1.0000 0.0000 0.0000 0.0000	</row0>
					<row1>	0.0000 1.0000 0.0000 0.0000	</row1>
					<row2>	0.0000 0.0000 1.0000 0.0000	</row2>
					<row3>	0.0000 0.0000 -3.7071 1.0000	</row3>
				</transform>
			</node>
			<node>
				<identifier>	HP_FX_WakeTrace_screw_1	</identifier>
				<transform>
					<row0>	1.0000 0.0000 0.0000 0.0000	</row0>
					<row1>	0.0000 1.0000 0.0000 0.0000	</row1>
					<row2>	0.0000 0.0000 1.0000 0.0000	</row2>
					<row3>	-0.1048 -0.2325 -3.3670 1.0000	</row3>
				</transform>
			</node>
			<node>
				<identifier>	HP_FX_WakeTrace_screw_2	</identifier>
				<transform>
					<row0>	1.0000 0.0000 0.0000 0.0000	</row0>
					<row1>	0.0000 1.0000 0.0000 0.0000	</row1>
					<row2>	0.0000 0.0000 1.0000 0.0000	</row2>
					<row3>	0.1048 -0.2325 -3.3670 1.0000	</row3>
				</transform>
			</node>
			<node>
				<identifier>	HP_Ship_death_3	</identifier>
				<transform>
					<row0>	1.0000 0.0000 0.0000 0.0000	</row0>
					<row1>	0.0000 1.0000 0.0000 0.0000	</row1>
					<row2>	0.0000 0.0000 1.0000 0.0000	</row2>
					<row3>	0.0000 0.0000 -2.4761 1.0000	</row3>
				</transform>
			</node>
			<node>
				<identifier>	MP_BM009_Depth_Charge	</identifier>
				<transform>
					<row0>	1.0000 0.0000 0.0000 0.0000	</row0>
					<row1>	0.0000 0.0000 -1.0000 0.0000	</row1>
					<row2>	0.0000 1.0000 0.0000 0.0000	</row2>
					<row3>	0.0327 0.1854 -3.4407 1.0000	</row3>
				</transform>
			</node>
			<node>
				<identifier>	MP_BM009_Depth_Charge_INDEX_1	</identifier>
				<transform>
					<row0>	0.3699 0.0000 -0.9291 0.0000	</row0>
					<row1>	-0.9291 0.0000 -0.3699 0.0000	</row1>
					<row2>	0.0000 1.0000 0.0000 0.0000	</row2>
					<row3>	-0.0812 0.1861 -3.5445 1.0000	</row3>
				</transform>
			</node>
			<node>
				<identifier>	MP_BM009_Depth_Charge_INDEX_2	</identifier>
				<transform>
					<row0>	0.3699 0.0000 -0.9291 0.0000	</row0>
					<row1>	-0.9291 0.0000 -0.3699 0.0000	</row1>
					<row2>	0.0000 1.0000 0.0000 0.0000	</row2>
					<row3>	-0.0936 0.1861 -3.5136 1.0000	</row3>
				</transform>
			</node>
			<node>
				<identifier>	MP_BM009_Depth_Charge_INDEX_3	</identifier>
				<transform>
					<row0>	0.3699 0.0000 0.9291 0.0000	</row0>
					<row1>	0.9291 0.0000 -0.3699 0.0000	</row1>
					<row2>	0.0000 1.0000 0.0000 0.0000	</row2>
					<row3>	0.0933 0.1861 -3.5135 1.0000	</row3>
				</transform>
			</node>
			<node>
				<identifier>	MP_BM009_Depth_Charge_INDEX_4	</identifier>
				<transform>
					<row0>	0.3699 0.0000 -0.9291 0.0000	</row0>
					<row1>	-0.9291 0.0000 -0.3699 0.0000	</row1>
					<row2>	0.0000 1.0000 0.0000 0.0000	</row2>
					<row3>	-0.1056 0.1861 -3.4833 1.0000	</row3>
				</transform>
			</node>
			<node>
				<identifier>	MP_BM009_Depth_Charge_INDEX_5	</identifier>
				<transform>
					<row0>	1.0000 0.0000 0.0000 0.0000	</row0>
					<row1>	0.0000 0.0000 -1.0000 0.0000	</row1>
					<row2>	0.0000 1.0000 0.0000 0.0000	</row2>
					<row3>	-0.0334 0.1854 -3.4407 1.0000	</row3>
				</transform>
			</node>
			<node>
				<identifier>	MP_BM009_Depth_Charge_INDEX_6	</identifier>
				<transform>
					<row0>	0.3699 0.0000 0.9291 0.0000	</row0>
					<row1>	0.9291 0.0000 -0.3699 0.0000	</row1>
					<row2>	0.0000 1.0000 0.0000 0.0000	</row2>
					<row3>	0.0810 0.1861 -3.5444 1.0000	</row3>
				</transform>
			</node>
			<node>
				<identifier>	MP_BM009_Depth_Charge_INDEX_7	</identifier>
				<transform>
					<row0>	0.3699 0.0000 0.9291 0.0000	</row0>
					<row1>	0.9291 0.0000 -0.3699 0.0000	</row1>
					<row2>	0.0000 1.0000 0.0000 0.0000	</row2>
					<row3>	0.1054 0.1861 -3.4832 1.0000	</row3>
				</transform>
			</node>
			<node>
				<identifier>	MP_BM009_Depth_Charge_INDEX_8	</identifier>
				<transform>
					<row0>	1.0000 0.0000 0.0000 0.0000	</row0>
					<row1>	0.0000 0.0000 -1.0000 0.0000	</row1>
					<row2>	0.0000 1.0000 0.0000 0.0000	</row2>
					<row3>	0.0000 0.1854 -3.4407 1.0000	</row3>
				</transform>
			</node>
			<node>
				<identifier>	MP_BM020_Smoke_floats	</identifier>
				<transform>
					<row0>	1.0000 0.0000 0.0000 0.0000	</row0>
					<row1>	0.0000 1.0000 0.0000 0.0000	</row1>
					<row2>	0.0000 0.0000 1.0000 0.0000	</row2>
					<row3>	0.0472 0.3491 -2.6922 1.0000	</row3>
				</transform>
			</node>
			<node>
				<identifier>	MP_BM020_Smoke_floats_INDEX_1	</identifier>
				<transform>
					<row0>	1.0000 0.0000 0.0000 0.0000	</row0>
					<row1>	0.0000 1.0000 0.0000 0.0000	</row1>
					<row2>	0.0000 0.0000 1.0000 0.0000	</row2>
					<row3>	-0.0472 0.3606 -2.7349 1.0000	</row3>
				</transform>
			</node>
			<node>
				<identifier>	MP_BM020_Smoke_floats_INDEX_2	</identifier>
				<transform>
					<row0>	1.0000 0.0000 0.0000 0.0000	</row0>
					<row1>	0.0000 1.0000 0.0000 0.0000	</row1>
					<row2>	0.0000 0.0000 1.0000 0.0000	</row2>
					<row3>	0.0472 0.3606 -2.7349 1.0000	</row3>
				</transform>
			</node>
			<node>
				<identifier>	MP_BM020_Smoke_floats_INDEX_3	</identifier>
				<transform>
					<row0>	1.0000 0.0000 0.0000 0.0000	</row0>
					<row1>	0.0000 1.0000 0.0000 0.0000	</row1>
					<row2>	0.0000 0.0000 1.0000 0.0000	</row2>
					<row3>	-0.0472 0.3491 -2.6922 1.0000	</row3>
				</transform>
			</node>
			<node>
				<identifier>	MP_BM020_Smoke_floats_INDEX_4	</identifier>
				<transform>
					<row0>	1.0000 0.0000 0.0000 0.0000	</row0>
					<row1>	0.0000 1.0000 0.0000 0.0000	</row1>
					<row2>	0.0000 0.0000 1.0000 0.0000	</row2>
					<row3>	-0.0472 0.3716 -2.7779 1.0000	</row3>
				</transform>
			</node>
			<node>
				<identifier>	MP_BM020_Smoke_floats_INDEX_5	</identifier>
				<transform>
					<row0>	1.0000 0.0000 0.0000 0.0000	</row0>
					<row1>	0.0000 1.0000 0.0000 0.0000	</row1>
					<row2>	0.0000 0.0000 1.0000 0.0000	</row2>
					<row3>	0.0472 0.3716 -2.7779 1.0000	</row3>
				</transform>
			</node>
			<node>
				<identifier>	MP_BM021_Crown	</identifier>
				<transform>
					<row0>	0.6429 0.0000 0.0000 0.0000	</row0>
					<row1>	0.0000 0.6333 -0.1105 0.0000	</row1>
					<row2>	0.0000 0.1105 0.6333 0.0000	</row2>
					<row3>	0.0120 0.5625 -3.7659 1.0000	</row3>
				</transform>
			</node>
			<node>
				<identifier>	MP_BM039_Artillery_shell	</identifier>
				<transform>
					<row0>	0.0000 0.0000 1.0000 0.0000	</row0>
					<row1>	0.0000 1.0000 0.0000 0.0000	</row1>
					<row2>	-1.0000 0.0000 0.0000 0.0000	</row2>
					<row3>	-0.1368 0.1828 -2.7467 1.0000	</row3>
				</transform>
			</node>
			<node>
				<identifier>	MP_BM039_Artillery_shell_INDEX_1	</identifier>
				<transform>
					<row0>	0.9762 0.0000 -0.2169 0.0000	</row0>
					<row1>	0.0000 1.0000 0.0000 0.0000	</row1>
					<row2>	0.2169 0.0000 0.9762 0.0000	</row2>
					<row3>	0.2238 0.1789 -3.3887 1.0000	</row3>
				</transform>
			</node>
			<node>
				<identifier>	MP_BM039_Artillery_shell_INDEX_10	</identifier>
				<transform>
					<row0>	-0.9962 0.0000 -0.0872 0.0000	</row0>
					<row1>	0.0000 1.0000 0.0000 0.0000	</row1>
					<row2>	0.0872 0.0000 -0.9962 0.0000	</row2>
					<row3>	-0.2851 0.1747 -2.8924 1.0000	</row3>
				</transform>
			</node>
			<node>
				<identifier>	MP_BM039_Artillery_shell_INDEX_11	</identifier>
				<transform>
					<row0>	0.9778 0.0000 -0.2096 0.0000	</row0>
					<row1>	0.0000 1.0000 0.0000 0.0000	</row1>
					<row2>	0.2096 0.0000 0.9778 0.0000	</row2>
					<row3>	0.2150 0.1792 -3.4271 1.0000	</row3>
				</transform>
			</node>
			<node>
				<identifier>	MP_BM039_Artillery_shell_INDEX_12	</identifier>
				<transform>
					<row0>	-0.9962 0.0000 -0.0872 0.0000	</row0>
					<row1>	0.0000 1.0000 0.0000 0.0000	</row1>
					<row2>	0.0872 0.0000 -0.9962 0.0000	</row2>
					<row3>	-0.2810 0.1747 -2.9389 1.0000	</row3>
				</transform>
			</node>
			<node>
				<identifier>	MP_BM039_Artillery_shell_INDEX_13	</identifier>
				<transform>
					<row0>	-0.8660 0.0000 -0.5000 0.0000	</row0>
					<row1>	0.0000 1.0000 0.0000 0.0000	</row1>
					<row2>	0.5000 0.0000 -0.8660 0.0000	</row2>
					<row3>	-0.1535 0.1816 -3.6044 1.0000	</row3>
				</transform>
			</node>
			<node>
				<identifier>	MP_BM039_Artillery_shell_INDEX_14	</identifier>
				<transform>
					<row0>	0.9976 0.0000 -0.0698 0.0000	</row0>
					<row1>	0.0000 1.0000 0.0000 0.0000	</row1>
					<row2>	0.0698 0.0000 0.9976 0.0000	</row2>
					<row3>	0.2810 0.1747 -2.9389 1.0000	</row3>
				</transform>
			</node>
			<node>
				<identifier>	MP_BM039_Artillery_shell_INDEX_15	</identifier>
				<transform>
					<row0>	0.9955 0.0000 -0.0950 0.0000	</row0>
					<row1>	0.0000 1.0000 0.0000 0.0000	</row1>
					<row2>	0.0950 0.0000 0.9955 0.0000	</row2>
					<row3>	0.2968 0.1735 -2.7488 1.0000	</row3>
				</transform>
			</node>
			<node>
				<identifier>	MP_BM039_Artillery_shell_INDEX_16	</identifier>
				<transform>
					<row0>	0.8710 0.0000 -0.4912 0.0000	</row0>
					<row1>	0.0000 1.0000 0.0000 0.0000	</row1>
					<row2>	0.4912 0.0000 0.8710 0.0000	</row2>
					<row3>	0.1748 0.1808 -3.5658 1.0000	</row3>
				</transform>
			</node>
			<node>
				<identifier>	MP_BM039_Artillery_shell_INDEX_17	</identifier>
				<transform>
					<row0>	0.0000 0.0000 1.0000 0.0000	</row0>
					<row1>	0.0000 1.0000 0.0000 0.0000	</row1>
					<row2>	-1.0000 0.0000 0.0000 0.0000	</row2>
					<row3>	-0.1235 0.1837 -2.6252 1.0000	</row3>
				</transform>
			</node>
			<node>
				<identifier>	MP_BM039_Artillery_shell_INDEX_18	</identifier>
				<transform>
					<row0>	0.9949 0.0000 -0.1004 0.0000	</row0>
					<row1>	0.0000 1.0000 0.0000 0.0000	</row1>
					<row2>	0.1004 0.0000 0.9949 0.0000	</row2>
					<row3>	0.2715 0.1749 -3.0435 1.0000	</row3>
				</transform>
			</node>
			<node>
				<identifier>	MP_BM039_Artillery_shell_INDEX_19	</identifier>
				<transform>
					<row0>	0.0000 0.0000 1.0000 0.0000	</row0>
					<row1>	0.0000 1.0000 0.0000 0.0000	</row1>
					<row2>	-1.0000 0.0000 0.0000 0.0000	</row2>
					<row3>	0.1235 0.1837 -2.6252 1.0000	</row3>
				</transform>
			</node>
			<node>
				<identifier>	MP_BM039_Artillery_shell_INDEX_2	</identifier>
				<transform>
					<row0>	0.9621 0.0000 -0.2728 0.0000	</row0>
					<row1>	0.0000 1.0000 0.0000 0.0000	</row1>
					<row2>	0.2728 0.0000 0.9621 0.0000	</row2>
					<row3>	0.2027 0.1798 -3.4746 1.0000	</row3>
				</transform>
			</node>
			<node>
				<identifier>	MP_BM039_Artillery_shell_INDEX_20	</identifier>
				<transform>
					<row0>	-0.9659 0.0000 -0.2588 0.0000	</row0>
					<row1>	0.0000 1.0000 0.0000 0.0000	</row1>
					<row2>	0.2588 0.0000 -0.9659 0.0000	</row2>
					<row3>	-0.2027 0.1798 -3.4746 1.0000	</row3>
				</transform>
			</node>
			<node>
				<identifier>	MP_BM039_Artillery_shell_INDEX_21	</identifier>
				<transform>
					<row0>	-0.9659 0.0000 -0.2588 0.0000	</row0>
					<row1>	0.0000 1.0000 0.0000 0.0000	</row1>
					<row2>	0.2588 0.0000 -0.9659 0.0000	</row2>
					<row3>	-0.2150 0.1792 -3.4271 1.0000	</row3>
				</transform>
			</node>
			<node>
				<identifier>	MP_BM039_Artillery_shell_INDEX_22	</identifier>
				<transform>
					<row0>	0.9976 0.0000 -0.0698 0.0000	</row0>
					<row1>	0.0000 1.0000 0.0000 0.0000	</row1>
					<row2>	0.0698 0.0000 0.9976 0.0000	</row2>
					<row3>	0.2934 0.1743 -2.7934 1.0000	</row3>
				</transform>
			</node>
			<node>
				<identifier>	MP_BM039_Artillery_shell_INDEX_23	</identifier>
				<transform>
					<row0>	-0.9962 0.0000 -0.0872 0.0000	</row0>
					<row1>	0.0000 1.0000 0.0000 0.0000	</row1>
					<row2>	0.0872 0.0000 -0.9962 0.0000	</row2>
					<row3>	-0.2715 0.1749 -3.0435 1.0000	</row3>
				</transform>
			</node>
			<node>
				<identifier>	MP_BM039_Artillery_shell_INDEX_24	</identifier>
				<transform>
					<row0>	0.9905 0.0000 -0.1378 0.0000	</row0>
					<row1>	0.0000 1.0000 0.0000 0.0000	</row1>
					<row2>	0.1378 0.0000 0.9905 0.0000	</row2>
					<row3>	0.2599 0.1758 -3.1673 1.0000	</row3>
				</transform>
			</node>
			<node>
				<identifier>	MP_BM039_Artillery_shell_INDEX_25	</identifier>
				<transform>
					<row0>	-0.9848 0.0000 -0.1736 0.0000	</row0>
					<row1>	0.0000 1.0000 0.0000 0.0000	</row1>
					<row2>	0.1736 0.0000 -0.9848 0.0000	</row2>
					<row3>	-0.2599 0.1758 -3.1673 1.0000	</row3>
				</transform>
			</node>
			<node>
				<identifier>	MP_BM039_Artillery_shell_INDEX_26	</identifier>
				<transform>
					<row0>	0.0000 0.0000 1.0000 0.0000	</row0>
					<row1>	0.0000 1.0000 0.0000 0.0000	</row1>
					<row2>	-1.0000 0.0000 0.0000 0.0000	</row2>
					<row3>	-0.1006 0.1840 -2.6252 1.0000	</row3>
				</transform>
			</node>
			<node>
				<identifier>	MP_BM039_Artillery_shell_INDEX_27	</identifier>
				<transform>
					<row0>	0.9949 0.0000 -0.1004 0.0000	</row0>
					<row1>	0.0000 1.0000 0.0000 0.0000	</row1>
					<row2>	0.1004 0.0000 0.9949 0.0000	</row2>
					<row3>	0.2764 0.1749 -2.9904 1.0000	</row3>
				</transform>
			</node>
			<node>
				<identifier>	MP_BM039_Artillery_shell_INDEX_28	</identifier>
				<transform>
					<row0>	-0.8660 0.0000 -0.5000 0.0000	</row0>
					<row1>	0.0000 1.0000 0.0000 0.0000	</row1>
					<row2>	0.5000 0.0000 -0.8660 0.0000	</row2>
					<row3>	-0.1748 0.1808 -3.5658 1.0000	</row3>
				</transform>
			</node>
			<node>
				<identifier>	MP_BM039_Artillery_shell_INDEX_29	</identifier>
				<transform>
					<row0>	-0.9962 0.0000 -0.0872 0.0000	</row0>
					<row1>	0.0000 1.0000 0.0000 0.0000	</row1>
					<row2>	0.0872 0.0000 -0.9962 0.0000	</row2>
					<row3>	-0.2968 0.1735 -2.7488 1.0000	</row3>
				</transform>
			</node>
			<node>
				<identifier>	MP_BM039_Artillery_shell_INDEX_3	</identifier>
				<transform>
					<row0>	-0.9659 0.0000 -0.2588 0.0000	</row0>
					<row1>	0.0000 1.0000 0.0000 0.0000	</row1>
					<row2>	0.2588 0.0000 -0.9659 0.0000	</row2>
					<row3>	-0.2238 0.1789 -3.3887 1.0000	</row3>
				</transform>
			</node>
			<node>
				<identifier>	MP_BM039_Artillery_shell_INDEX_30	</identifier>
				<transform>
					<row0>	0.8789 0.0000 -0.4769 0.0000	</row0>
					<row1>	0.0000 1.0000 0.0000 0.0000	</row1>
					<row2>	0.4769 0.0000 0.8789 0.0000	</row2>
					<row3>	0.1535 0.1816 -3.6044 1.0000	</row3>
				</transform>
			</node>
			<node>
				<identifier>	MP_BM039_Artillery_shell_INDEX_31	</identifier>
				<transform>
					<row0>	0.9976 0.0000 -0.0698 0.0000	</row0>
					<row1>	0.0000 1.0000 0.0000 0.0000	</row1>
					<row2>	0.0698 0.0000 0.9976 0.0000	</row2>
					<row3>	0.2851 0.1747 -2.8924 1.0000	</row3>
				</transform>
			</node>
			<node>
				<identifier>	MP_BM039_Artillery_shell_INDEX_32	</identifier>
				<transform>
					<row0>	0.9976 0.0000 -0.0698 0.0000	</row0>
					<row1>	0.0000 1.0000 0.0000 0.0000	</row1>
					<row2>	0.0698 0.0000 0.9976 0.0000	</row2>
					<row3>	0.2892 0.1744 -2.8448 1.0000	</row3>
				</transform>
			</node>
			<node>
				<identifier>	MP_BM039_Artillery_shell_INDEX_33	</identifier>
				<transform>
					<row0>	-0.9962 0.0000 -0.0872 0.0000	</row0>
					<row1>	0.0000 1.0000 0.0000 0.0000	</row1>
					<row2>	0.0872 0.0000 -0.9962 0.0000	</row2>
					<row3>	-0.2934 0.1743 -2.7934 1.0000	</row3>
				</transform>
			</node>
			<node>
				<identifier>	MP_BM039_Artillery_shell_INDEX_34	</identifier>
				<transform>
					<row0>	-0.9962 0.0000 -0.0872 0.0000	</row0>
					<row1>	0.0000 1.0000 0.0000 0.0000	</row1>
					<row2>	0.0872 0.0000 -0.9962 0.0000	</row2>
					<row3>	-0.3008 0.1735 -2.6935 1.0000	</row3>
				</transform>
			</node>
			<node>
				<identifier>	MP_BM039_Artillery_shell_INDEX_35	</identifier>
				<transform>
					<row0>	0.9788 0.0000 -0.2050 0.0000	</row0>
					<row1>	0.0000 1.0000 0.0000 0.0000	</row1>
					<row2>	0.2050 0.0000 0.9788 0.0000	</row2>
					<row3>	0.2316 0.1783 -3.3537 1.0000	</row3>
				</transform>
			</node>
			<node>
				<identifier>	MP_BM039_Artillery_shell_INDEX_36	</identifier>
				<transform>
					<row0>	-0.9848 0.0000 -0.1736 0.0000	</row0>
					<row1>	0.0000 1.0000 0.0000 0.0000	</row1>
					<row2>	0.1736 0.0000 -0.9848 0.0000	</row2>
					<row3>	-0.2540 0.1765 -3.2129 1.0000	</row3>
				</transform>
			</node>
			<node>
				<identifier>	MP_BM039_Artillery_shell_INDEX_37	</identifier>
				<transform>
					<row0>	-0.9962 0.0000 -0.0872 0.0000	</row0>
					<row1>	0.0000 1.0000 0.0000 0.0000	</row1>
					<row2>	0.0872 0.0000 -0.9962 0.0000	</row2>
					<row3>	-0.2764 0.1749 -2.9904 1.0000	</row3>
				</transform>
			</node>
			<node>
				<identifier>	MP_BM039_Artillery_shell_INDEX_38	</identifier>
				<transform>
					<row0>	-0.9962 0.0000 -0.0872 0.0000	</row0>
					<row1>	0.0000 1.0000 0.0000 0.0000	</row1>
					<row2>	0.0872 0.0000 -0.9962 0.0000	</row2>
					<row3>	-0.2892 0.1744 -2.8448 1.0000	</row3>
				</transform>
			</node>
			<node>
				<identifier>	MP_BM039_Artillery_shell_INDEX_4	</identifier>
				<transform>
					<row0>	0.9905 0.0000 -0.1378 0.0000	</row0>
					<row1>	0.0000 1.0000 0.0000 0.0000	</row1>
					<row2>	0.1378 0.0000 0.9905 0.0000	</row2>
					<row3>	0.2540 0.1765 -3.2129 1.0000	</row3>
				</transform>
			</node>
			<node>
				<identifier>	MP_BM039_Artillery_shell_INDEX_5	</identifier>
				<transform>
					<row0>	-0.9659 0.0000 -0.2588 0.0000	</row0>
					<row1>	0.0000 1.0000 0.0000 0.0000	</row1>
					<row2>	0.2588 0.0000 -0.9659 0.0000	</row2>
					<row3>	-0.1905 0.1803 -3.5221 1.0000	</row3>
				</transform>
			</node>
			<node>
				<identifier>	MP_BM039_Artillery_shell_INDEX_6	</identifier>
				<transform>
					<row0>	-0.9848 0.0000 -0.1736 0.0000	</row0>
					<row1>	0.0000 1.0000 0.0000 0.0000	</row1>
					<row2>	0.1736 0.0000 -0.9848 0.0000	</row2>
					<row3>	-0.2316 0.1783 -3.3537 1.0000	</row3>
				</transform>
			</node>
			<node>
				<identifier>	MP_BM039_Artillery_shell_INDEX_7	</identifier>
				<transform>
					<row0>	0.9626 0.0000 -0.2711 0.0000	</row0>
					<row1>	0.0000 1.0000 0.0000 0.0000	</row1>
					<row2>	0.2711 0.0000 0.9626 0.0000	</row2>
					<row3>	0.1905 0.1803 -3.5221 1.0000	</row3>
				</transform>
			</node>
			<node>
				<identifier>	MP_BM039_Artillery_shell_INDEX_8	</identifier>
				<transform>
					<row0>	0.0000 0.0000 1.0000 0.0000	</row0>
					<row1>	0.0000 1.0000 0.0000 0.0000	</row1>
					<row2>	-1.0000 0.0000 0.0000 0.0000	</row2>
					<row3>	0.1006 0.1840 -2.6252 1.0000	</row3>
				</transform>
			</node>
			<node>
				<identifier>	MP_BM039_Artillery_shell_INDEX_9	</identifier>
				<transform>
					<row0>	0.9955 0.0000 -0.0950 0.0000	</row0>
					<row1>	0.0000 1.0000 0.0000 0.0000	</row1>
					<row2>	0.0950 0.0000 0.9955 0.0000	</row2>
					<row3>	0.3008 0.1735 -2.6935 1.0000	</row3>
				</transform>
			</node>
			<node>
				<identifier>	MP_BM045_Smoke_Apparatus	</identifier>
				<transform>
					<row0>	1.0000 0.0000 0.0000 0.0000	</row0>
					<row1>	0.0000 1.0000 0.0000 0.0000	</row1>
					<row2>	0.0000 0.0000 1.0000 0.0000	</row2>
					<row3>	0.0000 0.1872 -3.1796 1.0000	</row3>
				</transform>
			</node>
			<node>
				<identifier>	MP_BM609_Speaker	</identifier>
				<transform>
					<row0>	0.0000 -1.0000 0.0000 0.0000	</row0>
					<row1>	-1.0000 0.0000 0.0000 0.0000	</row1>
					<row2>	0.0000 0.0000 -1.0000 0.0000	</row2>
					<row3>	-0.0794 0.2973 -2.6202 1.0000	</row3>
				</transform>
			</node>
			<node>
				<identifier>	MP_BM625_Telephone	</identifier>
				<transform>
					<row0>	1.0000 0.0000 0.0000 0.0000	</row0>
					<row1>	0.0000 1.0000 0.0000 0.0000	</row1>
					<row2>	0.0000 0.0000 1.0000 0.0000	</row2>
					<row3>	-0.0896 0.2602 -2.6206 1.0000	</row3>
				</transform>
			</node>
			<node>
				<identifier>	MP_BM714_Locker	</identifier>
				<transform>
					<row0>	-0.9248 0.0000 -0.3803 0.0000	</row0>
					<row1>	0.0000 1.0000 0.0000 0.0000	</row1>
					<row2>	0.3803 0.0000 -0.9248 0.0000	</row2>
					<row3>	-0.2056 0.1787 -2.5146 1.0000	</row3>
				</transform>
			</node>
			<node>
				<identifier>	MP_BM714_Locker_INDEX_1	</identifier>
				<transform>
					<row0>	-0.9248 0.0000 -0.3803 0.0000	</row0>
					<row1>	0.0000 1.0000 0.0000 0.0000	</row1>
					<row2>	0.3803 0.0000 -0.9248 0.0000	</row2>
					<row3>	-0.1763 0.1787 -2.5859 1.0000	</row3>
				</transform>
			</node>
			<node>
				<identifier>	MP_BM714_Locker_INDEX_2	</identifier>
				<transform>
					<row0>	0.9248 0.0000 -0.3803 0.0000	</row0>
					<row1>	0.0000 1.0000 0.0000 0.0000	</row1>
					<row2>	0.3803 0.0000 0.9248 0.0000	</row2>
					<row3>	0.1763 0.1787 -2.5859 1.0000	</row3>
				</transform>
			</node>
			<node>
				<identifier>	MP_BM715_Locker	</identifier>
				<transform>
					<row0>	0.0000 0.0000 1.0000 0.0000	</row0>
					<row1>	0.0000 1.0000 0.0000 0.0000	</row1>
					<row2>	-1.0000 0.0000 0.0000 0.0000	</row2>
					<row3>	0.0000 0.3246 -2.6408 1.0000	</row3>
				</transform>
			</node>
			<node>
				<identifier>	MP_BM717_Locker	</identifier>
				<transform>
					<row0>	0.0000 0.0000 1.0000 0.0000	</row0>
					<row1>	0.0000 1.0000 0.0000 0.0000	</row1>
					<row2>	-1.0000 0.0000 0.0000 0.0000	</row2>
					<row3>	0.0360 0.1780 -3.3417 1.0000	</row3>
				</transform>
			</node>
			<node>
				<identifier>	MP_BM717_Locker_INDEX_1	</identifier>
				<transform>
					<row0>	0.0000 0.0000 -1.0000 0.0000	</row0>
					<row1>	0.0000 1.0000 0.0000 0.0000	</row1>
					<row2>	1.0000 0.0000 0.0000 0.0000	</row2>
					<row3>	-0.0363 0.1799 -3.2790 1.0000	</row3>
				</transform>
			</node>
			<node>
				<identifier>	MP_BM719_Locker	</identifier>
				<transform>
					<row0>	-1.0000 0.0000 0.0000 0.0000	</row0>
					<row1>	0.0000 1.0000 0.0000 0.0000	</row1>
					<row2>	0.0000 0.0000 -1.0000 0.0000	</row2>
					<row3>	0.0388 0.3187 -2.5150 1.0000	</row3>
				</transform>
			</node>
			<node>
				<identifier>	MP_BM719_Locker_INDEX_1	</identifier>
				<transform>
					<row0>	0.0000 0.0000 1.0000 0.0000	</row0>
					<row1>	0.0000 1.0000 0.0000 0.0000	</row1>
					<row2>	-1.0000 0.0000 0.0000 0.0000	</row2>
					<row3>	0.0416 0.3187 -2.5912 1.0000	</row3>
				</transform>
			</node>
			<node>
				<identifier>	MP_BM764_Hatch	</identifier>
				<transform>
					<row0>	0.0000 0.0000 1.0000 0.0000	</row0>
					<row1>	0.0000 1.0000 0.0000 0.0000	</row1>
					<row2>	-1.0000 0.0000 0.0000 0.0000	</row2>
					<row3>	-0.0149 0.3184 -2.5291 1.0000	</row3>
				</transform>
			</node>
			<node>
				<identifier>	MP_BM801_Ventilators_mushroom	</identifier>
				<transform>
					<row0>	-0.4548 0.0000 -0.4548 0.0000	</row0>
					<row1>	0.0000 0.6431 0.0000 0.0000	</row1>
					<row2>	0.4548 0.0000 -0.4548 0.0000	</row2>
					<row3>	-0.0123 0.1756 -3.2447 1.0000	</row3>
				</transform>
			</node>
			<node>
				<identifier>	MP_BM801_Ventilators_mushroom_INDEX_1	</identifier>
				<transform>
					<row0>	-0.6431 0.0000 0.0000 0.0000	</row0>
					<row1>	0.0000 0.6431 0.0000 0.0000	</row1>
					<row2>	0.0000 0.0000 -0.6431 0.0000	</row2>
					<row3>	0.0293 0.1756 -3.3742 1.0000	</row3>
				</transform>
			</node>
			<node>
				<identifier>	MP_BM804_Ventilation	</identifier>
				<transform>
					<row0>	0.0009 0.1086 -0.9941 0.0000	</row0>
					<row1>	-1.0000 0.0085 0.0000 0.0000	</row1>
					<row2>	0.0085 0.9941 0.1086 0.0000	</row2>
					<row3>	-0.0968 0.3307 -2.6167 1.0000	</row3>
				</transform>
			</node>
			<node>
				<identifier>	MP_BM857_Fog_Light	</identifier>
				<transform>
					<row0>	-1.0000 0.0000 0.0000 0.0000	</row0>
					<row1>	0.0000 1.0000 0.0000 0.0000	</row1>
					<row2>	0.0000 0.0000 -1.0000 0.0000	</row2>
					<row3>	0.0000 0.4148 -2.8536 1.0000	</row3>
				</transform>
			</node>
			<node>
				<identifier>	MP_BM872_Running_Lights_B	</identifier>
				<transform>
					<row0>	-1.5176 0.0000 0.0000 0.0000	</row0>
					<row1>	0.0000 1.5176 0.0000 0.0000	</row1>
					<row2>	0.0000 0.0000 -1.5176 0.0000	</row2>
					<row3>	0.0000 0.3466 -3.7518 1.0000	</row3>
				</transform>
			</node>
			<node>
				<identifier>	MP_BM966_Fairlead	</identifier>
				<transform>
					<row0>	0.8592 0.0000 0.1515 0.0000	</row0>
					<row1>	-0.0027 0.8723 0.0155 0.0000	</row1>
					<row2>	-0.1515 -0.0158 0.8591 0.0000	</row2>
					<row3>	-0.2468 0.1784 -3.3143 1.0000	</row3>
				</transform>
			</node>
			<node>
				<identifier>	MP_BM966_Fairlead_INDEX_1	</identifier>
				<transform>
					<row0>	0.4079 -0.0045 0.3248 0.0000	</row0>
					<row1>	-0.0016 0.5214 0.0093 0.0000	</row1>
					<row2>	-0.3248 -0.0083 0.4078 0.0000	</row2>
					<row3>	-0.1426 0.1826 -3.6451 1.0000	</row3>
				</transform>
			</node>
			<node>
				<identifier>	MP_BM966_Fairlead_INDEX_2	</identifier>
				<transform>
					<row0>	0.8592 0.0000 -0.1515 0.0000	</row0>
					<row1>	0.0027 0.8723 0.0155 0.0000	</row1>
					<row2>	0.1515 -0.0158 0.8591 0.0000	</row2>
					<row3>	0.2468 0.1784 -3.3143 1.0000	</row3>
				</transform>
			</node>
			<node>
				<identifier>	MP_BM966_Fairlead_INDEX_3	</identifier>
				<transform>
					<row0>	0.4079 0.0045 -0.3248 0.0000	</row0>
					<row1>	0.0016 0.5214 0.0093 0.0000	</row1>
					<row2>	0.3248 -0.0083 0.4078 0.0000	</row2>
					<row3>	0.1426 0.1826 -3.6451 1.0000	</row3>
				</transform>
			</node>
			<node>
				<identifier>	MP_CM008_Life_Buoy_1	</identifier>
				<transform>
					<row0>	-0.0395 0.0000 0.9992 0.0000	</row0>
					<row1>	0.0000 1.0000 0.0000 0.0000	</row1>
					<row2>	-0.9992 0.0000 -0.0395 0.0000	</row2>
					<row3>	-0.3228 0.2087 -2.5036 1.0000	</row3>
				</transform>
			</node>
			<node>
				<identifier>	MP_CM008_Life_Buoy_1_INDEX_1	</identifier>
				<transform>
					<row0>	-0.0395 0.0000 -0.9992 0.0000	</row0>
					<row1>	0.0000 1.0000 0.0000 0.0000	</row1>
					<row2>	0.9992 0.0000 -0.0395 0.0000	</row2>
					<row3>	0.3228 0.2087 -2.5036 1.0000	</row3>
				</transform>
			</node>
			<node>
				<identifier>	MP_CM011_Fire_Fighting_Gear	</identifier>
				<transform>
					<row0>	0.0000 0.0000 -1.0000 0.0000	</row0>
					<row1>	0.0000 1.0000 0.0000 0.0000	</row1>
					<row2>	1.0000 0.0000 0.0000 0.0000	</row2>
					<row3>	-0.1523 0.1827 -2.6408 1.0000	</row3>
				</transform>
			</node>
			<node>
				<identifier>	MP_CM012_Fire_Hose_Rack_1	</identifier>
				<transform>
					<row0>	1.0000 0.0000 0.0000 0.0000	</row0>
					<row1>	0.0000 1.0000 0.0000 0.0000	</row1>
					<row2>	0.0000 0.0000 1.0000 0.0000	</row2>
					<row3>	-0.1434 0.2773 -2.6571 1.0000	</row3>
				</transform>
			</node>
			<node>
				<identifier>	MP_CM029_Emergency_Box	</identifier>
				<transform>
					<row0>	0.0000 0.0000 1.0000 0.0000	</row0>
					<row1>	0.0000 1.0000 0.0000 0.0000	</row1>
					<row2>	-1.0000 0.0000 0.0000 0.0000	</row2>
					<row3>	-0.1234 0.2567 -2.7234 1.0000	</row3>
				</transform>
			</node>
			<node>
				<identifier>	MP_CM094_Propeller3_L	</identifier>
				<transform>
					<row0>	0.5183 0.0008 0.0232 0.0000	</row0>
					<row1>	0.0008 0.5176 -0.0364 0.0000	</row1>
					<row2>	-0.0232 0.0364 0.5171 0.0000	</row2>
					<row3>	-0.1048 -0.2325 -3.3670 1.0000	</row3>
				</transform>
			</node>
			<node>
				<identifier>	MP_CM095_Propeller3_R	</identifier>
				<transform>
					<row0>	0.5183 -0.0008 -0.0232 0.0000	</row0>
					<row1>	-0.0008 0.5176 -0.0364 0.0000	</row1>
					<row2>	0.0232 0.0364 0.5171 0.0000	</row2>
					<row3>	0.1048 -0.2325 -3.3670 1.0000	</row3>
				</transform>
			</node>
			<node>
				<identifier>	MP_CM112_Fire_Extinguisher	</identifier>
				<transform>
					<row0>	0.0000 0.0000 -1.0000 0.0000	</row0>
					<row1>	0.0000 1.0000 0.0000 0.0000	</row1>
					<row2>	1.0000 0.0000 0.0000 0.0000	</row2>
					<row3>	0.1367 0.1968 -2.7474 1.0000	</row3>
				</transform>
			</node>
			<node>
				<identifier>	SP_YMS011_YHWL_M_1_INDEX_10	</identifier>
				<transform>
					<row0>	0.6955 0.0238 0.0759 0.0000	</row0>
					<row1>	-0.0237 0.6996 -0.0020 0.0000	</row1>
					<row2>	-0.0759 -0.0006 0.6959 0.0000	</row2>
					<row3>	-0.2899 0.0000 -2.9981 1.0000	</row3>
				</transform>
			</node>
			<node>
				<identifier>	SP_YMS012_YHWR_M_1_INDEX_10	</identifier>
				<transform>
					<row0>	0.6955 -0.0238 -0.0759 0.0000	</row0>
					<row1>	0.0237 0.6996 -0.0020 0.0000	</row1>
					<row2>	0.0759 -0.0006 0.6959 0.0000	</row2>
					<row3>	0.2899 0.0000 -2.9981 1.0000	</row3>
				</transform>
			</node>
			<node>
				<identifier>	SP_YMS030_YHAM_M_1	</identifier>
				<transform>
					<row0>	0.3210 0.0000 -0.1844 0.0000	</row0>
					<row1>	0.0000 0.3702 0.0000 0.0000	</row1>
					<row2>	0.1844 0.0000 0.3210 0.0000	</row2>
					<row3>	-0.1300 0.1028 -3.6898 1.0000	</row3>
				</transform>
			</node>
			<node>
				<identifier>	SP_YMS030_YHAM_M_1_INDEX_1	</identifier>
				<transform>
					<row0>	0.3210 0.0000 0.1844 0.0000	</row0>
					<row1>	0.0000 0.3702 0.0000 0.0000	</row1>
					<row2>	-0.1844 0.0000 0.3210 0.0000	</row2>
					<row3>	0.1300 0.1028 -3.6898 1.0000	</row3>
				</transform>
			</node>
			<node>
				<identifier>	SP_YMS031_YHAL_M_1	</identifier>
				<transform>
					<row0>	0.5185 0.0000 0.0976 0.0000	</row0>
					<row1>	0.0000 0.5276 0.0000 0.0000	</row1>
					<row2>	-0.0976 0.0000 0.5185 0.0000	</row2>
					<row3>	-0.2396 0.0869 -3.4517 1.0000	</row3>
				</transform>
			</node>
			<node>
				<identifier>	SP_YMS032_YHAR_M_1	</identifier>
				<transform>
					<row0>	0.5185 0.0000 -0.0976 0.0000	</row0>
					<row1>	0.0000 0.5276 0.0000 0.0000	</row1>
					<row2>	0.0976 0.0000 0.5185 0.0000	</row2>
					<row3>	0.2396 0.0869 -3.4517 1.0000	</row3>
				</transform>
			</node>
			<node>
				<identifier>	SP_YMS080_YHSL_M_1	</identifier>
				<transform>
					<row0>	0.4015 0.0000 0.0191 0.0000	</row0>
					<row1>	0.0000 0.4019 0.0000 0.0000	</row1>
					<row2>	-0.0191 0.0000 0.4015 0.0000	</row2>
					<row3>	-0.2996 0.1202 -2.9907 1.0000	</row3>
				</transform>
			</node>
			<node>
				<identifier>	SP_YMS081_YHSR_M_1	</identifier>
				<transform>
					<row0>	0.4015 0.0000 -0.0191 0.0000	</row0>
					<row1>	0.0000 0.4019 0.0000 0.0000	</row1>
					<row2>	0.0191 0.0000 0.4015 0.0000	</row2>
					<row3>	0.2996 0.1202 -2.9907 1.0000	</row3>
				</transform>
			</node>
			<node>
				<identifier>	SP_YMS082_YHSC_M_1_INDEX_1	</identifier>
				<transform>
					<row0>	0.0552 0.0000 0.7190 0.0000	</row0>
					<row1>	0.0000 0.7211 0.0000 0.0000	</row1>
					<row2>	-0.7190 0.0000 0.0552 0.0000	</row2>
					<row3>	0.3155 0.1330 -2.7213 1.0000	</row3>
				</transform>
			</node>
			<node>
				<identifier>	SP_YMS082_YHSC_M_1_INDEX_2	</identifier>
				<transform>
					<row0>	0.0552 0.0000 -0.7190 0.0000	</row0>
					<row1>	0.0000 0.7211 0.0000 0.0000	</row1>
					<row2>	0.7190 0.0000 0.0552 0.0000	</row2>
					<row3>	-0.3155 0.1330 -2.7213 1.0000	</row3>
				</transform>
			</node>
		</node>
	</node>
	<boundingBox>
		<min>	-0.0667 -0.0667 -0.0667	</min>
		<max>	0.0667 0.0667 0.0667	</max>
	</boundingBox>
</BSD015_Cossack_1938_Stern_ports.visual>
