<RSB003_Knyaz_Suvorov_1916_Stern_ports.visual>
	<node>
		<identifier>	Scene Root	</identifier>
		<transform>
			<row0>	1.0000 0.0000 0.0000 0.0000	</row0>
			<row1>	0.0000 1.0000 0.0000 0.0000	</row1>
			<row2>	0.0000 0.0000 1.0000 0.0000	</row2>
			<row3>	0.0000 0.0000 0.0000 1.0000	</row3>
		</transform>
		<node>
			<identifier>	Stern_ports	</identifier>
			<transform>
				<row0>	1.0000 0.0000 0.0000 0.0000	</row0>
				<row1>	0.0000 1.0000 0.0000 0.0000	</row1>
				<row2>	0.0000 0.0000 1.0000 0.0000	</row2>
				<row3>	0.0000 0.0000 0.0000 1.0000	</row3>
			</transform>
			<node>
				<identifier>	HP_FX_Fire_4	</identifier>
				<transform>
					<row0>	1.0000 0.0000 0.0000 0.0000	</row0>
					<row1>	0.0000 1.0000 0.0000 0.0000	</row1>
					<row2>	0.0000 0.0000 1.0000 0.0000	</row2>
					<row3>	0.0000 0.3280 -4.7783 1.0000	</row3>
				</transform>
			</node>
			<node>
				<identifier>	HP_FX_Flood_steam_right	</identifier>
				<transform>
					<row0>	1.0000 0.0000 0.0000 0.0000	</row0>
					<row1>	0.0000 1.0000 0.0000 0.0000	</row1>
					<row2>	0.0000 0.0000 1.0000 0.0000	</row2>
					<row3>	0.6337 0.2899 -4.6577 1.0000	</row3>
				</transform>
			</node>
			<node>
				<identifier>	HP_FX_WakeTraceBack	</identifier>
				<transform>
					<row0>	1.0000 0.0000 0.0000 0.0000	</row0>
					<row1>	0.0000 1.0000 0.0000 0.0000	</row1>
					<row2>	0.0000 0.0000 1.0000 0.0000	</row2>
					<row3>	0.0000 0.0000 -5.9675 1.0000	</row3>
				</transform>
			</node>
			<node>
				<identifier>	HP_FX_WakeTrace_screw_1	</identifier>
				<transform>
					<row0>	1.0000 0.0000 0.0000 0.0000	</row0>
					<row1>	0.0000 1.0000 0.0000 0.0000	</row1>
					<row2>	0.0000 0.0000 1.0000 0.0000	</row2>
					<row3>	-0.1460 -0.3596 -5.4033 1.0000	</row3>
				</transform>
			</node>
			<node>
				<identifier>	HP_FX_WakeTrace_screw_2	</identifier>
				<transform>
					<row0>	1.0000 0.0000 0.0000 0.0000	</row0>
					<row1>	0.0000 1.0000 0.0000 0.0000	</row1>
					<row2>	0.0000 0.0000 1.0000 0.0000	</row2>
					<row3>	-0.3078 -0.3455 -5.0651 1.0000	</row3>
				</transform>
			</node>
			<node>
				<identifier>	HP_FX_WakeTrace_screw_3	</identifier>
				<transform>
					<row0>	1.0000 0.0000 0.0000 0.0000	</row0>
					<row1>	0.0000 1.0000 0.0000 0.0000	</row1>
					<row2>	0.0000 0.0000 1.0000 0.0000	</row2>
					<row3>	0.1460 -0.3596 -5.4033 1.0000	</row3>
				</transform>
			</node>
			<node>
				<identifier>	HP_FX_WakeTrace_screw_4	</identifier>
				<transform>
					<row0>	1.0000 0.0000 0.0000 0.0000	</row0>
					<row1>	0.0000 1.0000 0.0000 0.0000	</row1>
					<row2>	0.0000 0.0000 1.0000 0.0000	</row2>
					<row3>	0.3078 -0.3455 -5.0651 1.0000	</row3>
				</transform>
			</node>
			<node>
				<identifier>	HP_RGM_5	</identifier>
				<transform>
					<row0>	-1.0000 0.0000 0.0000 0.0000	</row0>
					<row1>	0.0000 1.0000 0.0000 0.0000	</row1>
					<row2>	0.0000 0.0000 -1.0000 0.0000	</row2>
					<row3>	0.0000 0.3633 -3.9668 1.0000	</row3>
				</transform>
			</node>
			<node>
				<identifier>	HP_Ship_death_3	</identifier>
				<transform>
					<row0>	1.0000 0.0000 0.0000 0.0000	</row0>
					<row1>	0.0000 1.0000 0.0000 0.0000	</row1>
					<row2>	0.0000 0.0000 1.0000 0.0000	</row2>
					<row3>	0.0000 0.0000 -3.7170 1.0000	</row3>
				</transform>
			</node>
			<node>
				<identifier>	MP_CM001_Propeller3_L	</identifier>
				<transform>
					<row0>	0.8519 -0.0006 -0.0093 0.0000	</row0>
					<row1>	0.0003 0.8516 -0.0277 0.0000	</row1>
					<row2>	0.0094 0.0276 0.8515 0.0000	</row2>
					<row3>	-0.1460 -0.3596 -5.4033 1.0000	</row3>
				</transform>
			</node>
			<node>
				<identifier>	MP_CM001_Propeller3_L_INDEX_1	</identifier>
				<transform>
					<row0>	0.8518 0.0000 0.0189 0.0000	</row0>
					<row1>	0.0006 0.8516 -0.0276 0.0000	</row1>
					<row2>	-0.0189 0.0277 0.8513 0.0000	</row2>
					<row3>	-0.3078 -0.3455 -5.0651 1.0000	</row3>
				</transform>
			</node>
			<node>
				<identifier>	MP_CM013_Fire_Hose_Rack_2	</identifier>
				<transform>
					<row0>	-0.1392 0.0000 0.9903 0.0000	</row0>
					<row1>	0.0000 1.0000 0.0000 0.0000	</row1>
					<row2>	-0.9903 0.0000 -0.1392 0.0000	</row2>
					<row3>	0.0221 0.3460 -4.2645 1.0000	</row3>
				</transform>
			</node>
			<node>
				<identifier>	MP_CM032_Propeller3_R	</identifier>
				<transform>
					<row0>	0.8519 0.0006 0.0093 0.0000	</row0>
					<row1>	-0.0003 0.8516 -0.0277 0.0000	</row1>
					<row2>	-0.0094 0.0276 0.8515 0.0000	</row2>
					<row3>	0.1460 -0.3596 -5.4033 1.0000	</row3>
				</transform>
			</node>
			<node>
				<identifier>	MP_CM032_Propeller3_R_INDEX_1	</identifier>
				<transform>
					<row0>	0.8518 0.0000 -0.0189 0.0000	</row0>
					<row1>	-0.0006 0.8516 -0.0276 0.0000	</row1>
					<row2>	0.0189 0.0277 0.8513 0.0000	</row2>
					<row3>	0.3078 -0.3455 -5.0651 1.0000	</row3>
				</transform>
			</node>
			<node>
				<identifier>	MP_CM059_Ladder_Cruiser	</identifier>
				<transform>
					<row0>	0.9962 -0.0006 0.0872 0.0000	</row0>
					<row1>	0.0000 1.0000 0.0070 0.0000	</row1>
					<row2>	-0.0872 -0.0069 0.9962 0.0000	</row2>
					<row3>	-0.6930 0.3187 -3.4478 1.0000	</row3>
				</transform>
			</node>
			<node>
				<identifier>	MP_CM059_Ladder_Cruiser_INDEX_1	</identifier>
				<transform>
					<row0>	0.9962 0.0006 -0.0872 0.0000	</row0>
					<row1>	0.0001 1.0000 0.0084 0.0000	</row1>
					<row2>	0.0872 -0.0084 0.9962 0.0000	</row2>
					<row3>	0.7045 0.3187 -3.4414 1.0000	</row3>
				</transform>
			</node>
			<node>
				<identifier>	MP_CM126_Cleat	</identifier>
				<transform>
					<row0>	0.9325 0.0000 0.3611 0.0000	</row0>
					<row1>	0.0000 1.0000 0.0000 0.0000	</row1>
					<row2>	-0.3611 0.0000 0.9325 0.0000	</row2>
					<row3>	-0.5058 0.3429 -4.9005 1.0000	</row3>
				</transform>
			</node>
			<node>
				<identifier>	MP_CM126_Cleat_INDEX_1	</identifier>
				<transform>
					<row0>	0.9325 0.0000 -0.3611 0.0000	</row0>
					<row1>	0.0000 1.0000 0.0000 0.0000	</row1>
					<row2>	0.3611 0.0000 0.9325 0.0000	</row2>
					<row3>	0.5058 0.3429 -4.9005 1.0000	</row3>
				</transform>
			</node>
			<node>
				<identifier>	MP_CM137_Anchor_Up	</identifier>
				<transform>
					<row0>	-0.4392 -0.0015 -0.8984 0.0000	</row0>
					<row1>	-0.2267 0.9678 0.1092 0.0000	</row1>
					<row2>	0.8693 0.2516 -0.4254 0.0000	</row2>
					<row3>	0.2053 0.1241 -5.7717 1.0000	</row3>
				</transform>
			</node>
			<node>
				<identifier>	MP_CM137_Anchor_Up_INDEX_1	</identifier>
				<transform>
					<row0>	-0.4384 0.0015 0.8988 0.0000	</row0>
					<row1>	0.2263 0.9680 0.1088 0.0000	</row1>
					<row2>	-0.8698 0.2511 -0.4247 0.0000	</row2>
					<row3>	-0.2053 0.1241 -5.7717 1.0000	</row3>
				</transform>
			</node>
			<node>
				<identifier>	MP_CM138_Anchor_Bottom	</identifier>
				<transform>
					<row0>	-0.4408 0.0009 -0.8976 0.0000	</row0>
					<row1>	-0.2973 0.9434 0.1469 0.0000	</row1>
					<row2>	0.8470 0.3316 -0.4156 0.0000	</row2>
					<row3>	0.2053 0.1241 -5.7717 1.0000	</row3>
				</transform>
			</node>
			<node>
				<identifier>	MP_CM138_Anchor_Bottom_INDEX_1	</identifier>
				<transform>
					<row0>	-0.4408 -0.0009 0.8976 0.0000	</row0>
					<row1>	0.2973 0.9434 0.1469 0.0000	</row1>
					<row2>	-0.8470 0.3316 -0.4156 0.0000	</row2>
					<row3>	-0.2053 0.1241 -5.7717 1.0000	</row3>
				</transform>
			</node>
			<node>
				<identifier>	MP_RM003_Yawl_20ft	</identifier>
				<transform>
					<row0>	0.9697 0.0000 0.2443 0.0000	</row0>
					<row1>	-0.0044 0.9998 0.0175 0.0000	</row1>
					<row2>	-0.2443 -0.0181 0.9695 0.0000	</row2>
					<row3>	-0.5001 0.3743 -4.6199 1.0000	</row3>
				</transform>
			</node>
			<node>
				<identifier>	MP_RM003_Yawl_20ft_INDEX_1	</identifier>
				<transform>
					<row0>	0.9697 0.0000 -0.2443 0.0000	</row0>
					<row1>	0.0044 0.9998 0.0175 0.0000	</row1>
					<row2>	0.2443 -0.0181 0.9695 0.0000	</row2>
					<row3>	0.5012 0.3743 -4.6195 1.0000	</row3>
				</transform>
			</node>
			<node>
				<identifier>	MP_RM200_Running_Lights_B	</identifier>
				<transform>
					<row0>	-2.1500 0.0000 0.0000 0.0000	</row0>
					<row1>	0.0000 2.1500 0.0000 0.0000	</row1>
					<row2>	0.0000 0.0000 -2.1500 0.0000	</row2>
					<row3>	0.0000 0.4364 -5.9052 1.0000	</row3>
				</transform>
			</node>
			<node>
				<identifier>	MP_RM214_Life_Buoy	</identifier>
				<transform>
					<row0>	0.4067 0.0000 -0.9135 0.0000	</row0>
					<row1>	0.0000 1.0000 0.0000 0.0000	</row1>
					<row2>	0.9135 0.0000 0.4067 0.0000	</row2>
					<row3>	-0.4102 0.4065 -5.1613 1.0000	</row3>
				</transform>
			</node>
			<node>
				<identifier>	MP_RM214_Life_Buoy_INDEX_1	</identifier>
				<transform>
					<row0>	0.4067 0.0000 0.9135 0.0000	</row0>
					<row1>	0.0000 1.0000 0.0000 0.0000	</row1>
					<row2>	-0.9135 0.0000 0.4067 0.0000	</row2>
					<row3>	0.4100 0.4062 -5.1613 1.0000	</row3>
				</transform>
			</node>
			<node>
				<identifier>	MP_RM215_Deck_Hatch	</identifier>
				<transform>
					<row0>	1.0000 0.0000 0.0000 0.0000	</row0>
					<row1>	0.0000 1.0000 0.0000 0.0000	</row1>
					<row2>	0.0000 0.0000 1.0000 0.0000	</row2>
					<row3>	0.0010 0.3263 -4.4442 1.0000	</row3>
				</transform>
			</node>
			<node>
				<identifier>	MP_RM215_Deck_Hatch_INDEX_1	</identifier>
				<transform>
					<row0>	1.0000 0.0000 0.0000 0.0000	</row0>
					<row1>	0.0000 1.0000 0.0000 0.0000	</row1>
					<row2>	0.0000 0.0000 1.0000 0.0000	</row2>
					<row3>	0.0010 0.3420 -5.5279 1.0000	</row3>
				</transform>
			</node>
			<node>
				<identifier>	MP_RM248_Coat_of_Arms_Russia	</identifier>
				<transform>
					<row0>	-1.5000 0.0000 0.0000 0.0000	</row0>
					<row1>	0.0000 1.3454 0.6631 0.0000	</row1>
					<row2>	0.0000 0.6631 -1.3454 0.0000	</row2>
					<row3>	0.0000 0.3044 -5.8872 1.0000	</row3>
				</transform>
			</node>
			<node>
				<identifier>	MP_RM255_Break_Handwheel	</identifier>
				<transform>
					<row0>	1.0000 0.0000 0.0000 0.0000	</row0>
					<row1>	0.0000 1.0000 0.0000 0.0000	</row1>
					<row2>	0.0000 0.0000 1.0000 0.0000	</row2>
					<row3>	0.0000 0.3378 -5.0129 1.0000	</row3>
				</transform>
			</node>
			<node>
				<identifier>	MP_RM285_Hatch	</identifier>
				<transform>
					<row0>	-0.7071 0.0000 -0.7071 0.0000	</row0>
					<row1>	0.0000 1.0000 0.0000 0.0000	</row1>
					<row2>	0.7071 0.0000 -0.7071 0.0000	</row2>
					<row3>	-0.2086 0.3142 -3.7019 1.0000	</row3>
				</transform>
			</node>
			<node>
				<identifier>	MP_RM285_Hatch_INDEX_1	</identifier>
				<transform>
					<row0>	-0.7071 0.0000 0.7071 0.0000	</row0>
					<row1>	0.0000 1.0000 0.0000 0.0000	</row1>
					<row2>	-0.7071 0.0000 -0.7071 0.0000	</row2>
					<row3>	0.2086 0.3142 -3.7019 1.0000	</row3>
				</transform>
			</node>
			<node>
				<identifier>	MP_RM290_Reel	</identifier>
				<transform>
					<row0>	1.0000 0.0000 0.0000 0.0000	</row0>
					<row1>	0.0000 1.0000 0.0000 0.0000	</row1>
					<row2>	0.0000 0.0000 1.0000 0.0000	</row2>
					<row3>	-0.5333 0.3166 -4.2149 1.0000	</row3>
				</transform>
			</node>
			<node>
				<identifier>	MP_RM290_Reel_INDEX_1	</identifier>
				<transform>
					<row0>	1.0000 0.0000 0.0000 0.0000	</row0>
					<row1>	0.0000 1.0000 0.0000 0.0000	</row1>
					<row2>	0.0000 0.0000 1.0000 0.0000	</row2>
					<row3>	0.5333 0.3166 -4.2149 1.0000	</row3>
				</transform>
			</node>
			<node>
				<identifier>	MP_RM310_Crane_for_Ladder	</identifier>
				<transform>
					<row0>	0.9728 0.0000 0.2318 0.0000	</row0>
					<row1>	0.0000 1.0000 0.0000 0.0000	</row1>
					<row2>	-0.2318 0.0000 0.9728 0.0000	</row2>
					<row3>	-0.6539 0.3496 -4.4198 1.0000	</row3>
				</transform>
			</node>
			<node>
				<identifier>	MP_RM310_Crane_for_Ladder_INDEX_1	</identifier>
				<transform>
					<row0>	-0.9739 0.0000 -0.2268 0.0000	</row0>
					<row1>	0.0000 1.0000 0.0000 0.0000	</row1>
					<row2>	0.2268 0.0000 -0.9739 0.0000	</row2>
					<row3>	-0.5431 0.3496 -4.8697 1.0000	</row3>
				</transform>
			</node>
			<node>
				<identifier>	MP_RM310_Crane_for_Ladder_INDEX_2	</identifier>
				<transform>
					<row0>	0.9728 0.0000 -0.2318 0.0000	</row0>
					<row1>	0.0000 1.0000 0.0000 0.0000	</row1>
					<row2>	0.2318 0.0000 0.9728 0.0000	</row2>
					<row3>	0.6539 0.3496 -4.4198 1.0000	</row3>
				</transform>
			</node>
			<node>
				<identifier>	MP_RM310_Crane_for_Ladder_INDEX_3	</identifier>
				<transform>
					<row0>	-0.9739 0.0000 0.2268 0.0000	</row0>
					<row1>	0.0000 1.0000 0.0000 0.0000	</row1>
					<row2>	-0.2268 0.0000 -0.9739 0.0000	</row2>
					<row3>	0.5431 0.3496 -4.8697 1.0000	</row3>
				</transform>
			</node>
			<node>
				<identifier>	MP_RM349_Ventilation_3	</identifier>
				<transform>
					<row0>	1.0000 0.0000 0.0000 0.0000	</row0>
					<row1>	0.0000 1.0000 0.0000 0.0000	</row1>
					<row2>	0.0000 0.0000 1.0000 0.0000	</row2>
					<row3>	0.1607 0.3333 -4.6961 1.0000	</row3>
				</transform>
			</node>
			<node>
				<identifier>	MP_RM349_Ventilation_3_INDEX_1	</identifier>
				<transform>
					<row0>	1.0000 0.0000 0.0000 0.0000	</row0>
					<row1>	0.0000 1.0000 0.0000 0.0000	</row1>
					<row2>	0.0000 0.0000 1.0000 0.0000	</row2>
					<row3>	-0.2424 0.3352 -4.8266 1.0000	</row3>
				</transform>
			</node>
			<node>
				<identifier>	MP_RM349_Ventilation_3_INDEX_2	</identifier>
				<transform>
					<row0>	1.0000 0.0000 0.0000 0.0000	</row0>
					<row1>	0.0000 1.0000 0.0000 0.0000	</row1>
					<row2>	0.0000 0.0000 1.0000 0.0000	</row2>
					<row3>	-0.1607 0.3333 -4.6961 1.0000	</row3>
				</transform>
			</node>
			<node>
				<identifier>	MP_RM349_Ventilation_3_INDEX_3	</identifier>
				<transform>
					<row0>	1.0000 0.0000 0.0000 0.0000	</row0>
					<row1>	0.0000 1.0000 0.0000 0.0000	</row1>
					<row2>	0.0000 0.0000 1.0000 0.0000	</row2>
					<row3>	-0.2429 0.3288 -4.2927 1.0000	</row3>
				</transform>
			</node>
			<node>
				<identifier>	MP_RM349_Ventilation_3_INDEX_4	</identifier>
				<transform>
					<row0>	1.0000 0.0000 0.0000 0.0000	</row0>
					<row1>	0.0000 1.0000 0.0000 0.0000	</row1>
					<row2>	0.0000 0.0000 1.0000 0.0000	</row2>
					<row3>	0.2429 0.3288 -4.2927 1.0000	</row3>
				</transform>
			</node>
			<node>
				<identifier>	MP_RM349_Ventilation_3_INDEX_5	</identifier>
				<transform>
					<row0>	1.0000 0.0000 0.0000 0.0000	</row0>
					<row1>	0.0000 1.0000 0.0000 0.0000	</row1>
					<row2>	0.0000 0.0000 1.0000 0.0000	</row2>
					<row3>	0.2424 0.3352 -4.8266 1.0000	</row3>
				</transform>
			</node>
		</node>
	</node>
	<boundingBox>
		<min>	-0.0667 -0.0667 -0.0667	</min>
		<max>	0.0667 0.0667 0.0667	</max>
	</boundingBox>
</RSB003_Knyaz_Suvorov_1916_Stern_ports.visual>
