<JSC016_Tatsuta_1937_MidFront_ports.visual>
	<node>
		<identifier>	Scene Root	</identifier>
		<transform>
			<row0>	1.0000 0.0000 0.0000 0.0000	</row0>
			<row1>	0.0000 1.0000 0.0000 0.0000	</row1>
			<row2>	0.0000 0.0000 1.0000 0.0000	</row2>
			<row3>	0.0000 0.0000 0.0000 1.0000	</row3>
		</transform>
		<node>
			<identifier>	MidFront_ports	</identifier>
			<transform>
				<row0>	1.0000 0.0000 0.0000 0.0000	</row0>
				<row1>	0.0000 1.0000 0.0000 0.0000	</row1>
				<row2>	0.0000 0.0000 1.0000 0.0000	</row2>
				<row3>	0.0000 0.0000 0.0000 1.0000	</row3>
			</transform>
			<node>
				<identifier>	HP_FX_Death_2	</identifier>
				<transform>
					<row0>	1.0000 0.0000 0.0000 0.0000	</row0>
					<row1>	0.0000 1.0000 0.0000 0.0000	</row1>
					<row2>	0.0000 0.0000 1.0000 0.0000	</row2>
					<row3>	0.0000 0.0000 -0.1145 1.0000	</row3>
				</transform>
			</node>
			<node>
				<identifier>	HP_FX_Fire_2	</identifier>
				<transform>
					<row0>	1.0000 0.0000 0.0000 0.0000	</row0>
					<row1>	0.0000 1.0000 0.0000 0.0000	</row1>
					<row2>	0.0000 0.0000 1.0000 0.0000	</row2>
					<row3>	0.0000 0.3649 -0.1414 1.0000	</row3>
				</transform>
			</node>
			<node>
				<identifier>	HP_FX_Fire_2_side_1	</identifier>
				<transform>
					<row0>	1.0000 0.0000 0.0000 0.0000	</row0>
					<row1>	0.0000 1.0000 0.0000 0.0000	</row1>
					<row2>	0.0000 0.0000 1.0000 0.0000	</row2>
					<row3>	-0.2041 0.4113 1.1710 1.0000	</row3>
				</transform>
			</node>
			<node>
				<identifier>	HP_FX_Fire_2_side_2	</identifier>
				<transform>
					<row0>	1.0000 0.0000 0.0000 0.0000	</row0>
					<row1>	0.0000 1.0000 0.0000 0.0000	</row1>
					<row2>	0.0000 0.0000 1.0000 0.0000	</row2>
					<row3>	0.3198 0.3585 0.9110 1.0000	</row3>
				</transform>
			</node>
			<node>
				<identifier>	HP_FX_Fire_2_side_3	</identifier>
				<transform>
					<row0>	1.0000 0.0000 0.0000 0.0000	</row0>
					<row1>	0.0000 1.0000 0.0000 0.0000	</row1>
					<row2>	0.0000 0.0000 1.0000 0.0000	</row2>
					<row3>	-0.2973 0.3560 -0.7509 1.0000	</row3>
				</transform>
			</node>
			<node>
				<identifier>	HP_FX_Flood_steam_1	</identifier>
				<transform>
					<row0>	1.0000 0.0000 0.0000 0.0000	</row0>
					<row1>	0.0000 1.0000 0.0000 0.0000	</row1>
					<row2>	0.0000 0.0000 1.0000 0.0000	</row2>
					<row3>	-0.0110 0.8330 0.9140 1.0000	</row3>
				</transform>
			</node>
			<node>
				<identifier>	HP_FX_Flood_steam_2	</identifier>
				<transform>
					<row0>	1.0000 0.0000 0.0000 0.0000	</row0>
					<row1>	0.0000 1.0000 0.0000 0.0000	</row1>
					<row2>	0.0000 0.0000 1.0000 0.0000	</row2>
					<row3>	0.0000 0.7580 0.0890 1.0000	</row3>
				</transform>
			</node>
			<node>
				<identifier>	HP_FX_Flood_steam_3	</identifier>
				<transform>
					<row0>	1.0000 0.0000 0.0000 0.0000	</row0>
					<row1>	0.0000 1.0000 0.0000 0.0000	</row1>
					<row2>	0.0000 0.0000 1.0000 0.0000	</row2>
					<row3>	0.0000 0.7640 -0.7280 1.0000	</row3>
				</transform>
			</node>
			<node>
				<identifier>	HP_FX_Flood_water_left_2	</identifier>
				<transform>
					<row0>	-1.0000 0.0000 0.0000 0.0000	</row0>
					<row1>	0.0000 1.0000 0.0000 0.0000	</row1>
					<row2>	0.0000 0.0000 -1.0000 0.0000	</row2>
					<row3>	-0.4049 0.0330 0.4568 1.0000	</row3>
				</transform>
			</node>
			<node>
				<identifier>	HP_FX_Flood_water_right_2	</identifier>
				<transform>
					<row0>	1.0000 0.0000 0.0000 0.0000	</row0>
					<row1>	0.0000 1.0000 0.0000 0.0000	</row1>
					<row2>	0.0000 0.0000 1.0000 0.0000	</row2>
					<row3>	0.4046 0.0341 0.4911 1.0000	</row3>
				</transform>
			</node>
			<node>
				<identifier>	HP_FX_Smoke_1	</identifier>
				<transform>
					<row0>	1.0000 0.0000 0.0000 0.0000	</row0>
					<row1>	0.0000 1.0000 0.0000 0.0000	</row1>
					<row2>	0.0000 0.0000 1.0000 0.0000	</row2>
					<row3>	0.0000 0.8078 0.2428 1.0000	</row3>
				</transform>
			</node>
			<node>
				<identifier>	HP_FX_Smoke_2	</identifier>
				<transform>
					<row0>	1.0000 0.0000 0.0000 0.0000	</row0>
					<row1>	0.0000 1.0000 0.0000 0.0000	</row1>
					<row2>	0.0000 0.0000 1.0000 0.0000	</row2>
					<row3>	0.0000 0.8061 -0.6004 1.0000	</row3>
				</transform>
			</node>
			<node>
				<identifier>	HP_FX_Smoke_3	</identifier>
				<transform>
					<row0>	1.0000 0.0000 0.0000 0.0000	</row0>
					<row1>	0.0000 1.0000 0.0000 0.0000	</row1>
					<row2>	0.0000 0.0000 1.0000 0.0000	</row2>
					<row3>	0.0000 0.8014 1.0596 1.0000	</row3>
				</transform>
			</node>
			<node>
				<identifier>	HP_JF_2	</identifier>
				<transform>
					<row0>	1.0000 0.0000 0.0000 0.0000	</row0>
					<row1>	0.0000 1.0000 0.0000 0.0000	</row1>
					<row2>	0.0000 0.0000 1.0000 0.0000	</row2>
					<row3>	0.0000 0.3615 -0.8538 1.0000	</row3>
				</transform>
			</node>
			<node>
				<identifier>	HP_JGA_1	</identifier>
				<transform>
					<row0>	0.0000 0.0000 1.0000 0.0000	</row0>
					<row1>	0.0000 1.0000 0.0000 0.0000	</row1>
					<row2>	-1.0000 0.0000 0.0000 0.0000	</row2>
					<row3>	-0.2414 0.4113 1.2012 1.0000	</row3>
				</transform>
			</node>
			<node>
				<identifier>	HP_JGA_2	</identifier>
				<transform>
					<row0>	0.0000 0.0000 -1.0000 0.0000	</row0>
					<row1>	0.0000 1.0000 0.0000 0.0000	</row1>
					<row2>	1.0000 0.0000 0.0000 0.0000	</row2>
					<row3>	0.2414 0.4113 1.2012 1.0000	</row3>
				</transform>
			</node>
			<node>
				<identifier>	HP_JGT_1	</identifier>
				<transform>
					<row0>	1.0000 0.0000 0.0000 0.0000	</row0>
					<row1>	0.0000 1.0000 0.0000 0.0000	</row1>
					<row2>	0.0000 0.0000 1.0000 0.0000	</row2>
					<row3>	0.0000 0.2533 1.6607 1.0000	</row3>
				</transform>
			</node>
			<node>
				<identifier>	HP_JGT_2	</identifier>
				<transform>
					<row0>	1.0000 0.0000 0.0000 0.0000	</row0>
					<row1>	0.0000 1.0000 0.0000 0.0000	</row1>
					<row2>	0.0000 0.0000 1.0000 0.0000	</row2>
					<row3>	0.0000 0.2528 -1.2539 1.0000	</row3>
				</transform>
			</node>
			<node>
				<identifier>	MP_CM008_Life_Buoy_1	</identifier>
				<transform>
					<row0>	0.0000 0.0000 -1.0000 0.0000	</row0>
					<row1>	0.0000 1.0000 0.0000 0.0000	</row1>
					<row2>	1.0000 0.0000 0.0000 0.0000	</row2>
					<row3>	0.1245 0.4047 -0.3107 1.0000	</row3>
				</transform>
			</node>
			<node>
				<identifier>	MP_CM008_Life_Buoy_1_INDEX_1	</identifier>
				<transform>
					<row0>	0.0000 0.0000 1.0000 0.0000	</row0>
					<row1>	0.0000 1.0000 0.0000 0.0000	</row1>
					<row2>	-1.0000 0.0000 0.0000 0.0000	</row2>
					<row3>	-0.1247 0.4047 0.9445 1.0000	</row3>
				</transform>
			</node>
			<node>
				<identifier>	MP_CM008_Life_Buoy_1_INDEX_2	</identifier>
				<transform>
					<row0>	0.0000 0.0000 -1.0000 0.0000	</row0>
					<row1>	0.0000 1.0000 0.0000 0.0000	</row1>
					<row2>	1.0000 0.0000 0.0000 0.0000	</row2>
					<row3>	0.1247 0.4047 0.9445 1.0000	</row3>
				</transform>
			</node>
			<node>
				<identifier>	MP_CM008_Life_Buoy_1_INDEX_3	</identifier>
				<transform>
					<row0>	0.0000 0.0000 1.0000 0.0000	</row0>
					<row1>	0.0000 1.0000 0.0000 0.0000	</row1>
					<row2>	-1.0000 0.0000 0.0000 0.0000	</row2>
					<row3>	-0.1245 0.4047 -0.3107 1.0000	</row3>
				</transform>
			</node>
			<node>
				<identifier>	MP_CM011_Fire_Fighting_Gear	</identifier>
				<transform>
					<row0>	0.0000 0.0000 1.0000 0.0000	</row0>
					<row1>	0.0000 1.0000 0.0000 0.0000	</row1>
					<row2>	-1.0000 0.0000 0.0000 0.0000	</row2>
					<row3>	0.1304 0.2072 -0.5329 1.0000	</row3>
				</transform>
			</node>
			<node>
				<identifier>	MP_CM011_Fire_Fighting_Gear_INDEX_1	</identifier>
				<transform>
					<row0>	0.0000 0.0000 -1.0000 0.0000	</row0>
					<row1>	0.0000 1.0000 0.0000 0.0000	</row1>
					<row2>	1.0000 0.0000 0.0000 0.0000	</row2>
					<row3>	-0.1304 0.2072 -0.5329 1.0000	</row3>
				</transform>
			</node>
			<node>
				<identifier>	MP_CM011_Fire_Fighting_Gear_INDEX_2	</identifier>
				<transform>
					<row0>	0.0000 0.0000 1.0000 0.0000	</row0>
					<row1>	0.0000 1.0000 0.0000 0.0000	</row1>
					<row2>	-1.0000 0.0000 0.0000 0.0000	</row2>
					<row3>	0.1304 0.2072 0.1058 1.0000	</row3>
				</transform>
			</node>
			<node>
				<identifier>	MP_CM011_Fire_Fighting_Gear_INDEX_3	</identifier>
				<transform>
					<row0>	0.0000 0.0000 -1.0000 0.0000	</row0>
					<row1>	0.0000 1.0000 0.0000 0.0000	</row1>
					<row2>	1.0000 0.0000 0.0000 0.0000	</row2>
					<row3>	-0.1304 0.2072 0.1058 1.0000	</row3>
				</transform>
			</node>
			<node>
				<identifier>	MP_CM011_Fire_Fighting_Gear_INDEX_4	</identifier>
				<transform>
					<row0>	0.0000 0.0000 -1.0000 0.0000	</row0>
					<row1>	0.0000 1.0000 0.0000 0.0000	</row1>
					<row2>	1.0000 0.0000 0.0000 0.0000	</row2>
					<row3>	-0.1272 0.2071 0.7345 1.0000	</row3>
				</transform>
			</node>
			<node>
				<identifier>	MP_CM011_Fire_Fighting_Gear_INDEX_5	</identifier>
				<transform>
					<row0>	0.0000 0.0000 1.0000 0.0000	</row0>
					<row1>	0.0000 1.0000 0.0000 0.0000	</row1>
					<row2>	-1.0000 0.0000 0.0000 0.0000	</row2>
					<row3>	0.1304 0.2075 1.2336 1.0000	</row3>
				</transform>
			</node>
			<node>
				<identifier>	MP_CM012_Fire_Hose_Rack_1	</identifier>
				<transform>
					<row0>	1.0000 0.0000 0.0000 0.0000	</row0>
					<row1>	0.0000 1.0000 0.0000 0.0000	</row1>
					<row2>	0.0000 0.0000 1.0000 0.0000	</row2>
					<row3>	-0.1203 0.2943 0.1024 1.0000	</row3>
				</transform>
			</node>
			<node>
				<identifier>	MP_CM012_Fire_Hose_Rack_1_INDEX_1	</identifier>
				<transform>
					<row0>	1.0000 0.0000 0.0000 0.0000	</row0>
					<row1>	0.0000 1.0000 0.0000 0.0000	</row1>
					<row2>	0.0000 0.0000 1.0000 0.0000	</row2>
					<row3>	-0.1203 0.2943 -0.5307 1.0000	</row3>
				</transform>
			</node>
			<node>
				<identifier>	MP_CM012_Fire_Hose_Rack_1_INDEX_2	</identifier>
				<transform>
					<row0>	-1.0000 0.0000 0.0000 0.0000	</row0>
					<row1>	0.0000 1.0000 0.0000 0.0000	</row1>
					<row2>	0.0000 0.0000 -1.0000 0.0000	</row2>
					<row3>	0.1203 0.2943 -0.5307 1.0000	</row3>
				</transform>
			</node>
			<node>
				<identifier>	MP_CM012_Fire_Hose_Rack_1_INDEX_3	</identifier>
				<transform>
					<row0>	-1.0000 0.0000 0.0000 0.0000	</row0>
					<row1>	0.0000 1.0000 0.0000 0.0000	</row1>
					<row2>	0.0000 0.0000 -1.0000 0.0000	</row2>
					<row3>	0.1203 0.2943 0.1024 1.0000	</row3>
				</transform>
			</node>
			<node>
				<identifier>	MP_CM013_Fire_Hose_Rack_2	</identifier>
				<transform>
					<row0>	1.0000 0.0000 0.0000 0.0000	</row0>
					<row1>	0.0000 1.0000 0.0000 0.0000	</row1>
					<row2>	0.0000 0.0000 1.0000 0.0000	</row2>
					<row3>	-0.1203 0.2943 0.7383 1.0000	</row3>
				</transform>
			</node>
			<node>
				<identifier>	MP_CM013_Fire_Hose_Rack_2_INDEX_1	</identifier>
				<transform>
					<row0>	-1.0000 0.0000 0.0000 0.0000	</row0>
					<row1>	0.0000 1.0000 0.0000 0.0000	</row1>
					<row2>	0.0000 0.0000 -1.0000 0.0000	</row2>
					<row3>	0.1203 0.2943 1.2455 1.0000	</row3>
				</transform>
			</node>
			<node>
				<identifier>	MP_CM014_Fuel_Oil_Hose	</identifier>
				<transform>
					<row0>	1.0000 0.0000 0.0000 0.0000	</row0>
					<row1>	0.0000 1.0000 0.0000 0.0000	</row1>
					<row2>	0.0000 0.0000 1.0000 0.0000	</row2>
					<row3>	-0.1220 0.2563 -0.6274 1.0000	</row3>
				</transform>
			</node>
			<node>
				<identifier>	MP_CM014_Fuel_Oil_Hose_INDEX_1	</identifier>
				<transform>
					<row0>	1.0000 0.0000 0.0000 0.0000	</row0>
					<row1>	0.0000 1.0000 0.0000 0.0000	</row1>
					<row2>	0.0000 0.0000 1.0000 0.0000	</row2>
					<row3>	-0.1220 0.2283 -0.6274 1.0000	</row3>
				</transform>
			</node>
			<node>
				<identifier>	MP_CM014_Fuel_Oil_Hose_INDEX_2	</identifier>
				<transform>
					<row0>	-1.0000 0.0000 0.0000 0.0000	</row0>
					<row1>	0.0000 1.0000 0.0000 0.0000	</row1>
					<row2>	0.0000 0.0000 -1.0000 0.0000	</row2>
					<row3>	0.1218 0.2563 0.2280 1.0000	</row3>
				</transform>
			</node>
			<node>
				<identifier>	MP_CM014_Fuel_Oil_Hose_INDEX_3	</identifier>
				<transform>
					<row0>	-1.0000 0.0000 0.0000 0.0000	</row0>
					<row1>	0.0000 1.0000 0.0000 0.0000	</row1>
					<row2>	0.0000 0.0000 -1.0000 0.0000	</row2>
					<row3>	0.1218 0.2283 0.2280 1.0000	</row3>
				</transform>
			</node>
			<node>
				<identifier>	MP_CM028_Swab_Rack	</identifier>
				<transform>
					<row0>	-1.0000 0.0000 0.0000 0.0000	</row0>
					<row1>	0.0000 1.0000 0.0000 0.0000	</row1>
					<row2>	0.0000 0.0000 -1.0000 0.0000	</row2>
					<row3>	0.0031 0.2076 1.3137 1.0000	</row3>
				</transform>
			</node>
			<node>
				<identifier>	MP_CM029_Emergency_Box	</identifier>
				<transform>
					<row0>	0.0000 0.0000 1.0000 0.0000	</row0>
					<row1>	0.0000 1.0000 0.0000 0.0000	</row1>
					<row2>	-1.0000 0.0000 0.0000 0.0000	</row2>
					<row3>	0.1265 0.2990 0.1948 1.0000	</row3>
				</transform>
			</node>
			<node>
				<identifier>	MP_CM029_Emergency_Box_INDEX_1	</identifier>
				<transform>
					<row0>	0.0000 0.0000 -1.0000 0.0000	</row0>
					<row1>	0.0000 1.0000 0.0000 0.0000	</row1>
					<row2>	1.0000 0.0000 0.0000 0.0000	</row2>
					<row3>	-0.1265 0.2990 0.1948 1.0000	</row3>
				</transform>
			</node>
			<node>
				<identifier>	MP_CM029_Emergency_Box_INDEX_2	</identifier>
				<transform>
					<row0>	0.0000 0.0000 1.0000 0.0000	</row0>
					<row1>	0.0000 1.0000 0.0000 0.0000	</row1>
					<row2>	-1.0000 0.0000 0.0000 0.0000	</row2>
					<row3>	0.1265 0.2990 -0.9038 1.0000	</row3>
				</transform>
			</node>
			<node>
				<identifier>	MP_CM029_Emergency_Box_INDEX_3	</identifier>
				<transform>
					<row0>	0.0000 0.0000 -1.0000 0.0000	</row0>
					<row1>	0.0000 1.0000 0.0000 0.0000	</row1>
					<row2>	1.0000 0.0000 0.0000 0.0000	</row2>
					<row3>	-0.1265 0.2990 -0.9038 1.0000	</row3>
				</transform>
			</node>
			<node>
				<identifier>	MP_CM030_Swab_Rack_2	</identifier>
				<transform>
					<row0>	1.0000 0.0000 0.0000 0.0000	</row0>
					<row1>	0.0000 1.0000 0.0000 0.0000	</row1>
					<row2>	0.0000 0.0000 1.0000 0.0000	</row2>
					<row3>	0.0429 0.2074 -0.4404 1.0000	</row3>
				</transform>
			</node>
			<node>
				<identifier>	MP_CM059_Ladder_Cruiser	</identifier>
				<transform>
					<row0>	-0.9990 -0.0447 0.0069 0.0000	</row0>
					<row1>	-0.0446 0.9990 0.0021 0.0000	</row1>
					<row2>	-0.0070 0.0018 -1.0000 0.0000	</row2>
					<row3>	-0.3314 0.1978 1.0660 1.0000	</row3>
				</transform>
			</node>
			<node>
				<identifier>	MP_CM059_Ladder_Cruiser_INDEX_1	</identifier>
				<transform>
					<row0>	-0.9990 0.0447 -0.0069 0.0000	</row0>
					<row1>	0.0446 0.9990 0.0021 0.0000	</row1>
					<row2>	0.0070 0.0018 -1.0000 0.0000	</row2>
					<row3>	0.3314 0.1978 1.0660 1.0000	</row3>
				</transform>
			</node>
			<node>
				<identifier>	MP_CM082_Rope	</identifier>
				<transform>
					<row0>	0.8440 -0.5364 0.0000 0.0000	</row0>
					<row1>	0.5364 0.8440 0.0000 0.0000	</row1>
					<row2>	0.0000 0.0000 1.0000 0.0000	</row2>
					<row3>	-0.3190 0.2671 0.5700 1.0000	</row3>
				</transform>
			</node>
			<node>
				<identifier>	MP_CM082_Rope_INDEX_1	</identifier>
				<transform>
					<row0>	-0.8440 0.5364 0.0000 0.0000	</row0>
					<row1>	0.5364 0.8440 0.0000 0.0000	</row1>
					<row2>	0.0000 0.0000 -1.0000 0.0000	</row2>
					<row3>	-0.3203 0.2671 0.8905 1.0000	</row3>
				</transform>
			</node>
			<node>
				<identifier>	MP_CM082_Rope_INDEX_10	</identifier>
				<transform>
					<row0>	0.8440 0.5364 0.0000 0.0000	</row0>
					<row1>	-0.5364 0.8440 0.0000 0.0000	</row1>
					<row2>	0.0000 0.0000 1.0000 0.0000	</row2>
					<row3>	0.3190 0.2671 0.5700 1.0000	</row3>
				</transform>
			</node>
			<node>
				<identifier>	MP_CM082_Rope_INDEX_11	</identifier>
				<transform>
					<row0>	-0.8440 -0.5364 0.0000 0.0000	</row0>
					<row1>	-0.5364 0.8440 0.0000 0.0000	</row1>
					<row2>	0.0000 0.0000 -1.0000 0.0000	</row2>
					<row3>	0.3203 0.2671 0.8905 1.0000	</row3>
				</transform>
			</node>
			<node>
				<identifier>	MP_CM082_Rope_INDEX_2	</identifier>
				<transform>
					<row0>	-0.8440 0.5364 0.0000 0.0000	</row0>
					<row1>	0.5364 0.8440 0.0000 0.0000	</row1>
					<row2>	0.0000 0.0000 -1.0000 0.0000	</row2>
					<row3>	-0.3086 0.2671 0.3306 1.0000	</row3>
				</transform>
			</node>
			<node>
				<identifier>	MP_CM082_Rope_INDEX_3	</identifier>
				<transform>
					<row0>	0.8440 -0.5364 0.0000 0.0000	</row0>
					<row1>	0.5364 0.8440 0.0000 0.0000	</row1>
					<row2>	0.0000 0.0000 1.0000 0.0000	</row2>
					<row3>	-0.3091 0.2671 -0.0967 1.0000	</row3>
				</transform>
			</node>
			<node>
				<identifier>	MP_CM082_Rope_INDEX_4	</identifier>
				<transform>
					<row0>	0.8440 -0.5364 0.0000 0.0000	</row0>
					<row1>	0.5364 0.8440 0.0000 0.0000	</row1>
					<row2>	0.0000 0.0000 1.0000 0.0000	</row2>
					<row3>	-0.3094 0.2670 -0.7304 1.0000	</row3>
				</transform>
			</node>
			<node>
				<identifier>	MP_CM082_Rope_INDEX_5	</identifier>
				<transform>
					<row0>	-0.8440 0.5364 0.0000 0.0000	</row0>
					<row1>	0.5364 0.8440 0.0000 0.0000	</row1>
					<row2>	0.0000 0.0000 -1.0000 0.0000	</row2>
					<row3>	-0.3089 0.2670 -0.3028 1.0000	</row3>
				</transform>
			</node>
			<node>
				<identifier>	MP_CM082_Rope_INDEX_6	</identifier>
				<transform>
					<row0>	0.8235 0.5673 0.0000 0.0000	</row0>
					<row1>	-0.5673 0.8235 0.0000 0.0000	</row1>
					<row2>	0.0000 0.0000 1.0000 0.0000	</row2>
					<row3>	0.3115 0.2671 -0.7536 1.0000	</row3>
				</transform>
			</node>
			<node>
				<identifier>	MP_CM082_Rope_INDEX_7	</identifier>
				<transform>
					<row0>	-0.8440 -0.5364 0.0000 0.0000	</row0>
					<row1>	-0.5364 0.8440 0.0000 0.0000	</row1>
					<row2>	0.0000 0.0000 -1.0000 0.0000	</row2>
					<row3>	0.3106 0.2683 -0.3273 1.0000	</row3>
				</transform>
			</node>
			<node>
				<identifier>	MP_CM082_Rope_INDEX_8	</identifier>
				<transform>
					<row0>	0.8440 0.5364 0.0000 0.0000	</row0>
					<row1>	-0.5364 0.8440 0.0000 0.0000	</row1>
					<row2>	0.0000 0.0000 1.0000 0.0000	</row2>
					<row3>	0.3091 0.2671 -0.0967 1.0000	</row3>
				</transform>
			</node>
			<node>
				<identifier>	MP_CM082_Rope_INDEX_9	</identifier>
				<transform>
					<row0>	-0.8440 -0.5364 0.0000 0.0000	</row0>
					<row1>	-0.5364 0.8440 0.0000 0.0000	</row1>
					<row2>	0.0000 0.0000 -1.0000 0.0000	</row2>
					<row3>	0.3086 0.2671 0.3306 1.0000	</row3>
				</transform>
			</node>
			<node>
				<identifier>	MP_CM092_Siren	</identifier>
				<transform>
					<row0>	-1.0000 0.0000 0.0000 0.0000	</row0>
					<row1>	0.0000 0.9983 -0.0586 0.0000	</row1>
					<row2>	0.0000 -0.0586 -0.9983 0.0000	</row2>
					<row3>	-0.1020 0.6760 1.0454 1.0000	</row3>
				</transform>
			</node>
			<node>
				<identifier>	MP_CM092_Siren_INDEX_1	</identifier>
				<transform>
					<row0>	-1.0000 0.0000 0.0000 0.0000	</row0>
					<row1>	0.0000 0.9983 -0.0586 0.0000	</row1>
					<row2>	0.0000 -0.0586 -0.9983 0.0000	</row2>
					<row3>	0.1056 0.6760 1.0456 1.0000	</row3>
				</transform>
			</node>
			<node>
				<identifier>	MP_JM002_Paravane	</identifier>
				<transform>
					<row0>	0.0000 0.0000 1.0000 0.0000	</row0>
					<row1>	0.0000 1.0000 0.0000 0.0000	</row1>
					<row2>	-1.0000 0.0000 0.0000 0.0000	</row2>
					<row3>	-0.0345 0.4470 0.6825 1.0000	</row3>
				</transform>
			</node>
			<node>
				<identifier>	MP_JM002_Paravane_INDEX_1	</identifier>
				<transform>
					<row0>	0.0000 0.0000 -1.0000 0.0000	</row0>
					<row1>	0.0000 1.0000 0.0000 0.0000	</row1>
					<row2>	1.0000 0.0000 0.0000 0.0000	</row2>
					<row3>	0.0327 0.4470 0.6825 1.0000	</row3>
				</transform>
			</node>
			<node>
				<identifier>	MP_JM014_Reels_2	</identifier>
				<transform>
					<row0>	0.6428 0.0000 -0.7660 0.0000	</row0>
					<row1>	0.0000 1.0000 0.0000 0.0000	</row1>
					<row2>	0.7660 0.0000 0.6428 0.0000	</row2>
					<row3>	0.0737 0.3578 0.9336 1.0000	</row3>
				</transform>
			</node>
			<node>
				<identifier>	MP_JM014_Reels_2_INDEX_1	</identifier>
				<transform>
					<row0>	0.6428 0.0000 0.7660 0.0000	</row0>
					<row1>	0.0000 1.0000 0.0000 0.0000	</row1>
					<row2>	-0.7660 0.0000 0.6428 0.0000	</row2>
					<row3>	-0.0737 0.3578 0.9336 1.0000	</row3>
				</transform>
			</node>
			<node>
				<identifier>	MP_JM023_Ventilators_7	</identifier>
				<transform>
					<row0>	0.5864 0.0000 0.0000 0.0000	</row0>
					<row1>	0.0000 0.5864 0.0000 0.0000	</row1>
					<row2>	0.0000 0.0000 0.5864 0.0000	</row2>
					<row3>	0.1412 0.2020 0.5674 1.0000	</row3>
				</transform>
			</node>
			<node>
				<identifier>	MP_JM023_Ventilators_7_INDEX_1	</identifier>
				<transform>
					<row0>	0.5864 0.0000 0.0000 0.0000	</row0>
					<row1>	0.0000 0.5864 0.0000 0.0000	</row1>
					<row2>	0.0000 0.0000 0.5864 0.0000	</row2>
					<row3>	0.3690 0.1978 -0.1840 1.0000	</row3>
				</transform>
			</node>
			<node>
				<identifier>	MP_JM023_Ventilators_7_INDEX_2	</identifier>
				<transform>
					<row0>	0.5864 0.0000 0.0000 0.0000	</row0>
					<row1>	0.0000 0.5864 0.0000 0.0000	</row1>
					<row2>	0.0000 0.0000 0.5864 0.0000	</row2>
					<row3>	0.3690 0.1978 -0.8274 1.0000	</row3>
				</transform>
			</node>
			<node>
				<identifier>	MP_JM023_Ventilators_7_INDEX_3	</identifier>
				<transform>
					<row0>	0.5864 0.0000 0.0000 0.0000	</row0>
					<row1>	0.0000 0.5864 0.0000 0.0000	</row1>
					<row2>	0.0000 0.0000 0.5864 0.0000	</row2>
					<row3>	-0.3690 0.1979 -0.1840 1.0000	</row3>
				</transform>
			</node>
			<node>
				<identifier>	MP_JM023_Ventilators_7_INDEX_4	</identifier>
				<transform>
					<row0>	0.5864 0.0000 0.0000 0.0000	</row0>
					<row1>	0.0000 0.5864 0.0000 0.0000	</row1>
					<row2>	0.0000 0.0000 0.5864 0.0000	</row2>
					<row3>	-0.1412 0.2020 0.5661 1.0000	</row3>
				</transform>
			</node>
			<node>
				<identifier>	MP_JM037_Cutter_9m	</identifier>
				<transform>
					<row0>	0.9997 0.0000 -0.0250 0.0000	</row0>
					<row1>	0.0000 1.0000 0.0000 0.0000	</row1>
					<row2>	0.0250 0.0000 0.9997 0.0000	</row2>
					<row3>	-0.3233 0.2762 -0.5094 1.0000	</row3>
				</transform>
			</node>
			<node>
				<identifier>	MP_JM037_Cutter_9m_INDEX_1	</identifier>
				<transform>
					<row0>	0.9997 0.0000 -0.0250 0.0000	</row0>
					<row1>	0.0000 1.0000 0.0000 0.0000	</row1>
					<row2>	0.0250 0.0000 0.9997 0.0000	</row2>
					<row3>	-0.3232 0.2762 0.1254 1.0000	</row3>
				</transform>
			</node>
			<node>
				<identifier>	MP_JM037_Cutter_9m_INDEX_2	</identifier>
				<transform>
					<row0>	0.9997 0.0000 0.0250 0.0000	</row0>
					<row1>	0.0000 1.0000 0.0000 0.0000	</row1>
					<row2>	-0.0250 0.0000 0.9997 0.0000	</row2>
					<row3>	0.3232 0.2762 0.1254 1.0000	</row3>
				</transform>
			</node>
			<node>
				<identifier>	MP_JM053_Deck_Hatch_2	</identifier>
				<transform>
					<row0>	0.0000 0.0000 1.0000 0.0000	</row0>
					<row1>	0.0000 1.0000 0.0000 0.0000	</row1>
					<row2>	-1.0000 0.0000 0.0000 0.0000	</row2>
					<row3>	0.1434 0.2054 0.3519 1.0000	</row3>
				</transform>
			</node>
			<node>
				<identifier>	MP_JM053_Deck_Hatch_2_INDEX_1	</identifier>
				<transform>
					<row0>	0.0000 0.0000 1.0000 0.0000	</row0>
					<row1>	0.0000 1.0000 0.0000 0.0000	</row1>
					<row2>	-1.0000 0.0000 0.0000 0.0000	</row2>
					<row3>	0.1434 0.2054 -0.3157 1.0000	</row3>
				</transform>
			</node>
			<node>
				<identifier>	MP_JM053_Deck_Hatch_2_INDEX_2	</identifier>
				<transform>
					<row0>	0.0000 0.0000 1.0000 0.0000	</row0>
					<row1>	0.0000 1.0000 0.0000 0.0000	</row1>
					<row2>	-1.0000 0.0000 0.0000 0.0000	</row2>
					<row3>	0.1434 0.2058 -0.8811 1.0000	</row3>
				</transform>
			</node>
			<node>
				<identifier>	MP_JM053_Deck_Hatch_2_INDEX_3	</identifier>
				<transform>
					<row0>	0.0000 0.0000 -1.0000 0.0000	</row0>
					<row1>	0.0000 1.0000 0.0000 0.0000	</row1>
					<row2>	1.0000 0.0000 0.0000 0.0000	</row2>
					<row3>	-0.1434 0.2058 -0.8811 1.0000	</row3>
				</transform>
			</node>
			<node>
				<identifier>	MP_JM053_Deck_Hatch_2_INDEX_4	</identifier>
				<transform>
					<row0>	0.0000 0.0000 -1.0000 0.0000	</row0>
					<row1>	0.0000 1.0000 0.0000 0.0000	</row1>
					<row2>	1.0000 0.0000 0.0000 0.0000	</row2>
					<row3>	-0.1434 0.2054 -0.3157 1.0000	</row3>
				</transform>
			</node>
			<node>
				<identifier>	MP_JM053_Deck_Hatch_2_INDEX_5	</identifier>
				<transform>
					<row0>	0.0000 0.0000 -1.0000 0.0000	</row0>
					<row1>	0.0000 1.0000 0.0000 0.0000	</row1>
					<row2>	1.0000 0.0000 0.0000 0.0000	</row2>
					<row3>	-0.1434 0.2054 0.3519 1.0000	</row3>
				</transform>
			</node>
			<node>
				<identifier>	MP_JM060_Deck_Hatch_9	</identifier>
				<transform>
					<row0>	1.0000 0.0000 0.0000 0.0000	</row0>
					<row1>	0.0000 1.0000 0.0000 0.0000	</row1>
					<row2>	0.0000 0.0000 1.0000 0.0000	</row2>
					<row3>	-0.0567 0.4110 1.3045 1.0000	</row3>
				</transform>
			</node>
			<node>
				<identifier>	MP_JM060_Deck_Hatch_9_INDEX_1	</identifier>
				<transform>
					<row0>	1.0000 0.0000 0.0000 0.0000	</row0>
					<row1>	0.0000 1.0000 0.0000 0.0000	</row1>
					<row2>	0.0000 0.0000 1.0000 0.0000	</row2>
					<row3>	-0.2094 0.4110 1.3045 1.0000	</row3>
				</transform>
			</node>
			<node>
				<identifier>	MP_JM060_Deck_Hatch_9_INDEX_2	</identifier>
				<transform>
					<row0>	1.0000 0.0000 0.0000 0.0000	</row0>
					<row1>	0.0000 1.0000 0.0000 0.0000	</row1>
					<row2>	0.0000 0.0000 1.0000 0.0000	</row2>
					<row3>	0.1429 0.4110 1.3045 1.0000	</row3>
				</transform>
			</node>
			<node>
				<identifier>	MP_JM060_Deck_Hatch_9_INDEX_3	</identifier>
				<transform>
					<row0>	1.0000 0.0000 0.0000 0.0000	</row0>
					<row1>	0.0000 1.0000 0.0000 0.0000	</row1>
					<row2>	0.0000 0.0000 1.0000 0.0000	</row2>
					<row3>	0.1914 0.4110 1.3045 1.0000	</row3>
				</transform>
			</node>
			<node>
				<identifier>	MP_JM128_Bag_1	</identifier>
				<transform>
					<row0>	0.0000 0.0000 1.0000 0.0000	</row0>
					<row1>	0.0000 1.0000 0.0000 0.0000	</row1>
					<row2>	-1.0000 0.0000 0.0000 0.0000	</row2>
					<row3>	0.2031 0.4166 1.3263 1.0000	</row3>
				</transform>
			</node>
			<node>
				<identifier>	MP_JM128_Bag_1_INDEX_1	</identifier>
				<transform>
					<row0>	0.0000 0.0000 1.0000 0.0000	</row0>
					<row1>	0.0000 1.0000 0.0000 0.0000	</row1>
					<row2>	-1.0000 0.0000 0.0000 0.0000	</row2>
					<row3>	0.0442 0.4166 1.3263 1.0000	</row3>
				</transform>
			</node>
			<node>
				<identifier>	MP_JM128_Bag_1_INDEX_2	</identifier>
				<transform>
					<row0>	0.0000 0.0000 1.0000 0.0000	</row0>
					<row1>	0.0000 1.0000 0.0000 0.0000	</row1>
					<row2>	-1.0000 0.0000 0.0000 0.0000	</row2>
					<row3>	0.1235 0.4166 1.3263 1.0000	</row3>
				</transform>
			</node>
			<node>
				<identifier>	MP_JM128_Bag_1_INDEX_3	</identifier>
				<transform>
					<row0>	0.0000 0.0000 -1.0000 0.0000	</row0>
					<row1>	0.0000 1.0000 0.0000 0.0000	</row1>
					<row2>	1.0000 0.0000 0.0000 0.0000	</row2>
					<row3>	0.0494 0.3986 -0.9435 1.0000	</row3>
				</transform>
			</node>
			<node>
				<identifier>	MP_JM128_Bag_1_INDEX_4	</identifier>
				<transform>
					<row0>	0.0000 0.0000 -1.0000 0.0000	</row0>
					<row1>	0.0000 1.0000 0.0000 0.0000	</row1>
					<row2>	1.0000 0.0000 0.0000 0.0000	</row2>
					<row3>	-0.0494 0.3908 -0.9435 1.0000	</row3>
				</transform>
			</node>
			<node>
				<identifier>	MP_JM128_Bag_1_INDEX_5	</identifier>
				<transform>
					<row0>	-1.0000 0.0000 0.0000 0.0000	</row0>
					<row1>	0.0000 1.0000 0.0000 0.0000	</row1>
					<row2>	0.0000 0.0000 -1.0000 0.0000	</row2>
					<row3>	-0.1203 0.3908 -0.8735 1.0000	</row3>
				</transform>
			</node>
			<node>
				<identifier>	MP_JM128_Bag_1_INDEX_6	</identifier>
				<transform>
					<row0>	1.0000 0.0000 0.0000 0.0000	</row0>
					<row1>	0.0000 1.0000 0.0000 0.0000	</row1>
					<row2>	0.0000 0.0000 1.0000 0.0000	</row2>
					<row3>	0.1203 0.3986 -0.8735 1.0000	</row3>
				</transform>
			</node>
			<node>
				<identifier>	MP_JM131_Bag_4	</identifier>
				<transform>
					<row0>	-0.4540 0.0000 0.8910 0.0000	</row0>
					<row1>	0.0000 1.0000 0.0000 0.0000	</row1>
					<row2>	-0.8910 0.0000 -0.4540 0.0000	</row2>
					<row3>	-0.3062 0.4201 1.3068 1.0000	</row3>
				</transform>
			</node>
			<node>
				<identifier>	MP_JM131_Bag_4_INDEX_1	</identifier>
				<transform>
					<row0>	0.4540 0.0000 0.8910 0.0000	</row0>
					<row1>	0.0000 1.0000 0.0000 0.0000	</row1>
					<row2>	-0.8910 0.0000 0.4540 0.0000	</row2>
					<row3>	0.2947 0.4144 1.3127 1.0000	</row3>
				</transform>
			</node>
			<node>
				<identifier>	MP_JM131_Bag_4_INDEX_10	</identifier>
				<transform>
					<row0>	0.7071 0.0000 0.7071 0.0000	</row0>
					<row1>	0.0000 1.0000 0.0000 0.0000	</row1>
					<row2>	-0.7071 0.0000 0.7071 0.0000	</row2>
					<row3>	0.3207 0.4144 1.2967 1.0000	</row3>
				</transform>
			</node>
			<node>
				<identifier>	MP_JM131_Bag_4_INDEX_11	</identifier>
				<transform>
					<row0>	-0.9239 0.0000 -0.3827 0.0000	</row0>
					<row1>	0.0000 1.0000 0.0000 0.0000	</row1>
					<row2>	0.3827 0.0000 -0.9239 0.0000	</row2>
					<row3>	-0.1194 0.3908 -0.9344 1.0000	</row3>
				</transform>
			</node>
			<node>
				<identifier>	MP_JM131_Bag_4_INDEX_12	</identifier>
				<transform>
					<row0>	0.1564 0.0000 -0.9877 0.0000	</row0>
					<row1>	0.0000 1.0000 0.0000 0.0000	</row1>
					<row2>	0.9877 0.0000 0.1564 0.0000	</row2>
					<row3>	-0.2253 0.4168 1.0787 1.0000	</row3>
				</transform>
			</node>
			<node>
				<identifier>	MP_JM131_Bag_4_INDEX_13	</identifier>
				<transform>
					<row0>	0.4540 0.0000 -0.8910 0.0000	</row0>
					<row1>	0.0000 1.0000 0.0000 0.0000	</row1>
					<row2>	0.8910 0.0000 0.4540 0.0000	</row2>
					<row3>	0.2953 0.4218 1.0901 1.0000	</row3>
				</transform>
			</node>
			<node>
				<identifier>	MP_JM131_Bag_4_INDEX_14	</identifier>
				<transform>
					<row0>	0.7071 0.0000 -0.7071 0.0000	</row0>
					<row1>	0.0000 1.0000 0.0000 0.0000	</row1>
					<row2>	0.7071 0.0000 0.7071 0.0000	</row2>
					<row3>	0.3326 0.4170 1.1177 1.0000	</row3>
				</transform>
			</node>
			<node>
				<identifier>	MP_JM131_Bag_4_INDEX_15	</identifier>
				<transform>
					<row0>	-0.4540 0.0000 -0.8910 0.0000	</row0>
					<row1>	0.0000 1.0000 0.0000 0.0000	</row1>
					<row2>	0.8910 0.0000 -0.4540 0.0000	</row2>
					<row3>	-0.3150 0.4201 1.1001 1.0000	</row3>
				</transform>
			</node>
			<node>
				<identifier>	MP_JM131_Bag_4_INDEX_16	</identifier>
				<transform>
					<row0>	-0.1564 0.0000 -0.9877 0.0000	</row0>
					<row1>	0.0000 1.0000 0.0000 0.0000	</row1>
					<row2>	0.9877 0.0000 -0.1564 0.0000	</row2>
					<row3>	-0.2721 0.4187 1.0810 1.0000	</row3>
				</transform>
			</node>
			<node>
				<identifier>	MP_JM131_Bag_4_INDEX_17	</identifier>
				<transform>
					<row0>	0.0000 0.0000 1.0000 0.0000	</row0>
					<row1>	0.0000 1.0000 0.0000 0.0000	</row1>
					<row2>	-1.0000 0.0000 0.0000 0.0000	</row2>
					<row3>	-0.1967 0.4227 1.3263 1.0000	</row3>
				</transform>
			</node>
			<node>
				<identifier>	MP_JM131_Bag_4_INDEX_18	</identifier>
				<transform>
					<row0>	1.0000 0.0000 0.0000 0.0000	</row0>
					<row1>	0.0000 1.0000 0.0000 0.0000	</row1>
					<row2>	0.0000 0.0000 1.0000 0.0000	</row2>
					<row3>	0.1203 0.3986 -0.7836 1.0000	</row3>
				</transform>
			</node>
			<node>
				<identifier>	MP_JM131_Bag_4_INDEX_19	</identifier>
				<transform>
					<row0>	0.4540 0.0000 -0.8910 0.0000	</row0>
					<row1>	0.0000 1.0000 0.0000 0.0000	</row1>
					<row2>	0.8910 0.0000 0.4540 0.0000	</row2>
					<row3>	0.3099 0.4196 1.0975 1.0000	</row3>
				</transform>
			</node>
			<node>
				<identifier>	MP_JM131_Bag_4_INDEX_2	</identifier>
				<transform>
					<row0>	0.9877 0.0000 0.1564 0.0000	</row0>
					<row1>	0.0000 1.0000 0.0000 0.0000	</row1>
					<row2>	-0.1564 0.0000 0.9877 0.0000	</row2>
					<row3>	0.3614 0.4186 1.2329 1.0000	</row3>
				</transform>
			</node>
			<node>
				<identifier>	MP_JM131_Bag_4_INDEX_20	</identifier>
				<transform>
					<row0>	-0.8910 0.0000 -0.4540 0.0000	</row0>
					<row1>	0.0000 1.0000 0.0000 0.0000	</row1>
					<row2>	0.4540 0.0000 -0.8910 0.0000	</row2>
					<row3>	-0.3598 0.4193 1.1615 1.0000	</row3>
				</transform>
			</node>
			<node>
				<identifier>	MP_JM131_Bag_4_INDEX_21	</identifier>
				<transform>
					<row0>	0.1564 0.0000 0.9877 0.0000	</row0>
					<row1>	0.0000 1.0000 0.0000 0.0000	</row1>
					<row2>	-0.9877 0.0000 0.1564 0.0000	</row2>
					<row3>	0.2503 0.4186 1.3249 1.0000	</row3>
				</transform>
			</node>
			<node>
				<identifier>	MP_JM131_Bag_4_INDEX_22	</identifier>
				<transform>
					<row0>	0.8910 0.0000 -0.4540 0.0000	</row0>
					<row1>	0.0000 1.0000 0.0000 0.0000	</row1>
					<row2>	0.4540 0.0000 0.8910 0.0000	</row2>
					<row3>	0.3427 0.4201 1.1280 1.0000	</row3>
				</transform>
			</node>
			<node>
				<identifier>	MP_JM131_Bag_4_INDEX_23	</identifier>
				<transform>
					<row0>	0.9877 0.0000 0.1564 0.0000	</row0>
					<row1>	0.0000 1.0000 0.0000 0.0000	</row1>
					<row2>	-0.1564 0.0000 0.9877 0.0000	</row2>
					<row3>	0.3665 0.4186 1.2011 1.0000	</row3>
				</transform>
			</node>
			<node>
				<identifier>	MP_JM131_Bag_4_INDEX_24	</identifier>
				<transform>
					<row0>	-0.7071 0.0000 -0.7071 0.0000	</row0>
					<row1>	0.0000 1.0000 0.0000 0.0000	</row1>
					<row2>	0.7071 0.0000 -0.7071 0.0000	</row2>
					<row3>	-0.3253 0.4205 1.1104 1.0000	</row3>
				</transform>
			</node>
			<node>
				<identifier>	MP_JM131_Bag_4_INDEX_25	</identifier>
				<transform>
					<row0>	-0.1564 0.0000 0.9877 0.0000	</row0>
					<row1>	0.0000 1.0000 0.0000 0.0000	</row1>
					<row2>	-0.9877 0.0000 -0.1564 0.0000	</row2>
					<row3>	-0.2624 0.4177 1.3230 1.0000	</row3>
				</transform>
			</node>
			<node>
				<identifier>	MP_JM131_Bag_4_INDEX_26	</identifier>
				<transform>
					<row0>	-0.7071 0.0000 0.7071 0.0000	</row0>
					<row1>	0.0000 1.0000 0.0000 0.0000	</row1>
					<row2>	-0.7071 0.0000 -0.7071 0.0000	</row2>
					<row3>	-0.3409 0.4201 1.2764 1.0000	</row3>
				</transform>
			</node>
			<node>
				<identifier>	MP_JM131_Bag_4_INDEX_27	</identifier>
				<transform>
					<row0>	0.9877 0.0000 0.1564 0.0000	</row0>
					<row1>	0.0000 1.0000 0.0000 0.0000	</row1>
					<row2>	-0.1564 0.0000 0.9877 0.0000	</row2>
					<row3>	0.3640 0.4161 1.2170 1.0000	</row3>
				</transform>
			</node>
			<node>
				<identifier>	MP_JM131_Bag_4_INDEX_28	</identifier>
				<transform>
					<row0>	-0.8910 0.0000 -0.4540 0.0000	</row0>
					<row1>	0.0000 1.0000 0.0000 0.0000	</row1>
					<row2>	0.4540 0.0000 -0.8910 0.0000	</row2>
					<row3>	-0.3451 0.4168 1.1327 1.0000	</row3>
				</transform>
			</node>
			<node>
				<identifier>	MP_JM131_Bag_4_INDEX_29	</identifier>
				<transform>
					<row0>	0.4540 0.0000 0.8910 0.0000	</row0>
					<row1>	0.0000 1.0000 0.0000 0.0000	</row1>
					<row2>	-0.8910 0.0000 0.4540 0.0000	</row2>
					<row3>	0.3091 0.4209 1.3054 1.0000	</row3>
				</transform>
			</node>
			<node>
				<identifier>	MP_JM131_Bag_4_INDEX_3	</identifier>
				<transform>
					<row0>	-0.7071 0.0000 -0.7071 0.0000	</row0>
					<row1>	0.0000 1.0000 0.0000 0.0000	</row1>
					<row2>	0.7071 0.0000 -0.7071 0.0000	</row2>
					<row3>	0.1649 0.4201 1.1030 1.0000	</row3>
				</transform>
			</node>
			<node>
				<identifier>	MP_JM131_Bag_4_INDEX_30	</identifier>
				<transform>
					<row0>	-0.1564 0.0000 0.9877 0.0000	</row0>
					<row1>	0.0000 1.0000 0.0000 0.0000	</row1>
					<row2>	-0.9877 0.0000 -0.1564 0.0000	</row2>
					<row3>	-0.2787 0.4193 1.3204 1.0000	</row3>
				</transform>
			</node>
			<node>
				<identifier>	MP_JM131_Bag_4_INDEX_31	</identifier>
				<transform>
					<row0>	-0.1564 0.0000 -0.9877 0.0000	</row0>
					<row1>	0.0000 1.0000 0.0000 0.0000	</row1>
					<row2>	0.9877 0.0000 -0.1564 0.0000	</row2>
					<row3>	0.2044 0.4170 1.0820 1.0000	</row3>
				</transform>
			</node>
			<node>
				<identifier>	MP_JM131_Bag_4_INDEX_32	</identifier>
				<transform>
					<row0>	0.1564 0.0000 0.9877 0.0000	</row0>
					<row1>	0.0000 1.0000 0.0000 0.0000	</row1>
					<row2>	-0.9877 0.0000 0.1564 0.0000	</row2>
					<row3>	0.2663 0.4144 1.3223 1.0000	</row3>
				</transform>
			</node>
			<node>
				<identifier>	MP_JM131_Bag_4_INDEX_33	</identifier>
				<transform>
					<row0>	0.0000 0.0000 1.0000 0.0000	</row0>
					<row1>	0.0000 1.0000 0.0000 0.0000	</row1>
					<row2>	-1.0000 0.0000 0.0000 0.0000	</row2>
					<row3>	-0.2297 0.4259 1.3263 1.0000	</row3>
				</transform>
			</node>
			<node>
				<identifier>	MP_JM131_Bag_4_INDEX_34	</identifier>
				<transform>
					<row0>	0.9239 0.0000 -0.3827 0.0000	</row0>
					<row1>	0.0000 1.0000 0.0000 0.0000	</row1>
					<row2>	0.3827 0.0000 0.9239 0.0000	</row2>
					<row3>	0.1194 0.3979 -0.9344 1.0000	</row3>
				</transform>
			</node>
			<node>
				<identifier>	MP_JM131_Bag_4_INDEX_35	</identifier>
				<transform>
					<row0>	1.0000 0.0000 0.0000 0.0000	</row0>
					<row1>	0.0000 1.0000 0.0000 0.0000	</row1>
					<row2>	0.0000 0.0000 1.0000 0.0000	</row2>
					<row3>	0.1203 0.3975 -0.9207 1.0000	</row3>
				</transform>
			</node>
			<node>
				<identifier>	MP_JM131_Bag_4_INDEX_36	</identifier>
				<transform>
					<row0>	-0.9877 0.0000 0.1564 0.0000	</row0>
					<row1>	0.0000 1.0000 0.0000 0.0000	</row1>
					<row2>	-0.1564 0.0000 -0.9877 0.0000	</row2>
					<row3>	-0.3633 0.4201 1.2210 1.0000	</row3>
				</transform>
			</node>
			<node>
				<identifier>	MP_JM131_Bag_4_INDEX_37	</identifier>
				<transform>
					<row0>	-0.3827 0.0000 -0.9239 0.0000	</row0>
					<row1>	0.0000 1.0000 0.0000 0.0000	</row1>
					<row2>	0.9239 0.0000 -0.3827 0.0000	</row2>
					<row3>	-0.1115 0.3908 -0.9424 1.0000	</row3>
				</transform>
			</node>
			<node>
				<identifier>	MP_JM131_Bag_4_INDEX_38	</identifier>
				<transform>
					<row0>	-0.7071 0.0000 -0.7071 0.0000	</row0>
					<row1>	0.0000 1.0000 0.0000 0.0000	</row1>
					<row2>	0.7071 0.0000 -0.7071 0.0000	</row2>
					<row3>	0.1535 0.4218 1.1144 1.0000	</row3>
				</transform>
			</node>
			<node>
				<identifier>	MP_JM131_Bag_4_INDEX_39	</identifier>
				<transform>
					<row0>	0.7071 0.0000 0.7071 0.0000	</row0>
					<row1>	0.0000 1.0000 0.0000 0.0000	</row1>
					<row2>	-0.7071 0.0000 0.7071 0.0000	</row2>
					<row3>	0.3321 0.4186 1.2852 1.0000	</row3>
				</transform>
			</node>
			<node>
				<identifier>	MP_JM131_Bag_4_INDEX_4	</identifier>
				<transform>
					<row0>	-0.8910 0.0000 -0.4540 0.0000	</row0>
					<row1>	0.0000 1.0000 0.0000 0.0000	</row1>
					<row2>	0.4540 0.0000 -0.8910 0.0000	</row2>
					<row3>	-0.3524 0.4177 1.1470 1.0000	</row3>
				</transform>
			</node>
			<node>
				<identifier>	MP_JM131_Bag_4_INDEX_40	</identifier>
				<transform>
					<row0>	-0.1564 0.0000 0.9877 0.0000	</row0>
					<row1>	0.0000 1.0000 0.0000 0.0000	</row1>
					<row2>	-0.9877 0.0000 -0.1564 0.0000	</row2>
					<row3>	-0.2462 0.4201 1.3255 1.0000	</row3>
				</transform>
			</node>
			<node>
				<identifier>	MP_JM131_Bag_4_INDEX_41	</identifier>
				<transform>
					<row0>	0.0000 0.0000 1.0000 0.0000	</row0>
					<row1>	0.0000 1.0000 0.0000 0.0000	</row1>
					<row2>	-1.0000 0.0000 0.0000 0.0000	</row2>
					<row3>	-0.0030 0.4186 1.3263 1.0000	</row3>
				</transform>
			</node>
			<node>
				<identifier>	MP_JM131_Bag_4_INDEX_42	</identifier>
				<transform>
					<row0>	0.0000 0.0000 -1.0000 0.0000	</row0>
					<row1>	0.0000 1.0000 0.0000 0.0000	</row1>
					<row2>	1.0000 0.0000 0.0000 0.0000	</row2>
					<row3>	-0.0976 0.3908 -0.9435 1.0000	</row3>
				</transform>
			</node>
			<node>
				<identifier>	MP_JM131_Bag_4_INDEX_43	</identifier>
				<transform>
					<row0>	-0.7071 0.0000 -0.7071 0.0000	</row0>
					<row1>	0.0000 1.0000 0.0000 0.0000	</row1>
					<row2>	0.7071 0.0000 -0.7071 0.0000	</row2>
					<row3>	0.1418 0.4196 1.1261 1.0000	</row3>
				</transform>
			</node>
			<node>
				<identifier>	MP_JM131_Bag_4_INDEX_44	</identifier>
				<transform>
					<row0>	0.9877 0.0000 -0.1564 0.0000	</row0>
					<row1>	0.0000 1.0000 0.0000 0.0000	</row1>
					<row2>	0.1564 0.0000 0.9877 0.0000	</row2>
					<row3>	0.3643 0.4144 1.1870 1.0000	</row3>
				</transform>
			</node>
			<node>
				<identifier>	MP_JM131_Bag_4_INDEX_45	</identifier>
				<transform>
					<row0>	0.4540 0.0000 -0.8910 0.0000	</row0>
					<row1>	0.0000 1.0000 0.0000 0.0000	</row1>
					<row2>	0.8910 0.0000 0.4540 0.0000	</row2>
					<row3>	0.2809 0.4170 1.0827 1.0000	</row3>
				</transform>
			</node>
			<node>
