<ASD045_Wickes_1925_MidBack_ports.visual>
	<node>
		<identifier>	Scene Root	</identifier>
		<transform>
			<row0>	1.0000 0.0000 0.0000 0.0000	</row0>
			<row1>	0.0000 1.0000 0.0000 0.0000	</row1>
			<row2>	0.0000 0.0000 1.0000 0.0000	</row2>
			<row3>	0.0000 0.0000 0.0000 1.0000	</row3>
		</transform>
		<node>
			<identifier>	MidBack_ports	</identifier>
			<transform>
				<row0>	1.0000 0.0000 0.0000 0.0000	</row0>
				<row1>	0.0000 1.0000 0.0000 0.0000	</row1>
				<row2>	0.0000 0.0000 1.0000 0.0000	</row2>
				<row3>	0.0000 0.0000 0.0000 1.0000	</row3>
			</transform>
			<node>
				<identifier>	HP_AGA_2	</identifier>
				<transform>
					<row0>	0.0000 0.0000 1.0000 0.0000	</row0>
					<row1>	0.0000 1.0000 0.0000 0.0000	</row1>
					<row2>	-1.0000 0.0000 0.0000 0.0000	</row2>
					<row3>	-0.1127 0.3115 -2.1160 1.0000	</row3>
				</transform>
			</node>
			<node>
				<identifier>	HP_AGA_3	</identifier>
				<transform>
					<row0>	0.0000 0.0000 -1.0000 0.0000	</row0>
					<row1>	0.0000 1.0000 0.0000 0.0000	</row1>
					<row2>	1.0000 0.0000 0.0000 0.0000	</row2>
					<row3>	0.1162 0.3103 -2.2022 1.0000	</row3>
				</transform>
			</node>
			<node>
				<identifier>	HP_AGT_1	</identifier>
				<transform>
					<row0>	1.0000 0.0000 0.0000 0.0000	</row0>
					<row1>	0.0000 1.0000 0.0000 0.0000	</row1>
					<row2>	0.0000 0.0000 1.0000 0.0000	</row2>
					<row3>	-0.2251 0.2237 -0.3317 1.0000	</row3>
				</transform>
			</node>
			<node>
				<identifier>	HP_AGT_2	</identifier>
				<transform>
					<row0>	1.0000 0.0000 0.0000 0.0000	</row0>
					<row1>	0.0000 1.0000 0.0000 0.0000	</row1>
					<row2>	0.0000 0.0000 1.0000 0.0000	</row2>
					<row3>	0.2140 0.2199 -0.6139 1.0000	</row3>
				</transform>
			</node>
			<node>
				<identifier>	HP_AGT_3	</identifier>
				<transform>
					<row0>	-0.9995 0.0000 -0.0308 0.0000	</row0>
					<row1>	0.0000 1.0000 0.0000 0.0000	</row1>
					<row2>	0.0308 0.0000 -0.9995 0.0000	</row2>
					<row3>	-0.2039 0.2074 -1.3782 1.0000	</row3>
				</transform>
			</node>
			<node>
				<identifier>	HP_AGT_4	</identifier>
				<transform>
					<row0>	-0.9979 0.0000 0.0652 0.0000	</row0>
					<row1>	0.0000 1.0000 0.0000 0.0000	</row1>
					<row2>	-0.0652 0.0000 -0.9979 0.0000	</row2>
					<row3>	0.1860 0.1868 -1.7534 1.0000	</row3>
				</transform>
			</node>
			<node>
				<identifier>	HP_FX_Death_3	</identifier>
				<transform>
					<row0>	1.0000 0.0000 0.0000 0.0000	</row0>
					<row1>	0.0000 1.0000 0.0000 0.0000	</row1>
					<row2>	0.0000 0.0000 1.0000 0.0000	</row2>
					<row3>	0.0000 0.0000 -1.8668 1.0000	</row3>
				</transform>
			</node>
			<node>
				<identifier>	HP_FX_Fire_3	</identifier>
				<transform>
					<row0>	1.0000 0.0000 0.0000 0.0000	</row0>
					<row1>	0.0000 1.0000 0.0000 0.0000	</row1>
					<row2>	0.0000 0.0000 1.0000 0.0000	</row2>
					<row3>	0.0000 0.1688 -0.9344 1.0000	</row3>
				</transform>
			</node>
			<node>
				<identifier>	HP_FX_Fire_3_side_1	</identifier>
				<transform>
					<row0>	1.0000 0.0000 0.0000 0.0000	</row0>
					<row1>	0.0000 1.0000 0.0000 0.0000	</row1>
					<row2>	0.0000 0.0000 1.0000 0.0000	</row2>
					<row3>	0.1484 0.4229 -1.2068 1.0000	</row3>
				</transform>
			</node>
			<node>
				<identifier>	HP_flag_nation	</identifier>
				<transform>
					<row0>	0.9953 -0.0965 0.0060 0.0000	</row0>
					<row1>	0.0965 0.9876 -0.1237 0.0000	</row1>
					<row2>	0.0060 0.1237 0.9923 0.0000	</row2>
					<row3>	-0.0073 1.0842 -2.0900 1.0000	</row3>
				</transform>
			</node>
			<node>
				<identifier>	MP_AM055_Boat_1	</identifier>
				<transform>
					<row0>	0.0660 -0.9973 0.0318 0.0000	</row0>
					<row1>	0.9977 0.0654 -0.0202 0.0000	</row1>
					<row2>	0.0181 0.0331 0.9993 0.0000	</row2>
					<row3>	0.2367 0.2649 -1.1517 1.0000	</row3>
				</transform>
			</node>
			<node>
				<identifier>	MP_AM055_Boat_1_INDEX_1	</identifier>
				<transform>
					<row0>	0.0657 0.9973 -0.0325 0.0000	</row0>
					<row1>	-0.9978 0.0654 -0.0109 0.0000	</row1>
					<row2>	-0.0088 0.0331 0.9994 0.0000	</row2>
					<row3>	-0.2433 0.2695 -0.8635 1.0000	</row3>
				</transform>
			</node>
			<node>
				<identifier>	MP_AM2040_Whaleboat_26ft	</identifier>
				<transform>
					<row0>	1.0000 0.0000 0.0000 0.0000	</row0>
					<row1>	0.0000 1.0000 0.0000 0.0000	</row1>
					<row2>	0.0000 0.0000 1.0000 0.0000	</row2>
					<row3>	-0.1468 0.3937 -0.8845 1.0000	</row3>
				</transform>
			</node>
			<node>
				<identifier>	MP_AM212_Ventilation	</identifier>
				<transform>
					<row0>	0.2040 0.0000 0.0000 0.0000	</row0>
					<row1>	0.0000 0.2040 0.0000 0.0000	</row1>
					<row2>	0.0000 0.0000 0.2040 0.0000	</row2>
					<row3>	0.0162 0.1821 -1.7036 1.0000	</row3>
				</transform>
			</node>
			<node>
				<identifier>	MP_AM212_Ventilation_INDEX_1	</identifier>
				<transform>
					<row0>	0.2042 0.0000 0.0000 0.0000	</row0>
					<row1>	0.0000 0.2042 0.0000 0.0000	</row1>
					<row2>	0.0000 0.0000 0.2042 0.0000	</row2>
					<row3>	-0.0850 0.1964 -1.1006 1.0000	</row3>
				</transform>
			</node>
			<node>
				<identifier>	MP_AM219_Bollard	</identifier>
				<transform>
					<row0>	0.3690 -0.0338 -0.0174 0.0000	</row0>
					<row1>	0.0332 0.3693 -0.0128 0.0000	</row1>
					<row2>	0.0184 0.0111 0.3704 0.0000	</row2>
					<row3>	0.2433 0.1837 -1.1468 1.0000	</row3>
				</transform>
			</node>
			<node>
				<identifier>	MP_AM219_Bollard_INDEX_1	</identifier>
				<transform>
					<row0>	0.3693 0.0318 0.0158 0.0000	</row0>
					<row1>	-0.0313 0.3695 -0.0117 0.0000	</row1>
					<row2>	-0.0167 0.0103 0.3705 0.0000	</row2>
					<row3>	-0.2170 0.1661 -1.8593 1.0000	</row3>
				</transform>
			</node>
			<node>
				<identifier>	MP_AM219_Bollard_INDEX_2	</identifier>
				<transform>
					<row0>	0.3699 0.0283 -0.0009 0.0000	</row0>
					<row1>	-0.0283 0.3697 -0.0117 0.0000	</row1>
					<row2>	0.0000 0.0117 0.3708 0.0000	</row2>
					<row3>	-0.2503 0.1914 -0.8808 1.0000	</row3>
				</transform>
			</node>
			<node>
				<identifier>	MP_AM417_Hatch	</identifier>
				<transform>
					<row0>	-1.0000 0.0000 0.0000 0.0000	</row0>
					<row1>	0.0000 1.0000 0.0000 0.0000	</row1>
					<row2>	0.0000 0.0000 -1.0000 0.0000	</row2>
					<row3>	0.0000 0.2144 -0.3505 1.0000	</row3>
				</transform>
			</node>
			<node>
				<identifier>	MP_AM572_Telpher	</identifier>
				<transform>
					<row0>	1.0000 0.0000 -0.0088 0.0000	</row0>
					<row1>	0.0000 1.0000 -0.0098 0.0000	</row1>
					<row2>	0.0088 0.0098 0.9999 0.0000	</row2>
					<row3>	-0.2105 0.3258 -1.0562 1.0000	</row3>
				</transform>
			</node>
			<node>
				<identifier>	MP_AM572_Telpher_INDEX_1	</identifier>
				<transform>
					<row0>	-0.9996 0.0015 0.0289 0.0000	</row0>
					<row1>	0.0008 0.9997 -0.0247 0.0000	</row1>
					<row2>	-0.0290 -0.0247 -0.9993 0.0000	</row2>
					<row3>	0.1990 0.3161 -1.4182 1.0000	</row3>
				</transform>
			</node>
			<node>
				<identifier>	MP_AM736_24ft_motor_launch	</identifier>
				<transform>
					<row0>	1.0000 0.0000 0.0000 0.0000	</row0>
					<row1>	0.0000 0.9998 -0.0183 0.0000	</row1>
					<row2>	0.0000 0.0183 0.9998 0.0000	</row2>
					<row3>	0.1442 0.3982 -1.1534 1.0000	</row3>
				</transform>
			</node>
			<node>
				<identifier>	MP_CM079_Fender	</identifier>
				<transform>
					<row0>	0.0377 -0.0308 -0.9988 0.0000	</row0>
					<row1>	-0.9985 0.0397 -0.0389 0.0000	</row1>
					<row2>	0.0408 0.9987 -0.0293 0.0000	</row2>
					<row3>	0.0385 0.2039 -0.9340 1.0000	</row3>
				</transform>
			</node>
			<node>
				<identifier>	MP_CM079_Fender_INDEX_1	</identifier>
				<transform>
					<row0>	0.0377 0.0308 0.9988 0.0000	</row0>
					<row1>	0.9985 0.0397 -0.0389 0.0000	</row1>
					<row2>	-0.0408 0.9987 -0.0293 0.0000	</row2>
					<row3>	-0.0381 0.2040 -0.9224 1.0000	</row3>
				</transform>
			</node>
			<node>
				<identifier>	MP_CM126_Cleat	</identifier>
				<transform>
					<row0>	0.9996 0.0000 0.0274 0.0000	</row0>
					<row1>	0.0274 -0.0002 -0.9996 0.0000	</row1>
					<row2>	0.0000 1.0000 -0.0002 0.0000	</row2>
					<row3>	0.2783 0.2768 -0.9378 1.0000	</row3>
				</transform>
			</node>
			<node>
				<identifier>	MP_CM126_Cleat_INDEX_1	</identifier>
				<transform>
					<row0>	0.9994 0.0020 -0.0353 0.0000	</row0>
					<row1>	0.0353 0.0004 0.9994 0.0000	</row1>
					<row2>	0.0020 -1.0000 0.0004 0.0000	</row2>
					<row3>	-0.2824 0.2870 -0.6118 1.0000	</row3>
				</transform>
			</node>
			<node>
				<identifier>	MP_CM126_Cleat_INDEX_2	</identifier>
				<transform>
					<row0>	1.0000 0.0000 0.0052 0.0000	</row0>
					<row1>	-0.0052 0.0004 1.0000 0.0000	</row1>
					<row2>	0.0000 -1.0000 0.0004 0.0000	</row2>
					<row3>	0.2642 0.2661 -1.4336 1.0000	</row3>
				</transform>
			</node>
			<node>
				<identifier>	MP_CM126_Cleat_INDEX_3	</identifier>
				<transform>
					<row0>	-0.9998 0.0012 0.0183 0.0000	</row0>
					<row1>	-0.0183 -0.0002 -0.9998 0.0000	</row1>
					<row2>	-0.0012 -1.0000 0.0002 0.0000	</row2>
					<row3>	-0.2758 0.2694 -1.1197 1.0000	</row3>
				</transform>
			</node>
		</node>
	</node>
	<boundingBox>
		<min>	-0.0667 -0.0667 -0.0667	</min>
		<max>	0.0667 0.0667 0.0667	</max>
	</boundingBox>
</ASD045_Wickes_1925_MidBack_ports.visual>
