<ASB023_Georgia_1945_Stern_ports.visual>
	<node>
		<identifier>	Scene Root	</identifier>
		<transform>
			<row0>	1.0000 0.0000 0.0000 0.0000	</row0>
			<row1>	0.0000 1.0000 0.0000 0.0000	</row1>
			<row2>	0.0000 0.0000 1.0000 0.0000	</row2>
			<row3>	0.0000 0.0000 0.0000 1.0000	</row3>
		</transform>
		<node>
			<identifier>	Stern_ports	</identifier>
			<transform>
				<row0>	1.0000 0.0000 0.0000 0.0000	</row0>
				<row1>	0.0000 1.0000 0.0000 0.0000	</row1>
				<row2>	0.0000 0.0000 1.0000 0.0000	</row2>
				<row3>	0.0000 0.0000 0.0000 1.0000	</row3>
			</transform>
			<node>
				<identifier>	HP_AC_1	</identifier>
				<transform>
					<row0>	0.0000 0.0000 1.0000 0.0000	</row0>
					<row1>	0.0000 1.0000 0.0000 0.0000	</row1>
					<row2>	-1.0000 0.0000 0.0000 0.0000	</row2>
					<row3>	-0.5779 0.4400 -7.4655 1.0000	</row3>
				</transform>
			</node>
			<node>
				<identifier>	HP_AC_2	</identifier>
				<transform>
					<row0>	0.0000 0.0000 -1.0000 0.0000	</row0>
					<row1>	0.0000 1.0000 0.0000 0.0000	</row1>
					<row2>	1.0000 0.0000 0.0000 0.0000	</row2>
					<row3>	0.5779 0.4400 -7.4655 1.0000	</row3>
				</transform>
			</node>
			<node>
				<identifier>	HP_AD_25	</identifier>
				<transform>
					<row0>	-0.7071 0.0000 0.7071 0.0000	</row0>
					<row1>	0.0000 1.0000 0.0000 0.0000	</row1>
					<row2>	-0.7071 0.0000 -0.7071 0.0000	</row2>
					<row3>	-0.1457 0.4699 -8.1315 1.0000	</row3>
				</transform>
			</node>
			<node>
				<identifier>	HP_AD_26	</identifier>
				<transform>
					<row0>	-0.7071 0.0000 -0.7071 0.0000	</row0>
					<row1>	0.0000 1.0000 0.0000 0.0000	</row1>
					<row2>	0.7071 0.0000 -0.7071 0.0000	</row2>
					<row3>	0.1463 0.4699 -8.1315 1.0000	</row3>
				</transform>
			</node>
			<node>
				<identifier>	HP_AGA_49	</identifier>
				<transform>
					<row0>	-0.7071 0.0000 0.7071 0.0000	</row0>
					<row1>	0.0000 1.0000 0.0000 0.0000	</row1>
					<row2>	-0.7071 0.0000 -0.7071 0.0000	</row2>
					<row3>	-0.7386 0.3575 -5.7957 1.0000	</row3>
				</transform>
			</node>
			<node>
				<identifier>	HP_AGA_50	</identifier>
				<transform>
					<row0>	-0.7071 0.0000 -0.7071 0.0000	</row0>
					<row1>	0.0000 1.0000 0.0000 0.0000	</row1>
					<row2>	0.7071 0.0000 -0.7071 0.0000	</row2>
					<row3>	0.7386 0.3575 -5.7957 1.0000	</row3>
				</transform>
			</node>
			<node>
				<identifier>	HP_AGA_51	</identifier>
				<transform>
					<row0>	-0.7071 0.0000 0.7071 0.0000	</row0>
					<row1>	0.0000 1.0000 0.0000 0.0000	</row1>
					<row2>	-0.7071 0.0000 -0.7071 0.0000	</row2>
					<row3>	-0.7395 0.3585 -5.9556 1.0000	</row3>
				</transform>
			</node>
			<node>
				<identifier>	HP_AGA_52	</identifier>
				<transform>
					<row0>	-0.7071 0.0000 -0.7071 0.0000	</row0>
					<row1>	0.0000 1.0000 0.0000 0.0000	</row1>
					<row2>	0.7071 0.0000 -0.7071 0.0000	</row2>
					<row3>	0.7395 0.3585 -5.9556 1.0000	</row3>
				</transform>
			</node>
			<node>
				<identifier>	HP_AGA_53	</identifier>
				<transform>
					<row0>	-0.7071 0.0000 0.7071 0.0000	</row0>
					<row1>	0.0000 1.0000 0.0000 0.0000	</row1>
					<row2>	-0.7071 0.0000 -0.7071 0.0000	</row2>
					<row3>	-0.7394 0.3585 -6.1027 1.0000	</row3>
				</transform>
			</node>
			<node>
				<identifier>	HP_AGA_54	</identifier>
				<transform>
					<row0>	-0.7071 0.0000 -0.7071 0.0000	</row0>
					<row1>	0.0000 1.0000 0.0000 0.0000	</row1>
					<row2>	0.7071 0.0000 -0.7071 0.0000	</row2>
					<row3>	0.7394 0.3585 -6.1027 1.0000	</row3>
				</transform>
			</node>
			<node>
				<identifier>	HP_AGA_55	</identifier>
				<transform>
					<row0>	-0.7071 0.0000 0.7071 0.0000	</row0>
					<row1>	0.0000 1.0000 0.0000 0.0000	</row1>
					<row2>	-0.7071 0.0000 -0.7071 0.0000	</row2>
					<row3>	-0.3296 0.3938 -8.3052 1.0000	</row3>
				</transform>
			</node>
			<node>
				<identifier>	HP_AGA_56	</identifier>
				<transform>
					<row0>	-0.7071 0.0000 -0.7071 0.0000	</row0>
					<row1>	0.0000 1.0000 0.0000 0.0000	</row1>
					<row2>	0.7071 0.0000 -0.7071 0.0000	</row2>
					<row3>	0.3296 0.3938 -8.3052 1.0000	</row3>
				</transform>
			</node>
			<node>
				<identifier>	HP_AGM_3	</identifier>
				<transform>
					<row0>	-1.0000 0.0000 0.0000 0.0000	</row0>
					<row1>	0.0000 1.0000 0.0000 0.0000	</row1>
					<row2>	0.0000 0.0000 -1.0000 0.0000	</row2>
					<row3>	0.0000 0.4175 -4.8830 1.0000	</row3>
				</transform>
			</node>
			<node>
				<identifier>	HP_FX_Fire_4	</identifier>
				<transform>
					<row0>	1.0000 0.0000 0.0000 0.0000	</row0>
					<row1>	0.0000 1.0000 0.0000 0.0000	</row1>
					<row2>	0.0000 0.0000 1.0000 0.0000	</row2>
					<row3>	0.0000 0.4040 -6.7044 1.0000	</row3>
				</transform>
			</node>
			<node>
				<identifier>	HP_FX_Flood_water_left_3	</identifier>
				<transform>
					<row0>	-1.0000 0.0000 0.0000 0.0000	</row0>
					<row1>	0.0000 1.0000 0.0000 0.0000	</row1>
					<row2>	0.0000 0.0000 -1.0000 0.0000	</row2>
					<row3>	-1.0055 0.0118 -5.3532 1.0000	</row3>
				</transform>
			</node>
			<node>
				<identifier>	HP_FX_Flood_water_right_3	</identifier>
				<transform>
					<row0>	1.0000 0.0000 0.0000 0.0000	</row0>
					<row1>	0.0000 1.0000 0.0000 0.0000	</row1>
					<row2>	0.0000 0.0000 1.0000 0.0000	</row2>
					<row3>	1.0054 0.0111 -5.3527 1.0000	</row3>
				</transform>
			</node>
			<node>
				<identifier>	HP_FX_RepairLight_left_2	</identifier>
				<transform>
					<row0>	-0.0356 0.0000 0.9994 0.0000	</row0>
					<row1>	-0.0959 0.9954 -0.0034 0.0000	</row1>
					<row2>	-0.9948 -0.0960 -0.0354 0.0000	</row2>
					<row3>	-1.0673 0.3584 -5.3192 1.0000	</row3>
				</transform>
			</node>
			<node>
				<identifier>	HP_FX_RepairLight_right_1	</identifier>
				<transform>
					<row0>	-0.0356 0.0000 -0.9994 0.0000	</row0>
					<row1>	0.0959 0.9954 -0.0034 0.0000	</row1>
					<row2>	0.9948 -0.0960 -0.0354 0.0000	</row2>
					<row3>	1.0677 0.3602 -5.3138 1.0000	</row3>
				</transform>
			</node>
			<node>
				<identifier>	HP_FX_WakeTraceBack	</identifier>
				<transform>
					<row0>	1.0000 0.0000 0.0000 0.0000	</row0>
					<row1>	0.0000 1.0000 0.0000 0.0000	</row1>
					<row2>	0.0000 0.0000 1.0000 0.0000	</row2>
					<row3>	0.0000 0.0000 -8.4578 1.0000	</row3>
				</transform>
			</node>
			<node>
				<identifier>	HP_FX_WakeTrace_screw_1	</identifier>
				<transform>
					<row0>	1.0000 0.0000 0.0000 0.0000	</row0>
					<row1>	0.0000 1.0000 0.0000 0.0000	</row1>
					<row2>	0.0000 0.0000 1.0000 0.0000	</row2>
					<row3>	-0.1983 -0.5026 -7.0408 1.0000	</row3>
				</transform>
			</node>
			<node>
				<identifier>	HP_FX_WakeTrace_screw_2	</identifier>
				<transform>
					<row0>	1.0000 0.0000 0.0000 0.0000	</row0>
					<row1>	0.0000 1.0000 0.0000 0.0000	</row1>
					<row2>	0.0000 0.0000 1.0000 0.0000	</row2>
					<row3>	-0.5824 -0.5033 -7.1134 1.0000	</row3>
				</transform>
			</node>
			<node>
				<identifier>	HP_FX_WakeTrace_screw_3	</identifier>
				<transform>
					<row0>	1.0000 0.0000 0.0000 0.0000	</row0>
					<row1>	0.0000 1.0000 0.0000 0.0000	</row1>
					<row2>	0.0000 0.0000 1.0000 0.0000	</row2>
					<row3>	0.1987 -0.5026 -7.0408 1.0000	</row3>
				</transform>
			</node>
			<node>
				<identifier>	HP_FX_WakeTrace_screw_4	</identifier>
				<transform>
					<row0>	1.0000 0.0000 0.0000 0.0000	</row0>
					<row1>	0.0000 1.0000 0.0000 0.0000	</row1>
					<row2>	0.0000 0.0000 1.0000 0.0000	</row2>
					<row3>	0.5824 -0.5033 -7.1134 1.0000	</row3>
				</transform>
			</node>
			<node>
				<identifier>	HP_Ship_death_3	</identifier>
				<transform>
					<row0>	1.0000 0.0000 0.0000 0.0000	</row0>
					<row1>	0.0000 1.0000 0.0000 0.0000	</row1>
					<row2>	0.0000 0.0000 1.0000 0.0000	</row2>
					<row3>	0.0000 0.0000 -4.3998 1.0000	</row3>
				</transform>
			</node>
			<node>
				<identifier>	MP_AM005_Bollard_1	</identifier>
				<transform>
					<row0>	2.1741 0.0000 0.0000 0.0000	</row0>
					<row1>	0.0000 2.1741 0.0000 0.0000	</row1>
					<row2>	0.0000 0.0000 2.1741 0.0000	</row2>
					<row3>	-0.0646 0.3888 -7.8668 1.0000	</row3>
				</transform>
			</node>
			<node>
				<identifier>	MP_AM005_Bollard_1_INDEX_1	</identifier>
				<transform>
					<row0>	2.1741 0.0000 0.0000 0.0000	</row0>
					<row1>	0.0000 2.1741 0.0000 0.0000	</row1>
					<row2>	0.0000 0.0000 2.1741 0.0000	</row2>
					<row3>	0.0646 0.3888 -7.8668 1.0000	</row3>
				</transform>
			</node>
			<node>
				<identifier>	MP_AM005_Bollard_1_INDEX_2	</identifier>
				<transform>
					<row0>	2.4767 0.0000 0.1100 0.0000	</row0>
					<row1>	0.0000 2.4791 -0.0002 0.0000	</row1>
					<row2>	-0.1100 0.0002 2.4767 0.0000	</row2>
					<row3>	-1.0227 0.3507 -4.9691 1.0000	</row3>
				</transform>
			</node>
			<node>
				<identifier>	MP_AM005_Bollard_1_INDEX_3	</identifier>
				<transform>
					<row0>	2.4570 0.0000 -0.3306 0.0000	</row0>
					<row1>	0.0000 2.4791 0.0000 0.0000	</row1>
					<row2>	0.3306 0.0000 2.4570 0.0000	</row2>
					<row3>	0.9303 0.3587 -6.1475 1.0000	</row3>
				</transform>
			</node>
			<node>
				<identifier>	MP_AM005_Bollard_1_INDEX_4	</identifier>
				<transform>
					<row0>	2.4767 0.0000 -0.1100 0.0000	</row0>
					<row1>	0.0000 2.4791 -0.0002 0.0000	</row1>
					<row2>	0.1100 0.0002 2.4767 0.0000	</row2>
					<row3>	1.0244 0.3507 -4.9691 1.0000	</row3>
				</transform>
			</node>
			<node>
				<identifier>	MP_AM005_Bollard_1_INDEX_5	</identifier>
				<transform>
					<row0>	2.4497 0.0000 0.3806 0.0000	</row0>
					<row1>	0.0000 2.4791 0.0000 0.0000	</row1>
					<row2>	-0.3806 0.0000 2.4497 0.0000	</row2>
					<row3>	-0.9320 0.3587 -6.1475 1.0000	</row3>
				</transform>
			</node>
			<node>
				<identifier>	MP_AM006_Reels_1	</identifier>
				<transform>
					<row0>	0.0000 0.0174 -1.3823 0.0000	</row0>
					<row1>	0.0000 1.3823 0.0174 0.0000	</row1>
					<row2>	1.3824 0.0000 0.0000 0.0000	</row2>
					<row3>	-0.3456 0.3641 -6.4682 1.0000	</row3>
				</transform>
			</node>
			<node>
				<identifier>	MP_AM020_Ventilators_2	</identifier>
				<transform>
					<row0>	1.0000 0.0000 0.0000 0.0000	</row0>
					<row1>	0.0000 1.0000 0.0000 0.0000	</row1>
					<row2>	0.0000 0.0000 1.0000 0.0000	</row2>
					<row3>	0.2989 0.3603 -6.2119 1.0000	</row3>
				</transform>
			</node>
			<node>
				<identifier>	MP_AM020_Ventilators_2_INDEX_1	</identifier>
				<transform>
					<row0>	1.0000 0.0000 0.0000 0.0000	</row0>
					<row1>	0.0000 1.0000 0.0000 0.0000	</row1>
					<row2>	0.0000 0.0000 1.0000 0.0000	</row2>
					<row3>	-0.2989 0.3603 -6.2119 1.0000	</row3>
				</transform>
			</node>
			<node>
				<identifier>	MP_AM020_Ventilators_2_INDEX_2	</identifier>
				<transform>
					<row0>	1.0000 0.0000 0.0000 0.0000	</row0>
					<row1>	0.0000 1.0000 0.0000 0.0000	</row1>
					<row2>	0.0000 0.0000 1.0000 0.0000	</row2>
					<row3>	-0.2827 0.3457 -7.9329 1.0000	</row3>
				</transform>
			</node>
			<node>
				<identifier>	MP_AM020_Ventilators_2_INDEX_3	</identifier>
				<transform>
					<row0>	1.0000 0.0000 0.0000 0.0000	</row0>
					<row1>	0.0000 1.0000 0.0000 0.0000	</row1>
					<row2>	0.0000 0.0000 1.0000 0.0000	</row2>
					<row3>	0.2827 0.3457 -7.9329 1.0000	</row3>
				</transform>
			</node>
			<node>
				<identifier>	MP_AM021_Ventilators_3	</identifier>
				<transform>
					<row0>	1.0000 0.0000 0.0000 0.0000	</row0>
					<row1>	0.0000 1.0000 0.0000 0.0000	</row1>
					<row2>	0.0000 0.0000 1.0000 0.0000	</row2>
					<row3>	0.7206 0.3528 -4.6153 1.0000	</row3>
				</transform>
			</node>
			<node>
				<identifier>	MP_AM021_Ventilators_3_INDEX_1	</identifier>
				<transform>
					<row0>	1.0000 0.0000 0.0000 0.0000	</row0>
					<row1>	0.0000 1.0000 0.0000 0.0000	</row1>
					<row2>	0.0000 0.0000 1.0000 0.0000	</row2>
					<row3>	-0.7206 0.3528 -4.6153 1.0000	</row3>
				</transform>
			</node>
			<node>
				<identifier>	MP_AM023_Hatch_1	</identifier>
				<transform>
					<row0>	1.0000 0.0000 0.0000 0.0000	</row0>
					<row1>	0.0000 1.0000 0.0000 0.0000	</row1>
					<row2>	0.0000 0.0000 1.0000 0.0000	</row2>
					<row3>	-0.1226 0.3877 -7.7558 1.0000	</row3>
				</transform>
			</node>
			<node>
				<identifier>	MP_AM023_Hatch_1_INDEX_1	</identifier>
				<transform>
					<row0>	-1.0000 0.0000 0.0000 0.0000	</row0>
					<row1>	0.0000 1.0000 0.0000 0.0000	</row1>
					<row2>	0.0000 0.0000 -1.0000 0.0000	</row2>
					<row3>	0.1226 0.3877 -7.7558 1.0000	</row3>
				</transform>
			</node>
			<node>
				<identifier>	MP_AM023_Hatch_1_INDEX_2	</identifier>
				<transform>
					<row0>	1.0000 0.0000 0.0000 0.0000	</row0>
					<row1>	0.0000 1.0000 0.0000 0.0000	</row1>
					<row2>	0.0000 0.0000 1.0000 0.0000	</row2>
					<row3>	-0.0756 0.3898 -8.2750 1.0000	</row3>
				</transform>
			</node>
			<node>
				<identifier>	MP_AM024_Hatch_2	</identifier>
				<transform>
					<row0>	1.0000 0.0000 0.0000 0.0000	</row0>
					<row1>	0.0000 1.0000 0.0000 0.0000	</row1>
					<row2>	0.0000 0.0000 1.0000 0.0000	</row2>
					<row3>	-0.0670 0.3646 -6.6833 1.0000	</row3>
				</transform>
			</node>
			<node>
				<identifier>	MP_AM024_Hatch_2_INDEX_1	</identifier>
				<transform>
					<row0>	0.8510 0.0000 0.0000 0.0000	</row0>
					<row1>	0.0000 0.8510 0.0000 0.0000	</row1>
					<row2>	0.0000 0.0000 0.8510 0.0000	</row2>
					<row3>	0.6772 0.3420 -4.7738 1.0000	</row3>
				</transform>
			</node>
			<node>
				<identifier>	MP_AM024_Hatch_2_INDEX_2	</identifier>
				<transform>
					<row0>	0.8513 0.0000 0.0000 0.0000	</row0>
					<row1>	0.0000 0.8513 0.0000 0.0000	</row1>
					<row2>	0.0000 0.0000 0.8513 0.0000	</row2>
					<row3>	-0.6771 0.3420 -4.7738 1.0000	</row3>
				</transform>
			</node>
			<node>
				<identifier>	MP_AM030_Ammunition_Box4	</identifier>
				<transform>
					<row0>	0.0000 0.0000 1.0000 0.0000	</row0>
					<row1>	0.0000 1.0000 0.0000 0.0000	</row1>
					<row2>	-1.0000 0.0000 0.0000 0.0000	</row2>
					<row3>	-0.6003 0.3568 -6.0298 1.0000	</row3>
				</transform>
			</node>
			<node>
				<identifier>	MP_AM030_Ammunition_Box4_INDEX_1	</identifier>
				<transform>
					<row0>	0.0000 0.0000 1.0000 0.0000	</row0>
					<row1>	0.0000 1.0000 0.0000 0.0000	</row1>
					<row2>	-1.0000 0.0000 0.0000 0.0000	</row2>
					<row3>	0.6003 0.3568 -6.0298 1.0000	</row3>
				</transform>
			</node>
			<node>
				<identifier>	MP_AM030_Ammunition_Box4_INDEX_2	</identifier>
				<transform>
					<row0>	0.0000 0.0000 -1.0000 0.0000	</row0>
					<row1>	0.0000 1.0000 0.0000 0.0000	</row1>
					<row2>	1.0000 0.0000 0.0000 0.0000	</row2>
					<row3>	-0.6003 0.3568 -5.8455 1.0000	</row3>
				</transform>
			</node>
			<node>
				<identifier>	MP_AM030_Ammunition_Box4_INDEX_3	</identifier>
				<transform>
					<row0>	0.0000 0.0000 -1.0000 0.0000	</row0>
					<row1>	0.0000 1.0000 0.0000 0.0000	</row1>
					<row2>	1.0000 0.0000 0.0000 0.0000	</row2>
					<row3>	0.6003 0.3568 -5.8455 1.0000	</row3>
				</transform>
			</node>
			<node>
				<identifier>	MP_AM030_Ammunition_Box4_INDEX_4	</identifier>
				<transform>
					<row0>	0.0000 0.0000 1.0000 0.0000	</row0>
					<row1>	0.0000 1.0000 0.0000 0.0000	</row1>
					<row2>	-1.0000 0.0000 0.0000 0.0000	</row2>
					<row3>	0.6003 0.3568 -5.9375 1.0000	</row3>
				</transform>
			</node>
			<node>
				<identifier>	MP_AM030_Ammunition_Box4_INDEX_5	</identifier>
				<transform>
					<row0>	0.0000 0.0000 1.0000 0.0000	</row0>
					<row1>	0.0000 1.0000 0.0000 0.0000	</row1>
					<row2>	-1.0000 0.0000 0.0000 0.0000	</row2>
					<row3>	-0.6003 0.3568 -5.9374 1.0000	</row3>
				</transform>
			</node>
			<node>
				<identifier>	MP_AM044_Boat_Winch	</identifier>
				<transform>
					<row0>	-1.0000 0.0000 0.0000 0.0000	</row0>
					<row1>	0.0000 1.0000 0.0000 0.0000	</row1>
					<row2>	0.0000 0.0000 -1.0000 0.0000	</row2>
					<row3>	-0.8692 0.3556 -5.1971 1.0000	</row3>
				</transform>
			</node>
			<node>
				<identifier>	MP_AM044_Boat_Winch_INDEX_1	</identifier>
				<transform>
					<row0>	-1.0000 0.0000 0.0000 0.0000	</row0>
					<row1>	0.0000 1.0000 0.0000 0.0000	</row1>
					<row2>	0.0000 0.0000 -1.0000 0.0000	</row2>
					<row3>	0.8708 0.3557 -5.1971 1.0000	</row3>
				</transform>
			</node>
			<node>
				<identifier>	MP_AM058_Boat_4	</identifier>
				<transform>
					<row0>	-0.2577 -0.0251 0.9659 0.0000	</row0>
					<row1>	-0.0077 0.9997 0.0239 0.0000	</row1>
					<row2>	-0.9662 -0.0013 -0.2578 0.0000	</row2>
					<row3>	-0.6387 0.3772 -7.2524 1.0000	</row3>
				</transform>
			</node>
			<node>
				<identifier>	MP_AM058_Boat_4_INDEX_1	</identifier>
				<transform>
					<row0>	-0.2588 -0.0137 0.9658 0.0000	</row0>
					<row1>	-0.0035 0.9999 0.0132 0.0000	</row1>
					<row2>	-0.9659 0.0000 -0.2588 0.0000	</row2>
					<row3>	-0.6768 0.3747 -7.1134 1.0000	</row3>
				</transform>
			</node>
			<node>
				<identifier>	MP_AM058_Boat_4_INDEX_2	</identifier>
				<transform>
					<row0>	-0.2577 0.0251 -0.9659 0.0000	</row0>
					<row1>	0.0077 0.9997 0.0239 0.0000	</row1>
					<row2>	0.9662 -0.0013 -0.2578 0.0000	</row2>
					<row3>	0.6387 0.3772 -7.2524 1.0000	</row3>
				</transform>
			</node>
			<node>
				<identifier>	MP_AM058_Boat_4_INDEX_3	</identifier>
				<transform>
					<row0>	-0.2588 0.0137 -0.9658 0.0000	</row0>
					<row1>	0.0035 0.9999 0.0132 0.0000	</row1>
					<row2>	0.9659 0.0000 -0.2588 0.0000	</row2>
					<row3>	0.6768 0.3747 -7.1134 1.0000	</row3>
				</transform>
			</node>
			<node>
				<identifier>	MP_AM059_Boat_5	</identifier>
				<transform>
					<row0>	1.0000 0.0000 0.0000 0.0000	</row0>
					<row1>	0.0000 1.0000 0.0000 0.0000	</row1>
					<row2>	0.0000 0.0000 1.0000 0.0000	</row2>
					<row3>	0.5186 0.3550 -5.5402 1.0000	</row3>
				</transform>
			</node>
			<node>
				<identifier>	MP_AM059_Boat_5_INDEX_1	</identifier>
				<transform>
					<row0>	0.2365 0.0000 -0.9716 0.0000	</row0>
					<row1>	0.0000 1.0000 0.0000 0.0000	</row1>
					<row2>	0.9716 0.0000 0.2365 0.0000	</row2>
					<row3>	-0.6546 0.3631 -6.4633 1.0000	</row3>
				</transform>
			</node>
			<node>
				<identifier>	MP_AM059_Boat_5_INDEX_2	</identifier>
				<transform>
					<row0>	1.0000 0.0000 0.0000 0.0000	</row0>
					<row1>	0.0000 1.0000 0.0000 0.0000	</row1>
					<row2>	0.0000 0.0000 1.0000 0.0000	</row2>
					<row3>	0.6805 0.3550 -5.5402 1.0000	</row3>
				</transform>
			</node>
			<node>
				<identifier>	MP_AM059_Boat_5_INDEX_3	</identifier>
				<transform>
					<row0>	0.2588 0.0000 0.9659 0.0000	</row0>
					<row1>	0.0000 1.0000 0.0000 0.0000	</row1>
					<row2>	-0.9659 0.0000 0.2588 0.0000	</row2>
					<row3>	0.6525 0.3631 -6.4638 1.0000	</row3>
				</transform>
			</node>
			<node>
				<identifier>	MP_AM059_Boat_5_INDEX_4	</identifier>
				<transform>
					<row0>	1.0000 0.0000 0.0000 0.0000	</row0>
					<row1>	0.0000 1.0000 0.0000 0.0000	</row1>
					<row2>	0.0000 0.0000 1.0000 0.0000	</row2>
					<row3>	-0.6805 0.3550 -5.5402 1.0000	</row3>
				</transform>
			</node>
			<node>
				<identifier>	MP_AM059_Boat_5_INDEX_5	</identifier>
				<transform>
					<row0>	0.2588 0.0000 0.9659 0.0000	</row0>
					<row1>	0.0000 1.0000 0.0000 0.0000	</row1>
					<row2>	-0.9659 0.0000 0.2588 0.0000	</row2>
					<row3>	0.6948 0.3620 -6.3319 1.0000	</row3>
				</transform>
			</node>
			<node>
				<identifier>	MP_AM059_Boat_5_INDEX_6	</identifier>
				<transform>
					<row0>	1.0000 0.0000 0.0000 0.0000	</row0>
					<row1>	0.0000 1.0000 0.0000 0.0000	</row1>
					<row2>	0.0000 0.0000 1.0000 0.0000	</row2>
					<row3>	-0.5179 0.3550 -5.5402 1.0000	</row3>
				</transform>
			</node>
			<node>
				<identifier>	MP_AM059_Boat_5_INDEX_7	</identifier>
				<transform>
					<row0>	0.2588 0.0000 -0.9659 0.0000	</row0>
					<row1>	0.0000 1.0000 0.0000 0.0000	</row1>
					<row2>	0.9659 0.0000 0.2588 0.0000	</row2>
					<row3>	-0.6948 0.3588 -6.3319 1.0000	</row3>
				</transform>
			</node>
			<node>
				<identifier>	MP_AM071_Signal_Lamp_2	</identifier>
				<transform>
					<row0>	1.0000 0.0000 0.0000 0.0000	</row0>
					<row1>	0.0000 1.0000 0.0000 0.0000	</row1>
					<row2>	0.0000 0.0000 1.0000 0.0000	</row2>
					<row3>	-0.0626 0.6224 -8.5935 1.0000	</row3>
				</transform>
			</node>
			<node>
				<identifier>	MP_AM076_Aircfaft_Crane_1	</identifier>
				<transform>
					<row0>	1.0000 0.0000 0.0000 0.0000	</row0>
					<row1>	0.0000 1.0000 0.0000 0.0000	</row1>
					<row2>	0.0000 0.0000 1.0000 0.0000	</row2>
					<row3>	0.0000 0.3967 -8.3913 1.0000	</row3>
				</transform>
			</node>
			<node>
				<identifier>	MP_AM078_Crane_Control_Wheel	</identifier>
				<transform>
					<row0>	0.9304 0.0000 0.3666 0.0000	</row0>
					<row1>	0.0000 1.0000 0.0000 0.0000	</row1>
					<row2>	-0.3666 0.0000 0.9304 0.0000	</row2>
					<row3>	0.1628 0.3993 -8.4840 1.0000	</row3>
				</transform>
			</node>
			<node>
				<identifier>	MP_AM088_Capstan_1	</identifier>
				<transform>
					<row0>	0.7567 0.0000 0.0000 0.0000	</row0>
					<row1>	0.0000 0.7567 0.0000 0.0000	</row1>
					<row2>	0.0000 0.0000 0.7567 0.0000	</row2>
					<row3>	0.0502 0.3654 -6.6774 1.0000	</row3>
				</transform>
			</node>
			<node>
				<identifier>	MP_AM108_Reels_4	</identifier>
				<transform>
					<row0>	-1.0000 0.0000 0.0000 0.0000	</row0>
					<row1>	0.0000 0.9999 0.0126 0.0000	</row1>
					<row2>	0.0000 0.0126 -0.9999 0.0000	</row2>
					<row3>	0.2999 0.3661 -6.5327 1.0000	</row3>
				</transform>
			</node>
			<node>
				<identifier>	MP_AM108_Reels_4_INDEX_1	</identifier>
				<transform>
					<row0>	0.0000 0.0000 -1.0000 0.0000	</row0>
					<row1>	0.0000 1.0000 0.0000 0.0000	</row1>
					<row2>	1.0000 0.0000 0.0000 0.0000	</row2>
					<row3>	-0.2999 0.3636 -6.3396 1.0000	</row3>
				</transform>
			</node>
			<node>
				<identifier>	MP_AM129_Turtles_box	</identifier>
				<transform>
					<row0>	1.0000 0.0000 0.0000 0.0000	</row0>
					<row1>	0.0000 1.0000 0.0000 0.0000	</row1>
					<row2>	0.0000 0.0000 1.0000 0.0000	</row2>
					<row3>	0.6611 0.3691 -6.2100 1.0000	</row3>
				</transform>
			</node>
			<node>
				<identifier>	MP_AM129_Turtles_box_INDEX_1	</identifier>
				<transform>
					<row0>	0.9862 0.0000 -0.1657 0.0000	</row0>
					<row1>	0.0000 1.0000 0.0000 0.0000	</row1>
					<row2>	0.1657 0.0000 0.9862 0.0000	</row2>
					<row3>	0.3658 0.4092 -8.1258 1.0000	</row3>
				</transform>
			</node>
			<node>
				<identifier>	MP_AM129_Turtles_box_INDEX_2	</identifier>
				<transform>
					<row0>	0.9955 0.0000 0.0952 0.0000	</row0>
					<row1>	0.0000 1.0000 0.0000 0.0000	</row1>
					<row2>	-0.0952 0.0000 0.9955 0.0000	</row2>
					<row3>	-0.3658 0.4092 -8.1258 1.0000	</row3>
				</transform>
			</node>
			<node>
				<identifier>	MP_AM129_Turtles_box_INDEX_3	</identifier>
				<transform>
					<row0>	1.0000 0.0000 0.0000 0.0000	</row0>
					<row1>	0.0000 1.0000 0.0000 0.0000	</row1>
					<row2>	0.0000 0.0000 1.0000 0.0000	</row2>
					<row3>	-0.6611 0.3691 -6.2100 1.0000	</row3>
				</transform>
			</node>
			<node>
				<identifier>	MP_AM347_Fairlead	</identifier>
				<transform>
					<row0>	0.3039 0.0000 -0.9949 0.0000	</row0>
					<row1>	0.0000 1.3100 0.0000 0.0000	</row1>
					<row2>	0.9949 0.0000 0.3039 0.0000	</row2>
					<row3>	0.1122 0.4011 -8.5324 1.0000	</row3>
				</transform>
			</node>
			<node>
				<identifier>	MP_AM347_Fairlead_INDEX_1	</identifier>
				<transform>
					<row0>	0.3856 0.0000 0.9659 0.0000	</row0>
					<row1>	0.0000 1.3100 0.0000 0.0000	</row1>
					<row2>	-0.9659 0.0000 0.3856 0.0000	</row2>
					<row3>	-0.1611 0.4011 -8.5142 1.0000	</row3>
				</transform>
			</node>
			<node>
				<identifier>	MP_AM352_Stern_Light	</identifier>
				<transform>
					<row0>	0.0000 0.0000 -1.0000 0.0000	</row0>
					<row1>	0.0000 1.0000 0.0000 0.0000	</row1>
					<row2>	1.0000 0.0000 0.0000 0.0000	</row2>
					<row3>	-0.0627 0.4479 -8.5670 1.0000	</row3>
				</transform>
			</node>
			<node>
				<identifier>	MP_AM373_Float_Seaplane	</identifier>
				<transform>
					<row0>	-0.0001 -0.0122 0.9999 0.0000	</row0>
					<row1>	0.0000 0.9999 0.0122 0.0000	</row1>
					<row2>	-1.0000 0.0000 -0.0001 0.0000	</row2>
					<row3>	0.0106 0.3883 -6.1171 1.0000	</row3>
				</transform>
			</node>
			<node>
				<identifier>	MP_AM376_Fairlead	</identifier>
				<transform>
					<row0>	-1.0000 -0.0034 0.0063 0.0000	</row0>
					<row1>	-0.0034 1.0000 -0.0022 0.0000	</row1>
					<row2>	-0.0063 -0.0023 -1.0000 0.0000	</row2>
					<row3>	1.0803 0.3568 -4.5061 1.0000	</row3>
				</transform>
			</node>
			<node>
				<identifier>	MP_AM376_Fairlead_INDEX_1	</identifier>
				<transform>
					<row0>	-0.9957 -0.0035 0.0925 0.0000	</row0>
					<row1>	-0.0028 1.0000 0.0077 0.0000	</row1>
					<row2>	-0.0925 0.0074 -0.9957 0.0000	</row2>
					<row3>	1.0443 0.3561 -5.5018 1.0000	</row3>
				</transform>
			</node>
			<node>
				<identifier>	MP_AM376_Fairlead_INDEX_2	</identifier>
				<transform>
					<row0>	0.9957 -0.0035 0.0925 0.0000	</row0>
					<row1>	0.0029 1.0000 0.0070 0.0000	</row1>
					<row2>	-0.0925 -0.0067 0.9957 0.0000	</row2>
					<row3>	-1.0444 0.3562 -5.5018 1.0000	</row3>
				</transform>
			</node>
			<node>
				<identifier>	MP_AM376_Fairlead_INDEX_3	</identifier>
				<transform>
					<row0>	-0.8985 0.0038 0.4389 0.0000	</row0>
					<row1>	0.0104 0.9999 0.0126 0.0000	</row1>
					<row2>	-0.4388 0.0159 -0.8985 0.0000	</row2>
					<row3>	0.5166 0.3920 -8.1493 1.0000	</row3>
				</transform>
			</node>
			<node>
				<identifier>	MP_AM376_Fairlead_INDEX_4	</identifier>
				<transform>
					<row0>	0.9999 -0.0034 0.0099 0.0000	</row0>
					<row1>	0.0034 1.0000 -0.0010 0.0000	</row1>
					<row2>	-0.0099 0.0010 1.0000 0.0000	</row2>
					<row3>	-1.0804 0.3568 -4.5062 1.0000	</row3>
				</transform>
			</node>
			<node>
				<identifier>	MP_AM376_Fairlead_INDEX_5	</identifier>
				<transform>
					<row0>	0.8982 -0.0038 0.4395 0.0000	</row0>
					<row1>	-0.0035 0.9999 0.0157 0.0000	</row1>
					<row2>	-0.4395 -0.0157 0.8981 0.0000	</row2>
					<row3>	-0.5168 0.3920 -8.1493 1.0000	</row3>
				</transform>
			</node>
			<node>
				<identifier>	MP_AM500_Aircraft	</identifier>
				<transform>
					<row0>	-0.0001 -0.0122 0.9999 0.0000	</row0>
					<row1>	0.0000 0.9999 0.0122 0.0000	</row1>
					<row2>	-1.0000 0.0000 -0.0001 0.0000	</row2>
					<row3>	0.0381 0.3595 -6.1176 1.0000	</row3>
				</transform>
			</node>
			<node>
				<identifier>	MP_CM002_Propeller4_L	</identifier>
				<transform>
					<row0>	1.3490 0.0000 0.0000 0.0000	</row0>
					<row1>	0.0000 1.3488 -0.0231 0.0000	</row1>
					<row2>	0.0000 0.0231 1.3488 0.0000	</row2>
					<row3>	-0.1983 -0.5026 -7.0408 1.0000	</row3>
				</transform>
			</node>
			<node>
				<identifier>	MP_CM003_Propeller5_L	</identifier>
				<transform>
					<row0>	1.3490 -0.0005 0.0037 0.0000	</row0>
					<row1>	0.0006 1.3484 -0.0394 0.0000	</row1>
					<row2>	-0.0037 0.0394 1.3484 0.0000	</row2>
					<row3>	-0.5824 -0.5033 -7.1134 1.0000	</row3>
				</transform>
			</node>
			<node>
				<identifier>	MP_CM033_Propeller4_R	</identifier>
				<transform>
					<row0>	1.3490 0.0000 0.0000 0.0000	</row0>
					<row1>	0.0000 1.3488 -0.0231 0.0000	</row1>
					<row2>	0.0000 0.0231 1.3488 0.0000	</row2>
					<row3>	0.1987 -0.5026 -7.0408 1.0000	</row3>
				</transform>
			</node>
			<node>
				<identifier>	MP_CM034_Propeller5_R	</identifier>
				<transform>
					<row0>	1.3485 -0.0011 0.0042 0.0000	</row0>
					<row1>	0.0011 1.3483 -0.0231 0.0000	</row1>
					<row2>	-0.0042 0.0231 1.3483 0.0000	</row2>
					<row3>	0.5824 -0.5033 -7.1134 1.0000	</row3>
				</transform>
			</node>
			<node>
				<identifier>	MP_CM104_Life_Buoy	</identifier>
				<transform>
					<row0>	0.0373 0.0000 -0.9993 0.0000	</row0>
					<row1>	0.0000 1.0000 0.0000 0.0000	</row1>
					<row2>	0.9993 0.0000 0.0373 0.0000	</row2>
					<row3>	-1.0622 0.4229 -5.2471 1.0000	</row3>
				</transform>
			</node>
			<node>
				<identifier>	MP_CM104_Life_Buoy_INDEX_1	</identifier>
				<transform>
					<row0>	0.1352 0.0000 0.9908 0.0000	</row0>
					<row1>	0.0000 1.0000 0.0000 0.0000	</row1>
					<row2>	-0.9908 0.0000 0.1352 0.0000	</row2>
					<row3>	0.9643 0.4287 -6.2621 1.0000	</row3>
				</transform>
			</node>
			<node>
				<identifier>	MP_CM104_Life_Buoy_INDEX_2	</identifier>
				<transform>
					<row0>	0.0373 0.0000 0.9993 0.0000	</row0>
					<row1>	0.0000 1.0000 0.0000 0.0000	</row1>
					<row2>	-0.9993 0.0000 0.0373 0.0000	</row2>
					<row3>	1.0622 0.4229 -5.2471 1.0000	</row3>
				</transform>
			</node>
			<node>
				<identifier>	MP_CM104_Life_Buoy_INDEX_3	</identifier>
				<transform>
					<row0>	0.1352 0.0000 -0.9908 0.0000	</row0>
					<row1>	0.0000 1.0000 0.0000 0.0000	</row1>
					<row2>	0.9908 0.0000 0.1352 0.0000	</row2>
					<row3>	-0.9643 0.4287 -6.2621 1.0000	</row3>
				</transform>
			</node>
			<node>
				<identifier>	SP_YMS011_YHWL_M_1_INDEX_14	</identifier>
				<transform>
					<row0>	0.9936 0.0958 0.0593 0.0000	</row0>
					<row1>	-0.0956 0.9954 -0.0065 0.0000	</row1>
					<row2>	-0.0596 0.0008 0.9982 0.0000	</row2>
					<row3>	-1.0652 -0.0015 -4.6871 1.0000	</row3>
				</transform>
			</node>
			<node>
				<identifier>	SP_YMS011_YHWL_M_1_INDEX_15	</identifier>
				<transform>
					<row0>	0.9718 0.2125 0.1028 0.0000	</row0>
					<row1>	-0.2110 0.9772 -0.0248 0.0000	</row1>
					<row2>	-0.1057 0.0025 0.9944 0.0000	</row2>
					<row3>	-0.9984 -0.0015 -5.5348 1.0000	</row3>
				</transform>
			</node>
			<node>
				<identifier>	SP_YMS011_YHWL_M_1_INDEX_16	</identifier>
				<transform>
					<row0>	0.9402 0.2951 0.1699 0.0000	</row0>
					<row1>	-0.2915 0.9555 -0.0463 0.0000	</row1>
					<row2>	-0.1760 -0.0060 0.9844 0.0000	</row2>
					<row3>	-0.8810 -0.0015 -6.3778 1.0000	</row3>
				</transform>
			</node>
			<node>
				<identifier>	SP_YMS011_YHWL_M_1_INDEX_17	</identifier>
				<transform>
					<row0>	0.9086 0.3336 0.2514 0.0000	</row0>
					<row1>	-0.3222 0.9427 -0.0865 0.0000	</row1>
					<row2>	-0.2658 -0.0025 0.9640 0.0000	</row2>
					<row3>	-0.7019 -0.0015 -7.2071 1.0000	</row3>
				</transform>
			</node>
			<node>
				<identifier>	SP_YMS011_YHWL_M_1_INDEX_18	</identifier>
				<transform>
					<row0>	0.8393 0.3268 0.4345 0.0000	</row0>
					<row1>	-0.2971 0.9450 -0.1368 0.0000	</row1>
					<row2>	-0.4553 -0.0142 0.8902 0.0000	</row2>
					<row3>	-0.3802 -0.0066 -8.0012 1.0000	</row3>
				</transform>
			</node>
			<node>
				<identifier>	SP_YMS012_YHWR_M_1_INDEX_14	</identifier>
				<transform>
					<row0>	0.9936 -0.0958 -0.0593 0.0000	</row0>
					<row1>	0.0956 0.9954 -0.0054 0.0000	</row1>
					<row2>	0.0595 -0.0003 0.9982 0.0000	</row2>
					<row3>	1.0652 -0.0015 -4.6871 1.0000	</row3>
				</transform>
			</node>
			<node>
				<identifier>	SP_YMS012_YHWR_M_1_INDEX_15	</identifier>
				<transform>
					<row0>	0.9718 -0.2125 -0.1028 0.0000	</row0>
					<row1>	0.2119 0.9772 -0.0166 0.0000	</row1>
					<row2>	0.1039 -0.0056 0.9946 0.0000	</row2>
					<row3>	0.9984 -0.0015 -5.5348 1.0000	</row3>
				</transform>
			</node>
			<node>
				<identifier>	SP_YMS012_YHWR_M_1_INDEX_16	</identifier>
				<transform>
					<row0>	0.9402 -0.2951 -0.1699 0.0000	</row0>
					<row1>	0.2919 0.9554 -0.0438 0.0000	</row1>
					<row2>	0.1753 -0.0084 0.9845 0.0000	</row2>
					<row3>	0.8810 -0.0015 -6.3778 1.0000	</row3>
				</transform>
			</node>
			<node>
				<identifier>	SP_YMS012_YHWR_M_1_INDEX_17	</identifier>
				<transform>
					<row0>	0.9086 -0.3336 -0.2514 0.0000	</row0>
					<row1>	0.3248 0.9426 -0.0770 0.0000	</row1>
					<row2>	0.2627 -0.0117 0.9648 0.0000	</row2>
					<row3>	0.7019 -0.0015 -7.2071 1.0000	</row3>
				</transform>
			</node>
			<node>
				<identifier>	SP_YMS012_YHWR_M_1_INDEX_18	</identifier>
				<transform>
					<row0>	0.8851 -0.1385 -0.4444 0.0000	</row0>
					<row1>	0.1234 0.9904 -0.0631 0.0000	</row1>
					<row2>	0.4488 0.0010 0.8936 0.0000	</row2>
					<row3>	0.3956 0.0068 -8.0037 1.0000	</row3>
				</transform>
			</node>
			<node>
				<identifier>	SP_YMS030_YHAM_M_1	</identifier>
				<transform>
					<row0>	0.8177 0.0000 0.0000 0.0000	</row0>
					<row1>	0.0000 0.8177 0.0000 0.0000	</row1>
					<row2>	0.0000 0.0000 0.8177 0.0000	</row2>
					<row3>	0.0000 0.2280 -8.5754 1.0000	</row3>
				</transform>
			</node>
			<node>
				<identifier>	SP_YMS031_YHAL_M_1	</identifier>
				<transform>
					<row0>	0.9931 0.5165 0.4857 0.0000	</row0>
					<row1>	-0.4595 1.1055 -0.2360 0.0000	</row1>
					<row2>	-0.5399 0.0092 1.0942 0.0000	</row2>
					<row3>	-0.5119 0.2055 -7.9484 1.0000	</row3>
				</transform>
			</node>
			<node>
				<identifier>	SP_YMS032_YHAR_M_1	</identifier>
				<transform>
					<row0>	0.9931 -0.5165 -0.4857 0.0000	</row0>
					<row1>	0.4595 1.1055 -0.2360 0.0000	</row1>
					<row2>	0.5399 0.0092 1.0942 0.0000	</row2>
					<row3>	0.5119 0.2055 -7.9484 1.0000	</row3>
				</transform>
			</node>
			<node>
				<identifier>	SP_YMS053_YHDC_S_1_INDEX_10	</identifier>
				<transform>
					<row0>	1.0000 0.0000 0.0000 0.0000	</row0>
					<row1>	0.0000 1.0000 0.0000 0.0000	</row1>
					<row2>	0.0000 0.0000 1.0000 0.0000	</row2>
					<row3>	-0.4092 0.3813 -6.8090 1.0000	</row3>
				</transform>
			</node>
			<node>
				<identifier>	SP_YMS053_YHDC_S_1_INDEX_11	</identifier>
				<transform>
					<row0>	1.0000 0.0000 0.0000 0.0000	</row0>
					<row1>	0.0000 1.0000 0.0000 0.0000	</row1>
					<row2>	0.0000 0.0000 1.0000 0.0000	</row2>
					<row3>	0.4092 0.3813 -6.8090 1.0000	</row3>
				</transform>
			</node>
			<node>
				<identifier>	SP_YMS053_YHDC_S_1_INDEX_8	</identifier>
				<transform>
					<row0>	1.0000 0.0000 0.0000 0.0000	</row0>
					<row1>	0.0000 1.0000 0.0000 0.0000	</row1>
					<row2>	0.0000 0.0000 1.0000 0.0000	</row2>
					<row3>	-0.6421 0.3718 -5.2944 1.0000	</row3>
				</transform>
			</node>
			<node>
				<identifier>	SP_YMS053_YHDC_S_1_INDEX_9	</identifier>
				<transform>
					<row0>	1.0000 0.0000 0.0000 0.0000	</row0>
					<row1>	0.0000 1.0000 0.0000 0.0000	</row1>
					<row2>	0.0000 0.0000 1.0000 0.0000	</row2>
					<row3>	0.6421 0.3718 -5.2944 1.0000	</row3>
				</transform>
			</node>
			<node>
				<identifier>	SP_YMS080_YHSL_M_1_INDEX_1	</identifier>
				<transform>
					<row0>	0.7785 0.1410 0.1189 0.0000	</row0>
					<row1>	-0.1414 0.7874 -0.0081 0.0000	</row1>
					<row2>	-0.1184 -0.0132 0.7911 0.0000	</row2>
					<row3>	-0.9453 0.2121 -6.1407 1.0000	</row3>
				</transform>
			</node>
			<node>
				<identifier>	SP_YMS081_YHSR_M_1_INDEX_2	</identifier>
				<transform>
					<row0>	0.7763 -0.1525 -0.1187 0.0000	</row0>
					<row1>	0.1528 0.7852 -0.0098 0.0000	</row1>
					<row2>	0.1184 -0.0132 0.7911 0.0000	</row2>
					<row3>	0.9427 0.2126 -6.1403 1.0000	</row3>
				</transform>
			</node>
			<node>
				<identifier>	SP_YMS083_YHSC_L_1_INDEX_10	</identifier>
				<transform>
					<row0>	0.0167 0.0000 -0.8498 0.0000	</row0>
					<row1>	-0.0597 0.8479 -0.0012 0.0000	</row1>
					<row2>	0.8477 0.0597 0.0166 0.0000	</row2>
					<row3>	-1.0847 0.3599 -4.8425 1.0000	</row3>
				</transform>
			</node>
			<node>
				<identifier>	SP_YMS083_YHSC_L_1_INDEX_11	</identifier>
				<transform>
					<row0>	0.0167 0.0000 0.8498 0.0000	</row0>
					<row1>	0.0597 0.8479 -0.0012 0.0000	</row1>
					<row2>	-0.8477 0.0597 0.0166 0.0000	</row2>
					<row3>	1.0847 0.3599 -4.8425 1.0000	</row3>
				</transform>
			</node>
			<node>
				<identifier>	SP_YMS083_YHSC_L_1_INDEX_12	</identifier>
				<transform>
					<row0>	0.0549 0.0000 -0.8482 0.0000	</row0>
					<row1>	-0.1327 0.8395 -0.0086 0.0000	</row1>
					<row2>	0.8378 0.1330 0.0542 0.0000	</row2>
					<row3>	-1.0584 0.3586 -5.4542 1.0000	</row3>
				</transform>
			</node>
			<node>
				<identifier>	SP_YMS083_YHSC_L_1_INDEX_13	</identifier>
				<transform>
					<row0>	0.0549 0.0000 0.8482 0.0000	</row0>
					<row1>	0.1327 0.8395 -0.0086 0.0000	</row1>
					<row2>	-0.8378 0.1330 0.0542 0.0000	</row2>
					<row3>	1.0584 0.3586 -5.4542 1.0000	</row3>
				</transform>
			</node>
			<node>
				<identifier>	SP_YMS083_YHSC_L_1_INDEX_14	</identifier>
				<transform>
					<row0>	0.1716 0.0018 -0.8325 0.0000	</row0>
					<row1>	-0.2274 0.8178 -0.0451 0.0000	</row1>
					<row2>	0.8008 0.2318 0.1656 0.0000	</row2>
					<row3>	-0.8445 0.3835 -7.0823 1.0000	</row3>
				</transform>
			</node>
			<node>
				<identifier>	SP_YMS083_YHSC_L_1_INDEX_15	</identifier>
				<transform>
					<row0>	0.1716 -0.0018 0.8325 0.0000	</row0>
					<row1>	0.2274 0.8178 -0.0451 0.0000	</row1>
					<row2>	-0.8008 0.2318 0.1656 0.0000	</row2>
					<row3>	0.8445 0.3835 -7.0823 1.0000	</row3>
				</transform>
			</node>
		</node>
	</node>
	<boundingBox>
		<min>	-0.0667 -0.0667 -0.0667	</min>
		<max>	0.0667 0.0667 0.0667	</max>
	</boundingBox>
</ASB023_Georgia_1945_Stern_ports.visual>
