<WSD002_Tatra_1918_MidBack_ports.visual>
	<node>
		<identifier>	Scene Root	</identifier>
		<transform>
			<row0>	1.0000 0.0000 0.0000 0.0000	</row0>
			<row1>	0.0000 1.0000 0.0000 0.0000	</row1>
			<row2>	0.0000 0.0000 1.0000 0.0000	</row2>
			<row3>	0.0000 0.0000 0.0000 1.0000	</row3>
		</transform>
		<node>
			<identifier>	MidBack_ports	</identifier>
			<transform>
				<row0>	1.0000 0.0000 0.0000 0.0000	</row0>
				<row1>	0.0000 1.0000 0.0000 0.0000	</row1>
				<row2>	0.0000 0.0000 1.0000 0.0000	</row2>
				<row3>	0.0000 0.0000 0.0000 1.0000	</row3>
			</transform>
			<node>
				<identifier>	HP_FX_Death_2	</identifier>
				<transform>
					<row0>	1.0000 0.0000 0.0000 0.0000	</row0>
					<row1>	0.0000 1.0000 0.0000 0.0000	</row1>
					<row2>	0.0000 0.0000 1.0000 0.0000	</row2>
					<row3>	0.0000 0.0000 -0.2893 1.0000	</row3>
				</transform>
			</node>
			<node>
				<identifier>	HP_FX_Death_3	</identifier>
				<transform>
					<row0>	1.0000 0.0000 0.0000 0.0000	</row0>
					<row1>	0.0000 1.0000 0.0000 0.0000	</row1>
					<row2>	0.0000 0.0000 1.0000 0.0000	</row2>
					<row3>	0.0000 0.0000 -1.5425 1.0000	</row3>
				</transform>
			</node>
			<node>
				<identifier>	HP_FX_Fire_3	</identifier>
				<transform>
					<row0>	1.0000 0.0000 0.0000 0.0000	</row0>
					<row1>	0.0000 1.0000 0.0000 0.0000	</row1>
					<row2>	0.0000 0.0000 1.0000 0.0000	</row2>
					<row3>	0.0000 0.1417 -0.6982 1.0000	</row3>
				</transform>
			</node>
			<node>
				<identifier>	HP_FX_Fire_3_side_1	</identifier>
				<transform>
					<row0>	1.0000 0.0000 0.0000 0.0000	</row0>
					<row1>	0.0000 1.0000 0.0000 0.0000	</row1>
					<row2>	0.0000 0.0000 1.0000 0.0000	</row2>
					<row3>	-0.1498 0.1265 -0.3096 1.0000	</row3>
				</transform>
			</node>
			<node>
				<identifier>	HP_FX_Fire_3_side_2	</identifier>
				<transform>
					<row0>	1.0000 0.0000 0.0000 0.0000	</row0>
					<row1>	0.0000 1.0000 0.0000 0.0000	</row1>
					<row2>	0.0000 0.0000 1.0000 0.0000	</row2>
					<row3>	0.1455 0.1262 -0.9603 1.0000	</row3>
				</transform>
			</node>
			<node>
				<identifier>	HP_FX_FloodLight_left_2	</identifier>
				<transform>
					<row0>	-1.0000 0.0000 0.0000 0.0000	</row0>
					<row1>	0.0000 1.0000 0.0000 0.0000	</row1>
					<row2>	0.0000 0.0000 -1.0000 0.0000	</row2>
					<row3>	-0.0388 0.3736 -0.2883 1.0000	</row3>
				</transform>
			</node>
			<node>
				<identifier>	HP_FX_FloodLight_right_2	</identifier>
				<transform>
					<row0>	1.0000 0.0000 0.0000 0.0000	</row0>
					<row1>	0.0000 1.0000 0.0000 0.0000	</row1>
					<row2>	0.0000 0.0000 1.0000 0.0000	</row2>
					<row3>	0.0414 0.3727 -0.2816 1.0000	</row3>
				</transform>
			</node>
			<node>
				<identifier>	HP_FX_Flood_steam_2	</identifier>
				<transform>
					<row0>	1.0000 0.0000 0.0000 0.0000	</row0>
					<row1>	0.0000 0.9518 -0.3068 0.0000	</row1>
					<row2>	0.0000 0.3068 0.9518 0.0000	</row2>
					<row3>	0.0015 0.4312 -0.3669 1.0000	</row3>
				</transform>
			</node>
			<node>
				<identifier>	HP_FX_Smoke_4	</identifier>
				<transform>
					<row0>	1.0000 0.0000 0.0000 0.0000	</row0>
					<row1>	0.0000 1.0000 0.0000 0.0000	</row1>
					<row2>	0.0000 0.0000 1.0000 0.0000	</row2>
					<row3>	-0.0008 0.4772 -0.2822 1.0000	</row3>
				</transform>
			</node>
			<node>
				<identifier>	HP_Ship_death_2	</identifier>
				<transform>
					<row0>	1.0000 0.0000 0.0000 0.0000	</row0>
					<row1>	0.0000 1.0000 0.0000 0.0000	</row1>
					<row2>	0.0000 0.0000 1.0000 0.0000	</row2>
					<row3>	0.0000 0.0000 -0.0578 1.0000	</row3>
				</transform>
			</node>
			<node>
				<identifier>	HP_WGT_1	</identifier>
				<transform>
					<row0>	-1.0000 0.0000 0.0000 0.0000	</row0>
					<row1>	0.0000 1.0000 0.0000 0.0000	</row1>
					<row2>	0.0000 0.0000 -1.0000 0.0000	</row2>
					<row3>	0.0000 0.1780 -0.9152 1.0000	</row3>
				</transform>
			</node>
			<node>
				<identifier>	HP_flag_nation	</identifier>
				<transform>
					<row0>	1.0000 0.0000 0.0000 0.0000	</row0>
					<row1>	0.0000 0.9947 -0.1025 0.0000	</row1>
					<row2>	0.0000 0.1025 0.9947 0.0000	</row2>
					<row3>	0.0000 1.4122 -1.5228 1.0000	</row3>
				</transform>
			</node>
			<node>
				<identifier>	MP_BM874_Searchlight_24in	</identifier>
				<transform>
					<row0>	-1.0000 0.0000 0.0000 0.0000	</row0>
					<row1>	0.0000 1.0000 0.0000 0.0000	</row1>
					<row2>	0.0000 0.0000 -1.0000 0.0000	</row2>
					<row3>	0.0000 0.3009 -1.3624 1.0000	</row3>
				</transform>
			</node>
			<node>
				<identifier>	MP_CM001_Propeller3_L	</identifier>
				<transform>
					<row0>	0.5588 0.0000 0.0000 0.0000	</row0>
					<row1>	0.0000 0.5586 -0.0146 0.0000	</row1>
					<row2>	0.0000 0.0146 0.5586 0.0000	</row2>
					<row3>	-0.1085 -0.1446 -2.4848 1.0000	</row3>
				</transform>
			</node>
			<node>
				<identifier>	MP_CM011_Fire_Fighting_Gear	</identifier>
				<transform>
					<row0>	-1.0000 0.0000 0.0000 0.0000	</row0>
					<row1>	0.0000 1.0000 0.0000 0.0000	</row1>
					<row2>	0.0000 0.0000 -1.0000 0.0000	</row2>
					<row3>	-0.0231 0.1640 -1.2864 1.0000	</row3>
				</transform>
			</node>
			<node>
				<identifier>	MP_CM011_Fire_Fighting_Gear_INDEX_1	</identifier>
				<transform>
					<row0>	-1.0000 0.0000 0.0000 0.0000	</row0>
					<row1>	0.0000 1.0000 0.0000 0.0000	</row1>
					<row2>	0.0000 0.0000 -1.0000 0.0000	</row2>
					<row3>	-0.0591 0.2052 -0.3864 1.0000	</row3>
				</transform>
			</node>
			<node>
				<identifier>	MP_CM032_Propeller3_R	</identifier>
				<transform>
					<row0>	0.5588 0.0000 0.0000 0.0000	</row0>
					<row1>	0.0000 0.5586 -0.0146 0.0000	</row1>
					<row2>	0.0000 0.0146 0.5586 0.0000	</row2>
					<row3>	0.1085 -0.1446 -2.4848 1.0000	</row3>
				</transform>
			</node>
			<node>
				<identifier>	MP_WM004_Life_buoy	</identifier>
				<transform>
					<row0>	0.7610 0.0000 0.0000 0.0000	</row0>
					<row1>	0.0000 0.7610 0.0000 0.0000	</row1>
					<row2>	0.0000 0.0000 0.7610 0.0000	</row2>
					<row3>	-0.0888 0.3288 -1.4033 1.0000	</row3>
				</transform>
			</node>
			<node>
				<identifier>	MP_WM004_Life_buoy_INDEX_1	</identifier>
				<transform>
					<row0>	0.7610 0.0000 0.0000 0.0000	</row0>
					<row1>	0.0000 0.7610 0.0000 0.0000	</row1>
					<row2>	0.0000 0.0000 0.7610 0.0000	</row2>
					<row3>	0.0733 0.3975 -0.5256 1.0000	</row3>
				</transform>
			</node>
			<node>
				<identifier>	MP_WM004_Life_buoy_INDEX_2	</identifier>
				<transform>
					<row0>	0.0000 0.0000 0.7610 0.0000	</row0>
					<row1>	0.0000 0.7610 0.0000 0.0000	</row1>
					<row2>	-0.7610 0.0000 0.0000 0.0000	</row2>
					<row3>	0.1165 0.3975 -0.4867 1.0000	</row3>
				</transform>
			</node>
			<node>
				<identifier>	MP_WM004_Life_buoy_INDEX_3	</identifier>
				<transform>
					<row0>	0.7610 0.0000 0.0000 0.0000	</row0>
					<row1>	0.0000 0.7610 0.0000 0.0000	</row1>
					<row2>	0.0000 0.0000 0.7610 0.0000	</row2>
					<row3>	0.0888 0.3288 -1.4033 1.0000	</row3>
				</transform>
			</node>
			<node>
				<identifier>	MP_WM004_Life_buoy_INDEX_4	</identifier>
				<transform>
					<row0>	0.7610 0.0000 0.0000 0.0000	</row0>
					<row1>	0.0000 0.7610 0.0000 0.0000	</row1>
					<row2>	0.0000 0.0000 0.7610 0.0000	</row2>
					<row3>	-0.0733 0.3975 -0.5256 1.0000	</row3>
				</transform>
			</node>
			<node>
				<identifier>	MP_WM004_Life_buoy_INDEX_5	</identifier>
				<transform>
					<row0>	0.0000 0.0000 -0.7610 0.0000	</row0>
					<row1>	0.0000 0.7610 0.0000 0.0000	</row1>
					<row2>	0.7610 0.0000 0.0000 0.0000	</row2>
					<row3>	-0.1165 0.3975 -0.4867 1.0000	</row3>
				</transform>
			</node>
			<node>
				<identifier>	MP_WM013_Fire_Hose_Rack_Box	</identifier>
				<transform>
					<row0>	0.0000 0.0000 -1.0000 0.0000	</row0>
					<row1>	0.0000 1.0000 0.0000 0.0000	</row1>
					<row2>	1.0000 0.0000 0.0000 0.0000	</row2>
					<row3>	-0.0428 0.2664 -0.3977 1.0000	</row3>
				</transform>
			</node>
			<node>
				<identifier>	MP_WM013_Fire_Hose_Rack_Box_INDEX_1	</identifier>
				<transform>
					<row0>	0.0000 0.0000 -1.0000 0.0000	</row0>
					<row1>	0.0000 1.0000 0.0000 0.0000	</row1>
					<row2>	1.0000 0.0000 0.0000 0.0000	</row2>
					<row3>	0.0300 0.1955 -1.2998 1.0000	</row3>
				</transform>
			</node>
			<node>
				<identifier>	MP_WM016_7cm_45_K09_TAG_Skoda	</identifier>
				<transform>
					<row0>	0.9511 0.0000 0.3090 0.0000	</row0>
					<row1>	0.0000 1.0000 0.0000 0.0000	</row1>
					<row2>	-0.3090 0.0000 0.9511 0.0000	</row2>
					<row3>	-0.2219 0.1252 -0.4550 1.0000	</row3>
				</transform>
			</node>
			<node>
				<identifier>	MP_WM016_7cm_45_K09_TAG_Skoda_INDEX_1	</identifier>
				<transform>
					<row0>	0.9511 0.0000 0.3090 0.0000	</row0>
					<row1>	0.0000 1.0000 0.0000 0.0000	</row1>
					<row2>	-0.3090 0.0000 0.9511 0.0000	</row2>
					<row3>	-0.2027 0.1262 -1.4066 1.0000	</row3>
				</transform>
			</node>
			<node>
				<identifier>	MP_WM016_7cm_45_K09_TAG_Skoda_INDEX_2	</identifier>
				<transform>
					<row0>	0.9511 0.0000 -0.3090 0.0000	</row0>
					<row1>	0.0000 1.0000 0.0000 0.0000	</row1>
					<row2>	0.3090 0.0000 0.9511 0.0000	</row2>
					<row3>	0.2027 0.1262 -1.4066 1.0000	</row3>
				</transform>
			</node>
			<node>
				<identifier>	MP_WM016_7cm_45_K09_TAG_Skoda_INDEX_3	</identifier>
				<transform>
					<row0>	0.9511 0.0000 -0.3090 0.0000	</row0>
					<row1>	0.0000 1.0000 0.0000 0.0000	</row1>
					<row2>	0.3090 0.0000 0.9511 0.0000	</row2>
					<row3>	0.2219 0.1252 -0.4550 1.0000	</row3>
				</transform>
			</node>
			<node>
				<identifier>	MP_WM023_Mannlicher_M1895_rifle	</identifier>
				<transform>
					<row0>	1.0000 0.0000 0.0000 0.0000	</row0>
					<row1>	0.0000 0.1215 -0.9926 0.0000	</row1>
					<row2>	0.0000 0.9926 0.1215 0.0000	</row2>
					<row3>	0.0334 0.1534 -1.3033 1.0000	</row3>
				</transform>
			</node>
			<node>
				<identifier>	MP_WM023_Mannlicher_M1895_rifle_INDEX_1	</identifier>
				<transform>
					<row0>	1.0000 0.0000 0.0000 0.0000	</row0>
					<row1>	0.0000 0.1215 -0.9926 0.0000	</row1>
					<row2>	0.0000 0.9926 0.1215 0.0000	</row2>
					<row3>	0.0387 0.1534 -1.3033 1.0000	</row3>
				</transform>
			</node>
			<node>
				<identifier>	MP_WM023_Mannlicher_M1895_rifle_INDEX_2	</identifier>
				<transform>
					<row0>	1.0000 0.0000 0.0000 0.0000	</row0>
					<row1>	0.0000 0.1215 -0.9926 0.0000	</row1>
					<row2>	0.0000 0.9926 0.1215 0.0000	</row2>
					<row3>	0.0547 0.1534 -1.3033 1.0000	</row3>
				</transform>
			</node>
			<node>
				<identifier>	MP_WM023_Mannlicher_M1895_rifle_INDEX_3	</identifier>
				<transform>
					<row0>	1.0000 0.0000 0.0000 0.0000	</row0>
					<row1>	0.0000 0.1215 -0.9926 0.0000	</row1>
					<row2>	0.0000 0.9926 0.1215 0.0000	</row2>
					<row3>	0.0281 0.1534 -1.3033 1.0000	</row3>
				</transform>
			</node>
			<node>
				<identifier>	MP_WM023_Mannlicher_M1895_rifle_INDEX_4	</identifier>
				<transform>
					<row0>	1.0000 0.0000 0.0000 0.0000	</row0>
					<row1>	0.0000 0.1215 -0.9926 0.0000	</row1>
					<row2>	0.0000 0.9926 0.1215 0.0000	</row2>
					<row3>	0.0707 0.1534 -1.3033 1.0000	</row3>
				</transform>
			</node>
			<node>
				<identifier>	MP_WM023_Mannlicher_M1895_rifle_INDEX_5	</identifier>
				<transform>
					<row0>	1.0000 0.0000 0.0000 0.0000	</row0>
					<row1>	0.0000 0.1215 -0.9926 0.0000	</row1>
					<row2>	0.0000 0.9926 0.1215 0.0000	</row2>
					<row3>	0.0654 0.1534 -1.3033 1.0000	</row3>
				</transform>
			</node>
			<node>
				<identifier>	MP_WM023_Mannlicher_M1895_rifle_INDEX_6	</identifier>
				<transform>
					<row0>	1.0000 0.0000 0.0000 0.0000	</row0>
					<row1>	0.0000 0.1215 -0.9926 0.0000	</row1>
					<row2>	0.0000 0.9926 0.1215 0.0000	</row2>
					<row3>	0.0601 0.1534 -1.3033 1.0000	</row3>
				</transform>
			</node>
			<node>
				<identifier>	MP_WM023_Mannlicher_M1895_rifle_INDEX_7	</identifier>
				<transform>
					<row0>	1.0000 0.0000 0.0000 0.0000	</row0>
					<row1>	0.0000 0.1215 -0.9926 0.0000	</row1>
					<row2>	0.0000 0.9926 0.1215 0.0000	</row2>
					<row3>	0.0441 0.1534 -1.3033 1.0000	</row3>
				</transform>
			</node>
			<node>
				<identifier>	MP_WM023_Mannlicher_M1895_rifle_INDEX_8	</identifier>
				<transform>
					<row0>	1.0000 0.0000 0.0000 0.0000	</row0>
					<row1>	0.0000 0.1215 -0.9926 0.0000	</row1>
					<row2>	0.0000 0.9926 0.1215 0.0000	</row2>
					<row3>	0.0227 0.1534 -1.3032 1.0000	</row3>
				</transform>
			</node>
			<node>
				<identifier>	MP_WM023_Mannlicher_M1895_rifle_INDEX_9	</identifier>
				<transform>
					<row0>	1.0000 0.0000 0.0000 0.0000	</row0>
					<row1>	0.0000 0.1215 -0.9926 0.0000	</row1>
					<row2>	0.0000 0.9926 0.1215 0.0000	</row2>
					<row3>	0.0494 0.1534 -1.3033 1.0000	</row3>
				</transform>
			</node>
			<node>
				<identifier>	MP_WM024_Schwarzlose_MG	</identifier>
				<transform>
					<row0>	0.0000 0.0000 1.0000 0.0000	</row0>
					<row1>	0.0000 1.0000 0.0000 0.0000	</row1>
					<row2>	-1.0000 0.0000 0.0000 0.0000	</row2>
					<row3>	-0.0985 0.3320 -0.4867 1.0000	</row3>
				</transform>
			</node>
			<node>
				<identifier>	MP_WM024_Schwarzlose_MG_INDEX_1	</identifier>
				<transform>
					<row0>	0.0000 0.0000 -1.0000 0.0000	</row0>
					<row1>	0.0000 1.0000 0.0000 0.0000	</row1>
					<row2>	1.0000 0.0000 0.0000 0.0000	</row2>
					<row3>	0.0985 0.3320 -0.4867 1.0000	</row3>
				</transform>
			</node>
		</node>
	</node>
	<boundingBox>
		<min>	-0.0667 -0.0667 -0.0667	</min>
		<max>	0.0667 0.0667 0.0667	</max>
	</boundingBox>
</WSD002_Tatra_1918_MidBack_ports.visual>
