<ASC022_Seattle_1945_Stern_ports.visual>
	<node>
		<identifier>	Scene Root	</identifier>
		<transform>
			<row0>	1.0000 0.0000 0.0000 0.0000	</row0>
			<row1>	0.0000 1.0000 0.0000 0.0000	</row1>
			<row2>	0.0000 0.0000 1.0000 0.0000	</row2>
			<row3>	0.0000 0.0000 0.0000 1.0000	</row3>
		</transform>
		<node>
			<identifier>	Stern_ports	</identifier>
			<transform>
				<row0>	1.0000 0.0000 0.0000 0.0000	</row0>
				<row1>	0.0000 1.0000 0.0000 0.0000	</row1>
				<row2>	0.0000 0.0000 1.0000 0.0000	</row2>
				<row3>	0.0000 0.0000 0.0000 1.0000	</row3>
			</transform>
			<node>
				<identifier>	HP_AD_16	</identifier>
				<transform>
					<row0>	-1.0000 0.0000 0.0000 0.0000	</row0>
					<row1>	0.0000 1.0000 0.0000 0.0000	</row1>
					<row2>	0.0000 0.0000 -1.0000 0.0000	</row2>
					<row3>	-0.1945 0.3705 -6.2434 1.0000	</row3>
				</transform>
			</node>
			<node>
				<identifier>	HP_AD_17	</identifier>
				<transform>
					<row0>	-1.0000 0.0000 0.0000 0.0000	</row0>
					<row1>	0.0000 1.0000 0.0000 0.0000	</row1>
					<row2>	0.0000 0.0000 -1.0000 0.0000	</row2>
					<row3>	0.1945 0.3705 -6.2434 1.0000	</row3>
				</transform>
			</node>
			<node>
				<identifier>	HP_AGA_29	</identifier>
				<transform>
					<row0>	0.0000 0.0000 1.0000 0.0000	</row0>
					<row1>	0.0000 1.0000 0.0000 0.0000	</row1>
					<row2>	-1.0000 0.0000 0.0000 0.0000	</row2>
					<row3>	-0.3946 0.2294 -5.3150 1.0000	</row3>
				</transform>
			</node>
			<node>
				<identifier>	HP_AGA_30	</identifier>
				<transform>
					<row0>	0.0000 0.0000 -1.0000 0.0000	</row0>
					<row1>	0.0000 1.0000 0.0000 0.0000	</row1>
					<row2>	1.0000 0.0000 0.0000 0.0000	</row2>
					<row3>	0.3946 0.2294 -5.3150 1.0000	</row3>
				</transform>
			</node>
			<node>
				<identifier>	HP_AGA_31	</identifier>
				<transform>
					<row0>	0.0000 0.0000 1.0000 0.0000	</row0>
					<row1>	0.0000 1.0000 0.0000 0.0000	</row1>
					<row2>	-1.0000 0.0000 0.0000 0.0000	</row2>
					<row3>	-0.3488 0.2376 -5.5986 1.0000	</row3>
				</transform>
			</node>
			<node>
				<identifier>	HP_AGA_32	</identifier>
				<transform>
					<row0>	0.0000 0.0000 -1.0000 0.0000	</row0>
					<row1>	0.0000 1.0000 0.0000 0.0000	</row1>
					<row2>	1.0000 0.0000 0.0000 0.0000	</row2>
					<row3>	0.3488 0.2376 -5.5986 1.0000	</row3>
				</transform>
			</node>
			<node>
				<identifier>	HP_AGA_33	</identifier>
				<transform>
					<row0>	0.0000 0.0000 1.0000 0.0000	</row0>
					<row1>	0.0000 1.0000 0.0000 0.0000	</row1>
					<row2>	-1.0000 0.0000 0.0000 0.0000	</row2>
					<row3>	-0.3034 0.2480 -5.9239 1.0000	</row3>
				</transform>
			</node>
			<node>
				<identifier>	HP_AGA_34	</identifier>
				<transform>
					<row0>	0.0000 0.0000 -1.0000 0.0000	</row0>
					<row1>	0.0000 1.0000 0.0000 0.0000	</row1>
					<row2>	1.0000 0.0000 0.0000 0.0000	</row2>
					<row3>	0.3034 0.2480 -5.9239 1.0000	</row3>
				</transform>
			</node>
			<node>
				<identifier>	HP_AGA_35	</identifier>
				<transform>
					<row0>	-1.0000 0.0000 0.0000 0.0000	</row0>
					<row1>	0.0000 1.0000 0.0000 0.0000	</row1>
					<row2>	0.0000 0.0000 -1.0000 0.0000	</row2>
					<row3>	-0.3641 0.2609 -6.4101 1.0000	</row3>
				</transform>
			</node>
			<node>
				<identifier>	HP_AGA_36	</identifier>
				<transform>
					<row0>	-1.0000 0.0000 0.0000 0.0000	</row0>
					<row1>	0.0000 1.0000 0.0000 0.0000	</row1>
					<row2>	0.0000 0.0000 -1.0000 0.0000	</row2>
					<row3>	0.3641 0.2609 -6.4101 1.0000	</row3>
				</transform>
			</node>
			<node>
				<identifier>	HP_AGM_4	</identifier>
				<transform>
					<row0>	-1.0000 0.0000 0.0000 0.0000	</row0>
					<row1>	0.0000 1.0000 0.0000 0.0000	</row1>
					<row2>	0.0000 0.0000 -1.0000 0.0000	</row2>
					<row3>	0.0000 0.2776 -3.9767 1.0000	</row3>
				</transform>
			</node>
			<node>
				<identifier>	HP_FX_Fire_4	</identifier>
				<transform>
					<row0>	1.0000 0.0000 0.0000 0.0000	</row0>
					<row1>	0.0000 1.0000 0.0000 0.0000	</row1>
					<row2>	0.0000 0.0000 1.0000 0.0000	</row2>
					<row3>	0.0000 0.2500 -5.2639 1.0000	</row3>
				</transform>
			</node>
			<node>
				<identifier>	HP_FX_Flood_water_left_4	</identifier>
				<transform>
					<row0>	-1.0000 0.0000 0.0000 0.0000	</row0>
					<row1>	0.0000 1.0000 0.0000 0.0000	</row1>
					<row2>	0.0000 0.0000 -1.0000 0.0000	</row2>
					<row3>	-0.6738 0.0754 -3.7232 1.0000	</row3>
				</transform>
			</node>
			<node>
				<identifier>	HP_FX_Flood_water_right_4	</identifier>
				<transform>
					<row0>	1.0000 0.0000 0.0000 0.0000	</row0>
					<row1>	0.0000 1.0000 0.0000 0.0000	</row1>
					<row2>	0.0000 0.0000 1.0000 0.0000	</row2>
					<row3>	0.6727 0.0923 -3.7560 1.0000	</row3>
				</transform>
			</node>
			<node>
				<identifier>	HP_FX_RepairLight_left_1	</identifier>
				<transform>
					<row0>	-0.0347 0.0000 0.9994 0.0000	</row0>
					<row1>	0.2897 0.9571 0.0101 0.0000	</row1>
					<row2>	-0.9565 0.2899 -0.0332 0.0000	</row2>
					<row3>	-0.6744 0.2034 -3.8218 1.0000	</row3>
				</transform>
			</node>
			<node>
				<identifier>	HP_FX_WakeTraceBack	</identifier>
				<transform>
					<row0>	1.0000 0.0000 0.0000 0.0000	</row0>
					<row1>	0.0000 1.0000 0.0000 0.0000	</row1>
					<row2>	0.0000 0.0000 1.0000 0.0000	</row2>
					<row3>	0.0000 0.0000 -6.7106 1.0000	</row3>
				</transform>
			</node>
			<node>
				<identifier>	HP_FX_WakeTrace_screw_1	</identifier>
				<transform>
					<row0>	1.0000 0.0000 0.0000 0.0000	</row0>
					<row1>	0.0000 1.0000 0.0000 0.0000	</row1>
					<row2>	0.0000 0.0000 1.0000 0.0000	</row2>
					<row3>	-0.5480 -0.3770 -4.7174 1.0000	</row3>
				</transform>
			</node>
			<node>
				<identifier>	HP_FX_WakeTrace_screw_2	</identifier>
				<transform>
					<row0>	1.0000 0.0000 0.0000 0.0000	</row0>
					<row1>	0.0000 1.0000 0.0000 0.0000	</row1>
					<row2>	0.0000 0.0000 1.0000 0.0000	</row2>
					<row3>	-0.2657 -0.3824 -5.7114 1.0000	</row3>
				</transform>
			</node>
			<node>
				<identifier>	HP_FX_WakeTrace_screw_3	</identifier>
				<transform>
					<row0>	1.0000 0.0000 0.0000 0.0000	</row0>
					<row1>	0.0000 1.0000 0.0000 0.0000	</row1>
					<row2>	0.0000 0.0000 1.0000 0.0000	</row2>
					<row3>	0.2657 -0.3824 -5.7114 1.0000	</row3>
				</transform>
			</node>
			<node>
				<identifier>	HP_FX_WakeTrace_screw_4	</identifier>
				<transform>
					<row0>	1.0000 0.0000 0.0000 0.0000	</row0>
					<row1>	0.0000 1.0000 0.0000 0.0000	</row1>
					<row2>	0.0000 0.0000 1.0000 0.0000	</row2>
					<row3>	0.5480 -0.3770 -4.7174 1.0000	</row3>
				</transform>
			</node>
			<node>
				<identifier>	HP_Ship_death_3	</identifier>
				<transform>
					<row0>	1.0000 0.0000 0.0000 0.0000	</row0>
					<row1>	0.0000 1.0000 0.0000 0.0000	</row1>
					<row2>	0.0000 0.0000 1.0000 0.0000	</row2>
					<row3>	0.0000 0.0000 -3.5853 1.0000	</row3>
				</transform>
			</node>
			<node>
				<identifier>	MP_AM005_Bollard_1	</identifier>
				<transform>
					<row0>	1.4997 -0.0018 0.0294 0.0000	</row0>
					<row1>	0.0018 1.5000 0.0030 0.0000	</row1>
					<row2>	-0.0294 -0.0029 1.4997 0.0000	</row2>
					<row3>	-0.6362 0.2181 -3.8943 1.0000	</row3>
				</transform>
			</node>
			<node>
				<identifier>	MP_AM005_Bollard_1_INDEX_1	</identifier>
				<transform>
					<row0>	1.4956 0.0056 -0.1150 0.0000	</row0>
					<row1>	-0.0018 1.4992 0.0497 0.0000	</row1>
					<row2>	0.1151 -0.0494 1.4948 0.0000	</row2>
					<row3>	0.5038 0.2492 -5.8801 1.0000	</row3>
				</transform>
			</node>
			<node>
				<identifier>	MP_AM005_Bollard_1_INDEX_2	</identifier>
				<transform>
					<row0>	1.4956 -0.0056 0.1150 0.0000	</row0>
					<row1>	0.0018 1.4992 0.0497 0.0000	</row1>
					<row2>	-0.1151 -0.0494 1.4948 0.0000	</row2>
					<row3>	-0.5038 0.2492 -5.8801 1.0000	</row3>
				</transform>
			</node>
			<node>
				<identifier>	MP_AM005_Bollard_1_INDEX_3	</identifier>
				<transform>
					<row0>	2.0000 0.0000 0.0000 0.0000	</row0>
					<row1>	0.0000 1.9993 0.0535 0.0000	</row1>
					<row2>	0.0000 -0.0535 1.9993 0.0000	</row2>
					<row3>	0.0263 0.2613 -6.4087 1.0000	</row3>
				</transform>
			</node>
			<node>
				<identifier>	MP_AM005_Bollard_1_INDEX_4	</identifier>
				<transform>
					<row0>	1.4997 0.0018 -0.0294 0.0000	</row0>
					<row1>	-0.0018 1.5000 0.0030 0.0000	</row1>
					<row2>	0.0294 -0.0029 1.4997 0.0000	</row2>
					<row3>	0.6362 0.2181 -3.8943 1.0000	</row3>
				</transform>
			</node>
			<node>
				<identifier>	MP_AM011_Smoke_Defence	</identifier>
				<transform>
					<row0>	1.0000 0.0000 0.0000 0.0000	</row0>
					<row1>	0.0000 1.0000 0.0000 0.0000	</row1>
					<row2>	0.0000 0.0000 1.0000 0.0000	</row2>
					<row3>	-0.2784 0.2729 -6.6506 1.0000	</row3>
				</transform>
			</node>
			<node>
				<identifier>	MP_AM011_Smoke_Defence_INDEX_1	</identifier>
				<transform>
					<row0>	1.0000 0.0000 0.0000 0.0000	</row0>
					<row1>	0.0000 1.0000 0.0000 0.0000	</row1>
					<row2>	0.0000 0.0000 1.0000 0.0000	</row2>
					<row3>	0.2784 0.2729 -6.6506 1.0000	</row3>
				</transform>
			</node>
			<node>
				<identifier>	MP_AM021_Ventilators_3	</identifier>
				<transform>
					<row0>	1.0000 0.0003 0.0008 0.0000	</row0>
					<row1>	-0.0003 1.0000 0.0087 0.0000	</row1>
					<row2>	-0.0008 -0.0087 1.0000 0.0000	</row2>
					<row3>	-0.1393 0.2226 -4.7878 1.0000	</row3>
				</transform>
			</node>
			<node>
				<identifier>	MP_AM021_Ventilators_3_INDEX_1	</identifier>
				<transform>
					<row0>	1.0000 0.0003 0.0008 0.0000	</row0>
					<row1>	-0.0003 0.9998 0.0194 0.0000	</row1>
					<row2>	-0.0008 -0.0194 0.9998 0.0000	</row2>
					<row3>	0.0000 0.2302 -5.3576 1.0000	</row3>
				</transform>
			</node>
			<node>
				<identifier>	MP_AM021_Ventilators_3_INDEX_2	</identifier>
				<transform>
					<row0>	1.0000 0.0000 0.0000 0.0000	</row0>
					<row1>	0.0000 0.9995 0.0301 0.0000	</row1>
					<row2>	0.0000 -0.0301 0.9995 0.0000	</row2>
					<row3>	0.0000 0.2433 -5.7623 1.0000	</row3>
				</transform>
			</node>
			<node>
				<identifier>	MP_AM022_Ventilators_4	</identifier>
				<transform>
					<row0>	1.0000 0.0000 0.0000 0.0000	</row0>
					<row1>	0.0000 0.9999 0.0142 0.0000	</row1>
					<row2>	0.0000 -0.0142 0.9999 0.0000	</row2>
					<row3>	0.1653 0.2621 -6.4655 1.0000	</row3>
				</transform>
			</node>
			<node>
				<identifier>	MP_AM022_Ventilators_4_INDEX_1	</identifier>
				<transform>
					<row0>	1.0000 0.0000 0.0000 0.0000	</row0>
					<row1>	0.0000 0.9993 0.0362 0.0000	</row1>
					<row2>	0.0000 -0.0362 0.9993 0.0000	</row2>
					<row3>	-0.1694 0.2496 -5.9565 1.0000	</row3>
				</transform>
			</node>
			<node>
				<identifier>	MP_AM023_Hatch_1	</identifier>
				<transform>
					<row0>	0.0000 0.0000 -1.0000 0.0000	</row0>
					<row1>	0.0000 1.0000 0.0000 0.0000	</row1>
					<row2>	1.0000 0.0000 0.0000 0.0000	</row2>
					<row3>	-0.0633 0.2157 -3.6095 1.0000	</row3>
				</transform>
			</node>
			<node>
				<identifier>	MP_AM023_Hatch_1_INDEX_1	</identifier>
				<transform>
					<row0>	0.0000 0.0000 -1.0000 0.0000	</row0>
					<row1>	0.0000 1.0000 0.0000 0.0000	</row1>
					<row2>	1.0000 0.0000 0.0000 0.0000	</row2>
					<row3>	-0.2767 0.2157 -3.6903 1.0000	</row3>
				</transform>
			</node>
			<node>
				<identifier>	MP_AM024_Hatch_2	</identifier>
				<transform>
					<row0>	1.0000 0.0000 0.0000 0.0000	</row0>
					<row1>	0.0000 0.9999 0.0128 0.0000	</row1>
					<row2>	0.0000 -0.0128 0.9999 0.0000	</row2>
					<row3>	-0.4886 0.2276 -5.1107 1.0000	</row3>
				</transform>
			</node>
			<node>
				<identifier>	MP_AM024_Hatch_2_INDEX_1	</identifier>
				<transform>
					<row0>	1.0000 0.0000 0.0000 0.0000	</row0>
					<row1>	0.0000 1.0000 0.0051 0.0000	</row1>
					<row2>	0.0000 -0.0051 1.0000 0.0000	</row2>
					<row3>	0.4253 0.2245 -4.9082 1.0000	</row3>
				</transform>
			</node>
			<node>
				<identifier>	MP_AM024_Hatch_2_INDEX_2	</identifier>
				<transform>
					<row0>	1.0000 0.0000 0.0000 0.0000	</row0>
					<row1>	0.0000 0.9995 0.0301 0.0000	</row1>
					<row2>	0.0000 -0.0301 0.9995 0.0000	</row2>
					<row3>	0.1497 0.2472 -5.8830 1.0000	</row3>
				</transform>
			</node>
			<node>
				<identifier>	MP_AM024_Hatch_2_INDEX_3	</identifier>
				<transform>
					<row0>	1.0000 0.0000 0.0000 0.0000	</row0>
					<row1>	0.0000 1.0000 0.0051 0.0000	</row1>
					<row2>	0.0000 -0.0051 1.0000 0.0000	</row2>
					<row3>	-0.2461 0.2207 -4.6640 1.0000	</row3>
				</transform>
			</node>
			<node>
				<identifier>	MP_AM024_Hatch_2_INDEX_4	</identifier>
				<transform>
					<row0>	1.0000 0.0000 0.0000 0.0000	</row0>
					<row1>	0.0000 1.0000 0.0051 0.0000	</row1>
					<row2>	0.0000 -0.0051 1.0000 0.0000	</row2>
					<row3>	0.2418 0.2207 -4.5834 1.0000	</row3>
				</transform>
			</node>
			<node>
				<identifier>	MP_AM030_Ammunition_Box4	</identifier>
				<transform>
					<row0>	-0.1436 0.0196 -0.9894 0.0000	</row0>
					<row1>	-0.0037 0.9998 0.0204 0.0000	</row1>
					<row2>	0.9896 0.0066 -0.1435 0.0000	</row2>
					<row3>	0.4067 0.2432 -5.7669 1.0000	</row3>
				</transform>
			</node>
			<node>
				<identifier>	MP_AM030_Ammunition_Box4_INDEX_1	</identifier>
				<transform>
					<row0>	-0.1436 -0.0314 0.9891 0.0000	</row0>
					<row1>	0.0020 0.9995 0.0320 0.0000	</row1>
					<row2>	-0.9896 0.0066 -0.1435 0.0000	</row2>
					<row3>	-0.4067 0.2432 -5.7669 1.0000	</row3>
				</transform>
			</node>
			<node>
				<identifier>	MP_AM030_Ammunition_Box4_INDEX_2	</identifier>
				<transform>
					<row0>	0.9931 0.0000 -0.1175 0.0000	</row0>
					<row1>	0.0001 1.0000 0.0012 0.0000	</row1>
					<row2>	0.1175 -0.0012 0.9931 0.0000	</row2>
					<row3>	0.2064 0.2517 -6.0340 1.0000	</row3>
				</transform>
			</node>
			<node>
				<identifier>	MP_AM030_Ammunition_Box4_INDEX_3	</identifier>
				<transform>
					<row0>	-0.1436 0.0196 -0.9894 0.0000	</row0>
					<row1>	-0.0037 0.9998 0.0204 0.0000	</row1>
					<row2>	0.9896 0.0066 -0.1435 0.0000	</row2>
					<row3>	0.4497 0.2338 -5.4709 1.0000	</row3>
				</transform>
			</node>
			<node>
				<identifier>	MP_AM030_Ammunition_Box4_INDEX_4	</identifier>
				<transform>
					<row0>	0.9931 0.0000 0.1175 0.0000	</row0>
					<row1>	-0.0076 0.9979 0.0638 0.0000	</row1>
					<row2>	-0.1173 -0.0643 0.9910 0.0000	</row2>
					<row3>	-0.2064 0.2517 -6.0340 1.0000	</row3>
				</transform>
			</node>
			<node>
				<identifier>	MP_AM030_Ammunition_Box4_INDEX_5	</identifier>
				<transform>
					<row0>	0.9931 0.0000 0.1175 0.0000	</row0>
					<row1>	-0.0039 0.9994 0.0331 0.0000	</row1>
					<row2>	-0.1174 -0.0333 0.9925 0.0000	</row2>
					<row3>	-0.3114 0.2264 -5.1992 1.0000	</row3>
				</transform>
			</node>
			<node>
				<identifier>	MP_AM030_Ammunition_Box4_INDEX_6	</identifier>
				<transform>
					<row0>	-0.1436 -0.0314 0.9891 0.0000	</row0>
					<row1>	0.0020 0.9995 0.0320 0.0000	</row1>
					<row2>	-0.9896 0.0066 -0.1435 0.0000	</row2>
					<row3>	-0.4497 0.2338 -5.4709 1.0000	</row3>
				</transform>
			</node>
			<node>
				<identifier>	MP_AM030_Ammunition_Box4_INDEX_7	</identifier>
				<transform>
					<row0>	0.9931 0.0000 -0.1175 0.0000	</row0>
					<row1>	0.0004 1.0000 0.0035 0.0000	</row1>
					<row2>	0.1175 -0.0035 0.9931 0.0000	</row2>
					<row3>	0.3114 0.2264 -5.1992 1.0000	</row3>
				</transform>
			</node>
			<node>
				<identifier>	MP_AM044_Boat_Winch	</identifier>
				<transform>
					<row0>	1.0000 0.0000 0.0000 0.0000	</row0>
					<row1>	0.0000 0.9999 0.0142 0.0000	</row1>
					<row2>	0.0000 -0.0142 0.9999 0.0000	</row2>
					<row3>	0.0603 0.2237 -4.8601 1.0000	</row3>
				</transform>
			</node>
			<node>
				<identifier>	MP_AM046_Running_Lights_B	</identifier>
				<transform>
					<row0>	-1.0000 0.0000 0.0000 0.0000	</row0>
					<row1>	0.0000 1.0000 0.0000 0.0000	</row1>
					<row2>	0.0000 0.0000 -1.0000 0.0000	</row2>
					<row3>	0.0000 0.1494 -6.7458 1.0000	</row3>
				</transform>
			</node>
			<node>
				<identifier>	MP_AM046_Running_Lights_B_INDEX_1	</identifier>
				<transform>
					<row0>	-1.0000 0.0000 0.0000 0.0000	</row0>
					<row1>	0.0000 1.0000 0.0000 0.0000	</row1>
					<row2>	0.0000 0.0000 -1.0000 0.0000	</row2>
					<row3>	0.0000 0.1820 -6.7485 1.0000	</row3>
				</transform>
			</node>
			<node>
				<identifier>	MP_AM049_Signal_Lamp_1	</identifier>
				<transform>
					<row0>	1.0000 0.0000 0.0000 0.0000	</row0>
					<row1>	0.0000 0.8626 -0.5059 0.0000	</row1>
					<row2>	0.0000 0.5059 0.8626 0.0000	</row2>
					<row3>	0.0000 0.6252 -6.9823 1.0000	</row3>
				</transform>
			</node>
			<node>
				<identifier>	MP_AM057_Boat_3	</identifier>
				<transform>
					<row0>	1.0000 0.0000 0.0000 0.0000	</row0>
					<row1>	0.0000 0.9999 0.0148 0.0000	</row1>
					<row2>	0.0000 -0.0148 0.9999 0.0000	</row2>
					<row3>	-0.3654 0.2269 -5.0255 1.0000	</row3>
				</transform>
			</node>
			<node>
				<identifier>	MP_AM057_Boat_3_INDEX_1	</identifier>
				<transform>
					<row0>	1.0000 0.0000 0.0000 0.0000	</row0>
					<row1>	0.0000 0.9999 0.0148 0.0000	</row1>
					<row2>	0.0000 -0.0148 0.9999 0.0000	</row2>
					<row3>	0.3161 0.2269 -5.0255 1.0000	</row3>
				</transform>
			</node>
			<node>
				<identifier>	MP_AM101_Cooling_tube	</identifier>
				<transform>
					<row0>	-0.1373 0.1364 0.9811 0.0000	</row0>
					<row1>	0.0126 0.9906 -0.1359 0.0000	</row1>
					<row2>	-0.9904 -0.0063 -0.1377 0.0000	</row2>
					<row3>	-0.3916 0.2710 -6.0103 1.0000	</row3>
				</transform>
			</node>
			<node>
				<identifier>	MP_AM101_Cooling_tube_INDEX_1	</identifier>
				<transform>
					<row0>	0.0793 0.8235 0.5618 0.0000	</row0>
					<row1>	0.1151 -0.5674 0.8154 0.0000	</row1>
					<row2>	0.9902 0.0000 -0.1398 0.0000	</row2>
					<row3>	0.3918 0.2710 -6.0112 1.0000	</row3>
				</transform>
			</node>
			<node>
				<identifier>	MP_AM101_Cooling_tube_INDEX_2	</identifier>
				<transform>
					<row0>	-0.1364 0.1043 0.9851 0.0000	</row0>
					<row1>	0.0049 0.9945 -0.1046 0.0000	</row1>
					<row2>	-0.9906 -0.0094 -0.1362 0.0000	</row2>
					<row3>	-0.4809 0.2510 -5.3717 1.0000	</row3>
				</transform>
			</node>
			<node>
				<identifier>	MP_AM101_Cooling_tube_INDEX_3	</identifier>
				<transform>
					<row0>	0.0793 0.8235 0.5618 0.0000	</row0>
					<row1>	0.1151 -0.5674 0.8154 0.0000	</row1>
					<row2>	0.9902 0.0000 -0.1398 0.0000	</row2>
					<row3>	0.4425 0.2621 -5.6471 1.0000	</row3>
				</transform>
			</node>
			<node>
				<identifier>	MP_AM101_Cooling_tube_INDEX_4	</identifier>
				<transform>
					<row0>	-0.1298 0.0912 0.9873 0.0000	</row0>
					<row1>	0.0076 0.9958 -0.0910 0.0000	</row1>
					<row2>	-0.9915 -0.0043 -0.1300 0.0000	</row2>
					<row3>	-0.4428 0.2610 -5.6475 1.0000	</row3>
				</transform>
			</node>
			<node>
				<identifier>	MP_AM101_Cooling_tube_INDEX_5	</identifier>
				<transform>
					<row0>	0.0752 0.8235 0.5624 0.0000	</row0>
					<row1>	0.1050 -0.5674 0.8167 0.0000	</row1>
					<row2>	0.9916 -0.0024 -0.1291 0.0000	</row2>
					<row3>	0.4807 0.2530 -5.3721 1.0000	</row3>
				</transform>
			</node>
			<node>
				<identifier>	MP_AM108_Reels_4	</identifier>
				<transform>
					<row0>	1.0000 0.0000 0.0000 0.0000	</row0>
					<row1>	0.0000 1.0000 0.0051 0.0000	</row1>
					<row2>	0.0000 -0.0051 1.0000 0.0000	</row2>
					<row3>	-0.3039 0.2100 -4.4603 1.0000	</row3>
				</transform>
			</node>
			<node>
				<identifier>	MP_AM108_Reels_4_INDEX_1	</identifier>
				<transform>
					<row0>	1.0000 0.0000 0.0000 0.0000	</row0>
					<row1>	0.0000 1.0000 0.0051 0.0000	</row1>
					<row2>	0.0000 -0.0051 1.0000 0.0000	</row2>
					<row3>	0.3039 0.2100 -4.4603 1.0000	</row3>
				</transform>
			</node>
			<node>
				<identifier>	MP_AM129_Turtles_box	</identifier>
				<transform>
					<row0>	0.9902 0.0043 -0.1398 0.0000	</row0>
					<row1>	-0.0043 1.0000 0.0000 0.0000	</row1>
					<row2>	0.1398 0.0006 0.9902 0.0000	</row2>
					<row3>	0.2648 0.2605 -6.0617 1.0000	</row3>
				</transform>
			</node>
			<node>
				<identifier>	MP_AM129_Turtles_box_INDEX_1	</identifier>
				<transform>
					<row0>	-0.9895 0.0043 0.1447 0.0000	</row0>
					<row1>	0.0043 1.0000 0.0000 0.0000	</row1>
					<row2>	-0.1447 0.0006 -0.9895 0.0000	</row2>
					<row3>	0.3815 0.2348 -5.1848 1.0000	</row3>
				</transform>
			</node>
			<node>
				<identifier>	MP_AM129_Turtles_box_INDEX_2	</identifier>
				<transform>
					<row0>	0.9902 -0.0043 0.1398 0.0000	</row0>
					<row1>	0.0043 1.0000 0.0000 0.0000	</row1>
					<row2>	-0.1398 0.0006 0.9902 0.0000	</row2>
					<row3>	-0.2648 0.2605 -6.0617 1.0000	</row3>
				</transform>
			</node>
			<node>
				<identifier>	MP_AM129_Turtles_box_INDEX_3	</identifier>
				<transform>
					<row0>	-0.0869 0.0000 -0.9962 0.0000	</row0>
					<row1>	0.0000 1.0000 0.0000 0.0000	</row1>
					<row2>	0.9962 0.0000 -0.0869 0.0000	</row2>
					<row3>	-0.1780 0.3131 -6.4217 1.0000	</row3>
				</transform>
			</node>
			<node>
				<identifier>	MP_AM129_Turtles_box_INDEX_4	</identifier>
				<transform>
					<row0>	-0.9895 -0.0043 -0.1447 0.0000	</row0>
					<row1>	-0.0043 1.0000 0.0000 0.0000	</row1>
					<row2>	0.1447 0.0006 -0.9895 0.0000	</row2>
					<row3>	-0.3815 0.2348 -5.1848 1.0000	</row3>
				</transform>
			</node>
			<node>
				<identifier>	MP_AM129_Turtles_box_INDEX_5	</identifier>
				<transform>
					<row0>	-0.0869 0.0000 0.9962 0.0000	</row0>
					<row1>	0.0000 1.0000 0.0000 0.0000	</row1>
					<row2>	-0.9962 0.0000 -0.0869 0.0000	</row2>
					<row3>	0.1780 0.3131 -6.4217 1.0000	</row3>
				</transform>
			</node>
			<node>
				<identifier>	MP_AM141_Hatch_6	</identifier>
				<transform>
					<row0>	0.0000 -0.0190 0.9998 0.0000	</row0>
					<row1>	0.0000 0.9998 0.0190 0.0000	</row1>
					<row2>	-1.0000 0.0000 0.0000 0.0000	</row2>
					<row3>	-0.1238 0.2625 -6.4497 1.0000	</row3>
				</transform>
			</node>
			<node>
				<identifier>	MP_AM141_Hatch_6_INDEX_1	</identifier>
				<transform>
					<row0>	0.0000 0.0190 -0.9998 0.0000	</row0>
					<row1>	0.0000 0.9998 0.0190 0.0000	</row1>
					<row2>	1.0000 0.0000 0.0000 0.0000	</row2>
					<row3>	0.3323 0.2565 -6.1890 1.0000	</row3>
				</transform>
			</node>
			<node>
				<identifier>	MP_AM148_Hatch_8	</identifier>
				<transform>
					<row0>	1.0000 0.0000 0.0000 0.0000	</row0>
					<row1>	0.0000 1.0000 0.0063 0.0000	</row1>
					<row2>	0.0000 -0.0063 1.0000 0.0000	</row2>
					<row3>	0.3035 0.2163 -3.6075 1.0000	</row3>
				</transform>
			</node>
			<node>
				<identifier>	MP_AM148_Hatch_8_INDEX_1	</identifier>
				<transform>
					<row0>	1.0000 0.0000 0.0000 0.0000	</row0>
					<row1>	0.0000 1.0000 0.0063 0.0000	</row1>
					<row2>	0.0000 -0.0063 1.0000 0.0000	</row2>
					<row3>	0.0897 0.2186 -4.2584 1.0000	</row3>
				</transform>
			</node>
			<node>
				<identifier>	MP_AM169_Ventilation_5	</identifier>
				<transform>
					<row0>	1.0000 0.0000 0.0000 0.0000	</row0>
					<row1>	0.0000 1.0000 0.0000 0.0000	</row1>
					<row2>	0.0000 0.0000 1.0000 0.0000	</row2>
					<row3>	0.1501 0.2161 -3.5711 1.0000	</row3>
				</transform>
			</node>
			<node>
				<identifier>	MP_AM169_Ventilation_5_INDEX_1	</identifier>
				<transform>
					<row0>	1.0000 0.0000 0.0000 0.0000	</row0>
					<row1>	0.0000 1.0000 0.0063 0.0000	</row1>
					<row2>	0.0000 -0.0063 1.0000 0.0000	</row2>
					<row3>	-0.1547 0.2193 -4.3831 1.0000	</row3>
				</transform>
			</node>
			<node>
				<identifier>	MP_AM169_Ventilation_5_INDEX_2	</identifier>
				<transform>
					<row0>	1.0000 0.0000 0.0000 0.0000	</row0>
					<row1>	0.0000 1.0000 0.0063 0.0000	</row1>
					<row2>	0.0000 -0.0063 1.0000 0.0000	</row2>
					<row3>	0.4226 0.2173 -4.1368 1.0000	</row3>
				</transform>
			</node>
			<node>
				<identifier>	MP_AM220_Fairlead	</identifier>
				<transform>
					<row0>	0.4279 0.0000 0.9038 0.0000	</row0>
					<row1>	0.0000 1.0000 0.0000 0.0000	</row1>
					<row2>	-0.9038 0.0000 0.4279 0.0000	</row2>
					<row3>	-0.1631 0.2686 -6.7113 1.0000	</row3>
				</transform>
			</node>
			<node>
				<identifier>	MP_AM220_Fairlead_INDEX_1	</identifier>
				<transform>
					<row0>	0.4279 0.0000 -0.9038 0.0000	</row0>
					<row1>	0.0000 1.0000 0.0000 0.0000	</row1>
					<row2>	0.9038 0.0000 0.4279 0.0000	</row2>
					<row3>	0.1631 0.2686 -6.7113 1.0000	</row3>
				</transform>
			</node>
			<node>
				<identifier>	MP_AM271_Crane_Beam	</identifier>
				<transform>
					<row0>	-1.3967 0.0000 0.0960 0.0000	</row0>
					<row1>	0.0000 1.4000 0.0000 0.0000	</row1>
					<row2>	-0.0960 0.0000 -1.3967 0.0000	</row2>
					<row3>	0.6562 0.1837 -4.4682 1.0000	</row3>
				</transform>
			</node>
			<node>
				<identifier>	MP_AM271_Crane_Beam_INDEX_1	</identifier>
				<transform>
					<row0>	-1.3967 0.0000 -0.0960 0.0000	</row0>
					<row1>	0.0000 1.4000 0.0000 0.0000	</row1>
					<row2>	0.0960 0.0000 -1.3967 0.0000	</row2>
					<row3>	-0.6562 0.1837 -4.4682 1.0000	</row3>
				</transform>
			</node>
			<node>
				<identifier>	MP_AM442_Multipole_Switch	</identifier>
				<transform>
					<row0>	0.7099 0.0000 -0.7043 0.0000	</row0>
					<row1>	0.0000 1.0000 0.0000 0.0000	</row1>
					<row2>	0.7043 0.0000 0.7099 0.0000	</row2>
					<row3>	0.1973 0.4226 -6.3166 1.0000	</row3>
				</transform>
			</node>
			<node>
				<identifier>	MP_AM442_Multipole_Switch_INDEX_1	</identifier>
				<transform>
					<row0>	0.7099 0.0000 0.7043 0.0000	</row0>
					<row1>	0.0000 1.0000 0.0000 0.0000	</row1>
					<row2>	-0.7043 0.0000 0.7099 0.0000	</row2>
					<row3>	-0.1970 0.4231 -6.3163 1.0000	</row3>
				</transform>
			</node>
			<node>
				<identifier>	MP_AM485_Fairlead	</identifier>
				<transform>
					<row0>	1.8970 -0.0026 0.1064 0.0000	</row0>
					<row1>	0.0018 1.8999 0.0138 0.0000	</row1>
					<row2>	-0.1064 -0.0136 1.8970 0.0000	</row2>
					<row3>	-0.6415 0.2030 -4.2155 1.0000	</row3>
				</transform>
			</node>
			<node>
				<identifier>	MP_AM485_Fairlead_INDEX_1	</identifier>
				<transform>
					<row0>	1.8824 0.0049 -0.2578 0.0000	</row0>
					<row1>	0.0000 1.8997 0.0362 0.0000	</row1>
					<row2>	0.2579 -0.0358 1.8821 0.0000	</row2>
					<row3>	0.4932 0.2362 -6.1622 1.0000	</row3>
				</transform>
			</node>
			<node>
				<identifier>	MP_AM485_Fairlead_INDEX_2	</identifier>
				<transform>
					<row0>	1.8951 0.0026 -0.1362 0.0000	</row0>
					<row1>	0.0020 1.8989 0.0640 0.0000	</row1>
					<row2>	0.1362 -0.0640 1.8940 0.0000	</row2>
					<row3>	0.5468 0.2222 -5.5927 1.0000	</row3>
				</transform>
			</node>
			<node>
				<identifier>	MP_AM485_Fairlead_INDEX_3	</identifier>
				<transform>
					<row0>	1.8824 -0.0049 0.2578 0.0000	</row0>
					<row1>	0.0000 1.8997 0.0362 0.0000	</row1>
					<row2>	-0.2579 -0.0358 1.8821 0.0000	</row2>
					<row3>	-0.4932 0.2362 -6.1622 1.0000	</row3>
				</transform>
			</node>
			<node>
				<identifier>	MP_AM485_Fairlead_INDEX_4	</identifier>
				<transform>
					<row0>	1.8970 0.0026 -0.1064 0.0000	</row0>
					<row1>	-0.0018 1.8999 0.0138 0.0000	</row1>
					<row2>	0.1064 -0.0136 1.8970 0.0000	</row2>
					<row3>	0.6415 0.2030 -4.2155 1.0000	</row3>
				</transform>
			</node>
			<node>
				<identifier>	MP_AM485_Fairlead_INDEX_5	</identifier>
				<transform>
					<row0>	1.8951 -0.0026 0.1362 0.0000	</row0>
					<row1>	-0.0020 1.8989 0.0640 0.0000	</row1>
					<row2>	-0.1362 -0.0640 1.8940 0.0000	</row2>
					<row3>	-0.5468 0.2222 -5.5927 1.0000	</row3>
				</transform>
			</node>
			<node>
				<identifier>	MP_CM002_Propeller4_L	</identifier>
				<transform>
					<row0>	0.9983 -0.0021 -0.0577 0.0000	</row0>
					<row1>	0.0000 0.9994 -0.0359 0.0000	</row1>
					<row2>	0.0578 0.0358 0.9977 0.0000	</row2>
					<row3>	-0.5480 -0.3770 -4.7174 1.0000	</row3>
				</transform>
			</node>
			<node>
				<identifier>	MP_CM002_Propeller4_L_INDEX_1	</identifier>
				<transform>
					<row0>	0.9999 -0.0006 -0.0160 0.0000	</row0>
					<row1>	0.0000 0.9993 -0.0368 0.0000	</row1>
					<row2>	0.0160 0.0368 0.9992 0.0000	</row2>
					<row3>	-0.2657 -0.3824 -5.7114 1.0000	</row3>
				</transform>
			</node>
			<node>
				<identifier>	MP_CM011_Fire_Fighting_Gear	</identifier>
				<transform>
					<row0>	0.9915 0.0018 -0.1300 0.0000	</row0>
					<row1>	0.0000 0.9999 0.0142 0.0000	</row1>
					<row2>	0.1300 -0.0141 0.9914 0.0000	</row2>
					<row3>	0.2280 0.2587 -6.0752 1.0000	</row3>
				</transform>
			</node>
			<node>
				<identifier>	MP_CM011_Fire_Fighting_Gear_INDEX_1	</identifier>
				<transform>
					<row0>	0.9915 -0.0018 0.1300 0.0000	</row0>
					<row1>	0.0000 0.9999 0.0142 0.0000	</row1>
					<row2>	-0.1300 -0.0141 0.9914 0.0000	</row2>
					<row3>	-0.2280 0.2587 -6.0752 1.0000	</row3>
				</transform>
			</node>
			<node>
				<identifier>	MP_CM011_Fire_Fighting_Gear_INDEX_2	</identifier>
				<transform>
					<row0>	-0.9802 -0.0018 0.1980 0.0000	</row0>
					<row1>	-0.0046 0.9999 -0.0134 0.0000	</row1>
					<row2>	-0.1980 -0.0141 -0.9801 0.0000	</row2>
					<row3>	-0.3160 0.2587 -6.2184 1.0000	</row3>
				</transform>
			</node>
			<node>
				<identifier>	MP_CM011_Fire_Fighting_Gear_INDEX_3	</identifier>
				<transform>
					<row0>	-0.9908 0.0018 0.1352 0.0000	</row0>
					<row1>	0.0000 0.9999 -0.0142 0.0000	</row1>
					<row2>	-0.1352 -0.0141 -0.9907 0.0000	</row2>
					<row3>	0.4157 0.2339 -5.1711 1.0000	</row3>
				</transform>
			</node>
			<node>
				<identifier>	MP_CM011_Fire_Fighting_Gear_INDEX_4	</identifier>
				<transform>
					<row0>	-0.9908 -0.0018 -0.1352 0.0000	</row0>
					<row1>	0.0000 0.9999 -0.0142 0.0000	</row1>
					<row2>	0.1352 -0.0141 -0.9907 0.0000	</row2>
					<row3>	-0.4157 0.2339 -5.1711 1.0000	</row3>
				</transform>
			</node>
			<node>
				<identifier>	MP_CM012_Fire_Hose_Rack_1	</identifier>
				<transform>
					<row0>	-0.1286 -0.0057 0.9917 0.0000	</row0>
					<row1>	0.0087 0.9999 0.0068 0.0000	</row1>
					<row2>	-0.9917 0.0095 -0.1286 0.0000	</row2>
					<row3>	-0.2582 0.2891 -6.0704 1.0000	</row3>
				</transform>
			</node>
			<node>
				<identifier>	MP_CM012_Fire_Hose_Rack_1_INDEX_1	</identifier>
				<transform>
					<row0>	-0.1367 0.0009 -0.9906 0.0000	</row0>
					<row1>	0.0020 1.0000 0.0007 0.0000	</row1>
					<row2>	0.9906 -0.0019 -0.1367 0.0000	</row2>
					<row3>	0.4437 0.2643 -5.1852 1.0000	</row3>
				</transform>
			</node>
			<node>
				<identifier>	MP_CM012_Fire_Hose_Rack_1_INDEX_2	</identifier>
				<transform>
					<row0>	0.1316 0.0009 -0.9913 0.0000	</row0>
					<row1>	-0.0020 1.0000 0.0007 0.0000	</row1>
					<row2>	0.9913 0.0019 0.1316 0.0000	</row2>
					<row3>	-0.4459 0.2643 -5.1855 1.0000	</row3>
				</transform>
			</node>
			<node>
				<identifier>	MP_CM012_Fire_Hose_Rack_1_INDEX_3	</identifier>
				<transform>
					<row0>	0.1315 0.0009 0.9913 0.0000	</row0>
					<row1>	-0.0020 1.0000 -0.0007 0.0000	</row1>
					<row2>	-0.9913 -0.0019 0.1315 0.0000	</row2>
					<row3>	0.2586 0.2891 -6.0704 1.0000	</row3>
				</transform>
			</node>
			<node>
				<identifier>	MP_CM029_Emergency_Box	</identifier>
				<transform>
					<row0>	-0.1436 0.0314 -0.9891 0.0000	</row0>
					<row1>	-0.0020 0.9995 0.0320 0.0000	</row1>
					<row2>	0.9896 0.0066 -0.1435 0.0000	</row2>
					<row3>	0.4593 0.2668 -5.5442 1.0000	</row3>
				</transform>
			</node>
			<node>
				<identifier>	MP_CM029_Emergency_Box_INDEX_1	</identifier>
				<transform>
					<row0>	-0.1436 -0.0314 0.9891 0.0000	</row0>
					<row1>	0.0020 0.9995 0.0320 0.0000	</row1>
					<row2>	-0.9896 0.0066 -0.1435 0.0000	</row2>
					<row3>	-0.4593 0.2668 -5.5442 1.0000	</row3>
				</transform>
			</node>
			<node>
				<identifier>	MP_CM029_Emergency_Box_INDEX_2	</identifier>
				<transform>
					<row0>	-0.1436 0.0314 -0.9891 0.0000	</row0>
					<row1>	-0.0020 0.9995 0.0320 0.0000	</row1>
					<row2>	0.9896 0.0066 -0.1435 0.0000	</row2>
					<row3>	0.4172 0.2760 -5.8340 1.0000	</row3>
				</transform>
			</node>
			<node>
				<identifier>	MP_CM029_Emergency_Box_INDEX_3	</identifier>
				<transform>
					<row0>	-0.1436 -0.0314 0.9891 0.0000	</row0>
					<row1>	0.0020 0.9995 0.0320 0.0000	</row1>
					<row2>	-0.9896 0.0066 -0.1435 0.0000	</row2>
					<row3>	-0.4172 0.2760 -5.8340 1.0000	</row3>
				</transform>
			</node>
			<node>
				<identifier>	MP_CM033_Propeller4_R	</identifier>
				<transform>
					<row0>	0.9999 0.0006 0.0160 0.0000	</row0>
					<row1>	0.0000 0.9993 -0.0368 0.0000	</row1>
					<row2>	-0.0160 0.0368 0.9992 0.0000	</row2>
					<row3>	0.2657 -0.3824 -5.7114 1.0000	</row3>
				</transform>
			</node>
			<node>
				<identifier>	MP_CM033_Propeller4_R_INDEX_1	</identifier>
				<transform>
					<row0>	0.9983 0.0021 0.0577 0.0000	</row0>
					<row1>	0.0000 0.9994 -0.0359 0.0000	</row1>
					<row2>	-0.0578 0.0358 0.9977 0.0000	</row2>
					<row3>	0.5480 -0.3770 -4.7174 1.0000	</row3>
				</transform>
			</node>
			<node>
				<identifier>	SP_YMS011_YHWL_M_1_INDEX_11	</identifier>
				<transform>
					<row0>	0.9990 0.0000 0.0453 0.0000	</row0>
					<row1>	0.0000 1.0000 0.0000 0.0000	</row1>
					<row2>	-0.0453 0.0000 0.9990 0.0000	</row2>
					<row3>	-0.6881 0.0000 -3.5748 1.0000	</row3>
				</transform>
			</node>
			<node>
				<identifier>	SP_YMS011_YHWL_M_1_INDEX_12	</identifier>
				<transform>
					<row0>	0.9977 0.0000 0.0682 0.0000	</row0>
					<row1>	0.0000 1.0000 0.0000 0.0000	</row1>
					<row2>	-0.0682 0.0000 0.9977 0.0000	</row2>
					<row3>	-0.6476 0.0000 -4.4131 1.0000	</row3>
				</transform>
			</node>
			<node>
				<identifier>	SP_YMS011_YHWL_M_1_INDEX_13	</identifier>
				<transform>
					<row0>	0.9873 0.1412 0.0728 0.0000	</row0>
					<row1>	-0.1416 0.9899 0.0000 0.0000	</row1>
					<row2>	-0.0721 -0.0103 0.9973 0.0000	</row2>
					<row3>	-0.5728 0.0000 -5.2426 1.0000	</row3>
				</transform>
			</node>
			<node>
				<identifier>	SP_YMS011_YHWL_M_1_INDEX_14	</identifier>
				<transform>
					<row0>	0.9774 0.1398 0.1583 0.0000	</row0>
					<row1>	-0.1416 0.9899 0.0000 0.0000	</row1>
					<row2>	-0.1567 -0.0224 0.9874 0.0000	</row2>
					<row3>	-0.4810 0.0131 -6.0857 1.0000	</row3>
				</transform>
			</node>
			<node>
				<identifier>	SP_YMS012_YHWR_M_1_INDEX_11	</identifier>
				<transform>
					<row0>	0.9990 0.0000 -0.0453 0.0000	</row0>
					<row1>	0.0000 1.0000 0.0000 0.0000	</row1>
					<row2>	0.0453 0.0000 0.9990 0.0000	</row2>
					<row3>	0.6881 0.0000 -3.5748 1.0000	</row3>
				</transform>
			</node>
			<node>
				<identifier>	SP_YMS012_YHWR_M_1_INDEX_12	</identifier>
				<transform>
					<row0>	0.9977 0.0000 -0.0682 0.0000	</row0>
					<row1>	0.0000 1.0000 0.0000 0.0000	</row1>
					<row2>	0.0682 0.0000 0.9977 0.0000	</row2>
					<row3>	0.6476 0.0000 -4.4131 1.0000	</row3>
				</transform>
			</node>
			<node>
				<identifier>	SP_YMS012_YHWR_M_1_INDEX_13	</identifier>
				<transform>
					<row0>	0.9873 -0.1412 -0.0728 0.0000	</row0>
					<row1>	0.1416 0.9899 0.0000 0.0000	</row1>
					<row2>	0.0721 -0.0103 0.9973 0.0000	</row2>
					<row3>	0.5728 0.0000 -5.2426 1.0000	</row3>
				</transform>
			</node>
			<node>
				<identifier>	SP_YMS012_YHWR_M_1_INDEX_14	</identifier>
				<transform>
					<row0>	0.9718 -0.1390 -0.1903 0.0000	</row0>
					<row1>	0.1416 0.9899 0.0000 0.0000	</row1>
					<row2>	0.1884 -0.0269 0.9817 0.0000	</row2>
					<row3>	0.4756 0.0139 -6.0858 1.0000	</row3>
				</transform>
			</node>
			<node>
				<identifier>	SP_YMS030_YHAM_M_1	</identifier>
				<transform>
					<row0>	0.6390 0.0000 0.0000 0.0000	</row0>
					<row1>	0.0000 0.6390 0.0000 0.0000	</row1>
					<row2>	0.0000 0.0000 0.6390 0.0000	</row2>
					<row3>	0.0000 0.1311 -6.8005 1.0000	</row3>
				</transform>
			</node>
			<node>
				<identifier>	SP_YMS031_YHAL_M_1	</identifier>
				<transform>
					<row0>	0.8833 -0.0097 0.0319 0.0000	</row0>
					<row1>	0.0097 0.8839 0.0010 0.0000	</row1>
					<row2>	-0.0319 -0.0006 0.8833 0.0000	</row2>
					<row3>	-0.5217 0.1081 -6.1107 1.0000	</row3>
				</transform>
			</node>
			<node>
				<identifier>	SP_YMS032_YHAR_M_1	</identifier>
				<transform>
					<row0>	0.8833 0.0097 -0.0319 0.0000	</row0>
					<row1>	-0.0097 0.8839 0.0010 0.0000	</row1>
					<row2>	0.0319 -0.0006 0.8833 0.0000	</row2>
					<row3>	0.5217 0.1081 -6.1107 1.0000	</row3>
				</transform>
			</node>
			<node>
				<identifier>	SP_YMS053_YHDC_S_1_INDEX_5	</identifier>
				<transform>
					<row0>	1.0000 0.0000 0.0000 0.0000	</row0>
					<row1>	0.0000 1.0000 0.0000 0.0000	</row1>
					<row2>	0.0000 0.0000 1.0000 0.0000	</row2>
					<row3>	-0.4637 0.2358 -4.6329 1.0000	</row3>
				</transform>
			</node>
			<node>
				<identifier>	SP_YMS053_YHDC_S_1_INDEX_6	</identifier>
				<transform>
					<row0>	1.0000 0.0000 0.0000 0.0000	</row0>
					<row1>	0.0000 1.0000 0.0000 0.0000	</row1>
					<row2>	0.0000 0.0000 1.0000 0.0000	</row2>
					<row3>	0.4637 0.2358 -4.6329 1.0000	</row3>
				</transform>
			</node>
			<node>
				<identifier>	SP_YMS053_YHDC_S_1_INDEX_7	</identifier>
				<transform>
					<row0>	1.0000 0.0000 0.0000 0.0000	</row0>
					<row1>	0.0000 1.0000 0.0000 0.0000	</row1>
					<row2>	0.0000 0.0000 1.0000 0.0000	</row2>
					<row3>	0.0000 0.2578 -5.9634 1.0000	</row3>
				</transform>
			</node>
		</node>
	</node>
	<boundingBox>
		<min>	-0.0667 -0.0667 -0.0667	</min>
		<max>	0.0667 0.0667 0.0667	</max>
	</boundingBox>
</ASC022_Seattle_1945_Stern_ports.visual>
