<ASC055_Milwaukee_1917_MidBack_ports.visual>
	<node>
		<identifier>	Scene Root	</identifier>
		<transform>
			<row0>	1.0000 0.0000 0.0000 0.0000	</row0>
			<row1>	0.0000 1.0000 0.0000 0.0000	</row1>
			<row2>	0.0000 0.0000 1.0000 0.0000	</row2>
			<row3>	0.0000 0.0000 0.0000 1.0000	</row3>
		</transform>
		<node>
			<identifier>	MidBack_ports	</identifier>
			<transform>
				<row0>	1.0000 0.0000 0.0000 0.0000	</row0>
				<row1>	0.0000 1.0000 0.0000 0.0000	</row1>
				<row2>	0.0000 0.0000 1.0000 0.0000	</row2>
				<row3>	0.0000 0.0000 0.0000 1.0000	</row3>
			</transform>
			<node>
				<identifier>	HP_AF_2	</identifier>
				<transform>
					<row0>	-1.0000 0.0000 0.0000 0.0000	</row0>
					<row1>	0.0000 1.0000 0.0000 0.0000	</row1>
					<row2>	0.0000 0.0000 -1.0000 0.0000	</row2>
					<row3>	0.0000 1.1480 -2.0367 1.0000	</row3>
				</transform>
			</node>
			<node>
				<identifier>	HP_AGA_5	</identifier>
				<transform>
					<row0>	-0.6377 0.0000 -0.7703 0.0000	</row0>
					<row1>	0.0000 1.0000 0.0000 0.0000	</row1>
					<row2>	0.7703 0.0000 -0.6377 0.0000	</row2>
					<row3>	0.3819 0.6679 -2.0785 1.0000	</row3>
				</transform>
			</node>
			<node>
				<identifier>	HP_AGA_6	</identifier>
				<transform>
					<row0>	-0.6377 0.0000 0.7703 0.0000	</row0>
					<row1>	0.0000 1.0000 0.0000 0.0000	</row1>
					<row2>	-0.7703 0.0000 -0.6377 0.0000	</row2>
					<row3>	-0.3850 0.6679 -2.0819 1.0000	</row3>
				</transform>
			</node>
			<node>
				<identifier>	HP_AGA_7	</identifier>
				<transform>
					<row0>	-1.0000 0.0000 0.0000 0.0000	</row0>
					<row1>	0.0000 1.0000 0.0000 0.0000	</row1>
					<row2>	0.0000 0.0000 -1.0000 0.0000	</row2>
					<row3>	-0.2041 0.6745 -2.2937 1.0000	</row3>
				</transform>
			</node>
			<node>
				<identifier>	HP_AGA_8	</identifier>
				<transform>
					<row0>	-1.0000 0.0000 0.0000 0.0000	</row0>
					<row1>	0.0000 1.0000 0.0000 0.0000	</row1>
					<row2>	0.0000 0.0000 -1.0000 0.0000	</row2>
					<row3>	0.2041 0.6745 -2.2937 1.0000	</row3>
				</transform>
			</node>
			<node>
				<identifier>	HP_AGM_10	</identifier>
				<transform>
					<row0>	-0.9659 0.0000 0.2588 0.0000	</row0>
					<row1>	0.0000 1.0000 0.0000 0.0000	</row1>
					<row2>	-0.2588 0.0000 -0.9659 0.0000	</row2>
					<row3>	-0.5834 0.2284 -1.1139 1.0000	</row3>
				</transform>
			</node>
			<node>
				<identifier>	HP_AGM_11	</identifier>
				<transform>
					<row0>	-0.9659 0.0000 0.2588 0.0000	</row0>
					<row1>	0.0000 1.0000 0.0000 0.0000	</row1>
					<row2>	-0.2588 0.0000 -0.9659 0.0000	</row2>
					<row3>	-0.5839 0.3784 -1.1144 1.0000	</row3>
				</transform>
			</node>
			<node>
				<identifier>	HP_AGM_12	</identifier>
				<transform>
					<row0>	-0.9659 0.0000 -0.2588 0.0000	</row0>
					<row1>	0.0000 1.0000 0.0000 0.0000	</row1>
					<row2>	0.2588 0.0000 -0.9659 0.0000	</row2>
					<row3>	0.5834 0.2284 -1.1139 1.0000	</row3>
				</transform>
			</node>
			<node>
				<identifier>	HP_AGM_13	</identifier>
				<transform>
					<row0>	-0.9659 0.0000 -0.2588 0.0000	</row0>
					<row1>	0.0000 1.0000 0.0000 0.0000	</row1>
					<row2>	0.2588 0.0000 -0.9659 0.0000	</row2>
					<row3>	0.5839 0.3784 -1.1144 1.0000	</row3>
				</transform>
			</node>
			<node>
				<identifier>	HP_AGM_8	</identifier>
				<transform>
					<row0>	-0.9659 0.0000 0.2588 0.0000	</row0>
					<row1>	0.0000 1.0000 0.0000 0.0000	</row1>
					<row2>	-0.2588 0.0000 -0.9659 0.0000	</row2>
					<row3>	-0.5428 0.2284 -0.3912 1.0000	</row3>
				</transform>
			</node>
			<node>
				<identifier>	HP_AGM_9	</identifier>
				<transform>
					<row0>	-0.9659 0.0000 -0.2588 0.0000	</row0>
					<row1>	0.0000 1.0000 0.0000 0.0000	</row1>
					<row2>	0.2588 0.0000 -0.9659 0.0000	</row2>
					<row3>	0.5428 0.2284 -0.3912 1.0000	</row3>
				</transform>
			</node>
			<node>
				<identifier>	HP_AGS_11	</identifier>
				<transform>
					<row0>	0.0000 0.0000 1.0000 0.0000	</row0>
					<row1>	0.0000 1.0000 0.0000 0.0000	</row1>
					<row2>	-1.0000 0.0000 0.0000 0.0000	</row2>
					<row3>	-0.5388 0.3390 -0.4189 1.0000	</row3>
				</transform>
			</node>
			<node>
				<identifier>	HP_AGS_12	</identifier>
				<transform>
					<row0>	0.0000 0.0000 -1.0000 0.0000	</row0>
					<row1>	0.0000 1.0000 0.0000 0.0000	</row1>
					<row2>	1.0000 0.0000 0.0000 0.0000	</row2>
					<row3>	0.5388 0.3390 -0.4189 1.0000	</row3>
				</transform>
			</node>
			<node>
				<identifier>	HP_AGS_13	</identifier>
				<transform>
					<row0>	0.0000 0.0000 1.0000 0.0000	</row0>
					<row1>	0.0000 1.0000 0.0000 0.0000	</row1>
					<row2>	-1.0000 0.0000 0.0000 0.0000	</row2>
					<row3>	-0.4601 0.1856 -2.1704 1.0000	</row3>
				</transform>
			</node>
			<node>
				<identifier>	HP_AGS_14	</identifier>
				<transform>
					<row0>	0.0000 0.0000 -1.0000 0.0000	</row0>
					<row1>	0.0000 1.0000 0.0000 0.0000	</row1>
					<row2>	1.0000 0.0000 0.0000 0.0000	</row2>
					<row3>	0.4601 0.1856 -2.1704 1.0000	</row3>
				</transform>
			</node>
			<node>
				<identifier>	HP_FX_Death_2	</identifier>
				<transform>
					<row0>	1.0000 0.0000 0.0000 0.0000	</row0>
					<row1>	0.0000 1.0000 0.0000 0.0000	</row1>
					<row2>	0.0000 0.0000 1.0000 0.0000	</row2>
					<row3>	0.0000 0.0000 -0.3275 1.0000	</row3>
				</transform>
			</node>
			<node>
				<identifier>	HP_FX_Death_3	</identifier>
				<transform>
					<row0>	1.0000 0.0000 0.0000 0.0000	</row0>
					<row1>	0.0000 1.0000 0.0000 0.0000	</row1>
					<row2>	0.0000 0.0000 1.0000 0.0000	</row2>
					<row3>	0.0000 0.0000 -2.3325 1.0000	</row3>
				</transform>
			</node>
			<node>
				<identifier>	HP_FX_Fire_3	</identifier>
				<transform>
					<row0>	1.0000 0.0000 0.0000 0.0000	</row0>
					<row1>	0.0000 1.0000 0.0000 0.0000	</row1>
					<row2>	0.0000 0.0000 1.0000 0.0000	</row2>
					<row3>	0.0000 0.5193 -1.5097 1.0000	</row3>
				</transform>
			</node>
			<node>
				<identifier>	HP_FX_Fire_3_side_1	</identifier>
				<transform>
					<row0>	1.0000 0.0000 0.0000 0.0000	</row0>
					<row1>	0.0000 1.0000 0.0000 0.0000	</row1>
					<row2>	0.0000 0.0000 1.0000 0.0000	</row2>
					<row3>	0.4033 0.6268 -1.1359 1.0000	</row3>
				</transform>
			</node>
			<node>
				<identifier>	HP_FX_FloodLight_left_2	</identifier>
				<transform>
					<row0>	-1.0000 0.0000 0.0000 0.0000	</row0>
					<row1>	0.0000 1.0000 0.0000 0.0000	</row1>
					<row2>	0.0000 0.0000 -1.0000 0.0000	</row2>
					<row3>	-0.3448 0.4828 -2.2169 1.0000	</row3>
				</transform>
			</node>
			<node>
				<identifier>	HP_FX_FloodLight_right_1	</identifier>
				<transform>
					<row0>	1.0000 0.0000 0.0000 0.0000	</row0>
					<row1>	0.0000 1.0000 0.0000 0.0000	</row1>
					<row2>	0.0000 0.0000 1.0000 0.0000	</row2>
					<row3>	0.3578 0.5027 -2.2039 1.0000	</row3>
				</transform>
			</node>
			<node>
				<identifier>	HP_FX_Flood_steam_1	</identifier>
				<transform>
					<row0>	1.0000 0.0000 0.0000 0.0000	</row0>
					<row1>	0.0000 1.0000 0.0000 0.0000	</row1>
					<row2>	0.0000 0.0000 1.0000 0.0000	</row2>
					<row3>	-0.0120 1.5902 -0.7606 1.0000	</row3>
				</transform>
			</node>
			<node>
				<identifier>	HP_FX_Flood_water_left	</identifier>
				<transform>
					<row0>	-0.9945 0.0000 -0.1046 0.0000	</row0>
					<row1>	0.0000 1.0000 0.0000 0.0000	</row1>
					<row2>	0.1046 0.0000 -0.9945 0.0000	</row2>
					<row3>	-0.6169 0.0734 -1.4527 1.0000	</row3>
				</transform>
			</node>
			<node>
				<identifier>	HP_FX_Flood_water_right	</identifier>
				<transform>
					<row0>	0.9965 0.0000 -0.0836 0.0000	</row0>
					<row1>	0.0000 1.0000 0.0000 0.0000	</row1>
					<row2>	0.0836 0.0000 0.9965 0.0000	</row2>
					<row3>	0.6157 0.0740 -1.4543 1.0000	</row3>
				</transform>
			</node>
			<node>
				<identifier>	HP_FX_Smoke_4	</identifier>
				<transform>
					<row0>	1.0000 0.0000 0.0000 0.0000	</row0>
					<row1>	0.0000 1.0000 0.0000 0.0000	</row1>
					<row2>	0.0000 0.0000 1.0000 0.0000	</row2>
					<row3>	0.0000 1.5716 -0.6385 1.0000	</row3>
				</transform>
			</node>
			<node>
				<identifier>	HP_Ship_death_2	</identifier>
				<transform>
					<row0>	1.0000 0.0000 0.0000 0.0000	</row0>
					<row1>	0.0000 1.0000 0.0000 0.0000	</row1>
					<row2>	0.0000 0.0000 1.0000 0.0000	</row2>
					<row3>	0.0000 0.0000 -0.3062 1.0000	</row3>
				</transform>
			</node>
			<node>
				<identifier>	HP_flag_courtesy	</identifier>
				<transform>
					<row0>	1.0000 -0.0027 -0.0003 0.0000	</row0>
					<row1>	0.0027 0.9817 0.1903 0.0000	</row1>
					<row2>	-0.0003 -0.1903 0.9817 0.0000	</row2>
					<row3>	0.3219 2.2673 -1.9191 1.0000	</row3>
				</transform>
			</node>
			<node>
				<identifier>	HP_flag_house	</identifier>
				<transform>
					<row0>	1.0000 0.0013 0.0001 0.0000	</row0>
					<row1>	-0.0013 0.9817 0.1904 0.0000	</row1>
					<row2>	0.0001 -0.1904 0.9817 0.0000	</row2>
					<row3>	-0.3220 2.2673 -1.9191 1.0000	</row3>
				</transform>
			</node>
			<node>
				<identifier>	HP_flag_nation	</identifier>
				<transform>
					<row0>	0.9815 -0.1912 0.0069 0.0000	</row0>
					<row1>	0.1913 0.9802 -0.0519 0.0000	</row1>
					<row2>	0.0031 0.0523 0.9986 0.0000	</row2>
					<row3>	-0.0042 2.2087 -2.3293 1.0000	</row3>
				</transform>
			</node>
			<node>
				<identifier>	HP_flag_rank	</identifier>
				<transform>
					<row0>	1.0000 0.0017 0.0000 0.0000	</row0>
					<row1>	-0.0017 1.0000 0.0088 0.0000	</row1>
					<row2>	0.0000 -0.0088 1.0000 0.0000	</row2>
					<row3>	-0.0013 2.7450 -1.9292 1.0000	</row3>
				</transform>
			</node>
			<node>
				<identifier>	MP_AM018_Compass_Binnacle	</identifier>
				<transform>
					<row0>	1.0000 0.0000 0.0000 0.0000	</row0>
					<row1>	0.0000 1.0000 0.0000 0.0000	</row1>
					<row2>	0.0000 0.0000 1.0000 0.0000	</row2>
					<row3>	0.0000 0.6698 -2.1709 1.0000	</row3>
				</transform>
			</node>
			<node>
				<identifier>	MP_AM218_Hatch	</identifier>
				<transform>
					<row0>	1.0000 0.0000 0.0000 0.0000	</row0>
					<row1>	0.0000 1.0000 0.0000 0.0000	</row1>
					<row2>	0.0000 0.0000 1.0000 0.0000	</row2>
					<row3>	-0.2245 0.3397 -2.5682 1.0000	</row3>
				</transform>
			</node>
			<node>
				<identifier>	MP_AM218_Hatch_INDEX_1	</identifier>
				<transform>
					<row0>	1.0000 0.0000 0.0000 0.0000	</row0>
					<row1>	0.0000 1.0000 0.0000 0.0000	</row1>
					<row2>	0.0000 0.0000 1.0000 0.0000	</row2>
					<row3>	0.2245 0.3397 -2.5682 1.0000	</row3>
				</transform>
			</node>
			<node>
				<identifier>	MP_AM218_Hatch_INDEX_2	</identifier>
				<transform>
					<row0>	0.0000 0.0000 -1.0000 0.0000	</row0>
					<row1>	0.0000 1.0000 0.0000 0.0000	</row1>
					<row2>	1.0000 0.0000 0.0000 0.0000	</row2>
					<row3>	0.0000 0.4953 -1.0778 1.0000	</row3>
				</transform>
			</node>
			<node>
				<identifier>	MP_AM218_Hatch_INDEX_3	</identifier>
				<transform>
					<row0>	1.0000 0.0000 0.0000 0.0000	</row0>
					<row1>	0.0000 1.0000 0.0000 0.0000	</row1>
					<row2>	0.0000 0.0000 1.0000 0.0000	</row2>
					<row3>	0.0000 0.5077 -2.0660 1.0000	</row3>
				</transform>
			</node>
			<node>
				<identifier>	MP_AM225_Searchlight_900mm	</identifier>
				<transform>
					<row0>	-1.0000 0.0000 0.0000 0.0000	</row0>
					<row1>	0.0000 1.0000 0.0000 0.0000	</row1>
					<row2>	0.0000 0.0000 -1.0000 0.0000	</row2>
					<row3>	0.0000 1.5618 -2.0057 1.0000	</row3>
				</transform>
			</node>
			<node>
				<identifier>	MP_AM225_Searchlight_900mm_INDEX_1	</identifier>
				<transform>
					<row0>	-1.0000 0.0000 0.0000 0.0000	</row0>
					<row1>	0.0000 1.0000 0.0000 0.0000	</row1>
					<row2>	0.0000 0.0000 -1.0000 0.0000	</row2>
					<row3>	-0.0640 0.8078 -2.0547 1.0000	</row3>
				</transform>
			</node>
			<node>
				<identifier>	MP_AM225_Searchlight_900mm_INDEX_2	</identifier>
				<transform>
					<row0>	-1.0000 0.0000 0.0000 0.0000	</row0>
					<row1>	0.0000 1.0000 0.0000 0.0000	</row1>
					<row2>	0.0000 0.0000 -1.0000 0.0000	</row2>
					<row3>	0.0640 0.8078 -2.0547 1.0000	</row3>
				</transform>
			</node>
			<node>
				<identifier>	MP_AM230_Launch_40ft	</identifier>
				<transform>
					<row0>	1.0000 0.0000 -0.0015 0.0000	</row0>
					<row1>	0.0000 0.9999 0.0146 0.0000	</row1>
					<row2>	0.0015 -0.0146 0.9999 0.0000	</row2>
					<row3>	0.3729 0.5899 -1.3087 1.0000	</row3>
				</transform>
			</node>
			<node>
				<identifier>	MP_AM230_Launch_40ft_INDEX_1	</identifier>
				<transform>
					<row0>	1.0000 0.0000 -0.0015 0.0000	</row0>
					<row1>	0.0000 0.9999 0.0146 0.0000	</row1>
					<row2>	0.0015 -0.0146 0.9999 0.0000	</row2>
					<row3>	-0.3726 0.5890 -1.3088 1.0000	</row3>
				</transform>
			</node>
			<node>
				<identifier>	MP_AM238_Whaleboat_24ft	</identifier>
				<transform>
					<row0>	-0.9881 0.1272 0.0867 0.0000	</row0>
					<row1>	0.1269 0.9919 -0.0090 0.0000	</row1>
					<row2>	-0.0872 0.0021 -0.9962 0.0000	</row2>
					<row3>	0.6978 0.5322 -1.7812 1.0000	</row3>
				</transform>
			</node>
			<node>
				<identifier>	MP_AM238_Whaleboat_24ft_INDEX_1	</identifier>
				<transform>
					<row0>	-0.9881 -0.1272 -0.0867 0.0000	</row0>
					<row1>	-0.1269 0.9919 -0.0090 0.0000	</row1>
					<row2>	0.0872 0.0021 -0.9962 0.0000	</row2>
					<row3>	-0.6978 0.5322 -1.7812 1.0000	</row3>
				</transform>
			</node>
			<node>
				<identifier>	MP_AM262_Crane	</identifier>
				<transform>
					<row0>	-1.0000 0.0000 0.0000 0.0000	</row0>
					<row1>	0.0000 1.0000 0.0000 0.0000	</row1>
					<row2>	0.0000 0.0000 -1.0000 0.0000	</row2>
					<row3>	-0.4323 0.4943 -0.8114 1.0000	</row3>
				</transform>
			</node>
			<node>
				<identifier>	MP_AM262_Crane_INDEX_1	</identifier>
				<transform>
					<row0>	-1.0000 0.0000 0.0000 0.0000	</row0>
					<row1>	0.0000 1.0000 0.0000 0.0000	</row1>
					<row2>	0.0000 0.0000 -1.0000 0.0000	</row2>
					<row3>	0.4323 0.4943 -0.8114 1.0000	</row3>
				</transform>
			</node>
			<node>
				<identifier>	MP_AM266_Hatch	</identifier>
				<transform>
					<row0>	1.0000 0.0000 0.0000 0.0000	</row0>
					<row1>	0.0000 1.0000 0.0000 0.0000	</row1>
					<row2>	0.0000 0.0000 1.0000 0.0000	</row2>
					<row3>	-0.1905 0.4940 -0.5429 1.0000	</row3>
				</transform>
			</node>
			<node>
				<identifier>	MP_AM266_Hatch_INDEX_1	</identifier>
				<transform>
					<row0>	-1.0000 0.0000 0.0000 0.0000	</row0>
					<row1>	0.0000 1.0000 0.0000 0.0000	</row1>
					<row2>	0.0000 0.0000 -1.0000 0.0000	</row2>
					<row3>	0.1905 0.4940 -0.5429 1.0000	</row3>
				</transform>
			</node>
			<node>
				<identifier>	MP_AM269_Fairlead	</identifier>
				<transform>
					<row0>	0.9947 0.0000 0.1026 0.0000	</row0>
					<row1>	0.0000 1.0000 0.0000 0.0000	</row1>
					<row2>	-0.1026 0.0000 0.9947 0.0000	</row2>
					<row3>	-0.5300 0.3367 -2.1688 1.0000	</row3>
				</transform>
			</node>
			<node>
				<identifier>	MP_AM269_Fairlead_INDEX_1	</identifier>
				<transform>
					<row0>	-0.9947 0.0000 0.1026 0.0000	</row0>
					<row1>	0.0000 1.0000 0.0000 0.0000	</row1>
					<row2>	-0.1026 0.0000 -0.9947 0.0000	</row2>
					<row3>	0.5299 0.3367 -2.1688 1.0000	</row3>
				</transform>
			</node>
			<node>
				<identifier>	MP_AM286_Ammunition_Box	</identifier>
				<transform>
					<row0>	0.0000 0.0000 1.0000 0.0000	</row0>
					<row1>	0.0000 1.0000 0.0000 0.0000	</row1>
					<row2>	-1.0000 0.0000 0.0000 0.0000	</row2>
					<row3>	0.1046 0.4949 -0.4615 1.0000	</row3>
				</transform>
			</node>
			<node>
				<identifier>	MP_AM286_Ammunition_Box_INDEX_1	</identifier>
				<transform>
					<row0>	0.0000 0.0000 1.0675 0.0000	</row0>
					<row1>	0.0000 1.0000 0.0000 0.0000	</row1>
					<row2>	-1.0000 0.0000 0.0000 0.0000	</row2>
					<row3>	0.0000 0.6738 -2.2841 1.0000	</row3>
				</transform>
			</node>
			<node>
				<identifier>	MP_AM286_Ammunition_Box_INDEX_2	</identifier>
				<transform>
					<row0>	0.0000 0.0000 -1.0000 0.0000	</row0>
					<row1>	0.0000 1.0000 0.0000 0.0000	</row1>
					<row2>	1.0000 0.0000 0.0000 0.0000	</row2>
					<row3>	-0.0072 0.4951 -0.9598 1.0000	</row3>
				</transform>
			</node>
			<node>
				<identifier>	MP_AM286_Ammunition_Box_INDEX_3	</identifier>
				<transform>
					<row0>	1.0000 0.0000 0.0000 0.0000	</row0>
					<row1>	0.0000 1.0000 0.0000 0.0000	</row1>
					<row2>	0.0000 0.0000 1.0000 0.0000	</row2>
					<row3>	0.0818 0.5078 -2.0761 1.0000	</row3>
				</transform>
			</node>
			<node>
				<identifier>	MP_AM286_Ammunition_Box_INDEX_4	</identifier>
				<transform>
					<row0>	-1.0000 0.0000 0.0000 0.0000	</row0>
					<row1>	0.0000 0.9994 0.0348 0.0000	</row1>
					<row2>	0.0000 0.0348 -0.9994 0.0000	</row2>
					<row3>	0.1745 0.5106 -2.0761 1.0000	</row3>
				</transform>
			</node>
			<node>
				<identifier>	MP_AM286_Ammunition_Box_INDEX_5	</identifier>
				<transform>
					<row0>	0.0000 0.0000 1.0000 0.0000	</row0>
					<row1>	0.0000 1.0000 0.0000 0.0000	</row1>
					<row2>	-1.0000 0.0000 0.0000 0.0000	</row2>
					<row3>	0.1400 0.6707 -2.1962 1.0000	</row3>
				</transform>
			</node>
			<node>
				<identifier>	MP_AM286_Ammunition_Box_INDEX_6	</identifier>
				<transform>
					<row0>	0.0000 0.0000 1.0000 0.0000	</row0>
					<row1>	0.0000 1.0000 0.0000 0.0000	</row1>
					<row2>	-1.0000 0.0000 0.0000 0.0000	</row2>
					<row3>	-0.1400 0.6707 -2.1962 1.0000	</row3>
				</transform>
			</node>
			<node>
				<identifier>	MP_AM286_Ammunition_Box_INDEX_7	</identifier>
				<transform>
					<row0>	-1.0000 0.0000 0.0000 0.0000	</row0>
					<row1>	0.0000 0.9994 0.0348 0.0000	</row1>
					<row2>	0.0000 0.0348 -0.9994 0.0000	</row2>
					<row3>	-0.1769 0.5106 -2.0761 1.0000	</row3>
				</transform>
			</node>
			<node>
				<identifier>	MP_AM286_Ammunition_Box_INDEX_8	</identifier>
				<transform>
					<row0>	0.0000 0.0000 1.0000 0.0000	</row0>
					<row1>	0.0000 1.0000 0.0000 0.0000	</row1>
					<row2>	-1.0000 0.0000 0.0000 0.0000	</row2>
					<row3>	-0.0079 0.4945 -0.9124 1.0000	</row3>
				</transform>
			</node>
			<node>
				<identifier>	MP_AM286_Ammunition_Box_INDEX_9	</identifier>
				<transform>
					<row0>	-1.0000 0.0000 0.0000 0.0000	</row0>
					<row1>	0.0000 0.9994 0.0348 0.0000	</row1>
					<row2>	0.0000 0.0348 -0.9994 0.0000	</row2>
					<row3>	-0.0818 0.5106 -2.0761 1.0000	</row3>
				</transform>
			</node>
			<node>
				<identifier>	MP_AM292_Davit	</identifier>
				<transform>
					<row0>	0.2588 0.0000 0.9659 0.0000	</row0>
					<row1>	0.0000 1.0000 0.0000 0.0000	</row1>
					<row2>	-0.9659 0.0000 0.2588 0.0000	</row2>
					<row3>	0.5645 0.2605 -1.9349 1.0000	</row3>
				</transform>
			</node>
			<node>
				<identifier>	MP_AM292_Davit_INDEX_1	</identifier>
				<transform>
					<row0>	0.2043 0.0000 -0.9789 0.0000	</row0>
					<row1>	0.0000 1.0000 0.0000 0.0000	</row1>
					<row2>	0.9789 0.0000 0.2043 0.0000	</row2>
					<row3>	-0.5645 0.2605 -1.9349 1.0000	</row3>
				</transform>
			</node>
			<node>
				<identifier>	MP_AM292_Davit_INDEX_2	</identifier>
				<transform>
					<row0>	0.0655 0.0000 -0.9979 0.0000	</row0>
					<row1>	0.0000 1.0000 0.0000 0.0000	</row1>
					<row2>	0.9979 0.0000 0.0655 0.0000	</row2>
					<row3>	-0.5874 0.2605 -1.5852 1.0000	</row3>
				</transform>
			</node>
			<node>
				<identifier>	MP_AM292_Davit_INDEX_3	</identifier>
				<transform>
					<row0>	0.0655 0.0000 0.9979 0.0000	</row0>
					<row1>	0.0000 1.0000 0.0000 0.0000	</row1>
					<row2>	-0.9979 0.0000 0.0655 0.0000	</row2>
					<row3>	0.5874 0.2605 -1.5852 1.0000	</row3>
				</transform>
			</node>
			<node>
				<identifier>	MP_AM327_Ventilation	</identifier>
				<transform>
					<row0>	0.7281 0.0000 0.0000 0.0000	</row0>
					<row1>	0.0000 0.7281 0.0000 0.0000	</row1>
					<row2>	0.0000 0.0000 0.7280 0.0000	</row2>
					<row3>	0.1131 0.5173 -1.3136 1.0000	</row3>
				</transform>
			</node>
			<node>
				<identifier>	MP_AM327_Ventilation_INDEX_1	</identifier>
				<transform>
					<row0>	-0.7407 0.0000 0.0000 0.0000	</row0>
					<row1>	0.0000 0.7407 0.0000 0.0000	</row1>
					<row2>	0.0000 0.0000 -0.7410 0.0000	</row2>
					<row3>	0.2446 0.5103 -2.0481 1.0000	</row3>
				</transform>
			</node>
			<node>
				<identifier>	MP_AM327_Ventilation_INDEX_2	</identifier>
				<transform>
					<row0>	0.8500 0.0000 0.0000 0.0000	</row0>
					<row1>	0.0000 0.8500 0.0000 0.0000	</row1>
					<row2>	0.0000 0.0000 0.8500 0.0000	</row2>
					<row3>	0.1905 0.4611 -0.6562 1.0000	</row3>
				</transform>
			</node>
			<node>
				<identifier>	MP_AM327_Ventilation_INDEX_3	</identifier>
				<transform>
					<row0>	0.8500 0.0000 0.0000 0.0000	</row0>
					<row1>	0.0000 0.8500 0.0000 0.0000	</row1>
					<row2>	0.0000 0.0000 0.8500 0.0000	</row2>
					<row3>	-0.1905 0.4611 -0.6562 1.0000	</row3>
				</transform>
			</node>
			<node>
				<identifier>	MP_AM327_Ventilation_INDEX_4	</identifier>
				<transform>
					<row0>	0.7281 0.0000 0.0000 0.0000	</row0>
					<row1>	0.0000 0.7281 0.0000 0.0000	</row1>
					<row2>	0.0000 0.0000 0.7281 0.0000	</row2>
					<row3>	-0.1131 0.5173 -1.3136 1.0000	</row3>
				</transform>
			</node>
			<node>
				<identifier>	MP_AM327_Ventilation_INDEX_5	</identifier>
				<transform>
					<row0>	-0.6806 0.0000 0.0000 0.0000	</row0>
					<row1>	0.0000 0.6806 0.0000 0.0000	</row1>
					<row2>	0.0000 0.0000 -0.6806 0.0000	</row2>
					<row3>	-0.2446 0.5094 -2.0481 1.0000	</row3>
				</transform>
			</node>
			<node>
				<identifier>	MP_AM493_3pdr_Mk5	</identifier>
				<transform>
					<row0>	0.0000 0.0000 -1.0000 0.0000	</row0>
					<row1>	0.0000 1.0000 0.0000 0.0000	</row1>
					<row2>	1.0000 0.0000 0.0000 0.0000	</row2>
					<row3>	0.6125 0.4951 -1.0296 1.0000	</row3>
				</transform>
			</node>
			<node>
				<identifier>	MP_AM493_3pdr_Mk5_INDEX_1	</identifier>
				<transform>
					<row0>	0.0000 0.0000 1.0000 0.0000	</row0>
					<row1>	0.0000 1.0000 0.0000 0.0000	</row1>
					<row2>	-1.0000 0.0000 0.0000 0.0000	</row2>
					<row3>	-0.6125 0.4951 -1.0296 1.0000	</row3>
				</transform>
			</node>
			<node>
				<identifier>	MP_AM498_Bollard	</identifier>
				<transform>
					<row0>	1.8217 0.0077 0.1843 0.0000	</row0>
					<row1>	-0.0072 1.3209 0.0165 0.0000	</row1>
					<row2>	-0.1842 -0.0238 1.8216 0.0000	</row2>
					<row3>	-0.4721 0.3377 -2.3197 1.0000	</row3>
				</transform>
			</node>
			<node>
				<identifier>	MP_AM498_Bollard_INDEX_1	</identifier>
				<transform>
					<row0>	-1.8214 0.0077 0.1875 0.0000	</row0>
					<row1>	0.0073 1.3209 0.0165 0.0000	</row1>
					<row2>	-0.1874 0.0237 -1.8212 0.0000	</row2>
					<row3>	0.4730 0.3377 -2.3189 1.0000	</row3>
				</transform>
			</node>
			<node>
				<identifier>	MP_AM580_Signal_Lamp	</identifier>
				<transform>
					<row0>	1.0000 0.0000 0.0000 0.0000	</row0>
					<row1>	0.0000 1.0000 0.0000 0.0000	</row1>
					<row2>	0.0000 0.0000 1.0000 0.0000	</row2>
					<row3>	0.0002 1.3957 -2.0481 1.0000	</row3>
				</transform>
			</node>
			<node>
				<identifier>	MP_AM580_Signal_Lamp_INDEX_1	</identifier>
				<transform>
					<row0>	0.5000 0.0000 0.0000 0.0000	</row0>
					<row1>	0.0000 0.8000 0.0000 0.0000	</row1>
					<row2>	0.0000 0.0000 0.5000 0.0000	</row2>
					<row3>	-0.0013 2.7511 -1.9261 1.0000	</row3>
				</transform>
			</node>
			<node>
				<identifier>	MP_AM604_3pdr_Mk5	</identifier>
				<transform>
					<row0>	-0.6383 0.0000 0.7698 0.0000	</row0>
					<row1>	0.0000 1.0000 0.0000 0.0000	</row1>
					<row2>	-0.7698 0.0000 -0.6383 0.0000	</row2>
					<row3>	-0.4222 0.5577 -2.0763 1.0000	</row3>
				</transform>
			</node>
			<node>
				<identifier>	MP_AM604_3pdr_Mk5_INDEX_1	</identifier>
				<transform>
					<row0>	-0.6543 0.0000 -0.7563 0.0000	</row0>
					<row1>	0.0000 1.0000 0.0000 0.0000	</row1>
					<row2>	0.7563 0.0000 -0.6543 0.0000	</row2>
					<row3>	0.4221 0.5577 -2.0762 1.0000	</row3>
				</transform>
			</node>
			<node>
				<identifier>	MP_AM604_3pdr_Mk5_INDEX_2	</identifier>
				<transform>
					<row0>	-0.6383 0.0000 0.7698 0.0000	</row0>
					<row1>	0.0000 1.0000 0.0000 0.0000	</row1>
					<row2>	-0.7698 0.0000 -0.6383 0.0000	</row2>
					<row3>	-0.1896 0.5645 -2.3780 1.0000	</row3>
				</transform>
			</node>
			<node>
				<identifier>	MP_AM604_3pdr_Mk5_INDEX_3	</identifier>
				<transform>
					<row0>	-0.6383 0.0000 -0.7698 0.0000	</row0>
					<row1>	0.0000 1.0000 0.0000 0.0000	</row1>
					<row2>	0.7698 0.0000 -0.6383 0.0000	</row2>
					<row3>	0.1896 0.5645 -2.3780 1.0000	</row3>
				</transform>
			</node>
			<node>
				<identifier>	MP_CM011_Fire_Fighting_Gear	</identifier>
				<transform>
					<row0>	1.0000 0.0000 0.0000 0.0000	</row0>
					<row1>	0.0000 1.0000 0.0000 0.0000	</row1>
					<row2>	0.0000 0.0000 1.0000 0.0000	</row2>
					<row3>	-0.2565 0.3323 -2.3733 1.0000	</row3>
				</transform>
			</node>
			<node>
				<identifier>	MP_CM012_Fire_Hose_Rack_1	</identifier>
				<transform>
					<row0>	0.7938 0.0000 0.6082 0.0000	</row0>
					<row1>	0.0000 1.0000 0.0000 0.0000	</row1>
					<row2>	-0.6082 0.0000 0.7938 0.0000	</row2>
					<row3>	-0.2075 0.4080 -2.3820 1.0000	</row3>
				</transform>
			</node>
			<node>
				<identifier>	MP_CM030_Swab_Rack_2	</identifier>
				<transform>
					<row0>	-1.0000 0.0000 0.0000 0.0000	</row0>
					<row1>	0.0000 1.0000 0.0000 0.0000	</row1>
					<row2>	0.0000 0.0000 -1.0000 0.0000	</row2>
					<row3>	-0.0587 0.5110 -1.8533 1.0000	</row3>
				</transform>
			</node>
			<node>
				<identifier>	MP_CM031_Bullet_shell	</identifier>
				<transform>
					<row0>	0.0195 -0.6694 -0.0039 0.0000	</row0>
					<row1>	-0.4134 -0.0106 -0.2508 0.0000	</row1>
					<row2>	0.3470 0.0134 -0.5726 0.0000	</row2>
					<row3>	-0.1371 0.3465 -2.5487 1.0000	</row3>
				</transform>
			</node>
			<node>
				<identifier>	MP_CM031_Bullet_shell_INDEX_1	</identifier>
				<transform>
					<row0>	0.0195 -0.6694 -0.0039 0.0000	</row0>
					<row1>	0.4770 0.0134 0.0788 0.0000	</row1>
					<row2>	-0.1089 -0.0070 0.6607 0.0000	</row2>
					<row3>	-0.1999 0.3477 -2.6829 1.0000	</row3>
				</transform>
			</node>
			<node>
				<identifier>	MP_CM031_Bullet_shell_INDEX_2	</identifier>
				<transform>
					<row0>	0.0431 -0.6682 0.0104 0.0000	</row0>
					<row1>	0.2448 0.0093 -0.4170 0.0000	</row1>
					<row2>	0.5759 0.0424 0.3391 0.0000	</row2>
					<row3>	0.1769 0.3464 -2.6076 1.0000	</row3>
				</transform>
			</node>
			<node>
				<identifier>	MP_CM031_Bullet_shell_INDEX_3	</identifier>
				<transform>
					<row0>	0.3413 -0.0374 -0.5750 0.0000	</row0>
					<row1>	-0.0126 0.4819 -0.0388 0.0000	</row1>
					<row2>	0.5759 0.0424 0.3391 0.0000	</row2>
					<row3>	-0.0675 0.3387 -2.4401 1.0000	</row3>
				</transform>
			</node>
			<node>
				<identifier>	MP_CM031_Bullet_shell_INDEX_4	</identifier>
				<transform>
					<row0>	0.0104 -0.6693 0.0202 0.0000	</row0>
					<row1>	-0.4635 -0.0030 0.1382 0.0000	</row1>
					<row2>	-0.1911 -0.0223 -0.6414 0.0000	</row2>
					<row3>	0.1126 0.3457 -2.5227 1.0000	</row3>
				</transform>
			</node>
			<node>
				<identifier>	MP_CM031_Bullet_shell_INDEX_5	</identifier>
				<transform>
					<row0>	-0.2123 -0.1430 -0.6188 0.0000	</row0>
					<row1>	0.4574 0.0006 -0.1571 0.0000	</row1>
					<row2>	0.0472 -0.6542 0.1350 0.0000	</row2>
					<row3>	-0.0879 0.3439 -2.4462 1.0000	</row3>
				</transform>
			</node>
			<node>
				<identifier>	MP_CM049_Stairway_Big_L	</identifier>
				<transform>
					<row0>	-0.9987 0.0000 0.0513 0.0000	</row0>
					<row1>	0.0000 -1.0000 0.0000 0.0000	</row1>
					<row2>	0.0513 0.0000 0.9987 0.0000	</row2>
					<row3>	0.5336 0.3432 -1.3309 1.0000	</row3>
				</transform>
			</node>
			<node>
				<identifier>	MP_CM049_Stairway_Big_L_INDEX_1	</identifier>
				<transform>
					<row0>	0.9985 0.0000 0.0543 0.0000	</row0>
					<row1>	0.0000 -1.0000 0.0000 0.0000	</row1>
					<row2>	0.0543 0.0000 -0.9985 0.0000	</row2>
					<row3>	-0.5036 0.3438 -1.9378 1.0000	</row3>
				</transform>
			</node>
			<node>
				<identifier>	MP_CM080_Anchor	</identifier>
				<transform>
					<row0>	-0.4856 0.0000 0.6358 0.0000	</row0>
					<row1>	-0.6358 0.0000 -0.4856 0.0000	</row1>
					<row2>	0.0000 -0.8000 0.0000 0.0000	</row2>
					<row3>	-0.3903 0.5166 -2.1833 1.0000	</row3>
				</transform>
			</node>
			<node>
				<identifier>	MP_CM080_Anchor_INDEX_1	</identifier>
				<transform>
					<row0>	-0.4856 0.0000 -0.6358 0.0000	</row0>
					<row1>	0.6358 0.0000 -0.4856 0.0000	</row1>
					<row2>	0.0000 -0.8000 0.0000 0.0000	</row2>
					<row3>	0.3903 0.5166 -2.1833 1.0000	</row3>
				</transform>
			</node>
		</node>
	</node>
	<boundingBox>
		<min>	-0.0667 -0.0667 -0.0667	</min>
		<max>	0.0667 0.0667 0.0667	</max>
	</boundingBox>
</ASC055_Milwaukee_1917_MidBack_ports.visual>
