<RSB009_Lenin_1945_MidFront_ports.visual>
	<node>
		<identifier>	Scene Root	</identifier>
		<transform>
			<row0>	1.0000 0.0000 0.0000 0.0000	</row0>
			<row1>	0.0000 1.0000 0.0000 0.0000	</row1>
			<row2>	0.0000 0.0000 1.0000 0.0000	</row2>
			<row3>	0.0000 0.0000 0.0000 1.0000	</row3>
		</transform>
		<node>
			<identifier>	MidFront_ports	</identifier>
			<transform>
				<row0>	1.0000 0.0000 0.0000 0.0000	</row0>
				<row1>	0.0000 1.0000 0.0000 0.0000	</row1>
				<row2>	0.0000 0.0000 1.0000 0.0000	</row2>
				<row3>	0.0000 0.0000 0.0000 1.0000	</row3>
			</transform>
			<node>
				<identifier>	HP_FX_Death_2	</identifier>
				<transform>
					<row0>	1.0000 0.0000 0.0000 0.0000	</row0>
					<row1>	0.0000 1.0000 0.0000 0.0000	</row1>
					<row2>	0.0000 0.0000 1.0000 0.0000	</row2>
					<row3>	0.0000 0.0000 -0.3837 1.0000	</row3>
				</transform>
			</node>
			<node>
				<identifier>	HP_FX_Fire_2	</identifier>
				<transform>
					<row0>	1.0000 0.0000 0.0000 0.0000	</row0>
					<row1>	0.0000 1.0000 0.0000 0.0000	</row1>
					<row2>	0.0000 0.0000 1.0000 0.0000	</row2>
					<row3>	0.0000 0.4519 1.1875 1.0000	</row3>
				</transform>
			</node>
			<node>
				<identifier>	HP_FX_Fire_2_side_1	</identifier>
				<transform>
					<row0>	0.9986 0.0000 -0.0531 0.0000	</row0>
					<row1>	0.0000 1.0000 0.0000 0.0000	</row1>
					<row2>	0.0531 0.0000 0.9986 0.0000	</row2>
					<row3>	-0.9215 0.4229 2.5741 1.0000	</row3>
				</transform>
			</node>
			<node>
				<identifier>	HP_FX_Fire_2_side_2	</identifier>
				<transform>
					<row0>	0.9971 0.0000 0.0763 0.0000	</row0>
					<row1>	0.0000 1.0000 0.0000 0.0000	</row1>
					<row2>	-0.0763 0.0000 0.9971 0.0000	</row2>
					<row3>	0.9237 0.4234 1.0477 1.0000	</row3>
				</transform>
			</node>
			<node>
				<identifier>	HP_FX_Fire_2_side_3	</identifier>
				<transform>
					<row0>	1.0000 0.0000 0.0000 0.0000	</row0>
					<row1>	0.0000 1.0000 0.0000 0.0000	</row1>
					<row2>	0.0000 0.0000 1.0000 0.0000	</row2>
					<row3>	-0.9031 0.5660 0.4193 1.0000	</row3>
				</transform>
			</node>
			<node>
				<identifier>	HP_FX_Flood_steam_left	</identifier>
				<transform>
					<row0>	-1.0000 0.0000 0.0000 0.0000	</row0>
					<row1>	0.0000 1.0000 0.0000 0.0000	</row1>
					<row2>	0.0000 0.0000 -1.0000 0.0000	</row2>
					<row3>	-1.0015 0.3598 3.1964 1.0000	</row3>
				</transform>
			</node>
			<node>
				<identifier>	HP_FX_Flood_water_left_2	</identifier>
				<transform>
					<row0>	-1.0000 0.0000 0.0000 0.0000	</row0>
					<row1>	0.0000 1.0000 0.0000 0.0000	</row1>
					<row2>	0.0000 0.0000 -1.0000 0.0000	</row2>
					<row3>	-1.0497 0.2545 1.2834 1.0000	</row3>
				</transform>
			</node>
			<node>
				<identifier>	HP_FX_Flood_water_left_4	</identifier>
				<transform>
					<row0>	-0.9853 0.0000 0.1707 0.0000	</row0>
					<row1>	0.0000 1.0000 0.0000 0.0000	</row1>
					<row2>	-0.1707 0.0000 -0.9853 0.0000	</row2>
					<row3>	-0.8466 0.1080 3.9245 1.0000	</row3>
				</transform>
			</node>
			<node>
				<identifier>	HP_FX_Flood_water_right_2	</identifier>
				<transform>
					<row0>	1.0000 0.0000 0.0000 0.0000	</row0>
					<row1>	0.0000 1.0000 0.0000 0.0000	</row1>
					<row2>	0.0000 0.0000 1.0000 0.0000	</row2>
					<row3>	1.0497 0.2535 1.2841 1.0000	</row3>
				</transform>
			</node>
			<node>
				<identifier>	HP_FX_Flood_water_right_4	</identifier>
				<transform>
					<row0>	0.9798 0.0000 0.2002 0.0000	</row0>
					<row1>	0.0000 1.0000 0.0000 0.0000	</row1>
					<row2>	-0.2002 0.0000 0.9798 0.0000	</row2>
					<row3>	0.8461 0.1068 3.9261 1.0000	</row3>
				</transform>
			</node>
			<node>
				<identifier>	HP_FX_RepairLight_left_1	</identifier>
				<transform>
					<row0>	0.0887 0.0000 0.9961 0.0000	</row0>
					<row1>	-0.0746 0.9972 0.0066 0.0000	</row1>
					<row2>	-0.9933 -0.0749 0.0884 0.0000	</row2>
					<row3>	-0.9748 0.4143 3.2178 1.0000	</row3>
				</transform>
			</node>
			<node>
				<identifier>	HP_FX_RepairLight_right_1	</identifier>
				<transform>
					<row0>	0.1200 0.0000 -0.9928 0.0000	</row0>
					<row1>	0.1199 0.9927 0.0145 0.0000	</row1>
					<row2>	0.9855 -0.1208 0.1191 0.0000	</row2>
					<row3>	0.9259 0.4097 3.6585 1.0000	</row3>
				</transform>
			</node>
			<node>
				<identifier>	HP_RGA_1	</identifier>
				<transform>
					<row0>	0.0000 0.0000 1.0000 0.0000	</row0>
					<row1>	0.0000 1.0000 0.0000 0.0000	</row1>
					<row2>	-1.0000 0.0000 0.0000 0.0000	</row2>
					<row3>	-0.8366 0.4323 1.6462 1.0000	</row3>
				</transform>
			</node>
			<node>
				<identifier>	HP_RGA_2	</identifier>
				<transform>
					<row0>	0.0000 0.0000 -1.0000 0.0000	</row0>
					<row1>	0.0000 1.0000 0.0000 0.0000	</row1>
					<row2>	1.0000 0.0000 0.0000 0.0000	</row2>
					<row3>	0.8366 0.4323 1.6462 1.0000	</row3>
				</transform>
			</node>
			<node>
				<identifier>	HP_RGA_3	</identifier>
				<transform>
					<row0>	0.0000 0.0000 1.0000 0.0000	</row0>
					<row1>	0.0000 1.0000 0.0000 0.0000	</row1>
					<row2>	-1.0000 0.0000 0.0000 0.0000	</row2>
					<row3>	-0.8640 0.4379 0.4283 1.0000	</row3>
				</transform>
			</node>
			<node>
				<identifier>	HP_RGA_4	</identifier>
				<transform>
					<row0>	0.0000 0.0000 -1.0000 0.0000	</row0>
					<row1>	0.0000 1.0000 0.0000 0.0000	</row1>
					<row2>	1.0000 0.0000 0.0000 0.0000	</row2>
					<row3>	0.8640 0.4379 0.4283 1.0000	</row3>
				</transform>
			</node>
			<node>
				<identifier>	HP_RGM_1	</identifier>
				<transform>
					<row0>	1.0000 0.0000 0.0000 0.0000	</row0>
					<row1>	0.0000 1.0000 0.0000 0.0000	</row1>
					<row2>	0.0000 0.0000 1.0000 0.0000	</row2>
					<row3>	0.0000 0.4877 3.3517 1.0000	</row3>
				</transform>
			</node>
			<node>
				<identifier>	HP_RGM_2	</identifier>
				<transform>
					<row0>	1.0000 0.0000 0.0000 0.0000	</row0>
					<row1>	0.0000 1.0000 0.0000 0.0000	</row1>
					<row2>	0.0000 0.0000 1.0000 0.0000	</row2>
					<row3>	0.0000 0.7295 1.9987 1.0000	</row3>
				</transform>
			</node>
			<node>
				<identifier>	HP_RGM_3	</identifier>
				<transform>
					<row0>	1.0000 0.0000 0.0000 0.0000	</row0>
					<row1>	0.0000 1.0000 0.0000 0.0000	</row1>
					<row2>	0.0000 0.0000 1.0000 0.0000	</row2>
					<row3>	0.0000 0.5516 0.2451 1.0000	</row3>
				</transform>
			</node>
			<node>
				<identifier>	MP_CM011_Fire_Fighting_Gear	</identifier>
				<transform>
					<row0>	0.0000 0.0000 -1.0000 0.0000	</row0>
					<row1>	0.0000 1.0000 0.0000 0.0000	</row1>
					<row2>	1.0000 0.0000 0.0000 0.0000	</row2>
					<row3>	-0.3794 0.4506 1.7952 1.0000	</row3>
				</transform>
			</node>
			<node>
				<identifier>	MP_CM011_Fire_Fighting_Gear_INDEX_1	</identifier>
				<transform>
					<row0>	0.7782 0.0000 0.6280 0.0000	</row0>
					<row1>	0.0000 1.0000 0.0000 0.0000	</row1>
					<row2>	-0.6280 0.0000 0.7782 0.0000	</row2>
					<row3>	-0.8800 0.4198 3.6643 1.0000	</row3>
				</transform>
			</node>
			<node>
				<identifier>	MP_CM011_Fire_Fighting_Gear_INDEX_2	</identifier>
				<transform>
					<row0>	0.0000 0.0000 1.0000 0.0000	</row0>
					<row1>	0.0000 1.0000 0.0000 0.0000	</row1>
					<row2>	-1.0000 0.0000 0.0000 0.0000	</row2>
					<row3>	0.3794 0.4506 1.7952 1.0000	</row3>
				</transform>
			</node>
			<node>
				<identifier>	MP_CM011_Fire_Fighting_Gear_INDEX_3	</identifier>
				<transform>
					<row0>	0.7782 0.0000 -0.6280 0.0000	</row0>
					<row1>	0.0000 1.0000 0.0000 0.0000	</row1>
					<row2>	0.6280 0.0000 0.7782 0.0000	</row2>
					<row3>	0.8800 0.4198 3.6643 1.0000	</row3>
				</transform>
			</node>
			<node>
				<identifier>	MP_CM014_Fuel_Oil_Hose	</identifier>
				<transform>
					<row0>	0.0081 -1.0000 0.0000 0.0000	</row0>
					<row1>	-1.0000 -0.0081 0.0000 0.0000	</row1>
					<row2>	0.0000 0.0000 -1.0000 0.0000	</row2>
					<row3>	-0.3476 0.4522 -0.1565 1.0000	</row3>
				</transform>
			</node>
			<node>
				<identifier>	MP_CM014_Fuel_Oil_Hose_INDEX_1	</identifier>
				<transform>
					<row0>	-0.0081 -1.0000 0.0000 0.0000	</row0>
					<row1>	1.0000 -0.0081 0.0000 0.0000	</row1>
					<row2>	0.0000 0.0000 1.0000 0.0000	</row2>
					<row3>	0.3743 0.4515 -0.1565 1.0000	</row3>
				</transform>
			</node>
			<node>
				<identifier>	MP_CM014_Fuel_Oil_Hose_INDEX_2	</identifier>
				<transform>
					<row0>	0.0081 -1.0000 0.0000 0.0000	</row0>
					<row1>	-1.0000 -0.0081 0.0000 0.0000	</row1>
					<row2>	0.0000 0.0000 -1.0000 0.0000	</row2>
					<row3>	-0.3743 0.4515 -0.1565 1.0000	</row3>
				</transform>
			</node>
			<node>
				<identifier>	MP_CM014_Fuel_Oil_Hose_INDEX_3	</identifier>
				<transform>
					<row0>	-0.0081 -1.0000 0.0000 0.0000	</row0>
					<row1>	1.0000 -0.0081 0.0000 0.0000	</row1>
					<row2>	0.0000 0.0000 1.0000 0.0000	</row2>
					<row3>	0.3476 0.4522 -0.1565 1.0000	</row3>
				</transform>
			</node>
			<node>
				<identifier>	MP_CM030_Swab_Rack_2	</identifier>
				<transform>
					<row0>	-0.9953 0.0000 -0.0965 0.0000	</row0>
					<row1>	0.0000 1.0000 0.0000 0.0000	</row1>
					<row2>	0.0965 0.0000 -0.9953 0.0000	</row2>
					<row3>	0.0458 0.4578 1.5901 1.0000	</row3>
				</transform>
			</node>
			<node>
				<identifier>	MP_RM003_Yawl_20ft	</identifier>
				<transform>
					<row0>	0.7257 0.0000 0.6880 0.0000	</row0>
					<row1>	0.0000 1.0000 0.0000 0.0000	</row1>
					<row2>	-0.6880 0.0000 0.7257 0.0000	</row2>
					<row3>	-0.2875 0.5018 1.5535 1.0000	</row3>
				</transform>
			</node>
			<node>
				<identifier>	MP_RM003_Yawl_20ft_INDEX_1	</identifier>
				<transform>
					<row0>	0.7257 0.0000 -0.6880 0.0000	</row0>
					<row1>	0.0000 1.0000 0.0000 0.0000	</row1>
					<row2>	0.6880 0.0000 0.7257 0.0000	</row2>
					<row3>	0.2875 0.5018 1.5535 1.0000	</row3>
				</transform>
			</node>
			<node>
				<identifier>	MP_RM061_Basket_Rope	</identifier>
				<transform>
					<row0>	0.9978 -0.0658 0.0000 0.0000	</row0>
					<row1>	0.0658 0.9978 0.0000 0.0000	</row1>
					<row2>	0.0000 0.0000 1.0000 0.0000	</row2>
					<row3>	0.3858 0.4477 1.7199 1.0000	</row3>
				</transform>
			</node>
			<node>
				<identifier>	MP_RM061_Basket_Rope_INDEX_1	</identifier>
				<transform>
					<row0>	0.9978 0.0658 0.0000 0.0000	</row0>
					<row1>	-0.0658 0.9978 0.0000 0.0000	</row1>
					<row2>	0.0000 0.0000 1.0000 0.0000	</row2>
					<row3>	-0.3858 0.4477 1.7199 1.0000	</row3>
				</transform>
			</node>
			<node>
				<identifier>	MP_RM096_Paravane	</identifier>
				<transform>
					<row0>	0.0266 0.9996 0.0000 0.0000	</row0>
					<row1>	-0.9996 0.0266 0.0068 0.0000	</row1>
					<row2>	0.0068 -0.0002 1.0000 0.0000	</row2>
					<row3>	0.4767 0.5254 1.9531 1.0000	</row3>
				</transform>
			</node>
			<node>
				<identifier>	MP_RM096_Paravane_INDEX_1	</identifier>
				<transform>
					<row0>	0.0266 -0.9996 0.0000 0.0000	</row0>
					<row1>	0.9996 0.0266 0.0068 0.0000	</row1>
					<row2>	-0.0068 -0.0002 1.0000 0.0000	</row2>
					<row3>	-0.4767 0.5254 1.9531 1.0000	</row3>
				</transform>
			</node>
			<node>
				<identifier>	MP_RM145_Turtles_Box	</identifier>
				<transform>
					<row0>	-0.2996 0.0000 -0.9541 0.0000	</row0>
					<row1>	0.0000 1.0000 0.0000 0.0000	</row1>
					<row2>	0.9541 0.0000 -0.2996 0.0000	</row2>
					<row3>	0.3959 0.4655 1.8828 1.0000	</row3>
				</transform>
			</node>
			<node>
				<identifier>	MP_RM145_Turtles_Box_INDEX_1	</identifier>
				<transform>
					<row0>	-0.2996 0.0000 0.9541 0.0000	</row0>
					<row1>	0.0000 1.0000 0.0000 0.0000	</row1>
					<row2>	-0.9541 0.0000 -0.2996 0.0000	</row2>
					<row3>	-0.3959 0.4655 1.8828 1.0000	</row3>
				</transform>
			</node>
			<node>
				<identifier>	MP_RM214_Life_Buoy	</identifier>
				<transform>
					<row0>	-0.1204 0.0000 0.9927 0.0000	</row0>
					<row1>	0.0000 1.0000 0.0000 0.0000	</row1>
					<row2>	-0.9927 0.0000 -0.1204 0.0000	</row2>
					<row3>	0.9112 0.4806 3.7366 1.0000	</row3>
				</transform>
			</node>
			<node>
				<identifier>	MP_RM214_Life_Buoy_INDEX_1	</identifier>
				<transform>
					<row0>	-0.0244 0.0000 -0.9997 0.0000	</row0>
					<row1>	0.0000 1.0000 0.0000 0.0000	</row1>
					<row2>	0.9997 0.0000 -0.0244 0.0000	</row2>
					<row3>	-1.0369 0.4802 1.7572 1.0000	</row3>
				</transform>
			</node>
			<node>
				<identifier>	MP_RM214_Life_Buoy_INDEX_2	</identifier>
				<transform>
					<row0>	-0.1204 0.0000 -0.9927 0.0000	</row0>
					<row1>	0.0000 1.0000 0.0000 0.0000	</row1>
					<row2>	0.9927 0.0000 -0.1204 0.0000	</row2>
					<row3>	-0.9112 0.4806 3.7366 1.0000	</row3>
				</transform>
			</node>
			<node>
				<identifier>	MP_RM214_Life_Buoy_INDEX_3	</identifier>
				<transform>
					<row0>	-0.0244 0.0000 0.9997 0.0000	</row0>
					<row1>	0.0000 1.0000 0.0000 0.0000	</row1>
					<row2>	-0.9997 0.0000 -0.0244 0.0000	</row2>
					<row3>	1.0369 0.4802 1.7572 1.0000	</row3>
				</transform>
			</node>
			<node>
				<identifier>	MP_RM273_Fire_Hose_Rack_box	</identifier>
				<transform>
					<row0>	-0.6243 0.0000 -0.7812 0.0000	</row0>
					<row1>	0.0000 1.0000 0.0000 0.0000	</row1>
					<row2>	0.7812 0.0000 -0.6243 0.0000	</row2>
					<row3>	0.8508 0.4634 3.6855 1.0000	</row3>
				</transform>
			</node>
			<node>
				<identifier>	MP_RM273_Fire_Hose_Rack_box_INDEX_1	</identifier>
				<transform>
					<row0>	-0.6243 0.0000 0.7812 0.0000	</row0>
					<row1>	0.0000 1.0000 0.0000 0.0000	</row1>
					<row2>	-0.7812 0.0000 -0.6243 0.0000	</row2>
					<row3>	-0.8508 0.4634 3.6855 1.0000	</row3>
				</transform>
			</node>
			<node>
				<identifier>	MP_RM273_Fire_Hose_Rack_box_INDEX_2	</identifier>
				<transform>
					<row0>	-0.4727 0.0000 0.8812 0.0000	</row0>
					<row1>	0.0000 1.0000 0.0000 0.0000	</row1>
					<row2>	-0.8812 0.0000 -0.4727 0.0000	</row2>
					<row3>	-0.3630 0.5167 1.8049 1.0000	</row3>
				</transform>
			</node>
			<node>
				<identifier>	MP_RM273_Fire_Hose_Rack_box_INDEX_3	</identifier>
				<transform>
					<row0>	-0.4727 0.0000 -0.8812 0.0000	</row0>
					<row1>	0.0000 1.0000 0.0000 0.0000	</row1>
					<row2>	0.8812 0.0000 -0.4727 0.0000	</row2>
					<row3>	0.3630 0.5167 1.8049 1.0000	</row3>
				</transform>
			</node>
			<node>
				<identifier>	MP_RM278_Ammunition_Box	</identifier>
				<transform>
					<row0>	0.1629 0.0000 -0.9866 0.0000	</row0>
					<row1>	0.0000 1.0000 0.0000 0.0000	</row1>
					<row2>	0.9866 0.0000 0.1629 0.0000	</row2>
					<row3>	0.7253 0.4356 0.4023 1.0000	</row3>
				</transform>
			</node>
			<node>
				<identifier>	MP_RM278_Ammunition_Box_INDEX_1	</identifier>
				<transform>
					<row0>	0.1629 0.0000 0.9866 0.0000	</row0>
					<row1>	0.0000 1.0000 0.0000 0.0000	</row1>
					<row2>	-0.9866 0.0000 0.1629 0.0000	</row2>
					<row3>	-0.7253 0.4356 0.4023 1.0000	</row3>
				</transform>
			</node>
			<node>
				<identifier>	MP_RM278_Ammunition_Box_INDEX_2	</identifier>
				<transform>
					<row0>	-0.5026 0.0000 -0.8645 0.0000	</row0>
					<row1>	0.0000 1.0000 0.0000 0.0000	</row1>
					<row2>	0.8645 0.0000 -0.5026 0.0000	</row2>
					<row3>	0.7419 0.4356 0.4994 1.0000	</row3>
				</transform>
			</node>
			<node>
				<identifier>	MP_RM278_Ammunition_Box_INDEX_3	</identifier>
				<transform>
					<row0>	-0.5026 0.0000 0.8645 0.0000	</row0>
					<row1>	0.0000 1.0000 0.0000 0.0000	</row1>
					<row2>	-0.8645 0.0000 -0.5026 0.0000	</row2>
					<row3>	-0.7419 0.4356 0.4994 1.0000	</row3>
				</transform>
			</node>
			<node>
				<identifier>	MP_RM278_Ammunition_Box_INDEX_4	</identifier>
				<transform>
					<row0>	-0.1429 0.0000 0.9897 0.0000	</row0>
					<row1>	0.0000 1.0000 0.0000 0.0000	</row1>
					<row2>	-0.9897 0.0000 -0.1429 0.0000	</row2>
					<row3>	-0.7239 0.4356 0.4511 1.0000	</row3>
				</transform>
			</node>
			<node>
				<identifier>	MP_RM278_Ammunition_Box_INDEX_5	</identifier>
				<transform>
					<row0>	-0.1429 0.0000 -0.9897 0.0000	</row0>
					<row1>	0.0000 1.0000 0.0000 0.0000	</row1>
					<row2>	0.9897 0.0000 -0.1429 0.0000	</row2>
					<row3>	0.7239 0.4356 0.4511 1.0000	</row3>
				</transform>
			</node>
			<node>
				<identifier>	MP_RM284_Hatch	</identifier>
				<transform>
					<row0>	0.0000 0.0000 -1.0000 0.0000	</row0>
					<row1>	0.0000 1.0000 0.0000 0.0000	</row1>
					<row2>	1.0000 0.0000 0.0000 0.0000	</row2>
					<row3>	0.2724 0.4477 1.3471 1.0000	</row3>
				</transform>
			</node>
			<node>
				<identifier>	MP_RM284_Hatch_INDEX_1	</identifier>
				<transform>
					<row0>	1.0000 0.0000 0.0000 0.0000	</row0>
					<row1>	0.0000 1.0000 0.0000 0.0000	</row1>
					<row2>	0.0000 0.0000 1.0000 0.0000	</row2>
					<row3>	-0.4671 0.4452 -0.2082 1.0000	</row3>
				</transform>
			</node>
			<node>
				<identifier>	MP_RM284_Hatch_INDEX_10	</identifier>
				<transform>
					<row0>	1.0000 0.0000 0.0000 0.0000	</row0>
					<row1>	0.0000 1.0000 0.0000 0.0000	</row1>
					<row2>	0.0000 0.0000 1.0000 0.0000	</row2>
					<row3>	-0.4796 0.4447 1.6953 1.0000	</row3>
				</transform>
			</node>
			<node>
				<identifier>	MP_RM284_Hatch_INDEX_11	</identifier>
				<transform>
					<row0>	1.0000 0.0000 0.0000 0.0000	</row0>
					<row1>	0.0000 1.0000 0.0000 0.0000	</row1>
					<row2>	0.0000 0.0000 1.0000 0.0000	</row2>
					<row3>	-0.4644 0.4451 2.8962 1.0000	</row3>
				</transform>
			</node>
			<node>
				<identifier>	MP_RM284_Hatch_INDEX_12	</identifier>
				<transform>
					<row0>	0.0000 0.0000 1.0000 0.0000	</row0>
					<row1>	0.0000 1.0000 0.0000 0.0000	</row1>
					<row2>	-1.0000 0.0000 0.0000 0.0000	</row2>
					<row3>	-0.6539 0.4342 1.2903 1.0000	</row3>
				</transform>
			</node>
			<node>
				<identifier>	MP_RM284_Hatch_INDEX_13	</identifier>
				<transform>
					<row0>	1.0000 0.0000 0.0000 0.0000	</row0>
					<row1>	0.0000 1.0000 0.0000 0.0000	</row1>
					<row2>	0.0000 0.0000 1.0000 0.0000	</row2>
					<row3>	-0.5564 0.4367 3.4929 1.0000	</row3>
				</transform>
			</node>
			<node>
				<identifier>	MP_RM284_Hatch_INDEX_14	</identifier>
				<transform>
					<row0>	1.0000 0.0000 0.0000 0.0000	</row0>
					<row1>	0.0000 1.0000 0.0000 0.0000	</row1>
					<row2>	0.0000 0.0000 1.0000 0.0000	</row2>
					<row3>	0.4671 0.4452 -0.2082 1.0000	</row3>
				</transform>
			</node>
			<node>
				<identifier>	MP_RM284_Hatch_INDEX_15	</identifier>
				<transform>
					<row0>	0.0000 0.0000 -1.0000 0.0000	</row0>
					<row1>	0.0000 1.0000 0.0000 0.0000	</row1>
					<row2>	1.0000 0.0000 0.0000 0.0000	</row2>
					<row3>	0.2802 0.4483 2.6987 1.0000	</row3>
				</transform>
			</node>
			<node>
				<identifier>	MP_RM284_Hatch_INDEX_16	</identifier>
				<transform>
					<row0>	1.0000 0.0000 0.0000 0.0000	</row0>
					<row1>	0.0000 1.0000 0.0000 0.0000	</row1>
					<row2>	0.0000 0.0000 1.0000 0.0000	</row2>
					<row3>	-0.6507 0.4364 0.7924 1.0000	</row3>
				</transform>
			</node>
			<node>
				<identifier>	MP_RM284_Hatch_INDEX_2	</identifier>
				<transform>
					<row0>	1.0000 0.0000 0.0000 0.0000	</row0>
					<row1>	0.0000 1.0000 0.0000 0.0000	</row1>
					<row2>	0.0000 0.0000 1.0000 0.0000	</row2>
					<row3>	-0.4222 0.4452 0.9903 1.0000	</row3>
				</transform>
			</node>
			<node>
				<identifier>	MP_RM284_Hatch_INDEX_3	</identifier>
				<transform>
					<row0>	0.0000 0.0000 1.0000 0.0000	</row0>
					<row1>	0.0000 1.0000 0.0000 0.0000	</row1>
					<row2>	-1.0000 0.0000 0.0000 0.0000	</row2>
					<row3>	-0.2724 0.4477 1.3471 1.0000	</row3>
				</transform>
			</node>
			<node>
				<identifier>	MP_RM284_Hatch_INDEX_4	</identifier>
				<transform>
					<row0>	1.0000 0.0000 0.0000 0.0000	</row0>
					<row1>	0.0000 1.0000 0.0000 0.0000	</row1>
					<row2>	0.0000 0.0000 1.0000 0.0000	</row2>
					<row3>	0.2297 0.4508 0.7944 1.0000	</row3>
				</transform>
			</node>
			<node>
				<identifier>	MP_RM284_Hatch_INDEX_5	</identifier>
				<transform>
					<row0>	0.0000 0.0000 1.0000 0.0000	</row0>
					<row1>	0.0000 1.0000 0.0000 0.0000	</row1>
					<row2>	-1.0000 0.0000 0.0000 0.0000	</row2>
					<row3>	-0.2802 0.4483 2.6987 1.0000	</row3>
				</transform>
			</node>
			<node>
				<identifier>	MP_RM284_Hatch_INDEX_6	</identifier>
				<transform>
					<row0>	1.0000 0.0000 0.0000 0.0000	</row0>
					<row1>	0.0000 1.0000 0.0000 0.0000	</row1>
					<row2>	0.0000 0.0000 1.0000 0.0000	</row2>
					<row3>	0.4644 0.4451 2.8962 1.0000	</row3>
				</transform>
			</node>
			<node>
				<identifier>	MP_RM284_Hatch_INDEX_7	</identifier>
				<transform>
					<row0>	1.0000 0.0000 0.0000 0.0000	</row0>
					<row1>	0.0000 1.0000 0.0000 0.0000	</row1>
					<row2>	0.0000 0.0000 1.0000 0.0000	</row2>
					<row3>	0.4796 0.4447 1.6953 1.0000	</row3>
				</transform>
			</node>
			<node>
				<identifier>	MP_RM284_Hatch_INDEX_8	</identifier>
				<transform>
					<row0>	1.0000 0.0000 0.0000 0.0000	</row0>
					<row1>	0.0000 1.0000 0.0000 0.0000	</row1>
					<row2>	0.0000 0.0000 1.0000 0.0000	</row2>
					<row3>	0.6546 0.4341 0.5952 1.0000	</row3>
				</transform>
			</node>
			<node>
				<identifier>	MP_RM284_Hatch_INDEX_9	</identifier>
				<transform>
					<row0>	1.0000 0.0000 0.0000 0.0000	</row0>
					<row1>	0.0000 1.0000 0.0000 0.0000	</row1>
					<row2>	0.0000 0.0000 1.0000 0.0000	</row2>
					<row3>	0.5092 0.4386 3.5960 1.0000	</row3>
				</transform>
			</node>
			<node>
				<identifier>	MP_RM286_Hatch	</identifier>
				<transform>
					<row0>	-1.0000 0.0000 0.0000 0.0000	</row0>
					<row1>	0.0000 1.0000 0.0000 0.0000	</row1>
					<row2>	0.0000 0.0000 -1.0000 0.0000	</row2>
					<row3>	-0.3100 0.4468 4.2929 1.0000	</row3>
				</transform>
			</node>
			<node>
				<identifier>	MP_RM286_Hatch_INDEX_1	</identifier>
				<transform>
					<row0>	-1.0000 0.0000 0.0000 0.0000	</row0>
					<row1>	0.0000 1.0000 0.0000 0.0000	</row1>
					<row2>	0.0000 0.0000 -1.0000 0.0000	</row2>
					<row3>	-0.4471 0.4426 3.6964 1.0000	</row3>
				</transform>
			</node>
			<node>
				<identifier>	MP_RM286_Hatch_INDEX_2	</identifier>
				<transform>
					<row0>	-1.0000 0.0000 0.0000 0.0000	</row0>
					<row1>	0.0000 1.0000 0.0000 0.0000	</row1>
					<row2>	0.0000 0.0000 -1.0000 0.0000	</row2>
					<row3>	0.2357 0.4499 3.8974 1.0000	</row3>
				</transform>
			</node>
			<node>
				<identifier>	MP_RM286_Hatch_INDEX_3	</identifier>
				<transform>
					<row0>	-1.0000 0.0000 0.0000 0.0000	</row0>
					<row1>	0.0000 1.0000 0.0000 0.0000	</row1>
					<row2>	0.0000 0.0000 -1.0000 0.0000	</row2>
					<row3>	0.4846 0.4380 4.0969 1.0000	</row3>
				</transform>
			</node>
			<node>
				<identifier>	MP_RM286_Hatch_INDEX_4	</identifier>
				<transform>
					<row0>	-1.0000 0.0000 0.0000 0.0000	</row0>
					<row1>	0.0000 1.0000 0.0000 0.0000	</row1>
					<row2>	0.0000 0.0000 -1.0000 0.0000	</row2>
					<row3>	-0.7962 0.4266 1.8883 1.0000	</row3>
				</transform>
			</node>
			<node>
				<identifier>	MP_RM286_Hatch_INDEX_5	</identifier>
				<transform>
					<row0>	-1.0000 0.0000 0.0000 0.0000	</row0>
					<row1>	0.0000 1.0000 0.0000 0.0000	</row1>
					<row2>	0.0000 0.0000 -1.0000 0.0000	</row2>
					<row3>	0.7962 0.4266 1.8883 1.0000	</row3>
				</transform>
			</node>
			<node>
				<identifier>	MP_RM289_Reel	</identifier>
				<transform>
					<row0>	-0.9997 -0.0243 0.0000 0.0000	</row0>
					<row1>	-0.0243 0.9997 0.0000 0.0000	</row1>
					<row2>	0.0000 0.0000 -1.0000 0.0000	</row2>
					<row3>	-0.1476 0.4549 4.0464 1.0000	</row3>
				</transform>
			</node>
			<node>
				<identifier>	MP_RM289_Reel_INDEX_1	</identifier>
				<transform>
					<row0>	-0.9997 0.0243 0.0000 0.0000	</row0>
					<row1>	0.0243 0.9997 0.0000 0.0000	</row1>
					<row2>	0.0000 0.0000 -1.0000 0.0000	</row2>
					<row3>	0.1476 0.4549 4.0464 1.0000	</row3>
				</transform>
			</node>
			<node>
				<identifier>	MP_RM289_Reel_INDEX_2	</identifier>
				<transform>
					<row0>	-0.9997 0.0251 0.0000 0.0000	</row0>
					<row1>	0.0251 0.9997 0.0000 0.0000	</row1>
					<row2>	0.0000 0.0000 -1.0000 0.0000	</row2>
					<row3>	0.0709 0.4571 1.4891 1.0000	</row3>
				</transform>
			</node>
			<node>
				<identifier>	MP_RM289_Reel_INDEX_3	</identifier>
				<transform>
					<row0>	-0.9997 -0.0251 0.0000 0.0000	</row0>
					<row1>	-0.0251 0.9997 0.0000 0.0000	</row1>
					<row2>	0.0000 0.0000 -1.0000 0.0000	</row2>
					<row3>	-0.0709 0.4571 1.4891 1.0000	</row3>
				</transform>
			</node>
			<node>
				<identifier>	MP_RM289_Reel_INDEX_4	</identifier>
				<transform>
					<row0>	-0.9982 0.0604 0.0000 0.0000	</row0>
					<row1>	0.0604 0.9982 0.0000 0.0000	</row1>
					<row2>	0.0000 0.0000 -1.0000 0.0000	</row2>
					<row3>	0.6525 0.4354 3.0669 1.0000	</row3>
				</transform>
			</node>
			<node>
				<identifier>	MP_RM289_Reel_INDEX_5	</identifier>
				<transform>
					<row0>	-0.9982 -0.0604 0.0000 0.0000	</row0>
					<row1>	-0.0604 0.9982 0.0000 0.0000	</row1>
					<row2>	0.0000 0.0000 -1.0000 0.0000	</row2>
					<row3>	-0.6525 0.4354 3.0669 1.0000	</row3>
				</transform>
			</node>
			<node>
				<identifier>	MP_RM292_Reel	</identifier>
				<transform>
					<row0>	0.9985 0.0547 0.0000 0.0000	</row0>
					<row1>	-0.0547 0.9985 0.0000 0.0000	</row1>
					<row2>	0.0000 0.0000 1.0000 0.0000	</row2>
					<row3>	-0.5980 0.4390 0.9986 1.0000	</row3>
				</transform>
			</node>
			<node>
				<identifier>	MP_RM292_Reel_INDEX_1	</identifier>
				<transform>
					<row0>	0.9985 -0.0547 0.0000 0.0000	</row0>
					<row1>	0.0547 0.9985 0.0000 0.0000	</row1>
					<row2>	0.0000 0.0000 1.0000 0.0000	</row2>
					<row3>	0.5980 0.4390 0.9986 1.0000	</row3>
				</transform>
			</node>
			<node>
				<identifier>	MP_RM293_Reel	</identifier>
				<transform>
					<row0>	0.8399 0.0000 -0.5428 0.0000	</row0>
					<row1>	0.0000 1.0000 0.0000 0.0000	</row1>
					<row2>	0.5428 0.0000 0.8399 0.0000	</row2>
					<row3>	0.2421 0.4523 2.4033 1.0000	</row3>
				</transform>
			</node>
			<node>
				<identifier>	MP_RM293_Reel_INDEX_1	</identifier>
				<transform>
					<row0>	0.8399 0.0000 0.5428 0.0000	</row0>
					<row1>	0.0000 1.0000 0.0000 0.0000	</row1>
					<row2>	-0.5428 0.0000 0.8399 0.0000	</row2>
					<row3>	-0.2421 0.4523 2.4033 1.0000	</row3>
				</transform>
			</node>
			<node>
				<identifier>	MP_RM295_Ventilation	</identifier>
				<transform>
					<row0>	-1.3921 0.0000 0.0000 0.0000	</row0>
					<row1>	0.0000 1.3921 0.0000 0.0000	</row1>
					<row2>	0.0000 0.0000 -1.3921 0.0000	</row2>
					<row3>	0.0964 0.4287 3.7897 1.0000	</row3>
				</transform>
			</node>
			<node>
				<identifier>	MP_RM295_Ventilation_INDEX_1	</identifier>
				<transform>
					<row0>	-1.3921 0.0000 0.0000 0.0000	</row0>
					<row1>	0.0000 1.3921 0.0000 0.0000	</row1>
					<row2>	0.0000 0.0000 -1.3921 0.0000	</row2>
					<row3>	-0.0325 0.4539 0.6948 1.0000	</row3>
				</transform>
			</node>
			<node>
				<identifier>	MP_RM295_Ventilation_INDEX_10	</identifier>
				<transform>
					<row0>	-1.3921 0.0000 0.0000 0.0000	</row0>
					<row1>	0.0000 1.3921 0.0000 0.0000	</row1>
					<row2>	0.0000 0.0000 -1.3921 0.0000	</row2>
					<row3>	0.4182 0.4278 3.1825 1.0000	</row3>
				</transform>
			</node>
			<node>
				<identifier>	MP_RM295_Ventilation_INDEX_11	</identifier>
				<transform>
					<row0>	-1.3921 0.0000 0.0000 0.0000	</row0>
					<row1>	0.0000 1.3921 0.0000 0.0000	</row1>
					<row2>	0.0000 0.0000 -1.3921 0.0000	</row2>
					<row3>	-0.4412 0.4455 2.1151 1.0000	</row3>
				</transform>
			</node>
			<node>
				<identifier>	MP_RM295_Ventilation_INDEX_12	</identifier>
				<transform>
					<row0>	-1.3921 0.0000 0.0000 0.0000	</row0>
					<row1>	0.0000 1.3921 0.0000 0.0000	</row1>
					<row2>	0.0000 0.0000 -1.3921 0.0000	</row2>
					<row3>	0.1271 0.4455 -0.1888 1.0000	</row3>
				</transform>
			</node>
			<node>
				<identifier>	MP_RM295_Ventilation_INDEX_13	</identifier>
				<transform>
					<row0>	-1.3921 0.0000 0.0000 0.0000	</row0>
					<row1>	0.0000 1.3921 0.0000 0.0000	</row1>
					<row2>	0.0000 0.0000 -1.3921 0.0000	</row2>
					<row3>	0.2919 0.4277 3.6924 1.0000	</row3>
				</transform>
			</node>
			<node>
				<identifier>	MP_RM295_Ventilation_INDEX_14	</identifier>
				<transform>
					<row0>	-1.3921 0.0000 0.0000 0.0000	</row0>
					<row1>	0.0000 1.3921 0.0000 0.0000	</row1>
					<row2>	0.0000 0.0000 -1.3921 0.0000	</row2>
					<row3>	-0.3071 0.4455 -0.0870 1.0000	</row3>
				</transform>
			</node>
			<node>
				<identifier>	MP_RM295_Ventilation_INDEX_15	</identifier>
				<transform>
					<row0>	-1.3921 0.0000 0.0000 0.0000	</row0>
					<row1>	0.0000 1.3921 0.0000 0.0000	</row1>
					<row2>	0.0000 0.0000 -1.3921 0.0000	</row2>
					<row3>	-0.2645 0.4455 0.6127 1.0000	</row3>
				</transform>
			</node>
			<node>
				<identifier>	MP_RM295_Ventilation_INDEX_16	</identifier>
				<transform>
					<row0>	-1.3921 0.0000 0.0000 0.0000	</row0>
					<row1>	0.0000 1.3921 0.0000 0.0000	</row1>
					<row2>	0.0000 0.0000 -1.3921 0.0000	</row2>
					<row3>	0.4412 0.4455 2.1151 1.0000	</row3>
				</transform>
			</node>
			<node>
				<identifier>	MP_RM295_Ventilation_INDEX_17	</identifier>
				<transform>
					<row0>	-1.3921 0.0000 0.0000 0.0000	</row0>
					<row1>	0.0000 1.3921 0.0000 0.0000	</row1>
					<row2>	0.0000 0.0000 -1.3921 0.0000	</row2>
					<row3>	0.2577 0.4287 2.9872 1.0000	</row3>
				</transform>
			</node>
			<node>
				<identifier>	MP_RM295_Ventilation_INDEX_2	</identifier>
				<transform>
					<row0>	-1.3921 0.0000 0.0000 0.0000	</row0>
					<row1>	0.0000 1.3921 0.0000 0.0000	</row1>
					<row2>	0.0000 0.0000 -1.3921 0.0000	</row2>
					<row3>	-0.3668 0.4287 3.0867 1.0000	</row3>
				</transform>
			</node>
			<node>
				<identifier>	MP_RM295_Ventilation_INDEX_3	</identifier>
				<transform>
					<row0>	-1.3921 0.0000 0.0000 0.0000	</row0>
					<row1>	0.0000 1.3921 0.0000 0.0000	</row1>
					<row2>	0.0000 0.0000 -1.3921 0.0000	</row2>
					<row3>	0.2462 0.4455 -0.1243 1.0000	</row3>
				</transform>
			</node>
			<node>
				<identifier>	MP_RM295_Ventilation_INDEX_4	</identifier>
				<transform>
					<row0>	-1.3921 0.0000 0.0000 0.0000	</row0>
					<row1>	0.0000 1.3921 0.0000 0.0000	</row1>
					<row2>	0.0000 0.0000 -1.3921 0.0000	</row2>
					<row3>	-0.3057 0.4287 3.0149 1.0000	</row3>
				</transform>
			</node>
			<node>
				<identifier>	MP_RM295_Ventilation_INDEX_5	</identifier>
				<transform>
					<row0>	-1.3921 0.0000 0.0000 0.0000	</row0>
					<row1>	0.0000 1.3921 0.0000 0.0000	</row1>
					<row2>	0.0000 0.0000 -1.3921 0.0000	</row2>
					<row3>	0.3790 0.4455 0.4795 1.0000	</row3>
				</transform>
			</node>
			<node>
				<identifier>	MP_RM295_Ventilation_INDEX_6	</identifier>
				<transform>
					<row0>	-1.3921 0.0000 0.0000 0.0000	</row0>
					<row1>	0.0000 1.3921 0.0000 0.0000	</row1>
					<row2>	0.0000 0.0000 -1.3921 0.0000	</row2>
					<row3>	0.3302 0.4455 1.6924 1.0000	</row3>
				</transform>
			</node>
			<node>
				<identifier>	MP_RM295_Ventilation_INDEX_7	</identifier>
				<transform>
					<row0>	-1.3921 0.0000 0.0000 0.0000	</row0>
					<row1>	0.0000 1.3921 0.0000 0.0000	</row1>
					<row2>	0.0000 0.0000 -1.3921 0.0000	</row2>
					<row3>	-0.1866 0.4455 1.5887 1.0000	</row3>
				</transform>
			</node>
			<node>
				<identifier>	MP_RM295_Ventilation_INDEX_8	</identifier>
				<transform>
					<row0>	-1.3921 0.0000 0.0000 0.0000	</row0>
					<row1>	0.0000 1.3921 0.0000 0.0000	</row1>
					<row2>	0.0000 0.0000 -1.3921 0.0000	</row2>
					<row3>	-0.1290 0.4287 3.7762 1.0000	</row3>
				</transform>
			</node>
			<node>
				<identifier>	MP_RM295_Ventilation_INDEX_9	</identifier>
				<transform>
					<row0>	-1.3921 0.0000 0.0000 0.0000	</row0>
					<row1>	0.0000 1.3921 0.0000 0.0000	</row1>
					<row2>	0.0000 0.0000 -1.3921 0.0000	</row2>
					<row3>	-0.3302 0.4455 1.6924 1.0000	</row3>
				</transform>
			</node>
			<node>
				<identifier>	MP_RM299_Cart_for_Paravane	</identifier>
				<transform>
					<row0>	0.9996 -0.0266 -0.0068 0.0000	</row0>
					<row1>	0.0266 0.9996 0.0000 0.0000	</row1>
					<row2>	0.0068 -0.0002 1.0000 0.0000	</row2>
					<row3>	0.4538 0.4482 1.9533 1.0000	</row3>
				</transform>
			</node>
			<node>
				<identifier>	MP_RM299_Cart_for_Paravane_INDEX_1	</identifier>
				<transform>
					<row0>	0.9996 0.0266 0.0068 0.0000	</row0>
					<row1>	-0.0266 0.9996 0.0000 0.0000	</row1>
					<row2>	-0.0068 -0.0002 1.0000 0.0000	</row2>
					<row3>	-0.4538 0.4482 1.9533 1.0000	</row3>
				</transform>
			</node>
			<node>
				<identifier>	MP_RM344_Crane_Paravane	</identifier>
				<transform>
					<row0>	0.9836 0.0000 0.1804 0.0000	</row0>
					<row1>	0.0000 1.0000 0.0000 0.0000	</row1>
					<row2>	-0.1804 0.0000 0.9836 0.0000	</row2>
					<row3>	0.7751 0.4293 4.0461 1.0000	</row3>
				</transform>
			</node>
			<node>
				<identifier>	MP_RM344_Crane_Paravane_INDEX_1	</identifier>
				<transform>
					<row0>	0.9836 0.0000 -0.1804 0.0000	</row0>
					<row1>	0.0000 1.0000 0.0000 0.0000	</row1>
					<row2>	0.1804 0.0000 0.9836 0.0000	</row2>
					<row3>	-0.7751 0.4293 4.0461 1.0000	</row3>
				</transform>
			</node>
			<node>
				<identifier>	SP_YMS011_YHWL_M_1_INDEX_3	</identifier>
				<transform>
					<row0>	0.9873 0.0000 -0.1590 0.0000	</row0>
					<row1>	0.0000 1.0000 0.0000 0.0000	</row1>
					<row2>	0.1590 0.0000 0.9873 0.0000	</row2>
					<row3>	-0.9222 0.0000 3.5439 1.0000	</row3>
				</transform>
			</node>
			<node>
				<identifier>	SP_YMS011_YHWL_M_1_INDEX_4	</identifier>
				<transform>
					<row0>	0.9980 0.0000 -0.0640 0.0000	</row0>
					<row1>	0.0000 1.0000 0.0000 0.0000	</row1>
					<row2>	0.0640 0.0000 0.9980 0.0000	</row2>
					<row3>	-1.0202 0.0000 2.7091 1.0000	</row3>
				</transform>
			</node>
			<node>
				<identifier>	SP_YMS011_YHWL_M_1_INDEX_5	</identifier>
				<transform>
					<row0>	0.9997 0.0000 -0.0264 0.0000	</row0>
					<row1>	0.0000 1.0000 0.0000 0.0000	</row1>
					<row2>	0.0264 0.0000 0.9997 0.0000	</row2>
					<row3>	-1.0612 0.0000 1.8681 1.0000	</row3>
				</transform>
			</node>
			<node>
				<identifier>	SP_YMS011_YHWL_M_1_INDEX_6	</identifier>
				<transform>
					<row0>	0.9999 0.0000 -0.0108 0.0000	</row0>
					<row1>	0.0000 1.0000 0.0000 0.0000	</row1>
					<row2>	0.0108 0.0000 0.9999 0.0000	</row2>
					<row3>	-1.0769 0.0000 1.0237 1.0000	</row3>
				</transform>
			</node>
			<node>
				<identifier>	SP_YMS011_YHWL_M_1_INDEX_7	</identifier>
				<transform>
					<row0>	1.0000 0.0000 -0.0015 0.0000	</row0>
					<row1>	0.0000 1.0000 0.0000 0.0000	</row1>
					<row2>	0.0015 0.0000 1.0000 0.0000	</row2>
					<row3>	-1.0768 0.0000 0.1855 1.0000	</row3>
				</transform>
			</node>
			<node>
				<identifier>	SP_YMS012_YHWR_M_1_INDEX_3	</identifier>
				<transform>
					<row0>	0.9873 0.0000 0.1590 0.0000	</row0>
					<row1>	0.0000 1.0000 0.0000 0.0000	</row1>
					<row2>	-0.1590 0.0000 0.9873 0.0000	</row2>
					<row3>	0.9222 0.0000 3.5439 1.0000	</row3>
				</transform>
			</node>
			<node>
				<identifier>	SP_YMS012_YHWR_M_1_INDEX_4	</identifier>
				<transform>
					<row0>	0.9980 0.0000 0.0640 0.0000	</row0>
					<row1>	0.0000 1.0000 0.0000 0.0000	</row1>
					<row2>	-0.0640 0.0000 0.9980 0.0000	</row2>
					<row3>	1.0202 0.0000 2.7091 1.0000	</row3>
				</transform>
			</node>
			<node>
				<identifier>	SP_YMS012_YHWR_M_1_INDEX_5	</identifier>
				<transform>
					<row0>	0.9997 0.0000 0.0264 0.0000	</row0>
					<row1>	0.0000 1.0000 0.0000 0.0000	</row1>
					<row2>	-0.0264 0.0000 0.9997 0.0000	</row2>
					<row3>	1.0612 0.0000 1.8681 1.0000	</row3>
				</transform>
			</node>
			<node>
				<identifier>	SP_YMS012_YHWR_M_1_INDEX_6	</identifier>
				<transform>
					<row0>	0.9999 0.0000 0.0108 0.0000	</row0>
					<row1>	0.0000 1.0000 0.0000 0.0000	</row1>
					<row2>	-0.0108 0.0000 0.9999 0.0000	</row2>
					<row3>	1.0769 0.0000 1.0237 1.0000	</row3>
				</transform>
			</node>
			<node>
				<identifier>	SP_YMS012_YHWR_M_1_INDEX_7	</identifier>
				<transform>
					<row0>	1.0000 0.0000 0.0015 0.0000	</row0>
					<row1>	0.0000 1.0000 0.0000 0.0000	</row1>
					<row2>	-0.0015 0.0000 1.0000 0.0000	</row2>
					<row3>	1.0768 0.0000 0.1855 1.0000	</row3>
				</transform>
			</node>
			<node>
				<identifier>	SP_YMS021_YHUC_S_1	</identifier>
				<transform>
					<row0>	-1.5000 0.0000 0.0000 0.0000	</row0>
					<row1>	0.0000 -1.4999 0.0156 0.0000	</row1>
					<row2>	0.0000 0.0156 1.4999 0.0000	</row2>
					<row3>	-0.5522 -0.7173 2.5838 1.0000	</row3>
				</transform>
			</node>
			<node>
				<identifier>	SP_YMS021_YHUC_S_1_INDEX_1	</identifier>
				<transform>
					<row0>	-1.5000 0.0000 0.0000 0.0000	</row0>
					<row1>	0.0000 -1.4999 0.0156 0.0000	</row1>
					<row2>	0.0000 0.0156 1.4999 0.0000	</row2>
					<row3>	0.5522 -0.7173 2.5838 1.0000	</row3>
				</transform>
			</node>
			<node>
				<identifier>	SP_YMS021_YHUC_S_1_INDEX_10	</identifier>
				<transform>
					<row0>	-1.5000 0.0000 0.0000 0.0000	</row0>
					<row1>	0.0000 -1.5000 0.0000 0.0000	</row1>
					<row2>	0.0000 0.0000 1.5000 0.0000	</row2>
					<row3>	-0.5383 -0.7173 -0.0863 1.0000	</row3>
				</transform>
			</node>
			<node>
				<identifier>	SP_YMS021_YHUC_S_1_INDEX_11	</identifier>
				<transform>
					<row0>	-1.5000 0.0000 0.0000 0.0000	</row0>
					<row1>	0.0000 -1.5000 0.0000 0.0000	</row1>
					<row2>	0.0000 0.0000 1.5000 0.0000	</row2>
					<row3>	0.5383 -0.7173 -0.0863 1.0000	</row3>
				</transform>
			</node>
			<node>
				<identifier>	SP_YMS021_YHUC_S_1_INDEX_2	</identifier>
				<transform>
					<row0>	0.2875 1.4722 -0.0090 0.0000	</row0>
					<row1>	-1.8640 0.3644 0.0510 0.0000	</row1>
					<row2>	0.0412 0.0011 1.4994 0.0000	</row2>
					<row3>	-1.1964 -0.3752 1.2471 1.0000	</row3>
				</transform>
			</node>
			<node>
				<identifier>	SP_YMS021_YHUC_S_1_INDEX_3	</identifier>
				<transform>
					<row0>	0.2875 -1.4722 0.0090 0.0000	</row0>
					<row1>	1.8640 0.3644 0.0510 0.0000	</row1>
					<row2>	-0.0412 0.0011 1.4994 0.0000	</row2>
					<row3>	1.1964 -0.3752 1.2471 1.0000	</row3>
				</transform>
			</node>
			<node>
				<identifier>	SP_YMS021_YHUC_S_1_INDEX_4	</identifier>
				<transform>
					<row0>	-1.5000 0.0000 0.0000 0.0000	</row0>
					<row1>	0.0000 -1.5000 0.0000 0.0000	</row1>
					<row2>	0.0000 0.0000 1.5000 0.0000	</row2>
					<row3>	-0.7840 -0.7173 1.2188 1.0000	</row3>
				</transform>
			</node>
			<node>
				<identifier>	SP_YMS021_YHUC_S_1_INDEX_5	</identifier>
				<transform>
					<row0>	-1.5000 0.0000 0.0000 0.0000	</row0>
					<row1>	0.0000 -1.5000 0.0000 0.0000	</row1>
					<row2>	0.0000 0.0000 1.5000 0.0000	</row2>
					<row3>	0.7840 -0.7173 1.2188 1.0000	</row3>
				</transform>
			</node>
			<node>
				<identifier>	SP_YMS021_YHUC_S_1_INDEX_6	</identifier>
				<transform>
					<row0>	0.2701 1.4755 -0.0039 0.0000	</row0>
					<row1>	-1.8687 0.3421 0.0271 0.0000	</row1>
					<row2>	0.0218 0.0000 1.4998 0.0000	</row2>
					<row3>	-1.2114 -0.3753 0.6108 1.0000	</row3>
				</transform>
			</node>
			<node>
				<identifier>	SP_YMS021_YHUC_S_1_INDEX_7	</identifier>
				<transform>
					<row0>	0.2701 -1.4755 0.0039 0.0000	</row0>
					<row1>	1.8687 0.3421 0.0271 0.0000	</row1>
					<row2>	-0.0218 0.0000 1.4998 0.0000	</row2>
					<row3>	1.2114 -0.3753 0.6108 1.0000	</row3>
				</transform>
			</node>
			<node>
				<identifier>	SP_YMS021_YHUC_S_1_INDEX_8	</identifier>
				<transform>
					<row0>	0.3180 1.4659 0.0000 0.0000	</row0>
					<row1>	-1.8568 0.4028 0.0000 0.0000	</row1>
					<row2>	0.0000 0.0000 1.5000 0.0000	</row2>
					<row3>	-1.2156 -0.3753 -0.0494 1.0000	</row3>
				</transform>
			</node>
			<node>
				<identifier>	SP_YMS021_YHUC_S_1_INDEX_9	</identifier>
				<transform>
					<row0>	0.3180 -1.4659 0.0000 0.0000	</row0>
					<row1>	1.8568 0.4028 0.0000 0.0000	</row1>
					<row2>	0.0000 0.0000 1.5000 0.0000	</row2>
					<row3>	1.2156 -0.3753 -0.0494 1.0000	</row3>
				</transform>
			</node>
			<node>
				<identifier>	SP_YMS022_YHUS_L_1	</identifier>
				<transform>
					<row0>	-0.1781 -0.0014 -0.9840 0.0000	</row0>
					<row1>	-0.3801 0.9225 0.0675 0.0000	</row1>
					<row2>	0.9077 0.3860 -0.1648 0.0000	</row2>
					<row3>	-0.8371 -0.5426 3.3627 1.0000	</row3>
				</transform>
			</node>
			<node>
				<identifier>	SP_YMS022_YHUS_L_1_INDEX_1	</identifier>
				<transform>
					<row0>	-0.1781 0.0014 0.9840 0.0000	</row0>
					<row1>	0.3801 0.9225 0.0675 0.0000	</row1>
					<row2>	-0.9077 0.3860 -0.1648 0.0000	</row2>
					<row3>	0.8371 -0.5426 3.3627 1.0000	</row3>
				</transform>
			</node>
			<node>
				<identifier>	SP_YMS022_YHUS_L_1_INDEX_2	</identifier>
				<transform>
					<row0>	-0.1126 -0.0056 -0.9936 0.0000	</row0>
					<row1>	-0.1920 0.9813 0.0163 0.0000	</row1>
