<ASA010_Ranger_1944_Bow_ports.visual>
	<node>
		<identifier>	Scene Root	</identifier>
		<transform>
			<row0>	1.0000 0.0000 0.0000 0.0000	</row0>
			<row1>	0.0000 1.0000 0.0000 0.0000	</row1>
			<row2>	0.0000 0.0000 1.0000 0.0000	</row2>
			<row3>	0.0000 0.0000 0.0000 1.0000	</row3>
		</transform>
		<node>
			<identifier>	Bow_ports	</identifier>
			<transform>
				<row0>	1.0000 0.0000 0.0000 0.0000	</row0>
				<row1>	0.0000 1.0000 0.0000 0.0000	</row1>
				<row2>	0.0000 0.0000 1.0000 0.0000	</row2>
				<row3>	0.0000 0.0000 0.0000 1.0000	</row3>
			</transform>
			<node>
				<identifier>	HP_AD_1	</identifier>
				<transform>
					<row0>	1.0000 0.0000 0.0000 0.0000	</row0>
					<row1>	0.0000 1.0000 0.0000 0.0000	</row1>
					<row2>	0.0000 0.0000 1.0000 0.0000	</row2>
					<row3>	0.0000 0.8630 7.4491 1.0000	</row3>
				</transform>
			</node>
			<node>
				<identifier>	HP_AGA_1	</identifier>
				<transform>
					<row0>	1.0000 0.0000 0.0000 0.0000	</row0>
					<row1>	0.0000 1.0000 0.0000 0.0000	</row1>
					<row2>	0.0000 0.0000 1.0000 0.0000	</row2>
					<row3>	0.0000 0.7772 7.6675 1.0000	</row3>
				</transform>
			</node>
			<node>
				<identifier>	HP_AGA_10	</identifier>
				<transform>
					<row0>	0.0000 0.0000 1.0000 0.0000	</row0>
					<row1>	0.0000 1.0000 0.0000 0.0000	</row1>
					<row2>	-1.0000 0.0000 0.0000 0.0000	</row2>
					<row3>	-0.8049 1.0344 6.1486 1.0000	</row3>
				</transform>
			</node>
			<node>
				<identifier>	HP_AGA_11	</identifier>
				<transform>
					<row0>	0.0000 0.0000 -1.0000 0.0000	</row0>
					<row1>	0.0000 1.0000 0.0000 0.0000	</row1>
					<row2>	1.0000 0.0000 0.0000 0.0000	</row2>
					<row3>	0.8050 1.0344 6.1492 1.0000	</row3>
				</transform>
			</node>
			<node>
				<identifier>	HP_AGA_2	</identifier>
				<transform>
					<row0>	0.0000 0.0000 1.0000 0.0000	</row0>
					<row1>	0.0000 1.0000 0.0000 0.0000	</row1>
					<row2>	-1.0000 0.0000 0.0000 0.0000	</row2>
					<row3>	-0.8049 1.0344 7.3006 1.0000	</row3>
				</transform>
			</node>
			<node>
				<identifier>	HP_AGA_3	</identifier>
				<transform>
					<row0>	0.0000 0.0000 -1.0000 0.0000	</row0>
					<row1>	0.0000 1.0000 0.0000 0.0000	</row1>
					<row2>	1.0000 0.0000 0.0000 0.0000	</row2>
					<row3>	0.8050 1.0344 7.3006 1.0000	</row3>
				</transform>
			</node>
			<node>
				<identifier>	HP_AGA_4	</identifier>
				<transform>
					<row0>	0.0000 0.0000 1.0000 0.0000	</row0>
					<row1>	0.0000 1.0000 0.0000 0.0000	</row1>
					<row2>	-1.0000 0.0000 0.0000 0.0000	</row2>
					<row3>	-0.8049 1.0336 6.9877 1.0000	</row3>
				</transform>
			</node>
			<node>
				<identifier>	HP_AGA_5	</identifier>
				<transform>
					<row0>	0.0000 0.0000 -1.0000 0.0000	</row0>
					<row1>	0.0000 1.0000 0.0000 0.0000	</row1>
					<row2>	1.0000 0.0000 0.0000 0.0000	</row2>
					<row3>	0.8050 1.0336 6.9877 1.0000	</row3>
				</transform>
			</node>
			<node>
				<identifier>	HP_AGA_6	</identifier>
				<transform>
					<row0>	0.0000 0.0000 1.0000 0.0000	</row0>
					<row1>	0.0000 1.0000 0.0000 0.0000	</row1>
					<row2>	-1.0000 0.0000 0.0000 0.0000	</row2>
					<row3>	-0.8049 1.0344 6.7196 1.0000	</row3>
				</transform>
			</node>
			<node>
				<identifier>	HP_AGA_7	</identifier>
				<transform>
					<row0>	0.0000 0.0000 -1.0000 0.0000	</row0>
					<row1>	0.0000 1.0000 0.0000 0.0000	</row1>
					<row2>	1.0000 0.0000 0.0000 0.0000	</row2>
					<row3>	0.8050 1.0344 6.7196 1.0000	</row3>
				</transform>
			</node>
			<node>
				<identifier>	HP_AGA_8	</identifier>
				<transform>
					<row0>	0.0000 0.0000 1.0000 0.0000	</row0>
					<row1>	0.0000 1.0000 0.0000 0.0000	</row1>
					<row2>	-1.0000 0.0000 0.0000 0.0000	</row2>
					<row3>	-0.8049 1.0336 6.4291 1.0000	</row3>
				</transform>
			</node>
			<node>
				<identifier>	HP_AGA_9	</identifier>
				<transform>
					<row0>	0.0000 0.0000 -1.0000 0.0000	</row0>
					<row1>	0.0000 1.0000 0.0000 0.0000	</row1>
					<row2>	1.0000 0.0000 0.0000 0.0000	</row2>
					<row3>	0.8050 1.0336 6.4291 1.0000	</row3>
				</transform>
			</node>
			<node>
				<identifier>	HP_AGS_1	</identifier>
				<transform>
					<row0>	1.0000 0.0000 0.0000 0.0000	</row0>
					<row1>	0.0000 1.0000 0.0000 0.0000	</row1>
					<row2>	0.0000 0.0000 1.0000 0.0000	</row2>
					<row3>	-0.7386 0.9167 5.4387 1.0000	</row3>
				</transform>
			</node>
			<node>
				<identifier>	HP_AGS_2	</identifier>
				<transform>
					<row0>	1.0000 0.0000 0.0000 0.0000	</row0>
					<row1>	0.0000 1.0000 0.0000 0.0000	</row1>
					<row2>	0.0000 0.0000 1.0000 0.0000	</row2>
					<row3>	0.7386 0.9166 5.4387 1.0000	</row3>
				</transform>
			</node>
			<node>
				<identifier>	HP_AGS_3	</identifier>
				<transform>
					<row0>	1.0000 0.0000 0.0000 0.0000	</row0>
					<row1>	0.0000 1.0000 0.0000 0.0000	</row1>
					<row2>	0.0000 0.0000 1.0000 0.0000	</row2>
					<row3>	-0.7766 0.9166 4.9333 1.0000	</row3>
				</transform>
			</node>
			<node>
				<identifier>	HP_AGS_4	</identifier>
				<transform>
					<row0>	1.0000 0.0000 0.0000 0.0000	</row0>
					<row1>	0.0000 1.0000 0.0000 0.0000	</row1>
					<row2>	0.0000 0.0000 1.0000 0.0000	</row2>
					<row3>	0.7766 0.9166 4.9333 1.0000	</row3>
				</transform>
			</node>
			<node>
				<identifier>	HP_FX_Fire_1	</identifier>
				<transform>
					<row0>	1.0000 0.0000 0.0000 0.0000	</row0>
					<row1>	0.0000 1.0000 0.0000 0.0000	</row1>
					<row2>	0.0000 0.0000 1.0000 0.0000	</row2>
					<row3>	0.3675 1.1043 5.5929 1.0000	</row3>
				</transform>
			</node>
			<node>
				<identifier>	HP_FX_Fire_1_side_1	</identifier>
				<transform>
					<row0>	0.8624 0.5063 0.0000 0.0000	</row0>
					<row1>	-0.5063 0.8624 0.0000 0.0000	</row1>
					<row2>	0.0000 0.0000 1.0000 0.0000	</row2>
					<row3>	-0.5913 1.1560 7.0771 1.0000	</row3>
				</transform>
			</node>
			<node>
				<identifier>	HP_FX_Flood_steam_left	</identifier>
				<transform>
					<row0>	-1.0000 0.0000 0.0000 0.0000	</row0>
					<row1>	0.0000 1.0000 0.0000 0.0000	</row1>
					<row2>	0.0000 0.0000 -1.0000 0.0000	</row2>
					<row3>	-0.6997 1.0675 5.8271 1.0000	</row3>
				</transform>
			</node>
			<node>
				<identifier>	HP_FX_Flood_water_left_4	</identifier>
				<transform>
					<row0>	-0.9916 0.0000 0.1297 0.0000	</row0>
					<row1>	0.0000 1.0000 0.0000 0.0000	</row1>
					<row2>	-0.1297 0.0000 -0.9916 0.0000	</row2>
					<row3>	-0.3488 0.1429 5.1269 1.0000	</row3>
				</transform>
			</node>
			<node>
				<identifier>	HP_FX_Flood_water_right_4	</identifier>
				<transform>
					<row0>	1.0000 0.0000 0.0000 0.0000	</row0>
					<row1>	0.0000 1.0000 0.0000 0.0000	</row1>
					<row2>	0.0000 0.0000 1.0000 0.0000	</row2>
					<row3>	0.3494 0.1356 5.1076 1.0000	</row3>
				</transform>
			</node>
			<node>
				<identifier>	HP_FX_WakeTrace	</identifier>
				<transform>
					<row0>	1.0000 0.0000 0.0000 0.0000	</row0>
					<row1>	0.0000 1.0000 0.0000 0.0000	</row1>
					<row2>	0.0000 0.0000 1.0000 0.0000	</row2>
					<row3>	0.0000 0.0000 7.4192 1.0000	</row3>
				</transform>
			</node>
			<node>
				<identifier>	HP_LiftOffPoint	</identifier>
				<transform>
					<row0>	1.0000 0.0000 0.0000 0.0000	</row0>
					<row1>	0.0000 1.0000 0.0000 0.0000	</row1>
					<row2>	0.0000 0.0000 1.0000 0.0000	</row2>
					<row3>	0.0042 1.1314 7.4524 1.0000	</row3>
				</transform>
			</node>
			<node>
				<identifier>	HP_Ship_death_1	</identifier>
				<transform>
					<row0>	1.0000 0.0000 0.0000 0.0000	</row0>
					<row1>	0.0000 1.0000 0.0000 0.0000	</row1>
					<row2>	0.0000 0.0000 1.0000 0.0000	</row2>
					<row3>	0.0000 0.0000 4.5848 1.0000	</row3>
				</transform>
			</node>
			<node>
				<identifier>	MP_AM023_Hatch_1	</identifier>
				<transform>
					<row0>	1.0000 0.0000 0.0000 0.0000	</row0>
					<row1>	0.0000 1.0000 0.0000 0.0000	</row1>
					<row2>	0.0000 0.0000 1.0000 0.0000	</row2>
					<row3>	0.2259 0.7449 7.0399 1.0000	</row3>
				</transform>
			</node>
			<node>
				<identifier>	MP_AM023_Hatch_1_INDEX_1	</identifier>
				<transform>
					<row0>	1.0000 0.0000 0.0000 0.0000	</row0>
					<row1>	0.0000 1.0000 0.0000 0.0000	</row1>
					<row2>	0.0000 0.0000 1.0000 0.0000	</row2>
					<row3>	0.0000 0.7505 7.2392 1.0000	</row3>
				</transform>
			</node>
			<node>
				<identifier>	MP_AM026_Break_Handwheel_1	</identifier>
				<transform>
					<row0>	1.0000 0.0000 0.0000 0.0000	</row0>
					<row1>	0.0000 1.0000 0.0000 0.0000	</row1>
					<row2>	0.0000 0.0000 1.0000 0.0000	</row2>
					<row3>	-0.1286 0.7401 6.6350 1.0000	</row3>
				</transform>
			</node>
			<node>
				<identifier>	MP_AM026_Break_Handwheel_1_INDEX_1	</identifier>
				<transform>
					<row0>	1.0000 0.0000 0.0000 0.0000	</row0>
					<row1>	0.0000 1.0000 0.0000 0.0000	</row1>
					<row2>	0.0000 0.0000 1.0000 0.0000	</row2>
					<row3>	0.0191 0.7401 6.6266 1.0000	</row3>
				</transform>
			</node>
			<node>
				<identifier>	MP_AM026_Break_Handwheel_1_INDEX_2	</identifier>
				<transform>
					<row0>	1.0000 0.0000 0.0000 0.0000	</row0>
					<row1>	0.0000 1.0000 0.0000 0.0000	</row1>
					<row2>	0.0000 0.0000 1.0000 0.0000	</row2>
					<row3>	-0.0191 0.7401 6.6266 1.0000	</row3>
				</transform>
			</node>
			<node>
				<identifier>	MP_AM026_Break_Handwheel_1_INDEX_3	</identifier>
				<transform>
					<row0>	1.0000 0.0000 0.0000 0.0000	</row0>
					<row1>	0.0000 1.0000 0.0000 0.0000	</row1>
					<row2>	0.0000 0.0000 1.0000 0.0000	</row2>
					<row3>	0.1277 0.7401 6.6350 1.0000	</row3>
				</transform>
			</node>
			<node>
				<identifier>	MP_AM029_Ammunition_Box3	</identifier>
				<transform>
					<row0>	-0.0902 0.0000 0.9959 0.0000	</row0>
					<row1>	0.0000 1.0000 0.0000 0.0000	</row1>
					<row2>	-0.9959 0.0000 -0.0902 0.0000	</row2>
					<row3>	0.8086 0.9160 5.2536 1.0000	</row3>
				</transform>
			</node>
			<node>
				<identifier>	MP_AM029_Ammunition_Box3_INDEX_1	</identifier>
				<transform>
					<row0>	-0.0902 0.0000 0.9959 0.0000	</row0>
					<row1>	0.0000 1.0000 0.0000 0.0000	</row1>
					<row2>	-0.9959 0.0000 -0.0902 0.0000	</row2>
					<row3>	0.8190 0.9160 5.1379 1.0000	</row3>
				</transform>
			</node>
			<node>
				<identifier>	MP_AM029_Ammunition_Box3_INDEX_2	</identifier>
				<transform>
					<row0>	-0.0903 0.0000 -0.9959 0.0000	</row0>
					<row1>	0.0000 1.0000 0.0000 0.0000	</row1>
					<row2>	0.9959 0.0000 -0.0903 0.0000	</row2>
					<row3>	-0.5610 0.9160 5.6005 1.0000	</row3>
				</transform>
			</node>
			<node>
				<identifier>	MP_AM029_Ammunition_Box3_INDEX_3	</identifier>
				<transform>
					<row0>	-0.0902 0.0000 0.9959 0.0000	</row0>
					<row1>	0.0000 1.0000 0.0000 0.0000	</row1>
					<row2>	-0.9959 0.0000 -0.0902 0.0000	</row2>
					<row3>	0.5593 0.9160 5.5998 1.0000	</row3>
				</transform>
			</node>
			<node>
				<identifier>	MP_AM029_Ammunition_Box3_INDEX_4	</identifier>
				<transform>
					<row0>	-0.0903 0.0000 -0.9959 0.0000	</row0>
					<row1>	0.0000 1.0000 0.0000 0.0000	</row1>
					<row2>	0.9959 0.0000 -0.0903 0.0000	</row2>
					<row3>	-0.8087 0.9160 5.2536 1.0000	</row3>
				</transform>
			</node>
			<node>
				<identifier>	MP_AM029_Ammunition_Box3_INDEX_5	</identifier>
				<transform>
					<row0>	-0.0903 0.0000 -0.9959 0.0000	</row0>
					<row1>	0.0000 1.0000 0.0000 0.0000	</row1>
					<row2>	0.9959 0.0000 -0.0903 0.0000	</row2>
					<row3>	-0.8184 0.9160 5.1379 1.0000	</row3>
				</transform>
			</node>
			<node>
				<identifier>	MP_AM077_Paravane	</identifier>
				<transform>
					<row0>	0.0000 0.0000 -1.0000 0.0000	</row0>
					<row1>	0.9970 -0.0772 0.0000 0.0000	</row1>
					<row2>	-0.0772 -0.9970 0.0000 0.0000	</row2>
					<row3>	0.5306 0.8414 5.7436 1.0000	</row3>
				</transform>
			</node>
			<node>
				<identifier>	MP_AM077_Paravane_INDEX_1	</identifier>
				<transform>
					<row0>	0.0000 0.0000 1.0000 0.0000	</row0>
					<row1>	-0.9970 -0.0772 0.0000 0.0000	</row1>
					<row2>	0.0772 -0.9970 0.0000 0.0000	</row2>
					<row3>	-0.5306 0.8414 5.7458 1.0000	</row3>
				</transform>
			</node>
			<node>
				<identifier>	MP_AM103_Hatch_4	</identifier>
				<transform>
					<row0>	1.0000 0.0000 0.0000 0.0000	</row0>
					<row1>	0.0000 1.0000 0.0000 0.0000	</row1>
					<row2>	0.0000 0.0000 1.0000 0.0000	</row2>
					<row3>	0.3583 0.7374 6.5310 1.0000	</row3>
				</transform>
			</node>
			<node>
				<identifier>	MP_AM103_Hatch_4_INDEX_1	</identifier>
				<transform>
					<row0>	1.0000 0.0000 0.0000 0.0000	</row0>
					<row1>	0.0000 1.0000 0.0000 0.0000	</row1>
					<row2>	0.0000 0.0000 1.0000 0.0000	</row2>
					<row3>	-0.3582 0.7374 6.5310 1.0000	</row3>
				</transform>
			</node>
			<node>
				<identifier>	MP_AM189_Gasoline_Station	</identifier>
				<transform>
					<row0>	0.0000 0.0000 0.6872 0.0000	</row0>
					<row1>	0.0000 0.6872 0.0000 0.0000	</row1>
					<row2>	-0.6872 0.0000 0.0000 0.0000	</row2>
					<row3>	-0.6951 1.0354 7.2043 1.0000	</row3>
				</transform>
			</node>
			<node>
				<identifier>	MP_AM189_Gasoline_Station_INDEX_1	</identifier>
				<transform>
					<row0>	0.0000 0.0000 0.6872 0.0000	</row0>
					<row1>	0.0000 0.6872 0.0000 0.0000	</row1>
					<row2>	-0.6872 0.0000 0.0000 0.0000	</row2>
					<row3>	-0.6951 1.0354 6.3527 1.0000	</row3>
				</transform>
			</node>
			<node>
				<identifier>	MP_AM189_Gasoline_Station_INDEX_2	</identifier>
				<transform>
					<row0>	0.0000 0.0000 -0.6872 0.0000	</row0>
					<row1>	0.0000 0.6872 0.0000 0.0000	</row1>
					<row2>	0.6872 0.0000 0.0000 0.0000	</row2>
					<row3>	0.6951 1.0354 6.3527 1.0000	</row3>
				</transform>
			</node>
			<node>
				<identifier>	MP_AM189_Gasoline_Station_INDEX_3	</identifier>
				<transform>
					<row0>	0.0000 0.0000 -0.6872 0.0000	</row0>
					<row1>	0.0000 0.6872 0.0000 0.0000	</row1>
					<row2>	0.6872 0.0000 0.0000 0.0000	</row2>
					<row3>	0.6951 1.0354 7.2043 1.0000	</row3>
				</transform>
			</node>
			<node>
				<identifier>	MP_AM201_Ventilation_6	</identifier>
				<transform>
					<row0>	0.4981 0.0000 0.0000 0.0000	</row0>
					<row1>	0.0000 0.4981 0.0000 0.0000	</row1>
					<row2>	0.0000 0.0000 0.4981 0.0000	</row2>
					<row3>	-0.1041 0.7600 7.4841 1.0000	</row3>
				</transform>
			</node>
			<node>
				<identifier>	MP_AM288_Franklin_Life_Buoy	</identifier>
				<transform>
					<row0>	-0.7744 -0.6078 0.1755 0.0000	</row0>
					<row1>	-0.5917 0.7940 0.1393 0.0000	</row1>
					<row2>	-0.2240 0.0040 -0.9746 0.0000	</row2>
					<row3>	-0.6584 0.7269 6.1117 1.0000	</row3>
				</transform>
			</node>
			<node>
				<identifier>	MP_AM288_Franklin_Life_Buoy_INDEX_1	</identifier>
				<transform>
					<row0>	0.7756 -0.6078 0.1700 0.0000	</row0>
					<row1>	0.5948 0.7940 0.1252 0.0000	</row1>
					<row2>	-0.2111 0.0040 0.9775 0.0000	</row2>
					<row3>	0.6584 0.7269 6.1117 1.0000	</row3>
				</transform>
			</node>
			<node>
				<identifier>	MP_AM347_Fairlead	</identifier>
				<transform>
					<row0>	0.9778 0.0087 0.2093 0.0000	</row0>
					<row1>	-0.0058 0.9999 -0.0143 0.0000	</row1>
					<row2>	-0.2094 0.0128 0.9777 0.0000	</row2>
					<row3>	0.6383 0.7351 6.2224 1.0000	</row3>
				</transform>
			</node>
			<node>
				<identifier>	MP_AM347_Fairlead_INDEX_1	</identifier>
				<transform>
					<row0>	0.9774 0.0028 -0.2114 0.0000	</row0>
					<row1>	-0.0058 0.9999 -0.0135 0.0000	</row1>
					<row2>	0.2113 0.0144 0.9773 0.0000	</row2>
					<row3>	-0.5113 0.7429 6.8119 1.0000	</row3>
				</transform>
			</node>
			<node>
				<identifier>	MP_AM347_Fairlead_INDEX_2	</identifier>
				<transform>
					<row0>	0.9361 -0.0072 -0.3517 0.0000	</row0>
					<row1>	-0.0010 0.9997 -0.0231 0.0000	</row1>
					<row2>	0.3518 0.0220 0.9358 0.0000	</row2>
					<row3>	-0.3670 0.7545 7.3155 1.0000	</row3>
				</transform>
			</node>
			<node>
				<identifier>	MP_AM347_Fairlead_INDEX_3	</identifier>
				<transform>
					<row0>	0.9776 0.0027 -0.2102 0.0000	</row0>
					<row1>	-0.0058 0.9999 -0.0143 0.0000	</row1>
					<row2>	0.2102 0.0152 0.9775 0.0000	</row2>
					<row3>	-0.6386 0.7353 6.2220 1.0000	</row3>
				</transform>
			</node>
			<node>
				<identifier>	MP_AM347_Fairlead_INDEX_4	</identifier>
				<transform>
					<row0>	0.9424 0.0103 0.3342 0.0000	</row0>
					<row1>	-0.0024 0.9997 -0.0238 0.0000	</row1>
					<row2>	-0.3343 0.0216 0.9422 0.0000	</row2>
					<row3>	0.3690 0.7545 7.3158 1.0000	</row3>
				</transform>
			</node>
			<node>
				<identifier>	MP_AM347_Fairlead_INDEX_5	</identifier>
				<transform>
					<row0>	0.9772 0.0087 0.2120 0.0000	</row0>
					<row1>	-0.0058 0.9999 -0.0143 0.0000	</row1>
					<row2>	-0.2121 0.0128 0.9772 0.0000	</row2>
					<row3>	0.5108 0.7428 6.8124 1.0000	</row3>
				</transform>
			</node>
			<node>
				<identifier>	MP_AM349_Bollard	</identifier>
				<transform>
					<row0>	0.9744 0.0060 0.2248 0.0000	</row0>
					<row1>	-0.0025 0.9999 -0.0160 0.0000	</row1>
					<row2>	-0.2249 0.0150 0.9743 0.0000	</row2>
					<row3>	0.5414 0.7378 6.4817 1.0000	</row3>
				</transform>
			</node>
			<node>
				<identifier>	MP_AM349_Bollard_INDEX_1	</identifier>
				<transform>
					<row0>	0.9647 -0.0064 -0.2631 0.0000	</row0>
					<row1>	0.0000 0.9997 -0.0243 0.0000	</row1>
					<row2>	0.2632 0.0234 0.9645 0.0000	</row2>
					<row3>	-0.4039 0.7450 7.0721 1.0000	</row3>
				</transform>
			</node>
			<node>
				<identifier>	MP_AM349_Bollard_INDEX_2	</identifier>
				<transform>
					<row0>	0.9736 -0.0012 -0.2282 0.0000	</row0>
					<row1>	-0.0025 0.9999 -0.0160 0.0000	</row1>
					<row2>	0.2282 0.0161 0.9735 0.0000	</row2>
					<row3>	-0.5414 0.7378 6.4817 1.0000	</row3>
				</transform>
			</node>
			<node>
				<identifier>	MP_AM349_Bollard_INDEX_3	</identifier>
				<transform>
					<row0>	0.9604 0.0068 0.2784 0.0000	</row0>
					<row1>	0.0000 0.9997 -0.0243 0.0000	</row1>
					<row2>	-0.2785 0.0233 0.9602 0.0000	</row2>
					<row3>	0.4039 0.7450 7.0721 1.0000	</row3>
				</transform>
			</node>
			<node>
				<identifier>	MP_CM006_Anchor_2	</identifier>
				<transform>
					<row0>	0.7879 0.1142 0.6051 0.0000	</row0>
					<row1>	0.3398 0.7389 -0.5819 0.0000	</row1>
					<row2>	-0.5136 0.6641 0.5434 0.0000	</row2>
					<row3>	-0.1116 0.7317 7.2819 1.0000	</row3>
				</transform>
			</node>
			<node>
				<identifier>	MP_CM006_Anchor_2_INDEX_1	</identifier>
				<transform>
					<row0>	-0.7793 0.1254 0.6140 0.0000	</row0>
					<row1>	-0.3386 0.7401 -0.5811 0.0000	</row1>
					<row2>	-0.5273 -0.6607 -0.5343 0.0000	</row2>
					<row3>	0.1116 0.7317 7.2819 1.0000	</row3>
				</transform>
			</node>
			<node>
				<identifier>	MP_CM011_Fire_Fighting_Gear	</identifier>
				<transform>
					<row0>	0.0000 0.0000 1.0000 0.0000	</row0>
					<row1>	0.0000 1.0000 0.0000 0.0000	</row1>
					<row2>	-1.0000 0.0000 0.0000 0.0000	</row2>
					<row3>	0.5925 0.9169 5.1380 1.0000	</row3>
				</transform>
			</node>
			<node>
				<identifier>	MP_CM011_Fire_Fighting_Gear_INDEX_1	</identifier>
				<transform>
					<row0>	0.0000 0.0000 -1.0000 0.0000	</row0>
					<row1>	0.0000 1.0000 0.0000 0.0000	</row1>
					<row2>	1.0000 0.0000 0.0000 0.0000	</row2>
					<row3>	-0.5925 0.9168 5.1380 1.0000	</row3>
				</transform>
			</node>
			<node>
				<identifier>	MP_CM011_Fire_Fighting_Gear_INDEX_2	</identifier>
				<transform>
					<row0>	-1.0000 0.0000 0.0000 0.0000	</row0>
					<row1>	0.0000 1.0000 0.0000 0.0000	</row1>
					<row2>	0.0000 0.0000 -1.0000 0.0000	</row2>
					<row3>	0.5053 0.7315 6.0218 1.0000	</row3>
				</transform>
			</node>
			<node>
				<identifier>	MP_CM012_Fire_Hose_Rack_1	</identifier>
				<transform>
					<row0>	-1.0000 0.0000 0.0000 0.0000	</row0>
					<row1>	0.0000 1.0000 0.0000 0.0000	</row1>
					<row2>	0.0000 0.0000 -1.0000 0.0000	</row2>
					<row3>	0.5221 0.8315 5.9814 1.0000	</row3>
				</transform>
			</node>
			<node>
				<identifier>	MP_CM012_Fire_Hose_Rack_1_INDEX_1	</identifier>
				<transform>
					<row0>	-0.9965 0.0000 -0.0833 0.0000	</row0>
					<row1>	0.0000 1.0000 0.0000 0.0000	</row1>
					<row2>	0.0833 0.0000 -0.9965 0.0000	</row2>
					<row3>	0.5725 1.0035 5.1384 1.0000	</row3>
				</transform>
			</node>
			<node>
				<identifier>	MP_CM012_Fire_Hose_Rack_1_INDEX_2	</identifier>
				<transform>
					<row0>	0.9965 0.0000 -0.0833 0.0000	</row0>
					<row1>	0.0000 1.0000 0.0000 0.0000	</row1>
					<row2>	0.0833 0.0000 0.9965 0.0000	</row2>
					<row3>	-0.5754 1.0151 5.0989 1.0000	</row3>
				</transform>
			</node>
			<node>
				<identifier>	MP_CM013_Fire_Hose_Rack_2	</identifier>
				<transform>
					<row0>	-1.0000 0.0000 0.0000 0.0000	</row0>
					<row1>	0.0000 1.0000 0.0000 0.0000	</row1>
					<row2>	0.0000 0.0000 -1.0000 0.0000	</row2>
					<row3>	0.6771 1.0968 5.9675 1.0000	</row3>
				</transform>
			</node>
			<node>
				<identifier>	MP_CM013_Fire_Hose_Rack_2_INDEX_1	</identifier>
				<transform>
					<row0>	1.0000 0.0000 0.0000 0.0000	</row0>
					<row1>	0.0000 1.0000 0.0000 0.0000	</row1>
					<row2>	0.0000 0.0000 1.0000 0.0000	</row2>
					<row3>	-0.6771 1.0968 5.9679 1.0000	</row3>
				</transform>
			</node>
			<node>
				<identifier>	MP_CM029_Emergency_Box	</identifier>
				<transform>
					<row0>	0.0000 0.0000 -1.0000 0.0000	</row0>
					<row1>	0.0000 1.0000 0.0000 0.0000	</row1>
					<row2>	1.0000 0.0000 0.0000 0.0000	</row2>
					<row3>	-0.4982 0.8072 6.1130 1.0000	</row3>
				</transform>
			</node>
			<node>
				<identifier>	MP_CM029_Emergency_Box_INDEX_1	</identifier>
				<transform>
					<row0>	0.0000 0.0000 1.0000 0.0000	</row0>
					<row1>	0.0000 1.0000 0.0000 0.0000	</row1>
					<row2>	-1.0000 0.0000 0.0000 0.0000	</row2>
					<row3>	0.4982 0.8099 6.1232 1.0000	</row3>
				</transform>
			</node>
			<node>
				<identifier>	MP_CM051_Fire_Fighting_Gear	</identifier>
				<transform>
					<row0>	1.0000 0.0000 0.0000 0.0000	</row0>
					<row1>	0.0000 -1.0000 0.0000 0.0000	</row1>
					<row2>	0.0000 0.0000 -1.0000 0.0000	</row2>
					<row3>	0.6769 1.0492 5.9802 1.0000	</row3>
				</transform>
			</node>
			<node>
				<identifier>	MP_CM051_Fire_Fighting_Gear_INDEX_1	</identifier>
				<transform>
					<row0>	-1.0000 0.0000 0.0000 0.0000	</row0>
					<row1>	0.0000 1.0000 0.0000 0.0000	</row1>
					<row2>	0.0000 0.0000 -1.0000 0.0000	</row2>
					<row3>	-0.6772 1.0492 5.9802 1.0000	</row3>
				</transform>
			</node>
		</node>
	</node>
	<boundingBox>
		<min>	-0.0667 -0.0667 -0.0667	</min>
		<max>	0.0667 0.0667 0.0667	</max>
	</boundingBox>
</ASA010_Ranger_1944_Bow_ports.visual>
