<RSS009_S189_1954_MidFront_ports.visual>
	<node>
		<identifier>	Scene Root	</identifier>
		<transform>
			<row0>	1.0000 0.0000 0.0000 0.0000	</row0>
			<row1>	0.0000 1.0000 0.0000 0.0000	</row1>
			<row2>	0.0000 0.0000 1.0000 0.0000	</row2>
			<row3>	0.0000 0.0000 0.0000 1.0000	</row3>
		</transform>
		<node>
			<identifier>	MidFront_ports	</identifier>
			<transform>
				<row0>	1.0000 0.0000 0.0000 0.0000	</row0>
				<row1>	0.0000 1.0000 0.0000 0.0000	</row1>
				<row2>	0.0000 0.0000 1.0000 0.0000	</row2>
				<row3>	0.0000 0.0000 0.0000 1.0000	</row3>
			</transform>
			<node>
				<identifier>	HP_FX_Descent_3	</identifier>
				<transform>
					<row0>	0.2621 -0.9650 0.0000 0.0000	</row0>
					<row1>	-0.9650 -0.2621 0.0000 0.0000	</row1>
					<row2>	0.0000 0.0000 -1.0000 0.0000	</row2>
					<row3>	-0.1620 -0.1409 1.0781 1.0000	</row3>
				</transform>
			</node>
			<node>
				<identifier>	HP_FX_Fire_1	</identifier>
				<transform>
					<row0>	1.0000 0.0000 0.0000 0.0000	</row0>
					<row1>	0.0000 1.0000 0.0000 0.0000	</row1>
					<row2>	0.0000 0.0000 1.0000 0.0000	</row2>
					<row3>	0.0000 0.3189 0.4033 1.0000	</row3>
				</transform>
			</node>
			<node>
				<identifier>	HP_FX_Fire_2	</identifier>
				<transform>
					<row0>	1.0000 0.0000 0.0000 0.0000	</row0>
					<row1>	0.0000 1.0000 0.0000 0.0000	</row1>
					<row2>	0.0000 0.0000 1.0000 0.0000	</row2>
					<row3>	0.0000 0.3319 0.2427 1.0000	</row3>
				</transform>
			</node>
			<node>
				<identifier>	HP_FX_FloodLight_left_1	</identifier>
				<transform>
					<row0>	-0.9880 0.0000 -0.1543 0.0000	</row0>
					<row1>	0.0000 1.0000 0.0000 0.0000	</row1>
					<row2>	0.1543 0.0000 -0.9880 0.0000	</row2>
					<row3>	-0.0653 0.1880 0.2911 1.0000	</row3>
				</transform>
			</node>
			<node>
				<identifier>	HP_FX_FloodLight_right_1	</identifier>
				<transform>
					<row0>	1.0000 0.0000 0.0000 0.0000	</row0>
					<row1>	0.0000 1.0000 0.0000 0.0000	</row1>
					<row2>	0.0000 0.0000 1.0000 0.0000	</row2>
					<row3>	0.0674 0.1933 0.3112 1.0000	</row3>
				</transform>
			</node>
			<node>
				<identifier>	HP_FX_Flood_water_left_2	</identifier>
				<transform>
					<row0>	-0.9104 -0.4136 0.0000 0.0000	</row0>
					<row1>	-0.4136 0.9104 0.0000 0.0000	</row1>
					<row2>	0.0000 0.0000 -1.0000 0.0000	</row2>
					<row3>	-0.1052 0.0579 1.0354 1.0000	</row3>
				</transform>
			</node>
			<node>
				<identifier>	HP_FX_Flood_water_right_2	</identifier>
				<transform>
					<row0>	0.9700 -0.2432 0.0000 0.0000	</row0>
					<row1>	0.2432 0.9700 0.0000 0.0000	</row1>
					<row2>	0.0000 0.0000 1.0000 0.0000	</row2>
					<row3>	0.1021 0.0520 1.2735 1.0000	</row3>
				</transform>
			</node>
			<node>
				<identifier>	HP_FX_Runoff_deluge_left_1	</identifier>
				<transform>
					<row0>	-0.9995 0.0000 0.0304 0.0000	</row0>
					<row1>	0.0000 1.0000 0.0000 0.0000	</row1>
					<row2>	-0.0304 0.0000 -0.9995 0.0000	</row2>
					<row3>	-0.1101 0.0471 1.1947 1.0000	</row3>
				</transform>
			</node>
			<node>
				<identifier>	HP_FX_Runoff_deluge_left_2	</identifier>
				<transform>
					<row0>	-1.0000 -0.0007 -0.0065 0.0000	</row0>
					<row1>	-0.0008 0.9997 0.0225 0.0000	</row1>
					<row2>	0.0065 0.0225 -0.9997 0.0000	</row2>
					<row3>	-0.1124 0.0604 0.9179 1.0000	</row3>
				</transform>
			</node>
			<node>
				<identifier>	HP_FX_Runoff_deluge_left_3	</identifier>
				<transform>
					<row0>	-1.0000 -0.0007 -0.0065 0.0000	</row0>
					<row1>	-0.0008 0.9997 0.0225 0.0000	</row1>
					<row2>	0.0065 0.0225 -0.9997 0.0000	</row2>
					<row3>	-0.1058 0.0651 0.7164 1.0000	</row3>
				</transform>
			</node>
			<node>
				<identifier>	HP_FX_Runoff_deluge_left_4	</identifier>
				<transform>
					<row0>	-1.0000 -0.0007 -0.0065 0.0000	</row0>
					<row1>	-0.0008 0.9997 0.0225 0.0000	</row1>
					<row2>	0.0065 0.0225 -0.9997 0.0000	</row2>
					<row3>	-0.1046 0.0716 0.5613 1.0000	</row3>
				</transform>
			</node>
			<node>
				<identifier>	HP_FX_Runoff_deluge_left_5	</identifier>
				<transform>
					<row0>	-1.0000 -0.0007 -0.0065 0.0000	</row0>
					<row1>	-0.0008 0.9997 0.0225 0.0000	</row1>
					<row2>	0.0065 0.0225 -0.9997 0.0000	</row2>
					<row3>	-0.1041 0.0752 0.3658 1.0000	</row3>
				</transform>
			</node>
			<node>
				<identifier>	HP_FX_Runoff_deluge_left_6	</identifier>
				<transform>
					<row0>	-1.0000 -0.0007 -0.0065 0.0000	</row0>
					<row1>	-0.0008 0.9997 0.0225 0.0000	</row1>
					<row2>	0.0065 0.0225 -0.9997 0.0000	</row2>
					<row3>	-0.1024 0.0783 0.1675 1.0000	</row3>
				</transform>
			</node>
			<node>
				<identifier>	HP_FX_Runoff_deluge_right_1	</identifier>
				<transform>
					<row0>	0.9995 0.0000 0.0314 0.0000	</row0>
					<row1>	0.0000 1.0000 0.0000 0.0000	</row1>
					<row2>	-0.0314 0.0000 0.9995 0.0000	</row2>
					<row3>	0.1099 0.0470 1.1944 1.0000	</row3>
				</transform>
			</node>
			<node>
				<identifier>	HP_FX_Runoff_deluge_right_2	</identifier>
				<transform>
					<row0>	1.0000 -0.0006 -0.0066 0.0000	</row0>
					<row1>	0.0007 0.9997 0.0225 0.0000	</row1>
					<row2>	0.0066 -0.0225 0.9997 0.0000	</row2>
					<row3>	0.1119 0.0600 0.9175 1.0000	</row3>
				</transform>
			</node>
			<node>
				<identifier>	HP_FX_Runoff_deluge_right_3	</identifier>
				<transform>
					<row0>	1.0000 -0.0006 -0.0066 0.0000	</row0>
					<row1>	0.0007 0.9997 0.0225 0.0000	</row1>
					<row2>	0.0066 -0.0225 0.9997 0.0000	</row2>
					<row3>	0.1059 0.0650 0.7166 1.0000	</row3>
				</transform>
			</node>
			<node>
				<identifier>	HP_FX_Runoff_deluge_right_4	</identifier>
				<transform>
					<row0>	1.0000 -0.0006 -0.0066 0.0000	</row0>
					<row1>	0.0007 0.9997 0.0225 0.0000	</row1>
					<row2>	0.0066 -0.0225 0.9997 0.0000	</row2>
					<row3>	0.1049 0.0720 0.5617 1.0000	</row3>
				</transform>
			</node>
			<node>
				<identifier>	HP_FX_Runoff_deluge_right_5	</identifier>
				<transform>
					<row0>	1.0000 -0.0006 -0.0066 0.0000	</row0>
					<row1>	0.0007 0.9997 0.0225 0.0000	</row1>
					<row2>	0.0066 -0.0225 0.9997 0.0000	</row2>
					<row3>	0.1039 0.0750 0.3658 1.0000	</row3>
				</transform>
			</node>
			<node>
				<identifier>	HP_FX_Runoff_deluge_right_6	</identifier>
				<transform>
					<row0>	1.0000 -0.0006 -0.0066 0.0000	</row0>
					<row1>	0.0007 0.9997 0.0225 0.0000	</row1>
					<row2>	0.0066 -0.0225 0.9997 0.0000	</row2>
					<row3>	0.1029 0.0780 0.1679 1.0000	</row3>
				</transform>
			</node>
			<node>
				<identifier>	HP_FX_Runoff_left	</identifier>
				<transform>
					<row0>	-0.7804 0.6251 0.0125 0.0000	</row0>
					<row1>	0.6242 0.7801 -0.0429 0.0000	</row1>
					<row2>	-0.0365 -0.0257 -0.9990 0.0000	</row2>
					<row3>	-0.0680 0.1047 1.1477 1.0000	</row3>
				</transform>
			</node>
			<node>
				<identifier>	HP_FX_Runoff_left_1	</identifier>
				<transform>
					<row0>	-0.6071 0.7946 0.0087 0.0000	</row0>
					<row1>	0.7945 0.6071 -0.0093 0.0000	</row1>
					<row2>	-0.0126 0.0012 -0.9999 0.0000	</row2>
					<row3>	-0.0883 0.0967 0.2952 1.0000	</row3>
				</transform>
			</node>
			<node>
				<identifier>	HP_FX_Runoff_right	</identifier>
				<transform>
					<row0>	0.7804 0.6251 0.0126 0.0000	</row0>
					<row1>	-0.6242 0.7801 -0.0429 0.0000	</row1>
					<row2>	-0.0366 0.0257 0.9990 0.0000	</row2>
					<row3>	0.0680 0.1049 1.1474 1.0000	</row3>
				</transform>
			</node>
			<node>
				<identifier>	HP_FX_Runoff_right_1	</identifier>
				<transform>
					<row0>	0.6071 0.7946 0.0089 0.0000	</row0>
					<row1>	-0.7945 0.6072 -0.0096 0.0000	</row1>
					<row2>	-0.0131 -0.0012 0.9999 0.0000	</row2>
					<row3>	0.0880 0.0970 0.2949 1.0000	</row3>
				</transform>
			</node>
			<node>
				<identifier>	HP_FX_Runoff_tower_left_2	</identifier>
				<transform>
					<row0>	-0.9999 0.0000 0.0044 0.0000	</row0>
					<row1>	0.0000 1.0000 0.0000 0.0000	</row1>
					<row2>	-0.0044 0.0000 -0.9999 0.0000	</row2>
					<row3>	-0.0722 0.3324 0.4780 1.0000	</row3>
				</transform>
			</node>
			<node>
				<identifier>	HP_FX_Runoff_tower_right_2	</identifier>
				<transform>
					<row0>	-1.0000 0.0000 -0.0044 0.0000	</row0>
					<row1>	0.0000 1.0000 0.0000 0.0000	</row1>
					<row2>	0.0044 0.0000 -1.0000 0.0000	</row2>
					<row3>	0.0720 0.3328 0.4778 1.0000	</row3>
				</transform>
			</node>
			<node>
				<identifier>	HP_FX_Runoff_up_left	</identifier>
				<transform>
					<row0>	-0.9994 0.0020 0.0325 0.0000	</row0>
					<row1>	0.0017 1.0000 -0.0110 0.0000	</row1>
					<row2>	-0.0325 -0.0109 -0.9994 0.0000	</row2>
					<row3>	-0.0404 0.1179 1.2785 1.0000	</row3>
				</transform>
			</node>
			<node>
				<identifier>	HP_FX_Runoff_up_right	</identifier>
				<transform>
					<row0>	0.9995 0.0022 0.0324 0.0000	</row0>
					<row1>	-0.0018 0.9999 -0.0109 0.0000	</row1>
					<row2>	-0.0325 0.0109 0.9994 0.0000	</row2>
					<row3>	0.0400 0.1179 1.2784 1.0000	</row3>
				</transform>
			</node>
			<node>
				<identifier>	HP_FX_WakeTrace_periscope	</identifier>
				<transform>
					<row0>	1.0000 0.0000 0.0000 0.0000	</row0>
					<row1>	0.0000 1.0000 0.0000 0.0000	</row1>
					<row2>	0.0000 0.0000 1.0000 0.0000	</row2>
					<row3>	0.0000 0.3810 0.4180 1.0000	</row3>
				</transform>
			</node>
			<node>
				<identifier>	HP_FX_WakeTrace_tower	</identifier>
				<transform>
					<row0>	1.0000 0.0000 0.0000 0.0000	</row0>
					<row1>	0.0000 1.0000 0.0000 0.0000	</row1>
					<row2>	0.0000 0.0000 1.0000 0.0000	</row2>
					<row3>	-0.0016 0.1091 0.5998 1.0000	</row3>
				</transform>
			</node>
			<node>
				<identifier>	HP_Flagpole	</identifier>
				<transform>
					<row0>	0.3568 0.0000 0.0000 0.0000	</row0>
					<row1>	0.0000 0.3568 0.0000 0.0000	</row1>
					<row2>	0.0000 0.0000 0.3568 0.0000	</row2>
					<row3>	-0.0240 0.8178 0.3736 1.0000	</row3>
				</transform>
			</node>
			<node>
				<identifier>	HP_flag_1	</identifier>
				<transform>
					<row0>	0.9999 0.0131 0.0003 0.0000	</row0>
					<row1>	-0.0131 0.9990 0.0420 0.0000	</row1>
					<row2>	0.0003 -0.0420 0.9991 0.0000	</row2>
					<row3>	0.0214 0.8048 0.3732 1.0000	</row3>
				</transform>
			</node>
			<node>
				<identifier>	HP_flag_2	</identifier>
				<transform>
					<row0>	0.9957 0.0921 0.0019 0.0000	</row0>
					<row1>	-0.0921 0.9949 0.0418 0.0000	</row1>
					<row2>	0.0019 -0.0418 0.9991 0.0000	</row2>
					<row3>	-0.0663 0.8048 0.3733 1.0000	</row3>
				</transform>
			</node>
			<node>
				<identifier>	HP_flag_3	</identifier>
				<transform>
					<row0>	0.9956 0.0933 0.0008 0.0000	</row0>
					<row1>	-0.0933 0.9955 0.0173 0.0000	</row1>
					<row2>	0.0008 -0.0173 0.9998 0.0000	</row2>
					<row3>	-0.0128 0.8048 0.3731 1.0000	</row3>
				</transform>
			</node>
			<node>
				<identifier>	HP_flag_4	</identifier>
				<transform>
					<row0>	0.9999 0.0145 0.0005 0.0000	</row0>
					<row1>	-0.0145 0.9977 0.0669 0.0000	</row1>
					<row2>	0.0005 -0.0669 0.9978 0.0000	</row2>
					<row3>	-0.0333 0.8048 0.3731 1.0000	</row3>
				</transform>
			</node>
			<node>
				<identifier>	HP_flag_courtesy	</identifier>
				<transform>
					<row0>	0.9977 -0.0684 -0.0023 0.0000	</row0>
					<row1>	0.0684 0.9954 0.0668 0.0000	</row1>
					<row2>	-0.0023 -0.0668 0.9978 0.0000	</row2>
					<row3>	0.0566 0.8048 0.3729 1.0000	</row3>
				</transform>
			</node>
			<node>
				<identifier>	HP_flag_house	</identifier>
				<transform>
					<row0>	0.9837 0.1799 0.0016 0.0000	</row0>
					<row1>	-0.1799 0.9835 0.0171 0.0000	</row1>
					<row2>	0.0016 -0.0171 0.9999 0.0000	</row2>
					<row3>	-0.1034 0.8049 0.3731 1.0000	</row3>
				</transform>
			</node>
			<node>
				<identifier>	HP_flag_nation	</identifier>
				<transform>
					<row0>	1.0000 0.0000 0.0000 0.0000	</row0>
					<row1>	0.0000 0.9813 -0.1923 0.0000	</row1>
					<row2>	0.0000 0.1923 0.9813 0.0000	</row2>
					<row3>	0.0000 0.2449 -2.2621 1.0000	</row3>
				</transform>
			</node>
			<node>
				<identifier>	HP_flag_rank	</identifier>
				<transform>
					<row0>	1.0000 0.0000 0.0000 0.0000	</row0>
					<row1>	0.0000 0.9714 -0.2375 0.0000	</row1>
					<row2>	0.0000 0.2375 0.9714 0.0000	</row2>
					<row3>	0.0000 0.5084 0.0317 1.0000	</row3>
				</transform>
			</node>
			<node>
				<identifier>	MP_RM028_Signal_Lamp	</identifier>
				<transform>
					<row0>	1.2350 0.0000 0.0000 0.0000	</row0>
					<row1>	0.0000 0.6698 0.0000 0.0000	</row1>
					<row2>	0.0000 0.0000 1.2350 0.0000	</row2>
					<row3>	0.0000 0.3603 0.5870 1.0000	</row3>
				</transform>
			</node>
			<node>
				<identifier>	MP_RM230_Hatch	</identifier>
				<transform>
					<row0>	1.0000 0.0000 0.0000 0.0000	</row0>
					<row1>	0.0000 1.0000 0.0000 0.0000	</row1>
					<row2>	0.0000 0.0000 1.0000 0.0000	</row2>
					<row3>	0.0000 0.2335 0.4805 1.0000	</row3>
				</transform>
			</node>
		</node>
	</node>
	<boundingBox>
		<min>	-0.0667 -0.0667 -0.0667	</min>
		<max>	0.0667 0.0667 0.0667	</max>
	</boundingBox>
</RSS009_S189_1954_MidFront_ports.visual>
