<WSD007_Visby_1945_MidBack_ports.visual>
	<node>
		<identifier>	Scene Root	</identifier>
		<transform>
			<row0>	1.0000 0.0000 0.0000 0.0000	</row0>
			<row1>	0.0000 1.0000 0.0000 0.0000	</row1>
			<row2>	0.0000 0.0000 1.0000 0.0000	</row2>
			<row3>	0.0000 0.0000 0.0000 1.0000	</row3>
		</transform>
		<node>
			<identifier>	MidBack_ports	</identifier>
			<transform>
				<row0>	1.0000 0.0000 0.0000 0.0000	</row0>
				<row1>	0.0000 1.0000 0.0000 0.0000	</row1>
				<row2>	0.0000 0.0000 1.0000 0.0000	</row2>
				<row3>	0.0000 0.0000 0.0000 1.0000	</row3>
			</transform>
			<node>
				<identifier>	HP_FX_Fire_3	</identifier>
				<transform>
					<row0>	1.0000 0.0000 0.0000 0.0000	</row0>
					<row1>	0.0000 1.0000 0.0000 0.0000	</row1>
					<row2>	0.0000 0.0000 1.0000 0.0000	</row2>
					<row3>	0.0000 0.1780 -0.7944 1.0000	</row3>
				</transform>
			</node>
			<node>
				<identifier>	HP_FX_Fire_3_side_1	</identifier>
				<transform>
					<row0>	1.0000 0.0000 0.0000 0.0000	</row0>
					<row1>	0.0000 1.0000 0.0000 0.0000	</row1>
					<row2>	0.0000 0.0000 1.0000 0.0000	</row2>
					<row3>	-0.1908 0.1922 -0.5944 1.0000	</row3>
				</transform>
			</node>
			<node>
				<identifier>	HP_FX_Fire_3_side_2	</identifier>
				<transform>
					<row0>	1.0000 0.0000 0.0000 0.0000	</row0>
					<row1>	0.0000 1.0000 0.0000 0.0000	</row1>
					<row2>	0.0000 0.0000 1.0000 0.0000	</row2>
					<row3>	0.1997 0.1683 -1.3186 1.0000	</row3>
				</transform>
			</node>
			<node>
				<identifier>	HP_FX_Flood_steam_right	</identifier>
				<transform>
					<row0>	1.0000 0.0000 0.0000 0.0000	</row0>
					<row1>	0.0000 1.0000 0.0000 0.0000	</row1>
					<row2>	0.0000 0.0000 1.0000 0.0000	</row2>
					<row3>	0.2755 0.1246 -1.6459 1.0000	</row3>
				</transform>
			</node>
			<node>
				<identifier>	HP_FX_Flood_water_left_2	</identifier>
				<transform>
					<row0>	-0.9999 0.0000 0.0100 0.0000	</row0>
					<row1>	0.0000 1.0000 0.0000 0.0000	</row1>
					<row2>	-0.0100 0.0000 -0.9999 0.0000	</row2>
					<row3>	-0.2977 0.0263 -0.3891 1.0000	</row3>
				</transform>
			</node>
			<node>
				<identifier>	HP_FX_Flood_water_right_2	</identifier>
				<transform>
					<row0>	1.0000 0.0000 0.0000 0.0000	</row0>
					<row1>	0.0000 1.0000 0.0000 0.0000	</row1>
					<row2>	0.0000 0.0000 1.0000 0.0000	</row2>
					<row3>	0.2932 0.0694 -0.8988 1.0000	</row3>
				</transform>
			</node>
			<node>
				<identifier>	HP_FX_RepairLight_right_1	</identifier>
				<transform>
					<row0>	-0.0245 0.0000 -0.9997 0.0000	</row0>
					<row1>	-0.2037 0.9790 0.0050 0.0000	</row1>
					<row2>	0.9787 0.2037 -0.0240 0.0000	</row2>
					<row3>	0.2719 0.1598 -1.4942 1.0000	</row3>
				</transform>
			</node>
			<node>
				<identifier>	HP_Ship_death_2	</identifier>
				<transform>
					<row0>	1.0000 0.0000 0.0000 0.0000	</row0>
					<row1>	0.0000 1.0000 0.0000 0.0000	</row1>
					<row2>	0.0000 0.0000 1.0000 0.0000	</row2>
					<row3>	0.0000 0.0000 -0.3372 1.0000	</row3>
				</transform>
			</node>
			<node>
				<identifier>	HP_WGA_10	</identifier>
				<transform>
					<row0>	0.0000 0.0000 1.0000 0.0000	</row0>
					<row1>	0.0000 1.0000 0.0000 0.0000	</row1>
					<row2>	-1.0000 0.0000 0.0000 0.0000	</row2>
					<row3>	-0.1746 0.1676 -2.6479 1.0000	</row3>
				</transform>
			</node>
			<node>
				<identifier>	HP_WGA_11	</identifier>
				<transform>
					<row0>	0.0000 0.0000 -1.0000 0.0000	</row0>
					<row1>	0.0000 1.0000 0.0000 0.0000	</row1>
					<row2>	1.0000 0.0000 0.0000 0.0000	</row2>
					<row3>	0.1746 0.1676 -2.6479 1.0000	</row3>
				</transform>
			</node>
			<node>
				<identifier>	HP_WGA_9	</identifier>
				<transform>
					<row0>	-1.0000 0.0000 0.0000 0.0000	</row0>
					<row1>	0.0000 1.0000 0.0000 0.0000	</row1>
					<row2>	0.0000 0.0000 -1.0000 0.0000	</row2>
					<row3>	0.0000 0.3793 -0.8089 1.0000	</row3>
				</transform>
			</node>
			<node>
				<identifier>	HP_WGB_1	</identifier>
				<transform>
					<row0>	0.0000 0.0000 1.0000 0.0000	</row0>
					<row1>	0.0000 1.0000 0.0000 0.0000	</row1>
					<row2>	-1.0000 0.0000 0.0000 0.0000	</row2>
					<row3>	0.0000 0.1752 -2.4335 1.0000	</row3>
				</transform>
			</node>
			<node>
				<identifier>	HP_WGB_2	</identifier>
				<transform>
					<row0>	0.0000 0.0000 -1.0000 0.0000	</row0>
					<row1>	0.0000 1.0000 0.0000 0.0000	</row1>
					<row2>	1.0000 0.0000 0.0000 0.0000	</row2>
					<row3>	0.0000 0.1756 -2.5630 1.0000	</row3>
				</transform>
			</node>
			<node>
				<identifier>	HP_WGB_3	</identifier>
				<transform>
					<row0>	-0.8724 -0.0060 0.4888 0.0000	</row0>
					<row1>	-0.0017 1.0000 0.0094 0.0000	</row1>
					<row2>	-0.4889 0.0074 -0.8723 0.0000	</row2>
					<row3>	-0.2137 0.1685 -2.8417 1.0000	</row3>
				</transform>
			</node>
			<node>
				<identifier>	HP_WGB_4	</identifier>
				<transform>
					<row0>	-0.8724 0.0060 -0.4888 0.0000	</row0>
					<row1>	0.0017 1.0000 0.0094 0.0000	</row1>
					<row2>	0.4889 0.0074 -0.8723 0.0000	</row2>
					<row3>	0.2137 0.1685 -2.8417 1.0000	</row3>
				</transform>
			</node>
			<node>
				<identifier>	HP_WGM_2	</identifier>
				<transform>
					<row0>	-1.0000 0.0000 0.0000 0.0000	</row0>
					<row1>	0.0000 1.0000 0.0000 0.0000	</row1>
					<row2>	0.0000 0.0000 -1.0000 0.0000	</row2>
					<row3>	0.0000 0.3097 -1.6315 1.0000	</row3>
				</transform>
			</node>
			<node>
				<identifier>	HP_WGM_3	</identifier>
				<transform>
					<row0>	-1.0000 0.0000 0.0000 0.0000	</row0>
					<row1>	0.0000 1.0000 0.0000 0.0000	</row1>
					<row2>	0.0000 0.0000 -1.0000 0.0000	</row2>
					<row3>	0.0000 0.1642 -2.0860 1.0000	</row3>
				</transform>
			</node>
			<node>
				<identifier>	HP_WGT_1	</identifier>
				<transform>
					<row0>	1.0000 0.0000 0.0000 0.0000	</row0>
					<row1>	0.0000 1.0000 0.0000 0.0000	</row1>
					<row2>	0.0000 0.0000 1.0000 0.0000	</row2>
					<row3>	0.0000 0.2124 -0.4786 1.0000	</row3>
				</transform>
			</node>
			<node>
				<identifier>	HP_WGT_2	</identifier>
				<transform>
					<row0>	1.0000 0.0000 0.0000 0.0000	</row0>
					<row1>	0.0000 1.0000 0.0000 0.0000	</row1>
					<row2>	0.0000 0.0000 1.0000 0.0000	</row2>
					<row3>	0.0000 0.2010 -1.1700 1.0000	</row3>
				</transform>
			</node>
			<node>
				<identifier>	HP_flag_nation	</identifier>
				<transform>
					<row0>	1.0000 0.0000 0.0000 0.0000	</row0>
					<row1>	0.0000 1.0000 0.0000 0.0000	</row1>
					<row2>	0.0000 0.0000 1.0000 0.0000	</row2>
					<row3>	0.0000 0.5837 -1.4080 1.0000	</row3>
				</transform>
			</node>
			<node>
				<identifier>	MP_CM011_Fire_Fighting_Gear	</identifier>
				<transform>
					<row0>	-0.9063 0.0000 -0.4226 0.0000	</row0>
					<row1>	0.0000 1.0000 0.0000 0.0000	</row1>
					<row2>	0.4226 0.0000 -0.9063 0.0000	</row2>
					<row3>	-0.0490 0.1769 -1.4678 1.0000	</row3>
				</transform>
			</node>
			<node>
				<identifier>	MP_CM029_Emergency_Box	</identifier>
				<transform>
					<row0>	0.1008 0.0000 0.9949 0.0000	</row0>
					<row1>	0.0000 1.0000 0.0000 0.0000	</row1>
					<row2>	-0.9949 0.0000 0.1008 0.0000	</row2>
					<row3>	-0.1768 0.3489 -1.5849 1.0000	</row3>
				</transform>
			</node>
			<node>
				<identifier>	MP_CM029_Emergency_Box_INDEX_1	</identifier>
				<transform>
					<row0>	0.2009 0.0000 0.9796 0.0000	</row0>
					<row1>	0.0000 1.0000 0.0000 0.0000	</row1>
					<row2>	-0.9796 0.0000 0.2009 0.0000	</row2>
					<row3>	0.0634 0.2608 -0.8216 1.0000	</row3>
				</transform>
			</node>
			<node>
				<identifier>	MP_CM030_Swab_Rack_2	</identifier>
				<transform>
					<row0>	-0.2592 0.0000 -0.9658 0.0000	</row0>
					<row1>	0.0000 1.0000 0.0000 0.0000	</row1>
					<row2>	0.9658 0.0000 -0.2592 0.0000	</row2>
					<row3>	0.1175 0.1687 -1.7420 1.0000	</row3>
				</transform>
			</node>
			<node>
				<identifier>	MP_CM051_Fire_Fighting_Gear	</identifier>
				<transform>
					<row0>	-0.8660 0.0000 0.5000 0.0000	</row0>
					<row1>	0.0000 1.0000 0.0000 0.0000	</row1>
					<row2>	-0.5000 0.0000 -0.8660 0.0000	</row2>
					<row3>	-0.0514 0.2234 -0.7797 1.0000	</row3>
				</transform>
			</node>
			<node>
				<identifier>	MP_CM109_Leadsman_Platform	</identifier>
				<transform>
					<row0>	0.0000 0.7847 0.0000 0.0000	</row0>
					<row1>	-0.7847 0.0000 0.0000 0.0000	</row1>
					<row2>	0.0000 0.0000 0.7847 0.0000	</row2>
					<row3>	-0.1332 0.2264 -1.6332 1.0000	</row3>
				</transform>
			</node>
			<node>
				<identifier>	MP_CM127_Jacobs_ladder	</identifier>
				<transform>
					<row0>	0.9956 -0.0729 -0.0587 0.0000	</row0>
					<row1>	0.0728 0.9973 -0.0043 0.0000	</row1>
					<row2>	0.0588 0.0000 0.9983 0.0000	</row2>
					<row3>	0.2513 0.1777 -1.4558 1.0000	</row3>
				</transform>
			</node>
			<node>
				<identifier>	MP_CM127_Jacobs_ladder_INDEX_1	</identifier>
				<transform>
					<row0>	0.9956 0.0729 0.0587 0.0000	</row0>
					<row1>	-0.0728 0.9973 -0.0043 0.0000	</row1>
					<row2>	-0.0588 0.0000 0.9983 0.0000	</row2>
					<row3>	-0.2518 0.1777 -1.4558 1.0000	</row3>
				</transform>
			</node>
			<node>
				<identifier>	MP_CM733_Anchor_3_Black	</identifier>
				<transform>
					<row0>	0.0000 -0.7366 0.0000 0.0000	</row0>
					<row1>	0.7366 0.0000 0.0000 0.0000	</row1>
					<row2>	0.0000 0.0000 0.7366 0.0000	</row2>
					<row3>	0.0344 0.1873 -1.3943 1.0000	</row3>
				</transform>
			</node>
			<node>
				<identifier>	MP_WM004_Life_buoy	</identifier>
				<transform>
					<row0>	0.0222 0.0000 -0.9998 0.0000	</row0>
					<row1>	0.0000 1.0000 0.0000 0.0000	</row1>
					<row2>	0.9998 0.0000 0.0222 0.0000	</row2>
					<row3>	-0.2651 0.2366 -1.5492 1.0000	</row3>
				</transform>
			</node>
			<node>
				<identifier>	MP_WM004_Life_buoy_INDEX_1	</identifier>
				<transform>
					<row0>	0.0222 0.0000 0.9998 0.0000	</row0>
					<row1>	0.0000 1.0000 0.0000 0.0000	</row1>
					<row2>	-0.9998 0.0000 0.0222 0.0000	</row2>
					<row3>	0.2651 0.2366 -1.5492 1.0000	</row3>
				</transform>
			</node>
			<node>
				<identifier>	MP_WM013_Fire_Hose_Rack_Box	</identifier>
				<transform>
					<row0>	0.6802 0.0000 -0.7330 0.0000	</row0>
					<row1>	0.0000 1.0000 0.0000 0.0000	</row1>
					<row2>	0.7330 0.0000 0.6802 0.0000	</row2>
					<row3>	-0.0854 0.2237 -1.5022 1.0000	</row3>
				</transform>
			</node>
			<node>
				<identifier>	MP_WM021_Torpedo_trolley_SW	</identifier>
				<transform>
					<row0>	1.0999 0.0000 0.0125 0.0000	</row0>
					<row1>	0.0003 1.0997 -0.0250 0.0000	</row1>
					<row2>	-0.0125 0.0250 1.0996 0.0000	</row2>
					<row3>	-0.2313 0.1815 -0.4310 1.0000	</row3>
				</transform>
			</node>
			<node>
				<identifier>	MP_WM021_Torpedo_trolley_SW_INDEX_1	</identifier>
				<transform>
					<row0>	1.1000 0.0000 0.0000 0.0000	</row0>
					<row1>	0.0000 1.0999 -0.0175 0.0000	</row1>
					<row2>	0.0000 0.0175 1.0999 0.0000	</row2>
					<row3>	0.2188 0.1811 -0.5188 1.0000	</row3>
				</transform>
			</node>
			<node>
				<identifier>	MP_WM025_Turtles_box_SW	</identifier>
				<transform>
					<row0>	-0.3597 0.0000 -0.9331 0.0000	</row0>
					<row1>	0.0000 1.0000 0.0000 0.0000	</row1>
					<row2>	0.9331 0.0000 -0.3597 0.0000	</row2>
					<row3>	-0.1683 0.3177 -1.5350 1.0000	</row3>
				</transform>
			</node>
			<node>
				<identifier>	MP_WM522_3_65_Dinghey	</identifier>
				<transform>
					<row0>	0.0000 -1.0000 0.0000 0.0000	</row0>
					<row1>	0.9993 0.0000 0.0366 0.0000	</row1>
					<row2>	-0.0366 0.0000 0.9993 0.0000	</row2>
					<row3>	-0.2587 0.2318 -1.7586 1.0000	</row3>
				</transform>
			</node>
			<node>
				<identifier>	MP_WM700_Shell_box	</identifier>
				<transform>
					<row0>	0.7901 0.0000 0.6130 0.0000	</row0>
					<row1>	0.0000 1.0000 0.0000 0.0000	</row1>
					<row2>	-0.6130 0.0000 0.7901 0.0000	</row2>
					<row3>	-0.0825 0.3137 -1.4912 1.0000	</row3>
				</transform>
			</node>
			<node>
				<identifier>	MP_WM700_Shell_box_INDEX_1	</identifier>
				<transform>
					<row0>	-0.3876 0.0000 -0.9218 0.0000	</row0>
					<row1>	0.0000 1.0000 0.0000 0.0000	</row1>
					<row2>	0.9218 0.0000 -0.3876 0.0000	</row2>
					<row3>	0.1100 0.1695 -1.8351 1.0000	</row3>
				</transform>
			</node>
			<node>
				<identifier>	MP_WM700_Shell_box_INDEX_2	</identifier>
				<transform>
					<row0>	0.7901 0.0000 0.6130 0.0000	</row0>
					<row1>	0.0000 1.0000 0.0000 0.0000	</row1>
					<row2>	-0.6130 0.0000 0.7901 0.0000	</row2>
					<row3>	-0.0940 0.3137 -1.4765 1.0000	</row3>
				</transform>
			</node>
			<node>
				<identifier>	MP_WM700_Shell_box_INDEX_3	</identifier>
				<transform>
					<row0>	0.7901 0.0000 -0.6130 0.0000	</row0>
					<row1>	0.0000 1.0000 0.0000 0.0000	</row1>
					<row2>	0.6130 0.0000 0.7901 0.0000	</row2>
					<row3>	0.0940 0.3137 -1.4765 1.0000	</row3>
				</transform>
			</node>
			<node>
				<identifier>	MP_WM700_Shell_box_INDEX_4	</identifier>
				<transform>
					<row0>	0.7901 0.0000 0.6130 0.0000	</row0>
					<row1>	0.0000 1.0000 0.0000 0.0000	</row1>
					<row2>	-0.6130 0.0000 0.7901 0.0000	</row2>
					<row3>	-0.1051 0.3137 -1.4622 1.0000	</row3>
				</transform>
			</node>
			<node>
				<identifier>	MP_WM700_Shell_box_INDEX_5	</identifier>
				<transform>
					<row0>	0.7901 0.0000 -0.6130 0.0000	</row0>
					<row1>	0.0000 1.0000 0.0000 0.0000	</row1>
					<row2>	0.6130 0.0000 0.7901 0.0000	</row2>
					<row3>	0.0825 0.3137 -1.4912 1.0000	</row3>
				</transform>
			</node>
			<node>
				<identifier>	MP_WM700_Shell_box_INDEX_6	</identifier>
				<transform>
					<row0>	-0.3876 0.0000 -0.9218 0.0000	</row0>
					<row1>	0.0000 1.0000 0.0000 0.0000	</row1>
					<row2>	0.9218 0.0000 -0.3876 0.0000	</row2>
					<row3>	0.1040 0.1698 -1.8955 1.0000	</row3>
				</transform>
			</node>
			<node>
				<identifier>	MP_WM700_Shell_box_INDEX_7	</identifier>
				<transform>
					<row0>	0.7901 0.0000 -0.6130 0.0000	</row0>
					<row1>	0.0000 1.0000 0.0000 0.0000	</row1>
					<row2>	0.6130 0.0000 0.7901 0.0000	</row2>
					<row3>	0.1051 0.3137 -1.4622 1.0000	</row3>
				</transform>
			</node>
			<node>
				<identifier>	MP_WM700_Shell_box_INDEX_8	</identifier>
				<transform>
					<row0>	-0.3876 0.0000 -0.9218 0.0000	</row0>
					<row1>	0.0000 1.0000 0.0000 0.0000	</row1>
					<row2>	0.9218 0.0000 -0.3876 0.0000	</row2>
					<row3>	0.0875 0.1704 -1.8886 1.0000	</row3>
				</transform>
			</node>
			<node>
				<identifier>	MP_WM959_Bollard_SW	</identifier>
				<transform>
					<row0>	1.0000 0.0000 0.0000 0.0000	</row0>
					<row1>	0.0000 0.9999 -0.0152 0.0000	</row1>
					<row2>	0.0000 0.0152 0.9999 0.0000	</row2>
					<row3>	0.2655 0.1720 -0.3842 1.0000	</row3>
				</transform>
			</node>
			<node>
				<identifier>	MP_WM959_Bollard_SW_INDEX_1	</identifier>
				<transform>
					<row0>	1.0000 0.0000 0.0000 0.0000	</row0>
					<row1>	0.0000 0.9999 -0.0152 0.0000	</row1>
					<row2>	0.0000 0.0152 0.9999 0.0000	</row2>
					<row3>	-0.2655 0.1720 -0.3842 1.0000	</row3>
				</transform>
			</node>
			<node>
				<identifier>	MP_WM959_Bollard_SW_INDEX_2	</identifier>
				<transform>
					<row0>	0.9990 0.0000 -0.0444 0.0000	</row0>
					<row1>	0.0000 1.0000 0.0000 0.0000	</row1>
					<row2>	0.0444 0.0000 0.9990 0.0000	</row2>
					<row3>	0.2373 0.1608 -1.9686 1.0000	</row3>
				</transform>
			</node>
			<node>
				<identifier>	MP_WM959_Bollard_SW_INDEX_3	</identifier>
				<transform>
					<row0>	0.9990 0.0000 0.0444 0.0000	</row0>
					<row1>	0.0000 1.0000 0.0000 0.0000	</row1>
					<row2>	-0.0444 0.0000 0.9990 0.0000	</row2>
					<row3>	-0.2373 0.1608 -1.9686 1.0000	</row3>
				</transform>
			</node>
			<node>
				<identifier>	MP_WM962_Fender_long_SW	</identifier>
				<transform>
					<row0>	0.9995 0.0309 0.0000 0.0000	</row0>
					<row1>	-0.0309 0.9992 -0.0244 0.0000	</row1>
					<row2>	-0.0008 0.0244 0.9997 0.0000	</row2>
					<row3>	-0.1010 0.1860 -0.4314 1.0000	</row3>
				</transform>
			</node>
			<node>
				<identifier>	MP_WM962_Fender_long_SW_INDEX_1	</identifier>
				<transform>
					<row0>	0.9995 -0.0309 0.0000 0.0000	</row0>
					<row1>	0.0309 0.9992 -0.0244 0.0000	</row1>
					<row2>	0.0008 0.0244 0.9997 0.0000	</row2>
					<row3>	0.1010 0.1860 -0.4314 1.0000	</row3>
				</transform>
			</node>
			<node>
				<identifier>	MP_WM962_Fender_long_SW_INDEX_2	</identifier>
				<transform>
					<row0>	0.9993 -0.0366 0.0000 0.0000	</row0>
					<row1>	0.0366 0.9993 -0.0107 0.0000	</row1>
					<row2>	0.0004 0.0107 0.9999 0.0000	</row2>
					<row3>	0.1011 0.1755 -1.1692 1.0000	</row3>
				</transform>
			</node>
			<node>
				<identifier>	MP_WM962_Fender_long_SW_INDEX_3	</identifier>
				<transform>
					<row0>	0.9993 0.0366 0.0000 0.0000	</row0>
					<row1>	-0.0366 0.9993 -0.0107 0.0000	</row1>
					<row2>	-0.0004 0.0107 0.9999 0.0000	</row2>
					<row3>	-0.1011 0.1755 -1.1692 1.0000	</row3>
				</transform>
			</node>
			<node>
				<identifier>	SP_YMS011_YHWL_M_1_INDEX_7	</identifier>
				<transform>
					<row0>	0.4981 0.0436 0.0047 0.0000	</row0>
					<row1>	-0.0436 0.4981 0.0000 0.0000	</row1>
					<row2>	-0.0047 -0.0004 0.5000 0.0000	</row2>
					<row3>	-0.2994 -0.0200 -0.6270 1.0000	</row3>
				</transform>
			</node>
			<node>
				<identifier>	SP_YMS011_YHWL_M_1_INDEX_8	</identifier>
				<transform>
					<row0>	0.4980 0.0436 0.0074 0.0000	</row0>
					<row1>	-0.0436 0.4981 0.0000 0.0000	</row1>
					<row2>	-0.0074 -0.0006 0.4999 0.0000	</row2>
					<row3>	-0.2952 -0.0196 -1.0498 1.0000	</row3>
				</transform>
			</node>
			<node>
				<identifier>	SP_YMS011_YHWL_M_1_INDEX_9	</identifier>
				<transform>
					<row0>	0.4927 0.0833 0.0165 0.0000	</row0>
					<row1>	-0.0833 0.4930 -0.0017 0.0000	</row1>
					<row2>	-0.0166 -0.0010 0.4997 0.0000	</row2>
					<row3>	-0.2845 -0.0191 -1.4727 1.0000	</row3>
				</transform>
			</node>
			<node>
				<identifier>	SP_YMS012_YHWR_M_1_INDEX_7	</identifier>
				<transform>
					<row0>	0.4981 -0.0436 -0.0047 0.0000	</row0>
					<row1>	0.0436 0.4981 0.0000 0.0000	</row1>
					<row2>	0.0047 -0.0004 0.5000 0.0000	</row2>
					<row3>	0.2994 -0.0200 -0.6270 1.0000	</row3>
				</transform>
			</node>
			<node>
				<identifier>	SP_YMS012_YHWR_M_1_INDEX_8	</identifier>
				<transform>
					<row0>	0.4980 -0.0436 -0.0074 0.0000	</row0>
					<row1>	0.0436 0.4981 0.0000 0.0000	</row1>
					<row2>	0.0074 -0.0006 0.4999 0.0000	</row2>
					<row3>	0.2952 -0.0196 -1.0498 1.0000	</row3>
				</transform>
			</node>
			<node>
				<identifier>	SP_YMS012_YHWR_M_1_INDEX_9	</identifier>
				<transform>
					<row0>	0.4927 -0.0833 -0.0165 0.0000	</row0>
					<row1>	0.0833 0.4930 -0.0017 0.0000	</row1>
					<row2>	0.0166 -0.0010 0.4997 0.0000	</row2>
					<row3>	0.2845 -0.0191 -1.4727 1.0000	</row3>
				</transform>
			</node>
			<node>
				<identifier>	SP_YMS060_YHGF_S_1_INDEX_1	</identifier>
				<transform>
					<row0>	-1.0411 0.0000 0.0000 0.0000	</row0>
					<row1>	0.0000 1.0411 0.0000 0.0000	</row1>
					<row2>	0.0000 0.0000 -1.0411 0.0000	</row2>
					<row3>	0.0000 0.4218 -0.8089 1.0000	</row3>
				</transform>
			</node>
			<node>
				<identifier>	SP_YMS063_YHGQ_S_1_INDEX_1	</identifier>
				<transform>
					<row0>	-0.2225 0.0000 0.5849 0.0000	</row0>
					<row1>	0.0000 0.6258 0.0000 0.0000	</row1>
					<row2>	-0.3934 0.0000 -0.1496 0.0000	</row2>
					<row3>	0.1176 0.3725 -1.5567 1.0000	</row3>
				</transform>
			</node>
			<node>
				<identifier>	SP_YMS063_YHGQ_S_1_INDEX_2	</identifier>
				<transform>
					<row0>	-0.2225 0.0000 -0.5849 0.0000	</row0>
					<row1>	0.0000 0.6258 0.0000 0.0000	</row1>
					<row2>	0.3934 0.0000 -0.1496 0.0000	</row2>
					<row3>	-0.1176 0.3725 -1.5567 1.0000	</row3>
				</transform>
			</node>
			<node>
				<identifier>	SP_YMS082_YHSC_M_1	</identifier>
				<transform>
					<row0>	0.0102 0.0000 0.4499 0.0000	</row0>
					<row1>	-0.0571 0.4464 0.0013 0.0000	</row1>
					<row2>	-0.4462 -0.0571 0.0101 0.0000	</row2>
					<row3>	0.2769 0.1091 -1.5086 1.0000	</row3>
				</transform>
			</node>
			<node>
				<identifier>	SP_YMS082_YHSC_M_1_INDEX_1	</identifier>
				<transform>
					<row0>	0.0102 0.0000 0.4500 0.0000	</row0>
					<row1>	-0.0519 0.4471 0.0012 0.0000	</row1>
					<row2>	-0.4470 -0.0519 0.0101 0.0000	</row2>
					<row3>	0.2816 0.1091 -1.3249 1.0000	</row3>
				</transform>
			</node>
			<node>
				<identifier>	SP_YMS082_YHSC_M_1_INDEX_2	</identifier>
				<transform>
					<row0>	0.0102 0.0000 -0.4499 0.0000	</row0>
					<row1>	0.0519 0.4470 0.0012 0.0000	</row1>
					<row2>	0.4469 -0.0519 0.0101 0.0000	</row2>
					<row3>	-0.2816 0.1091 -1.3249 1.0000	</row3>
				</transform>
			</node>
			<node>
				<identifier>	SP_YMS082_YHSC_M_1_INDEX_3	</identifier>
				<transform>
					<row0>	0.0102 0.0000 -0.4499 0.0000	</row0>
					<row1>	0.0519 0.4470 0.0012 0.0000	</row1>
					<row2>	0.4469 -0.0519 0.0101 0.0000	</row2>
					<row3>	-0.2776 0.1091 -1.5007 1.0000	</row3>
				</transform>
			</node>
			<node>
				<identifier>	SP_YMS083_YHSC_L_1_INDEX_2	</identifier>
				<transform>
					<row0>	0.0042 -0.0061 -0.4778 0.0000	</row0>
					<row1>	0.0631 0.4737 -0.0055 0.0000	</row1>
					<row2>	0.4737 -0.0631 0.0049 0.0000	</row2>
					<row3>	-0.2784 0.1636 -0.6982 1.0000	</row3>
				</transform>
			</node>
			<node>
				<identifier>	SP_YMS083_YHSC_L_1_INDEX_3	</identifier>
				<transform>
					<row0>	0.0036 0.0035 0.4779 0.0000	</row0>
					<row1>	-0.0632 0.4737 -0.0030 0.0000	</row1>
					<row2>	-0.4737 -0.0631 0.0040 0.0000	</row2>
					<row3>	0.2766 0.1602 -1.0467 1.0000	</row3>
				</transform>
			</node>
			<node>
				<identifier>	SP_YMS083_YHSC_L_1_INDEX_4	</identifier>
				<transform>
					<row0>	0.0036 -0.0035 -0.4779 0.0000	</row0>
					<row1>	0.0632 0.4737 -0.0030 0.0000	</row1>
					<row2>	0.4737 -0.0631 0.0040 0.0000	</row2>
					<row3>	-0.2766 0.1602 -1.0467 1.0000	</row3>
				</transform>
			</node>
			<node>
				<identifier>	SP_YMS083_YHSC_L_1_INDEX_5	</identifier>
				<transform>
					<row0>	0.0042 0.0061 0.4778 0.0000	</row0>
					<row1>	-0.0631 0.4737 -0.0055 0.0000	</row1>
					<row2>	-0.4737 -0.0631 0.0049 0.0000	</row2>
					<row3>	0.2784 0.1636 -0.6982 1.0000	</row3>
				</transform>
			</node>
		</node>
	</node>
	<boundingBox>
		<min>	-0.0667 -0.0667 -0.0667	</min>
		<max>	0.0667 0.0667 0.0667	</max>
	</boundingBox>
</WSD007_Visby_1945_MidBack_ports.visual>
