<IGM068_381mm_50_quad_OTTO_dead_lod2.visual>
	<node>
		<identifier>	Scene Root	</identifier>
		<transform>
			<row0>	1.0000 0.0000 0.0000 0.0000	</row0>
			<row1>	0.0000 1.0000 0.0000 0.0000	</row1>
			<row2>	0.0000 0.0000 1.0000 0.0000	</row2>
			<row3>	0.0000 0.0000 0.0000 1.0000	</row3>
		</transform>
		<node>
			<identifier>	Turret_dead	</identifier>
			<transform>
				<row0>	1.0000 0.0000 0.0000 0.0000	</row0>
				<row1>	0.0000 1.0000 0.0000 0.0000	</row1>
				<row2>	0.0000 0.0000 1.0000 0.0000	</row2>
				<row3>	0.0000 0.0000 0.0000 1.0000	</row3>
			</transform>
			<node>
				<identifier>	MP_IM466_Gun_Deck_for_IGM068_dead	</identifier>
				<transform>
					<row0>	1.0000 0.0000 0.0000 0.0000	</row0>
					<row1>	0.0000 1.0000 0.0000 0.0000	</row1>
					<row2>	0.0000 0.0000 1.0000 0.0000	</row2>
					<row3>	0.0000 0.2319 -0.3794 1.0000	</row3>
				</transform>
			</node>
			<node>
				<identifier>	SP_YMS100_YGBS_M_1_INDEX_4	</identifier>
				<transform>
					<row0>	1.0000 0.0000 0.0000 0.0000	</row0>
					<row1>	0.0000 0.9997 0.0230 0.0000	</row1>
					<row2>	0.0000 -0.0230 0.9997 0.0000	</row2>
					<row3>	-0.0834 0.0667 0.4691 1.0000	</row3>
				</transform>
			</node>
			<node>
				<identifier>	SP_YMS100_YGBS_M_1_INDEX_5	</identifier>
				<transform>
					<row0>	1.0000 0.0000 0.0000 0.0000	</row0>
					<row1>	0.0000 0.9998 0.0215 0.0000	</row1>
					<row2>	0.0000 -0.0215 0.9998 0.0000	</row2>
					<row3>	0.0834 0.0674 0.4690 1.0000	</row3>
				</transform>
			</node>
			<node>
				<identifier>	SP_YMS100_YGBS_M_1_INDEX_6	</identifier>
				<transform>
					<row0>	1.0000 0.0000 0.0000 0.0000	</row0>
					<row1>	0.0000 0.9998 -0.0186 0.0000	</row1>
					<row2>	0.0000 0.0186 0.9998 0.0000	</row2>
					<row3>	0.2515 0.0862 0.4660 1.0000	</row3>
				</transform>
			</node>
			<node>
				<identifier>	SP_YMS100_YGBS_M_1_INDEX_7	</identifier>
				<transform>
					<row0>	1.0000 0.0000 0.0000 0.0000	</row0>
					<row1>	0.0000 0.9974 -0.0727 0.0000	</row1>
					<row2>	0.0000 0.0727 0.9974 0.0000	</row2>
					<row3>	-0.2515 0.1009 0.4606 1.0000	</row3>
				</transform>
			</node>
			<node>
				<identifier>	SP_YMS104_YGRS_M_1_INDEX_4	</identifier>
				<transform>
					<row0>	1.0000 0.0000 0.0000 0.0000	</row0>
					<row1>	0.0000 0.9977 -0.0685 0.0000	</row1>
					<row2>	0.0000 0.0685 0.9977 0.0000	</row2>
					<row3>	-0.2515 0.1506 1.2104 1.0000	</row3>
				</transform>
			</node>
			<node>
				<identifier>	SP_YMS104_YGRS_M_1_INDEX_5	</identifier>
				<transform>
					<row0>	1.0000 0.0000 0.0000 0.0000	</row0>
					<row1>	0.0000 0.9972 -0.0749 0.0000	</row1>
					<row2>	0.0000 0.0749 0.9972 0.0000	</row2>
					<row3>	0.0834 0.1522 1.2103 1.0000	</row3>
				</transform>
			</node>
			<node>
				<identifier>	SP_YMS104_YGRS_M_1_INDEX_6	</identifier>
				<transform>
					<row0>	1.0000 0.0000 0.0000 0.0000	</row0>
					<row1>	0.0000 0.9922 -0.1245 0.0000	</row1>
					<row2>	0.0000 0.1245 0.9922 0.0000	</row2>
					<row3>	0.2515 0.2054 1.2043 1.0000	</row3>
				</transform>
			</node>
			<node>
				<identifier>	SP_YMS104_YGRS_M_1_INDEX_7	</identifier>
				<transform>
					<row0>	1.0000 0.0000 0.0000 0.0000	</row0>
					<row1>	0.0000 0.9977 -0.0679 0.0000	</row1>
					<row2>	0.0000 0.0679 0.9977 0.0000	</row2>
					<row3>	-0.0834 0.1522 1.2103 1.0000	</row3>
				</transform>
			</node>
			<node>
				<identifier>	SP_YMS107_YGLR_M_2	</identifier>
				<transform>
					<row0>	1.5725 0.3365 0.1108 0.0000	</row0>
					<row1>	-0.3352 1.5763 -0.0299 0.0000	</row1>
					<row2>	-0.1146 0.0061 1.6078 0.0000	</row2>
					<row3>	0.3775 0.1124 0.0391 1.0000	</row3>
				</transform>
			</node>
		</node>
	</node>
	<renderSet>
		<treatAsWorldSpaceObject>	false	</treatAsWorldSpaceObject>
		<node>	Turret_dead	</node>
		<geometry>
			<vertices>	Turret_dead_lod2Shape.vertices	</vertices>
			<primitive>	Turret_dead_lod2Shape.indices	</primitive>
			<primitiveGroup>	0
				<material>
					<identifier>	TL2_SHIPMAT_PBS_GunDead	</identifier>
					<mfm>	PnFMods/ModsSDK.zip/ISB109_Lepanto/gun/IGM068_381mm_50_quad_OTTO_dead_dead.mfm	</mfm>
				</material>
			</primitiveGroup>
		</geometry>
	</renderSet>
	<boundingBox>
		<min>	-0.4852 0.0000 -0.6375	</min>
		<max>	0.4852 0.2503 1.2148	</max>
	</boundingBox>
</IGM068_381mm_50_quad_OTTO_dead_lod2.visual>
