<BGA004_12mm62_HI_lod3.visual>
	<node>
		<identifier>	Scene Root	</identifier>
		<transform>
			<row0>	1.0000 0.0000 0.0000 0.0000	</row0>
			<row1>	0.0000 1.0000 0.0000 0.0000	</row1>
			<row2>	0.0000 0.0000 1.0000 0.0000	</row2>
			<row3>	0.0000 0.0000 0.0000 1.0000	</row3>
		</transform>
		<node>
			<identifier>	Turret	</identifier>
			<transform>
				<row0>	1.0000 0.0000 0.0000 0.0000	</row0>
				<row1>	0.0000 1.0000 0.0000 0.0000	</row1>
				<row2>	0.0000 0.0000 1.0000 0.0000	</row2>
				<row3>	0.0000 0.0000 0.0000 1.0000	</row3>
			</transform>
			<node>
				<identifier>	HP_gunFire1	</identifier>
				<transform>
					<row0>	1.0000 0.0000 0.0000 0.0000	</row0>
					<row1>	0.0000 0.7071 -0.7071 0.0000	</row1>
					<row2>	0.0000 0.7071 0.7071 0.0000	</row2>
					<row3>	0.0000 0.1294 0.0375 1.0000	</row3>
				</transform>
			</node>
			<node>
				<identifier>	HP_gunFire2	</identifier>
				<transform>
					<row0>	1.0000 0.0000 0.0000 0.0000	</row0>
					<row1>	0.0000 0.7071 -0.7071 0.0000	</row1>
					<row2>	0.0000 0.7071 0.7071 0.0000	</row2>
					<row3>	0.0000 0.1145 0.0502 1.0000	</row3>
				</transform>
			</node>
			<node>
				<identifier>	HP_gunFire3	</identifier>
				<transform>
					<row0>	1.0000 0.0000 0.0000 0.0000	</row0>
					<row1>	0.0000 0.7071 -0.7071 0.0000	</row1>
					<row2>	0.0000 0.7071 0.7071 0.0000	</row2>
					<row3>	0.0000 0.0995 0.0630 1.0000	</row3>
				</transform>
			</node>
			<node>
				<identifier>	HP_gunFire4	</identifier>
				<transform>
					<row0>	1.0000 0.0000 0.0000 0.0000	</row0>
					<row1>	0.0000 0.7071 -0.7071 0.0000	</row1>
					<row2>	0.0000 0.7071 0.7071 0.0000	</row2>
					<row3>	0.0000 0.0844 0.0756 1.0000	</row3>
				</transform>
			</node>
		</node>
	</node>
	<renderSet>
		<treatAsWorldSpaceObject>	false	</treatAsWorldSpaceObject>
		<node>	Turret	</node>
		<geometry>
			<vertices>	Turret_lod3Shape.vertices	</vertices>
			<primitive>	Turret_lod3Shape.indices	</primitive>
			<primitiveGroup>	0
				<material>
					<identifier>	TL2_SHIPMAT_PBS_Gun	</identifier>
					<mfm>	PnFMods/ModsSDK.zip/BSB526_Repulse/gun/BGA004_12mm62_HI.mfm	</mfm>
				</material>
			</primitiveGroup>
		</geometry>
	</renderSet>
	<boundingBox>
		<min>	-0.0548 0.0019 -0.0662	</min>
		<max>	0.0548 0.1350 0.0621	</max>
	</boundingBox>
</BGA004_12mm62_HI_lod3.visual>
