<ISC032_Michelangelo_1941_MidFront_ports.visual>
	<node>
		<identifier>	Scene Root	</identifier>
		<transform>
			<row0>	1.0000 0.0000 0.0000 0.0000	</row0>
			<row1>	0.0000 1.0000 0.0000 0.0000	</row1>
			<row2>	0.0000 0.0000 1.0000 0.0000	</row2>
			<row3>	0.0000 0.0000 0.0000 1.0000	</row3>
		</transform>
		<node>
			<identifier>	MidFront_ports	</identifier>
			<transform>
				<row0>	1.0000 0.0000 0.0000 0.0000	</row0>
				<row1>	0.0000 1.0000 0.0000 0.0000	</row1>
				<row2>	0.0000 0.0000 1.0000 0.0000	</row2>
				<row3>	0.0000 0.0000 0.0000 1.0000	</row3>
			</transform>
			<node>
				<identifier>	HP_FX_Fire_2	</identifier>
				<transform>
					<row0>	1.0000 0.0000 0.0000 0.0000	</row0>
					<row1>	0.0000 1.0000 0.0000 0.0000	</row1>
					<row2>	0.0000 0.0000 1.0000 0.0000	</row2>
					<row3>	0.0000 0.4259 1.6468 1.0000	</row3>
				</transform>
			</node>
			<node>
				<identifier>	HP_FX_Fire_2_side_1	</identifier>
				<transform>
					<row0>	1.0000 0.0000 0.0000 0.0000	</row0>
					<row1>	0.0000 1.0000 0.0000 0.0000	</row1>
					<row2>	0.0000 0.0000 1.0000 0.0000	</row2>
					<row3>	-0.5727 0.4567 3.3196 1.0000	</row3>
				</transform>
			</node>
			<node>
				<identifier>	HP_FX_Fire_2_side_2	</identifier>
				<transform>
					<row0>	1.0000 0.0000 0.0000 0.0000	</row0>
					<row1>	0.0000 1.0000 0.0000 0.0000	</row1>
					<row2>	0.0000 0.0000 1.0000 0.0000	</row2>
					<row3>	0.7153 0.5424 1.3597 1.0000	</row3>
				</transform>
			</node>
			<node>
				<identifier>	HP_FX_FloodLight_left_1	</identifier>
				<transform>
					<row0>	-1.0000 0.0000 0.0000 0.0000	</row0>
					<row1>	0.0000 1.0000 0.0000 0.0000	</row1>
					<row2>	0.0000 0.0000 -1.0000 0.0000	</row2>
					<row3>	-0.3606 0.5850 3.1165 1.0000	</row3>
				</transform>
			</node>
			<node>
				<identifier>	HP_FX_FloodLight_right_1	</identifier>
				<transform>
					<row0>	1.0000 0.0000 0.0000 0.0000	</row0>
					<row1>	0.0000 1.0000 0.0000 0.0000	</row1>
					<row2>	0.0000 0.0000 1.0000 0.0000	</row2>
					<row3>	0.3617 0.5841 3.1208 1.0000	</row3>
				</transform>
			</node>
			<node>
				<identifier>	HP_FX_Flood_steam_left	</identifier>
				<transform>
					<row0>	-1.0000 0.0000 0.0000 0.0000	</row0>
					<row1>	0.0000 1.0000 0.0000 0.0000	</row1>
					<row2>	0.0000 0.0000 -1.0000 0.0000	</row2>
					<row3>	-0.7493 0.4049 4.0194 1.0000	</row3>
				</transform>
			</node>
			<node>
				<identifier>	HP_FX_RepairLight_left_1	</identifier>
				<transform>
					<row0>	0.0778 0.0000 0.9970 0.0000	</row0>
					<row1>	0.0000 1.0000 0.0000 0.0000	</row1>
					<row2>	-0.9970 0.0000 0.0778 0.0000	</row2>
					<row3>	-0.7897 0.4599 3.5845 1.0000	</row3>
				</transform>
			</node>
			<node>
				<identifier>	HP_FX_RepairLight_right_1	</identifier>
				<transform>
					<row0>	0.0591 0.0000 -0.9982 0.0000	</row0>
					<row1>	-0.0233 0.9997 -0.0014 0.0000	</row1>
					<row2>	0.9980 0.0233 0.0591 0.0000	</row2>
					<row3>	0.8308 0.4583 2.9731 1.0000	</row3>
				</transform>
			</node>
			<node>
				<identifier>	HP_Flagpole	</identifier>
				<transform>
					<row0>	1.0000 0.0000 0.0000 0.0000	</row0>
					<row1>	0.0000 1.0000 0.0000 0.0000	</row1>
					<row2>	0.0000 0.0000 1.0000 0.0000	</row2>
					<row3>	0.0000 2.7613 1.6300 1.0000	</row3>
				</transform>
			</node>
			<node>
				<identifier>	HP_ID_1	</identifier>
				<transform>
					<row0>	0.0000 0.0000 1.0000 0.0000	</row0>
					<row1>	0.0000 1.0000 0.0000 0.0000	</row1>
					<row2>	-1.0000 0.0000 0.0000 0.0000	</row2>
					<row3>	-0.1172 0.7902 2.5847 1.0000	</row3>
				</transform>
			</node>
			<node>
				<identifier>	HP_ID_2	</identifier>
				<transform>
					<row0>	0.0000 0.0000 -1.0000 0.0000	</row0>
					<row1>	0.0000 1.0000 0.0000 0.0000	</row1>
					<row2>	1.0000 0.0000 0.0000 0.0000	</row2>
					<row3>	0.1172 0.7902 2.5847 1.0000	</row3>
				</transform>
			</node>
			<node>
				<identifier>	HP_ID_3	</identifier>
				<transform>
					<row0>	1.0000 0.0000 0.0000 0.0000	</row0>
					<row1>	0.0000 1.0000 0.0000 0.0000	</row1>
					<row2>	0.0000 0.0000 1.0000 0.0000	</row2>
					<row3>	0.0000 1.6467 2.2499 1.0000	</row3>
				</transform>
			</node>
			<node>
				<identifier>	HP_ID_4	</identifier>
				<transform>
					<row0>	1.0000 0.0000 0.0000 0.0000	</row0>
					<row1>	0.0000 1.0000 0.0000 0.0000	</row1>
					<row2>	0.0000 0.0000 1.0000 0.0000	</row2>
					<row3>	-0.4048 0.8840 2.2477 1.0000	</row3>
				</transform>
			</node>
			<node>
				<identifier>	HP_ID_5	</identifier>
				<transform>
					<row0>	1.0000 0.0000 0.0000 0.0000	</row0>
					<row1>	0.0000 1.0000 0.0000 0.0000	</row1>
					<row2>	0.0000 0.0000 1.0000 0.0000	</row2>
					<row3>	0.4048 0.8840 2.2477 1.0000	</row3>
				</transform>
			</node>
			<node>
				<identifier>	HP_IGA_3	</identifier>
				<transform>
					<row0>	1.0000 0.0000 0.0000 0.0000	</row0>
					<row1>	0.0000 1.0000 0.0000 0.0000	</row1>
					<row2>	0.0000 0.0000 1.0000 0.0000	</row2>
					<row3>	-0.3732 0.4549 4.8291 1.0000	</row3>
				</transform>
			</node>
			<node>
				<identifier>	HP_IGA_4	</identifier>
				<transform>
					<row0>	1.0000 0.0000 0.0000 0.0000	</row0>
					<row1>	0.0000 1.0000 0.0000 0.0000	</row1>
					<row2>	0.0000 0.0000 1.0000 0.0000	</row2>
					<row3>	0.3732 0.4549 4.8291 1.0000	</row3>
				</transform>
			</node>
			<node>
				<identifier>	HP_IGM_1	</identifier>
				<transform>
					<row0>	1.0000 0.0000 0.0000 0.0000	</row0>
					<row1>	0.0000 1.0000 0.0000 0.0000	</row1>
					<row2>	0.0000 0.0000 1.0000 0.0000	</row2>
					<row3>	0.0000 0.6400 0.7777 1.0000	</row3>
				</transform>
			</node>
			<node>
				<identifier>	HP_IGS_1	</identifier>
				<transform>
					<row0>	1.0000 0.0000 0.0000 0.0000	</row0>
					<row1>	0.0000 1.0000 0.0000 0.0000	</row1>
					<row2>	0.0000 0.0000 1.0000 0.0000	</row2>
					<row3>	0.0000 0.4880 3.9876 1.0000	</row3>
				</transform>
			</node>
			<node>
				<identifier>	HP_IGS_2	</identifier>
				<transform>
					<row0>	1.0000 0.0000 0.0000 0.0000	</row0>
					<row1>	0.0000 1.0000 0.0000 0.0000	</row1>
					<row2>	0.0000 0.0000 1.0000 0.0000	</row2>
					<row3>	0.0000 0.6400 3.2092 1.0000	</row3>
				</transform>
			</node>
			<node>
				<identifier>	HP_IRS_1	</identifier>
				<transform>
					<row0>	1.0000 0.0000 0.0000 0.0000	</row0>
					<row1>	0.0000 1.0000 0.0000 0.0000	</row1>
					<row2>	0.0000 0.0000 1.0000 0.0000	</row2>
					<row3>	0.0000 2.1191 2.1364 1.0000	</row3>
				</transform>
			</node>
			<node>
				<identifier>	HP_Ship_death_2	</identifier>
				<transform>
					<row0>	1.0000 0.0000 0.0000 0.0000	</row0>
					<row1>	0.0000 1.0000 0.0000 0.0000	</row1>
					<row2>	0.0000 0.0000 1.0000 0.0000	</row2>
					<row3>	0.0000 0.0000 0.2203 1.0000	</row3>
				</transform>
			</node>
			<node>
				<identifier>	HP_flag_1	</identifier>
				<transform>
					<row0>	0.9943 -0.1067 0.0000 0.0000	</row0>
					<row1>	0.1067 0.9943 -0.0015 0.0000	</row1>
					<row2>	0.0000 0.0015 1.0000 0.0000	</row2>
					<row3>	0.3091 2.4079 1.6678 1.0000	</row3>
				</transform>
			</node>
			<node>
				<identifier>	HP_flag_2	</identifier>
				<transform>
					<row0>	0.9943 0.1067 0.0000 0.0000	</row0>
					<row1>	-0.1067 0.9943 -0.0015 0.0000	</row1>
					<row2>	0.0000 0.0015 1.0000 0.0000	</row2>
					<row3>	-0.3091 2.4079 1.6678 1.0000	</row3>
				</transform>
			</node>
			<node>
				<identifier>	HP_flag_3	</identifier>
				<transform>
					<row0>	0.9988 -0.0487 -0.0006 0.0000	</row0>
					<row1>	0.0487 0.9985 0.0258 0.0000	</row1>
					<row2>	-0.0006 -0.0258 0.9997 0.0000	</row2>
					<row3>	0.2008 2.4080 1.6676 1.0000	</row3>
				</transform>
			</node>
			<node>
				<identifier>	HP_flag_4	</identifier>
				<transform>
					<row0>	0.9988 0.0487 0.0006 0.0000	</row0>
					<row1>	-0.0487 0.9985 0.0258 0.0000	</row1>
					<row2>	0.0006 -0.0258 0.9997 0.0000	</row2>
					<row3>	-0.2008 2.4080 1.6676 1.0000	</row3>
				</transform>
			</node>
			<node>
				<identifier>	HP_flag_courtesy	</identifier>
				<transform>
					<row0>	0.9891 -0.1472 0.0009 0.0000	</row0>
					<row1>	0.1472 0.9890 -0.0122 0.0000	</row1>
					<row2>	0.0009 0.0122 0.9999 0.0000	</row2>
					<row3>	0.3632 2.4080 1.6679 1.0000	</row3>
				</transform>
			</node>
			<node>
				<identifier>	HP_flag_house	</identifier>
				<transform>
					<row0>	0.9891 0.1472 -0.0009 0.0000	</row0>
					<row1>	-0.1472 0.9890 -0.0122 0.0000	</row1>
					<row2>	-0.0009 0.0122 0.9999 0.0000	</row2>
					<row3>	-0.3632 2.4080 1.6679 1.0000	</row3>
				</transform>
			</node>
			<node>
				<identifier>	HP_flag_nation	</identifier>
				<transform>
					<row0>	0.9990 -0.0455 -0.0009 0.0000	</row0>
					<row1>	0.0455 0.9983 0.0377 0.0000	</row1>
					<row2>	-0.0009 -0.0377 0.9993 0.0000	</row2>
					<row3>	0.1942 2.6809 1.6605 1.0000	</row3>
				</transform>
			</node>
			<node>
				<identifier>	HP_flag_rank	</identifier>
				<transform>
					<row0>	0.9990 -0.0456 -0.0003 0.0000	</row0>
					<row1>	0.0456 0.9989 0.0148 0.0000	</row1>
					<row2>	-0.0003 -0.0148 0.9999 0.0000	</row2>
					<row3>	0.1855 2.4907 1.6549 1.0000	</row3>
				</transform>
			</node>
			<node>
				<identifier>	MP_CM014_Fuel_Oil_Hose	</identifier>
				<transform>
					<row0>	-0.8194 0.0000 -0.5732 0.0000	</row0>
					<row1>	0.0000 1.0000 0.0000 0.0000	</row1>
					<row2>	0.5732 0.0000 -0.8194 0.0000	</row2>
					<row3>	0.2130 0.5147 3.3521 1.0000	</row3>
				</transform>
			</node>
			<node>
				<identifier>	MP_CM014_Fuel_Oil_Hose_INDEX_1	</identifier>
				<transform>
					<row0>	0.8189 0.0000 -0.5740 0.0000	</row0>
					<row1>	0.0000 1.0000 0.0000 0.0000	</row1>
					<row2>	0.5740 0.0000 0.8189 0.0000	</row2>
					<row3>	-0.2130 0.5147 3.3521 1.0000	</row3>
				</transform>
			</node>
			<node>
				<identifier>	MP_CM029_Emergency_Box	</identifier>
				<transform>
					<row0>	0.0000 0.0000 1.0000 0.0000	</row0>
					<row1>	0.0000 1.0000 0.0000 0.0000	</row1>
					<row2>	-1.0000 0.0000 0.0000 0.0000	</row2>
					<row3>	0.1931 0.6851 2.4162 1.0000	</row3>
				</transform>
			</node>
			<node>
				<identifier>	MP_CM029_Emergency_Box_INDEX_1	</identifier>
				<transform>
					<row0>	0.0000 0.0000 -1.0000 0.0000	</row0>
					<row1>	0.0000 1.0000 0.0000 0.0000	</row1>
					<row2>	1.0000 0.0000 0.0000 0.0000	</row2>
					<row3>	-0.1931 0.6851 2.4162 1.0000	</row3>
				</transform>
			</node>
			<node>
				<identifier>	MP_CM029_Emergency_Box_INDEX_10	</identifier>
				<transform>
					<row0>	0.7171 0.0000 0.6970 0.0000	</row0>
					<row1>	0.0000 1.0000 0.0000 0.0000	</row1>
					<row2>	-0.6970 0.0000 0.7171 0.0000	</row2>
					<row3>	0.0970 1.9274 2.1521 1.0000	</row3>
				</transform>
			</node>
			<node>
				<identifier>	MP_CM029_Emergency_Box_INDEX_2	</identifier>
				<transform>
					<row0>	-0.9911 0.0000 0.1332 0.0000	</row0>
					<row1>	-0.0057 0.9991 -0.0426 0.0000	</row1>
					<row2>	-0.1331 -0.0430 -0.9902 0.0000	</row2>
					<row3>	0.0270 0.8561 2.4479 1.0000	</row3>
				</transform>
			</node>
			<node>
				<identifier>	MP_CM029_Emergency_Box_INDEX_3	</identifier>
				<transform>
					<row0>	0.9239 0.0000 0.3827 0.0000	</row0>
					<row1>	0.0000 1.0000 0.0000 0.0000	</row1>
					<row2>	-0.3827 0.0000 0.9239 0.0000	</row2>
					<row3>	0.0456 1.5949 2.1395 1.0000	</row3>
				</transform>
			</node>
			<node>
				<identifier>	MP_CM029_Emergency_Box_INDEX_4	</identifier>
				<transform>
					<row0>	0.6081 0.0000 0.7939 0.0000	</row0>
					<row1>	-0.0287 0.9993 0.0220 0.0000	</row1>
					<row2>	-0.7934 -0.0362 0.6077 0.0000	</row2>
					<row3>	0.1480 1.1629 2.1357 1.0000	</row3>
				</transform>
			</node>
			<node>
				<identifier>	MP_CM029_Emergency_Box_INDEX_5	</identifier>
				<transform>
					<row0>	0.6081 0.0000 -0.7939 0.0000	</row0>
					<row1>	0.0287 0.9993 0.0220 0.0000	</row1>
					<row2>	0.7934 -0.0362 0.6077 0.0000	</row2>
					<row3>	-0.1480 1.1629 2.1357 1.0000	</row3>
				</transform>
			</node>
			<node>
				<identifier>	MP_CM029_Emergency_Box_INDEX_6	</identifier>
				<transform>
					<row0>	0.1314 -0.0180 0.9912 0.0000	</row0>
					<row1>	-0.0287 0.9993 0.0220 0.0000	</row1>
					<row2>	-0.9909 -0.0314 0.1308 0.0000	</row2>
					<row3>	0.1783 1.3182 2.2269 1.0000	</row3>
				</transform>
			</node>
			<node>
				<identifier>	MP_CM029_Emergency_Box_INDEX_7	</identifier>
				<transform>
					<row0>	0.1314 0.0180 -0.9912 0.0000	</row0>
					<row1>	0.0287 0.9993 0.0220 0.0000	</row1>
					<row2>	0.9909 -0.0314 0.1308 0.0000	</row2>
					<row3>	-0.1783 1.3182 2.2269 1.0000	</row3>
				</transform>
			</node>
			<node>
				<identifier>	MP_CM029_Emergency_Box_INDEX_8	</identifier>
				<transform>
					<row0>	0.0000 0.0000 1.0000 0.0000	</row0>
					<row1>	0.0000 1.0000 0.0000 0.0000	</row1>
					<row2>	-1.0000 0.0000 0.0000 0.0000	</row2>
					<row3>	-0.4989 0.5021 4.6999 1.0000	</row3>
				</transform>
			</node>
			<node>
				<identifier>	MP_CM029_Emergency_Box_INDEX_9	</identifier>
				<transform>
					<row0>	0.0000 0.0000 -1.0000 0.0000	</row0>
					<row1>	0.0000 1.0000 0.0000 0.0000	</row1>
					<row2>	1.0000 0.0000 0.0000 0.0000	</row2>
					<row3>	0.4989 0.5021 4.6999 1.0000	</row3>
				</transform>
			</node>
			<node>
				<identifier>	MP_CM052_Fender	</identifier>
				<transform>
					<row0>	-0.5766 0.0000 -0.8171 0.0000	</row0>
					<row1>	0.0000 1.0000 0.0000 0.0000	</row1>
					<row2>	0.8171 0.0000 -0.5766 0.0000	</row2>
					<row3>	0.2357 0.4568 1.8429 1.0000	</row3>
				</transform>
			</node>
			<node>
				<identifier>	MP_CM052_Fender_INDEX_1	</identifier>
				<transform>
					<row0>	-0.5766 0.0000 -0.8171 0.0000	</row0>
					<row1>	0.0000 1.0000 0.0000 0.0000	</row1>
					<row2>	0.8171 0.0000 -0.5766 0.0000	</row2>
					<row3>	0.1973 0.4568 1.7869 1.0000	</row3>
				</transform>
			</node>
			<node>
				<identifier>	MP_CM052_Fender_INDEX_2	</identifier>
				<transform>
					<row0>	1.0000 0.0000 0.0000 0.0000	</row0>
					<row1>	0.0000 1.0000 0.0000 0.0000	</row1>
					<row2>	0.0000 0.0000 1.0000 0.0000	</row2>
					<row3>	-0.0488 0.4568 3.5369 1.0000	</row3>
				</transform>
			</node>
			<node>
				<identifier>	MP_CM052_Fender_INDEX_3	</identifier>
				<transform>
					<row0>	1.0000 0.0000 0.0000 0.0000	</row0>
					<row1>	0.0000 1.0000 0.0000 0.0000	</row1>
					<row2>	0.0000 0.0000 1.0000 0.0000	</row2>
					<row3>	0.0488 0.4568 3.5369 1.0000	</row3>
				</transform>
			</node>
			<node>
				<identifier>	MP_CM052_Fender_INDEX_4	</identifier>
				<transform>
					<row0>	-0.5766 0.0000 0.8171 0.0000	</row0>
					<row1>	0.0000 1.0000 0.0000 0.0000	</row1>
					<row2>	-0.8171 0.0000 -0.5766 0.0000	</row2>
					<row3>	-0.2357 0.4568 1.8429 1.0000	</row3>
				</transform>
			</node>
			<node>
				<identifier>	MP_CM052_Fender_INDEX_5	</identifier>
				<transform>
					<row0>	-0.5766 0.0000 0.8171 0.0000	</row0>
					<row1>	0.0000 1.0000 0.0000 0.0000	</row1>
					<row2>	-0.8171 0.0000 -0.5766 0.0000	</row2>
					<row3>	-0.1973 0.4568 1.7869 1.0000	</row3>
				</transform>
			</node>
			<node>
				<identifier>	MP_CM056_Ships_bell	</identifier>
				<transform>
					<row0>	1.0000 0.0000 0.0000 0.0000	</row0>
					<row1>	0.0000 1.0000 0.0000 0.0000	</row1>
					<row2>	0.0000 0.0000 1.0000 0.0000	</row2>
					<row3>	0.0000 0.7541 1.7710 1.0000	</row3>
				</transform>
			</node>
			<node>
				<identifier>	MP_CM082_Rope	</identifier>
				<transform>
					<row0>	0.7893 0.0000 -0.1305 0.0000	</row0>
					<row1>	0.0000 0.8000 0.0000 0.0000	</row1>
					<row2>	0.1305 0.0000 0.7893 0.0000	</row2>
					<row3>	0.1765 1.1495 1.6861 1.0000	</row3>
				</transform>
			</node>
			<node>
				<identifier>	MP_CM082_Rope_INDEX_1	</identifier>
				<transform>
					<row0>	0.7893 0.0000 -0.1305 0.0000	</row0>
					<row1>	0.0000 0.8000 0.0000 0.0000	</row1>
					<row2>	0.1305 0.0000 0.7893 0.0000	</row2>
					<row3>	0.1743 1.1495 1.6734 1.0000	</row3>
				</transform>
			</node>
			<node>
				<identifier>	MP_CM082_Rope_INDEX_10	</identifier>
				<transform>
					<row0>	0.7893 0.0000 0.1305 0.0000	</row0>
					<row1>	0.0000 0.8000 0.0000 0.0000	</row1>
					<row2>	-0.1305 0.0000 0.7893 0.0000	</row2>
					<row3>	-0.1743 1.1495 1.6734 1.0000	</row3>
				</transform>
			</node>
			<node>
				<identifier>	MP_CM082_Rope_INDEX_11	</identifier>
				<transform>
					<row0>	0.7893 0.0000 0.1305 0.0000	</row0>
					<row1>	0.0000 0.8000 0.0000 0.0000	</row1>
					<row2>	-0.1305 0.0000 0.7893 0.0000	</row2>
					<row3>	-0.1765 1.1495 1.6861 1.0000	</row3>
				</transform>
			</node>
			<node>
				<identifier>	MP_CM082_Rope_INDEX_2	</identifier>
				<transform>
					<row0>	0.5362 0.0000 -0.5937 0.0000	</row0>
					<row1>	0.0000 0.8000 0.0000 0.0000	</row1>
					<row2>	0.5937 0.0000 0.5362 0.0000	</row2>
					<row3>	0.1634 1.1498 1.6480 1.0000	</row3>
				</transform>
			</node>
			<node>
				<identifier>	MP_CM082_Rope_INDEX_3	</identifier>
				<transform>
					<row0>	0.1644 0.0000 -0.7829 0.0000	</row0>
					<row1>	0.0000 0.8000 0.0000 0.0000	</row1>
					<row2>	0.7829 0.0000 0.1644 0.0000	</row2>
					<row3>	0.1401 1.1498 1.6358 1.0000	</row3>
				</transform>
			</node>
			<node>
				<identifier>	MP_CM082_Rope_INDEX_4	</identifier>
				<transform>
					<row0>	-0.2827 0.0000 -0.7484 0.0000	</row0>
					<row1>	0.0000 0.8000 0.0000 0.0000	</row1>
					<row2>	0.7484 0.0000 -0.2827 0.0000	</row2>
					<row3>	0.1245 1.1494 1.6351 1.0000	</row3>
				</transform>
			</node>
			<node>
				<identifier>	MP_CM082_Rope_INDEX_5	</identifier>
				<transform>
					<row0>	0.7823 0.0000 -0.1672 0.0000	</row0>
					<row1>	0.0000 0.8000 0.0000 0.0000	</row1>
					<row2>	0.1672 0.0000 0.7823 0.0000	</row2>
					<row3>	0.1205 1.1430 1.6988 1.0000	</row3>
				</transform>
			</node>
			<node>
				<identifier>	MP_CM082_Rope_INDEX_6	</identifier>
				<transform>
					<row0>	0.7823 0.0000 0.1672 0.0000	</row0>
					<row1>	0.0000 0.8000 0.0000 0.0000	</row1>
					<row2>	-0.1672 0.0000 0.7823 0.0000	</row2>
					<row3>	-0.1205 1.1430 1.6988 1.0000	</row3>
				</transform>
			</node>
			<node>
				<identifier>	MP_CM082_Rope_INDEX_7	</identifier>
				<transform>
					<row0>	-0.2827 0.0000 0.7484 0.0000	</row0>
					<row1>	0.0000 0.8000 0.0000 0.0000	</row1>
					<row2>	-0.7484 0.0000 -0.2827 0.0000	</row2>
					<row3>	-0.1245 1.1494 1.6351 1.0000	</row3>
				</transform>
			</node>
			<node>
				<identifier>	MP_CM082_Rope_INDEX_8	</identifier>
				<transform>
					<row0>	0.1644 0.0000 0.7829 0.0000	</row0>
					<row1>	0.0000 0.8000 0.0000 0.0000	</row1>
					<row2>	-0.7829 0.0000 0.1644 0.0000	</row2>
					<row3>	-0.1401 1.1498 1.6358 1.0000	</row3>
				</transform>
			</node>
			<node>
				<identifier>	MP_CM082_Rope_INDEX_9	</identifier>
				<transform>
					<row0>	0.5362 0.0000 0.5937 0.0000	</row0>
					<row1>	0.0000 0.8000 0.0000 0.0000	</row1>
					<row2>	-0.5937 0.0000 0.5362 0.0000	</row2>
					<row3>	-0.1634 1.1498 1.6480 1.0000	</row3>
				</transform>
			</node>
			<node>
				<identifier>	MP_CM112_Fire_Extinguisher	</identifier>
				<transform>
					<row0>	0.0000 0.0000 -1.0000 0.0000	</row0>
					<row1>	0.0000 1.0000 0.0000 0.0000	</row1>
					<row2>	1.0000 0.0000 0.0000 0.0000	</row2>
					<row3>	0.0020 1.0040 2.0538 1.0000	</row3>
				</transform>
			</node>
			<node>
				<identifier>	MP_CM112_Fire_Extinguisher_INDEX_1	</identifier>
				<transform>
					<row0>	-0.3827 0.0000 -0.9239 0.0000	</row0>
					<row1>	0.0000 1.0000 0.0000 0.0000	</row1>
					<row2>	0.9239 0.0000 -0.3827 0.0000	</row2>
					<row3>	-0.0438 1.5951 2.1396 1.0000	</row3>
				</transform>
			</node>
			<node>
				<identifier>	MP_CM112_Fire_Extinguisher_INDEX_2	</identifier>
				<transform>
					<row0>	-0.8097 0.0000 -0.5869 0.0000	</row0>
					<row1>	0.0000 1.0000 0.0000 0.0000	</row1>
					<row2>	0.5869 0.0000 -0.8097 0.0000	</row2>
					<row3>	-0.1026 1.9270 2.1565 1.0000	</row3>
				</transform>
			</node>
			<node>
				<identifier>	MP_CM126_Cleat	</identifier>
				<transform>
					<row0>	0.0000 0.0000 -1.0000 0.0000	</row0>
					<row1>	-1.0000 0.0000 0.0000 0.0000	</row1>
					<row2>	0.0000 1.0000 0.0000 0.0000	</row2>
					<row3>	-0.0110 1.9118 1.6468 1.0000	</row3>
				</transform>
			</node>
			<node>
				<identifier>	MP_IM001_Paramine_Tipo_C	</identifier>
				<transform>
					<row0>	0.0000 1.0000 0.0000 0.0000	</row0>
					<row1>	-0.7219 0.0000 0.6920 0.0000	</row1>
					<row2>	0.6920 0.0000 0.7219 0.0000	</row2>
					<row3>	0.3569 0.5349 0.4484 1.0000	</row3>
				</transform>
			</node>
			<node>
				<identifier>	MP_IM001_Paramine_Tipo_C_INDEX_1	</identifier>
				<transform>
					<row0>	0.0000 -1.0000 0.0000 0.0000	</row0>
					<row1>	0.7219 0.0000 0.6920 0.0000	</row1>
					<row2>	-0.6920 0.0000 0.7219 0.0000	</row2>
					<row3>	-0.3569 0.5349 0.4484 1.0000	</row3>
				</transform>
			</node>
			<node>
				<identifier>	MP_IM001_Paramine_Tipo_C_INDEX_2	</identifier>
				<transform>
					<row0>	0.0000 -1.0000 0.0000 0.0000	</row0>
					<row1>	1.0000 0.0000 0.0000 0.0000	</row1>
					<row2>	0.0000 0.0000 1.0000 0.0000	</row2>
					<row3>	-0.4119 0.5349 2.9918 1.0000	</row3>
				</transform>
			</node>
			<node>
				<identifier>	MP_IM001_Paramine_Tipo_C_INDEX_3	</identifier>
				<transform>
					<row0>	0.0000 1.0000 0.0000 0.0000	</row0>
					<row1>	-1.0000 0.0000 0.0000 0.0000	</row1>
					<row2>	0.0000 0.0000 1.0000 0.0000	</row2>
					<row3>	0.4119 0.5349 2.9918 1.0000	</row3>
				</transform>
			</node>
			<node>
				<identifier>	MP_IM021_Turtle	</identifier>
				<transform>
					<row0>	0.9919 0.0000 0.1270 0.0000	</row0>
					<row1>	0.0000 1.0000 0.0000 0.0000	</row1>
					<row2>	-0.1270 0.0000 0.9919 0.0000	</row2>
					<row3>	-0.0137 0.8788 2.4422 1.0000	</row3>
				</transform>
			</node>
			<node>
				<identifier>	MP_IM021_Turtle_INDEX_1	</identifier>
				<transform>
					<row0>	0.9919 0.0000 0.1270 0.0000	</row0>
					<row1>	0.0000 1.0000 0.0000 0.0000	</row1>
					<row2>	-0.1270 0.0000 0.9919 0.0000	</row2>
					<row3>	-0.0332 0.8788 2.4397 1.0000	</row3>
				</transform>
			</node>
			<node>
				<identifier>	MP_IM021_Turtle_INDEX_10	</identifier>
				<transform>
					<row0>	0.1064 0.0000 -0.9943 0.0000	</row0>
					<row1>	-0.0378 0.9993 -0.0040 0.0000	</row1>
					<row2>	0.9936 0.0380 0.1063 0.0000	</row2>
					<row3>	0.1783 1.1562 2.2760 1.0000	</row3>
				</transform>
			</node>
			<node>
				<identifier>	MP_IM021_Turtle_INDEX_11	</identifier>
				<transform>
					<row0>	0.1064 0.0000 -0.9943 0.0000	</row0>
					<row1>	-0.0378 0.9993 -0.0040 0.0000	</row1>
					<row2>	0.9936 0.0380 0.1063 0.0000	</row2>
					<row3>	0.1802 1.1562 2.2581 1.0000	</row3>
				</transform>
			</node>
			<node>
				<identifier>	MP_IM021_Turtle_INDEX_12	</identifier>
				<transform>
					<row0>	0.1064 0.0000 0.9943 0.0000	</row0>
					<row1>	0.0378 0.9993 -0.0040 0.0000	</row1>
					<row2>	-0.9936 0.0380 0.1063 0.0000	</row2>
					<row3>	-0.1783 1.1562 2.2760 1.0000	</row3>
				</transform>
			</node>
			<node>
				<identifier>	MP_IM021_Turtle_INDEX_13	</identifier>
				<transform>
					<row0>	0.1064 0.0000 0.9943 0.0000	</row0>
					<row1>	0.0378 0.9993 -0.0040 0.0000	</row1>
					<row2>	-0.9936 0.0380 0.1063 0.0000	</row2>
					<row3>	-0.1802 1.1562 2.2581 1.0000	</row3>
				</transform>
			</node>
			<node>
				<identifier>	MP_IM021_Turtle_INDEX_14	</identifier>
				<transform>
					<row0>	0.1064 0.0000 0.9943 0.0000	</row0>
					<row1>	0.0378 0.9993 -0.0040 0.0000	</row1>
					<row2>	-0.9936 0.0380 0.1063 0.0000	</row2>
					<row3>	-0.1796 1.1744 2.2581 1.0000	</row3>
				</transform>
			</node>
			<node>
				<identifier>	MP_IM021_Turtle_INDEX_15	</identifier>
				<transform>
					<row0>	0.1064 0.0000 0.9943 0.0000	</row0>
					<row1>	0.0378 0.9993 -0.0040 0.0000	</row1>
					<row2>	-0.9936 0.0380 0.1063 0.0000	</row2>
					<row3>	-0.1777 1.1744 2.2759 1.0000	</row3>
				</transform>
			</node>
			<node>
				<identifier>	MP_IM021_Turtle_INDEX_16	</identifier>
				<transform>
					<row0>	0.1257 0.0007 -0.9921 0.0000	</row0>
					<row1>	-0.0378 0.9993 -0.0040 0.0000	</row1>
					<row2>	0.9914 0.0380 0.1256 0.0000	</row2>
					<row3>	0.1728 1.3334 2.2610 1.0000	</row3>
				</transform>
			</node>
			<node>
				<identifier>	MP_IM021_Turtle_INDEX_17	</identifier>
				<transform>
					<row0>	0.1257 0.0007 -0.9921 0.0000	</row0>
					<row1>	-0.0378 0.9993 -0.0040 0.0000	</row1>
					<row2>	0.9914 0.0380 0.1256 0.0000	</row2>
					<row3>	0.1705 1.3333 2.2788 1.0000	</row3>
				</transform>
			</node>
			<node>
				<identifier>	MP_IM021_Turtle_INDEX_18	</identifier>
				<transform>
					<row0>	0.1257 0.0007 -0.9921 0.0000	</row0>
					<row1>	-0.0378 0.9993 -0.0040 0.0000	</row1>
					<row2>	0.9914 0.0380 0.1256 0.0000	</row2>
					<row3>	0.1712 1.3151 2.2789 1.0000	</row3>
				</transform>
			</node>
			<node>
				<identifier>	MP_IM021_Turtle_INDEX_19	</identifier>
				<transform>
					<row0>	0.1257 0.0007 -0.9921 0.0000	</row0>
					<row1>	-0.0378 0.9993 -0.0040 0.0000	</row1>
					<row2>	0.9914 0.0380 0.1256 0.0000	</row2>
					<row3>	0.1735 1.3151 2.2611 1.0000	</row3>
				</transform>
			</node>
			<node>
				<identifier>	MP_IM021_Turtle_INDEX_2	</identifier>
				<transform>
					<row0>	0.9919 0.0000 0.1270 0.0000	</row0>
					<row1>	0.0000 1.0000 0.0000 0.0000	</row1>
					<row2>	-0.1270 0.0000 0.9919 0.0000	</row2>
					<row3>	-0.0332 0.8599 2.4397 1.0000	</row3>
				</transform>
			</node>
			<node>
				<identifier>	MP_IM021_Turtle_INDEX_20	</identifier>
				<transform>
					<row0>	0.1257 -0.0007 0.9921 0.0000	</row0>
					<row1>	0.0378 0.9993 -0.0040 0.0000	</row1>
					<row2>	-0.9914 0.0380 0.1256 0.0000	</row2>
					<row3>	-0.1728 1.3334 2.2610 1.0000	</row3>
				</transform>
			</node>
			<node>
				<identifier>	MP_IM021_Turtle_INDEX_21	</identifier>
				<transform>
					<row0>	0.1257 -0.0007 0.9921 0.0000	</row0>
					<row1>	0.0378 0.9993 -0.0040 0.0000	</row1>
					<row2>	-0.9914 0.0380 0.1256 0.0000	</row2>
					<row3>	-0.1705 1.3333 2.2788 1.0000	</row3>
				</transform>
			</node>
			<node>
				<identifier>	MP_IM021_Turtle_INDEX_22	</identifier>
				<transform>
					<row0>	0.1257 -0.0007 0.9921 0.0000	</row0>
					<row1>	0.0378 0.9993 -0.0040 0.0000	</row1>
					<row2>	-0.9914 0.0380 0.1256 0.0000	</row2>
					<row3>	-0.1712 1.3151 2.2789 1.0000	</row3>
				</transform>
			</node>
			<node>
				<identifier>	MP_IM021_Turtle_INDEX_23	</identifier>
				<transform>
					<row0>	0.1257 -0.0007 0.9921 0.0000	</row0>
					<row1>	0.0378 0.9993 -0.0040 0.0000	</row1>
					<row2>	-0.9914 0.0380 0.1256 0.0000	</row2>
					<row3>	-0.1735 1.3151 2.2611 1.0000	</row3>
				</transform>
			</node>
			<node>
				<identifier>	MP_IM021_Turtle_INDEX_24	</identifier>
				<transform>
					<row0>	0.1257 0.0104 -0.9920 0.0000	</row0>
					<row1>	-0.0225 0.9997 0.0076 0.0000	</row1>
					<row2>	0.9918 0.0214 0.1259 0.0000	</row2>
					<row3>	0.1284 1.9395 2.2743 1.0000	</row3>
				</transform>
			</node>
			<node>
				<identifier>	MP_IM021_Turtle_INDEX_25	</identifier>
				<transform>
					<row0>	0.1257 0.0104 -0.9920 0.0000	</row0>
					<row1>	-0.0225 0.9997 0.0076 0.0000	</row1>
					<row2>	0.9918 0.0214 0.1259 0.0000	</row2>
					<row3>	0.1308 1.9395 2.2565 1.0000	</row3>
				</transform>
			</node>
			<node>
				<identifier>	MP_IM021_Turtle_INDEX_26	</identifier>
				<transform>
					<row0>	0.1257 0.0104 -0.9920 0.0000	</row0>
					<row1>	-0.0225 0.9997 0.0076 0.0000	</row1>
					<row2>	0.9918 0.0214 0.1259 0.0000	</row2>
					<row3>	0.1291 1.9212 2.2743 1.0000	</row3>
				</transform>
			</node>
			<node>
				<identifier>	MP_IM021_Turtle_INDEX_27	</identifier>
				<transform>
					<row0>	0.1257 0.0104 -0.9920 0.0000	</row0>
					<row1>	-0.0225 0.9997 0.0076 0.0000	</row1>
					<row2>	0.9918 0.0214 0.1259 0.0000	</row2>
					<row3>	0.1315 1.9213 2.2566 1.0000	</row3>
				</transform>
			</node>
			<node>
				<identifier>	MP_IM021_Turtle_INDEX_28	</identifier>
				<transform>
					<row0>	0.1257 -0.0104 0.9920 0.0000	</row0>
					<row1>	0.0225 0.9997 0.0076 0.0000	</row1>
					<row2>	-0.9918 0.0214 0.1259 0.0000	</row2>
					<row3>	-0.1308 1.9395 2.2565 1.0000	</row3>
				</transform>
			</node>
			<node>
				<identifier>	MP_IM021_Turtle_INDEX_29	</identifier>
				<transform>
					<row0>	0.1257 -0.0104 0.9920 0.0000	</row0>
					<row1>	0.0225 0.9997 0.0076 0.0000	</row1>
					<row2>	-0.9918 0.0214 0.1259 0.0000	</row2>
					<row3>	-0.1284 1.9395 2.2743 1.0000	</row3>
				</transform>
			</node>
			<node>
				<identifier>	MP_IM021_Turtle_INDEX_3	</identifier>
				<transform>
					<row0>	0.9919 0.0000 0.1270 0.0000	</row0>
					<row1>	0.0000 1.0000 0.0000 0.0000	</row1>
					<row2>	-0.1270 0.0000 0.9919 0.0000	</row2>
					<row3>	-0.0137 0.8599 2.4422 1.0000	</row3>
				</transform>
			</node>
			<node>
				<identifier>	MP_IM021_Turtle_INDEX_30	</identifier>
				<transform>
					<row0>	0.1257 -0.0104 0.9920 0.0000	</row0>
					<row1>	0.0225 0.9997 0.0076 0.0000	</row1>
					<row2>	-0.9918 0.0214 0.1259 0.0000	</row2>
					<row3>	-0.1291 1.9212 2.2743 1.0000	</row3>
				</transform>
			</node>
			<node>
				<identifier>	MP_IM021_Turtle_INDEX_31	</identifier>
				<transform>
					<row0>	0.1257 -0.0104 0.9920 0.0000	</row0>
					<row1>	0.0225 0.9997 0.0076 0.0000	</row1>
					<row2>	-0.9918 0.0214 0.1259 0.0000	</row2>
					<row3>	-0.1315 1.9213 2.2566 1.0000	</row3>
				</transform>
			</node>
			<node>
				<identifier>	MP_IM021_Turtle_INDEX_4	</identifier>
				<transform>
					<row0>	0.9919 0.0000 0.1270 0.0000	</row0>
					<row1>	0.0000 1.0000 0.0000 0.0000	</row1>
					<row2>	-0.1270 0.0000 0.9919 0.0000	</row2>
					<row3>	-0.0332 0.8243 2.4397 1.0000	</row3>
				</transform>
			</node>
			<node>
				<identifier>	MP_IM021_Turtle_INDEX_5	</identifier>
				<transform>
					<row0>	0.9919 0.0000 0.1270 0.0000	</row0>
					<row1>	0.0000 1.0000 0.0000 0.0000	</row1>
					<row2>	-0.1270 0.0000 0.9919 0.0000	</row2>
					<row3>	-0.0137 0.8243 2.4422 1.0000	</row3>
				</transform>
			</node>
			<node>
				<identifier>	MP_IM021_Turtle_INDEX_6	</identifier>
				<transform>
					<row0>	0.9919 0.0000 0.1270 0.0000	</row0>
					<row1>	0.0000 1.0000 0.0000 0.0000	</row1>
					<row2>	-0.1270 0.0000 0.9919 0.0000	</row2>
					<row3>	-0.0332 0.8422 2.4397 1.0000	</row3>
				</transform>
			</node>
			<node>
				<identifier>	MP_IM021_Turtle_INDEX_7	</identifier>
				<transform>
					<row0>	0.9919 0.0000 0.1270 0.0000	</row0>
					<row1>	0.0000 1.0000 0.0000 0.0000	</row1>
					<row2>	-0.1270 0.0000 0.9919 0.0000	</row2>
					<row3>	-0.0137 0.8422 2.4422 1.0000	</row3>
				</transform>
			</node>
			<node>
				<identifier>	MP_IM021_Turtle_INDEX_8	</identifier>
				<transform>
					<row0>	0.1064 0.0000 -0.9943 0.0000	</row0>
					<row1>	-0.0378 0.9993 -0.0040 0.0000	</row1>
					<row2>	0.9936 0.0380 0.1063 0.0000	</row2>
					<row3>	0.1796 1.1744 2.2581 1.0000	</row3>
				</transform>
			</node>
			<node>
				<identifier>	MP_IM021_Turtle_INDEX_9	</identifier>
				<transform>
					<row0>	0.1064 0.0000 -0.9943 0.0000	</row0>
					<row1>	-0.0378 0.9993 -0.0040 0.0000	</row1>
					<row2>	0.9936 0.0380 0.1063 0.0000	</row2>
					<row3>	0.1777 1.1744 2.2759 1.0000	</row3>
				</transform>
			</node>
			<node>
				<identifier>	MP_IM026_Reels	</identifier>
				<transform>
					<row0>	0.4284 0.0000 -0.4889 0.0000	</row0>
					<row1>	0.0000 0.6500 0.0000 0.0000	</row1>
					<row2>	0.4889 0.0000 0.4284 0.0000	</row2>
					<row3>	0.1682 0.6131 2.6754 1.0000	</row3>
				</transform>
			</node>
			<node>
				<identifier>	MP_IM026_Reels_INDEX_1	</identifier>
				<transform>
					<row0>	0.4284 0.0000 0.4889 0.0000	</row0>
					<row1>	0.0000 0.6500 0.0000 0.0000	</row1>
					<row2>	-0.4889 0.0000 0.4284 0.0000	</row2>
					<row3>	-0.1682 0.6131 2.6754 1.0000	</row3>
				</transform>
			</node>
			<node>
				<identifier>	MP_IM026_Reels_INDEX_2	</identifier>
				<transform>
					<row0>	0.5673 0.0000 -0.8235 0.0000	</row0>
					<row1>	0.0000 1.0000 0.0000 0.0000	</row1>
					<row2>	0.8235 0.0000 0.5673 0.0000	</row2>
					<row3>	0.3602 0.4557 3.2100 1.0000	</row3>
				</transform>
			</node>
			<node>
				<identifier>	MP_IM026_Reels_INDEX_3	</identifier>
				<transform>
					<row0>	0.5673 0.0000 0.8235 0.0000	</row0>
					<row1>	0.0000 1.0000 0.0000 0.0000	</row1>
					<row2>	-0.8235 0.0000 0.5673 0.0000	</row2>
					<row3>	-0.3602 0.4557 3.2100 1.0000	</row3>
				</transform>
			</node>
			<node>
				<identifier>	MP_IM031_Fire_Fighting	</identifier>
				<transform>
					<row0>	0.0000 0.0000 -1.0000 0.0000	</row0>
					<row1>	0.0000 1.0000 0.0000 0.0000	</row1>
					<row2>	1.0000 0.0000 0.0000 0.0000	</row2>
					<row3>	-0.1963 0.6131 2.3994 1.0000	</row3>
				</transform>
			</node>
			<node>
				<identifier>	MP_IM031_Fire_Fighting_INDEX_1	</identifier>
				<transform>
					<row0>	0.0000 0.0000 -1.0000 0.0000	</row0>
					<row1>	0.0000 1.0000 0.0000 0.0000	</row1>
					<row2>	1.0000 0.0000 0.0000 0.0000	</row2>
					<row3>	-0.1379 0.6131 1.9189 1.0000	</row3>
				</transform>
			</node>
			<node>
				<identifier>	MP_IM031_Fire_Fighting_INDEX_10	</identifier>
				<transform>
					<row0>	0.0000 0.0000 -1.0000 0.0000	</row0>
					<row1>	0.0000 1.0000 0.0000 0.0000	</row1>
					<row2>	1.0000 0.0000 0.0000 0.0000	</row2>
					<row3>	0.0875 0.4560 4.9991 1.0000	</row3>
				</transform>
			</node>
			<node>
				<identifier>	MP_IM031_Fire_Fighting_INDEX_11	</identifier>
				<transform>
					<row0>	0.0000 0.0000 1.0000 0.0000	</row0>
					<row1>	0.0000 1.0000 0.0000 0.0000	</row1>
					<row2>	-1.0000 0.0000 0.0000 0.0000	</row2>
					<row3>	-0.0875 0.4560 4.9991 1.0000	</row3>
				</transform>
			</node>
			<node>
				<identifier>	MP_IM031_Fire_Fighting_INDEX_12	</identifier>
				<transform>
					<row0>	1.0000 0.0000 0.0000 0.0000	</row0>
					<row1>	0.0000 1.0000 0.0000 0.0000	</row1>
					<row2>	0.0000 0.0000 1.0000 0.0000	</row2>
					<row3>	0.0000 0.7698 2.0417 1.0000	</row3>
				</transform>
			</node>
			<node>
				<identifier>	MP_IM031_Fire_Fighting_INDEX_2	</identifier>
				<transform>
					<row0>	1.0000 0.0000 0.0000 0.0000	</row0>
					<row1>	0.0000 1.0000 0.0000 0.0000	</row1>
					<row2>	0.0000 0.0000 1.0000 0.0000	</row2>
					<row3>	0.0889 0.6131 1.8803 1.0000	</row3>
				</transform>
			</node>
			<node>
				<identifier>	MP_IM031_Fire_Fighting_INDEX_3	</identifier>
				<transform>
					<row0>	0.0000 0.0000 1.0000 0.0000	</row0>
					<row1>	0.0000 1.0000 0.0000 0.0000	</row1>
					<row2>	-1.0000 0.0000 0.0000 0.0000	</row2>
					<row3>	0.1963 0.6131 2.3994 1.0000	</row3>
				</transform>
			</node>
			<node>
				<identifier>	MP_IM031_Fire_Fighting_INDEX_4	</identifier>
				<transform>
					<row0>	0.0000 0.0000 1.0000 0.0000	</row0>
					<row1>	0.0000 1.0000 0.0000 0.0000	</row1>
					<row2>	-1.0000 0.0000 0.0000 0.0000	</row2>
					<row3>	0.3668 0.4560 2.4607 1.0000	</row3>
				</transform>
			</node>
			<node>
				<identifier>	MP_IM031_Fire_Fighting_INDEX_5	</identifier>
				<transform>
					<row0>	0.5943 0.0000 0.8043 0.0000	</row0>
					<row1>	0.0000 1.0000 0.0000 0.0000	</row1>
					<row2>	-0.8043 0.0000 0.5943 0.0000	</row2>
					<row3>	0.1257 0.4560 1.7090 1.0000	</row3>
				</transform>
			</node>
			<node>
				<identifier>	MP_IM031_Fire_Fighting_INDEX_6	</identifier>
				<transform>
					<row0>	-0.5580 0.0000 0.8298 0.0000	</row0>
					<row1>	0.0000 1.0000 0.0000 0.0000	</row1>
					<row2>	-0.8298 0.0000 -0.5580 0.0000	</row2>
					<row3>	0.1406 0.4560 3.4791 1.0000	</row3>
				</transform>
			</node>
			<node>
				<identifier>	MP_IM031_Fire_Fighting_INDEX_7	</identifier>
				<transform>
					<row0>	-0.5580 0.0000 -0.8298 0.0000	</row0>
					<row1>	0.0000 1.0000 0.0000 0.0000	</row1>
					<row2>	0.8298 0.0000 -0.5580 0.0000	</row2>
					<row3>	-0.1406 0.4560 3.4791 1.0000	</row3>
				</transform>
			</node>
			<node>
				<identifier>	MP_IM031_Fire_Fighting_INDEX_8	</identifier>
				<transform>
					<row0>	0.0000 0.0000 -1.0000 0.0000	</row0>
					<row1>	0.0000 1.0000 0.0000 0.0000	</row1>
					<row2>	1.0000 0.0000 0.0000 0.0000	</row2>
					<row3>	-0.3668 0.4560 2.4607 1.0000	</row3>
				</transform>
			</node>
			<node>
				<identifier>	MP_IM031_Fire_Fighting_INDEX_9	</identifier>
				<transform>
					<row0>	0.5943 0.0000 -0.8043 0.0000	</row0>
					<row1>	0.0000 1.0000 0.0000 0.0000	</row1>
					<row2>	0.8043 0.0000 0.5943 0.0000	</row2>
					<row3>	-0.1257 0.4560 1.7090 1.0000	</row3>
				</transform>
			</node>
			<node>
				<identifier>	MP_IM032_Fire_Hose	</identifier>
				<transform>
					<row0>	-1.0000 0.0000 0.0000 0.0000	</row0>
					<row1>	0.0000 1.0000 0.0000 0.0000	</row1>
					<row2>	0.0000 0.0000 -1.0000 0.0000	</row2>
					<row3>	0.0729 0.7017 1.8867 1.0000	</row3>
				</transform>
			</node>
			<node>
				<identifier>	MP_IM032_Fire_Hose_INDEX_1	</identifier>
				<transform>
					<row0>	0.0000 0.0000 -1.0000 0.0000	</row0>
					<row1>	0.0000 1.0000 0.0000 0.0000	</row1>
					<row2>	1.0000 0.0000 0.0000 0.0000	</row2>
					<row3>	0.1897 0.7017 2.3598 1.0000	</row3>
				</transform>
			</node>
			<node>
				<identifier>	MP_IM032_Fire_Hose_INDEX_10	</identifier>
				<transform>
					<row0>	-0.5613 0.0000 -0.8276 0.0000	</row0>
					<row1>	0.0000 1.0000 0.0000 0.0000	</row1>
					<row2>	0.8276 0.0000 -0.5613 0.0000	</row2>
					<row3>	0.0977 0.5427 1.6889 1.0000	</row3>
				</transform>
			</node>
			<node>
				<identifier>	MP_IM032_Fire_Hose_INDEX_11	</identifier>
				<transform>
					<row0>	-0.5613 0.0000 0.8276 0.0000	</row0>
					<row1>	0.0000 1.0000 0.0000 0.0000	</row1>
					<row2>	-0.8276 0.0000 -0.5613 0.0000	</row2>
					<row3>	-0.0977 0.5427 1.6889 1.0000	</row3>
				</transform>
			</node>
			<node>
				<identifier>	MP_IM032_Fire_Hose_INDEX_12	</identifier>
				<transform>
					<row0>	-0.9917 0.0000 -0.1288 0.0000	</row0>
					<row1>	-0.0057 0.9990 0.0442 0.0000	</row1>
					<row2>	0.1287 0.0446 -0.9907 0.0000	</row2>
					<row3>	0.0331 0.8640 2.0565 1.0000	</row3>
				</transform>
			</node>
			<node>
				<identifier>	MP_IM032_Fire_Hose_INDEX_2	</identifier>
				<transform>
					<row0>	0.0000 0.0000 1.0000 0.0000	</row0>
					<row1>	0.0000 1.0000 0.0000 0.0000	</row1>
					<row2>	-1.0000 0.0000 0.0000 0.0000	</row2>
					<row3>	-0.1897 0.7017 2.3598 1.0000	</row3>
				</transform>
			</node>
			<node>
				<identifier>	MP_IM032_Fire_Hose_INDEX_3	</identifier>
				<transform>
					<row0>	-1.0000 0.0000 0.0000 0.0000	</row0>
					<row1>	0.0000 1.0000 0.0000 0.0000	</row1>
					<row2>	0.0000 0.0000 -1.0000 0.0000	</row2>
					<row3>	-0.0740 0.7017 1.8867 1.0000	</row3>
				</transform>
			</node>
			<node>
				<identifier>	MP_IM032_Fire_Hose_INDEX_4	</identifier>
				<transform>
					<row0>	0.0000 0.0000 -1.0000 0.0000	</row0>
					<row1>	0.0000 1.0000 0.0000 0.0000	</row1>
					<row2>	1.0000 0.0000 0.0000 0.0000	</row2>
					<row3>	0.0031 0.4945 4.9901 1.0000	</row3>
				</transform>
			</node>
			<node>
				<identifier>	MP_IM032_Fire_Hose_INDEX_5	</identifier>
				<transform>
					<row0>	0.0000 0.0000 1.0000 0.0000	</row0>
					<row1>	0.0000 1.0000 0.0000 0.0000	</row1>
					<row2>	-1.0000 0.0000 0.0000 0.0000	</row2>
					<row3>	-0.0031 0.4945 4.9901 1.0000	</row3>
				</transform>
			</node>
			<node>
				<identifier>	MP_IM032_Fire_Hose_INDEX_6	</identifier>
				<transform>
					<row0>	0.5689 0.0000 -0.8224 0.0000	</row0>
					<row1>	0.0000 1.0000 0.0000 0.0000	</row1>
					<row2>	0.8224 0.0000 0.5689 0.0000	</row2>
					<row3>	0.1170 0.5424 3.4894 1.0000	</row3>
				</transform>
			</node>
			<node>
				<identifier>	MP_IM032_Fire_Hose_INDEX_7	</identifier>
				<transform>
					<row0>	0.5689 0.0000 0.8224 0.0000	</row0>
					<row1>	0.0000 1.0000 0.0000 0.0000	</row1>
					<row2>	-0.8224 0.0000 0.5689 0.0000	</row2>
					<row3>	-0.1170 0.5424 3.4894 1.0000	</row3>
				</transform>
			</node>
			<node>
				<identifier>	MP_IM032_Fire_Hose_INDEX_8	</identifier>
				<transform>
					<row0>	0.0000 0.0000 -1.0000 0.0000	</row0>
					<row1>	0.0000 1.0000 0.0000 0.0000	</row1>
					<row2>	1.0000 0.0000 0.0000 0.0000	</row2>
					<row3>	0.3553 0.5429 2.4544 1.0000	</row3>
				</transform>
			</node>
			<node>
				<identifier>	MP_IM032_Fire_Hose_INDEX_9	</identifier>
				<transform>
