<GSB012_Kaiser_1936_MidFront_ports.visual>
	<node>
		<identifier>	Scene Root	</identifier>
		<transform>
			<row0>	1.0000 0.0000 0.0000 0.0000	</row0>
			<row1>	0.0000 1.0000 0.0000 0.0000	</row1>
			<row2>	0.0000 0.0000 1.0000 0.0000	</row2>
			<row3>	0.0000 0.0000 0.0000 1.0000	</row3>
		</transform>
		<node>
			<identifier>	MidFront_ports	</identifier>
			<transform>
				<row0>	1.0000 0.0000 0.0000 0.0000	</row0>
				<row1>	0.0000 1.0000 0.0000 0.0000	</row1>
				<row2>	0.0000 0.0000 1.0000 0.0000	</row2>
				<row3>	0.0000 0.0000 0.0000 1.0000	</row3>
			</transform>
			<node>
				<identifier>	HP_FX_Death_1	</identifier>
				<transform>
					<row0>	1.0000 0.0000 0.0000 0.0000	</row0>
					<row1>	0.0000 1.0000 0.0000 0.0000	</row1>
					<row2>	0.0000 0.0000 1.0000 0.0000	</row2>
					<row3>	0.0000 0.0000 2.7283 1.0000	</row3>
				</transform>
			</node>
			<node>
				<identifier>	HP_FX_Death_2	</identifier>
				<transform>
					<row0>	1.0000 0.0000 0.0000 0.0000	</row0>
					<row1>	0.0000 1.0000 0.0000 0.0000	</row1>
					<row2>	0.0000 0.0000 1.0000 0.0000	</row2>
					<row3>	0.0000 0.0000 0.2951 1.0000	</row3>
				</transform>
			</node>
			<node>
				<identifier>	HP_FX_Fire_2	</identifier>
				<transform>
					<row0>	1.0000 0.0000 0.0000 0.0000	</row0>
					<row1>	0.0000 1.0000 0.0019 0.0000	</row1>
					<row2>	0.0000 -0.0019 1.0000 0.0000	</row2>
					<row3>	0.0000 1.0660 1.9666 1.0000	</row3>
				</transform>
			</node>
			<node>
				<identifier>	HP_FX_Fire_2_side_1	</identifier>
				<transform>
					<row0>	0.9986 0.0000 -0.0531 0.0000	</row0>
					<row1>	0.0000 1.0000 0.0000 0.0000	</row1>
					<row2>	0.0531 0.0000 0.9986 0.0000	</row2>
					<row3>	-0.3590 0.5433 1.9325 1.0000	</row3>
				</transform>
			</node>
			<node>
				<identifier>	HP_FX_Fire_2_side_2	</identifier>
				<transform>
					<row0>	0.9971 0.0000 0.0763 0.0000	</row0>
					<row1>	0.0000 1.0000 0.0000 0.0000	</row1>
					<row2>	-0.0763 0.0000 0.9971 0.0000	</row2>
					<row3>	0.8863 0.3494 1.5924 1.0000	</row3>
				</transform>
			</node>
			<node>
				<identifier>	HP_FX_Fire_2_side_3	</identifier>
				<transform>
					<row0>	1.0000 0.0000 0.0000 0.0000	</row0>
					<row1>	0.0000 1.0000 0.0000 0.0000	</row1>
					<row2>	0.0000 0.0000 1.0000 0.0000	</row2>
					<row3>	-0.8308 0.2247 1.1639 1.0000	</row3>
				</transform>
			</node>
			<node>
				<identifier>	HP_FX_Fire_5	</identifier>
				<transform>
					<row0>	1.0000 0.0000 0.0000 0.0000	</row0>
					<row1>	0.0000 1.0000 0.0000 0.0000	</row1>
					<row2>	0.0000 0.0000 1.0000 0.0000	</row2>
					<row3>	0.0000 0.3949 0.6179 1.0000	</row3>
				</transform>
			</node>
			<node>
				<identifier>	HP_FX_FloodLight_left_2	</identifier>
				<transform>
					<row0>	-1.0000 0.0000 0.0000 0.0000	</row0>
					<row1>	0.0000 1.0000 0.0000 0.0000	</row1>
					<row2>	0.0000 0.0000 -1.0000 0.0000	</row2>
					<row3>	-0.2059 1.0295 2.0660 1.0000	</row3>
				</transform>
			</node>
			<node>
				<identifier>	HP_FX_FloodLight_right_2	</identifier>
				<transform>
					<row0>	1.0000 0.0000 0.0000 0.0000	</row0>
					<row1>	0.0000 1.0000 0.0000 0.0000	</row1>
					<row2>	0.0000 0.0000 1.0000 0.0000	</row2>
					<row3>	0.2089 1.0225 2.1049 1.0000	</row3>
				</transform>
			</node>
			<node>
				<identifier>	HP_FX_Flood_steam_1	</identifier>
				<transform>
					<row0>	1.0000 0.0000 0.0000 0.0000	</row0>
					<row1>	0.0000 0.9299 -0.3679 0.0000	</row1>
					<row2>	0.0000 0.3679 0.9299 0.0000	</row2>
					<row3>	-0.0830 1.4193 1.3443 1.0000	</row3>
				</transform>
			</node>
			<node>
				<identifier>	HP_FX_Flood_steam_exhaust_2	</identifier>
				<transform>
					<row0>	0.8598 -0.1717 -0.4810 0.0000	</row0>
					<row1>	-0.1270 0.8403 -0.5271 0.0000	</row1>
					<row2>	0.4947 0.5142 0.7006 0.0000	</row2>
					<row3>	-0.0978 1.5332 1.5992 1.0000	</row3>
				</transform>
			</node>
			<node>
				<identifier>	HP_FX_Flood_steam_left	</identifier>
				<transform>
					<row0>	-1.0000 0.0000 0.0000 0.0000	</row0>
					<row1>	0.0000 1.0000 0.0000 0.0000	</row1>
					<row2>	0.0000 0.0000 -1.0000 0.0000	</row2>
					<row3>	-0.6279 0.3370 2.2679 1.0000	</row3>
				</transform>
			</node>
			<node>
				<identifier>	HP_FX_Flood_water_left_2	</identifier>
				<transform>
					<row0>	-1.0000 0.0000 0.0000 0.0000	</row0>
					<row1>	0.0000 1.0000 0.0000 0.0000	</row1>
					<row2>	0.0000 0.0000 -1.0000 0.0000	</row2>
					<row3>	-1.0135 0.0443 0.6111 1.0000	</row3>
				</transform>
			</node>
			<node>
				<identifier>	HP_FX_Flood_water_left_3	</identifier>
				<transform>
					<row0>	-1.0000 0.0000 0.0000 0.0000	</row0>
					<row1>	0.0000 1.0000 0.0000 0.0000	</row1>
					<row2>	0.0000 0.0000 -1.0000 0.0000	</row2>
					<row3>	-0.8390 0.0445 2.5827 1.0000	</row3>
				</transform>
			</node>
			<node>
				<identifier>	HP_FX_Flood_water_right_2	</identifier>
				<transform>
					<row0>	1.0000 0.0000 0.0000 0.0000	</row0>
					<row1>	0.0000 1.0000 0.0000 0.0000	</row1>
					<row2>	0.0000 0.0000 1.0000 0.0000	</row2>
					<row3>	1.0128 0.0510 0.6088 1.0000	</row3>
				</transform>
			</node>
			<node>
				<identifier>	HP_FX_Flood_water_right_3	</identifier>
				<transform>
					<row0>	1.0000 0.0000 0.0000 0.0000	</row0>
					<row1>	0.0000 1.0000 0.0000 0.0000	</row1>
					<row2>	0.0000 0.0000 1.0000 0.0000	</row2>
					<row3>	0.8395 0.0507 2.5810 1.0000	</row3>
				</transform>
			</node>
			<node>
				<identifier>	HP_FX_RepairLight_right_1	</identifier>
				<transform>
					<row0>	0.0000 0.0000 -1.0000 0.0000	</row0>
					<row1>	0.0000 1.0000 0.0000 0.0000	</row1>
					<row2>	1.0000 0.0000 0.0000 0.0000	</row2>
					<row3>	0.4846 0.3744 2.9826 1.0000	</row3>
				</transform>
			</node>
			<node>
				<identifier>	HP_FX_Smoke_1	</identifier>
				<transform>
					<row0>	1.0000 0.0000 0.0000 0.0000	</row0>
					<row1>	0.0000 0.9668 -0.2555 0.0000	</row1>
					<row2>	0.0000 0.2555 0.9668 0.0000	</row2>
					<row3>	0.0000 1.5188 1.4755 1.0000	</row3>
				</transform>
			</node>
			<node>
				<identifier>	HP_Flagpole	</identifier>
				<transform>
					<row0>	-1.0000 0.0000 0.0000 0.0000	</row0>
					<row1>	0.0000 0.7528 -0.6583 0.0000	</row1>
					<row2>	0.0000 -0.6583 -0.7528 0.0000	</row2>
					<row3>	0.0000 2.3159 1.4684 1.0000	</row3>
				</transform>
			</node>
			<node>
				<identifier>	HP_GD_1	</identifier>
				<transform>
					<row0>	1.0000 0.0000 0.0000 0.0000	</row0>
					<row1>	0.0000 1.0000 0.0000 0.0000	</row1>
					<row2>	0.0000 0.0000 1.0000 0.0000	</row2>
					<row3>	0.0000 1.0148 2.2358 1.0000	</row3>
				</transform>
			</node>
			<node>
				<identifier>	HP_GF_1	</identifier>
				<transform>
					<row0>	1.0000 0.0000 0.0000 0.0000	</row0>
					<row1>	0.0000 1.0000 0.0000 0.0000	</row1>
					<row2>	0.0000 0.0000 1.0000 0.0000	</row2>
					<row3>	0.0002 0.8495 2.4057 1.0000	</row3>
				</transform>
			</node>
			<node>
				<identifier>	HP_GF_2	</identifier>
				<transform>
					<row0>	1.0000 0.0000 0.0000 0.0000	</row0>
					<row1>	0.0000 1.0000 0.0000 0.0000	</row1>
					<row2>	0.0000 0.0000 1.0000 0.0000	</row2>
					<row3>	0.0000 2.0887 1.9653 1.0000	</row3>
				</transform>
			</node>
			<node>
				<identifier>	HP_GF_3	</identifier>
				<transform>
					<row0>	0.0000 0.0000 -1.0000 0.0000	</row0>
					<row1>	0.0000 1.0000 0.0000 0.0000	</row1>
					<row2>	1.0000 0.0000 0.0000 0.0000	</row2>
					<row3>	0.2864 0.8898 1.4609 1.0000	</row3>
				</transform>
			</node>
			<node>
				<identifier>	HP_GF_4	</identifier>
				<transform>
					<row0>	0.0000 0.0000 -1.0000 0.0000	</row0>
					<row1>	0.0000 1.0000 0.0000 0.0000	</row1>
					<row2>	1.0000 0.0000 0.0000 0.0000	</row2>
					<row3>	0.6654 0.4095 1.3872 1.0000	</row3>
				</transform>
			</node>
			<node>
				<identifier>	HP_GGA_3	</identifier>
				<transform>
					<row0>	0.0000 0.0000 1.0000 0.0000	</row0>
					<row1>	0.0000 1.0000 0.0000 0.0000	</row1>
					<row2>	-1.0000 0.0000 0.0000 0.0000	</row2>
					<row3>	-0.4496 0.3748 2.5253 1.0000	</row3>
				</transform>
			</node>
			<node>
				<identifier>	HP_GGA_4	</identifier>
				<transform>
					<row0>	0.0000 0.0000 -1.0000 0.0000	</row0>
					<row1>	0.0000 1.0000 0.0000 0.0000	</row1>
					<row2>	1.0000 0.0000 0.0000 0.0000	</row2>
					<row3>	0.4496 0.3748 2.5253 1.0000	</row3>
				</transform>
			</node>
			<node>
				<identifier>	HP_GGA_5	</identifier>
				<transform>
					<row0>	0.7071 0.0000 -0.7071 0.0000	</row0>
					<row1>	0.0000 1.0000 0.0000 0.0000	</row1>
					<row2>	0.7071 0.0000 0.7071 0.0000	</row2>
					<row3>	0.5696 0.3781 2.0450 1.0000	</row3>
				</transform>
			</node>
			<node>
				<identifier>	HP_GGA_6	</identifier>
				<transform>
					<row0>	0.0000 0.0000 1.0000 0.0000	</row0>
					<row1>	0.0000 1.0000 0.0000 0.0000	</row1>
					<row2>	-1.0000 0.0000 0.0000 0.0000	</row2>
					<row3>	-0.3342 0.5291 1.8854 1.0000	</row3>
				</transform>
			</node>
			<node>
				<identifier>	HP_GGA_7	</identifier>
				<transform>
					<row0>	0.0000 0.0000 1.0000 0.0000	</row0>
					<row1>	0.0000 1.0000 0.0000 0.0000	</row1>
					<row2>	-1.0000 0.0000 0.0000 0.0000	</row2>
					<row3>	-0.6083 0.3750 1.5352 1.0000	</row3>
				</transform>
			</node>
			<node>
				<identifier>	HP_GGA_8	</identifier>
				<transform>
					<row0>	0.0000 0.0000 1.0000 0.0000	</row0>
					<row1>	0.0000 1.0000 0.0000 0.0000	</row1>
					<row2>	-1.0000 0.0000 0.0000 0.0000	</row2>
					<row3>	-0.6739 0.3781 1.0858 1.0000	</row3>
				</transform>
			</node>
			<node>
				<identifier>	HP_GGA_9	</identifier>
				<transform>
					<row0>	0.0000 0.0000 1.0000 0.0000	</row0>
					<row1>	0.0000 1.0000 0.0000 0.0000	</row1>
					<row2>	-1.0000 0.0000 0.0000 0.0000	</row2>
					<row3>	-0.6819 0.3781 0.6864 1.0000	</row3>
				</transform>
			</node>
			<node>
				<identifier>	HP_GGM_1	</identifier>
				<transform>
					<row0>	1.0000 0.0000 0.0000 0.0000	</row0>
					<row1>	0.0000 1.0000 0.0000 0.0000	</row1>
					<row2>	0.0000 0.0000 1.0000 0.0000	</row2>
					<row3>	0.0000 0.4733 2.9843 1.0000	</row3>
				</transform>
			</node>
			<node>
				<identifier>	HP_GGM_2	</identifier>
				<transform>
					<row0>	0.9925 0.0000 -0.1219 0.0000	</row0>
					<row1>	0.0000 1.0000 0.0000 0.0000	</row1>
					<row2>	0.1219 0.0000 0.9925 0.0000	</row2>
					<row3>	0.4655 0.4733 0.9115 1.0000	</row3>
				</transform>
			</node>
			<node>
				<identifier>	HP_GGS_1	</identifier>
				<transform>
					<row0>	1.0000 0.0000 0.0000 0.0000	</row0>
					<row1>	0.0000 1.0000 0.0000 0.0000	</row1>
					<row2>	0.0000 0.0000 1.0000 0.0000	</row2>
					<row3>	-0.5221 0.2828 2.7104 1.0000	</row3>
				</transform>
			</node>
			<node>
				<identifier>	HP_GGS_10	</identifier>
				<transform>
					<row0>	0.9659 0.0000 -0.2588 0.0000	</row0>
					<row1>	0.0000 1.0000 0.0000 0.0000	</row1>
					<row2>	0.2588 0.0000 0.9659 0.0000	</row2>
					<row3>	0.7500 0.2827 0.4590 1.0000	</row3>
				</transform>
			</node>
			<node>
				<identifier>	HP_GGS_2	</identifier>
				<transform>
					<row0>	1.0000 0.0000 0.0000 0.0000	</row0>
					<row1>	0.0000 1.0000 0.0000 0.0000	</row1>
					<row2>	0.0000 0.0000 1.0000 0.0000	</row2>
					<row3>	0.5351 0.2828 2.7052 1.0000	</row3>
				</transform>
			</node>
			<node>
				<identifier>	HP_GGS_3	</identifier>
				<transform>
					<row0>	1.0000 0.0000 0.0000 0.0000	</row0>
					<row1>	0.0000 1.0000 0.0000 0.0000	</row1>
					<row2>	0.0000 0.0000 1.0000 0.0000	</row2>
					<row3>	-0.6430 0.2828 2.0716 1.0000	</row3>
				</transform>
			</node>
			<node>
				<identifier>	HP_GGS_4	</identifier>
				<transform>
					<row0>	1.0000 0.0000 0.0000 0.0000	</row0>
					<row1>	0.0000 1.0000 0.0000 0.0000	</row1>
					<row2>	0.0000 0.0000 1.0000 0.0000	</row2>
					<row3>	0.6590 0.2828 2.0627 1.0000	</row3>
				</transform>
			</node>
			<node>
				<identifier>	HP_GGS_5	</identifier>
				<transform>
					<row0>	1.0000 0.0000 0.0000 0.0000	</row0>
					<row1>	0.0000 1.0000 0.0000 0.0000	</row1>
					<row2>	0.0000 0.0000 1.0000 0.0000	</row2>
					<row3>	-0.3342 0.5291 1.8854 1.0000	</row3>
				</transform>
			</node>
			<node>
				<identifier>	HP_GGS_6	</identifier>
				<transform>
					<row0>	1.0000 0.0000 0.0000 0.0000	</row0>
					<row1>	0.0000 1.0000 0.0000 0.0000	</row1>
					<row2>	0.0000 0.0000 1.0000 0.0000	</row2>
					<row3>	0.3043 0.5291 1.8497 1.0000	</row3>
				</transform>
			</node>
			<node>
				<identifier>	HP_GGS_7	</identifier>
				<transform>
					<row0>	0.9397 0.0000 0.3420 0.0000	</row0>
					<row1>	0.0000 1.0000 0.0000 0.0000	</row1>
					<row2>	-0.3420 0.0000 0.9397 0.0000	</row2>
					<row3>	-0.6999 0.2828 1.5082 1.0000	</row3>
				</transform>
			</node>
			<node>
				<identifier>	HP_GGS_8	</identifier>
				<transform>
					<row0>	0.9511 0.0000 0.3090 0.0000	</row0>
					<row1>	0.0000 1.0000 0.0000 0.0000	</row1>
					<row2>	-0.3090 0.0000 0.9511 0.0000	</row2>
					<row3>	-0.7347 0.2827 0.9864 1.0000	</row3>
				</transform>
			</node>
			<node>
				<identifier>	HP_GGS_9	</identifier>
				<transform>
					<row0>	0.9397 0.0000 0.3420 0.0000	</row0>
					<row1>	0.0000 1.0000 0.0000 0.0000	</row1>
					<row2>	-0.3420 0.0000 0.9397 0.0000	</row2>
					<row3>	-0.7305 0.2827 0.4676 1.0000	</row3>
				</transform>
			</node>
			<node>
				<identifier>	HP_flag_1	</identifier>
				<transform>
					<row0>	0.9126 -0.4084 -0.0205 0.0000	</row0>
					<row1>	0.4084 0.9078 0.0957 0.0000	</row1>
					<row2>	-0.0205 -0.0957 0.9952 0.0000	</row2>
					<row3>	0.4256 1.7631 1.7468 1.0000	</row3>
				</transform>
			</node>
			<node>
				<identifier>	HP_flag_2	</identifier>
				<transform>
					<row0>	0.9168 0.3973 0.0413 0.0000	</row0>
					<row1>	-0.3973 0.8963 0.1971 0.0000	</row1>
					<row2>	0.0413 -0.1971 0.9795 0.0000	</row2>
					<row3>	-0.4251 1.7622 1.7458 1.0000	</row3>
				</transform>
			</node>
			<node>
				<identifier>	HP_flag_3	</identifier>
				<transform>
					<row0>	0.9362 -0.3386 -0.0944 0.0000	</row0>
					<row1>	0.3386 0.7967 0.5006 0.0000	</row1>
					<row2>	-0.0944 -0.5006 0.8605 0.0000	</row2>
					<row3>	0.4712 1.7644 2.1107 1.0000	</row3>
				</transform>
			</node>
			<node>
				<identifier>	HP_flag_4	</identifier>
				<transform>
					<row0>	0.9427 0.3176 0.1020 0.0000	</row0>
					<row1>	-0.3176 0.7609 0.5658 0.0000	</row1>
					<row2>	0.1020 -0.5658 0.8182 0.0000	</row2>
					<row3>	-0.4698 1.7635 2.1097 1.0000	</row3>
				</transform>
			</node>
			<node>
				<identifier>	HP_flag_nation	</identifier>
				<transform>
					<row0>	0.9998 -0.0207 0.0047 0.0000	</row0>
					<row1>	0.0207 0.9040 -0.4269 0.0000	</row1>
					<row2>	0.0047 0.4269 0.9043 0.0000	</row2>
					<row3>	-0.0007 2.3858 1.3894 1.0000	</row3>
				</transform>
			</node>
			<node>
				<identifier>	HP_flag_rank	</identifier>
				<transform>
					<row0>	0.9998 -0.0207 0.0047 0.0000	</row0>
					<row1>	0.0207 0.9040 -0.4269 0.0000	</row1>
					<row2>	0.0047 0.4269 0.9043 0.0000	</row2>
					<row3>	-0.0058 2.1636 1.4944 1.0000	</row3>
				</transform>
			</node>
			<node>
				<identifier>	MP_CM011_Fire_Fighting_Gear	</identifier>
				<transform>
					<row0>	0.1345 0.0000 -0.9909 0.0000	</row0>
					<row1>	0.0000 1.0000 0.0000 0.0000	</row1>
					<row2>	0.9909 0.0000 0.1345 0.0000	</row2>
					<row3>	-0.3044 0.3735 2.9767 1.0000	</row3>
				</transform>
			</node>
			<node>
				<identifier>	MP_CM011_Fire_Fighting_Gear_INDEX_1	</identifier>
				<transform>
					<row0>	-0.1484 0.0000 0.9889 0.0000	</row0>
					<row1>	0.0000 1.0000 0.0000 0.0000	</row1>
					<row2>	-0.9889 0.0000 -0.1484 0.0000	</row2>
					<row3>	0.3043 0.3735 2.9911 1.0000	</row3>
				</transform>
			</node>
			<node>
				<identifier>	MP_CM011_Fire_Fighting_Gear_INDEX_2	</identifier>
				<transform>
					<row0>	0.8781 0.0000 -0.4784 0.0000	</row0>
					<row1>	0.0000 1.0000 0.0000 0.0000	</row1>
					<row2>	0.4784 0.0000 0.8781 0.0000	</row2>
					<row3>	-0.1878 0.3748 1.4095 1.0000	</row3>
				</transform>
			</node>
			<node>
				<identifier>	MP_CM011_Fire_Fighting_Gear_INDEX_3	</identifier>
				<transform>
					<row0>	-0.5164 0.0000 -0.8563 0.0000	</row0>
					<row1>	0.0000 1.0000 0.0000 0.0000	</row1>
					<row2>	0.8563 0.0000 -0.5164 0.0000	</row2>
					<row3>	-0.3598 0.3745 2.1373 1.0000	</row3>
				</transform>
			</node>
			<node>
				<identifier>	MP_CM011_Fire_Fighting_Gear_INDEX_4	</identifier>
				<transform>
					<row0>	-0.5164 0.0000 0.8563 0.0000	</row0>
					<row1>	0.0000 1.0000 0.0000 0.0000	</row1>
					<row2>	-0.8563 0.0000 -0.5164 0.0000	</row2>
					<row3>	0.3604 0.3745 2.1376 1.0000	</row3>
				</transform>
			</node>
			<node>
				<identifier>	MP_CM014_Fuel_Oil_Hose	</identifier>
				<transform>
					<row0>	-0.9984 0.0000 -0.0570 0.0000	</row0>
					<row1>	0.0000 1.0000 0.0000 0.0000	</row1>
					<row2>	0.0570 0.0000 -0.9984 0.0000	</row2>
					<row3>	0.8306 0.2527 0.3763 1.0000	</row3>
				</transform>
			</node>
			<node>
				<identifier>	MP_CM014_Fuel_Oil_Hose_INDEX_1	</identifier>
				<transform>
					<row0>	1.0000 0.0000 0.0000 0.0000	</row0>
					<row1>	0.0000 1.0000 0.0000 0.0000	</row1>
					<row2>	0.0000 0.0000 1.0000 0.0000	</row2>
					<row3>	-0.6195 0.2474 2.4789 1.0000	</row3>
				</transform>
			</node>
			<node>
				<identifier>	MP_CM014_Fuel_Oil_Hose_INDEX_2	</identifier>
				<transform>
					<row0>	-1.0000 0.0000 0.0000 0.0000	</row0>
					<row1>	0.0000 1.0000 0.0000 0.0000	</row1>
					<row2>	0.0000 0.0000 -1.0000 0.0000	</row2>
					<row3>	0.6330 0.2474 2.4789 1.0000	</row3>
				</transform>
			</node>
			<node>
				<identifier>	MP_CM014_Fuel_Oil_Hose_INDEX_3	</identifier>
				<transform>
					<row0>	1.0000 0.0000 0.0000 0.0000	</row0>
					<row1>	0.0000 1.0000 0.0000 0.0000	</row1>
					<row2>	0.0000 0.0000 1.0000 0.0000	</row2>
					<row3>	-0.6195 0.2474 2.3114 1.0000	</row3>
				</transform>
			</node>
			<node>
				<identifier>	MP_CM014_Fuel_Oil_Hose_INDEX_4	</identifier>
				<transform>
					<row0>	-1.0000 0.0000 0.0000 0.0000	</row0>
					<row1>	0.0000 1.0000 0.0000 0.0000	</row1>
					<row2>	0.0000 0.0000 -1.0000 0.0000	</row2>
					<row3>	0.6330 0.2474 2.3156 1.0000	</row3>
				</transform>
			</node>
			<node>
				<identifier>	MP_CM029_Emergency_Box	</identifier>
				<transform>
					<row0>	0.5146 0.0000 0.8574 0.0000	</row0>
					<row1>	0.0000 1.0000 0.0000 0.0000	</row1>
					<row2>	-0.8574 0.0000 0.5146 0.0000	</row2>
					<row3>	0.1296 0.5946 1.9454 1.0000	</row3>
				</transform>
			</node>
			<node>
				<identifier>	MP_CM029_Emergency_Box_INDEX_1	</identifier>
				<transform>
					<row0>	-0.4674 0.0000 -0.8840 0.0000	</row0>
					<row1>	0.0000 1.0000 0.0000 0.0000	</row1>
					<row2>	0.8840 0.0000 -0.4674 0.0000	</row2>
					<row3>	-0.1123 1.8671 2.0553 1.0000	</row3>
				</transform>
			</node>
			<node>
				<identifier>	MP_CM029_Emergency_Box_INDEX_2	</identifier>
				<transform>
					<row0>	0.0000 0.0000 -1.0000 0.0000	</row0>
					<row1>	0.0000 1.0000 0.0000 0.0000	</row1>
					<row2>	1.0000 0.0000 0.0000 0.0000	</row2>
					<row3>	-0.1423 0.5946 2.0279 1.0000	</row3>
				</transform>
			</node>
			<node>
				<identifier>	MP_CM029_Emergency_Box_INDEX_3	</identifier>
				<transform>
					<row0>	0.0000 0.0000 1.0000 0.0000	</row0>
					<row1>	0.0000 1.0000 0.0000 0.0000	</row1>
					<row2>	-1.0000 0.0000 0.0000 0.0000	</row2>
					<row3>	0.0721 0.9278 1.6660 1.0000	</row3>
				</transform>
			</node>
			<node>
				<identifier>	MP_CM029_Emergency_Box_INDEX_4	</identifier>
				<transform>
					<row0>	-1.0000 0.0000 0.0000 0.0000	</row0>
					<row1>	0.0000 1.0000 0.0000 0.0000	</row1>
					<row2>	0.0000 0.0000 -1.0000 0.0000	</row2>
					<row3>	-0.0723 0.7597 2.2913 1.0000	</row3>
				</transform>
			</node>
			<node>
				<identifier>	MP_CM029_Emergency_Box_INDEX_5	</identifier>
				<transform>
					<row0>	0.9659 0.0000 -0.2588 0.0000	</row0>
					<row1>	0.0000 1.0000 0.0000 0.0000	</row1>
					<row2>	0.2588 0.0000 0.9659 0.0000	</row2>
					<row3>	-0.0202 1.0785 1.7217 1.0000	</row3>
				</transform>
			</node>
			<node>
				<identifier>	MP_CM029_Emergency_Box_INDEX_6	</identifier>
				<transform>
					<row0>	0.0000 0.0000 -1.0000 0.0000	</row0>
					<row1>	0.0000 1.0000 0.0000 0.0000	</row1>
					<row2>	1.0000 0.0000 0.0000 0.0000	</row2>
					<row3>	-0.0721 0.9278 1.6660 1.0000	</row3>
				</transform>
			</node>
			<node>
				<identifier>	MP_CM029_Emergency_Box_INDEX_7	</identifier>
				<transform>
					<row0>	0.0000 0.0000 1.0000 0.0000	</row0>
					<row1>	0.0000 1.0000 0.0000 0.0000	</row1>
					<row2>	-1.0000 0.0000 0.0000 0.0000	</row2>
					<row3>	0.4266 0.4418 1.7098 1.0000	</row3>
				</transform>
			</node>
			<node>
				<identifier>	MP_CM029_Emergency_Box_INDEX_8	</identifier>
				<transform>
					<row0>	0.0000 0.0000 1.0000 0.0000	</row0>
					<row1>	0.0000 1.0000 0.0000 0.0000	</row1>
					<row2>	-1.0000 0.0000 0.0000 0.0000	</row2>
					<row3>	0.1059 0.7764 1.5032 1.0000	</row3>
				</transform>
			</node>
			<node>
				<identifier>	MP_CM029_Emergency_Box_INDEX_9	</identifier>
				<transform>
					<row0>	-0.5282 0.0000 -0.8491 0.0000	</row0>
					<row1>	0.0000 1.0000 0.0000 0.0000	</row1>
					<row2>	0.8491 0.0000 -0.5282 0.0000	</row2>
					<row3>	-0.5190 0.4418 1.8800 1.0000	</row3>
				</transform>
			</node>
			<node>
				<identifier>	MP_CM030_Swab_Rack_2	</identifier>
				<transform>
					<row0>	0.0000 0.0000 -1.0000 0.0000	</row0>
					<row1>	0.0000 1.0000 0.0000 0.0000	</row1>
					<row2>	1.0000 0.0000 0.0000 0.0000	</row2>
					<row3>	0.4197 0.3736 1.9897 1.0000	</row3>
				</transform>
			</node>
			<node>
				<identifier>	MP_CM051_Fire_Fighting_Gear	</identifier>
				<transform>
					<row0>	0.0000 0.0000 1.0000 0.0000	</row0>
					<row1>	1.0000 0.0000 0.0000 0.0000	</row1>
					<row2>	0.0000 1.0000 0.0000 0.0000	</row2>
					<row3>	0.0818 0.7141 2.2846 1.0000	</row3>
				</transform>
			</node>
			<node>
				<identifier>	MP_CM051_Fire_Fighting_Gear_INDEX_1	</identifier>
				<transform>
					<row0>	-1.0000 0.0000 0.0000 0.0000	</row0>
					<row1>	0.0000 0.0000 1.0000 0.0000	</row1>
					<row2>	0.0000 1.0000 0.0000 0.0000	</row2>
					<row3>	-0.0668 1.0255 1.9333 1.0000	</row3>
				</transform>
			</node>
			<node>
				<identifier>	MP_CM056_Ships_bell	</identifier>
				<transform>
					<row0>	0.0000 0.0000 -1.0000 0.0000	</row0>
					<row1>	0.0000 1.0000 0.0000 0.0000	</row1>
					<row2>	1.0000 0.0000 0.0000 0.0000	</row2>
					<row3>	0.0792 0.5395 1.2766 1.0000	</row3>
				</transform>
			</node>
			<node>
				<identifier>	MP_CM076_Fender	</identifier>
				<transform>
					<row0>	0.0099 0.6999 0.0037 0.0000	</row0>
					<row1>	0.1685 -0.0060 0.6794 0.0000	</row1>
					<row2>	0.6793 -0.0087 -0.1686 0.0000	</row2>
					<row3>	0.7905 0.2550 0.6198 1.0000	</row3>
				</transform>
			</node>
			<node>
				<identifier>	MP_CM076_Fender_INDEX_1	</identifier>
				<transform>
					<row0>	0.0060 -0.6999 0.0088 0.0000	</row0>
					<row1>	-0.2427 0.0062 0.6565 0.0000	</row1>
					<row2>	-0.6565 -0.0087 -0.2427 0.0000	</row2>
					<row3>	-0.7372 0.2548 1.6324 1.0000	</row3>
				</transform>
			</node>
			<node>
				<identifier>	MP_CM076_Fender_INDEX_2	</identifier>
				<transform>
					<row0>	0.0095 -0.6999 -0.0004 0.0000	</row0>
					<row1>	-0.2485 -0.0038 0.6544 0.0000	</row1>
					<row2>	-0.6544 -0.0087 -0.2485 0.0000	</row2>
					<row3>	-0.7818 0.2567 0.6239 1.0000	</row3>
				</transform>
			</node>
			<node>
				<identifier>	MP_CM076_Fender_INDEX_3	</identifier>
				<transform>
					<row0>	-0.0103 -0.6999 0.0036 0.0000	</row0>
					<row1>	-0.2109 0.0065 0.6674 0.0000	</row1>
					<row2>	-0.6674 0.0087 -0.2110 0.0000	</row2>
					<row3>	-0.7755 0.2610 1.1284 1.0000	</row3>
				</transform>
			</node>
			<node>
				<identifier>	MP_CM092_Siren	</identifier>
				<transform>
					<row0>	1.0000 0.0000 0.0000 0.0000	</row0>
					<row1>	0.0000 1.0000 0.0000 0.0000	</row1>
					<row2>	0.0000 0.0000 1.0000 0.0000	</row2>
					<row3>	0.1139 1.3540 1.4461 1.0000	</row3>
				</transform>
			</node>
			<node>
				<identifier>	MP_CM097_Stairway	</identifier>
				<transform>
					<row0>	0.0000 1.0000 0.0000 0.0000	</row0>
					<row1>	-1.0000 0.0000 0.0000 0.0000	</row1>
					<row2>	0.0000 0.0000 1.0000 0.0000	</row2>
					<row3>	-0.4909 0.2599 3.2481 1.0000	</row3>
				</transform>
			</node>
			<node>
				<identifier>	MP_CM097_Stairway_INDEX_1	</identifier>
				<transform>
					<row0>	0.0000 -1.0000 0.0000 0.0000	</row0>
					<row1>	1.0000 0.0000 0.0000 0.0000	</row1>
					<row2>	0.0000 0.0000 1.0000 0.0000	</row2>
					<row3>	0.4909 0.2599 3.2481 1.0000	</row3>
				</transform>
			</node>
			<node>
				<identifier>	MP_CM109_Leadsman_Platform	</identifier>
				<transform>
					<row0>	0.0000 1.0000 0.0000 0.0000	</row0>
					<row1>	-1.0000 0.0000 0.0000 0.0000	</row1>
					<row2>	0.0000 0.0000 1.0000 0.0000	</row2>
					<row3>	0.4903 0.2975 3.2060 1.0000	</row3>
				</transform>
			</node>
			<node>
				<identifier>	MP_CM109_Leadsman_Platform_INDEX_1	</identifier>
				<transform>
					<row0>	0.0000 1.0000 0.0000 0.0000	</row0>
					<row1>	1.0000 0.0000 0.0000 0.0000	</row1>
					<row2>	0.0000 0.0000 -1.0000 0.0000	</row2>
					<row3>	-0.4903 0.2975 3.2060 1.0000	</row3>
				</transform>
			</node>
			<node>
				<identifier>	MP_GM001_Paravane	</identifier>
				<transform>
					<row0>	0.0111 -0.9999 0.0069 0.0000	</row0>
					<row1>	-0.8490 -0.0131 -0.5282 0.0000	</row1>
					<row2>	0.5282 0.0000 -0.8491 0.0000	</row2>
					<row3>	0.3676 0.4689 2.1602 1.0000	</row3>
				</transform>
			</node>
			<node>
				<identifier>	MP_GM001_Paravane_INDEX_1	</identifier>
				<transform>
					<row0>	0.0111 0.9999 -0.0069 0.0000	</row0>
					<row1>	0.8490 -0.0131 -0.5282 0.0000	</row1>
					<row2>	-0.5282 0.0000 -0.8491 0.0000	</row2>
					<row3>	-0.3680 0.4689 2.1605 1.0000	</row3>
				</transform>
			</node>
			<node>
				<identifier>	MP_GM001_Paravane_INDEX_2	</identifier>
				<transform>
					<row0>	0.0390 -0.9389 0.3419 0.0000	</row0>
					<row1>	0.9936 0.0000 -0.1132 0.0000	</row1>
					<row2>	0.1063 0.3441 0.9329 0.0000	</row2>
					<row3>	-0.7614 0.3080 1.8688 1.0000	</row3>
				</transform>
			</node>
			<node>
				<identifier>	MP_GM001_Paravane_INDEX_3	</identifier>
				<transform>
					<row0>	0.0000 1.0000 0.0000 0.0000	</row0>
					<row1>	-0.9974 0.0000 -0.0724 0.0000	</row1>
					<row2>	-0.0724 0.0000 0.9974 0.0000	</row2>
					<row3>	0.8301 0.2869 1.0603 1.0000	</row3>
				</transform>
			</node>
			<node>
				<identifier>	MP_GM005_Reels_3	</identifier>
				<transform>
					<row0>	0.0000 0.0000 -1.1995 0.0000	</row0>
					<row1>	0.0000 0.7000 0.0000 0.0000	</row1>
					<row2>	0.7000 0.0000 0.0000 0.0000	</row2>
					<row3>	-0.2940 0.3789 0.6240 1.0000	</row3>
				</transform>
			</node>
			<node>
				<identifier>	MP_GM005_Reels_3_INDEX_1	</identifier>
				<transform>
					<row0>	-0.7000 0.0000 0.0000 0.0000	</row0>
					<row1>	0.0000 0.7000 0.0000 0.0000	</row1>
					<row2>	0.0000 0.0000 -0.7000 0.0000	</row2>
					<row3>	0.1798 0.3789 0.3001 1.0000	</row3>
				</transform>
			</node>
			<node>
				<identifier>	MP_GM007_LifeBuoy	</identifier>
				<transform>
					<row0>	1.0000 0.0000 0.0000 0.0000	</row0>
					<row1>	0.0000 1.0000 0.0000 0.0000	</row1>
					<row2>	0.0000 0.0000 1.0000 0.0000	</row2>
					<row3>	-0.4808 0.4188 3.1363 1.0000	</row3>
				</transform>
			</node>
			<node>
				<identifier>	MP_GM007_LifeBuoy_INDEX_1	</identifier>
				<transform>
					<row0>	1.0000 0.0000 0.0000 0.0000	</row0>
					<row1>	0.0000 1.0000 0.0000 0.0000	</row1>
					<row2>	0.0000 0.0000 1.0000 0.0000	</row2>
					<row3>	0.4810 0.4188 3.1379 1.0000	</row3>
				</transform>
			</node>
			<node>
				<identifier>	MP_GM008_Loudspeaker	</identifier>
				<transform>
					<row0>	1.0000 0.0000 0.0000 0.0000	</row0>
					<row1>	0.0000 1.0000 0.0000 0.0000	</row1>
					<row2>	0.0000 0.0000 1.0000 0.0000	</row2>
					<row3>	0.1991 0.7128 1.9219 1.0000	</row3>
				</transform>
			</node>
			<node>
				<identifier>	MP_GM008_Loudspeaker_INDEX_1	</identifier>
				<transform>
					<row0>	-1.0000 0.0000 0.0000 0.0000	</row0>
					<row1>	0.0000 1.0000 0.0000 0.0000	</row1>
					<row2>	0.0000 0.0000 -1.0000 0.0000	</row2>
					<row3>	-0.1995 0.7128 1.9219 1.0000	</row3>
				</transform>
			</node>
			<node>
				<identifier>	MP_GM010_Binocular	</identifier>
				<transform>
					<row0>	1.0000 0.0000 0.0000 0.0000	</row0>
					<row1>	0.0000 1.0000 0.0000 0.0000	</row1>
					<row2>	0.0000 0.0000 1.0000 0.0000	</row2>
					<row3>	0.1706 1.8066 1.8598 1.0000	</row3>
				</transform>
			</node>
			<node>
				<identifier>	MP_GM010_Binocular_INDEX_1	</identifier>
				<transform>
					<row0>	0.3420 0.0000 0.9397 0.0000	</row0>
					<row1>	0.0000 1.0000 0.0000 0.0000	</row1>
					<row2>	-0.9397 0.0000 0.3420 0.0000	</row2>
					<row3>	0.0968 1.8066 2.1330 1.0000	</row3>
				</transform>
			</node>
			<node>
				<identifier>	MP_GM010_Binocular_INDEX_2	</identifier>
				<transform>
					<row0>	-1.0000 0.0000 0.0000 0.0000	</row0>
					<row1>	0.0000 1.0000 0.0000 0.0000	</row1>
					<row2>	0.0000 0.0000 -1.0000 0.0000	</row2>
					<row3>	-0.1706 1.8066 2.0318 1.0000	</row3>
				</transform>
			</node>
			<node>
				<identifier>	MP_GM010_Binocular_INDEX_3	</identifier>
				<transform>
					<row0>	-1.0000 0.0000 0.0000 0.0000	</row0>
					<row1>	0.0000 1.0000 0.0000 0.0000	</row1>
					<row2>	0.0000 0.0000 -1.0000 0.0000	</row2>
					<row3>	-0.1706 1.8066 1.8598 1.0000	</row3>
				</transform>
			</node>
			<node>
				<identifier>	MP_GM010_Binocular_INDEX_4	</identifier>
				<transform>
					<row0>	-0.8660 0.0000 0.5000 0.0000	</row0>
					<row1>	0.0000 1.0000 0.0000 0.0000	</row1>
					<row2>	-0.5000 0.0000 -0.8660 0.0000	</row2>
					<row3>	-0.1375 1.0136 2.1837 1.0000	</row3>
				</transform>
			</node>
			<node>
				<identifier>	MP_GM010_Binocular_INDEX_5	</identifier>
				<transform>
					<row0>	0.8660 0.0000 0.5000 0.0000	</row0>
					<row1>	0.0000 1.0000 0.0000 0.0000	</row1>
					<row2>	-0.5000 0.0000 0.8660 0.0000	</row2>
					<row3>	0.1375 1.0136 2.1837 1.0000	</row3>
				</transform>
			</node>
			<node>
				<identifier>	MP_GM010_Binocular_INDEX_6	</identifier>
				<transform>
					<row0>	1.0000 0.0000 0.0000 0.0000	</row0>
					<row1>	0.0000 1.0000 0.0000 0.0000	</row1>
					<row2>	0.0000 0.0000 1.0000 0.0000	</row2>
					<row3>	0.1706 1.8066 2.0318 1.0000	</row3>
				</transform>
			</node>
			<node>
				<identifier>	MP_GM010_Binocular_INDEX_7	</identifier>
				<transform>
					<row0>	-0.3420 0.0000 0.9397 0.0000	</row0>
					<row1>	0.0000 1.0000 0.0000 0.0000	</row1>
					<row2>	-0.9397 0.0000 -0.3420 0.0000	</row2>
					<row3>	-0.0968 1.8066 2.1330 1.0000	</row3>
				</transform>
			</node>
			<node>
				<identifier>	MP_GM011_Pelorus	</identifier>
				<transform>
					<row0>	-0.5218 0.0000 -0.8531 0.0000	</row0>
					<row1>	0.0000 1.0000 0.0000 0.0000	</row1>
					<row2>	0.8531 0.0000 -0.5218 0.0000	</row2>
					<row3>	-0.1015 1.0148 2.2408 1.0000	</row3>
				</transform>
			</node>
			<node>
				<identifier>	MP_GM011_Pelorus_INDEX_1	</identifier>
				<transform>
					<row0>	-0.5000 0.0000 0.8660 0.0000	</row0>
					<row1>	0.0000 1.0000 0.0000 0.0000	</row1>
					<row2>	-0.8660 0.0000 -0.5000 0.0000	</row2>
					<row3>	0.1066 1.0148 2.2320 1.0000	</row3>
				</transform>
			</node>
			<node>
				<identifier>	MP_GM012_Reels_5	</identifier>
				<transform>
					<row0>	0.3237 0.0000 0.5142 0.0000	</row0>
					<row1>	0.0000 0.6076 0.0000 0.0000	</row1>
					<row2>	-0.5142 0.0000 0.3237 0.0000	</row2>
					<row3>	-0.2898 0.3750 3.1580 1.0000	</row3>
				</transform>
			</node>
			<node>
				<identifier>	MP_GM012_Reels_5_INDEX_1	</identifier>
				<transform>
					<row0>	0.5725 0.0000 -0.2035 0.0000	</row0>
					<row1>	0.0000 0.6076 0.0000 0.0000	</row1>
					<row2>	0.2035 0.0000 0.5725 0.0000	</row2>
					<row3>	0.1072 0.3750 3.3137 1.0000	</row3>
				</transform>
			</node>
			<node>
				<identifier>	MP_GM012_Reels_5_INDEX_2	</identifier>
				<transform>
					<row0>	0.4801 0.0000 -0.3725 0.0000	</row0>
					<row1>	0.0000 0.6076 0.0000 0.0000	</row1>
					<row2>	0.3725 0.0000 0.4801 0.0000	</row2>
					<row3>	0.1998 0.3750 3.2703 1.0000	</row3>
				</transform>
			</node>
			<node>
				<identifier>	MP_GM013_Siren	</identifier>
				<transform>
					<row0>	0.0000 0.0000 1.0000 0.0000	</row0>
					<row1>	0.0000 1.0000 0.0000 0.0000	</row1>
					<row2>	-1.0000 0.0000 0.0000 0.0000	</row2>
					<row3>	-0.1356 0.6443 2.0551 1.0000	</row3>
				</transform>
			</node>
			<node>
				<identifier>	MP_GM013_Siren_INDEX_1	</identifier>
				<transform>
					<row0>	0.2588 0.0000 0.9659 0.0000	</row0>
					<row1>	0.0000 1.0000 0.0000 0.0000	</row1>
					<row2>	-0.9659 0.0000 0.2588 0.0000	</row2>
					<row3>	-0.0655 1.1631 1.9692 1.0000	</row3>
				</transform>
			</node>
			<node>
				<identifier>	MP_GM014_Sleeve	</identifier>
				<transform>
					<row0>	0.3729 0.0000 -0.9279 0.0000	</row0>
					<row1>	0.0000 1.0000 0.0000 0.0000	</row1>
					<row2>	0.9279 0.0000 0.3729 0.0000	</row2>
					<row3>	0.2792 0.4093 3.0887 1.0000	</row3>
				</transform>
			</node>
			<node>
				<identifier>	MP_GM014_Sleeve_INDEX_1	</identifier>
				<transform>
					<row0>	-0.1305 0.0000 0.9914 0.0000	</row0>
					<row1>	0.0000 1.0000 0.0000 0.0000	</row1>
					<row2>	-0.9914 0.0000 -0.1305 0.0000	</row2>
					<row3>	-0.2932 0.4093 2.9421 1.0000	</row3>
				</transform>
			</node>
			<node>
				<identifier>	MP_GM015_Clock	</identifier>
				<transform>
					<row0>	-0.1115 0.0000 -0.9938 0.0000	</row0>
					<row1>	0.0000 1.0000 0.0000 0.0000	</row1>
					<row2>	0.9938 0.0000 -0.1115 0.0000	</row2>
					<row3>	0.4116 0.5075 1.5786 1.0000	</row3>
				</transform>
			</node>
			<node>
				<identifier>	MP_GM015_Clock_INDEX_1	</identifier>
				<transform>
					<row0>	0.0000 0.0000 1.0000 0.0000	</row0>
					<row1>	0.0000 1.0000 0.0000 0.0000	</row1>
					<row2>	-1.0000 0.0000 0.0000 0.0000	</row2>
					<row3>	-0.5324 0.5075 1.7141 1.0000	</row3>
				</transform>
			</node>
			<node>
				<identifier>	MP_GM015_Clock_INDEX_2	</identifier>
				<transform>
					<row0>	0.9659 0.0000 -0.2587 0.0000	</row0>
					<row1>	0.0000 1.0000 0.0000 0.0000	</row1>
					<row2>	0.2587 0.0000 0.9659 0.0000	</row2>
					<row3>	0.0179 1.1494 2.0275 1.0000	</row3>
				</transform>
			</node>
			<node>
				<identifier>	MP_GM016_Sleeve	</identifier>
				<transform>
					<row0>	0.5220 0.0000 -0.8529 0.0000	</row0>
					<row1>	0.0000 1.0000 0.0000 0.0000	</row1>
					<row2>	0.8529 0.0000 0.5220 0.0000	</row2>
					<row3>	0.2708 0.4418 2.2710 1.0000	</row3>
				</transform>
			</node>
			<node>
				<identifier>	MP_GM016_Sleeve_INDEX_1	</identifier>
				<transform>
					<row0>	0.0000 0.0000 1.0000 0.0000	</row0>
					<row1>	0.0000 1.0000 0.0000 0.0000	</row1>
					<row2>	-1.0000 0.0000 0.0000 0.0000	</row2>
					<row3>	-0.0668 1.0812 1.9201 1.0000	</row3>
				</transform>
			</node>
			<node>
				<identifier>	MP_GM016_Sleeve_INDEX_2	</identifier>
				<transform>
					<row0>	0.5282 0.0000 0.8491 0.0000	</row0>
					<row1>	0.0000 1.0000 0.0000 0.0000	</row1>
					<row2>	-0.8491 0.0000 0.5282 0.0000	</row2>
					<row3>	-0.3989 0.4418 2.0632 1.0000	</row3>
				</transform>
			</node>
			<node>
				<identifier>	MP_GM016_Sleeve_INDEX_3	</identifier>
				<transform>
					<row0>	1.0000 0.0000 0.0000 0.0000	</row0>
					<row1>	0.0000 1.0000 0.0000 0.0000	</row1>
					<row2>	0.0000 0.0000 1.0000 0.0000	</row2>
					<row3>	0.0693 0.7611 2.2846 1.0000	</row3>
				</transform>
			</node>
			<node>
				<identifier>	MP_GM016_Sleeve_INDEX_4	</identifier>
				<transform>
					<row0>	-0.8843 0.0000 0.4670 0.0000	</row0>
					<row1>	0.0000 1.0000 0.0000 0.0000	</row1>
					<row2>	-0.4670 0.0000 -0.8843 0.0000	</row2>
					<row3>	-0.2001 0.4407 1.4229 1.0000	</row3>
				</transform>
			</node>
			<node>
				<identifier>	MP_GM017_Siren	</identifier>
				<transform>
					<row0>	-0.5175 0.0000 0.8557 0.0000	</row0>
					<row1>	0.0000 1.0000 0.0000 0.0000	</row1>
					<row2>	-0.8557 0.0000 -0.5175 0.0000	</row2>
					<row3>	0.1789 0.7701 2.4080 1.0000	</row3>
				</transform>
			</node>
			<node>
				<identifier>	MP_GM017_Siren_INDEX_1	</identifier>
				<transform>
					<row0>	0.4916 0.0000 -0.8708 0.0000	</row0>
					<row1>	0.0000 1.0000 0.0000 0.0000	</row1>
					<row2>	0.8708 0.0000 0.4916 0.0000	</row2>
					<row3>	0.1128 0.6446 1.6829 1.0000	</row3>
				</transform>
			</node>
			<node>
				<identifier>	MP_GM017_Siren_INDEX_2	</identifier>
				<transform>
					<row0>	-0.5175 0.0000 -0.8557 0.0000	</row0>
					<row1>	0.0000 1.0000 0.0000 0.0000	</row1>
					<row2>	0.8557 0.0000 -0.5175 0.0000	</row2>
					<row3>	-0.1789 0.7701 2.4080 1.0000	</row3>
				</transform>
			</node>
			<node>
				<identifier>	MP_GM017_Siren_INDEX_3	</identifier>
				<transform>
					<row0>	0.5282 0.0000 -0.8491 0.0000	</row0>
					<row1>	0.0000 1.0000 0.0000 0.0000	</row1>
					<row2>	0.8491 0.0000 0.5282 0.0000	</row2>
					<row3>	0.4121 0.4892 2.0411 1.0000	</row3>
				</transform>
			</node>
			<node>
				<identifier>	MP_GM017_Siren_INDEX_4	</identifier>
				<transform>
					<row0>	0.0000 0.0000 -1.0000 0.0000	</row0>
					<row1>	0.0000 1.0000 0.0000 0.0000	</row1>
					<row2>	1.0000 0.0000 0.0000 0.0000	</row2>
					<row3>	-0.1929 1.0700 2.0448 1.0000	</row3>
				</transform>
			</node>
			<node>
				<identifier>	MP_GM017_Siren_INDEX_5	</identifier>
				<transform>
					<row0>	-0.9480 0.0000 0.3184 0.0000	</row0>
					<row1>	0.0000 1.0000 0.0000 0.0000	</row1>
					<row2>	-0.3184 0.0000 -0.9480 0.0000	</row2>
					<row3>	-0.4981 0.4376 1.6721 1.0000	</row3>
				</transform>
			</node>
			<node>
				<identifier>	MP_GM017_Siren_INDEX_6	</identifier>
				<transform>
					<row0>	0.0000 0.0000 -1.0000 0.0000	</row0>
					<row1>	0.0000 1.0000 0.0000 0.0000	</row1>
					<row2>	1.0000 0.0000 0.0000 0.0000	</row2>
					<row3>	0.1163 1.9094 2.0195 1.0000	</row3>
				</transform>
			</node>
			<node>
				<identifier>	MP_GM017_Siren_INDEX_7	</identifier>
				<transform>
					<row0>	0.0000 0.0000 1.0000 0.0000	</row0>
					<row1>	0.0000 1.0000 0.0000 0.0000	</row1>
					<row2>	-1.0000 0.0000 0.0000 0.0000	</row2>
					<row3>	-0.1163 1.9094 2.0195 1.0000	</row3>
				</transform>
			</node>
			<node>
				<identifier>	MP_GM025_Cooling_tube	</identifier>
				<transform>
					<row0>	0.3420 0.9397 0.0000 0.0000	</row0>
					<row1>	-0.9397 0.3420 0.0000 0.0000	</row1>
					<row2>	0.0000 0.0000 1.0000 0.0000	</row2>
					<row3>	0.0573 0.3954 2.4450 1.0000	</row3>
				</transform>
			</node>
			<node>
				<identifier>	MP_GM025_Cooling_tube_INDEX_1	</identifier>
				<transform>
					<row0>	0.3420 0.9397 0.0000 0.0000	</row0>
					<row1>	-0.9397 0.3420 0.0000 0.0000	</row1>
					<row2>	0.0000 0.0000 1.0000 0.0000	</row2>
					<row3>	0.0573 0.4170 2.4450 1.0000	</row3>
				</transform>
			</node>
			<node>
				<identifier>	MP_GM025_Cooling_tube_INDEX_2	</identifier>
				<transform>
					<row0>	0.3420 0.9397 0.0000 0.0000	</row0>
					<row1>	-0.9397 0.3420 0.0000 0.0000	</row1>
					<row2>	0.0000 0.0000 1.0000 0.0000	</row2>
					<row3>	0.0573 0.4387 2.4450 1.0000	</row3>
				</transform>
			</node>
			<node>
				<identifier>	MP_GM025_Cooling_tube_INDEX_3	</identifier>
				<transform>
					<row0>	0.0000 -0.2588 0.9659 0.0000	</row0>
					<row1>	0.0000 0.9659 0.2588 0.0000	</row1>
					<row2>	-1.0000 0.0000 0.0000 0.0000	</row2>
					<row3>	-0.7852 0.3025 1.3201 1.0000	</row3>
				</transform>
			</node>
			<node>
				<identifier>	MP_GM025_Cooling_tube_INDEX_4	</identifier>
				<transform>
					<row0>	0.0000 -0.2588 0.9659 0.0000	</row0>
					<row1>	0.0000 0.9659 0.2588 0.0000	</row1>
					<row2>	-1.0000 0.0000 0.0000 0.0000	</row2>
					<row3>	-0.7852 0.3025 1.2965 1.0000	</row3>
				</transform>
			</node>
			<node>
				<identifier>	MP_GM028_Compass_Binnacle	</identifier>
				<transform>
					<row0>	1.0000 0.0000 0.0000 0.0000	</row0>
					<row1>	0.0000 1.0000 0.0000 0.0000	</row1>
					<row2>	0.0000 0.0000 1.0000 0.0000	</row2>
					<row3>	0.1002 0.5673 2.4453 1.0000	</row3>
				</transform>
			</node>
			<node>
				<identifier>	MP_GM035_LifeBuoy_Mount	</identifier>
				<transform>
					<row0>	-1.0000 0.0000 0.0000 0.0000	</row0>
