<locations.xml>
	<bookmark>
		<name>	HDR_Shot	</name>
		<view>
			<row0>	0.3717 0.0364 -0.9277	</row0>
			<row1>	0.0000 0.9992 0.0392	</row1>
			<row2>	0.9284 -0.0146 0.3714	</row2>
			<row3>	0.0000 -0.4996 -0.0196	</row3>
		</view>
	</bookmark>
	<bookmark>
		<name>	&#208;&#180;&#208;&#181;&#209;&#128;&#208;&#181;&#208;&#178;&#209;&#143;&#208;&#189;&#208;&#189;&#209;&#139;&#208;&#185; &#209;&#132;&#208;&#190;&#209;&#128;&#209;&#130;	</name>
		<view>
			<row0>	0.5656 0.4399 0.6975	</row0>
			<row1>	0.0000 0.8458 -0.5334	</row1>
			<row2>	-0.8247 0.3017 0.4784	</row2>
			<row3>	193.7081 -45.4882 -38.1244	</row3>
		</view>
	</bookmark>
	<bookmark>
		<name>	&#208;&#155;&#226;&#128;&#153;&#208;&#144;&#208;&#189;&#209;&#129;-&#208;&#190;-&#208;&#156;&#208;&#181;&#208;&#180;&#208;&#190;&#209;&#131;&#208;&#183;	</name>
		<view>
			<row0>	-0.9998 -0.0067 -0.0167	</row0>
			<row1>	0.0000 0.9277 -0.3734	</row1>
			<row2>	0.0180 -0.3733 -0.9275	</row2>
			<row3>	2.3529 -71.8875 -140.6414	</row3>
		</view>
	</bookmark>
	<bookmark>
		<name>	&#208;&#183;&#208;&#176;&#208;&#188;&#208;&#190;&#208;&#186;	</name>
		<view>
			<row0>	-0.4937 -0.5212 -0.6961	</row0>
			<row1>	0.0000 0.8005 -0.5993	</row1>
			<row2>	0.8696 -0.2959 -0.3952	</row2>
			<row3>	31.5982 -32.9635 -2.1665	</row3>
		</view>
	</bookmark>
</locations.xml>
