<ISB002_Roma_1943_Bow_ports.visual>
	<node>
		<identifier>	Scene Root	</identifier>
		<transform>
			<row0>	1.0000 0.0000 0.0000 0.0000	</row0>
			<row1>	0.0000 1.0000 0.0000 0.0000	</row1>
			<row2>	0.0000 0.0000 1.0000 0.0000	</row2>
			<row3>	0.0000 0.0000 0.0000 1.0000	</row3>
		</transform>
		<node>
			<identifier>	Bow_ports	</identifier>
			<transform>
				<row0>	1.0000 0.0000 0.0000 0.0000	</row0>
				<row1>	0.0000 1.0000 0.0000 0.0000	</row1>
				<row2>	0.0000 0.0000 1.0000 0.0000	</row2>
				<row3>	0.0000 0.0000 0.0000 1.0000	</row3>
			</transform>
			<node>
				<identifier>	HP_FX_Death_1	</identifier>
				<transform>
					<row0>	1.0000 0.0000 0.0000 0.0000	</row0>
					<row1>	0.0000 1.0000 0.0000 0.0000	</row1>
					<row2>	0.0000 0.0000 1.0000 0.0000	</row2>
					<row3>	0.0000 0.0000 4.6695 1.0000	</row3>
				</transform>
			</node>
			<node>
				<identifier>	HP_FX_Fire_1	</identifier>
				<transform>
					<row0>	1.0000 0.0000 0.0000 0.0000	</row0>
					<row1>	0.0000 1.0000 0.0000 0.0000	</row1>
					<row2>	0.0000 0.0000 1.0000 0.0000	</row2>
					<row3>	0.0000 0.4474 5.9004 1.0000	</row3>
				</transform>
			</node>
			<node>
				<identifier>	HP_FX_WakeTrace	</identifier>
				<transform>
					<row0>	1.0000 0.0000 0.0000 0.0000	</row0>
					<row1>	0.0000 1.0000 0.0000 0.0000	</row1>
					<row2>	0.0000 0.0000 1.0000 0.0000	</row2>
					<row3>	0.0000 0.0000 7.7755 1.0000	</row3>
				</transform>
			</node>
			<node>
				<identifier>	HP_IGA_1	</identifier>
				<transform>
					<row0>	1.0000 0.0000 0.0000 0.0000	</row0>
					<row1>	0.0000 1.0000 0.0000 0.0000	</row1>
					<row2>	0.0000 0.0000 1.0000 0.0000	</row2>
					<row3>	0.0000 0.5622 7.6170 1.0000	</row3>
				</transform>
			</node>
			<node>
				<identifier>	HP_IGA_2	</identifier>
				<transform>
					<row0>	1.0000 0.0000 0.0000 0.0000	</row0>
					<row1>	0.0000 1.0000 0.0000 0.0000	</row1>
					<row2>	0.0000 0.0000 1.0000 0.0000	</row2>
					<row3>	0.0000 0.5346 7.2743 1.0000	</row3>
				</transform>
			</node>
			<node>
				<identifier>	HP_IGA_3	</identifier>
				<transform>
					<row0>	1.0000 0.0000 0.0000 0.0000	</row0>
					<row1>	0.0000 1.0000 0.0000 0.0000	</row1>
					<row2>	0.0000 0.0000 1.0000 0.0000	</row2>
					<row3>	0.0000 0.4811 6.5867 1.0000	</row3>
				</transform>
			</node>
			<node>
				<identifier>	HP_IGA_4	</identifier>
				<transform>
					<row0>	1.0000 0.0000 0.0000 0.0000	</row0>
					<row1>	0.0000 1.0000 0.0000 0.0000	</row1>
					<row2>	0.0000 0.0000 1.0000 0.0000	</row2>
					<row3>	0.0000 0.4436 5.9708 1.0000	</row3>
				</transform>
			</node>
			<node>
				<identifier>	HP_Ship_death_1	</identifier>
				<transform>
					<row0>	1.0000 0.0000 0.0000 0.0000	</row0>
					<row1>	0.0000 1.0000 0.0000 0.0000	</row1>
					<row2>	0.0000 0.0000 1.0000 0.0000	</row2>
					<row3>	0.0000 0.0000 4.6695 1.0000	</row3>
				</transform>
			</node>
			<node>
				<identifier>	MP_CM127_Jacobs_ladder	</identifier>
				<transform>
					<row0>	0.9899 0.0000 -0.1420 0.0000	</row0>
					<row1>	-0.0036 0.9997 -0.0252 0.0000	</row1>
					<row2>	0.1420 0.0255 0.9895 0.0000	</row2>
					<row3>	-0.6726 0.4346 5.2199 1.0000	</row3>
				</transform>
			</node>
			<node>
				<identifier>	MP_CM127_Jacobs_ladder_INDEX_1	</identifier>
				<transform>
					<row0>	0.9899 0.0000 0.1420 0.0000	</row0>
					<row1>	0.0036 0.9997 -0.0252 0.0000	</row1>
					<row2>	-0.1420 0.0255 0.9895 0.0000	</row2>
					<row3>	0.6717 0.4346 5.2198 1.0000	</row3>
				</transform>
			</node>
			<node>
				<identifier>	MP_IM033_Life_Buoy	</identifier>
				<transform>
					<row0>	-0.1437 0.0000 0.9896 0.0000	</row0>
					<row1>	-0.0211 0.9998 -0.0031 0.0000	</row1>
					<row2>	-0.9894 -0.0213 -0.1437 0.0000	</row2>
					<row3>	0.6423 0.4814 5.5031 1.0000	</row3>
				</transform>
			</node>
			<node>
				<identifier>	MP_IM033_Life_Buoy_INDEX_1	</identifier>
				<transform>
					<row0>	-0.1437 0.0000 -0.9896 0.0000	</row0>
					<row1>	0.0211 0.9998 -0.0031 0.0000	</row1>
					<row2>	0.9894 -0.0213 -0.1437 0.0000	</row2>
					<row3>	-0.6423 0.4814 5.5031 1.0000	</row3>
				</transform>
			</node>
			<node>
				<identifier>	MP_IM057_Crest_Roma	</identifier>
				<transform>
					<row0>	1.0000 0.0000 0.0000 0.0000	</row0>
					<row1>	0.0000 0.8858 0.4642 0.0000	</row1>
					<row2>	0.0000 -1.8376 3.5066 0.0000	</row2>
					<row3>	0.0000 0.5244 8.0794 1.0000	</row3>
				</transform>
			</node>
			<node>
				<identifier>	MP_IM057_Crest_Roma_INDEX_1	</identifier>
				<transform>
					<row0>	-0.6292 0.0000 0.0000 0.0000	</row0>
					<row1>	0.0000 0.0000 0.6292 0.0000	</row1>
					<row2>	0.0000 0.0738 0.0000 0.0000	</row2>
					<row3>	0.0000 0.4942 4.8949 1.0000	</row3>
				</transform>
			</node>
			<node>
				<identifier>	MP_IM057_Crest_Roma_INDEX_2	</identifier>
				<transform>
					<row0>	-0.6292 0.0000 0.0000 0.0000	</row0>
					<row1>	0.0000 0.0000 0.6292 0.0000	</row1>
					<row2>	0.0000 0.0738 0.0000 0.0000	</row2>
					<row3>	-0.2511 0.4942 4.7669 1.0000	</row3>
				</transform>
			</node>
			<node>
				<identifier>	MP_IM902_Crane	</identifier>
				<transform>
					<row0>	0.9910 0.0000 -0.1340 0.0000	</row0>
					<row1>	0.0000 1.0000 0.0000 0.0000	</row1>
					<row2>	0.1340 0.0000 0.9910 0.0000	</row2>
					<row3>	-0.6611 0.4139 4.9204 1.0000	</row3>
				</transform>
			</node>
			<node>
				<identifier>	MP_IM902_Crane_INDEX_1	</identifier>
				<transform>
					<row0>	0.9910 0.0000 0.1340 0.0000	</row0>
					<row1>	0.0000 1.0000 0.0000 0.0000	</row1>
					<row2>	-0.1340 0.0000 0.9910 0.0000	</row2>
					<row3>	0.6611 0.4139 4.9204 1.0000	</row3>
				</transform>
			</node>
			<node>
				<identifier>	MP_IM902_Crane_INDEX_2	</identifier>
				<transform>
					<row0>	0.0000 0.0000 1.0000 0.0000	</row0>
					<row1>	0.0000 1.0000 0.0000 0.0000	</row1>
					<row2>	-1.0000 0.0000 0.0000 0.0000	</row2>
					<row3>	0.2848 0.4179 5.1754 1.0000	</row3>
				</transform>
			</node>
			<node>
				<identifier>	MP_IM951_Anchor_up	</identifier>
				<transform>
					<row0>	0.8611 -0.4144 -0.2947 0.0000	</row0>
					<row1>	-0.2837 0.0895 -0.9547 0.0000	</row1>
					<row2>	0.4220 0.9057 -0.0405 0.0000	</row2>
					<row3>	0.3601 0.4998 7.0703 1.0000	</row3>
				</transform>
			</node>
			<node>
				<identifier>	MP_IM951_Anchor_up_INDEX_1	</identifier>
				<transform>
					<row0>	0.8611 0.4144 0.2947 0.0000	</row0>
					<row1>	0.2837 0.0895 -0.9547 0.0000	</row1>
					<row2>	-0.4220 0.9057 -0.0405 0.0000	</row2>
					<row3>	-0.3601 0.4998 7.0703 1.0000	</row3>
				</transform>
			</node>
			<node>
				<identifier>	MP_IM952_Anchor_Bottom	</identifier>
				<transform>
					<row0>	0.8499 -0.3797 0.3653 0.0000	</row0>
					<row1>	0.3155 -0.1886 -0.9300 0.0000	</row1>
					<row2>	0.4220 0.9057 -0.0405 0.0000	</row2>
					<row3>	0.3601 0.4998 7.0703 1.0000	</row3>
				</transform>
			</node>
			<node>
				<identifier>	MP_IM952_Anchor_Bottom_INDEX_1	</identifier>
				<transform>
					<row0>	0.8499 0.3797 -0.3653 0.0000	</row0>
					<row1>	-0.3155 -0.1886 -0.9300 0.0000	</row1>
					<row2>	-0.4220 0.9057 -0.0405 0.0000	</row2>
					<row3>	-0.3601 0.4998 7.0703 1.0000	</row3>
				</transform>
			</node>
			<node>
				<identifier>	SP_YMS001_YHBM_M_1	</identifier>
				<transform>
					<row0>	1.2628 0.0019 0.0010 0.0000	</row0>
					<row1>	-0.0019 1.2619 0.0482 0.0000	</row1>
					<row2>	-0.0009 -0.0482 1.2619 0.0000	</row2>
					<row3>	0.0000 0.6240 8.1798 1.0000	</row3>
				</transform>
			</node>
			<node>
				<identifier>	SP_YMS002_YHBL_M_1	</identifier>
				<transform>
					<row0>	0.9965 -0.0046 -0.0832 0.0000	</row0>
					<row1>	-0.0020 0.9969 -0.0784 0.0000	</row1>
					<row2>	0.0833 0.0783 0.9934 0.0000	</row2>
					<row3>	0.0000 0.6240 8.1798 1.0000	</row3>
				</transform>
			</node>
			<node>
				<identifier>	SP_YMS003_YHBR_M_1	</identifier>
				<transform>
					<row0>	0.9965 0.0046 0.0832 0.0000	</row0>
					<row1>	0.0020 0.9969 -0.0784 0.0000	</row1>
					<row2>	-0.0833 0.0783 0.9934 0.0000	</row2>
					<row3>	0.0000 0.6240 8.1798 1.0000	</row3>
				</transform>
			</node>
			<node>
				<identifier>	SP_YMS010_YHWM_L_1	</identifier>
				<transform>
					<row0>	0.8990 0.0000 0.0000 0.0000	</row0>
					<row1>	0.0000 0.8990 0.0000 0.0000	</row1>
					<row2>	0.0000 0.0000 0.8990 0.0000	</row2>
					<row3>	0.0000 -0.0033 7.7944 1.0000	</row3>
				</transform>
			</node>
			<node>
				<identifier>	SP_YMS011_YHWL_M_1	</identifier>
				<transform>
					<row0>	1.2613 0.2678 -0.2106 0.0000	</row0>
					<row1>	-0.2641 1.2787 0.0441 0.0000	</row1>
					<row2>	0.2151 0.0000 1.2887 0.0000	</row2>
					<row3>	-0.3108 0.0000 6.1163 1.0000	</row3>
				</transform>
			</node>
			<node>
				<identifier>	SP_YMS011_YHWL_M_1_INDEX_1	</identifier>
				<transform>
					<row0>	1.2377 0.3567 -0.2187 0.0000	</row0>
					<row1>	-0.3512 1.2568 0.0624 0.0000	</row1>
					<row2>	0.2274 -0.0003 1.2865 0.0000	</row2>
					<row3>	-0.5032 0.0000 5.0222 1.0000	</row3>
				</transform>
			</node>
			<node>
				<identifier>	SP_YMS012_YHWR_M_1	</identifier>
				<transform>
					<row0>	1.2613 -0.2678 0.2106 0.0000	</row0>
					<row1>	0.2641 1.2787 0.0441 0.0000	</row1>
					<row2>	-0.2151 0.0000 1.2887 0.0000	</row2>
					<row3>	0.3108 0.0000 6.1163 1.0000	</row3>
				</transform>
			</node>
			<node>
				<identifier>	SP_YMS012_YHWR_M_1_INDEX_1	</identifier>
				<transform>
					<row0>	1.2377 -0.3567 0.2187 0.0000	</row0>
					<row1>	0.3512 1.2568 0.0624 0.0000	</row1>
					<row2>	-0.2274 -0.0003 1.2865 0.0000	</row2>
					<row3>	0.5032 0.0000 5.0222 1.0000	</row3>
				</transform>
			</node>
			<node>
				<identifier>	SP_YMS020_YHBU_M_1	</identifier>
				<transform>
					<row0>	1.7818 0.0000 0.0000 0.0000	</row0>
					<row1>	0.0000 1.7818 0.0000 0.0000	</row1>
					<row2>	0.0000 0.0000 1.7818 0.0000	</row2>
					<row3>	0.0000 -0.0033 7.4965 1.0000	</row3>
				</transform>
			</node>
			<node>
				<identifier>	SP_YMS051_YHDL_L_1	</identifier>
				<transform>
					<row0>	0.9879 0.0217 -0.1535 0.0000	</row0>
					<row1>	-0.0299 0.9983 -0.0510 0.0000	</row1>
					<row2>	0.1521 0.0550 0.9868 0.0000	</row2>
					<row3>	-0.5533 0.4604 6.1854 1.0000	</row3>
				</transform>
			</node>
			<node>
				<identifier>	SP_YMS052_YHDR_L_1	</identifier>
				<transform>
					<row0>	0.9879 -0.0217 0.1535 0.0000	</row0>
					<row1>	0.0299 0.9983 -0.0510 0.0000	</row1>
					<row2>	-0.1521 0.0550 0.9868 0.0000	</row2>
					<row3>	0.5533 0.4604 6.1854 1.0000	</row3>
				</transform>
			</node>
			<node>
				<identifier>	SP_YMS071_YHHC_S_1	</identifier>
				<transform>
					<row0>	1.0000 0.0000 0.0000 0.0000	</row0>
					<row1>	0.0000 1.0000 0.0000 0.0000	</row1>
					<row2>	0.0000 0.0000 1.0000 0.0000	</row2>
					<row3>	-0.3684 0.4392 5.3731 1.0000	</row3>
				</transform>
			</node>
			<node>
				<identifier>	SP_YMS071_YHHC_S_1_INDEX_1	</identifier>
				<transform>
					<row0>	1.0000 0.0000 0.0000 0.0000	</row0>
					<row1>	0.0000 1.0000 0.0000 0.0000	</row1>
					<row2>	0.0000 0.0000 1.0000 0.0000	</row2>
					<row3>	0.3684 0.4392 5.3731 1.0000	</row3>
				</transform>
			</node>
			<node>
				<identifier>	SP_YMS080_YHSL_M_1	</identifier>
				<transform>
					<row0>	0.8705 0.4681 -0.1518 0.0000	</row0>
					<row1>	-0.4718 0.8816 0.0130 0.0000	</row1>
					<row2>	0.1399 0.0603 0.9883 0.0000	</row2>
					<row3>	-0.3178 0.2330 6.3354 1.0000	</row3>
				</transform>
			</node>
			<node>
				<identifier>	SP_YMS080_YHSL_M_1_INDEX_1	</identifier>
				<transform>
					<row0>	0.8293 0.5382 -0.1502 0.0000	</row0>
					<row1>	-0.5410 0.8406 0.0253 0.0000	</row1>
					<row2>	0.1399 0.0603 0.9883 0.0000	</row2>
					<row3>	-0.5392 0.2564 5.2800 1.0000	</row3>
				</transform>
			</node>
			<node>
				<identifier>	SP_YMS081_YHSR_M_1	</identifier>
				<transform>
					<row0>	0.8705 -0.4681 0.1518 0.0000	</row0>
					<row1>	0.4718 0.8816 0.0130 0.0000	</row1>
					<row2>	-0.1399 0.0603 0.9883 0.0000	</row2>
					<row3>	0.3178 0.2330 6.3354 1.0000	</row3>
				</transform>
			</node>
			<node>
				<identifier>	SP_YMS081_YHSR_M_1_INDEX_1	</identifier>
				<transform>
					<row0>	0.8293 -0.5382 0.1502 0.0000	</row0>
					<row1>	0.5410 0.8406 0.0253 0.0000	</row1>
					<row2>	-0.1399 0.0603 0.9883 0.0000	</row2>
					<row3>	0.5392 0.2564 5.2800 1.0000	</row3>
				</transform>
			</node>
		</node>
	</node>
	<boundingBox>
		<min>	-0.0667 -0.0667 -0.0667	</min>
		<max>	0.0667 0.0667 0.0667	</max>
	</boundingBox>
</ISB002_Roma_1943_Bow_ports.visual>
