<RSA001_Chkalov_1945_Stern_ports.visual>
	<node>
		<identifier>	Scene Root	</identifier>
		<transform>
			<row0>	1.0000 0.0000 0.0000 0.0000	</row0>
			<row1>	0.0000 1.0000 0.0000 0.0000	</row1>
			<row2>	0.0000 0.0000 1.0000 0.0000	</row2>
			<row3>	0.0000 0.0000 0.0000 1.0000	</row3>
		</transform>
		<node>
			<identifier>	Stern_ports	</identifier>
			<transform>
				<row0>	1.0000 0.0000 0.0000 0.0000	</row0>
				<row1>	0.0000 1.0000 0.0000 0.0000	</row1>
				<row2>	0.0000 0.0000 1.0000 0.0000	</row2>
				<row3>	0.0000 0.0000 0.0000 1.0000	</row3>
			</transform>
			<node>
				<identifier>	HP_DeckLand	</identifier>
				<transform>
					<row0>	1.0000 0.0000 0.0000 0.0000	</row0>
					<row1>	0.0000 1.0000 0.0000 0.0000	</row1>
					<row2>	0.0000 0.0000 1.0000 0.0000	</row2>
					<row3>	0.0000 1.3258 -9.5527 1.0000	</row3>
				</transform>
			</node>
			<node>
				<identifier>	HP_Deck_00	</identifier>
				<transform>
					<row0>	0.8660 0.0000 0.5000 0.0000	</row0>
					<row1>	0.0000 1.0000 0.0000 0.0000	</row1>
					<row2>	-0.5000 0.0000 0.8660 0.0000	</row2>
					<row3>	0.5525 0.9338 -7.4091 1.0000	</row3>
				</transform>
			</node>
			<node>
				<identifier>	HP_Deck_01	</identifier>
				<transform>
					<row0>	0.8660 0.0000 -0.5000 0.0000	</row0>
					<row1>	0.0000 1.0000 0.0000 0.0000	</row1>
					<row2>	0.5000 0.0000 0.8660 0.0000	</row2>
					<row3>	-0.4763 0.9328 -7.2262 1.0000	</row3>
				</transform>
			</node>
			<node>
				<identifier>	HP_Deck_02	</identifier>
				<transform>
					<row0>	0.8660 0.0000 0.5000 0.0000	</row0>
					<row1>	0.0000 1.0000 0.0000 0.0000	</row1>
					<row2>	-0.5000 0.0000 0.8660 0.0000	</row2>
					<row3>	0.5373 0.9337 -6.6697 1.0000	</row3>
				</transform>
			</node>
			<node>
				<identifier>	HP_Deck_03	</identifier>
				<transform>
					<row0>	0.8660 0.0000 -0.5000 0.0000	</row0>
					<row1>	0.0000 1.0000 0.0000 0.0000	</row1>
					<row2>	0.5000 0.0000 0.8660 0.0000	</row2>
					<row3>	-0.4587 0.9335 -6.5022 1.0000	</row3>
				</transform>
			</node>
			<node>
				<identifier>	HP_Deck_04	</identifier>
				<transform>
					<row0>	0.8660 0.0000 0.5000 0.0000	</row0>
					<row1>	0.0000 1.0000 0.0000 0.0000	</row1>
					<row2>	-0.5000 0.0000 0.8660 0.0000	</row2>
					<row3>	0.5358 0.9329 -5.9201 1.0000	</row3>
				</transform>
			</node>
			<node>
				<identifier>	HP_Deck_05	</identifier>
				<transform>
					<row0>	0.8660 0.0000 -0.5000 0.0000	</row0>
					<row1>	0.0000 1.0000 0.0000 0.0000	</row1>
					<row2>	0.5000 0.0000 0.8660 0.0000	</row2>
					<row3>	-0.4579 0.9336 -5.7337 1.0000	</row3>
				</transform>
			</node>
			<node>
				<identifier>	HP_Deck_06	</identifier>
				<transform>
					<row0>	0.8660 0.0000 0.5000 0.0000	</row0>
					<row1>	0.0000 1.0000 0.0000 0.0000	</row1>
					<row2>	-0.5000 0.0000 0.8660 0.0000	</row2>
					<row3>	0.5357 0.9337 -5.2170 1.0000	</row3>
				</transform>
			</node>
			<node>
				<identifier>	HP_Deck_07	</identifier>
				<transform>
					<row0>	0.8660 0.0000 -0.5000 0.0000	</row0>
					<row1>	0.0000 1.0000 0.0000 0.0000	</row1>
					<row2>	0.5000 0.0000 0.8660 0.0000	</row2>
					<row3>	-0.4567 0.9329 -5.0920 1.0000	</row3>
				</transform>
			</node>
			<node>
				<identifier>	HP_DisappearPoint	</identifier>
				<transform>
					<row0>	1.0000 0.0000 0.0000 0.0000	</row0>
					<row1>	0.0000 1.0000 0.0000 0.0000	</row1>
					<row2>	0.0000 0.0000 1.0000 0.0000	</row2>
					<row3>	0.0000 0.9235 -8.3457 1.0000	</row3>
				</transform>
			</node>
			<node>
				<identifier>	HP_FX_Fire_4	</identifier>
				<transform>
					<row0>	0.9400 0.0000 0.3410 0.0000	</row0>
					<row1>	0.0000 1.0000 0.0000 0.0000	</row1>
					<row2>	-0.3410 0.0000 0.9400 0.0000	</row2>
					<row3>	0.2575 0.9582 -6.2870 1.0000	</row3>
				</transform>
			</node>
			<node>
				<identifier>	HP_FX_Fire_4_side_1	</identifier>
				<transform>
					<row0>	1.0000 0.0000 0.0000 0.0000	</row0>
					<row1>	0.0000 1.0000 0.0000 0.0000	</row1>
					<row2>	0.0000 0.0000 1.0000 0.0000	</row2>
					<row3>	-0.5747 0.9497 -7.7266 1.0000	</row3>
				</transform>
			</node>
			<node>
				<identifier>	HP_FX_Flood_water_left	</identifier>
				<transform>
					<row0>	-0.9803 0.0000 -0.1974 0.0000	</row0>
					<row1>	0.0000 1.0000 0.0000 0.0000	</row1>
					<row2>	0.1974 0.0000 -0.9803 0.0000	</row2>
					<row3>	-0.6430 0.0282 -5.5848 1.0000	</row3>
				</transform>
			</node>
			<node>
				<identifier>	HP_FX_Flood_water_right	</identifier>
				<transform>
					<row0>	0.9716 0.0000 -0.2366 0.0000	</row0>
					<row1>	0.0000 1.0000 0.0000 0.0000	</row1>
					<row2>	0.2366 0.0000 0.9716 0.0000	</row2>
					<row3>	0.6450 0.0320 -5.5831 1.0000	</row3>
				</transform>
			</node>
			<node>
				<identifier>	HP_FX_WakeTraceBack	</identifier>
				<transform>
					<row0>	1.0000 0.0000 0.0000 0.0000	</row0>
					<row1>	0.0000 1.0000 0.0000 0.0000	</row1>
					<row2>	0.0000 0.0000 1.0000 0.0000	</row2>
					<row3>	0.0000 0.0000 -7.6364 1.0000	</row3>
				</transform>
			</node>
			<node>
				<identifier>	HP_FX_WakeTrace_screw_1	</identifier>
				<transform>
					<row0>	1.0000 0.0000 0.0000 0.0000	</row0>
					<row1>	0.0000 1.0000 0.0000 0.0000	</row1>
					<row2>	0.0000 0.0000 1.0000 0.0000	</row2>
					<row3>	-0.4088 -0.3788 -6.0114 1.0000	</row3>
				</transform>
			</node>
			<node>
				<identifier>	HP_FX_WakeTrace_screw_2	</identifier>
				<transform>
					<row0>	1.0000 0.0000 0.0000 0.0000	</row0>
					<row1>	0.0000 1.0000 0.0000 0.0000	</row1>
					<row2>	0.0000 0.0000 1.0000 0.0000	</row2>
					<row3>	0.4088 -0.3788 -6.0114 1.0000	</row3>
				</transform>
			</node>
			<node>
				<identifier>	HP_RGA_17	</identifier>
				<transform>
					<row0>	-0.7071 0.0000 0.7071 0.0000	</row0>
					<row1>	0.0000 1.0000 0.0000 0.0000	</row1>
					<row2>	-0.7071 0.0000 -0.7071 0.0000	</row2>
					<row3>	-0.9435 0.7694 -6.0202 1.0000	</row3>
				</transform>
			</node>
			<node>
				<identifier>	HP_RGA_18	</identifier>
				<transform>
					<row0>	-0.7071 0.0000 -0.7071 0.0000	</row0>
					<row1>	0.0000 1.0000 0.0000 0.0000	</row1>
					<row2>	0.7071 0.0000 -0.7071 0.0000	</row2>
					<row3>	0.9435 0.7694 -6.0202 1.0000	</row3>
				</transform>
			</node>
			<node>
				<identifier>	HP_RGA_19	</identifier>
				<transform>
					<row0>	-0.7071 0.0000 0.7071 0.0000	</row0>
					<row1>	0.0000 1.0000 0.0000 0.0000	</row1>
					<row2>	-0.7071 0.0000 -0.7071 0.0000	</row2>
					<row3>	-0.9435 0.7694 -6.2285 1.0000	</row3>
				</transform>
			</node>
			<node>
				<identifier>	HP_RGA_20	</identifier>
				<transform>
					<row0>	-0.7071 0.0000 -0.7071 0.0000	</row0>
					<row1>	0.0000 1.0000 0.0000 0.0000	</row1>
					<row2>	0.7071 0.0000 -0.7071 0.0000	</row2>
					<row3>	0.9435 0.7694 -6.2285 1.0000	</row3>
				</transform>
			</node>
			<node>
				<identifier>	HP_RGA_21	</identifier>
				<transform>
					<row0>	-0.7071 0.0000 0.7071 0.0000	</row0>
					<row1>	0.0000 1.0000 0.0000 0.0000	</row1>
					<row2>	-0.7071 0.0000 -0.7071 0.0000	</row2>
					<row3>	-0.9435 0.7694 -6.4368 1.0000	</row3>
				</transform>
			</node>
			<node>
				<identifier>	HP_RGA_22	</identifier>
				<transform>
					<row0>	-0.7071 0.0000 -0.7071 0.0000	</row0>
					<row1>	0.0000 1.0000 0.0000 0.0000	</row1>
					<row2>	0.7071 0.0000 -0.7071 0.0000	</row2>
					<row3>	0.9435 0.7694 -6.4368 1.0000	</row3>
				</transform>
			</node>
			<node>
				<identifier>	HP_RGA_23	</identifier>
				<transform>
					<row0>	-0.7071 0.0000 0.7071 0.0000	</row0>
					<row1>	0.0000 1.0000 0.0000 0.0000	</row1>
					<row2>	-0.7071 0.0000 -0.7071 0.0000	</row2>
					<row3>	-0.9435 0.7694 -6.6452 1.0000	</row3>
				</transform>
			</node>
			<node>
				<identifier>	HP_RGA_24	</identifier>
				<transform>
					<row0>	-0.7071 0.0000 -0.7071 0.0000	</row0>
					<row1>	0.0000 1.0000 0.0000 0.0000	</row1>
					<row2>	0.7071 0.0000 -0.7071 0.0000	</row2>
					<row3>	0.9435 0.7694 -6.6452 1.0000	</row3>
				</transform>
			</node>
			<node>
				<identifier>	HP_Ship_death_3	</identifier>
				<transform>
					<row0>	1.0000 0.0000 0.0000 0.0000	</row0>
					<row1>	0.0000 1.0000 0.0000 0.0000	</row1>
					<row2>	0.0000 0.0000 1.0000 0.0000	</row2>
					<row3>	0.0000 0.0000 -5.3146 1.0000	</row3>
				</transform>
			</node>
			<node>
				<identifier>	MP_CM001_Propeller3_L	</identifier>
				<transform>
					<row0>	1.1688 0.3121 -0.0863 0.0000	</row0>
					<row1>	-0.3148 1.1709 -0.0293 0.0000	</row1>
					<row2>	0.0758 0.0507 1.2094 0.0000	</row2>
					<row3>	-0.4088 -0.3788 -6.0114 1.0000	</row3>
				</transform>
			</node>
			<node>
				<identifier>	MP_CM011_Fire_Fighting_Gear	</identifier>
				<transform>
					<row0>	0.0000 0.0000 1.0000 0.0000	</row0>
					<row1>	0.0000 1.0000 0.0000 0.0000	</row1>
					<row2>	-1.0000 0.0000 0.0000 0.0000	</row2>
					<row3>	0.8033 0.7699 -6.3136 1.0000	</row3>
				</transform>
			</node>
			<node>
				<identifier>	MP_CM011_Fire_Fighting_Gear_INDEX_1	</identifier>
				<transform>
					<row0>	0.0000 0.0000 -1.0000 0.0000	</row0>
					<row1>	0.0000 1.0000 0.0000 0.0000	</row1>
					<row2>	1.0000 0.0000 0.0000 0.0000	</row2>
					<row3>	-0.8033 0.7699 -6.3136 1.0000	</row3>
				</transform>
			</node>
			<node>
				<identifier>	MP_CM011_Fire_Fighting_Gear_INDEX_2	</identifier>
				<transform>
					<row0>	-0.5625 0.0000 -0.8268 0.0000	</row0>
					<row1>	0.0000 1.0000 0.0000 0.0000	</row1>
					<row2>	0.8268 0.0000 -0.5625 0.0000	</row2>
					<row3>	-0.7896 0.6520 -4.6615 1.0000	</row3>
				</transform>
			</node>
			<node>
				<identifier>	MP_CM011_Fire_Fighting_Gear_INDEX_3	</identifier>
				<transform>
					<row0>	-0.5625 0.0000 0.8268 0.0000	</row0>
					<row1>	0.0000 1.0000 0.0000 0.0000	</row1>
					<row2>	-0.8268 0.0000 -0.5625 0.0000	</row2>
					<row3>	0.7896 0.6520 -4.6615 1.0000	</row3>
				</transform>
			</node>
			<node>
				<identifier>	MP_CM013_Fire_Hose_Rack_2	</identifier>
				<transform>
					<row0>	-1.0000 0.0000 0.0000 0.0000	</row0>
					<row1>	0.0000 1.0000 0.0000 0.0000	</row1>
					<row2>	0.0000 0.0000 -1.0000 0.0000	</row2>
					<row3>	0.7916 0.8257 -6.3618 1.0000	</row3>
				</transform>
			</node>
			<node>
				<identifier>	MP_CM013_Fire_Hose_Rack_2_INDEX_1	</identifier>
				<transform>
					<row0>	0.8268 0.0000 -0.5625 0.0000	</row0>
					<row1>	0.0000 1.0000 0.0000 0.0000	</row1>
					<row2>	0.5625 0.0000 0.8268 0.0000	</row2>
					<row3>	-0.7927 0.7222 -4.6894 1.0000	</row3>
				</transform>
			</node>
			<node>
				<identifier>	MP_CM013_Fire_Hose_Rack_2_INDEX_2	</identifier>
				<transform>
					<row0>	-0.8268 0.0000 -0.5625 0.0000	</row0>
					<row1>	0.0000 1.0000 0.0000 0.0000	</row1>
					<row2>	0.5625 0.0000 -0.8268 0.0000	</row2>
					<row3>	0.7923 0.7222 -4.6897 1.0000	</row3>
				</transform>
			</node>
			<node>
				<identifier>	MP_CM013_Fire_Hose_Rack_2_INDEX_3	</identifier>
				<transform>
					<row0>	1.0000 0.0000 0.0000 0.0000	</row0>
					<row1>	0.0000 1.0000 0.0000 0.0000	</row1>
					<row2>	0.0000 0.0000 1.0000 0.0000	</row2>
					<row3>	-0.7916 0.8257 -6.3624 1.0000	</row3>
				</transform>
			</node>
			<node>
				<identifier>	MP_CM029_Emergency_Box	</identifier>
				<transform>
					<row0>	-1.0000 0.0000 0.0000 0.0000	</row0>
					<row1>	0.0000 1.0000 0.0000 0.0000	</row1>
					<row2>	0.0000 0.0000 -1.0000 0.0000	</row2>
					<row3>	-0.8176 0.8457 -6.7822 1.0000	</row3>
				</transform>
			</node>
			<node>
				<identifier>	MP_CM029_Emergency_Box_INDEX_1	</identifier>
				<transform>
					<row0>	0.0000 0.0000 1.0000 0.0000	</row0>
					<row1>	0.0000 1.0000 0.0000 0.0000	</row1>
					<row2>	-1.0000 0.0000 0.0000 0.0000	</row2>
					<row3>	0.7662 0.7643 -4.6197 1.0000	</row3>
				</transform>
			</node>
			<node>
				<identifier>	MP_CM029_Emergency_Box_INDEX_2	</identifier>
				<transform>
					<row0>	0.0000 0.0000 -1.0000 0.0000	</row0>
					<row1>	0.0000 1.0000 0.0000 0.0000	</row1>
					<row2>	1.0000 0.0000 0.0000 0.0000	</row2>
					<row3>	-0.7662 0.7636 -4.6182 1.0000	</row3>
				</transform>
			</node>
			<node>
				<identifier>	MP_CM029_Emergency_Box_INDEX_3	</identifier>
				<transform>
					<row0>	-1.0000 0.0000 0.0000 0.0000	</row0>
					<row1>	0.0000 1.0000 0.0000 0.0000	</row1>
					<row2>	0.0000 0.0000 -1.0000 0.0000	</row2>
					<row3>	0.8176 0.8457 -6.7822 1.0000	</row3>
				</transform>
			</node>
			<node>
				<identifier>	MP_CM032_Propeller3_R	</identifier>
				<transform>
					<row0>	1.1688 -0.3121 0.0863 0.0000	</row0>
					<row1>	0.3148 1.1709 -0.0293 0.0000	</row1>
					<row2>	-0.0758 0.0507 1.2094 0.0000	</row2>
					<row3>	0.4088 -0.3788 -6.0114 1.0000	</row3>
				</transform>
			</node>
			<node>
				<identifier>	MP_CM052_Fender	</identifier>
				<transform>
					<row0>	1.0000 0.0000 0.0000 0.0000	</row0>
					<row1>	0.0000 1.0000 0.0000 0.0000	</row1>
					<row2>	0.0000 0.0000 1.0000 0.0000	</row2>
					<row3>	-0.7980 0.6059 -5.8627 1.0000	</row3>
				</transform>
			</node>
			<node>
				<identifier>	MP_CM052_Fender_INDEX_1	</identifier>
				<transform>
					<row0>	-1.0000 0.0000 0.0000 0.0000	</row0>
					<row1>	0.0000 1.0000 0.0000 0.0000	</row1>
					<row2>	0.0000 0.0000 -1.0000 0.0000	</row2>
					<row3>	-0.3373 0.4087 -6.8374 1.0000	</row3>
				</transform>
			</node>
			<node>
				<identifier>	MP_CM052_Fender_INDEX_2	</identifier>
				<transform>
					<row0>	-1.0000 0.0000 0.0000 0.0000	</row0>
					<row1>	0.0000 1.0000 0.0000 0.0000	</row1>
					<row2>	0.0000 0.0000 -1.0000 0.0000	</row2>
					<row3>	0.3413 0.4087 -6.8374 1.0000	</row3>
				</transform>
			</node>
			<node>
				<identifier>	MP_CM052_Fender_INDEX_3	</identifier>
				<transform>
					<row0>	-1.0000 0.0000 0.0000 0.0000	</row0>
					<row1>	0.0000 1.0000 0.0000 0.0000	</row1>
					<row2>	0.0000 0.0000 -1.0000 0.0000	</row2>
					<row3>	0.0977 0.4087 -6.8374 1.0000	</row3>
				</transform>
			</node>
			<node>
				<identifier>	MP_CM052_Fender_INDEX_4	</identifier>
				<transform>
					<row0>	1.0000 0.0000 0.0000 0.0000	</row0>
					<row1>	0.0000 1.0000 0.0000 0.0000	</row1>
					<row2>	0.0000 0.0000 1.0000 0.0000	</row2>
					<row3>	0.7960 0.6061 -5.8632 1.0000	</row3>
				</transform>
			</node>
			<node>
				<identifier>	MP_CM052_Fender_INDEX_5	</identifier>
				<transform>
					<row0>	-1.0000 0.0000 0.0000 0.0000	</row0>
					<row1>	0.0000 1.0000 0.0000 0.0000	</row1>
					<row2>	0.0000 0.0000 -1.0000 0.0000	</row2>
					<row3>	0.0293 0.4087 -6.8374 1.0000	</row3>
				</transform>
			</node>
			<node>
				<identifier>	MP_CM112_Fire_Extinguisher	</identifier>
				<transform>
					<row0>	-1.0000 0.0000 0.0000 0.0000	</row0>
					<row1>	0.0000 1.0000 0.0000 0.0000	</row1>
					<row2>	0.0000 0.0000 -1.0000 0.0000	</row2>
					<row3>	0.7676 0.6627 -4.3113 1.0000	</row3>
				</transform>
			</node>
			<node>
				<identifier>	MP_CM112_Fire_Extinguisher_INDEX_1	</identifier>
				<transform>
					<row0>	1.0000 0.0000 0.0000 0.0000	</row0>
					<row1>	0.0000 1.0000 0.0000 0.0000	</row1>
					<row2>	0.0000 0.0000 1.0000 0.0000	</row2>
					<row3>	-0.7966 0.7796 -5.9351 1.0000	</row3>
				</transform>
			</node>
			<node>
				<identifier>	MP_CM112_Fire_Extinguisher_INDEX_2	</identifier>
				<transform>
					<row0>	1.0000 0.0000 0.0000 0.0000	</row0>
					<row1>	0.0000 1.0000 0.0000 0.0000	</row1>
					<row2>	0.0000 0.0000 1.0000 0.0000	</row2>
					<row3>	-0.7676 0.6627 -4.3113 1.0000	</row3>
				</transform>
			</node>
			<node>
				<identifier>	MP_CM112_Fire_Extinguisher_INDEX_3	</identifier>
				<transform>
					<row0>	-1.0000 0.0000 0.0000 0.0000	</row0>
					<row1>	0.0000 1.0000 0.0000 0.0000	</row1>
					<row2>	0.0000 0.0000 -1.0000 0.0000	</row2>
					<row3>	0.7966 0.7796 -5.9351 1.0000	</row3>
				</transform>
			</node>
			<node>
				<identifier>	MP_CM137_Anchor_Up	</identifier>
				<transform>
					<row0>	0.7000 0.0000 0.0000 0.0000	</row0>
					<row1>	0.0000 0.5932 0.3717 0.0000	</row1>
					<row2>	0.0000 -0.3717 0.5932 0.0000	</row2>
					<row3>	0.0000 0.2640 -7.8600 1.0000	</row3>
				</transform>
			</node>
			<node>
				<identifier>	MP_CM138_Anchor_Bottom	</identifier>
				<transform>
					<row0>	0.7000 0.0000 0.0000 0.0000	</row0>
					<row1>	0.0000 0.6970 -0.0651 0.0000	</row1>
					<row2>	0.0000 0.0651 0.6970 0.0000	</row2>
					<row3>	0.0000 0.2639 -7.8601 1.0000	</row3>
				</transform>
			</node>
			<node>
				<identifier>	MP_RM003_Yawl_20ft	</identifier>
				<transform>
					<row0>	1.0000 0.0000 0.0000 0.0000	</row0>
					<row1>	0.0000 1.0000 0.0000 0.0000	</row1>
					<row2>	0.0000 0.0000 1.0000 0.0000	</row2>
					<row3>	0.8928 0.7502 -5.3750 1.0000	</row3>
				</transform>
			</node>
			<node>
				<identifier>	MP_RM003_Yawl_20ft_INDEX_1	</identifier>
				<transform>
					<row0>	1.0000 0.0000 0.0000 0.0000	</row0>
					<row1>	0.0000 1.0000 0.0000 0.0000	</row1>
					<row2>	0.0000 0.0000 1.0000 0.0000	</row2>
					<row3>	-0.8928 0.7510 -5.3711 1.0000	</row3>
				</transform>
			</node>
			<node>
				<identifier>	MP_RM021_Screened_speed_light	</identifier>
				<transform>
					<row0>	-1.0000 0.0000 0.0000 0.0000	</row0>
					<row1>	0.0000 1.0000 0.0000 0.0000	</row1>
					<row2>	0.0000 0.0000 -1.0000 0.0000	</row2>
					<row3>	0.0000 0.4241 -7.9357 1.0000	</row3>
				</transform>
			</node>
			<node>
				<identifier>	MP_RM066_Ammunition_Box	</identifier>
				<transform>
					<row0>	-1.0000 0.0000 0.0000 0.0000	</row0>
					<row1>	0.0000 1.0000 0.0000 0.0000	</row1>
					<row2>	0.0000 0.0000 -1.0000 0.0000	</row2>
					<row3>	-0.4180 0.4075 -6.8276 1.0000	</row3>
				</transform>
			</node>
			<node>
				<identifier>	MP_RM066_Ammunition_Box_INDEX_1	</identifier>
				<transform>
					<row0>	-1.0000 0.0000 0.0000 0.0000	</row0>
					<row1>	0.0000 1.0000 0.0000 0.0000	</row1>
					<row2>	0.0000 0.0000 -1.0000 0.0000	</row2>
					<row3>	-0.4937 0.4075 -6.8276 1.0000	</row3>
				</transform>
			</node>
			<node>
				<identifier>	MP_RM066_Ammunition_Box_INDEX_2	</identifier>
				<transform>
					<row0>	-1.0000 0.0000 0.0000 0.0000	</row0>
					<row1>	0.0000 1.0000 0.0000 0.0000	</row1>
					<row2>	0.0000 0.0000 -1.0000 0.0000	</row2>
					<row3>	0.4937 0.4075 -6.8276 1.0000	</row3>
				</transform>
			</node>
			<node>
				<identifier>	MP_RM066_Ammunition_Box_INDEX_3	</identifier>
				<transform>
					<row0>	-1.0000 0.0000 0.0000 0.0000	</row0>
					<row1>	0.0000 1.0000 0.0000 0.0000	</row1>
					<row2>	0.0000 0.0000 -1.0000 0.0000	</row2>
					<row3>	0.4180 0.4075 -6.8276 1.0000	</row3>
				</transform>
			</node>
			<node>
				<identifier>	MP_RM145_Turtles_Box	</identifier>
				<transform>
					<row0>	0.0000 0.0000 1.0000 0.0000	</row0>
					<row1>	0.0000 1.0000 0.0000 0.0000	</row1>
					<row2>	-1.0000 0.0000 0.0000 0.0000	</row2>
					<row3>	-0.7919 0.8102 -6.4043 1.0000	</row3>
				</transform>
			</node>
			<node>
				<identifier>	MP_RM145_Turtles_Box_INDEX_1	</identifier>
				<transform>
					<row0>	0.0000 0.0000 -1.0000 0.0000	</row0>
					<row1>	0.0000 1.0000 0.0000 0.0000	</row1>
					<row2>	1.0000 0.0000 0.0000 0.0000	</row2>
					<row3>	0.7919 0.8098 -6.4034 1.0000	</row3>
				</transform>
			</node>
			<node>
				<identifier>	MP_RM214_Life_Buoy	</identifier>
				<transform>
					<row0>	0.0000 0.0000 1.0000 0.0000	</row0>
					<row1>	0.0000 1.0000 0.0000 0.0000	</row1>
					<row2>	-1.0000 0.0000 0.0000 0.0000	</row2>
					<row3>	1.1228 0.7212 -4.1975 1.0000	</row3>
				</transform>
			</node>
			<node>
				<identifier>	MP_RM214_Life_Buoy_INDEX_1	</identifier>
				<transform>
					<row0>	0.0000 0.0000 -1.0000 0.0000	</row0>
					<row1>	0.0000 1.0000 0.0000 0.0000	</row1>
					<row2>	1.0000 0.0000 0.0000 0.0000	</row2>
					<row3>	-1.1228 0.7212 -4.1890 1.0000	</row3>
				</transform>
			</node>
			<node>
				<identifier>	MP_RM217_Ventilation_Mushroom	</identifier>
				<transform>
					<row0>	0.0000 -1.0000 0.0000 0.0000	</row0>
					<row1>	0.8354 0.0000 0.5497 0.0000	</row1>
					<row2>	-0.5497 0.0000 0.8354 0.0000	</row2>
					<row3>	0.9138 0.7752 -4.8679 1.0000	</row3>
				</transform>
			</node>
			<node>
				<identifier>	MP_RM217_Ventilation_Mushroom_INDEX_1	</identifier>
				<transform>
					<row0>	0.0000 1.0000 0.0000 0.0000	</row0>
					<row1>	-0.8354 0.0000 0.5497 0.0000	</row1>
					<row2>	0.5497 0.0000 0.8354 0.0000	</row2>
					<row3>	-0.8661 0.7720 -4.7959 1.0000	</row3>
				</transform>
			</node>
			<node>
				<identifier>	MP_RM217_Ventilation_Mushroom_INDEX_2	</identifier>
				<transform>
					<row0>	0.0000 1.0000 0.0000 0.0000	</row0>
					<row1>	-0.8354 0.0000 0.5497 0.0000	</row1>
					<row2>	0.5497 0.0000 0.8354 0.0000	</row2>
					<row3>	-0.9136 0.7720 -4.8676 1.0000	</row3>
				</transform>
			</node>
			<node>
				<identifier>	MP_RM217_Ventilation_Mushroom_INDEX_3	</identifier>
				<transform>
					<row0>	0.0000 -1.0000 0.0000 0.0000	</row0>
					<row1>	0.8354 0.0000 0.5497 0.0000	</row1>
					<row2>	-0.5497 0.0000 0.8354 0.0000	</row2>
					<row3>	0.8666 0.7752 -4.7964 1.0000	</row3>
				</transform>
			</node>
			<node>
				<identifier>	MP_RM225_Alarm	</identifier>
				<transform>
					<row0>	0.5505 0.0000 -0.8348 0.0000	</row0>
					<row1>	0.0000 1.0000 0.0000 0.0000	</row1>
					<row2>	0.8348 0.0000 0.5505 0.0000	</row2>
					<row3>	0.8321 0.7717 -4.7484 1.0000	</row3>
				</transform>
			</node>
			<node>
				<identifier>	MP_RM225_Alarm_INDEX_1	</identifier>
				<transform>
					<row0>	0.0000 0.0000 -1.0000 0.0000	</row0>
					<row1>	0.0000 1.0000 0.0000 0.0000	</row1>
					<row2>	1.0000 0.0000 0.0000 0.0000	</row2>
					<row3>	0.7913 0.8681 -6.2911 1.0000	</row3>
				</transform>
			</node>
			<node>
				<identifier>	MP_RM225_Alarm_INDEX_2	</identifier>
				<transform>
					<row0>	0.0000 0.0000 1.0000 0.0000	</row0>
					<row1>	0.0000 1.0000 0.0000 0.0000	</row1>
					<row2>	-1.0000 0.0000 0.0000 0.0000	</row2>
					<row3>	-0.7913 0.8673 -6.2929 1.0000	</row3>
				</transform>
			</node>
			<node>
				<identifier>	MP_RM225_Alarm_INDEX_3	</identifier>
				<transform>
					<row0>	0.5627 0.0000 0.8267 0.0000	</row0>
					<row1>	0.0000 1.0000 0.0000 0.0000	</row1>
					<row2>	-0.8267 0.0000 0.5627 0.0000	</row2>
					<row3>	-0.8328 0.7717 -4.7479 1.0000	</row3>
				</transform>
			</node>
			<node>
				<identifier>	MP_RM236_Telephone	</identifier>
				<transform>
					<row0>	0.0000 0.0000 -1.0000 0.0000	</row0>
					<row1>	0.0000 1.0000 0.0000 0.0000	</row1>
					<row2>	1.0000 0.0000 0.0000 0.0000	</row2>
					<row3>	0.7916 0.8544 -6.7542 1.0000	</row3>
				</transform>
			</node>
			<node>
				<identifier>	MP_RM236_Telephone_INDEX_1	</identifier>
				<transform>
					<row0>	0.0000 0.0000 1.0000 0.0000	</row0>
					<row1>	0.0000 1.0000 0.0000 0.0000	</row1>
					<row2>	-1.0000 0.0000 0.0000 0.0000	</row2>
					<row3>	-0.9983 0.8323 -4.0416 1.0000	</row3>
				</transform>
			</node>
			<node>
				<identifier>	MP_RM236_Telephone_INDEX_2	</identifier>
				<transform>
					<row0>	0.0000 0.0000 1.0000 0.0000	</row0>
					<row1>	0.0000 1.0000 0.0000 0.0000	</row1>
					<row2>	-1.0000 0.0000 0.0000 0.0000	</row2>
					<row3>	-0.7916 0.8549 -6.7546 1.0000	</row3>
				</transform>
			</node>
			<node>
				<identifier>	MP_RM236_Telephone_INDEX_3	</identifier>
				<transform>
					<row0>	0.0000 0.0000 -1.0000 0.0000	</row0>
					<row1>	0.0000 1.0000 0.0000 0.0000	</row1>
					<row2>	1.0000 0.0000 0.0000 0.0000	</row2>
					<row3>	0.9999 0.8323 -4.0408 1.0000	</row3>
				</transform>
			</node>
			<node>
				<identifier>	MP_RM249_Coat_of_Arms_USSR	</identifier>
				<transform>
					<row0>	-1.0000 0.0000 0.0000 0.0000	</row0>
					<row1>	0.0000 0.8817 -0.4718 0.0000	</row1>
					<row2>	0.0000 -0.4718 -0.8817 0.0000	</row2>
					<row3>	0.0000 0.3796 -7.8852 1.0000	</row3>
				</transform>
			</node>
			<node>
				<identifier>	MP_RM262_Motor_Launch_10m	</identifier>
				<transform>
					<row0>	1.0000 0.0000 0.0000 0.0000	</row0>
					<row1>	0.0000 1.0000 0.0000 0.0000	</row1>
					<row2>	0.0000 0.0000 1.0000 0.0000	</row2>
					<row3>	-0.8925 0.6236 -5.3983 1.0000	</row3>
				</transform>
			</node>
			<node>
				<identifier>	MP_RM262_Motor_Launch_10m_INDEX_1	</identifier>
				<transform>
					<row0>	1.0000 0.0000 0.0000 0.0000	</row0>
					<row1>	0.0000 1.0000 0.0000 0.0000	</row1>
					<row2>	0.0000 0.0000 1.0000 0.0000	</row2>
					<row3>	0.8925 0.6236 -5.4016 1.0000	</row3>
				</transform>
			</node>
			<node>
				<identifier>	MP_RM287_Hatch	</identifier>
				<transform>
					<row0>	-1.0000 0.0000 0.0000 0.0000	</row0>
					<row1>	0.0000 1.0000 0.0000 0.0000	</row1>
					<row2>	0.0000 0.0000 -1.0000 0.0000	</row2>
					<row3>	0.2831 0.4045 -7.5595 1.0000	</row3>
				</transform>
			</node>
			<node>
				<identifier>	MP_RM287_Hatch_INDEX_1	</identifier>
				<transform>
					<row0>	-1.0000 0.0000 0.0000 0.0000	</row0>
					<row1>	0.0000 1.0000 0.0000 0.0000	</row1>
					<row2>	0.0000 0.0000 -1.0000 0.0000	</row2>
					<row3>	-0.3327 0.4045 -7.0938 1.0000	</row3>
				</transform>
			</node>
			<node>
				<identifier>	MP_RM287_Hatch_INDEX_2	</identifier>
				<transform>
					<row0>	-1.0000 0.0000 0.0000 0.0000	</row0>
					<row1>	0.0000 1.0000 0.0000 0.0000	</row1>
					<row2>	0.0000 0.0000 -1.0000 0.0000	</row2>
					<row3>	-0.2831 0.4045 -7.5595 1.0000	</row3>
				</transform>
			</node>
			<node>
				<identifier>	MP_RM287_Hatch_INDEX_3	</identifier>
				<transform>
					<row0>	-1.0000 0.0000 0.0000 0.0000	</row0>
					<row1>	0.0000 1.0000 0.0000 0.0000	</row1>
					<row2>	0.0000 0.0000 -1.0000 0.0000	</row2>
					<row3>	-0.0404 0.4045 -6.8419 1.0000	</row3>
				</transform>
			</node>
			<node>
				<identifier>	MP_RM287_Hatch_INDEX_4	</identifier>
				<transform>
					<row0>	-1.0000 0.0000 0.0000 0.0000	</row0>
					<row1>	0.0000 1.0000 0.0000 0.0000	</row1>
					<row2>	0.0000 0.0000 -1.0000 0.0000	</row2>
					<row3>	0.3327 0.4045 -7.0938 1.0000	</row3>
				</transform>
			</node>
			<node>
				<identifier>	MP_RM289_Reel	</identifier>
				<transform>
					<row0>	-0.9659 0.0000 0.2588 0.0000	</row0>
					<row1>	0.0000 1.0000 0.0000 0.0000	</row1>
					<row2>	-0.2588 0.0000 -0.9659 0.0000	</row2>
					<row3>	0.3991 0.4090 -7.4501 1.0000	</row3>
				</transform>
			</node>
			<node>
				<identifier>	MP_RM289_Reel_INDEX_1	</identifier>
				<transform>
					<row0>	-0.9659 0.0000 -0.2588 0.0000	</row0>
					<row1>	0.0000 1.0000 0.0000 0.0000	</row1>
					<row2>	0.2588 0.0000 -0.9659 0.0000	</row2>
					<row3>	-0.3991 0.4090 -7.4501 1.0000	</row3>
				</transform>
			</node>
			<node>
				<identifier>	MP_RM290_Reel	</identifier>
				<transform>
					<row0>	0.0000 0.0000 1.0000 0.0000	</row0>
					<row1>	0.0000 1.0000 0.0000 0.0000	</row1>
					<row2>	-1.0000 0.0000 0.0000 0.0000	</row2>
					<row3>	0.7972 0.6008 -5.1135 1.0000	</row3>
				</transform>
			</node>
			<node>
				<identifier>	MP_RM290_Reel_INDEX_1	</identifier>
				<transform>
					<row0>	0.0000 0.0000 -1.0000 0.0000	</row0>
					<row1>	0.0000 1.0000 0.0000 0.0000	</row1>
					<row2>	1.0000 0.0000 0.0000 0.0000	</row2>
					<row3>	-0.7972 0.6008 -5.7919 1.0000	</row3>
				</transform>
			</node>
			<node>
				<identifier>	MP_RM290_Reel_INDEX_2	</identifier>
				<transform>
					<row0>	0.0000 0.0000 -1.0000 0.0000	</row0>
					<row1>	0.0000 1.0000 0.0000 0.0000	</row1>
					<row2>	1.0000 0.0000 0.0000 0.0000	</row2>
					<row3>	-0.7972 0.6008 -4.9539 1.0000	</row3>
				</transform>
			</node>
			<node>
				<identifier>	MP_RM290_Reel_INDEX_3	</identifier>
				<transform>
					<row0>	0.0000 0.0000 1.0000 0.0000	</row0>
					<row1>	0.0000 1.0000 0.0000 0.0000	</row1>
					<row2>	-1.0000 0.0000 0.0000 0.0000	</row2>
					<row3>	0.7972 0.6008 -5.7766 1.0000	</row3>
				</transform>
			</node>
			<node>
				<identifier>	MP_RM313_searchlight_900mm	</identifier>
				<transform>
					<row0>	0.0000 0.0000 1.0000 0.0000	</row0>
					<row1>	0.0000 1.0000 0.0000 0.0000	</row1>
					<row2>	-1.0000 0.0000 0.0000 0.0000	</row2>
					<row3>	-1.1087 0.7512 -3.9990 1.0000	</row3>
				</transform>
			</node>
			<node>
				<identifier>	MP_RM313_searchlight_900mm_INDEX_1	</identifier>
				<transform>
					<row0>	0.0000 0.0000 -1.0000 0.0000	</row0>
					<row1>	0.0000 1.0000 0.0000 0.0000	</row1>
					<row2>	1.0000 0.0000 0.0000 0.0000	</row2>
					<row3>	1.1087 0.7512 -3.9990 1.0000	</row3>
				</transform>
			</node>
			<node>
				<identifier>	MP_RM314_Winch_10t	</identifier>
				<transform>
					<row0>	-1.0000 0.0000 0.0000 0.0000	</row0>
					<row1>	0.0000 1.0000 0.0000 0.0000	</row1>
					<row2>	0.0000 0.0000 -1.0000 0.0000	</row2>
					<row3>	0.0000 0.4087 -7.2876 1.0000	</row3>
				</transform>
			</node>
			<node>
				<identifier>	SP_YMS011_YHWL_M_1_INDEX_10	</identifier>
				<transform>
					<row0>	0.9872 0.1345 0.0858 0.0000	</row0>
					<row1>	-0.1339 0.9909 -0.0119 0.0000	</row1>
					<row2>	-0.0867 0.0003 0.9962 0.0000	</row2>
					<row3>	-0.8448 -0.0068 -3.9431 1.0000	</row3>
				</transform>
			</node>
			<node>
				<identifier>	SP_YMS011_YHWL_M_1_INDEX_12	</identifier>
				<transform>
					<row0>	0.9672 0.2304 0.1071 0.0000	</row0>
					<row1>	-0.2292 0.9731 -0.0237 0.0000	</row1>
					<row2>	-0.1097 -0.0016 0.9940 0.0000	</row2>
					<row3>	-0.7583 -0.0072 -4.7716 1.0000	</row3>
				</transform>
			</node>
			<node>
				<identifier>	SP_YMS011_YHWL_M_1_INDEX_13	</identifier>
				<transform>
					<row0>	0.7749 0.6065 0.1779 0.0000	</row0>
					<row1>	-0.5919 0.7951 -0.1323 0.0000	</row1>
					<row2>	-0.2216 -0.0028 0.9751 0.0000	</row2>
					<row3>	-0.4658 -0.0024 -6.4093 1.0000	</row3>
				</transform>
			</node>
			<node>
				<identifier>	SP_YMS011_YHWL_M_1_INDEX_3	</identifier>
				<transform>
					<row0>	0.6784 0.7146 0.1706 0.0000	</row0>
					<row1>	-0.6927 0.6995 -0.1753 0.0000	</row1>
					<row2>	-0.2446 0.0008 0.9696 0.0000	</row2>
					<row3>	-0.2711 -0.0013 -7.2185 1.0000	</row3>
				</transform>
			</node>
			<node>
				<identifier>	SP_YMS011_YHWL_M_1_INDEX_9	</identifier>
				<transform>
					<row0>	0.8887 0.4334 0.1494 0.0000	</row0>
					<row1>	-0.4276 0.9012 -0.0703 0.0000	</row1>
					<row2>	-0.1651 -0.0014 0.9863 0.0000	</row2>
					<row3>	-0.6342 -0.0062 -5.5966 1.0000	</row3>
				</transform>
			</node>
			<node>
				<identifier>	SP_YMS012_YHWR_M_1_INDEX_1	</identifier>
				<transform>
					<row0>	0.7749 -0.6065 -0.1779 0.0000	</row0>
					<row1>	0.5919 0.7951 -0.1323 0.0000	</row1>
					<row2>	0.2216 -0.0028 0.9751 0.0000	</row2>
					<row3>	0.4658 -0.0024 -6.4093 1.0000	</row3>
				</transform>
			</node>
			<node>
				<identifier>	SP_YMS012_YHWR_M_1_INDEX_11	</identifier>
				<transform>
					<row0>	0.9872 -0.1345 -0.0858 0.0000	</row0>
					<row1>	0.1339 0.9909 -0.0119 0.0000	</row1>
					<row2>	0.0867 0.0003 0.9962 0.0000	</row2>
					<row3>	0.8448 -0.0068 -3.9431 1.0000	</row3>
				</transform>
			</node>
			<node>
				<identifier>	SP_YMS012_YHWR_M_1_INDEX_12	</identifier>
				<transform>
					<row0>	0.8887 -0.4334 -0.1494 0.0000	</row0>
					<row1>	0.4276 0.9012 -0.0703 0.0000	</row1>
					<row2>	0.1651 -0.0014 0.9863 0.0000	</row2>
					<row3>	0.6342 -0.0062 -5.5966 1.0000	</row3>
				</transform>
			</node>
			<node>
				<identifier>	SP_YMS012_YHWR_M_1_INDEX_4	</identifier>
				<transform>
					<row0>	0.9672 -0.2304 -0.1071 0.0000	</row0>
					<row1>	0.2292 0.9731 -0.0237 0.0000	</row1>
					<row2>	0.1097 -0.0016 0.9940 0.0000	</row2>
					<row3>	0.7583 -0.0072 -4.7716 1.0000	</row3>
				</transform>
			</node>
			<node>
				<identifier>	SP_YMS012_YHWR_M_1_INDEX_9	</identifier>
				<transform>
					<row0>	0.6784 -0.7146 -0.1706 0.0000	</row0>
					<row1>	0.6927 0.6995 -0.1753 0.0000	</row1>
					<row2>	0.2446 0.0008 0.9696 0.0000	</row2>
					<row3>	0.2711 -0.0013 -7.2185 1.0000	</row3>
				</transform>
			</node>
			<node>
				<identifier>	SP_YMS022_YHUS_L_1_INDEX_2	</identifier>
				<transform>
					<row0>	0.2080 -0.0074 1.3088 0.0000	</row0>
					<row1>	0.6340 1.1600 -0.0942 0.0000	</row1>
					<row2>	-1.1451 0.6409 0.1856 0.0000	</row2>
					<row3>	0.5612 -0.4235 -4.4634 1.0000	</row3>
				</transform>
			</node>
			<node>
				<identifier>	SP_YMS022_YHUS_L_1_INDEX_3	</identifier>
				<transform>
					<row0>	0.1514 0.0115 -0.8861 0.0000	</row0>
					<row1>	-0.3163 0.8404 -0.0432 0.0000	</row1>
					<row2>	0.8278 0.3191 0.1456 0.0000	</row2>
					<row3>	-0.6307 -0.3232 -4.6521 1.0000	</row3>
				</transform>
			</node>
			<node>
				<identifier>	SP_YMS023_YHUC_L_1	</identifier>
				<transform>
					<row0>	0.7324 0.1956 -0.0541 0.0000	</row0>
					<row1>	-0.1973 0.7337 -0.0184 0.0000	</row1>
					<row2>	0.0475 0.0317 0.7579 0.0000	</row2>
					<row3>	-0.4088 -0.3788 -6.0114 1.0000	</row3>
				</transform>
			</node>
			<node>
				<identifier>	SP_YMS023_YHUC_L_1_INDEX_1	</identifier>
				<transform>
					<row0>	0.7324 -0.1956 0.0541 0.0000	</row0>
					<row1>	0.1973 0.7337 -0.0184 0.0000	</row1>
					<row2>	-0.0475 0.0317 0.7579 0.0000	</row2>
					<row3>	0.4088 -0.3788 -6.0114 1.0000	</row3>
				</transform>
			</node>
			<node>
				<identifier>	SP_YMS030_YHAM_M_1	</identifier>
				<transform>
					<row0>	1.0000 0.0000 0.0000 0.0000	</row0>
					<row1>	0.0000 1.0000 0.0000 0.0000	</row1>
					<row2>	0.0000 0.0000 1.0000 0.0000	</row2>
					<row3>	0.0000 0.1897 -7.8406 1.0000	</row3>
				</transform>
			</node>
			<node>
				<identifier>	SP_YMS031_YHAL_M_1	</identifier>
				<transform>
					<row0>	0.9659 0.0000 0.2588 0.0000	</row0>
					<row1>	0.0000 1.0000 0.0000 0.0000	</row1>
					<row2>	-0.2588 0.0000 0.9659 0.0000	</row2>
					<row3>	-0.7363 0.6058 -7.9598 1.0000	</row3>
				</transform>
			</node>
			<node>
				<identifier>	SP_YMS032_YHAR_M_1	</identifier>
				<transform>
					<row0>	0.9659 0.0000 -0.2588 0.0000	</row0>
					<row1>	0.0000 1.0000 0.0000 0.0000	</row1>
					<row2>	0.2588 0.0000 0.9659 0.0000	</row2>
					<row3>	0.7363 0.6058 -7.9598 1.0000	</row3>
				</transform>
			</node>
			<node>
				<identifier>	SP_YMS041_YHCS_M_1_INDEX_1	</identifier>
				<transform>
					<row0>	-1.2945 0.0000 0.0000 0.0000	</row0>
					<row1>	0.0000 1.2945 0.0000 0.0000	</row1>
					<row2>	0.0000 0.0000 -1.2945 0.0000	</row2>
					<row3>	-0.8998 0.6946 -5.4064 1.0000	</row3>
				</transform>
			</node>
			<node>
				<identifier>	SP_YMS041_YHCS_M_1_INDEX_3	</identifier>
				<transform>
					<row0>	-1.2945 0.0000 0.0000 0.0000	</row0>
					<row1>	0.0000 1.2945 0.0000 0.0000	</row1>
					<row2>	0.0000 0.0000 -1.2945 0.0000	</row2>
					<row3>	0.8998 0.6946 -5.4245 1.0000	</row3>
				</transform>
			</node>
			<node>
				<identifier>	SP_YMS054_YHDA_M_1	</identifier>
				<transform>
					<row0>	0.9441 0.0000 0.0000 0.0000	</row0>
					<row1>	0.0000 1.0000 0.0000 0.0000	</row1>
					<row2>	0.0000 0.0000 0.9441 0.0000	</row2>
					<row3>	0.0000 0.9328 -7.8219 1.0000	</row3>
				</transform>
			</node>
			<node>
				<identifier>	SP_YMS057_YHDH_M_1	</identifier>
				<transform>
					<row0>	0.0000 0.0000 0.7919 0.0000	</row0>
					<row1>	0.0000 0.7919 0.0000 0.0000	</row1>
					<row2>	-0.7919 0.0000 0.0000 0.0000	</row2>
					<row3>	-0.3630 0.9342 -3.6463 1.0000	</row3>
				</transform>
			</node>
			<node>
				<identifier>	SP_YMS062_YHGH_M_1_INDEX_8	</identifier>
				<transform>
					<row0>	0.0000 0.0000 1.0000 0.0000	</row0>
					<row1>	0.0000 1.0000 0.0000 0.0000	</row1>
					<row2>	-1.0000 0.0000 0.0000 0.0000	</row2>
					<row3>	1.0080 0.6436 -4.4710 1.0000	</row3>
				</transform>
			</node>
			<node>
				<identifier>	SP_YMS062_YHGH_M_1_INDEX_9	</identifier>
				<transform>
					<row0>	0.0000 0.0000 -1.0000 0.0000	</row0>
					<row1>	0.0000 1.0000 0.0000 0.0000	</row1>
					<row2>	1.0000 0.0000 0.0000 0.0000	</row2>
					<row3>	-1.0080 0.6436 -4.4710 1.0000	</row3>
				</transform>
			</node>
			<node>
				<identifier>	SP_YMS080_YHSL_M_1_INDEX_1	</identifier>
				<transform>
					<row0>	0.8059 0.5617 0.1872 0.0000	</row0>
					<row1>	-0.5335 0.8260 -0.1820 0.0000	</row1>
					<row2>	-0.2569 0.0468 0.9653 0.0000	</row2>
					<row3>	-0.4075 0.2000 -7.3185 1.0000	</row3>
				</transform>
			</node>
			<node>
				<identifier>	SP_YMS081_YHSR_M_1_INDEX_1	</identifier>
				<transform>
					<row0>	0.8059 -0.5617 -0.1872 0.0000	</row0>
					<row1>	0.5335 0.8260 -0.1820 0.0000	</row1>
					<row2>	0.2569 0.0468 0.9653 0.0000	</row2>
					<row3>	0.4075 0.2000 -7.3185 1.0000	</row3>
				</transform>
			</node>
			<node>
				<identifier>	SP_YMS082_YHSC_M_1	</identifier>
				<transform>
					<row0>	0.1742 0.0029 0.9847 0.0000	</row0>
					<row1>	0.4999 0.8613 -0.0909 0.0000	</row1>
					<row2>	-0.8484 0.5081 0.1486 0.0000	</row2>
					<row3>	0.5355 0.2008 -6.7031 1.0000	</row3>
				</transform>
			</node>
			<node>
				<identifier>	SP_YMS082_YHSC_M_1_INDEX_1	</identifier>
				<transform>
					<row0>	0.1742 -0.0029 -0.9847 0.0000	</row0>
					<row1>	-0.4999 0.8613 -0.0909 0.0000	</row1>
					<row2>	0.8484 0.5081 0.1486 0.0000	</row2>
					<row3>	-0.5355 0.2008 -6.7031 1.0000	</row3>
				</transform>
			</node>
			<node>
				<identifier>	SP_YMS082_YHSC_M_1_INDEX_2	</identifier>
				<transform>
					<row0>	0.1532 -0.0136 -0.9881 0.0000	</row0>
					<row1>	-0.4557 0.8863 -0.0829 0.0000	</row1>
					<row2>	0.8769 0.4629 0.1295 0.0000	</row2>
					<row3>	-0.6168 0.2009 -6.2159 1.0000	</row3>
				</transform>
			</node>
			<node>
				<identifier>	SP_YMS082_YHSC_M_1_INDEX_3	</identifier>
				<transform>
					<row0>	0.1532 0.0136 0.9881 0.0000	</row0>
					<row1>	0.4557 0.8863 -0.0829 0.0000	</row1>
					<row2>	-0.8769 0.4629 0.1295 0.0000	</row2>
					<row3>	0.6168 0.2009 -6.2159 1.0000	</row3>
				</transform>
			</node>
			<node>
				<identifier>	SP_YMS084_YHSC_L_2	</identifier>
				<transform>
					<row0>	0.1228 0.0096 -1.1780 0.0000	</row0>
					<row1>	-0.4092 1.1110 -0.0336 0.0000	</row1>
					<row2>	1.1047 0.4105 0.1185 0.0000	</row2>
					<row3>	-0.7875 0.4341 -5.4102 1.0000	</row3>
				</transform>
			</node>
			<node>
				<identifier>	SP_YMS084_YHSC_L_2_INDEX_4	</identifier>
				<transform>
					<row0>	0.1228 -0.0096 1.1780 0.0000	</row0>
					<row1>	0.4092 1.1110 -0.0336 0.0000	</row1>
					<row2>	-1.1047 0.4105 0.1185 0.0000	</row2>
					<row3>	0.7875 0.4341 -5.4102 1.0000	</row3>
				</transform>
			</node>
			<node>
				<identifier>	SP_YMS085_YHSC_S_1_INDEX_3	</identifier>
				<transform>
					<row0>	0.0649 0.0005 0.7974 0.0000	</row0>
					<row1>	0.0008 0.8000 -0.0005 0.0000	</row1>
					<row2>	-0.7974 0.0008 0.0649 0.0000	</row2>
					<row3>	0.8467 0.1830 -4.0149 1.0000	</row3>
				</transform>
			</node>
			<node>
				<identifier>	SP_YMS085_YHSC_S_1_INDEX_5	</identifier>
				<transform>
					<row0>	0.0649 0.0003 -0.7974 0.0000	</row0>
					<row1>	-0.0008 0.8000 0.0002 0.0000	</row1>
					<row2>	0.7974 0.0008 0.0649 0.0000	</row2>
					<row3>	-0.8790 0.1830 -3.6537 1.0000	</row3>
				</transform>
			</node>
			<node>
				<identifier>	SP_YMS096_YHZC_S_1	</identifier>
				<transform>
					<row0>	0.0000 0.0000 1.4632 0.0000	</row0>
					<row1>	0.0000 1.4632 0.0000 0.0000	</row1>
					<row2>	-1.4632 0.0000 0.0000 0.0000	</row2>
					<row3>	0.9983 0.9172 -3.9875 1.0000	</row3>
				</transform>
			</node>
			<node>
				<identifier>	SP_YMS096_YHZC_S_1_INDEX_10	</identifier>
				<transform>
					<row0>	0.0000 0.0000 -1.4632 0.0000	</row0>
					<row1>	0.0000 1.4632 0.0000 0.0000	</row1>
					<row2>	1.4632 0.0000 0.0000 0.0000	</row2>
					<row3>	-0.9983 0.9172 -3.9875 1.0000	</row3>
				</transform>
			</node>
		</node>
	</node>
	<boundingBox>
		<min>	-0.0667 -0.0667 -0.0667	</min>
		<max>	0.0667 0.0667 0.0667	</max>
	</boundingBox>
</RSA001_Chkalov_1945_Stern_ports.visual>
