<BSC016_Neptune_1947_Stern_ports.visual>
	<node>
		<identifier>	Scene Root	</identifier>
		<transform>
			<row0>	1.0000 0.0000 0.0000 0.0000	</row0>
			<row1>	0.0000 1.0000 0.0000 0.0000	</row1>
			<row2>	0.0000 0.0000 1.0000 0.0000	</row2>
			<row3>	0.0000 0.0000 0.0000 1.0000	</row3>
		</transform>
		<node>
			<identifier>	Stern_ports	</identifier>
			<transform>
				<row0>	1.0000 0.0000 0.0000 0.0000	</row0>
				<row1>	0.0000 1.0000 0.0000 0.0000	</row1>
				<row2>	0.0000 0.0000 1.0000 0.0000	</row2>
				<row3>	0.0000 0.0000 0.0000 1.0000	</row3>
			</transform>
			<node>
				<identifier>	HP_BGA_23	</identifier>
				<transform>
					<row0>	-1.0000 0.0000 0.0000 0.0000	</row0>
					<row1>	0.0000 1.0000 0.0000 0.0000	</row1>
					<row2>	0.0000 0.0000 -1.0000 0.0000	</row2>
					<row3>	-0.0863 0.3512 -6.1576 1.0000	</row3>
				</transform>
			</node>
			<node>
				<identifier>	HP_BGA_24	</identifier>
				<transform>
					<row0>	-1.0000 0.0000 0.0000 0.0000	</row0>
					<row1>	0.0000 1.0000 0.0000 0.0000	</row1>
					<row2>	0.0000 0.0000 -1.0000 0.0000	</row2>
					<row3>	0.0863 0.3512 -6.1576 1.0000	</row3>
				</transform>
			</node>
			<node>
				<identifier>	HP_BGB_1	</identifier>
				<transform>
					<row0>	-0.1392 0.0000 0.9903 0.0000	</row0>
					<row1>	0.0000 1.0000 0.0000 0.0000	</row1>
					<row2>	-0.9903 0.0000 -0.1392 0.0000	</row2>
					<row3>	-0.2420 0.3336 -5.7486 1.0000	</row3>
				</transform>
			</node>
			<node>
				<identifier>	HP_BGB_2	</identifier>
				<transform>
					<row0>	-0.1392 0.0000 -0.9903 0.0000	</row0>
					<row1>	0.0000 1.0000 0.0000 0.0000	</row1>
					<row2>	0.9903 0.0000 -0.1392 0.0000	</row2>
					<row3>	0.2420 0.3336 -5.7486 1.0000	</row3>
				</transform>
			</node>
			<node>
				<identifier>	HP_BGB_3	</identifier>
				<transform>
					<row0>	-0.1392 0.0000 0.9903 0.0000	</row0>
					<row1>	0.0000 1.0000 0.0000 0.0000	</row1>
					<row2>	-0.9903 0.0000 -0.1392 0.0000	</row2>
					<row3>	-0.2420 0.3482 -6.4326 1.0000	</row3>
				</transform>
			</node>
			<node>
				<identifier>	HP_BGB_4	</identifier>
				<transform>
					<row0>	-0.1392 0.0000 -0.9903 0.0000	</row0>
					<row1>	0.0000 1.0000 0.0000 0.0000	</row1>
					<row2>	0.9903 0.0000 -0.1392 0.0000	</row2>
					<row3>	0.2420 0.3482 -6.4326 1.0000	</row3>
				</transform>
			</node>
			<node>
				<identifier>	HP_BGM_4	</identifier>
				<transform>
					<row0>	-1.0000 0.0000 0.0000 0.0000	</row0>
					<row1>	0.0000 1.0000 0.0000 0.0000	</row1>
					<row2>	0.0000 0.0000 -1.0000 0.0000	</row2>
					<row3>	0.0000 0.3755 -4.5790 1.0000	</row3>
				</transform>
			</node>
			<node>
				<identifier>	HP_FX_Fire_4	</identifier>
				<transform>
					<row0>	1.0000 0.0000 0.0000 0.0000	</row0>
					<row1>	0.0000 1.0000 0.0000 0.0000	</row1>
					<row2>	0.0000 0.0000 1.0000 0.0000	</row2>
					<row3>	0.0000 0.3591 -5.6248 1.0000	</row3>
				</transform>
			</node>
			<node>
				<identifier>	HP_FX_WakeTraceBack	</identifier>
				<transform>
					<row0>	1.0000 0.0000 0.0000 0.0000	</row0>
					<row1>	0.0000 1.0000 0.0000 0.0000	</row1>
					<row2>	0.0000 0.0000 1.0000 0.0000	</row2>
					<row3>	0.0000 0.0000 -6.7099 1.0000	</row3>
				</transform>
			</node>
			<node>
				<identifier>	HP_FX_WakeTrace_screw_1	</identifier>
				<transform>
					<row0>	1.0000 0.0000 0.0000 0.0000	</row0>
					<row1>	0.0000 1.0000 0.0000 0.0000	</row1>
					<row2>	0.0000 0.0000 1.0000 0.0000	</row2>
					<row3>	-0.5262 -0.3130 -4.5282 1.0000	</row3>
				</transform>
			</node>
			<node>
				<identifier>	HP_FX_WakeTrace_screw_2	</identifier>
				<transform>
					<row0>	1.0000 0.0000 0.0000 0.0000	</row0>
					<row1>	0.0000 1.0000 0.0000 0.0000	</row1>
					<row2>	0.0000 0.0000 1.0000 0.0000	</row2>
					<row3>	0.2575 -0.2851 -5.5749 1.0000	</row3>
				</transform>
			</node>
			<node>
				<identifier>	HP_FX_WakeTrace_screw_3	</identifier>
				<transform>
					<row0>	1.0000 0.0000 0.0000 0.0000	</row0>
					<row1>	0.0000 1.0000 0.0000 0.0000	</row1>
					<row2>	0.0000 0.0000 1.0000 0.0000	</row2>
					<row3>	0.5262 -0.3130 -4.5282 1.0000	</row3>
				</transform>
			</node>
			<node>
				<identifier>	HP_FX_WakeTrace_screw_4	</identifier>
				<transform>
					<row0>	1.0000 0.0000 0.0000 0.0000	</row0>
					<row1>	0.0000 1.0000 0.0000 0.0000	</row1>
					<row2>	0.0000 0.0000 1.0000 0.0000	</row2>
					<row3>	-0.2575 -0.2851 -5.5749 1.0000	</row3>
				</transform>
			</node>
			<node>
				<identifier>	HP_Ship_death_3	</identifier>
				<transform>
					<row0>	1.0000 0.0000 0.0000 0.0000	</row0>
					<row1>	0.0000 1.0000 0.0000 0.0000	</row1>
					<row2>	0.0000 0.0000 1.0000 0.0000	</row2>
					<row3>	0.0000 0.0000 -4.2156 1.0000	</row3>
				</transform>
			</node>
			<node>
				<identifier>	MP_BM004_Reels	</identifier>
				<transform>
					<row0>	0.5319 0.0237 -0.8465 0.0000	</row0>
					<row1>	-0.0316 0.9995 0.0081 0.0000	</row1>
					<row2>	0.8462 0.0225 0.5324 0.0000	</row2>
					<row3>	-0.2461 0.3176 -4.7055 1.0000	</row3>
				</transform>
			</node>
			<node>
				<identifier>	MP_BM004_Reels_INDEX_1	</identifier>
				<transform>
					<row0>	-0.1551 0.0132 0.9878 0.0000	</row0>
					<row1>	0.0361 0.9993 -0.0076 0.0000	</row1>
					<row2>	-0.9872 0.0345 -0.1555 0.0000	</row2>
					<row3>	0.2696 0.3177 -4.5228 1.0000	</row3>
				</transform>
			</node>
			<node>
				<identifier>	MP_BM009_Depth_Charge	</identifier>
				<transform>
					<row0>	0.9903 0.0000 -0.1392 0.0000	</row0>
					<row1>	-0.1392 0.0000 -0.9903 0.0000	</row1>
					<row2>	0.0000 1.0000 0.0000 0.0000	</row2>
					<row3>	0.2775 0.3620 -5.6653 1.0000	</row3>
				</transform>
			</node>
			<node>
				<identifier>	MP_BM009_Depth_Charge_INDEX_1	</identifier>
				<transform>
					<row0>	0.9903 0.0000 -0.1392 0.0000	</row0>
					<row1>	-0.1392 0.0000 -0.9903 0.0000	</row1>
					<row2>	0.0000 1.0000 0.0000 0.0000	</row2>
					<row3>	0.2775 0.3767 -6.3493 1.0000	</row3>
				</transform>
			</node>
			<node>
				<identifier>	MP_BM009_Depth_Charge_INDEX_2	</identifier>
				<transform>
					<row0>	0.9903 0.0000 -0.1392 0.0000	</row0>
					<row1>	-0.1392 0.0000 -0.9903 0.0000	</row1>
					<row2>	0.0000 1.0000 0.0000 0.0000	</row2>
					<row3>	0.2594 0.3807 -6.4781 1.0000	</row3>
				</transform>
			</node>
			<node>
				<identifier>	MP_BM009_Depth_Charge_INDEX_3	</identifier>
				<transform>
					<row0>	0.9903 0.0000 0.1392 0.0000	</row0>
					<row1>	0.1392 0.0000 -0.9903 0.0000	</row1>
					<row2>	0.0000 1.0000 0.0000 0.0000	</row2>
					<row3>	-0.2594 0.3660 -5.7940 1.0000	</row3>
				</transform>
			</node>
			<node>
				<identifier>	MP_BM009_Depth_Charge_INDEX_4	</identifier>
				<transform>
					<row0>	0.9903 0.0000 0.1392 0.0000	</row0>
					<row1>	0.1392 0.0000 -0.9903 0.0000	</row1>
					<row2>	0.0000 1.0000 0.0000 0.0000	</row2>
					<row3>	-0.2594 0.3807 -6.4781 1.0000	</row3>
				</transform>
			</node>
			<node>
				<identifier>	MP_BM009_Depth_Charge_INDEX_5	</identifier>
				<transform>
					<row0>	0.9903 0.0000 0.1392 0.0000	</row0>
					<row1>	0.1392 0.0000 -0.9903 0.0000	</row1>
					<row2>	0.0000 1.0000 0.0000 0.0000	</row2>
					<row3>	-0.2775 0.3767 -6.3493 1.0000	</row3>
				</transform>
			</node>
			<node>
				<identifier>	MP_BM009_Depth_Charge_INDEX_6	</identifier>
				<transform>
					<row0>	0.9903 0.0000 -0.1392 0.0000	</row0>
					<row1>	-0.1392 0.0000 -0.9903 0.0000	</row1>
					<row2>	0.0000 1.0000 0.0000 0.0000	</row2>
					<row3>	0.2594 0.3660 -5.7940 1.0000	</row3>
				</transform>
			</node>
			<node>
				<identifier>	MP_BM009_Depth_Charge_INDEX_7	</identifier>
				<transform>
					<row0>	0.9903 0.0000 0.1392 0.0000	</row0>
					<row1>	0.1392 0.0000 -0.9903 0.0000	</row1>
					<row2>	0.0000 1.0000 0.0000 0.0000	</row2>
					<row3>	-0.2775 0.3620 -5.6653 1.0000	</row3>
				</transform>
			</node>
			<node>
				<identifier>	MP_BM018_Depth_Charge_Stowage	</identifier>
				<transform>
					<row0>	0.9903 0.0000 -0.1392 0.0000	</row0>
					<row1>	0.0000 1.0000 0.0000 0.0000	</row1>
					<row2>	0.1392 0.0000 0.9903 0.0000	</row2>
					<row3>	0.2743 0.3302 -5.6882 1.0000	</row3>
				</transform>
			</node>
			<node>
				<identifier>	MP_BM018_Depth_Charge_Stowage_INDEX_1	</identifier>
				<transform>
					<row0>	0.9903 0.0000 -0.1392 0.0000	</row0>
					<row1>	0.0000 1.0000 0.0000 0.0000	</row1>
					<row2>	0.1392 0.0000 0.9903 0.0000	</row2>
					<row3>	0.2562 0.3342 -5.8169 1.0000	</row3>
				</transform>
			</node>
			<node>
				<identifier>	MP_BM018_Depth_Charge_Stowage_INDEX_2	</identifier>
				<transform>
					<row0>	0.9903 0.0000 -0.1392 0.0000	</row0>
					<row1>	0.0000 1.0000 0.0000 0.0000	</row1>
					<row2>	0.1392 0.0000 0.9903 0.0000	</row2>
					<row3>	0.2743 0.3449 -6.3721 1.0000	</row3>
				</transform>
			</node>
			<node>
				<identifier>	MP_BM018_Depth_Charge_Stowage_INDEX_3	</identifier>
				<transform>
					<row0>	0.9903 0.0000 0.1392 0.0000	</row0>
					<row1>	0.0000 1.0000 0.0000 0.0000	</row1>
					<row2>	-0.1392 0.0000 0.9903 0.0000	</row2>
					<row3>	-0.2562 0.3489 -6.5008 1.0000	</row3>
				</transform>
			</node>
			<node>
				<identifier>	MP_BM018_Depth_Charge_Stowage_INDEX_4	</identifier>
				<transform>
					<row0>	0.9903 0.0000 0.1392 0.0000	</row0>
					<row1>	0.0000 1.0000 0.0000 0.0000	</row1>
					<row2>	-0.1392 0.0000 0.9903 0.0000	</row2>
					<row3>	-0.2743 0.3449 -6.3721 1.0000	</row3>
				</transform>
			</node>
			<node>
				<identifier>	MP_BM018_Depth_Charge_Stowage_INDEX_5	</identifier>
				<transform>
					<row0>	0.9903 0.0000 0.1392 0.0000	</row0>
					<row1>	0.0000 1.0000 0.0000 0.0000	</row1>
					<row2>	-0.1392 0.0000 0.9903 0.0000	</row2>
					<row3>	-0.2562 0.3342 -5.8169 1.0000	</row3>
				</transform>
			</node>
			<node>
				<identifier>	MP_BM018_Depth_Charge_Stowage_INDEX_6	</identifier>
				<transform>
					<row0>	0.9903 0.0000 0.1392 0.0000	</row0>
					<row1>	0.0000 1.0000 0.0000 0.0000	</row1>
					<row2>	-0.1392 0.0000 0.9903 0.0000	</row2>
					<row3>	-0.2743 0.3302 -5.6882 1.0000	</row3>
				</transform>
			</node>
			<node>
				<identifier>	MP_BM018_Depth_Charge_Stowage_INDEX_7	</identifier>
				<transform>
					<row0>	0.9903 0.0000 -0.1392 0.0000	</row0>
					<row1>	0.0000 1.0000 0.0000 0.0000	</row1>
					<row2>	0.1392 0.0000 0.9903 0.0000	</row2>
					<row3>	0.2562 0.3489 -6.5008 1.0000	</row3>
				</transform>
			</node>
			<node>
				<identifier>	MP_BM019_Reels_1	</identifier>
				<transform>
					<row0>	0.9455 -0.0226 0.3250 0.0000	</row0>
					<row1>	0.0159 0.7998 0.0093 0.0000	</row1>
					<row2>	-0.2601 -0.0036 0.7565 0.0000	</row2>
					<row3>	0.0790 0.3195 -4.8617 1.0000	</row3>
				</transform>
			</node>
			<node>
				<identifier>	MP_BM021_Crown	</identifier>
				<transform>
					<row0>	1.0000 0.0000 0.0000 0.0000	</row0>
					<row1>	0.0000 0.9891 -0.1473 0.0000	</row1>
					<row2>	0.0000 0.1473 0.9891 0.0000	</row2>
					<row3>	0.0180 0.8753 -6.6894 1.0000	</row3>
				</transform>
			</node>
			<node>
				<identifier>	MP_BM506_Rubber_Boat	</identifier>
				<transform>
					<row0>	0.9950 0.0559 0.0823 0.0000	</row0>
					<row1>	-0.0557 0.9984 -0.0042 0.0000	</row1>
					<row2>	-0.0824 -0.0004 0.9966 0.0000	</row2>
					<row3>	-0.4289 0.3125 -4.8616 1.0000	</row3>
				</transform>
			</node>
			<node>
				<identifier>	MP_BM506_Rubber_Boat_INDEX_1	</identifier>
				<transform>
					<row0>	0.9950 -0.0559 -0.0823 0.0000	</row0>
					<row1>	0.0557 0.9984 -0.0042 0.0000	</row1>
					<row2>	0.0824 -0.0004 0.9966 0.0000	</row2>
					<row3>	0.4277 0.3125 -4.8616 1.0000	</row3>
				</transform>
			</node>
			<node>
				<identifier>	MP_BM506_Rubber_Boat_INDEX_2	</identifier>
				<transform>
					<row0>	0.9958 0.0559 0.0728 0.0000	</row0>
					<row1>	-0.0558 0.9984 -0.0037 0.0000	</row1>
					<row2>	-0.0729 -0.0004 0.9973 0.0000	</row2>
					<row3>	-0.4690 0.3102 -4.3983 1.0000	</row3>
				</transform>
			</node>
			<node>
				<identifier>	MP_BM506_Rubber_Boat_INDEX_3	</identifier>
				<transform>
					<row0>	0.9958 -0.0559 -0.0728 0.0000	</row0>
					<row1>	0.0558 0.9984 -0.0037 0.0000	</row1>
					<row2>	0.0729 -0.0004 0.9973 0.0000	</row2>
					<row3>	0.4690 0.3102 -4.3983 1.0000	</row3>
				</transform>
			</node>
			<node>
				<identifier>	MP_BM506_Rubber_Boat_INDEX_4	</identifier>
				<transform>
					<row0>	0.9959 0.0559 0.0711 0.0000	</row0>
					<row1>	-0.0558 0.9984 -0.0036 0.0000	</row1>
					<row2>	-0.0712 -0.0004 0.9975 0.0000	</row2>
					<row3>	-0.4494 0.3100 -4.6276 1.0000	</row3>
				</transform>
			</node>
			<node>
				<identifier>	MP_BM506_Rubber_Boat_INDEX_5	</identifier>
				<transform>
					<row0>	0.9959 -0.0559 -0.0711 0.0000	</row0>
					<row1>	0.0558 0.9984 -0.0036 0.0000	</row1>
					<row2>	0.0712 -0.0004 0.9975 0.0000	</row2>
					<row3>	0.4477 0.3100 -4.6269 1.0000	</row3>
				</transform>
			</node>
			<node>
				<identifier>	MP_BM700_Locker	</identifier>
				<transform>
					<row0>	0.0000 0.0000 -1.0000 0.0000	</row0>
					<row1>	0.0000 1.0000 0.0000 0.0000	</row1>
					<row2>	1.0000 0.0000 0.0000 0.0000	</row2>
					<row3>	0.0000 0.3487 -5.9940 1.0000	</row3>
				</transform>
			</node>
			<node>
				<identifier>	MP_BM708_Ammunition_Box	</identifier>
				<transform>
					<row0>	0.9998 -0.0200 0.0000 0.0000	</row0>
					<row1>	0.0199 0.9996 0.0197 0.0000	</row1>
					<row2>	-0.0004 -0.0197 0.9998 0.0000	</row2>
					<row3>	0.1625 0.3418 -5.9947 1.0000	</row3>
				</transform>
			</node>
			<node>
				<identifier>	MP_BM708_Ammunition_Box_INDEX_1	</identifier>
				<transform>
					<row0>	0.9998 0.0200 0.0000 0.0000	</row0>
					<row1>	-0.0199 0.9996 0.0197 0.0000	</row1>
					<row2>	0.0004 -0.0197 0.9998 0.0000	</row2>
					<row3>	-0.1625 0.3418 -5.9947 1.0000	</row3>
				</transform>
			</node>
			<node>
				<identifier>	MP_BM753_Deck_Hatch	</identifier>
				<transform>
					<row0>	0.0000 0.0000 -1.0000 0.0000	</row0>
					<row1>	0.0000 1.0000 0.0000 0.0000	</row1>
					<row2>	1.0000 0.0000 0.0000 0.0000	</row2>
					<row3>	-0.1229 0.3550 -6.4329 1.0000	</row3>
				</transform>
			</node>
			<node>
				<identifier>	MP_BM753_Deck_Hatch_INDEX_1	</identifier>
				<transform>
					<row0>	-1.0000 0.0000 0.0000 0.0000	</row0>
					<row1>	0.0000 1.0000 0.0000 0.0000	</row1>
					<row2>	0.0000 0.0000 -1.0000 0.0000	</row2>
					<row3>	-0.0429 0.3397 -5.6486 1.0000	</row3>
				</transform>
			</node>
			<node>
				<identifier>	MP_BM753_Deck_Hatch_INDEX_2	</identifier>
				<transform>
					<row0>	-1.0000 0.0000 0.0000 0.0000	</row0>
					<row1>	0.0000 1.0000 0.0000 0.0000	</row1>
					<row2>	0.0000 0.0000 -1.0000 0.0000	</row2>
					<row3>	-0.2043 0.3274 -4.9581 1.0000	</row3>
				</transform>
			</node>
			<node>
				<identifier>	MP_BM800_Ventilators_mushroom	</identifier>
				<transform>
					<row0>	-0.8000 0.0000 0.0000 0.0000	</row0>
					<row1>	0.0000 0.8000 0.0000 0.0000	</row1>
					<row2>	0.0000 0.0000 -0.8000 0.0000	</row2>
					<row3>	0.2102 0.3170 -4.8466 1.0000	</row3>
				</transform>
			</node>
			<node>
				<identifier>	MP_BM800_Ventilators_mushroom_INDEX_1	</identifier>
				<transform>
					<row0>	-0.8000 0.0000 0.0000 0.0000	</row0>
					<row1>	0.0000 0.8000 0.0000 0.0000	</row1>
					<row2>	0.0000 0.0000 -0.8000 0.0000	</row2>
					<row3>	-0.0561 0.3170 -4.8526 1.0000	</row3>
				</transform>
			</node>
			<node>
				<identifier>	MP_BM800_Ventilators_mushroom_INDEX_2	</identifier>
				<transform>
					<row0>	-0.8000 0.0000 0.0000 0.0000	</row0>
					<row1>	0.0000 0.8000 0.0000 0.0000	</row1>
					<row2>	0.0000 0.0000 -0.8000 0.0000	</row2>
					<row3>	0.0375 0.3468 -6.3737 1.0000	</row3>
				</transform>
			</node>
			<node>
				<identifier>	MP_BM800_Ventilators_mushroom_INDEX_3	</identifier>
				<transform>
					<row0>	-1.2000 0.0000 0.0000 0.0000	</row0>
					<row1>	0.0000 1.2000 0.0000 0.0000	</row1>
					<row2>	0.0000 0.0000 -1.2000 0.0000	</row2>
					<row3>	0.0411 0.3281 -5.4583 1.0000	</row3>
				</transform>
			</node>
			<node>
				<identifier>	MP_BM857_Fog_Light	</identifier>
				<transform>
					<row0>	-1.0000 0.0000 0.0000 0.0000	</row0>
					<row1>	0.0000 0.9997 0.0249 0.0000	</row1>
					<row2>	0.0000 0.0249 -0.9997 0.0000	</row2>
					<row3>	0.0000 0.4290 -6.6284 1.0000	</row3>
				</transform>
			</node>
			<node>
				<identifier>	MP_BM868_Screened_speed_light	</identifier>
				<transform>
					<row0>	0.5000 0.0000 0.0000 0.0000	</row0>
					<row1>	0.0000 0.5000 0.0000 0.0000	</row1>
					<row2>	0.0000 0.0000 0.5000 0.0000	</row2>
					<row3>	0.0183 0.5759 -6.6577 1.0000	</row3>
				</transform>
			</node>
			<node>
				<identifier>	MP_BM872_Running_Lights_B	</identifier>
				<transform>
					<row0>	-1.0000 0.0000 0.0000 0.0000	</row0>
					<row1>	0.0000 1.0000 0.0000 0.0000	</row1>
					<row2>	0.0000 0.0000 -1.0000 0.0000	</row2>
					<row3>	0.0000 0.6152 -6.6614 1.0000	</row3>
				</transform>
			</node>
			<node>
				<identifier>	MP_BM952_Bollard	</identifier>
				<transform>
					<row0>	0.9870 0.0511 0.1525 0.0000	</row0>
					<row1>	-0.0532 0.9985 0.0095 0.0000	</row1>
					<row2>	-0.1518 -0.0175 0.9883 0.0000	</row2>
					<row3>	-0.3964 0.3253 -5.5109 1.0000	</row3>
				</transform>
			</node>
			<node>
				<identifier>	MP_BM952_Bollard_INDEX_1	</identifier>
				<transform>
					<row0>	0.9870 -0.0511 -0.1525 0.0000	</row0>
					<row1>	0.0532 0.9985 0.0095 0.0000	</row1>
					<row2>	0.1518 -0.0175 0.9883 0.0000	</row2>
					<row3>	0.3964 0.3253 -5.5109 1.0000	</row3>
				</transform>
			</node>
			<node>
				<identifier>	MP_BM963_Anchor_Capstan_Stern	</identifier>
				<transform>
					<row0>	-1.0000 0.0000 0.0000 0.0000	</row0>
					<row1>	0.0000 1.0000 0.0000 0.0000	</row1>
					<row2>	0.0000 0.0000 -1.0000 0.0000	</row2>
					<row3>	0.2441 0.3344 -5.3956 1.0000	</row3>
				</transform>
			</node>
			<node>
				<identifier>	MP_BM963_Anchor_Capstan_Stern_INDEX_1	</identifier>
				<transform>
					<row0>	-1.0000 0.0000 0.0000 0.0000	</row0>
					<row1>	0.0000 1.0000 0.0000 0.0000	</row1>
					<row2>	0.0000 0.0000 -1.0000 0.0000	</row2>
					<row3>	-0.2441 0.3344 -5.3956 1.0000	</row3>
				</transform>
			</node>
			<node>
				<identifier>	MP_CM002_Propeller4_L	</identifier>
				<transform>
					<row0>	0.9464 0.0000 -0.0266 0.0000	</row0>
					<row1>	-0.0008 0.9464 -0.0272 0.0000	</row1>
					<row2>	0.0266 0.0272 0.9460 0.0000	</row2>
					<row3>	-0.5262 -0.3130 -4.5282 1.0000	</row3>
				</transform>
			</node>
			<node>
				<identifier>	MP_CM002_Propeller4_L_INDEX_1	</identifier>
				<transform>
					<row0>	0.9468 0.0000 0.0010 0.0000	</row0>
					<row1>	0.0000 0.9465 -0.0230 0.0000	</row1>
					<row2>	-0.0010 0.0230 0.9465 0.0000	</row2>
					<row3>	-0.2575 -0.2851 -5.5749 1.0000	</row3>
				</transform>
			</node>
			<node>
				<identifier>	MP_CM011_Fire_Fighting_Gear	</identifier>
				<transform>
					<row0>	0.0000 0.0000 1.0000 0.0000	</row0>
					<row1>	0.0000 1.0000 0.0000 0.0000	</row1>
					<row2>	-1.0000 0.0000 0.0000 0.0000	</row2>
					<row3>	0.2344 0.3232 -4.7153 1.0000	</row3>
				</transform>
			</node>
			<node>
				<identifier>	MP_CM011_Fire_Fighting_Gear_INDEX_1	</identifier>
				<transform>
					<row0>	-1.0000 0.0000 0.0000 0.0000	</row0>
					<row1>	0.0000 1.0000 0.0000 0.0000	</row1>
					<row2>	0.0000 0.0000 -1.0000 0.0000	</row2>
					<row3>	0.0481 0.3438 -5.8826 1.0000	</row3>
				</transform>
			</node>
			<node>
				<identifier>	MP_CM013_Fire_Hose_Rack_2	</identifier>
				<transform>
					<row0>	-0.9239 0.0000 0.3827 0.0000	</row0>
					<row1>	0.0000 1.0000 0.0000 0.0000	</row1>
					<row2>	-0.3827 0.0000 -0.9239 0.0000	</row2>
					<row3>	0.2174 0.3512 -4.6762 1.0000	</row3>
				</transform>
			</node>
			<node>
				<identifier>	MP_CM013_Fire_Hose_Rack_2_INDEX_1	</identifier>
				<transform>
					<row0>	-0.3361 0.0000 -0.9418 0.0000	</row0>
					<row1>	0.0000 1.0000 0.0000 0.0000	</row1>
					<row2>	0.9418 0.0000 -0.3361 0.0000	</row2>
					<row3>	0.0853 0.3942 -5.9171 1.0000	</row3>
				</transform>
			</node>
			<node>
				<identifier>	MP_CM029_Emergency_Box	</identifier>
				<transform>
					<row0>	-0.9425 0.0000 0.3341 0.0000	</row0>
					<row1>	0.0000 1.0000 -0.0001 0.0000	</row1>
					<row2>	-0.3341 -0.0002 -0.9425 0.0000	</row2>
					<row3>	0.1299 0.3831 -5.9269 1.0000	</row3>
				</transform>
			</node>
			<node>
				<identifier>	MP_CM029_Emergency_Box_INDEX_1	</identifier>
				<transform>
					<row0>	-0.9425 0.0000 -0.3341 0.0000	</row0>
					<row1>	0.0000 1.0000 -0.0001 0.0000	</row1>
					<row2>	0.3341 -0.0002 -0.9425 0.0000	</row2>
					<row3>	-0.0686 0.3831 -5.9044 1.0000	</row3>
				</transform>
			</node>
			<node>
				<identifier>	MP_CM033_Propeller4_R	</identifier>
				<transform>
					<row0>	0.9468 0.0000 -0.0010 0.0000	</row0>
					<row1>	0.0000 0.9465 -0.0230 0.0000	</row1>
					<row2>	0.0010 0.0230 0.9465 0.0000	</row2>
					<row3>	0.2575 -0.2851 -5.5749 1.0000	</row3>
				</transform>
			</node>
			<node>
				<identifier>	MP_CM033_Propeller4_R_INDEX_1	</identifier>
				<transform>
					<row0>	0.9464 0.0000 0.0266 0.0000	</row0>
					<row1>	0.0008 0.9464 -0.0272 0.0000	</row1>
					<row2>	-0.0266 0.0272 0.9460 0.0000	</row2>
					<row3>	0.5262 -0.3130 -4.5282 1.0000	</row3>
				</transform>
			</node>
			<node>
				<identifier>	MP_CM059_Ladder_Cruiser	</identifier>
				<transform>
					<row0>	0.9922 -0.0619 -0.1078 0.0000	</row0>
					<row1>	0.0651 0.9975 0.0264 0.0000	</row1>
					<row2>	0.1059 -0.0332 0.9938 0.0000	</row2>
					<row3>	0.3778 0.3282 -5.7785 1.0000	</row3>
				</transform>
			</node>
			<node>
				<identifier>	MP_CM059_Ladder_Cruiser_INDEX_1	</identifier>
				<transform>
					<row0>	0.9926 0.0619 0.1049 0.0000	</row0>
					<row1>	-0.0650 0.9975 0.0266 0.0000	</row1>
					<row2>	-0.1030 -0.0332 0.9941 0.0000	</row2>
					<row3>	-0.3659 0.3278 -5.7797 1.0000	</row3>
				</transform>
			</node>
			<node>
				<identifier>	MP_CM104_Life_Buoy	</identifier>
				<transform>
					<row0>	0.0887 0.0000 0.9961 0.0000	</row0>
					<row1>	0.0000 1.0000 0.0000 0.0000	</row1>
					<row2>	-0.9961 0.0000 0.0887 0.0000	</row2>
					<row3>	0.5960 0.3591 -4.4915 1.0000	</row3>
				</transform>
			</node>
			<node>
				<identifier>	MP_CM104_Life_Buoy_INDEX_1	</identifier>
				<transform>
					<row0>	0.0887 0.0000 -0.9961 0.0000	</row0>
					<row1>	0.0000 1.0000 0.0000 0.0000	</row1>
					<row2>	0.9961 0.0000 0.0887 0.0000	</row2>
					<row3>	-0.5960 0.3591 -4.4915 1.0000	</row3>
				</transform>
			</node>
			<node>
				<identifier>	SP_YMS011_YHWL_M_1_INDEX_12	</identifier>
				<transform>
					<row0>	0.9464 0.2994 0.1213 0.0000	</row0>
					<row1>	-0.2980 0.9541 -0.0303 0.0000	</row1>
					<row2>	-0.1248 -0.0075 0.9922 0.0000	</row2>
					<row3>	-0.5341 0.0000 -4.8503 1.0000	</row3>
				</transform>
			</node>
			<node>
				<identifier>	SP_YMS011_YHWL_M_1_INDEX_13	</identifier>
				<transform>
					<row0>	0.8878 0.4391 0.1381 0.0000	</row0>
					<row1>	-0.4329 0.8984 -0.0732 0.0000	</row1>
					<row2>	-0.1562 0.0052 0.9877 0.0000	</row2>
					<row3>	-0.4098 0.0000 -5.6811 1.0000	</row3>
				</transform>
			</node>
			<node>
				<identifier>	SP_YMS012_YHWR_M_1_INDEX_12	</identifier>
				<transform>
					<row0>	0.9464 -0.2994 -0.1213 0.0000	</row0>
					<row1>	0.2980 0.9541 -0.0303 0.0000	</row1>
					<row2>	0.1248 -0.0075 0.9922 0.0000	</row2>
					<row3>	0.5341 0.0000 -4.8503 1.0000	</row3>
				</transform>
			</node>
			<node>
				<identifier>	SP_YMS012_YHWR_M_1_INDEX_13	</identifier>
				<transform>
					<row0>	0.8878 -0.4391 -0.1381 0.0000	</row0>
					<row1>	0.4329 0.8984 -0.0732 0.0000	</row1>
					<row2>	0.1562 0.0052 0.9877 0.0000	</row2>
					<row3>	0.4098 0.0000 -5.6811 1.0000	</row3>
				</transform>
			</node>
			<node>
				<identifier>	SP_YMS023_YHUC_L_1	</identifier>
				<transform>
					<row0>	0.5526 0.0000 -0.0155 0.0000	</row0>
					<row1>	-0.0004 0.5526 -0.0159 0.0000	</row1>
					<row2>	0.0155 0.0159 0.5524 0.0000	</row2>
					<row3>	-0.5262 -0.3130 -4.5282 1.0000	</row3>
				</transform>
			</node>
			<node>
				<identifier>	SP_YMS023_YHUC_L_1_INDEX_1	</identifier>
				<transform>
					<row0>	0.5526 0.0000 0.0155 0.0000	</row0>
					<row1>	0.0004 0.5526 -0.0159 0.0000	</row1>
					<row2>	-0.0155 0.0159 0.5524 0.0000	</row2>
					<row3>	0.5262 -0.3130 -4.5282 1.0000	</row3>
				</transform>
			</node>
			<node>
				<identifier>	SP_YMS023_YHUC_L_1_INDEX_2	</identifier>
				<transform>
					<row0>	0.5156 0.0000 0.0005 0.0000	</row0>
					<row1>	0.0000 0.5154 -0.0125 0.0000	</row1>
					<row2>	-0.0005 0.0125 0.5154 0.0000	</row2>
					<row3>	-0.2575 -0.2851 -5.5749 1.0000	</row3>
				</transform>
			</node>
			<node>
				<identifier>	SP_YMS023_YHUC_L_1_INDEX_3	</identifier>
				<transform>
					<row0>	0.5156 0.0000 -0.0005 0.0000	</row0>
					<row1>	0.0000 0.5154 -0.0125 0.0000	</row1>
					<row2>	0.0005 0.0125 0.5154 0.0000	</row2>
					<row3>	0.2575 -0.2851 -5.5749 1.0000	</row3>
				</transform>
			</node>
			<node>
				<identifier>	SP_YMS030_YHAM_M_1	</identifier>
				<transform>
					<row0>	0.8050 0.0000 0.0000 0.0000	</row0>
					<row1>	0.0000 0.8050 0.0000 0.0000	</row1>
					<row2>	0.0000 0.0000 0.8050 0.0000	</row2>
					<row3>	0.0000 0.2386 -6.7007 1.0000	</row3>
				</transform>
			</node>
			<node>
				<identifier>	SP_YMS031_YHAL_M_1	</identifier>
				<transform>
					<row0>	0.9955 0.0000 0.0949 0.0000	</row0>
					<row1>	0.0000 1.0000 0.0000 0.0000	</row1>
					<row2>	-0.0949 0.0000 0.9955 0.0000	</row2>
					<row3>	-0.3811 0.2085 -6.3749 1.0000	</row3>
				</transform>
			</node>
			<node>
				<identifier>	SP_YMS032_YHAR_M_1	</identifier>
				<transform>
					<row0>	0.9955 0.0000 -0.0949 0.0000	</row0>
					<row1>	0.0000 1.0000 0.0000 0.0000	</row1>
					<row2>	0.0949 0.0000 0.9955 0.0000	</row2>
					<row3>	0.3811 0.2085 -6.3749 1.0000	</row3>
				</transform>
			</node>
			<node>
				<identifier>	SP_YMS053_YHDC_S_1_INDEX_10	</identifier>
				<transform>
					<row0>	0.8555 -0.0489 0.0000 0.0000	</row0>
					<row1>	0.0489 0.8555 0.0000 0.0000	</row1>
					<row2>	0.0000 0.0000 0.8569 0.0000	</row2>
					<row3>	0.2958 0.3365 -5.1709 1.0000	</row3>
				</transform>
			</node>
			<node>
				<identifier>	SP_YMS053_YHDC_S_1_INDEX_9	</identifier>
				<transform>
					<row0>	0.8555 0.0489 0.0000 0.0000	</row0>
					<row1>	-0.0489 0.8555 0.0000 0.0000	</row1>
					<row2>	0.0000 0.0000 0.8569 0.0000	</row2>
					<row3>	-0.2958 0.3365 -5.1709 1.0000	</row3>
				</transform>
			</node>
			<node>
				<identifier>	SP_YMS080_YHSL_M_1_INDEX_2	</identifier>
				<transform>
					<row0>	0.7434 0.0801 0.0902 0.0000	</row0>
					<row1>	-0.0796 0.7488 -0.0097 0.0000	</row1>
					<row2>	-0.0907 0.0000 0.7476 0.0000	</row2>
					<row3>	-0.5291 0.1962 -5.1738 1.0000	</row3>
				</transform>
			</node>
			<node>
				<identifier>	SP_YMS081_YHSR_M_1_INDEX_2	</identifier>
				<transform>
					<row0>	0.7434 -0.0801 -0.0902 0.0000	</row0>
					<row1>	0.0796 0.7488 -0.0097 0.0000	</row1>
					<row2>	0.0907 0.0000 0.7476 0.0000	</row2>
					<row3>	0.5291 0.1962 -5.1738 1.0000	</row3>
				</transform>
			</node>
		</node>
	</node>
	<boundingBox>
		<min>	-0.0667 -0.0667 -0.0667	</min>
		<max>	0.0667 0.0667 0.0667	</max>
	</boundingBox>
</BSC016_Neptune_1947_Stern_ports.visual>
