<ZSB001_Bajie_1945_Bow_ports.visual>
	<node>
		<identifier>	Scene Root	</identifier>
		<transform>
			<row0>	1.0000 0.0000 0.0000 0.0000	</row0>
			<row1>	0.0000 1.0000 0.0000 0.0000	</row1>
			<row2>	0.0000 0.0000 1.0000 0.0000	</row2>
			<row3>	0.0000 0.0000 0.0000 1.0000	</row3>
		</transform>
		<node>
			<identifier>	Bow_ports	</identifier>
			<transform>
				<row0>	1.0000 0.0000 0.0000 0.0000	</row0>
				<row1>	0.0000 1.0000 0.0000 0.0000	</row1>
				<row2>	0.0000 0.0000 1.0000 0.0000	</row2>
				<row3>	0.0000 0.0000 0.0000 1.0000	</row3>
			</transform>
			<node>
				<identifier>	HP_FX_Death_1	</identifier>
				<transform>
					<row0>	1.0000 0.0000 0.0000 0.0000	</row0>
					<row1>	0.0000 1.0000 0.0000 0.0000	</row1>
					<row2>	0.0000 0.0000 1.0000 0.0000	</row2>
					<row3>	0.0000 0.0000 4.8503 1.0000	</row3>
				</transform>
			</node>
			<node>
				<identifier>	HP_FX_Fire_1	</identifier>
				<transform>
					<row0>	1.0000 0.0000 0.0000 0.0000	</row0>
					<row1>	0.0000 1.0000 0.0000 0.0000	</row1>
					<row2>	0.0000 0.0000 1.0000 0.0000	</row2>
					<row3>	0.0000 0.4421 6.2614 1.0000	</row3>
				</transform>
			</node>
			<node>
				<identifier>	HP_FX_WakeTrace	</identifier>
				<transform>
					<row0>	1.0000 0.0000 0.0000 0.0000	</row0>
					<row1>	0.0000 1.0000 0.0000 0.0000	</row1>
					<row2>	0.0000 0.0000 1.0000 0.0000	</row2>
					<row3>	0.0000 0.0000 8.4858 1.0000	</row3>
				</transform>
			</node>
			<node>
				<identifier>	HP_Ship_death_1	</identifier>
				<transform>
					<row0>	1.0000 0.0000 0.0000 0.0000	</row0>
					<row1>	0.0000 1.0000 0.0000 0.0000	</row1>
					<row2>	0.0000 0.0000 1.0000 0.0000	</row2>
					<row3>	0.0000 0.0000 4.8503 1.0000	</row3>
				</transform>
			</node>
			<node>
				<identifier>	HP_ZGA_1	</identifier>
				<transform>
					<row0>	0.7071 0.0000 0.7071 0.0000	</row0>
					<row1>	0.0000 1.0000 0.0000 0.0000	</row1>
					<row2>	-0.7071 0.0000 0.7071 0.0000	</row2>
					<row3>	-0.6162 0.5102 6.0579 1.0000	</row3>
				</transform>
			</node>
			<node>
				<identifier>	HP_ZGA_10	</identifier>
				<transform>
					<row0>	0.7071 0.0000 -0.7071 0.0000	</row0>
					<row1>	0.0000 1.0000 0.0000 0.0000	</row1>
					<row2>	0.7071 0.0000 0.7071 0.0000	</row2>
					<row3>	0.3100 0.4827 5.0861 1.0000	</row3>
				</transform>
			</node>
			<node>
				<identifier>	HP_ZGA_11	</identifier>
				<transform>
					<row0>	0.7071 0.0000 0.7071 0.0000	</row0>
					<row1>	0.0000 1.0000 0.0000 0.0000	</row1>
					<row2>	-0.7071 0.0000 0.7071 0.0000	</row2>
					<row3>	-0.8081 0.4797 4.7794 1.0000	</row3>
				</transform>
			</node>
			<node>
				<identifier>	HP_ZGA_12	</identifier>
				<transform>
					<row0>	0.7071 0.0000 -0.7071 0.0000	</row0>
					<row1>	0.0000 1.0000 0.0000 0.0000	</row1>
					<row2>	0.7071 0.0000 0.7071 0.0000	</row2>
					<row3>	0.8081 0.4797 4.7794 1.0000	</row3>
				</transform>
			</node>
			<node>
				<identifier>	HP_ZGA_13	</identifier>
				<transform>
					<row0>	0.7071 0.0000 0.7071 0.0000	</row0>
					<row1>	0.0000 1.0000 0.0000 0.0000	</row1>
					<row2>	-0.7071 0.0000 0.7071 0.0000	</row2>
					<row3>	-0.5091 0.4764 4.6759 1.0000	</row3>
				</transform>
			</node>
			<node>
				<identifier>	HP_ZGA_14	</identifier>
				<transform>
					<row0>	0.7071 0.0000 -0.7071 0.0000	</row0>
					<row1>	0.0000 1.0000 0.0000 0.0000	</row1>
					<row2>	0.7071 0.0000 0.7071 0.0000	</row2>
					<row3>	0.5091 0.4764 4.6759 1.0000	</row3>
				</transform>
			</node>
			<node>
				<identifier>	HP_ZGA_2	</identifier>
				<transform>
					<row0>	0.7071 0.0000 -0.7071 0.0000	</row0>
					<row1>	0.0000 1.0000 0.0000 0.0000	</row1>
					<row2>	0.7071 0.0000 0.7071 0.0000	</row2>
					<row3>	0.6162 0.5102 6.0579 1.0000	</row3>
				</transform>
			</node>
			<node>
				<identifier>	HP_ZGA_3	</identifier>
				<transform>
					<row0>	0.7071 0.0000 0.7071 0.0000	</row0>
					<row1>	0.0000 1.0000 0.0000 0.0000	</row1>
					<row2>	-0.7071 0.0000 0.7071 0.0000	</row2>
					<row3>	-0.6489 0.5047 5.8579 1.0000	</row3>
				</transform>
			</node>
			<node>
				<identifier>	HP_ZGA_4	</identifier>
				<transform>
					<row0>	0.7071 0.0000 -0.7071 0.0000	</row0>
					<row1>	0.0000 1.0000 0.0000 0.0000	</row1>
					<row2>	0.7071 0.0000 0.7071 0.0000	</row2>
					<row3>	0.6489 0.5047 5.8579 1.0000	</row3>
				</transform>
			</node>
			<node>
				<identifier>	HP_ZGA_5	</identifier>
				<transform>
					<row0>	0.7071 0.0000 0.7071 0.0000	</row0>
					<row1>	0.0000 1.0000 0.0000 0.0000	</row1>
					<row2>	-0.7071 0.0000 0.7071 0.0000	</row2>
					<row3>	-0.7040 0.4955 5.4979 1.0000	</row3>
				</transform>
			</node>
			<node>
				<identifier>	HP_ZGA_6	</identifier>
				<transform>
					<row0>	0.7071 0.0000 -0.7071 0.0000	</row0>
					<row1>	0.0000 1.0000 0.0000 0.0000	</row1>
					<row2>	0.7071 0.0000 0.7071 0.0000	</row2>
					<row3>	0.7040 0.4955 5.4979 1.0000	</row3>
				</transform>
			</node>
			<node>
				<identifier>	HP_ZGA_7	</identifier>
				<transform>
					<row0>	0.7071 0.0000 0.7071 0.0000	</row0>
					<row1>	0.0000 1.0000 0.0000 0.0000	</row1>
					<row2>	-0.7071 0.0000 0.7071 0.0000	</row2>
					<row3>	-0.7352 0.4902 5.2979 1.0000	</row3>
				</transform>
			</node>
			<node>
				<identifier>	HP_ZGA_8	</identifier>
				<transform>
					<row0>	0.7071 0.0000 -0.7071 0.0000	</row0>
					<row1>	0.0000 1.0000 0.0000 0.0000	</row1>
					<row2>	0.7071 0.0000 0.7071 0.0000	</row2>
					<row3>	0.7352 0.4902 5.2979 1.0000	</row3>
				</transform>
			</node>
			<node>
				<identifier>	HP_ZGA_9	</identifier>
				<transform>
					<row0>	0.7071 0.0000 0.7071 0.0000	</row0>
					<row1>	0.0000 1.0000 0.0000 0.0000	</row1>
					<row2>	-0.7071 0.0000 0.7071 0.0000	</row2>
					<row3>	-0.3100 0.4827 5.0861 1.0000	</row3>
				</transform>
			</node>
			<node>
				<identifier>	MP_CM086_Anchor_top	</identifier>
				<transform>
					<row0>	0.0374 -0.6457 -1.5722 0.0000	</row0>
					<row1>	-0.1028 1.5688 -0.6467 0.0000	</row1>
					<row2>	1.6965 0.1093 -0.0045 0.0000	</row2>
					<row3>	0.1546 0.3965 8.4164 1.0000	</row3>
				</transform>
			</node>
			<node>
				<identifier>	MP_CM086_Anchor_top_INDEX_1	</identifier>
				<transform>
					<row0>	-0.0374 -0.6457 -1.5722 0.0000	</row0>
					<row1>	0.1028 1.5688 -0.6467 0.0000	</row1>
					<row2>	1.6965 -0.1093 0.0045 0.0000	</row2>
					<row3>	-0.1546 0.3965 8.4164 1.0000	</row3>
				</transform>
			</node>
			<node>
				<identifier>	MP_CM087_Anchor_down	</identifier>
				<transform>
					<row0>	-0.0666 0.6641 1.5635 0.0000	</row0>
					<row1>	-0.3615 1.5233 -0.6625 0.0000	</row1>
					<row2>	-1.6598 -0.3584 0.0815 0.0000	</row2>
					<row3>	-0.1579 0.3907 8.4201 1.0000	</row3>
				</transform>
			</node>
			<node>
				<identifier>	MP_CM087_Anchor_down_INDEX_1	</identifier>
				<transform>
					<row0>	-0.0666 -0.6641 -1.5635 0.0000	</row0>
					<row1>	0.3615 1.5233 -0.6625 0.0000	</row1>
					<row2>	1.6598 -0.3584 0.0815 0.0000	</row2>
					<row3>	0.1579 0.3907 8.4201 1.0000	</row3>
				</transform>
			</node>
			<node>
				<identifier>	MP_JM022_Ventilators_6	</identifier>
				<transform>
					<row0>	0.9000 0.0000 0.0000 0.0000	</row0>
					<row1>	0.0000 0.9000 0.0000 0.0000	</row1>
					<row2>	0.0000 0.0000 0.9000 0.0000	</row2>
					<row3>	0.0625 0.5000 5.7838 1.0000	</row3>
				</transform>
			</node>
			<node>
				<identifier>	MP_JM022_Ventilators_6_INDEX_1	</identifier>
				<transform>
					<row0>	0.9000 0.0000 0.0000 0.0000	</row0>
					<row1>	0.0000 0.9000 0.0000 0.0000	</row1>
					<row2>	0.0000 0.0000 0.9000 0.0000	</row2>
					<row3>	-0.0625 0.5000 5.7838 1.0000	</row3>
				</transform>
			</node>
			<node>
				<identifier>	MP_JM029_Leadsman_Platform	</identifier>
				<transform>
					<row0>	-0.9908 0.0044 0.1352 0.0000	</row0>
					<row1>	0.0023 0.9999 -0.0160 0.0000	</row1>
					<row2>	-0.1352 -0.0156 -0.9907 0.0000	</row2>
					<row3>	-0.9161 0.4753 4.6888 1.0000	</row3>
				</transform>
			</node>
			<node>
				<identifier>	MP_JM029_Leadsman_Platform_INDEX_1	</identifier>
				<transform>
					<row0>	-0.9659 0.0049 0.2588 0.0000	</row0>
					<row1>	-0.0002 0.9998 -0.0195 0.0000	</row1>
					<row2>	-0.2589 -0.0188 -0.9657 0.0000	</row2>
					<row3>	-0.2157 0.5839 8.5506 1.0000	</row3>
				</transform>
			</node>
			<node>
				<identifier>	MP_JM029_Leadsman_Platform_INDEX_2	</identifier>
				<transform>
					<row0>	0.9909 0.0025 0.1349 0.0000	</row0>
					<row1>	-0.0003 0.9999 -0.0166 0.0000	</row1>
					<row2>	-0.1349 0.0165 0.9907 0.0000	</row2>
					<row3>	0.9162 0.4753 4.6888 1.0000	</row3>
				</transform>
			</node>
			<node>
				<identifier>	MP_JM029_Leadsman_Platform_INDEX_3	</identifier>
				<transform>
					<row0>	0.9684 0.0049 0.2493 0.0000	</row0>
					<row1>	0.0000 0.9998 -0.0196 0.0000	</row1>
					<row2>	-0.2494 0.0190 0.9682 0.0000	</row2>
					<row3>	0.2157 0.5839 8.5506 1.0000	</row3>
				</transform>
			</node>
			<node>
				<identifier>	MP_JM125_Signal_Lamp_3	</identifier>
				<transform>
					<row0>	1.0000 0.0000 0.0000 0.0000	</row0>
					<row1>	0.0000 1.0000 0.0000 0.0000	</row1>
					<row2>	0.0000 0.0000 1.0000 0.0000	</row2>
					<row3>	0.0000 1.0634 8.9591 1.0000	</row3>
				</transform>
			</node>
			<node>
				<identifier>	MP_JM141_Break_Handwheel_1	</identifier>
				<transform>
					<row0>	1.0000 0.0000 0.0000 0.0000	</row0>
					<row1>	0.0000 1.0000 0.0000 0.0000	</row1>
					<row2>	0.0000 0.0000 1.0000 0.0000	</row2>
					<row3>	-0.2047 0.5390 6.2885 1.0000	</row3>
				</transform>
			</node>
			<node>
				<identifier>	MP_JM141_Break_Handwheel_1_INDEX_1	</identifier>
				<transform>
					<row0>	0.9893 0.0000 0.1456 0.0000	</row0>
					<row1>	0.0000 1.0000 0.0000 0.0000	</row1>
					<row2>	-0.1456 0.0000 0.9893 0.0000	</row2>
					<row3>	-0.0916 0.5258 6.6279 1.0000	</row3>
				</transform>
			</node>
			<node>
				<identifier>	MP_JM141_Break_Handwheel_1_INDEX_2	</identifier>
				<transform>
					<row0>	0.8766 0.0000 -0.4812 0.0000	</row0>
					<row1>	0.0000 1.0000 0.0000 0.0000	</row1>
					<row2>	0.4812 0.0000 0.8766 0.0000	</row2>
					<row3>	0.2047 0.5390 6.2885 1.0000	</row3>
				</transform>
			</node>
			<node>
				<identifier>	MP_JM141_Break_Handwheel_1_INDEX_3	</identifier>
				<transform>
					<row0>	0.9893 0.0000 -0.1456 0.0000	</row0>
					<row1>	0.0000 1.0000 0.0000 0.0000	</row1>
					<row2>	0.1456 0.0000 0.9893 0.0000	</row2>
					<row3>	0.0916 0.5258 6.6279 1.0000	</row3>
				</transform>
			</node>
			<node>
				<identifier>	MP_ZM078_Gun_Deck_1	</identifier>
				<transform>
					<row0>	0.0000 0.0174 1.0295 0.0000	</row0>
					<row1>	0.0000 1.0295 -0.0174 0.0000	</row1>
					<row2>	-1.0296 0.0000 0.0000 0.0000	</row2>
					<row3>	0.5781 0.4766 4.6770 1.0000	</row3>
				</transform>
			</node>
			<node>
				<identifier>	MP_ZM078_Gun_Deck_1_INDEX_1	</identifier>
				<transform>
					<row0>	0.0000 0.0196 1.0294 0.0000	</row0>
					<row1>	0.0000 1.0294 -0.0196 0.0000	</row1>
					<row2>	-1.0296 0.0000 0.0000 0.0000	</row2>
					<row3>	0.3790 0.4836 5.0868 1.0000	</row3>
				</transform>
			</node>
			<node>
				<identifier>	MP_ZM078_Gun_Deck_1_INDEX_2	</identifier>
				<transform>
					<row0>	0.0000 -0.0196 -1.0294 0.0000	</row0>
					<row1>	0.0000 1.0294 -0.0196 0.0000	</row1>
					<row2>	1.0296 0.0000 0.0000 0.0000	</row2>
					<row3>	-0.3790 0.4836 5.0868 1.0000	</row3>
				</transform>
			</node>
			<node>
				<identifier>	MP_ZM768_Hatch	</identifier>
				<transform>
					<row0>	1.0000 0.0000 0.0000 0.0000	</row0>
					<row1>	0.0000 0.9999 -0.0160 0.0000	</row1>
					<row2>	0.0000 0.0160 0.9999 0.0000	</row2>
					<row3>	0.0782 0.4782 4.7713 1.0000	</row3>
				</transform>
			</node>
			<node>
				<identifier>	MP_ZM768_Hatch_INDEX_1	</identifier>
				<transform>
					<row0>	0.3330 -0.0248 -0.9426 0.0000	</row0>
					<row1>	0.0082 0.9997 -0.0234 0.0000	</row1>
					<row2>	0.9429 0.0000 0.3331 0.0000	</row2>
					<row3>	0.6353 0.4910 5.3566 1.0000	</row3>
				</transform>
			</node>
			<node>
				<identifier>	MP_ZM768_Hatch_INDEX_10	</identifier>
				<transform>
					<row0>	0.0000 -0.0120 -0.9999 0.0000	</row0>
					<row1>	0.0000 0.9999 -0.0120 0.0000	</row1>
					<row2>	1.0000 0.0000 0.0000 0.0000	</row2>
					<row3>	0.6888 0.4777 4.7223 1.0000	</row3>
				</transform>
			</node>
			<node>
				<identifier>	MP_ZM768_Hatch_INDEX_11	</identifier>
				<transform>
					<row0>	0.0000 -0.0253 -0.9997 0.0000	</row0>
					<row1>	0.0000 0.9997 -0.0253 0.0000	</row1>
					<row2>	1.0000 0.0000 0.0000 0.0000	</row2>
					<row3>	0.1697 0.4862 5.1909 1.0000	</row3>
				</transform>
			</node>
			<node>
				<identifier>	MP_ZM768_Hatch_INDEX_12	</identifier>
				<transform>
					<row0>	0.3330 0.0248 0.9426 0.0000	</row0>
					<row1>	-0.0082 0.9997 -0.0234 0.0000	</row1>
					<row2>	-0.9429 0.0000 0.3331 0.0000	</row2>
					<row3>	-0.5578 0.4964 5.5725 1.0000	</row3>
				</transform>
			</node>
			<node>
				<identifier>	MP_ZM768_Hatch_INDEX_13	</identifier>
				<transform>
					<row0>	-0.3203 0.0205 0.9471 0.0000	</row0>
					<row1>	0.0066 0.9998 -0.0194 0.0000	</row1>
					<row2>	-0.9473 0.0000 -0.3203 0.0000	</row2>
					<row3>	0.4755 0.5022 5.8028 1.0000	</row3>
				</transform>
			</node>
			<node>
				<identifier>	MP_ZM768_Hatch_INDEX_2	</identifier>
				<transform>
					<row0>	0.0000 0.0260 0.9997 0.0000	</row0>
					<row1>	0.0000 0.9997 -0.0260 0.0000	</row1>
					<row2>	-1.0000 0.0000 0.0000 0.0000	</row2>
					<row3>	0.4225 0.5077 6.0132 1.0000	</row3>
				</transform>
			</node>
			<node>
				<identifier>	MP_ZM768_Hatch_INDEX_3	</identifier>
				<transform>
					<row0>	1.0000 0.0000 0.0000 0.0000	</row0>
					<row1>	0.0000 0.9999 -0.0160 0.0000	</row1>
					<row2>	0.0000 0.0160 0.9999 0.0000	</row2>
					<row3>	0.0959 0.4828 5.0368 1.0000	</row3>
				</transform>
			</node>
			<node>
				<identifier>	MP_ZM768_Hatch_INDEX_4	</identifier>
				<transform>
					<row0>	1.0000 0.0000 0.0000 0.0000	</row0>
					<row1>	0.0000 0.9999 -0.0160 0.0000	</row1>
					<row2>	0.0000 0.0160 0.9999 0.0000	</row2>
					<row3>	-0.0061 0.4828 5.0368 1.0000	</row3>
				</transform>
			</node>
			<node>
				<identifier>	MP_ZM768_Hatch_INDEX_5	</identifier>
				<transform>
					<row0>	0.0000 0.0253 0.9997 0.0000	</row0>
					<row1>	0.0000 0.9997 -0.0253 0.0000	</row1>
					<row2>	-1.0000 0.0000 0.0000 0.0000	</row2>
					<row3>	-0.1697 0.4862 5.1909 1.0000	</row3>
				</transform>
			</node>
			<node>
				<identifier>	MP_ZM768_Hatch_INDEX_6	</identifier>
				<transform>
					<row0>	-0.3203 -0.0205 -0.9471 0.0000	</row0>
					<row1>	-0.0066 0.9998 -0.0194 0.0000	</row1>
					<row2>	0.9473 0.0000 -0.3203 0.0000	</row2>
					<row3>	-0.4755 0.5022 5.8028 1.0000	</row3>
				</transform>
			</node>
			<node>
				<identifier>	MP_ZM768_Hatch_INDEX_7	</identifier>
				<transform>
					<row0>	0.3330 -0.0248 -0.9426 0.0000	</row0>
					<row1>	0.0082 0.9997 -0.0234 0.0000	</row1>
					<row2>	0.9429 0.0000 0.3331 0.0000	</row2>
					<row3>	0.5578 0.4964 5.5725 1.0000	</row3>
				</transform>
			</node>
			<node>
				<identifier>	MP_ZM768_Hatch_INDEX_8	</identifier>
				<transform>
					<row0>	0.3330 0.0248 0.9426 0.0000	</row0>
					<row1>	-0.0082 0.9997 -0.0234 0.0000	</row1>
					<row2>	-0.9429 0.0000 0.3331 0.0000	</row2>
					<row3>	-0.6353 0.4910 5.3566 1.0000	</row3>
				</transform>
			</node>
			<node>
				<identifier>	MP_ZM768_Hatch_INDEX_9	</identifier>
				<transform>
					<row0>	0.0000 -0.0260 -0.9997 0.0000	</row0>
					<row1>	0.0000 0.9997 -0.0260 0.0000	</row1>
					<row2>	1.0000 0.0000 0.0000 0.0000	</row2>
					<row3>	-0.4225 0.5077 6.0132 1.0000	</row3>
				</transform>
			</node>
			<node>
				<identifier>	MP_ZM769_Hatch	</identifier>
				<transform>
					<row0>	0.0000 0.0236 0.9997 0.0000	</row0>
					<row1>	0.0000 0.9997 -0.0236 0.0000	</row1>
					<row2>	-1.0000 0.0000 0.0000 0.0000	</row2>
					<row3>	0.1473 0.4994 5.6766 1.0000	</row3>
				</transform>
			</node>
			<node>
				<identifier>	MP_ZM769_Hatch_INDEX_1	</identifier>
				<transform>
					<row0>	1.0000 0.0000 0.0000 0.0000	</row0>
					<row1>	0.0000 0.9997 -0.0259 0.0000	</row1>
					<row2>	0.0000 0.0259 0.9997 0.0000	</row2>
					<row3>	0.0000 0.5377 7.0582 1.0000	</row3>
				</transform>
			</node>
			<node>
				<identifier>	MP_ZM769_Hatch_INDEX_2	</identifier>
				<transform>
					<row0>	0.0000 0.0236 0.9997 0.0000	</row0>
					<row1>	0.0000 0.9997 -0.0236 0.0000	</row1>
					<row2>	-1.0000 0.0000 0.0000 0.0000	</row2>
					<row3>	-0.1473 0.4994 5.6766 1.0000	</row3>
				</transform>
			</node>
			<node>
				<identifier>	MP_ZM780_Deck_Hatch_11	</identifier>
				<transform>
					<row0>	0.0000 0.0000 1.0000 0.0000	</row0>
					<row1>	0.0000 1.0000 0.0000 0.0000	</row1>
					<row2>	-1.0000 0.0000 0.0000 0.0000	</row2>
					<row3>	-0.3297 0.5008 5.7765 1.0000	</row3>
				</transform>
			</node>
			<node>
				<identifier>	MP_ZM780_Deck_Hatch_11_INDEX_1	</identifier>
				<transform>
					<row0>	0.0000 0.0000 1.0000 0.0000	</row0>
					<row1>	0.0000 1.0000 0.0000 0.0000	</row1>
					<row2>	-1.0000 0.0000 0.0000 0.0000	</row2>
					<row3>	0.3297 0.5008 5.7765 1.0000	</row3>
				</transform>
			</node>
			<node>
				<identifier>	MP_ZM781_Deck_Hatch_12	</identifier>
				<transform>
					<row0>	0.0000 0.0260 0.9997 0.0000	</row0>
					<row1>	0.0000 0.9997 -0.0260 0.0000	</row1>
					<row2>	-1.0000 0.0000 0.0000 0.0000	</row2>
					<row3>	0.0000 0.4908 5.3319 1.0000	</row3>
				</transform>
			</node>
			<node>
				<identifier>	MP_ZM962_Bollards	</identifier>
				<transform>
					<row0>	0.1872 0.0000 -0.9823 0.0000	</row0>
					<row1>	0.0000 1.0000 0.0000 0.0000	</row1>
					<row2>	0.9823 0.0000 0.1872 0.0000	</row2>
					<row3>	0.5029 0.5334 6.9653 1.0000	</row3>
				</transform>
			</node>
			<node>
				<identifier>	MP_ZM962_Bollards_INDEX_1	</identifier>
				<transform>
					<row0>	0.1491 0.0000 0.9888 0.0000	</row0>
					<row1>	0.0000 1.0000 0.0000 0.0000	</row1>
					<row2>	-0.9888 0.0000 0.1491 0.0000	</row2>
					<row3>	-0.6922 0.4981 5.6734 1.0000	</row3>
				</transform>
			</node>
			<node>
				<identifier>	MP_ZM962_Bollards_INDEX_2	</identifier>
				<transform>
					<row0>	0.1491 0.0000 -0.9888 0.0000	</row0>
					<row1>	0.0000 1.0000 0.0000 0.0000	</row1>
					<row2>	0.9888 0.0000 0.1491 0.0000	</row2>
					<row3>	0.6922 0.4981 5.6734 1.0000	</row3>
				</transform>
			</node>
			<node>
				<identifier>	MP_ZM962_Bollards_INDEX_3	</identifier>
				<transform>
					<row0>	0.1872 0.0000 0.9823 0.0000	</row0>
					<row1>	0.0000 1.0000 0.0000 0.0000	</row1>
					<row2>	-0.9823 0.0000 0.1872 0.0000	</row2>
					<row3>	-0.5030 0.5334 6.9653 1.0000	</row3>
				</transform>
			</node>
			<node>
				<identifier>	MP_ZM962_Bollards_INDEX_4	</identifier>
				<transform>
					<row0>	0.0000 0.0000 1.0000 0.0000	</row0>
					<row1>	0.0000 1.0000 0.0000 0.0000	</row1>
					<row2>	-1.0000 0.0000 0.0000 0.0000	</row2>
					<row3>	0.0000 0.5432 7.2965 1.0000	</row3>
				</transform>
			</node>
			<node>
				<identifier>	MP_ZM987_Reels_1	</identifier>
				<transform>
					<row0>	0.0000 0.0000 0.9000 0.0000	</row0>
					<row1>	0.0000 0.9000 0.0000 0.0000	</row1>
					<row2>	-0.9000 0.0000 0.0000 0.0000	</row2>
					<row3>	-0.3037 0.5060 6.0131 1.0000	</row3>
				</transform>
			</node>
			<node>
				<identifier>	MP_ZM987_Reels_1_INDEX_1	</identifier>
				<transform>
					<row0>	-0.8455 0.0000 -0.3085 0.0000	</row0>
					<row1>	0.0000 0.9000 0.0000 0.0000	</row1>
					<row2>	0.3085 0.0000 -0.8455 0.0000	</row2>
					<row3>	0.4509 0.4918 5.4836 1.0000	</row3>
				</transform>
			</node>
			<node>
				<identifier>	MP_ZM987_Reels_1_INDEX_2	</identifier>
				<transform>
					<row0>	-0.8455 0.0000 -0.3085 0.0000	</row0>
					<row1>	0.0000 0.9000 0.0000 0.0000	</row1>
					<row2>	0.3085 0.0000 -0.8455 0.0000	</row2>
					<row3>	0.3968 0.4963 5.6310 1.0000	</row3>
				</transform>
			</node>
			<node>
				<identifier>	MP_ZM987_Reels_1_INDEX_3	</identifier>
				<transform>
					<row0>	0.0000 0.0000 0.9000 0.0000	</row0>
					<row1>	0.0000 0.9000 0.0000 0.0000	</row1>
					<row2>	-0.9000 0.0000 0.0000 0.0000	</row2>
					<row3>	0.3037 0.5060 6.0131 1.0000	</row3>
				</transform>
			</node>
			<node>
				<identifier>	MP_ZM987_Reels_1_INDEX_4	</identifier>
				<transform>
					<row0>	0.0000 0.0000 1.1500 0.0000	</row0>
					<row1>	0.0000 1.1500 0.0000 0.0000	</row1>
					<row2>	-1.1500 0.0000 0.0000 0.0000	</row2>
					<row3>	0.0000 0.5060 6.0131 1.0000	</row3>
				</transform>
			</node>
			<node>
				<identifier>	MP_ZM987_Reels_1_INDEX_5	</identifier>
				<transform>
					<row0>	0.0000 0.0000 1.0000 0.0000	</row0>
					<row1>	0.0000 1.0000 0.0000 0.0000	</row1>
					<row2>	-1.0000 0.0000 0.0000 0.0000	</row2>
					<row3>	-0.1566 0.5060 6.0131 1.0000	</row3>
				</transform>
			</node>
			<node>
				<identifier>	MP_ZM987_Reels_1_INDEX_6	</identifier>
				<transform>
					<row0>	0.0000 0.0000 1.0000 0.0000	</row0>
					<row1>	0.0000 1.0000 0.0000 0.0000	</row1>
					<row2>	-1.0000 0.0000 0.0000 0.0000	</row2>
					<row3>	0.1566 0.5060 6.0131 1.0000	</row3>
				</transform>
			</node>
			<node>
				<identifier>	MP_ZM987_Reels_1_INDEX_7	</identifier>
				<transform>
					<row0>	0.8455 0.0000 -0.3085 0.0000	</row0>
					<row1>	0.0000 0.9000 0.0000 0.0000	</row1>
					<row2>	0.3085 0.0000 0.8455 0.0000	</row2>
					<row3>	-0.4509 0.4918 5.4836 1.0000	</row3>
				</transform>
			</node>
			<node>
				<identifier>	MP_ZM987_Reels_1_INDEX_8	</identifier>
				<transform>
					<row0>	0.8455 0.0000 -0.3085 0.0000	</row0>
					<row1>	0.0000 0.9000 0.0000 0.0000	</row1>
					<row2>	0.3085 0.0000 0.8455 0.0000	</row2>
					<row3>	-0.3968 0.4963 5.6310 1.0000	</row3>
				</transform>
			</node>
			<node>
				<identifier>	MP_ZM988_Fairlead_2	</identifier>
				<transform>
					<row0>	0.7399 -0.0036 -0.1224 0.0000	</row0>
					<row1>	-0.0007 0.7495 -0.0263 0.0000	</row1>
					<row2>	0.1224 0.0261 0.7395 0.0000	</row2>
					<row3>	-0.7107 0.5139 6.0073 1.0000	</row3>
				</transform>
			</node>
			<node>
				<identifier>	MP_ZM988_Fairlead_2_INDEX_1	</identifier>
				<transform>
					<row0>	0.7399 0.0036 0.1224 0.0000	</row0>
					<row1>	0.0007 0.7495 -0.0263 0.0000	</row1>
					<row2>	-0.1224 0.0261 0.7395 0.0000	</row2>
					<row3>	0.7107 0.5139 6.0073 1.0000	</row3>
				</transform>
			</node>
			<node>
				<identifier>	MP_ZM989_Electric_Deck_Winch	</identifier>
				<transform>
					<row0>	0.0000 0.0000 -1.0000 0.0000	</row0>
					<row1>	0.0000 1.0000 0.0000 0.0000	</row1>
					<row2>	1.0000 0.0000 0.0000 0.0000	</row2>
					<row3>	0.2915 0.4752 4.6929 1.0000	</row3>
				</transform>
			</node>
			<node>
				<identifier>	MP_ZM990_After_Capstan	</identifier>
				<transform>
					<row0>	1.8000 0.0000 0.0000 0.0000	</row0>
					<row1>	0.0000 1.8000 0.0000 0.0000	</row1>
					<row2>	0.0000 0.0000 1.8000 0.0000	</row2>
					<row3>	0.0000 0.5267 6.7664 1.0000	</row3>
				</transform>
			</node>
			<node>
				<identifier>	MP_ZM991_Fairled	</identifier>
				<transform>
					<row0>	1.2189 0.0000 0.4127 0.0000	</row0>
					<row1>	0.0000 1.2868 0.0000 0.0000	</row1>
					<row2>	-0.4127 0.0000 1.2189 0.0000	</row2>
					<row3>	0.0915 0.5216 6.5678 1.0000	</row3>
				</transform>
			</node>
			<node>
				<identifier>	MP_ZM991_Fairled_INDEX_1	</identifier>
				<transform>
					<row0>	1.2189 0.0000 -0.4127 0.0000	</row0>
					<row1>	0.0000 1.2868 0.0000 0.0000	</row1>
					<row2>	0.4127 0.0000 1.2189 0.0000	</row2>
					<row3>	-0.0915 0.5216 6.5678 1.0000	</row3>
				</transform>
			</node>
			<node>
				<identifier>	SP_YMS001_YHBM_M_1	</identifier>
				<transform>
					<row0>	1.2000 0.0000 0.0000 0.0000	</row0>
					<row1>	0.0000 1.1872 0.1751 0.0000	</row1>
					<row2>	0.0000 -0.1751 1.1872 0.0000	</row2>
					<row3>	0.0000 0.6476 8.9755 1.0000	</row3>
				</transform>
			</node>
			<node>
				<identifier>	SP_YMS002_YHBL_M_1	</identifier>
				<transform>
					<row0>	0.9973 -0.0052 -0.0730 0.0000	</row0>
					<row1>	0.0021 0.9991 -0.0428 0.0000	</row1>
					<row2>	0.0731 0.0426 0.9964 0.0000	</row2>
					<row3>	0.0000 0.6109 8.9168 1.0000	</row3>
				</transform>
			</node>
			<node>
				<identifier>	SP_YMS003_YHBR_M_1	</identifier>
				<transform>
					<row0>	0.9973 0.0052 0.0730 0.0000	</row0>
					<row1>	-0.0021 0.9991 -0.0428 0.0000	</row1>
					<row2>	-0.0731 0.0426 0.9964 0.0000	</row2>
					<row3>	0.0000 0.6109 8.9168 1.0000	</row3>
				</transform>
			</node>
			<node>
				<identifier>	SP_YMS004_YHXL_L_1	</identifier>
				<transform>
					<row0>	0.7452 0.4226 -0.1661 0.0000	</row0>
					<row1>	-0.4096 0.7634 0.1050 0.0000	</row1>
					<row2>	0.1962 -0.0117 0.8503 0.0000	</row2>
					<row3>	-0.1314 0.4195 8.4436 1.0000	</row3>
				</transform>
			</node>
			<node>
				<identifier>	SP_YMS005_YHXR_L_1	</identifier>
				<transform>
					<row0>	0.7452 -0.4226 0.1661 0.0000	</row0>
					<row1>	0.4096 0.7634 0.1050 0.0000	</row1>
					<row2>	-0.1962 -0.0117 0.8503 0.0000	</row2>
					<row3>	0.1314 0.4195 8.4436 1.0000	</row3>
				</transform>
			</node>
			<node>
				<identifier>	SP_YMS005_YHXR_L_1_INDEX_1	</identifier>
				<transform>
					<row0>	0.7022 -0.5064 0.1342 0.0000	</row0>
					<row1>	0.5103 0.7120 0.0165 0.0000	</row1>
					<row2>	-0.1186 0.0649 0.8656 0.0000	</row2>
					<row3>	0.2080 0.4234 7.9192 1.0000	</row3>
				</transform>
			</node>
			<node>
				<identifier>	SP_YMS010_YHWM_L_1	</identifier>
				<transform>
					<row0>	0.6759 0.0000 0.0000 0.0000	</row0>
					<row1>	0.0000 0.6759 0.0000 0.0000	</row1>
					<row2>	0.0000 0.0000 0.6759 0.0000	</row2>
					<row3>	0.0000 0.0042 8.5971 1.0000	</row3>
				</transform>
			</node>
			<node>
				<identifier>	SP_YMS011_YHWL_M_1	</identifier>
				<transform>
					<row0>	1.2045 0.2247 -0.2271 0.0000	</row0>
					<row1>	-0.2208 1.2257 0.0414 0.0000	</row1>
					<row2>	0.2308 0.0002 1.2245 0.0000	</row2>
					<row3>	-0.2406 -0.0023 7.2436 1.0000	</row3>
				</transform>
			</node>
			<node>
				<identifier>	SP_YMS011_YHWL_M_1_INDEX_1	</identifier>
				<transform>
					<row0>	1.2008 0.2252 -0.2452 0.0000	</row0>
					<row1>	-0.2197 1.2256 0.0497 0.0000	</row1>
					<row2>	0.2502 -0.0047 1.2207 0.0000	</row2>
					<row3>	-0.4414 -0.0006 6.2092 1.0000	</row3>
				</transform>
			</node>
			<node>
				<identifier>	SP_YMS011_YHWL_M_1_INDEX_2	</identifier>
				<transform>
					<row0>	1.2321 0.2606 -0.2397 0.0000	</row0>
					<row1>	-0.2561 1.2552 0.0486 0.0000	</row1>
					<row2>	0.2446 0.0012 1.2585 0.0000	</row2>
					<row3>	-0.6496 -0.0013 5.1561 1.0000	</row3>
				</transform>
			</node>
			<node>
				<identifier>	SP_YMS012_YHWR_M_1	</identifier>
				<transform>
					<row0>	1.2045 -0.2247 0.2271 0.0000	</row0>
					<row1>	0.2208 1.2257 0.0414 0.0000	</row1>
					<row2>	-0.2308 0.0002 1.2245 0.0000	</row2>
					<row3>	0.2406 -0.0023 7.2436 1.0000	</row3>
				</transform>
			</node>
			<node>
				<identifier>	SP_YMS012_YHWR_M_1_INDEX_1	</identifier>
				<transform>
					<row0>	1.2008 -0.2252 0.2452 0.0000	</row0>
					<row1>	0.2197 1.2256 0.0497 0.0000	</row1>
					<row2>	-0.2502 -0.0047 1.2207 0.0000	</row2>
					<row3>	0.4414 -0.0006 6.2092 1.0000	</row3>
				</transform>
			</node>
			<node>
				<identifier>	SP_YMS012_YHWR_M_1_INDEX_2	</identifier>
				<transform>
					<row0>	1.2321 -0.2606 0.2397 0.0000	</row0>
					<row1>	0.2561 1.2552 0.0486 0.0000	</row1>
					<row2>	-0.2446 0.0012 1.2585 0.0000	</row2>
					<row3>	0.6496 -0.0013 5.1561 1.0000	</row3>
				</transform>
			</node>
			<node>
				<identifier>	SP_YMS020_YHBU_M_1	</identifier>
				<transform>
					<row0>	1.7973 0.0000 0.0000 0.0000	</row0>
					<row1>	0.0000 1.7871 0.1916 0.0000	</row1>
					<row2>	0.0000 -0.1916 1.7871 0.0000	</row2>
					<row3>	0.0000 0.0000 8.1080 1.0000	</row3>
				</transform>
			</node>
			<node>
				<identifier>	SP_YMS051_YHDL_L_1	</identifier>
				<transform>
					<row0>	0.8824 0.0003 -0.1514 0.0000	</row0>
					<row1>	-0.0042 0.8950 -0.0230 0.0000	</row1>
					<row2>	0.1513 0.0234 0.8821 0.0000	</row2>
					<row3>	-0.5891 0.5294 6.8821 1.0000	</row3>
				</transform>
			</node>
			<node>
				<identifier>	SP_YMS052_YHDR_L_1	</identifier>
				<transform>
					<row0>	0.8824 -0.0003 0.1514 0.0000	</row0>
					<row1>	0.0042 0.8950 -0.0230 0.0000	</row1>
					<row2>	-0.1513 0.0234 0.8821 0.0000	</row2>
					<row3>	0.5891 0.5294 6.8821 1.0000	</row3>
				</transform>
			</node>
			<node>
				<identifier>	SP_YMS053_YHDC_S_1	</identifier>
				<transform>
					<row0>	1.1707 0.0000 0.0000 0.0000	</row0>
					<row1>	0.0000 1.1688 -0.0676 0.0000	</row1>
					<row2>	0.0000 0.0676 1.1688 0.0000	</row2>
					<row3>	0.0000 0.5962 8.2115 1.0000	</row3>
				</transform>
			</node>
			<node>
				<identifier>	SP_YMS053_YHDC_S_1_INDEX_1	</identifier>
				<transform>
					<row0>	1.5165 -0.0051 -0.0998 0.0000	</row0>
					<row1>	0.0023 1.5192 -0.0432 0.0000	</row1>
					<row2>	0.0999 0.0429 1.5159 0.0000	</row2>
					<row3>	-0.4132 0.5539 6.7530 1.0000	</row3>
				</transform>
			</node>
			<node>
				<identifier>	SP_YMS053_YHDC_S_1_INDEX_2	</identifier>
				<transform>
					<row0>	1.5165 0.0051 0.0998 0.0000	</row0>
					<row1>	-0.0023 1.5192 -0.0432 0.0000	</row1>
					<row2>	-0.0999 0.0429 1.5159 0.0000	</row2>
					<row3>	0.4132 0.5539 6.7530 1.0000	</row3>
				</transform>
			</node>
			<node>
				<identifier>	SP_YMS080_YHSL_M_1	</identifier>
				<transform>
					<row0>	1.0362 0.3859 -0.2046 0.0000	</row0>
					<row1>	-0.3928 1.0536 -0.0023 0.0000	</row1>
					<row2>	0.1910 0.0736 1.1057 0.0000	</row2>
					<row3>	-0.4973 0.2475 6.0713 1.0000	</row3>
				</transform>
			</node>
			<node>
				<identifier>	SP_YMS080_YHSL_M_1_INDEX_3	</identifier>
				<transform>
					<row0>	1.0439 0.3644 -0.2047 0.0000	</row0>
					<row1>	-0.3706 1.0616 0.0000 0.0000	</row1>
					<row2>	0.1933 0.0675 1.1057 0.0000	</row2>
					<row3>	-0.6301 0.2353 5.3754 1.0000	</row3>
				</transform>
			</node>
			<node>
				<identifier>	SP_YMS081_YHSR_M_1	</identifier>
				<transform>
					<row0>	1.0439 -0.3644 0.2047 0.0000	</row0>
					<row1>	0.3706 1.0616 0.0000 0.0000	</row1>
					<row2>	-0.1933 0.0675 1.1057 0.0000	</row2>
					<row3>	0.6301 0.2353 5.3754 1.0000	</row3>
				</transform>
			</node>
			<node>
				<identifier>	SP_YMS081_YHSR_M_1_INDEX_3	</identifier>
				<transform>
					<row0>	1.0362 -0.3859 0.2046 0.0000	</row0>
					<row1>	0.3928 1.0536 -0.0023 0.0000	</row1>
					<row2>	-0.1910 0.0736 1.1057 0.0000	</row2>
					<row3>	0.4973 0.2475 6.0713 1.0000	</row3>
				</transform>
			</node>
			<node>
				<identifier>	SP_YMS095_YHZC_M_1	</identifier>
				<transform>
					<row0>	-0.5416 0.0000 0.0000 0.0000	</row0>
					<row1>	0.0000 0.5091 0.1847 0.0000	</row1>
					<row2>	0.0000 0.1847 -0.5091 0.0000	</row2>
					<row3>	-0.2021 0.5703 5.9425 1.0000	</row3>
				</transform>
			</node>
			<node>
				<identifier>	SP_YMS095_YHZC_M_1_INDEX_1	</identifier>
				<transform>
					<row0>	-0.5416 0.0000 0.0000 0.0000	</row0>
					<row1>	0.0000 0.5091 0.1847 0.0000	</row1>
					<row2>	0.0000 0.1847 -0.5091 0.0000	</row2>
					<row3>	0.2021 0.5703 5.9425 1.0000	</row3>
				</transform>
			</node>
		</node>
	</node>
	<boundingBox>
		<min>	-0.0667 -0.0667 -0.0667	</min>
		<max>	0.0667 0.0667 0.0667	</max>
	</boundingBox>
</ZSB001_Bajie_1945_Bow_ports.visual>
