<ZSC009_Rahmat_1945_Stern_ports.visual>
	<node>
		<identifier>	Scene Root	</identifier>
		<transform>
			<row0>	1.0000 0.0000 0.0000 0.0000	</row0>
			<row1>	0.0000 1.0000 0.0000 0.0000	</row1>
			<row2>	0.0000 0.0000 1.0000 0.0000	</row2>
			<row3>	0.0000 0.0000 0.0000 1.0000	</row3>
		</transform>
		<node>
			<identifier>	Stern_ports	</identifier>
			<transform>
				<row0>	1.0000 0.0000 0.0000 0.0000	</row0>
				<row1>	0.0000 1.0000 0.0000 0.0000	</row1>
				<row2>	0.0000 0.0000 1.0000 0.0000	</row2>
				<row3>	0.0000 0.0000 0.0000 1.0000	</row3>
			</transform>
			<node>
				<identifier>	HP_FX_Death_3	</identifier>
				<transform>
					<row0>	1.0000 0.0000 0.0000 0.0000	</row0>
					<row1>	0.0000 1.0000 0.0000 0.0000	</row1>
					<row2>	0.0000 0.0000 1.0000 0.0000	</row2>
					<row3>	0.0000 0.0000 -3.3741 1.0000	</row3>
				</transform>
			</node>
			<node>
				<identifier>	HP_FX_Fire_4	</identifier>
				<transform>
					<row0>	1.0000 0.0000 0.0000 0.0000	</row0>
					<row1>	0.0000 1.0000 0.0000 0.0000	</row1>
					<row2>	0.0000 0.0000 1.0000 0.0000	</row2>
					<row3>	0.0000 0.2395 -4.1353 1.0000	</row3>
				</transform>
			</node>
			<node>
				<identifier>	HP_FX_Flood_steam_right	</identifier>
				<transform>
					<row0>	1.0000 0.0000 0.0000 0.0000	</row0>
					<row1>	0.0000 1.0000 0.0000 0.0000	</row1>
					<row2>	0.0000 0.0000 1.0000 0.0000	</row2>
					<row3>	0.4505 0.1720 -3.1582 1.0000	</row3>
				</transform>
			</node>
			<node>
				<identifier>	HP_FX_Flood_water_left	</identifier>
				<transform>
					<row0>	-0.9943 0.0000 -0.1071 0.0000	</row0>
					<row1>	0.0000 1.0000 0.0000 0.0000	</row1>
					<row2>	0.1071 0.0000 -0.9943 0.0000	</row2>
					<row3>	-0.4313 0.0820 -3.2007 1.0000	</row3>
				</transform>
			</node>
			<node>
				<identifier>	HP_FX_Flood_water_right	</identifier>
				<transform>
					<row0>	0.9961 0.0000 -0.0889 0.0000	</row0>
					<row1>	0.0000 1.0000 0.0000 0.0000	</row1>
					<row2>	0.0889 0.0000 0.9961 0.0000	</row2>
					<row3>	0.4320 0.0829 -3.2003 1.0000	</row3>
				</transform>
			</node>
			<node>
				<identifier>	HP_FX_WakeTraceBack	</identifier>
				<transform>
					<row0>	1.0000 0.0000 0.0000 0.0000	</row0>
					<row1>	0.0000 1.0000 0.0000 0.0000	</row1>
					<row2>	0.0000 0.0000 1.0000 0.0000	</row2>
					<row3>	0.0000 0.0000 -5.1217 1.0000	</row3>
				</transform>
			</node>
			<node>
				<identifier>	HP_FX_WakeTrace_screw_1	</identifier>
				<transform>
					<row0>	1.0000 0.0000 0.0000 0.0000	</row0>
					<row1>	0.0000 1.0000 0.0000 0.0000	</row1>
					<row2>	0.0000 0.0000 1.0000 0.0000	</row2>
					<row3>	-0.3448 -0.1979 -3.8151 1.0000	</row3>
				</transform>
			</node>
			<node>
				<identifier>	HP_FX_WakeTrace_screw_2	</identifier>
				<transform>
					<row0>	1.0000 0.0000 0.0000 0.0000	</row0>
					<row1>	0.0000 1.0000 0.0000 0.0000	</row1>
					<row2>	0.0000 0.0000 1.0000 0.0000	</row2>
					<row3>	-0.1939 -0.2179 -4.3978 1.0000	</row3>
				</transform>
			</node>
			<node>
				<identifier>	HP_FX_WakeTrace_screw_3	</identifier>
				<transform>
					<row0>	1.0000 0.0000 0.0000 0.0000	</row0>
					<row1>	0.0000 1.0000 0.0000 0.0000	</row1>
					<row2>	0.0000 0.0000 1.0000 0.0000	</row2>
					<row3>	0.1940 -0.2181 -4.3980 1.0000	</row3>
				</transform>
			</node>
			<node>
				<identifier>	HP_FX_WakeTrace_screw_4	</identifier>
				<transform>
					<row0>	1.0000 0.0000 0.0000 0.0000	</row0>
					<row1>	0.0000 1.0000 0.0000 0.0000	</row1>
					<row2>	0.0000 0.0000 1.0000 0.0000	</row2>
					<row3>	0.3448 -0.1979 -3.8151 1.0000	</row3>
				</transform>
			</node>
			<node>
				<identifier>	HP_Ship_death_3	</identifier>
				<transform>
					<row0>	1.0000 0.0000 0.0000 0.0000	</row0>
					<row1>	0.0000 1.0000 0.0000 0.0000	</row1>
					<row2>	0.0000 0.0000 1.0000 0.0000	</row2>
					<row3>	0.0000 0.0000 -3.0009 1.0000	</row3>
				</transform>
			</node>
			<node>
				<identifier>	HP_ZGB_1	</identifier>
				<transform>
					<row0>	-0.2779 0.0000 0.9606 0.0000	</row0>
					<row1>	-0.0235 0.9997 -0.0068 0.0000	</row1>
					<row2>	-0.9603 -0.0244 -0.2778 0.0000	</row2>
					<row3>	-0.2441 0.2453 -4.5295 1.0000	</row3>
				</transform>
			</node>
			<node>
				<identifier>	HP_ZGB_2	</identifier>
				<transform>
					<row0>	-0.2779 0.0000 -0.9606 0.0000	</row0>
					<row1>	0.0235 0.9997 -0.0068 0.0000	</row1>
					<row2>	0.9603 -0.0244 -0.2778 0.0000	</row2>
					<row3>	0.2441 0.2453 -4.5295 1.0000	</row3>
				</transform>
			</node>
			<node>
				<identifier>	HP_ZGB_3	</identifier>
				<transform>
					<row0>	-0.3819 0.0000 0.9242 0.0000	</row0>
					<row1>	-0.0129 0.9999 -0.0053 0.0000	</row1>
					<row2>	-0.9241 -0.0140 -0.3818 0.0000	</row2>
					<row3>	-0.1418 0.2483 -4.8338 1.0000	</row3>
				</transform>
			</node>
			<node>
				<identifier>	HP_ZGB_4	</identifier>
				<transform>
					<row0>	-0.3819 0.0000 -0.9242 0.0000	</row0>
					<row1>	0.0129 0.9999 -0.0053 0.0000	</row1>
					<row2>	0.9241 -0.0140 -0.3818 0.0000	</row2>
					<row3>	0.1418 0.2483 -4.8339 1.0000	</row3>
				</transform>
			</node>
			<node>
				<identifier>	HP_ZGB_5	</identifier>
				<transform>
					<row0>	-0.4344 -0.0046 0.9007 0.0000	</row0>
					<row1>	-0.0064 1.0000 0.0020 0.0000	</row1>
					<row2>	-0.9007 -0.0049 -0.4344 0.0000	</row2>
					<row3>	-0.0518 0.2556 -4.9051 1.0000	</row3>
				</transform>
			</node>
			<node>
				<identifier>	HP_ZGM_5	</identifier>
				<transform>
					<row0>	-1.0000 0.0000 0.0000 0.0000	</row0>
					<row1>	0.0000 1.0000 0.0000 0.0000	</row1>
					<row2>	0.0000 0.0000 -1.0000 0.0000	</row2>
					<row3>	0.0000 0.2514 -3.3333 1.0000	</row3>
				</transform>
			</node>
			<node>
				<identifier>	MP_CM001_Propeller3_L	</identifier>
				<transform>
					<row0>	0.8250 0.0000 -0.0029 0.0000	</row0>
					<row1>	-0.0002 0.8239 -0.0432 0.0000	</row1>
					<row2>	0.0029 0.0432 0.8239 0.0000	</row2>
					<row3>	-0.1940 -0.2181 -4.3980 1.0000	</row3>
				</transform>
			</node>
			<node>
				<identifier>	MP_CM001_Propeller3_L_INDEX_1	</identifier>
				<transform>
					<row0>	0.8248 0.0000 -0.0158 0.0000	</row0>
					<row1>	-0.0005 0.8247 -0.0238 0.0000	</row1>
					<row2>	0.0158 0.0238 0.8245 0.0000	</row2>
					<row3>	-0.3450 -0.1975 -3.8146 1.0000	</row3>
				</transform>
			</node>
			<node>
				<identifier>	MP_CM011_Fire_Fighting_Gear	</identifier>
				<transform>
					<row0>	0.0000 0.0000 1.0000 0.0000	</row0>
					<row1>	0.0000 1.0000 0.0000 0.0000	</row1>
					<row2>	-1.0000 0.0000 0.0000 0.0000	</row2>
					<row3>	0.0000 0.2467 -3.5400 1.0000	</row3>
				</transform>
			</node>
			<node>
				<identifier>	MP_CM032_Propeller3_R	</identifier>
				<transform>
					<row0>	0.8250 0.0000 0.0029 0.0000	</row0>
					<row1>	0.0002 0.8239 -0.0432 0.0000	</row1>
					<row2>	-0.0029 0.0432 0.8239 0.0000	</row2>
					<row3>	0.1940 -0.2181 -4.3980 1.0000	</row3>
				</transform>
			</node>
			<node>
				<identifier>	MP_CM032_Propeller3_R_INDEX_1	</identifier>
				<transform>
					<row0>	0.8248 0.0000 0.0158 0.0000	</row0>
					<row1>	0.0005 0.8247 -0.0238 0.0000	</row1>
					<row2>	-0.0158 0.0238 0.8245 0.0000	</row2>
					<row3>	0.3450 -0.1975 -3.8146 1.0000	</row3>
				</transform>
			</node>
			<node>
				<identifier>	MP_CM057_Accommodation_Ladder_Closed	</identifier>
				<transform>
					<row0>	0.9954 0.0296 0.0907 0.0000	</row0>
					<row1>	-0.0305 0.9995 0.0086 0.0000	</row1>
					<row2>	-0.0904 -0.0113 0.9958 0.0000	</row2>
					<row3>	-0.2628 0.2425 -3.1473 1.0000	</row3>
				</transform>
			</node>
			<node>
				<identifier>	MP_CM057_Accommodation_Ladder_Closed_INDEX_1	</identifier>
				<transform>
					<row0>	0.9959 -0.0298 -0.0854 0.0000	</row0>
					<row1>	0.0307 0.9995 0.0087 0.0000	</row1>
					<row2>	0.0851 -0.0113 0.9963 0.0000	</row2>
					<row3>	0.2645 0.2423 -3.1475 1.0000	</row3>
				</transform>
			</node>
			<node>
				<identifier>	MP_ZM513_Liferaft_type_20_10ft	</identifier>
				<transform>
					<row0>	0.0000 -0.0035 1.0000 0.0000	</row0>
					<row1>	0.0000 1.0000 0.0035 0.0000	</row1>
					<row2>	-1.0000 0.0000 0.0000 0.0000	</row2>
					<row3>	0.0000 0.2465 -3.6233 1.0000	</row3>
				</transform>
			</node>
			<node>
				<identifier>	MP_ZM513_Liferaft_type_20_10ft_INDEX_1	</identifier>
				<transform>
					<row0>	0.0000 -0.0035 1.0000 0.0000	</row0>
					<row1>	0.0000 1.0000 0.0035 0.0000	</row1>
					<row2>	-1.0000 0.0000 0.0000 0.0000	</row2>
					<row3>	0.0000 0.2712 -3.6233 1.0000	</row3>
				</transform>
			</node>
			<node>
				<identifier>	MP_ZM852_Running_Lights_B	</identifier>
				<transform>
					<row0>	-1.0000 0.0000 0.0000 0.0000	</row0>
					<row1>	0.0000 1.0000 0.0000 0.0000	</row1>
					<row2>	0.0000 0.0000 -1.0000 0.0000	</row2>
					<row3>	0.0000 0.4734 -5.1450 1.0000	</row3>
				</transform>
			</node>
			<node>
				<identifier>	MP_ZM874_Screened_speed_light	</identifier>
				<transform>
					<row0>	0.5000 0.0000 0.0000 0.0000	</row0>
					<row1>	0.0000 0.5000 0.0000 0.0000	</row1>
					<row2>	0.0000 0.0000 0.5000 0.0000	</row2>
					<row3>	0.0000 0.4367 -5.1406 1.0000	</row3>
				</transform>
			</node>
			<node>
				<identifier>	MP_ZM884_Fog_Light	</identifier>
				<transform>
					<row0>	-1.0000 0.0000 0.0000 0.0000	</row0>
					<row1>	0.0000 1.0000 0.0000 0.0000	</row1>
					<row2>	0.0000 0.0000 -1.0000 0.0000	</row2>
					<row3>	0.0000 0.2750 -5.1146 1.0000	</row3>
				</transform>
			</node>
		</node>
	</node>
	<boundingBox>
		<min>	-0.0667 -0.0667 -0.0667	</min>
		<max>	0.0667 0.0667 0.0667	</max>
	</boundingBox>
</ZSC009_Rahmat_1945_Stern_ports.visual>
