<VSC006_Cordoba_1932_Bow_ports.visual>
	<node>
		<identifier>	Scene Root	</identifier>
		<transform>
			<row0>	1.0000 0.0000 0.0000 0.0000	</row0>
			<row1>	0.0000 1.0000 0.0000 0.0000	</row1>
			<row2>	0.0000 0.0000 1.0000 0.0000	</row2>
			<row3>	0.0000 0.0000 0.0000 1.0000	</row3>
		</transform>
		<node>
			<identifier>	Bow_ports	</identifier>
			<transform>
				<row0>	1.0000 0.0000 0.0000 0.0000	</row0>
				<row1>	0.0000 1.0000 0.0000 0.0000	</row1>
				<row2>	0.0000 0.0000 1.0000 0.0000	</row2>
				<row3>	0.0000 0.0000 0.0000 1.0000	</row3>
			</transform>
			<node>
				<identifier>	HP_FX_Fire_1	</identifier>
				<transform>
					<row0>	1.0000 0.0000 0.0000 0.0000	</row0>
					<row1>	0.0000 1.0000 0.0000 0.0000	</row1>
					<row2>	0.0000 0.0000 1.0000 0.0000	</row2>
					<row3>	0.0000 0.3905 3.9253 1.0000	</row3>
				</transform>
			</node>
			<node>
				<identifier>	HP_FX_Flood_steam_left	</identifier>
				<transform>
					<row0>	-0.9989 0.0000 0.0464 0.0000	</row0>
					<row1>	0.0000 1.0000 0.0000 0.0000	</row1>
					<row2>	-0.0464 0.0000 -0.9989 0.0000	</row2>
					<row3>	-0.3222 0.3099 3.0455 1.0000	</row3>
				</transform>
			</node>
			<node>
				<identifier>	HP_FX_RepairLight_left_1	</identifier>
				<transform>
					<row0>	0.0587 0.0000 0.9983 0.0000	</row0>
					<row1>	0.0024 1.0000 -0.0001 0.0000	</row1>
					<row2>	-0.9983 0.0024 0.0587 0.0000	</row2>
					<row3>	-0.3432 0.3783 3.2342 1.0000	</row3>
				</transform>
			</node>
			<node>
				<identifier>	HP_FX_WakeTrace	</identifier>
				<transform>
					<row0>	1.0000 0.0000 0.0000 0.0000	</row0>
					<row1>	0.0000 1.0000 0.0000 0.0000	</row1>
					<row2>	0.0000 0.0000 1.0000 0.0000	</row2>
					<row3>	0.0000 0.0000 4.7189 1.0000	</row3>
				</transform>
			</node>
			<node>
				<identifier>	HP_Ship_death_1	</identifier>
				<transform>
					<row0>	1.0000 0.0000 0.0000 0.0000	</row0>
					<row1>	0.0000 1.0000 0.0000 0.0000	</row1>
					<row2>	0.0000 0.0000 1.0000 0.0000	</row2>
					<row3>	0.0000 0.0000 2.9405 1.0000	</row3>
				</transform>
			</node>
			<node>
				<identifier>	HP_VGM_1	</identifier>
				<transform>
					<row0>	1.0000 0.0000 0.0000 0.0000	</row0>
					<row1>	0.0000 1.0000 0.0000 0.0000	</row1>
					<row2>	0.0000 0.0000 1.0000 0.0000	</row2>
					<row3>	0.0000 0.3892 3.1973 1.0000	</row3>
				</transform>
			</node>
			<node>
				<identifier>	MP_CM109_Leadsman_Platform	</identifier>
				<transform>
					<row0>	0.1043 -0.8086 0.0018 0.0000	</row0>
					<row1>	0.8073 0.1042 0.0466 0.0000	</row1>
					<row2>	-0.0464 -0.0042 0.8140 0.0000	</row2>
					<row3>	0.3599 0.3775 3.0457 1.0000	</row3>
				</transform>
			</node>
			<node>
				<identifier>	MP_CM109_Leadsman_Platform_INDEX_1	</identifier>
				<transform>
					<row0>	-0.1038 -0.8086 0.0108 0.0000	</row0>
					<row1>	-0.8073 0.1042 0.0466 0.0000	</row1>
					<row2>	-0.0476 -0.0048 -0.8139 0.0000	</row2>
					<row3>	-0.3599 0.3775 3.0457 1.0000	</row3>
				</transform>
			</node>
			<node>
				<identifier>	MP_VM756_Deck_Hatch	</identifier>
				<transform>
					<row0>	0.0000 -0.0144 -0.8698 0.0000	</row0>
					<row1>	0.0000 0.8698 -0.0144 0.0000	</row1>
					<row2>	0.8699 0.0000 0.0000 0.0000	</row2>
					<row3>	-0.0097 0.3788 3.4059 1.0000	</row3>
				</transform>
			</node>
			<node>
				<identifier>	MP_VM762_Deck_Hatch	</identifier>
				<transform>
					<row0>	-0.8200 0.0000 0.0000 0.0000	</row0>
					<row1>	0.0000 0.8196 -0.0250 0.0000	</row1>
					<row2>	0.0000 -0.0250 -0.8196 0.0000	</row2>
					<row3>	0.0000 0.4014 4.2800 1.0000	</row3>
				</transform>
			</node>
			<node>
				<identifier>	MP_VM803_Ventilators_mushroom	</identifier>
				<transform>
					<row0>	-1.4960 0.0000 0.0000 0.0000	</row0>
					<row1>	0.0000 1.4960 0.0000 0.0000	</row1>
					<row2>	0.0000 0.0000 -1.4960 0.0000	</row2>
					<row3>	-0.0942 0.3789 3.3802 1.0000	</row3>
				</transform>
			</node>
			<node>
				<identifier>	MP_VM962_Bollard	</identifier>
				<transform>
					<row0>	0.5588 -0.0070 -0.0896 0.0000	</row0>
					<row1>	0.0040 0.5656 -0.0195 0.0000	</row1>
					<row2>	0.0898 0.0187 0.5585 0.0000	</row2>
					<row3>	-0.2164 0.3945 4.0551 1.0000	</row3>
				</transform>
			</node>
			<node>
				<identifier>	MP_VM962_Bollard_INDEX_1	</identifier>
				<transform>
					<row0>	0.3656 -0.0039 -0.0165 0.0000	</row0>
					<row1>	0.0037 0.3660 -0.0040 0.0000	</row1>
					<row2>	0.0165 0.0038 0.3656 0.0000	</row2>
					<row3>	-0.3230 0.3764 3.2019 1.0000	</row3>
				</transform>
			</node>
			<node>
				<identifier>	MP_VM962_Bollard_INDEX_2	</identifier>
				<transform>
					<row0>	0.3656 0.0039 0.0165 0.0000	</row0>
					<row1>	-0.0037 0.3660 -0.0040 0.0000	</row1>
					<row2>	-0.0165 0.0038 0.3656 0.0000	</row2>
					<row3>	0.3230 0.3764 3.2019 1.0000	</row3>
				</transform>
			</node>
			<node>
				<identifier>	MP_VM962_Bollard_INDEX_3	</identifier>
				<transform>
					<row0>	0.5588 0.0070 0.0896 0.0000	</row0>
					<row1>	-0.0040 0.5656 -0.0195 0.0000	</row1>
					<row2>	-0.0898 0.0187 0.5585 0.0000	</row2>
					<row3>	0.2164 0.3945 4.0551 1.0000	</row3>
				</transform>
			</node>
			<node>
				<identifier>	MP_VM964_Anchor_Capstan_big	</identifier>
				<transform>
					<row0>	0.6160 0.0000 0.0000 0.0000	</row0>
					<row1>	0.0000 0.6159 -0.0127 0.0000	</row1>
					<row2>	0.0000 0.0127 0.6159 0.0000	</row2>
					<row3>	0.0000 0.3879 3.8287 1.0000	</row3>
				</transform>
			</node>
			<node>
				<identifier>	MP_VM965_Chain_Fairlead	</identifier>
				<transform>
					<row0>	1.0000 0.0000 0.0000 0.0000	</row0>
					<row1>	0.0000 0.9993 -0.0361 0.0000	</row1>
					<row2>	0.0000 0.0361 0.9993 0.0000	</row2>
					<row3>	0.0941 0.3932 3.9405 1.0000	</row3>
				</transform>
			</node>
			<node>
				<identifier>	MP_VM965_Chain_Fairlead_INDEX_1	</identifier>
				<transform>
					<row0>	1.0000 0.0000 0.0000 0.0000	</row0>
					<row1>	0.0000 0.9993 -0.0361 0.0000	</row1>
					<row2>	0.0000 0.0361 0.9993 0.0000	</row2>
					<row3>	-0.0941 0.3932 3.9405 1.0000	</row3>
				</transform>
			</node>
			<node>
				<identifier>	MP_VM966_Anchor_Capstan_Cruiser_WW2_Bow	</identifier>
				<transform>
					<row0>	1.0000 0.0000 0.0000 0.0000	</row0>
					<row1>	0.0000 1.0000 0.0000 0.0000	</row1>
					<row2>	0.0000 0.0000 1.0000 0.0000	</row2>
					<row3>	-0.0666 0.4021 3.7056 1.0000	</row3>
				</transform>
			</node>
			<node>
				<identifier>	MP_VM966_Anchor_Capstan_Cruiser_WW2_Bow_INDEX_1	</identifier>
				<transform>
					<row0>	1.0000 0.0000 0.0000 0.0000	</row0>
					<row1>	0.0000 1.0000 0.0000 0.0000	</row1>
					<row2>	0.0000 0.0000 1.0000 0.0000	</row2>
					<row3>	0.0666 0.4021 3.7056 1.0000	</row3>
				</transform>
			</node>
			<node>
				<identifier>	MP_VM972_Anchor_WW2_top	</identifier>
				<transform>
					<row0>	-0.9707 -0.0376 -0.2375 0.0000	</row0>
					<row1>	0.1791 0.5463 -0.8182 0.0000	</row1>
					<row2>	0.1605 -0.8367 -0.5236 0.0000	</row2>
					<row3>	-0.1048 0.2883 4.5676 1.0000	</row3>
				</transform>
			</node>
			<node>
				<identifier>	MP_VM972_Anchor_WW2_top_INDEX_1	</identifier>
				<transform>
					<row0>	-0.9744 0.0483 0.2195 0.0000	</row0>
					<row1>	-0.1543 0.5664 -0.8095 0.0000	</row1>
					<row2>	-0.1635 -0.8227 -0.5445 0.0000	</row2>
					<row3>	0.1403 0.2779 4.3806 1.0000	</row3>
				</transform>
			</node>
			<node>
				<identifier>	MP_VM972_Anchor_WW2_top_INDEX_2	</identifier>
				<transform>
					<row0>	-0.9707 0.0376 0.2375 0.0000	</row0>
					<row1>	-0.1791 0.5463 -0.8182 0.0000	</row1>
					<row2>	-0.1605 -0.8367 -0.5236 0.0000	</row2>
					<row3>	0.1048 0.2883 4.5676 1.0000	</row3>
				</transform>
			</node>
			<node>
				<identifier>	MP_VM973_Anchor_WW2_down	</identifier>
				<transform>
					<row0>	-0.9790 0.1834 -0.0885 0.0000	</row0>
					<row1>	0.1739 0.5267 -0.8321 0.0000	</row1>
					<row2>	-0.1059 -0.8300 -0.5476 0.0000	</row2>
					<row3>	0.1048 0.2883 4.5676 1.0000	</row3>
				</transform>
			</node>
			<node>
				<identifier>	MP_VM973_Anchor_WW2_down_INDEX_1	</identifier>
				<transform>
					<row0>	-0.9790 -0.1834 0.0885 0.0000	</row0>
					<row1>	-0.1739 0.5267 -0.8321 0.0000	</row1>
					<row2>	0.1059 -0.8300 -0.5476 0.0000	</row2>
					<row3>	-0.1048 0.2883 4.5676 1.0000	</row3>
				</transform>
			</node>
			<node>
				<identifier>	MP_VM973_Anchor_WW2_down_INDEX_2	</identifier>
				<transform>
					<row0>	-0.9706 0.2329 -0.0605 0.0000	</row0>
					<row1>	0.1766 0.5186 -0.8366 0.0000	</row1>
					<row2>	-0.1635 -0.8227 -0.5445 0.0000	</row2>
					<row3>	0.1403 0.2779 4.3806 1.0000	</row3>
				</transform>
			</node>
		</node>
	</node>
	<boundingBox>
		<min>	-0.0667 -0.0667 -0.0667	</min>
		<max>	0.0667 0.0667 0.0667	</max>
	</boundingBox>
</VSC006_Cordoba_1932_Bow_ports.visual>
