<ASB017_Montana_1945_MidFront_ports.visual>
	<node>
		<identifier>	Scene Root	</identifier>
		<transform>
			<row0>	1.0000 0.0000 0.0000 0.0000	</row0>
			<row1>	0.0000 1.0000 0.0000 0.0000	</row1>
			<row2>	0.0000 0.0000 1.0000 0.0000	</row2>
			<row3>	0.0000 0.0000 0.0000 1.0000	</row3>
		</transform>
		<node>
			<identifier>	MidFront_ports	</identifier>
			<transform>
				<row0>	1.0000 0.0000 0.0000 0.0000	</row0>
				<row1>	0.0000 1.0000 0.0000 0.0000	</row1>
				<row2>	0.0000 0.0000 1.0000 0.0000	</row2>
				<row3>	0.0000 0.0000 0.0000 1.0000	</row3>
			</transform>
			<node>
				<identifier>	HP_AD_1	</identifier>
				<transform>
					<row0>	0.7071 0.0000 0.7071 0.0000	</row0>
					<row1>	0.0000 1.0000 0.0000 0.0000	</row1>
					<row2>	-0.7071 0.0000 0.7071 0.0000	</row2>
					<row3>	-0.3278 1.1530 2.4933 1.0000	</row3>
				</transform>
			</node>
			<node>
				<identifier>	HP_AD_10	</identifier>
				<transform>
					<row0>	0.0000 0.0000 -1.0000 0.0000	</row0>
					<row1>	0.0000 1.0000 0.0000 0.0000	</row1>
					<row2>	1.0000 0.0000 0.0000 0.0000	</row2>
					<row3>	0.3148 1.3330 0.9115 1.0000	</row3>
				</transform>
			</node>
			<node>
				<identifier>	HP_AD_2	</identifier>
				<transform>
					<row0>	0.7071 0.0000 -0.7071 0.0000	</row0>
					<row1>	0.0000 1.0000 0.0000 0.0000	</row1>
					<row2>	0.7071 0.0000 0.7071 0.0000	</row2>
					<row3>	0.3278 1.1530 2.4933 1.0000	</row3>
				</transform>
			</node>
			<node>
				<identifier>	HP_AD_3	</identifier>
				<transform>
					<row0>	1.0000 0.0000 0.0000 0.0000	</row0>
					<row1>	0.0000 1.0000 0.0000 0.0000	</row1>
					<row2>	0.0000 0.0000 1.0000 0.0000	</row2>
					<row3>	0.0000 1.3330 2.2186 1.0000	</row3>
				</transform>
			</node>
			<node>
				<identifier>	HP_AD_4	</identifier>
				<transform>
					<row0>	0.7071 0.0000 0.7071 0.0000	</row0>
					<row1>	0.0000 1.0000 0.0000 0.0000	</row1>
					<row2>	-0.7071 0.0000 0.7071 0.0000	</row2>
					<row3>	-0.1870 1.3096 1.6607 1.0000	</row3>
				</transform>
			</node>
			<node>
				<identifier>	HP_AD_5	</identifier>
				<transform>
					<row0>	0.7071 0.0000 -0.7071 0.0000	</row0>
					<row1>	0.0000 1.0000 0.0000 0.0000	</row1>
					<row2>	0.7071 0.0000 0.7071 0.0000	</row2>
					<row3>	0.1870 1.3096 1.6607 1.0000	</row3>
				</transform>
			</node>
			<node>
				<identifier>	HP_AD_6	</identifier>
				<transform>
					<row0>	1.0000 0.0000 0.0000 0.0000	</row0>
					<row1>	0.0000 1.0000 0.0000 0.0000	</row1>
					<row2>	0.0000 0.0000 1.0000 0.0000	</row2>
					<row3>	0.0000 2.3445 1.5908 1.0000	</row3>
				</transform>
			</node>
			<node>
				<identifier>	HP_AD_7	</identifier>
				<transform>
					<row0>	0.0000 0.0000 1.0000 0.0000	</row0>
					<row1>	0.0000 1.0000 0.0000 0.0000	</row1>
					<row2>	-1.0000 0.0000 0.0000 0.0000	</row2>
					<row3>	-0.3889 1.1430 1.0663 1.0000	</row3>
				</transform>
			</node>
			<node>
				<identifier>	HP_AD_8	</identifier>
				<transform>
					<row0>	0.0000 0.0000 -1.0000 0.0000	</row0>
					<row1>	0.0000 1.0000 0.0000 0.0000	</row1>
					<row2>	1.0000 0.0000 0.0000 0.0000	</row2>
					<row3>	0.3889 1.1430 1.0663 1.0000	</row3>
				</transform>
			</node>
			<node>
				<identifier>	HP_AD_9	</identifier>
				<transform>
					<row0>	0.0000 0.0000 1.0000 0.0000	</row0>
					<row1>	0.0000 1.0000 0.0000 0.0000	</row1>
					<row2>	-1.0000 0.0000 0.0000 0.0000	</row2>
					<row3>	-0.3148 1.3330 0.9115 1.0000	</row3>
				</transform>
			</node>
			<node>
				<identifier>	HP_AF_1	</identifier>
				<transform>
					<row0>	1.0000 0.0000 0.0000 0.0000	</row0>
					<row1>	0.0000 1.0000 0.0000 0.0000	</row1>
					<row2>	0.0000 0.0000 1.0000 0.0000	</row2>
					<row3>	-0.0611 1.2630 2.8128 1.0000	</row3>
				</transform>
			</node>
			<node>
				<identifier>	HP_AF_2	</identifier>
				<transform>
					<row0>	1.0000 0.0000 0.0000 0.0000	</row0>
					<row1>	0.0000 1.0000 0.0000 0.0000	</row1>
					<row2>	0.0000 0.0000 1.0000 0.0000	</row2>
					<row3>	0.0611 1.2630 2.8128 1.0000	</row3>
				</transform>
			</node>
			<node>
				<identifier>	HP_AF_3	</identifier>
				<transform>
					<row0>	1.0000 0.0000 0.0000 0.0000	</row0>
					<row1>	0.0000 1.0000 0.0000 0.0000	</row1>
					<row2>	0.0000 0.0000 1.0000 0.0000	</row2>
					<row3>	0.0000 1.2621 2.7402 1.0000	</row3>
				</transform>
			</node>
			<node>
				<identifier>	HP_AF_4	</identifier>
				<transform>
					<row0>	1.0000 0.0000 0.0000 0.0000	</row0>
					<row1>	0.0000 1.0000 0.0000 0.0000	</row1>
					<row2>	0.0000 0.0000 1.0000 0.0000	</row2>
					<row3>	-0.1407 1.2630 2.7343 1.0000	</row3>
				</transform>
			</node>
			<node>
				<identifier>	HP_AF_5	</identifier>
				<transform>
					<row0>	1.0000 0.0000 0.0000 0.0000	</row0>
					<row1>	0.0000 1.0000 0.0000 0.0000	</row1>
					<row2>	0.0000 0.0000 1.0000 0.0000	</row2>
					<row3>	0.1407 1.2630 2.7343 1.0000	</row3>
				</transform>
			</node>
			<node>
				<identifier>	HP_AGA_10	</identifier>
				<transform>
					<row0>	0.7071 0.0000 0.7071 0.0000	</row0>
					<row1>	0.0000 1.0000 0.0000 0.0000	</row1>
					<row2>	-0.7071 0.0000 0.7071 0.0000	</row2>
					<row3>	-0.9371 0.3799 3.5860 1.0000	</row3>
				</transform>
			</node>
			<node>
				<identifier>	HP_AGA_11	</identifier>
				<transform>
					<row0>	0.7071 0.0000 -0.7071 0.0000	</row0>
					<row1>	0.0000 1.0000 0.0000 0.0000	</row1>
					<row2>	0.7071 0.0000 0.7071 0.0000	</row2>
					<row3>	0.9371 0.3799 3.5860 1.0000	</row3>
				</transform>
			</node>
			<node>
				<identifier>	HP_AGA_12	</identifier>
				<transform>
					<row0>	0.7071 0.0000 0.7071 0.0000	</row0>
					<row1>	0.0000 1.0000 0.0000 0.0000	</row1>
					<row2>	-0.7071 0.0000 0.7071 0.0000	</row2>
					<row3>	-1.0299 0.3799 3.4049 1.0000	</row3>
				</transform>
			</node>
			<node>
				<identifier>	HP_AGA_13	</identifier>
				<transform>
					<row0>	0.7071 0.0000 -0.7071 0.0000	</row0>
					<row1>	0.0000 1.0000 0.0000 0.0000	</row1>
					<row2>	0.7071 0.0000 0.7071 0.0000	</row2>
					<row3>	1.0299 0.3799 3.4049 1.0000	</row3>
				</transform>
			</node>
			<node>
				<identifier>	HP_AGA_14	</identifier>
				<transform>
					<row0>	0.7071 0.0000 0.7071 0.0000	</row0>
					<row1>	0.0000 1.0000 0.0000 0.0000	</row1>
					<row2>	-0.7071 0.0000 0.7071 0.0000	</row2>
					<row3>	-0.4298 0.8347 2.2267 1.0000	</row3>
				</transform>
			</node>
			<node>
				<identifier>	HP_AGA_15	</identifier>
				<transform>
					<row0>	0.7071 0.0000 -0.7071 0.0000	</row0>
					<row1>	0.0000 1.0000 0.0000 0.0000	</row1>
					<row2>	0.7071 0.0000 0.7071 0.0000	</row2>
					<row3>	0.4298 0.8347 2.2267 1.0000	</row3>
				</transform>
			</node>
			<node>
				<identifier>	HP_AGA_16	</identifier>
				<transform>
					<row0>	0.7071 0.0000 0.7071 0.0000	</row0>
					<row1>	0.0000 1.0000 0.0000 0.0000	</row1>
					<row2>	-0.7071 0.0000 0.7071 0.0000	</row2>
					<row3>	-0.4296 0.9905 1.8468 1.0000	</row3>
				</transform>
			</node>
			<node>
				<identifier>	HP_AGA_17	</identifier>
				<transform>
					<row0>	0.7071 0.0000 -0.7071 0.0000	</row0>
					<row1>	0.0000 1.0000 0.0000 0.0000	</row1>
					<row2>	0.7071 0.0000 0.7071 0.0000	</row2>
					<row3>	0.4296 0.9905 1.8468 1.0000	</row3>
				</transform>
			</node>
			<node>
				<identifier>	HP_AGA_18	</identifier>
				<transform>
					<row0>	0.0000 0.0000 1.0000 0.0000	</row0>
					<row1>	0.0000 1.0000 0.0000 0.0000	</row1>
					<row2>	-1.0000 0.0000 0.0000 0.0000	</row2>
					<row3>	-1.1010 0.3799 1.7086 1.0000	</row3>
				</transform>
			</node>
			<node>
				<identifier>	HP_AGA_19	</identifier>
				<transform>
					<row0>	0.0000 0.0000 -1.0000 0.0000	</row0>
					<row1>	0.0000 1.0000 0.0000 0.0000	</row1>
					<row2>	1.0000 0.0000 0.0000 0.0000	</row2>
					<row3>	1.1010 0.3799 1.7086 1.0000	</row3>
				</transform>
			</node>
			<node>
				<identifier>	HP_AGA_20	</identifier>
				<transform>
					<row0>	0.0000 0.0000 1.0000 0.0000	</row0>
					<row1>	0.0000 1.0000 0.0000 0.0000	</row1>
					<row2>	-1.0000 0.0000 0.0000 0.0000	</row2>
					<row3>	-1.1010 0.3799 1.5052 1.0000	</row3>
				</transform>
			</node>
			<node>
				<identifier>	HP_AGA_21	</identifier>
				<transform>
					<row0>	0.0000 0.0000 -1.0000 0.0000	</row0>
					<row1>	0.0000 1.0000 0.0000 0.0000	</row1>
					<row2>	1.0000 0.0000 0.0000 0.0000	</row2>
					<row3>	1.1010 0.3799 1.5052 1.0000	</row3>
				</transform>
			</node>
			<node>
				<identifier>	HP_AGA_22	</identifier>
				<transform>
					<row0>	0.0000 0.0000 1.0000 0.0000	</row0>
					<row1>	0.0000 1.0000 0.0000 0.0000	</row1>
					<row2>	-1.0000 0.0000 0.0000 0.0000	</row2>
					<row3>	-0.4594 0.8382 1.3472 1.0000	</row3>
				</transform>
			</node>
			<node>
				<identifier>	HP_AGA_23	</identifier>
				<transform>
					<row0>	0.0000 0.0000 -1.0000 0.0000	</row0>
					<row1>	0.0000 1.0000 0.0000 0.0000	</row1>
					<row2>	1.0000 0.0000 0.0000 0.0000	</row2>
					<row3>	0.4594 0.8382 1.3472 1.0000	</row3>
				</transform>
			</node>
			<node>
				<identifier>	HP_AGA_24	</identifier>
				<transform>
					<row0>	0.0000 0.0000 1.0000 0.0000	</row0>
					<row1>	0.0000 1.0000 0.0000 0.0000	</row1>
					<row2>	-1.0000 0.0000 0.0000 0.0000	</row2>
					<row3>	-1.1010 0.3799 1.3018 1.0000	</row3>
				</transform>
			</node>
			<node>
				<identifier>	HP_AGA_25	</identifier>
				<transform>
					<row0>	0.0000 0.0000 -1.0000 0.0000	</row0>
					<row1>	0.0000 1.0000 0.0000 0.0000	</row1>
					<row2>	1.0000 0.0000 0.0000 0.0000	</row2>
					<row3>	1.1010 0.3799 1.3018 1.0000	</row3>
				</transform>
			</node>
			<node>
				<identifier>	HP_AGA_26	</identifier>
				<transform>
					<row0>	0.0000 0.0000 1.0000 0.0000	</row0>
					<row1>	0.0000 1.0000 0.0000 0.0000	</row1>
					<row2>	-1.0000 0.0000 0.0000 0.0000	</row2>
					<row3>	-0.4594 0.8382 1.1437 1.0000	</row3>
				</transform>
			</node>
			<node>
				<identifier>	HP_AGA_27	</identifier>
				<transform>
					<row0>	0.0000 0.0000 -1.0000 0.0000	</row0>
					<row1>	0.0000 1.0000 0.0000 0.0000	</row1>
					<row2>	1.0000 0.0000 0.0000 0.0000	</row2>
					<row3>	0.4594 0.8382 1.1437 1.0000	</row3>
				</transform>
			</node>
			<node>
				<identifier>	HP_AGA_6	</identifier>
				<transform>
					<row0>	0.7071 0.0000 0.7071 0.0000	</row0>
					<row1>	0.0000 1.0000 0.0000 0.0000	</row1>
					<row2>	-0.7071 0.0000 0.7071 0.0000	</row2>
					<row3>	-0.7517 0.3799 3.9480 1.0000	</row3>
				</transform>
			</node>
			<node>
				<identifier>	HP_AGA_7	</identifier>
				<transform>
					<row0>	0.7071 0.0000 -0.7071 0.0000	</row0>
					<row1>	0.0000 1.0000 0.0000 0.0000	</row1>
					<row2>	0.7071 0.0000 0.7071 0.0000	</row2>
					<row3>	0.7517 0.3799 3.9480 1.0000	</row3>
				</transform>
			</node>
			<node>
				<identifier>	HP_AGA_8	</identifier>
				<transform>
					<row0>	0.7071 0.0000 0.7071 0.0000	</row0>
					<row1>	0.0000 1.0000 0.0000 0.0000	</row1>
					<row2>	-0.7071 0.0000 0.7071 0.0000	</row2>
					<row3>	-0.8445 0.3799 3.7670 1.0000	</row3>
				</transform>
			</node>
			<node>
				<identifier>	HP_AGA_9	</identifier>
				<transform>
					<row0>	0.7071 0.0000 -0.7071 0.0000	</row0>
					<row1>	0.0000 1.0000 0.0000 0.0000	</row1>
					<row2>	0.7071 0.0000 0.7071 0.0000	</row2>
					<row3>	0.8445 0.3799 3.7670 1.0000	</row3>
				</transform>
			</node>
			<node>
				<identifier>	HP_AGM_2	</identifier>
				<transform>
					<row0>	1.0000 0.0000 0.0000 0.0000	</row0>
					<row1>	0.0000 1.0000 0.0000 0.0000	</row1>
					<row2>	0.0000 0.0000 1.0000 0.0000	</row2>
					<row3>	0.0000 0.6454 3.6785 1.0000	</row3>
				</transform>
			</node>
			<node>
				<identifier>	HP_AGS_1	</identifier>
				<transform>
					<row0>	1.0000 0.0000 0.0000 0.0000	</row0>
					<row1>	0.0000 1.0000 0.0000 0.0000	</row1>
					<row2>	0.0000 0.0000 1.0000 0.0000	</row2>
					<row3>	1.0147 0.4167 2.1993 1.0000	</row3>
				</transform>
			</node>
			<node>
				<identifier>	HP_AGS_2	</identifier>
				<transform>
					<row0>	1.0000 0.0000 0.0000 0.0000	</row0>
					<row1>	0.0000 1.0000 0.0000 0.0000	</row1>
					<row2>	0.0000 0.0000 1.0000 0.0000	</row2>
					<row3>	-1.0147 0.4167 2.1993 1.0000	</row3>
				</transform>
			</node>
			<node>
				<identifier>	HP_AGS_3	</identifier>
				<transform>
					<row0>	1.0000 0.0000 0.0000 0.0000	</row0>
					<row1>	0.0000 1.0000 0.0000 0.0000	</row1>
					<row2>	0.0000 0.0000 1.0000 0.0000	</row2>
					<row3>	-0.7000 0.5633 1.2780 1.0000	</row3>
				</transform>
			</node>
			<node>
				<identifier>	HP_AGS_4	</identifier>
				<transform>
					<row0>	1.0000 0.0000 0.0000 0.0000	</row0>
					<row1>	0.0000 1.0000 0.0000 0.0000	</row1>
					<row2>	0.0000 0.0000 1.0000 0.0000	</row2>
					<row3>	0.7000 0.5633 1.2780 1.0000	</row3>
				</transform>
			</node>
			<node>
				<identifier>	HP_ARF_1	</identifier>
				<transform>
					<row0>	1.0000 0.0000 0.0000 0.0000	</row0>
					<row1>	0.0000 1.0000 0.0000 0.0000	</row1>
					<row2>	0.0000 0.0000 1.0000 0.0000	</row2>
					<row3>	0.0000 1.3451 2.6381 1.0000	</row3>
				</transform>
			</node>
			<node>
				<identifier>	HP_ARS_1	</identifier>
				<transform>
					<row0>	1.0000 0.0000 0.0000 0.0000	</row0>
					<row1>	0.0000 1.0000 0.0000 0.0000	</row1>
					<row2>	0.0000 0.0000 1.0000 0.0000	</row2>
					<row3>	0.0000 2.6593 1.2343 1.0000	</row3>
				</transform>
			</node>
			<node>
				<identifier>	HP_ARS_2	</identifier>
				<transform>
					<row0>	1.0000 0.0000 0.0000 0.0000	</row0>
					<row1>	0.0000 1.0000 0.0000 0.0000	</row1>
					<row2>	0.0000 0.0000 1.0000 0.0000	</row2>
					<row3>	0.0003 3.0670 0.9894 1.0000	</row3>
				</transform>
			</node>
			<node>
				<identifier>	HP_FX_Death_2	</identifier>
				<transform>
					<row0>	1.0000 0.0000 0.0000 0.0000	</row0>
					<row1>	0.0000 1.0000 0.0000 0.0000	</row1>
					<row2>	0.0000 0.0000 1.0000 0.0000	</row2>
					<row3>	0.0000 0.0000 0.4919 1.0000	</row3>
				</transform>
			</node>
			<node>
				<identifier>	HP_FX_Fire_2	</identifier>
				<transform>
					<row0>	1.0000 0.0000 0.0000 0.0000	</row0>
					<row1>	0.0000 1.0000 0.0000 0.0000	</row1>
					<row2>	0.0000 0.0000 1.0000 0.0000	</row2>
					<row3>	0.0000 1.1566 2.3740 1.0000	</row3>
				</transform>
			</node>
			<node>
				<identifier>	HP_FX_Fire_2_side_1	</identifier>
				<transform>
					<row0>	1.0000 0.0000 0.0000 0.0000	</row0>
					<row1>	0.0000 1.0000 0.0000 0.0000	</row1>
					<row2>	0.0000 0.0000 1.0000 0.0000	</row2>
					<row3>	-0.8407 0.4249 3.7742 1.0000	</row3>
				</transform>
			</node>
			<node>
				<identifier>	HP_FX_Fire_2_side_2	</identifier>
				<transform>
					<row0>	1.0000 0.0000 0.0000 0.0000	</row0>
					<row1>	0.0000 1.0000 0.0000 0.0000	</row1>
					<row2>	0.0000 0.0000 1.0000 0.0000	</row2>
					<row3>	0.4487 0.8747 1.3466 1.0000	</row3>
				</transform>
			</node>
			<node>
				<identifier>	HP_FX_FloodLight_left_1	</identifier>
				<transform>
					<row0>	-1.0000 0.0000 0.0000 0.0000	</row0>
					<row1>	0.0000 1.0000 0.0000 0.0000	</row1>
					<row2>	0.0000 0.0000 -1.0000 0.0000	</row2>
					<row3>	-0.4538 0.6517 1.7751 1.0000	</row3>
				</transform>
			</node>
			<node>
				<identifier>	HP_FX_FloodLight_right_2	</identifier>
				<transform>
					<row0>	1.0000 0.0000 0.0000 0.0000	</row0>
					<row1>	0.0000 1.0000 0.0000 0.0000	</row1>
					<row2>	0.0000 0.0000 1.0000 0.0000	</row2>
					<row3>	0.4358 0.6167 1.9980 1.0000	</row3>
				</transform>
			</node>
			<node>
				<identifier>	HP_FX_Flood_steam_2	</identifier>
				<transform>
					<row0>	1.0000 0.0000 0.0000 0.0000	</row0>
					<row1>	0.0000 0.9204 -0.3910 0.0000	</row1>
					<row2>	0.0000 0.3910 0.9204 0.0000	</row2>
					<row3>	-0.0010 1.6452 0.6296 1.0000	</row3>
				</transform>
			</node>
			<node>
				<identifier>	HP_FX_Flood_steam_left	</identifier>
				<transform>
					<row0>	-1.0000 0.0000 0.0000 0.0000	</row0>
					<row1>	0.0000 1.0000 0.0000 0.0000	</row1>
					<row2>	0.0000 0.0000 -1.0000 0.0000	</row2>
					<row3>	-0.4398 0.6347 1.8871 1.0000	</row3>
				</transform>
			</node>
			<node>
				<identifier>	HP_FX_Flood_water_left_2	</identifier>
				<transform>
					<row0>	-0.9966 0.0000 0.0819 0.0000	</row0>
					<row1>	0.0000 1.0000 0.0000 0.0000	</row1>
					<row2>	-0.0819 0.0000 -0.9966 0.0000	</row2>
					<row3>	-1.0689 0.0512 3.4228 1.0000	</row3>
				</transform>
			</node>
			<node>
				<identifier>	HP_FX_Flood_water_right_2	</identifier>
				<transform>
					<row0>	0.9954 0.0000 0.0962 0.0000	</row0>
					<row1>	0.0000 1.0000 0.0000 0.0000	</row1>
					<row2>	-0.0962 0.0000 0.9954 0.0000	</row2>
					<row3>	1.0713 0.0584 3.4239 1.0000	</row3>
				</transform>
			</node>
			<node>
				<identifier>	HP_FX_RepairLight_left_1	</identifier>
				<transform>
					<row0>	0.1469 0.0000 0.9892 0.0000	</row0>
					<row1>	0.0000 1.0000 0.0000 0.0000	</row1>
					<row2>	-0.9892 0.0000 0.1469 0.0000	</row2>
					<row3>	-1.1059 0.3712 3.6028 1.0000	</row3>
				</transform>
			</node>
			<node>
				<identifier>	HP_FX_RepairLight_right_2	</identifier>
				<transform>
					<row0>	0.0110 0.0000 -0.9999 0.0000	</row0>
					<row1>	-0.0252 0.9997 -0.0003 0.0000	</row1>
					<row2>	0.9996 0.0252 0.0110 0.0000	</row2>
					<row3>	1.1948 0.3685 1.2031 1.0000	</row3>
				</transform>
			</node>
			<node>
				<identifier>	HP_FX_Smoke_1	</identifier>
				<transform>
					<row0>	1.0000 0.0000 0.0000 0.0000	</row0>
					<row1>	0.0000 0.9405 -0.3399 0.0000	</row1>
					<row2>	0.0000 0.3399 0.9405 0.0000	</row2>
					<row3>	0.0000 1.7246 0.9235 1.0000	</row3>
				</transform>
			</node>
			<node>
				<identifier>	HP_flag_1	</identifier>
				<transform>
					<row0>	0.9959 -0.0905 0.0078 0.0000	</row0>
					<row1>	0.0898 0.9678 -0.2352 0.0000	</row1>
					<row2>	0.0137 0.2349 0.9719 0.0000	</row2>
					<row3>	0.6665 2.1269 1.2803 1.0000	</row3>
				</transform>
			</node>
			<node>
				<identifier>	HP_flag_2	</identifier>
				<transform>
					<row0>	0.9957 0.0924 -0.0002 0.0000	</row0>
					<row1>	-0.0898 0.9678 -0.2352 0.0000	</row1>
					<row2>	-0.0216 0.2342 0.9719 0.0000	</row2>
					<row3>	-0.6670 2.1268 1.2799 1.0000	</row3>
				</transform>
			</node>
			<node>
				<identifier>	HP_flag_3	</identifier>
				<transform>
					<row0>	0.9910 0.1319 -0.0242 0.0000	</row0>
					<row1>	-0.1339 0.9629 -0.2342 0.0000	</row1>
					<row2>	-0.0076 0.2353 0.9719 0.0000	</row2>
					<row3>	0.2493 2.1255 1.2801 1.0000	</row3>
				</transform>
			</node>
			<node>
				<identifier>	HP_flag_4	</identifier>
				<transform>
					<row0>	0.9909 -0.1339 0.0160 0.0000	</row0>
					<row1>	0.1339 0.9629 -0.2342 0.0000	</row1>
					<row2>	0.0160 0.2342 0.9721 0.0000	</row2>
					<row3>	-0.2497 2.1265 1.2795 1.0000	</row3>
				</transform>
			</node>
			<node>
				<identifier>	MP_AM001_Bollard_2	</identifier>
				<transform>
					<row0>	1.4548 0.0000 0.0946 0.0000	</row0>
					<row1>	0.0000 1.4578 0.0000 0.0000	</row1>
					<row2>	-0.0946 0.0000 1.4548 0.0000	</row2>
					<row3>	1.0995 0.3806 2.8301 1.0000	</row3>
				</transform>
			</node>
			<node>
				<identifier>	MP_AM001_Bollard_2_INDEX_1	</identifier>
				<transform>
					<row0>	1.4548 0.0000 -0.0946 0.0000	</row0>
					<row1>	0.0000 1.4578 0.0000 0.0000	</row1>
					<row2>	0.0946 0.0000 1.4548 0.0000	</row2>
					<row3>	-1.0995 0.3806 2.8301 1.0000	</row3>
				</transform>
			</node>
			<node>
				<identifier>	MP_AM010_Speaker_1	</identifier>
				<transform>
					<row0>	-0.7980 0.0000 -0.6027 0.0000	</row0>
					<row1>	-0.1968 0.9452 0.2606 0.0000	</row1>
					<row2>	0.5696 0.3266 -0.7542 0.0000	</row2>
					<row3>	-0.1822 0.9648 2.7943 1.0000	</row3>
				</transform>
			</node>
			<node>
				<identifier>	MP_AM010_Speaker_1_INDEX_1	</identifier>
				<transform>
					<row0>	-0.7980 0.0000 0.6027 0.0000	</row0>
					<row1>	0.1968 0.9452 0.2606 0.0000	</row1>
					<row2>	-0.5696 0.3266 -0.7542 0.0000	</row2>
					<row3>	0.1822 0.9648 2.7943 1.0000	</row3>
				</transform>
			</node>
			<node>
				<identifier>	MP_AM010_Speaker_1_INDEX_2	</identifier>
				<transform>
					<row0>	-1.0000 0.0000 0.0000 0.0000	</row0>
					<row1>	0.0000 1.0000 0.0000 0.0000	</row1>
					<row2>	0.0000 0.0000 -1.0000 0.0000	</row2>
					<row3>	0.0680 1.3856 1.7688 1.0000	</row3>
				</transform>
			</node>
			<node>
				<identifier>	MP_AM018_Compass_Binnacle	</identifier>
				<transform>
					<row0>	-1.0000 0.0000 0.0000 0.0000	</row0>
					<row1>	0.0000 1.0000 0.0000 0.0000	</row1>
					<row2>	0.0000 0.0000 -1.0000 0.0000	</row2>
					<row3>	0.0000 1.1430 0.4658 1.0000	</row3>
				</transform>
			</node>
			<node>
				<identifier>	MP_AM019_Ventilators_1	</identifier>
				<transform>
					<row0>	1.0000 0.0000 0.0000 0.0000	</row0>
					<row1>	0.0000 1.0000 0.0000 0.0000	</row1>
					<row2>	0.0000 0.0000 1.0000 0.0000	</row2>
					<row3>	-0.4624 0.5328 3.1101 1.0000	</row3>
				</transform>
			</node>
			<node>
				<identifier>	MP_AM019_Ventilators_1_INDEX_1	</identifier>
				<transform>
					<row0>	1.0000 0.0000 0.0000 0.0000	</row0>
					<row1>	0.0000 1.0000 0.0000 0.0000	</row1>
					<row2>	0.0000 0.0000 1.0000 0.0000	</row2>
					<row3>	0.4624 0.5328 3.1101 1.0000	</row3>
				</transform>
			</node>
			<node>
				<identifier>	MP_AM020_Ventilators_2	</identifier>
				<transform>
					<row0>	1.0000 0.0000 0.0000 0.0000	</row0>
					<row1>	0.0000 1.0000 0.0000 0.0000	</row1>
					<row2>	0.0000 0.0000 1.0000 0.0000	</row2>
					<row3>	-0.3561 0.3821 4.0712 1.0000	</row3>
				</transform>
			</node>
			<node>
				<identifier>	MP_AM020_Ventilators_2_INDEX_1	</identifier>
				<transform>
					<row0>	1.0000 0.0000 0.0000 0.0000	</row0>
					<row1>	0.0000 1.0000 0.0000 0.0000	</row1>
					<row2>	0.0000 0.0000 1.0000 0.0000	</row2>
					<row3>	0.3561 0.3821 4.0712 1.0000	</row3>
				</transform>
			</node>
			<node>
				<identifier>	MP_AM024_Hatch_2	</identifier>
				<transform>
					<row0>	1.7000 0.0000 0.0000 0.0000	</row0>
					<row1>	0.0000 1.6999 -0.0131 0.0000	</row1>
					<row2>	0.0000 0.0131 1.6999 0.0000	</row2>
					<row3>	-0.6915 0.3849 4.4047 1.0000	</row3>
				</transform>
			</node>
			<node>
				<identifier>	MP_AM024_Hatch_2_INDEX_1	</identifier>
				<transform>
					<row0>	1.7000 0.0000 0.0000 0.0000	</row0>
					<row1>	0.0000 1.6999 -0.0131 0.0000	</row1>
					<row2>	0.0000 0.0131 1.6999 0.0000	</row2>
					<row3>	0.6915 0.3849 4.4047 1.0000	</row3>
				</transform>
			</node>
			<node>
				<identifier>	MP_AM025_Pelorus_Mk7	</identifier>
				<transform>
					<row0>	1.0000 0.0000 0.0000 0.0000	</row0>
					<row1>	0.0000 1.0000 0.0000 0.0000	</row1>
					<row2>	0.0000 0.0000 1.0000 0.0000	</row2>
					<row3>	0.3011 0.8375 2.5875 1.0000	</row3>
				</transform>
			</node>
			<node>
				<identifier>	MP_AM025_Pelorus_Mk7_INDEX_1	</identifier>
				<transform>
					<row0>	1.0000 0.0000 0.0000 0.0000	</row0>
					<row1>	0.0000 1.0000 0.0000 0.0000	</row1>
					<row2>	0.0000 0.0000 1.0000 0.0000	</row2>
					<row3>	-0.3022 0.8375 2.5877 1.0000	</row3>
				</transform>
			</node>
			<node>
				<identifier>	MP_AM025_Pelorus_Mk7_INDEX_2	</identifier>
				<transform>
					<row0>	1.0000 0.0000 0.0000 0.0000	</row0>
					<row1>	0.0000 1.0000 0.0000 0.0000	</row1>
					<row2>	0.0000 0.0000 1.0000 0.0000	</row2>
					<row3>	-0.1900 1.1530 2.8671 1.0000	</row3>
				</transform>
			</node>
			<node>
				<identifier>	MP_AM025_Pelorus_Mk7_INDEX_3	</identifier>
				<transform>
					<row0>	1.0000 0.0000 0.0000 0.0000	</row0>
					<row1>	0.0000 1.0000 0.0000 0.0000	</row1>
					<row2>	0.0000 0.0000 1.0000 0.0000	</row2>
					<row3>	0.1900 1.1530 2.8671 1.0000	</row3>
				</transform>
			</node>
			<node>
				<identifier>	MP_AM028_Ammunition_Box2	</identifier>
				<transform>
					<row0>	0.0000 0.0000 -1.0000 0.0000	</row0>
					<row1>	0.0000 1.0000 0.0000 0.0000	</row1>
					<row2>	1.0000 0.0000 0.0000 0.0000	</row2>
					<row3>	0.1649 0.9879 2.1580 1.0000	</row3>
				</transform>
			</node>
			<node>
				<identifier>	MP_AM028_Ammunition_Box2_INDEX_1	</identifier>
				<transform>
					<row0>	0.0000 0.0000 1.0000 0.0000	</row0>
					<row1>	0.0000 1.0000 0.0000 0.0000	</row1>
					<row2>	-1.0000 0.0000 0.0000 0.0000	</row2>
					<row3>	-0.1649 0.8363 1.6906 1.0000	</row3>
				</transform>
			</node>
			<node>
				<identifier>	MP_AM028_Ammunition_Box2_INDEX_2	</identifier>
				<transform>
					<row0>	0.0000 0.0000 -1.0000 0.0000	</row0>
					<row1>	0.0000 1.0000 0.0000 0.0000	</row1>
					<row2>	1.0000 0.0000 0.0000 0.0000	</row2>
					<row3>	0.1659 1.1416 1.5025 1.0000	</row3>
				</transform>
			</node>
			<node>
				<identifier>	MP_AM028_Ammunition_Box2_INDEX_3	</identifier>
				<transform>
					<row0>	0.0000 0.0000 1.0000 0.0000	</row0>
					<row1>	0.0000 1.0000 0.0000 0.0000	</row1>
					<row2>	-1.0000 0.0000 0.0000 0.0000	</row2>
					<row3>	-0.1649 0.9879 2.1703 1.0000	</row3>
				</transform>
			</node>
			<node>
				<identifier>	MP_AM028_Ammunition_Box2_INDEX_4	</identifier>
				<transform>
					<row0>	0.0000 0.0000 -1.0000 0.0000	</row0>
					<row1>	0.0000 1.0000 0.0000 0.0000	</row1>
					<row2>	1.0000 0.0000 0.0000 0.0000	</row2>
					<row3>	-0.1238 1.1426 2.4003 1.0000	</row3>
				</transform>
			</node>
			<node>
				<identifier>	MP_AM028_Ammunition_Box2_INDEX_5	</identifier>
				<transform>
					<row0>	0.0000 0.0000 1.0000 0.0000	</row0>
					<row1>	0.0000 1.0000 0.0000 0.0000	</row1>
					<row2>	-1.0000 0.0000 0.0000 0.0000	</row2>
					<row3>	-0.1649 1.1416 1.6714 1.0000	</row3>
				</transform>
			</node>
			<node>
				<identifier>	MP_AM028_Ammunition_Box2_INDEX_6	</identifier>
				<transform>
					<row0>	0.0000 0.0000 -1.0000 0.0000	</row0>
					<row1>	0.0000 1.0000 0.0000 0.0000	</row1>
					<row2>	1.0000 0.0000 0.0000 0.0000	</row2>
					<row3>	0.1649 0.8363 1.6221 1.0000	</row3>
				</transform>
			</node>
			<node>
				<identifier>	MP_AM028_Ammunition_Box2_INDEX_7	</identifier>
				<transform>
					<row0>	0.0000 0.0000 -1.0000 0.0000	</row0>
					<row1>	0.0000 1.0000 0.0000 0.0000	</row1>
					<row2>	1.0000 0.0000 0.0000 0.0000	</row2>
					<row3>	-0.1567 2.0866 1.4676 1.0000	</row3>
				</transform>
			</node>
			<node>
				<identifier>	MP_AM030_Ammunition_Box4	</identifier>
				<transform>
					<row0>	0.0000 0.0000 -1.0000 0.0000	</row0>
					<row1>	0.0000 1.0000 0.0000 0.0000	</row1>
					<row2>	1.0000 0.0000 0.0000 0.0000	</row2>
					<row3>	0.3536 0.8377 1.2440 1.0000	</row3>
				</transform>
			</node>
			<node>
				<identifier>	MP_AM030_Ammunition_Box4_INDEX_1	</identifier>
				<transform>
					<row0>	0.4558 0.0000 0.8901 0.0000	</row0>
					<row1>	0.0000 1.0000 0.0000 0.0000	</row1>
					<row2>	-0.8901 0.0000 0.4558 0.0000	</row2>
					<row3>	-0.8940 0.3809 3.4538 1.0000	</row3>
				</transform>
			</node>
			<node>
				<identifier>	MP_AM030_Ammunition_Box4_INDEX_10	</identifier>
				<transform>
					<row0>	0.4558 0.0000 0.8901 0.0000	</row0>
					<row1>	0.0000 1.0000 0.0000 0.0000	</row1>
					<row2>	-0.8901 0.0000 0.4558 0.0000	</row2>
					<row3>	-0.7992 0.3809 3.6354 1.0000	</row3>
				</transform>
			</node>
			<node>
				<identifier>	MP_AM030_Ammunition_Box4_INDEX_11	</identifier>
				<transform>
					<row0>	0.4558 0.0000 -0.8901 0.0000	</row0>
					<row1>	0.0000 1.0000 0.0000 0.0000	</row1>
					<row2>	0.8901 0.0000 0.4558 0.0000	</row2>
					<row3>	0.8937 0.3809 3.4523 1.0000	</row3>
				</transform>
			</node>
			<node>
				<identifier>	MP_AM030_Ammunition_Box4_INDEX_2	</identifier>
				<transform>
					<row0>	0.0108 0.0000 -0.9999 0.0000	</row0>
					<row1>	0.0000 1.0000 0.0000 0.0000	</row1>
					<row2>	0.9999 0.0000 0.0108 0.0000	</row2>
					<row3>	1.0266 0.3806 1.4017 1.0000	</row3>
				</transform>
			</node>
			<node>
				<identifier>	MP_AM030_Ammunition_Box4_INDEX_3	</identifier>
				<transform>
					<row0>	0.0108 0.0000 -0.9999 0.0000	</row0>
					<row1>	0.0000 1.0000 0.0000 0.0000	</row1>
					<row2>	0.9999 0.0000 0.0108 0.0000	</row2>
					<row3>	1.0263 0.3806 1.6051 1.0000	</row3>
				</transform>
			</node>
			<node>
				<identifier>	MP_AM030_Ammunition_Box4_INDEX_4	</identifier>
				<transform>
					<row0>	0.4558 0.0000 0.8901 0.0000	</row0>
					<row1>	0.0000 1.0000 0.0000 0.0000	</row1>
					<row2>	-0.8901 0.0000 0.4558 0.0000	</row2>
					<row3>	-0.7104 0.3809 3.8150 1.0000	</row3>
				</transform>
			</node>
			<node>
				<identifier>	MP_AM030_Ammunition_Box4_INDEX_5	</identifier>
				<transform>
					<row0>	0.0108 0.0000 0.9999 0.0000	</row0>
					<row1>	0.0000 1.0000 0.0000 0.0000	</row1>
					<row2>	-0.9999 0.0000 0.0108 0.0000	</row2>
					<row3>	-1.0293 0.3806 1.4017 1.0000	</row3>
				</transform>
			</node>
			<node>
				<identifier>	MP_AM030_Ammunition_Box4_INDEX_6	</identifier>
				<transform>
					<row0>	0.0108 0.0000 0.9999 0.0000	</row0>
					<row1>	0.0000 1.0000 0.0000 0.0000	</row1>
					<row2>	-0.9999 0.0000 0.0108 0.0000	</row2>
					<row3>	-1.0267 0.3806 1.6051 1.0000	</row3>
				</transform>
			</node>
			<node>
				<identifier>	MP_AM030_Ammunition_Box4_INDEX_7	</identifier>
				<transform>
					<row0>	0.0000 0.0000 1.0000 0.0000	</row0>
					<row1>	0.0000 1.0000 0.0000 0.0000	</row1>
					<row2>	-1.0000 0.0000 0.0000 0.0000	</row2>
					<row3>	-0.3541 0.8377 1.2447 1.0000	</row3>
				</transform>
			</node>
			<node>
				<identifier>	MP_AM030_Ammunition_Box4_INDEX_8	</identifier>
				<transform>
					<row0>	0.4558 0.0000 -0.8901 0.0000	</row0>
					<row1>	0.0000 1.0000 0.0000 0.0000	</row1>
					<row2>	0.8901 0.0000 0.4558 0.0000	</row2>
					<row3>	0.7061 0.3809 3.8181 1.0000	</row3>
				</transform>
			</node>
			<node>
				<identifier>	MP_AM030_Ammunition_Box4_INDEX_9	</identifier>
				<transform>
					<row0>	0.4558 0.0000 -0.8901 0.0000	</row0>
					<row1>	0.0000 1.0000 0.0000 0.0000	</row1>
					<row2>	0.8901 0.0000 0.4558 0.0000	</row2>
					<row3>	0.8009 0.3809 3.6358 1.0000	</row3>
				</transform>
			</node>
			<node>
				<identifier>	MP_AM037_Searchlight_900mm	</identifier>
				<transform>
					<row0>	-1.0000 0.0000 0.0000 0.0000	</row0>
					<row1>	0.0000 1.0000 0.0000 0.0000	</row1>
					<row2>	0.0000 0.0000 -1.0000 0.0000	</row2>
					<row3>	0.3804 1.1430 0.7417 1.0000	</row3>
				</transform>
			</node>
			<node>
				<identifier>	MP_AM037_Searchlight_900mm_INDEX_1	</identifier>
				<transform>
					<row0>	1.0000 0.0000 0.0000 0.0000	</row0>
					<row1>	0.0000 1.0000 0.0000 0.0000	</row1>
					<row2>	0.0000 0.0000 1.0000 0.0000	</row2>
					<row3>	-0.3804 1.1430 0.7417 1.0000	</row3>
				</transform>
			</node>
			<node>
				<identifier>	MP_AM038_Searchlight_600mm	</identifier>
				<transform>
					<row0>	0.5423 0.0000 0.8402 0.0000	</row0>
					<row1>	0.0000 1.0000 0.0000 0.0000	</row1>
					<row2>	-0.8402 0.0000 0.5423 0.0000	</row2>
					<row3>	-0.3703 0.8375 2.4859 1.0000	</row3>
				</transform>
			</node>
			<node>
				<identifier>	MP_AM038_Searchlight_600mm_INDEX_1	</identifier>
				<transform>
					<row0>	0.5423 0.0000 -0.8402 0.0000	</row0>
					<row1>	0.0000 1.0000 0.0000 0.0000	</row1>
					<row2>	0.8402 0.0000 0.5423 0.0000	</row2>
					<row3>	0.3678 0.8375 2.4865 1.0000	</row3>
				</transform>
			</node>
			<node>
				<identifier>	MP_AM041_TDY1_Jammer	</identifier>
				<transform>
					<row0>	1.0000 0.0000 0.0000 0.0000	</row0>
					<row1>	0.0000 1.0000 0.0000 0.0000	</row1>
					<row2>	0.0000 0.0000 1.0000 0.0000	</row2>
					<row3>	0.0000 1.7671 1.8143 1.0000	</row3>
				</transform>
			</node>
			<node>
				<identifier>	MP_AM045_Running_Lights_F	</identifier>
				<transform>
					<row0>	1.0000 0.0000 0.0000 0.0000	</row0>
					<row1>	0.0000 1.0000 0.0000 0.0000	</row1>
					<row2>	0.0000 0.0000 1.0000 0.0000	</row2>
					<row3>	0.0000 2.1294 1.9357 1.0000	</row3>
				</transform>
			</node>
			<node>
				<identifier>	MP_AM047_Running_Lights_R	</identifier>
				<transform>
					<row0>	1.0000 0.0000 0.0000 0.0000	</row0>
					<row1>	0.0000 1.0000 0.0000 0.0000	</row1>
					<row2>	0.0000 0.0000 1.0000 0.0000	</row2>
					<row3>	0.3101 1.1559 2.5458 1.0000	</row3>
				</transform>
			</node>
			<node>
				<identifier>	MP_AM048_Running_Lights_L	</identifier>
				<transform>
					<row0>	1.0000 0.0000 0.0000 0.0000	</row0>
					<row1>	0.0000 1.0000 0.0000 0.0000	</row1>
					<row2>	0.0000 0.0000 1.0000 0.0000	</row2>
					<row3>	-0.3101 1.1559 2.5458 1.0000	</row3>
				</transform>
			</node>
			<node>
				<identifier>	MP_AM049_Signal_Lamp_1	</identifier>
				<transform>
					<row0>	1.0000 0.0000 0.0000 0.0000	</row0>
					<row1>	0.0000 1.0000 0.0000 0.0000	</row1>
					<row2>	0.0000 0.0000 1.0000 0.0000	</row2>
					<row3>	0.7672 2.1553 1.2764 1.0000	</row3>
				</transform>
			</node>
			<node>
				<identifier>	MP_AM049_Signal_Lamp_1_INDEX_1	</identifier>
				<transform>
					<row0>	1.0000 0.0000 0.0000 0.0000	</row0>
					<row1>	0.0000 1.0000 0.0000 0.0000	</row1>
					<row2>	0.0000 0.0000 1.0000 0.0000	</row2>
					<row3>	-0.7672 2.1553 1.2764 1.0000	</row3>
				</transform>
			</node>
			<node>
				<identifier>	MP_AM050_Fightin_Light	</identifier>
				<transform>
					<row0>	-0.9997 -0.0262 0.0000 0.0000	</row0>
					<row1>	-0.0262 0.9997 0.0000 0.0000	</row1>
					<row2>	0.0000 0.0000 -1.0000 0.0000	</row2>
					<row3>	0.1348 1.5886 1.5936 1.0000	</row3>
				</transform>
			</node>
			<node>
				<identifier>	MP_AM050_Fightin_Light_INDEX_1	</identifier>
				<transform>
					<row0>	0.9997 -0.0262 0.0000 0.0000	</row0>
					<row1>	0.0262 0.9997 0.0000 0.0000	</row1>
					<row2>	0.0000 0.0000 1.0000 0.0000	</row2>
					<row3>	-0.1339 1.5886 1.5808 1.0000	</row3>
				</transform>
			</node>
			<node>
				<identifier>	MP_AM050_Fightin_Light_INDEX_2	</identifier>
				<transform>
					<row0>	-1.0000 0.0000 0.0000 0.0000	</row0>
					<row1>	0.0000 1.0000 0.0000 0.0000	</row1>
					<row2>	0.0000 0.0000 -1.0000 0.0000	</row2>
					<row3>	0.6282 1.0183 1.8468 1.0000	</row3>
				</transform>
			</node>
			<node>
				<identifier>	MP_AM050_Fightin_Light_INDEX_3	</identifier>
				<transform>
					<row0>	1.0000 0.0000 0.0000 0.0000	</row0>
					<row1>	0.0000 1.0000 0.0000 0.0000	</row1>
					<row2>	0.0000 0.0000 1.0000 0.0000	</row2>
					<row3>	-0.6282 1.0183 1.8468 1.0000	</row3>
				</transform>
			</node>
			<node>
				<identifier>	MP_AM051_Fightin_Light_R	</identifier>
				<transform>
					<row0>	1.0000 0.0000 0.0000 0.0000	</row0>
					<row1>	0.0000 1.0000 0.0000 0.0000	</row1>
					<row2>	0.0000 0.0000 1.0000 0.0000	</row2>
					<row3>	0.1810 2.1488 1.6857 1.0000	</row3>
				</transform>
			</node>
			<node>
				<identifier>	MP_AM052_Fightin_Light_L	</identifier>
				<transform>
					<row0>	1.0000 0.0000 0.0000 0.0000	</row0>
					<row1>	0.0000 1.0000 0.0000 0.0000	</row1>
					<row2>	0.0000 0.0000 1.0000 0.0000	</row2>
					<row3>	-0.1810 2.1488 1.6857 1.0000	</row3>
				</transform>
			</node>
			<node>
				<identifier>	MP_AM055_Boat_1	</identifier>
				<transform>
					<row0>	0.0000 1.0000 0.0000 0.0000	</row0>
					<row1>	0.8474 0.0000 0.5309 0.0000	</row1>
					<row2>	0.5309 0.0000 -0.8474 0.0000	</row2>
					<row3>	0.4573 0.7448 2.4116 1.0000	</row3>
				</transform>
			</node>
			<node>
				<identifier>	MP_AM055_Boat_1_INDEX_1	</identifier>
				<transform>
					<row0>	0.0000 -1.0000 0.0000 0.0000	</row0>
					<row1>	-0.8474 0.0000 0.5309 0.0000	</row1>
					<row2>	-0.5309 0.0000 -0.8474 0.0000	</row2>
					<row3>	-0.4573 0.7448 2.4116 1.0000	</row3>
				</transform>
			</node>
			<node>
				<identifier>	MP_AM055_Boat_1_INDEX_2	</identifier>
				<transform>
					<row0>	0.0000 1.0000 0.0000 0.0000	</row0>
					<row1>	1.0000 0.0000 0.0000 0.0000	</row1>
					<row2>	0.0000 0.0000 -1.0000 0.0000	</row2>
					<row3>	0.4292 0.7379 1.9341 1.0000	</row3>
				</transform>
			</node>
			<node>
				<identifier>	MP_AM055_Boat_1_INDEX_3	</identifier>
				<transform>
					<row0>	0.0000 -1.0000 0.0000 0.0000	</row0>
					<row1>	-1.0000 0.0000 0.0000 0.0000	</row1>
					<row2>	0.0000 0.0000 -1.0000 0.0000	</row2>
					<row3>	-0.4292 0.7379 1.9341 1.0000	</row3>
				</transform>
			</node>
			<node>
				<identifier>	MP_AM056_Boat_2	</identifier>
				<transform>
					<row0>	1.0000 0.0000 0.0000 0.0000	</row0>
					<row1>	0.0000 1.0000 0.0000 0.0000	</row1>
					<row2>	0.0000 0.0000 1.0000 0.0000	</row2>
					<row3>	0.6088 0.5331 1.9720 1.0000	</row3>
				</transform>
			</node>
			<node>
				<identifier>	MP_AM056_Boat_2_INDEX_1	</identifier>
				<transform>
					<row0>	1.0000 0.0000 0.0000 0.0000	</row0>
					<row1>	0.0000 1.0000 0.0000 0.0000	</row1>
					<row2>	0.0000 0.0000 1.0000 0.0000	</row2>
					<row3>	-0.5065 0.5331 1.9720 1.0000	</row3>
				</transform>
			</node>
			<node>
				<identifier>	MP_AM056_Boat_2_INDEX_2	</identifier>
				<transform>
					<row0>	-0.8903 0.0000 -0.4554 0.0000	</row0>
					<row1>	0.0000 1.0000 0.0000 0.0000	</row1>
					<row2>	0.4554 0.0000 -0.8903 0.0000	</row2>
					<row3>	0.5373 0.5324 3.4590 1.0000	</row3>
				</transform>
			</node>
			<node>
				<identifier>	MP_AM056_Boat_2_INDEX_3	</identifier>
				<transform>
					<row0>	-0.8903 0.0000 0.4554 0.0000	</row0>
					<row1>	0.0000 1.0000 0.0000 0.0000	</row1>
					<row2>	-0.4554 0.0000 -0.8903 0.0000	</row2>
					<row3>	-0.5373 0.5324 3.4590 1.0000	</row3>
				</transform>
			</node>
			<node>
				<identifier>	MP_AM060_RDF_Antenna	</identifier>
				<transform>
					<row0>	1.0000 0.0000 0.0000 0.0000	</row0>
					<row1>	0.0000 1.0000 0.0000 0.0000	</row1>
					<row2>	0.0000 0.0000 1.0000 0.0000	</row2>
					<row3>	0.0000 1.3855 0.5315 1.0000	</row3>
				</transform>
			</node>
			<node>
				<identifier>	MP_AM061_Sky_Lookout_1	</identifier>
				<transform>
					<row0>	0.0000 0.0000 1.0000 0.0000	</row0>
					<row1>	0.0000 1.0000 0.0000 0.0000	</row1>
					<row2>	-1.0000 0.0000 0.0000 0.0000	</row2>
					<row3>	-0.1506 2.0824 1.7594 1.0000	</row3>
				</transform>
			</node>
			<node>
				<identifier>	MP_AM061_Sky_Lookout_1_INDEX_1	</identifier>
				<transform>
					<row0>	-0.7071 0.0000 -0.7071 0.0000	</row0>
					<row1>	0.0000 1.0000 0.0000 0.0000	</row1>
					<row2>	0.7071 0.0000 -0.7071 0.0000	</row2>
					<row3>	0.1397 2.0824 1.3728 1.0000	</row3>
				</transform>
			</node>
			<node>
				<identifier>	MP_AM061_Sky_Lookout_1_INDEX_2	</identifier>
				<transform>
					<row0>	0.0000 0.0000 -1.0000 0.0000	</row0>
					<row1>	0.0000 1.0000 0.0000 0.0000	</row1>
					<row2>	1.0000 0.0000 0.0000 0.0000	</row2>
					<row3>	0.1506 2.0824 1.7594 1.0000	</row3>
				</transform>
			</node>
			<node>
				<identifier>	MP_AM061_Sky_Lookout_1_INDEX_3	</identifier>
				<transform>
					<row0>	-0.7071 0.0000 0.7071 0.0000	</row0>
					<row1>	0.0000 1.0000 0.0000 0.0000	</row1>
					<row2>	-0.7071 0.0000 -0.7071 0.0000	</row2>
					<row3>	-0.1397 2.0824 1.3728 1.0000	</row3>
				</transform>
			</node>
			<node>
				<identifier>	MP_AM062_IFF_Antenna	</identifier>
				<transform>
					<row0>	0.0000 0.0000 1.0000 0.0000	</row0>
					<row1>	0.0000 1.0000 0.0000 0.0000	</row1>
					<row2>	-1.0000 0.0000 0.0000 0.0000	</row2>
					<row3>	-0.3454 2.2249 1.2761 1.0000	</row3>
				</transform>
			</node>
			<node>
				<identifier>	MP_AM062_IFF_Antenna_INDEX_1	</identifier>
				<transform>
					<row0>	1.0000 0.0000 0.0000 0.0000	</row0>
					<row1>	0.0000 1.0000 0.0000 0.0000	</row1>
					<row2>	0.0000 0.0000 1.0000 0.0000	</row2>
					<row3>	0.5430 2.2232 1.2751 1.0000	</row3>
				</transform>
			</node>
			<node>
				<identifier>	MP_AM063_Wind_Direction	</identifier>
				<transform>
					<row0>	0.0000 0.0000 -1.0000 0.0000	</row0>
					<row1>	0.0000 1.0000 0.0000 0.0000	</row1>
					<row2>	1.0000 0.0000 0.0000 0.0000	</row2>
					<row3>	-0.7319 2.1562 1.2736 1.0000	</row3>
				</transform>
			</node>
			<node>
				<identifier>	MP_AM064_Wind_Intensity	</identifier>
				<transform>
					<row0>	1.0000 0.0000 0.0000 0.0000	</row0>
					<row1>	0.0000 1.0000 0.0000 0.0000	</row1>
					<row2>	0.0000 0.0000 1.0000 0.0000	</row2>
					<row3>	0.7396 2.1553 1.2764 1.0000	</row3>
				</transform>
			</node>
			<node>
				<identifier>	MP_AM071_Signal_Lamp_2	</identifier>
				<transform>
					<row0>	0.5963 0.0000 0.0000 0.0000	</row0>
					<row1>	0.0000 0.5963 0.0000 0.0000	</row1>
					<row2>	0.0000 0.0000 0.5963 0.0000	</row2>
					<row3>	0.0000 3.0732 0.9284 1.0000	</row3>
				</transform>
			</node>
			<node>
