<HSC008_Haarlem_1944_Stern_ports.visual>
	<node>
		<identifier>	Scene Root	</identifier>
		<transform>
			<row0>	1.0000 0.0000 0.0000 0.0000	</row0>
			<row1>	0.0000 1.0000 0.0000 0.0000	</row1>
			<row2>	0.0000 0.0000 1.0000 0.0000	</row2>
			<row3>	0.0000 0.0000 0.0000 1.0000	</row3>
		</transform>
		<node>
			<identifier>	Stern_ports	</identifier>
			<transform>
				<row0>	1.0000 0.0000 0.0000 0.0000	</row0>
				<row1>	0.0000 1.0000 0.0000 0.0000	</row1>
				<row2>	0.0000 0.0000 1.0000 0.0000	</row2>
				<row3>	0.0000 0.0000 0.0000 1.0000	</row3>
			</transform>
			<node>
				<identifier>	HP_FX_Fire_4	</identifier>
				<transform>
					<row0>	1.0000 0.0000 0.0000 0.0000	</row0>
					<row1>	0.0000 1.0000 0.0000 0.0000	</row1>
					<row2>	0.0000 0.0000 1.0000 0.0000	</row2>
					<row3>	0.0000 0.3877 -5.3828 1.0000	</row3>
				</transform>
			</node>
			<node>
				<identifier>	HP_FX_Flood_water_left_3	</identifier>
				<transform>
					<row0>	-0.9633 0.0000 -0.2683 0.0000	</row0>
					<row1>	0.0000 1.0000 0.0000 0.0000	</row1>
					<row2>	0.2683 0.0000 -0.9633 0.0000	</row2>
					<row3>	-0.3245 0.0499 -6.1667 1.0000	</row3>
				</transform>
			</node>
			<node>
				<identifier>	HP_FX_Flood_water_right_3	</identifier>
				<transform>
					<row0>	0.9726 0.0000 -0.2324 0.0000	</row0>
					<row1>	0.0000 1.0000 0.0000 0.0000	</row1>
					<row2>	0.2324 0.0000 0.9726 0.0000	</row2>
					<row3>	0.3245 0.0499 -6.1667 1.0000	</row3>
				</transform>
			</node>
			<node>
				<identifier>	HP_FX_RepairLight_left_1	</identifier>
				<transform>
					<row0>	-0.1533 0.0000 0.9882 0.0000	</row0>
					<row1>	-0.0924 0.9956 -0.0143 0.0000	</row1>
					<row2>	-0.9839 -0.0935 -0.1526 0.0000	</row2>
					<row3>	-0.5954 0.3824 -4.8133 1.0000	</row3>
				</transform>
			</node>
			<node>
				<identifier>	HP_FX_WakeTraceBack	</identifier>
				<transform>
					<row0>	1.0000 0.0000 0.0000 0.0000	</row0>
					<row1>	0.0000 1.0000 0.0000 0.0000	</row1>
					<row2>	0.0000 0.0000 1.0000 0.0000	</row2>
					<row3>	0.0000 0.0000 -7.0024 1.0000	</row3>
				</transform>
			</node>
			<node>
				<identifier>	HP_FX_WakeTrace_screw_1	</identifier>
				<transform>
					<row0>	1.0000 0.0000 0.0000 0.0000	</row0>
					<row1>	0.0000 1.0000 0.0000 0.0000	</row1>
					<row2>	0.0000 0.0000 1.0000 0.0000	</row2>
					<row3>	-0.4268 -0.2759 -5.3903 1.0000	</row3>
				</transform>
			</node>
			<node>
				<identifier>	HP_FX_WakeTrace_screw_2	</identifier>
				<transform>
					<row0>	1.0000 0.0000 0.0000 0.0000	</row0>
					<row1>	0.0000 1.0000 0.0000 0.0000	</row1>
					<row2>	0.0000 0.0000 1.0000 0.0000	</row2>
					<row3>	-0.2019 -0.2989 -5.9590 1.0000	</row3>
				</transform>
			</node>
			<node>
				<identifier>	HP_FX_WakeTrace_screw_3	</identifier>
				<transform>
					<row0>	1.0000 0.0000 0.0000 0.0000	</row0>
					<row1>	0.0000 1.0000 0.0000 0.0000	</row1>
					<row2>	0.0000 0.0000 1.0000 0.0000	</row2>
					<row3>	0.2019 -0.2989 -5.9590 1.0000	</row3>
				</transform>
			</node>
			<node>
				<identifier>	HP_FX_WakeTrace_screw_4	</identifier>
				<transform>
					<row0>	1.0000 0.0000 0.0000 0.0000	</row0>
					<row1>	0.0000 1.0000 0.0000 0.0000	</row1>
					<row2>	0.0000 0.0000 1.0000 0.0000	</row2>
					<row3>	0.4268 -0.2759 -5.3903 1.0000	</row3>
				</transform>
			</node>
			<node>
				<identifier>	HP_HGB_1	</identifier>
				<transform>
					<row0>	-0.1736 0.0000 0.9848 0.0000	</row0>
					<row1>	0.0000 1.0000 0.0000 0.0000	</row1>
					<row2>	-0.9848 0.0000 -0.1736 0.0000	</row2>
					<row3>	-0.3029 0.3826 -5.5443 1.0000	</row3>
				</transform>
			</node>
			<node>
				<identifier>	HP_HGB_2	</identifier>
				<transform>
					<row0>	-0.1736 0.0000 -0.9848 0.0000	</row0>
					<row1>	0.0000 1.0000 0.0000 0.0000	</row1>
					<row2>	0.9848 0.0000 -0.1736 0.0000	</row2>
					<row3>	0.3029 0.3826 -5.5443 1.0000	</row3>
				</transform>
			</node>
			<node>
				<identifier>	HP_HGB_3	</identifier>
				<transform>
					<row0>	-0.2419 0.0000 0.9703 0.0000	</row0>
					<row1>	0.0000 1.0000 0.0000 0.0000	</row1>
					<row2>	-0.9703 0.0000 -0.2419 0.0000	</row2>
					<row3>	-0.2322 0.3826 -5.9437 1.0000	</row3>
				</transform>
			</node>
			<node>
				<identifier>	HP_HGB_4	</identifier>
				<transform>
					<row0>	-0.2419 0.0000 -0.9703 0.0000	</row0>
					<row1>	0.0000 1.0000 0.0000 0.0000	</row1>
					<row2>	0.9703 0.0000 -0.2419 0.0000	</row2>
					<row3>	0.2322 0.3826 -5.9437 1.0000	</row3>
				</transform>
			</node>
			<node>
				<identifier>	HP_Ship_death_3	</identifier>
				<transform>
					<row0>	1.0000 0.0000 0.0000 0.0000	</row0>
					<row1>	0.0000 1.0000 0.0000 0.0000	</row1>
					<row2>	0.0000 0.0000 1.0000 0.0000	</row2>
					<row3>	0.0000 0.0000 -4.6667 1.0000	</row3>
				</transform>
			</node>
			<node>
				<identifier>	MP_CM011_Fire_Fighting_Gear	</identifier>
				<transform>
					<row0>	0.0000 0.0000 -1.0000 0.0000	</row0>
					<row1>	0.0000 1.0000 0.0000 0.0000	</row1>
					<row2>	1.0000 0.0000 0.0000 0.0000	</row2>
					<row3>	0.0374 0.3912 -6.7089 1.0000	</row3>
				</transform>
			</node>
			<node>
				<identifier>	MP_CM011_Fire_Fighting_Gear_INDEX_1	</identifier>
				<transform>
					<row0>	0.0000 0.0000 1.0000 0.0000	</row0>
					<row1>	0.0000 1.0000 0.0000 0.0000	</row1>
					<row2>	-1.0000 0.0000 0.0000 0.0000	</row2>
					<row3>	0.0084 0.3940 -5.0692 1.0000	</row3>
				</transform>
			</node>
			<node>
				<identifier>	MP_CM161_Propeller_4_8m_BB_R	</identifier>
				<transform>
					<row0>	0.8872 -0.3670 0.0090 0.0000	</row0>
					<row1>	0.3672 0.8870 -0.0217 0.0000	</row1>
					<row2>	0.0000 0.0235 0.9599 0.0000	</row2>
					<row3>	0.4257 -0.2770 -5.3907 1.0000	</row3>
				</transform>
			</node>
			<node>
				<identifier>	MP_CM161_Propeller_4_8m_BB_R_INDEX_1	</identifier>
				<transform>
					<row0>	0.8872 -0.3670 0.0090 0.0000	</row0>
					<row1>	0.3672 0.8870 -0.0217 0.0000	</row1>
					<row2>	0.0000 0.0235 0.9599 0.0000	</row2>
					<row3>	0.1974 -0.3029 -5.9588 1.0000	</row3>
				</transform>
			</node>
			<node>
				<identifier>	MP_CM162_Propeller_4_8m_BB_L	</identifier>
				<transform>
					<row0>	0.8854 0.3663 -0.0090 0.0000	</row0>
					<row1>	-0.3664 0.8851 -0.0216 0.0000	</row1>
					<row2>	0.0000 0.0234 0.9579 0.0000	</row2>
					<row3>	-0.4257 -0.2770 -5.3907 1.0000	</row3>
				</transform>
			</node>
			<node>
				<identifier>	MP_CM162_Propeller_4_8m_BB_L_INDEX_1	</identifier>
				<transform>
					<row0>	0.8854 0.3663 -0.0090 0.0000	</row0>
					<row1>	-0.3664 0.8851 -0.0216 0.0000	</row1>
					<row2>	0.0000 0.0234 0.9579 0.0000	</row2>
					<row3>	-0.1974 -0.3028 -5.9588 1.0000	</row3>
				</transform>
			</node>
			<node>
				<identifier>	MP_HM001_Anchor_down	</identifier>
				<transform>
					<row0>	1.0493 0.1908 -0.2692 0.0000	</row0>
					<row1>	-0.0699 1.0056 0.4404 0.0000	</row1>
					<row2>	0.3225 -0.4030 0.9714 0.0000	</row2>
					<row3>	0.1986 0.2190 -6.6770 1.0000	</row3>
				</transform>
			</node>
			<node>
				<identifier>	MP_HM002_Anchor_up	</identifier>
				<transform>
					<row0>	0.8725 0.6697 -0.0118 0.0000	</row0>
					<row1>	-0.5871 0.7740 0.5160 0.0000	</row1>
					<row2>	0.3225 -0.4030 0.9714 0.0000	</row2>
					<row3>	0.1986 0.2192 -6.6770 1.0000	</row3>
				</transform>
			</node>
			<node>
				<identifier>	MP_HM021_Rope_dryer	</identifier>
				<transform>
					<row0>	0.9999 -0.0146 0.0015 0.0000	</row0>
					<row1>	0.0146 0.9998 -0.0116 0.0000	</row1>
					<row2>	-0.0013 0.0116 0.9999 0.0000	</row2>
					<row3>	0.0748 0.3872 -5.2582 1.0000	</row3>
				</transform>
			</node>
			<node>
				<identifier>	MP_HM620_Depth_Charge_Stowage	</identifier>
				<transform>
					<row0>	-0.9703 0.0000 0.2419 0.0000	</row0>
					<row1>	0.0000 1.0000 0.0000 0.0000	</row1>
					<row2>	-0.2419 0.0000 -0.9703 0.0000	</row2>
					<row3>	0.2468 0.3817 -6.0119 1.0000	</row3>
				</transform>
			</node>
			<node>
				<identifier>	MP_HM620_Depth_Charge_Stowage_INDEX_1	</identifier>
				<transform>
					<row0>	0.9703 0.0000 -0.2419 0.0000	</row0>
					<row1>	0.0000 1.0000 0.0000 0.0000	</row1>
					<row2>	0.2419 0.0000 0.9703 0.0000	</row2>
					<row3>	0.2772 0.3817 -5.8904 1.0000	</row3>
				</transform>
			</node>
			<node>
				<identifier>	MP_HM620_Depth_Charge_Stowage_INDEX_2	</identifier>
				<transform>
					<row0>	-0.9848 0.0000 0.1736 0.0000	</row0>
					<row1>	0.0000 1.0000 0.0000 0.0000	</row1>
					<row2>	-0.1736 0.0000 -0.9848 0.0000	</row2>
					<row3>	0.3222 0.3810 -5.6113 1.0000	</row3>
				</transform>
			</node>
			<node>
				<identifier>	MP_HM620_Depth_Charge_Stowage_INDEX_3	</identifier>
				<transform>
					<row0>	0.9848 0.0000 -0.1736 0.0000	</row0>
					<row1>	0.0000 1.0000 0.0000 0.0000	</row1>
					<row2>	0.1736 0.0000 0.9848 0.0000	</row2>
					<row3>	0.3440 0.3810 -5.4880 1.0000	</row3>
				</transform>
			</node>
			<node>
				<identifier>	MP_HM620_Depth_Charge_Stowage_INDEX_4	</identifier>
				<transform>
					<row0>	-0.9703 0.0000 -0.2419 0.0000	</row0>
					<row1>	0.0000 1.0000 0.0000 0.0000	</row1>
					<row2>	0.2419 0.0000 -0.9703 0.0000	</row2>
					<row3>	-0.2468 0.3817 -6.0119 1.0000	</row3>
				</transform>
			</node>
			<node>
				<identifier>	MP_HM620_Depth_Charge_Stowage_INDEX_5	</identifier>
				<transform>
					<row0>	0.9703 0.0000 0.2419 0.0000	</row0>
					<row1>	0.0000 1.0000 0.0000 0.0000	</row1>
					<row2>	-0.2419 0.0000 0.9703 0.0000	</row2>
					<row3>	-0.2772 0.3817 -5.8904 1.0000	</row3>
				</transform>
			</node>
			<node>
				<identifier>	MP_HM620_Depth_Charge_Stowage_INDEX_6	</identifier>
				<transform>
					<row0>	-0.9848 0.0000 -0.1736 0.0000	</row0>
					<row1>	0.0000 1.0000 0.0000 0.0000	</row1>
					<row2>	0.1736 0.0000 -0.9848 0.0000	</row2>
					<row3>	-0.3222 0.3810 -5.6113 1.0000	</row3>
				</transform>
			</node>
			<node>
				<identifier>	MP_HM620_Depth_Charge_Stowage_INDEX_7	</identifier>
				<transform>
					<row0>	0.9848 0.0000 0.1736 0.0000	</row0>
					<row1>	0.0000 1.0000 0.0000 0.0000	</row1>
					<row2>	-0.1736 0.0000 0.9848 0.0000	</row2>
					<row3>	-0.3440 0.3810 -5.4880 1.0000	</row3>
				</transform>
			</node>
			<node>
				<identifier>	MP_HM621_Depth_Charge	</identifier>
				<transform>
					<row0>	0.9848 0.0000 -0.1736 0.0000	</row0>
					<row1>	-0.1736 0.0000 -0.9848 0.0000	</row1>
					<row2>	0.0000 1.0000 0.0000 0.0000	</row2>
					<row3>	0.3480 0.4128 -5.4653 1.0000	</row3>
				</transform>
			</node>
			<node>
				<identifier>	MP_HM621_Depth_Charge_INDEX_1	</identifier>
				<transform>
					<row0>	-0.9848 0.0000 0.1736 0.0000	</row0>
					<row1>	0.1736 0.0000 0.9848 0.0000	</row1>
					<row2>	0.0000 1.0000 0.0000 0.0000	</row2>
					<row3>	0.3182 0.4128 -5.6340 1.0000	</row3>
				</transform>
			</node>
			<node>
				<identifier>	MP_HM621_Depth_Charge_INDEX_2	</identifier>
				<transform>
					<row0>	0.9703 0.0000 -0.2419 0.0000	</row0>
					<row1>	-0.2419 0.0000 -0.9703 0.0000	</row1>
					<row2>	0.0000 1.0000 0.0000 0.0000	</row2>
					<row3>	0.2827 0.4135 -5.8680 1.0000	</row3>
				</transform>
			</node>
			<node>
				<identifier>	MP_HM621_Depth_Charge_INDEX_3	</identifier>
				<transform>
					<row0>	-0.9703 0.0000 0.2419 0.0000	</row0>
					<row1>	0.2419 0.0000 0.9703 0.0000	</row1>
					<row2>	0.0000 1.0000 0.0000 0.0000	</row2>
					<row3>	0.2413 0.4135 -6.0343 1.0000	</row3>
				</transform>
			</node>
			<node>
				<identifier>	MP_HM621_Depth_Charge_INDEX_4	</identifier>
				<transform>
					<row0>	0.9848 0.0000 0.1736 0.0000	</row0>
					<row1>	0.1736 0.0000 -0.9848 0.0000	</row1>
					<row2>	0.0000 1.0000 0.0000 0.0000	</row2>
					<row3>	-0.3480 0.4128 -5.4653 1.0000	</row3>
				</transform>
			</node>
			<node>
				<identifier>	MP_HM621_Depth_Charge_INDEX_5	</identifier>
				<transform>
					<row0>	-0.9848 0.0000 -0.1736 0.0000	</row0>
					<row1>	-0.1736 0.0000 0.9848 0.0000	</row1>
					<row2>	0.0000 1.0000 0.0000 0.0000	</row2>
					<row3>	-0.3182 0.4128 -5.6340 1.0000	</row3>
				</transform>
			</node>
			<node>
				<identifier>	MP_HM621_Depth_Charge_INDEX_6	</identifier>
				<transform>
					<row0>	0.9703 0.0000 0.2419 0.0000	</row0>
					<row1>	0.2419 0.0000 -0.9703 0.0000	</row1>
					<row2>	0.0000 1.0000 0.0000 0.0000	</row2>
					<row3>	-0.2827 0.4135 -5.8680 1.0000	</row3>
				</transform>
			</node>
			<node>
				<identifier>	MP_HM621_Depth_Charge_INDEX_7	</identifier>
				<transform>
					<row0>	-0.9703 0.0000 -0.2419 0.0000	</row0>
					<row1>	-0.2419 0.0000 0.9703 0.0000	</row1>
					<row2>	0.0000 1.0000 0.0000 0.0000	</row2>
					<row3>	-0.2413 0.4135 -6.0343 1.0000	</row3>
				</transform>
			</node>
			<node>
				<identifier>	MP_HM751_Hatch	</identifier>
				<transform>
					<row0>	0.8500 0.0000 0.0000 0.0000	</row0>
					<row1>	0.0000 0.8500 0.0000 0.0000	</row1>
					<row2>	0.0000 0.0000 0.8500 0.0000	</row2>
					<row3>	0.0395 0.3872 -6.7551 1.0000	</row3>
				</transform>
			</node>
			<node>
				<identifier>	MP_HM960_Reel	</identifier>
				<transform>
					<row0>	0.9996 0.0267 -0.0011 0.0000	</row0>
					<row1>	-0.0267 0.9996 -0.0069 0.0000	</row1>
					<row2>	0.0009 0.0070 1.0000 0.0000	</row2>
					<row3>	-0.1104 0.3878 -5.4362 1.0000	</row3>
				</transform>
			</node>
			<node>
				<identifier>	MP_HM960_Reel_INDEX_1	</identifier>
				<transform>
					<row0>	0.9998 -0.0197 0.0000 0.0000	</row0>
					<row1>	0.0197 0.9998 -0.0074 0.0000	</row1>
					<row2>	0.0000 0.0074 1.0000 0.0000	</row2>
					<row3>	0.1993 0.3873 -4.8600 1.0000	</row3>
				</transform>
			</node>
			<node>
				<identifier>	MP_HM960_Reel_INDEX_2	</identifier>
				<transform>
					<row0>	0.9998 0.0197 0.0000 0.0000	</row0>
					<row1>	-0.0197 0.9998 -0.0074 0.0000	</row1>
					<row2>	0.0000 0.0074 1.0000 0.0000	</row2>
					<row3>	-0.1993 0.3873 -4.8600 1.0000	</row3>
				</transform>
			</node>
			<node>
				<identifier>	MP_HM960_Reel_INDEX_3	</identifier>
				<transform>
					<row0>	0.9996 -0.0267 0.0011 0.0000	</row0>
					<row1>	0.0267 0.9996 -0.0069 0.0000	</row1>
					<row2>	-0.0009 0.0070 1.0000 0.0000	</row2>
					<row3>	0.1104 0.3878 -5.4362 1.0000	</row3>
				</transform>
			</node>
			<node>
				<identifier>	MP_HM968_Capstan_Gray	</identifier>
				<transform>
					<row0>	1.0000 0.0000 0.0000 0.0000	</row0>
					<row1>	0.0000 1.0000 0.0000 0.0000	</row1>
					<row2>	0.0000 0.0000 1.0000 0.0000	</row2>
					<row3>	0.0015 0.3975 -5.8080 1.0000	</row3>
				</transform>
			</node>
			<node>
				<identifier>	SP_YMS011_YHWL_M_1_INDEX_13	</identifier>
				<transform>
					<row0>	0.9247 0.2823 0.1599 0.0000	</row0>
					<row1>	-0.2784 0.9385 -0.0471 0.0000	</row1>
					<row2>	-0.1667 -0.0009 0.9657 0.0000	</row2>
					<row3>	-0.5195 0.0000 -5.1583 1.0000	</row3>
				</transform>
			</node>
			<node>
				<identifier>	SP_YMS011_YHWL_M_1_INDEX_14	</identifier>
				<transform>
					<row0>	0.9075 0.3121 0.1988 0.0000	</row0>
					<row1>	-0.3051 0.9290 -0.0658 0.0000	</row1>
					<row2>	-0.2094 -0.0009 0.9574 0.0000	</row2>
					<row3>	-0.3581 0.0000 -5.9743 1.0000	</row3>
				</transform>
			</node>
			<node>
				<identifier>	SP_YMS012_YHWR_M_1_INDEX_13	</identifier>
				<transform>
					<row0>	0.9247 -0.2823 -0.1599 0.0000	</row0>
					<row1>	0.2784 0.9385 -0.0471 0.0000	</row1>
					<row2>	0.1667 -0.0009 0.9657 0.0000	</row2>
					<row3>	0.5195 0.0000 -5.1583 1.0000	</row3>
				</transform>
			</node>
			<node>
				<identifier>	SP_YMS012_YHWR_M_1_INDEX_14	</identifier>
				<transform>
					<row0>	0.9075 -0.3121 -0.1988 0.0000	</row0>
					<row1>	0.3051 0.9290 -0.0658 0.0000	</row1>
					<row2>	0.2094 -0.0009 0.9574 0.0000	</row2>
					<row3>	0.3581 0.0000 -5.9743 1.0000	</row3>
				</transform>
			</node>
			<node>
				<identifier>	SP_YMS023_YHUC_L_1	</identifier>
				<transform>
					<row0>	0.6715 0.2778 -0.0068 0.0000	</row0>
					<row1>	-0.2779 0.6713 -0.0164 0.0000	</row1>
					<row2>	0.0000 0.0178 0.7265 0.0000	</row2>
					<row3>	-0.4257 -0.2770 -5.3529 1.0000	</row3>
				</transform>
			</node>
			<node>
				<identifier>	SP_YMS023_YHUC_L_1_INDEX_1	</identifier>
				<transform>
					<row0>	0.6715 -0.2778 0.0068 0.0000	</row0>
					<row1>	0.2779 0.6713 -0.0164 0.0000	</row1>
					<row2>	0.0000 0.0178 0.7265 0.0000	</row2>
					<row3>	0.4257 -0.2770 -5.3529 1.0000	</row3>
				</transform>
			</node>
			<node>
				<identifier>	SP_YMS023_YHUC_L_1_INDEX_2	</identifier>
				<transform>
					<row0>	0.5645 0.2335 -0.0057 0.0000	</row0>
					<row1>	-0.2336 0.5643 -0.0138 0.0000	</row1>
					<row2>	0.0000 0.0149 0.6107 0.0000	</row2>
					<row3>	-0.1974 -0.3028 -5.8949 1.0000	</row3>
				</transform>
			</node>
			<node>
				<identifier>	SP_YMS023_YHUC_L_1_INDEX_3	</identifier>
				<transform>
					<row0>	0.5645 -0.2335 0.0057 0.0000	</row0>
					<row1>	0.2336 0.5643 -0.0138 0.0000	</row1>
					<row2>	0.0000 0.0149 0.6107 0.0000	</row2>
					<row3>	0.1974 -0.3028 -5.8949 1.0000	</row3>
				</transform>
			</node>
			<node>
				<identifier>	SP_YMS030_YHAM_M_1	</identifier>
				<transform>
					<row0>	0.8259 0.0000 0.0000 0.0000	</row0>
					<row1>	0.0000 0.8259 0.0000 0.0000	</row1>
					<row2>	0.0000 0.0000 0.8259 0.0000	</row2>
					<row3>	0.0000 0.2074 -7.0180 1.0000	</row3>
				</transform>
			</node>
			<node>
				<identifier>	SP_YMS031_YHAL_M_1	</identifier>
				<transform>
					<row0>	0.9664 0.0000 0.2569 0.0000	</row0>
					<row1>	0.0000 1.0000 0.0000 0.0000	</row1>
					<row2>	-0.2569 0.0000 0.9664 0.0000	</row2>
					<row3>	-0.2892 0.2525 -6.3408 1.0000	</row3>
				</transform>
			</node>
			<node>
				<identifier>	SP_YMS032_YHAR_M_1	</identifier>
				<transform>
					<row0>	0.9664 0.0000 -0.2569 0.0000	</row0>
					<row1>	0.0000 1.0000 0.0000 0.0000	</row1>
					<row2>	0.2569 0.0000 0.9664 0.0000	</row2>
					<row3>	0.2892 0.2525 -6.3408 1.0000	</row3>
				</transform>
			</node>
			<node>
				<identifier>	SP_YMS051_YHDL_L_1	</identifier>
				<transform>
					<row0>	0.9859 0.0000 0.1674 0.0000	</row0>
					<row1>	0.0000 1.0000 0.0000 0.0000	</row1>
					<row2>	-0.1674 0.0000 0.9859 0.0000	</row2>
					<row3>	-0.5455 0.3745 -5.1417 1.0000	</row3>
				</transform>
			</node>
			<node>
				<identifier>	SP_YMS052_YHDR_L_1_INDEX_1	</identifier>
				<transform>
					<row0>	0.9859 0.0000 -0.1674 0.0000	</row0>
					<row1>	0.0000 1.0000 0.0000 0.0000	</row1>
					<row2>	0.1674 0.0000 0.9859 0.0000	</row2>
					<row3>	0.5455 0.3745 -5.1417 1.0000	</row3>
				</transform>
			</node>
			<node>
				<identifier>	SP_YMS053_YHDC_S_1_INDEX_11	</identifier>
				<transform>
					<row0>	0.0000 0.0000 1.0000 0.0000	</row0>
					<row1>	-0.0176 0.9998 0.0000 0.0000	</row1>
					<row2>	-0.9998 -0.0176 0.0000 0.0000	</row2>
					<row3>	-0.1159 0.4032 -5.2711 1.0000	</row3>
				</transform>
			</node>
			<node>
				<identifier>	SP_YMS072_YHHC_M_1_INDEX_2	</identifier>
				<transform>
					<row0>	0.1938 0.0002 -0.8990 0.0000	</row0>
					<row1>	-0.0006 0.9197 0.0000 0.0000	</row1>
					<row2>	0.8990 0.0006 0.1938 0.0000	</row2>
					<row3>	-0.4261 0.2588 -5.7629 1.0000	</row3>
				</transform>
			</node>
			<node>
				<identifier>	SP_YMS072_YHHC_M_1_INDEX_3	</identifier>
				<transform>
					<row0>	0.1938 -0.0002 0.8990 0.0000	</row0>
					<row1>	0.0006 0.9197 0.0000 0.0000	</row1>
					<row2>	-0.8990 0.0006 0.1938 0.0000	</row2>
					<row3>	0.4261 0.2588 -5.7629 1.0000	</row3>
				</transform>
			</node>
		</node>
	</node>
	<boundingBox>
		<min>	-0.0667 -0.0667 -0.0667	</min>
		<max>	0.0667 0.0667 0.0667	</max>
	</boundingBox>
</HSC008_Haarlem_1944_Stern_ports.visual>
