<RSD015_Pr_20i_Tashkent_1945_MidBack_ports.visual>
	<node>
		<identifier>	Scene Root	</identifier>
		<transform>
			<row0>	1.0000 0.0000 0.0000 0.0000	</row0>
			<row1>	0.0000 1.0000 0.0000 0.0000	</row1>
			<row2>	0.0000 0.0000 1.0000 0.0000	</row2>
			<row3>	0.0000 0.0000 0.0000 1.0000	</row3>
		</transform>
		<node>
			<identifier>	MidBack_ports	</identifier>
			<transform>
				<row0>	1.0000 0.0000 0.0000 0.0000	</row0>
				<row1>	0.0000 1.0000 0.0000 0.0000	</row1>
				<row2>	0.0000 0.0000 1.0000 0.0000	</row2>
				<row3>	0.0000 0.0000 0.0000 1.0000	</row3>
			</transform>
			<node>
				<identifier>	HP_FX_Death_3	</identifier>
				<transform>
					<row0>	1.0000 0.0000 0.0000 0.0000	</row0>
					<row1>	0.0000 1.0000 0.0000 0.0000	</row1>
					<row2>	0.0000 0.0000 1.0000 0.0000	</row2>
					<row3>	0.0000 0.0000 -3.2160 1.0000	</row3>
				</transform>
			</node>
			<node>
				<identifier>	HP_FX_Fire_3	</identifier>
				<transform>
					<row0>	1.0000 0.0000 0.0000 0.0000	</row0>
					<row1>	0.0000 1.0000 0.0000 0.0000	</row1>
					<row2>	0.0000 0.0000 1.0000 0.0000	</row2>
					<row3>	0.0000 0.4271 -2.6319 1.0000	</row3>
				</transform>
			</node>
			<node>
				<identifier>	HP_FX_Fire_3_side_1	</identifier>
				<transform>
					<row0>	1.0000 0.0000 0.0000 0.0000	</row0>
					<row1>	0.0000 1.0000 0.0000 0.0000	</row1>
					<row2>	0.0000 0.0000 1.0000 0.0000	</row2>
					<row3>	0.2810 0.2410 -1.7808 1.0000	</row3>
				</transform>
			</node>
			<node>
				<identifier>	HP_FX_Fire_3_side_2	</identifier>
				<transform>
					<row0>	1.0000 0.0000 0.0000 0.0000	</row0>
					<row1>	0.0000 1.0000 0.0000 0.0000	</row1>
					<row2>	0.0000 0.0000 1.0000 0.0000	</row2>
					<row3>	-0.2180 0.3030 -2.8078 1.0000	</row3>
				</transform>
			</node>
			<node>
				<identifier>	HP_FX_FloodLight_left_1	</identifier>
				<transform>
					<row0>	-1.0000 0.0000 0.0000 0.0000	</row0>
					<row1>	0.0000 1.0000 0.0000 0.0000	</row1>
					<row2>	0.0000 0.0000 -1.0000 0.0000	</row2>
					<row3>	-0.2066 0.3600 -2.2818 1.0000	</row3>
				</transform>
			</node>
			<node>
				<identifier>	HP_FX_FloodLight_right_1	</identifier>
				<transform>
					<row0>	1.0000 0.0000 0.0000 0.0000	</row0>
					<row1>	0.0000 1.0000 0.0000 0.0000	</row1>
					<row2>	0.0000 0.0000 1.0000 0.0000	</row2>
					<row3>	0.2060 0.3620 -2.2768 1.0000	</row3>
				</transform>
			</node>
			<node>
				<identifier>	HP_FX_Flood_steam_right	</identifier>
				<transform>
					<row0>	1.0000 0.0000 0.0000 0.0000	</row0>
					<row1>	0.0000 1.0000 0.0000 0.0000	</row1>
					<row2>	0.0000 0.0000 1.0000 0.0000	</row2>
					<row3>	0.4068 0.2121 -2.6329 1.0000	</row3>
				</transform>
			</node>
			<node>
				<identifier>	HP_FX_Flood_water_left	</identifier>
				<transform>
					<row0>	-1.0000 0.0000 0.0000 0.0000	</row0>
					<row1>	0.0000 1.0000 0.0000 0.0000	</row1>
					<row2>	0.0000 0.0000 -1.0000 0.0000	</row2>
					<row3>	-0.3790 0.0723 -2.2898 1.0000	</row3>
				</transform>
			</node>
			<node>
				<identifier>	HP_FX_Flood_water_right	</identifier>
				<transform>
					<row0>	1.0000 0.0000 0.0000 0.0000	</row0>
					<row1>	0.0000 1.0000 0.0000 0.0000	</row1>
					<row2>	0.0000 0.0000 1.0000 0.0000	</row2>
					<row3>	0.3795 0.0738 -2.2876 1.0000	</row3>
				</transform>
			</node>
			<node>
				<identifier>	HP_FX_RepairLight_left_1	</identifier>
				<transform>
					<row0>	-0.0856 0.0000 0.9963 0.0000	</row0>
					<row1>	-0.0875 0.9961 -0.0075 0.0000	</row1>
					<row2>	-0.9925 -0.0879 -0.0853 0.0000	</row2>
					<row3>	-0.3544 0.2402 -2.9916 1.0000	</row3>
				</transform>
			</node>
			<node>
				<identifier>	HP_FX_RepairLight_right_1	</identifier>
				<transform>
					<row0>	-0.0599 0.0000 -0.9982 0.0000	</row0>
					<row1>	0.0720 0.9974 -0.0043 0.0000	</row1>
					<row2>	0.9956 -0.0721 -0.0597 0.0000	</row2>
					<row3>	0.3857 0.2308 -2.5455 1.0000	</row3>
				</transform>
			</node>
			<node>
				<identifier>	HP_RD_6	</identifier>
				<transform>
					<row0>	-1.0000 0.0000 0.0000 0.0000	</row0>
					<row1>	0.0000 1.0000 0.0000 0.0000	</row1>
					<row2>	0.0000 0.0000 -1.0000 0.0000	</row2>
					<row3>	0.0000 0.5519 -1.8470 1.0000	</row3>
				</transform>
			</node>
			<node>
				<identifier>	HP_RF_2	</identifier>
				<transform>
					<row0>	-1.0000 0.0000 0.0000 0.0000	</row0>
					<row1>	0.0000 1.0000 0.0000 0.0000	</row1>
					<row2>	0.0000 0.0000 -1.0000 0.0000	</row2>
					<row3>	0.0000 0.6296 -1.6763 1.0000	</row3>
				</transform>
			</node>
			<node>
				<identifier>	HP_RF_3	</identifier>
				<transform>
					<row0>	-1.0000 0.0000 0.0000 0.0000	</row0>
					<row1>	0.0000 1.0000 0.0000 0.0000	</row1>
					<row2>	0.0000 0.0000 -1.0000 0.0000	</row2>
					<row3>	0.0000 0.6195 -2.6230 1.0000	</row3>
				</transform>
			</node>
			<node>
				<identifier>	HP_RGA_10	</identifier>
				<transform>
					<row0>	0.0000 0.0000 -1.0000 0.0000	</row0>
					<row1>	0.0000 1.0000 0.0000 0.0000	</row1>
					<row2>	1.0000 0.0000 0.0000 0.0000	</row2>
					<row3>	0.1804 0.3928 -2.5213 1.0000	</row3>
				</transform>
			</node>
			<node>
				<identifier>	HP_RGA_9	</identifier>
				<transform>
					<row0>	0.0000 0.0000 1.0000 0.0000	</row0>
					<row1>	0.0000 1.0000 0.0000 0.0000	</row1>
					<row2>	-1.0000 0.0000 0.0000 0.0000	</row2>
					<row3>	-0.1804 0.3928 -2.5213 1.0000	</row3>
				</transform>
			</node>
			<node>
				<identifier>	HP_RGM_3	</identifier>
				<transform>
					<row0>	-1.0000 0.0000 0.0000 0.0000	</row0>
					<row1>	0.0000 1.0000 0.0000 0.0000	</row1>
					<row2>	0.0000 0.0000 -1.0000 0.0000	</row2>
					<row3>	0.0000 0.2737 -3.0610 1.0000	</row3>
				</transform>
			</node>
			<node>
				<identifier>	HP_RGT_2	</identifier>
				<transform>
					<row0>	1.0000 0.0000 0.0000 0.0000	</row0>
					<row1>	0.0000 1.0000 0.0000 0.0000	</row1>
					<row2>	0.0000 0.0000 1.0000 0.0000	</row2>
					<row3>	0.0000 0.4080 -1.3333 1.0000	</row3>
				</transform>
			</node>
			<node>
				<identifier>	HP_RGT_3	</identifier>
				<transform>
					<row0>	1.0000 0.0000 0.0000 0.0000	</row0>
					<row1>	0.0000 1.0000 0.0000 0.0000	</row1>
					<row2>	0.0000 0.0000 1.0000 0.0000	</row2>
					<row3>	0.0000 0.4080 -2.1530 1.0000	</row3>
				</transform>
			</node>
			<node>
				<identifier>	HP_Ship_death_2	</identifier>
				<transform>
					<row0>	1.0000 0.0000 0.0000 0.0000	</row0>
					<row1>	0.0000 1.0000 0.0000 0.0000	</row1>
					<row2>	0.0000 0.0000 1.0000 0.0000	</row2>
					<row3>	0.0000 -0.0267 -1.2125 1.0000	</row3>
				</transform>
			</node>
			<node>
				<identifier>	HP_flag_courtesy	</identifier>
				<transform>
					<row0>	0.9946 -0.1039 0.0016 0.0000	</row0>
					<row1>	0.1039 0.9941 -0.0299 0.0000	</row1>
					<row2>	0.0016 0.0299 0.9996 0.0000	</row2>
					<row3>	0.2334 1.1448 -2.6178 1.0000	</row3>
				</transform>
			</node>
			<node>
				<identifier>	HP_flag_house	</identifier>
				<transform>
					<row0>	0.9946 0.1039 -0.0016 0.0000	</row0>
					<row1>	-0.1039 0.9941 -0.0299 0.0000	</row1>
					<row2>	-0.0016 0.0299 0.9996 0.0000	</row2>
					<row3>	-0.2329 1.1400 -2.6177 1.0000	</row3>
				</transform>
			</node>
			<node>
				<identifier>	HP_flag_nation	</identifier>
				<transform>
					<row0>	1.0000 0.0000 0.0000 0.0000	</row0>
					<row1>	0.0000 0.9885 -0.1512 0.0000	</row1>
					<row2>	0.0000 0.1512 0.9885 0.0000	</row2>
					<row3>	0.0002 0.8967 -2.7154 1.0000	</row3>
				</transform>
			</node>
			<node>
				<identifier>	HP_flag_rank	</identifier>
				<transform>
					<row0>	1.0000 -0.0022 0.0002 0.0000	</row0>
					<row1>	0.0022 0.9855 -0.1698 0.0000	</row1>
					<row2>	0.0002 0.1698 0.9855 0.0000	</row2>
					<row3>	-0.0096 1.3811 -2.6688 1.0000	</row3>
				</transform>
			</node>
			<node>
				<identifier>	MP_CM011_Fire_Fighting_Gear	</identifier>
				<transform>
					<row0>	0.0000 0.0000 -1.0000 0.0000	</row0>
					<row1>	0.0000 1.0000 0.0000 0.0000	</row1>
					<row2>	1.0000 0.0000 0.0000 0.0000	</row2>
					<row3>	-0.2156 0.2414 -1.7439 1.0000	</row3>
				</transform>
			</node>
			<node>
				<identifier>	MP_CM011_Fire_Fighting_Gear_INDEX_1	</identifier>
				<transform>
					<row0>	0.1577 0.0000 -0.9875 0.0000	</row0>
					<row1>	0.0000 1.0000 0.0000 0.0000	</row1>
					<row2>	0.9875 0.0000 0.1577 0.0000	</row2>
					<row3>	-0.1786 0.2455 -2.5612 1.0000	</row3>
				</transform>
			</node>
			<node>
				<identifier>	MP_CM011_Fire_Fighting_Gear_INDEX_2	</identifier>
				<transform>
					<row0>	0.0000 0.0000 1.0000 0.0000	</row0>
					<row1>	0.0000 1.0000 0.0000 0.0000	</row1>
					<row2>	-1.0000 0.0000 0.0000 0.0000	</row2>
					<row3>	0.2156 0.2414 -1.7439 1.0000	</row3>
				</transform>
			</node>
			<node>
				<identifier>	MP_CM011_Fire_Fighting_Gear_INDEX_3	</identifier>
				<transform>
					<row0>	0.1577 0.0000 0.9875 0.0000	</row0>
					<row1>	0.0000 1.0000 0.0000 0.0000	</row1>
					<row2>	-0.9875 0.0000 0.1577 0.0000	</row2>
					<row3>	0.1786 0.2455 -2.5612 1.0000	</row3>
				</transform>
			</node>
			<node>
				<identifier>	MP_CM014_Fuel_Oil_Hose	</identifier>
				<transform>
					<row0>	0.0000 0.0000 -1.0000 0.0000	</row0>
					<row1>	0.0000 1.0000 0.0000 0.0000	</row1>
					<row2>	1.0000 0.0000 0.0000 0.0000	</row2>
					<row3>	-0.0899 0.3486 -1.7195 1.0000	</row3>
				</transform>
			</node>
			<node>
				<identifier>	MP_CM014_Fuel_Oil_Hose_INDEX_1	</identifier>
				<transform>
					<row0>	0.0000 0.0000 -1.0000 0.0000	</row0>
					<row1>	0.0000 1.0000 0.0000 0.0000	</row1>
					<row2>	1.0000 0.0000 0.0000 0.0000	</row2>
					<row3>	0.0913 0.3486 -1.7195 1.0000	</row3>
				</transform>
			</node>
			<node>
				<identifier>	MP_CM019_Wood_Box_2	</identifier>
				<transform>
					<row0>	0.0000 0.2449 1.3755 0.0000	</row0>
					<row1>	0.0000 1.3755 -0.2449 0.0000	</row1>
					<row2>	-1.3971 0.0000 0.0000 0.0000	</row2>
					<row3>	-0.0056 0.2379 -1.7178 1.0000	</row3>
				</transform>
			</node>
			<node>
				<identifier>	MP_CM019_Wood_Box_2_INDEX_1	</identifier>
				<transform>
					<row0>	0.0000 0.2526 1.2892 0.0000	</row0>
					<row1>	0.0000 1.2892 -0.2526 0.0000	</row1>
					<row2>	-1.3137 0.0000 0.0000 0.0000	</row2>
					<row3>	0.0462 0.2396 -1.6390 1.0000	</row3>
				</transform>
			</node>
			<node>
				<identifier>	MP_CM029_Emergency_Box	</identifier>
				<transform>
					<row0>	1.0000 0.0000 0.0000 0.0000	</row0>
					<row1>	0.0000 1.0000 0.0000 0.0000	</row1>
					<row2>	0.0000 0.0000 1.0000 0.0000	</row2>
					<row3>	0.1909 0.3386 -1.6389 1.0000	</row3>
				</transform>
			</node>
			<node>
				<identifier>	MP_CM029_Emergency_Box_INDEX_1	</identifier>
				<transform>
					<row0>	0.4584 0.0000 -0.8887 0.0000	</row0>
					<row1>	0.0000 1.0000 0.0000 0.0000	</row1>
					<row2>	0.8887 0.0000 0.4584 0.0000	</row2>
					<row3>	-0.1491 0.3232 -2.6949 1.0000	</row3>
				</transform>
			</node>
			<node>
				<identifier>	MP_CM029_Emergency_Box_INDEX_2	</identifier>
				<transform>
					<row0>	-1.0000 0.0000 0.0000 0.0000	</row0>
					<row1>	0.0000 1.0000 0.0000 0.0000	</row1>
					<row2>	0.0000 0.0000 -1.0000 0.0000	</row2>
					<row3>	0.0000 0.4806 -1.7274 1.0000	</row3>
				</transform>
			</node>
			<node>
				<identifier>	MP_CM029_Emergency_Box_INDEX_3	</identifier>
				<transform>
					<row0>	0.8932 0.0000 0.4497 0.0000	</row0>
					<row1>	0.0000 1.0000 0.0000 0.0000	</row1>
					<row2>	-0.4497 0.0000 0.8932 0.0000	</row2>
					<row3>	0.0745 0.3232 -2.7729 1.0000	</row3>
				</transform>
			</node>
			<node>
				<identifier>	MP_CM030_Swab_Rack_2	</identifier>
				<transform>
					<row0>	-1.0000 0.0000 0.0000 0.0000	</row0>
					<row1>	0.0000 1.0000 0.0000 0.0000	</row1>
					<row2>	0.0000 0.0000 -1.0000 0.0000	</row2>
					<row3>	0.1706 0.2405 -1.6321 1.0000	</row3>
				</transform>
			</node>
			<node>
				<identifier>	MP_CM051_Fire_Fighting_Gear	</identifier>
				<transform>
					<row0>	0.0000 0.0000 -1.0000 0.0000	</row0>
					<row1>	-1.0000 0.0000 0.0000 0.0000	</row1>
					<row2>	0.0000 1.0000 0.0000 0.0000	</row2>
					<row3>	0.0000 0.2518 -2.7862 1.0000	</row3>
				</transform>
			</node>
			<node>
				<identifier>	MP_CM052_Fender	</identifier>
				<transform>
					<row0>	0.0000 0.0000 -0.5000 0.0000	</row0>
					<row1>	0.0000 0.5000 0.0000 0.0000	</row1>
					<row2>	0.5000 0.0000 0.0000 0.0000	</row2>
					<row3>	0.2220 0.2409 -1.4228 1.0000	</row3>
				</transform>
			</node>
			<node>
				<identifier>	MP_CM052_Fender_INDEX_1	</identifier>
				<transform>
					<row0>	-0.0787 0.0000 -0.4938 0.0000	</row0>
					<row1>	0.0000 0.5000 0.0000 0.0000	</row1>
					<row2>	0.4938 0.0000 -0.0787 0.0000	</row2>
					<row3>	0.1962 0.2462 -2.4902 1.0000	</row3>
				</transform>
			</node>
			<node>
				<identifier>	MP_CM052_Fender_INDEX_2	</identifier>
				<transform>
					<row0>	-0.0787 0.0000 0.4938 0.0000	</row0>
					<row1>	0.0000 0.5000 0.0000 0.0000	</row1>
					<row2>	-0.4938 0.0000 -0.0787 0.0000	</row2>
					<row3>	-0.1962 0.2462 -2.4902 1.0000	</row3>
				</transform>
			</node>
			<node>
				<identifier>	MP_CM057_Accommodation_Ladder_Closed	</identifier>
				<transform>
					<row0>	0.0000 1.0000 0.0000 0.0000	</row0>
					<row1>	-0.9974 0.0000 0.0719 0.0000	</row1>
					<row2>	0.0719 0.0000 0.9974 0.0000	</row2>
					<row3>	0.3965 0.2803 -2.5969 1.0000	</row3>
				</transform>
			</node>
			<node>
				<identifier>	MP_CM057_Accommodation_Ladder_Closed_INDEX_1	</identifier>
				<transform>
					<row0>	0.0000 -1.0000 0.0000 0.0000	</row0>
					<row1>	0.9974 0.0000 0.0719 0.0000	</row1>
					<row2>	-0.0719 0.0000 0.9974 0.0000	</row2>
					<row3>	-0.3965 0.2803 -2.5969 1.0000	</row3>
				</transform>
			</node>
			<node>
				<identifier>	MP_CM061_Barrel	</identifier>
				<transform>
					<row0>	0.8182 0.0000 0.5750 0.0000	</row0>
					<row1>	0.0000 1.0000 0.0000 0.0000	</row1>
					<row2>	-0.5750 0.0000 0.8182 0.0000	</row2>
					<row3>	-0.1484 0.2406 -1.6455 1.0000	</row3>
				</transform>
			</node>
			<node>
				<identifier>	MP_CM061_Barrel_INDEX_1	</identifier>
				<transform>
					<row0>	0.3317 0.0000 -0.9434 0.0000	</row0>
					<row1>	0.0000 1.0000 0.0000 0.0000	</row1>
					<row2>	0.9434 0.0000 0.3317 0.0000	</row2>
					<row3>	-0.1568 0.2406 -1.7095 1.0000	</row3>
				</transform>
			</node>
			<node>
				<identifier>	MP_CM061_Barrel_INDEX_2	</identifier>
				<transform>
					<row0>	0.8182 0.0000 0.5750 0.0000	</row0>
					<row1>	0.0000 1.0000 0.0000 0.0000	</row1>
					<row2>	-0.5750 0.0000 0.8182 0.0000	</row2>
					<row3>	0.1525 0.2406 -1.7095 1.0000	</row3>
				</transform>
			</node>
			<node>
				<identifier>	MP_CM061_Barrel_INDEX_3	</identifier>
				<transform>
					<row0>	1.0000 0.0000 0.0000 0.0000	</row0>
					<row1>	0.0000 1.0000 0.0000 0.0000	</row1>
					<row2>	0.0000 0.0000 1.0000 0.0000	</row2>
					<row3>	-0.1232 0.2406 -1.6455 1.0000	</row3>
				</transform>
			</node>
			<node>
				<identifier>	MP_CM061_Barrel_INDEX_4	</identifier>
				<transform>
					<row0>	0.8127 0.0000 -0.5826 0.0000	</row0>
					<row1>	0.0000 1.0000 0.0000 0.0000	</row1>
					<row2>	0.5826 0.0000 0.8127 0.0000	</row2>
					<row3>	-0.1731 0.2406 -1.6455 1.0000	</row3>
				</transform>
			</node>
			<node>
				<identifier>	MP_CM076_Fender	</identifier>
				<transform>
					<row0>	0.4997 0.0005 0.0184 0.0000	</row0>
					<row1>	0.0153 0.2701 -0.4205 0.0000	</row1>
					<row2>	-0.0103 0.4208 0.2699 0.0000	</row2>
					<row3>	-0.2637 0.2637 -1.4781 1.0000	</row3>
				</transform>
			</node>
			<node>
				<identifier>	MP_CM082_Rope	</identifier>
				<transform>
					<row0>	-0.0164 -0.9985 -0.0530 0.0000	</row0>
					<row1>	0.9973 -0.0125 -0.0723 0.0000	</row1>
					<row2>	0.0715 -0.0540 0.9960 0.0000	</row2>
					<row3>	-0.1503 0.2777 -1.6410 1.0000	</row3>
				</transform>
			</node>
			<node>
				<identifier>	MP_RM008_Voice_Tube	</identifier>
				<transform>
					<row0>	1.0000 0.0000 0.0000 0.0000	</row0>
					<row1>	0.0000 1.0000 0.0000 0.0000	</row1>
					<row2>	0.0000 0.0000 1.0000 0.0000	</row2>
					<row3>	0.0416 0.6195 -2.5620 1.0000	</row3>
				</transform>
			</node>
			<node>
				<identifier>	MP_RM008_Voice_Tube_INDEX_1	</identifier>
				<transform>
					<row0>	-0.7405 0.0000 0.6721 0.0000	</row0>
					<row1>	0.0000 1.0000 0.0000 0.0000	</row1>
					<row2>	-0.6721 0.0000 -0.7405 0.0000	</row2>
					<row3>	0.0099 0.4457 -2.6120 1.0000	</row3>
				</transform>
			</node>
			<node>
				<identifier>	MP_RM008_Voice_Tube_INDEX_2	</identifier>
				<transform>
					<row0>	-1.0000 0.0000 0.0000 0.0000	</row0>
					<row1>	0.0000 1.0000 0.0000 0.0000	</row1>
					<row2>	0.0000 0.0000 -1.0000 0.0000	</row2>
					<row3>	-0.0482 0.5519 -1.8433 1.0000	</row3>
				</transform>
			</node>
			<node>
				<identifier>	MP_RM019_Reels	</identifier>
				<transform>
					<row0>	0.0000 -0.0053 1.0000 0.0000	</row0>
					<row1>	0.0000 -1.0000 -0.0053 0.0000	</row1>
					<row2>	1.0000 0.0000 0.0000 0.0000	</row2>
					<row3>	0.1863 0.2448 -2.8082 1.0000	</row3>
				</transform>
			</node>
			<node>
				<identifier>	MP_RM019_Reels_INDEX_1	</identifier>
				<transform>
					<row0>	0.0000 0.0053 -1.0000 0.0000	</row0>
					<row1>	0.0000 -1.0000 -0.0053 0.0000	</row1>
					<row2>	-1.0000 0.0000 0.0000 0.0000	</row2>
					<row3>	-0.1863 0.2448 -2.8082 1.0000	</row3>
				</transform>
			</node>
			<node>
				<identifier>	MP_RM029_Signal_Lamp	</identifier>
				<transform>
					<row0>	1.0000 0.0000 0.0000 0.0000	</row0>
					<row1>	0.0000 0.9848 -0.1736 0.0000	</row1>
					<row2>	0.0000 0.1736 0.9848 0.0000	</row2>
					<row3>	0.0000 1.2353 -2.6472 1.0000	</row3>
				</transform>
			</node>
			<node>
				<identifier>	MP_RM048_Steering_Wheel	</identifier>
				<transform>
					<row0>	1.0000 0.0000 0.0000 0.0000	</row0>
					<row1>	0.0000 1.0000 0.0000 0.0000	</row1>
					<row2>	0.0000 0.0000 1.0000 0.0000	</row2>
					<row3>	0.0477 0.4444 -2.5489 1.0000	</row3>
				</transform>
			</node>
			<node>
				<identifier>	MP_RM066_Ammunition_Box	</identifier>
				<transform>
					<row0>	-1.0000 0.0000 0.0000 0.0000	</row0>
					<row1>	0.0000 1.0000 0.0000 0.0000	</row1>
					<row2>	0.0000 0.0000 -1.0000 0.0000	</row2>
					<row3>	0.0000 0.3928 -2.4659 1.0000	</row3>
				</transform>
			</node>
			<node>
				<identifier>	MP_RM075_Fairlead	</identifier>
				<transform>
					<row0>	0.4989 -0.0012 0.0329 0.0000	</row0>
					<row1>	0.0010 0.5000 0.0036 0.0000	</row1>
					<row2>	-0.0329 -0.0035 0.4989 0.0000	</row2>
					<row3>	-0.3828 0.2449 -2.4853 1.0000	</row3>
				</transform>
			</node>
			<node>
				<identifier>	MP_RM075_Fairlead_INDEX_1	</identifier>
				<transform>
					<row0>	0.4989 0.0012 -0.0329 0.0000	</row0>
					<row1>	-0.0010 0.5000 0.0036 0.0000	</row1>
					<row2>	0.0329 -0.0035 0.4989 0.0000	</row2>
					<row3>	0.3828 0.2449 -2.4853 1.0000	</row3>
				</transform>
			</node>
			<node>
				<identifier>	MP_RM147_Crane_TA	</identifier>
				<transform>
					<row0>	-0.9972 0.0000 -0.0749 0.0000	</row0>
					<row1>	0.0000 1.0000 0.0000 0.0000	</row1>
					<row2>	0.0749 0.0000 -0.9972 0.0000	</row2>
					<row3>	0.2593 0.2404 -1.7958 1.0000	</row3>
				</transform>
			</node>
			<node>
				<identifier>	MP_RM147_Crane_TA_INDEX_1	</identifier>
				<transform>
					<row0>	-0.9972 0.0000 0.0749 0.0000	</row0>
					<row1>	0.0000 1.0000 0.0000 0.0000	</row1>
					<row2>	-0.0749 0.0000 -0.9972 0.0000	</row2>
					<row3>	-0.2593 0.2404 -1.7958 1.0000	</row3>
				</transform>
			</node>
			<node>
				<identifier>	MP_RM165_Tuzik_3_65m	</identifier>
				<transform>
					<row0>	1.0000 0.0000 0.0000 0.0000	</row0>
					<row1>	0.0000 1.0000 0.0000 0.0000	</row1>
					<row2>	0.0000 0.0000 1.0000 0.0000	</row2>
					<row3>	-0.2647 0.2438 -1.4356 1.0000	</row3>
				</transform>
			</node>
			<node>
				<identifier>	MP_RM188_Boat_ITL	</identifier>
				<transform>
					<row0>	0.0000 -1.0000 0.0000 0.0000	</row0>
					<row1>	-1.0000 0.0000 0.0000 0.0000	</row1>
					<row2>	0.0000 0.0000 -1.0000 0.0000	</row2>
					<row3>	-0.2074 0.3152 -1.2096 1.0000	</row3>
				</transform>
			</node>
			<node>
				<identifier>	MP_RM188_Boat_ITL_INDEX_1	</identifier>
				<transform>
					<row0>	0.0000 1.0000 0.0000 0.0000	</row0>
					<row1>	1.0000 0.0000 0.0000 0.0000	</row1>
					<row2>	0.0000 0.0000 -1.0000 0.0000	</row2>
					<row3>	0.2074 0.3152 -1.2096 1.0000	</row3>
				</transform>
			</node>
			<node>
				<identifier>	MP_RM190_Searchlight_900mm_ITL	</identifier>
				<transform>
					<row0>	-1.0000 0.0000 0.0000 0.0000	</row0>
					<row1>	0.0000 1.0000 0.0000 0.0000	</row1>
					<row2>	0.0000 0.0000 -1.0000 0.0000	</row2>
					<row3>	0.0000 0.4600 -2.7302 1.0000	</row3>
				</transform>
			</node>
			<node>
				<identifier>	MP_RM195_Electric_Telegraph	</identifier>
				<transform>
					<row0>	1.0000 0.0000 0.0000 0.0000	</row0>
					<row1>	0.0000 1.0000 0.0000 0.0000	</row1>
					<row2>	0.0000 0.0000 1.0000 0.0000	</row2>
					<row3>	-0.0035 0.4450 -2.5653 1.0000	</row3>
				</transform>
			</node>
			<node>
				<identifier>	MP_RM200_Running_Lights_B	</identifier>
				<transform>
					<row0>	-1.8000 0.0000 0.0000 0.0000	</row0>
					<row1>	0.0000 1.8000 0.0000 0.0000	</row1>
					<row2>	0.0000 0.0000 -1.8000 0.0000	</row2>
					<row3>	0.0000 0.7610 -2.5801 1.0000	</row3>
				</transform>
			</node>
			<node>
				<identifier>	MP_RM203_Torpedo_Bogie	</identifier>
				<transform>
					<row0>	0.0000 0.0000 1.0000 0.0000	</row0>
					<row1>	0.0000 1.0000 0.0000 0.0000	</row1>
					<row2>	-1.0000 0.0000 0.0000 0.0000	</row2>
					<row3>	-0.0214 0.2407 -1.6776 1.0000	</row3>
				</transform>
			</node>
			<node>
				<identifier>	MP_RM205_Speaker	</identifier>
				<transform>
					<row0>	-0.8000 0.0000 0.0000 0.0000	</row0>
					<row1>	0.0000 0.8000 0.0000 0.0000	</row1>
					<row2>	0.0000 0.0000 -0.7947 0.0000	</row2>
					<row3>	-0.0318 0.6045 -2.6263 1.0000	</row3>
				</transform>
			</node>
			<node>
				<identifier>	MP_RM214_Life_Buoy	</identifier>
				<transform>
					<row0>	0.1545 0.0000 0.9880 0.0000	</row0>
					<row1>	0.0000 1.0000 0.0000 0.0000	</row1>
					<row2>	-0.9880 0.0000 0.1545 0.0000	</row2>
					<row3>	0.1552 0.4297 -2.6361 1.0000	</row3>
				</transform>
			</node>
			<node>
				<identifier>	MP_RM214_Life_Buoy_INDEX_1	</identifier>
				<transform>
					<row0>	0.1545 0.0000 -0.9880 0.0000	</row0>
					<row1>	0.0000 1.0000 0.0000 0.0000	</row1>
					<row2>	0.9880 0.0000 0.1545 0.0000	</row2>
					<row3>	-0.1552 0.4297 -2.6361 1.0000	</row3>
				</transform>
			</node>
			<node>
				<identifier>	MP_RM214_Life_Buoy_INDEX_2	</identifier>
				<transform>
					<row0>	0.0378 0.0000 -0.9993 0.0000	</row0>
					<row1>	0.0000 1.0000 0.0000 0.0000	</row1>
					<row2>	0.9993 0.0000 0.0378 0.0000	</row2>
					<row3>	-0.4233 0.3036 -1.7096 1.0000	</row3>
				</transform>
			</node>
			<node>
				<identifier>	MP_RM218_Deck_Hatch	</identifier>
				<transform>
					<row0>	1.1000 0.0000 0.0000 0.0000	</row0>
					<row1>	0.0000 1.1000 0.0000 0.0000	</row1>
					<row2>	0.0000 0.0000 1.1000 0.0000	</row2>
					<row3>	-0.0752 0.2455 -2.8380 1.0000	</row3>
				</transform>
			</node>
			<node>
				<identifier>	MP_RM220_Bollard	</identifier>
				<transform>
					<row0>	0.9988 -0.0025 0.0481 0.0000	</row0>
					<row1>	0.0021 1.0000 0.0071 0.0000	</row1>
					<row2>	-0.0481 -0.0070 0.9988 0.0000	</row2>
					<row3>	-0.3775 0.2386 -2.3472 1.0000	</row3>
				</transform>
			</node>
			<node>
				<identifier>	MP_RM220_Bollard_INDEX_1	</identifier>
				<transform>
					<row0>	0.9988 0.0025 -0.0481 0.0000	</row0>
					<row1>	-0.0021 1.0000 0.0071 0.0000	</row1>
					<row2>	0.0481 -0.0070 0.9988 0.0000	</row2>
					<row3>	0.3772 0.2386 -2.3472 1.0000	</row3>
				</transform>
			</node>
			<node>
				<identifier>	MP_RM225_Alarm	</identifier>
				<transform>
					<row0>	0.3937 0.0000 -0.9192 0.0000	</row0>
					<row1>	0.0000 1.0000 0.0000 0.0000	</row1>
					<row2>	0.9192 0.0000 0.3937 0.0000	</row2>
					<row3>	-0.0938 0.6106 -1.8100 1.0000	</row3>
				</transform>
			</node>
			<node>
				<identifier>	MP_RM225_Alarm_INDEX_1	</identifier>
				<transform>
					<row0>	-0.0182 0.0000 -0.9998 0.0000	</row0>
					<row1>	0.0000 1.0000 0.0000 0.0000	</row1>
					<row2>	0.9998 0.0000 -0.0182 0.0000	</row2>
					<row3>	-0.0859 0.5074 -2.5680 1.0000	</row3>
				</transform>
			</node>
			<node>
				<identifier>	MP_RM225_Alarm_INDEX_2	</identifier>
				<transform>
					<row0>	-0.4234 0.0000 0.9059 0.0000	</row0>
					<row1>	0.0000 1.0000 0.0000 0.0000	</row1>
					<row2>	-0.9059 0.0000 -0.4234 0.0000	</row2>
					<row3>	0.0800 0.5022 -2.5334 1.0000	</row3>
				</transform>
			</node>
			<node>
				<identifier>	MP_RM225_Alarm_INDEX_3	</identifier>
				<transform>
					<row0>	0.5159 0.0000 0.8566 0.0000	</row0>
					<row1>	0.0000 1.0000 0.0000 0.0000	</row1>
					<row2>	-0.8566 0.0000 0.5159 0.0000	</row2>
					<row3>	0.0836 0.6093 -1.8299 1.0000	</row3>
				</transform>
			</node>
			<node>
				<identifier>	MP_RM236_Telephone	</identifier>
				<transform>
					<row0>	-0.0167 0.0000 0.9999 0.0000	</row0>
					<row1>	0.0000 1.0000 0.0000 0.0000	</row1>
					<row2>	-0.9999 0.0000 -0.0167 0.0000	</row2>
					<row3>	0.0859 0.5067 -2.5714 1.0000	</row3>
				</transform>
			</node>
			<node>
				<identifier>	MP_RM236_Telephone_INDEX_1	</identifier>
				<transform>
					<row0>	0.5790 0.0000 -0.8153 0.0000	</row0>
					<row1>	0.0000 1.0000 0.0000 0.0000	</row1>
					<row2>	0.8153 0.0000 0.5790 0.0000	</row2>
					<row3>	-0.0690 0.6118 -1.8524 1.0000	</row3>
				</transform>
			</node>
			<node>
				<identifier>	MP_RM273_Fire_Hose_Rack_box	</identifier>
				<transform>
					<row0>	0.0000 0.0000 1.0000 0.0000	</row0>
					<row1>	0.0000 1.0000 0.0000 0.0000	</row1>
					<row2>	-1.0000 0.0000 0.0000 0.0000	</row2>
					<row3>	-0.2068 0.3102 -1.7446 1.0000	</row3>
				</transform>
			</node>
			<node>
				<identifier>	MP_RM273_Fire_Hose_Rack_box_INDEX_1	</identifier>
				<transform>
					<row0>	0.0000 0.0000 -1.0000 0.0000	</row0>
					<row1>	0.0000 1.0000 0.0000 0.0000	</row1>
					<row2>	1.0000 0.0000 0.0000 0.0000	</row2>
					<row3>	0.2068 0.3102 -1.7446 1.0000	</row3>
				</transform>
			</node>
			<node>
				<identifier>	MP_RM273_Fire_Hose_Rack_box_INDEX_2	</identifier>
				<transform>
					<row0>	-0.1559 0.0000 0.9878 0.0000	</row0>
					<row1>	0.0000 1.0000 0.0000 0.0000	</row1>
					<row2>	-0.9878 0.0000 -0.1559 0.0000	</row2>
					<row3>	-0.1713 0.3155 -2.5534 1.0000	</row3>
				</transform>
			</node>
			<node>
				<identifier>	MP_RM273_Fire_Hose_Rack_box_INDEX_3	</identifier>
				<transform>
					<row0>	-0.9879 -0.0053 0.1552 0.0000	</row0>
					<row1>	-0.0023 0.9998 0.0195 0.0000	</row1>
					<row2>	-0.1552 0.0189 -0.9877 0.0000	</row2>
					<row3>	-0.0222 0.3239 -2.7827 1.0000	</row3>
				</transform>
			</node>
			<node>
				<identifier>	MP_RM273_Fire_Hose_Rack_box_INDEX_4	</identifier>
				<transform>
					<row0>	-0.1559 0.0000 -0.9878 0.0000	</row0>
					<row1>	0.0000 1.0000 0.0000 0.0000	</row1>
					<row2>	0.9878 0.0000 -0.1559 0.0000	</row2>
					<row3>	0.1713 0.3155 -2.5534 1.0000	</row3>
				</transform>
			</node>
			<node>
				<identifier>	SP_YMS011_YHWL_M_1_INDEX_5	</identifier>
				<transform>
					<row0>	0.9929 0.3544 0.0558 0.0000	</row0>
					<row1>	-0.3537 0.9944 -0.0213 0.0000	</row1>
					<row2>	-0.0597 0.0013 1.0540 0.0000	</row2>
					<row3>	-0.4043 -0.0267 -1.3661 1.0000	</row3>
				</transform>
			</node>
			<node>
				<identifier>	SP_YMS011_YHWL_M_1_INDEX_6	</identifier>
				<transform>
					<row0>	0.8882 0.5650 0.0793 0.0000	</row0>
					<row1>	-0.5643 0.8916 -0.0324 0.0000	</row1>
					<row2>	-0.0843 -0.0151 1.0522 0.0000	</row2>
					<row3>	-0.3428 -0.0267 -2.2612 1.0000	</row3>
				</transform>
			</node>
			<node>
				<identifier>	SP_YMS012_YHWR_M_1_INDEX_5	</identifier>
				<transform>
					<row0>	0.9929 -0.3544 -0.0558 0.0000	</row0>
					<row1>	0.3537 0.9944 -0.0213 0.0000	</row1>
					<row2>	0.0597 0.0013 1.0540 0.0000	</row2>
					<row3>	0.4043 -0.0267 -1.3661 1.0000	</row3>
				</transform>
			</node>
			<node>
				<identifier>	SP_YMS012_YHWR_M_1_INDEX_6	</identifier>
				<transform>
					<row0>	0.8882 -0.5650 -0.0793 0.0000	</row0>
					<row1>	0.5643 0.8916 -0.0324 0.0000	</row1>
					<row2>	0.0843 -0.0151 1.0522 0.0000	</row2>
					<row3>	0.3428 -0.0267 -2.2612 1.0000	</row3>
				</transform>
			</node>
			<node>
				<identifier>	SP_YMS021_YHUC_S_1_INDEX_10	</identifier>
				<transform>
					<row0>	-0.8483 0.5294 0.0133 0.0000	</row0>
					<row1>	-0.5290 -0.8460 -0.0660 0.0000	</row1>
					<row2>	-0.0237 -0.0630 0.9977 0.0000	</row2>
					<row3>	-0.2336 -0.1706 -1.9604 1.0000	</row3>
				</transform>
			</node>
			<node>
				<identifier>	SP_YMS021_YHUC_S_1_INDEX_11	</identifier>
				<transform>
					<row0>	-0.8483 -0.5294 -0.0133 0.0000	</row0>
					<row1>	0.5290 -0.8460 -0.0660 0.0000	</row1>
					<row2>	0.0237 -0.0630 0.9977 0.0000	</row2>
					<row3>	0.2336 -0.1706 -1.9604 1.0000	</row3>
				</transform>
			</node>
			<node>
				<identifier>	SP_YMS021_YHUC_S_1_INDEX_8	</identifier>
				<transform>
					<row0>	-0.8607 0.5090 0.0087 0.0000	</row0>
					<row1>	-0.5087 -0.8593 -0.0530 0.0000	</row1>
					<row2>	-0.0195 -0.0500 0.9986 0.0000	</row2>
					<row3>	-0.2586 -0.1952 -1.2618 1.0000	</row3>
				</transform>
			</node>
			<node>
				<identifier>	SP_YMS021_YHUC_S_1_INDEX_9	</identifier>
				<transform>
					<row0>	-0.8607 -0.5090 -0.0087 0.0000	</row0>
					<row1>	0.5087 -0.8593 -0.0530 0.0000	</row1>
					<row2>	0.0195 -0.0500 0.9986 0.0000	</row2>
					<row3>	0.2586 -0.1952 -1.2618 1.0000	</row3>
				</transform>
			</node>
			<node>
				<identifier>	SP_YMS063_YHGQ_S_1_INDEX_2	</identifier>
				<transform>
					<row0>	0.4865 0.0000 0.0000 0.0000	</row0>
					<row1>	0.0000 0.4865 0.0000 0.0000	</row1>
					<row2>	0.0000 0.0000 0.4865 0.0000	</row2>
					<row3>	0.0000 0.6267 -1.8120 1.0000	</row3>
				</transform>
			</node>
			<node>
				<identifier>	SP_YMS072_YHHC_M_1_INDEX_10	</identifier>
				<transform>
					<row0>	0.0313 0.0025 -0.5933 0.0000	</row0>
					<row1>	-0.0967 0.5862 -0.0027 0.0000	</row1>
					<row2>	0.5854 0.0967 0.0313 0.0000	</row2>
					<row3>	-0.3915 0.1156 -2.1828 1.0000	</row3>
				</transform>
			</node>
			<node>
				<identifier>	SP_YMS072_YHHC_M_1_INDEX_11	</identifier>
				<transform>
					<row0>	0.0313 -0.0025 0.5933 0.0000	</row0>
					<row1>	0.0967 0.5862 -0.0027 0.0000	</row1>
					<row2>	-0.5854 0.0967 0.0313 0.0000	</row2>
					<row3>	0.3915 0.1156 -2.1828 1.0000	</row3>
				</transform>
			</node>
			<node>
				<identifier>	SP_YMS072_YHHC_M_1_INDEX_6	</identifier>
				<transform>
					<row0>	0.0231 0.0007 -0.5937 0.0000	</row0>
					<row1>	-0.0501 0.5921 -0.0013 0.0000	</row1>
					<row2>	0.5916 0.0501 0.0230 0.0000	</row2>
					<row3>	-0.4327 0.1136 -1.3116 1.0000	</row3>
				</transform>
			</node>
			<node>
				<identifier>	SP_YMS072_YHHC_M_1_INDEX_7	</identifier>
				<transform>
					<row0>	0.0231 -0.0007 0.5937 0.0000	</row0>
					<row1>	0.0501 0.5921 -0.0013 0.0000	</row1>
					<row2>	-0.5916 0.0501 0.0230 0.0000	</row2>
					<row3>	0.4327 0.1136 -1.3116 1.0000	</row3>
				</transform>
			</node>
			<node>
				<identifier>	SP_YMS072_YHHC_M_1_INDEX_8	</identifier>
				<transform>
					<row0>	0.0219 0.0010 -0.5938 0.0000	</row0>
					<row1>	-0.0686 0.5902 -0.0016 0.0000	</row1>
					<row2>	0.5898 0.0686 0.0219 0.0000	</row2>
					<row3>	-0.4143 0.1189 -1.7212 1.0000	</row3>
				</transform>
			</node>
			<node>
				<identifier>	SP_YMS072_YHHC_M_1_INDEX_9	</identifier>
				<transform>
					<row0>	0.0219 -0.0010 0.5938 0.0000	</row0>
					<row1>	0.0686 0.5902 -0.0016 0.0000	</row1>
					<row2>	-0.5898 0.0686 0.0219 0.0000	</row2>
					<row3>	0.4143 0.1189 -1.7212 1.0000	</row3>
				</transform>
			</node>
			<node>
				<identifier>	SP_YMS083_YHSC_L_1_INDEX_4	</identifier>
				<transform>
					<row0>	0.0481 0.0042 -0.5789 0.0000	</row0>
					<row1>	-0.1272 0.5668 -0.0064 0.0000	</row1>
					<row2>	0.5648 0.1273 0.0478 0.0000	</row2>
					<row3>	-0.3500 0.2254 -2.9871 1.0000	</row3>
				</transform>
			</node>
			<node>
				<identifier>	SP_YMS083_YHSC_L_1_INDEX_5	</identifier>
				<transform>
					<row0>	0.0481 -0.0042 0.5789 0.0000	</row0>
					<row1>	0.1272 0.5668 -0.0064 0.0000	</row1>
					<row2>	-0.5648 0.1273 0.0478 0.0000	</row2>
					<row3>	0.3500 0.2254 -2.9871 1.0000	</row3>
				</transform>
			</node>
			<node>
				<identifier>	SP_YMS085_YHSC_S_1_INDEX_2	</identifier>
				<transform>
					<row0>	0.0176 0.0027 -0.4882 0.0000	</row0>
					<row1>	0.0000 0.4885 0.0027 0.0000	</row1>
					<row2>	0.4882 0.0000 0.0176 0.0000	</row2>
					<row3>	-0.4361 0.2276 -1.7323 1.0000	</row3>
				</transform>
			</node>
			<node>
				<identifier>	SP_YMS085_YHSC_S_1_INDEX_3	</identifier>
				<transform>
					<row0>	0.0176 -0.0027 0.4882 0.0000	</row0>
					<row1>	0.0000 0.4885 0.0027 0.0000	</row1>
					<row2>	-0.4882 0.0000 0.0176 0.0000	</row2>
					<row3>	0.4361 0.2276 -1.7323 1.0000	</row3>
				</transform>
			</node>
		</node>
	</node>
	<boundingBox>
		<min>	-0.0667 -0.0667 -0.0667	</min>
		<max>	0.0667 0.0667 0.0667	</max>
	</boundingBox>
</RSD015_Pr_20i_Tashkent_1945_MidBack_ports.visual>
