<ASB025_Massachusetts_1946_Stern_ports.visual>
	<node>
		<identifier>	Scene Root	</identifier>
		<transform>
			<row0>	1.0000 0.0000 0.0000 0.0000	</row0>
			<row1>	0.0000 1.0000 0.0000 0.0000	</row1>
			<row2>	0.0000 0.0000 1.0000 0.0000	</row2>
			<row3>	0.0000 0.0000 0.0000 1.0000	</row3>
		</transform>
		<node>
			<identifier>	Stern_ports	</identifier>
			<transform>
				<row0>	1.0000 0.0000 0.0000 0.0000	</row0>
				<row1>	0.0000 1.0000 0.0000 0.0000	</row1>
				<row2>	0.0000 0.0000 1.0000 0.0000	</row2>
				<row3>	0.0000 0.0000 0.0000 1.0000	</row3>
			</transform>
			<node>
				<identifier>	HP_AC_1	</identifier>
				<transform>
					<row0>	0.2588 0.0000 0.9659 0.0000	</row0>
					<row1>	0.0000 1.0000 0.0000 0.0000	</row1>
					<row2>	-0.9659 0.0000 0.2588 0.0000	</row2>
					<row3>	-0.5744 0.4383 -5.8775 1.0000	</row3>
				</transform>
			</node>
			<node>
				<identifier>	HP_AC_2	</identifier>
				<transform>
					<row0>	0.2588 0.0000 -0.9659 0.0000	</row0>
					<row1>	0.0000 1.0000 0.0000 0.0000	</row1>
					<row2>	0.9659 0.0000 0.2588 0.0000	</row2>
					<row3>	0.5744 0.4383 -5.8775 1.0000	</row3>
				</transform>
			</node>
			<node>
				<identifier>	HP_AD_27	</identifier>
				<transform>
					<row0>	-0.5000 0.0000 0.8660 0.0000	</row0>
					<row1>	0.0000 1.0000 0.0000 0.0000	</row1>
					<row2>	-0.8660 0.0000 -0.5000 0.0000	</row2>
					<row3>	-0.3480 0.4440 -4.5140 1.0000	</row3>
				</transform>
			</node>
			<node>
				<identifier>	HP_AD_28	</identifier>
				<transform>
					<row0>	-0.5000 0.0000 -0.8660 0.0000	</row0>
					<row1>	0.0000 1.0000 0.0000 0.0000	</row1>
					<row2>	0.8660 0.0000 -0.5000 0.0000	</row2>
					<row3>	0.2242 0.4724 -4.8113 1.0000	</row3>
				</transform>
			</node>
			<node>
				<identifier>	HP_AD_29	</identifier>
				<transform>
					<row0>	-1.0000 0.0000 0.0000 0.0000	</row0>
					<row1>	0.0000 1.0000 0.0000 0.0000	</row1>
					<row2>	0.0000 0.0000 -1.0000 0.0000	</row2>
					<row3>	-0.1195 0.5263 -6.5036 1.0000	</row3>
				</transform>
			</node>
			<node>
				<identifier>	HP_AD_30	</identifier>
				<transform>
					<row0>	-1.0000 0.0000 0.0000 0.0000	</row0>
					<row1>	0.0000 1.0000 0.0000 0.0000	</row1>
					<row2>	0.0000 0.0000 -1.0000 0.0000	</row2>
					<row3>	0.1195 0.5263 -6.5036 1.0000	</row3>
				</transform>
			</node>
			<node>
				<identifier>	HP_AGA_31	</identifier>
				<transform>
					<row0>	-0.7071 0.0000 0.7071 0.0000	</row0>
					<row1>	0.0000 1.0000 0.0000 0.0000	</row1>
					<row2>	-0.7071 0.0000 -0.7071 0.0000	</row2>
					<row3>	-0.6860 0.3678 -4.0481 1.0000	</row3>
				</transform>
			</node>
			<node>
				<identifier>	HP_AGA_32	</identifier>
				<transform>
					<row0>	-0.7071 0.0000 -0.7071 0.0000	</row0>
					<row1>	0.0000 1.0000 0.0000 0.0000	</row1>
					<row2>	0.7071 0.0000 -0.7071 0.0000	</row2>
					<row3>	0.6860 0.3678 -4.0481 1.0000	</row3>
				</transform>
			</node>
			<node>
				<identifier>	HP_AGA_33	</identifier>
				<transform>
					<row0>	-0.7071 0.0000 0.7071 0.0000	</row0>
					<row1>	0.0000 1.0000 0.0000 0.0000	</row1>
					<row2>	-0.7071 0.0000 -0.7071 0.0000	</row2>
					<row3>	-0.6830 0.3689 -4.2116 1.0000	</row3>
				</transform>
			</node>
			<node>
				<identifier>	HP_AGA_34	</identifier>
				<transform>
					<row0>	-0.7071 0.0000 -0.7071 0.0000	</row0>
					<row1>	0.0000 1.0000 0.0000 0.0000	</row1>
					<row2>	0.7071 0.0000 -0.7071 0.0000	</row2>
					<row3>	0.6860 0.3689 -4.2116 1.0000	</row3>
				</transform>
			</node>
			<node>
				<identifier>	HP_AGA_35	</identifier>
				<transform>
					<row0>	-0.7071 0.0000 0.7071 0.0000	</row0>
					<row1>	0.0000 1.0000 0.0000 0.0000	</row1>
					<row2>	-0.7071 0.0000 -0.7071 0.0000	</row2>
					<row3>	-0.6860 0.3703 -4.3693 1.0000	</row3>
				</transform>
			</node>
			<node>
				<identifier>	HP_AGA_36	</identifier>
				<transform>
					<row0>	-0.7071 0.0000 -0.7071 0.0000	</row0>
					<row1>	0.0000 1.0000 0.0000 0.0000	</row1>
					<row2>	0.7071 0.0000 -0.7071 0.0000	</row2>
					<row3>	0.6860 0.3703 -4.3693 1.0000	</row3>
				</transform>
			</node>
			<node>
				<identifier>	HP_AGA_37	</identifier>
				<transform>
					<row0>	-0.5000 0.0000 0.8660 0.0000	</row0>
					<row1>	0.0000 1.0000 0.0000 0.0000	</row1>
					<row2>	-0.8660 0.0000 -0.5000 0.0000	</row2>
					<row3>	-0.5998 0.3726 -4.6586 1.0000	</row3>
				</transform>
			</node>
			<node>
				<identifier>	HP_AGA_38	</identifier>
				<transform>
					<row0>	-0.5000 0.0000 -0.8660 0.0000	</row0>
					<row1>	0.0000 1.0000 0.0000 0.0000	</row1>
					<row2>	0.8660 0.0000 -0.5000 0.0000	</row2>
					<row3>	0.5998 0.3726 -4.6586 1.0000	</row3>
				</transform>
			</node>
			<node>
				<identifier>	HP_AGA_39	</identifier>
				<transform>
					<row0>	-1.0000 0.0000 0.0000 0.0000	</row0>
					<row1>	0.0000 1.0000 0.0000 0.0000	</row1>
					<row2>	0.0000 0.0000 -1.0000 0.0000	</row2>
					<row3>	-0.3216 0.4035 -6.6622 1.0000	</row3>
				</transform>
			</node>
			<node>
				<identifier>	HP_AGA_40	</identifier>
				<transform>
					<row0>	-1.0000 0.0000 0.0000 0.0000	</row0>
					<row1>	0.0000 1.0000 0.0000 0.0000	</row1>
					<row2>	0.0000 0.0000 -1.0000 0.0000	</row2>
					<row3>	0.3216 0.4035 -6.6622 1.0000	</row3>
				</transform>
			</node>
			<node>
				<identifier>	HP_FX_Fire_4	</identifier>
				<transform>
					<row0>	1.0000 0.0000 0.0000 0.0000	</row0>
					<row1>	0.0000 1.0000 0.0000 0.0000	</row1>
					<row2>	0.0000 0.0000 1.0000 0.0000	</row2>
					<row3>	0.0000 0.4360 -5.3732 1.0000	</row3>
				</transform>
			</node>
			<node>
				<identifier>	HP_FX_Flood_water_left	</identifier>
				<transform>
					<row0>	-0.9876 0.0000 -0.1571 0.0000	</row0>
					<row1>	0.0000 1.0000 0.0000 0.0000	</row1>
					<row2>	0.1571 0.0000 -0.9876 0.0000	</row2>
					<row3>	-0.9041 0.0585 -4.6357 1.0000	</row3>
				</transform>
			</node>
			<node>
				<identifier>	HP_FX_Flood_water_right	</identifier>
				<transform>
					<row0>	0.9878 0.0000 -0.1555 0.0000	</row0>
					<row1>	0.0000 1.0000 0.0000 0.0000	</row1>
					<row2>	0.1555 0.0000 0.9878 0.0000	</row2>
					<row3>	0.9033 0.0552 -4.6344 1.0000	</row3>
				</transform>
			</node>
			<node>
				<identifier>	HP_FX_RepairLight_left_2	</identifier>
				<transform>
					<row0>	-0.1494 0.0000 0.9888 0.0000	</row0>
					<row1>	-0.1922 0.9809 -0.0290 0.0000	</row1>
					<row2>	-0.9699 -0.1944 -0.1466 0.0000	</row2>
					<row3>	-0.9088 0.3787 -5.0495 1.0000	</row3>
				</transform>
			</node>
			<node>
				<identifier>	HP_FX_RepairLight_right_1	</identifier>
				<transform>
					<row0>	-0.0968 0.0000 -0.9953 0.0000	</row0>
					<row1>	0.1855 0.9825 -0.0180 0.0000	</row1>
					<row2>	0.9779 -0.1864 -0.0951 0.0000	</row2>
					<row3>	1.0178 0.3771 -4.2102 1.0000	</row3>
				</transform>
			</node>
			<node>
				<identifier>	HP_FX_WakeTraceBack	</identifier>
				<transform>
					<row0>	1.0000 0.0000 0.0000 0.0000	</row0>
					<row1>	0.0000 1.0000 0.0000 0.0000	</row1>
					<row2>	0.0000 0.0000 1.0000 0.0000	</row2>
					<row3>	0.0000 0.0000 -6.7587 1.0000	</row3>
				</transform>
			</node>
			<node>
				<identifier>	HP_FX_WakeTrace_screw_1	</identifier>
				<transform>
					<row0>	1.0000 0.0000 0.0000 0.0000	</row0>
					<row1>	0.0000 1.0000 0.0000 0.0000	</row1>
					<row2>	0.0000 0.0000 1.0000 0.0000	</row2>
					<row3>	-0.1868 -0.4930 -5.3952 1.0000	</row3>
				</transform>
			</node>
			<node>
				<identifier>	HP_FX_WakeTrace_screw_2	</identifier>
				<transform>
					<row0>	1.0000 0.0000 0.0000 0.0000	</row0>
					<row1>	0.0000 1.0000 0.0000 0.0000	</row1>
					<row2>	0.0000 0.0000 1.0000 0.0000	</row2>
					<row3>	-0.5891 -0.4942 -5.4656 1.0000	</row3>
				</transform>
			</node>
			<node>
				<identifier>	HP_FX_WakeTrace_screw_3	</identifier>
				<transform>
					<row0>	1.0000 0.0000 0.0000 0.0000	</row0>
					<row1>	0.0000 1.0000 0.0000 0.0000	</row1>
					<row2>	0.0000 0.0000 1.0000 0.0000	</row2>
					<row3>	0.1868 -0.4930 -5.3952 1.0000	</row3>
				</transform>
			</node>
			<node>
				<identifier>	HP_FX_WakeTrace_screw_4	</identifier>
				<transform>
					<row0>	1.0000 0.0000 0.0000 0.0000	</row0>
					<row1>	0.0000 1.0000 0.0000 0.0000	</row1>
					<row2>	0.0000 0.0000 1.0000 0.0000	</row2>
					<row3>	0.5891 -0.4942 -5.4656 1.0000	</row3>
				</transform>
			</node>
			<node>
				<identifier>	HP_Ship_death_3	</identifier>
				<transform>
					<row0>	1.0000 0.0000 0.0000 0.0000	</row0>
					<row1>	0.0000 1.0000 0.0000 0.0000	</row1>
					<row2>	0.0000 0.0000 1.0000 0.0000	</row2>
					<row3>	0.0000 0.0000 -3.8977 1.0000	</row3>
				</transform>
			</node>
			<node>
				<identifier>	MP_AM001_Bollard_2	</identifier>
				<transform>
					<row0>	1.4852 0.0000 -0.2105 0.0000	</row0>
					<row1>	0.0037 1.4998 0.0259 0.0000	</row1>
					<row2>	0.2105 -0.0261 1.4849 0.0000	</row2>
					<row3>	0.8832 0.3762 -4.9031 1.0000	</row3>
				</transform>
			</node>
			<node>
				<identifier>	MP_AM001_Bollard_2_INDEX_1	</identifier>
				<transform>
					<row0>	1.5000 0.0000 0.0000 0.0000	</row0>
					<row1>	0.0000 1.4997 0.0305 0.0000	</row1>
					<row2>	0.0000 -0.0305 1.4997 0.0000	</row2>
					<row3>	0.0883 0.3976 -6.2278 1.0000	</row3>
				</transform>
			</node>
			<node>
				<identifier>	MP_AM001_Bollard_2_INDEX_2	</identifier>
				<transform>
					<row0>	1.5000 0.0000 0.0000 0.0000	</row0>
					<row1>	0.0000 1.4997 0.0305 0.0000	</row1>
					<row2>	0.0000 -0.0305 1.4997 0.0000	</row2>
					<row3>	-0.0883 0.3976 -6.2278 1.0000	</row3>
				</transform>
			</node>
			<node>
				<identifier>	MP_AM001_Bollard_2_INDEX_3	</identifier>
				<transform>
					<row0>	1.4852 0.0000 0.2105 0.0000	</row0>
					<row1>	-0.0037 1.4998 0.0259 0.0000	</row1>
					<row2>	-0.2105 -0.0261 1.4849 0.0000	</row2>
					<row3>	-0.8832 0.3762 -4.9031 1.0000	</row3>
				</transform>
			</node>
			<node>
				<identifier>	MP_AM006_Reels_1	</identifier>
				<transform>
					<row0>	0.0000 0.0000 -2.0000 0.0000	</row0>
					<row1>	0.0000 1.5000 0.0000 0.0000	</row1>
					<row2>	1.5000 0.0000 0.0000 0.0000	</row2>
					<row3>	-0.3597 0.3750 -5.0647 1.0000	</row3>
				</transform>
			</node>
			<node>
				<identifier>	MP_AM020_Ventilators_2	</identifier>
				<transform>
					<row0>	0.0000 0.0000 -0.5372 0.0000	</row0>
					<row1>	0.0000 0.5372 0.0000 0.0000	</row1>
					<row2>	0.5372 0.0000 0.0000 0.0000	</row2>
					<row3>	-0.2805 0.3914 -6.2884 1.0000	</row3>
				</transform>
			</node>
			<node>
				<identifier>	MP_AM020_Ventilators_2_INDEX_1	</identifier>
				<transform>
					<row0>	0.0000 0.0000 0.5372 0.0000	</row0>
					<row1>	0.0000 0.5372 0.0000 0.0000	</row1>
					<row2>	-0.5372 0.0000 0.0000 0.0000	</row2>
					<row3>	0.2805 0.3914 -6.2884 1.0000	</row3>
				</transform>
			</node>
			<node>
				<identifier>	MP_AM020_Ventilators_2_INDEX_2	</identifier>
				<transform>
					<row0>	0.0000 0.0000 0.6696 0.0000	</row0>
					<row1>	0.0000 0.6696 0.0000 0.0000	</row1>
					<row2>	-0.6696 0.0000 0.0000 0.0000	</row2>
					<row3>	-0.0095 0.3777 -5.0965 1.0000	</row3>
				</transform>
			</node>
			<node>
				<identifier>	MP_AM023_Hatch_1	</identifier>
				<transform>
					<row0>	0.0000 0.0000 -1.0000 0.0000	</row0>
					<row1>	0.0000 1.0000 0.0000 0.0000	</row1>
					<row2>	1.0000 0.0000 0.0000 0.0000	</row2>
					<row3>	0.4988 0.3822 -5.3616 1.0000	</row3>
				</transform>
			</node>
			<node>
				<identifier>	MP_AM023_Hatch_1_INDEX_1	</identifier>
				<transform>
					<row0>	0.0000 0.0000 -1.0000 0.0000	</row0>
					<row1>	0.0000 1.0000 0.0000 0.0000	</row1>
					<row2>	1.0000 0.0000 0.0000 0.0000	</row2>
					<row3>	0.0478 0.3896 -6.0234 1.0000	</row3>
				</transform>
			</node>
			<node>
				<identifier>	MP_AM023_Hatch_1_INDEX_2	</identifier>
				<transform>
					<row0>	1.0000 0.0000 0.0000 0.0000	</row0>
					<row1>	0.0000 1.0000 0.0000 0.0000	</row1>
					<row2>	0.0000 0.0000 1.0000 0.0000	</row2>
					<row3>	-0.1211 0.3896 -6.0234 1.0000	</row3>
				</transform>
			</node>
			<node>
				<identifier>	MP_AM023_Hatch_1_INDEX_3	</identifier>
				<transform>
					<row0>	1.0000 0.0000 0.0000 0.0000	</row0>
					<row1>	0.0000 1.0000 0.0000 0.0000	</row1>
					<row2>	0.0000 0.0000 1.0000 0.0000	</row2>
					<row3>	0.0005 0.4006 -6.7847 1.0000	</row3>
				</transform>
			</node>
			<node>
				<identifier>	MP_AM024_Hatch_2	</identifier>
				<transform>
					<row0>	1.0000 0.0000 0.0000 0.0000	</row0>
					<row1>	0.0000 1.0000 0.0000 0.0000	</row1>
					<row2>	0.0000 0.0000 1.0000 0.0000	</row2>
					<row3>	0.3573 0.3726 -4.6775 1.0000	</row3>
				</transform>
			</node>
			<node>
				<identifier>	MP_AM024_Hatch_2_INDEX_1	</identifier>
				<transform>
					<row0>	1.0000 0.0000 0.0000 0.0000	</row0>
					<row1>	0.0000 1.0000 0.0000 0.0000	</row1>
					<row2>	0.0000 0.0000 1.0000 0.0000	</row2>
					<row3>	-0.1217 0.3612 -4.3716 1.0000	</row3>
				</transform>
			</node>
			<node>
				<identifier>	MP_AM024_Hatch_2_INDEX_2	</identifier>
				<transform>
					<row0>	1.0000 0.0000 0.0000 0.0000	</row0>
					<row1>	0.0000 1.0000 0.0000 0.0000	</row1>
					<row2>	0.0000 0.0000 1.0000 0.0000	</row2>
					<row3>	-0.1229 0.3800 -5.1987 1.0000	</row3>
				</transform>
			</node>
			<node>
				<identifier>	MP_AM030_Ammunition_Box4	</identifier>
				<transform>
					<row0>	0.0000 0.0000 -1.0000 0.0000	</row0>
					<row1>	0.0000 1.0000 0.0000 0.0000	</row1>
					<row2>	1.0000 0.0000 0.0000 0.0000	</row2>
					<row3>	-0.5417 0.3684 -4.3063 1.0000	</row3>
				</transform>
			</node>
			<node>
				<identifier>	MP_AM030_Ammunition_Box4_INDEX_1	</identifier>
				<transform>
					<row0>	0.0000 0.0000 1.0000 0.0000	</row0>
					<row1>	0.0000 1.0000 0.0000 0.0000	</row1>
					<row2>	-1.0000 0.0000 0.0000 0.0000	</row2>
					<row3>	0.5417 0.3684 -4.0915 1.0000	</row3>
				</transform>
			</node>
			<node>
				<identifier>	MP_AM030_Ammunition_Box4_INDEX_2	</identifier>
				<transform>
					<row0>	0.0000 0.0000 1.0000 0.0000	</row0>
					<row1>	0.0000 1.0000 0.0000 0.0000	</row1>
					<row2>	-1.0000 0.0000 0.0000 0.0000	</row2>
					<row3>	0.5417 0.3684 -4.3063 1.0000	</row3>
				</transform>
			</node>
			<node>
				<identifier>	MP_AM030_Ammunition_Box4_INDEX_3	</identifier>
				<transform>
					<row0>	0.0000 0.0000 -1.0000 0.0000	</row0>
					<row1>	0.0000 1.0000 0.0000 0.0000	</row1>
					<row2>	1.0000 0.0000 0.0000 0.0000	</row2>
					<row3>	-0.5417 0.3684 -4.0915 1.0000	</row3>
				</transform>
			</node>
			<node>
				<identifier>	MP_AM030_Ammunition_Box4_INDEX_4	</identifier>
				<transform>
					<row0>	0.0000 0.0000 1.0000 0.0000	</row0>
					<row1>	0.0000 1.0000 0.0000 0.0000	</row1>
					<row2>	-1.0000 0.0000 0.0000 0.0000	</row2>
					<row3>	0.5417 0.3684 -4.1990 1.0000	</row3>
				</transform>
			</node>
			<node>
				<identifier>	MP_AM030_Ammunition_Box4_INDEX_5	</identifier>
				<transform>
					<row0>	0.0000 0.0000 -1.0000 0.0000	</row0>
					<row1>	0.0000 1.0000 0.0000 0.0000	</row1>
					<row2>	1.0000 0.0000 0.0000 0.0000	</row2>
					<row3>	-0.5417 0.3684 -4.1990 1.0000	</row3>
				</transform>
			</node>
			<node>
				<identifier>	MP_AM046_Running_Lights_B	</identifier>
				<transform>
					<row0>	-1.0000 0.0000 0.0000 0.0000	</row0>
					<row1>	0.0000 1.0000 0.0000 0.0000	</row1>
					<row2>	0.0000 0.0000 -1.0000 0.0000	</row2>
					<row3>	-0.0622 0.6336 -6.9327 1.0000	</row3>
				</transform>
			</node>
			<node>
				<identifier>	MP_AM058_Boat_4	</identifier>
				<transform>
					<row0>	0.2516 0.0000 -0.9678 0.0000	</row0>
					<row1>	0.0000 1.0000 0.0000 0.0000	</row1>
					<row2>	0.9678 0.0000 0.2516 0.0000	</row2>
					<row3>	-0.6746 0.3832 -5.3855 1.0000	</row3>
				</transform>
			</node>
			<node>
				<identifier>	MP_AM058_Boat_4_INDEX_1	</identifier>
				<transform>
					<row0>	0.2516 0.0000 0.9678 0.0000	</row0>
					<row1>	0.0000 1.0000 0.0000 0.0000	</row1>
					<row2>	-0.9678 0.0000 0.2516 0.0000	</row2>
					<row3>	0.6746 0.3832 -5.3855 1.0000	</row3>
				</transform>
			</node>
			<node>
				<identifier>	MP_AM076_Aircfaft_Crane_1	</identifier>
				<transform>
					<row0>	1.0000 0.0000 0.0000 0.0000	</row0>
					<row1>	0.0000 1.0000 0.0000 0.0000	</row1>
					<row2>	0.0000 0.0000 1.0000 0.0000	</row2>
					<row3>	0.0000 0.4043 -6.6743 1.0000	</row3>
				</transform>
			</node>
			<node>
				<identifier>	MP_AM078_Crane_Control_Wheel	</identifier>
				<transform>
					<row0>	0.9326 0.0000 0.3608 0.0000	</row0>
					<row1>	0.0000 1.0000 0.0000 0.0000	</row1>
					<row2>	-0.3608 0.0000 0.9326 0.0000	</row2>
					<row3>	0.1822 0.4091 -6.8221 1.0000	</row3>
				</transform>
			</node>
			<node>
				<identifier>	MP_AM101_Cooling_tube	</identifier>
				<transform>
					<row0>	0.0000 0.7071 -0.7071 0.0000	</row0>
					<row1>	0.0000 -0.7071 -0.7071 0.0000	</row1>
					<row2>	-1.0000 0.0000 0.0000 0.0000	</row2>
					<row3>	-0.7796 0.4036 -4.1214 1.0000	</row3>
				</transform>
			</node>
			<node>
				<identifier>	MP_AM101_Cooling_tube_INDEX_1	</identifier>
				<transform>
					<row0>	0.0000 -0.0493 -0.9988 0.0000	</row0>
					<row1>	0.0000 0.9988 -0.0493 0.0000	</row1>
					<row2>	1.0000 0.0000 0.0000 0.0000	</row2>
					<row3>	0.7791 0.4069 -4.4243 1.0000	</row3>
				</transform>
			</node>
			<node>
				<identifier>	MP_AM101_Cooling_tube_INDEX_2	</identifier>
				<transform>
					<row0>	0.0000 -0.0389 -0.9992 0.0000	</row0>
					<row1>	0.0000 0.9992 -0.0389 0.0000	</row1>
					<row2>	1.0000 0.0000 0.0000 0.0000	</row2>
					<row3>	0.7790 0.4036 -4.1219 1.0000	</row3>
				</transform>
			</node>
			<node>
				<identifier>	MP_AM101_Cooling_tube_INDEX_3	</identifier>
				<transform>
					<row0>	0.0000 0.7071 -0.7071 0.0000	</row0>
					<row1>	0.0000 -0.7071 -0.7071 0.0000	</row1>
					<row2>	-1.0000 0.0000 0.0000 0.0000	</row2>
					<row3>	-0.7792 0.4061 -4.2791 1.0000	</row3>
				</transform>
			</node>
			<node>
				<identifier>	MP_AM101_Cooling_tube_INDEX_4	</identifier>
				<transform>
					<row0>	0.0000 0.7071 -0.7071 0.0000	</row0>
					<row1>	0.0000 -0.7071 -0.7071 0.0000	</row1>
					<row2>	-1.0000 0.0000 0.0000 0.0000	</row2>
					<row3>	-0.7790 0.4069 -4.4243 1.0000	</row3>
				</transform>
			</node>
			<node>
				<identifier>	MP_AM101_Cooling_tube_INDEX_5	</identifier>
				<transform>
					<row0>	0.0000 -0.0564 -0.9984 0.0000	</row0>
					<row1>	0.0000 0.9984 -0.0564 0.0000	</row1>
					<row2>	1.0000 0.0000 0.0000 0.0000	</row2>
					<row3>	0.7792 0.4061 -4.2793 1.0000	</row3>
				</transform>
			</node>
			<node>
				<identifier>	MP_AM108_Reels_4	</identifier>
				<transform>
					<row0>	0.0000 0.0000 -1.0000 0.0000	</row0>
					<row1>	0.0000 1.0000 0.0000 0.0000	</row1>
					<row2>	1.0000 0.0000 0.0000 0.0000	</row2>
					<row3>	-0.3171 0.3745 -4.9126 1.0000	</row3>
				</transform>
			</node>
			<node>
				<identifier>	MP_AM108_Reels_4_INDEX_1	</identifier>
				<transform>
					<row0>	-1.0000 0.0000 0.0000 0.0000	</row0>
					<row1>	0.0000 0.9999 0.0172 0.0000	</row1>
					<row2>	0.0000 0.0172 -0.9999 0.0000	</row2>
					<row3>	0.2737 0.3799 -5.1689 1.0000	</row3>
				</transform>
			</node>
			<node>
				<identifier>	MP_AM136_Boat_10	</identifier>
				<transform>
					<row0>	0.2588 0.0000 0.9659 0.0000	</row0>
					<row1>	-0.0159 0.9999 0.0043 0.0000	</row1>
					<row2>	-0.9658 -0.0164 0.2588 0.0000	</row2>
					<row3>	0.5996 0.3876 -5.6667 1.0000	</row3>
				</transform>
			</node>
			<node>
				<identifier>	MP_AM136_Boat_10_INDEX_1	</identifier>
				<transform>
					<row0>	0.2588 0.0000 -0.9659 0.0000	</row0>
					<row1>	0.0159 0.9999 0.0043 0.0000	</row1>
					<row2>	0.9658 -0.0164 0.2588 0.0000	</row2>
					<row3>	-0.5996 0.3876 -5.6667 1.0000	</row3>
				</transform>
			</node>
			<node>
				<identifier>	MP_AM136_Boat_10_INDEX_2	</identifier>
				<transform>
					<row0>	0.2591 0.0192 -0.9657 0.0000	</row0>
					<row1>	0.0109 0.9997 0.0228 0.0000	</row1>
					<row2>	0.9658 -0.0164 0.2588 0.0000	</row2>
					<row3>	-0.6371 0.3859 -5.5249 1.0000	</row3>
				</transform>
			</node>
			<node>
				<identifier>	MP_AM136_Boat_10_INDEX_3	</identifier>
				<transform>
					<row0>	0.2591 -0.0192 0.9657 0.0000	</row0>
					<row1>	-0.0109 0.9997 0.0228 0.0000	</row1>
					<row2>	-0.9658 -0.0164 0.2588 0.0000	</row2>
					<row3>	0.6371 0.3859 -5.5249 1.0000	</row3>
				</transform>
			</node>
			<node>
				<identifier>	MP_AM237_Motor_launch_24ft	</identifier>
				<transform>
					<row0>	-1.0000 0.0000 0.0000 0.0000	</row0>
					<row1>	0.0000 1.0000 0.0000 0.0000	</row1>
					<row2>	0.0000 0.0000 -1.0000 0.0000	</row2>
					<row3>	0.0000 0.4387 -5.6939 1.0000	</row3>
				</transform>
			</node>
			<node>
				<identifier>	MP_AM238_Whaleboat_24ft	</identifier>
				<transform>
					<row0>	0.0000 0.0000 1.0000 0.0000	</row0>
					<row1>	0.0000 1.0000 0.0000 0.0000	</row1>
					<row2>	-1.0000 0.0000 0.0000 0.0000	</row2>
					<row3>	0.0040 0.4240 -4.6219 1.0000	</row3>
				</transform>
			</node>
			<node>
				<identifier>	MP_AM352_Stern_Light	</identifier>
				<transform>
					<row0>	0.0000 0.0000 -1.0000 0.0000	</row0>
					<row1>	0.0000 1.0000 0.0000 0.0000	</row1>
					<row2>	1.0000 0.0000 0.0000 0.0000	</row2>
					<row3>	-0.0624 0.4606 -6.9018 1.0000	</row3>
				</transform>
			</node>
			<node>
				<identifier>	MP_AM376_Fairlead	</identifier>
				<transform>
					<row0>	-0.9953 -0.0157 0.0956 0.0000	</row0>
					<row1>	-0.0143 0.9998 0.0159 0.0000	</row1>
					<row2>	-0.0958 0.0145 -0.9953 0.0000	</row2>
					<row3>	1.0056 0.3691 -4.2302 1.0000	</row3>
				</transform>
			</node>
			<node>
				<identifier>	MP_AM376_Fairlead_INDEX_1	</identifier>
				<transform>
					<row0>	0.8921 0.0150 0.4516 0.0000	</row0>
					<row1>	-0.0174 0.9998 0.0012 0.0000	</row1>
					<row2>	-0.4516 -0.0090 0.8922 0.0000	</row2>
					<row3>	-0.5025 0.4020 -6.5036 1.0000	</row3>
				</transform>
			</node>
			<node>
				<identifier>	MP_AM376_Fairlead_INDEX_2	</identifier>
				<transform>
					<row0>	-0.8891 0.0149 0.4575 0.0000	</row0>
					<row1>	0.0174 0.9998 0.0012 0.0000	</row1>
					<row2>	-0.4574 0.0091 -0.8892 0.0000	</row2>
					<row3>	0.5025 0.4020 -6.5036 1.0000	</row3>
				</transform>
			</node>
			<node>
				<identifier>	MP_AM376_Fairlead_INDEX_3	</identifier>
				<transform>
					<row0>	-0.9817 -0.0157 0.1896 0.0000	</row0>
					<row1>	-0.0122 0.9997 0.0200 0.0000	</row1>
					<row2>	-0.1899 0.0173 -0.9816 0.0000	</row2>
					<row3>	0.8441 0.3824 -5.3481 1.0000	</row3>
				</transform>
			</node>
			<node>
				<identifier>	MP_AM376_Fairlead_INDEX_4	</identifier>
				<transform>
					<row0>	0.9817 0.0157 0.1896 0.0000	</row0>
					<row1>	-0.0177 0.9998 0.0089 0.0000	</row1>
					<row2>	-0.1895 -0.0121 0.9818 0.0000	</row2>
					<row3>	-0.8441 0.3829 -5.3481 1.0000	</row3>
				</transform>
			</node>
			<node>
				<identifier>	MP_AM376_Fairlead_INDEX_5	</identifier>
				<transform>
					<row0>	0.9953 0.0149 0.0957 0.0000	</row0>
					<row1>	-0.0152 0.9999 0.0019 0.0000	</row1>
					<row2>	-0.0957 -0.0034 0.9954 0.0000	</row2>
					<row3>	-1.0051 0.3698 -4.2302 1.0000	</row3>
				</transform>
			</node>
			<node>
				<identifier>	MP_AM442_Multipole_Switch	</identifier>
				<transform>
					<row0>	-0.1309 0.0000 0.9914 0.0000	</row0>
					<row1>	0.0000 1.0000 0.0000 0.0000	</row1>
					<row2>	-0.9914 0.0000 -0.1309 0.0000	</row2>
					<row3>	-0.3225 0.4714 -6.4958 1.0000	</row3>
				</transform>
			</node>
			<node>
				<identifier>	MP_AM442_Multipole_Switch_INDEX_1	</identifier>
				<transform>
					<row0>	0.2680 0.0000 0.9634 0.0000	</row0>
					<row1>	0.0000 1.0000 0.0000 0.0000	</row1>
					<row2>	-0.9634 0.0000 0.2680 0.0000	</row2>
					<row3>	-0.5298 0.4361 -4.4760 1.0000	</row3>
				</transform>
			</node>
			<node>
				<identifier>	MP_AM442_Multipole_Switch_INDEX_2	</identifier>
				<transform>
					<row0>	-0.1309 0.0000 -0.9914 0.0000	</row0>
					<row1>	0.0000 1.0000 0.0000 0.0000	</row1>
					<row2>	0.9914 0.0000 -0.1309 0.0000	</row2>
					<row3>	0.3225 0.4714 -6.4958 1.0000	</row3>
				</transform>
			</node>
			<node>
				<identifier>	MP_AM442_Multipole_Switch_INDEX_3	</identifier>
				<transform>
					<row0>	0.2680 0.0000 -0.9634 0.0000	</row0>
					<row1>	0.0000 1.0000 0.0000 0.0000	</row1>
					<row2>	0.9634 0.0000 0.2680 0.0000	</row2>
					<row3>	0.5298 0.4361 -4.4760 1.0000	</row3>
				</transform>
			</node>
			<node>
				<identifier>	MP_AM445_Switch_box_2	</identifier>
				<transform>
					<row0>	-0.9918 0.0000 0.1280 0.0000	</row0>
					<row1>	0.0000 1.0000 0.0000 0.0000	</row1>
					<row2>	-0.1280 0.0000 -0.9918 0.0000	</row2>
					<row3>	0.3336 0.4216 -6.4889 1.0000	</row3>
				</transform>
			</node>
			<node>
				<identifier>	MP_AM445_Switch_box_2_INDEX_1	</identifier>
				<transform>
					<row0>	-0.9918 0.0000 -0.1280 0.0000	</row0>
					<row1>	0.0000 1.0000 0.0000 0.0000	</row1>
					<row2>	0.1280 0.0000 -0.9918 0.0000	</row2>
					<row3>	-0.3336 0.4216 -6.4889 1.0000	</row3>
				</transform>
			</node>
			<node>
				<identifier>	MP_AM445_Switch_box_2_INDEX_2	</identifier>
				<transform>
					<row0>	-0.9633 0.0000 -0.2685 0.0000	</row0>
					<row1>	0.0000 1.0000 0.0000 0.0000	</row1>
					<row2>	0.2685 0.0000 -0.9633 0.0000	</row2>
					<row3>	0.5371 0.4015 -4.4652 1.0000	</row3>
				</transform>
			</node>
			<node>
				<identifier>	MP_AM445_Switch_box_2_INDEX_3	</identifier>
				<transform>
					<row0>	-0.9633 0.0000 0.2685 0.0000	</row0>
					<row1>	0.0000 1.0000 0.0000 0.0000	</row1>
					<row2>	-0.2685 0.0000 -0.9633 0.0000	</row2>
					<row3>	-0.5371 0.4015 -4.4652 1.0000	</row3>
				</transform>
			</node>
			<node>
				<identifier>	MP_AM549_Life_Buoy	</identifier>
				<transform>
					<row0>	0.9922 0.0000 -0.1245 0.0000	</row0>
					<row1>	0.0000 1.0000 0.0000 0.0000	</row1>
					<row2>	0.1245 0.0000 0.9922 0.0000	</row2>
					<row3>	0.9722 0.4183 -4.5739 1.0000	</row3>
				</transform>
			</node>
			<node>
				<identifier>	MP_AM549_Life_Buoy_INDEX_1	</identifier>
				<transform>
					<row0>	-0.9922 0.0000 -0.1245 0.0000	</row0>
					<row1>	0.0000 1.0000 0.0000 0.0000	</row1>
					<row2>	0.1245 0.0000 -0.9922 0.0000	</row2>
					<row3>	-0.9720 0.4183 -4.5748 1.0000	</row3>
				</transform>
			</node>
			<node>
				<identifier>	MP_CM002_Propeller4_L	</identifier>
				<transform>
					<row0>	1.3120 0.0000 0.0000 0.0000	</row0>
					<row1>	0.0000 1.3116 -0.0343 0.0000	</row1>
					<row2>	0.0000 0.0343 1.3116 0.0000	</row2>
					<row3>	-0.1868 -0.4930 -5.3952 1.0000	</row3>
				</transform>
			</node>
			<node>
				<identifier>	MP_CM003_Propeller5_L	</identifier>
				<transform>
					<row0>	1.3118 0.0000 0.0000 0.0000	</row0>
					<row1>	0.0000 1.3113 -0.0343 0.0000	</row1>
					<row2>	0.0000 0.0343 1.3113 0.0000	</row2>
					<row3>	-0.5891 -0.4942 -5.4656 1.0000	</row3>
				</transform>
			</node>
			<node>
				<identifier>	MP_CM011_Fire_Fighting_Gear	</identifier>
				<transform>
					<row0>	1.0000 0.0000 0.0000 0.0000	</row0>
					<row1>	0.0000 1.0000 0.0000 0.0000	</row1>
					<row2>	0.0000 0.0000 1.0000 0.0000	</row2>
					<row3>	-0.1768 0.3734 -4.2532 1.0000	</row3>
				</transform>
			</node>
			<node>
				<identifier>	MP_CM033_Propeller4_R	</identifier>
				<transform>
					<row0>	1.3120 0.0000 0.0000 0.0000	</row0>
					<row1>	0.0000 1.3116 -0.0343 0.0000	</row1>
					<row2>	0.0000 0.0343 1.3116 0.0000	</row2>
					<row3>	0.1868 -0.4930 -5.3952 1.0000	</row3>
				</transform>
			</node>
			<node>
				<identifier>	MP_CM034_Propeller5_R	</identifier>
				<transform>
					<row0>	1.3120 0.0000 0.0000 0.0000	</row0>
					<row1>	0.0000 1.3116 -0.0343 0.0000	</row1>
					<row2>	0.0000 0.0343 1.3116 0.0000	</row2>
					<row3>	0.5891 -0.4942 -5.4656 1.0000	</row3>
				</transform>
			</node>
			<node>
				<identifier>	MP_CM097_Stairway	</identifier>
				<transform>
					<row0>	0.0000 1.0000 0.0000 0.0000	</row0>
					<row1>	-1.0000 0.0000 0.0000 0.0000	</row1>
					<row2>	0.0000 0.0000 1.0000 0.0000	</row2>
					<row3>	-0.7924 0.4004 -4.2472 1.0000	</row3>
				</transform>
			</node>
			<node>
				<identifier>	MP_CM097_Stairway_INDEX_1	</identifier>
				<transform>
					<row0>	0.0000 -1.0000 0.0000 0.0000	</row0>
					<row1>	1.0000 0.0000 0.0000 0.0000	</row1>
					<row2>	0.0000 0.0000 1.0000 0.0000	</row2>
					<row3>	0.7924 0.4004 -4.2472 1.0000	</row3>
				</transform>
			</node>
			<node>
				<identifier>	SP_YMS011_YHWL_M_1_INDEX_11	</identifier>
				<transform>
					<row0>	0.9997 0.4303 0.1592 0.0000	</row0>
					<row1>	-0.4265 1.0123 -0.0581 0.0000	</row1>
					<row2>	-0.1692 -0.0090 1.0869 0.0000	</row2>
					<row3>	-0.8813 0.0000 -4.6412 1.0000	</row3>
				</transform>
			</node>
			<node>
				<identifier>	SP_YMS011_YHWL_M_1_INDEX_12	</identifier>
				<transform>
					<row0>	0.9614 0.4539 0.2823 0.0000	</row0>
					<row1>	-0.4339 1.0020 -0.1333 0.0000	</row1>
					<row2>	-0.3122 0.0051 1.0548 0.0000	</row2>
					<row3>	-0.6830 0.0000 -5.5450 1.0000	</row3>
				</transform>
			</node>
			<node>
				<identifier>	SP_YMS012_YHWR_M_1_INDEX_11	</identifier>
				<transform>
					<row0>	0.9997 -0.4303 -0.1592 0.0000	</row0>
					<row1>	0.4265 1.0123 -0.0581 0.0000	</row1>
					<row2>	0.1692 -0.0090 1.0869 0.0000	</row2>
					<row3>	0.8813 0.0000 -4.6412 1.0000	</row3>
				</transform>
			</node>
			<node>
				<identifier>	SP_YMS012_YHWR_M_1_INDEX_12	</identifier>
				<transform>
					<row0>	0.9614 -0.4539 -0.2823 0.0000	</row0>
					<row1>	0.4339 1.0020 -0.1333 0.0000	</row1>
					<row2>	0.3122 0.0051 1.0548 0.0000	</row2>
					<row3>	0.6830 0.0000 -5.5450 1.0000	</row3>
				</transform>
			</node>
			<node>
				<identifier>	SP_YMS023_YHUC_L_1	</identifier>
				<transform>
					<row0>	0.8610 0.0000 0.0000 0.0000	</row0>
					<row1>	0.0000 0.8607 -0.0225 0.0000	</row1>
					<row2>	0.0000 0.0225 0.8607 0.0000	</row2>
					<row3>	-0.1868 -0.4930 -5.3952 1.0000	</row3>
				</transform>
			</node>
			<node>
				<identifier>	SP_YMS023_YHUC_L_1_INDEX_1	</identifier>
				<transform>
					<row0>	0.8610 0.0000 0.0000 0.0000	</row0>
					<row1>	0.0000 0.8607 -0.0225 0.0000	</row1>
					<row2>	0.0000 0.0225 0.8607 0.0000	</row2>
					<row3>	0.1868 -0.4930 -5.3952 1.0000	</row3>
				</transform>
			</node>
			<node>
				<identifier>	SP_YMS023_YHUC_L_1_INDEX_2	</identifier>
				<transform>
					<row0>	0.9175 0.0000 0.0000 0.0000	</row0>
					<row1>	0.0000 0.9172 -0.0240 0.0000	</row1>
					<row2>	0.0000 0.0240 0.9172 0.0000	</row2>
					<row3>	-0.5891 -0.4942 -5.4656 1.0000	</row3>
				</transform>
			</node>
			<node>
				<identifier>	SP_YMS023_YHUC_L_1_INDEX_3	</identifier>
				<transform>
					<row0>	0.9175 0.0000 0.0000 0.0000	</row0>
					<row1>	0.0000 0.9172 -0.0240 0.0000	</row1>
					<row2>	0.0000 0.0240 0.9172 0.0000	</row2>
					<row3>	0.5891 -0.4942 -5.4656 1.0000	</row3>
				</transform>
			</node>
			<node>
				<identifier>	SP_YMS030_YHAM_M_1	</identifier>
				<transform>
					<row0>	0.9001 0.0000 0.0000 0.0000	</row0>
					<row1>	0.0000 0.9001 0.0000 0.0000	</row1>
					<row2>	0.0000 0.0000 0.9001 0.0000	</row2>
					<row3>	0.0000 0.2157 -6.9158 1.0000	</row3>
				</transform>
			</node>
			<node>
				<identifier>	SP_YMS031_YHAL_M_1	</identifier>
				<transform>
					<row0>	1.1810 0.3229 0.3268 0.0000	</row0>
					<row1>	-0.3039 1.2251 -0.1123 0.0000	</row1>
					<row2>	-0.3446 0.0263 1.2192 0.0000	</row2>
					<row3>	-0.6201 0.2411 -6.1377 1.0000	</row3>
				</transform>
			</node>
			<node>
				<identifier>	SP_YMS032_YHAR_M_1	</identifier>
				<transform>
					<row0>	1.1810 -0.3229 -0.3268 0.0000	</row0>
					<row1>	0.3039 1.2251 -0.1123 0.0000	</row1>
					<row2>	0.3446 0.0263 1.2192 0.0000	</row2>
					<row3>	0.6201 0.2411 -6.1377 1.0000	</row3>
				</transform>
			</node>
			<node>
				<identifier>	SP_YMS041_YHCS_M_1_INDEX_1	</identifier>
				<transform>
					<row0>	0.0000 0.0000 0.8251 0.0000	</row0>
					<row1>	0.0000 0.8251 0.0000 0.0000	</row1>
					<row2>	-0.8251 0.0000 0.0000 0.0000	</row2>
					<row3>	0.0236 0.4287 -4.6219 1.0000	</row3>
				</transform>
			</node>
			<node>
				<identifier>	SP_YMS041_YHCS_M_1_INDEX_2	</identifier>
				<transform>
					<row0>	0.6440 0.0000 0.0000 0.0000	</row0>
					<row1>	0.0000 0.6440 0.0000 0.0000	</row1>
					<row2>	0.0000 0.0000 0.6440 0.0000	</row2>
					<row3>	0.0000 0.4338 -5.6963 1.0000	</row3>
				</transform>
			</node>
			<node>
				<identifier>	SP_YMS053_YHDC_S_1_INDEX_16	</identifier>
				<transform>
					<row0>	1.0000 0.0000 0.0000 0.0000	</row0>
					<row1>	0.0000 0.9999 0.0145 0.0000	</row1>
					<row2>	0.0000 -0.0145 0.9999 0.0000	</row2>
					<row3>	0.0000 0.3941 -5.2532 1.0000	</row3>
				</transform>
			</node>
			<node>
				<identifier>	SP_YMS053_YHDC_S_1_INDEX_17	</identifier>
				<transform>
					<row0>	1.0000 0.0000 0.0000 0.0000	</row0>
					<row1>	0.0000 0.9999 0.0148 0.0000	</row1>
					<row2>	0.0000 -0.0148 0.9999 0.0000	</row2>
					<row3>	-0.3877 0.3997 -5.5465 1.0000	</row3>
				</transform>
			</node>
			<node>
				<identifier>	SP_YMS053_YHDC_S_1_INDEX_18	</identifier>
				<transform>
					<row0>	1.0000 0.0000 0.0000 0.0000	</row0>
					<row1>	0.0000 0.9999 0.0148 0.0000	</row1>
					<row2>	0.0000 -0.0148 0.9999 0.0000	</row2>
					<row3>	0.3877 0.3997 -5.5465 1.0000	</row3>
				</transform>
			</node>
			<node>
				<identifier>	SP_YMS062_YHGH_M_1_INDEX_2	</identifier>
				<transform>
					<row0>	0.0000 0.0000 -0.4044 0.0000	</row0>
					<row1>	0.0000 0.4044 0.0000 0.0000	</row1>
					<row2>	0.4044 0.0000 0.0000 0.0000	</row2>
					<row3>	-0.3480 0.5406 -4.5140 1.0000	</row3>
				</transform>
			</node>
			<node>
				<identifier>	SP_YMS062_YHGH_M_1_INDEX_3	</identifier>
				<transform>
					<row0>	0.0000 0.0000 0.4044 0.0000	</row0>
					<row1>	0.0000 0.4044 0.0000 0.0000	</row1>
					<row2>	-0.4044 0.0000 0.0000 0.0000	</row2>
					<row3>	0.2241 0.5564 -4.8113 1.0000	</row3>
				</transform>
			</node>
			<node>
				<identifier>	SP_YMS062_YHGH_M_1_INDEX_4	</identifier>
				<transform>
					<row0>	-0.4416 0.0000 0.0000 0.0000	</row0>
					<row1>	0.0000 0.4416 0.0000 0.0000	</row1>
					<row2>	0.0000 0.0000 -0.4416 0.0000	</row2>
					<row3>	-0.1195 0.5554 -6.5036 1.0000	</row3>
				</transform>
			</node>
			<node>
				<identifier>	SP_YMS063_YHGQ_S_1_INDEX_1	</identifier>
				<transform>
					<row0>	0.7185 0.0000 -0.7185 0.0000	</row0>
					<row1>	0.0000 1.0161 0.0000 0.0000	</row1>
					<row2>	0.7185 0.0000 0.7185 0.0000	</row2>
					<row3>	-0.3216 0.4824 -6.6622 1.0000	</row3>
				</transform>
			</node>
			<node>
				<identifier>	SP_YMS063_YHGQ_S_1_INDEX_2	</identifier>
				<transform>
					<row0>	0.7185 0.0000 0.7185 0.0000	</row0>
					<row1>	0.0000 1.0161 0.0000 0.0000	</row1>
					<row2>	-0.7185 0.0000 0.7185 0.0000	</row2>
					<row3>	0.3216 0.4824 -6.6622 1.0000	</row3>
				</transform>
			</node>
			<node>
				<identifier>	SP_YMS082_YHSC_M_1	</identifier>
				<transform>
					<row0>	0.2272 0.0246 -1.2479 0.0000	</row0>
					<row1>	-0.2848 1.2360 -0.0275 0.0000	</row1>
					<row2>	1.2152 0.2851 0.2269 0.0000	</row2>
					<row3>	-0.8823 0.2185 -4.9849 1.0000	</row3>
				</transform>
			</node>
			<node>
				<identifier>	SP_YMS082_YHSC_M_1_INDEX_1	</identifier>
				<transform>
					<row0>	-0.2272 0.0246 -1.2479 0.0000	</row0>
					<row1>	-0.2848 -1.2360 0.0275 0.0000	</row1>
					<row2>	-1.2152 0.2851 0.2269 0.0000	</row2>
					<row3>	0.8826 0.2208 -4.9830 1.0000	</row3>
				</transform>
			</node>
			<node>
				<identifier>	SP_YMS082_YHSC_M_1_INDEX_2	</identifier>
				<transform>
					<row0>	0.2893 0.0398 -1.2346 0.0000	</row0>
					<row1>	-0.3430 1.2207 -0.0411 0.0000	</row1>
					<row2>	1.1867 0.3432 0.2892 0.0000	</row2>
					<row3>	-0.7865 0.2349 -5.4643 1.0000	</row3>
				</transform>
			</node>
			<node>
				<identifier>	SP_YMS082_YHSC_M_1_INDEX_3	</identifier>
				<transform>
					<row0>	-0.2893 0.0398 -1.2346 0.0000	</row0>
					<row1>	-0.3430 -1.2207 0.0411 0.0000	</row1>
					<row2>	-1.1867 0.3432 0.2892 0.0000	</row2>
					<row3>	0.7864 0.2361 -5.4634 1.0000	</row3>
				</transform>
			</node>
			<node>
				<identifier>	SP_YMS083_YHSC_L_1_INDEX_10	</identifier>
				<transform>
					<row0>	0.0733 0.0035 -0.8115 0.0000	</row0>
					<row1>	-0.1280 0.8047 -0.0081 0.0000	</row1>
					<row2>	0.8014 0.1282 0.0730 0.0000	</row2>
					<row3>	-1.0193 0.3693 -4.0911 1.0000	</row3>
				</transform>
			</node>
			<node>
				<identifier>	SP_YMS083_YHSC_L_1_INDEX_11	</identifier>
				<transform>
					<row0>	0.0733 -0.0035 0.8115 0.0000	</row0>
					<row1>	0.1280 0.8047 -0.0081 0.0000	</row1>
					<row2>	-0.8014 0.1282 0.0730 0.0000	</row2>
					<row3>	1.0193 0.3693 -4.0911 1.0000	</row3>
				</transform>
			</node>
		</node>
	</node>
	<boundingBox>
		<min>	-0.0667 -0.0667 -0.0667	</min>
		<max>	0.0667 0.0667 0.0667	</max>
	</boundingBox>
</ASB025_Massachusetts_1946_Stern_ports.visual>
