<BSA009_Ark_Royal_1941_Stern_ports.visual>
	<node>
		<identifier>	Scene Root	</identifier>
		<transform>
			<row0>	1.0000 0.0000 0.0000 0.0000	</row0>
			<row1>	0.0000 1.0000 0.0000 0.0000	</row1>
			<row2>	0.0000 0.0000 1.0000 0.0000	</row2>
			<row3>	0.0000 0.0000 0.0000 1.0000	</row3>
		</transform>
		<node>
			<identifier>	Stern_ports	</identifier>
			<transform>
				<row0>	1.0000 0.0000 0.0000 0.0000	</row0>
				<row1>	0.0000 1.0000 0.0000 0.0000	</row1>
				<row2>	0.0000 0.0000 1.0000 0.0000	</row2>
				<row3>	0.0000 0.0000 0.0000 1.0000	</row3>
			</transform>
			<node>
				<identifier>	HP_BGA_11	</identifier>
				<transform>
					<row0>	-0.7071 0.0000 0.7071 0.0000	</row0>
					<row1>	0.0000 1.0000 0.0000 0.0000	</row1>
					<row2>	-0.7071 0.0000 -0.7071 0.0000	</row2>
					<row3>	-0.9857 1.0138 -6.5615 1.0000	</row3>
				</transform>
			</node>
			<node>
				<identifier>	HP_BGA_12	</identifier>
				<transform>
					<row0>	-0.7071 0.0000 -0.7071 0.0000	</row0>
					<row1>	0.0000 1.0000 0.0000 0.0000	</row1>
					<row2>	0.7071 0.0000 -0.7071 0.0000	</row2>
					<row3>	0.9267 1.0138 -6.5615 1.0000	</row3>
				</transform>
			</node>
			<node>
				<identifier>	HP_BGA_13	</identifier>
				<transform>
					<row0>	-0.7071 0.0000 0.7071 0.0000	</row0>
					<row1>	0.0000 1.0000 0.0000 0.0000	</row1>
					<row2>	-0.7071 0.0000 -0.7071 0.0000	</row2>
					<row3>	-0.9403 1.0138 -6.8876 1.0000	</row3>
				</transform>
			</node>
			<node>
				<identifier>	HP_BGA_14	</identifier>
				<transform>
					<row0>	-0.7071 0.0000 -0.7071 0.0000	</row0>
					<row1>	0.0000 1.0000 0.0000 0.0000	</row1>
					<row2>	0.7071 0.0000 -0.7071 0.0000	</row2>
					<row3>	0.8812 1.0138 -6.8876 1.0000	</row3>
				</transform>
			</node>
			<node>
				<identifier>	HP_DeckLand	</identifier>
				<transform>
					<row0>	1.0000 0.0000 0.0000 0.0000	</row0>
					<row1>	0.0000 1.0000 0.0000 0.0000	</row1>
					<row2>	0.0000 0.0000 1.0000 0.0000	</row2>
					<row3>	0.0000 1.4982 -9.9905 1.0000	</row3>
				</transform>
			</node>
			<node>
				<identifier>	HP_DisappearPoint	</identifier>
				<transform>
					<row0>	1.0000 0.0000 0.0000 0.0000	</row0>
					<row1>	0.0000 1.0000 0.0000 0.0000	</row1>
					<row2>	0.0000 0.0000 1.0000 0.0000	</row2>
					<row3>	0.0000 1.1115 -8.6121 1.0000	</row3>
				</transform>
			</node>
			<node>
				<identifier>	HP_FX_Death_3	</identifier>
				<transform>
					<row0>	1.0000 0.0000 0.0000 0.0000	</row0>
					<row1>	0.0000 1.0000 0.0000 0.0000	</row1>
					<row2>	0.0000 0.0000 1.0000 0.0000	</row2>
					<row3>	0.0000 0.0000 -4.3527 1.0000	</row3>
				</transform>
			</node>
			<node>
				<identifier>	HP_FX_Fire_4	</identifier>
				<transform>
					<row0>	1.0000 0.0000 0.0000 0.0000	</row0>
					<row1>	0.0000 1.0000 0.0000 0.0000	</row1>
					<row2>	0.0000 0.0000 1.0000 0.0000	</row2>
					<row3>	0.0000 1.0833 -6.6817 1.0000	</row3>
				</transform>
			</node>
			<node>
				<identifier>	HP_FX_Fire_4_side_1	</identifier>
				<transform>
					<row0>	1.0000 0.0000 0.0000 0.0000	</row0>
					<row1>	0.0000 1.0000 0.0000 0.0000	</row1>
					<row2>	0.0000 0.0000 1.0000 0.0000	</row2>
					<row3>	0.3598 1.0598 -8.3298 1.0000	</row3>
				</transform>
			</node>
			<node>
				<identifier>	HP_FX_WakeTraceBack	</identifier>
				<transform>
					<row0>	1.0000 0.0000 0.0000 0.0000	</row0>
					<row1>	0.0000 1.0000 0.0000 0.0000	</row1>
					<row2>	0.0000 0.0000 1.0000 0.0000	</row2>
					<row3>	0.0000 0.0000 -7.2177 1.0000	</row3>
				</transform>
			</node>
			<node>
				<identifier>	HP_FX_WakeTrace_screw_1	</identifier>
				<transform>
					<row0>	1.0000 0.0000 0.0000 0.0000	</row0>
					<row1>	0.0000 1.0000 0.0000 0.0000	</row1>
					<row2>	0.0000 0.0000 1.0000 0.0000	</row2>
					<row3>	-0.4279 -0.3824 -5.1239 1.0000	</row3>
				</transform>
			</node>
			<node>
				<identifier>	HP_FX_WakeTrace_screw_2	</identifier>
				<transform>
					<row0>	1.0000 0.0000 0.0000 0.0000	</row0>
					<row1>	0.0000 1.0000 0.0000 0.0000	</row1>
					<row2>	0.0000 0.0000 1.0000 0.0000	</row2>
					<row3>	0.4279 -0.3824 -5.1239 1.0000	</row3>
				</transform>
			</node>
			<node>
				<identifier>	HP_FX_WakeTrace_screw_3	</identifier>
				<transform>
					<row0>	1.0000 0.0000 0.0000 0.0000	</row0>
					<row1>	0.0000 1.0000 0.0000 0.0000	</row1>
					<row2>	0.0000 0.0000 1.0000 0.0000	</row2>
					<row3>	0.0000 -0.4042 -6.1093 1.0000	</row3>
				</transform>
			</node>
			<node>
				<identifier>	MP_BM003_Night_lifebuoy	</identifier>
				<transform>
					<row0>	0.7796 0.4225 -0.2547 0.0000	</row0>
					<row1>	-0.4016 0.8202 0.1312 0.0000	</row1>
					<row2>	0.3299 0.0000 1.0098 0.0000	</row2>
					<row3>	0.4782 0.4580 -6.5454 1.0000	</row3>
				</transform>
			</node>
			<node>
				<identifier>	MP_BM003_Night_lifebuoy_INDEX_1	</identifier>
				<transform>
					<row0>	-0.7779 0.4255 -0.2550 0.0000	</row0>
					<row1>	0.4043 0.8186 0.1326 0.0000	</row1>
					<row2>	0.3309 0.0000 -1.0094 0.0000	</row2>
					<row3>	-0.4779 0.4578 -6.5472 1.0000	</row3>
				</transform>
			</node>
			<node>
				<identifier>	MP_BM019_Reels_1	</identifier>
				<transform>
					<row0>	1.0000 0.0000 0.0000 0.0000	</row0>
					<row1>	0.0000 0.0000 -1.0000 0.0000	</row1>
					<row2>	0.0000 1.0000 0.0000 0.0000	</row2>
					<row3>	0.3444 0.5024 -6.4475 1.0000	</row3>
				</transform>
			</node>
			<node>
				<identifier>	MP_BM019_Reels_1_INDEX_1	</identifier>
				<transform>
					<row0>	0.7553 0.0000 0.0000 0.0000	</row0>
					<row1>	0.0000 0.0000 0.7553 0.0000	</row1>
					<row2>	0.0000 -0.7553 0.0000 0.0000	</row2>
					<row3>	0.7670 0.4818 -4.6644 1.0000	</row3>
				</transform>
			</node>
			<node>
				<identifier>	MP_BM019_Reels_1_INDEX_2	</identifier>
				<transform>
					<row0>	1.0000 0.0000 0.0000 0.0000	</row0>
					<row1>	0.0000 0.0000 -1.0000 0.0000	</row1>
					<row2>	0.0000 1.0000 0.0000 0.0000	</row2>
					<row3>	-0.3444 0.5024 -6.4475 1.0000	</row3>
				</transform>
			</node>
			<node>
				<identifier>	MP_BM019_Reels_1_INDEX_3	</identifier>
				<transform>
					<row0>	0.8030 0.0000 0.0000 0.0000	</row0>
					<row1>	0.0000 0.0000 0.7553 0.0000	</row1>
					<row2>	0.0000 -0.7553 0.0000 0.0000	</row2>
					<row3>	-0.7926 0.4875 -4.6644 1.0000	</row3>
				</transform>
			</node>
			<node>
				<identifier>	MP_BM019_Reels_1_INDEX_4	</identifier>
				<transform>
					<row0>	1.0000 0.0000 0.0000 0.0000	</row0>
					<row1>	0.0000 0.0000 1.0000 0.0000	</row1>
					<row2>	0.0000 -1.0000 0.0000 0.0000	</row2>
					<row3>	0.3308 0.5024 -6.6942 1.0000	</row3>
				</transform>
			</node>
			<node>
				<identifier>	MP_BM019_Reels_1_INDEX_5	</identifier>
				<transform>
					<row0>	1.0000 0.0000 0.0000 0.0000	</row0>
					<row1>	0.0000 0.0000 1.0000 0.0000	</row1>
					<row2>	0.0000 -1.0000 0.0000 0.0000	</row2>
					<row3>	-0.3325 0.5024 -6.6942 1.0000	</row3>
				</transform>
			</node>
			<node>
				<identifier>	MP_BM020_Smoke_floats	</identifier>
				<transform>
					<row0>	0.4222 0.0000 -0.7948 0.0000	</row0>
					<row1>	0.0000 0.9000 0.0000 0.0000	</row1>
					<row2>	0.7948 0.0000 0.4222 0.0000	</row2>
					<row3>	0.3611 0.3660 -6.8681 1.0000	</row3>
				</transform>
			</node>
			<node>
				<identifier>	MP_BM020_Smoke_floats_INDEX_1	</identifier>
				<transform>
					<row0>	0.4689 0.0000 -0.7682 0.0000	</row0>
					<row1>	0.0000 0.9000 0.0000 0.0000	</row1>
					<row2>	0.7682 0.0000 0.4689 0.0000	</row2>
					<row3>	0.3121 0.3660 -7.0130 1.0000	</row3>
				</transform>
			</node>
			<node>
				<identifier>	MP_BM020_Smoke_floats_INDEX_2	</identifier>
				<transform>
					<row0>	-0.7728 0.0000 0.4613 0.0000	</row0>
					<row1>	0.0000 0.9000 0.0000 0.0000	</row1>
					<row2>	-0.4613 0.0000 -0.7728 0.0000	</row2>
					<row3>	0.4046 0.3660 -6.7285 1.0000	</row3>
				</transform>
			</node>
			<node>
				<identifier>	MP_BM020_Smoke_floats_INDEX_3	</identifier>
				<transform>
					<row0>	-0.8474 0.0000 -0.3033 0.0000	</row0>
					<row1>	0.0000 0.9000 0.0000 0.0000	</row1>
					<row2>	0.3033 0.0000 -0.8474 0.0000	</row2>
					<row3>	0.3921 0.3660 -6.7733 1.0000	</row3>
				</transform>
			</node>
			<node>
				<identifier>	MP_BM020_Smoke_floats_INDEX_4	</identifier>
				<transform>
					<row0>	-0.2931 0.0000 0.8509 0.0000	</row0>
					<row1>	0.0000 0.9000 0.0000 0.0000	</row1>
					<row2>	-0.8509 0.0000 -0.2931 0.0000	</row2>
					<row3>	0.3765 0.3660 -6.8229 1.0000	</row3>
				</transform>
			</node>
			<node>
				<identifier>	MP_BM020_Smoke_floats_INDEX_5	</identifier>
				<transform>
					<row0>	-0.8558 0.0000 -0.2787 0.0000	</row0>
					<row1>	0.0000 0.9000 0.0000 0.0000	</row1>
					<row2>	0.2787 0.0000 -0.8558 0.0000	</row2>
					<row3>	0.3246 0.3660 -6.9681 1.0000	</row3>
				</transform>
			</node>
			<node>
				<identifier>	MP_BM020_Smoke_floats_INDEX_6	</identifier>
				<transform>
					<row0>	0.9000 0.0000 0.0000 0.0000	</row0>
					<row1>	0.0000 0.9000 0.0000 0.0000	</row1>
					<row2>	0.0000 0.0000 0.9000 0.0000	</row2>
					<row3>	0.2811 0.3660 -7.1077 1.0000	</row3>
				</transform>
			</node>
			<node>
				<identifier>	MP_BM020_Smoke_floats_INDEX_7	</identifier>
				<transform>
					<row0>	-0.7741 0.0000 0.4590 0.0000	</row0>
					<row1>	0.0000 0.9000 0.0000 0.0000	</row1>
					<row2>	-0.4590 0.0000 -0.7741 0.0000	</row2>
					<row3>	0.2965 0.3660 -7.0625 1.0000	</row3>
				</transform>
			</node>
			<node>
				<identifier>	MP_BM022_Flotanet	</identifier>
				<transform>
					<row0>	0.0365 0.9890 -0.1434 0.0000	</row0>
					<row1>	-0.9692 0.0000 -0.2464 0.0000	</row1>
					<row2>	-0.2330 0.1415 0.9165 0.0000	</row2>
					<row3>	-0.6411 1.0100 -8.3269 1.0000	</row3>
				</transform>
			</node>
			<node>
				<identifier>	MP_BM022_Flotanet_INDEX_1	</identifier>
				<transform>
					<row0>	0.9864 0.0000 -0.1645 0.0000	</row0>
					<row1>	0.0000 1.0000 0.0000 0.0000	</row1>
					<row2>	0.1645 0.0000 0.9864 0.0000	</row2>
					<row3>	0.8089 1.0416 -7.5362 1.0000	</row3>
				</transform>
			</node>
			<node>
				<identifier>	MP_BM022_Flotanet_INDEX_10	</identifier>
				<transform>
					<row0>	0.9967 0.0000 -0.0811 0.0000	</row0>
					<row1>	0.0000 1.0000 0.0000 0.0000	</row1>
					<row2>	0.0811 0.0000 0.9967 0.0000	</row2>
					<row3>	0.9884 1.0886 -6.2502 1.0000	</row3>
				</transform>
			</node>
			<node>
				<identifier>	MP_BM022_Flotanet_INDEX_2	</identifier>
				<transform>
					<row0>	0.9969 0.0000 -0.0793 0.0000	</row0>
					<row1>	0.0000 1.0000 0.0000 0.0000	</row1>
					<row2>	0.0793 0.0000 0.9969 0.0000	</row2>
					<row3>	1.0040 1.0907 -6.0574 1.0000	</row3>
				</transform>
			</node>
			<node>
				<identifier>	MP_BM022_Flotanet_INDEX_3	</identifier>
				<transform>
					<row0>	0.1332 -0.9907 0.0277 0.0000	</row0>
					<row1>	0.9699 0.1361 0.2018 0.0000	</row1>
					<row2>	-0.2037 0.0000 0.9790 0.0000	</row2>
					<row3>	-0.8700 1.0597 -7.5488 1.0000	</row3>
				</transform>
			</node>
			<node>
				<identifier>	MP_BM022_Flotanet_INDEX_4	</identifier>
				<transform>
					<row0>	0.0000 0.9959 -0.0906 0.0000	</row0>
					<row1>	-0.9690 -0.0224 -0.2461 0.0000	</row1>
					<row2>	-0.2387 0.0848 0.9324 0.0000	</row2>
					<row3>	-0.6834 1.0267 -8.1640 1.0000	</row3>
				</transform>
			</node>
			<node>
				<identifier>	MP_BM022_Flotanet_INDEX_5	</identifier>
				<transform>
					<row0>	0.0267 -0.9911 0.1302 0.0000	</row0>
					<row1>	0.9792 -0.0003 -0.2030 0.0000	</row1>
					<row2>	0.1965 0.1297 0.9473 0.0000	</row2>
					<row3>	0.6311 1.0096 -8.3282 1.0000	</row3>
				</transform>
			</node>
			<node>
				<identifier>	MP_BM022_Flotanet_INDEX_6	</identifier>
				<transform>
					<row0>	0.1910 0.9765 -0.0998 0.0000	</row0>
					<row1>	-0.9639 0.2057 0.1689 0.0000	</row1>
					<row2>	0.1766 0.0608 0.9334 0.0000	</row2>
					<row3>	0.7658 1.0487 -7.8456 1.0000	</row3>
				</transform>
			</node>
			<node>
				<identifier>	MP_BM022_Flotanet_INDEX_7	</identifier>
				<transform>
					<row0>	0.6440 0.0315 -0.7644 0.0000	</row0>
					<row1>	-0.0203 0.9995 0.0241 0.0000	</row1>
					<row2>	0.7647 0.0000 0.6444 0.0000	</row2>
					<row3>	1.0189 0.8975 -5.4525 1.0000	</row3>
				</transform>
			</node>
			<node>
				<identifier>	MP_BM022_Flotanet_INDEX_8	</identifier>
				<transform>
					<row0>	-0.6100 -0.3221 -0.7240 0.0000	</row0>
					<row1>	0.2076 -0.9467 0.2463 0.0000	</row1>
					<row2>	-0.7647 0.0000 0.6444 0.0000	</row2>
					<row3>	-1.0315 0.9327 -5.4688 1.0000	</row3>
				</transform>
			</node>
			<node>
				<identifier>	MP_BM022_Flotanet_INDEX_9	</identifier>
				<transform>
					<row0>	0.0020 1.0000 0.0002 0.0000	</row0>
					<row1>	-0.9967 0.0020 -0.0811 0.0000	</row1>
					<row2>	-0.0811 0.0000 0.9967 0.0000	</row2>
					<row3>	-1.0338 1.1034 -6.2502 1.0000	</row3>
				</transform>
			</node>
			<node>
				<identifier>	MP_BM026_Reels	</identifier>
				<transform>
					<row0>	0.0000 0.0000 -1.0000 0.0000	</row0>
					<row1>	0.0000 1.0000 0.0000 0.0000	</row1>
					<row2>	1.0000 0.0000 0.0000 0.0000	</row2>
					<row3>	0.1998 0.3650 -6.5442 1.0000	</row3>
				</transform>
			</node>
			<node>
				<identifier>	MP_BM541_32ft_Motor_Cutter	</identifier>
				<transform>
					<row0>	0.9971 -0.0031 0.0766 0.0000	</row0>
					<row1>	0.0000 0.9992 0.0399 0.0000	</row1>
					<row2>	-0.0766 -0.0398 0.9963 0.0000	</row2>
					<row3>	-0.7901 0.7404 -6.0877 1.0000	</row3>
				</transform>
			</node>
			<node>
				<identifier>	MP_BM541_32ft_Motor_Cutter_INDEX_1	</identifier>
				<transform>
					<row0>	0.9971 0.0031 -0.0766 0.0000	</row0>
					<row1>	0.0000 0.9992 0.0399 0.0000	</row1>
					<row2>	0.0766 -0.0398 0.9963 0.0000	</row2>
					<row3>	0.7622 0.7404 -6.0877 1.0000	</row3>
				</transform>
			</node>
			<node>
				<identifier>	MP_BM625_Telephone	</identifier>
				<transform>
					<row0>	0.0000 0.0000 1.0000 0.0000	</row0>
					<row1>	0.0000 1.0000 0.0000 0.0000	</row1>
					<row2>	-1.0000 0.0000 0.0000 0.0000	</row2>
					<row3>	0.6872 1.0434 -7.4335 1.0000	</row3>
				</transform>
			</node>
			<node>
				<identifier>	MP_BM625_Telephone_INDEX_1	</identifier>
				<transform>
					<row0>	0.0000 0.0000 1.0000 0.0000	</row0>
					<row1>	0.1481 -0.9890 0.0000 0.0000	</row1>
					<row2>	0.9890 0.1481 0.0000 0.0000	</row2>
					<row3>	-0.7273 1.0435 -7.4334 1.0000	</row3>
				</transform>
			</node>
			<node>
				<identifier>	MP_BM708_Ammunition_Box	</identifier>
				<transform>
					<row0>	0.0000 0.0000 0.6439 0.0000	</row0>
					<row1>	0.0000 0.5681 0.0000 0.0000	</row1>
					<row2>	-0.5681 0.0000 0.0000 0.0000	</row2>
					<row3>	0.9698 1.0545 -4.4296 1.0000	</row3>
				</transform>
			</node>
			<node>
				<identifier>	MP_BM708_Ammunition_Box_INDEX_1	</identifier>
				<transform>
					<row0>	0.0495 0.0000 -0.6420 0.0000	</row0>
					<row1>	0.0000 0.5681 0.0000 0.0000	</row1>
					<row2>	0.5665 0.0000 0.0437 0.0000	</row2>
					<row3>	-0.9933 1.0544 -6.2362 1.0000	</row3>
				</transform>
			</node>
			<node>
				<identifier>	MP_BM708_Ammunition_Box_INDEX_2	</identifier>
				<transform>
					<row0>	0.0000 0.0000 -0.6439 0.0000	</row0>
					<row1>	0.0000 0.5681 0.0000 0.0000	</row1>
					<row2>	0.5681 0.0000 0.0000 0.0000	</row2>
					<row3>	-1.0388 1.0551 -4.7733 1.0000	</row3>
				</transform>
			</node>
			<node>
				<identifier>	MP_BM709_Locker	</identifier>
				<transform>
					<row0>	-0.1355 0.0000 -0.9908 0.0000	</row0>
					<row1>	0.0000 1.0000 0.0000 0.0000	</row1>
					<row2>	0.9908 0.0000 -0.1355 0.0000	</row2>
					<row3>	0.8140 1.0134 -6.6394 1.0000	</row3>
				</transform>
			</node>
			<node>
				<identifier>	MP_BM709_Locker_INDEX_1	</identifier>
				<transform>
					<row0>	0.9924 0.0000 0.1231 0.0000	</row0>
					<row1>	0.0000 1.0000 0.0000 0.0000	</row1>
					<row2>	-0.1231 0.0000 0.9924 0.0000	</row2>
					<row3>	-0.9773 1.0134 -6.7432 1.0000	</row3>
				</transform>
			</node>
			<node>
				<identifier>	MP_BM709_Locker_INDEX_2	</identifier>
				<transform>
					<row0>	0.9924 0.0000 -0.1231 0.0000	</row0>
					<row1>	0.0000 1.0000 0.0000 0.0000	</row1>
					<row2>	0.1231 0.0000 0.9924 0.0000	</row2>
					<row3>	0.9171 1.0134 -6.7432 1.0000	</row3>
				</transform>
			</node>
			<node>
				<identifier>	MP_BM709_Locker_INDEX_3	</identifier>
				<transform>
					<row0>	-0.1291 0.0000 0.9916 0.0000	</row0>
					<row1>	0.0000 1.0000 0.0000 0.0000	</row1>
					<row2>	-0.9916 0.0000 -0.1291 0.0000	</row2>
					<row3>	-0.8541 1.0134 -6.7771 1.0000	</row3>
				</transform>
			</node>
			<node>
				<identifier>	MP_BM709_Locker_INDEX_4	</identifier>
				<transform>
					<row0>	-0.1355 0.0000 0.9908 0.0000	</row0>
					<row1>	0.0000 1.0000 0.0000 0.0000	</row1>
					<row2>	-0.9908 0.0000 -0.1355 0.0000	</row2>
					<row3>	-0.8730 1.0134 -6.6394 1.0000	</row3>
				</transform>
			</node>
			<node>
				<identifier>	MP_BM709_Locker_INDEX_5	</identifier>
				<transform>
					<row0>	-0.1291 0.0000 -0.9916 0.0000	</row0>
					<row1>	0.0000 1.0000 0.0000 0.0000	</row1>
					<row2>	0.9916 0.0000 -0.1291 0.0000	</row2>
					<row3>	0.7951 1.0134 -6.7771 1.0000	</row3>
				</transform>
			</node>
			<node>
				<identifier>	MP_BM709_Locker_INDEX_6	</identifier>
				<transform>
					<row0>	-0.9923 0.0000 -0.1242 0.0000	</row0>
					<row1>	0.0000 1.0000 0.0000 0.0000	</row1>
					<row2>	0.1242 0.0000 -0.9923 0.0000	</row2>
					<row3>	-0.9763 1.0134 -6.7501 1.0000	</row3>
				</transform>
			</node>
			<node>
				<identifier>	MP_BM709_Locker_INDEX_7	</identifier>
				<transform>
					<row0>	-0.9923 0.0000 0.1242 0.0000	</row0>
					<row1>	0.0000 1.0000 0.0000 0.0000	</row1>
					<row2>	-0.1242 0.0000 -0.9923 0.0000	</row2>
					<row3>	0.9162 1.0134 -6.7501 1.0000	</row3>
				</transform>
			</node>
			<node>
				<identifier>	MP_BM753_Deck_Hatch	</identifier>
				<transform>
					<row0>	0.0000 0.0000 -1.0000 0.0000	</row0>
					<row1>	0.0000 1.0000 0.0000 0.0000	</row1>
					<row2>	1.0000 0.0000 0.0000 0.0000	</row2>
					<row3>	0.8023 0.3640 -3.6320 1.0000	</row3>
				</transform>
			</node>
			<node>
				<identifier>	MP_BM753_Deck_Hatch_INDEX_1	</identifier>
				<transform>
					<row0>	0.0000 0.0000 -1.0000 0.0000	</row0>
					<row1>	0.0000 1.0000 0.0000 0.0000	</row1>
					<row2>	1.0000 0.0000 0.0000 0.0000	</row2>
					<row3>	-0.6833 0.3661 -4.2149 1.0000	</row3>
				</transform>
			</node>
			<node>
				<identifier>	MP_BM852_Searchlight_44in	</identifier>
				<transform>
					<row0>	0.0000 0.0000 -1.1247 0.0000	</row0>
					<row1>	0.0000 1.1247 0.0000 0.0000	</row1>
					<row2>	1.1247 0.0000 0.0000 0.0000	</row2>
					<row3>	0.7877 0.9547 -7.3652 1.0000	</row3>
				</transform>
			</node>
			<node>
				<identifier>	MP_BM852_Searchlight_44in_INDEX_1	</identifier>
				<transform>
					<row0>	0.0000 0.0000 1.1247 0.0000	</row0>
					<row1>	0.0000 1.1247 0.0000 0.0000	</row1>
					<row2>	-1.1247 0.0000 0.0000 0.0000	</row2>
					<row3>	-0.8121 0.9547 -7.3652 1.0000	</row3>
				</transform>
			</node>
			<node>
				<identifier>	MP_BM857_Fog_Light	</identifier>
				<transform>
					<row0>	-1.0000 0.0000 0.0000 0.0000	</row0>
					<row1>	0.0000 1.0000 0.0000 0.0000	</row1>
					<row2>	0.0000 0.0000 -1.0000 0.0000	</row2>
					<row3>	0.0000 0.4111 -7.5851 1.0000	</row3>
				</transform>
			</node>
			<node>
				<identifier>	MP_BM857_Fog_Light_INDEX_1	</identifier>
				<transform>
					<row0>	-1.0000 0.0000 0.0000 0.0000	</row0>
					<row1>	0.0000 1.0000 0.0000 0.0000	</row1>
					<row2>	0.0000 0.0000 -1.0000 0.0000	</row2>
					<row3>	0.0012 0.9430 -8.6456 1.0000	</row3>
				</transform>
			</node>
			<node>
				<identifier>	MP_BM858_Signal_Lamp	</identifier>
				<transform>
					<row0>	0.0000 0.0000 0.5533 0.0000	</row0>
					<row1>	0.0000 -0.5533 0.0000 0.0000	</row1>
					<row2>	0.5533 0.0000 0.0000 0.0000	</row2>
					<row3>	0.1756 0.9900 -8.6545 1.0000	</row3>
				</transform>
			</node>
			<node>
				<identifier>	MP_BM858_Signal_Lamp_INDEX_1	</identifier>
				<transform>
					<row0>	0.0000 0.0000 0.5533 0.0000	</row0>
					<row1>	0.0000 -0.5533 0.0000 0.0000	</row1>
					<row2>	0.5533 0.0000 0.0000 0.0000	</row2>
					<row3>	0.0223 0.9900 -8.6545 1.0000	</row3>
				</transform>
			</node>
			<node>
				<identifier>	MP_BM858_Signal_Lamp_INDEX_2	</identifier>
				<transform>
					<row0>	0.0000 0.0000 0.5533 0.0000	</row0>
					<row1>	0.0000 -0.5533 0.0000 0.0000	</row1>
					<row2>	0.5533 0.0000 0.0000 0.0000	</row2>
					<row3>	-0.1745 0.9900 -8.6545 1.0000	</row3>
				</transform>
			</node>
			<node>
				<identifier>	MP_BM969_winch_L	</identifier>
				<transform>
					<row0>	-1.0000 0.0000 0.0000 0.0000	</row0>
					<row1>	0.0000 1.0000 0.0000 0.0000	</row1>
					<row2>	0.0000 0.0000 -1.0000 0.0000	</row2>
					<row3>	0.6789 0.3614 -4.4164 1.0000	</row3>
				</transform>
			</node>
			<node>
				<identifier>	MP_BM969_winch_L_INDEX_1	</identifier>
				<transform>
					<row0>	-1.0000 0.0000 0.0000 0.0000	</row0>
					<row1>	0.0000 1.0000 0.0000 0.0000	</row1>
					<row2>	0.0000 0.0000 -1.0000 0.0000	</row2>
					<row3>	-0.7492 0.3614 -4.4164 1.0000	</row3>
				</transform>
			</node>
			<node>
				<identifier>	MP_CM001_Propeller3_L	</identifier>
				<transform>
					<row0>	1.1511 0.0000 0.0000 0.0000	</row0>
					<row1>	0.0000 1.1507 -0.0286 0.0000	</row1>
					<row2>	0.0000 0.0286 1.1507 0.0000	</row2>
					<row3>	-0.4278 -0.3824 -5.1240 1.0000	</row3>
				</transform>
			</node>
			<node>
				<identifier>	MP_CM012_Fire_Hose_Rack_1	</identifier>
				<transform>
					<row0>	0.9835 0.1811 0.0000 0.0000	</row0>
					<row1>	-0.1811 0.9835 0.0000 0.0000	</row1>
					<row2>	0.0000 0.0000 1.0000 0.0000	</row2>
					<row3>	-1.0102 1.0841 -4.5828 1.0000	</row3>
				</transform>
			</node>
			<node>
				<identifier>	MP_CM012_Fire_Hose_Rack_1_INDEX_1	</identifier>
				<transform>
					<row0>	-0.9879 0.1549 0.0000 0.0000	</row0>
					<row1>	0.1549 0.9879 0.0000 0.0000	</row1>
					<row2>	0.0000 0.0000 -1.0000 0.0000	</row2>
					<row3>	0.9492 1.0847 -4.8215 1.0000	</row3>
				</transform>
			</node>
			<node>
				<identifier>	MP_CM012_Fire_Hose_Rack_1_INDEX_2	</identifier>
				<transform>
					<row0>	-0.9982 0.0000 0.0597 0.0000	</row0>
					<row1>	0.0000 1.0000 0.0000 0.0000	</row1>
					<row2>	-0.0597 0.0000 -0.9982 0.0000	</row2>
					<row3>	0.9358 1.0867 -5.8039 1.0000	</row3>
				</transform>
			</node>
			<node>
				<identifier>	MP_CM012_Fire_Hose_Rack_1_INDEX_3	</identifier>
				<transform>
					<row0>	0.9961 0.0000 0.0877 0.0000	</row0>
					<row1>	0.0000 1.0000 0.0000 0.0000	</row1>
					<row2>	-0.0877 0.0000 0.9961 0.0000	</row2>
					<row3>	-0.9812 1.0916 -6.0502 1.0000	</row3>
				</transform>
			</node>
			<node>
				<identifier>	MP_CM032_Propeller3_R	</identifier>
				<transform>
					<row0>	1.1511 0.0000 0.0000 0.0000	</row0>
					<row1>	0.0000 1.1507 -0.0286 0.0000	</row1>
					<row2>	0.0000 0.0286 1.1507 0.0000	</row2>
					<row3>	0.4278 -0.3824 -5.1240 1.0000	</row3>
				</transform>
			</node>
			<node>
				<identifier>	MP_CM032_Propeller3_R_INDEX_1	</identifier>
				<transform>
					<row0>	1.1510 0.0000 0.0000 0.0000	</row0>
					<row1>	0.0000 1.1506 -0.0287 0.0000	</row1>
					<row2>	0.0000 0.0287 1.1506 0.0000	</row2>
					<row3>	0.0000 -0.4042 -6.1093 1.0000	</row3>
				</transform>
			</node>
			<node>
				<identifier>	MP_CM051_Fire_Fighting_Gear	</identifier>
				<transform>
					<row0>	-0.9927 -0.1208 0.0000 0.0000	</row0>
					<row1>	0.0000 0.0000 1.0000 0.0000	</row1>
					<row2>	-0.1208 0.9927 0.0000 0.0000	</row2>
					<row3>	-1.0131 1.0984 -4.6098 1.0000	</row3>
				</transform>
			</node>
			<node>
				<identifier>	MP_CM051_Fire_Fighting_Gear_INDEX_1	</identifier>
				<transform>
					<row0>	-0.9927 -0.1208 0.0000 0.0000	</row0>
					<row1>	0.0000 0.0000 1.0000 0.0000	</row1>
					<row2>	-0.1208 0.9927 0.0000 0.0000	</row2>
					<row3>	-0.9786 1.1063 -6.0757 1.0000	</row3>
				</transform>
			</node>
			<node>
				<identifier>	MP_CM051_Fire_Fighting_Gear_INDEX_2	</identifier>
				<transform>
					<row0>	0.9927 -0.1208 0.0000 0.0000	</row0>
					<row1>	0.0000 0.0000 -1.0000 0.0000	</row1>
					<row2>	0.1208 0.9927 0.0000 0.0000	</row2>
					<row3>	0.9501 1.0847 -4.7978 1.0000	</row3>
				</transform>
			</node>
			<node>
				<identifier>	MP_CM051_Fire_Fighting_Gear_INDEX_3	</identifier>
				<transform>
					<row0>	0.9927 -0.1208 0.0000 0.0000	</row0>
					<row1>	0.0000 0.0000 -1.0000 0.0000	</row1>
					<row2>	0.1208 0.9927 0.0000 0.0000	</row2>
					<row3>	0.9336 1.0867 -5.8303 1.0000	</row3>
				</transform>
			</node>
			<node>
				<identifier>	MP_CM090_Accommodation_Ladder	</identifier>
				<transform>
					<row0>	-0.0783 -0.9969 0.0038 0.0000	</row0>
					<row1>	0.9961 -0.0784 -0.0397 0.0000	</row1>
					<row2>	0.0399 0.0007 0.9992 0.0000	</row2>
					<row3>	0.9218 0.4180 -3.7834 1.0000	</row3>
				</transform>
			</node>
			<node>
				<identifier>	MP_CM090_Accommodation_Ladder_INDEX_1	</identifier>
				<transform>
					<row0>	-0.1291 0.9916 -0.0058 0.0000	</row0>
					<row1>	-0.9908 -0.1292 -0.0395 0.0000	</row1>
					<row2>	-0.0399 0.0007 0.9992 0.0000	</row2>
					<row3>	-0.9260 0.4182 -3.7838 1.0000	</row3>
				</transform>
			</node>
			<node>
				<identifier>	MP_CM104_Life_Buoy	</identifier>
				<transform>
					<row0>	-0.3184 0.0000 -0.9480 0.0000	</row0>
					<row1>	0.0000 1.0000 0.0000 0.0000	</row1>
					<row2>	0.9480 0.0000 -0.3184 0.0000	</row2>
					<row3>	0.2922 0.4316 -7.1487 1.0000	</row3>
				</transform>
			</node>
			<node>
				<identifier>	MP_CM104_Life_Buoy_INDEX_1	</identifier>
				<transform>
					<row0>	-0.3184 0.0000 0.9480 0.0000	</row0>
					<row1>	0.0000 1.0000 0.0000 0.0000	</row1>
					<row2>	-0.9480 0.0000 -0.3184 0.0000	</row2>
					<row3>	-0.3064 0.4316 -7.1052 1.0000	</row3>
				</transform>
			</node>
		</node>
	</node>
	<boundingBox>
		<min>	-0.0667 -0.0667 -0.0667	</min>
		<max>	0.0667 0.0667 0.0667	</max>
	</boundingBox>
</BSA009_Ark_Royal_1941_Stern_ports.visual>
