<BSC022_Surrey_1944_MidFront_ports.visual>
	<node>
		<identifier>	Scene Root	</identifier>
		<transform>
			<row0>	1.0000 0.0000 0.0000 0.0000	</row0>
			<row1>	0.0000 1.0000 0.0000 0.0000	</row1>
			<row2>	0.0000 0.0000 1.0000 0.0000	</row2>
			<row3>	0.0000 0.0000 0.0000 1.0000	</row3>
		</transform>
		<node>
			<identifier>	MidFront_ports	</identifier>
			<transform>
				<row0>	1.0000 0.0000 0.0000 0.0000	</row0>
				<row1>	0.0000 1.0000 0.0000 0.0000	</row1>
				<row2>	0.0000 0.0000 1.0000 0.0000	</row2>
				<row3>	0.0000 0.0000 0.0000 1.0000	</row3>
			</transform>
			<node>
				<identifier>	HP_BD_1	</identifier>
				<transform>
					<row0>	1.0000 0.0000 0.0000 0.0000	</row0>
					<row1>	0.0000 1.0000 0.0000 0.0000	</row1>
					<row2>	0.0000 0.0000 1.0000 0.0000	</row2>
					<row3>	0.0000 1.4241 1.7544 1.0000	</row3>
				</transform>
			</node>
			<node>
				<identifier>	HP_BD_2	</identifier>
				<transform>
					<row0>	0.0000 0.0000 1.0000 0.0000	</row0>
					<row1>	0.0000 1.0000 0.0000 0.0000	</row1>
					<row2>	-1.0000 0.0000 0.0000 0.0000	</row2>
					<row3>	-0.5422 0.8433 1.7297 1.0000	</row3>
				</transform>
			</node>
			<node>
				<identifier>	HP_BD_3	</identifier>
				<transform>
					<row0>	0.0000 0.0000 -1.0000 0.0000	</row0>
					<row1>	0.0000 1.0000 0.0000 0.0000	</row1>
					<row2>	1.0000 0.0000 0.0000 0.0000	</row2>
					<row3>	0.5422 0.8433 1.7297 1.0000	</row3>
				</transform>
			</node>
			<node>
				<identifier>	HP_BD_4	</identifier>
				<transform>
					<row0>	1.0000 0.0000 0.0000 0.0000	</row0>
					<row1>	0.0000 1.0000 0.0000 0.0000	</row1>
					<row2>	0.0000 0.0000 1.0000 0.0000	</row2>
					<row3>	0.0000 1.6602 1.4111 1.0000	</row3>
				</transform>
			</node>
			<node>
				<identifier>	HP_BD_5	</identifier>
				<transform>
					<row0>	0.0000 0.0000 1.0000 0.0000	</row0>
					<row1>	0.0000 1.0000 0.0000 0.0000	</row1>
					<row2>	-1.0000 0.0000 0.0000 0.0000	</row2>
					<row3>	-0.1474 0.8597 0.4808 1.0000	</row3>
				</transform>
			</node>
			<node>
				<identifier>	HP_BD_6	</identifier>
				<transform>
					<row0>	0.0000 0.0000 -1.0000 0.0000	</row0>
					<row1>	0.0000 1.0000 0.0000 0.0000	</row1>
					<row2>	1.0000 0.0000 0.0000 0.0000	</row2>
					<row3>	0.1474 0.8597 0.4808 1.0000	</row3>
				</transform>
			</node>
			<node>
				<identifier>	HP_BF_1	</identifier>
				<transform>
					<row0>	0.0000 0.0000 1.0000 0.0000	</row0>
					<row1>	0.0000 1.0000 0.0000 0.0000	</row1>
					<row2>	-1.0000 0.0000 0.0000 0.0000	</row2>
					<row3>	-0.1667 1.2883 1.9987 1.0000	</row3>
				</transform>
			</node>
			<node>
				<identifier>	HP_BF_2	</identifier>
				<transform>
					<row0>	0.0000 0.0000 -1.0000 0.0000	</row0>
					<row1>	0.0000 1.0000 0.0000 0.0000	</row1>
					<row2>	1.0000 0.0000 0.0000 0.0000	</row2>
					<row3>	0.1667 1.2883 1.9987 1.0000	</row3>
				</transform>
			</node>
			<node>
				<identifier>	HP_BGA_10	</identifier>
				<transform>
					<row0>	0.0000 0.0000 -1.0000 0.0000	</row0>
					<row1>	0.0000 1.0000 0.0000 0.0000	</row1>
					<row2>	1.0000 0.0000 0.0000 0.0000	</row2>
					<row3>	0.2598 0.5829 0.5168 1.0000	</row3>
				</transform>
			</node>
			<node>
				<identifier>	HP_BGA_11	</identifier>
				<transform>
					<row0>	0.0000 0.0000 1.0000 0.0000	</row0>
					<row1>	0.0000 1.0000 0.0000 0.0000	</row1>
					<row2>	-1.0000 0.0000 0.0000 0.0000	</row2>
					<row3>	-0.2365 0.5829 -0.0972 1.0000	</row3>
				</transform>
			</node>
			<node>
				<identifier>	HP_BGA_12	</identifier>
				<transform>
					<row0>	0.0000 0.0000 -1.0000 0.0000	</row0>
					<row1>	0.0000 1.0000 0.0000 0.0000	</row1>
					<row2>	1.0000 0.0000 0.0000 0.0000	</row2>
					<row3>	0.2365 0.5829 -0.0972 1.0000	</row3>
				</transform>
			</node>
			<node>
				<identifier>	HP_BGA_3	</identifier>
				<transform>
					<row0>	0.7071 0.0000 0.7071 0.0000	</row0>
					<row1>	0.0000 1.0000 0.0000 0.0000	</row1>
					<row2>	-0.7071 0.0000 0.7071 0.0000	</row2>
					<row3>	-0.3399 0.5826 2.2983 1.0000	</row3>
				</transform>
			</node>
			<node>
				<identifier>	HP_BGA_4	</identifier>
				<transform>
					<row0>	0.7071 0.0000 -0.7071 0.0000	</row0>
					<row1>	0.0000 1.0000 0.0000 0.0000	</row1>
					<row2>	0.7071 0.0000 0.7071 0.0000	</row2>
					<row3>	0.3399 0.5826 2.2983 1.0000	</row3>
				</transform>
			</node>
			<node>
				<identifier>	HP_BGA_5	</identifier>
				<transform>
					<row0>	0.0000 0.0000 -1.0000 0.0000	</row0>
					<row1>	0.0000 1.0000 0.0000 0.0000	</row1>
					<row2>	1.0000 0.0000 0.0000 0.0000	</row2>
					<row3>	0.4106 1.0989 1.5486 1.0000	</row3>
				</transform>
			</node>
			<node>
				<identifier>	HP_BGA_6	</identifier>
				<transform>
					<row0>	0.0000 0.0000 1.0000 0.0000	</row0>
					<row1>	0.0000 1.0000 0.0000 0.0000	</row1>
					<row2>	-1.0000 0.0000 0.0000 0.0000	</row2>
					<row3>	-0.4235 1.0944 1.5442 1.0000	</row3>
				</transform>
			</node>
			<node>
				<identifier>	HP_BGA_7	</identifier>
				<transform>
					<row0>	0.0000 0.0000 1.0000 0.0000	</row0>
					<row1>	0.0000 1.0000 0.0000 0.0000	</row1>
					<row2>	-1.0000 0.0000 0.0000 0.0000	</row2>
					<row3>	-0.4106 1.0989 1.5442 1.0000	</row3>
				</transform>
			</node>
			<node>
				<identifier>	HP_BGA_8	</identifier>
				<transform>
					<row0>	0.0000 0.0000 -1.0000 0.0000	</row0>
					<row1>	0.0000 1.0000 0.0000 0.0000	</row1>
					<row2>	1.0000 0.0000 0.0000 0.0000	</row2>
					<row3>	0.4235 1.0944 1.5442 1.0000	</row3>
				</transform>
			</node>
			<node>
				<identifier>	HP_BGA_9	</identifier>
				<transform>
					<row0>	0.0000 0.0000 1.0000 0.0000	</row0>
					<row1>	0.0000 1.0000 0.0000 0.0000	</row1>
					<row2>	-1.0000 0.0000 0.0000 0.0000	</row2>
					<row3>	-0.2598 0.5829 0.5168 1.0000	</row3>
				</transform>
			</node>
			<node>
				<identifier>	HP_BGM_2	</identifier>
				<transform>
					<row0>	1.0000 0.0000 0.0000 0.0000	</row0>
					<row1>	0.0000 1.0000 0.0000 0.0000	</row1>
					<row2>	0.0000 0.0000 1.0000 0.0000	</row2>
					<row3>	0.0000 0.6625 2.8865 1.0000	</row3>
				</transform>
			</node>
			<node>
				<identifier>	HP_BGS_1	</identifier>
				<transform>
					<row0>	1.0000 0.0000 0.0000 0.0000	</row0>
					<row1>	0.0000 1.0000 0.0000 0.0000	</row1>
					<row2>	0.0000 0.0000 1.0000 0.0000	</row2>
					<row3>	-0.5458 0.4057 0.8175 1.0000	</row3>
				</transform>
			</node>
			<node>
				<identifier>	HP_BGS_2	</identifier>
				<transform>
					<row0>	1.0000 0.0000 0.0000 0.0000	</row0>
					<row1>	0.0000 1.0000 0.0000 0.0000	</row1>
					<row2>	0.0000 0.0000 1.0000 0.0000	</row2>
					<row3>	0.5458 0.4057 0.8175 1.0000	</row3>
				</transform>
			</node>
			<node>
				<identifier>	HP_BGS_3	</identifier>
				<transform>
					<row0>	1.0000 0.0000 0.0000 0.0000	</row0>
					<row1>	0.0000 1.0000 0.0000 0.0000	</row1>
					<row2>	0.0000 0.0000 1.0000 0.0000	</row2>
					<row3>	-0.5541 0.4057 0.2109 1.0000	</row3>
				</transform>
			</node>
			<node>
				<identifier>	HP_BGS_4	</identifier>
				<transform>
					<row0>	1.0000 0.0000 0.0000 0.0000	</row0>
					<row1>	0.0000 1.0000 0.0000 0.0000	</row1>
					<row2>	0.0000 0.0000 1.0000 0.0000	</row2>
					<row3>	0.5541 0.4057 0.2109 1.0000	</row3>
				</transform>
			</node>
			<node>
				<identifier>	HP_BGS_5	</identifier>
				<transform>
					<row0>	-1.0000 0.0000 0.0000 0.0000	</row0>
					<row1>	0.0000 1.0000 0.0000 0.0000	</row1>
					<row2>	0.0000 0.0000 -1.0000 0.0000	</row2>
					<row3>	-0.5513 0.4057 -0.3560 1.0000	</row3>
				</transform>
			</node>
			<node>
				<identifier>	HP_BGS_6	</identifier>
				<transform>
					<row0>	-1.0000 0.0000 0.0000 0.0000	</row0>
					<row1>	0.0000 1.0000 0.0000 0.0000	</row1>
					<row2>	0.0000 0.0000 -1.0000 0.0000	</row2>
					<row3>	0.5513 0.4057 -0.3560 1.0000	</row3>
				</transform>
			</node>
			<node>
				<identifier>	HP_BRS_1	</identifier>
				<transform>
					<row0>	1.0000 0.0000 0.0000 0.0000	</row0>
					<row1>	0.0000 1.0000 0.0000 0.0000	</row1>
					<row2>	0.0000 0.0000 1.0000 0.0000	</row2>
					<row3>	0.0000 2.1216 1.2747 1.0000	</row3>
				</transform>
			</node>
			<node>
				<identifier>	HP_BRS_2	</identifier>
				<transform>
					<row0>	1.0000 0.0000 0.0000 0.0000	</row0>
					<row1>	0.0000 1.0000 0.0000 0.0000	</row1>
					<row2>	0.0000 0.0000 1.0000 0.0000	</row2>
					<row3>	0.0000 2.7033 1.2132 1.0000	</row3>
				</transform>
			</node>
			<node>
				<identifier>	HP_FX_Death_2	</identifier>
				<transform>
					<row0>	1.0000 0.0000 0.0000 0.0000	</row0>
					<row1>	0.0000 1.0000 0.0000 0.0000	</row1>
					<row2>	0.0000 0.0000 1.0000 0.0000	</row2>
					<row3>	0.0000 0.0000 0.7328 1.0000	</row3>
				</transform>
			</node>
			<node>
				<identifier>	HP_FX_Fire_2	</identifier>
				<transform>
					<row0>	1.0000 0.0000 0.0000 0.0000	</row0>
					<row1>	0.0000 1.0000 0.0000 0.0000	</row1>
					<row2>	0.0000 0.0000 1.0000 0.0000	</row2>
					<row3>	0.0000 0.6427 1.0506 1.0000	</row3>
				</transform>
			</node>
			<node>
				<identifier>	HP_FX_Fire_2_side_1	</identifier>
				<transform>
					<row0>	1.0000 0.0000 0.0000 0.0000	</row0>
					<row1>	0.0000 1.0000 0.0000 0.0000	</row1>
					<row2>	0.0000 0.0000 1.0000 0.0000	</row2>
					<row3>	-0.2990 0.6090 0.5304 1.0000	</row3>
				</transform>
			</node>
			<node>
				<identifier>	HP_FX_Fire_2_side_2	</identifier>
				<transform>
					<row0>	1.0000 0.0000 0.0000 0.0000	</row0>
					<row1>	0.0000 1.0000 0.0000 0.0000	</row1>
					<row2>	0.0000 0.0000 1.0000 0.0000	</row2>
					<row3>	0.1578 1.3135 1.5320 1.0000	</row3>
				</transform>
			</node>
			<node>
				<identifier>	HP_FX_FloodLight_left_1	</identifier>
				<transform>
					<row0>	-1.0000 0.0000 0.0000 0.0000	</row0>
					<row1>	0.0000 1.0000 0.0000 0.0000	</row1>
					<row2>	0.0000 0.0000 -1.0000 0.0000	</row2>
					<row3>	-0.4696 0.4725 1.8502 1.0000	</row3>
				</transform>
			</node>
			<node>
				<identifier>	HP_FX_FloodLight_right_2	</identifier>
				<transform>
					<row0>	1.0000 0.0000 0.0000 0.0000	</row0>
					<row1>	0.0000 1.0000 0.0000 0.0000	</row1>
					<row2>	0.0000 0.0000 1.0000 0.0000	</row2>
					<row3>	0.4691 0.4712 1.8603 1.0000	</row3>
				</transform>
			</node>
			<node>
				<identifier>	HP_FX_Flood_steam_1	</identifier>
				<transform>
					<row0>	1.0000 0.0000 0.0000 0.0000	</row0>
					<row1>	0.0000 1.0000 0.0000 0.0000	</row1>
					<row2>	0.0000 0.0000 1.0000 0.0000	</row2>
					<row3>	0.0385 1.4123 0.0667 1.0000	</row3>
				</transform>
			</node>
			<node>
				<identifier>	HP_FX_Flood_steam_2	</identifier>
				<transform>
					<row0>	1.0000 0.0000 0.0000 0.0000	</row0>
					<row1>	0.0000 1.0000 0.0000 0.0000	</row1>
					<row2>	0.0000 0.0000 1.0000 0.0000	</row2>
					<row3>	-0.0370 1.4145 -0.6119 1.0000	</row3>
				</transform>
			</node>
			<node>
				<identifier>	HP_FX_RepairLight_left_1	</identifier>
				<transform>
					<row0>	0.0591 0.0000 0.9983 0.0000	</row0>
					<row1>	-0.0883 0.9961 0.0052 0.0000	</row1>
					<row2>	-0.9943 -0.0885 0.0589 0.0000	</row2>
					<row3>	-0.5670 0.4142 2.6285 1.0000	</row3>
				</transform>
			</node>
			<node>
				<identifier>	HP_FX_Smoke_1	</identifier>
				<transform>
					<row0>	1.0000 0.0000 0.0000 0.0000	</row0>
					<row1>	0.0000 1.0000 0.0000 0.0000	</row1>
					<row2>	0.0000 0.0000 1.0000 0.0000	</row2>
					<row3>	0.0000 1.4354 0.2443 1.0000	</row3>
				</transform>
			</node>
			<node>
				<identifier>	HP_FX_Smoke_2	</identifier>
				<transform>
					<row0>	1.0000 0.0000 0.0000 0.0000	</row0>
					<row1>	0.0000 1.0000 0.0000 0.0000	</row1>
					<row2>	0.0000 0.0000 1.0000 0.0000	</row2>
					<row3>	0.0000 1.4356 -0.4561 1.0000	</row3>
				</transform>
			</node>
			<node>
				<identifier>	HP_Flagpole	</identifier>
				<transform>
					<row0>	0.4630 0.0000 0.0000 0.0000	</row0>
					<row1>	0.0000 0.4630 0.0000 0.0000	</row1>
					<row2>	0.0000 0.0000 0.4630 0.0000	</row2>
					<row3>	0.0000 2.7543 0.9712 1.0000	</row3>
				</transform>
			</node>
			<node>
				<identifier>	HP_flag_1	</identifier>
				<transform>
					<row0>	0.9952 -0.0975 0.0029 0.0000	</row0>
					<row1>	0.0975 0.9935 -0.0584 0.0000	</row1>
					<row2>	0.0029 0.0584 0.9983 0.0000	</row2>
					<row3>	0.2802 2.2912 1.1486 1.0000	</row3>
				</transform>
			</node>
			<node>
				<identifier>	HP_flag_2	</identifier>
				<transform>
					<row0>	0.9952 0.0975 -0.0029 0.0000	</row0>
					<row1>	-0.0975 0.9935 -0.0584 0.0000	</row1>
					<row2>	-0.0029 0.0584 0.9983 0.0000	</row2>
					<row3>	-0.2802 2.2912 1.1486 1.0000	</row3>
				</transform>
			</node>
			<node>
				<identifier>	HP_flag_3	</identifier>
				<transform>
					<row0>	0.9983 -0.0585 0.0017 0.0000	</row0>
					<row1>	0.0585 0.9966 -0.0586 0.0000	</row1>
					<row2>	0.0017 0.0586 0.9983 0.0000	</row2>
					<row3>	0.1944 2.2911 1.1486 1.0000	</row3>
				</transform>
			</node>
			<node>
				<identifier>	HP_flag_4	</identifier>
				<transform>
					<row0>	0.9983 0.0585 -0.0017 0.0000	</row0>
					<row1>	-0.0585 0.9966 -0.0586 0.0000	</row1>
					<row2>	-0.0017 0.0586 0.9983 0.0000	</row2>
					<row3>	-0.1944 2.2911 1.1486 1.0000	</row3>
				</transform>
			</node>
			<node>
				<identifier>	HP_flag_courtesy	</identifier>
				<transform>
					<row0>	0.9986 -0.0535 0.0014 0.0000	</row0>
					<row1>	0.0535 0.9972 -0.0520 0.0000	</row1>
					<row2>	0.0014 0.0520 0.9986 0.0000	</row2>
					<row3>	0.2561 2.5593 1.1419 1.0000	</row3>
				</transform>
			</node>
			<node>
				<identifier>	HP_flag_house	</identifier>
				<transform>
					<row0>	0.9986 0.0535 -0.0014 0.0000	</row0>
					<row1>	-0.0535 0.9972 -0.0520 0.0000	</row1>
					<row2>	-0.0014 0.0520 0.9986 0.0000	</row2>
					<row3>	-0.2561 2.5592 1.1419 1.0000	</row3>
				</transform>
			</node>
			<node>
				<identifier>	MP_BM001_Paravane	</identifier>
				<transform>
					<row0>	0.0000 -1.0000 0.0000 0.0000	</row0>
					<row1>	0.9912 0.0000 0.1321 0.0000	</row1>
					<row2>	-0.1321 0.0000 0.9912 0.0000	</row2>
					<row3>	0.4241 0.5663 2.8253 1.0000	</row3>
				</transform>
			</node>
			<node>
				<identifier>	MP_BM001_Paravane_INDEX_1	</identifier>
				<transform>
					<row0>	0.0000 1.0000 0.0000 0.0000	</row0>
					<row1>	-0.9912 0.0000 0.1321 0.0000	</row1>
					<row2>	0.1321 0.0000 0.9912 0.0000	</row2>
					<row3>	-0.4241 0.5663 2.8253 1.0000	</row3>
				</transform>
			</node>
			<node>
				<identifier>	MP_BM004_Reels	</identifier>
				<transform>
					<row0>	0.6864 -0.0243 -0.9514 0.0000	</row0>
					<row1>	0.0115 1.4726 -0.0294 0.0000	</row1>
					<row2>	1.1946 0.0079 0.8616 0.0000	</row2>
					<row3>	0.2710 0.4187 3.2721 1.0000	</row3>
				</transform>
			</node>
			<node>
				<identifier>	MP_BM004_Reels_INDEX_1	</identifier>
				<transform>
					<row0>	0.6864 0.0243 0.9514 0.0000	</row0>
					<row1>	-0.0115 1.4726 -0.0294 0.0000	</row1>
					<row2>	-1.1946 0.0079 0.8616 0.0000	</row2>
					<row3>	-0.2710 0.4187 3.2721 1.0000	</row3>
				</transform>
			</node>
			<node>
				<identifier>	MP_BM038_Helmets	</identifier>
				<transform>
					<row0>	0.0000 0.0000 1.0000 0.0000	</row0>
					<row1>	0.0000 1.0000 0.0000 0.0000	</row1>
					<row2>	-1.0000 0.0000 0.0000 0.0000	</row2>
					<row3>	-0.2595 0.4143 -0.4901 1.0000	</row3>
				</transform>
			</node>
			<node>
				<identifier>	MP_BM038_Helmets_INDEX_1	</identifier>
				<transform>
					<row0>	1.0000 0.0000 0.0000 0.0000	</row0>
					<row1>	0.0000 1.0000 0.0000 0.0000	</row1>
					<row2>	0.0000 0.0000 1.0000 0.0000	</row2>
					<row3>	-0.1479 0.4265 3.3159 1.0000	</row3>
				</transform>
			</node>
			<node>
				<identifier>	MP_BM038_Helmets_INDEX_10	</identifier>
				<transform>
					<row0>	0.0000 0.0000 1.0000 0.0000	</row0>
					<row1>	0.0000 1.0000 0.0000 0.0000	</row1>
					<row2>	-1.0000 0.0000 0.0000 0.0000	</row2>
					<row3>	-0.1663 1.1024 1.6400 1.0000	</row3>
				</transform>
			</node>
			<node>
				<identifier>	MP_BM038_Helmets_INDEX_11	</identifier>
				<transform>
					<row0>	1.0000 0.0000 0.0000 0.0000	</row0>
					<row1>	0.0000 1.0000 0.0000 0.0000	</row1>
					<row2>	0.0000 0.0000 1.0000 0.0000	</row2>
					<row3>	0.1232 0.5897 2.2797 1.0000	</row3>
				</transform>
			</node>
			<node>
				<identifier>	MP_BM038_Helmets_INDEX_2	</identifier>
				<transform>
					<row0>	0.0000 0.0000 1.0000 0.0000	</row0>
					<row1>	0.0000 1.0000 0.0000 0.0000	</row1>
					<row2>	-1.0000 0.0000 0.0000 0.0000	</row2>
					<row3>	0.2610 1.2968 1.6400 1.0000	</row3>
				</transform>
			</node>
			<node>
				<identifier>	MP_BM038_Helmets_INDEX_3	</identifier>
				<transform>
					<row0>	0.0000 0.0000 -1.0000 0.0000	</row0>
					<row1>	0.0000 1.0000 0.0000 0.0000	</row1>
					<row2>	1.0000 0.0000 0.0000 0.0000	</row2>
					<row3>	0.1621 0.4143 1.2579 1.0000	</row3>
				</transform>
			</node>
			<node>
				<identifier>	MP_BM038_Helmets_INDEX_4	</identifier>
				<transform>
					<row0>	0.0000 0.0000 -1.0000 0.0000	</row0>
					<row1>	0.0000 1.0000 0.0000 0.0000	</row1>
					<row2>	1.0000 0.0000 0.0000 0.0000	</row2>
					<row3>	0.1663 1.1024 1.6400 1.0000	</row3>
				</transform>
			</node>
			<node>
				<identifier>	MP_BM038_Helmets_INDEX_5	</identifier>
				<transform>
					<row0>	0.0000 0.0000 1.0000 0.0000	</row0>
					<row1>	0.0000 1.0000 0.0000 0.0000	</row1>
					<row2>	-1.0000 0.0000 0.0000 0.0000	</row2>
					<row3>	-0.1621 0.4143 1.2579 1.0000	</row3>
				</transform>
			</node>
			<node>
				<identifier>	MP_BM038_Helmets_INDEX_6	</identifier>
				<transform>
					<row0>	0.0000 0.0000 -1.0000 0.0000	</row0>
					<row1>	0.0000 1.0000 0.0000 0.0000	</row1>
					<row2>	1.0000 0.0000 0.0000 0.0000	</row2>
					<row3>	-0.2610 1.2968 1.6400 1.0000	</row3>
				</transform>
			</node>
			<node>
				<identifier>	MP_BM038_Helmets_INDEX_7	</identifier>
				<transform>
					<row0>	0.0000 0.0000 1.0000 0.0000	</row0>
					<row1>	0.0000 1.0000 0.0000 0.0000	</row1>
					<row2>	-1.0000 0.0000 0.0000 0.0000	</row2>
					<row3>	-0.0670 0.5896 0.7435 1.0000	</row3>
				</transform>
			</node>
			<node>
				<identifier>	MP_BM038_Helmets_INDEX_8	</identifier>
				<transform>
					<row0>	0.9063 0.0000 0.4226 0.0000	</row0>
					<row1>	0.0000 1.0000 0.0000 0.0000	</row1>
					<row2>	-0.4226 0.0000 0.9063 0.0000	</row2>
					<row3>	-0.0528 0.8626 0.3675 1.0000	</row3>
				</transform>
			</node>
			<node>
				<identifier>	MP_BM038_Helmets_INDEX_9	</identifier>
				<transform>
					<row0>	0.0000 0.0000 -1.0000 0.0000	</row0>
					<row1>	0.0000 1.0000 0.0000 0.0000	</row1>
					<row2>	1.0000 0.0000 0.0000 0.0000	</row2>
					<row3>	0.2595 0.4143 -0.4901 1.0000	</row3>
				</transform>
			</node>
			<node>
				<identifier>	MP_BM453_Radar_type_242_IFF_interrogator	</identifier>
				<transform>
					<row0>	1.2903 0.0000 0.0000 0.0000	</row0>
					<row1>	0.0000 1.2903 0.0000 0.0000	</row1>
					<row2>	0.0000 0.0000 1.2903 0.0000	</row2>
					<row3>	0.0000 2.5591 1.2129 1.0000	</row3>
				</transform>
			</node>
			<node>
				<identifier>	MP_BM509_Liferaft_type_20_10ft	</identifier>
				<transform>
					<row0>	-0.5684 0.0000 -0.8227 0.0000	</row0>
					<row1>	-0.7947 0.2588 0.5490 0.0000	</row1>
					<row2>	0.2129 0.9659 -0.1471 0.0000	</row2>
					<row3>	-0.4396 0.7901 1.9258 1.0000	</row3>
				</transform>
			</node>
			<node>
				<identifier>	MP_BM509_Liferaft_type_20_10ft_INDEX_1	</identifier>
				<transform>
					<row0>	0.0000 -1.0000 0.0000 0.0000	</row0>
					<row1>	-0.9988 0.0000 0.0497 0.0000	</row1>
					<row2>	-0.0497 0.0000 -0.9988 0.0000	</row2>
					<row3>	-0.4694 0.4728 1.7153 1.0000	</row3>
				</transform>
			</node>
			<node>
				<identifier>	MP_BM509_Liferaft_type_20_10ft_INDEX_10	</identifier>
				<transform>
					<row0>	0.4405 0.0000 0.8978 0.0000	</row0>
					<row1>	0.8672 0.2588 -0.4255 0.0000	</row1>
					<row2>	-0.2324 0.9659 0.1140 0.0000	</row2>
					<row3>	0.4538 0.7018 1.4717 1.0000	</row3>
				</transform>
			</node>
			<node>
				<identifier>	MP_BM509_Liferaft_type_20_10ft_INDEX_11	</identifier>
				<transform>
					<row0>	0.4405 0.0000 0.8978 0.0000	</row0>
					<row1>	0.8672 0.2588 -0.4255 0.0000	</row1>
					<row2>	-0.2324 0.9659 0.1140 0.0000	</row2>
					<row3>	0.3965 0.7018 1.3555 1.0000	</row3>
				</transform>
			</node>
			<node>
				<identifier>	MP_BM509_Liferaft_type_20_10ft_INDEX_12	</identifier>
				<transform>
					<row0>	1.0000 0.0000 0.0000 0.0000	</row0>
					<row1>	0.0000 1.0000 0.0000 0.0000	</row1>
					<row2>	0.0000 0.0000 1.0000 0.0000	</row2>
					<row3>	0.0000 0.6075 -0.1127 1.0000	</row3>
				</transform>
			</node>
			<node>
				<identifier>	MP_BM509_Liferaft_type_20_10ft_INDEX_2	</identifier>
				<transform>
					<row0>	0.0000 1.0000 0.0000 0.0000	</row0>
					<row1>	0.9988 0.0000 0.0497 0.0000	</row1>
					<row2>	0.0497 0.0000 -0.9988 0.0000	</row2>
					<row3>	0.4694 0.4728 1.7153 1.0000	</row3>
				</transform>
			</node>
			<node>
				<identifier>	MP_BM509_Liferaft_type_20_10ft_INDEX_3	</identifier>
				<transform>
					<row0>	0.4405 0.0000 -0.8978 0.0000	</row0>
					<row1>	-0.8672 0.2588 -0.4255 0.0000	</row1>
					<row2>	0.2324 0.9659 0.1140 0.0000	</row2>
					<row3>	-0.3391 0.7018 1.2394 1.0000	</row3>
				</transform>
			</node>
			<node>
				<identifier>	MP_BM509_Liferaft_type_20_10ft_INDEX_4	</identifier>
				<transform>
					<row0>	0.4405 0.0000 -0.8978 0.0000	</row0>
					<row1>	-0.8672 0.2588 -0.4255 0.0000	</row1>
					<row2>	0.2324 0.9659 0.1140 0.0000	</row2>
					<row3>	-0.3965 0.7018 1.3555 1.0000	</row3>
				</transform>
			</node>
			<node>
				<identifier>	MP_BM509_Liferaft_type_20_10ft_INDEX_5	</identifier>
				<transform>
					<row0>	-0.5684 0.0000 -0.8227 0.0000	</row0>
					<row1>	-0.7947 0.2588 0.5490 0.0000	</row1>
					<row2>	0.2129 0.9659 -0.1471 0.0000	</row2>
					<row3>	-0.3566 0.7901 2.0459 1.0000	</row3>
				</transform>
			</node>
			<node>
				<identifier>	MP_BM509_Liferaft_type_20_10ft_INDEX_6	</identifier>
				<transform>
					<row0>	-0.5684 0.0000 0.8227 0.0000	</row0>
					<row1>	0.7947 0.2588 0.5490 0.0000	</row1>
					<row2>	-0.2129 0.9659 -0.1471 0.0000	</row2>
					<row3>	0.3566 0.7901 2.0459 1.0000	</row3>
				</transform>
			</node>
			<node>
				<identifier>	MP_BM509_Liferaft_type_20_10ft_INDEX_7	</identifier>
				<transform>
					<row0>	-0.5684 0.0000 0.8227 0.0000	</row0>
					<row1>	0.7947 0.2588 0.5490 0.0000	</row1>
					<row2>	-0.2129 0.9659 -0.1471 0.0000	</row2>
					<row3>	0.4396 0.7901 1.9258 1.0000	</row3>
				</transform>
			</node>
			<node>
				<identifier>	MP_BM509_Liferaft_type_20_10ft_INDEX_8	</identifier>
				<transform>
					<row0>	0.4405 0.0000 0.8978 0.0000	</row0>
					<row1>	0.8672 0.2588 -0.4255 0.0000	</row1>
					<row2>	-0.2324 0.9659 0.1140 0.0000	</row2>
					<row3>	0.3391 0.7018 1.2394 1.0000	</row3>
				</transform>
			</node>
			<node>
				<identifier>	MP_BM509_Liferaft_type_20_10ft_INDEX_9	</identifier>
				<transform>
					<row0>	0.4405 0.0000 -0.8978 0.0000	</row0>
					<row1>	-0.8672 0.2588 -0.4255 0.0000	</row1>
					<row2>	0.2324 0.9659 0.1140 0.0000	</row2>
					<row3>	-0.4538 0.7018 1.4717 1.0000	</row3>
				</transform>
			</node>
			<node>
				<identifier>	MP_BM511_Liferaft_type_20_10ft_h	</identifier>
				<transform>
					<row0>	-1.0000 0.0000 0.0000 0.0000	</row0>
					<row1>	0.0000 -1.0000 0.0000 0.0000	</row1>
					<row2>	0.0000 0.0000 1.0000 0.0000	</row2>
					<row3>	0.0000 0.6075 -0.1127 1.0000	</row3>
				</transform>
			</node>
			<node>
				<identifier>	MP_BM600_Sky_lookout	</identifier>
				<transform>
					<row0>	1.0000 0.0000 0.0000 0.0000	</row0>
					<row1>	0.0000 1.0000 0.0000 0.0000	</row1>
					<row2>	0.0000 0.0000 1.0000 0.0000	</row2>
					<row3>	-0.2355 1.2808 1.3907 1.0000	</row3>
				</transform>
			</node>
			<node>
				<identifier>	MP_BM600_Sky_lookout_INDEX_1	</identifier>
				<transform>
					<row0>	1.0000 0.0000 0.0000 0.0000	</row0>
					<row1>	0.0000 1.0000 0.0000 0.0000	</row1>
					<row2>	0.0000 0.0000 1.0000 0.0000	</row2>
					<row3>	-0.2389 1.2812 1.7599 1.0000	</row3>
				</transform>
			</node>
			<node>
				<identifier>	MP_BM600_Sky_lookout_INDEX_2	</identifier>
				<transform>
					<row0>	-1.0000 0.0000 0.0000 0.0000	</row0>
					<row1>	0.0000 1.0000 0.0000 0.0000	</row1>
					<row2>	0.0000 0.0000 -1.0000 0.0000	</row2>
					<row3>	0.2389 1.2812 1.7599 1.0000	</row3>
				</transform>
			</node>
			<node>
				<identifier>	MP_BM600_Sky_lookout_INDEX_3	</identifier>
				<transform>
					<row0>	-1.0000 0.0000 0.0000 0.0000	</row0>
					<row1>	0.0000 1.0000 0.0000 0.0000	</row1>
					<row2>	0.0000 0.0000 -1.0000 0.0000	</row2>
					<row3>	0.2355 1.2808 1.3907 1.0000	</row3>
				</transform>
			</node>
			<node>
				<identifier>	MP_BM602_Pelorus	</identifier>
				<transform>
					<row0>	0.0000 0.0000 1.0000 0.0000	</row0>
					<row1>	0.0000 1.0000 0.0000 0.0000	</row1>
					<row2>	-1.0000 0.0000 0.0000 0.0000	</row2>
					<row3>	0.0000 1.2954 2.1939 1.0000	</row3>
				</transform>
			</node>
			<node>
				<identifier>	MP_BM603_Compass_Binnacle	</identifier>
				<transform>
					<row0>	1.0000 0.0000 0.0000 0.0000	</row0>
					<row1>	0.0000 1.0000 0.0000 0.0000	</row1>
					<row2>	0.0000 0.0000 1.0000 0.0000	</row2>
					<row3>	0.0000 1.1179 2.1971 1.0000	</row3>
				</transform>
			</node>
			<node>
				<identifier>	MP_BM603_Compass_Binnacle_INDEX_1	</identifier>
				<transform>
					<row0>	1.0000 0.0000 0.0000 0.0000	</row0>
					<row1>	0.0000 1.0000 0.0000 0.0000	</row1>
					<row2>	0.0000 0.0000 1.0000 0.0000	</row2>
					<row3>	0.0000 1.2929 2.1271 1.0000	</row3>
				</transform>
			</node>
			<node>
				<identifier>	MP_BM605_Captain_sight	</identifier>
				<transform>
					<row0>	0.0000 0.0000 -1.0000 0.0000	</row0>
					<row1>	0.0000 1.0000 0.0000 0.0000	</row1>
					<row2>	1.0000 0.0000 0.0000 0.0000	</row2>
					<row3>	0.1659 1.2814 2.1556 1.0000	</row3>
				</transform>
			</node>
			<node>
				<identifier>	MP_BM605_Captain_sight_INDEX_1	</identifier>
				<transform>
					<row0>	0.0000 0.0000 1.0000 0.0000	</row0>
					<row1>	0.0000 1.0000 0.0000 0.0000	</row1>
					<row2>	-1.0000 0.0000 0.0000 0.0000	</row2>
					<row3>	-0.1659 1.2814 2.1556 1.0000	</row3>
				</transform>
			</node>
			<node>
				<identifier>	MP_BM605_Captain_sight_INDEX_2	</identifier>
				<transform>
					<row0>	0.5736 0.0000 -0.8192 0.0000	</row0>
					<row1>	0.0000 1.0000 0.0000 0.0000	</row1>
					<row2>	0.8192 0.0000 0.5736 0.0000	</row2>
					<row3>	0.2734 1.1132 2.0586 1.0000	</row3>
				</transform>
			</node>
			<node>
				<identifier>	MP_BM605_Captain_sight_INDEX_3	</identifier>
				<transform>
					<row0>	0.5736 0.0000 0.8192 0.0000	</row0>
					<row1>	0.0000 1.0000 0.0000 0.0000	</row1>
					<row2>	-0.8192 0.0000 0.5736 0.0000	</row2>
					<row3>	-0.2734 1.1132 2.0586 1.0000	</row3>
				</transform>
			</node>
			<node>
				<identifier>	MP_BM606_Searchlight_sight	</identifier>
				<transform>
					<row0>	0.5736 0.0000 0.8192 0.0000	</row0>
					<row1>	0.0000 1.0000 0.0000 0.0000	</row1>
					<row2>	-0.8192 0.0000 0.5736 0.0000	</row2>
					<row3>	-0.3758 1.1132 1.9123 1.0000	</row3>
				</transform>
			</node>
			<node>
				<identifier>	MP_BM606_Searchlight_sight_INDEX_1	</identifier>
				<transform>
					<row0>	0.5736 0.0000 -0.8192 0.0000	</row0>
					<row1>	0.0000 1.0000 0.0000 0.0000	</row1>
					<row2>	0.8192 0.0000 0.5736 0.0000	</row2>
					<row3>	0.3758 1.1132 1.9123 1.0000	</row3>
				</transform>
			</node>
			<node>
				<identifier>	MP_BM607_Telegraph_Engine_R	</identifier>
				<transform>
					<row0>	1.0000 0.0000 0.0000 0.0000	</row0>
					<row1>	0.0000 1.0000 0.0000 0.0000	</row1>
					<row2>	0.0000 0.0000 1.0000 0.0000	</row2>
					<row3>	0.1176 1.1176 2.2167 1.0000	</row3>
				</transform>
			</node>
			<node>
				<identifier>	MP_BM607_Telegraph_Engine_R_INDEX_1	</identifier>
				<transform>
					<row0>	0.0000 0.0000 1.0000 0.0000	</row0>
					<row1>	0.0000 1.0000 0.0000 0.0000	</row1>
					<row2>	-1.0000 0.0000 0.0000 0.0000	</row2>
					<row3>	0.0532 1.1176 2.1780 1.0000	</row3>
				</transform>
			</node>
			<node>
				<identifier>	MP_BM608_Compass_repeater	</identifier>
				<transform>
					<row0>	-0.5736 0.0000 0.8192 0.0000	</row0>
					<row1>	0.0000 1.0000 0.0000 0.0000	</row1>
					<row2>	-0.8192 0.0000 -0.5736 0.0000	</row2>
					<row3>	0.3453 1.1841 2.0170 1.0000	</row3>
				</transform>
			</node>
			<node>
				<identifier>	MP_BM608_Compass_repeater_INDEX_1	</identifier>
				<transform>
					<row0>	-0.5736 0.0000 -0.8192 0.0000	</row0>
					<row1>	0.0000 1.0000 0.0000 0.0000	</row1>
					<row2>	0.8192 0.0000 -0.5736 0.0000	</row2>
					<row3>	-0.3453 1.1841 2.0170 1.0000	</row3>
				</transform>
			</node>
			<node>
				<identifier>	MP_BM609_Speaker	</identifier>
				<transform>
					<row0>	-1.0000 0.0000 0.0000 0.0000	</row0>
					<row1>	0.0000 1.0000 0.0000 0.0000	</row1>
					<row2>	0.0000 0.0000 -1.0000 0.0000	</row2>
					<row3>	0.1227 1.3536 2.2649 1.0000	</row3>
				</transform>
			</node>
			<node>
				<identifier>	MP_BM609_Speaker_INDEX_1	</identifier>
				<transform>
					<row0>	1.0000 0.0000 0.0000 0.0000	</row0>
					<row1>	0.0000 1.0000 0.0000 0.0000	</row1>
					<row2>	0.0000 0.0000 1.0000 0.0000	</row2>
					<row3>	-0.0636 0.5669 3.3159 1.0000	</row3>
				</transform>
			</node>
			<node>
				<identifier>	MP_BM609_Speaker_INDEX_2	</identifier>
				<transform>
					<row0>	-1.0000 0.0000 0.0000 0.0000	</row0>
					<row1>	0.0000 1.0000 0.0000 0.0000	</row1>
					<row2>	0.0000 0.0000 -1.0000 0.0000	</row2>
					<row3>	-0.1520 1.3536 2.2649 1.0000	</row3>
				</transform>
			</node>
			<node>
				<identifier>	MP_BM610_Speaker_2	</identifier>
				<transform>
					<row0>	1.0000 0.0000 0.0000 0.0000	</row0>
					<row1>	0.0000 1.0000 0.0000 0.0000	</row1>
					<row2>	0.0000 0.0000 1.0000 0.0000	</row2>
					<row3>	0.0000 0.8866 2.2794 1.0000	</row3>
				</transform>
			</node>
			<node>
				<identifier>	MP_BM610_Speaker_2_INDEX_1	</identifier>
				<transform>
					<row0>	0.5736 0.0000 -0.8192 0.0000	</row0>
					<row1>	0.0000 1.0000 0.0000 0.0000	</row1>
					<row2>	0.8192 0.0000 0.5736 0.0000	</row2>
					<row3>	0.3898 0.5789 3.0312 1.0000	</row3>
				</transform>
			</node>
			<node>
				<identifier>	MP_BM610_Speaker_2_INDEX_2	</identifier>
				<transform>
					<row0>	1.0000 0.0000 0.0000 0.0000	</row0>
					<row1>	0.0000 1.0000 0.0000 0.0000	</row1>
					<row2>	0.0000 0.0000 1.0000 0.0000	</row2>
					<row3>	0.0000 1.4070 1.8490 1.0000	</row3>
				</transform>
			</node>
			<node>
				<identifier>	MP_BM610_Speaker_2_INDEX_3	</identifier>
				<transform>
					<row0>	0.0303 0.0000 -0.9995 0.0000	</row0>
					<row1>	0.0000 1.0000 0.0000 0.0000	</row1>
					<row2>	0.9995 0.0000 0.0303 0.0000	</row2>
					<row3>	0.4734 0.5977 1.5818 1.0000	</row3>
				</transform>
			</node>
			<node>
				<identifier>	MP_BM610_Speaker_2_INDEX_4	</identifier>
				<transform>
					<row0>	0.0303 0.0000 0.9995 0.0000	</row0>
					<row1>	0.0000 1.0000 0.0000 0.0000	</row1>
					<row2>	-0.9995 0.0000 0.0303 0.0000	</row2>
					<row3>	-0.4734 0.5977 1.5818 1.0000	</row3>
				</transform>
			</node>
			<node>
				<identifier>	MP_BM610_Speaker_2_INDEX_5	</identifier>
				<transform>
					<row0>	0.5736 0.0000 0.8192 0.0000	</row0>
					<row1>	0.0000 1.0000 0.0000 0.0000	</row1>
					<row2>	-0.8192 0.0000 0.5736 0.0000	</row2>
					<row3>	-0.3898 0.5789 3.0312 1.0000	</row3>
				</transform>
			</node>
			<node>
				<identifier>	MP_BM611_Telephone	</identifier>
				<transform>
					<row0>	1.0000 0.0000 0.0000 0.0000	</row0>
					<row1>	0.0000 1.0000 0.0000 0.0000	</row1>
					<row2>	0.0000 0.0000 1.0000 0.0000	</row2>
					<row3>	0.1954 1.3500 2.2650 1.0000	</row3>
				</transform>
			</node>
			<node>
				<identifier>	MP_BM611_Telephone_INDEX_1	</identifier>
				<transform>
					<row0>	1.0000 0.0000 0.0000 0.0000	</row0>
					<row1>	0.0000 1.0000 0.0000 0.0000	</row1>
					<row2>	0.0000 0.0000 1.0000 0.0000	</row2>
					<row3>	-0.1237 1.3500 2.2646 1.0000	</row3>
				</transform>
			</node>
			<node>
				<identifier>	MP_BM611_Telephone_INDEX_10	</identifier>
				<transform>
					<row0>	1.0000 0.0000 0.0000 0.0000	</row0>
					<row1>	0.0000 1.0000 0.0000 0.0000	</row1>
					<row2>	0.0000 0.0000 1.0000 0.0000	</row2>
					<row3>	0.0360 1.3500 2.2646 1.0000	</row3>
				</transform>
			</node>
			<node>
				<identifier>	MP_BM611_Telephone_INDEX_11	</identifier>
				<transform>
					<row0>	0.0000 0.0000 1.0000 0.0000	</row0>
					<row1>	0.0000 1.0000 0.0000 0.0000	</row1>
					<row2>	-1.0000 0.0000 0.0000 0.0000	</row2>
					<row3>	0.1663 1.1816 1.5175 1.0000	</row3>
				</transform>
			</node>
			<node>
				<identifier>	MP_BM611_Telephone_INDEX_12	</identifier>
				<transform>
					<row0>	0.3526 0.0000 -0.9358 0.0000	</row0>
					<row1>	0.0000 1.0000 0.0000 0.0000	</row1>
					<row2>	0.9358 0.0000 0.3526 0.0000	</row2>
					<row3>	0.2260 1.3489 1.8495 1.0000	</row3>
				</transform>
			</node>
			<node>
				<identifier>	MP_BM611_Telephone_INDEX_13	</identifier>
				<transform>
					<row0>	1.0000 0.0000 0.0000 0.0000	</row0>
					<row1>	0.0000 1.0000 0.0000 0.0000	</row1>
					<row2>	0.0000 0.0000 1.0000 0.0000	</row2>
					<row3>	-0.1005 1.3500 2.2646 1.0000	</row3>
				</transform>
			</node>
			<node>
				<identifier>	MP_BM611_Telephone_INDEX_14	</identifier>
				<transform>
					<row0>	0.5684 0.0000 0.8227 0.0000	</row0>
					<row1>	0.0000 1.0000 0.0000 0.0000	</row1>
					<row2>	-0.8227 0.0000 0.5684 0.0000	</row2>
					<row3>	-0.3619 1.1675 1.9919 1.0000	</row3>
				</transform>
			</node>
			<node>
				<identifier>	MP_BM611_Telephone_INDEX_2	</identifier>
				<transform>
					<row0>	1.0000 0.0000 0.0000 0.0000	</row0>
					<row1>	0.0000 1.0000 0.0000 0.0000	</row1>
					<row2>	0.0000 0.0000 1.0000 0.0000	</row2>
					<row3>	0.0550 1.3500 2.2650 1.0000	</row3>
				</transform>
			</node>
			<node>
				<identifier>	MP_BM611_Telephone_INDEX_3	</identifier>
				<transform>
					<row0>	1.0000 0.0000 0.0000 0.0000	</row0>
					<row1>	0.0000 1.0000 0.0000 0.0000	</row1>
					<row2>	0.0000 0.0000 1.0000 0.0000	</row2>
					<row3>	0.1764 1.3500 2.2646 1.0000	</row3>
				</transform>
			</node>
			<node>
				<identifier>	MP_BM611_Telephone_INDEX_4	</identifier>
				<transform>
					<row0>	-0.7311 0.0000 0.6822 0.0000	</row0>
					<row1>	0.0000 1.0000 0.0000 0.0000	</row1>
					<row2>	-0.6822 0.0000 -0.7311 0.0000	</row2>
					<row3>	0.0824 0.9555 0.3476 1.0000	</row3>
				</transform>
			</node>
			<node>
				<identifier>	MP_BM611_Telephone_INDEX_5	</identifier>
				<transform>
					<row0>	-0.1736 0.0000 0.9848 0.0000	</row0>
					<row1>	0.0000 1.0000 0.0000 0.0000	</row1>
					<row2>	-0.9848 0.0000 -0.1736 0.0000	</row2>
					<row3>	0.0988 0.9555 -0.4086 1.0000	</row3>
				</transform>
			</node>
			<node>
				<identifier>	MP_BM611_Telephone_INDEX_6	</identifier>
				<transform>
					<row0>	0.3526 0.0000 0.9358 0.0000	</row0>
					<row1>	0.0000 1.0000 0.0000 0.0000	</row1>
					<row2>	-0.9358 0.0000 0.3526 0.0000	</row2>
					<row3>	-0.2260 1.3489 1.8495 1.0000	</row3>
				</transform>
			</node>
			<node>
				<identifier>	MP_BM611_Telephone_INDEX_7	</identifier>
				<transform>
					<row0>	0.5684 0.0000 -0.8227 0.0000	</row0>
					<row1>	0.0000 1.0000 0.0000 0.0000	</row1>
					<row2>	0.8227 0.0000 0.5684 0.0000	</row2>
					<row3>	0.3619 1.1675 1.9919 1.0000	</row3>
				</transform>
			</node>
			<node>
				<identifier>	MP_BM611_Telephone_INDEX_8	</identifier>
				<transform>
					<row0>	-0.1736 0.0000 -0.9848 0.0000	</row0>
					<row1>	0.0000 1.0000 0.0000 0.0000	</row1>
					<row2>	0.9848 0.0000 -0.1736 0.0000	</row2>
					<row3>	-0.0988 0.9555 -0.4086 1.0000	</row3>
				</transform>
			</node>
			<node>
				<identifier>	MP_BM611_Telephone_INDEX_9	</identifier>
				<transform>
					<row0>	0.0000 0.0000 -1.0000 0.0000	</row0>
					<row1>	0.0000 1.0000 0.0000 0.0000	</row1>
					<row2>	1.0000 0.0000 0.0000 0.0000	</row2>
					<row3>	-0.1663 1.1816 1.5175 1.0000	</row3>
				</transform>
			</node>
			<node>
				<identifier>	MP_BM612_Switch_Panel	</identifier>
				<transform>
					<row0>	0.0000 0.0000 -0.9091 0.0000	</row0>
					<row1>	0.0000 0.9091 0.0000 0.0000	</row1>
					<row2>	0.9091 0.0000 0.0000 0.0000	</row2>
					<row3>	0.2055 1.3451 2.2227 1.0000	</row3>
				</transform>
			</node>
			<node>
				<identifier>	MP_BM612_Switch_Panel_INDEX_1	</identifier>
				<transform>
					<row0>	1.0000 0.0000 0.0000 0.0000	</row0>
					<row1>	0.0000 1.0000 0.0000 0.0000	</row1>
					<row2>	0.0000 0.0000 1.0000 0.0000	</row2>
					<row3>	-0.0451 1.3487 2.2649 1.0000	</row3>
				</transform>
			</node>
			<node>
				<identifier>	MP_BM612_Switch_Panel_INDEX_2	</identifier>
				<transform>
					<row0>	0.0000 0.0000 0.9091 0.0000	</row0>
					<row1>	0.0000 0.9091 0.0000 0.0000	</row1>
					<row2>	-0.9091 0.0000 0.0000 0.0000	</row2>
					<row3>	-0.2055 1.3451 2.2227 1.0000	</row3>
				</transform>
			</node>
			<node>
				<identifier>	MP_BM613_Switch_Panel	</identifier>
				<transform>
					<row0>	1.0000 0.0000 0.0000 0.0000	</row0>
					<row1>	0.0000 1.0000 0.0000 0.0000	</row1>
					<row2>	0.0000 0.0000 1.0000 0.0000	</row2>
					<row3>	0.0503 1.3241 2.2652 1.0000	</row3>
				</transform>
			</node>
			<node>
				<identifier>	MP_BM613_Switch_Panel_INDEX_1	</identifier>
				<transform>
					<row0>	0.0000 0.0000 0.9091 0.0000	</row0>
					<row1>	0.0000 0.9091 0.0000 0.0000	</row1>
					<row2>	-0.9091 0.0000 0.0000 0.0000	</row2>
					<row3>	-0.2056 1.3449 2.1912 1.0000	</row3>
				</transform>
			</node>
			<node>
				<identifier>	MP_BM613_Switch_Panel_INDEX_2	</identifier>
				<transform>
					<row0>	1.0000 0.0000 0.0000 0.0000	</row0>
					<row1>	0.0000 1.0000 0.0000 0.0000	</row1>
					<row2>	0.0000 0.0000 1.0000 0.0000	</row2>
					<row3>	0.0190 1.3241 2.2652 1.0000	</row3>
				</transform>
			</node>
			<node>
				<identifier>	MP_BM613_Switch_Panel_INDEX_3	</identifier>
				<transform>
					<row0>	0.3526 0.0000 -0.9358 0.0000	</row0>
					<row1>	0.0000 1.0000 0.0000 0.0000	</row1>
					<row2>	0.9358 0.0000 0.3526 0.0000	</row2>
					<row3>	0.2301 1.3205 1.8414 1.0000	</row3>
				</transform>
			</node>
			<node>
				<identifier>	MP_BM613_Switch_Panel_INDEX_4	</identifier>
				<transform>
					<row0>	1.0000 0.0000 0.0000 0.0000	</row0>
					<row1>	0.0000 1.0000 0.0000 0.0000	</row1>
					<row2>	0.0000 0.0000 1.0000 0.0000	</row2>
					<row3>	0.0965 1.3479 2.2652 1.0000	</row3>
				</transform>
			</node>
			<node>
				<identifier>	MP_BM613_Switch_Panel_INDEX_5	</identifier>
				<transform>
					<row0>	1.0000 0.0000 0.0000 0.0000	</row0>
					<row1>	0.0000 1.0000 0.0000 0.0000	</row1>
					<row2>	0.0000 0.0000 1.0000 0.0000	</row2>
					<row3>	-0.1782 1.3479 2.2652 1.0000	</row3>
				</transform>
			</node>
			<node>
				<identifier>	MP_BM613_Switch_Panel_INDEX_6	</identifier>
				<transform>
					<row0>	0.3526 0.0000 0.9358 0.0000	</row0>
					<row1>	0.0000 1.0000 0.0000 0.0000	</row1>
					<row2>	-0.9358 0.0000 0.3526 0.0000	</row2>
					<row3>	-0.2301 1.3205 1.8414 1.0000	</row3>
				</transform>
			</node>
			<node>
				<identifier>	MP_BM613_Switch_Panel_INDEX_7	</identifier>
				<transform>
					<row0>	1.0000 0.0000 0.0000 0.0000	</row0>
					<row1>	0.0000 1.0000 0.0000 0.0000	</row1>
					<row2>	0.0000 0.0000 1.0000 0.0000	</row2>
					<row3>	0.1594 1.3241 2.2652 1.0000	</row3>
				</transform>
			</node>
			<node>
				<identifier>	MP_BM613_Switch_Panel_INDEX_8	</identifier>
				<transform>
					<row0>	1.0000 0.0000 0.0000 0.0000	</row0>
					<row1>	0.0000 1.0000 0.0000 0.0000	</row1>
					<row2>	0.0000 0.0000 1.0000 0.0000	</row2>
					<row3>	0.1906 1.3241 2.2652 1.0000	</row3>
				</transform>
			</node>
			<node>
				<identifier>	MP_BM613_Switch_Panel_INDEX_9	</identifier>
				<transform>
					<row0>	0.0000 0.0000 -0.9091 0.0000	</row0>
					<row1>	0.0000 0.9091 0.0000 0.0000	</row1>
					<row2>	0.9091 0.0000 0.0000 0.0000	</row2>
					<row3>	0.2056 1.3449 2.1912 1.0000	</row3>
				</transform>
			</node>
			<node>
				<identifier>	MP_BM614_Switch_box	</identifier>
				<transform>
					<row0>	-1.0000 0.0000 0.0000 0.0000	</row0>
					<row1>	0.0000 1.0000 0.0000 0.0000	</row1>
					<row2>	0.0000 0.0000 -1.0000 0.0000	</row2>
