<ASB023_Georgia_1945_Bow_ports.visual>
	<node>
		<identifier>	Scene Root	</identifier>
		<transform>
			<row0>	1.0000 0.0000 0.0000 0.0000	</row0>
			<row1>	0.0000 1.0000 0.0000 0.0000	</row1>
			<row2>	0.0000 0.0000 1.0000 0.0000	</row2>
			<row3>	0.0000 0.0000 0.0000 1.0000	</row3>
		</transform>
		<node>
			<identifier>	Bow_ports	</identifier>
			<transform>
				<row0>	1.0000 0.0000 0.0000 0.0000	</row0>
				<row1>	0.0000 1.0000 0.0000 0.0000	</row1>
				<row2>	0.0000 0.0000 1.0000 0.0000	</row2>
				<row3>	0.0000 0.0000 0.0000 1.0000	</row3>
			</transform>
			<node>
				<identifier>	HP_AGA_1	</identifier>
				<transform>
					<row0>	0.7071 0.0000 0.7071 0.0000	</row0>
					<row1>	0.0463 0.9979 -0.0463 0.0000	</row1>
					<row2>	-0.7056 0.0655 0.7056 0.0000	</row2>
					<row3>	-0.1373 0.5269 8.2925 1.0000	</row3>
				</transform>
			</node>
			<node>
				<identifier>	HP_AGA_10	</identifier>
				<transform>
					<row0>	0.7071 0.0000 -0.7071 0.0000	</row0>
					<row1>	0.0000 1.0000 0.0000 0.0000	</row1>
					<row2>	0.7071 0.0000 0.7071 0.0000	</row2>
					<row3>	0.3751 0.4418 6.6345 1.0000	</row3>
				</transform>
			</node>
			<node>
				<identifier>	HP_AGA_2	</identifier>
				<transform>
					<row0>	0.7071 0.0000 -0.7071 0.0000	</row0>
					<row1>	-0.0463 0.9979 -0.0463 0.0000	</row1>
					<row2>	0.7056 0.0655 0.7056 0.0000	</row2>
					<row3>	0.1373 0.5269 8.2925 1.0000	</row3>
				</transform>
			</node>
			<node>
				<identifier>	HP_AGA_3	</identifier>
				<transform>
					<row0>	0.7071 0.0000 0.7071 0.0000	</row0>
					<row1>	0.0000 1.0000 0.0000 0.0000	</row1>
					<row2>	-0.7071 0.0000 0.7071 0.0000	</row2>
					<row3>	-0.1876 0.5184 8.1178 1.0000	</row3>
				</transform>
			</node>
			<node>
				<identifier>	HP_AGA_4	</identifier>
				<transform>
					<row0>	0.7071 0.0000 -0.7071 0.0000	</row0>
					<row1>	0.0000 1.0000 0.0000 0.0000	</row1>
					<row2>	0.7071 0.0000 0.7071 0.0000	</row2>
					<row3>	0.1876 0.5184 8.1178 1.0000	</row3>
				</transform>
			</node>
			<node>
				<identifier>	HP_AGA_5	</identifier>
				<transform>
					<row0>	0.7071 0.0000 0.7071 0.0000	</row0>
					<row1>	0.0000 1.0000 0.0000 0.0000	</row1>
					<row2>	-0.7071 0.0000 0.7071 0.0000	</row2>
					<row3>	-0.3308 0.4613 7.0296 1.0000	</row3>
				</transform>
			</node>
			<node>
				<identifier>	HP_AGA_6	</identifier>
				<transform>
					<row0>	0.7071 0.0000 -0.7071 0.0000	</row0>
					<row1>	0.0000 1.0000 0.0000 0.0000	</row1>
					<row2>	0.7071 0.0000 0.7071 0.0000	</row2>
					<row3>	0.3308 0.4613 7.0296 1.0000	</row3>
				</transform>
			</node>
			<node>
				<identifier>	HP_AGA_7	</identifier>
				<transform>
					<row0>	0.7071 0.0000 0.7071 0.0000	</row0>
					<row1>	0.0000 1.0000 0.0000 0.0000	</row1>
					<row2>	-0.7071 0.0000 0.7071 0.0000	</row2>
					<row3>	-0.3512 0.4523 6.8479 1.0000	</row3>
				</transform>
			</node>
			<node>
				<identifier>	HP_AGA_8	</identifier>
				<transform>
					<row0>	0.7071 0.0000 -0.7071 0.0000	</row0>
					<row1>	0.0000 1.0000 0.0000 0.0000	</row1>
					<row2>	0.7071 0.0000 0.7071 0.0000	</row2>
					<row3>	0.3512 0.4523 6.8479 1.0000	</row3>
				</transform>
			</node>
			<node>
				<identifier>	HP_AGA_9	</identifier>
				<transform>
					<row0>	0.7071 0.0000 0.7071 0.0000	</row0>
					<row1>	0.0000 1.0000 0.0000 0.0000	</row1>
					<row2>	-0.7071 0.0000 0.7071 0.0000	</row2>
					<row3>	-0.3751 0.4418 6.6345 1.0000	</row3>
				</transform>
			</node>
			<node>
				<identifier>	HP_AGM_1	</identifier>
				<transform>
					<row0>	1.0000 0.0000 0.0000 0.0000	</row0>
					<row1>	0.0000 1.0000 0.0000 0.0000	</row1>
					<row2>	0.0000 0.0000 1.0000 0.0000	</row2>
					<row3>	0.0000 0.4027 4.1744 1.0000	</row3>
				</transform>
			</node>
			<node>
				<identifier>	HP_FX_Death_1	</identifier>
				<transform>
					<row0>	1.0000 0.0000 0.0000 0.0000	</row0>
					<row1>	0.0000 1.0000 0.0000 0.0000	</row1>
					<row2>	0.0000 0.0000 1.0000 0.0000	</row2>
					<row3>	0.0000 0.0000 4.0082 1.0000	</row3>
				</transform>
			</node>
			<node>
				<identifier>	HP_FX_Fire_1	</identifier>
				<transform>
					<row0>	1.0000 0.0000 0.0000 0.0000	</row0>
					<row1>	0.0000 1.0000 0.0000 0.0000	</row1>
					<row2>	0.0000 0.0000 1.0000 0.0000	</row2>
					<row3>	0.0000 0.4903 6.4761 1.0000	</row3>
				</transform>
			</node>
			<node>
				<identifier>	HP_FX_Flood_water_left	</identifier>
				<transform>
					<row0>	-1.0000 0.0000 0.0000 0.0000	</row0>
					<row1>	0.0000 1.0000 0.0000 0.0000	</row1>
					<row2>	0.0000 0.0000 -1.0000 0.0000	</row2>
					<row3>	-0.2701 0.0140 6.6771 1.0000	</row3>
				</transform>
			</node>
			<node>
				<identifier>	HP_FX_Flood_water_right	</identifier>
				<transform>
					<row0>	1.0000 0.0000 0.0000 0.0000	</row0>
					<row1>	0.0000 1.0000 0.0000 0.0000	</row1>
					<row2>	0.0000 0.0000 1.0000 0.0000	</row2>
					<row3>	0.2790 0.0120 6.6740 1.0000	</row3>
				</transform>
			</node>
			<node>
				<identifier>	HP_FX_RepairLight_left_1	</identifier>
				<transform>
					<row0>	0.1314 0.0000 0.9913 0.0000	</row0>
					<row1>	-0.3687 0.9283 0.0489 0.0000	</row1>
					<row2>	-0.9202 -0.3719 0.1220 0.0000	</row2>
					<row3>	-0.7400 0.3537 4.3004 1.0000	</row3>
				</transform>
			</node>
			<node>
				<identifier>	HP_FX_WakeTrace	</identifier>
				<transform>
					<row0>	1.0000 0.0000 0.0000 0.0000	</row0>
					<row1>	0.0000 1.0000 0.0000 0.0000	</row1>
					<row2>	0.0000 0.0000 1.0000 0.0000	</row2>
					<row3>	0.0000 0.0000 8.4373 1.0000	</row3>
				</transform>
			</node>
			<node>
				<identifier>	HP_Ship_death_1	</identifier>
				<transform>
					<row0>	1.0000 0.0000 0.0000 0.0000	</row0>
					<row1>	0.0000 1.0000 0.0000 0.0000	</row1>
					<row2>	0.0000 0.0000 1.0000 0.0000	</row2>
					<row3>	0.0000 0.0000 3.3615 1.0000	</row3>
				</transform>
			</node>
			<node>
				<identifier>	MP_AM005_Bollard_1	</identifier>
				<transform>
					<row0>	2.4517 -0.0126 0.3674 0.0000	</row0>
					<row1>	0.0302 2.4762 -0.1167 0.0000	</row1>
					<row2>	-0.3664 0.1199 2.4490 0.0000	</row2>
					<row3>	0.3001 0.4796 7.3844 1.0000	</row3>
				</transform>
			</node>
			<node>
				<identifier>	MP_AM005_Bollard_1_INDEX_1	</identifier>
				<transform>
					<row0>	2.4517 0.0126 -0.3674 0.0000	</row0>
					<row1>	-0.0302 2.4762 -0.1167 0.0000	</row1>
					<row2>	0.3664 0.1199 2.4490 0.0000	</row2>
					<row3>	-0.3001 0.4796 7.3844 1.0000	</row3>
				</transform>
			</node>
			<node>
				<identifier>	MP_AM020_Ventilators_2	</identifier>
				<transform>
					<row0>	0.4471 0.0000 0.0000 0.0000	</row0>
					<row1>	0.0000 0.4463 -0.0260 0.0000	</row1>
					<row2>	0.0000 0.0260 0.4463 0.0000	</row2>
					<row3>	-0.0347 0.5034 7.8941 1.0000	</row3>
				</transform>
			</node>
			<node>
				<identifier>	MP_AM023_Hatch_1	</identifier>
				<transform>
					<row0>	0.0000 0.0000 -1.0000 0.0000	</row0>
					<row1>	0.0000 1.0000 0.0000 0.0000	</row1>
					<row2>	1.0000 0.0000 0.0000 0.0000	</row2>
					<row3>	0.3188 0.3558 3.7098 1.0000	</row3>
				</transform>
			</node>
			<node>
				<identifier>	MP_AM023_Hatch_1_INDEX_1	</identifier>
				<transform>
					<row0>	0.0000 0.0000 1.0000 0.0000	</row0>
					<row1>	0.0000 1.0000 0.0000 0.0000	</row1>
					<row2>	-1.0000 0.0000 0.0000 0.0000	</row2>
					<row3>	-0.3180 0.3558 3.7098 1.0000	</row3>
				</transform>
			</node>
			<node>
				<identifier>	MP_AM023_Hatch_1_INDEX_2	</identifier>
				<transform>
					<row0>	0.0000 -0.0460 -0.9989 0.0000	</row0>
					<row1>	0.0000 0.9989 -0.0460 0.0000	</row1>
					<row2>	1.0000 0.0000 0.0000 0.0000	</row2>
					<row3>	-0.0337 0.5034 7.8137 1.0000	</row3>
				</transform>
			</node>
			<node>
				<identifier>	MP_AM023_Hatch_1_INDEX_3	</identifier>
				<transform>
					<row0>	1.0000 0.0000 0.0000 0.0000	</row0>
					<row1>	0.0000 1.0000 0.0000 0.0000	</row1>
					<row2>	0.0000 0.0000 1.0000 0.0000	</row2>
					<row3>	-0.0334 0.5295 8.3500 1.0000	</row3>
				</transform>
			</node>
			<node>
				<identifier>	MP_AM024_Hatch_2	</identifier>
				<transform>
					<row0>	1.0000 0.0000 0.0000 0.0000	</row0>
					<row1>	0.0000 0.9991 -0.0431 0.0000	</row1>
					<row2>	0.0000 0.0431 0.9991 0.0000	</row2>
					<row3>	0.2151 0.4042 5.7465 1.0000	</row3>
				</transform>
			</node>
			<node>
				<identifier>	MP_AM024_Hatch_2_INDEX_1	</identifier>
				<transform>
					<row0>	-1.0000 0.0000 0.0000 0.0000	</row0>
					<row1>	0.0000 0.9991 -0.0431 0.0000	</row1>
					<row2>	0.0000 -0.0431 -0.9991 0.0000	</row2>
					<row3>	-0.2151 0.4042 5.7465 1.0000	</row3>
				</transform>
			</node>
			<node>
				<identifier>	MP_AM024_Hatch_2_INDEX_2	</identifier>
				<transform>
					<row0>	-1.0000 0.0000 0.0000 0.0000	</row0>
					<row1>	0.0000 0.9991 -0.0430 0.0000	</row1>
					<row2>	0.0000 -0.0430 -0.9991 0.0000	</row2>
					<row3>	-0.2151 0.4306 6.3920 1.0000	</row3>
				</transform>
			</node>
			<node>
				<identifier>	MP_AM024_Hatch_2_INDEX_3	</identifier>
				<transform>
					<row0>	1.0000 0.0000 0.0000 0.0000	</row0>
					<row1>	0.0000 0.9991 -0.0430 0.0000	</row1>
					<row2>	0.0000 0.0430 0.9991 0.0000	</row2>
					<row3>	0.2151 0.4306 6.3920 1.0000	</row3>
				</transform>
			</node>
			<node>
				<identifier>	MP_AM026_Break_Handwheel_1	</identifier>
				<transform>
					<row0>	1.0000 0.0000 0.0000 0.0000	</row0>
					<row1>	0.0000 0.9998 -0.0189 0.0000	</row1>
					<row2>	0.0000 0.0189 0.9998 0.0000	</row2>
					<row3>	0.2811 0.3867 5.1815 1.0000	</row3>
				</transform>
			</node>
			<node>
				<identifier>	MP_AM026_Break_Handwheel_1_INDEX_1	</identifier>
				<transform>
					<row0>	1.0000 0.0000 0.0000 0.0000	</row0>
					<row1>	0.0000 0.9998 -0.0189 0.0000	</row1>
					<row2>	0.0000 0.0189 0.9998 0.0000	</row2>
					<row3>	0.1731 0.3867 5.2054 1.0000	</row3>
				</transform>
			</node>
			<node>
				<identifier>	MP_AM026_Break_Handwheel_1_INDEX_2	</identifier>
				<transform>
					<row0>	-1.0000 0.0000 0.0000 0.0000	</row0>
					<row1>	0.0000 0.9998 -0.0189 0.0000	</row1>
					<row2>	0.0000 -0.0189 -0.9998 0.0000	</row2>
					<row3>	-0.1731 0.3867 5.2054 1.0000	</row3>
				</transform>
			</node>
			<node>
				<identifier>	MP_AM026_Break_Handwheel_1_INDEX_3	</identifier>
				<transform>
					<row0>	1.0000 0.0000 0.0000 0.0000	</row0>
					<row1>	0.0000 0.9998 -0.0189 0.0000	</row1>
					<row2>	0.0000 0.0189 0.9998 0.0000	</row2>
					<row3>	-0.2811 0.3867 5.1815 1.0000	</row3>
				</transform>
			</node>
			<node>
				<identifier>	MP_AM030_Ammunition_Box4	</identifier>
				<transform>
					<row0>	0.0000 -0.0487 -0.9988 0.0000	</row0>
					<row1>	0.0000 0.9988 -0.0487 0.0000	</row1>
					<row2>	1.0000 0.0000 0.0000 0.0000	</row2>
					<row3>	0.0221 0.5254 8.2470 1.0000	</row3>
				</transform>
			</node>
			<node>
				<identifier>	MP_AM030_Ammunition_Box4_INDEX_1	</identifier>
				<transform>
					<row0>	-0.9940 0.0048 -0.1092 0.0000	</row0>
					<row1>	0.0097 0.9990 -0.0440 0.0000	</row1>
					<row2>	0.1088 -0.0448 -0.9930 0.0000	</row2>
					<row3>	0.2464 0.4643 7.0985 1.0000	</row3>
				</transform>
			</node>
			<node>
				<identifier>	MP_AM030_Ammunition_Box4_INDEX_2	</identifier>
				<transform>
					<row0>	-1.0000 0.0048 0.0000 0.0000	</row0>
					<row1>	0.0048 0.9990 -0.0443 0.0000	</row1>
					<row2>	-0.0002 -0.0443 -0.9990 0.0000	</row2>
					<row3>	-0.2715 0.4470 6.7248 1.0000	</row3>
				</transform>
			</node>
			<node>
				<identifier>	MP_AM030_Ammunition_Box4_INDEX_3	</identifier>
				<transform>
					<row0>	-1.0000 0.0048 0.0000 0.0000	</row0>
					<row1>	0.0048 0.9990 -0.0443 0.0000	</row1>
					<row2>	-0.0002 -0.0443 -0.9990 0.0000	</row2>
					<row3>	0.2715 0.4470 6.7248 1.0000	</row3>
				</transform>
			</node>
			<node>
				<identifier>	MP_AM030_Ammunition_Box4_INDEX_4	</identifier>
				<transform>
					<row0>	0.0000 -0.0487 -0.9988 0.0000	</row0>
					<row1>	0.0000 0.9988 -0.0487 0.0000	</row1>
					<row2>	1.0000 0.0000 0.0000 0.0000	</row2>
					<row3>	0.2469 0.4558 6.9250 1.0000	</row3>
				</transform>
			</node>
			<node>
				<identifier>	MP_AM030_Ammunition_Box4_INDEX_5	</identifier>
				<transform>
					<row0>	0.0000 -0.0487 -0.9988 0.0000	</row0>
					<row1>	0.0000 0.9988 -0.0487 0.0000	</row1>
					<row2>	1.0000 0.0000 0.0000 0.0000	</row2>
					<row3>	-0.0237 0.5206 8.1541 1.0000	</row3>
				</transform>
			</node>
			<node>
				<identifier>	MP_AM030_Ammunition_Box4_INDEX_6	</identifier>
				<transform>
					<row0>	0.0000 -0.0487 -0.9988 0.0000	</row0>
					<row1>	0.0000 0.9988 -0.0487 0.0000	</row1>
					<row2>	1.0000 0.0000 0.0000 0.0000	</row2>
					<row3>	-0.0237 0.5254 8.2470 1.0000	</row3>
				</transform>
			</node>
			<node>
				<identifier>	MP_AM030_Ammunition_Box4_INDEX_7	</identifier>
				<transform>
					<row0>	0.0000 -0.0487 -0.9988 0.0000	</row0>
					<row1>	0.0000 0.9988 -0.0487 0.0000	</row1>
					<row2>	1.0000 0.0000 0.0000 0.0000	</row2>
					<row3>	0.0221 0.5206 8.1541 1.0000	</row3>
				</transform>
			</node>
			<node>
				<identifier>	MP_AM030_Ammunition_Box4_INDEX_8	</identifier>
				<transform>
					<row0>	-0.9940 0.0048 0.1092 0.0000	</row0>
					<row1>	0.0000 0.9990 -0.0440 0.0000	</row1>
					<row2>	-0.1093 -0.0437 -0.9930 0.0000	</row2>
					<row3>	-0.2478 0.4644 7.0991 1.0000	</row3>
				</transform>
			</node>
			<node>
				<identifier>	MP_AM030_Ammunition_Box4_INDEX_9	</identifier>
				<transform>
					<row0>	0.0000 -0.0487 -0.9988 0.0000	</row0>
					<row1>	0.0000 0.9988 -0.0487 0.0000	</row1>
					<row2>	1.0000 0.0000 0.0000 0.0000	</row2>
					<row3>	-0.2469 0.4558 6.9250 1.0000	</row3>
				</transform>
			</node>
			<node>
				<identifier>	MP_AM049_Signal_Lamp_1	</identifier>
				<transform>
					<row0>	1.0000 0.0000 0.0000 0.0000	</row0>
					<row1>	0.0000 1.0000 0.0000 0.0000	</row1>
					<row2>	0.0000 0.0000 1.0000 0.0000	</row2>
					<row3>	0.0000 0.8831 8.5953 1.0000	</row3>
				</transform>
			</node>
			<node>
				<identifier>	MP_AM058_Boat_4	</identifier>
				<transform>
					<row0>	0.0000 0.0377 0.9993 0.0000	</row0>
					<row1>	0.0000 0.9993 -0.0377 0.0000	</row1>
					<row2>	-1.0000 0.0000 0.0000 0.0000	</row2>
					<row3>	-0.3249 0.3759 4.8761 1.0000	</row3>
				</transform>
			</node>
			<node>
				<identifier>	MP_AM058_Boat_4_INDEX_1	</identifier>
				<transform>
					<row0>	0.0000 0.0460 0.9989 0.0000	</row0>
					<row1>	0.0000 0.9989 -0.0460 0.0000	</row1>
					<row2>	-1.0000 0.0000 0.0000 0.0000	</row2>
					<row3>	0.3670 0.4346 6.4685 1.0000	</row3>
				</transform>
			</node>
			<node>
				<identifier>	MP_AM058_Boat_4_INDEX_2	</identifier>
				<transform>
					<row0>	0.0000 0.0460 0.9989 0.0000	</row0>
					<row1>	0.0000 0.9989 -0.0460 0.0000	</row1>
					<row2>	-1.0000 0.0000 0.0000 0.0000	</row2>
					<row3>	-0.3670 0.4346 6.4685 1.0000	</row3>
				</transform>
			</node>
			<node>
				<identifier>	MP_AM058_Boat_4_INDEX_3	</identifier>
				<transform>
					<row0>	0.0000 0.0473 0.9989 0.0000	</row0>
					<row1>	0.0000 0.9989 -0.0473 0.0000	</row1>
					<row2>	-1.0000 0.0000 0.0000 0.0000	</row2>
					<row3>	-0.0029 0.5149 8.0287 1.0000	</row3>
				</transform>
			</node>
			<node>
				<identifier>	MP_AM058_Boat_4_INDEX_4	</identifier>
				<transform>
					<row0>	0.0000 0.0377 0.9993 0.0000	</row0>
					<row1>	0.0000 0.9993 -0.0377 0.0000	</row1>
					<row2>	-1.0000 0.0000 0.0000 0.0000	</row2>
					<row3>	0.3249 0.3759 4.8761 1.0000	</row3>
				</transform>
			</node>
			<node>
				<identifier>	MP_AM071_Signal_Lamp_2	</identifier>
				<transform>
					<row0>	1.0000 0.0000 0.0000 0.0000	</row0>
					<row1>	0.0000 1.0000 0.0000 0.0000	</row1>
					<row2>	0.0000 0.0000 1.0000 0.0000	</row2>
					<row3>	0.0000 0.7179 8.5850 1.0000	</row3>
				</transform>
			</node>
			<node>
				<identifier>	MP_AM077_Paravane	</identifier>
				<transform>
					<row0>	-0.7800 0.0000 0.0000 0.0000	</row0>
					<row1>	0.0000 -0.7800 0.0000 0.0000	</row1>
					<row2>	0.0000 0.0000 0.7800 0.0000	</row2>
					<row3>	-0.2863 0.4416 5.0217 1.0000	</row3>
				</transform>
			</node>
			<node>
				<identifier>	MP_AM077_Paravane_INDEX_1	</identifier>
				<transform>
					<row0>	-0.7800 0.0000 0.0000 0.0000	</row0>
					<row1>	0.0000 -0.7800 0.0000 0.0000	</row1>
					<row2>	0.0000 0.0000 0.7800 0.0000	</row2>
					<row3>	0.2863 0.4417 5.0216 1.0000	</row3>
				</transform>
			</node>
			<node>
				<identifier>	MP_AM088_Capstan_1	</identifier>
				<transform>
					<row0>	-1.0000 0.0000 0.0000 0.0000	</row0>
					<row1>	0.0000 1.0000 0.0000 0.0000	</row1>
					<row2>	0.0000 0.0000 -1.0000 0.0000	</row2>
					<row3>	0.2958 0.3918 5.4385 1.0000	</row3>
				</transform>
			</node>
			<node>
				<identifier>	MP_AM088_Capstan_1_INDEX_1	</identifier>
				<transform>
					<row0>	-1.0000 0.0000 0.0000 0.0000	</row0>
					<row1>	0.0000 1.0000 0.0000 0.0000	</row1>
					<row2>	0.0000 0.0000 -1.0000 0.0000	</row2>
					<row3>	-0.2958 0.3918 5.4385 1.0000	</row3>
				</transform>
			</node>
			<node>
				<identifier>	MP_AM129_Turtles_box	</identifier>
				<transform>
					<row0>	-0.9938 0.0000 -0.1113 0.0000	</row0>
					<row1>	0.0056 0.9987 -0.0497 0.0000	</row1>
					<row2>	0.1112 -0.0500 -0.9925 0.0000	</row2>
					<row3>	0.3150 0.4725 7.1328 1.0000	</row3>
				</transform>
			</node>
			<node>
				<identifier>	MP_AM129_Turtles_box_INDEX_1	</identifier>
				<transform>
					<row0>	-0.9887 0.0000 0.1497 0.0000	</row0>
					<row1>	-0.0075 0.9987 -0.0494 0.0000	</row1>
					<row2>	-0.1495 -0.0500 -0.9875 0.0000	</row2>
					<row3>	-0.3150 0.4725 7.1328 1.0000	</row3>
				</transform>
			</node>
			<node>
				<identifier>	MP_AM129_Turtles_box_INDEX_2	</identifier>
				<transform>
					<row0>	-1.0000 0.0000 0.0000 0.0000	</row0>
					<row1>	0.0000 1.0000 0.0000 0.0000	</row1>
					<row2>	0.0000 0.0000 -1.0000 0.0000	</row2>
					<row3>	-0.1881 0.5204 8.0017 1.0000	</row3>
				</transform>
			</node>
			<node>
				<identifier>	MP_AM129_Turtles_box_INDEX_3	</identifier>
				<transform>
					<row0>	-1.0000 0.0000 0.0000 0.0000	</row0>
					<row1>	0.0000 1.0000 0.0000 0.0000	</row1>
					<row2>	0.0000 0.0000 -1.0000 0.0000	</row2>
					<row3>	0.1881 0.5204 8.0017 1.0000	</row3>
				</transform>
			</node>
			<node>
				<identifier>	MP_AM157_Telephone	</identifier>
				<transform>
					<row0>	0.0000 0.0000 1.0000 0.0000	</row0>
					<row1>	-0.0099 1.0000 0.0000 0.0000	</row1>
					<row2>	-1.0000 -0.0099 0.0000 0.0000	</row2>
					<row3>	0.1984 0.5299 7.0572 1.0000	</row3>
				</transform>
			</node>
			<node>
				<identifier>	MP_AM157_Telephone_INDEX_1	</identifier>
				<transform>
					<row0>	-0.2588 -0.0026 -0.9659 0.0000	</row0>
					<row1>	-0.0099 1.0000 0.0000 0.0000	</row1>
					<row2>	0.9659 0.0096 -0.2588 0.0000	</row2>
					<row3>	-0.1983 0.5299 7.0572 1.0000	</row3>
				</transform>
			</node>
			<node>
				<identifier>	MP_AM161_Anchor_top	</identifier>
				<transform>
					<row0>	0.6229 -0.6013 -0.5004 0.0000	</row0>
					<row1>	-0.3452 0.3628 -0.8656 0.0000	</row1>
					<row2>	0.7020 0.7119 0.0185 0.0000	</row2>
					<row3>	0.2505 0.4107 8.1534 1.0000	</row3>
				</transform>
			</node>
			<node>
				<identifier>	MP_AM161_Anchor_top_INDEX_1	</identifier>
				<transform>
					<row0>	0.6229 0.6013 0.5004 0.0000	</row0>
					<row1>	0.3452 0.3628 -0.8656 0.0000	</row1>
					<row2>	-0.7020 0.7119 0.0185 0.0000	</row2>
					<row3>	-0.2505 0.4107 8.1534 1.0000	</row3>
				</transform>
			</node>
			<node>
				<identifier>	MP_AM162_Anchor_down	</identifier>
				<transform>
					<row0>	0.6946 -0.6849 -0.2202 0.0000	</row0>
					<row1>	-0.1538 0.1576 -0.9754 0.0000	</row1>
					<row2>	0.7028 0.7114 0.0041 0.0000	</row2>
					<row3>	0.2510 0.4104 8.1491 1.0000	</row3>
				</transform>
			</node>
			<node>
				<identifier>	MP_AM162_Anchor_down_INDEX_1	</identifier>
				<transform>
					<row0>	0.6946 0.6849 0.2202 0.0000	</row0>
					<row1>	0.1538 0.1576 -0.9754 0.0000	</row1>
					<row2>	-0.7028 0.7114 0.0041 0.0000	</row2>
					<row3>	-0.2510 0.4104 8.1491 1.0000	</row3>
				</transform>
			</node>
			<node>
				<identifier>	MP_AM164_Signal_Lamp_4	</identifier>
				<transform>
					<row0>	1.0000 0.0000 0.0000 0.0000	</row0>
					<row1>	0.0000 0.9998 -0.0189 0.0000	</row1>
					<row2>	0.0000 0.0189 0.9998 0.0000	</row2>
					<row3>	0.0000 0.3861 5.2023 1.0000	</row3>
				</transform>
			</node>
			<node>
				<identifier>	MP_AM376_Fairlead	</identifier>
				<transform>
					<row0>	0.9949 -0.0068 -0.1002 0.0000	</row0>
					<row1>	0.0025 0.9991 -0.0435 0.0000	</row1>
					<row2>	0.1004 0.0430 0.9940 0.0000	</row2>
					<row3>	-0.5856 0.4023 5.6972 1.0000	</row3>
				</transform>
			</node>
			<node>
				<identifier>	MP_AM376_Fairlead_INDEX_1	</identifier>
				<transform>
					<row0>	0.9927 -0.0056 -0.1208 0.0000	</row0>
					<row1>	0.0033 0.9998 -0.0193 0.0000	</row1>
					<row2>	0.1208 0.0188 0.9925 0.0000	</row2>
					<row3>	-0.7326 0.3647 4.3349 1.0000	</row3>
				</transform>
			</node>
			<node>
				<identifier>	MP_AM376_Fairlead_INDEX_2	</identifier>
				<transform>
					<row0>	-0.9953 -0.0048 -0.0963 0.0000	</row0>
					<row1>	-0.0019 0.9995 -0.0302 0.0000	</row1>
					<row2>	0.0964 -0.0299 -0.9949 0.0000	</row2>
					<row3>	0.6557 0.3808 5.0237 1.0000	</row3>
				</transform>
			</node>
			<node>
				<identifier>	MP_AM376_Fairlead_INDEX_3	</identifier>
				<transform>
					<row0>	-0.9943 -0.0071 -0.1065 0.0000	</row0>
					<row1>	-0.0017 0.9987 -0.0507 0.0000	</row1>
					<row2>	0.1067 -0.0502 -0.9930 0.0000	</row2>
					<row3>	0.5159 0.4300 6.3806 1.0000	</row3>
				</transform>
			</node>
			<node>
				<identifier>	MP_AM376_Fairlead_INDEX_4	</identifier>
				<transform>
					<row0>	0.9949 -0.0056 -0.1010 0.0000	</row0>
					<row1>	0.0026 0.9995 -0.0299 0.0000	</row1>
					<row2>	0.1011 0.0295 0.9944 0.0000	</row2>
					<row3>	-0.6558 0.3808 5.0231 1.0000	</row3>
				</transform>
			</node>
			<node>
				<identifier>	MP_AM376_Fairlead_INDEX_5	</identifier>
				<transform>
					<row0>	-0.9927 -0.0056 -0.1208 0.0000	</row0>
					<row1>	-0.0036 0.9999 -0.0167 0.0000	</row1>
					<row2>	0.1208 -0.0161 -0.9925 0.0000	</row2>
					<row3>	0.7326 0.3648 4.3350 1.0000	</row3>
				</transform>
			</node>
			<node>
				<identifier>	MP_AM376_Fairlead_INDEX_6	</identifier>
				<transform>
					<row0>	0.9949 -0.0068 -0.1002 0.0000	</row0>
					<row1>	0.0017 0.9987 -0.0505 0.0000	</row1>
					<row2>	0.1004 0.0501 0.9937 0.0000	</row2>
					<row3>	-0.5159 0.4300 6.3791 1.0000	</row3>
				</transform>
			</node>
			<node>
				<identifier>	MP_AM376_Fairlead_INDEX_7	</identifier>
				<transform>
					<row0>	-0.9949 -0.0068 -0.1002 0.0000	</row0>
					<row1>	-0.0028 0.9992 -0.0403 0.0000	</row1>
					<row2>	0.1004 -0.0399 -0.9942 0.0000	</row2>
					<row3>	0.5860 0.4024 5.6972 1.0000	</row3>
				</transform>
			</node>
			<node>
				<identifier>	MP_CM011_Fire_Fighting_Gear	</identifier>
				<transform>
					<row0>	1.0000 0.0000 0.0000 0.0000	</row0>
					<row1>	0.0000 0.9982 -0.0595 0.0000	</row1>
					<row2>	0.0000 0.0595 0.9982 0.0000	</row2>
					<row3>	-0.0747 0.5041 7.8159 1.0000	</row3>
				</transform>
			</node>
			<node>
				<identifier>	MP_CM011_Fire_Fighting_Gear_INDEX_1	</identifier>
				<transform>
					<row0>	1.0000 0.0000 0.0000 0.0000	</row0>
					<row1>	0.0000 0.9998 -0.0189 0.0000	</row1>
					<row2>	0.0000 0.0189 0.9998 0.0000	</row2>
					<row3>	0.3678 0.3854 5.1304 1.0000	</row3>
				</transform>
			</node>
			<node>
				<identifier>	MP_CM011_Fire_Fighting_Gear_INDEX_2	</identifier>
				<transform>
					<row0>	1.0000 0.0000 0.0000 0.0000	</row0>
					<row1>	0.0000 0.9998 -0.0189 0.0000	</row1>
					<row2>	0.0000 0.0189 0.9998 0.0000	</row2>
					<row3>	-0.3764 0.3854 5.1304 1.0000	</row3>
				</transform>
			</node>
			<node>
				<identifier>	MP_CM104_Life_Buoy	</identifier>
				<transform>
					<row0>	-0.1070 0.0000 0.9943 0.0000	</row0>
					<row1>	0.0000 1.0000 0.0000 0.0000	</row1>
					<row2>	-0.9943 0.0000 -0.1070 0.0000	</row2>
					<row3>	0.5118 0.4924 6.2746 1.0000	</row3>
				</transform>
			</node>
			<node>
				<identifier>	MP_CM104_Life_Buoy_INDEX_1	</identifier>
				<transform>
					<row0>	-0.1382 0.0000 0.9904 0.0000	</row0>
					<row1>	0.0000 1.0000 0.0000 0.0000	</row1>
					<row2>	-0.9904 0.0000 -0.1382 0.0000	</row2>
					<row3>	0.3633 0.5602 7.6240 1.0000	</row3>
				</transform>
			</node>
			<node>
				<identifier>	MP_CM104_Life_Buoy_INDEX_2	</identifier>
				<transform>
					<row0>	-0.1382 0.0000 -0.9904 0.0000	</row0>
					<row1>	0.0000 1.0000 0.0000 0.0000	</row1>
					<row2>	0.9904 0.0000 -0.1382 0.0000	</row2>
					<row3>	-0.3633 0.5602 7.6240 1.0000	</row3>
				</transform>
			</node>
			<node>
				<identifier>	MP_CM104_Life_Buoy_INDEX_3	</identifier>
				<transform>
					<row0>	-0.1070 0.0000 -0.9943 0.0000	</row0>
					<row1>	0.0000 1.0000 0.0000 0.0000	</row1>
					<row2>	0.9943 0.0000 -0.1070 0.0000	</row2>
					<row3>	-0.7589 0.4282 4.0821 1.0000	</row3>
				</transform>
			</node>
			<node>
				<identifier>	MP_CM104_Life_Buoy_INDEX_4	</identifier>
				<transform>
					<row0>	-0.1070 0.0000 0.9943 0.0000	</row0>
					<row1>	0.0000 1.0000 0.0000 0.0000	</row1>
					<row2>	-0.9943 0.0000 -0.1070 0.0000	</row2>
					<row3>	0.7589 0.4282 4.0821 1.0000	</row3>
				</transform>
			</node>
			<node>
				<identifier>	MP_CM104_Life_Buoy_INDEX_5	</identifier>
				<transform>
					<row0>	-0.1070 0.0000 0.9943 0.0000	</row0>
					<row1>	0.0000 1.0000 0.0000 0.0000	</row1>
					<row2>	-0.9943 0.0000 -0.1070 0.0000	</row2>
					<row3>	0.6000 0.4602 5.4307 1.0000	</row3>
				</transform>
			</node>
			<node>
				<identifier>	MP_CM104_Life_Buoy_INDEX_6	</identifier>
				<transform>
					<row0>	-0.1070 0.0000 -0.9943 0.0000	</row0>
					<row1>	0.0000 1.0000 0.0000 0.0000	</row1>
					<row2>	0.9943 0.0000 -0.1070 0.0000	</row2>
					<row3>	-0.5118 0.4924 6.2746 1.0000	</row3>
				</transform>
			</node>
			<node>
				<identifier>	MP_CM104_Life_Buoy_INDEX_7	</identifier>
				<transform>
					<row0>	-0.1070 0.0000 -0.9943 0.0000	</row0>
					<row1>	0.0000 1.0000 0.0000 0.0000	</row1>
					<row2>	0.9943 0.0000 -0.1070 0.0000	</row2>
					<row3>	-0.6000 0.4602 5.4307 1.0000	</row3>
				</transform>
			</node>
			<node>
				<identifier>	SP_YMS001_YHBM_M_1	</identifier>
				<transform>
					<row0>	1.2000 0.0000 0.0000 0.0000	</row0>
					<row1>	0.0000 1.2000 0.0000 0.0000	</row1>
					<row2>	0.0000 0.0000 1.2000 0.0000	</row2>
					<row3>	0.0000 0.5054 8.6621 1.0000	</row3>
				</transform>
			</node>
			<node>
				<identifier>	SP_YMS002_YHBL_M_1	</identifier>
				<transform>
					<row0>	1.0910 -0.0034 -0.0571 0.0000	</row0>
					<row1>	0.0000 1.0906 -0.0643 0.0000	</row1>
					<row2>	0.0572 0.0642 1.0891 0.0000	</row2>
					<row3>	0.0023 0.5054 8.6620 1.0000	</row3>
				</transform>
			</node>
			<node>
				<identifier>	SP_YMS003_YHBR_M_1	</identifier>
				<transform>
					<row0>	1.0910 0.0034 0.0571 0.0000	</row0>
					<row1>	0.0000 1.0906 -0.0643 0.0000	</row1>
					<row2>	-0.0572 0.0642 1.0891 0.0000	</row2>
					<row3>	-0.0023 0.5054 8.6620 1.0000	</row3>
				</transform>
			</node>
			<node>
				<identifier>	SP_YMS004_YHXL_L_1	</identifier>
				<transform>
					<row0>	0.6315 0.6209 -0.1603 0.0000	</row0>
					<row1>	-0.6014 0.6515 0.1547 0.0000	</row1>
					<row2>	0.2228 -0.0014 0.8720 0.0000	</row2>
					<row3>	-0.1437 0.3782 8.1676 1.0000	</row3>
				</transform>
			</node>
			<node>
				<identifier>	SP_YMS005_YHXR_L_1	</identifier>
				<transform>
					<row0>	0.6754 -0.5696 0.1716 0.0000	</row0>
					<row1>	0.5516 0.6968 0.1420 0.0000	</row1>
					<row2>	-0.2228 -0.0014 0.8720 0.0000	</row2>
					<row3>	0.1433 0.3713 8.1675 1.0000	</row3>
				</transform>
			</node>
			<node>
				<identifier>	SP_YMS010_YHWM_L_1	</identifier>
				<transform>
					<row0>	0.8460 0.0000 0.0000 0.0000	</row0>
					<row1>	0.0000 0.7450 0.0000 0.0000	</row1>
					<row2>	0.0000 0.0000 0.7450 0.0000	</row2>
					<row3>	0.0000 0.0000 8.4760 1.0000	</row3>
				</transform>
			</node>
			<node>
				<identifier>	SP_YMS011_YHWL_M_1	</identifier>
				<transform>
					<row0>	0.9878 0.0304 -0.1529 0.0000	</row0>
					<row1>	-0.0300 0.9995 0.0046 0.0000	</row1>
					<row2>	0.1530 0.0000 0.9882 0.0000	</row2>
					<row3>	-0.2113 0.0000 7.1472 1.0000	</row3>
				</transform>
			</node>
			<node>
				<identifier>	SP_YMS011_YHWL_M_1_INDEX_1	</identifier>
				<transform>
					<row0>	0.9844 0.0625 -0.1642 0.0000	</row0>
					<row1>	-0.0617 0.9980 0.0096 0.0000	</row1>
					<row2>	0.1645 0.0007 0.9864 0.0000	</row2>
					<row3>	-0.3471 0.0000 6.3066 1.0000	</row3>
				</transform>
			</node>
			<node>
				<identifier>	SP_YMS011_YHWL_M_1_INDEX_2	</identifier>
				<transform>
					<row0>	0.9771 0.1108 -0.1819 0.0000	</row0>
					<row1>	-0.1093 0.9938 0.0184 0.0000	</row1>
					<row2>	0.1828 0.0019 0.9831 0.0000	</row2>
					<row3>	-0.4910 0.0000 5.4690 1.0000	</row3>
				</transform>
			</node>
			<node>
				<identifier>	SP_YMS011_YHWL_M_1_INDEX_3	</identifier>
				<transform>
					<row0>	0.9775 0.1108 -0.1793 0.0000	</row0>
					<row1>	-0.1093 0.9938 0.0184 0.0000	</row1>
					<row2>	0.1803 0.0016 0.9836 0.0000	</row2>
					<row3>	-0.6431 0.0000 4.6319 1.0000	</row3>
				</transform>
			</node>
			<node>
				<identifier>	SP_YMS011_YHWL_M_1_INDEX_4	</identifier>
				<transform>
					<row0>	0.9787 0.1108 -0.1730 0.0000	</row0>
					<row1>	-0.1093 0.9938 0.0184 0.0000	</row1>
					<row2>	0.1740 0.0009 0.9848 0.0000	</row2>
					<row3>	-0.7918 -0.0015 3.7947 1.0000	</row3>
				</transform>
			</node>
			<node>
				<identifier>	SP_YMS012_YHWR_M_1	</identifier>
				<transform>
					<row0>	0.9878 -0.0304 0.1529 0.0000	</row0>
					<row1>	0.0300 0.9995 0.0046 0.0000	</row1>
					<row2>	-0.1530 0.0000 0.9882 0.0000	</row2>
					<row3>	0.2113 0.0000 7.1472 1.0000	</row3>
				</transform>
			</node>
			<node>
				<identifier>	SP_YMS012_YHWR_M_1_INDEX_1	</identifier>
				<transform>
					<row0>	0.9844 -0.0625 0.1642 0.0000	</row0>
					<row1>	0.0617 0.9980 0.0096 0.0000	</row1>
					<row2>	-0.1645 0.0007 0.9864 0.0000	</row2>
					<row3>	0.3471 0.0000 6.3066 1.0000	</row3>
				</transform>
			</node>
			<node>
				<identifier>	SP_YMS012_YHWR_M_1_INDEX_2	</identifier>
				<transform>
					<row0>	0.9771 -0.1108 0.1819 0.0000	</row0>
					<row1>	0.1093 0.9938 0.0184 0.0000	</row1>
					<row2>	-0.1828 0.0019 0.9831 0.0000	</row2>
					<row3>	0.4910 0.0000 5.4690 1.0000	</row3>
				</transform>
			</node>
			<node>
				<identifier>	SP_YMS012_YHWR_M_1_INDEX_3	</identifier>
				<transform>
					<row0>	0.9775 -0.1108 0.1793 0.0000	</row0>
					<row1>	0.1093 0.9938 0.0184 0.0000	</row1>
					<row2>	-0.1803 0.0016 0.9836 0.0000	</row2>
					<row3>	0.6431 0.0000 4.6319 1.0000	</row3>
				</transform>
			</node>
			<node>
				<identifier>	SP_YMS012_YHWR_M_1_INDEX_4	</identifier>
				<transform>
					<row0>	0.9787 -0.1108 0.1730 0.0000	</row0>
					<row1>	0.1093 0.9938 0.0184 0.0000	</row1>
					<row2>	-0.1740 0.0009 0.9848 0.0000	</row2>
					<row3>	0.7918 -0.0015 3.7947 1.0000	</row3>
				</transform>
			</node>
			<node>
				<identifier>	SP_YMS020_YHBU_M_1	</identifier>
				<transform>
					<row0>	1.2500 0.0000 0.0000 0.0000	</row0>
					<row1>	0.0000 1.2500 0.0000 0.0000	</row1>
					<row2>	0.0000 0.0000 1.2500 0.0000	</row2>
					<row3>	0.0000 -0.1967 8.3225 1.0000	</row3>
				</transform>
			</node>
			<node>
				<identifier>	SP_YMS051_YHDL_L_1	</identifier>
				<transform>
					<row0>	1.4888 0.0000 -0.1828 0.0000	</row0>
					<row1>	-0.0034 1.4997 -0.0276 0.0000	</row1>
					<row2>	0.1828 0.0278 1.4886 0.0000	</row2>
					<row3>	-0.7509 0.3793 4.6731 1.0000	</row3>
				</transform>
			</node>
			<node>
				<identifier>	SP_YMS052_YHDR_L_1	</identifier>
				<transform>
					<row0>	1.4888 0.0000 0.1828 0.0000	</row0>
					<row1>	0.0034 1.4997 -0.0276 0.0000	</row1>
					<row2>	-0.1828 0.0278 1.4886 0.0000	</row2>
					<row3>	0.7509 0.3793 4.6731 1.0000	</row3>
				</transform>
			</node>
			<node>
				<identifier>	SP_YMS053_YHDC_S_1	</identifier>
				<transform>
					<row0>	1.0000 0.0000 0.0000 0.0000	</row0>
					<row1>	0.0000 0.9993 -0.0371 0.0000	</row1>
					<row2>	0.0000 0.0371 0.9993 0.0000	</row2>
					<row3>	-0.3336 0.4122 5.6184 1.0000	</row3>
				</transform>
			</node>
			<node>
				<identifier>	SP_YMS053_YHDC_S_1_INDEX_1	</identifier>
				<transform>
					<row0>	1.0000 0.0000 0.0000 0.0000	</row0>
					<row1>	0.0000 0.9993 -0.0371 0.0000	</row1>
					<row2>	0.0000 0.0371 0.9993 0.0000	</row2>
					<row3>	0.3336 0.4122 5.6184 1.0000	</row3>
				</transform>
			</node>
			<node>
				<identifier>	SP_YMS080_YHSL_M_1	</identifier>
				<transform>
					<row0>	0.9336 0.3227 -0.1560 0.0000	</row0>
					<row1>	-0.3179 0.9465 0.0555 0.0000	</row1>
					<row2>	0.1656 -0.0023 0.9862 0.0000	</row2>
					<row3>	-0.4671 0.1950 5.5693 1.0000	</row3>
				</transform>
			</node>
			<node>
				<identifier>	SP_YMS081_YHSR_M_1_INDEX_1	</identifier>
				<transform>
					<row0>	0.9336 -0.3227 0.1560 0.0000	</row0>
					<row1>	0.3179 0.9465 0.0555 0.0000	</row1>
					<row2>	-0.1656 -0.0023 0.9862 0.0000	</row2>
					<row3>	0.4671 0.1950 5.5693 1.0000	</row3>
				</transform>
			</node>
		</node>
	</node>
	<boundingBox>
		<min>	-0.0667 -0.0667 -0.0667	</min>
		<max>	0.0667 0.0667 0.0667	</max>
	</boundingBox>
</ASB023_Georgia_1945_Bow_ports.visual>
