<GSC016_Roon_1945_Stern_ports.visual>
	<node>
		<identifier>	Scene Root	</identifier>
		<transform>
			<row0>	1.0000 0.0000 0.0000 0.0000	</row0>
			<row1>	0.0000 1.0000 0.0000 0.0000	</row1>
			<row2>	0.0000 0.0000 1.0000 0.0000	</row2>
			<row3>	0.0000 0.0000 0.0000 1.0000	</row3>
		</transform>
		<node>
			<identifier>	Stern_ports	</identifier>
			<transform>
				<row0>	1.0000 0.0000 0.0000 0.0000	</row0>
				<row1>	0.0000 1.0000 0.0000 0.0000	</row1>
				<row2>	0.0000 0.0000 1.0000 0.0000	</row2>
				<row3>	0.0000 0.0000 0.0000 1.0000	</row3>
			</transform>
			<node>
				<identifier>	HP_FX_Death_3	</identifier>
				<transform>
					<row0>	1.0000 0.0000 0.0000 0.0000	</row0>
					<row1>	0.0000 1.0000 0.0000 0.0000	</row1>
					<row2>	0.0000 0.0000 1.0000 0.0000	</row2>
					<row3>	0.0000 0.0000 -5.1558 1.0000	</row3>
				</transform>
			</node>
			<node>
				<identifier>	HP_FX_Fire_4	</identifier>
				<transform>
					<row0>	1.0000 0.0000 0.0000 0.0000	</row0>
					<row1>	0.0000 1.0000 0.0000 0.0000	</row1>
					<row2>	0.0000 0.0000 1.0000 0.0000	</row2>
					<row3>	0.0000 0.3659 -5.4890 1.0000	</row3>
				</transform>
			</node>
			<node>
				<identifier>	HP_FX_RepairLight_right_1	</identifier>
				<transform>
					<row0>	-0.0926 0.0000 -0.9957 0.0000	</row0>
					<row1>	0.0000 1.0000 0.0000 0.0000	</row1>
					<row2>	0.9957 0.0000 -0.0926 0.0000	</row2>
					<row3>	0.6092 0.3750 -4.8220 1.0000	</row3>
				</transform>
			</node>
			<node>
				<identifier>	HP_FX_WakeTraceBack	</identifier>
				<transform>
					<row0>	1.0000 0.0000 0.0000 0.0000	</row0>
					<row1>	0.0000 1.0000 0.0000 0.0000	</row1>
					<row2>	0.0000 0.0000 1.0000 0.0000	</row2>
					<row3>	0.0000 0.0000 -7.1965 1.0000	</row3>
				</transform>
			</node>
			<node>
				<identifier>	HP_FX_WakeTrace_screw_1	</identifier>
				<transform>
					<row0>	1.0000 0.0000 0.0000 0.0000	</row0>
					<row1>	0.0000 1.0000 0.0000 0.0000	</row1>
					<row2>	0.0000 0.0000 1.0000 0.0000	</row2>
					<row3>	-0.4137 -0.3616 -5.7566 1.0000	</row3>
				</transform>
			</node>
			<node>
				<identifier>	HP_FX_WakeTrace_screw_2	</identifier>
				<transform>
					<row0>	1.0000 0.0000 0.0000 0.0000	</row0>
					<row1>	0.0000 1.0000 0.0000 0.0000	</row1>
					<row2>	0.0000 0.0000 1.0000 0.0000	</row2>
					<row3>	0.0000 -0.4321 -5.9160 1.0000	</row3>
				</transform>
			</node>
			<node>
				<identifier>	HP_FX_WakeTrace_screw_3	</identifier>
				<transform>
					<row0>	1.0000 0.0000 0.0000 0.0000	</row0>
					<row1>	0.0000 1.0000 0.0000 0.0000	</row1>
					<row2>	0.0000 0.0000 1.0000 0.0000	</row2>
					<row3>	0.4137 -0.3616 -5.7566 1.0000	</row3>
				</transform>
			</node>
			<node>
				<identifier>	HP_GGA_24	</identifier>
				<transform>
					<row0>	-0.7071 0.0000 0.7071 0.0000	</row0>
					<row1>	0.0000 1.0000 0.0000 0.0000	</row1>
					<row2>	-0.7071 0.0000 -0.7071 0.0000	</row2>
					<row3>	-0.3611 0.3767 -5.3304 1.0000	</row3>
				</transform>
			</node>
			<node>
				<identifier>	HP_GGA_25	</identifier>
				<transform>
					<row0>	-0.7071 0.0000 -0.7071 0.0000	</row0>
					<row1>	0.0000 1.0000 0.0000 0.0000	</row1>
					<row2>	0.7071 0.0000 -0.7071 0.0000	</row2>
					<row3>	0.3611 0.3767 -5.3304 1.0000	</row3>
				</transform>
			</node>
			<node>
				<identifier>	HP_GGA_26	</identifier>
				<transform>
					<row0>	-1.0000 0.0000 0.0000 0.0000	</row0>
					<row1>	0.0000 1.0000 0.0000 0.0000	</row1>
					<row2>	0.0000 0.0000 -1.0000 0.0000	</row2>
					<row3>	-0.2377 0.3766 -6.3123 1.0000	</row3>
				</transform>
			</node>
			<node>
				<identifier>	HP_GGA_27	</identifier>
				<transform>
					<row0>	-1.0000 0.0000 0.0000 0.0000	</row0>
					<row1>	0.0000 1.0000 0.0000 0.0000	</row1>
					<row2>	0.0000 0.0000 -1.0000 0.0000	</row2>
					<row3>	0.2377 0.3766 -6.3123 1.0000	</row3>
				</transform>
			</node>
			<node>
				<identifier>	HP_GGB_1	</identifier>
				<transform>
					<row0>	-0.1219 0.0000 0.9925 0.0000	</row0>
					<row1>	0.0000 1.0000 0.0000 0.0000	</row1>
					<row2>	-0.9925 0.0000 -0.1219 0.0000	</row2>
					<row3>	-0.4186 0.3754 -5.7850 1.0000	</row3>
				</transform>
			</node>
			<node>
				<identifier>	HP_GGB_2	</identifier>
				<transform>
					<row0>	-0.1219 0.0000 -0.9925 0.0000	</row0>
					<row1>	0.0000 1.0000 0.0000 0.0000	</row1>
					<row2>	0.9925 0.0000 -0.1219 0.0000	</row2>
					<row3>	0.4186 0.3754 -5.7850 1.0000	</row3>
				</transform>
			</node>
			<node>
				<identifier>	HP_GGB_3	</identifier>
				<transform>
					<row0>	-0.2756 0.0000 0.9613 0.0000	</row0>
					<row1>	0.0000 1.0000 0.0000 0.0000	</row1>
					<row2>	-0.9613 0.0000 -0.2756 0.0000	</row2>
					<row3>	-0.2990 0.3763 -6.9035 1.0000	</row3>
				</transform>
			</node>
			<node>
				<identifier>	HP_GGB_4	</identifier>
				<transform>
					<row0>	-0.2756 0.0000 -0.9613 0.0000	</row0>
					<row1>	0.0000 1.0000 0.0000 0.0000	</row1>
					<row2>	0.9613 0.0000 -0.2756 0.0000	</row2>
					<row3>	0.2990 0.3763 -6.9035 1.0000	</row3>
				</transform>
			</node>
			<node>
				<identifier>	HP_GGM_3	</identifier>
				<transform>
					<row0>	-1.0000 0.0000 0.0000 0.0000	</row0>
					<row1>	0.0000 1.0000 0.0000 0.0000	</row1>
					<row2>	0.0000 0.0000 -1.0000 0.0000	</row2>
					<row3>	0.0000 0.4520 -4.3490 1.0000	</row3>
				</transform>
			</node>
			<node>
				<identifier>	HP_Ship_death_3	</identifier>
				<transform>
					<row0>	1.0000 0.0000 0.0000 0.0000	</row0>
					<row1>	0.0000 1.0000 0.0000 0.0000	</row1>
					<row2>	0.0000 0.0000 1.0000 0.0000	</row2>
					<row3>	0.0000 0.0000 -4.0384 1.0000	</row3>
				</transform>
			</node>
			<node>
				<identifier>	MP_CM094_Propeller3_L	</identifier>
				<transform>
					<row0>	1.0000 0.0000 0.0000 0.0000	</row0>
					<row1>	0.0000 1.0000 0.0000 0.0000	</row1>
					<row2>	0.0000 0.0000 1.0000 0.0000	</row2>
					<row3>	-0.4137 -0.3616 -5.7566 1.0000	</row3>
				</transform>
			</node>
			<node>
				<identifier>	MP_CM094_Propeller3_L_INDEX_1	</identifier>
				<transform>
					<row0>	1.0000 0.0000 0.0000 0.0000	</row0>
					<row1>	0.0000 1.0000 0.0000 0.0000	</row1>
					<row2>	0.0000 0.0000 1.0000 0.0000	</row2>
					<row3>	0.0000 -0.4321 -5.9160 1.0000	</row3>
				</transform>
			</node>
			<node>
				<identifier>	MP_CM095_Propeller3_R	</identifier>
				<transform>
					<row0>	1.0000 0.0000 0.0000 0.0000	</row0>
					<row1>	0.0000 1.0000 0.0000 0.0000	</row1>
					<row2>	0.0000 0.0000 1.0000 0.0000	</row2>
					<row3>	0.4137 -0.3616 -5.7566 1.0000	</row3>
				</transform>
			</node>
			<node>
				<identifier>	MP_GM003_Reels_1	</identifier>
				<transform>
					<row0>	1.0000 0.0000 0.0000 0.0000	</row0>
					<row1>	0.0000 1.0000 0.0000 0.0000	</row1>
					<row2>	0.0000 0.0000 1.0000 0.0000	</row2>
					<row3>	0.1210 0.3774 -4.9026 1.0000	</row3>
				</transform>
			</node>
			<node>
				<identifier>	MP_GM003_Reels_1_INDEX_1	</identifier>
				<transform>
					<row0>	1.0000 0.0000 0.0000 0.0000	</row0>
					<row1>	0.0000 1.0000 0.0000 0.0000	</row1>
					<row2>	0.0000 0.0000 1.0000 0.0000	</row2>
					<row3>	-0.1210 0.3774 -4.9026 1.0000	</row3>
				</transform>
			</node>
			<node>
				<identifier>	MP_GM073_Depth_Charge_Stowage	</identifier>
				<transform>
					<row0>	-0.1219 0.0000 -0.9925 0.0000	</row0>
					<row1>	0.0000 1.0000 0.0000 0.0000	</row1>
					<row2>	0.9925 0.0000 -0.1219 0.0000	</row2>
					<row3>	0.4702 0.3754 -5.8524 1.0000	</row3>
				</transform>
			</node>
			<node>
				<identifier>	MP_GM073_Depth_Charge_Stowage_INDEX_1	</identifier>
				<transform>
					<row0>	-0.1219 0.0000 -0.9925 0.0000	</row0>
					<row1>	0.0000 1.0000 0.0000 0.0000	</row1>
					<row2>	0.9925 0.0000 -0.1219 0.0000	</row2>
					<row3>	0.4849 0.3754 -5.7320 1.0000	</row3>
				</transform>
			</node>
			<node>
				<identifier>	MP_GM073_Depth_Charge_Stowage_INDEX_2	</identifier>
				<transform>
					<row0>	-0.1219 0.0000 0.9925 0.0000	</row0>
					<row1>	0.0000 1.0000 0.0000 0.0000	</row1>
					<row2>	-0.9925 0.0000 -0.1219 0.0000	</row2>
					<row3>	-0.4702 0.3754 -5.8524 1.0000	</row3>
				</transform>
			</node>
			<node>
				<identifier>	MP_GM073_Depth_Charge_Stowage_INDEX_3	</identifier>
				<transform>
					<row0>	-0.1219 0.0000 0.9925 0.0000	</row0>
					<row1>	0.0000 1.0000 0.0000 0.0000	</row1>
					<row2>	-0.9925 0.0000 -0.1219 0.0000	</row2>
					<row3>	-0.4849 0.3754 -5.7320 1.0000	</row3>
				</transform>
			</node>
			<node>
				<identifier>	MP_GM700_AmmoBox	</identifier>
				<transform>
					<row0>	0.1303 0.0000 -0.9915 0.0000	</row0>
					<row1>	0.0000 1.0000 0.0000 0.0000	</row1>
					<row2>	0.9915 0.0000 0.1303 0.0000	</row2>
					<row3>	-0.3100 0.3732 -4.3905 1.0000	</row3>
				</transform>
			</node>
			<node>
				<identifier>	MP_GM700_AmmoBox_INDEX_1	</identifier>
				<transform>
					<row0>	-0.5000 0.0000 0.8660 0.0000	</row0>
					<row1>	0.0000 1.0000 0.0000 0.0000	</row1>
					<row2>	-0.8660 0.0000 -0.5000 0.0000	</row2>
					<row3>	0.2717 0.3732 -4.1912 1.0000	</row3>
				</transform>
			</node>
			<node>
				<identifier>	MP_GM700_AmmoBox_INDEX_10	</identifier>
				<transform>
					<row0>	-0.6780 0.0000 0.7350 0.0000	</row0>
					<row1>	0.0000 1.0000 0.0000 0.0000	</row1>
					<row2>	-0.7350 0.0000 -0.6780 0.0000	</row2>
					<row3>	0.2252 0.3732 -4.1274 1.0000	</row3>
				</transform>
			</node>
			<node>
				<identifier>	MP_GM700_AmmoBox_INDEX_11	</identifier>
				<transform>
					<row0>	0.7828 0.0000 0.6222 0.0000	</row0>
					<row1>	0.0000 1.0000 0.0000 0.0000	</row1>
					<row2>	-0.6222 0.0000 0.7828 0.0000	</row2>
					<row3>	0.1876 0.3732 -4.5987 1.0000	</row3>
				</transform>
			</node>
			<node>
				<identifier>	MP_GM700_AmmoBox_INDEX_2	</identifier>
				<transform>
					<row0>	0.3857 0.0000 -0.9226 0.0000	</row0>
					<row1>	0.0000 1.0000 0.0000 0.0000	</row1>
					<row2>	0.9226 0.0000 0.3857 0.0000	</row2>
					<row3>	-0.2877 0.3732 -4.4725 1.0000	</row3>
				</transform>
			</node>
			<node>
				<identifier>	MP_GM700_AmmoBox_INDEX_3	</identifier>
				<transform>
					<row0>	0.3857 0.0000 0.9226 0.0000	</row0>
					<row1>	0.0000 1.0000 0.0000 0.0000	</row1>
					<row2>	-0.9226 0.0000 0.3857 0.0000	</row2>
					<row3>	0.2877 0.3732 -4.4725 1.0000	</row3>
				</transform>
			</node>
			<node>
				<identifier>	MP_GM700_AmmoBox_INDEX_4	</identifier>
				<transform>
					<row0>	0.1303 0.0000 0.9915 0.0000	</row0>
					<row1>	0.0000 1.0000 0.0000 0.0000	</row1>
					<row2>	-0.9915 0.0000 0.1303 0.0000	</row2>
					<row3>	0.3100 0.3732 -4.3905 1.0000	</row3>
				</transform>
			</node>
			<node>
				<identifier>	MP_GM700_AmmoBox_INDEX_5	</identifier>
				<transform>
					<row0>	0.9226 0.0000 -0.3858 0.0000	</row0>
					<row1>	0.0000 1.0000 0.0000 0.0000	</row1>
					<row2>	0.3858 0.0000 0.9226 0.0000	</row2>
					<row3>	-0.1196 0.3732 -4.6375 1.0000	</row3>
				</transform>
			</node>
			<node>
				<identifier>	MP_GM700_AmmoBox_INDEX_6	</identifier>
				<transform>
					<row0>	0.7828 0.0000 -0.6222 0.0000	</row0>
					<row1>	0.0000 1.0000 0.0000 0.0000	</row1>
					<row2>	0.6222 0.0000 0.7828 0.0000	</row2>
					<row3>	-0.1876 0.3732 -4.5987 1.0000	</row3>
				</transform>
			</node>
			<node>
				<identifier>	MP_GM700_AmmoBox_INDEX_7	</identifier>
				<transform>
					<row0>	-0.5000 0.0000 -0.8660 0.0000	</row0>
					<row1>	0.0000 1.0000 0.0000 0.0000	</row1>
					<row2>	0.8660 0.0000 -0.5000 0.0000	</row2>
					<row3>	-0.2717 0.3732 -4.1912 1.0000	</row3>
				</transform>
			</node>
			<node>
				<identifier>	MP_GM700_AmmoBox_INDEX_8	</identifier>
				<transform>
					<row0>	-0.6780 0.0000 -0.7350 0.0000	</row0>
					<row1>	0.0000 1.0000 0.0000 0.0000	</row1>
					<row2>	0.7350 0.0000 -0.6780 0.0000	</row2>
					<row3>	-0.2252 0.3732 -4.1274 1.0000	</row3>
				</transform>
			</node>
			<node>
				<identifier>	MP_GM700_AmmoBox_INDEX_9	</identifier>
				<transform>
					<row0>	0.9226 0.0000 0.3858 0.0000	</row0>
					<row1>	0.0000 1.0000 0.0000 0.0000	</row1>
					<row2>	-0.3858 0.0000 0.9226 0.0000	</row2>
					<row3>	0.1196 0.3732 -4.6375 1.0000	</row3>
				</transform>
			</node>
			<node>
				<identifier>	MP_GM856_Mastheadlight	</identifier>
				<transform>
					<row0>	-1.0000 0.0000 0.0000 0.0000	</row0>
					<row1>	0.0000 1.0000 0.0000 0.0000	</row1>
					<row2>	0.0000 0.0000 -1.0000 0.0000	</row2>
					<row3>	0.0000 0.4387 -7.3684 1.0000	</row3>
				</transform>
			</node>
			<node>
				<identifier>	SP_YMS011_YHWL_M_1_INDEX_12	</identifier>
				<transform>
					<row0>	0.9951 0.0901 0.0406 0.0000	</row0>
					<row1>	-0.0899 0.9959 -0.0066 0.0000	</row1>
					<row2>	-0.0410 0.0029 0.9992 0.0000	</row2>
					<row3>	-0.5785 0.0000 -4.1425 1.0000	</row3>
				</transform>
			</node>
			<node>
				<identifier>	SP_YMS011_YHWL_M_1_INDEX_13	</identifier>
				<transform>
					<row0>	0.9881 0.1410 0.0608 0.0000	</row0>
					<row1>	-0.1401 0.9900 -0.0185 0.0000	</row1>
					<row2>	-0.0628 0.0098 0.9980 0.0000	</row2>
					<row3>	-0.5037 0.0000 -4.9589 1.0000	</row3>
				</transform>
			</node>
			<node>
				<identifier>	SP_YMS011_YHWL_M_1_INDEX_14	</identifier>
				<transform>
					<row0>	0.9555 0.2638 0.1318 0.0000	</row0>
					<row1>	-0.2592 0.9645 -0.0507 0.0000	</row1>
					<row2>	-0.1405 0.0142 0.9900 0.0000	</row2>
					<row3>	-0.3911 0.0000 -5.7766 1.0000	</row3>
				</transform>
			</node>
			<node>
				<identifier>	SP_YMS011_YHWL_M_1_INDEX_15	</identifier>
				<transform>
					<row0>	0.8875 0.3977 0.2330 0.0000	</row0>
					<row1>	-0.3890 0.9174 -0.0840 0.0000	</row1>
					<row2>	-0.2471 -0.0161 0.9689 0.0000	</row2>
					<row3>	-0.2352 0.0000 -6.5981 1.0000	</row3>
				</transform>
			</node>
			<node>
				<identifier>	SP_YMS012_YHWR_M_1_INDEX_12	</identifier>
				<transform>
					<row0>	0.9951 -0.0901 -0.0406 0.0000	</row0>
					<row1>	0.0899 0.9959 -0.0066 0.0000	</row1>
					<row2>	0.0410 0.0029 0.9992 0.0000	</row2>
					<row3>	0.5785 0.0000 -4.1425 1.0000	</row3>
				</transform>
			</node>
			<node>
				<identifier>	SP_YMS012_YHWR_M_1_INDEX_13	</identifier>
				<transform>
					<row0>	0.9881 -0.1410 -0.0608 0.0000	</row0>
					<row1>	0.1401 0.9900 -0.0185 0.0000	</row1>
					<row2>	0.0628 0.0098 0.9980 0.0000	</row2>
					<row3>	0.5037 0.0000 -4.9589 1.0000	</row3>
				</transform>
			</node>
			<node>
				<identifier>	SP_YMS012_YHWR_M_1_INDEX_14	</identifier>
				<transform>
					<row0>	0.9555 -0.2638 -0.1318 0.0000	</row0>
					<row1>	0.2592 0.9645 -0.0507 0.0000	</row1>
					<row2>	0.1405 0.0142 0.9900 0.0000	</row2>
					<row3>	0.3911 0.0000 -5.7766 1.0000	</row3>
				</transform>
			</node>
			<node>
				<identifier>	SP_YMS012_YHWR_M_1_INDEX_15	</identifier>
				<transform>
					<row0>	0.8875 -0.3977 -0.2330 0.0000	</row0>
					<row1>	0.3890 0.9174 -0.0840 0.0000	</row1>
					<row2>	0.2471 -0.0161 0.9689 0.0000	</row2>
					<row3>	0.2352 0.0000 -6.5981 1.0000	</row3>
				</transform>
			</node>
			<node>
				<identifier>	SP_YMS023_YHUC_L_1	</identifier>
				<transform>
					<row0>	0.5985 0.0000 -0.0138 0.0000	</row0>
					<row1>	-0.0003 0.5985 -0.0136 0.0000	</row1>
					<row2>	0.0138 0.0137 0.5983 0.0000	</row2>
					<row3>	-0.4137 -0.3616 -5.7566 1.0000	</row3>
				</transform>
			</node>
			<node>
				<identifier>	SP_YMS023_YHUC_L_1_INDEX_1	</identifier>
				<transform>
					<row0>	0.5985 0.0000 0.0138 0.0000	</row0>
					<row1>	0.0003 0.5985 -0.0136 0.0000	</row1>
					<row2>	-0.0138 0.0137 0.5983 0.0000	</row2>
					<row3>	0.4137 -0.3616 -5.7566 1.0000	</row3>
				</transform>
			</node>
			<node>
				<identifier>	SP_YMS023_YHUC_L_1_INDEX_2	</identifier>
				<transform>
					<row0>	0.5987 0.0000 0.0000 0.0000	</row0>
					<row1>	0.0000 0.5987 0.0000 0.0000	</row1>
					<row2>	0.0000 0.0000 0.5987 0.0000	</row2>
					<row3>	0.0000 -0.4321 -5.9160 1.0000	</row3>
				</transform>
			</node>
			<node>
				<identifier>	SP_YMS030_YHAM_M_1	</identifier>
				<transform>
					<row0>	0.5620 0.0000 0.0000 0.0000	</row0>
					<row1>	0.0000 0.5620 0.0000 0.0000	</row1>
					<row2>	0.0000 0.0000 0.5620 0.0000	</row2>
					<row3>	0.0000 0.2451 -7.3512 1.0000	</row3>
				</transform>
			</node>
			<node>
				<identifier>	SP_YMS031_YHAL_M_1	</identifier>
				<transform>
					<row0>	0.8901 0.3894 0.2371 0.0000	</row0>
					<row1>	-0.3650 0.9203 -0.1409 0.0000	</row1>
					<row2>	-0.2730 0.0389 0.9612 0.0000	</row2>
					<row3>	-0.2644 0.2142 -6.9307 1.0000	</row3>
				</transform>
			</node>
			<node>
				<identifier>	SP_YMS032_YHAR_M_1	</identifier>
				<transform>
					<row0>	0.8901 -0.3894 -0.2371 0.0000	</row0>
					<row1>	0.3650 0.9203 -0.1409 0.0000	</row1>
					<row2>	0.2730 0.0389 0.9612 0.0000	</row2>
					<row3>	0.2644 0.2142 -6.9307 1.0000	</row3>
				</transform>
			</node>
			<node>
				<identifier>	SP_YMS053_YHDC_S_1_INDEX_10	</identifier>
				<transform>
					<row0>	1.0000 0.0000 0.0000 0.0000	</row0>
					<row1>	0.0000 1.0000 0.0000 0.0000	</row1>
					<row2>	0.0000 0.0000 1.0000 0.0000	</row2>
					<row3>	0.3113 0.3761 -5.5628 1.0000	</row3>
				</transform>
			</node>
			<node>
				<identifier>	SP_YMS053_YHDC_S_1_INDEX_11	</identifier>
				<transform>
					<row0>	1.0000 0.0000 0.0000 0.0000	</row0>
					<row1>	0.0000 1.0000 0.0000 0.0000	</row1>
					<row2>	0.0000 0.0000 1.0000 0.0000	</row2>
					<row3>	0.0000 0.3761 -6.4744 1.0000	</row3>
				</transform>
			</node>
			<node>
				<identifier>	SP_YMS053_YHDC_S_1_INDEX_9	</identifier>
				<transform>
					<row0>	1.0000 0.0000 0.0000 0.0000	</row0>
					<row1>	0.0000 1.0000 0.0000 0.0000	</row1>
					<row2>	0.0000 0.0000 1.0000 0.0000	</row2>
					<row3>	-0.3113 0.3761 -5.5628 1.0000	</row3>
				</transform>
			</node>
			<node>
				<identifier>	SP_YMS072_YHHC_M_1_INDEX_18	</identifier>
				<transform>
					<row0>	0.0743 0.0076 -0.9972 0.0000	</row0>
					<row1>	-0.3310 0.9435 -0.0174 0.0000	</row1>
					<row2>	0.9407 0.3314 0.0726 0.0000	</row2>
					<row3>	-0.5431 0.2048 -4.9401 1.0000	</row3>
				</transform>
			</node>
			<node>
				<identifier>	SP_YMS072_YHHC_M_1_INDEX_19	</identifier>
				<transform>
					<row0>	0.0743 -0.0076 0.9972 0.0000	</row0>
					<row1>	0.3310 0.9435 -0.0174 0.0000	</row1>
					<row2>	-0.9407 0.3314 0.0726 0.0000	</row2>
					<row3>	0.5431 0.2048 -4.9401 1.0000	</row3>
				</transform>
			</node>
			<node>
				<identifier>	SP_YMS072_YHHC_M_1_INDEX_20	</identifier>
				<transform>
					<row0>	0.0848 0.0060 -0.9964 0.0000	</row0>
					<row1>	-0.3239 0.9458 -0.0218 0.0000	</row1>
					<row2>	0.9423 0.3246 0.0821 0.0000	</row2>
					<row3>	-0.4962 0.2070 -5.4347 1.0000	</row3>
				</transform>
			</node>
			<node>
				<identifier>	SP_YMS072_YHHC_M_1_INDEX_21	</identifier>
				<transform>
					<row0>	0.0848 -0.0060 0.9964 0.0000	</row0>
					<row1>	0.3239 0.9458 -0.0218 0.0000	</row1>
					<row2>	-0.9423 0.3246 0.0821 0.0000	</row2>
					<row3>	0.4962 0.2070 -5.4347 1.0000	</row3>
				</transform>
			</node>
			<node>
				<identifier>	SP_YMS080_YHSL_M_1_INDEX_3	</identifier>
				<transform>
					<row0>	0.6730 0.2246 0.0477 0.0000	</row0>
					<row1>	-0.2248 0.6745 -0.0036 0.0000	</row1>
					<row2>	-0.0463 -0.0117 0.7094 0.0000	</row2>
					<row3>	-0.5898 0.2186 -4.2852 1.0000	</row3>
				</transform>
			</node>
			<node>
				<identifier>	SP_YMS080_YHSL_M_1_INDEX_4	</identifier>
				<transform>
					<row0>	0.6598 0.2417 0.1084 0.0000	</row0>
					<row1>	-0.2427 0.6682 -0.0126 0.0000	</row1>
					<row2>	-0.1062 -0.0253 0.7026 0.0000	</row2>
					<row3>	-0.3906 0.2252 -6.1880 1.0000	</row3>
				</transform>
			</node>
			<node>
				<identifier>	SP_YMS081_YHSR_M_1_INDEX_3	</identifier>
				<transform>
					<row0>	0.6730 -0.2246 -0.0477 0.0000	</row0>
					<row1>	0.2248 0.6745 -0.0036 0.0000	</row1>
					<row2>	0.0463 -0.0117 0.7094 0.0000	</row2>
					<row3>	0.5898 0.2186 -4.2852 1.0000	</row3>
				</transform>
			</node>
			<node>
				<identifier>	SP_YMS081_YHSR_M_1_INDEX_4	</identifier>
				<transform>
					<row0>	0.6598 -0.2417 -0.1084 0.0000	</row0>
					<row1>	0.2427 0.6682 -0.0126 0.0000	</row1>
					<row2>	0.1062 -0.0253 0.7026 0.0000	</row2>
					<row3>	0.3906 0.2252 -6.1880 1.0000	</row3>
				</transform>
			</node>
		</node>
	</node>
	<boundingBox>
		<min>	-0.0667 -0.0667 -0.0667	</min>
		<max>	0.0667 0.0667 0.0667	</max>
	</boundingBox>
</GSC016_Roon_1945_Stern_ports.visual>
