<BSD013_Daring_1952_MidFront_ports.visual>
	<node>
		<identifier>	Scene Root	</identifier>
		<transform>
			<row0>	1.0000 0.0000 0.0000 0.0000	</row0>
			<row1>	0.0000 1.0000 0.0000 0.0000	</row1>
			<row2>	0.0000 0.0000 1.0000 0.0000	</row2>
			<row3>	0.0000 0.0000 0.0000 1.0000	</row3>
		</transform>
		<node>
			<identifier>	MidFront_ports	</identifier>
			<transform>
				<row0>	1.0000 0.0000 0.0000 0.0000	</row0>
				<row1>	0.0000 1.0000 0.0000 0.0000	</row1>
				<row2>	0.0000 0.0000 1.0000 0.0000	</row2>
				<row3>	0.0000 0.0000 0.0000 1.0000	</row3>
			</transform>
			<node>
				<identifier>	HP_BD_1	</identifier>
				<transform>
					<row0>	1.0000 0.0000 0.0000 0.0000	</row0>
					<row1>	0.0000 1.0000 0.0000 0.0000	</row1>
					<row2>	0.0000 0.0000 1.0000 0.0000	</row2>
					<row3>	0.0000 0.8195 1.2381 1.0000	</row3>
				</transform>
			</node>
			<node>
				<identifier>	HP_BD_2	</identifier>
				<transform>
					<row0>	0.9999 -0.0013 -0.0145 0.0000	</row0>
					<row1>	0.0012 1.0000 -0.0041 0.0000	</row1>
					<row2>	0.0145 0.0041 0.9999 0.0000	</row2>
					<row3>	0.0000 0.8915 0.8242 1.0000	</row3>
				</transform>
			</node>
			<node>
				<identifier>	HP_BGA_1	</identifier>
				<transform>
					<row0>	0.0000 0.0000 1.0000 0.0000	</row0>
					<row1>	0.0000 1.0000 0.0000 0.0000	</row1>
					<row2>	-1.0000 0.0000 0.0000 0.0000	</row2>
					<row3>	-0.2530 0.5281 0.6254 1.0000	</row3>
				</transform>
			</node>
			<node>
				<identifier>	HP_BGA_2	</identifier>
				<transform>
					<row0>	0.0000 0.0000 -1.0000 0.0000	</row0>
					<row1>	0.0000 1.0000 0.0000 0.0000	</row1>
					<row2>	1.0000 0.0000 0.0000 0.0000	</row2>
					<row3>	0.2530 0.5281 0.6254 1.0000	</row3>
				</transform>
			</node>
			<node>
				<identifier>	HP_BGM_1	</identifier>
				<transform>
					<row0>	1.0000 0.0000 0.0000 0.0000	</row0>
					<row1>	0.0000 1.0000 0.0000 0.0000	</row1>
					<row2>	0.0000 0.0000 1.0000 0.0000	</row2>
					<row3>	0.0000 0.3728 2.6029 1.0000	</row3>
				</transform>
			</node>
			<node>
				<identifier>	HP_BGM_2	</identifier>
				<transform>
					<row0>	1.0000 0.0000 0.0000 0.0000	</row0>
					<row1>	0.0000 1.0000 0.0000 0.0000	</row1>
					<row2>	0.0000 0.0000 1.0000 0.0000	</row2>
					<row3>	0.0000 0.5281 1.9165 1.0000	</row3>
				</transform>
			</node>
			<node>
				<identifier>	HP_BGT_1	</identifier>
				<transform>
					<row0>	-1.0000 0.0000 0.0000 0.0000	</row0>
					<row1>	0.0000 1.0000 0.0000 0.0000	</row1>
					<row2>	0.0000 0.0000 -1.0000 0.0000	</row2>
					<row3>	0.0000 0.1996 -0.2104 1.0000	</row3>
				</transform>
			</node>
			<node>
				<identifier>	HP_BRS_1	</identifier>
				<transform>
					<row0>	1.0000 0.0000 0.0000 0.0000	</row0>
					<row1>	0.0000 1.0000 0.0000 0.0000	</row1>
					<row2>	0.0000 0.0000 1.0000 0.0000	</row2>
					<row3>	0.0000 1.1691 0.3898 1.0000	</row3>
				</transform>
			</node>
			<node>
				<identifier>	HP_BRS_2	</identifier>
				<transform>
					<row0>	1.0000 0.0000 0.0000 0.0000	</row0>
					<row1>	0.0000 1.0000 0.0000 0.0000	</row1>
					<row2>	0.0000 0.0000 1.0000 0.0000	</row2>
					<row3>	0.0000 1.3691 0.3814 1.0000	</row3>
				</transform>
			</node>
			<node>
				<identifier>	HP_FX_Death_2	</identifier>
				<transform>
					<row0>	1.0000 0.0000 0.0000 0.0000	</row0>
					<row1>	0.0000 1.0000 0.0000 0.0000	</row1>
					<row2>	0.0000 0.0000 1.0000 0.0000	</row2>
					<row3>	0.0000 0.0000 -0.5562 1.0000	</row3>
				</transform>
			</node>
			<node>
				<identifier>	HP_FX_Fire_2	</identifier>
				<transform>
					<row0>	1.0000 0.0000 0.0000 0.0000	</row0>
					<row1>	0.0000 1.0000 0.0000 0.0000	</row1>
					<row2>	0.0000 0.0000 1.0000 0.0000	</row2>
					<row3>	0.0000 0.8410 1.2138 1.0000	</row3>
				</transform>
			</node>
			<node>
				<identifier>	HP_FX_Fire_2_side_1	</identifier>
				<transform>
					<row0>	1.0000 0.0000 0.0000 0.0000	</row0>
					<row1>	0.0000 1.0000 0.0000 0.0000	</row1>
					<row2>	0.0000 0.0000 1.0000 0.0000	</row2>
					<row3>	-0.3589 0.5449 1.2491 1.0000	</row3>
				</transform>
			</node>
			<node>
				<identifier>	HP_FX_Fire_2_side_2	</identifier>
				<transform>
					<row0>	1.0000 0.0000 0.0000 0.0000	</row0>
					<row1>	0.0000 1.0000 0.0000 0.0000	</row1>
					<row2>	0.0000 0.0000 1.0000 0.0000	</row2>
					<row3>	0.2459 0.4612 0.3069 1.0000	</row3>
				</transform>
			</node>
			<node>
				<identifier>	HP_FX_FloodLight_left_2	</identifier>
				<transform>
					<row0>	-1.0000 0.0000 0.0000 0.0000	</row0>
					<row1>	0.0000 1.0000 0.0000 0.0000	</row1>
					<row2>	0.0000 0.0000 -1.0000 0.0000	</row2>
					<row3>	-0.2070 0.5970 1.0900 1.0000	</row3>
				</transform>
			</node>
			<node>
				<identifier>	HP_FX_FloodLight_right_2	</identifier>
				<transform>
					<row0>	1.0000 0.0000 0.0000 0.0000	</row0>
					<row1>	0.0000 1.0000 0.0000 0.0000	</row1>
					<row2>	0.0000 0.0000 1.0000 0.0000	</row2>
					<row3>	0.2070 0.5670 1.0710 1.0000	</row3>
				</transform>
			</node>
			<node>
				<identifier>	HP_FX_Flood_steam_exhaust_2	</identifier>
				<transform>
					<row0>	0.9628 -0.2701 0.0000 0.0000	</row0>
					<row1>	0.2701 0.9628 0.0000 0.0000	</row1>
					<row2>	0.0000 0.0000 1.0000 0.0000	</row2>
					<row3>	0.0609 0.8118 0.2617 1.0000	</row3>
				</transform>
			</node>
			<node>
				<identifier>	HP_FX_Flood_steam_left	</identifier>
				<transform>
					<row0>	-1.0000 0.0000 0.0000 0.0000	</row0>
					<row1>	0.0000 1.0000 0.0000 0.0000	</row1>
					<row2>	0.0000 0.0000 -1.0000 0.0000	</row2>
					<row3>	-0.4102 0.3066 1.8704 1.0000	</row3>
				</transform>
			</node>
			<node>
				<identifier>	HP_FX_Flood_water_left_2	</identifier>
				<transform>
					<row0>	-1.0000 0.0000 0.0000 0.0000	</row0>
					<row1>	0.0000 1.0000 0.0000 0.0000	</row1>
					<row2>	0.0000 0.0000 -1.0000 0.0000	</row2>
					<row3>	-0.4269 0.0574 0.6886 1.0000	</row3>
				</transform>
			</node>
			<node>
				<identifier>	HP_FX_Flood_water_right_2	</identifier>
				<transform>
					<row0>	1.0000 0.0000 0.0000 0.0000	</row0>
					<row1>	0.0000 1.0000 0.0000 0.0000	</row1>
					<row2>	0.0000 0.0000 1.0000 0.0000	</row2>
					<row3>	0.4271 0.0576 0.6802 1.0000	</row3>
				</transform>
			</node>
			<node>
				<identifier>	HP_FX_RepairLight_left_2	</identifier>
				<transform>
					<row0>	0.0446 0.0000 0.9990 0.0000	</row0>
					<row1>	0.0006 1.0000 0.0000 0.0000	</row1>
					<row2>	-0.9990 0.0006 0.0446 0.0000	</row2>
					<row3>	-0.4080 0.3548 2.0523 1.0000	</row3>
				</transform>
			</node>
			<node>
				<identifier>	HP_FX_RepairLight_right_2	</identifier>
				<transform>
					<row0>	0.0118 0.0000 -0.9999 0.0000	</row0>
					<row1>	0.0000 1.0000 0.0000 0.0000	</row1>
					<row2>	0.9999 0.0000 0.0118 0.0000	</row2>
					<row3>	0.4296 0.3533 1.1835 1.0000	</row3>
				</transform>
			</node>
			<node>
				<identifier>	HP_FX_Smoke_1	</identifier>
				<transform>
					<row0>	1.0000 0.0000 0.0000 0.0000	</row0>
					<row1>	0.0000 0.8601 -0.5100 0.0000	</row1>
					<row2>	0.0000 0.5100 0.8601 0.0000	</row2>
					<row3>	0.0000 0.8995 0.2448 1.0000	</row3>
				</transform>
			</node>
			<node>
				<identifier>	HP_flag_1	</identifier>
				<transform>
					<row0>	0.9853 -0.1683 0.0276 0.0000	</row0>
					<row1>	0.1683 0.9334 -0.3168 0.0000	</row1>
					<row2>	0.0276 0.3168 0.9481 0.0000	</row2>
					<row3>	0.1888 1.3128 0.2902 1.0000	</row3>
				</transform>
			</node>
			<node>
				<identifier>	HP_flag_2	</identifier>
				<transform>
					<row0>	0.9853 0.1683 -0.0276 0.0000	</row0>
					<row1>	-0.1683 0.9334 -0.3168 0.0000	</row1>
					<row2>	-0.0276 0.3168 0.9481 0.0000	</row2>
					<row3>	-0.1888 1.3128 0.2902 1.0000	</row3>
				</transform>
			</node>
			<node>
				<identifier>	HP_flag_3	</identifier>
				<transform>
					<row0>	0.9843 -0.1741 0.0284 0.0000	</row0>
					<row1>	0.1741 0.9327 -0.3158 0.0000	</row1>
					<row2>	0.0284 0.3158 0.9484 0.0000	</row2>
					<row3>	0.1493 1.3120 0.2909 1.0000	</row3>
				</transform>
			</node>
			<node>
				<identifier>	HP_flag_4	</identifier>
				<transform>
					<row0>	0.9843 0.1741 -0.0284 0.0000	</row0>
					<row1>	-0.1741 0.9327 -0.3158 0.0000	</row1>
					<row2>	-0.0284 0.3158 0.9484 0.0000	</row2>
					<row3>	-0.1493 1.3120 0.2909 1.0000	</row3>
				</transform>
			</node>
			<node>
				<identifier>	HP_flag_rank	</identifier>
				<transform>
					<row0>	0.9999 -0.0168 0.0003 0.0000	</row0>
					<row1>	0.0168 0.9991 -0.0385 0.0000	</row1>
					<row2>	0.0003 0.0385 0.9993 0.0000	</row2>
					<row3>	-0.0018 1.2435 0.0857 1.0000	</row3>
				</transform>
			</node>
			<node>
				<identifier>	MP_BM019_Reels_1	</identifier>
				<transform>
					<row0>	0.4857 0.0000 -0.5174 0.0000	</row0>
					<row1>	0.7291 0.0000 0.6844 0.0000	</row1>
					<row2>	0.0000 -1.0000 0.0000 0.0000	</row2>
					<row3>	0.1430 0.4611 2.0515 1.0000	</row3>
				</transform>
			</node>
			<node>
				<identifier>	MP_BM019_Reels_1_INDEX_1	</identifier>
				<transform>
					<row0>	0.9205 0.0000 0.3907 0.0000	</row0>
					<row1>	-0.3907 0.0000 0.9205 0.0000	</row1>
					<row2>	0.0000 -1.0000 0.0000 0.0000	</row2>
					<row3>	-0.0807 0.4611 2.0934 1.0000	</row3>
				</transform>
			</node>
			<node>
				<identifier>	MP_BM019_Reels_1_INDEX_2	</identifier>
				<transform>
					<row0>	0.9455 0.0000 0.3256 0.0000	</row0>
					<row1>	-0.3256 0.0000 0.9455 0.0000	</row1>
					<row2>	0.0000 -1.0000 0.0000 0.0000	</row2>
					<row3>	-0.2184 0.4611 2.0080 1.0000	</row3>
				</transform>
			</node>
			<node>
				<identifier>	MP_BM019_Reels_1_INDEX_3	</identifier>
				<transform>
					<row0>	0.9205 0.0000 -0.3907 0.0000	</row0>
					<row1>	0.3907 0.0000 0.9205 0.0000	</row1>
					<row2>	0.0000 -1.0000 0.0000 0.0000	</row2>
					<row3>	0.0813 0.4611 2.0949 1.0000	</row3>
				</transform>
			</node>
			<node>
				<identifier>	MP_BM019_Reels_1_INDEX_4	</identifier>
				<transform>
					<row0>	0.9455 0.0000 -0.3256 0.0000	</row0>
					<row1>	0.3256 0.0000 0.9455 0.0000	</row1>
					<row2>	0.0000 -1.0000 0.0000 0.0000	</row2>
					<row3>	0.2186 0.4611 2.0086 1.0000	</row3>
				</transform>
			</node>
			<node>
				<identifier>	MP_BM019_Reels_1_INDEX_5	</identifier>
				<transform>
					<row0>	0.4857 0.0000 0.5174 0.0000	</row0>
					<row1>	-0.7291 0.0000 0.6844 0.0000	</row1>
					<row2>	0.0000 -1.0000 0.0000 0.0000	</row2>
					<row3>	-0.1430 0.4611 2.0515 1.0000	</row3>
				</transform>
			</node>
			<node>
				<identifier>	MP_BM026_Reels	</identifier>
				<transform>
					<row0>	-0.2588 0.0000 0.9659 0.0000	</row0>
					<row1>	0.0000 1.0000 0.0000 0.0000	</row1>
					<row2>	-0.9659 0.0000 -0.2588 0.0000	</row2>
					<row3>	-0.1416 0.3706 2.1864 1.0000	</row3>
				</transform>
			</node>
			<node>
				<identifier>	MP_BM038_Helmets	</identifier>
				<transform>
					<row0>	-0.3521 0.0000 0.9360 0.0000	</row0>
					<row1>	0.0000 1.0000 0.0000 0.0000	</row1>
					<row2>	-0.9360 0.0000 -0.3521 0.0000	</row2>
					<row3>	-0.0644 0.5485 0.7114 1.0000	</row3>
				</transform>
			</node>
			<node>
				<identifier>	MP_BM038_Helmets_INDEX_1	</identifier>
				<transform>
					<row0>	-0.3521 0.0000 -0.9360 0.0000	</row0>
					<row1>	0.0000 1.0000 0.0000 0.0000	</row1>
					<row2>	0.9360 0.0000 -0.3521 0.0000	</row2>
					<row3>	0.0644 0.5485 0.7114 1.0000	</row3>
				</transform>
			</node>
			<node>
				<identifier>	MP_BM509_Liferaft_type_20_10ft	</identifier>
				<transform>
					<row0>	0.9744 0.2250 0.0000 0.0000	</row0>
					<row1>	-0.2250 0.9744 0.0000 0.0000	</row1>
					<row2>	0.0000 0.0000 1.0000 0.0000	</row2>
					<row3>	-0.3589 0.5168 1.2505 1.0000	</row3>
				</transform>
			</node>
			<node>
				<identifier>	MP_BM509_Liferaft_type_20_10ft_INDEX_1	</identifier>
				<transform>
					<row0>	0.9744 -0.2250 0.0000 0.0000	</row0>
					<row1>	0.2250 0.9744 0.0000 0.0000	</row1>
					<row2>	0.0000 0.0000 1.0000 0.0000	</row2>
					<row3>	0.3588 0.5169 1.2505 1.0000	</row3>
				</transform>
			</node>
			<node>
				<identifier>	MP_BM602_Pelorus	</identifier>
				<transform>
					<row0>	1.0000 0.0000 0.0000 0.0000	</row0>
					<row1>	0.0000 1.0000 0.0000 0.0000	</row1>
					<row2>	0.0000 0.0000 1.0000 0.0000	</row2>
					<row3>	0.0000 0.7911 1.4042 1.0000	</row3>
				</transform>
			</node>
			<node>
				<identifier>	MP_BM604_Voice_Tube	</identifier>
				<transform>
					<row0>	-0.9999 0.0000 0.0145 0.0000	</row0>
					<row1>	0.0000 1.0000 0.0000 0.0000	</row1>
					<row2>	-0.0145 0.0000 -0.9999 0.0000	</row2>
					<row3>	-0.0046 0.6851 0.4659 1.0000	</row3>
				</transform>
			</node>
			<node>
				<identifier>	MP_BM604_Voice_Tube_INDEX_1	</identifier>
				<transform>
					<row0>	1.0000 0.0000 0.0000 0.0000	</row0>
					<row1>	0.0000 1.0000 0.0000 0.0000	</row1>
					<row2>	0.0000 0.0000 1.0000 0.0000	</row2>
					<row3>	-0.0227 0.8338 1.1752 1.0000	</row3>
				</transform>
			</node>
			<node>
				<identifier>	MP_BM604_Voice_Tube_INDEX_10	</identifier>
				<transform>
					<row0>	1.0000 0.0000 0.0000 0.0000	</row0>
					<row1>	0.0000 1.0000 0.0000 0.0000	</row1>
					<row2>	0.0000 0.0000 1.0000 0.0000	</row2>
					<row3>	0.1863 0.8338 1.0321 1.0000	</row3>
				</transform>
			</node>
			<node>
				<identifier>	MP_BM604_Voice_Tube_INDEX_11	</identifier>
				<transform>
					<row0>	1.0000 0.0000 0.0000 0.0000	</row0>
					<row1>	0.0000 1.0000 0.0000 0.0000	</row1>
					<row2>	0.0000 0.0000 1.0000 0.0000	</row2>
					<row3>	0.0424 0.7417 1.5340 1.0000	</row3>
				</transform>
			</node>
			<node>
				<identifier>	MP_BM604_Voice_Tube_INDEX_2	</identifier>
				<transform>
					<row0>	1.0000 0.0000 0.0000 0.0000	</row0>
					<row1>	0.0000 1.0000 0.0000 0.0000	</row1>
					<row2>	0.0000 0.0000 1.0000 0.0000	</row2>
					<row3>	0.0204 0.7880 1.4083 1.0000	</row3>
				</transform>
			</node>
			<node>
				<identifier>	MP_BM604_Voice_Tube_INDEX_3	</identifier>
				<transform>
					<row0>	0.0000 0.0000 -1.0000 0.0000	</row0>
					<row1>	0.0000 1.0000 0.0000 0.0000	</row1>
					<row2>	1.0000 0.0000 0.0000 0.0000	</row2>
					<row3>	0.1718 0.8338 1.0691 1.0000	</row3>
				</transform>
			</node>
			<node>
				<identifier>	MP_BM604_Voice_Tube_INDEX_4	</identifier>
				<transform>
					<row0>	1.0000 0.0000 0.0000 0.0000	</row0>
					<row1>	0.0000 1.0000 0.0000 0.0000	</row1>
					<row2>	0.0000 0.0000 1.0000 0.0000	</row2>
					<row3>	-0.1863 0.8338 1.0321 1.0000	</row3>
				</transform>
			</node>
			<node>
				<identifier>	MP_BM604_Voice_Tube_INDEX_5	</identifier>
				<transform>
					<row0>	0.0000 0.0000 1.0000 0.0000	</row0>
					<row1>	0.0000 1.0000 0.0000 0.0000	</row1>
					<row2>	-1.0000 0.0000 0.0000 0.0000	</row2>
					<row3>	-0.0540 0.8028 1.2245 1.0000	</row3>
				</transform>
			</node>
			<node>
				<identifier>	MP_BM604_Voice_Tube_INDEX_6	</identifier>
				<transform>
					<row0>	0.0000 0.0000 1.0000 0.0000	</row0>
					<row1>	0.0000 1.0000 0.0000 0.0000	</row1>
					<row2>	-1.0000 0.0000 0.0000 0.0000	</row2>
					<row3>	-0.1718 0.8338 1.0691 1.0000	</row3>
				</transform>
			</node>
			<node>
				<identifier>	MP_BM604_Voice_Tube_INDEX_7	</identifier>
				<transform>
					<row0>	0.7071 0.0000 -0.7071 0.0000	</row0>
					<row1>	0.0000 1.0000 0.0000 0.0000	</row1>
					<row2>	0.7071 0.0000 0.7071 0.0000	</row2>
					<row3>	0.1204 0.7417 1.4902 1.0000	</row3>
				</transform>
			</node>
			<node>
				<identifier>	MP_BM604_Voice_Tube_INDEX_8	</identifier>
				<transform>
					<row0>	1.0000 0.0000 0.0000 0.0000	</row0>
					<row1>	0.0000 1.0000 0.0000 0.0000	</row1>
					<row2>	0.0000 0.0000 1.0000 0.0000	</row2>
					<row3>	0.0352 0.8028 1.2726 1.0000	</row3>
				</transform>
			</node>
			<node>
				<identifier>	MP_BM604_Voice_Tube_INDEX_9	</identifier>
				<transform>
					<row0>	1.0000 0.0000 0.0000 0.0000	</row0>
					<row1>	0.0000 1.0000 0.0000 0.0000	</row1>
					<row2>	0.0000 0.0000 1.0000 0.0000	</row2>
					<row3>	-0.0201 0.7880 1.3979 1.0000	</row3>
				</transform>
			</node>
			<node>
				<identifier>	MP_BM606_Searchlight_sight	</identifier>
				<transform>
					<row0>	-1.0000 0.0000 0.0000 0.0000	</row0>
					<row1>	0.0000 1.0000 0.0000 0.0000	</row1>
					<row2>	0.0000 0.0000 -1.0000 0.0000	</row2>
					<row3>	0.0000 0.8027 1.3258 1.0000	</row3>
				</transform>
			</node>
			<node>
				<identifier>	MP_BM608_Compass_repeater	</identifier>
				<transform>
					<row0>	-0.2588 0.0000 0.9659 0.0000	</row0>
					<row1>	0.0000 1.0000 0.0000 0.0000	</row1>
					<row2>	-0.9659 0.0000 -0.2588 0.0000	</row2>
					<row3>	-0.1219 0.7376 0.8014 1.0000	</row3>
				</transform>
			</node>
			<node>
				<identifier>	MP_BM608_Compass_repeater_INDEX_1	</identifier>
				<transform>
					<row0>	-0.2588 0.0000 -0.9659 0.0000	</row0>
					<row1>	0.0000 1.0000 0.0000 0.0000	</row1>
					<row2>	0.9659 0.0000 -0.2588 0.0000	</row2>
					<row3>	0.1219 0.7376 0.8014 1.0000	</row3>
				</transform>
			</node>
			<node>
				<identifier>	MP_BM609_Speaker	</identifier>
				<transform>
					<row0>	-1.0000 0.0000 0.0000 0.0000	</row0>
					<row1>	0.0000 1.0000 0.0000 0.0000	</row1>
					<row2>	0.0000 0.0000 -1.0000 0.0000	</row2>
					<row3>	0.0000 0.3633 0.1120 1.0000	</row3>
				</transform>
			</node>
			<node>
				<identifier>	MP_BM611_Telephone	</identifier>
				<transform>
					<row0>	1.0000 0.0000 0.0000 0.0000	</row0>
					<row1>	0.0000 1.0000 0.0000 0.0000	</row1>
					<row2>	0.0000 0.0000 1.0000 0.0000	</row2>
					<row3>	-0.0446 0.8194 1.5428 1.0000	</row3>
				</transform>
			</node>
			<node>
				<identifier>	MP_BM611_Telephone_INDEX_1	</identifier>
				<transform>
					<row0>	1.0000 0.0000 0.0000 0.0000	</row0>
					<row1>	0.0000 1.0000 0.0000 0.0000	</row1>
					<row2>	0.0000 0.0000 1.0000 0.0000	</row2>
					<row3>	0.0845 0.8194 1.5428 1.0000	</row3>
				</transform>
			</node>
			<node>
				<identifier>	MP_BM611_Telephone_INDEX_2	</identifier>
				<transform>
					<row0>	-1.0000 0.0000 0.0000 0.0000	</row0>
					<row1>	0.0000 1.0000 0.0000 0.0000	</row1>
					<row2>	0.0000 0.0000 -1.0000 0.0000	</row2>
					<row3>	-0.0392 0.6058 1.5458 1.0000	</row3>
				</transform>
			</node>
			<node>
				<identifier>	MP_BM611_Telephone_INDEX_3	</identifier>
				<transform>
					<row0>	-0.9930 0.0000 -0.1184 0.0000	</row0>
					<row1>	0.0000 1.0000 0.0000 0.0000	</row1>
					<row2>	0.1184 0.0000 -0.9930 0.0000	</row2>
					<row3>	-0.0065 0.4592 2.1144 1.0000	</row3>
				</transform>
			</node>
			<node>
				<identifier>	MP_BM611_Telephone_INDEX_4	</identifier>
				<transform>
					<row0>	1.0000 0.0000 0.0000 0.0000	</row0>
					<row1>	0.0000 1.0000 0.0000 0.0000	</row1>
					<row2>	0.0000 0.0000 1.0000 0.0000	</row2>
					<row3>	-0.0822 0.2868 0.1123 1.0000	</row3>
				</transform>
			</node>
			<node>
				<identifier>	MP_BM612_Switch_Panel	</identifier>
				<transform>
					<row0>	0.5446 0.0000 -0.8387 0.0000	</row0>
					<row1>	-0.0731 0.9962 -0.0475 0.0000	</row1>
					<row2>	0.8355 0.0872 0.5426 0.0000	</row2>
					<row3>	0.1195 0.8109 1.5192 1.0000	</row3>
				</transform>
			</node>
			<node>
				<identifier>	MP_BM613_Switch_Panel	</identifier>
				<transform>
					<row0>	1.0000 0.0000 0.0000 0.0000	</row0>
					<row1>	0.0000 1.0000 0.0000 0.0000	</row1>
					<row2>	0.0000 0.0000 1.0000 0.0000	</row2>
					<row3>	0.0092 0.7941 1.5429 1.0000	</row3>
				</transform>
			</node>
			<node>
				<identifier>	MP_BM613_Switch_Panel_INDEX_1	</identifier>
				<transform>
					<row0>	0.0000 0.0000 1.0000 0.0000	</row0>
					<row1>	0.0872 0.9962 0.0000 0.0000	</row1>
					<row2>	-0.9962 0.0872 0.0000 0.0000	</row2>
					<row3>	-0.1790 0.8396 1.3586 1.0000	</row3>
				</transform>
			</node>
			<node>
				<identifier>	MP_BM614_Switch_box	</identifier>
				<transform>
					<row0>	0.0000 0.0000 1.0000 0.0000	</row0>
					<row1>	-0.0872 0.9962 0.0000 0.0000	</row1>
					<row2>	-0.9962 -0.0872 0.0000 0.0000	</row2>
					<row3>	0.1787 0.8385 1.4022 1.0000	</row3>
				</transform>
			</node>
			<node>
				<identifier>	MP_BM614_Switch_box_INDEX_1	</identifier>
				<transform>
					<row0>	0.0000 0.0000 -1.0000 0.0000	</row0>
					<row1>	0.0872 0.9962 0.0000 0.0000	</row1>
					<row2>	0.9962 -0.0872 0.0000 0.0000	</row2>
					<row3>	-0.1781 0.8403 1.2784 1.0000	</row3>
				</transform>
			</node>
			<node>
				<identifier>	MP_BM615_Director_Station	</identifier>
				<transform>
					<row0>	1.0000 0.0000 0.0000 0.0000	</row0>
					<row1>	0.0000 1.0000 0.0000 0.0000	</row1>
					<row2>	0.0000 0.0000 1.0000 0.0000	</row2>
					<row3>	0.0720 0.7817 1.5430 1.0000	</row3>
				</transform>
			</node>
			<node>
				<identifier>	MP_BM618_Rev_Ind	</identifier>
				<transform>
					<row0>	0.5000 0.0000 0.8660 0.0000	</row0>
					<row1>	0.0000 1.0000 0.0000 0.0000	</row1>
					<row2>	-0.8660 0.0000 0.5000 0.0000	</row2>
					<row3>	-0.1382 0.7417 1.4692 1.0000	</row3>
				</transform>
			</node>
			<node>
				<identifier>	MP_BM677_Insulator	</identifier>
				<transform>
					<row0>	0.0000 0.0000 0.4250 0.0000	</row0>
					<row1>	0.0000 0.4250 0.0000 0.0000	</row1>
					<row2>	-0.4250 0.0000 0.0000 0.0000	</row2>
					<row3>	0.0753 0.7438 0.5522 1.0000	</row3>
				</transform>
			</node>
			<node>
				<identifier>	MP_BM677_Insulator_INDEX_1	</identifier>
				<transform>
					<row0>	0.0000 0.0000 -0.4250 0.0000	</row0>
					<row1>	0.0000 0.4250 0.0000 0.0000	</row1>
					<row2>	0.4250 0.0000 0.0000 0.0000	</row2>
					<row3>	-0.0753 0.7438 0.5522 1.0000	</row3>
				</transform>
			</node>
			<node>
				<identifier>	MP_BM716_Locker	</identifier>
				<transform>
					<row0>	-0.5632 0.0000 0.8263 0.0000	</row0>
					<row1>	0.0000 1.0000 0.0000 0.0000	</row1>
					<row2>	-0.8263 0.0000 -0.5632 0.0000	</row2>
					<row3>	0.3697 0.5281 0.4493 1.0000	</row3>
				</transform>
			</node>
			<node>
				<identifier>	MP_BM716_Locker_INDEX_1	</identifier>
				<transform>
					<row0>	1.0000 0.0000 0.0000 0.0000	</row0>
					<row1>	0.0000 1.0000 0.0000 0.0000	</row1>
					<row2>	0.0000 0.0000 1.0000 0.0000	</row2>
					<row3>	0.2219 0.5281 0.8723 1.0000	</row3>
				</transform>
			</node>
			<node>
				<identifier>	MP_BM716_Locker_INDEX_2	</identifier>
				<transform>
					<row0>	0.0644 0.0000 0.9979 0.0000	</row0>
					<row1>	0.0000 1.0000 0.0000 0.0000	</row1>
					<row2>	-0.9979 0.0000 0.0644 0.0000	</row2>
					<row3>	-0.2444 0.5281 0.4170 1.0000	</row3>
				</transform>
			</node>
			<node>
				<identifier>	MP_BM716_Locker_INDEX_3	</identifier>
				<transform>
					<row0>	0.5712 0.0000 0.8208 0.0000	</row0>
					<row1>	0.0000 1.0000 0.0000 0.0000	</row1>
					<row2>	-0.8208 0.0000 0.5712 0.0000	</row2>
					<row3>	-0.3697 0.5281 0.4493 1.0000	</row3>
				</transform>
			</node>
			<node>
				<identifier>	MP_BM716_Locker_INDEX_4	</identifier>
				<transform>
					<row0>	-1.0000 0.0000 0.0000 0.0000	</row0>
					<row1>	0.0000 1.0000 0.0000 0.0000	</row1>
					<row2>	0.0000 0.0000 -1.0000 0.0000	</row2>
					<row3>	-0.2219 0.5281 0.8723 1.0000	</row3>
				</transform>
			</node>
			<node>
				<identifier>	MP_BM716_Locker_INDEX_5	</identifier>
				<transform>
					<row0>	-0.0548 0.0000 0.9985 0.0000	</row0>
					<row1>	0.0000 1.0000 0.0000 0.0000	</row1>
					<row2>	-0.9985 0.0000 -0.0548 0.0000	</row2>
					<row3>	0.2444 0.5281 0.4170 1.0000	</row3>
				</transform>
			</node>
			<node>
				<identifier>	MP_BM764_Hatch	</identifier>
				<transform>
					<row0>	1.0000 0.0000 0.0000 0.0000	</row0>
					<row1>	0.0000 1.0000 0.0000 0.0000	</row1>
					<row2>	0.0000 0.0000 1.0000 0.0000	</row2>
					<row3>	0.0653 0.6820 0.9855 1.0000	</row3>
				</transform>
			</node>
			<node>
				<identifier>	MP_BM764_Hatch_INDEX_1	</identifier>
				<transform>
					<row0>	0.8972 0.0000 0.0000 0.0000	</row0>
					<row1>	0.0000 1.0000 0.0000 0.0000	</row1>
					<row2>	0.0000 0.0000 1.0512 0.0000	</row2>
					<row3>	0.0188 0.6760 0.6094 1.0000	</row3>
				</transform>
			</node>
			<node>
				<identifier>	MP_BM850_Signal_lamp_10in	</identifier>
				<transform>
					<row0>	0.0000 0.0000 0.9749 0.0000	</row0>
					<row1>	0.0000 0.9749 0.0000 0.0000	</row1>
					<row2>	-0.9749 0.0000 0.0000 0.0000	</row2>
					<row3>	0.2338 0.7726 0.8671 1.0000	</row3>
				</transform>
			</node>
			<node>
				<identifier>	MP_BM850_Signal_lamp_10in_INDEX_1	</identifier>
				<transform>
					<row0>	0.0000 0.0000 -0.9749 0.0000	</row0>
					<row1>	0.0000 0.9749 0.0000 0.0000	</row1>
					<row2>	0.9749 0.0000 0.0000 0.0000	</row2>
					<row3>	-0.2338 0.7726 0.8671 1.0000	</row3>
				</transform>
			</node>
			<node>
				<identifier>	MP_BM851_Searchlight_20in	</identifier>
				<transform>
					<row0>	0.0000 0.0000 1.0000 0.0000	</row0>
					<row1>	0.0000 1.0000 0.0000 0.0000	</row1>
					<row2>	-1.0000 0.0000 0.0000 0.0000	</row2>
					<row3>	-0.2127 0.6870 0.9772 1.0000	</row3>
				</transform>
			</node>
			<node>
				<identifier>	MP_BM851_Searchlight_20in_INDEX_1	</identifier>
				<transform>
					<row0>	0.0000 0.0000 -1.0000 0.0000	</row0>
					<row1>	0.0000 1.0000 0.0000 0.0000	</row1>
					<row2>	1.0000 0.0000 0.0000 0.0000	</row2>
					<row3>	0.2127 0.6870 0.9772 1.0000	</row3>
				</transform>
			</node>
			<node>
				<identifier>	MP_BM858_Signal_Lamp	</identifier>
				<transform>
					<row0>	0.7293 0.0000 0.0000 0.0000	</row0>
					<row1>	0.0000 0.7293 0.0000 0.0000	</row1>
					<row2>	0.0000 0.0000 0.7293 0.0000	</row2>
					<row3>	-0.0097 0.8430 4.0311 1.0000	</row3>
				</transform>
			</node>
			<node>
				<identifier>	MP_BM871_Running_Lights_F	</identifier>
				<transform>
					<row0>	1.0000 0.0000 0.0000 0.0000	</row0>
					<row1>	0.0000 1.0000 0.0000 0.0000	</row1>
					<row2>	0.0000 0.0000 1.0000 0.0000	</row2>
					<row3>	0.0000 1.2116 0.4816 1.0000	</row3>
				</transform>
			</node>
			<node>
				<identifier>	MP_BM871_Running_Lights_F_INDEX_1	</identifier>
				<transform>
					<row0>	1.0000 0.0000 0.0000 0.0000	</row0>
					<row1>	0.0000 1.0000 0.0000 0.0000	</row1>
					<row2>	0.0000 0.0000 1.0000 0.0000	</row2>
					<row3>	0.0000 1.1862 0.4815 1.0000	</row3>
				</transform>
			</node>
			<node>
				<identifier>	MP_CM011_Fire_Fighting_Gear	</identifier>
				<transform>
					<row0>	0.0000 0.0000 -1.0000 0.0000	</row0>
					<row1>	0.0000 1.0000 0.0000 0.0000	</row1>
					<row2>	1.0000 0.0000 0.0000 0.0000	</row2>
					<row3>	-0.1944 0.2016 0.3639 1.0000	</row3>
				</transform>
			</node>
			<node>
				<identifier>	MP_CM011_Fire_Fighting_Gear_INDEX_1	</identifier>
				<transform>
					<row0>	0.0000 0.0000 1.0000 0.0000	</row0>
					<row1>	0.0000 1.0000 0.0000 0.0000	</row1>
					<row2>	-1.0000 0.0000 0.0000 0.0000	</row2>
					<row3>	0.0602 0.5276 0.6548 1.0000	</row3>
				</transform>
			</node>
			<node>
				<identifier>	MP_CM011_Fire_Fighting_Gear_INDEX_2	</identifier>
				<transform>
					<row0>	0.0000 0.0000 1.0000 0.0000	</row0>
					<row1>	0.0000 1.0000 0.0000 0.0000	</row1>
					<row2>	-1.0000 0.0000 0.0000 0.0000	</row2>
					<row3>	0.1976 0.2015 0.3421 1.0000	</row3>
				</transform>
			</node>
			<node>
				<identifier>	MP_CM011_Fire_Fighting_Gear_INDEX_3	</identifier>
				<transform>
					<row0>	-1.0000 0.0000 0.0000 0.0000	</row0>
					<row1>	0.0000 1.0000 0.0000 0.0000	</row1>
					<row2>	0.0000 0.0000 -1.0000 0.0000	</row2>
					<row3>	0.0000 0.3741 2.1210 1.0000	</row3>
				</transform>
			</node>
			<node>
				<identifier>	MP_CM012_Fire_Hose_Rack_1	</identifier>
				<transform>
					<row0>	-1.0000 0.0000 0.0000 0.0000	</row0>
					<row1>	0.0000 1.0000 0.0000 0.0000	</row1>
					<row2>	0.0000 0.0000 -1.0000 0.0000	</row2>
					<row3>	0.1881 0.2695 0.3567 1.0000	</row3>
				</transform>
			</node>
			<node>
				<identifier>	MP_CM012_Fire_Hose_Rack_1_INDEX_1	</identifier>
				<transform>
					<row0>	1.0000 0.0000 0.0000 0.0000	</row0>
					<row1>	0.0000 1.0000 0.0000 0.0000	</row1>
					<row2>	0.0000 0.0000 1.0000 0.0000	</row2>
					<row3>	-0.1881 0.2756 0.3568 1.0000	</row3>
				</transform>
			</node>
			<node>
				<identifier>	MP_CM012_Fire_Hose_Rack_1_INDEX_2	</identifier>
				<transform>
					<row0>	0.0000 0.0000 1.0000 0.0000	</row0>
					<row1>	0.0000 1.0000 0.0000 0.0000	</row1>
					<row2>	-1.0000 0.0000 0.0000 0.0000	</row2>
					<row3>	-0.1305 0.6267 0.8325 1.0000	</row3>
				</transform>
			</node>
			<node>
				<identifier>	MP_CM012_Fire_Hose_Rack_1_INDEX_3	</identifier>
				<transform>
					<row0>	0.0000 0.0000 1.0000 0.0000	</row0>
					<row1>	0.0000 1.0000 0.0000 0.0000	</row1>
					<row2>	-1.0000 0.0000 0.0000 0.0000	</row2>
					<row3>	-0.0186 0.7565 0.9456 1.0000	</row3>
				</transform>
			</node>
			<node>
				<identifier>	MP_CM012_Fire_Hose_Rack_1_INDEX_4	</identifier>
				<transform>
					<row0>	-0.9868 0.0000 0.1619 0.0000	</row0>
					<row1>	0.0000 1.0000 0.0000 0.0000	</row1>
					<row2>	-0.1619 0.0000 -0.9868 0.0000	</row2>
					<row3>	0.0537 0.6315 0.6715 1.0000	</row3>
				</transform>
			</node>
			<node>
				<identifier>	MP_CM012_Fire_Hose_Rack_1_INDEX_5	</identifier>
				<transform>
					<row0>	-0.1204 0.0000 -0.9927 0.0000	</row0>
					<row1>	0.0000 1.0000 0.0000 0.0000	</row1>
					<row2>	0.9927 0.0000 -0.1204 0.0000	</row2>
					<row3>	0.0282 0.4652 2.1121 1.0000	</row3>
				</transform>
			</node>
			<node>
				<identifier>	MP_CM029_Emergency_Box	</identifier>
				<transform>
					<row0>	0.5831 0.0000 -0.8124 0.0000	</row0>
					<row1>	0.0000 1.0000 0.0000 0.0000	</row1>
					<row2>	0.8124 0.0000 0.5831 0.0000	</row2>
					<row3>	-0.0874 0.6128 0.7430 1.0000	</row3>
				</transform>
			</node>
			<node>
				<identifier>	MP_CM029_Emergency_Box_INDEX_1	</identifier>
				<transform>
					<row0>	0.0000 0.0000 1.0000 0.0000	</row0>
					<row1>	0.1231 0.9924 0.0000 0.0000	</row1>
					<row2>	-0.9924 0.1231 0.0000 0.0000	</row2>
					<row3>	-0.1731 0.8253 1.4046 1.0000	</row3>
				</transform>
			</node>
			<node>
				<identifier>	MP_CM029_Emergency_Box_INDEX_2	</identifier>
				<transform>
					<row0>	0.5831 0.0000 0.8124 0.0000	</row0>
					<row1>	0.0000 1.0000 0.0000 0.0000	</row1>
					<row2>	-0.8124 0.0000 0.5831 0.0000	</row2>
					<row3>	0.0874 0.6128 0.7430 1.0000	</row3>
				</transform>
			</node>
			<node>
				<identifier>	MP_CM029_Emergency_Box_INDEX_3	</identifier>
				<transform>
					<row0>	-0.9927 0.0000 -0.1203 0.0000	</row0>
					<row1>	0.0000 1.0000 0.0000 0.0000	</row1>
					<row2>	0.1203 0.0000 -0.9927 0.0000	</row2>
					<row3>	-0.0341 0.4397 2.1177 1.0000	</row3>
				</transform>
			</node>
			<node>
				<identifier>	MP_CM029_Emergency_Box_INDEX_4	</identifier>
				<transform>
					<row0>	1.0000 0.0000 0.0000 0.0000	</row0>
					<row1>	0.0000 1.0000 0.0000 0.0000	</row1>
					<row2>	0.0000 0.0000 1.0000 0.0000	</row2>
					<row3>	0.0176 0.7586 0.9396 1.0000	</row3>
				</transform>
			</node>
			<node>
				<identifier>	MP_CM056_Ships_bell	</identifier>
				<transform>
					<row0>	0.6887 0.0000 0.0000 0.0000	</row0>
					<row1>	0.0000 0.6887 0.0000 0.0000	</row1>
					<row2>	0.0000 0.0000 0.6887 0.0000	</row2>
					<row3>	0.0431 0.3344 0.0963 1.0000	</row3>
				</transform>
			</node>
			<node>
				<identifier>	MP_CM076_Fender	</identifier>
				<transform>
					<row0>	0.0000 0.0000 -0.7259 0.0000	</row0>
					<row1>	0.0000 0.7259 0.0000 0.0000	</row1>
					<row2>	0.7259 0.0000 0.0000 0.0000	</row2>
					<row3>	0.3313 0.3650 1.6916 1.0000	</row3>
				</transform>
			</node>
			<node>
				<identifier>	MP_CM076_Fender_INDEX_1	</identifier>
				<transform>
					<row0>	0.0000 0.0000 0.7259 0.0000	</row0>
					<row1>	0.0000 0.7259 0.0000 0.0000	</row1>
					<row2>	-0.7259 0.0000 0.0000 0.0000	</row2>
					<row3>	-0.3313 0.3650 1.6916 1.0000	</row3>
				</transform>
			</node>
			<node>
				<identifier>	MP_CM076_Fender_INDEX_2	</identifier>
				<transform>
					<row0>	0.0000 0.0000 0.7259 0.0000	</row0>
					<row1>	0.0000 0.7259 0.0000 0.0000	</row1>
					<row2>	-0.7259 0.0000 0.0000 0.0000	</row2>
					<row3>	-0.2100 0.2035 0.4184 1.0000	</row3>
				</transform>
			</node>
			<node>
				<identifier>	MP_CM076_Fender_INDEX_3	</identifier>
				<transform>
					<row0>	0.0000 0.0000 -0.7259 0.0000	</row0>
					<row1>	0.0000 0.7259 0.0000 0.0000	</row1>
					<row2>	0.7259 0.0000 0.0000 0.0000	</row2>
					<row3>	0.2100 0.2035 0.4184 1.0000	</row3>
				</transform>
			</node>
			<node>
				<identifier>	MP_CM082_Rope	</identifier>
				<transform>
					<row0>	0.0000 0.0000 -0.5616 0.0000	</row0>
					<row1>	0.0000 0.5616 0.0000 0.0000	</row1>
					<row2>	0.5616 0.0000 0.0000 0.0000	</row2>
					<row3>	-0.0130 0.4341 0.1165 1.0000	</row3>
				</transform>
			</node>
			<node>
				<identifier>	MP_CM082_Rope_INDEX_1	</identifier>
				<transform>
					<row0>	0.0000 0.0000 0.5616 0.0000	</row0>
					<row1>	0.0000 0.5616 0.0000 0.0000	</row1>
					<row2>	-0.5616 0.0000 0.0000 0.0000	</row2>
					<row3>	0.0952 0.7995 0.4651 1.0000	</row3>
				</transform>
			</node>
			<node>
				<identifier>	MP_CM082_Rope_INDEX_10	</identifier>
				<transform>
					<row0>	0.0000 0.0000 -0.5616 0.0000	</row0>
					<row1>	0.0000 0.5616 0.0000 0.0000	</row1>
					<row2>	0.5616 0.0000 0.0000 0.0000	</row2>
					<row3>	-0.0952 0.7995 0.4651 1.0000	</row3>
				</transform>
			</node>
			<node>
				<identifier>	MP_CM082_Rope_INDEX_2	</identifier>
				<transform>
					<row0>	0.0000 0.0000 -0.5616 0.0000	</row0>
					<row1>	0.0000 0.5616 0.0000 0.0000	</row1>
					<row2>	0.5616 0.0000 0.0000 0.0000	</row2>
					<row3>	0.0205 0.7995 0.4646 1.0000	</row3>
				</transform>
			</node>
			<node>
				<identifier>	MP_CM082_Rope_INDEX_3	</identifier>
				<transform>
					<row0>	0.0000 0.0000 0.5616 0.0000	</row0>
					<row1>	0.0000 0.5616 0.0000 0.0000	</row1>
					<row2>	-0.5616 0.0000 0.0000 0.0000	</row2>
					<row3>	-0.0395 0.7995 0.4646 1.0000	</row3>
				</transform>
			</node>
			<node>
				<identifier>	MP_CM082_Rope_INDEX_4	</identifier>
				<transform>
					<row0>	0.0000 0.0000 0.5616 0.0000	</row0>
					<row1>	0.0000 0.5616 0.0000 0.0000	</row1>
					<row2>	-0.5616 0.0000 0.0000 0.0000	</row2>
					<row3>	-0.0554 0.7995 0.4646 1.0000	</row3>
				</transform>
			</node>
			<node>
				<identifier>	MP_CM082_Rope_INDEX_5	</identifier>
				<transform>
					<row0>	0.0000 0.0000 0.5616 0.0000	</row0>
					<row1>	0.0000 0.5616 0.0000 0.0000	</row1>
					<row2>	-0.5616 0.0000 0.0000 0.0000	</row2>
					<row3>	0.0775 0.7995 0.4651 1.0000	</row3>
				</transform>
			</node>
			<node>
				<identifier>	MP_CM082_Rope_INDEX_6	</identifier>
				<transform>
					<row0>	0.0000 0.0000 -0.5616 0.0000	</row0>
					<row1>	0.0000 0.5616 0.0000 0.0000	</row1>
					<row2>	0.5616 0.0000 0.0000 0.0000	</row2>
					<row3>	0.0395 0.7995 0.4646 1.0000	</row3>
				</transform>
			</node>
			<node>
				<identifier>	MP_CM082_Rope_INDEX_7	</identifier>
				<transform>
					<row0>	0.0000 0.0000 -0.5616 0.0000	</row0>
					<row1>	0.0000 0.5616 0.0000 0.0000	</row1>
					<row2>	0.5616 0.0000 0.0000 0.0000	</row2>
					<row3>	-0.0775 0.7995 0.4651 1.0000	</row3>
				</transform>
			</node>
			<node>
				<identifier>	MP_CM082_Rope_INDEX_8	</identifier>
				<transform>
					<row0>	0.0000 0.0000 -0.5616 0.0000	</row0>
					<row1>	0.0000 0.5616 0.0000 0.0000	</row1>
					<row2>	0.5616 0.0000 0.0000 0.0000	</row2>
					<row3>	0.0554 0.7995 0.4646 1.0000	</row3>
				</transform>
			</node>
			<node>
				<identifier>	MP_CM082_Rope_INDEX_9	</identifier>
				<transform>
					<row0>	0.0000 0.0000 -0.5616 0.0000	</row0>
					<row1>	0.0000 0.5616 0.0000 0.0000	</row1>
					<row2>	0.5616 0.0000 0.0000 0.0000	</row2>
					<row3>	-0.0202 0.7995 0.4646 1.0000	</row3>
				</transform>
			</node>
			<node>
				<identifier>	MP_CM088_Swab_Rack	</identifier>
				<transform>
					<row0>	1.0000 0.0000 0.0000 0.0000	</row0>
					<row1>	0.0000 1.0000 0.0000 0.0000	</row1>
					<row2>	0.0000 0.0000 1.0000 0.0000	</row2>
					<row3>	0.0133 0.5266 1.5452 1.0000	</row3>
				</transform>
			</node>
			<node>
				<identifier>	MP_CM088_Swab_Rack_INDEX_1	</identifier>
				<transform>
					<row0>	-1.0000 0.0000 0.0000 0.0000	</row0>
					<row1>	0.0000 1.0000 0.0000 0.0000	</row1>
					<row2>	0.0000 0.0000 -1.0000 0.0000	</row2>
					<row3>	-0.0660 0.6835 0.9469 1.0000	</row3>
				</transform>
			</node>
			<node>
				<identifier>	SP_YMS001_YHBM_M_1	</identifier>
				<transform>
					<row0>	1.0000 0.0000 0.0000 0.0000	</row0>
					<row1>	0.0000 0.9943 -0.1064 0.0000	</row1>
					<row2>	0.0000 0.1064 0.9943 0.0000	</row2>
					<row3>	0.0000 0.4362 4.0256 1.0000	</row3>
				</transform>
			</node>
			<node>
				<identifier>	SP_YMS002_YHBL_M_1	</identifier>
				<transform>
					<row0>	0.9984 0.0000 -0.0571 0.0000	</row0>
					<row1>	-0.0035 0.9981 -0.0609 0.0000	</row1>
					<row2>	0.0570 0.0610 0.9965 0.0000	</row2>
					<row3>	0.0000 0.4362 4.0256 1.0000	</row3>
				</transform>
			</node>
			<node>
				<identifier>	SP_YMS003_YHBR_M_1	</identifier>
				<transform>
					<row0>	0.9984 0.0000 0.0571 0.0000	</row0>
					<row1>	0.0035 0.9981 -0.0609 0.0000	</row1>
					<row2>	-0.0570 0.0610 0.9965 0.0000	</row2>
					<row3>	0.0000 0.4362 4.0256 1.0000	</row3>
				</transform>
			</node>
			<node>
				<identifier>	SP_YMS004_YHXL_L_1	</identifier>
				<transform>
					<row0>	0.6755 0.3052 -0.2393 0.0000	</row0>
					<row1>	-0.3205 0.7099 0.0005 0.0000	</row1>
					<row2>	0.2183 0.0981 0.7412 0.0000	</row2>
					<row3>	-0.0898 0.2954 3.7223 1.0000	</row3>
				</transform>
			</node>
			<node>
				<identifier>	SP_YMS005_YHXR_L_1	</identifier>
				<transform>
					<row0>	0.6755 -0.3052 0.2393 0.0000	</row0>
					<row1>	0.3205 0.7099 0.0005 0.0000	</row1>
					<row2>	-0.2183 0.0981 0.7412 0.0000	</row2>
					<row3>	0.0898 0.2954 3.7223 1.0000	</row3>
				</transform>
			</node>
			<node>
				<identifier>	SP_YMS010_YHWM_L_1	</identifier>
				<transform>
					<row0>	0.5065 0.0000 0.0000 0.0000	</row0>
					<row1>	0.0000 0.5065 0.0000 0.0000	</row1>
					<row2>	0.0000 0.0000 0.5065 0.0000	</row2>
					<row3>	0.0000 0.0000 3.8957 1.0000	</row3>
				</transform>
			</node>
			<node>
				<identifier>	SP_YMS011_YHWL_M_1	</identifier>
				<transform>
					<row0>	0.6026 0.1605 -0.1192 0.0000	</row0>
					<row1>	-0.1579 0.6143 0.0293 0.0000	</row1>
					<row2>	0.1227 0.0019 0.6230 0.0000	</row2>
					<row3>	-0.1896 0.0000 2.9908 1.0000	</row3>
				</transform>
			</node>
			<node>
				<identifier>	SP_YMS011_YHWL_M_1_INDEX_1	</identifier>
				<transform>
					<row0>	0.6072 0.1631 -0.0888 0.0000	</row0>
					<row1>	-0.1616 0.6136 0.0218 0.0000	</row1>
					<row2>	0.0914 0.0018 0.6283 0.0000	</row2>
					<row3>	-0.2825 0.0000 2.4573 1.0000	</row3>
				</transform>
			</node>
			<node>
				<identifier>	SP_YMS011_YHWL_M_1_INDEX_2	</identifier>
				<transform>
					<row0>	0.6166 0.1378 -0.0628 0.0000	</row0>
					<row1>	-0.1368 0.6198 0.0169 0.0000	</row1>
					<row2>	0.0649 -0.0028 0.6316 0.0000	</row2>
					<row3>	-0.3475 0.0000 1.9213 1.0000	</row3>
				</transform>
			</node>
			<node>
				<identifier>	SP_YMS011_YHWL_M_1_INDEX_3	</identifier>
				<transform>
					<row0>	0.6289 0.0756 -0.0430 0.0000	</row0>
					<row1>	-0.0754 0.6304 0.0052 0.0000	</row1>
					<row2>	0.0433 0.0000 0.6334 0.0000	</row2>
					<row3>	-0.3962 0.0000 1.3823 1.0000	</row3>
				</transform>
			</node>
			<node>
				<identifier>	SP_YMS011_YHWL_M_1_INDEX_4	</identifier>
				<transform>
					<row0>	0.6326 0.0471 -0.0275 0.0000	</row0>
					<row1>	-0.0471 0.6332 0.0020 0.0000	</row1>
					<row2>	0.0276 0.0000 0.6343 0.0000	</row2>
					<row3>	-0.4263 0.0000 0.8431 1.0000	</row3>
				</transform>
			</node>
			<node>
				<identifier>	SP_YMS011_YHWL_M_1_INDEX_5	</identifier>
				<transform>
					<row0>	0.6347 0.0156 -0.0070 0.0000	</row0>
					<row1>	-0.0156 0.6347 0.0001 0.0000	</row1>
					<row2>	0.0070 0.0000 0.6349 0.0000	</row2>
					<row3>	-0.4382 0.0000 0.3028 1.0000	</row3>
				</transform>
			</node>
			<node>
				<identifier>	SP_YMS011_YHWL_M_1_INDEX_6	</identifier>
				<transform>
					<row0>	0.6349 0.0000 0.0000 0.0000	</row0>
					<row1>	0.0000 0.6349 0.0000 0.0000	</row1>
					<row2>	0.0000 0.0000 0.6349 0.0000	</row2>
					<row3>	-0.4425 0.0000 -0.2374 1.0000	</row3>
				</transform>
			</node>
			<node>
				<identifier>	SP_YMS012_YHWR_M_1	</identifier>
				<transform>
					<row0>	0.6026 -0.1605 0.1192 0.0000	</row0>
					<row1>	0.1579 0.6143 0.0293 0.0000	</row1>
