<ASS008_Gato_1943_MidBack_ports.visual>
	<node>
		<identifier>	Scene Root	</identifier>
		<transform>
			<row0>	1.0000 0.0000 0.0000 0.0000	</row0>
			<row1>	0.0000 1.0000 0.0000 0.0000	</row1>
			<row2>	0.0000 0.0000 1.0000 0.0000	</row2>
			<row3>	0.0000 0.0000 0.0000 1.0000	</row3>
		</transform>
		<node>
			<identifier>	MidBack_ports	</identifier>
			<transform>
				<row0>	1.0000 0.0000 0.0000 0.0000	</row0>
				<row1>	0.0000 1.0000 0.0000 0.0000	</row1>
				<row2>	0.0000 0.0000 1.0000 0.0000	</row2>
				<row3>	0.0000 0.0000 0.0000 1.0000	</row3>
			</transform>
			<node>
				<identifier>	HP_FX_Death_3	</identifier>
				<transform>
					<row0>	1.0000 0.0000 0.0000 0.0000	</row0>
					<row1>	0.0000 1.0000 0.0000 0.0000	</row1>
					<row2>	0.0000 0.0000 1.0000 0.0000	</row2>
					<row3>	0.0000 0.0000 -1.6819 1.0000	</row3>
				</transform>
			</node>
			<node>
				<identifier>	HP_FX_Descent_2	</identifier>
				<transform>
					<row0>	0.5712 -0.8208 0.0000 0.0000	</row0>
					<row1>	0.8208 0.5712 0.0000 0.0000	</row1>
					<row2>	0.0000 0.0000 1.0000 0.0000	</row2>
					<row3>	0.1805 0.1095 -0.0543 1.0000	</row3>
				</transform>
			</node>
			<node>
				<identifier>	HP_FX_Descent_4	</identifier>
				<transform>
					<row0>	-0.5281 -0.8492 0.0000 0.0000	</row0>
					<row1>	-0.8492 0.5281 0.0000 0.0000	</row1>
					<row2>	0.0000 0.0000 -1.0000 0.0000	</row2>
					<row3>	-0.1592 0.1002 -1.2155 1.0000	</row3>
				</transform>
			</node>
			<node>
				<identifier>	HP_FX_Flood_steam_1	</identifier>
				<transform>
					<row0>	0.0915 -0.9958 0.0092 0.0000	</row0>
					<row1>	0.9908 0.0920 0.1001 0.0000	</row1>
					<row2>	-0.1005 0.0000 0.9949 0.0000	</row2>
					<row3>	0.1774 0.0619 -0.9612 1.0000	</row3>
				</transform>
			</node>
			<node>
				<identifier>	HP_FX_Flood_steam_2	</identifier>
				<transform>
					<row0>	0.4141 0.9102 0.0000 0.0000	</row0>
					<row1>	-0.9102 0.4141 0.0000 0.0000	</row1>
					<row2>	0.0000 0.0000 1.0000 0.0000	</row2>
					<row3>	-0.1564 0.0572 -1.5355 1.0000	</row3>
				</transform>
			</node>
			<node>
				<identifier>	HP_FX_Flood_water_left	</identifier>
				<transform>
					<row0>	-0.9986 0.0000 -0.0527 0.0000	</row0>
					<row1>	0.0000 1.0000 0.0000 0.0000	</row1>
					<row2>	0.0527 0.0000 -0.9986 0.0000	</row2>
					<row3>	-0.1269 0.0998 -1.8897 1.0000	</row3>
				</transform>
			</node>
			<node>
				<identifier>	HP_FX_Flood_water_right	</identifier>
				<transform>
					<row0>	1.0000 0.0000 0.0000 0.0000	</row0>
					<row1>	0.0000 1.0000 0.0000 0.0000	</row1>
					<row2>	0.0000 0.0000 1.0000 0.0000	</row2>
					<row3>	0.1139 0.0979 -2.0261 1.0000	</row3>
				</transform>
			</node>
			<node>
				<identifier>	HP_FX_Runoff_deluge_left_10	</identifier>
				<transform>
					<row0>	-0.9861 -0.1660 -0.0043 0.0000	</row0>
					<row1>	-0.1661 0.9859 0.0209 0.0000	</row1>
					<row2>	0.0009 0.0213 -0.9998 0.0000	</row2>
					<row3>	-0.1598 0.0296 -1.1947 1.0000	</row3>
				</transform>
			</node>
			<node>
				<identifier>	HP_FX_Runoff_deluge_left_11	</identifier>
				<transform>
					<row0>	-0.9850 -0.1660 -0.0454 0.0000	</row0>
					<row1>	-0.1668 0.9859 0.0139 0.0000	</row1>
					<row2>	0.0425 0.0213 -0.9989 0.0000	</row2>
					<row3>	-0.1487 0.0325 -1.4824 1.0000	</row3>
				</transform>
			</node>
			<node>
				<identifier>	HP_FX_Runoff_deluge_left_12	</identifier>
				<transform>
					<row0>	-0.8803 -0.4647 -0.0945 0.0000	</row0>
					<row1>	-0.4673 0.8841 0.0056 0.0000	</row1>
					<row2>	0.0811 0.0491 -0.9955 0.0000	</row2>
					<row3>	-0.1154 0.0413 -2.0110 1.0000	</row3>
				</transform>
			</node>
			<node>
				<identifier>	HP_FX_Runoff_deluge_left_7	</identifier>
				<transform>
					<row0>	-0.9941 -0.1081 -0.0043 0.0000	</row0>
					<row1>	-0.1082 0.9939 0.0209 0.0000	</row1>
					<row2>	0.0021 0.0212 -0.9998 0.0000	</row2>
					<row3>	-0.1757 0.0334 -0.1054 1.0000	</row3>
				</transform>
			</node>
			<node>
				<identifier>	HP_FX_Runoff_deluge_left_8	</identifier>
				<transform>
					<row0>	-0.9941 -0.1081 -0.0043 0.0000	</row0>
					<row1>	-0.1082 0.9939 0.0209 0.0000	</row1>
					<row2>	0.0021 0.0212 -0.9998 0.0000	</row2>
					<row3>	-0.1747 0.0316 -0.4520 1.0000	</row3>
				</transform>
			</node>
			<node>
				<identifier>	HP_FX_Runoff_deluge_left_9	</identifier>
				<transform>
					<row0>	-0.9941 -0.1081 -0.0043 0.0000	</row0>
					<row1>	-0.1082 0.9939 0.0209 0.0000	</row1>
					<row2>	0.0021 0.0212 -0.9998 0.0000	</row2>
					<row3>	-0.1732 0.0290 -0.8308 1.0000	</row3>
				</transform>
			</node>
			<node>
				<identifier>	HP_FX_Runoff_deluge_right_10	</identifier>
				<transform>
					<row0>	0.9861 -0.1660 -0.0044 0.0000	</row0>
					<row1>	0.1661 0.9859 0.0209 0.0000	</row1>
					<row2>	0.0009 -0.0213 0.9998 0.0000	</row2>
					<row3>	0.1599 0.0300 -1.1944 1.0000	</row3>
				</transform>
			</node>
			<node>
				<identifier>	HP_FX_Runoff_deluge_right_11	</identifier>
				<transform>
					<row0>	0.9850 -0.1660 -0.0465 0.0000	</row0>
					<row1>	0.1668 0.9859 0.0137 0.0000	</row1>
					<row2>	0.0436 -0.0213 0.9988 0.0000	</row2>
					<row3>	0.1489 0.0320 -1.4823 1.0000	</row3>
				</transform>
			</node>
			<node>
				<identifier>	HP_FX_Runoff_deluge_right_12	</identifier>
				<transform>
					<row0>	0.8804 -0.4647 -0.0945 0.0000	</row0>
					<row1>	0.4673 0.8841 0.0056 0.0000	</row1>
					<row2>	0.0810 -0.0491 0.9955 0.0000	</row2>
					<row3>	0.1159 0.0410 -2.0110 1.0000	</row3>
				</transform>
			</node>
			<node>
				<identifier>	HP_FX_Runoff_deluge_right_7	</identifier>
				<transform>
					<row0>	0.9941 -0.1081 -0.0044 0.0000	</row0>
					<row1>	0.1082 0.9939 0.0209 0.0000	</row1>
					<row2>	0.0021 -0.0212 0.9998 0.0000	</row2>
					<row3>	0.1759 0.0330 -0.1059 1.0000	</row3>
				</transform>
			</node>
			<node>
				<identifier>	HP_FX_Runoff_deluge_right_8	</identifier>
				<transform>
					<row0>	0.9941 -0.1081 -0.0044 0.0000	</row0>
					<row1>	0.1082 0.9939 0.0209 0.0000	</row1>
					<row2>	0.0021 -0.0212 0.9998 0.0000	</row2>
					<row3>	0.1749 0.0320 -0.4518 1.0000	</row3>
				</transform>
			</node>
			<node>
				<identifier>	HP_FX_Runoff_deluge_right_9	</identifier>
				<transform>
					<row0>	0.9941 -0.1081 -0.0044 0.0000	</row0>
					<row1>	0.1082 0.9939 0.0209 0.0000	</row1>
					<row2>	0.0021 -0.0212 0.9998 0.0000	</row2>
					<row3>	0.1729 0.0290 -0.8306 1.0000	</row3>
				</transform>
			</node>
			<node>
				<identifier>	HP_FX_Runoff_left_2	</identifier>
				<transform>
					<row0>	-0.9995 0.0238 -0.0191 0.0000	</row0>
					<row1>	0.0242 0.9995 -0.0202 0.0000	</row1>
					<row2>	0.0186 -0.0205 -0.9995 0.0000	</row2>
					<row3>	-0.1897 0.1095 -0.0977 1.0000	</row3>
				</transform>
			</node>
			<node>
				<identifier>	HP_FX_Runoff_left_3	</identifier>
				<transform>
					<row0>	-0.9995 0.0013 -0.0331 0.0000	</row0>
					<row1>	0.0018 0.9998 -0.0206 0.0000	</row1>
					<row2>	0.0331 -0.0205 -0.9992 0.0000	</row2>
					<row3>	-0.1687 0.1006 -1.1004 1.0000	</row3>
				</transform>
			</node>
			<node>
				<identifier>	HP_FX_Runoff_right_2	</identifier>
				<transform>
					<row0>	0.9995 0.0238 -0.0192 0.0000	</row0>
					<row1>	-0.0242 0.9995 -0.0201 0.0000	</row1>
					<row2>	0.0187 0.0205 0.9996 0.0000	</row2>
					<row3>	0.1899 0.1099 -0.0980 1.0000	</row3>
				</transform>
			</node>
			<node>
				<identifier>	HP_FX_Runoff_right_3	</identifier>
				<transform>
					<row0>	0.9994 0.0013 -0.0332 0.0000	</row0>
					<row1>	-0.0020 0.9998 -0.0205 0.0000	</row1>
					<row2>	0.0331 0.0205 0.9992 0.0000	</row2>
					<row3>	0.1689 0.1009 -1.1004 1.0000	</row3>
				</transform>
			</node>
			<node>
				<identifier>	HP_FX_Runoff_up_left_3	</identifier>
				<transform>
					<row0>	-0.9994 0.0000 -0.0349 0.0000	</row0>
					<row1>	0.0001 1.0000 -0.0035 0.0000	</row1>
					<row2>	0.0349 -0.0035 -0.9994 0.0000	</row2>
					<row3>	-0.1335 0.1180 -0.3778 1.0000	</row3>
				</transform>
			</node>
			<node>
				<identifier>	HP_FX_Runoff_up_right_3	</identifier>
				<transform>
					<row0>	0.9994 0.0000 -0.0349 0.0000	</row0>
					<row1>	-0.0001 1.0000 -0.0035 0.0000	</row1>
					<row2>	0.0349 0.0035 0.9994 0.0000	</row2>
					<row3>	0.1339 0.1179 -0.3778 1.0000	</row3>
				</transform>
			</node>
			<node>
				<identifier>	MP_AM700_20mm_Oerlikon_Sub	</identifier>
				<transform>
					<row0>	-1.0000 0.0000 0.0000 0.0000	</row0>
					<row1>	0.0000 1.0000 0.0000 0.0000	</row1>
					<row2>	0.0000 0.0000 -1.0000 0.0000	</row2>
					<row3>	0.0000 0.2552 0.4012 1.0000	</row3>
				</transform>
			</node>
		</node>
	</node>
	<boundingBox>
		<min>	-0.0667 -0.0667 -0.0667	</min>
		<max>	0.0667 0.0667 0.0667	</max>
	</boundingBox>
</ASS008_Gato_1943_MidBack_ports.visual>
