<ISC018_Zara_1937_Stern_ports.visual>
	<node>
		<identifier>	Scene Root	</identifier>
		<transform>
			<row0>	1.0000 0.0000 0.0000 0.0000	</row0>
			<row1>	0.0000 1.0000 0.0000 0.0000	</row1>
			<row2>	0.0000 0.0000 1.0000 0.0000	</row2>
			<row3>	0.0000 0.0000 0.0000 1.0000	</row3>
		</transform>
		<node>
			<identifier>	Stern_ports	</identifier>
			<transform>
				<row0>	1.0000 0.0000 0.0000 0.0000	</row0>
				<row1>	0.0000 1.0000 0.0000 0.0000	</row1>
				<row2>	0.0000 0.0000 1.0000 0.0000	</row2>
				<row3>	0.0000 0.0000 0.0000 1.0000	</row3>
			</transform>
			<node>
				<identifier>	HP_FX_Death_3	</identifier>
				<transform>
					<row0>	1.0000 0.0000 0.0000 0.0000	</row0>
					<row1>	0.0000 1.0000 0.0000 0.0000	</row1>
					<row2>	0.0000 0.0000 1.0000 0.0000	</row2>
					<row3>	0.0000 0.0000 -3.3065 1.0000	</row3>
				</transform>
			</node>
			<node>
				<identifier>	HP_FX_Fire_4	</identifier>
				<transform>
					<row0>	1.0000 0.0000 0.0000 0.0000	</row0>
					<row1>	0.0000 1.0000 0.0000 0.0000	</row1>
					<row2>	0.0000 0.0000 1.0000 0.0000	</row2>
					<row3>	0.0000 0.2663 -4.7289 1.0000	</row3>
				</transform>
			</node>
			<node>
				<identifier>	HP_FX_Flood_steam_right	</identifier>
				<transform>
					<row0>	1.0000 0.0000 0.0000 0.0000	</row0>
					<row1>	0.0000 1.0000 0.0000 0.0000	</row1>
					<row2>	0.0000 0.0000 1.0000 0.0000	</row2>
					<row3>	0.5408 0.2342 -3.9095 1.0000	</row3>
				</transform>
			</node>
			<node>
				<identifier>	HP_FX_WakeTraceBack	</identifier>
				<transform>
					<row0>	1.0000 0.0000 0.0000 0.0000	</row0>
					<row1>	0.0000 1.0000 0.0000 0.0000	</row1>
					<row2>	0.0000 0.0000 1.0000 0.0000	</row2>
					<row3>	0.0000 0.0000 -6.0674 1.0000	</row3>
				</transform>
			</node>
			<node>
				<identifier>	HP_FX_WakeTrace_screw_1	</identifier>
				<transform>
					<row0>	1.0000 0.0000 0.0000 0.0000	</row0>
					<row1>	0.0000 1.0000 0.0000 0.0000	</row1>
					<row2>	0.0000 0.0000 1.0000 0.0000	</row2>
					<row3>	-0.2971 -0.3306 -5.0951 1.0000	</row3>
				</transform>
			</node>
			<node>
				<identifier>	HP_FX_WakeTrace_screw_2	</identifier>
				<transform>
					<row0>	1.0000 0.0000 0.0000 0.0000	</row0>
					<row1>	0.0000 1.0000 0.0000 0.0000	</row1>
					<row2>	0.0000 0.0000 1.0000 0.0000	</row2>
					<row3>	0.2971 -0.3306 -5.0951 1.0000	</row3>
				</transform>
			</node>
			<node>
				<identifier>	HP_IGA_19	</identifier>
				<transform>
					<row0>	0.0000 0.0000 1.0000 0.0000	</row0>
					<row1>	0.0000 1.0000 0.0000 0.0000	</row1>
					<row2>	-1.0000 0.0000 0.0000 0.0000	</row2>
					<row3>	-0.3192 0.2689 -4.4656 1.0000	</row3>
				</transform>
			</node>
			<node>
				<identifier>	HP_IGA_20	</identifier>
				<transform>
					<row0>	0.0000 0.0000 -1.0000 0.0000	</row0>
					<row1>	0.0000 1.0000 0.0000 0.0000	</row1>
					<row2>	1.0000 0.0000 0.0000 0.0000	</row2>
					<row3>	0.3192 0.2689 -4.4656 1.0000	</row3>
				</transform>
			</node>
			<node>
				<identifier>	HP_IGA_21	</identifier>
				<transform>
					<row0>	0.0000 0.0000 1.0000 0.0000	</row0>
					<row1>	0.0000 1.0000 0.0000 0.0000	</row1>
					<row2>	-1.0000 0.0000 0.0000 0.0000	</row2>
					<row3>	-0.2306 0.2619 -4.7926 1.0000	</row3>
				</transform>
			</node>
			<node>
				<identifier>	HP_IGA_22	</identifier>
				<transform>
					<row0>	0.0000 0.0000 -1.0000 0.0000	</row0>
					<row1>	0.0000 1.0000 0.0000 0.0000	</row1>
					<row2>	1.0000 0.0000 0.0000 0.0000	</row2>
					<row3>	0.2306 0.2619 -4.7926 1.0000	</row3>
				</transform>
			</node>
			<node>
				<identifier>	HP_IGB_1	</identifier>
				<transform>
					<row0>	-0.1736 0.0000 0.9848 0.0000	</row0>
					<row1>	0.0000 1.0000 0.0000 0.0000	</row1>
					<row2>	-0.9848 0.0000 -0.1736 0.0000	</row2>
					<row3>	-0.2701 0.2619 -5.0524 1.0000	</row3>
				</transform>
			</node>
			<node>
				<identifier>	HP_IGB_2	</identifier>
				<transform>
					<row0>	-0.1736 0.0000 -0.9848 0.0000	</row0>
					<row1>	0.0000 1.0000 0.0000 0.0000	</row1>
					<row2>	0.9848 0.0000 -0.1736 0.0000	</row2>
					<row3>	0.2701 0.2619 -5.0524 1.0000	</row3>
				</transform>
			</node>
			<node>
				<identifier>	HP_IGM_4	</identifier>
				<transform>
					<row0>	-1.0000 0.0000 0.0000 0.0000	</row0>
					<row1>	0.0000 1.0000 0.0000 0.0000	</row1>
					<row2>	0.0000 0.0000 -1.0000 0.0000	</row2>
					<row3>	0.0000 0.3254 -3.0271 1.0000	</row3>
				</transform>
			</node>
			<node>
				<identifier>	HP_Ship_death_3	</identifier>
				<transform>
					<row0>	1.0000 0.0000 0.0000 0.0000	</row0>
					<row1>	0.0000 1.0000 0.0000 0.0000	</row1>
					<row2>	0.0000 0.0000 1.0000 0.0000	</row2>
					<row3>	0.0000 0.0000 -2.6588 1.0000	</row3>
				</transform>
			</node>
			<node>
				<identifier>	MP_CM001_Propeller3_L	</identifier>
				<transform>
					<row0>	0.9123 0.0007 0.0135 0.0000	</row0>
					<row1>	0.0000 0.9112 -0.0456 0.0000	</row1>
					<row2>	-0.0135 0.0456 0.9111 0.0000	</row2>
					<row3>	-0.2971 -0.3306 -5.0951 1.0000	</row3>
				</transform>
			</node>
			<node>
				<identifier>	MP_CM011_Fire_Fighting_Gear	</identifier>
				<transform>
					<row0>	-1.0000 0.0000 0.0000 0.0000	</row0>
					<row1>	0.0000 1.0000 0.0000 0.0000	</row1>
					<row2>	0.0000 0.0000 -1.0000 0.0000	</row2>
					<row3>	0.0000 0.2742 -3.9897 1.0000	</row3>
				</transform>
			</node>
			<node>
				<identifier>	MP_CM013_Fire_Hose_Rack_2	</identifier>
				<transform>
					<row0>	0.7719 0.0000 0.6357 0.0000	</row0>
					<row1>	0.0000 1.0000 0.0000 0.0000	</row1>
					<row2>	-0.6357 0.0000 0.7719 0.0000	</row2>
					<row3>	-0.1657 0.3036 -3.1601 1.0000	</row3>
				</transform>
			</node>
			<node>
				<identifier>	MP_CM013_Fire_Hose_Rack_2_INDEX_1	</identifier>
				<transform>
					<row0>	-0.7610 0.0000 0.6487 0.0000	</row0>
					<row1>	0.0000 1.0000 0.0000 0.0000	</row1>
					<row2>	-0.6487 0.0000 -0.7610 0.0000	</row2>
					<row3>	0.1657 0.3036 -3.1594 1.0000	</row3>
				</transform>
			</node>
			<node>
				<identifier>	MP_CM032_Propeller3_R	</identifier>
				<transform>
					<row0>	0.9123 -0.0007 -0.0135 0.0000	</row0>
					<row1>	0.0000 0.9112 -0.0456 0.0000	</row1>
					<row2>	0.0135 0.0456 0.9111 0.0000	</row2>
					<row3>	0.2971 -0.3306 -5.0951 1.0000	</row3>
				</transform>
			</node>
			<node>
				<identifier>	MP_CM126_Cleat	</identifier>
				<transform>
					<row0>	0.9886 0.0000 -0.1503 0.0000	</row0>
					<row1>	0.0000 1.0000 0.0000 0.0000	</row1>
					<row2>	0.1503 0.0000 0.9886 0.0000	</row2>
					<row3>	0.3833 0.2611 -4.8093 1.0000	</row3>
				</transform>
			</node>
			<node>
				<identifier>	MP_CM126_Cleat_INDEX_1	</identifier>
				<transform>
					<row0>	0.9825 0.0000 0.1863 0.0000	</row0>
					<row1>	0.0000 1.0000 0.0000 0.0000	</row1>
					<row2>	-0.1863 0.0000 0.9825 0.0000	</row2>
					<row3>	-0.2900 0.2611 -5.4852 1.0000	</row3>
				</transform>
			</node>
			<node>
				<identifier>	MP_CM126_Cleat_INDEX_2	</identifier>
				<transform>
					<row0>	0.9825 0.0000 -0.1863 0.0000	</row0>
					<row1>	0.0000 1.0000 0.0000 0.0000	</row1>
					<row2>	0.1863 0.0000 0.9825 0.0000	</row2>
					<row3>	0.2900 0.2611 -5.4852 1.0000	</row3>
				</transform>
			</node>
			<node>
				<identifier>	MP_CM126_Cleat_INDEX_3	</identifier>
				<transform>
					<row0>	0.9886 0.0000 0.1503 0.0000	</row0>
					<row1>	0.0000 1.0000 0.0000 0.0000	</row1>
					<row2>	-0.1503 0.0000 0.9886 0.0000	</row2>
					<row3>	-0.3833 0.2611 -4.8093 1.0000	</row3>
				</transform>
			</node>
			<node>
				<identifier>	MP_IM003_Crown	</identifier>
				<transform>
					<row0>	1.0000 0.0000 0.0000 0.0000	</row0>
					<row1>	0.0000 0.9859 0.1672 0.0000	</row1>
					<row2>	0.0000 -0.1672 0.9859 0.0000	</row2>
					<row3>	0.0000 0.2208 -6.0467 1.0000	</row3>
				</transform>
			</node>
			<node>
				<identifier>	MP_IM019_Life_Buoy	</identifier>
				<transform>
					<row0>	-0.0589 -0.0022 0.9983 0.0000	</row0>
					<row1>	-0.0374 0.9993 0.0000 0.0000	</row1>
					<row2>	-0.9976 -0.0374 -0.0589 0.0000	</row2>
					<row3>	-0.5538 0.1750 -3.3008 1.0000	</row3>
				</transform>
			</node>
			<node>
				<identifier>	MP_IM019_Life_Buoy_INDEX_1	</identifier>
				<transform>
					<row0>	-0.1238 0.0027 -0.9923 0.0000	</row0>
					<row1>	0.1300 0.9914 -0.0135 0.0000	</row1>
					<row2>	0.9838 -0.1307 -0.1231 0.0000	</row2>
					<row3>	0.4323 0.1754 -4.6317 1.0000	</row3>
				</transform>
			</node>
			<node>
				<identifier>	MP_IM019_Life_Buoy_INDEX_2	</identifier>
				<transform>
					<row0>	-0.0589 0.0022 -0.9983 0.0000	</row0>
					<row1>	0.0374 0.9993 0.0000 0.0000	</row1>
					<row2>	0.9976 -0.0374 -0.0589 0.0000	</row2>
					<row3>	0.5538 0.1750 -3.3008 1.0000	</row3>
				</transform>
			</node>
			<node>
				<identifier>	MP_IM019_Life_Buoy_INDEX_3	</identifier>
				<transform>
					<row0>	-0.1134 0.0013 -0.9935 0.0000	</row0>
					<row1>	0.1300 0.9914 -0.0135 0.0000	</row1>
					<row2>	0.9850 -0.1307 -0.1126 0.0000	</row2>
					<row3>	0.4478 0.1752 -4.5009 1.0000	</row3>
				</transform>
			</node>
			<node>
				<identifier>	MP_IM019_Life_Buoy_INDEX_4	</identifier>
				<transform>
					<row0>	-0.1238 -0.0027 0.9923 0.0000	</row0>
					<row1>	-0.1300 0.9914 -0.0135 0.0000	</row1>
					<row2>	-0.9838 -0.1307 -0.1231 0.0000	</row2>
					<row3>	-0.4323 0.1754 -4.6317 1.0000	</row3>
				</transform>
			</node>
			<node>
				<identifier>	MP_IM019_Life_Buoy_INDEX_5	</identifier>
				<transform>
					<row0>	-0.1134 -0.0013 0.9935 0.0000	</row0>
					<row1>	-0.1300 0.9914 -0.0135 0.0000	</row1>
					<row2>	-0.9850 -0.1307 -0.1126 0.0000	</row2>
					<row3>	-0.4478 0.1752 -4.5009 1.0000	</row3>
				</transform>
			</node>
			<node>
				<identifier>	MP_IM031_Fire_Fighting	</identifier>
				<transform>
					<row0>	1.0000 0.0000 0.0000 0.0000	</row0>
					<row1>	0.0000 1.0000 0.0000 0.0000	</row1>
					<row2>	0.0000 0.0000 1.0000 0.0000	</row2>
					<row3>	0.0000 0.2710 -4.6947 1.0000	</row3>
				</transform>
			</node>
			<node>
				<identifier>	MP_IM033_Life_Buoy	</identifier>
				<transform>
					<row0>	0.1888 0.0000 -0.9820 0.0000	</row0>
					<row1>	0.0000 1.0000 0.0000 0.0000	</row1>
					<row2>	0.9820 0.0000 0.1888 0.0000	</row2>
					<row3>	-0.3158 0.3353 -5.4535 1.0000	</row3>
				</transform>
			</node>
			<node>
				<identifier>	MP_IM033_Life_Buoy_INDEX_1	</identifier>
				<transform>
					<row0>	0.1888 0.0000 0.9820 0.0000	</row0>
					<row1>	0.0000 1.0000 0.0000 0.0000	</row1>
					<row2>	-0.9820 0.0000 0.1888 0.0000	</row2>
					<row3>	0.3158 0.3353 -5.4535 1.0000	</row3>
				</transform>
			</node>
			<node>
				<identifier>	MP_IM506_Boat_8_6m	</identifier>
				<transform>
					<row0>	1.0000 0.0000 0.0000 0.0000	</row0>
					<row1>	0.0000 1.0000 0.0000 0.0000	</row1>
					<row2>	0.0000 0.0000 1.0000 0.0000	</row2>
					<row3>	0.4163 0.2807 -3.7982 1.0000	</row3>
				</transform>
			</node>
			<node>
				<identifier>	MP_IM506_Boat_8_6m_INDEX_1	</identifier>
				<transform>
					<row0>	1.0000 0.0000 0.0000 0.0000	</row0>
					<row1>	0.0000 1.0000 0.0000 0.0000	</row1>
					<row2>	0.0000 0.0000 1.0000 0.0000	</row2>
					<row3>	-0.4163 0.2807 -3.7982 1.0000	</row3>
				</transform>
			</node>
			<node>
				<identifier>	MP_IM800_Ventilation	</identifier>
				<transform>
					<row0>	-0.1316 0.0000 0.9913 0.0000	</row0>
					<row1>	0.0000 1.0000 0.0000 0.0000	</row1>
					<row2>	-0.9913 0.0000 -0.1316 0.0000	</row2>
					<row3>	-0.3489 0.2615 -4.9620 1.0000	</row3>
				</transform>
			</node>
			<node>
				<identifier>	MP_IM800_Ventilation_INDEX_1	</identifier>
				<transform>
					<row0>	-0.1316 0.0000 -0.9913 0.0000	</row0>
					<row1>	0.0000 1.0000 0.0000 0.0000	</row1>
					<row2>	0.9913 0.0000 -0.1316 0.0000	</row2>
					<row3>	0.3489 0.2615 -4.9620 1.0000	</row3>
				</transform>
			</node>
			<node>
				<identifier>	MP_IM951_Anchor_up	</identifier>
				<transform>
					<row0>	0.5800 0.0625 0.1402 0.0000	</row0>
					<row1>	-0.0608 0.5967 -0.0147 0.0000	</row1>
					<row2>	-0.1528 0.0000 0.6318 0.0000	</row2>
					<row3>	-0.2583 0.0902 -5.6928 1.0000	</row3>
				</transform>
			</node>
			<node>
				<identifier>	MP_IM952_Anchor_Bottom	</identifier>
				<transform>
					<row0>	0.6315 0.0000 0.1538 0.0000	</row0>
					<row1>	0.0000 0.6500 0.0000 0.0000	</row1>
					<row2>	-0.1538 0.0000 0.6315 0.0000	</row2>
					<row3>	-0.2604 0.0900 -5.6928 1.0000	</row3>
				</transform>
			</node>
		</node>
	</node>
	<boundingBox>
		<min>	-0.0667 -0.0667 -0.0667	</min>
		<max>	0.0667 0.0667 0.0667	</max>
	</boundingBox>
</ISC018_Zara_1937_Stern_ports.visual>
