<RSA001_Chkalov_1945_MidFront_ports.visual>
	<node>
		<identifier>	Scene Root	</identifier>
		<transform>
			<row0>	1.0000 0.0000 0.0000 0.0000	</row0>
			<row1>	0.0000 1.0000 0.0000 0.0000	</row1>
			<row2>	0.0000 0.0000 1.0000 0.0000	</row2>
			<row3>	0.0000 0.0000 0.0000 1.0000	</row3>
		</transform>
		<node>
			<identifier>	MidFront_ports	</identifier>
			<transform>
				<row0>	1.0000 0.0000 0.0000 0.0000	</row0>
				<row1>	0.0000 1.0000 0.0000 0.0000	</row1>
				<row2>	0.0000 0.0000 1.0000 0.0000	</row2>
				<row3>	0.0000 0.0000 0.0000 1.0000	</row3>
			</transform>
			<node>
				<identifier>	HP_DeckStart	</identifier>
				<transform>
					<row0>	1.0000 0.0000 0.0000 0.0000	</row0>
					<row1>	0.0000 1.0000 0.0000 0.0000	</row1>
					<row2>	0.0000 0.0000 1.0000 0.0000	</row2>
					<row3>	0.0000 0.9328 3.0589 1.0000	</row3>
				</transform>
			</node>
			<node>
				<identifier>	HP_Deck_18	</identifier>
				<transform>
					<row0>	1.0000 0.0000 0.0000 0.0000	</row0>
					<row1>	0.0000 1.0000 0.0000 0.0000	</row1>
					<row2>	0.0000 0.0000 1.0000 0.0000	</row2>
					<row3>	-0.0142 0.9328 -0.9261 1.0000	</row3>
				</transform>
			</node>
			<node>
				<identifier>	HP_Deck_19	</identifier>
				<transform>
					<row0>	1.0000 0.0000 0.0000 0.0000	</row0>
					<row1>	0.0000 1.0000 0.0000 0.0000	</row1>
					<row2>	0.0000 0.0000 1.0000 0.0000	</row2>
					<row3>	-0.4696 0.9328 -0.4080 1.0000	</row3>
				</transform>
			</node>
			<node>
				<identifier>	HP_Deck_20	</identifier>
				<transform>
					<row0>	1.0000 0.0000 0.0000 0.0000	</row0>
					<row1>	0.0000 1.0000 0.0000 0.0000	</row1>
					<row2>	0.0000 0.0000 1.0000 0.0000	</row2>
					<row3>	-0.0142 0.9328 0.2032 1.0000	</row3>
				</transform>
			</node>
			<node>
				<identifier>	HP_FX_Death_1	</identifier>
				<transform>
					<row0>	1.0000 0.0000 0.0000 0.0000	</row0>
					<row1>	0.0000 1.0000 0.0000 0.0000	</row1>
					<row2>	0.0000 0.0000 1.0000 0.0000	</row2>
					<row3>	0.0000 0.0000 4.7729 1.0000	</row3>
				</transform>
			</node>
			<node>
				<identifier>	HP_FX_Death_2	</identifier>
				<transform>
					<row0>	1.0000 0.0000 0.0000 0.0000	</row0>
					<row1>	0.0000 1.0000 0.0000 0.0000	</row1>
					<row2>	0.0000 0.0000 1.0000 0.0000	</row2>
					<row3>	0.0000 0.0000 0.0693 1.0000	</row3>
				</transform>
			</node>
			<node>
				<identifier>	HP_FX_Fire_2	</identifier>
				<transform>
					<row0>	0.9774 0.0000 0.2113 0.0000	</row0>
					<row1>	0.0000 1.0000 0.0000 0.0000	</row1>
					<row2>	-0.2113 0.0000 0.9774 0.0000	</row2>
					<row3>	0.4092 0.9372 2.7677 1.0000	</row3>
				</transform>
			</node>
			<node>
				<identifier>	HP_FX_Fire_2_side_1	</identifier>
				<transform>
					<row0>	1.0000 0.0000 0.0000 0.0000	</row0>
					<row1>	0.0000 1.0000 0.0000 0.0000	</row1>
					<row2>	0.0000 0.0000 1.0000 0.0000	</row2>
					<row3>	0.5521 0.9467 4.6967 1.0000	</row3>
				</transform>
			</node>
			<node>
				<identifier>	HP_FX_Fire_2_side_2	</identifier>
				<transform>
					<row0>	1.0000 0.0000 0.0000 0.0000	</row0>
					<row1>	0.0000 1.0000 0.0000 0.0000	</row1>
					<row2>	0.0000 0.0000 1.0000 0.0000	</row2>
					<row3>	-0.4380 0.9499 1.3106 1.0000	</row3>
				</transform>
			</node>
			<node>
				<identifier>	HP_FX_Fire_2_side_3	</identifier>
				<transform>
					<row0>	1.0000 0.0000 0.0000 0.0000	</row0>
					<row1>	0.0000 1.0000 0.0000 0.0000	</row1>
					<row2>	0.0000 0.0000 1.0000 0.0000	</row2>
					<row3>	0.1414 0.9472 0.3569 1.0000	</row3>
				</transform>
			</node>
			<node>
				<identifier>	HP_FX_FloodLight_left_1	</identifier>
				<transform>
					<row0>	-1.0000 0.0000 0.0000 0.0000	</row0>
					<row1>	0.0000 1.0000 0.0000 0.0000	</row1>
					<row2>	0.0000 0.0000 -1.0000 0.0000	</row2>
					<row3>	-1.0073 0.8894 3.1814 1.0000	</row3>
				</transform>
			</node>
			<node>
				<identifier>	HP_FX_FloodLight_right_1	</identifier>
				<transform>
					<row0>	1.0000 0.0000 0.0000 0.0000	</row0>
					<row1>	0.0000 1.0000 0.0000 0.0000	</row1>
					<row2>	0.0000 0.0000 1.0000 0.0000	</row2>
					<row3>	0.7684 0.7815 4.1098 1.0000	</row3>
				</transform>
			</node>
			<node>
				<identifier>	HP_FX_Flood_steam_left	</identifier>
				<transform>
					<row0>	-0.9999 0.0000 -0.0139 0.0000	</row0>
					<row1>	0.0000 1.0000 0.0000 0.0000	</row1>
					<row2>	0.0139 0.0000 -0.9999 0.0000	</row2>
					<row3>	-0.9818 0.5234 0.0008 1.0000	</row3>
				</transform>
			</node>
			<node>
				<identifier>	HP_FX_Flood_water_left_3	</identifier>
				<transform>
					<row0>	-0.9835 0.0000 0.1807 0.0000	</row0>
					<row1>	0.0000 1.0000 0.0000 0.0000	</row1>
					<row2>	-0.1807 0.0000 -0.9835 0.0000	</row2>
					<row3>	-0.8589 0.0322 1.7387 1.0000	</row3>
				</transform>
			</node>
			<node>
				<identifier>	HP_FX_Flood_water_left_4	</identifier>
				<transform>
					<row0>	-0.9902 0.0000 0.1396 0.0000	</row0>
					<row1>	0.0000 1.0000 0.0000 0.0000	</row1>
					<row2>	-0.1396 0.0000 -0.9902 0.0000	</row2>
					<row3>	-0.4869 0.0323 4.9306 1.0000	</row3>
				</transform>
			</node>
			<node>
				<identifier>	HP_FX_Flood_water_right_3	</identifier>
				<transform>
					<row0>	1.0000 0.0000 0.0000 0.0000	</row0>
					<row1>	0.0000 1.0000 0.0000 0.0000	</row1>
					<row2>	0.0000 0.0000 1.0000 0.0000	</row2>
					<row3>	0.8610 0.0401 1.7383 1.0000	</row3>
				</transform>
			</node>
			<node>
				<identifier>	HP_FX_Flood_water_right_4	</identifier>
				<transform>
					<row0>	0.9760 0.0000 0.2178 0.0000	</row0>
					<row1>	0.0000 1.0000 0.0000 0.0000	</row1>
					<row2>	-0.2178 0.0000 0.9760 0.0000	</row2>
					<row3>	0.4900 0.0359 4.9157 1.0000	</row3>
				</transform>
			</node>
			<node>
				<identifier>	HP_FX_Smoke_2	</identifier>
				<transform>
					<row0>	0.9957 -0.0924 0.0000 0.0000	</row0>
					<row1>	0.0924 0.9957 0.0000 0.0000	</row1>
					<row2>	0.0000 0.0000 1.0000 0.0000	</row2>
					<row3>	1.0189 1.5795 -0.4333 1.0000	</row3>
				</transform>
			</node>
			<node>
				<identifier>	HP_Flagpole	</identifier>
				<transform>
					<row0>	0.6000 0.0000 0.0000 0.0000	</row0>
					<row1>	0.0000 0.6000 0.0000 0.0000	</row1>
					<row2>	0.0000 0.0000 0.6000 0.0000	</row2>
					<row3>	0.9939 2.3801 -0.2549 1.0000	</row3>
				</transform>
			</node>
			<node>
				<identifier>	HP_RF_1	</identifier>
				<transform>
					<row0>	1.0000 0.0000 0.0000 0.0000	</row0>
					<row1>	0.0000 1.0000 0.0000 0.0000	</row1>
					<row2>	0.0000 0.0000 1.0000 0.0000	</row2>
					<row3>	-1.1594 0.9024 0.8191 1.0000	</row3>
				</transform>
			</node>
			<node>
				<identifier>	HP_RF_2	</identifier>
				<transform>
					<row0>	1.0000 0.0000 0.0000 0.0000	</row0>
					<row1>	0.0000 1.0000 0.0000 0.0000	</row1>
					<row2>	0.0000 0.0000 1.0000 0.0000	</row2>
					<row3>	1.1594 0.9024 0.8191 1.0000	</row3>
				</transform>
			</node>
			<node>
				<identifier>	HP_RGA_10	</identifier>
				<transform>
					<row0>	0.0000 0.0000 -1.0000 0.0000	</row0>
					<row1>	0.0000 1.0000 0.0000 0.0000	</row1>
					<row2>	1.0000 0.0000 0.0000 0.0000	</row2>
					<row3>	0.9994 0.7735 1.7968 1.0000	</row3>
				</transform>
			</node>
			<node>
				<identifier>	HP_RGA_11	</identifier>
				<transform>
					<row0>	0.0000 0.0000 1.0000 0.0000	</row0>
					<row1>	0.0000 1.0000 0.0000 0.0000	</row1>
					<row2>	-1.0000 0.0000 0.0000 0.0000	</row2>
					<row3>	-0.9994 0.7874 1.2758 1.0000	</row3>
				</transform>
			</node>
			<node>
				<identifier>	HP_RGA_12	</identifier>
				<transform>
					<row0>	0.0000 0.0000 -1.0000 0.0000	</row0>
					<row1>	0.0000 1.0000 0.0000 0.0000	</row1>
					<row2>	1.0000 0.0000 0.0000 0.0000	</row2>
					<row3>	0.9994 0.7874 1.2758 1.0000	</row3>
				</transform>
			</node>
			<node>
				<identifier>	HP_RGA_9	</identifier>
				<transform>
					<row0>	0.0000 0.0000 1.0000 0.0000	</row0>
					<row1>	0.0000 1.0000 0.0000 0.0000	</row1>
					<row2>	-1.0000 0.0000 0.0000 0.0000	</row2>
					<row3>	-0.9994 0.7735 1.7968 1.0000	</row3>
				</transform>
			</node>
			<node>
				<identifier>	HP_RGS_1	</identifier>
				<transform>
					<row0>	1.0000 0.0000 0.0000 0.0000	</row0>
					<row1>	0.0000 1.0000 0.0000 0.0000	</row1>
					<row2>	0.0000 0.0000 1.0000 0.0000	</row2>
					<row3>	-1.0445 0.7922 3.6116 1.0000	</row3>
				</transform>
			</node>
			<node>
				<identifier>	HP_RGS_2	</identifier>
				<transform>
					<row0>	1.0000 0.0000 0.0000 0.0000	</row0>
					<row1>	0.0000 1.0000 0.0000 0.0000	</row1>
					<row2>	0.0000 0.0000 1.0000 0.0000	</row2>
					<row3>	1.0445 0.7922 3.6116 1.0000	</row3>
				</transform>
			</node>
			<node>
				<identifier>	HP_RGS_3	</identifier>
				<transform>
					<row0>	1.0000 0.0000 0.0000 0.0000	</row0>
					<row1>	0.0000 1.0000 0.0000 0.0000	</row1>
					<row2>	0.0000 0.0000 1.0000 0.0000	</row2>
					<row3>	-1.0298 0.7922 2.4759 1.0000	</row3>
				</transform>
			</node>
			<node>
				<identifier>	HP_RGS_4	</identifier>
				<transform>
					<row0>	1.0000 0.0000 0.0000 0.0000	</row0>
					<row1>	0.0000 1.0000 0.0000 0.0000	</row1>
					<row2>	0.0000 0.0000 1.0000 0.0000	</row2>
					<row3>	1.0445 0.7922 2.4759 1.0000	</row3>
				</transform>
			</node>
			<node>
				<identifier>	HP_RRS_1	</identifier>
				<transform>
					<row0>	1.0000 0.0000 0.0000 0.0000	</row0>
					<row1>	0.0000 1.0000 0.0000 0.0000	</row1>
					<row2>	0.0000 0.0000 1.0000 0.0000	</row2>
					<row3>	0.9946 1.9095 0.3335 1.0000	</row3>
				</transform>
			</node>
			<node>
				<identifier>	HP_RRS_2	</identifier>
				<transform>
					<row0>	1.0000 0.0000 0.0000 0.0000	</row0>
					<row1>	0.0000 1.0000 0.0000 0.0000	</row1>
					<row2>	0.0000 0.0000 1.0000 0.0000	</row2>
					<row3>	0.9946 2.3327 -0.0061 1.0000	</row3>
				</transform>
			</node>
			<node>
				<identifier>	HP_RRS_3	</identifier>
				<transform>
					<row0>	1.0000 0.0000 0.0000 0.0000	</row0>
					<row1>	0.0000 1.0000 0.0000 0.0000	</row1>
					<row2>	0.0000 0.0000 1.0000 0.0000	</row2>
					<row3>	0.9946 2.5761 -0.1913 1.0000	</row3>
				</transform>
			</node>
			<node>
				<identifier>	HP_flag_1	</identifier>
				<transform>
					<row0>	0.9949 -0.1004 -0.0015 0.0000	</row0>
					<row1>	0.1004 0.9945 0.0300 0.0000	</row1>
					<row2>	-0.0015 -0.0300 0.9995 0.0000	</row2>
					<row3>	1.1794 2.3029 -0.0770 1.0000	</row3>
				</transform>
			</node>
			<node>
				<identifier>	HP_flag_2	</identifier>
				<transform>
					<row0>	0.9951 0.0992 0.0015 0.0000	</row0>
					<row1>	-0.0992 0.9946 0.0300 0.0000	</row1>
					<row2>	0.0015 -0.0300 0.9995 0.0000	</row2>
					<row3>	0.8096 2.3027 -0.0770 1.0000	</row3>
				</transform>
			</node>
			<node>
				<identifier>	HP_flag_3	</identifier>
				<transform>
					<row0>	0.9999 -0.0131 0.0000 0.0000	</row0>
					<row1>	0.0131 0.9998 -0.0121 0.0000	</row1>
					<row2>	0.0000 0.0121 0.9999 0.0000	</row2>
					<row3>	1.1061 2.3009 -0.0745 1.0000	</row3>
				</transform>
			</node>
			<node>
				<identifier>	HP_flag_4	</identifier>
				<transform>
					<row0>	0.9999 0.0113 0.0000 0.0000	</row0>
					<row1>	-0.0113 0.9999 -0.0121 0.0000	</row1>
					<row2>	0.0000 0.0121 0.9999 0.0000	</row2>
					<row3>	0.8832 2.3009 -0.0745 1.0000	</row3>
				</transform>
			</node>
			<node>
				<identifier>	HP_flag_courtesy	</identifier>
				<transform>
					<row0>	0.9894 -0.1449 -0.0036 0.0000	</row0>
					<row1>	0.1449 0.9882 0.0489 0.0000	</row1>
					<row2>	-0.0036 -0.0489 0.9988 0.0000	</row2>
					<row3>	1.2213 2.3314 -0.0771 1.0000	</row3>
				</transform>
			</node>
			<node>
				<identifier>	HP_flag_house	</identifier>
				<transform>
					<row0>	0.9897 0.1434 0.0035 0.0000	</row0>
					<row1>	-0.1434 0.9885 0.0489 0.0000	</row1>
					<row2>	0.0035 -0.0489 0.9988 0.0000	</row2>
					<row3>	0.7678 2.3318 -0.0771 1.0000	</row3>
				</transform>
			</node>
			<node>
				<identifier>	HP_flag_nation	</identifier>
				<transform>
					<row0>	0.9976 0.0685 -0.0041 0.0000	</row0>
					<row1>	-0.0685 0.9904 -0.1202 0.0000	</row1>
					<row2>	-0.0041 0.1202 0.9927 0.0000	</row2>
					<row3>	1.0255 2.5494 -0.3056 1.0000	</row3>
				</transform>
			</node>
			<node>
				<identifier>	HP_flag_rank	</identifier>
				<transform>
					<row0>	0.9976 0.0685 -0.0041 0.0000	</row0>
					<row1>	-0.0685 0.9904 -0.1202 0.0000	</row1>
					<row2>	-0.0041 0.1202 0.9927 0.0000	</row2>
					<row3>	1.0405 2.3323 -0.2793 1.0000	</row3>
				</transform>
			</node>
			<node>
				<identifier>	MP_CM010_Fire_Hose_Reel	</identifier>
				<transform>
					<row0>	-1.0000 0.0000 0.0000 0.0000	</row0>
					<row1>	0.0000 1.0000 0.0000 0.0000	</row1>
					<row2>	0.0000 0.0000 -1.0000 0.0000	</row2>
					<row3>	0.9962 0.8041 3.3097 1.0000	</row3>
				</transform>
			</node>
			<node>
				<identifier>	MP_CM010_Fire_Hose_Reel_INDEX_1	</identifier>
				<transform>
					<row0>	1.0000 0.0000 0.0000 0.0000	</row0>
					<row1>	0.0000 1.0000 0.0000 0.0000	</row1>
					<row2>	0.0000 0.0000 1.0000 0.0000	</row2>
					<row3>	-0.9962 0.8064 3.3097 1.0000	</row3>
				</transform>
			</node>
			<node>
				<identifier>	MP_CM010_Fire_Hose_Reel_INDEX_2	</identifier>
				<transform>
					<row0>	0.0000 -1.0000 0.0000 0.0000	</row0>
					<row1>	0.0000 0.0000 1.0000 0.0000	</row1>
					<row2>	-1.0000 0.0000 0.0000 0.0000	</row2>
					<row3>	0.8826 0.5895 3.2265 1.0000	</row3>
				</transform>
			</node>
			<node>
				<identifier>	MP_CM010_Fire_Hose_Reel_INDEX_3	</identifier>
				<transform>
					<row0>	0.0000 -1.0000 0.0000 0.0000	</row0>
					<row1>	0.0000 0.0000 -1.0000 0.0000	</row1>
					<row2>	1.0000 0.0000 0.0000 0.0000	</row2>
					<row3>	-0.8826 0.5895 3.2277 1.0000	</row3>
				</transform>
			</node>
			<node>
				<identifier>	MP_CM011_Fire_Fighting_Gear	</identifier>
				<transform>
					<row0>	0.0000 0.0000 -1.0000 0.0000	</row0>
					<row1>	0.0000 1.0000 0.0000 0.0000	</row1>
					<row2>	1.0000 0.0000 0.0000 0.0000	</row2>
					<row3>	-0.9470 0.7752 2.9017 1.0000	</row3>
				</transform>
			</node>
			<node>
				<identifier>	MP_CM011_Fire_Fighting_Gear_INDEX_1	</identifier>
				<transform>
					<row0>	0.0000 0.0000 1.0000 0.0000	</row0>
					<row1>	0.0000 1.0000 0.0000 0.0000	</row1>
					<row2>	-1.0000 0.0000 0.0000 0.0000	</row2>
					<row3>	0.9470 0.7752 2.9017 1.0000	</row3>
				</transform>
			</node>
			<node>
				<identifier>	MP_CM011_Fire_Fighting_Gear_INDEX_2	</identifier>
				<transform>
					<row0>	0.0000 0.0000 1.0000 0.0000	</row0>
					<row1>	0.0000 1.0000 0.0000 0.0000	</row1>
					<row2>	-1.0000 0.0000 0.0000 0.0000	</row2>
					<row3>	0.8540 0.7752 1.4672 1.0000	</row3>
				</transform>
			</node>
			<node>
				<identifier>	MP_CM011_Fire_Fighting_Gear_INDEX_3	</identifier>
				<transform>
					<row0>	0.0000 0.0000 -1.0000 0.0000	</row0>
					<row1>	0.0000 1.0000 0.0000 0.0000	</row1>
					<row2>	1.0000 0.0000 0.0000 0.0000	</row2>
					<row3>	-0.8540 0.7752 1.4672 1.0000	</row3>
				</transform>
			</node>
			<node>
				<identifier>	MP_CM013_Fire_Hose_Rack_2	</identifier>
				<transform>
					<row0>	0.0000 0.0000 1.0000 0.0000	</row0>
					<row1>	0.0000 1.0000 0.0000 0.0000	</row1>
					<row2>	-1.0000 0.0000 0.0000 0.0000	</row2>
					<row3>	0.9708 0.8328 2.9111 1.0000	</row3>
				</transform>
			</node>
			<node>
				<identifier>	MP_CM013_Fire_Hose_Rack_2_INDEX_1	</identifier>
				<transform>
					<row0>	-1.0000 0.0000 0.0000 0.0000	</row0>
					<row1>	0.0000 1.0000 0.0000 0.0000	</row1>
					<row2>	0.0000 0.0000 -1.0000 0.0000	</row2>
					<row3>	0.8375 0.8519 1.4509 1.0000	</row3>
				</transform>
			</node>
			<node>
				<identifier>	MP_CM013_Fire_Hose_Rack_2_INDEX_2	</identifier>
				<transform>
					<row0>	0.0000 0.0000 1.0000 0.0000	</row0>
					<row1>	0.0000 1.0000 0.0000 0.0000	</row1>
					<row2>	-1.0000 0.0000 0.0000 0.0000	</row2>
					<row3>	-0.9704 0.8328 2.9111 1.0000	</row3>
				</transform>
			</node>
			<node>
				<identifier>	MP_CM013_Fire_Hose_Rack_2_INDEX_3	</identifier>
				<transform>
					<row0>	1.0000 0.0000 0.0000 0.0000	</row0>
					<row1>	0.0000 1.0000 0.0000 0.0000	</row1>
					<row2>	0.0000 0.0000 1.0000 0.0000	</row2>
					<row3>	-0.8375 0.8519 1.4509 1.0000	</row3>
				</transform>
			</node>
			<node>
				<identifier>	MP_CM029_Emergency_Box	</identifier>
				<transform>
					<row0>	0.0000 0.0000 -1.0000 0.0000	</row0>
					<row1>	0.0000 1.0000 0.0000 0.0000	</row1>
					<row2>	1.0000 0.0000 0.0000 0.0000	</row2>
					<row3>	-0.8428 0.8514 1.7472 1.0000	</row3>
				</transform>
			</node>
			<node>
				<identifier>	MP_CM029_Emergency_Box_INDEX_1	</identifier>
				<transform>
					<row0>	0.0000 0.0000 -1.0000 0.0000	</row0>
					<row1>	0.0000 1.0000 0.0000 0.0000	</row1>
					<row2>	1.0000 0.0000 0.0000 0.0000	</row2>
					<row3>	-0.7676 0.8514 2.3253 1.0000	</row3>
				</transform>
			</node>
			<node>
				<identifier>	MP_CM029_Emergency_Box_INDEX_2	</identifier>
				<transform>
					<row0>	0.0000 0.0000 1.0000 0.0000	</row0>
					<row1>	0.0000 1.0000 0.0000 0.0000	</row1>
					<row2>	-1.0000 0.0000 0.0000 0.0000	</row2>
					<row3>	0.8428 0.8514 1.7472 1.0000	</row3>
				</transform>
			</node>
			<node>
				<identifier>	MP_CM029_Emergency_Box_INDEX_3	</identifier>
				<transform>
					<row0>	0.0000 0.0000 1.0000 0.0000	</row0>
					<row1>	0.0000 1.0000 0.0000 0.0000	</row1>
					<row2>	-1.0000 0.0000 0.0000 0.0000	</row2>
					<row3>	0.7676 0.8514 2.3312 1.0000	</row3>
				</transform>
			</node>
			<node>
				<identifier>	MP_CM030_Swab_Rack_2	</identifier>
				<transform>
					<row0>	0.0000 0.0000 -1.0000 0.0000	</row0>
					<row1>	0.0000 1.0000 0.0000 0.0000	</row1>
					<row2>	1.0000 0.0000 0.0000 0.0000	</row2>
					<row3>	0.8365 0.7717 1.8798 1.0000	</row3>
				</transform>
			</node>
			<node>
				<identifier>	MP_CM030_Swab_Rack_2_INDEX_1	</identifier>
				<transform>
					<row0>	0.0000 0.0000 1.0000 0.0000	</row0>
					<row1>	0.0000 1.0000 0.0000 0.0000	</row1>
					<row2>	-1.0000 0.0000 0.0000 0.0000	</row2>
					<row3>	-0.8365 0.7717 1.8797 1.0000	</row3>
				</transform>
			</node>
			<node>
				<identifier>	MP_CM052_Fender	</identifier>
				<transform>
					<row0>	-1.0000 0.0000 0.0000 0.0000	</row0>
					<row1>	0.0000 1.0000 0.0000 0.0000	</row1>
					<row2>	0.0000 0.0000 -1.0000 0.0000	</row2>
					<row3>	0.8623 0.5907 3.3049 1.0000	</row3>
				</transform>
			</node>
			<node>
				<identifier>	MP_CM052_Fender_INDEX_1	</identifier>
				<transform>
					<row0>	-1.0000 0.0000 0.0000 0.0000	</row0>
					<row1>	0.0000 1.0000 0.0000 0.0000	</row1>
					<row2>	0.0000 0.0000 -1.0000 0.0000	</row2>
					<row3>	-0.8623 0.5907 3.3049 1.0000	</row3>
				</transform>
			</node>
			<node>
				<identifier>	MP_CM112_Fire_Extinguisher	</identifier>
				<transform>
					<row0>	-1.0000 0.0000 0.0000 0.0000	</row0>
					<row1>	0.0000 1.0000 0.0000 0.0000	</row1>
					<row2>	0.0000 0.0000 -1.0000 0.0000	</row2>
					<row3>	0.8425 0.7863 1.6390 1.0000	</row3>
				</transform>
			</node>
			<node>
				<identifier>	MP_CM112_Fire_Extinguisher_INDEX_1	</identifier>
				<transform>
					<row0>	-1.0000 0.0000 0.0000 0.0000	</row0>
					<row1>	0.0000 1.0000 0.0000 0.0000	</row1>
					<row2>	0.0000 0.0000 -1.0000 0.0000	</row2>
					<row3>	0.7676 0.7863 2.6286 1.0000	</row3>
				</transform>
			</node>
			<node>
				<identifier>	MP_CM112_Fire_Extinguisher_INDEX_2	</identifier>
				<transform>
					<row0>	1.0000 0.0000 0.0000 0.0000	</row0>
					<row1>	0.0000 1.0000 0.0000 0.0000	</row1>
					<row2>	0.0000 0.0000 1.0000 0.0000	</row2>
					<row3>	-0.7676 0.7863 2.6250 1.0000	</row3>
				</transform>
			</node>
			<node>
				<identifier>	MP_CM112_Fire_Extinguisher_INDEX_3	</identifier>
				<transform>
					<row0>	1.0000 0.0000 0.0000 0.0000	</row0>
					<row1>	0.0000 1.0000 0.0000 0.0000	</row1>
					<row2>	0.0000 0.0000 1.0000 0.0000	</row2>
					<row3>	-0.8425 0.7863 1.6390 1.0000	</row3>
				</transform>
			</node>
			<node>
				<identifier>	MP_RM096_Paravane	</identifier>
				<transform>
					<row0>	0.0000 1.0000 0.0000 0.0000	</row0>
					<row1>	-0.9977 0.0000 0.0681 0.0000	</row1>
					<row2>	0.0681 0.0000 0.9977 0.0000	</row2>
					<row3>	-0.7748 0.6667 3.2189 1.0000	</row3>
				</transform>
			</node>
			<node>
				<identifier>	MP_RM096_Paravane_INDEX_1	</identifier>
				<transform>
					<row0>	0.0000 1.0000 0.0000 0.0000	</row0>
					<row1>	-0.9959 0.0000 0.0904 0.0000	</row1>
					<row2>	0.0904 0.0000 0.9959 0.0000	</row2>
					<row3>	-0.7854 0.6667 2.8645 1.0000	</row3>
				</transform>
			</node>
			<node>
				<identifier>	MP_RM096_Paravane_INDEX_2	</identifier>
				<transform>
					<row0>	0.0000 -1.0000 0.0000 0.0000	</row0>
					<row1>	0.9977 0.0000 0.0681 0.0000	</row1>
					<row2>	-0.0681 0.0000 0.9977 0.0000	</row2>
					<row3>	0.7748 0.6667 3.2189 1.0000	</row3>
				</transform>
			</node>
			<node>
				<identifier>	MP_RM096_Paravane_INDEX_3	</identifier>
				<transform>
					<row0>	0.0000 -1.0000 0.0000 0.0000	</row0>
					<row1>	0.9959 0.0000 0.0904 0.0000	</row1>
					<row2>	-0.0904 0.0000 0.9959 0.0000	</row2>
					<row3>	0.7854 0.6667 2.8645 1.0000	</row3>
				</transform>
			</node>
			<node>
				<identifier>	MP_RM214_Life_Buoy	</identifier>
				<transform>
					<row0>	0.0000 0.0000 -1.0000 0.0000	</row0>
					<row1>	0.0000 1.0000 0.0000 0.0000	</row1>
					<row2>	1.0000 0.0000 0.0000 0.0000	</row2>
					<row3>	-1.1253 0.8469 3.2602 1.0000	</row3>
				</transform>
			</node>
			<node>
				<identifier>	MP_RM214_Life_Buoy_INDEX_1	</identifier>
				<transform>
					<row0>	0.0000 0.0000 -1.0000 0.0000	</row0>
					<row1>	0.0000 1.0000 0.0000 0.0000	</row1>
					<row2>	1.0000 0.0000 0.0000 0.0000	</row2>
					<row3>	-1.1472 0.8463 1.4842 1.0000	</row3>
				</transform>
			</node>
			<node>
				<identifier>	MP_RM214_Life_Buoy_INDEX_2	</identifier>
				<transform>
					<row0>	0.0000 0.0000 -1.0000 0.0000	</row0>
					<row1>	0.0000 1.0000 0.0000 0.0000	</row1>
					<row2>	1.0000 0.0000 0.0000 0.0000	</row2>
					<row3>	-1.1253 0.8469 3.0517 1.0000	</row3>
				</transform>
			</node>
			<node>
				<identifier>	MP_RM214_Life_Buoy_INDEX_3	</identifier>
				<transform>
					<row0>	0.0000 0.0000 1.0000 0.0000	</row0>
					<row1>	0.0000 1.0000 0.0000 0.0000	</row1>
					<row2>	-1.0000 0.0000 0.0000 0.0000	</row2>
					<row3>	1.1472 0.8463 1.4842 1.0000	</row3>
				</transform>
			</node>
			<node>
				<identifier>	MP_RM214_Life_Buoy_INDEX_4	</identifier>
				<transform>
					<row0>	0.0000 0.0000 -1.0000 0.0000	</row0>
					<row1>	0.0000 1.0000 0.0000 0.0000	</row1>
					<row2>	1.0000 0.0000 0.0000 0.0000	</row2>
					<row3>	-1.1253 0.8469 2.8433 1.0000	</row3>
				</transform>
			</node>
			<node>
				<identifier>	MP_RM214_Life_Buoy_INDEX_5	</identifier>
				<transform>
					<row0>	0.0000 0.0000 1.0000 0.0000	</row0>
					<row1>	0.0000 1.0000 0.0000 0.0000	</row1>
					<row2>	-1.0000 0.0000 0.0000 0.0000	</row2>
					<row3>	1.1472 0.8463 1.5883 1.0000	</row3>
				</transform>
			</node>
			<node>
				<identifier>	MP_RM214_Life_Buoy_INDEX_6	</identifier>
				<transform>
					<row0>	0.0000 0.0000 1.0000 0.0000	</row0>
					<row1>	0.0000 1.0000 0.0000 0.0000	</row1>
					<row2>	-1.0000 0.0000 0.0000 0.0000	</row2>
					<row3>	1.1253 0.8469 2.8433 1.0000	</row3>
				</transform>
			</node>
			<node>
				<identifier>	MP_RM214_Life_Buoy_INDEX_7	</identifier>
				<transform>
					<row0>	0.0000 0.0000 -1.0000 0.0000	</row0>
					<row1>	0.0000 1.0000 0.0000 0.0000	</row1>
					<row2>	1.0000 0.0000 0.0000 0.0000	</row2>
					<row3>	-1.1472 0.8463 1.5883 1.0000	</row3>
				</transform>
			</node>
			<node>
				<identifier>	MP_RM214_Life_Buoy_INDEX_8	</identifier>
				<transform>
					<row0>	0.0000 0.0000 1.0000 0.0000	</row0>
					<row1>	0.0000 1.0000 0.0000 0.0000	</row1>
					<row2>	-1.0000 0.0000 0.0000 0.0000	</row2>
					<row3>	1.1253 0.8469 3.0517 1.0000	</row3>
				</transform>
			</node>
			<node>
				<identifier>	MP_RM214_Life_Buoy_INDEX_9	</identifier>
				<transform>
					<row0>	0.0000 0.0000 1.0000 0.0000	</row0>
					<row1>	0.0000 1.0000 0.0000 0.0000	</row1>
					<row2>	-1.0000 0.0000 0.0000 0.0000	</row2>
					<row3>	1.1253 0.8469 3.2602 1.0000	</row3>
				</transform>
			</node>
			<node>
				<identifier>	MP_RM217_Ventilation_Mushroom	</identifier>
				<transform>
					<row0>	0.0000 -1.0000 0.0000 0.0000	</row0>
					<row1>	1.0000 0.0000 0.0000 0.0000	</row1>
					<row2>	0.0000 0.0000 1.0000 0.0000	</row2>
					<row3>	0.9984 0.8801 3.2372 1.0000	</row3>
				</transform>
			</node>
			<node>
				<identifier>	MP_RM217_Ventilation_Mushroom_INDEX_1	</identifier>
				<transform>
					<row0>	0.0000 -1.0000 0.0000 0.0000	</row0>
					<row1>	1.0000 0.0000 0.0000 0.0000	</row1>
					<row2>	0.0000 0.0000 1.0000 0.0000	</row2>
					<row3>	0.8388 0.8811 1.3823 1.0000	</row3>
				</transform>
			</node>
			<node>
				<identifier>	MP_RM217_Ventilation_Mushroom_INDEX_2	</identifier>
				<transform>
					<row0>	0.0000 1.0000 0.0000 0.0000	</row0>
					<row1>	-1.0000 0.0000 0.0000 0.0000	</row1>
					<row2>	0.0000 0.0000 1.0000 0.0000	</row2>
					<row3>	-0.9984 0.8801 3.2372 1.0000	</row3>
				</transform>
			</node>
			<node>
				<identifier>	MP_RM217_Ventilation_Mushroom_INDEX_3	</identifier>
				<transform>
					<row0>	0.0000 1.0000 0.0000 0.0000	</row0>
					<row1>	-1.0000 0.0000 0.0000 0.0000	</row1>
					<row2>	0.0000 0.0000 1.0000 0.0000	</row2>
					<row3>	-0.8388 0.8811 1.3823 1.0000	</row3>
				</transform>
			</node>
			<node>
				<identifier>	MP_RM217_Ventilation_Mushroom_INDEX_4	</identifier>
				<transform>
					<row0>	0.0000 1.0000 0.0000 0.0000	</row0>
					<row1>	-1.0000 0.0000 0.0000 0.0000	</row1>
					<row2>	0.0000 0.0000 1.0000 0.0000	</row2>
					<row3>	-0.8363 0.8813 1.6997 1.0000	</row3>
				</transform>
			</node>
			<node>
				<identifier>	MP_RM217_Ventilation_Mushroom_INDEX_5	</identifier>
				<transform>
					<row0>	0.0000 -1.0000 0.0000 0.0000	</row0>
					<row1>	1.0000 0.0000 0.0000 0.0000	</row1>
					<row2>	0.0000 0.0000 1.0000 0.0000	</row2>
					<row3>	0.8388 0.8809 1.6995 1.0000	</row3>
				</transform>
			</node>
			<node>
				<identifier>	MP_RM225_Alarm	</identifier>
				<transform>
					<row0>	-0.5477 0.0000 0.8367 0.0000	</row0>
					<row1>	0.0000 1.0000 0.0000 0.0000	</row1>
					<row2>	-0.8367 0.0000 -0.5477 0.0000	</row2>
					<row3>	-0.9037 0.8815 2.8552 1.0000	</row3>
				</transform>
			</node>
			<node>
				<identifier>	MP_RM225_Alarm_INDEX_1	</identifier>
				<transform>
					<row0>	-0.5477 0.0000 -0.8367 0.0000	</row0>
					<row1>	0.0000 1.0000 0.0000 0.0000	</row1>
					<row2>	0.8367 0.0000 -0.5477 0.0000	</row2>
					<row3>	0.9036 0.8815 2.8553 1.0000	</row3>
				</transform>
			</node>
			<node>
				<identifier>	MP_RM225_Alarm_INDEX_2	</identifier>
				<transform>
					<row0>	0.0000 0.0000 1.0000 0.0000	</row0>
					<row1>	0.0000 1.0000 0.0000 0.0000	</row1>
					<row2>	-1.0000 0.0000 0.0000 0.0000	</row2>
					<row3>	-0.8375 0.9002 1.4679 1.0000	</row3>
				</transform>
			</node>
			<node>
				<identifier>	MP_RM225_Alarm_INDEX_3	</identifier>
				<transform>
					<row0>	0.0000 0.0000 -1.0000 0.0000	</row0>
					<row1>	0.0000 1.0000 0.0000 0.0000	</row1>
					<row2>	1.0000 0.0000 0.0000 0.0000	</row2>
					<row3>	0.8375 0.9002 1.4679 1.0000	</row3>
				</transform>
			</node>
			<node>
				<identifier>	MP_RM236_Telephone	</identifier>
				<transform>
					<row0>	0.0000 0.0000 1.0000 0.0000	</row0>
					<row1>	0.0000 1.0000 0.0000 0.0000	</row1>
					<row2>	-1.0000 0.0000 0.0000 0.0000	</row2>
					<row3>	-0.8375 0.8672 1.6683 1.0000	</row3>
				</transform>
			</node>
			<node>
				<identifier>	MP_RM236_Telephone_INDEX_1	</identifier>
				<transform>
					<row0>	-0.5501 0.0000 -0.8351 0.0000	</row0>
					<row1>	0.0000 1.0000 0.0000 0.0000	</row1>
					<row2>	0.8351 0.0000 -0.5501 0.0000	</row2>
					<row3>	0.7829 0.8672 2.6717 1.0000	</row3>
				</transform>
			</node>
			<node>
				<identifier>	MP_RM236_Telephone_INDEX_2	</identifier>
				<transform>
					<row0>	0.0000 0.0000 -1.0000 0.0000	</row0>
					<row1>	0.0000 1.0000 0.0000 0.0000	</row1>
					<row2>	1.0000 0.0000 0.0000 0.0000	</row2>
					<row3>	0.8375 0.8672 1.6680 1.0000	</row3>
				</transform>
			</node>
			<node>
				<identifier>	MP_RM236_Telephone_INDEX_3	</identifier>
				<transform>
					<row0>	-0.5501 0.0000 0.8351 0.0000	</row0>
					<row1>	0.0000 1.0000 0.0000 0.0000	</row1>
					<row2>	-0.8351 0.0000 -0.5501 0.0000	</row2>
					<row3>	-0.7829 0.8672 2.6717 1.0000	</row3>
				</transform>
			</node>
			<node>
				<identifier>	MP_RM271_Lifeboat_SPS18	</identifier>
				<transform>
					<row0>	0.0000 0.0000 1.0000 0.0000	</row0>
					<row1>	1.0000 0.0000 0.0000 0.0000	</row1>
					<row2>	0.0000 1.0000 0.0000 0.0000	</row2>
					<row3>	1.1496 0.6895 1.4749 1.0000	</row3>
				</transform>
			</node>
			<node>
				<identifier>	MP_RM271_Lifeboat_SPS18_INDEX_1	</identifier>
				<transform>
					<row0>	0.0000 0.0000 1.0000 0.0000	</row0>
					<row1>	1.0000 0.0000 0.0000 0.0000	</row1>
					<row2>	0.0000 1.0000 0.0000 0.0000	</row2>
					<row3>	1.1496 0.6895 1.3570 1.0000	</row3>
				</transform>
			</node>
			<node>
				<identifier>	MP_RM271_Lifeboat_SPS18_INDEX_2	</identifier>
				<transform>
					<row0>	0.0000 0.0000 -1.0000 0.0000	</row0>
					<row1>	-1.0000 0.0000 0.0000 0.0000	</row1>
					<row2>	0.0000 1.0000 0.0000 0.0000	</row2>
					<row3>	-1.1496 0.6895 1.4749 1.0000	</row3>
				</transform>
			</node>
			<node>
				<identifier>	MP_RM271_Lifeboat_SPS18_INDEX_3	</identifier>
				<transform>
					<row0>	0.0000 0.0000 1.0000 0.0000	</row0>
					<row1>	1.0000 0.0000 0.0000 0.0000	</row1>
					<row2>	0.0000 1.0000 0.0000 0.0000	</row2>
					<row3>	1.1496 0.6895 1.5927 1.0000	</row3>
				</transform>
			</node>
			<node>
				<identifier>	MP_RM271_Lifeboat_SPS18_INDEX_4	</identifier>
				<transform>
					<row0>	0.0000 0.0000 -1.0000 0.0000	</row0>
					<row1>	-1.0000 0.0000 0.0000 0.0000	</row1>
					<row2>	0.0000 1.0000 0.0000 0.0000	</row2>
					<row3>	-1.1496 0.6895 1.5927 1.0000	</row3>
				</transform>
			</node>
			<node>
				<identifier>	MP_RM271_Lifeboat_SPS18_INDEX_5	</identifier>
				<transform>
					<row0>	0.0000 0.0000 1.0000 0.0000	</row0>
					<row1>	1.0000 0.0000 0.0000 0.0000	</row1>
					<row2>	0.0000 1.0000 0.0000 0.0000	</row2>
					<row3>	1.1496 0.6895 1.7106 1.0000	</row3>
				</transform>
			</node>
			<node>
				<identifier>	MP_RM271_Lifeboat_SPS18_INDEX_6	</identifier>
				<transform>
					<row0>	0.0000 0.0000 -1.0000 0.0000	</row0>
					<row1>	-1.0000 0.0000 0.0000 0.0000	</row1>
					<row2>	0.0000 1.0000 0.0000 0.0000	</row2>
					<row3>	-1.1496 0.6895 1.7106 1.0000	</row3>
				</transform>
			</node>
			<node>
				<identifier>	MP_RM271_Lifeboat_SPS18_INDEX_7	</identifier>
				<transform>
					<row0>	0.0000 0.0000 -1.0000 0.0000	</row0>
					<row1>	-1.0000 0.0000 0.0000 0.0000	</row1>
					<row2>	0.0000 1.0000 0.0000 0.0000	</row2>
					<row3>	-1.1496 0.6895 1.3570 1.0000	</row3>
				</transform>
			</node>
			<node>
				<identifier>	MP_RM299_Cart_for_Paravane	</identifier>
				<transform>
					<row0>	0.0000 0.0000 1.0000 0.0000	</row0>
					<row1>	0.0000 1.0000 0.0000 0.0000	</row1>
					<row2>	-1.0000 0.0000 0.0000 0.0000	</row2>
					<row3>	0.8625 0.5907 2.7617 1.0000	</row3>
				</transform>
			</node>
			<node>
				<identifier>	MP_RM299_Cart_for_Paravane_INDEX_1	</identifier>
				<transform>
					<row0>	0.0000 0.0000 -1.0000 0.0000	</row0>
					<row1>	0.0000 1.0000 0.0000 0.0000	</row1>
					<row2>	1.0000 0.0000 0.0000 0.0000	</row2>
					<row3>	-0.8625 0.5907 2.7617 1.0000	</row3>
				</transform>
			</node>
			<node>
				<identifier>	MP_RM430_GAZ_67B	</identifier>
				<transform>
					<row0>	-0.9993 0.0000 0.0383 0.0000	</row0>
					<row1>	0.0000 1.0000 0.0000 0.0000	</row1>
					<row2>	-0.0383 0.0000 -0.9993 0.0000	</row2>
					<row3>	0.7315 0.9328 1.5558 1.0000	</row3>
				</transform>
			</node>
			<node>
				<identifier>	MP_RM432_Air_starter	</identifier>
				<transform>
					<row0>	-0.9659 0.0000 0.2588 0.0000	</row0>
					<row1>	0.0000 1.0000 0.0000 0.0000	</row1>
					<row2>	-0.2588 0.0000 -0.9659 0.0000	</row2>
					<row3>	0.8567 0.9328 2.0588 1.0000	</row3>
				</transform>
			</node>
			<node>
				<identifier>	MP_RM433_ZIS_5_Fire_truck	</identifier>
				<transform>
					<row0>	-0.8774 0.0000 -0.4797 0.0000	</row0>
					<row1>	0.0000 1.0000 0.0000 0.0000	</row1>
					<row2>	0.4797 0.0000 -0.8774 0.0000	</row2>
					<row3>	0.8198 0.9328 0.7738 1.0000	</row3>
				</transform>
			</node>
			<node>
				<identifier>	MP_RM434_ZIS_6_ATK1	</identifier>
				<transform>
					<row0>	0.7560 0.0000 0.6545 0.0000	</row0>
					<row1>	0.0000 1.0000 0.0000 0.0000	</row1>
					<row2>	-0.6545 0.0000 0.7560 0.0000	</row2>
					<row3>	0.8128 0.9326 1.0749 1.0000	</row3>
				</transform>
			</node>
			<node>
				<identifier>	SP_YMS011_YHWL_M_1	</identifier>
				<transform>
					<row0>	0.9948 0.0748 -0.0696 0.0000	</row0>
					<row1>	-0.0749 0.9972 0.0010 0.0000	</row1>
					<row2>	0.0694 0.0042 0.9976 0.0000	</row2>
					<row3>	-0.8600 -0.0047 1.9384 1.0000	</row3>
				</transform>
			</node>
			<node>
				<identifier>	SP_YMS011_YHWL_M_1_INDEX_15	</identifier>
				<transform>
					<row0>	0.9907 0.0843 -0.1066 0.0000	</row0>
					<row1>	-0.0836 0.9964 0.0111 0.0000	</row1>
					<row2>	0.1071 -0.0021 0.9942 0.0000	</row2>
					<row3>	-0.7844 -0.0039 2.7846 1.0000	</row3>
				</transform>
			</node>
			<node>
				<identifier>	SP_YMS011_YHWL_M_1_INDEX_2	</identifier>
				<transform>
					<row0>	0.9973 0.0622 -0.0383 0.0000	</row0>
					<row1>	-0.0622 0.9981 0.0017 0.0000	</row1>
					<row2>	0.0383 0.0007 0.9993 0.0000	</row2>
					<row3>	-0.9072 -0.0062 1.0899 1.0000	</row3>
				</transform>
			</node>
			<node>
				<identifier>	SP_YMS012_YHWR_M_1	</identifier>
				<transform>
					<row0>	0.9973 -0.0622 0.0383 0.0000	</row0>
					<row1>	0.0622 0.9981 0.0017 0.0000	</row1>
					<row2>	-0.0383 0.0007 0.9993 0.0000	</row2>
					<row3>	0.9072 -0.0062 1.0899 1.0000	</row3>
				</transform>
			</node>
			<node>
				<identifier>	SP_YMS012_YHWR_M_1_INDEX_13	</identifier>
				<transform>
					<row0>	0.9948 -0.0748 0.0696 0.0000	</row0>
					<row1>	0.0749 0.9972 0.0010 0.0000	</row1>
					<row2>	-0.0694 0.0042 0.9976 0.0000	</row2>
					<row3>	0.8600 -0.0047 1.9384 1.0000	</row3>
				</transform>
			</node>
			<node>
				<identifier>	SP_YMS012_YHWR_M_1_INDEX_2	</identifier>
				<transform>
					<row0>	0.9907 -0.0843 0.1066 0.0000	</row0>
					<row1>	0.0836 0.9964 0.0111 0.0000	</row1>
					<row2>	-0.1071 -0.0021 0.9942 0.0000	</row2>
					<row3>	0.7844 -0.0039 2.7846 1.0000	</row3>
				</transform>
			</node>
			<node>
				<identifier>	SP_YMS021_YHUC_S_1_INDEX_1	</identifier>
				<transform>
					<row0>	0.5248 -0.8167 0.0000 0.0000	</row0>
					<row1>	0.8163 0.5245 0.0324 0.0000	</row1>
					<row2>	-0.0272 -0.0176 0.9703 0.0000	</row2>
					<row3>	0.9447 -0.2043 0.6609 1.0000	</row3>
				</transform>
			</node>
			<node>
				<identifier>	SP_YMS021_YHUC_S_1_INDEX_10	</identifier>
				<transform>
					<row0>	0.4222 -0.8742 0.0006 0.0000	</row0>
					<row1>	0.8731 0.4218 0.0473 0.0000	</row1>
					<row2>	-0.0429 -0.0200 0.9696 0.0000	</row2>
					<row3>	0.9028 -0.2096 1.5127 1.0000	</row3>
				</transform>
			</node>
			<node>
				<identifier>	SP_YMS021_YHUC_S_1_INDEX_3	</identifier>
				<transform>
					<row0>	0.4222 0.8742 -0.0006 0.0000	</row0>
					<row1>	-0.8731 0.4218 0.0473 0.0000	</row1>
					<row2>	0.0429 -0.0200 0.9696 0.0000	</row2>
					<row3>	-0.9028 -0.2096 1.5127 1.0000	</row3>
				</transform>
			</node>
			<node>
				<identifier>	SP_YMS021_YHUC_S_1_INDEX_8	</identifier>
				<transform>
					<row0>	0.5248 0.8167 0.0000 0.0000	</row0>
					<row1>	-0.8163 0.5245 0.0324 0.0000	</row1>
					<row2>	0.0272 -0.0176 0.9703 0.0000	</row2>
					<row3>	-0.9447 -0.2043 0.6609 1.0000	</row3>
				</transform>
			</node>
			<node>
				<identifier>	SP_YMS057_YHDH_M_1_INDEX_1	</identifier>
				<transform>
					<row0>	0.0000 0.0000 -0.7824 0.0000	</row0>
					<row1>	0.0000 0.7824 0.0000 0.0000	</row1>
					<row2>	0.7824 0.0000 0.0000 0.0000	</row2>
					<row3>	0.3555 0.9342 1.7751 1.0000	</row3>
				</transform>
			</node>
			<node>
				<identifier>	SP_YMS060_YHGF_S_1_INDEX_1	</identifier>
				<transform>
					<row0>	0.5817 0.0000 0.0000 0.0000	</row0>
					<row1>	0.0000 0.5817 0.0000 0.0000	</row1>
					<row2>	0.0000 0.0000 0.5817 0.0000	</row2>
					<row3>	1.1594 0.8653 0.8176 1.0000	</row3>
				</transform>
			</node>
			<node>
				<identifier>	SP_YMS060_YHGF_S_1_INDEX_2	</identifier>
				<transform>
					<row0>	0.5817 0.0000 0.0000 0.0000	</row0>
					<row1>	0.0000 0.5817 0.0000 0.0000	</row1>
					<row2>	0.0000 0.0000 0.5817 0.0000	</row2>
					<row3>	-1.1594 0.8653 0.8176 1.0000	</row3>
				</transform>
			</node>
			<node>
				<identifier>	SP_YMS062_YHGH_M_1_INDEX_3	</identifier>
				<transform>
					<row0>	0.0000 0.0000 1.0000 0.0000	</row0>
					<row1>	0.0000 1.0000 0.0000 0.0000	</row1>
					<row2>	-1.0000 0.0000 0.0000 0.0000	</row2>
					<row3>	1.0080 0.7667 2.4759 1.0000	</row3>
				</transform>
			</node>
			<node>
				<identifier>	SP_YMS062_YHGH_M_1_INDEX_7	</identifier>
				<transform>
					<row0>	0.0000 0.0000 -1.0000 0.0000	</row0>
					<row1>	0.0000 1.0000 0.0000 0.0000	</row1>
					<row2>	1.0000 0.0000 0.0000 0.0000	</row2>
					<row3>	-1.0080 0.7664 2.4759 1.0000	</row3>
				</transform>
			</node>
			<node>
				<identifier>	SP_YMS072_YHHC_M_1_INDEX_1	</identifier>
				<transform>
					<row0>	-0.0335 0.0012 0.9994 0.0000	</row0>
					<row1>	0.2698 0.9629 0.0078 0.0000	</row1>
					<row2>	-0.9623 0.2699 -0.0326 0.0000	</row2>
					<row3>	0.9222 0.3162 1.0495 1.0000	</row3>
				</transform>
			</node>
			<node>
				<identifier>	SP_YMS072_YHHC_M_1_INDEX_10	</identifier>
				<transform>
					<row0>	-0.0335 0.0012 0.9994 0.0000	</row0>
					<row1>	0.2698 0.9629 0.0078 0.0000	</row1>
					<row2>	-0.9623 0.2699 -0.0326 0.0000	</row2>
					<row3>	0.9024 0.3169 1.6388 1.0000	</row3>
				</transform>
			</node>
			<node>
				<identifier>	SP_YMS072_YHHC_M_1_INDEX_12	</identifier>
				<transform>
					<row0>	-0.0335 0.0012 0.9994 0.0000	</row0>
					<row1>	0.2698 0.9629 0.0078 0.0000	</row1>
					<row2>	-0.9623 0.2699 -0.0326 0.0000	</row2>
					<row3>	0.9123 0.3165 1.3435 1.0000	</row3>
				</transform>
			</node>
			<node>
				<identifier>	SP_YMS072_YHHC_M_1_INDEX_13	</identifier>
				<transform>
					<row0>	-0.0335 0.0012 0.9994 0.0000	</row0>
					<row1>	0.2698 0.9629 0.0078 0.0000	</row1>
					<row2>	-0.9623 0.2699 -0.0326 0.0000	</row2>
					<row3>	0.8931 0.3172 1.9215 1.0000	</row3>
				</transform>
			</node>
			<node>
				<identifier>	SP_YMS072_YHHC_M_1_INDEX_2	</identifier>
				<transform>
					<row0>	-0.0335 -0.0012 -0.9994 0.0000	</row0>
					<row1>	-0.2698 0.9629 0.0078 0.0000	</row1>
					<row2>	0.9623 0.2699 -0.0326 0.0000	</row2>
					<row3>	-0.8931 0.3172 1.9215 1.0000	</row3>
				</transform>
			</node>
			<node>
				<identifier>	SP_YMS072_YHHC_M_1_INDEX_4	</identifier>
				<transform>
					<row0>	-0.0335 -0.0012 -0.9994 0.0000	</row0>
					<row1>	-0.2698 0.9629 0.0078 0.0000	</row1>
					<row2>	0.9623 0.2699 -0.0326 0.0000	</row2>
					<row3>	-0.9222 0.3162 1.0495 1.0000	</row3>
				</transform>
			</node>
			<node>
				<identifier>	SP_YMS072_YHHC_M_1_INDEX_6	</identifier>
				<transform>
					<row0>	-0.0335 -0.0012 -0.9994 0.0000	</row0>
					<row1>	-0.2698 0.9629 0.0078 0.0000	</row1>
					<row2>	0.9623 0.2699 -0.0326 0.0000	</row2>
					<row3>	-0.9024 0.3169 1.6388 1.0000	</row3>
				</transform>
			</node>
			<node>
				<identifier>	SP_YMS072_YHHC_M_1_INDEX_8	</identifier>
				<transform>
					<row0>	-0.0335 -0.0012 -0.9994 0.0000	</row0>
					<row1>	-0.2698 0.9629 0.0078 0.0000	</row1>
					<row2>	0.9623 0.2699 -0.0326 0.0000	</row2>
					<row3>	-0.9123 0.3165 1.3435 1.0000	</row3>
				</transform>
			</node>
			<node>
				<identifier>	SP_YMS085_YHSC_S_1_INDEX_2	</identifier>
				<transform>
					<row0>	-0.0806 0.0000 0.7959 0.0000	</row0>
					<row1>	0.0000 0.8000 0.0000 0.0000	</row1>
					<row2>	-0.7959 0.0000 -0.0806 0.0000	</row2>
					<row3>	0.7616 0.1848 3.0798 1.0000	</row3>
				</transform>
			</node>
			<node>
