<GSC001_Hermelin_1940_Stern_ports.visual>
	<node>
		<identifier>	Scene Root	</identifier>
		<transform>
			<row0>	1.0000 0.0000 0.0000 0.0000	</row0>
			<row1>	0.0000 1.0000 0.0000 0.0000	</row1>
			<row2>	0.0000 0.0000 1.0000 0.0000	</row2>
			<row3>	0.0000 0.0000 0.0000 1.0000	</row3>
		</transform>
		<node>
			<identifier>	Stern_ports	</identifier>
			<transform>
				<row0>	1.0000 0.0000 0.0000 0.0000	</row0>
				<row1>	0.0000 1.0000 0.0000 0.0000	</row1>
				<row2>	0.0000 0.0000 1.0000 0.0000	</row2>
				<row3>	0.0000 0.0000 0.0000 1.0000	</row3>
			</transform>
			<node>
				<identifier>	HP_FX_Fire_4	</identifier>
				<transform>
					<row0>	1.0000 0.0000 0.0000 0.0000	</row0>
					<row1>	0.0000 1.0000 0.0000 0.0000	</row1>
					<row2>	0.0000 0.0000 1.0000 0.0000	</row2>
					<row3>	0.0000 0.2756 -2.7063 1.0000	</row3>
				</transform>
			</node>
			<node>
				<identifier>	HP_FX_WakeTraceBack	</identifier>
				<transform>
					<row0>	1.0000 0.0000 0.0000 0.0000	</row0>
					<row1>	0.0000 1.0000 0.0000 0.0000	</row1>
					<row2>	0.0000 0.0000 1.0000 0.0000	</row2>
					<row3>	0.0000 0.0000 -3.3374 1.0000	</row3>
				</transform>
			</node>
			<node>
				<identifier>	HP_FX_WakeTrace_screw_1	</identifier>
				<transform>
					<row0>	1.0000 0.0000 0.0000 0.0000	</row0>
					<row1>	0.0000 1.0000 0.0000 0.0000	</row1>
					<row2>	0.0000 0.0000 1.0000 0.0000	</row2>
					<row3>	-0.1628 -0.1160 -2.7600 1.0000	</row3>
				</transform>
			</node>
			<node>
				<identifier>	HP_FX_WakeTrace_screw_2	</identifier>
				<transform>
					<row0>	1.0000 0.0000 0.0000 0.0000	</row0>
					<row1>	0.0000 1.0000 0.0000 0.0000	</row1>
					<row2>	0.0000 0.0000 1.0000 0.0000	</row2>
					<row3>	0.1628 -0.1160 -2.7600 1.0000	</row3>
				</transform>
			</node>
			<node>
				<identifier>	HP_GGM_2	</identifier>
				<transform>
					<row0>	-1.0000 0.0000 0.0000 0.0000	</row0>
					<row1>	0.0000 1.0000 0.0000 0.0000	</row1>
					<row2>	0.0000 0.0000 -1.0000 0.0000	</row2>
					<row3>	0.0000 0.2707 -2.0625 1.0000	</row3>
				</transform>
			</node>
			<node>
				<identifier>	HP_Ship_death_3	</identifier>
				<transform>
					<row0>	1.0000 0.0000 0.0000 0.0000	</row0>
					<row1>	0.0000 1.0000 0.0000 0.0000	</row1>
					<row2>	0.0000 0.0000 1.0000 0.0000	</row2>
					<row3>	0.0000 0.0000 -1.9662 1.0000	</row3>
				</transform>
			</node>
			<node>
				<identifier>	MP_CM001_Propeller3_L	</identifier>
				<transform>
					<row0>	0.5999 0.0000 -0.0105 0.0000	</row0>
					<row1>	0.0000 0.6000 -0.0060 0.0000	</row1>
					<row2>	0.0105 0.0060 0.5999 0.0000	</row2>
					<row3>	-0.1628 -0.1160 -2.7600 1.0000	</row3>
				</transform>
			</node>
			<node>
				<identifier>	MP_CM004_Barbette_Out	</identifier>
				<transform>
					<row0>	1.2964 0.0000 0.0000 0.0000	</row0>
					<row1>	0.0000 0.1107 0.0000 0.0000	</row1>
					<row2>	0.0000 0.0000 1.2964 0.0000	</row2>
					<row3>	0.0000 0.2676 -2.0625 1.0000	</row3>
				</transform>
			</node>
			<node>
				<identifier>	MP_CM032_Propeller3_R	</identifier>
				<transform>
					<row0>	0.5999 0.0000 0.0105 0.0000	</row0>
					<row1>	0.0000 0.6000 -0.0060 0.0000	</row1>
					<row2>	-0.0105 0.0060 0.5999 0.0000	</row2>
					<row3>	0.1628 -0.1160 -2.7600 1.0000	</row3>
				</transform>
			</node>
			<node>
				<identifier>	MP_GM001_Paravane	</identifier>
				<transform>
					<row0>	-0.9938 -0.0447 -0.1017 0.0000	</row0>
					<row1>	0.0445 -0.9990 0.0046 0.0000	</row1>
					<row2>	-0.1018 0.0000 0.9948 0.0000	</row2>
					<row3>	-0.0850 0.2865 -3.2161 1.0000	</row3>
				</transform>
			</node>
			<node>
				<identifier>	MP_GM001_Paravane_INDEX_1	</identifier>
				<transform>
					<row0>	-0.9931 0.0400 0.1107 0.0000	</row0>
					<row1>	-0.0397 -0.9992 0.0044 0.0000	</row1>
					<row2>	0.1108 0.0000 0.9938 0.0000	</row2>
					<row3>	0.0850 0.2865 -3.2161 1.0000	</row3>
				</transform>
			</node>
			<node>
				<identifier>	MP_GM001_Paravane_INDEX_2	</identifier>
				<transform>
					<row0>	-0.9931 0.0400 0.1107 0.0000	</row0>
					<row1>	-0.0397 -0.9992 0.0044 0.0000	</row1>
					<row2>	0.1108 0.0000 0.9938 0.0000	</row2>
					<row3>	0.1242 0.2791 -2.9057 1.0000	</row3>
				</transform>
			</node>
			<node>
				<identifier>	MP_GM001_Paravane_INDEX_3	</identifier>
				<transform>
					<row0>	-0.9931 -0.0400 -0.1107 0.0000	</row0>
					<row1>	0.0397 -0.9992 0.0044 0.0000	</row1>
					<row2>	-0.1108 0.0000 0.9938 0.0000	</row2>
					<row3>	-0.1242 0.2791 -2.9057 1.0000	</row3>
				</transform>
			</node>
			<node>
				<identifier>	MP_GM005_Reels_3	</identifier>
				<transform>
					<row0>	0.5000 0.0000 0.0000 0.0000	</row0>
					<row1>	0.0000 0.5000 0.0062 0.0000	</row1>
					<row2>	0.0000 -0.0062 0.5000 0.0000	</row2>
					<row3>	0.0784 0.2546 -2.6736 1.0000	</row3>
				</transform>
			</node>
			<node>
				<identifier>	MP_GM005_Reels_3_INDEX_1	</identifier>
				<transform>
					<row0>	0.5000 0.0000 0.0000 0.0000	</row0>
					<row1>	0.0000 0.5000 0.0062 0.0000	</row1>
					<row2>	0.0000 -0.0062 0.5000 0.0000	</row2>
					<row3>	-0.0784 0.2546 -2.6736 1.0000	</row3>
				</transform>
			</node>
			<node>
				<identifier>	MP_GM007_LifeBuoy	</identifier>
				<transform>
					<row0>	0.9975 0.0000 -0.0704 0.0000	</row0>
					<row1>	0.0000 1.0000 0.0000 0.0000	</row1>
					<row2>	0.0704 0.0000 0.9975 0.0000	</row2>
					<row3>	0.3382 0.2880 -2.4839 1.0000	</row3>
				</transform>
			</node>
			<node>
				<identifier>	MP_GM007_LifeBuoy_INDEX_1	</identifier>
				<transform>
					<row0>	0.9975 0.0000 0.0704 0.0000	</row0>
					<row1>	0.0000 1.0000 0.0000 0.0000	</row1>
					<row2>	-0.0704 0.0000 0.9975 0.0000	</row2>
					<row3>	-0.3382 0.2880 -2.4839 1.0000	</row3>
				</transform>
			</node>
			<node>
				<identifier>	MP_GM856_Mastheadlight	</identifier>
				<transform>
					<row0>	-1.0000 0.0000 0.0000 0.0000	</row0>
					<row1>	0.0000 1.0000 0.0000 0.0000	</row1>
					<row2>	0.0000 0.0000 -1.0000 0.0000	</row2>
					<row3>	0.0000 0.3509 -3.4902 1.0000	</row3>
				</transform>
			</node>
			<node>
				<identifier>	MP_GM950_Fairlead_1	</identifier>
				<transform>
					<row0>	0.9672 0.0592 0.2470 0.0000	</row0>
					<row1>	-0.0642 0.9979 0.0125 0.0000	</row1>
					<row2>	-0.2458 -0.0280 0.9689 0.0000	</row2>
					<row3>	-0.1985 0.2586 -3.2622 1.0000	</row3>
				</transform>
			</node>
			<node>
				<identifier>	MP_GM950_Fairlead_1_INDEX_1	</identifier>
				<transform>
					<row0>	0.9672 -0.0592 -0.2470 0.0000	</row0>
					<row1>	0.0642 0.9979 0.0125 0.0000	</row1>
					<row2>	0.2458 -0.0280 0.9689 0.0000	</row2>
					<row3>	0.1985 0.2586 -3.2622 1.0000	</row3>
				</transform>
			</node>
			<node>
				<identifier>	MP_GM953_Boat_Winch	</identifier>
				<transform>
					<row0>	1.0000 0.0000 0.0000 0.0000	</row0>
					<row1>	0.0000 0.9998 0.0179 0.0000	</row1>
					<row2>	0.0000 -0.0179 0.9998 0.0000	</row2>
					<row3>	0.0000 0.2565 -2.8794 1.0000	</row3>
				</transform>
			</node>
		</node>
	</node>
	<boundingBox>
		<min>	-0.0667 -0.0667 -0.0667	</min>
		<max>	0.0667 0.0667 0.0667	</max>
	</boundingBox>
</GSC001_Hermelin_1940_Stern_ports.visual>
