<ZSD014_Fen_Yang_1949_MidFront_ports.visual>
	<node>
		<identifier>	Scene Root	</identifier>
		<transform>
			<row0>	1.0000 0.0000 0.0000 0.0000	</row0>
			<row1>	0.0000 1.0000 0.0000 0.0000	</row1>
			<row2>	0.0000 0.0000 1.0000 0.0000	</row2>
			<row3>	0.0000 0.0000 0.0000 1.0000	</row3>
		</transform>
		<node>
			<identifier>	MidFront_ports	</identifier>
			<transform>
				<row0>	1.0000 0.0000 0.0000 0.0000	</row0>
				<row1>	0.0000 1.0000 0.0000 0.0000	</row1>
				<row2>	0.0000 0.0000 1.0000 0.0000	</row2>
				<row3>	0.0000 0.0000 0.0000 1.0000	</row3>
			</transform>
			<node>
				<identifier>	HP_FX_Death_2	</identifier>
				<transform>
					<row0>	1.0000 0.0000 0.0000 0.0000	</row0>
					<row1>	0.0000 1.0000 0.0000 0.0000	</row1>
					<row2>	0.0000 0.0000 1.0000 0.0000	</row2>
					<row3>	0.0000 0.0000 0.0814 1.0000	</row3>
				</transform>
			</node>
			<node>
				<identifier>	HP_FX_Fire_2	</identifier>
				<transform>
					<row0>	1.0000 0.0000 0.0000 0.0000	</row0>
					<row1>	0.0000 1.0000 0.0000 0.0000	</row1>
					<row2>	0.0000 0.0000 1.0000 0.0000	</row2>
					<row3>	0.0000 0.1853 1.2214 1.0000	</row3>
				</transform>
			</node>
			<node>
				<identifier>	HP_FX_Fire_2_side_1	</identifier>
				<transform>
					<row0>	1.0000 0.0000 0.0000 0.0000	</row0>
					<row1>	0.0000 1.0000 0.0000 0.0000	</row1>
					<row2>	0.0000 0.0000 1.0000 0.0000	</row2>
					<row3>	-0.3358 0.5041 1.5738 1.0000	</row3>
				</transform>
			</node>
			<node>
				<identifier>	HP_FX_Fire_2_side_2	</identifier>
				<transform>
					<row0>	1.0000 0.0000 0.0000 0.0000	</row0>
					<row1>	0.0000 1.0000 0.0000 0.0000	</row1>
					<row2>	0.0000 0.0000 1.0000 0.0000	</row2>
					<row3>	0.2732 0.3468 1.1509 1.0000	</row3>
				</transform>
			</node>
			<node>
				<identifier>	HP_FX_Fire_2_side_3	</identifier>
				<transform>
					<row0>	1.0000 0.0000 0.0000 0.0000	</row0>
					<row1>	0.0000 1.0000 0.0000 0.0000	</row1>
					<row2>	0.0000 0.0000 1.0000 0.0000	</row2>
					<row3>	-0.3118 0.4470 -0.1430 1.0000	</row3>
				</transform>
			</node>
			<node>
				<identifier>	HP_FX_FloodLight_left_2	</identifier>
				<transform>
					<row0>	-1.0000 0.0003 0.0000 0.0000	</row0>
					<row1>	0.0003 1.0000 0.0000 0.0000	</row1>
					<row2>	0.0000 0.0000 -1.0000 0.0000	</row2>
					<row3>	-0.1709 0.5487 1.5802 1.0000	</row3>
				</transform>
			</node>
			<node>
				<identifier>	HP_FX_FloodLight_right_2	</identifier>
				<transform>
					<row0>	0.9244 0.0000 0.3815 0.0000	</row0>
					<row1>	0.0000 1.0000 0.0000 0.0000	</row1>
					<row2>	-0.3815 0.0000 0.9244 0.0000	</row2>
					<row3>	0.1709 0.5487 1.5802 1.0000	</row3>
				</transform>
			</node>
			<node>
				<identifier>	HP_FX_Flood_steam_1	</identifier>
				<transform>
					<row0>	0.7590 0.6511 0.0000 0.0000	</row0>
					<row1>	-0.6381 0.7439 -0.1985 0.0000	</row1>
					<row2>	-0.1292 0.1507 0.9801 0.0000	</row2>
					<row3>	-0.0550 0.6837 0.7886 1.0000	</row3>
				</transform>
			</node>
			<node>
				<identifier>	HP_FX_Flood_steam_2	</identifier>
				<transform>
					<row0>	0.7387 -0.6481 0.1850 0.0000	</row0>
					<row1>	0.6677 0.7411 -0.0698 0.0000	</row1>
					<row2>	-0.0919 0.1751 0.9803 0.0000	</row2>
					<row3>	0.0550 0.6837 0.7886 1.0000	</row3>
				</transform>
			</node>
			<node>
				<identifier>	HP_FX_Flood_steam_left	</identifier>
				<transform>
					<row0>	-0.9980 0.0000 0.0634 0.0000	</row0>
					<row1>	0.0000 1.0000 0.0000 0.0000	</row1>
					<row2>	-0.0634 0.0000 -0.9980 0.0000	</row2>
					<row3>	-0.3625 0.2494 1.7800 1.0000	</row3>
				</transform>
			</node>
			<node>
				<identifier>	HP_FX_Flood_water_left_2	</identifier>
				<transform>
					<row0>	-1.0000 0.0000 0.0000 0.0000	</row0>
					<row1>	0.0000 1.0000 0.0000 0.0000	</row1>
					<row2>	0.0000 0.0000 -1.0000 0.0000	</row2>
					<row3>	-0.3678 0.0986 1.0221 1.0000	</row3>
				</transform>
			</node>
			<node>
				<identifier>	HP_FX_Flood_water_right_2	</identifier>
				<transform>
					<row0>	1.0000 0.0000 0.0000 0.0000	</row0>
					<row1>	0.0000 1.0000 0.0000 0.0000	</row1>
					<row2>	0.0000 0.0000 1.0000 0.0000	</row2>
					<row3>	0.3580 0.0957 1.2985 1.0000	</row3>
				</transform>
			</node>
			<node>
				<identifier>	HP_FX_Smoke_1	</identifier>
				<transform>
					<row0>	1.0000 0.0000 0.0000 0.0000	</row0>
					<row1>	0.0000 0.9796 -0.2010 0.0000	</row1>
					<row2>	0.0000 0.2010 0.9796 0.0000	</row2>
					<row3>	0.0000 0.6661 0.5104 1.0000	</row3>
				</transform>
			</node>
			<node>
				<identifier>	HP_FX_Smoke_2	</identifier>
				<transform>
					<row0>	1.0000 0.0000 0.0000 0.0000	</row0>
					<row1>	0.0000 0.9796 -0.2010 0.0000	</row1>
					<row2>	0.0000 0.2010 0.9796 0.0000	</row2>
					<row3>	0.0000 0.7147 0.6570 1.0000	</row3>
				</transform>
			</node>
			<node>
				<identifier>	HP_Flagpole	</identifier>
				<transform>
					<row0>	-0.3500 0.0000 0.0000 0.0000	</row0>
					<row1>	0.0000 0.3500 0.0000 0.0000	</row1>
					<row2>	0.0000 0.0000 -0.3500 0.0000	</row2>
					<row3>	-0.0145 1.3917 1.0477 1.0000	</row3>
				</transform>
			</node>
			<node>
				<identifier>	HP_Ship_death_1	</identifier>
				<transform>
					<row0>	1.0000 0.0000 0.0000 0.0000	</row0>
					<row1>	0.0000 1.0000 0.0000 0.0000	</row1>
					<row2>	0.0000 0.0000 1.0000 0.0000	</row2>
					<row3>	0.0000 0.0000 2.6684 1.0000	</row3>
				</transform>
			</node>
			<node>
				<identifier>	HP_ZD_1	</identifier>
				<transform>
					<row0>	1.0000 0.0000 0.0000 0.0000	</row0>
					<row1>	0.0000 1.0000 0.0000 0.0000	</row1>
					<row2>	0.0000 0.0000 1.0000 0.0000	</row2>
					<row3>	0.0000 0.8926 1.4935 1.0000	</row3>
				</transform>
			</node>
			<node>
				<identifier>	HP_ZF_1	</identifier>
				<transform>
					<row0>	1.0000 0.0000 0.0000 0.0000	</row0>
					<row1>	0.0000 1.0000 0.0000 0.0000	</row1>
					<row2>	0.0000 0.0000 1.0000 0.0000	</row2>
					<row3>	0.0000 0.4051 -0.1358 1.0000	</row3>
				</transform>
			</node>
			<node>
				<identifier>	HP_ZGA_1	</identifier>
				<transform>
					<row0>	0.0000 0.0000 1.0000 0.0000	</row0>
					<row1>	0.0000 1.0000 0.0000 0.0000	</row1>
					<row2>	-1.0000 0.0000 0.0000 0.0000	</row2>
					<row3>	-0.2699 0.4723 1.5638 1.0000	</row3>
				</transform>
			</node>
			<node>
				<identifier>	HP_ZGA_2	</identifier>
				<transform>
					<row0>	0.0000 0.0000 -1.0000 0.0000	</row0>
					<row1>	0.0000 1.0000 0.0000 0.0000	</row1>
					<row2>	1.0000 0.0000 0.0000 0.0000	</row2>
					<row3>	0.2699 0.4723 1.5638 1.0000	</row3>
				</transform>
			</node>
			<node>
				<identifier>	HP_ZGA_3	</identifier>
				<transform>
					<row0>	0.0000 0.0000 1.0000 0.0000	</row0>
					<row1>	0.0000 1.0000 0.0000 0.0000	</row1>
					<row2>	-1.0000 0.0000 0.0000 0.0000	</row2>
					<row3>	-0.2477 0.4051 -0.1500 1.0000	</row3>
				</transform>
			</node>
			<node>
				<identifier>	HP_ZGA_4	</identifier>
				<transform>
					<row0>	0.0000 0.0000 -1.0000 0.0000	</row0>
					<row1>	0.0000 1.0000 0.0000 0.0000	</row1>
					<row2>	1.0000 0.0000 0.0000 0.0000	</row2>
					<row3>	0.2477 0.4051 -0.1500 1.0000	</row3>
				</transform>
			</node>
			<node>
				<identifier>	HP_ZGM_1	</identifier>
				<transform>
					<row0>	1.0000 0.0000 0.0000 0.0000	</row0>
					<row1>	0.0000 1.0000 0.0000 0.0000	</row1>
					<row2>	0.0000 0.0000 1.0000 0.0000	</row2>
					<row3>	0.0000 0.3254 2.9495 1.0000	</row3>
				</transform>
			</node>
			<node>
				<identifier>	HP_ZGM_2	</identifier>
				<transform>
					<row0>	1.0000 0.0000 0.0000 0.0000	</row0>
					<row1>	0.0000 1.0000 0.0000 0.0000	</row1>
					<row2>	0.0000 0.0000 1.0000 0.0000	</row2>
					<row3>	0.0000 0.4796 2.4634 1.0000	</row3>
				</transform>
			</node>
			<node>
				<identifier>	HP_ZRS_1	</identifier>
				<transform>
					<row0>	1.0000 0.0000 0.0000 0.0000	</row0>
					<row1>	0.0000 1.0000 0.0000 0.0000	</row1>
					<row2>	0.0000 0.0000 1.0000 0.0000	</row2>
					<row3>	0.0000 1.0251 1.2513 1.0000	</row3>
				</transform>
			</node>
			<node>
				<identifier>	HP_ZRS_2	</identifier>
				<transform>
					<row0>	1.0000 0.0000 0.0000 0.0000	</row0>
					<row1>	0.0000 1.0000 0.0000 0.0000	</row1>
					<row2>	0.0000 0.0000 1.0000 0.0000	</row2>
					<row3>	0.0000 1.1010 1.1654 1.0000	</row3>
				</transform>
			</node>
			<node>
				<identifier>	HP_flag_1	</identifier>
				<transform>
					<row0>	0.9972 -0.0737 0.0122 0.0000	</row0>
					<row1>	0.0737 0.9443 -0.3207 0.0000	</row1>
					<row2>	0.0122 0.3207 0.9471 0.0000	</row2>
					<row3>	0.1443 1.1844 1.0716 1.0000	</row3>
				</transform>
			</node>
			<node>
				<identifier>	HP_flag_2	</identifier>
				<transform>
					<row0>	0.9972 0.0737 -0.0122 0.0000	</row0>
					<row1>	-0.0737 0.9443 -0.3207 0.0000	</row1>
					<row2>	-0.0122 0.3207 0.9471 0.0000	</row2>
					<row3>	-0.1443 1.1844 1.0716 1.0000	</row3>
				</transform>
			</node>
			<node>
				<identifier>	HP_flag_3	</identifier>
				<transform>
					<row0>	0.9965 0.0829 -0.0121 0.0000	</row0>
					<row1>	-0.0829 0.9547 -0.2858 0.0000	</row1>
					<row2>	-0.0121 0.2858 0.9582 0.0000	</row2>
					<row3>	0.0623 1.1841 1.0704 1.0000	</row3>
				</transform>
			</node>
			<node>
				<identifier>	HP_flag_4	</identifier>
				<transform>
					<row0>	0.9965 -0.0829 0.0121 0.0000	</row0>
					<row1>	0.0829 0.9547 -0.2858 0.0000	</row1>
					<row2>	0.0121 0.2858 0.9582 0.0000	</row2>
					<row3>	-0.0613 1.1838 1.0699 1.0000	</row3>
				</transform>
			</node>
			<node>
				<identifier>	HP_flag_courtesy	</identifier>
				<transform>
					<row0>	0.9879 -0.1534 0.0243 0.0000	</row0>
					<row1>	0.1527 0.9304 -0.3333 0.0000	</row1>
					<row2>	0.0285 0.3330 0.9425 0.0000	</row2>
					<row3>	0.1916 1.2137 1.0633 1.0000	</row3>
				</transform>
			</node>
			<node>
				<identifier>	HP_flag_house	</identifier>
				<transform>
					<row0>	0.9879 0.1534 -0.0243 0.0000	</row0>
					<row1>	-0.1527 0.9304 -0.3333 0.0000	</row1>
					<row2>	-0.0285 0.3330 0.9425 0.0000	</row2>
					<row3>	-0.1926 1.2134 1.0630 1.0000	</row3>
				</transform>
			</node>
			<node>
				<identifier>	HP_flag_rank	</identifier>
				<transform>
					<row0>	1.0000 -0.0070 0.0008 0.0000	</row0>
					<row1>	0.0070 0.9657 -0.2594 0.0000	</row1>
					<row2>	0.0010 0.2594 0.9658 0.0000	</row2>
					<row3>	-0.0006 1.3052 0.9433 1.0000	</row3>
				</transform>
			</node>
			<node>
				<identifier>	MP_CM011_Fire_Fighting_Gear	</identifier>
				<transform>
					<row0>	0.0000 0.0000 1.0000 0.0000	</row0>
					<row1>	0.0000 1.0000 0.0000 0.0000	</row1>
					<row2>	-1.0000 0.0000 0.0000 0.0000	</row2>
					<row3>	0.1871 0.3132 2.3679 1.0000	</row3>
				</transform>
			</node>
			<node>
				<identifier>	MP_CM011_Fire_Fighting_Gear_INDEX_1	</identifier>
				<transform>
					<row0>	0.0000 0.0000 1.0000 0.0000	</row0>
					<row1>	0.0000 1.0000 0.0000 0.0000	</row1>
					<row2>	-1.0000 0.0000 0.0000 0.0000	</row2>
					<row3>	0.0909 0.1870 0.7610 1.0000	</row3>
				</transform>
			</node>
			<node>
				<identifier>	MP_CM011_Fire_Fighting_Gear_INDEX_2	</identifier>
				<transform>
					<row0>	0.0000 0.0000 -1.0000 0.0000	</row0>
					<row1>	0.0000 1.0000 0.0000 0.0000	</row1>
					<row2>	1.0000 0.0000 0.0000 0.0000	</row2>
					<row3>	-0.0909 0.1870 0.7610 1.0000	</row3>
				</transform>
			</node>
			<node>
				<identifier>	MP_CM011_Fire_Fighting_Gear_INDEX_3	</identifier>
				<transform>
					<row0>	0.0000 0.0000 -1.0000 0.0000	</row0>
					<row1>	0.0000 1.0000 0.0000 0.0000	</row1>
					<row2>	1.0000 0.0000 0.0000 0.0000	</row2>
					<row3>	-0.1701 0.3197 1.7774 1.0000	</row3>
				</transform>
			</node>
			<node>
				<identifier>	MP_CM011_Fire_Fighting_Gear_INDEX_4	</identifier>
				<transform>
					<row0>	0.0000 0.0000 -1.0000 0.0000	</row0>
					<row1>	0.0000 1.0000 0.0000 0.0000	</row1>
					<row2>	1.0000 0.0000 0.0000 0.0000	</row2>
					<row3>	-0.1871 0.3132 2.3679 1.0000	</row3>
				</transform>
			</node>
			<node>
				<identifier>	MP_CM012_Fire_Hose_Rack_1	</identifier>
				<transform>
					<row0>	1.0000 0.0000 0.0000 0.0000	</row0>
					<row1>	0.0000 1.0000 0.0000 0.0000	</row1>
					<row2>	0.0000 0.0000 1.0000 0.0000	</row2>
					<row3>	-0.1768 0.3979 2.3834 1.0000	</row3>
				</transform>
			</node>
			<node>
				<identifier>	MP_CM012_Fire_Hose_Rack_1_INDEX_1	</identifier>
				<transform>
					<row0>	-1.0000 0.0000 0.0000 0.0000	</row0>
					<row1>	0.0000 1.0000 0.0000 0.0000	</row1>
					<row2>	0.0000 0.0000 -1.0000 0.0000	</row2>
					<row3>	0.1768 0.3979 2.3834 1.0000	</row3>
				</transform>
			</node>
			<node>
				<identifier>	MP_CM013_Fire_Hose_Rack_2	</identifier>
				<transform>
					<row0>	0.9990 -0.0440 0.0000 0.0000	</row0>
					<row1>	0.0440 0.9990 0.0000 0.0000	</row1>
					<row2>	0.0000 0.0000 1.0000 0.0000	</row2>
					<row3>	-0.1075 0.2646 0.6361 1.0000	</row3>
				</transform>
			</node>
			<node>
				<identifier>	MP_CM013_Fire_Hose_Rack_2_INDEX_1	</identifier>
				<transform>
					<row0>	-0.9990 -0.0440 0.0000 0.0000	</row0>
					<row1>	-0.0440 0.9990 0.0000 0.0000	</row1>
					<row2>	0.0000 0.0000 -1.0000 0.0000	</row2>
					<row3>	0.1075 0.2646 0.6704 1.0000	</row3>
				</transform>
			</node>
			<node>
				<identifier>	MP_CM013_Fire_Hose_Rack_2_INDEX_2	</identifier>
				<transform>
					<row0>	0.8547 -0.0771 -0.5133 0.0000	</row0>
					<row1>	0.0599 0.9969 -0.0501 0.0000	</row1>
					<row2>	0.5156 0.0121 0.8567 0.0000	</row2>
					<row3>	-0.1609 0.3929 1.7665 1.0000	</row3>
				</transform>
			</node>
			<node>
				<identifier>	MP_CM019_Wood_Box_2	</identifier>
				<transform>
					<row0>	1.5612 0.0000 0.0000 0.0000	</row0>
					<row1>	0.0000 1.5612 0.0000 0.0000	</row1>
					<row2>	0.0000 0.0000 1.5612 0.0000	</row2>
					<row3>	0.1339 0.1854 0.4065 1.0000	</row3>
				</transform>
			</node>
			<node>
				<identifier>	MP_CM029_Emergency_Box	</identifier>
				<transform>
					<row0>	-0.5941 0.0000 0.8044 0.0000	</row0>
					<row1>	0.0000 1.0000 0.0000 0.0000	</row1>
					<row2>	-0.8044 0.0000 -0.5941 0.0000	</row2>
					<row3>	0.1442 0.4079 2.5747 1.0000	</row3>
				</transform>
			</node>
			<node>
				<identifier>	MP_CM029_Emergency_Box_INDEX_1	</identifier>
				<transform>
					<row0>	0.0000 0.0000 1.0000 0.0000	</row0>
					<row1>	0.0000 1.0000 0.0000 0.0000	</row1>
					<row2>	-1.0000 0.0000 0.0000 0.0000	</row2>
					<row3>	0.0990 0.7069 1.5570 1.0000	</row3>
				</transform>
			</node>
			<node>
				<identifier>	MP_CM030_Swab_Rack_2	</identifier>
				<transform>
					<row0>	-1.0000 0.0000 0.0000 0.0000	</row0>
					<row1>	0.0000 1.0000 0.0000 0.0000	</row1>
					<row2>	0.0000 0.0000 -1.0000 0.0000	</row2>
					<row3>	0.2785 0.1770 1.4001 1.0000	</row3>
				</transform>
			</node>
			<node>
				<identifier>	MP_CM030_Swab_Rack_2_INDEX_1	</identifier>
				<transform>
					<row0>	0.0000 0.0000 1.0000 0.0000	</row0>
					<row1>	0.0000 1.0000 0.0000 0.0000	</row1>
					<row2>	-1.0000 0.0000 0.0000 0.0000	</row2>
					<row3>	-0.0763 0.1888 -0.1503 1.0000	</row3>
				</transform>
			</node>
			<node>
				<identifier>	MP_CM057_Accommodation_Ladder_Closed	</identifier>
				<transform>
					<row0>	0.9987 0.0519 0.0003 0.0000	</row0>
					<row1>	-0.0519 0.9986 0.0087 0.0000	</row1>
					<row2>	0.0001 -0.0087 1.0000 0.0000	</row2>
					<row3>	-0.2979 0.1798 0.8318 1.0000	</row3>
				</transform>
			</node>
			<node>
				<identifier>	MP_CM057_Accommodation_Ladder_Closed_INDEX_1	</identifier>
				<transform>
					<row0>	0.9987 -0.0519 -0.0003 0.0000	</row0>
					<row1>	0.0519 0.9986 0.0087 0.0000	</row1>
					<row2>	-0.0001 -0.0087 1.0000 0.0000	</row2>
					<row3>	0.3000 0.1797 0.8318 1.0000	</row3>
				</transform>
			</node>
			<node>
				<identifier>	MP_CM060_Flag_Box	</identifier>
				<transform>
					<row0>	0.0220 0.0003 -0.8417 0.0000	</row0>
					<row1>	0.0279 0.8395 0.0010 0.0000	</row1>
					<row2>	0.6994 -0.0233 0.0183 0.0000	</row2>
					<row3>	-0.1040 0.6590 1.2480 1.0000	</row3>
				</transform>
			</node>
			<node>
				<identifier>	MP_CM060_Flag_Box_INDEX_1	</identifier>
				<transform>
					<row0>	0.0220 -0.0003 0.8417 0.0000	</row0>
					<row1>	-0.0279 0.8395 0.0010 0.0000	</row1>
					<row2>	-0.6994 -0.0233 0.0183 0.0000	</row2>
					<row3>	0.1040 0.6590 1.2480 1.0000	</row3>
				</transform>
			</node>
			<node>
				<identifier>	MP_CM082_Rope	</identifier>
				<transform>
					<row0>	-0.0380 0.0000 -0.3871 0.0000	</row0>
					<row1>	0.0000 0.3890 0.0000 0.0000	</row1>
					<row2>	0.3871 0.0000 -0.0380 0.0000	</row2>
					<row3>	-0.0052 0.6743 1.1151 1.0000	</row3>
				</transform>
			</node>
			<node>
				<identifier>	MP_CM092_Siren	</identifier>
				<transform>
					<row0>	0.9659 0.0000 0.2588 0.0000	</row0>
					<row1>	0.0000 1.0000 0.0000 0.0000	</row1>
					<row2>	-0.2588 0.0000 0.9659 0.0000	</row2>
					<row3>	-0.0695 0.6125 0.7452 1.0000	</row3>
				</transform>
			</node>
			<node>
				<identifier>	MP_CM126_Cleat	</identifier>
				<transform>
					<row0>	-0.5000 0.8660 0.0000 0.0000	</row0>
					<row1>	0.0000 0.0000 -1.0000 0.0000	</row1>
					<row2>	-0.8660 -0.5000 0.0000 0.0000	</row2>
					<row3>	-0.2509 0.2976 0.8964 1.0000	</row3>
				</transform>
			</node>
			<node>
				<identifier>	MP_CM126_Cleat_INDEX_1	</identifier>
				<transform>
					<row0>	-0.5000 -0.8660 0.0000 0.0000	</row0>
					<row1>	0.0000 0.0000 -1.0000 0.0000	</row1>
					<row2>	0.8660 -0.5000 0.0000 0.0000	</row2>
					<row3>	0.2509 0.2976 0.8964 1.0000	</row3>
				</transform>
			</node>
			<node>
				<identifier>	MP_CM126_Cleat_INDEX_2	</identifier>
				<transform>
					<row0>	0.5000 0.8660 0.0000 0.0000	</row0>
					<row1>	0.0000 0.0000 1.0000 0.0000	</row1>
					<row2>	0.8660 -0.5000 0.0000 0.0000	</row2>
					<row3>	0.2488 0.2941 1.2860 1.0000	</row3>
				</transform>
			</node>
			<node>
				<identifier>	MP_CM126_Cleat_INDEX_3	</identifier>
				<transform>
					<row0>	0.5000 -0.8660 0.0000 0.0000	</row0>
					<row1>	0.0000 0.0000 1.0000 0.0000	</row1>
					<row2>	-0.8660 -0.5000 0.0000 0.0000	</row2>
					<row3>	-0.2488 0.2941 1.2860 1.0000	</row3>
				</transform>
			</node>
			<node>
				<identifier>	MP_ZM035_Fender	</identifier>
				<transform>
					<row0>	-1.0000 0.0000 0.0000 0.0000	</row0>
					<row1>	0.0000 1.0000 0.0000 0.0000	</row1>
					<row2>	0.0000 0.0000 -1.0000 0.0000	</row2>
					<row3>	-0.3178 0.1777 -0.1428 1.0000	</row3>
				</transform>
			</node>
			<node>
				<identifier>	MP_ZM035_Fender_INDEX_1	</identifier>
				<transform>
					<row0>	0.5636 0.0000 0.4973 0.0000	</row0>
					<row1>	0.0000 0.7516 0.0000 0.0000	</row1>
					<row2>	-0.4973 0.0000 0.5636 0.0000	</row2>
					<row3>	0.1709 0.3175 1.7929 1.0000	</row3>
				</transform>
			</node>
			<node>
				<identifier>	MP_ZM035_Fender_INDEX_2	</identifier>
				<transform>
					<row0>	0.0000 0.0000 -0.7516 0.0000	</row0>
					<row1>	0.0000 0.7516 0.0000 0.0000	</row1>
					<row2>	0.7516 0.0000 0.0000 0.0000	</row2>
					<row3>	0.3288 0.1746 1.3733 1.0000	</row3>
				</transform>
			</node>
			<node>
				<identifier>	MP_ZM035_Fender_INDEX_3	</identifier>
				<transform>
					<row0>	1.0000 0.0000 0.0000 0.0000	</row0>
					<row1>	0.0000 1.0000 0.0000 0.0000	</row1>
					<row2>	0.0000 0.0000 1.0000 0.0000	</row2>
					<row3>	0.3178 0.1777 -0.1428 1.0000	</row3>
				</transform>
			</node>
			<node>
				<identifier>	MP_ZM099_Bollards	</identifier>
				<transform>
					<row0>	0.0574 0.0000 0.7475 0.0000	</row0>
					<row1>	0.0000 0.7497 0.0000 0.0000	</row1>
					<row2>	-0.7475 0.0000 0.0574 0.0000	</row2>
					<row3>	-0.2817 0.3013 2.6780 1.0000	</row3>
				</transform>
			</node>
			<node>
				<identifier>	MP_ZM099_Bollards_INDEX_1	</identifier>
				<transform>
					<row0>	0.0574 0.0000 -0.7475 0.0000	</row0>
					<row1>	0.0000 0.7497 0.0000 0.0000	</row1>
					<row2>	0.7475 0.0000 0.0574 0.0000	</row2>
					<row3>	0.2817 0.3013 2.6784 1.0000	</row3>
				</transform>
			</node>
			<node>
				<identifier>	MP_ZM101_Signal_platorm	</identifier>
				<transform>
					<row0>	-0.0825 0.0000 0.9966 0.0000	</row0>
					<row1>	0.0000 1.0000 0.0000 0.0000	</row1>
					<row2>	-0.9966 0.0000 -0.0825 0.0000	</row2>
					<row3>	-0.1992 0.6189 1.4906 1.0000	</row3>
				</transform>
			</node>
			<node>
				<identifier>	MP_ZM101_Signal_platorm_INDEX_1	</identifier>
				<transform>
					<row0>	0.0000 0.0000 0.8596 0.0000	</row0>
					<row1>	0.0000 0.8596 0.0000 0.0000	</row1>
					<row2>	-0.8596 0.0000 0.0000 0.0000	</row2>
					<row3>	-0.1357 0.7986 1.7375 1.0000	</row3>
				</transform>
			</node>
			<node>
				<identifier>	MP_ZM101_Signal_platorm_INDEX_2	</identifier>
				<transform>
					<row0>	0.0000 0.0000 -0.8596 0.0000	</row0>
					<row1>	0.0000 0.8596 0.0000 0.0000	</row1>
					<row2>	0.8596 0.0000 0.0000 0.0000	</row2>
					<row3>	0.1357 0.7986 1.7375 1.0000	</row3>
				</transform>
			</node>
			<node>
				<identifier>	MP_ZM101_Signal_platorm_INDEX_3	</identifier>
				<transform>
					<row0>	-0.0825 0.0000 -0.9966 0.0000	</row0>
					<row1>	0.0000 1.0000 0.0000 0.0000	</row1>
					<row2>	0.9966 0.0000 -0.0825 0.0000	</row2>
					<row3>	0.1992 0.6189 1.4906 1.0000	</row3>
				</transform>
			</node>
			<node>
				<identifier>	MP_ZM102_Life_Buoy	</identifier>
				<transform>
					<row0>	0.0838 0.0000 0.9965 0.0000	</row0>
					<row1>	0.0000 1.0000 0.0000 0.0000	</row1>
					<row2>	-0.9965 0.0000 0.0838 0.0000	</row2>
					<row3>	0.1953 0.6578 1.5412 1.0000	</row3>
				</transform>
			</node>
			<node>
				<identifier>	MP_ZM102_Life_Buoy_INDEX_1	</identifier>
				<transform>
					<row0>	-0.1175 0.0000 -0.8721 0.0000	</row0>
					<row1>	0.0000 0.8800 0.0000 0.0000	</row1>
					<row2>	0.8721 0.0000 -0.1175 0.0000	</row2>
					<row3>	-0.0741 0.2829 -0.0041 1.0000	</row3>
				</transform>
			</node>
			<node>
				<identifier>	MP_ZM102_Life_Buoy_INDEX_2	</identifier>
				<transform>
					<row0>	-0.1175 0.0000 0.8721 0.0000	</row0>
					<row1>	0.0000 0.8800 0.0000 0.0000	</row1>
					<row2>	-0.8721 0.0000 -0.1175 0.0000	</row2>
					<row3>	0.0741 0.2829 -0.0041 1.0000	</row3>
				</transform>
			</node>
			<node>
				<identifier>	MP_ZM102_Life_Buoy_INDEX_3	</identifier>
				<transform>
					<row0>	0.0838 0.0000 -0.9965 0.0000	</row0>
					<row1>	0.0000 1.0000 0.0000 0.0000	</row1>
					<row2>	0.9965 0.0000 0.0838 0.0000	</row2>
					<row3>	-0.1953 0.6578 1.5412 1.0000	</row3>
				</transform>
			</node>
			<node>
				<identifier>	MP_ZM535_Motor_Boat_9m	</identifier>
				<transform>
					<row0>	1.0000 0.0000 0.0000 0.0000	</row0>
					<row1>	0.0000 1.0000 0.0000 0.0000	</row1>
					<row2>	0.0000 0.0000 1.0000 0.0000	</row2>
					<row3>	-0.2524 0.2268 0.2301 1.0000	</row3>
				</transform>
			</node>
			<node>
				<identifier>	MP_ZM535_Motor_Boat_9m_INDEX_1	</identifier>
				<transform>
					<row0>	1.0000 0.0000 0.0000 0.0000	</row0>
					<row1>	0.0000 1.0000 0.0000 0.0000	</row1>
					<row2>	0.0000 0.0000 1.0000 0.0000	</row2>
					<row3>	0.2524 0.2268 0.2301 1.0000	</row3>
				</transform>
			</node>
			<node>
				<identifier>	MP_ZM536_Cutter_9m	</identifier>
				<transform>
					<row0>	0.9996 0.0000 0.0279 0.0000	</row0>
					<row1>	0.0000 1.0000 0.0000 0.0000	</row1>
					<row2>	-0.0279 0.0000 0.9996 0.0000	</row2>
					<row3>	0.2832 0.2893 1.0957 1.0000	</row3>
				</transform>
			</node>
			<node>
				<identifier>	MP_ZM536_Cutter_9m_INDEX_1	</identifier>
				<transform>
					<row0>	0.9996 0.0000 -0.0279 0.0000	</row0>
					<row1>	0.0000 1.0000 0.0000 0.0000	</row1>
					<row2>	0.0279 0.0000 0.9996 0.0000	</row2>
					<row3>	-0.2832 0.2893 1.0957 1.0000	</row3>
				</transform>
			</node>
			<node>
				<identifier>	MP_ZM620_Binocular	</identifier>
				<transform>
					<row0>	-1.0000 0.0000 0.0000 0.0000	</row0>
					<row1>	0.0000 1.0000 0.0000 0.0000	</row1>
					<row2>	0.0000 0.0000 -1.0000 0.0000	</row2>
					<row3>	-0.1377 0.7872 1.5380 1.0000	</row3>
				</transform>
			</node>
			<node>
				<identifier>	MP_ZM620_Binocular_INDEX_1	</identifier>
				<transform>
					<row0>	1.0000 0.0000 0.0000 0.0000	</row0>
					<row1>	0.0000 1.0000 0.0000 0.0000	</row1>
					<row2>	0.0000 0.0000 1.0000 0.0000	</row2>
					<row3>	0.1700 0.6244 1.5825 1.0000	</row3>
				</transform>
			</node>
			<node>
				<identifier>	MP_ZM620_Binocular_INDEX_10	</identifier>
				<transform>
					<row0>	0.0000 0.0000 1.0000 0.0000	</row0>
					<row1>	0.0000 1.0000 0.0000 0.0000	</row1>
					<row2>	-1.0000 0.0000 0.0000 0.0000	</row2>
					<row3>	0.0000 0.8013 1.6809 1.0000	</row3>
				</transform>
			</node>
			<node>
				<identifier>	MP_ZM620_Binocular_INDEX_2	</identifier>
				<transform>
					<row0>	-1.0000 0.0000 0.0000 0.0000	</row0>
					<row1>	0.0000 1.0000 0.0000 0.0000	</row1>
					<row2>	0.0000 0.0000 -1.0000 0.0000	</row2>
					<row3>	-0.1700 0.6244 1.5825 1.0000	</row3>
				</transform>
			</node>
			<node>
				<identifier>	MP_ZM620_Binocular_INDEX_3	</identifier>
				<transform>
					<row0>	1.0000 0.0000 0.0000 0.0000	</row0>
					<row1>	0.0000 1.0000 0.0000 0.0000	</row1>
					<row2>	0.0000 0.0000 1.0000 0.0000	</row2>
					<row3>	0.1700 0.6243 1.4913 1.0000	</row3>
				</transform>
			</node>
			<node>
				<identifier>	MP_ZM620_Binocular_INDEX_4	</identifier>
				<transform>
					<row0>	0.0000 0.0000 -1.0000 0.0000	</row0>
					<row1>	0.0000 1.0000 0.0000 0.0000	</row1>
					<row2>	1.0000 0.0000 0.0000 0.0000	</row2>
					<row3>	-0.0934 0.6589 1.7805 1.0000	</row3>
				</transform>
			</node>
			<node>
				<identifier>	MP_ZM620_Binocular_INDEX_5	</identifier>
				<transform>
					<row0>	-1.0000 0.0000 0.0000 0.0000	</row0>
					<row1>	0.0000 1.0000 0.0000 0.0000	</row1>
					<row2>	0.0000 0.0000 -1.0000 0.0000	</row2>
					<row3>	-0.1700 0.6244 1.4913 1.0000	</row3>
				</transform>
			</node>
			<node>
				<identifier>	MP_ZM620_Binocular_INDEX_6	</identifier>
				<transform>
					<row0>	1.0000 0.0000 0.0000 0.0000	</row0>
					<row1>	0.0000 1.0000 0.0000 0.0000	</row1>
					<row2>	0.0000 0.0000 1.0000 0.0000	</row2>
					<row3>	0.1377 0.7872 1.5380 1.0000	</row3>
				</transform>
			</node>
			<node>
				<identifier>	MP_ZM620_Binocular_INDEX_7	</identifier>
				<transform>
					<row0>	-1.0000 0.0000 0.0000 0.0000	</row0>
					<row1>	0.0000 1.0000 0.0000 0.0000	</row1>
					<row2>	0.0000 0.0000 -1.0000 0.0000	</row2>
					<row3>	-0.1377 0.7872 1.4408 1.0000	</row3>
				</transform>
			</node>
			<node>
				<identifier>	MP_ZM620_Binocular_INDEX_8	</identifier>
				<transform>
					<row0>	1.0000 0.0000 0.0000 0.0000	</row0>
					<row1>	0.0000 1.0000 0.0000 0.0000	</row1>
					<row2>	0.0000 0.0000 1.0000 0.0000	</row2>
					<row3>	0.1377 0.7872 1.4408 1.0000	</row3>
				</transform>
			</node>
			<node>
				<identifier>	MP_ZM620_Binocular_INDEX_9	</identifier>
				<transform>
					<row0>	0.0000 0.0000 1.0000 0.0000	</row0>
					<row1>	0.0000 1.0000 0.0000 0.0000	</row1>
					<row2>	-1.0000 0.0000 0.0000 0.0000	</row2>
					<row3>	0.0934 0.6589 1.7805 1.0000	</row3>
				</transform>
			</node>
			<node>
				<identifier>	MP_ZM621_Main_Wheel	</identifier>
				<transform>
					<row0>	1.0000 0.0000 0.0000 0.0000	</row0>
					<row1>	0.0000 1.0000 0.0000 0.0000	</row1>
					<row2>	0.0000 0.0000 1.0000 0.0000	</row2>
					<row3>	0.0000 0.6589 1.7343 1.0000	</row3>
				</transform>
			</node>
			<node>
				<identifier>	MP_ZM629_Telegraph_Engine_R	</identifier>
				<transform>
					<row0>	0.6524 0.0000 -0.7579 0.0000	</row0>
					<row1>	0.0000 1.0000 0.0000 0.0000	</row1>
					<row2>	0.7579 0.0000 0.6524 0.0000	</row2>
					<row3>	0.0652 0.6589 1.7073 1.0000	</row3>
				</transform>
			</node>
			<node>
				<identifier>	MP_ZM629_Telegraph_Engine_R_INDEX_1	</identifier>
				<transform>
					<row0>	0.6524 0.0000 -0.7579 0.0000	</row0>
					<row1>	0.0000 1.0000 0.0000 0.0000	</row1>
					<row2>	0.7579 0.0000 0.6524 0.0000	</row2>
					<row3>	0.0873 0.6589 1.6817 1.0000	</row3>
				</transform>
			</node>
			<node>
				<identifier>	MP_ZM660_Compass_repeater	</identifier>
				<transform>
					<row0>	-1.0000 0.0000 0.0000 0.0000	</row0>
					<row1>	0.0000 1.0000 0.0000 0.0000	</row1>
					<row2>	0.0000 0.0000 -1.0000 0.0000	</row2>
					<row3>	0.0000 0.8761 1.7377 1.0000	</row3>
				</transform>
			</node>
			<node>
				<identifier>	MP_ZM667_Wind_Intensity	</identifier>
				<transform>
					<row0>	1.0000 0.0000 0.0000 0.0000	</row0>
					<row1>	0.0000 1.0000 0.0000 0.0000	</row1>
					<row2>	0.0000 0.0000 1.0000 0.0000	</row2>
					<row3>	-0.0796 1.4057 1.0412 1.0000	</row3>
				</transform>
			</node>
			<node>
				<identifier>	MP_ZM667_Wind_Intensity_INDEX_1	</identifier>
				<transform>
					<row0>	1.0000 0.0000 0.0000 0.0000	</row0>
					<row1>	0.0000 1.0000 0.0000 0.0000	</row1>
					<row2>	0.0000 0.0000 1.0000 0.0000	</row2>
					<row3>	0.0796 1.4057 1.0412 1.0000	</row3>
				</transform>
			</node>
			<node>
				<identifier>	MP_ZM668_Wind_Direction	</identifier>
				<transform>
					<row0>	1.0000 0.0000 0.0000 0.0000	</row0>
					<row1>	0.0000 1.0000 0.0000 0.0000	</row1>
					<row2>	0.0000 0.0000 1.0000 0.0000	</row2>
					<row3>	0.0000 1.4932 1.0279 1.0000	</row3>
				</transform>
			</node>
			<node>
				<identifier>	MP_ZM670_Voice_Tube	</identifier>
				<transform>
					<row0>	0.0000 0.0000 -1.0000 0.0000	</row0>
					<row1>	0.0000 1.0000 0.0000 0.0000	</row1>
					<row2>	1.0000 0.0000 0.0000 0.0000	</row2>
					<row3>	0.1533 0.7872 1.4843 1.0000	</row3>
				</transform>
			</node>
			<node>
				<identifier>	MP_ZM670_Voice_Tube_INDEX_1	</identifier>
				<transform>
					<row0>	0.7071 0.0000 0.7071 0.0000	</row0>
					<row1>	0.0000 1.0000 0.0000 0.0000	</row1>
					<row2>	-0.7071 0.0000 0.7071 0.0000	</row2>
					<row3>	-0.0331 0.8013 1.6823 1.0000	</row3>
				</transform>
			</node>
			<node>
				<identifier>	MP_ZM670_Voice_Tube_INDEX_2	</identifier>
				<transform>
					<row0>	0.8660 0.0000 0.5000 0.0000	</row0>
					<row1>	0.0000 1.0000 0.0000 0.0000	</row1>
					<row2>	-0.5000 0.0000 0.8660 0.0000	</row2>
					<row3>	-0.0540 0.6589 1.7345 1.0000	</row3>
				</transform>
			</node>
			<node>
				<identifier>	MP_ZM670_Voice_Tube_INDEX_3	</identifier>
				<transform>
					<row0>	-0.7071 0.0000 0.7071 0.0000	</row0>
					<row1>	0.0000 1.0000 0.0000 0.0000	</row1>
					<row2>	-0.7071 0.0000 -0.7071 0.0000	</row2>
					<row3>	-0.0590 0.6244 1.1850 1.0000	</row3>
				</transform>
			</node>
			<node>
				<identifier>	MP_ZM670_Voice_Tube_INDEX_4	</identifier>
				<transform>
					<row0>	0.8660 0.0000 -0.5000 0.0000	</row0>
					<row1>	0.0000 1.0000 0.0000 0.0000	</row1>
					<row2>	0.5000 0.0000 0.8660 0.0000	</row2>
					<row3>	0.0698 0.6589 1.7345 1.0000	</row3>
				</transform>
			</node>
			<node>
				<identifier>	MP_ZM670_Voice_Tube_INDEX_5	</identifier>
				<transform>
					<row0>	1.0000 0.0000 0.0000 0.0000	</row0>
					<row1>	0.0000 1.0000 0.0000 0.0000	</row1>
					<row2>	0.0000 0.0000 1.0000 0.0000	</row2>
					<row3>	0.0570 0.6589 1.7806 1.0000	</row3>
				</transform>
			</node>
			<node>
				<identifier>	MP_ZM670_Voice_Tube_INDEX_6	</identifier>
				<transform>
					<row0>	0.0000 0.0000 1.0000 0.0000	</row0>
					<row1>	0.0000 1.0000 0.0000 0.0000	</row1>
					<row2>	-1.0000 0.0000 0.0000 0.0000	</row2>
					<row3>	-0.1533 0.7872 1.4843 1.0000	</row3>
				</transform>
			</node>
			<node>
				<identifier>	MP_ZM672_Controler_Sl	</identifier>
				<transform>
					<row0>	1.0000 0.0000 0.0000 0.0000	</row0>
					<row1>	0.0000 1.0000 0.0000 0.0000	</row1>
					<row2>	0.0000 0.0000 1.0000 0.0000	</row2>
					<row3>	0.0000 0.6233 1.1691 1.0000	</row3>
				</transform>
			</node>
			<node>
				<identifier>	MP_ZM673_Gyro_Repeater	</identifier>
				<transform>
					<row0>	0.9401 0.0000 0.3409 0.0000	</row0>
					<row1>	0.0000 1.0000 0.0000 0.0000	</row1>
					<row2>	-0.3409 0.0000 0.9401 0.0000	</row2>
					<row3>	0.1689 0.6245 1.4645 1.0000	</row3>
				</transform>
			</node>
			<node>
				<identifier>	MP_ZM673_Gyro_Repeater_INDEX_1	</identifier>
				<transform>
					<row0>	0.9401 0.0000 -0.3409 0.0000	</row0>
					<row1>	0.0000 1.0000 0.0000 0.0000	</row1>
					<row2>	0.3409 0.0000 0.9401 0.0000	</row2>
					<row3>	-0.1689 0.6245 1.4645 1.0000	</row3>
				</transform>
			</node>
			<node>
				<identifier>	MP_ZM674_Turning_Indicator	</identifier>
				<transform>
					<row0>	1.0000 0.0000 0.0000 0.0000	</row0>
					<row1>	0.0000 1.0000 0.0000 0.0000	</row1>
					<row2>	0.0000 0.0000 1.0000 0.0000	</row2>
					<row3>	0.0449 0.6589 1.7436 1.0000	</row3>
				</transform>
			</node>
			<node>
				<identifier>	MP_ZM675_Rangefinder_66cm	</identifier>
				<transform>
					<row0>	1.0000 0.0000 0.0000 0.0000	</row0>
					<row1>	0.0000 1.0000 0.0000 0.0000	</row1>
					<row2>	0.0000 0.0000 1.0000 0.0000	</row2>
					<row3>	-0.1211 0.8480 1.5948 1.0000	</row3>
				</transform>
			</node>
			<node>
				<identifier>	MP_ZM675_Rangefinder_66cm_INDEX_1	</identifier>
				<transform>
					<row0>	1.0000 0.0000 0.0000 0.0000	</row0>
					<row1>	0.0000 1.0000 0.0000 0.0000	</row1>
					<row2>	0.0000 0.0000 1.0000 0.0000	</row2>
					<row3>	0.1211 0.8480 1.5948 1.0000	</row3>
				</transform>
			</node>
			<node>
				<identifier>	MP_ZM676_Detector	</identifier>
				<transform>
					<row0>	0.0000 0.0000 1.0000 0.0000	</row0>
					<row1>	0.0000 1.0000 0.0000 0.0000	</row1>
					<row2>	-1.0000 0.0000 0.0000 0.0000	</row2>
					<row3>	-0.1302 0.6684 1.7144 1.0000	</row3>
				</transform>
			</node>
			<node>
				<identifier>	MP_ZM676_Detector_INDEX_1	</identifier>
				<transform>
					<row0>	0.0000 0.0000 -1.0000 0.0000	</row0>
					<row1>	0.0000 1.0000 0.0000 0.0000	</row1>
					<row2>	1.0000 0.0000 0.0000 0.0000	</row2>
					<row3>	0.1302 0.6684 1.7144 1.0000	</row3>
				</transform>
			</node>
			<node>
				<identifier>	MP_ZM677_Gyro	</identifier>
				<transform>
					<row0>	1.0000 0.0000 0.0000 0.0000	</row0>
					<row1>	0.0000 1.0000 0.0000 0.0000	</row1>
					<row2>	0.0000 0.0000 1.0000 0.0000	</row2>
					<row3>	0.0000 0.6589 1.8088 1.0000	</row3>
				</transform>
			</node>
			<node>
				<identifier>	MP_ZM678_Gyro	</identifier>
				<transform>
					<row0>	1.0000 0.0000 0.0000 0.0000	</row0>
					<row1>	0.0000 1.0000 0.0000 0.0000	</row1>
					<row2>	0.0000 0.0000 1.0000 0.0000	</row2>
					<row3>	0.0000 0.6589 1.7605 1.0000	</row3>
				</transform>
			</node>
			<node>
				<identifier>	MP_ZM765_Hatch	</identifier>
				<transform>
					<row0>	0.0000 0.0000 1.0000 0.0000	</row0>
					<row1>	0.0000 1.0000 0.0000 0.0000	</row1>
					<row2>	-1.0000 0.0000 0.0000 0.0000	</row2>
					<row3>	0.0441 0.1896 0.1485 1.0000	</row3>
				</transform>
			</node>
			<node>
				<identifier>	MP_ZM765_Hatch_INDEX_1	</identifier>
				<transform>
					<row0>	0.0000 0.0000 -1.0000 0.0000	</row0>
					<row1>	0.0000 1.0000 0.0000 0.0000	</row1>
					<row2>	1.0000 0.0000 0.0000 0.0000	</row2>
					<row3>	-0.0441 0.1896 0.1485 1.0000	</row3>
				</transform>
			</node>
			<node>
				<identifier>	MP_ZM767_Hatch	</identifier>
				<transform>
					<row0>	-1.0000 0.0000 0.0000 0.0000	</row0>
					<row1>	0.0000 1.0000 0.0000 0.0000	</row1>
					<row2>	0.0000 0.0000 -1.0000 0.0000	</row2>
					<row3>	0.0000 0.1917 0.0530 1.0000	</row3>
				</transform>
			</node>
			<node>
				<identifier>	MP_ZM767_Hatch_INDEX_1	</identifier>
				<transform>
					<row0>	-1.2188 0.0000 0.0000 0.0000	</row0>
					<row1>	0.0000 1.2188 0.0000 0.0000	</row1>
					<row2>	0.0000 0.0000 -1.2188 0.0000	</row2>
					<row3>	-0.0926 0.4063 -0.1620 1.0000	</row3>
				</transform>
			</node>
			<node>
				<identifier>	MP_ZM767_Hatch_INDEX_2	</identifier>
				<transform>
					<row0>	1.1500 0.0000 0.0000 0.0000	</row0>
					<row1>	0.0000 1.1500 0.0000 0.0000	</row1>
					<row2>	0.0000 0.0000 1.1500 0.0000	</row2>
					<row3>	-0.0068 0.1914 0.2025 1.0000	</row3>
				</transform>
			</node>
			<node>
				<identifier>	MP_ZM767_Hatch_INDEX_3	</identifier>
				<transform>
					<row0>	-1.2188 0.0000 0.0000 0.0000	</row0>
					<row1>	0.0000 1.2188 0.0000 0.0000	</row1>
					<row2>	0.0000 0.0000 -1.2188 0.0000	</row2>
					<row3>	0.0926 0.4063 -0.1620 1.0000	</row3>
				</transform>
			</node>
			<node>
				<identifier>	MP_ZM767_Hatch_INDEX_4	</identifier>
				<transform>
					<row0>	1.2188 0.0000 0.0000 0.0000	</row0>
					<row1>	0.0000 1.2188 0.0000 0.0000	</row1>
					<row2>	0.0000 0.0000 1.2188 0.0000	</row2>
					<row3>	0.0908 0.4062 -0.0988 1.0000	</row3>
				</transform>
			</node>
			<node>
				<identifier>	MP_ZM767_Hatch_INDEX_5	</identifier>
				<transform>
					<row0>	1.2188 0.0000 0.0000 0.0000	</row0>
					<row1>	0.0000 1.2188 0.0000 0.0000	</row1>
					<row2>	0.0000 0.0000 1.2188 0.0000	</row2>
					<row3>	-0.0908 0.4062 -0.0988 1.0000	</row3>
				</transform>
			</node>
			<node>
				<identifier>	MP_ZM768_Hatch	</identifier>
				<transform>
					<row0>	-0.2559 -0.0102 -0.9666 0.0000	</row0>
					<row1>	-0.0239 0.9997 -0.0042 0.0000	</row1>
					<row2>	0.9664 0.0221 -0.2561 0.0000	</row2>
					<row3>	-0.1898 0.3098 2.5479 1.0000	</row3>
				</transform>
			</node>
			<node>
				<identifier>	MP_ZM768_Hatch_INDEX_1	</identifier>
				<transform>
					<row0>	-0.2559 0.0102 0.9666 0.0000	</row0>
					<row1>	0.0239 0.9997 -0.0042 0.0000	</row1>
					<row2>	-0.9664 0.0221 -0.2561 0.0000	</row2>
					<row3>	0.1898 0.3098 2.5479 1.0000	</row3>
				</transform>
			</node>
			<node>
				<identifier>	MP_ZM768_Hatch_INDEX_2	</identifier>
				<transform>
					<row0>	0.4269 -0.0332 0.9037 0.0000	</row0>
					<row1>	0.0339 0.9992 0.0207 0.0000	</row1>
					<row2>	-0.9037 0.0217 0.4277 0.0000	</row2>
					<row3>	0.1727 0.3139 2.2449 1.0000	</row3>
				</transform>
			</node>
			<node>
				<identifier>	MP_ZM768_Hatch_INDEX_3	</identifier>
				<transform>
					<row0>	0.0000 -0.0037 1.0000 0.0000	</row0>
					<row1>	-0.0046 1.0000 0.0037 0.0000	</row1>
					<row2>	-1.0000 -0.0046 0.0000 0.0000	</row2>
					<row3>	-0.0241 0.3188 2.0825 1.0000	</row3>
				</transform>
			</node>
			<node>
				<identifier>	MP_ZM768_Hatch_INDEX_4	</identifier>
				<transform>
					<row0>	0.4269 0.0332 -0.9037 0.0000	</row0>
					<row1>	-0.0339 0.9992 0.0207 0.0000	</row1>
					<row2>	0.9037 0.0217 0.4277 0.0000	</row2>
					<row3>	-0.1727 0.3139 2.2449 1.0000	</row3>
				</transform>
			</node>
			<node>
				<identifier>	MP_ZM768_Hatch_INDEX_5	</identifier>
				<transform>
					<row0>	0.4269 -0.0332 0.9037 0.0000	</row0>
					<row1>	0.0339 0.9992 0.0207 0.0000	</row1>
					<row2>	-0.9037 0.0217 0.4277 0.0000	</row2>
					<row3>	0.1447 0.3159 2.1858 1.0000	</row3>
				</transform>
			</node>
			<node>
				<identifier>	MP_ZM782_Deck_Hatch	</identifier>
				<transform>
					<row0>	-0.5458 0.0000 0.0000 0.0000	</row0>
					<row1>	0.0000 0.5458 0.0000 0.0000	</row1>
					<row2>	0.0000 0.0000 -0.5458 0.0000	</row2>
					<row3>	-0.1536 0.3151 2.1656 1.0000	</row3>
				</transform>
			</node>
			<node>
				<identifier>	MP_ZM822_Ventilation	</identifier>
				<transform>
					<row0>	-0.3720 0.0000 0.0000 0.0000	</row0>
					<row1>	0.0000 0.3720 0.0000 0.0000	</row1>
					<row2>	0.0000 0.0000 -0.3720 0.0000	</row2>
					<row3>	-0.2065 0.3534 1.5850 1.0000	</row3>
				</transform>
			</node>
			<node>
				<identifier>	MP_ZM822_Ventilation_INDEX_1	</identifier>
				<transform>
					<row0>	-0.2653 0.0000 0.0000 0.0000	</row0>
					<row1>	0.0000 0.2653 0.0000 0.0000	</row1>
					<row2>	0.0000 0.0000 -0.2653 0.0000	</row2>
					<row3>	-0.2035 0.3635 1.4892 1.0000	</row3>
				</transform>
			</node>
			<node>
				<identifier>	MP_ZM822_Ventilation_INDEX_2	</identifier>
				<transform>
					<row0>	-0.2477 0.0000 0.0000 0.0000	</row0>
					<row1>	0.0000 0.2477 0.0000 0.0000	</row1>
					<row2>	0.0000 0.0000 -0.2477 0.0000	</row2>
					<row3>	0.0163 0.3577 2.0439 1.0000	</row3>
				</transform>
			</node>
			<node>
				<identifier>	MP_ZM822_Ventilation_INDEX_3	</identifier>
				<transform>
					<row0>	-0.3720 0.0000 0.0000 0.0000	</row0>
					<row1>	0.0000 0.3720 0.0000 0.0000	</row1>
					<row2>	0.0000 0.0000 -0.3720 0.0000	</row2>
					<row3>	0.0175 0.3642 2.0962 1.0000	</row3>
				</transform>
			</node>
			<node>
				<identifier>	MP_ZM823_Ventilators	</identifier>
				<transform>
					<row0>	1.0000 0.0000 0.0000 0.0000	</row0>
					<row1>	0.0000 1.0000 0.0000 0.0000	</row1>
