<SSC009_Cataluna_1941_MidBack_ports_base_dock_AB.visual>
	<node>
		<identifier>	Scene Root	</identifier>
		<transform>
			<row0>	1.0000 0.0000 0.0000 0.0000	</row0>
			<row1>	0.0000 1.0000 0.0000 0.0000	</row1>
			<row2>	0.0000 0.0000 1.0000 0.0000	</row2>
			<row3>	0.0000 0.0000 0.0000 1.0000	</row3>
		</transform>
		<node>
			<identifier>	MidBack_ports_base_dock_AB	</identifier>
			<transform>
				<row0>	1.0000 0.0000 0.0000 0.0000	</row0>
				<row1>	0.0000 1.0000 0.0000 0.0000	</row1>
				<row2>	0.0000 0.0000 1.0000 0.0000	</row2>
				<row3>	0.0000 0.0000 0.0000 1.0000	</row3>
			</transform>
			<node>
				<identifier>	MP_SM001_Bench	</identifier>
				<transform>
					<row0>	0.0000 0.0116 -0.9999 0.0000	</row0>
					<row1>	-0.0194 0.9997 0.0116 0.0000	</row1>
					<row2>	0.9998 0.0194 0.0002 0.0000	</row2>
					<row3>	-0.1625 0.3834 -6.2367 1.0000	</row3>
				</transform>
			</node>
			<node>
				<identifier>	MP_SM001_Bench_INDEX_1	</identifier>
				<transform>
					<row0>	0.0000 0.0000 1.0000 0.0000	</row0>
					<row1>	0.0126 0.9999 0.0000 0.0000	</row1>
					<row2>	-0.9999 0.0126 0.0000 0.0000	</row2>
					<row3>	0.1625 0.3763 -5.4649 1.0000	</row3>
				</transform>
			</node>
			<node>
				<identifier>	MP_SM001_Bench_INDEX_2	</identifier>
				<transform>
					<row0>	0.0000 -0.0116 0.9999 0.0000	</row0>
					<row1>	0.0194 0.9997 0.0116 0.0000	</row1>
					<row2>	-0.9998 0.0194 0.0002 0.0000	</row2>
					<row3>	0.1625 0.3834 -6.2367 1.0000	</row3>
				</transform>
			</node>
			<node>
				<identifier>	MP_SM001_Bench_INDEX_3	</identifier>
				<transform>
					<row0>	0.0000 0.0000 -1.0000 0.0000	</row0>
					<row1>	-0.0229 0.9997 0.0000 0.0000	</row1>
					<row2>	0.9997 0.0229 0.0000 0.0000	</row2>
					<row3>	-0.1625 0.3760 -5.4649 1.0000	</row3>
				</transform>
			</node>
			<node>
				<identifier>	MP_SM407_Port_davit_from_Cataluna	</identifier>
				<transform>
					<row0>	1.0000 0.0000 0.0000 0.0000	</row0>
					<row1>	0.0000 1.0000 0.0000 0.0000	</row1>
					<row2>	0.0000 0.0000 1.0000 0.0000	</row2>
					<row3>	0.0000 0.3768 -4.8228 1.0000	</row3>
				</transform>
			</node>
			<node>
				<identifier>	MP_SM512_boat_8_6m	</identifier>
				<transform>
					<row0>	0.9983 0.0000 -0.0590 0.0000	</row0>
					<row1>	0.0000 1.0000 0.0000 0.0000	</row1>
					<row2>	0.0590 0.0000 0.9983 0.0000	</row2>
					<row3>	0.5104 0.3808 -4.4381 1.0000	</row3>
				</transform>
			</node>
			<node>
				<identifier>	MP_SM512_boat_8_6m_INDEX_1	</identifier>
				<transform>
					<row0>	0.9983 0.0000 0.0590 0.0000	</row0>
					<row1>	0.0000 1.0000 0.0000 0.0000	</row1>
					<row2>	-0.0590 0.0000 0.9983 0.0000	</row2>
					<row3>	-0.5104 0.3808 -4.4381 1.0000	</row3>
				</transform>
			</node>
		</node>
	</node>
	<boundingBox>
		<min>	-0.0667 -0.0667 -0.0667	</min>
		<max>	0.0667 0.0667 0.0667	</max>
	</boundingBox>
</SSC009_Cataluna_1941_MidBack_ports_base_dock_AB.visual>
