<ASD042_Gearing_1945_MidBack_ports.visual>
	<node>
		<identifier>	Scene Root	</identifier>
		<transform>
			<row0>	1.0000 0.0000 0.0000 0.0000	</row0>
			<row1>	0.0000 1.0000 0.0000 0.0000	</row1>
			<row2>	0.0000 0.0000 1.0000 0.0000	</row2>
			<row3>	0.0000 0.0000 0.0000 1.0000	</row3>
		</transform>
		<node>
			<identifier>	MidBack_ports	</identifier>
			<transform>
				<row0>	1.0000 0.0000 0.0000 0.0000	</row0>
				<row1>	0.0000 1.0000 0.0000 0.0000	</row1>
				<row2>	0.0000 0.0000 1.0000 0.0000	</row2>
				<row3>	0.0000 0.0000 0.0000 1.0000	</row3>
			</transform>
			<node>
				<identifier>	HP_AD_4	</identifier>
				<transform>
					<row0>	0.0000 0.0000 -1.0000 0.0000	</row0>
					<row1>	0.0000 1.0000 0.0000 0.0000	</row1>
					<row2>	1.0000 0.0000 0.0000 0.0000	</row2>
					<row3>	0.1364 0.5007 -0.6917 1.0000	</row3>
				</transform>
			</node>
			<node>
				<identifier>	HP_AD_5	</identifier>
				<transform>
					<row0>	0.0000 0.0000 1.0000 0.0000	</row0>
					<row1>	0.0000 1.0000 0.0000 0.0000	</row1>
					<row2>	-1.0000 0.0000 0.0000 0.0000	</row2>
					<row3>	-0.1224 0.4813 -1.2665 1.0000	</row3>
				</transform>
			</node>
			<node>
				<identifier>	HP_AGA_10	</identifier>
				<transform>
					<row0>	0.0000 0.0000 -1.0000 0.0000	</row0>
					<row1>	0.0000 1.0000 0.0000 0.0000	</row1>
					<row2>	1.0000 0.0000 0.0000 0.0000	</row2>
					<row3>	0.2070 0.3196 -1.5367 1.0000	</row3>
				</transform>
			</node>
			<node>
				<identifier>	HP_AGA_11	</identifier>
				<transform>
					<row0>	0.0000 0.0000 1.0000 0.0000	</row0>
					<row1>	0.0000 1.0000 0.0000 0.0000	</row1>
					<row2>	-1.0000 0.0000 0.0000 0.0000	</row2>
					<row3>	-0.2355 0.3201 -1.5417 1.0000	</row3>
				</transform>
			</node>
			<node>
				<identifier>	HP_AGA_12	</identifier>
				<transform>
					<row0>	0.0000 0.0000 -1.0000 0.0000	</row0>
					<row1>	0.0000 1.0000 0.0000 0.0000	</row1>
					<row2>	1.0000 0.0000 0.0000 0.0000	</row2>
					<row3>	0.1392 0.3189 -1.6693 1.0000	</row3>
				</transform>
			</node>
			<node>
				<identifier>	HP_AGA_13	</identifier>
				<transform>
					<row0>	-1.0000 0.0000 0.0000 0.0000	</row0>
					<row1>	0.0000 1.0000 0.0000 0.0000	</row1>
					<row2>	0.0000 0.0000 -1.0000 0.0000	</row2>
					<row3>	0.0000 0.4131 -1.7341 1.0000	</row3>
				</transform>
			</node>
			<node>
				<identifier>	HP_AGA_14	</identifier>
				<transform>
					<row0>	-0.7071 0.0000 0.7071 0.0000	</row0>
					<row1>	0.0000 1.0000 0.0000 0.0000	</row1>
					<row2>	-0.7071 0.0000 -0.7071 0.0000	</row2>
					<row3>	-0.1284 0.1611 -3.3452 1.0000	</row3>
				</transform>
			</node>
			<node>
				<identifier>	HP_AGA_15	</identifier>
				<transform>
					<row0>	-0.7071 0.0000 -0.7071 0.0000	</row0>
					<row1>	0.0000 1.0000 0.0000 0.0000	</row1>
					<row2>	0.7071 0.0000 -0.7071 0.0000	</row2>
					<row3>	0.1284 0.1611 -3.3452 1.0000	</row3>
				</transform>
			</node>
			<node>
				<identifier>	HP_AGA_16	</identifier>
				<transform>
					<row0>	-1.0000 0.0000 0.0000 0.0000	</row0>
					<row1>	0.0000 1.0000 0.0000 0.0000	</row1>
					<row2>	0.0000 0.0000 -1.0000 0.0000	</row2>
					<row3>	0.0000 0.1648 -3.5024 1.0000	</row3>
				</transform>
			</node>
			<node>
				<identifier>	HP_AGA_7	</identifier>
				<transform>
					<row0>	0.0000 0.0000 1.0000 0.0000	</row0>
					<row1>	0.0000 1.0000 0.0000 0.0000	</row1>
					<row2>	-1.0000 0.0000 0.0000 0.0000	</row2>
					<row3>	-0.2008 0.4715 -0.4902 1.0000	</row3>
				</transform>
			</node>
			<node>
				<identifier>	HP_AGA_8	</identifier>
				<transform>
					<row0>	0.0000 0.0000 1.0000 0.0000	</row0>
					<row1>	0.0000 1.0000 0.0000 0.0000	</row1>
					<row2>	-1.0000 0.0000 0.0000 0.0000	</row2>
					<row3>	-0.1416 0.4715 -0.6794 1.0000	</row3>
				</transform>
			</node>
			<node>
				<identifier>	HP_AGA_9	</identifier>
				<transform>
					<row0>	0.0000 0.0000 -1.0000 0.0000	</row0>
					<row1>	0.0000 1.0000 0.0000 0.0000	</row1>
					<row2>	1.0000 0.0000 0.0000 0.0000	</row2>
					<row3>	0.2434 0.3293 -0.9554 1.0000	</row3>
				</transform>
			</node>
			<node>
				<identifier>	HP_AGB_1	</identifier>
				<transform>
					<row0>	0.0000 0.0000 1.0000 0.0000	</row0>
					<row1>	0.0000 1.0000 0.0000 0.0000	</row1>
					<row2>	-1.0000 0.0000 0.0000 0.0000	</row2>
					<row3>	-0.3073 0.1552 -1.8959 1.0000	</row3>
				</transform>
			</node>
			<node>
				<identifier>	HP_AGB_2	</identifier>
				<transform>
					<row0>	0.0000 0.0000 -1.0000 0.0000	</row0>
					<row1>	0.0000 1.0000 0.0000 0.0000	</row1>
					<row2>	1.0000 0.0000 0.0000 0.0000	</row2>
					<row3>	0.3073 0.1552 -1.8959 1.0000	</row3>
				</transform>
			</node>
			<node>
				<identifier>	HP_AGB_3	</identifier>
				<transform>
					<row0>	0.0000 0.0000 1.0000 0.0000	</row0>
					<row1>	0.0000 1.0000 0.0000 0.0000	</row1>
					<row2>	-1.0000 0.0000 0.0000 0.0000	</row2>
					<row3>	-0.3071 0.1544 -2.0622 1.0000	</row3>
				</transform>
			</node>
			<node>
				<identifier>	HP_AGB_4	</identifier>
				<transform>
					<row0>	0.0000 0.0000 -1.0000 0.0000	</row0>
					<row1>	0.0000 1.0000 0.0000 0.0000	</row1>
					<row2>	1.0000 0.0000 0.0000 0.0000	</row2>
					<row3>	0.3071 0.1544 -2.0622 1.0000	</row3>
				</transform>
			</node>
			<node>
				<identifier>	HP_AGB_5	</identifier>
				<transform>
					<row0>	0.0000 0.0000 1.0000 0.0000	</row0>
					<row1>	0.0000 1.0000 0.0000 0.0000	</row1>
					<row2>	-1.0000 0.0000 0.0000 0.0000	</row2>
					<row3>	-0.3012 0.1544 -2.2293 1.0000	</row3>
				</transform>
			</node>
			<node>
				<identifier>	HP_AGB_6	</identifier>
				<transform>
					<row0>	0.0000 0.0000 -1.0000 0.0000	</row0>
					<row1>	0.0000 1.0000 0.0000 0.0000	</row1>
					<row2>	1.0000 0.0000 0.0000 0.0000	</row2>
					<row3>	0.3012 0.1544 -2.2293 1.0000	</row3>
				</transform>
			</node>
			<node>
				<identifier>	HP_AGB_7	</identifier>
				<transform>
					<row0>	-0.9961 0.0000 -0.0879 0.0000	</row0>
					<row1>	-0.0025 0.9996 0.0287 0.0000	</row1>
					<row2>	0.0879 0.0288 -0.9957 0.0000	</row2>
					<row3>	-0.2148 0.1559 -3.7234 1.0000	</row3>
				</transform>
			</node>
			<node>
				<identifier>	HP_AGB_8	</identifier>
				<transform>
					<row0>	-0.9961 0.0000 0.0879 0.0000	</row0>
					<row1>	0.0025 0.9996 0.0287 0.0000	</row1>
					<row2>	-0.0879 0.0288 -0.9957 0.0000	</row2>
					<row3>	0.2148 0.1559 -3.7234 1.0000	</row3>
				</transform>
			</node>
			<node>
				<identifier>	HP_AGM_3	</identifier>
				<transform>
					<row0>	-1.0000 0.0000 0.0000 0.0000	</row0>
					<row1>	0.0000 1.0000 0.0000 0.0000	</row1>
					<row2>	0.0000 0.0000 -1.0000 0.0000	</row2>
					<row3>	0.0000 0.1894 -2.7996 1.0000	</row3>
				</transform>
			</node>
			<node>
				<identifier>	HP_AGT_2	</identifier>
				<transform>
					<row0>	1.0000 0.0000 0.0000 0.0000	</row0>
					<row1>	0.0000 1.0000 0.0000 0.0000	</row1>
					<row2>	0.0000 0.0000 1.0000 0.0000	</row2>
					<row3>	0.0000 0.3430 -2.1731 1.0000	</row3>
				</transform>
			</node>
			<node>
				<identifier>	HP_ARS_3	</identifier>
				<transform>
					<row0>	1.0000 0.0000 0.0000 0.0000	</row0>
					<row1>	0.0000 1.0000 0.0000 0.0000	</row1>
					<row2>	0.0000 0.0000 1.0000 0.0000	</row2>
					<row3>	-0.1337 0.8357 -0.4456 1.0000	</row3>
				</transform>
			</node>
			<node>
				<identifier>	HP_ARS_4	</identifier>
				<transform>
					<row0>	1.0000 0.0000 0.0000 0.0000	</row0>
					<row1>	0.0000 1.0000 0.0000 0.0000	</row1>
					<row2>	0.0000 0.0000 1.0000 0.0000	</row2>
					<row3>	0.1337 0.8357 -0.4456 1.0000	</row3>
				</transform>
			</node>
			<node>
				<identifier>	HP_FX_Death_2	</identifier>
				<transform>
					<row0>	1.0000 0.0000 0.0000 0.0000	</row0>
					<row1>	0.0000 1.0000 0.0000 0.0000	</row1>
					<row2>	0.0000 0.0000 1.0000 0.0000	</row2>
					<row3>	0.0000 0.0000 -0.2104 1.0000	</row3>
				</transform>
			</node>
			<node>
				<identifier>	HP_FX_Fire_3	</identifier>
				<transform>
					<row0>	1.0000 0.0000 0.0000 0.0000	</row0>
					<row1>	0.0000 1.0000 0.0000 0.0000	</row1>
					<row2>	0.0000 0.0000 1.0000 0.0000	</row2>
					<row3>	0.0000 0.3775 -1.3558 1.0000	</row3>
				</transform>
			</node>
			<node>
				<identifier>	HP_FX_Fire_3_side_1	</identifier>
				<transform>
					<row0>	1.0000 0.0000 0.0000 0.0000	</row0>
					<row1>	0.0000 1.0000 0.0000 0.0000	</row1>
					<row2>	0.0000 0.0000 1.0000 0.0000	</row2>
					<row3>	-0.2755 0.4106 -0.9084 1.0000	</row3>
				</transform>
			</node>
			<node>
				<identifier>	HP_FX_FloodLight_left_2	</identifier>
				<transform>
					<row0>	-1.0000 0.0000 0.0000 0.0000	</row0>
					<row1>	0.0000 1.0000 0.0000 0.0000	</row1>
					<row2>	0.0000 0.0000 -1.0000 0.0000	</row2>
					<row3>	-0.2104 0.2979 -2.0438 1.0000	</row3>
				</transform>
			</node>
			<node>
				<identifier>	HP_FX_FloodLight_right_1	</identifier>
				<transform>
					<row0>	1.0000 0.0000 0.0000 0.0000	</row0>
					<row1>	0.0000 1.0000 0.0000 0.0000	</row1>
					<row2>	0.0000 0.0000 1.0000 0.0000	</row2>
					<row3>	0.2124 0.3000 -2.2151 1.0000	</row3>
				</transform>
			</node>
			<node>
				<identifier>	HP_FX_Flood_steam_2	</identifier>
				<transform>
					<row0>	1.0000 0.0000 0.0000 0.0000	</row0>
					<row1>	0.0000 0.7592 -0.6508 0.0000	</row1>
					<row2>	0.0000 0.6508 0.7592 0.0000	</row2>
					<row3>	0.0000 0.7152 -0.7024 1.0000	</row3>
				</transform>
			</node>
			<node>
				<identifier>	HP_FX_Flood_steam_right	</identifier>
				<transform>
					<row0>	1.0000 0.0000 0.0000 0.0000	</row0>
					<row1>	0.0000 1.0000 0.0000 0.0000	</row1>
					<row2>	0.0000 0.0000 1.0000 0.0000	</row2>
					<row3>	0.0963 0.5445 -0.5217 1.0000	</row3>
				</transform>
			</node>
			<node>
				<identifier>	HP_FX_Flood_water_left	</identifier>
				<transform>
					<row0>	-1.0000 0.0000 0.0000 0.0000	</row0>
					<row1>	0.0000 1.0000 0.0000 0.0000	</row1>
					<row2>	0.0000 0.0000 -1.0000 0.0000	</row2>
					<row3>	-0.4130 0.0173 -0.3347 1.0000	</row3>
				</transform>
			</node>
			<node>
				<identifier>	HP_FX_Flood_water_right	</identifier>
				<transform>
					<row0>	1.0000 0.0000 0.0000 0.0000	</row0>
					<row1>	0.0000 1.0000 0.0000 0.0000	</row1>
					<row2>	0.0000 0.0000 1.0000 0.0000	</row2>
					<row3>	0.4130 0.0176 -0.3346 1.0000	</row3>
				</transform>
			</node>
			<node>
				<identifier>	HP_FX_Smoke_2	</identifier>
				<transform>
					<row0>	1.0000 0.0000 0.0000 0.0000	</row0>
					<row1>	0.0000 0.9014 -0.4330 0.0000	</row1>
					<row2>	0.0000 0.4330 0.9014 0.0000	</row2>
					<row3>	0.0000 0.8028 -0.5959 1.0000	</row3>
				</transform>
			</node>
			<node>
				<identifier>	HP_Flagpole	</identifier>
				<transform>
					<row0>	0.5000 0.0000 0.0000 0.0000	</row0>
					<row1>	0.0000 0.5000 0.0000 0.0000	</row1>
					<row2>	0.0000 0.0000 0.5000 0.0000	</row2>
					<row3>	-0.1224 0.5280 -1.3451 1.0000	</row3>
				</transform>
			</node>
			<node>
				<identifier>	HP_Ship_death_2	</identifier>
				<transform>
					<row0>	1.0000 0.0000 0.0000 0.0000	</row0>
					<row1>	0.0000 1.0000 0.0000 0.0000	</row1>
					<row2>	0.0000 0.0000 1.0000 0.0000	</row2>
					<row3>	0.0000 0.0000 -0.1906 1.0000	</row3>
				</transform>
			</node>
			<node>
				<identifier>	MP_AM004_Fairlead_2	</identifier>
				<transform>
					<row0>	0.0024 -0.0233 -0.9997 0.0000	</row0>
					<row1>	0.0200 0.9995 -0.0232 0.0000	</row1>
					<row2>	0.9998 -0.0199 0.0029 0.0000	</row2>
					<row3>	0.3973 0.1650 -0.5810 1.0000	</row3>
				</transform>
			</node>
			<node>
				<identifier>	MP_AM004_Fairlead_2_INDEX_1	</identifier>
				<transform>
					<row0>	0.0066 -0.0144 -0.9999 0.0000	</row0>
					<row1>	0.0198 0.9997 -0.0143 0.0000	</row1>
					<row2>	0.9998 -0.0197 0.0069 0.0000	</row2>
					<row3>	0.3948 0.1608 -0.8234 1.0000	</row3>
				</transform>
			</node>
			<node>
				<identifier>	MP_AM004_Fairlead_2_INDEX_2	</identifier>
				<transform>
					<row0>	-0.0420 0.0021 -0.9991 0.0000	</row0>
					<row1>	0.0221 0.9998 0.0012 0.0000	</row1>
					<row2>	0.9989 -0.0221 -0.0421 0.0000	</row2>
					<row3>	0.3748 0.1494 -2.2860 1.0000	</row3>
				</transform>
			</node>
			<node>
				<identifier>	MP_AM004_Fairlead_2_INDEX_3	</identifier>
				<transform>
					<row0>	-0.0373 0.0055 -0.9993 0.0000	</row0>
					<row1>	0.0110 0.9999 0.0051 0.0000	</row1>
					<row2>	0.9992 -0.0108 -0.0374 0.0000	</row2>
					<row3>	0.3626 0.1497 -2.5719 1.0000	</row3>
				</transform>
			</node>
			<node>
				<identifier>	MP_AM004_Fairlead_2_INDEX_4	</identifier>
				<transform>
					<row0>	-0.0373 -0.0055 0.9993 0.0000	</row0>
					<row1>	-0.0110 0.9999 0.0051 0.0000	</row1>
					<row2>	-0.9992 -0.0108 -0.0374 0.0000	</row2>
					<row3>	-0.3626 0.1497 -2.5719 1.0000	</row3>
				</transform>
			</node>
			<node>
				<identifier>	MP_AM004_Fairlead_2_INDEX_5	</identifier>
				<transform>
					<row0>	-0.0420 -0.0021 0.9991 0.0000	</row0>
					<row1>	-0.0221 0.9998 0.0012 0.0000	</row1>
					<row2>	-0.9989 -0.0221 -0.0421 0.0000	</row2>
					<row3>	-0.3748 0.1494 -2.2860 1.0000	</row3>
				</transform>
			</node>
			<node>
				<identifier>	MP_AM004_Fairlead_2_INDEX_6	</identifier>
				<transform>
					<row0>	0.0066 0.0144 0.9999 0.0000	</row0>
					<row1>	-0.0198 0.9997 -0.0143 0.0000	</row1>
					<row2>	-0.9998 -0.0197 0.0069 0.0000	</row2>
					<row3>	-0.3970 0.1574 -1.0545 1.0000	</row3>
				</transform>
			</node>
			<node>
				<identifier>	MP_AM004_Fairlead_2_INDEX_7	</identifier>
				<transform>
					<row0>	0.0024 0.0233 0.9997 0.0000	</row0>
					<row1>	-0.0200 0.9995 -0.0232 0.0000	</row1>
					<row2>	-0.9998 -0.0199 0.0029 0.0000	</row2>
					<row3>	-0.3973 0.1612 -0.7498 1.0000	</row3>
				</transform>
			</node>
			<node>
				<identifier>	MP_AM006_Reels_1	</identifier>
				<transform>
					<row0>	0.0000 1.0000 0.0000 0.0000	</row0>
					<row1>	-1.0000 0.0000 0.0000 0.0000	</row1>
					<row2>	0.0000 0.0000 1.0000 0.0000	</row2>
					<row3>	-0.1993 0.2592 -1.3006 1.0000	</row3>
				</transform>
			</node>
			<node>
				<identifier>	MP_AM010_Speaker_1	</identifier>
				<transform>
					<row0>	1.0000 0.0000 0.0000 0.0000	</row0>
					<row1>	0.0000 0.9097 -0.4152 0.0000	</row1>
					<row2>	0.0000 0.4152 0.9097 0.0000	</row2>
					<row3>	0.2192 0.2925 -1.6822 1.0000	</row3>
				</transform>
			</node>
			<node>
				<identifier>	MP_AM010_Speaker_1_INDEX_1	</identifier>
				<transform>
					<row0>	1.0000 0.0000 0.0000 0.0000	</row0>
					<row1>	0.0000 0.9097 -0.4152 0.0000	</row1>
					<row2>	0.0000 0.4152 0.9097 0.0000	</row2>
					<row3>	-0.2419 0.2925 -1.7302 1.0000	</row3>
				</transform>
			</node>
			<node>
				<identifier>	MP_AM010_Speaker_1_INDEX_2	</identifier>
				<transform>
					<row0>	1.0000 0.0000 0.0000 0.0000	</row0>
					<row1>	0.0000 0.9097 -0.4152 0.0000	</row1>
					<row2>	0.0000 0.4152 0.9097 0.0000	</row2>
					<row3>	-0.1204 0.4531 -0.7619 1.0000	</row3>
				</transform>
			</node>
			<node>
				<identifier>	MP_AM017_Depth_Charge_Stowage	</identifier>
				<transform>
					<row0>	1.0000 0.0000 0.0000 0.0000	</row0>
					<row1>	0.0000 1.0000 0.0000 0.0000	</row1>
					<row2>	0.0000 0.0000 1.0000 0.0000	</row2>
					<row3>	0.2158 0.1723 -2.1161 1.0000	</row3>
				</transform>
			</node>
			<node>
				<identifier>	MP_AM017_Depth_Charge_Stowage_INDEX_1	</identifier>
				<transform>
					<row0>	1.0000 0.0000 0.0000 0.0000	</row0>
					<row1>	0.0000 1.0000 0.0000 0.0000	</row1>
					<row2>	0.0000 0.0000 1.0000 0.0000	</row2>
					<row3>	0.2158 0.1723 -2.0822 1.0000	</row3>
				</transform>
			</node>
			<node>
				<identifier>	MP_AM017_Depth_Charge_Stowage_INDEX_2	</identifier>
				<transform>
					<row0>	1.0000 0.0000 0.0000 0.0000	</row0>
					<row1>	0.0000 1.0000 0.0000 0.0000	</row1>
					<row2>	0.0000 0.0000 1.0000 0.0000	</row2>
					<row3>	0.2158 0.1723 -2.0478 1.0000	</row3>
				</transform>
			</node>
			<node>
				<identifier>	MP_AM017_Depth_Charge_Stowage_INDEX_3	</identifier>
				<transform>
					<row0>	1.0000 0.0000 0.0000 0.0000	</row0>
					<row1>	0.0000 1.0000 0.0000 0.0000	</row1>
					<row2>	0.0000 0.0000 1.0000 0.0000	</row2>
					<row3>	0.2158 0.1723 -2.0129 1.0000	</row3>
				</transform>
			</node>
			<node>
				<identifier>	MP_AM017_Depth_Charge_Stowage_INDEX_4	</identifier>
				<transform>
					<row0>	-1.0000 0.0000 0.0000 0.0000	</row0>
					<row1>	0.0000 1.0000 0.0000 0.0000	</row1>
					<row2>	0.0000 0.0000 -1.0000 0.0000	</row2>
					<row3>	-0.2158 0.1723 -2.2047 1.0000	</row3>
				</transform>
			</node>
			<node>
				<identifier>	MP_AM017_Depth_Charge_Stowage_INDEX_5	</identifier>
				<transform>
					<row0>	-1.0000 0.0000 0.0000 0.0000	</row0>
					<row1>	0.0000 1.0000 0.0000 0.0000	</row1>
					<row2>	0.0000 0.0000 -1.0000 0.0000	</row2>
					<row3>	-0.2158 0.1723 -2.1707 1.0000	</row3>
				</transform>
			</node>
			<node>
				<identifier>	MP_AM017_Depth_Charge_Stowage_INDEX_6	</identifier>
				<transform>
					<row0>	-1.0000 0.0000 0.0000 0.0000	</row0>
					<row1>	0.0000 1.0000 0.0000 0.0000	</row1>
					<row2>	0.0000 0.0000 -1.0000 0.0000	</row2>
					<row3>	-0.2158 0.1723 -2.1362 1.0000	</row3>
				</transform>
			</node>
			<node>
				<identifier>	MP_AM017_Depth_Charge_Stowage_INDEX_7	</identifier>
				<transform>
					<row0>	-1.0000 0.0000 0.0000 0.0000	</row0>
					<row1>	0.0000 1.0000 0.0000 0.0000	</row1>
					<row2>	0.0000 0.0000 -1.0000 0.0000	</row2>
					<row3>	-0.2158 0.1723 -2.1013 1.0000	</row3>
				</transform>
			</node>
			<node>
				<identifier>	MP_AM018_Compass_Binnacle	</identifier>
				<transform>
					<row0>	1.0000 0.0000 0.0000 0.0000	</row0>
					<row1>	0.0000 1.0000 0.0000 0.0000	</row1>
					<row2>	0.0000 0.0000 1.0000 0.0000	</row2>
					<row3>	0.0000 0.3274 -1.0828 1.0000	</row3>
				</transform>
			</node>
			<node>
				<identifier>	MP_AM028_Ammunition_Box2	</identifier>
				<transform>
					<row0>	0.0000 0.0000 1.0000 0.0000	</row0>
					<row1>	0.0000 1.0000 0.0000 0.0000	</row1>
					<row2>	-1.0000 0.0000 0.0000 0.0000	</row2>
					<row3>	0.2216 0.1590 -1.7193 1.0000	</row3>
				</transform>
			</node>
			<node>
				<identifier>	MP_AM055_Boat_1	</identifier>
				<transform>
					<row0>	0.4987 0.8668 0.0000 0.0000	</row0>
					<row1>	-0.8668 0.4987 0.0000 0.0000	</row1>
					<row2>	0.0000 0.0000 1.0000 0.0000	</row2>
					<row3>	-0.3718 0.2791 -1.2901 1.0000	</row3>
				</transform>
			</node>
			<node>
				<identifier>	MP_AM055_Boat_1_INDEX_1	</identifier>
				<transform>
					<row0>	-0.4987 0.8668 0.0000 0.0000	</row0>
					<row1>	0.8668 0.4987 0.0000 0.0000	</row1>
					<row2>	0.0000 0.0000 -1.0000 0.0000	</row2>
					<row3>	0.3758 0.2861 -0.7075 1.0000	</row3>
				</transform>
			</node>
			<node>
				<identifier>	MP_AM055_Boat_1_INDEX_2	</identifier>
				<transform>
					<row0>	-0.7132 0.7010 0.0000 0.0000	</row0>
					<row1>	0.7010 0.7132 0.0000 0.0000	</row1>
					<row2>	0.0000 0.0000 -1.0000 0.0000	</row2>
					<row3>	0.3569 0.3347 -1.5549 1.0000	</row3>
				</transform>
			</node>
			<node>
				<identifier>	MP_AM065_Ammunition_Box_6	</identifier>
				<transform>
					<row0>	1.0000 0.0000 0.0000 0.0000	</row0>
					<row1>	0.0000 0.9999 -0.0150 0.0000	</row1>
					<row2>	0.0000 0.0150 0.9999 0.0000	</row2>
					<row3>	0.1767 0.3229 -1.3103 1.0000	</row3>
				</transform>
			</node>
			<node>
				<identifier>	MP_AM065_Ammunition_Box_6_INDEX_1	</identifier>
				<transform>
					<row0>	1.0000 0.0000 0.0000 0.0000	</row0>
					<row1>	0.0000 1.0000 0.0000 0.0000	</row1>
					<row2>	0.0000 0.0000 1.0000 0.0000	</row2>
					<row3>	-0.1703 0.3177 -1.8250 1.0000	</row3>
				</transform>
			</node>
			<node>
				<identifier>	MP_AM074_Floater_Net_Basket_2	</identifier>
				<transform>
					<row0>	0.0000 0.0000 -1.0000 0.0000	</row0>
					<row1>	0.0000 1.0000 0.0000 0.0000	</row1>
					<row2>	1.0000 0.0000 0.0000 0.0000	</row2>
					<row3>	0.2032 0.3133 -1.3221 1.0000	</row3>
				</transform>
			</node>
			<node>
				<identifier>	MP_AM074_Floater_Net_Basket_2_INDEX_1	</identifier>
				<transform>
					<row0>	0.0000 0.0000 -1.0000 0.0000	</row0>
					<row1>	0.0000 1.0000 0.0000 0.0000	</row1>
					<row2>	1.0000 0.0000 0.0000 0.0000	</row2>
					<row3>	0.2036 0.3209 -0.6464 1.0000	</row3>
				</transform>
			</node>
			<node>
				<identifier>	MP_AM080_Whips_Antenna	</identifier>
				<transform>
					<row0>	0.8683 -0.0185 -0.1380 0.0000	</row0>
					<row1>	0.0000 0.8715 -0.1171 0.0000	</row1>
					<row2>	0.1392 0.1157 0.8605 0.0000	</row2>
					<row3>	0.0827 0.6010 -0.6174 1.0000	</row3>
				</transform>
			</node>
			<node>
				<identifier>	MP_AM080_Whips_Antenna_INDEX_1	</identifier>
				<transform>
					<row0>	0.8683 0.0185 0.1380 0.0000	</row0>
					<row1>	0.0000 0.8715 -0.1171 0.0000	</row1>
					<row2>	-0.1392 0.1157 0.8605 0.0000	</row2>
					<row3>	-0.0827 0.6010 -0.6174 1.0000	</row3>
				</transform>
			</node>
			<node>
				<identifier>	MP_AM104_Hatch_5	</identifier>
				<transform>
					<row0>	1.0000 0.0000 0.0000 0.0000	</row0>
					<row1>	0.0000 1.0000 0.0000 0.0000	</row1>
					<row2>	0.0000 0.0000 1.0000 0.0000	</row2>
					<row3>	0.2353 0.1615 -1.2647 1.0000	</row3>
				</transform>
			</node>
			<node>
				<identifier>	MP_AM104_Hatch_5_INDEX_1	</identifier>
				<transform>
					<row0>	1.0000 0.0000 0.0000 0.0000	</row0>
					<row1>	0.0000 1.0000 0.0000 0.0000	</row1>
					<row2>	0.0000 0.0000 1.0000 0.0000	</row2>
					<row3>	0.2328 0.1690 -0.6170 1.0000	</row3>
				</transform>
			</node>
			<node>
				<identifier>	MP_AM114_Freon_Cylinder_acetylene	</identifier>
				<transform>
					<row0>	0.0000 0.0000 -1.0000 0.0000	</row0>
					<row1>	0.0000 1.0000 0.0000 0.0000	</row1>
					<row2>	1.0000 0.0000 0.0000 0.0000	</row2>
					<row3>	0.2116 0.1649 -1.8302 1.0000	</row3>
				</transform>
			</node>
			<node>
				<identifier>	MP_AM114_Freon_Cylinder_acetylene_INDEX_1	</identifier>
				<transform>
					<row0>	0.0000 0.0000 1.0000 0.0000	</row0>
					<row1>	0.0000 1.0000 0.0000 0.0000	</row1>
					<row2>	-1.0000 0.0000 0.0000 0.0000	</row2>
					<row3>	-0.2115 0.1649 -1.8308 1.0000	</row3>
				</transform>
			</node>
			<node>
				<identifier>	MP_AM159_Voice_Tube	</identifier>
				<transform>
					<row0>	0.4695 0.0000 -0.8829 0.0000	</row0>
					<row1>	0.0000 1.0000 0.0000 0.0000	</row1>
					<row2>	0.8829 0.0000 0.4695 0.0000	</row2>
					<row3>	0.0556 0.3275 -1.1008 1.0000	</row3>
				</transform>
			</node>
			<node>
				<identifier>	MP_AM159_Voice_Tube_INDEX_1	</identifier>
				<transform>
					<row0>	0.4695 0.0000 -0.8829 0.0000	</row0>
					<row1>	0.0000 1.0000 0.0000 0.0000	</row1>
					<row2>	0.8829 0.0000 0.4695 0.0000	</row2>
					<row3>	0.0654 0.3275 -1.1171 1.0000	</row3>
				</transform>
			</node>
			<node>
				<identifier>	MP_AM173_Insulator_1	</identifier>
				<transform>
					<row0>	-0.8467 0.0000 0.0000 0.0000	</row0>
					<row1>	0.0000 0.8467 0.0000 0.0000	</row1>
					<row2>	0.0000 0.0000 -0.8467 0.0000	</row2>
					<row3>	0.1065 0.4879 -0.5990 1.0000	</row3>
				</transform>
			</node>
			<node>
				<identifier>	MP_AM200_Screened_speed_light	</identifier>
				<transform>
					<row0>	0.8663 0.0000 0.0000 0.0000	</row0>
					<row1>	0.0000 0.8663 0.0000 0.0000	</row1>
					<row2>	0.0000 0.0000 0.8663 0.0000	</row2>
					<row3>	0.0000 0.6532 -0.6946 1.0000	</row3>
				</transform>
			</node>
			<node>
				<identifier>	MP_AM2032_Torpedo_crane	</identifier>
				<transform>
					<row0>	-0.6603 0.0000 0.6549 0.0000	</row0>
					<row1>	0.0000 0.9300 0.0000 0.0000	</row1>
					<row2>	-0.6549 0.0000 -0.6603 0.0000	</row2>
					<row3>	0.1909 0.3150 -1.8269 1.0000	</row3>
				</transform>
			</node>
			<node>
				<identifier>	MP_AM2039_Torpedo_crane_R	</identifier>
				<transform>
					<row0>	0.9825 0.0000 0.1860 0.0000	</row0>
					<row1>	0.0000 1.0000 0.0000 0.0000	</row1>
					<row2>	-0.1860 0.0000 0.9825 0.0000	</row2>
					<row3>	0.1745 0.3450 -0.1756 1.0000	</row3>
				</transform>
			</node>
			<node>
				<identifier>	MP_AM2040_Whaleboat_26ft	</identifier>
				<transform>
					<row0>	1.0000 0.0000 0.0000 0.0000	</row0>
					<row1>	0.0000 1.0000 0.0000 0.0000	</row1>
					<row2>	0.0000 0.0000 1.0000 0.0000	</row2>
					<row3>	-0.2694 0.3610 -0.9220 1.0000	</row3>
				</transform>
			</node>
			<node>
				<identifier>	MP_AM316_Bollard	</identifier>
				<transform>
					<row0>	0.9969 -0.0780 0.0023 0.0000	</row0>
					<row1>	0.0781 0.9967 -0.0208 0.0000	</row1>
					<row2>	-0.0006 0.0209 0.9998 0.0000	</row2>
					<row3>	0.3712 0.1645 -0.7079 1.0000	</row3>
				</transform>
			</node>
			<node>
				<identifier>	MP_AM316_Bollard_INDEX_1	</identifier>
				<transform>
					<row0>	0.9972 -0.0557 -0.0503 0.0000	</row0>
					<row1>	0.0558 0.9984 0.0005 0.0000	</row1>
					<row2>	0.0502 -0.0033 0.9987 0.0000	</row2>
					<row3>	0.3409 0.1520 -2.4262 1.0000	</row3>
				</transform>
			</node>
			<node>
				<identifier>	MP_AM316_Bollard_INDEX_2	</identifier>
				<transform>
					<row0>	0.9972 0.0557 0.0503 0.0000	</row0>
					<row1>	-0.0558 0.9984 0.0005 0.0000	</row1>
					<row2>	-0.0502 -0.0033 0.9987 0.0000	</row2>
					<row3>	-0.3409 0.1520 -2.4262 1.0000	</row3>
				</transform>
			</node>
			<node>
				<identifier>	MP_AM316_Bollard_INDEX_3	</identifier>
				<transform>
					<row0>	0.9969 0.0780 -0.0023 0.0000	</row0>
					<row1>	-0.0781 0.9967 -0.0208 0.0000	</row1>
					<row2>	0.0006 0.0209 0.9998 0.0000	</row2>
					<row3>	-0.3614 0.1645 -0.9099 1.0000	</row3>
				</transform>
			</node>
			<node>
				<identifier>	MP_AM325_Ammunition_box	</identifier>
				<transform>
					<row0>	0.0000 0.0000 -1.0000 0.0000	</row0>
					<row1>	0.0000 1.0000 0.0000 0.0000	</row1>
					<row2>	1.0000 0.0000 0.0000 0.0000	</row2>
					<row3>	0.0243 0.3312 -0.9157 1.0000	</row3>
				</transform>
			</node>
			<node>
				<identifier>	MP_AM350_Filling_connection	</identifier>
				<transform>
					<row0>	0.0000 0.0000 1.0000 0.0000	</row0>
					<row1>	0.0000 1.0000 0.0000 0.0000	</row1>
					<row2>	-1.0000 0.0000 0.0000 0.0000	</row2>
					<row3>	-0.2209 0.1766 -0.6522 1.0000	</row3>
				</transform>
			</node>
			<node>
				<identifier>	MP_AM374_Fender	</identifier>
				<transform>
					<row0>	0.3280 0.0000 0.0000 0.0000	</row0>
					<row1>	0.0000 0.3280 0.0000 0.0000	</row1>
					<row2>	0.0000 0.0000 0.3280 0.0000	</row2>
					<row3>	0.2374 0.1746 -0.8210 1.0000	</row3>
				</transform>
			</node>
			<node>
				<identifier>	MP_AM374_Fender_INDEX_1	</identifier>
				<transform>
					<row0>	0.3280 0.0000 0.0000 0.0000	</row0>
					<row1>	0.0000 0.3280 0.0000 0.0000	</row1>
					<row2>	0.0000 0.0000 0.3280 0.0000	</row2>
					<row3>	0.2585 0.1746 -0.8210 1.0000	</row3>
				</transform>
			</node>
			<node>
				<identifier>	MP_AM374_Fender_INDEX_2	</identifier>
				<transform>
					<row0>	-0.1654 0.0000 0.2833 0.0000	</row0>
					<row1>	0.0000 0.3280 0.0000 0.0000	</row1>
					<row2>	-0.2833 0.0000 -0.1654 0.0000	</row2>
					<row3>	-0.1282 0.1639 -2.3995 1.0000	</row3>
				</transform>
			</node>
			<node>
				<identifier>	MP_AM374_Fender_INDEX_3	</identifier>
				<transform>
					<row0>	-0.1654 0.0000 0.2833 0.0000	</row0>
					<row1>	0.0000 0.3280 0.0000 0.0000	</row1>
					<row2>	-0.2833 0.0000 -0.1654 0.0000	</row2>
					<row3>	-0.1175 0.1639 -2.4178 1.0000	</row3>
				</transform>
			</node>
			<node>
				<identifier>	MP_AM374_Fender_INDEX_4	</identifier>
				<transform>
					<row0>	0.0000 0.0000 0.3280 0.0000	</row0>
					<row1>	0.0000 0.3280 0.0000 0.0000	</row1>
					<row2>	-0.3280 0.0000 0.0000 0.0000	</row2>
					<row3>	-0.2135 0.1744 -0.8568 1.0000	</row3>
				</transform>
			</node>
			<node>
				<identifier>	MP_AM374_Fender_INDEX_5	</identifier>
				<transform>
					<row0>	0.0000 0.0000 0.3280 0.0000	</row0>
					<row1>	0.0000 0.3280 0.0000 0.0000	</row1>
					<row2>	-0.3280 0.0000 0.0000 0.0000	</row2>
					<row3>	-0.2135 0.1744 -0.8357 1.0000	</row3>
				</transform>
			</node>
			<node>
				<identifier>	MP_AM374_Fender_INDEX_6	</identifier>
				<transform>
					<row0>	-0.1654 0.0000 -0.2833 0.0000	</row0>
					<row1>	0.0000 0.3280 0.0000 0.0000	</row1>
					<row2>	0.2833 0.0000 -0.1654 0.0000	</row2>
					<row3>	0.1703 0.1627 -2.3274 1.0000	</row3>
				</transform>
			</node>
			<node>
				<identifier>	MP_AM374_Fender_INDEX_7	</identifier>
				<transform>
					<row0>	-0.1654 0.0000 -0.2833 0.0000	</row0>
					<row1>	0.0000 0.3280 0.0000 0.0000	</row1>
					<row2>	0.2833 0.0000 -0.1654 0.0000	</row2>
					<row3>	0.1596 0.1627 -2.3456 1.0000	</row3>
				</transform>
			</node>
			<node>
				<identifier>	MP_AM442_Multipole_Switch	</identifier>
				<transform>
					<row0>	0.9659 0.0000 0.2588 0.0000	</row0>
					<row1>	0.0000 1.0000 0.0000 0.0000	</row1>
					<row2>	-0.2588 0.0000 0.9659 0.0000	</row2>
					<row3>	0.1579 0.5428 -0.7563 1.0000	</row3>
				</transform>
			</node>
			<node>
				<identifier>	MP_AM442_Multipole_Switch_INDEX_1	</identifier>
				<transform>
					<row0>	-0.7071 0.0000 -0.7071 0.0000	</row0>
					<row1>	0.0000 1.0000 0.0000 0.0000	</row1>
					<row2>	0.7071 0.0000 -0.7071 0.0000	</row2>
					<row3>	-0.1700 0.5064 -1.2184 1.0000	</row3>
				</transform>
			</node>
			<node>
				<identifier>	MP_AM442_Multipole_Switch_INDEX_2	</identifier>
				<transform>
					<row0>	0.0000 0.0000 1.0000 0.0000	</row0>
					<row1>	0.0000 1.0000 0.0000 0.0000	</row1>
					<row2>	-1.0000 0.0000 0.0000 0.0000	</row2>
					<row3>	0.0796 0.3828 -1.1523 1.0000	</row3>
				</transform>
			</node>
			<node>
				<identifier>	MP_AM442_Multipole_Switch_INDEX_3	</identifier>
				<transform>
					<row0>	0.0000 0.0000 -1.0000 0.0000	</row0>
					<row1>	0.0000 1.0000 0.0000 0.0000	</row1>
					<row2>	1.0000 0.0000 0.0000 0.0000	</row2>
					<row3>	0.0555 0.3526 -0.8840 1.0000	</row3>
				</transform>
			</node>
			<node>
				<identifier>	MP_AM442_Multipole_Switch_INDEX_4	</identifier>
				<transform>
					<row0>	0.3114 0.0000 -0.9503 0.0000	</row0>
					<row1>	0.0000 1.0000 0.0000 0.0000	</row1>
					<row2>	0.9503 0.0000 0.3114 0.0000	</row2>
					<row3>	-0.0593 0.3407 -1.4885 1.0000	</row3>
				</transform>
			</node>
			<node>
				<identifier>	MP_AM479_6_Fuel_at_sea_hose	</identifier>
				<transform>
					<row0>	0.0000 0.6884 -0.0130 0.0000	</row0>
					<row1>	-0.6885 0.0000 0.0000 0.0000	</row1>
					<row2>	0.0000 0.0130 0.6884 0.0000	</row2>
					<row3>	-0.2028 0.2207 -0.2803 1.0000	</row3>
				</transform>
			</node>
			<node>
				<identifier>	MP_AM503_Ammunition_Box	</identifier>
				<transform>
					<row0>	0.8232 0.0000 0.0000 0.0000	</row0>
					<row1>	0.0000 0.8231 -0.0121 0.0000	</row1>
					<row2>	0.0000 0.0121 0.8231 0.0000	</row2>
					<row3>	-0.0636 0.3245 -1.2685 1.0000	</row3>
				</transform>
			</node>
			<node>
				<identifier>	MP_AM538_Loading_Machine_L	</identifier>
				<transform>
					<row0>	0.0000 0.0000 -1.0000 0.0000	</row0>
					<row1>	0.0000 1.0000 0.0000 0.0000	</row1>
					<row2>	1.0000 0.0000 0.0000 0.0000	</row2>
					<row3>	-0.0735 0.3538 -0.2405 1.0000	</row3>
				</transform>
			</node>
			<node>
				<identifier>	MP_AM538_Loading_Machine_L_INDEX_1	</identifier>
				<transform>
					<row0>	0.0000 0.0000 -1.0000 0.0000	</row0>
					<row1>	0.0000 1.0000 0.0000 0.0000	</row1>
					<row2>	1.0000 0.0000 0.0000 0.0000	</row2>
					<row3>	-0.0735 0.3538 -0.1230 1.0000	</row3>
				</transform>
			</node>
			<node>
				<identifier>	MP_AM549_Life_Buoy	</identifier>
				<transform>
					<row0>	1.0000 0.0000 0.0000 0.0000	</row0>
					<row1>	0.0000 1.0000 0.0000 0.0000	</row1>
					<row2>	0.0000 0.0000 1.0000 0.0000	</row2>
					<row3>	0.2041 0.2948 -0.2420 1.0000	</row3>
				</transform>
			</node>
			<node>
				<identifier>	MP_AM549_Life_Buoy_INDEX_1	</identifier>
				<transform>
					<row0>	1.0000 0.0000 0.0000 0.0000	</row0>
					<row1>	0.0000 1.0000 0.0000 0.0000	</row1>
					<row2>	0.0000 0.0000 1.0000 0.0000	</row2>
					<row3>	0.2041 0.2948 -0.1842 1.0000	</row3>
				</transform>
			</node>
			<node>
				<identifier>	MP_AM549_Life_Buoy_INDEX_2	</identifier>
				<transform>
					<row0>	1.0000 0.0000 0.0000 0.0000	</row0>
					<row1>	0.0000 1.0000 0.0000 0.0000	</row1>
					<row2>	0.0000 0.0000 1.0000 0.0000	</row2>
					<row3>	-0.2845 0.2841 -1.1628 1.0000	</row3>
				</transform>
			</node>
			<node>
				<identifier>	MP_AM549_Life_Buoy_INDEX_3	</identifier>
				<transform>
					<row0>	1.0000 0.0000 0.0000 0.0000	</row0>
					<row1>	0.0000 1.0000 0.0000 0.0000	</row1>
					<row2>	0.0000 0.0000 1.0000 0.0000	</row2>
					<row3>	-0.2845 0.2841 -1.1051 1.0000	</row3>
				</transform>
			</node>
			<node>
				<identifier>	MP_AM549_Life_Buoy_INDEX_4	</identifier>
				<transform>
					<row0>	0.0000 0.0000 -1.0000 0.0000	</row0>
					<row1>	0.0000 1.0000 0.0000 0.0000	</row1>
					<row2>	1.0000 0.0000 0.0000 0.0000	</row2>
					<row3>	-0.2282 0.3692 -1.7279 1.0000	</row3>
				</transform>
			</node>
			<node>
				<identifier>	MP_AM549_Life_Buoy_INDEX_5	</identifier>
				<transform>
					<row0>	0.6196 0.0000 0.7849 0.0000	</row0>
					<row1>	0.0000 1.0000 0.0000 0.0000	</row1>
					<row2>	-0.7849 0.0000 0.6196 0.0000	</row2>
					<row3>	0.2553 0.3624 -1.4606 1.0000	</row3>
				</transform>
			</node>
			<node>
				<identifier>	MP_AM602_Pelorus	</identifier>
				<transform>
					<row0>	-0.8571 0.0000 0.5151 0.0000	</row0>
					<row1>	0.0000 1.0000 0.0000 0.0000	</row1>
					<row2>	-0.5151 0.0000 -0.8571 0.0000	</row2>
					<row3>	-0.0654 0.4158 -1.1050 1.0000	</row3>
				</transform>
			</node>
			<node>
				<identifier>	MP_AM606_Floater_Net_Basket	</identifier>
				<transform>
					<row0>	0.0000 0.0000 -1.0000 0.0000	</row0>
					<row1>	0.0000 1.0000 0.0000 0.0000	</row1>
					<row2>	1.0000 0.0000 0.0000 0.0000	</row2>
					<row3>	-0.0177 0.3257 -1.4478 1.0000	</row3>
				</transform>
			</node>
			<node>
				<identifier>	MP_AM606_Floater_Net_Basket_INDEX_1	</identifier>
				<transform>
					<row0>	0.0000 0.0000 1.0000 0.0000	</row0>
					<row1>	0.0256 0.9997 0.0000 0.0000	</row1>
					<row2>	-0.9997 0.0256 0.0000 0.0000	</row2>
					<row3>	-0.1122 0.3349 -0.9685 1.0000	</row3>
				</transform>
			</node>
			<node>
				<identifier>	MP_AM628_Cooling_tube	</identifier>
				<transform>
					<row0>	1.0000 0.0000 0.0000 0.0000	</row0>
					<row1>	0.0000 1.0000 0.0000 0.0000	</row1>
					<row2>	0.0000 0.0000 1.0000 0.0000	</row2>
					<row3>	-0.1035 0.4751 -0.3440 1.0000	</row3>
				</transform>
			</node>
			<node>
				<identifier>	MP_AM628_Cooling_tube_INDEX_1	</identifier>
				<transform>
					<row0>	-0.5878 0.0000 -0.8090 0.0000	</row0>
					<row1>	0.0000 1.0000 0.0000 0.0000	</row1>
					<row2>	0.8090 0.0000 -0.5878 0.0000	</row2>
					<row3>	0.2338 0.3147 -1.7002 1.0000	</row3>
				</transform>
			</node>
			<node>
				<identifier>	MP_AM628_Cooling_tube_INDEX_2	</identifier>
				<transform>
					<row0>	-0.5878 0.0000 -0.8090 0.0000	</row0>
					<row1>	0.0000 1.0000 0.0000 0.0000	</row1>
					<row2>	0.8090 0.0000 -0.5878 0.0000	</row2>
					<row3>	0.2164 0.3147 -1.7241 1.0000	</row3>
				</transform>
			</node>
			<node>
				<identifier>	MP_AM628_Cooling_tube_INDEX_3	</identifier>
				<transform>
					<row0>	0.0000 -0.5105 0.8599 0.0000	</row0>
					<row1>	0.0000 0.8599 0.5105 0.0000	</row1>
					<row2>	-1.0000 0.0000 0.0000 0.0000	</row2>
					<row3>	0.0058 0.4683 -0.7394 1.0000	</row3>
				</transform>
			</node>
			<node>
				<identifier>	MP_AM682_36in_Searchlight	</identifier>
				<transform>
					<row0>	1.0000 0.0000 0.0000 0.0000	</row0>
					<row1>	0.0000 1.0000 0.0000 0.0000	</row1>
					<row2>	0.0000 0.0000 1.0000 0.0000	</row2>
					<row3>	0.0000 0.5192 -0.3380 1.0000	</row3>
				</transform>
			</node>
			<node>
				<identifier>	MP_AM720_Helmets_Rack	</identifier>
				<transform>
					<row0>	0.0000 0.0000 -1.0000 0.0000	</row0>
					<row1>	0.0000 1.0000 0.0000 0.0000	</row1>
					<row2>	1.0000 0.0000 0.0000 0.0000	</row2>
					<row3>	0.2039 0.2139 -2.2147 1.0000	</row3>
				</transform>
			</node>
			<node>
				<identifier>	MP_AM720_Helmets_Rack_INDEX_1	</identifier>
				<transform>
					<row0>	0.0000 0.0000 1.0000 0.0000	</row0>
					<row1>	0.0000 1.0000 0.0000 0.0000	</row1>
					<row2>	-1.0000 0.0000 0.0000 0.0000	</row2>
					<row3>	-0.2039 0.2407 -0.5022 1.0000	</row3>
				</transform>
			</node>
			<node>
				<identifier>	MP_AM720_Helmets_Rack_INDEX_2	</identifier>
				<transform>
					<row0>	0.1070 0.0000 -0.9943 0.0000	</row0>
					<row1>	0.0000 1.0000 0.0000 0.0000	</row1>
					<row2>	0.9943 0.0000 0.1070 0.0000	</row2>
					<row3>	-0.0520 0.3335 -1.5212 1.0000	</row3>
				</transform>
			</node>
			<node>
				<identifier>	MP_AM720_Helmets_Rack_INDEX_3	</identifier>
				<transform>
					<row0>	0.0000 0.0000 1.0000 0.0000	</row0>
					<row1>	0.0000 1.0000 0.0000 0.0000	</row1>
					<row2>	-1.0000 0.0000 0.0000 0.0000	</row2>
					<row3>	-0.2039 0.2040 -2.0522 1.0000	</row3>
				</transform>
			</node>
			<node>
				<identifier>	MP_AM720_Helmets_Rack_INDEX_4	</identifier>
				<transform>
					<row0>	1.0000 0.0000 0.0000 0.0000	</row0>
					<row1>	0.0000 1.0000 0.0000 0.0000	</row1>
					<row2>	0.0000 0.0000 1.0000 0.0000	</row2>
					<row3>	0.0243 0.3849 -0.8981 1.0000	</row3>
				</transform>
			</node>
			<node>
				<identifier>	MP_AM720_Helmets_Rack_INDEX_5	</identifier>
				<transform>
					<row0>	0.8218 0.0000 -0.5698 0.0000	</row0>
					<row1>	0.0000 1.0000 0.0000 0.0000	</row1>
					<row2>	0.5698 0.0000 0.8218 0.0000	</row2>
					<row3>	0.0470 0.4052 -1.6589 1.0000	</row3>
				</transform>
			</node>
			<node>
				<identifier>	MP_AM721_Talker_Helmets_Rack	</identifier>
				<transform>
					<row0>	0.0950 0.0000 -0.9955 0.0000	</row0>
					<row1>	0.0000 1.0000 0.0000 0.0000	</row1>
					<row2>	0.9955 0.0000 0.0950 0.0000	</row2>
					<row3>	-0.2544 0.4908 -0.6194 1.0000	</row3>
				</transform>
			</node>
			<node>
				<identifier>	MP_AM722_Ammobox_big	</identifier>
				<transform>
					<row0>	0.0000 0.0000 1.0000 0.0000	</row0>
					<row1>	0.0000 1.0000 0.0000 0.0000	</row1>
					<row2>	-1.0000 0.0000 0.0000 0.0000	</row2>
					<row3>	0.0333 0.3209 -1.4159 1.0000	</row3>
				</transform>
			</node>
			<node>
				<identifier>	MP_AM722_Ammobox_big_INDEX_1	</identifier>
				<transform>
					<row0>	-1.0000 0.0000 0.0000 0.0000	</row0>
					<row1>	0.0000 1.0000 0.0000 0.0000	</row1>
					<row2>	0.0000 0.0000 -1.0000 0.0000	</row2>
					<row3>	-0.1414 0.4714 -0.3816 1.0000	</row3>
				</transform>
			</node>
			<node>
				<identifier>	MP_AM722_Ammobox_big_INDEX_2	</identifier>
				<transform>
					<row0>	0.0000 0.0000 -1.0000 0.0000	</row0>
					<row1>	0.0000 1.0000 0.0000 0.0000	</row1>
					<row2>	1.0000 0.0000 0.0000 0.0000	</row2>
					<row3>	-0.0315 0.4714 -0.7170 1.0000	</row3>
				</transform>
			</node>
			<node>
				<identifier>	MP_AM723_Ammobox	</identifier>
				<transform>
					<row0>	1.0000 0.0000 0.0000 0.0000	</row0>
					<row1>	0.0000 1.0000 0.0000 0.0000	</row1>
					<row2>	0.0000 0.0000 1.0000 0.0000	</row2>
					<row3>	-0.2449 0.1601 -1.7278 1.0000	</row3>
				</transform>
			</node>
			<node>
				<identifier>	MP_AM723_Ammobox_INDEX_1	</identifier>
				<transform>
					<row0>	0.0000 0.0000 1.0000 0.0000	</row0>
					<row1>	0.0000 1.0000 0.0000 0.0000	</row1>
					<row2>	-1.0000 0.0000 0.0000 0.0000	</row2>
					<row3>	-0.2258 0.1647 -1.3814 1.0000	</row3>
				</transform>
			</node>
			<node>
				<identifier>	MP_AM723_Ammobox_INDEX_2	</identifier>
				<transform>
					<row0>	1.0000 0.0000 0.0000 0.0000	</row0>
					<row1>	0.0000 1.0000 0.0000 0.0000	</row1>
					<row2>	0.0000 0.0000 1.0000 0.0000	</row2>
					<row3>	0.0000 0.3422 -0.3403 1.0000	</row3>
				</transform>
			</node>
			<node>
				<identifier>	MP_CM012_Fire_Hose_Rack_1	</identifier>
				<transform>
					<row0>	-1.0000 0.0000 0.0000 0.0000	</row0>
					<row1>	0.0000 1.0000 0.0000 0.0000	</row1>
					<row2>	0.0000 0.0000 -1.0000 0.0000	</row2>
					<row3>	0.2038 0.2372 -1.4198 1.0000	</row3>
				</transform>
			</node>
			<node>
				<identifier>	MP_CM012_Fire_Hose_Rack_1_INDEX_1	</identifier>
				<transform>
					<row0>	0.0000 0.0000 -1.0000 0.0000	</row0>
					<row1>	0.0000 1.0000 0.0000 0.0000	</row1>
					<row2>	1.0000 0.0000 0.0000 0.0000	</row2>
					<row3>	-0.2447 0.2372 -1.4471 1.0000	</row3>
				</transform>
			</node>
			<node>
