<AAB700_North_American_B_25B_Mitchell_lod1.visual>
	<node>
		<identifier>	Scene Root	</identifier>
		<transform>
			<row0>	1.0000 0.0000 0.0000 0.0000	</row0>
			<row1>	0.0000 1.0000 0.0000 0.0000	</row1>
			<row2>	0.0000 0.0000 1.0000 0.0000	</row2>
			<row3>	0.0000 0.0000 0.0000 1.0000	</row3>
		</transform>
		<node>
			<identifier>	Root	</identifier>
			<transform>
				<row0>	1.0000 0.0000 0.0000 0.0000	</row0>
				<row1>	0.0000 1.0000 0.0000 0.0000	</row1>
				<row2>	0.0000 0.0000 1.0000 0.0000	</row2>
				<row3>	0.0000 0.0000 0.0000 1.0000	</row3>
			</transform>
			<node>
				<identifier>	HP_Air_bomb_1	</identifier>
				<transform>
					<row0>	1.0000 0.0000 0.0000 0.0000	</row0>
					<row1>	0.0000 1.0000 0.0000 0.0000	</row1>
					<row2>	0.0000 0.0000 1.0000 0.0000	</row2>
					<row3>	-0.0215 0.1790 -0.3271 1.0000	</row3>
				</transform>
			</node>
			<node>
				<identifier>	HP_Air_bomb_2	</identifier>
				<transform>
					<row0>	1.0000 0.0000 0.0000 0.0000	</row0>
					<row1>	0.0000 1.0000 0.0000 0.0000	</row1>
					<row2>	0.0000 0.0000 1.0000 0.0000	</row2>
					<row3>	0.0226 0.1790 -0.3271 1.0000	</row3>
				</transform>
			</node>
			<node>
				<identifier>	HP_Air_bomb_3	</identifier>
				<transform>
					<row0>	1.0000 0.0000 0.0000 0.0000	</row0>
					<row1>	0.0000 1.0000 0.0000 0.0000	</row1>
					<row2>	0.0000 0.0000 1.0000 0.0000	</row2>
					<row3>	-0.0215 0.1521 -0.3271 1.0000	</row3>
				</transform>
			</node>
			<node>
				<identifier>	HP_Air_bomb_4	</identifier>
				<transform>
					<row0>	1.0000 0.0000 0.0000 0.0000	</row0>
					<row1>	0.0000 1.0000 0.0000 0.0000	</row1>
					<row2>	0.0000 0.0000 1.0000 0.0000	</row2>
					<row3>	0.0226 0.1521 -0.3271 1.0000	</row3>
				</transform>
			</node>
			<node>
				<identifier>	HP_Air_bomb_5	</identifier>
				<transform>
					<row0>	1.0000 0.0000 0.0000 0.0000	</row0>
					<row1>	0.0000 1.0000 0.0000 0.0000	</row1>
					<row2>	0.0000 0.0000 1.0000 0.0000	</row2>
					<row3>	-0.0215 0.1260 -0.3271 1.0000	</row3>
				</transform>
			</node>
			<node>
				<identifier>	HP_Air_bomb_6	</identifier>
				<transform>
					<row0>	1.0000 0.0000 0.0000 0.0000	</row0>
					<row1>	0.0000 1.0000 0.0000 0.0000	</row1>
					<row2>	0.0000 0.0000 1.0000 0.0000	</row2>
					<row3>	0.0226 0.1260 -0.3271 1.0000	</row3>
				</transform>
			</node>
			<node>
				<identifier>	HP_Air_break_1	</identifier>
				<transform>
					<row0>	0.9920 -0.0408 -0.1193 0.0000	</row0>
					<row1>	0.0411 0.9992 0.0000 0.0000	</row1>
					<row2>	0.1192 -0.0049 0.9929 0.0000	</row2>
					<row3>	-0.3148 0.1671 -0.4101 1.0000	</row3>
				</transform>
			</node>
			<node>
				<identifier>	HP_Air_break_2	</identifier>
				<transform>
					<row0>	0.9920 0.0408 0.1193 0.0000	</row0>
					<row1>	-0.0411 0.9992 0.0000 0.0000	</row1>
					<row2>	-0.1192 -0.0049 0.9929 0.0000	</row2>
					<row3>	0.3148 0.1671 -0.4101 1.0000	</row3>
				</transform>
			</node>
			<node>
				<identifier>	HP_Air_break_3	</identifier>
				<transform>
					<row0>	0.9879 -0.0847 -0.1298 0.0000	</row0>
					<row1>	0.0854 0.9963 0.0000 0.0000	</row1>
					<row2>	0.1293 -0.0111 0.9915 0.0000	</row2>
					<row3>	-0.1028 0.1547 -0.4351 1.0000	</row3>
				</transform>
			</node>
			<node>
				<identifier>	HP_Air_break_4	</identifier>
				<transform>
					<row0>	0.9879 0.0847 0.1298 0.0000	</row0>
					<row1>	-0.0854 0.9963 0.0000 0.0000	</row1>
					<row2>	-0.1293 -0.0111 0.9915 0.0000	</row2>
					<row3>	0.1028 0.1547 -0.4351 1.0000	</row3>
				</transform>
			</node>
			<node>
				<identifier>	HP_Air_death_1	</identifier>
				<transform>
					<row0>	1.0000 0.0000 0.0000 0.0000	</row0>
					<row1>	0.0000 1.0000 0.0000 0.0000	</row1>
					<row2>	0.0000 0.0000 1.0000 0.0000	</row2>
					<row3>	0.0000 0.1989 -0.0919 1.0000	</row3>
				</transform>
			</node>
			<node>
				<identifier>	HP_Air_enginelight_1	</identifier>
				<transform>
					<row0>	0.0541 0.0327 0.9980 0.0000	</row0>
					<row1>	0.6361 0.7693 -0.0597 0.0000	</row1>
					<row2>	-0.7697 0.6381 0.0209 0.0000	</row2>
					<row3>	0.2376 0.1173 -0.2408 1.0000	</row3>
				</transform>
			</node>
			<node>
				<identifier>	HP_Air_enginelight_2	</identifier>
				<transform>
					<row0>	0.0541 -0.0327 -0.9980 0.0000	</row0>
					<row1>	-0.6361 0.7693 -0.0597 0.0000	</row1>
					<row2>	0.7697 0.6381 0.0209 0.0000	</row2>
					<row3>	-0.2370 0.1173 -0.2408 1.0000	</row3>
				</transform>
			</node>
			<node>
				<identifier>	HP_Air_fire_1	</identifier>
				<transform>
					<row0>	1.0000 0.0000 0.0000 0.0000	</row0>
					<row1>	0.0000 1.0000 0.0000 0.0000	</row1>
					<row2>	0.0000 0.0000 1.0000 0.0000	</row2>
					<row3>	-0.2370 0.1173 -0.2408 1.0000	</row3>
				</transform>
			</node>
			<node>
				<identifier>	HP_Air_fire_2	</identifier>
				<transform>
					<row0>	1.0000 0.0000 0.0000 0.0000	</row0>
					<row1>	0.0000 1.0000 0.0000 0.0000	</row1>
					<row2>	0.0000 0.0000 1.0000 0.0000	</row2>
					<row3>	0.2376 0.1173 -0.2408 1.0000	</row3>
				</transform>
			</node>
			<node>
				<identifier>	HP_Air_fire_3	</identifier>
				<transform>
					<row0>	1.0000 0.0000 0.0000 0.0000	</row0>
					<row1>	0.0000 1.0000 0.0000 0.0000	</row1>
					<row2>	0.0000 0.0000 1.0000 0.0000	</row2>
					<row3>	0.2930 0.1799 -0.4051 1.0000	</row3>
				</transform>
			</node>
			<node>
				<identifier>	HP_Air_fire_4	</identifier>
				<transform>
					<row0>	1.0000 0.0000 0.0000 0.0000	</row0>
					<row1>	0.0000 1.0000 0.0000 0.0000	</row1>
					<row2>	0.0000 0.0000 1.0000 0.0000	</row2>
					<row3>	-0.2239 0.1889 -0.3582 1.0000	</row3>
				</transform>
			</node>
			<node>
				<identifier>	HP_Air_fire_5	</identifier>
				<transform>
					<row0>	1.0000 0.0000 0.0000 0.0000	</row0>
					<row1>	0.0000 1.0000 0.0000 0.0000	</row1>
					<row2>	0.0000 0.0000 1.0000 0.0000	</row2>
					<row3>	0.0655 0.1844 -0.3302 1.0000	</row3>
				</transform>
			</node>
			<node>
				<identifier>	HP_Air_fire_6	</identifier>
				<transform>
					<row0>	1.0000 0.0000 0.0000 0.0000	</row0>
					<row1>	0.0000 1.0000 0.0000 0.0000	</row1>
					<row2>	0.0000 0.0000 1.0000 0.0000	</row2>
					<row3>	-0.1950 0.1512 -0.1866 1.0000	</row3>
				</transform>
			</node>
			<node>
				<identifier>	HP_Air_fire_7	</identifier>
				<transform>
					<row0>	1.0000 0.0000 0.0000 0.0000	</row0>
					<row1>	0.0000 1.0000 0.0000 0.0000	</row1>
					<row2>	0.0000 0.0000 1.0000 0.0000	</row2>
					<row3>	0.0000 0.1812 -0.8737 1.0000	</row3>
				</transform>
			</node>
			<node>
				<identifier>	HP_Air_flytrail_1	</identifier>
				<transform>
					<row0>	1.0000 0.0000 0.0000 0.0000	</row0>
					<row1>	0.0000 1.0000 0.0000 0.0000	</row1>
					<row2>	0.0000 0.0000 1.0000 0.0000	</row2>
					<row3>	-0.6865 0.1844 -0.3164 1.0000	</row3>
				</transform>
			</node>
			<node>
				<identifier>	HP_Air_flytrail_2	</identifier>
				<transform>
					<row0>	1.0000 0.0000 0.0000 0.0000	</row0>
					<row1>	0.0000 1.0000 0.0000 0.0000	</row1>
					<row2>	0.0000 0.0000 1.0000 0.0000	</row2>
					<row3>	0.6865 0.1844 -0.3164 1.0000	</row3>
				</transform>
			</node>
			<node>
				<identifier>	HP_Air_gunfire_back_1	</identifier>
				<transform>
					<row0>	1.0000 0.0000 0.0000 0.0000	</row0>
					<row1>	0.0000 1.0000 0.0000 0.0000	</row1>
					<row2>	0.0000 0.0000 1.0000 0.0000	</row2>
					<row3>	-0.0201 0.2270 -0.6285 1.0000	</row3>
				</transform>
			</node>
			<node>
				<identifier>	HP_Air_gunfire_back_2	</identifier>
				<transform>
					<row0>	1.0000 0.0000 0.0000 0.0000	</row0>
					<row1>	0.0000 1.0000 0.0000 0.0000	</row1>
					<row2>	0.0000 0.0000 1.0000 0.0000	</row2>
					<row3>	0.0201 0.2270 -0.6285 1.0000	</row3>
				</transform>
			</node>
			<node>
				<identifier>	HP_Air_ricochet_1	</identifier>
				<transform>
					<row0>	1.0000 0.0000 0.0000 0.0000	</row0>
					<row1>	0.0000 1.0000 0.0000 0.0000	</row1>
					<row2>	0.0000 0.0000 1.0000 0.0000	</row2>
					<row3>	-0.0365 0.1707 0.0278 1.0000	</row3>
				</transform>
			</node>
			<node>
				<identifier>	HP_Air_ricochet_2	</identifier>
				<transform>
					<row0>	1.0000 0.0000 0.0000 0.0000	</row0>
					<row1>	0.0000 1.0000 0.0000 0.0000	</row1>
					<row2>	0.0000 0.0000 1.0000 0.0000	</row2>
					<row3>	-0.2228 0.1710 -0.8492 1.0000	</row3>
				</transform>
			</node>
			<node>
				<identifier>	HP_Air_ricochet_3	</identifier>
				<transform>
					<row0>	1.0000 0.0000 0.0000 0.0000	</row0>
					<row1>	0.0000 1.0000 0.0000 0.0000	</row1>
					<row2>	0.0000 0.0000 1.0000 0.0000	</row2>
					<row3>	0.2664 0.1958 -0.2927 1.0000	</row3>
				</transform>
			</node>
			<node>
				<identifier>	HP_Air_ricochet_4	</identifier>
				<transform>
					<row0>	1.0000 0.0000 0.0000 0.0000	</row0>
					<row1>	0.0000 1.0000 0.0000 0.0000	</row1>
					<row2>	0.0000 0.0000 1.0000 0.0000	</row2>
					<row3>	0.0388 0.1900 -0.6664 1.0000	</row3>
				</transform>
			</node>
			<node>
				<identifier>	HP_Air_ricochet_5	</identifier>
				<transform>
					<row0>	1.0000 0.0000 0.0000 0.0000	</row0>
					<row1>	0.0000 1.0000 0.0000 0.0000	</row1>
					<row2>	0.0000 0.0000 1.0000 0.0000	</row2>
					<row3>	0.0147 0.1537 -0.9012 1.0000	</row3>
				</transform>
			</node>
			<node>
				<identifier>	HP_Air_ricochet_6	</identifier>
				<transform>
					<row0>	1.0000 0.0000 0.0000 0.0000	</row0>
					<row1>	0.0000 1.0000 0.0000 0.0000	</row1>
					<row2>	0.0000 0.0000 1.0000 0.0000	</row2>
					<row3>	-0.6459 0.1774 -0.3074 1.0000	</row3>
				</transform>
			</node>
			<node>
				<identifier>	HP_gunFireBack	</identifier>
				<transform>
					<row0>	1.0000 0.0000 0.0000 0.0000	</row0>
					<row1>	0.0000 1.0000 0.0000 0.0000	</row1>
					<row2>	0.0000 0.0000 1.0000 0.0000	</row2>
					<row3>	0.0000 0.2271 -0.6285 1.0000	</row3>
				</transform>
			</node>
			<node>
				<identifier>	Root_BlendBone	</identifier>
				<transform>
					<row0>	1.0000 0.0000 0.0000 0.0000	</row0>
					<row1>	0.0000 1.0000 0.0000 0.0000	</row1>
					<row2>	0.0000 0.0000 -1.0000 0.0000	</row2>
					<row3>	0.0000 0.0000 0.0000 1.0000	</row3>
				</transform>
			</node>
			<node>
				<identifier>	elevator_1	</identifier>
				<transform>
					<row0>	1.0000 0.0000 0.0000 0.0000	</row0>
					<row1>	0.0000 1.0000 0.0000 0.0000	</row1>
					<row2>	0.0000 0.0000 1.0000 0.0000	</row2>
					<row3>	0.0305 0.2077 -0.8804 1.0000	</row3>
				</transform>
				<rotate>
					<min>	-25.0000 -360.0000 -360.0000	</min>
					<max>	10.0000 360.0000 360.0000	</max>
				</rotate>
				<node>
					<identifier>	elevator_1_BlendBone	</identifier>
					<transform>
						<row0>	1.0000 0.0000 0.0000 0.0000	</row0>
						<row1>	0.0000 1.0000 0.0000 0.0000	</row1>
						<row2>	0.0000 0.0000 -1.0000 0.0000	</row2>
						<row3>	-0.0305 -0.2077 0.8804 1.0000	</row3>
					</transform>
				</node>
			</node>
			<node>
				<identifier>	l_ailerone_1	</identifier>
				<transform>
					<row0>	0.9908 -0.0071 -0.1349 0.0000	</row0>
					<row1>	0.0071 1.0000 0.0000 0.0000	</row1>
					<row2>	0.1349 -0.0010 0.9909 0.0000	</row2>
					<row3>	-0.4267 0.1741 -0.4040 1.0000	</row3>
				</transform>
				<rotate>
					<min>	-28.0000 -360.0000 -360.0000	</min>
					<max>	28.0000 360.0000 360.0000	</max>
				</rotate>
				<node>
					<identifier>	l_ailerone_1_BlendBone	</identifier>
					<transform>
						<row0>	0.9908 0.0071 0.1349 0.0000	</row0>
						<row1>	-0.0071 1.0000 -0.0010 0.0000	</row1>
						<row2>	0.1349 0.0000 -0.9909 0.0000	</row2>
						<row3>	0.3694 -0.1711 0.4581 1.0000	</row3>
					</transform>
				</node>
			</node>
			<node>
				<identifier>	l_flaps_1	</identifier>
				<transform>
					<row0>	0.9879 -0.0847 -0.1298 0.0000	</row0>
					<row1>	0.0854 0.9963 0.0000 0.0000	</row1>
					<row2>	0.1293 -0.0111 0.9915 0.0000	</row2>
					<row3>	-0.1751 0.1542 -0.4302 1.0000	</row3>
				</transform>
				<rotate>
					<min>	0.0000 -360.0000 -360.0000	</min>
					<max>	45.0000 360.0000 360.0000	</max>
				</rotate>
				<node>
					<identifier>	l_flaps_1_BlendBone	</identifier>
					<transform>
						<row0>	0.9879 0.0854 0.1293 0.0000	</row0>
						<row1>	-0.0847 0.9963 -0.0111 0.0000	</row1>
						<row2>	0.1298 0.0000 -0.9915 0.0000	</row2>
						<row3>	0.1302 -0.1387 0.4509 1.0000	</row3>
					</transform>
				</node>
			</node>
			<node>
				<identifier>	l_flaps_2	</identifier>
				<transform>
					<row0>	0.9920 -0.0408 -0.1193 0.0000	</row0>
					<row1>	0.0411 0.9992 0.0000 0.0000	</row1>
					<row2>	0.1192 -0.0049 0.9929 0.0000	</row2>
					<row3>	-0.2224 0.1583 -0.4239 1.0000	</row3>
				</transform>
				<rotate>
					<min>	0.0000 -360.0000 -360.0000	</min>
					<max>	45.0000 360.0000 360.0000	</max>
				</rotate>
				<node>
					<identifier>	l_flaps_2_BlendBone	</identifier>
					<transform>
						<row0>	0.9920 0.0411 0.1192 0.0000	</row0>
						<row1>	-0.0408 0.9992 -0.0049 0.0000	</row1>
						<row2>	0.1193 0.0000 -0.9929 0.0000	</row2>
						<row3>	0.1765 -0.1490 0.4482 1.0000	</row3>
					</transform>
				</node>
			</node>
			<node>
				<identifier>	l_flaps_3	</identifier>
				<transform>
					<row0>	-0.9894 0.0996 0.1059 0.0000	</row0>
					<row1>	-0.1002 -0.9950 0.0000 0.0000	</row1>
					<row2>	0.1054 -0.0106 0.9944 0.0000	</row2>
					<row3>	-0.0493 0.1449 -0.4262 1.0000	</row3>
				</transform>
				<rotate>
					<min>	0.0000 -360.0000 -360.0000	</min>
					<max>	45.0000 360.0000 360.0000	</max>
				</rotate>
				<node>
					<identifier>	l_flaps_3_BlendBone	</identifier>
					<transform>
						<row0>	-0.9894 -0.1002 0.1054 0.0000	</row0>
						<row1>	0.0996 -0.9950 -0.0106 0.0000	</row1>
						<row2>	-0.1059 0.0000 -0.9944 0.0000	</row2>
						<row3>	-0.0180 0.1393 0.4306 1.0000	</row3>
					</transform>
				</node>
			</node>
			<node>
				<identifier>	l_flaps_4	</identifier>
				<transform>
					<row0>	-0.9896 0.0990 0.1046 0.0000	</row0>
					<row1>	-0.0995 -0.9950 0.0000 0.0000	</row1>
					<row2>	0.1040 -0.0104 0.9945 0.0000	</row2>
					<row3>	-0.2428 0.1645 -0.4054 1.0000	</row3>
				</transform>
				<rotate>
					<min>	0.0000 -360.0000 -360.0000	</min>
					<max>	45.0000 360.0000 360.0000	</max>
				</rotate>
				<node>
					<identifier>	l_flaps_4_BlendBone	</identifier>
					<transform>
						<row0>	-0.9896 -0.0995 0.1040 0.0000	</row0>
						<row1>	0.0990 -0.9950 -0.0104 0.0000	</row1>
						<row2>	-0.1046 0.0000 -0.9945 0.0000	</row2>
						<row3>	-0.2141 0.1395 0.4302 1.0000	</row3>
					</transform>
				</node>
			</node>
			<node>
				<identifier>	l_flaps_5	</identifier>
				<transform>
					<row0>	-0.9939 0.0211 0.1084 0.0000	</row0>
					<row1>	-0.0212 -0.9998 0.0000 0.0000	</row1>
					<row2>	0.1084 -0.0023 0.9941 0.0000	</row2>
					<row3>	-0.2685 0.1669 -0.4027 1.0000	</row3>
				</transform>
				<rotate>
					<min>	0.0000 -360.0000 -360.0000	</min>
					<max>	45.0000 360.0000 360.0000	</max>
				</rotate>
				<node>
					<identifier>	l_flaps_5_BlendBone	</identifier>
					<transform>
						<row0>	-0.9939 -0.0212 0.1084 0.0000	</row0>
						<row1>	0.0211 -0.9998 -0.0023 0.0000	</row1>
						<row2>	-0.1084 0.0000 -0.9941 0.0000	</row2>
						<row3>	-0.2267 0.1611 0.4298 1.0000	</row3>
					</transform>
				</node>
			</node>
			<node>
				<identifier>	r_ailerone_1	</identifier>
				<transform>
					<row0>	0.9908 0.0071 0.1350 0.0000	</row0>
					<row1>	-0.0071 1.0000 0.0000 0.0000	</row1>
					<row2>	-0.1350 -0.0010 0.9909 0.0000	</row2>
					<row3>	0.4267 0.1741 -0.4040 1.0000	</row3>
				</transform>
				<rotate>
					<min>	-28.0000 -360.0000 -360.0000	</min>
					<max>	28.0000 360.0000 360.0000	</max>
				</rotate>
				<node>
					<identifier>	r_ailerone_1_BlendBone	</identifier>
					<transform>
						<row0>	0.9908 -0.0071 -0.1350 0.0000	</row0>
						<row1>	0.0071 1.0000 -0.0010 0.0000	</row1>
						<row2>	-0.1350 0.0000 -0.9909 0.0000	</row2>
						<row3>	-0.3694 -0.1711 0.4581 1.0000	</row3>
					</transform>
				</node>
			</node>
			<node>
				<identifier>	r_flaps_1	</identifier>
				<transform>
					<row0>	0.9879 0.0847 0.1298 0.0000	</row0>
					<row1>	-0.0854 0.9963 0.0000 0.0000	</row1>
					<row2>	-0.1293 -0.0111 0.9915 0.0000	</row2>
					<row3>	0.1751 0.1542 -0.4302 1.0000	</row3>
				</transform>
				<rotate>
					<min>	0.0000 -360.0000 -360.0000	</min>
					<max>	45.0000 360.0000 360.0000	</max>
				</rotate>
				<node>
					<identifier>	r_flaps_1_BlendBone	</identifier>
					<transform>
						<row0>	0.9879 -0.0854 -0.1293 0.0000	</row0>
						<row1>	0.0847 0.9963 -0.0111 0.0000	</row1>
						<row2>	-0.1298 0.0000 -0.9915 0.0000	</row2>
						<row3>	-0.1302 -0.1387 0.4509 1.0000	</row3>
					</transform>
				</node>
			</node>
			<node>
				<identifier>	r_flaps_2	</identifier>
				<transform>
					<row0>	0.9920 0.0408 0.1193 0.0000	</row0>
					<row1>	-0.0411 0.9992 0.0000 0.0000	</row1>
					<row2>	-0.1192 -0.0049 0.9929 0.0000	</row2>
					<row3>	0.2224 0.1583 -0.4239 1.0000	</row3>
				</transform>
				<rotate>
					<min>	0.0000 -360.0000 -360.0000	</min>
					<max>	45.0000 360.0000 360.0000	</max>
				</rotate>
				<node>
					<identifier>	r_flaps_2_BlendBone	</identifier>
					<transform>
						<row0>	0.9920 -0.0411 -0.1192 0.0000	</row0>
						<row1>	0.0408 0.9992 -0.0049 0.0000	</row1>
						<row2>	-0.1193 0.0000 -0.9929 0.0000	</row2>
						<row3>	-0.1765 -0.1490 0.4482 1.0000	</row3>
					</transform>
				</node>
			</node>
			<node>
				<identifier>	r_flaps_3	</identifier>
				<transform>
					<row0>	-0.9894 -0.0996 -0.1059 0.0000	</row0>
					<row1>	0.1002 -0.9950 0.0000 0.0000	</row1>
					<row2>	-0.1054 -0.0106 0.9944 0.0000	</row2>
					<row3>	0.0493 0.1449 -0.4262 1.0000	</row3>
				</transform>
				<rotate>
					<min>	0.0000 -360.0000 -360.0000	</min>
					<max>	45.0000 360.0000 360.0000	</max>
				</rotate>
				<node>
					<identifier>	r_flaps_3_BlendBone	</identifier>
					<transform>
						<row0>	-0.9894 0.1002 -0.1054 0.0000	</row0>
						<row1>	-0.0996 -0.9950 -0.0106 0.0000	</row1>
						<row2>	0.1059 0.0000 -0.9944 0.0000	</row2>
						<row3>	0.0180 0.1393 0.4306 1.0000	</row3>
					</transform>
				</node>
			</node>
			<node>
				<identifier>	r_flaps_4	</identifier>
				<transform>
					<row0>	-0.9896 -0.0990 -0.1046 0.0000	</row0>
					<row1>	0.0995 -0.9950 0.0000 0.0000	</row1>
					<row2>	-0.1040 -0.0104 0.9945 0.0000	</row2>
					<row3>	0.2428 0.1645 -0.4054 1.0000	</row3>
				</transform>
				<rotate>
					<min>	0.0000 -360.0000 -360.0000	</min>
					<max>	45.0000 360.0000 360.0000	</max>
				</rotate>
				<node>
					<identifier>	r_flaps_4_BlendBone	</identifier>
					<transform>
						<row0>	-0.9896 0.0995 -0.1040 0.0000	</row0>
						<row1>	-0.0990 -0.9950 -0.0104 0.0000	</row1>
						<row2>	0.1046 0.0000 -0.9945 0.0000	</row2>
						<row3>	0.2141 0.1395 0.4302 1.0000	</row3>
					</transform>
				</node>
			</node>
			<node>
				<identifier>	r_flaps_5	</identifier>
				<transform>
					<row0>	-0.9939 -0.0211 -0.1084 0.0000	</row0>
					<row1>	0.0212 -0.9998 0.0000 0.0000	</row1>
					<row2>	-0.1084 -0.0023 0.9941 0.0000	</row2>
					<row3>	0.2685 0.1669 -0.4027 1.0000	</row3>
				</transform>
				<rotate>
					<min>	0.0000 -360.0000 -360.0000	</min>
					<max>	45.0000 360.0000 360.0000	</max>
				</rotate>
				<node>
					<identifier>	r_flaps_5_BlendBone	</identifier>
					<transform>
						<row0>	-0.9939 0.0212 -0.1084 0.0000	</row0>
						<row1>	-0.0211 -0.9998 -0.0023 0.0000	</row1>
						<row2>	0.1084 0.0000 -0.9941 0.0000	</row2>
						<row3>	0.2267 0.1611 0.4298 1.0000	</row3>
					</transform>
				</node>
			</node>
			<node>
				<identifier>	rudder_1	</identifier>
				<transform>
					<row0>	1.0000 0.0000 0.0000 0.0000	</row0>
					<row1>	0.0000 0.9986 -0.0523 0.0000	</row1>
					<row2>	0.0000 0.0523 0.9986 0.0000	</row2>
					<row3>	-0.2252 0.2110 -0.8832 1.0000	</row3>
				</transform>
				<rotate>
					<min>	-360.0000 -20.0000 -360.0000	</min>
					<max>	360.0000 20.0000 360.0000	</max>
				</rotate>
				<node>
					<identifier>	rudder_1_BlendBone	</identifier>
					<transform>
						<row0>	1.0000 0.0000 0.0000 0.0000	</row0>
						<row1>	0.0000 0.9986 0.0523 0.0000	</row1>
						<row2>	0.0000 0.0523 -0.9986 0.0000	</row2>
						<row3>	0.2252 -0.2569 0.8709 1.0000	</row3>
					</transform>
				</node>
			</node>
			<node>
				<identifier>	rudder_2	</identifier>
				<transform>
					<row0>	1.0000 0.0000 0.0000 0.0000	</row0>
					<row1>	0.0000 0.9986 -0.0523 0.0000	</row1>
					<row2>	0.0000 0.0523 0.9986 0.0000	</row2>
					<row3>	0.2252 0.2110 -0.8832 1.0000	</row3>
				</transform>
				<rotate>
					<min>	-360.0000 -20.0000 -360.0000	</min>
					<max>	360.0000 20.0000 360.0000	</max>
				</rotate>
				<node>
					<identifier>	rudder_2_BlendBone	</identifier>
					<transform>
						<row0>	1.0000 0.0000 0.0000 0.0000	</row0>
						<row1>	0.0000 0.9986 0.0523 0.0000	</row1>
						<row2>	0.0000 0.0523 -0.9986 0.0000	</row2>
						<row3>	-0.2252 -0.2569 0.8709 1.0000	</row3>
					</transform>
				</node>
			</node>
		</node>
		<node>
			<identifier>	hull	</identifier>
			<transform>
				<row0>	1.0000 0.0000 0.0000 0.0000	</row0>
				<row1>	0.0000 1.0000 0.0000 0.0000	</row1>
				<row2>	0.0000 0.0000 1.0000 0.0000	</row2>
				<row3>	0.0000 0.0000 0.0000 1.0000	</row3>
			</transform>
			<node>
				<identifier>	chassis_off_BlendBone	</identifier>
				<transform>
					<row0>	1.0000 0.0000 0.0000 0.0000	</row0>
					<row1>	0.0000 1.0000 0.0000 0.0000	</row1>
					<row2>	0.0000 0.0000 1.0000 0.0000	</row2>
					<row3>	0.0000 0.0000 0.0000 1.0000	</row3>
				</transform>
			</node>
			<node>
				<identifier>	chassis_on_BlendBone	</identifier>
				<transform>
					<row0>	1.0000 0.0000 0.0000 0.0000	</row0>
					<row1>	0.0000 1.0000 0.0000 0.0000	</row1>
					<row2>	0.0000 0.0000 1.0000 0.0000	</row2>
					<row3>	0.0000 0.0000 0.0000 1.0000	</row3>
				</transform>
			</node>
			<node>
				<identifier>	hull_wire	</identifier>
				<transform>
					<row0>	1.0000 0.0000 0.0000 0.0000	</row0>
					<row1>	0.0000 1.0000 0.0000 0.0000	</row1>
					<row2>	0.0000 0.0000 1.0000 0.0000	</row2>
					<row3>	0.0000 0.0000 0.0000 1.0000	</row3>
				</transform>
			</node>
			<node>
				<identifier>	propeller_mod	</identifier>
				<transform>
					<row0>	1.0000 0.0000 0.0000 0.0000	</row0>
					<row1>	0.0000 1.0000 0.0000 0.0000	</row1>
					<row2>	0.0000 0.0000 1.0000 0.0000	</row2>
					<row3>	-0.1947 0.1464 -0.1399 1.0000	</row3>
				</transform>
				<node>
					<identifier>	disc	</identifier>
					<transform>
						<row0>	1.0000 0.0000 0.0000 0.0000	</row0>
						<row1>	0.0000 1.0000 0.0000 0.0000	</row1>
						<row2>	0.0000 0.0000 1.0000 0.0000	</row2>
						<row3>	0.0000 0.0000 0.0000 1.0000	</row3>
					</transform>
					<node>
						<identifier>	disc_cap	</identifier>
						<transform>
							<row0>	1.0000 0.0000 0.0000 0.0000	</row0>
							<row1>	0.0000 1.0000 0.0000 0.0000	</row1>
							<row2>	0.0000 0.0000 1.0000 0.0000	</row2>
							<row3>	0.0000 0.0000 0.0000 1.0000	</row3>
						</transform>
					</node>
				</node>
				<node>
					<identifier>	mod	</identifier>
					<transform>
						<row0>	1.0000 0.0000 0.0000 0.0000	</row0>
						<row1>	0.0000 1.0000 0.0000 0.0000	</row1>
						<row2>	0.0000 0.0000 1.0000 0.0000	</row2>
						<row3>	0.0000 0.0000 0.0000 1.0000	</row3>
					</transform>
				</node>
			</node>
			<node>
				<identifier>	propeller_mod_1	</identifier>
				<transform>
					<row0>	1.0000 0.0000 0.0000 0.0000	</row0>
					<row1>	0.0000 1.0000 0.0000 0.0000	</row1>
					<row2>	0.0000 0.0000 1.0000 0.0000	</row2>
					<row3>	0.1947 0.1464 -0.1399 1.0000	</row3>
				</transform>
				<node>
					<identifier>	disc_1	</identifier>
					<transform>
						<row0>	1.0000 0.0000 0.0000 0.0000	</row0>
						<row1>	0.0000 1.0000 0.0000 0.0000	</row1>
						<row2>	0.0000 0.0000 1.0000 0.0000	</row2>
						<row3>	0.0000 0.0000 0.0000 1.0000	</row3>
					</transform>
					<node>
						<identifier>	disc_cap_1	</identifier>
						<transform>
							<row0>	1.0000 0.0000 0.0000 0.0000	</row0>
							<row1>	0.0000 1.0000 0.0000 0.0000	</row1>
							<row2>	0.0000 0.0000 1.0000 0.0000	</row2>
							<row3>	0.0000 0.0000 0.0000 1.0000	</row3>
						</transform>
					</node>
				</node>
				<node>
					<identifier>	mod_1	</identifier>
					<transform>
						<row0>	1.0000 0.0000 0.0000 0.0000	</row0>
						<row1>	0.0000 1.0000 0.0000 0.0000	</row1>
						<row2>	0.0000 0.0000 1.0000 0.0000	</row2>
						<row3>	0.0000 0.0000 0.0000 1.0000	</row3>
					</transform>
				</node>
			</node>
		</node>
	</node>
	<renderSet>
		<treatAsWorldSpaceObject>	false	</treatAsWorldSpaceObject>
		<node>	chassis_off_BlendBone	</node>
		<geometry>
			<vertices>	chassis_off_BlendBone_lod1Shape.vertices	</vertices>
			<primitive>	chassis_off_BlendBone_lod1Shape.indices	</primitive>
			<primitiveGroup>	0
				<material>
					<identifier>	TL2_SHIPMAT_PBS_Hull	</identifier>
					<mfm>	PnFMods/ModsSDK.zip/ASA898_AZUR_Hornet/aircraft/AAB700_North_American_B_25B_Mitchell.mfm	</mfm>
				</material>
			</primitiveGroup>
		</geometry>
	</renderSet>
	<renderSet>
		<treatAsWorldSpaceObject>	false	</treatAsWorldSpaceObject>
		<node>	chassis_on_BlendBone	</node>
		<geometry>
			<vertices>	chassis_on_BlendBone_lod1Shape.vertices	</vertices>
			<primitive>	chassis_on_BlendBone_lod1Shape.indices	</primitive>
			<primitiveGroup>	0
				<material>
					<identifier>	TL2_SHIPMAT_PBS_Hull	</identifier>
					<mfm>	PnFMods/ModsSDK.zip/ASA898_AZUR_Hornet/aircraft/AAB700_North_American_B_25B_Mitchell.mfm	</mfm>
				</material>
			</primitiveGroup>
		</geometry>
	</renderSet>
	<renderSet>
		<treatAsWorldSpaceObject>	false	</treatAsWorldSpaceObject>
		<node>	disc_1	</node>
		<geometry>
			<vertices>	disc_1_lod1Shape.vertices	</vertices>
			<primitive>	disc_1_lod1Shape.indices	</primitive>
			<primitiveGroup>	0
				<material>
					<identifier>	PROPELLERMAT_propeller	</identifier>
					<mfm>	PnFMods/ModsSDK.zip/ASA898_AZUR_Hornet/aircraft/USA_Disk_3Blade_06_alpha.mfm	</mfm>
				</material>
			</primitiveGroup>
		</geometry>
	</renderSet>
	<renderSet>
		<treatAsWorldSpaceObject>	false	</treatAsWorldSpaceObject>
		<node>	disc_cap_1	</node>
		<geometry>
			<vertices>	disc_cap_1_lod1Shape.vertices	</vertices>
			<primitive>	disc_cap_1_lod1Shape.indices	</primitive>
			<primitiveGroup>	0
				<material>
					<identifier>	TL2_SHIPMAT_PBS_Hull	</identifier>
					<mfm>	PnFMods/ModsSDK.zip/ASA898_AZUR_Hornet/aircraft/AAB700_North_American_B_25B_Mitchell.mfm	</mfm>
				</material>
			</primitiveGroup>
		</geometry>
	</renderSet>
	<renderSet>
		<treatAsWorldSpaceObject>	false	</treatAsWorldSpaceObject>
		<node>	disc_cap	</node>
		<geometry>
			<vertices>	disc_cap_lod1Shape.vertices	</vertices>
			<primitive>	disc_cap_lod1Shape.indices	</primitive>
			<primitiveGroup>	0
				<material>
					<identifier>	TL2_SHIPMAT_PBS_Hull	</identifier>
					<mfm>	PnFMods/ModsSDK.zip/ASA898_AZUR_Hornet/aircraft/AAB700_North_American_B_25B_Mitchell.mfm	</mfm>
				</material>
			</primitiveGroup>
		</geometry>
	</renderSet>
	<renderSet>
		<treatAsWorldSpaceObject>	false	</treatAsWorldSpaceObject>
		<node>	disc	</node>
		<geometry>
			<vertices>	disc_lod1Shape.vertices	</vertices>
			<primitive>	disc_lod1Shape.indices	</primitive>
			<primitiveGroup>	0
				<material>
					<identifier>	PROPELLERMAT_propeller	</identifier>
					<mfm>	PnFMods/ModsSDK.zip/ASA898_AZUR_Hornet/aircraft/USA_Disk_3Blade_06_alpha.mfm	</mfm>
				</material>
			</primitiveGroup>
		</geometry>
	</renderSet>
	<renderSet>
		<treatAsWorldSpaceObject>	true	</treatAsWorldSpaceObject>
		<node>	elevator_1_BlendBone	</node>
		<node>	r_flaps_3_BlendBone	</node>
		<node>	r_flaps_2_BlendBone	</node>
		<node>	r_flaps_1_BlendBone	</node>
		<node>	rudder_2_BlendBone	</node>
		<node>	r_flaps_5_BlendBone	</node>
		<node>	r_flaps_4_BlendBone	</node>
		<node>	l_flaps_5_BlendBone	</node>
		<node>	l_flaps_4_BlendBone	</node>
		<node>	r_ailerone_1_BlendBone	</node>
		<node>	l_ailerone_1_BlendBone	</node>
		<node>	l_flaps_3_BlendBone	</node>
		<node>	l_flaps_2_BlendBone	</node>
		<node>	l_flaps_1_BlendBone	</node>
		<node>	Root_BlendBone	</node>
		<node>	rudder_1_BlendBone	</node>
		<geometry>
			<vertices>	hull_lod1Shape.vertices	</vertices>
			<primitive>	hull_lod1Shape.indices	</primitive>
			<primitiveGroup>	0
				<material>
					<identifier>	TL2_SHIPMAT_PBS_Hull_skinned	</identifier>
					<mfm>	PnFMods/ModsSDK.zip/ASA898_AZUR_Hornet/aircraft/AAB700_North_American_B_25B_Mitchell_skinned.mfm	</mfm>
				</material>
			</primitiveGroup>
		</geometry>
	</renderSet>
	<renderSet>
		<treatAsWorldSpaceObject>	false	</treatAsWorldSpaceObject>
		<node>	hull_wire	</node>
		<geometry>
			<vertices>	hull_wire_lod1Shape.vertices	</vertices>
			<primitive>	hull_wire_lod1Shape.indices	</primitive>
			<primitiveGroup>	0
				<material>
					<identifier>	TL2_SHIPWIRE_PBS_Hull	</identifier>
					<mfm>	PnFMods/ModsSDK.zip/ASA898_AZUR_Hornet/aircraft/AAB700_North_American_B_25B_Mitchell_wire.mfm	</mfm>
				</material>
			</primitiveGroup>
		</geometry>
	</renderSet>
	<renderSet>
		<treatAsWorldSpaceObject>	false	</treatAsWorldSpaceObject>
		<node>	mod_1	</node>
		<geometry>
			<vertices>	mod_1_lod1Shape.vertices	</vertices>
			<primitive>	mod_1_lod1Shape.indices	</primitive>
			<primitiveGroup>	0
				<material>
					<identifier>	TL2_SHIPMAT_PBS_Hull	</identifier>
					<mfm>	PnFMods/ModsSDK.zip/ASA898_AZUR_Hornet/aircraft/AAB700_North_American_B_25B_Mitchell.mfm	</mfm>
				</material>
			</primitiveGroup>
		</geometry>
	</renderSet>
	<renderSet>
		<treatAsWorldSpaceObject>	false	</treatAsWorldSpaceObject>
		<node>	mod	</node>
		<geometry>
			<vertices>	mod_lod1Shape.vertices	</vertices>
			<primitive>	mod_lod1Shape.indices	</primitive>
			<primitiveGroup>	0
				<material>
					<identifier>	TL2_SHIPMAT_PBS_Hull	</identifier>
					<mfm>	PnFMods/ModsSDK.zip/ASA898_AZUR_Hornet/aircraft/AAB700_North_American_B_25B_Mitchell.mfm	</mfm>
				</material>
			</primitiveGroup>
		</geometry>
	</renderSet>
	<boundingBox>
		<min>	-0.6865 0.0000 -0.9935	</min>
		<max>	0.6865 0.3366 0.1122	</max>
	</boundingBox>
</AAB700_North_American_B_25B_Mitchell_lod1.visual>
