<ISD011_Attilio_Regolo_1942_MidFront_ports.visual>
	<node>
		<identifier>	Scene Root	</identifier>
		<transform>
			<row0>	1.0000 0.0000 0.0000 0.0000	</row0>
			<row1>	0.0000 1.0000 0.0000 0.0000	</row1>
			<row2>	0.0000 0.0000 1.0000 0.0000	</row2>
			<row3>	0.0000 0.0000 0.0000 1.0000	</row3>
		</transform>
		<node>
			<identifier>	MidFront_ports	</identifier>
			<transform>
				<row0>	1.0000 0.0000 0.0000 0.0000	</row0>
				<row1>	0.0000 1.0000 0.0000 0.0000	</row1>
				<row2>	0.0000 0.0000 1.0000 0.0000	</row2>
				<row3>	0.0000 0.0000 0.0000 1.0000	</row3>
			</transform>
			<node>
				<identifier>	HP_FX_Death_1	</identifier>
				<transform>
					<row0>	1.0000 0.0000 0.0000 0.0000	</row0>
					<row1>	0.0000 1.0000 0.0000 0.0000	</row1>
					<row2>	0.0000 0.0000 1.0000 0.0000	</row2>
					<row3>	0.0000 0.0590 2.5238 1.0000	</row3>
				</transform>
			</node>
			<node>
				<identifier>	HP_FX_Fire_2	</identifier>
				<transform>
					<row0>	1.0000 0.0000 0.0000 0.0000	</row0>
					<row1>	0.0000 1.0000 0.0000 0.0000	</row1>
					<row2>	0.0000 0.0000 1.0000 0.0000	</row2>
					<row3>	0.0000 0.2535 0.6068 1.0000	</row3>
				</transform>
			</node>
			<node>
				<identifier>	HP_FX_Fire_2_side_1	</identifier>
				<transform>
					<row0>	1.0000 0.0000 0.0000 0.0000	</row0>
					<row1>	0.0000 1.0000 0.0000 0.0000	</row1>
					<row2>	0.0000 0.0000 1.0000 0.0000	</row2>
					<row3>	-0.3147 0.4749 2.4042 1.0000	</row3>
				</transform>
			</node>
			<node>
				<identifier>	HP_FX_Fire_2_side_2	</identifier>
				<transform>
					<row0>	1.0000 0.0000 0.0000 0.0000	</row0>
					<row1>	0.0000 1.0000 0.0000 0.0000	</row1>
					<row2>	0.0000 0.0000 1.0000 0.0000	</row2>
					<row3>	0.3288 0.4762 1.8389 1.0000	</row3>
				</transform>
			</node>
			<node>
				<identifier>	HP_FX_FloodLight_left_2	</identifier>
				<transform>
					<row0>	-1.0000 0.0000 0.0000 0.0000	</row0>
					<row1>	0.0000 1.0000 0.0000 0.0000	</row1>
					<row2>	0.0000 0.0000 -1.0000 0.0000	</row2>
					<row3>	-0.2646 0.5682 1.9527 1.0000	</row3>
				</transform>
			</node>
			<node>
				<identifier>	HP_FX_FloodLight_right_2	</identifier>
				<transform>
					<row0>	1.0000 0.0000 0.0000 0.0000	</row0>
					<row1>	0.0000 1.0000 0.0000 0.0000	</row1>
					<row2>	0.0000 0.0000 1.0000 0.0000	</row2>
					<row3>	0.2654 0.5617 1.9860 1.0000	</row3>
				</transform>
			</node>
			<node>
				<identifier>	HP_FX_Flood_steam_1	</identifier>
				<transform>
					<row0>	1.0000 0.0000 0.0000 0.0000	</row0>
					<row1>	0.0000 0.8666 -0.4989 0.0000	</row1>
					<row2>	0.0000 0.4989 0.8666 0.0000	</row2>
					<row3>	0.0069 0.9394 0.9402 1.0000	</row3>
				</transform>
			</node>
			<node>
				<identifier>	HP_FX_Flood_steam_2	</identifier>
				<transform>
					<row0>	0.9649 -0.2627 0.0000 0.0000	</row0>
					<row1>	0.2625 0.9639 0.0435 0.0000	</row1>
					<row2>	-0.0114 -0.0420 0.9990 0.0000	</row2>
					<row3>	-0.0180 0.9874 1.3494 1.0000	</row3>
				</transform>
			</node>
			<node>
				<identifier>	HP_FX_Flood_steam_left	</identifier>
				<transform>
					<row0>	-1.0000 0.0000 0.0000 0.0000	</row0>
					<row1>	0.0000 1.0000 0.0000 0.0000	</row1>
					<row2>	0.0000 0.0000 -1.0000 0.0000	</row2>
					<row3>	-0.3861 0.2601 2.6393 1.0000	</row3>
				</transform>
			</node>
			<node>
				<identifier>	HP_FX_Flood_water_left_2	</identifier>
				<transform>
					<row0>	-0.9998 0.0000 0.0181 0.0000	</row0>
					<row1>	0.0000 1.0000 0.0000 0.0000	</row1>
					<row2>	-0.0181 0.0000 -0.9998 0.0000	</row2>
					<row3>	-0.4584 0.0041 0.6670 1.0000	</row3>
				</transform>
			</node>
			<node>
				<identifier>	HP_FX_Flood_water_left_3	</identifier>
				<transform>
					<row0>	-0.9953 0.0000 0.0965 0.0000	</row0>
					<row1>	0.0000 1.0000 0.0000 0.0000	</row1>
					<row2>	-0.0965 0.0000 -0.9953 0.0000	</row2>
					<row3>	-0.3204 0.0038 2.4960 1.0000	</row3>
				</transform>
			</node>
			<node>
				<identifier>	HP_FX_Flood_water_right_2	</identifier>
				<transform>
					<row0>	0.9991 0.0000 0.0423 0.0000	</row0>
					<row1>	0.0000 1.0000 0.0000 0.0000	</row1>
					<row2>	-0.0423 0.0000 0.9991 0.0000	</row2>
					<row3>	0.4583 0.0038 0.6673 1.0000	</row3>
				</transform>
			</node>
			<node>
				<identifier>	HP_FX_Flood_water_right_3	</identifier>
				<transform>
					<row0>	0.9950 0.0000 0.0993 0.0000	</row0>
					<row1>	0.0000 1.0000 0.0000 0.0000	</row1>
					<row2>	-0.0993 0.0000 0.9950 0.0000	</row2>
					<row3>	0.3195 0.0046 2.4967 1.0000	</row3>
				</transform>
			</node>
			<node>
				<identifier>	HP_FX_Smoke_1	</identifier>
				<transform>
					<row0>	1.0000 0.0000 0.0000 0.0000	</row0>
					<row1>	0.0000 0.9925 -0.1224 0.0000	</row1>
					<row2>	0.0000 0.1224 0.9925 0.0000	</row2>
					<row3>	0.0000 1.0161 1.1747 1.0000	</row3>
				</transform>
			</node>
			<node>
				<identifier>	HP_Flagpole	</identifier>
				<transform>
					<row0>	0.8084 0.0000 0.0000 0.0000	</row0>
					<row1>	0.0000 0.8084 0.0000 0.0000	</row1>
					<row2>	0.0000 0.0000 0.8084 0.0000	</row2>
					<row3>	0.0000 1.9528 1.4223 1.0000	</row3>
				</transform>
			</node>
			<node>
				<identifier>	HP_ID_1	</identifier>
				<transform>
					<row0>	1.0000 0.0000 0.0000 0.0000	</row0>
					<row1>	0.0000 1.0000 0.0000 0.0000	</row1>
					<row2>	0.0000 0.0000 1.0000 0.0000	</row2>
					<row3>	0.0000 1.0237 2.0042 1.0000	</row3>
				</transform>
			</node>
			<node>
				<identifier>	HP_ID_2	</identifier>
				<transform>
					<row0>	0.0000 0.0000 1.0000 0.0000	</row0>
					<row1>	0.0000 1.0000 0.0000 0.0000	</row1>
					<row2>	-1.0000 0.0000 0.0000 0.0000	</row2>
					<row3>	-0.2234 0.7576 1.7969 1.0000	</row3>
				</transform>
			</node>
			<node>
				<identifier>	HP_ID_3	</identifier>
				<transform>
					<row0>	0.0000 0.0000 -1.0000 0.0000	</row0>
					<row1>	0.0000 1.0000 0.0000 0.0000	</row1>
					<row2>	1.0000 0.0000 0.0000 0.0000	</row2>
					<row3>	0.2234 0.7576 1.7969 1.0000	</row3>
				</transform>
			</node>
			<node>
				<identifier>	HP_IGA_1	</identifier>
				<transform>
					<row0>	0.0000 0.0000 -1.0000 0.0000	</row0>
					<row1>	0.0000 1.0000 0.0000 0.0000	</row1>
					<row2>	1.0000 0.0000 0.0000 0.0000	</row2>
					<row3>	0.3710 0.4647 1.7966 1.0000	</row3>
				</transform>
			</node>
			<node>
				<identifier>	HP_IGA_2	</identifier>
				<transform>
					<row0>	0.0000 0.0000 1.0000 0.0000	</row0>
					<row1>	0.0000 1.0000 0.0000 0.0000	</row1>
					<row2>	-1.0000 0.0000 0.0000 0.0000	</row2>
					<row3>	-0.3711 0.4651 1.7947 1.0000	</row3>
				</transform>
			</node>
			<node>
				<identifier>	HP_IGA_3	</identifier>
				<transform>
					<row0>	0.0000 0.0000 1.0000 0.0000	</row0>
					<row1>	0.0000 1.0000 0.0000 0.0000	</row1>
					<row2>	-1.0000 0.0000 0.0000 0.0000	</row2>
					<row3>	-0.3831 0.4525 1.3496 1.0000	</row3>
				</transform>
			</node>
			<node>
				<identifier>	HP_IGA_4	</identifier>
				<transform>
					<row0>	0.0000 0.0000 -1.0000 0.0000	</row0>
					<row1>	0.0000 1.0000 0.0000 0.0000	</row1>
					<row2>	1.0000 0.0000 0.0000 0.0000	</row2>
					<row3>	0.3831 0.4525 1.3496 1.0000	</row3>
				</transform>
			</node>
			<node>
				<identifier>	HP_IGA_5	</identifier>
				<transform>
					<row0>	0.0000 0.0000 1.0000 0.0000	</row0>
					<row1>	0.0000 1.0000 0.0000 0.0000	</row1>
					<row2>	-1.0000 0.0000 0.0000 0.0000	</row2>
					<row3>	-0.3897 0.4368 0.8850 1.0000	</row3>
				</transform>
			</node>
			<node>
				<identifier>	HP_IGA_6	</identifier>
				<transform>
					<row0>	0.0000 0.0000 -1.0000 0.0000	</row0>
					<row1>	0.0000 1.0000 0.0000 0.0000	</row1>
					<row2>	1.0000 0.0000 0.0000 0.0000	</row2>
					<row3>	0.3897 0.4368 0.8850 1.0000	</row3>
				</transform>
			</node>
			<node>
				<identifier>	HP_IGM_1	</identifier>
				<transform>
					<row0>	1.0000 0.0000 0.0000 0.0000	</row0>
					<row1>	0.0000 1.0000 0.0000 0.0000	</row1>
					<row2>	0.0000 0.0000 1.0000 0.0000	</row2>
					<row3>	0.0000 0.4024 3.2130 1.0000	</row3>
				</transform>
			</node>
			<node>
				<identifier>	HP_IGM_2	</identifier>
				<transform>
					<row0>	1.0000 0.0000 0.0000 0.0000	</row0>
					<row1>	0.0000 1.0000 0.0000 0.0000	</row1>
					<row2>	0.0000 0.0000 1.0000 0.0000	</row2>
					<row3>	0.0000 0.5433 2.7518 1.0000	</row3>
				</transform>
			</node>
			<node>
				<identifier>	HP_IGT_1	</identifier>
				<transform>
					<row0>	1.0000 0.0000 0.0000 0.0000	</row0>
					<row1>	0.0000 1.0000 0.0000 0.0000	</row1>
					<row2>	0.0000 0.0000 1.0000 0.0000	</row2>
					<row3>	0.0000 0.3021 0.3669 1.0000	</row3>
				</transform>
			</node>
			<node>
				<identifier>	HP_IRS_1	</identifier>
				<transform>
					<row0>	1.0000 0.0000 0.0000 0.0000	</row0>
					<row1>	0.0000 1.0000 0.0000 0.0000	</row1>
					<row2>	0.0000 0.0000 1.0000 0.0000	</row2>
					<row3>	0.0000 1.4618 1.6178 1.0000	</row3>
				</transform>
			</node>
			<node>
				<identifier>	HP_flag_1	</identifier>
				<transform>
					<row0>	0.9999 0.0154 -0.0016 0.0000	</row0>
					<row1>	-0.0154 0.9798 -0.1995 0.0000	</row1>
					<row2>	-0.0016 0.1995 0.9799 0.0000	</row2>
					<row3>	0.1071 1.6592 1.4670 1.0000	</row3>
				</transform>
			</node>
			<node>
				<identifier>	HP_flag_2	</identifier>
				<transform>
					<row0>	0.9999 -0.0154 0.0016 0.0000	</row0>
					<row1>	0.0154 0.9798 -0.1995 0.0000	</row1>
					<row2>	0.0016 0.1995 0.9799 0.0000	</row2>
					<row3>	-0.1080 1.6589 1.4663 1.0000	</row3>
				</transform>
			</node>
			<node>
				<identifier>	HP_flag_3	</identifier>
				<transform>
					<row0>	0.9984 0.0566 -0.0057 0.0000	</row0>
					<row1>	-0.0566 0.9783 -0.1993 0.0000	</row1>
					<row2>	-0.0057 0.1993 0.9799 0.0000	</row2>
					<row3>	0.0589 1.6585 1.4663 1.0000	</row3>
				</transform>
			</node>
			<node>
				<identifier>	HP_flag_4	</identifier>
				<transform>
					<row0>	0.9984 -0.0566 0.0057 0.0000	</row0>
					<row1>	0.0566 0.9783 -0.1993 0.0000	</row1>
					<row2>	0.0057 0.1993 0.9799 0.0000	</row2>
					<row3>	-0.0589 1.6585 1.4663 1.0000	</row3>
				</transform>
			</node>
			<node>
				<identifier>	HP_flag_courtesy	</identifier>
				<transform>
					<row0>	0.9994 -0.0352 0.0035 0.0000	</row0>
					<row1>	0.0352 0.9793 -0.1994 0.0000	</row1>
					<row2>	0.0035 0.1994 0.9799 0.0000	</row2>
					<row3>	0.1676 1.6860 1.4611 1.0000	</row3>
				</transform>
			</node>
			<node>
				<identifier>	HP_flag_house	</identifier>
				<transform>
					<row0>	0.9994 0.0352 -0.0035 0.0000	</row0>
					<row1>	-0.0352 0.9793 -0.1994 0.0000	</row1>
					<row2>	-0.0035 0.1994 0.9799 0.0000	</row2>
					<row3>	-0.1676 1.6860 1.4611 1.0000	</row3>
				</transform>
			</node>
			<node>
				<identifier>	HP_flag_rank	</identifier>
				<transform>
					<row0>	0.9992 -0.0396 0.0052 0.0000	</row0>
					<row1>	0.0396 0.9647 -0.2605 0.0000	</row1>
					<row2>	0.0052 0.2605 0.9655 0.0000	</row2>
					<row3>	-0.0275 1.9425 1.3349 1.0000	</row3>
				</transform>
			</node>
			<node>
				<identifier>	MP_CM029_Emergency_Box	</identifier>
				<transform>
					<row0>	0.0409 0.0000 -0.9992 0.0000	</row0>
					<row1>	0.0000 1.0000 0.0000 0.0000	</row1>
					<row2>	0.9992 0.0000 0.0409 0.0000	</row2>
					<row3>	-0.1600 0.8154 2.0071 1.0000	</row3>
				</transform>
			</node>
			<node>
				<identifier>	MP_CM029_Emergency_Box_INDEX_1	</identifier>
				<transform>
					<row0>	0.0000 0.0000 -1.0000 0.0000	</row0>
					<row1>	0.0000 1.0000 0.0000 0.0000	</row1>
					<row2>	1.0000 0.0000 0.0000 0.0000	</row2>
					<row3>	-0.2097 0.4035 2.8365 1.0000	</row3>
				</transform>
			</node>
			<node>
				<identifier>	MP_CM029_Emergency_Box_INDEX_2	</identifier>
				<transform>
					<row0>	0.0000 0.0000 -1.0000 0.0000	</row0>
					<row1>	0.0000 1.0000 0.0000 0.0000	</row1>
					<row2>	1.0000 0.0000 0.0000 0.0000	</row2>
					<row3>	-0.2050 0.5212 1.6274 1.0000	</row3>
				</transform>
			</node>
			<node>
				<identifier>	MP_CM029_Emergency_Box_INDEX_3	</identifier>
				<transform>
					<row0>	0.0409 0.0000 0.9992 0.0000	</row0>
					<row1>	0.0000 1.0000 0.0000 0.0000	</row1>
					<row2>	-0.9992 0.0000 0.0409 0.0000	</row2>
					<row3>	0.1600 0.8154 2.0071 1.0000	</row3>
				</transform>
			</node>
			<node>
				<identifier>	MP_CM029_Emergency_Box_INDEX_4	</identifier>
				<transform>
					<row0>	0.0000 0.0000 1.0000 0.0000	</row0>
					<row1>	0.0000 1.0000 0.0000 0.0000	</row1>
					<row2>	-1.0000 0.0000 0.0000 0.0000	</row2>
					<row3>	0.2097 0.4035 2.8365 1.0000	</row3>
				</transform>
			</node>
			<node>
				<identifier>	MP_CM029_Emergency_Box_INDEX_5	</identifier>
				<transform>
					<row0>	0.7991 0.0000 0.6012 0.0000	</row0>
					<row1>	0.0000 1.0000 0.0000 0.0000	</row1>
					<row2>	-0.6012 0.0000 0.7991 0.0000	</row2>
					<row3>	0.0554 0.9933 1.9312 1.0000	</row3>
				</transform>
			</node>
			<node>
				<identifier>	MP_CM029_Emergency_Box_INDEX_6	</identifier>
				<transform>
					<row0>	0.0000 0.0000 1.0000 0.0000	</row0>
					<row1>	0.0000 1.0000 0.0000 0.0000	</row1>
					<row2>	-1.0000 0.0000 0.0000 0.0000	</row2>
					<row3>	0.2050 0.5212 1.6274 1.0000	</row3>
				</transform>
			</node>
			<node>
				<identifier>	MP_CM060_Flag_Box	</identifier>
				<transform>
					<row0>	0.5986 0.0000 0.0000 0.0000	</row0>
					<row1>	0.0000 0.5986 0.0000 0.0000	</row1>
					<row2>	0.0000 0.0000 0.5986 0.0000	</row2>
					<row3>	-0.0966 0.8048 1.6286 1.0000	</row3>
				</transform>
			</node>
			<node>
				<identifier>	MP_CM060_Flag_Box_INDEX_1	</identifier>
				<transform>
					<row0>	0.5986 0.0000 0.0000 0.0000	</row0>
					<row1>	0.0000 0.5986 0.0000 0.0000	</row1>
					<row2>	0.0000 0.0000 0.5986 0.0000	</row2>
					<row3>	0.0966 0.8048 1.6286 1.0000	</row3>
				</transform>
			</node>
			<node>
				<identifier>	MP_CM088_Swab_Rack	</identifier>
				<transform>
					<row0>	0.0000 0.0000 -1.0000 0.0000	</row0>
					<row1>	0.0000 1.0000 0.0000 0.0000	</row1>
					<row2>	1.0000 0.0000 0.0000 0.0000	</row2>
					<row3>	0.0365 0.6032 1.6411 1.0000	</row3>
				</transform>
			</node>
			<node>
				<identifier>	MP_CM088_Swab_Rack_INDEX_1	</identifier>
				<transform>
					<row0>	0.0000 0.0000 1.0000 0.0000	</row0>
					<row1>	0.0000 1.0000 0.0000 0.0000	</row1>
					<row2>	-1.0000 0.0000 0.0000 0.0000	</row2>
					<row3>	-0.1410 0.2793 0.1072 1.0000	</row3>
				</transform>
			</node>
			<node>
				<identifier>	MP_IM001_Paramine_Tipo_C	</identifier>
				<transform>
					<row0>	0.0000 -1.0000 0.0000 0.0000	</row0>
					<row1>	1.0000 0.0000 0.0000 0.0000	</row1>
					<row2>	0.0000 0.0000 1.0000 0.0000	</row2>
					<row3>	0.2067 0.5242 1.3902 1.0000	</row3>
				</transform>
			</node>
			<node>
				<identifier>	MP_IM001_Paramine_Tipo_C_INDEX_1	</identifier>
				<transform>
					<row0>	0.0000 1.0000 0.0000 0.0000	</row0>
					<row1>	-1.0000 0.0000 0.0000 0.0000	</row1>
					<row2>	0.0000 0.0000 1.0000 0.0000	</row2>
					<row3>	-0.2067 0.5242 1.3902 1.0000	</row3>
				</transform>
			</node>
			<node>
				<identifier>	MP_IM021_Turtle	</identifier>
				<transform>
					<row0>	0.0000 0.0000 1.0000 0.0000	</row0>
					<row1>	0.0000 1.0000 0.0000 0.0000	</row1>
					<row2>	-1.0000 0.0000 0.0000 0.0000	</row2>
					<row3>	-0.2605 0.5120 1.9952 1.0000	</row3>
				</transform>
			</node>
			<node>
				<identifier>	MP_IM021_Turtle_INDEX_1	</identifier>
				<transform>
					<row0>	0.0000 0.0000 1.0000 0.0000	</row0>
					<row1>	0.0000 1.0000 0.0000 0.0000	</row1>
					<row2>	-1.0000 0.0000 0.0000 0.0000	</row2>
					<row3>	-0.1982 0.5112 1.5641 1.0000	</row3>
				</transform>
			</node>
			<node>
				<identifier>	MP_IM021_Turtle_INDEX_10	</identifier>
				<transform>
					<row0>	-0.0713 0.0000 -0.9975 0.0000	</row0>
					<row1>	0.0000 1.0000 0.0000 0.0000	</row1>
					<row2>	0.9975 0.0000 -0.0713 0.0000	</row2>
					<row3>	0.1508 0.8286 1.9686 1.0000	</row3>
				</transform>
			</node>
			<node>
				<identifier>	MP_IM021_Turtle_INDEX_11	</identifier>
				<transform>
					<row0>	-0.1734 0.0000 -0.9848 0.0000	</row0>
					<row1>	0.0000 1.0000 0.0000 0.0000	</row1>
					<row2>	0.9848 0.0000 -0.1734 0.0000	</row2>
					<row3>	0.1473 0.8286 1.9492 1.0000	</row3>
				</transform>
			</node>
			<node>
				<identifier>	MP_IM021_Turtle_INDEX_12	</identifier>
				<transform>
					<row0>	0.0000 0.0000 1.0000 0.0000	</row0>
					<row1>	0.0000 1.0000 0.0000 0.0000	</row1>
					<row2>	-1.0000 0.0000 0.0000 0.0000	</row2>
					<row3>	-0.2605 0.5120 1.9777 1.0000	</row3>
				</transform>
			</node>
			<node>
				<identifier>	MP_IM021_Turtle_INDEX_13	</identifier>
				<transform>
					<row0>	0.0000 0.0000 -1.0000 0.0000	</row0>
					<row1>	0.0000 1.0000 0.0000 0.0000	</row1>
					<row2>	1.0000 0.0000 0.0000 0.0000	</row2>
					<row3>	0.2605 0.5120 1.9777 1.0000	</row3>
				</transform>
			</node>
			<node>
				<identifier>	MP_IM021_Turtle_INDEX_14	</identifier>
				<transform>
					<row0>	-0.1701 0.0000 -0.9854 0.0000	</row0>
					<row1>	0.0000 1.0000 0.0000 0.0000	</row1>
					<row2>	0.9854 0.0000 -0.1701 0.0000	</row2>
					<row3>	0.1490 0.8108 1.9586 1.0000	</row3>
				</transform>
			</node>
			<node>
				<identifier>	MP_IM021_Turtle_INDEX_15	</identifier>
				<transform>
					<row0>	0.0000 0.0000 -1.0000 0.0000	</row0>
					<row1>	0.0000 1.0000 0.0000 0.0000	</row1>
					<row2>	1.0000 0.0000 0.0000 0.0000	</row2>
					<row3>	0.1982 0.5253 1.5811 1.0000	</row3>
				</transform>
			</node>
			<node>
				<identifier>	MP_IM021_Turtle_INDEX_16	</identifier>
				<transform>
					<row0>	0.0000 0.0000 1.0000 0.0000	</row0>
					<row1>	0.0000 1.0000 0.0000 0.0000	</row1>
					<row2>	-1.0000 0.0000 0.0000 0.0000	</row2>
					<row3>	-0.2605 0.5120 1.9603 1.0000	</row3>
				</transform>
			</node>
			<node>
				<identifier>	MP_IM021_Turtle_INDEX_17	</identifier>
				<transform>
					<row0>	-0.0713 0.0000 0.9975 0.0000	</row0>
					<row1>	0.0000 1.0000 0.0000 0.0000	</row1>
					<row2>	-0.9975 0.0000 -0.0713 0.0000	</row2>
					<row3>	-0.1508 0.8283 1.9667 1.0000	</row3>
				</transform>
			</node>
			<node>
				<identifier>	MP_IM021_Turtle_INDEX_2	</identifier>
				<transform>
					<row0>	0.0000 0.0000 1.0000 0.0000	</row0>
					<row1>	0.0000 1.0000 0.0000 0.0000	</row1>
					<row2>	-1.0000 0.0000 0.0000 0.0000	</row2>
					<row3>	-0.1982 0.5118 1.5991 1.0000	</row3>
				</transform>
			</node>
			<node>
				<identifier>	MP_IM021_Turtle_INDEX_3	</identifier>
				<transform>
					<row0>	0.0000 0.0000 -1.0000 0.0000	</row0>
					<row1>	0.0000 1.0000 0.0000 0.0000	</row1>
					<row2>	1.0000 0.0000 0.0000 0.0000	</row2>
					<row3>	0.1982 0.5253 1.5620 1.0000	</row3>
				</transform>
			</node>
			<node>
				<identifier>	MP_IM021_Turtle_INDEX_4	</identifier>
				<transform>
					<row0>	0.0000 0.0000 -1.0000 0.0000	</row0>
					<row1>	0.0000 1.0000 0.0000 0.0000	</row1>
					<row2>	1.0000 0.0000 0.0000 0.0000	</row2>
					<row3>	0.2605 0.5120 1.9952 1.0000	</row3>
				</transform>
			</node>
			<node>
				<identifier>	MP_IM021_Turtle_INDEX_5	</identifier>
				<transform>
					<row0>	0.0000 0.0000 -1.0000 0.0000	</row0>
					<row1>	0.0000 1.0000 0.0000 0.0000	</row1>
					<row2>	1.0000 0.0000 0.0000 0.0000	</row2>
					<row3>	0.2605 0.5120 1.9603 1.0000	</row3>
				</transform>
			</node>
			<node>
				<identifier>	MP_IM021_Turtle_INDEX_6	</identifier>
				<transform>
					<row0>	0.0000 0.0000 1.0000 0.0000	</row0>
					<row1>	0.0000 1.0000 0.0000 0.0000	</row1>
					<row2>	-1.0000 0.0000 0.0000 0.0000	</row2>
					<row3>	-0.1982 0.5114 1.5816 1.0000	</row3>
				</transform>
			</node>
			<node>
				<identifier>	MP_IM021_Turtle_INDEX_7	</identifier>
				<transform>
					<row0>	-0.1734 0.0000 0.9848 0.0000	</row0>
					<row1>	0.0000 1.0000 0.0000 0.0000	</row1>
					<row2>	-0.9848 0.0000 -0.1734 0.0000	</row2>
					<row3>	-0.1473 0.8283 1.9480 1.0000	</row3>
				</transform>
			</node>
			<node>
				<identifier>	MP_IM021_Turtle_INDEX_8	</identifier>
				<transform>
					<row0>	-0.1701 0.0000 0.9854 0.0000	</row0>
					<row1>	0.0000 1.0000 0.0000 0.0000	</row1>
					<row2>	-0.9854 0.0000 -0.1701 0.0000	</row2>
					<row3>	-0.1490 0.8110 1.9579 1.0000	</row3>
				</transform>
			</node>
			<node>
				<identifier>	MP_IM021_Turtle_INDEX_9	</identifier>
				<transform>
					<row0>	0.0000 0.0000 -1.0000 0.0000	</row0>
					<row1>	0.0000 1.0000 0.0000 0.0000	</row1>
					<row2>	1.0000 0.0000 0.0000 0.0000	</row2>
					<row3>	0.1982 0.5080 1.5716 1.0000	</row3>
				</transform>
			</node>
			<node>
				<identifier>	MP_IM031_Fire_Fighting	</identifier>
				<transform>
					<row0>	0.0000 0.0000 1.0000 0.0000	</row0>
					<row1>	0.0000 1.0000 0.0000 0.0000	</row1>
					<row2>	-1.0000 0.0000 0.0000 0.0000	</row2>
					<row3>	-0.2735 0.4665 2.0261 1.0000	</row3>
				</transform>
			</node>
			<node>
				<identifier>	MP_IM031_Fire_Fighting_INDEX_1	</identifier>
				<transform>
					<row0>	0.0000 0.0000 -1.0000 0.0000	</row0>
					<row1>	0.0000 1.0000 0.0000 0.0000	</row1>
					<row2>	1.0000 0.0000 0.0000 0.0000	</row2>
					<row3>	0.2735 0.4665 2.0261 1.0000	</row3>
				</transform>
			</node>
			<node>
				<identifier>	MP_IM031_Fire_Fighting_INDEX_2	</identifier>
				<transform>
					<row0>	1.0000 0.0000 0.0000 0.0000	</row0>
					<row1>	0.0000 1.0000 0.0000 0.0000	</row1>
					<row2>	0.0000 0.0000 1.0000 0.0000	</row2>
					<row3>	-0.1994 0.3480 2.9733 1.0000	</row3>
				</transform>
			</node>
			<node>
				<identifier>	MP_IM032_Fire_Hose	</identifier>
				<transform>
					<row0>	0.0000 0.0000 1.0000 0.0000	</row0>
					<row1>	0.0000 1.0000 0.0000 0.0000	</row1>
					<row2>	-1.0000 0.0000 0.0000 0.0000	</row2>
					<row3>	-0.2641 0.5086 2.0695 1.0000	</row3>
				</transform>
			</node>
			<node>
				<identifier>	MP_IM032_Fire_Hose_INDEX_1	</identifier>
				<transform>
					<row0>	0.0000 0.0000 -1.0000 0.0000	</row0>
					<row1>	0.0000 1.0000 0.0000 0.0000	</row1>
					<row2>	1.0000 0.0000 0.0000 0.0000	</row2>
					<row3>	0.2641 0.5086 2.0695 1.0000	</row3>
				</transform>
			</node>
			<node>
				<identifier>	MP_IM032_Fire_Hose_INDEX_2	</identifier>
				<transform>
					<row0>	1.0000 0.0000 0.0000 0.0000	</row0>
					<row1>	0.0000 1.0000 0.0000 0.0000	</row1>
					<row2>	0.0000 0.0000 1.0000 0.0000	</row2>
					<row3>	-0.1601 0.3902 2.9667 1.0000	</row3>
				</transform>
			</node>
			<node>
				<identifier>	MP_IM033_Life_Buoy	</identifier>
				<transform>
					<row0>	-0.0723 0.0000 -0.9974 0.0000	</row0>
					<row1>	0.0000 1.0000 0.0000 0.0000	</row1>
					<row2>	0.9974 0.0000 -0.0723 0.0000	</row2>
					<row3>	-0.1493 0.9842 2.1655 1.0000	</row3>
				</transform>
			</node>
			<node>
				<identifier>	MP_IM033_Life_Buoy_INDEX_1	</identifier>
				<transform>
					<row0>	-0.0723 0.0000 0.9974 0.0000	</row0>
					<row1>	0.0000 1.0000 0.0000 0.0000	</row1>
					<row2>	-0.9974 0.0000 -0.0723 0.0000	</row2>
					<row3>	0.1493 0.9842 2.1655 1.0000	</row3>
				</transform>
			</node>
			<node>
				<identifier>	MP_IM033_Life_Buoy_INDEX_2	</identifier>
				<transform>
					<row0>	-0.3684 0.0000 0.9297 0.0000	</row0>
					<row1>	0.0000 1.0000 0.0000 0.0000	</row1>
					<row2>	-0.9297 0.0000 -0.3684 0.0000	</row2>
					<row3>	0.2155 0.8368 2.2952 1.0000	</row3>
				</transform>
			</node>
			<node>
				<identifier>	MP_IM033_Life_Buoy_INDEX_3	</identifier>
				<transform>
					<row0>	-0.3684 0.0000 -0.9297 0.0000	</row0>
					<row1>	0.0000 1.0000 0.0000 0.0000	</row1>
					<row2>	0.9297 0.0000 -0.3684 0.0000	</row2>
					<row3>	-0.2155 0.8368 2.2952 1.0000	</row3>
				</transform>
			</node>
			<node>
				<identifier>	MP_IM505_Baltello_M4_5	</identifier>
				<transform>
					<row0>	1.0000 0.0000 0.0000 0.0000	</row0>
					<row1>	0.0000 1.0000 0.0000 0.0000	</row1>
					<row2>	0.0000 0.0000 1.0000 0.0000	</row2>
					<row3>	0.0000 0.4861 0.5463 1.0000	</row3>
				</transform>
			</node>
			<node>
				<identifier>	MP_IM528_Zatterino_3_5m	</identifier>
				<transform>
					<row0>	1.0000 0.0000 0.0000 0.0000	</row0>
					<row1>	0.0000 1.0000 0.0000 0.0000	</row1>
					<row2>	0.0000 0.0000 1.0000 0.0000	</row2>
					<row3>	-0.1288 0.4867 0.2557 1.0000	</row3>
				</transform>
			</node>
			<node>
				<identifier>	MP_IM546_Motoscafo_7_5m	</identifier>
				<transform>
					<row0>	1.0000 0.0000 0.0000 0.0000	</row0>
					<row1>	0.0000 1.0000 0.0000 0.0000	</row1>
					<row2>	0.0000 0.0000 1.0000 0.0000	</row2>
					<row3>	0.1618 0.5230 0.6330 1.0000	</row3>
				</transform>
			</node>
			<node>
				<identifier>	MP_IM546_Motoscafo_7_5m_INDEX_1	</identifier>
				<transform>
					<row0>	1.0000 0.0000 0.0000 0.0000	</row0>
					<row1>	0.0000 1.0000 0.0000 0.0000	</row1>
					<row2>	0.0000 0.0000 1.0000 0.0000	</row2>
					<row3>	-0.1618 0.5230 0.6330 1.0000	</row3>
				</transform>
			</node>
			<node>
				<identifier>	MP_IM600_Pelorus	</identifier>
				<transform>
					<row0>	0.0000 0.0000 -1.0000 0.0000	</row0>
					<row1>	0.0000 1.0000 0.0000 0.0000	</row1>
					<row2>	1.0000 0.0000 0.0000 0.0000	</row2>
					<row3>	0.2218 0.7547 2.2101 1.0000	</row3>
				</transform>
			</node>
			<node>
				<identifier>	MP_IM600_Pelorus_INDEX_1	</identifier>
				<transform>
					<row0>	0.0000 0.0000 1.0000 0.0000	</row0>
					<row1>	0.0000 1.0000 0.0000 0.0000	</row1>
					<row2>	-1.0000 0.0000 0.0000 0.0000	</row2>
					<row3>	-0.2218 0.7547 2.2101 1.0000	</row3>
				</transform>
			</node>
			<node>
				<identifier>	MP_IM607_Pelorus_mini	</identifier>
				<transform>
					<row0>	1.0000 0.0000 0.0000 0.0000	</row0>
					<row1>	0.0000 1.0000 0.0000 0.0000	</row1>
					<row2>	0.0000 0.0000 1.0000 0.0000	</row2>
					<row3>	0.0000 0.9652 2.3313 1.0000	</row3>
				</transform>
			</node>
			<node>
				<identifier>	MP_IM608_Antenna	</identifier>
				<transform>
					<row0>	1.0000 0.0000 0.0000 0.0000	</row0>
					<row1>	0.0000 1.0000 0.0000 0.0000	</row1>
					<row2>	0.0000 0.0000 1.0000 0.0000	</row2>
					<row3>	0.0000 0.9659 2.4065 1.0000	</row3>
				</transform>
			</node>
			<node>
				<identifier>	MP_IM609_VCU	</identifier>
				<transform>
					<row0>	0.0000 0.0000 -1.0000 0.0000	</row0>
					<row1>	0.0000 1.0000 0.0000 0.0000	</row1>
					<row2>	1.0000 0.0000 0.0000 0.0000	</row2>
					<row3>	0.2415 0.7538 1.9510 1.0000	</row3>
				</transform>
			</node>
			<node>
				<identifier>	MP_IM609_VCU_INDEX_1	</identifier>
				<transform>
					<row0>	-1.0000 0.0000 0.0000 0.0000	</row0>
					<row1>	0.0000 1.0000 0.0000 0.0000	</row1>
					<row2>	0.0000 0.0000 -1.0000 0.0000	</row2>
					<row3>	0.2283 0.7544 1.6839 1.0000	</row3>
				</transform>
			</node>
			<node>
				<identifier>	MP_IM609_VCU_INDEX_2	</identifier>
				<transform>
					<row0>	-1.0000 0.0000 0.0000 0.0000	</row0>
					<row1>	0.0000 1.0000 0.0000 0.0000	</row1>
					<row2>	0.0000 0.0000 -1.0000 0.0000	</row2>
					<row3>	-0.2283 0.7544 1.6839 1.0000	</row3>
				</transform>
			</node>
			<node>
				<identifier>	MP_IM609_VCU_INDEX_3	</identifier>
				<transform>
					<row0>	0.0000 0.0000 1.0000 0.0000	</row0>
					<row1>	0.0000 1.0000 0.0000 0.0000	</row1>
					<row2>	-1.0000 0.0000 0.0000 0.0000	</row2>
					<row3>	-0.2415 0.7538 1.9510 1.0000	</row3>
				</transform>
			</node>
			<node>
				<identifier>	MP_IM613_Anemometer	</identifier>
				<transform>
					<row0>	1.0000 0.0000 0.0000 0.0000	</row0>
					<row1>	0.0000 1.0000 0.0000 0.0000	</row1>
					<row2>	0.0000 0.0000 1.0000 0.0000	</row2>
					<row3>	0.0000 1.7079 1.4920 1.0000	</row3>
				</transform>
			</node>
			<node>
				<identifier>	MP_IM614_Night_Director	</identifier>
				<transform>
					<row0>	0.0000 0.0000 1.0000 0.0000	</row0>
					<row1>	0.0000 1.0000 0.0000 0.0000	</row1>
					<row2>	-1.0000 0.0000 0.0000 0.0000	</row2>
					<row3>	-0.2415 0.7538 2.0764 1.0000	</row3>
				</transform>
			</node>
			<node>
				<identifier>	MP_IM614_Night_Director_INDEX_1	</identifier>
				<transform>
					<row0>	0.0000 0.0000 -1.0000 0.0000	</row0>
					<row1>	0.0000 1.0000 0.0000 0.0000	</row1>
					<row2>	1.0000 0.0000 0.0000 0.0000	</row2>
					<row3>	0.2415 0.7538 2.0764 1.0000	</row3>
				</transform>
			</node>
			<node>
				<identifier>	MP_IM622_Telephone	</identifier>
				<transform>
					<row0>	0.0701 0.0000 0.9975 0.0000	</row0>
					<row1>	0.0000 1.0000 0.0000 0.0000	</row1>
					<row2>	-0.9975 0.0000 0.0701 0.0000	</row2>
					<row3>	-0.1365 0.9890 2.2535 1.0000	</row3>
				</transform>
			</node>
			<node>
				<identifier>	MP_IM622_Telephone_INDEX_1	</identifier>
				<transform>
					<row0>	0.0827 0.0000 0.9966 0.0000	</row0>
					<row1>	0.0000 1.0000 0.0000 0.0000	</row1>
					<row2>	-0.9966 0.0000 0.0827 0.0000	</row2>
					<row3>	-0.1391 0.9890 2.2245 1.0000	</row3>
				</transform>
			</node>
			<node>
				<identifier>	MP_IM622_Telephone_INDEX_2	</identifier>
				<transform>
					<row0>	0.0827 0.0000 -0.9966 0.0000	</row0>
					<row1>	0.0000 1.0000 0.0000 0.0000	</row1>
					<row2>	0.9966 0.0000 0.0827 0.0000	</row2>
					<row3>	0.1391 0.9890 2.2245 1.0000	</row3>
				</transform>
			</node>
			<node>
				<identifier>	MP_IM622_Telephone_INDEX_3	</identifier>
				<transform>
					<row0>	0.0701 0.0000 -0.9975 0.0000	</row0>
					<row1>	0.0000 1.0000 0.0000 0.0000	</row1>
					<row2>	0.9975 0.0000 0.0701 0.0000	</row2>
					<row3>	0.1365 0.9890 2.2535 1.0000	</row3>
				</transform>
			</node>
			<node>
				<identifier>	MP_IM623_Voice_Tube	</identifier>
				<transform>
					<row0>	0.3827 0.0000 -0.9239 0.0000	</row0>
					<row1>	0.0000 1.0000 0.0000 0.0000	</row1>
					<row2>	0.9239 0.0000 0.3827 0.0000	</row2>
					<row3>	0.2172 0.7541 2.2649 1.0000	</row3>
				</transform>
			</node>
			<node>
				<identifier>	MP_IM623_Voice_Tube_INDEX_1	</identifier>
				<transform>
					<row0>	1.0000 0.0000 0.0000 0.0000	</row0>
					<row1>	0.0000 1.0000 0.0000 0.0000	</row1>
					<row2>	0.0000 0.0000 1.0000 0.0000	</row2>
					<row3>	-0.1076 0.9087 2.3348 1.0000	</row3>
				</transform>
			</node>
			<node>
				<identifier>	MP_IM623_Voice_Tube_INDEX_2	</identifier>
				<transform>
					<row0>	-0.3827 0.0000 -0.9239 0.0000	</row0>
					<row1>	0.0000 1.0000 0.0000 0.0000	</row1>
					<row2>	0.9239 0.0000 -0.3827 0.0000	</row2>
					<row3>	0.1250 0.9164 1.8947 1.0000	</row3>
				</transform>
			</node>
			<node>
				<identifier>	MP_IM623_Voice_Tube_INDEX_3	</identifier>
				<transform>
					<row0>	0.0000 0.0000 1.0000 0.0000	</row0>
					<row1>	0.0000 1.0000 0.0000 0.0000	</row1>
					<row2>	-1.0000 0.0000 0.0000 0.0000	</row2>
					<row3>	-0.2774 0.7527 1.9271 1.0000	</row3>
				</transform>
			</node>
			<node>
				<identifier>	MP_IM623_Voice_Tube_INDEX_4	</identifier>
				<transform>
					<row0>	0.3827 0.0000 0.9239 0.0000	</row0>
					<row1>	0.0000 1.0000 0.0000 0.0000	</row1>
					<row2>	-0.9239 0.0000 0.3827 0.0000	</row2>
					<row3>	-0.2172 0.7541 2.2649 1.0000	</row3>
				</transform>
			</node>
			<node>
				<identifier>	MP_IM623_Voice_Tube_INDEX_5	</identifier>
				<transform>
					<row0>	-0.3827 0.0000 0.9239 0.0000	</row0>
					<row1>	0.0000 1.0000 0.0000 0.0000	</row1>
					<row2>	-0.9239 0.0000 -0.3827 0.0000	</row2>
					<row3>	-0.1250 0.9164 1.8947 1.0000	</row3>
				</transform>
			</node>
			<node>
				<identifier>	MP_IM623_Voice_Tube_INDEX_6	</identifier>
				<transform>
					<row0>	1.0000 0.0000 0.0000 0.0000	</row0>
					<row1>	0.0000 1.0000 0.0000 0.0000	</row1>
					<row2>	0.0000 0.0000 1.0000 0.0000	</row2>
					<row3>	0.0920 0.9087 2.3348 1.0000	</row3>
				</transform>
			</node>
			<node>
				<identifier>	MP_IM623_Voice_Tube_INDEX_7	</identifier>
				<transform>
					<row0>	0.0000 0.0000 -1.0000 0.0000	</row0>
					<row1>	0.0000 1.0000 0.0000 0.0000	</row1>
					<row2>	1.0000 0.0000 0.0000 0.0000	</row2>
					<row3>	0.2774 0.7527 1.9271 1.0000	</row3>
				</transform>
			</node>
			<node>
				<identifier>	MP_IM624_Compass	</identifier>
				<transform>
					<row0>	1.0000 0.0000 0.0000 0.0000	</row0>
					<row1>	0.0000 1.0000 0.0000 0.0000	</row1>
					<row2>	0.0000 0.0000 1.0000 0.0000	</row2>
					<row3>	0.0000 0.7592 2.2939 1.0000	</row3>
				</transform>
			</node>
			<node>
				<identifier>	MP_IM626_Compass_Binnacle	</identifier>
				<transform>
					<row0>	-1.0000 0.0000 0.0000 0.0000	</row0>
					<row1>	0.0000 1.0000 0.0000 0.0000	</row1>
					<row2>	0.0000 0.0000 -1.0000 0.0000	</row2>
					<row3>	0.0000 0.7565 1.4965 1.0000	</row3>
				</transform>
			</node>
			<node>
				<identifier>	MP_IM854_Running_Lights_R	</identifier>
				<transform>
					<row0>	1.0000 0.0000 0.0000 0.0000	</row0>
					<row1>	0.0000 1.0000 0.0000 0.0000	</row1>
					<row2>	0.0000 0.0000 1.0000 0.0000	</row2>
					<row3>	0.3617 0.7561 1.7969 1.0000	</row3>
				</transform>
			</node>
			<node>
				<identifier>	MP_IM855_Running_Lights_L	</identifier>
				<transform>
					<row0>	1.0000 0.0000 0.0000 0.0000	</row0>
					<row1>	0.0000 1.0000 0.0000 0.0000	</row1>
					<row2>	0.0000 0.0000 1.0000 0.0000	</row2>
					<row3>	-0.3617 0.7547 1.7969 1.0000	</row3>
				</transform>
			</node>
			<node>
				<identifier>	MP_IM856_Signal_light_40mm	</identifier>
				<transform>
					<row0>	0.0000 0.0000 1.0000 0.0000	</row0>
					<row1>	0.0000 1.0000 0.0000 0.0000	</row1>
					<row2>	-1.0000 0.0000 0.0000 0.0000	</row2>
					<row3>	0.1843 0.9164 1.9936 1.0000	</row3>
				</transform>
			</node>
			<node>
				<identifier>	MP_IM856_Signal_light_40mm_INDEX_1	</identifier>
				<transform>
					<row0>	0.0000 0.0000 -1.0000 0.0000	</row0>
					<row1>	0.0000 1.0000 0.0000 0.0000	</row1>
					<row2>	1.0000 0.0000 0.0000 0.0000	</row2>
					<row3>	-0.1843 0.9164 1.9936 1.0000	</row3>
				</transform>
			</node>
			<node>
				<identifier>	MP_IM858_Signal_light_40mm	</identifier>
				<transform>
					<row0>	0.0000 0.0000 1.0000 0.0000	</row0>
					<row1>	0.0000 1.0000 0.0000 0.0000	</row1>
					<row2>	-1.0000 0.0000 0.0000 0.0000	</row2>
					<row3>	0.3496 0.8214 1.7978 1.0000	</row3>
				</transform>
			</node>
			<node>
				<identifier>	MP_IM858_Signal_light_40mm_INDEX_1	</identifier>
				<transform>
					<row0>	0.0000 0.0000 -1.0000 0.0000	</row0>
					<row1>	0.0000 1.0000 0.0000 0.0000	</row1>
					<row2>	1.0000 0.0000 0.0000 0.0000	</row2>
					<row3>	-0.3496 0.8214 1.7978 1.0000	</row3>
				</transform>
			</node>
			<node>
				<identifier>	MP_IM859_Semaforo	</identifier>
				<transform>
					<row0>	1.0000 0.0000 0.0000 0.0000	</row0>
					<row1>	0.0000 1.0000 0.0000 0.0000	</row1>
					<row2>	0.0000 0.0000 1.0000 0.0000	</row2>
					<row3>	0.1708 0.9420 2.0552 1.0000	</row3>
				</transform>
			</node>
			<node>
				<identifier>	MP_IM859_Semaforo_INDEX_1	</identifier>
				<transform>
					<row0>	0.3827 0.0000 -0.9239 0.0000	</row0>
					<row1>	0.0000 1.0000 0.0000 0.0000	</row1>
					<row2>	0.9239 0.0000 0.3827 0.0000	</row2>
					<row3>	0.1996 0.8117 2.3414 1.0000	</row3>
				</transform>
			</node>
			<node>
				<identifier>	MP_IM859_Semaforo_INDEX_2	</identifier>
				<transform>
					<row0>	1.0000 0.0000 0.0000 0.0000	</row0>
					<row1>	0.0000 1.0000 0.0000 0.0000	</row1>
					<row2>	0.0000 0.0000 1.0000 0.0000	</row2>
					<row3>	-0.1708 0.9420 2.0552 1.0000	</row3>
				</transform>
			</node>
			<node>
				<identifier>	MP_IM859_Semaforo_INDEX_3	</identifier>
				<transform>
					<row0>	0.3827 0.0000 0.9239 0.0000	</row0>
					<row1>	0.0000 1.0000 0.0000 0.0000	</row1>
					<row2>	-0.9239 0.0000 0.3827 0.0000	</row2>
					<row3>	-0.1996 0.8117 2.3414 1.0000	</row3>
				</transform>
			</node>
			<node>
				<identifier>	MP_IM908_Crane_Paravane_R	</identifier>
				<transform>
					<row0>	0.9998 -0.0180 0.0003 0.0000	</row0>
					<row1>	0.0180 0.9997 -0.0163 0.0000	</row1>
					<row2>	0.0000 0.0163 0.9999 0.0000	</row2>
					<row3>	0.4075 0.4413 1.1420 1.0000	</row3>
				</transform>
			</node>
			<node>
				<identifier>	MP_IM909_Crane_Paravane_L	</identifier>
				<transform>
					<row0>	0.9998 0.0180 -0.0003 0.0000	</row0>
					<row1>	-0.0180 0.9997 -0.0163 0.0000	</row1>
					<row2>	0.0000 0.0163 0.9999 0.0000	</row2>
					<row3>	-0.4075 0.4413 1.1420 1.0000	</row3>
				</transform>
			</node>
			<node>
				<identifier>	MP_IM910_Crane	</identifier>
				<transform>
					<row0>	1.0000 0.0000 0.0000 0.0000	</row0>
					<row1>	0.0000 1.0000 0.0000 0.0000	</row1>
					<row2>	0.0000 0.0000 1.0000 0.0000	</row2>
					<row3>	0.0000 0.4921 0.0960 1.0000	</row3>
				</transform>
			</node>
			<node>
				<identifier>	SP_YMS011_YHWL_M_1_INDEX_10	</identifier>
				<transform>
					<row0>	0.7504 0.2573 -0.1032 0.0000	</row0>
					<row1>	-0.2564 0.7574 0.0244 0.0000	</row1>
					<row2>	0.1055 0.0101 0.7929 0.0000	</row2>
					<row3>	-0.2713 0.0000 2.8936 1.0000	</row3>
				</transform>
			</node>
			<node>
				<identifier>	SP_YMS011_YHWL_M_1_INDEX_11	</identifier>
				<transform>
					<row0>	0.7540 0.2586 -0.0678 0.0000	</row0>
					<row1>	-0.2585 0.7570 0.0118 0.0000	</row1>
					<row2>	0.0680 0.0108 0.7970 0.0000	</row2>
					<row3>	-0.3444 0.0000 2.2254 1.0000	</row3>
				</transform>
			</node>
			<node>
				<identifier>	SP_YMS011_YHWL_M_1_INDEX_2	</identifier>
				<transform>
					<row0>	0.7954 0.0783 -0.0344 0.0000	</row0>
					<row1>	-0.0783 0.7962 0.0030 0.0000	</row1>
					<row2>	0.0345 0.0004 0.7993 0.0000	</row2>
					<row3>	-0.4464 0.0000 0.8981 1.0000	</row3>
				</transform>
			</node>
			<node>
				<identifier>	SP_YMS011_YHWL_M_1_INDEX_5	</identifier>
				<transform>
					<row0>	0.7860 0.1326 -0.0678 0.0000	</row0>
					<row1>	-0.1321 0.7889 0.0118 0.0000	</row1>
					<row2>	0.0688 -0.0004 0.7970 0.0000	</row2>
					<row3>	-0.4024 0.0000 1.5614 1.0000	</row3>
				</transform>
			</node>
			<node>
				<identifier>	SP_YMS011_YHWL_M_1_INDEX_9	</identifier>
				<transform>
					<row0>	0.7973 0.0625 -0.0205 0.0000	</row0>
					<row1>	-0.0624 0.7976 0.0030 0.0000	</row1>
					<row2>	0.0207 -0.0014 0.7997 0.0000	</row2>
					<row3>	-0.4684 0.0000 0.2287 1.0000	</row3>
				</transform>
			</node>
			<node>
				<identifier>	SP_YMS012_YHWR_M_1_INDEX_1	</identifier>
				<transform>
					<row0>	0.7954 -0.0783 0.0344 0.0000	</row0>
					<row1>	0.0783 0.7962 0.0030 0.0000	</row1>
					<row2>	-0.0345 0.0004 0.7993 0.0000	</row2>
					<row3>	0.4464 0.0000 0.8981 1.0000	</row3>
				</transform>
			</node>
			<node>
				<identifier>	SP_YMS012_YHWR_M_1_INDEX_11	</identifier>
				<transform>
					<row0>	0.7973 -0.0625 0.0205 0.0000	</row0>
					<row1>	0.0624 0.7976 0.0030 0.0000	</row1>
					<row2>	-0.0207 -0.0014 0.7997 0.0000	</row2>
					<row3>	0.4684 0.0000 0.2287 1.0000	</row3>
				</transform>
			</node>
			<node>
				<identifier>	SP_YMS012_YHWR_M_1_INDEX_2	</identifier>
				<transform>
					<row0>	0.7860 -0.1326 0.0678 0.0000	</row0>
					<row1>	0.1321 0.7889 0.0118 0.0000	</row1>
					<row2>	-0.0688 -0.0004 0.7970 0.0000	</row2>
					<row3>	0.4024 0.0000 1.5614 1.0000	</row3>
				</transform>
			</node>
			<node>
				<identifier>	SP_YMS012_YHWR_M_1_INDEX_4	</identifier>
				<transform>
					<row0>	0.7504 -0.2573 0.1032 0.0000	</row0>
					<row1>	0.2564 0.7574 0.0244 0.0000	</row1>
					<row2>	-0.1055 0.0101 0.7929 0.0000	</row2>
					<row3>	0.2713 0.0000 2.8936 1.0000	</row3>
				</transform>
			</node>
			<node>
				<identifier>	SP_YMS012_YHWR_M_1_INDEX_6	</identifier>
				<transform>
					<row0>	0.7540 -0.2586 0.0678 0.0000	</row0>
					<row1>	0.2585 0.7570 0.0118 0.0000	</row1>
					<row2>	-0.0680 0.0108 0.7970 0.0000	</row2>
					<row3>	0.3444 0.0000 2.2254 1.0000	</row3>
				</transform>
			</node>
			<node>
				<identifier>	SP_YMS021_YHUC_S_1_INDEX_1	</identifier>
				<transform>
					<row0>	-0.4035 -0.8044 -0.0128 0.0000	</row0>
					<row1>	0.8042 -0.4036 0.0158 0.0000	</row1>
					<row2>	-0.0199 -0.0044 0.8998 0.0000	</row2>
					<row3>	0.4403 -0.1165 0.3875 1.0000	</row3>
				</transform>
			</node>
			<node>
				<identifier>	SP_YMS021_YHUC_S_1_INDEX_2	</identifier>
				<transform>
					<row0>	-0.4028 -0.8044 -0.0261 0.0000	</row0>
					<row1>	0.8033 -0.4036 0.0423 0.0000	</row1>
					<row2>	-0.0495 -0.0044 0.8986 0.0000	</row2>
					<row3>	0.4067 -0.1165 1.0627 1.0000	</row3>
				</transform>
			</node>
			<node>
				<identifier>	SP_YMS022_YHUS_L_1	</identifier>
				<transform>
					<row0>	-0.1043 -0.0134 0.7426 0.0000	</row0>
					<row1>	0.3169 0.6774 0.0567 0.0000	</row1>
					<row2>	-0.6717 0.3217 -0.0885 0.0000	</row2>
