<JSD002_Umikaze_1925_Bow_ports.visual>
	<node>
		<identifier>	Scene Root	</identifier>
		<transform>
			<row0>	1.0000 0.0000 0.0000 0.0000	</row0>
			<row1>	0.0000 1.0000 0.0000 0.0000	</row1>
			<row2>	0.0000 0.0000 1.0000 0.0000	</row2>
			<row3>	0.0000 0.0000 0.0000 1.0000	</row3>
		</transform>
		<node>
			<identifier>	Bow_ports	</identifier>
			<transform>
				<row0>	1.0000 0.0000 0.0000 0.0000	</row0>
				<row1>	0.0000 1.0000 0.0000 0.0000	</row1>
				<row2>	0.0000 0.0000 1.0000 0.0000	</row2>
				<row3>	0.0000 0.0000 0.0000 1.0000	</row3>
			</transform>
			<node>
				<identifier>	HP_FX_Fire_1	</identifier>
				<transform>
					<row0>	1.0000 0.0000 0.0000 0.0000	</row0>
					<row1>	0.0000 1.0000 0.0000 0.0000	</row1>
					<row2>	0.0000 0.0000 1.0000 0.0000	</row2>
					<row3>	0.0000 0.3057 2.9140 1.0000	</row3>
				</transform>
			</node>
			<node>
				<identifier>	HP_FX_WakeTrace	</identifier>
				<transform>
					<row0>	1.0000 0.0000 0.0000 0.0000	</row0>
					<row1>	0.0000 1.0000 0.0000 0.0000	</row1>
					<row2>	0.0000 0.0000 1.0000 0.0000	</row2>
					<row3>	0.0000 0.0000 3.3017 1.0000	</row3>
				</transform>
			</node>
			<node>
				<identifier>	HP_Ship_death_1	</identifier>
				<transform>
					<row0>	1.0000 0.0000 0.0000 0.0000	</row0>
					<row1>	0.0000 1.0000 0.0000 0.0000	</row1>
					<row2>	0.0000 0.0000 1.0000 0.0000	</row2>
					<row3>	0.0000 0.0000 2.7173 1.0000	</row3>
				</transform>
			</node>
			<node>
				<identifier>	MP_CM086_Anchor_top	</identifier>
				<transform>
					<row0>	-0.0634 0.8714 0.4865 0.0000	</row0>
					<row1>	0.1622 0.4900 -0.8565 0.0000	</row1>
					<row2>	-0.9847 0.0246 -0.1724 0.0000	</row2>
					<row3>	-0.0806 0.2496 3.1927 1.0000	</row3>
				</transform>
			</node>
			<node>
				<identifier>	MP_CM086_Anchor_top_INDEX_1	</identifier>
				<transform>
					<row0>	-0.0634 -0.8714 -0.4865 0.0000	</row0>
					<row1>	-0.1622 0.4900 -0.8565 0.0000	</row1>
					<row2>	0.9847 0.0246 -0.1724 0.0000	</row2>
					<row3>	0.0806 0.2496 3.1927 1.0000	</row3>
				</transform>
			</node>
			<node>
				<identifier>	MP_CM087_Anchor_down	</identifier>
				<transform>
					<row0>	-0.0732 0.8525 0.5176 0.0000	</row0>
					<row1>	-0.2159 0.4931 -0.8427 0.0000	</row1>
					<row2>	-0.9737 -0.1735 0.1479 0.0000	</row2>
					<row3>	-0.0806 0.2496 3.1927 1.0000	</row3>
				</transform>
			</node>
			<node>
				<identifier>	MP_CM087_Anchor_down_INDEX_1	</identifier>
				<transform>
					<row0>	-0.0732 -0.8525 -0.5176 0.0000	</row0>
					<row1>	0.2159 0.4931 -0.8427 0.0000	</row1>
					<row2>	0.9737 -0.1735 0.1479 0.0000	</row2>
					<row3>	0.0806 0.2496 3.1927 1.0000	</row3>
				</transform>
			</node>
			<node>
				<identifier>	MP_JM141_Break_Handwheel_1	</identifier>
				<transform>
					<row0>	1.0000 0.0000 0.0000 0.0000	</row0>
					<row1>	0.0000 1.0000 0.0000 0.0000	</row1>
					<row2>	0.0000 0.0000 1.0000 0.0000	</row2>
					<row3>	0.0012 0.3136 2.7484 1.0000	</row3>
				</transform>
			</node>
			<node>
				<identifier>	MP_JM157_Ventilation	</identifier>
				<transform>
					<row0>	0.4299 0.0000 0.0000 0.0000	</row0>
					<row1>	0.0000 0.4299 0.0000 0.0000	</row1>
					<row2>	0.0000 0.0000 0.4299 0.0000	</row2>
					<row3>	0.0545 0.2674 2.7474 1.0000	</row3>
				</transform>
			</node>
			<node>
				<identifier>	MP_JM157_Ventilation_INDEX_1	</identifier>
				<transform>
					<row0>	0.4299 0.0000 0.0000 0.0000	</row0>
					<row1>	0.0000 0.4299 0.0000 0.0000	</row1>
					<row2>	0.0000 0.0000 0.4299 0.0000	</row2>
					<row3>	-0.0546 0.2674 2.7357 1.0000	</row3>
				</transform>
			</node>
		</node>
	</node>
	<boundingBox>
		<min>	-0.0667 -0.0667 -0.0667	</min>
		<max>	0.0667 0.0667 0.0667	</max>
	</boundingBox>
</JSD002_Umikaze_1925_Bow_ports.visual>
