<GSD027_Karl_von_Schonberg_1944_Stern_ports.visual>
	<node>
		<identifier>	Scene Root	</identifier>
		<transform>
			<row0>	1.0000 0.0000 0.0000 0.0000	</row0>
			<row1>	0.0000 1.0000 0.0000 0.0000	</row1>
			<row2>	0.0000 0.0000 1.0000 0.0000	</row2>
			<row3>	0.0000 0.0000 0.0000 1.0000	</row3>
		</transform>
		<node>
			<identifier>	Stern_ports	</identifier>
			<transform>
				<row0>	1.0000 0.0000 0.0000 0.0000	</row0>
				<row1>	0.0000 1.0000 0.0000 0.0000	</row1>
				<row2>	0.0000 0.0000 1.0000 0.0000	</row2>
				<row3>	0.0000 0.0000 0.0000 1.0000	</row3>
			</transform>
			<node>
				<identifier>	HP_FX_Fire_4	</identifier>
				<transform>
					<row0>	1.0000 0.0000 0.0000 0.0000	</row0>
					<row1>	0.0000 1.0000 0.0000 0.0000	</row1>
					<row2>	0.0000 0.0000 1.0000 0.0000	</row2>
					<row3>	0.0000 0.1462 -3.6791 1.0000	</row3>
				</transform>
			</node>
			<node>
				<identifier>	HP_FX_WakeTraceBack	</identifier>
				<transform>
					<row0>	1.0000 0.0000 0.0000 0.0000	</row0>
					<row1>	0.0000 1.0000 0.0000 0.0000	</row1>
					<row2>	0.0000 0.0000 1.0000 0.0000	</row2>
					<row3>	0.0000 0.0000 -4.0350 1.0000	</row3>
				</transform>
			</node>
			<node>
				<identifier>	HP_FX_WakeTrace_screw_1	</identifier>
				<transform>
					<row0>	1.0000 0.0000 0.0000 0.0000	</row0>
					<row1>	0.0000 1.0000 0.0000 0.0000	</row1>
					<row2>	0.0000 0.0000 1.0000 0.0000	</row2>
					<row3>	-0.1293 -0.2465 -3.5017 1.0000	</row3>
				</transform>
			</node>
			<node>
				<identifier>	HP_FX_WakeTrace_screw_2	</identifier>
				<transform>
					<row0>	1.0000 0.0000 0.0000 0.0000	</row0>
					<row1>	0.0000 1.0000 0.0000 0.0000	</row1>
					<row2>	0.0000 0.0000 1.0000 0.0000	</row2>
					<row3>	0.1239 -0.2461 -3.5016 1.0000	</row3>
				</transform>
			</node>
			<node>
				<identifier>	HP_GGB_3	</identifier>
				<transform>
					<row0>	-0.0539 0.0000 0.9985 0.0000	</row0>
					<row1>	0.0000 1.0000 0.0000 0.0000	</row1>
					<row2>	-0.9985 0.0000 -0.0539 0.0000	</row2>
					<row3>	-0.2093 0.1419 -3.8420 1.0000	</row3>
				</transform>
			</node>
			<node>
				<identifier>	HP_GGB_4	</identifier>
				<transform>
					<row0>	-0.0539 0.0000 -0.9985 0.0000	</row0>
					<row1>	0.0000 1.0000 0.0000 0.0000	</row1>
					<row2>	0.9985 0.0000 -0.0539 0.0000	</row2>
					<row3>	0.2061 0.1419 -3.8420 1.0000	</row3>
				</transform>
			</node>
			<node>
				<identifier>	HP_GGB_5	</identifier>
				<transform>
					<row0>	-0.0539 0.0000 -0.9985 0.0000	</row0>
					<row1>	0.0000 1.0000 0.0000 0.0000	</row1>
					<row2>	0.9985 0.0000 -0.0539 0.0000	</row2>
					<row3>	0.2024 0.1419 -3.9016 1.0000	</row3>
				</transform>
			</node>
			<node>
				<identifier>	HP_GGB_6	</identifier>
				<transform>
					<row0>	-0.0539 0.0000 0.9985 0.0000	</row0>
					<row1>	0.0000 1.0000 0.0000 0.0000	</row1>
					<row2>	-0.9985 0.0000 -0.0539 0.0000	</row2>
					<row3>	-0.2083 0.1419 -3.9017 1.0000	</row3>
				</transform>
			</node>
			<node>
				<identifier>	HP_GGB_7	</identifier>
				<transform>
					<row0>	-0.0539 0.0000 -0.9985 0.0000	</row0>
					<row1>	0.0000 1.0000 0.0000 0.0000	</row1>
					<row2>	0.9985 0.0000 -0.0539 0.0000	</row2>
					<row3>	0.1972 0.1419 -3.9760 1.0000	</row3>
				</transform>
			</node>
			<node>
				<identifier>	HP_GGB_8	</identifier>
				<transform>
					<row0>	-0.0539 0.0000 0.9985 0.0000	</row0>
					<row1>	0.0000 1.0000 0.0000 0.0000	</row1>
					<row2>	-0.9985 0.0000 -0.0539 0.0000	</row2>
					<row3>	-0.2036 0.1419 -3.9762 1.0000	</row3>
				</transform>
			</node>
			<node>
				<identifier>	HP_GGM_4	</identifier>
				<transform>
					<row0>	-1.0000 0.0000 0.0000 0.0000	</row0>
					<row1>	0.0000 1.0000 0.0000 0.0000	</row1>
					<row2>	0.0000 0.0000 -1.0000 0.0000	</row2>
					<row3>	0.0000 0.1514 -3.1601 1.0000	</row3>
				</transform>
			</node>
			<node>
				<identifier>	HP_Ship_death_3	</identifier>
				<transform>
					<row0>	1.0000 0.0000 0.0000 0.0000	</row0>
					<row1>	0.0000 1.0000 0.0000 0.0000	</row1>
					<row2>	0.0000 0.0000 1.0000 0.0000	</row2>
					<row3>	0.0000 0.0000 -3.0178 1.0000	</row3>
				</transform>
			</node>
			<node>
				<identifier>	MP_CM001_Propeller3_L	</identifier>
				<transform>
					<row0>	0.8695 0.0000 -0.0286 0.0000	</row0>
					<row1>	-0.0019 0.8681 -0.0577 0.0000	</row1>
					<row2>	0.0286 0.0577 0.8676 0.0000	</row2>
					<row3>	-0.1293 -0.2469 -3.5034 1.0000	</row3>
				</transform>
			</node>
			<node>
				<identifier>	MP_CM032_Propeller3_R	</identifier>
				<transform>
					<row0>	0.8695 0.0000 0.0286 0.0000	</row0>
					<row1>	0.0019 0.8681 -0.0577 0.0000	</row1>
					<row2>	-0.0286 0.0577 0.8676 0.0000	</row2>
					<row3>	0.1241 -0.2469 -3.5034 1.0000	</row3>
				</transform>
			</node>
			<node>
				<identifier>	MP_GM001_Paravane	</identifier>
				<transform>
					<row0>	1.0000 -0.0008 -0.0011 0.0000	</row0>
					<row1>	-0.0009 -0.9984 -0.0558 0.0000	</row1>
					<row2>	-0.0011 0.0558 -0.9984 0.0000	</row2>
					<row3>	-0.0394 0.1716 -3.8672 1.0000	</row3>
				</transform>
			</node>
			<node>
				<identifier>	MP_GM001_Paravane_INDEX_1	</identifier>
				<transform>
					<row0>	1.0000 -0.0008 -0.0011 0.0000	</row0>
					<row1>	-0.0009 -0.9984 -0.0558 0.0000	</row1>
					<row2>	-0.0011 0.0558 -0.9984 0.0000	</row2>
					<row3>	0.0583 0.1716 -3.7857 1.0000	</row3>
				</transform>
			</node>
			<node>
				<identifier>	MP_GM001_Paravane_INDEX_2	</identifier>
				<transform>
					<row0>	1.0000 -0.0008 -0.0011 0.0000	</row0>
					<row1>	-0.0009 -0.9984 -0.0558 0.0000	</row1>
					<row2>	-0.0011 0.0558 -0.9984 0.0000	</row2>
					<row3>	0.0399 0.1716 -3.9981 1.0000	</row3>
				</transform>
			</node>
			<node>
				<identifier>	MP_GM001_Paravane_INDEX_3	</identifier>
				<transform>
					<row0>	1.0000 -0.0008 -0.0011 0.0000	</row0>
					<row1>	-0.0009 -0.9984 -0.0558 0.0000	</row1>
					<row2>	-0.0011 0.0558 -0.9984 0.0000	</row2>
					<row3>	-0.0373 0.1711 -4.0789 1.0000	</row3>
				</transform>
			</node>
			<node>
				<identifier>	MP_GM003_Reels_1	</identifier>
				<transform>
					<row0>	1.0000 0.0000 0.0000 0.0000	</row0>
					<row1>	0.0000 1.0000 0.0000 0.0000	</row1>
					<row2>	0.0000 0.0000 1.0000 0.0000	</row2>
					<row3>	0.1128 0.1421 -3.3258 1.0000	</row3>
				</transform>
			</node>
			<node>
				<identifier>	MP_GM003_Reels_1_INDEX_1	</identifier>
				<transform>
					<row0>	1.0000 0.0000 0.0000 0.0000	</row0>
					<row1>	0.0000 1.0000 0.0000 0.0000	</row1>
					<row2>	0.0000 0.0000 1.0000 0.0000	</row2>
					<row3>	-0.1119 0.1421 -3.3249 1.0000	</row3>
				</transform>
			</node>
			<node>
				<identifier>	MP_GM007_LifeBuoy	</identifier>
				<transform>
					<row0>	0.9987 0.0000 0.0501 0.0000	</row0>
					<row1>	0.0000 1.0000 0.0000 0.0000	</row1>
					<row2>	-0.0501 0.0000 0.9987 0.0000	</row2>
					<row3>	-0.2753 0.1938 -3.1757 1.0000	</row3>
				</transform>
			</node>
			<node>
				<identifier>	MP_GM007_LifeBuoy_INDEX_1	</identifier>
				<transform>
					<row0>	0.9987 0.0000 -0.0501 0.0000	</row0>
					<row1>	0.0000 1.0000 0.0000 0.0000	</row1>
					<row2>	0.0501 0.0000 0.9987 0.0000	</row2>
					<row3>	0.2754 0.1938 -3.1850 1.0000	</row3>
				</transform>
			</node>
			<node>
				<identifier>	MP_GM856_Mastheadlight	</identifier>
				<transform>
					<row0>	-1.0000 0.0000 0.0000 0.0000	</row0>
					<row1>	0.0000 1.0000 0.0000 0.0000	</row1>
					<row2>	0.0000 0.0000 -1.0000 0.0000	</row2>
					<row3>	-0.0026 0.2655 -4.3404 1.0000	</row3>
				</transform>
			</node>
			<node>
				<identifier>	MP_GM956_Boat_Winch	</identifier>
				<transform>
					<row0>	1.0000 -0.0008 -0.0011 0.0000	</row0>
					<row1>	0.0008 1.0000 0.0000 0.0000	</row1>
					<row2>	0.0011 0.0000 1.0000 0.0000	</row2>
					<row3>	0.0164 0.1459 -3.5939 1.0000	</row3>
				</transform>
			</node>
		</node>
	</node>
	<boundingBox>
		<min>	-0.0667 -0.0667 -0.0667	</min>
		<max>	0.0667 0.0667 0.0667	</max>
	</boundingBox>
</GSD027_Karl_von_Schonberg_1944_Stern_ports.visual>
