<RSC032_Stalingrad_1953_Stern_ports.visual>
	<node>
		<identifier>	Scene Root	</identifier>
		<transform>
			<row0>	1.0000 0.0000 0.0000 0.0000	</row0>
			<row1>	0.0000 1.0000 0.0000 0.0000	</row1>
			<row2>	0.0000 0.0000 1.0000 0.0000	</row2>
			<row3>	0.0000 0.0000 0.0000 1.0000	</row3>
		</transform>
		<node>
			<identifier>	Stern_ports	</identifier>
			<transform>
				<row0>	1.0000 0.0000 0.0000 0.0000	</row0>
				<row1>	0.0000 1.0000 0.0000 0.0000	</row1>
				<row2>	0.0000 0.0000 1.0000 0.0000	</row2>
				<row3>	0.0000 0.0000 0.0000 1.0000	</row3>
			</transform>
			<node>
				<identifier>	HP_FX_Fire_4	</identifier>
				<transform>
					<row0>	1.0000 0.0000 0.0000 0.0000	</row0>
					<row1>	0.0000 1.0000 0.0000 0.0000	</row1>
					<row2>	0.0000 0.0000 1.0000 0.0000	</row2>
					<row3>	0.0000 0.4446 -7.0535 1.0000	</row3>
				</transform>
			</node>
			<node>
				<identifier>	HP_FX_WakeTraceBack	</identifier>
				<transform>
					<row0>	1.0000 0.0000 0.0000 0.0000	</row0>
					<row1>	0.0000 1.0000 0.0000 0.0000	</row1>
					<row2>	0.0000 0.0000 1.0000 0.0000	</row2>
					<row3>	0.0000 0.0000 -8.8638 1.0000	</row3>
				</transform>
			</node>
			<node>
				<identifier>	HP_FX_WakeTrace_screw_1	</identifier>
				<transform>
					<row0>	1.0000 0.0000 0.0000 0.0000	</row0>
					<row1>	0.0000 1.0000 0.0000 0.0000	</row1>
					<row2>	0.0000 0.0000 1.0000 0.0000	</row2>
					<row3>	-0.3023 -0.4436 -7.3188 1.0000	</row3>
				</transform>
			</node>
			<node>
				<identifier>	HP_FX_WakeTrace_screw_2	</identifier>
				<transform>
					<row0>	1.0000 0.0000 0.0000 0.0000	</row0>
					<row1>	0.0000 1.0000 0.0000 0.0000	</row1>
					<row2>	0.0000 0.0000 1.0000 0.0000	</row2>
					<row3>	-0.6650 -0.4450 -6.0535 1.0000	</row3>
				</transform>
			</node>
			<node>
				<identifier>	HP_FX_WakeTrace_screw_3	</identifier>
				<transform>
					<row0>	1.0000 0.0000 0.0000 0.0000	</row0>
					<row1>	0.0000 1.0000 0.0000 0.0000	</row1>
					<row2>	0.0000 0.0000 1.0000 0.0000	</row2>
					<row3>	0.6650 -0.4450 -6.0535 1.0000	</row3>
				</transform>
			</node>
			<node>
				<identifier>	HP_FX_WakeTrace_screw_4	</identifier>
				<transform>
					<row0>	1.0000 0.0000 0.0000 0.0000	</row0>
					<row1>	0.0000 1.0000 0.0000 0.0000	</row1>
					<row2>	0.0000 0.0000 1.0000 0.0000	</row2>
					<row3>	0.3023 -0.4436 -7.3188 1.0000	</row3>
				</transform>
			</node>
			<node>
				<identifier>	HP_Ship_death_3	</identifier>
				<transform>
					<row0>	1.0000 0.0000 0.0000 0.0000	</row0>
					<row1>	0.0000 1.0000 0.0000 0.0000	</row1>
					<row2>	0.0000 0.0000 1.0000 0.0000	</row2>
					<row3>	0.0000 0.0000 -5.5623 1.0000	</row3>
				</transform>
			</node>
			<node>
				<identifier>	MP_CM011_Fire_Fighting_Gear	</identifier>
				<transform>
					<row0>	1.0000 0.0000 0.0000 0.0000	</row0>
					<row1>	0.0000 1.0000 0.0000 0.0000	</row1>
					<row2>	0.0000 0.0000 1.0000 0.0000	</row2>
					<row3>	0.0000 0.4578 -8.3579 1.0000	</row3>
				</transform>
			</node>
			<node>
				<identifier>	MP_CM094_Propeller3_L	</identifier>
				<transform>
					<row0>	1.1071 -0.3660 -0.0023 0.0000	</row0>
					<row1>	0.3660 1.1070 -0.0094 0.0000	</row1>
					<row2>	0.0052 0.0081 1.1660 0.0000	</row2>
					<row3>	-0.3023 -0.4436 -7.3188 1.0000	</row3>
				</transform>
			</node>
			<node>
				<identifier>	MP_CM094_Propeller3_L_INDEX_1	</identifier>
				<transform>
					<row0>	1.1055 -0.3664 -0.0572 0.0000	</row0>
					<row1>	0.3655 1.1069 -0.0275 0.0000	</row1>
					<row2>	0.0629 0.0081 1.1643 0.0000	</row2>
					<row3>	-0.6650 -0.4450 -6.0535 1.0000	</row3>
				</transform>
			</node>
			<node>
				<identifier>	MP_CM095_Propeller3_R	</identifier>
				<transform>
					<row0>	1.1071 0.3660 0.0023 0.0000	</row0>
					<row1>	-0.3660 1.1070 -0.0094 0.0000	</row1>
					<row2>	-0.0052 0.0081 1.1660 0.0000	</row2>
					<row3>	0.3023 -0.4436 -7.3188 1.0000	</row3>
				</transform>
			</node>
			<node>
				<identifier>	MP_CM095_Propeller3_R_INDEX_1	</identifier>
				<transform>
					<row0>	1.1055 0.3664 0.0572 0.0000	</row0>
					<row1>	-0.3655 1.1069 -0.0275 0.0000	</row1>
					<row2>	-0.0629 0.0081 1.1643 0.0000	</row2>
					<row3>	0.6650 -0.4450 -6.0535 1.0000	</row3>
				</transform>
			</node>
			<node>
				<identifier>	MP_CM137_Anchor_Up	</identifier>
				<transform>
					<row0>	-0.2167 -0.5694 0.4039 0.0000	</row0>
					<row1>	-0.2102 0.5348 0.6411 0.0000	</row1>
					<row2>	-0.6749 0.0627 -0.2736 0.0000	</row2>
					<row3>	-0.2317 0.3456 -8.9904 1.0000	</row3>
				</transform>
			</node>
			<node>
				<identifier>	MP_CM138_Anchor_Bottom	</identifier>
				<transform>
					<row0>	-0.2168 -0.5697 0.4041 0.0000	</row0>
					<row1>	-0.4485 0.4379 0.3767 0.0000	</row1>
					<row2>	-0.5355 -0.1361 -0.4791 0.0000	</row2>
					<row3>	-0.2317 0.3456 -8.9904 1.0000	</row3>
				</transform>
			</node>
			<node>
				<identifier>	MP_RM021_Screened_speed_light	</identifier>
				<transform>
					<row0>	-0.5892 0.0000 0.0000 0.0000	</row0>
					<row1>	0.0000 0.5892 0.0000 0.0000	</row1>
					<row2>	0.0000 0.0000 -0.5892 0.0000	</row2>
					<row3>	0.0000 0.7441 -9.1790 1.0000	</row3>
				</transform>
			</node>
			<node>
				<identifier>	MP_RM200_Running_Lights_B	</identifier>
				<transform>
					<row0>	-1.4040 0.0000 0.0000 0.0000	</row0>
					<row1>	0.0000 1.4040 0.0000 0.0000	</row1>
					<row2>	0.0000 0.0000 -1.4040 0.0000	</row2>
					<row3>	0.0000 0.5331 -9.1130 1.0000	</row3>
				</transform>
			</node>
			<node>
				<identifier>	MP_RM214_Life_Buoy	</identifier>
				<transform>
					<row0>	0.1286 0.0000 -0.9917 0.0000	</row0>
					<row1>	0.0000 1.0000 0.0000 0.0000	</row1>
					<row2>	0.9917 0.0000 0.1286 0.0000	</row2>
					<row3>	-0.6606 0.5064 -7.2254 1.0000	</row3>
				</transform>
			</node>
			<node>
				<identifier>	MP_RM214_Life_Buoy_INDEX_1	</identifier>
				<transform>
					<row0>	0.1286 0.0000 0.9917 0.0000	</row0>
					<row1>	0.0000 1.0000 0.0000 0.0000	</row1>
					<row2>	-0.9917 0.0000 0.1286 0.0000	</row2>
					<row3>	0.6606 0.5064 -7.2254 1.0000	</row3>
				</transform>
			</node>
			<node>
				<identifier>	MP_RM219_Fairlead	</identifier>
				<transform>
					<row0>	1.6524 0.0000 -0.1961 0.0000	</row0>
					<row1>	0.0038 1.6637 0.0318 0.0000	</row1>
					<row2>	0.1960 -0.0320 1.6521 0.0000	</row2>
					<row3>	0.7172 0.4323 -6.6303 1.0000	</row3>
				</transform>
			</node>
			<node>
				<identifier>	MP_RM219_Fairlead_INDEX_1	</identifier>
				<transform>
					<row0>	1.6524 0.0000 0.1961 0.0000	</row0>
					<row1>	-0.0038 1.6637 0.0318 0.0000	</row1>
					<row2>	-0.1960 -0.0320 1.6521 0.0000	</row2>
					<row3>	-0.7172 0.4323 -6.6303 1.0000	</row3>
				</transform>
			</node>
			<node>
				<identifier>	MP_RM219_Fairlead_INDEX_2	</identifier>
				<transform>
					<row0>	1.6186 0.0000 -0.3861 0.0000	</row0>
					<row1>	0.0039 1.6639 0.0163 0.0000	</row1>
					<row2>	0.3861 -0.0167 1.6185 0.0000	</row2>
					<row3>	0.4536 0.4630 -8.4842 1.0000	</row3>
				</transform>
			</node>
			<node>
				<identifier>	MP_RM219_Fairlead_INDEX_3	</identifier>
				<transform>
					<row0>	1.6186 0.0000 0.3861 0.0000	</row0>
					<row1>	-0.0039 1.6639 0.0163 0.0000	</row1>
					<row2>	-0.3861 -0.0167 1.6185 0.0000	</row2>
					<row3>	-0.4536 0.4630 -8.4842 1.0000	</row3>
				</transform>
			</node>
			<node>
				<identifier>	MP_RM249_Coat_of_Arms_USSR	</identifier>
				<transform>
					<row0>	-1.0000 0.0000 0.0000 0.0000	</row0>
					<row1>	0.0000 0.9873 -0.1587 0.0000	</row1>
					<row2>	0.0000 -0.1587 -0.9873 0.0000	</row2>
					<row3>	0.0000 0.4284 -9.1144 1.0000	</row3>
				</transform>
			</node>
			<node>
				<identifier>	MP_RM281_Bollard	</identifier>
				<transform>
					<row0>	0.9926 0.0000 -0.1212 0.0000	</row0>
					<row1>	0.0024 0.9998 0.0199 0.0000	</row1>
					<row2>	0.1212 -0.0201 0.9924 0.0000	</row2>
					<row3>	0.6299 0.4321 -6.9083 1.0000	</row3>
				</transform>
			</node>
			<node>
				<identifier>	MP_RM281_Bollard_INDEX_1	</identifier>
				<transform>
					<row0>	0.9926 0.0000 0.1212 0.0000	</row0>
					<row1>	-0.0024 0.9998 0.0199 0.0000	</row1>
					<row2>	-0.1212 -0.0201 0.9924 0.0000	</row2>
					<row3>	-0.6299 0.4321 -6.9083 1.0000	</row3>
				</transform>
			</node>
			<node>
				<identifier>	MP_RM281_Bollard_INDEX_2	</identifier>
				<transform>
					<row0>	1.0000 0.0000 0.0000 0.0000	</row0>
					<row1>	0.0000 1.0000 0.0000 0.0000	</row1>
					<row2>	0.0000 0.0000 1.0000 0.0000	</row2>
					<row3>	-0.0884 0.4523 -8.2683 1.0000	</row3>
				</transform>
			</node>
			<node>
				<identifier>	MP_RM281_Bollard_INDEX_3	</identifier>
				<transform>
					<row0>	1.0000 0.0000 0.0000 0.0000	</row0>
					<row1>	0.0000 1.0000 0.0000 0.0000	</row1>
					<row2>	0.0000 0.0000 1.0000 0.0000	</row2>
					<row3>	0.0884 0.4523 -8.2683 1.0000	</row3>
				</transform>
			</node>
			<node>
				<identifier>	MP_RM284_Hatch	</identifier>
				<transform>
					<row0>	0.9867 0.0000 0.1628 0.0000	</row0>
					<row1>	0.0000 1.0000 0.0000 0.0000	</row1>
					<row2>	-0.1628 0.0000 0.9867 0.0000	</row2>
					<row3>	-0.4506 0.4225 -6.5103 1.0000	</row3>
				</transform>
			</node>
			<node>
				<identifier>	MP_RM284_Hatch_INDEX_1	</identifier>
				<transform>
					<row0>	1.0000 0.0000 0.0000 0.0000	</row0>
					<row1>	0.0000 1.0000 0.0000 0.0000	</row1>
					<row2>	0.0000 0.0000 1.0000 0.0000	</row2>
					<row3>	-0.2092 0.4393 -7.3088 1.0000	</row3>
				</transform>
			</node>
			<node>
				<identifier>	MP_RM284_Hatch_INDEX_2	</identifier>
				<transform>
					<row0>	1.0000 0.0000 0.0000 0.0000	</row0>
					<row1>	0.0000 1.0000 0.0000 0.0000	</row1>
					<row2>	0.0000 0.0000 1.0000 0.0000	</row2>
					<row3>	-0.0916 0.4223 -6.5082 1.0000	</row3>
				</transform>
			</node>
			<node>
				<identifier>	MP_RM284_Hatch_INDEX_3	</identifier>
				<transform>
					<row0>	1.0000 0.0000 0.0000 0.0000	</row0>
					<row1>	0.0000 1.0000 0.0000 0.0000	</row1>
					<row2>	0.0000 0.0000 1.0000 0.0000	</row2>
					<row3>	-0.0916 0.4184 -6.3480 1.0000	</row3>
				</transform>
			</node>
			<node>
				<identifier>	MP_RM284_Hatch_INDEX_4	</identifier>
				<transform>
					<row0>	1.0000 0.0000 0.0000 0.0000	</row0>
					<row1>	0.0000 1.0000 0.0000 0.0000	</row1>
					<row2>	0.0000 0.0000 1.0000 0.0000	</row2>
					<row3>	0.2092 0.4393 -7.3088 1.0000	</row3>
				</transform>
			</node>
			<node>
				<identifier>	MP_RM284_Hatch_INDEX_5	</identifier>
				<transform>
					<row0>	0.9867 0.0000 -0.1628 0.0000	</row0>
					<row1>	0.0000 1.0000 0.0000 0.0000	</row1>
					<row2>	0.1628 0.0000 0.9867 0.0000	</row2>
					<row3>	0.5088 0.4184 -6.3499 1.0000	</row3>
				</transform>
			</node>
			<node>
				<identifier>	MP_RM286_Hatch	</identifier>
				<transform>
					<row0>	-1.0000 0.0000 0.0000 0.0000	</row0>
					<row1>	0.0000 1.0000 0.0000 0.0000	</row1>
					<row2>	0.0000 0.0000 -1.0000 0.0000	</row2>
					<row3>	-0.1498 0.4612 -8.7677 1.0000	</row3>
				</transform>
			</node>
			<node>
				<identifier>	MP_RM286_Hatch_INDEX_1	</identifier>
				<transform>
					<row0>	-1.0000 0.0000 0.0000 0.0000	</row0>
					<row1>	0.0000 1.0000 0.0000 0.0000	</row1>
					<row2>	0.0000 0.0000 -1.0000 0.0000	</row2>
					<row3>	-0.1498 0.4612 -8.8928 1.0000	</row3>
				</transform>
			</node>
			<node>
				<identifier>	MP_RM286_Hatch_INDEX_2	</identifier>
				<transform>
					<row0>	-1.0000 0.0000 0.0000 0.0000	</row0>
					<row1>	0.0000 1.0000 0.0000 0.0000	</row1>
					<row2>	0.0000 0.0000 -1.0000 0.0000	</row2>
					<row3>	0.1498 0.4612 -8.7917 1.0000	</row3>
				</transform>
			</node>
			<node>
				<identifier>	MP_RM289_Reel	</identifier>
				<transform>
					<row0>	-1.0000 0.0000 0.0000 0.0000	</row0>
					<row1>	0.0000 1.0000 0.0000 0.0000	</row1>
					<row2>	0.0000 0.0000 -1.0000 0.0000	</row2>
					<row3>	0.0000 0.4065 -5.7885 1.0000	</row3>
				</transform>
			</node>
			<node>
				<identifier>	MP_RM289_Reel_INDEX_1	</identifier>
				<transform>
					<row0>	-1.0000 0.0000 0.0000 0.0000	</row0>
					<row1>	0.0000 1.0000 0.0000 0.0000	</row1>
					<row2>	0.0000 0.0000 -1.0000 0.0000	</row2>
					<row3>	-0.1800 0.4065 -5.7885 1.0000	</row3>
				</transform>
			</node>
			<node>
				<identifier>	MP_RM289_Reel_INDEX_2	</identifier>
				<transform>
					<row0>	-1.0000 0.0000 0.0000 0.0000	</row0>
					<row1>	0.0000 1.0000 0.0000 0.0000	</row1>
					<row2>	0.0000 0.0000 -1.0000 0.0000	</row2>
					<row3>	0.1800 0.4065 -5.7885 1.0000	</row3>
				</transform>
			</node>
			<node>
				<identifier>	MP_RM290_Reel	</identifier>
				<transform>
					<row0>	1.0000 0.0000 0.0000 0.0000	</row0>
					<row1>	0.0000 1.0000 0.0000 0.0000	</row1>
					<row2>	0.0000 0.0000 1.0000 0.0000	</row2>
					<row3>	0.1170 0.4102 -5.9480 1.0000	</row3>
				</transform>
			</node>
			<node>
				<identifier>	MP_RM300_Winch_Provisions	</identifier>
				<transform>
					<row0>	0.0000 -0.0278 0.9996 0.0000	</row0>
					<row1>	0.0000 0.9996 0.0278 0.0000	</row1>
					<row2>	-1.0000 0.0000 0.0000 0.0000	</row2>
					<row3>	0.5949 0.4016 -5.5683 1.0000	</row3>
				</transform>
			</node>
			<node>
				<identifier>	MP_RM300_Winch_Provisions_INDEX_1	</identifier>
				<transform>
					<row0>	0.0000 0.0278 -0.9996 0.0000	</row0>
					<row1>	0.0000 0.9996 0.0278 0.0000	</row1>
					<row2>	1.0000 0.0000 0.0000 0.0000	</row2>
					<row3>	-0.5949 0.4016 -5.5683 1.0000	</row3>
				</transform>
			</node>
			<node>
				<identifier>	MP_RM311_Barrel_DV	</identifier>
				<transform>
					<row0>	-0.1322 0.0000 -0.9912 0.0000	</row0>
					<row1>	0.0000 1.0000 0.0000 0.0000	</row1>
					<row2>	0.9912 0.0000 -0.1322 0.0000	</row2>
					<row3>	0.5872 0.4451 -7.6018 1.0000	</row3>
				</transform>
			</node>
			<node>
				<identifier>	MP_RM311_Barrel_DV_INDEX_1	</identifier>
				<transform>
					<row0>	-0.1322 0.0000 0.9912 0.0000	</row0>
					<row1>	0.0000 1.0000 0.0000 0.0000	</row1>
					<row2>	-0.9912 0.0000 -0.1322 0.0000	</row2>
					<row3>	-0.5734 0.4467 -7.7039 1.0000	</row3>
				</transform>
			</node>
			<node>
				<identifier>	MP_RM311_Barrel_DV_INDEX_2	</identifier>
				<transform>
					<row0>	-0.1322 0.0000 -0.9912 0.0000	</row0>
					<row1>	0.0000 1.0000 0.0000 0.0000	</row1>
					<row2>	0.9912 0.0000 -0.1322 0.0000	</row2>
					<row3>	0.5734 0.4467 -7.7039 1.0000	</row3>
				</transform>
			</node>
			<node>
				<identifier>	MP_RM311_Barrel_DV_INDEX_3	</identifier>
				<transform>
					<row0>	-0.1322 0.0000 -0.9912 0.0000	</row0>
					<row1>	0.0000 1.0000 0.0000 0.0000	</row1>
					<row2>	0.9912 0.0000 -0.1322 0.0000	</row2>
					<row3>	0.6008 0.4437 -7.4997 1.0000	</row3>
				</transform>
			</node>
			<node>
				<identifier>	MP_RM311_Barrel_DV_INDEX_4	</identifier>
				<transform>
					<row0>	-0.1322 0.0000 0.9912 0.0000	</row0>
					<row1>	0.0000 1.0000 0.0000 0.0000	</row1>
					<row2>	-0.9912 0.0000 -0.1322 0.0000	</row2>
					<row3>	-0.6008 0.4437 -7.4997 1.0000	</row3>
				</transform>
			</node>
			<node>
				<identifier>	MP_RM311_Barrel_DV_INDEX_5	</identifier>
				<transform>
					<row0>	-0.1322 0.0000 0.9912 0.0000	</row0>
					<row1>	0.0000 1.0000 0.0000 0.0000	</row1>
					<row2>	-0.9912 0.0000 -0.1322 0.0000	</row2>
					<row3>	-0.5872 0.4451 -7.6018 1.0000	</row3>
				</transform>
			</node>
			<node>
				<identifier>	MP_RM317_Sbomb_ejector	</identifier>
				<transform>
					<row0>	0.1376 0.0000 0.9905 0.0000	</row0>
					<row1>	0.0000 1.0000 0.0000 0.0000	</row1>
					<row2>	-0.9905 0.0000 0.1376 0.0000	</row2>
					<row3>	0.5275 0.4552 -8.1167 1.0000	</row3>
				</transform>
			</node>
			<node>
				<identifier>	MP_RM317_Sbomb_ejector_INDEX_1	</identifier>
				<transform>
					<row0>	0.1324 0.0000 0.9912 0.0000	</row0>
					<row1>	0.0000 1.0000 0.0000 0.0000	</row1>
					<row2>	-0.9912 0.0000 0.1324 0.0000	</row2>
					<row3>	0.5612 0.4516 -7.8732 1.0000	</row3>
				</transform>
			</node>
			<node>
				<identifier>	MP_RM317_Sbomb_ejector_INDEX_10	</identifier>
				<transform>
					<row0>	0.1324 0.0000 0.9912 0.0000	</row0>
					<row1>	0.0000 1.0000 0.0000 0.0000	</row1>
					<row2>	-0.9912 0.0000 0.1324 0.0000	</row2>
					<row3>	0.5556 0.4522 -7.9136 1.0000	</row3>
				</transform>
			</node>
			<node>
				<identifier>	MP_RM317_Sbomb_ejector_INDEX_11	</identifier>
				<transform>
					<row0>	0.1376 0.0000 0.9905 0.0000	</row0>
					<row1>	0.0000 1.0000 0.0000 0.0000	</row1>
					<row2>	-0.9905 0.0000 0.1376 0.0000	</row2>
					<row3>	0.5332 0.4545 -8.0761 1.0000	</row3>
				</transform>
			</node>
			<node>
				<identifier>	MP_RM317_Sbomb_ejector_INDEX_12	</identifier>
				<transform>
					<row0>	0.1376 0.0000 -0.9905 0.0000	</row0>
					<row1>	0.0000 1.0000 0.0000 0.0000	</row1>
					<row2>	0.9905 0.0000 0.1376 0.0000	</row2>
					<row3>	-0.5275 0.4552 -8.1167 1.0000	</row3>
				</transform>
			</node>
			<node>
				<identifier>	MP_RM317_Sbomb_ejector_INDEX_13	</identifier>
				<transform>
					<row0>	0.1774 0.0000 0.9841 0.0000	</row0>
					<row1>	0.0000 1.0000 0.0000 0.0000	</row1>
					<row2>	-0.9841 0.0000 0.1774 0.0000	</row2>
					<row3>	0.5137 0.4560 -8.1970 1.0000	</row3>
				</transform>
			</node>
			<node>
				<identifier>	MP_RM317_Sbomb_ejector_INDEX_14	</identifier>
				<transform>
					<row0>	0.1290 0.0000 -0.9916 0.0000	</row0>
					<row1>	0.0000 1.0000 0.0000 0.0000	</row1>
					<row2>	0.9916 0.0000 0.1290 0.0000	</row2>
					<row3>	-0.5668 0.4509 -7.8320 1.0000	</row3>
				</transform>
			</node>
			<node>
				<identifier>	MP_RM317_Sbomb_ejector_INDEX_15	</identifier>
				<transform>
					<row0>	0.1324 0.0000 -0.9912 0.0000	</row0>
					<row1>	0.0000 1.0000 0.0000 0.0000	</row1>
					<row2>	0.9912 0.0000 0.1324 0.0000	</row2>
					<row3>	-0.5612 0.4516 -7.8732 1.0000	</row3>
				</transform>
			</node>
			<node>
				<identifier>	MP_RM317_Sbomb_ejector_INDEX_16	</identifier>
				<transform>
					<row0>	0.1376 0.0000 -0.9905 0.0000	</row0>
					<row1>	0.0000 1.0000 0.0000 0.0000	</row1>
					<row2>	0.9905 0.0000 0.1376 0.0000	</row2>
					<row3>	-0.5446 0.4534 -7.9940 1.0000	</row3>
				</transform>
			</node>
			<node>
				<identifier>	MP_RM317_Sbomb_ejector_INDEX_17	</identifier>
				<transform>
					<row0>	0.1376 0.0000 -0.9905 0.0000	</row0>
					<row1>	0.0000 1.0000 0.0000 0.0000	</row1>
					<row2>	0.9905 0.0000 0.1376 0.0000	</row2>
					<row3>	-0.5388 0.4540 -8.0356 1.0000	</row3>
				</transform>
			</node>
			<node>
				<identifier>	MP_RM317_Sbomb_ejector_INDEX_18	</identifier>
				<transform>
					<row0>	0.1376 0.0000 -0.9905 0.0000	</row0>
					<row1>	0.0000 1.0000 0.0000 0.0000	</row1>
					<row2>	0.9905 0.0000 0.1376 0.0000	</row2>
					<row3>	-0.5501 0.4527 -7.9542 1.0000	</row3>
				</transform>
			</node>
			<node>
				<identifier>	MP_RM317_Sbomb_ejector_INDEX_19	</identifier>
				<transform>
					<row0>	0.1376 0.0000 0.9905 0.0000	</row0>
					<row1>	0.0000 1.0000 0.0000 0.0000	</row1>
					<row2>	-0.9905 0.0000 0.1376 0.0000	</row2>
					<row3>	0.5501 0.4527 -7.9542 1.0000	</row3>
				</transform>
			</node>
			<node>
				<identifier>	MP_RM317_Sbomb_ejector_INDEX_2	</identifier>
				<transform>
					<row0>	0.1376 0.0000 0.9905 0.0000	</row0>
					<row1>	0.0000 1.0000 0.0000 0.0000	</row1>
					<row2>	-0.9905 0.0000 0.1376 0.0000	</row2>
					<row3>	0.5388 0.4540 -8.0356 1.0000	</row3>
				</transform>
			</node>
			<node>
				<identifier>	MP_RM317_Sbomb_ejector_INDEX_3	</identifier>
				<transform>
					<row0>	0.1290 0.0000 0.9916 0.0000	</row0>
					<row1>	0.0000 1.0000 0.0000 0.0000	</row1>
					<row2>	-0.9916 0.0000 0.1290 0.0000	</row2>
					<row3>	0.5668 0.4509 -7.8320 1.0000	</row3>
				</transform>
			</node>
			<node>
				<identifier>	MP_RM317_Sbomb_ejector_INDEX_4	</identifier>
				<transform>
					<row0>	0.1376 0.0000 -0.9905 0.0000	</row0>
					<row1>	0.0000 1.0000 0.0000 0.0000	</row1>
					<row2>	0.9905 0.0000 0.1376 0.0000	</row2>
					<row3>	-0.5332 0.4545 -8.0761 1.0000	</row3>
				</transform>
			</node>
			<node>
				<identifier>	MP_RM317_Sbomb_ejector_INDEX_5	</identifier>
				<transform>
					<row0>	0.1578 0.0000 -0.9875 0.0000	</row0>
					<row1>	0.0000 1.0000 0.0000 0.0000	</row1>
					<row2>	0.9875 0.0000 0.1578 0.0000	</row2>
					<row3>	-0.5210 0.4555 -8.1569 1.0000	</row3>
				</transform>
			</node>
			<node>
				<identifier>	MP_RM317_Sbomb_ejector_INDEX_6	</identifier>
				<transform>
					<row0>	0.1376 0.0000 0.9905 0.0000	</row0>
					<row1>	0.0000 1.0000 0.0000 0.0000	</row1>
					<row2>	-0.9905 0.0000 0.1376 0.0000	</row2>
					<row3>	0.5446 0.4534 -7.9940 1.0000	</row3>
				</transform>
			</node>
			<node>
				<identifier>	MP_RM317_Sbomb_ejector_INDEX_7	</identifier>
				<transform>
					<row0>	0.1774 0.0000 -0.9841 0.0000	</row0>
					<row1>	0.0000 1.0000 0.0000 0.0000	</row1>
					<row2>	0.9841 0.0000 0.1774 0.0000	</row2>
					<row3>	-0.5137 0.4560 -8.1970 1.0000	</row3>
				</transform>
			</node>
			<node>
				<identifier>	MP_RM317_Sbomb_ejector_INDEX_8	</identifier>
				<transform>
					<row0>	0.1324 0.0000 -0.9912 0.0000	</row0>
					<row1>	0.0000 1.0000 0.0000 0.0000	</row1>
					<row2>	0.9912 0.0000 0.1324 0.0000	</row2>
					<row3>	-0.5556 0.4522 -7.9136 1.0000	</row3>
				</transform>
			</node>
			<node>
				<identifier>	MP_RM317_Sbomb_ejector_INDEX_9	</identifier>
				<transform>
					<row0>	0.1578 0.0000 0.9875 0.0000	</row0>
					<row1>	0.0000 1.0000 0.0000 0.0000	</row1>
					<row2>	-0.9875 0.0000 0.1578 0.0000	</row2>
					<row3>	0.5210 0.4555 -8.1569 1.0000	</row3>
				</transform>
			</node>
			<node>
				<identifier>	SP_YMS002_YHBL_M_1_INDEX_1	</identifier>
				<transform>
					<row0>	0.9524 0.0000 0.3047 0.0000	</row0>
					<row1>	0.0000 1.0000 0.0000 0.0000	</row1>
					<row2>	-0.3047 0.0000 0.9524 0.0000	</row2>
					<row3>	-0.6970 0.4378 -6.3069 1.0000	</row3>
				</transform>
			</node>
			<node>
				<identifier>	SP_YMS003_YHBR_M_1_INDEX_1	</identifier>
				<transform>
					<row0>	0.9524 0.0000 -0.3047 0.0000	</row0>
					<row1>	0.0000 1.0000 0.0000 0.0000	</row1>
					<row2>	0.3047 0.0000 0.9524 0.0000	</row2>
					<row3>	0.6970 0.4378 -6.3069 1.0000	</row3>
				</transform>
			</node>
			<node>
				<identifier>	SP_YMS011_YHWL_M_1_INDEX_15	</identifier>
				<transform>
					<row0>	0.9554 0.2698 0.1197 0.0000	</row0>
					<row1>	-0.2672 0.9629 -0.0376 0.0000	</row1>
					<row2>	-0.1254 0.0039 0.9921 0.0000	</row2>
					<row3>	-0.7828 -0.0268 -5.7027 1.0000	</row3>
				</transform>
			</node>
			<node>
				<identifier>	SP_YMS011_YHWL_M_1_INDEX_16	</identifier>
				<transform>
					<row0>	0.9122 0.3862 0.1368 0.0000	</row0>
					<row1>	-0.3823 0.9224 -0.0548 0.0000	</row1>
					<row2>	-0.1474 -0.0023 0.9891 0.0000	</row2>
					<row3>	-0.6618 -0.0256 -6.5448 1.0000	</row3>
				</transform>
			</node>
			<node>
				<identifier>	SP_YMS011_YHWL_M_1_INDEX_17	</identifier>
				<transform>
					<row0>	0.8540 0.4963 0.1563 0.0000	</row0>
					<row1>	-0.4888 0.8682 -0.0860 0.0000	</row1>
					<row2>	-0.1784 -0.0029 0.9840 0.0000	</row2>
					<row3>	-0.5257 -0.0255 -7.3832 1.0000	</row3>
				</transform>
			</node>
			<node>
				<identifier>	SP_YMS012_YHWR_M_1_INDEX_15	</identifier>
				<transform>
					<row0>	0.9554 -0.2698 -0.1197 0.0000	</row0>
					<row1>	0.2672 0.9629 -0.0376 0.0000	</row1>
					<row2>	0.1254 0.0039 0.9921 0.0000	</row2>
					<row3>	0.7828 -0.0268 -5.7027 1.0000	</row3>
				</transform>
			</node>
			<node>
				<identifier>	SP_YMS012_YHWR_M_1_INDEX_16	</identifier>
				<transform>
					<row0>	0.9122 -0.3862 -0.1368 0.0000	</row0>
					<row1>	0.3823 0.9224 -0.0548 0.0000	</row1>
					<row2>	0.1474 -0.0023 0.9891 0.0000	</row2>
					<row3>	0.6618 -0.0256 -6.5448 1.0000	</row3>
				</transform>
			</node>
			<node>
				<identifier>	SP_YMS012_YHWR_M_1_INDEX_17	</identifier>
				<transform>
					<row0>	0.8540 -0.4963 -0.1563 0.0000	</row0>
					<row1>	0.4888 0.8682 -0.0860 0.0000	</row1>
					<row2>	0.1784 -0.0029 0.9840 0.0000	</row2>
					<row3>	0.5257 -0.0255 -7.3832 1.0000	</row3>
				</transform>
			</node>
			<node>
				<identifier>	SP_YMS023_YHUC_L_1	</identifier>
				<transform>
					<row0>	0.9949 -0.0853 -0.0532 0.0000	</row0>
					<row1>	0.0848 0.9963 -0.0116 0.0000	</row1>
					<row2>	0.0540 0.0070 0.9985 0.0000	</row2>
					<row3>	-0.6683 -0.4455 -6.1156 1.0000	</row3>
				</transform>
			</node>
			<node>
				<identifier>	SP_YMS023_YHUC_L_1_INDEX_1	</identifier>
				<transform>
					<row0>	0.9949 0.0853 0.0532 0.0000	</row0>
					<row1>	-0.0848 0.9963 -0.0116 0.0000	</row1>
					<row2>	-0.0540 0.0070 0.9985 0.0000	</row2>
					<row3>	0.6683 -0.4455 -6.1156 1.0000	</row3>
				</transform>
			</node>
			<node>
				<identifier>	SP_YMS023_YHUC_L_1_INDEX_2	</identifier>
				<transform>
					<row0>	0.9927 -0.1209 -0.0035 0.0000	</row0>
					<row1>	0.1209 0.9926 -0.0075 0.0000	</row1>
					<row2>	0.0044 0.0070 1.0000 0.0000	</row2>
					<row3>	-0.3023 -0.4436 -7.3188 1.0000	</row3>
				</transform>
			</node>
			<node>
				<identifier>	SP_YMS023_YHUC_L_1_INDEX_3	</identifier>
				<transform>
					<row0>	0.9927 0.1209 0.0035 0.0000	</row0>
					<row1>	-0.1209 0.9926 -0.0075 0.0000	</row1>
					<row2>	-0.0044 0.0070 1.0000 0.0000	</row2>
					<row3>	0.3023 -0.4436 -7.3188 1.0000	</row3>
				</transform>
			</node>
			<node>
				<identifier>	SP_YMS030_YHAM_M_1	</identifier>
				<transform>
					<row0>	0.8800 0.0000 0.0000 0.0000	</row0>
					<row1>	0.0000 0.8800 0.0000 0.0000	</row1>
					<row2>	0.0000 0.0000 0.8800 0.0000	</row2>
					<row3>	0.0000 0.4325 -9.1069 1.0000	</row3>
				</transform>
			</node>
			<node>
				<identifier>	SP_YMS031_YHAL_M_1	</identifier>
				<transform>
					<row0>	1.1924 0.2625 0.4464 0.0000	</row0>
					<row1>	-0.2513 1.2731 -0.0776 0.0000	</row1>
					<row2>	-0.4529 -0.0151 1.2185 0.0000	</row2>
					<row3>	-0.4000 0.3196 -8.7398 1.0000	</row3>
				</transform>
			</node>
			<node>
				<identifier>	SP_YMS032_YHAR_M_1	</identifier>
				<transform>
					<row0>	1.1924 -0.2625 -0.4464 0.0000	</row0>
					<row1>	0.2513 1.2731 -0.0776 0.0000	</row1>
					<row2>	0.4529 -0.0151 1.2185 0.0000	</row2>
					<row3>	0.4000 0.3196 -8.7398 1.0000	</row3>
				</transform>
			</node>
			<node>
				<identifier>	SP_YMS053_YHDC_S_1_INDEX_6	</identifier>
				<transform>
					<row0>	1.0000 0.0000 0.0000 0.0000	</row0>
					<row1>	0.0000 0.9999 0.0150 0.0000	</row1>
					<row2>	0.0000 -0.0150 0.9999 0.0000	</row2>
					<row3>	-0.5525 0.4132 -6.0864 1.0000	</row3>
				</transform>
			</node>
			<node>
				<identifier>	SP_YMS053_YHDC_S_1_INDEX_7	</identifier>
				<transform>
					<row0>	1.0000 0.0000 0.0000 0.0000	</row0>
					<row1>	0.0000 0.9999 0.0150 0.0000	</row1>
					<row2>	0.0000 -0.0150 0.9999 0.0000	</row2>
					<row3>	-0.4059 0.4291 -6.7662 1.0000	</row3>
				</transform>
			</node>
			<node>
				<identifier>	SP_YMS053_YHDC_S_1_INDEX_8	</identifier>
				<transform>
					<row0>	1.0000 0.0000 0.0000 0.0000	</row0>
					<row1>	0.0000 0.9999 0.0150 0.0000	</row1>
					<row2>	0.0000 -0.0150 0.9999 0.0000	</row2>
					<row3>	0.4059 0.4291 -6.7662 1.0000	</row3>
				</transform>
			</node>
			<node>
				<identifier>	SP_YMS053_YHDC_S_1_INDEX_9	</identifier>
				<transform>
					<row0>	1.0000 0.0000 0.0000 0.0000	</row0>
					<row1>	0.0000 0.9999 0.0150 0.0000	</row1>
					<row2>	0.0000 -0.0150 0.9999 0.0000	</row2>
					<row3>	0.5525 0.4132 -6.0864 1.0000	</row3>
				</transform>
			</node>
			<node>
				<identifier>	SP_YMS080_YHSL_M_1_INDEX_1	</identifier>
				<transform>
					<row0>	0.9141 0.3524 0.2004 0.0000	</row0>
					<row1>	-0.3553 0.9345 -0.0226 0.0000	</row1>
					<row2>	-0.1952 -0.0505 0.9795 0.0000	</row2>
					<row3>	-0.4776 0.1397 -8.0910 1.0000	</row3>
				</transform>
			</node>
			<node>
				<identifier>	SP_YMS081_YHSR_M_1_INDEX_1	</identifier>
				<transform>
					<row0>	0.9141 -0.3524 -0.2004 0.0000	</row0>
					<row1>	0.3553 0.9345 -0.0226 0.0000	</row1>
					<row2>	0.1952 -0.0505 0.9795 0.0000	</row2>
					<row3>	0.4776 0.1397 -8.0910 1.0000	</row3>
				</transform>
			</node>
		</node>
	</node>
	<boundingBox>
		<min>	-0.0667 -0.0667 -0.0667	</min>
		<max>	0.0667 0.0667 0.0667	</max>
	</boundingBox>
</RSC032_Stalingrad_1953_Stern_ports.visual>
