<BSB036_Collingwood_1942_MidFront_ports.visual>
	<node>
		<identifier>	Scene Root	</identifier>
		<transform>
			<row0>	1.0000 0.0000 0.0000 0.0000	</row0>
			<row1>	0.0000 1.0000 0.0000 0.0000	</row1>
			<row2>	0.0000 0.0000 1.0000 0.0000	</row2>
			<row3>	0.0000 0.0000 0.0000 1.0000	</row3>
		</transform>
		<node>
			<identifier>	MidFront_ports	</identifier>
			<transform>
				<row0>	1.0000 0.0000 0.0000 0.0000	</row0>
				<row1>	0.0000 1.0000 0.0000 0.0000	</row1>
				<row2>	0.0000 0.0000 1.0000 0.0000	</row2>
				<row3>	0.0000 0.0000 0.0000 1.0000	</row3>
			</transform>
			<node>
				<identifier>	HP_BGM_1	</identifier>
				<transform>
					<row0>	1.0000 0.0000 0.0000 0.0000	</row0>
					<row1>	0.0000 1.0000 0.0000 0.0000	</row1>
					<row2>	0.0000 0.0000 1.0000 0.0000	</row2>
					<row3>	0.0000 0.5691 3.0280 1.0000	</row3>
				</transform>
			</node>
			<node>
				<identifier>	HP_BGM_2	</identifier>
				<transform>
					<row0>	1.0000 0.0000 0.0000 0.0000	</row0>
					<row1>	0.0000 1.0000 0.0000 0.0000	</row1>
					<row2>	0.0000 0.0000 1.0000 0.0000	</row2>
					<row3>	0.0000 0.7418 1.9287 1.0000	</row3>
				</transform>
			</node>
			<node>
				<identifier>	HP_BGM_3	</identifier>
				<transform>
					<row0>	1.0000 0.0000 0.0000 0.0000	</row0>
					<row1>	0.0000 1.0000 0.0000 0.0000	</row1>
					<row2>	0.0000 0.0000 1.0000 0.0000	</row2>
					<row3>	0.0000 0.5686 0.3851 1.0000	</row3>
				</transform>
			</node>
			<node>
				<identifier>	HP_FX_Death_1	</identifier>
				<transform>
					<row0>	1.0000 0.0000 0.0000 0.0000	</row0>
					<row1>	0.0000 1.0000 0.0000 0.0000	</row1>
					<row2>	0.0000 0.0000 1.0000 0.0000	</row2>
					<row3>	0.0000 0.0000 4.2376 1.0000	</row3>
				</transform>
			</node>
			<node>
				<identifier>	HP_FX_Death_2	</identifier>
				<transform>
					<row0>	1.0000 0.0000 0.0000 0.0000	</row0>
					<row1>	0.0000 1.0000 0.0000 0.0000	</row1>
					<row2>	0.0000 0.0000 1.0000 0.0000	</row2>
					<row3>	0.0000 0.0000 -0.1384 1.0000	</row3>
				</transform>
			</node>
			<node>
				<identifier>	HP_FX_Fire_2	</identifier>
				<transform>
					<row0>	1.0000 0.0000 0.0000 0.0000	</row0>
					<row1>	0.0000 1.0000 0.0000 0.0000	</row1>
					<row2>	0.0000 0.0000 1.0000 0.0000	</row2>
					<row3>	0.0000 0.4901 1.1393 1.0000	</row3>
				</transform>
			</node>
			<node>
				<identifier>	HP_FX_Fire_2_side_1	</identifier>
				<transform>
					<row0>	0.9986 0.0000 -0.0531 0.0000	</row0>
					<row1>	0.0000 1.0000 0.0000 0.0000	</row1>
					<row2>	0.0531 0.0000 0.9986 0.0000	</row2>
					<row3>	-0.7694 0.5010 2.5533 1.0000	</row3>
				</transform>
			</node>
			<node>
				<identifier>	HP_FX_Fire_2_side_2	</identifier>
				<transform>
					<row0>	0.9971 0.0000 0.0763 0.0000	</row0>
					<row1>	0.0000 1.0000 0.0000 0.0000	</row1>
					<row2>	-0.0763 0.0000 0.9971 0.0000	</row2>
					<row3>	0.8672 0.4972 0.3214 1.0000	</row3>
				</transform>
			</node>
			<node>
				<identifier>	HP_FX_Flood_steam_left	</identifier>
				<transform>
					<row0>	-0.9945 0.0000 0.1048 0.0000	</row0>
					<row1>	0.0000 1.0000 0.0000 0.0000	</row1>
					<row2>	-0.1048 0.0000 -0.9945 0.0000	</row2>
					<row3>	-0.8679 0.4313 3.3317 1.0000	</row3>
				</transform>
			</node>
			<node>
				<identifier>	HP_FX_RepairLight_left_1	</identifier>
				<transform>
					<row0>	0.1436 0.0000 0.9896 0.0000	</row0>
					<row1>	-0.1140 0.9933 0.0165 0.0000	</row1>
					<row2>	-0.9831 -0.1152 0.1426 0.0000	</row2>
					<row3>	-0.8852 0.4942 3.2602 1.0000	</row3>
				</transform>
			</node>
			<node>
				<identifier>	HP_FX_RepairLight_right_1	</identifier>
				<transform>
					<row0>	0.0985 0.0000 -0.9951 0.0000	</row0>
					<row1>	0.0508 0.9987 0.0050 0.0000	</row1>
					<row2>	0.9938 -0.0511 0.0984 0.0000	</row2>
					<row3>	0.9137 0.4949 2.9881 1.0000	</row3>
				</transform>
			</node>
			<node>
				<identifier>	HP_Ship_death_2	</identifier>
				<transform>
					<row0>	1.0000 0.0000 0.0000 0.0000	</row0>
					<row1>	0.0000 1.0000 0.0000 0.0000	</row1>
					<row2>	0.0000 0.0000 1.0000 0.0000	</row2>
					<row3>	0.0000 0.0000 -0.1442 1.0000	</row3>
				</transform>
			</node>
			<node>
				<identifier>	MP_BM001_Paravane	</identifier>
				<transform>
					<row0>	-0.2369 0.9449 0.2260 0.0000	</row0>
					<row1>	-0.6840 -0.3274 0.6518 0.0000	</row1>
					<row2>	0.6899 -0.0002 0.7239 0.0000	</row2>
					<row3>	0.3542 0.5901 1.6453 1.0000	</row3>
				</transform>
			</node>
			<node>
				<identifier>	MP_BM001_Paravane_INDEX_1	</identifier>
				<transform>
					<row0>	-0.2369 -0.9449 -0.2260 0.0000	</row0>
					<row1>	0.6840 -0.3274 0.6518 0.0000	</row1>
					<row2>	-0.6899 -0.0002 0.7239 0.0000	</row2>
					<row3>	-0.3542 0.5901 1.6453 1.0000	</row3>
				</transform>
			</node>
			<node>
				<identifier>	MP_BM004_Reels	</identifier>
				<transform>
					<row0>	0.9631 -0.0010 -0.9887 0.0000	</row0>
					<row1>	0.0056 1.3802 0.0041 0.0000	</row1>
					<row2>	0.9887 -0.0068 0.9631 0.0000	</row2>
					<row3>	0.3586 0.5040 0.7505 1.0000	</row3>
				</transform>
			</node>
			<node>
				<identifier>	MP_BM004_Reels_INDEX_1	</identifier>
				<transform>
					<row0>	0.3707 0.0000 0.9288 0.0000	</row0>
					<row1>	-0.0156 0.9999 0.0062 0.0000	</row1>
					<row2>	-0.9286 -0.0168 0.3706 0.0000	</row2>
					<row3>	-0.4697 0.5055 2.1284 1.0000	</row3>
				</transform>
			</node>
			<node>
				<identifier>	MP_BM004_Reels_INDEX_2	</identifier>
				<transform>
					<row0>	0.9194 0.0007 1.0295 0.0000	</row0>
					<row1>	-0.0056 1.3802 0.0041 0.0000	</row1>
					<row2>	-1.0295 -0.0069 0.9193 0.0000	</row2>
					<row3>	-0.3784 0.5040 0.7290 1.0000	</row3>
				</transform>
			</node>
			<node>
				<identifier>	MP_BM004_Reels_INDEX_3	</identifier>
				<transform>
					<row0>	0.5865 0.0000 -0.8100 0.0000	</row0>
					<row1>	0.0041 1.0000 0.0029 0.0000	</row1>
					<row2>	0.8099 -0.0050 0.5865 0.0000	</row2>
					<row3>	0.4252 0.5055 2.2143 1.0000	</row3>
				</transform>
			</node>
			<node>
				<identifier>	MP_BM004_Reels_INDEX_4	</identifier>
				<transform>
					<row0>	0.9000 0.0158 1.0463 0.0000	</row0>
					<row1>	-0.0242 1.3800 0.0000 0.0000	</row1>
					<row2>	-1.0462 -0.0184 0.9001 0.0000	</row2>
					<row3>	-0.3791 0.5043 2.2716 1.0000	</row3>
				</transform>
			</node>
			<node>
				<identifier>	MP_BM004_Reels_INDEX_5	</identifier>
				<transform>
					<row0>	0.9474 -0.0009 -1.0038 0.0000	</row0>
					<row1>	0.0056 1.3802 0.0041 0.0000	</row1>
					<row2>	1.0037 -0.0069 0.9474 0.0000	</row2>
					<row3>	0.3571 0.5040 2.2943 1.0000	</row3>
				</transform>
			</node>
			<node>
				<identifier>	MP_BM515_Balsa_Raft	</identifier>
				<transform>
					<row0>	0.9999 0.0157 0.0000 0.0000	</row0>
					<row1>	-0.0157 0.9999 -0.0048 0.0000	</row1>
					<row2>	0.0000 0.0048 1.0000 0.0000	</row2>
					<row3>	-0.0928 0.5244 3.8956 1.0000	</row3>
				</transform>
			</node>
			<node>
				<identifier>	MP_BM700_Locker	</identifier>
				<transform>
					<row0>	0.0000 0.0000 -1.0000 0.0000	</row0>
					<row1>	0.0000 1.0000 0.0000 0.0000	</row1>
					<row2>	1.0000 0.0000 0.0000 0.0000	</row2>
					<row3>	0.0310 0.5236 4.0715 1.0000	</row3>
				</transform>
			</node>
			<node>
				<identifier>	MP_BM700_Locker_INDEX_1	</identifier>
				<transform>
					<row0>	0.0000 0.0000 -1.0000 0.0000	</row0>
					<row1>	0.0000 1.0000 0.0000 0.0000	</row1>
					<row2>	1.0000 0.0000 0.0000 0.0000	</row2>
					<row3>	-0.1781 0.5133 1.0448 1.0000	</row3>
				</transform>
			</node>
			<node>
				<identifier>	MP_BM700_Locker_INDEX_2	</identifier>
				<transform>
					<row0>	0.0000 0.0000 -1.0000 0.0000	</row0>
					<row1>	0.0000 1.0000 0.0000 0.0000	</row1>
					<row2>	1.0000 0.0000 0.0000 0.0000	</row2>
					<row3>	0.1789 0.5133 1.0448 1.0000	</row3>
				</transform>
			</node>
			<node>
				<identifier>	MP_BM700_Locker_INDEX_3	</identifier>
				<transform>
					<row0>	-1.0000 0.0000 0.0000 0.0000	</row0>
					<row1>	0.0000 1.0000 0.0000 0.0000	</row1>
					<row2>	0.0000 0.0000 -1.0000 0.0000	</row2>
					<row3>	0.4270 0.5161 4.0141 1.0000	</row3>
				</transform>
			</node>
			<node>
				<identifier>	MP_BM964_3ton_electrik_winch_R	</identifier>
				<transform>
					<row0>	0.0000 0.0000 1.0000 0.0000	</row0>
					<row1>	-0.0181 0.9998 0.0000 0.0000	</row1>
					<row2>	-0.9998 -0.0181 0.0000 0.0000	</row2>
					<row3>	-0.4655 0.5115 3.9509 1.0000	</row3>
				</transform>
			</node>
			<node>
				<identifier>	MP_BM964_3ton_electrik_winch_R_INDEX_1	</identifier>
				<transform>
					<row0>	0.0000 0.0000 1.0000 0.0000	</row0>
					<row1>	-0.0181 0.9998 0.0000 0.0000	</row1>
					<row2>	-0.9998 -0.0181 0.0000 0.0000	</row2>
					<row3>	-0.5065 0.5064 2.6121 1.0000	</row3>
				</transform>
			</node>
			<node>
				<identifier>	MP_BM964_3ton_electrik_winch_R_INDEX_2	</identifier>
				<transform>
					<row0>	0.0000 0.0000 1.0000 0.0000	</row0>
					<row1>	-0.0181 0.9998 0.0000 0.0000	</row1>
					<row2>	-0.9998 -0.0181 0.0000 0.0000	</row2>
					<row3>	-0.5057 0.5080 0.9874 1.0000	</row3>
				</transform>
			</node>
			<node>
				<identifier>	MP_BM965_3ton_electrik_winch_L	</identifier>
				<transform>
					<row0>	0.0000 0.0000 -1.0000 0.0000	</row0>
					<row1>	0.0181 0.9998 0.0000 0.0000	</row1>
					<row2>	0.9998 -0.0181 0.0000 0.0000	</row2>
					<row3>	0.5062 0.5078 0.9867 1.0000	</row3>
				</transform>
			</node>
			<node>
				<identifier>	MP_BM965_3ton_electrik_winch_L_INDEX_1	</identifier>
				<transform>
					<row0>	0.0000 0.0000 -1.0000 0.0000	</row0>
					<row1>	0.0181 0.9998 0.0000 0.0000	</row1>
					<row2>	0.9998 -0.0181 0.0000 0.0000	</row2>
					<row3>	0.5062 0.5059 2.6129 1.0000	</row3>
				</transform>
			</node>
			<node>
				<identifier>	MP_BM965_3ton_electrik_winch_L_INDEX_2	</identifier>
				<transform>
					<row0>	0.0000 0.0000 -1.0000 0.0000	</row0>
					<row1>	0.0181 0.9998 0.0000 0.0000	</row1>
					<row2>	0.9998 -0.0181 0.0000 0.0000	</row2>
					<row3>	0.4776 0.5120 3.8292 1.0000	</row3>
				</transform>
			</node>
			<node>
				<identifier>	MP_CM011_Fire_Fighting_Gear	</identifier>
				<transform>
					<row0>	-0.9999 0.0000 -0.0132 0.0000	</row0>
					<row1>	0.0000 1.0000 0.0000 0.0000	</row1>
					<row2>	0.0132 0.0000 -0.9999 0.0000	</row2>
					<row3>	0.0293 0.5193 3.4322 1.0000	</row3>
				</transform>
			</node>
			<node>
				<identifier>	MP_CM011_Fire_Fighting_Gear_INDEX_1	</identifier>
				<transform>
					<row0>	-0.9999 0.0000 0.0132 0.0000	</row0>
					<row1>	0.0000 1.0000 0.0000 0.0000	</row1>
					<row2>	-0.0132 0.0000 -0.9999 0.0000	</row2>
					<row3>	-0.0289 0.5146 2.3348 1.0000	</row3>
				</transform>
			</node>
			<node>
				<identifier>	MP_CM011_Fire_Fighting_Gear_INDEX_2	</identifier>
				<transform>
					<row0>	-0.9999 0.0000 0.0132 0.0000	</row0>
					<row1>	0.0000 1.0000 0.0000 0.0000	</row1>
					<row2>	-0.0132 0.0000 -0.9999 0.0000	</row2>
					<row3>	-0.1845 0.5218 4.2358 1.0000	</row3>
				</transform>
			</node>
			<node>
				<identifier>	MP_CM011_Fire_Fighting_Gear_INDEX_3	</identifier>
				<transform>
					<row0>	-0.9999 0.0000 -0.0132 0.0000	</row0>
					<row1>	0.0000 1.0000 0.0000 0.0000	</row1>
					<row2>	0.0132 0.0000 -0.9999 0.0000	</row2>
					<row3>	0.0294 0.5129 0.7915 1.0000	</row3>
				</transform>
			</node>
			<node>
				<identifier>	MP_CM011_Fire_Fighting_Gear_INDEX_4	</identifier>
				<transform>
					<row0>	-0.9999 0.0000 -0.0132 0.0000	</row0>
					<row1>	0.0000 1.0000 0.0000 0.0000	</row1>
					<row2>	0.0132 0.0000 -0.9999 0.0000	</row2>
					<row3>	0.1845 0.5218 4.2358 1.0000	</row3>
				</transform>
			</node>
			<node>
				<identifier>	MP_CM011_Fire_Fighting_Gear_INDEX_5	</identifier>
				<transform>
					<row0>	-0.9999 0.0000 0.0132 0.0000	</row0>
					<row1>	0.0000 1.0000 0.0000 0.0000	</row1>
					<row2>	-0.0132 0.0000 -0.9999 0.0000	</row2>
					<row3>	-0.0293 0.5193 3.4322 1.0000	</row3>
				</transform>
			</node>
			<node>
				<identifier>	MP_CM011_Fire_Fighting_Gear_INDEX_6	</identifier>
				<transform>
					<row0>	-0.9999 0.0000 -0.0132 0.0000	</row0>
					<row1>	0.0000 1.0000 0.0000 0.0000	</row1>
					<row2>	0.0132 0.0000 -0.9999 0.0000	</row2>
					<row3>	0.0289 0.5146 2.3348 1.0000	</row3>
				</transform>
			</node>
			<node>
				<identifier>	MP_CM012_Fire_Hose_Rack_1	</identifier>
				<transform>
					<row0>	-0.1046 0.0000 -0.9945 0.0000	</row0>
					<row1>	0.0000 1.0000 0.0000 0.0000	</row1>
					<row2>	0.9945 0.0000 -0.1046 0.0000	</row2>
					<row3>	0.0686 0.6066 2.3191 1.0000	</row3>
				</transform>
			</node>
			<node>
				<identifier>	MP_CM012_Fire_Hose_Rack_1_INDEX_1	</identifier>
				<transform>
					<row0>	0.1732 0.0000 -0.9849 0.0000	</row0>
					<row1>	0.0000 1.0000 0.0000 0.0000	</row1>
					<row2>	0.9849 0.0000 0.1732 0.0000	</row2>
					<row3>	-0.0686 0.6066 2.3191 1.0000	</row3>
				</transform>
			</node>
			<node>
				<identifier>	MP_CM013_Fire_Hose_Rack_2	</identifier>
				<transform>
					<row0>	0.0155 0.3656 -0.9306 0.0000	</row0>
					<row1>	-0.0061 0.9308 0.3656 0.0000	</row1>
					<row2>	0.9999 0.0000 0.0167 0.0000	</row2>
					<row3>	0.0821 0.5500 4.2591 1.0000	</row3>
				</transform>
			</node>
			<node>
				<identifier>	MP_CM013_Fire_Hose_Rack_2_INDEX_1	</identifier>
				<transform>
					<row0>	-0.1394 0.0000 -0.9902 0.0000	</row0>
					<row1>	0.0000 1.0000 0.0000 0.0000	</row1>
					<row2>	0.9902 0.0000 -0.1394 0.0000	</row2>
					<row3>	0.0692 0.5441 3.4188 1.0000	</row3>
				</transform>
			</node>
			<node>
				<identifier>	MP_CM013_Fire_Hose_Rack_2_INDEX_2	</identifier>
				<transform>
					<row0>	-0.0181 0.3656 -0.9306 0.0000	</row0>
					<row1>	0.0061 0.9308 0.3656 0.0000	</row1>
					<row2>	0.9998 0.0009 -0.0190 0.0000	</row2>
					<row3>	-0.0821 0.5500 4.2591 1.0000	</row3>
				</transform>
			</node>
			<node>
				<identifier>	MP_CM013_Fire_Hose_Rack_2_INDEX_3	</identifier>
				<transform>
					<row0>	0.1450 0.0000 -0.9894 0.0000	</row0>
					<row1>	0.0000 1.0000 0.0000 0.0000	</row1>
					<row2>	0.9894 0.0000 0.1450 0.0000	</row2>
					<row3>	-0.0765 0.5441 3.4179 1.0000	</row3>
				</transform>
			</node>
			<node>
				<identifier>	MP_CM013_Fire_Hose_Rack_2_INDEX_4	</identifier>
				<transform>
					<row0>	-0.1046 0.0000 -0.9945 0.0000	</row0>
					<row1>	0.0000 1.0000 0.0000 0.0000	</row1>
					<row2>	0.9945 0.0000 -0.1046 0.0000	</row2>
					<row3>	0.0686 0.5441 0.7762 1.0000	</row3>
				</transform>
			</node>
			<node>
				<identifier>	MP_CM059_Ladder_Cruiser	</identifier>
				<transform>
					<row0>	1.0000 -0.0079 0.0000 0.0000	</row0>
					<row1>	0.0079 1.0000 -0.0025 0.0000	</row1>
					<row2>	0.0000 0.0025 1.0000 0.0000	</row2>
					<row3>	0.4970 0.5088 0.5069 1.0000	</row3>
				</transform>
			</node>
			<node>
				<identifier>	MP_CM117_Ladder_Cruiser_L	</identifier>
				<transform>
					<row0>	1.0000 0.0079 0.0000 0.0000	</row0>
					<row1>	-0.0079 1.0000 -0.0025 0.0000	</row1>
					<row2>	0.0000 0.0025 1.0000 0.0000	</row2>
					<row3>	-0.4969 0.5089 0.5069 1.0000	</row3>
				</transform>
			</node>
		</node>
	</node>
	<boundingBox>
		<min>	-0.0667 -0.0667 -0.0667	</min>
		<max>	0.0667 0.0667 0.0667	</max>
	</boundingBox>
</BSB036_Collingwood_1942_MidFront_ports.visual>
