<SSC001_Canarias_1943_Stern_ports.visual>
	<node>
		<identifier>	Scene Root	</identifier>
		<transform>
			<row0>	1.0000 0.0000 0.0000 0.0000	</row0>
			<row1>	0.0000 1.0000 0.0000 0.0000	</row1>
			<row2>	0.0000 0.0000 1.0000 0.0000	</row2>
			<row3>	0.0000 0.0000 0.0000 1.0000	</row3>
		</transform>
		<node>
			<identifier>	Stern_ports	</identifier>
			<transform>
				<row0>	1.0000 0.0000 0.0000 0.0000	</row0>
				<row1>	0.0000 1.0000 0.0000 0.0000	</row1>
				<row2>	0.0000 0.0000 1.0000 0.0000	</row2>
				<row3>	0.0000 0.0000 0.0000 1.0000	</row3>
			</transform>
			<node>
				<identifier>	HP_FX_Fire_4	</identifier>
				<transform>
					<row0>	1.0000 0.0000 0.0000 0.0000	</row0>
					<row1>	0.0000 1.0000 0.0000 0.0000	</row1>
					<row2>	0.0000 0.0000 1.0000 0.0000	</row2>
					<row3>	0.0000 0.4542 -5.2235 1.0000	</row3>
				</transform>
			</node>
			<node>
				<identifier>	HP_FX_Flood_water_left_3	</identifier>
				<transform>
					<row0>	-0.9815 0.0000 -0.1915 0.0000	</row0>
					<row1>	0.0000 1.0000 0.0000 0.0000	</row1>
					<row2>	0.1915 0.0000 -0.9815 0.0000	</row2>
					<row3>	-0.2389 0.0926 -5.7404 1.0000	</row3>
				</transform>
			</node>
			<node>
				<identifier>	HP_FX_Flood_water_right_3	</identifier>
				<transform>
					<row0>	0.9762 0.0000 -0.2169 0.0000	</row0>
					<row1>	0.0000 1.0000 0.0000 0.0000	</row1>
					<row2>	0.2169 0.0000 0.9762 0.0000	</row2>
					<row3>	0.2347 0.0946 -5.7562 1.0000	</row3>
				</transform>
			</node>
			<node>
				<identifier>	HP_FX_WakeTraceBack	</identifier>
				<transform>
					<row0>	1.0000 0.0000 0.0000 0.0000	</row0>
					<row1>	0.0000 1.0000 0.0000 0.0000	</row1>
					<row2>	0.0000 0.0000 1.0000 0.0000	</row2>
					<row3>	0.0000 0.0000 -6.3717 1.0000	</row3>
				</transform>
			</node>
			<node>
				<identifier>	HP_FX_WakeTrace_screw_1	</identifier>
				<transform>
					<row0>	1.0000 0.0000 0.0000 0.0000	</row0>
					<row1>	0.0000 1.0000 0.0000 0.0000	</row1>
					<row2>	0.0000 0.0000 1.0000 0.0000	</row2>
					<row3>	0.1977 -0.3057 -5.3798 1.0000	</row3>
				</transform>
			</node>
			<node>
				<identifier>	HP_FX_WakeTrace_screw_2	</identifier>
				<transform>
					<row0>	1.0000 0.0000 0.0000 0.0000	</row0>
					<row1>	0.0000 1.0000 0.0000 0.0000	</row1>
					<row2>	0.0000 0.0000 1.0000 0.0000	</row2>
					<row3>	0.4107 -0.3043 -4.3960 1.0000	</row3>
				</transform>
			</node>
			<node>
				<identifier>	HP_FX_WakeTrace_screw_3	</identifier>
				<transform>
					<row0>	1.0000 0.0000 0.0000 0.0000	</row0>
					<row1>	0.0000 1.0000 0.0000 0.0000	</row1>
					<row2>	0.0000 0.0000 1.0000 0.0000	</row2>
					<row3>	-0.4107 -0.3043 -4.3960 1.0000	</row3>
				</transform>
			</node>
			<node>
				<identifier>	HP_FX_WakeTrace_screw_4	</identifier>
				<transform>
					<row0>	1.0000 0.0000 0.0000 0.0000	</row0>
					<row1>	0.0000 1.0000 0.0000 0.0000	</row1>
					<row2>	0.0000 0.0000 1.0000 0.0000	</row2>
					<row3>	-0.1977 -0.3057 -5.3798 1.0000	</row3>
				</transform>
			</node>
			<node>
				<identifier>	HP_SGB_1	</identifier>
				<transform>
					<row0>	-0.9320 0.0000 0.3624 0.0000	</row0>
					<row1>	-0.0315 0.9962 -0.0810 0.0000	</row1>
					<row2>	-0.3611 -0.0869 -0.9285 0.0000	</row2>
					<row3>	-0.0602 0.4699 -6.1368 1.0000	</row3>
				</transform>
			</node>
			<node>
				<identifier>	HP_SGM_4	</identifier>
				<transform>
					<row0>	-1.0000 0.0000 0.0000 0.0000	</row0>
					<row1>	0.0000 1.0000 0.0000 0.0000	</row1>
					<row2>	0.0000 0.0000 -1.0000 0.0000	</row2>
					<row3>	0.0000 0.4925 -4.3216 1.0000	</row3>
				</transform>
			</node>
			<node>
				<identifier>	HP_Ship_death_3	</identifier>
				<transform>
					<row0>	1.0000 0.0000 0.0000 0.0000	</row0>
					<row1>	0.0000 1.0000 0.0000 0.0000	</row1>
					<row2>	0.0000 0.0000 1.0000 0.0000	</row2>
					<row3>	0.0000 0.0000 -4.2711 1.0000	</row3>
				</transform>
			</node>
			<node>
				<identifier>	MP_CM126_Cleat	</identifier>
				<transform>
					<row0>	0.9925 0.0000 -0.1222 0.0000	</row0>
					<row1>	0.0000 1.0000 0.0000 0.0000	</row1>
					<row2>	0.1222 0.0000 0.9925 0.0000	</row2>
					<row3>	0.4494 0.4280 -4.7024 1.0000	</row3>
				</transform>
			</node>
			<node>
				<identifier>	MP_CM126_Cleat_INDEX_1	</identifier>
				<transform>
					<row0>	0.9925 0.0000 0.1222 0.0000	</row0>
					<row1>	0.0000 1.0000 0.0000 0.0000	</row1>
					<row2>	-0.1222 0.0000 0.9925 0.0000	</row2>
					<row3>	-0.4188 0.4304 -4.9260 1.0000	</row3>
				</transform>
			</node>
			<node>
				<identifier>	MP_CM126_Cleat_INDEX_2	</identifier>
				<transform>
					<row0>	0.9925 0.0000 -0.1222 0.0000	</row0>
					<row1>	0.0000 1.0000 0.0000 0.0000	</row1>
					<row2>	0.1222 0.0000 0.9925 0.0000	</row2>
					<row3>	0.4188 0.4304 -4.9260 1.0000	</row3>
				</transform>
			</node>
			<node>
				<identifier>	MP_CM126_Cleat_INDEX_3	</identifier>
				<transform>
					<row0>	0.9925 0.0000 0.1222 0.0000	</row0>
					<row1>	0.0000 1.0000 0.0000 0.0000	</row1>
					<row2>	-0.1222 0.0000 0.9925 0.0000	</row2>
					<row3>	-0.4732 0.4265 -4.5020 1.0000	</row3>
				</transform>
			</node>
			<node>
				<identifier>	MP_CM126_Cleat_INDEX_4	</identifier>
				<transform>
					<row0>	0.9925 0.0000 -0.1222 0.0000	</row0>
					<row1>	0.0000 1.0000 0.0000 0.0000	</row1>
					<row2>	0.1222 0.0000 0.9925 0.0000	</row2>
					<row3>	0.4732 0.4265 -4.5020 1.0000	</row3>
				</transform>
			</node>
			<node>
				<identifier>	MP_CM126_Cleat_INDEX_5	</identifier>
				<transform>
					<row0>	0.9925 0.0000 0.1222 0.0000	</row0>
					<row1>	0.0000 1.0000 0.0000 0.0000	</row1>
					<row2>	-0.1222 0.0000 0.9925 0.0000	</row2>
					<row3>	-0.4494 0.4280 -4.7024 1.0000	</row3>
				</transform>
			</node>
			<node>
				<identifier>	MP_CM127_Jacobs_ladder	</identifier>
				<transform>
					<row0>	0.9029 0.0147 -0.4295 0.0000	</row0>
					<row1>	-0.0057 0.9997 0.0223 0.0000	</row1>
					<row2>	0.4298 -0.0177 0.9028 0.0000	</row2>
					<row3>	0.0635 0.4578 -6.1678 1.0000	</row3>
				</transform>
			</node>
			<node>
				<identifier>	MP_CM161_Propeller_4_8m_BB_R	</identifier>
				<transform>
					<row0>	0.9215 -0.0006 0.0000 0.0000	</row0>
					<row1>	0.0006 0.9202 -0.0473 0.0000	</row1>
					<row2>	0.0000 0.0473 0.9202 0.0000	</row2>
					<row3>	0.1977 -0.3057 -5.3798 1.0000	</row3>
				</transform>
			</node>
			<node>
				<identifier>	MP_CM161_Propeller_4_8m_BB_R_INDEX_1	</identifier>
				<transform>
					<row0>	0.9211 0.0006 0.0242 0.0000	</row0>
					<row1>	0.0006 0.9202 -0.0473 0.0000	</row1>
					<row2>	-0.0242 0.0473 0.9199 0.0000	</row2>
					<row3>	0.4107 -0.3043 -4.3960 1.0000	</row3>
				</transform>
			</node>
			<node>
				<identifier>	MP_CM162_Propeller_4_8m_BB_L	</identifier>
				<transform>
					<row0>	0.9215 0.0006 0.0000 0.0000	</row0>
					<row1>	-0.0006 0.9202 -0.0473 0.0000	</row1>
					<row2>	0.0000 0.0473 0.9202 0.0000	</row2>
					<row3>	-0.1977 -0.3057 -5.3798 1.0000	</row3>
				</transform>
			</node>
			<node>
				<identifier>	MP_CM162_Propeller_4_8m_BB_L_INDEX_1	</identifier>
				<transform>
					<row0>	0.9211 -0.0006 -0.0242 0.0000	</row0>
					<row1>	-0.0006 0.9202 -0.0473 0.0000	</row1>
					<row2>	0.0242 0.0473 0.9199 0.0000	</row2>
					<row3>	-0.4107 -0.3043 -4.3960 1.0000	</row3>
				</transform>
			</node>
			<node>
				<identifier>	MP_SM001_Bench	</identifier>
				<transform>
					<row0>	-0.2372 0.0000 0.8854 0.0000	</row0>
					<row1>	0.0000 0.9166 0.0000 0.0000	</row1>
					<row2>	-0.8854 0.0000 -0.2372 0.0000	</row2>
					<row3>	-0.2035 0.4373 -5.7552 1.0000	</row3>
				</transform>
			</node>
			<node>
				<identifier>	MP_SM001_Bench_INDEX_1	</identifier>
				<transform>
					<row0>	-0.1635 0.0000 0.9019 0.0000	</row0>
					<row1>	0.0000 0.9166 0.0000 0.0000	</row1>
					<row2>	-0.9019 0.0000 -0.1635 0.0000	</row2>
					<row3>	-0.2840 0.4349 -5.4652 1.0000	</row3>
				</transform>
			</node>
			<node>
				<identifier>	MP_SM001_Bench_INDEX_2	</identifier>
				<transform>
					<row0>	-0.1635 0.0000 -0.9019 0.0000	</row0>
					<row1>	0.0000 0.9166 0.0000 0.0000	</row1>
					<row2>	0.9019 0.0000 -0.1635 0.0000	</row2>
					<row3>	0.2840 0.4349 -5.4652 1.0000	</row3>
				</transform>
			</node>
			<node>
				<identifier>	MP_SM026_Running_Lights_B	</identifier>
				<transform>
					<row0>	-1.0000 0.0000 0.0000 0.0000	</row0>
					<row1>	0.0000 1.0000 0.0000 0.0000	</row1>
					<row2>	0.0000 0.0000 -1.0000 0.0000	</row2>
					<row3>	0.0000 0.7319 -6.3624 1.0000	</row3>
				</transform>
			</node>
			<node>
				<identifier>	MP_SM031_Night_lifebuoy	</identifier>
				<transform>
					<row0>	-0.9631 0.1872 -0.1934 0.0000	</row0>
					<row1>	0.1842 0.9823 0.0336 0.0000	</row1>
					<row2>	0.1962 -0.0033 -0.9805 0.0000	</row2>
					<row3>	-0.3769 0.4442 -5.3395 1.0000	</row3>
				</transform>
			</node>
			<node>
				<identifier>	MP_SM031_Night_lifebuoy_INDEX_1	</identifier>
				<transform>
					<row0>	0.9665 0.1687 -0.1934 0.0000	</row0>
					<row1>	-0.1653 0.9857 0.0336 0.0000	</row1>
					<row2>	0.1963 -0.0005 0.9805 0.0000	</row2>
					<row3>	0.3769 0.4442 -5.3395 1.0000	</row3>
				</transform>
			</node>
			<node>
				<identifier>	MP_SM043_Helice_name	</identifier>
				<transform>
					<row0>	1.0000 0.0000 0.0000 0.0000	</row0>
					<row1>	0.0000 1.0000 0.0000 0.0000	</row1>
					<row2>	0.0000 0.0000 1.0000 0.0000	</row2>
					<row3>	0.0000 0.0000 0.0000 1.0000	</row3>
				</transform>
			</node>
		</node>
	</node>
	<boundingBox>
		<min>	-0.0667 -0.0667 -0.0667	</min>
		<max>	0.0667 0.0667 0.0667	</max>
	</boundingBox>
</SSC001_Canarias_1943_Stern_ports.visual>
