<ISD010_Adriatico_1945_MidFront_ports.visual>
	<node>
		<identifier>	Scene Root	</identifier>
		<transform>
			<row0>	1.0000 0.0000 0.0000 0.0000	</row0>
			<row1>	0.0000 1.0000 0.0000 0.0000	</row1>
			<row2>	0.0000 0.0000 1.0000 0.0000	</row2>
			<row3>	0.0000 0.0000 0.0000 1.0000	</row3>
		</transform>
		<node>
			<identifier>	MidFront_ports	</identifier>
			<transform>
				<row0>	1.0000 0.0000 0.0000 0.0000	</row0>
				<row1>	0.0000 1.0000 0.0000 0.0000	</row1>
				<row2>	0.0000 0.0000 1.0000 0.0000	</row2>
				<row3>	0.0000 0.0000 0.0000 1.0000	</row3>
			</transform>
			<node>
				<identifier>	HP_FX_Death_1	</identifier>
				<transform>
					<row0>	1.0000 0.0000 0.0000 0.0000	</row0>
					<row1>	0.0000 1.0000 0.0000 0.0000	</row1>
					<row2>	0.0000 0.0000 1.0000 0.0000	</row2>
					<row3>	0.0000 0.0590 2.5251 1.0000	</row3>
				</transform>
			</node>
			<node>
				<identifier>	HP_FX_Fire_2	</identifier>
				<transform>
					<row0>	1.0000 0.0000 0.0000 0.0000	</row0>
					<row1>	0.0000 1.0000 0.0000 0.0000	</row1>
					<row2>	0.0000 0.0000 1.0000 0.0000	</row2>
					<row3>	0.0000 0.3013 0.8219 1.0000	</row3>
				</transform>
			</node>
			<node>
				<identifier>	HP_FX_Fire_2_side_1	</identifier>
				<transform>
					<row0>	1.0000 0.0000 0.0000 0.0000	</row0>
					<row1>	0.0000 1.0000 0.0000 0.0000	</row1>
					<row2>	0.0000 0.0000 1.0000 0.0000	</row2>
					<row3>	-0.3567 0.3910 2.3886 1.0000	</row3>
				</transform>
			</node>
			<node>
				<identifier>	HP_FX_Fire_2_side_2	</identifier>
				<transform>
					<row0>	1.0000 0.0000 0.0000 0.0000	</row0>
					<row1>	0.0000 1.0000 0.0000 0.0000	</row1>
					<row2>	0.0000 0.0000 1.0000 0.0000	</row2>
					<row3>	0.3822 0.3439 1.7927 1.0000	</row3>
				</transform>
			</node>
			<node>
				<identifier>	HP_FX_FloodLight_left_2	</identifier>
				<transform>
					<row0>	-1.0000 0.0000 0.0000 0.0000	</row0>
					<row1>	0.0000 1.0000 0.0000 0.0000	</row1>
					<row2>	0.0000 0.0000 -1.0000 0.0000	</row2>
					<row3>	-0.2023 0.4538 1.6702 1.0000	</row3>
				</transform>
			</node>
			<node>
				<identifier>	HP_FX_FloodLight_right_2	</identifier>
				<transform>
					<row0>	1.0000 0.0000 0.0000 0.0000	</row0>
					<row1>	0.0000 1.0000 0.0000 0.0000	</row1>
					<row2>	0.0000 0.0000 1.0000 0.0000	</row2>
					<row3>	0.2031 0.4566 1.6707 1.0000	</row3>
				</transform>
			</node>
			<node>
				<identifier>	HP_FX_Flood_steam_1	</identifier>
				<transform>
					<row0>	1.0000 0.0000 0.0000 0.0000	</row0>
					<row1>	0.0000 0.9825 -0.1861 0.0000	</row1>
					<row2>	0.0000 0.1861 0.9825 0.0000	</row2>
					<row3>	-0.0581 1.0462 1.1412 1.0000	</row3>
				</transform>
			</node>
			<node>
				<identifier>	HP_FX_Flood_steam_2	</identifier>
				<transform>
					<row0>	1.0000 0.0000 0.0000 0.0000	</row0>
					<row1>	0.0000 0.9825 -0.1861 0.0000	</row1>
					<row2>	0.0000 0.1861 0.9825 0.0000	</row2>
					<row3>	0.0580 1.0460 1.1410 1.0000	</row3>
				</transform>
			</node>
			<node>
				<identifier>	HP_FX_Flood_steam_left	</identifier>
				<transform>
					<row0>	-1.0000 0.0000 0.0000 0.0000	</row0>
					<row1>	0.0000 1.0000 0.0000 0.0000	</row1>
					<row2>	0.0000 0.0000 -1.0000 0.0000	</row2>
					<row3>	-0.4176 0.3063 2.2019 1.0000	</row3>
				</transform>
			</node>
			<node>
				<identifier>	HP_FX_Flood_water_left_2	</identifier>
				<transform>
					<row0>	-0.9998 0.0000 0.0181 0.0000	</row0>
					<row1>	0.0000 1.0000 0.0000 0.0000	</row1>
					<row2>	-0.0181 0.0000 -0.9998 0.0000	</row2>
					<row3>	-0.4177 0.0286 1.1629 1.0000	</row3>
				</transform>
			</node>
			<node>
				<identifier>	HP_FX_Flood_water_left_3	</identifier>
				<transform>
					<row0>	-0.9998 0.0000 0.0181 0.0000	</row0>
					<row1>	0.0000 1.0000 0.0000 0.0000	</row1>
					<row2>	-0.0181 0.0000 -0.9998 0.0000	</row2>
					<row3>	-0.3789 0.0139 1.7048 1.0000	</row3>
				</transform>
			</node>
			<node>
				<identifier>	HP_FX_Flood_water_right_2	</identifier>
				<transform>
					<row0>	0.9991 0.0000 0.0423 0.0000	</row0>
					<row1>	0.0000 1.0000 0.0000 0.0000	</row1>
					<row2>	-0.0423 0.0000 0.9991 0.0000	</row2>
					<row3>	0.4153 0.0289 1.1994 1.0000	</row3>
				</transform>
			</node>
			<node>
				<identifier>	HP_FX_Flood_water_right_3	</identifier>
				<transform>
					<row0>	0.9980 0.0000 0.0625 0.0000	</row0>
					<row1>	0.0000 1.0000 0.0000 0.0000	</row1>
					<row2>	-0.0625 0.0000 0.9980 0.0000	</row2>
					<row3>	0.3788 0.0132 1.7053 1.0000	</row3>
				</transform>
			</node>
			<node>
				<identifier>	HP_FX_Smoke_1	</identifier>
				<transform>
					<row0>	1.0000 0.0000 0.0000 0.0000	</row0>
					<row1>	0.0000 0.9925 -0.1224 0.0000	</row1>
					<row2>	0.0000 0.1224 0.9925 0.0000	</row2>
					<row3>	0.0000 0.9437 0.9833 1.0000	</row3>
				</transform>
			</node>
			<node>
				<identifier>	HP_Flagpole	</identifier>
				<transform>
					<row0>	0.3960 0.0000 0.0000 0.0000	</row0>
					<row1>	0.0000 0.3878 -0.0800 0.0000	</row1>
					<row2>	0.0000 0.0800 0.3878 0.0000	</row2>
					<row3>	0.0000 1.6636 1.2546 1.0000	</row3>
				</transform>
			</node>
			<node>
				<identifier>	HP_ID_1	</identifier>
				<transform>
					<row0>	1.0000 0.0000 0.0000 0.0000	</row0>
					<row1>	0.0000 1.0000 0.0000 0.0000	</row1>
					<row2>	0.0000 0.0000 1.0000 0.0000	</row2>
					<row3>	0.0000 0.8315 1.9725 1.0000	</row3>
				</transform>
			</node>
			<node>
				<identifier>	HP_IGA_1	</identifier>
				<transform>
					<row0>	0.0000 0.0000 1.0000 0.0000	</row0>
					<row1>	0.0000 1.0000 0.0000 0.0000	</row1>
					<row2>	-1.0000 0.0000 0.0000 0.0000	</row2>
					<row3>	-0.3564 0.3396 1.8083 1.0000	</row3>
				</transform>
			</node>
			<node>
				<identifier>	HP_IGA_2	</identifier>
				<transform>
					<row0>	0.0000 0.0000 -1.0000 0.0000	</row0>
					<row1>	0.0000 1.0000 0.0000 0.0000	</row1>
					<row2>	1.0000 0.0000 0.0000 0.0000	</row2>
					<row3>	0.3564 0.3396 1.8083 1.0000	</row3>
				</transform>
			</node>
			<node>
				<identifier>	HP_IGM_1	</identifier>
				<transform>
					<row0>	1.0000 0.0000 0.0000 0.0000	</row0>
					<row1>	0.0000 1.0000 0.0000 0.0000	</row1>
					<row2>	0.0000 0.0000 1.0000 0.0000	</row2>
					<row3>	0.0000 0.3846 3.0993 1.0000	</row3>
				</transform>
			</node>
			<node>
				<identifier>	HP_IGM_2	</identifier>
				<transform>
					<row0>	1.0000 0.0000 0.0000 0.0000	</row0>
					<row1>	0.0000 1.0000 0.0000 0.0000	</row1>
					<row2>	0.0000 0.0000 1.0000 0.0000	</row2>
					<row3>	0.0000 0.5140 2.5972 1.0000	</row3>
				</transform>
			</node>
			<node>
				<identifier>	HP_IRS_1	</identifier>
				<transform>
					<row0>	1.0000 0.0000 0.0000 0.0000	</row0>
					<row1>	0.0000 1.0000 0.0000 0.0000	</row1>
					<row2>	0.0000 0.0000 1.0000 0.0000	</row2>
					<row3>	0.0000 1.1433 1.5270 1.0000	</row3>
				</transform>
			</node>
			<node>
				<identifier>	HP_flag_1	</identifier>
				<transform>
					<row0>	0.9982 -0.0596 0.0030 0.0000	</row0>
					<row1>	0.0596 0.9931 -0.1013 0.0000	</row1>
					<row2>	0.0030 0.1013 0.9949 0.0000	</row2>
					<row3>	0.1342 1.4357 1.3164 1.0000	</row3>
				</transform>
			</node>
			<node>
				<identifier>	HP_flag_2	</identifier>
				<transform>
					<row0>	0.9982 0.0596 -0.0030 0.0000	</row0>
					<row1>	-0.0596 0.9931 -0.1012 0.0000	</row1>
					<row2>	-0.0030 0.1012 0.9949 0.0000	</row2>
					<row3>	-0.1342 1.4357 1.3163 1.0000	</row3>
				</transform>
			</node>
			<node>
				<identifier>	HP_flag_3	</identifier>
				<transform>
					<row0>	0.9999 -0.0116 0.0006 0.0000	</row0>
					<row1>	0.0116 0.9948 -0.1012 0.0000	</row1>
					<row2>	0.0006 0.1012 0.9949 0.0000	</row2>
					<row3>	0.0699 1.4357 1.3162 1.0000	</row3>
				</transform>
			</node>
			<node>
				<identifier>	HP_flag_4	</identifier>
				<transform>
					<row0>	0.9999 0.0116 -0.0006 0.0000	</row0>
					<row1>	-0.0116 0.9948 -0.1012 0.0000	</row1>
					<row2>	-0.0006 0.1012 0.9949 0.0000	</row2>
					<row3>	-0.0699 1.4357 1.3161 1.0000	</row3>
				</transform>
			</node>
			<node>
				<identifier>	HP_flag_courtesy	</identifier>
				<transform>
					<row0>	0.9999 -0.0113 0.0006 0.0000	</row0>
					<row1>	0.0113 0.9945 -0.1041 0.0000	</row1>
					<row2>	0.0006 0.1041 0.9946 0.0000	</row2>
					<row3>	0.0921 1.6167 1.2941 1.0000	</row3>
				</transform>
			</node>
			<node>
				<identifier>	HP_flag_house	</identifier>
				<transform>
					<row0>	0.9999 0.0113 -0.0006 0.0000	</row0>
					<row1>	-0.0113 0.9945 -0.1041 0.0000	</row1>
					<row2>	-0.0006 0.1041 0.9946 0.0000	</row2>
					<row3>	-0.0921 1.6168 1.2947 1.0000	</row3>
				</transform>
			</node>
			<node>
				<identifier>	MP_CM029_Emergency_Box	</identifier>
				<transform>
					<row0>	0.0000 0.0000 -1.0000 0.0000	</row0>
					<row1>	0.0000 1.0000 0.0000 0.0000	</row1>
					<row2>	1.0000 0.0000 0.0000 0.0000	</row2>
					<row3>	-0.2065 0.2653 0.7081 1.0000	</row3>
				</transform>
			</node>
			<node>
				<identifier>	MP_CM029_Emergency_Box_INDEX_1	</identifier>
				<transform>
					<row0>	0.5041 0.0000 0.8636 0.0000	</row0>
					<row1>	0.0000 1.0000 0.0000 0.0000	</row1>
					<row2>	-0.8636 0.0000 0.5041 0.0000	</row2>
					<row3>	0.0807 0.7062 1.5220 1.0000	</row3>
				</transform>
			</node>
			<node>
				<identifier>	MP_CM029_Emergency_Box_INDEX_2	</identifier>
				<transform>
					<row0>	0.0000 0.0000 1.0000 0.0000	</row0>
					<row1>	0.0000 1.0000 0.0000 0.0000	</row1>
					<row2>	-1.0000 0.0000 0.0000 0.0000	</row2>
					<row3>	0.2065 0.2653 0.7081 1.0000	</row3>
				</transform>
			</node>
			<node>
				<identifier>	MP_CM029_Emergency_Box_INDEX_3	</identifier>
				<transform>
					<row0>	0.3973 0.0000 0.9177 0.0000	</row0>
					<row1>	0.0000 1.0000 0.0000 0.0000	</row1>
					<row2>	-0.9177 0.0000 0.3973 0.0000	</row2>
					<row3>	0.2288 0.2627 1.1904 1.0000	</row3>
				</transform>
			</node>
			<node>
				<identifier>	MP_CM029_Emergency_Box_INDEX_4	</identifier>
				<transform>
					<row0>	0.0336 0.0000 -0.9994 0.0000	</row0>
					<row1>	0.0000 1.0000 0.0000 0.0000	</row1>
					<row2>	0.9994 0.0000 0.0336 0.0000	</row2>
					<row3>	-0.2185 0.4023 1.8633 1.0000	</row3>
				</transform>
			</node>
			<node>
				<identifier>	MP_CM029_Emergency_Box_INDEX_5	</identifier>
				<transform>
					<row0>	0.3973 0.0000 -0.9177 0.0000	</row0>
					<row1>	0.0000 1.0000 0.0000 0.0000	</row1>
					<row2>	0.9177 0.0000 0.3973 0.0000	</row2>
					<row3>	-0.2288 0.2627 1.1904 1.0000	</row3>
				</transform>
			</node>
			<node>
				<identifier>	MP_CM029_Emergency_Box_INDEX_6	</identifier>
				<transform>
					<row0>	0.4997 0.0000 -0.8662 0.0000	</row0>
					<row1>	0.0000 1.0000 0.0000 0.0000	</row1>
					<row2>	0.8662 0.0000 0.4997 0.0000	</row2>
					<row3>	-0.0805 0.7062 1.5220 1.0000	</row3>
				</transform>
			</node>
			<node>
				<identifier>	MP_CM029_Emergency_Box_INDEX_7	</identifier>
				<transform>
					<row0>	0.0322 0.0000 0.9995 0.0000	</row0>
					<row1>	0.0000 1.0000 0.0000 0.0000	</row1>
					<row2>	-0.9995 0.0000 0.0322 0.0000	</row2>
					<row3>	0.2185 0.4023 1.8633 1.0000	</row3>
				</transform>
			</node>
			<node>
				<identifier>	MP_CM030_Swab_Rack_2	</identifier>
				<transform>
					<row0>	0.0000 0.0020 -1.0000 0.0000	</row0>
					<row1>	0.0000 1.0000 0.0020 0.0000	</row1>
					<row2>	1.0000 0.0000 0.0000 0.0000	</row2>
					<row3>	0.2001 0.1798 1.0850 1.0000	</row3>
				</transform>
			</node>
			<node>
				<identifier>	MP_CM030_Swab_Rack_2_INDEX_1	</identifier>
				<transform>
					<row0>	0.0000 -0.0020 1.0000 0.0000	</row0>
					<row1>	0.0000 1.0000 0.0020 0.0000	</row1>
					<row2>	-1.0000 0.0000 0.0000 0.0000	</row2>
					<row3>	-0.2001 0.1798 1.0850 1.0000	</row3>
				</transform>
			</node>
			<node>
				<identifier>	MP_CM052_Fender	</identifier>
				<transform>
					<row0>	0.4003 0.0000 0.2995 0.0000	</row0>
					<row1>	0.0000 0.5000 0.0000 0.0000	</row1>
					<row2>	-0.2995 0.0000 0.4003 0.0000	</row2>
					<row3>	-0.1130 0.3647 2.7435 1.0000	</row3>
				</transform>
			</node>
			<node>
				<identifier>	MP_CM052_Fender_INDEX_1	</identifier>
				<transform>
					<row0>	0.4003 0.0000 -0.2995 0.0000	</row0>
					<row1>	0.0000 0.5000 0.0000 0.0000	</row1>
					<row2>	0.2995 0.0000 0.4003 0.0000	</row2>
					<row3>	0.1130 0.3647 2.7435 1.0000	</row3>
				</transform>
			</node>
			<node>
				<identifier>	MP_CM056_Ships_bell	</identifier>
				<transform>
					<row0>	1.0000 0.0000 0.0000 0.0000	</row0>
					<row1>	0.0000 1.0000 0.0000 0.0000	</row1>
					<row2>	0.0000 0.0000 1.0000 0.0000	</row2>
					<row3>	0.0000 0.9578 1.7536 1.0000	</row3>
				</transform>
			</node>
			<node>
				<identifier>	MP_CM082_Rope	</identifier>
				<transform>
					<row0>	0.0000 0.0000 0.3500 0.0000	</row0>
					<row1>	0.0000 0.3500 0.0000 0.0000	</row1>
					<row2>	-0.3500 0.0000 0.0000 0.0000	</row2>
					<row3>	-0.0712 0.7176 1.3897 1.0000	</row3>
				</transform>
			</node>
			<node>
				<identifier>	MP_CM082_Rope_INDEX_1	</identifier>
				<transform>
					<row0>	0.0000 0.0000 0.3500 0.0000	</row0>
					<row1>	0.0000 0.3500 0.0000 0.0000	</row1>
					<row2>	-0.3500 0.0000 0.0000 0.0000	</row2>
					<row3>	0.0503 0.7177 1.3897 1.0000	</row3>
				</transform>
			</node>
			<node>
				<identifier>	MP_CM082_Rope_INDEX_10	</identifier>
				<transform>
					<row0>	0.0000 0.0000 0.3500 0.0000	</row0>
					<row1>	0.0000 0.3500 0.0000 0.0000	</row1>
					<row2>	-0.3500 0.0000 0.0000 0.0000	</row2>
					<row3>	0.0999 0.7175 1.3898 1.0000	</row3>
				</transform>
			</node>
			<node>
				<identifier>	MP_CM082_Rope_INDEX_11	</identifier>
				<transform>
					<row0>	0.0000 0.0000 -0.3500 0.0000	</row0>
					<row1>	0.0000 0.3500 0.0000 0.0000	</row1>
					<row2>	0.3500 0.0000 0.0000 0.0000	</row2>
					<row3>	-0.0816 0.7181 1.3896 1.0000	</row3>
				</transform>
			</node>
			<node>
				<identifier>	MP_CM082_Rope_INDEX_2	</identifier>
				<transform>
					<row0>	0.0000 0.0000 -0.3500 0.0000	</row0>
					<row1>	0.0000 0.3500 0.0000 0.0000	</row1>
					<row2>	0.3500 0.0000 0.0000 0.0000	</row2>
					<row3>	0.0712 0.7180 1.3895 1.0000	</row3>
				</transform>
			</node>
			<node>
				<identifier>	MP_CM082_Rope_INDEX_3	</identifier>
				<transform>
					<row0>	0.0000 0.0000 -0.3500 0.0000	</row0>
					<row1>	0.0000 0.3500 0.0000 0.0000	</row1>
					<row2>	0.3500 0.0000 0.0000 0.0000	</row2>
					<row3>	-0.0612 0.7181 1.3896 1.0000	</row3>
				</transform>
			</node>
			<node>
				<identifier>	MP_CM082_Rope_INDEX_4	</identifier>
				<transform>
					<row0>	0.0000 0.0000 0.3500 0.0000	</row0>
					<row1>	0.0000 0.3500 0.0000 0.0000	</row1>
					<row2>	-0.3500 0.0000 0.0000 0.0000	</row2>
					<row3>	0.0816 0.7175 1.3898 1.0000	</row3>
				</transform>
			</node>
			<node>
				<identifier>	MP_CM082_Rope_INDEX_5	</identifier>
				<transform>
					<row0>	0.0000 0.0000 -0.3500 0.0000	</row0>
					<row1>	0.0000 0.3500 0.0000 0.0000	</row1>
					<row2>	0.3500 0.0000 0.0000 0.0000	</row2>
					<row3>	0.0913 0.7180 1.3895 1.0000	</row3>
				</transform>
			</node>
			<node>
				<identifier>	MP_CM082_Rope_INDEX_6	</identifier>
				<transform>
					<row0>	0.0000 0.0000 -0.3500 0.0000	</row0>
					<row1>	0.0000 0.3500 0.0000 0.0000	</row1>
					<row2>	0.3500 0.0000 0.0000 0.0000	</row2>
					<row3>	-0.0503 0.7180 1.3894 1.0000	</row3>
				</transform>
			</node>
			<node>
				<identifier>	MP_CM082_Rope_INDEX_7	</identifier>
				<transform>
					<row0>	0.0000 0.0000 0.3500 0.0000	</row0>
					<row1>	0.0000 0.3500 0.0000 0.0000	</row1>
					<row2>	-0.3500 0.0000 0.0000 0.0000	</row2>
					<row3>	0.0612 0.7176 1.3897 1.0000	</row3>
				</transform>
			</node>
			<node>
				<identifier>	MP_CM082_Rope_INDEX_8	</identifier>
				<transform>
					<row0>	0.0000 0.0000 0.3500 0.0000	</row0>
					<row1>	0.0000 0.3500 0.0000 0.0000	</row1>
					<row2>	-0.3500 0.0000 0.0000 0.0000	</row2>
					<row3>	-0.0913 0.7177 1.3898 1.0000	</row3>
				</transform>
			</node>
			<node>
				<identifier>	MP_CM082_Rope_INDEX_9	</identifier>
				<transform>
					<row0>	0.0000 0.0000 -0.3500 0.0000	</row0>
					<row1>	0.0000 0.3500 0.0000 0.0000	</row1>
					<row2>	0.3500 0.0000 0.0000 0.0000	</row2>
					<row3>	-0.0999 0.7182 1.3895 1.0000	</row3>
				</transform>
			</node>
			<node>
				<identifier>	MP_CM092_Siren	</identifier>
				<transform>
					<row0>	1.7097 0.0000 0.0000 0.0000	</row0>
					<row1>	0.0000 1.7097 0.0000 0.0000	</row1>
					<row2>	0.0000 0.0000 1.7097 0.0000	</row2>
					<row3>	-0.0932 0.8582 1.1745 1.0000	</row3>
				</transform>
			</node>
			<node>
				<identifier>	MP_CM092_Siren_INDEX_1	</identifier>
				<transform>
					<row0>	1.7097 0.0000 0.0000 0.0000	</row0>
					<row1>	0.0000 1.7097 0.0000 0.0000	</row1>
					<row2>	0.0000 0.0000 1.7097 0.0000	</row2>
					<row3>	0.0932 0.8582 1.1745 1.0000	</row3>
				</transform>
			</node>
			<node>
				<identifier>	MP_CM102_Anchor_Navy_Stockless_top	</identifier>
				<transform>
					<row0>	0.5488 -0.2008 -0.1527 0.0000	</row0>
					<row1>	-0.0691 0.2320 -0.5534 0.0000	</row1>
					<row2>	0.2426 0.5203 0.1878 0.0000	</row2>
					<row3>	0.1938 0.3761 4.3956 1.0000	</row3>
				</transform>
			</node>
			<node>
				<identifier>	MP_CM102_Anchor_Navy_Stockless_top_INDEX_1	</identifier>
				<transform>
					<row0>	0.5488 0.2008 0.1527 0.0000	</row0>
					<row1>	0.0691 0.2320 -0.5534 0.0000	</row1>
					<row2>	-0.2426 0.5203 0.1878 0.0000	</row2>
					<row3>	-0.1938 0.3761 4.3956 1.0000	</row3>
				</transform>
			</node>
			<node>
				<identifier>	MP_CM103_Anchor_Navy_Stockless_Down	</identifier>
				<transform>
					<row0>	0.5538 -0.2399 -0.0227 0.0000	</row0>
					<row1>	0.0584 0.1889 -0.5707 0.0000	</row1>
					<row2>	0.2338 0.5211 0.1964 0.0000	</row2>
					<row3>	0.1949 0.3762 4.3956 1.0000	</row3>
				</transform>
			</node>
			<node>
				<identifier>	MP_CM103_Anchor_Navy_Stockless_Down_INDEX_1	</identifier>
				<transform>
					<row0>	0.5538 0.2399 0.0227 0.0000	</row0>
					<row1>	-0.0584 0.1889 -0.5707 0.0000	</row1>
					<row2>	-0.2338 0.5211 0.1964 0.0000	</row2>
					<row3>	-0.1948 0.3760 4.3959 1.0000	</row3>
				</transform>
			</node>
			<node>
				<identifier>	MP_IM001_Paramine_Tipo_C	</identifier>
				<transform>
					<row0>	0.0000 -1.0000 0.0000 0.0000	</row0>
					<row1>	1.0000 0.0000 0.0000 0.0000	</row1>
					<row2>	0.0000 0.0000 1.0000 0.0000	</row2>
					<row3>	-0.4289 0.2542 1.1266 1.0000	</row3>
				</transform>
			</node>
			<node>
				<identifier>	MP_IM001_Paramine_Tipo_C_INDEX_1	</identifier>
				<transform>
					<row0>	0.0000 1.0000 0.0000 0.0000	</row0>
					<row1>	-1.0000 0.0000 0.0000 0.0000	</row1>
					<row2>	0.0000 0.0000 1.0000 0.0000	</row2>
					<row3>	0.4289 0.2542 1.1266 1.0000	</row3>
				</transform>
			</node>
			<node>
				<identifier>	MP_IM021_Turtle	</identifier>
				<transform>
					<row0>	-0.0319 0.0000 0.9995 0.0000	</row0>
					<row1>	0.0000 1.0000 0.0000 0.0000	</row1>
					<row2>	-0.9995 0.0000 -0.0319 0.0000	</row2>
					<row3>	-0.2145 0.4120 1.9194 1.0000	</row3>
				</transform>
			</node>
			<node>
				<identifier>	MP_IM021_Turtle_INDEX_1	</identifier>
				<transform>
					<row0>	-0.0213 0.0000 0.9998 0.0000	</row0>
					<row1>	0.0000 1.0000 0.0000 0.0000	</row1>
					<row2>	-0.9998 0.0000 -0.0213 0.0000	</row2>
					<row3>	-0.2136 0.4120 1.8982 1.0000	</row3>
				</transform>
			</node>
			<node>
				<identifier>	MP_IM021_Turtle_INDEX_2	</identifier>
				<transform>
					<row0>	-0.0213 0.0000 -0.9998 0.0000	</row0>
					<row1>	0.0000 1.0000 0.0000 0.0000	</row1>
					<row2>	0.9998 0.0000 -0.0213 0.0000	</row2>
					<row3>	0.2136 0.4120 1.8982 1.0000	</row3>
				</transform>
			</node>
			<node>
				<identifier>	MP_IM021_Turtle_INDEX_3	</identifier>
				<transform>
					<row0>	-0.0319 0.0000 -0.9995 0.0000	</row0>
					<row1>	0.0000 1.0000 0.0000 0.0000	</row1>
					<row2>	0.9995 0.0000 -0.0319 0.0000	</row2>
					<row3>	0.2145 0.4120 1.9194 1.0000	</row3>
				</transform>
			</node>
			<node>
				<identifier>	MP_IM021_Turtle_INDEX_4	</identifier>
				<transform>
					<row0>	-0.0337 0.0000 -0.9994 0.0000	</row0>
					<row1>	0.0000 1.0000 0.0000 0.0000	</row1>
					<row2>	0.9994 0.0000 -0.0337 0.0000	</row2>
					<row3>	0.2151 0.4120 1.9398 1.0000	</row3>
				</transform>
			</node>
			<node>
				<identifier>	MP_IM021_Turtle_INDEX_5	</identifier>
				<transform>
					<row0>	-0.0337 0.0000 -0.9994 0.0000	</row0>
					<row1>	0.0000 1.0000 0.0000 0.0000	</row1>
					<row2>	0.9994 0.0000 -0.0337 0.0000	</row2>
					<row3>	0.2157 0.4120 1.9591 1.0000	</row3>
				</transform>
			</node>
			<node>
				<identifier>	MP_IM021_Turtle_INDEX_6	</identifier>
				<transform>
					<row0>	-0.0337 0.0000 0.9994 0.0000	</row0>
					<row1>	0.0000 1.0000 0.0000 0.0000	</row1>
					<row2>	-0.9994 0.0000 -0.0337 0.0000	</row2>
					<row3>	-0.2157 0.4120 1.9591 1.0000	</row3>
				</transform>
			</node>
			<node>
				<identifier>	MP_IM021_Turtle_INDEX_7	</identifier>
				<transform>
					<row0>	-0.0337 0.0000 0.9994 0.0000	</row0>
					<row1>	0.0000 1.0000 0.0000 0.0000	</row1>
					<row2>	-0.9994 0.0000 -0.0337 0.0000	</row2>
					<row3>	-0.2151 0.4120 1.9398 1.0000	</row3>
				</transform>
			</node>
			<node>
				<identifier>	MP_IM026_Reels	</identifier>
				<transform>
					<row0>	0.6427 0.0250 0.0000 0.0000	</row0>
					<row1>	-0.0250 0.6426 -0.0117 0.0000	</row1>
					<row2>	-0.0005 0.0117 0.6430 0.0000	</row2>
					<row3>	-0.0502 0.3849 3.5458 1.0000	</row3>
				</transform>
			</node>
			<node>
				<identifier>	MP_IM026_Reels_INDEX_1	</identifier>
				<transform>
					<row0>	0.6427 -0.0250 0.0000 0.0000	</row0>
					<row1>	0.0250 0.6426 -0.0117 0.0000	</row1>
					<row2>	0.0005 0.0117 0.6430 0.0000	</row2>
					<row3>	0.0502 0.3849 3.5458 1.0000	</row3>
				</transform>
			</node>
			<node>
				<identifier>	MP_IM026_Reels_INDEX_2	</identifier>
				<transform>
					<row0>	0.4191 0.0000 -0.4879 0.0000	</row0>
					<row1>	0.0000 0.6432 0.0000 0.0000	</row1>
					<row2>	0.4879 0.0000 0.4191 0.0000	</row2>
					<row3>	-0.0912 0.3375 0.8219 1.0000	</row3>
				</transform>
			</node>
			<node>
				<identifier>	MP_IM026_Reels_INDEX_3	</identifier>
				<transform>
					<row0>	0.4191 0.0000 0.4879 0.0000	</row0>
					<row1>	0.0000 0.6432 0.0000 0.0000	</row1>
					<row2>	-0.4879 0.0000 0.4191 0.0000	</row2>
					<row3>	0.0912 0.3375 0.8219 1.0000	</row3>
				</transform>
			</node>
			<node>
				<identifier>	MP_IM031_Fire_Fighting	</identifier>
				<transform>
					<row0>	0.0000 0.0000 -1.0000 0.0000	</row0>
					<row1>	0.0000 1.0000 0.0000 0.0000	</row1>
					<row2>	1.0000 0.0000 0.0000 0.0000	</row2>
					<row3>	-0.1912 0.3574 2.5687 1.0000	</row3>
				</transform>
			</node>
			<node>
				<identifier>	MP_IM031_Fire_Fighting_INDEX_1	</identifier>
				<transform>
					<row0>	1.0000 0.0000 0.0000 0.0000	</row0>
					<row1>	0.0000 1.0000 0.0000 0.0000	</row1>
					<row2>	0.0000 0.0000 1.0000 0.0000	</row2>
					<row3>	-0.1805 0.1788 0.6175 1.0000	</row3>
				</transform>
			</node>
			<node>
				<identifier>	MP_IM031_Fire_Fighting_INDEX_2	</identifier>
				<transform>
					<row0>	1.0000 0.0000 0.0000 0.0000	</row0>
					<row1>	0.0000 1.0000 0.0000 0.0000	</row1>
					<row2>	0.0000 0.0000 1.0000 0.0000	</row2>
					<row3>	0.1805 0.1788 0.6175 1.0000	</row3>
				</transform>
			</node>
			<node>
				<identifier>	MP_IM031_Fire_Fighting_INDEX_3	</identifier>
				<transform>
					<row0>	0.0000 0.0000 1.0000 0.0000	</row0>
					<row1>	0.0000 1.0000 0.0000 0.0000	</row1>
					<row2>	-1.0000 0.0000 0.0000 0.0000	</row2>
					<row3>	0.1912 0.3574 2.5687 1.0000	</row3>
				</transform>
			</node>
			<node>
				<identifier>	MP_IM031_Fire_Fighting_INDEX_4	</identifier>
				<transform>
					<row0>	1.0000 0.0000 0.0000 0.0000	</row0>
					<row1>	0.0000 1.0000 0.0000 0.0000	</row1>
					<row2>	0.0000 0.0000 1.0000 0.0000	</row2>
					<row3>	0.0000 0.3874 3.5899 1.0000	</row3>
				</transform>
			</node>
			<node>
				<identifier>	MP_IM032_Fire_Hose	</identifier>
				<transform>
					<row0>	0.1461 0.0000 0.9893 0.0000	</row0>
					<row1>	0.0000 1.0000 0.0000 0.0000	</row1>
					<row2>	-0.9893 0.0000 0.1461 0.0000	</row2>
					<row3>	-0.1828 0.4263 2.5267 1.0000	</row3>
				</transform>
			</node>
			<node>
				<identifier>	MP_IM032_Fire_Hose_INDEX_1	</identifier>
				<transform>
					<row0>	-0.9819 0.0189 0.1885 0.0000	</row0>
					<row1>	0.0625 0.9718 0.2276 0.0000	</row1>
					<row2>	-0.1789 0.2352 -0.9553 0.0000	</row2>
					<row3>	0.0329 0.4234 3.6054 1.0000	</row3>
				</transform>
			</node>
			<node>
				<identifier>	MP_IM032_Fire_Hose_INDEX_2	</identifier>
				<transform>
					<row0>	0.1461 0.0000 -0.9893 0.0000	</row0>
					<row1>	0.0000 1.0000 0.0000 0.0000	</row1>
					<row2>	0.9893 0.0000 0.1461 0.0000	</row2>
					<row3>	0.1830 0.4263 2.5267 1.0000	</row3>
				</transform>
			</node>
			<node>
				<identifier>	MP_IM033_Life_Buoy	</identifier>
				<transform>
					<row0>	-0.0971 0.0000 -0.9953 0.0000	</row0>
					<row1>	0.0000 1.0000 0.0000 0.0000	</row1>
					<row2>	0.9953 0.0000 -0.0971 0.0000	</row2>
					<row3>	-0.3061 0.7195 1.7479 1.0000	</row3>
				</transform>
			</node>
			<node>
				<identifier>	MP_IM033_Life_Buoy_INDEX_1	</identifier>
				<transform>
					<row0>	-0.0004 0.0000 1.0000 0.0000	</row0>
					<row1>	0.0000 1.0000 0.0000 0.0000	</row1>
					<row2>	-1.0000 0.0000 -0.0004 0.0000	</row2>
					<row3>	0.4422 0.2479 0.9089 1.0000	</row3>
				</transform>
			</node>
			<node>
				<identifier>	MP_IM033_Life_Buoy_INDEX_2	</identifier>
				<transform>
					<row0>	-0.0586 0.0000 0.9983 0.0000	</row0>
					<row1>	0.0000 1.0000 0.0000 0.0000	</row1>
					<row2>	-0.9983 0.0000 -0.0586 0.0000	</row2>
					<row3>	0.4058 0.4135 2.5671 1.0000	</row3>
				</transform>
			</node>
			<node>
				<identifier>	MP_IM033_Life_Buoy_INDEX_3	</identifier>
				<transform>
					<row0>	-0.0006 0.0000 -1.0000 0.0000	</row0>
					<row1>	0.0000 1.0000 0.0000 0.0000	</row1>
					<row2>	1.0000 0.0000 -0.0006 0.0000	</row2>
					<row3>	-0.4422 0.2479 0.9087 1.0000	</row3>
				</transform>
			</node>
			<node>
				<identifier>	MP_IM033_Life_Buoy_INDEX_4	</identifier>
				<transform>
					<row0>	-0.0971 0.0000 0.9953 0.0000	</row0>
					<row1>	0.0000 1.0000 0.0000 0.0000	</row1>
					<row2>	-0.9953 0.0000 -0.0971 0.0000	</row2>
					<row3>	0.3061 0.7195 1.7479 1.0000	</row3>
				</transform>
			</node>
			<node>
				<identifier>	MP_IM240_Plate_3m_Clean	</identifier>
				<transform>
					<row0>	0.0000 0.0000 1.0000 0.0000	</row0>
					<row1>	0.0000 -1.0000 0.0000 0.0000	</row1>
					<row2>	1.0000 0.0000 0.0000 0.0000	</row2>
					<row3>	0.0000 0.4501 3.6721 1.0000	</row3>
				</transform>
			</node>
			<node>
				<identifier>	MP_IM480_Bow_star	</identifier>
				<transform>
					<row0>	0.5258 0.0000 0.0000 0.0000	</row0>
					<row1>	0.0000 0.5048 0.1471 0.0000	</row1>
					<row2>	0.0000 -0.1471 0.5048 0.0000	</row2>
					<row3>	0.0000 0.4122 4.7249 1.0000	</row3>
				</transform>
			</node>
			<node>
				<identifier>	MP_IM530_Motolancia_6_5m	</identifier>
				<transform>
					<row0>	1.0000 0.0000 0.0000 0.0000	</row0>
					<row1>	0.0000 1.0000 0.0000 0.0000	</row1>
					<row2>	0.0000 0.0000 1.0000 0.0000	</row2>
					<row3>	0.3592 0.3564 1.2958 1.0000	</row3>
				</transform>
			</node>
			<node>
				<identifier>	MP_IM530_Motolancia_6_5m_INDEX_1	</identifier>
				<transform>
					<row0>	1.0000 0.0000 0.0000 0.0000	</row0>
					<row1>	0.0000 1.0000 0.0000 0.0000	</row1>
					<row2>	0.0000 0.0000 1.0000 0.0000	</row2>
					<row3>	-0.3592 0.3564 1.2958 1.0000	</row3>
				</transform>
			</node>
			<node>
				<identifier>	MP_IM533_Life_Boat_3_5m	</identifier>
				<transform>
					<row0>	0.0327 -0.9995 0.0032 0.0000	</row0>
					<row1>	0.9935 0.0322 -0.1092 0.0000	</row1>
					<row2>	0.1090 0.0068 0.9940 0.0000	</row2>
					<row3>	0.1254 0.5998 1.0656 1.0000	</row3>
				</transform>
			</node>
			<node>
				<identifier>	MP_IM533_Life_Boat_3_5m_INDEX_1	</identifier>
				<transform>
					<row0>	0.0327 0.9995 -0.0032 0.0000	</row0>
					<row1>	-0.9935 0.0322 -0.1092 0.0000	</row1>
					<row2>	-0.1090 0.0068 0.9940 0.0000	</row2>
					<row3>	-0.1254 0.5998 1.0656 1.0000	</row3>
				</transform>
			</node>
			<node>
				<identifier>	MP_IM600_Pelorus	</identifier>
				<transform>
					<row0>	0.0000 0.0000 -1.0000 0.0000	</row0>
					<row1>	0.0000 1.0000 0.0000 0.0000	</row1>
					<row2>	1.0000 0.0000 0.0000 0.0000	</row2>
					<row3>	0.2701 0.6514 1.6594 1.0000	</row3>
				</transform>
			</node>
			<node>
				<identifier>	MP_IM600_Pelorus_INDEX_1	</identifier>
				<transform>
					<row0>	0.0000 0.0000 -1.0000 0.0000	</row0>
					<row1>	0.0000 1.0000 0.0000 0.0000	</row1>
					<row2>	1.0000 0.0000 0.0000 0.0000	</row2>
					<row3>	-0.2701 0.6514 1.6594 1.0000	</row3>
				</transform>
			</node>
			<node>
				<identifier>	MP_IM609_VCU	</identifier>
				<transform>
					<row0>	0.0000 0.0000 -1.0000 0.0000	</row0>
					<row1>	0.0000 1.0000 0.0000 0.0000	</row1>
					<row2>	1.0000 0.0000 0.0000 0.0000	</row2>
					<row3>	0.2631 0.6513 1.7847 1.0000	</row3>
				</transform>
			</node>
			<node>
				<identifier>	MP_IM609_VCU_INDEX_1	</identifier>
				<transform>
					<row0>	0.0000 0.0000 1.0000 0.0000	</row0>
					<row1>	0.0000 1.0000 0.0000 0.0000	</row1>
					<row2>	-1.0000 0.0000 0.0000 0.0000	</row2>
					<row3>	-0.2631 0.6513 1.7847 1.0000	</row3>
				</transform>
			</node>
			<node>
				<identifier>	MP_IM613_Anemometer	</identifier>
				<transform>
					<row0>	1.0000 0.0000 0.0000 0.0000	</row0>
					<row1>	0.0000 1.0000 0.0000 0.0000	</row1>
					<row2>	0.0000 0.0000 1.0000 0.0000	</row2>
					<row3>	0.0000 1.4517 1.3530 1.0000	</row3>
				</transform>
			</node>
			<node>
				<identifier>	MP_IM614_Night_Director	</identifier>
				<transform>
					<row0>	1.0000 0.0000 0.0000 0.0000	</row0>
					<row1>	0.0000 1.0000 0.0000 0.0000	</row1>
					<row2>	0.0000 0.0000 1.0000 0.0000	</row2>
					<row3>	0.1534 0.7883 1.7651 1.0000	</row3>
				</transform>
			</node>
			<node>
				<identifier>	MP_IM614_Night_Director_INDEX_1	</identifier>
				<transform>
					<row0>	1.0000 0.0000 0.0000 0.0000	</row0>
					<row1>	0.0000 1.0000 0.0000 0.0000	</row1>
					<row2>	0.0000 0.0000 1.0000 0.0000	</row2>
					<row3>	-0.1534 0.7883 1.7651 1.0000	</row3>
				</transform>
			</node>
			<node>
				<identifier>	MP_IM620_Telegraph_Engine_L	</identifier>
				<transform>
					<row0>	0.8660 0.0000 0.5000 0.0000	</row0>
					<row1>	0.0000 1.0000 0.0000 0.0000	</row1>
					<row2>	-0.5000 0.0000 0.8660 0.0000	</row2>
					<row3>	-0.0808 0.6522 2.1299 1.0000	</row3>
				</transform>
			</node>
			<node>
				<identifier>	MP_IM621_Telegraph_Engine_R	</identifier>
				<transform>
					<row0>	0.8660 0.0000 -0.5000 0.0000	</row0>
					<row1>	0.0000 1.0000 0.0000 0.0000	</row1>
					<row2>	0.5000 0.0000 0.8660 0.0000	</row2>
					<row3>	0.0808 0.6522 2.1297 1.0000	</row3>
				</transform>
			</node>
			<node>
				<identifier>	MP_IM622_Telephone	</identifier>
				<transform>
					<row0>	1.0000 0.0000 0.0000 0.0000	</row0>
					<row1>	0.0000 1.0000 0.0000 0.0000	</row1>
					<row2>	0.0000 0.0000 1.0000 0.0000	</row2>
					<row3>	0.1426 0.2681 0.6333 1.0000	</row3>
				</transform>
			</node>
			<node>
				<identifier>	MP_IM622_Telephone_INDEX_1	</identifier>
				<transform>
					<row0>	0.4234 0.0000 0.9059 0.0000	</row0>
					<row1>	0.0000 1.0000 0.0000 0.0000	</row1>
					<row2>	-0.9059 0.0000 0.4234 0.0000	</row2>
					<row3>	-0.1350 0.7293 2.1083 1.0000	</row3>
				</transform>
			</node>
			<node>
				<identifier>	MP_IM622_Telephone_INDEX_2	</identifier>
				<transform>
					<row0>	0.4327 0.0000 -0.9016 0.0000	</row0>
					<row1>	0.0000 1.0000 0.0000 0.0000	</row1>
					<row2>	0.9016 0.0000 0.4327 0.0000	</row2>
					<row3>	0.1349 0.7293 2.1083 1.0000	</row3>
				</transform>
			</node>
			<node>
				<identifier>	MP_IM622_Telephone_INDEX_3	</identifier>
				<transform>
					<row0>	0.2902 0.0000 0.9570 0.0000	</row0>
					<row1>	0.0000 1.0000 0.0000 0.0000	</row1>
					<row2>	-0.9570 0.0000 0.2902 0.0000	</row2>
					<row3>	-0.2837 0.7121 1.8782 1.0000	</row3>
				</transform>
			</node>
			<node>
				<identifier>	MP_IM622_Telephone_INDEX_4	</identifier>
				<transform>
					<row0>	-1.0234 0.0000 0.0000 0.0000	</row0>
					<row1>	0.0000 1.0000 0.0000 0.0000	</row1>
					<row2>	0.0000 0.0000 -1.0000 0.0000	</row2>
					<row3>	-0.0441 1.0663 1.6024 1.0000	</row3>
				</transform>
			</node>
			<node>
				<identifier>	MP_IM622_Telephone_INDEX_5	</identifier>
				<transform>
					<row0>	0.2902 0.0000 -0.9570 0.0000	</row0>
					<row1>	0.0000 1.0000 0.0000 0.0000	</row1>
					<row2>	0.9570 0.0000 0.2902 0.0000	</row2>
					<row3>	0.2837 0.7121 1.8782 1.0000	</row3>
				</transform>
			</node>
			<node>
				<identifier>	MP_IM622_Telephone_INDEX_6	</identifier>
				<transform>
					<row0>	-0.4386 0.0000 -0.8987 0.0000	</row0>
					<row1>	0.0000 1.0000 0.0000 0.0000	</row1>
					<row2>	0.8987 0.0000 -0.4386 0.0000	</row2>
					<row3>	-0.0953 1.0840 1.5368 1.0000	</row3>
				</transform>
			</node>
			<node>
				<identifier>	MP_IM622_Telephone_INDEX_7	</identifier>
				<transform>
					<row0>	0.0487 -0.0004 -0.9988 0.0000	</row0>
					<row1>	0.0286 0.9996 0.0010 0.0000	</row1>
					<row2>	0.9984 -0.0286 0.0487 0.0000	</row2>
					<row3>	-0.2071 0.4114 1.7045 1.0000	</row3>
				</transform>
			</node>
			<node>
				<identifier>	MP_IM622_Telephone_INDEX_8	</identifier>
				<transform>
					<row0>	0.0487 0.0004 0.9988 0.0000	</row0>
					<row1>	-0.0286 0.9996 0.0010 0.0000	</row1>
					<row2>	-0.9984 -0.0286 0.0487 0.0000	</row2>
					<row3>	0.2071 0.4114 1.7045 1.0000	</row3>
				</transform>
			</node>
			<node>
				<identifier>	MP_IM623_Voice_Tube	</identifier>
				<transform>
					<row0>	0.9659 0.0000 0.2588 0.0000	</row0>
					<row1>	0.0000 1.0000 0.0000 0.0000	</row1>
					<row2>	-0.2588 0.0000 0.9659 0.0000	</row2>
					<row3>	0.0530 0.6522 2.1722 1.0000	</row3>
				</transform>
			</node>
			<node>
				<identifier>	MP_IM623_Voice_Tube_INDEX_1	</identifier>
				<transform>
					<row0>	0.9659 0.0000 -0.2588 0.0000	</row0>
					<row1>	0.0000 1.0000 0.0000 0.0000	</row1>
					<row2>	0.2588 0.0000 0.9659 0.0000	</row2>
					<row3>	-0.0530 0.6522 2.1722 1.0000	</row3>
				</transform>
			</node>
			<node>
				<identifier>	MP_IM623_Voice_Tube_INDEX_2	</identifier>
				<transform>
					<row0>	-1.0000 0.0000 0.0000 0.0000	</row0>
					<row1>	0.0000 1.0000 0.0000 0.0000	</row1>
					<row2>	0.0000 0.0000 -1.0000 0.0000	</row2>
					<row3>	-0.0257 0.9961 1.6080 1.0000	</row3>
				</transform>
			</node>
			<node>
				<identifier>	MP_IM623_Voice_Tube_INDEX_3	</identifier>
				<transform>
					<row0>	-1.0000 0.0000 0.0000 0.0000	</row0>
					<row1>	0.0000 1.0000 0.0000 0.0000	</row1>
					<row2>	0.0000 0.0000 -1.0000 0.0000	</row2>
					<row3>	0.0257 0.9961 1.6080 1.0000	</row3>
				</transform>
			</node>
			<node>
				<identifier>	MP_IM623_Voice_Tube_INDEX_4	</identifier>
				<transform>
					<row0>	0.0000 0.0000 1.0000 0.0000	</row0>
					<row1>	0.0000 1.0000 0.0000 0.0000	</row1>
					<row2>	-1.0000 0.0000 0.0000 0.0000	</row2>
					<row3>	0.1121 0.7883 1.7647 1.0000	</row3>
				</transform>
			</node>
			<node>
				<identifier>	MP_IM623_Voice_Tube_INDEX_5	</identifier>
				<transform>
					<row0>	0.0000 0.0000 -1.0000 0.0000	</row0>
					<row1>	0.0000 1.0000 0.0000 0.0000	</row1>
					<row2>	1.0000 0.0000 0.0000 0.0000	</row2>
					<row3>	-0.1121 0.7883 1.7647 1.0000	</row3>
				</transform>
			</node>
			<node>
				<identifier>	MP_IM623_Voice_Tube_INDEX_6	</identifier>
				<transform>
					<row0>	0.0000 0.0000 -1.0000 0.0000	</row0>
					<row1>	0.0000 1.0000 0.0000 0.0000	</row1>
					<row2>	1.0000 0.0000 0.0000 0.0000	</row2>
					<row3>	0.2955 0.6517 1.6921 1.0000	</row3>
				</transform>
			</node>
			<node>
				<identifier>	MP_IM623_Voice_Tube_INDEX_7	</identifier>
				<transform>
					<row0>	0.0000 0.0000 -1.0000 0.0000	</row0>
					<row1>	0.0000 1.0000 0.0000 0.0000	</row1>
					<row2>	1.0000 0.0000 0.0000 0.0000	</row2>
					<row3>	0.2877 0.6509 1.8179 1.0000	</row3>
				</transform>
			</node>
			<node>
				<identifier>	MP_IM623_Voice_Tube_INDEX_8	</identifier>
				<transform>
					<row0>	0.0000 0.0000 1.0000 0.0000	</row0>
					<row1>	0.0000 1.0000 0.0000 0.0000	</row1>
					<row2>	-1.0000 0.0000 0.0000 0.0000	</row2>
					<row3>	-0.2877 0.6509 1.8179 1.0000	</row3>
				</transform>
			</node>
			<node>
				<identifier>	MP_IM623_Voice_Tube_INDEX_9	</identifier>
				<transform>
					<row0>	0.0000 0.0000 1.0000 0.0000	</row0>
					<row1>	0.0000 1.0000 0.0000 0.0000	</row1>
					<row2>	-1.0000 0.0000 0.0000 0.0000	</row2>
					<row3>	-0.2955 0.6517 1.6921 1.0000	</row3>
				</transform>
			</node>
			<node>
				<identifier>	MP_IM624_Compass	</identifier>
				<transform>
					<row0>	1.0000 0.0000 0.0000 0.0000	</row0>
					<row1>	0.0000 1.0000 0.0000 0.0000	</row1>
					<row2>	0.0000 0.0000 1.0000 0.0000	</row2>
					<row3>	0.0000 0.6521 2.1724 1.0000	</row3>
				</transform>
			</node>
			<node>
				<identifier>	MP_IM627_Steering_Wheel	</identifier>
				<transform>
					<row0>	1.0000 0.0000 0.0000 0.0000	</row0>
					<row1>	0.0000 1.0000 0.0000 0.0000	</row1>
					<row2>	0.0000 0.0000 1.0000 0.0000	</row2>
					<row3>	0.0000 0.6528 2.1125 1.0000	</row3>
				</transform>
			</node>
			<node>
				<identifier>	MP_IM700_Ammunition_Box_37mm	</identifier>
				<transform>
					<row0>	-0.0607 0.0018 -0.9982 0.0000	</row0>
					<row1>	0.0203 0.9998 0.0006 0.0000	</row1>
					<row2>	0.9979 -0.0202 -0.0607 0.0000	</row2>
					<row3>	0.2166 0.3400 1.6640 1.0000	</row3>
				</transform>
			</node>
			<node>
				<identifier>	MP_IM700_Ammunition_Box_37mm_INDEX_1	</identifier>
				<transform>
					<row0>	-0.0050 -0.0195 -0.9998 0.0000	</row0>
					<row1>	0.0200 0.9996 -0.0196 0.0000	</row1>
					<row2>	0.9998 -0.0201 -0.0046 0.0000	</row2>
					<row3>	0.2280 0.3433 1.9474 1.0000	</row3>
				</transform>
			</node>
			<node>
				<identifier>	MP_IM700_Ammunition_Box_37mm_INDEX_10	</identifier>
				<transform>
					<row0>	-0.0607 -0.0154 0.9980 0.0000	</row0>
					<row1>	-0.0203 0.9997 0.0142 0.0000	</row1>
					<row2>	-0.9979 -0.0194 -0.0610 0.0000	</row2>
					<row3>	-0.2149 0.3402 1.6328 1.0000	</row3>
				</transform>
			</node>
			<node>
				<identifier>	MP_IM700_Ammunition_Box_37mm_INDEX_11	</identifier>
				<transform>
					<row0>	-0.0047 -0.0210 -0.9998 0.0000	</row0>
					<row1>	0.0245 0.9995 -0.0212 0.0000	</row1>
					<row2>	0.9997 -0.0246 -0.0042 0.0000	</row2>
					<row3>	0.2280 0.3426 1.9165 1.0000	</row3>
				</transform>
			</node>
			<node>
				<identifier>	MP_IM700_Ammunition_Box_37mm_INDEX_2	</identifier>
				<transform>
					<row0>	-0.0607 0.0154 -0.9980 0.0000	</row0>
					<row1>	0.0203 0.9997 0.0142 0.0000	</row1>
					<row2>	0.9979 -0.0194 -0.0610 0.0000	</row2>
					<row3>	0.2149 0.3402 1.6328 1.0000	</row3>
				</transform>
			</node>
			<node>
				<identifier>	MP_IM700_Ammunition_Box_37mm_INDEX_3	</identifier>
				<transform>
					<row0>	-0.0607 -0.0018 0.9982 0.0000	</row0>
					<row1>	-0.0203 0.9998 0.0006 0.0000	</row1>
					<row2>	-0.9979 -0.0202 -0.0607 0.0000	</row2>
					<row3>	-0.2166 0.3400 1.6640 1.0000	</row3>
				</transform>
			</node>
			<node>
				<identifier>	MP_IM700_Ammunition_Box_37mm_INDEX_4	</identifier>
				<transform>
					<row0>	-0.0051 -0.0219 -0.9997 0.0000	</row0>
					<row1>	0.0216 0.9995 -0.0220 0.0000	</row1>
					<row2>	0.9998 -0.0217 -0.0046 0.0000	</row2>
					<row3>	0.2280 0.3446 2.0092 1.0000	</row3>
				</transform>
			</node>
			<node>
				<identifier>	MP_IM700_Ammunition_Box_37mm_INDEX_5	</identifier>
				<transform>
					<row0>	-0.0051 -0.0213 -0.9998 0.0000	</row0>
					<row1>	0.0207 0.9996 -0.0214 0.0000	</row1>
					<row2>	0.9998 -0.0208 -0.0046 0.0000	</row2>
					<row3>	0.2281 0.3440 1.9783 1.0000	</row3>
				</transform>
			</node>
			<node>
				<identifier>	MP_IM700_Ammunition_Box_37mm_INDEX_6	</identifier>
				<transform>
					<row0>	-0.0051 0.0213 0.9998 0.0000	</row0>
					<row1>	-0.0207 0.9996 -0.0214 0.0000	</row1>
					<row2>	-0.9998 -0.0208 -0.0046 0.0000	</row2>
					<row3>	-0.2281 0.3440 1.9783 1.0000	</row3>
