<WSD002_Tatra_1918_MidBack_ports.visual>
	<node>
		<identifier>	Scene Root	</identifier>
		<transform>
			<row0>	1.0000 0.0000 0.0000 0.0000	</row0>
			<row1>	0.0000 1.0000 0.0000 0.0000	</row1>
			<row2>	0.0000 0.0000 1.0000 0.0000	</row2>
			<row3>	0.0000 0.0000 0.0000 1.0000	</row3>
		</transform>
		<node>
			<identifier>	MidBack_ports	</identifier>
			<transform>
				<row0>	1.0000 0.0000 0.0000 0.0000	</row0>
				<row1>	0.0000 1.0000 0.0000 0.0000	</row1>
				<row2>	0.0000 0.0000 1.0000 0.0000	</row2>
				<row3>	0.0000 0.0000 0.0000 1.0000	</row3>
			</transform>
			<node>
				<identifier>	HP_FX_Death_2	</identifier>
				<transform>
					<row0>	1.0000 0.0000 0.0000 0.0000	</row0>
					<row1>	0.0000 1.0000 0.0000 0.0000	</row1>
					<row2>	0.0000 0.0000 1.0000 0.0000	</row2>
					<row3>	0.0000 0.0000 -0.2892 1.0000	</row3>
				</transform>
			</node>
			<node>
				<identifier>	HP_FX_Death_3	</identifier>
				<transform>
					<row0>	1.0000 0.0000 0.0000 0.0000	</row0>
					<row1>	0.0000 1.0000 0.0000 0.0000	</row1>
					<row2>	0.0000 0.0000 1.0000 0.0000	</row2>
					<row3>	0.0000 0.0000 -1.5417 1.0000	</row3>
				</transform>
			</node>
			<node>
				<identifier>	HP_FX_Fire_3	</identifier>
				<transform>
					<row0>	1.0000 0.0000 0.0000 0.0000	</row0>
					<row1>	0.0000 1.0000 0.0000 0.0000	</row1>
					<row2>	0.0000 0.0000 1.0000 0.0000	</row2>
					<row3>	0.0000 0.1416 -0.6979 1.0000	</row3>
				</transform>
			</node>
			<node>
				<identifier>	HP_FX_Fire_3_side_1	</identifier>
				<transform>
					<row0>	1.0000 0.0000 0.0000 0.0000	</row0>
					<row1>	0.0000 1.0000 0.0000 0.0000	</row1>
					<row2>	0.0000 0.0000 1.0000 0.0000	</row2>
					<row3>	-0.1497 0.1264 -0.3094 1.0000	</row3>
				</transform>
			</node>
			<node>
				<identifier>	HP_FX_Fire_3_side_2	</identifier>
				<transform>
					<row0>	1.0000 0.0000 0.0000 0.0000	</row0>
					<row1>	0.0000 1.0000 0.0000 0.0000	</row1>
					<row2>	0.0000 0.0000 1.0000 0.0000	</row2>
					<row3>	0.1454 0.1261 -0.9598 1.0000	</row3>
				</transform>
			</node>
			<node>
				<identifier>	HP_FX_FloodLight_left_2	</identifier>
				<transform>
					<row0>	-1.0000 0.0000 0.0000 0.0000	</row0>
					<row1>	0.0000 1.0000 0.0000 0.0000	</row1>
					<row2>	0.0000 0.0000 -1.0000 0.0000	</row2>
					<row3>	-0.0388 0.3734 -0.2882 1.0000	</row3>
				</transform>
			</node>
			<node>
				<identifier>	HP_FX_FloodLight_right_2	</identifier>
				<transform>
					<row0>	1.0000 0.0000 0.0000 0.0000	</row0>
					<row1>	0.0000 1.0000 0.0000 0.0000	</row1>
					<row2>	0.0000 0.0000 1.0000 0.0000	</row2>
					<row3>	0.0414 0.3725 -0.2815 1.0000	</row3>
				</transform>
			</node>
			<node>
				<identifier>	HP_FX_Flood_steam_2	</identifier>
				<transform>
					<row0>	1.0000 0.0000 0.0000 0.0000	</row0>
					<row1>	0.0000 0.9518 -0.3068 0.0000	</row1>
					<row2>	0.0000 0.3068 0.9518 0.0000	</row2>
					<row3>	0.0015 0.4310 -0.3667 1.0000	</row3>
				</transform>
			</node>
			<node>
				<identifier>	HP_FX_Smoke_4	</identifier>
				<transform>
					<row0>	1.0000 0.0000 0.0000 0.0000	</row0>
					<row1>	0.0000 1.0000 0.0000 0.0000	</row1>
					<row2>	0.0000 0.0000 1.0000 0.0000	</row2>
					<row3>	-0.0008 0.4770 -0.2821 1.0000	</row3>
				</transform>
			</node>
			<node>
				<identifier>	HP_Ship_death_2	</identifier>
				<transform>
					<row0>	1.0000 0.0000 0.0000 0.0000	</row0>
					<row1>	0.0000 1.0000 0.0000 0.0000	</row1>
					<row2>	0.0000 0.0000 1.0000 0.0000	</row2>
					<row3>	0.0000 0.0000 -0.0578 1.0000	</row3>
				</transform>
			</node>
			<node>
				<identifier>	HP_WGT_1	</identifier>
				<transform>
					<row0>	-1.0000 0.0000 0.0000 0.0000	</row0>
					<row1>	0.0000 1.0000 0.0000 0.0000	</row1>
					<row2>	0.0000 0.0000 -1.0000 0.0000	</row2>
					<row3>	0.0000 0.1779 -0.9147 1.0000	</row3>
				</transform>
			</node>
			<node>
				<identifier>	HP_flag_nation	</identifier>
				<transform>
					<row0>	1.0000 0.0000 0.0000 0.0000	</row0>
					<row1>	0.0000 0.9947 -0.1025 0.0000	</row1>
					<row2>	0.0000 0.1025 0.9947 0.0000	</row2>
					<row3>	0.0000 1.4115 -1.5220 1.0000	</row3>
				</transform>
			</node>
			<node>
				<identifier>	MP_BM874_Searchlight_24in	</identifier>
				<transform>
					<row0>	-1.0000 0.0000 0.0000 0.0000	</row0>
					<row1>	0.0000 1.0000 0.0000 0.0000	</row1>
					<row2>	0.0000 0.0000 -1.0000 0.0000	</row2>
					<row3>	0.0000 0.3007 -1.3617 1.0000	</row3>
				</transform>
			</node>
			<node>
				<identifier>	MP_CM001_Propeller3_L	</identifier>
				<transform>
					<row0>	0.5588 0.0000 0.0000 0.0000	</row0>
					<row1>	0.0000 0.5586 -0.0146 0.0000	</row1>
					<row2>	0.0000 0.0146 0.5586 0.0000	</row2>
					<row3>	-0.1084 -0.1445 -2.4836 1.0000	</row3>
				</transform>
			</node>
			<node>
				<identifier>	MP_CM011_Fire_Fighting_Gear	</identifier>
				<transform>
					<row0>	-1.0000 0.0000 0.0000 0.0000	</row0>
					<row1>	0.0000 1.0000 0.0000 0.0000	</row1>
					<row2>	0.0000 0.0000 -1.0000 0.0000	</row2>
					<row3>	-0.0231 0.1639 -1.2858 1.0000	</row3>
				</transform>
			</node>
			<node>
				<identifier>	MP_CM011_Fire_Fighting_Gear_INDEX_1	</identifier>
				<transform>
					<row0>	-1.0000 0.0000 0.0000 0.0000	</row0>
					<row1>	0.0000 1.0000 0.0000 0.0000	</row1>
					<row2>	0.0000 0.0000 -1.0000 0.0000	</row2>
					<row3>	-0.0591 0.2051 -0.3862 1.0000	</row3>
				</transform>
			</node>
			<node>
				<identifier>	MP_CM032_Propeller3_R	</identifier>
				<transform>
					<row0>	0.5588 0.0000 0.0000 0.0000	</row0>
					<row1>	0.0000 0.5586 -0.0146 0.0000	</row1>
					<row2>	0.0000 0.0146 0.5586 0.0000	</row2>
					<row3>	0.1084 -0.1445 -2.4836 1.0000	</row3>
				</transform>
			</node>
			<node>
				<identifier>	MP_WM004_Life_buoy	</identifier>
				<transform>
					<row0>	0.7610 0.0000 0.0000 0.0000	</row0>
					<row1>	0.0000 0.7610 0.0000 0.0000	</row1>
					<row2>	0.0000 0.0000 0.7610 0.0000	</row2>
					<row3>	-0.0888 0.3286 -1.4026 1.0000	</row3>
				</transform>
			</node>
			<node>
				<identifier>	MP_WM004_Life_buoy_INDEX_1	</identifier>
				<transform>
					<row0>	0.7610 0.0000 0.0000 0.0000	</row0>
					<row1>	0.0000 0.7610 0.0000 0.0000	</row1>
					<row2>	0.0000 0.0000 0.7610 0.0000	</row2>
					<row3>	0.0733 0.3973 -0.5253 1.0000	</row3>
				</transform>
			</node>
			<node>
				<identifier>	MP_WM004_Life_buoy_INDEX_2	</identifier>
				<transform>
					<row0>	0.0000 0.0000 0.7610 0.0000	</row0>
					<row1>	0.0000 0.7610 0.0000 0.0000	</row1>
					<row2>	-0.7610 0.0000 0.0000 0.0000	</row2>
					<row3>	0.1164 0.3973 -0.4865 1.0000	</row3>
				</transform>
			</node>
			<node>
				<identifier>	MP_WM004_Life_buoy_INDEX_3	</identifier>
				<transform>
					<row0>	0.7610 0.0000 0.0000 0.0000	</row0>
					<row1>	0.0000 0.7610 0.0000 0.0000	</row1>
					<row2>	0.0000 0.0000 0.7610 0.0000	</row2>
					<row3>	0.0888 0.3286 -1.4026 1.0000	</row3>
				</transform>
			</node>
			<node>
				<identifier>	MP_WM004_Life_buoy_INDEX_4	</identifier>
				<transform>
					<row0>	0.7610 0.0000 0.0000 0.0000	</row0>
					<row1>	0.0000 0.7610 0.0000 0.0000	</row1>
					<row2>	0.0000 0.0000 0.7610 0.0000	</row2>
					<row3>	-0.0733 0.3973 -0.5253 1.0000	</row3>
				</transform>
			</node>
			<node>
				<identifier>	MP_WM004_Life_buoy_INDEX_5	</identifier>
				<transform>
					<row0>	0.0000 0.0000 -0.7610 0.0000	</row0>
					<row1>	0.0000 0.7610 0.0000 0.0000	</row1>
					<row2>	0.7610 0.0000 0.0000 0.0000	</row2>
					<row3>	-0.1164 0.3973 -0.4865 1.0000	</row3>
				</transform>
			</node>
			<node>
				<identifier>	MP_WM013_Fire_Hose_Rack_Box	</identifier>
				<transform>
					<row0>	0.0000 0.0000 -1.0000 0.0000	</row0>
					<row1>	0.0000 1.0000 0.0000 0.0000	</row1>
					<row2>	1.0000 0.0000 0.0000 0.0000	</row2>
					<row3>	-0.0428 0.2663 -0.3975 1.0000	</row3>
				</transform>
			</node>
			<node>
				<identifier>	MP_WM013_Fire_Hose_Rack_Box_INDEX_1	</identifier>
				<transform>
					<row0>	0.0000 0.0000 -1.0000 0.0000	</row0>
					<row1>	0.0000 1.0000 0.0000 0.0000	</row1>
					<row2>	1.0000 0.0000 0.0000 0.0000	</row2>
					<row3>	0.0300 0.1954 -1.2992 1.0000	</row3>
				</transform>
			</node>
			<node>
				<identifier>	MP_WM016_7cm_45_K09_TAG_Skoda	</identifier>
				<transform>
					<row0>	0.9511 0.0000 0.3090 0.0000	</row0>
					<row1>	0.0000 1.0000 0.0000 0.0000	</row1>
					<row2>	-0.3090 0.0000 0.9511 0.0000	</row2>
					<row3>	-0.2218 0.1251 -0.4548 1.0000	</row3>
				</transform>
			</node>
			<node>
				<identifier>	MP_WM016_7cm_45_K09_TAG_Skoda_INDEX_1	</identifier>
				<transform>
					<row0>	0.9511 0.0000 0.3090 0.0000	</row0>
					<row1>	0.0000 1.0000 0.0000 0.0000	</row1>
					<row2>	-0.3090 0.0000 0.9511 0.0000	</row2>
					<row3>	-0.2026 0.1261 -1.4059 1.0000	</row3>
				</transform>
			</node>
			<node>
				<identifier>	MP_WM016_7cm_45_K09_TAG_Skoda_INDEX_2	</identifier>
				<transform>
					<row0>	0.9511 0.0000 -0.3090 0.0000	</row0>
					<row1>	0.0000 1.0000 0.0000 0.0000	</row1>
					<row2>	0.3090 0.0000 0.9511 0.0000	</row2>
					<row3>	0.2026 0.1261 -1.4059 1.0000	</row3>
				</transform>
			</node>
			<node>
				<identifier>	MP_WM016_7cm_45_K09_TAG_Skoda_INDEX_3	</identifier>
				<transform>
					<row0>	0.9511 0.0000 -0.3090 0.0000	</row0>
					<row1>	0.0000 1.0000 0.0000 0.0000	</row1>
					<row2>	0.3090 0.0000 0.9511 0.0000	</row2>
					<row3>	0.2218 0.1251 -0.4548 1.0000	</row3>
				</transform>
			</node>
			<node>
				<identifier>	MP_WM023_Mannlicher_M1895_rifle	</identifier>
				<transform>
					<row0>	1.0000 0.0000 0.0000 0.0000	</row0>
					<row1>	0.0000 0.1215 -0.9926 0.0000	</row1>
					<row2>	0.0000 0.9926 0.1215 0.0000	</row2>
					<row3>	0.0334 0.1533 -1.3026 1.0000	</row3>
				</transform>
			</node>
			<node>
				<identifier>	MP_WM023_Mannlicher_M1895_rifle_INDEX_1	</identifier>
				<transform>
					<row0>	1.0000 0.0000 0.0000 0.0000	</row0>
					<row1>	0.0000 0.1215 -0.9926 0.0000	</row1>
					<row2>	0.0000 0.9926 0.1215 0.0000	</row2>
					<row3>	0.0387 0.1533 -1.3026 1.0000	</row3>
				</transform>
			</node>
			<node>
				<identifier>	MP_WM023_Mannlicher_M1895_rifle_INDEX_2	</identifier>
				<transform>
					<row0>	1.0000 0.0000 0.0000 0.0000	</row0>
					<row1>	0.0000 0.1215 -0.9926 0.0000	</row1>
					<row2>	0.0000 0.9926 0.1215 0.0000	</row2>
					<row3>	0.0547 0.1533 -1.3026 1.0000	</row3>
				</transform>
			</node>
			<node>
				<identifier>	MP_WM023_Mannlicher_M1895_rifle_INDEX_3	</identifier>
				<transform>
					<row0>	1.0000 0.0000 0.0000 0.0000	</row0>
					<row1>	0.0000 0.1215 -0.9926 0.0000	</row1>
					<row2>	0.0000 0.9926 0.1215 0.0000	</row2>
					<row3>	0.0281 0.1533 -1.3026 1.0000	</row3>
				</transform>
			</node>
			<node>
				<identifier>	MP_WM023_Mannlicher_M1895_rifle_INDEX_4	</identifier>
				<transform>
					<row0>	1.0000 0.0000 0.0000 0.0000	</row0>
					<row1>	0.0000 0.1215 -0.9926 0.0000	</row1>
					<row2>	0.0000 0.9926 0.1215 0.0000	</row2>
					<row3>	0.0707 0.1533 -1.3026 1.0000	</row3>
				</transform>
			</node>
			<node>
				<identifier>	MP_WM023_Mannlicher_M1895_rifle_INDEX_5	</identifier>
				<transform>
					<row0>	1.0000 0.0000 0.0000 0.0000	</row0>
					<row1>	0.0000 0.1215 -0.9926 0.0000	</row1>
					<row2>	0.0000 0.9926 0.1215 0.0000	</row2>
					<row3>	0.0654 0.1533 -1.3026 1.0000	</row3>
				</transform>
			</node>
			<node>
				<identifier>	MP_WM023_Mannlicher_M1895_rifle_INDEX_6	</identifier>
				<transform>
					<row0>	1.0000 0.0000 0.0000 0.0000	</row0>
					<row1>	0.0000 0.1215 -0.9926 0.0000	</row1>
					<row2>	0.0000 0.9926 0.1215 0.0000	</row2>
					<row3>	0.0601 0.1533 -1.3026 1.0000	</row3>
				</transform>
			</node>
			<node>
				<identifier>	MP_WM023_Mannlicher_M1895_rifle_INDEX_7	</identifier>
				<transform>
					<row0>	1.0000 0.0000 0.0000 0.0000	</row0>
					<row1>	0.0000 0.1215 -0.9926 0.0000	</row1>
					<row2>	0.0000 0.9926 0.1215 0.0000	</row2>
					<row3>	0.0441 0.1533 -1.3026 1.0000	</row3>
				</transform>
			</node>
			<node>
				<identifier>	MP_WM023_Mannlicher_M1895_rifle_INDEX_8	</identifier>
				<transform>
					<row0>	1.0000 0.0000 0.0000 0.0000	</row0>
					<row1>	0.0000 0.1215 -0.9926 0.0000	</row1>
					<row2>	0.0000 0.9926 0.1215 0.0000	</row2>
					<row3>	0.0227 0.1533 -1.3025 1.0000	</row3>
				</transform>
			</node>
			<node>
				<identifier>	MP_WM023_Mannlicher_M1895_rifle_INDEX_9	</identifier>
				<transform>
					<row0>	1.0000 0.0000 0.0000 0.0000	</row0>
					<row1>	0.0000 0.1215 -0.9926 0.0000	</row1>
					<row2>	0.0000 0.9926 0.1215 0.0000	</row2>
					<row3>	0.0494 0.1533 -1.3026 1.0000	</row3>
				</transform>
			</node>
			<node>
				<identifier>	MP_WM024_Schwarzlose_MG	</identifier>
				<transform>
					<row0>	0.0000 0.0000 1.0000 0.0000	</row0>
					<row1>	0.0000 1.0000 0.0000 0.0000	</row1>
					<row2>	-1.0000 0.0000 0.0000 0.0000	</row2>
					<row3>	-0.0985 0.3318 -0.4865 1.0000	</row3>
				</transform>
			</node>
			<node>
				<identifier>	MP_WM024_Schwarzlose_MG_INDEX_1	</identifier>
				<transform>
					<row0>	0.0000 0.0000 -1.0000 0.0000	</row0>
					<row1>	0.0000 1.0000 0.0000 0.0000	</row1>
					<row2>	1.0000 0.0000 0.0000 0.0000	</row2>
					<row3>	0.0985 0.3318 -0.4865 1.0000	</row3>
				</transform>
			</node>
		</node>
	</node>
	<boundingBox>
		<min>	-0.0667 -0.0667 -0.0667	</min>
		<max>	0.0667 0.0667 0.0667	</max>
	</boundingBox>
</WSD002_Tatra_1918_MidBack_ports.visual>
