<JSD019_Fubuki_1943_Stern_ports.visual>
	<node>
		<identifier>	Scene Root	</identifier>
		<transform>
			<row0>	1.0000 0.0000 0.0000 0.0000	</row0>
			<row1>	0.0000 1.0000 0.0000 0.0000	</row1>
			<row2>	0.0000 0.0000 1.0000 0.0000	</row2>
			<row3>	0.0000 0.0000 0.0000 1.0000	</row3>
		</transform>
		<node>
			<identifier>	Stern_ports	</identifier>
			<transform>
				<row0>	1.0000 0.0000 0.0000 0.0000	</row0>
				<row1>	0.0000 1.0000 0.0000 0.0000	</row1>
				<row2>	0.0000 0.0000 1.0000 0.0000	</row2>
				<row3>	0.0000 0.0000 0.0000 1.0000	</row3>
			</transform>
			<node>
				<identifier>	HP_FX_Fire_4	</identifier>
				<transform>
					<row0>	1.0000 0.0000 0.0000 0.0000	</row0>
					<row1>	0.0000 1.0000 0.0000 0.0000	</row1>
					<row2>	0.0000 0.0000 1.0000 0.0000	</row2>
					<row3>	0.0000 0.2311 -3.3898 1.0000	</row3>
				</transform>
			</node>
			<node>
				<identifier>	HP_FX_Flood_steam_right	</identifier>
				<transform>
					<row0>	1.0000 0.0000 0.0000 0.0000	</row0>
					<row1>	0.0000 1.0000 0.0000 0.0000	</row1>
					<row2>	0.0000 0.0000 1.0000 0.0000	</row2>
					<row3>	0.3127 0.2025 -2.9190 1.0000	</row3>
				</transform>
			</node>
			<node>
				<identifier>	HP_FX_WakeTraceBack	</identifier>
				<transform>
					<row0>	1.0000 0.0000 0.0000 0.0000	</row0>
					<row1>	0.0000 1.0000 0.0000 0.0000	</row1>
					<row2>	0.0000 0.0000 1.0000 0.0000	</row2>
					<row3>	0.0000 0.0000 -3.9230 1.0000	</row3>
				</transform>
			</node>
			<node>
				<identifier>	HP_FX_WakeTrace_screw_1	</identifier>
				<transform>
					<row0>	1.0000 0.0000 0.0000 0.0000	</row0>
					<row1>	0.0000 1.0000 0.0000 0.0000	</row1>
					<row2>	0.0000 0.0000 1.0000 0.0000	</row2>
					<row3>	-0.1432 -0.1559 -3.5105 1.0000	</row3>
				</transform>
			</node>
			<node>
				<identifier>	HP_FX_WakeTrace_screw_2	</identifier>
				<transform>
					<row0>	1.0000 0.0000 0.0000 0.0000	</row0>
					<row1>	0.0000 1.0000 0.0000 0.0000	</row1>
					<row2>	0.0000 0.0000 1.0000 0.0000	</row2>
					<row3>	0.1432 -0.1559 -3.5105 1.0000	</row3>
				</transform>
			</node>
			<node>
				<identifier>	HP_JGA_24	</identifier>
				<transform>
					<row0>	-0.7071 0.0000 0.7071 0.0000	</row0>
					<row1>	0.0000 1.0000 0.0000 0.0000	</row1>
					<row2>	-0.7071 0.0000 -0.7071 0.0000	</row2>
					<row3>	-0.1072 0.2245 -3.4998 1.0000	</row3>
				</transform>
			</node>
			<node>
				<identifier>	HP_JGA_25	</identifier>
				<transform>
					<row0>	-0.7071 0.0000 0.7071 0.0000	</row0>
					<row1>	0.0000 1.0000 0.0000 0.0000	</row1>
					<row2>	-0.7071 0.0000 -0.7071 0.0000	</row2>
					<row3>	-0.0914 0.2245 -3.6385 1.0000	</row3>
				</transform>
			</node>
			<node>
				<identifier>	HP_JGA_26	</identifier>
				<transform>
					<row0>	-0.7071 0.0000 -0.7071 0.0000	</row0>
					<row1>	0.0000 1.0000 0.0000 0.0000	</row1>
					<row2>	0.7071 0.0000 -0.7071 0.0000	</row2>
					<row3>	0.0914 0.2245 -3.6385 1.0000	</row3>
				</transform>
			</node>
			<node>
				<identifier>	HP_JGB_1	</identifier>
				<transform>
					<row0>	-1.0000 0.0000 0.0000 0.0000	</row0>
					<row1>	0.0000 1.0000 0.0000 0.0000	</row1>
					<row2>	0.0000 0.0000 -1.0000 0.0000	</row2>
					<row3>	0.0000 0.2245 -3.3963 1.0000	</row3>
				</transform>
			</node>
			<node>
				<identifier>	HP_JGB_2	</identifier>
				<transform>
					<row0>	-0.2842 0.0000 0.9588 0.0000	</row0>
					<row1>	0.0000 1.0000 0.0000 0.0000	</row1>
					<row2>	-0.9588 0.0000 -0.2842 0.0000	</row2>
					<row3>	-0.1847 0.2254 -3.6871 1.0000	</row3>
				</transform>
			</node>
			<node>
				<identifier>	HP_JGB_3	</identifier>
				<transform>
					<row0>	-0.2842 0.0000 -0.9588 0.0000	</row0>
					<row1>	0.0000 1.0000 0.0000 0.0000	</row1>
					<row2>	0.9588 0.0000 -0.2842 0.0000	</row2>
					<row3>	0.1847 0.2254 -3.6871 1.0000	</row3>
				</transform>
			</node>
			<node>
				<identifier>	HP_JGB_4	</identifier>
				<transform>
					<row0>	-0.3176 0.0000 0.9482 0.0000	</row0>
					<row1>	0.0000 1.0000 0.0000 0.0000	</row1>
					<row2>	-0.9482 0.0000 -0.3176 0.0000	</row2>
					<row3>	-0.1451 0.2254 -3.8176 1.0000	</row3>
				</transform>
			</node>
			<node>
				<identifier>	HP_JGB_5	</identifier>
				<transform>
					<row0>	-0.3176 0.0000 -0.9482 0.0000	</row0>
					<row1>	0.0000 1.0000 0.0000 0.0000	</row1>
					<row2>	0.9482 0.0000 -0.3176 0.0000	</row2>
					<row3>	0.1451 0.2254 -3.8176 1.0000	</row3>
				</transform>
			</node>
			<node>
				<identifier>	HP_JGM_2	</identifier>
				<transform>
					<row0>	-1.0000 0.0000 0.0000 0.0000	</row0>
					<row1>	0.0000 1.0000 0.0000 0.0000	</row1>
					<row2>	0.0000 0.0000 -1.0000 0.0000	</row2>
					<row3>	0.0000 0.2479 -2.8067 1.0000	</row3>
				</transform>
			</node>
			<node>
				<identifier>	HP_Ship_death_3	</identifier>
				<transform>
					<row0>	1.0000 0.0000 0.0000 0.0000	</row0>
					<row1>	0.0000 1.0000 0.0000 0.0000	</row1>
					<row2>	0.0000 0.0000 1.0000 0.0000	</row2>
					<row3>	0.0000 0.0000 -2.6294 1.0000	</row3>
				</transform>
			</node>
			<node>
				<identifier>	MP_CM001_Propeller3_L	</identifier>
				<transform>
					<row0>	0.8360 0.0000 0.0000 0.0000	</row0>
					<row1>	0.0000 0.8354 -0.0328 0.0000	</row1>
					<row2>	0.0000 0.0328 0.8354 0.0000	</row2>
					<row3>	-0.1432 -0.1559 -3.5105 1.0000	</row3>
				</transform>
			</node>
			<node>
				<identifier>	MP_CM004_Barbette_Out	</identifier>
				<transform>
					<row0>	1.0335 0.0000 0.0000 0.0000	</row0>
					<row1>	0.0000 0.3545 0.0000 0.0000	</row1>
					<row2>	0.0000 0.0000 1.0335 0.0000	</row2>
					<row3>	0.0000 0.2456 -2.8067 1.0000	</row3>
				</transform>
			</node>
			<node>
				<identifier>	MP_CM022_Anchor_3	</identifier>
				<transform>
					<row0>	0.0000 -0.9973 -0.0730 0.0000	</row0>
					<row1>	0.0000 0.0730 -0.9973 0.0000	</row1>
					<row2>	1.0000 0.0000 0.0000 0.0000	</row2>
					<row3>	0.0000 0.2377 -3.7480 1.0000	</row3>
				</transform>
			</node>
			<node>
				<identifier>	MP_CM032_Propeller3_R	</identifier>
				<transform>
					<row0>	0.8360 0.0000 0.0000 0.0000	</row0>
					<row1>	0.0000 0.8354 -0.0328 0.0000	</row1>
					<row2>	0.0000 0.0328 0.8354 0.0000	</row2>
					<row3>	0.1432 -0.1559 -3.5105 1.0000	</row3>
				</transform>
			</node>
			<node>
				<identifier>	MP_JM013_Reels_1	</identifier>
				<transform>
					<row0>	0.0000 0.0000 -0.6000 0.0000	</row0>
					<row1>	0.0000 0.6000 0.0000 0.0000	</row1>
					<row2>	0.6000 0.0000 0.0000 0.0000	</row2>
					<row3>	-0.1006 0.2225 -3.0825 1.0000	</row3>
				</transform>
			</node>
			<node>
				<identifier>	MP_JM013_Reels_1_INDEX_1	</identifier>
				<transform>
					<row0>	0.0000 0.0000 -0.6000 0.0000	</row0>
					<row1>	0.0000 0.6000 0.0000 0.0000	</row1>
					<row2>	0.6000 0.0000 0.0000 0.0000	</row2>
					<row3>	0.1006 0.2225 -3.0825 1.0000	</row3>
				</transform>
			</node>
			<node>
				<identifier>	MP_JM023_Ventilators_7	</identifier>
				<transform>
					<row0>	0.7000 0.0000 0.0000 0.0000	</row0>
					<row1>	0.0000 0.7000 0.0000 0.0000	</row1>
					<row2>	0.0000 0.0000 0.7000 0.0000	</row2>
					<row3>	-0.0372 0.2187 -3.0973 1.0000	</row3>
				</transform>
			</node>
			<node>
				<identifier>	MP_JM023_Ventilators_7_INDEX_1	</identifier>
				<transform>
					<row0>	0.7000 0.0000 0.0000 0.0000	</row0>
					<row1>	0.0000 0.7000 0.0000 0.0000	</row1>
					<row2>	0.0000 0.0000 0.7000 0.0000	</row2>
					<row3>	0.0333 0.2187 -3.7331 1.0000	</row3>
				</transform>
			</node>
			<node>
				<identifier>	MP_JM023_Ventilators_7_INDEX_2	</identifier>
				<transform>
					<row0>	0.7000 0.0000 0.0000 0.0000	</row0>
					<row1>	0.0000 0.7000 0.0000 0.0000	</row1>
					<row2>	0.0000 0.0000 0.7000 0.0000	</row2>
					<row3>	-0.0333 0.2187 -3.7332 1.0000	</row3>
				</transform>
			</node>
			<node>
				<identifier>	MP_JM023_Ventilators_7_INDEX_3	</identifier>
				<transform>
					<row0>	0.8000 0.0000 0.0000 0.0000	</row0>
					<row1>	0.0000 0.8000 0.0000 0.0000	</row1>
					<row2>	0.0000 0.0000 0.8000 0.0000	</row2>
					<row3>	0.0130 0.2187 -3.5803 1.0000	</row3>
				</transform>
			</node>
			<node>
				<identifier>	MP_JM024_Ventilators_8	</identifier>
				<transform>
					<row0>	1.0000 0.0000 0.0000 0.0000	</row0>
					<row1>	0.0000 1.0000 0.0000 0.0000	</row1>
					<row2>	0.0000 0.0000 1.0000 0.0000	</row2>
					<row3>	-0.0303 0.2187 -3.5491 1.0000	</row3>
				</transform>
			</node>
			<node>
				<identifier>	MP_JM024_Ventilators_8_INDEX_1	</identifier>
				<transform>
					<row0>	1.0000 0.0000 0.0000 0.0000	</row0>
					<row1>	0.0000 1.0000 0.0000 0.0000	</row1>
					<row2>	0.0000 0.0000 1.0000 0.0000	</row2>
					<row3>	-0.1535 0.2196 -3.1630 1.0000	</row3>
				</transform>
			</node>
			<node>
				<identifier>	MP_JM025_Fairled	</identifier>
				<transform>
					<row0>	0.0417 0.0000 0.3978 0.0000	</row0>
					<row1>	0.0000 0.4000 0.0000 0.0000	</row1>
					<row2>	-0.3978 0.0000 0.0417 0.0000	</row2>
					<row3>	0.2462 0.2210 -3.3395 1.0000	</row3>
				</transform>
			</node>
			<node>
				<identifier>	MP_JM025_Fairled_INDEX_1	</identifier>
				<transform>
					<row0>	-0.0397 0.0000 0.3980 0.0000	</row0>
					<row1>	0.0000 0.4000 0.0000 0.0000	</row1>
					<row2>	-0.3980 0.0000 -0.0397 0.0000	</row2>
					<row3>	-0.2462 0.2210 -3.3394 1.0000	</row3>
				</transform>
			</node>
			<node>
				<identifier>	MP_JM026_Bollards	</identifier>
				<transform>
					<row0>	0.0446 0.0000 0.5311 0.0000	</row0>
					<row1>	0.0000 0.5330 0.0000 0.0000	</row1>
					<row2>	-0.5311 0.0000 0.0446 0.0000	</row2>
					<row3>	0.2747 0.2224 -2.9531 1.0000	</row3>
				</transform>
			</node>
			<node>
				<identifier>	MP_JM026_Bollards_INDEX_1	</identifier>
				<transform>
					<row0>	-0.0486 0.0000 0.5308 0.0000	</row0>
					<row1>	0.0000 0.5330 0.0000 0.0000	</row1>
					<row2>	-0.5308 0.0000 -0.0486 0.0000	</row2>
					<row3>	-0.2747 0.2224 -2.9531 1.0000	</row3>
				</transform>
			</node>
			<node>
				<identifier>	MP_JM058_Deck_Hatch_7	</identifier>
				<transform>
					<row0>	0.9629 0.0000 0.2700 0.0000	</row0>
					<row1>	0.0000 1.0000 0.0000 0.0000	</row1>
					<row2>	-0.2700 0.0000 0.9629 0.0000	</row2>
					<row3>	0.0723 0.2242 -3.5249 1.0000	</row3>
				</transform>
			</node>
			<node>
				<identifier>	MP_JM058_Deck_Hatch_7_INDEX_1	</identifier>
				<transform>
					<row0>	0.5162 0.0000 -0.8565 0.0000	</row0>
					<row1>	0.0000 1.0000 0.0000 0.0000	</row1>
					<row2>	0.8565 0.0000 0.5162 0.0000	</row2>
					<row3>	-0.0130 0.2247 -3.6016 1.0000	</row3>
				</transform>
			</node>
			<node>
				<identifier>	MP_JM072_Crane_Small_1	</identifier>
				<transform>
					<row0>	0.9869 0.0000 0.1616 0.0000	</row0>
					<row1>	0.0000 1.0000 0.0000 0.0000	</row1>
					<row2>	-0.1616 0.0000 0.9869 0.0000	</row2>
					<row3>	-0.2003 0.2234 -3.5713 1.0000	</row3>
				</transform>
			</node>
			<node>
				<identifier>	MP_JM083_Depth_Charge_Roller_Rack	</identifier>
				<transform>
					<row0>	1.0000 0.0000 0.0000 0.0000	</row0>
					<row1>	0.0000 1.0000 0.0000 0.0000	</row1>
					<row2>	0.0000 0.0000 1.0000 0.0000	</row2>
					<row3>	0.0000 0.2237 -3.3078 1.0000	</row3>
				</transform>
			</node>
			<node>
				<identifier>	MP_JM088_Crane_Small_2	</identifier>
				<transform>
					<row0>	-0.7183 0.0000 0.6957 0.0000	</row0>
					<row1>	0.0000 1.0000 0.0000 0.0000	</row1>
					<row2>	-0.6957 0.0000 -0.7183 0.0000	</row2>
					<row3>	-0.2029 0.2225 -2.9896 1.0000	</row3>
				</transform>
			</node>
			<node>
				<identifier>	MP_JM091_20mm_Mortar	</identifier>
				<transform>
					<row0>	0.0000 0.0000 -1.0000 0.0000	</row0>
					<row1>	0.0000 1.0000 0.0000 0.0000	</row1>
					<row2>	1.0000 0.0000 0.0000 0.0000	</row2>
					<row3>	0.0000 0.2538 -3.2004 1.0000	</row3>
				</transform>
			</node>
			<node>
				<identifier>	MP_JM125_Signal_Lamp_3	</identifier>
				<transform>
					<row0>	1.3683 0.0000 0.0000 0.0000	</row0>
					<row1>	0.0000 1.3683 0.0000 0.0000	</row1>
					<row2>	0.0000 0.0000 1.3683 0.0000	</row2>
					<row3>	-0.0002 0.3452 -3.8405 1.0000	</row3>
				</transform>
			</node>
		</node>
	</node>
	<boundingBox>
		<min>	-0.0667 -0.0667 -0.0667	</min>
		<max>	0.0667 0.0667 0.0667	</max>
	</boundingBox>
</JSD019_Fubuki_1943_Stern_ports.visual>
