<ISC006_Milano_1943_MidFront_ports.visual>
	<node>
		<identifier>	Scene Root	</identifier>
		<transform>
			<row0>	1.0000 0.0000 0.0000 0.0000	</row0>
			<row1>	0.0000 1.0000 0.0000 0.0000	</row1>
			<row2>	0.0000 0.0000 1.0000 0.0000	</row2>
			<row3>	0.0000 0.0000 0.0000 1.0000	</row3>
		</transform>
		<node>
			<identifier>	MidFront_ports	</identifier>
			<transform>
				<row0>	1.0000 0.0000 0.0000 0.0000	</row0>
				<row1>	0.0000 1.0000 0.0000 0.0000	</row1>
				<row2>	0.0000 0.0000 1.0000 0.0000	</row2>
				<row3>	0.0000 0.0000 0.0000 1.0000	</row3>
			</transform>
			<node>
				<identifier>	HP_FX_Fire_2	</identifier>
				<transform>
					<row0>	1.0000 0.0000 0.0000 0.0000	</row0>
					<row1>	0.0000 1.0000 0.0000 0.0000	</row1>
					<row2>	0.0000 0.0000 1.0000 0.0000	</row2>
					<row3>	-0.3463 0.3313 3.0423 1.0000	</row3>
				</transform>
			</node>
			<node>
				<identifier>	HP_FX_Fire_2_side_1	</identifier>
				<transform>
					<row0>	1.0000 0.0000 0.0000 0.0000	</row0>
					<row1>	0.0000 1.0000 0.0000 0.0000	</row1>
					<row2>	0.0000 0.0000 1.0000 0.0000	</row2>
					<row3>	0.5465 0.2981 3.8304 1.0000	</row3>
				</transform>
			</node>
			<node>
				<identifier>	HP_FX_Fire_2_side_2	</identifier>
				<transform>
					<row0>	1.0000 0.0000 0.0000 0.0000	</row0>
					<row1>	0.0000 1.0000 0.0000 0.0000	</row1>
					<row2>	0.0000 0.0000 1.0000 0.0000	</row2>
					<row3>	-0.6766 0.2959 2.2949 1.0000	</row3>
				</transform>
			</node>
			<node>
				<identifier>	HP_FX_Flood_steam_left	</identifier>
				<transform>
					<row0>	-0.9960 0.0000 0.0891 0.0000	</row0>
					<row1>	0.0000 1.0000 0.0000 0.0000	</row1>
					<row2>	-0.0891 0.0000 -0.9960 0.0000	</row2>
					<row3>	-0.6710 0.2497 3.4199 1.0000	</row3>
				</transform>
			</node>
			<node>
				<identifier>	HP_FX_Flood_water_left_4	</identifier>
				<transform>
					<row0>	-1.0000 0.0000 0.0000 0.0000	</row0>
					<row1>	0.0000 1.0000 0.0000 0.0000	</row1>
					<row2>	0.0000 0.0000 -1.0000 0.0000	</row2>
					<row3>	-0.7006 0.0810 2.8570 1.0000	</row3>
				</transform>
			</node>
			<node>
				<identifier>	HP_FX_Flood_water_right_4	</identifier>
				<transform>
					<row0>	1.0000 0.0000 0.0000 0.0000	</row0>
					<row1>	0.0000 1.0000 0.0000 0.0000	</row1>
					<row2>	0.0000 0.0000 1.0000 0.0000	</row2>
					<row3>	0.7008 0.0818 2.8561 1.0000	</row3>
				</transform>
			</node>
			<node>
				<identifier>	HP_FX_RepairLight_left_1	</identifier>
				<transform>
					<row0>	0.0878 0.0000 0.9961 0.0000	</row0>
					<row1>	-0.0823 0.9966 0.0073 0.0000	</row1>
					<row2>	-0.9927 -0.0827 0.0875 0.0000	</row2>
					<row3>	-0.6766 0.2925 3.3963 1.0000	</row3>
				</transform>
			</node>
			<node>
				<identifier>	HP_FX_RepairLight_right_1	</identifier>
				<transform>
					<row0>	0.0519 0.0000 -0.9986 0.0000	</row0>
					<row1>	0.0204 0.9998 0.0011 0.0000	</row1>
					<row2>	0.9984 -0.0204 0.0519 0.0000	</row2>
					<row3>	0.7693 0.2856 1.9468 1.0000	</row3>
				</transform>
			</node>
			<node>
				<identifier>	HP_IGA_3	</identifier>
				<transform>
					<row0>	0.5736 0.0000 0.8192 0.0000	</row0>
					<row1>	0.0000 1.0000 0.0000 0.0000	</row1>
					<row2>	-0.8192 0.0000 0.5736 0.0000	</row2>
					<row3>	-0.5889 0.2809 2.0958 1.0000	</row3>
				</transform>
			</node>
			<node>
				<identifier>	HP_IGA_4	</identifier>
				<transform>
					<row0>	0.5736 0.0000 -0.8192 0.0000	</row0>
					<row1>	0.0000 1.0000 0.0000 0.0000	</row1>
					<row2>	0.8192 0.0000 0.5736 0.0000	</row2>
					<row3>	0.5889 0.2809 2.0958 1.0000	</row3>
				</transform>
			</node>
			<node>
				<identifier>	HP_IGA_5	</identifier>
				<transform>
					<row0>	0.5000 0.0000 0.8660 0.0000	</row0>
					<row1>	0.0000 1.0000 0.0000 0.0000	</row1>
					<row2>	-0.8660 0.0000 0.5000 0.0000	</row2>
					<row3>	-0.6712 0.2809 1.7064 1.0000	</row3>
				</transform>
			</node>
			<node>
				<identifier>	HP_IGA_6	</identifier>
				<transform>
					<row0>	0.5000 0.0000 -0.8660 0.0000	</row0>
					<row1>	0.0000 1.0000 0.0000 0.0000	</row1>
					<row2>	0.8660 0.0000 0.5000 0.0000	</row2>
					<row3>	0.6712 0.2809 1.7064 1.0000	</row3>
				</transform>
			</node>
			<node>
				<identifier>	HP_IGM_1	</identifier>
				<transform>
					<row0>	1.0000 0.0000 0.0000 0.0000	</row0>
					<row1>	0.0000 1.0000 0.0000 0.0000	</row1>
					<row2>	0.0000 0.0000 1.0000 0.0000	</row2>
					<row3>	0.0000 0.3652 3.4458 1.0000	</row3>
				</transform>
			</node>
			<node>
				<identifier>	HP_IGM_2	</identifier>
				<transform>
					<row0>	1.0000 0.0000 0.0000 0.0000	</row0>
					<row1>	0.0000 1.0000 0.0000 0.0000	</row1>
					<row2>	0.0000 0.0000 1.0000 0.0000	</row2>
					<row3>	0.0000 0.4313 2.6664 1.0000	</row3>
				</transform>
			</node>
			<node>
				<identifier>	HP_IGM_3	</identifier>
				<transform>
					<row0>	1.0000 0.0000 0.0000 0.0000	</row0>
					<row1>	0.0000 1.0000 0.0000 0.0000	</row1>
					<row2>	0.0000 0.0000 1.0000 0.0000	</row2>
					<row3>	0.0000 0.6007 1.8860 1.0000	</row3>
				</transform>
			</node>
			<node>
				<identifier>	MP_CM011_Fire_Fighting_Gear	</identifier>
				<transform>
					<row0>	-1.0000 0.0000 0.0000 0.0000	</row0>
					<row1>	0.0000 1.0000 0.0000 0.0000	</row1>
					<row2>	0.0000 0.0000 -1.0000 0.0000	</row2>
					<row3>	-0.2026 0.2975 3.6402 1.0000	</row3>
				</transform>
			</node>
			<node>
				<identifier>	MP_CM011_Fire_Fighting_Gear_INDEX_1	</identifier>
				<transform>
					<row0>	0.0000 0.0000 1.0000 0.0000	</row0>
					<row1>	0.0000 1.0000 0.0000 0.0000	</row1>
					<row2>	-1.0000 0.0000 0.0000 0.0000	</row2>
					<row3>	0.1955 0.2845 2.8562 1.0000	</row3>
				</transform>
			</node>
			<node>
				<identifier>	MP_CM011_Fire_Fighting_Gear_INDEX_2	</identifier>
				<transform>
					<row0>	0.0000 0.0000 1.0000 0.0000	</row0>
					<row1>	0.0000 1.0000 0.0000 0.0000	</row1>
					<row2>	-1.0000 0.0000 0.0000 0.0000	</row2>
					<row3>	0.3774 0.2819 2.1953 1.0000	</row3>
				</transform>
			</node>
			<node>
				<identifier>	MP_CM011_Fire_Fighting_Gear_INDEX_3	</identifier>
				<transform>
					<row0>	0.0000 0.0000 -1.0000 0.0000	</row0>
					<row1>	0.0000 1.0000 0.0000 0.0000	</row1>
					<row2>	1.0000 0.0000 0.0000 0.0000	</row2>
					<row3>	-0.3774 0.2819 2.1953 1.0000	</row3>
				</transform>
			</node>
			<node>
				<identifier>	MP_CM011_Fire_Fighting_Gear_INDEX_4	</identifier>
				<transform>
					<row0>	-1.0000 0.0000 0.0000 0.0000	</row0>
					<row1>	0.0000 1.0000 0.0000 0.0000	</row1>
					<row2>	0.0000 0.0000 -1.0000 0.0000	</row2>
					<row3>	0.2026 0.2975 3.6402 1.0000	</row3>
				</transform>
			</node>
			<node>
				<identifier>	MP_CM011_Fire_Fighting_Gear_INDEX_5	</identifier>
				<transform>
					<row0>	0.0000 0.0000 -1.0000 0.0000	</row0>
					<row1>	0.0000 1.0000 0.0000 0.0000	</row1>
					<row2>	1.0000 0.0000 0.0000 0.0000	</row2>
					<row3>	-0.1955 0.2845 2.8562 1.0000	</row3>
				</transform>
			</node>
			<node>
				<identifier>	MP_CM011_Fire_Fighting_Gear_INDEX_6	</identifier>
				<transform>
					<row0>	0.0000 0.0000 1.0000 0.0000	</row0>
					<row1>	0.0000 1.0000 0.0000 0.0000	</row1>
					<row2>	-1.0000 0.0000 0.0000 0.0000	</row2>
					<row3>	0.3778 0.2840 1.4620 1.0000	</row3>
				</transform>
			</node>
			<node>
				<identifier>	MP_CM013_Fire_Hose_Rack_2	</identifier>
				<transform>
					<row0>	-1.0000 0.0000 0.0000 0.0000	</row0>
					<row1>	0.0000 1.0000 0.0000 0.0000	</row1>
					<row2>	0.0000 0.0000 -1.0000 0.0000	</row2>
					<row3>	0.0003 0.3347 3.8441 1.0000	</row3>
				</transform>
			</node>
			<node>
				<identifier>	MP_CM013_Fire_Hose_Rack_2_INDEX_1	</identifier>
				<transform>
					<row0>	-1.0000 0.0000 0.0000 0.0000	</row0>
					<row1>	0.0000 1.0000 0.0000 0.0000	</row1>
					<row2>	0.0000 0.0000 -1.0000 0.0000	</row2>
					<row3>	0.3648 0.3481 2.0016 1.0000	</row3>
				</transform>
			</node>
			<node>
				<identifier>	MP_CM013_Fire_Hose_Rack_2_INDEX_2	</identifier>
				<transform>
					<row0>	1.0000 0.0000 0.0000 0.0000	</row0>
					<row1>	0.0000 1.0000 0.0000 0.0000	</row1>
					<row2>	0.0000 0.0000 1.0000 0.0000	</row2>
					<row3>	-0.3648 0.3481 2.0016 1.0000	</row3>
				</transform>
			</node>
			<node>
				<identifier>	MP_CM013_Fire_Hose_Rack_2_INDEX_3	</identifier>
				<transform>
					<row0>	1.0000 0.0000 0.0000 0.0000	</row0>
					<row1>	0.0000 1.0000 0.0000 0.0000	</row1>
					<row2>	0.0000 0.0000 1.0000 0.0000	</row2>
					<row3>	-0.3648 0.3700 1.6134 1.0000	</row3>
				</transform>
			</node>
			<node>
				<identifier>	MP_CM013_Fire_Hose_Rack_2_INDEX_4	</identifier>
				<transform>
					<row0>	1.0000 0.0000 0.0000 0.0000	</row0>
					<row1>	0.0000 1.0000 0.0000 0.0000	</row1>
					<row2>	0.0000 0.0000 1.0000 0.0000	</row2>
					<row3>	-0.0003 0.3347 3.8441 1.0000	</row3>
				</transform>
			</node>
			<node>
				<identifier>	MP_CM013_Fire_Hose_Rack_2_INDEX_5	</identifier>
				<transform>
					<row0>	0.8477 0.0000 -0.5304 0.0000	</row0>
					<row1>	0.0000 1.0000 0.0000 0.0000	</row1>
					<row2>	0.5304 0.0000 0.8477 0.0000	</row2>
					<row3>	-0.2135 0.3453 2.8103 1.0000	</row3>
				</transform>
			</node>
			<node>
				<identifier>	MP_CM013_Fire_Hose_Rack_2_INDEX_6	</identifier>
				<transform>
					<row0>	-1.0000 0.0000 0.0000 0.0000	</row0>
					<row1>	0.0000 1.0000 0.0000 0.0000	</row1>
					<row2>	0.0000 0.0000 -1.0000 0.0000	</row2>
					<row3>	0.3648 0.3700 1.6134 1.0000	</row3>
				</transform>
			</node>
			<node>
				<identifier>	MP_CM013_Fire_Hose_Rack_2_INDEX_7	</identifier>
				<transform>
					<row0>	-0.8477 0.0000 -0.5304 0.0000	</row0>
					<row1>	0.0000 1.0000 0.0000 0.0000	</row1>
					<row2>	0.5304 0.0000 -0.8477 0.0000	</row2>
					<row3>	0.2135 0.3453 2.8103 1.0000	</row3>
				</transform>
			</node>
			<node>
				<identifier>	MP_CM029_Emergency_Box	</identifier>
				<transform>
					<row0>	0.0000 0.0000 1.0000 0.0000	</row0>
					<row1>	0.0000 1.0000 0.0000 0.0000	</row1>
					<row2>	-1.0000 0.0000 0.0000 0.0000	</row2>
					<row3>	0.3701 0.3663 2.0837 1.0000	</row3>
				</transform>
			</node>
			<node>
				<identifier>	MP_CM029_Emergency_Box_INDEX_1	</identifier>
				<transform>
					<row0>	0.0000 0.0000 -1.0000 0.0000	</row0>
					<row1>	0.0000 1.0000 0.0000 0.0000	</row1>
					<row2>	1.0000 0.0000 0.0000 0.0000	</row2>
					<row3>	-0.3701 0.3663 2.0837 1.0000	</row3>
				</transform>
			</node>
			<node>
				<identifier>	MP_CM030_Swab_Rack_2	</identifier>
				<transform>
					<row0>	0.0000 0.0000 1.0000 0.0000	</row0>
					<row1>	0.0000 1.0000 0.0000 0.0000	</row1>
					<row2>	-1.0000 0.0000 0.0000 0.0000	</row2>
					<row3>	-0.3659 0.2796 2.1417 1.0000	</row3>
				</transform>
			</node>
			<node>
				<identifier>	MP_CM030_Swab_Rack_2_INDEX_1	</identifier>
				<transform>
					<row0>	0.0000 0.0000 -1.0000 0.0000	</row0>
					<row1>	0.0000 1.0000 0.0000 0.0000	</row1>
					<row2>	1.0000 0.0000 0.0000 0.0000	</row2>
					<row3>	0.3659 0.2796 2.1417 1.0000	</row3>
				</transform>
			</node>
			<node>
				<identifier>	MP_CM052_Fender	</identifier>
				<transform>
					<row0>	0.5831 0.0000 0.8124 0.0000	</row0>
					<row1>	0.0000 1.0000 0.0000 0.0000	</row1>
					<row2>	-0.8124 0.0000 0.5831 0.0000	</row2>
					<row3>	-0.3229 0.2797 2.5218 1.0000	</row3>
				</transform>
			</node>
			<node>
				<identifier>	MP_CM052_Fender_INDEX_1	</identifier>
				<transform>
					<row0>	0.5831 0.0000 -0.8124 0.0000	</row0>
					<row1>	0.0000 1.0000 0.0000 0.0000	</row1>
					<row2>	0.8124 0.0000 0.5831 0.0000	</row2>
					<row3>	0.3229 0.2797 2.5218 1.0000	</row3>
				</transform>
			</node>
			<node>
				<identifier>	MP_IM001_Paramine_Tipo_C	</identifier>
				<transform>
					<row0>	0.0000 -1.0000 0.0000 0.0000	</row0>
					<row1>	0.2409 0.0000 -0.9705 0.0000	</row1>
					<row2>	0.9705 0.0000 0.2409 0.0000	</row2>
					<row3>	-0.0555 0.3624 2.9677 1.0000	</row3>
				</transform>
			</node>
			<node>
				<identifier>	MP_IM001_Paramine_Tipo_C_INDEX_1	</identifier>
				<transform>
					<row0>	0.0000 1.0000 0.0000 0.0000	</row0>
					<row1>	-1.0000 0.0000 0.0000 0.0000	</row1>
					<row2>	0.0000 0.0000 1.0000 0.0000	</row2>
					<row3>	0.4202 0.3728 2.3377 1.0000	</row3>
				</transform>
			</node>
			<node>
				<identifier>	MP_IM001_Paramine_Tipo_C_INDEX_2	</identifier>
				<transform>
					<row0>	0.0000 -1.0000 0.0000 0.0000	</row0>
					<row1>	1.0000 0.0000 0.0000 0.0000	</row1>
					<row2>	0.0000 0.0000 1.0000 0.0000	</row2>
					<row3>	-0.4202 0.3728 2.3377 1.0000	</row3>
				</transform>
			</node>
			<node>
				<identifier>	MP_IM001_Paramine_Tipo_C_INDEX_3	</identifier>
				<transform>
					<row0>	0.0000 -1.0000 0.0000 0.0000	</row0>
					<row1>	-0.9978 0.0000 -0.0663 0.0000	</row1>
					<row2>	0.0663 0.0000 -0.9978 0.0000	</row2>
					<row3>	0.3092 0.3603 2.6511 1.0000	</row3>
				</transform>
			</node>
			<node>
				<identifier>	MP_IM033_Life_Buoy	</identifier>
				<transform>
					<row0>	-0.0826 0.0005 0.9966 0.0000	</row0>
					<row1>	-0.0282 0.9996 -0.0029 0.0000	</row1>
					<row2>	-0.9962 -0.0283 -0.0825 0.0000	</row2>
					<row3>	0.6835 0.3524 3.2704 1.0000	</row3>
				</transform>
			</node>
			<node>
				<identifier>	MP_IM033_Life_Buoy_INDEX_1	</identifier>
				<transform>
					<row0>	-0.0826 -0.0005 -0.9966 0.0000	</row0>
					<row1>	0.0282 0.9996 -0.0029 0.0000	</row1>
					<row2>	0.9962 -0.0283 -0.0825 0.0000	</row2>
					<row3>	-0.6835 0.3524 3.2704 1.0000	</row3>
				</transform>
			</node>
			<node>
				<identifier>	MP_IM506_Boat_8_6m	</identifier>
				<transform>
					<row0>	0.9974 0.0000 0.0714 0.0000	</row0>
					<row1>	0.0000 1.0000 0.0000 0.0000	</row1>
					<row2>	-0.0714 0.0000 0.9974 0.0000	</row2>
					<row3>	0.6294 0.2967 2.6162 1.0000	</row3>
				</transform>
			</node>
			<node>
				<identifier>	MP_IM506_Boat_8_6m_INDEX_1	</identifier>
				<transform>
					<row0>	0.9974 0.0000 -0.0714 0.0000	</row0>
					<row1>	0.0000 1.0000 0.0000 0.0000	</row1>
					<row2>	0.0714 0.0000 0.9974 0.0000	</row2>
					<row3>	-0.6294 0.2967 2.6162 1.0000	</row3>
				</transform>
			</node>
			<node>
				<identifier>	SP_YMS011_YHWL_M_1_INDEX_4	</identifier>
				<transform>
					<row0>	0.7157 0.1558 -0.0902 0.0000	</row0>
					<row1>	-0.1550 0.7214 0.0166 0.0000	</row1>
					<row2>	0.0917 0.0029 0.7323 0.0000	</row2>
					<row3>	-0.5639 0.0000 4.1180 1.0000	</row3>
				</transform>
			</node>
			<node>
				<identifier>	SP_YMS011_YHWL_M_1_INDEX_5	</identifier>
				<transform>
					<row0>	0.7260 0.1075 -0.0778 0.0000	</row0>
					<row1>	-0.1068 0.7301 0.0126 0.0000	</row1>
					<row2>	0.0788 -0.0011 0.7338 0.0000	</row2>
					<row3>	-0.6363 0.0000 3.4969 1.0000	</row3>
				</transform>
			</node>
			<node>
				<identifier>	SP_YMS011_YHWL_M_1_INDEX_6	</identifier>
				<transform>
					<row0>	0.7278 0.1075 -0.0586 0.0000	</row0>
					<row1>	-0.1070 0.7301 0.0110 0.0000	</row1>
					<row2>	0.0596 -0.0024 0.7356 0.0000	</row2>
					<row3>	-0.6959 0.0000 2.8728 1.0000	</row3>
				</transform>
			</node>
			<node>
				<identifier>	SP_YMS011_YHWL_M_1_INDEX_7	</identifier>
				<transform>
					<row0>	0.7313 0.0885 -0.0453 0.0000	</row0>
					<row1>	-0.0884 0.7327 0.0043 0.0000	</row1>
					<row2>	0.0455 0.0012 0.7366 0.0000	</row2>
					<row3>	-0.7408 0.0000 2.2487 1.0000	</row3>
				</transform>
			</node>
			<node>
				<identifier>	SP_YMS011_YHWL_M_1_INDEX_8	</identifier>
				<transform>
					<row0>	0.7319 0.0885 -0.0341 0.0000	</row0>
					<row1>	-0.0884 0.7327 0.0029 0.0000	</row1>
					<row2>	0.0342 0.0012 0.7372 0.0000	</row2>
					<row3>	-0.7761 0.0000 1.6236 1.0000	</row3>
				</transform>
			</node>
			<node>
				<identifier>	SP_YMS012_YHWR_M_1_INDEX_4	</identifier>
				<transform>
					<row0>	0.7157 -0.1558 0.0902 0.0000	</row0>
					<row1>	0.1550 0.7214 0.0166 0.0000	</row1>
					<row2>	-0.0917 0.0029 0.7323 0.0000	</row2>
					<row3>	0.5639 0.0000 4.1180 1.0000	</row3>
				</transform>
			</node>
			<node>
				<identifier>	SP_YMS012_YHWR_M_1_INDEX_5	</identifier>
				<transform>
					<row0>	0.7260 -0.1075 0.0778 0.0000	</row0>
					<row1>	0.1068 0.7301 0.0126 0.0000	</row1>
					<row2>	-0.0788 -0.0011 0.7338 0.0000	</row2>
					<row3>	0.6363 0.0000 3.4969 1.0000	</row3>
				</transform>
			</node>
			<node>
				<identifier>	SP_YMS012_YHWR_M_1_INDEX_6	</identifier>
				<transform>
					<row0>	0.7278 -0.1075 0.0586 0.0000	</row0>
					<row1>	0.1070 0.7301 0.0110 0.0000	</row1>
					<row2>	-0.0596 -0.0024 0.7356 0.0000	</row2>
					<row3>	0.6959 0.0000 2.8728 1.0000	</row3>
				</transform>
			</node>
			<node>
				<identifier>	SP_YMS012_YHWR_M_1_INDEX_7	</identifier>
				<transform>
					<row0>	0.7313 -0.0885 0.0453 0.0000	</row0>
					<row1>	0.0884 0.7327 0.0043 0.0000	</row1>
					<row2>	-0.0455 0.0012 0.7366 0.0000	</row2>
					<row3>	0.7408 0.0000 2.2487 1.0000	</row3>
				</transform>
			</node>
			<node>
				<identifier>	SP_YMS012_YHWR_M_1_INDEX_8	</identifier>
				<transform>
					<row0>	0.7319 -0.0885 0.0341 0.0000	</row0>
					<row1>	0.0884 0.7327 0.0029 0.0000	</row1>
					<row2>	-0.0342 0.0012 0.7372 0.0000	</row2>
					<row3>	0.7761 0.0000 1.6236 1.0000	</row3>
				</transform>
			</node>
			<node>
				<identifier>	SP_YMS021_YHUC_S_1	</identifier>
				<transform>
					<row0>	-0.2257 0.9742 0.0000 0.0000	</row0>
					<row1>	-0.9742 -0.2257 0.0000 0.0000	</row1>
					<row2>	0.0000 0.0000 1.0000 0.0000	</row2>
					<row3>	-0.7572 -0.1269 1.7565 1.0000	</row3>
				</transform>
			</node>
			<node>
				<identifier>	SP_YMS021_YHUC_S_1_INDEX_1	</identifier>
				<transform>
					<row0>	-0.2257 -0.9742 0.0000 0.0000	</row0>
					<row1>	0.9742 -0.2257 0.0000 0.0000	</row1>
					<row2>	0.0000 0.0000 1.0000 0.0000	</row2>
					<row3>	0.7572 -0.1269 1.7565 1.0000	</row3>
				</transform>
			</node>
			<node>
				<identifier>	SP_YMS022_YHUS_L_1	</identifier>
				<transform>
					<row0>	-0.0810 -0.0055 -0.9967 0.0000	</row0>
					<row1>	-0.4785 0.8774 0.0340 0.0000	</row1>
					<row2>	0.8743 0.4797 -0.0738 0.0000	</row2>
					<row3>	-0.4236 -0.3348 3.7478 1.0000	</row3>
				</transform>
			</node>
			<node>
				<identifier>	SP_YMS022_YHUS_L_1_INDEX_1	</identifier>
				<transform>
					<row0>	-0.0810 0.0055 0.9967 0.0000	</row0>
					<row1>	0.4785 0.8774 0.0340 0.0000	</row1>
					<row2>	-0.8743 0.4797 -0.0738 0.0000	</row2>
					<row3>	0.4236 -0.3348 3.7478 1.0000	</row3>
				</transform>
			</node>
			<node>
				<identifier>	SP_YMS022_YHUS_L_1_INDEX_2	</identifier>
				<transform>
					<row0>	-0.0810 -0.0055 -0.9967 0.0000	</row0>
					<row1>	-0.4785 0.8774 0.0340 0.0000	</row1>
					<row2>	0.8743 0.4797 -0.0738 0.0000	</row2>
					<row3>	-0.4950 -0.3375 3.0214 1.0000	</row3>
				</transform>
			</node>
			<node>
				<identifier>	SP_YMS022_YHUS_L_1_INDEX_3	</identifier>
				<transform>
					<row0>	-0.0810 0.0055 0.9967 0.0000	</row0>
					<row1>	0.4785 0.8774 0.0340 0.0000	</row1>
					<row2>	-0.8743 0.4797 -0.0738 0.0000	</row2>
					<row3>	0.4950 -0.3375 3.0214 1.0000	</row3>
				</transform>
			</node>
			<node>
				<identifier>	SP_YMS041_YHCS_M_1	</identifier>
				<transform>
					<row0>	-1.0352 0.0000 0.0707 0.0000	</row0>
					<row1>	0.0000 1.0376 0.0000 0.0000	</row1>
					<row2>	-0.0707 0.0000 -1.0352 0.0000	</row2>
					<row3>	-0.6291 0.3507 2.6051 1.0000	</row3>
				</transform>
			</node>
			<node>
				<identifier>	SP_YMS041_YHCS_M_1_INDEX_1	</identifier>
				<transform>
					<row0>	-1.0352 0.0000 -0.0707 0.0000	</row0>
					<row1>	0.0000 1.0376 0.0000 0.0000	</row1>
					<row2>	0.0707 0.0000 -1.0352 0.0000	</row2>
					<row3>	0.6291 0.3507 2.6051 1.0000	</row3>
				</transform>
			</node>
			<node>
				<identifier>	SP_YMS071_YHHC_S_1	</identifier>
				<transform>
					<row0>	1.0000 0.0000 0.0000 0.0000	</row0>
					<row1>	0.0000 1.0000 0.0000 0.0000	</row1>
					<row2>	0.0000 0.0000 1.0000 0.0000	</row2>
					<row3>	-0.3198 0.3164 3.9714 1.0000	</row3>
				</transform>
			</node>
			<node>
				<identifier>	SP_YMS071_YHHC_S_1_INDEX_1	</identifier>
				<transform>
					<row0>	1.0000 0.0000 0.0000 0.0000	</row0>
					<row1>	0.0000 1.0000 0.0000 0.0000	</row1>
					<row2>	0.0000 0.0000 1.0000 0.0000	</row2>
					<row3>	0.3198 0.3164 3.9714 1.0000	</row3>
				</transform>
			</node>
			<node>
				<identifier>	SP_YMS071_YHHC_S_1_INDEX_2	</identifier>
				<transform>
					<row0>	1.0000 0.0000 0.0000 0.0000	</row0>
					<row1>	0.0000 1.0000 0.0000 0.0000	</row1>
					<row2>	0.0000 0.0000 1.0000 0.0000	</row2>
					<row3>	-0.4645 0.2969 2.5150 1.0000	</row3>
				</transform>
			</node>
			<node>
				<identifier>	SP_YMS071_YHHC_S_1_INDEX_3	</identifier>
				<transform>
					<row0>	1.0000 0.0000 0.0000 0.0000	</row0>
					<row1>	0.0000 1.0000 0.0000 0.0000	</row1>
					<row2>	0.0000 0.0000 1.0000 0.0000	</row2>
					<row3>	0.4645 0.2969 2.5150 1.0000	</row3>
				</transform>
			</node>
			<node>
				<identifier>	SP_YMS072_YHHC_M_1_INDEX_2	</identifier>
				<transform>
					<row0>	-0.0476 0.0000 -0.7266 0.0000	</row0>
					<row1>	-0.0640 0.7254 0.0042 0.0000	</row1>
					<row2>	0.7238 0.0641 -0.0474 0.0000	</row2>
					<row3>	-0.7026 0.1620 2.9250 1.0000	</row3>
				</transform>
			</node>
			<node>
				<identifier>	SP_YMS072_YHHC_M_1_INDEX_3	</identifier>
				<transform>
					<row0>	-0.0476 0.0000 0.7266 0.0000	</row0>
					<row1>	0.0640 0.7254 0.0042 0.0000	</row1>
					<row2>	-0.7238 0.0641 -0.0474 0.0000	</row2>
					<row3>	0.7026 0.1620 2.9250 1.0000	</row3>
				</transform>
			</node>
			<node>
				<identifier>	SP_YMS072_YHHC_M_1_INDEX_4	</identifier>
				<transform>
					<row0>	-0.0476 0.0000 -0.7266 0.0000	</row0>
					<row1>	-0.0173 0.7280 0.0011 0.0000	</row1>
					<row2>	0.7264 0.0174 -0.0476 0.0000	</row2>
					<row3>	-0.7689 0.1620 1.8988 1.0000	</row3>
				</transform>
			</node>
			<node>
				<identifier>	SP_YMS072_YHHC_M_1_INDEX_5	</identifier>
				<transform>
					<row0>	-0.0476 0.0000 0.7266 0.0000	</row0>
					<row1>	0.0173 0.7280 0.0011 0.0000	</row1>
					<row2>	-0.7264 0.0174 -0.0476 0.0000	</row2>
					<row3>	0.7689 0.1620 1.8988 1.0000	</row3>
				</transform>
			</node>
			<node>
				<identifier>	SP_YMS083_YHSC_L_1	</identifier>
				<transform>
					<row0>	-0.0397 -0.0003 -0.6790 0.0000	</row0>
					<row1>	-0.0402 0.6790 0.0021 0.0000	</row1>
					<row2>	0.6778 0.0403 -0.0396 0.0000	</row2>
					<row3>	-0.7454 0.2752 2.3809 1.0000	</row3>
				</transform>
			</node>
			<node>
				<identifier>	SP_YMS083_YHSC_L_1_INDEX_1	</identifier>
				<transform>
					<row0>	-0.0397 0.0003 0.6790 0.0000	</row0>
					<row1>	0.0402 0.6790 0.0021 0.0000	</row1>
					<row2>	-0.6778 0.0403 -0.0396 0.0000	</row2>
					<row3>	0.7454 0.2752 2.3769 1.0000	</row3>
				</transform>
			</node>
			<node>
				<identifier>	SP_YMS083_YHSC_L_1_INDEX_9	</identifier>
				<transform>
					<row0>	-0.0705 0.0084 0.7434 0.0000	</row0>
					<row1>	0.1332 0.7348 0.0043 0.0000	</row1>
					<row2>	-0.7314 0.1330 -0.0709 0.0000	</row2>
					<row3>	0.6262 0.2980 3.9303 1.0000	</row3>
				</transform>
			</node>
			<node>
				<identifier>	SP_YMS083_YHSC_L_3	</identifier>
				<transform>
					<row0>	-0.0705 -0.0084 -0.7434 0.0000	</row0>
					<row1>	-0.1332 0.7348 0.0043 0.0000	</row1>
					<row2>	0.7314 0.1330 -0.0709 0.0000	</row2>
					<row3>	-0.6262 0.2980 3.9303 1.0000	</row3>
				</transform>
			</node>
			<node>
				<identifier>	SP_YMS084_YHSC_L_2_INDEX_2	</identifier>
				<transform>
					<row0>	-0.0705 0.0084 0.7434 0.0000	</row0>
					<row1>	0.1332 0.7348 0.0043 0.0000	</row1>
					<row2>	-0.7314 0.1330 -0.0709 0.0000	</row2>
					<row3>	0.6770 0.2919 3.3947 1.0000	</row3>
				</transform>
			</node>
			<node>
				<identifier>	SP_YMS084_YHSC_L_2_INDEX_3	</identifier>
				<transform>
					<row0>	-0.0705 -0.0084 -0.7434 0.0000	</row0>
					<row1>	-0.1332 0.7348 0.0043 0.0000	</row1>
					<row2>	0.7314 0.1330 -0.0709 0.0000	</row2>
					<row3>	-0.6770 0.2919 3.3947 1.0000	</row3>
				</transform>
			</node>
		</node>
	</node>
	<boundingBox>
		<min>	-0.0667 -0.0667 -0.0667	</min>
		<max>	0.0667 0.0667 0.0667	</max>
	</boundingBox>
</ISC006_Milano_1943_MidFront_ports.visual>
