<GSB034_Mackensen_1920_Bow_ports.visual>
	<node>
		<identifier>	Scene Root	</identifier>
		<transform>
			<row0>	1.0000 0.0000 0.0000 0.0000	</row0>
			<row1>	0.0000 1.0000 0.0000 0.0000	</row1>
			<row2>	0.0000 0.0000 1.0000 0.0000	</row2>
			<row3>	0.0000 0.0000 0.0000 1.0000	</row3>
		</transform>
		<node>
			<identifier>	Bow_ports	</identifier>
			<transform>
				<row0>	1.0000 0.0000 0.0000 0.0000	</row0>
				<row1>	0.0000 1.0000 0.0000 0.0000	</row1>
				<row2>	0.0000 0.0000 1.0000 0.0000	</row2>
				<row3>	0.0000 0.0000 0.0000 1.0000	</row3>
			</transform>
			<node>
				<identifier>	HP_FX_Fire_1	</identifier>
				<transform>
					<row0>	1.0000 0.0000 0.0000 0.0000	</row0>
					<row1>	0.0000 1.0000 0.0000 0.0000	</row1>
					<row2>	0.0000 0.0000 1.0000 0.0000	</row2>
					<row3>	0.0000 0.4502 5.8375 1.0000	</row3>
				</transform>
			</node>
			<node>
				<identifier>	HP_FX_Flood_water_left	</identifier>
				<transform>
					<row0>	-0.9854 0.0000 0.1703 0.0000	</row0>
					<row1>	0.0000 1.0000 0.0000 0.0000	</row1>
					<row2>	-0.1703 0.0000 -0.9854 0.0000	</row2>
					<row3>	-0.3060 0.0250 5.5560 1.0000	</row3>
				</transform>
			</node>
			<node>
				<identifier>	HP_FX_Flood_water_right	</identifier>
				<transform>
					<row0>	0.9791 0.0000 0.2033 0.0000	</row0>
					<row1>	0.0000 1.0000 0.0000 0.0000	</row1>
					<row2>	-0.2033 0.0000 0.9791 0.0000	</row2>
					<row3>	0.3061 0.0244 5.5564 1.0000	</row3>
				</transform>
			</node>
			<node>
				<identifier>	HP_FX_WakeTrace	</identifier>
				<transform>
					<row0>	1.0000 0.0000 0.0000 0.0000	</row0>
					<row1>	0.0000 1.0000 0.0000 0.0000	</row1>
					<row2>	0.0000 0.0000 1.0000 0.0000	</row2>
					<row3>	0.0000 0.0000 7.4334 1.0000	</row3>
				</transform>
			</node>
			<node>
				<identifier>	HP_Ship_death_1	</identifier>
				<transform>
					<row0>	1.0000 0.0000 0.0000 0.0000	</row0>
					<row1>	0.0000 1.0000 0.0000 0.0000	</row1>
					<row2>	0.0000 0.0000 1.0000 0.0000	</row2>
					<row3>	0.0000 0.0000 5.0390 1.0000	</row3>
				</transform>
			</node>
			<node>
				<identifier>	MP_CM109_Leadsman_Platform	</identifier>
				<transform>
					<row0>	0.0000 -0.9993 0.0381 0.0000	</row0>
					<row1>	-0.9393 -0.0131 -0.3429 0.0000	</row1>
					<row2>	0.3432 -0.0358 -0.9386 0.0000	</row2>
					<row3>	0.2097 0.4858 7.0890 1.0000	</row3>
				</transform>
			</node>
			<node>
				<identifier>	MP_CM109_Leadsman_Platform_INDEX_1	</identifier>
				<transform>
					<row0>	0.0177 -0.9993 0.0331 0.0000	</row0>
					<row1>	0.9403 0.0054 -0.3402 0.0000	</row1>
					<row2>	0.3398 0.0372 0.9398 0.0000	</row2>
					<row3>	-0.2084 0.4858 7.0889 1.0000	</row3>
				</transform>
			</node>
			<node>
				<identifier>	MP_GM065_Firelead	</identifier>
				<transform>
					<row0>	0.8500 0.0000 0.0000 0.0000	</row0>
					<row1>	0.0000 0.8500 0.0000 0.0000	</row1>
					<row2>	0.0000 0.0000 0.8500 0.0000	</row2>
					<row3>	-0.4962 0.4068 5.1080 1.0000	</row3>
				</transform>
			</node>
			<node>
				<identifier>	MP_GM065_Firelead_INDEX_1	</identifier>
				<transform>
					<row0>	0.8153 0.0102 0.2401 0.0000	</row0>
					<row1>	0.0000 0.8492 -0.0362 0.0000	</row1>
					<row2>	-0.2404 0.0347 0.8146 0.0000	</row2>
					<row3>	0.2420 0.4714 6.9461 1.0000	</row3>
				</transform>
			</node>
			<node>
				<identifier>	MP_GM065_Firelead_INDEX_2	</identifier>
				<transform>
					<row0>	0.8500 0.0000 0.0000 0.0000	</row0>
					<row1>	0.0000 0.8500 0.0000 0.0000	</row1>
					<row2>	0.0000 0.0000 0.8500 0.0000	</row2>
					<row3>	0.4961 0.4068 5.1080 1.0000	</row3>
				</transform>
			</node>
			<node>
				<identifier>	MP_GM065_Firelead_INDEX_3	</identifier>
				<transform>
					<row0>	0.8153 -0.0102 -0.2401 0.0000	</row0>
					<row1>	0.0000 0.8492 -0.0362 0.0000	</row1>
					<row2>	0.2404 0.0347 0.8146 0.0000	</row2>
					<row3>	-0.2420 0.4714 6.9461 1.0000	</row3>
				</transform>
			</node>
			<node>
				<identifier>	MP_GM969_Anchor_up	</identifier>
				<transform>
					<row0>	-0.3892 0.6532 0.6495 0.0000	</row0>
					<row1>	0.0704 0.7242 -0.6860 0.0000	</row1>
					<row2>	-0.9185 -0.2212 -0.3279 0.0000	</row2>
					<row3>	-0.2479 0.3387 6.8124 1.0000	</row3>
				</transform>
			</node>
			<node>
				<identifier>	MP_GM969_Anchor_up_INDEX_1	</identifier>
				<transform>
					<row0>	-0.3892 -0.6532 -0.6495 0.0000	</row0>
					<row1>	-0.0698 0.7240 -0.6862 0.0000	</row1>
					<row2>	0.9185 -0.2217 -0.3274 0.0000	</row2>
					<row3>	0.2480 0.3388 6.8125 1.0000	</row3>
				</transform>
			</node>
			<node>
				<identifier>	MP_GM969_Anchor_up_INDEX_2	</identifier>
				<transform>
					<row0>	-0.4197 0.6435 0.6401 0.0000	</row0>
					<row1>	-0.0442 0.6899 -0.7225 0.0000	</row1>
					<row2>	-0.9066 -0.3316 -0.2612 0.0000	</row2>
					<row3>	-0.2865 0.3201 6.5463 1.0000	</row3>
				</transform>
			</node>
			<node>
				<identifier>	MP_GM970_Anchor_bottom	</identifier>
				<transform>
					<row0>	-0.3925 -0.6474 -0.6534 0.0000	</row0>
					<row1>	0.2291 0.6191 -0.7511 0.0000	</row1>
					<row2>	0.8908 -0.4445 -0.0947 0.0000	</row2>
					<row3>	0.2427 0.3306 6.8239 1.0000	</row3>
				</transform>
			</node>
			<node>
				<identifier>	MP_GM970_Anchor_bottom_INDEX_1	</identifier>
				<transform>
					<row0>	-0.4052 0.6344 0.6583 0.0000	</row0>
					<row1>	-0.2557 0.6127 -0.7478 0.0000	</row1>
					<row2>	-0.8778 -0.4713 -0.0860 0.0000	</row2>
					<row3>	-0.2829 0.3115 6.5571 1.0000	</row3>
				</transform>
			</node>
			<node>
				<identifier>	MP_GM970_Anchor_bottom_INDEX_2	</identifier>
				<transform>
					<row0>	-0.3648 0.6489 0.6677 0.0000	</row0>
					<row1>	-0.2546 0.6202 -0.7420 0.0000	</row1>
					<row2>	-0.8956 -0.4407 -0.0610 0.0000	</row2>
					<row3>	-0.2412 0.3306 6.8239 1.0000	</row3>
				</transform>
			</node>
		</node>
	</node>
	<boundingBox>
		<min>	-0.0667 -0.0667 -0.0667	</min>
		<max>	0.0667 0.0667 0.0667	</max>
	</boundingBox>
</GSB034_Mackensen_1920_Bow_ports.visual>
