<BSD004_Acasta_1940_Stern_ports.visual>
	<node>
		<identifier>	Scene Root	</identifier>
		<transform>
			<row0>	1.0000 0.0000 0.0000 0.0000	</row0>
			<row1>	0.0000 1.0000 0.0000 0.0000	</row1>
			<row2>	0.0000 0.0000 1.0000 0.0000	</row2>
			<row3>	0.0000 0.0000 0.0000 1.0000	</row3>
		</transform>
		<node>
			<identifier>	Stern_ports	</identifier>
			<transform>
				<row0>	1.0000 0.0000 0.0000 0.0000	</row0>
				<row1>	0.0000 1.0000 0.0000 0.0000	</row1>
				<row2>	0.0000 0.0000 1.0000 0.0000	</row2>
				<row3>	0.0000 0.0000 0.0000 1.0000	</row3>
			</transform>
			<node>
				<identifier>	HP_BGB_3	</identifier>
				<transform>
					<row0>	-0.2605 0.0028 -0.9655 0.0000	</row0>
					<row1>	0.0033 1.0000 0.0020 0.0000	</row1>
					<row2>	0.9655 -0.0026 -0.2605 0.0000	</row2>
					<row3>	0.1705 0.1802 -3.0736 1.0000	</row3>
				</transform>
			</node>
			<node>
				<identifier>	HP_BGB_4	</identifier>
				<transform>
					<row0>	-0.2959 -0.0059 0.9552 0.0000	</row0>
					<row1>	-0.0300 0.9995 -0.0031 0.0000	</row1>
					<row2>	-0.9547 -0.0296 -0.2960 0.0000	</row2>
					<row3>	-0.1708 0.1795 -3.0738 1.0000	</row3>
				</transform>
			</node>
			<node>
				<identifier>	HP_BGB_5	</identifier>
				<transform>
					<row0>	-0.5009 0.0035 -0.8655 0.0000	</row0>
					<row1>	-0.0147 0.9998 0.0125 0.0000	</row1>
					<row2>	0.8654 0.0190 -0.5007 0.0000	</row2>
					<row3>	0.1424 0.1812 -3.1361 1.0000	</row3>
				</transform>
			</node>
			<node>
				<identifier>	HP_BGB_6	</identifier>
				<transform>
					<row0>	-0.5382 -0.0156 0.8427 0.0000	</row0>
					<row1>	-0.0404 0.9992 -0.0073 0.0000	</row1>
					<row2>	-0.8418 -0.0380 -0.5384 0.0000	</row2>
					<row3>	-0.1451 0.1809 -3.1365 1.0000	</row3>
				</transform>
			</node>
			<node>
				<identifier>	HP_BGB_7	</identifier>
				<transform>
					<row0>	-1.0000 0.0000 0.0000 0.0000	</row0>
					<row1>	0.0000 1.0000 0.0000 0.0000	</row1>
					<row2>	0.0000 0.0000 -1.0000 0.0000	</row2>
					<row3>	0.0000 0.1858 -3.2430 1.0000	</row3>
				</transform>
			</node>
			<node>
				<identifier>	HP_BGM_4	</identifier>
				<transform>
					<row0>	-1.0000 0.0000 0.0000 0.0000	</row0>
					<row1>	0.0000 1.0000 0.0000 0.0000	</row1>
					<row2>	0.0000 0.0000 -1.0000 0.0000	</row2>
					<row3>	0.0000 0.1779 -2.6044 1.0000	</row3>
				</transform>
			</node>
			<node>
				<identifier>	HP_FX_Fire_4	</identifier>
				<transform>
					<row0>	1.0000 0.0000 0.0000 0.0000	</row0>
					<row1>	0.0000 1.0000 0.0000 0.0000	</row1>
					<row2>	0.0000 0.0000 1.0000 0.0000	</row2>
					<row3>	0.0000 0.1925 -2.9209 1.0000	</row3>
				</transform>
			</node>
			<node>
				<identifier>	HP_FX_WakeTraceBack	</identifier>
				<transform>
					<row0>	1.0000 0.0000 0.0000 0.0000	</row0>
					<row1>	0.0000 1.0000 0.0000 0.0000	</row1>
					<row2>	0.0000 0.0000 1.0000 0.0000	</row2>
					<row3>	0.0000 0.0000 -3.1760 1.0000	</row3>
				</transform>
			</node>
			<node>
				<identifier>	HP_FX_WakeTrace_screw_1	</identifier>
				<transform>
					<row0>	1.0000 0.0000 0.0000 0.0000	</row0>
					<row1>	0.0000 1.0000 0.0000 0.0000	</row1>
					<row2>	0.0000 0.0000 1.0000 0.0000	</row2>
					<row3>	-0.1185 -0.1846 -2.9249 1.0000	</row3>
				</transform>
			</node>
			<node>
				<identifier>	HP_FX_WakeTrace_screw_2	</identifier>
				<transform>
					<row0>	1.0000 0.0000 0.0000 0.0000	</row0>
					<row1>	0.0000 1.0000 0.0000 0.0000	</row1>
					<row2>	0.0000 0.0000 1.0000 0.0000	</row2>
					<row3>	0.1186 -0.1846 -2.9249 1.0000	</row3>
				</transform>
			</node>
			<node>
				<identifier>	HP_Ship_death_3	</identifier>
				<transform>
					<row0>	1.0000 0.0000 0.0000 0.0000	</row0>
					<row1>	0.0000 1.0000 0.0000 0.0000	</row1>
					<row2>	0.0000 0.0000 1.0000 0.0000	</row2>
					<row3>	0.0000 0.0000 -2.5185 1.0000	</row3>
				</transform>
			</node>
			<node>
				<identifier>	MP_BM001_Paravane	</identifier>
				<transform>
					<row0>	-0.9848 0.0000 -0.1736 0.0000	</row0>
					<row1>	-0.0212 0.9925 0.1203 0.0000	</row1>
					<row2>	0.1723 0.1222 -0.9774 0.0000	</row2>
					<row3>	-0.0881 0.2122 -3.0367 1.0000	</row3>
				</transform>
			</node>
			<node>
				<identifier>	MP_BM001_Paravane_INDEX_1	</identifier>
				<transform>
					<row0>	-0.9848 0.0000 0.1736 0.0000	</row0>
					<row1>	0.0212 0.9925 0.1203 0.0000	</row1>
					<row2>	-0.1723 0.1222 -0.9774 0.0000	</row2>
					<row3>	0.0881 0.2123 -3.0367 1.0000	</row3>
				</transform>
			</node>
			<node>
				<identifier>	MP_BM020_Smoke_floats	</identifier>
				<transform>
					<row0>	0.9989 -0.0459 0.0000 0.0000	</row0>
					<row1>	0.0459 0.9989 0.0000 0.0000	</row1>
					<row2>	0.0000 0.0000 1.0000 0.0000	</row2>
					<row3>	0.1528 0.1831 -2.9292 1.0000	</row3>
				</transform>
			</node>
			<node>
				<identifier>	MP_BM020_Smoke_floats_INDEX_1	</identifier>
				<transform>
					<row0>	0.9999 -0.0131 0.0000 0.0000	</row0>
					<row1>	0.0131 0.9999 0.0077 0.0000	</row1>
					<row2>	0.0000 -0.0077 1.0000 0.0000	</row2>
					<row3>	0.2315 0.1802 -2.9645 1.0000	</row3>
				</transform>
			</node>
			<node>
				<identifier>	MP_BM020_Smoke_floats_INDEX_2	</identifier>
				<transform>
					<row0>	0.9997 -0.0224 0.0000 0.0000	</row0>
					<row1>	0.0224 0.9997 -0.0010 0.0000	</row1>
					<row2>	0.0000 0.0010 1.0000 0.0000	</row2>
					<row3>	0.1018 0.1852 -2.8247 1.0000	</row3>
				</transform>
			</node>
			<node>
				<identifier>	MP_BM020_Smoke_floats_INDEX_3	</identifier>
				<transform>
					<row0>	0.9999 0.0100 0.0000 0.0000	</row0>
					<row1>	-0.0100 0.9999 0.0071 0.0000	</row1>
					<row2>	0.0000 -0.0071 1.0000 0.0000	</row2>
					<row3>	-0.2315 0.1802 -2.9645 1.0000	</row3>
				</transform>
			</node>
			<node>
				<identifier>	MP_BM020_Smoke_floats_INDEX_4	</identifier>
				<transform>
					<row0>	0.9989 0.0459 0.0000 0.0000	</row0>
					<row1>	-0.0459 0.9989 0.0000 0.0000	</row1>
					<row2>	0.0000 0.0000 1.0000 0.0000	</row2>
					<row3>	-0.1528 0.1831 -2.9292 1.0000	</row3>
				</transform>
			</node>
			<node>
				<identifier>	MP_BM021_Crown	</identifier>
				<transform>
					<row0>	-1.0000 0.0000 0.0000 0.0000	</row0>
					<row1>	0.0000 0.9875 -0.1577 0.0000	</row1>
					<row2>	0.0000 -0.1577 -0.9875 0.0000	</row2>
					<row3>	0.0000 0.6011 -3.1905 1.0000	</row3>
				</transform>
			</node>
			<node>
				<identifier>	MP_BM039_Artillery_shell	</identifier>
				<transform>
					<row0>	0.9930 0.0000 -0.1181 0.0000	</row0>
					<row1>	0.0000 1.0000 0.0000 0.0000	</row1>
					<row2>	0.1181 0.0000 0.9930 0.0000	</row2>
					<row3>	0.2323 0.1768 -2.7184 1.0000	</row3>
				</transform>
			</node>
			<node>
				<identifier>	MP_BM039_Artillery_shell_INDEX_1	</identifier>
				<transform>
					<row0>	-0.9946 0.0000 -0.1033 0.0000	</row0>
					<row1>	0.0000 1.0000 0.0000 0.0000	</row1>
					<row2>	0.1033 0.0000 -0.9946 0.0000	</row2>
					<row3>	-0.2312 0.1768 -2.7168 1.0000	</row3>
				</transform>
			</node>
			<node>
				<identifier>	MP_BM039_Artillery_shell_INDEX_2	</identifier>
				<transform>
					<row0>	0.9930 0.0000 -0.1181 0.0000	</row0>
					<row1>	0.0000 1.0000 0.0000 0.0000	</row1>
					<row2>	0.1181 0.0000 0.9930 0.0000	</row2>
					<row3>	0.2257 0.1777 -2.7715 1.0000	</row3>
				</transform>
			</node>
			<node>
				<identifier>	MP_BM039_Artillery_shell_INDEX_3	</identifier>
				<transform>
					<row0>	-0.9980 0.0000 -0.0626 0.0000	</row0>
					<row1>	0.0000 1.0000 0.0000 0.0000	</row1>
					<row2>	0.0626 0.0000 -0.9980 0.0000	</row2>
					<row3>	-0.2542 0.1751 -2.5000 1.0000	</row3>
				</transform>
			</node>
			<node>
				<identifier>	MP_BM039_Artillery_shell_INDEX_4	</identifier>
				<transform>
					<row0>	-0.9951 0.0000 -0.0985 0.0000	</row0>
					<row1>	0.0000 1.0000 0.0000 0.0000	</row1>
					<row2>	0.0985 0.0000 -0.9951 0.0000	</row2>
					<row3>	-0.2257 0.1777 -2.7715 1.0000	</row3>
				</transform>
			</node>
			<node>
				<identifier>	MP_BM039_Artillery_shell_INDEX_5	</identifier>
				<transform>
					<row0>	-0.9966 0.0000 -0.0818 0.0000	</row0>
					<row1>	0.0000 1.0000 0.0000 0.0000	</row1>
					<row2>	0.0818 0.0000 -0.9966 0.0000	</row2>
					<row3>	-0.2487 0.1756 -2.5668 1.0000	</row3>
				</transform>
			</node>
			<node>
				<identifier>	MP_BM039_Artillery_shell_INDEX_6	</identifier>
				<transform>
					<row0>	0.9977 0.0000 -0.0673 0.0000	</row0>
					<row1>	0.0000 1.0000 0.0000 0.0000	</row1>
					<row2>	0.0673 0.0000 0.9977 0.0000	</row2>
					<row3>	0.2487 0.1756 -2.5668 1.0000	</row3>
				</transform>
			</node>
			<node>
				<identifier>	MP_BM039_Artillery_shell_INDEX_7	</identifier>
				<transform>
					<row0>	0.9814 0.0000 -0.1918 0.0000	</row0>
					<row1>	0.0000 1.0000 0.0000 0.0000	</row1>
					<row2>	0.1918 0.0000 0.9814 0.0000	</row2>
					<row3>	0.2113 0.1777 -2.9028 1.0000	</row3>
				</transform>
			</node>
			<node>
				<identifier>	MP_BM039_Artillery_shell_INDEX_8	</identifier>
				<transform>
					<row0>	-0.9894 0.0000 -0.1453 0.0000	</row0>
					<row1>	0.0000 1.0000 0.0000 0.0000	</row1>
					<row2>	0.1453 0.0000 -0.9894 0.0000	</row2>
					<row3>	-0.2113 0.1777 -2.9028 1.0000	</row3>
				</transform>
			</node>
			<node>
				<identifier>	MP_BM039_Artillery_shell_INDEX_9	</identifier>
				<transform>
					<row0>	0.9977 0.0000 -0.0673 0.0000	</row0>
					<row1>	0.0000 1.0000 0.0000 0.0000	</row1>
					<row2>	0.0673 0.0000 0.9977 0.0000	</row2>
					<row3>	0.2542 0.1751 -2.5000 1.0000	</row3>
				</transform>
			</node>
			<node>
				<identifier>	MP_BM872_Running_Lights_B	</identifier>
				<transform>
					<row0>	-1.5362 0.0000 0.0000 0.0000	</row0>
					<row1>	0.0000 1.5362 0.0000 0.0000	</row1>
					<row2>	0.0000 0.0000 -1.5362 0.0000	</row2>
					<row3>	0.0000 0.3709 -3.1644 1.0000	</row3>
				</transform>
			</node>
			<node>
				<identifier>	MP_BM967_Bollard	</identifier>
				<transform>
					<row0>	0.4859 0.0296 0.0483 0.0000	</row0>
					<row1>	-0.0298 0.4883 0.0000 0.0000	</row1>
					<row2>	-0.0483 -0.0029 0.4868 0.0000	</row2>
					<row3>	-0.2444 0.1756 -2.6050 1.0000	</row3>
				</transform>
			</node>
			<node>
				<identifier>	MP_BM967_Bollard_INDEX_1	</identifier>
				<transform>
					<row0>	0.3305 0.0000 0.0000 0.0000	</row0>
					<row1>	0.0000 0.3305 0.0000 0.0000	</row1>
					<row2>	0.0000 0.0000 0.3305 0.0000	</row2>
					<row3>	0.0000 0.1852 -2.9165 1.0000	</row3>
				</transform>
			</node>
			<node>
				<identifier>	MP_BM967_Bollard_INDEX_2	</identifier>
				<transform>
					<row0>	0.4859 -0.0296 -0.0483 0.0000	</row0>
					<row1>	0.0298 0.4883 0.0000 0.0000	</row1>
					<row2>	0.0483 -0.0029 0.4868 0.0000	</row2>
					<row3>	0.2444 0.1756 -2.6050 1.0000	</row3>
				</transform>
			</node>
			<node>
				<identifier>	MP_BM973_Fairlead	</identifier>
				<transform>
					<row0>	0.9870 0.0507 0.1522 0.0000	</row0>
					<row1>	-0.0513 0.9987 0.0000 0.0000	</row1>
					<row2>	-0.1520 -0.0078 0.9883 0.0000	</row2>
					<row3>	-0.2235 0.1778 -2.8536 1.0000	</row3>
				</transform>
			</node>
			<node>
				<identifier>	MP_BM973_Fairlead_INDEX_1	</identifier>
				<transform>
					<row0>	0.9870 -0.0507 -0.1522 0.0000	</row0>
					<row1>	0.0513 0.9987 0.0000 0.0000	</row1>
					<row2>	0.1520 -0.0078 0.9883 0.0000	</row2>
					<row3>	0.2235 0.1778 -2.8536 1.0000	</row3>
				</transform>
			</node>
			<node>
				<identifier>	MP_CM002_Propeller4_L	</identifier>
				<transform>
					<row0>	0.5998 0.0011 0.0154 0.0000	</row0>
					<row1>	0.0000 0.5985 -0.0423 0.0000	</row1>
					<row2>	-0.0154 0.0423 0.5983 0.0000	</row2>
					<row3>	-0.1185 -0.1846 -2.9249 1.0000	</row3>
				</transform>
			</node>
			<node>
				<identifier>	MP_CM033_Propeller4_R	</identifier>
				<transform>
					<row0>	0.5998 -0.0011 -0.0156 0.0000	</row0>
					<row1>	0.0000 0.5985 -0.0423 0.0000	</row1>
					<row2>	0.0157 0.0423 0.5983 0.0000	</row2>
					<row3>	0.1186 -0.1846 -2.9249 1.0000	</row3>
				</transform>
			</node>
		</node>
	</node>
	<boundingBox>
		<min>	-0.0667 -0.0667 -0.0667	</min>
		<max>	0.0667 0.0667 0.0667	</max>
	</boundingBox>
</BSD004_Acasta_1940_Stern_ports.visual>
