<RSC055_Komissar_1944_MidBack_ports.visual>
	<node>
		<identifier>	Scene Root	</identifier>
		<transform>
			<row0>	1.0000 0.0000 0.0000 0.0000	</row0>
			<row1>	0.0000 1.0000 0.0000 0.0000	</row1>
			<row2>	0.0000 0.0000 1.0000 0.0000	</row2>
			<row3>	0.0000 0.0000 0.0000 1.0000	</row3>
		</transform>
		<node>
			<identifier>	MidBack_ports	</identifier>
			<transform>
				<row0>	1.0000 0.0000 0.0000 0.0000	</row0>
				<row1>	0.0000 1.0000 0.0000 0.0000	</row1>
				<row2>	0.0000 0.0000 1.0000 0.0000	</row2>
				<row3>	0.0000 0.0000 0.0000 1.0000	</row3>
			</transform>
			<node>
				<identifier>	HP_FX_Death_2	</identifier>
				<transform>
					<row0>	1.0000 0.0000 0.0000 0.0000	</row0>
					<row1>	0.0000 1.0000 0.0000 0.0000	</row1>
					<row2>	0.0000 0.0000 1.0000 0.0000	</row2>
					<row3>	0.0000 0.0000 -0.1097 1.0000	</row3>
				</transform>
			</node>
			<node>
				<identifier>	HP_FX_Fire_3	</identifier>
				<transform>
					<row0>	1.0000 0.0000 0.0000 0.0000	</row0>
					<row1>	0.0000 1.0000 0.0000 0.0000	</row1>
					<row2>	0.0000 0.0000 1.0000 0.0000	</row2>
					<row3>	0.0000 0.3247 -1.3031 1.0000	</row3>
				</transform>
			</node>
			<node>
				<identifier>	HP_FX_Fire_3_side_1	</identifier>
				<transform>
					<row0>	1.0000 0.0000 0.0000 0.0000	</row0>
					<row1>	0.0000 1.0000 0.0000 0.0000	</row1>
					<row2>	0.0000 0.0000 1.0000 0.0000	</row2>
					<row3>	-0.4106 0.5165 -0.0672 1.0000	</row3>
				</transform>
			</node>
			<node>
				<identifier>	HP_FX_FloodLight_left_1	</identifier>
				<transform>
					<row0>	-1.0000 0.0000 0.0003 0.0000	</row0>
					<row1>	0.0000 1.0000 0.0000 0.0000	</row1>
					<row2>	-0.0003 0.0000 -1.0000 0.0000	</row2>
					<row3>	-0.1249 0.7056 -1.0525 1.0000	</row3>
				</transform>
			</node>
			<node>
				<identifier>	HP_FX_FloodLight_right_1	</identifier>
				<transform>
					<row0>	0.9997 0.0000 -0.0243 0.0000	</row0>
					<row1>	0.0000 1.0000 0.0000 0.0000	</row1>
					<row2>	0.0243 0.0000 0.9997 0.0000	</row2>
					<row3>	0.1256 0.7035 -1.0495 1.0000	</row3>
				</transform>
			</node>
			<node>
				<identifier>	HP_RF_4	</identifier>
				<transform>
					<row0>	0.0000 0.0000 1.0000 0.0000	</row0>
					<row1>	0.0000 1.0000 0.0000 0.0000	</row1>
					<row2>	-1.0000 0.0000 0.0000 0.0000	</row2>
					<row3>	-0.3433 0.8990 0.1295 1.0000	</row3>
				</transform>
			</node>
			<node>
				<identifier>	HP_RF_5	</identifier>
				<transform>
					<row0>	0.0000 0.0000 -1.0000 0.0000	</row0>
					<row1>	0.0000 1.0000 0.0000 0.0000	</row1>
					<row2>	1.0000 0.0000 0.0000 0.0000	</row2>
					<row3>	0.3433 0.8990 0.1295 1.0000	</row3>
				</transform>
			</node>
			<node>
				<identifier>	HP_RF_6	</identifier>
				<transform>
					<row0>	-1.0000 0.0000 0.0000 0.0000	</row0>
					<row1>	0.0000 1.0000 0.0000 0.0000	</row1>
					<row2>	0.0000 0.0000 -1.0000 0.0000	</row2>
					<row3>	0.0000 1.0742 -0.7971 1.0000	</row3>
				</transform>
			</node>
			<node>
				<identifier>	HP_RGA_12	</identifier>
				<transform>
					<row0>	-0.2588 0.0000 0.9659 0.0000	</row0>
					<row1>	0.0000 1.0000 0.0000 0.0000	</row1>
					<row2>	-0.9659 0.0000 -0.2588 0.0000	</row2>
					<row3>	-0.4151 0.4668 -0.0670 1.0000	</row3>
				</transform>
			</node>
			<node>
				<identifier>	HP_RGA_13	</identifier>
				<transform>
					<row0>	-0.2588 0.0000 -0.9659 0.0000	</row0>
					<row1>	0.0000 1.0000 0.0000 0.0000	</row1>
					<row2>	0.9659 0.0000 -0.2588 0.0000	</row2>
					<row3>	0.4151 0.4668 -0.0670 1.0000	</row3>
				</transform>
			</node>
			<node>
				<identifier>	HP_RGA_14	</identifier>
				<transform>
					<row0>	-0.2588 0.0000 0.9659 0.0000	</row0>
					<row1>	0.0000 1.0000 0.0000 0.0000	</row1>
					<row2>	-0.9659 0.0000 -0.2588 0.0000	</row2>
					<row3>	-0.3477 0.4668 -0.3039 1.0000	</row3>
				</transform>
			</node>
			<node>
				<identifier>	HP_RGA_15	</identifier>
				<transform>
					<row0>	-0.2588 0.0000 -0.9659 0.0000	</row0>
					<row1>	0.0000 1.0000 0.0000 0.0000	</row1>
					<row2>	0.9659 0.0000 -0.2588 0.0000	</row2>
					<row3>	0.3477 0.4668 -0.3039 1.0000	</row3>
				</transform>
			</node>
			<node>
				<identifier>	HP_RGA_16	</identifier>
				<transform>
					<row0>	-0.7071 0.0000 0.7071 0.0000	</row0>
					<row1>	0.0000 1.0000 0.0000 0.0000	</row1>
					<row2>	-0.7071 0.0000 -0.7071 0.0000	</row2>
					<row3>	-0.1340 0.9029 -1.0480 1.0000	</row3>
				</transform>
			</node>
			<node>
				<identifier>	HP_RGA_17	</identifier>
				<transform>
					<row0>	-0.5736 0.0000 -0.8192 0.0000	</row0>
					<row1>	0.0000 1.0000 0.0000 0.0000	</row1>
					<row2>	0.8192 0.0000 -0.5736 0.0000	</row2>
					<row3>	0.1340 0.9029 -1.0480 1.0000	</row3>
				</transform>
			</node>
			<node>
				<identifier>	HP_RGA_18	</identifier>
				<transform>
					<row0>	-1.0000 0.0000 0.0000 0.0000	</row0>
					<row1>	0.0000 1.0000 0.0000 0.0000	</row1>
					<row2>	0.0000 0.0000 -1.0000 0.0000	</row2>
					<row3>	0.0000 0.9029 -1.2196 1.0000	</row3>
				</transform>
			</node>
			<node>
				<identifier>	HP_RGA_19	</identifier>
				<transform>
					<row0>	0.0000 0.0000 1.0000 0.0000	</row0>
					<row1>	0.0000 1.0000 0.0000 0.0000	</row1>
					<row2>	-1.0000 0.0000 0.0000 0.0000	</row2>
					<row3>	-0.6412 0.3049 -1.3719 1.0000	</row3>
				</transform>
			</node>
			<node>
				<identifier>	HP_RGA_20	</identifier>
				<transform>
					<row0>	0.0000 0.0000 -1.0000 0.0000	</row0>
					<row1>	0.0000 1.0000 0.0000 0.0000	</row1>
					<row2>	1.0000 0.0000 0.0000 0.0000	</row2>
					<row3>	0.6412 0.3049 -1.3719 1.0000	</row3>
				</transform>
			</node>
			<node>
				<identifier>	HP_RGM_3	</identifier>
				<transform>
					<row0>	-1.0000 0.0000 0.0000 0.0000	</row0>
					<row1>	0.0000 1.0000 0.0000 0.0000	</row1>
					<row2>	0.0000 0.0000 -1.0000 0.0000	</row2>
					<row3>	0.0000 0.5532 -1.7968 1.0000	</row3>
				</transform>
			</node>
			<node>
				<identifier>	HP_RGS_3	</identifier>
				<transform>
					<row0>	1.0000 0.0000 0.0000 0.0000	</row0>
					<row1>	0.0000 1.0000 0.0000 0.0000	</row1>
					<row2>	0.0000 0.0000 1.0000 0.0000	</row2>
					<row3>	-0.5670 0.3290 0.4841 1.0000	</row3>
				</transform>
			</node>
			<node>
				<identifier>	HP_RGS_4	</identifier>
				<transform>
					<row0>	1.0000 0.0000 0.0000 0.0000	</row0>
					<row1>	0.0000 1.0000 0.0000 0.0000	</row1>
					<row2>	0.0000 0.0000 1.0000 0.0000	</row2>
					<row3>	0.5670 0.3290 0.4841 1.0000	</row3>
				</transform>
			</node>
			<node>
				<identifier>	HP_RGS_5	</identifier>
				<transform>
					<row0>	-1.0000 0.0000 0.0000 0.0000	</row0>
					<row1>	0.0000 1.0000 0.0000 0.0000	</row1>
					<row2>	0.0000 0.0000 -1.0000 0.0000	</row2>
					<row3>	-0.5670 0.3290 -0.5786 1.0000	</row3>
				</transform>
			</node>
			<node>
				<identifier>	HP_RGS_6	</identifier>
				<transform>
					<row0>	-1.0000 0.0000 0.0000 0.0000	</row0>
					<row1>	0.0000 1.0000 0.0000 0.0000	</row1>
					<row2>	0.0000 0.0000 -1.0000 0.0000	</row2>
					<row3>	0.5670 0.3290 -0.5786 1.0000	</row3>
				</transform>
			</node>
			<node>
				<identifier>	HP_RRS_1	</identifier>
				<transform>
					<row0>	1.0000 0.0000 0.0000 0.0000	</row0>
					<row1>	0.0000 1.0000 0.0000 0.0000	</row1>
					<row2>	0.0000 0.0000 1.0000 0.0000	</row2>
					<row3>	0.0000 1.6252 -0.5164 1.0000	</row3>
				</transform>
			</node>
			<node>
				<identifier>	HP_Ship_death_3	</identifier>
				<transform>
					<row0>	1.0000 0.0000 0.0000 0.0000	</row0>
					<row1>	0.0000 1.0000 0.0000 0.0000	</row1>
					<row2>	0.0000 0.0000 1.0000 0.0000	</row2>
					<row3>	0.0000 0.0000 -2.3636 1.0000	</row3>
				</transform>
			</node>
			<node>
				<identifier>	HP_flag_nation	</identifier>
				<transform>
					<row0>	0.9998 -0.0202 0.0018 0.0000	</row0>
					<row1>	0.0202 0.9834 -0.1801 0.0000	</row1>
					<row2>	0.0018 0.1801 0.9836 0.0000	</row2>
					<row3>	-0.0001 1.6087 -0.6162 1.0000	</row3>
				</transform>
			</node>
			<node>
				<identifier>	HP_flag_rank	</identifier>
				<transform>
					<row0>	0.9998 -0.0202 0.0018 0.0000	</row0>
					<row1>	0.0202 0.9834 -0.1801 0.0000	</row1>
					<row2>	0.0018 0.1801 0.9836 0.0000	</row2>
					<row3>	-0.0027 1.4802 -0.5926 1.0000	</row3>
				</transform>
			</node>
			<node>
				<identifier>	MP_CM011_Fire_Fighting_Gear	</identifier>
				<transform>
					<row0>	0.9342 0.0000 -0.3567 0.0000	</row0>
					<row1>	0.0000 1.0000 0.0000 0.0000	</row1>
					<row2>	0.3567 0.0000 0.9342 0.0000	</row2>
					<row3>	-0.1649 0.3266 -2.0659 1.0000	</row3>
				</transform>
			</node>
			<node>
				<identifier>	MP_CM011_Fire_Fighting_Gear_INDEX_1	</identifier>
				<transform>
					<row0>	0.9311 0.0000 0.3649 0.0000	</row0>
					<row1>	0.0000 1.0000 0.0000 0.0000	</row1>
					<row2>	-0.3649 0.0000 0.9311 0.0000	</row2>
					<row3>	0.0453 0.3305 -1.2221 1.0000	</row3>
				</transform>
			</node>
			<node>
				<identifier>	MP_CM011_Fire_Fighting_Gear_INDEX_2	</identifier>
				<transform>
					<row0>	1.0000 0.0000 0.0000 0.0000	</row0>
					<row1>	0.0000 1.0000 0.0000 0.0000	</row1>
					<row2>	0.0000 0.0000 1.0000 0.0000	</row2>
					<row3>	-0.0806 0.4665 0.0432 1.0000	</row3>
				</transform>
			</node>
			<node>
				<identifier>	MP_CM029_Emergency_Box	</identifier>
				<transform>
					<row0>	0.6311 0.0000 0.7757 0.0000	</row0>
					<row1>	0.0000 1.0000 0.0000 0.0000	</row1>
					<row2>	-0.7757 0.0000 0.6311 0.0000	</row2>
					<row3>	0.2920 0.3954 -0.3625 1.0000	</row3>
				</transform>
			</node>
			<node>
				<identifier>	MP_CM029_Emergency_Box_INDEX_1	</identifier>
				<transform>
					<row0>	-1.0000 0.0000 0.0000 0.0000	</row0>
					<row1>	0.0000 1.0000 0.0000 0.0000	</row1>
					<row2>	0.0000 0.0000 -1.0000 0.0000	</row2>
					<row3>	-0.0091 0.5618 -0.7336 1.0000	</row3>
				</transform>
			</node>
			<node>
				<identifier>	MP_CM029_Emergency_Box_INDEX_2	</identifier>
				<transform>
					<row0>	0.6398 0.0000 -0.7685 0.0000	</row0>
					<row1>	0.0000 1.0000 0.0000 0.0000	</row1>
					<row2>	0.7685 0.0000 0.6398 0.0000	</row2>
					<row3>	-0.2371 0.4149 -1.9910 1.0000	</row3>
				</transform>
			</node>
			<node>
				<identifier>	MP_CM029_Emergency_Box_INDEX_3	</identifier>
				<transform>
					<row0>	0.0685 0.0000 0.9976 0.0000	</row0>
					<row1>	0.0000 1.0000 0.0000 0.0000	</row1>
					<row2>	-0.9976 0.0000 0.0685 0.0000	</row2>
					<row3>	0.1872 0.4124 0.3945 1.0000	</row3>
				</transform>
			</node>
			<node>
				<identifier>	MP_CM029_Emergency_Box_INDEX_4	</identifier>
				<transform>
					<row0>	0.6311 0.0000 -0.7757 0.0000	</row0>
					<row1>	0.0000 1.0000 0.0000 0.0000	</row1>
					<row2>	0.7757 0.0000 0.6311 0.0000	</row2>
					<row3>	-0.2919 0.3954 -0.3626 1.0000	</row3>
				</transform>
			</node>
			<node>
				<identifier>	MP_CM029_Emergency_Box_INDEX_5	</identifier>
				<transform>
					<row0>	0.6398 0.0000 0.7685 0.0000	</row0>
					<row1>	0.0000 1.0000 0.0000 0.0000	</row1>
					<row2>	-0.7685 0.0000 0.6398 0.0000	</row2>
					<row3>	0.2371 0.4149 -1.9910 1.0000	</row3>
				</transform>
			</node>
			<node>
				<identifier>	MP_CM029_Emergency_Box_INDEX_6	</identifier>
				<transform>
					<row0>	0.0685 0.0000 -0.9976 0.0000	</row0>
					<row1>	0.0000 1.0000 0.0000 0.0000	</row1>
					<row2>	0.9976 0.0000 0.0685 0.0000	</row2>
					<row3>	-0.1872 0.4124 0.3473 1.0000	</row3>
				</transform>
			</node>
			<node>
				<identifier>	MP_CM029_Emergency_Box_INDEX_7	</identifier>
				<transform>
					<row0>	1.0000 0.0000 0.0000 0.0000	</row0>
					<row1>	0.0000 1.0000 0.0000 0.0000	</row1>
					<row2>	0.0000 0.0000 1.0000 0.0000	</row2>
					<row3>	0.0320 0.5485 0.0513 1.0000	</row3>
				</transform>
			</node>
			<node>
				<identifier>	MP_CM029_Emergency_Box_INDEX_8	</identifier>
				<transform>
					<row0>	0.7114 0.0000 0.7027 0.0000	</row0>
					<row1>	0.0000 1.0000 0.0000 0.0000	</row1>
					<row2>	-0.7027 0.0000 0.7114 0.0000	</row2>
					<row3>	0.0835 0.4224 -1.1935 1.0000	</row3>
				</transform>
			</node>
			<node>
				<identifier>	MP_CM029_Emergency_Box_INDEX_9	</identifier>
				<transform>
					<row0>	0.0000 0.0000 1.0000 0.0000	</row0>
					<row1>	0.0000 1.0000 0.0000 0.0000	</row1>
					<row2>	-1.0000 0.0000 0.0000 0.0000	</row2>
					<row3>	0.0660 0.9798 -0.7958 1.0000	</row3>
				</transform>
			</node>
			<node>
				<identifier>	MP_CM030_Swab_Rack_2	</identifier>
				<transform>
					<row0>	0.0000 0.0000 1.0000 0.0000	</row0>
					<row1>	0.0000 1.0000 0.0000 0.0000	</row1>
					<row2>	-1.0000 0.0000 0.0000 0.0000	</row2>
					<row3>	-0.1373 0.3248 -0.7887 1.0000	</row3>
				</transform>
			</node>
			<node>
				<identifier>	MP_CM112_Fire_Extinguisher	</identifier>
				<transform>
					<row0>	0.9816 0.0000 -0.1908 0.0000	</row0>
					<row1>	0.0000 1.0000 0.0000 0.0000	</row1>
					<row2>	0.1908 0.0000 0.9816 0.0000	</row2>
					<row3>	-0.0711 0.9815 -0.7900 1.0000	</row3>
				</transform>
			</node>
			<node>
				<identifier>	MP_CM112_Fire_Extinguisher_INDEX_1	</identifier>
				<transform>
					<row0>	-0.8191 -0.0020 0.5736 0.0000	</row0>
					<row1>	-0.0035 1.0000 -0.0015 0.0000	</row1>
					<row2>	-0.5736 -0.0032 -0.8192 0.0000	</row2>
					<row3>	-0.0554 0.9815 -0.7521 1.0000	</row3>
				</transform>
			</node>
			<node>
				<identifier>	MP_RM007_Compass_Binnacle	</identifier>
				<transform>
					<row0>	-1.0000 0.0000 0.0000 0.0000	</row0>
					<row1>	0.0000 1.0000 0.0000 0.0000	</row1>
					<row2>	0.0000 0.0000 -1.0000 0.0000	</row2>
					<row3>	0.0065 0.7273 0.2503 1.0000	</row3>
				</transform>
			</node>
			<node>
				<identifier>	MP_RM008_Voice_Tube	</identifier>
				<transform>
					<row0>	1.0000 0.0000 0.0000 0.0000	</row0>
					<row1>	0.0000 1.0000 0.0000 0.0000	</row1>
					<row2>	0.0000 0.0000 1.0000 0.0000	</row2>
					<row3>	0.0765 0.4652 0.0450 1.0000	</row3>
				</transform>
			</node>
			<node>
				<identifier>	MP_RM008_Voice_Tube_INDEX_1	</identifier>
				<transform>
					<row0>	-0.8660 0.0000 -0.5000 0.0000	</row0>
					<row1>	0.0000 1.0000 0.0000 0.0000	</row1>
					<row2>	0.5000 0.0000 -0.8660 0.0000	</row2>
					<row3>	-0.0690 0.7510 -0.7920 1.0000	</row3>
				</transform>
			</node>
			<node>
				<identifier>	MP_RM008_Voice_Tube_INDEX_2	</identifier>
				<transform>
					<row0>	0.0000 0.0000 1.0000 0.0000	</row0>
					<row1>	0.0000 1.0000 0.0000 0.0000	</row1>
					<row2>	-1.0000 0.0000 0.0000 0.0000	</row2>
					<row3>	0.0700 0.7510 -0.8014 1.0000	</row3>
				</transform>
			</node>
			<node>
				<identifier>	MP_RM008_Voice_Tube_INDEX_3	</identifier>
				<transform>
					<row0>	1.0000 0.0000 0.0000 0.0000	</row0>
					<row1>	0.0000 1.0000 0.0000 0.0000	</row1>
					<row2>	0.0000 0.0000 1.0000 0.0000	</row2>
					<row3>	0.0621 0.7273 0.2844 1.0000	</row3>
				</transform>
			</node>
			<node>
				<identifier>	MP_RM008_Voice_Tube_INDEX_4	</identifier>
				<transform>
					<row0>	-0.1946 0.0000 -0.9809 0.0000	</row0>
					<row1>	0.0000 1.0000 0.0000 0.0000	</row1>
					<row2>	0.9809 0.0000 -0.1946 0.0000	</row2>
					<row3>	-0.0631 0.8996 -0.8122 1.0000	</row3>
				</transform>
			</node>
			<node>
				<identifier>	MP_RM021_Screened_speed_light	</identifier>
				<transform>
					<row0>	-1.0000 0.0000 0.0000 0.0000	</row0>
					<row1>	0.0000 1.0000 0.0000 0.0000	</row1>
					<row2>	0.0000 0.0000 -1.0000 0.0000	</row2>
					<row3>	0.0000 1.0594 -0.9917 1.0000	</row3>
				</transform>
			</node>
			<node>
				<identifier>	MP_RM029_Signal_Lamp	</identifier>
				<transform>
					<row0>	1.0000 0.0000 0.0000 0.0000	</row0>
					<row1>	0.0000 1.0000 0.0000 0.0000	</row1>
					<row2>	0.0000 0.0000 1.0000 0.0000	</row2>
					<row3>	0.1970 1.6038 -0.4969 1.0000	</row3>
				</transform>
			</node>
			<node>
				<identifier>	MP_RM029_Signal_Lamp_INDEX_1	</identifier>
				<transform>
					<row0>	1.0000 0.0000 0.0000 0.0000	</row0>
					<row1>	0.0000 1.0000 0.0000 0.0000	</row1>
					<row2>	0.0000 0.0000 1.0000 0.0000	</row2>
					<row3>	-0.1975 1.6038 -0.4969 1.0000	</row3>
				</transform>
			</node>
			<node>
				<identifier>	MP_RM052_Device_n5	</identifier>
				<transform>
					<row0>	0.0000 0.0000 -1.0000 0.0000	</row0>
					<row1>	0.0000 1.0000 0.0000 0.0000	</row1>
					<row2>	1.0000 0.0000 0.0000 0.0000	</row2>
					<row3>	-0.2429 0.4627 -1.0238 1.0000	</row3>
				</transform>
			</node>
			<node>
				<identifier>	MP_RM052_Device_n5_INDEX_1	</identifier>
				<transform>
					<row0>	0.0000 0.0000 1.0000 0.0000	</row0>
					<row1>	0.0000 1.0000 0.0000 0.0000	</row1>
					<row2>	-1.0000 0.0000 0.0000 0.0000	</row2>
					<row3>	0.2429 0.4627 -1.0238 1.0000	</row3>
				</transform>
			</node>
			<node>
				<identifier>	MP_RM059_Fairlead	</identifier>
				<transform>
					<row0>	1.0979 0.0659 0.0146 0.0000	</row0>
					<row1>	-0.0659 1.0980 0.0003 0.0000	</row1>
					<row2>	-0.0146 -0.0011 1.0999 0.0000	</row2>
					<row3>	-0.7169 0.2981 -1.8567 1.0000	</row3>
				</transform>
			</node>
			<node>
				<identifier>	MP_RM059_Fairlead_INDEX_1	</identifier>
				<transform>
					<row0>	1.0979 -0.0659 -0.0146 0.0000	</row0>
					<row1>	0.0659 1.0980 0.0003 0.0000	</row1>
					<row2>	0.0146 -0.0011 1.0999 0.0000	</row2>
					<row3>	0.7169 0.2981 -1.8567 1.0000	</row3>
				</transform>
			</node>
			<node>
				<identifier>	MP_RM061_Basket_Rope	</identifier>
				<transform>
					<row0>	0.0000 0.0000 -1.0000 0.0000	</row0>
					<row1>	0.0000 1.0000 0.0000 0.0000	</row1>
					<row2>	1.0000 0.0000 0.0000 0.0000	</row2>
					<row3>	0.1059 0.4641 -0.7127 1.0000	</row3>
				</transform>
			</node>
			<node>
				<identifier>	MP_RM061_Basket_Rope_INDEX_1	</identifier>
				<transform>
					<row0>	0.0000 0.0000 1.0000 0.0000	</row0>
					<row1>	0.0000 1.0000 0.0000 0.0000	</row1>
					<row2>	-1.0000 0.0000 0.0000 0.0000	</row2>
					<row3>	-0.1059 0.4641 -0.7127 1.0000	</row3>
				</transform>
			</node>
			<node>
				<identifier>	MP_RM096_Paravane	</identifier>
				<transform>
					<row0>	0.0339 -0.9994 0.0000 0.0000	</row0>
					<row1>	0.3049 0.0103 -0.9523 0.0000	</row1>
					<row2>	0.9518 0.0323 0.3051 0.0000	</row2>
					<row3>	-0.1107 0.4051 -1.4449 1.0000	</row3>
				</transform>
			</node>
			<node>
				<identifier>	MP_RM096_Paravane_INDEX_1	</identifier>
				<transform>
					<row0>	0.0000 1.0000 0.0000 0.0000	</row0>
					<row1>	0.0000 0.0000 -1.0000 0.0000	</row1>
					<row2>	-1.0000 0.0000 0.0000 0.0000	</row2>
					<row3>	0.0000 0.4078 -1.3128 1.0000	</row3>
				</transform>
			</node>
			<node>
				<identifier>	MP_RM096_Paravane_INDEX_2	</identifier>
				<transform>
					<row0>	0.0339 0.9994 0.0000 0.0000	</row0>
					<row1>	-0.3049 0.0103 -0.9523 0.0000	</row1>
					<row2>	-0.9518 0.0323 0.3051 0.0000	</row2>
					<row3>	0.1107 0.4051 -1.4449 1.0000	</row3>
				</transform>
			</node>
			<node>
				<identifier>	MP_RM096_Paravane_INDEX_3	</identifier>
				<transform>
					<row0>	0.0000 1.0000 0.0000 0.0000	</row0>
					<row1>	0.0000 0.0000 1.0000 0.0000	</row1>
					<row2>	1.0000 0.0000 0.0000 0.0000	</row2>
					<row3>	0.0000 0.4078 -1.4093 1.0000	</row3>
				</transform>
			</node>
			<node>
				<identifier>	MP_RM131_Headphones_locker	</identifier>
				<transform>
					<row0>	0.0000 0.0000 -1.0000 0.0000	</row0>
					<row1>	0.0000 1.0000 0.0000 0.0000	</row1>
					<row2>	1.0000 0.0000 0.0000 0.0000	</row2>
					<row3>	-0.0109 0.3486 -2.2144 1.0000	</row3>
				</transform>
			</node>
			<node>
				<identifier>	MP_RM131_Headphones_locker_INDEX_1	</identifier>
				<transform>
					<row0>	0.0000 0.0000 -1.0000 0.0000	</row0>
					<row1>	0.0000 1.0000 0.0000 0.0000	</row1>
					<row2>	1.0000 0.0000 0.0000 0.0000	</row2>
					<row3>	-0.0109 0.3295 -2.2144 1.0000	</row3>
				</transform>
			</node>
			<node>
				<identifier>	MP_RM131_Headphones_locker_INDEX_2	</identifier>
				<transform>
					<row0>	0.0000 0.0000 -1.0000 0.0000	</row0>
					<row1>	0.0000 1.0000 0.0000 0.0000	</row1>
					<row2>	1.0000 0.0000 0.0000 0.0000	</row2>
					<row3>	0.0362 0.3287 -2.2144 1.0000	</row3>
				</transform>
			</node>
			<node>
				<identifier>	MP_RM131_Headphones_locker_INDEX_3	</identifier>
				<transform>
					<row0>	0.0000 0.0000 -1.0000 0.0000	</row0>
					<row1>	0.0000 1.0000 0.0000 0.0000	</row1>
					<row2>	1.0000 0.0000 0.0000 0.0000	</row2>
					<row3>	0.0362 0.3479 -2.2144 1.0000	</row3>
				</transform>
			</node>
			<node>
				<identifier>	MP_RM131_Headphones_locker_INDEX_4	</identifier>
				<transform>
					<row0>	0.0000 0.0000 1.0000 0.0000	</row0>
					<row1>	0.0000 1.0000 0.0000 0.0000	</row1>
					<row2>	-1.0000 0.0000 0.0000 0.0000	</row2>
					<row3>	-0.0362 0.3479 -2.2144 1.0000	</row3>
				</transform>
			</node>
			<node>
				<identifier>	MP_RM131_Headphones_locker_INDEX_5	</identifier>
				<transform>
					<row0>	0.0000 0.0000 1.0000 0.0000	</row0>
					<row1>	0.0000 1.0000 0.0000 0.0000	</row1>
					<row2>	-1.0000 0.0000 0.0000 0.0000	</row2>
					<row3>	-0.0362 0.3287 -2.2144 1.0000	</row3>
				</transform>
			</node>
			<node>
				<identifier>	MP_RM139_Insulator	</identifier>
				<transform>
					<row0>	0.4700 0.0000 0.0000 0.0000	</row0>
					<row1>	0.0000 0.4700 0.0000 0.0000	</row1>
					<row2>	0.0000 0.0000 0.4700 0.0000	</row2>
					<row3>	0.3023 0.4473 -0.7592 1.0000	</row3>
				</transform>
			</node>
			<node>
				<identifier>	MP_RM139_Insulator_INDEX_1	</identifier>
				<transform>
					<row0>	0.4700 0.0000 0.0000 0.0000	</row0>
					<row1>	0.0000 0.4700 0.0000 0.0000	</row1>
					<row2>	0.0000 0.0000 0.4700 0.0000	</row2>
					<row3>	-0.1173 0.7456 0.3337 1.0000	</row3>
				</transform>
			</node>
			<node>
				<identifier>	MP_RM170_Motor_Launch_8_5m_ITL	</identifier>
				<transform>
					<row0>	-1.0000 0.0000 0.0000 0.0000	</row0>
					<row1>	0.0000 1.0000 0.0000 0.0000	</row1>
					<row2>	0.0000 0.0000 -1.0000 0.0000	</row2>
					<row3>	0.1281 0.4777 -0.3419 1.0000	</row3>
				</transform>
			</node>
			<node>
				<identifier>	MP_RM170_Motor_Launch_8_5m_ITL_INDEX_1	</identifier>
				<transform>
					<row0>	-1.0000 0.0000 0.0000 0.0000	</row0>
					<row1>	0.0000 1.0000 0.0000 0.0000	</row1>
					<row2>	0.0000 0.0000 -1.0000 0.0000	</row2>
					<row3>	-0.1281 0.4771 -0.3419 1.0000	</row3>
				</transform>
			</node>
			<node>
				<identifier>	MP_RM181_Anchor_Fairled	</identifier>
				<transform>
					<row0>	0.1812 0.0000 0.6761 0.0000	</row0>
					<row1>	0.0299 0.6993 -0.0080 0.0000	</row1>
					<row2>	-0.6755 0.0310 0.1810 0.0000	</row2>
					<row3>	0.6544 0.3046 -0.2570 1.0000	</row3>
				</transform>
			</node>
			<node>
				<identifier>	MP_RM181_Anchor_Fairled_INDEX_1	</identifier>
				<transform>
					<row0>	0.1812 0.0000 -0.6761 0.0000	</row0>
					<row1>	-0.0299 0.6993 -0.0080 0.0000	</row1>
					<row2>	0.6755 0.0310 0.1810 0.0000	</row2>
					<row3>	-0.6544 0.3046 -0.2570 1.0000	</row3>
				</transform>
			</node>
			<node>
				<identifier>	MP_RM196_Pelorus	</identifier>
				<transform>
					<row0>	1.0000 0.0000 0.0000 0.0000	</row0>
					<row1>	0.0000 1.0000 0.0000 0.0000	</row1>
					<row2>	0.0000 0.0000 1.0000 0.0000	</row2>
					<row3>	-0.1661 0.7510 -0.7516 1.0000	</row3>
				</transform>
			</node>
			<node>
				<identifier>	MP_RM196_Pelorus_INDEX_1	</identifier>
				<transform>
					<row0>	1.0000 0.0000 0.0000 0.0000	</row0>
					<row1>	0.0000 1.0000 0.0000 0.0000	</row1>
					<row2>	0.0000 0.0000 1.0000 0.0000	</row2>
					<row3>	0.1661 0.7510 -0.7516 1.0000	</row3>
				</transform>
			</node>
			<node>
				<identifier>	MP_RM206_CAMOBAP	</identifier>
				<transform>
					<row0>	-1.0000 0.0000 0.0000 0.0000	</row0>
					<row1>	0.0000 1.0000 0.0000 0.0000	</row1>
					<row2>	0.0000 0.0000 -1.0000 0.0000	</row2>
					<row3>	0.0000 0.3277 -0.4056 1.0000	</row3>
				</transform>
			</node>
			<node>
				<identifier>	MP_RM214_Life_Buoy	</identifier>
				<transform>
					<row0>	0.0023 0.0000 1.0000 0.0000	</row0>
					<row1>	0.0000 1.0000 0.0000 0.0000	</row1>
					<row2>	-1.0000 0.0000 0.0023 0.0000	</row2>
					<row3>	0.7454 0.3600 0.1940 1.0000	</row3>
				</transform>
			</node>
			<node>
				<identifier>	MP_RM214_Life_Buoy_INDEX_1	</identifier>
				<transform>
					<row0>	0.0023 0.0000 -1.0000 0.0000	</row0>
					<row1>	0.0000 1.0000 0.0000 0.0000	</row1>
					<row2>	1.0000 0.0000 0.0023 0.0000	</row2>
					<row3>	-0.7454 0.3600 0.1940 1.0000	</row3>
				</transform>
			</node>
			<node>
				<identifier>	MP_RM214_Life_Buoy_INDEX_2	</identifier>
				<transform>
					<row0>	0.0255 0.0000 -0.9997 0.0000	</row0>
					<row1>	0.0000 1.0000 0.0000 0.0000	</row1>
					<row2>	0.9997 0.0000 0.0255 0.0000	</row2>
					<row3>	-0.7060 0.3594 -2.2091 1.0000	</row3>
				</transform>
			</node>
			<node>
				<identifier>	MP_RM214_Life_Buoy_INDEX_3	</identifier>
				<transform>
					<row0>	0.0213 0.0000 0.9998 0.0000	</row0>
					<row1>	0.0000 1.0000 0.0000 0.0000	</row1>
					<row2>	-0.9998 0.0000 0.0213 0.0000	</row2>
					<row3>	0.7225 0.3594 -2.2091 1.0000	</row3>
				</transform>
			</node>
			<node>
				<identifier>	MP_RM219_Fairlead	</identifier>
				<transform>
					<row0>	0.6986 -0.0447 0.0000 0.0000	</row0>
					<row1>	0.0447 0.6986 0.0000 0.0000	</row1>
					<row2>	0.0000 0.0000 0.7000 0.0000	</row2>
					<row3>	0.7342 0.2999 -0.1623 1.0000	</row3>
				</transform>
			</node>
			<node>
				<identifier>	MP_RM219_Fairlead_INDEX_1	</identifier>
				<transform>
					<row0>	0.6986 0.0447 0.0000 0.0000	</row0>
					<row1>	-0.0447 0.6986 0.0000 0.0000	</row1>
					<row2>	0.0000 0.0000 0.7000 0.0000	</row2>
					<row3>	-0.7397 0.2999 -0.1623 1.0000	</row3>
				</transform>
			</node>
			<node>
				<identifier>	MP_RM225_Alarm	</identifier>
				<transform>
					<row0>	0.0000 0.0000 -1.0000 0.0000	</row0>
					<row1>	0.0000 1.0000 0.0000 0.0000	</row1>
					<row2>	1.0000 0.0000 0.0000 0.0000	</row2>
					<row3>	0.3023 0.5109 -1.7970 1.0000	</row3>
				</transform>
			</node>
			<node>
				<identifier>	MP_RM225_Alarm_INDEX_1	</identifier>
				<transform>
					<row0>	0.0000 0.0000 1.0000 0.0000	</row0>
					<row1>	0.0000 1.0000 0.0000 0.0000	</row1>
					<row2>	-1.0000 0.0000 0.0000 0.0000	</row2>
					<row3>	-0.3023 0.5109 -1.7964 1.0000	</row3>
				</transform>
			</node>
			<node>
				<identifier>	MP_RM258_Winch_for_Cran_Boat_R	</identifier>
				<transform>
					<row0>	0.6438 -0.0377 -0.7643 0.0000	</row0>
					<row1>	0.0579 0.9983 -0.0005 0.0000	</row1>
					<row2>	0.7630 -0.0440 0.6449 0.0000	</row2>
					<row3>	0.5730 0.3072 -0.0123 1.0000	</row3>
				</transform>
			</node>
			<node>
				<identifier>	MP_RM258_Winch_for_Cran_Boat_R_INDEX_1	</identifier>
				<transform>
					<row0>	-0.5148 0.0000 -0.8573 0.0000	</row0>
					<row1>	0.0000 1.0000 0.0000 0.0000	</row1>
					<row2>	0.8573 0.0000 -0.5148 0.0000	</row2>
					<row3>	0.2522 0.4641 -0.0221 1.0000	</row3>
				</transform>
			</node>
			<node>
				<identifier>	MP_RM271_Lifeboat_SPS18	</identifier>
				<transform>
					<row0>	0.0000 0.0000 -1.0000 0.0000	</row0>
					<row1>	-0.0560 0.9984 0.0000 0.0000	</row1>
					<row2>	0.9984 0.0560 0.0000 0.0000	</row2>
					<row3>	-0.5118 0.3099 -1.1890 1.0000	</row3>
				</transform>
			</node>
			<node>
				<identifier>	MP_RM271_Lifeboat_SPS18_INDEX_1	</identifier>
				<transform>
					<row0>	0.0000 0.0000 -1.0000 0.0000	</row0>
					<row1>	-0.0583 0.9983 0.0000 0.0000	</row1>
					<row2>	0.9983 0.0583 0.0000 0.0000	</row2>
					<row3>	-0.5118 0.3104 -1.0804 1.0000	</row3>
				</transform>
			</node>
			<node>
				<identifier>	MP_RM271_Lifeboat_SPS18_INDEX_2	</identifier>
				<transform>
					<row0>	0.0000 0.0000 1.0000 0.0000	</row0>
					<row1>	0.0583 0.9983 0.0000 0.0000	</row1>
					<row2>	-0.9983 0.0583 0.0000 0.0000	</row2>
					<row3>	0.5117 0.3104 -1.0804 1.0000	</row3>
				</transform>
			</node>
			<node>
				<identifier>	MP_RM271_Lifeboat_SPS18_INDEX_3	</identifier>
				<transform>
					<row0>	0.0000 0.0000 1.0000 0.0000	</row0>
					<row1>	0.0560 0.9984 0.0000 0.0000	</row1>
					<row2>	-0.9984 0.0560 0.0000 0.0000	</row2>
					<row3>	0.5118 0.3100 -1.1890 1.0000	</row3>
				</transform>
			</node>
			<node>
				<identifier>	MP_RM273_Fire_Hose_Rack_box	</identifier>
				<transform>
					<row0>	-0.8819 0.0000 0.4714 0.0000	</row0>
					<row1>	0.0000 1.0000 0.0000 0.0000	</row1>
					<row2>	-0.4714 0.0000 -0.8819 0.0000	</row2>
					<row3>	-0.1320 0.3964 -2.0676 1.0000	</row3>
				</transform>
			</node>
			<node>
				<identifier>	MP_RM273_Fire_Hose_Rack_box_INDEX_1	</identifier>
				<transform>
					<row0>	-1.0000 0.0000 0.0000 0.0000	</row0>
					<row1>	0.0000 1.0000 0.0000 0.0000	</row1>
					<row2>	0.0000 0.0000 -1.0000 0.0000	</row2>
					<row3>	-0.0502 0.5175 0.0513 1.0000	</row3>
				</transform>
			</node>
			<node>
				<identifier>	MP_RM273_Fire_Hose_Rack_box_INDEX_2	</identifier>
				<transform>
					<row0>	-0.9877 0.0000 -0.1564 0.0000	</row0>
					<row1>	0.0000 1.0000 0.0000 0.0000	</row1>
					<row2>	0.1564 0.0000 -0.9877 0.0000	</row2>
					<row3>	0.0161 0.3761 -1.2207 1.0000	</row3>
				</transform>
			</node>
			<node>
				<identifier>	MP_RM274_Barrel_box	</identifier>
				<transform>
					<row0>	-0.5752 0.0000 0.8180 0.0000	</row0>
					<row1>	0.0000 1.0000 0.0000 0.0000	</row1>
					<row2>	-0.8180 0.0000 -0.5752 0.0000	</row2>
					<row3>	-0.1682 0.8992 -0.9074 1.0000	</row3>
				</transform>
			</node>
			<node>
				<identifier>	MP_RM274_Barrel_box_INDEX_1	</identifier>
				<transform>
					<row0>	-0.5752 0.0000 -0.8180 0.0000	</row0>
					<row1>	0.0000 1.0000 0.0000 0.0000	</row1>
					<row2>	0.8180 0.0000 -0.5752 0.0000	</row2>
					<row3>	0.1682 0.8992 -0.9074 1.0000	</row3>
				</transform>
			</node>
			<node>
				<identifier>	MP_RM278_Ammunition_Box	</identifier>
				<transform>
					<row0>	1.0000 0.0000 0.0000 0.0000	</row0>
					<row1>	0.0000 1.0000 0.0000 0.0000	</row1>
					<row2>	0.0000 0.0000 1.0000 0.0000	</row2>
					<row3>	0.2356 0.4627 -0.1478 1.0000	</row3>
				</transform>
			</node>
			<node>
				<identifier>	MP_RM278_Ammunition_Box_INDEX_1	</identifier>
				<transform>
					<row0>	-1.0000 0.0000 0.0000 0.0000	</row0>
					<row1>	0.0000 1.0000 0.0000 0.0000	</row1>
					<row2>	0.0000 0.0000 -1.0000 0.0000	</row2>
					<row3>	-0.2779 0.4627 -0.1778 1.0000	</row3>
				</transform>
			</node>
			<node>
				<identifier>	MP_RM278_Ammunition_Box_INDEX_10	</identifier>
				<transform>
					<row0>	1.0000 0.0000 0.0000 0.0000	</row0>
					<row1>	0.0000 1.0000 0.0000 0.0000	</row1>
					<row2>	0.0000 0.0000 1.0000 0.0000	</row2>
					<row3>	-0.2779 0.4627 -0.1478 1.0000	</row3>
				</transform>
			</node>
			<node>
				<identifier>	MP_RM278_Ammunition_Box_INDEX_11	</identifier>
				<transform>
					<row0>	1.0000 0.0000 0.0000 0.0000	</row0>
					<row1>	0.0000 1.0000 0.0000 0.0000	</row1>
					<row2>	0.0000 0.0000 1.0000 0.0000	</row2>
					<row3>	0.6034 0.3040 -1.5142 1.0000	</row3>
				</transform>
			</node>
			<node>
				<identifier>	MP_RM278_Ammunition_Box_INDEX_12	</identifier>
				<transform>
					<row0>	-1.0000 0.0000 0.0000 0.0000	</row0>
					<row1>	0.0000 1.0000 0.0000 0.0000	</row1>
					<row2>	0.0000 0.0000 -1.0000 0.0000	</row2>
					<row3>	0.0234 0.8990 -0.8951 1.0000	</row3>
				</transform>
			</node>
			<node>
				<identifier>	MP_RM278_Ammunition_Box_INDEX_13	</identifier>
				<transform>
					<row0>	-1.0000 0.0000 0.0000 0.0000	</row0>
					<row1>	0.0000 1.0000 0.0000 0.0000	</row1>
					<row2>	0.0000 0.0000 -1.0000 0.0000	</row2>
					<row3>	-0.2356 0.4627 -0.1778 1.0000	</row3>
				</transform>
			</node>
			<node>
				<identifier>	MP_RM278_Ammunition_Box_INDEX_14	</identifier>
				<transform>
					<row0>	0.5021 0.0000 0.8648 0.0000	</row0>
					<row1>	0.0000 1.0000 0.0000 0.0000	</row1>
					<row2>	-0.8648 0.0000 0.5021 0.0000	</row2>
					<row3>	0.1560 0.8991 -1.1770 1.0000	</row3>
				</transform>
			</node>
			<node>
				<identifier>	MP_RM278_Ammunition_Box_INDEX_15	</identifier>
				<transform>
					<row0>	1.0000 0.0000 0.0000 0.0000	</row0>
					<row1>	0.0000 1.0000 0.0000 0.0000	</row1>
					<row2>	0.0000 0.0000 1.0000 0.0000	</row2>
					<row3>	0.2779 0.4627 -0.1478 1.0000	</row3>
				</transform>
			</node>
			<node>
				<identifier>	MP_RM278_Ammunition_Box_INDEX_16	</identifier>
				<transform>
					<row0>	-1.0000 0.0000 0.0000 0.0000	</row0>
					<row1>	0.0000 1.0000 0.0000 0.0000	</row1>
					<row2>	0.0000 0.0000 -1.0000 0.0000	</row2>
					<row3>	0.2779 0.4627 -0.1778 1.0000	</row3>
				</transform>
			</node>
			<node>
				<identifier>	MP_RM278_Ammunition_Box_INDEX_17	</identifier>
				<transform>
					<row0>	-0.7067 0.0000 -0.7075 0.0000	</row0>
					<row1>	0.0000 1.0000 0.0000 0.0000	</row1>
					<row2>	0.7075 0.0000 -0.7067 0.0000	</row2>
					<row3>	0.0607 0.8990 -0.8545 1.0000	</row3>
				</transform>
			</node>
			<node>
				<identifier>	MP_RM278_Ammunition_Box_INDEX_2	</identifier>
				<transform>
					<row0>	1.0000 -0.0048 0.0000 0.0000	</row0>
					<row1>	0.0048 1.0000 0.0000 0.0000	</row1>
					<row2>	0.0000 0.0000 1.0000 0.0000	</row2>
					<row3>	0.5590 0.3067 -1.5142 1.0000	</row3>
				</transform>
			</node>
			<node>
				<identifier>	MP_RM278_Ammunition_Box_INDEX_3	</identifier>
				<transform>
					<row0>	0.9999 0.0119 0.0000 0.0000	</row0>
					<row1>	-0.0119 0.9999 0.0000 0.0000	</row1>
					<row2>	0.0000 0.0000 1.0000 0.0000	</row2>
					<row3>	-0.5598 0.3065 -1.5143 1.0000	</row3>
				</transform>
			</node>
			<node>
				<identifier>	MP_RM278_Ammunition_Box_INDEX_4	</identifier>
				<transform>
					<row0>	0.5021 0.0000 -0.8648 0.0000	</row0>
					<row1>	0.0000 1.0000 0.0000 0.0000	</row1>
					<row2>	0.8648 0.0000 0.5021 0.0000	</row2>
					<row3>	-0.1560 0.8991 -1.1770 1.0000	</row3>
				</transform>
			</node>
			<node>
				<identifier>	MP_RM278_Ammunition_Box_INDEX_5	</identifier>
				<transform>
					<row0>	0.9999 0.0120 0.0000 0.0000	</row0>
					<row1>	-0.0120 0.9999 0.0000 0.0000	</row1>
					<row2>	0.0000 0.0000 1.0000 0.0000	</row2>
					<row3>	-0.6034 0.3041 -1.5142 1.0000	</row3>
				</transform>
			</node>
			<node>
				<identifier>	MP_RM278_Ammunition_Box_INDEX_6	</identifier>
				<transform>
					<row0>	-1.0000 0.0000 0.0000 0.0000	</row0>
					<row1>	0.0000 1.0000 0.0000 0.0000	</row1>
					<row2>	0.0000 0.0000 -1.0000 0.0000	</row2>
					<row3>	0.2356 0.4627 -0.1778 1.0000	</row3>
				</transform>
			</node>
			<node>
				<identifier>	MP_RM278_Ammunition_Box_INDEX_7	</identifier>
				<transform>
					<row0>	-0.7067 0.0000 0.7075 0.0000	</row0>
					<row1>	0.0000 1.0000 0.0000 0.0000	</row1>
					<row2>	-0.7075 0.0000 -0.7067 0.0000	</row2>
					<row3>	-0.0607 0.8990 -0.8545 1.0000	</row3>
				</transform>
			</node>
			<node>
				<identifier>	MP_RM278_Ammunition_Box_INDEX_8	</identifier>
				<transform>
					<row0>	1.0000 0.0000 0.0000 0.0000	</row0>
					<row1>	0.0000 1.0000 0.0000 0.0000	</row1>
					<row2>	0.0000 0.0000 1.0000 0.0000	</row2>
					<row3>	-0.2356 0.4627 -0.1478 1.0000	</row3>
				</transform>
			</node>
			<node>
				<identifier>	MP_RM278_Ammunition_Box_INDEX_9	</identifier>
				<transform>
					<row0>	-1.0000 0.0000 0.0000 0.0000	</row0>
					<row1>	0.0000 1.0000 0.0000 0.0000	</row1>
					<row2>	0.0000 0.0000 -1.0000 0.0000	</row2>
					<row3>	-0.0233 0.8990 -0.8951 1.0000	</row3>
				</transform>
			</node>
			<node>
				<identifier>	MP_RM281_Bollard	</identifier>
				<transform>
					<row0>	0.9984 -0.0565 0.0000 0.0000	</row0>
					<row1>	0.0565 0.9984 0.0000 0.0000	</row1>
					<row2>	0.0000 0.0000 1.0000 0.0000	</row2>
					<row3>	0.6126 0.3013 -2.0825 1.0000	</row3>
				</transform>
			</node>
			<node>
				<identifier>	MP_RM281_Bollard_INDEX_1	</identifier>
				<transform>
					<row0>	0.9984 0.0565 0.0000 0.0000	</row0>
					<row1>	-0.0565 0.9984 0.0000 0.0000	</row1>
					<row2>	0.0000 0.0000 1.0000 0.0000	</row2>
					<row3>	-0.6126 0.3013 -2.0825 1.0000	</row3>
				</transform>
			</node>
			<node>
				<identifier>	MP_RM284_Hatch	</identifier>
				<transform>
					<row0>	1.0000 0.0000 0.0000 0.0000	</row0>
					<row1>	0.0000 1.0000 0.0000 0.0000	</row1>
					<row2>	0.0000 0.0000 1.0000 0.0000	</row2>
					<row3>	0.3890 0.3136 -1.8803 1.0000	</row3>
				</transform>
			</node>
			<node>
				<identifier>	MP_RM284_Hatch_INDEX_1	</identifier>
				<transform>
					<row0>	1.0000 0.0000 0.0000 0.0000	</row0>
					<row1>	0.0000 1.0000 0.0000 0.0000	</row1>
					<row2>	0.0000 0.0000 1.0000 0.0000	</row2>
					<row3>	-0.3976 0.3127 -0.8808 1.0000	</row3>
				</transform>
			</node>
			<node>
				<identifier>	MP_RM284_Hatch_INDEX_2	</identifier>
				<transform>
					<row0>	1.0000 0.0000 0.0000 0.0000	</row0>
					<row1>	0.0000 1.0000 0.0000 0.0000	</row1>
					<row2>	0.0000 0.0000 1.0000 0.0000	</row2>
					<row3>	-0.3890 0.3136 -1.8803 1.0000	</row3>
				</transform>
			</node>
			<node>
				<identifier>	MP_RM284_Hatch_INDEX_3	</identifier>
				<transform>
					<row0>	-1.0000 0.0000 0.0000 0.0000	</row0>
					<row1>	0.0000 1.0000 0.0000 0.0000	</row1>
					<row2>	0.0000 0.0000 -1.0000 0.0000	</row2>
					<row3>	0.2681 0.3200 0.3338 1.0000	</row3>
				</transform>
			</node>
			<node>
				<identifier>	MP_RM284_Hatch_INDEX_4	</identifier>
				<transform>
					<row0>	1.0000 0.0000 0.0000 0.0000	</row0>
					<row1>	0.0000 1.0000 0.0000 0.0000	</row1>
					<row2>	0.0000 0.0000 1.0000 0.0000	</row2>
					<row3>	0.0368 0.4630 -0.0656 1.0000	</row3>
				</transform>
			</node>
			<node>
				<identifier>	MP_RM284_Hatch_INDEX_5	</identifier>
				<transform>
					<row0>	1.0000 0.0000 0.0000 0.0000	</row0>
					<row1>	0.0000 1.0000 0.0000 0.0000	</row1>
					<row2>	0.0000 0.0000 1.0000 0.0000	</row2>
					<row3>	0.3976 0.3127 -0.8808 1.0000	</row3>
				</transform>
			</node>
			<node>
				<identifier>	MP_RM284_Hatch_INDEX_6	</identifier>
				<transform>
					<row0>	-1.0000 0.0000 0.0000 0.0000	</row0>
					<row1>	0.0000 1.0000 0.0000 0.0000	</row1>
					<row2>	0.0000 0.0000 -1.0000 0.0000	</row2>
					<row3>	-0.2681 0.3200 0.3338 1.0000	</row3>
				</transform>
			</node>
			<node>
				<identifier>	MP_RM286_Hatch	</identifier>
				<transform>
					<row0>	-0.8527 0.0000 0.0000 0.0000	</row0>
					<row1>	0.0000 0.8527 0.0000 0.0000	</row1>
					<row2>	0.0000 0.0000 -0.8527 0.0000	</row2>
					<row3>	-0.6654 0.2983 -0.3630 1.0000	</row3>
				</transform>
			</node>
			<node>
				<identifier>	MP_RM286_Hatch_INDEX_1	</identifier>
				<transform>
					<row0>	-0.8527 0.0000 0.0000 0.0000	</row0>
					<row1>	0.0000 0.8527 0.0000 0.0000	</row1>
					<row2>	0.0000 0.0000 -0.8527 0.0000	</row2>
					<row3>	0.3324 0.3175 -1.5771 1.0000	</row3>
				</transform>
			</node>
			<node>
				<identifier>	MP_RM286_Hatch_INDEX_2	</identifier>
				<transform>
					<row0>	-0.8527 0.0000 0.0000 0.0000	</row0>
					<row1>	0.0000 0.8527 0.0000 0.0000	</row1>
					<row2>	0.0000 0.0000 -0.8527 0.0000	</row2>
					<row3>	-0.3324 0.3186 -1.5771 1.0000	</row3>
				</transform>
			</node>
			<node>
				<identifier>	MP_RM286_Hatch_INDEX_3	</identifier>
				<transform>
					<row0>	-0.8527 0.0000 0.0000 0.0000	</row0>
					<row1>	0.0000 0.8527 0.0000 0.0000	</row1>
					<row2>	0.0000 0.0000 -0.8527 0.0000	</row2>
					<row3>	0.6654 0.2983 -0.3630 1.0000	</row3>
				</transform>
			</node>
			<node>
				<identifier>	MP_RM293_Reel	</identifier>
				<transform>
					<row0>	-0.9328 0.0000 -0.3605 0.0000	</row0>
					<row1>	0.0000 1.0000 0.0000 0.0000	</row1>
					<row2>	0.3605 0.0000 -0.9328 0.0000	</row2>
					<row3>	0.1388 0.3250 -2.1383 1.0000	</row3>
				</transform>
			</node>
			<node>
				<identifier>	MP_RM295_Ventilation	</identifier>
				<transform>
					<row0>	1.0806 0.0000 0.0000 0.0000	</row0>
					<row1>	0.0000 1.0806 0.0000 0.0000	</row1>
					<row2>	0.0000 0.0000 1.0806 0.0000	</row2>
					<row3>	0.1890 0.3151 -1.3334 1.0000	</row3>
				</transform>
			</node>
			<node>
				<identifier>	MP_RM295_Ventilation_INDEX_1	</identifier>
				<transform>
					<row0>	0.7839 0.0000 0.0000 0.0000	</row0>
					<row1>	0.0000 0.7839 0.0000 0.0000	</row1>
					<row2>	0.0000 0.0000 0.7839 0.0000	</row2>
					<row3>	0.1001 0.6146 0.0794 1.0000	</row3>
				</transform>
			</node>
			<node>
				<identifier>	MP_RM295_Ventilation_INDEX_10	</identifier>
				<transform>
					<row0>	0.7871 0.0000 0.0000 0.0000	</row0>
					<row1>	0.0000 0.7871 0.0000 0.0000	</row1>
