<BGM081_15in_45_MkII_dead_lod2.visual>
	<node>
		<identifier>	Scene Root	</identifier>
		<transform>
			<row0>	1.0000 0.0000 0.0000 0.0000	</row0>
			<row1>	0.0000 1.0000 0.0000 0.0000	</row1>
			<row2>	0.0000 0.0000 1.0000 0.0000	</row2>
			<row3>	0.0000 0.0000 0.0000 1.0000	</row3>
		</transform>
		<node>
			<identifier>	Turret_dead	</identifier>
			<transform>
				<row0>	1.0000 0.0000 0.0000 0.0000	</row0>
				<row1>	0.0000 1.0000 0.0000 0.0000	</row1>
				<row2>	0.0000 0.0000 1.0000 0.0000	</row2>
				<row3>	0.0000 0.0000 0.0000 1.0000	</row3>
			</transform>
			<node>
				<identifier>	MP_BM481_gundeck_for_BGM081_dead	</identifier>
				<transform>
					<row0>	1.0000 0.0000 0.0000 0.0000	</row0>
					<row1>	0.0000 1.0000 0.0000 0.0000	</row1>
					<row2>	0.0000 0.0000 1.0000 0.0000	</row2>
					<row3>	0.0000 0.0000 0.0000 1.0000	</row3>
				</transform>
			</node>
			<node>
				<identifier>	SP_YMS100_YGBS_M_1	</identifier>
				<transform>
					<row0>	1.0000 0.0000 0.0000 0.0000	</row0>
					<row1>	0.0000 0.9990 0.0442 0.0000	</row1>
					<row2>	0.0000 -0.0442 0.9990 0.0000	</row2>
					<row3>	0.0000 0.0739 0.2281 1.0000	</row3>
				</transform>
			</node>
			<node>
				<identifier>	SP_YMS100_YGBS_M_1_INDEX_4	</identifier>
				<transform>
					<row0>	1.0000 0.0000 0.0000 0.0000	</row0>
					<row1>	0.0000 0.9987 -0.0510 0.0000	</row1>
					<row2>	0.0000 0.0510 0.9987 0.0000	</row2>
					<row3>	0.1601 0.0721 0.2275 1.0000	</row3>
				</transform>
			</node>
			<node>
				<identifier>	SP_YMS100_YGBS_M_1_INDEX_5	</identifier>
				<transform>
					<row0>	1.0000 0.0000 0.0000 0.0000	</row0>
					<row1>	0.0000 0.9844 -0.1759 0.0000	</row1>
					<row2>	0.0000 0.1759 0.9844 0.0000	</row2>
					<row3>	-0.1601 0.0778 0.2267 1.0000	</row3>
				</transform>
			</node>
			<node>
				<identifier>	SP_YMS101_YGCS_M_1_INDEX_1	</identifier>
				<transform>
					<row0>	1.0000 0.0000 0.0000 0.0000	</row0>
					<row1>	0.0000 1.2700 0.0000 0.0000	</row1>
					<row2>	0.0000 0.0000 1.0000 0.0000	</row2>
					<row3>	-0.1601 0.0065 0.3402 1.0000	</row3>
				</transform>
			</node>
			<node>
				<identifier>	SP_YMS101_YGCS_M_1_INDEX_3	</identifier>
				<transform>
					<row0>	1.0000 0.0000 0.0000 0.0000	</row0>
					<row1>	0.0000 1.2700 0.0000 0.0000	</row1>
					<row2>	0.0000 0.0000 1.0000 0.0000	</row2>
					<row3>	0.0000 0.0065 0.3402 1.0000	</row3>
				</transform>
			</node>
			<node>
				<identifier>	SP_YMS101_YGCS_M_1_INDEX_5	</identifier>
				<transform>
					<row0>	1.0000 0.0000 0.0000 0.0000	</row0>
					<row1>	0.0000 1.2700 0.0000 0.0000	</row1>
					<row2>	0.0000 0.0000 1.0000 0.0000	</row2>
					<row3>	0.1601 0.0065 0.3402 1.0000	</row3>
				</transform>
			</node>
			<node>
				<identifier>	SP_YMS102_YGFL_M_1_INDEX_1	</identifier>
				<transform>
					<row0>	1.0000 0.0000 0.0000 0.0000	</row0>
					<row1>	0.0000 1.0000 0.0000 0.0000	</row1>
					<row2>	0.0000 0.0000 1.0000 0.0000	</row2>
					<row3>	0.2987 0.1903 0.1293 1.0000	</row3>
				</transform>
			</node>
			<node>
				<identifier>	SP_YMS104_YGRS_M_1	</identifier>
				<transform>
					<row0>	1.0000 0.0000 0.0000 0.0000	</row0>
					<row1>	0.0000 0.9984 -0.0565 0.0000	</row1>
					<row2>	0.0000 0.0565 0.9984 0.0000	</row2>
					<row3>	0.1601 0.1148 1.0169 1.0000	</row3>
				</transform>
			</node>
			<node>
				<identifier>	SP_YMS104_YGRS_M_1_INDEX_4	</identifier>
				<transform>
					<row0>	1.0000 0.0000 0.0000 0.0000	</row0>
					<row1>	0.0000 0.9997 0.0251 0.0000	</row1>
					<row2>	0.0000 -0.0251 0.9997 0.0000	</row2>
					<row3>	0.0000 0.0532 0.9801 1.0000	</row3>
				</transform>
			</node>
			<node>
				<identifier>	SP_YMS104_YGRS_M_1_INDEX_5	</identifier>
				<transform>
					<row0>	1.0000 0.0000 0.0000 0.0000	</row0>
					<row1>	0.0000 0.9844 -0.1758 0.0000	</row1>
					<row2>	0.0000 0.1758 0.9844 0.0000	</row2>
					<row3>	-0.1601 0.2131 0.9747 1.0000	</row3>
				</transform>
			</node>
			<node>
				<identifier>	SP_YMS105_YGLC_M_1_INDEX_1	</identifier>
				<transform>
					<row0>	0.8449 0.0000 0.0000 0.0000	</row0>
					<row1>	0.0000 1.1257 0.0000 0.0000	</row1>
					<row2>	0.0000 0.0000 0.8449 0.0000	</row2>
					<row3>	0.0000 0.2041 0.0065 1.0000	</row3>
				</transform>
			</node>
			<node>
				<identifier>	SP_YMS106_YGLL_M_1_INDEX_1	</identifier>
				<transform>
					<row0>	0.9457 -0.3035 0.1163 0.0000	</row0>
					<row1>	0.2990 0.9527 0.0546 0.0000	</row1>
					<row2>	-0.1273 -0.0169 0.9917 0.0000	</row2>
					<row3>	-0.3347 0.0947 -0.2540 1.0000	</row3>
				</transform>
			</node>
			<node>
				<identifier>	SP_YMS106_YGLL_M_1_INDEX_2	</identifier>
				<transform>
					<row0>	0.9229 -0.2796 0.2648 0.0000	</row0>
					<row1>	0.2760 0.9598 0.0518 0.0000	</row1>
					<row2>	-0.2686 0.0253 0.9629 0.0000	</row2>
					<row3>	-0.3473 0.0984 -0.2572 1.0000	</row3>
				</transform>
			</node>
			<node>
				<identifier>	SP_YMS107_YGLR_M_1_INDEX_1	</identifier>
				<transform>
					<row0>	0.9457 0.3035 -0.1163 0.0000	</row0>
					<row1>	-0.2990 0.9527 0.0546 0.0000	</row1>
					<row2>	0.1273 -0.0169 0.9917 0.0000	</row2>
					<row3>	0.3347 0.0947 -0.2540 1.0000	</row3>
				</transform>
			</node>
			<node>
				<identifier>	SP_YMS107_YGLR_M_1_INDEX_2	</identifier>
				<transform>
					<row0>	0.9229 0.2796 -0.2648 0.0000	</row0>
					<row1>	-0.2760 0.9598 0.0518 0.0000	</row1>
					<row2>	0.2686 0.0253 0.9629 0.0000	</row2>
					<row3>	0.3473 0.0984 -0.2572 1.0000	</row3>
				</transform>
			</node>
		</node>
	</node>
	<renderSet>
		<treatAsWorldSpaceObject>	false	</treatAsWorldSpaceObject>
		<node>	Turret_dead	</node>
		<geometry>
			<vertices>	Turret_dead_lod2Shape.vertices	</vertices>
			<primitive>	Turret_dead_lod2Shape.indices	</primitive>
			<primitiveGroup>	0
				<material>
					<identifier>	TL2_SHIPMAT_PBS_GunDead	</identifier>
					<mfm>	PnFMods/ModsSDK.zip/USB507_Yukon/gun/BGM081_15in_45_MkII_dead.mfm	</mfm>
				</material>
			</primitiveGroup>
		</geometry>
	</renderSet>
	<boundingBox>
		<min>	-0.3877 -0.0042 -0.5178	</min>
		<max>	0.3935 0.2501 1.0125	</max>
	</boundingBox>
</BGM081_15in_45_MkII_dead_lod2.visual>
