<RSD004_Pr_24_Khabarovsk_1947_Stern_ports.visual>
	<node>
		<identifier>	Scene Root	</identifier>
		<transform>
			<row0>	1.0000 0.0000 0.0000 0.0000	</row0>
			<row1>	0.0000 1.0000 0.0000 0.0000	</row1>
			<row2>	0.0000 0.0000 1.0000 0.0000	</row2>
			<row3>	0.0000 0.0000 0.0000 1.0000	</row3>
		</transform>
		<node>
			<identifier>	Stern_ports	</identifier>
			<transform>
				<row0>	1.0000 0.0000 0.0000 0.0000	</row0>
				<row1>	0.0000 1.0000 0.0000 0.0000	</row1>
				<row2>	0.0000 0.0000 1.0000 0.0000	</row2>
				<row3>	0.0000 0.0000 0.0000 1.0000	</row3>
			</transform>
			<node>
				<identifier>	HP_FX_Fire_4	</identifier>
				<transform>
					<row0>	1.0000 0.0000 0.0000 0.0000	</row0>
					<row1>	0.0000 1.0000 0.0000 0.0000	</row1>
					<row2>	0.0000 0.0000 1.0000 0.0000	</row2>
					<row3>	0.0000 0.2376 -3.9089 1.0000	</row3>
				</transform>
			</node>
			<node>
				<identifier>	HP_FX_WakeTraceBack	</identifier>
				<transform>
					<row0>	1.0000 0.0000 0.0000 0.0000	</row0>
					<row1>	0.0000 1.0000 0.0000 0.0000	</row1>
					<row2>	0.0000 0.0000 1.0000 0.0000	</row2>
					<row3>	0.0000 0.0000 -4.5180 1.0000	</row3>
				</transform>
			</node>
			<node>
				<identifier>	HP_FX_WakeTrace_screw_1	</identifier>
				<transform>
					<row0>	1.0000 0.0000 0.0000 0.0000	</row0>
					<row1>	0.0000 1.0000 0.0000 0.0000	</row1>
					<row2>	0.0000 0.0000 1.0000 0.0000	</row2>
					<row3>	-0.1812 -0.2398 -4.0170 1.0000	</row3>
				</transform>
			</node>
			<node>
				<identifier>	HP_FX_WakeTrace_screw_2	</identifier>
				<transform>
					<row0>	1.0000 0.0000 0.0000 0.0000	</row0>
					<row1>	0.0000 1.0000 0.0000 0.0000	</row1>
					<row2>	0.0000 0.0000 1.0000 0.0000	</row2>
					<row3>	0.1812 -0.2399 -4.0170 1.0000	</row3>
				</transform>
			</node>
			<node>
				<identifier>	HP_RGB_1	</identifier>
				<transform>
					<row0>	0.0000 0.0000 1.0000 0.0000	</row0>
					<row1>	0.0000 1.0000 0.0000 0.0000	</row1>
					<row2>	-1.0000 0.0000 0.0000 0.0000	</row2>
					<row3>	-0.1569 0.1908 -3.5392 1.0000	</row3>
				</transform>
			</node>
			<node>
				<identifier>	HP_RGB_2	</identifier>
				<transform>
					<row0>	0.0000 0.0000 -1.0000 0.0000	</row0>
					<row1>	0.0000 1.0000 0.0000 0.0000	</row1>
					<row2>	1.0000 0.0000 0.0000 0.0000	</row2>
					<row3>	0.1569 0.1908 -3.5392 1.0000	</row3>
				</transform>
			</node>
			<node>
				<identifier>	HP_RGB_3	</identifier>
				<transform>
					<row0>	-0.1096 0.0000 0.9940 0.0000	</row0>
					<row1>	0.0000 1.0000 0.0000 0.0000	</row1>
					<row2>	-0.9940 0.0000 -0.1096 0.0000	</row2>
					<row3>	-0.2209 0.1951 -4.4102 1.0000	</row3>
				</transform>
			</node>
			<node>
				<identifier>	HP_RGB_4	</identifier>
				<transform>
					<row0>	-0.1096 0.0000 -0.9940 0.0000	</row0>
					<row1>	0.0000 1.0000 0.0000 0.0000	</row1>
					<row2>	0.9940 0.0000 -0.1096 0.0000	</row2>
					<row3>	0.2209 0.1951 -4.4102 1.0000	</row3>
				</transform>
			</node>
			<node>
				<identifier>	HP_RGB_5	</identifier>
				<transform>
					<row0>	-1.0000 0.0000 0.0000 0.0000	</row0>
					<row1>	0.0000 0.9959 -0.0908 0.0000	</row1>
					<row2>	0.0000 -0.0908 -0.9959 0.0000	</row2>
					<row3>	-0.0407 0.1501 -4.5578 1.0000	</row3>
				</transform>
			</node>
			<node>
				<identifier>	HP_RGB_6	</identifier>
				<transform>
					<row0>	-1.0000 0.0000 0.0000 0.0000	</row0>
					<row1>	0.0000 0.9959 -0.0908 0.0000	</row1>
					<row2>	0.0000 -0.0908 -0.9959 0.0000	</row2>
					<row3>	0.0407 0.1501 -4.5578 1.0000	</row3>
				</transform>
			</node>
			<node>
				<identifier>	HP_RGM_4	</identifier>
				<transform>
					<row0>	-1.0000 0.0000 0.0000 0.0000	</row0>
					<row1>	0.0000 1.0000 0.0000 0.0000	</row1>
					<row2>	0.0000 0.0000 -1.0000 0.0000	</row2>
					<row3>	0.0000 0.2284 -3.0552 1.0000	</row3>
				</transform>
			</node>
			<node>
				<identifier>	HP_Ship_death_3	</identifier>
				<transform>
					<row0>	1.0000 0.0000 0.0000 0.0000	</row0>
					<row1>	0.0000 1.0000 0.0000 0.0000	</row1>
					<row2>	0.0000 0.0000 1.0000 0.0000	</row2>
					<row3>	0.0000 0.0000 -2.8688 1.0000	</row3>
				</transform>
			</node>
			<node>
				<identifier>	MP_CM002_Propeller4_L	</identifier>
				<transform>
					<row0>	0.9769 0.2126 -0.0205 0.0000	</row0>
					<row1>	-0.2130 0.9769 -0.0188 0.0000	</row1>
					<row2>	0.0160 0.0228 0.9996 0.0000	</row2>
					<row3>	-0.1812 -0.2398 -4.0170 1.0000	</row3>
				</transform>
			</node>
			<node>
				<identifier>	MP_CM033_Propeller4_R	</identifier>
				<transform>
					<row0>	0.9769 -0.2126 0.0205 0.0000	</row0>
					<row1>	0.2130 0.9769 -0.0188 0.0000	</row1>
					<row2>	-0.0160 0.0228 0.9996 0.0000	</row2>
					<row3>	0.1812 -0.2399 -4.0170 1.0000	</row3>
				</transform>
			</node>
			<node>
				<identifier>	MP_RM016_Fairlead	</identifier>
				<transform>
					<row0>	0.0000 0.0000 -0.4295 0.0000	</row0>
					<row1>	0.0000 0.4295 0.0000 0.0000	</row1>
					<row2>	0.4159 0.0000 0.0000 0.0000	</row2>
					<row3>	0.0000 0.1912 -4.2935 1.0000	</row3>
				</transform>
			</node>
			<node>
				<identifier>	MP_RM019_Reels	</identifier>
				<transform>
					<row0>	0.0000 0.0000 -0.9420 0.0000	</row0>
					<row1>	0.0000 -0.9420 0.0000 0.0000	</row1>
					<row2>	-0.9420 0.0000 0.0000 0.0000	</row2>
					<row3>	-0.0749 0.1908 -3.6742 1.0000	</row3>
				</transform>
			</node>
			<node>
				<identifier>	MP_RM019_Reels_INDEX_1	</identifier>
				<transform>
					<row0>	0.0000 0.0000 -1.0000 0.0000	</row0>
					<row1>	0.0000 -1.0000 0.0000 0.0000	</row1>
					<row2>	-1.0000 0.0000 0.0000 0.0000	</row2>
					<row3>	-0.1729 0.1908 -3.2779 1.0000	</row3>
				</transform>
			</node>
			<node>
				<identifier>	MP_RM021_Screened_speed_light	</identifier>
				<transform>
					<row0>	-0.5810 0.0000 0.0000 0.0000	</row0>
					<row1>	0.0000 0.5810 0.0000 0.0000	</row1>
					<row2>	0.0000 0.0000 -0.5810 0.0000	</row2>
					<row3>	0.0000 0.1967 -4.6202 1.0000	</row3>
				</transform>
			</node>
			<node>
				<identifier>	MP_RM182_Depth_Charge_BB1	</identifier>
				<transform>
					<row0>	1.0000 0.0000 0.0000 0.0000	</row0>
					<row1>	0.0000 1.0000 0.0000 0.0000	</row1>
					<row2>	0.0000 0.0000 1.0000 0.0000	</row2>
					<row3>	0.0407 0.2050 -3.4446 1.0000	</row3>
				</transform>
			</node>
			<node>
				<identifier>	MP_RM182_Depth_Charge_BB1_INDEX_1	</identifier>
				<transform>
					<row0>	0.8660 0.0000 0.5000 0.0000	</row0>
					<row1>	0.0000 1.0000 0.0000 0.0000	</row1>
					<row2>	-0.5000 0.0000 0.8660 0.0000	</row2>
					<row3>	-0.0339 0.2050 -3.4714 1.0000	</row3>
				</transform>
			</node>
			<node>
				<identifier>	MP_RM182_Depth_Charge_BB1_INDEX_2	</identifier>
				<transform>
					<row0>	0.0000 0.0000 1.0000 0.0000	</row0>
					<row1>	0.0000 1.0000 0.0000 0.0000	</row1>
					<row2>	-1.0000 0.0000 0.0000 0.0000	</row2>
					<row3>	-0.0554 0.2050 -3.4590 1.0000	</row3>
				</transform>
			</node>
			<node>
				<identifier>	MP_RM182_Depth_Charge_BB1_INDEX_3	</identifier>
				<transform>
					<row0>	0.5000 0.0000 -0.8660 0.0000	</row0>
					<row1>	0.0000 1.0000 0.0000 0.0000	</row1>
					<row2>	0.8660 0.0000 0.5000 0.0000	</row2>
					<row3>	0.0573 0.2050 -3.4375 1.0000	</row3>
				</transform>
			</node>
			<node>
				<identifier>	MP_RM182_Depth_Charge_BB1_INDEX_4	</identifier>
				<transform>
					<row0>	0.5000 0.0000 0.8660 0.0000	</row0>
					<row1>	0.0000 1.0000 0.0000 0.0000	</row1>
					<row2>	-0.8660 0.0000 0.5000 0.0000	</row2>
					<row3>	-0.0573 0.2050 -3.4375 1.0000	</row3>
				</transform>
			</node>
			<node>
				<identifier>	MP_RM182_Depth_Charge_BB1_INDEX_5	</identifier>
				<transform>
					<row0>	0.8660 0.0000 -0.5000 0.0000	</row0>
					<row1>	0.0000 1.0000 0.0000 0.0000	</row1>
					<row2>	0.5000 0.0000 0.8660 0.0000	</row2>
					<row3>	0.0339 0.2050 -3.4714 1.0000	</row3>
				</transform>
			</node>
			<node>
				<identifier>	MP_RM182_Depth_Charge_BB1_INDEX_6	</identifier>
				<transform>
					<row0>	0.0000 0.0000 -1.0000 0.0000	</row0>
					<row1>	0.0000 1.0000 0.0000 0.0000	</row1>
					<row2>	1.0000 0.0000 0.0000 0.0000	</row2>
					<row3>	0.0554 0.2050 -3.4590 1.0000	</row3>
				</transform>
			</node>
			<node>
				<identifier>	MP_RM182_Depth_Charge_BB1_INDEX_7	</identifier>
				<transform>
					<row0>	1.0000 0.0000 0.0000 0.0000	</row0>
					<row1>	0.0000 1.0000 0.0000 0.0000	</row1>
					<row2>	0.0000 0.0000 1.0000 0.0000	</row2>
					<row3>	-0.0407 0.2050 -3.4446 1.0000	</row3>
				</transform>
			</node>
			<node>
				<identifier>	MP_RM182_Depth_Charge_BB1_INDEX_8	</identifier>
				<transform>
					<row0>	0.0000 0.0000 -1.0000 0.0000	</row0>
					<row1>	0.0000 1.0000 0.0000 0.0000	</row1>
					<row2>	1.0000 0.0000 0.0000 0.0000	</row2>
					<row3>	-0.1324 0.2065 -3.4446 1.0000	</row3>
				</transform>
			</node>
			<node>
				<identifier>	MP_RM182_Depth_Charge_BB1_INDEX_9	</identifier>
				<transform>
					<row0>	0.0000 0.0000 1.0000 0.0000	</row0>
					<row1>	0.0000 1.0000 0.0000 0.0000	</row1>
					<row2>	-1.0000 0.0000 0.0000 0.0000	</row2>
					<row3>	0.1324 0.2065 -3.4446 1.0000	</row3>
				</transform>
			</node>
			<node>
				<identifier>	MP_RM183_Depth_Charge_BM1	</identifier>
				<transform>
					<row0>	0.9936 0.0000 -0.1128 0.0000	</row0>
					<row1>	0.0000 1.0000 0.0000 0.0000	</row1>
					<row2>	0.1128 0.0000 0.9936 0.0000	</row2>
					<row3>	0.2107 0.1909 -4.3399 1.0000	</row3>
				</transform>
			</node>
			<node>
				<identifier>	MP_RM183_Depth_Charge_BM1_INDEX_1	</identifier>
				<transform>
					<row0>	0.9936 0.0000 -0.1128 0.0000	</row0>
					<row1>	0.0000 1.0000 0.0000 0.0000	</row1>
					<row2>	0.1128 0.0000 0.9936 0.0000	</row2>
					<row3>	0.2203 0.1909 -4.2557 1.0000	</row3>
				</transform>
			</node>
			<node>
				<identifier>	MP_RM183_Depth_Charge_BM1_INDEX_10	</identifier>
				<transform>
					<row0>	0.9936 0.0000 -0.1128 0.0000	</row0>
					<row1>	0.0000 1.0000 0.0000 0.0000	</row1>
					<row2>	0.1128 0.0000 0.9936 0.0000	</row2>
					<row3>	0.2227 0.1909 -4.2346 1.0000	</row3>
				</transform>
			</node>
			<node>
				<identifier>	MP_RM183_Depth_Charge_BM1_INDEX_11	</identifier>
				<transform>
					<row0>	0.9936 0.0000 0.1128 0.0000	</row0>
					<row1>	0.0000 1.0000 0.0000 0.0000	</row1>
					<row2>	-0.1128 0.0000 0.9936 0.0000	</row2>
					<row3>	-0.2131 0.1909 -4.3188 1.0000	</row3>
				</transform>
			</node>
			<node>
				<identifier>	MP_RM183_Depth_Charge_BM1_INDEX_2	</identifier>
				<transform>
					<row0>	0.9936 0.0000 -0.1128 0.0000	</row0>
					<row1>	0.0000 1.0000 0.0000 0.0000	</row1>
					<row2>	0.1128 0.0000 0.9936 0.0000	</row2>
					<row3>	0.2179 0.1909 -4.2767 1.0000	</row3>
				</transform>
			</node>
			<node>
				<identifier>	MP_RM183_Depth_Charge_BM1_INDEX_3	</identifier>
				<transform>
					<row0>	0.9936 0.0000 0.1128 0.0000	</row0>
					<row1>	0.0000 1.0000 0.0000 0.0000	</row1>
					<row2>	-0.1128 0.0000 0.9936 0.0000	</row2>
					<row3>	-0.2179 0.1909 -4.2767 1.0000	</row3>
				</transform>
			</node>
			<node>
				<identifier>	MP_RM183_Depth_Charge_BM1_INDEX_4	</identifier>
				<transform>
					<row0>	0.9936 0.0000 -0.1128 0.0000	</row0>
					<row1>	0.0000 1.0000 0.0000 0.0000	</row1>
					<row2>	0.1128 0.0000 0.9936 0.0000	</row2>
					<row3>	0.2155 0.1909 -4.2978 1.0000	</row3>
				</transform>
			</node>
			<node>
				<identifier>	MP_RM183_Depth_Charge_BM1_INDEX_5	</identifier>
				<transform>
					<row0>	0.9936 0.0000 0.1128 0.0000	</row0>
					<row1>	0.0000 1.0000 0.0000 0.0000	</row1>
					<row2>	-0.1128 0.0000 0.9936 0.0000	</row2>
					<row3>	-0.2107 0.1909 -4.3399 1.0000	</row3>
				</transform>
			</node>
			<node>
				<identifier>	MP_RM183_Depth_Charge_BM1_INDEX_6	</identifier>
				<transform>
					<row0>	0.9936 0.0000 -0.1128 0.0000	</row0>
					<row1>	0.0000 1.0000 0.0000 0.0000	</row1>
					<row2>	0.1128 0.0000 0.9936 0.0000	</row2>
					<row3>	0.2131 0.1909 -4.3188 1.0000	</row3>
				</transform>
			</node>
			<node>
				<identifier>	MP_RM183_Depth_Charge_BM1_INDEX_7	</identifier>
				<transform>
					<row0>	0.9936 0.0000 0.1128 0.0000	</row0>
					<row1>	0.0000 1.0000 0.0000 0.0000	</row1>
					<row2>	-0.1128 0.0000 0.9936 0.0000	</row2>
					<row3>	-0.2203 0.1909 -4.2557 1.0000	</row3>
				</transform>
			</node>
			<node>
				<identifier>	MP_RM183_Depth_Charge_BM1_INDEX_8	</identifier>
				<transform>
					<row0>	0.9936 0.0000 0.1128 0.0000	</row0>
					<row1>	0.0000 1.0000 0.0000 0.0000	</row1>
					<row2>	-0.1128 0.0000 0.9936 0.0000	</row2>
					<row3>	-0.2155 0.1909 -4.2978 1.0000	</row3>
				</transform>
			</node>
			<node>
				<identifier>	MP_RM183_Depth_Charge_BM1_INDEX_9	</identifier>
				<transform>
					<row0>	0.9936 0.0000 0.1128 0.0000	</row0>
					<row1>	0.0000 1.0000 0.0000 0.0000	</row1>
					<row2>	-0.1128 0.0000 0.9936 0.0000	</row2>
					<row3>	-0.2227 0.1909 -4.2346 1.0000	</row3>
				</transform>
			</node>
			<node>
				<identifier>	MP_RM200_Running_Lights_B	</identifier>
				<transform>
					<row0>	-1.0000 0.0000 0.0000 0.0000	</row0>
					<row1>	0.0000 1.0000 0.0000 0.0000	</row1>
					<row2>	0.0000 0.0000 -1.0000 0.0000	</row2>
					<row3>	0.0000 0.2215 -4.6202 1.0000	</row3>
				</transform>
			</node>
			<node>
				<identifier>	MP_RM202_Screen_Smoke_DA2	</identifier>
				<transform>
					<row0>	-0.1063 0.0000 -0.9943 0.0000	</row0>
					<row1>	0.0000 1.0000 0.0000 0.0000	</row1>
					<row2>	0.9943 0.0000 -0.1063 0.0000	</row2>
					<row3>	0.1884 0.1897 -4.5189 1.0000	</row3>
				</transform>
			</node>
			<node>
				<identifier>	MP_RM202_Screen_Smoke_DA2_INDEX_1	</identifier>
				<transform>
					<row0>	-0.1063 0.0000 0.9943 0.0000	</row0>
					<row1>	0.0000 1.0000 0.0000 0.0000	</row1>
					<row2>	-0.9943 0.0000 -0.1063 0.0000	</row2>
					<row3>	-0.1884 0.1897 -4.5189 1.0000	</row3>
				</transform>
			</node>
			<node>
				<identifier>	MP_RM212_Anchor_Capstan_Stern	</identifier>
				<transform>
					<row0>	1.0000 0.0000 0.0000 0.0000	</row0>
					<row1>	0.0000 1.0000 0.0000 0.0000	</row1>
					<row2>	0.0000 0.0000 1.0000 0.0000	</row2>
					<row3>	0.0000 0.1908 -3.8656 1.0000	</row3>
				</transform>
			</node>
			<node>
				<identifier>	MP_RM214_Life_Buoy	</identifier>
				<transform>
					<row0>	0.1075 0.0000 -0.9942 0.0000	</row0>
					<row1>	0.0000 1.0000 0.0000 0.0000	</row1>
					<row2>	0.9942 0.0000 0.1075 0.0000	</row2>
					<row3>	-0.2740 0.2535 -3.9121 1.0000	</row3>
				</transform>
			</node>
			<node>
				<identifier>	MP_RM214_Life_Buoy_INDEX_1	</identifier>
				<transform>
					<row0>	0.0628 0.0000 0.9980 0.0000	</row0>
					<row1>	0.0000 1.0000 0.0000 0.0000	</row1>
					<row2>	-0.9980 0.0000 0.0628 0.0000	</row2>
					<row3>	0.3637 0.2535 -2.8687 1.0000	</row3>
				</transform>
			</node>
			<node>
				<identifier>	MP_RM214_Life_Buoy_INDEX_2	</identifier>
				<transform>
					<row0>	0.1075 0.0000 0.9942 0.0000	</row0>
					<row1>	0.0000 1.0000 0.0000 0.0000	</row1>
					<row2>	-0.9942 0.0000 0.1075 0.0000	</row2>
					<row3>	0.2740 0.2535 -3.9121 1.0000	</row3>
				</transform>
			</node>
			<node>
				<identifier>	MP_RM217_Ventilation_Mushroom	</identifier>
				<transform>
					<row0>	1.0000 0.0000 0.0000 0.0000	</row0>
					<row1>	0.0000 1.0000 0.0000 0.0000	</row1>
					<row2>	0.0000 0.0000 1.0000 0.0000	</row2>
					<row3>	0.1614 0.1908 -3.0335 1.0000	</row3>
				</transform>
			</node>
			<node>
				<identifier>	MP_RM217_Ventilation_Mushroom_INDEX_1	</identifier>
				<transform>
					<row0>	1.0000 0.0000 0.0000 0.0000	</row0>
					<row1>	0.0000 1.0000 0.0000 0.0000	</row1>
					<row2>	0.0000 0.0000 1.0000 0.0000	</row2>
					<row3>	0.1680 0.1908 -3.8259 1.0000	</row3>
				</transform>
			</node>
			<node>
				<identifier>	MP_RM217_Ventilation_Mushroom_INDEX_2	</identifier>
				<transform>
					<row0>	0.8827 0.0000 0.0000 0.0000	</row0>
					<row1>	0.0000 0.8827 0.0000 0.0000	</row1>
					<row2>	0.0000 0.0000 0.8827 0.0000	</row2>
					<row3>	-0.0458 0.1907 -3.9864 1.0000	</row3>
				</transform>
			</node>
			<node>
				<identifier>	MP_RM218_Deck_Hatch	</identifier>
				<transform>
					<row0>	1.0000 0.0000 0.0000 0.0000	</row0>
					<row1>	0.0000 1.0000 0.0000 0.0000	</row1>
					<row2>	0.0000 0.0000 1.0000 0.0000	</row2>
					<row3>	0.0869 0.1908 -3.3686 1.0000	</row3>
				</transform>
			</node>
			<node>
				<identifier>	MP_RM218_Deck_Hatch_INDEX_1	</identifier>
				<transform>
					<row0>	1.0000 0.0000 0.0000 0.0000	</row0>
					<row1>	0.0000 1.0000 0.0000 0.0000	</row1>
					<row2>	0.0000 0.0000 1.0000 0.0000	</row2>
					<row3>	-0.0868 0.1908 -3.3686 1.0000	</row3>
				</transform>
			</node>
			<node>
				<identifier>	MP_RM218_Deck_Hatch_INDEX_2	</identifier>
				<transform>
					<row0>	0.0000 0.0000 1.2000 0.0000	</row0>
					<row1>	0.0000 1.2000 0.0000 0.0000	</row1>
					<row2>	-1.2000 0.0000 0.0000 0.0000	</row2>
					<row3>	0.1235 0.1907 -3.2609 1.0000	</row3>
				</transform>
			</node>
			<node>
				<identifier>	MP_RM218_Deck_Hatch_INDEX_3	</identifier>
				<transform>
					<row0>	1.2000 0.0000 0.0000 0.0000	</row0>
					<row1>	0.0000 1.2000 0.0000 0.0000	</row1>
					<row2>	0.0000 0.0000 1.2000 0.0000	</row2>
					<row3>	0.0534 0.1907 -4.1020 1.0000	</row3>
				</transform>
			</node>
			<node>
				<identifier>	MP_RM218_Deck_Hatch_INDEX_4	</identifier>
				<transform>
					<row0>	1.2000 0.0000 0.0000 0.0000	</row0>
					<row1>	0.0000 1.2000 0.0000 0.0000	</row1>
					<row2>	0.0000 0.0000 1.2000 0.0000	</row2>
					<row3>	-0.0534 0.1907 -4.1020 1.0000	</row3>
				</transform>
			</node>
			<node>
				<identifier>	MP_RM219_Fairlead	</identifier>
				<transform>
					<row0>	0.9951 0.0000 0.0985 0.0000	</row0>
					<row1>	0.0000 1.0000 0.0000 0.0000	</row1>
					<row2>	-0.0985 0.0000 0.9951 0.0000	</row2>
					<row3>	-0.2984 0.1908 -3.5937 1.0000	</row3>
				</transform>
			</node>
			<node>
				<identifier>	MP_RM219_Fairlead_INDEX_1	</identifier>
				<transform>
					<row0>	0.9939 0.0000 0.1102 0.0000	</row0>
					<row1>	0.0000 1.0000 0.0000 0.0000	</row1>
					<row2>	-0.1102 0.0000 0.9939 0.0000	</row2>
					<row3>	-0.2520 0.1910 -4.0244 1.0000	</row3>
				</transform>
			</node>
			<node>
				<identifier>	MP_RM219_Fairlead_INDEX_2	</identifier>
				<transform>
					<row0>	0.9939 0.0000 -0.1102 0.0000	</row0>
					<row1>	0.0000 1.0000 0.0000 0.0000	</row1>
					<row2>	0.1102 0.0000 0.9939 0.0000	</row2>
					<row3>	0.2520 0.1910 -4.0244 1.0000	</row3>
				</transform>
			</node>
			<node>
				<identifier>	MP_RM219_Fairlead_INDEX_3	</identifier>
				<transform>
					<row0>	0.9951 0.0000 -0.0985 0.0000	</row0>
					<row1>	0.0000 1.0000 0.0000 0.0000	</row1>
					<row2>	0.0985 0.0000 0.9951 0.0000	</row2>
					<row3>	0.2984 0.1908 -3.5937 1.0000	</row3>
				</transform>
			</node>
			<node>
				<identifier>	MP_RM220_Bollard	</identifier>
				<transform>
					<row0>	0.9939 0.0000 -0.1102 0.0000	</row0>
					<row1>	0.0000 1.0000 0.0000 0.0000	</row1>
					<row2>	0.1102 0.0000 0.9939 0.0000	</row2>
					<row3>	0.2303 0.1908 -4.1714 1.0000	</row3>
				</transform>
			</node>
			<node>
				<identifier>	MP_RM220_Bollard_INDEX_1	</identifier>
				<transform>
					<row0>	0.9949 0.0000 0.1008 0.0000	</row0>
					<row1>	0.0000 1.0000 0.0000 0.0000	</row1>
					<row2>	-0.1008 0.0000 0.9949 0.0000	</row2>
					<row3>	-0.2738 0.1908 -3.7815 1.0000	</row3>
				</transform>
			</node>
			<node>
				<identifier>	MP_RM220_Bollard_INDEX_2	</identifier>
				<transform>
					<row0>	0.9949 0.0000 -0.1008 0.0000	</row0>
					<row1>	0.0000 1.0000 0.0000 0.0000	</row1>
					<row2>	0.1008 0.0000 0.9949 0.0000	</row2>
					<row3>	0.2738 0.1908 -3.7815 1.0000	</row3>
				</transform>
			</node>
			<node>
				<identifier>	MP_RM220_Bollard_INDEX_3	</identifier>
				<transform>
					<row0>	0.9939 0.0000 0.1102 0.0000	</row0>
					<row1>	0.0000 1.0000 0.0000 0.0000	</row1>
					<row2>	-0.1102 0.0000 0.9939 0.0000	</row2>
					<row3>	-0.2303 0.1908 -4.1714 1.0000	</row3>
				</transform>
			</node>
			<node>
				<identifier>	MP_RM230_Hatch	</identifier>
				<transform>
					<row0>	1.0000 0.0000 0.0000 0.0000	</row0>
					<row1>	0.0000 1.0000 0.0000 0.0000	</row1>
					<row2>	0.0000 0.0000 1.0000 0.0000	</row2>
					<row3>	0.0313 0.1907 -3.3108 1.0000	</row3>
				</transform>
			</node>
			<node>
				<identifier>	MP_RM230_Hatch_INDEX_1	</identifier>
				<transform>
					<row0>	1.0000 0.0000 0.0000 0.0000	</row0>
					<row1>	0.0000 1.0000 0.0000 0.0000	</row1>
					<row2>	0.0000 0.0000 1.0000 0.0000	</row2>
					<row3>	0.1254 0.1908 -3.9891 1.0000	</row3>
				</transform>
			</node>
			<node>
				<identifier>	MP_RM230_Hatch_INDEX_2	</identifier>
				<transform>
					<row0>	1.0000 0.0000 0.0000 0.0000	</row0>
					<row1>	0.0000 1.0000 0.0000 0.0000	</row1>
					<row2>	0.0000 0.0000 1.0000 0.0000	</row2>
					<row3>	-0.0327 0.1907 -3.5142 1.0000	</row3>
				</transform>
			</node>
			<node>
				<identifier>	MP_RM239_Bomb_Bogie	</identifier>
				<transform>
					<row0>	0.0000 0.0000 -1.0000 0.0000	</row0>
					<row1>	0.0000 1.0000 0.0000 0.0000	</row1>
					<row2>	1.0000 0.0000 0.0000 0.0000	</row2>
					<row3>	0.0831 0.1909 -3.4444 1.0000	</row3>
				</transform>
			</node>
			<node>
				<identifier>	MP_RM239_Bomb_Bogie_INDEX_1	</identifier>
				<transform>
					<row0>	0.0000 0.0000 1.0000 0.0000	</row0>
					<row1>	0.0000 1.0000 0.0000 0.0000	</row1>
					<row2>	-1.0000 0.0000 0.0000 0.0000	</row2>
					<row3>	-0.0831 0.1909 -3.4444 1.0000	</row3>
				</transform>
			</node>
			<node>
				<identifier>	MP_RM249_Coat_of_Arms_USSR	</identifier>
				<transform>
					<row0>	-1.0000 0.0000 0.0000 0.0000	</row0>
					<row1>	0.0000 0.9734 -0.2291 0.0000	</row1>
					<row2>	0.0000 -0.2291 -0.9734 0.0000	</row2>
					<row3>	0.0000 0.1193 -4.6194 1.0000	</row3>
				</transform>
			</node>
			<node>
				<identifier>	SP_YMS011_YHWL_M_1_INDEX_13	</identifier>
				<transform>
					<row0>	0.5986 0.0000 0.0416 0.0000	</row0>
					<row1>	0.0000 0.6000 0.0000 0.0000	</row1>
					<row2>	-0.0416 0.0000 0.5986 0.0000	</row2>
					<row3>	-0.3509 0.0000 -3.0312 1.0000	</row3>
				</transform>
			</node>
			<node>
				<identifier>	SP_YMS011_YHWL_M_1_INDEX_14	</identifier>
				<transform>
					<row0>	0.5979 0.0000 0.0500 0.0000	</row0>
					<row1>	0.0000 0.6000 0.0000 0.0000	</row1>
					<row2>	-0.0500 0.0000 0.5979 0.0000	</row2>
					<row3>	-0.3145 0.0000 -3.5350 1.0000	</row3>
				</transform>
			</node>
			<node>
				<identifier>	SP_YMS012_YHWR_M_1_INDEX_13	</identifier>
				<transform>
					<row0>	0.5986 0.0000 -0.0416 0.0000	</row0>
					<row1>	0.0000 0.6000 0.0000 0.0000	</row1>
					<row2>	0.0416 0.0000 0.5986 0.0000	</row2>
					<row3>	0.3509 0.0000 -3.0312 1.0000	</row3>
				</transform>
			</node>
			<node>
				<identifier>	SP_YMS012_YHWR_M_1_INDEX_14	</identifier>
				<transform>
					<row0>	0.5979 0.0000 -0.0500 0.0000	</row0>
					<row1>	0.0000 0.6000 0.0000 0.0000	</row1>
					<row2>	0.0500 0.0000 0.5979 0.0000	</row2>
					<row3>	0.3145 0.0000 -3.5350 1.0000	</row3>
				</transform>
			</node>
			<node>
				<identifier>	SP_YMS023_YHUC_L_1	</identifier>
				<transform>
					<row0>	0.5375 0.1170 -0.0113 0.0000	</row0>
					<row1>	-0.1172 0.5375 -0.0104 0.0000	</row1>
					<row2>	0.0088 0.0125 0.5500 0.0000	</row2>
					<row3>	-0.1814 -0.2401 -4.0288 1.0000	</row3>
				</transform>
			</node>
			<node>
				<identifier>	SP_YMS023_YHUC_L_1_INDEX_1	</identifier>
				<transform>
					<row0>	0.5375 -0.1170 0.0113 0.0000	</row0>
					<row1>	0.1172 0.5375 -0.0104 0.0000	</row1>
					<row2>	-0.0088 0.0125 0.5500 0.0000	</row2>
					<row3>	0.1814 -0.2401 -4.0288 1.0000	</row3>
				</transform>
			</node>
			<node>
				<identifier>	SP_YMS030_YHAM_M_1	</identifier>
				<transform>
					<row0>	0.3000 0.0000 0.0000 0.0000	</row0>
					<row1>	0.0000 0.3000 0.0000 0.0000	</row1>
					<row2>	0.0000 0.0000 0.3000 0.0000	</row2>
					<row3>	-0.1378 0.0889 -4.6398 1.0000	</row3>
				</transform>
			</node>
			<node>
				<identifier>	SP_YMS030_YHAM_M_1_INDEX_1	</identifier>
				<transform>
					<row0>	0.3000 0.0000 0.0000 0.0000	</row0>
					<row1>	0.0000 0.3000 0.0000 0.0000	</row1>
					<row2>	0.0000 0.0000 0.3000 0.0000	</row2>
					<row3>	0.1378 0.0889 -4.6398 1.0000	</row3>
				</transform>
			</node>
			<node>
				<identifier>	SP_YMS031_YHAL_M_1	</identifier>
				<transform>
					<row0>	0.6733 -0.0512 0.0187 0.0000	</row0>
					<row1>	0.0512 0.6736 0.0000 0.0000	</row1>
					<row2>	-0.0186 0.0014 0.6752 0.0000	</row2>
					<row3>	-0.2585 0.1063 -4.3288 1.0000	</row3>
				</transform>
			</node>
			<node>
				<identifier>	SP_YMS032_YHAR_M_1	</identifier>
				<transform>
					<row0>	0.6733 0.0512 -0.0187 0.0000	</row0>
					<row1>	-0.0512 0.6736 0.0000 0.0000	</row1>
					<row2>	0.0186 0.0014 0.6752 0.0000	</row2>
					<row3>	0.2585 0.1063 -4.3288 1.0000	</row3>
				</transform>
			</node>
			<node>
				<identifier>	SP_YMS053_YHDC_S_1_INDEX_13	</identifier>
				<transform>
					<row0>	0.6000 0.0000 0.0000 0.0000	</row0>
					<row1>	0.0000 0.6000 0.0000 0.0000	</row1>
					<row2>	0.0000 0.0000 0.6000 0.0000	</row2>
					<row3>	-0.1921 0.1909 -3.3681 1.0000	</row3>
				</transform>
			</node>
			<node>
				<identifier>	SP_YMS053_YHDC_S_1_INDEX_14	</identifier>
				<transform>
					<row0>	0.6000 0.0000 0.0000 0.0000	</row0>
					<row1>	0.0000 0.6000 0.0000 0.0000	</row1>
					<row2>	0.0000 0.0000 0.6000 0.0000	</row2>
					<row3>	0.1921 0.1909 -3.3681 1.0000	</row3>
				</transform>
			</node>
			<node>
				<identifier>	SP_YMS053_YHDC_S_1_INDEX_15	</identifier>
				<transform>
					<row0>	0.8000 0.0000 0.0000 0.0000	</row0>
					<row1>	0.0000 0.8000 0.0000 0.0000	</row1>
					<row2>	0.0000 0.0000 0.8000 0.0000	</row2>
					<row3>	0.0000 0.1960 -4.2018 1.0000	</row3>
				</transform>
			</node>
			<node>
				<identifier>	SP_YMS080_YHSL_M_1_INDEX_1	</identifier>
				<transform>
					<row0>	0.5186 0.0000 0.0483 0.0000	</row0>
					<row1>	0.0000 0.5208 0.0000 0.0000	</row1>
					<row2>	-0.0483 0.0000 0.5186 0.0000	</row2>
					<row3>	-0.3169 0.1094 -3.4576 1.0000	</row3>
				</transform>
			</node>
			<node>
				<identifier>	SP_YMS081_YHSR_M_1_INDEX_1	</identifier>
				<transform>
					<row0>	0.5186 0.0000 -0.0483 0.0000	</row0>
					<row1>	0.0000 0.5208 0.0000 0.0000	</row1>
					<row2>	0.0483 0.0000 0.5186 0.0000	</row2>
					<row3>	0.3169 0.1094 -3.4576 1.0000	</row3>
				</transform>
			</node>
			<node>
				<identifier>	SP_YMS082_YHSC_M_1_INDEX_2	</identifier>
				<transform>
					<row0>	0.0461 0.0000 -0.6408 0.0000	</row0>
					<row1>	0.0000 0.6425 0.0000 0.0000	</row1>
					<row2>	0.6408 0.0000 0.0461 0.0000	</row2>
					<row3>	-0.3564 0.0978 -2.9932 1.0000	</row3>
				</transform>
			</node>
			<node>
				<identifier>	SP_YMS082_YHSC_M_1_INDEX_3	</identifier>
				<transform>
					<row0>	0.0461 0.0000 0.6408 0.0000	</row0>
					<row1>	0.0000 0.6425 0.0000 0.0000	</row1>
					<row2>	-0.6408 0.0000 0.0461 0.0000	</row2>
					<row3>	0.3564 0.0978 -2.9932 1.0000	</row3>
				</transform>
			</node>
		</node>
	</node>
	<boundingBox>
		<min>	-0.0667 -0.0667 -0.0667	</min>
		<max>	0.0667 0.0667 0.0667	</max>
	</boundingBox>
</RSD004_Pr_24_Khabarovsk_1947_Stern_ports.visual>
