<ASA031_United_States_1952_Stern_ports.visual>
	<node>
		<identifier>	Scene Root	</identifier>
		<transform>
			<row0>	1.0000 0.0000 0.0000 0.0000	</row0>
			<row1>	0.0000 1.0000 0.0000 0.0000	</row1>
			<row2>	0.0000 0.0000 1.0000 0.0000	</row2>
			<row3>	0.0000 0.0000 0.0000 1.0000	</row3>
		</transform>
		<node>
			<identifier>	Stern_ports	</identifier>
			<transform>
				<row0>	1.0000 0.0000 0.0000 0.0000	</row0>
				<row1>	0.0000 1.0000 0.0000 0.0000	</row1>
				<row2>	0.0000 0.0000 1.0000 0.0000	</row2>
				<row3>	0.0000 0.0000 0.0000 1.0000	</row3>
			</transform>
			<node>
				<identifier>	HP_AD_5	</identifier>
				<transform>
					<row0>	0.0000 0.0000 1.0000 0.0000	</row0>
					<row1>	0.0000 1.0000 0.0000 0.0000	</row1>
					<row2>	-1.0000 0.0000 0.0000 0.0000	</row2>
					<row3>	-1.3980 1.0025 -6.7279 1.0000	</row3>
				</transform>
			</node>
			<node>
				<identifier>	HP_AD_6	</identifier>
				<transform>
					<row0>	0.0000 0.0000 -1.0000 0.0000	</row0>
					<row1>	0.0000 1.0000 0.0000 0.0000	</row1>
					<row2>	1.0000 0.0000 0.0000 0.0000	</row2>
					<row3>	1.3980 1.0025 -6.7279 1.0000	</row3>
				</transform>
			</node>
			<node>
				<identifier>	HP_AD_7	</identifier>
				<transform>
					<row0>	-1.0000 0.0000 0.0000 0.0000	</row0>
					<row1>	0.0000 1.0000 0.0000 0.0000	</row1>
					<row2>	0.0000 0.0000 -1.0000 0.0000	</row2>
					<row3>	-1.0457 1.2034 -10.2186 1.0000	</row3>
				</transform>
			</node>
			<node>
				<identifier>	HP_AD_8	</identifier>
				<transform>
					<row0>	-1.0000 0.0000 0.0000 0.0000	</row0>
					<row1>	0.0000 1.0000 0.0000 0.0000	</row1>
					<row2>	0.0000 0.0000 -1.0000 0.0000	</row2>
					<row3>	1.0457 1.2034 -10.2186 1.0000	</row3>
				</transform>
			</node>
			<node>
				<identifier>	HP_AGA_25	</identifier>
				<transform>
					<row0>	0.0000 0.0000 1.0000 0.0000	</row0>
					<row1>	0.0000 1.0000 0.0000 0.0000	</row1>
					<row2>	-1.0000 0.0000 0.0000 0.0000	</row2>
					<row3>	-1.3469 0.8286 -8.6352 1.0000	</row3>
				</transform>
			</node>
			<node>
				<identifier>	HP_AGA_26	</identifier>
				<transform>
					<row0>	0.0000 0.0000 -1.0000 0.0000	</row0>
					<row1>	0.0000 1.0000 0.0000 0.0000	</row1>
					<row2>	1.0000 0.0000 0.0000 0.0000	</row2>
					<row3>	1.3469 0.8286 -8.6352 1.0000	</row3>
				</transform>
			</node>
			<node>
				<identifier>	HP_AGA_27	</identifier>
				<transform>
					<row0>	-1.0000 0.0000 0.0000 0.0000	</row0>
					<row1>	0.0000 1.0000 0.0000 0.0000	</row1>
					<row2>	0.0000 0.0000 -1.0000 0.0000	</row2>
					<row3>	-0.4478 0.5416 -10.7467 1.0000	</row3>
				</transform>
			</node>
			<node>
				<identifier>	HP_AGA_28	</identifier>
				<transform>
					<row0>	-1.0000 0.0000 0.0000 0.0000	</row0>
					<row1>	0.0000 1.0000 0.0000 0.0000	</row1>
					<row2>	0.0000 0.0000 -1.0000 0.0000	</row2>
					<row3>	0.4478 0.5416 -10.7467 1.0000	</row3>
				</transform>
			</node>
			<node>
				<identifier>	HP_AGS_5	</identifier>
				<transform>
					<row0>	-1.0000 0.0000 0.0000 0.0000	</row0>
					<row1>	0.0000 1.0000 0.0000 0.0000	</row1>
					<row2>	0.0000 0.0000 -1.0000 0.0000	</row2>
					<row3>	-1.4727 0.8286 -7.2517 1.0000	</row3>
				</transform>
			</node>
			<node>
				<identifier>	HP_AGS_6	</identifier>
				<transform>
					<row0>	-1.0000 0.0000 0.0000 0.0000	</row0>
					<row1>	0.0000 1.0000 0.0000 0.0000	</row1>
					<row2>	0.0000 0.0000 -1.0000 0.0000	</row2>
					<row3>	1.4727 0.8286 -7.2517 1.0000	</row3>
				</transform>
			</node>
			<node>
				<identifier>	HP_AGS_7	</identifier>
				<transform>
					<row0>	-1.0000 0.0000 0.0000 0.0000	</row0>
					<row1>	0.0000 1.0000 0.0000 0.0000	</row1>
					<row2>	0.0000 0.0000 -1.0000 0.0000	</row2>
					<row3>	-1.4141 0.8286 -7.9068 1.0000	</row3>
				</transform>
			</node>
			<node>
				<identifier>	HP_AGS_8	</identifier>
				<transform>
					<row0>	-1.0000 0.0000 0.0000 0.0000	</row0>
					<row1>	0.0000 1.0000 0.0000 0.0000	</row1>
					<row2>	0.0000 0.0000 -1.0000 0.0000	</row2>
					<row3>	1.4141 0.8286 -7.9068 1.0000	</row3>
				</transform>
			</node>
			<node>
				<identifier>	HP_DeckLand	</identifier>
				<transform>
					<row0>	1.0000 0.0000 0.0000 0.0000	</row0>
					<row1>	0.0000 1.0000 0.0000 0.0000	</row1>
					<row2>	0.0000 0.0000 1.0000 0.0000	</row2>
					<row3>	0.0319 1.4869 -11.1150 1.0000	</row3>
				</transform>
			</node>
			<node>
				<identifier>	HP_FX_Death_3	</identifier>
				<transform>
					<row0>	1.0000 0.0000 0.0000 0.0000	</row0>
					<row1>	0.0000 1.0000 0.0000 0.0000	</row1>
					<row2>	0.0000 0.0000 1.0000 0.0000	</row2>
					<row3>	0.0000 0.0000 -7.6474 1.0000	</row3>
				</transform>
			</node>
			<node>
				<identifier>	HP_FX_Fire_4	</identifier>
				<transform>
					<row0>	1.0000 0.0000 0.0000 0.0000	</row0>
					<row1>	0.0000 1.0000 0.0000 0.0000	</row1>
					<row2>	0.0000 0.0000 1.0000 0.0000	</row2>
					<row3>	-0.7558 1.3475 -7.9140 1.0000	</row3>
				</transform>
			</node>
			<node>
				<identifier>	HP_FX_Fire_4_side_1	</identifier>
				<transform>
					<row0>	1.0000 0.0000 0.0000 0.0000	</row0>
					<row1>	0.0000 1.0000 0.0000 0.0000	</row1>
					<row2>	0.0000 0.0000 1.0000 0.0000	</row2>
					<row3>	0.7768 1.3568 -6.7876 1.0000	</row3>
				</transform>
			</node>
			<node>
				<identifier>	HP_FX_Fire_4_side_2	</identifier>
				<transform>
					<row0>	1.0000 0.0000 0.0000 0.0000	</row0>
					<row1>	0.0000 1.0000 0.0000 0.0000	</row1>
					<row2>	0.0000 0.0000 1.0000 0.0000	</row2>
					<row3>	-0.0007 1.3424 -10.1025 1.0000	</row3>
				</transform>
			</node>
			<node>
				<identifier>	HP_FX_FloodLight_left_2	</identifier>
				<transform>
					<row0>	-1.0000 0.0000 0.0000 0.0000	</row0>
					<row1>	0.0000 1.0000 0.0000 0.0000	</row1>
					<row2>	0.0000 0.0000 -1.0000 0.0000	</row2>
					<row3>	-1.1446 1.0878 -8.2804 1.0000	</row3>
				</transform>
			</node>
			<node>
				<identifier>	HP_FX_FloodLight_right_2	</identifier>
				<transform>
					<row0>	1.0000 0.0000 0.0000 0.0000	</row0>
					<row1>	0.0000 1.0000 0.0000 0.0000	</row1>
					<row2>	0.0000 0.0000 1.0000 0.0000	</row2>
					<row3>	1.1362 1.0771 -8.3701 1.0000	</row3>
				</transform>
			</node>
			<node>
				<identifier>	HP_FX_Flood_water_left	</identifier>
				<transform>
					<row0>	-1.0000 0.0000 0.0000 0.0000	</row0>
					<row1>	0.0000 1.0000 0.0000 0.0000	</row1>
					<row2>	0.0000 0.0000 -1.0000 0.0000	</row2>
					<row3>	-1.1020 0.0525 -7.5296 1.0000	</row3>
				</transform>
			</node>
			<node>
				<identifier>	HP_FX_Flood_water_right	</identifier>
				<transform>
					<row0>	1.0000 0.0000 0.0000 0.0000	</row0>
					<row1>	0.0000 1.0000 0.0000 0.0000	</row1>
					<row2>	0.0000 0.0000 1.0000 0.0000	</row2>
					<row3>	1.1027 0.0654 -7.5413 1.0000	</row3>
				</transform>
			</node>
			<node>
				<identifier>	HP_FX_WakeTraceBack	</identifier>
				<transform>
					<row0>	1.0000 0.0000 0.0000 0.0000	</row0>
					<row1>	0.0000 1.0000 0.0000 0.0000	</row1>
					<row2>	0.0000 0.0000 1.0000 0.0000	</row2>
					<row3>	0.0000 0.0000 -10.6856 1.0000	</row3>
				</transform>
			</node>
			<node>
				<identifier>	HP_FX_WakeTrace_screw_1	</identifier>
				<transform>
					<row0>	1.0000 0.0000 0.0000 0.0000	</row0>
					<row1>	0.0000 1.0000 0.0000 0.0000	</row1>
					<row2>	0.0000 0.0000 1.0000 0.0000	</row2>
					<row3>	-0.6979 -0.5023 -7.9045 1.0000	</row3>
				</transform>
			</node>
			<node>
				<identifier>	HP_FX_WakeTrace_screw_2	</identifier>
				<transform>
					<row0>	1.0000 0.0000 0.0000 0.0000	</row0>
					<row1>	0.0000 1.0000 0.0000 0.0000	</row1>
					<row2>	0.0000 0.0000 1.0000 0.0000	</row2>
					<row3>	-0.2976 -0.5023 -8.8011 1.0000	</row3>
				</transform>
			</node>
			<node>
				<identifier>	HP_FX_WakeTrace_screw_3	</identifier>
				<transform>
					<row0>	1.0000 0.0000 0.0000 0.0000	</row0>
					<row1>	0.0000 1.0000 0.0000 0.0000	</row1>
					<row2>	0.0000 0.0000 1.0000 0.0000	</row2>
					<row3>	0.2976 -0.5023 -8.8011 1.0000	</row3>
				</transform>
			</node>
			<node>
				<identifier>	HP_FX_WakeTrace_screw_4	</identifier>
				<transform>
					<row0>	1.0000 0.0000 0.0000 0.0000	</row0>
					<row1>	0.0000 1.0000 0.0000 0.0000	</row1>
					<row2>	0.0000 0.0000 1.0000 0.0000	</row2>
					<row3>	0.6979 -0.5023 -7.9045 1.0000	</row3>
				</transform>
			</node>
			<node>
				<identifier>	HP_Ship_death_3	</identifier>
				<transform>
					<row0>	1.0000 0.0000 0.0000 0.0000	</row0>
					<row1>	0.0000 1.0000 0.0000 0.0000	</row1>
					<row2>	0.0000 0.0000 1.0000 0.0000	</row2>
					<row3>	0.0000 0.0000 -6.2757 1.0000	</row3>
				</transform>
			</node>
			<node>
				<identifier>	MP_AM001_Bollard_2	</identifier>
				<transform>
					<row0>	0.0000 0.0000 1.7743 0.0000	</row0>
					<row1>	0.0000 1.7743 0.0000 0.0000	</row1>
					<row2>	-1.7743 0.0000 0.0000 0.0000	</row2>
					<row3>	0.5324 0.5390 -10.4224 1.0000	</row3>
				</transform>
			</node>
			<node>
				<identifier>	MP_AM001_Bollard_2_INDEX_1	</identifier>
				<transform>
					<row0>	0.0000 0.0000 -1.7743 0.0000	</row0>
					<row1>	0.0000 1.7743 0.0000 0.0000	</row1>
					<row2>	1.7743 0.0000 0.0000 0.0000	</row2>
					<row3>	-0.5324 0.5390 -10.4224 1.0000	</row3>
				</transform>
			</node>
			<node>
				<identifier>	MP_AM001_Bollard_2_INDEX_2	</identifier>
				<transform>
					<row0>	-1.3169 0.0000 0.3744 0.0000	</row0>
					<row1>	0.0000 1.3691 0.0000 0.0000	</row1>
					<row2>	-0.3744 0.0000 -1.3169 0.0000	</row2>
					<row3>	0.8608 0.5408 -9.5524 1.0000	</row3>
				</transform>
			</node>
			<node>
				<identifier>	MP_AM001_Bollard_2_INDEX_3	</identifier>
				<transform>
					<row0>	-1.3169 0.0000 -0.3744 0.0000	</row0>
					<row1>	0.0000 1.3691 0.0000 0.0000	</row1>
					<row2>	0.3744 0.0000 -1.3169 0.0000	</row2>
					<row3>	-0.8608 0.5408 -9.5524 1.0000	</row3>
				</transform>
			</node>
			<node>
				<identifier>	MP_AM001_Bollard_2_INDEX_4	</identifier>
				<transform>
					<row0>	1.3725 0.0000 0.4081 0.0000	</row0>
					<row1>	0.0000 1.4319 0.0000 0.0000	</row1>
					<row2>	-0.4081 0.0000 1.3725 0.0000	</row2>
					<row3>	1.1567 0.8281 -8.8372 1.0000	</row3>
				</transform>
			</node>
			<node>
				<identifier>	MP_AM001_Bollard_2_INDEX_5	</identifier>
				<transform>
					<row0>	0.0000 0.0000 1.4319 0.0000	</row0>
					<row1>	0.0000 1.4319 0.0000 0.0000	</row1>
					<row2>	-1.4319 0.0000 0.0000 0.0000	</row2>
					<row3>	1.4649 0.8281 -7.0075 1.0000	</row3>
				</transform>
			</node>
			<node>
				<identifier>	MP_AM001_Bollard_2_INDEX_6	</identifier>
				<transform>
					<row0>	1.3725 0.0000 -0.4081 0.0000	</row0>
					<row1>	0.0000 1.4319 0.0000 0.0000	</row1>
					<row2>	0.4081 0.0000 1.3725 0.0000	</row2>
					<row3>	-1.1567 0.8281 -8.8372 1.0000	</row3>
				</transform>
			</node>
			<node>
				<identifier>	MP_AM001_Bollard_2_INDEX_7	</identifier>
				<transform>
					<row0>	0.0000 0.0000 -1.4319 0.0000	</row0>
					<row1>	0.0000 1.4319 0.0000 0.0000	</row1>
					<row2>	1.4319 0.0000 0.0000 0.0000	</row2>
					<row3>	-1.4649 0.8281 -7.0075 1.0000	</row3>
				</transform>
			</node>
			<node>
				<identifier>	MP_AM006_Reels_1	</identifier>
				<transform>
					<row0>	0.1163 0.0000 0.9932 0.0000	</row0>
					<row1>	0.0000 1.0000 0.0000 0.0000	</row1>
					<row2>	-0.9932 0.0000 0.1163 0.0000	</row2>
					<row3>	0.7291 0.5394 -9.9108 1.0000	</row3>
				</transform>
			</node>
			<node>
				<identifier>	MP_AM006_Reels_1_INDEX_1	</identifier>
				<transform>
					<row0>	0.1163 0.0000 0.9932 0.0000	</row0>
					<row1>	0.0000 1.0000 0.0000 0.0000	</row1>
					<row2>	-0.9932 0.0000 0.1163 0.0000	</row2>
					<row3>	0.7191 0.5394 -9.9961 1.0000	</row3>
				</transform>
			</node>
			<node>
				<identifier>	MP_AM006_Reels_1_INDEX_2	</identifier>
				<transform>
					<row0>	0.1163 0.0000 -0.9932 0.0000	</row0>
					<row1>	0.0000 1.0000 0.0000 0.0000	</row1>
					<row2>	0.9932 0.0000 0.1163 0.0000	</row2>
					<row3>	-0.7191 0.5394 -9.9961 1.0000	</row3>
				</transform>
			</node>
			<node>
				<identifier>	MP_AM006_Reels_1_INDEX_3	</identifier>
				<transform>
					<row0>	0.1163 0.0000 -0.9932 0.0000	</row0>
					<row1>	0.0000 1.0000 0.0000 0.0000	</row1>
					<row2>	0.9932 0.0000 0.1163 0.0000	</row2>
					<row3>	-0.7291 0.5394 -9.9108 1.0000	</row3>
				</transform>
			</node>
			<node>
				<identifier>	MP_AM006_Reels_1_INDEX_4	</identifier>
				<transform>
					<row0>	0.1088 0.0000 0.9941 0.0000	</row0>
					<row1>	0.0000 1.0000 0.0000 0.0000	</row1>
					<row2>	-0.9941 0.0000 0.1088 0.0000	</row2>
					<row3>	1.1028 0.8275 -9.0721 1.0000	</row3>
				</transform>
			</node>
			<node>
				<identifier>	MP_AM006_Reels_1_INDEX_5	</identifier>
				<transform>
					<row0>	0.6525 0.0000 0.7578 0.0000	</row0>
					<row1>	0.0000 1.0000 0.0000 0.0000	</row1>
					<row2>	-0.7578 0.0000 0.6525 0.0000	</row2>
					<row3>	1.5146 0.8279 -6.8322 1.0000	</row3>
				</transform>
			</node>
			<node>
				<identifier>	MP_AM006_Reels_1_INDEX_6	</identifier>
				<transform>
					<row0>	0.1088 0.0000 -0.9941 0.0000	</row0>
					<row1>	0.0000 1.0000 0.0000 0.0000	</row1>
					<row2>	0.9941 0.0000 0.1088 0.0000	</row2>
					<row3>	-1.1028 0.8275 -9.0721 1.0000	</row3>
				</transform>
			</node>
			<node>
				<identifier>	MP_AM006_Reels_1_INDEX_7	</identifier>
				<transform>
					<row0>	0.6525 0.0000 -0.7578 0.0000	</row0>
					<row1>	0.0000 1.0000 0.0000 0.0000	</row1>
					<row2>	0.7578 0.0000 0.6525 0.0000	</row2>
					<row3>	-1.5146 0.8279 -6.8322 1.0000	</row3>
				</transform>
			</node>
			<node>
				<identifier>	MP_AM058_Boat_4	</identifier>
				<transform>
					<row0>	0.0000 0.0000 -1.0000 0.0000	</row0>
					<row1>	0.0000 1.0000 0.0000 0.0000	</row1>
					<row2>	1.0000 0.0000 0.0000 0.0000	</row2>
					<row3>	1.3422 0.8286 -8.3308 1.0000	</row3>
				</transform>
			</node>
			<node>
				<identifier>	MP_AM058_Boat_4_INDEX_1	</identifier>
				<transform>
					<row0>	0.0000 0.0000 -1.0000 0.0000	</row0>
					<row1>	0.0000 1.0000 0.0000 0.0000	</row1>
					<row2>	1.0000 0.0000 0.0000 0.0000	</row2>
					<row3>	1.3422 0.8286 -8.1873 1.0000	</row3>
				</transform>
			</node>
			<node>
				<identifier>	MP_AM058_Boat_4_INDEX_2	</identifier>
				<transform>
					<row0>	0.0000 0.0000 -1.0000 0.0000	</row0>
					<row1>	0.0000 1.0000 0.0000 0.0000	</row1>
					<row2>	1.0000 0.0000 0.0000 0.0000	</row2>
					<row3>	1.4001 0.8286 -7.5751 1.0000	</row3>
				</transform>
			</node>
			<node>
				<identifier>	MP_AM058_Boat_4_INDEX_3	</identifier>
				<transform>
					<row0>	0.0000 0.0000 1.0000 0.0000	</row0>
					<row1>	0.0000 1.0000 0.0000 0.0000	</row1>
					<row2>	-1.0000 0.0000 0.0000 0.0000	</row2>
					<row3>	-1.3422 0.8286 -8.3308 1.0000	</row3>
				</transform>
			</node>
			<node>
				<identifier>	MP_AM058_Boat_4_INDEX_4	</identifier>
				<transform>
					<row0>	0.0000 0.0000 1.0000 0.0000	</row0>
					<row1>	0.0000 1.0000 0.0000 0.0000	</row1>
					<row2>	-1.0000 0.0000 0.0000 0.0000	</row2>
					<row3>	-1.3422 0.8286 -8.1873 1.0000	</row3>
				</transform>
			</node>
			<node>
				<identifier>	MP_AM058_Boat_4_INDEX_5	</identifier>
				<transform>
					<row0>	0.0000 0.0000 1.0000 0.0000	</row0>
					<row1>	0.0000 1.0000 0.0000 0.0000	</row1>
					<row2>	-1.0000 0.0000 0.0000 0.0000	</row2>
					<row3>	-1.4001 0.8286 -7.5751 1.0000	</row3>
				</transform>
			</node>
			<node>
				<identifier>	MP_AM155_Switch_Panel_2	</identifier>
				<transform>
					<row0>	0.0872 0.0000 0.9962 0.0000	</row0>
					<row1>	0.0000 1.0000 0.0000 0.0000	</row1>
					<row2>	-0.9962 0.0000 0.0872 0.0000	</row2>
					<row3>	1.0408 1.3283 -9.3804 1.0000	</row3>
				</transform>
			</node>
			<node>
				<identifier>	MP_AM155_Switch_Panel_2_INDEX_1	</identifier>
				<transform>
					<row0>	0.0872 0.0000 -0.9962 0.0000	</row0>
					<row1>	0.0000 1.0000 0.0000 0.0000	</row1>
					<row2>	0.9962 0.0000 0.0872 0.0000	</row2>
					<row3>	-1.0408 1.3274 -9.3804 1.0000	</row3>
				</transform>
			</node>
			<node>
				<identifier>	MP_AM156_Switch_Panel_3	</identifier>
				<transform>
					<row0>	0.0872 0.0000 0.9962 0.0000	</row0>
					<row1>	0.0000 1.0000 0.0000 0.0000	</row1>
					<row2>	-0.9962 0.0000 0.0872 0.0000	</row2>
					<row3>	1.0377 1.3283 -9.4155 1.0000	</row3>
				</transform>
			</node>
			<node>
				<identifier>	MP_AM156_Switch_Panel_3_INDEX_1	</identifier>
				<transform>
					<row0>	0.0872 0.0000 -0.9962 0.0000	</row0>
					<row1>	0.0000 1.0000 0.0000 0.0000	</row1>
					<row2>	0.9962 0.0000 0.0872 0.0000	</row2>
					<row3>	-1.0377 1.3274 -9.4155 1.0000	</row3>
				</transform>
			</node>
			<node>
				<identifier>	MP_AM189_Gasoline_Station	</identifier>
				<transform>
					<row0>	-0.0770 0.0000 -0.8565 0.0000	</row0>
					<row1>	0.0000 0.8600 0.0000 0.0000	</row1>
					<row2>	0.8565 0.0000 -0.0770 0.0000	</row2>
					<row3>	1.0821 1.2560 -9.1783 1.0000	</row3>
				</transform>
			</node>
			<node>
				<identifier>	MP_AM189_Gasoline_Station_INDEX_1	</identifier>
				<transform>
					<row0>	-0.0770 0.0000 0.8565 0.0000	</row0>
					<row1>	0.0000 0.8600 0.0000 0.0000	</row1>
					<row2>	-0.8565 0.0000 -0.0770 0.0000	</row2>
					<row3>	-1.0818 1.2559 -9.1783 1.0000	</row3>
				</transform>
			</node>
			<node>
				<identifier>	MP_AM2012_Floater_Net_Basket	</identifier>
				<transform>
					<row0>	-0.0915 0.0000 0.9958 0.0000	</row0>
					<row1>	0.0000 1.0000 0.0000 0.0000	</row1>
					<row2>	-0.9958 0.0000 -0.0915 0.0000	</row2>
					<row3>	-1.2270 1.2488 -8.6175 1.0000	</row3>
				</transform>
			</node>
			<node>
				<identifier>	MP_AM2012_Floater_Net_Basket_INDEX_1	</identifier>
				<transform>
					<row0>	-0.0906 0.0000 0.9959 0.0000	</row0>
					<row1>	0.0000 1.0000 0.0000 0.0000	</row1>
					<row2>	-0.9959 0.0000 -0.0906 0.0000	</row2>
					<row3>	-1.2083 1.2488 -8.8250 1.0000	</row3>
				</transform>
			</node>
			<node>
				<identifier>	MP_AM2012_Floater_Net_Basket_INDEX_10	</identifier>
				<transform>
					<row0>	-0.0882 0.0000 -0.9961 0.0000	</row0>
					<row1>	0.0000 1.0000 0.0000 0.0000	</row1>
					<row2>	0.9961 0.0000 -0.0882 0.0000	</row2>
					<row3>	1.3201 1.2488 -7.5841 1.0000	</row3>
				</transform>
			</node>
			<node>
				<identifier>	MP_AM2012_Floater_Net_Basket_INDEX_11	</identifier>
				<transform>
					<row0>	-0.0879 0.0000 -0.9961 0.0000	</row0>
					<row1>	0.0000 1.0000 0.0000 0.0000	</row1>
					<row2>	0.9961 0.0000 -0.0879 0.0000	</row2>
					<row3>	1.3015 1.2488 -7.7903 1.0000	</row3>
				</transform>
			</node>
			<node>
				<identifier>	MP_AM2012_Floater_Net_Basket_INDEX_12	</identifier>
				<transform>
					<row0>	-0.0880 0.0000 -0.9961 0.0000	</row0>
					<row1>	0.0000 1.0000 0.0000 0.0000	</row1>
					<row2>	0.9961 0.0000 -0.0880 0.0000	</row2>
					<row3>	1.2828 1.2488 -7.9987 1.0000	</row3>
				</transform>
			</node>
			<node>
				<identifier>	MP_AM2012_Floater_Net_Basket_INDEX_13	</identifier>
				<transform>
					<row0>	-0.0880 0.0000 -0.9961 0.0000	</row0>
					<row1>	0.0000 1.0000 0.0000 0.0000	</row1>
					<row2>	0.9961 0.0000 -0.0880 0.0000	</row2>
					<row3>	1.2642 1.2488 -8.2050 1.0000	</row3>
				</transform>
			</node>
			<node>
				<identifier>	MP_AM2012_Floater_Net_Basket_INDEX_14	</identifier>
				<transform>
					<row0>	-0.0913 0.0000 -0.9958 0.0000	</row0>
					<row1>	0.0000 1.0000 0.0000 0.0000	</row1>
					<row2>	0.9958 0.0000 -0.0913 0.0000	</row2>
					<row3>	1.2456 1.2488 -8.4112 1.0000	</row3>
				</transform>
			</node>
			<node>
				<identifier>	MP_AM2012_Floater_Net_Basket_INDEX_15	</identifier>
				<transform>
					<row0>	-0.0915 0.0000 -0.9958 0.0000	</row0>
					<row1>	0.0000 1.0000 0.0000 0.0000	</row1>
					<row2>	0.9958 0.0000 -0.0915 0.0000	</row2>
					<row3>	1.2270 1.2488 -8.6175 1.0000	</row3>
				</transform>
			</node>
			<node>
				<identifier>	MP_AM2012_Floater_Net_Basket_INDEX_16	</identifier>
				<transform>
					<row0>	-0.0906 0.0000 -0.9959 0.0000	</row0>
					<row1>	0.0000 1.0000 0.0000 0.0000	</row1>
					<row2>	0.9959 0.0000 -0.0906 0.0000	</row2>
					<row3>	1.2083 1.2488 -8.8250 1.0000	</row3>
				</transform>
			</node>
			<node>
				<identifier>	MP_AM2012_Floater_Net_Basket_INDEX_17	</identifier>
				<transform>
					<row0>	-0.0891 0.0000 -0.9960 0.0000	</row0>
					<row1>	0.0000 1.0000 0.0000 0.0000	</row1>
					<row2>	0.9960 0.0000 -0.0891 0.0000	</row2>
					<row3>	1.1897 1.2488 -9.0313 1.0000	</row3>
				</transform>
			</node>
			<node>
				<identifier>	MP_AM2012_Floater_Net_Basket_INDEX_18	</identifier>
				<transform>
					<row0>	-0.0889 0.0000 -0.9960 0.0000	</row0>
					<row1>	0.0000 1.0000 0.0000 0.0000	</row1>
					<row2>	0.9960 0.0000 -0.0889 0.0000	</row2>
					<row3>	1.1712 1.2488 -9.2373 1.0000	</row3>
				</transform>
			</node>
			<node>
				<identifier>	MP_AM2012_Floater_Net_Basket_INDEX_19	</identifier>
				<transform>
					<row0>	-0.0902 0.0000 -0.9959 0.0000	</row0>
					<row1>	0.0000 1.0000 0.0000 0.0000	</row1>
					<row2>	0.9959 0.0000 -0.0902 0.0000	</row2>
					<row3>	1.1526 1.2488 -9.4437 1.0000	</row3>
				</transform>
			</node>
			<node>
				<identifier>	MP_AM2012_Floater_Net_Basket_INDEX_2	</identifier>
				<transform>
					<row0>	-0.0889 0.0000 0.9960 0.0000	</row0>
					<row1>	0.0000 1.0000 0.0000 0.0000	</row1>
					<row2>	-0.9960 0.0000 -0.0889 0.0000	</row2>
					<row3>	-1.1712 1.2488 -9.2373 1.0000	</row3>
				</transform>
			</node>
			<node>
				<identifier>	MP_AM2012_Floater_Net_Basket_INDEX_3	</identifier>
				<transform>
					<row0>	-0.0891 0.0000 0.9960 0.0000	</row0>
					<row1>	0.0000 1.0000 0.0000 0.0000	</row1>
					<row2>	-0.9960 0.0000 -0.0891 0.0000	</row2>
					<row3>	-1.1897 1.2488 -9.0313 1.0000	</row3>
				</transform>
			</node>
			<node>
				<identifier>	MP_AM2012_Floater_Net_Basket_INDEX_4	</identifier>
				<transform>
					<row0>	-0.0913 0.0000 0.9958 0.0000	</row0>
					<row1>	0.0000 1.0000 0.0000 0.0000	</row1>
					<row2>	-0.9958 0.0000 -0.0913 0.0000	</row2>
					<row3>	-1.2456 1.2488 -8.4112 1.0000	</row3>
				</transform>
			</node>
			<node>
				<identifier>	MP_AM2012_Floater_Net_Basket_INDEX_5	</identifier>
				<transform>
					<row0>	-0.0879 0.0000 0.9961 0.0000	</row0>
					<row1>	0.0000 1.0000 0.0000 0.0000	</row1>
					<row2>	-0.9961 0.0000 -0.0879 0.0000	</row2>
					<row3>	-1.3015 1.2488 -7.7903 1.0000	</row3>
				</transform>
			</node>
			<node>
				<identifier>	MP_AM2012_Floater_Net_Basket_INDEX_6	</identifier>
				<transform>
					<row0>	-0.0880 0.0000 0.9961 0.0000	</row0>
					<row1>	0.0000 1.0000 0.0000 0.0000	</row1>
					<row2>	-0.9961 0.0000 -0.0880 0.0000	</row2>
					<row3>	-1.2642 1.2488 -8.2050 1.0000	</row3>
				</transform>
			</node>
			<node>
				<identifier>	MP_AM2012_Floater_Net_Basket_INDEX_7	</identifier>
				<transform>
					<row0>	-0.0902 0.0000 0.9959 0.0000	</row0>
					<row1>	0.0000 1.0000 0.0000 0.0000	</row1>
					<row2>	-0.9959 0.0000 -0.0902 0.0000	</row2>
					<row3>	-1.1526 1.2488 -9.4437 1.0000	</row3>
				</transform>
			</node>
			<node>
				<identifier>	MP_AM2012_Floater_Net_Basket_INDEX_8	</identifier>
				<transform>
					<row0>	-0.0880 0.0000 0.9961 0.0000	</row0>
					<row1>	0.0000 1.0000 0.0000 0.0000	</row1>
					<row2>	-0.9961 0.0000 -0.0880 0.0000	</row2>
					<row3>	-1.2828 1.2488 -7.9987 1.0000	</row3>
				</transform>
			</node>
			<node>
				<identifier>	MP_AM2012_Floater_Net_Basket_INDEX_9	</identifier>
				<transform>
					<row0>	-0.0882 0.0000 0.9961 0.0000	</row0>
					<row1>	0.0000 1.0000 0.0000 0.0000	</row1>
					<row2>	-0.9961 0.0000 -0.0882 0.0000	</row2>
					<row3>	-1.3201 1.2488 -7.5841 1.0000	</row3>
				</transform>
			</node>
			<node>
				<identifier>	MP_AM288_Franklin_Life_Buoy	</identifier>
				<transform>
					<row0>	0.9701 -0.1806 -0.1621 0.0000	</row0>
					<row1>	0.1784 0.9836 -0.0285 0.0000	</row1>
					<row2>	0.1646 -0.0013 0.9864 0.0000	</row2>
					<row3>	0.9256 0.5623 -9.5724 1.0000	</row3>
				</transform>
			</node>
			<node>
				<identifier>	MP_AM288_Franklin_Life_Buoy_INDEX_1	</identifier>
				<transform>
					<row0>	-0.9702 -0.1806 -0.1617 0.0000	</row0>
					<row1>	-0.1784 0.9836 -0.0285 0.0000	</row1>
					<row2>	0.1642 0.0012 -0.9864 0.0000	</row2>
					<row3>	-0.9256 0.5623 -9.5724 1.0000	</row3>
				</transform>
			</node>
			<node>
				<identifier>	MP_AM352_Stern_Light	</identifier>
				<transform>
					<row0>	0.0000 0.0000 -1.0000 0.0000	</row0>
					<row1>	0.0000 1.0000 0.0000 0.0000	</row1>
					<row2>	1.0000 0.0000 0.0000 0.0000	</row2>
					<row3>	0.0000 0.6792 -10.8998 1.0000	</row3>
				</transform>
			</node>
			<node>
				<identifier>	MP_AM473_Boat_Winch	</identifier>
				<transform>
					<row0>	0.1884 0.0000 0.9821 0.0000	</row0>
					<row1>	0.0000 1.0000 0.0000 0.0000	</row1>
					<row2>	-0.9821 0.0000 0.1884 0.0000	</row2>
					<row3>	0.6779 0.5437 -10.1910 1.0000	</row3>
				</transform>
			</node>
			<node>
				<identifier>	MP_AM473_Boat_Winch_INDEX_1	</identifier>
				<transform>
					<row0>	0.1884 0.0000 -0.9821 0.0000	</row0>
					<row1>	0.0000 1.0000 0.0000 0.0000	</row1>
					<row2>	0.9821 0.0000 0.1884 0.0000	</row2>
					<row3>	-0.6771 0.5437 -10.1949 1.0000	</row3>
				</transform>
			</node>
			<node>
				<identifier>	MP_AM559_Alarm_Tool	</identifier>
				<transform>
					<row0>	-0.1874 0.0000 -0.9823 0.0000	</row0>
					<row1>	0.0000 1.0000 0.0000 0.0000	</row1>
					<row2>	0.9823 0.0000 -0.1874 0.0000	</row2>
					<row3>	0.6401 0.6669 -10.2300 1.0000	</row3>
				</transform>
			</node>
			<node>
				<identifier>	MP_AM559_Alarm_Tool_INDEX_1	</identifier>
				<transform>
					<row0>	-0.1874 0.0000 0.9823 0.0000	</row0>
					<row1>	0.0000 1.0000 0.0000 0.0000	</row1>
					<row2>	-0.9823 0.0000 -0.1874 0.0000	</row2>
					<row3>	-0.6401 0.6669 -10.2300 1.0000	</row3>
				</transform>
			</node>
			<node>
				<identifier>	MP_AM608_Wake_Light	</identifier>
				<transform>
					<row0>	-1.0000 0.0000 0.0000 0.0000	</row0>
					<row1>	0.0000 1.0000 0.0000 0.0000	</row1>
					<row2>	0.0000 0.0000 -1.0000 0.0000	</row2>
					<row3>	0.1246 0.5123 -10.9039 1.0000	</row3>
				</transform>
			</node>
			<node>
				<identifier>	MP_AM725_Ammobox	</identifier>
				<transform>
					<row0>	0.0000 0.0000 -0.9452 0.0000	</row0>
					<row1>	0.0000 0.9452 0.0000 0.0000	</row1>
					<row2>	0.9452 0.0000 0.0000 0.0000	</row2>
					<row3>	-1.1453 0.5419 -6.1537 1.0000	</row3>
				</transform>
			</node>
			<node>
				<identifier>	MP_AM725_Ammobox_INDEX_1	</identifier>
				<transform>
					<row0>	0.0000 0.0000 0.9452 0.0000	</row0>
					<row1>	0.0000 0.9452 0.0000 0.0000	</row1>
					<row2>	-0.9452 0.0000 0.0000 0.0000	</row2>
					<row3>	1.1495 0.5419 -6.1527 1.0000	</row3>
				</transform>
			</node>
			<node>
				<identifier>	MP_CM002_Propeller4_L	</identifier>
				<transform>
					<row0>	1.7082 0.0000 -0.0300 0.0000	</row0>
					<row1>	0.0000 1.7085 0.0000 0.0000	</row1>
					<row2>	0.0300 0.0000 1.7082 0.0000	</row2>
					<row3>	-0.6979 -0.5023 -7.9045 1.0000	</row3>
				</transform>
			</node>
			<node>
				<identifier>	MP_CM003_Propeller5_L	</identifier>
				<transform>
					<row0>	1.7163 0.0000 0.0310 0.0000	</row0>
					<row1>	0.0000 1.7166 0.0000 0.0000	</row1>
					<row2>	-0.0310 0.0000 1.7163 0.0000	</row2>
					<row3>	-0.2976 -0.5023 -8.8011 1.0000	</row3>
				</transform>
			</node>
			<node>
				<identifier>	MP_CM010_Fire_Hose_Reel	</identifier>
				<transform>
					<row0>	0.0000 -1.2000 0.0000 0.0000	</row0>
					<row1>	1.2000 0.0000 0.0000 0.0000	</row1>
					<row2>	0.0000 0.0000 1.6643 0.0000	</row2>
					<row3>	1.5839 1.3323 -6.2431 1.0000	</row3>
				</transform>
			</node>
			<node>
				<identifier>	MP_CM010_Fire_Hose_Reel_INDEX_1	</identifier>
				<transform>
					<row0>	0.0000 -1.2000 0.0000 0.0000	</row0>
					<row1>	1.2000 0.0000 0.0000 0.0000	</row1>
					<row2>	0.0000 0.0000 1.6643 0.0000	</row2>
					<row3>	-1.5839 1.3323 -6.2431 1.0000	</row3>
				</transform>
			</node>
			<node>
				<identifier>	MP_CM011_Fire_Fighting_Gear	</identifier>
				<transform>
					<row0>	1.0000 0.0000 0.0000 0.0000	</row0>
					<row1>	0.0000 1.0000 0.0000 0.0000	</row1>
					<row2>	0.0000 0.0000 1.0000 0.0000	</row2>
					<row3>	-0.3574 0.5422 -10.3484 1.0000	</row3>
				</transform>
			</node>
			<node>
				<identifier>	MP_CM011_Fire_Fighting_Gear_INDEX_1	</identifier>
				<transform>
					<row0>	1.0000 0.0000 0.0000 0.0000	</row0>
					<row1>	0.0000 1.0000 0.0000 0.0000	</row1>
					<row2>	0.0000 0.0000 1.0000 0.0000	</row2>
					<row3>	0.3574 0.5422 -10.3484 1.0000	</row3>
				</transform>
			</node>
			<node>
				<identifier>	MP_CM011_Fire_Fighting_Gear_INDEX_2	</identifier>
				<transform>
					<row0>	0.0000 0.0000 1.0000 0.0000	</row0>
					<row1>	0.0000 1.0000 0.0000 0.0000	</row1>
					<row2>	-1.0000 0.0000 0.0000 0.0000	</row2>
					<row3>	0.8139 0.5422 -9.2995 1.0000	</row3>
				</transform>
			</node>
			<node>
				<identifier>	MP_CM011_Fire_Fighting_Gear_INDEX_3	</identifier>
				<transform>
					<row0>	0.0000 0.0000 -1.0000 0.0000	</row0>
					<row1>	0.0000 1.0000 0.0000 0.0000	</row1>
					<row2>	1.0000 0.0000 0.0000 0.0000	</row2>
					<row3>	-0.8139 0.5422 -9.2995 1.0000	</row3>
				</transform>
			</node>
			<node>
				<identifier>	MP_CM011_Fire_Fighting_Gear_INDEX_4	</identifier>
				<transform>
					<row0>	0.0000 0.0000 1.0000 0.0000	</row0>
					<row1>	0.0000 1.0000 0.0000 0.0000	</row1>
					<row2>	-1.0000 0.0000 0.0000 0.0000	</row2>
					<row3>	1.2819 0.8301 -6.8637 1.0000	</row3>
				</transform>
			</node>
			<node>
				<identifier>	MP_CM011_Fire_Fighting_Gear_INDEX_5	</identifier>
				<transform>
					<row0>	0.0000 0.0000 1.0000 0.0000	</row0>
					<row1>	0.0000 1.0000 0.0000 0.0000	</row1>
					<row2>	-1.0000 0.0000 0.0000 0.0000	</row2>
					<row3>	1.0919 0.8297 -9.0235 1.0000	</row3>
				</transform>
			</node>
			<node>
				<identifier>	MP_CM011_Fire_Fighting_Gear_INDEX_6	</identifier>
				<transform>
					<row0>	1.0000 0.0000 0.0000 0.0000	</row0>
					<row1>	0.0000 1.0000 0.0000 0.0000	</row1>
					<row2>	0.0000 0.0000 1.0000 0.0000	</row2>
					<row3>	1.5260 1.3338 -6.2164 1.0000	</row3>
				</transform>
			</node>
			<node>
				<identifier>	MP_CM011_Fire_Fighting_Gear_INDEX_7	</identifier>
				<transform>
					<row0>	0.0000 0.0000 -1.0000 0.0000	</row0>
					<row1>	0.0000 1.0000 0.0000 0.0000	</row1>
					<row2>	1.0000 0.0000 0.0000 0.0000	</row2>
					<row3>	-1.0919 0.8297 -9.0235 1.0000	</row3>
				</transform>
			</node>
			<node>
				<identifier>	MP_CM011_Fire_Fighting_Gear_INDEX_8	</identifier>
				<transform>
					<row0>	0.0000 0.0000 -1.0000 0.0000	</row0>
					<row1>	0.0000 1.0000 0.0000 0.0000	</row1>
					<row2>	1.0000 0.0000 0.0000 0.0000	</row2>
					<row3>	-1.2819 0.8301 -6.8637 1.0000	</row3>
				</transform>
			</node>
			<node>
				<identifier>	MP_CM011_Fire_Fighting_Gear_INDEX_9	</identifier>
				<transform>
					<row0>	1.0000 0.0000 0.0000 0.0000	</row0>
					<row1>	0.0000 1.0000 0.0000 0.0000	</row1>
					<row2>	0.0000 0.0000 1.0000 0.0000	</row2>
					<row3>	-1.5260 1.3338 -6.2164 1.0000	</row3>
				</transform>
			</node>
			<node>
				<identifier>	MP_CM012_Fire_Hose_Rack_1	</identifier>
				<transform>
					<row0>	-0.9865 0.0000 0.1638 0.0000	</row0>
					<row1>	0.0000 1.0000 0.0000 0.0000	</row1>
					<row2>	-0.1638 0.0000 -0.9865 0.0000	</row2>
					<row3>	0.7914 0.5953 -9.3445 1.0000	</row3>
				</transform>
			</node>
			<node>
				<identifier>	MP_CM012_Fire_Hose_Rack_1_INDEX_1	</identifier>
				<transform>
					<row0>	0.0000 0.0000 1.0000 0.0000	</row0>
					<row1>	0.0000 1.0000 0.0000 0.0000	</row1>
					<row2>	-1.0000 0.0000 0.0000 0.0000	</row2>
					<row3>	0.3165 0.6110 -10.3422 1.0000	</row3>
				</transform>
			</node>
			<node>
				<identifier>	MP_CM012_Fire_Hose_Rack_1_INDEX_10	</identifier>
				<transform>
					<row0>	0.9960 0.0174 0.0872 0.0000	</row0>
					<row1>	-0.0175 0.9998 0.0000 0.0000	</row1>
					<row2>	-0.0871 -0.0015 0.9962 0.0000	</row2>
					<row3>	-1.2590 0.9051 -6.9087 1.0000	</row3>
				</transform>
			</node>
			<node>
				<identifier>	MP_CM012_Fire_Hose_Rack_1_INDEX_11	</identifier>
				<transform>
					<row0>	0.9962 0.0000 0.0872 0.0000	</row0>
					<row1>	0.0000 1.0000 0.0000 0.0000	</row1>
					<row2>	-0.0872 0.0000 0.9962 0.0000	</row2>
					<row3>	-1.2320 1.2960 -7.2582 1.0000	</row3>
				</transform>
			</node>
			<node>
				<identifier>	MP_CM012_Fire_Hose_Rack_1_INDEX_12	</identifier>
				<transform>
					<row0>	0.9962 0.0000 0.0872 0.0000	</row0>
					<row1>	0.0000 1.0000 0.0000 0.0000	</row1>
					<row2>	-0.0872 0.0000 0.9962 0.0000	</row2>
					<row3>	-1.1065 1.3021 -8.6533 1.0000	</row3>
				</transform>
			</node>
			<node>
				<identifier>	MP_CM012_Fire_Hose_Rack_1_INDEX_13	</identifier>
				<transform>
					<row0>	0.9962 0.0000 0.0872 0.0000	</row0>
					<row1>	0.0000 1.0000 0.0000 0.0000	</row1>
					<row2>	-0.0872 0.0000 0.9962 0.0000	</row2>
					<row3>	-0.9983 1.2279 -9.8545 1.0000	</row3>
				</transform>
			</node>
			<node>
				<identifier>	MP_CM012_Fire_Hose_Rack_1_INDEX_2	</identifier>
				<transform>
					<row0>	0.0000 0.0000 1.0000 0.0000	</row0>
					<row1>	0.0000 1.0000 0.0000 0.0000	</row1>
					<row2>	-1.0000 0.0000 0.0000 0.0000	</row2>
					<row3>	-0.3165 0.6110 -10.3422 1.0000	</row3>
				</transform>
			</node>
			<node>
				<identifier>	MP_CM012_Fire_Hose_Rack_1_INDEX_3	</identifier>
				<transform>
					<row0>	0.9848 0.0000 0.1736 0.0000	</row0>
					<row1>	0.0000 1.0000 0.0000 0.0000	</row1>
					<row2>	-0.1736 0.0000 0.9848 0.0000	</row2>
					<row3>	-0.7913 0.5953 -9.3445 1.0000	</row3>
				</transform>
			</node>
			<node>
				<identifier>	MP_CM012_Fire_Hose_Rack_1_INDEX_4	</identifier>
				<transform>
					<row0>	-0.9961 0.0107 0.0876 0.0000	</row0>
					<row1>	0.0107 0.9999 -0.0009 0.0000	</row1>
					<row2>	-0.0876 0.0000 -0.9962 0.0000	</row2>
					<row3>	1.0790 0.9164 -8.9274 1.0000	</row3>
				</transform>
			</node>
			<node>
				<identifier>	MP_CM012_Fire_Hose_Rack_1_INDEX_5	</identifier>
				<transform>
					<row0>	-0.9967 0.0196 0.0792 0.0000	</row0>
					<row1>	0.0195 0.9998 -0.0016 0.0000	</row1>
					<row2>	-0.0792 0.0000 -0.9969 0.0000	</row2>
					<row3>	1.2590 0.9051 -6.9087 1.0000	</row3>
				</transform>
			</node>
			<node>
				<identifier>	MP_CM012_Fire_Hose_Rack_1_INDEX_6	</identifier>
				<transform>
					<row0>	-0.9962 0.0000 0.0872 0.0000	</row0>
					<row1>	0.0000 1.0000 0.0000 0.0000	</row1>
					<row2>	-0.0872 0.0000 -0.9962 0.0000	</row2>
					<row3>	0.9765 1.2279 -10.0960 1.0000	</row3>
				</transform>
			</node>
			<node>
				<identifier>	MP_CM012_Fire_Hose_Rack_1_INDEX_7	</identifier>
				<transform>
					<row0>	-0.9962 0.0000 0.0872 0.0000	</row0>
					<row1>	0.0000 1.0000 0.0000 0.0000	</row1>
					<row2>	-0.0872 0.0000 -0.9962 0.0000	</row2>
					<row3>	1.2320 1.2960 -7.2582 1.0000	</row3>
				</transform>
			</node>
			<node>
				<identifier>	MP_CM012_Fire_Hose_Rack_1_INDEX_8	</identifier>
				<transform>
					<row0>	-0.9962 0.0000 0.0872 0.0000	</row0>
					<row1>	0.0000 1.0000 0.0000 0.0000	</row1>
					<row2>	-0.0872 0.0000 -0.9962 0.0000	</row2>
					<row3>	1.1065 1.3021 -8.6533 1.0000	</row3>
				</transform>
			</node>
			<node>
				<identifier>	MP_CM012_Fire_Hose_Rack_1_INDEX_9	</identifier>
				<transform>
					<row0>	0.9960 0.0174 0.0872 0.0000	</row0>
					<row1>	-0.0175 0.9998 0.0000 0.0000	</row1>
					<row2>	-0.0871 -0.0015 0.9962 0.0000	</row2>
					<row3>	-1.0790 0.9164 -8.9274 1.0000	</row3>
				</transform>
			</node>
			<node>
				<identifier>	MP_CM029_Emergency_Box	</identifier>
				<transform>
					<row0>	0.1914 0.0000 0.9815 0.0000	</row0>
					<row1>	0.0000 1.0000 0.0000 0.0000	</row1>
					<row2>	-0.9815 0.0000 0.1914 0.0000	</row2>
					<row3>	0.6340 0.6182 -10.2880 1.0000	</row3>
				</transform>
			</node>
			<node>
				<identifier>	MP_CM029_Emergency_Box_INDEX_1	</identifier>
				<transform>
					<row0>	0.1914 0.0000 -0.9815 0.0000	</row0>
					<row1>	0.0000 1.0000 0.0000 0.0000	</row1>
					<row2>	0.9815 0.0000 0.1914 0.0000	</row2>
					<row3>	-0.6340 0.6182 -10.2880 1.0000	</row3>
				</transform>
			</node>
			<node>
				<identifier>	MP_CM033_Propeller4_R	</identifier>
				<transform>
					<row0>	1.7082 0.0000 0.0300 0.0000	</row0>
					<row1>	0.0000 1.7085 0.0000 0.0000	</row1>
					<row2>	-0.0300 0.0000 1.7082 0.0000	</row2>
					<row3>	0.6979 -0.5023 -7.9045 1.0000	</row3>
				</transform>
			</node>
			<node>
				<identifier>	MP_CM034_Propeller5_R	</identifier>
				<transform>
					<row0>	1.7163 0.0000 -0.0310 0.0000	</row0>
					<row1>	0.0000 1.7166 0.0000 0.0000	</row1>
					<row2>	0.0310 0.0000 1.7163 0.0000	</row2>
					<row3>	0.2976 -0.5023 -8.8011 1.0000	</row3>
				</transform>
			</node>
			<node>
				<identifier>	MP_CM051_Fire_Fighting_Gear	</identifier>
				<transform>
					<row0>	0.9962 0.0000 -0.0872 0.0000	</row0>
					<row1>	0.0000 -1.0000 0.0000 0.0000	</row1>
					<row2>	-0.0872 0.0000 -0.9962 0.0000	</row2>
					<row3>	1.2383 1.2928 -7.1955 1.0000	</row3>
				</transform>
			</node>
			<node>
				<identifier>	MP_CM051_Fire_Fighting_Gear_INDEX_1	</identifier>
				<transform>
					<row0>	0.9962 0.0000 -0.0872 0.0000	</row0>
					<row1>	0.0000 -1.0000 0.0000 0.0000	</row1>
					<row2>	-0.0872 0.0000 -0.9962 0.0000	</row2>
					<row3>	1.0994 1.2928 -8.7356 1.0000	</row3>
				</transform>
			</node>
			<node>
				<identifier>	MP_CM051_Fire_Fighting_Gear_INDEX_2	</identifier>
				<transform>
					<row0>	0.9962 0.0000 -0.0872 0.0000	</row0>
					<row1>	0.0000 -1.0000 0.0000 0.0000	</row1>
					<row2>	-0.0872 0.0000 -0.9962 0.0000	</row2>
					<row3>	0.9737 1.2091 -10.1282 1.0000	</row3>
				</transform>
			</node>
			<node>
				<identifier>	MP_CM051_Fire_Fighting_Gear_INDEX_3	</identifier>
				<transform>
					<row0>	-0.9962 0.0000 -0.0872 0.0000	</row0>
					<row1>	0.0000 -1.0000 0.0000 0.0000	</row1>
					<row2>	-0.0872 0.0000 0.9962 0.0000	</row2>
					<row3>	-1.2383 1.2928 -7.1955 1.0000	</row3>
				</transform>
			</node>
			<node>
				<identifier>	MP_CM051_Fire_Fighting_Gear_INDEX_4	</identifier>
				<transform>
					<row0>	-0.9962 0.0000 -0.0872 0.0000	</row0>
					<row1>	0.0000 -1.0000 0.0000 0.0000	</row1>
					<row2>	-0.0872 0.0000 0.9962 0.0000	</row2>
					<row3>	-1.0994 1.2928 -8.7356 1.0000	</row3>
				</transform>
			</node>
			<node>
				<identifier>	MP_CM051_Fire_Fighting_Gear_INDEX_5	</identifier>
				<transform>
					<row0>	-0.9962 0.0000 -0.0872 0.0000	</row0>
					<row1>	0.0000 -1.0000 0.0000 0.0000	</row1>
					<row2>	-0.0872 0.0000 0.9962 0.0000	</row2>
					<row3>	-0.9919 1.2091 -9.9260 1.0000	</row3>
				</transform>
			</node>
			<node>
				<identifier>	MP_CM052_Fender	</identifier>
				<transform>
					<row0>	-0.1648 0.0000 -0.8492 0.0000	</row0>
					<row1>	0.0000 0.8650 0.0000 0.0000	</row1>
					<row2>	0.8492 0.0000 -0.1648 0.0000	</row2>
					<row3>	0.6887 0.5420 -10.1233 1.0000	</row3>
				</transform>
			</node>
			<node>
				<identifier>	MP_CM052_Fender_INDEX_1	</identifier>
				<transform>
					<row0>	-0.1648 0.0000 -0.8492 0.0000	</row0>
					<row1>	0.0000 0.8650 0.0000 0.0000	</row1>
					<row2>	0.8492 0.0000 -0.1648 0.0000	</row2>
					<row3>	0.6999 0.5420 -10.0656 1.0000	</row3>
				</transform>
			</node>
			<node>
				<identifier>	MP_CM052_Fender_INDEX_2	</identifier>
				<transform>
					<row0>	-0.1648 0.0000 0.8492 0.0000	</row0>
					<row1>	0.0000 0.8650 0.0000 0.0000	</row1>
					<row2>	-0.8492 0.0000 -0.1648 0.0000	</row2>
					<row3>	-0.6887 0.5420 -10.1233 1.0000	</row3>
				</transform>
			</node>
			<node>
				<identifier>	MP_CM052_Fender_INDEX_3	</identifier>
				<transform>
					<row0>	-0.1648 0.0000 0.8492 0.0000	</row0>
					<row1>	0.0000 0.8650 0.0000 0.0000	</row1>
					<row2>	-0.8492 0.0000 -0.1648 0.0000	</row2>
					<row3>	-0.6999 0.5420 -10.0656 1.0000	</row3>
				</transform>
			</node>
			<node>
				<identifier>	MP_CM052_Fender_INDEX_4	</identifier>
				<transform>
					<row0>	-0.8567 0.0000 -0.1198 0.0000	</row0>
					<row1>	0.0000 0.8650 0.0000 0.0000	</row1>
					<row2>	0.1198 0.0000 -0.8567 0.0000	</row2>
					<row3>	1.4300 0.8287 -6.8712 1.0000	</row3>
				</transform>
			</node>
			<node>
