<ZSC014_Dalian_1952_Stern_ports.visual>
	<node>
		<identifier>	Scene Root	</identifier>
		<transform>
			<row0>	1.0000 0.0000 0.0000 0.0000	</row0>
			<row1>	0.0000 1.0000 0.0000 0.0000	</row1>
			<row2>	0.0000 0.0000 1.0000 0.0000	</row2>
			<row3>	0.0000 0.0000 0.0000 1.0000	</row3>
		</transform>
		<node>
			<identifier>	Stern_ports	</identifier>
			<transform>
				<row0>	1.0000 0.0000 0.0000 0.0000	</row0>
				<row1>	0.0000 1.0000 0.0000 0.0000	</row1>
				<row2>	0.0000 0.0000 1.0000 0.0000	</row2>
				<row3>	0.0000 0.0000 0.0000 1.0000	</row3>
			</transform>
			<node>
				<identifier>	HP_FX_Death_3	</identifier>
				<transform>
					<row0>	1.0000 0.0000 0.0000 0.0000	</row0>
					<row1>	0.0000 1.0000 0.0000 0.0000	</row1>
					<row2>	0.0000 0.0000 1.0000 0.0000	</row2>
					<row3>	0.0000 0.0000 -3.8068 1.0000	</row3>
				</transform>
			</node>
			<node>
				<identifier>	HP_FX_Fire_4	</identifier>
				<transform>
					<row0>	1.0000 0.0000 0.0000 0.0000	</row0>
					<row1>	0.0000 1.0000 0.0000 0.0000	</row1>
					<row2>	0.0000 0.0000 1.0000 0.0000	</row2>
					<row3>	0.0000 0.2866 -4.0916 1.0000	</row3>
				</transform>
			</node>
			<node>
				<identifier>	HP_FX_Flood_water_left	</identifier>
				<transform>
					<row0>	-0.9921 0.0000 -0.1256 0.0000	</row0>
					<row1>	0.0000 1.0000 0.0000 0.0000	</row1>
					<row2>	0.1256 0.0000 -0.9921 0.0000	</row2>
					<row3>	-0.3486 0.0395 -4.0443 1.0000	</row3>
				</transform>
			</node>
			<node>
				<identifier>	HP_FX_Flood_water_right	</identifier>
				<transform>
					<row0>	0.9973 0.0000 -0.0730 0.0000	</row0>
					<row1>	0.0000 1.0000 0.0000 0.0000	</row1>
					<row2>	0.0730 0.0000 0.9973 0.0000	</row2>
					<row3>	0.3481 0.0400 -4.0444 1.0000	</row3>
				</transform>
			</node>
			<node>
				<identifier>	HP_FX_RepairLight_left_2	</identifier>
				<transform>
					<row0>	-0.0512 0.0000 0.9987 0.0000	</row0>
					<row1>	-0.1237 0.9923 -0.0063 0.0000	</row1>
					<row2>	-0.9910 -0.1239 -0.0509 0.0000	</row2>
					<row3>	-0.4866 0.2789 -3.1968 1.0000	</row3>
				</transform>
			</node>
			<node>
				<identifier>	HP_FX_WakeTraceBack	</identifier>
				<transform>
					<row0>	1.0000 0.0000 0.0000 0.0000	</row0>
					<row1>	0.0000 1.0000 0.0000 0.0000	</row1>
					<row2>	0.0000 0.0000 1.0000 0.0000	</row2>
					<row3>	0.0000 0.0000 -5.6463 1.0000	</row3>
				</transform>
			</node>
			<node>
				<identifier>	HP_FX_WakeTrace_screw_1	</identifier>
				<transform>
					<row0>	1.0000 0.0000 0.0000 0.0000	</row0>
					<row1>	0.0000 1.0000 0.0000 0.0000	</row1>
					<row2>	0.0000 0.0000 1.0000 0.0000	</row2>
					<row3>	-0.2318 -0.2339 -4.9774 1.0000	</row3>
				</transform>
			</node>
			<node>
				<identifier>	HP_FX_WakeTrace_screw_2	</identifier>
				<transform>
					<row0>	1.0000 0.0000 0.0000 0.0000	</row0>
					<row1>	0.0000 1.0000 0.0000 0.0000	</row1>
					<row2>	0.0000 0.0000 1.0000 0.0000	</row2>
					<row3>	0.2318 -0.2339 -4.9774 1.0000	</row3>
				</transform>
			</node>
			<node>
				<identifier>	HP_Ship_death_3	</identifier>
				<transform>
					<row0>	1.0000 0.0000 0.0000 0.0000	</row0>
					<row1>	0.0000 1.0000 0.0000 0.0000	</row1>
					<row2>	0.0000 0.0000 1.0000 0.0000	</row2>
					<row3>	0.0000 0.0000 -3.1816 1.0000	</row3>
				</transform>
			</node>
			<node>
				<identifier>	HP_ZGB_1	</identifier>
				<transform>
					<row0>	0.0000 0.0102 0.9999 0.0000	</row0>
					<row1>	-0.0122 0.9999 -0.0102 0.0000	</row1>
					<row2>	-0.9999 -0.0122 0.0000 0.0000	</row2>
					<row3>	-0.0824 0.2880 -5.0294 1.0000	</row3>
				</transform>
			</node>
			<node>
				<identifier>	HP_ZGB_10	</identifier>
				<transform>
					<row0>	-1.0000 0.0093 0.0000 0.0000	</row0>
					<row1>	0.0092 0.9913 -0.1312 0.0000	</row1>
					<row2>	-0.0012 -0.1312 -0.9914 0.0000	</row2>
					<row3>	0.0749 0.2453 -5.7946 1.0000	</row3>
				</transform>
			</node>
			<node>
				<identifier>	HP_ZGB_2	</identifier>
				<transform>
					<row0>	0.0000 -0.0102 -0.9999 0.0000	</row0>
					<row1>	0.0122 0.9999 -0.0102 0.0000	</row1>
					<row2>	0.9999 -0.0122 0.0000 0.0000	</row2>
					<row3>	0.0824 0.2879 -5.0294 1.0000	</row3>
				</transform>
			</node>
			<node>
				<identifier>	HP_ZGB_3	</identifier>
				<transform>
					<row0>	0.0000 0.0022 1.0000 0.0000	</row0>
					<row1>	-0.0135 0.9999 -0.0022 0.0000	</row1>
					<row2>	-0.9999 -0.0135 0.0000 0.0000	</row2>
					<row3>	-0.1154 0.2865 -5.2952 1.0000	</row3>
				</transform>
			</node>
			<node>
				<identifier>	HP_ZGB_4	</identifier>
				<transform>
					<row0>	0.0000 -0.0022 -1.0000 0.0000	</row0>
					<row1>	0.0135 0.9999 -0.0022 0.0000	</row1>
					<row2>	0.9999 -0.0135 0.0000 0.0000	</row2>
					<row3>	0.1154 0.2861 -5.3168 1.0000	</row3>
				</transform>
			</node>
			<node>
				<identifier>	HP_ZGB_5	</identifier>
				<transform>
					<row0>	-0.1849 0.0000 0.9828 0.0000	</row0>
					<row1>	0.0000 1.0000 0.0000 0.0000	</row1>
					<row2>	-0.9828 0.0000 -0.1849 0.0000	</row2>
					<row3>	-0.2899 0.2884 -5.3390 1.0000	</row3>
				</transform>
			</node>
			<node>
				<identifier>	HP_ZGB_6	</identifier>
				<transform>
					<row0>	-0.1849 0.0000 -0.9828 0.0000	</row0>
					<row1>	0.0000 1.0000 0.0000 0.0000	</row1>
					<row2>	0.9828 0.0000 -0.1849 0.0000	</row2>
					<row3>	0.2899 0.2884 -5.3390 1.0000	</row3>
				</transform>
			</node>
			<node>
				<identifier>	HP_ZGB_7	</identifier>
				<transform>
					<row0>	-0.2294 0.0000 0.9733 0.0000	</row0>
					<row1>	0.0000 1.0000 0.0000 0.0000	</row1>
					<row2>	-0.9733 0.0000 -0.2294 0.0000	</row2>
					<row3>	-0.2557 0.2886 -5.4914 1.0000	</row3>
				</transform>
			</node>
			<node>
				<identifier>	HP_ZGB_8	</identifier>
				<transform>
					<row0>	-0.2294 0.0000 -0.9733 0.0000	</row0>
					<row1>	0.0000 1.0000 0.0000 0.0000	</row1>
					<row2>	0.9733 0.0000 -0.2294 0.0000	</row2>
					<row3>	0.2557 0.2886 -5.4914 1.0000	</row3>
				</transform>
			</node>
			<node>
				<identifier>	HP_ZGB_9	</identifier>
				<transform>
					<row0>	-1.0000 -0.0093 0.0000 0.0000	</row0>
					<row1>	-0.0092 0.9913 -0.1312 0.0000	</row1>
					<row2>	0.0012 -0.1312 -0.9914 0.0000	</row2>
					<row3>	-0.0749 0.2453 -5.7946 1.0000	</row3>
				</transform>
			</node>
			<node>
				<identifier>	MP_CM011_Fire_Fighting_Gear	</identifier>
				<transform>
					<row0>	0.0000 0.0184 0.9998 0.0000	</row0>
					<row1>	0.0000 0.9998 -0.0184 0.0000	</row1>
					<row2>	-1.0000 0.0000 0.0000 0.0000	</row2>
					<row3>	0.0596 0.2936 -4.5301 1.0000	</row3>
				</transform>
			</node>
			<node>
				<identifier>	MP_CM011_Fire_Fighting_Gear_INDEX_1	</identifier>
				<transform>
					<row0>	0.0000 -0.0184 -0.9998 0.0000	</row0>
					<row1>	0.0000 0.9998 -0.0184 0.0000	</row1>
					<row2>	1.0000 0.0000 0.0000 0.0000	</row2>
					<row3>	-0.0596 0.2936 -4.5301 1.0000	</row3>
				</transform>
			</node>
			<node>
				<identifier>	MP_CM077_Propeller_PL_3_R	</identifier>
				<transform>
					<row0>	1.0250 0.0000 0.0000 0.0000	</row0>
					<row1>	0.0000 1.0250 0.0000 0.0000	</row1>
					<row2>	0.0000 0.0000 1.0250 0.0000	</row2>
					<row3>	0.0000 -0.1996 -5.0669 1.0000	</row3>
				</transform>
			</node>
			<node>
				<identifier>	MP_CM137_Anchor_Up	</identifier>
				<transform>
					<row0>	-0.6050 0.0000 0.0000 0.0000	</row0>
					<row1>	0.0000 0.3762 0.4950 0.0000	</row1>
					<row2>	0.0000 0.4817 -0.3661 0.0000	</row2>
					<row3>	-0.0003 0.1125 -5.8700 1.0000	</row3>
				</transform>
			</node>
			<node>
				<identifier>	MP_CM138_Anchor_Bottom	</identifier>
				<transform>
					<row0>	-0.6223 0.0000 0.0000 0.0000	</row0>
					<row1>	0.0000 0.6210 -0.0403 0.0000	</row1>
					<row2>	0.0000 -0.0403 -0.6210 0.0000	</row2>
					<row3>	0.0000 0.1061 -5.8698 1.0000	</row3>
				</transform>
			</node>
			<node>
				<identifier>	MP_CM161_Propeller_4_8m_BB_R	</identifier>
				<transform>
					<row0>	0.8199 0.0000 0.0156 0.0000	</row0>
					<row1>	0.0000 0.8200 0.0000 0.0000	</row1>
					<row2>	-0.0156 0.0000 0.8199 0.0000	</row2>
					<row3>	0.2318 -0.2339 -4.9774 1.0000	</row3>
				</transform>
			</node>
			<node>
				<identifier>	MP_CM162_Propeller_4_8m_BB_L	</identifier>
				<transform>
					<row0>	0.8199 0.0000 -0.0156 0.0000	</row0>
					<row1>	0.0000 0.8200 0.0000 0.0000	</row1>
					<row2>	0.0156 0.0000 0.8199 0.0000	</row2>
					<row3>	-0.2318 -0.2339 -4.9774 1.0000	</row3>
				</transform>
			</node>
			<node>
				<identifier>	MP_ZM004_Basket_Rope	</identifier>
				<transform>
					<row0>	0.9923 -0.0534 -0.1114 0.0000	</row0>
					<row1>	0.0530 0.9986 -0.0066 0.0000	</row1>
					<row2>	0.1116 0.0006 0.9937 0.0000	</row2>
					<row3>	0.4504 0.2814 -3.3388 1.0000	</row3>
				</transform>
			</node>
			<node>
				<identifier>	MP_ZM004_Basket_Rope_INDEX_1	</identifier>
				<transform>
					<row0>	0.9923 0.0534 0.1114 0.0000	</row0>
					<row1>	-0.0530 0.9986 -0.0066 0.0000	</row1>
					<row2>	-0.1116 0.0006 0.9937 0.0000	</row2>
					<row3>	-0.4504 0.2814 -3.3388 1.0000	</row3>
				</transform>
			</node>
			<node>
				<identifier>	MP_ZM014_Screen_Smoke_DA2	</identifier>
				<transform>
					<row0>	-0.1372 -0.0063 0.9905 0.0000	</row0>
					<row1>	-0.0126 0.9999 0.0046 0.0000	</row1>
					<row2>	-0.9905 -0.0118 -0.1373 0.0000	</row2>
					<row3>	-0.3380 0.2807 -4.8685 1.0000	</row3>
				</transform>
			</node>
			<node>
				<identifier>	MP_ZM014_Screen_Smoke_DA2_INDEX_1	</identifier>
				<transform>
					<row0>	-0.1372 0.0063 -0.9905 0.0000	</row0>
					<row1>	0.0126 0.9999 0.0046 0.0000	</row1>
					<row2>	0.9905 -0.0118 -0.1373 0.0000	</row2>
					<row3>	0.3380 0.2807 -4.8685 1.0000	</row3>
				</transform>
			</node>
			<node>
				<identifier>	MP_ZM059_Reels	</identifier>
				<transform>
					<row0>	0.0003 0.0098 1.1000 0.0000	</row0>
					<row1>	-0.0277 1.0996 -0.0098 0.0000	</row1>
					<row2>	-1.0997 -0.0277 0.0005 0.0000	</row2>
					<row3>	-0.0825 0.2953 -3.3489 1.0000	</row3>
				</transform>
			</node>
			<node>
				<identifier>	MP_ZM059_Reels_INDEX_1	</identifier>
				<transform>
					<row0>	0.0003 -0.0098 -1.1000 0.0000	</row0>
					<row1>	0.0277 1.0996 -0.0098 0.0000	</row1>
					<row2>	1.0997 -0.0277 0.0005 0.0000	</row2>
					<row3>	0.0825 0.2953 -3.3489 1.0000	</row3>
				</transform>
			</node>
			<node>
				<identifier>	MP_ZM091_Emblem	</identifier>
				<transform>
					<row0>	1.0000 0.0000 0.0000 0.0000	</row0>
					<row1>	0.0000 1.0000 0.0000 0.0000	</row1>
					<row2>	0.0000 0.0000 1.0000 0.0000	</row2>
					<row3>	0.0000 0.0000 0.0000 1.0000	</row3>
				</transform>
			</node>
			<node>
				<identifier>	MP_ZM102_Life_Buoy	</identifier>
				<transform>
					<row0>	0.0945 0.0000 -0.9955 0.0000	</row0>
					<row1>	0.0000 1.0000 0.0000 0.0000	</row1>
					<row2>	0.9955 0.0000 0.0945 0.0000	</row2>
					<row3>	-0.3757 0.3551 -4.7178 1.0000	</row3>
				</transform>
			</node>
			<node>
				<identifier>	MP_ZM102_Life_Buoy_INDEX_1	</identifier>
				<transform>
					<row0>	0.0945 0.0000 0.9955 0.0000	</row0>
					<row1>	0.0000 1.0000 0.0000 0.0000	</row1>
					<row2>	-0.9955 0.0000 0.0945 0.0000	</row2>
					<row3>	0.3757 0.3551 -4.7178 1.0000	</row3>
				</transform>
			</node>
			<node>
				<identifier>	MP_ZM105_Depth_Charge_BM1	</identifier>
				<transform>
					<row0>	0.9729 -0.0635 -0.2222 0.0000	</row0>
					<row1>	0.0625 0.9980 -0.0115 0.0000	</row1>
					<row2>	0.2224 -0.0027 0.9749 0.0000	</row2>
					<row3>	0.2560 0.2806 -5.4311 1.0000	</row3>
				</transform>
			</node>
			<node>
				<identifier>	MP_ZM105_Depth_Charge_BM1_INDEX_1	</identifier>
				<transform>
					<row0>	0.9823 -0.0379 -0.1833 0.0000	</row0>
					<row1>	0.0368 0.9993 -0.0090 0.0000	</row1>
					<row2>	0.1835 0.0021 0.9830 0.0000	</row2>
					<row3>	0.2916 0.2807 -5.2305 1.0000	</row3>
				</transform>
			</node>
			<node>
				<identifier>	MP_ZM105_Depth_Charge_BM1_INDEX_10	</identifier>
				<transform>
					<row0>	0.9823 0.0379 0.1833 0.0000	</row0>
					<row1>	-0.0368 0.9993 -0.0090 0.0000	</row1>
					<row2>	-0.1835 0.0021 0.9830 0.0000	</row2>
					<row3>	-0.2875 0.2807 -5.2517 1.0000	</row3>
				</transform>
			</node>
			<node>
				<identifier>	MP_ZM105_Depth_Charge_BM1_INDEX_11	</identifier>
				<transform>
					<row0>	0.9729 -0.0635 -0.2222 0.0000	</row0>
					<row1>	0.0625 0.9980 -0.0115 0.0000	</row1>
					<row2>	0.2224 -0.0027 0.9749 0.0000	</row2>
					<row3>	0.2605 0.2805 -5.4101 1.0000	</row3>
				</transform>
			</node>
			<node>
				<identifier>	MP_ZM105_Depth_Charge_BM1_INDEX_2	</identifier>
				<transform>
					<row0>	0.9729 0.0635 0.2222 0.0000	</row0>
					<row1>	-0.0625 0.9980 -0.0115 0.0000	</row1>
					<row2>	-0.2224 -0.0027 0.9749 0.0000	</row2>
					<row3>	-0.2560 0.2806 -5.4311 1.0000	</row3>
				</transform>
			</node>
			<node>
				<identifier>	MP_ZM105_Depth_Charge_BM1_INDEX_3	</identifier>
				<transform>
					<row0>	0.9729 0.0635 0.2222 0.0000	</row0>
					<row1>	-0.0625 0.9980 -0.0115 0.0000	</row1>
					<row2>	-0.2224 -0.0027 0.9749 0.0000	</row2>
					<row3>	-0.2653 0.2805 -5.3898 1.0000	</row3>
				</transform>
			</node>
			<node>
				<identifier>	MP_ZM105_Depth_Charge_BM1_INDEX_4	</identifier>
				<transform>
					<row0>	0.9823 0.0379 0.1833 0.0000	</row0>
					<row1>	-0.0368 0.9993 -0.0090 0.0000	</row1>
					<row2>	-0.1835 0.0021 0.9830 0.0000	</row2>
					<row3>	-0.2916 0.2807 -5.2305 1.0000	</row3>
				</transform>
			</node>
			<node>
				<identifier>	MP_ZM105_Depth_Charge_BM1_INDEX_5	</identifier>
				<transform>
					<row0>	0.9729 -0.0635 -0.2222 0.0000	</row0>
					<row1>	0.0625 0.9980 -0.0115 0.0000	</row1>
					<row2>	0.2224 -0.0027 0.9749 0.0000	</row2>
					<row3>	0.2653 0.2805 -5.3898 1.0000	</row3>
				</transform>
			</node>
			<node>
				<identifier>	MP_ZM105_Depth_Charge_BM1_INDEX_6	</identifier>
				<transform>
					<row0>	0.9729 0.0635 0.2222 0.0000	</row0>
					<row1>	-0.0625 0.9980 -0.0115 0.0000	</row1>
					<row2>	-0.2224 -0.0027 0.9749 0.0000	</row2>
					<row3>	-0.2605 0.2805 -5.4101 1.0000	</row3>
				</transform>
			</node>
			<node>
				<identifier>	MP_ZM105_Depth_Charge_BM1_INDEX_7	</identifier>
				<transform>
					<row0>	0.9823 -0.0379 -0.1833 0.0000	</row0>
					<row1>	0.0368 0.9993 -0.0090 0.0000	</row1>
					<row2>	0.1835 0.0021 0.9830 0.0000	</row2>
					<row3>	0.2875 0.2807 -5.2517 1.0000	</row3>
				</transform>
			</node>
			<node>
				<identifier>	MP_ZM105_Depth_Charge_BM1_INDEX_8	</identifier>
				<transform>
					<row0>	0.9823 -0.0379 -0.1833 0.0000	</row0>
					<row1>	0.0368 0.9993 -0.0090 0.0000	</row1>
					<row2>	0.1835 0.0021 0.9830 0.0000	</row2>
					<row3>	0.2838 0.2807 -5.2724 1.0000	</row3>
				</transform>
			</node>
			<node>
				<identifier>	MP_ZM105_Depth_Charge_BM1_INDEX_9	</identifier>
				<transform>
					<row0>	0.9823 0.0379 0.1833 0.0000	</row0>
					<row1>	-0.0368 0.9993 -0.0090 0.0000	</row1>
					<row2>	-0.1835 0.0021 0.9830 0.0000	</row2>
					<row3>	-0.2838 0.2807 -5.2724 1.0000	</row3>
				</transform>
			</node>
			<node>
				<identifier>	MP_ZM108_Depth_Charge_Loading_Rack_BMB2_R	</identifier>
				<transform>
					<row0>	0.9999 0.0132 0.0000 0.0000	</row0>
					<row1>	-0.0132 0.9999 0.0000 0.0000	</row1>
					<row2>	0.0000 0.0000 1.0000 0.0000	</row2>
					<row3>	-0.0943 0.2896 -5.1560 1.0000	</row3>
				</transform>
			</node>
			<node>
				<identifier>	MP_ZM108_Depth_Charge_Loading_Rack_BMB2_R_INDEX_1	</identifier>
				<transform>
					<row0>	0.9999 -0.0132 0.0000 0.0000	</row0>
					<row1>	0.0132 0.9999 0.0000 0.0000	</row1>
					<row2>	0.0000 0.0000 1.0000 0.0000	</row2>
					<row3>	0.0943 0.2896 -5.1560 1.0000	</row3>
				</transform>
			</node>
			<node>
				<identifier>	MP_ZM110_GMZ	</identifier>
				<transform>
					<row0>	0.0000 0.0000 -1.0000 0.0000	</row0>
					<row1>	0.0238 0.9997 0.0000 0.0000	</row1>
					<row2>	0.9997 -0.0238 0.0000 0.0000	</row2>
					<row3>	0.0955 0.2973 -3.4667 1.0000	</row3>
				</transform>
			</node>
			<node>
				<identifier>	MP_ZM110_GMZ_INDEX_1	</identifier>
				<transform>
					<row0>	0.0000 0.0000 1.0000 0.0000	</row0>
					<row1>	-0.0238 0.9997 0.0000 0.0000	</row1>
					<row2>	-0.9997 -0.0238 0.0000 0.0000	</row2>
					<row3>	-0.0955 0.2973 -3.4667 1.0000	</row3>
				</transform>
			</node>
			<node>
				<identifier>	MP_ZM135_Screened_speed_light	</identifier>
				<transform>
					<row0>	-1.0000 0.0000 0.0000 0.0000	</row0>
					<row1>	0.0000 1.0000 0.0000 0.0000	</row1>
					<row2>	0.0000 0.0000 -1.0000 0.0000	</row2>
					<row3>	0.0000 0.4560 -5.9147 1.0000	</row3>
				</transform>
			</node>
			<node>
				<identifier>	MP_ZM2957_Platform_over_Anchor	</identifier>
				<transform>
					<row0>	1.2000 0.0000 0.0000 0.0000	</row0>
					<row1>	0.0000 1.2000 -0.0056 0.0000	</row1>
					<row2>	0.0000 0.0056 1.2000 0.0000	</row2>
					<row3>	0.0000 0.2871 -5.6740 1.0000	</row3>
				</transform>
			</node>
			<node>
				<identifier>	MP_ZM500_Yawl_20ft	</identifier>
				<transform>
					<row0>	0.9956 0.0000 0.0934 0.0000	</row0>
					<row1>	0.0000 1.0000 0.0000 0.0000	</row1>
					<row2>	-0.0934 0.0000 0.9956 0.0000	</row2>
					<row3>	-0.3552 0.3142 -4.1857 1.0000	</row3>
				</transform>
			</node>
			<node>
				<identifier>	MP_ZM500_Yawl_20ft_INDEX_1	</identifier>
				<transform>
					<row0>	0.9956 0.0000 -0.0934 0.0000	</row0>
					<row1>	0.0000 1.0000 0.0000 0.0000	</row1>
					<row2>	0.0934 0.0000 0.9956 0.0000	</row2>
					<row3>	0.3552 0.3142 -4.1857 1.0000	</row3>
				</transform>
			</node>
			<node>
				<identifier>	MP_ZM541_Lifeboat_SPS18	</identifier>
				<transform>
					<row0>	0.0000 0.0000 -1.0000 0.0000	</row0>
					<row1>	0.0000 1.0000 0.0000 0.0000	</row1>
					<row2>	1.0000 0.0000 0.0000 0.0000	</row2>
					<row3>	0.0000 0.3270 -4.2725 1.0000	</row3>
				</transform>
			</node>
			<node>
				<identifier>	MP_ZM541_Lifeboat_SPS18_INDEX_1	</identifier>
				<transform>
					<row0>	0.0000 0.0000 -1.0000 0.0000	</row0>
					<row1>	0.0000 1.0000 0.0000 0.0000	</row1>
					<row2>	1.0000 0.0000 0.0000 0.0000	</row2>
					<row3>	0.0000 0.2936 -4.2725 1.0000	</row3>
				</transform>
			</node>
			<node>
				<identifier>	MP_ZM754_Hatch	</identifier>
				<transform>
					<row0>	0.8999 0.0125 -0.0026 0.0000	</row0>
					<row1>	-0.0125 0.8999 -0.0026 0.0000	</row1>
					<row2>	0.0025 0.0026 0.9000 0.0000	</row2>
					<row3>	-0.0672 0.2941 -3.6364 1.0000	</row3>
				</transform>
			</node>
			<node>
				<identifier>	MP_ZM754_Hatch_INDEX_1	</identifier>
				<transform>
					<row0>	0.8999 -0.0125 0.0026 0.0000	</row0>
					<row1>	0.0125 0.8999 -0.0026 0.0000	</row1>
					<row2>	-0.0025 0.0026 0.9000 0.0000	</row2>
					<row3>	0.0672 0.2941 -3.6364 1.0000	</row3>
				</transform>
			</node>
			<node>
				<identifier>	MP_ZM774_Hatch	</identifier>
				<transform>
					<row0>	-0.9996 -0.0279 0.0015 0.0000	</row0>
					<row1>	-0.0279 0.9996 -0.0016 0.0000	</row1>
					<row2>	-0.0014 -0.0016 -1.0000 0.0000	</row2>
					<row3>	-0.1409 0.2844 -5.3847 1.0000	</row3>
				</transform>
			</node>
			<node>
				<identifier>	MP_ZM774_Hatch_INDEX_1	</identifier>
				<transform>
					<row0>	-0.9999 0.0119 0.0000 0.0000	</row0>
					<row1>	0.0119 0.9996 -0.0253 0.0000	</row1>
					<row2>	-0.0003 -0.0253 -0.9997 0.0000	</row2>
					<row3>	-0.0003 0.2919 -4.5507 1.0000	</row3>
				</transform>
			</node>
			<node>
				<identifier>	MP_ZM810_Ventilation_mushroom	</identifier>
				<transform>
					<row0>	0.7000 0.0000 0.0000 0.0000	</row0>
					<row1>	0.0000 0.7000 0.0000 0.0000	</row1>
					<row2>	0.0000 0.0000 0.7000 0.0000	</row2>
					<row3>	-0.1175 0.2925 -3.7339 1.0000	</row3>
				</transform>
			</node>
			<node>
				<identifier>	MP_ZM810_Ventilation_mushroom_INDEX_1	</identifier>
				<transform>
					<row0>	0.7000 0.0000 0.0000 0.0000	</row0>
					<row1>	0.0000 0.7000 0.0000 0.0000	</row1>
					<row2>	0.0000 0.0000 0.7000 0.0000	</row2>
					<row3>	0.1336 0.2915 -3.7672 1.0000	</row3>
				</transform>
			</node>
			<node>
				<identifier>	MP_ZM810_Ventilation_mushroom_INDEX_2	</identifier>
				<transform>
					<row0>	0.7000 0.0000 0.0000 0.0000	</row0>
					<row1>	0.0000 0.7000 0.0000 0.0000	</row1>
					<row2>	0.0000 0.0000 0.7000 0.0000	</row2>
					<row3>	-0.0586 0.2907 -4.6576 1.0000	</row3>
				</transform>
			</node>
			<node>
				<identifier>	MP_ZM852_Running_Lights_B	</identifier>
				<transform>
					<row0>	-2.2000 0.0000 0.0000 0.0000	</row0>
					<row1>	0.0000 2.2000 0.0000 0.0000	</row1>
					<row2>	0.0000 0.0000 -2.2000 0.0000	</row2>
					<row3>	0.0000 0.4021 -5.9138 1.0000	</row3>
				</transform>
			</node>
			<node>
				<identifier>	MP_ZM857_Signal_Lamp	</identifier>
				<transform>
					<row0>	-1.2000 0.0000 0.0000 0.0000	</row0>
					<row1>	0.0000 1.2000 0.0000 0.0000	</row1>
					<row2>	0.0000 0.0000 -1.2000 0.0000	</row2>
					<row3>	0.0000 0.7350 -5.9487 1.0000	</row3>
				</transform>
			</node>
			<node>
				<identifier>	MP_ZM915_Davit	</identifier>
				<transform>
					<row0>	0.9939 0.0000 0.1102 0.0000	</row0>
					<row1>	0.0000 1.0000 -0.0011 0.0000	</row1>
					<row2>	-0.1102 0.0011 0.9939 0.0000	</row2>
					<row3>	-0.4206 0.2876 -4.4182 1.0000	</row3>
				</transform>
			</node>
			<node>
				<identifier>	MP_ZM915_Davit_INDEX_1	</identifier>
				<transform>
					<row0>	0.9939 0.0000 -0.1102 0.0000	</row0>
					<row1>	0.0000 1.0000 -0.0011 0.0000	</row1>
					<row2>	0.1102 0.0011 0.9939 0.0000	</row2>
					<row3>	0.4206 0.2876 -4.4182 1.0000	</row3>
				</transform>
			</node>
			<node>
				<identifier>	MP_ZM915_Davit_INDEX_2	</identifier>
				<transform>
					<row0>	0.9939 0.0000 -0.1106 0.0000	</row0>
					<row1>	0.0000 1.0000 -0.0011 0.0000	</row1>
					<row2>	0.1106 0.0011 0.9939 0.0000	</row2>
					<row3>	0.4560 0.2873 -4.0172 1.0000	</row3>
				</transform>
			</node>
			<node>
				<identifier>	MP_ZM915_Davit_INDEX_3	</identifier>
				<transform>
					<row0>	0.9939 0.0000 0.1106 0.0000	</row0>
					<row1>	0.0000 1.0000 -0.0011 0.0000	</row1>
					<row2>	-0.1106 0.0011 0.9939 0.0000	</row2>
					<row3>	-0.4560 0.2887 -4.0172 1.0000	</row3>
				</transform>
			</node>
			<node>
				<identifier>	MP_ZM950_Bollard	</identifier>
				<transform>
					<row0>	1.5934 0.0767 0.1234 0.0000	</row0>
					<row1>	-0.0763 1.5982 -0.0083 0.0000	</row1>
					<row2>	-0.1237 0.0024 1.5952 0.0000	</row2>
					<row3>	-0.2542 0.2788 -3.9671 1.0000	</row3>
				</transform>
			</node>
			<node>
				<identifier>	MP_ZM950_Bollard_INDEX_1	</identifier>
				<transform>
					<row0>	1.5934 -0.0767 -0.1234 0.0000	</row0>
					<row1>	0.0763 1.5982 -0.0083 0.0000	</row1>
					<row2>	0.1237 0.0024 1.5952 0.0000	</row2>
					<row3>	0.2542 0.2788 -3.9671 1.0000	</row3>
				</transform>
			</node>
			<node>
				<identifier>	MP_ZM951_Fairlead	</identifier>
				<transform>
					<row0>	1.2780 -0.0487 -0.2330 0.0000	</row0>
					<row1>	0.0495 1.2991 0.0000 0.0000	</row1>
					<row2>	0.2329 -0.0089 1.2789 0.0000	</row2>
					<row3>	0.3100 0.2842 -5.1493 1.0000	</row3>
				</transform>
			</node>
			<node>
				<identifier>	MP_ZM951_Fairlead_INDEX_1	</identifier>
				<transform>
					<row0>	1.2958 0.0647 0.0823 0.0000	</row0>
					<row1>	-0.0648 1.2984 0.0000 0.0000	</row1>
					<row2>	-0.0822 -0.0041 1.2974 0.0000	</row2>
					<row3>	-0.4333 0.2846 -3.8489 1.0000	</row3>
				</transform>
			</node>
			<node>
				<identifier>	MP_ZM951_Fairlead_INDEX_2	</identifier>
				<transform>
					<row0>	1.2958 -0.0647 -0.0823 0.0000	</row0>
					<row1>	0.0648 1.2984 0.0000 0.0000	</row1>
					<row2>	0.0822 -0.0041 1.2974 0.0000	</row2>
					<row3>	0.4333 0.2846 -3.8489 1.0000	</row3>
				</transform>
			</node>
			<node>
				<identifier>	MP_ZM951_Fairlead_INDEX_3	</identifier>
				<transform>
					<row0>	1.2780 0.0487 0.2330 0.0000	</row0>
					<row1>	-0.0495 1.2991 0.0000 0.0000	</row1>
					<row2>	-0.2329 -0.0089 1.2789 0.0000	</row2>
					<row3>	-0.3100 0.2842 -5.1493 1.0000	</row3>
				</transform>
			</node>
			<node>
				<identifier>	MP_ZM980_Anchor_Capstan_Stern	</identifier>
				<transform>
					<row0>	1.0000 0.0000 0.0000 0.0000	</row0>
					<row1>	0.0000 1.0000 0.0000 0.0000	</row1>
					<row2>	0.0000 0.0000 1.0000 0.0000	</row2>
					<row3>	0.0000 0.2922 -4.9017 1.0000	</row3>
				</transform>
			</node>
			<node>
				<identifier>	SP_YMS011_YHWL_M_1_INDEX_14	</identifier>
				<transform>
					<row0>	-0.8993 0.4276 0.0912 0.0000	</row0>
					<row1>	0.4253 0.9040 -0.0445 0.0000	</row1>
					<row2>	-0.1015 -0.0013 -0.9948 0.0000	</row2>
					<row3>	0.4219 -0.0072 -3.2914 1.0000	</row3>
				</transform>
			</node>
			<node>
				<identifier>	SP_YMS011_YHWL_M_1_INDEX_17	</identifier>
				<transform>
					<row0>	0.8795 0.4674 0.0891 0.0000	</row0>
					<row1>	0.4649 -0.8840 0.0486 0.0000	</row1>
					<row2>	0.1015 -0.0013 -0.9948 0.0000	</row2>
					<row3>	-0.4219 -0.0072 -3.2914 1.0000	</row3>
				</transform>
			</node>
			<node>
				<identifier>	SP_YMS011_YHWL_M_1_INDEX_18	</identifier>
				<transform>
					<row0>	0.7820 0.6141 0.1065 0.0000	</row0>
					<row1>	0.6081 -0.7892 0.0857 0.0000	</row1>
					<row2>	0.1367 -0.0022 -0.9906 0.0000	</row2>
					<row3>	-0.3161 -0.0079 -4.1335 1.0000	</row3>
				</transform>
			</node>
			<node>
				<identifier>	SP_YMS011_YHWL_M_1_INDEX_21	</identifier>
				<transform>
					<row0>	0.6354 0.5645 0.1163 0.0000	</row0>
					<row1>	0.5546 -0.6460 0.1052 0.0000	</row1>
					<row2>	0.1568 -0.0027 -0.8434 0.0000	</row2>
					<row3>	-0.1938 -0.0023 -4.9080 1.0000	</row3>
				</transform>
			</node>
			<node>
				<identifier>	SP_YMS011_YHWL_M_1_INDEX_5	</identifier>
				<transform>
					<row0>	-0.8083 0.5784 0.1102 0.0000	</row0>
					<row1>	0.5727 0.8158 -0.0809 0.0000	</row1>
					<row2>	-0.1367 -0.0022 -0.9906 0.0000	</row2>
					<row3>	0.3161 -0.0079 -4.1335 1.0000	</row3>
				</transform>
			</node>
			<node>
				<identifier>	SP_YMS011_YHWL_M_1_INDEX_7	</identifier>
				<transform>
					<row0>	-0.6595 0.5352 0.1208 0.0000	</row0>
					<row1>	0.5258 0.6705 -0.0999 0.0000	</row1>
					<row2>	-0.1568 -0.0027 -0.8434 0.0000	</row2>
					<row3>	0.1938 -0.0023 -4.9080 1.0000	</row3>
				</transform>
			</node>
			<node>
				<identifier>	SP_YMS023_YHUC_L_1	</identifier>
				<transform>
					<row0>	0.7871 0.0000 -0.0245 0.0000	</row0>
					<row1>	-0.0004 0.7874 -0.0128 0.0000	</row1>
					<row2>	0.0245 0.0128 0.7870 0.0000	</row2>
					<row3>	-0.2316 -0.2339 -4.9769 1.0000	</row3>
				</transform>
			</node>
			<node>
				<identifier>	SP_YMS023_YHUC_L_1_INDEX_1	</identifier>
				<transform>
					<row0>	0.7871 0.0000 0.0245 0.0000	</row0>
					<row1>	0.0004 0.7874 -0.0128 0.0000	</row1>
					<row2>	-0.0245 0.0128 0.7870 0.0000	</row2>
					<row3>	0.2316 -0.2339 -4.9769 1.0000	</row3>
				</transform>
			</node>
			<node>
				<identifier>	SP_YMS030_YHAM_M_1	</identifier>
				<transform>
					<row0>	0.4999 0.0000 0.0000 0.0000	</row0>
					<row1>	0.0000 0.4999 0.0000 0.0000	</row1>
					<row2>	0.0000 0.0000 0.4999 0.0000	</row2>
					<row3>	0.0000 0.1240 -5.8790 1.0000	</row3>
				</transform>
			</node>
			<node>
				<identifier>	SP_YMS031_YHAL_M_1	</identifier>
				<transform>
					<row0>	0.5475 0.2911 0.1112 0.0000	</row0>
					<row1>	-0.2757 0.5573 -0.1014 0.0000	</row1>
					<row2>	-0.1452 0.0394 0.6118 0.0000	</row2>
					<row3>	-0.1614 0.1635 -5.6973 1.0000	</row3>
				</transform>
			</node>
			<node>
				<identifier>	SP_YMS032_YHAR_M_1	</identifier>
				<transform>
					<row0>	0.5480 -0.2914 -0.1082 0.0000	</row0>
					<row1>	0.2762 0.5571 -0.1015 0.0000	</row1>
					<row2>	0.1426 0.0408 0.6123 0.0000	</row2>
					<row3>	0.1667 0.1635 -5.6974 1.0000	</row3>
				</transform>
			</node>
			<node>
				<identifier>	SP_YMS041_YHCS_M_1	</identifier>
				<transform>
					<row0>	-0.9939 0.0000 0.1101 0.0000	</row0>
					<row1>	0.0000 1.0000 0.0000 0.0000	</row1>
					<row2>	-0.1101 0.0000 -0.9939 0.0000	</row2>
					<row3>	0.3551 0.3527 -4.1834 1.0000	</row3>
				</transform>
			</node>
			<node>
				<identifier>	SP_YMS041_YHCS_M_1_INDEX_3	</identifier>
				<transform>
					<row0>	-0.9939 0.0000 -0.1101 0.0000	</row0>
					<row1>	0.0000 1.0000 0.0000 0.0000	</row1>
					<row2>	0.1101 0.0000 -0.9939 0.0000	</row2>
					<row3>	-0.3582 0.3527 -4.1834 1.0000	</row3>
				</transform>
			</node>
			<node>
				<identifier>	SP_YMS053_YHDC_S_1	</identifier>
				<transform>
					<row0>	1.0000 0.0000 0.0000 0.0000	</row0>
					<row1>	0.0000 1.0000 0.0000 0.0000	</row1>
					<row2>	0.0000 0.0000 1.0000 0.0000	</row2>
					<row3>	-0.0045 0.3035 -5.3511 1.0000	</row3>
				</transform>
			</node>
			<node>
				<identifier>	SP_YMS053_YHDC_S_1_INDEX_1	</identifier>
				<transform>
					<row0>	1.0000 0.0000 0.0000 0.0000	</row0>
					<row1>	0.0000 1.0000 0.0000 0.0000	</row1>
					<row2>	0.0000 0.0000 1.0000 0.0000	</row2>
					<row3>	0.0000 0.3096 -4.4157 1.0000	</row3>
				</transform>
			</node>
			<node>
				<identifier>	SP_YMS053_YHDC_S_1_INDEX_4	</identifier>
				<transform>
					<row0>	0.0000 0.0000 1.0000 0.0000	</row0>
					<row1>	0.0000 1.0000 0.0000 0.0000	</row1>
					<row2>	-1.0000 0.0000 0.0000 0.0000	</row2>
					<row3>	-0.1456 0.3106 -3.2161 1.0000	</row3>
				</transform>
			</node>
			<node>
				<identifier>	SP_YMS053_YHDC_S_1_INDEX_5	</identifier>
				<transform>
					<row0>	0.0000 0.0000 -1.0000 0.0000	</row0>
					<row1>	0.0000 1.0000 0.0000 0.0000	</row1>
					<row2>	1.0000 0.0000 0.0000 0.0000	</row2>
					<row3>	0.1456 0.3106 -3.2161 1.0000	</row3>
				</transform>
			</node>
			<node>
				<identifier>	SP_YMS080_YHSL_M_1_INDEX_1	</identifier>
				<transform>
					<row0>	0.5783 0.3569 0.1134 0.0000	</row0>
					<row1>	-0.3499 0.5893 -0.0707 0.0000	</row1>
					<row2>	-0.1336 0.0017 0.6759 0.0000	</row2>
					<row3>	-0.2497 0.1803 -5.1527 1.0000	</row3>
				</transform>
			</node>
			<node>
				<identifier>	SP_YMS081_YHSR_M_1_INDEX_1	</identifier>
				<transform>
					<row0>	0.5787 -0.3572 -0.1134 0.0000	</row0>
					<row1>	0.3501 0.5897 -0.0707 0.0000	</row1>
					<row2>	0.1337 0.0017 0.6764 0.0000	</row2>
					<row3>	0.2493 0.1803 -5.1531 1.0000	</row3>
				</transform>
			</node>
			<node>
				<identifier>	SP_YMS083_YHSC_L_1_INDEX_5	</identifier>
				<transform>
					<row0>	0.0380 -0.0104 0.6571 0.0000	</row0>
					<row1>	0.1119 0.6487 0.0038 0.0000	</row1>
					<row2>	-0.6476 0.1115 0.0392 0.0000	</row2>
					<row3>	0.4692 0.2808 -3.4690 1.0000	</row3>
				</transform>
			</node>
		</node>
	</node>
	<boundingBox>
		<min>	-0.0667 -0.0667 -0.0667	</min>
		<max>	0.0667 0.0667 0.0667	</max>
	</boundingBox>
</ZSC014_Dalian_1952_Stern_ports.visual>
