<GSC046_Schill_1939_MidBack_ports.visual>
	<node>
		<identifier>	Scene Root	</identifier>
		<transform>
			<row0>	1.0000 0.0000 0.0000 0.0000	</row0>
			<row1>	0.0000 1.0000 0.0000 0.0000	</row1>
			<row2>	0.0000 0.0000 1.0000 0.0000	</row2>
			<row3>	0.0000 0.0000 0.0000 1.0000	</row3>
		</transform>
		<node>
			<identifier>	MidBack_ports	</identifier>
			<transform>
				<row0>	1.0000 0.0000 0.0000 0.0000	</row0>
				<row1>	0.0000 1.0000 0.0000 0.0000	</row1>
				<row2>	0.0000 0.0000 1.0000 0.0000	</row2>
				<row3>	0.0000 0.0000 0.0000 1.0000	</row3>
			</transform>
			<node>
				<identifier>	HP_FX_Death_3	</identifier>
				<transform>
					<row0>	1.0000 0.0000 0.0000 0.0000	</row0>
					<row1>	0.0000 1.0000 0.0000 0.0000	</row1>
					<row2>	0.0000 0.0000 1.0000 0.0000	</row2>
					<row3>	0.0000 0.0000 -4.1538 1.0000	</row3>
				</transform>
			</node>
			<node>
				<identifier>	HP_FX_Fire_3	</identifier>
				<transform>
					<row0>	1.0000 0.0000 0.0000 0.0000	</row0>
					<row1>	0.0000 1.0000 0.0000 0.0000	</row1>
					<row2>	0.0000 0.0000 1.0000 0.0000	</row2>
					<row3>	0.0000 0.7817 -2.3243 1.0000	</row3>
				</transform>
			</node>
			<node>
				<identifier>	HP_FX_Fire_3_side_1	</identifier>
				<transform>
					<row0>	1.0000 0.0000 0.0000 0.0000	</row0>
					<row1>	0.0000 1.0000 0.0000 0.0000	</row1>
					<row2>	0.0000 0.0000 1.0000 0.0000	</row2>
					<row3>	0.6406 0.3099 -1.7489 1.0000	</row3>
				</transform>
			</node>
			<node>
				<identifier>	HP_FX_Fire_3_side_2	</identifier>
				<transform>
					<row0>	1.0000 0.0000 0.0000 0.0000	</row0>
					<row1>	0.0000 1.0000 0.0000 0.0000	</row1>
					<row2>	0.0000 0.0000 1.0000 0.0000	</row2>
					<row3>	-0.5640 0.3129 -3.3238 1.0000	</row3>
				</transform>
			</node>
			<node>
				<identifier>	HP_FX_FloodLight_left_1	</identifier>
				<transform>
					<row0>	-1.0000 0.0000 0.0000 0.0000	</row0>
					<row1>	0.0000 1.0000 0.0000 0.0000	</row1>
					<row2>	0.0000 0.0000 -1.0000 0.0000	</row2>
					<row3>	-0.3808 0.4266 -1.9209 1.0000	</row3>
				</transform>
			</node>
			<node>
				<identifier>	HP_FX_FloodLight_right_1	</identifier>
				<transform>
					<row0>	1.0000 0.0000 0.0000 0.0000	</row0>
					<row1>	0.0000 1.0000 0.0000 0.0000	</row1>
					<row2>	0.0000 0.0000 1.0000 0.0000	</row2>
					<row3>	0.3821 0.4248 -1.9243 1.0000	</row3>
				</transform>
			</node>
			<node>
				<identifier>	HP_FX_Flood_steam_right	</identifier>
				<transform>
					<row0>	0.9975 0.0000 -0.0704 0.0000	</row0>
					<row1>	0.0000 1.0000 0.0000 0.0000	</row1>
					<row2>	0.0704 0.0000 0.9975 0.0000	</row2>
					<row3>	0.7153 0.2541 -3.0349 1.0000	</row3>
				</transform>
			</node>
			<node>
				<identifier>	HP_FX_Flood_water_left_0	</identifier>
				<transform>
					<row0>	-0.9823 0.0000 -0.1875 0.0000	</row0>
					<row1>	0.0000 1.0000 0.0000 0.0000	</row1>
					<row2>	0.1875 0.0000 -0.9823 0.0000	</row2>
					<row3>	-0.4858 0.0519 -5.4359 1.0000	</row3>
				</transform>
			</node>
			<node>
				<identifier>	HP_FX_Flood_water_left_1	</identifier>
				<transform>
					<row0>	-1.0000 0.0000 0.0000 0.0000	</row0>
					<row1>	0.0000 1.0000 0.0000 0.0000	</row1>
					<row2>	0.0000 0.0000 -1.0000 0.0000	</row2>
					<row3>	-0.7757 0.0520 -1.7033 1.0000	</row3>
				</transform>
			</node>
			<node>
				<identifier>	HP_FX_Flood_water_right_0	</identifier>
				<transform>
					<row0>	0.9907 0.0000 -0.1360 0.0000	</row0>
					<row1>	0.0000 1.0000 0.0000 0.0000	</row1>
					<row2>	0.1360 0.0000 0.9907 0.0000	</row2>
					<row3>	0.4856 0.0526 -5.4361 1.0000	</row3>
				</transform>
			</node>
			<node>
				<identifier>	HP_FX_Flood_water_right_1	</identifier>
				<transform>
					<row0>	1.0000 0.0000 0.0000 0.0000	</row0>
					<row1>	0.0000 1.0000 0.0000 0.0000	</row1>
					<row2>	0.0000 0.0000 1.0000 0.0000	</row2>
					<row3>	0.7757 0.0527 -1.7028 1.0000	</row3>
				</transform>
			</node>
			<node>
				<identifier>	HP_FX_RepairLight_left_1	</identifier>
				<transform>
					<row0>	-0.2091 0.0000 -0.9779 0.0000	</row0>
					<row1>	0.0000 1.0000 0.0000 0.0000	</row1>
					<row2>	0.9779 0.0000 -0.2091 0.0000	</row2>
					<row3>	0.5631 0.3261 -5.0484 1.0000	</row3>
				</transform>
			</node>
			<node>
				<identifier>	HP_FX_RepairLight_right_1	</identifier>
				<transform>
					<row0>	0.0000 0.0000 1.0000 0.0000	</row0>
					<row1>	0.0000 1.0000 0.0000 0.0000	</row1>
					<row2>	-1.0000 0.0000 0.0000 0.0000	</row2>
					<row3>	-0.7075 0.2975 -3.1379 1.0000	</row3>
				</transform>
			</node>
			<node>
				<identifier>	HP_GD_10	</identifier>
				<transform>
					<row0>	-0.5843 0.0000 -0.8116 0.0000	</row0>
					<row1>	0.0000 1.0000 0.0000 0.0000	</row1>
					<row2>	0.8116 0.0000 -0.5843 0.0000	</row2>
					<row3>	0.1981 0.7088 -2.5696 1.0000	</row3>
				</transform>
			</node>
			<node>
				<identifier>	HP_GD_7	</identifier>
				<transform>
					<row0>	0.0000 0.0000 1.0000 0.0000	</row0>
					<row1>	0.0000 1.0000 0.0000 0.0000	</row1>
					<row2>	-1.0000 0.0000 0.0000 0.0000	</row2>
					<row3>	-0.3352 0.6652 -2.2661 1.0000	</row3>
				</transform>
			</node>
			<node>
				<identifier>	HP_GD_8	</identifier>
				<transform>
					<row0>	0.0000 0.0000 -1.0000 0.0000	</row0>
					<row1>	0.0000 1.0000 0.0000 0.0000	</row1>
					<row2>	1.0000 0.0000 0.0000 0.0000	</row2>
					<row3>	0.3352 0.6652 -2.2661 1.0000	</row3>
				</transform>
			</node>
			<node>
				<identifier>	HP_GD_9	</identifier>
				<transform>
					<row0>	-0.5843 0.0000 0.8116 0.0000	</row0>
					<row1>	0.0000 1.0000 0.0000 0.0000	</row1>
					<row2>	-0.8116 0.0000 -0.5843 0.0000	</row2>
					<row3>	-0.1981 0.7088 -2.5696 1.0000	</row3>
				</transform>
			</node>
			<node>
				<identifier>	HP_GF_5	</identifier>
				<transform>
					<row0>	-1.0000 0.0000 0.0000 0.0000	</row0>
					<row1>	0.0000 1.0000 0.0000 0.0000	</row1>
					<row2>	0.0000 0.0000 -1.0000 0.0000	</row2>
					<row3>	0.0000 0.8827 -2.3996 1.0000	</row3>
				</transform>
			</node>
			<node>
				<identifier>	HP_GGA_13	</identifier>
				<transform>
					<row0>	0.0000 0.0000 1.0000 0.0000	</row0>
					<row1>	0.0000 1.0000 0.0000 0.0000	</row1>
					<row2>	-1.0000 0.0000 0.0000 0.0000	</row2>
					<row3>	-0.3772 0.6706 -2.0657 1.0000	</row3>
				</transform>
			</node>
			<node>
				<identifier>	HP_GGA_14	</identifier>
				<transform>
					<row0>	0.0000 0.0000 -1.0000 0.0000	</row0>
					<row1>	0.0000 1.0000 0.0000 0.0000	</row1>
					<row2>	1.0000 0.0000 0.0000 0.0000	</row2>
					<row3>	0.3772 0.6706 -2.0657 1.0000	</row3>
				</transform>
			</node>
			<node>
				<identifier>	HP_GGA_15	</identifier>
				<transform>
					<row0>	0.0000 0.0000 1.0000 0.0000	</row0>
					<row1>	0.0000 1.0000 0.0000 0.0000	</row1>
					<row2>	-1.0000 0.0000 0.0000 0.0000	</row2>
					<row3>	-0.3088 0.4654 -2.8005 1.0000	</row3>
				</transform>
			</node>
			<node>
				<identifier>	HP_GGA_16	</identifier>
				<transform>
					<row0>	0.0000 0.0000 -1.0000 0.0000	</row0>
					<row1>	0.0000 1.0000 0.0000 0.0000	</row1>
					<row2>	1.0000 0.0000 0.0000 0.0000	</row2>
					<row3>	0.3088 0.4654 -2.8005 1.0000	</row3>
				</transform>
			</node>
			<node>
				<identifier>	HP_GGM_2	</identifier>
				<transform>
					<row0>	-1.0000 0.0000 0.0000 0.0000	</row0>
					<row1>	0.0000 1.0000 0.0000 0.0000	</row1>
					<row2>	0.0000 0.0000 -1.0000 0.0000	</row2>
					<row3>	0.0000 0.3694 -4.0044 1.0000	</row3>
				</transform>
			</node>
			<node>
				<identifier>	HP_GGS_8	</identifier>
				<transform>
					<row0>	-1.0000 0.0000 0.0000 0.0000	</row0>
					<row1>	0.0000 1.0000 0.0000 0.0000	</row1>
					<row2>	0.0000 0.0000 -1.0000 0.0000	</row2>
					<row3>	0.0000 0.5782 -3.1343 1.0000	</row3>
				</transform>
			</node>
			<node>
				<identifier>	HP_GGT_1	</identifier>
				<transform>
					<row0>	1.0000 0.0000 0.0000 0.0000	</row0>
					<row1>	0.0000 1.0000 0.0000 0.0000	</row1>
					<row2>	0.0000 0.0000 1.0000 0.0000	</row2>
					<row3>	-0.6333 0.2978 -2.2002 1.0000	</row3>
				</transform>
			</node>
			<node>
				<identifier>	HP_GGT_2	</identifier>
				<transform>
					<row0>	1.0000 0.0000 0.0000 0.0000	</row0>
					<row1>	0.0000 1.0000 0.0000 0.0000	</row1>
					<row2>	0.0000 0.0000 1.0000 0.0000	</row2>
					<row3>	0.6333 0.2978 -2.2002 1.0000	</row3>
				</transform>
			</node>
			<node>
				<identifier>	HP_Ship_death_3	</identifier>
				<transform>
					<row0>	1.0000 0.0000 0.0000 0.0000	</row0>
					<row1>	0.0000 1.0000 0.0000 0.0000	</row1>
					<row2>	0.0000 0.0000 1.0000 0.0000	</row2>
					<row3>	0.0000 0.0000 -5.4564 1.0000	</row3>
				</transform>
			</node>
			<node>
				<identifier>	HP_flag_nation	</identifier>
				<transform>
					<row0>	1.0000 0.0000 0.0000 0.0000	</row0>
					<row1>	0.0000 0.9436 -0.3311 0.0000	</row1>
					<row2>	0.0000 0.3311 0.9436 0.0000	</row2>
					<row3>	0.0006 2.1252 -2.5692 1.0000	</row3>
				</transform>
			</node>
			<node>
				<identifier>	HP_flag_rank	</identifier>
				<transform>
					<row0>	1.0000 0.0000 0.0000 0.0000	</row0>
					<row1>	0.0000 0.9436 -0.3311 0.0000	</row1>
					<row2>	0.0000 0.3311 0.9436 0.0000	</row2>
					<row3>	0.0006 1.8165 -2.4609 1.0000	</row3>
				</transform>
			</node>
			<node>
				<identifier>	MP_CM011_Fire_Fighting_Gear	</identifier>
				<transform>
					<row0>	1.0000 0.0000 0.0000 0.0000	</row0>
					<row1>	0.0000 1.0000 0.0000 0.0000	</row1>
					<row2>	0.0000 0.0000 1.0000 0.0000	</row2>
					<row3>	-0.0420 0.4672 -2.6758 1.0000	</row3>
				</transform>
			</node>
			<node>
				<identifier>	MP_CM011_Fire_Fighting_Gear_INDEX_1	</identifier>
				<transform>
					<row0>	0.9292 0.0000 -0.3697 0.0000	</row0>
					<row1>	0.0000 1.0000 0.0000 0.0000	</row1>
					<row2>	0.3697 0.0000 0.9292 0.0000	</row2>
					<row3>	-0.1171 0.3134 -4.3685 1.0000	</row3>
				</transform>
			</node>
			<node>
				<identifier>	MP_CM011_Fire_Fighting_Gear_INDEX_2	</identifier>
				<transform>
					<row0>	1.0000 0.0000 0.0000 0.0000	</row0>
					<row1>	0.0000 1.0000 0.0000 0.0000	</row1>
					<row2>	0.0000 0.0000 1.0000 0.0000	</row2>
					<row3>	0.2415 0.3042 -3.1462 1.0000	</row3>
				</transform>
			</node>
			<node>
				<identifier>	MP_CM011_Fire_Fighting_Gear_INDEX_3	</identifier>
				<transform>
					<row0>	1.0000 0.0000 0.0000 0.0000	</row0>
					<row1>	0.0000 1.0000 0.0000 0.0000	</row1>
					<row2>	0.0000 0.0000 1.0000 0.0000	</row2>
					<row3>	-0.0257 0.3223 -5.0502 1.0000	</row3>
				</transform>
			</node>
			<node>
				<identifier>	MP_CM011_Fire_Fighting_Gear_INDEX_4	</identifier>
				<transform>
					<row0>	1.0000 0.0000 0.0000 0.0000	</row0>
					<row1>	0.0000 1.0000 0.0000 0.0000	</row1>
					<row2>	0.0000 0.0000 1.0000 0.0000	</row2>
					<row3>	-0.2415 0.3042 -3.1462 1.0000	</row3>
				</transform>
			</node>
			<node>
				<identifier>	MP_CM011_Fire_Fighting_Gear_INDEX_5	</identifier>
				<transform>
					<row0>	-1.0000 0.0000 0.0000 0.0000	</row0>
					<row1>	0.0000 1.0000 0.0000 0.0000	</row1>
					<row2>	0.0000 0.0000 -1.0000 0.0000	</row2>
					<row3>	0.0038 0.4672 -1.1238 1.0000	</row3>
				</transform>
			</node>
			<node>
				<identifier>	MP_CM011_Fire_Fighting_Gear_INDEX_6	</identifier>
				<transform>
					<row0>	0.9292 0.0000 0.3697 0.0000	</row0>
					<row1>	0.0000 1.0000 0.0000 0.0000	</row1>
					<row2>	-0.3697 0.0000 0.9292 0.0000	</row2>
					<row3>	0.1171 0.3134 -4.3685 1.0000	</row3>
				</transform>
			</node>
			<node>
				<identifier>	MP_CM013_Fire_Hose_Rack_2	</identifier>
				<transform>
					<row0>	0.0000 0.0000 1.0000 0.0000	</row0>
					<row1>	0.0000 1.0000 0.0000 0.0000	</row1>
					<row2>	-1.0000 0.0000 0.0000 0.0000	</row2>
					<row3>	0.0000 0.3408 -5.0432 1.0000	</row3>
				</transform>
			</node>
			<node>
				<identifier>	MP_CM013_Fire_Hose_Rack_2_INDEX_1	</identifier>
				<transform>
					<row0>	0.0000 0.0000 1.0000 0.0000	</row0>
					<row1>	0.0000 1.0000 0.0000 0.0000	</row1>
					<row2>	-1.0000 0.0000 0.0000 0.0000	</row2>
					<row3>	0.2370 0.3729 -3.1343 1.0000	</row3>
				</transform>
			</node>
			<node>
				<identifier>	MP_CM013_Fire_Hose_Rack_2_INDEX_2	</identifier>
				<transform>
					<row0>	0.0000 0.0000 1.0000 0.0000	</row0>
					<row1>	0.0000 1.0000 0.0000 0.0000	</row1>
					<row2>	-1.0000 0.0000 0.0000 0.0000	</row2>
					<row3>	-0.2370 0.3729 -3.1343 1.0000	</row3>
				</transform>
			</node>
			<node>
				<identifier>	MP_CM013_Fire_Hose_Rack_2_INDEX_3	</identifier>
				<transform>
					<row0>	0.0000 0.0000 1.0000 0.0000	</row0>
					<row1>	0.0000 1.0000 0.0000 0.0000	</row1>
					<row2>	-1.0000 0.0000 0.0000 0.0000	</row2>
					<row3>	-0.0397 0.5381 -2.6669 1.0000	</row3>
				</transform>
			</node>
			<node>
				<identifier>	MP_CM013_Fire_Hose_Rack_2_INDEX_4	</identifier>
				<transform>
					<row0>	0.1310 0.0000 0.9914 0.0000	</row0>
					<row1>	0.0000 1.0000 0.0000 0.0000	</row1>
					<row2>	-0.9914 0.0000 0.1310 0.0000	</row2>
					<row3>	-0.0645 0.3462 -4.3646 1.0000	</row3>
				</transform>
			</node>
			<node>
				<identifier>	MP_CM013_Fire_Hose_Rack_2_INDEX_5	</identifier>
				<transform>
					<row0>	-0.1310 0.0000 0.9914 0.0000	</row0>
					<row1>	0.0000 1.0000 0.0000 0.0000	</row1>
					<row2>	-0.9914 0.0000 -0.1310 0.0000	</row2>
					<row3>	0.0645 0.3462 -4.3646 1.0000	</row3>
				</transform>
			</node>
			<node>
				<identifier>	MP_CM013_Fire_Hose_Rack_2_INDEX_6	</identifier>
				<transform>
					<row0>	0.0000 0.0000 -1.0000 0.0000	</row0>
					<row1>	0.0000 1.0000 0.0000 0.0000	</row1>
					<row2>	1.0000 0.0000 0.0000 0.0000	</row2>
					<row3>	0.0038 0.5381 -1.1343 1.0000	</row3>
				</transform>
			</node>
			<node>
				<identifier>	MP_CM014_Fuel_Oil_Hose	</identifier>
				<transform>
					<row0>	0.0000 -1.0000 0.0000 0.0000	</row0>
					<row1>	-0.9999 0.0000 0.0126 0.0000	</row1>
					<row2>	-0.0126 0.0000 -0.9999 0.0000	</row2>
					<row3>	0.6994 0.2997 -1.3338 1.0000	</row3>
				</transform>
			</node>
			<node>
				<identifier>	MP_CM014_Fuel_Oil_Hose_INDEX_1	</identifier>
				<transform>
					<row0>	0.0000 -1.0000 0.0000 0.0000	</row0>
					<row1>	-0.9999 0.0000 -0.0126 0.0000	</row1>
					<row2>	0.0126 0.0000 -0.9999 0.0000	</row2>
					<row3>	-0.6994 0.2997 -1.3338 1.0000	</row3>
				</transform>
			</node>
			<node>
				<identifier>	MP_CM014_Fuel_Oil_Hose_INDEX_2	</identifier>
				<transform>
					<row0>	0.0003 -1.0000 -0.0060 0.0000	</row0>
					<row1>	-0.9985 0.0000 -0.0556 0.0000	</row1>
					<row2>	0.0556 0.0060 -0.9984 0.0000	</row2>
					<row3>	-0.6294 0.3019 -2.9086 1.0000	</row3>
				</transform>
			</node>
			<node>
				<identifier>	MP_CM014_Fuel_Oil_Hose_INDEX_3	</identifier>
				<transform>
					<row0>	-0.0003 -1.0000 -0.0060 0.0000	</row0>
					<row1>	-0.9985 0.0000 0.0556 0.0000	</row1>
					<row2>	-0.0556 0.0060 -0.9984 0.0000	</row2>
					<row3>	0.6294 0.3019 -2.9086 1.0000	</row3>
				</transform>
			</node>
			<node>
				<identifier>	MP_CM014_Fuel_Oil_Hose_INDEX_4	</identifier>
				<transform>
					<row0>	-0.0003 -1.0000 -0.0060 0.0000	</row0>
					<row1>	-0.9985 0.0000 0.0556 0.0000	</row1>
					<row2>	-0.0556 0.0060 -0.9984 0.0000	</row2>
					<row3>	0.6585 0.3019 -2.9102 1.0000	</row3>
				</transform>
			</node>
			<node>
				<identifier>	MP_CM014_Fuel_Oil_Hose_INDEX_5	</identifier>
				<transform>
					<row0>	0.0000 -1.0000 0.0000 0.0000	</row0>
					<row1>	-0.9999 0.0000 0.0126 0.0000	</row1>
					<row2>	-0.0126 0.0000 -0.9999 0.0000	</row2>
					<row3>	0.7276 0.2997 -1.3342 1.0000	</row3>
				</transform>
			</node>
			<node>
				<identifier>	MP_CM014_Fuel_Oil_Hose_INDEX_6	</identifier>
				<transform>
					<row0>	0.0003 -1.0000 -0.0060 0.0000	</row0>
					<row1>	-0.9985 0.0000 -0.0556 0.0000	</row1>
					<row2>	0.0556 0.0060 -0.9984 0.0000	</row2>
					<row3>	-0.6585 0.3019 -2.9102 1.0000	</row3>
				</transform>
			</node>
			<node>
				<identifier>	MP_CM014_Fuel_Oil_Hose_INDEX_7	</identifier>
				<transform>
					<row0>	0.0000 -1.0000 0.0000 0.0000	</row0>
					<row1>	-0.9999 0.0000 -0.0126 0.0000	</row1>
					<row2>	0.0126 0.0000 -0.9999 0.0000	</row2>
					<row3>	-0.7276 0.2997 -1.3342 1.0000	</row3>
				</transform>
			</node>
			<node>
				<identifier>	MP_CM029_Emergency_Box	</identifier>
				<transform>
					<row0>	0.0000 0.0000 -1.0000 0.0000	</row0>
					<row1>	0.0000 1.0000 0.0000 0.0000	</row1>
					<row2>	1.0000 0.0000 0.0000 0.0000	</row2>
					<row3>	-0.3836 0.3585 -2.3698 1.0000	</row3>
				</transform>
			</node>
			<node>
				<identifier>	MP_CM029_Emergency_Box_INDEX_1	</identifier>
				<transform>
					<row0>	0.5860 0.0000 0.8103 0.0000	</row0>
					<row1>	0.0000 1.0000 0.0000 0.0000	</row1>
					<row2>	-0.8103 0.0000 0.5860 0.0000	</row2>
					<row3>	0.2650 0.5271 -2.5664 1.0000	</row3>
				</transform>
			</node>
			<node>
				<identifier>	MP_CM029_Emergency_Box_INDEX_2	</identifier>
				<transform>
					<row0>	0.5860 0.0000 -0.8103 0.0000	</row0>
					<row1>	0.0000 1.0000 0.0000 0.0000	</row1>
					<row2>	0.8103 0.0000 0.5860 0.0000	</row2>
					<row3>	-0.2650 0.5271 -2.5664 1.0000	</row3>
				</transform>
			</node>
			<node>
				<identifier>	MP_CM029_Emergency_Box_INDEX_3	</identifier>
				<transform>
					<row0>	-0.0236 0.0000 -0.9997 0.0000	</row0>
					<row1>	0.0000 1.0000 0.0000 0.0000	</row1>
					<row2>	0.9997 0.0000 -0.0236 0.0000	</row2>
					<row3>	-0.1274 0.7683 -2.3799 1.0000	</row3>
				</transform>
			</node>
			<node>
				<identifier>	MP_CM029_Emergency_Box_INDEX_4	</identifier>
				<transform>
					<row0>	-1.0000 0.0000 0.0000 0.0000	</row0>
					<row1>	0.0000 1.0000 0.0000 0.0000	</row1>
					<row2>	0.0000 0.0000 -1.0000 0.0000	</row2>
					<row3>	0.0461 0.5365 -1.1280 1.0000	</row3>
				</transform>
			</node>
			<node>
				<identifier>	MP_CM029_Emergency_Box_INDEX_5	</identifier>
				<transform>
					<row0>	0.0000 0.0000 1.0000 0.0000	</row0>
					<row1>	0.0000 1.0000 0.0000 0.0000	</row1>
					<row2>	-1.0000 0.0000 0.0000 0.0000	</row2>
					<row3>	0.3836 0.3585 -2.3698 1.0000	</row3>
				</transform>
			</node>
			<node>
				<identifier>	MP_CM029_Emergency_Box_INDEX_6	</identifier>
				<transform>
					<row0>	-0.0236 0.0000 0.9997 0.0000	</row0>
					<row1>	0.0000 1.0000 0.0000 0.0000	</row1>
					<row2>	-0.9997 0.0000 -0.0236 0.0000	</row2>
					<row3>	0.1274 0.7683 -2.3799 1.0000	</row3>
				</transform>
			</node>
			<node>
				<identifier>	MP_CM079_Fender	</identifier>
				<transform>
					<row0>	0.0000 0.0235 -1.1998 0.0000	</row0>
					<row1>	-1.2000 0.0000 0.0000 0.0000	</row1>
					<row2>	0.0000 1.1998 0.0235 0.0000	</row2>
					<row3>	0.3865 0.3204 -4.9986 1.0000	</row3>
				</transform>
			</node>
			<node>
				<identifier>	MP_CM079_Fender_INDEX_1	</identifier>
				<transform>
					<row0>	0.0000 -0.0235 1.1998 0.0000	</row0>
					<row1>	1.2000 0.0000 0.0000 0.0000	</row1>
					<row2>	0.0000 1.1998 0.0235 0.0000	</row2>
					<row3>	-0.3865 0.3204 -4.9986 1.0000	</row3>
				</transform>
			</node>
			<node>
				<identifier>	MP_CM079_Fender_INDEX_2	</identifier>
				<transform>
					<row0>	0.0000 -0.0235 1.1998 0.0000	</row0>
					<row1>	1.2000 0.0000 0.0000 0.0000	</row1>
					<row2>	0.0000 1.1998 0.0235 0.0000	</row2>
					<row3>	-0.4592 0.3204 -4.9986 1.0000	</row3>
				</transform>
			</node>
			<node>
				<identifier>	MP_CM079_Fender_INDEX_3	</identifier>
				<transform>
					<row0>	0.0000 0.0235 -1.1998 0.0000	</row0>
					<row1>	-1.2000 0.0000 0.0000 0.0000	</row1>
					<row2>	0.0000 1.1998 0.0235 0.0000	</row2>
					<row3>	0.4592 0.3204 -4.9986 1.0000	</row3>
				</transform>
			</node>
			<node>
				<identifier>	MP_CM097_Stairway	</identifier>
				<transform>
					<row0>	0.9977 0.0006 -0.0675 0.0000	</row0>
					<row1>	0.0000 1.0000 0.0086 0.0000	</row1>
					<row2>	0.0675 -0.0086 0.9977 0.0000	</row2>
					<row3>	0.6002 0.3067 -3.7935 1.0000	</row3>
				</transform>
			</node>
			<node>
				<identifier>	MP_CM097_Stairway_INDEX_1	</identifier>
				<transform>
					<row0>	0.9977 -0.0006 0.0675 0.0000	</row0>
					<row1>	0.0000 1.0000 0.0086 0.0000	</row1>
					<row2>	-0.0675 -0.0086 0.9977 0.0000	</row2>
					<row3>	-0.6002 0.3067 -3.7935 1.0000	</row3>
				</transform>
			</node>
			<node>
				<identifier>	MP_CM109_Leadsman_Platform	</identifier>
				<transform>
					<row0>	0.1451 -0.9894 -0.0096 0.0000	</row0>
					<row1>	0.9872 0.1454 -0.0650 0.0000	</row1>
					<row2>	0.0657 0.0000 0.9978 0.0000	</row2>
					<row3>	0.6651 0.3111 -3.6231 1.0000	</row3>
				</transform>
			</node>
			<node>
				<identifier>	MP_CM109_Leadsman_Platform_INDEX_1	</identifier>
				<transform>
					<row0>	-0.1451 -0.9894 -0.0096 0.0000	</row0>
					<row1>	-0.9872 0.1454 -0.0650 0.0000	</row1>
					<row2>	0.0657 0.0000 -0.9978 0.0000	</row2>
					<row3>	-0.6651 0.3111 -3.6231 1.0000	</row3>
				</transform>
			</node>
			<node>
				<identifier>	MP_GM001_Paravane	</identifier>
				<transform>
					<row0>	0.0000 1.0000 0.0000 0.0000	</row0>
					<row1>	-0.7858 0.0000 0.6185 0.0000	</row1>
					<row2>	0.6185 0.0000 0.7858 0.0000	</row2>
					<row3>	0.2006 0.3974 -3.2515 1.0000	</row3>
				</transform>
			</node>
			<node>
				<identifier>	MP_GM001_Paravane_INDEX_1	</identifier>
				<transform>
					<row0>	0.0000 -1.0000 0.0000 0.0000	</row0>
					<row1>	0.7858 0.0000 0.6185 0.0000	</row1>
					<row2>	-0.6185 0.0000 0.7858 0.0000	</row2>
					<row3>	-0.2006 0.3974 -3.2515 1.0000	</row3>
				</transform>
			</node>
			<node>
				<identifier>	MP_GM008_Loudspeaker	</identifier>
				<transform>
					<row0>	0.8729 0.0000 -0.4879 0.0000	</row0>
					<row1>	0.0000 1.0000 0.0000 0.0000	</row1>
					<row2>	0.4879 0.0000 0.8729 0.0000	</row2>
					<row3>	0.3044 0.4187 -3.0678 1.0000	</row3>
				</transform>
			</node>
			<node>
				<identifier>	MP_GM008_Loudspeaker_INDEX_1	</identifier>
				<transform>
					<row0>	-1.0000 0.0000 0.0000 0.0000	</row0>
					<row1>	0.0000 1.0000 0.0000 0.0000	</row1>
					<row2>	0.0000 0.0000 -1.0000 0.0000	</row2>
					<row3>	-0.3780 0.4579 -1.8666 1.0000	</row3>
				</transform>
			</node>
			<node>
				<identifier>	MP_GM008_Loudspeaker_INDEX_2	</identifier>
				<transform>
					<row0>	1.0000 0.0000 0.0000 0.0000	</row0>
					<row1>	0.0000 1.0000 0.0000 0.0000	</row1>
					<row2>	0.0000 0.0000 1.0000 0.0000	</row2>
					<row3>	0.3780 0.4579 -1.8666 1.0000	</row3>
				</transform>
			</node>
			<node>
				<identifier>	MP_GM008_Loudspeaker_INDEX_3	</identifier>
				<transform>
					<row0>	-0.8729 0.0000 -0.4879 0.0000	</row0>
					<row1>	0.0000 1.0000 0.0000 0.0000	</row1>
					<row2>	0.4879 0.0000 -0.8729 0.0000	</row2>
					<row3>	-0.3044 0.4187 -3.0678 1.0000	</row3>
				</transform>
			</node>
			<node>
				<identifier>	MP_GM010_Binocular	</identifier>
				<transform>
					<row0>	0.0000 0.0000 -1.0000 0.0000	</row0>
					<row1>	0.0000 1.0000 0.0000 0.0000	</row1>
					<row2>	1.0000 0.0000 0.0000 0.0000	</row2>
					<row3>	0.1584 0.7089 -2.6525 1.0000	</row3>
				</transform>
			</node>
			<node>
				<identifier>	MP_GM010_Binocular_INDEX_1	</identifier>
				<transform>
					<row0>	0.0000 0.0000 -1.0000 0.0000	</row0>
					<row1>	0.0000 1.0000 0.0000 0.0000	</row1>
					<row2>	1.0000 0.0000 0.0000 0.0000	</row2>
					<row3>	-0.1584 0.7089 -2.6525 1.0000	</row3>
				</transform>
			</node>
			<node>
				<identifier>	MP_GM012_Reels_5	</identifier>
				<transform>
					<row0>	0.3411 0.0032 -0.6113 0.0000	</row0>
					<row1>	-0.0016 0.7000 0.0028 0.0000	</row1>
					<row2>	0.6113 0.0000 0.3411 0.0000	</row2>
					<row3>	-0.3479 0.3049 -3.0830 1.0000	</row3>
				</transform>
			</node>
			<node>
				<identifier>	MP_GM012_Reels_5_INDEX_1	</identifier>
				<transform>
					<row0>	0.7000 0.0000 0.0000 0.0000	</row0>
					<row1>	0.0000 0.6999 0.0123 0.0000	</row1>
					<row2>	0.0000 -0.0123 0.6999 0.0000	</row2>
					<row3>	-0.2001 0.3222 -4.9293 1.0000	</row3>
				</transform>
			</node>
			<node>
				<identifier>	MP_GM012_Reels_5_INDEX_2	</identifier>
				<transform>
					<row0>	0.3411 -0.0032 0.6113 0.0000	</row0>
					<row1>	0.0016 0.7000 0.0028 0.0000	</row1>
					<row2>	-0.6113 0.0000 0.3411 0.0000	</row2>
					<row3>	0.3479 0.3049 -3.0830 1.0000	</row3>
				</transform>
			</node>
			<node>
				<identifier>	MP_GM012_Reels_5_INDEX_3	</identifier>
				<transform>
					<row0>	0.7000 0.0000 0.0000 0.0000	</row0>
					<row1>	0.0000 0.6999 0.0123 0.0000	</row1>
					<row2>	0.0000 -0.0123 0.6999 0.0000	</row2>
					<row3>	0.2001 0.3222 -4.9293 1.0000	</row3>
				</transform>
			</node>
			<node>
				<identifier>	MP_GM018_Siren	</identifier>
				<transform>
					<row0>	0.0000 0.0000 1.0000 0.0000	</row0>
					<row1>	0.0000 1.0000 0.0000 0.0000	</row1>
					<row2>	-1.0000 0.0000 0.0000 0.0000	</row2>
					<row3>	-0.3780 0.4422 -2.4570 1.0000	</row3>
				</transform>
			</node>
			<node>
				<identifier>	MP_GM018_Siren_INDEX_1	</identifier>
				<transform>
					<row0>	0.4784 0.0000 -0.8781 0.0000	</row0>
					<row1>	0.0000 1.0000 0.0000 0.0000	</row1>
					<row2>	0.8781 0.0000 0.4784 0.0000	</row2>
					<row3>	0.0678 0.8244 -2.1849 1.0000	</row3>
				</transform>
			</node>
			<node>
				<identifier>	MP_GM018_Siren_INDEX_2	</identifier>
				<transform>
					<row0>	0.0000 0.0000 -1.0000 0.0000	</row0>
					<row1>	0.0000 1.0000 0.0000 0.0000	</row1>
					<row2>	1.0000 0.0000 0.0000 0.0000	</row2>
					<row3>	0.3780 0.4422 -2.4570 1.0000	</row3>
				</transform>
			</node>
			<node>
				<identifier>	MP_GM018_Siren_INDEX_3	</identifier>
				<transform>
					<row0>	0.4784 0.0000 0.8781 0.0000	</row0>
					<row1>	0.0000 1.0000 0.0000 0.0000	</row1>
					<row2>	-0.8781 0.0000 0.4784 0.0000	</row2>
					<row3>	-0.0678 0.8244 -2.1849 1.0000	</row3>
				</transform>
			</node>
			<node>
				<identifier>	MP_GM022_Freon_Cylinder_acetylene	</identifier>
				<transform>
					<row0>	0.0969 0.0000 -0.9953 0.0000	</row0>
					<row1>	0.0000 1.0000 0.0000 0.0000	</row1>
					<row2>	0.9953 0.0000 0.0969 0.0000	</row2>
					<row3>	0.3546 0.2976 -2.2273 1.0000	</row3>
				</transform>
			</node>
			<node>
				<identifier>	MP_GM022_Freon_Cylinder_acetylene_INDEX_1	</identifier>
				<transform>
					<row0>	0.0969 0.0000 0.9953 0.0000	</row0>
					<row1>	0.0000 1.0000 0.0000 0.0000	</row1>
					<row2>	-0.9953 0.0000 0.0969 0.0000	</row2>
					<row3>	-0.3546 0.2976 -2.2273 1.0000	</row3>
				</transform>
			</node>
			<node>
				<identifier>	MP_GM024_Night_Indicator	</identifier>
				<transform>
					<row0>	-1.0000 0.0000 0.0000 0.0000	</row0>
					<row1>	0.0000 1.0000 0.0022 0.0000	</row1>
					<row2>	0.0000 0.0022 -1.0000 0.0000	</row2>
					<row3>	0.0000 1.5997 -2.0410 1.0000	</row3>
				</transform>
			</node>
			<node>
				<identifier>	MP_GM034_Turtles_box	</identifier>
				<transform>
					<row0>	-0.5849 0.0000 0.8111 0.0000	</row0>
					<row1>	0.0000 1.0000 0.0000 0.0000	</row1>
					<row2>	-0.8111 0.0000 -0.5849 0.0000	</row2>
					<row3>	-0.2297 0.4769 -2.6074 1.0000	</row3>
				</transform>
			</node>
			<node>
				<identifier>	MP_GM034_Turtles_box_INDEX_1	</identifier>
				<transform>
					<row0>	0.9941 0.0000 0.1086 0.0000	</row0>
					<row1>	0.0000 1.0000 0.0000 0.0000	</row1>
					<row2>	-0.1086 0.0000 0.9941 0.0000	</row2>
					<row3>	0.3892 0.6749 -2.1958 1.0000	</row3>
				</transform>
			</node>
			<node>
				<identifier>	MP_GM034_Turtles_box_INDEX_2	</identifier>
				<transform>
					<row0>	-0.5849 0.0000 -0.8111 0.0000	</row0>
					<row1>	0.0000 1.0000 0.0000 0.0000	</row1>
					<row2>	0.8111 0.0000 -0.5849 0.0000	</row2>
					<row3>	0.2297 0.4769 -2.6074 1.0000	</row3>
				</transform>
			</node>
			<node>
				<identifier>	MP_GM034_Turtles_box_INDEX_3	</identifier>
				<transform>
					<row0>	0.9941 0.0000 -0.1086 0.0000	</row0>
					<row1>	0.0000 1.0000 0.0000 0.0000	</row1>
					<row2>	0.1086 0.0000 0.9941 0.0000	</row2>
					<row3>	-0.3892 0.6749 -2.1958 1.0000	</row3>
				</transform>
			</node>
			<node>
				<identifier>	MP_GM085_Insulator	</identifier>
				<transform>
					<row0>	0.0000 0.0000 1.0000 0.0000	</row0>
					<row1>	0.0000 1.0000 0.0000 0.0000	</row1>
					<row2>	-1.0000 0.0000 0.0000 0.0000	</row2>
					<row3>	-0.1717 0.7790 -1.9426 1.0000	</row3>
				</transform>
			</node>
			<node>
				<identifier>	MP_GM085_Insulator_INDEX_1	</identifier>
				<transform>
					<row0>	0.0000 0.0000 -1.0000 0.0000	</row0>
					<row1>	0.0000 1.0000 0.0000 0.0000	</row1>
					<row2>	1.0000 0.0000 0.0000 0.0000	</row2>
					<row3>	0.1717 0.7790 -1.9426 1.0000	</row3>
				</transform>
			</node>
			<node>
				<identifier>	MP_GM190_Name_Schill	</identifier>
				<transform>
					<row0>	1.0000 0.0000 0.0000 0.0000	</row0>
					<row1>	0.0000 1.0000 0.0000 0.0000	</row1>
					<row2>	0.0000 0.0000 1.0000 0.0000	</row2>
					<row3>	0.0000 0.3694 -4.0044 1.0000	</row3>
				</transform>
			</node>
			<node>
				<identifier>	MP_GM535_Life_Boat_2	</identifier>
				<transform>
					<row0>	-1.0000 0.0000 0.0000 0.0000	</row0>
					<row1>	0.0000 0.9999 0.0117 0.0000	</row1>
					<row2>	0.0000 0.0117 -0.9999 0.0000	</row2>
					<row3>	0.4874 0.3150 -4.5986 1.0000	</row3>
				</transform>
			</node>
			<node>
				<identifier>	MP_GM535_Life_Boat_2_INDEX_1	</identifier>
				<transform>
					<row0>	-1.0000 0.0000 0.0000 0.0000	</row0>
					<row1>	0.0000 0.9999 0.0117 0.0000	</row1>
					<row2>	0.0000 0.0117 -0.9999 0.0000	</row2>
					<row3>	-0.4874 0.3150 -4.5986 1.0000	</row3>
				</transform>
			</node>
			<node>
				<identifier>	MP_GM535_Life_Boat_2_INDEX_2	</identifier>
				<transform>
					<row0>	-1.0000 0.0000 0.0000 0.0000	</row0>
					<row1>	0.0000 0.9999 0.0117 0.0000	</row1>
					<row2>	0.0000 0.0117 -0.9999 0.0000	</row2>
					<row3>	-0.3762 0.3150 -4.5986 1.0000	</row3>
				</transform>
			</node>
			<node>
				<identifier>	MP_GM535_Life_Boat_2_INDEX_3	</identifier>
				<transform>
					<row0>	-1.0000 0.0000 0.0000 0.0000	</row0>
					<row1>	0.0000 0.9999 0.0117 0.0000	</row1>
					<row2>	0.0000 0.0117 -0.9999 0.0000	</row2>
					<row3>	0.3762 0.3150 -4.5986 1.0000	</row3>
				</transform>
			</node>
			<node>
				<identifier>	MP_GM535_Life_Boat_2_INDEX_4	</identifier>
				<transform>
					<row0>	-1.0000 0.0000 0.0000 0.0000	</row0>
					<row1>	0.0000 0.9998 0.0202 0.0000	</row1>
					<row2>	0.0000 0.0202 -0.9998 0.0000	</row2>
					<row3>	-0.4026 0.3245 -5.2083 1.0000	</row3>
				</transform>
			</node>
			<node>
				<identifier>	MP_GM535_Life_Boat_2_INDEX_5	</identifier>
				<transform>
					<row0>	-1.0000 0.0000 0.0000 0.0000	</row0>
					<row1>	0.0000 0.9998 0.0202 0.0000	</row1>
					<row2>	0.0000 0.0202 -0.9998 0.0000	</row2>
					<row3>	0.2923 0.3245 -5.2083 1.0000	</row3>
				</transform>
			</node>
			<node>
				<identifier>	MP_GM535_Life_Boat_2_INDEX_6	</identifier>
				<transform>
					<row0>	-1.0000 0.0000 0.0000 0.0000	</row0>
					<row1>	0.0000 0.9998 0.0202 0.0000	</row1>
					<row2>	0.0000 0.0202 -0.9998 0.0000	</row2>
					<row3>	-0.2923 0.3245 -5.2083 1.0000	</row3>
				</transform>
			</node>
			<node>
				<identifier>	MP_GM535_Life_Boat_2_INDEX_7	</identifier>
				<transform>
					<row0>	-1.0000 0.0000 0.0000 0.0000	</row0>
					<row1>	0.0000 0.9998 0.0202 0.0000	</row1>
					<row2>	0.0000 0.0202 -0.9998 0.0000	</row2>
					<row3>	0.4026 0.3245 -5.2083 1.0000	</row3>
				</transform>
			</node>
			<node>
				<identifier>	MP_GM605_Indicator	</identifier>
				<transform>
					<row0>	0.5863 0.0000 0.8101 0.0000	</row0>
					<row1>	0.0000 1.0000 0.0000 0.0000	</row1>
					<row2>	-0.8101 0.0000 0.5863 0.0000	</row2>
					<row3>	0.2679 0.7664 -2.5500 1.0000	</row3>
				</transform>
			</node>
			<node>
				<identifier>	MP_GM605_Indicator_INDEX_1	</identifier>
				<transform>
					<row0>	0.5863 0.0000 -0.8101 0.0000	</row0>
					<row1>	0.0000 1.0000 0.0000 0.0000	</row1>
					<row2>	0.8101 0.0000 0.5863 0.0000	</row2>
					<row3>	-0.2679 0.7664 -2.5500 1.0000	</row3>
				</transform>
			</node>
			<node>
				<identifier>	MP_GM612_Target_Giver	</identifier>
				<transform>
					<row0>	-1.0000 0.0000 0.0000 0.0000	</row0>
					<row1>	0.0000 1.0000 0.0000 0.0000	</row1>
					<row2>	0.0000 0.0000 -1.0000 0.0000	</row2>
					<row3>	0.0000 0.7089 -2.6169 1.0000	</row3>
				</transform>
			</node>
			<node>
				<identifier>	MP_GM625_Telephone	</identifier>
				<transform>
					<row0>	-1.0000 0.0000 0.0000 0.0000	</row0>
					<row1>	0.0000 1.0000 0.0000 0.0000	</row1>
					<row2>	0.0000 0.0000 -1.0000 0.0000	</row2>
					<row3>	0.0817 0.5475 -1.1343 1.0000	</row3>
				</transform>
			</node>
			<node>
				<identifier>	MP_GM625_Telephone_INDEX_1	</identifier>
				<transform>
					<row0>	-0.1319 0.0000 -0.9913 0.0000	</row0>
					<row1>	0.0000 1.0000 0.0000 0.0000	</row1>
					<row2>	0.9913 0.0000 -0.1319 0.0000	</row2>
					<row3>	-0.1185 0.7821 -2.3412 1.0000	</row3>
				</transform>
			</node>
			<node>
				<identifier>	MP_GM625_Telephone_INDEX_2	</identifier>
				<transform>
					<row0>	-0.1319 0.0000 0.9913 0.0000	</row0>
					<row1>	0.0000 1.0000 0.0000 0.0000	</row1>
					<row2>	-0.9913 0.0000 -0.1319 0.0000	</row2>
					<row3>	0.1185 0.7821 -2.3412 1.0000	</row3>
				</transform>
			</node>
			<node>
				<identifier>	MP_GM700_AmmoBox	</identifier>
				<transform>
					<row0>	0.9800 0.0000 -0.1988 0.0000	</row0>
					<row1>	0.0000 1.0000 0.0000 0.0000	</row1>
					<row2>	0.1988 0.0000 0.9800 0.0000	</row2>
					<row3>	0.2568 0.4654 -2.9552 1.0000	</row3>
				</transform>
			</node>
			<node>
				<identifier>	MP_GM700_AmmoBox_INDEX_1	</identifier>
				<transform>
					<row0>	0.9800 0.0000 0.1988 0.0000	</row0>
					<row1>	0.0000 1.0000 0.0000 0.0000	</row1>
					<row2>	-0.1988 0.0000 0.9800 0.0000	</row2>
					<row3>	-0.2568 0.4654 -2.9552 1.0000	</row3>
				</transform>
			</node>
			<node>
				<identifier>	MP_GM701_AmmoBox	</identifier>
				<transform>
					<row0>	0.5504 0.0000 -0.8349 0.0000	</row0>
					<row1>	0.0000 1.0000 0.0000 0.0000	</row1>
					<row2>	0.8349 0.0000 0.5504 0.0000	</row2>
					<row3>	0.1756 0.4654 -2.8927 1.0000	</row3>
				</transform>
			</node>
			<node>
				<identifier>	MP_GM701_AmmoBox_INDEX_1	</identifier>
				<transform>
					<row0>	-0.5950 0.0000 0.8037 0.0000	</row0>
					<row1>	0.0000 1.0000 0.0000 0.0000	</row1>
					<row2>	-0.8037 0.0000 -0.5950 0.0000	</row2>
					<row3>	0.2431 0.6648 -2.1717 1.0000	</row3>
				</transform>
			</node>
			<node>
				<identifier>	MP_GM701_AmmoBox_INDEX_2	</identifier>
				<transform>
					<row0>	0.5504 0.0000 0.8349 0.0000	</row0>
					<row1>	0.0000 1.0000 0.0000 0.0000	</row1>
					<row2>	-0.8349 0.0000 0.5504 0.0000	</row2>
					<row3>	-0.1756 0.4654 -2.8927 1.0000	</row3>
				</transform>
			</node>
			<node>
				<identifier>	MP_GM701_AmmoBox_INDEX_3	</identifier>
				<transform>
					<row0>	-0.1966 0.0000 0.9805 0.0000	</row0>
					<row1>	0.0000 1.0000 0.0000 0.0000	</row1>
					<row2>	-0.9805 0.0000 -0.1966 0.0000	</row2>
					<row3>	-0.1488 0.4654 -2.7806 1.0000	</row3>
				</transform>
			</node>
			<node>
				<identifier>	MP_GM701_AmmoBox_INDEX_4	</identifier>
				<transform>
					<row0>	-0.1966 0.0000 -0.9805 0.0000	</row0>
					<row1>	0.0000 1.0000 0.0000 0.0000	</row1>
					<row2>	0.9805 0.0000 -0.1966 0.0000	</row2>
					<row3>	0.1488 0.4654 -2.7806 1.0000	</row3>
				</transform>
			</node>
			<node>
				<identifier>	MP_GM701_AmmoBox_INDEX_5	</identifier>
				<transform>
					<row0>	-0.5950 0.0000 -0.8037 0.0000	</row0>
					<row1>	0.0000 1.0000 0.0000 0.0000	</row1>
					<row2>	0.8037 0.0000 -0.5950 0.0000	</row2>
					<row3>	-0.2431 0.6648 -2.1717 1.0000	</row3>
				</transform>
			</node>
			<node>
				<identifier>	MP_GM701_AmmoBox_INDEX_6	</identifier>
				<transform>
					<row0>	1.0000 0.0000 0.0000 0.0000	</row0>
					<row1>	0.0000 1.0000 0.0000 0.0000	</row1>
					<row2>	0.0000 0.0000 1.0000 0.0000	</row2>
					<row3>	-0.2526 0.6648 -1.9601 1.0000	</row3>
				</transform>
			</node>
			<node>
				<identifier>	MP_GM701_AmmoBox_INDEX_7	</identifier>
				<transform>
					<row0>	1.0000 0.0000 0.0000 0.0000	</row0>
					<row1>	0.0000 1.0000 0.0000 0.0000	</row1>
					<row2>	0.0000 0.0000 1.0000 0.0000	</row2>
					<row3>	0.2526 0.6648 -1.9601 1.0000	</row3>
				</transform>
			</node>
			<node>
				<identifier>	MP_GM754_Hatch	</identifier>
				<transform>
					<row0>	1.0000 0.0000 0.0000 0.0000	</row0>
					<row1>	0.0000 1.0000 0.0000 0.0000	</row1>
					<row2>	0.0000 0.0000 1.0000 0.0000	</row2>
					<row3>	-0.4287 0.3055 -4.0309 1.0000	</row3>
				</transform>
			</node>
			<node>
				<identifier>	MP_GM754_Hatch_INDEX_1	</identifier>
				<transform>
					<row0>	1.0000 0.0000 0.0000 0.0000	</row0>
					<row1>	0.0000 1.0000 0.0000 0.0000	</row1>
					<row2>	0.0000 0.0000 1.0000 0.0000	</row2>
					<row3>	0.4287 0.3055 -4.0309 1.0000	</row3>
				</transform>
			</node>
			<node>
				<identifier>	MP_GM757_Hatch	</identifier>
				<transform>
					<row0>	1.0000 0.0000 0.0000 0.0000	</row0>
					<row1>	0.0000 1.0000 0.0000 0.0000	</row1>
					<row2>	0.0000 0.0000 1.0000 0.0000	</row2>
					<row3>	-0.4885 0.3076 -3.9013 1.0000	</row3>
				</transform>
			</node>
			<node>
				<identifier>	MP_GM757_Hatch_INDEX_1	</identifier>
				<transform>
					<row0>	1.0000 0.0000 0.0000 0.0000	</row0>
					<row1>	0.0000 1.0000 0.0000 0.0000	</row1>
					<row2>	0.0000 0.0000 1.0000 0.0000	</row2>
					<row3>	0.4885 0.3076 -3.9013 1.0000	</row3>
				</transform>
			</node>
			<node>
				<identifier>	MP_GM757_Hatch_INDEX_2	</identifier>
				<transform>
					<row0>	1.0000 0.0000 0.0000 0.0000	</row0>
					<row1>	0.0000 1.0000 0.0000 0.0000	</row1>
					<row2>	0.0000 0.0000 1.0000 0.0000	</row2>
					<row3>	0.0000 0.4652 -2.8313 1.0000	</row3>
				</transform>
			</node>
			<node>
				<identifier>	MP_GM757_Hatch_INDEX_3	</identifier>
				<transform>
					<row0>	1.0000 0.0000 0.0000 0.0000	</row0>
					<row1>	0.0000 1.0000 0.0000 0.0000	</row1>
					<row2>	0.0000 0.0000 1.0000 0.0000	</row2>
					<row3>	0.0000 0.3240 -5.1829 1.0000	</row3>
				</transform>
			</node>
			<node>
				<identifier>	MP_GM757_Hatch_INDEX_4	</identifier>
				<transform>
					<row0>	1.0000 0.0000 0.0000 0.0000	</row0>
					<row1>	0.0000 1.0000 0.0000 0.0000	</row1>
					<row2>	0.0000 0.0000 1.0000 0.0000	</row2>
					<row3>	0.3509 0.3167 -4.7454 1.0000	</row3>
				</transform>
			</node>
			<node>
				<identifier>	MP_GM758_Hatch_Wall	</identifier>
				<transform>
					<row0>	0.0000 0.0000 -1.0000 0.0000	</row0>
					<row1>	0.0000 1.0000 0.0000 0.0000	</row1>
					<row2>	1.0000 0.0000 0.0000 0.0000	</row2>
					<row3>	0.4024 0.3024 -2.5670 1.0000	</row3>
				</transform>
			</node>
			<node>
				<identifier>	MP_GM758_Hatch_Wall_INDEX_1	</identifier>
				<transform>
					<row0>	0.0000 0.0000 1.0000 0.0000	</row0>
					<row1>	0.0000 1.0000 0.0000 0.0000	</row1>
					<row2>	-1.0000 0.0000 0.0000 0.0000	</row2>
					<row3>	-0.4024 0.3024 -2.5670 1.0000	</row3>
				</transform>
			</node>
			<node>
				<identifier>	MP_GM758_Hatch_Wall_INDEX_2	</identifier>
				<transform>
					<row0>	0.0000 0.0000 1.0000 0.0000	</row0>
					<row1>	0.0000 1.0000 0.0000 0.0000	</row1>
					<row2>	-1.0000 0.0000 0.0000 0.0000	</row2>
					<row3>	-0.4024 0.3021 -2.4335 1.0000	</row3>
				</transform>
			</node>
			<node>
				<identifier>	MP_GM758_Hatch_Wall_INDEX_3	</identifier>
				<transform>
					<row0>	0.0000 0.0000 1.0000 0.0000	</row0>
					<row1>	0.0000 1.0000 0.0000 0.0000	</row1>
					<row2>	-1.0000 0.0000 0.0000 0.0000	</row2>
					<row3>	-0.4024 0.3030 -2.7662 1.0000	</row3>
				</transform>
			</node>
			<node>
				<identifier>	MP_GM758_Hatch_Wall_INDEX_4	</identifier>
				<transform>
					<row0>	0.0000 0.0000 -1.0000 0.0000	</row0>
					<row1>	0.0000 1.0000 0.0000 0.0000	</row1>
					<row2>	1.0000 0.0000 0.0000 0.0000	</row2>
					<row3>	0.4024 0.3030 -2.7662 1.0000	</row3>
				</transform>
			</node>
			<node>
				<identifier>	MP_GM758_Hatch_Wall_INDEX_5	</identifier>
				<transform>
					<row0>	0.0000 0.0000 -1.0000 0.0000	</row0>
					<row1>	0.0000 1.0000 0.0000 0.0000	</row1>
					<row2>	1.0000 0.0000 0.0000 0.0000	</row2>
					<row3>	0.4024 0.3021 -2.4335 1.0000	</row3>
				</transform>
			</node>
			<node>
				<identifier>	MP_GM850_Searchlight	</identifier>
				<transform>
					<row0>	1.0000 0.0000 0.0000 0.0000	</row0>
					<row1>	0.0000 1.0000 0.0000 0.0000	</row1>
