<BSD302_Jupiter_1942_MidBack_ports.visual>
	<node>
		<identifier>	Scene Root	</identifier>
		<transform>
			<row0>	1.0000 0.0000 0.0000 0.0000	</row0>
			<row1>	0.0000 1.0000 0.0000 0.0000	</row1>
			<row2>	0.0000 0.0000 1.0000 0.0000	</row2>
			<row3>	0.0000 0.0000 0.0000 1.0000	</row3>
		</transform>
		<node>
			<identifier>	MidBack_ports	</identifier>
			<transform>
				<row0>	1.0000 0.0000 0.0000 0.0000	</row0>
				<row1>	0.0000 1.0000 0.0000 0.0000	</row1>
				<row2>	0.0000 0.0000 1.0000 0.0000	</row2>
				<row3>	0.0000 0.0000 0.0000 1.0000	</row3>
			</transform>
			<node>
				<identifier>	HP_BGB_1	</identifier>
				<transform>
					<row0>	0.0000 0.0000 1.0000 0.0000	</row0>
					<row1>	-0.0354 0.9994 0.0000 0.0000	</row1>
					<row2>	-0.9994 -0.0354 0.0000 0.0000	</row2>
					<row3>	-0.1168 0.1506 -1.9845 1.0000	</row3>
				</transform>
			</node>
			<node>
				<identifier>	HP_BGB_2	</identifier>
				<transform>
					<row0>	0.0000 0.0000 -1.0000 0.0000	</row0>
					<row1>	0.0322 0.9995 0.0000 0.0000	</row1>
					<row2>	0.9995 -0.0322 0.0000 0.0000	</row2>
					<row3>	0.1168 0.1506 -1.9862 1.0000	</row3>
				</transform>
			</node>
			<node>
				<identifier>	HP_BGB_3	</identifier>
				<transform>
					<row0>	-1.0000 0.0000 0.0000 0.0000	</row0>
					<row1>	0.0000 1.0000 0.0000 0.0000	</row1>
					<row2>	0.0000 0.0000 -1.0000 0.0000	</row2>
					<row3>	0.0000 0.1530 -3.5535 1.0000	</row3>
				</transform>
			</node>
			<node>
				<identifier>	HP_BGM_3	</identifier>
				<transform>
					<row0>	-1.0000 0.0000 0.0000 0.0000	</row0>
					<row1>	0.0000 1.0000 0.0000 0.0000	</row1>
					<row2>	0.0000 0.0000 -1.0000 0.0000	</row2>
					<row3>	0.0000 0.3052 -2.4901 1.0000	</row3>
				</transform>
			</node>
			<node>
				<identifier>	HP_BGS_1	</identifier>
				<transform>
					<row0>	-1.0000 0.0000 0.0000 0.0000	</row0>
					<row1>	0.0000 1.0000 0.0000 0.0000	</row1>
					<row2>	0.0000 0.0000 -1.0000 0.0000	</row2>
					<row3>	0.0000 0.1769 -1.4922 1.0000	</row3>
				</transform>
			</node>
			<node>
				<identifier>	HP_BGT_1	</identifier>
				<transform>
					<row0>	-1.0000 0.0000 0.0000 0.0000	</row0>
					<row1>	0.0000 1.0000 0.0000 0.0000	</row1>
					<row2>	0.0000 0.0000 -1.0000 0.0000	</row2>
					<row3>	0.0000 0.1504 -0.6416 1.0000	</row3>
				</transform>
			</node>
			<node>
				<identifier>	HP_FX_Fire_3	</identifier>
				<transform>
					<row0>	1.0000 0.0000 0.0000 0.0000	</row0>
					<row1>	0.0000 1.0000 0.0000 0.0000	</row1>
					<row2>	0.0000 0.0000 1.0000 0.0000	</row2>
					<row3>	0.0000 0.1779 -1.5076 1.0000	</row3>
				</transform>
			</node>
			<node>
				<identifier>	HP_Ship_death_2	</identifier>
				<transform>
					<row0>	1.0000 0.0000 0.0000 0.0000	</row0>
					<row1>	0.0000 1.0000 0.0000 0.0000	</row1>
					<row2>	0.0000 0.0000 1.0000 0.0000	</row2>
					<row3>	0.0000 0.0000 -0.5721 1.0000	</row3>
				</transform>
			</node>
			<node>
				<identifier>	MP_BM001_Paravane	</identifier>
				<transform>
					<row0>	-0.8945 0.0076 0.4470 0.0000	</row0>
					<row1>	0.0379 0.9976 0.0588 0.0000	</row1>
					<row2>	-0.4455 0.0695 -0.8926 0.0000	</row2>
					<row3>	0.1509 0.1843 -3.3437 1.0000	</row3>
				</transform>
			</node>
			<node>
				<identifier>	MP_BM001_Paravane_INDEX_1	</identifier>
				<transform>
					<row0>	-0.8945 -0.0077 -0.4470 0.0000	</row0>
					<row1>	-0.0379 0.9975 0.0588 0.0000	</row1>
					<row2>	0.4454 0.0695 -0.8926 0.0000	</row2>
					<row3>	-0.1509 0.1843 -3.3437 1.0000	</row3>
				</transform>
			</node>
			<node>
				<identifier>	MP_BM009_Depth_Charge	</identifier>
				<transform>
					<row0>	1.0000 0.0000 0.0000 0.0000	</row0>
					<row1>	0.0000 0.0000 -1.0000 0.0000	</row1>
					<row2>	0.0000 1.0000 0.0000 0.0000	</row2>
					<row3>	-0.1138 0.2153 -1.8929 1.0000	</row3>
				</transform>
			</node>
			<node>
				<identifier>	MP_BM009_Depth_Charge_INDEX_1	</identifier>
				<transform>
					<row0>	1.0000 0.0000 0.0000 0.0000	</row0>
					<row1>	0.0000 0.0000 -1.0000 0.0000	</row1>
					<row2>	0.0000 1.0000 0.0000 0.0000	</row2>
					<row3>	-0.1508 0.2153 -1.8666 1.0000	</row3>
				</transform>
			</node>
			<node>
				<identifier>	MP_BM009_Depth_Charge_INDEX_10	</identifier>
				<transform>
					<row0>	-0.9980 0.0632 -0.0009 0.0000	</row0>
					<row1>	-0.0009 0.0000 1.0000 0.0000	</row1>
					<row2>	0.0632 0.9980 0.0002 0.0000	</row2>
					<row3>	0.2110 0.1515 -2.6967 1.0000	</row3>
				</transform>
			</node>
			<node>
				<identifier>	MP_BM009_Depth_Charge_INDEX_11	</identifier>
				<transform>
					<row0>	-0.9975 0.0706 -0.0018 0.0000	</row0>
					<row1>	-0.0018 -0.0011 1.0000 0.0000	</row1>
					<row2>	0.0706 0.9975 0.0012 0.0000	</row2>
					<row3>	0.2109 0.1515 -2.6342 1.0000	</row3>
				</transform>
			</node>
			<node>
				<identifier>	MP_BM009_Depth_Charge_INDEX_12	</identifier>
				<transform>
					<row0>	-0.9975 0.0706 -0.0018 0.0000	</row0>
					<row1>	-0.0018 0.0000 1.0000 0.0000	</row1>
					<row2>	0.0706 0.9975 0.0002 0.0000	</row2>
					<row3>	0.2109 0.1515 -2.5837 1.0000	</row3>
				</transform>
			</node>
			<node>
				<identifier>	MP_BM009_Depth_Charge_INDEX_13	</identifier>
				<transform>
					<row0>	-0.9975 0.0706 -0.0018 0.0000	</row0>
					<row1>	-0.0018 0.0000 1.0000 0.0000	</row1>
					<row2>	0.0706 0.9975 0.0002 0.0000	</row2>
					<row3>	-0.2109 0.1515 -2.5837 1.0000	</row3>
				</transform>
			</node>
			<node>
				<identifier>	MP_BM009_Depth_Charge_INDEX_2	</identifier>
				<transform>
					<row0>	1.0000 0.0000 0.0000 0.0000	</row0>
					<row1>	0.0000 0.0000 -1.0000 0.0000	</row1>
					<row2>	0.0000 1.0000 0.0000 0.0000	</row2>
					<row3>	-0.1888 0.2153 -1.8666 1.0000	</row3>
				</transform>
			</node>
			<node>
				<identifier>	MP_BM009_Depth_Charge_INDEX_3	</identifier>
				<transform>
					<row0>	-0.9978 -0.0661 0.0001 0.0000	</row0>
					<row1>	0.0001 0.0000 1.0000 0.0000	</row1>
					<row2>	-0.0661 0.9978 0.0000 0.0000	</row2>
					<row3>	-0.2110 0.1514 -2.7475 1.0000	</row3>
				</transform>
			</node>
			<node>
				<identifier>	MP_BM009_Depth_Charge_INDEX_4	</identifier>
				<transform>
					<row0>	1.0000 0.0000 0.0000 0.0000	</row0>
					<row1>	0.0000 0.0000 -1.0000 0.0000	</row1>
					<row2>	0.0000 1.0000 0.0000 0.0000	</row2>
					<row3>	0.1510 0.2153 -1.8668 1.0000	</row3>
				</transform>
			</node>
			<node>
				<identifier>	MP_BM009_Depth_Charge_INDEX_5	</identifier>
				<transform>
					<row0>	-0.9980 -0.0632 0.0004 0.0000	</row0>
					<row1>	0.0004 0.0004 1.0000 0.0000	</row1>
					<row2>	-0.0632 0.9980 -0.0004 0.0000	</row2>
					<row3>	-0.2109 0.1515 -2.6342 1.0000	</row3>
				</transform>
			</node>
			<node>
				<identifier>	MP_BM009_Depth_Charge_INDEX_6	</identifier>
				<transform>
					<row0>	-0.9980 -0.0632 -0.0010 0.0000	</row0>
					<row1>	-0.0010 -0.0002 1.0000 0.0000	</row1>
					<row2>	-0.0632 0.9980 0.0001 0.0000	</row2>
					<row3>	-0.2110 0.1515 -2.6967 1.0000	</row3>
				</transform>
			</node>
			<node>
				<identifier>	MP_BM009_Depth_Charge_INDEX_7	</identifier>
				<transform>
					<row0>	1.0000 0.0000 0.0000 0.0000	</row0>
					<row1>	0.0000 0.0000 -1.0000 0.0000	</row1>
					<row2>	0.0000 1.0000 0.0000 0.0000	</row2>
					<row3>	0.1139 0.2153 -1.8929 1.0000	</row3>
				</transform>
			</node>
			<node>
				<identifier>	MP_BM009_Depth_Charge_INDEX_8	</identifier>
				<transform>
					<row0>	1.0000 0.0000 0.0000 0.0000	</row0>
					<row1>	0.0000 0.0000 -1.0000 0.0000	</row1>
					<row2>	0.0000 1.0000 0.0000 0.0000	</row2>
					<row3>	0.1890 0.2153 -1.8669 1.0000	</row3>
				</transform>
			</node>
			<node>
				<identifier>	MP_BM009_Depth_Charge_INDEX_9	</identifier>
				<transform>
					<row0>	-0.9977 0.0683 -0.0001 0.0000	</row0>
					<row1>	0.0000 0.0008 1.0000 0.0000	</row1>
					<row2>	0.0683 0.9977 -0.0008 0.0000	</row2>
					<row3>	0.2110 0.1514 -2.7475 1.0000	</row3>
				</transform>
			</node>
			<node>
				<identifier>	MP_BM019_Reels_1	</identifier>
				<transform>
					<row0>	-0.5000 0.0000 0.0000 0.0000	</row0>
					<row1>	0.0000 0.0000 -0.5000 0.0000	</row1>
					<row2>	0.0000 -0.5000 0.0000 0.0000	</row2>
					<row3>	-0.0442 0.3082 -1.1176 1.0000	</row3>
				</transform>
			</node>
			<node>
				<identifier>	MP_BM019_Reels_1_INDEX_1	</identifier>
				<transform>
					<row0>	0.0000 0.0000 -0.4000 0.0000	</row0>
					<row1>	0.4000 0.0000 0.0000 0.0000	</row1>
					<row2>	0.0000 -0.4000 0.0000 0.0000	</row2>
					<row3>	0.0984 0.3082 -1.0876 1.0000	</row3>
				</transform>
			</node>
			<node>
				<identifier>	MP_BM020_Smoke_floats	</identifier>
				<transform>
					<row0>	0.8998 0.0203 0.0000 0.0000	</row0>
					<row1>	-0.0203 0.8998 0.0000 0.0000	</row1>
					<row2>	0.0000 0.0000 0.9000 0.0000	</row2>
					<row3>	-0.0263 0.3031 -2.0989 1.0000	</row3>
				</transform>
			</node>
			<node>
				<identifier>	MP_BM020_Smoke_floats_INDEX_1	</identifier>
				<transform>
					<row0>	0.8998 0.0203 0.0000 0.0000	</row0>
					<row1>	-0.0203 0.8998 0.0000 0.0000	</row1>
					<row2>	0.0000 0.0000 0.9000 0.0000	</row2>
					<row3>	-0.0922 0.3016 -2.1010 1.0000	</row3>
				</transform>
			</node>
			<node>
				<identifier>	MP_BM020_Smoke_floats_INDEX_2	</identifier>
				<transform>
					<row0>	0.8998 0.0203 0.0000 0.0000	</row0>
					<row1>	-0.0203 0.8998 0.0000 0.0000	</row1>
					<row2>	0.0000 0.0000 0.9000 0.0000	</row2>
					<row3>	-0.0927 0.3016 -2.1390 1.0000	</row3>
				</transform>
			</node>
			<node>
				<identifier>	MP_BM020_Smoke_floats_INDEX_3	</identifier>
				<transform>
					<row0>	0.8998 0.0203 0.0000 0.0000	</row0>
					<row1>	-0.0203 0.8998 0.0000 0.0000	</row1>
					<row2>	0.0000 0.0000 0.9000 0.0000	</row2>
					<row3>	-0.0593 0.3024 -2.1190 1.0000	</row3>
				</transform>
			</node>
			<node>
				<identifier>	MP_BM020_Smoke_floats_INDEX_4	</identifier>
				<transform>
					<row0>	0.8998 0.0203 0.0000 0.0000	</row0>
					<row1>	-0.0203 0.8998 0.0000 0.0000	</row1>
					<row2>	0.0000 0.0000 0.9000 0.0000	</row2>
					<row3>	-0.0927 0.3016 -2.0605 1.0000	</row3>
				</transform>
			</node>
			<node>
				<identifier>	MP_BM020_Smoke_floats_INDEX_5	</identifier>
				<transform>
					<row0>	0.8998 0.0203 0.0000 0.0000	</row0>
					<row1>	-0.0203 0.8998 0.0000 0.0000	</row1>
					<row2>	0.0000 0.0000 0.9000 0.0000	</row2>
					<row3>	-0.0611 0.3023 -2.0801 1.0000	</row3>
				</transform>
			</node>
			<node>
				<identifier>	MP_BM038_Helmets	</identifier>
				<transform>
					<row0>	1.0000 0.0000 0.0000 0.0000	</row0>
					<row1>	0.0000 1.0000 0.0000 0.0000	</row1>
					<row2>	0.0000 0.0000 1.0000 0.0000	</row2>
					<row3>	-0.1126 0.2078 -2.0341 1.0000	</row3>
				</transform>
			</node>
			<node>
				<identifier>	MP_BM045_Smoke_Apparatus	</identifier>
				<transform>
					<row0>	1.0000 0.0000 0.0000 0.0000	</row0>
					<row1>	0.0000 1.0000 0.0000 0.0000	</row1>
					<row2>	0.0000 0.0000 1.0000 0.0000	</row2>
					<row3>	0.0000 0.1536 -3.0354 1.0000	</row3>
				</transform>
			</node>
			<node>
				<identifier>	MP_BM076_Float	</identifier>
				<transform>
					<row0>	1.0000 0.0000 0.0000 0.0000	</row0>
					<row1>	0.0000 1.0000 0.0000 0.0000	</row1>
					<row2>	0.0000 0.0000 1.0000 0.0000	</row2>
					<row3>	0.1184 0.3197 -2.1527 1.0000	</row3>
				</transform>
			</node>
			<node>
				<identifier>	MP_BM076_Float_INDEX_1	</identifier>
				<transform>
					<row0>	0.4517 0.0000 -0.8922 0.0000	</row0>
					<row1>	0.0000 1.0000 0.0000 0.0000	</row1>
					<row2>	0.8922 0.0000 0.4517 0.0000	</row2>
					<row3>	-0.1545 0.1663 -3.3275 1.0000	</row3>
				</transform>
			</node>
			<node>
				<identifier>	MP_BM076_Float_INDEX_2	</identifier>
				<transform>
					<row0>	0.4517 0.0000 0.8922 0.0000	</row0>
					<row1>	0.0000 1.0000 0.0000 0.0000	</row1>
					<row2>	-0.8922 0.0000 0.4517 0.0000	</row2>
					<row3>	0.1546 0.1664 -3.3275 1.0000	</row3>
				</transform>
			</node>
			<node>
				<identifier>	MP_BM509_Liferaft_type_20_10ft	</identifier>
				<transform>
					<row0>	-0.1985 -0.9801 0.0000 0.0000	</row0>
					<row1>	0.9801 -0.1985 0.0000 0.0000	</row1>
					<row2>	0.0000 0.0000 1.0000 0.0000	</row2>
					<row3>	0.1951 0.2343 -2.6121 1.0000	</row3>
				</transform>
			</node>
			<node>
				<identifier>	MP_BM509_Liferaft_type_20_10ft_INDEX_1	</identifier>
				<transform>
					<row0>	-0.1962 0.9806 0.0000 0.0000	</row0>
					<row1>	-0.9806 -0.1962 0.0000 0.0000	</row1>
					<row2>	0.0000 0.0000 1.0000 0.0000	</row2>
					<row3>	-0.1952 0.2343 -2.6121 1.0000	</row3>
				</transform>
			</node>
			<node>
				<identifier>	MP_BM527_Liferaft_type_20_8ft	</identifier>
				<transform>
					<row0>	0.1214 -0.9926 0.0000 0.0000	</row0>
					<row1>	0.9926 0.1214 0.0000 0.0000	</row1>
					<row2>	0.0000 0.0000 1.0000 0.0000	</row2>
					<row3>	0.2772 0.3001 -0.9617 1.0000	</row3>
				</transform>
			</node>
			<node>
				<identifier>	MP_BM527_Liferaft_type_20_8ft_INDEX_1	</identifier>
				<transform>
					<row0>	0.1214 0.9926 0.0000 0.0000	</row0>
					<row1>	-0.9926 0.1214 0.0000 0.0000	</row1>
					<row2>	0.0000 0.0000 1.0000 0.0000	</row2>
					<row3>	-0.2772 0.2999 -0.9627 1.0000	</row3>
				</transform>
			</node>
			<node>
				<identifier>	MP_BM603_Compass_Binnacle	</identifier>
				<transform>
					<row0>	1.0000 0.0000 0.0000 0.0000	</row0>
					<row1>	0.0000 1.0000 0.0000 0.0000	</row1>
					<row2>	0.0000 0.0000 1.0000 0.0000	</row2>
					<row3>	-0.0011 0.3553 -0.9357 1.0000	</row3>
				</transform>
			</node>
			<node>
				<identifier>	MP_BM607_Telegraph_Engine_R	</identifier>
				<transform>
					<row0>	0.0000 0.0000 1.0000 0.0000	</row0>
					<row1>	0.0000 1.0000 0.0000 0.0000	</row1>
					<row2>	-1.0000 0.0000 0.0000 0.0000	</row2>
					<row3>	0.0456 0.3524 -0.9514 1.0000	</row3>
				</transform>
			</node>
			<node>
				<identifier>	MP_BM607_Telegraph_Engine_R_INDEX_1	</identifier>
				<transform>
					<row0>	0.0000 0.0000 -1.0000 0.0000	</row0>
					<row1>	0.0000 1.0000 0.0000 0.0000	</row1>
					<row2>	1.0000 0.0000 0.0000 0.0000	</row2>
					<row3>	-0.0468 0.3522 -0.9536 1.0000	</row3>
				</transform>
			</node>
			<node>
				<identifier>	MP_BM620_Voice_Tube	</identifier>
				<transform>
					<row0>	1.0000 0.0000 0.0000 0.0000	</row0>
					<row1>	0.0000 1.0000 0.0000 0.0000	</row1>
					<row2>	0.0000 0.0000 1.0000 0.0000	</row2>
					<row3>	-0.0380 0.3549 -0.9755 1.0000	</row3>
				</transform>
			</node>
			<node>
				<identifier>	MP_BM620_Voice_Tube_INDEX_1	</identifier>
				<transform>
					<row0>	1.0000 0.0000 0.0000 0.0000	</row0>
					<row1>	0.0000 1.0000 0.0000 0.0000	</row1>
					<row2>	0.0000 0.0000 1.0000 0.0000	</row2>
					<row3>	0.0382 0.3551 -0.9755 1.0000	</row3>
				</transform>
			</node>
			<node>
				<identifier>	MP_BM715_Locker	</identifier>
				<transform>
					<row0>	1.0000 0.0000 0.0000 0.0000	</row0>
					<row1>	0.0000 1.0000 0.0000 0.0000	</row1>
					<row2>	0.0000 0.0000 1.0000 0.0000	</row2>
					<row3>	-0.1403 0.3001 -2.1161 1.0000	</row3>
				</transform>
			</node>
			<node>
				<identifier>	MP_BM852_Searchlight_44in	</identifier>
				<transform>
					<row0>	1.0000 0.0000 0.0000 0.0000	</row0>
					<row1>	0.0000 1.0000 0.0000 0.0000	</row1>
					<row2>	0.0000 0.0000 1.0000 0.0000	</row2>
					<row3>	0.0000 0.3631 -1.1174 1.0000	</row3>
				</transform>
			</node>
			<node>
				<identifier>	MP_BM857_Fog_Light	</identifier>
				<transform>
					<row0>	-1.0000 0.0000 0.0000 0.0000	</row0>
					<row1>	0.0000 1.0000 0.0000 0.0000	</row1>
					<row2>	0.0000 0.0000 -1.0000 0.0000	</row2>
					<row3>	0.0000 0.3433 -2.8354 1.0000	</row3>
				</transform>
			</node>
			<node>
				<identifier>	MP_BM872_Running_Lights_B	</identifier>
				<transform>
					<row0>	-1.0000 0.0000 0.0000 0.0000	</row0>
					<row1>	0.0000 1.0000 0.0000 0.0000	</row1>
					<row2>	0.0000 0.0000 -1.0000 0.0000	</row2>
					<row3>	-0.0481 0.2315 -3.5512 1.0000	</row3>
				</transform>
			</node>
			<node>
				<identifier>	MP_BM872_Running_Lights_B_INDEX_1	</identifier>
				<transform>
					<row0>	-1.0000 0.0000 0.0000 0.0000	</row0>
					<row1>	0.0000 1.0000 0.0000 0.0000	</row1>
					<row2>	0.0000 0.0000 -1.0000 0.0000	</row2>
					<row3>	0.0000 0.3015 -2.8441 1.0000	</row3>
				</transform>
			</node>
			<node>
				<identifier>	MP_CM001_Propeller3_L	</identifier>
				<transform>
					<row0>	0.4264 0.4216 -0.0209 0.0000	</row0>
					<row1>	-0.4220 0.4251 -0.0352 0.0000	</row1>
					<row2>	-0.0099 0.0397 0.5986 0.0000	</row2>
					<row3>	-0.1422 -0.2404 -3.1918 1.0000	</row3>
				</transform>
			</node>
			<node>
				<identifier>	MP_CM011_Fire_Fighting_Gear	</identifier>
				<transform>
					<row0>	0.0000 0.0000 -1.0000 0.0000	</row0>
					<row1>	0.0000 1.0000 0.0000 0.0000	</row1>
					<row2>	1.0000 0.0000 0.0000 0.0000	</row2>
					<row3>	-0.1104 0.1513 -1.0784 1.0000	</row3>
				</transform>
			</node>
			<node>
				<identifier>	MP_CM011_Fire_Fighting_Gear_INDEX_1	</identifier>
				<transform>
					<row0>	-0.0084 0.0000 1.0000 0.0000	</row0>
					<row1>	0.0000 1.0000 0.0000 0.0000	</row1>
					<row2>	-1.0000 0.0000 -0.0084 0.0000	</row2>
					<row3>	0.0214 0.1541 -2.8405 1.0000	</row3>
				</transform>
			</node>
			<node>
				<identifier>	MP_CM011_Fire_Fighting_Gear_INDEX_2	</identifier>
				<transform>
					<row0>	-0.1186 0.0000 0.9929 0.0000	</row0>
					<row1>	0.0000 1.0000 0.0000 0.0000	</row1>
					<row2>	-0.9929 0.0000 -0.1186 0.0000	</row2>
					<row3>	0.1751 0.1516 -2.0671 1.0000	</row3>
				</transform>
			</node>
			<node>
				<identifier>	MP_CM012_Fire_Hose_Rack_1	</identifier>
				<transform>
					<row0>	1.0000 0.0000 0.0000 0.0000	</row0>
					<row1>	0.0000 1.0000 0.0000 0.0000	</row1>
					<row2>	0.0000 0.0000 1.0000 0.0000	</row2>
					<row3>	-0.0998 0.2480 -1.0810 1.0000	</row3>
				</transform>
			</node>
			<node>
				<identifier>	MP_CM012_Fire_Hose_Rack_1_INDEX_1	</identifier>
				<transform>
					<row0>	-0.0018 0.0000 -1.0000 0.0000	</row0>
					<row1>	0.0000 1.0000 0.0000 0.0000	</row1>
					<row2>	1.0000 0.0000 -0.0018 0.0000	</row2>
					<row3>	0.1359 0.2004 -2.0348 1.0000	</row3>
				</transform>
			</node>
			<node>
				<identifier>	MP_CM012_Fire_Hose_Rack_1_INDEX_2	</identifier>
				<transform>
					<row0>	0.0000 0.0000 1.0000 0.0000	</row0>
					<row1>	0.0000 1.0000 0.0000 0.0000	</row1>
					<row2>	-1.0000 0.0000 0.0000 0.0000	</row2>
					<row3>	-0.0191 0.1952 -2.8347 1.0000	</row3>
				</transform>
			</node>
			<node>
				<identifier>	MP_CM029_Emergency_Box	</identifier>
				<transform>
					<row0>	1.0000 0.0000 0.0000 0.0000	</row0>
					<row1>	0.0000 1.0000 0.0000 0.0000	</row1>
					<row2>	0.0000 0.0000 1.0000 0.0000	</row2>
					<row3>	0.0492 0.2380 -1.1241 1.0000	</row3>
				</transform>
			</node>
			<node>
				<identifier>	MP_CM029_Emergency_Box_INDEX_1	</identifier>
				<transform>
					<row0>	0.0000 0.0000 -1.0000 0.0000	</row0>
					<row1>	0.0000 1.0000 0.0000 0.0000	</row1>
					<row2>	1.0000 0.0000 0.0000 0.0000	</row2>
					<row3>	-0.1910 0.2246 -2.5642 1.0000	</row3>
				</transform>
			</node>
			<node>
				<identifier>	MP_CM032_Propeller3_R	</identifier>
				<transform>
					<row0>	0.4238 0.4232 -0.0351 0.0000	</row0>
					<row1>	-0.4246 0.4234 -0.0210 0.0000	</row1>
					<row2>	0.0100 0.0396 0.5986 0.0000	</row2>
					<row3>	0.1422 -0.2404 -3.1918 1.0000	</row3>
				</transform>
			</node>
			<node>
				<identifier>	MP_CM040_Steering_Wheel	</identifier>
				<transform>
					<row0>	1.0000 0.0000 0.0000 0.0000	</row0>
					<row1>	0.0000 1.0000 0.0000 0.0000	</row1>
					<row2>	0.0000 0.0000 1.0000 0.0000	</row2>
					<row3>	-0.0008 0.3554 -0.9712 1.0000	</row3>
				</transform>
			</node>
			<node>
				<identifier>	MP_CM052_Fender	</identifier>
				<transform>
					<row0>	-0.5331 0.0000 -0.2754 0.0000	</row0>
					<row1>	0.0000 0.6000 0.0000 0.0000	</row1>
					<row2>	0.2754 0.0000 -0.5331 0.0000	</row2>
					<row3>	0.0861 0.1539 -2.8388 1.0000	</row3>
				</transform>
			</node>
			<node>
				<identifier>	MP_CM056_Ships_bell	</identifier>
				<transform>
					<row0>	0.7000 0.0000 0.0000 0.0000	</row0>
					<row1>	0.0000 0.7000 0.0000 0.0000	</row1>
					<row2>	0.0000 0.0000 0.7000 0.0000	</row2>
					<row3>	0.0141 0.2936 -2.0145 1.0000	</row3>
				</transform>
			</node>
			<node>
				<identifier>	MP_CM057_Accommodation_Ladder_Closed	</identifier>
				<transform>
					<row0>	0.9982 0.0607 0.0002 0.0000	</row0>
					<row1>	-0.0607 0.9981 0.0042 0.0000	</row1>
					<row2>	0.0000 -0.0042 1.0000 0.0000	</row2>
					<row3>	-0.2000 0.1495 -0.4558 1.0000	</row3>
				</transform>
			</node>
			<node>
				<identifier>	MP_CM057_Accommodation_Ladder_Closed_INDEX_1	</identifier>
				<transform>
					<row0>	0.0000 0.0000 -1.0000 0.0000	</row0>
					<row1>	0.0000 1.0000 0.0000 0.0000	</row1>
					<row2>	1.0000 0.0000 0.0000 0.0000	</row2>
					<row3>	0.1772 0.1556 -1.7949 1.0000	</row3>
				</transform>
			</node>
			<node>
				<identifier>	MP_CM126_Cleat	</identifier>
				<transform>
					<row0>	-0.6993 0.0000 0.0307 0.0000	</row0>
					<row1>	-0.0307 0.0000 -0.6993 0.0000	</row1>
					<row2>	0.0000 -0.7000 0.0000 0.0000	</row2>
					<row3>	0.1540 0.2101 -1.9397 1.0000	</row3>
				</transform>
			</node>
			<node>
				<identifier>	MP_CM126_Cleat_INDEX_1	</identifier>
				<transform>
					<row0>	-0.4014 0.0000 -0.5735 0.0000	</row0>
					<row1>	0.5735 0.0000 -0.4014 0.0000	</row1>
					<row2>	0.0000 -0.7000 0.0000 0.0000	</row2>
					<row3>	0.0369 0.1971 -3.3364 1.0000	</row3>
				</transform>
			</node>
			<node>
				<identifier>	MP_CM126_Cleat_INDEX_2	</identifier>
				<transform>
					<row0>	-0.5840 0.0000 -0.3860 0.0000	</row0>
					<row1>	0.3860 0.0000 -0.5840 0.0000	</row1>
					<row2>	0.0000 -0.7000 0.0000 0.0000	</row2>
					<row3>	-0.1532 0.2088 -1.9393 1.0000	</row3>
				</transform>
			</node>
			<node>
				<identifier>	MP_WM531_Denton_raft	</identifier>
				<transform>
					<row0>	-0.7071 0.0000 0.7071 0.0000	</row0>
					<row1>	0.0000 1.0000 0.0000 0.0000	</row1>
					<row2>	-0.7071 0.0000 -0.7071 0.0000	</row2>
					<row3>	0.2054 0.1984 -1.2867 1.0000	</row3>
				</transform>
			</node>
			<node>
				<identifier>	MP_WM531_Denton_raft_INDEX_1	</identifier>
				<transform>
					<row0>	0.7071 0.0000 0.7071 0.0000	</row0>
					<row1>	0.0000 1.0000 0.0000 0.0000	</row1>
					<row2>	-0.7071 0.0000 0.7071 0.0000	</row2>
					<row3>	0.2054 0.1984 -1.6976 1.0000	</row3>
				</transform>
			</node>
			<node>
				<identifier>	MP_WM531_Denton_raft_INDEX_2	</identifier>
				<transform>
					<row0>	-0.7071 0.0000 -0.7071 0.0000	</row0>
					<row1>	0.0000 1.0000 0.0000 0.0000	</row1>
					<row2>	0.7071 0.0000 -0.7071 0.0000	</row2>
					<row3>	-0.2055 0.1984 -1.2868 1.0000	</row3>
				</transform>
			</node>
			<node>
				<identifier>	MP_WM531_Denton_raft_INDEX_3	</identifier>
				<transform>
					<row0>	0.7071 0.0000 -0.7071 0.0000	</row0>
					<row1>	0.0000 1.0000 0.0000 0.0000	</row1>
					<row2>	0.7071 0.0000 0.7071 0.0000	</row2>
					<row3>	-0.2055 0.1984 -1.6975 1.0000	</row3>
				</transform>
			</node>
		</node>
	</node>
	<boundingBox>
		<min>	-0.0667 -0.0667 -0.0667	</min>
		<max>	0.0667 0.0667 0.0667	</max>
	</boundingBox>
</BSD302_Jupiter_1942_MidBack_ports.visual>
