<GSA002_Rhein_1945_Stern_ports.visual>
	<node>
		<identifier>	Scene Root	</identifier>
		<transform>
			<row0>	1.0000 0.0000 0.0000 0.0000	</row0>
			<row1>	0.0000 1.0000 0.0000 0.0000	</row1>
			<row2>	0.0000 0.0000 1.0000 0.0000	</row2>
			<row3>	0.0000 0.0000 0.0000 1.0000	</row3>
		</transform>
		<node>
			<identifier>	Stern_ports	</identifier>
			<transform>
				<row0>	1.0000 0.0000 0.0000 0.0000	</row0>
				<row1>	0.0000 1.0000 0.0000 0.0000	</row1>
				<row2>	0.0000 0.0000 1.0000 0.0000	</row2>
				<row3>	0.0000 0.0000 0.0000 1.0000	</row3>
			</transform>
			<node>
				<identifier>	HP_DeckLand	</identifier>
				<transform>
					<row0>	1.0000 0.0000 0.0000 0.0000	</row0>
					<row1>	0.0000 1.0000 0.0000 0.0000	</row1>
					<row2>	0.0000 0.0000 1.0000 0.0000	</row2>
					<row3>	0.0000 0.9356 -6.6610 1.0000	</row3>
				</transform>
			</node>
			<node>
				<identifier>	HP_DisappearPoint	</identifier>
				<transform>
					<row0>	1.0000 0.0000 0.0000 0.0000	</row0>
					<row1>	0.0000 1.0000 0.0000 0.0000	</row1>
					<row2>	0.0000 0.0000 1.0000 0.0000	</row2>
					<row3>	0.0000 0.7603 -5.2768 1.0000	</row3>
				</transform>
			</node>
			<node>
				<identifier>	HP_FX_Death_3	</identifier>
				<transform>
					<row0>	1.0000 0.0000 0.0000 0.0000	</row0>
					<row1>	0.0000 1.0000 0.0000 0.0000	</row1>
					<row2>	0.0000 0.0000 1.0000 0.0000	</row2>
					<row3>	0.0000 0.0000 -3.8048 1.0000	</row3>
				</transform>
			</node>
			<node>
				<identifier>	HP_FX_Fire_4	</identifier>
				<transform>
					<row0>	0.9291 0.0000 -0.3699 0.0000	</row0>
					<row1>	0.0000 1.0000 0.0000 0.0000	</row1>
					<row2>	0.3699 0.0000 0.9291 0.0000	</row2>
					<row3>	-0.1654 0.7274 -4.7971 1.0000	</row3>
				</transform>
			</node>
			<node>
				<identifier>	HP_FX_Fire_4_side_1	</identifier>
				<transform>
					<row0>	1.0000 0.0000 0.0000 0.0000	</row0>
					<row1>	0.0000 1.0000 0.0000 0.0000	</row1>
					<row2>	0.0000 0.0000 1.0000 0.0000	</row2>
					<row3>	0.3287 0.7174 -5.5003 1.0000	</row3>
				</transform>
			</node>
			<node>
				<identifier>	HP_FX_FloodLight_left_1	</identifier>
				<transform>
					<row0>	-1.0000 0.0000 0.0000 0.0000	</row0>
					<row1>	0.0000 1.0000 0.0000 0.0000	</row1>
					<row2>	0.0000 0.0000 -1.0000 0.0000	</row2>
					<row3>	-0.6197 0.5677 -4.0570 1.0000	</row3>
				</transform>
			</node>
			<node>
				<identifier>	HP_FX_FloodLight_right_2	</identifier>
				<transform>
					<row0>	1.0000 0.0000 0.0000 0.0000	</row0>
					<row1>	0.0000 1.0000 0.0000 0.0000	</row1>
					<row2>	0.0000 0.0000 1.0000 0.0000	</row2>
					<row3>	0.6197 0.5677 -4.0570 1.0000	</row3>
				</transform>
			</node>
			<node>
				<identifier>	HP_FX_Flood_water_left	</identifier>
				<transform>
					<row0>	-1.0000 0.0000 0.0000 0.0000	</row0>
					<row1>	0.0000 1.0000 0.0000 0.0000	</row1>
					<row2>	0.0000 0.0000 -1.0000 0.0000	</row2>
					<row3>	-0.3008 0.0450 -4.0947 1.0000	</row3>
				</transform>
			</node>
			<node>
				<identifier>	HP_FX_Flood_water_right	</identifier>
				<transform>
					<row0>	1.0000 0.0000 0.0000 0.0000	</row0>
					<row1>	0.0000 1.0000 0.0000 0.0000	</row1>
					<row2>	0.0000 0.0000 1.0000 0.0000	</row2>
					<row3>	0.3011 0.0455 -4.0943 1.0000	</row3>
				</transform>
			</node>
			<node>
				<identifier>	HP_FX_WakeTraceBack	</identifier>
				<transform>
					<row0>	1.0000 0.0000 0.0000 0.0000	</row0>
					<row1>	0.0000 1.0000 0.0000 0.0000	</row1>
					<row2>	0.0000 0.0000 1.0000 0.0000	</row2>
					<row3>	0.0000 0.0000 -5.5088 1.0000	</row3>
				</transform>
			</node>
			<node>
				<identifier>	HP_FX_WakeTrace_screw_1	</identifier>
				<transform>
					<row0>	1.0000 0.0000 0.0000 0.0000	</row0>
					<row1>	0.0000 1.0000 0.0000 0.0000	</row1>
					<row2>	0.0000 0.0000 1.0000 0.0000	</row2>
					<row3>	-0.2124 -0.1799 -4.8179 1.0000	</row3>
				</transform>
			</node>
			<node>
				<identifier>	HP_FX_WakeTrace_screw_2	</identifier>
				<transform>
					<row0>	1.0000 0.0000 0.0000 0.0000	</row0>
					<row1>	0.0000 1.0000 0.0000 0.0000	</row1>
					<row2>	0.0000 0.0000 1.0000 0.0000	</row2>
					<row3>	0.2124 -0.1799 -4.8179 1.0000	</row3>
				</transform>
			</node>
			<node>
				<identifier>	HP_GGA_3	</identifier>
				<transform>
					<row0>	-1.0000 0.0000 0.0000 0.0000	</row0>
					<row1>	0.0000 1.0000 0.0000 0.0000	</row1>
					<row2>	0.0000 0.0000 -1.0000 0.0000	</row2>
					<row3>	-0.3338 0.6008 -5.4852 1.0000	</row3>
				</transform>
			</node>
			<node>
				<identifier>	HP_GGA_4	</identifier>
				<transform>
					<row0>	-1.0000 0.0000 0.0000 0.0000	</row0>
					<row1>	0.0000 1.0000 0.0000 0.0000	</row1>
					<row2>	0.0000 0.0000 -1.0000 0.0000	</row2>
					<row3>	0.3338 0.6008 -5.4852 1.0000	</row3>
				</transform>
			</node>
			<node>
				<identifier>	HP_Ship_death_3	</identifier>
				<transform>
					<row0>	1.0000 0.0000 0.0000 0.0000	</row0>
					<row1>	0.0000 1.0000 0.0000 0.0000	</row1>
					<row2>	0.0000 0.0000 1.0000 0.0000	</row2>
					<row3>	0.0000 0.0000 -3.3861 1.0000	</row3>
				</transform>
			</node>
			<node>
				<identifier>	MP_CM011_Fire_Fighting_Gear	</identifier>
				<transform>
					<row0>	0.0000 0.0000 1.0000 0.0000	</row0>
					<row1>	0.0000 1.0000 0.0000 0.0000	</row1>
					<row2>	-1.0000 0.0000 0.0000 0.0000	</row2>
					<row3>	0.2062 0.4682 -5.2759 1.0000	</row3>
				</transform>
			</node>
			<node>
				<identifier>	MP_CM011_Fire_Fighting_Gear_INDEX_1	</identifier>
				<transform>
					<row0>	1.0000 0.0000 0.0000 0.0000	</row0>
					<row1>	0.0000 1.0000 0.0000 0.0000	</row1>
					<row2>	0.0000 0.0000 1.0000 0.0000	</row2>
					<row3>	0.3079 0.4682 -4.6937 1.0000	</row3>
				</transform>
			</node>
			<node>
				<identifier>	MP_CM011_Fire_Fighting_Gear_INDEX_2	</identifier>
				<transform>
					<row0>	0.0000 0.0000 -1.0000 0.0000	</row0>
					<row1>	0.0000 1.0000 0.0000 0.0000	</row1>
					<row2>	1.0000 0.0000 0.0000 0.0000	</row2>
					<row3>	-0.2062 0.4682 -5.2759 1.0000	</row3>
				</transform>
			</node>
			<node>
				<identifier>	MP_CM011_Fire_Fighting_Gear_INDEX_3	</identifier>
				<transform>
					<row0>	1.0000 0.0000 0.0000 0.0000	</row0>
					<row1>	0.0000 1.0000 0.0000 0.0000	</row1>
					<row2>	0.0000 0.0000 1.0000 0.0000	</row2>
					<row3>	-0.3079 0.4682 -4.6937 1.0000	</row3>
				</transform>
			</node>
			<node>
				<identifier>	MP_CM014_Fuel_Oil_Hose	</identifier>
				<transform>
					<row0>	0.0000 0.0000 1.0000 0.0000	</row0>
					<row1>	0.0000 -1.0000 0.0000 0.0000	</row1>
					<row2>	1.0000 0.0000 0.0000 0.0000	</row2>
					<row3>	0.1163 0.5407 -5.3537 1.0000	</row3>
				</transform>
			</node>
			<node>
				<identifier>	MP_CM014_Fuel_Oil_Hose_INDEX_1	</identifier>
				<transform>
					<row0>	0.0000 0.0000 1.0000 0.0000	</row0>
					<row1>	0.0000 -1.0000 0.0000 0.0000	</row1>
					<row2>	1.0000 0.0000 0.0000 0.0000	</row2>
					<row3>	0.1163 0.5080 -5.3537 1.0000	</row3>
				</transform>
			</node>
			<node>
				<identifier>	MP_CM029_Emergency_Box	</identifier>
				<transform>
					<row0>	1.0000 0.0000 0.0000 0.0000	</row0>
					<row1>	0.0000 1.0000 0.0000 0.0000	</row1>
					<row2>	0.0000 0.0000 1.0000 0.0000	</row2>
					<row3>	-0.3257 0.6408 -5.3585 1.0000	</row3>
				</transform>
			</node>
			<node>
				<identifier>	MP_CM029_Emergency_Box_INDEX_1	</identifier>
				<transform>
					<row0>	1.0000 0.0000 0.0000 0.0000	</row0>
					<row1>	0.0000 1.0000 0.0000 0.0000	</row1>
					<row2>	0.0000 0.0000 1.0000 0.0000	</row2>
					<row3>	-0.2033 0.5681 -5.3585 1.0000	</row3>
				</transform>
			</node>
			<node>
				<identifier>	MP_CM030_Swab_Rack_2	</identifier>
				<transform>
					<row0>	-0.1423 0.0000 -0.9898 0.0000	</row0>
					<row1>	0.0000 1.0000 0.0000 0.0000	</row1>
					<row2>	0.9898 0.0000 -0.1423 0.0000	</row2>
					<row3>	0.2740 0.4676 -4.7449 1.0000	</row3>
				</transform>
			</node>
			<node>
				<identifier>	MP_CM030_Swab_Rack_2_INDEX_1	</identifier>
				<transform>
					<row0>	-0.1423 0.0000 0.9898 0.0000	</row0>
					<row1>	0.0000 1.0000 0.0000 0.0000	</row1>
					<row2>	-0.9898 0.0000 -0.1423 0.0000	</row2>
					<row3>	-0.2740 0.4676 -4.7449 1.0000	</row3>
				</transform>
			</node>
			<node>
				<identifier>	MP_CM051_Fire_Fighting_Gear	</identifier>
				<transform>
					<row0>	0.9925 0.0000 -0.1219 0.0000	</row0>
					<row1>	-0.1219 0.0000 -0.9925 0.0000	</row1>
					<row2>	0.0000 1.0000 0.0000 0.0000	</row2>
					<row3>	0.5172 0.6784 -5.2635 1.0000	</row3>
				</transform>
			</node>
			<node>
				<identifier>	MP_CM051_Fire_Fighting_Gear_INDEX_1	</identifier>
				<transform>
					<row0>	0.9962 0.0000 -0.0872 0.0000	</row0>
					<row1>	-0.0872 0.0000 -0.9962 0.0000	</row1>
					<row2>	0.0000 1.0000 0.0000 0.0000	</row2>
					<row3>	0.6296 0.6784 -4.2078 1.0000	</row3>
				</transform>
			</node>
			<node>
				<identifier>	MP_CM051_Fire_Fighting_Gear_INDEX_2	</identifier>
				<transform>
					<row0>	0.9962 0.0000 -0.0872 0.0000	</row0>
					<row1>	-0.0872 0.0000 -0.9962 0.0000	</row1>
					<row2>	0.0000 1.0000 0.0000 0.0000	</row2>
					<row3>	0.7107 0.6784 -3.1612 1.0000	</row3>
				</transform>
			</node>
			<node>
				<identifier>	MP_CM051_Fire_Fighting_Gear_INDEX_3	</identifier>
				<transform>
					<row0>	-0.9962 0.0000 -0.0872 0.0000	</row0>
					<row1>	-0.0872 0.0000 0.9962 0.0000	</row1>
					<row2>	0.0000 1.0000 0.0000 0.0000	</row2>
					<row3>	-0.6296 0.6784 -4.2078 1.0000	</row3>
				</transform>
			</node>
			<node>
				<identifier>	MP_CM051_Fire_Fighting_Gear_INDEX_4	</identifier>
				<transform>
					<row0>	-0.9962 0.0000 -0.0872 0.0000	</row0>
					<row1>	-0.0872 0.0000 0.9962 0.0000	</row1>
					<row2>	0.0000 1.0000 0.0000 0.0000	</row2>
					<row3>	-0.7107 0.6784 -3.1612 1.0000	</row3>
				</transform>
			</node>
			<node>
				<identifier>	MP_CM051_Fire_Fighting_Gear_INDEX_5	</identifier>
				<transform>
					<row0>	-0.9925 0.0000 -0.1219 0.0000	</row0>
					<row1>	-0.1219 0.0000 0.9925 0.0000	</row1>
					<row2>	0.0000 1.0000 0.0000 0.0000	</row2>
					<row3>	-0.5172 0.6784 -5.2635 1.0000	</row3>
				</transform>
			</node>
			<node>
				<identifier>	MP_CM052_Fender	</identifier>
				<transform>
					<row0>	-0.1516 0.0000 -0.9884 0.0000	</row0>
					<row1>	0.0000 1.0000 0.0000 0.0000	</row1>
					<row2>	0.9884 0.0000 -0.1516 0.0000	</row2>
					<row3>	0.2619 0.4742 -5.0518 1.0000	</row3>
				</transform>
			</node>
			<node>
				<identifier>	MP_CM052_Fender_INDEX_1	</identifier>
				<transform>
					<row0>	-0.1516 0.0000 -0.9884 0.0000	</row0>
					<row1>	0.0000 1.0000 0.0000 0.0000	</row1>
					<row2>	0.9884 0.0000 -0.1516 0.0000	</row2>
					<row3>	0.2728 0.4742 -4.9839 1.0000	</row3>
				</transform>
			</node>
			<node>
				<identifier>	MP_CM052_Fender_INDEX_2	</identifier>
				<transform>
					<row0>	-0.1516 0.0000 0.9884 0.0000	</row0>
					<row1>	0.0000 1.0000 0.0000 0.0000	</row1>
					<row2>	-0.9884 0.0000 -0.1516 0.0000	</row2>
					<row3>	-0.2619 0.4742 -5.0518 1.0000	</row3>
				</transform>
			</node>
			<node>
				<identifier>	MP_CM052_Fender_INDEX_3	</identifier>
				<transform>
					<row0>	-0.1516 0.0000 0.9884 0.0000	</row0>
					<row1>	0.0000 1.0000 0.0000 0.0000	</row1>
					<row2>	-0.9884 0.0000 -0.1516 0.0000	</row2>
					<row3>	-0.2728 0.4742 -4.9839 1.0000	</row3>
				</transform>
			</node>
			<node>
				<identifier>	MP_CM094_Propeller3_L	</identifier>
				<transform>
					<row0>	0.7999 0.0000 -0.0140 0.0000	</row0>
					<row1>	0.0000 0.8000 0.0000 0.0000	</row1>
					<row2>	0.0140 0.0000 0.7999 0.0000	</row2>
					<row3>	-0.2124 -0.1799 -4.8179 1.0000	</row3>
				</transform>
			</node>
			<node>
				<identifier>	MP_CM095_Propeller3_R	</identifier>
				<transform>
					<row0>	0.7999 0.0000 0.0140 0.0000	</row0>
					<row1>	0.0000 0.8000 0.0000 0.0000	</row1>
					<row2>	-0.0140 0.0000 0.7999 0.0000	</row2>
					<row3>	0.2124 -0.1799 -4.8179 1.0000	</row3>
				</transform>
			</node>
			<node>
				<identifier>	MP_CM126_Cleat	</identifier>
				<transform>
					<row0>	0.9861 0.0000 -0.1663 0.0000	</row0>
					<row1>	0.0000 1.0000 0.0000 0.0000	</row1>
					<row2>	0.1663 0.0000 0.9861 0.0000	</row2>
					<row3>	0.4549 0.4681 -4.7775 1.0000	</row3>
				</transform>
			</node>
			<node>
				<identifier>	MP_CM126_Cleat_INDEX_1	</identifier>
				<transform>
					<row0>	0.9861 0.0000 -0.1663 0.0000	</row0>
					<row1>	0.0000 1.0000 0.0000 0.0000	</row1>
					<row2>	0.1663 0.0000 0.9861 0.0000	</row2>
					<row3>	0.4138 0.4681 -5.0466 1.0000	</row3>
				</transform>
			</node>
			<node>
				<identifier>	MP_CM126_Cleat_INDEX_2	</identifier>
				<transform>
					<row0>	0.9861 0.0000 0.1663 0.0000	</row0>
					<row1>	0.0000 1.0000 0.0000 0.0000	</row1>
					<row2>	-0.1663 0.0000 0.9861 0.0000	</row2>
					<row3>	-0.4549 0.4681 -4.7775 1.0000	</row3>
				</transform>
			</node>
			<node>
				<identifier>	MP_CM126_Cleat_INDEX_3	</identifier>
				<transform>
					<row0>	0.9861 0.0000 0.1663 0.0000	</row0>
					<row1>	0.0000 1.0000 0.0000 0.0000	</row1>
					<row2>	-0.1663 0.0000 0.9861 0.0000	</row2>
					<row3>	-0.4138 0.4681 -5.0466 1.0000	</row3>
				</transform>
			</node>
			<node>
				<identifier>	MP_CM126_Cleat_INDEX_4	</identifier>
				<transform>
					<row0>	0.8999 -0.2115 0.3814 0.0000	</row0>
					<row1>	0.3760 -0.0665 -0.9242 0.0000	</row1>
					<row2>	0.2208 0.9751 0.0197 0.0000	</row2>
					<row3>	0.3269 0.5313 -5.4964 1.0000	</row3>
				</transform>
			</node>
			<node>
				<identifier>	MP_CM126_Cleat_INDEX_5	</identifier>
				<transform>
					<row0>	0.8999 0.2115 -0.3814 0.0000	</row0>
					<row1>	-0.3760 -0.0665 -0.9242 0.0000	</row1>
					<row2>	-0.2208 0.9751 0.0197 0.0000	</row2>
					<row3>	-0.3269 0.5313 -5.4964 1.0000	</row3>
				</transform>
			</node>
			<node>
				<identifier>	MP_CM126_Cleat_INDEX_6	</identifier>
				<transform>
					<row0>	0.0317 0.5344 -0.4510 0.0000	</row0>
					<row1>	-0.6984 0.0012 -0.0477 0.0000	</row1>
					<row2>	-0.0357 0.4521 0.5332 0.0000	</row2>
					<row3>	-0.7773 0.6743 -3.1528 1.0000	</row3>
				</transform>
			</node>
			<node>
				<identifier>	MP_CM126_Cleat_INDEX_7	</identifier>
				<transform>
					<row0>	0.0317 -0.5344 0.4510 0.0000	</row0>
					<row1>	0.6984 0.0012 -0.0477 0.0000	</row1>
					<row2>	0.0357 0.4521 0.5332 0.0000	</row2>
					<row3>	0.7773 0.6743 -3.1528 1.0000	</row3>
				</transform>
			</node>
			<node>
				<identifier>	MP_GM003_Reels_1	</identifier>
				<transform>
					<row0>	-0.1755 0.0000 -0.9845 0.0000	</row0>
					<row1>	0.0000 1.0000 0.0000 0.0000	</row1>
					<row2>	0.9845 0.0000 -0.1755 0.0000	</row2>
					<row3>	0.2241 0.4682 -5.2326 1.0000	</row3>
				</transform>
			</node>
			<node>
				<identifier>	MP_GM003_Reels_1_INDEX_1	</identifier>
				<transform>
					<row0>	-0.1755 0.0000 0.9845 0.0000	</row0>
					<row1>	0.0000 1.0000 0.0000 0.0000	</row1>
					<row2>	-0.9845 0.0000 -0.1755 0.0000	</row2>
					<row3>	-0.2241 0.4682 -5.2326 1.0000	</row3>
				</transform>
			</node>
			<node>
				<identifier>	MP_GM007_LifeBuoy	</identifier>
				<transform>
					<row0>	0.9659 0.0000 -0.2588 0.0000	</row0>
					<row1>	0.0000 1.0000 0.0000 0.0000	</row1>
					<row2>	0.2588 0.0000 0.9659 0.0000	</row2>
					<row3>	0.2945 0.5087 -5.6083 1.0000	</row3>
				</transform>
			</node>
			<node>
				<identifier>	MP_GM007_LifeBuoy_INDEX_1	</identifier>
				<transform>
					<row0>	0.9659 0.0000 0.2588 0.0000	</row0>
					<row1>	0.0000 1.0000 0.0000 0.0000	</row1>
					<row2>	-0.2588 0.0000 0.9659 0.0000	</row2>
					<row3>	-0.2945 0.5087 -5.6083 1.0000	</row3>
				</transform>
			</node>
			<node>
				<identifier>	MP_GM008_Loudspeaker	</identifier>
				<transform>
					<row0>	0.9933 0.0000 -0.1155 0.0000	</row0>
					<row1>	0.0000 1.0000 0.0000 0.0000	</row1>
					<row2>	0.1155 0.0000 0.9933 0.0000	</row2>
					<row3>	0.2720 0.5800 -4.7522 1.0000	</row3>
				</transform>
			</node>
			<node>
				<identifier>	MP_GM008_Loudspeaker_INDEX_1	</identifier>
				<transform>
					<row0>	-0.9933 0.0000 -0.1155 0.0000	</row0>
					<row1>	0.0000 1.0000 0.0000 0.0000	</row1>
					<row2>	0.1155 0.0000 -0.9933 0.0000	</row2>
					<row3>	-0.2720 0.5800 -4.7522 1.0000	</row3>
				</transform>
			</node>
			<node>
				<identifier>	MP_GM012_Reels_5	</identifier>
				<transform>
					<row0>	-0.1053 0.0000 -0.5907 0.0000	</row0>
					<row1>	0.0000 0.6000 0.0000 0.0000	</row1>
					<row2>	0.5907 0.0000 -0.1053 0.0000	</row2>
					<row3>	0.2496 0.4682 -5.1530 1.0000	</row3>
				</transform>
			</node>
			<node>
				<identifier>	MP_GM012_Reels_5_INDEX_1	</identifier>
				<transform>
					<row0>	-0.1053 0.0000 0.5907 0.0000	</row0>
					<row1>	0.0000 0.6000 0.0000 0.0000	</row1>
					<row2>	-0.5907 0.0000 -0.1053 0.0000	</row2>
					<row3>	-0.2496 0.4682 -5.1530 1.0000	</row3>
				</transform>
			</node>
			<node>
				<identifier>	MP_GM015_Clock	</identifier>
				<transform>
					<row0>	-1.0000 0.0000 0.0000 0.0000	</row0>
					<row1>	0.0000 1.0000 0.0000 0.0000	</row1>
					<row2>	0.0000 0.0000 -1.0000 0.0000	</row2>
					<row3>	0.0210 0.5662 -5.3521 1.0000	</row3>
				</transform>
			</node>
			<node>
				<identifier>	MP_GM016_Sleeve	</identifier>
				<transform>
					<row0>	-1.0000 0.0000 0.0000 0.0000	</row0>
					<row1>	0.0000 1.0000 0.0000 0.0000	</row1>
					<row2>	0.0000 0.0000 -1.0000 0.0000	</row2>
					<row3>	0.3079 0.5302 -4.6863 1.0000	</row3>
				</transform>
			</node>
			<node>
				<identifier>	MP_GM016_Sleeve_INDEX_1	</identifier>
				<transform>
					<row0>	-0.1704 0.0000 -0.9854 0.0000	</row0>
					<row1>	0.0000 1.0000 0.0000 0.0000	</row1>
					<row2>	0.9854 0.0000 -0.1704 0.0000	</row2>
					<row3>	0.1942 0.5352 -5.2585 1.0000	</row3>
				</transform>
			</node>
			<node>
				<identifier>	MP_GM016_Sleeve_INDEX_2	</identifier>
				<transform>
					<row0>	-0.1704 0.0000 0.9854 0.0000	</row0>
					<row1>	0.0000 1.0000 0.0000 0.0000	</row1>
					<row2>	-0.9854 0.0000 -0.1704 0.0000	</row2>
					<row3>	-0.1942 0.5352 -5.2585 1.0000	</row3>
				</transform>
			</node>
			<node>
				<identifier>	MP_GM016_Sleeve_INDEX_3	</identifier>
				<transform>
					<row0>	-1.0000 0.0000 0.0000 0.0000	</row0>
					<row1>	0.0000 1.0000 0.0000 0.0000	</row1>
					<row2>	0.0000 0.0000 -1.0000 0.0000	</row2>
					<row3>	-0.3079 0.5302 -4.6863 1.0000	</row3>
				</transform>
			</node>
			<node>
				<identifier>	MP_GM016_Sleeve_INDEX_4	</identifier>
				<transform>
					<row0>	-0.1219 0.0000 -0.9925 0.0000	</row0>
					<row1>	0.0000 1.0000 0.0000 0.0000	</row1>
					<row2>	0.9925 0.0000 -0.1219 0.0000	</row2>
					<row3>	0.5213 0.6935 -5.2302 1.0000	</row3>
				</transform>
			</node>
			<node>
				<identifier>	MP_GM016_Sleeve_INDEX_5	</identifier>
				<transform>
					<row0>	-0.0899 0.0000 -0.9959 0.0000	</row0>
					<row1>	0.0000 1.0000 0.0000 0.0000	</row1>
					<row2>	0.9959 0.0000 -0.0899 0.0000	</row2>
					<row3>	0.6323 0.7143 -4.1756 1.0000	</row3>
				</transform>
			</node>
			<node>
				<identifier>	MP_GM016_Sleeve_INDEX_6	</identifier>
				<transform>
					<row0>	-0.0700 0.0000 -0.9975 0.0000	</row0>
					<row1>	0.0000 1.0000 0.0000 0.0000	</row1>
					<row2>	0.9975 0.0000 -0.0700 0.0000	</row2>
					<row3>	0.7080 0.7143 -3.1943 1.0000	</row3>
				</transform>
			</node>
			<node>
				<identifier>	MP_GM016_Sleeve_INDEX_7	</identifier>
				<transform>
					<row0>	-0.0899 0.0000 0.9959 0.0000	</row0>
					<row1>	0.0000 1.0000 0.0000 0.0000	</row1>
					<row2>	-0.9959 0.0000 -0.0899 0.0000	</row2>
					<row3>	-0.6323 0.7143 -4.1756 1.0000	</row3>
				</transform>
			</node>
			<node>
				<identifier>	MP_GM016_Sleeve_INDEX_8	</identifier>
				<transform>
					<row0>	-0.0700 0.0000 0.9975 0.0000	</row0>
					<row1>	0.0000 1.0000 0.0000 0.0000	</row1>
					<row2>	-0.9975 0.0000 -0.0700 0.0000	</row2>
					<row3>	-0.7080 0.7143 -3.1943 1.0000	</row3>
				</transform>
			</node>
			<node>
				<identifier>	MP_GM016_Sleeve_INDEX_9	</identifier>
				<transform>
					<row0>	-0.1219 0.0000 0.9925 0.0000	</row0>
					<row1>	0.0000 1.0000 0.0000 0.0000	</row1>
					<row2>	-0.9925 0.0000 -0.1219 0.0000	</row2>
					<row3>	-0.5213 0.6935 -5.2302 1.0000	</row3>
				</transform>
			</node>
			<node>
				<identifier>	MP_GM018_Siren	</identifier>
				<transform>
					<row0>	-0.0872 0.0000 0.9962 0.0000	</row0>
					<row1>	0.0000 1.0000 0.0000 0.0000	</row1>
					<row2>	-0.9962 0.0000 -0.0872 0.0000	</row2>
					<row3>	-0.6137 0.7264 -4.3904 1.0000	</row3>
				</transform>
			</node>
			<node>
				<identifier>	MP_GM018_Siren_INDEX_1	</identifier>
				<transform>
					<row0>	-1.0000 0.0000 0.0000 0.0000	</row0>
					<row1>	0.0000 1.0000 0.0000 0.0000	</row1>
					<row2>	0.0000 0.0000 -1.0000 0.0000	</row2>
					<row3>	-0.0083 0.6574 -5.3522 1.0000	</row3>
				</transform>
			</node>
			<node>
				<identifier>	MP_GM018_Siren_INDEX_2	</identifier>
				<transform>
					<row0>	-1.0000 0.0000 0.0000 0.0000	</row0>
					<row1>	0.0000 1.0000 0.0000 0.0000	</row1>
					<row2>	0.0000 0.0000 -1.0000 0.0000	</row2>
					<row3>	0.0771 0.5823 -5.3522 1.0000	</row3>
				</transform>
			</node>
			<node>
				<identifier>	MP_GM018_Siren_INDEX_3	</identifier>
				<transform>
					<row0>	-0.0872 0.0000 -0.9962 0.0000	</row0>
					<row1>	0.0000 1.0000 0.0000 0.0000	</row1>
					<row2>	0.9962 0.0000 -0.0872 0.0000	</row2>
					<row3>	0.6137 0.7264 -4.3904 1.0000	</row3>
				</transform>
			</node>
			<node>
				<identifier>	MP_GM024_Night_Indicator	</identifier>
				<transform>
					<row0>	-1.0000 0.0000 0.0000 0.0000	</row0>
					<row1>	0.0000 1.0000 0.0000 0.0000	</row1>
					<row2>	0.0000 0.0000 -1.0000 0.0000	</row2>
					<row3>	0.0000 0.6452 -5.4939 1.0000	</row3>
				</transform>
			</node>
			<node>
				<identifier>	MP_GM127_Helmet	</identifier>
				<transform>
					<row0>	1.0000 0.0000 0.0000 0.0000	</row0>
					<row1>	0.0000 0.0000 -1.0000 0.0000	</row1>
					<row2>	0.0000 1.0000 0.0000 0.0000	</row2>
					<row3>	-0.2458 0.5052 -5.3524 1.0000	</row3>
				</transform>
			</node>
			<node>
				<identifier>	MP_GM127_Helmet_INDEX_1	</identifier>
				<transform>
					<row0>	1.0000 0.0000 0.0000 0.0000	</row0>
					<row1>	0.0000 0.0000 -1.0000 0.0000	</row1>
					<row2>	0.0000 1.0000 0.0000 0.0000	</row2>
					<row3>	-0.2458 0.5265 -5.3524 1.0000	</row3>
				</transform>
			</node>
			<node>
				<identifier>	MP_GM127_Helmet_INDEX_10	</identifier>
				<transform>
					<row0>	1.0000 0.0000 0.0000 0.0000	</row0>
					<row1>	0.0000 0.0000 -1.0000 0.0000	</row1>
					<row2>	0.0000 1.0000 0.0000 0.0000	</row2>
					<row3>	-0.2095 0.6127 -5.3524 1.0000	</row3>
				</transform>
			</node>
			<node>
				<identifier>	MP_GM127_Helmet_INDEX_11	</identifier>
				<transform>
					<row0>	1.0000 0.0000 0.0000 0.0000	</row0>
					<row1>	0.0000 0.0000 -1.0000 0.0000	</row1>
					<row2>	0.0000 1.0000 0.0000 0.0000	</row2>
					<row3>	-0.2293 0.6339 -5.3524 1.0000	</row3>
				</transform>
			</node>
			<node>
				<identifier>	MP_GM127_Helmet_INDEX_12	</identifier>
				<transform>
					<row0>	1.0000 0.0000 0.0000 0.0000	</row0>
					<row1>	0.0000 0.0000 -1.0000 0.0000	</row1>
					<row2>	0.0000 1.0000 0.0000 0.0000	</row2>
					<row3>	-0.2262 0.5265 -5.3524 1.0000	</row3>
				</transform>
			</node>
			<node>
				<identifier>	MP_GM127_Helmet_INDEX_13	</identifier>
				<transform>
					<row0>	1.0000 0.0000 0.0000 0.0000	</row0>
					<row1>	0.0000 0.0000 -1.0000 0.0000	</row1>
					<row2>	0.0000 1.0000 0.0000 0.0000	</row2>
					<row3>	0.3692 0.6128 -5.3524 1.0000	</row3>
				</transform>
			</node>
			<node>
				<identifier>	MP_GM127_Helmet_INDEX_14	</identifier>
				<transform>
					<row0>	1.0000 0.0000 0.0000 0.0000	</row0>
					<row1>	0.0000 0.0000 -1.0000 0.0000	</row1>
					<row2>	0.0000 1.0000 0.0000 0.0000	</row2>
					<row3>	0.3692 0.6339 -5.3524 1.0000	</row3>
				</transform>
			</node>
			<node>
				<identifier>	MP_GM127_Helmet_INDEX_15	</identifier>
				<transform>
					<row0>	1.0000 0.0000 0.0000 0.0000	</row0>
					<row1>	0.0000 0.0000 -1.0000 0.0000	</row1>
					<row2>	0.0000 1.0000 0.0000 0.0000	</row2>
					<row3>	-0.2262 0.5052 -5.3524 1.0000	</row3>
				</transform>
			</node>
			<node>
				<identifier>	MP_GM127_Helmet_INDEX_16	</identifier>
				<transform>
					<row0>	1.0000 0.0000 0.0000 0.0000	</row0>
					<row1>	0.0000 0.0000 -1.0000 0.0000	</row1>
					<row2>	0.0000 1.0000 0.0000 0.0000	</row2>
					<row3>	0.3889 0.6537 -5.3524 1.0000	</row3>
				</transform>
			</node>
			<node>
				<identifier>	MP_GM127_Helmet_INDEX_17	</identifier>
				<transform>
					<row0>	1.0000 0.0000 0.0000 0.0000	</row0>
					<row1>	0.0000 0.0000 -1.0000 0.0000	</row1>
					<row2>	0.0000 1.0000 0.0000 0.0000	</row2>
					<row3>	0.2256 0.5462 -5.3524 1.0000	</row3>
				</transform>
			</node>
			<node>
				<identifier>	MP_GM127_Helmet_INDEX_18	</identifier>
				<transform>
					<row0>	1.0000 0.0000 0.0000 0.0000	</row0>
					<row1>	0.0000 0.0000 -1.0000 0.0000	</row1>
					<row2>	0.0000 1.0000 0.0000 0.0000	</row2>
					<row3>	-0.2095 0.6339 -5.3524 1.0000	</row3>
				</transform>
			</node>
			<node>
				<identifier>	MP_GM127_Helmet_INDEX_19	</identifier>
				<transform>
					<row0>	1.0000 0.0000 0.0000 0.0000	</row0>
					<row1>	0.0000 0.0000 -1.0000 0.0000	</row1>
					<row2>	0.0000 1.0000 0.0000 0.0000	</row2>
					<row3>	-0.2095 0.6537 -5.3524 1.0000	</row3>
				</transform>
			</node>
			<node>
				<identifier>	MP_GM127_Helmet_INDEX_2	</identifier>
				<transform>
					<row0>	1.0000 0.0000 0.0000 0.0000	</row0>
					<row1>	0.0000 0.0000 -1.0000 0.0000	</row1>
					<row2>	0.0000 1.0000 0.0000 0.0000	</row2>
					<row3>	0.2453 0.5052 -5.3524 1.0000	</row3>
				</transform>
			</node>
			<node>
				<identifier>	MP_GM127_Helmet_INDEX_20	</identifier>
				<transform>
					<row0>	1.0000 0.0000 0.0000 0.0000	</row0>
					<row1>	0.0000 0.0000 -1.0000 0.0000	</row1>
					<row2>	0.0000 1.0000 0.0000 0.0000	</row2>
					<row3>	-0.2458 0.5462 -5.3524 1.0000	</row3>
				</transform>
			</node>
			<node>
				<identifier>	MP_GM127_Helmet_INDEX_21	</identifier>
				<transform>
					<row0>	1.0000 0.0000 0.0000 0.0000	</row0>
					<row1>	0.0000 0.0000 -1.0000 0.0000	</row1>
					<row2>	0.0000 1.0000 0.0000 0.0000	</row2>
					<row3>	0.3889 0.6128 -5.3524 1.0000	</row3>
				</transform>
			</node>
			<node>
				<identifier>	MP_GM127_Helmet_INDEX_22	</identifier>
				<transform>
					<row0>	1.0000 0.0000 0.0000 0.0000	</row0>
					<row1>	0.0000 0.0000 -1.0000 0.0000	</row1>
					<row2>	0.0000 1.0000 0.0000 0.0000	</row2>
					<row3>	0.2256 0.5265 -5.3524 1.0000	</row3>
				</transform>
			</node>
			<node>
				<identifier>	MP_GM127_Helmet_INDEX_23	</identifier>
				<transform>
					<row0>	1.0000 0.0000 0.0000 0.0000	</row0>
					<row1>	0.0000 0.0000 -1.0000 0.0000	</row1>
					<row2>	0.0000 1.0000 0.0000 0.0000	</row2>
					<row3>	0.2256 0.5052 -5.3524 1.0000	</row3>
				</transform>
			</node>
			<node>
				<identifier>	MP_GM127_Helmet_INDEX_3	</identifier>
				<transform>
					<row0>	1.0000 0.0000 0.0000 0.0000	</row0>
					<row1>	0.0000 0.0000 -1.0000 0.0000	</row1>
					<row2>	0.0000 1.0000 0.0000 0.0000	</row2>
					<row3>	0.3889 0.6339 -5.3524 1.0000	</row3>
				</transform>
			</node>
			<node>
				<identifier>	MP_GM127_Helmet_INDEX_4	</identifier>
				<transform>
					<row0>	1.0000 0.0000 0.0000 0.0000	</row0>
					<row1>	0.0000 0.0000 -1.0000 0.0000	</row1>
					<row2>	0.0000 1.0000 0.0000 0.0000	</row2>
					<row3>	-0.2293 0.6127 -5.3524 1.0000	</row3>
				</transform>
			</node>
			<node>
				<identifier>	MP_GM127_Helmet_INDEX_5	</identifier>
				<transform>
					<row0>	1.0000 0.0000 0.0000 0.0000	</row0>
					<row1>	0.0000 0.0000 -1.0000 0.0000	</row1>
					<row2>	0.0000 1.0000 0.0000 0.0000	</row2>
					<row3>	0.2453 0.5265 -5.3524 1.0000	</row3>
				</transform>
			</node>
			<node>
				<identifier>	MP_GM127_Helmet_INDEX_6	</identifier>
				<transform>
					<row0>	1.0000 0.0000 0.0000 0.0000	</row0>
					<row1>	0.0000 0.0000 -1.0000 0.0000	</row1>
					<row2>	0.0000 1.0000 0.0000 0.0000	</row2>
					<row3>	-0.2293 0.6537 -5.3524 1.0000	</row3>
				</transform>
			</node>
			<node>
				<identifier>	MP_GM127_Helmet_INDEX_7	</identifier>
				<transform>
					<row0>	1.0000 0.0000 0.0000 0.0000	</row0>
					<row1>	0.0000 0.0000 -1.0000 0.0000	</row1>
					<row2>	0.0000 1.0000 0.0000 0.0000	</row2>
					<row3>	0.2453 0.5462 -5.3524 1.0000	</row3>
				</transform>
			</node>
			<node>
				<identifier>	MP_GM127_Helmet_INDEX_8	</identifier>
				<transform>
					<row0>	1.0000 0.0000 0.0000 0.0000	</row0>
					<row1>	0.0000 0.0000 -1.0000 0.0000	</row1>
					<row2>	0.0000 1.0000 0.0000 0.0000	</row2>
					<row3>	-0.2262 0.5462 -5.3524 1.0000	</row3>
				</transform>
			</node>
			<node>
				<identifier>	MP_GM127_Helmet_INDEX_9	</identifier>
				<transform>
					<row0>	1.0000 0.0000 0.0000 0.0000	</row0>
					<row1>	0.0000 0.0000 -1.0000 0.0000	</row1>
					<row2>	0.0000 1.0000 0.0000 0.0000	</row2>
					<row3>	0.3692 0.6537 -5.3524 1.0000	</row3>
				</transform>
			</node>
			<node>
				<identifier>	MP_GM532_Float	</identifier>
				<transform>
					<row0>	-0.0909 0.0000 0.9959 0.0000	</row0>
					<row1>	0.0000 1.0000 0.0000 0.0000	</row1>
					<row2>	-0.9959 0.0000 -0.0909 0.0000	</row2>
					<row3>	-0.6665 0.6377 -4.5495 1.0000	</row3>
				</transform>
			</node>
			<node>
				<identifier>	MP_GM532_Float_INDEX_1	</identifier>
				<transform>
					<row0>	-0.0909 0.0000 0.9959 0.0000	</row0>
					<row1>	0.0000 1.0000 0.0000 0.0000	</row1>
					<row2>	-0.9959 0.0000 -0.0909 0.0000	</row2>
					<row3>	-0.6906 0.6381 -4.2855 1.0000	</row3>
				</transform>
			</node>
			<node>
				<identifier>	MP_GM532_Float_INDEX_2	</identifier>
				<transform>
					<row0>	-0.0909 0.0000 -0.9959 0.0000	</row0>
					<row1>	0.0000 1.0000 0.0000 0.0000	</row1>
					<row2>	0.9959 0.0000 -0.0909 0.0000	</row2>
					<row3>	0.7149 0.6374 -4.0182 1.0000	</row3>
				</transform>
			</node>
			<node>
				<identifier>	MP_GM532_Float_INDEX_3	</identifier>
				<transform>
					<row0>	-0.0909 0.0000 0.9959 0.0000	</row0>
					<row1>	0.0000 1.0000 0.0000 0.0000	</row1>
					<row2>	-0.9959 0.0000 -0.0909 0.0000	</row2>
					<row3>	-0.7149 0.6374 -4.0182 1.0000	</row3>
				</transform>
			</node>
			<node>
				<identifier>	MP_GM532_Float_INDEX_4	</identifier>
				<transform>
					<row0>	-0.0767 0.0000 -0.9971 0.0000	</row0>
					<row1>	0.0000 1.0000 0.0000 0.0000	</row1>
					<row2>	0.9971 0.0000 -0.0767 0.0000	</row2>
					<row3>	0.7359 0.6380 -3.7517 1.0000	</row3>
				</transform>
			</node>
			<node>
				<identifier>	MP_GM532_Float_INDEX_5	</identifier>
				<transform>
					<row0>	-0.1123 0.0000 0.9937 0.0000	</row0>
					<row1>	0.0000 1.0000 0.0000 0.0000	</row1>
					<row2>	-0.9937 0.0000 -0.1123 0.0000	</row2>
					<row3>	-0.6361 0.6379 -4.8189 1.0000	</row3>
				</transform>
			</node>
			<node>
				<identifier>	MP_GM532_Float_INDEX_6	</identifier>
				<transform>
					<row0>	-0.1123 0.0000 -0.9937 0.0000	</row0>
					<row1>	0.0000 1.0000 0.0000 0.0000	</row1>
					<row2>	0.9937 0.0000 -0.1123 0.0000	</row2>
					<row3>	0.6361 0.6379 -4.8189 1.0000	</row3>
				</transform>
			</node>
			<node>
				<identifier>	MP_GM532_Float_INDEX_7	</identifier>
				<transform>
					<row0>	-0.0909 0.0000 -0.9959 0.0000	</row0>
					<row1>	0.0000 1.0000 0.0000 0.0000	</row1>
					<row2>	0.9959 0.0000 -0.0909 0.0000	</row2>
					<row3>	0.6665 0.6377 -4.5495 1.0000	</row3>
				</transform>
			</node>
			<node>
				<identifier>	MP_GM532_Float_INDEX_8	</identifier>
				<transform>
					<row0>	-0.0909 0.0000 -0.9959 0.0000	</row0>
					<row1>	0.0000 1.0000 0.0000 0.0000	</row1>
					<row2>	0.9959 0.0000 -0.0909 0.0000	</row2>
					<row3>	0.6906 0.6381 -4.2855 1.0000	</row3>
				</transform>
			</node>
			<node>
				<identifier>	MP_GM532_Float_INDEX_9	</identifier>
				<transform>
					<row0>	-0.0767 0.0000 0.9971 0.0000	</row0>
					<row1>	0.0000 1.0000 0.0000 0.0000	</row1>
					<row2>	-0.9971 0.0000 -0.0767 0.0000	</row2>
					<row3>	-0.7359 0.6380 -3.7517 1.0000	</row3>
				</transform>
			</node>
			<node>
				<identifier>	MP_GM602_Switch_Box_3	</identifier>
				<transform>
					<row0>	-1.0000 0.0000 0.0000 0.0000	</row0>
					<row1>	0.0000 1.0000 0.0000 0.0000	</row1>
					<row2>	0.0000 0.0000 -1.0000 0.0000	</row2>
					<row3>	-0.2486 0.6591 -5.3517 1.0000	</row3>
				</transform>
			</node>
			<node>
				<identifier>	MP_GM603_Switch_Box_4	</identifier>
				<transform>
					<row0>	-1.0000 0.0000 0.0000 0.0000	</row0>
					<row1>	0.0000 1.0000 0.0000 0.0000	</row1>
					<row2>	0.0000 0.0000 -1.0000 0.0000	</row2>
					<row3>	-0.1564 0.5294 -5.3524 1.0000	</row3>
				</transform>
			</node>
			<node>
				<identifier>	MP_GM604_Switch_Box_5	</identifier>
				<transform>
					<row0>	-1.0000 0.0000 0.0000 0.0000	</row0>
					<row1>	0.0000 1.0000 0.0000 0.0000	</row1>
					<row2>	0.0000 0.0000 -1.0000 0.0000	</row2>
					<row3>	-0.2706 0.6545 -5.3517 1.0000	</row3>
				</transform>
			</node>
			<node>
				<identifier>	MP_GM608_Bell	</identifier>
				<transform>
					<row0>	-0.0700 0.0000 0.9975 0.0000	</row0>
					<row1>	0.0000 1.0000 0.0000 0.0000	</row1>
					<row2>	-0.9975 0.0000 -0.0700 0.0000	</row2>
					<row3>	-0.7050 0.7143 -3.2374 1.0000	</row3>
				</transform>
			</node>
			<node>
				<identifier>	MP_GM608_Bell_INDEX_1	</identifier>
				<transform>
					<row0>	-0.0700 0.0000 -0.9975 0.0000	</row0>
					<row1>	0.0000 1.0000 0.0000 0.0000	</row1>
					<row2>	0.9975 0.0000 -0.0700 0.0000	</row2>
					<row3>	0.7050 0.7143 -3.2374 1.0000	</row3>
				</transform>
			</node>
			<node>
				<identifier>	MP_GM608_Bell_INDEX_2	</identifier>
				<transform>
					<row0>	-1.0000 0.0000 0.0000 0.0000	</row0>
					<row1>	0.0000 1.0000 0.0000 0.0000	</row1>
					<row2>	0.0000 0.0000 -1.0000 0.0000	</row2>
					<row3>	-0.3012 0.6493 -5.3522 1.0000	</row3>
				</transform>
			</node>
			<node>
				<identifier>	MP_GM608_Bell_INDEX_3	</identifier>
				<transform>
					<row0>	-1.0000 0.0000 0.0000 0.0000	</row0>
					<row1>	0.0000 1.0000 0.0000 0.0000	</row1>
					<row2>	0.0000 0.0000 -1.0000 0.0000	</row2>
					<row3>	-0.1570 0.5719 -5.3522 1.0000	</row3>
				</transform>
			</node>
			<node>
				<identifier>	MP_GM700_AmmoBox	</identifier>
				<transform>
					<row0>	1.0000 0.0000 0.0000 0.0000	</row0>
					<row1>	0.0000 1.0000 0.0000 0.0000	</row1>
					<row2>	0.0000 0.0000 1.0000 0.0000	</row2>
					<row3>	-0.4435 0.5989 -5.3784 1.0000	</row3>
				</transform>
			</node>
			<node>
				<identifier>	MP_GM700_AmmoBox_INDEX_1	</identifier>
				<transform>
					<row0>	1.0000 0.0000 0.0000 0.0000	</row0>
					<row1>	0.0000 1.0000 0.0000 0.0000	</row1>
					<row2>	0.0000 0.0000 1.0000 0.0000	</row2>
					<row3>	0.4435 0.5989 -5.3784 1.0000	</row3>
				</transform>
			</node>
			<node>
				<identifier>	MP_GM856_Mastheadlight	</identifier>
				<transform>
					<row0>	-1.0000 0.0000 0.0000 0.0000	</row0>
					<row1>	0.0000 1.0000 0.0000 0.0000	</row1>
					<row2>	0.0000 0.0000 -1.0000 0.0000	</row2>
					<row3>	0.0000 0.5355 -5.9007 1.0000	</row3>
				</transform>
			</node>
			<node>
				<identifier>	MP_GM875_Top_Light	</identifier>
				<transform>
					<row0>	-1.0000 0.0000 0.0000 0.0000	</row0>
					<row1>	0.0000 1.0000 0.0000 0.0000	</row1>
					<row2>	0.0000 0.0000 -1.0000 0.0000	</row2>
					<row3>	0.0000 0.7288 -5.9738 1.0000	</row3>
				</transform>
			</node>
			<node>
				<identifier>	MP_GM969_Anchor_up	</identifier>
				<transform>
					<row0>	-0.0820 0.5997 -0.5231 0.0000	</row0>
					<row1>	0.2542 0.5181 0.5540 0.0000	</row1>
					<row2>	0.7541 -0.1095 -0.2436 0.0000	</row2>
					<row3>	-0.1802 0.3567 -5.7979 1.0000	</row3>
				</transform>
			</node>
			<node>
				<identifier>	MP_GM970_Anchor_bottom	</identifier>
				<transform>
					<row0>	-0.0820 0.5997 -0.5231 0.0000	</row0>
					<row1>	-0.3136 0.4590 0.5753 0.0000	</row1>
					<row2>	0.7314 0.2640 0.1881 0.0000	</row2>
					<row3>	-0.1802 0.3567 -5.7979 1.0000	</row3>
				</transform>
			</node>
		</node>
	</node>
	<boundingBox>
		<min>	-0.0667 -0.0667 -0.0667	</min>
		<max>	0.0667 0.0667 0.0667	</max>
	</boundingBox>
</GSA002_Rhein_1945_Stern_ports.visual>
