<BSB005_Iron_Duke_1936_Bow_ports.visual>
	<node>
		<identifier>	Scene Root	</identifier>
		<transform>
			<row0>	1.0000 0.0000 0.0000 0.0000	</row0>
			<row1>	0.0000 1.0000 0.0000 0.0000	</row1>
			<row2>	0.0000 0.0000 1.0000 0.0000	</row2>
			<row3>	0.0000 0.0000 0.0000 1.0000	</row3>
		</transform>
		<node>
			<identifier>	Bow_ports	</identifier>
			<transform>
				<row0>	1.0000 0.0000 0.0000 0.0000	</row0>
				<row1>	0.0000 1.0000 0.0000 0.0000	</row1>
				<row2>	0.0000 0.0000 1.0000 0.0000	</row2>
				<row3>	0.0000 0.0000 0.0000 1.0000	</row3>
			</transform>
			<node>
				<identifier>	HP_FX_Death_1	</identifier>
				<transform>
					<row0>	1.0000 0.0000 0.0000 0.0000	</row0>
					<row1>	0.0000 1.0000 0.0000 0.0000	</row1>
					<row2>	0.0000 0.0000 1.0000 0.0000	</row2>
					<row3>	0.0000 0.0000 3.8277 1.0000	</row3>
				</transform>
			</node>
			<node>
				<identifier>	HP_FX_Fire_1	</identifier>
				<transform>
					<row0>	1.0000 0.0000 0.0000 0.0000	</row0>
					<row1>	0.0000 1.0000 0.0000 0.0000	</row1>
					<row2>	0.0000 0.0000 1.0000 0.0000	</row2>
					<row3>	0.0000 0.4313 4.6235 1.0000	</row3>
				</transform>
			</node>
			<node>
				<identifier>	HP_FX_RepairLight_left_1	</identifier>
				<transform>
					<row0>	0.1341 0.0000 0.9910 0.0000	</row0>
					<row1>	0.0000 1.0000 0.0000 0.0000	</row1>
					<row2>	-0.9910 0.0000 0.1341 0.0000	</row2>
					<row3>	-0.4323 0.4686 4.7801 1.0000	</row3>
				</transform>
			</node>
			<node>
				<identifier>	HP_FX_WakeTrace	</identifier>
				<transform>
					<row0>	1.0000 0.0000 0.0000 0.0000	</row0>
					<row1>	0.0000 1.0000 0.0000 0.0000	</row1>
					<row2>	0.0000 0.0000 1.0000 0.0000	</row2>
					<row3>	0.0000 0.0000 5.8771 1.0000	</row3>
				</transform>
			</node>
			<node>
				<identifier>	HP_Ship_death_1	</identifier>
				<transform>
					<row0>	1.0000 0.0000 0.0000 0.0000	</row0>
					<row1>	0.0000 1.0000 0.0000 0.0000	</row1>
					<row2>	0.0000 0.0000 1.0000 0.0000	</row2>
					<row3>	0.0000 0.0000 3.8277 1.0000	</row3>
				</transform>
			</node>
			<node>
				<identifier>	MP_BM862_Signal_Lamp	</identifier>
				<transform>
					<row0>	-0.5728 0.0000 0.0000 0.0000	</row0>
					<row1>	0.0000 0.5728 0.0000 0.0000	</row1>
					<row2>	0.0000 0.0000 -0.5728 0.0000	</row2>
					<row3>	0.0000 0.9763 5.7979 1.0000	</row3>
				</transform>
			</node>
			<node>
				<identifier>	MP_BM959_Anchor_WW2_top	</identifier>
				<transform>
					<row0>	0.9597 -0.2182 -0.1770 0.0000	</row0>
					<row1>	-0.0515 0.4828 -0.8742 0.0000	</row1>
					<row2>	0.2762 0.8481 0.4521 0.0000	</row2>
					<row3>	0.1629 0.3774 5.5363 1.0000	</row3>
				</transform>
			</node>
			<node>
				<identifier>	MP_BM959_Anchor_WW2_top_INDEX_1	</identifier>
				<transform>
					<row0>	0.9231 -0.3065 -0.2322 0.0000	</row0>
					<row1>	-0.0772 0.4439 -0.8928 0.0000	</row1>
					<row2>	0.3767 0.8420 0.3861 0.0000	</row2>
					<row3>	0.2401 0.3723 5.3110 1.0000	</row3>
				</transform>
			</node>
			<node>
				<identifier>	MP_BM959_Anchor_WW2_top_INDEX_2	</identifier>
				<transform>
					<row0>	0.9597 0.2182 0.1770 0.0000	</row0>
					<row1>	0.0515 0.4828 -0.8742 0.0000	</row1>
					<row2>	-0.2762 0.8481 0.4521 0.0000	</row2>
					<row3>	-0.1628 0.3774 5.5363 1.0000	</row3>
				</transform>
			</node>
			<node>
				<identifier>	MP_BM960_Anchor_WW2_down	</identifier>
				<transform>
					<row0>	0.9361 -0.3440 0.0735 0.0000	</row0>
					<row1>	0.2178 0.4027 -0.8890 0.0000	</row1>
					<row2>	0.2762 0.8482 0.4519 0.0000	</row2>
					<row3>	0.1630 0.3773 5.5363 1.0000	</row3>
				</transform>
			</node>
			<node>
				<identifier>	MP_BM960_Anchor_WW2_down_INDEX_1	</identifier>
				<transform>
					<row0>	0.9087 -0.4169 0.0229 0.0000	</row0>
					<row1>	0.1800 0.3417 -0.9224 0.0000	</row1>
					<row2>	0.3767 0.8423 0.3855 0.0000	</row2>
					<row3>	0.2401 0.3723 5.3110 1.0000	</row3>
				</transform>
			</node>
			<node>
				<identifier>	MP_BM960_Anchor_WW2_down_INDEX_2	</identifier>
				<transform>
					<row0>	0.9361 0.3440 -0.0735 0.0000	</row0>
					<row1>	-0.2178 0.4027 -0.8890 0.0000	</row1>
					<row2>	-0.2762 0.8482 0.4519 0.0000	</row2>
					<row3>	-0.1630 0.3773 5.5363 1.0000	</row3>
				</transform>
			</node>
		</node>
	</node>
	<boundingBox>
		<min>	-0.0667 -0.0667 -0.0667	</min>
		<max>	0.0667 0.0667 0.0667	</max>
	</boundingBox>
</BSB005_Iron_Duke_1936_Bow_ports.visual>
