<WSC301_Svea_1954_MidBack_ports.visual>
	<node>
		<identifier>	Scene Root	</identifier>
		<transform>
			<row0>	1.0000 0.0000 0.0000 0.0000	</row0>
			<row1>	0.0000 1.0000 0.0000 0.0000	</row1>
			<row2>	0.0000 0.0000 1.0000 0.0000	</row2>
			<row3>	0.0000 0.0000 0.0000 1.0000	</row3>
		</transform>
		<node>
			<identifier>	MidBack_ports	</identifier>
			<transform>
				<row0>	1.0000 0.0000 0.0000 0.0000	</row0>
				<row1>	0.0000 1.0000 0.0000 0.0000	</row1>
				<row2>	0.0000 0.0000 1.0000 0.0000	</row2>
				<row3>	0.0000 0.0000 0.0000 1.0000	</row3>
			</transform>
			<node>
				<identifier>	HP_FX_Death_3	</identifier>
				<transform>
					<row0>	1.0000 0.0000 0.0000 0.0000	</row0>
					<row1>	0.0000 1.0000 0.0000 0.0000	</row1>
					<row2>	0.0000 0.0000 1.0000 0.0000	</row2>
					<row3>	0.0000 0.0000 -4.0000 1.0000	</row3>
				</transform>
			</node>
			<node>
				<identifier>	HP_FX_Fire_3	</identifier>
				<transform>
					<row0>	1.0000 0.0000 0.0000 0.0000	</row0>
					<row1>	0.0000 1.0000 0.0000 0.0000	</row1>
					<row2>	0.0000 0.0000 1.0000 0.0000	</row2>
					<row3>	0.0000 0.4211 -2.1441 1.0000	</row3>
				</transform>
			</node>
			<node>
				<identifier>	HP_FX_Fire_3_side_1	</identifier>
				<transform>
					<row0>	1.0000 0.0000 0.0000 0.0000	</row0>
					<row1>	0.0000 1.0000 0.0000 0.0000	</row1>
					<row2>	0.0000 0.0000 1.0000 0.0000	</row2>
					<row3>	0.3878 0.3197 -2.9181 1.0000	</row3>
				</transform>
			</node>
			<node>
				<identifier>	HP_FX_Fire_3_side_2	</identifier>
				<transform>
					<row0>	1.0000 0.0000 0.0000 0.0000	</row0>
					<row1>	0.0000 1.0000 0.0000 0.0000	</row1>
					<row2>	0.0000 0.0000 1.0000 0.0000	</row2>
					<row3>	-0.0987 0.3253 -2.8063 1.0000	</row3>
				</transform>
			</node>
			<node>
				<identifier>	HP_FX_FloodLight_left_2	</identifier>
				<transform>
					<row0>	-1.0000 0.0000 0.0000 0.0000	</row0>
					<row1>	0.0000 1.0000 0.0000 0.0000	</row1>
					<row2>	0.0000 0.0000 -1.0000 0.0000	</row2>
					<row3>	-0.2476 0.3389 -2.0970 1.0000	</row3>
				</transform>
			</node>
			<node>
				<identifier>	HP_FX_FloodLight_right_1	</identifier>
				<transform>
					<row0>	1.0000 0.0000 0.0000 0.0000	</row0>
					<row1>	0.0000 1.0000 0.0000 0.0000	</row1>
					<row2>	0.0000 0.0000 1.0000 0.0000	</row2>
					<row3>	0.2468 0.3402 -2.2498 1.0000	</row3>
				</transform>
			</node>
			<node>
				<identifier>	HP_FX_Flood_steam_right	</identifier>
				<transform>
					<row0>	1.0000 0.0000 0.0000 0.0000	</row0>
					<row1>	0.0000 1.0000 0.0000 0.0000	</row1>
					<row2>	0.0000 0.0000 1.0000 0.0000	</row2>
					<row3>	0.4828 0.1902 -3.4314 1.0000	</row3>
				</transform>
			</node>
			<node>
				<identifier>	HP_FX_RepairLight_left_2	</identifier>
				<transform>
					<row0>	-0.0489 0.0000 0.9988 0.0000	</row0>
					<row1>	-0.0447 0.9990 -0.0022 0.0000	</row1>
					<row2>	-0.9978 -0.0447 -0.0488 0.0000	</row2>
					<row3>	-0.4920 0.2438 -3.2992 1.0000	</row3>
				</transform>
			</node>
			<node>
				<identifier>	HP_FX_RepairLight_right_1	</identifier>
				<transform>
					<row0>	-0.0489 0.0000 -0.9988 0.0000	</row0>
					<row1>	0.0447 0.9990 -0.0022 0.0000	</row1>
					<row2>	0.9978 -0.0447 -0.0488 0.0000	</row2>
					<row3>	0.4871 0.2407 -3.3366 1.0000	</row3>
				</transform>
			</node>
			<node>
				<identifier>	HP_Ship_death_2	</identifier>
				<transform>
					<row0>	1.0000 0.0000 0.0000 0.0000	</row0>
					<row1>	0.0000 1.0000 0.0000 0.0000	</row1>
					<row2>	0.0000 0.0000 1.0000 0.0000	</row2>
					<row3>	0.0000 0.0000 -1.4797 1.0000	</row3>
				</transform>
			</node>
			<node>
				<identifier>	HP_WD_14	</identifier>
				<transform>
					<row0>	0.0000 0.0000 1.0000 0.0000	</row0>
					<row1>	0.0000 1.0000 0.0000 0.0000	</row1>
					<row2>	-1.0000 0.0000 0.0000 0.0000	</row2>
					<row3>	-0.1684 0.5066 -1.9486 1.0000	</row3>
				</transform>
			</node>
			<node>
				<identifier>	HP_WD_15	</identifier>
				<transform>
					<row0>	0.0000 0.0000 -1.0000 0.0000	</row0>
					<row1>	0.0000 1.0000 0.0000 0.0000	</row1>
					<row2>	1.0000 0.0000 0.0000 0.0000	</row2>
					<row3>	0.1684 0.5066 -1.9486 1.0000	</row3>
				</transform>
			</node>
			<node>
				<identifier>	HP_WD_4	</identifier>
				<transform>
					<row0>	-1.0000 0.0000 0.0000 0.0000	</row0>
					<row1>	0.0000 1.0000 0.0000 0.0000	</row1>
					<row2>	0.0000 0.0000 -1.0000 0.0000	</row2>
					<row3>	0.0000 0.7856 -1.7117 1.0000	</row3>
				</transform>
			</node>
			<node>
				<identifier>	HP_WD_5	</identifier>
				<transform>
					<row0>	-1.0000 0.0000 0.0000 0.0000	</row0>
					<row1>	0.0000 1.0000 0.0000 0.0000	</row1>
					<row2>	0.0000 0.0000 -1.0000 0.0000	</row2>
					<row3>	0.0000 0.6560 -1.9338 1.0000	</row3>
				</transform>
			</node>
			<node>
				<identifier>	HP_WGA_12	</identifier>
				<transform>
					<row0>	0.0000 0.0000 1.0000 0.0000	</row0>
					<row1>	0.0000 1.0000 0.0000 0.0000	</row1>
					<row2>	-1.0000 0.0000 0.0000 0.0000	</row2>
					<row3>	-0.2611 0.3730 -1.7494 1.0000	</row3>
				</transform>
			</node>
			<node>
				<identifier>	HP_WGA_13	</identifier>
				<transform>
					<row0>	0.0000 0.0000 -1.0000 0.0000	</row0>
					<row1>	0.0000 1.0000 0.0000 0.0000	</row1>
					<row2>	1.0000 0.0000 0.0000 0.0000	</row2>
					<row3>	0.2611 0.3731 -1.7494 1.0000	</row3>
				</transform>
			</node>
			<node>
				<identifier>	HP_WGA_14	</identifier>
				<transform>
					<row0>	0.0000 0.0000 1.0000 0.0000	</row0>
					<row1>	0.0000 1.0000 0.0000 0.0000	</row1>
					<row2>	-1.0000 0.0000 0.0000 0.0000	</row2>
					<row3>	-0.3677 0.2301 -3.2440 1.0000	</row3>
				</transform>
			</node>
			<node>
				<identifier>	HP_WGA_15	</identifier>
				<transform>
					<row0>	0.0000 0.0000 -1.0000 0.0000	</row0>
					<row1>	0.0000 1.0000 0.0000 0.0000	</row1>
					<row2>	1.0000 0.0000 0.0000 0.0000	</row2>
					<row3>	0.3677 0.2301 -3.2440 1.0000	</row3>
				</transform>
			</node>
			<node>
				<identifier>	HP_WGM_2	</identifier>
				<transform>
					<row0>	-1.0000 0.0000 0.0000 0.0000	</row0>
					<row1>	0.0000 1.0000 0.0000 0.0000	</row1>
					<row2>	0.0000 0.0000 -1.0000 0.0000	</row2>
					<row3>	0.0000 0.4311 -2.5429 1.0000	</row3>
				</transform>
			</node>
			<node>
				<identifier>	HP_WGM_3	</identifier>
				<transform>
					<row0>	-1.0000 0.0000 0.0000 0.0000	</row0>
					<row1>	0.0000 1.0000 0.0000 0.0000	</row1>
					<row2>	0.0000 0.0000 -1.0000 0.0000	</row2>
					<row3>	0.0000 0.2668 -3.9447 1.0000	</row3>
				</transform>
			</node>
			<node>
				<identifier>	MP_CM029_Emergency_Box	</identifier>
				<transform>
					<row0>	0.0000 0.0000 1.0000 0.0000	</row0>
					<row1>	0.0000 1.0000 0.0000 0.0000	</row1>
					<row2>	-1.0000 0.0000 0.0000 0.0000	</row2>
					<row3>	0.0729 0.5841 -1.6296 1.0000	</row3>
				</transform>
			</node>
			<node>
				<identifier>	MP_CM029_Emergency_Box_INDEX_1	</identifier>
				<transform>
					<row0>	0.0000 0.0000 -1.0000 0.0000	</row0>
					<row1>	0.0000 1.0000 0.0000 0.0000	</row1>
					<row2>	1.0000 0.0000 0.0000 0.0000	</row2>
					<row3>	-0.0729 0.5841 -1.6296 1.0000	</row3>
				</transform>
			</node>
			<node>
				<identifier>	MP_CM052_Fender	</identifier>
				<transform>
					<row0>	-0.4789 0.0000 -0.5105 0.0000	</row0>
					<row1>	0.0000 0.7000 0.0000 0.0000	</row1>
					<row2>	0.5105 0.0000 -0.4789 0.0000	</row2>
					<row3>	0.2223 0.2312 -2.5040 1.0000	</row3>
				</transform>
			</node>
			<node>
				<identifier>	MP_CM052_Fender_INDEX_1	</identifier>
				<transform>
					<row0>	-0.4789 0.0000 0.5105 0.0000	</row0>
					<row1>	0.0000 0.7000 0.0000 0.0000	</row1>
					<row2>	-0.5105 0.0000 -0.4789 0.0000	</row2>
					<row3>	-0.2223 0.2312 -2.5040 1.0000	</row3>
				</transform>
			</node>
			<node>
				<identifier>	MP_CM057_Accommodation_Ladder_Closed	</identifier>
				<transform>
					<row0>	0.9997 -0.0265 -0.0002 0.0000	</row0>
					<row1>	0.0265 0.9995 0.0153 0.0000	</row1>
					<row2>	-0.0002 -0.0153 0.9999 0.0000	</row2>
					<row3>	0.3548 0.2352 -3.4933 1.0000	</row3>
				</transform>
			</node>
			<node>
				<identifier>	MP_CM057_Accommodation_Ladder_Closed_INDEX_1	</identifier>
				<transform>
					<row0>	0.9997 0.0265 0.0002 0.0000	</row0>
					<row1>	-0.0265 0.9995 0.0153 0.0000	</row1>
					<row2>	0.0002 -0.0153 0.9999 0.0000	</row2>
					<row3>	-0.3548 0.2352 -3.4933 1.0000	</row3>
				</transform>
			</node>
			<node>
				<identifier>	MP_WM001_Boat	</identifier>
				<transform>
					<row0>	-0.9974 -0.0267 -0.0675 0.0000	</row0>
					<row1>	-0.0273 0.9996 0.0082 0.0000	</row1>
					<row2>	0.0672 0.0100 -0.9977 0.0000	</row2>
					<row3>	-0.3937 0.2295 -2.9161 1.0000	</row3>
				</transform>
			</node>
			<node>
				<identifier>	MP_WM001_Boat_INDEX_1	</identifier>
				<transform>
					<row0>	-0.9974 0.0267 0.0675 0.0000	</row0>
					<row1>	0.0273 0.9996 0.0082 0.0000	</row1>
					<row2>	-0.0672 0.0100 -0.9977 0.0000	</row2>
					<row3>	0.3937 0.2295 -2.9161 1.0000	</row3>
				</transform>
			</node>
			<node>
				<identifier>	MP_WM001_Boat_INDEX_2	</identifier>
				<transform>
					<row0>	-0.9974 -0.0267 -0.0675 0.0000	</row0>
					<row1>	-0.0273 0.9996 0.0082 0.0000	</row1>
					<row2>	0.0672 0.0100 -0.9977 0.0000	</row2>
					<row3>	-0.3947 0.2638 -2.9159 1.0000	</row3>
				</transform>
			</node>
			<node>
				<identifier>	MP_WM001_Boat_INDEX_3	</identifier>
				<transform>
					<row0>	-0.9974 0.0267 0.0675 0.0000	</row0>
					<row1>	0.0273 0.9996 0.0082 0.0000	</row1>
					<row2>	-0.0672 0.0100 -0.9977 0.0000	</row2>
					<row3>	0.3947 0.2638 -2.9159 1.0000	</row3>
				</transform>
			</node>
			<node>
				<identifier>	MP_WM019_Basket	</identifier>
				<transform>
					<row0>	-1.0000 -0.0079 0.0000 0.0000	</row0>
					<row1>	-0.0079 1.0000 0.0000 0.0000	</row1>
					<row2>	0.0000 0.0000 -1.0000 0.0000	</row2>
					<row3>	-0.2345 0.2249 -1.6825 1.0000	</row3>
				</transform>
			</node>
			<node>
				<identifier>	MP_WM019_Basket_INDEX_1	</identifier>
				<transform>
					<row0>	-1.0000 0.0079 0.0000 0.0000	</row0>
					<row1>	0.0079 1.0000 0.0000 0.0000	</row1>
					<row2>	0.0000 0.0000 -1.0000 0.0000	</row2>
					<row3>	0.2345 0.2260 -1.6825 1.0000	</row3>
				</transform>
			</node>
			<node>
				<identifier>	MP_WM025_Turtles_box_SW	</identifier>
				<transform>
					<row0>	0.0000 0.0000 -1.0000 0.0000	</row0>
					<row1>	0.0000 1.0000 0.0000 0.0000	</row1>
					<row2>	1.0000 0.0000 0.0000 0.0000	</row2>
					<row3>	0.1472 0.3949 -1.7626 1.0000	</row3>
				</transform>
			</node>
			<node>
				<identifier>	MP_WM025_Turtles_box_SW_INDEX_1	</identifier>
				<transform>
					<row0>	0.0000 0.0000 1.0000 0.0000	</row0>
					<row1>	0.0000 1.0000 0.0000 0.0000	</row1>
					<row2>	-1.0000 0.0000 0.0000 0.0000	</row2>
					<row3>	-0.1472 0.3949 -1.7626 1.0000	</row3>
				</transform>
			</node>
			<node>
				<identifier>	MP_WM025_Turtles_box_SW_INDEX_2	</identifier>
				<transform>
					<row0>	-0.5899 0.0000 0.8074 0.0000	</row0>
					<row1>	0.0000 1.0000 0.0000 0.0000	</row1>
					<row2>	-0.8074 0.0000 -0.5899 0.0000	</row2>
					<row3>	0.2835 0.2504 -3.3044 1.0000	</row3>
				</transform>
			</node>
			<node>
				<identifier>	MP_WM025_Turtles_box_SW_INDEX_3	</identifier>
				<transform>
					<row0>	1.0000 0.0000 0.0000 0.0000	</row0>
					<row1>	0.0000 1.0000 0.0000 0.0000	</row1>
					<row2>	0.0000 0.0000 1.0000 0.0000	</row2>
					<row3>	0.0328 0.2688 -1.5439 1.0000	</row3>
				</transform>
			</node>
			<node>
				<identifier>	MP_WM025_Turtles_box_SW_INDEX_4	</identifier>
				<transform>
					<row0>	-0.5899 0.0000 -0.8074 0.0000	</row0>
					<row1>	0.0000 1.0000 0.0000 0.0000	</row1>
					<row2>	0.8074 0.0000 -0.5899 0.0000	</row2>
					<row3>	-0.2835 0.2504 -3.3044 1.0000	</row3>
				</transform>
			</node>
			<node>
				<identifier>	MP_WM030_Fire_Hose_SW	</identifier>
				<transform>
					<row0>	0.0000 0.0000 -1.0000 0.0000	</row0>
					<row1>	0.0000 1.0000 0.0000 0.0000	</row1>
					<row2>	1.0000 0.0000 0.0000 0.0000	</row2>
					<row3>	0.2356 0.2985 -1.8022 1.0000	</row3>
				</transform>
			</node>
			<node>
				<identifier>	MP_WM030_Fire_Hose_SW_INDEX_1	</identifier>
				<transform>
					<row0>	0.0000 0.0000 1.0000 0.0000	</row0>
					<row1>	0.0000 1.0000 0.0000 0.0000	</row1>
					<row2>	-1.0000 0.0000 0.0000 0.0000	</row2>
					<row3>	-0.2357 0.2985 -1.8022 1.0000	</row3>
				</transform>
			</node>
			<node>
				<identifier>	MP_WM034_rotating_trolley	</identifier>
				<transform>
					<row0>	-0.9972 -0.0009 0.0746 0.0000	</row0>
					<row1>	-0.0010 1.0000 -0.0005 0.0000	</row1>
					<row2>	-0.0746 -0.0005 -0.9972 0.0000	</row2>
					<row3>	0.3166 0.2318 -2.3578 1.0000	</row3>
				</transform>
			</node>
			<node>
				<identifier>	MP_WM034_rotating_trolley_INDEX_1	</identifier>
				<transform>
					<row0>	-0.9972 0.0009 -0.0746 0.0000	</row0>
					<row1>	0.0010 1.0000 -0.0005 0.0000	</row1>
					<row2>	0.0746 -0.0005 -0.9972 0.0000	</row2>
					<row3>	-0.3166 0.2318 -2.3578 1.0000	</row3>
				</transform>
			</node>
			<node>
				<identifier>	MP_WM091_Reels	</identifier>
				<transform>
					<row0>	1.0000 -0.0031 0.0000 0.0000	</row0>
					<row1>	0.0031 1.0000 0.0000 0.0000	</row1>
					<row2>	0.0000 0.0000 1.0000 0.0000	</row2>
					<row3>	0.1000 0.2335 -2.8056 1.0000	</row3>
				</transform>
			</node>
			<node>
				<identifier>	MP_WM091_Reels_INDEX_1	</identifier>
				<transform>
					<row0>	1.0000 0.0031 0.0000 0.0000	</row0>
					<row1>	-0.0031 1.0000 0.0000 0.0000	</row1>
					<row2>	0.0000 0.0000 1.0000 0.0000	</row2>
					<row3>	-0.1000 0.2335 -2.8056 1.0000	</row3>
				</transform>
			</node>
			<node>
				<identifier>	MP_WM097_Reels	</identifier>
				<transform>
					<row0>	1.0000 -0.0072 -0.0068 0.0000	</row0>
					<row1>	0.0072 0.9999 0.0069 0.0000	</row1>
					<row2>	0.0067 -0.0070 1.0000 0.0000	</row2>
					<row3>	0.0942 0.2375 -3.3364 1.0000	</row3>
				</transform>
			</node>
			<node>
				<identifier>	MP_WM097_Reels_INDEX_1	</identifier>
				<transform>
					<row0>	1.0000 0.0072 0.0068 0.0000	</row0>
					<row1>	-0.0072 0.9999 0.0069 0.0000	</row1>
					<row2>	-0.0067 -0.0070 1.0000 0.0000	</row2>
					<row3>	-0.0942 0.2375 -3.3364 1.0000	</row3>
				</transform>
			</node>
			<node>
				<identifier>	MP_WM600_MAG_SW	</identifier>
				<transform>
					<row0>	0.0000 0.0000 -1.0000 0.0000	</row0>
					<row1>	0.0000 1.0000 0.0000 0.0000	</row1>
					<row2>	1.0000 0.0000 0.0000 0.0000	</row2>
					<row3>	0.0797 0.6567 -1.7998 1.0000	</row3>
				</transform>
			</node>
			<node>
				<identifier>	MP_WM600_MAG_SW_INDEX_1	</identifier>
				<transform>
					<row0>	0.0000 0.0000 1.0000 0.0000	</row0>
					<row1>	0.0000 1.0000 0.0000 0.0000	</row1>
					<row2>	-1.0000 0.0000 0.0000 0.0000	</row2>
					<row3>	-0.0797 0.6567 -1.7998 1.0000	</row3>
				</transform>
			</node>
			<node>
				<identifier>	MP_WM655_Speaker	</identifier>
				<transform>
					<row0>	-0.7584 0.0000 -0.8781 0.0000	</row0>
					<row1>	0.0000 1.1603 0.0000 0.0000	</row1>
					<row2>	0.8781 0.0000 -0.7584 0.0000	</row2>
					<row3>	-0.1212 0.4253 -1.5787 1.0000	</row3>
				</transform>
			</node>
			<node>
				<identifier>	MP_WM655_Speaker_INDEX_1	</identifier>
				<transform>
					<row0>	-0.7584 0.0000 0.8781 0.0000	</row0>
					<row1>	0.0000 1.1603 0.0000 0.0000	</row1>
					<row2>	-0.8781 0.0000 -0.7584 0.0000	</row2>
					<row3>	0.1212 0.4253 -1.5787 1.0000	</row3>
				</transform>
			</node>
			<node>
				<identifier>	MP_WM701_Ammo_box_SW	</identifier>
				<transform>
					<row0>	0.9028 -0.0260 0.4293 0.0000	</row0>
					<row1>	0.0236 0.9997 0.0110 0.0000	</row1>
					<row2>	-0.4295 0.0002 0.9031 0.0000	</row2>
					<row3>	0.3260 0.2325 -3.1226 1.0000	</row3>
				</transform>
			</node>
			<node>
				<identifier>	MP_WM701_Ammo_box_SW_INDEX_1	</identifier>
				<transform>
					<row0>	0.0000 0.0000 1.0000 0.0000	</row0>
					<row1>	0.0000 1.0000 0.0000 0.0000	</row1>
					<row2>	-1.0000 0.0000 0.0000 0.0000	</row2>
					<row3>	0.2307 0.3740 -1.9094 1.0000	</row3>
				</transform>
			</node>
			<node>
				<identifier>	MP_WM701_Ammo_box_SW_INDEX_2	</identifier>
				<transform>
					<row0>	0.0000 0.0000 -1.0000 0.0000	</row0>
					<row1>	0.0000 1.0000 0.0000 0.0000	</row1>
					<row2>	1.0000 0.0000 0.0000 0.0000	</row2>
					<row3>	-0.2302 0.3740 -1.9079 1.0000	</row3>
				</transform>
			</node>
			<node>
				<identifier>	MP_WM701_Ammo_box_SW_INDEX_3	</identifier>
				<transform>
					<row0>	-0.9129 0.0191 0.4077 0.0000	</row0>
					<row1>	0.0246 0.9997 0.0083 0.0000	</row1>
					<row2>	-0.4074 0.0176 -0.9131 0.0000	</row2>
					<row3>	0.3269 0.2345 -3.3689 1.0000	</row3>
				</transform>
			</node>
			<node>
				<identifier>	MP_WM701_Ammo_box_SW_INDEX_4	</identifier>
				<transform>
					<row0>	-0.9129 -0.0191 -0.4077 0.0000	</row0>
					<row1>	-0.0246 0.9997 0.0083 0.0000	</row1>
					<row2>	0.4074 0.0176 -0.9131 0.0000	</row2>
					<row3>	-0.3269 0.2345 -3.3689 1.0000	</row3>
				</transform>
			</node>
			<node>
				<identifier>	MP_WM701_Ammo_box_SW_INDEX_5	</identifier>
				<transform>
					<row0>	0.9028 0.0260 -0.4293 0.0000	</row0>
					<row1>	-0.0236 0.9997 0.0110 0.0000	</row1>
					<row2>	0.4295 0.0002 0.9031 0.0000	</row2>
					<row3>	-0.3260 0.2325 -3.1226 1.0000	</row3>
				</transform>
			</node>
			<node>
				<identifier>	MP_WM904_Torpedo_crane_SW	</identifier>
				<transform>
					<row0>	-1.0000 0.0000 0.0000 0.0000	</row0>
					<row1>	0.0000 1.0000 0.0000 0.0000	</row1>
					<row2>	0.0000 0.0000 -1.0000 0.0000	</row2>
					<row3>	0.4820 0.2213 -1.8436 1.0000	</row3>
				</transform>
			</node>
			<node>
				<identifier>	MP_WM904_Torpedo_crane_SW_INDEX_1	</identifier>
				<transform>
					<row0>	-1.0000 0.0000 0.0000 0.0000	</row0>
					<row1>	0.0000 1.0000 0.0000 0.0000	</row1>
					<row2>	0.0000 0.0000 -1.0000 0.0000	</row2>
					<row3>	-0.4820 0.2213 -1.8436 1.0000	</row3>
				</transform>
			</node>
			<node>
				<identifier>	MP_WM962_Fender_long_SW	</identifier>
				<transform>
					<row0>	0.9997 -0.0239 -0.0006 0.0000	</row0>
					<row1>	0.0239 0.9997 0.0074 0.0000	</row1>
					<row2>	0.0005 -0.0074 1.0000 0.0000	</row2>
					<row3>	0.4933 0.2217 -2.0493 1.0000	</row3>
				</transform>
			</node>
			<node>
				<identifier>	MP_WM962_Fender_long_SW_INDEX_1	</identifier>
				<transform>
					<row0>	0.9990 -0.0440 -0.0009 0.0000	</row0>
					<row1>	0.0440 0.9990 0.0032 0.0000	</row1>
					<row2>	0.0007 -0.0033 1.0000 0.0000	</row2>
					<row3>	0.4289 0.2337 -3.6382 1.0000	</row3>
				</transform>
			</node>
			<node>
				<identifier>	MP_WM962_Fender_long_SW_INDEX_2	</identifier>
				<transform>
					<row0>	0.9997 0.0239 0.0006 0.0000	</row0>
					<row1>	-0.0239 0.9997 0.0074 0.0000	</row1>
					<row2>	-0.0005 -0.0074 1.0000 0.0000	</row2>
					<row3>	-0.4933 0.2217 -2.0493 1.0000	</row3>
				</transform>
			</node>
			<node>
				<identifier>	MP_WM962_Fender_long_SW_INDEX_3	</identifier>
				<transform>
					<row0>	0.9990 0.0440 0.0009 0.0000	</row0>
					<row1>	-0.0440 0.9990 0.0032 0.0000	</row1>
					<row2>	-0.0007 -0.0033 1.0000 0.0000	</row2>
					<row3>	-0.4289 0.2337 -3.6382 1.0000	</row3>
				</transform>
			</node>
			<node>
				<identifier>	SP_YMS011_YHWL_M_1_INDEX_10	</identifier>
				<transform>
					<row0>	0.9971 0.0000 0.0767 0.0000	</row0>
					<row1>	0.0000 1.0000 0.0000 0.0000	</row1>
					<row2>	-0.0767 0.0000 0.9971 0.0000	</row2>
					<row3>	-0.4731 0.0000 -3.6983 1.0000	</row3>
				</transform>
			</node>
			<node>
				<identifier>	SP_YMS011_YHWL_M_1_INDEX_3	</identifier>
				<transform>
					<row0>	0.9996 0.0000 0.0300 0.0000	</row0>
					<row1>	0.0000 1.0000 0.0000 0.0000	</row1>
					<row2>	-0.0300 0.0000 0.9996 0.0000	</row2>
					<row3>	-0.5636 0.0000 -2.0094 1.0000	</row3>
				</transform>
			</node>
			<node>
				<identifier>	SP_YMS011_YHWL_M_1_INDEX_8	</identifier>
				<transform>
					<row0>	0.9982 0.0000 0.0599 0.0000	</row0>
					<row1>	0.0000 1.0000 0.0000 0.0000	</row1>
					<row2>	-0.0599 0.0000 0.9982 0.0000	</row2>
					<row3>	-0.5269 0.0000 -2.8564 1.0000	</row3>
				</transform>
			</node>
			<node>
				<identifier>	SP_YMS012_YHWR_M_1_INDEX_10	</identifier>
				<transform>
					<row0>	0.9982 0.0000 -0.0599 0.0000	</row0>
					<row1>	0.0000 1.0000 0.0000 0.0000	</row1>
					<row2>	0.0599 0.0000 0.9982 0.0000	</row2>
					<row3>	0.5269 0.0000 -2.8564 1.0000	</row3>
				</transform>
			</node>
			<node>
				<identifier>	SP_YMS012_YHWR_M_1_INDEX_2	</identifier>
				<transform>
					<row0>	0.9971 0.0000 -0.0767 0.0000	</row0>
					<row1>	0.0000 1.0000 0.0000 0.0000	</row1>
					<row2>	0.0767 0.0000 0.9971 0.0000	</row2>
					<row3>	0.4731 0.0000 -3.6983 1.0000	</row3>
				</transform>
			</node>
			<node>
				<identifier>	SP_YMS012_YHWR_M_1_INDEX_3	</identifier>
				<transform>
					<row0>	0.9996 0.0000 -0.0300 0.0000	</row0>
					<row1>	0.0000 1.0000 0.0000 0.0000	</row1>
					<row2>	0.0300 0.0000 0.9996 0.0000	</row2>
					<row3>	0.5636 0.0000 -2.0094 1.0000	</row3>
				</transform>
			</node>
			<node>
				<identifier>	SP_YMS021_YHUC_S_1_INDEX_10	</identifier>
				<transform>
					<row0>	-0.4797 0.8774 0.0000 0.0000	</row0>
					<row1>	-0.8774 -0.4797 0.0000 0.0000	</row1>
					<row2>	0.0000 0.0000 1.0000 0.0000	</row2>
					<row3>	-0.5216 -0.1973 -1.7729 1.0000	</row3>
				</transform>
			</node>
			<node>
				<identifier>	SP_YMS021_YHUC_S_1_INDEX_3	</identifier>
				<transform>
					<row0>	-0.4797 -0.8774 0.0000 0.0000	</row0>
					<row1>	0.8774 -0.4797 0.0000 0.0000	</row1>
					<row2>	0.0000 0.0000 1.0000 0.0000	</row2>
					<row3>	0.5216 -0.1973 -1.7729 1.0000	</row3>
				</transform>
			</node>
			<node>
				<identifier>	SP_YMS044_YHTC_L_1_INDEX_1	</identifier>
				<transform>
					<row0>	-0.2794 0.0000 0.0000 0.0000	</row0>
					<row1>	0.0000 0.2794 0.0000 0.0000	</row1>
					<row2>	0.0000 0.0000 -0.2794 0.0000	</row2>
					<row3>	0.0000 0.7902 -1.7117 1.0000	</row3>
				</transform>
			</node>
			<node>
				<identifier>	SP_YMS053_YHDC_S_1_INDEX_10	</identifier>
				<transform>
					<row0>	0.6906 0.0000 0.0000 0.0000	</row0>
					<row1>	0.0000 0.6906 0.0000 0.0000	</row1>
					<row2>	0.0000 0.0000 0.6906 0.0000	</row2>
					<row3>	0.4229 0.2351 -2.2886 1.0000	</row3>
				</transform>
			</node>
			<node>
				<identifier>	SP_YMS053_YHDC_S_1_INDEX_13	</identifier>
				<transform>
					<row0>	0.6906 0.0000 0.0000 0.0000	</row0>
					<row1>	0.0000 0.6906 0.0000 0.0000	</row1>
					<row2>	0.0000 0.0000 0.6906 0.0000	</row2>
					<row3>	-0.4229 0.2351 -2.2886 1.0000	</row3>
				</transform>
			</node>
			<node>
				<identifier>	SP_YMS053_YHDC_S_1_INDEX_14	</identifier>
				<transform>
					<row0>	0.6906 0.0000 0.0000 0.0000	</row0>
					<row1>	0.0000 0.6906 0.0000 0.0000	</row1>
					<row2>	0.0000 0.0000 0.6906 0.0000	</row2>
					<row3>	0.0000 0.3839 -2.2277 1.0000	</row3>
				</transform>
			</node>
			<node>
				<identifier>	SP_YMS053_YHDC_S_1_INDEX_2	</identifier>
				<transform>
					<row0>	0.6906 0.0000 0.0000 0.0000	</row0>
					<row1>	0.0000 0.6906 0.0000 0.0000	</row1>
					<row2>	0.0000 0.0000 0.6906 0.0000	</row2>
					<row3>	0.0000 0.2476 -3.5039 1.0000	</row3>
				</transform>
			</node>
			<node>
				<identifier>	SP_YMS062_YHGH_M_1_INDEX_3	</identifier>
				<transform>
					<row0>	0.0000 0.0000 -0.2999 0.0000	</row0>
					<row1>	0.0000 0.2999 0.0000 0.0000	</row1>
					<row2>	0.2999 0.0000 0.0000 0.0000	</row2>
					<row3>	-0.1564 0.5595 -1.9486 1.0000	</row3>
				</transform>
			</node>
			<node>
				<identifier>	SP_YMS062_YHGH_M_1_INDEX_4	</identifier>
				<transform>
					<row0>	-0.3003 0.0000 0.4853 0.0000	</row0>
					<row1>	0.0000 0.5707 0.0000 0.0000	</row1>
					<row2>	-0.4853 0.0000 -0.3003 0.0000	</row2>
					<row3>	0.2523 0.4415 -1.7468 1.0000	</row3>
				</transform>
			</node>
			<node>
				<identifier>	SP_YMS062_YHGH_M_1_INDEX_6	</identifier>
				<transform>
					<row0>	-0.3003 0.0000 -0.4853 0.0000	</row0>
					<row1>	0.0000 0.5707 0.0000 0.0000	</row1>
					<row2>	0.4853 0.0000 -0.3003 0.0000	</row2>
					<row3>	-0.2523 0.4415 -1.7468 1.0000	</row3>
				</transform>
			</node>
			<node>
				<identifier>	SP_YMS062_YHGH_M_1_INDEX_8	</identifier>
				<transform>
					<row0>	0.0000 0.0000 0.2999 0.0000	</row0>
					<row1>	0.0000 0.2999 0.0000 0.0000	</row1>
					<row2>	-0.2999 0.0000 0.0000 0.0000	</row2>
					<row3>	0.1564 0.5595 -1.9486 1.0000	</row3>
				</transform>
			</node>
			<node>
				<identifier>	SP_YMS063_YHGQ_S_1	</identifier>
				<transform>
					<row0>	0.0000 0.0000 0.5938 0.0000	</row0>
					<row1>	0.0000 0.5938 0.0000 0.0000	</row1>
					<row2>	-0.5938 0.0000 0.0000 0.0000	</row2>
					<row3>	0.3677 0.2990 -3.2440 1.0000	</row3>
				</transform>
			</node>
			<node>
				<identifier>	SP_YMS063_YHGQ_S_1_INDEX_1	</identifier>
				<transform>
					<row0>	0.0000 0.0000 -0.5938 0.0000	</row0>
					<row1>	0.0000 0.5938 0.0000 0.0000	</row1>
					<row2>	0.5938 0.0000 0.0000 0.0000	</row2>
					<row3>	-0.3677 0.2990 -3.2440 1.0000	</row3>
				</transform>
			</node>
			<node>
				<identifier>	SP_YMS072_YHHC_M_1_INDEX_1	</identifier>
				<transform>
					<row0>	0.0119 0.0000 0.5831 0.0000	</row0>
					<row1>	-0.0401 0.5818 0.0008 0.0000	</row1>
					<row2>	-0.5817 -0.0401 0.0118 0.0000	</row2>
					<row3>	0.5209 0.1520 -2.4276 1.0000	</row3>
				</transform>
			</node>
			<node>
				<identifier>	SP_YMS072_YHHC_M_1_INDEX_5	</identifier>
				<transform>
					<row0>	0.0118 0.0012 0.5831 0.0000	</row0>
					<row1>	-0.0581 0.5803 0.0000 0.0000	</row1>
					<row2>	-0.5802 -0.0581 0.0119 0.0000	</row2>
					<row3>	0.5321 0.1466 -2.0155 1.0000	</row3>
				</transform>
			</node>
			<node>
				<identifier>	SP_YMS072_YHHC_M_1_INDEX_7	</identifier>
				<transform>
					<row0>	0.0119 0.0000 -0.5831 0.0000	</row0>
					<row1>	0.0401 0.5818 0.0008 0.0000	</row1>
					<row2>	0.5817 -0.0401 0.0118 0.0000	</row2>
					<row3>	-0.5209 0.1520 -2.4276 1.0000	</row3>
				</transform>
			</node>
			<node>
				<identifier>	SP_YMS072_YHHC_M_1_INDEX_9	</identifier>
				<transform>
					<row0>	0.0118 -0.0012 -0.5831 0.0000	</row0>
					<row1>	0.0581 0.5803 0.0000 0.0000	</row1>
					<row2>	0.5802 -0.0581 0.0119 0.0000	</row2>
					<row3>	-0.5321 0.1466 -2.0155 1.0000	</row3>
				</transform>
			</node>
			<node>
				<identifier>	SP_YMS080_YHSL_M_1_INDEX_3	</identifier>
				<transform>
					<row0>	0.4646 -0.0276 0.0182 0.0000	</row0>
					<row1>	0.0277 0.4649 0.0001 0.0000	</row1>
					<row2>	-0.0182 0.0010 0.4654 0.0000	</row2>
					<row3>	-0.5051 0.1338 -2.7879 1.0000	</row3>
				</transform>
			</node>
			<node>
				<identifier>	SP_YMS080_YHSL_M_1_INDEX_5	</identifier>
				<transform>
					<row0>	0.4244 0.0219 0.0339 0.0000	</row0>
					<row1>	-0.0218 0.4257 -0.0017 0.0000	</row1>
					<row2>	-0.0339 0.0000 0.4249 0.0000	</row2>
					<row3>	-0.4710 0.1438 -3.7444 1.0000	</row3>
				</transform>
			</node>
			<node>
				<identifier>	SP_YMS081_YHSR_M_1_INDEX_1	</identifier>
				<transform>
					<row0>	0.4646 0.0276 -0.0182 0.0000	</row0>
					<row1>	-0.0277 0.4649 0.0001 0.0000	</row1>
					<row2>	0.0182 0.0010 0.4654 0.0000	</row2>
					<row3>	0.5051 0.1338 -2.7879 1.0000	</row3>
				</transform>
			</node>
			<node>
				<identifier>	SP_YMS081_YHSR_M_1_INDEX_3	</identifier>
				<transform>
					<row0>	0.4637 -0.0239 -0.0370 0.0000	</row0>
					<row1>	0.0239 0.4651 -0.0019 0.0000	</row1>
					<row2>	0.0371 0.0000 0.4643 0.0000	</row2>
					<row3>	0.4717 0.1447 -3.7443 1.0000	</row3>
				</transform>
			</node>
			<node>
				<identifier>	SP_YMS082_YHSC_M_1	</identifier>
				<transform>
					<row0>	0.0109 -0.0012 -0.7073 0.0000	</row0>
					<row1>	0.0763 0.7033 0.0000 0.0000	</row1>
					<row2>	0.7032 -0.0763 0.0110 0.0000	</row2>
					<row3>	-0.5436 0.1608 -1.7047 1.0000	</row3>
				</transform>
			</node>
			<node>
				<identifier>	SP_YMS082_YHSC_M_1_INDEX_3	</identifier>
				<transform>
					<row0>	0.0113 0.0012 0.7305 0.0000	</row0>
					<row1>	-0.0788 0.7263 0.0000 0.0000	</row1>
					<row2>	-0.7262 -0.0788 0.0114 0.0000	</row2>
					<row3>	0.5434 0.1623 -1.7047 1.0000	</row3>
				</transform>
			</node>
			<node>
				<identifier>	SP_YMS095_YHZC_M_1_INDEX_10	</identifier>
				<transform>
					<row0>	0.0000 0.0000 -0.6387 0.0000	</row0>
					<row1>	0.0000 0.6387 0.0000 0.0000	</row1>
					<row2>	0.6387 0.0000 0.0000 0.0000	</row2>
					<row3>	-0.2270 0.4433 -2.2156 1.0000	</row3>
				</transform>
			</node>
			<node>
				<identifier>	SP_YMS095_YHZC_M_1_INDEX_6	</identifier>
				<transform>
					<row0>	0.0000 0.0000 0.6387 0.0000	</row0>
					<row1>	0.0000 0.6387 0.0000 0.0000	</row1>
					<row2>	-0.6387 0.0000 0.0000 0.0000	</row2>
					<row3>	0.2270 0.4433 -2.2156 1.0000	</row3>
				</transform>
			</node>
			<node>
				<identifier>	SP_YMS096_YHZC_S_1_INDEX_17	</identifier>
				<transform>
					<row0>	0.6589 0.0000 0.0000 0.0000	</row0>
					<row1>	0.0000 0.6589 0.0000 0.0000	</row1>
					<row2>	0.0000 0.0000 0.6589 0.0000	</row2>
					<row3>	0.0000 0.6464 -1.9977 1.0000	</row3>
				</transform>
			</node>
			<node>
				<identifier>	SP_YMS096_YHZC_S_1_INDEX_21	</identifier>
				<transform>
					<row0>	0.6589 0.0000 0.0000 0.0000	</row0>
					<row1>	0.0000 0.6589 0.0000 0.0000	</row1>
					<row2>	0.0000 0.0000 0.6589 0.0000	</row2>
					<row3>	0.0000 0.7205 -1.9977 1.0000	</row3>
				</transform>
			</node>
			<node>
				<identifier>	SP_YMS096_YHZC_S_1_INDEX_5	</identifier>
				<transform>
					<row0>	0.9795 0.0000 0.0000 0.0000	</row0>
					<row1>	0.0000 0.9795 0.0000 0.0000	</row1>
					<row2>	0.0000 0.0000 0.9795 0.0000	</row2>
					<row3>	0.0000 0.5546 -1.9938 1.0000	</row3>
				</transform>
			</node>
		</node>
	</node>
	<boundingBox>
		<min>	-0.0667 -0.0667 -0.0667	</min>
		<max>	0.0667 0.0667 0.0667	</max>
	</boundingBox>
</WSC301_Svea_1954_MidBack_ports.visual>
