<BAD710_Fairey_Spearfish_proto_lod3.visual>
	<node>
		<identifier>	Scene Root	</identifier>
		<transform>
			<row0>	1.0000 0.0000 0.0000 0.0000	</row0>
			<row1>	0.0000 1.0000 0.0000 0.0000	</row1>
			<row2>	0.0000 0.0000 1.0000 0.0000	</row2>
			<row3>	0.0000 0.0000 0.0000 1.0000	</row3>
		</transform>
		<node>
			<identifier>	Hull	</identifier>
			<transform>
				<row0>	1.0000 0.0000 0.0000 0.0000	</row0>
				<row1>	0.0000 1.0000 0.0000 0.0000	</row1>
				<row2>	0.0000 0.0000 1.0000 0.0000	</row2>
				<row3>	0.0000 0.0000 0.0000 1.0000	</row3>
			</transform>
			<node>
				<identifier>	chassis_on_hull	</identifier>
				<transform>
					<row0>	1.0000 0.0000 0.0000 0.0000	</row0>
					<row1>	0.0000 1.0000 0.0000 0.0000	</row1>
					<row2>	0.0000 0.0000 1.0000 0.0000	</row2>
					<row3>	0.0000 0.0000 0.0000 1.0000	</row3>
				</transform>
			</node>
		</node>
		<node>
			<identifier>	Root	</identifier>
			<transform>
				<row0>	1.0000 0.0000 0.0000 0.0000	</row0>
				<row1>	0.0000 1.0000 0.0000 0.0000	</row1>
				<row2>	0.0000 0.0000 1.0000 0.0000	</row2>
				<row3>	0.0000 0.0000 0.0000 1.0000	</row3>
			</transform>
			<node>
				<identifier>	HP_Air_bomb_1	</identifier>
				<transform>
					<row0>	1.0000 0.0000 0.0000 0.0000	</row0>
					<row1>	0.0000 1.0000 0.0000 0.0000	</row1>
					<row2>	0.0000 0.0000 1.0000 0.0000	</row2>
					<row3>	-0.0148 0.1464 -0.0815 1.0000	</row3>
				</transform>
			</node>
			<node>
				<identifier>	HP_Air_bomb_2	</identifier>
				<transform>
					<row0>	1.0000 0.0000 0.0000 0.0000	</row0>
					<row1>	0.0000 1.0000 0.0000 0.0000	</row1>
					<row2>	0.0000 0.0000 1.0000 0.0000	</row2>
					<row3>	0.0148 0.1464 -0.2705 1.0000	</row3>
				</transform>
			</node>
			<node>
				<identifier>	HP_Air_bomb_3	</identifier>
				<transform>
					<row0>	1.0000 0.0000 0.0000 0.0000	</row0>
					<row1>	0.0000 1.0000 0.0000 0.0000	</row1>
					<row2>	0.0000 0.0000 1.0000 0.0000	</row2>
					<row3>	-0.0148 0.1464 -0.1760 1.0000	</row3>
				</transform>
			</node>
			<node>
				<identifier>	HP_Air_bomb_4	</identifier>
				<transform>
					<row0>	1.0000 0.0000 0.0000 0.0000	</row0>
					<row1>	0.0000 1.0000 0.0000 0.0000	</row1>
					<row2>	0.0000 0.0000 1.0000 0.0000	</row2>
					<row3>	0.0148 0.1464 -0.1760 1.0000	</row3>
				</transform>
			</node>
			<node>
				<identifier>	HP_Air_bomb_5	</identifier>
				<transform>
					<row0>	1.0000 0.0000 0.0000 0.0000	</row0>
					<row1>	0.0000 1.0000 0.0000 0.0000	</row1>
					<row2>	0.0000 0.0000 1.0000 0.0000	</row2>
					<row3>	-0.0148 0.1464 -0.2705 1.0000	</row3>
				</transform>
			</node>
			<node>
				<identifier>	HP_Air_bomb_6	</identifier>
				<transform>
					<row0>	1.0000 0.0000 0.0000 0.0000	</row0>
					<row1>	0.0000 1.0000 0.0000 0.0000	</row1>
					<row2>	0.0000 0.0000 1.0000 0.0000	</row2>
					<row3>	0.0148 0.1464 -0.0815 1.0000	</row3>
				</transform>
			</node>
			<node>
				<identifier>	HP_Air_bomb_7	</identifier>
				<transform>
					<row0>	1.0000 0.0000 0.0000 0.0000	</row0>
					<row1>	0.0000 1.0000 0.0000 0.0000	</row1>
					<row2>	0.0000 0.0000 1.0000 0.0000	</row2>
					<row3>	-0.0148 0.1464 0.0130 1.0000	</row3>
				</transform>
			</node>
			<node>
				<identifier>	HP_Air_bomb_8	</identifier>
				<transform>
					<row0>	1.0000 0.0000 0.0000 0.0000	</row0>
					<row1>	0.0000 1.0000 0.0000 0.0000	</row1>
					<row2>	0.0000 0.0000 1.0000 0.0000	</row2>
					<row3>	0.0148 0.1464 0.0130 1.0000	</row3>
				</transform>
			</node>
			<node>
				<identifier>	HP_Air_break_1	</identifier>
				<transform>
					<row0>	0.9913 0.0944 0.0916 0.0000	</row0>
					<row1>	-0.0944 0.9955 -0.0043 0.0000	</row1>
					<row2>	-0.0916 -0.0043 0.9958 0.0000	</row2>
					<row3>	0.3088 0.1884 -0.1111 1.0000	</row3>
				</transform>
			</node>
			<node>
				<identifier>	HP_Air_break_2	</identifier>
				<transform>
					<row0>	1.0000 0.0000 0.0000 0.0000	</row0>
					<row1>	0.0000 1.0000 0.0000 0.0000	</row1>
					<row2>	0.0000 0.0000 1.0000 0.0000	</row2>
					<row3>	0.4050 0.1973 -0.1016 1.0000	</row3>
				</transform>
			</node>
			<node>
				<identifier>	HP_Air_break_3	</identifier>
				<transform>
					<row0>	1.0000 0.0000 0.0000 0.0000	</row0>
					<row1>	0.0000 1.0000 0.0000 0.0000	</row1>
					<row2>	0.0000 0.0000 1.0000 0.0000	</row2>
					<row3>	0.3128 0.1666 -0.1159 1.0000	</row3>
				</transform>
			</node>
			<node>
				<identifier>	HP_Air_break_4	</identifier>
				<transform>
					<row0>	1.0000 0.0000 0.0000 0.0000	</row0>
					<row1>	0.0000 1.0000 0.0000 0.0000	</row1>
					<row2>	0.0000 0.0000 1.0000 0.0000	</row2>
					<row3>	-0.3128 0.1666 -0.1159 1.0000	</row3>
				</transform>
			</node>
			<node>
				<identifier>	HP_Air_break_5	</identifier>
				<transform>
					<row0>	1.0000 0.0000 0.0000 0.0000	</row0>
					<row1>	0.0000 1.0000 0.0000 0.0000	</row1>
					<row2>	0.0000 0.0000 1.0000 0.0000	</row2>
					<row3>	-0.3088 0.1884 -0.1111 1.0000	</row3>
				</transform>
			</node>
			<node>
				<identifier>	HP_Air_break_6	</identifier>
				<transform>
					<row0>	1.0000 0.0000 0.0000 0.0000	</row0>
					<row1>	0.0000 1.0000 0.0000 0.0000	</row1>
					<row2>	0.0000 0.0000 1.0000 0.0000	</row2>
					<row3>	-0.4050 0.1973 -0.1016 1.0000	</row3>
				</transform>
			</node>
			<node>
				<identifier>	HP_Air_death_1	</identifier>
				<transform>
					<row0>	1.0000 0.0000 0.0000 0.0000	</row0>
					<row1>	0.0000 1.0000 0.0000 0.0000	</row1>
					<row2>	0.0000 0.0000 1.0000 0.0000	</row2>
					<row3>	0.0000 0.1673 0.0876 1.0000	</row3>
				</transform>
			</node>
			<node>
				<identifier>	HP_Air_enginelight_1	</identifier>
				<transform>
					<row0>	1.0000 0.0000 0.0000 0.0000	</row0>
					<row1>	0.0000 1.0000 0.0000 0.0000	</row1>
					<row2>	0.0000 0.0000 1.0000 0.0000	</row2>
					<row3>	-0.0416 0.1389 0.1216 1.0000	</row3>
				</transform>
			</node>
			<node>
				<identifier>	HP_Air_enginelight_10	</identifier>
				<transform>
					<row0>	1.0000 0.0000 0.0000 0.0000	</row0>
					<row1>	0.0000 1.0000 0.0000 0.0000	</row1>
					<row2>	0.0000 0.0000 1.0000 0.0000	</row2>
					<row3>	0.0390 0.1340 0.1216 1.0000	</row3>
				</transform>
			</node>
			<node>
				<identifier>	HP_Air_enginelight_11	</identifier>
				<transform>
					<row0>	1.0000 0.0000 0.0000 0.0000	</row0>
					<row1>	0.0000 1.0000 0.0000 0.0000	</row1>
					<row2>	0.0000 0.0000 1.0000 0.0000	</row2>
					<row3>	0.0440 0.1440 0.1216 1.0000	</row3>
				</transform>
			</node>
			<node>
				<identifier>	HP_Air_enginelight_12	</identifier>
				<transform>
					<row0>	1.0000 0.0000 0.0000 0.0000	</row0>
					<row1>	0.0000 1.0000 0.0000 0.0000	</row1>
					<row2>	0.0000 0.0000 1.0000 0.0000	</row2>
					<row3>	0.0457 0.1494 0.1216 1.0000	</row3>
				</transform>
			</node>
			<node>
				<identifier>	HP_Air_enginelight_13	</identifier>
				<transform>
					<row0>	1.0000 0.0000 0.0000 0.0000	</row0>
					<row1>	0.0000 1.0000 0.0000 0.0000	</row1>
					<row2>	0.0000 0.0000 1.0000 0.0000	</row2>
					<row3>	0.0462 0.1766 0.1216 1.0000	</row3>
				</transform>
			</node>
			<node>
				<identifier>	HP_Air_enginelight_14	</identifier>
				<transform>
					<row0>	1.0000 0.0000 0.0000 0.0000	</row0>
					<row1>	0.0000 1.0000 0.0000 0.0000	</row1>
					<row2>	0.0000 0.0000 1.0000 0.0000	</row2>
					<row3>	0.0444 0.1819 0.1216 1.0000	</row3>
				</transform>
			</node>
			<node>
				<identifier>	HP_Air_enginelight_15	</identifier>
				<transform>
					<row0>	-0.1478 -0.9573 0.2486 0.0000	</row0>
					<row1>	0.9685 -0.0891 0.2327 0.0000	</row1>
					<row2>	-0.2006 0.2751 0.9402 0.0000	</row2>
					<row3>	0.0437 0.1863 0.1167 1.0000	</row3>
				</transform>
			</node>
			<node>
				<identifier>	HP_Air_enginelight_16	</identifier>
				<transform>
					<row0>	-0.1325 -0.9798 0.1498 0.0000	</row0>
					<row1>	0.9546 -0.0855 0.2855 0.0000	</row1>
					<row2>	-0.2669 0.1809 0.9466 0.0000	</row2>
					<row3>	0.0423 0.1918 0.1135 1.0000	</row3>
				</transform>
			</node>
			<node>
				<identifier>	HP_Air_enginelight_2	</identifier>
				<transform>
					<row0>	1.0000 0.0000 0.0000 0.0000	</row0>
					<row1>	0.0000 1.0000 0.0000 0.0000	</row1>
					<row2>	0.0000 0.0000 1.0000 0.0000	</row2>
					<row3>	-0.0390 0.1340 0.1216 1.0000	</row3>
				</transform>
			</node>
			<node>
				<identifier>	HP_Air_enginelight_3	</identifier>
				<transform>
					<row0>	1.0000 0.0000 0.0000 0.0000	</row0>
					<row1>	0.0000 1.0000 0.0000 0.0000	</row1>
					<row2>	0.0000 0.0000 1.0000 0.0000	</row2>
					<row3>	-0.0440 0.1440 0.1216 1.0000	</row3>
				</transform>
			</node>
			<node>
				<identifier>	HP_Air_enginelight_4	</identifier>
				<transform>
					<row0>	1.0000 0.0000 0.0000 0.0000	</row0>
					<row1>	0.0000 1.0000 0.0000 0.0000	</row1>
					<row2>	0.0000 0.0000 1.0000 0.0000	</row2>
					<row3>	-0.0457 0.1494 0.1216 1.0000	</row3>
				</transform>
			</node>
			<node>
				<identifier>	HP_Air_enginelight_5	</identifier>
				<transform>
					<row0>	1.0000 0.0000 0.0000 0.0000	</row0>
					<row1>	0.0000 1.0000 0.0000 0.0000	</row1>
					<row2>	0.0000 0.0000 1.0000 0.0000	</row2>
					<row3>	-0.0462 0.1766 0.1216 1.0000	</row3>
				</transform>
			</node>
			<node>
				<identifier>	HP_Air_enginelight_6	</identifier>
				<transform>
					<row0>	1.0000 0.0000 0.0000 0.0000	</row0>
					<row1>	0.0000 1.0000 0.0000 0.0000	</row1>
					<row2>	0.0000 0.0000 1.0000 0.0000	</row2>
					<row3>	-0.0444 0.1819 0.1216 1.0000	</row3>
				</transform>
			</node>
			<node>
				<identifier>	HP_Air_enginelight_7	</identifier>
				<transform>
					<row0>	-0.1478 0.9573 -0.2486 0.0000	</row0>
					<row1>	-0.9883 -0.1526 0.0000 0.0000	</row1>
					<row2>	-0.0379 0.2457 0.9686 0.0000	</row2>
					<row3>	-0.0437 0.1863 0.1167 1.0000	</row3>
				</transform>
			</node>
			<node>
				<identifier>	HP_Air_enginelight_8	</identifier>
				<transform>
					<row0>	0.1325 -0.9798 0.1498 0.0000	</row0>
					<row1>	0.9546 0.0855 -0.2855 0.0000	</row1>
					<row2>	0.2669 0.1809 0.9466 0.0000	</row2>
					<row3>	-0.0423 0.1918 0.1135 1.0000	</row3>
				</transform>
			</node>
			<node>
				<identifier>	HP_Air_enginelight_9	</identifier>
				<transform>
					<row0>	1.0000 0.0000 0.0000 0.0000	</row0>
					<row1>	0.0000 1.0000 0.0000 0.0000	</row1>
					<row2>	0.0000 0.0000 1.0000 0.0000	</row2>
					<row3>	0.0416 0.1389 0.1216 1.0000	</row3>
				</transform>
			</node>
			<node>
				<identifier>	HP_Air_fire_1	</identifier>
				<transform>
					<row0>	1.0000 0.0000 0.0000 0.0000	</row0>
					<row1>	0.0000 1.0000 0.0000 0.0000	</row1>
					<row2>	0.0000 0.0000 1.0000 0.0000	</row2>
					<row3>	-0.0390 0.1340 0.1216 1.0000	</row3>
				</transform>
			</node>
			<node>
				<identifier>	HP_Air_fire_2	</identifier>
				<transform>
					<row0>	1.0000 0.0000 0.0000 0.0000	</row0>
					<row1>	0.0000 1.0000 0.0000 0.0000	</row1>
					<row2>	0.0000 0.0000 1.0000 0.0000	</row2>
					<row3>	0.0462 0.1766 0.1216 1.0000	</row3>
				</transform>
			</node>
			<node>
				<identifier>	HP_Air_fire_3	</identifier>
				<transform>
					<row0>	1.0000 0.0000 0.0000 0.0000	</row0>
					<row1>	0.0000 1.0000 0.0000 0.0000	</row1>
					<row2>	0.0000 0.0000 1.0000 0.0000	</row2>
					<row3>	0.0513 0.1637 0.0749 1.0000	</row3>
				</transform>
			</node>
			<node>
				<identifier>	HP_Air_fire_4	</identifier>
				<transform>
					<row0>	1.0000 0.0000 0.0000 0.0000	</row0>
					<row1>	0.0000 1.0000 0.0000 0.0000	</row1>
					<row2>	0.0000 0.0000 1.0000 0.0000	</row2>
					<row3>	-0.0513 0.1637 0.0749 1.0000	</row3>
				</transform>
			</node>
			<node>
				<identifier>	HP_Air_fire_5	</identifier>
				<transform>
					<row0>	1.0000 0.0000 0.0000 0.0000	</row0>
					<row1>	0.0000 1.0000 0.0000 0.0000	</row1>
					<row2>	0.0000 0.0000 1.0000 0.0000	</row2>
					<row3>	-0.1773 0.1712 0.0028 1.0000	</row3>
				</transform>
			</node>
			<node>
				<identifier>	HP_Air_fire_6	</identifier>
				<transform>
					<row0>	1.0000 0.0000 0.0000 0.0000	</row0>
					<row1>	0.0000 1.0000 0.0000 0.0000	</row1>
					<row2>	0.0000 0.0000 1.0000 0.0000	</row2>
					<row3>	-0.4092 0.1962 -0.0083 1.0000	</row3>
				</transform>
			</node>
			<node>
				<identifier>	HP_Air_fire_7	</identifier>
				<transform>
					<row0>	1.0000 0.0000 0.0000 0.0000	</row0>
					<row1>	0.0000 1.0000 0.0000 0.0000	</row1>
					<row2>	0.0000 0.0000 1.0000 0.0000	</row2>
					<row3>	0.0000 0.1239 -0.4501 1.0000	</row3>
				</transform>
			</node>
			<node>
				<identifier>	HP_Air_fire_8	</identifier>
				<transform>
					<row0>	1.0000 0.0000 0.0000 0.0000	</row0>
					<row1>	0.0000 1.0000 0.0000 0.0000	</row1>
					<row2>	0.0000 0.0000 1.0000 0.0000	</row2>
					<row3>	0.4092 0.1962 -0.0083 1.0000	</row3>
				</transform>
			</node>
			<node>
				<identifier>	HP_Air_fire_9	</identifier>
				<transform>
					<row0>	1.0000 0.0000 0.0000 0.0000	</row0>
					<row1>	0.0000 1.0000 0.0000 0.0000	</row1>
					<row2>	0.0000 0.0000 1.0000 0.0000	</row2>
					<row3>	0.1773 0.1712 0.0028 1.0000	</row3>
				</transform>
			</node>
			<node>
				<identifier>	HP_Air_flytrail_1	</identifier>
				<transform>
					<row0>	1.0000 0.0000 0.0000 0.0000	</row0>
					<row1>	0.0000 1.0000 0.0000 0.0000	</row1>
					<row2>	0.0000 0.0000 1.0000 0.0000	</row2>
					<row3>	-0.6099 0.2113 -0.0541 1.0000	</row3>
				</transform>
			</node>
			<node>
				<identifier>	HP_Air_flytrail_2	</identifier>
				<transform>
					<row0>	1.0000 0.0000 0.0000 0.0000	</row0>
					<row1>	0.0000 1.0000 0.0000 0.0000	</row1>
					<row2>	0.0000 0.0000 1.0000 0.0000	</row2>
					<row3>	0.6099 0.2112 -0.0541 1.0000	</row3>
				</transform>
			</node>
			<node>
				<identifier>	HP_Air_gunfire_1	</identifier>
				<transform>
					<row0>	1.0000 0.0000 0.0000 0.0000	</row0>
					<row1>	0.0000 1.0000 0.0000 0.0000	</row1>
					<row2>	0.0000 0.0000 1.0000 0.0000	</row2>
					<row3>	-0.2517 0.1811 0.0105 1.0000	</row3>
				</transform>
			</node>
			<node>
				<identifier>	HP_Air_gunfire_2	</identifier>
				<transform>
					<row0>	1.0000 0.0000 0.0000 0.0000	</row0>
					<row1>	0.0000 1.0000 0.0000 0.0000	</row1>
					<row2>	0.0000 0.0000 1.0000 0.0000	</row2>
					<row3>	0.2517 0.1811 0.0105 1.0000	</row3>
				</transform>
			</node>
			<node>
				<identifier>	HP_Air_gunfire_back_1	</identifier>
				<transform>
					<row0>	1.0000 0.0000 0.0000 0.0000	</row0>
					<row1>	0.0000 1.0000 0.0000 0.0000	</row1>
					<row2>	0.0000 0.0000 1.0000 0.0000	</row2>
					<row3>	-0.0090 0.2215 -0.2591 1.0000	</row3>
				</transform>
			</node>
			<node>
				<identifier>	HP_Air_gunfire_back_2	</identifier>
				<transform>
					<row0>	1.0000 0.0000 0.0000 0.0000	</row0>
					<row1>	0.0000 1.0000 0.0000 0.0000	</row1>
					<row2>	0.0000 0.0000 1.0000 0.0000	</row2>
					<row3>	0.0090 0.2215 -0.2591 1.0000	</row3>
				</transform>
			</node>
			<node>
				<identifier>	HP_Air_ricochet_1	</identifier>
				<transform>
					<row0>	1.0000 0.0000 0.0000 0.0000	</row0>
					<row1>	0.0000 1.0000 0.0000 0.0000	</row1>
					<row2>	0.0000 0.0000 1.0000 0.0000	</row2>
					<row3>	-0.3172 0.1951 -0.0655 1.0000	</row3>
				</transform>
			</node>
			<node>
				<identifier>	HP_Air_ricochet_2	</identifier>
				<transform>
					<row0>	1.0000 0.0000 0.0000 0.0000	</row0>
					<row1>	0.0000 1.0000 0.0000 0.0000	</row1>
					<row2>	0.0000 0.0000 1.0000 0.0000	</row2>
					<row3>	0.1765 0.1809 -0.0936 1.0000	</row3>
				</transform>
			</node>
			<node>
				<identifier>	HP_Air_ricochet_3	</identifier>
				<transform>
					<row0>	1.0000 0.0000 0.0000 0.0000	</row0>
					<row1>	0.0000 1.0000 0.0000 0.0000	</row1>
					<row2>	0.0000 0.0000 1.0000 0.0000	</row2>
					<row3>	0.0399 0.1355 -0.3445 1.0000	</row3>
				</transform>
			</node>
			<node>
				<identifier>	HP_Air_ricochet_4	</identifier>
				<transform>
					<row0>	1.0000 0.0000 0.0000 0.0000	</row0>
					<row1>	0.0000 1.0000 0.0000 0.0000	</row1>
					<row2>	0.0000 0.0000 1.0000 0.0000	</row2>
					<row3>	-0.0392 0.1673 -0.3445 1.0000	</row3>
				</transform>
			</node>
			<node>
				<identifier>	HP_Air_ricochet_5	</identifier>
				<transform>
					<row0>	1.0000 0.0000 0.0000 0.0000	</row0>
					<row1>	0.0000 1.0000 0.0000 0.0000	</row1>
					<row2>	0.0000 0.0000 1.0000 0.0000	</row2>
					<row3>	-0.1215 0.2126 -0.5430 1.0000	</row3>
				</transform>
			</node>
			<node>
				<identifier>	HP_Air_ricochet_6	</identifier>
				<transform>
					<row0>	1.0000 0.0000 0.0000 0.0000	</row0>
					<row1>	0.0000 1.0000 0.0000 0.0000	</row1>
					<row2>	0.0000 0.0000 1.0000 0.0000	</row2>
					<row3>	0.0890 0.2232 -0.5365 1.0000	</row3>
				</transform>
			</node>
			<node>
				<identifier>	HP_Air_sleeve_1	</identifier>
				<transform>
					<row0>	1.0000 0.0000 0.0000 0.0000	</row0>
					<row1>	0.0000 1.0000 0.0000 0.0000	</row1>
					<row2>	0.0000 0.0000 1.0000 0.0000	</row2>
					<row3>	-0.2611 0.1599 -0.1010 1.0000	</row3>
				</transform>
			</node>
			<node>
				<identifier>	HP_Air_sleeve_2	</identifier>
				<transform>
					<row0>	1.0000 0.0000 0.0000 0.0000	</row0>
					<row1>	0.0000 1.0000 0.0000 0.0000	</row1>
					<row2>	0.0000 0.0000 1.0000 0.0000	</row2>
					<row3>	0.2615 0.1600 -0.1001 1.0000	</row3>
				</transform>
			</node>
			<node>
				<identifier>	Root_BlendBone	</identifier>
				<transform>
					<row0>	1.0000 0.0000 0.0000 0.0000	</row0>
					<row1>	0.0000 1.0000 0.0000 0.0000	</row1>
					<row2>	0.0000 0.0000 1.0000 0.0000	</row2>
					<row3>	0.0000 0.0000 0.0000 1.0000	</row3>
				</transform>
			</node>
			<node>
				<identifier>	chassis_off	</identifier>
				<transform>
					<row0>	1.0000 0.0000 0.0000 0.0000	</row0>
					<row1>	0.0000 1.0000 0.0000 0.0000	</row1>
					<row2>	0.0000 0.0000 1.0000 0.0000	</row2>
					<row3>	0.0000 0.0000 0.0000 1.0000	</row3>
				</transform>
				<node>
					<identifier>	chassis_off_BlendBone	</identifier>
					<transform>
						<row0>	1.0000 0.0000 0.0000 0.0000	</row0>
						<row1>	0.0000 1.0000 0.0000 0.0000	</row1>
						<row2>	0.0000 0.0000 1.0000 0.0000	</row2>
						<row3>	0.0000 0.0000 0.0000 1.0000	</row3>
					</transform>
				</node>
			</node>
			<node>
				<identifier>	chassis_on	</identifier>
				<transform>
					<row0>	1.0000 0.0000 0.0000 0.0000	</row0>
					<row1>	0.0000 1.0000 0.0000 0.0000	</row1>
					<row2>	0.0000 0.0000 1.0000 0.0000	</row2>
					<row3>	0.0000 0.0000 0.0000 1.0000	</row3>
				</transform>
				<node>
					<identifier>	chassis_on_BlendBone	</identifier>
					<transform>
						<row0>	1.0000 0.0000 0.0000 0.0000	</row0>
						<row1>	0.0000 1.0000 0.0000 0.0000	</row1>
						<row2>	0.0000 0.0000 1.0000 0.0000	</row2>
						<row3>	0.0000 0.0000 0.0000 1.0000	</row3>
					</transform>
				</node>
			</node>
			<node>
				<identifier>	elevator_1	</identifier>
				<transform>
					<row0>	1.0000 0.0000 0.0000 0.0000	</row0>
					<row1>	0.0000 1.0000 0.0000 0.0000	</row1>
					<row2>	0.0000 0.0000 1.0000 0.0000	</row2>
					<row3>	0.0000 0.2175 -0.5539 1.0000	</row3>
				</transform>
				<node>
					<identifier>	elevator_1_BlendBone	</identifier>
					<transform>
						<row0>	1.0000 0.0000 0.0000 0.0000	</row0>
						<row1>	0.0000 1.0000 0.0000 0.0000	</row1>
						<row2>	0.0000 0.0000 1.0000 0.0000	</row2>
						<row3>	0.0000 -0.2175 0.5539 1.0000	</row3>
					</transform>
				</node>
			</node>
			<node>
				<identifier>	l_ailerone_1	</identifier>
				<transform>
					<row0>	0.9885 -0.1126 -0.1011 0.0000	</row0>
					<row1>	0.1132 0.9936 0.0000 0.0000	</row1>
					<row2>	0.1004 -0.0114 0.9949 0.0000	</row2>
					<row3>	-0.5241 0.1995 -0.1032 1.0000	</row3>
				</transform>
				<node>
					<identifier>	l_ailerone_1_BlendBone	</identifier>
					<transform>
						<row0>	0.9885 0.1132 0.1004 0.0000	</row0>
						<row1>	-0.1126 0.9936 -0.0114 0.0000	</row1>
						<row2>	-0.1011 0.0000 0.9949 0.0000	</row2>
						<row3>	0.5301 -0.1389 0.1575 1.0000	</row3>
					</transform>
				</node>
			</node>
			<node>
				<identifier>	l_airbrake_1	</identifier>
				<transform>
					<row0>	0.9910 -0.0920 -0.0977 0.0000	</row0>
					<row1>	0.0925 0.9957 0.0000 0.0000	</row1>
					<row2>	0.0973 -0.0090 0.9952 0.0000	</row2>
					<row3>	-0.4360 0.2001 -0.0984 1.0000	</row3>
				</transform>
				<node>
					<identifier>	l_airbrake_1_BlendBone	</identifier>
					<transform>
						<row0>	0.9910 0.0925 0.0973 0.0000	</row0>
						<row1>	-0.0920 0.9957 -0.0090 0.0000	</row1>
						<row2>	-0.0977 0.0000 0.9952 0.0000	</row2>
						<row3>	0.4409 -0.1589 0.1422 1.0000	</row3>
					</transform>
				</node>
			</node>
			<node>
				<identifier>	l_bombbay_1	</identifier>
				<transform>
					<row0>	0.0150 0.0025 0.9999 0.0000	</row0>
					<row1>	-0.1650 0.9863 0.0000 0.0000	</row1>
					<row2>	-0.9862 -0.1650 0.0153 0.0000	</row2>
					<row3>	0.0413 0.1347 -0.3137 1.0000	</row3>
				</transform>
				<node>
					<identifier>	l_bombbay_1_BlendBone	</identifier>
					<transform>
						<row0>	0.0150 -0.1650 -0.9862 0.0000	</row0>
						<row1>	0.0025 0.9863 -0.1650 0.0000	</row1>
						<row2>	0.9999 0.0000 0.0153 0.0000	</row2>
						<row3>	0.3127 -0.1260 0.0677 1.0000	</row3>
					</transform>
				</node>
			</node>
			<node>
				<identifier>	l_flaps_1	</identifier>
				<transform>
					<row0>	0.9867 -0.1154 -0.1145 0.0000	</row0>
					<row1>	0.1162 0.9932 0.0000 0.0000	</row1>
					<row2>	0.1137 -0.0133 0.9934 0.0000	</row2>
					<row3>	-0.2999 0.1699 -0.1395 1.0000	</row3>
				</transform>
				<node>
					<identifier>	l_flaps_1_BlendBone	</identifier>
					<transform>
						<row0>	0.9867 0.1162 0.1137 0.0000	</row0>
						<row1>	-0.1154 0.9932 -0.0133 0.0000	</row1>
						<row2>	-0.1145 0.0000 0.9934 0.0000	</row2>
						<row3>	0.2995 -0.1339 0.1750 1.0000	</row3>
					</transform>
				</node>
			</node>
			<node>
				<identifier>	l_flaps_2	</identifier>
				<transform>
					<row0>	0.9970 -0.0066 -0.0777 0.0000	</row0>
					<row1>	0.0066 1.0000 0.0000 0.0000	</row1>
					<row2>	0.0777 -0.0005 0.9970 0.0000	</row2>
					<row3>	-0.0830 0.1513 -0.1623 1.0000	</row3>
				</transform>
				<node>
					<identifier>	l_flaps_2_BlendBone	</identifier>
					<transform>
						<row0>	0.9970 0.0066 0.0777 0.0000	</row0>
						<row1>	-0.0066 1.0000 -0.0005 0.0000	</row1>
						<row2>	-0.0777 0.0000 0.9970 0.0000	</row2>
						<row3>	0.0711 -0.1507 0.1683 1.0000	</row3>
					</transform>
				</node>
			</node>
			<node>
				<identifier>	l_flaps_3	</identifier>
				<transform>
					<row0>	0.9869 -0.1239 -0.1036 0.0000	</row0>
					<row1>	0.1246 0.9922 0.0000 0.0000	</row1>
					<row2>	0.1028 -0.0129 0.9946 0.0000	</row2>
					<row3>	-0.3650 0.1739 -0.1096 1.0000	</row3>
				</transform>
				<node>
					<identifier>	l_flaps_3_BlendBone	</identifier>
					<transform>
						<row0>	0.9869 0.1246 0.1028 0.0000	</row0>
						<row1>	-0.1239 0.9922 -0.0129 0.0000	</row1>
						<row2>	-0.1036 0.0000 0.9946 0.0000	</row2>
						<row3>	0.3704 -0.1271 0.1488 1.0000	</row3>
					</transform>
				</node>
			</node>
			<node>
				<identifier>	r_ailerone_1	</identifier>
				<transform>
					<row0>	0.9885 0.1126 0.1011 0.0000	</row0>
					<row1>	-0.1132 0.9936 0.0000 0.0000	</row1>
					<row2>	-0.1004 -0.0114 0.9949 0.0000	</row2>
					<row3>	0.5241 0.1995 -0.1032 1.0000	</row3>
				</transform>
				<node>
					<identifier>	r_ailerone_1_BlendBone	</identifier>
					<transform>
						<row0>	0.9885 -0.1132 -0.1004 0.0000	</row0>
						<row1>	0.1126 0.9936 -0.0114 0.0000	</row1>
						<row2>	0.1011 0.0000 0.9949 0.0000	</row2>
						<row3>	-0.5301 -0.1389 0.1575 1.0000	</row3>
					</transform>
				</node>
			</node>
			<node>
				<identifier>	r_airbrake_1	</identifier>
				<transform>
					<row0>	0.9910 0.0920 0.0977 0.0000	</row0>
					<row1>	-0.0925 0.9957 0.0000 0.0000	</row1>
					<row2>	-0.0973 -0.0090 0.9952 0.0000	</row2>
					<row3>	0.4360 0.2001 -0.0984 1.0000	</row3>
				</transform>
				<node>
					<identifier>	r_airbrake_1_BlendBone	</identifier>
					<transform>
						<row0>	0.9910 -0.0925 -0.0973 0.0000	</row0>
						<row1>	0.0920 0.9957 -0.0090 0.0000	</row1>
						<row2>	0.0977 0.0000 0.9952 0.0000	</row2>
						<row3>	-0.4409 -0.1589 0.1422 1.0000	</row3>
					</transform>
				</node>
			</node>
			<node>
				<identifier>	r_bombbay_1	</identifier>
				<transform>
					<row0>	-0.0150 0.0025 0.9999 0.0000	</row0>
					<row1>	-0.1650 -0.9863 0.0000 0.0000	</row1>
					<row2>	0.9862 -0.1650 0.0153 0.0000	</row2>
					<row3>	-0.0413 0.1347 -0.3137 1.0000	</row3>
				</transform>
				<node>
					<identifier>	r_bombbay_1_BlendBone	</identifier>
					<transform>
						<row0>	-0.0150 -0.1650 0.9862 0.0000	</row0>
						<row1>	0.0025 -0.9863 -0.1650 0.0000	</row1>
						<row2>	0.9999 0.0000 0.0153 0.0000	</row2>
						<row3>	0.3127 0.1260 0.0677 1.0000	</row3>
					</transform>
				</node>
			</node>
			<node>
				<identifier>	r_flaps_1	</identifier>
				<transform>
					<row0>	0.9867 0.1154 0.1145 0.0000	</row0>
					<row1>	-0.1162 0.9932 0.0000 0.0000	</row1>
					<row2>	-0.1137 -0.0133 0.9934 0.0000	</row2>
					<row3>	0.2999 0.1699 -0.1395 1.0000	</row3>
				</transform>
				<node>
					<identifier>	r_flaps_1_BlendBone	</identifier>
					<transform>
						<row0>	0.9867 -0.1162 -0.1137 0.0000	</row0>
						<row1>	0.1154 0.9932 -0.0133 0.0000	</row1>
						<row2>	0.1145 0.0000 0.9934 0.0000	</row2>
						<row3>	-0.2995 -0.1339 0.1750 1.0000	</row3>
					</transform>
				</node>
			</node>
			<node>
				<identifier>	r_flaps_2	</identifier>
				<transform>
					<row0>	0.9970 0.0066 0.0777 0.0000	</row0>
					<row1>	-0.0066 1.0000 0.0000 0.0000	</row1>
					<row2>	-0.0777 -0.0005 0.9970 0.0000	</row2>
					<row3>	0.0830 0.1513 -0.1623 1.0000	</row3>
				</transform>
				<node>
					<identifier>	r_flaps_2_BlendBone	</identifier>
					<transform>
						<row0>	0.9970 -0.0066 -0.0777 0.0000	</row0>
						<row1>	0.0066 1.0000 -0.0005 0.0000	</row1>
						<row2>	0.0777 0.0000 0.9970 0.0000	</row2>
						<row3>	-0.0711 -0.1507 0.1683 1.0000	</row3>
					</transform>
				</node>
			</node>
			<node>
				<identifier>	r_flaps_3	</identifier>
				<transform>
					<row0>	0.9869 0.1239 0.1036 0.0000	</row0>
					<row1>	-0.1246 0.9922 0.0000 0.0000	</row1>
					<row2>	-0.1028 -0.0129 0.9946 0.0000	</row2>
					<row3>	0.3650 0.1739 -0.1096 1.0000	</row3>
				</transform>
				<node>
					<identifier>	r_flaps_3_BlendBone	</identifier>
					<transform>
						<row0>	0.9869 -0.1246 -0.1028 0.0000	</row0>
						<row1>	0.1239 0.9922 -0.0129 0.0000	</row1>
						<row2>	0.1036 0.0000 0.9946 0.0000	</row2>
						<row3>	-0.3704 -0.1271 0.1488 1.0000	</row3>
					</transform>
				</node>
			</node>
			<node>
				<identifier>	rudder_1	</identifier>
				<transform>
					<row0>	1.0000 0.0000 0.0000 0.0000	</row0>
					<row1>	0.0000 1.0000 0.0000 0.0000	</row1>
					<row2>	0.0000 0.0000 1.0000 0.0000	</row2>
					<row3>	0.0000 0.3996 -0.5621 1.0000	</row3>
				</transform>
				<node>
					<identifier>	rudder_1_BlendBone	</identifier>
					<transform>
						<row0>	1.0000 0.0000 0.0000 0.0000	</row0>
						<row1>	0.0000 1.0000 0.0000 0.0000	</row1>
						<row2>	0.0000 0.0000 1.0000 0.0000	</row2>
						<row3>	0.0000 -0.3996 0.5621 1.0000	</row3>
					</transform>
				</node>
			</node>
		</node>
	</node>
	<renderSet>
		<treatAsWorldSpaceObject>	true	</treatAsWorldSpaceObject>
		<node>	Root_BlendBone	</node>
		<geometry>
			<vertices>	Hull_lod3Shape.vertices	</vertices>
			<primitive>	Hull_lod3Shape.indices	</primitive>
			<primitiveGroup>	0
				<material>
					<identifier>	SHIPMAT_PBS_Hull_skinned	</identifier>
					<mfm>	PnFMods/ModsSDK.zip/BSA108_Implacable/aircraft/BAD710_Fairey_Spearfish_skinned.mfm	</mfm>
				</material>
			</primitiveGroup>
		</geometry>
	</renderSet>
	<renderSet>
		<treatAsWorldSpaceObject>	true	</treatAsWorldSpaceObject>
		<node>	chassis_on_BlendBone	</node>
		<geometry>
			<vertices>	chassis_on_hull_lod3Shape.vertices	</vertices>
			<primitive>	chassis_on_hull_lod3Shape.indices	</primitive>
			<primitiveGroup>	0
				<material>
					<identifier>	SHIPMAT_PBS_Hull_skinned	</identifier>
					<mfm>	PnFMods/ModsSDK.zip/BSA108_Implacable/aircraft/BAD710_Fairey_Spearfish_skinned.mfm	</mfm>
				</material>
			</primitiveGroup>
		</geometry>
	</renderSet>
	<boundingBox>
		<min>	-0.6090 0.0000 -0.6368	</min>
		<max>	0.6090 0.3677 0.2608	</max>
	</boundingBox>
</BAD710_Fairey_Spearfish_proto_lod3.visual>
