<ASB032_California_1945_Stern_ports.visual>
	<node>
		<identifier>	Scene Root	</identifier>
		<transform>
			<row0>	1.0000 0.0000 0.0000 0.0000	</row0>
			<row1>	0.0000 1.0000 0.0000 0.0000	</row1>
			<row2>	0.0000 0.0000 1.0000 0.0000	</row2>
			<row3>	0.0000 0.0000 0.0000 1.0000	</row3>
		</transform>
		<node>
			<identifier>	Stern_ports	</identifier>
			<transform>
				<row0>	1.0000 0.0000 0.0000 0.0000	</row0>
				<row1>	0.0000 1.0000 0.0000 0.0000	</row1>
				<row2>	0.0000 0.0000 1.0000 0.0000	</row2>
				<row3>	0.0000 0.0000 0.0000 1.0000	</row3>
			</transform>
			<node>
				<identifier>	HP_AC_1	</identifier>
				<transform>
					<row0>	0.0000 0.0000 1.0000 0.0000	</row0>
					<row1>	0.0000 1.0000 0.0000 0.0000	</row1>
					<row2>	-1.0000 0.0000 0.0000 0.0000	</row2>
					<row3>	0.0000 0.2238 -4.9869 1.0000	</row3>
				</transform>
			</node>
			<node>
				<identifier>	HP_AGA_50	</identifier>
				<transform>
					<row0>	-0.5000 0.0000 0.8660 0.0000	</row0>
					<row1>	0.0000 1.0000 0.0000 0.0000	</row1>
					<row2>	-0.8660 0.0000 -0.5000 0.0000	</row2>
					<row3>	-0.2079 0.2264 -5.7727 1.0000	</row3>
				</transform>
			</node>
			<node>
				<identifier>	HP_AGA_51	</identifier>
				<transform>
					<row0>	-0.5000 0.0000 -0.8660 0.0000	</row0>
					<row1>	0.0000 1.0000 0.0000 0.0000	</row1>
					<row2>	0.8660 0.0000 -0.5000 0.0000	</row2>
					<row3>	0.2079 0.2264 -5.7727 1.0000	</row3>
				</transform>
			</node>
			<node>
				<identifier>	HP_FX_Fire_4	</identifier>
				<transform>
					<row0>	1.0000 0.0000 0.0000 0.0000	</row0>
					<row1>	0.0000 1.0000 0.0000 0.0000	</row1>
					<row2>	0.0000 0.0000 1.0000 0.0000	</row2>
					<row3>	0.0000 0.2173 -5.1200 1.0000	</row3>
				</transform>
			</node>
			<node>
				<identifier>	HP_FX_Flood_water_left	</identifier>
				<transform>
					<row0>	-0.9545 0.0000 -0.2982 0.0000	</row0>
					<row1>	0.0000 1.0000 0.0000 0.0000	</row1>
					<row2>	0.2982 0.0000 -0.9545 0.0000	</row2>
					<row3>	-0.7051 0.0165 -4.2743 1.0000	</row3>
				</transform>
			</node>
			<node>
				<identifier>	HP_FX_Flood_water_right	</identifier>
				<transform>
					<row0>	0.9394 0.0000 -0.3430 0.0000	</row0>
					<row1>	0.0000 1.0000 0.0000 0.0000	</row1>
					<row2>	0.3430 0.0000 0.9394 0.0000	</row2>
					<row3>	0.7109 0.0199 -4.2757 1.0000	</row3>
				</transform>
			</node>
			<node>
				<identifier>	HP_FX_WakeTraceBack	</identifier>
				<transform>
					<row0>	1.0000 0.0000 0.0000 0.0000	</row0>
					<row1>	0.0000 1.0000 0.0000 0.0000	</row1>
					<row2>	0.0000 0.0000 1.0000 0.0000	</row2>
					<row3>	0.0000 0.0000 -6.1047 1.0000	</row3>
				</transform>
			</node>
			<node>
				<identifier>	HP_FX_WakeTrace_screw_1	</identifier>
				<transform>
					<row0>	1.0000 0.0000 0.0000 0.0000	</row0>
					<row1>	0.0000 1.0000 0.0000 0.0000	</row1>
					<row2>	0.0000 0.0000 1.0000 0.0000	</row2>
					<row3>	-0.1916 -0.5443 -5.2721 1.0000	</row3>
				</transform>
			</node>
			<node>
				<identifier>	HP_FX_WakeTrace_screw_2	</identifier>
				<transform>
					<row0>	1.0000 0.0000 0.0000 0.0000	</row0>
					<row1>	0.0000 1.0000 0.0000 0.0000	</row1>
					<row2>	0.0000 0.0000 1.0000 0.0000	</row2>
					<row3>	-0.4929 -0.5347 -4.5200 1.0000	</row3>
				</transform>
			</node>
			<node>
				<identifier>	HP_FX_WakeTrace_screw_3	</identifier>
				<transform>
					<row0>	1.0000 0.0000 0.0000 0.0000	</row0>
					<row1>	0.0000 1.0000 0.0000 0.0000	</row1>
					<row2>	0.0000 0.0000 1.0000 0.0000	</row2>
					<row3>	0.1916 -0.5443 -5.2721 1.0000	</row3>
				</transform>
			</node>
			<node>
				<identifier>	HP_FX_WakeTrace_screw_4	</identifier>
				<transform>
					<row0>	1.0000 0.0000 0.0000 0.0000	</row0>
					<row1>	0.0000 1.0000 0.0000 0.0000	</row1>
					<row2>	0.0000 0.0000 1.0000 0.0000	</row2>
					<row3>	0.4929 -0.5347 -4.5200 1.0000	</row3>
				</transform>
			</node>
			<node>
				<identifier>	HP_Ship_death_3	</identifier>
				<transform>
					<row0>	1.0000 0.0000 0.0000 0.0000	</row0>
					<row1>	0.0000 1.0000 0.0000 0.0000	</row1>
					<row2>	0.0000 0.0000 1.0000 0.0000	</row2>
					<row3>	0.0000 0.0000 -4.0217 1.0000	</row3>
				</transform>
			</node>
			<node>
				<identifier>	MP_AM046_Running_Lights_B	</identifier>
				<transform>
					<row0>	-1.0000 0.0000 0.0000 0.0000	</row0>
					<row1>	0.0000 1.0000 0.0000 0.0000	</row1>
					<row2>	0.0000 0.0000 -1.0000 0.0000	</row2>
					<row3>	0.0000 0.3019 -6.0838 1.0000	</row3>
				</transform>
			</node>
			<node>
				<identifier>	MP_AM108_Reels_4	</identifier>
				<transform>
					<row0>	0.2001 0.0000 -0.5438 0.0000	</row0>
					<row1>	0.0000 0.5794 0.0000 0.0000	</row1>
					<row2>	0.5438 0.0000 0.2001 0.0000	</row2>
					<row3>	0.1276 0.2233 -4.0704 1.0000	</row3>
				</transform>
			</node>
			<node>
				<identifier>	MP_AM219_Bollard	</identifier>
				<transform>
					<row0>	-1.3494 0.0000 -0.2534 0.0000	</row0>
					<row1>	0.0000 1.3730 0.0000 0.0000	</row1>
					<row2>	0.2534 0.0000 -1.3494 0.0000	</row2>
					<row3>	-0.6588 0.2194 -4.1668 1.0000	</row3>
				</transform>
			</node>
			<node>
				<identifier>	MP_AM219_Bollard_INDEX_1	</identifier>
				<transform>
					<row0>	-1.3494 0.0000 0.2534 0.0000	</row0>
					<row1>	0.0000 1.3730 0.0000 0.0000	</row1>
					<row2>	-0.2534 0.0000 -1.3494 0.0000	</row2>
					<row3>	0.6588 0.2194 -4.1668 1.0000	</row3>
				</transform>
			</node>
			<node>
				<identifier>	MP_AM248_Ammunition_Box	</identifier>
				<transform>
					<row0>	0.5778 0.0000 -0.8162 0.0000	</row0>
					<row1>	0.0000 1.0000 0.0000 0.0000	</row1>
					<row2>	0.8162 0.0000 0.5778 0.0000	</row2>
					<row3>	0.2546 0.2275 -5.8306 1.0000	</row3>
				</transform>
			</node>
			<node>
				<identifier>	MP_AM248_Ammunition_Box_INDEX_1	</identifier>
				<transform>
					<row0>	0.5778 0.0000 0.8162 0.0000	</row0>
					<row1>	0.0000 1.0000 0.0000 0.0000	</row1>
					<row2>	-0.8162 0.0000 0.5778 0.0000	</row2>
					<row3>	-0.2546 0.2275 -5.8306 1.0000	</row3>
				</transform>
			</node>
			<node>
				<identifier>	MP_AM607_Steern_Light	</identifier>
				<transform>
					<row0>	-1.0000 0.0000 0.0000 0.0000	</row0>
					<row1>	0.0000 1.0000 0.0000 0.0000	</row1>
					<row2>	0.0000 0.0000 -1.0000 0.0000	</row2>
					<row3>	0.0000 0.2776 -6.0745 1.0000	</row3>
				</transform>
			</node>
			<node>
				<identifier>	MP_AM608_Wake_Light	</identifier>
				<transform>
					<row0>	-1.0000 0.0000 0.0000 0.0000	</row0>
					<row1>	0.0000 0.9938 -0.1116 0.0000	</row1>
					<row2>	0.0000 -0.1116 -0.9938 0.0000	</row2>
					<row3>	0.0000 0.1831 -6.0751 1.0000	</row3>
				</transform>
			</node>
			<node>
				<identifier>	MP_AM731_Aircraft_Cran	</identifier>
				<transform>
					<row0>	1.0000 0.0000 0.0000 0.0000	</row0>
					<row1>	0.0000 1.0000 0.0000 0.0000	</row1>
					<row2>	0.0000 0.0000 1.0000 0.0000	</row2>
					<row3>	0.0000 0.2223 -5.8932 1.0000	</row3>
				</transform>
			</node>
			<node>
				<identifier>	MP_CM001_Propeller3_L	</identifier>
				<transform>
					<row0>	1.0000 0.0000 0.0000 0.0000	</row0>
					<row1>	0.0000 0.9998 -0.0187 0.0000	</row1>
					<row2>	0.0000 0.0187 0.9998 0.0000	</row2>
					<row3>	-0.1916 -0.5443 -5.2721 1.0000	</row3>
				</transform>
			</node>
			<node>
				<identifier>	MP_CM001_Propeller3_L_INDEX_1	</identifier>
				<transform>
					<row0>	0.9995 -0.0010 -0.0312 0.0000	</row0>
					<row1>	0.0003 0.9998 -0.0203 0.0000	</row1>
					<row2>	0.0312 0.0202 0.9993 0.0000	</row2>
					<row3>	-0.4929 -0.5347 -4.5200 1.0000	</row3>
				</transform>
			</node>
			<node>
				<identifier>	MP_CM032_Propeller3_R	</identifier>
				<transform>
					<row0>	1.0000 0.0000 0.0000 0.0000	</row0>
					<row1>	0.0000 0.9998 -0.0187 0.0000	</row1>
					<row2>	0.0000 0.0187 0.9998 0.0000	</row2>
					<row3>	0.1916 -0.5443 -5.2721 1.0000	</row3>
				</transform>
			</node>
			<node>
				<identifier>	MP_CM032_Propeller3_R_INDEX_1	</identifier>
				<transform>
					<row0>	0.9995 0.0010 0.0312 0.0000	</row0>
					<row1>	-0.0003 0.9998 -0.0203 0.0000	</row1>
					<row2>	-0.0312 0.0202 0.9993 0.0000	</row2>
					<row3>	0.4929 -0.5347 -4.5200 1.0000	</row3>
				</transform>
			</node>
		</node>
	</node>
	<boundingBox>
		<min>	-0.0667 -0.0667 -0.0667	</min>
		<max>	0.0667 0.0667 0.0667	</max>
	</boundingBox>
</ASB032_California_1945_Stern_ports.visual>
