<ASC003_Albany_1898_Bow_ports.visual>
	<node>
		<identifier>	Scene Root	</identifier>
		<transform>
			<row0>	1.0000 0.0000 0.0000 0.0000	</row0>
			<row1>	0.0000 1.0000 0.0000 0.0000	</row1>
			<row2>	0.0000 0.0000 1.0000 0.0000	</row2>
			<row3>	0.0000 0.0000 0.0000 1.0000	</row3>
		</transform>
		<node>
			<identifier>	Bow_ports	</identifier>
			<transform>
				<row0>	1.0000 0.0000 0.0000 0.0000	</row0>
				<row1>	0.0000 1.0000 0.0000 0.0000	</row1>
				<row2>	0.0000 0.0000 1.0000 0.0000	</row2>
				<row3>	0.0000 0.0000 0.0000 1.0000	</row3>
			</transform>
			<node>
				<identifier>	HP_AGM_1	</identifier>
				<transform>
					<row0>	1.0000 0.0000 0.0000 0.0000	</row0>
					<row1>	0.0000 1.0000 0.0000 0.0000	</row1>
					<row2>	0.0000 0.0000 1.0000 0.0000	</row2>
					<row3>	0.0000 0.3521 2.4452 1.0000	</row3>
				</transform>
			</node>
			<node>
				<identifier>	HP_FX_Fire_1	</identifier>
				<transform>
					<row0>	1.0000 0.0000 0.0000 0.0000	</row0>
					<row1>	0.0000 1.0000 0.0000 0.0000	</row1>
					<row2>	0.0000 0.0000 1.0000 0.0000	</row2>
					<row3>	0.0000 0.3755 2.7362 1.0000	</row3>
				</transform>
			</node>
			<node>
				<identifier>	HP_FX_Flood_steam_left	</identifier>
				<transform>
					<row0>	-1.0000 0.0000 0.0000 0.0000	</row0>
					<row1>	0.0000 1.0000 0.0000 0.0000	</row1>
					<row2>	0.0000 0.0000 -1.0000 0.0000	</row2>
					<row3>	-0.2859 0.3160 2.4400 1.0000	</row3>
				</transform>
			</node>
			<node>
				<identifier>	HP_FX_WakeTrace	</identifier>
				<transform>
					<row0>	1.0000 0.0000 0.0000 0.0000	</row0>
					<row1>	0.0000 1.0000 0.0000 0.0000	</row1>
					<row2>	0.0000 0.0000 1.0000 0.0000	</row2>
					<row3>	0.0000 0.0000 3.5197 1.0000	</row3>
				</transform>
			</node>
			<node>
				<identifier>	HP_Ship_death_1	</identifier>
				<transform>
					<row0>	1.0000 0.0000 0.0000 0.0000	</row0>
					<row1>	0.0000 1.0000 0.0000 0.0000	</row1>
					<row2>	0.0000 0.0000 1.0000 0.0000	</row2>
					<row3>	0.0000 0.0000 2.2154 1.0000	</row3>
				</transform>
			</node>
			<node>
				<identifier>	MP_AM268_Bollard	</identifier>
				<transform>
					<row0>	0.8991 0.0000 0.0406 0.0000	</row0>
					<row1>	0.0000 0.9000 0.0000 0.0000	</row1>
					<row2>	-0.0406 0.0000 0.8991 0.0000	</row2>
					<row3>	0.2528 0.3502 2.4428 1.0000	</row3>
				</transform>
			</node>
			<node>
				<identifier>	MP_AM268_Bollard_INDEX_1	</identifier>
				<transform>
					<row0>	0.8991 0.0000 -0.0406 0.0000	</row0>
					<row1>	0.0000 0.9000 0.0000 0.0000	</row1>
					<row2>	0.0406 0.0000 0.8991 0.0000	</row2>
					<row3>	-0.2529 0.3502 2.4428 1.0000	</row3>
				</transform>
			</node>
			<node>
				<identifier>	MP_AM370_Crane	</identifier>
				<transform>
					<row0>	1.0000 0.0000 0.0000 0.0000	</row0>
					<row1>	0.0000 1.0000 0.0000 0.0000	</row1>
					<row2>	0.0000 0.0000 1.0000 0.0000	</row2>
					<row3>	0.0000 0.3606 3.2259 1.0000	</row3>
				</transform>
			</node>
			<node>
				<identifier>	MP_AM383_Capstan	</identifier>
				<transform>
					<row0>	1.0000 0.0000 0.0000 0.0000	</row0>
					<row1>	0.0000 1.0000 0.0000 0.0000	</row1>
					<row2>	0.0000 0.0000 1.0000 0.0000	</row2>
					<row3>	0.0000 0.3493 2.6489 1.0000	</row3>
				</transform>
			</node>
			<node>
				<identifier>	MP_AM411_Fairlead	</identifier>
				<transform>
					<row0>	0.6298 0.0000 0.7767 0.0000	</row0>
					<row1>	0.0000 1.0000 0.0000 0.0000	</row1>
					<row2>	-0.7767 0.0000 0.6298 0.0000	</row2>
					<row3>	0.0397 0.3648 3.4064 1.0000	</row3>
				</transform>
			</node>
			<node>
				<identifier>	MP_AM411_Fairlead_INDEX_1	</identifier>
				<transform>
					<row0>	0.6298 0.0000 -0.7768 0.0000	</row0>
					<row1>	0.0000 1.0000 0.0000 0.0000	</row1>
					<row2>	0.7768 0.0000 0.6298 0.0000	</row2>
					<row3>	-0.0398 0.3648 3.4064 1.0000	</row3>
				</transform>
			</node>
			<node>
				<identifier>	MP_AM411_Fairlead_INDEX_2	</identifier>
				<transform>
					<row0>	1.0000 0.0000 0.0000 0.0000	</row0>
					<row1>	0.0000 1.0000 0.0000 0.0000	</row1>
					<row2>	0.0000 0.0000 1.0000 0.0000	</row2>
					<row3>	0.2126 0.3548 2.9461 1.0000	</row3>
				</transform>
			</node>
			<node>
				<identifier>	MP_AM411_Fairlead_INDEX_3	</identifier>
				<transform>
					<row0>	1.0000 0.0000 0.0000 0.0000	</row0>
					<row1>	0.0000 1.0000 0.0000 0.0000	</row1>
					<row2>	0.0000 0.0000 1.0000 0.0000	</row2>
					<row3>	-0.2126 0.3548 2.9461 1.0000	</row3>
				</transform>
			</node>
			<node>
				<identifier>	MP_AM617_6pdr_Mk1	</identifier>
				<transform>
					<row0>	0.0755 0.0000 -0.9971 0.0000	</row0>
					<row1>	0.0000 1.0000 0.0000 0.0000	</row1>
					<row2>	0.9971 0.0000 0.0755 0.0000	</row2>
					<row3>	0.2163 0.2151 2.5729 1.0000	</row3>
				</transform>
			</node>
			<node>
				<identifier>	MP_AM617_6pdr_Mk1_INDEX_1	</identifier>
				<transform>
					<row0>	0.0755 0.0000 0.9971 0.0000	</row0>
					<row1>	0.0000 1.0000 0.0000 0.0000	</row1>
					<row2>	-0.9971 0.0000 0.0755 0.0000	</row2>
					<row3>	-0.2163 0.2151 2.5729 1.0000	</row3>
				</transform>
			</node>
			<node>
				<identifier>	MP_CM044_Anchor	</identifier>
				<transform>
					<row0>	0.0000 -1.8890 0.1613 0.0000	</row0>
					<row1>	0.0000 0.1613 1.8890 0.0000	</row1>
					<row2>	-1.8959 0.0000 0.0000 0.0000	</row2>
					<row3>	0.0000 0.3826 2.9755 1.0000	</row3>
				</transform>
			</node>
			<node>
				<identifier>	MP_CM048_Anchor	</identifier>
				<transform>
					<row0>	0.9579 -0.2832 -0.0468 0.0000	</row0>
					<row1>	0.0220 -0.0902 0.9957 0.0000	</row1>
					<row2>	-0.2862 -0.9548 -0.0802 0.0000	</row2>
					<row3>	0.1396 0.3365 3.0097 1.0000	</row3>
				</transform>
			</node>
			<node>
				<identifier>	MP_CM048_Anchor_INDEX_1	</identifier>
				<transform>
					<row0>	0.9579 0.2831 0.0468 0.0000	</row0>
					<row1>	-0.0228 -0.0874 0.9959 0.0000	</row1>
					<row2>	0.2861 -0.9551 -0.0772 0.0000	</row2>
					<row3>	-0.1396 0.3366 3.0097 1.0000	</row3>
				</transform>
			</node>
		</node>
	</node>
	<boundingBox>
		<min>	-0.0667 -0.0667 -0.0667	</min>
		<max>	0.0667 0.0667 0.0667	</max>
	</boundingBox>
</ASC003_Albany_1898_Bow_ports.visual>
