<BSD008_Valkyrie_1930_MidBack_ports.visual>
	<node>
		<identifier>	Scene Root	</identifier>
		<transform>
			<row0>	1.0000 0.0000 0.0000 0.0000	</row0>
			<row1>	0.0000 1.0000 0.0000 0.0000	</row1>
			<row2>	0.0000 0.0000 1.0000 0.0000	</row2>
			<row3>	0.0000 0.0000 0.0000 1.0000	</row3>
		</transform>
		<node>
			<identifier>	MidBack_ports	</identifier>
			<transform>
				<row0>	1.0000 0.0000 0.0000 0.0000	</row0>
				<row1>	0.0000 1.0000 0.0000 0.0000	</row1>
				<row2>	0.0000 0.0000 1.0000 0.0000	</row2>
				<row3>	0.0000 0.0000 0.0000 1.0000	</row3>
			</transform>
			<node>
				<identifier>	HP_BGM_3	</identifier>
				<transform>
					<row0>	-1.0000 0.0000 0.0000 0.0000	</row0>
					<row1>	0.0000 1.0000 0.0000 0.0000	</row1>
					<row2>	0.0000 0.0000 -1.0000 0.0000	</row2>
					<row3>	0.0000 0.2724 -2.0260 1.0000	</row3>
				</transform>
			</node>
			<node>
				<identifier>	HP_BGM_4	</identifier>
				<transform>
					<row0>	-1.0000 0.0000 0.0000 0.0000	</row0>
					<row1>	0.0000 1.0000 0.0000 0.0000	</row1>
					<row2>	0.0000 0.0000 -1.0000 0.0000	</row2>
					<row3>	0.0000 0.1298 -2.5690 1.0000	</row3>
				</transform>
			</node>
			<node>
				<identifier>	HP_BGT_1	</identifier>
				<transform>
					<row0>	1.0000 0.0000 0.0000 0.0000	</row0>
					<row1>	0.0000 1.0000 0.0000 0.0000	</row1>
					<row2>	0.0000 0.0000 1.0000 0.0000	</row2>
					<row3>	0.0000 0.1689 -0.6241 1.0000	</row3>
				</transform>
			</node>
			<node>
				<identifier>	HP_BGT_2	</identifier>
				<transform>
					<row0>	-1.0000 0.0000 0.0000 0.0000	</row0>
					<row1>	0.0000 1.0000 0.0000 0.0000	</row1>
					<row2>	0.0000 0.0000 -1.0000 0.0000	</row2>
					<row3>	0.0000 0.1517 -1.4350 1.0000	</row3>
				</transform>
			</node>
			<node>
				<identifier>	HP_FX_Death_3	</identifier>
				<transform>
					<row0>	1.0000 0.0000 0.0000 0.0000	</row0>
					<row1>	0.0000 1.0000 0.0000 0.0000	</row1>
					<row2>	0.0000 0.0000 1.0000 0.0000	</row2>
					<row3>	0.0000 0.0000 -1.7713 1.0000	</row3>
				</transform>
			</node>
			<node>
				<identifier>	HP_FX_Fire_3	</identifier>
				<transform>
					<row0>	1.0000 0.0000 0.0000 0.0000	</row0>
					<row1>	0.0000 1.0000 0.0000 0.0000	</row1>
					<row2>	0.0000 0.0000 1.0000 0.0000	</row2>
					<row3>	0.0000 0.1150 -1.0525 1.0000	</row3>
				</transform>
			</node>
			<node>
				<identifier>	HP_FX_Fire_3_side_1	</identifier>
				<transform>
					<row0>	1.0000 0.0000 0.0000 0.0000	</row0>
					<row1>	0.0000 1.0000 0.0000 0.0000	</row1>
					<row2>	0.0000 0.0000 1.0000 0.0000	</row2>
					<row3>	-0.2047 0.1233 -0.5403 1.0000	</row3>
				</transform>
			</node>
			<node>
				<identifier>	HP_FX_Fire_3_side_2	</identifier>
				<transform>
					<row0>	1.0000 0.0000 0.0000 0.0000	</row0>
					<row1>	0.0000 1.0000 0.0000 0.0000	</row1>
					<row2>	0.0000 0.0000 1.0000 0.0000	</row2>
					<row3>	0.1987 0.1153 -1.3959 1.0000	</row3>
				</transform>
			</node>
			<node>
				<identifier>	HP_FX_Flood_water_left	</identifier>
				<transform>
					<row0>	-1.0000 0.0000 0.0000 0.0000	</row0>
					<row1>	0.0000 1.0000 0.0000 0.0000	</row1>
					<row2>	0.0000 0.0000 -1.0000 0.0000	</row2>
					<row3>	-0.2909 0.0830 -0.4528 1.0000	</row3>
				</transform>
			</node>
			<node>
				<identifier>	HP_FX_Flood_water_right	</identifier>
				<transform>
					<row0>	1.0000 0.0000 0.0000 0.0000	</row0>
					<row1>	0.0000 1.0000 0.0000 0.0000	</row1>
					<row2>	0.0000 0.0000 1.0000 0.0000	</row2>
					<row3>	0.2909 0.0830 -0.4528 1.0000	</row3>
				</transform>
			</node>
			<node>
				<identifier>	HP_Flagpole	</identifier>
				<transform>
					<row0>	-0.8500 0.0000 0.0000 0.0000	</row0>
					<row1>	0.0000 0.8439 -0.1017 0.0000	</row1>
					<row2>	0.0000 -0.1017 -0.8439 0.0000	</row2>
					<row3>	0.0000 0.7809 -1.8011 1.0000	</row3>
				</transform>
			</node>
			<node>
				<identifier>	HP_Ship_death_2	</identifier>
				<transform>
					<row0>	1.0000 0.0000 0.0000 0.0000	</row0>
					<row1>	0.0000 1.0000 0.0000 0.0000	</row1>
					<row2>	0.0000 0.0000 1.0000 0.0000	</row2>
					<row3>	0.0000 0.0000 -0.1402 1.0000	</row3>
				</transform>
			</node>
			<node>
				<identifier>	HP_flag_courtesy	</identifier>
				<transform>
					<row0>	0.9838 -0.1787 0.0116 0.0000	</row0>
					<row1>	0.1787 0.9756 -0.1277 0.0000	</row1>
					<row2>	0.0116 0.1277 0.9917 0.0000	</row2>
					<row3>	0.1668 0.7263 -1.7928 1.0000	</row3>
				</transform>
			</node>
			<node>
				<identifier>	HP_flag_house	</identifier>
				<transform>
					<row0>	0.9838 0.1787 -0.0116 0.0000	</row0>
					<row1>	-0.1787 0.9756 -0.1277 0.0000	</row1>
					<row2>	-0.0116 0.1277 0.9917 0.0000	</row2>
					<row3>	-0.1668 0.7263 -1.7928 1.0000	</row3>
				</transform>
			</node>
			<node>
				<identifier>	HP_flag_nation	</identifier>
				<transform>
					<row0>	1.0000 0.0024 -0.0005 0.0000	</row0>
					<row1>	-0.0024 0.9140 -0.4058 0.0000	</row1>
					<row2>	-0.0005 0.4058 0.9140 0.0000	</row2>
					<row3>	0.0003 0.7667 -1.9420 1.0000	</row3>
				</transform>
			</node>
			<node>
				<identifier>	MP_BM009_Depth_Charge	</identifier>
				<transform>
					<row0>	0.9983 0.0000 -0.0578 0.0000	</row0>
					<row1>	0.0003 1.0000 0.0048 0.0000	</row1>
					<row2>	0.0578 -0.0049 0.9983 0.0000	</row2>
					<row3>	0.1937 0.1156 -1.7541 1.0000	</row3>
				</transform>
			</node>
			<node>
				<identifier>	MP_BM009_Depth_Charge_INDEX_1	</identifier>
				<transform>
					<row0>	0.9983 0.0000 -0.0578 0.0000	</row0>
					<row1>	0.0003 1.0000 0.0048 0.0000	</row1>
					<row2>	0.0578 -0.0049 0.9983 0.0000	</row2>
					<row3>	-0.1596 0.1188 -1.7552 1.0000	</row3>
				</transform>
			</node>
			<node>
				<identifier>	MP_BM009_Depth_Charge_INDEX_2	</identifier>
				<transform>
					<row0>	0.9983 0.0000 -0.0578 0.0000	</row0>
					<row1>	0.0003 1.0000 0.0048 0.0000	</row1>
					<row2>	0.0578 -0.0049 0.9983 0.0000	</row2>
					<row3>	-0.1894 0.1188 -1.7552 1.0000	</row3>
				</transform>
			</node>
			<node>
				<identifier>	MP_BM009_Depth_Charge_INDEX_3	</identifier>
				<transform>
					<row0>	0.9983 0.0000 -0.0578 0.0000	</row0>
					<row1>	0.0003 1.0000 0.0048 0.0000	</row1>
					<row2>	0.0578 -0.0049 0.9983 0.0000	</row2>
					<row3>	0.1937 0.1156 -1.7847 1.0000	</row3>
				</transform>
			</node>
			<node>
				<identifier>	MP_BM025_Depth_Charge_Stowage	</identifier>
				<transform>
					<row0>	0.5399 0.0028 0.8417 0.0000	</row0>
					<row1>	-0.0165 0.9998 0.0073 0.0000	</row1>
					<row2>	-0.8416 -0.0178 0.5399 0.0000	</row2>
					<row3>	-0.0648 0.1203 -3.1031 1.0000	</row3>
				</transform>
			</node>
			<node>
				<identifier>	MP_BM025_Depth_Charge_Stowage_INDEX_1	</identifier>
				<transform>
					<row0>	-0.5399 0.0028 0.8417 0.0000	</row0>
					<row1>	0.0165 0.9998 0.0073 0.0000	</row1>
					<row2>	-0.8416 0.0178 -0.5399 0.0000	</row2>
					<row3>	0.0648 0.1203 -3.1031 1.0000	</row3>
				</transform>
			</node>
			<node>
				<identifier>	MP_BM025_Depth_Charge_Stowage_INDEX_2	</identifier>
				<transform>
					<row0>	-0.8914 0.0007 0.4532 0.0000	</row0>
					<row1>	0.0068 0.9999 0.0117 0.0000	</row1>
					<row2>	-0.4532 0.0135 -0.8913 0.0000	</row2>
					<row3>	0.1220 0.1176 -3.0385 1.0000	</row3>
				</transform>
			</node>
			<node>
				<identifier>	MP_BM025_Depth_Charge_Stowage_INDEX_3	</identifier>
				<transform>
					<row0>	0.8914 0.0007 0.4532 0.0000	</row0>
					<row1>	-0.0068 0.9999 0.0117 0.0000	</row1>
					<row2>	-0.4532 -0.0135 0.8913 0.0000	</row2>
					<row3>	-0.1220 0.1176 -3.0385 1.0000	</row3>
				</transform>
			</node>
			<node>
				<identifier>	MP_BM038_Helmets	</identifier>
				<transform>
					<row0>	-1.0000 0.0000 0.0000 0.0000	</row0>
					<row1>	0.0000 1.0000 0.0000 0.0000	</row1>
					<row2>	0.0000 0.0000 -1.0000 0.0000	</row2>
					<row3>	-0.0689 0.1544 -2.2782 1.0000	</row3>
				</transform>
			</node>
			<node>
				<identifier>	MP_BM053_Depth_Charge_Thrower	</identifier>
				<transform>
					<row0>	-0.9983 0.0000 -0.0578 0.0000	</row0>
					<row1>	0.0003 1.0000 -0.0048 0.0000	</row1>
					<row2>	0.0578 -0.0049 -0.9983 0.0000	</row2>
					<row3>	-0.1769 0.1220 -1.6888 1.0000	</row3>
				</transform>
			</node>
			<node>
				<identifier>	MP_BM053_Depth_Charge_Thrower_INDEX_1	</identifier>
				<transform>
					<row0>	0.9983 0.0000 -0.0578 0.0000	</row0>
					<row1>	0.0003 1.0000 0.0048 0.0000	</row1>
					<row2>	0.0578 -0.0049 0.9983 0.0000	</row2>
					<row3>	0.1769 0.1220 -1.6888 1.0000	</row3>
				</transform>
			</node>
			<node>
				<identifier>	MP_BM054_Artillery_shell_102mm	</identifier>
				<transform>
					<row0>	-0.9899 0.0000 -0.1415 0.0000	</row0>
					<row1>	0.0000 1.0000 0.0000 0.0000	</row1>
					<row2>	0.1415 0.0000 -0.9899 0.0000	</row2>
					<row3>	-0.1968 0.2603 -2.0450 1.0000	</row3>
				</transform>
			</node>
			<node>
				<identifier>	MP_BM054_Artillery_shell_102mm_INDEX_1	</identifier>
				<transform>
					<row0>	-0.9981 0.0000 -0.0611 0.0000	</row0>
					<row1>	0.0000 1.0000 0.0000 0.0000	</row1>
					<row2>	0.0611 0.0000 -0.9981 0.0000	</row2>
					<row3>	-0.2357 0.1073 -2.2476 1.0000	</row3>
				</transform>
			</node>
			<node>
				<identifier>	MP_BM054_Artillery_shell_102mm_INDEX_10	</identifier>
				<transform>
					<row0>	0.9949 0.0000 -0.1005 0.0000	</row0>
					<row1>	0.0000 1.0000 0.0000 0.0000	</row1>
					<row2>	0.1005 0.0000 0.9949 0.0000	</row2>
					<row3>	0.1968 0.2603 -2.0450 1.0000	</row3>
				</transform>
			</node>
			<node>
				<identifier>	MP_BM054_Artillery_shell_102mm_INDEX_11	</identifier>
				<transform>
					<row0>	-0.9599 0.0000 0.2803 0.0000	</row0>
					<row1>	0.0000 1.0000 0.0000 0.0000	</row1>
					<row2>	-0.2803 0.0000 -0.9599 0.0000	</row2>
					<row3>	-0.1965 0.2605 -1.9921 1.0000	</row3>
				</transform>
			</node>
			<node>
				<identifier>	MP_BM054_Artillery_shell_102mm_INDEX_12	</identifier>
				<transform>
					<row0>	-1.0000 0.0000 0.0000 0.0000	</row0>
					<row1>	0.0000 1.0000 0.0000 0.0000	</row1>
					<row2>	0.0000 0.0000 -1.0000 0.0000	</row2>
					<row3>	-0.0592 0.2608 -2.3141 1.0000	</row3>
				</transform>
			</node>
			<node>
				<identifier>	MP_BM054_Artillery_shell_102mm_INDEX_13	</identifier>
				<transform>
					<row0>	-0.9955 0.0000 -0.0947 0.0000	</row0>
					<row1>	0.0000 1.0000 0.0000 0.0000	</row1>
					<row2>	0.0947 0.0000 -0.9955 0.0000	</row2>
					<row3>	-0.2184 0.1089 -2.5105 1.0000	</row3>
				</transform>
			</node>
			<node>
				<identifier>	MP_BM054_Artillery_shell_102mm_INDEX_14	</identifier>
				<transform>
					<row0>	-0.9955 0.0000 -0.0947 0.0000	</row0>
					<row1>	0.0000 1.0000 0.0000 0.0000	</row1>
					<row2>	0.0947 0.0000 -0.9955 0.0000	</row2>
					<row3>	-0.2133 0.1093 -2.5717 1.0000	</row3>
				</transform>
			</node>
			<node>
				<identifier>	MP_BM054_Artillery_shell_102mm_INDEX_15	</identifier>
				<transform>
					<row0>	-0.9981 0.0000 -0.0611 0.0000	</row0>
					<row1>	0.0000 1.0000 0.0000 0.0000	</row1>
					<row2>	0.0611 0.0000 -0.9981 0.0000	</row2>
					<row3>	-0.2263 0.1086 -2.4139 1.0000	</row3>
				</transform>
			</node>
			<node>
				<identifier>	MP_BM054_Artillery_shell_102mm_INDEX_16	</identifier>
				<transform>
					<row0>	0.9981 0.0000 -0.0611 0.0000	</row0>
					<row1>	0.0000 1.0000 0.0000 0.0000	</row1>
					<row2>	0.0611 0.0000 0.9981 0.0000	</row2>
					<row3>	0.2333 0.1078 -2.2773 1.0000	</row3>
				</transform>
			</node>
			<node>
				<identifier>	MP_BM054_Artillery_shell_102mm_INDEX_17	</identifier>
				<transform>
					<row0>	-0.9992 0.0000 -0.0409 0.0000	</row0>
					<row1>	0.0000 1.0000 0.0000 0.0000	</row1>
					<row2>	0.0409 0.0000 -0.9992 0.0000	</row2>
					<row3>	-0.2383 0.1073 -2.1889 1.0000	</row3>
				</transform>
			</node>
			<node>
				<identifier>	MP_BM054_Artillery_shell_102mm_INDEX_18	</identifier>
				<transform>
					<row0>	-0.9981 0.0000 -0.0611 0.0000	</row0>
					<row1>	0.0000 1.0000 0.0000 0.0000	</row1>
					<row2>	0.0611 0.0000 -0.9981 0.0000	</row2>
					<row3>	-0.2295 0.1084 -2.3622 1.0000	</row3>
				</transform>
			</node>
			<node>
				<identifier>	MP_BM054_Artillery_shell_102mm_INDEX_19	</identifier>
				<transform>
					<row0>	-0.9621 0.0000 0.2726 0.0000	</row0>
					<row1>	0.0000 1.0000 0.0000 0.0000	</row1>
					<row2>	-0.2726 0.0000 -0.9621 0.0000	</row2>
					<row3>	-0.1829 0.2606 -1.9437 1.0000	</row3>
				</transform>
			</node>
			<node>
				<identifier>	MP_BM054_Artillery_shell_102mm_INDEX_2	</identifier>
				<transform>
					<row0>	-0.8465 0.0000 0.5324 0.0000	</row0>
					<row1>	0.0000 1.0000 0.0000 0.0000	</row1>
					<row2>	-0.5324 0.0000 -0.8465 0.0000	</row2>
					<row3>	-0.1373 0.2607 -1.8599 1.0000	</row3>
				</transform>
			</node>
			<node>
				<identifier>	MP_BM054_Artillery_shell_102mm_INDEX_20	</identifier>
				<transform>
					<row0>	-0.8915 0.0000 0.4531 0.0000	</row0>
					<row1>	0.0000 1.0000 0.0000 0.0000	</row1>
					<row2>	-0.4531 0.0000 -0.8915 0.0000	</row2>
					<row3>	-0.1578 0.2607 -1.8917 1.0000	</row3>
				</transform>
			</node>
			<node>
				<identifier>	MP_BM054_Artillery_shell_102mm_INDEX_21	</identifier>
				<transform>
					<row0>	0.9981 0.0000 -0.0611 0.0000	</row0>
					<row1>	0.0000 1.0000 0.0000 0.0000	</row1>
					<row2>	0.0611 0.0000 0.9981 0.0000	</row2>
					<row3>	0.2271 0.1085 -2.3919 1.0000	</row3>
				</transform>
			</node>
			<node>
				<identifier>	MP_BM054_Artillery_shell_102mm_INDEX_22	</identifier>
				<transform>
					<row0>	0.9992 0.0000 -0.0409 0.0000	</row0>
					<row1>	0.0000 1.0000 0.0000 0.0000	</row1>
					<row2>	0.0409 0.0000 0.9992 0.0000	</row2>
					<row3>	0.2380 0.1073 -2.1889 1.0000	</row3>
				</transform>
			</node>
			<node>
				<identifier>	MP_BM054_Artillery_shell_102mm_INDEX_23	</identifier>
				<transform>
					<row0>	0.8368 0.0000 0.5474 0.0000	</row0>
					<row1>	0.0000 1.0000 0.0000 0.0000	</row1>
					<row2>	-0.5474 0.0000 0.8368 0.0000	</row2>
					<row3>	0.1578 0.2607 -1.8917 1.0000	</row3>
				</transform>
			</node>
			<node>
				<identifier>	MP_BM054_Artillery_shell_102mm_INDEX_24	</identifier>
				<transform>
					<row0>	0.9955 0.0000 -0.0947 0.0000	</row0>
					<row1>	0.0000 1.0000 0.0000 0.0000	</row1>
					<row2>	0.0947 0.0000 0.9955 0.0000	</row2>
					<row3>	0.2014 0.1108 -2.6918 1.0000	</row3>
				</transform>
			</node>
			<node>
				<identifier>	MP_BM054_Artillery_shell_102mm_INDEX_25	</identifier>
				<transform>
					<row0>	-0.9955 0.0000 -0.0947 0.0000	</row0>
					<row1>	0.0000 1.0000 0.0000 0.0000	</row1>
					<row2>	0.0947 0.0000 -0.9955 0.0000	</row2>
					<row3>	-0.2225 0.1087 -2.4687 1.0000	</row3>
				</transform>
			</node>
			<node>
				<identifier>	MP_BM054_Artillery_shell_102mm_INDEX_26	</identifier>
				<transform>
					<row0>	0.0000 0.0000 -1.0000 0.0000	</row0>
					<row1>	0.0000 1.0000 0.0000 0.0000	</row1>
					<row2>	1.0000 0.0000 0.0000 0.0000	</row2>
					<row3>	-0.0398 0.2606 -2.2488 1.0000	</row3>
				</transform>
			</node>
			<node>
				<identifier>	MP_BM054_Artillery_shell_102mm_INDEX_27	</identifier>
				<transform>
					<row0>	0.7638 0.0000 0.6455 0.0000	</row0>
					<row1>	0.0000 1.0000 0.0000 0.0000	</row1>
					<row2>	-0.6455 0.0000 0.7638 0.0000	</row2>
					<row3>	0.1064 0.2607 -1.8227 1.0000	</row3>
				</transform>
			</node>
			<node>
				<identifier>	MP_BM054_Artillery_shell_102mm_INDEX_28	</identifier>
				<transform>
					<row0>	0.9955 0.0000 -0.0947 0.0000	</row0>
					<row1>	0.0000 1.0000 0.0000 0.0000	</row1>
					<row2>	0.0947 0.0000 0.9955 0.0000	</row2>
					<row3>	0.2077 0.1100 -2.6288 1.0000	</row3>
				</transform>
			</node>
			<node>
				<identifier>	MP_BM054_Artillery_shell_102mm_INDEX_29	</identifier>
				<transform>
					<row0>	-0.9913 0.0000 -0.1318 0.0000	</row0>
					<row1>	0.0000 1.0000 0.0000 0.0000	</row1>
					<row2>	0.1318 0.0000 -0.9913 0.0000	</row2>
					<row3>	-0.1970 0.1113 -2.7344 1.0000	</row3>
				</transform>
			</node>
			<node>
				<identifier>	MP_BM054_Artillery_shell_102mm_INDEX_3	</identifier>
				<transform>
					<row0>	0.9981 0.0000 -0.0611 0.0000	</row0>
					<row1>	0.0000 1.0000 0.0000 0.0000	</row1>
					<row2>	0.0611 0.0000 0.9981 0.0000	</row2>
					<row3>	0.2360 0.1073 -2.2397 1.0000	</row3>
				</transform>
			</node>
			<node>
				<identifier>	MP_BM054_Artillery_shell_102mm_INDEX_30	</identifier>
				<transform>
					<row0>	0.0000 0.0000 -1.0000 0.0000	</row0>
					<row1>	0.0000 1.0000 0.0000 0.0000	</row1>
					<row2>	1.0000 0.0000 0.0000 0.0000	</row2>
					<row3>	0.0365 0.2606 -2.3676 1.0000	</row3>
				</transform>
			</node>
			<node>
				<identifier>	MP_BM054_Artillery_shell_102mm_INDEX_31	</identifier>
				<transform>
					<row0>	-0.9541 0.0000 -0.2994 0.0000	</row0>
					<row1>	0.0000 1.0000 0.0000 0.0000	</row1>
					<row2>	0.2994 0.0000 -0.9541 0.0000	</row2>
					<row3>	-0.1872 0.2603 -2.0940 1.0000	</row3>
				</transform>
			</node>
			<node>
				<identifier>	MP_BM054_Artillery_shell_102mm_INDEX_32	</identifier>
				<transform>
					<row0>	0.9955 0.0000 -0.0947 0.0000	</row0>
					<row1>	0.0000 1.0000 0.0000 0.0000	</row1>
					<row2>	0.0947 0.0000 0.9955 0.0000	</row2>
					<row3>	0.2144 0.1093 -2.5580 1.0000	</row3>
				</transform>
			</node>
			<node>
				<identifier>	MP_BM054_Artillery_shell_102mm_INDEX_33	</identifier>
				<transform>
					<row0>	0.9913 0.0000 -0.1318 0.0000	</row0>
					<row1>	0.0000 1.0000 0.0000 0.0000	</row1>
					<row2>	0.1318 0.0000 0.9913 0.0000	</row2>
					<row3>	0.1968 0.1113 -2.7376 1.0000	</row3>
				</transform>
			</node>
			<node>
				<identifier>	MP_BM054_Artillery_shell_102mm_INDEX_34	</identifier>
				<transform>
					<row0>	0.9955 0.0000 -0.0947 0.0000	</row0>
					<row1>	0.0000 1.0000 0.0000 0.0000	</row1>
					<row2>	0.0947 0.0000 0.9955 0.0000	</row2>
					<row3>	0.2233 0.1087 -2.4590 1.0000	</row3>
				</transform>
			</node>
			<node>
				<identifier>	MP_BM054_Artillery_shell_102mm_INDEX_35	</identifier>
				<transform>
					<row0>	-0.7994 0.0000 0.6008 0.0000	</row0>
					<row1>	0.0000 1.0000 0.0000 0.0000	</row1>
					<row2>	-0.6008 0.0000 -0.7994 0.0000	</row2>
					<row3>	-0.1064 0.2607 -1.8227 1.0000	</row3>
				</transform>
			</node>
			<node>
				<identifier>	MP_BM054_Artillery_shell_102mm_INDEX_36	</identifier>
				<transform>
					<row0>	-0.9992 0.0000 -0.0409 0.0000	</row0>
					<row1>	0.0000 1.0000 0.0000 0.0000	</row1>
					<row2>	0.0409 0.0000 -0.9992 0.0000	</row2>
					<row3>	-0.2397 0.1073 -2.1543 1.0000	</row3>
				</transform>
			</node>
			<node>
				<identifier>	MP_BM054_Artillery_shell_102mm_INDEX_37	</identifier>
				<transform>
					<row0>	0.9492 0.0000 0.3147 0.0000	</row0>
					<row1>	0.0000 1.0000 0.0000 0.0000	</row1>
					<row2>	-0.3147 0.0000 0.9492 0.0000	</row2>
					<row3>	0.1829 0.2606 -1.9437 1.0000	</row3>
				</transform>
			</node>
			<node>
				<identifier>	MP_BM054_Artillery_shell_102mm_INDEX_38	</identifier>
				<transform>
					<row0>	1.0000 0.0000 0.0000 0.0000	</row0>
					<row1>	0.0000 1.0000 0.0000 0.0000	</row1>
					<row2>	0.0000 0.0000 1.0000 0.0000	</row2>
					<row3>	0.0597 0.2608 -2.3176 1.0000	</row3>
				</transform>
			</node>
			<node>
				<identifier>	MP_BM054_Artillery_shell_102mm_INDEX_39	</identifier>
				<transform>
					<row0>	-0.9955 0.0000 -0.0947 0.0000	</row0>
					<row1>	0.0000 1.0000 0.0000 0.0000	</row1>
					<row2>	0.0947 0.0000 -0.9955 0.0000	</row2>
					<row3>	-0.2085 0.1100 -2.6261 1.0000	</row3>
				</transform>
			</node>
			<node>
				<identifier>	MP_BM054_Artillery_shell_102mm_INDEX_4	</identifier>
				<transform>
					<row0>	0.9541 0.0000 -0.2994 0.0000	</row0>
					<row1>	0.0000 1.0000 0.0000 0.0000	</row1>
					<row2>	0.2994 0.0000 0.9541 0.0000	</row2>
					<row3>	0.1872 0.2603 -2.0940 1.0000	</row3>
				</transform>
			</node>
			<node>
				<identifier>	MP_BM054_Artillery_shell_102mm_INDEX_40	</identifier>
				<transform>
					<row0>	1.0000 0.0000 0.0000 0.0000	</row0>
					<row1>	0.0000 1.0000 0.0000 0.0000	</row1>
					<row2>	0.0000 0.0000 1.0000 0.0000	</row2>
					<row3>	-0.0057 0.2608 -2.3176 1.0000	</row3>
				</transform>
			</node>
			<node>
				<identifier>	MP_BM054_Artillery_shell_102mm_INDEX_41	</identifier>
				<transform>
					<row0>	0.0000 0.0000 -1.0000 0.0000	</row0>
					<row1>	0.0000 1.0000 0.0000 0.0000	</row1>
					<row2>	1.0000 0.0000 0.0000 0.0000	</row2>
					<row3>	-0.0528 0.2606 -2.3676 1.0000	</row3>
				</transform>
			</node>
			<node>
				<identifier>	MP_BM054_Artillery_shell_102mm_INDEX_42	</identifier>
				<transform>
					<row0>	0.9661 0.0000 0.2582 0.0000	</row0>
					<row1>	0.0000 1.0000 0.0000 0.0000	</row1>
					<row2>	-0.2582 0.0000 0.9661 0.0000	</row2>
					<row3>	0.1965 0.2605 -1.9921 1.0000	</row3>
				</transform>
			</node>
			<node>
				<identifier>	MP_BM054_Artillery_shell_102mm_INDEX_43	</identifier>
				<transform>
					<row0>	0.9992 0.0000 -0.0409 0.0000	</row0>
					<row1>	0.0000 1.0000 0.0000 0.0000	</row1>
					<row2>	0.0409 0.0000 0.9992 0.0000	</row2>
					<row3>	0.2395 0.1073 -2.1543 1.0000	</row3>
				</transform>
			</node>
			<node>
				<identifier>	MP_BM054_Artillery_shell_102mm_INDEX_44	</identifier>
				<transform>
					<row0>	0.8059 0.0000 0.5921 0.0000	</row0>
					<row1>	0.0000 1.0000 0.0000 0.0000	</row1>
					<row2>	-0.5921 0.0000 0.8059 0.0000	</row2>
					<row3>	0.1373 0.2607 -1.8599 1.0000	</row3>
				</transform>
			</node>
			<node>
				<identifier>	MP_BM054_Artillery_shell_102mm_INDEX_5	</identifier>
				<transform>
					<row0>	-0.9981 0.0000 -0.0611 0.0000	</row0>
					<row1>	0.0000 1.0000 0.0000 0.0000	</row1>
					<row2>	0.0611 0.0000 -0.9981 0.0000	</row2>
					<row3>	-0.2325 0.1079 -2.2999 1.0000	</row3>
				</transform>
			</node>
			<node>
				<identifier>	MP_BM054_Artillery_shell_102mm_INDEX_6	</identifier>
				<transform>
					<row0>	0.0000 0.0000 -1.0000 0.0000	</row0>
					<row1>	0.0000 1.0000 0.0000 0.0000	</row1>
					<row2>	1.0000 0.0000 0.0000 0.0000	</row2>
					<row3>	-0.0162 0.2606 -2.3676 1.0000	</row3>
				</transform>
			</node>
			<node>
				<identifier>	MP_BM054_Artillery_shell_102mm_INDEX_7	</identifier>
				<transform>
					<row0>	0.0000 0.0000 -1.0000 0.0000	</row0>
					<row1>	0.0000 1.0000 0.0000 0.0000	</row1>
					<row2>	1.0000 0.0000 0.0000 0.0000	</row2>
					<row3>	0.0355 0.2606 -2.2488 1.0000	</row3>
				</transform>
			</node>
			<node>
				<identifier>	MP_BM054_Artillery_shell_102mm_INDEX_8	</identifier>
				<transform>
					<row0>	-0.9955 0.0000 -0.0947 0.0000	</row0>
					<row1>	0.0000 1.0000 0.0000 0.0000	</row1>
					<row2>	0.0947 0.0000 -0.9955 0.0000	</row2>
					<row3>	-0.2029 0.1108 -2.6790 1.0000	</row3>
				</transform>
			</node>
			<node>
				<identifier>	MP_BM054_Artillery_shell_102mm_INDEX_9	</identifier>
				<transform>
					<row0>	0.9955 0.0000 -0.0947 0.0000	</row0>
					<row1>	0.0000 1.0000 0.0000 0.0000	</row1>
					<row2>	0.0947 0.0000 0.9955 0.0000	</row2>
					<row3>	0.2192 0.1089 -2.5057 1.0000	</row3>
				</transform>
			</node>
			<node>
				<identifier>	MP_BM509_Liferaft_type_20_10ft	</identifier>
				<transform>
					<row0>	0.0000 0.0000 -1.0000 0.0000	</row0>
					<row1>	0.9977 0.0683 0.0000 0.0000	</row1>
					<row2>	0.0683 -0.9977 0.0000 0.0000	</row2>
					<row3>	0.0598 0.2477 -1.1235 1.0000	</row3>
				</transform>
			</node>
			<node>
				<identifier>	MP_BM509_Liferaft_type_20_10ft_INDEX_1	</identifier>
				<transform>
					<row0>	0.0000 0.0000 1.0000 0.0000	</row0>
					<row1>	-0.9977 0.0683 0.0000 0.0000	</row1>
					<row2>	-0.0683 -0.9977 0.0000 0.0000	</row2>
					<row3>	-0.0598 0.2477 -1.1235 1.0000	</row3>
				</transform>
			</node>
			<node>
				<identifier>	MP_BM603_Compass_Binnacle	</identifier>
				<transform>
					<row0>	1.0000 0.0000 0.0000 0.0000	</row0>
					<row1>	0.0000 1.0000 0.0000 0.0000	</row1>
					<row2>	0.0000 0.0000 1.0000 0.0000	</row2>
					<row3>	0.0000 0.2596 -0.9132 1.0000	</row3>
				</transform>
			</node>
			<node>
				<identifier>	MP_BM604_Voice_Tube	</identifier>
				<transform>
					<row0>	-1.0000 0.0000 0.0000 0.0000	</row0>
					<row1>	0.0000 1.0000 0.0000 0.0000	</row1>
					<row2>	0.0000 0.0000 -1.0000 0.0000	</row2>
					<row3>	0.0102 0.3713 -1.1879 1.0000	</row3>
				</transform>
			</node>
			<node>
				<identifier>	MP_BM604_Voice_Tube_INDEX_1	</identifier>
				<transform>
					<row0>	-1.0000 0.0000 0.0000 0.0000	</row0>
					<row1>	0.0000 1.0000 0.0000 0.0000	</row1>
					<row2>	0.0000 0.0000 -1.0000 0.0000	</row2>
					<row3>	-0.0065 0.3713 -1.1879 1.0000	</row3>
				</transform>
			</node>
			<node>
				<identifier>	MP_BM604_Voice_Tube_INDEX_2	</identifier>
				<transform>
					<row0>	1.0000 0.0000 0.0000 0.0000	</row0>
					<row1>	0.0000 1.0000 0.0000 0.0000	</row1>
					<row2>	0.0000 0.0000 1.0000 0.0000	</row2>
					<row3>	0.0000 0.2617 -1.7873 1.0000	</row3>
				</transform>
			</node>
			<node>
				<identifier>	MP_BM604_Voice_Tube_INDEX_3	</identifier>
				<transform>
					<row0>	0.2919 0.0000 0.9564 0.0000	</row0>
					<row1>	0.0000 1.0000 0.0000 0.0000	</row1>
					<row2>	-0.9564 0.0000 0.2919 0.0000	</row2>
					<row3>	0.0251 0.2602 -0.9252 1.0000	</row3>
				</transform>
			</node>
			<node>
				<identifier>	MP_BM607_Telegraph_Engine_R	</identifier>
				<transform>
					<row0>	0.0000 0.0000 -1.0000 0.0000	</row0>
					<row1>	0.0000 1.0000 0.0000 0.0000	</row1>
					<row2>	1.0000 0.0000 0.0000 0.0000	</row2>
					<row3>	-0.0238 0.2590 -0.9437 1.0000	</row3>
				</transform>
			</node>
			<node>
				<identifier>	MP_BM607_Telegraph_Engine_R_INDEX_1	</identifier>
				<transform>
					<row0>	0.0000 0.0000 1.0000 0.0000	</row0>
					<row1>	0.0000 1.0000 0.0000 0.0000	</row1>
					<row2>	-1.0000 0.0000 0.0000 0.0000	</row2>
					<row3>	0.0238 0.2590 -0.9437 1.0000	</row3>
				</transform>
			</node>
			<node>
				<identifier>	MP_BM632_Steering	</identifier>
				<transform>
					<row0>	1.0000 0.0000 0.0000 0.0000	</row0>
					<row1>	0.0000 1.0000 0.0000 0.0000	</row1>
					<row2>	0.0000 0.0000 1.0000 0.0000	</row2>
					<row3>	0.0000 0.2599 -0.9600 1.0000	</row3>
				</transform>
			</node>
			<node>
				<identifier>	MP_BM720_Locker	</identifier>
				<transform>
					<row0>	0.0000 0.0000 1.0000 0.0000	</row0>
					<row1>	0.0000 1.0000 0.0000 0.0000	</row1>
					<row2>	-1.0000 0.0000 0.0000 0.0000	</row2>
					<row3>	0.0290 0.2610 -2.1796 1.0000	</row3>
				</transform>
			</node>
			<node>
				<identifier>	MP_BM720_Locker_INDEX_1	</identifier>
				<transform>
					<row0>	0.0000 0.0000 1.0000 0.0000	</row0>
					<row1>	0.0000 1.0000 0.0000 0.0000	</row1>
					<row2>	-1.0000 0.0000 0.0000 0.0000	</row2>
					<row3>	-0.0259 0.2610 -2.1796 1.0000	</row3>
				</transform>
			</node>
			<node>
				<identifier>	MP_BM720_Locker_INDEX_2	</identifier>
				<transform>
					<row0>	0.0000 0.0000 1.0000 0.0000	</row0>
					<row1>	0.0000 1.0000 0.0000 0.0000	</row1>
					<row2>	-1.0000 0.0000 0.0000 0.0000	</row2>
					<row3>	-0.1234 0.1144 -2.1372 1.0000	</row3>
				</transform>
			</node>
			<node>
				<identifier>	MP_BM720_Locker_INDEX_3	</identifier>
				<transform>
					<row0>	0.5419 0.0000 0.8404 0.0000	</row0>
					<row1>	0.0000 1.0000 0.0000 0.0000	</row1>
					<row2>	-0.8404 0.0000 0.5419 0.0000	</row2>
					<row3>	-0.1593 0.2610 -1.9233 1.0000	</row3>
				</transform>
			</node>
			<node>
				<identifier>	MP_BM720_Locker_INDEX_4	</identifier>
				<transform>
					<row0>	0.0000 0.0000 1.0000 0.0000	</row0>
					<row1>	0.0000 1.0000 0.0000 0.0000	</row1>
					<row2>	-1.0000 0.0000 0.0000 0.0000	</row2>
					<row3>	-0.1236 0.1135 -2.2416 1.0000	</row3>
				</transform>
			</node>
			<node>
				<identifier>	MP_BM720_Locker_INDEX_5	</identifier>
				<transform>
					<row0>	-1.0000 0.0000 0.0000 0.0000	</row0>
					<row1>	0.0000 1.0000 0.0000 0.0000	</row1>
					<row2>	0.0000 0.0000 -1.0000 0.0000	</row2>
					<row3>	0.0525 0.1158 -2.3572 1.0000	</row3>
				</transform>
			</node>
			<node>
				<identifier>	MP_BM720_Locker_INDEX_6	</identifier>
				<transform>
					<row0>	0.0000 0.0000 1.0000 0.0000	</row0>
					<row1>	0.0000 1.0000 0.0000 0.0000	</row1>
					<row2>	-1.0000 0.0000 0.0000 0.0000	</row2>
					<row3>	0.1260 0.1142 -2.2525 1.0000	</row3>
				</transform>
			</node>
			<node>
				<identifier>	MP_BM720_Locker_INDEX_7	</identifier>
				<transform>
					<row0>	-1.0000 0.0000 0.0000 0.0000	</row0>
					<row1>	0.0000 1.0000 0.0000 0.0000	</row1>
					<row2>	0.0000 0.0000 -1.0000 0.0000	</row2>
					<row3>	-0.0522 0.1158 -2.3572 1.0000	</row3>
				</transform>
			</node>
			<node>
				<identifier>	MP_BM765_24in_round_hatch	</identifier>
				<transform>
					<row0>	-1.0000 0.0000 0.0000 0.0000	</row0>
					<row1>	0.0000 1.0000 0.0000 0.0000	</row1>
					<row2>	0.0000 0.0000 -1.0000 0.0000	</row2>
					<row3>	-0.1073 0.1122 -1.3228 1.0000	</row3>
				</transform>
			</node>
			<node>
				<identifier>	MP_BM765_24in_round_hatch_INDEX_1	</identifier>
				<transform>
					<row0>	-1.0000 0.0000 0.0000 0.0000	</row0>
					<row1>	0.0000 1.0000 0.0000 0.0000	</row1>
					<row2>	0.0000 0.0000 -1.0000 0.0000	</row2>
					<row3>	0.1294 0.1106 -1.7574 1.0000	</row3>
				</transform>
			</node>
			<node>
				<identifier>	MP_BM765_24in_round_hatch_INDEX_2	</identifier>
				<transform>
					<row0>	-1.0000 0.0000 0.0000 0.0000	</row0>
					<row1>	0.0000 1.0000 0.0000 0.0000	</row1>
					<row2>	0.0000 0.0000 -1.0000 0.0000	</row2>
					<row3>	0.1073 0.1122 -1.1638 1.0000	</row3>
				</transform>
			</node>
			<node>
				<identifier>	MP_BM765_24in_round_hatch_INDEX_3	</identifier>
				<transform>
					<row0>	-1.0000 0.0000 0.0000 0.0000	</row0>
					<row1>	0.0000 1.0000 0.0000 0.0000	</row1>
					<row2>	0.0000 0.0000 -1.0000 0.0000	</row2>
					<row3>	-0.0862 0.1206 -2.7773 1.0000	</row3>
				</transform>
			</node>
			<node>
				<identifier>	MP_BM765_24in_round_hatch_INDEX_4	</identifier>
				<transform>
					<row0>	-1.0000 0.0000 0.0000 0.0000	</row0>
					<row1>	0.0000 1.0000 0.0000 0.0000	</row1>
					<row2>	0.0000 0.0000 -1.0000 0.0000	</row2>
					<row3>	0.1073 0.1122 -1.3228 1.0000	</row3>
				</transform>
			</node>
			<node>
				<identifier>	MP_BM765_24in_round_hatch_INDEX_5	</identifier>
				<transform>
					<row0>	0.0000 0.0000 -1.0000 0.0000	</row0>
					<row1>	0.0000 1.0000 0.0000 0.0000	</row1>
					<row2>	1.0000 0.0000 0.0000 0.0000	</row2>
					<row3>	0.0000 0.1122 -2.3239 1.0000	</row3>
				</transform>
			</node>
			<node>
				<identifier>	MP_BM765_24in_round_hatch_INDEX_6	</identifier>
				<transform>
					<row0>	-1.0000 0.0000 0.0000 0.0000	</row0>
					<row1>	0.0000 1.0000 0.0000 0.0000	</row1>
					<row2>	0.0000 0.0000 -1.0000 0.0000	</row2>
					<row3>	0.0484 0.2536 -1.7978 1.0000	</row3>
				</transform>
			</node>
			<node>
				<identifier>	MP_BM765_24in_round_hatch_INDEX_7	</identifier>
				<transform>
					<row0>	-1.0000 0.0000 0.0000 0.0000	</row0>
					<row1>	0.0000 1.0000 0.0000 0.0000	</row1>
					<row2>	0.0000 0.0000 -1.0000 0.0000	</row2>
					<row3>	0.0000 0.1130 -2.7150 1.0000	</row3>
				</transform>
			</node>
			<node>
				<identifier>	MP_BM858_Signal_Lamp	</identifier>
				<transform>
					<row0>	1.0000 0.0000 0.0000 0.0000	</row0>
					<row1>	0.0000 0.9939 -0.1105 0.0000	</row1>
					<row2>	0.0000 0.1105 0.9939 0.0000	</row2>
					<row3>	0.0000 0.8315 -1.8157 1.0000	</row3>
				</transform>
			</node>
			<node>
				<identifier>	MP_BM874_Searchlight_24in	</identifier>
				<transform>
					<row0>	1.0000 0.0000 0.0000 0.0000	</row0>
					<row1>	0.0000 1.0000 0.0000 0.0000	</row1>
					<row2>	0.0000 0.0000 1.0000 0.0000	</row2>
					<row3>	0.0000 0.4191 -1.1235 1.0000	</row3>
				</transform>
			</node>
			<node>
				<identifier>	MP_BM877_Running_Lights_B	</identifier>
				<transform>
					<row0>	1.0000 0.0000 0.0000 0.0000	</row0>
					<row1>	0.0000 1.0000 0.0000 0.0000	</row1>
					<row2>	0.0000 0.0000 1.0000 0.0000	</row2>
					<row3>	0.0000 0.1912 -3.1546 1.0000	</row3>
				</transform>
			</node>
			<node>
				<identifier>	MP_BM877_Running_Lights_B_INDEX_1	</identifier>
				<transform>
					<row0>	1.0000 0.0000 0.0000 0.0000	</row0>
					<row1>	0.0000 1.0000 0.0000 0.0000	</row1>
					<row2>	0.0000 0.0000 1.0000 0.0000	</row2>
					<row3>	0.0000 0.1275 -3.1542 1.0000	</row3>
				</transform>
			</node>
			<node>
				<identifier>	MP_BM966_Fairlead	</identifier>
				<transform>
					<row0>	0.5523 -0.0205 -0.1271 0.0000	</row0>
					<row1>	0.0199 0.5668 -0.0051 0.0000	</row1>
					<row2>	0.1272 0.0006 0.5527 0.0000	</row2>
					<row3>	0.1646 0.1144 -2.9293 1.0000	</row3>
				</transform>
			</node>
			<node>
				<identifier>	MP_BM966_Fairlead_INDEX_1	</identifier>
				<transform>
					<row0>	0.5523 0.0205 0.1271 0.0000	</row0>
					<row1>	-0.0199 0.5668 -0.0051 0.0000	</row1>
					<row2>	-0.1272 0.0006 0.5527 0.0000	</row2>
					<row3>	-0.1646 0.1144 -2.9293 1.0000	</row3>
				</transform>
			</node>
			<node>
				<identifier>	MP_BM967_Bollard	</identifier>
				<transform>
					<row0>	0.4459 0.0143 0.0540 0.0000	</row0>
					<row1>	-0.0153 0.4491 0.0076 0.0000	</row1>
					<row2>	-0.0537 -0.0094 0.4461 0.0000	</row2>
					<row3>	-0.1832 0.1128 -2.8151 1.0000	</row3>
				</transform>
			</node>
			<node>
				<identifier>	MP_BM967_Bollard_INDEX_1	</identifier>
				<transform>
					<row0>	0.4459 -0.0143 -0.0540 0.0000	</row0>
					<row1>	0.0153 0.4491 0.0076 0.0000	</row1>
					<row2>	0.0537 -0.0094 0.4461 0.0000	</row2>
					<row3>	0.1818 0.1128 -2.8151 1.0000	</row3>
				</transform>
			</node>
			<node>
				<identifier>	MP_CM011_Fire_Fighting_Gear	</identifier>
				<transform>
					<row0>	0.0000 0.0000 -1.0000 0.0000	</row0>
					<row1>	0.0000 1.0000 0.0000 0.0000	</row1>
					<row2>	1.0000 0.0000 0.0000 0.0000	</row2>
					<row3>	-0.0875 0.1202 -1.0396 1.0000	</row3>
				</transform>
			</node>
			<node>
				<identifier>	MP_CM011_Fire_Fighting_Gear_INDEX_1	</identifier>
				<transform>
					<row0>	0.0000 0.0000 1.0000 0.0000	</row0>
					<row1>	0.0000 1.0000 0.0000 0.0000	</row1>
					<row2>	-1.0000 0.0000 0.0000 0.0000	</row2>
					<row3>	0.0875 0.1202 -1.0424 1.0000	</row3>
				</transform>
			</node>
			<node>
				<identifier>	MP_CM011_Fire_Fighting_Gear_INDEX_2	</identifier>
				<transform>
					<row0>	0.0000 0.0000 -1.0000 0.0000	</row0>
					<row1>	0.0000 1.0000 0.0000 0.0000	</row1>
					<row2>	1.0000 0.0000 0.0000 0.0000	</row2>
					<row3>	-0.1196 0.1154 -2.2048 1.0000	</row3>
				</transform>
			</node>
			<node>
				<identifier>	MP_CM011_Fire_Fighting_Gear_INDEX_3	</identifier>
				<transform>
					<row0>	0.0000 0.0000 1.0000 0.0000	</row0>
					<row1>	0.0000 1.0000 0.0000 0.0000	</row1>
					<row2>	-1.0000 0.0000 0.0000 0.0000	</row2>
					<row3>	0.1196 0.1154 -2.2048 1.0000	</row3>
				</transform>
			</node>
			<node>
				<identifier>	MP_CM013_Fire_Hose_Rack_2	</identifier>
				<transform>
					<row0>	0.0000 -1.0000 0.0000 0.0000	</row0>
					<row1>	0.0000 0.0000 1.0859 0.0000	</row1>
					<row2>	-1.0859 0.0000 0.0000 0.0000	</row2>
					<row3>	0.0336 0.1368 -0.8899 1.0000	</row3>
				</transform>
			</node>
			<node>
				<identifier>	MP_CM013_Fire_Hose_Rack_2_INDEX_1	</identifier>
				<transform>
					<row0>	-1.0000 0.0000 0.0000 0.0000	</row0>
					<row1>	0.0000 1.0000 0.0000 0.0000	</row1>
					<row2>	0.0000 0.0000 -1.0000 0.0000	</row2>
					<row3>	0.1088 0.1575 -2.1793 1.0000	</row3>
				</transform>
			</node>
			<node>
				<identifier>	MP_CM013_Fire_Hose_Rack_2_INDEX_2	</identifier>
				<transform>
					<row0>	1.0000 0.0000 0.0000 0.0000	</row0>
					<row1>	0.0000 1.0000 0.0000 0.0000	</row1>
					<row2>	0.0000 0.0000 1.0000 0.0000	</row2>
					<row3>	-0.1088 0.1575 -2.1793 1.0000	</row3>
				</transform>
			</node>
			<node>
				<identifier>	MP_CM013_Fire_Hose_Rack_2_INDEX_3	</identifier>
				<transform>
					<row0>	0.0000 -1.0000 0.0000 0.0000	</row0>
					<row1>	0.0000 0.0000 1.0858 0.0000	</row1>
					<row2>	-1.0858 0.0000 0.0000 0.0000	</row2>
					<row3>	-0.0346 0.1368 -0.8900 1.0000	</row3>
				</transform>
			</node>
			<node>
				<identifier>	MP_CM029_Emergency_Box	</identifier>
				<transform>
					<row0>	0.0000 0.0000 1.0000 0.0000	</row0>
					<row1>	0.0000 1.0000 0.0000 0.0000	</row1>
					<row2>	-1.0000 0.0000 0.0000 0.0000	</row2>
					<row3>	0.1145 0.1818 -2.1166 1.0000	</row3>
				</transform>
			</node>
			<node>
				<identifier>	MP_CM029_Emergency_Box_INDEX_1	</identifier>
				<transform>
					<row0>	0.0000 0.0000 -1.0000 0.0000	</row0>
					<row1>	0.0000 1.0000 0.0000 0.0000	</row1>
					<row2>	1.0000 0.0000 0.0000 0.0000	</row2>
					<row3>	-0.1151 0.1970 -1.8676 1.0000	</row3>
				</transform>
			</node>
			<node>
				<identifier>	MP_CM057_Accommodation_Ladder_Closed	</identifier>
				<transform>
					<row0>	0.0012 0.8039 0.0189 0.0000	</row0>
					<row1>	-0.8023 0.0000 0.0542 0.0000	</row1>
					<row2>	0.0542 -0.0189 0.8021 0.0000	</row2>
					<row3>	0.2480 0.1371 -2.3381 1.0000	</row3>
				</transform>
			</node>
			<node>
				<identifier>	MP_CM057_Accommodation_Ladder_Closed_INDEX_1	</identifier>
				<transform>
					<row0>	0.0001 -0.8042 -0.0024 0.0000	</row0>
					<row1>	0.8034 0.0000 0.0357 0.0000	</row1>
					<row2>	-0.0357 -0.0024 0.8034 0.0000	</row2>
					<row3>	-0.2702 0.1364 -1.8123 1.0000	</row3>
				</transform>
			</node>
			<node>
				<identifier>	MP_CM081_Life_Buoy	</identifier>
				<transform>
					<row0>	1.0000 0.0000 0.0000 0.0000	</row0>
					<row1>	0.0000 0.0000 -1.0000 0.0000	</row1>
					<row2>	0.0000 1.0000 0.0000 0.0000	</row2>
					<row3>	-0.0272 0.1656 -1.0383 1.0000	</row3>
				</transform>
			</node>
			<node>
				<identifier>	MP_CM081_Life_Buoy_INDEX_1	</identifier>
				<transform>
					<row0>	1.0000 0.0000 0.0000 0.0000	</row0>
					<row1>	0.0000 0.0000 -1.0000 0.0000	</row1>
					<row2>	0.0000 1.0000 0.0000 0.0000	</row2>
					<row3>	-0.0272 0.1421 -1.0383 1.0000	</row3>
				</transform>
			</node>
			<node>
				<identifier>	MP_CM081_Life_Buoy_INDEX_2	</identifier>
				<transform>
					<row0>	1.0000 0.0000 0.0000 0.0000	</row0>
					<row1>	0.0000 0.0000 -1.0000 0.0000	</row1>
					<row2>	0.0000 1.0000 0.0000 0.0000	</row2>
					<row3>	-0.0272 0.1499 -1.0383 1.0000	</row3>
				</transform>
			</node>
			<node>
				<identifier>	MP_CM081_Life_Buoy_INDEX_3	</identifier>
				<transform>
					<row0>	1.0000 0.0000 0.0000 0.0000	</row0>
					<row1>	0.0000 0.0000 -1.0000 0.0000	</row1>
					<row2>	0.0000 1.0000 0.0000 0.0000	</row2>
					<row3>	-0.0272 0.1577 -1.0383 1.0000	</row3>
				</transform>
			</node>
			<node>
				<identifier>	MP_CM094_Propeller3_L	</identifier>
				<transform>
					<row0>	0.4859 0.0003 0.0089 0.0000	</row0>
					<row1>	0.0003 0.4848 -0.0341 0.0000	</row1>
					<row2>	-0.0089 0.0341 0.4847 0.0000	</row2>
					<row3>	-0.1138 -0.2525 -2.8254 1.0000	</row3>
				</transform>
			</node>
			<node>
				<identifier>	MP_CM095_Propeller3_R	</identifier>
				<transform>
					<row0>	0.4857 -0.0003 -0.0089 0.0000	</row0>
					<row1>	-0.0003 0.4846 -0.0341 0.0000	</row1>
					<row2>	0.0089 0.0341 0.4845 0.0000	</row2>
					<row3>	0.1138 -0.2526 -2.8253 1.0000	</row3>
				</transform>
			</node>
			<node>
				<identifier>	MP_CM112_Fire_Extinguisher	</identifier>
				<transform>
					<row0>	0.0000 0.0000 1.0000 0.0000	</row0>
					<row1>	0.0000 1.0000 0.0000 0.0000	</row1>
					<row2>	-1.0000 0.0000 0.0000 0.0000	</row2>
					<row3>	-0.0671 0.1291 -2.2833 1.0000	</row3>
				</transform>
			</node>
		</node>
	</node>
	<boundingBox>
		<min>	-0.0667 -0.0667 -0.0667	</min>
		<max>	0.0667 0.0667 0.0667	</max>
	</boundingBox>
</BSD008_Valkyrie_1930_MidBack_ports.visual>
