<BSD008_Valkyrie_1930_MidFront_ports.visual>
	<node>
		<identifier>	Scene Root	</identifier>
		<transform>
			<row0>	1.0000 0.0000 0.0000 0.0000	</row0>
			<row1>	0.0000 1.0000 0.0000 0.0000	</row1>
			<row2>	0.0000 0.0000 1.0000 0.0000	</row2>
			<row3>	0.0000 0.0000 0.0000 1.0000	</row3>
		</transform>
		<node>
			<identifier>	MidFront_ports	</identifier>
			<transform>
				<row0>	1.0000 0.0000 0.0000 0.0000	</row0>
				<row1>	0.0000 1.0000 0.0000 0.0000	</row1>
				<row2>	0.0000 0.0000 1.0000 0.0000	</row2>
				<row3>	0.0000 0.0000 0.0000 1.0000	</row3>
			</transform>
			<node>
				<identifier>	HP_BD_1	</identifier>
				<transform>
					<row0>	1.0000 0.0000 0.0000 0.0000	</row0>
					<row1>	0.0000 1.0000 0.0000 0.0000	</row1>
					<row2>	0.0000 0.0000 1.0000 0.0000	</row2>
					<row3>	0.0000 0.6175 1.3121 1.0000	</row3>
				</transform>
			</node>
			<node>
				<identifier>	HP_BF_1	</identifier>
				<transform>
					<row0>	1.0000 0.0000 0.0000 0.0000	</row0>
					<row1>	0.0000 1.0000 0.0000 0.0000	</row1>
					<row2>	0.0000 0.0000 1.0000 0.0000	</row2>
					<row3>	0.0000 0.6841 1.2257 1.0000	</row3>
				</transform>
			</node>
			<node>
				<identifier>	HP_BGA_1	</identifier>
				<transform>
					<row0>	-1.0000 0.0000 0.0000 0.0000	</row0>
					<row1>	0.0000 1.0000 0.0000 0.0000	</row1>
					<row2>	0.0000 0.0000 -1.0000 0.0000	</row2>
					<row3>	0.0000 0.2178 -0.0460 1.0000	</row3>
				</transform>
			</node>
			<node>
				<identifier>	HP_BGM_1	</identifier>
				<transform>
					<row0>	1.0000 0.0000 0.0000 0.0000	</row0>
					<row1>	0.0000 1.0000 0.0000 0.0000	</row1>
					<row2>	0.0000 0.0000 1.0000 0.0000	</row2>
					<row3>	0.0000 0.2843 2.1612 1.0000	</row3>
				</transform>
			</node>
			<node>
				<identifier>	HP_BGM_2	</identifier>
				<transform>
					<row0>	1.0000 0.0000 0.0000 0.0000	</row0>
					<row1>	0.0000 1.0000 0.0000 0.0000	</row1>
					<row2>	0.0000 0.0000 1.0000 0.0000	</row2>
					<row3>	0.0000 0.4134 1.7483 1.0000	</row3>
				</transform>
			</node>
			<node>
				<identifier>	HP_FX_Death_2	</identifier>
				<transform>
					<row0>	1.0000 0.0000 0.0000 0.0000	</row0>
					<row1>	0.0000 1.0000 0.0000 0.0000	</row1>
					<row2>	0.0000 0.0000 1.0000 0.0000	</row2>
					<row3>	0.0000 0.0000 -0.1402 1.0000	</row3>
				</transform>
			</node>
			<node>
				<identifier>	HP_FX_Fire_2	</identifier>
				<transform>
					<row0>	1.0000 0.0000 0.0000 0.0000	</row0>
					<row1>	0.0000 1.0000 0.0000 0.0000	</row1>
					<row2>	0.0000 0.0000 1.0000 0.0000	</row2>
					<row3>	0.0000 0.1394 0.8261 1.0000	</row3>
				</transform>
			</node>
			<node>
				<identifier>	HP_FX_Fire_2_side_1	</identifier>
				<transform>
					<row0>	1.0000 0.0000 0.0000 0.0000	</row0>
					<row1>	0.0000 1.0000 0.0000 0.0000	</row1>
					<row2>	0.0000 0.0000 1.0000 0.0000	</row2>
					<row3>	-0.2390 0.4759 1.2445 1.0000	</row3>
				</transform>
			</node>
			<node>
				<identifier>	HP_FX_Fire_2_side_2	</identifier>
				<transform>
					<row0>	1.0000 0.0000 0.0000 0.0000	</row0>
					<row1>	0.0000 1.0000 0.0000 0.0000	</row1>
					<row2>	0.0000 0.0000 1.0000 0.0000	</row2>
					<row3>	0.1938 0.3041 0.1434 1.0000	</row3>
				</transform>
			</node>
			<node>
				<identifier>	HP_FX_FloodLight_left_1	</identifier>
				<transform>
					<row0>	-1.0000 0.0000 0.0000 0.0000	</row0>
					<row1>	0.0000 1.0000 0.0000 0.0000	</row1>
					<row2>	0.0000 0.0000 -1.0000 0.0000	</row2>
					<row3>	-0.0930 0.3808 0.2259 1.0000	</row3>
				</transform>
			</node>
			<node>
				<identifier>	HP_FX_FloodLight_left_2	</identifier>
				<transform>
					<row0>	-1.0000 0.0000 0.0000 0.0000	</row0>
					<row1>	0.0000 1.0000 0.0000 0.0000	</row1>
					<row2>	0.0000 0.0000 -1.0000 0.0000	</row2>
					<row3>	-0.0820 0.3108 1.4173 1.0000	</row3>
				</transform>
			</node>
			<node>
				<identifier>	HP_FX_FloodLight_right_1	</identifier>
				<transform>
					<row0>	1.0000 0.0000 0.0000 0.0000	</row0>
					<row1>	0.0000 1.0000 0.0000 0.0000	</row1>
					<row2>	0.0000 0.0000 1.0000 0.0000	</row2>
					<row3>	0.0750 0.3838 0.2649 1.0000	</row3>
				</transform>
			</node>
			<node>
				<identifier>	HP_FX_FloodLight_right_2	</identifier>
				<transform>
					<row0>	1.0000 0.0000 0.0000 0.0000	</row0>
					<row1>	0.0000 1.0000 0.0000 0.0000	</row1>
					<row2>	0.0000 0.0000 1.0000 0.0000	</row2>
					<row3>	0.0860 0.3158 1.5042 1.0000	</row3>
				</transform>
			</node>
			<node>
				<identifier>	HP_FX_Flood_steam_1	</identifier>
				<transform>
					<row0>	1.0000 0.0000 0.0000 0.0000	</row0>
					<row1>	0.0000 0.9921 -0.1253 0.0000	</row1>
					<row2>	0.0000 0.1253 0.9921 0.0000	</row2>
					<row3>	0.0030 0.4730 0.1191 1.0000	</row3>
				</transform>
			</node>
			<node>
				<identifier>	HP_FX_Flood_steam_exhaust_1	</identifier>
				<transform>
					<row0>	1.0000 0.0000 0.0000 0.0000	</row0>
					<row1>	0.0000 1.0000 0.0000 0.0000	</row1>
					<row2>	0.0000 0.0000 1.0000 0.0000	</row2>
					<row3>	-0.0030 0.6738 0.9465 1.0000	</row3>
				</transform>
			</node>
			<node>
				<identifier>	HP_FX_Flood_steam_left	</identifier>
				<transform>
					<row0>	-1.0000 0.0000 0.0000 0.0000	</row0>
					<row1>	0.0000 1.0000 0.0000 0.0000	</row1>
					<row2>	0.0000 0.0000 -1.0000 0.0000	</row2>
					<row3>	-0.2743 0.2160 1.7121 1.0000	</row3>
				</transform>
			</node>
			<node>
				<identifier>	HP_FX_Flood_water_left_2	</identifier>
				<transform>
					<row0>	-1.0000 0.0000 0.0000 0.0000	</row0>
					<row1>	0.0000 1.0000 0.0000 0.0000	</row1>
					<row2>	0.0000 0.0000 -1.0000 0.0000	</row2>
					<row3>	-0.2629 0.0180 1.2234 1.0000	</row3>
				</transform>
			</node>
			<node>
				<identifier>	HP_FX_Flood_water_right_2	</identifier>
				<transform>
					<row0>	1.0000 0.0000 0.0000 0.0000	</row0>
					<row1>	0.0000 1.0000 0.0000 0.0000	</row1>
					<row2>	0.0000 0.0000 1.0000 0.0000	</row2>
					<row3>	0.2629 0.0180 1.2234 1.0000	</row3>
				</transform>
			</node>
			<node>
				<identifier>	HP_FX_Smoke_1	</identifier>
				<transform>
					<row0>	1.0000 0.0000 0.0000 0.0000	</row0>
					<row1>	0.0000 1.0000 0.0000 0.0000	</row1>
					<row2>	0.0000 0.0000 1.0000 0.0000	</row2>
					<row3>	0.0000 0.6851 0.8711 1.0000	</row3>
				</transform>
			</node>
			<node>
				<identifier>	HP_FX_Smoke_2	</identifier>
				<transform>
					<row0>	1.0000 0.0000 0.0000 0.0000	</row0>
					<row1>	0.0000 1.0000 0.0000 0.0000	</row1>
					<row2>	0.0000 0.0000 1.0000 0.0000	</row2>
					<row3>	0.0000 0.4860 0.2239 1.0000	</row3>
				</transform>
			</node>
			<node>
				<identifier>	HP_flag_1	</identifier>
				<transform>
					<row0>	0.9903 0.1365 -0.0263 0.0000	</row0>
					<row1>	-0.1365 0.9188 -0.3703 0.0000	</row1>
					<row2>	-0.0263 0.3703 0.9285 0.0000	</row2>
					<row3>	0.1892 1.1180 1.0593 1.0000	</row3>
				</transform>
			</node>
			<node>
				<identifier>	HP_flag_2	</identifier>
				<transform>
					<row0>	0.9903 -0.1365 0.0263 0.0000	</row0>
					<row1>	0.1365 0.9188 -0.3703 0.0000	</row1>
					<row2>	0.0263 0.3703 0.9285 0.0000	</row2>
					<row3>	-0.1892 1.1180 1.0593 1.0000	</row3>
				</transform>
			</node>
			<node>
				<identifier>	HP_flag_3	</identifier>
				<transform>
					<row0>	0.9547 0.2923 -0.0560 0.0000	</row0>
					<row1>	-0.2923 0.8855 -0.3611 0.0000	</row1>
					<row2>	-0.0560 0.3611 0.9308 0.0000	</row2>
					<row3>	0.0742 1.1193 1.0590 1.0000	</row3>
				</transform>
			</node>
			<node>
				<identifier>	HP_flag_4	</identifier>
				<transform>
					<row0>	0.9547 -0.2923 0.0560 0.0000	</row0>
					<row1>	0.2923 0.8855 -0.3611 0.0000	</row1>
					<row2>	0.0560 0.3611 0.9308 0.0000	</row2>
					<row3>	-0.0742 1.1193 1.0590 1.0000	</row3>
				</transform>
			</node>
			<node>
				<identifier>	HP_flag_rank	</identifier>
				<transform>
					<row0>	0.9994 -0.0359 0.0035 0.0000	</row0>
					<row1>	0.0359 0.9805 -0.1935 0.0000	</row1>
					<row2>	0.0035 0.1935 0.9811 0.0000	</row2>
					<row3>	0.0003 1.6845 0.8619 1.0000	</row3>
				</transform>
			</node>
			<node>
				<identifier>	MP_BM004_Reels	</identifier>
				<transform>
					<row0>	0.0000 0.0000 -0.7220 0.0000	</row0>
					<row1>	0.0000 0.7220 0.0000 0.0000	</row1>
					<row2>	0.7220 0.0000 0.0000 0.0000	</row2>
					<row3>	-0.1052 0.1177 -0.0387 1.0000	</row3>
				</transform>
			</node>
			<node>
				<identifier>	MP_BM004_Reels_INDEX_1	</identifier>
				<transform>
					<row0>	0.7190 0.0661 0.0000 0.0000	</row0>
					<row1>	-0.0661 0.7190 0.0000 0.0000	</row1>
					<row2>	0.0000 0.0000 0.7220 0.0000	</row2>
					<row3>	-0.2023 0.1148 1.1724 1.0000	</row3>
				</transform>
			</node>
			<node>
				<identifier>	MP_BM004_Reels_INDEX_2	</identifier>
				<transform>
					<row0>	-0.9889 0.0950 0.0000 0.0000	</row0>
					<row1>	0.0950 0.9889 0.0000 0.0000	</row1>
					<row2>	0.0000 0.0000 -0.9935 0.0000	</row2>
					<row3>	0.2009 0.1110 0.4785 1.0000	</row3>
				</transform>
			</node>
			<node>
				<identifier>	MP_BM004_Reels_INDEX_3	</identifier>
				<transform>
					<row0>	0.0000 0.0000 -0.7220 0.0000	</row0>
					<row1>	0.0000 0.7220 0.0000 0.0000	</row1>
					<row2>	0.7220 0.0000 0.0000 0.0000	</row2>
					<row3>	0.1052 0.1177 -0.0387 1.0000	</row3>
				</transform>
			</node>
			<node>
				<identifier>	MP_BM037_Sounding_Machine	</identifier>
				<transform>
					<row0>	0.7655 0.0000 -0.6434 0.0000	</row0>
					<row1>	0.0000 1.0000 0.0000 0.0000	</row1>
					<row2>	0.6434 0.0000 0.7655 0.0000	</row2>
					<row3>	0.0379 0.1220 1.0383 1.0000	</row3>
				</transform>
			</node>
			<node>
				<identifier>	MP_BM038_Helmets	</identifier>
				<transform>
					<row0>	0.6057 0.0000 0.7957 0.0000	</row0>
					<row1>	0.0000 1.0000 0.0000 0.0000	</row1>
					<row2>	-0.7957 0.0000 0.6057 0.0000	</row2>
					<row3>	-0.0283 0.3017 1.9455 1.0000	</row3>
				</transform>
			</node>
			<node>
				<identifier>	MP_BM038_Helmets_INDEX_1	</identifier>
				<transform>
					<row0>	1.0000 0.0000 0.0000 0.0000	</row0>
					<row1>	0.0000 1.0000 0.0000 0.0000	</row1>
					<row2>	0.0000 0.0000 1.0000 0.0000	</row2>
					<row3>	-0.0460 0.4335 1.5420 1.0000	</row3>
				</transform>
			</node>
			<node>
				<identifier>	MP_BM054_Artillery_shell_102mm	</identifier>
				<transform>
					<row0>	0.9678 0.0000 0.2517 0.0000	</row0>
					<row1>	0.0000 1.0000 0.0000 0.0000	</row1>
					<row2>	-0.2517 0.0000 0.9678 0.0000	</row2>
					<row3>	0.1922 0.4031 1.7861 1.0000	</row3>
				</transform>
			</node>
			<node>
				<identifier>	MP_BM054_Artillery_shell_102mm_INDEX_1	</identifier>
				<transform>
					<row0>	-0.9986 0.0000 0.0538 0.0000	</row0>
					<row1>	0.0000 1.0000 0.0000 0.0000	</row1>
					<row2>	-0.0538 0.0000 -0.9986 0.0000	</row2>
					<row3>	-0.2558 0.2535 1.8886 1.0000	</row3>
				</transform>
			</node>
			<node>
				<identifier>	MP_BM054_Artillery_shell_102mm_INDEX_10	</identifier>
				<transform>
					<row0>	0.9990 0.0000 0.0453 0.0000	</row0>
					<row1>	0.0000 1.0000 0.0000 0.0000	</row1>
					<row2>	-0.0453 0.0000 0.9990 0.0000	</row2>
					<row3>	0.2546 0.2540 1.9184 1.0000	</row3>
				</transform>
			</node>
			<node>
				<identifier>	MP_BM054_Artillery_shell_102mm_INDEX_11	</identifier>
				<transform>
					<row0>	0.6757 0.0000 0.7372 0.0000	</row0>
					<row1>	0.0000 1.0000 0.0000 0.0000	</row1>
					<row2>	-0.7372 0.0000 0.6757 0.0000	</row2>
					<row3>	0.1357 0.4031 1.8765 1.0000	</row3>
				</transform>
			</node>
			<node>
				<identifier>	MP_BM054_Artillery_shell_102mm_INDEX_12	</identifier>
				<transform>
					<row0>	0.9992 0.0000 -0.0392 0.0000	</row0>
					<row1>	0.0000 1.0000 0.0000 0.0000	</row1>
					<row2>	0.0392 0.0000 0.9992 0.0000	</row2>
					<row3>	0.1768 0.4031 1.6069 1.0000	</row3>
				</transform>
			</node>
			<node>
				<identifier>	MP_BM054_Artillery_shell_102mm_INDEX_13	</identifier>
				<transform>
					<row0>	-0.9971 0.0000 0.0763 0.0000	</row0>
					<row1>	0.0000 1.0000 0.0000 0.0000	</row1>
					<row2>	-0.0763 0.0000 -0.9971 0.0000	</row2>
					<row3>	-0.2447 0.2570 2.1033 1.0000	</row3>
				</transform>
			</node>
			<node>
				<identifier>	MP_BM054_Artillery_shell_102mm_INDEX_14	</identifier>
				<transform>
					<row0>	0.9971 0.0000 0.0760 0.0000	</row0>
					<row1>	0.0000 1.0000 0.0000 0.0000	</row1>
					<row2>	-0.0760 0.0000 0.9971 0.0000	</row2>
					<row3>	0.2474 0.2565 2.0620 1.0000	</row3>
				</transform>
			</node>
			<node>
				<identifier>	MP_BM054_Artillery_shell_102mm_INDEX_15	</identifier>
				<transform>
					<row0>	-0.9992 0.0000 -0.0392 0.0000	</row0>
					<row1>	0.0000 1.0000 0.0000 0.0000	</row1>
					<row2>	0.0392 0.0000 -0.9992 0.0000	</row2>
					<row3>	-0.1768 0.4031 1.6069 1.0000	</row3>
				</transform>
			</node>
			<node>
				<identifier>	MP_BM054_Artillery_shell_102mm_INDEX_16	</identifier>
				<transform>
					<row0>	-0.9977 0.0000 -0.0671 0.0000	</row0>
					<row1>	0.0000 1.0000 0.0000 0.0000	</row1>
					<row2>	0.0671 0.0000 -0.9977 0.0000	</row2>
					<row3>	-0.1971 0.4031 1.6996 1.0000	</row3>
				</transform>
			</node>
			<node>
				<identifier>	MP_BM054_Artillery_shell_102mm_INDEX_17	</identifier>
				<transform>
					<row0>	-0.6757 0.0000 0.7372 0.0000	</row0>
					<row1>	0.0000 1.0000 0.0000 0.0000	</row1>
					<row2>	-0.7372 0.0000 -0.6757 0.0000	</row2>
					<row3>	-0.1357 0.4031 1.8765 1.0000	</row3>
				</transform>
			</node>
			<node>
				<identifier>	MP_BM054_Artillery_shell_102mm_INDEX_18	</identifier>
				<transform>
					<row0>	0.9973 0.0000 0.0738 0.0000	</row0>
					<row1>	0.0000 1.0000 0.0000 0.0000	</row1>
					<row2>	-0.0738 0.0000 0.9973 0.0000	</row2>
					<row3>	0.2367 0.2601 2.2143 1.0000	</row3>
				</transform>
			</node>
			<node>
				<identifier>	MP_BM054_Artillery_shell_102mm_INDEX_19	</identifier>
				<transform>
					<row0>	-0.9990 0.0000 0.0453 0.0000	</row0>
					<row1>	0.0000 1.0000 0.0000 0.0000	</row1>
					<row2>	-0.0453 0.0000 -0.9990 0.0000	</row2>
					<row3>	-0.2546 0.2540 1.9184 1.0000	</row3>
				</transform>
			</node>
			<node>
				<identifier>	MP_BM054_Artillery_shell_102mm_INDEX_2	</identifier>
				<transform>
					<row0>	0.9954 0.0000 0.0959 0.0000	</row0>
					<row1>	0.0000 1.0000 0.0000 0.0000	</row1>
					<row2>	-0.0959 0.0000 0.9954 0.0000	</row2>
					<row3>	0.2232 0.2640 2.3597 1.0000	</row3>
				</transform>
			</node>
			<node>
				<identifier>	MP_BM054_Artillery_shell_102mm_INDEX_20	</identifier>
				<transform>
					<row0>	0.9994 0.0000 0.0337 0.0000	</row0>
					<row1>	0.0000 1.0000 0.0000 0.0000	</row1>
					<row2>	-0.0337 0.0000 0.9994 0.0000	</row2>
					<row3>	0.2630 0.2507 1.7200 1.0000	</row3>
				</transform>
			</node>
			<node>
				<identifier>	MP_BM054_Artillery_shell_102mm_INDEX_21	</identifier>
				<transform>
					<row0>	-0.9957 0.0000 0.0928 0.0000	</row0>
					<row1>	0.0000 1.0000 0.0000 0.0000	</row1>
					<row2>	-0.0928 0.0000 -0.9957 0.0000	</row2>
					<row3>	-0.2214 0.2644 2.3753 1.0000	</row3>
				</transform>
			</node>
			<node>
				<identifier>	MP_BM054_Artillery_shell_102mm_INDEX_22	</identifier>
				<transform>
					<row0>	0.9957 0.0000 0.0928 0.0000	</row0>
					<row1>	0.0000 1.0000 0.0000 0.0000	</row1>
					<row2>	-0.0928 0.0000 0.9957 0.0000	</row2>
					<row3>	0.2214 0.2644 2.3753 1.0000	</row3>
				</transform>
			</node>
			<node>
				<identifier>	MP_BM054_Artillery_shell_102mm_INDEX_23	</identifier>
				<transform>
					<row0>	0.0000 0.0000 1.0000 0.0000	</row0>
					<row1>	0.0000 1.0000 0.0000 0.0000	</row1>
					<row2>	-1.0000 0.0000 0.0000 0.0000	</row2>
					<row3>	-0.0084 0.4031 1.9675 1.0000	</row3>
				</transform>
			</node>
			<node>
				<identifier>	MP_BM054_Artillery_shell_102mm_INDEX_24	</identifier>
				<transform>
					<row0>	-0.9971 0.0000 0.0760 0.0000	</row0>
					<row1>	0.0000 1.0000 0.0000 0.0000	</row1>
					<row2>	-0.0760 0.0000 -0.9971 0.0000	</row2>
					<row3>	-0.2474 0.2565 2.0620 1.0000	</row3>
				</transform>
			</node>
			<node>
				<identifier>	MP_BM054_Artillery_shell_102mm_INDEX_25	</identifier>
				<transform>
					<row0>	-0.8212 0.0000 0.5707 0.0000	</row0>
					<row1>	0.0000 1.0000 0.0000 0.0000	</row1>
					<row2>	-0.5707 0.0000 -0.8212 0.0000	</row2>
					<row3>	-0.0803 0.4031 1.9471 1.0000	</row3>
				</transform>
			</node>
			<node>
				<identifier>	MP_BM054_Artillery_shell_102mm_INDEX_26	</identifier>
				<transform>
					<row0>	0.9969 0.0000 0.0790 0.0000	</row0>
					<row1>	0.0000 1.0000 0.0000 0.0000	</row1>
					<row2>	-0.0790 0.0000 0.9969 0.0000	</row2>
					<row3>	0.2394 0.2588 2.1755 1.0000	</row3>
				</transform>
			</node>
			<node>
				<identifier>	MP_BM054_Artillery_shell_102mm_INDEX_27	</identifier>
				<transform>
					<row0>	0.0000 0.0000 1.0000 0.0000	</row0>
					<row1>	0.0000 1.0000 0.0000 0.0000	</row1>
					<row2>	-1.0000 0.0000 0.0000 0.0000	</row2>
					<row3>	-0.0122 0.4031 1.9374 1.0000	</row3>
				</transform>
			</node>
			<node>
				<identifier>	MP_BM054_Artillery_shell_102mm_INDEX_28	</identifier>
				<transform>
					<row0>	-0.9990 0.0000 0.0447 0.0000	</row0>
					<row1>	0.0000 1.0000 0.0000 0.0000	</row1>
					<row2>	-0.0447 0.0000 -0.9990 0.0000	</row2>
					<row3>	-0.2509 0.2552 2.0034 1.0000	</row3>
				</transform>
			</node>
			<node>
				<identifier>	MP_BM054_Artillery_shell_102mm_INDEX_29	</identifier>
				<transform>
					<row0>	0.9946 0.0000 0.1033 0.0000	</row0>
					<row1>	0.0000 1.0000 0.0000 0.0000	</row1>
					<row2>	-0.1033 0.0000 0.9946 0.0000	</row2>
					<row3>	0.2313 0.2614 2.2733 1.0000	</row3>
				</transform>
			</node>
			<node>
				<identifier>	MP_BM054_Artillery_shell_102mm_INDEX_3	</identifier>
				<transform>
					<row0>	-0.9992 0.0000 -0.0392 0.0000	</row0>
					<row1>	0.0000 1.0000 0.0000 0.0000	</row1>
					<row2>	0.0392 0.0000 -0.9992 0.0000	</row2>
					<row3>	-0.1753 0.4031 1.5653 1.0000	</row3>
				</transform>
			</node>
			<node>
				<identifier>	MP_BM054_Artillery_shell_102mm_INDEX_30	</identifier>
				<transform>
					<row0>	0.9998 0.0000 -0.0212 0.0000	</row0>
					<row1>	0.0000 1.0000 0.0000 0.0000	</row1>
					<row2>	0.0212 0.0000 0.9998 0.0000	</row2>
					<row3>	0.1982 0.4031 1.7339 1.0000	</row3>
				</transform>
			</node>
			<node>
				<identifier>	MP_BM054_Artillery_shell_102mm_INDEX_31	</identifier>
				<transform>
					<row0>	0.9977 0.0000 -0.0671 0.0000	</row0>
					<row1>	0.0000 1.0000 0.0000 0.0000	</row1>
					<row2>	0.0671 0.0000 0.9977 0.0000	</row2>
					<row3>	0.1971 0.4031 1.6996 1.0000	</row3>
				</transform>
			</node>
			<node>
				<identifier>	MP_BM054_Artillery_shell_102mm_INDEX_32	</identifier>
				<transform>
					<row0>	0.9990 0.0000 0.0437 0.0000	</row0>
					<row1>	0.0000 1.0000 0.0000 0.0000	</row1>
					<row2>	-0.0437 0.0000 0.9990 0.0000	</row2>
					<row3>	0.2587 0.2523 1.8220 1.0000	</row3>
				</transform>
			</node>
			<node>
				<identifier>	MP_BM054_Artillery_shell_102mm_INDEX_33	</identifier>
				<transform>
					<row0>	0.0000 0.0000 1.0000 0.0000	</row0>
					<row1>	0.0000 1.0000 0.0000 0.0000	</row1>
					<row2>	-1.0000 0.0000 0.0000 0.0000	</row2>
					<row3>	0.0358 0.4031 1.9374 1.0000	</row3>
				</transform>
			</node>
			<node>
				<identifier>	MP_BM054_Artillery_shell_102mm_INDEX_34	</identifier>
				<transform>
					<row0>	-0.9946 0.0000 0.1033 0.0000	</row0>
					<row1>	0.0000 1.0000 0.0000 0.0000	</row1>
					<row2>	-0.1033 0.0000 -0.9946 0.0000	</row2>
					<row3>	-0.2313 0.2614 2.2733 1.0000	</row3>
				</transform>
			</node>
			<node>
				<identifier>	MP_BM054_Artillery_shell_102mm_INDEX_35	</identifier>
				<transform>
					<row0>	0.9971 0.0000 0.0763 0.0000	</row0>
					<row1>	0.0000 1.0000 0.0000 0.0000	</row1>
					<row2>	-0.0763 0.0000 0.9971 0.0000	</row2>
					<row3>	0.2447 0.2570 2.1033 1.0000	</row3>
				</transform>
			</node>
			<node>
				<identifier>	MP_BM054_Artillery_shell_102mm_INDEX_36	</identifier>
				<transform>
					<row0>	0.0000 0.0000 1.0000 0.0000	</row0>
					<row1>	0.0000 1.0000 0.0000 0.0000	</row1>
					<row2>	-1.0000 0.0000 0.0000 0.0000	</row2>
					<row3>	-0.0529 0.4031 1.9679 1.0000	</row3>
				</transform>
			</node>
			<node>
				<identifier>	MP_BM054_Artillery_shell_102mm_INDEX_37	</identifier>
				<transform>
					<row0>	-0.9946 0.0000 0.1037 0.0000	</row0>
					<row1>	0.0000 1.0000 0.0000 0.0000	</row1>
					<row2>	-0.1037 0.0000 -0.9946 0.0000	</row2>
					<row3>	-0.2278 0.2624 2.3099 1.0000	</row3>
				</transform>
			</node>
			<node>
				<identifier>	MP_BM054_Artillery_shell_102mm_INDEX_38	</identifier>
				<transform>
					<row0>	0.8212 0.0000 0.5707 0.0000	</row0>
					<row1>	0.0000 1.0000 0.0000 0.0000	</row1>
					<row2>	-0.5707 0.0000 0.8212 0.0000	</row2>
					<row3>	0.1041 0.4031 1.9136 1.0000	</row3>
				</transform>
			</node>
			<node>
				<identifier>	MP_BM054_Artillery_shell_102mm_INDEX_39	</identifier>
				<transform>
					<row0>	-0.9954 0.0000 0.0959 0.0000	</row0>
					<row1>	0.0000 1.0000 0.0000 0.0000	</row1>
					<row2>	-0.0959 0.0000 -0.9954 0.0000	</row2>
					<row3>	-0.2232 0.2640 2.3597 1.0000	</row3>
				</transform>
			</node>
			<node>
				<identifier>	MP_BM054_Artillery_shell_102mm_INDEX_4	</identifier>
				<transform>
					<row0>	-0.9973 0.0000 0.0738 0.0000	</row0>
					<row1>	0.0000 1.0000 0.0000 0.0000	</row1>
					<row2>	-0.0738 0.0000 -0.9973 0.0000	</row2>
					<row3>	-0.2367 0.2601 2.2143 1.0000	</row3>
				</transform>
			</node>
			<node>
				<identifier>	MP_BM054_Artillery_shell_102mm_INDEX_40	</identifier>
				<transform>
					<row0>	0.9986 0.0000 0.0538 0.0000	</row0>
					<row1>	0.0000 1.0000 0.0000 0.0000	</row1>
					<row2>	-0.0538 0.0000 0.9986 0.0000	</row2>
					<row3>	0.2558 0.2535 1.8886 1.0000	</row3>
				</transform>
			</node>
			<node>
				<identifier>	MP_BM054_Artillery_shell_102mm_INDEX_41	</identifier>
				<transform>
					<row0>	0.0000 0.0000 1.0000 0.0000	</row0>
					<row1>	0.0000 1.0000 0.0000 0.0000	</row1>
					<row2>	-1.0000 0.0000 0.0000 0.0000	</row2>
					<row3>	0.0088 0.4031 1.9674 1.0000	</row3>
				</transform>
			</node>
			<node>
				<identifier>	MP_BM054_Artillery_shell_102mm_INDEX_42	</identifier>
				<transform>
					<row0>	0.9992 0.0000 -0.0392 0.0000	</row0>
					<row1>	0.0000 1.0000 0.0000 0.0000	</row1>
					<row2>	0.0392 0.0000 0.9992 0.0000	</row2>
					<row3>	0.1753 0.4031 1.5653 1.0000	</row3>
				</transform>
			</node>
			<node>
				<identifier>	MP_BM054_Artillery_shell_102mm_INDEX_43	</identifier>
				<transform>
					<row0>	-0.8212 0.0000 0.5707 0.0000	</row0>
					<row1>	0.0000 1.0000 0.0000 0.0000	</row1>
					<row2>	-0.5707 0.0000 -0.8212 0.0000	</row2>
					<row3>	-0.1041 0.4031 1.9136 1.0000	</row3>
				</transform>
			</node>
			<node>
				<identifier>	MP_BM054_Artillery_shell_102mm_INDEX_44	</identifier>
				<transform>
					<row0>	-0.9453 0.0000 -0.3263 0.0000	</row0>
					<row1>	0.0000 1.0000 0.0000 0.0000	</row1>
					<row2>	0.3263 0.0000 -0.9453 0.0000	</row2>
					<row3>	-0.1874 0.4031 1.6552 1.0000	</row3>
				</transform>
			</node>
			<node>
				<identifier>	MP_BM054_Artillery_shell_102mm_INDEX_45	</identifier>
				<transform>
					<row0>	-0.9678 0.0000 0.2517 0.0000	</row0>
					<row1>	0.0000 1.0000 0.0000 0.0000	</row1>
					<row2>	-0.2517 0.0000 -0.9678 0.0000	</row2>
					<row3>	-0.1922 0.4031 1.7861 1.0000	</row3>
				</transform>
			</node>
			<node>
				<identifier>	MP_BM054_Artillery_shell_102mm_INDEX_46	</identifier>
				<transform>
					<row0>	-0.9969 0.0000 0.0790 0.0000	</row0>
					<row1>	0.0000 1.0000 0.0000 0.0000	</row1>
					<row2>	-0.0790 0.0000 -0.9969 0.0000	</row2>
					<row3>	-0.2394 0.2588 2.1755 1.0000	</row3>
				</transform>
			</node>
			<node>
				<identifier>	MP_BM054_Artillery_shell_102mm_INDEX_47	</identifier>
				<transform>
					<row0>	-0.9998 0.0000 0.0216 0.0000	</row0>
					<row1>	0.0000 1.0000 0.0000 0.0000	</row1>
					<row2>	-0.0216 0.0000 -0.9998 0.0000	</row2>
					<row3>	-0.2645 0.2500 1.6623 1.0000	</row3>
				</transform>
			</node>
			<node>
				<identifier>	MP_BM054_Artillery_shell_102mm_INDEX_48	</identifier>
				<transform>
					<row0>	0.0000 0.0000 1.0000 0.0000	</row0>
					<row1>	0.0000 1.0000 0.0000 0.0000	</row1>
					<row2>	-1.0000 0.0000 0.0000 0.0000	</row2>
					<row3>	0.0589 0.4031 1.9677 1.0000	</row3>
				</transform>
			</node>
			<node>
				<identifier>	MP_BM054_Artillery_shell_102mm_INDEX_49	</identifier>
				<transform>
					<row0>	-0.9994 0.0000 0.0337 0.0000	</row0>
					<row1>	0.0000 1.0000 0.0000 0.0000	</row1>
					<row2>	-0.0337 0.0000 -0.9994 0.0000	</row2>
					<row3>	-0.2630 0.2507 1.7200 1.0000	</row3>
				</transform>
			</node>
			<node>
				<identifier>	MP_BM054_Artillery_shell_102mm_INDEX_5	</identifier>
				<transform>
					<row0>	0.9453 0.0000 -0.3263 0.0000	</row0>
					<row1>	0.0000 1.0000 0.0000 0.0000	</row1>
					<row2>	0.3263 0.0000 0.9453 0.0000	</row2>
					<row3>	0.1874 0.4031 1.6552 1.0000	</row3>
				</transform>
			</node>
			<node>
				<identifier>	MP_BM054_Artillery_shell_102mm_INDEX_50	</identifier>
				<transform>
					<row0>	-0.9990 0.0000 0.0437 0.0000	</row0>
					<row1>	0.0000 1.0000 0.0000 0.0000	</row1>
					<row2>	-0.0437 0.0000 -0.9990 0.0000	</row2>
					<row3>	-0.2587 0.2523 1.8220 1.0000	</row3>
				</transform>
			</node>
			<node>
				<identifier>	MP_BM054_Artillery_shell_102mm_INDEX_51	</identifier>
				<transform>
					<row0>	0.9998 0.0000 0.0216 0.0000	</row0>
					<row1>	0.0000 1.0000 0.0000 0.0000	</row1>
					<row2>	-0.0216 0.0000 0.9998 0.0000	</row2>
					<row3>	0.2645 0.2500 1.6623 1.0000	</row3>
				</transform>
			</node>
			<node>
				<identifier>	MP_BM054_Artillery_shell_102mm_INDEX_6	</identifier>
				<transform>
					<row0>	0.9946 0.0000 0.1037 0.0000	</row0>
					<row1>	0.0000 1.0000 0.0000 0.0000	</row1>
					<row2>	-0.1037 0.0000 0.9946 0.0000	</row2>
					<row3>	0.2278 0.2624 2.3099 1.0000	</row3>
				</transform>
			</node>
			<node>
				<identifier>	MP_BM054_Artillery_shell_102mm_INDEX_7	</identifier>
				<transform>
					<row0>	0.8212 0.0000 0.5707 0.0000	</row0>
					<row1>	0.0000 1.0000 0.0000 0.0000	</row1>
					<row2>	-0.5707 0.0000 0.8212 0.0000	</row2>
					<row3>	0.0803 0.4031 1.9471 1.0000	</row3>
				</transform>
			</node>
			<node>
				<identifier>	MP_BM054_Artillery_shell_102mm_INDEX_8	</identifier>
				<transform>
					<row0>	-0.9998 0.0000 -0.0212 0.0000	</row0>
					<row1>	0.0000 1.0000 0.0000 0.0000	</row1>
					<row2>	0.0212 0.0000 -0.9998 0.0000	</row2>
					<row3>	-0.1982 0.4031 1.7339 1.0000	</row3>
				</transform>
			</node>
			<node>
				<identifier>	MP_BM054_Artillery_shell_102mm_INDEX_9	</identifier>
				<transform>
					<row0>	0.9990 0.0000 0.0447 0.0000	</row0>
					<row1>	0.0000 1.0000 0.0000 0.0000	</row1>
					<row2>	-0.0447 0.0000 0.9990 0.0000	</row2>
					<row3>	0.2509 0.2552 2.0034 1.0000	</row3>
				</transform>
			</node>
			<node>
				<identifier>	MP_BM507_Whaler_27ft	</identifier>
				<transform>
					<row0>	0.9418 0.0000 0.0000 0.0000	</row0>
					<row1>	0.0000 0.9418 0.0000 0.0000	</row1>
					<row2>	0.0000 0.0000 0.9418 0.0000	</row2>
					<row3>	-0.2001 0.2514 0.7678 1.0000	</row3>
				</transform>
			</node>
			<node>
				<identifier>	MP_BM507_Whaler_27ft_INDEX_1	</identifier>
				<transform>
					<row0>	1.0000 0.0000 0.0000 0.0000	</row0>
					<row1>	0.0000 1.0000 0.0000 0.0000	</row1>
					<row2>	0.0000 0.0000 1.0000 0.0000	</row2>
					<row3>	0.2086 0.2489 0.7516 1.0000	</row3>
				</transform>
			</node>
			<node>
				<identifier>	MP_BM509_Liferaft_type_20_10ft	</identifier>
				<transform>
					<row0>	0.0000 0.0000 1.0000 0.0000	</row0>
					<row1>	0.0000 1.0000 0.0000 0.0000	</row1>
					<row2>	-1.0000 0.0000 0.0000 0.0000	</row2>
					<row3>	0.0000 0.2570 -0.2573 1.0000	</row3>
				</transform>
			</node>
			<node>
				<identifier>	MP_BM509_Liferaft_type_20_10ft_INDEX_1	</identifier>
				<transform>
					<row0>	0.0000 0.0000 1.0000 0.0000	</row0>
					<row1>	0.0000 1.0000 0.0000 0.0000	</row1>
					<row2>	-1.0000 0.0000 0.0000 0.0000	</row2>
					<row3>	0.0000 0.2816 -0.2573 1.0000	</row3>
				</transform>
			</node>
			<node>
				<identifier>	MP_BM528_Dinghy_16ft	</identifier>
				<transform>
					<row0>	1.0000 0.0000 0.0000 0.0000	</row0>
					<row1>	0.0000 1.0000 0.0000 0.0000	</row1>
					<row2>	0.0000 0.0000 1.0000 0.0000	</row2>
					<row3>	0.2079 0.1295 0.7424 1.0000	</row3>
				</transform>
			</node>
			<node>
				<identifier>	MP_BM534_20ft_motor_boat	</identifier>
				<transform>
					<row0>	1.0000 0.0000 0.0000 0.0000	</row0>
					<row1>	0.0000 1.0000 0.0000 0.0000	</row1>
					<row2>	0.0000 0.0000 1.0000 0.0000	</row2>
					<row3>	0.1930 0.2520 0.2346 1.0000	</row3>
				</transform>
			</node>
			<node>
				<identifier>	MP_BM602_Pelorus	</identifier>
				<transform>
					<row0>	1.0000 0.0000 0.0000 0.0000	</row0>
					<row1>	0.0000 1.0000 0.0000 0.0000	</row1>
					<row2>	0.0000 0.0000 1.0000 0.0000	</row2>
					<row3>	0.0591 0.6040 1.5041 1.0000	</row3>
				</transform>
			</node>
			<node>
				<identifier>	MP_BM603_Compass_Binnacle	</identifier>
				<transform>
					<row0>	1.0000 0.0000 0.0000 0.0000	</row0>
					<row1>	0.0000 1.0000 0.0000 0.0000	</row1>
					<row2>	0.0000 0.0000 1.0000 0.0000	</row2>
					<row3>	0.0000 0.4352 1.4838 1.0000	</row3>
				</transform>
			</node>
			<node>
				<identifier>	MP_BM603_Compass_Binnacle_INDEX_1	</identifier>
				<transform>
					<row0>	1.0000 0.0000 0.0000 0.0000	</row0>
					<row1>	0.0000 1.0000 0.0000 0.0000	</row1>
					<row2>	0.0000 0.0000 1.0000 0.0000	</row2>
					<row3>	0.0000 0.6109 1.4917 1.0000	</row3>
				</transform>
			</node>
			<node>
				<identifier>	MP_BM604_Voice_Tube	</identifier>
				<transform>
					<row0>	1.0000 0.0000 0.0000 0.0000	</row0>
					<row1>	0.0000 1.0000 0.0000 0.0000	</row1>
					<row2>	0.0000 0.0000 1.0000 0.0000	</row2>
					<row3>	0.0439 0.4366 1.4787 1.0000	</row3>
				</transform>
			</node>
			<node>
				<identifier>	MP_BM604_Voice_Tube_INDEX_1	</identifier>
				<transform>
					<row0>	-0.2588 0.0000 0.9659 0.0000	</row0>
					<row1>	0.0000 1.0000 0.0000 0.0000	</row1>
					<row2>	-0.9659 0.0000 -0.2588 0.0000	</row2>
					<row3>	-0.0615 0.2689 1.9721 1.0000	</row3>
				</transform>
			</node>
			<node>
				<identifier>	MP_BM604_Voice_Tube_INDEX_2	</identifier>
				<transform>
					<row0>	-0.9971 0.0000 0.0761 0.0000	</row0>
					<row1>	0.0000 1.0000 0.0000 0.0000	</row1>
					<row2>	-0.0761 0.0000 -0.9971 0.0000	</row2>
					<row3>	-0.0227 0.5836 1.1019 1.0000	</row3>
				</transform>
			</node>
			<node>
				<identifier>	MP_BM604_Voice_Tube_INDEX_3	</identifier>
				<transform>
					<row0>	1.0000 0.0000 0.0000 0.0000	</row0>
					<row1>	0.0000 1.0000 0.0000 0.0000	</row1>
					<row2>	0.0000 0.0000 1.0000 0.0000	</row2>
					<row3>	0.0000 1.2231 1.0613 1.0000	</row3>
				</transform>
			</node>
			<node>
				<identifier>	MP_BM604_Voice_Tube_INDEX_4	</identifier>
				<transform>
					<row0>	1.0000 0.0000 0.0000 0.0000	</row0>
					<row1>	0.0000 1.0000 0.0000 0.0000	</row1>
					<row2>	0.0000 0.0000 1.0000 0.0000	</row2>
					<row3>	0.0228 0.6108 1.4767 1.0000	</row3>
				</transform>
			</node>
			<node>
				<identifier>	MP_BM604_Voice_Tube_INDEX_5	</identifier>
				<transform>
					<row0>	1.0000 0.0000 0.0000 0.0000	</row0>
					<row1>	0.0000 1.0000 0.0000 0.0000	</row1>
					<row2>	0.0000 0.0000 1.0000 0.0000	</row2>
					<row3>	-0.0439 0.4366 1.4787 1.0000	</row3>
				</transform>
			</node>
			<node>
				<identifier>	MP_BM607_Telegraph_Engine_R	</identifier>
				<transform>
					<row0>	0.7071 0.0000 0.7071 0.0000	</row0>
					<row1>	0.0000 1.0000 0.0000 0.0000	</row1>
					<row2>	-0.7071 0.0000 0.7071 0.0000	</row2>
					<row3>	0.0280 0.4324 1.4631 1.0000	</row3>
				</transform>
			</node>
			<node>
				<identifier>	MP_BM625_Telephone	</identifier>
				<transform>
					<row0>	0.3151 0.0000 -0.9491 0.0000	</row0>
					<row1>	0.0000 1.0000 0.0000 0.0000	</row1>
					<row2>	0.9491 0.0000 0.3151 0.0000	</row2>
					<row3>	0.1139 0.6618 1.4148 1.0000	</row3>
				</transform>
			</node>
			<node>
				<identifier>	MP_BM625_Telephone_INDEX_1	</identifier>
				<transform>
					<row0>	0.3151 0.0000 0.9491 0.0000	</row0>
					<row1>	0.0000 1.0000 0.0000 0.0000	</row1>
					<row2>	-0.9491 0.0000 0.3151 0.0000	</row2>
					<row3>	-0.1175 0.6618 1.4042 1.0000	</row3>
				</transform>
			</node>
			<node>
				<identifier>	MP_BM629_Telegraph_Engine_L	</identifier>
				<transform>
					<row0>	1.0000 0.0000 0.0000 0.0000	</row0>
					<row1>	0.0000 1.0000 0.0000 0.0000	</row1>
					<row2>	0.0000 0.0000 1.0000 0.0000	</row2>
					<row3>	-0.0636 0.4324 1.4631 1.0000	</row3>
				</transform>
			</node>
			<node>
				<identifier>	MP_BM629_Telegraph_Engine_L_INDEX_1	</identifier>
				<transform>
					<row0>	0.7071 0.0000 -0.7071 0.0000	</row0>
					<row1>	0.0000 1.0000 0.0000 0.0000	</row1>
					<row2>	0.7071 0.0000 0.7071 0.0000	</row2>
					<row3>	-0.0284 0.4324 1.4631 1.0000	</row3>
				</transform>
			</node>
			<node>
				<identifier>	MP_BM710_Flag_box	</identifier>
				<transform>
					<row0>	-0.5605 0.0000 0.8282 0.0000	</row0>
					<row1>	0.0000 1.0000 0.0000 0.0000	</row1>
					<row2>	-0.8282 0.0000 -0.5605 0.0000	</row2>
					<row3>	0.2232 0.4367 1.3692 1.0000	</row3>
				</transform>
			</node>
			<node>
				<identifier>	MP_BM710_Flag_box_INDEX_1	</identifier>
				<transform>
					<row0>	-0.5538 0.0000 0.8327 0.0000	</row0>
					<row1>	0.0000 1.0000 0.0000 0.0000	</row1>
					<row2>	-0.8327 0.0000 -0.5538 0.0000	</row2>
					<row3>	0.1669 0.4367 1.4517 1.0000	</row3>
				</transform>
			</node>
			<node>
				<identifier>	MP_BM710_Flag_box_INDEX_2	</identifier>
				<transform>
					<row0>	-0.5538 0.0000 -0.8327 0.0000	</row0>
					<row1>	0.0000 1.0000 0.0000 0.0000	</row1>
					<row2>	0.8327 0.0000 -0.5538 0.0000	</row2>
					<row3>	-0.1669 0.4367 1.4517 1.0000	</row3>
				</transform>
			</node>
			<node>
				<identifier>	MP_BM710_Flag_box_INDEX_3	</identifier>
				<transform>
					<row0>	-0.5605 0.0000 -0.8282 0.0000	</row0>
					<row1>	0.0000 1.0000 0.0000 0.0000	</row1>
					<row2>	0.8282 0.0000 -0.5605 0.0000	</row2>
					<row3>	-0.2232 0.4367 1.3692 1.0000	</row3>
				</transform>
			</node>
			<node>
				<identifier>	MP_BM715_Locker	</identifier>
				<transform>
					<row0>	1.0000 0.0000 0.0000 0.0000	</row0>
					<row1>	0.0000 1.0000 0.0000 0.0000	</row1>
					<row2>	0.0000 0.0000 1.0000 0.0000	</row2>
					<row3>	0.0990 0.1175 -0.1369 1.0000	</row3>
				</transform>
			</node>
			<node>
				<identifier>	MP_BM715_Locker_INDEX_1	</identifier>
				<transform>
					<row0>	-1.0000 0.0000 0.0000 0.0000	</row0>
					<row1>	0.0000 1.0000 0.0000 0.0000	</row1>
					<row2>	0.0000 0.0000 -1.0000 0.0000	</row2>
					<row3>	-0.1772 0.2540 1.6064 1.0000	</row3>
				</transform>
			</node>
			<node>
				<identifier>	MP_BM715_Locker_INDEX_2	</identifier>
				<transform>
					<row0>	1.0000 0.0000 0.0000 0.0000	</row0>
					<row1>	0.0000 1.0000 0.0000 0.0000	</row1>
					<row2>	0.0000 0.0000 1.0000 0.0000	</row2>
					<row3>	0.1772 0.2540 1.6064 1.0000	</row3>
				</transform>
			</node>
			<node>
				<identifier>	MP_BM720_Locker	</identifier>
				<transform>
					<row0>	0.6095 0.0000 0.7928 0.0000	</row0>
					<row1>	0.0000 1.0000 0.0000 0.0000	</row1>
					<row2>	-0.7928 0.0000 0.6095 0.0000	</row2>
					<row3>	-0.0652 0.2662 1.9216 1.0000	</row3>
				</transform>
			</node>
			<node>
				<identifier>	MP_BM720_Locker_INDEX_1	</identifier>
				<transform>
					<row0>	0.0000 0.0000 1.0000 0.0000	</row0>
					<row1>	0.0000 1.0000 0.0000 0.0000	</row1>
					<row2>	-1.0000 0.0000 0.0000 0.0000	</row2>
					<row3>	0.0441 0.4034 1.8873 1.0000	</row3>
				</transform>
			</node>
			<node>
				<identifier>	MP_BM720_Locker_INDEX_2	</identifier>
				<transform>
					<row0>	0.0000 0.0000 1.0000 0.0000	</row0>
					<row1>	0.0000 1.0000 0.0000 0.0000	</row1>
					<row2>	-1.0000 0.0000 0.0000 0.0000	</row2>
					<row3>	-0.0445 0.4034 1.8873 1.0000	</row3>
				</transform>
			</node>
			<node>
				<identifier>	MP_BM720_Locker_INDEX_3	</identifier>
				<transform>
					<row0>	0.6095 0.0000 -0.7928 0.0000	</row0>
					<row1>	0.0000 1.0000 0.0000 0.0000	</row1>
					<row2>	0.7928 0.0000 0.6095 0.0000	</row2>
					<row3>	0.1518 0.2593 1.8098 1.0000	</row3>
				</transform>
			</node>
			<node>
				<identifier>	MP_BM720_Locker_INDEX_4	</identifier>
				<transform>
					<row0>	0.6095 0.0000 -0.7928 0.0000	</row0>
					<row1>	0.0000 1.0000 0.0000 0.0000	</row1>
					<row2>	0.7928 0.0000 0.6095 0.0000	</row2>
					<row3>	0.0652 0.2662 1.9216 1.0000	</row3>
				</transform>
			</node>
			<node>
				<identifier>	MP_BM720_Locker_INDEX_5	</identifier>
				<transform>
					<row0>	0.6095 0.0000 0.7928 0.0000	</row0>
					<row1>	0.0000 1.0000 0.0000 0.0000	</row1>
					<row2>	-0.7928 0.0000 0.6095 0.0000	</row2>
					<row3>	-0.1518 0.2593 1.8098 1.0000	</row3>
				</transform>
			</node>
			<node>
				<identifier>	MP_BM720_Locker_INDEX_6	</identifier>
				<transform>
					<row0>	0.0000 0.0000 1.0000 0.0000	</row0>
					<row1>	0.0000 1.0000 0.0000 0.0000	</row1>
					<row2>	-1.0000 0.0000 0.0000 0.0000	</row2>
					<row3>	-0.0007 0.4034 1.8873 1.0000	</row3>
				</transform>
			</node>
			<node>
				<identifier>	MP_BM764_Hatch	</identifier>
				<transform>
					<row0>	0.0000 0.0000 -1.0000 0.0000	</row0>
					<row1>	0.0000 1.0000 0.0000 0.0000	</row1>
					<row2>	1.0000 0.0000 0.0000 0.0000	</row2>
					<row3>	-0.1285 0.4023 1.5809 1.0000	</row3>
				</transform>
			</node>
			<node>
				<identifier>	MP_BM764_Hatch_INDEX_1	</identifier>
				<transform>
					<row0>	0.0000 0.0000 -1.0000 0.0000	</row0>
					<row1>	0.0000 1.0000 0.0000 0.0000	</row1>
					<row2>	1.0000 0.0000 0.0000 0.0000	</row2>
					<row3>	0.1285 0.4023 1.5809 1.0000	</row3>
				</transform>
			</node>
			<node>
				<identifier>	MP_BM765_24in_round_hatch	</identifier>
				<transform>
					<row0>	-1.0000 0.0000 0.0000 0.0000	</row0>
					<row1>	0.0000 1.0000 0.0000 0.0000	</row1>
					<row2>	0.0000 0.0000 -1.0000 0.0000	</row2>
					<row3>	0.0000 0.1150 0.7458 1.0000	</row3>
				</transform>
			</node>
			<node>
				<identifier>	MP_BM765_24in_round_hatch_INDEX_1	</identifier>
				<transform>
					<row0>	-1.0000 0.0000 0.0000 0.0000	</row0>
					<row1>	0.0000 1.0000 0.0000 0.0000	</row1>
					<row2>	0.0000 0.0000 -1.0000 0.0000	</row2>
					<row3>	0.0000 0.1147 0.6658 1.0000	</row3>
				</transform>
			</node>
			<node>
				<identifier>	MP_BM765_24in_round_hatch_INDEX_2	</identifier>
				<transform>
					<row0>	-1.0000 0.0000 0.0000 0.0000	</row0>
					<row1>	0.0000 1.0000 0.0000 0.0000	</row1>
					<row2>	0.0000 0.0000 -1.0000 0.0000	</row2>
					<row3>	0.0521 0.1122 -0.2286 1.0000	</row3>
				</transform>
			</node>
			<node>
				<identifier>	MP_BM765_24in_round_hatch_INDEX_3	</identifier>
				<transform>
					<row0>	-1.0000 0.0000 0.0000 0.0000	</row0>
					<row1>	0.0000 1.0000 0.0000 0.0000	</row1>
					<row2>	0.0000 0.0000 -1.0000 0.0000	</row2>
					<row3>	-0.0521 0.1122 -0.2286 1.0000	</row3>
				</transform>
			</node>
			<node>
				<identifier>	MP_BM765_24in_round_hatch_INDEX_4	</identifier>
				<transform>
					<row0>	-1.0000 0.0000 0.0000 0.0000	</row0>
					<row1>	0.0000 1.0000 0.0000 0.0000	</row1>
					<row2>	0.0000 0.0000 -1.0000 0.0000	</row2>
					<row3>	0.0521 0.1340 -0.3568 1.0000	</row3>
				</transform>
			</node>
			<node>
				<identifier>	MP_BM765_24in_round_hatch_INDEX_5	</identifier>
				<transform>
					<row0>	-1.0000 0.0000 0.0000 0.0000	</row0>
					<row1>	0.0000 1.0000 0.0000 0.0000	</row1>
					<row2>	0.0000 0.0000 -1.0000 0.0000	</row2>
					<row3>	-0.0641 0.1245 1.5657 1.0000	</row3>
				</transform>
			</node>
			<node>
				<identifier>	MP_BM765_24in_round_hatch_INDEX_6	</identifier>
				<transform>
					<row0>	-1.0819 0.0000 0.0000 0.0000	</row0>
					<row1>	0.0000 1.0819 0.0000 0.0000	</row1>
					<row2>	0.0000 0.0000 -1.0819 0.0000	</row2>
					<row3>	0.0297 0.1250 1.6421 1.0000	</row3>
				</transform>
			</node>
			<node>
				<identifier>	MP_BM765_24in_round_hatch_INDEX_7	</identifier>
				<transform>
					<row0>	-1.0000 0.0000 0.0000 0.0000	</row0>
					<row1>	0.0000 1.0000 0.0000 0.0000	</row1>
					<row2>	0.0000 0.0000 -1.0000 0.0000	</row2>
