<SSD001_Alvaro_de_Bazan_1944_MidBack_ports.visual>
	<node>
		<identifier>	Scene Root	</identifier>
		<transform>
			<row0>	1.0000 0.0000 0.0000 0.0000	</row0>
			<row1>	0.0000 1.0000 0.0000 0.0000	</row1>
			<row2>	0.0000 0.0000 1.0000 0.0000	</row2>
			<row3>	0.0000 0.0000 0.0000 1.0000	</row3>
		</transform>
		<node>
			<identifier>	MidBack_ports	</identifier>
			<transform>
				<row0>	1.0000 0.0000 0.0000 0.0000	</row0>
				<row1>	0.0000 1.0000 0.0000 0.0000	</row1>
				<row2>	0.0000 0.0000 1.0000 0.0000	</row2>
				<row3>	0.0000 0.0000 0.0000 1.0000	</row3>
			</transform>
			<node>
				<identifier>	HP_FX_Death_2	</identifier>
				<transform>
					<row0>	1.0000 0.0000 0.0000 0.0000	</row0>
					<row1>	0.0000 1.0000 0.0000 0.0000	</row1>
					<row2>	0.0000 0.0000 1.0000 0.0000	</row2>
					<row3>	0.0000 0.0000 -0.0209 1.0000	</row3>
				</transform>
			</node>
			<node>
				<identifier>	HP_FX_Fire_3	</identifier>
				<transform>
					<row0>	1.0000 0.0000 0.0000 0.0000	</row0>
					<row1>	0.0000 1.0000 0.0000 0.0000	</row1>
					<row2>	0.0000 0.0000 1.0000 0.0000	</row2>
					<row3>	0.0000 0.3999 -0.9715 1.0000	</row3>
				</transform>
			</node>
			<node>
				<identifier>	HP_FX_Fire_3_side_1	</identifier>
				<transform>
					<row0>	1.0000 0.0000 0.0000 0.0000	</row0>
					<row1>	0.0000 1.0000 0.0000 0.0000	</row1>
					<row2>	0.0000 0.0000 1.0000 0.0000	</row2>
					<row3>	-0.3762 0.3085 -0.5523 1.0000	</row3>
				</transform>
			</node>
			<node>
				<identifier>	HP_FX_Fire_3_side_2	</identifier>
				<transform>
					<row0>	1.0000 0.0000 0.0000 0.0000	</row0>
					<row1>	0.0000 1.0000 0.0000 0.0000	</row1>
					<row2>	0.0000 0.0000 1.0000 0.0000	</row2>
					<row3>	0.3536 0.2243 -1.5753 1.0000	</row3>
				</transform>
			</node>
			<node>
				<identifier>	HP_FX_Flood_steam_2	</identifier>
				<transform>
					<row0>	0.9324 0.3362 -0.1324 0.0000	</row0>
					<row1>	-0.3597 0.8285 -0.4293 0.0000	</row1>
					<row2>	-0.0346 0.4479 0.8934 0.0000	</row2>
					<row3>	-0.0770 0.7956 -0.9015 1.0000	</row3>
				</transform>
			</node>
			<node>
				<identifier>	HP_FX_Flood_steam_exhaust_2	</identifier>
				<transform>
					<row0>	0.8824 -0.4706 0.0000 0.0000	</row0>
					<row1>	0.4706 0.8824 0.0000 0.0000	</row1>
					<row2>	0.0000 0.0000 1.0000 0.0000	</row2>
					<row3>	0.0770 0.7956 -0.9015 1.0000	</row3>
				</transform>
			</node>
			<node>
				<identifier>	HP_FX_Flood_water_left_1	</identifier>
				<transform>
					<row0>	-1.0000 0.0000 0.0000 0.0000	</row0>
					<row1>	0.0000 1.0000 0.0000 0.0000	</row1>
					<row2>	0.0000 0.0000 -1.0000 0.0000	</row2>
					<row3>	-0.4612 0.0850 -1.3734 1.0000	</row3>
				</transform>
			</node>
			<node>
				<identifier>	HP_FX_Flood_water_right_1	</identifier>
				<transform>
					<row0>	1.0000 0.0000 0.0000 0.0000	</row0>
					<row1>	0.0000 1.0000 0.0000 0.0000	</row1>
					<row2>	0.0000 0.0000 1.0000 0.0000	</row2>
					<row3>	0.4612 0.0845 -1.3731 1.0000	</row3>
				</transform>
			</node>
			<node>
				<identifier>	HP_FX_Smoke_2	</identifier>
				<transform>
					<row0>	1.0000 0.0000 0.0000 0.0000	</row0>
					<row1>	0.0000 0.9709 -0.2396 0.0000	</row1>
					<row2>	0.0000 0.2396 0.9709 0.0000	</row2>
					<row3>	0.0000 0.9394 -0.7336 1.0000	</row3>
				</transform>
			</node>
			<node>
				<identifier>	HP_Flagpole	</identifier>
				<transform>
					<row0>	0.4300 0.0000 0.0000 0.0000	</row0>
					<row1>	0.0000 0.4300 0.0000 0.0000	</row1>
					<row2>	0.0000 0.0000 0.4300 0.0000	</row2>
					<row3>	0.0000 1.1437 -1.1901 1.0000	</row3>
				</transform>
			</node>
			<node>
				<identifier>	HP_SD_4	</identifier>
				<transform>
					<row0>	-1.0000 0.0000 0.0000 0.0000	</row0>
					<row1>	0.0000 1.0000 0.0000 0.0000	</row1>
					<row2>	0.0000 0.0000 -1.0000 0.0000	</row2>
					<row3>	0.0000 0.7237 -1.1821 1.0000	</row3>
				</transform>
			</node>
			<node>
				<identifier>	HP_SD_5	</identifier>
				<transform>
					<row0>	0.0000 0.0000 1.0000 0.0000	</row0>
					<row1>	0.0000 1.0000 0.0000 0.0000	</row1>
					<row2>	-1.0000 0.0000 0.0000 0.0000	</row2>
					<row3>	-0.1880 0.5437 -1.2904 1.0000	</row3>
				</transform>
			</node>
			<node>
				<identifier>	HP_SD_6	</identifier>
				<transform>
					<row0>	0.0000 0.0000 -1.0000 0.0000	</row0>
					<row1>	0.0000 1.0000 0.0000 0.0000	</row1>
					<row2>	1.0000 0.0000 0.0000 0.0000	</row2>
					<row3>	0.1880 0.5437 -1.2904 1.0000	</row3>
				</transform>
			</node>
			<node>
				<identifier>	HP_SGA_10	</identifier>
				<transform>
					<row0>	0.0000 0.0000 -1.0000 0.0000	</row0>
					<row1>	0.0000 1.0000 0.0000 0.0000	</row1>
					<row2>	1.0000 0.0000 0.0000 0.0000	</row2>
					<row3>	0.2500 0.3969 -1.1604 1.0000	</row3>
				</transform>
			</node>
			<node>
				<identifier>	HP_SGA_11	</identifier>
				<transform>
					<row0>	0.0000 0.0000 1.0000 0.0000	</row0>
					<row1>	0.0000 1.0000 0.0000 0.0000	</row1>
					<row2>	-1.0000 0.0000 0.0000 0.0000	</row2>
					<row3>	-0.2500 0.3949 -1.4638 1.0000	</row3>
				</transform>
			</node>
			<node>
				<identifier>	HP_SGA_12	</identifier>
				<transform>
					<row0>	0.0000 0.0000 -1.0000 0.0000	</row0>
					<row1>	0.0000 1.0000 0.0000 0.0000	</row1>
					<row2>	1.0000 0.0000 0.0000 0.0000	</row2>
					<row3>	0.2500 0.3949 -1.4638 1.0000	</row3>
				</transform>
			</node>
			<node>
				<identifier>	HP_SGA_9	</identifier>
				<transform>
					<row0>	0.0000 0.0000 1.0000 0.0000	</row0>
					<row1>	0.0000 1.0000 0.0000 0.0000	</row1>
					<row2>	-1.0000 0.0000 0.0000 0.0000	</row2>
					<row3>	-0.2500 0.3969 -1.1604 1.0000	</row3>
				</transform>
			</node>
			<node>
				<identifier>	HP_SGT_2	</identifier>
				<transform>
					<row0>	1.0000 0.0000 0.0000 0.0000	</row0>
					<row1>	0.0000 1.0000 0.0000 0.0000	</row1>
					<row2>	0.0000 0.0000 1.0000 0.0000	</row2>
					<row3>	0.0000 0.2574 -1.9837 1.0000	</row3>
				</transform>
			</node>
			<node>
				<identifier>	HP_Ship_death_1	</identifier>
				<transform>
					<row0>	1.0000 0.0000 0.0000 0.0000	</row0>
					<row1>	0.0000 1.0000 0.0000 0.0000	</row1>
					<row2>	0.0000 0.0000 1.0000 0.0000	</row2>
					<row3>	0.0000 0.0000 0.1393 1.0000	</row3>
				</transform>
			</node>
			<node>
				<identifier>	HP_flag_nation	</identifier>
				<transform>
					<row0>	1.0000 0.0000 0.0000 0.0000	</row0>
					<row1>	0.0000 0.9998 0.0194 0.0000	</row1>
					<row2>	0.0000 -0.0194 0.9998 0.0000	</row2>
					<row3>	0.0006 1.0826 -1.3105 1.0000	</row3>
				</transform>
			</node>
			<node>
				<identifier>	HP_flag_rank	</identifier>
				<transform>
					<row0>	1.0000 0.0000 0.0000 0.0000	</row0>
					<row1>	0.0000 0.9998 0.0194 0.0000	</row1>
					<row2>	0.0000 -0.0194 0.9998 0.0000	</row2>
					<row3>	-0.0006 0.9341 -1.3134 1.0000	</row3>
				</transform>
			</node>
			<node>
				<identifier>	MP_CM011_Fire_Fighting_Gear	</identifier>
				<transform>
					<row0>	0.3827 0.0000 -0.9239 0.0000	</row0>
					<row1>	0.0000 1.0000 0.0000 0.0000	</row1>
					<row2>	0.9239 0.0000 0.3827 0.0000	</row2>
					<row3>	-0.1433 0.2327 -2.6554 1.0000	</row3>
				</transform>
			</node>
			<node>
				<identifier>	MP_CM011_Fire_Fighting_Gear_INDEX_1	</identifier>
				<transform>
					<row0>	0.6088 0.0000 0.7934 0.0000	</row0>
					<row1>	0.0000 1.0000 0.0000 0.0000	</row1>
					<row2>	-0.7934 0.0000 0.6088 0.0000	</row2>
					<row3>	0.1049 0.3945 -1.5069 1.0000	</row3>
				</transform>
			</node>
			<node>
				<identifier>	MP_CM011_Fire_Fighting_Gear_INDEX_2	</identifier>
				<transform>
					<row0>	-0.9239 0.0000 0.3827 0.0000	</row0>
					<row1>	0.0000 1.0000 0.0000 0.0000	</row1>
					<row2>	-0.3827 0.0000 -0.9239 0.0000	</row2>
					<row3>	0.0703 0.4060 -0.4349 1.0000	</row3>
				</transform>
			</node>
			<node>
				<identifier>	MP_CM011_Fire_Fighting_Gear_INDEX_3	</identifier>
				<transform>
					<row0>	0.0000 0.0000 -1.0000 0.0000	</row0>
					<row1>	0.0000 1.0000 0.0000 0.0000	</row1>
					<row2>	1.0000 0.0000 0.0000 0.0000	</row2>
					<row3>	-0.2231 0.2414 -0.6618 1.0000	</row3>
				</transform>
			</node>
			<node>
				<identifier>	MP_CM011_Fire_Fighting_Gear_INDEX_4	</identifier>
				<transform>
					<row0>	0.3827 0.0000 0.9239 0.0000	</row0>
					<row1>	0.0000 1.0000 0.0000 0.0000	</row1>
					<row2>	-0.9239 0.0000 0.3827 0.0000	</row2>
					<row3>	0.1433 0.2327 -2.6554 1.0000	</row3>
				</transform>
			</node>
			<node>
				<identifier>	MP_CM011_Fire_Fighting_Gear_INDEX_5	</identifier>
				<transform>
					<row0>	0.6088 0.0000 -0.7934 0.0000	</row0>
					<row1>	0.0000 1.0000 0.0000 0.0000	</row1>
					<row2>	0.7934 0.0000 0.6088 0.0000	</row2>
					<row3>	-0.1049 0.3945 -1.5069 1.0000	</row3>
				</transform>
			</node>
			<node>
				<identifier>	MP_CM011_Fire_Fighting_Gear_INDEX_6	</identifier>
				<transform>
					<row0>	0.0000 0.0000 1.0000 0.0000	</row0>
					<row1>	0.0000 1.0000 0.0000 0.0000	</row1>
					<row2>	-1.0000 0.0000 0.0000 0.0000	</row2>
					<row3>	0.2231 0.2414 -0.6618 1.0000	</row3>
				</transform>
			</node>
			<node>
				<identifier>	MP_CM012_Fire_Hose_Rack_1	</identifier>
				<transform>
					<row0>	0.7934 0.0000 0.6088 0.0000	</row0>
					<row1>	0.0000 1.0000 0.0000 0.0000	</row1>
					<row2>	-0.6088 0.0000 0.7934 0.0000	</row2>
					<row3>	-0.1164 0.3146 -2.6798 1.0000	</row3>
				</transform>
			</node>
			<node>
				<identifier>	MP_CM012_Fire_Hose_Rack_1_INDEX_1	</identifier>
				<transform>
					<row0>	0.0000 0.0000 -1.0000 0.0000	</row0>
					<row1>	0.0000 1.0000 0.0000 0.0000	</row1>
					<row2>	1.0000 0.0000 0.0000 0.0000	</row2>
					<row3>	0.0860 0.4880 -0.4671 1.0000	</row3>
				</transform>
			</node>
			<node>
				<identifier>	MP_CM012_Fire_Hose_Rack_1_INDEX_2	</identifier>
				<transform>
					<row0>	-0.9239 0.0000 0.3827 0.0000	</row0>
					<row1>	0.0000 1.0000 0.0000 0.0000	</row1>
					<row2>	-0.3827 0.0000 -0.9239 0.0000	</row2>
					<row3>	0.1135 0.4774 -1.4735 1.0000	</row3>
				</transform>
			</node>
			<node>
				<identifier>	MP_CM012_Fire_Hose_Rack_1_INDEX_3	</identifier>
				<transform>
					<row0>	0.9239 0.0000 0.3827 0.0000	</row0>
					<row1>	0.0000 1.0000 0.0000 0.0000	</row1>
					<row2>	-0.3827 0.0000 0.9239 0.0000	</row2>
					<row3>	-0.1135 0.4774 -1.4735 1.0000	</row3>
				</transform>
			</node>
			<node>
				<identifier>	MP_CM012_Fire_Hose_Rack_1_INDEX_4	</identifier>
				<transform>
					<row0>	-0.7934 0.0000 0.6088 0.0000	</row0>
					<row1>	0.0000 1.0000 0.0000 0.0000	</row1>
					<row2>	-0.6088 0.0000 -0.7934 0.0000	</row2>
					<row3>	0.1164 0.3146 -2.6798 1.0000	</row3>
				</transform>
			</node>
			<node>
				<identifier>	MP_CM012_Fire_Hose_Rack_1_INDEX_5	</identifier>
				<transform>
					<row0>	-1.0000 0.0000 0.0000 0.0000	</row0>
					<row1>	0.0000 1.0000 0.0000 0.0000	</row1>
					<row2>	0.0000 0.0000 -1.0000 0.0000	</row2>
					<row3>	0.2133 0.3233 -0.7437 1.0000	</row3>
				</transform>
			</node>
			<node>
				<identifier>	MP_CM012_Fire_Hose_Rack_1_INDEX_6	</identifier>
				<transform>
					<row0>	1.0000 0.0000 0.0000 0.0000	</row0>
					<row1>	0.0000 1.0000 0.0000 0.0000	</row1>
					<row2>	0.0000 0.0000 1.0000 0.0000	</row2>
					<row3>	-0.2133 0.3233 -0.7437 1.0000	</row3>
				</transform>
			</node>
			<node>
				<identifier>	MP_CM014_Fuel_Oil_Hose	</identifier>
				<transform>
					<row0>	1.0000 0.0000 0.0000 0.0000	</row0>
					<row1>	0.0000 1.0000 0.0000 0.0000	</row1>
					<row2>	0.0000 0.0000 1.0000 0.0000	</row2>
					<row3>	-0.2144 0.3245 -0.6286 1.0000	</row3>
				</transform>
			</node>
			<node>
				<identifier>	MP_CM014_Fuel_Oil_Hose_INDEX_1	</identifier>
				<transform>
					<row0>	1.0000 0.0000 0.0000 0.0000	</row0>
					<row1>	0.0000 1.0000 0.0000 0.0000	</row1>
					<row2>	0.0000 0.0000 1.0000 0.0000	</row2>
					<row3>	-0.2144 0.3518 -0.6286 1.0000	</row3>
				</transform>
			</node>
			<node>
				<identifier>	MP_CM014_Fuel_Oil_Hose_INDEX_2	</identifier>
				<transform>
					<row0>	1.0000 0.0000 0.0000 0.0000	</row0>
					<row1>	0.0000 1.0000 0.0000 0.0000	</row1>
					<row2>	0.0000 0.0000 1.0000 0.0000	</row2>
					<row3>	-0.2144 0.3271 -0.4666 1.0000	</row3>
				</transform>
			</node>
			<node>
				<identifier>	MP_CM014_Fuel_Oil_Hose_INDEX_3	</identifier>
				<transform>
					<row0>	-1.0000 0.0000 0.0000 0.0000	</row0>
					<row1>	0.0000 1.0000 0.0000 0.0000	</row1>
					<row2>	0.0000 0.0000 -1.0000 0.0000	</row2>
					<row3>	0.2144 0.3545 -0.4666 1.0000	</row3>
				</transform>
			</node>
			<node>
				<identifier>	MP_CM014_Fuel_Oil_Hose_INDEX_4	</identifier>
				<transform>
					<row0>	-1.0000 0.0000 0.0000 0.0000	</row0>
					<row1>	0.0000 1.0000 0.0000 0.0000	</row1>
					<row2>	0.0000 0.0000 -1.0000 0.0000	</row2>
					<row3>	0.2144 0.3271 -0.4666 1.0000	</row3>
				</transform>
			</node>
			<node>
				<identifier>	MP_CM014_Fuel_Oil_Hose_INDEX_5	</identifier>
				<transform>
					<row0>	-1.0000 0.0000 0.0000 0.0000	</row0>
					<row1>	0.0000 1.0000 0.0000 0.0000	</row1>
					<row2>	0.0000 0.0000 -1.0000 0.0000	</row2>
					<row3>	0.2144 0.3518 -0.6286 1.0000	</row3>
				</transform>
			</node>
			<node>
				<identifier>	MP_CM014_Fuel_Oil_Hose_INDEX_6	</identifier>
				<transform>
					<row0>	-1.0000 0.0000 0.0000 0.0000	</row0>
					<row1>	0.0000 1.0000 0.0000 0.0000	</row1>
					<row2>	0.0000 0.0000 -1.0000 0.0000	</row2>
					<row3>	0.2144 0.3245 -0.6286 1.0000	</row3>
				</transform>
			</node>
			<node>
				<identifier>	MP_CM014_Fuel_Oil_Hose_INDEX_7	</identifier>
				<transform>
					<row0>	1.0000 0.0000 0.0000 0.0000	</row0>
					<row1>	0.0000 1.0000 0.0000 0.0000	</row1>
					<row2>	0.0000 0.0000 1.0000 0.0000	</row2>
					<row3>	-0.2144 0.3545 -0.4666 1.0000	</row3>
				</transform>
			</node>
			<node>
				<identifier>	MP_CM029_Emergency_Box	</identifier>
				<transform>
					<row0>	0.4997 0.0000 0.8662 0.0000	</row0>
					<row1>	0.0000 1.0000 0.0000 0.0000	</row1>
					<row2>	-0.8662 0.0000 0.4997 0.0000	</row2>
					<row3>	0.1849 0.3275 -2.5636 1.0000	</row3>
				</transform>
			</node>
			<node>
				<identifier>	MP_CM029_Emergency_Box_INDEX_1	</identifier>
				<transform>
					<row0>	0.9239 0.0000 -0.3827 0.0000	</row0>
					<row1>	0.0000 1.0000 0.0000 0.0000	</row1>
					<row2>	0.3827 0.0000 0.9239 0.0000	</row2>
					<row3>	-0.0491 0.4611 -1.5449 1.0000	</row3>
				</transform>
			</node>
			<node>
				<identifier>	MP_CM029_Emergency_Box_INDEX_2	</identifier>
				<transform>
					<row0>	-0.8315 0.0000 0.5556 0.0000	</row0>
					<row1>	0.0000 1.0000 0.0000 0.0000	</row1>
					<row2>	-0.5556 0.0000 -0.8315 0.0000	</row2>
					<row3>	0.0397 0.6104 -1.1227 1.0000	</row3>
				</transform>
			</node>
			<node>
				<identifier>	MP_CM029_Emergency_Box_INDEX_3	</identifier>
				<transform>
					<row0>	0.4997 0.0000 -0.8662 0.0000	</row0>
					<row1>	0.0000 1.0000 0.0000 0.0000	</row1>
					<row2>	0.8662 0.0000 0.4997 0.0000	</row2>
					<row3>	-0.1849 0.3275 -2.5636 1.0000	</row3>
				</transform>
			</node>
			<node>
				<identifier>	MP_CM029_Emergency_Box_INDEX_4	</identifier>
				<transform>
					<row0>	-1.0000 0.0000 0.0000 0.0000	</row0>
					<row1>	0.0000 1.0000 0.0000 0.0000	</row1>
					<row2>	0.0000 0.0000 -1.0000 0.0000	</row2>
					<row3>	0.0380 0.4634 -1.0684 1.0000	</row3>
				</transform>
			</node>
			<node>
				<identifier>	MP_CM029_Emergency_Box_INDEX_5	</identifier>
				<transform>
					<row0>	-1.0000 0.0000 0.0000 0.0000	</row0>
					<row1>	0.0000 1.0000 0.0000 0.0000	</row1>
					<row2>	0.0000 0.0000 -1.0000 0.0000	</row2>
					<row3>	-0.0887 0.4720 -0.4618 1.0000	</row3>
				</transform>
			</node>
			<node>
				<identifier>	MP_CM040_Steering_Wheel	</identifier>
				<transform>
					<row0>	1.0000 0.0000 0.0000 0.0000	</row0>
					<row1>	0.0000 1.0000 0.0000 0.0000	</row1>
					<row2>	0.0000 0.0000 1.0000 0.0000	</row2>
					<row3>	-0.0233 0.2313 -4.1280 1.0000	</row3>
				</transform>
			</node>
			<node>
				<identifier>	MP_CM052_Fender	</identifier>
				<transform>
					<row0>	-0.0914 0.0000 -0.6940 0.0000	</row0>
					<row1>	0.0000 0.7000 0.0000 0.0000	</row1>
					<row2>	0.6940 0.0000 -0.0914 0.0000	</row2>
					<row3>	0.1657 0.2323 -2.6132 1.0000	</row3>
				</transform>
			</node>
			<node>
				<identifier>	MP_CM052_Fender_INDEX_1	</identifier>
				<transform>
					<row0>	-0.0914 0.0000 0.6940 0.0000	</row0>
					<row1>	0.0000 0.7000 0.0000 0.0000	</row1>
					<row2>	-0.6940 0.0000 -0.0914 0.0000	</row2>
					<row3>	-0.1657 0.2323 -2.6132 1.0000	</row3>
				</transform>
			</node>
			<node>
				<identifier>	MP_CM052_Fender_INDEX_2	</identifier>
				<transform>
					<row0>	0.0000 0.0000 -0.7000 0.0000	</row0>
					<row1>	0.0000 0.7000 0.0000 0.0000	</row1>
					<row2>	0.7000 0.0000 0.0000 0.0000	</row2>
					<row3>	0.2339 0.2476 -0.2112 1.0000	</row3>
				</transform>
			</node>
			<node>
				<identifier>	MP_CM112_Fire_Extinguisher	</identifier>
				<transform>
					<row0>	-0.5556 0.0000 0.8315 0.0000	</row0>
					<row1>	0.0000 1.0000 0.0000 0.0000	</row1>
					<row2>	-0.8315 0.0000 -0.5556 0.0000	</row2>
					<row3>	-0.0404 0.6091 -1.1216 1.0000	</row3>
				</transform>
			</node>
			<node>
				<identifier>	MP_CM126_Cleat	</identifier>
				<transform>
					<row0>	1.0000 0.0000 0.0000 0.0000	</row0>
					<row1>	0.0000 1.0000 0.0000 0.0000	</row1>
					<row2>	0.0000 0.0000 1.0000 0.0000	</row2>
					<row3>	0.0000 0.7103 -1.3170 1.0000	</row3>
				</transform>
			</node>
			<node>
				<identifier>	MP_CM161_Propeller_4_8m_BB_R	</identifier>
				<transform>
					<row0>	0.8998 0.0014 0.0170 0.0000	</row0>
					<row1>	0.0000 0.8971 -0.0726 0.0000	</row1>
					<row2>	-0.0171 0.0726 0.8969 0.0000	</row2>
					<row3>	0.2080 -0.2630 -4.0608 1.0000	</row3>
				</transform>
			</node>
			<node>
				<identifier>	MP_CM162_Propeller_4_8m_BB_L	</identifier>
				<transform>
					<row0>	0.8998 -0.0014 -0.0170 0.0000	</row0>
					<row1>	0.0000 0.8971 -0.0726 0.0000	</row1>
					<row2>	0.0171 0.0726 0.8969 0.0000	</row2>
					<row3>	-0.2080 -0.2630 -4.0608 1.0000	</row3>
				</transform>
			</node>
			<node>
				<identifier>	MP_GM073_Depth_Charge_Stowage	</identifier>
				<transform>
					<row0>	-0.0349 0.0000 0.9994 0.0000	</row0>
					<row1>	0.0000 1.0000 0.0000 0.0000	</row1>
					<row2>	-0.9994 0.0000 -0.0349 0.0000	</row2>
					<row3>	-0.4005 0.2180 -2.5253 1.0000	</row3>
				</transform>
			</node>
			<node>
				<identifier>	MP_GM073_Depth_Charge_Stowage_INDEX_1	</identifier>
				<transform>
					<row0>	-0.0349 0.0000 0.9994 0.0000	</row0>
					<row1>	0.0000 1.0000 0.0000 0.0000	</row1>
					<row2>	-0.9994 0.0000 -0.0349 0.0000	</row2>
					<row3>	-0.4049 0.2180 -2.3988 1.0000	</row3>
				</transform>
			</node>
			<node>
				<identifier>	MP_GM073_Depth_Charge_Stowage_INDEX_2	</identifier>
				<transform>
					<row0>	-0.0349 0.0000 -0.9994 0.0000	</row0>
					<row1>	0.0000 1.0000 0.0000 0.0000	</row1>
					<row2>	0.9994 0.0000 -0.0349 0.0000	</row2>
					<row3>	0.4049 0.2180 -2.3988 1.0000	</row3>
				</transform>
			</node>
			<node>
				<identifier>	MP_GM073_Depth_Charge_Stowage_INDEX_3	</identifier>
				<transform>
					<row0>	-0.0349 0.0000 -0.9994 0.0000	</row0>
					<row1>	0.0000 1.0000 0.0000 0.0000	</row1>
					<row2>	0.9994 0.0000 -0.0349 0.0000	</row2>
					<row3>	0.4005 0.2180 -2.5253 1.0000	</row3>
				</transform>
			</node>
			<node>
				<identifier>	MP_SM009_Voice_Tube	</identifier>
				<transform>
					<row0>	-1.0000 0.0000 0.0000 0.0000	</row0>
					<row1>	0.0000 1.0000 0.0000 0.0000	</row1>
					<row2>	0.0000 0.0000 -1.0000 0.0000	</row2>
					<row3>	-0.0327 0.4059 -0.4237 1.0000	</row3>
				</transform>
			</node>
			<node>
				<identifier>	MP_SM009_Voice_Tube_INDEX_1	</identifier>
				<transform>
					<row0>	-1.0000 0.0000 0.0000 0.0000	</row0>
					<row1>	0.0000 1.0000 0.0000 0.0000	</row1>
					<row2>	0.0000 0.0000 -1.0000 0.0000	</row2>
					<row3>	-0.0755 0.6119 -0.5255 1.0000	</row3>
				</transform>
			</node>
			<node>
				<identifier>	MP_SM009_Voice_Tube_INDEX_10	</identifier>
				<transform>
					<row0>	-1.0000 0.0000 0.0000 0.0000	</row0>
					<row1>	0.0000 1.0000 0.0000 0.0000	</row1>
					<row2>	0.0000 0.0000 -1.0000 0.0000	</row2>
					<row3>	0.0755 0.6119 -0.5255 1.0000	</row3>
				</transform>
			</node>
			<node>
				<identifier>	MP_SM009_Voice_Tube_INDEX_2	</identifier>
				<transform>
					<row0>	0.0000 0.0000 1.0000 0.0000	</row0>
					<row1>	0.0000 1.0000 0.0000 0.0000	</row1>
					<row2>	-1.0000 0.0000 0.0000 0.0000	</row2>
					<row3>	0.0720 0.5430 -1.2558 1.0000	</row3>
				</transform>
			</node>
			<node>
				<identifier>	MP_SM009_Voice_Tube_INDEX_3	</identifier>
				<transform>
					<row0>	-1.0000 0.0000 0.0000 0.0000	</row0>
					<row1>	0.0000 1.0000 0.0000 0.0000	</row1>
					<row2>	0.0000 0.0000 -1.0000 0.0000	</row2>
					<row3>	0.1420 0.2348 -2.2371 1.0000	</row3>
				</transform>
			</node>
			<node>
				<identifier>	MP_SM009_Voice_Tube_INDEX_4	</identifier>
				<transform>
					<row0>	0.7071 0.0000 -0.7071 0.0000	</row0>
					<row1>	0.0000 1.0000 0.0000 0.0000	</row1>
					<row2>	0.7071 0.0000 0.7071 0.0000	</row2>
					<row3>	-0.0507 0.2311 -4.1140 1.0000	</row3>
				</transform>
			</node>
			<node>
				<identifier>	MP_SM009_Voice_Tube_INDEX_5	</identifier>
				<transform>
					<row0>	-0.2588 0.0000 -0.9659 0.0000	</row0>
					<row1>	0.0000 1.0000 0.0000 0.0000	</row1>
					<row2>	0.9659 0.0000 -0.2588 0.0000	</row2>
					<row3>	-0.1273 0.3969 -1.2318 1.0000	</row3>
				</transform>
			</node>
			<node>
				<identifier>	MP_SM009_Voice_Tube_INDEX_6	</identifier>
				<transform>
					<row0>	0.0000 0.0000 -1.0000 0.0000	</row0>
					<row1>	0.0000 1.0000 0.0000 0.0000	</row1>
					<row2>	1.0000 0.0000 0.0000 0.0000	</row2>
					<row3>	-0.0720 0.5430 -1.2398 1.0000	</row3>
				</transform>
			</node>
			<node>
				<identifier>	MP_SM009_Voice_Tube_INDEX_7	</identifier>
				<transform>
					<row0>	-0.2588 0.0000 0.9659 0.0000	</row0>
					<row1>	0.0000 1.0000 0.0000 0.0000	</row1>
					<row2>	-0.9659 0.0000 -0.2588 0.0000	</row2>
					<row3>	0.1273 0.3969 -1.2318 1.0000	</row3>
				</transform>
			</node>
			<node>
				<identifier>	MP_SM009_Voice_Tube_INDEX_8	</identifier>
				<transform>
					<row0>	-1.0000 0.0000 0.0000 0.0000	</row0>
					<row1>	0.0000 1.0000 0.0000 0.0000	</row1>
					<row2>	0.0000 0.0000 -1.0000 0.0000	</row2>
					<row3>	-0.1420 0.2348 -2.2371 1.0000	</row3>
				</transform>
			</node>
			<node>
				<identifier>	MP_SM009_Voice_Tube_INDEX_9	</identifier>
				<transform>
					<row0>	-1.0000 0.0000 0.0000 0.0000	</row0>
					<row1>	0.0000 1.0000 0.0000 0.0000	</row1>
					<row2>	0.0000 0.0000 -1.0000 0.0000	</row2>
					<row3>	0.0327 0.4059 -0.4237 1.0000	</row3>
				</transform>
			</node>
			<node>
				<identifier>	MP_SM011_Reels	</identifier>
				<transform>
					<row0>	-0.5150 0.0124 0.8571 0.0000	</row0>
					<row1>	0.0000 0.9999 -0.0144 0.0000	</row1>
					<row2>	-0.8572 -0.0074 -0.5150 0.0000	</row2>
					<row3>	-0.1340 0.3955 -0.9137 1.0000	</row3>
				</transform>
			</node>
			<node>
				<identifier>	MP_SM011_Reels_INDEX_1	</identifier>
				<transform>
					<row0>	0.5150 0.0124 0.8571 0.0000	</row0>
					<row1>	0.0000 0.9999 -0.0144 0.0000	</row1>
					<row2>	-0.8572 0.0074 0.5150 0.0000	</row2>
					<row3>	0.1340 0.3955 -0.9137 1.0000	</row3>
				</transform>
			</node>
			<node>
				<identifier>	MP_SM012_Liferaft_type_20_10ft	</identifier>
				<transform>
					<row0>	1.0000 0.0000 0.0000 0.0000	</row0>
					<row1>	0.0000 0.9971 -0.0767 0.0000	</row1>
					<row2>	0.0000 0.0767 0.9971 0.0000	</row2>
					<row3>	-0.1480 0.4056 -2.1180 1.0000	</row3>
				</transform>
			</node>
			<node>
				<identifier>	MP_SM012_Liferaft_type_20_10ft_INDEX_1	</identifier>
				<transform>
					<row0>	1.0000 0.0000 0.0000 0.0000	</row0>
					<row1>	0.0000 0.9990 0.0445 0.0000	</row1>
					<row2>	0.0000 -0.0445 0.9990 0.0000	</row2>
					<row3>	0.1480 0.4105 -1.7957 1.0000	</row3>
				</transform>
			</node>
			<node>
				<identifier>	MP_SM015_Life_Buoy	</identifier>
				<transform>
					<row0>	0.0000 0.0000 1.0000 0.0000	</row0>
					<row1>	0.0000 1.0000 0.0000 0.0000	</row1>
					<row2>	-1.0000 0.0000 0.0000 0.0000	</row2>
					<row3>	0.2117 0.4646 -0.8354 1.0000	</row3>
				</transform>
			</node>
			<node>
				<identifier>	MP_SM015_Life_Buoy_INDEX_1	</identifier>
				<transform>
					<row0>	0.0558 0.0000 0.9984 0.0000	</row0>
					<row1>	0.0000 1.0000 0.0000 0.0000	</row1>
					<row2>	-0.9984 0.0000 0.0558 0.0000	</row2>
					<row3>	0.4221 0.2914 -2.5901 1.0000	</row3>
				</transform>
			</node>
			<node>
				<identifier>	MP_SM015_Life_Buoy_INDEX_2	</identifier>
				<transform>
					<row0>	0.0558 0.0000 -0.9984 0.0000	</row0>
					<row1>	0.0000 1.0000 0.0000 0.0000	</row1>
					<row2>	0.9984 0.0000 0.0558 0.0000	</row2>
					<row3>	-0.4221 0.2914 -2.5901 1.0000	</row3>
				</transform>
			</node>
			<node>
				<identifier>	MP_SM015_Life_Buoy_INDEX_3	</identifier>
				<transform>
					<row0>	0.0000 0.0000 -1.0000 0.0000	</row0>
					<row1>	0.0000 1.0000 0.0000 0.0000	</row1>
					<row2>	1.0000 0.0000 0.0000 0.0000	</row2>
					<row3>	-0.2117 0.4758 -1.8104 1.0000	</row3>
				</transform>
			</node>
			<node>
				<identifier>	MP_SM015_Life_Buoy_INDEX_4	</identifier>
				<transform>
					<row0>	0.1097 0.0000 0.9940 0.0000	</row0>
					<row1>	0.0000 1.0000 0.0000 0.0000	</row1>
					<row2>	-0.9940 0.0000 0.1097 0.0000	</row2>
					<row3>	0.3438 0.2931 -3.5865 1.0000	</row3>
				</transform>
			</node>
			<node>
				<identifier>	MP_SM015_Life_Buoy_INDEX_5	</identifier>
				<transform>
					<row0>	0.1097 0.0000 -0.9940 0.0000	</row0>
					<row1>	0.0000 1.0000 0.0000 0.0000	</row1>
					<row2>	0.9940 0.0000 0.1097 0.0000	</row2>
					<row3>	-0.3438 0.2931 -3.5865 1.0000	</row3>
				</transform>
			</node>
			<node>
				<identifier>	MP_SM015_Life_Buoy_INDEX_6	</identifier>
				<transform>
					<row0>	0.0000 0.0000 1.0000 0.0000	</row0>
					<row1>	0.0000 1.0000 0.0000 0.0000	</row1>
					<row2>	-1.0000 0.0000 0.0000 0.0000	</row2>
					<row3>	0.2117 0.4758 -1.8104 1.0000	</row3>
				</transform>
			</node>
			<node>
				<identifier>	MP_SM015_Life_Buoy_INDEX_7	</identifier>
				<transform>
					<row0>	0.0000 0.0000 -1.0000 0.0000	</row0>
					<row1>	0.0000 1.0000 0.0000 0.0000	</row1>
					<row2>	1.0000 0.0000 0.0000 0.0000	</row2>
					<row3>	-0.2117 0.4646 -0.8354 1.0000	</row3>
				</transform>
			</node>
			<node>
				<identifier>	MP_SM016_Reels	</identifier>
				<transform>
					<row0>	0.3410 -0.0209 -0.4932 0.0000	</row0>
					<row1>	0.0281 0.5993 -0.0059 0.0000	</row1>
					<row2>	0.4929 -0.0198 0.3416 0.0000	</row2>
					<row3>	0.2683 0.2348 -0.9688 1.0000	</row3>
				</transform>
			</node>
			<node>
				<identifier>	MP_SM016_Reels_INDEX_1	</identifier>
				<transform>
					<row0>	-0.0002 -0.0092 -0.5999 0.0000	</row0>
					<row1>	0.0272 0.5993 -0.0092 0.0000	</row1>
					<row2>	0.5994 -0.0272 0.0002 0.0000	</row2>
					<row3>	0.2432 0.2454 -0.2709 1.0000	</row3>
				</transform>
			</node>
			<node>
				<identifier>	MP_SM016_Reels_INDEX_2	</identifier>
				<transform>
					<row0>	0.3410 0.0209 0.4932 0.0000	</row0>
					<row1>	-0.0281 0.5993 -0.0059 0.0000	</row1>
					<row2>	-0.4929 -0.0198 0.3416 0.0000	</row2>
					<row3>	-0.2683 0.2348 -0.9688 1.0000	</row3>
				</transform>
			</node>
			<node>
				<identifier>	MP_SM019_Telephone	</identifier>
				<transform>
					<row0>	0.0000 0.0000 -1.0000 0.0000	</row0>
					<row1>	0.0000 1.0000 0.0000 0.0000	</row1>
					<row2>	1.0000 0.0000 0.0000 0.0000	</row2>
					<row3>	-0.0674 0.6271 -1.2194 1.0000	</row3>
				</transform>
			</node>
			<node>
				<identifier>	MP_SM019_Telephone_INDEX_1	</identifier>
				<transform>
					<row0>	-1.0000 0.0000 0.0000 0.0000	</row0>
					<row1>	0.0000 1.0000 0.0000 0.0000	</row1>
					<row2>	0.0000 0.0000 -1.0000 0.0000	</row2>
					<row3>	-0.1660 0.3187 -2.2438 1.0000	</row3>
				</transform>
			</node>
			<node>
				<identifier>	MP_SM019_Telephone_INDEX_2	</identifier>
				<transform>
					<row0>	-1.0000 0.0000 0.0000 0.0000	</row0>
					<row1>	0.0000 1.0000 0.0000 0.0000	</row1>
					<row2>	0.0000 0.0000 -1.0000 0.0000	</row2>
					<row3>	0.1660 0.3187 -2.2438 1.0000	</row3>
				</transform>
			</node>
			<node>
				<identifier>	MP_SM019_Telephone_INDEX_3	</identifier>
				<transform>
					<row0>	0.0000 0.0000 1.0000 0.0000	</row0>
					<row1>	0.0000 1.0000 0.0000 0.0000	</row1>
					<row2>	-1.0000 0.0000 0.0000 0.0000	</row2>
					<row3>	0.0674 0.6271 -1.1887 1.0000	</row3>
				</transform>
			</node>
			<node>
				<identifier>	MP_SM020_Reels	</identifier>
				<transform>
					<row0>	0.0000 0.0172 -0.9999 0.0000	</row0>
					<row1>	0.0000 0.9999 0.0172 0.0000	</row1>
					<row2>	1.0000 0.0000 0.0000 0.0000	</row2>
					<row3>	-0.1466 0.4183 -1.8584 1.0000	</row3>
				</transform>
			</node>
			<node>
				<identifier>	MP_SM020_Reels_INDEX_1	</identifier>
				<transform>
					<row0>	1.0000 0.0000 0.0000 0.0000	</row0>
					<row1>	0.0000 0.9954 -0.0958 0.0000	</row1>
					<row2>	0.0000 0.0958 0.9954 0.0000	</row2>
					<row3>	0.0333 0.4063 -2.1743 1.0000	</row3>
				</transform>
			</node>
			<node>
				<identifier>	MP_SM020_Reels_INDEX_2	</identifier>
				<transform>
					<row0>	0.0000 0.0448 0.9990 0.0000	</row0>
					<row1>	0.0000 0.9990 -0.0448 0.0000	</row1>
					<row2>	-1.0000 0.0000 0.0000 0.0000	</row2>
					<row3>	0.1466 0.4163 -2.0317 1.0000	</row3>
				</transform>
			</node>
			<node>
				<identifier>	MP_SM020_Reels_INDEX_3	</identifier>
				<transform>
					<row0>	1.0000 0.0000 0.0000 0.0000	</row0>
					<row1>	0.0000 0.9969 0.0785 0.0000	</row1>
					<row2>	0.0000 -0.0785 0.9969 0.0000	</row2>
					<row3>	0.0333 0.4037 -1.6177 1.0000	</row3>
				</transform>
			</node>
			<node>
				<identifier>	MP_SM027_Helice_inscription	</identifier>
				<transform>
					<row0>	-0.1918 0.0000 0.9814 0.0000	</row0>
					<row1>	0.0000 1.0000 0.0000 0.0000	</row1>
					<row2>	-1.1777 0.0000 -0.2301 0.0000	</row2>
					<row3>	-0.2804 0.2121 -4.0741 1.0000	</row3>
				</transform>
			</node>
			<node>
				<identifier>	MP_SM027_Helice_inscription_INDEX_1	</identifier>
				<transform>
					<row0>	-0.1918 0.0000 -0.9814 0.0000	</row0>
					<row1>	0.0000 1.0000 0.0000 0.0000	</row1>
					<row2>	1.1777 0.0000 -0.2301 0.0000	</row2>
					<row3>	0.2804 0.2121 -4.0741 1.0000	</row3>
				</transform>
			</node>
			<node>
				<identifier>	MP_SM029_Torpedo_Cart	</identifier>
				<transform>
					<row0>	-1.0000 0.0000 0.0000 0.0000	</row0>
					<row1>	0.0000 1.0000 -0.0048 0.0000	</row1>
					<row2>	0.0000 -0.0048 -1.0000 0.0000	</row2>
					<row3>	-0.3558 0.2309 -1.6224 1.0000	</row3>
				</transform>
			</node>
			<node>
				<identifier>	MP_SM029_Torpedo_Cart_INDEX_1	</identifier>
				<transform>
					<row0>	1.0000 0.0000 0.0000 0.0000	</row0>
					<row1>	0.0000 1.0000 -0.0048 0.0000	</row1>
					<row2>	0.0000 0.0048 1.0000 0.0000	</row2>
					<row3>	0.3558 0.2309 -1.6224 1.0000	</row3>
				</transform>
			</node>
			<node>
				<identifier>	MP_SM038_Helmet	</identifier>
				<transform>
					<row0>	-0.2737 0.0000 0.9618 0.0000	</row0>
					<row1>	0.9618 0.0000 0.2737 0.0000	</row1>
					<row2>	0.0000 1.0000 0.0000 0.0000	</row2>
					<row3>	0.1131 0.4662 -1.2091 1.0000	</row3>
				</transform>
			</node>
			<node>
				<identifier>	MP_SM038_Helmet_INDEX_1	</identifier>
				<transform>
					<row0>	-0.2737 0.0000 -0.9618 0.0000	</row0>
					<row1>	-0.9618 0.0000 0.2737 0.0000	</row1>
					<row2>	0.0000 1.0000 0.0000 0.0000	</row2>
					<row3>	-0.1159 0.4795 -1.2187 1.0000	</row3>
				</transform>
			</node>
			<node>
				<identifier>	MP_SM038_Helmet_INDEX_10	</identifier>
				<transform>
					<row0>	0.4997 0.0000 -0.8662 0.0000	</row0>
					<row1>	-0.8662 0.0000 -0.4997 0.0000	</row1>
					<row2>	0.0000 1.0000 0.0000 0.0000	</row2>
					<row3>	-0.1803 0.3015 -2.5609 1.0000	</row3>
				</transform>
			</node>
			<node>
				<identifier>	MP_SM038_Helmet_INDEX_11	</identifier>
				<transform>
					<row0>	-0.8315 0.0000 -0.5556 0.0000	</row0>
					<row1>	-0.5556 0.0000 0.8315 0.0000	</row1>
					<row2>	0.0000 1.0000 0.0000 0.0000	</row2>
					<row3>	-0.1936 0.4826 -0.4751 1.0000	</row3>
				</transform>
			</node>
			<node>
				<identifier>	MP_SM038_Helmet_INDEX_12	</identifier>
				<transform>
					<row0>	-0.5556 0.0000 -0.8315 0.0000	</row0>
					<row1>	-0.8315 0.0000 0.5556 0.0000	</row1>
					<row2>	0.0000 1.0000 0.0000 0.0000	</row2>
					<row3>	-0.0549 0.6271 -1.1453 1.0000	</row3>
				</transform>
			</node>
			<node>
				<identifier>	MP_SM038_Helmet_INDEX_13	</identifier>
				<transform>
					<row0>	0.4997 0.0000 0.8662 0.0000	</row0>
					<row1>	0.8662 0.0000 -0.4997 0.0000	</row1>
					<row2>	0.0000 1.0000 0.0000 0.0000	</row2>
					<row3>	0.1803 0.3015 -2.5609 1.0000	</row3>
				</transform>
			</node>
			<node>
				<identifier>	MP_SM038_Helmet_INDEX_14	</identifier>
				<transform>
					<row0>	-0.5556 0.0000 0.8315 0.0000	</row0>
					<row1>	0.8315 0.0000 0.5556 0.0000	</row1>
					<row2>	0.0000 1.0000 0.0000 0.0000	</row2>
					<row3>	0.0549 0.6271 -1.1453 1.0000	</row3>
				</transform>
			</node>
			<node>
				<identifier>	MP_SM038_Helmet_INDEX_15	</identifier>
				<transform>
					<row0>	-0.2737 0.0000 -0.9618 0.0000	</row0>
					<row1>	-0.9618 0.0000 0.2737 0.0000	</row1>
					<row2>	0.0000 1.0000 0.0000 0.0000	</row2>
					<row3>	-0.1131 0.4662 -1.2091 1.0000	</row3>
				</transform>
			</node>
			<node>
				<identifier>	MP_SM038_Helmet_INDEX_16	</identifier>
				<transform>
					<row0>	0.7934 0.0000 -0.6088 0.0000	</row0>
					<row1>	-0.6088 0.0000 -0.7934 0.0000	</row1>
					<row2>	0.0000 1.0000 0.0000 0.0000	</row2>
					<row3>	-0.0669 0.4778 -1.5300 1.0000	</row3>
				</transform>
			</node>
			<node>
				<identifier>	MP_SM038_Helmet_INDEX_17	</identifier>
				<transform>
					<row0>	0.7934 0.0000 -0.6088 0.0000	</row0>
					<row1>	-0.6088 0.0000 -0.7934 0.0000	</row1>
					<row2>	0.0000 1.0000 0.0000 0.0000	</row2>
					<row3>	-0.0749 0.4644 -1.5239 1.0000	</row3>
				</transform>
			</node>
			<node>
				<identifier>	MP_SM038_Helmet_INDEX_18	</identifier>
				<transform>
					<row0>	-0.8315 0.0000 -0.5556 0.0000	</row0>
					<row1>	-0.5556 0.0000 0.8315 0.0000	</row1>
					<row2>	0.0000 1.0000 0.0000 0.0000	</row2>
					<row3>	-0.1936 0.5025 -0.4751 1.0000	</row3>
				</transform>
			</node>
			<node>
				<identifier>	MP_SM038_Helmet_INDEX_19	</identifier>
				<transform>
					<row0>	-0.2737 0.0000 0.9618 0.0000	</row0>
					<row1>	0.9618 0.0000 0.2737 0.0000	</row1>
					<row2>	0.0000 1.0000 0.0000 0.0000	</row2>
					<row3>	0.1104 0.4795 -1.1994 1.0000	</row3>
				</transform>
			</node>
			<node>
				<identifier>	MP_SM038_Helmet_INDEX_2	</identifier>
				<transform>
					<row0>	-0.8315 0.0000 -0.5556 0.0000	</row0>
					<row1>	-0.5556 0.0000 0.8315 0.0000	</row1>
					<row2>	0.0000 1.0000 0.0000 0.0000	</row2>
					<row3>	-0.1936 0.4626 -0.4751 1.0000	</row3>
				</transform>
			</node>
			<node>
				<identifier>	MP_SM038_Helmet_INDEX_20	</identifier>
				<transform>
					<row0>	0.4997 0.0000 0.8662 0.0000	</row0>
					<row1>	0.8662 0.0000 -0.4997 0.0000	</row1>
					<row2>	0.0000 1.0000 0.0000 0.0000	</row2>
					<row3>	0.1753 0.3148 -2.5696 1.0000	</row3>
				</transform>
			</node>
			<node>
				<identifier>	MP_SM038_Helmet_INDEX_21	</identifier>
				<transform>
					<row0>	-0.8315 0.0000 0.5556 0.0000	</row0>
					<row1>	0.5556 0.0000 0.8315 0.0000	</row1>
					<row2>	0.0000 1.0000 0.0000 0.0000	</row2>
					<row3>	0.1936 0.5025 -0.4751 1.0000	</row3>
				</transform>
			</node>
			<node>
				<identifier>	MP_SM038_Helmet_INDEX_22	</identifier>
				<transform>
					<row0>	0.7934 0.0000 0.6088 0.0000	</row0>
					<row1>	0.6088 0.0000 -0.7934 0.0000	</row1>
					<row2>	0.0000 1.0000 0.0000 0.0000	</row2>
					<row3>	0.0669 0.4778 -1.5300 1.0000	</row3>
				</transform>
			</node>
			<node>
				<identifier>	MP_SM038_Helmet_INDEX_23	</identifier>
				<transform>
					<row0>	0.4997 0.0000 -0.8662 0.0000	</row0>
					<row1>	-0.8662 0.0000 -0.4997 0.0000	</row1>
					<row2>	0.0000 1.0000 0.0000 0.0000	</row2>
					<row3>	-0.1753 0.3148 -2.5696 1.0000	</row3>
				</transform>
			</node>
			<node>
				<identifier>	MP_SM038_Helmet_INDEX_24	</identifier>
				<transform>
					<row0>	0.7934 0.0000 0.6088 0.0000	</row0>
					<row1>	0.6088 0.0000 -0.7934 0.0000	</row1>
					<row2>	0.0000 1.0000 0.0000 0.0000	</row2>
					<row3>	0.0749 0.4644 -1.5239 1.0000	</row3>
				</transform>
			</node>
			<node>
				<identifier>	MP_SM038_Helmet_INDEX_25	</identifier>
				<transform>
					<row0>	-0.1951 0.0000 -0.9808 0.0000	</row0>
					<row1>	-0.9808 0.0000 0.1951 0.0000	</row1>
					<row2>	0.0000 1.0000 0.0000 0.0000	</row2>
					<row3>	-0.0648 0.6271 -1.1692 1.0000	</row3>
				</transform>
			</node>
			<node>
				<identifier>	MP_SM038_Helmet_INDEX_26	</identifier>
				<transform>
					<row0>	0.7934 0.0000 0.6088 0.0000	</row0>
					<row1>	0.6088 0.0000 -0.7934 0.0000	</row1>
					<row2>	0.0000 1.0000 0.0000 0.0000	</row2>
					<row3>	0.0828 0.4778 -1.5178 1.0000	</row3>
				</transform>
			</node>
			<node>
				<identifier>	MP_SM038_Helmet_INDEX_27	</identifier>
				<transform>
					<row0>	-0.2737 0.0000 0.9618 0.0000	</row0>
					<row1>	0.9618 0.0000 0.2737 0.0000	</row1>
					<row2>	0.0000 1.0000 0.0000 0.0000	</row2>
					<row3>	0.1159 0.4795 -1.2187 1.0000	</row3>
				</transform>
			</node>
			<node>
				<identifier>	MP_SM038_Helmet_INDEX_3	</identifier>
				<transform>
					<row0>	0.4997 0.0000 0.8662 0.0000	</row0>
					<row1>	0.8662 0.0000 -0.4997 0.0000	</row1>
					<row2>	0.0000 1.0000 0.0000 0.0000	</row2>
					<row3>	0.1853 0.3148 -2.5522 1.0000	</row3>
				</transform>
			</node>
			<node>
				<identifier>	MP_SM038_Helmet_INDEX_4	</identifier>
				<transform>
					<row0>	-0.8315 0.0000 0.5556 0.0000	</row0>
					<row1>	0.5556 0.0000 0.8315 0.0000	</row1>
					<row2>	0.0000 1.0000 0.0000 0.0000	</row2>
					<row3>	0.1936 0.4826 -0.4751 1.0000	</row3>
				</transform>
			</node>
			<node>
				<identifier>	MP_SM038_Helmet_INDEX_5	</identifier>
				<transform>
					<row0>	0.4997 0.0000 -0.8662 0.0000	</row0>
					<row1>	-0.8662 0.0000 -0.4997 0.0000	</row1>
					<row2>	0.0000 1.0000 0.0000 0.0000	</row2>
					<row3>	-0.1853 0.3148 -2.5522 1.0000	</row3>
				</transform>
			</node>
			<node>
				<identifier>	MP_SM038_Helmet_INDEX_6	</identifier>
				<transform>
					<row0>	-0.1951 0.0000 0.9808 0.0000	</row0>
					<row1>	0.9808 0.0000 0.1951 0.0000	</row1>
					<row2>	0.0000 1.0000 0.0000 0.0000	</row2>
					<row3>	0.0648 0.6271 -1.1692 1.0000	</row3>
				</transform>
			</node>
			<node>
				<identifier>	MP_SM038_Helmet_INDEX_7	</identifier>
				<transform>
					<row0>	-0.2737 0.0000 -0.9618 0.0000	</row0>
					<row1>	-0.9618 0.0000 0.2737 0.0000	</row1>
					<row2>	0.0000 1.0000 0.0000 0.0000	</row2>
					<row3>	-0.1104 0.4795 -1.1994 1.0000	</row3>
				</transform>
			</node>
			<node>
				<identifier>	MP_SM038_Helmet_INDEX_8	</identifier>
				<transform>
					<row0>	-0.8315 0.0000 0.5556 0.0000	</row0>
					<row1>	0.5556 0.0000 0.8315 0.0000	</row1>
					<row2>	0.0000 1.0000 0.0000 0.0000	</row2>
					<row3>	0.1936 0.4626 -0.4751 1.0000	</row3>
				</transform>
			</node>
			<node>
				<identifier>	MP_SM038_Helmet_INDEX_9	</identifier>
				<transform>
					<row0>	0.7934 0.0000 -0.6088 0.0000	</row0>
					<row1>	-0.6088 0.0000 -0.7934 0.0000	</row1>
					<row2>	0.0000 1.0000 0.0000 0.0000	</row2>
					<row3>	-0.0828 0.4778 -1.5178 1.0000	</row3>
				</transform>
			</node>
			<node>
				<identifier>	MP_SM502_Cutter_32ft	</identifier>
				<transform>
					<row0>	1.0000 0.0000 0.0000 0.0000	</row0>
					<row1>	0.0000 1.0000 0.0000 0.0000	</row1>
					<row2>	0.0000 0.0000 1.0000 0.0000	</row2>
					<row3>	-0.3787 0.2567 -0.5667 1.0000	</row3>
				</transform>
			</node>
			<node>
				<identifier>	MP_SM502_Cutter_32ft_INDEX_1	</identifier>
				<transform>
					<row0>	1.0000 0.0000 0.0000 0.0000	</row0>
					<row1>	0.0000 1.0000 0.0000 0.0000	</row1>
					<row2>	0.0000 0.0000 1.0000 0.0000	</row2>
					<row3>	0.3787 0.2567 -0.5667 1.0000	</row3>
				</transform>
			</node>
			<node>
