<FSB003_Richelieu_1944_Stern_ports.visual>
	<node>
		<identifier>	Scene Root	</identifier>
		<transform>
			<row0>	1.0000 0.0000 0.0000 0.0000	</row0>
			<row1>	0.0000 1.0000 0.0000 0.0000	</row1>
			<row2>	0.0000 0.0000 1.0000 0.0000	</row2>
			<row3>	0.0000 0.0000 0.0000 1.0000	</row3>
		</transform>
		<node>
			<identifier>	Stern_ports	</identifier>
			<transform>
				<row0>	1.0000 0.0000 0.0000 0.0000	</row0>
				<row1>	0.0000 1.0000 0.0000 0.0000	</row1>
				<row2>	0.0000 0.0000 1.0000 0.0000	</row2>
				<row3>	0.0000 0.0000 0.0000 1.0000	</row3>
			</transform>
			<node>
				<identifier>	HP_FD_21	</identifier>
				<transform>
					<row0>	-0.5000 0.0000 0.8660 0.0000	</row0>
					<row1>	0.0000 1.0000 0.0000 0.0000	</row1>
					<row2>	-0.8660 0.0000 -0.5000 0.0000	</row2>
					<row3>	-0.1705 0.5010 -6.5162 1.0000	</row3>
				</transform>
			</node>
			<node>
				<identifier>	HP_FD_22	</identifier>
				<transform>
					<row0>	-0.5000 0.0000 -0.8660 0.0000	</row0>
					<row1>	0.0000 1.0000 0.0000 0.0000	</row1>
					<row2>	0.8660 0.0000 -0.5000 0.0000	</row2>
					<row3>	0.1705 0.5010 -6.5162 1.0000	</row3>
				</transform>
			</node>
			<node>
				<identifier>	HP_FD_23	</identifier>
				<transform>
					<row0>	-0.3420 0.0000 0.9397 0.0000	</row0>
					<row1>	0.0000 1.0000 0.0000 0.0000	</row1>
					<row2>	-0.9397 0.0000 -0.3420 0.0000	</row2>
					<row3>	-0.2448 0.5032 -7.0107 1.0000	</row3>
				</transform>
			</node>
			<node>
				<identifier>	HP_FD_24	</identifier>
				<transform>
					<row0>	-0.3420 0.0000 -0.9397 0.0000	</row0>
					<row1>	0.0000 1.0000 0.0000 0.0000	</row1>
					<row2>	0.9397 0.0000 -0.3420 0.0000	</row2>
					<row3>	0.2448 0.5032 -7.0107 1.0000	</row3>
				</transform>
			</node>
			<node>
				<identifier>	HP_FGA_51	</identifier>
				<transform>
					<row0>	-0.5000 0.0000 0.8660 0.0000	</row0>
					<row1>	0.0000 1.0000 0.0000 0.0000	</row1>
					<row2>	-0.8660 0.0000 -0.5000 0.0000	</row2>
					<row3>	-0.4073 0.3858 -6.4487 1.0000	</row3>
				</transform>
			</node>
			<node>
				<identifier>	HP_FGA_52	</identifier>
				<transform>
					<row0>	-0.5000 0.0000 -0.8660 0.0000	</row0>
					<row1>	0.0000 1.0000 0.0000 0.0000	</row1>
					<row2>	0.8660 0.0000 -0.5000 0.0000	</row2>
					<row3>	0.4073 0.3858 -6.4487 1.0000	</row3>
				</transform>
			</node>
			<node>
				<identifier>	HP_FGA_53	</identifier>
				<transform>
					<row0>	-0.3420 0.0000 0.9397 0.0000	</row0>
					<row1>	0.0000 1.0000 0.0000 0.0000	</row1>
					<row2>	-0.9397 0.0000 -0.3420 0.0000	</row2>
					<row3>	-0.3440 0.3888 -7.2344 1.0000	</row3>
				</transform>
			</node>
			<node>
				<identifier>	HP_FGA_54	</identifier>
				<transform>
					<row0>	-0.3420 0.0000 -0.9397 0.0000	</row0>
					<row1>	0.0000 1.0000 0.0000 0.0000	</row1>
					<row2>	0.9397 0.0000 -0.3420 0.0000	</row2>
					<row3>	0.3440 0.3888 -7.2344 1.0000	</row3>
				</transform>
			</node>
			<node>
				<identifier>	HP_FX_Death_3	</identifier>
				<transform>
					<row0>	1.0000 0.0000 0.0000 0.0000	</row0>
					<row1>	0.0000 1.0000 0.0000 0.0000	</row1>
					<row2>	0.0000 0.0000 1.0000 0.0000	</row2>
					<row3>	0.0000 0.0000 -6.0956 1.0000	</row3>
				</transform>
			</node>
			<node>
				<identifier>	HP_FX_Fire_4	</identifier>
				<transform>
					<row0>	1.0000 0.0000 0.0000 0.0000	</row0>
					<row1>	0.0000 1.0000 0.0000 0.0000	</row1>
					<row2>	0.0000 0.0000 1.0000 0.0000	</row2>
					<row3>	0.0000 0.4098 -7.1587 1.0000	</row3>
				</transform>
			</node>
			<node>
				<identifier>	HP_FX_WakeTraceBack	</identifier>
				<transform>
					<row0>	1.0000 0.0000 0.0000 0.0000	</row0>
					<row1>	0.0000 1.0000 0.0000 0.0000	</row1>
					<row2>	0.0000 0.0000 1.0000 0.0000	</row2>
					<row3>	0.0000 0.0000 -8.1224 1.0000	</row3>
				</transform>
			</node>
			<node>
				<identifier>	HP_FX_WakeTrace_screw_3	</identifier>
				<transform>
					<row0>	1.0000 0.0000 0.0000 0.0000	</row0>
					<row1>	0.0000 1.0000 0.0000 0.0000	</row1>
					<row2>	0.0000 0.0000 1.0000 0.0000	</row2>
					<row3>	-0.3242 -0.4949 -6.7509 1.0000	</row3>
				</transform>
			</node>
			<node>
				<identifier>	HP_FX_WakeTrace_screw_4	</identifier>
				<transform>
					<row0>	1.0000 0.0000 0.0000 0.0000	</row0>
					<row1>	0.0000 1.0000 0.0000 0.0000	</row1>
					<row2>	0.0000 0.0000 1.0000 0.0000	</row2>
					<row3>	0.3242 -0.4949 -6.7509 1.0000	</row3>
				</transform>
			</node>
			<node>
				<identifier>	HP_Ship_death_3	</identifier>
				<transform>
					<row0>	1.0000 0.0000 0.0000 0.0000	</row0>
					<row1>	0.0000 1.0000 0.0000 0.0000	</row1>
					<row2>	0.0000 0.0000 1.0000 0.0000	</row2>
					<row3>	0.0000 0.0000 -6.0691 1.0000	</row3>
				</transform>
			</node>
			<node>
				<identifier>	MP_CM002_Propeller4_L	</identifier>
				<transform>
					<row0>	0.9870 0.1603 -0.0116 0.0000	</row0>
					<row1>	-0.1607 0.9862 -0.0392 0.0000	</row1>
					<row2>	0.0052 0.0406 0.9992 0.0000	</row2>
					<row3>	-0.3242 -0.4949 -6.7509 1.0000	</row3>
				</transform>
			</node>
			<node>
				<identifier>	MP_CM010_Fire_Hose_Reel	</identifier>
				<transform>
					<row0>	-0.4067 0.0000 0.9135 0.0000	</row0>
					<row1>	0.0000 1.0000 0.0000 0.0000	</row1>
					<row2>	-0.9135 0.0000 -0.4067 0.0000	</row2>
					<row3>	-0.3285 0.4329 -6.6271 1.0000	</row3>
				</transform>
			</node>
			<node>
				<identifier>	MP_CM010_Fire_Hose_Reel_INDEX_1	</identifier>
				<transform>
					<row0>	0.4067 0.0000 0.9135 0.0000	</row0>
					<row1>	0.0000 1.0000 0.0000 0.0000	</row1>
					<row2>	-0.9135 0.0000 0.4067 0.0000	</row2>
					<row3>	0.3285 0.4329 -6.6271 1.0000	</row3>
				</transform>
			</node>
			<node>
				<identifier>	MP_CM011_Fire_Fighting_Gear	</identifier>
				<transform>
					<row0>	0.9659 0.0000 -0.2588 0.0000	</row0>
					<row1>	0.0000 1.0000 0.0000 0.0000	</row1>
					<row2>	0.2588 0.0000 0.9659 0.0000	</row2>
					<row3>	-0.2176 0.3867 -6.5390 1.0000	</row3>
				</transform>
			</node>
			<node>
				<identifier>	MP_CM011_Fire_Fighting_Gear_INDEX_1	</identifier>
				<transform>
					<row0>	0.9659 0.0000 0.2588 0.0000	</row0>
					<row1>	0.0000 1.0000 0.0000 0.0000	</row1>
					<row2>	-0.2588 0.0000 0.9659 0.0000	</row2>
					<row3>	0.2176 0.3867 -6.5390 1.0000	</row3>
				</transform>
			</node>
			<node>
				<identifier>	MP_CM033_Propeller4_R	</identifier>
				<transform>
					<row0>	0.9870 -0.1603 0.0116 0.0000	</row0>
					<row1>	0.1607 0.9862 -0.0392 0.0000	</row1>
					<row2>	-0.0052 0.0406 0.9992 0.0000	</row2>
					<row3>	0.3242 -0.4949 -6.7509 1.0000	</row3>
				</transform>
			</node>
			<node>
				<identifier>	MP_FM011_Reels	</identifier>
				<transform>
					<row0>	1.0398 0.0000 -0.2686 0.0000	</row0>
					<row1>	-0.2209 0.0000 -0.8553 0.0000	</row1>
					<row2>	0.0000 0.8834 0.0000 0.0000	</row2>
					<row3>	0.2956 0.4485 -7.4260 1.0000	</row3>
				</transform>
			</node>
			<node>
				<identifier>	MP_FM530_Rafts_3	</identifier>
				<transform>
					<row0>	-1.0000 0.0000 0.0000 0.0000	</row0>
					<row1>	0.0000 1.0000 0.0000 0.0000	</row1>
					<row2>	0.0000 0.0000 -1.0000 0.0000	</row2>
					<row3>	0.0883 0.3865 -6.0794 1.0000	</row3>
				</transform>
			</node>
			<node>
				<identifier>	MP_FM530_Rafts_3_INDEX_1	</identifier>
				<transform>
					<row0>	-1.0000 0.0000 0.0000 0.0000	</row0>
					<row1>	0.0000 1.0000 0.0000 0.0000	</row1>
					<row2>	0.0000 0.0000 -1.0000 0.0000	</row2>
					<row3>	-0.0883 0.3865 -6.0794 1.0000	</row3>
				</transform>
			</node>
			<node>
				<identifier>	MP_FM601_Multipole_Switch	</identifier>
				<transform>
					<row0>	-0.3967 0.0000 0.9179 0.0000	</row0>
					<row1>	0.0000 1.0000 0.0000 0.0000	</row1>
					<row2>	-0.9179 0.0000 -0.3967 0.0000	</row2>
					<row3>	-0.2228 0.4368 -6.3859 1.0000	</row3>
				</transform>
			</node>
			<node>
				<identifier>	MP_FM601_Multipole_Switch_INDEX_1	</identifier>
				<transform>
					<row0>	0.0629 0.0000 0.9980 0.0000	</row0>
					<row1>	0.0000 1.0000 0.0000 0.0000	</row1>
					<row2>	-0.9980 0.0000 0.0629 0.0000	</row2>
					<row3>	-0.1485 0.4393 -7.2322 1.0000	</row3>
				</transform>
			</node>
			<node>
				<identifier>	MP_FM601_Multipole_Switch_INDEX_2	</identifier>
				<transform>
					<row0>	-0.3967 0.0000 -0.9179 0.0000	</row0>
					<row1>	0.0000 1.0000 0.0000 0.0000	</row1>
					<row2>	0.9179 0.0000 -0.3967 0.0000	</row2>
					<row3>	0.2228 0.4368 -6.3859 1.0000	</row3>
				</transform>
			</node>
			<node>
				<identifier>	MP_FM601_Multipole_Switch_INDEX_3	</identifier>
				<transform>
					<row0>	0.0629 0.0000 -0.9980 0.0000	</row0>
					<row1>	0.0000 1.0000 0.0000 0.0000	</row1>
					<row2>	0.9980 0.0000 0.0629 0.0000	</row2>
					<row3>	0.1485 0.4393 -7.2322 1.0000	</row3>
				</transform>
			</node>
			<node>
				<identifier>	MP_FM601_Multipole_Switch_INDEX_4	</identifier>
				<transform>
					<row0>	0.4833 0.0000 -0.8755 0.0000	</row0>
					<row1>	0.0000 1.0000 0.0000 0.0000	</row1>
					<row2>	0.8755 0.0000 0.4833 0.0000	</row2>
					<row3>	-0.2047 0.5577 -6.4553 1.0000	</row3>
				</transform>
			</node>
			<node>
				<identifier>	MP_FM601_Multipole_Switch_INDEX_5	</identifier>
				<transform>
					<row0>	0.4833 0.0000 0.8755 0.0000	</row0>
					<row1>	0.0000 1.0000 0.0000 0.0000	</row1>
					<row2>	-0.8755 0.0000 0.4833 0.0000	</row2>
					<row3>	0.2047 0.5577 -6.4553 1.0000	</row3>
				</transform>
			</node>
			<node>
				<identifier>	MP_FM601_Multipole_Switch_INDEX_6	</identifier>
				<transform>
					<row0>	0.3335 0.0000 0.9428 0.0000	</row0>
					<row1>	0.0000 1.0000 0.0000 0.0000	</row1>
					<row2>	-0.9428 0.0000 0.3335 0.0000	</row2>
					<row3>	0.2220 0.5600 -7.0768 1.0000	</row3>
				</transform>
			</node>
			<node>
				<identifier>	MP_FM601_Multipole_Switch_INDEX_7	</identifier>
				<transform>
					<row0>	0.3335 0.0000 -0.9428 0.0000	</row0>
					<row1>	0.0000 1.0000 0.0000 0.0000	</row1>
					<row2>	0.9428 0.0000 0.3335 0.0000	</row2>
					<row3>	-0.2220 0.5600 -7.0768 1.0000	</row3>
				</transform>
			</node>
			<node>
				<identifier>	MP_FM851_Mastheadlight	</identifier>
				<transform>
					<row0>	-1.0000 0.0000 0.0000 0.0000	</row0>
					<row1>	0.0000 1.0000 0.0000 0.0000	</row1>
					<row2>	0.0000 0.0000 -1.0000 0.0000	</row2>
					<row3>	0.0000 0.4684 -8.2015 1.0000	</row3>
				</transform>
			</node>
			<node>
				<identifier>	MP_FM950_Anchor_bottom	</identifier>
				<transform>
					<row0>	0.7000 0.0000 0.0000 0.0000	</row0>
					<row1>	0.0000 0.6850 0.1442 0.0000	</row1>
					<row2>	0.0000 -0.1442 0.6850 0.0000	</row2>
					<row3>	0.0000 0.2717 -8.2133 1.0000	</row3>
				</transform>
			</node>
			<node>
				<identifier>	MP_FM951_Anchor_up	</identifier>
				<transform>
					<row0>	0.7000 0.0000 0.0000 0.0000	</row0>
					<row1>	0.0000 0.3870 0.5833 0.0000	</row1>
					<row2>	0.0000 -0.5833 0.3870 0.0000	</row2>
					<row3>	0.0000 0.2720 -8.2132 1.0000	</row3>
				</transform>
			</node>
			<node>
				<identifier>	MP_FM954_Anchor_Capstan_Back	</identifier>
				<transform>
					<row0>	1.0940 0.0000 0.0000 0.0000	</row0>
					<row1>	0.0000 1.0940 0.0000 0.0000	</row1>
					<row2>	0.0000 0.0000 1.0940 0.0000	</row2>
					<row3>	0.0154 0.4111 -7.4213 1.0000	</row3>
				</transform>
			</node>
			<node>
				<identifier>	MP_FM955_Bollard	</identifier>
				<transform>
					<row0>	0.6635 0.0000 0.1778 0.0000	</row0>
					<row1>	0.0000 0.6869 0.0000 0.0000	</row1>
					<row2>	-0.1778 0.0000 0.6635 0.0000	</row2>
					<row3>	-0.2901 0.3943 -7.8659 1.0000	</row3>
				</transform>
			</node>
			<node>
				<identifier>	MP_FM955_Bollard_INDEX_1	</identifier>
				<transform>
					<row0>	1.9065 0.0000 0.0000 0.0000	</row0>
					<row1>	0.0000 1.9065 0.0000 0.0000	</row1>
					<row2>	0.0000 0.0000 1.9065 0.0000	</row2>
					<row3>	-0.1858 0.3898 -7.6819 1.0000	</row3>
				</transform>
			</node>
			<node>
				<identifier>	MP_FM955_Bollard_INDEX_2	</identifier>
				<transform>
					<row0>	1.9065 0.0000 0.0000 0.0000	</row0>
					<row1>	0.0000 1.9065 0.0000 0.0000	</row1>
					<row2>	0.0000 0.0000 1.9065 0.0000	</row2>
					<row3>	0.1858 0.3898 -7.6819 1.0000	</row3>
				</transform>
			</node>
			<node>
				<identifier>	MP_FM955_Bollard_INDEX_3	</identifier>
				<transform>
					<row0>	0.6635 0.0000 -0.1778 0.0000	</row0>
					<row1>	0.0000 0.6869 0.0000 0.0000	</row1>
					<row2>	0.1778 0.0000 0.6635 0.0000	</row2>
					<row3>	0.2901 0.3943 -7.8659 1.0000	</row3>
				</transform>
			</node>
			<node>
				<identifier>	SP_YMS011_YHWL_M_1_INDEX_12	</identifier>
				<transform>
					<row0>	1.1328 0.6088 0.1899 0.0000	</row0>
					<row1>	-0.5983 1.1486 -0.1130 0.0000	</row1>
					<row2>	-0.2207 0.0111 1.2811 0.0000	</row2>
					<row3>	-0.5594 0.0000 -6.4099 1.0000	</row3>
				</transform>
			</node>
			<node>
				<identifier>	SP_YMS011_YHWL_M_1_INDEX_13	</identifier>
				<transform>
					<row0>	0.9931 0.7682 0.3370 0.0000	</row0>
					<row1>	-0.7299 1.0487 -0.2395 0.0000	</row1>
					<row2>	-0.4134 -0.0062 1.2325 0.0000	</row2>
					<row3>	-0.2856 -0.0024 -7.4737 1.0000	</row3>
				</transform>
			</node>
			<node>
				<identifier>	SP_YMS012_YHWR_M_1_INDEX_12	</identifier>
				<transform>
					<row0>	1.1328 -0.6088 -0.1899 0.0000	</row0>
					<row1>	0.5983 1.1486 -0.1130 0.0000	</row1>
					<row2>	0.2207 0.0111 1.2811 0.0000	</row2>
					<row3>	0.5594 0.0000 -6.4099 1.0000	</row3>
				</transform>
			</node>
			<node>
				<identifier>	SP_YMS012_YHWR_M_1_INDEX_13	</identifier>
				<transform>
					<row0>	0.9931 -0.7682 -0.3370 0.0000	</row0>
					<row1>	0.7299 1.0487 -0.2395 0.0000	</row1>
					<row2>	0.4134 -0.0062 1.2325 0.0000	</row2>
					<row3>	0.2856 -0.0024 -7.4737 1.0000	</row3>
				</transform>
			</node>
			<node>
				<identifier>	SP_YMS023_YHUC_L_1_INDEX_2	</identifier>
				<transform>
					<row0>	0.6232 0.1012 -0.0074 0.0000	</row0>
					<row1>	-0.1014 0.6227 -0.0248 0.0000	</row1>
					<row2>	0.0033 0.0256 0.6309 0.0000	</row2>
					<row3>	-0.3242 -0.4949 -6.7509 1.0000	</row3>
				</transform>
			</node>
			<node>
				<identifier>	SP_YMS023_YHUC_L_1_INDEX_3	</identifier>
				<transform>
					<row0>	0.6232 -0.1012 0.0074 0.0000	</row0>
					<row1>	0.1014 0.6227 -0.0248 0.0000	</row1>
					<row2>	-0.0033 0.0256 0.6309 0.0000	</row2>
					<row3>	0.3242 -0.4949 -6.7509 1.0000	</row3>
				</transform>
			</node>
			<node>
				<identifier>	SP_YMS030_YHAM_M_1	</identifier>
				<transform>
					<row0>	0.9136 0.0000 0.0000 0.0000	</row0>
					<row1>	0.0000 0.9136 0.0000 0.0000	</row1>
					<row2>	0.0000 0.0000 0.9136 0.0000	</row2>
					<row3>	0.0000 0.2177 -8.2406 1.0000	</row3>
				</transform>
			</node>
			<node>
				<identifier>	SP_YMS031_YHAL_M_1	</identifier>
				<transform>
					<row0>	0.8873 0.2524 0.3859 0.0000	</row0>
					<row1>	-0.2315 0.9676 -0.1007 0.0000	</row1>
					<row2>	-0.3988 0.0000 0.9170 0.0000	</row2>
					<row3>	-0.3214 0.2425 -7.8662 1.0000	</row3>
				</transform>
			</node>
			<node>
				<identifier>	SP_YMS032_YHAR_M_1	</identifier>
				<transform>
					<row0>	0.8873 -0.2524 -0.3859 0.0000	</row0>
					<row1>	0.2315 0.9676 -0.1007 0.0000	</row1>
					<row2>	0.3988 0.0000 0.9170 0.0000	</row2>
					<row3>	0.3214 0.2425 -7.8662 1.0000	</row3>
				</transform>
			</node>
			<node>
				<identifier>	SP_YMS061_YHGH_S_1_INDEX_10	</identifier>
				<transform>
					<row0>	-0.1809 0.0000 -0.5253 0.0000	</row0>
					<row1>	0.0000 0.5556 0.0000 0.0000	</row1>
					<row2>	0.5253 0.0000 -0.1809 0.0000	</row2>
					<row3>	0.2432 0.5841 -7.0106 1.0000	</row3>
				</transform>
			</node>
			<node>
				<identifier>	SP_YMS061_YHGH_S_1_INDEX_7	</identifier>
				<transform>
					<row0>	-0.2659 0.0000 0.4878 0.0000	</row0>
					<row1>	0.0000 0.5556 0.0000 0.0000	</row1>
					<row2>	-0.4878 0.0000 -0.2659 0.0000	</row2>
					<row3>	-0.1696 0.5841 -6.5157 1.0000	</row3>
				</transform>
			</node>
			<node>
				<identifier>	SP_YMS061_YHGH_S_1_INDEX_8	</identifier>
				<transform>
					<row0>	-0.2659 0.0000 -0.4878 0.0000	</row0>
					<row1>	0.0000 0.5556 0.0000 0.0000	</row1>
					<row2>	0.4878 0.0000 -0.2659 0.0000	</row2>
					<row3>	0.1696 0.5841 -6.5157 1.0000	</row3>
				</transform>
			</node>
			<node>
				<identifier>	SP_YMS061_YHGH_S_1_INDEX_9	</identifier>
				<transform>
					<row0>	-0.1809 0.0000 0.5253 0.0000	</row0>
					<row1>	0.0000 0.5556 0.0000 0.0000	</row1>
					<row2>	-0.5253 0.0000 -0.1809 0.0000	</row2>
					<row3>	-0.2432 0.5841 -7.0106 1.0000	</row3>
				</transform>
			</node>
			<node>
				<identifier>	SP_YMS080_YHSL_M_1_INDEX_3	</identifier>
				<transform>
					<row0>	0.9582 0.2300 0.1701 0.0000	</row0>
					<row1>	-0.2265 0.9732 -0.0402 0.0000	</row1>
					<row2>	-0.1747 0.0000 0.9846 0.0000	</row2>
					<row3>	-0.5812 0.2420 -6.7688 1.0000	</row3>
				</transform>
			</node>
			<node>
				<identifier>	SP_YMS081_YHSR_M_1_INDEX_3	</identifier>
				<transform>
					<row0>	0.9582 -0.2300 -0.1701 0.0000	</row0>
					<row1>	0.2265 0.9732 -0.0402 0.0000	</row1>
					<row2>	0.1747 0.0000 0.9846 0.0000	</row2>
					<row3>	0.5812 0.2420 -6.7688 1.0000	</row3>
				</transform>
			</node>
		</node>
	</node>
	<boundingBox>
		<min>	-0.0667 -0.0667 -0.0667	</min>
		<max>	0.0667 0.0667 0.0667	</max>
	</boundingBox>
</FSB003_Richelieu_1944_Stern_ports.visual>
