<JSB010_Nagato_1944_Bow_ports.visual>
	<node>
		<identifier>	Scene Root	</identifier>
		<transform>
			<row0>	1.0000 0.0000 0.0000 0.0000	</row0>
			<row1>	0.0000 1.0000 0.0000 0.0000	</row1>
			<row2>	0.0000 0.0000 1.0000 0.0000	</row2>
			<row3>	0.0000 0.0000 0.0000 1.0000	</row3>
		</transform>
		<node>
			<identifier>	Bow_ports	</identifier>
			<transform>
				<row0>	1.0000 0.0000 0.0000 0.0000	</row0>
				<row1>	0.0000 1.0000 0.0000 0.0000	</row1>
				<row2>	0.0000 0.0000 1.0000 0.0000	</row2>
				<row3>	0.0000 0.0000 0.0000 1.0000	</row3>
			</transform>
			<node>
				<identifier>	HP_FX_Death_1	</identifier>
				<transform>
					<row0>	1.0000 0.0000 0.0000 0.0000	</row0>
					<row1>	0.0000 1.0000 0.0000 0.0000	</row1>
					<row2>	0.0000 0.0000 1.0000 0.0000	</row2>
					<row3>	0.0000 0.0000 5.1005 1.0000	</row3>
				</transform>
			</node>
			<node>
				<identifier>	HP_FX_Fire_1	</identifier>
				<transform>
					<row0>	1.0000 0.0000 0.0000 0.0000	</row0>
					<row1>	0.0000 1.0000 0.0000 0.0000	</row1>
					<row2>	0.0000 0.0000 1.0000 0.0000	</row2>
					<row3>	0.0000 0.4869 5.8336 1.0000	</row3>
				</transform>
			</node>
			<node>
				<identifier>	HP_FX_WakeTrace	</identifier>
				<transform>
					<row0>	1.0000 0.0000 0.0000 0.0000	</row0>
					<row1>	0.0000 1.0000 0.0000 0.0000	</row1>
					<row2>	0.0000 0.0000 1.0000 0.0000	</row2>
					<row3>	0.0000 0.0000 7.3622 1.0000	</row3>
				</transform>
			</node>
			<node>
				<identifier>	HP_JGA_1	</identifier>
				<transform>
					<row0>	0.7071 0.0000 0.7071 0.0000	</row0>
					<row1>	0.0000 1.0000 0.0000 0.0000	</row1>
					<row2>	-0.7071 0.0000 0.7071 0.0000	</row2>
					<row3>	-0.3642 0.4711 5.9861 1.0000	</row3>
				</transform>
			</node>
			<node>
				<identifier>	HP_JGA_2	</identifier>
				<transform>
					<row0>	0.7071 0.0000 -0.7071 0.0000	</row0>
					<row1>	0.0000 1.0000 0.0000 0.0000	</row1>
					<row2>	0.7071 0.0000 0.7071 0.0000	</row2>
					<row3>	0.3642 0.4711 5.9861 1.0000	</row3>
				</transform>
			</node>
			<node>
				<identifier>	HP_JGA_3	</identifier>
				<transform>
					<row0>	0.7071 0.0000 0.7071 0.0000	</row0>
					<row1>	0.0000 1.0000 0.0000 0.0000	</row1>
					<row2>	-0.7071 0.0000 0.7071 0.0000	</row2>
					<row3>	-0.4152 0.4631 5.7294 1.0000	</row3>
				</transform>
			</node>
			<node>
				<identifier>	HP_JGA_4	</identifier>
				<transform>
					<row0>	0.7071 0.0000 -0.7071 0.0000	</row0>
					<row1>	0.0000 1.0000 0.0000 0.0000	</row1>
					<row2>	0.7071 0.0000 0.7071 0.0000	</row2>
					<row3>	0.4152 0.4631 5.7294 1.0000	</row3>
				</transform>
			</node>
			<node>
				<identifier>	HP_JGA_5	</identifier>
				<transform>
					<row0>	0.7071 0.0000 -0.7071 0.0000	</row0>
					<row1>	0.0000 1.0000 0.0000 0.0000	</row1>
					<row2>	0.7071 0.0000 0.7071 0.0000	</row2>
					<row3>	0.4992 0.4578 5.5256 1.0000	</row3>
				</transform>
			</node>
			<node>
				<identifier>	HP_JGA_7	</identifier>
				<transform>
					<row0>	0.7071 0.0000 0.7071 0.0000	</row0>
					<row1>	0.0000 1.0000 0.0000 0.0000	</row1>
					<row2>	-0.7071 0.0000 0.7071 0.0000	</row2>
					<row3>	-0.4738 0.4577 5.5260 1.0000	</row3>
				</transform>
			</node>
			<node>
				<identifier>	HP_Ship_death_1	</identifier>
				<transform>
					<row0>	1.0000 0.0000 0.0000 0.0000	</row0>
					<row1>	0.0000 1.0000 0.0000 0.0000	</row1>
					<row2>	0.0000 0.0000 1.0000 0.0000	</row2>
					<row3>	0.0000 0.0000 5.1005 1.0000	</row3>
				</transform>
			</node>
			<node>
				<identifier>	MP_CM005_Anchor_1	</identifier>
				<transform>
					<row0>	0.4983 1.4993 0.8625 0.0000	</row0>
					<row1>	-0.0471 0.9090 -1.5529 0.0000	</row1>
					<row2>	-1.7290 0.4073 0.2908 0.0000	</row2>
					<row3>	0.1932 0.4786 6.9712 1.0000	</row3>
				</transform>
			</node>
			<node>
				<identifier>	MP_CM005_Anchor_1_INDEX_1	</identifier>
				<transform>
					<row0>	0.3992 -1.5071 -0.8996 0.0000	</row0>
					<row1>	0.0215 0.9268 -1.5429 0.0000	</row1>
					<row2>	1.7550 0.3314 0.2235 0.0000	</row2>
					<row3>	-0.1932 0.4786 6.9712 1.0000	</row3>
				</transform>
			</node>
			<node>
				<identifier>	MP_JM018_Ventilators_2	</identifier>
				<transform>
					<row0>	-1.0000 0.0000 0.0000 0.0000	</row0>
					<row1>	0.0000 1.0000 0.0000 0.0000	</row1>
					<row2>	0.0000 0.0000 -1.0000 0.0000	</row2>
					<row3>	0.2174 0.4587 5.6347 1.0000	</row3>
				</transform>
			</node>
			<node>
				<identifier>	MP_JM018_Ventilators_2_INDEX_1	</identifier>
				<transform>
					<row0>	-0.5000 0.0000 0.0000 0.0000	</row0>
					<row1>	0.0000 0.5000 0.0000 0.0000	</row1>
					<row2>	0.0000 0.0000 -0.5000 0.0000	</row2>
					<row3>	0.0027 0.4735 6.1110 1.0000	</row3>
				</transform>
			</node>
			<node>
				<identifier>	MP_JM018_Ventilators_2_INDEX_2	</identifier>
				<transform>
					<row0>	-1.0000 0.0000 0.0000 0.0000	</row0>
					<row1>	0.0000 1.0000 0.0000 0.0000	</row1>
					<row2>	0.0000 0.0000 -1.0000 0.0000	</row2>
					<row3>	0.0460 0.4819 6.4329 1.0000	</row3>
				</transform>
			</node>
			<node>
				<identifier>	MP_JM018_Ventilators_2_INDEX_3	</identifier>
				<transform>
					<row0>	-1.0000 0.0000 0.0000 0.0000	</row0>
					<row1>	0.0000 1.0000 0.0000 0.0000	</row1>
					<row2>	0.0000 0.0000 -1.0000 0.0000	</row2>
					<row3>	-0.0413 0.4813 6.4123 1.0000	</row3>
				</transform>
			</node>
			<node>
				<identifier>	MP_JM018_Ventilators_2_INDEX_4	</identifier>
				<transform>
					<row0>	-1.0000 0.0000 0.0000 0.0000	</row0>
					<row1>	0.0000 1.0000 0.0000 0.0000	</row1>
					<row2>	0.0000 0.0000 -1.0000 0.0000	</row2>
					<row3>	0.0007 0.4713 6.0578 1.0000	</row3>
				</transform>
			</node>
			<node>
				<identifier>	MP_JM020_Ventilators_4	</identifier>
				<transform>
					<row0>	-1.0000 0.0000 0.0000 0.0000	</row0>
					<row1>	0.0000 1.0000 0.0000 0.0000	</row1>
					<row2>	0.0000 0.0000 -1.0000 0.0000	</row2>
					<row3>	0.0000 0.4657 5.8728 1.0000	</row3>
				</transform>
			</node>
			<node>
				<identifier>	MP_JM022_Ventilators_6	</identifier>
				<transform>
					<row0>	0.7000 0.0000 0.0000 0.0000	</row0>
					<row1>	0.0000 0.7000 0.0000 0.0000	</row1>
					<row2>	0.0000 0.0000 0.7000 0.0000	</row2>
					<row3>	-0.2623 0.4620 5.7460 1.0000	</row3>
				</transform>
			</node>
			<node>
				<identifier>	MP_JM022_Ventilators_6_INDEX_1	</identifier>
				<transform>
					<row0>	0.5000 0.0000 0.0000 0.0000	</row0>
					<row1>	0.0000 0.5000 0.0000 0.0000	</row1>
					<row2>	0.0000 0.0000 0.5000 0.0000	</row2>
					<row3>	-0.2623 0.4662 5.8828 1.0000	</row3>
				</transform>
			</node>
			<node>
				<identifier>	MP_JM022_Ventilators_6_INDEX_2	</identifier>
				<transform>
					<row0>	0.5000 0.0000 0.0000 0.0000	</row0>
					<row1>	0.0000 0.5000 0.0000 0.0000	</row1>
					<row2>	0.0000 0.0000 0.5000 0.0000	</row2>
					<row3>	0.2450 0.4620 5.7474 1.0000	</row3>
				</transform>
			</node>
			<node>
				<identifier>	MP_JM022_Ventilators_6_INDEX_3	</identifier>
				<transform>
					<row0>	0.3000 0.0000 0.0000 0.0000	</row0>
					<row1>	0.0000 0.3000 0.0000 0.0000	</row1>
					<row2>	0.0000 0.0000 0.3000 0.0000	</row2>
					<row3>	0.2816 0.4911 6.7573 1.0000	</row3>
				</transform>
			</node>
			<node>
				<identifier>	MP_JM022_Ventilators_6_INDEX_4	</identifier>
				<transform>
					<row0>	0.3000 0.0000 0.0000 0.0000	</row0>
					<row1>	0.0000 0.3000 0.0000 0.0000	</row1>
					<row2>	0.0000 0.0000 0.3000 0.0000	</row2>
					<row3>	-0.2777 0.4911 6.7580 1.0000	</row3>
				</transform>
			</node>
			<node>
				<identifier>	MP_JM022_Ventilators_6_INDEX_5	</identifier>
				<transform>
					<row0>	0.7000 0.0000 0.0000 0.0000	</row0>
					<row1>	0.0000 0.7000 0.0000 0.0000	</row1>
					<row2>	0.0000 0.0000 0.7000 0.0000	</row2>
					<row3>	-0.2616 0.4586 5.6287 1.0000	</row3>
				</transform>
			</node>
			<node>
				<identifier>	MP_JM026_Bollards	</identifier>
				<transform>
					<row0>	-0.1959 -0.0306 -0.9802 0.0000	</row0>
					<row1>	-0.0054 0.9995 -0.0301 0.0000	</row1>
					<row2>	0.9806 -0.0006 -0.1959 0.0000	</row2>
					<row3>	-0.5082 0.4601 5.7262 1.0000	</row3>
				</transform>
			</node>
			<node>
				<identifier>	MP_JM026_Bollards_INDEX_1	</identifier>
				<transform>
					<row0>	-0.1339 -0.0174 -0.3871 0.0000	</row0>
					<row1>	-0.0005 0.4096 -0.0183 0.0000	</row1>
					<row2>	0.3875 -0.0055 -0.1338 0.0000	</row2>
					<row3>	-0.1446 0.5077 7.3771 1.0000	</row3>
				</transform>
			</node>
			<node>
				<identifier>	MP_JM026_Bollards_INDEX_2	</identifier>
				<transform>
					<row0>	-0.1959 0.0306 0.9802 0.0000	</row0>
					<row1>	0.0054 0.9995 -0.0301 0.0000	</row1>
					<row2>	-0.9806 -0.0006 -0.1959 0.0000	</row2>
					<row3>	0.5081 0.4601 5.7262 1.0000	</row3>
				</transform>
			</node>
			<node>
				<identifier>	MP_JM026_Bollards_INDEX_3	</identifier>
				<transform>
					<row0>	-0.1339 0.0174 0.3871 0.0000	</row0>
					<row1>	0.0005 0.4096 -0.0183 0.0000	</row1>
					<row2>	-0.3875 -0.0055 -0.1338 0.0000	</row2>
					<row3>	0.1446 0.5077 7.3771 1.0000	</row3>
				</transform>
			</node>
			<node>
				<identifier>	MP_JM026_Bollards_INDEX_4	</identifier>
				<transform>
					<row0>	-0.0055 0.0246 0.9997 0.0000	</row0>
					<row1>	0.0008 0.9997 -0.0246 0.0000	</row1>
					<row2>	-1.0000 0.0006 -0.0055 0.0000	</row2>
					<row3>	0.0000 0.4900 6.6996 1.0000	</row3>
				</transform>
			</node>
			<node>
				<identifier>	MP_JM027_Fairlead_2	</identifier>
				<transform>
					<row0>	1.1885 -0.0033 -0.1658 0.0000	</row0>
					<row1>	0.0000 0.9998 -0.0200 0.0000	</row1>
					<row2>	0.1382 0.0198 0.9902 0.0000	</row2>
					<row3>	-0.6603 0.4554 5.0574 1.0000	</row3>
				</transform>
			</node>
			<node>
				<identifier>	MP_JM029_Leadsman_Platform	</identifier>
				<transform>
					<row0>	0.9224 0.0235 0.3854 0.0000	</row0>
					<row1>	0.0000 0.9981 -0.0609 0.0000	</row1>
					<row2>	-0.3861 0.0561 0.9207 0.0000	</row2>
					<row3>	0.1235 0.5138 7.4724 1.0000	</row3>
				</transform>
			</node>
			<node>
				<identifier>	MP_JM029_Leadsman_Platform_INDEX_1	</identifier>
				<transform>
					<row0>	-0.9906 0.0018 0.1370 0.0000	</row0>
					<row1>	0.0000 0.9999 -0.0133 0.0000	</row1>
					<row2>	-0.1370 -0.0131 -0.9905 0.0000	</row2>
					<row3>	-0.6985 0.4424 4.8742 1.0000	</row3>
				</transform>
			</node>
			<node>
				<identifier>	MP_JM029_Leadsman_Platform_INDEX_2	</identifier>
				<transform>
					<row0>	-0.9240 0.0233 0.3817 0.0000	</row0>
					<row1>	-0.0004 0.9981 -0.0620 0.0000	</row1>
					<row2>	-0.3824 -0.0574 -0.9222 0.0000	</row2>
					<row3>	-0.1234 0.5138 7.4724 1.0000	</row3>
				</transform>
			</node>
			<node>
				<identifier>	MP_JM044_After_Capstan	</identifier>
				<transform>
					<row0>	2.2000 0.0000 0.0000 0.0000	</row0>
					<row1>	0.0000 1.8000 0.0000 0.0000	</row1>
					<row2>	0.0000 0.0000 2.2000 0.0000	</row2>
					<row3>	0.0000 0.4579 5.6239 1.0000	</row3>
				</transform>
			</node>
			<node>
				<identifier>	MP_JM058_Deck_Hatch_7	</identifier>
				<transform>
					<row0>	0.0000 0.0349 0.9994 0.0000	</row0>
					<row1>	0.0000 0.9994 -0.0349 0.0000	</row1>
					<row2>	-1.0000 0.0000 0.0000 0.0000	</row2>
					<row3>	0.4287 0.4595 5.5955 1.0000	</row3>
				</transform>
			</node>
			<node>
				<identifier>	MP_JM058_Deck_Hatch_7_INDEX_1	</identifier>
				<transform>
					<row0>	0.0000 0.0523 0.9986 0.0000	</row0>
					<row1>	0.0000 0.9986 -0.0523 0.0000	</row1>
					<row2>	-1.0000 0.0000 0.0000 0.0000	</row2>
					<row3>	0.3039 0.4648 5.8168 1.0000	</row3>
				</transform>
			</node>
			<node>
				<identifier>	MP_JM058_Deck_Hatch_7_INDEX_2	</identifier>
				<transform>
					<row0>	0.0000 -0.0349 -0.9994 0.0000	</row0>
					<row1>	0.0000 0.9994 -0.0349 0.0000	</row1>
					<row2>	1.0000 0.0000 0.0000 0.0000	</row2>
					<row3>	-0.3039 0.4648 5.8168 1.0000	</row3>
				</transform>
			</node>
			<node>
				<identifier>	MP_JM058_Deck_Hatch_7_INDEX_3	</identifier>
				<transform>
					<row0>	0.0000 -0.0349 -0.9994 0.0000	</row0>
					<row1>	0.0000 0.9994 -0.0349 0.0000	</row1>
					<row2>	1.0000 0.0000 0.0000 0.0000	</row2>
					<row3>	-0.3893 0.4591 5.6157 1.0000	</row3>
				</transform>
			</node>
			<node>
				<identifier>	MP_JM061_Deck_Hatch_10	</identifier>
				<transform>
					<row0>	-0.0047 0.0246 0.9997 0.0000	</row0>
					<row1>	0.0002 0.9997 -0.0246 0.0000	</row1>
					<row2>	-1.0000 0.0001 -0.0047 0.0000	</row2>
					<row3>	0.0000 0.4794 6.3008 1.0000	</row3>
				</transform>
			</node>
			<node>
				<identifier>	MP_JM079_Roller_Fairled	</identifier>
				<transform>
					<row0>	-0.2382 -0.0249 -0.9709 0.0000	</row0>
					<row1>	0.0025 0.9997 -0.0262 0.0000	</row1>
					<row2>	0.9712 -0.0087 -0.2380 0.0000	</row2>
					<row3>	-0.4073 0.4840 6.4095 1.0000	</row3>
				</transform>
			</node>
			<node>
				<identifier>	MP_JM079_Roller_Fairled_INDEX_1	</identifier>
				<transform>
					<row0>	-0.2382 0.0249 0.9709 0.0000	</row0>
					<row1>	-0.0025 0.9997 -0.0262 0.0000	</row1>
					<row2>	-0.9712 -0.0087 -0.2380 0.0000	</row2>
					<row3>	0.4073 0.4840 6.4095 1.0000	</row3>
				</transform>
			</node>
			<node>
				<identifier>	MP_JM125_Signal_Lamp_3	</identifier>
				<transform>
					<row0>	0.0000 0.0000 1.7000 0.0000	</row0>
					<row1>	0.0000 1.7000 0.0000 0.0000	</row1>
					<row2>	-1.7000 0.0000 0.0000 0.0000	</row2>
					<row3>	0.0000 1.0373 7.5698 1.0000	</row3>
				</transform>
			</node>
			<node>
				<identifier>	MP_JM141_Break_Handwheel_1	</identifier>
				<transform>
					<row0>	1.0607 0.0000 1.0607 0.0000	</row0>
					<row1>	0.0000 1.5000 0.0000 0.0000	</row1>
					<row2>	-1.0607 0.0000 1.0607 0.0000	</row2>
					<row3>	-0.1488 0.4414 5.1082 1.0000	</row3>
				</transform>
			</node>
			<node>
				<identifier>	MP_JM141_Break_Handwheel_1_INDEX_1	</identifier>
				<transform>
					<row0>	1.5000 0.0000 0.0000 0.0000	</row0>
					<row1>	0.0000 1.5000 0.0000 0.0000	</row1>
					<row2>	0.0000 0.0000 1.5000 0.0000	</row2>
					<row3>	0.1487 0.4414 5.1082 1.0000	</row3>
				</transform>
			</node>
			<node>
				<identifier>	MP_JM306_Chrysanthemum_mid	</identifier>
				<transform>
					<row0>	0.8577 0.0000 0.0000 0.0000	</row0>
					<row1>	0.0000 0.8577 0.0095 0.0000	</row1>
					<row2>	0.0000 -0.0095 0.8577 0.0000	</row2>
					<row3>	0.0000 0.5344 7.6510 1.0000	</row3>
				</transform>
			</node>
			<node>
				<identifier>	MP_JM307_Chrysanthemum_petal_1	</identifier>
				<transform>
					<row0>	0.7964 0.3357 0.1161 0.0000	</row0>
					<row1>	-0.3319 0.7908 -0.0097 0.0000	</row1>
					<row2>	-0.1090 -0.0354 0.8500 0.0000	</row2>
					<row3>	0.0000 0.5344 7.6493 1.0000	</row3>
				</transform>
			</node>
			<node>
				<identifier>	MP_JM307_Chrysanthemum_petal_1_INDEX_1	</identifier>
				<transform>
					<row0>	0.5793 0.6071 0.2107 0.0000	</row0>
					<row1>	-0.6051 0.6033 -0.0746 0.0000	</row1>
					<row2>	-0.1993 -0.0974 0.8285 0.0000	</row2>
					<row3>	0.0000 0.5344 7.6493 1.0000	</row3>
				</transform>
			</node>
			<node>
				<identifier>	MP_JM307_Chrysanthemum_petal_1_INDEX_2	</identifier>
				<transform>
					<row0>	-0.7842 0.3298 -0.1092 0.0000	</row0>
					<row1>	-0.3279 -0.7918 -0.0358 0.0000	</row1>
					<row2>	-0.1145 0.0090 0.8500 0.0000	</row2>
					<row3>	0.0000 0.5344 7.6493 1.0000	</row3>
				</transform>
			</node>
			<node>
				<identifier>	MP_JM307_Chrysanthemum_petal_1_INDEX_3	</identifier>
				<transform>
					<row0>	0.5793 -0.6071 -0.2107 0.0000	</row0>
					<row1>	0.6051 0.6033 -0.0746 0.0000	</row1>
					<row2>	0.1993 -0.0974 0.8285 0.0000	</row2>
					<row3>	0.0000 0.5344 7.6493 1.0000	</row3>
				</transform>
			</node>
			<node>
				<identifier>	MP_JM307_Chrysanthemum_petal_1_INDEX_4	</identifier>
				<transform>
					<row0>	0.8692 0.0000 0.0000 0.0000	</row0>
					<row1>	0.0000 0.8577 0.0095 0.0000	</row1>
					<row2>	0.0000 -0.0095 0.8577 0.0000	</row2>
					<row3>	0.0000 0.5344 7.6493 1.0000	</row3>
				</transform>
			</node>
			<node>
				<identifier>	MP_JM307_Chrysanthemum_petal_1_INDEX_5	</identifier>
				<transform>
					<row0>	-0.5990 -0.6069 0.0925 0.0000	</row0>
					<row1>	0.6027 -0.6060 -0.0722 0.0000	</row1>
					<row2>	0.1164 0.0146 0.8497 0.0000	</row2>
					<row3>	0.0000 0.5344 7.6493 1.0000	</row3>
				</transform>
			</node>
			<node>
				<identifier>	MP_JM307_Chrysanthemum_petal_1_INDEX_6	</identifier>
				<transform>
					<row0>	0.7964 -0.3357 -0.1161 0.0000	</row0>
					<row1>	0.3319 0.7908 -0.0097 0.0000	</row1>
					<row2>	0.1090 -0.0354 0.8500 0.0000	</row2>
					<row3>	0.0000 0.5344 7.6493 1.0000	</row3>
				</transform>
			</node>
			<node>
				<identifier>	MP_JM307_Chrysanthemum_petal_1_INDEX_7	</identifier>
				<transform>
					<row0>	-0.5990 0.6069 -0.0925 0.0000	</row0>
					<row1>	-0.6027 -0.6060 -0.0722 0.0000	</row1>
					<row2>	-0.1164 0.0146 0.8497 0.0000	</row2>
					<row3>	0.0000 0.5344 7.6493 1.0000	</row3>
				</transform>
			</node>
			<node>
				<identifier>	MP_JM307_Chrysanthemum_petal_1_INDEX_8	</identifier>
				<transform>
					<row0>	-0.7842 -0.3298 0.1092 0.0000	</row0>
					<row1>	0.3279 -0.7918 -0.0358 0.0000	</row1>
					<row2>	0.1145 0.0090 0.8500 0.0000	</row2>
					<row3>	0.0000 0.5344 7.6493 1.0000	</row3>
				</transform>
			</node>
			<node>
				<identifier>	MP_JM307_Chrysanthemum_petal_1_INDEX_9	</identifier>
				<transform>
					<row0>	-0.8577 0.0000 0.0000 0.0000	</row0>
					<row1>	0.0000 -0.8577 -0.0095 0.0000	</row1>
					<row2>	0.0000 -0.0095 0.8577 0.0000	</row2>
					<row3>	0.0000 0.5344 7.6493 1.0000	</row3>
				</transform>
			</node>
			<node>
				<identifier>	MP_JM308_Chrysanthemum_petal_2	</identifier>
				<transform>
					<row0>	-0.2749 -0.7744 0.2468 0.0000	</row0>
					<row1>	0.8062 -0.2927 -0.0206 0.0000	</row1>
					<row2>	0.1028 0.2253 0.8215 0.0000	</row2>
					<row3>	0.0000 0.5344 7.6493 1.0000	</row3>
				</transform>
			</node>
			<node>
				<identifier>	MP_JM308_Chrysanthemum_petal_2_INDEX_1	</identifier>
				<transform>
					<row0>	-0.2749 0.7744 -0.2468 0.0000	</row0>
					<row1>	-0.8062 -0.2927 -0.0206 0.0000	</row1>
					<row2>	-0.1028 0.2253 0.8215 0.0000	</row2>
					<row3>	0.0000 0.5344 7.6493 1.0000	</row3>
				</transform>
			</node>
			<node>
				<identifier>	MP_JM308_Chrysanthemum_petal_2_INDEX_2	</identifier>
				<transform>
					<row0>	0.2893 -0.7838 -0.1953 0.0000	</row0>
					<row1>	0.8021 0.3033 -0.0289 0.0000	</row1>
					<row2>	0.0954 -0.1728 0.8350 0.0000	</row2>
					<row3>	0.0000 0.5344 7.6493 1.0000	</row3>
				</transform>
			</node>
			<node>
				<identifier>	MP_JM308_Chrysanthemum_petal_2_INDEX_3	</identifier>
				<transform>
					<row0>	0.2893 0.7838 0.1953 0.0000	</row0>
					<row1>	-0.8021 0.3033 -0.0289 0.0000	</row1>
					<row2>	-0.0954 -0.1728 0.8350 0.0000	</row2>
					<row3>	0.0000 0.5344 7.6493 1.0000	</row3>
				</transform>
			</node>
			<node>
				<identifier>	MP_JM309_Chrysanthemum_petal_3	</identifier>
				<transform>
					<row0>	0.0000 -0.8580 0.0000 0.0000	</row0>
					<row1>	0.8580 0.0000 0.0070 0.0000	</row1>
					<row2>	-0.0070 0.0000 0.8580 0.0000	</row2>
					<row3>	0.0000 0.5344 7.6493 1.0000	</row3>
				</transform>
			</node>
			<node>
				<identifier>	MP_JM309_Chrysanthemum_petal_3_INDEX_1	</identifier>
				<transform>
					<row0>	0.0000 0.8580 0.0000 0.0000	</row0>
					<row1>	-0.8580 0.0000 0.0070 0.0000	</row1>
					<row2>	0.0070 0.0000 0.8580 0.0000	</row2>
					<row3>	0.0000 0.5344 7.6493 1.0000	</row3>
				</transform>
			</node>
		</node>
	</node>
	<boundingBox>
		<min>	-0.0667 -0.0667 -0.0667	</min>
		<max>	0.0667 0.0667 0.0667	</max>
	</boundingBox>
</JSB010_Nagato_1944_Bow_ports.visual>
