<ASD042_Gearing_1945_Stern_ports.visual>
	<node>
		<identifier>	Scene Root	</identifier>
		<transform>
			<row0>	1.0000 0.0000 0.0000 0.0000	</row0>
			<row1>	0.0000 1.0000 0.0000 0.0000	</row1>
			<row2>	0.0000 0.0000 1.0000 0.0000	</row2>
			<row3>	0.0000 0.0000 0.0000 1.0000	</row3>
		</transform>
		<node>
			<identifier>	Stern_ports	</identifier>
			<transform>
				<row0>	1.0000 0.0000 0.0000 0.0000	</row0>
				<row1>	0.0000 1.0000 0.0000 0.0000	</row1>
				<row2>	0.0000 0.0000 1.0000 0.0000	</row2>
				<row3>	0.0000 0.0000 0.0000 1.0000	</row3>
			</transform>
			<node>
				<identifier>	HP_FX_Death_3	</identifier>
				<transform>
					<row0>	1.0000 0.0000 0.0000 0.0000	</row0>
					<row1>	0.0000 1.0000 0.0000 0.0000	</row1>
					<row2>	0.0000 0.0000 1.0000 0.0000	</row2>
					<row3>	0.0000 0.0000 -2.6430 1.0000	</row3>
				</transform>
			</node>
			<node>
				<identifier>	HP_FX_Fire_4	</identifier>
				<transform>
					<row0>	1.0000 0.0000 0.0000 0.0000	</row0>
					<row1>	0.0000 1.0000 0.0000 0.0000	</row1>
					<row2>	0.0000 0.0000 1.0000 0.0000	</row2>
					<row3>	0.0000 0.2199 -3.4373 1.0000	</row3>
				</transform>
			</node>
			<node>
				<identifier>	HP_FX_WakeTraceBack	</identifier>
				<transform>
					<row0>	1.0000 0.0000 0.0000 0.0000	</row0>
					<row1>	0.0000 1.0000 0.0000 0.0000	</row1>
					<row2>	0.0000 0.0000 1.0000 0.0000	</row2>
					<row3>	0.0000 0.0000 -3.8870 1.0000	</row3>
				</transform>
			</node>
			<node>
				<identifier>	HP_FX_WakeTrace_screw_1	</identifier>
				<transform>
					<row0>	1.0000 0.0000 0.0000 0.0000	</row0>
					<row1>	0.0000 1.0000 0.0000 0.0000	</row1>
					<row2>	0.0000 0.0000 1.0000 0.0000	</row2>
					<row3>	-0.1796 -0.2574 -3.4591 1.0000	</row3>
				</transform>
			</node>
			<node>
				<identifier>	HP_FX_WakeTrace_screw_2	</identifier>
				<transform>
					<row0>	1.0000 0.0000 0.0000 0.0000	</row0>
					<row1>	0.0000 1.0000 0.0000 0.0000	</row1>
					<row2>	0.0000 0.0000 1.0000 0.0000	</row2>
					<row3>	0.1796 -0.2574 -3.4591 1.0000	</row3>
				</transform>
			</node>
			<node>
				<identifier>	HP_Ship_death_3	</identifier>
				<transform>
					<row0>	1.0000 0.0000 0.0000 0.0000	</row0>
					<row1>	0.0000 1.0000 0.0000 0.0000	</row1>
					<row2>	0.0000 0.0000 1.0000 0.0000	</row2>
					<row3>	0.0000 0.0000 -2.5485 1.0000	</row3>
				</transform>
			</node>
			<node>
				<identifier>	MP_AM004_Fairlead_2	</identifier>
				<transform>
					<row0>	-0.0700 0.0065 -0.9975 0.0000	</row0>
					<row1>	0.0238 0.9997 0.0048 0.0000	</row1>
					<row2>	0.9973 -0.0234 -0.0701 0.0000	</row2>
					<row3>	0.3238 0.1533 -3.2602 1.0000	</row3>
				</transform>
			</node>
			<node>
				<identifier>	MP_AM004_Fairlead_2_INDEX_1	</identifier>
				<transform>
					<row0>	-0.1354 0.0037 -0.9908 0.0000	</row0>
					<row1>	0.0115 0.9999 0.0022 0.0000	</row1>
					<row2>	0.9907 -0.0111 -0.1354 0.0000	</row2>
					<row3>	0.2820 0.1560 -3.6895 1.0000	</row3>
				</transform>
			</node>
			<node>
				<identifier>	MP_AM004_Fairlead_2_INDEX_2	</identifier>
				<transform>
					<row0>	-0.1397 -0.0037 0.9902 0.0000	</row0>
					<row1>	-0.0115 0.9999 0.0022 0.0000	</row1>
					<row2>	-0.9901 -0.0111 -0.1397 0.0000	</row2>
					<row3>	-0.2861 0.1560 -3.6895 1.0000	</row3>
				</transform>
			</node>
			<node>
				<identifier>	MP_AM004_Fairlead_2_INDEX_3	</identifier>
				<transform>
					<row0>	-0.0700 -0.0065 0.9975 0.0000	</row0>
					<row1>	-0.0238 0.9997 0.0048 0.0000	</row1>
					<row2>	-0.9973 -0.0234 -0.0701 0.0000	</row2>
					<row3>	-0.3238 0.1533 -3.2602 1.0000	</row3>
				</transform>
			</node>
			<node>
				<identifier>	MP_AM046_Running_Lights_B	</identifier>
				<transform>
					<row0>	-1.0000 0.0000 0.0000 0.0000	</row0>
					<row1>	0.0000 1.0000 0.0000 0.0000	</row1>
					<row2>	0.0000 0.0000 -1.0000 0.0000	</row2>
					<row3>	0.0000 0.2323 -3.9510 1.0000	</row3>
				</transform>
			</node>
			<node>
				<identifier>	MP_AM049_Signal_Lamp_1	</identifier>
				<transform>
					<row0>	-1.0000 0.0000 0.0000 0.0000	</row0>
					<row1>	0.0000 0.9761 -0.2172 0.0000	</row1>
					<row2>	0.0000 -0.2172 -0.9761 0.0000	</row2>
					<row3>	0.0000 0.2597 -3.9405 1.0000	</row3>
				</transform>
			</node>
			<node>
				<identifier>	MP_AM316_Bollard	</identifier>
				<transform>
					<row0>	0.9956 -0.0430 -0.0835 0.0000	</row0>
					<row1>	0.0431 0.9991 -0.0014 0.0000	</row1>
					<row2>	0.0835 -0.0022 0.9965 0.0000	</row2>
					<row3>	0.2815 0.1562 -3.4489 1.0000	</row3>
				</transform>
			</node>
			<node>
				<identifier>	MP_AM316_Bollard_INDEX_1	</identifier>
				<transform>
					<row0>	0.9956 0.0430 0.0835 0.0000	</row0>
					<row1>	-0.0431 0.9991 -0.0014 0.0000	</row1>
					<row2>	-0.0835 -0.0022 0.9965 0.0000	</row2>
					<row3>	-0.2815 0.1562 -3.4489 1.0000	</row3>
				</transform>
			</node>
			<node>
				<identifier>	MP_AM336_Ventilation	</identifier>
				<transform>
					<row0>	-0.7100 0.0000 0.0000 0.0000	</row0>
					<row1>	0.0000 0.7100 0.0000 0.0000	</row1>
					<row2>	0.0000 0.0000 -0.7100 0.0000	</row2>
					<row3>	-0.0218 0.1610 -3.3850 1.0000	</row3>
				</transform>
			</node>
			<node>
				<identifier>	MP_AM628_Cooling_tube	</identifier>
				<transform>
					<row0>	-0.6530 0.0000 -0.7574 0.0000	</row0>
					<row1>	0.0000 1.0000 0.0000 0.0000	</row1>
					<row2>	0.7574 0.0000 -0.6530 0.0000	</row2>
					<row3>	0.0936 0.1774 -3.5615 1.0000	</row3>
				</transform>
			</node>
			<node>
				<identifier>	MP_AM628_Cooling_tube_INDEX_1	</identifier>
				<transform>
					<row0>	0.6530 0.0000 -0.7574 0.0000	</row0>
					<row1>	0.0000 1.0000 0.0000 0.0000	</row1>
					<row2>	0.7574 0.0000 0.6530 0.0000	</row2>
					<row3>	-0.1477 0.1721 -3.4987 1.0000	</row3>
				</transform>
			</node>
			<node>
				<identifier>	MP_AM628_Cooling_tube_INDEX_2	</identifier>
				<transform>
					<row0>	0.6530 0.0000 -0.7574 0.0000	</row0>
					<row1>	0.0000 1.0000 0.0000 0.0000	</row1>
					<row2>	0.7574 0.0000 0.6530 0.0000	</row2>
					<row3>	-0.1132 0.1721 -3.5387 1.0000	</row3>
				</transform>
			</node>
			<node>
				<identifier>	MP_AM717_Depth_Charge_MK6	</identifier>
				<transform>
					<row0>	0.0000 0.0000 -1.0000 0.0000	</row0>
					<row1>	0.0000 1.0000 0.0000 0.0000	</row1>
					<row2>	1.0000 0.0000 0.0000 0.0000	</row2>
					<row3>	0.3655 0.2133 -2.0047 1.0000	</row3>
				</transform>
			</node>
			<node>
				<identifier>	MP_AM717_Depth_Charge_MK6_INDEX_1	</identifier>
				<transform>
					<row0>	0.9223 0.0000 -0.3864 0.0000	</row0>
					<row1>	0.0050 0.9999 0.0118 0.0000	</row1>
					<row2>	0.3864 -0.0128 0.9222 0.0000	</row2>
					<row3>	0.1185 0.2027 -3.6581 1.0000	</row3>
				</transform>
			</node>
			<node>
				<identifier>	MP_AM717_Depth_Charge_MK6_INDEX_10	</identifier>
				<transform>
					<row0>	0.9223 0.0000 -0.3864 0.0000	</row0>
					<row1>	0.0050 0.9999 0.0118 0.0000	</row1>
					<row2>	0.3864 -0.0128 0.9222 0.0000	</row2>
					<row3>	0.0954 0.2034 -3.7133 1.0000	</row3>
				</transform>
			</node>
			<node>
				<identifier>	MP_AM717_Depth_Charge_MK6_INDEX_11	</identifier>
				<transform>
					<row0>	0.0000 0.0000 1.0000 0.0000	</row0>
					<row1>	0.0000 1.0000 0.0000 0.0000	</row1>
					<row2>	-1.0000 0.0000 0.0000 0.0000	</row2>
					<row3>	-0.3655 0.2133 -2.0047 1.0000	</row3>
				</transform>
			</node>
			<node>
				<identifier>	MP_AM717_Depth_Charge_MK6_INDEX_12	</identifier>
				<transform>
					<row0>	0.0000 0.0000 -1.0000 0.0000	</row0>
					<row1>	0.0000 1.0000 0.0000 0.0000	</row1>
					<row2>	1.0000 0.0000 0.0000 0.0000	</row2>
					<row3>	0.3358 0.2185 -1.8380 1.0000	</row3>
				</transform>
			</node>
			<node>
				<identifier>	MP_AM717_Depth_Charge_MK6_INDEX_13	</identifier>
				<transform>
					<row0>	0.9223 0.0000 0.3864 0.0000	</row0>
					<row1>	-0.0050 0.9999 0.0118 0.0000	</row1>
					<row2>	-0.3864 -0.0128 0.9222 0.0000	</row2>
					<row3>	-0.1185 0.2027 -3.6581 1.0000	</row3>
				</transform>
			</node>
			<node>
				<identifier>	MP_AM717_Depth_Charge_MK6_INDEX_14	</identifier>
				<transform>
					<row0>	0.9223 0.0000 -0.3864 0.0000	</row0>
					<row1>	0.0050 0.9999 0.0118 0.0000	</row1>
					<row2>	0.3864 -0.0128 0.9222 0.0000	</row2>
					<row3>	0.1301 0.2023 -3.6304 1.0000	</row3>
				</transform>
			</node>
			<node>
				<identifier>	MP_AM717_Depth_Charge_MK6_INDEX_15	</identifier>
				<transform>
					<row0>	0.9223 0.0000 -0.3864 0.0000	</row0>
					<row1>	0.0050 0.9999 0.0118 0.0000	</row1>
					<row2>	0.3864 -0.0128 0.9222 0.0000	</row2>
					<row3>	0.1533 0.2015 -3.5750 1.0000	</row3>
				</transform>
			</node>
			<node>
				<identifier>	MP_AM717_Depth_Charge_MK6_INDEX_16	</identifier>
				<transform>
					<row0>	0.0000 0.0000 1.0000 0.0000	</row0>
					<row1>	0.0000 1.0000 0.0000 0.0000	</row1>
					<row2>	-1.0000 0.0000 0.0000 0.0000	</row2>
					<row3>	-0.3639 0.2133 -2.1722 1.0000	</row3>
				</transform>
			</node>
			<node>
				<identifier>	MP_AM717_Depth_Charge_MK6_INDEX_17	</identifier>
				<transform>
					<row0>	0.9223 0.0000 -0.3864 0.0000	</row0>
					<row1>	0.0050 0.9999 0.0118 0.0000	</row1>
					<row2>	0.3864 -0.0128 0.9222 0.0000	</row2>
					<row3>	0.1417 0.2019 -3.6027 1.0000	</row3>
				</transform>
			</node>
			<node>
				<identifier>	MP_AM717_Depth_Charge_MK6_INDEX_18	</identifier>
				<transform>
					<row0>	0.0000 0.0000 1.0000 0.0000	</row0>
					<row1>	0.0000 1.0000 0.0000 0.0000	</row1>
					<row2>	-1.0000 0.0000 0.0000 0.0000	</row2>
					<row3>	-0.3333 0.2185 -2.0047 1.0000	</row3>
				</transform>
			</node>
			<node>
				<identifier>	MP_AM717_Depth_Charge_MK6_INDEX_19	</identifier>
				<transform>
					<row0>	0.0000 0.0000 -1.0000 0.0000	</row0>
					<row1>	0.0000 1.0000 0.0000 0.0000	</row1>
					<row2>	1.0000 0.0000 0.0000 0.0000	</row2>
					<row3>	0.3333 0.2185 -2.0047 1.0000	</row3>
				</transform>
			</node>
			<node>
				<identifier>	MP_AM717_Depth_Charge_MK6_INDEX_2	</identifier>
				<transform>
					<row0>	0.0000 0.0000 1.0000 0.0000	</row0>
					<row1>	0.0000 1.0000 0.0000 0.0000	</row1>
					<row2>	-1.0000 0.0000 0.0000 0.0000	</row2>
					<row3>	-0.3027 0.2185 -2.0047 1.0000	</row3>
				</transform>
			</node>
			<node>
				<identifier>	MP_AM717_Depth_Charge_MK6_INDEX_20	</identifier>
				<transform>
					<row0>	0.0000 0.0000 1.0000 0.0000	</row0>
					<row1>	0.0000 1.0000 0.0000 0.0000	</row1>
					<row2>	-1.0000 0.0000 0.0000 0.0000	</row2>
					<row3>	-0.3317 0.2185 -2.1722 1.0000	</row3>
				</transform>
			</node>
			<node>
				<identifier>	MP_AM717_Depth_Charge_MK6_INDEX_21	</identifier>
				<transform>
					<row0>	0.9223 0.0000 -0.3864 0.0000	</row0>
					<row1>	0.0050 0.9999 0.0118 0.0000	</row1>
					<row2>	0.3864 -0.0128 0.9222 0.0000	</row2>
					<row3>	0.0838 0.2038 -3.7410 1.0000	</row3>
				</transform>
			</node>
			<node>
				<identifier>	MP_AM717_Depth_Charge_MK6_INDEX_22	</identifier>
				<transform>
					<row0>	0.0000 0.0000 -1.0000 0.0000	</row0>
					<row1>	0.0000 1.0000 0.0000 0.0000	</row1>
					<row2>	1.0000 0.0000 0.0000 0.0000	</row2>
					<row3>	0.3639 0.2133 -2.1722 1.0000	</row3>
				</transform>
			</node>
			<node>
				<identifier>	MP_AM717_Depth_Charge_MK6_INDEX_23	</identifier>
				<transform>
					<row0>	0.0000 0.0000 -1.0000 0.0000	</row0>
					<row1>	0.0000 1.0000 0.0000 0.0000	</row1>
					<row2>	1.0000 0.0000 0.0000 0.0000	</row2>
					<row3>	0.2998 0.2185 -2.1722 1.0000	</row3>
				</transform>
			</node>
			<node>
				<identifier>	MP_AM717_Depth_Charge_MK6_INDEX_24	</identifier>
				<transform>
					<row0>	0.9223 0.0000 0.3864 0.0000	</row0>
					<row1>	-0.0050 0.9999 0.0118 0.0000	</row1>
					<row2>	-0.3864 -0.0128 0.9222 0.0000	</row2>
					<row3>	-0.1417 0.2019 -3.6027 1.0000	</row3>
				</transform>
			</node>
			<node>
				<identifier>	MP_AM717_Depth_Charge_MK6_INDEX_25	</identifier>
				<transform>
					<row0>	0.0000 0.0000 1.0000 0.0000	</row0>
					<row1>	0.0000 1.0000 0.0000 0.0000	</row1>
					<row2>	-1.0000 0.0000 0.0000 0.0000	</row2>
					<row3>	-0.3680 0.2133 -1.8380 1.0000	</row3>
				</transform>
			</node>
			<node>
				<identifier>	MP_AM717_Depth_Charge_MK6_INDEX_26	</identifier>
				<transform>
					<row0>	0.9223 0.0000 0.3864 0.0000	</row0>
					<row1>	-0.0050 0.9999 0.0118 0.0000	</row1>
					<row2>	-0.3864 -0.0128 0.9222 0.0000	</row2>
					<row3>	-0.1301 0.2023 -3.6304 1.0000	</row3>
				</transform>
			</node>
			<node>
				<identifier>	MP_AM717_Depth_Charge_MK6_INDEX_27	</identifier>
				<transform>
					<row0>	0.0000 0.0000 -1.0000 0.0000	</row0>
					<row1>	0.0000 1.0000 0.0000 0.0000	</row1>
					<row2>	1.0000 0.0000 0.0000 0.0000	</row2>
					<row3>	0.3680 0.2133 -1.8380 1.0000	</row3>
				</transform>
			</node>
			<node>
				<identifier>	MP_AM717_Depth_Charge_MK6_INDEX_28	</identifier>
				<transform>
					<row0>	0.0000 0.0000 -1.0000 0.0000	</row0>
					<row1>	0.0000 1.0000 0.0000 0.0000	</row1>
					<row2>	1.0000 0.0000 0.0000 0.0000	</row2>
					<row3>	0.3027 0.2185 -2.0047 1.0000	</row3>
				</transform>
			</node>
			<node>
				<identifier>	MP_AM717_Depth_Charge_MK6_INDEX_29	</identifier>
				<transform>
					<row0>	0.9223 0.0000 -0.3864 0.0000	</row0>
					<row1>	0.0050 0.9999 0.0118 0.0000	</row1>
					<row2>	0.3864 -0.0128 0.9222 0.0000	</row2>
					<row3>	0.1069 0.2030 -3.6858 1.0000	</row3>
				</transform>
			</node>
			<node>
				<identifier>	MP_AM717_Depth_Charge_MK6_INDEX_3	</identifier>
				<transform>
					<row0>	0.9223 0.0000 0.3864 0.0000	</row0>
					<row1>	-0.0050 0.9999 0.0118 0.0000	</row1>
					<row2>	-0.3864 -0.0128 0.9222 0.0000	</row2>
					<row3>	-0.1533 0.2015 -3.5750 1.0000	</row3>
				</transform>
			</node>
			<node>
				<identifier>	MP_AM717_Depth_Charge_MK6_INDEX_30	</identifier>
				<transform>
					<row0>	0.0000 0.0000 -1.0000 0.0000	</row0>
					<row1>	0.0000 1.0000 0.0000 0.0000	</row1>
					<row2>	1.0000 0.0000 0.0000 0.0000	</row2>
					<row3>	0.3317 0.2185 -2.1722 1.0000	</row3>
				</transform>
			</node>
			<node>
				<identifier>	MP_AM717_Depth_Charge_MK6_INDEX_31	</identifier>
				<transform>
					<row0>	0.0000 0.0000 1.0000 0.0000	</row0>
					<row1>	0.0000 1.0000 0.0000 0.0000	</row1>
					<row2>	-1.0000 0.0000 0.0000 0.0000	</row2>
					<row3>	-0.3358 0.2185 -1.8380 1.0000	</row3>
				</transform>
			</node>
			<node>
				<identifier>	MP_AM717_Depth_Charge_MK6_INDEX_4	</identifier>
				<transform>
					<row0>	0.9223 0.0000 0.3864 0.0000	</row0>
					<row1>	-0.0050 0.9999 0.0118 0.0000	</row1>
					<row2>	-0.3864 -0.0128 0.9222 0.0000	</row2>
					<row3>	-0.1069 0.2030 -3.6858 1.0000	</row3>
				</transform>
			</node>
			<node>
				<identifier>	MP_AM717_Depth_Charge_MK6_INDEX_5	</identifier>
				<transform>
					<row0>	0.0000 0.0000 -1.0000 0.0000	</row0>
					<row1>	0.0000 1.0000 0.0000 0.0000	</row1>
					<row2>	1.0000 0.0000 0.0000 0.0000	</row2>
					<row3>	0.3047 0.2185 -1.8380 1.0000	</row3>
				</transform>
			</node>
			<node>
				<identifier>	MP_AM717_Depth_Charge_MK6_INDEX_6	</identifier>
				<transform>
					<row0>	0.0000 0.0000 1.0000 0.0000	</row0>
					<row1>	0.0000 1.0000 0.0000 0.0000	</row1>
					<row2>	-1.0000 0.0000 0.0000 0.0000	</row2>
					<row3>	-0.3047 0.2185 -1.8380 1.0000	</row3>
				</transform>
			</node>
			<node>
				<identifier>	MP_AM717_Depth_Charge_MK6_INDEX_7	</identifier>
				<transform>
					<row0>	0.9223 0.0000 0.3864 0.0000	</row0>
					<row1>	-0.0050 0.9999 0.0118 0.0000	</row1>
					<row2>	-0.3864 -0.0128 0.9222 0.0000	</row2>
					<row3>	-0.0954 0.2034 -3.7133 1.0000	</row3>
				</transform>
			</node>
			<node>
				<identifier>	MP_AM717_Depth_Charge_MK6_INDEX_8	</identifier>
				<transform>
					<row0>	0.9223 0.0000 0.3864 0.0000	</row0>
					<row1>	-0.0050 0.9999 0.0118 0.0000	</row1>
					<row2>	-0.3864 -0.0128 0.9222 0.0000	</row2>
					<row3>	-0.0838 0.2038 -3.7410 1.0000	</row3>
				</transform>
			</node>
			<node>
				<identifier>	MP_AM717_Depth_Charge_MK6_INDEX_9	</identifier>
				<transform>
					<row0>	0.0000 0.0000 1.0000 0.0000	</row0>
					<row1>	0.0000 1.0000 0.0000 0.0000	</row1>
					<row2>	-1.0000 0.0000 0.0000 0.0000	</row2>
					<row3>	-0.2999 0.2185 -2.1722 1.0000	</row3>
				</transform>
			</node>
			<node>
				<identifier>	MP_AM720_Helmets_Rack	</identifier>
				<transform>
					<row0>	-0.6470 0.0000 -0.7625 0.0000	</row0>
					<row1>	0.0000 1.0000 0.0000 0.0000	</row1>
					<row2>	0.7625 0.0000 -0.6470 0.0000	</row2>
					<row3>	-0.2107 0.1808 -3.2791 1.0000	</row3>
				</transform>
			</node>
			<node>
				<identifier>	MP_AM724_Ammobox_big	</identifier>
				<transform>
					<row0>	0.0000 0.0000 1.0000 0.0000	</row0>
					<row1>	0.0000 1.0000 0.0000 0.0000	</row1>
					<row2>	-1.0000 0.0000 0.0000 0.0000	</row2>
					<row3>	0.0182 0.1656 -3.3243 1.0000	</row3>
				</transform>
			</node>
			<node>
				<identifier>	MP_AM724_Ammobox_big_INDEX_1	</identifier>
				<transform>
					<row0>	-0.6554 0.0150 -0.7551 0.0000	</row0>
					<row1>	0.0098 0.9999 0.0113 0.0000	</row1>
					<row2>	0.7552 0.0000 -0.6555 0.0000	</row2>
					<row3>	0.1199 0.1648 -3.4784 1.0000	</row3>
				</transform>
			</node>
			<node>
				<identifier>	MP_AM724_Ammobox_big_INDEX_2	</identifier>
				<transform>
					<row0>	-0.6554 -0.0150 0.7551 0.0000	</row0>
					<row1>	-0.0098 0.9999 0.0113 0.0000	</row1>
					<row2>	-0.7552 0.0000 -0.6555 0.0000	</row2>
					<row3>	-0.1199 0.1648 -3.4784 1.0000	</row3>
				</transform>
			</node>
			<node>
				<identifier>	MP_AM727_Hatch	</identifier>
				<transform>
					<row0>	1.0000 0.0000 0.0000 0.0000	</row0>
					<row1>	0.0000 1.0000 0.0000 0.0000	</row1>
					<row2>	0.0000 0.0000 1.0000 0.0000	</row2>
					<row3>	-0.0352 0.1656 -3.1568 1.0000	</row3>
				</transform>
			</node>
			<node>
				<identifier>	MP_CM029_Emergency_Box	</identifier>
				<transform>
					<row0>	-1.0000 0.0000 0.0000 0.0000	</row0>
					<row1>	0.0000 1.0000 0.0000 0.0000	</row1>
					<row2>	0.0000 0.0000 -1.0000 0.0000	</row2>
					<row3>	0.0241 0.1992 -3.2537 1.0000	</row3>
				</transform>
			</node>
			<node>
				<identifier>	MP_CM166_Propeller4_R	</identifier>
				<transform>
					<row0>	0.5774 0.0003 0.0002 0.0000	</row0>
					<row1>	-0.0003 0.5766 -0.0319 0.0000	</row1>
					<row2>	-0.0002 0.0319 0.5766 0.0000	</row2>
					<row3>	0.1796 -0.2574 -3.4591 1.0000	</row3>
				</transform>
			</node>
			<node>
				<identifier>	MP_CM167_Propeller4_L	</identifier>
				<transform>
					<row0>	0.5774 -0.0003 -0.0002 0.0000	</row0>
					<row1>	0.0003 0.5766 -0.0319 0.0000	</row1>
					<row2>	0.0002 0.0319 0.5766 0.0000	</row2>
					<row3>	-0.1796 -0.2574 -3.4591 1.0000	</row3>
				</transform>
			</node>
			<node>
				<identifier>	SP_YMS011_YHWL_M_1_INDEX_10	</identifier>
				<transform>
					<row0>	0.5686 0.1730 0.0822 0.0000	</row0>
					<row1>	-0.1712 0.5745 -0.0248 0.0000	</row1>
					<row2>	-0.0859 0.0000 0.5938 0.0000	</row2>
					<row3>	-0.2752 0.0000 -3.5840 1.0000	</row3>
				</transform>
			</node>
			<node>
				<identifier>	SP_YMS011_YHWL_M_1_INDEX_4	</identifier>
				<transform>
					<row0>	0.5728 0.1730 0.0450 0.0000	</row0>
					<row1>	-0.1725 0.5745 -0.0136 0.0000	</row1>
					<row2>	-0.0470 0.0000 0.5982 0.0000	</row2>
					<row3>	-0.3318 0.0000 -3.0850 1.0000	</row3>
				</transform>
			</node>
			<node>
				<identifier>	SP_YMS012_YHWR_M_1_INDEX_12	</identifier>
				<transform>
					<row0>	0.5728 -0.1730 -0.0450 0.0000	</row0>
					<row1>	0.1725 0.5745 -0.0136 0.0000	</row1>
					<row2>	0.0470 0.0000 0.5982 0.0000	</row2>
					<row3>	0.3318 0.0000 -3.0850 1.0000	</row3>
				</transform>
			</node>
			<node>
				<identifier>	SP_YMS012_YHWR_M_1_INDEX_8	</identifier>
				<transform>
					<row0>	0.5686 -0.1730 -0.0822 0.0000	</row0>
					<row1>	0.1712 0.5745 -0.0248 0.0000	</row1>
					<row2>	0.0859 0.0000 0.5938 0.0000	</row2>
					<row3>	0.2752 0.0000 -3.5840 1.0000	</row3>
				</transform>
			</node>
			<node>
				<identifier>	SP_YMS023_YHUC_L_1	</identifier>
				<transform>
					<row0>	0.6000 0.0003 0.0002 0.0000	</row0>
					<row1>	-0.0003 0.5991 -0.0331 0.0000	</row1>
					<row2>	-0.0003 0.0331 0.5991 0.0000	</row2>
					<row3>	0.1796 -0.2574 -3.4591 1.0000	</row3>
				</transform>
			</node>
			<node>
				<identifier>	SP_YMS023_YHUC_L_1_INDEX_1	</identifier>
				<transform>
					<row0>	0.6000 -0.0003 -0.0002 0.0000	</row0>
					<row1>	0.0003 0.5991 -0.0331 0.0000	</row1>
					<row2>	0.0003 0.0331 0.5991 0.0000	</row2>
					<row3>	-0.1796 -0.2574 -3.4591 1.0000	</row3>
				</transform>
			</node>
			<node>
				<identifier>	SP_YMS030_YHAM_M_1	</identifier>
				<transform>
					<row0>	0.3844 0.0000 0.0000 0.0000	</row0>
					<row1>	0.0000 0.3844 0.0000 0.0000	</row1>
					<row2>	0.0000 0.0000 0.3844 0.0000	</row2>
					<row3>	0.0000 0.0878 -3.9542 1.0000	</row3>
				</transform>
			</node>
			<node>
				<identifier>	SP_YMS031_YHAL_M_1	</identifier>
				<transform>
					<row0>	0.5655 0.0668 0.0762 0.0000	</row0>
					<row1>	-0.0673 0.5705 -0.0001 0.0000	</row1>
					<row2>	-0.0757 -0.0088 0.5694 0.0000	</row2>
					<row3>	-0.3032 0.0874 -3.7461 1.0000	</row3>
				</transform>
			</node>
			<node>
				<identifier>	SP_YMS032_YHAR_M_1	</identifier>
				<transform>
					<row0>	0.5655 -0.0668 -0.0762 0.0000	</row0>
					<row1>	0.0673 0.5705 -0.0001 0.0000	</row1>
					<row2>	0.0757 -0.0088 0.5694 0.0000	</row2>
					<row3>	0.3032 0.0874 -3.7461 1.0000	</row3>
				</transform>
			</node>
			<node>
				<identifier>	SP_YMS061_YHGH_S_1_INDEX_1	</identifier>
				<transform>
					<row0>	-0.4252 0.0000 0.5067 0.0000	</row0>
					<row1>	0.0000 0.6615 0.0000 0.0000	</row1>
					<row2>	-0.5067 0.0000 -0.4252 0.0000	</row2>
					<row3>	0.1329 0.2375 -3.3435 1.0000	</row3>
				</transform>
			</node>
			<node>
				<identifier>	SP_YMS061_YHGH_S_1_INDEX_2	</identifier>
				<transform>
					<row0>	-0.4252 0.0000 -0.5067 0.0000	</row0>
					<row1>	0.0000 0.6615 0.0000 0.0000	</row1>
					<row2>	0.5067 0.0000 -0.4252 0.0000	</row2>
					<row3>	-0.1329 0.2375 -3.3435 1.0000	</row3>
				</transform>
			</node>
			<node>
				<identifier>	SP_YMS063_YHGQ_S_1	</identifier>
				<transform>
					<row0>	0.6265 0.0000 0.0000 0.0000	</row0>
					<row1>	0.0000 0.6265 0.0000 0.0000	</row1>
					<row2>	0.0000 0.0000 0.6265 0.0000	</row2>
					<row3>	0.0000 0.2369 -3.5047 1.0000	</row3>
				</transform>
			</node>
			<node>
				<identifier>	SP_YMS080_YHSL_M_1	</identifier>
				<transform>
					<row0>	0.4475 0.0306 0.0359 0.0000	</row0>
					<row1>	-0.0300 0.4489 -0.0088 0.0000	</row1>
					<row2>	-0.0364 0.0063 0.4485 0.0000	</row2>
					<row3>	-0.3426 0.0880 -3.0843 1.0000	</row3>
				</transform>
			</node>
			<node>
				<identifier>	SP_YMS081_YHSR_M_1	</identifier>
				<transform>
					<row0>	0.4475 -0.0306 -0.0359 0.0000	</row0>
					<row1>	0.0300 0.4489 -0.0088 0.0000	</row1>
					<row2>	0.0364 0.0063 0.4485 0.0000	</row2>
					<row3>	0.3426 0.0880 -3.0843 1.0000	</row3>
				</transform>
			</node>
		</node>
	</node>
	<boundingBox>
		<min>	-0.0667 -0.0667 -0.0667	</min>
		<max>	0.0667 0.0667 0.0667	</max>
	</boundingBox>
</ASD042_Gearing_1945_Stern_ports.visual>
