<GSC013_Prinz_Eugen_1945_Stern_ports.visual>
	<node>
		<identifier>	Scene Root	</identifier>
		<transform>
			<row0>	1.0000 0.0000 0.0000 0.0000	</row0>
			<row1>	0.0000 1.0000 0.0000 0.0000	</row1>
			<row2>	0.0000 0.0000 1.0000 0.0000	</row2>
			<row3>	0.0000 0.0000 0.0000 1.0000	</row3>
		</transform>
		<node>
			<identifier>	Stern_ports	</identifier>
			<transform>
				<row0>	1.0000 0.0000 0.0000 0.0000	</row0>
				<row1>	0.0000 1.0000 0.0000 0.0000	</row1>
				<row2>	0.0000 0.0000 1.0000 0.0000	</row2>
				<row3>	0.0000 0.0000 0.0000 1.0000	</row3>
			</transform>
			<node>
				<identifier>	HP_FX_Fire_4	</identifier>
				<transform>
					<row0>	1.0000 0.0000 0.0000 0.0000	</row0>
					<row1>	0.0000 1.0000 0.0000 0.0000	</row1>
					<row2>	0.0000 0.0000 1.0000 0.0000	</row2>
					<row3>	0.0000 0.3446 -5.3676 1.0000	</row3>
				</transform>
			</node>
			<node>
				<identifier>	HP_FX_RepairLight_left_2	</identifier>
				<transform>
					<row0>	-0.0848 0.0000 0.9964 0.0000	</row0>
					<row1>	0.0000 1.0000 0.0000 0.0000	</row1>
					<row2>	-0.9964 0.0000 -0.0848 0.0000	</row2>
					<row3>	-0.5425 0.3132 -4.4683 1.0000	</row3>
				</transform>
			</node>
			<node>
				<identifier>	HP_FX_RepairLight_right_2	</identifier>
				<transform>
					<row0>	-0.0689 0.0000 -0.9976 0.0000	</row0>
					<row1>	0.0000 1.0000 0.0000 0.0000	</row1>
					<row2>	0.9976 0.0000 -0.0689 0.0000	</row2>
					<row3>	0.5676 0.3124 -4.1115 1.0000	</row3>
				</transform>
			</node>
			<node>
				<identifier>	HP_FX_WakeTraceBack	</identifier>
				<transform>
					<row0>	1.0000 0.0000 0.0000 0.0000	</row0>
					<row1>	0.0000 1.0000 0.0000 0.0000	</row1>
					<row2>	0.0000 0.0000 1.0000 0.0000	</row2>
					<row3>	0.0000 0.0000 -6.9178 1.0000	</row3>
				</transform>
			</node>
			<node>
				<identifier>	HP_FX_WakeTrace_screw_1	</identifier>
				<transform>
					<row0>	1.0000 0.0000 0.0000 0.0000	</row0>
					<row1>	0.0000 1.0000 0.0000 0.0000	</row1>
					<row2>	0.0000 0.0000 1.0000 0.0000	</row2>
					<row3>	-0.3806 -0.3615 -5.3822 1.0000	</row3>
				</transform>
			</node>
			<node>
				<identifier>	HP_FX_WakeTrace_screw_2	</identifier>
				<transform>
					<row0>	1.0000 0.0000 0.0000 0.0000	</row0>
					<row1>	0.0000 1.0000 0.0000 0.0000	</row1>
					<row2>	0.0000 0.0000 1.0000 0.0000	</row2>
					<row3>	0.0000 -0.4420 -5.5895 1.0000	</row3>
				</transform>
			</node>
			<node>
				<identifier>	HP_FX_WakeTrace_screw_3	</identifier>
				<transform>
					<row0>	1.0000 0.0000 0.0000 0.0000	</row0>
					<row1>	0.0000 1.0000 0.0000 0.0000	</row1>
					<row2>	0.0000 0.0000 1.0000 0.0000	</row2>
					<row3>	0.3806 -0.3615 -5.3822 1.0000	</row3>
				</transform>
			</node>
			<node>
				<identifier>	HP_GGA_22	</identifier>
				<transform>
					<row0>	-1.0000 0.0000 0.0000 0.0000	</row0>
					<row1>	0.0000 1.0000 0.0000 0.0000	</row1>
					<row2>	0.0000 0.0000 -1.0000 0.0000	</row2>
					<row3>	-0.1876 0.3216 -4.8365 1.0000	</row3>
				</transform>
			</node>
			<node>
				<identifier>	HP_GGA_23	</identifier>
				<transform>
					<row0>	-1.0000 0.0000 0.0000 0.0000	</row0>
					<row1>	0.0000 1.0000 0.0000 0.0000	</row1>
					<row2>	0.0000 0.0000 -1.0000 0.0000	</row2>
					<row3>	0.1876 0.3216 -4.8365 1.0000	</row3>
				</transform>
			</node>
			<node>
				<identifier>	HP_GGA_24	</identifier>
				<transform>
					<row0>	-1.0000 0.0000 0.0000 0.0000	</row0>
					<row1>	0.0000 1.0000 0.0000 0.0000	</row1>
					<row2>	0.0000 0.0000 -1.0000 0.0000	</row2>
					<row3>	0.0000 0.3216 -6.2164 1.0000	</row3>
				</transform>
			</node>
			<node>
				<identifier>	HP_GGB_1	</identifier>
				<transform>
					<row0>	-0.2250 0.0000 0.9744 0.0000	</row0>
					<row1>	0.0000 1.0000 0.0000 0.0000	</row1>
					<row2>	-0.9744 0.0000 -0.2250 0.0000	</row2>
					<row3>	-0.2559 0.3249 -6.5637 1.0000	</row3>
				</transform>
			</node>
			<node>
				<identifier>	HP_GGB_2	</identifier>
				<transform>
					<row0>	-0.2250 0.0000 -0.9744 0.0000	</row0>
					<row1>	0.0000 1.0000 0.0000 0.0000	</row1>
					<row2>	0.9744 0.0000 -0.2250 0.0000	</row2>
					<row3>	0.2559 0.3249 -6.5637 1.0000	</row3>
				</transform>
			</node>
			<node>
				<identifier>	HP_GGB_3	</identifier>
				<transform>
					<row0>	-0.2756 0.0000 0.9613 0.0000	</row0>
					<row1>	0.0000 1.0000 0.0000 0.0000	</row1>
					<row2>	-0.9613 0.0000 -0.2756 0.0000	</row2>
					<row3>	-0.2374 0.3249 -6.6326 1.0000	</row3>
				</transform>
			</node>
			<node>
				<identifier>	HP_GGB_4	</identifier>
				<transform>
					<row0>	-0.2756 0.0000 -0.9613 0.0000	</row0>
					<row1>	0.0000 1.0000 0.0000 0.0000	</row1>
					<row2>	0.9613 0.0000 -0.2756 0.0000	</row2>
					<row3>	0.2374 0.3249 -6.6326 1.0000	</row3>
				</transform>
			</node>
			<node>
				<identifier>	HP_GGB_5	</identifier>
				<transform>
					<row0>	-0.2756 0.0000 0.9613 0.0000	</row0>
					<row1>	0.0000 1.0000 0.0000 0.0000	</row1>
					<row2>	-0.9613 0.0000 -0.2756 0.0000	</row2>
					<row3>	-0.2203 0.3249 -6.6922 1.0000	</row3>
				</transform>
			</node>
			<node>
				<identifier>	HP_GGB_6	</identifier>
				<transform>
					<row0>	-0.2756 0.0000 -0.9613 0.0000	</row0>
					<row1>	0.0000 1.0000 0.0000 0.0000	</row1>
					<row2>	0.9613 0.0000 -0.2756 0.0000	</row2>
					<row3>	0.2203 0.3249 -6.6922 1.0000	</row3>
				</transform>
			</node>
			<node>
				<identifier>	HP_GGM_4	</identifier>
				<transform>
					<row0>	-1.0000 0.0000 0.0000 0.0000	</row0>
					<row1>	0.0000 1.0000 0.0000 0.0000	</row1>
					<row2>	0.0000 0.0000 -1.0000 0.0000	</row2>
					<row3>	0.0000 0.3749 -4.2772 1.0000	</row3>
				</transform>
			</node>
			<node>
				<identifier>	HP_Ship_death_3	</identifier>
				<transform>
					<row0>	1.0000 0.0000 0.0000 0.0000	</row0>
					<row1>	0.0000 1.0000 0.0000 0.0000	</row1>
					<row2>	0.0000 0.0000 1.0000 0.0000	</row2>
					<row3>	0.0000 0.0000 -4.1040 1.0000	</row3>
				</transform>
			</node>
			<node>
				<identifier>	MP_CM094_Propeller3_L	</identifier>
				<transform>
					<row0>	0.9526 -0.0009 -0.0349 0.0000	</row0>
					<row1>	0.0005 0.9531 -0.0117 0.0000	</row1>
					<row2>	0.0349 0.0117 0.9525 0.0000	</row2>
					<row3>	-0.3806 -0.3615 -5.3822 1.0000	</row3>
				</transform>
			</node>
			<node>
				<identifier>	MP_CM094_Propeller3_L_INDEX_1	</identifier>
				<transform>
					<row0>	0.9532 0.0000 0.0000 0.0000	</row0>
					<row1>	0.0000 0.9515 -0.0569 0.0000	</row1>
					<row2>	0.0000 0.0569 0.9515 0.0000	</row2>
					<row3>	0.0000 -0.4420 -5.5895 1.0000	</row3>
				</transform>
			</node>
			<node>
				<identifier>	MP_CM095_Propeller3_R	</identifier>
				<transform>
					<row0>	0.9524 0.0009 0.0348 0.0000	</row0>
					<row1>	-0.0005 0.9529 -0.0117 0.0000	</row1>
					<row2>	-0.0349 0.0117 0.9523 0.0000	</row2>
					<row3>	0.3806 -0.3615 -5.3822 1.0000	</row3>
				</transform>
			</node>
			<node>
				<identifier>	MP_GM035_LifeBuoy_Mount	</identifier>
				<transform>
					<row0>	0.0000 0.0000 1.0000 0.0000	</row0>
					<row1>	0.0000 1.0000 0.0000 0.0000	</row1>
					<row2>	-1.0000 0.0000 0.0000 0.0000	</row2>
					<row3>	0.0231 0.3664 -5.6936 1.0000	</row3>
				</transform>
			</node>
			<node>
				<identifier>	MP_GM701_AmmoBox	</identifier>
				<transform>
					<row0>	0.0000 0.0000 -0.6130 0.0000	</row0>
					<row1>	-0.0091 0.6129 0.0000 0.0000	</row1>
					<row2>	0.6129 0.0091 0.0000 0.0000	</row2>
					<row3>	-0.0362 0.3269 -6.0088 1.0000	</row3>
				</transform>
			</node>
			<node>
				<identifier>	MP_GM856_Mastheadlight	</identifier>
				<transform>
					<row0>	-1.0000 0.0000 0.0000 0.0000	</row0>
					<row1>	0.0000 1.0000 0.0000 0.0000	</row1>
					<row2>	0.0000 0.0000 -1.0000 0.0000	</row2>
					<row3>	0.0000 0.3791 -7.0268 1.0000	</row3>
				</transform>
			</node>
			<node>
				<identifier>	SP_YMS011_YHWL_M_1_INDEX_15	</identifier>
				<transform>
					<row0>	0.9950 -0.0444 0.0894 0.0000	</row0>
					<row1>	0.0442 0.9990 0.0040 0.0000	</row1>
					<row2>	-0.0895 0.0000 0.9960 0.0000	</row2>
					<row3>	-0.4913 0.0000 -4.6679 1.0000	</row3>
				</transform>
			</node>
			<node>
				<identifier>	SP_YMS011_YHWL_M_1_INDEX_16	</identifier>
				<transform>
					<row0>	0.9644 0.2336 0.1237 0.0000	</row0>
					<row1>	-0.2311 0.9723 -0.0344 0.0000	</row1>
					<row2>	-0.1283 0.0046 0.9917 0.0000	</row2>
					<row3>	-0.3925 0.0000 -5.5146 1.0000	</row3>
				</transform>
			</node>
			<node>
				<identifier>	SP_YMS012_YHWR_M_1_INDEX_2	</identifier>
				<transform>
					<row0>	0.9644 -0.2336 -0.1237 0.0000	</row0>
					<row1>	0.2311 0.9723 -0.0344 0.0000	</row1>
					<row2>	0.1283 0.0046 0.9917 0.0000	</row2>
					<row3>	0.3925 0.0000 -5.5146 1.0000	</row3>
				</transform>
			</node>
			<node>
				<identifier>	SP_YMS012_YHWR_M_1_INDEX_8	</identifier>
				<transform>
					<row0>	0.9950 0.0444 -0.0894 0.0000	</row0>
					<row1>	-0.0442 0.9990 0.0040 0.0000	</row1>
					<row2>	0.0895 0.0000 0.9960 0.0000	</row2>
					<row3>	0.4913 0.0000 -4.6679 1.0000	</row3>
				</transform>
			</node>
			<node>
				<identifier>	SP_YMS023_YHUC_L_1	</identifier>
				<transform>
					<row0>	0.7460 -0.1323 -0.0195 0.0000	</row0>
					<row1>	0.1321 0.7462 -0.0070 0.0000	</row1>
					<row2>	0.0204 0.0035 0.7576 0.0000	</row2>
					<row3>	-0.3835 -0.3615 -5.6996 1.0000	</row3>
				</transform>
			</node>
			<node>
				<identifier>	SP_YMS023_YHUC_L_1_INDEX_1	</identifier>
				<transform>
					<row0>	0.7460 0.1323 0.0195 0.0000	</row0>
					<row1>	-0.1321 0.7462 -0.0070 0.0000	</row1>
					<row2>	-0.0204 0.0035 0.7576 0.0000	</row2>
					<row3>	0.3835 -0.3615 -5.6996 1.0000	</row3>
				</transform>
			</node>
			<node>
				<identifier>	SP_YMS023_YHUC_L_1_INDEX_2	</identifier>
				<transform>
					<row0>	0.5808 0.0000 0.0000 0.0000	</row0>
					<row1>	0.0000 0.5808 -0.0020 0.0000	</row1>
					<row2>	0.0000 0.0020 0.5808 0.0000	</row2>
					<row3>	0.0000 -0.4420 -5.7205 1.0000	</row3>
				</transform>
			</node>
			<node>
				<identifier>	SP_YMS030_YHAM_M_1	</identifier>
				<transform>
					<row0>	0.6015 0.0000 0.0000 0.0000	</row0>
					<row1>	0.0000 0.6015 0.0000 0.0000	</row1>
					<row2>	0.0000 0.0000 0.6015 0.0000	</row2>
					<row3>	0.0000 0.3018 -7.0100 1.0000	</row3>
				</transform>
			</node>
			<node>
				<identifier>	SP_YMS031_YHAL_M_1	</identifier>
				<transform>
					<row0>	0.9688 0.1796 0.1708 0.0000	</row0>
					<row1>	-0.1823 0.9832 0.0000 0.0000	</row1>
					<row2>	-0.1680 -0.0311 0.9853 0.0000	</row2>
					<row3>	-0.2657 0.1954 -6.6421 1.0000	</row3>
				</transform>
			</node>
			<node>
				<identifier>	SP_YMS032_YHAR_M_1	</identifier>
				<transform>
					<row0>	0.9688 -0.1796 -0.1708 0.0000	</row0>
					<row1>	0.1823 0.9832 0.0000 0.0000	</row1>
					<row2>	0.1680 -0.0311 0.9853 0.0000	</row2>
					<row3>	0.2657 0.1954 -6.6421 1.0000	</row3>
				</transform>
			</node>
			<node>
				<identifier>	SP_YMS053_YHDC_S_1_INDEX_3	</identifier>
				<transform>
					<row0>	1.0000 0.0000 0.0000 0.0000	</row0>
					<row1>	0.0000 1.0000 0.0000 0.0000	</row1>
					<row2>	0.0000 0.0000 1.0000 0.0000	</row2>
					<row3>	-0.2699 0.3328 -5.1279 1.0000	</row3>
				</transform>
			</node>
			<node>
				<identifier>	SP_YMS053_YHDC_S_1_INDEX_4	</identifier>
				<transform>
					<row0>	1.0000 0.0000 0.0000 0.0000	</row0>
					<row1>	0.0000 1.0000 0.0000 0.0000	</row1>
					<row2>	0.0000 0.0000 1.0000 0.0000	</row2>
					<row3>	0.2699 0.3328 -5.1279 1.0000	</row3>
				</transform>
			</node>
			<node>
				<identifier>	SP_YMS053_YHDC_S_1_INDEX_5	</identifier>
				<transform>
					<row0>	1.0000 0.0000 0.0000 0.0000	</row0>
					<row1>	0.0000 1.0000 0.0000 0.0000	</row1>
					<row2>	0.0000 0.0000 1.0000 0.0000	</row2>
					<row3>	-0.2107 0.3341 -6.0050 1.0000	</row3>
				</transform>
			</node>
			<node>
				<identifier>	SP_YMS053_YHDC_S_1_INDEX_6	</identifier>
				<transform>
					<row0>	1.0000 0.0000 0.0000 0.0000	</row0>
					<row1>	0.0000 1.0000 0.0000 0.0000	</row1>
					<row2>	0.0000 0.0000 1.0000 0.0000	</row2>
					<row3>	0.2107 0.3341 -6.0050 1.0000	</row3>
				</transform>
			</node>
			<node>
				<identifier>	SP_YMS080_YHSL_M_1_INDEX_2	</identifier>
				<transform>
					<row0>	0.4944 0.0876 0.0514 0.0000	</row0>
					<row1>	-0.0872 0.4971 -0.0091 0.0000	</row1>
					<row2>	-0.0522 0.0000 0.5020 0.0000	</row2>
					<row3>	-0.4436 0.2078 -5.2655 1.0000	</row3>
				</transform>
			</node>
			<node>
				<identifier>	SP_YMS081_YHSR_M_1_INDEX_2	</identifier>
				<transform>
					<row0>	0.4944 -0.0876 -0.0514 0.0000	</row0>
					<row1>	0.0872 0.4971 -0.0091 0.0000	</row1>
					<row2>	0.0522 0.0000 0.5020 0.0000	</row2>
					<row3>	0.4453 0.2078 -5.2493 1.0000	</row3>
				</transform>
			</node>
			<node>
				<identifier>	SP_YMS082_YHSC_M_1_INDEX_2	</identifier>
				<transform>
					<row0>	0.1045 0.0000 -0.7053 0.0000	</row0>
					<row1>	-0.1225 0.7022 -0.0181 0.0000	</row1>
					<row2>	0.6946 0.1238 0.1029 0.0000	</row2>
					<row3>	-0.3780 0.2066 -5.9436 1.0000	</row3>
				</transform>
			</node>
			<node>
				<identifier>	SP_YMS082_YHSC_M_1_INDEX_3	</identifier>
				<transform>
					<row0>	0.1045 0.0000 0.7053 0.0000	</row0>
					<row1>	0.1225 0.7022 -0.0181 0.0000	</row1>
					<row2>	-0.6946 0.1238 0.1029 0.0000	</row2>
					<row3>	0.3780 0.2066 -5.9436 1.0000	</row3>
				</transform>
			</node>
			<node>
				<identifier>	SP_YMS083_YHSC_L_1_INDEX_10	</identifier>
				<transform>
					<row0>	0.0598 0.0021 -0.6351 0.0000	</row0>
					<row1>	-0.0872 0.6318 -0.0061 0.0000	</row1>
					<row2>	0.6290 0.0874 0.0595 0.0000	</row2>
					<row3>	-0.5079 0.3205 -4.8443 1.0000	</row3>
				</transform>
			</node>
			<node>
				<identifier>	SP_YMS083_YHSC_L_1_INDEX_11	</identifier>
				<transform>
					<row0>	0.0598 -0.0021 0.6351 0.0000	</row0>
					<row1>	0.0872 0.6318 -0.0061 0.0000	</row1>
					<row2>	-0.6290 0.0874 0.0595 0.0000	</row2>
					<row3>	0.5079 0.3205 -4.8443 1.0000	</row3>
				</transform>
			</node>
			<node>
				<identifier>	SP_YMS083_YHSC_L_1_INDEX_8	</identifier>
				<transform>
					<row0>	0.0529 0.0011 -0.6357 0.0000	</row0>
					<row1>	-0.0872 0.6318 -0.0061 0.0000	</row1>
					<row2>	0.6297 0.0874 0.0526 0.0000	</row2>
					<row3>	-0.5473 0.3200 -4.3826 1.0000	</row3>
				</transform>
			</node>
			<node>
				<identifier>	SP_YMS083_YHSC_L_1_INDEX_9	</identifier>
				<transform>
					<row0>	0.0529 -0.0011 0.6357 0.0000	</row0>
					<row1>	0.0872 0.6318 -0.0061 0.0000	</row1>
					<row2>	-0.6297 0.0874 0.0526 0.0000	</row2>
					<row3>	0.5473 0.3200 -4.3826 1.0000	</row3>
				</transform>
			</node>
		</node>
	</node>
	<boundingBox>
		<min>	-0.0667 -0.0667 -0.0667	</min>
		<max>	0.0667 0.0667 0.0667	</max>
	</boundingBox>
</GSC013_Prinz_Eugen_1945_Stern_ports.visual>
