<VSD001_Jurua_1939_Bow_ports.visual>
	<node>
		<identifier>	Scene Root	</identifier>
		<transform>
			<row0>	1.0000 0.0000 0.0000 0.0000	</row0>
			<row1>	0.0000 1.0000 0.0000 0.0000	</row1>
			<row2>	0.0000 0.0000 1.0000 0.0000	</row2>
			<row3>	0.0000 0.0000 0.0000 1.0000	</row3>
		</transform>
		<node>
			<identifier>	Bow_ports	</identifier>
			<transform>
				<row0>	1.0000 0.0000 0.0000 0.0000	</row0>
				<row1>	0.0000 1.0000 0.0000 0.0000	</row1>
				<row2>	0.0000 0.0000 1.0000 0.0000	</row2>
				<row3>	0.0000 0.0000 0.0000 1.0000	</row3>
			</transform>
			<node>
				<identifier>	HP_FX_Fire_1	</identifier>
				<transform>
					<row0>	1.0000 0.0000 0.0000 0.0000	</row0>
					<row1>	0.0000 1.0000 0.0000 0.0000	</row1>
					<row2>	0.0000 0.0000 1.0000 0.0000	</row2>
					<row3>	0.0000 0.3519 2.8140 1.0000	</row3>
				</transform>
			</node>
			<node>
				<identifier>	HP_FX_WakeTrace	</identifier>
				<transform>
					<row0>	1.0000 0.0000 0.0000 0.0000	</row0>
					<row1>	0.0000 1.0000 0.0000 0.0000	</row1>
					<row2>	0.0000 0.0000 1.0000 0.0000	</row2>
					<row3>	0.0000 0.0000 3.2341 1.0000	</row3>
				</transform>
			</node>
			<node>
				<identifier>	HP_Ship_death_1	</identifier>
				<transform>
					<row0>	1.0000 0.0000 0.0000 0.0000	</row0>
					<row1>	0.0000 1.0000 0.0000 0.0000	</row1>
					<row2>	0.0000 0.0000 1.0000 0.0000	</row2>
					<row3>	0.0000 0.0000 2.1287 1.0000	</row3>
				</transform>
			</node>
			<node>
				<identifier>	MP_VM027_Artillery_shell	</identifier>
				<transform>
					<row0>	0.9992 0.0000 0.0404 0.0000	</row0>
					<row1>	0.0000 1.0000 0.0000 0.0000	</row1>
					<row2>	-0.0404 0.0000 0.9992 0.0000	</row2>
					<row3>	0.2678 0.3413 2.1980 1.0000	</row3>
				</transform>
			</node>
			<node>
				<identifier>	MP_VM027_Artillery_shell_INDEX_1	</identifier>
				<transform>
					<row0>	0.9979 0.0000 0.0647 0.0000	</row0>
					<row1>	0.0000 1.0000 0.0000 0.0000	</row1>
					<row2>	-0.0647 0.0000 0.9979 0.0000	</row2>
					<row3>	0.2577 0.3445 2.3955 1.0000	</row3>
				</transform>
			</node>
			<node>
				<identifier>	MP_VM027_Artillery_shell_INDEX_10	</identifier>
				<transform>
					<row0>	-0.9992 0.0000 0.0404 0.0000	</row0>
					<row1>	0.0000 1.0000 0.0000 0.0000	</row1>
					<row2>	-0.0404 0.0000 -0.9992 0.0000	</row2>
					<row3>	-0.2712 0.3413 2.1981 1.0000	</row3>
				</transform>
			</node>
			<node>
				<identifier>	MP_VM027_Artillery_shell_INDEX_11	</identifier>
				<transform>
					<row0>	0.9979 0.0000 0.0647 0.0000	</row0>
					<row1>	0.0000 1.0000 0.0000 0.0000	</row1>
					<row2>	-0.0647 0.0000 0.9979 0.0000	</row2>
					<row3>	0.2608 0.3434 2.3532 1.0000	</row3>
				</transform>
			</node>
			<node>
				<identifier>	MP_VM027_Artillery_shell_INDEX_2	</identifier>
				<transform>
					<row0>	0.9992 0.0000 0.0404 0.0000	</row0>
					<row1>	0.0000 1.0000 0.0000 0.0000	</row1>
					<row2>	-0.0404 0.0000 0.9992 0.0000	</row2>
					<row3>	0.2664 0.3417 2.2447 1.0000	</row3>
				</transform>
			</node>
			<node>
				<identifier>	MP_VM027_Artillery_shell_INDEX_3	</identifier>
				<transform>
					<row0>	-0.9992 0.0000 0.0404 0.0000	</row0>
					<row1>	0.0000 1.0000 0.0000 0.0000	</row1>
					<row2>	-0.0404 0.0000 -0.9992 0.0000	</row2>
					<row3>	-0.2679 0.3425 2.2941 1.0000	</row3>
				</transform>
			</node>
			<node>
				<identifier>	MP_VM027_Artillery_shell_INDEX_4	</identifier>
				<transform>
					<row0>	-0.9992 0.0000 0.0404 0.0000	</row0>
					<row1>	0.0000 1.0000 0.0000 0.0000	</row1>
					<row2>	-0.0404 0.0000 -0.9992 0.0000	</row2>
					<row3>	-0.2698 0.3417 2.2448 1.0000	</row3>
				</transform>
			</node>
			<node>
				<identifier>	MP_VM027_Artillery_shell_INDEX_5	</identifier>
				<transform>
					<row0>	0.9998 0.0000 0.0216 0.0000	</row0>
					<row1>	0.0000 1.0000 0.0000 0.0000	</row1>
					<row2>	-0.0216 0.0000 0.9998 0.0000	</row2>
					<row3>	0.2691 0.3408 2.1516 1.0000	</row3>
				</transform>
			</node>
			<node>
				<identifier>	MP_VM027_Artillery_shell_INDEX_6	</identifier>
				<transform>
					<row0>	0.9992 0.0000 0.0404 0.0000	</row0>
					<row1>	0.0000 1.0000 0.0000 0.0000	</row1>
					<row2>	-0.0404 0.0000 0.9992 0.0000	</row2>
					<row3>	0.2645 0.3425 2.2939 1.0000	</row3>
				</transform>
			</node>
			<node>
				<identifier>	MP_VM027_Artillery_shell_INDEX_7	</identifier>
				<transform>
					<row0>	-0.9998 0.0000 0.0216 0.0000	</row0>
					<row1>	0.0000 1.0000 0.0000 0.0000	</row1>
					<row2>	-0.0216 0.0000 -0.9998 0.0000	</row2>
					<row3>	-0.2725 0.3408 2.1517 1.0000	</row3>
				</transform>
			</node>
			<node>
				<identifier>	MP_VM027_Artillery_shell_INDEX_8	</identifier>
				<transform>
					<row0>	-0.9979 0.0000 0.0647 0.0000	</row0>
					<row1>	0.0000 1.0000 0.0000 0.0000	</row1>
					<row2>	-0.0647 0.0000 -0.9979 0.0000	</row2>
					<row3>	-0.2648 0.3434 2.3534 1.0000	</row3>
				</transform>
			</node>
			<node>
				<identifier>	MP_VM027_Artillery_shell_INDEX_9	</identifier>
				<transform>
					<row0>	-0.9979 0.0000 0.0647 0.0000	</row0>
					<row1>	0.0000 1.0000 0.0000 0.0000	</row1>
					<row2>	-0.0647 0.0000 -0.9979 0.0000	</row2>
					<row3>	-0.2616 0.3445 2.3958 1.0000	</row3>
				</transform>
			</node>
			<node>
				<identifier>	MP_VM858_Signal_Lamp	</identifier>
				<transform>
					<row0>	0.6934 0.0000 0.0000 0.0000	</row0>
					<row1>	0.0000 0.6934 0.0000 0.0000	</row1>
					<row2>	0.0000 0.0000 0.6934 0.0000	</row2>
					<row3>	0.0000 0.7788 3.3031 1.0000	</row3>
				</transform>
			</node>
			<node>
				<identifier>	MP_VM961_Fairlead	</identifier>
				<transform>
					<row0>	0.8072 -0.0629 0.2217 0.0000	</row0>
					<row1>	0.0700 0.8363 -0.0177 0.0000	</row1>
					<row2>	-0.2196 0.0355 0.8094 0.0000	</row2>
					<row3>	0.1977 0.3606 2.8881 1.0000	</row3>
				</transform>
			</node>
			<node>
				<identifier>	MP_VM961_Fairlead_INDEX_1	</identifier>
				<transform>
					<row0>	0.8072 0.0629 -0.2217 0.0000	</row0>
					<row1>	-0.0700 0.8363 -0.0177 0.0000	</row1>
					<row2>	0.2196 0.0355 0.8094 0.0000	</row2>
					<row3>	-0.1983 0.3606 2.8881 1.0000	</row3>
				</transform>
			</node>
			<node>
				<identifier>	MP_VM962_Bollard	</identifier>
				<transform>
					<row0>	0.5349 -0.0336 0.0744 0.0000	</row0>
					<row1>	0.0360 0.5397 -0.0154 0.0000	</row1>
					<row2>	-0.0732 0.0202 0.5357 0.0000	</row2>
					<row3>	0.2134 0.3565 2.6921 1.0000	</row3>
				</transform>
			</node>
			<node>
				<identifier>	MP_VM962_Bollard_INDEX_1	</identifier>
				<transform>
					<row0>	0.5349 0.0336 -0.0744 0.0000	</row0>
					<row1>	-0.0360 0.5397 -0.0154 0.0000	</row1>
					<row2>	0.0732 0.0202 0.5357 0.0000	</row2>
					<row3>	-0.2140 0.3565 2.6921 1.0000	</row3>
				</transform>
			</node>
		</node>
	</node>
	<boundingBox>
		<min>	-0.0667 -0.0667 -0.0667	</min>
		<max>	0.0667 0.0667 0.0667	</max>
	</boundingBox>
</VSD001_Jurua_1939_Bow_ports.visual>
