<FSB012_Gascoigne_1941_MidBack_ports.visual>
	<node>
		<identifier>	Scene Root	</identifier>
		<transform>
			<row0>	1.0000 0.0000 0.0000 0.0000	</row0>
			<row1>	0.0000 1.0000 0.0000 0.0000	</row1>
			<row2>	0.0000 0.0000 1.0000 0.0000	</row2>
			<row3>	0.0000 0.0000 0.0000 1.0000	</row3>
		</transform>
		<node>
			<identifier>	MidBack_ports	</identifier>
			<transform>
				<row0>	1.0000 0.0000 0.0000 0.0000	</row0>
				<row1>	0.0000 1.0000 0.0000 0.0000	</row1>
				<row2>	0.0000 0.0000 1.0000 0.0000	</row2>
				<row3>	0.0000 0.0000 0.0000 1.0000	</row3>
			</transform>
			<node>
				<identifier>	HP_FD_18	</identifier>
				<transform>
					<row0>	-1.0000 0.0000 0.0000 0.0000	</row0>
					<row1>	0.0000 1.0000 0.0000 0.0000	</row1>
					<row2>	0.0000 0.0000 -1.0000 0.0000	</row2>
					<row3>	0.0000 0.9340 -2.0761 1.0000	</row3>
				</transform>
			</node>
			<node>
				<identifier>	HP_FGA_22	</identifier>
				<transform>
					<row0>	0.0000 0.0000 1.0000 0.0000	</row0>
					<row1>	0.0000 1.0000 0.0000 0.0000	</row1>
					<row2>	-1.0000 0.0000 0.0000 0.0000	</row2>
					<row3>	-0.5002 0.7289 -1.6803 1.0000	</row3>
				</transform>
			</node>
			<node>
				<identifier>	HP_FGA_23	</identifier>
				<transform>
					<row0>	0.0000 0.0000 -1.0000 0.0000	</row0>
					<row1>	0.0000 1.0000 0.0000 0.0000	</row1>
					<row2>	1.0000 0.0000 0.0000 0.0000	</row2>
					<row3>	0.5002 0.7289 -1.6803 1.0000	</row3>
				</transform>
			</node>
			<node>
				<identifier>	HP_FGA_24	</identifier>
				<transform>
					<row0>	-0.5000 0.0000 0.8660 0.0000	</row0>
					<row1>	0.0000 1.0000 0.0000 0.0000	</row1>
					<row2>	-0.8660 0.0000 -0.5000 0.0000	</row2>
					<row3>	-0.8401 0.3863 -2.8218 1.0000	</row3>
				</transform>
			</node>
			<node>
				<identifier>	HP_FGA_25	</identifier>
				<transform>
					<row0>	-0.5000 0.0000 -0.8660 0.0000	</row0>
					<row1>	0.0000 1.0000 0.0000 0.0000	</row1>
					<row2>	0.8660 0.0000 -0.5000 0.0000	</row2>
					<row3>	0.8401 0.3863 -2.8218 1.0000	</row3>
				</transform>
			</node>
			<node>
				<identifier>	HP_FGM_2	</identifier>
				<transform>
					<row0>	-1.0000 0.0000 0.0000 0.0000	</row0>
					<row1>	0.0000 1.0000 0.0000 0.0000	</row1>
					<row2>	0.0000 0.0000 -1.0000 0.0000	</row2>
					<row3>	0.0000 0.4925 -4.0394 1.0000	</row3>
				</transform>
			</node>
			<node>
				<identifier>	HP_FGS_10	</identifier>
				<transform>
					<row0>	-1.0000 0.0000 0.0000 0.0000	</row0>
					<row1>	0.0000 1.0000 0.0000 0.0000	</row1>
					<row2>	0.0000 0.0000 -1.0000 0.0000	</row2>
					<row3>	0.7706 0.5567 -2.1254 1.0000	</row3>
				</transform>
			</node>
			<node>
				<identifier>	HP_FGS_11	</identifier>
				<transform>
					<row0>	-1.0000 0.0000 0.0000 0.0000	</row0>
					<row1>	0.0000 1.0000 0.0000 0.0000	</row1>
					<row2>	0.0000 0.0000 -1.0000 0.0000	</row2>
					<row3>	0.0000 0.7673 -2.9064 1.0000	</row3>
				</transform>
			</node>
			<node>
				<identifier>	HP_FGS_9	</identifier>
				<transform>
					<row0>	-1.0000 0.0000 0.0000 0.0000	</row0>
					<row1>	0.0000 1.0000 0.0000 0.0000	</row1>
					<row2>	0.0000 0.0000 -1.0000 0.0000	</row2>
					<row3>	-0.7706 0.5567 -2.1254 1.0000	</row3>
				</transform>
			</node>
			<node>
				<identifier>	HP_FX_Death_3	</identifier>
				<transform>
					<row0>	1.0000 0.0000 0.0000 0.0000	</row0>
					<row1>	0.0000 1.0000 0.0000 0.0000	</row1>
					<row2>	0.0000 0.0000 1.0000 0.0000	</row2>
					<row3>	0.0392 0.0000 -5.2235 1.0000	</row3>
				</transform>
			</node>
			<node>
				<identifier>	HP_FX_Fire_3	</identifier>
				<transform>
					<row0>	1.0000 0.0000 0.0000 0.0000	</row0>
					<row1>	0.0000 1.0000 0.0000 0.0000	</row1>
					<row2>	0.0000 0.0000 1.0000 0.0000	</row2>
					<row3>	0.0000 0.6976 -2.1713 1.0000	</row3>
				</transform>
			</node>
			<node>
				<identifier>	HP_FX_Fire_3_side_1	</identifier>
				<transform>
					<row0>	1.0000 0.0000 0.0000 0.0000	</row0>
					<row1>	0.0000 1.0000 0.0000 0.0000	</row1>
					<row2>	0.0000 0.0000 1.0000 0.0000	</row2>
					<row3>	0.9643 0.5529 -2.0169 1.0000	</row3>
				</transform>
			</node>
			<node>
				<identifier>	HP_FX_Fire_3_side_2	</identifier>
				<transform>
					<row0>	1.0000 0.0000 0.0000 0.0000	</row0>
					<row1>	0.0000 1.0000 0.0000 0.0000	</row1>
					<row2>	0.0000 0.0000 1.0000 0.0000	</row2>
					<row3>	-0.8136 0.4275 -3.2919 1.0000	</row3>
				</transform>
			</node>
			<node>
				<identifier>	HP_FX_FloodLight_left_2	</identifier>
				<transform>
					<row0>	-1.0000 0.0000 0.0000 0.0000	</row0>
					<row1>	0.0000 1.0000 0.0000 0.0000	</row1>
					<row2>	0.0000 0.0000 -1.0000 0.0000	</row2>
					<row3>	-0.1740 0.7820 -1.5480 1.0000	</row3>
				</transform>
			</node>
			<node>
				<identifier>	HP_FX_FloodLight_right_1	</identifier>
				<transform>
					<row0>	1.0000 0.0000 0.0000 0.0000	</row0>
					<row1>	0.0000 1.0000 0.0000 0.0000	</row1>
					<row2>	0.0000 0.0000 1.0000 0.0000	</row2>
					<row3>	0.1710 0.7880 -1.5610 1.0000	</row3>
				</transform>
			</node>
			<node>
				<identifier>	HP_FX_Flood_steam_1	</identifier>
				<transform>
					<row0>	1.0000 0.0000 0.0000 0.0000	</row0>
					<row1>	0.0000 0.8317 -0.5552 0.0000	</row1>
					<row2>	0.0000 0.5552 0.8317 0.0000	</row2>
					<row3>	0.2130 1.6060 -1.4470 1.0000	</row3>
				</transform>
			</node>
			<node>
				<identifier>	HP_FX_Flood_steam_2	</identifier>
				<transform>
					<row0>	1.0000 0.0000 0.0000 0.0000	</row0>
					<row1>	0.0000 0.8317 -0.5552 0.0000	</row1>
					<row2>	0.0000 0.5552 0.8317 0.0000	</row2>
					<row3>	-0.2230 1.6160 -1.4580 1.0000	</row3>
				</transform>
			</node>
			<node>
				<identifier>	HP_FX_Flood_steam_exhaust_1	</identifier>
				<transform>
					<row0>	1.0000 0.0000 0.0000 0.0000	</row0>
					<row1>	0.0000 1.0000 0.0000 0.0000	</row1>
					<row2>	0.0000 0.0000 1.0000 0.0000	</row2>
					<row3>	0.0550 1.6720 -1.3770 1.0000	</row3>
				</transform>
			</node>
			<node>
				<identifier>	HP_FX_Flood_steam_exhaust_2	</identifier>
				<transform>
					<row0>	1.0000 0.0000 0.0000 0.0000	</row0>
					<row1>	0.0000 1.0000 0.0000 0.0000	</row1>
					<row2>	0.0000 0.0000 1.0000 0.0000	</row2>
					<row3>	-0.0650 1.6840 -1.3740 1.0000	</row3>
				</transform>
			</node>
			<node>
				<identifier>	HP_FX_Flood_steam_right	</identifier>
				<transform>
					<row0>	1.0000 0.0000 0.0000 0.0000	</row0>
					<row1>	0.0000 1.0000 0.0000 0.0000	</row1>
					<row2>	0.0000 0.0000 1.0000 0.0000	</row2>
					<row3>	1.0410 0.2800 -2.7250 1.0000	</row3>
				</transform>
			</node>
			<node>
				<identifier>	HP_FX_Flood_water_left	</identifier>
				<transform>
					<row0>	-1.0000 0.0000 0.0000 0.0000	</row0>
					<row1>	0.0000 1.0000 0.0000 0.0000	</row1>
					<row2>	0.0000 0.0000 -1.0000 0.0000	</row2>
					<row3>	-0.8342 0.0765 -4.7066 1.0000	</row3>
				</transform>
			</node>
			<node>
				<identifier>	HP_FX_Flood_water_left_2	</identifier>
				<transform>
					<row0>	-1.0000 0.0000 0.0000 0.0000	</row0>
					<row1>	0.0000 1.0000 0.0000 0.0000	</row1>
					<row2>	0.0000 0.0000 -1.0000 0.0000	</row2>
					<row3>	-1.0636 0.0783 -2.0612 1.0000	</row3>
				</transform>
			</node>
			<node>
				<identifier>	HP_FX_Flood_water_right	</identifier>
				<transform>
					<row0>	1.0000 0.0000 0.0000 0.0000	</row0>
					<row1>	0.0000 1.0000 0.0000 0.0000	</row1>
					<row2>	0.0000 0.0000 1.0000 0.0000	</row2>
					<row3>	0.8343 0.0806 -4.7063 1.0000	</row3>
				</transform>
			</node>
			<node>
				<identifier>	HP_FX_Flood_water_right_2	</identifier>
				<transform>
					<row0>	1.0000 0.0000 0.0000 0.0000	</row0>
					<row1>	0.0000 1.0000 0.0000 0.0000	</row1>
					<row2>	0.0000 0.0000 1.0000 0.0000	</row2>
					<row3>	1.0636 0.0817 -2.0617 1.0000	</row3>
				</transform>
			</node>
			<node>
				<identifier>	HP_FX_RepairLight_right_1	</identifier>
				<transform>
					<row0>	-0.0862 0.0000 -0.9963 0.0000	</row0>
					<row1>	0.0101 0.9999 -0.0009 0.0000	</row1>
					<row2>	0.9962 -0.0101 -0.0862 0.0000	</row2>
					<row3>	0.9254 0.3507 -3.9193 1.0000	</row3>
				</transform>
			</node>
			<node>
				<identifier>	HP_FX_Smoke_1	</identifier>
				<transform>
					<row0>	1.0000 0.0000 0.0000 0.0000	</row0>
					<row1>	0.0000 0.9847 -0.1742 0.0000	</row1>
					<row2>	0.0000 0.1742 0.9847 0.0000	</row2>
					<row3>	0.0000 1.5413 -1.5338 1.0000	</row3>
				</transform>
			</node>
			<node>
				<identifier>	HP_Ship_death_2	</identifier>
				<transform>
					<row0>	1.0000 0.0000 0.0000 0.0000	</row0>
					<row1>	0.0000 1.0000 0.0000 0.0000	</row1>
					<row2>	0.0000 0.0000 1.0000 0.0000	</row2>
					<row3>	0.4312 0.0000 -1.2009 1.0000	</row3>
				</transform>
			</node>
			<node>
				<identifier>	MP_CM011_Fire_Fighting_Gear	</identifier>
				<transform>
					<row0>	0.7071 0.0000 0.7071 0.0000	</row0>
					<row1>	0.0000 1.0000 0.0000 0.0000	</row1>
					<row2>	-0.7071 0.0000 0.7071 0.0000	</row2>
					<row3>	0.6362 0.3861 -2.5526 1.0000	</row3>
				</transform>
			</node>
			<node>
				<identifier>	MP_CM011_Fire_Fighting_Gear_INDEX_1	</identifier>
				<transform>
					<row0>	-0.5000 0.0000 0.8660 0.0000	</row0>
					<row1>	0.0000 1.0000 0.0000 0.0000	</row1>
					<row2>	-0.8660 0.0000 -0.5000 0.0000	</row2>
					<row3>	0.4367 0.3861 -3.8496 1.0000	</row3>
				</transform>
			</node>
			<node>
				<identifier>	MP_CM011_Fire_Fighting_Gear_INDEX_2	</identifier>
				<transform>
					<row0>	-0.5000 0.0000 -0.8660 0.0000	</row0>
					<row1>	0.0000 1.0000 0.0000 0.0000	</row1>
					<row2>	0.8660 0.0000 -0.5000 0.0000	</row2>
					<row3>	-0.4367 0.3861 -3.8496 1.0000	</row3>
				</transform>
			</node>
			<node>
				<identifier>	MP_CM011_Fire_Fighting_Gear_INDEX_3	</identifier>
				<transform>
					<row0>	0.7071 0.0000 -0.7071 0.0000	</row0>
					<row1>	0.0000 1.0000 0.0000 0.0000	</row1>
					<row2>	0.7071 0.0000 0.7071 0.0000	</row2>
					<row3>	-0.6362 0.3861 -2.5526 1.0000	</row3>
				</transform>
			</node>
			<node>
				<identifier>	MP_CM012_Fire_Hose_Rack_1	</identifier>
				<transform>
					<row0>	0.7071 0.0000 0.7071 0.0000	</row0>
					<row1>	0.0000 1.0000 0.0000 0.0000	</row1>
					<row2>	-0.7071 0.0000 0.7071 0.0000	</row2>
					<row3>	-0.6388 0.4619 -2.5409 1.0000	</row3>
				</transform>
			</node>
			<node>
				<identifier>	MP_CM012_Fire_Hose_Rack_1_INDEX_1	</identifier>
				<transform>
					<row0>	0.8674 0.0000 -0.4976 0.0000	</row0>
					<row1>	0.0000 1.0000 0.0000 0.0000	</row1>
					<row2>	0.4976 0.0000 0.8674 0.0000	</row2>
					<row3>	-0.4158 0.4369 -3.8219 1.0000	</row3>
				</transform>
			</node>
			<node>
				<identifier>	MP_CM012_Fire_Hose_Rack_1_INDEX_2	</identifier>
				<transform>
					<row0>	-0.8674 0.0000 -0.4976 0.0000	</row0>
					<row1>	0.0000 1.0000 0.0000 0.0000	</row1>
					<row2>	0.4976 0.0000 -0.8674 0.0000	</row2>
					<row3>	0.4158 0.4369 -3.8219 1.0000	</row3>
				</transform>
			</node>
			<node>
				<identifier>	MP_CM012_Fire_Hose_Rack_1_INDEX_3	</identifier>
				<transform>
					<row0>	-0.7071 0.0000 0.7071 0.0000	</row0>
					<row1>	0.0000 1.0000 0.0000 0.0000	</row1>
					<row2>	-0.7071 0.0000 -0.7071 0.0000	</row2>
					<row3>	0.6388 0.4619 -2.5409 1.0000	</row3>
				</transform>
			</node>
			<node>
				<identifier>	MP_CM014_Fuel_Oil_Hose	</identifier>
				<transform>
					<row0>	-0.7167 0.0000 0.6974 0.0000	</row0>
					<row1>	0.0000 1.0000 0.0000 0.0000	</row1>
					<row2>	-0.6974 0.0000 -0.7167 0.0000	</row2>
					<row3>	0.9526 0.4078 -2.2207 1.0000	</row3>
				</transform>
			</node>
			<node>
				<identifier>	MP_CM014_Fuel_Oil_Hose_INDEX_1	</identifier>
				<transform>
					<row0>	0.7167 0.0000 0.6974 0.0000	</row0>
					<row1>	0.0001 1.0000 0.0000 0.0000	</row1>
					<row2>	-0.6974 0.0001 0.7167 0.0000	</row2>
					<row3>	-0.8413 0.4358 -2.3351 1.0000	</row3>
				</transform>
			</node>
			<node>
				<identifier>	MP_CM014_Fuel_Oil_Hose_INDEX_2	</identifier>
				<transform>
					<row0>	0.7167 0.0000 0.6974 0.0000	</row0>
					<row1>	0.0001 1.0000 0.0000 0.0000	</row1>
					<row2>	-0.6974 0.0001 0.7167 0.0000	</row2>
					<row3>	-0.9526 0.4078 -2.2207 1.0000	</row3>
				</transform>
			</node>
			<node>
				<identifier>	MP_CM014_Fuel_Oil_Hose_INDEX_3	</identifier>
				<transform>
					<row0>	0.7167 0.0000 0.6974 0.0000	</row0>
					<row1>	0.0001 1.0000 0.0000 0.0000	</row1>
					<row2>	-0.6974 0.0001 0.7167 0.0000	</row2>
					<row3>	-0.8413 0.4078 -2.3351 1.0000	</row3>
				</transform>
			</node>
			<node>
				<identifier>	MP_CM014_Fuel_Oil_Hose_INDEX_4	</identifier>
				<transform>
					<row0>	0.7167 0.0000 0.6974 0.0000	</row0>
					<row1>	0.0001 1.0000 0.0000 0.0000	</row1>
					<row2>	-0.6974 0.0001 0.7167 0.0000	</row2>
					<row3>	-0.9526 0.4358 -2.2207 1.0000	</row3>
				</transform>
			</node>
			<node>
				<identifier>	MP_CM014_Fuel_Oil_Hose_INDEX_5	</identifier>
				<transform>
					<row0>	-0.7167 0.0000 0.6974 0.0000	</row0>
					<row1>	0.0000 1.0000 0.0000 0.0000	</row1>
					<row2>	-0.6974 0.0000 -0.7167 0.0000	</row2>
					<row3>	0.8413 0.4358 -2.3351 1.0000	</row3>
				</transform>
			</node>
			<node>
				<identifier>	MP_CM014_Fuel_Oil_Hose_INDEX_6	</identifier>
				<transform>
					<row0>	-0.7167 0.0000 0.6974 0.0000	</row0>
					<row1>	0.0000 1.0000 0.0000 0.0000	</row1>
					<row2>	-0.6974 0.0000 -0.7167 0.0000	</row2>
					<row3>	0.9526 0.4358 -2.2207 1.0000	</row3>
				</transform>
			</node>
			<node>
				<identifier>	MP_CM014_Fuel_Oil_Hose_INDEX_7	</identifier>
				<transform>
					<row0>	-0.7167 0.0000 0.6974 0.0000	</row0>
					<row1>	0.0000 1.0000 0.0000 0.0000	</row1>
					<row2>	-0.6974 0.0000 -0.7167 0.0000	</row2>
					<row3>	0.8413 0.4078 -2.3351 1.0000	</row3>
				</transform>
			</node>
			<node>
				<identifier>	MP_CM030_Swab_Rack_2	</identifier>
				<transform>
					<row0>	0.0000 0.0000 1.0000 0.0000	</row0>
					<row1>	0.0000 1.0000 0.0000 0.0000	</row1>
					<row2>	-1.0000 0.0000 0.0000 0.0000	</row2>
					<row3>	-0.5371 0.5526 -2.3329 1.0000	</row3>
				</transform>
			</node>
			<node>
				<identifier>	MP_CM030_Swab_Rack_2_INDEX_1	</identifier>
				<transform>
					<row0>	0.0000 0.0000 -1.0000 0.0000	</row0>
					<row1>	0.0000 1.0000 0.0000 0.0000	</row1>
					<row2>	1.0000 0.0000 0.0000 0.0000	</row2>
					<row3>	0.5371 0.5526 -2.3329 1.0000	</row3>
				</transform>
			</node>
			<node>
				<identifier>	MP_CM052_Fender	</identifier>
				<transform>
					<row0>	-0.9201 0.0000 -0.3810 0.0000	</row0>
					<row1>	0.0000 0.9959 0.0000 0.0000	</row1>
					<row2>	0.3810 0.0000 -0.9201 0.0000	</row2>
					<row3>	0.1046 0.3855 -3.1696 1.0000	</row3>
				</transform>
			</node>
			<node>
				<identifier>	MP_CM052_Fender_INDEX_1	</identifier>
				<transform>
					<row0>	-0.9201 0.0000 0.3810 0.0000	</row0>
					<row1>	0.0000 0.9959 0.0000 0.0000	</row1>
					<row2>	-0.3810 0.0000 -0.9201 0.0000	</row2>
					<row3>	-0.1046 0.3855 -3.1696 1.0000	</row3>
				</transform>
			</node>
			<node>
				<identifier>	MP_CM079_Fender	</identifier>
				<transform>
					<row0>	0.5898 0.0000 -1.1232 0.0000	</row0>
					<row1>	-1.1232 0.0000 -0.5898 0.0000	</row1>
					<row2>	0.0000 1.2686 0.0000 0.0000	</row2>
					<row3>	-0.4447 0.3851 -4.2886 1.0000	</row3>
				</transform>
			</node>
			<node>
				<identifier>	MP_CM079_Fender_INDEX_1	</identifier>
				<transform>
					<row0>	0.1525 0.0000 -1.2594 0.0000	</row0>
					<row1>	-1.2594 0.0000 -0.1525 0.0000	</row1>
					<row2>	0.0000 1.2686 0.0000 0.0000	</row2>
					<row3>	-0.7311 0.3852 -4.3779 1.0000	</row3>
				</transform>
			</node>
			<node>
				<identifier>	MP_CM079_Fender_INDEX_2	</identifier>
				<transform>
					<row0>	0.1525 0.0000 1.2594 0.0000	</row0>
					<row1>	1.2594 0.0000 -0.1525 0.0000	</row1>
					<row2>	0.0000 1.2686 0.0000 0.0000	</row2>
					<row3>	0.7509 0.3852 -4.2158 1.0000	</row3>
				</transform>
			</node>
			<node>
				<identifier>	MP_CM079_Fender_INDEX_3	</identifier>
				<transform>
					<row0>	0.1525 0.0000 1.2594 0.0000	</row0>
					<row1>	1.2594 0.0000 -0.1525 0.0000	</row1>
					<row2>	0.0000 1.2686 0.0000 0.0000	</row2>
					<row3>	0.7311 0.3852 -4.3779 1.0000	</row3>
				</transform>
			</node>
			<node>
				<identifier>	MP_CM079_Fender_INDEX_4	</identifier>
				<transform>
					<row0>	1.1146 0.0000 0.6059 0.0000	</row0>
					<row1>	0.6059 0.0000 -1.1146 0.0000	</row1>
					<row2>	0.0000 1.2686 0.0000 0.0000	</row2>
					<row3>	0.2458 0.3853 -4.4914 1.0000	</row3>
				</transform>
			</node>
			<node>
				<identifier>	MP_CM079_Fender_INDEX_5	</identifier>
				<transform>
					<row0>	1.1146 0.0000 -0.6059 0.0000	</row0>
					<row1>	-0.6059 0.0000 -1.1146 0.0000	</row1>
					<row2>	0.0000 1.2686 0.0000 0.0000	</row2>
					<row3>	-0.2458 0.3853 -4.4914 1.0000	</row3>
				</transform>
			</node>
			<node>
				<identifier>	MP_CM079_Fender_INDEX_6	</identifier>
				<transform>
					<row0>	0.5898 0.0000 1.1232 0.0000	</row0>
					<row1>	1.1232 0.0000 -0.5898 0.0000	</row1>
					<row2>	0.0000 1.2686 0.0000 0.0000	</row2>
					<row3>	0.4447 0.3851 -4.2886 1.0000	</row3>
				</transform>
			</node>
			<node>
				<identifier>	MP_CM079_Fender_INDEX_7	</identifier>
				<transform>
					<row0>	0.1525 0.0000 -1.2594 0.0000	</row0>
					<row1>	-1.2594 0.0000 -0.1525 0.0000	</row1>
					<row2>	0.0000 1.2686 0.0000 0.0000	</row2>
					<row3>	-0.7509 0.3852 -4.2158 1.0000	</row3>
				</transform>
			</node>
			<node>
				<identifier>	MP_CM109_Leadsman_Platform	</identifier>
				<transform>
					<row0>	0.0000 -1.2996 0.0000 0.0000	</row0>
					<row1>	1.2986 0.0000 -0.0520 0.0000	</row1>
					<row2>	0.0520 0.0000 1.2986 0.0000	</row2>
					<row3>	1.0864 0.5635 -1.5453 1.0000	</row3>
				</transform>
			</node>
			<node>
				<identifier>	MP_CM109_Leadsman_Platform_INDEX_1	</identifier>
				<transform>
					<row0>	-0.0068 -1.2996 0.0006 0.0000	</row0>
					<row1>	1.2947 -0.0068 -0.1129 0.0000	</row1>
					<row2>	0.1129 0.0000 1.2947 0.0000	</row2>
					<row3>	0.9218 0.3955 -3.9522 1.0000	</row3>
				</transform>
			</node>
			<node>
				<identifier>	MP_CM109_Leadsman_Platform_INDEX_2	</identifier>
				<transform>
					<row0>	-0.0616 0.0000 1.2981 0.0000	</row0>
					<row1>	1.2981 0.0000 0.0616 0.0000	</row1>
					<row2>	0.0000 1.3000 0.0000 0.0000	</row2>
					<row3>	-1.0644 0.6077 -2.0527 1.0000	</row3>
				</transform>
			</node>
			<node>
				<identifier>	MP_CM109_Leadsman_Platform_INDEX_3	</identifier>
				<transform>
					<row0>	0.1848 -0.0004 1.2864 0.0000	</row0>
					<row1>	-1.2864 0.0068 0.1848 0.0000	</row1>
					<row2>	-0.0068 -1.3048 0.0006 0.0000	</row2>
					<row3>	0.8882 0.4396 -4.3568 1.0000	</row3>
				</transform>
			</node>
			<node>
				<identifier>	MP_CM109_Leadsman_Platform_INDEX_4	</identifier>
				<transform>
					<row0>	0.0616 0.0000 1.2981 0.0000	</row0>
					<row1>	-1.2981 0.0000 0.0616 0.0000	</row1>
					<row2>	0.0000 -1.3048 0.0000 0.0000	</row2>
					<row3>	1.0644 0.6077 -2.0527 1.0000	</row3>
				</transform>
			</node>
			<node>
				<identifier>	MP_CM109_Leadsman_Platform_INDEX_5	</identifier>
				<transform>
					<row0>	0.0000 -1.2996 0.0000 0.0000	</row0>
					<row1>	-1.2986 0.0000 -0.0520 0.0000	</row1>
					<row2>	0.0520 0.0000 -1.2990 0.0000	</row2>
					<row3>	-1.0864 0.5635 -1.5453 1.0000	</row3>
				</transform>
			</node>
			<node>
				<identifier>	MP_CM109_Leadsman_Platform_INDEX_6	</identifier>
				<transform>
					<row0>	-0.1848 -0.0004 1.2864 0.0000	</row0>
					<row1>	1.2864 0.0068 0.1848 0.0000	</row1>
					<row2>	-0.0068 1.3000 -0.0006 0.0000	</row2>
					<row3>	-0.8882 0.4396 -4.3568 1.0000	</row3>
				</transform>
			</node>
			<node>
				<identifier>	MP_CM109_Leadsman_Platform_INDEX_7	</identifier>
				<transform>
					<row0>	0.0068 -1.2996 0.0006 0.0000	</row0>
					<row1>	-1.2947 -0.0068 -0.1129 0.0000	</row1>
					<row2>	0.1130 0.0000 -1.2951 0.0000	</row2>
					<row3>	-0.9218 0.3955 -3.9522 1.0000	</row3>
				</transform>
			</node>
			<node>
				<identifier>	MP_FM015_Life_Buoy	</identifier>
				<transform>
					<row0>	0.0670 0.0000 -0.9978 0.0000	</row0>
					<row1>	0.0000 1.0000 0.0000 0.0000	</row1>
					<row2>	0.9978 0.0000 0.0670 0.0000	</row2>
					<row3>	-0.9266 0.4528 -3.8015 1.0000	</row3>
				</transform>
			</node>
			<node>
				<identifier>	MP_FM015_Life_Buoy_INDEX_1	</identifier>
				<transform>
					<row0>	0.0670 0.0000 0.9978 0.0000	</row0>
					<row1>	0.0000 1.0000 0.0000 0.0000	</row1>
					<row2>	-0.9978 0.0000 0.0670 0.0000	</row2>
					<row3>	0.9266 0.4528 -3.8015 1.0000	</row3>
				</transform>
			</node>
			<node>
				<identifier>	MP_FM026_Motto_Honneur	</identifier>
				<transform>
					<row0>	1.6040 0.0000 -1.6484 0.0000	</row0>
					<row1>	0.0001 2.3000 0.0000 0.0000	</row1>
					<row2>	1.6484 -0.0001 1.6040 0.0000	</row2>
					<row3>	-0.4557 0.6842 -2.7295 1.0000	</row3>
				</transform>
			</node>
			<node>
				<identifier>	MP_FM027_Motto_Patrie	</identifier>
				<transform>
					<row0>	1.6040 0.0000 1.6484 0.0000	</row0>
					<row1>	-0.0001 2.3000 0.0000 0.0000	</row1>
					<row2>	-1.6484 -0.0001 1.6040 0.0000	</row2>
					<row3>	0.4557 0.6842 -2.7295 1.0000	</row3>
				</transform>
			</node>
			<node>
				<identifier>	MP_FM502_Rafts_5in	</identifier>
				<transform>
					<row0>	1.0000 0.0000 0.0000 0.0000	</row0>
					<row1>	0.0000 1.0000 0.0000 0.0000	</row1>
					<row2>	0.0000 0.0000 1.0000 0.0000	</row2>
					<row3>	-0.4859 0.7199 -2.1537 1.0000	</row3>
				</transform>
			</node>
			<node>
				<identifier>	MP_FM502_Rafts_5in_INDEX_1	</identifier>
				<transform>
					<row0>	1.0000 0.0000 0.0000 0.0000	</row0>
					<row1>	0.0000 1.0000 0.0000 0.0000	</row1>
					<row2>	0.0000 0.0000 1.0000 0.0000	</row2>
					<row3>	0.4859 0.7199 -2.1537 1.0000	</row3>
				</transform>
			</node>
			<node>
				<identifier>	MP_FM530_Rafts_3	</identifier>
				<transform>
					<row0>	1.0000 0.0000 0.0000 0.0000	</row0>
					<row1>	0.0000 1.0000 0.0000 0.0000	</row1>
					<row2>	0.0000 0.0000 1.0000 0.0000	</row2>
					<row3>	-0.7312 0.3852 -3.4429 1.0000	</row3>
				</transform>
			</node>
			<node>
				<identifier>	MP_FM530_Rafts_3_INDEX_1	</identifier>
				<transform>
					<row0>	1.0000 0.0000 0.0000 0.0000	</row0>
					<row1>	0.0000 1.0000 0.0000 0.0000	</row1>
					<row2>	0.0000 0.0000 1.0000 0.0000	</row2>
					<row3>	0.4859 0.7199 -2.5482 1.0000	</row3>
				</transform>
			</node>
			<node>
				<identifier>	MP_FM530_Rafts_3_INDEX_2	</identifier>
				<transform>
					<row0>	1.0000 0.0000 0.0000 0.0000	</row0>
					<row1>	0.0000 1.0000 0.0000 0.0000	</row1>
					<row2>	0.0000 0.0000 1.0000 0.0000	</row2>
					<row3>	0.7312 0.3852 -3.4429 1.0000	</row3>
				</transform>
			</node>
			<node>
				<identifier>	MP_FM530_Rafts_3_INDEX_3	</identifier>
				<transform>
					<row0>	1.0000 0.0000 0.0000 0.0000	</row0>
					<row1>	0.0000 1.0000 0.0000 0.0000	</row1>
					<row2>	0.0000 0.0000 1.0000 0.0000	</row2>
					<row3>	-0.4859 0.7199 -2.5482 1.0000	</row3>
				</transform>
			</node>
			<node>
				<identifier>	MP_FM530_Rafts_3_INDEX_4	</identifier>
				<transform>
					<row0>	1.0000 0.0000 0.0000 0.0000	</row0>
					<row1>	0.0000 1.0000 0.0000 0.0000	</row1>
					<row2>	0.0000 0.0000 1.0000 0.0000	</row2>
					<row3>	0.8195 0.3852 -3.3052 1.0000	</row3>
				</transform>
			</node>
			<node>
				<identifier>	MP_FM530_Rafts_3_INDEX_5	</identifier>
				<transform>
					<row0>	1.0000 0.0000 0.0000 0.0000	</row0>
					<row1>	0.0000 1.0000 0.0000 0.0000	</row1>
					<row2>	0.0000 0.0000 1.0000 0.0000	</row2>
					<row3>	0.7312 0.3852 -3.3052 1.0000	</row3>
				</transform>
			</node>
			<node>
				<identifier>	MP_FM530_Rafts_3_INDEX_6	</identifier>
				<transform>
					<row0>	1.0000 0.0000 0.0000 0.0000	</row0>
					<row1>	0.0000 1.0000 0.0000 0.0000	</row1>
					<row2>	0.0000 0.0000 1.0000 0.0000	</row2>
					<row3>	-0.8195 0.3852 -3.3052 1.0000	</row3>
				</transform>
			</node>
			<node>
				<identifier>	MP_FM530_Rafts_3_INDEX_7	</identifier>
				<transform>
					<row0>	1.0000 0.0000 0.0000 0.0000	</row0>
					<row1>	0.0000 1.0000 0.0000 0.0000	</row1>
					<row2>	0.0000 0.0000 1.0000 0.0000	</row2>
					<row3>	-0.7312 0.3852 -3.3052 1.0000	</row3>
				</transform>
			</node>
			<node>
				<identifier>	MP_FM701_Ammunition_Box	</identifier>
				<transform>
					<row0>	0.4992 0.0000 0.5082 0.0000	</row0>
					<row1>	0.0000 0.8570 0.0000 0.0000	</row1>
					<row2>	-0.5082 0.0000 0.4992 0.0000	</row2>
					<row3>	0.7537 0.3853 -2.7376 1.0000	</row3>
				</transform>
			</node>
			<node>
				<identifier>	MP_FM701_Ammunition_Box_INDEX_1	</identifier>
				<transform>
					<row0>	0.4992 0.0000 -0.5082 0.0000	</row0>
					<row1>	0.0000 0.8570 0.0000 0.0000	</row1>
					<row2>	0.5082 0.0000 0.4992 0.0000	</row2>
					<row3>	-0.7537 0.3853 -2.7376 1.0000	</row3>
				</transform>
			</node>
			<node>
				<identifier>	MP_FM701_Ammunition_Box_INDEX_2	</identifier>
				<transform>
					<row0>	0.4086 0.0000 -0.5836 0.0000	</row0>
					<row1>	0.0000 0.8570 0.0000 0.0000	</row1>
					<row2>	0.5836 0.0000 0.4086 0.0000	</row2>
					<row3>	0.7161 0.3853 -2.9213 1.0000	</row3>
				</transform>
			</node>
			<node>
				<identifier>	MP_FM701_Ammunition_Box_INDEX_3	</identifier>
				<transform>
					<row0>	0.4086 0.0000 0.5836 0.0000	</row0>
					<row1>	0.0000 0.8570 0.0000 0.0000	</row1>
					<row2>	-0.5836 0.0000 0.4086 0.0000	</row2>
					<row3>	-0.7161 0.3853 -2.9213 1.0000	</row3>
				</transform>
			</node>
			<node>
				<identifier>	MP_FM701_Ammunition_Box_INDEX_4	</identifier>
				<transform>
					<row0>	0.4086 0.0000 -0.5836 0.0000	</row0>
					<row1>	0.0000 0.8570 0.0000 0.0000	</row1>
					<row2>	0.5836 0.0000 0.4086 0.0000	</row2>
					<row3>	-0.7161 0.3853 -2.7229 1.0000	</row3>
				</transform>
			</node>
			<node>
				<identifier>	MP_FM701_Ammunition_Box_INDEX_5	</identifier>
				<transform>
					<row0>	0.4086 0.0000 0.5836 0.0000	</row0>
					<row1>	0.0000 0.8570 0.0000 0.0000	</row1>
					<row2>	-0.5836 0.0000 0.4086 0.0000	</row2>
					<row3>	0.7161 0.3853 -2.7229 1.0000	</row3>
				</transform>
			</node>
			<node>
				<identifier>	MP_FM707_Locker	</identifier>
				<transform>
					<row0>	0.0000 0.0000 -1.0000 0.0000	</row0>
					<row1>	0.0000 1.0000 0.0000 0.0000	</row1>
					<row2>	1.0000 0.0000 0.0000 0.0000	</row2>
					<row3>	0.1439 0.8896 -1.7312 1.0000	</row3>
				</transform>
			</node>
			<node>
				<identifier>	MP_FM707_Locker_INDEX_1	</identifier>
				<transform>
					<row0>	0.0000 0.0000 1.0000 0.0000	</row0>
					<row1>	0.0000 1.0000 0.0000 0.0000	</row1>
					<row2>	-1.0000 0.0000 0.0000 0.0000	</row2>
					<row3>	-0.1439 0.8896 -1.6443 1.0000	</row3>
				</transform>
			</node>
			<node>
				<identifier>	MP_FM707_Locker_INDEX_2	</identifier>
				<transform>
					<row0>	0.0000 0.0000 1.0000 0.0000	</row0>
					<row1>	0.0000 1.0000 0.0000 0.0000	</row1>
					<row2>	-1.0000 0.0000 0.0000 0.0000	</row2>
					<row3>	-0.1439 0.8896 -1.7312 1.0000	</row3>
				</transform>
			</node>
			<node>
				<identifier>	MP_FM707_Locker_INDEX_3	</identifier>
				<transform>
					<row0>	0.0000 0.0000 -1.0000 0.0000	</row0>
					<row1>	0.0000 1.0000 0.0000 0.0000	</row1>
					<row2>	1.0000 0.0000 0.0000 0.0000	</row2>
					<row3>	0.1439 0.8896 -1.6443 1.0000	</row3>
				</transform>
			</node>
			<node>
				<identifier>	MP_FM955_Bollard	</identifier>
				<transform>
					<row0>	1.1917 0.0000 0.0000 0.0000	</row0>
					<row1>	0.0000 1.1917 0.0000 0.0000	</row1>
					<row2>	0.0000 0.0000 1.1917 0.0000	</row2>
					<row3>	0.7688 0.3840 -4.9155 1.0000	</row3>
				</transform>
			</node>
			<node>
				<identifier>	MP_FM955_Bollard_INDEX_1	</identifier>
				<transform>
					<row0>	1.1917 0.0000 0.0000 0.0000	</row0>
					<row1>	0.0000 1.1917 0.0000 0.0000	</row1>
					<row2>	0.0000 0.0000 1.1917 0.0000	</row2>
					<row3>	-0.7688 0.3840 -4.9155 1.0000	</row3>
				</transform>
			</node>
			<node>
				<identifier>	SP_YMS011_YHWL_M_1_INDEX_10	</identifier>
				<transform>
					<row0>	0.9989 0.0126 0.0453 0.0000	</row0>
					<row1>	-0.0126 0.9999 -0.0010 0.0000	</row1>
					<row2>	-0.0453 0.0004 0.9990 0.0000	</row2>
					<row3>	-1.0791 0.0000 -1.8169 1.0000	</row3>
				</transform>
			</node>
			<node>
				<identifier>	SP_YMS011_YHWL_M_1_INDEX_11	</identifier>
				<transform>
					<row0>	0.9975 0.0126 0.0689 0.0000	</row0>
					<row1>	-0.0126 0.9999 -0.0013 0.0000	</row1>
					<row2>	-0.0689 0.0004 0.9976 0.0000	</row2>
					<row3>	-1.0308 0.0000 -2.6587 1.0000	</row3>
				</transform>
			</node>
			<node>
				<identifier>	SP_YMS011_YHWL_M_1_INDEX_12	</identifier>
				<transform>
					<row0>	0.9942 0.0540 0.0931 0.0000	</row0>
					<row1>	-0.0538 0.9985 -0.0039 0.0000	</row1>
					<row2>	-0.0932 -0.0011 0.9957 0.0000	</row2>
					<row3>	-0.9611 0.0000 -3.4976 1.0000	</row3>
				</transform>
			</node>
			<node>
				<identifier>	SP_YMS011_YHWL_M_1_INDEX_13	</identifier>
				<transform>
					<row0>	0.9871 0.1086 0.1173 0.0000	</row0>
					<row1>	-0.1079 0.9941 -0.0123 0.0000	</row1>
					<row2>	-0.1179 -0.0005 0.9930 0.0000	</row2>
					<row3>	-0.8725 0.0000 -4.3334 1.0000	</row3>
				</transform>
			</node>
			<node>
				<identifier>	SP_YMS011_YHWL_M_1_INDEX_14	</identifier>
				<transform>
					<row0>	0.9645 0.2332 0.1236 0.0000	</row0>
					<row1>	-0.2314 0.9724 -0.0291 0.0000	</row1>
					<row2>	-0.1270 -0.0005 0.9919 0.0000	</row2>
					<row3>	-0.7583 0.0000 -5.1581 1.0000	</row3>
				</transform>
			</node>
			<node>
				<identifier>	SP_YMS012_YHWR_M_1_INDEX_10	</identifier>
				<transform>
					<row0>	0.9989 -0.0126 -0.0453 0.0000	</row0>
					<row1>	0.0126 0.9999 -0.0010 0.0000	</row1>
					<row2>	0.0453 0.0004 0.9990 0.0000	</row2>
					<row3>	1.0791 0.0000 -1.8169 1.0000	</row3>
				</transform>
			</node>
			<node>
				<identifier>	SP_YMS012_YHWR_M_1_INDEX_11	</identifier>
				<transform>
					<row0>	0.9975 -0.0126 -0.0689 0.0000	</row0>
					<row1>	0.0126 0.9999 -0.0013 0.0000	</row1>
					<row2>	0.0689 0.0004 0.9976 0.0000	</row2>
					<row3>	1.0308 0.0000 -2.6587 1.0000	</row3>
				</transform>
			</node>
			<node>
				<identifier>	SP_YMS012_YHWR_M_1_INDEX_12	</identifier>
				<transform>
					<row0>	0.9942 -0.0540 -0.0931 0.0000	</row0>
					<row1>	0.0538 0.9985 -0.0039 0.0000	</row1>
					<row2>	0.0932 -0.0011 0.9957 0.0000	</row2>
					<row3>	0.9611 0.0000 -3.4976 1.0000	</row3>
				</transform>
			</node>
			<node>
				<identifier>	SP_YMS012_YHWR_M_1_INDEX_13	</identifier>
				<transform>
					<row0>	0.9871 -0.1086 -0.1173 0.0000	</row0>
					<row1>	0.1079 0.9941 -0.0123 0.0000	</row1>
					<row2>	0.1179 -0.0005 0.9930 0.0000	</row2>
					<row3>	0.8725 0.0000 -4.3334 1.0000	</row3>
				</transform>
			</node>
			<node>
				<identifier>	SP_YMS012_YHWR_M_1_INDEX_14	</identifier>
				<transform>
					<row0>	0.9645 -0.2332 -0.1236 0.0000	</row0>
					<row1>	0.2314 0.9724 -0.0291 0.0000	</row1>
					<row2>	0.1270 -0.0005 0.9919 0.0000	</row2>
					<row3>	0.7583 0.0000 -5.1581 1.0000	</row3>
				</transform>
			</node>
			<node>
				<identifier>	SP_YMS021_YHUC_S_1_INDEX_6	</identifier>
				<transform>
					<row0>	-0.2304 0.9731 -0.0073 0.0000	</row0>
					<row1>	-0.9678 -0.2299 -0.1023 0.0000	</row1>
					<row2>	-0.1012 -0.0165 0.9947 0.0000	</row2>
					<row3>	-1.0008 -0.2183 -2.8946 1.0000	</row3>
				</transform>
			</node>
			<node>
				<identifier>	SP_YMS021_YHUC_S_1_INDEX_7	</identifier>
				<transform>
					<row0>	-0.2304 -0.9731 0.0073 0.0000	</row0>
					<row1>	0.9678 -0.2299 -0.1023 0.0000	</row1>
					<row2>	0.1012 -0.0165 0.9947 0.0000	</row2>
					<row3>	1.0008 -0.2183 -2.8946 1.0000	</row3>
				</transform>
			</node>
			<node>
				<identifier>	SP_YMS022_YHUS_L_1_INDEX_2	</identifier>
				<transform>
					<row0>	0.1189 0.0016 -0.7911 0.0000	</row0>
					<row1>	-0.3073 0.7373 -0.0447 0.0000	</row1>
					<row2>	0.7290 0.3105 0.1102 0.0000	</row2>
					<row3>	-0.7686 -0.3132 -4.0594 1.0000	</row3>
				</transform>
			</node>
			<node>
				<identifier>	SP_YMS022_YHUS_L_1_INDEX_3	</identifier>
				<transform>
					<row0>	0.1189 -0.0016 0.7911 0.0000	</row0>
					<row1>	0.3073 0.7373 -0.0447 0.0000	</row1>
					<row2>	-0.7290 0.3105 0.1102 0.0000	</row2>
					<row3>	0.7686 -0.3132 -4.0594 1.0000	</row3>
				</transform>
			</node>
			<node>
				<identifier>	SP_YMS053_YHDC_S_1_INDEX_3	</identifier>
				<transform>
					<row0>	1.0000 0.0000 0.0000 0.0000	</row0>
					<row1>	0.0000 1.0000 0.0000 0.0000	</row1>
					<row2>	0.0000 0.0000 1.0000 0.0000	</row2>
					<row3>	-0.3449 0.7357 -2.5637 1.0000	</row3>
				</transform>
			</node>
			<node>
				<identifier>	SP_YMS053_YHDC_S_1_INDEX_4	</identifier>
				<transform>
					<row0>	1.0000 0.0000 0.0000 0.0000	</row0>
					<row1>	0.0000 1.0000 0.0000 0.0000	</row1>
					<row2>	0.0000 0.0000 1.0000 0.0000	</row2>
					<row3>	0.3449 0.7357 -2.2105 1.0000	</row3>
				</transform>
			</node>
			<node>
				<identifier>	SP_YMS060_YHGF_S_1_INDEX_5	</identifier>
				<transform>
					<row0>	-0.8512 0.0000 0.0644 0.0000	</row0>
					<row1>	0.0000 0.8537 0.0000 0.0000	</row1>
					<row2>	-0.0644 0.0000 -0.8512 0.0000	</row2>
					<row3>	-0.8401 0.4822 -2.8218 1.0000	</row3>
				</transform>
			</node>
			<node>
				<identifier>	SP_YMS060_YHGF_S_1_INDEX_6	</identifier>
				<transform>
					<row0>	-0.8512 0.0000 0.0644 0.0000	</row0>
					<row1>	0.0000 0.8537 0.0000 0.0000	</row1>
					<row2>	-0.0644 0.0000 -0.8512 0.0000	</row2>
					<row3>	0.8401 0.4767 -2.8218 1.0000	</row3>
				</transform>
			</node>
			<node>
				<identifier>	SP_YMS061_YHGH_S_1_INDEX_5	</identifier>
				<transform>
					<row0>	1.5561 0.0000 0.0000 0.0000	</row0>
					<row1>	0.0000 1.5561 0.0000 0.0000	</row1>
					<row2>	0.0000 0.0000 1.5561 0.0000	</row2>
					<row3>	0.0000 0.7604 -2.9064 1.0000	</row3>
				</transform>
			</node>
			<node>
				<identifier>	SP_YMS071_YHHC_S_1_INDEX_3	</identifier>
				<transform>
					<row0>	0.1166 0.0011 -0.9932 0.0000	</row0>
					<row1>	-0.9894 -0.0866 -0.1163 0.0000	</row1>
					<row2>	-0.0862 0.9962 -0.0090 0.0000	</row2>
					<row3>	-0.8126 0.1719 -5.0362 1.0000	</row3>
				</transform>
			</node>
			<node>
				<identifier>	SP_YMS071_YHHC_S_1_INDEX_4	</identifier>
				<transform>
					<row0>	0.1166 -0.0011 0.9932 0.0000	</row0>
					<row1>	0.9894 -0.0866 -0.1163 0.0000	</row1>
					<row2>	0.0862 0.9962 -0.0090 0.0000	</row2>
					<row3>	0.8126 0.1719 -5.0362 1.0000	</row3>
				</transform>
			</node>
			<node>
				<identifier>	SP_YMS083_YHSC_L_1_INDEX_2	</identifier>
				<transform>
					<row0>	0.0440 0.0000 -0.9990 0.0000	</row0>
					<row1>	0.0000 1.0000 0.0000 0.0000	</row1>
					<row2>	0.9990 0.0000 0.0440 0.0000	</row2>
					<row3>	-1.0698 0.5325 -1.7892 1.0000	</row3>
				</transform>
			</node>
			<node>
				<identifier>	SP_YMS083_YHSC_L_1_INDEX_3	</identifier>
				<transform>
					<row0>	0.0440 0.0000 0.9990 0.0000	</row0>
					<row1>	0.0000 1.0000 0.0000 0.0000	</row1>
					<row2>	-0.9990 0.0000 0.0440 0.0000	</row2>
					<row3>	1.0698 0.5325 -1.7892 1.0000	</row3>
				</transform>
			</node>
			<node>
				<identifier>	SP_YMS085_YHSC_S_1_INDEX_2	</identifier>
				<transform>
					<row0>	0.0477 0.0000 -0.5159 0.0000	</row0>
					<row1>	0.0000 0.5181 0.0000 0.0000	</row1>
					<row2>	0.5159 0.0000 0.0477 0.0000	</row2>
					<row3>	-0.9165 0.3726 -4.0910 1.0000	</row3>
				</transform>
			</node>
			<node>
				<identifier>	SP_YMS085_YHSC_S_1_INDEX_3	</identifier>
				<transform>
					<row0>	0.0477 0.0000 0.5159 0.0000	</row0>
					<row1>	0.0000 0.5181 0.0000 0.0000	</row1>
					<row2>	-0.5159 0.0000 0.0477 0.0000	</row2>
					<row3>	0.9165 0.3726 -4.0910 1.0000	</row3>
				</transform>
			</node>
			<node>
				<identifier>	SP_YMS085_YHSC_S_1_INDEX_4	</identifier>
				<transform>
					<row0>	0.0399 0.0000 -0.5166 0.0000	</row0>
					<row1>	0.0000 0.5181 0.0000 0.0000	</row1>
					<row2>	0.5166 0.0000 0.0399 0.0000	</row2>
					<row3>	-1.0172 0.3726 -2.8336 1.0000	</row3>
				</transform>
			</node>
			<node>
				<identifier>	SP_YMS085_YHSC_S_1_INDEX_5	</identifier>
				<transform>
					<row0>	0.0399 0.0000 0.5166 0.0000	</row0>
					<row1>	0.0000 0.5181 0.0000 0.0000	</row1>
					<row2>	-0.5166 0.0000 0.0399 0.0000	</row2>
					<row3>	1.0172 0.3726 -2.8336 1.0000	</row3>
				</transform>
			</node>
		</node>
	</node>
	<boundingBox>
		<min>	-0.0667 -0.0667 -0.0667	</min>
		<max>	0.0667 0.0667 0.0667	</max>
	</boundingBox>
</FSB012_Gascoigne_1941_MidBack_ports.visual>
