<BSB031_Marlborough_1947_MidFront_ports.visual>
	<node>
		<identifier>	Scene Root	</identifier>
		<transform>
			<row0>	1.0000 0.0000 0.0000 0.0000	</row0>
			<row1>	0.0000 1.0000 0.0000 0.0000	</row1>
			<row2>	0.0000 0.0000 1.0000 0.0000	</row2>
			<row3>	0.0000 0.0000 0.0000 1.0000	</row3>
		</transform>
		<node>
			<identifier>	MidFront_ports	</identifier>
			<transform>
				<row0>	1.0000 0.0000 0.0000 0.0000	</row0>
				<row1>	0.0000 1.0000 0.0000 0.0000	</row1>
				<row2>	0.0000 0.0000 1.0000 0.0000	</row2>
				<row3>	0.0000 0.0000 0.0000 1.0000	</row3>
			</transform>
			<node>
				<identifier>	HP_BGM_1	</identifier>
				<transform>
					<row0>	1.0000 0.0000 0.0000 0.0000	</row0>
					<row1>	0.0000 1.0000 0.0000 0.0000	</row1>
					<row2>	0.0000 0.0000 1.0000 0.0000	</row2>
					<row3>	0.0000 0.4402 3.7130 1.0000	</row3>
				</transform>
			</node>
			<node>
				<identifier>	HP_BGM_2	</identifier>
				<transform>
					<row0>	1.0000 0.0000 0.0000 0.0000	</row0>
					<row1>	0.0000 1.0000 0.0000 0.0000	</row1>
					<row2>	0.0000 0.0000 1.0000 0.0000	</row2>
					<row3>	0.0000 0.6286 2.5551 1.0000	</row3>
				</transform>
			</node>
			<node>
				<identifier>	HP_FX_Death_1	</identifier>
				<transform>
					<row0>	1.0000 0.0000 0.0000 0.0000	</row0>
					<row1>	0.0000 1.0000 0.0000 0.0000	</row1>
					<row2>	0.0000 0.0000 1.0000 0.0000	</row2>
					<row3>	0.0000 0.0000 4.2048 1.0000	</row3>
				</transform>
			</node>
			<node>
				<identifier>	HP_FX_Fire_2	</identifier>
				<transform>
					<row0>	1.0000 0.0000 0.0000 0.0000	</row0>
					<row1>	0.0000 1.0000 0.0000 0.0000	</row1>
					<row2>	0.0000 0.0000 1.0000 0.0000	</row2>
					<row3>	-0.5521 0.3854 3.0904 1.0000	</row3>
				</transform>
			</node>
			<node>
				<identifier>	HP_FX_Fire_2_side_1	</identifier>
				<transform>
					<row0>	0.7274 0.0000 0.6862 0.0000	</row0>
					<row1>	0.0000 1.0000 0.0000 0.0000	</row1>
					<row2>	-0.6862 0.0000 0.7274 0.0000	</row2>
					<row3>	0.8590 0.3854 2.8856 1.0000	</row3>
				</transform>
			</node>
			<node>
				<identifier>	HP_FX_Flood_steam_left	</identifier>
				<transform>
					<row0>	-1.0000 0.0000 0.0000 0.0000	</row0>
					<row1>	0.0000 1.0000 0.0000 0.0000	</row1>
					<row2>	0.0000 0.0000 -1.0000 0.0000	</row2>
					<row3>	-0.9812 0.3178 2.6682 1.0000	</row3>
				</transform>
			</node>
			<node>
				<identifier>	HP_FX_RepairLight_left_1	</identifier>
				<transform>
					<row0>	0.0867 0.0000 0.9962 0.0000	</row0>
					<row1>	0.0000 1.0000 0.0000 0.0000	</row1>
					<row2>	-0.9962 0.0000 0.0867 0.0000	</row2>
					<row3>	-0.9252 0.3832 3.4622 1.0000	</row3>
				</transform>
			</node>
			<node>
				<identifier>	HP_FX_RepairLight_right_1	</identifier>
				<transform>
					<row0>	0.0560 0.0000 -0.9984 0.0000	</row0>
					<row1>	0.0000 1.0000 0.0000 0.0000	</row1>
					<row2>	0.9984 0.0000 0.0560 0.0000	</row2>
					<row3>	1.0154 0.3826 2.1877 1.0000	</row3>
				</transform>
			</node>
			<node>
				<identifier>	HP_Ship_death_2	</identifier>
				<transform>
					<row0>	1.0000 0.0000 0.0000 0.0000	</row0>
					<row1>	0.0000 1.0000 0.0000 0.0000	</row1>
					<row2>	0.0000 0.0000 1.0000 0.0000	</row2>
					<row3>	0.0000 0.0000 2.0650 1.0000	</row3>
				</transform>
			</node>
			<node>
				<identifier>	HP_flag_1	</identifier>
				<transform>
					<row0>	0.9855 -0.1697 0.0027 0.0000	</row0>
					<row1>	0.1697 0.9850 -0.0313 0.0000	</row1>
					<row2>	0.0027 0.0313 0.9995 0.0000	</row2>
					<row3>	0.2530 1.9753 0.6072 1.0000	</row3>
				</transform>
			</node>
			<node>
				<identifier>	HP_flag_2	</identifier>
				<transform>
					<row0>	0.9855 0.1697 -0.0027 0.0000	</row0>
					<row1>	-0.1697 0.9850 -0.0313 0.0000	</row1>
					<row2>	-0.0027 0.0313 0.9995 0.0000	</row2>
					<row3>	-0.2518 1.9755 0.6072 1.0000	</row3>
				</transform>
			</node>
			<node>
				<identifier>	HP_flag_3	</identifier>
				<transform>
					<row0>	0.9989 -0.0479 -0.0007 0.0000	</row0>
					<row1>	0.0479 0.9984 0.0289 0.0000	</row1>
					<row2>	-0.0007 -0.0289 0.9996 0.0000	</row2>
					<row3>	0.1757 1.9743 0.6052 1.0000	</row3>
				</transform>
			</node>
			<node>
				<identifier>	HP_flag_4	</identifier>
				<transform>
					<row0>	0.9989 0.0479 0.0007 0.0000	</row0>
					<row1>	-0.0479 0.9984 0.0289 0.0000	</row1>
					<row2>	0.0007 -0.0289 0.9996 0.0000	</row2>
					<row3>	-0.1745 1.9744 0.6052 1.0000	</row3>
				</transform>
			</node>
			<node>
				<identifier>	HP_flag_rank	</identifier>
				<transform>
					<row0>	0.9986 -0.0524 0.0040 0.0000	</row0>
					<row1>	0.0524 0.9872 -0.1507 0.0000	</row1>
					<row2>	0.0040 0.1507 0.9886 0.0000	</row2>
					<row3>	0.0002 2.5731 0.3700 1.0000	</row3>
				</transform>
			</node>
			<node>
				<identifier>	MP_BM001_Paravane	</identifier>
				<transform>
					<row0>	1.0000 0.0000 0.0000 0.0000	</row0>
					<row1>	0.0000 1.0000 0.0000 0.0000	</row1>
					<row2>	0.0000 0.0000 1.0000 0.0000	</row2>
					<row3>	-0.0641 0.4046 5.2278 1.0000	</row3>
				</transform>
			</node>
			<node>
				<identifier>	MP_BM001_Paravane_INDEX_1	</identifier>
				<transform>
					<row0>	1.0000 0.0000 0.0000 0.0000	</row0>
					<row1>	0.0000 1.0000 0.0000 0.0000	</row1>
					<row2>	0.0000 0.0000 1.0000 0.0000	</row2>
					<row3>	0.0628 0.4025 5.0375 1.0000	</row3>
				</transform>
			</node>
			<node>
				<identifier>	MP_BM019_Reels_1	</identifier>
				<transform>
					<row0>	0.8000 0.0000 0.0000 0.0000	</row0>
					<row1>	0.0000 0.8000 0.0000 0.0000	</row1>
					<row2>	0.0000 0.0000 0.8000 0.0000	</row2>
					<row3>	0.2788 0.3835 2.9950 1.0000	</row3>
				</transform>
			</node>
			<node>
				<identifier>	MP_BM019_Reels_1_INDEX_1	</identifier>
				<transform>
					<row0>	0.0260 0.0000 0.7996 0.0000	</row0>
					<row1>	0.0000 0.8000 0.0000 0.0000	</row1>
					<row2>	-0.7996 0.0000 0.0260 0.0000	</row2>
					<row3>	-0.4774 0.3845 2.1562 1.0000	</row3>
				</transform>
			</node>
			<node>
				<identifier>	MP_BM019_Reels_1_INDEX_2	</identifier>
				<transform>
					<row0>	0.0260 0.0000 -0.7996 0.0000	</row0>
					<row1>	0.0000 0.8000 0.0000 0.0000	</row1>
					<row2>	0.7996 0.0000 0.0260 0.0000	</row2>
					<row3>	0.4774 0.3845 2.1562 1.0000	</row3>
				</transform>
			</node>
			<node>
				<identifier>	MP_BM019_Reels_1_INDEX_3	</identifier>
				<transform>
					<row0>	-0.7000 0.0000 0.0000 0.0000	</row0>
					<row1>	0.0000 0.7000 0.0000 0.0000	</row1>
					<row2>	0.0000 0.0000 -0.7000 0.0000	</row2>
					<row3>	0.0899 0.3849 4.2388 1.0000	</row3>
				</transform>
			</node>
			<node>
				<identifier>	MP_BM019_Reels_1_INDEX_4	</identifier>
				<transform>
					<row0>	0.6623 0.0000 -0.4487 0.0000	</row0>
					<row1>	0.0000 0.8000 0.0000 0.0000	</row1>
					<row2>	0.4487 0.0000 0.6623 0.0000	</row2>
					<row3>	0.7686 0.3846 2.5842 1.0000	</row3>
				</transform>
			</node>
			<node>
				<identifier>	MP_BM019_Reels_1_INDEX_5	</identifier>
				<transform>
					<row0>	0.7000 0.0000 0.0000 0.0000	</row0>
					<row1>	0.0000 0.7000 0.0000 0.0000	</row1>
					<row2>	0.0000 0.0000 0.7000 0.0000	</row2>
					<row3>	-0.2720 0.3847 4.1286 1.0000	</row3>
				</transform>
			</node>
			<node>
				<identifier>	MP_BM019_Reels_1_INDEX_6	</identifier>
				<transform>
					<row0>	0.6623 0.0000 0.4487 0.0000	</row0>
					<row1>	0.0000 0.8000 0.0000 0.0000	</row1>
					<row2>	-0.4487 0.0000 0.6623 0.0000	</row2>
					<row3>	-0.7686 0.3846 2.5842 1.0000	</row3>
				</transform>
			</node>
			<node>
				<identifier>	MP_BM019_Reels_1_INDEX_7	</identifier>
				<transform>
					<row0>	0.7000 0.0000 0.0000 0.0000	</row0>
					<row1>	0.0000 0.7000 0.0000 0.0000	</row1>
					<row2>	0.0000 0.0000 0.7000 0.0000	</row2>
					<row3>	0.2720 0.3847 4.1286 1.0000	</row3>
				</transform>
			</node>
			<node>
				<identifier>	MP_BM019_Reels_1_INDEX_8	</identifier>
				<transform>
					<row0>	0.8000 0.0000 0.0000 0.0000	</row0>
					<row1>	0.0000 0.8000 0.0000 0.0000	</row1>
					<row2>	0.0000 0.0000 0.8000 0.0000	</row2>
					<row3>	-0.2788 0.3835 2.9950 1.0000	</row3>
				</transform>
			</node>
			<node>
				<identifier>	MP_BM019_Reels_1_INDEX_9	</identifier>
				<transform>
					<row0>	0.7000 0.0000 0.0000 0.0000	</row0>
					<row1>	0.0000 0.7000 0.0000 0.0000	</row1>
					<row2>	0.0000 0.0000 0.7000 0.0000	</row2>
					<row3>	-0.0899 0.3849 4.2388 1.0000	</row3>
				</transform>
			</node>
			<node>
				<identifier>	MP_BM026_Reels	</identifier>
				<transform>
					<row0>	0.0000 0.0000 1.0000 0.0000	</row0>
					<row1>	0.0000 1.0000 0.0000 0.0000	</row1>
					<row2>	-1.0000 0.0000 0.0000 0.0000	</row2>
					<row3>	-0.1824 0.3865 4.8509 1.0000	</row3>
				</transform>
			</node>
			<node>
				<identifier>	MP_BM026_Reels_INDEX_1	</identifier>
				<transform>
					<row0>	-0.5601 0.0000 -0.8284 0.0000	</row0>
					<row1>	0.0000 1.0000 0.0000 0.0000	</row1>
					<row2>	0.8284 0.0000 -0.5601 0.0000	</row2>
					<row3>	0.8798 0.3847 2.5214 1.0000	</row3>
				</transform>
			</node>
			<node>
				<identifier>	MP_BM026_Reels_INDEX_2	</identifier>
				<transform>
					<row0>	-0.5601 0.0000 0.8284 0.0000	</row0>
					<row1>	0.0000 1.0000 0.0000 0.0000	</row1>
					<row2>	-0.8284 0.0000 -0.5601 0.0000	</row2>
					<row3>	-0.5026 0.3847 2.7764 1.0000	</row3>
				</transform>
			</node>
			<node>
				<identifier>	MP_BM026_Reels_INDEX_3	</identifier>
				<transform>
					<row0>	-0.5601 0.0000 -0.8284 0.0000	</row0>
					<row1>	0.0000 1.0000 0.0000 0.0000	</row1>
					<row2>	0.8284 0.0000 -0.5601 0.0000	</row2>
					<row3>	0.5026 0.3847 2.7764 1.0000	</row3>
				</transform>
			</node>
			<node>
				<identifier>	MP_BM026_Reels_INDEX_4	</identifier>
				<transform>
					<row0>	-0.5601 0.0000 0.8284 0.0000	</row0>
					<row1>	0.0000 1.0000 0.0000 0.0000	</row1>
					<row2>	-0.8284 0.0000 -0.5601 0.0000	</row2>
					<row3>	-0.8798 0.3847 2.5214 1.0000	</row3>
				</transform>
			</node>
			<node>
				<identifier>	MP_BM026_Reels_INDEX_5	</identifier>
				<transform>
					<row0>	0.0000 0.0000 -1.0000 0.0000	</row0>
					<row1>	0.0000 1.0000 0.0000 0.0000	</row1>
					<row2>	1.0000 0.0000 0.0000 0.0000	</row2>
					<row3>	0.1824 0.3865 4.8509 1.0000	</row3>
				</transform>
			</node>
			<node>
				<identifier>	MP_BM700_Locker	</identifier>
				<transform>
					<row0>	-0.7251 -0.0038 -0.6886 0.0000	</row0>
					<row1>	-0.0006 1.0000 -0.0049 0.0000	</row1>
					<row2>	0.6886 -0.0032 -0.7251 0.0000	</row2>
					<row3>	0.3875 0.3875 4.9113 1.0000	</row3>
				</transform>
			</node>
			<node>
				<identifier>	MP_BM700_Locker_INDEX_1	</identifier>
				<transform>
					<row0>	0.7251 -0.0038 -0.6886 0.0000	</row0>
					<row1>	0.0006 1.0000 -0.0049 0.0000	</row1>
					<row2>	0.6886 0.0032 0.7251 0.0000	</row2>
					<row3>	-0.3875 0.3875 4.9113 1.0000	</row3>
				</transform>
			</node>
			<node>
				<identifier>	MP_BM750_Deck_Hatch	</identifier>
				<transform>
					<row0>	-1.0000 0.0000 0.0000 0.0000	</row0>
					<row1>	0.0000 1.0000 0.0000 0.0000	</row1>
					<row2>	0.0000 0.0000 -1.0000 0.0000	</row2>
					<row3>	0.3232 0.3877 5.0736 1.0000	</row3>
				</transform>
			</node>
			<node>
				<identifier>	MP_BM750_Deck_Hatch_INDEX_1	</identifier>
				<transform>
					<row0>	1.0000 0.0000 0.0000 0.0000	</row0>
					<row1>	0.0000 1.0000 0.0000 0.0000	</row1>
					<row2>	0.0000 0.0000 1.0000 0.0000	</row2>
					<row3>	-0.0597 0.3874 4.9886 1.0000	</row3>
				</transform>
			</node>
			<node>
				<identifier>	MP_BM750_Deck_Hatch_INDEX_2	</identifier>
				<transform>
					<row0>	-1.0000 0.0000 0.0000 0.0000	</row0>
					<row1>	0.0000 1.0000 0.0000 0.0000	</row1>
					<row2>	0.0000 0.0000 -1.0000 0.0000	</row2>
					<row3>	0.0358 0.3896 5.2251 1.0000	</row3>
				</transform>
			</node>
			<node>
				<identifier>	MP_BM751_Deck_Hatch	</identifier>
				<transform>
					<row0>	-1.0000 0.0000 0.0000 0.0000	</row0>
					<row1>	0.0000 1.0000 0.0000 0.0000	</row1>
					<row2>	0.0000 0.0000 -1.0000 0.0000	</row2>
					<row3>	-0.4491 0.3845 3.2826 1.0000	</row3>
				</transform>
			</node>
			<node>
				<identifier>	MP_BM751_Deck_Hatch_INDEX_1	</identifier>
				<transform>
					<row0>	-1.0000 0.0000 0.0000 0.0000	</row0>
					<row1>	0.0000 1.0000 0.0000 0.0000	</row1>
					<row2>	0.0000 0.0000 -1.0000 0.0000	</row2>
					<row3>	0.2036 0.3846 4.2389 1.0000	</row3>
				</transform>
			</node>
			<node>
				<identifier>	MP_BM751_Deck_Hatch_INDEX_2	</identifier>
				<transform>
					<row0>	-1.0000 0.0000 0.0000 0.0000	</row0>
					<row1>	0.0000 1.0000 0.0000 0.0000	</row1>
					<row2>	0.0000 0.0000 -1.0000 0.0000	</row2>
					<row3>	0.4793 0.3849 4.3816 1.0000	</row3>
				</transform>
			</node>
			<node>
				<identifier>	MP_BM751_Deck_Hatch_INDEX_3	</identifier>
				<transform>
					<row0>	-1.0000 0.0000 0.0000 0.0000	</row0>
					<row1>	0.0000 1.0000 0.0000 0.0000	</row1>
					<row2>	0.0000 0.0000 -1.0000 0.0000	</row2>
					<row3>	0.3765 0.5425 2.1643 1.0000	</row3>
				</transform>
			</node>
			<node>
				<identifier>	MP_BM751_Deck_Hatch_INDEX_4	</identifier>
				<transform>
					<row0>	-1.0000 0.0000 0.0000 0.0000	</row0>
					<row1>	0.0000 1.0000 0.0000 0.0000	</row1>
					<row2>	0.0000 0.0000 -1.0000 0.0000	</row2>
					<row3>	-0.2036 0.3846 4.2389 1.0000	</row3>
				</transform>
			</node>
			<node>
				<identifier>	MP_BM751_Deck_Hatch_INDEX_5	</identifier>
				<transform>
					<row0>	-1.0000 0.0000 0.0000 0.0000	</row0>
					<row1>	0.0000 1.0000 0.0000 0.0000	</row1>
					<row2>	0.0000 0.0000 -1.0000 0.0000	</row2>
					<row3>	0.4491 0.3845 3.0388 1.0000	</row3>
				</transform>
			</node>
			<node>
				<identifier>	MP_BM751_Deck_Hatch_INDEX_6	</identifier>
				<transform>
					<row0>	-1.0000 0.0000 0.0000 0.0000	</row0>
					<row1>	0.0000 1.0000 0.0000 0.0000	</row1>
					<row2>	0.0000 0.0000 -1.0000 0.0000	</row2>
					<row3>	0.4491 0.3845 3.2826 1.0000	</row3>
				</transform>
			</node>
			<node>
				<identifier>	MP_BM751_Deck_Hatch_INDEX_7	</identifier>
				<transform>
					<row0>	-1.0000 0.0000 0.0000 0.0000	</row0>
					<row1>	0.0000 1.0000 0.0000 0.0000	</row1>
					<row2>	0.0000 0.0000 -1.0000 0.0000	</row2>
					<row3>	-0.3765 0.5425 2.1643 1.0000	</row3>
				</transform>
			</node>
			<node>
				<identifier>	MP_BM751_Deck_Hatch_INDEX_8	</identifier>
				<transform>
					<row0>	-1.0000 0.0000 0.0000 0.0000	</row0>
					<row1>	0.0000 1.0000 0.0000 0.0000	</row1>
					<row2>	0.0000 0.0000 -1.0000 0.0000	</row2>
					<row3>	-0.4793 0.3849 4.3816 1.0000	</row3>
				</transform>
			</node>
			<node>
				<identifier>	MP_BM751_Deck_Hatch_INDEX_9	</identifier>
				<transform>
					<row0>	-1.0000 0.0000 0.0000 0.0000	</row0>
					<row1>	0.0000 1.0000 0.0000 0.0000	</row1>
					<row2>	0.0000 0.0000 -1.0000 0.0000	</row2>
					<row3>	-0.4491 0.3845 3.0388 1.0000	</row3>
				</transform>
			</node>
			<node>
				<identifier>	MP_BM752_Deck_Hatch	</identifier>
				<transform>
					<row0>	-1.0000 0.0000 0.0000 0.0000	</row0>
					<row1>	0.0000 1.0000 0.0000 0.0000	</row1>
					<row2>	0.0000 0.0000 -1.0000 0.0000	</row2>
					<row3>	-0.1666 0.3903 4.6150 1.0000	</row3>
				</transform>
			</node>
			<node>
				<identifier>	MP_BM752_Deck_Hatch_INDEX_1	</identifier>
				<transform>
					<row0>	-1.0000 0.0000 0.0000 0.0000	</row0>
					<row1>	0.0000 1.0000 0.0000 0.0000	</row1>
					<row2>	0.0000 0.0000 -1.0000 0.0000	</row2>
					<row3>	0.1666 0.3903 4.6150 1.0000	</row3>
				</transform>
			</node>
			<node>
				<identifier>	MP_BM753_Deck_Hatch	</identifier>
				<transform>
					<row0>	-1.0000 0.0000 0.0000 0.0000	</row0>
					<row1>	0.0000 1.0000 0.0000 0.0000	</row1>
					<row2>	0.0000 0.0000 -1.0000 0.0000	</row2>
					<row3>	0.2934 0.3877 4.7744 1.0000	</row3>
				</transform>
			</node>
			<node>
				<identifier>	MP_BM753_Deck_Hatch_INDEX_1	</identifier>
				<transform>
					<row0>	1.0000 0.0000 0.0000 0.0000	</row0>
					<row1>	0.0000 1.0000 0.0000 0.0000	</row1>
					<row2>	0.0000 0.0000 1.0000 0.0000	</row2>
					<row3>	-0.2934 0.3877 4.7744 1.0000	</row3>
				</transform>
			</node>
			<node>
				<identifier>	MP_BM964_3ton_electrik_winch_R	</identifier>
				<transform>
					<row0>	-0.7236 0.0000 -0.6903 0.0000	</row0>
					<row1>	0.0000 1.0000 0.0000 0.0000	</row1>
					<row2>	0.6903 0.0000 -0.7236 0.0000	</row2>
					<row3>	0.4736 0.3865 4.9949 1.0000	</row3>
				</transform>
			</node>
			<node>
				<identifier>	MP_BM965_3ton_electrik_winch_L	</identifier>
				<transform>
					<row0>	-0.7236 0.0000 0.6903 0.0000	</row0>
					<row1>	0.0000 1.0000 0.0000 0.0000	</row1>
					<row2>	-0.6903 0.0000 -0.7236 0.0000	</row2>
					<row3>	-0.4736 0.3865 4.9949 1.0000	</row3>
				</transform>
			</node>
			<node>
				<identifier>	MP_CM011_Fire_Fighting_Gear	</identifier>
				<transform>
					<row0>	-0.7255 0.0000 -0.6882 0.0000	</row0>
					<row1>	0.0000 1.0000 0.0000 0.0000	</row1>
					<row2>	0.6882 0.0000 -0.7255 0.0000	</row2>
					<row3>	-0.3148 0.3882 4.0284 1.0000	</row3>
				</transform>
			</node>
			<node>
				<identifier>	MP_CM011_Fire_Fighting_Gear_INDEX_1	</identifier>
				<transform>
					<row0>	-0.7050 0.0000 -0.7092 0.0000	</row0>
					<row1>	0.0000 1.0000 0.0000 0.0000	</row1>
					<row2>	0.7092 0.0000 -0.7050 0.0000	</row2>
					<row3>	-0.5192 0.3898 5.0989 1.0000	</row3>
				</transform>
			</node>
			<node>
				<identifier>	MP_CM011_Fire_Fighting_Gear_INDEX_2	</identifier>
				<transform>
					<row0>	-0.7050 0.0000 0.7092 0.0000	</row0>
					<row1>	0.0000 1.0000 0.0000 0.0000	</row1>
					<row2>	-0.7092 0.0000 -0.7050 0.0000	</row2>
					<row3>	0.5192 0.3898 5.0989 1.0000	</row3>
				</transform>
			</node>
			<node>
				<identifier>	MP_CM011_Fire_Fighting_Gear_INDEX_3	</identifier>
				<transform>
					<row0>	0.8242 0.0000 -0.5663 0.0000	</row0>
					<row1>	0.0000 1.0000 0.0000 0.0000	</row1>
					<row2>	0.5663 0.0000 0.8242 0.0000	</row2>
					<row3>	0.7431 0.3868 2.5128 1.0000	</row3>
				</transform>
			</node>
			<node>
				<identifier>	MP_CM011_Fire_Fighting_Gear_INDEX_4	</identifier>
				<transform>
					<row0>	-0.7255 0.0000 0.6882 0.0000	</row0>
					<row1>	0.0000 1.0000 0.0000 0.0000	</row1>
					<row2>	-0.6882 0.0000 -0.7255 0.0000	</row2>
					<row3>	0.3148 0.3882 4.0284 1.0000	</row3>
				</transform>
			</node>
			<node>
				<identifier>	MP_CM013_Fire_Hose_Rack_2	</identifier>
				<transform>
					<row0>	-0.7271 0.0000 0.6865 0.0000	</row0>
					<row1>	0.0000 1.0000 0.0000 0.0000	</row1>
					<row2>	-0.6865 0.0000 -0.7271 0.0000	</row2>
					<row3>	-0.5380 0.4321 5.0535 1.0000	</row3>
				</transform>
			</node>
			<node>
				<identifier>	MP_CM013_Fire_Hose_Rack_2_INDEX_1	</identifier>
				<transform>
					<row0>	0.7271 0.0000 0.6865 0.0000	</row0>
					<row1>	0.0000 1.0000 0.0000 0.0000	</row1>
					<row2>	-0.6865 0.0000 0.7271 0.0000	</row2>
					<row3>	0.5380 0.4321 5.0535 1.0000	</row3>
				</transform>
			</node>
			<node>
				<identifier>	MP_CM013_Fire_Hose_Rack_2_INDEX_2	</identifier>
				<transform>
					<row0>	0.4975 -0.2393 0.8338 0.0000	</row0>
					<row1>	0.1273 0.9709 0.2027 0.0000	</row1>
					<row2>	-0.8581 0.0053 0.5135 0.0000	</row2>
					<row3>	0.4023 0.4168 4.2760 1.0000	</row3>
				</transform>
			</node>
			<node>
				<identifier>	MP_CM013_Fire_Hose_Rack_2_INDEX_3	</identifier>
				<transform>
					<row0>	-0.4975 -0.2393 0.8338 0.0000	</row0>
					<row1>	-0.1273 0.9709 0.2027 0.0000	</row1>
					<row2>	-0.8581 -0.0053 -0.5135 0.0000	</row2>
					<row3>	-0.4023 0.4168 4.2760 1.0000	</row3>
				</transform>
			</node>
			<node>
				<identifier>	MP_CM076_Fender	</identifier>
				<transform>
					<row0>	0.0245 0.0000 0.7996 0.0000	</row0>
					<row1>	0.0000 0.8000 0.0000 0.0000	</row1>
					<row2>	-0.7996 0.0000 0.0245 0.0000	</row2>
					<row3>	-0.4630 0.3854 2.3571 1.0000	</row3>
				</transform>
			</node>
			<node>
				<identifier>	MP_CM076_Fender_INDEX_1	</identifier>
				<transform>
					<row0>	0.0245 0.0000 -0.7996 0.0000	</row0>
					<row1>	0.0000 0.8000 0.0000 0.0000	</row1>
					<row2>	0.7996 0.0000 0.0245 0.0000	</row2>
					<row3>	0.4630 0.3854 2.3571 1.0000	</row3>
				</transform>
			</node>
			<node>
				<identifier>	MP_CM076_Fender_INDEX_2	</identifier>
				<transform>
					<row0>	0.0245 0.0000 0.7996 0.0000	</row0>
					<row1>	0.0000 0.8000 0.0000 0.0000	</row1>
					<row2>	-0.7996 0.0000 0.0245 0.0000	</row2>
					<row3>	-0.4649 0.3854 2.2955 1.0000	</row3>
				</transform>
			</node>
			<node>
				<identifier>	MP_CM076_Fender_INDEX_3	</identifier>
				<transform>
					<row0>	0.0245 0.0000 -0.7996 0.0000	</row0>
					<row1>	0.0000 0.8000 0.0000 0.0000	</row1>
					<row2>	0.7996 0.0000 0.0245 0.0000	</row2>
					<row3>	0.4649 0.3854 2.2955 1.0000	</row3>
				</transform>
			</node>
			<node>
				<identifier>	SP_YMS011_YHWL_M_1_INDEX_14	</identifier>
				<transform>
					<row0>	0.9968 0.0291 -0.0749 0.0000	</row0>
					<row1>	-0.0290 0.9996 0.0018 0.0000	</row1>
					<row2>	0.0749 0.0003 0.9972 0.0000	</row2>
					<row3>	-1.0028 0.0000 2.2321 1.0000	</row3>
				</transform>
			</node>
			<node>
				<identifier>	SP_YMS011_YHWL_M_1_INDEX_16	</identifier>
				<transform>
					<row0>	0.9712 0.1356 -0.1961 0.0000	</row0>
					<row1>	-0.1332 0.9908 0.0259 0.0000	</row1>
					<row2>	0.1978 0.0010 0.9802 0.0000	</row2>
					<row3>	-0.6685 0.0006 4.7624 1.0000	</row3>
				</transform>
			</node>
			<node>
				<identifier>	SP_YMS011_YHWL_M_1_INDEX_3	</identifier>
				<transform>
					<row0>	0.9850 0.1431 -0.0961 0.0000	</row0>
					<row1>	-0.1425 0.9897 0.0139 0.0000	</row1>
					<row2>	0.0971 0.0000 0.9953 0.0000	</row2>
					<row3>	-0.9240 -0.0004 3.0796 1.0000	</row3>
				</transform>
			</node>
			<node>
				<identifier>	SP_YMS011_YHWL_M_1_INDEX_8	</identifier>
				<transform>
					<row0>	0.9913 0.0670 -0.1135 0.0000	</row0>
					<row1>	-0.0665 0.9977 0.0085 0.0000	</row1>
					<row2>	0.1138 -0.0009 0.9935 0.0000	</row2>
					<row3>	-0.8186 0.0008 3.9257 1.0000	</row3>
				</transform>
			</node>
			<node>
				<identifier>	SP_YMS012_YHWR_M_1_INDEX_12	</identifier>
				<transform>
					<row0>	0.9913 -0.0670 0.1135 0.0000	</row0>
					<row1>	0.0665 0.9977 0.0085 0.0000	</row1>
					<row2>	-0.1138 -0.0009 0.9935 0.0000	</row2>
					<row3>	0.8186 0.0008 3.9257 1.0000	</row3>
				</transform>
			</node>
			<node>
				<identifier>	SP_YMS012_YHWR_M_1_INDEX_13	</identifier>
				<transform>
					<row0>	0.9712 -0.1356 0.1961 0.0000	</row0>
					<row1>	0.1332 0.9908 0.0259 0.0000	</row1>
					<row2>	-0.1978 0.0010 0.9802 0.0000	</row2>
					<row3>	0.6685 0.0006 4.7624 1.0000	</row3>
				</transform>
			</node>
			<node>
				<identifier>	SP_YMS012_YHWR_M_1_INDEX_4	</identifier>
				<transform>
					<row0>	0.9968 -0.0291 0.0749 0.0000	</row0>
					<row1>	0.0290 0.9996 0.0018 0.0000	</row1>
					<row2>	-0.0749 0.0003 0.9972 0.0000	</row2>
					<row3>	1.0028 0.0000 2.2321 1.0000	</row3>
				</transform>
			</node>
			<node>
				<identifier>	SP_YMS012_YHWR_M_1_INDEX_8	</identifier>
				<transform>
					<row0>	0.9850 -0.1431 0.0961 0.0000	</row0>
					<row1>	0.1425 0.9897 0.0139 0.0000	</row1>
					<row2>	-0.0971 0.0000 0.9953 0.0000	</row2>
					<row3>	0.9240 -0.0004 3.0796 1.0000	</row3>
				</transform>
			</node>
			<node>
				<identifier>	SP_YMS021_YHUC_S_1	</identifier>
				<transform>
					<row0>	-0.2321 -1.7807 -0.0223 0.0000	</row0>
					<row1>	1.7790 -0.2329 0.0799 0.0000	</row1>
					<row2>	-0.0821 -0.0117 1.7940 0.0000	</row2>
					<row3>	1.0427 -0.3375 1.3004 1.0000	</row3>
				</transform>
			</node>
			<node>
				<identifier>	SP_YMS021_YHUC_S_1_INDEX_1	</identifier>
				<transform>
					<row0>	-0.2321 1.7807 0.0223 0.0000	</row0>
					<row1>	-1.7790 -0.2329 0.0799 0.0000	</row1>
					<row2>	0.0821 -0.0117 1.7940 0.0000	</row2>
					<row3>	-1.0427 -0.3375 1.3004 1.0000	</row3>
				</transform>
			</node>
			<node>
				<identifier>	SP_YMS021_YHUC_S_1_INDEX_3	</identifier>
				<transform>
					<row0>	-0.2321 -1.7807 -0.0223 0.0000	</row0>
					<row1>	1.7790 -0.2329 0.0799 0.0000	</row1>
					<row2>	-0.0821 -0.0117 1.7940 0.0000	</row2>
					<row3>	1.0427 -0.3375 1.3004 1.0000	</row3>
				</transform>
			</node>
			<node>
				<identifier>	SP_YMS022_YHUS_L_1_INDEX_2	</identifier>
				<transform>
					<row0>	-0.2318 0.0000 1.7095 0.0000	</row0>
					<row1>	0.4562 1.6626 0.0619 0.0000	</row1>
					<row2>	-1.6475 0.4604 -0.2234 0.0000	</row2>
					<row3>	0.7970 -0.5816 2.4298 1.0000	</row3>
				</transform>
			</node>
			<node>
				<identifier>	SP_YMS022_YHUS_L_1_INDEX_3	</identifier>
				<transform>
					<row0>	-0.2503 0.0000 1.7069 0.0000	</row0>
					<row1>	0.5433 1.6355 0.0797 0.0000	</row1>
					<row2>	-1.6182 0.5491 -0.2372 0.0000	</row2>
					<row3>	0.5556 -0.5729 3.9430 1.0000	</row3>
				</transform>
			</node>
			<node>
				<identifier>	SP_YMS022_YHUS_L_1_INDEX_4	</identifier>
				<transform>
					<row0>	-0.2318 0.0000 -1.7095 0.0000	</row0>
					<row1>	-0.4562 1.6626 0.0619 0.0000	</row1>
					<row2>	1.6475 0.4604 -0.2234 0.0000	</row2>
					<row3>	-0.7970 -0.5816 2.4298 1.0000	</row3>
				</transform>
			</node>
			<node>
				<identifier>	SP_YMS022_YHUS_L_1_INDEX_5	</identifier>
				<transform>
					<row0>	-0.2503 0.0000 -1.7069 0.0000	</row0>
					<row1>	-0.5433 1.6355 0.0797 0.0000	</row1>
					<row2>	1.6182 0.5491 -0.2372 0.0000	</row2>
					<row3>	-0.5556 -0.5729 3.9430 1.0000	</row3>
				</transform>
			</node>
			<node>
				<identifier>	SP_YMS053_YHDC_S_1	</identifier>
				<transform>
					<row0>	1.0000 0.0000 0.0000 0.0000	</row0>
					<row1>	0.0000 1.0000 0.0000 0.0000	</row1>
					<row2>	0.0000 0.0000 1.0000 0.0000	</row2>
					<row3>	-0.4605 0.3978 4.6055 1.0000	</row3>
				</transform>
			</node>
			<node>
				<identifier>	SP_YMS053_YHDC_S_1_INDEX_2	</identifier>
				<transform>
					<row0>	1.0000 0.0000 0.0000 0.0000	</row0>
					<row1>	0.0000 1.0000 0.0000 0.0000	</row1>
					<row2>	0.0000 0.0000 1.0000 0.0000	</row2>
					<row3>	-0.6883 0.3978 1.8880 1.0000	</row3>
				</transform>
			</node>
			<node>
				<identifier>	SP_YMS053_YHDC_S_1_INDEX_4	</identifier>
				<transform>
					<row0>	1.0000 0.0000 0.0000 0.0000	</row0>
					<row1>	0.0000 1.0000 0.0000 0.0000	</row1>
					<row2>	0.0000 0.0000 1.0000 0.0000	</row2>
					<row3>	0.6883 0.3978 2.9173 1.0000	</row3>
				</transform>
			</node>
			<node>
				<identifier>	SP_YMS053_YHDC_S_1_INDEX_5	</identifier>
				<transform>
					<row0>	1.0000 0.0000 0.0000 0.0000	</row0>
					<row1>	0.0000 1.0000 0.0000 0.0000	</row1>
					<row2>	0.0000 0.0000 1.0000 0.0000	</row2>
					<row3>	-0.6883 0.3978 2.9173 1.0000	</row3>
				</transform>
			</node>
			<node>
				<identifier>	SP_YMS053_YHDC_S_1_INDEX_6	</identifier>
				<transform>
					<row0>	1.0000 0.0000 0.0000 0.0000	</row0>
					<row1>	0.0000 1.0000 0.0000 0.0000	</row1>
					<row2>	0.0000 0.0000 1.0000 0.0000	</row2>
					<row3>	0.4605 0.3978 4.6055 1.0000	</row3>
				</transform>
			</node>
			<node>
				<identifier>	SP_YMS053_YHDC_S_1_INDEX_9	</identifier>
				<transform>
					<row0>	1.0000 0.0000 0.0000 0.0000	</row0>
					<row1>	0.0000 1.0000 0.0000 0.0000	</row1>
					<row2>	0.0000 0.0000 1.0000 0.0000	</row2>
					<row3>	0.6883 0.3978 1.8880 1.0000	</row3>
				</transform>
			</node>
			<node>
				<identifier>	SP_YMS072_YHHC_M_1_INDEX_2	</identifier>
				<transform>
					<row0>	-0.3921 -1.1084 -0.0363 0.0000	</row0>
					<row1>	-0.1105 0.0007 1.1711 0.0000	</row1>
					<row2>	-1.1035 0.3938 -0.1043 0.0000	</row2>
					<row3>	0.7254 0.2158 4.6342 1.0000	</row3>
				</transform>
			</node>
			<node>
				<identifier>	SP_YMS072_YHHC_M_1_INDEX_3	</identifier>
				<transform>
					<row0>	-0.3921 1.1084 0.0363 0.0000	</row0>
					<row1>	0.1105 0.0007 1.1711 0.0000	</row1>
					<row2>	1.1035 0.3938 -0.1043 0.0000	</row2>
					<row3>	-0.7254 0.2158 4.6342 1.0000	</row3>
				</transform>
			</node>
			<node>
				<identifier>	SP_YMS083_YHSC_L_1	</identifier>
				<transform>
					<row0>	-0.0598 -0.0073 -0.8427 0.0000	</row0>
					<row1>	-0.0858 0.8405 -0.0012 0.0000	</row1>
					<row2>	0.8383 0.0855 -0.0602 0.0000	</row2>
					<row3>	-0.9571 0.3841 2.9894 1.0000	</row3>
				</transform>
			</node>
			<node>
				<identifier>	SP_YMS083_YHSC_L_1_INDEX_4	</identifier>
				<transform>
					<row0>	-0.0598 0.0073 0.8427 0.0000	</row0>
					<row1>	0.0858 0.8405 -0.0012 0.0000	</row1>
					<row2>	-0.8383 0.0855 -0.0602 0.0000	</row2>
					<row3>	0.9571 0.3841 2.9894 1.0000	</row3>
				</transform>
			</node>
			<node>
				<identifier>	SP_YMS084_YHSC_L_2	</identifier>
				<transform>
					<row0>	-0.0631 -0.0058 -0.8425 0.0000	</row0>
					<row1>	-0.0858 0.8405 0.0006 0.0000	</row1>
					<row2>	0.8381 0.0856 -0.0634 0.0000	</row2>
					<row3>	-0.9021 0.3817 3.6697 1.0000	</row3>
				</transform>
			</node>
			<node>
				<identifier>	SP_YMS084_YHSC_L_2_INDEX_4	</identifier>
				<transform>
					<row0>	-0.0631 0.0058 0.8425 0.0000	</row0>
					<row1>	0.0858 0.8405 0.0006 0.0000	</row1>
					<row2>	-0.8381 0.0856 -0.0634 0.0000	</row2>
					<row3>	0.9021 0.3817 3.6697 1.0000	</row3>
				</transform>
			</node>
			<node>
				<identifier>	SP_YMS096_YHZC_S_1	</identifier>
				<transform>
					<row0>	-0.0344 0.0000 -1.0995 0.0000	</row0>
					<row1>	0.0000 1.0000 0.0000 0.0000	</row1>
					<row2>	0.9995 0.0000 -0.0312 0.0000	</row2>
					<row3>	-0.4298 0.6142 2.2735 1.0000	</row3>
				</transform>
			</node>
			<node>
				<identifier>	SP_YMS096_YHZC_S_1_INDEX_11	</identifier>
				<transform>
					<row0>	-0.0270 0.0000 1.0997 0.0000	</row0>
					<row1>	0.0000 1.0000 0.0000 0.0000	</row1>
					<row2>	-0.9997 0.0000 -0.0245 0.0000	</row2>
					<row3>	0.4404 0.6142 1.9157 1.0000	</row3>
				</transform>
			</node>
			<node>
				<identifier>	SP_YMS096_YHZC_S_1_INDEX_2	</identifier>
				<transform>
					<row0>	-0.0270 0.0000 -1.0997 0.0000	</row0>
					<row1>	0.0000 1.0000 0.0000 0.0000	</row1>
					<row2>	0.9997 0.0000 -0.0245 0.0000	</row2>
					<row3>	-0.4404 0.6142 1.9157 1.0000	</row3>
				</transform>
			</node>
			<node>
				<identifier>	SP_YMS096_YHZC_S_1_INDEX_24	</identifier>
				<transform>
					<row0>	-0.0344 0.0000 1.0995 0.0000	</row0>
					<row1>	0.0000 1.0000 0.0000 0.0000	</row1>
					<row2>	-0.9995 0.0000 -0.0312 0.0000	</row2>
					<row3>	0.4298 0.6142 2.2735 1.0000	</row3>
				</transform>
			</node>
		</node>
	</node>
	<boundingBox>
		<min>	-0.0667 -0.0667 -0.0667	</min>
		<max>	0.0667 0.0667 0.0667	</max>
	</boundingBox>
</BSB031_Marlborough_1947_MidFront_ports.visual>
