<FSC008_Algerie_1943_MidFront_ports.visual>
	<node>
		<identifier>	Scene Root	</identifier>
		<transform>
			<row0>	1.0000 0.0000 0.0000 0.0000	</row0>
			<row1>	0.0000 1.0000 0.0000 0.0000	</row1>
			<row2>	0.0000 0.0000 1.0000 0.0000	</row2>
			<row3>	0.0000 0.0000 0.0000 1.0000	</row3>
		</transform>
		<node>
			<identifier>	MidFront_ports	</identifier>
			<transform>
				<row0>	1.0000 0.0000 0.0000 0.0000	</row0>
				<row1>	0.0000 1.0000 0.0000 0.0000	</row1>
				<row2>	0.0000 0.0000 1.0000 0.0000	</row2>
				<row3>	0.0000 0.0000 0.0000 1.0000	</row3>
			</transform>
			<node>
				<identifier>	HP_FC_1	</identifier>
				<transform>
					<row0>	0.0000 0.0000 1.0000 0.0000	</row0>
					<row1>	0.0000 1.0000 0.0000 0.0000	</row1>
					<row2>	-1.0000 0.0000 0.0000 0.0000	</row2>
					<row3>	-0.5259 0.5066 0.3566 1.0000	</row3>
				</transform>
			</node>
			<node>
				<identifier>	HP_FD_1	</identifier>
				<transform>
					<row0>	0.7071 0.0000 0.7071 0.0000	</row0>
					<row1>	0.0000 1.0000 0.0000 0.0000	</row1>
					<row2>	-0.7071 0.0000 0.7071 0.0000	</row2>
					<row3>	-0.1674 1.1977 2.1404 1.0000	</row3>
				</transform>
			</node>
			<node>
				<identifier>	HP_FD_2	</identifier>
				<transform>
					<row0>	0.7071 0.0000 -0.7071 0.0000	</row0>
					<row1>	0.0000 1.0000 0.0000 0.0000	</row1>
					<row2>	0.7071 0.0000 0.7071 0.0000	</row2>
					<row3>	0.1674 1.1977 2.1404 1.0000	</row3>
				</transform>
			</node>
			<node>
				<identifier>	HP_FD_3	</identifier>
				<transform>
					<row0>	1.0000 0.0000 0.0000 0.0000	</row0>
					<row1>	0.0000 1.0000 0.0000 0.0000	</row1>
					<row2>	0.0000 0.0000 1.0000 0.0000	</row2>
					<row3>	0.0000 1.7577 1.8584 1.0000	</row3>
				</transform>
			</node>
			<node>
				<identifier>	HP_FD_4	</identifier>
				<transform>
					<row0>	0.0000 0.0000 1.0000 0.0000	</row0>
					<row1>	0.0000 1.0000 0.0000 0.0000	</row1>
					<row2>	-1.0000 0.0000 0.0000 0.0000	</row2>
					<row3>	-0.3721 0.6950 1.4490 1.0000	</row3>
				</transform>
			</node>
			<node>
				<identifier>	HP_FD_5	</identifier>
				<transform>
					<row0>	0.0000 0.0000 -1.0000 0.0000	</row0>
					<row1>	0.0000 1.0000 0.0000 0.0000	</row1>
					<row2>	1.0000 0.0000 0.0000 0.0000	</row2>
					<row3>	0.3721 0.6949 1.4490 1.0000	</row3>
				</transform>
			</node>
			<node>
				<identifier>	HP_FF_1	</identifier>
				<transform>
					<row0>	1.0000 0.0000 0.0000 0.0000	</row0>
					<row1>	0.0000 1.0000 0.0000 0.0000	</row1>
					<row2>	0.0000 0.0000 1.0000 0.0000	</row2>
					<row3>	0.0000 1.0262 2.0837 1.0000	</row3>
				</transform>
			</node>
			<node>
				<identifier>	HP_FF_2	</identifier>
				<transform>
					<row0>	1.0000 0.0000 0.0000 0.0000	</row0>
					<row1>	0.0000 1.0000 0.0000 0.0000	</row1>
					<row2>	0.0000 0.0000 1.0000 0.0000	</row2>
					<row3>	-0.2166 1.6213 1.6414 1.0000	</row3>
				</transform>
			</node>
			<node>
				<identifier>	HP_FF_3	</identifier>
				<transform>
					<row0>	1.0000 0.0000 0.0000 0.0000	</row0>
					<row1>	0.0000 1.0000 0.0000 0.0000	</row1>
					<row2>	0.0000 0.0000 1.0000 0.0000	</row2>
					<row3>	0.2166 1.6212 1.6414 1.0000	</row3>
				</transform>
			</node>
			<node>
				<identifier>	HP_FGA_1	</identifier>
				<transform>
					<row0>	0.7071 0.0000 0.7071 0.0000	</row0>
					<row1>	0.0000 1.0000 0.0000 0.0000	</row1>
					<row2>	-0.7071 0.0000 0.7071 0.0000	</row2>
					<row3>	-0.2918 0.3963 4.3321 1.0000	</row3>
				</transform>
			</node>
			<node>
				<identifier>	HP_FGA_2	</identifier>
				<transform>
					<row0>	0.7071 0.0000 -0.7071 0.0000	</row0>
					<row1>	0.0000 1.0000 0.0000 0.0000	</row1>
					<row2>	0.7071 0.0000 0.7071 0.0000	</row2>
					<row3>	0.2918 0.3963 4.3321 1.0000	</row3>
				</transform>
			</node>
			<node>
				<identifier>	HP_FGA_3	</identifier>
				<transform>
					<row0>	0.7071 0.0000 0.7071 0.0000	</row0>
					<row1>	0.0000 1.0000 0.0000 0.0000	</row1>
					<row2>	-0.7071 0.0000 0.7071 0.0000	</row2>
					<row3>	-0.1674 1.1990 2.1404 1.0000	</row3>
				</transform>
			</node>
			<node>
				<identifier>	HP_FGA_4	</identifier>
				<transform>
					<row0>	0.7071 0.0000 -0.7071 0.0000	</row0>
					<row1>	0.0000 1.0000 0.0000 0.0000	</row1>
					<row2>	0.7071 0.0000 0.7071 0.0000	</row2>
					<row3>	0.1674 1.1990 2.1404 1.0000	</row3>
				</transform>
			</node>
			<node>
				<identifier>	HP_FGA_5	</identifier>
				<transform>
					<row0>	0.7071 0.0000 0.7071 0.0000	</row0>
					<row1>	0.0000 1.0000 0.0000 0.0000	</row1>
					<row2>	-0.7071 0.0000 0.7071 0.0000	</row2>
					<row3>	-0.4704 0.3352 2.1256 1.0000	</row3>
				</transform>
			</node>
			<node>
				<identifier>	HP_FGA_6	</identifier>
				<transform>
					<row0>	0.7071 0.0000 -0.7071 0.0000	</row0>
					<row1>	0.0000 1.0000 0.0000 0.0000	</row1>
					<row2>	0.7071 0.0000 0.7071 0.0000	</row2>
					<row3>	0.4704 0.3352 2.1256 1.0000	</row3>
				</transform>
			</node>
			<node>
				<identifier>	HP_FGA_7	</identifier>
				<transform>
					<row0>	0.5736 0.0000 0.8192 0.0000	</row0>
					<row1>	0.0000 1.0000 0.0000 0.0000	</row1>
					<row2>	-0.8192 0.0000 0.5736 0.0000	</row2>
					<row3>	-0.5002 0.4929 1.9154 1.0000	</row3>
				</transform>
			</node>
			<node>
				<identifier>	HP_FGA_8	</identifier>
				<transform>
					<row0>	0.5736 0.0000 -0.8192 0.0000	</row0>
					<row1>	0.0000 1.0000 0.0000 0.0000	</row1>
					<row2>	0.8192 0.0000 0.5736 0.0000	</row2>
					<row3>	0.5002 0.4929 1.9154 1.0000	</row3>
				</transform>
			</node>
			<node>
				<identifier>	HP_FGM_1	</identifier>
				<transform>
					<row0>	1.0000 0.0000 0.0000 0.0000	</row0>
					<row1>	0.0000 1.0000 0.0000 0.0000	</row1>
					<row2>	0.0000 0.0000 1.0000 0.0000	</row2>
					<row3>	0.0000 0.3942 3.4311 1.0000	</row3>
				</transform>
			</node>
			<node>
				<identifier>	HP_FGM_2	</identifier>
				<transform>
					<row0>	1.0000 0.0000 0.0000 0.0000	</row0>
					<row1>	0.0000 1.0000 0.0000 0.0000	</row1>
					<row2>	0.0000 0.0000 1.0000 0.0000	</row2>
					<row3>	0.0000 0.5570 2.8095 1.0000	</row3>
				</transform>
			</node>
			<node>
				<identifier>	HP_FGS_1	</identifier>
				<transform>
					<row0>	1.0000 0.0000 0.0000 0.0000	</row0>
					<row1>	0.0000 1.0000 0.0000 0.0000	</row1>
					<row2>	0.0000 0.0000 1.0000 0.0000	</row2>
					<row3>	-0.4686 0.4898 1.6307 1.0000	</row3>
				</transform>
			</node>
			<node>
				<identifier>	HP_FGS_2	</identifier>
				<transform>
					<row0>	1.0000 0.0000 0.0000 0.0000	</row0>
					<row1>	0.0000 1.0000 0.0000 0.0000	</row1>
					<row2>	0.0000 0.0000 1.0000 0.0000	</row2>
					<row3>	0.4686 0.4899 1.6307 1.0000	</row3>
				</transform>
			</node>
			<node>
				<identifier>	HP_FGT_1	</identifier>
				<transform>
					<row0>	-1.0000 0.0000 0.0000 0.0000	</row0>
					<row1>	0.0000 1.0000 0.0000 0.0000	</row1>
					<row2>	0.0000 0.0000 -1.0000 0.0000	</row2>
					<row3>	-0.5313 0.3440 -0.0423 1.0000	</row3>
				</transform>
			</node>
			<node>
				<identifier>	HP_FGT_2	</identifier>
				<transform>
					<row0>	1.0000 0.0000 0.0000 0.0000	</row0>
					<row1>	0.0000 1.0000 0.0000 0.0000	</row1>
					<row2>	0.0000 0.0000 1.0000 0.0000	</row2>
					<row3>	0.5313 0.3440 -0.1133 1.0000	</row3>
				</transform>
			</node>
			<node>
				<identifier>	HP_FRS_1	</identifier>
				<transform>
					<row0>	1.0000 0.0000 0.0000 0.0000	</row0>
					<row1>	0.0000 1.0000 0.0000 0.0000	</row1>
					<row2>	0.0000 0.0000 1.0000 0.0000	</row2>
					<row3>	-0.3386 1.6526 1.8810 1.0000	</row3>
				</transform>
			</node>
			<node>
				<identifier>	HP_FRS_2	</identifier>
				<transform>
					<row0>	1.0000 0.0000 0.0000 0.0000	</row0>
					<row1>	0.0000 1.0000 0.0000 0.0000	</row1>
					<row2>	0.0000 0.0000 1.0000 0.0000	</row2>
					<row3>	0.3386 1.6526 1.8810 1.0000	</row3>
				</transform>
			</node>
			<node>
				<identifier>	HP_FRS_3	</identifier>
				<transform>
					<row0>	1.0000 0.0000 0.0000 0.0000	</row0>
					<row1>	0.0000 1.0000 0.0000 0.0000	</row1>
					<row2>	0.0000 0.0000 1.0000 0.0000	</row2>
					<row3>	-0.4292 1.6476 1.3375 1.0000	</row3>
				</transform>
			</node>
			<node>
				<identifier>	HP_FRS_4	</identifier>
				<transform>
					<row0>	1.0000 0.0000 0.0000 0.0000	</row0>
					<row1>	0.0000 1.0000 0.0000 0.0000	</row1>
					<row2>	0.0000 0.0000 1.0000 0.0000	</row2>
					<row3>	0.4292 1.6476 1.3375 1.0000	</row3>
				</transform>
			</node>
			<node>
				<identifier>	HP_FX_Death_1	</identifier>
				<transform>
					<row0>	1.0000 0.0000 0.0000 0.0000	</row0>
					<row1>	0.0000 1.0000 0.0000 0.0000	</row1>
					<row2>	0.0000 0.0000 1.0000 0.0000	</row2>
					<row3>	0.0000 0.0000 4.2011 1.0000	</row3>
				</transform>
			</node>
			<node>
				<identifier>	HP_FX_Fire_2	</identifier>
				<transform>
					<row0>	1.0000 0.0000 0.0000 0.0000	</row0>
					<row1>	0.0000 1.0000 0.0000 0.0000	</row1>
					<row2>	0.0000 0.0000 1.0000 0.0000	</row2>
					<row3>	0.0000 0.5676 1.4540 1.0000	</row3>
				</transform>
			</node>
			<node>
				<identifier>	HP_FX_Fire_2_side_1	</identifier>
				<transform>
					<row0>	1.0000 0.0000 0.0000 0.0000	</row0>
					<row1>	0.0000 1.0000 0.0000 0.0000	</row1>
					<row2>	0.0000 0.0000 1.0000 0.0000	</row2>
					<row3>	-0.4146 0.3585 3.1275 1.0000	</row3>
				</transform>
			</node>
			<node>
				<identifier>	HP_FX_Fire_2_side_2	</identifier>
				<transform>
					<row0>	1.0000 0.0000 0.0000 0.0000	</row0>
					<row1>	0.0000 1.0000 0.0000 0.0000	</row1>
					<row2>	0.0000 0.0000 1.0000 0.0000	</row2>
					<row3>	0.3617 0.8078 1.4448 1.0000	</row3>
				</transform>
			</node>
			<node>
				<identifier>	HP_FX_Fire_2_side_3	</identifier>
				<transform>
					<row0>	1.0000 0.0000 0.0000 0.0000	</row0>
					<row1>	0.0000 1.0000 0.0000 0.0000	</row1>
					<row2>	0.0000 0.0000 1.0000 0.0000	</row2>
					<row3>	-0.2946 0.5089 0.5274 1.0000	</row3>
				</transform>
			</node>
			<node>
				<identifier>	HP_FX_FloodLight_left_2	</identifier>
				<transform>
					<row0>	-1.0000 0.0000 0.0000 0.0000	</row0>
					<row1>	0.0000 1.0000 0.0000 0.0000	</row1>
					<row2>	0.0000 0.0000 -1.0000 0.0000	</row2>
					<row3>	-0.1700 0.9719 1.7897 1.0000	</row3>
				</transform>
			</node>
			<node>
				<identifier>	HP_FX_FloodLight_right_2	</identifier>
				<transform>
					<row0>	1.0000 0.0000 0.0000 0.0000	</row0>
					<row1>	0.0000 1.0000 0.0000 0.0000	</row1>
					<row2>	0.0000 0.0000 1.0000 0.0000	</row2>
					<row3>	0.1780 0.9760 1.7908 1.0000	</row3>
				</transform>
			</node>
			<node>
				<identifier>	HP_FX_Flood_steam_1	</identifier>
				<transform>
					<row0>	1.0000 0.0000 0.0000 0.0000	</row0>
					<row1>	0.0000 1.0000 0.0000 0.0000	</row1>
					<row2>	0.0000 0.0000 1.0000 0.0000	</row2>
					<row3>	0.1540 1.0780 0.8241 1.0000	</row3>
				</transform>
			</node>
			<node>
				<identifier>	HP_FX_Flood_steam_2	</identifier>
				<transform>
					<row0>	1.0000 0.0000 0.0000 0.0000	</row0>
					<row1>	0.0000 1.0000 0.0000 0.0000	</row1>
					<row2>	0.0000 0.0000 1.0000 0.0000	</row2>
					<row3>	-0.1150 1.0780 0.8269 1.0000	</row3>
				</transform>
			</node>
			<node>
				<identifier>	HP_FX_Flood_steam_exhaust_2	</identifier>
				<transform>
					<row0>	1.0000 0.0000 0.0000 0.0000	</row0>
					<row1>	0.0000 1.0000 0.0000 0.0000	</row1>
					<row2>	0.0000 0.0000 1.0000 0.0000	</row2>
					<row3>	0.1140 1.1410 1.1210 1.0000	</row3>
				</transform>
			</node>
			<node>
				<identifier>	HP_FX_Flood_steam_left	</identifier>
				<transform>
					<row0>	-1.0000 0.0000 0.0000 0.0000	</row0>
					<row1>	0.0000 1.0000 0.0000 0.0000	</row1>
					<row2>	0.0000 0.0000 -1.0000 0.0000	</row2>
					<row3>	-0.3710 0.4368 2.2931 1.0000	</row3>
				</transform>
			</node>
			<node>
				<identifier>	HP_FX_Flood_water_left_2	</identifier>
				<transform>
					<row0>	-1.0000 0.0000 0.0000 0.0000	</row0>
					<row1>	0.0000 1.0000 0.0000 0.0000	</row1>
					<row2>	0.0000 0.0000 -1.0000 0.0000	</row2>
					<row3>	-0.6542 0.0567 0.0082 1.0000	</row3>
				</transform>
			</node>
			<node>
				<identifier>	HP_FX_Flood_water_left_3	</identifier>
				<transform>
					<row0>	-1.0000 0.0000 0.0000 0.0000	</row0>
					<row1>	0.0000 1.0000 0.0000 0.0000	</row1>
					<row2>	0.0000 0.0000 -1.0000 0.0000	</row2>
					<row3>	-0.5202 0.0582 2.7265 1.0000	</row3>
				</transform>
			</node>
			<node>
				<identifier>	HP_FX_Flood_water_right_2	</identifier>
				<transform>
					<row0>	1.0000 0.0000 0.0000 0.0000	</row0>
					<row1>	0.0000 1.0000 0.0000 0.0000	</row1>
					<row2>	0.0000 0.0000 1.0000 0.0000	</row2>
					<row3>	0.6533 0.0564 0.0085 1.0000	</row3>
				</transform>
			</node>
			<node>
				<identifier>	HP_FX_Flood_water_right_3	</identifier>
				<transform>
					<row0>	1.0000 0.0000 0.0000 0.0000	</row0>
					<row1>	0.0000 1.0000 0.0000 0.0000	</row1>
					<row2>	0.0000 0.0000 1.0000 0.0000	</row2>
					<row3>	0.5201 0.0581 2.7269 1.0000	</row3>
				</transform>
			</node>
			<node>
				<identifier>	HP_FX_Smoke_1	</identifier>
				<transform>
					<row0>	1.0000 0.0000 0.0000 0.0000	</row0>
					<row1>	0.0000 0.9381 -0.3464 0.0000	</row1>
					<row2>	0.0000 0.3464 0.9381 0.0000	</row2>
					<row3>	0.0000 1.0753 0.9256 1.0000	</row3>
				</transform>
			</node>
			<node>
				<identifier>	HP_Flagpole	</identifier>
				<transform>
					<row0>	0.6000 0.0000 0.0000 0.0000	</row0>
					<row1>	0.0000 0.6000 0.0000 0.0000	</row1>
					<row2>	0.0000 0.0000 0.6000 0.0000	</row2>
					<row3>	0.0000 1.6181 1.4650 1.0000	</row3>
				</transform>
			</node>
			<node>
				<identifier>	HP_flag_1	</identifier>
				<transform>
					<row0>	0.8764 -0.4805 0.0335 0.0000	</row0>
					<row1>	0.4805 0.8673 -0.1304 0.0000	</row1>
					<row2>	0.0335 0.1304 0.9909 0.0000	</row2>
					<row3>	0.5482 1.5715 1.2438 1.0000	</row3>
				</transform>
			</node>
			<node>
				<identifier>	HP_flag_2	</identifier>
				<transform>
					<row0>	0.8764 0.4805 -0.0335 0.0000	</row0>
					<row1>	-0.4805 0.8673 -0.1304 0.0000	</row1>
					<row2>	-0.0335 0.1304 0.9909 0.0000	</row2>
					<row3>	-0.5482 1.5715 1.2438 1.0000	</row3>
				</transform>
			</node>
			<node>
				<identifier>	HP_flag_3	</identifier>
				<transform>
					<row0>	0.9209 -0.3898 0.0049 0.0000	</row0>
					<row1>	0.3898 0.9206 -0.0243 0.0000	</row1>
					<row2>	0.0049 0.0243 0.9997 0.0000	</row2>
					<row3>	0.4091 1.5682 1.3444 1.0000	</row3>
				</transform>
			</node>
			<node>
				<identifier>	HP_flag_4	</identifier>
				<transform>
					<row0>	0.9209 0.3898 -0.0049 0.0000	</row0>
					<row1>	-0.3898 0.9206 -0.0243 0.0000	</row1>
					<row2>	-0.0049 0.0243 0.9997 0.0000	</row2>
					<row3>	-0.4091 1.5682 1.3444 1.0000	</row3>
				</transform>
			</node>
			<node>
				<identifier>	MP_CM011_Fire_Fighting_Gear	</identifier>
				<transform>
					<row0>	-0.5202 0.0000 0.8540 0.0000	</row0>
					<row1>	0.0000 1.0000 0.0000 0.0000	</row1>
					<row2>	-0.8540 0.0000 -0.5202 0.0000	</row2>
					<row3>	0.1806 0.5006 2.2408 1.0000	</row3>
				</transform>
			</node>
			<node>
				<identifier>	MP_CM011_Fire_Fighting_Gear_INDEX_1	</identifier>
				<transform>
					<row0>	0.7677 0.0000 -0.6408 0.0000	</row0>
					<row1>	0.0000 1.0000 0.0000 0.0000	</row1>
					<row2>	0.6408 0.0000 0.7677 0.0000	</row2>
					<row3>	-0.2612 0.3183 0.0210 1.0000	</row3>
				</transform>
			</node>
			<node>
				<identifier>	MP_CM011_Fire_Fighting_Gear_INDEX_2	</identifier>
				<transform>
					<row0>	-0.8425 0.0000 -0.5387 0.0000	</row0>
					<row1>	0.0000 1.0000 0.0000 0.0000	</row1>
					<row2>	0.5387 0.0000 -0.8425 0.0000	</row2>
					<row3>	-0.1582 0.5006 2.2724 1.0000	</row3>
				</transform>
			</node>
			<node>
				<identifier>	MP_CM011_Fire_Fighting_Gear_INDEX_3	</identifier>
				<transform>
					<row0>	0.7677 0.0000 0.6408 0.0000	</row0>
					<row1>	0.0000 1.0000 0.0000 0.0000	</row1>
					<row2>	-0.6408 0.0000 0.7677 0.0000	</row2>
					<row3>	0.3269 0.3183 0.0623 1.0000	</row3>
				</transform>
			</node>
			<node>
				<identifier>	MP_CM013_Fire_Hose_Rack_2	</identifier>
				<transform>
					<row0>	0.1890 0.0000 -0.9820 0.0000	</row0>
					<row1>	0.0000 1.0000 0.0000 0.0000	</row1>
					<row2>	0.9820 0.0000 0.1890 0.0000	</row2>
					<row3>	-0.1295 0.5531 2.2735 1.0000	</row3>
				</transform>
			</node>
			<node>
				<identifier>	MP_CM013_Fire_Hose_Rack_2_INDEX_1	</identifier>
				<transform>
					<row0>	0.5770 0.0000 0.8167 0.0000	</row0>
					<row1>	0.0000 1.0000 0.0000 0.0000	</row1>
					<row2>	-0.8167 0.0000 0.5770 0.0000	</row2>
					<row3>	-0.2184 0.3459 0.0011 1.0000	</row3>
				</transform>
			</node>
			<node>
				<identifier>	MP_CM013_Fire_Hose_Rack_2_INDEX_2	</identifier>
				<transform>
					<row0>	-0.9409 0.0000 -0.3388 0.0000	</row0>
					<row1>	0.0000 1.0000 0.0000 0.0000	</row1>
					<row2>	0.3388 0.0000 -0.9409 0.0000	</row2>
					<row3>	0.1836 0.5550 2.2169 1.0000	</row3>
				</transform>
			</node>
			<node>
				<identifier>	MP_CM013_Fire_Hose_Rack_2_INDEX_3	</identifier>
				<transform>
					<row0>	-0.6336 0.0000 0.7737 0.0000	</row0>
					<row1>	0.0000 1.0000 0.0000 0.0000	</row1>
					<row2>	-0.7737 0.0000 -0.6336 0.0000	</row2>
					<row3>	0.2961 0.3459 0.0471 1.0000	</row3>
				</transform>
			</node>
			<node>
				<identifier>	MP_CM014_Fuel_Oil_Hose	</identifier>
				<transform>
					<row0>	1.0000 0.0000 0.0000 0.0000	</row0>
					<row1>	0.0000 1.0000 0.0000 0.0000	</row1>
					<row2>	0.0000 0.0000 1.0000 0.0000	</row2>
					<row3>	-0.3797 0.3719 0.5831 1.0000	</row3>
				</transform>
			</node>
			<node>
				<identifier>	MP_CM014_Fuel_Oil_Hose_INDEX_1	</identifier>
				<transform>
					<row0>	1.0000 0.0000 0.0000 0.0000	</row0>
					<row1>	0.0000 1.0000 0.0000 0.0000	</row1>
					<row2>	0.0000 0.0000 1.0000 0.0000	</row2>
					<row3>	-0.3797 0.3435 0.5831 1.0000	</row3>
				</transform>
			</node>
			<node>
				<identifier>	MP_CM014_Fuel_Oil_Hose_INDEX_2	</identifier>
				<transform>
					<row0>	-1.0000 0.0000 0.0000 0.0000	</row0>
					<row1>	0.0000 1.0000 0.0000 0.0000	</row1>
					<row2>	0.0000 0.0000 -1.0000 0.0000	</row2>
					<row3>	0.3797 0.3719 0.5014 1.0000	</row3>
				</transform>
			</node>
			<node>
				<identifier>	MP_CM014_Fuel_Oil_Hose_INDEX_3	</identifier>
				<transform>
					<row0>	-1.0000 0.0000 0.0000 0.0000	</row0>
					<row1>	0.0000 1.0000 0.0000 0.0000	</row1>
					<row2>	0.0000 0.0000 -1.0000 0.0000	</row2>
					<row3>	0.3797 0.3435 0.5014 1.0000	</row3>
				</transform>
			</node>
			<node>
				<identifier>	MP_CM029_Emergency_Box	</identifier>
				<transform>
					<row0>	0.1546 0.0000 -0.9880 0.0000	</row0>
					<row1>	0.0000 1.0000 0.0000 0.0000	</row1>
					<row2>	0.9880 0.0000 0.1546 0.0000	</row2>
					<row3>	-0.1664 0.7796 1.7436 1.0000	</row3>
				</transform>
			</node>
			<node>
				<identifier>	MP_CM029_Emergency_Box_INDEX_1	</identifier>
				<transform>
					<row0>	0.7138 0.0000 0.7003 0.0000	</row0>
					<row1>	0.0000 1.0000 0.0000 0.0000	</row1>
					<row2>	-0.7003 0.0000 0.7138 0.0000	</row2>
					<row3>	0.0755 1.7005 1.7817 1.0000	</row3>
				</transform>
			</node>
			<node>
				<identifier>	MP_CM029_Emergency_Box_INDEX_10	</identifier>
				<transform>
					<row0>	0.0000 0.0000 -1.0000 0.0000	</row0>
					<row1>	0.0000 1.0000 0.0000 0.0000	</row1>
					<row2>	1.0000 0.0000 0.0000 0.0000	</row2>
					<row3>	-0.3837 0.4006 1.8815 1.0000	</row3>
				</transform>
			</node>
			<node>
				<identifier>	MP_CM029_Emergency_Box_INDEX_11	</identifier>
				<transform>
					<row0>	0.0000 0.0000 1.0000 0.0000	</row0>
					<row1>	0.0000 1.0000 0.0000 0.0000	</row1>
					<row2>	-1.0000 0.0000 0.0000 0.0000	</row2>
					<row3>	0.1759 0.9167 1.9688 1.0000	</row3>
				</transform>
			</node>
			<node>
				<identifier>	MP_CM029_Emergency_Box_INDEX_2	</identifier>
				<transform>
					<row0>	0.2417 0.0000 -0.9704 0.0000	</row0>
					<row1>	0.0000 1.0000 0.0000 0.0000	</row1>
					<row2>	0.9704 0.0000 0.2417 0.0000	</row2>
					<row3>	-0.1580 0.5470 1.6997 1.0000	</row3>
				</transform>
			</node>
			<node>
				<identifier>	MP_CM029_Emergency_Box_INDEX_3	</identifier>
				<transform>
					<row0>	0.0000 0.0000 1.0000 0.0000	</row0>
					<row1>	0.0000 1.0000 0.0000 0.0000	</row1>
					<row2>	-1.0000 0.0000 0.0000 0.0000	</row2>
					<row3>	0.3833 0.3800 0.2753 1.0000	</row3>
				</transform>
			</node>
			<node>
				<identifier>	MP_CM029_Emergency_Box_INDEX_4	</identifier>
				<transform>
					<row0>	0.0000 0.0000 -1.0000 0.0000	</row0>
					<row1>	0.0000 1.0000 0.0000 0.0000	</row1>
					<row2>	1.0000 0.0000 0.0000 0.0000	</row2>
					<row3>	-0.1772 0.9167 1.9688 1.0000	</row3>
				</transform>
			</node>
			<node>
				<identifier>	MP_CM029_Emergency_Box_INDEX_5	</identifier>
				<transform>
					<row0>	0.1546 0.0000 0.9880 0.0000	</row0>
					<row1>	0.0000 1.0000 0.0000 0.0000	</row1>
					<row2>	-0.9880 0.0000 0.1546 0.0000	</row2>
					<row3>	0.1664 0.7774 1.7436 1.0000	</row3>
				</transform>
			</node>
			<node>
				<identifier>	MP_CM029_Emergency_Box_INDEX_6	</identifier>
				<transform>
					<row0>	0.0000 0.0000 1.0000 0.0000	</row0>
					<row1>	0.0000 1.0000 0.0000 0.0000	</row1>
					<row2>	-1.0000 0.0000 0.0000 0.0000	</row2>
					<row3>	0.3837 0.4006 1.8815 1.0000	</row3>
				</transform>
			</node>
			<node>
				<identifier>	MP_CM029_Emergency_Box_INDEX_7	</identifier>
				<transform>
					<row0>	0.0000 0.0000 -1.0000 0.0000	</row0>
					<row1>	0.0000 1.0000 0.0000 0.0000	</row1>
					<row2>	1.0000 0.0000 0.0000 0.0000	</row2>
					<row3>	-0.3833 0.3800 0.4584 1.0000	</row3>
				</transform>
			</node>
			<node>
				<identifier>	MP_CM029_Emergency_Box_INDEX_8	</identifier>
				<transform>
					<row0>	-0.9980 0.0000 -0.0625 0.0000	</row0>
					<row1>	0.0000 1.0000 0.0000 0.0000	</row1>
					<row2>	0.0625 0.0000 -0.9980 0.0000	</row2>
					<row3>	-0.0171 1.2605 1.9670 1.0000	</row3>
				</transform>
			</node>
			<node>
				<identifier>	MP_CM029_Emergency_Box_INDEX_9	</identifier>
				<transform>
					<row0>	0.3138 0.0000 0.9495 0.0000	</row0>
					<row1>	0.0000 1.0000 0.0000 0.0000	</row1>
					<row2>	-0.9495 0.0000 0.3138 0.0000	</row2>
					<row3>	0.1878 0.5893 2.0845 1.0000	</row3>
				</transform>
			</node>
			<node>
				<identifier>	MP_CM030_Swab_Rack_2	</identifier>
				<transform>
					<row0>	0.0000 0.0000 -1.0000 0.0000	</row0>
					<row1>	0.0000 1.0000 0.0000 0.0000	</row1>
					<row2>	1.0000 0.0000 0.0000 0.0000	</row2>
					<row3>	0.3766 0.3228 1.1654 1.0000	</row3>
				</transform>
			</node>
			<node>
				<identifier>	MP_CM030_Swab_Rack_2_INDEX_1	</identifier>
				<transform>
					<row0>	0.0000 0.0000 -1.0000 0.0000	</row0>
					<row1>	0.0000 1.0000 0.0000 0.0000	</row1>
					<row2>	1.0000 0.0000 0.0000 0.0000	</row2>
					<row3>	0.1699 0.4921 1.8693 1.0000	</row3>
				</transform>
			</node>
			<node>
				<identifier>	MP_CM030_Swab_Rack_2_INDEX_2	</identifier>
				<transform>
					<row0>	0.0000 0.0000 1.0000 0.0000	</row0>
					<row1>	0.0000 1.0000 0.0000 0.0000	</row1>
					<row2>	-1.0000 0.0000 0.0000 0.0000	</row2>
					<row3>	-0.1702 0.4945 2.0289 1.0000	</row3>
				</transform>
			</node>
			<node>
				<identifier>	MP_CM030_Swab_Rack_2_INDEX_3	</identifier>
				<transform>
					<row0>	0.0000 0.0000 1.0000 0.0000	</row0>
					<row1>	0.0000 1.0000 0.0000 0.0000	</row1>
					<row2>	-1.0000 0.0000 0.0000 0.0000	</row2>
					<row3>	-0.3766 0.3228 1.1950 1.0000	</row3>
				</transform>
			</node>
			<node>
				<identifier>	MP_CM043_Accommodation_Ladder	</identifier>
				<transform>
					<row0>	0.9992 0.0000 0.0397 0.0000	</row0>
					<row1>	0.0000 1.0000 0.0000 0.0000	</row1>
					<row2>	-0.0397 0.0000 0.9992 0.0000	</row2>
					<row3>	0.6012 0.3349 1.7769 1.0000	</row3>
				</transform>
			</node>
			<node>
				<identifier>	MP_CM043_Accommodation_Ladder_INDEX_1	</identifier>
				<transform>
					<row0>	-0.9992 0.0000 0.0397 0.0000	</row0>
					<row1>	0.0000 -1.0000 0.0000 0.0000	</row1>
					<row2>	0.0397 0.0000 0.9992 0.0000	</row2>
					<row3>	-0.6012 0.4106 1.7769 1.0000	</row3>
				</transform>
			</node>
			<node>
				<identifier>	MP_CM052_Fender	</identifier>
				<transform>
					<row0>	0.0000 0.0000 -0.5000 0.0000	</row0>
					<row1>	0.0000 0.5000 0.0000 0.0000	</row1>
					<row2>	0.5000 0.0000 0.0000 0.0000	</row2>
					<row3>	0.3923 0.3172 0.2417 1.0000	</row3>
				</transform>
			</node>
			<node>
				<identifier>	MP_CM052_Fender_INDEX_1	</identifier>
				<transform>
					<row0>	0.0127 0.0000 -0.4998 0.0000	</row0>
					<row1>	0.0000 0.5000 0.0000 0.0000	</row1>
					<row2>	0.4998 0.0000 0.0127 0.0000	</row2>
					<row3>	0.3819 0.3421 2.4331 1.0000	</row3>
				</transform>
			</node>
			<node>
				<identifier>	MP_CM052_Fender_INDEX_2	</identifier>
				<transform>
					<row0>	0.0000 0.0000 -0.5000 0.0000	</row0>
					<row1>	0.0000 0.5000 0.0000 0.0000	</row1>
					<row2>	0.5000 0.0000 0.0000 0.0000	</row2>
					<row3>	0.3923 0.3286 1.5507 1.0000	</row3>
				</transform>
			</node>
			<node>
				<identifier>	MP_CM052_Fender_INDEX_3	</identifier>
				<transform>
					<row0>	0.0000 0.0000 0.5000 0.0000	</row0>
					<row1>	0.0000 0.5000 0.0000 0.0000	</row1>
					<row2>	-0.5000 0.0000 0.0000 0.0000	</row2>
					<row3>	-0.2934 0.3166 0.1439 1.0000	</row3>
				</transform>
			</node>
			<node>
				<identifier>	MP_CM052_Fender_INDEX_4	</identifier>
				<transform>
					<row0>	0.0127 0.0000 0.4998 0.0000	</row0>
					<row1>	0.0000 0.5000 0.0000 0.0000	</row1>
					<row2>	-0.4998 0.0000 0.0127 0.0000	</row2>
					<row3>	-0.3819 0.3421 2.4331 1.0000	</row3>
				</transform>
			</node>
			<node>
				<identifier>	MP_CM052_Fender_INDEX_5	</identifier>
				<transform>
					<row0>	0.0000 0.0000 0.5000 0.0000	</row0>
					<row1>	0.0000 0.5000 0.0000 0.0000	</row1>
					<row2>	-0.5000 0.0000 0.0000 0.0000	</row2>
					<row3>	-0.3923 0.3279 1.4935 1.0000	</row3>
				</transform>
			</node>
			<node>
				<identifier>	MP_CM053_Telegraph	</identifier>
				<transform>
					<row0>	1.0000 0.0000 0.0000 0.0000	</row0>
					<row1>	0.0000 1.0000 0.0000 0.0000	</row1>
					<row2>	0.0000 0.0000 1.0000 0.0000	</row2>
					<row3>	0.0508 0.8444 2.3843 1.0000	</row3>
				</transform>
			</node>
			<node>
				<identifier>	MP_CM053_Telegraph_INDEX_1	</identifier>
				<transform>
					<row0>	1.0000 0.0000 0.0000 0.0000	</row0>
					<row1>	0.0000 1.0000 0.0000 0.0000	</row1>
					<row2>	0.0000 0.0000 1.0000 0.0000	</row2>
					<row3>	-0.0508 0.8444 2.3843 1.0000	</row3>
				</transform>
			</node>
			<node>
				<identifier>	MP_CM056_Ships_bell	</identifier>
				<transform>
					<row0>	1.0000 0.0000 0.0000 0.0000	</row0>
					<row1>	0.0000 1.0000 0.0000 0.0000	</row1>
					<row2>	0.0000 0.0000 1.0000 0.0000	</row2>
					<row3>	0.0000 1.0067 1.5047 1.0000	</row3>
				</transform>
			</node>
			<node>
				<identifier>	MP_CM082_Rope	</identifier>
				<transform>
					<row0>	-0.9913 0.0000 0.1318 0.0000	</row0>
					<row1>	0.0000 1.0000 0.0000 0.0000	</row1>
					<row2>	-0.1318 0.0000 -0.9913 0.0000	</row2>
					<row3>	-0.7445 0.4561 1.0343 1.0000	</row3>
				</transform>
			</node>
			<node>
				<identifier>	MP_CM082_Rope_INDEX_1	</identifier>
				<transform>
					<row0>	0.9959 0.0000 -0.0901 0.0000	</row0>
					<row1>	0.0000 1.0000 0.0000 0.0000	</row1>
					<row2>	0.0901 0.0000 0.9959 0.0000	</row2>
					<row3>	-0.7423 0.4561 1.0806 1.0000	</row3>
				</transform>
			</node>
			<node>
				<identifier>	MP_CM082_Rope_INDEX_2	</identifier>
				<transform>
					<row0>	0.9995 0.0000 -0.0329 0.0000	</row0>
					<row1>	0.0000 1.0000 0.0000 0.0000	</row1>
					<row2>	0.0329 0.0000 0.9995 0.0000	</row2>
					<row3>	0.7433 0.4561 1.0806 1.0000	</row3>
				</transform>
			</node>
			<node>
				<identifier>	MP_CM082_Rope_INDEX_3	</identifier>
				<transform>
					<row0>	0.9957 0.0000 -0.0932 0.0000	</row0>
					<row1>	0.0000 1.0000 0.0000 0.0000	</row1>
					<row2>	0.0932 0.0000 0.9957 0.0000	</row2>
					<row3>	-0.7460 0.4561 0.9697 1.0000	</row3>
				</transform>
			</node>
			<node>
				<identifier>	MP_CM082_Rope_INDEX_4	</identifier>
				<transform>
					<row0>	-0.9942 0.0000 0.1072 0.0000	</row0>
					<row1>	0.0000 1.0000 0.0000 0.0000	</row1>
					<row2>	-0.1072 0.0000 -0.9942 0.0000	</row2>
					<row3>	-0.7485 0.4561 0.8995 1.0000	</row3>
				</transform>
			</node>
			<node>
				<identifier>	MP_CM082_Rope_INDEX_5	</identifier>
				<transform>
					<row0>	-0.9994 0.0000 0.0339 0.0000	</row0>
					<row1>	0.0000 1.0000 0.0000 0.0000	</row1>
					<row2>	-0.0339 0.0000 -0.9994 0.0000	</row2>
					<row3>	0.7437 0.4561 1.0343 1.0000	</row3>
				</transform>
			</node>
			<node>
				<identifier>	MP_CM082_Rope_INDEX_6	</identifier>
				<transform>
					<row0>	-0.9985 0.0000 0.0555 0.0000	</row0>
					<row1>	0.0000 1.0000 0.0000 0.0000	</row1>
					<row2>	-0.0555 0.0000 -0.9985 0.0000	</row2>
					<row3>	0.7479 0.4561 0.8995 1.0000	</row3>
				</transform>
			</node>
			<node>
				<identifier>	MP_CM082_Rope_INDEX_7	</identifier>
				<transform>
					<row0>	0.9995 0.0000 -0.0329 0.0000	</row0>
					<row1>	0.0000 1.0000 0.0000 0.0000	</row1>
					<row2>	0.0329 0.0000 0.9995 0.0000	</row2>
					<row3>	0.7464 0.4561 0.9697 1.0000	</row3>
				</transform>
			</node>
			<node>
				<identifier>	MP_FM001_Pelorus	</identifier>
				<transform>
					<row0>	1.0000 0.0000 0.0000 0.0000	</row0>
					<row1>	0.0000 1.0000 0.0000 0.0000	</row1>
					<row2>	0.0000 0.0000 1.0000 0.0000	</row2>
					<row3>	-0.3076 0.8562 2.1977 1.0000	</row3>
				</transform>
			</node>
			<node>
				<identifier>	MP_FM001_Pelorus_INDEX_1	</identifier>
				<transform>
					<row0>	1.0000 0.0000 0.0000 0.0000	</row0>
					<row1>	0.0000 1.0000 0.0000 0.0000	</row1>
					<row2>	0.0000 0.0000 1.0000 0.0000	</row2>
					<row3>	-0.1456 1.2242 1.8720 1.0000	</row3>
				</transform>
			</node>
			<node>
				<identifier>	MP_FM001_Pelorus_INDEX_2	</identifier>
				<transform>
					<row0>	1.0000 0.0000 0.0000 0.0000	</row0>
					<row1>	0.0000 1.0000 0.0000 0.0000	</row1>
					<row2>	0.0000 0.0000 1.0000 0.0000	</row2>
					<row3>	0.3076 0.8562 2.1977 1.0000	</row3>
				</transform>
			</node>
			<node>
				<identifier>	MP_FM001_Pelorus_INDEX_3	</identifier>
				<transform>
					<row0>	1.0000 0.0000 0.0000 0.0000	</row0>
					<row1>	0.0000 1.1892 0.0000 0.0000	</row1>
					<row2>	0.0000 0.0000 1.0000 0.0000	</row2>
					<row3>	0.1626 0.6947 2.3549 1.0000	</row3>
				</transform>
			</node>
			<node>
				<identifier>	MP_FM001_Pelorus_INDEX_4	</identifier>
				<transform>
					<row0>	1.0000 0.0000 0.0000 0.0000	</row0>
					<row1>	0.0000 1.0000 0.0000 0.0000	</row1>
					<row2>	0.0000 0.0000 1.0000 0.0000	</row2>
					<row3>	0.1456 1.2242 1.8720 1.0000	</row3>
				</transform>
			</node>
			<node>
				<identifier>	MP_FM001_Pelorus_INDEX_5	</identifier>
				<transform>
					<row0>	1.0000 0.0000 0.0000 0.0000	</row0>
					<row1>	0.0000 1.1892 0.0000 0.0000	</row1>
					<row2>	0.0000 0.0000 1.0000 0.0000	</row2>
					<row3>	-0.1626 0.6947 2.3549 1.0000	</row3>
				</transform>
			</node>
			<node>
				<identifier>	MP_FM002_Binoculars	</identifier>
				<transform>
					<row0>	0.8824 0.0000 -0.4704 0.0000	</row0>
					<row1>	0.0000 1.0000 0.0000 0.0000	</row1>
					<row2>	0.4704 0.0000 0.8824 0.0000	</row2>
					<row3>	0.0964 1.2310 1.9168 1.0000	</row3>
				</transform>
			</node>
			<node>
				<identifier>	MP_FM002_Binoculars_INDEX_1	</identifier>
				<transform>
					<row0>	0.0000 0.0000 1.0000 0.0000	</row0>
					<row1>	0.0000 1.0000 0.0000 0.0000	</row1>
					<row2>	-1.0000 0.0000 0.0000 0.0000	</row2>
					<row3>	-0.3088 0.8686 2.0020 1.0000	</row3>
				</transform>
			</node>
			<node>
				<identifier>	MP_FM002_Binoculars_INDEX_2	</identifier>
				<transform>
					<row0>	0.0000 0.0000 -1.0000 0.0000	</row0>
					<row1>	0.0000 1.0000 0.0000 0.0000	</row1>
					<row2>	1.0000 0.0000 0.0000 0.0000	</row2>
					<row3>	0.2386 1.2151 1.8585 1.0000	</row3>
				</transform>
			</node>
			<node>
				<identifier>	MP_FM002_Binoculars_INDEX_3	</identifier>
				<transform>
					<row0>	0.0000 0.0000 -1.0000 0.0000	</row0>
					<row1>	0.0000 1.0000 0.0000 0.0000	</row1>
					<row2>	1.0000 0.0000 0.0000 0.0000	</row2>
					<row3>	0.3088 0.8686 2.0020 1.0000	</row3>
				</transform>
			</node>
			<node>
				<identifier>	MP_FM002_Binoculars_INDEX_4	</identifier>
				<transform>
					<row0>	0.0000 0.0000 1.0000 0.0000	</row0>
					<row1>	0.0000 1.0000 0.0000 0.0000	</row1>
					<row2>	-1.0000 0.0000 0.0000 0.0000	</row2>
					<row3>	-0.2386 1.2151 1.8585 1.0000	</row3>
				</transform>
			</node>
			<node>
				<identifier>	MP_FM002_Binoculars_INDEX_5	</identifier>
				<transform>
					<row0>	0.8824 0.0000 0.4704 0.0000	</row0>
					<row1>	0.0000 1.0000 0.0000 0.0000	</row1>
					<row2>	-0.4704 0.0000 0.8824 0.0000	</row2>
					<row3>	-0.0964 1.2310 1.9168 1.0000	</row3>
				</transform>
			</node>
			<node>
				<identifier>	MP_FM009_Range_Concentration_Dials	</identifier>
				<transform>
					<row0>	1.0000 0.0000 0.0000 0.0000	</row0>
					<row1>	0.0000 1.0000 0.0000 0.0000	</row1>
					<row2>	0.0000 0.0000 1.0000 0.0000	</row2>
					<row3>	0.0000 1.6651 2.0160 1.0000	</row3>
				</transform>
			</node>
			<node>
				<identifier>	MP_FM010_Paravane	</identifier>
				<transform>
					<row0>	0.9891 0.0000 -0.1476 0.0000	</row0>
					<row1>	0.0000 -1.0000 0.0000 0.0000	</row1>
					<row2>	-0.1476 0.0000 -0.9891 0.0000	</row2>
					<row3>	0.2867 0.5307 2.5923 1.0000	</row3>
				</transform>
			</node>
			<node>
				<identifier>	MP_FM010_Paravane_INDEX_1	</identifier>
				<transform>
					<row0>	0.9891 0.0000 0.1476 0.0000	</row0>
					<row1>	0.0000 -1.0000 0.0000 0.0000	</row1>
					<row2>	0.1476 0.0000 -0.9891 0.0000	</row2>
					<row3>	-0.2867 0.5307 2.5923 1.0000	</row3>
				</transform>
			</node>
			<node>
				<identifier>	MP_FM011_Reels	</identifier>
				<transform>
					<row0>	0.7730 0.0000 -0.6345 0.0000	</row0>
					<row1>	0.0000 1.0000 0.0000 0.0000	</row1>
					<row2>	0.6345 0.0000 0.7730 0.0000	</row2>
					<row3>	0.0948 0.3573 3.0751 1.0000	</row3>
				</transform>
			</node>
			<node>
				<identifier>	MP_FM011_Reels_INDEX_1	</identifier>
				<transform>
					<row0>	0.7730 0.0000 0.6345 0.0000	</row0>
					<row1>	0.0000 1.0000 0.0000 0.0000	</row1>
					<row2>	-0.6345 0.0000 0.7730 0.0000	</row2>
					<row3>	-0.0948 0.3573 3.0751 1.0000	</row3>
				</transform>
			</node>
			<node>
				<identifier>	MP_FM016_Reels	</identifier>
				<transform>
					<row0>	0.6295 0.0000 0.0000 0.0000	</row0>
					<row1>	0.0000 0.0000 0.7126 0.0000	</row1>
					<row2>	0.0000 -0.7126 0.0000 0.0000	</row2>
					<row3>	0.0000 0.5141 3.0210 1.0000	</row3>
				</transform>
			</node>
			<node>
				<identifier>	MP_FM020_Siren	</identifier>
				<transform>
					<row0>	0.0000 0.0964 0.9953 0.0000	</row0>
					<row1>	0.0000 0.9953 -0.0964 0.0000	</row1>
					<row2>	-1.0000 0.0000 0.0000 0.0000	</row2>
					<row3>	0.0253 0.8871 1.1909 1.0000	</row3>
				</transform>
			</node>
			<node>
				<identifier>	MP_FM028_Motto_Valeur	</identifier>
				<transform>
					<row0>	0.7918 0.0000 0.5825 0.0000	</row0>
					<row1>	0.0000 1.0000 0.0000 0.0000	</row1>
					<row2>	-0.5926 0.0000 0.8055 0.0000	</row2>
					<row3>	0.1655 0.8416 1.4588 1.0000	</row3>
				</transform>
			</node>
			<node>
				<identifier>	MP_FM029_Motto_Discipline	</identifier>
				<transform>
					<row0>	0.7918 0.0000 -0.5825 0.0000	</row0>
					<row1>	0.0000 1.0000 0.0000 0.0000	</row1>
					<row2>	0.5926 0.0000 0.8055 0.0000	</row2>
					<row3>	-0.1655 0.8416 1.4588 1.0000	</row3>
				</transform>
			</node>
			<node>
				<identifier>	MP_FM071_Easter_egg_Algerie	</identifier>
				<transform>
					<row0>	0.0000 0.0000 -1.0000 0.0000	</row0>
					<row1>	0.0000 1.0000 0.0000 0.0000	</row1>
					<row2>	1.0000 0.0000 0.0000 0.0000	</row2>
					<row3>	-0.4667 0.4065 0.3041 1.0000	</row3>
				</transform>
			</node>
			<node>
				<identifier>	MP_FM508_float	</identifier>
				<transform>
					<row0>	0.9433 -0.3320 0.0000 0.0000	</row0>
					<row1>	0.3320 0.9433 0.0000 0.0000	</row1>
					<row2>	0.0000 0.0000 0.9110 0.0000	</row2>
					<row3>	0.1993 0.6324 0.8241 1.0000	</row3>
				</transform>
			</node>
			<node>
				<identifier>	MP_FM508_float_INDEX_1	</identifier>
				<transform>
					<row0>	-0.9433 0.3320 0.0000 0.0000	</row0>
					<row1>	0.3320 0.9433 0.0000 0.0000	</row1>
					<row2>	0.0000 0.0000 -0.9110 0.0000	</row2>
					<row3>	0.1993 0.6324 1.2137 1.0000	</row3>
				</transform>
			</node>
			<node>
				<identifier>	MP_FM508_float_INDEX_10	</identifier>
				<transform>
					<row0>	0.0000 1.0000 0.0000 0.0000	</row0>
					<row1>	0.9999 0.0000 -0.0107 0.0000	</row1>
					<row2>	-0.0107 0.0000 -0.9999 0.0000	</row2>
					<row3>	0.6285 0.5107 -0.0949 1.0000	</row3>
				</transform>
			</node>
			<node>
				<identifier>	MP_FM508_float_INDEX_11	</identifier>
				<transform>
					<row0>	0.0000 -1.0000 0.0000 0.0000	</row0>
					<row1>	-0.9996 0.0000 0.0268 0.0000	</row1>
					<row2>	-0.0201 0.0000 -0.7497 0.0000	</row2>
					<row3>	-0.3658 0.5342 2.0851 1.0000	</row3>
				</transform>
			</node>
			<node>
				<identifier>	MP_FM508_float_INDEX_12	</identifier>
				<transform>
					<row0>	0.9433 -0.3320 0.0000 0.0000	</row0>
					<row1>	0.3320 0.9433 0.0000 0.0000	</row1>
					<row2>	0.0000 0.0000 0.9110 0.0000	</row2>
					<row3>	-0.4004 0.6324 0.8241 1.0000	</row3>
				</transform>
			</node>
			<node>
				<identifier>	MP_FM508_float_INDEX_13	</identifier>
				<transform>
					<row0>	-1.0000 0.0000 0.0000 0.0000	</row0>
					<row1>	0.0000 1.0000 0.0000 0.0000	</row1>
					<row2>	0.0000 0.0000 -0.9110 0.0000	</row2>
					<row3>	-0.0425 0.6664 0.6408 1.0000	</row3>
				</transform>
			</node>
			<node>
				<identifier>	MP_FM508_float_INDEX_14	</identifier>
				<transform>
					<row0>	-0.9433 0.3320 0.0000 0.0000	</row0>
					<row1>	0.3320 0.9433 0.0000 0.0000	</row1>
					<row2>	0.0000 0.0000 -0.9110 0.0000	</row2>
					<row3>	-0.4004 0.6324 0.9541 1.0000	</row3>
				</transform>
			</node>
			<node>
				<identifier>	MP_FM508_float_INDEX_15	</identifier>
				<transform>
					<row0>	0.0000 0.2905 0.9569 0.0000	</row0>
					<row1>	0.0000 0.9569 -0.2905 0.0000	</row1>
					<row2>	-0.9110 0.0000 0.0000 0.0000	</row2>
					<row3>	0.1002 0.6326 0.7932 1.0000	</row3>
				</transform>
			</node>
			<node>
				<identifier>	MP_FM508_float_INDEX_16	</identifier>
				<transform>
					<row0>	0.9433 0.3320 0.0000 0.0000	</row0>
					<row1>	-0.3320 0.9433 0.0000 0.0000	</row1>
					<row2>	0.0000 0.0000 0.9110 0.0000	</row2>
					<row3>	-0.1993 0.6324 0.9541 1.0000	</row3>
				</transform>
			</node>
			<node>
				<identifier>	MP_FM508_float_INDEX_17	</identifier>
				<transform>
					<row0>	0.0000 1.0000 0.0000 0.0000	</row0>
					<row1>	0.9996 0.0000 0.0268 0.0000	</row1>
					<row2>	0.0201 0.0000 -0.7497 0.0000	</row2>
					<row3>	0.3658 0.5342 2.0851 1.0000	</row3>
				</transform>
			</node>
			<node>
				<identifier>	MP_FM508_float_INDEX_18	</identifier>
				<transform>
					<row0>	0.0000 -1.0000 0.0000 0.0000	</row0>
					<row1>	0.9996 0.0000 0.0289 0.0000	</row1>
					<row2>	-0.0289 0.0000 0.9996 0.0000	</row2>
					<row3>	0.6211 0.5186 0.8673 1.0000	</row3>
				</transform>
			</node>
			<node>
				<identifier>	MP_FM508_float_INDEX_19	</identifier>
				<transform>
					<row0>	0.9433 -0.3320 0.0000 0.0000	</row0>
					<row1>	0.3320 0.9433 0.0000 0.0000	</row1>
					<row2>	0.0000 0.0000 0.9110 0.0000	</row2>
					<row3>	-0.4004 0.6324 1.0838 1.0000	</row3>
				</transform>
			</node>
			<node>
				<identifier>	MP_FM508_float_INDEX_2	</identifier>
				<transform>
					<row0>	0.9433 -0.3320 0.0000 0.0000	</row0>
					<row1>	0.3320 0.9433 0.0000 0.0000	</row1>
					<row2>	0.0000 0.0000 0.9110 0.0000	</row2>
					<row3>	-0.4004 0.6324 1.2137 1.0000	</row3>
				</transform>
			</node>
			<node>
				<identifier>	MP_FM508_float_INDEX_20	</identifier>
				<transform>
					<row0>	0.9433 -0.3320 0.0000 0.0000	</row0>
					<row1>	0.3320 0.9433 0.0000 0.0000	</row1>
					<row2>	0.0000 0.0000 0.9110 0.0000	</row2>
					<row3>	0.1993 0.6324 1.0838 1.0000	</row3>
				</transform>
			</node>
			<node>
				<identifier>	MP_FM508_float_INDEX_21	</identifier>
				<transform>
					<row0>	0.0000 1.0000 0.0000 0.0000	</row0>
