<JSC053_Takahashi_1944_MidBack_ports.visual>
	<node>
		<identifier>	Scene Root	</identifier>
		<transform>
			<row0>	1.0000 0.0000 0.0000 0.0000	</row0>
			<row1>	0.0000 1.0000 0.0000 0.0000	</row1>
			<row2>	0.0000 0.0000 1.0000 0.0000	</row2>
			<row3>	0.0000 0.0000 0.0000 1.0000	</row3>
		</transform>
		<node>
			<identifier>	MidBack_ports	</identifier>
			<transform>
				<row0>	1.0000 0.0000 0.0000 0.0000	</row0>
				<row1>	0.0000 1.0000 0.0000 0.0000	</row1>
				<row2>	0.0000 0.0000 1.0000 0.0000	</row2>
				<row3>	0.0000 0.0000 0.0000 1.0000	</row3>
			</transform>
			<node>
				<identifier>	HP_FX_Fire_3	</identifier>
				<transform>
					<row0>	1.0000 0.0000 0.0000 0.0000	</row0>
					<row1>	0.0000 1.0000 0.0000 0.0000	</row1>
					<row2>	0.0000 0.0000 1.0000 0.0000	</row2>
					<row3>	0.0000 0.4338 -2.3238 1.0000	</row3>
				</transform>
			</node>
			<node>
				<identifier>	HP_FX_Fire_3_side_1	</identifier>
				<transform>
					<row0>	1.0000 0.0000 0.0000 0.0000	</row0>
					<row1>	0.0000 1.0000 0.0000 0.0000	</row1>
					<row2>	0.0000 0.0000 1.0000 0.0000	</row2>
					<row3>	0.5140 0.5177 -1.2644 1.0000	</row3>
				</transform>
			</node>
			<node>
				<identifier>	HP_FX_Fire_3_side_2	</identifier>
				<transform>
					<row0>	0.8981 0.0000 -0.4399 0.0000	</row0>
					<row1>	0.0000 1.0000 0.0000 0.0000	</row1>
					<row2>	0.4399 0.0000 0.8981 0.0000	</row2>
					<row3>	-0.5036 0.5239 -3.1219 1.0000	</row3>
				</transform>
			</node>
			<node>
				<identifier>	HP_FX_FloodLight_left_2	</identifier>
				<transform>
					<row0>	-0.8270 0.0000 -0.5622 0.0000	</row0>
					<row1>	0.0000 1.0000 0.0000 0.0000	</row1>
					<row2>	0.5622 0.0000 -0.8270 0.0000	</row2>
					<row3>	-0.5387 0.3748 -3.3363 1.0000	</row3>
				</transform>
			</node>
			<node>
				<identifier>	HP_FX_FloodLight_right_1	</identifier>
				<transform>
					<row0>	0.8333 0.0000 -0.5528 0.0000	</row0>
					<row1>	0.0000 1.0000 0.0000 0.0000	</row1>
					<row2>	0.5528 0.0000 0.8333 0.0000	</row2>
					<row3>	0.5467 0.3748 -3.3263 1.0000	</row3>
				</transform>
			</node>
			<node>
				<identifier>	HP_FX_Flood_water_left	</identifier>
				<transform>
					<row0>	-1.0000 0.0000 0.0000 0.0000	</row0>
					<row1>	0.0000 1.0000 0.0000 0.0000	</row1>
					<row2>	0.0000 0.0000 -1.0000 0.0000	</row2>
					<row3>	-0.6907 0.0340 -0.6377 1.0000	</row3>
				</transform>
			</node>
			<node>
				<identifier>	HP_FX_Flood_water_right	</identifier>
				<transform>
					<row0>	1.0000 0.0000 0.0000 0.0000	</row0>
					<row1>	0.0000 1.0000 0.0000 0.0000	</row1>
					<row2>	0.0000 0.0000 1.0000 0.0000	</row2>
					<row3>	0.6897 0.0350 -0.6397 1.0000	</row3>
				</transform>
			</node>
			<node>
				<identifier>	HP_FX_RepairLight_right_1	</identifier>
				<transform>
					<row0>	-0.0048 0.0000 -1.0000 0.0000	</row0>
					<row1>	0.0684 0.9977 -0.0003 0.0000	</row1>
					<row2>	0.9976 -0.0684 -0.0048 0.0000	</row2>
					<row3>	0.6885 0.2497 -4.1064 1.0000	</row3>
				</transform>
			</node>
			<node>
				<identifier>	HP_Flagpole	</identifier>
				<transform>
					<row0>	-1.0000 0.0000 0.0000 0.0000	</row0>
					<row1>	0.0000 1.0000 0.0000 0.0000	</row1>
					<row2>	0.0000 0.0000 -1.0000 0.0000	</row2>
					<row3>	0.0000 2.1810 -2.9154 1.0000	</row3>
				</transform>
			</node>
			<node>
				<identifier>	HP_JC_1	</identifier>
				<transform>
					<row0>	0.7071 0.0000 0.7071 0.0000	</row0>
					<row1>	0.0000 1.0000 0.0000 0.0000	</row1>
					<row2>	-0.7071 0.0000 0.7071 0.0000	</row2>
					<row3>	-0.6825 0.4430 -2.0527 1.0000	</row3>
				</transform>
			</node>
			<node>
				<identifier>	HP_JC_2	</identifier>
				<transform>
					<row0>	0.7071 0.0000 -0.7071 0.0000	</row0>
					<row1>	0.0000 1.0000 0.0000 0.0000	</row1>
					<row2>	0.7071 0.0000 0.7071 0.0000	</row2>
					<row3>	0.6825 0.4430 -2.0527 1.0000	</row3>
				</transform>
			</node>
			<node>
				<identifier>	HP_JD_10	</identifier>
				<transform>
					<row0>	-1.0000 0.0000 0.0000 0.0000	</row0>
					<row1>	0.0000 1.0000 0.0000 0.0000	</row1>
					<row2>	0.0000 0.0000 -1.0000 0.0000	</row2>
					<row3>	0.0000 0.7964 -0.7066 1.0000	</row3>
				</transform>
			</node>
			<node>
				<identifier>	HP_JD_11	</identifier>
				<transform>
					<row0>	-1.0000 0.0000 0.0000 0.0000	</row0>
					<row1>	0.0000 1.0000 0.0000 0.0000	</row1>
					<row2>	0.0000 0.0000 -1.0000 0.0000	</row2>
					<row3>	-0.0788 0.6790 -0.9249 1.0000	</row3>
				</transform>
			</node>
			<node>
				<identifier>	HP_JD_12	</identifier>
				<transform>
					<row0>	-1.0000 0.0000 0.0000 0.0000	</row0>
					<row1>	0.0000 1.0000 0.0000 0.0000	</row1>
					<row2>	0.0000 0.0000 -1.0000 0.0000	</row2>
					<row3>	0.0788 0.6790 -0.9249 1.0000	</row3>
				</transform>
			</node>
			<node>
				<identifier>	HP_JF_4	</identifier>
				<transform>
					<row0>	-1.0000 0.0000 0.0000 0.0000	</row0>
					<row1>	0.0000 1.0000 0.0000 0.0000	</row1>
					<row2>	0.0000 0.0000 -1.0000 0.0000	</row2>
					<row3>	0.0000 0.8722 -0.4657 1.0000	</row3>
				</transform>
			</node>
			<node>
				<identifier>	HP_JGA_13	</identifier>
				<transform>
					<row0>	0.0000 0.0000 1.0000 0.0000	</row0>
					<row1>	0.0000 1.0000 0.0000 0.0000	</row1>
					<row2>	-1.0000 0.0000 0.0000 0.0000	</row2>
					<row3>	-0.2696 0.7019 -0.1647 1.0000	</row3>
				</transform>
			</node>
			<node>
				<identifier>	HP_JGA_14	</identifier>
				<transform>
					<row0>	0.0000 0.0000 -1.0000 0.0000	</row0>
					<row1>	0.0000 1.0000 0.0000 0.0000	</row1>
					<row2>	1.0000 0.0000 0.0000 0.0000	</row2>
					<row3>	0.2696 0.7019 -0.1647 1.0000	</row3>
				</transform>
			</node>
			<node>
				<identifier>	HP_JGA_15	</identifier>
				<transform>
					<row0>	0.0000 0.0000 1.0000 0.0000	</row0>
					<row1>	0.0000 1.0000 0.0000 0.0000	</row1>
					<row2>	-1.0000 0.0000 0.0000 0.0000	</row2>
					<row3>	-0.3394 0.5600 -1.2689 1.0000	</row3>
				</transform>
			</node>
			<node>
				<identifier>	HP_JGA_16	</identifier>
				<transform>
					<row0>	0.0000 0.0000 -1.0000 0.0000	</row0>
					<row1>	0.0000 1.0000 0.0000 0.0000	</row1>
					<row2>	1.0000 0.0000 0.0000 0.0000	</row2>
					<row3>	0.3394 0.5600 -1.2689 1.0000	</row3>
				</transform>
			</node>
			<node>
				<identifier>	HP_JGA_17	</identifier>
				<transform>
					<row0>	0.0000 0.0000 1.0000 0.0000	</row0>
					<row1>	0.0000 1.0000 0.0000 0.0000	</row1>
					<row2>	-1.0000 0.0000 0.0000 0.0000	</row2>
					<row3>	-0.5090 0.4326 -3.1215 1.0000	</row3>
				</transform>
			</node>
			<node>
				<identifier>	HP_JGA_18	</identifier>
				<transform>
					<row0>	0.0000 0.0000 -1.0000 0.0000	</row0>
					<row1>	0.0000 1.0000 0.0000 0.0000	</row1>
					<row2>	1.0000 0.0000 0.0000 0.0000	</row2>
					<row3>	0.5090 0.4326 -3.1215 1.0000	</row3>
				</transform>
			</node>
			<node>
				<identifier>	HP_JGA_19	</identifier>
				<transform>
					<row0>	-0.5000 0.0000 0.8660 0.0000	</row0>
					<row1>	0.0000 1.0000 0.0000 0.0000	</row1>
					<row2>	-0.8660 0.0000 -0.5000 0.0000	</row2>
					<row3>	-0.5813 0.2670 -3.5965 1.0000	</row3>
				</transform>
			</node>
			<node>
				<identifier>	HP_JGA_20	</identifier>
				<transform>
					<row0>	-0.5000 0.0000 -0.8660 0.0000	</row0>
					<row1>	0.0000 1.0000 0.0000 0.0000	</row1>
					<row2>	0.8660 0.0000 -0.5000 0.0000	</row2>
					<row3>	0.5813 0.2670 -3.5965 1.0000	</row3>
				</transform>
			</node>
			<node>
				<identifier>	HP_JGA_21	</identifier>
				<transform>
					<row0>	-0.5000 0.0000 0.8660 0.0000	</row0>
					<row1>	0.0000 1.0000 0.0000 0.0000	</row1>
					<row2>	-0.8660 0.0000 -0.5000 0.0000	</row2>
					<row3>	-0.4566 0.2673 -3.8034 1.0000	</row3>
				</transform>
			</node>
			<node>
				<identifier>	HP_JGA_22	</identifier>
				<transform>
					<row0>	-0.5000 0.0000 -0.8660 0.0000	</row0>
					<row1>	0.0000 1.0000 0.0000 0.0000	</row1>
					<row2>	0.8660 0.0000 -0.5000 0.0000	</row2>
					<row3>	0.4566 0.2673 -3.8034 1.0000	</row3>
				</transform>
			</node>
			<node>
				<identifier>	HP_JGM_4	</identifier>
				<transform>
					<row0>	-1.0000 0.0000 0.0000 0.0000	</row0>
					<row1>	0.0000 1.0000 0.0000 0.0000	</row1>
					<row2>	0.0000 0.0000 -1.0000 0.0000	</row2>
					<row3>	0.0000 0.5032 -3.5827 1.0000	</row3>
				</transform>
			</node>
			<node>
				<identifier>	HP_JGS_3	</identifier>
				<transform>
					<row0>	0.0000 0.0000 1.0000 0.0000	</row0>
					<row1>	0.0000 1.0000 0.0000 0.0000	</row1>
					<row2>	-1.0000 0.0000 0.0000 0.0000	</row2>
					<row3>	-0.6011 0.4437 -0.5096 1.0000	</row3>
				</transform>
			</node>
			<node>
				<identifier>	HP_JGS_4	</identifier>
				<transform>
					<row0>	0.0000 0.0000 -1.0000 0.0000	</row0>
					<row1>	0.0000 1.0000 0.0000 0.0000	</row1>
					<row2>	1.0000 0.0000 0.0000 0.0000	</row2>
					<row3>	0.6011 0.4437 -0.5096 1.0000	</row3>
				</transform>
			</node>
			<node>
				<identifier>	HP_JGT_1	</identifier>
				<transform>
					<row0>	-1.0000 0.0000 0.0000 0.0000	</row0>
					<row1>	0.0000 1.0000 0.0000 0.0000	</row1>
					<row2>	0.0000 0.0000 -1.0000 0.0000	</row2>
					<row3>	-0.5317 0.2961 -0.9920 1.0000	</row3>
				</transform>
			</node>
			<node>
				<identifier>	HP_JGT_2	</identifier>
				<transform>
					<row0>	-1.0000 0.0000 0.0000 0.0000	</row0>
					<row1>	0.0000 1.0000 0.0000 0.0000	</row1>
					<row2>	0.0000 0.0000 -1.0000 0.0000	</row2>
					<row3>	0.5317 0.2961 -0.9920 1.0000	</row3>
				</transform>
			</node>
			<node>
				<identifier>	HP_JGT_3	</identifier>
				<transform>
					<row0>	-1.0000 0.0000 0.0000 0.0000	</row0>
					<row1>	0.0000 1.0000 0.0000 0.0000	</row1>
					<row2>	0.0000 0.0000 -1.0000 0.0000	</row2>
					<row3>	-0.5317 0.2961 -2.4522 1.0000	</row3>
				</transform>
			</node>
			<node>
				<identifier>	HP_JGT_4	</identifier>
				<transform>
					<row0>	-1.0000 0.0000 0.0000 0.0000	</row0>
					<row1>	0.0000 1.0000 0.0000 0.0000	</row1>
					<row2>	0.0000 0.0000 -1.0000 0.0000	</row2>
					<row3>	0.5317 0.2961 -2.4522 1.0000	</row3>
				</transform>
			</node>
			<node>
				<identifier>	HP_Ship_death_2	</identifier>
				<transform>
					<row0>	1.0000 0.0000 0.0000 0.0000	</row0>
					<row1>	0.0000 1.0000 0.0000 0.0000	</row1>
					<row2>	0.0000 0.0000 1.0000 0.0000	</row2>
					<row3>	0.0000 0.0000 0.0252 1.0000	</row3>
				</transform>
			</node>
			<node>
				<identifier>	HP_flag_nation	</identifier>
				<transform>
					<row0>	1.0000 0.0000 0.0000 0.0000	</row0>
					<row1>	0.0000 0.9906 -0.1371 0.0000	</row1>
					<row2>	0.0000 0.1371 0.9906 0.0000	</row2>
					<row3>	0.0000 1.8488 -3.0634 1.0000	</row3>
				</transform>
			</node>
			<node>
				<identifier>	HP_flag_rank	</identifier>
				<transform>
					<row0>	1.0000 0.0002 0.0000 0.0000	</row0>
					<row1>	-0.0002 0.9905 -0.1372 0.0000	</row1>
					<row2>	0.0000 0.1372 0.9905 0.0000	</row2>
					<row3>	-0.0008 1.6456 -3.0343 1.0000	</row3>
				</transform>
			</node>
			<node>
				<identifier>	MP_CM011_Fire_Fighting_Gear	</identifier>
				<transform>
					<row0>	0.0000 0.0000 1.0000 0.0000	</row0>
					<row1>	0.0000 1.0000 0.0000 0.0000	</row1>
					<row2>	-1.0000 0.0000 0.0000 0.0000	</row2>
					<row3>	0.1490 0.2601 -1.2475 1.0000	</row3>
				</transform>
			</node>
			<node>
				<identifier>	MP_CM011_Fire_Fighting_Gear_INDEX_1	</identifier>
				<transform>
					<row0>	1.0000 0.0000 0.0000 0.0000	</row0>
					<row1>	0.0000 1.0000 0.0000 0.0000	</row1>
					<row2>	0.0000 0.0000 1.0000 0.0000	</row2>
					<row3>	-0.5538 0.2668 -3.3436 1.0000	</row3>
				</transform>
			</node>
			<node>
				<identifier>	MP_CM011_Fire_Fighting_Gear_INDEX_2	</identifier>
				<transform>
					<row0>	-1.0000 0.0000 0.0000 0.0000	</row0>
					<row1>	0.0000 1.0000 0.0000 0.0000	</row1>
					<row2>	0.0000 0.0000 -1.0000 0.0000	</row2>
					<row3>	-0.0796 0.2668 -2.4329 1.0000	</row3>
				</transform>
			</node>
			<node>
				<identifier>	MP_CM011_Fire_Fighting_Gear_INDEX_3	</identifier>
				<transform>
					<row0>	-1.0000 0.0000 0.0000 0.0000	</row0>
					<row1>	0.0000 1.0000 0.0000 0.0000	</row1>
					<row2>	0.0000 0.0000 -1.0000 0.0000	</row2>
					<row3>	-0.3006 0.4395 -1.0946 1.0000	</row3>
				</transform>
			</node>
			<node>
				<identifier>	MP_CM011_Fire_Fighting_Gear_INDEX_4	</identifier>
				<transform>
					<row0>	1.0000 0.0000 0.0000 0.0000	</row0>
					<row1>	0.0000 1.0000 0.0000 0.0000	</row1>
					<row2>	0.0000 0.0000 1.0000 0.0000	</row2>
					<row3>	0.5958 0.2668 -3.2720 1.0000	</row3>
				</transform>
			</node>
			<node>
				<identifier>	MP_CM011_Fire_Fighting_Gear_INDEX_5	</identifier>
				<transform>
					<row0>	0.0000 0.0000 -1.0000 0.0000	</row0>
					<row1>	0.0000 1.0000 0.0000 0.0000	</row1>
					<row2>	1.0000 0.0000 0.0000 0.0000	</row2>
					<row3>	-0.1490 0.2601 -1.2475 1.0000	</row3>
				</transform>
			</node>
			<node>
				<identifier>	MP_CM011_Fire_Fighting_Gear_INDEX_6	</identifier>
				<transform>
					<row0>	1.0000 0.0000 0.0000 0.0000	</row0>
					<row1>	0.0000 1.0000 0.0000 0.0000	</row1>
					<row2>	0.0000 0.0000 1.0000 0.0000	</row2>
					<row3>	-0.0341 0.2668 -3.8713 1.0000	</row3>
				</transform>
			</node>
			<node>
				<identifier>	MP_CM012_Fire_Hose_Rack_1	</identifier>
				<transform>
					<row0>	0.0000 0.0000 -1.0000 0.0000	</row0>
					<row1>	0.0000 1.0000 0.0000 0.0000	</row1>
					<row2>	1.0000 0.0000 0.0000 0.0000	</row2>
					<row3>	-0.0787 0.3368 -2.4402 1.0000	</row3>
				</transform>
			</node>
			<node>
				<identifier>	MP_CM012_Fire_Hose_Rack_1_INDEX_1	</identifier>
				<transform>
					<row0>	0.9974 0.0000 0.0723 0.0000	</row0>
					<row1>	0.0000 1.0000 0.0000 0.0000	</row1>
					<row2>	-0.0723 0.0000 0.9974 0.0000	</row2>
					<row3>	-0.1175 0.5269 -0.9409 1.0000	</row3>
				</transform>
			</node>
			<node>
				<identifier>	MP_CM012_Fire_Hose_Rack_1_INDEX_2	</identifier>
				<transform>
					<row0>	0.0871 0.0000 0.9962 0.0000	</row0>
					<row1>	0.0000 1.0000 0.0000 0.0000	</row1>
					<row2>	-0.9962 0.0000 0.0871 0.0000	</row2>
					<row3>	-0.0260 0.3418 -3.8449 1.0000	</row3>
				</transform>
			</node>
			<node>
				<identifier>	MP_CM012_Fire_Hose_Rack_1_INDEX_3	</identifier>
				<transform>
					<row0>	0.8173 0.0000 0.5762 0.0000	</row0>
					<row1>	0.0000 1.0000 0.0000 0.0000	</row1>
					<row2>	-0.5762 0.0000 0.8173 0.0000	</row2>
					<row3>	-0.5370 0.3407 -3.3353 1.0000	</row3>
				</transform>
			</node>
			<node>
				<identifier>	MP_CM012_Fire_Hose_Rack_1_INDEX_4	</identifier>
				<transform>
					<row0>	-0.7781 0.0000 -0.6281 0.0000	</row0>
					<row1>	0.0000 1.0000 0.0000 0.0000	</row1>
					<row2>	0.6281 0.0000 -0.7781 0.0000	</row2>
					<row3>	0.1520 0.3440 -1.2783 1.0000	</row3>
				</transform>
			</node>
			<node>
				<identifier>	MP_CM012_Fire_Hose_Rack_1_INDEX_5	</identifier>
				<transform>
					<row0>	-0.8173 0.0000 0.5762 0.0000	</row0>
					<row1>	0.0000 1.0000 0.0000 0.0000	</row1>
					<row2>	-0.5762 0.0000 -0.8173 0.0000	</row2>
					<row3>	0.5612 0.3368 -3.3010 1.0000	</row3>
				</transform>
			</node>
			<node>
				<identifier>	MP_CM012_Fire_Hose_Rack_1_INDEX_6	</identifier>
				<transform>
					<row0>	0.7781 0.0000 -0.6281 0.0000	</row0>
					<row1>	0.0000 1.0000 0.0000 0.0000	</row1>
					<row2>	0.6281 0.0000 0.7781 0.0000	</row2>
					<row3>	-0.1520 0.3440 -1.2783 1.0000	</row3>
				</transform>
			</node>
			<node>
				<identifier>	MP_CM019_Wood_Box_2	</identifier>
				<transform>
					<row0>	0.0000 0.0000 -1.0000 0.0000	</row0>
					<row1>	0.0000 1.0000 0.0000 0.0000	</row1>
					<row2>	1.0000 0.0000 0.0000 0.0000	</row2>
					<row3>	-0.0822 0.5947 -0.1915 1.0000	</row3>
				</transform>
			</node>
			<node>
				<identifier>	MP_CM019_Wood_Box_2_INDEX_1	</identifier>
				<transform>
					<row0>	0.0000 0.0000 -1.0000 0.0000	</row0>
					<row1>	0.0000 1.0000 0.0000 0.0000	</row1>
					<row2>	1.0000 0.0000 0.0000 0.0000	</row2>
					<row3>	-0.0822 0.5947 -0.1594 1.0000	</row3>
				</transform>
			</node>
			<node>
				<identifier>	MP_CM019_Wood_Box_2_INDEX_2	</identifier>
				<transform>
					<row0>	0.0000 0.0000 1.0000 0.0000	</row0>
					<row1>	0.0000 1.0000 0.0000 0.0000	</row1>
					<row2>	-1.0000 0.0000 0.0000 0.0000	</row2>
					<row3>	0.0822 0.5947 -0.1915 1.0000	</row3>
				</transform>
			</node>
			<node>
				<identifier>	MP_CM019_Wood_Box_2_INDEX_3	</identifier>
				<transform>
					<row0>	0.0000 0.0000 1.0000 0.0000	</row0>
					<row1>	0.0000 1.0000 0.0000 0.0000	</row1>
					<row2>	-1.0000 0.0000 0.0000 0.0000	</row2>
					<row3>	0.0822 0.5947 -0.1594 1.0000	</row3>
				</transform>
			</node>
			<node>
				<identifier>	MP_CM029_Emergency_Box	</identifier>
				<transform>
					<row0>	0.5700 0.0000 -0.8217 0.0000	</row0>
					<row1>	0.0000 1.0000 0.0000 0.0000	</row1>
					<row2>	0.8217 0.0000 0.5700 0.0000	</row2>
					<row3>	-0.3851 0.3423 -3.5630 1.0000	</row3>
				</transform>
			</node>
			<node>
				<identifier>	MP_CM029_Emergency_Box_INDEX_1	</identifier>
				<transform>
					<row0>	0.5700 0.0000 0.8217 0.0000	</row0>
					<row1>	0.0000 1.0000 0.0000 0.0000	</row1>
					<row2>	-0.8217 0.0000 0.5700 0.0000	</row2>
					<row3>	0.3851 0.3423 -3.5630 1.0000	</row3>
				</transform>
			</node>
			<node>
				<identifier>	MP_CM029_Emergency_Box_INDEX_2	</identifier>
				<transform>
					<row0>	0.0000 0.0000 1.0000 0.0000	</row0>
					<row1>	0.0000 1.0000 0.0000 0.0000	</row1>
					<row2>	-1.0000 0.0000 0.0000 0.0000	</row2>
					<row3>	0.1719 0.3407 -0.7712 1.0000	</row3>
				</transform>
			</node>
			<node>
				<identifier>	MP_CM029_Emergency_Box_INDEX_3	</identifier>
				<transform>
					<row0>	0.0000 0.0000 -1.0000 0.0000	</row0>
					<row1>	0.0000 1.0000 0.0000 0.0000	</row1>
					<row2>	1.0000 0.0000 0.0000 0.0000	</row2>
					<row3>	-0.1719 0.3407 -0.7712 1.0000	</row3>
				</transform>
			</node>
			<node>
				<identifier>	MP_CM029_Emergency_Box_INDEX_4	</identifier>
				<transform>
					<row0>	-1.0000 0.0000 0.0000 0.0000	</row0>
					<row1>	0.0000 1.0000 0.0000 0.0000	</row1>
					<row2>	0.0000 0.0000 -1.0000 0.0000	</row2>
					<row3>	0.0591 0.3407 -2.4343 1.0000	</row3>
				</transform>
			</node>
			<node>
				<identifier>	MP_CM029_Emergency_Box_INDEX_5	</identifier>
				<transform>
					<row0>	0.0516 0.0000 -0.9987 0.0000	</row0>
					<row1>	0.0000 1.0000 0.0000 0.0000	</row1>
					<row2>	0.9987 0.0000 0.0516 0.0000	</row2>
					<row3>	-0.1351 0.5158 -0.7324 1.0000	</row3>
				</transform>
			</node>
			<node>
				<identifier>	MP_CM029_Emergency_Box_INDEX_6	</identifier>
				<transform>
					<row0>	0.0516 0.0000 0.9987 0.0000	</row0>
					<row1>	0.0000 1.0000 0.0000 0.0000	</row1>
					<row2>	-0.9987 0.0000 0.0516 0.0000	</row2>
					<row3>	0.1351 0.5158 -0.7324 1.0000	</row3>
				</transform>
			</node>
			<node>
				<identifier>	MP_JM010_Deck_Lamp	</identifier>
				<transform>
					<row0>	0.0000 0.0000 -1.0000 0.0000	</row0>
					<row1>	0.0000 1.0000 0.0000 0.0000	</row1>
					<row2>	1.0000 0.0000 0.0000 0.0000	</row2>
					<row3>	0.0487 1.1503 -2.8676 1.0000	</row3>
				</transform>
			</node>
			<node>
				<identifier>	MP_JM010_Deck_Lamp_INDEX_1	</identifier>
				<transform>
					<row0>	0.0000 0.0000 1.0000 0.0000	</row0>
					<row1>	0.0000 1.0000 0.0000 0.0000	</row1>
					<row2>	-1.0000 0.0000 0.0000 0.0000	</row2>
					<row3>	-0.0487 1.1503 -2.8676 1.0000	</row3>
				</transform>
			</node>
			<node>
				<identifier>	MP_JM011_Day_Light	</identifier>
				<transform>
					<row0>	1.0000 0.0000 0.0000 0.0000	</row0>
					<row1>	0.0000 1.0000 0.0000 0.0000	</row1>
					<row2>	0.0000 0.0000 1.0000 0.0000	</row2>
					<row3>	-0.1238 1.5405 -2.8914 1.0000	</row3>
				</transform>
			</node>
			<node>
				<identifier>	MP_JM013_Reels_1	</identifier>
				<transform>
					<row0>	0.7664 0.0000 -0.6424 0.0000	</row0>
					<row1>	0.0000 1.0000 0.0000 0.0000	</row1>
					<row2>	0.6424 0.0000 0.7664 0.0000	</row2>
					<row3>	0.2402 0.2648 -3.7847 1.0000	</row3>
				</transform>
			</node>
			<node>
				<identifier>	MP_JM018_Ventilators_2	</identifier>
				<transform>
					<row0>	-1.0000 0.0000 0.0000 0.0000	</row0>
					<row1>	0.0000 1.0000 0.0000 0.0000	</row1>
					<row2>	0.0000 0.0000 -1.0000 0.0000	</row2>
					<row3>	-0.2229 0.4334 -3.1949 1.0000	</row3>
				</transform>
			</node>
			<node>
				<identifier>	MP_JM018_Ventilators_2_INDEX_1	</identifier>
				<transform>
					<row0>	-0.7682 0.0000 0.6402 0.0000	</row0>
					<row1>	0.0000 1.0000 0.0000 0.0000	</row1>
					<row2>	-0.6402 0.0000 -0.7682 0.0000	</row2>
					<row3>	0.0247 0.2655 -4.0548 1.0000	</row3>
				</transform>
			</node>
			<node>
				<identifier>	MP_JM019_Ventilators_3	</identifier>
				<transform>
					<row0>	-1.0000 0.0000 -0.0071 0.0000	</row0>
					<row1>	0.0000 1.0000 0.0000 0.0000	</row1>
					<row2>	0.0071 0.0000 -1.0000 0.0000	</row2>
					<row3>	0.2146 0.4334 -3.1398 1.0000	</row3>
				</transform>
			</node>
			<node>
				<identifier>	MP_JM019_Ventilators_3_INDEX_1	</identifier>
				<transform>
					<row0>	-0.8671 0.0000 -0.4982 0.0000	</row0>
					<row1>	0.0000 1.0000 0.0000 0.0000	</row1>
					<row2>	0.4982 0.0000 -0.8671 0.0000	</row2>
					<row3>	-0.2124 0.4334 -3.1367 1.0000	</row3>
				</transform>
			</node>
			<node>
				<identifier>	MP_JM019_Ventilators_3_INDEX_10	</identifier>
				<transform>
					<row0>	0.9709 0.0000 0.2395 0.0000	</row0>
					<row1>	0.0000 1.0000 0.0000 0.0000	</row1>
					<row2>	-0.2395 0.0000 0.9709 0.0000	</row2>
					<row3>	-0.2594 0.4334 -1.0809 1.0000	</row3>
				</transform>
			</node>
			<node>
				<identifier>	MP_JM019_Ventilators_3_INDEX_11	</identifier>
				<transform>
					<row0>	-1.0000 0.0000 -0.0071 0.0000	</row0>
					<row1>	0.0000 1.0000 0.0000 0.0000	</row1>
					<row2>	0.0071 0.0000 -1.0000 0.0000	</row2>
					<row3>	0.0769 0.4334 -2.9589 1.0000	</row3>
				</transform>
			</node>
			<node>
				<identifier>	MP_JM019_Ventilators_3_INDEX_12	</identifier>
				<transform>
					<row0>	-0.7901 0.0000 -0.6129 0.0000	</row0>
					<row1>	0.0000 1.0000 0.0000 0.0000	</row1>
					<row2>	0.6129 0.0000 -0.7901 0.0000	</row2>
					<row3>	-0.1606 0.4334 -0.9418 1.0000	</row3>
				</transform>
			</node>
			<node>
				<identifier>	MP_JM019_Ventilators_3_INDEX_13	</identifier>
				<transform>
					<row0>	-0.6457 0.0000 -0.7636 0.0000	</row0>
					<row1>	0.0000 1.0000 0.0000 0.0000	</row1>
					<row2>	0.7636 0.0000 -0.6457 0.0000	</row2>
					<row3>	0.1677 0.4334 -3.2899 1.0000	</row3>
				</transform>
			</node>
			<node>
				<identifier>	MP_JM019_Ventilators_3_INDEX_14	</identifier>
				<transform>
					<row0>	1.0000 0.0000 0.0000 0.0000	</row0>
					<row1>	0.0000 1.0000 0.0000 0.0000	</row1>
					<row2>	0.0000 0.0000 1.0000 0.0000	</row2>
					<row3>	0.6464 0.4334 -0.9139 1.0000	</row3>
				</transform>
			</node>
			<node>
				<identifier>	MP_JM019_Ventilators_3_INDEX_15	</identifier>
				<transform>
					<row0>	0.8660 0.0000 0.5000 0.0000	</row0>
					<row1>	0.0000 1.0000 0.0000 0.0000	</row1>
					<row2>	-0.5000 0.0000 0.8660 0.0000	</row2>
					<row3>	-0.5209 0.4334 -2.9523 1.0000	</row3>
				</transform>
			</node>
			<node>
				<identifier>	MP_JM019_Ventilators_3_INDEX_16	</identifier>
				<transform>
					<row0>	-1.0000 0.0000 -0.0071 0.0000	</row0>
					<row1>	0.0000 1.0000 0.0000 0.0000	</row1>
					<row2>	0.0071 0.0000 -1.0000 0.0000	</row2>
					<row3>	-0.0955 0.2655 -3.8701 1.0000	</row3>
				</transform>
			</node>
			<node>
				<identifier>	MP_JM019_Ventilators_3_INDEX_17	</identifier>
				<transform>
					<row0>	1.0000 0.0000 0.0000 0.0000	</row0>
					<row1>	0.0000 1.0000 0.0000 0.0000	</row1>
					<row2>	0.0000 0.0000 1.0000 0.0000	</row2>
					<row3>	0.0255 0.4334 -2.2387 1.0000	</row3>
				</transform>
			</node>
			<node>
				<identifier>	MP_JM019_Ventilators_3_INDEX_18	</identifier>
				<transform>
					<row0>	-0.8480 0.0000 0.5300 0.0000	</row0>
					<row1>	0.0000 1.0000 0.0000 0.0000	</row1>
					<row2>	-0.5300 0.0000 -0.8480 0.0000	</row2>
					<row3>	-0.2157 0.4334 -3.2871 1.0000	</row3>
				</transform>
			</node>
			<node>
				<identifier>	MP_JM019_Ventilators_3_INDEX_19	</identifier>
				<transform>
					<row0>	-1.0000 0.0000 -0.0071 0.0000	</row0>
					<row1>	0.0000 1.0000 0.0000 0.0000	</row1>
					<row2>	0.0071 0.0000 -1.0000 0.0000	</row2>
					<row3>	-0.1695 0.4334 -3.2942 1.0000	</row3>
				</transform>
			</node>
			<node>
				<identifier>	MP_JM019_Ventilators_3_INDEX_2	</identifier>
				<transform>
					<row0>	0.5670 0.0000 -0.8237 0.0000	</row0>
					<row1>	0.0000 1.0000 0.0000 0.0000	</row1>
					<row2>	0.8237 0.0000 0.5670 0.0000	</row2>
					<row3>	0.1556 0.4334 -0.9210 1.0000	</row3>
				</transform>
			</node>
			<node>
				<identifier>	MP_JM019_Ventilators_3_INDEX_3	</identifier>
				<transform>
					<row0>	-0.7901 0.0000 -0.6129 0.0000	</row0>
					<row1>	0.0000 1.0000 0.0000 0.0000	</row1>
					<row2>	0.6129 0.0000 -0.7901 0.0000	</row2>
					<row3>	-0.1594 0.4334 -0.9058 1.0000	</row3>
				</transform>
			</node>
			<node>
				<identifier>	MP_JM019_Ventilators_3_INDEX_4	</identifier>
				<transform>
					<row0>	-0.6162 0.0000 0.7876 0.0000	</row0>
					<row1>	0.0000 1.0000 0.0000 0.0000	</row1>
					<row2>	-0.7876 0.0000 -0.6162 0.0000	</row2>
					<row3>	0.0157 0.2655 -4.0123 1.0000	</row3>
				</transform>
			</node>
			<node>
				<identifier>	MP_JM019_Ventilators_3_INDEX_5	</identifier>
				<transform>
					<row0>	1.0000 0.0000 0.0000 0.0000	</row0>
					<row1>	0.0000 1.0000 0.0000 0.0000	</row1>
					<row2>	0.0000 0.0000 1.0000 0.0000	</row2>
					<row3>	-0.6525 0.4334 -0.8515 1.0000	</row3>
				</transform>
			</node>
			<node>
				<identifier>	MP_JM019_Ventilators_3_INDEX_6	</identifier>
				<transform>
					<row0>	1.0000 0.0000 0.0000 0.0000	</row0>
					<row1>	0.0000 1.0000 0.0000 0.0000	</row1>
					<row2>	0.0000 0.0000 1.0000 0.0000	</row2>
					<row3>	-0.2223 0.4334 -3.1009 1.0000	</row3>
				</transform>
			</node>
			<node>
				<identifier>	MP_JM019_Ventilators_3_INDEX_7	</identifier>
				<transform>
					<row0>	-0.6457 0.0000 -0.7636 0.0000	</row0>
					<row1>	0.0000 1.0000 0.0000 0.0000	</row1>
					<row2>	0.7636 0.0000 -0.6457 0.0000	</row2>
					<row3>	0.1911 0.4334 -3.2520 1.0000	</row3>
				</transform>
			</node>
			<node>
				<identifier>	MP_JM019_Ventilators_3_INDEX_8	</identifier>
				<transform>
					<row0>	0.6945 0.0000 -0.7195 0.0000	</row0>
					<row1>	0.0000 1.0000 0.0000 0.0000	</row1>
					<row2>	0.7195 0.0000 0.6945 0.0000	</row2>
					<row3>	0.1552 0.4334 -0.8820 1.0000	</row3>
				</transform>
			</node>
			<node>
				<identifier>	MP_JM019_Ventilators_3_INDEX_9	</identifier>
				<transform>
					<row0>	1.0000 0.0000 0.0000 0.0000	</row0>
					<row1>	0.0000 1.0000 0.0000 0.0000	</row1>
					<row2>	0.0000 0.0000 1.0000 0.0000	</row2>
					<row3>	-0.0259 0.2655 -4.0073 1.0000	</row3>
				</transform>
			</node>
			<node>
				<identifier>	MP_JM023_Ventilators_7	</identifier>
				<transform>
					<row0>	0.4643 0.0000 0.8857 0.0000	</row0>
					<row1>	0.0000 1.0000 0.0000 0.0000	</row1>
					<row2>	-0.8857 0.0000 0.4643 0.0000	</row2>
					<row3>	-0.1797 0.2655 -3.8240 1.0000	</row3>
				</transform>
			</node>
			<node>
				<identifier>	MP_JM028_Deck_Winch_1	</identifier>
				<transform>
					<row0>	0.8447 0.0000 0.5352 0.0000	</row0>
					<row1>	0.0000 1.0000 0.0000 0.0000	</row1>
					<row2>	-0.5352 0.0000 0.8447 0.0000	</row2>
					<row3>	-0.5622 0.2679 -3.4299 1.0000	</row3>
				</transform>
			</node>
			<node>
				<identifier>	MP_JM028_Deck_Winch_1_INDEX_1	</identifier>
				<transform>
					<row0>	0.0000 0.0000 -0.6819 0.0000	</row0>
					<row1>	0.0000 0.6819 0.0000 0.0000	</row1>
					<row2>	0.6819 0.0000 0.0000 0.0000	</row2>
					<row3>	0.2836 0.2674 -3.1415 1.0000	</row3>
				</transform>
			</node>
			<node>
				<identifier>	MP_JM028_Deck_Winch_1_INDEX_2	</identifier>
				<transform>
					<row0>	0.8447 0.0000 -0.5352 0.0000	</row0>
					<row1>	0.0000 1.0000 0.0000 0.0000	</row1>
					<row2>	0.5352 0.0000 0.8447 0.0000	</row2>
					<row3>	0.5332 0.2679 -3.4127 1.0000	</row3>
				</transform>
			</node>
			<node>
				<identifier>	MP_JM028_Deck_Winch_1_INDEX_3	</identifier>
				<transform>
					<row0>	0.0000 0.0000 0.6819 0.0000	</row0>
					<row1>	0.0000 0.6819 0.0000 0.0000	</row1>
					<row2>	-0.6819 0.0000 0.0000 0.0000	</row2>
					<row3>	-0.2853 0.2674 -3.1415 1.0000	</row3>
				</transform>
			</node>
			<node>
				<identifier>	MP_JM032_Electric_Deck_Winch	</identifier>
				<transform>
					<row0>	0.0000 0.0000 -1.0000 0.0000	</row0>
					<row1>	0.0000 1.0000 0.0000 0.0000	</row1>
					<row2>	1.0000 0.0000 0.0000 0.0000	</row2>
					<row3>	-0.3216 0.2659 -4.0552 1.0000	</row3>
				</transform>
			</node>
			<node>
				<identifier>	MP_JM032_Electric_Deck_Winch_INDEX_1	</identifier>
				<transform>
					<row0>	0.0000 0.0000 1.0000 0.0000	</row0>
					<row1>	0.0000 1.0000 0.0000 0.0000	</row1>
					<row2>	-1.0000 0.0000 0.0000 0.0000	</row2>
					<row3>	0.2518 0.2651 -4.1003 1.0000	</row3>
				</transform>
			</node>
			<node>
				<identifier>	MP_JM036_Dinghy_8m	</identifier>
				<transform>
					<row0>	0.9891 0.0000 -0.1476 0.0000	</row0>
					<row1>	0.0000 1.0000 0.0000 0.0000	</row1>
					<row2>	0.1476 0.0000 0.9891 0.0000	</row2>
					<row3>	0.3068 0.4514 -1.8085 1.0000	</row3>
				</transform>
			</node>
			<node>
				<identifier>	MP_JM036_Dinghy_8m_INDEX_1	</identifier>
				<transform>
					<row0>	0.9891 0.0000 0.1476 0.0000	</row0>
					<row1>	0.0000 1.0000 0.0000 0.0000	</row1>
					<row2>	-0.1476 0.0000 0.9891 0.0000	</row2>
					<row3>	-0.3068 0.4514 -1.8085 1.0000	</row3>
				</transform>
			</node>
			<node>
				<identifier>	MP_JM039_Motor_Launch_12m	</identifier>
				<transform>
					<row0>	0.0221 0.0000 0.9998 0.0000	</row0>
					<row1>	0.0000 1.0000 0.0000 0.0000	</row1>
					<row2>	-0.9998 0.0000 0.0221 0.0000	</row2>
					<row3>	0.1069 0.4510 -1.7839 1.0000	</row3>
				</transform>
			</node>
			<node>
				<identifier>	MP_JM039_Motor_Launch_12m_INDEX_1	</identifier>
				<transform>
					<row0>	-0.0221 0.0000 0.9998 0.0000	</row0>
					<row1>	0.0000 1.0000 0.0000 0.0000	</row1>
					<row2>	-0.9998 0.0000 -0.0221 0.0000	</row2>
					<row3>	-0.1069 0.4510 -1.7839 1.0000	</row3>
				</transform>
			</node>
			<node>
				<identifier>	MP_JM055_Deck_Hatch_4	</identifier>
				<transform>
					<row0>	0.0000 0.0000 0.5173 0.0000	</row0>
					<row1>	0.0000 0.5173 0.0000 0.0000	</row1>
					<row2>	-0.5173 0.0000 0.0000 0.0000	</row2>
					<row3>	-0.3874 0.2663 -3.9939 1.0000	</row3>
				</transform>
			</node>
			<node>
				<identifier>	MP_JM055_Deck_Hatch_4_INDEX_1	</identifier>
				<transform>
					<row0>	0.0000 0.0000 -0.5173 0.0000	</row0>
					<row1>	0.0000 0.5173 0.0000 0.0000	</row1>
					<row2>	0.5173 0.0000 0.0000 0.0000	</row2>
					<row3>	-0.4000 0.2663 -3.6402 1.0000	</row3>
				</transform>
			</node>
			<node>
				<identifier>	MP_JM055_Deck_Hatch_4_INDEX_10	</identifier>
				<transform>
					<row0>	0.0000 0.0000 0.5173 0.0000	</row0>
					<row1>	0.0000 0.5173 0.0000 0.0000	</row1>
					<row2>	-0.5173 0.0000 0.0000 0.0000	</row2>
					<row3>	0.4000 0.2661 -3.6387 1.0000	</row3>
				</transform>
			</node>
			<node>
				<identifier>	MP_JM055_Deck_Hatch_4_INDEX_11	</identifier>
				<transform>
					<row0>	0.0000 0.0000 0.5173 0.0000	</row0>
					<row1>	0.0000 0.5173 0.0000 0.0000	</row1>
					<row2>	-0.5173 0.0000 0.0000 0.0000	</row2>
					<row3>	0.3865 0.2663 -4.0486 1.0000	</row3>
				</transform>
			</node>
			<node>
				<identifier>	MP_JM055_Deck_Hatch_4_INDEX_12	</identifier>
				<transform>
					<row0>	0.0000 0.0000 -0.5173 0.0000	</row0>
					<row1>	0.0000 0.5173 0.0000 0.0000	</row1>
					<row2>	0.5173 0.0000 0.0000 0.0000	</row2>
					<row3>	0.1833 0.4333 -0.4692 1.0000	</row3>
				</transform>
			</node>
			<node>
				<identifier>	MP_JM055_Deck_Hatch_4_INDEX_13	</identifier>
				<transform>
					<row0>	0.0000 0.0000 0.5173 0.0000	</row0>
					<row1>	0.0000 0.5173 0.0000 0.0000	</row1>
					<row2>	-0.5173 0.0000 0.0000 0.0000	</row2>
					<row3>	-0.1833 0.4333 -0.4692 1.0000	</row3>
				</transform>
			</node>
			<node>
				<identifier>	MP_JM055_Deck_Hatch_4_INDEX_14	</identifier>
				<transform>
					<row0>	0.0000 0.0000 0.5173 0.0000	</row0>
					<row1>	0.0000 0.5173 0.0000 0.0000	</row1>
					<row2>	-0.5173 0.0000 0.0000 0.0000	</row2>
					<row3>	-0.0670 0.4333 -2.2399 1.0000	</row3>
				</transform>
			</node>
			<node>
				<identifier>	MP_JM055_Deck_Hatch_4_INDEX_2	</identifier>
				<transform>
					<row0>	0.0000 0.0000 0.5173 0.0000	</row0>
					<row1>	0.0000 0.5173 0.0000 0.0000	</row1>
					<row2>	-0.5173 0.0000 0.0000 0.0000	</row2>
					<row3>	-0.0733 0.4333 -3.2486 1.0000	</row3>
				</transform>
			</node>
			<node>
				<identifier>	MP_JM055_Deck_Hatch_4_INDEX_3	</identifier>
				<transform>
					<row0>	-0.5173 0.0000 0.0000 0.0000	</row0>
					<row1>	0.0000 0.5173 0.0000 0.0000	</row1>
					<row2>	0.0000 0.0000 -0.5173 0.0000	</row2>
					<row3>	-0.0454 0.4333 -1.0710 1.0000	</row3>
				</transform>
			</node>
			<node>
				<identifier>	MP_JM055_Deck_Hatch_4_INDEX_4	</identifier>
				<transform>
					<row0>	-0.5173 0.0000 0.0000 0.0000	</row0>
					<row1>	0.0000 0.5173 0.0000 0.0000	</row1>
					<row2>	0.0000 0.0000 -0.5173 0.0000	</row2>
					<row3>	0.0454 0.4333 -1.0710 1.0000	</row3>
				</transform>
			</node>
			<node>
				<identifier>	MP_JM055_Deck_Hatch_4_INDEX_5	</identifier>
				<transform>
					<row0>	0.0000 0.0000 0.5173 0.0000	</row0>
					<row1>	0.0000 0.5173 0.0000 0.0000	</row1>
					<row2>	-0.5173 0.0000 0.0000 0.0000	</row2>
					<row3>	-0.3147 0.4333 -2.9473 1.0000	</row3>
				</transform>
			</node>
			<node>
				<identifier>	MP_JM055_Deck_Hatch_4_INDEX_6	</identifier>
				<transform>
					<row0>	0.0000 0.0000 -0.5173 0.0000	</row0>
					<row1>	0.0000 0.5173 0.0000 0.0000	</row1>
					<row2>	0.5173 0.0000 0.0000 0.0000	</row2>
					<row3>	0.0670 0.4333 -2.2399 1.0000	</row3>
				</transform>
			</node>
			<node>
				<identifier>	MP_JM055_Deck_Hatch_4_INDEX_7	</identifier>
				<transform>
					<row0>	0.0000 0.0000 -0.5173 0.0000	</row0>
					<row1>	0.0000 0.5173 0.0000 0.0000	</row1>
					<row2>	0.5173 0.0000 0.0000 0.0000	</row2>
					<row3>	0.1189 0.4333 -2.9473 1.0000	</row3>
				</transform>
			</node>
			<node>
				<identifier>	MP_JM055_Deck_Hatch_4_INDEX_8	</identifier>
				<transform>
					<row0>	0.0000 0.0000 -0.5173 0.0000	</row0>
					<row1>	0.0000 0.5173 0.0000 0.0000	</row1>
					<row2>	0.5173 0.0000 0.0000 0.0000	</row2>
					<row3>	0.0733 0.4333 -3.2486 1.0000	</row3>
				</transform>
			</node>
			<node>
				<identifier>	MP_JM055_Deck_Hatch_4_INDEX_9	</identifier>
				<transform>
					<row0>	0.0000 0.0000 0.5173 0.0000	</row0>
					<row1>	0.0000 0.5173 0.0000 0.0000	</row1>
					<row2>	-0.5173 0.0000 0.0000 0.0000	</row2>
					<row3>	-0.1189 0.4333 -2.9473 1.0000	</row3>
				</transform>
			</node>
			<node>
				<identifier>	MP_JM058_Deck_Hatch_7	</identifier>
				<transform>
					<row0>	0.0000 0.0000 -1.2499 0.0000	</row0>
					<row1>	0.0000 1.2499 0.0000 0.0000	</row1>
					<row2>	1.2499 0.0000 0.0000 0.0000	</row2>
					<row3>	0.6543 0.4345 -0.8225 1.0000	</row3>
				</transform>
			</node>
			<node>
				<identifier>	MP_JM058_Deck_Hatch_7_INDEX_1	</identifier>
				<transform>
					<row0>	0.8331 0.0000 0.5532 0.0000	</row0>
					<row1>	0.0000 1.0000 0.0000 0.0000	</row1>
					<row2>	-0.5532 0.0000 0.8331 0.0000	</row2>
					<row3>	0.2080 0.7032 -0.0400 1.0000	</row3>
				</transform>
			</node>
			<node>
				<identifier>	MP_JM058_Deck_Hatch_7_INDEX_10	</identifier>
				<transform>
					<row0>	1.0000 0.0000 0.0000 0.0000	</row0>
					<row1>	0.0000 1.0000 0.0000 0.0000	</row1>
					<row2>	0.0000 0.0000 1.0000 0.0000	</row2>
					<row3>	0.1929 0.5140 -1.1172 1.0000	</row3>
				</transform>
			</node>
			<node>
				<identifier>	MP_JM058_Deck_Hatch_7_INDEX_11	</identifier>
				<transform>
					<row0>	1.0000 0.0000 0.0000 0.0000	</row0>
					<row1>	0.0000 1.0000 0.0000 0.0000	</row1>
					<row2>	0.0000 0.0000 1.0000 0.0000	</row2>
					<row3>	0.1319 0.5140 -1.1172 1.0000	</row3>
				</transform>
			</node>
			<node>
				<identifier>	MP_JM058_Deck_Hatch_7_INDEX_2	</identifier>
				<transform>
					<row0>	0.8331 0.0000 0.5532 0.0000	</row0>
					<row1>	0.0000 1.0000 0.0000 0.0000	</row1>
					<row2>	-0.5532 0.0000 0.8331 0.0000	</row2>
					<row3>	0.1585 0.7032 -0.0734 1.0000	</row3>
				</transform>
			</node>
			<node>
				<identifier>	MP_JM058_Deck_Hatch_7_INDEX_3	</identifier>
				<transform>
					<row0>	-1.2499 0.0000 0.0000 0.0000	</row0>
					<row1>	0.0000 1.2499 0.0000 0.0000	</row1>
					<row2>	0.0000 0.0000 -1.2499 0.0000	</row2>
					<row3>	0.2340 0.4345 -0.0135 1.0000	</row3>
				</transform>
			</node>
			<node>
				<identifier>	MP_JM058_Deck_Hatch_7_INDEX_4	</identifier>
				<transform>
					<row0>	0.8331 0.0000 -0.5532 0.0000	</row0>
					<row1>	0.0000 1.0000 0.0000 0.0000	</row1>
					<row2>	0.5532 0.0000 0.8331 0.0000	</row2>
					<row3>	-0.2080 0.7032 -0.0400 1.0000	</row3>
				</transform>
			</node>
			<node>
				<identifier>	MP_JM058_Deck_Hatch_7_INDEX_5	</identifier>
				<transform>
					<row0>	1.0000 0.0000 0.0000 0.0000	</row0>
					<row1>	0.0000 1.0000 0.0000 0.0000	</row1>
					<row2>	0.0000 0.0000 1.0000 0.0000	</row2>
					<row3>	-0.1319 0.5140 -1.1172 1.0000	</row3>
				</transform>
			</node>
			<node>
				<identifier>	MP_JM058_Deck_Hatch_7_INDEX_6	</identifier>
				<transform>
					<row0>	1.0000 0.0000 0.0000 0.0000	</row0>
					<row1>	0.0000 1.0000 0.0000 0.0000	</row1>
					<row2>	0.0000 0.0000 1.0000 0.0000	</row2>
					<row3>	-0.1929 0.5140 -1.1172 1.0000	</row3>
				</transform>
			</node>
			<node>
				<identifier>	MP_JM058_Deck_Hatch_7_INDEX_7	</identifier>
				<transform>
					<row0>	-1.2499 0.0000 0.0000 0.0000	</row0>
					<row1>	0.0000 1.2499 0.0000 0.0000	</row1>
					<row2>	0.0000 0.0000 -1.2499 0.0000	</row2>
					<row3>	-0.2340 0.4345 -0.0135 1.0000	</row3>
				</transform>
			</node>
			<node>
				<identifier>	MP_JM058_Deck_Hatch_7_INDEX_8	</identifier>
				<transform>
					<row0>	0.0000 0.0000 1.2499 0.0000	</row0>
					<row1>	0.0000 1.2499 0.0000 0.0000	</row1>
					<row2>	-1.2499 0.0000 0.0000 0.0000	</row2>
					<row3>	-0.6597 0.4345 -0.7793 1.0000	</row3>
				</transform>
			</node>
			<node>
				<identifier>	MP_JM058_Deck_Hatch_7_INDEX_9	</identifier>
				<transform>
					<row0>	0.8331 0.0000 -0.5532 0.0000	</row0>
					<row1>	0.0000 1.0000 0.0000 0.0000	</row1>
					<row2>	0.5532 0.0000 0.8331 0.0000	</row2>
					<row3>	-0.1585 0.7032 -0.0734 1.0000	</row3>
				</transform>
			</node>
			<node>
				<identifier>	MP_JM062_Deck_Hatch_11	</identifier>
				<transform>
					<row0>	-0.6830 0.0000 0.0000 0.0000	</row0>
					<row1>	0.0000 0.6830 0.0000 0.0000	</row1>
					<row2>	0.0000 0.0000 -0.6830 0.0000	</row2>
					<row3>	0.0735 0.2656 -4.0545 1.0000	</row3>
				</transform>
			</node>
			<node>
				<identifier>	MP_JM109_Deck_Hatch_11	</identifier>
				<transform>
					<row0>	0.0000 0.0000 1.0000 0.0000	</row0>
					<row1>	0.0000 1.0000 0.0000 0.0000	</row1>
					<row2>	-1.0000 0.0000 0.0000 0.0000	</row2>
					<row3>	0.1804 0.2675 -3.9106 1.0000	</row3>
				</transform>
			</node>
			<node>
				<identifier>	MP_JM109_Deck_Hatch_11_INDEX_1	</identifier>
				<transform>
					<row0>	0.0000 0.0000 1.0000 0.0000	</row0>
					<row1>	0.0000 1.0000 0.0000 0.0000	</row1>
					<row2>	-1.0000 0.0000 0.0000 0.0000	</row2>
					<row3>	-0.2524 0.2676 -4.1075 1.0000	</row3>
				</transform>
			</node>
			<node>
				<identifier>	MP_JM125_Signal_Lamp_3	</identifier>
				<transform>
					<row0>	1.0000 0.0000 0.0000 0.0000	</row0>
					<row1>	0.0000 1.0000 0.0000 0.0000	</row1>
					<row2>	0.0000 0.0000 1.0000 0.0000	</row2>
					<row3>	-0.2591 1.8205 -3.0489 1.0000	</row3>
				</transform>
			</node>
			<node>
				<identifier>	MP_JM125_Signal_Lamp_3_INDEX_1	</identifier>
				<transform>
					<row0>	1.0000 0.0000 0.0000 0.0000	</row0>
					<row1>	0.0000 1.0000 0.0000 0.0000	</row1>
					<row2>	0.0000 0.0000 1.0000 0.0000	</row2>
					<row3>	0.2591 1.8205 -3.0489 1.0000	</row3>
				</transform>
			</node>
			<node>
				<identifier>	MP_JM125_Signal_Lamp_3_INDEX_2	</identifier>
				<transform>
