<GSA002_Rhein_1945_Bow_ports.visual>
	<node>
		<identifier>	Scene Root	</identifier>
		<transform>
			<row0>	1.0000 0.0000 0.0000 0.0000	</row0>
			<row1>	0.0000 1.0000 0.0000 0.0000	</row1>
			<row2>	0.0000 0.0000 1.0000 0.0000	</row2>
			<row3>	0.0000 0.0000 0.0000 1.0000	</row3>
		</transform>
		<node>
			<identifier>	Bow_ports	</identifier>
			<transform>
				<row0>	1.0000 0.0000 0.0000 0.0000	</row0>
				<row1>	0.0000 1.0000 0.0000 0.0000	</row1>
				<row2>	0.0000 0.0000 1.0000 0.0000	</row2>
				<row3>	0.0000 0.0000 0.0000 1.0000	</row3>
			</transform>
			<node>
				<identifier>	HP_DeckStart	</identifier>
				<transform>
					<row0>	1.0000 0.0000 0.0000 0.0000	</row0>
					<row1>	0.0000 1.0000 0.0000 0.0000	</row1>
					<row2>	0.0000 0.0000 1.0000 0.0000	</row2>
					<row3>	0.0042 0.7336 2.8183 1.0000	</row3>
				</transform>
			</node>
			<node>
				<identifier>	HP_FX_Death_1	</identifier>
				<transform>
					<row0>	1.0000 0.0000 0.0000 0.0000	</row0>
					<row1>	0.0000 1.0000 0.0000 0.0000	</row1>
					<row2>	0.0000 0.0000 1.0000 0.0000	</row2>
					<row3>	0.0000 0.0000 4.1128 1.0000	</row3>
				</transform>
			</node>
			<node>
				<identifier>	HP_FX_Fire_1	</identifier>
				<transform>
					<row0>	0.9080 -0.1692 0.3833 0.0000	</row0>
					<row1>	0.1832 0.9831 0.0000 0.0000	</row1>
					<row2>	-0.3768 0.0702 0.9236 0.0000	</row2>
					<row3>	0.0090 0.7057 5.3421 1.0000	</row3>
				</transform>
			</node>
			<node>
				<identifier>	HP_FX_Fire_1_side_1	</identifier>
				<transform>
					<row0>	1.0000 0.0000 0.0000 0.0000	</row0>
					<row1>	0.0000 1.0000 0.0000 0.0000	</row1>
					<row2>	0.0000 0.0000 1.0000 0.0000	</row2>
					<row3>	-0.4019 0.7335 4.0506 1.0000	</row3>
				</transform>
			</node>
			<node>
				<identifier>	HP_FX_Flood_steam_left	</identifier>
				<transform>
					<row0>	-0.9989 0.0000 0.0468 0.0000	</row0>
					<row1>	0.0000 1.0000 0.0000 0.0000	</row1>
					<row2>	-0.0468 0.0000 -0.9989 0.0000	</row2>
					<row3>	-0.5472 0.7260 4.1151 1.0000	</row3>
				</transform>
			</node>
			<node>
				<identifier>	HP_FX_Flood_water_left_3	</identifier>
				<transform>
					<row0>	-1.0000 0.0000 0.0000 0.0000	</row0>
					<row1>	0.0000 1.0000 0.0000 0.0000	</row1>
					<row2>	0.0000 0.0000 -1.0000 0.0000	</row2>
					<row3>	-0.1777 0.0513 4.6448 1.0000	</row3>
				</transform>
			</node>
			<node>
				<identifier>	HP_FX_Flood_water_right_3	</identifier>
				<transform>
					<row0>	1.0000 0.0000 0.0000 0.0000	</row0>
					<row1>	0.0000 1.0000 0.0000 0.0000	</row1>
					<row2>	0.0000 0.0000 1.0000 0.0000	</row2>
					<row3>	0.1775 0.0507 4.6451 1.0000	</row3>
				</transform>
			</node>
			<node>
				<identifier>	HP_FX_WakeTrace	</identifier>
				<transform>
					<row0>	1.0000 0.0000 0.0000 0.0000	</row0>
					<row1>	0.0000 1.0000 0.0000 0.0000	</row1>
					<row2>	0.0000 0.0000 1.0000 0.0000	</row2>
					<row3>	0.0000 0.0000 5.6154 1.0000	</row3>
				</transform>
			</node>
			<node>
				<identifier>	HP_LiftOffPoint	</identifier>
				<transform>
					<row0>	1.0000 0.0000 0.0000 0.0000	</row0>
					<row1>	0.0000 1.0000 0.0000 0.0000	</row1>
					<row2>	0.0000 0.0000 1.0000 0.0000	</row2>
					<row3>	0.0000 0.7986 6.0804 1.0000	</row3>
				</transform>
			</node>
			<node>
				<identifier>	HP_Ship_death_1	</identifier>
				<transform>
					<row0>	1.0000 0.0000 0.0000 0.0000	</row0>
					<row1>	0.0000 1.0000 0.0000 0.0000	</row1>
					<row2>	0.0000 0.0000 1.0000 0.0000	</row2>
					<row3>	0.0000 0.0000 3.6472 1.0000	</row3>
				</transform>
			</node>
			<node>
				<identifier>	MP_CM011_Fire_Fighting_Gear	</identifier>
				<transform>
					<row0>	0.0000 0.0000 -1.0000 0.0000	</row0>
					<row1>	0.0000 1.0000 0.0000 0.0000	</row1>
					<row2>	1.0000 0.0000 0.0000 0.0000	</row2>
					<row3>	0.2979 0.5081 4.3106 1.0000	</row3>
				</transform>
			</node>
			<node>
				<identifier>	MP_CM011_Fire_Fighting_Gear_INDEX_1	</identifier>
				<transform>
					<row0>	0.0000 0.0000 1.0000 0.0000	</row0>
					<row1>	0.0000 1.0000 0.0000 0.0000	</row1>
					<row2>	-1.0000 0.0000 0.0000 0.0000	</row2>
					<row3>	-0.2979 0.5081 4.3106 1.0000	</row3>
				</transform>
			</node>
			<node>
				<identifier>	MP_CM011_Fire_Fighting_Gear_INDEX_2	</identifier>
				<transform>
					<row0>	-1.0000 0.0000 0.0000 0.0000	</row0>
					<row1>	0.0000 1.0000 0.0000 0.0000	</row1>
					<row2>	0.0000 0.0000 -1.0000 0.0000	</row2>
					<row3>	-0.1862 0.5513 5.3272 1.0000	</row3>
				</transform>
			</node>
			<node>
				<identifier>	MP_CM011_Fire_Fighting_Gear_INDEX_3	</identifier>
				<transform>
					<row0>	-1.0000 0.0000 0.0000 0.0000	</row0>
					<row1>	0.0000 1.0000 0.0000 0.0000	</row1>
					<row2>	0.0000 0.0000 -1.0000 0.0000	</row2>
					<row3>	0.1862 0.5513 5.3272 1.0000	</row3>
				</transform>
			</node>
			<node>
				<identifier>	MP_CM029_Emergency_Box	</identifier>
				<transform>
					<row0>	-1.0000 0.0000 0.0000 0.0000	</row0>
					<row1>	0.0000 1.0000 0.0000 0.0000	</row1>
					<row2>	0.0000 0.0000 -1.0000 0.0000	</row2>
					<row3>	0.2327 0.6072 4.1909 1.0000	</row3>
				</transform>
			</node>
			<node>
				<identifier>	MP_CM029_Emergency_Box_INDEX_1	</identifier>
				<transform>
					<row0>	-0.0944 0.0000 0.9955 0.0000	</row0>
					<row1>	0.0000 1.0000 0.0000 0.0000	</row1>
					<row2>	-0.9955 0.0000 -0.0944 0.0000	</row2>
					<row3>	0.6398 0.7082 3.0859 1.0000	</row3>
				</transform>
			</node>
			<node>
				<identifier>	MP_CM029_Emergency_Box_INDEX_2	</identifier>
				<transform>
					<row0>	-0.0944 0.0000 -0.9955 0.0000	</row0>
					<row1>	0.0000 1.0000 0.0000 0.0000	</row1>
					<row2>	0.9955 0.0000 -0.0944 0.0000	</row2>
					<row3>	-0.6398 0.7082 3.0859 1.0000	</row3>
				</transform>
			</node>
			<node>
				<identifier>	MP_CM030_Swab_Rack_2	</identifier>
				<transform>
					<row0>	-0.1966 0.0000 -0.9805 0.0000	</row0>
					<row1>	0.0000 1.0000 0.0000 0.0000	</row1>
					<row2>	0.9805 0.0000 -0.1966 0.0000	</row2>
					<row3>	-0.2188 0.5531 5.3899 1.0000	</row3>
				</transform>
			</node>
			<node>
				<identifier>	MP_CM030_Swab_Rack_2_INDEX_1	</identifier>
				<transform>
					<row0>	-0.1966 0.0000 0.9805 0.0000	</row0>
					<row1>	0.0000 1.0000 0.0000 0.0000	</row1>
					<row2>	-0.9805 0.0000 -0.1966 0.0000	</row2>
					<row3>	0.2188 0.5531 5.3899 1.0000	</row3>
				</transform>
			</node>
			<node>
				<identifier>	MP_CM051_Fire_Fighting_Gear	</identifier>
				<transform>
					<row0>	0.9962 0.0000 0.0872 0.0000	</row0>
					<row1>	0.0872 0.0000 -0.9962 0.0000	</row1>
					<row2>	0.0000 1.0000 0.0000 0.0000	</row2>
					<row3>	0.6427 0.6787 2.9924 1.0000	</row3>
				</transform>
			</node>
			<node>
				<identifier>	MP_CM051_Fire_Fighting_Gear_INDEX_1	</identifier>
				<transform>
					<row0>	0.9947 0.0000 0.1030 0.0000	</row0>
					<row1>	0.1030 0.0000 -0.9947 0.0000	</row1>
					<row2>	0.0000 1.0000 0.0000 0.0000	</row2>
					<row3>	0.5211 0.6787 4.1928 1.0000	</row3>
				</transform>
			</node>
			<node>
				<identifier>	MP_CM051_Fire_Fighting_Gear_INDEX_2	</identifier>
				<transform>
					<row0>	0.9947 0.0000 0.1030 0.0000	</row0>
					<row1>	0.1030 0.0000 -0.9947 0.0000	</row1>
					<row2>	0.0000 1.0000 0.0000 0.0000	</row2>
					<row3>	0.3980 0.6787 5.3274 1.0000	</row3>
				</transform>
			</node>
			<node>
				<identifier>	MP_CM051_Fire_Fighting_Gear_INDEX_3	</identifier>
				<transform>
					<row0>	-0.9962 0.0000 0.0872 0.0000	</row0>
					<row1>	0.0872 0.0000 0.9962 0.0000	</row1>
					<row2>	0.0000 1.0000 0.0000 0.0000	</row2>
					<row3>	-0.6427 0.6787 2.9924 1.0000	</row3>
				</transform>
			</node>
			<node>
				<identifier>	MP_CM051_Fire_Fighting_Gear_INDEX_4	</identifier>
				<transform>
					<row0>	-0.9947 0.0000 0.1030 0.0000	</row0>
					<row1>	0.1030 0.0000 0.9947 0.0000	</row1>
					<row2>	0.0000 1.0000 0.0000 0.0000	</row2>
					<row3>	-0.5211 0.6787 4.1928 1.0000	</row3>
				</transform>
			</node>
			<node>
				<identifier>	MP_CM051_Fire_Fighting_Gear_INDEX_5	</identifier>
				<transform>
					<row0>	-0.9947 0.0000 0.1030 0.0000	</row0>
					<row1>	0.1030 0.0000 0.9947 0.0000	</row1>
					<row2>	0.0000 1.0000 0.0000 0.0000	</row2>
					<row3>	-0.3980 0.6787 5.3274 1.0000	</row3>
				</transform>
			</node>
			<node>
				<identifier>	MP_CM052_Fender	</identifier>
				<transform>
					<row0>	-0.6763 0.0000 -0.5938 0.0000	</row0>
					<row1>	0.0000 0.9000 0.0000 0.0000	</row1>
					<row2>	0.5938 0.0000 -0.6763 0.0000	</row2>
					<row3>	-0.0742 0.5309 4.7532 1.0000	</row3>
				</transform>
			</node>
			<node>
				<identifier>	MP_CM052_Fender_INDEX_1	</identifier>
				<transform>
					<row0>	0.5938 0.0000 -0.6763 0.0000	</row0>
					<row1>	0.0000 0.9000 0.0000 0.0000	</row1>
					<row2>	0.6763 0.0000 0.5938 0.0000	</row2>
					<row3>	-0.0705 0.5309 4.8122 1.0000	</row3>
				</transform>
			</node>
			<node>
				<identifier>	MP_CM052_Fender_INDEX_2	</identifier>
				<transform>
					<row0>	-0.6763 0.0000 0.5938 0.0000	</row0>
					<row1>	0.0000 0.9000 0.0000 0.0000	</row1>
					<row2>	-0.5938 0.0000 -0.6763 0.0000	</row2>
					<row3>	0.0743 0.5309 4.7523 1.0000	</row3>
				</transform>
			</node>
			<node>
				<identifier>	MP_CM052_Fender_INDEX_3	</identifier>
				<transform>
					<row0>	0.5938 0.0000 0.6763 0.0000	</row0>
					<row1>	0.0000 0.9000 0.0000 0.0000	</row1>
					<row2>	-0.6763 0.0000 0.5938 0.0000	</row2>
					<row3>	0.0722 0.5309 4.8123 1.0000	</row3>
				</transform>
			</node>
			<node>
				<identifier>	MP_CM109_Leadsman_Platform	</identifier>
				<transform>
					<row0>	0.2650 -0.9619 0.0672 0.0000	</row0>
					<row1>	0.9562 0.2712 0.1105 0.0000	</row1>
					<row2>	-0.1245 0.0350 0.9916 0.0000	</row2>
					<row3>	0.3748 0.5382 4.8318 1.0000	</row3>
				</transform>
			</node>
			<node>
				<identifier>	MP_CM109_Leadsman_Platform_INDEX_1	</identifier>
				<transform>
					<row0>	-0.2835 -0.9562 0.0734 0.0000	</row0>
					<row1>	-0.9489 0.2908 0.1226 0.0000	</row1>
					<row2>	-0.1386 -0.0349 -0.9897 0.0000	</row2>
					<row3>	-0.3757 0.5384 4.8320 1.0000	</row3>
				</transform>
			</node>
			<node>
				<identifier>	MP_GM007_LifeBuoy	</identifier>
				<transform>
					<row0>	0.9913 0.0000 0.1318 0.0000	</row0>
					<row1>	0.0000 1.0000 0.0000 0.0000	</row1>
					<row2>	-0.1318 0.0000 0.9913 0.0000	</row2>
					<row3>	0.4050 0.5627 4.5494 1.0000	</row3>
				</transform>
			</node>
			<node>
				<identifier>	MP_GM007_LifeBuoy_INDEX_1	</identifier>
				<transform>
					<row0>	0.9913 0.0000 -0.1318 0.0000	</row0>
					<row1>	0.0000 1.0000 0.0000 0.0000	</row1>
					<row2>	0.1318 0.0000 0.9913 0.0000	</row2>
					<row3>	-0.4050 0.5627 4.5494 1.0000	</row3>
				</transform>
			</node>
			<node>
				<identifier>	MP_GM008_Loudspeaker	</identifier>
				<transform>
					<row0>	0.0000 0.0000 1.0000 0.0000	</row0>
					<row1>	0.0000 1.0000 0.0000 0.0000	</row1>
					<row2>	-1.0000 0.0000 0.0000 0.0000	</row2>
					<row3>	0.0000 0.6251 4.1836 1.0000	</row3>
				</transform>
			</node>
			<node>
				<identifier>	MP_GM012_Reels_5	</identifier>
				<transform>
					<row0>	-0.8000 0.0000 0.0015 0.0000	</row0>
					<row1>	0.0000 0.8000 0.0000 0.0000	</row1>
					<row2>	-0.0015 0.0000 -0.8000 0.0000	</row2>
					<row3>	0.0989 0.5095 4.2387 1.0000	</row3>
				</transform>
			</node>
			<node>
				<identifier>	MP_GM012_Reels_5_INDEX_1	</identifier>
				<transform>
					<row0>	-0.8000 0.0000 -0.0015 0.0000	</row0>
					<row1>	0.0000 0.8000 0.0000 0.0000	</row1>
					<row2>	0.0015 0.0000 -0.8000 0.0000	</row2>
					<row3>	-0.0989 0.5095 4.2387 1.0000	</row3>
				</transform>
			</node>
			<node>
				<identifier>	MP_GM015_Clock	</identifier>
				<transform>
					<row0>	1.0000 0.0000 0.0000 0.0000	</row0>
					<row1>	0.0000 1.0000 0.0000 0.0000	</row1>
					<row2>	0.0000 0.0000 1.0000 0.0000	</row2>
					<row3>	-0.0508 0.6442 4.1845 1.0000	</row3>
				</transform>
			</node>
			<node>
				<identifier>	MP_GM016_Sleeve	</identifier>
				<transform>
					<row0>	0.0980 0.0000 -0.9952 0.0000	</row0>
					<row1>	0.0000 1.0000 0.0000 0.0000	</row1>
					<row2>	0.9952 0.0000 0.0980 0.0000	</row2>
					<row3>	0.6396 0.7147 3.0225 1.0000	</row3>
				</transform>
			</node>
			<node>
				<identifier>	MP_GM016_Sleeve_INDEX_1	</identifier>
				<transform>
					<row0>	0.1013 0.0000 -0.9949 0.0000	</row0>
					<row1>	0.0000 1.0000 0.0000 0.0000	</row1>
					<row2>	0.9949 0.0000 0.1013 0.0000	</row2>
					<row3>	0.5177 0.7147 4.2243 1.0000	</row3>
				</transform>
			</node>
			<node>
				<identifier>	MP_GM016_Sleeve_INDEX_2	</identifier>
				<transform>
					<row0>	0.1144 0.0000 -0.9934 0.0000	</row0>
					<row1>	0.0000 1.0000 0.0000 0.0000	</row1>
					<row2>	0.9934 0.0000 0.1144 0.0000	</row2>
					<row3>	0.3947 0.7147 5.3532 1.0000	</row3>
				</transform>
			</node>
			<node>
				<identifier>	MP_GM016_Sleeve_INDEX_3	</identifier>
				<transform>
					<row0>	0.0980 0.0000 0.9952 0.0000	</row0>
					<row1>	0.0000 1.0000 0.0000 0.0000	</row1>
					<row2>	-0.9952 0.0000 0.0980 0.0000	</row2>
					<row3>	-0.6396 0.7147 3.0225 1.0000	</row3>
				</transform>
			</node>
			<node>
				<identifier>	MP_GM016_Sleeve_INDEX_4	</identifier>
				<transform>
					<row0>	0.1013 0.0000 0.9949 0.0000	</row0>
					<row1>	0.0000 1.0000 0.0000 0.0000	</row1>
					<row2>	-0.9949 0.0000 0.1013 0.0000	</row2>
					<row3>	-0.5177 0.7147 4.2243 1.0000	</row3>
				</transform>
			</node>
			<node>
				<identifier>	MP_GM016_Sleeve_INDEX_5	</identifier>
				<transform>
					<row0>	0.1144 0.0000 0.9934 0.0000	</row0>
					<row1>	0.0000 1.0000 0.0000 0.0000	</row1>
					<row2>	-0.9934 0.0000 0.1144 0.0000	</row2>
					<row3>	-0.3947 0.7147 5.3532 1.0000	</row3>
				</transform>
			</node>
			<node>
				<identifier>	MP_GM016_Sleeve_INDEX_6	</identifier>
				<transform>
					<row0>	0.8639 0.0000 0.5037 0.0000	</row0>
					<row1>	0.0000 1.0000 0.0000 0.0000	</row1>
					<row2>	-0.5037 0.0000 0.8639 0.0000	</row2>
					<row3>	0.3582 0.5667 4.3485 1.0000	</row3>
				</transform>
			</node>
			<node>
				<identifier>	MP_GM016_Sleeve_INDEX_7	</identifier>
				<transform>
					<row0>	0.8639 0.0000 -0.5037 0.0000	</row0>
					<row1>	0.0000 1.0000 0.0000 0.0000	</row1>
					<row2>	0.5037 0.0000 0.8639 0.0000	</row2>
					<row3>	-0.3582 0.5667 4.3485 1.0000	</row3>
				</transform>
			</node>
			<node>
				<identifier>	MP_GM016_Sleeve_INDEX_8	</identifier>
				<transform>
					<row0>	1.0000 0.0000 0.0000 0.0000	</row0>
					<row1>	0.0000 1.0000 0.0000 0.0000	</row1>
					<row2>	0.0000 0.0000 1.0000 0.0000	</row2>
					<row3>	-0.1862 0.6030 5.3201 1.0000	</row3>
				</transform>
			</node>
			<node>
				<identifier>	MP_GM016_Sleeve_INDEX_9	</identifier>
				<transform>
					<row0>	1.0000 0.0000 0.0000 0.0000	</row0>
					<row1>	0.0000 1.0000 0.0000 0.0000	</row1>
					<row2>	0.0000 0.0000 1.0000 0.0000	</row2>
					<row3>	0.1862 0.6030 5.3201 1.0000	</row3>
				</transform>
			</node>
			<node>
				<identifier>	MP_GM018_Siren	</identifier>
				<transform>
					<row0>	1.0000 0.0000 0.0000 0.0000	</row0>
					<row1>	0.0000 1.0000 0.0000 0.0000	</row1>
					<row2>	0.0000 0.0000 1.0000 0.0000	</row2>
					<row3>	-0.1603 0.6329 5.3206 1.0000	</row3>
				</transform>
			</node>
			<node>
				<identifier>	MP_GM018_Siren_INDEX_1	</identifier>
				<transform>
					<row0>	0.0935 0.0000 -0.9956 0.0000	</row0>
					<row1>	0.0000 1.0000 0.0000 0.0000	</row1>
					<row2>	0.9956 0.0000 0.0935 0.0000	</row2>
					<row3>	0.6363 0.7200 3.0576 1.0000	</row3>
				</transform>
			</node>
			<node>
				<identifier>	MP_GM018_Siren_INDEX_2	</identifier>
				<transform>
					<row0>	0.0935 0.0000 0.9956 0.0000	</row0>
					<row1>	0.0000 1.0000 0.0000 0.0000	</row1>
					<row2>	-0.9956 0.0000 0.0935 0.0000	</row2>
					<row3>	-0.6363 0.7200 3.0576 1.0000	</row3>
				</transform>
			</node>
			<node>
				<identifier>	MP_GM018_Siren_INDEX_3	</identifier>
				<transform>
					<row0>	1.0000 0.0000 0.0000 0.0000	</row0>
					<row1>	0.0000 1.0000 0.0000 0.0000	</row1>
					<row2>	0.0000 0.0000 1.0000 0.0000	</row2>
					<row3>	0.1603 0.6329 5.3206 1.0000	</row3>
				</transform>
			</node>
			<node>
				<identifier>	MP_GM127_Helmet	</identifier>
				<transform>
					<row0>	-0.1005 0.0000 0.9949 0.0000	</row0>
					<row1>	0.9949 0.0000 0.1005 0.0000	</row1>
					<row2>	0.0000 1.0000 0.0000 0.0000	</row2>
					<row3>	0.5507 0.6819 3.9049 1.0000	</row3>
				</transform>
			</node>
			<node>
				<identifier>	MP_GM127_Helmet_INDEX_1	</identifier>
				<transform>
					<row0>	-1.0000 0.0000 0.0000 0.0000	</row0>
					<row1>	0.0000 0.0000 1.0000 0.0000	</row1>
					<row2>	0.0000 1.0000 0.0000 0.0000	</row2>
					<row3>	0.0046 0.5269 4.1845 1.0000	</row3>
				</transform>
			</node>
			<node>
				<identifier>	MP_GM127_Helmet_INDEX_10	</identifier>
				<transform>
					<row0>	-1.0000 0.0000 0.0000 0.0000	</row0>
					<row1>	0.0000 0.0000 1.0000 0.0000	</row1>
					<row2>	0.0000 1.0000 0.0000 0.0000	</row2>
					<row3>	0.0242 0.5269 4.1845 1.0000	</row3>
				</transform>
			</node>
			<node>
				<identifier>	MP_GM127_Helmet_INDEX_11	</identifier>
				<transform>
					<row0>	-0.1152 0.0000 -0.9933 0.0000	</row0>
					<row1>	-0.9933 0.0000 0.1152 0.0000	</row1>
					<row2>	0.0000 1.0000 0.0000 0.0000	</row2>
					<row3>	-0.4001 0.7038 5.3075 1.0000	</row3>
				</transform>
			</node>
			<node>
				<identifier>	MP_GM127_Helmet_INDEX_12	</identifier>
				<transform>
					<row0>	-1.0000 0.0000 0.0000 0.0000	</row0>
					<row1>	0.0000 0.0000 1.0000 0.0000	</row1>
					<row2>	0.0000 1.0000 0.0000 0.0000	</row2>
					<row3>	0.0242 0.5679 4.1845 1.0000	</row3>
				</transform>
			</node>
			<node>
				<identifier>	MP_GM127_Helmet_INDEX_13	</identifier>
				<transform>
					<row0>	-0.1152 0.0000 -0.9933 0.0000	</row0>
					<row1>	-0.9933 0.0000 0.1152 0.0000	</row1>
					<row2>	0.0000 1.0000 0.0000 0.0000	</row2>
					<row3>	-0.4001 0.6827 5.3075 1.0000	</row3>
				</transform>
			</node>
			<node>
				<identifier>	MP_GM127_Helmet_INDEX_14	</identifier>
				<transform>
					<row0>	-0.1005 0.0000 0.9949 0.0000	</row0>
					<row1>	0.9949 0.0000 0.1005 0.0000	</row1>
					<row2>	0.0000 1.0000 0.0000 0.0000	</row2>
					<row3>	0.5507 0.7233 3.9049 1.0000	</row3>
				</transform>
			</node>
			<node>
				<identifier>	MP_GM127_Helmet_INDEX_15	</identifier>
				<transform>
					<row0>	-1.0000 0.0000 0.0000 0.0000	</row0>
					<row1>	0.0000 0.0000 1.0000 0.0000	</row1>
					<row2>	0.0000 1.0000 0.0000 0.0000	</row2>
					<row3>	0.0242 0.5467 4.1845 1.0000	</row3>
				</transform>
			</node>
			<node>
				<identifier>	MP_GM127_Helmet_INDEX_16	</identifier>
				<transform>
					<row0>	-0.1005 0.0000 0.9949 0.0000	</row0>
					<row1>	0.9949 0.0000 0.1005 0.0000	</row1>
					<row2>	0.0000 1.0000 0.0000 0.0000	</row2>
					<row3>	0.5507 0.7032 3.9049 1.0000	</row3>
				</transform>
			</node>
			<node>
				<identifier>	MP_GM127_Helmet_INDEX_17	</identifier>
				<transform>
					<row0>	-1.0000 0.0000 0.0000 0.0000	</row0>
					<row1>	0.0000 0.0000 1.0000 0.0000	</row1>
					<row2>	0.0000 1.0000 0.0000 0.0000	</row2>
					<row3>	0.0046 0.5467 4.1845 1.0000	</row3>
				</transform>
			</node>
			<node>
				<identifier>	MP_GM127_Helmet_INDEX_18	</identifier>
				<transform>
					<row0>	-0.1152 0.0000 -0.9933 0.0000	</row0>
					<row1>	-0.9933 0.0000 0.1152 0.0000	</row1>
					<row2>	0.0000 1.0000 0.0000 0.0000	</row2>
					<row3>	-0.4001 0.7234 5.3075 1.0000	</row3>
				</transform>
			</node>
			<node>
				<identifier>	MP_GM127_Helmet_INDEX_19	</identifier>
				<transform>
					<row0>	-0.1005 0.0000 -0.9949 0.0000	</row0>
					<row1>	-0.9949 0.0000 0.1005 0.0000	</row1>
					<row2>	0.0000 1.0000 0.0000 0.0000	</row2>
					<row3>	-0.5507 0.7031 3.9049 1.0000	</row3>
				</transform>
			</node>
			<node>
				<identifier>	MP_GM127_Helmet_INDEX_2	</identifier>
				<transform>
					<row0>	-1.0000 0.0000 0.0000 0.0000	</row0>
					<row1>	0.0000 0.0000 1.0000 0.0000	</row1>
					<row2>	0.0000 1.0000 0.0000 0.0000	</row2>
					<row3>	0.0046 0.5679 4.1845 1.0000	</row3>
				</transform>
			</node>
			<node>
				<identifier>	MP_GM127_Helmet_INDEX_3	</identifier>
				<transform>
					<row0>	-0.1152 0.0000 0.9933 0.0000	</row0>
					<row1>	0.9933 0.0000 0.1152 0.0000	</row1>
					<row2>	0.0000 1.0000 0.0000 0.0000	</row2>
					<row3>	0.4001 0.6825 5.3072 1.0000	</row3>
				</transform>
			</node>
			<node>
				<identifier>	MP_GM127_Helmet_INDEX_4	</identifier>
				<transform>
					<row0>	-1.0000 0.0000 0.0000 0.0000	</row0>
					<row1>	0.0000 0.0000 1.0000 0.0000	</row1>
					<row2>	0.0000 1.0000 0.0000 0.0000	</row2>
					<row3>	0.0046 0.5876 4.1845 1.0000	</row3>
				</transform>
			</node>
			<node>
				<identifier>	MP_GM127_Helmet_INDEX_5	</identifier>
				<transform>
					<row0>	-0.1005 0.0000 -0.9949 0.0000	</row0>
					<row1>	-0.9949 0.0000 0.1005 0.0000	</row1>
					<row2>	0.0000 1.0000 0.0000 0.0000	</row2>
					<row3>	-0.5507 0.7234 3.9049 1.0000	</row3>
				</transform>
			</node>
			<node>
				<identifier>	MP_GM127_Helmet_INDEX_6	</identifier>
				<transform>
					<row0>	-1.0000 0.0000 0.0000 0.0000	</row0>
					<row1>	0.0000 0.0000 1.0000 0.0000	</row1>
					<row2>	0.0000 1.0000 0.0000 0.0000	</row2>
					<row3>	0.0242 0.5876 4.1845 1.0000	</row3>
				</transform>
			</node>
			<node>
				<identifier>	MP_GM127_Helmet_INDEX_7	</identifier>
				<transform>
					<row0>	-0.1152 0.0000 0.9933 0.0000	</row0>
					<row1>	0.9933 0.0000 0.1152 0.0000	</row1>
					<row2>	0.0000 1.0000 0.0000 0.0000	</row2>
					<row3>	0.4001 0.7234 5.3072 1.0000	</row3>
				</transform>
			</node>
			<node>
				<identifier>	MP_GM127_Helmet_INDEX_8	</identifier>
				<transform>
					<row0>	-0.1005 0.0000 -0.9949 0.0000	</row0>
					<row1>	-0.9949 0.0000 0.1005 0.0000	</row1>
					<row2>	0.0000 1.0000 0.0000 0.0000	</row2>
					<row3>	-0.5507 0.6820 3.9049 1.0000	</row3>
				</transform>
			</node>
			<node>
				<identifier>	MP_GM127_Helmet_INDEX_9	</identifier>
				<transform>
					<row0>	-0.1152 0.0000 0.9933 0.0000	</row0>
					<row1>	0.9933 0.0000 0.1152 0.0000	</row1>
					<row2>	0.0000 1.0000 0.0000 0.0000	</row2>
					<row3>	0.4001 0.7038 5.3072 1.0000	</row3>
				</transform>
			</node>
			<node>
				<identifier>	MP_GM146_Easter_egg_Rhein	</identifier>
				<transform>
					<row0>	1.0000 0.0000 0.0000 0.0000	</row0>
					<row1>	0.0000 1.0000 0.0000 0.0000	</row1>
					<row2>	0.0000 0.0000 1.0000 0.0000	</row2>
					<row3>	0.5666 0.9698 -0.8831 1.0000	</row3>
				</transform>
			</node>
			<node>
				<identifier>	MP_GM532_Float	</identifier>
				<transform>
					<row0>	-1.0000 0.0000 0.0000 0.0000	</row0>
					<row1>	0.0000 1.0000 0.0000 0.0000	</row1>
					<row2>	0.0000 0.0000 -1.0000 0.0000	</row2>
					<row3>	-0.2334 0.5650 5.3139 1.0000	</row3>
				</transform>
			</node>
			<node>
				<identifier>	MP_GM532_Float_INDEX_1	</identifier>
				<transform>
					<row0>	-1.0000 0.0000 0.0000 0.0000	</row0>
					<row1>	0.0000 1.0000 0.0000 0.0000	</row1>
					<row2>	0.0000 0.0000 -1.0000 0.0000	</row2>
					<row3>	0.2334 0.5650 5.3139 1.0000	</row3>
				</transform>
			</node>
			<node>
				<identifier>	MP_GM601_Switch_Box_2	</identifier>
				<transform>
					<row0>	0.1140 0.0000 -0.9935 0.0000	</row0>
					<row1>	0.0000 1.0000 0.0000 0.0000	</row1>
					<row2>	0.9935 0.0000 0.1140 0.0000	</row2>
					<row3>	0.3839 0.7226 5.4450 1.0000	</row3>
				</transform>
			</node>
			<node>
				<identifier>	MP_GM601_Switch_Box_2_INDEX_1	</identifier>
				<transform>
					<row0>	0.1140 0.0000 0.9935 0.0000	</row0>
					<row1>	0.0000 1.0000 0.0000 0.0000	</row1>
					<row2>	-0.9935 0.0000 0.1140 0.0000	</row2>
					<row3>	-0.3839 0.7226 5.4450 1.0000	</row3>
				</transform>
			</node>
			<node>
				<identifier>	MP_GM603_Switch_Box_4	</identifier>
				<transform>
					<row0>	1.0000 0.0000 0.0000 0.0000	</row0>
					<row1>	0.0000 1.0000 0.0000 0.0000	</row1>
					<row2>	0.0000 0.0000 1.0000 0.0000	</row2>
					<row3>	0.2017 0.5849 4.1845 1.0000	</row3>
				</transform>
			</node>
			<node>
				<identifier>	MP_GM603_Switch_Box_4_INDEX_1	</identifier>
				<transform>
					<row0>	1.0000 0.0000 0.0000 0.0000	</row0>
					<row1>	0.0000 1.0000 0.0000 0.0000	</row1>
					<row2>	0.0000 0.0000 1.0000 0.0000	</row2>
					<row3>	-0.2017 0.5849 4.1845 1.0000	</row3>
				</transform>
			</node>
			<node>
				<identifier>	MP_GM605_Indicator	</identifier>
				<transform>
					<row0>	0.1140 0.0000 -0.9935 0.0000	</row0>
					<row1>	0.0000 1.0000 0.0000 0.0000	</row1>
					<row2>	0.9935 0.0000 0.1140 0.0000	</row2>
					<row3>	0.3839 0.7044 5.4451 1.0000	</row3>
				</transform>
			</node>
			<node>
				<identifier>	MP_GM605_Indicator_INDEX_1	</identifier>
				<transform>
					<row0>	0.1140 0.0000 0.9935 0.0000	</row0>
					<row1>	0.0000 1.0000 0.0000 0.0000	</row1>
					<row2>	-0.9935 0.0000 0.1140 0.0000	</row2>
					<row3>	-0.3839 0.7044 5.4451 1.0000	</row3>
				</transform>
			</node>
			<node>
				<identifier>	MP_GM606_MC_Box	</identifier>
				<transform>
					<row0>	0.1140 0.0000 -0.9935 0.0000	</row0>
					<row1>	0.0000 1.0000 0.0000 0.0000	</row1>
					<row2>	0.9935 0.0000 0.1140 0.0000	</row2>
					<row3>	0.3777 0.7146 5.4989 1.0000	</row3>
				</transform>
			</node>
			<node>
				<identifier>	MP_GM606_MC_Box_INDEX_1	</identifier>
				<transform>
					<row0>	0.1140 0.0000 0.9935 0.0000	</row0>
					<row1>	0.0000 1.0000 0.0000 0.0000	</row1>
					<row2>	-0.9935 0.0000 0.1140 0.0000	</row2>
					<row3>	-0.3777 0.7146 5.4989 1.0000	</row3>
				</transform>
			</node>
			<node>
				<identifier>	MP_GM607_Manometer	</identifier>
				<transform>
					<row0>	0.1140 0.0000 -0.9935 0.0000	</row0>
					<row1>	0.0000 1.0000 0.0000 0.0000	</row1>
					<row2>	0.9935 0.0000 0.1140 0.0000	</row2>
					<row3>	0.3896 0.7215 5.3949 1.0000	</row3>
				</transform>
			</node>
			<node>
				<identifier>	MP_GM607_Manometer_INDEX_1	</identifier>
				<transform>
					<row0>	0.1140 0.0000 -0.9935 0.0000	</row0>
					<row1>	0.0000 1.0000 0.0000 0.0000	</row1>
					<row2>	0.9935 0.0000 0.1140 0.0000	</row2>
					<row3>	0.3896 0.7049 5.3949 1.0000	</row3>
				</transform>
			</node>
			<node>
				<identifier>	MP_GM607_Manometer_INDEX_10	</identifier>
				<transform>
					<row0>	0.1140 0.0000 0.9935 0.0000	</row0>
					<row1>	0.0000 1.0000 0.0000 0.0000	</row1>
					<row2>	-0.9935 0.0000 0.1140 0.0000	</row2>
					<row3>	-0.3858 0.7215 5.4272 1.0000	</row3>
				</transform>
			</node>
			<node>
				<identifier>	MP_GM607_Manometer_INDEX_11	</identifier>
				<transform>
					<row0>	0.1140 0.0000 0.9935 0.0000	</row0>
					<row1>	0.0000 1.0000 0.0000 0.0000	</row1>
					<row2>	-0.9935 0.0000 0.1140 0.0000	</row2>
					<row3>	-0.3858 0.7049 5.4272 1.0000	</row3>
				</transform>
			</node>
			<node>
				<identifier>	MP_GM607_Manometer_INDEX_2	</identifier>
				<transform>
					<row0>	0.1140 0.0000 -0.9935 0.0000	</row0>
					<row1>	0.0000 1.0000 0.0000 0.0000	</row1>
					<row2>	0.9935 0.0000 0.1140 0.0000	</row2>
					<row3>	0.3878 0.7215 5.4113 1.0000	</row3>
				</transform>
			</node>
			<node>
				<identifier>	MP_GM607_Manometer_INDEX_3	</identifier>
				<transform>
					<row0>	0.1140 0.0000 -0.9935 0.0000	</row0>
					<row1>	0.0000 1.0000 0.0000 0.0000	</row1>
					<row2>	0.9935 0.0000 0.1140 0.0000	</row2>
					<row3>	0.3878 0.7049 5.4113 1.0000	</row3>
				</transform>
			</node>
			<node>
				<identifier>	MP_GM607_Manometer_INDEX_4	</identifier>
				<transform>
					<row0>	0.1140 0.0000 -0.9935 0.0000	</row0>
					<row1>	0.0000 1.0000 0.0000 0.0000	</row1>
					<row2>	0.9935 0.0000 0.1140 0.0000	</row2>
					<row3>	0.3858 0.7215 5.4272 1.0000	</row3>
				</transform>
			</node>
			<node>
				<identifier>	MP_GM607_Manometer_INDEX_5	</identifier>
				<transform>
					<row0>	0.1140 0.0000 -0.9935 0.0000	</row0>
					<row1>	0.0000 1.0000 0.0000 0.0000	</row1>
					<row2>	0.9935 0.0000 0.1140 0.0000	</row2>
					<row3>	0.3858 0.7049 5.4272 1.0000	</row3>
				</transform>
			</node>
			<node>
				<identifier>	MP_GM607_Manometer_INDEX_6	</identifier>
				<transform>
					<row0>	0.1140 0.0000 0.9935 0.0000	</row0>
					<row1>	0.0000 1.0000 0.0000 0.0000	</row1>
					<row2>	-0.9935 0.0000 0.1140 0.0000	</row2>
					<row3>	-0.3896 0.7215 5.3949 1.0000	</row3>
				</transform>
			</node>
			<node>
				<identifier>	MP_GM607_Manometer_INDEX_7	</identifier>
				<transform>
					<row0>	0.1140 0.0000 0.9935 0.0000	</row0>
					<row1>	0.0000 1.0000 0.0000 0.0000	</row1>
					<row2>	-0.9935 0.0000 0.1140 0.0000	</row2>
					<row3>	-0.3896 0.7049 5.3949 1.0000	</row3>
				</transform>
			</node>
			<node>
				<identifier>	MP_GM607_Manometer_INDEX_8	</identifier>
				<transform>
					<row0>	0.1140 0.0000 0.9935 0.0000	</row0>
					<row1>	0.0000 1.0000 0.0000 0.0000	</row1>
					<row2>	-0.9935 0.0000 0.1140 0.0000	</row2>
					<row3>	-0.3878 0.7049 5.4113 1.0000	</row3>
				</transform>
			</node>
			<node>
				<identifier>	MP_GM607_Manometer_INDEX_9	</identifier>
				<transform>
					<row0>	0.1140 0.0000 0.9935 0.0000	</row0>
					<row1>	0.0000 1.0000 0.0000 0.0000	</row1>
					<row2>	-0.9935 0.0000 0.1140 0.0000	</row2>
					<row3>	-0.3878 0.7215 5.4113 1.0000	</row3>
				</transform>
			</node>
			<node>
				<identifier>	MP_GM608_Bell	</identifier>
				<transform>
					<row0>	0.1140 0.0000 -0.9935 0.0000	</row0>
					<row1>	0.0000 1.0000 0.0000 0.0000	</row1>
					<row2>	0.9935 0.0000 0.1140 0.0000	</row2>
					<row3>	0.3816 0.7142 5.4648 1.0000	</row3>
				</transform>
			</node>
			<node>
				<identifier>	MP_GM608_Bell_INDEX_1	</identifier>
				<transform>
					<row0>	0.1140 0.0000 0.9935 0.0000	</row0>
					<row1>	0.0000 1.0000 0.0000 0.0000	</row1>
					<row2>	-0.9935 0.0000 0.1140 0.0000	</row2>
					<row3>	-0.3816 0.7142 5.4648 1.0000	</row3>
				</transform>
			</node>
			<node>
				<identifier>	MP_GM608_Bell_INDEX_2	</identifier>
				<transform>
					<row0>	1.0000 0.0000 0.0000 0.0000	</row0>
					<row1>	0.0000 1.0000 0.0000 0.0000	</row1>
					<row2>	0.0000 0.0000 1.0000 0.0000	</row2>
					<row3>	0.2017 0.6747 4.1843 1.0000	</row3>
				</transform>
			</node>
			<node>
				<identifier>	MP_GM608_Bell_INDEX_3	</identifier>
				<transform>
					<row0>	1.0000 0.0000 0.0000 0.0000	</row0>
					<row1>	0.0000 1.0000 0.0000 0.0000	</row1>
					<row2>	0.0000 0.0000 1.0000 0.0000	</row2>
					<row3>	-0.2017 0.6747 4.1843 1.0000	</row3>
				</transform>
			</node>
			<node>
				<identifier>	MP_GM608_Bell_INDEX_4	</identifier>
				<transform>
					<row0>	0.0986 0.0000 -0.9951 0.0000	</row0>
					<row1>	0.0000 1.0000 0.0000 0.0000	</row1>
					<row2>	0.9951 0.0000 0.0986 0.0000	</row2>
					<row3>	0.5362 0.7142 4.0447 1.0000	</row3>
				</transform>
			</node>
			<node>
				<identifier>	MP_GM608_Bell_INDEX_5	</identifier>
				<transform>
					<row0>	0.0986 0.0000 0.9951 0.0000	</row0>
					<row1>	0.0000 1.0000 0.0000 0.0000	</row1>
					<row2>	-0.9951 0.0000 0.0986 0.0000	</row2>
					<row3>	-0.5362 0.7142 4.0447 1.0000	</row3>
				</transform>
			</node>
			<node>
				<identifier>	MP_GM854_Running_Lights_R	</identifier>
				<transform>
					<row0>	1.0000 0.0000 0.0000 0.0000	</row0>
					<row1>	0.0000 1.0000 0.0000 0.0000	</row1>
					<row2>	0.0000 0.0000 1.0000 0.0000	</row2>
					<row3>	0.7677 0.6668 2.3779 1.0000	</row3>
				</transform>
			</node>
			<node>
				<identifier>	MP_GM855_Running_Lights_L	</identifier>
				<transform>
					<row0>	1.0000 0.0000 0.0000 0.0000	</row0>
					<row1>	0.0000 1.0000 0.0000 0.0000	</row1>
					<row2>	0.0000 0.0000 1.0000 0.0000	</row2>
					<row3>	-0.7683 0.6669 2.3779 1.0000	</row3>
				</transform>
			</node>
			<node>
				<identifier>	MP_GM969_Anchor_up	</identifier>
				<transform>
					<row0>	1.0000 0.0000 0.0000 0.0000	</row0>
					<row1>	0.0000 0.7546 -0.6562 0.0000	</row1>
					<row2>	0.0000 0.6562 0.7546 0.0000	</row2>
					<row3>	0.0000 0.4113 5.8818 1.0000	</row3>
				</transform>
			</node>
			<node>
				<identifier>	MP_GM969_Anchor_up_INDEX_1	</identifier>
				<transform>
					<row0>	0.3102 -0.6950 -0.6486 0.0000	</row0>
					<row1>	0.1411 0.7084 -0.6916 0.0000	</row1>
					<row2>	0.9402 0.1230 0.3178 0.0000	</row2>
					<row3>	-0.2020 0.3936 5.3425 1.0000	</row3>
				</transform>
			</node>
			<node>
				<identifier>	MP_GM969_Anchor_up_INDEX_2	</identifier>
				<transform>
					<row0>	0.3102 0.6950 0.6486 0.0000	</row0>
					<row1>	-0.1411 0.7084 -0.6916 0.0000	</row1>
					<row2>	-0.9402 0.1230 0.3178 0.0000	</row2>
					<row3>	0.2020 0.3936 5.3425 1.0000	</row3>
				</transform>
			</node>
			<node>
				<identifier>	MP_GM970_Anchor_bottom	</identifier>
				<transform>
					<row0>	1.0000 0.0000 0.0000 0.0000	</row0>
					<row1>	0.0000 0.9961 0.0878 0.0000	</row1>
					<row2>	0.0000 -0.0878 0.9961 0.0000	</row2>
					<row3>	0.0000 0.4113 5.8818 1.0000	</row3>
				</transform>
			</node>
			<node>
				<identifier>	MP_GM970_Anchor_bottom_INDEX_1	</identifier>
				<transform>
					<row0>	0.3102 -0.6950 -0.6486 0.0000	</row0>
					<row1>	-0.3669 0.5419 -0.7561 0.0000	</row1>
					<row2>	0.8770 0.4725 -0.0869 0.0000	</row2>
					<row3>	-0.2020 0.3936 5.3425 1.0000	</row3>
				</transform>
			</node>
			<node>
				<identifier>	MP_GM970_Anchor_bottom_INDEX_2	</identifier>
				<transform>
					<row0>	0.3102 0.6950 0.6486 0.0000	</row0>
					<row1>	0.3669 0.5419 -0.7561 0.0000	</row1>
					<row2>	-0.8770 0.4725 -0.0869 0.0000	</row2>
					<row3>	0.2020 0.3936 5.3425 1.0000	</row3>
				</transform>
			</node>
		</node>
	</node>
	<boundingBox>
		<min>	-0.0667 -0.0667 -0.0667	</min>
		<max>	0.0667 0.0667 0.0667	</max>
	</boundingBox>
</GSA002_Rhein_1945_Bow_ports.visual>
