<WSB002_Karl_XIV_Johan_1952_MidBack_ports.visual>
	<node>
		<identifier>	Scene Root	</identifier>
		<transform>
			<row0>	1.0000 0.0000 0.0000 0.0000	</row0>
			<row1>	0.0000 1.0000 0.0000 0.0000	</row1>
			<row2>	0.0000 0.0000 1.0000 0.0000	</row2>
			<row3>	0.0000 0.0000 0.0000 1.0000	</row3>
		</transform>
		<node>
			<identifier>	MidBack_ports	</identifier>
			<transform>
				<row0>	1.0000 0.0000 0.0000 0.0000	</row0>
				<row1>	0.0000 1.0000 0.0000 0.0000	</row1>
				<row2>	0.0000 0.0000 1.0000 0.0000	</row2>
				<row3>	0.0000 0.0000 0.0000 1.0000	</row3>
			</transform>
			<node>
				<identifier>	HP_FX_Death_2	</identifier>
				<transform>
					<row0>	1.0000 0.0000 0.0000 0.0000	</row0>
					<row1>	0.0000 1.0000 0.0000 0.0000	</row1>
					<row2>	0.0000 0.0000 1.0000 0.0000	</row2>
					<row3>	0.0000 0.0000 0.0000 1.0000	</row3>
				</transform>
			</node>
			<node>
				<identifier>	HP_FX_Fire_2_side_2	</identifier>
				<transform>
					<row0>	0.9971 0.0000 0.0763 0.0000	</row0>
					<row1>	0.0000 1.0000 0.0000 0.0000	</row1>
					<row2>	-0.0763 0.0000 0.9971 0.0000	</row2>
					<row3>	0.5750 0.7089 0.5354 1.0000	</row3>
				</transform>
			</node>
			<node>
				<identifier>	HP_FX_Fire_2_side_3	</identifier>
				<transform>
					<row0>	1.0000 0.0000 0.0000 0.0000	</row0>
					<row1>	0.0000 1.0000 0.0000 0.0000	</row1>
					<row2>	0.0000 0.0000 1.0000 0.0000	</row2>
					<row3>	-0.5433 0.7662 0.0097 1.0000	</row3>
				</transform>
			</node>
			<node>
				<identifier>	HP_FX_Fire_3	</identifier>
				<transform>
					<row0>	1.0000 0.0000 0.0000 0.0000	</row0>
					<row1>	0.0000 1.0000 0.0000 0.0000	</row1>
					<row2>	0.0000 0.0000 1.0000 0.0000	</row2>
					<row3>	0.0000 1.0484 -1.3585 1.0000	</row3>
				</transform>
			</node>
			<node>
				<identifier>	HP_FX_Fire_3_side_1	</identifier>
				<transform>
					<row0>	0.9981 0.0000 -0.0623 0.0000	</row0>
					<row1>	0.0000 1.0000 0.0000 0.0000	</row1>
					<row2>	0.0623 0.0000 0.9981 0.0000	</row2>
					<row3>	0.6698 0.3224 -1.6018 1.0000	</row3>
				</transform>
			</node>
			<node>
				<identifier>	HP_FX_Fire_3_side_2	</identifier>
				<transform>
					<row0>	0.9981 0.0000 0.0623 0.0000	</row0>
					<row1>	0.0000 1.0000 0.0000 0.0000	</row1>
					<row2>	-0.0623 0.0000 0.9981 0.0000	</row2>
					<row3>	-0.5864 0.7401 -0.9193 1.0000	</row3>
				</transform>
			</node>
			<node>
				<identifier>	HP_FX_Fire_5	</identifier>
				<transform>
					<row0>	1.0000 0.0000 0.0000 0.0000	</row0>
					<row1>	0.0000 1.0000 0.0000 0.0000	</row1>
					<row2>	0.0000 0.0000 1.0000 0.0000	</row2>
					<row3>	0.0000 0.7608 -0.1961 1.0000	</row3>
				</transform>
			</node>
			<node>
				<identifier>	HP_FX_Fire_5_1	</identifier>
				<transform>
					<row0>	1.0000 0.0000 0.0000 0.0000	</row0>
					<row1>	0.0000 1.0000 0.0000 0.0000	</row1>
					<row2>	0.0000 0.0000 1.0000 0.0000	</row2>
					<row3>	0.0000 0.9443 -0.9571 1.0000	</row3>
				</transform>
			</node>
			<node>
				<identifier>	HP_FX_FloodLight_left_1	</identifier>
				<transform>
					<row0>	1.0000 0.0000 0.0000 0.0000	</row0>
					<row1>	0.0000 1.0000 0.0000 0.0000	</row1>
					<row2>	0.0000 0.0000 1.0000 0.0000	</row2>
					<row3>	-0.3326 0.5950 -1.2476 1.0000	</row3>
				</transform>
			</node>
			<node>
				<identifier>	HP_FX_FloodLight_right_1	</identifier>
				<transform>
					<row0>	1.0000 0.0000 0.0000 0.0000	</row0>
					<row1>	0.0000 1.0000 0.0000 0.0000	</row1>
					<row2>	0.0000 0.0000 1.0000 0.0000	</row2>
					<row3>	0.3325 0.5953 -1.2483 1.0000	</row3>
				</transform>
			</node>
			<node>
				<identifier>	HP_FX_Flood_steam_1	</identifier>
				<transform>
					<row0>	1.0000 0.0000 0.0000 0.0000	</row0>
					<row1>	0.0000 1.0000 0.0000 0.0000	</row1>
					<row2>	0.0000 0.0000 1.0000 0.0000	</row2>
					<row3>	0.0000 1.4650 0.1606 1.0000	</row3>
				</transform>
			</node>
			<node>
				<identifier>	HP_FX_Flood_steam_right	</identifier>
				<transform>
					<row0>	1.0000 0.0000 0.0000 0.0000	</row0>
					<row1>	0.0000 1.0000 0.0000 0.0000	</row1>
					<row2>	0.0000 0.0000 1.0000 0.0000	</row2>
					<row3>	1.0099 0.5802 -0.2307 1.0000	</row3>
				</transform>
			</node>
			<node>
				<identifier>	HP_FX_RepairLight_right_1	</identifier>
				<transform>
					<row0>	0.1229 0.0000 -0.9925 0.0000	</row0>
					<row1>	0.0000 1.0000 0.0000 0.0000	</row1>
					<row2>	0.9925 0.0000 0.1229 0.0000	</row2>
					<row3>	1.0775 0.3027 0.7561 1.0000	</row3>
				</transform>
			</node>
			<node>
				<identifier>	HP_FX_Smoke_1	</identifier>
				<transform>
					<row0>	1.0000 0.0000 0.0000 0.0000	</row0>
					<row1>	0.0000 0.9659 -0.2588 0.0000	</row1>
					<row2>	0.0000 0.2588 0.9659 0.0000	</row2>
					<row3>	0.0000 1.5740 0.6236 1.0000	</row3>
				</transform>
			</node>
			<node>
				<identifier>	HP_FX_Smoke_2	</identifier>
				<transform>
					<row0>	1.0000 0.0000 0.0000 0.0000	</row0>
					<row1>	0.0000 0.9659 -0.2588 0.0000	</row1>
					<row2>	0.0000 0.2588 0.9659 0.0000	</row2>
					<row3>	0.0000 1.5074 0.3708 1.0000	</row3>
				</transform>
			</node>
			<node>
				<identifier>	HP_WD_11	</identifier>
				<transform>
					<row0>	-1.0000 0.0000 0.0000 0.0000	</row0>
					<row1>	0.0000 1.0000 0.0000 0.0000	</row1>
					<row2>	0.0000 0.0000 -1.0000 0.0000	</row2>
					<row3>	-0.5121 0.9700 -0.5159 1.0000	</row3>
				</transform>
			</node>
			<node>
				<identifier>	HP_WD_12	</identifier>
				<transform>
					<row0>	-1.0000 0.0000 0.0000 0.0000	</row0>
					<row1>	0.0000 1.0000 0.0000 0.0000	</row1>
					<row2>	0.0000 0.0000 -1.0000 0.0000	</row2>
					<row3>	0.5121 0.9700 -0.5159 1.0000	</row3>
				</transform>
			</node>
			<node>
				<identifier>	HP_WD_13	</identifier>
				<transform>
					<row0>	0.0000 0.0000 1.0000 0.0000	</row0>
					<row1>	0.0000 1.0000 0.0000 0.0000	</row1>
					<row2>	-1.0000 0.0000 0.0000 0.0000	</row2>
					<row3>	-0.2492 0.7899 -1.4752 1.0000	</row3>
				</transform>
			</node>
			<node>
				<identifier>	HP_WD_14	</identifier>
				<transform>
					<row0>	0.0000 0.0000 -1.0000 0.0000	</row0>
					<row1>	0.0000 1.0000 0.0000 0.0000	</row1>
					<row2>	1.0000 0.0000 0.0000 0.0000	</row2>
					<row3>	0.2492 0.7899 -1.4752 1.0000	</row3>
				</transform>
			</node>
			<node>
				<identifier>	HP_WD_15	</identifier>
				<transform>
					<row0>	-0.5000 0.0000 0.8660 0.0000	</row0>
					<row1>	0.0000 1.0000 0.0000 0.0000	</row1>
					<row2>	-0.8660 0.0000 -0.5000 0.0000	</row2>
					<row3>	-0.0750 0.5348 -3.8747 1.0000	</row3>
				</transform>
			</node>
			<node>
				<identifier>	HP_WD_16	</identifier>
				<transform>
					<row0>	-0.5000 0.0000 -0.8660 0.0000	</row0>
					<row1>	0.0000 1.0000 0.0000 0.0000	</row1>
					<row2>	0.8660 0.0000 -0.5000 0.0000	</row2>
					<row3>	0.0750 0.5348 -3.8747 1.0000	</row3>
				</transform>
			</node>
			<node>
				<identifier>	HP_WD_17	</identifier>
				<transform>
					<row0>	-0.5000 0.0000 0.8660 0.0000	</row0>
					<row1>	0.0000 1.0000 0.0000 0.0000	</row1>
					<row2>	-0.8660 0.0000 -0.5000 0.0000	</row2>
					<row3>	-0.1131 0.5111 -4.0807 1.0000	</row3>
				</transform>
			</node>
			<node>
				<identifier>	HP_WD_18	</identifier>
				<transform>
					<row0>	-0.5000 0.0000 -0.8660 0.0000	</row0>
					<row1>	0.0000 1.0000 0.0000 0.0000	</row1>
					<row2>	0.8660 0.0000 -0.5000 0.0000	</row2>
					<row3>	0.1131 0.5111 -4.0807 1.0000	</row3>
				</transform>
			</node>
			<node>
				<identifier>	HP_WF_5	</identifier>
				<transform>
					<row0>	-1.0000 0.0000 0.0000 0.0000	</row0>
					<row1>	0.0000 1.0000 0.0000 0.0000	</row1>
					<row2>	0.0000 0.0000 -1.0000 0.0000	</row2>
					<row3>	0.0000 0.9806 -1.3562 1.0000	</row3>
				</transform>
			</node>
			<node>
				<identifier>	HP_WGA_10	</identifier>
				<transform>
					<row0>	0.0000 0.0000 -1.0000 0.0000	</row0>
					<row1>	0.0000 1.0000 0.0000 0.0000	</row1>
					<row2>	1.0000 0.0000 0.0000 0.0000	</row2>
					<row3>	0.5900 0.6322 -0.9162 1.0000	</row3>
				</transform>
			</node>
			<node>
				<identifier>	HP_WGA_11	</identifier>
				<transform>
					<row0>	-0.7071 0.0000 0.7071 0.0000	</row0>
					<row1>	0.0000 1.0000 0.0000 0.0000	</row1>
					<row2>	-0.7071 0.0000 -0.7071 0.0000	</row2>
					<row3>	-0.6311 0.2974 -3.1557 1.0000	</row3>
				</transform>
			</node>
			<node>
				<identifier>	HP_WGA_12	</identifier>
				<transform>
					<row0>	-0.7071 0.0000 -0.7071 0.0000	</row0>
					<row1>	0.0000 1.0000 0.0000 0.0000	</row1>
					<row2>	0.7071 0.0000 -0.7071 0.0000	</row2>
					<row3>	0.6311 0.2974 -3.1557 1.0000	</row3>
				</transform>
			</node>
			<node>
				<identifier>	HP_WGA_13	</identifier>
				<transform>
					<row0>	-0.7071 0.0000 0.7071 0.0000	</row0>
					<row1>	0.0000 1.0000 0.0000 0.0000	</row1>
					<row2>	-0.7071 0.0000 -0.7071 0.0000	</row2>
					<row3>	-0.4251 0.2974 -3.8762 1.0000	</row3>
				</transform>
			</node>
			<node>
				<identifier>	HP_WGA_14	</identifier>
				<transform>
					<row0>	-0.7071 0.0000 -0.7071 0.0000	</row0>
					<row1>	0.0000 1.0000 0.0000 0.0000	</row1>
					<row2>	0.7071 0.0000 -0.7071 0.0000	</row2>
					<row3>	0.4251 0.2974 -3.8762 1.0000	</row3>
				</transform>
			</node>
			<node>
				<identifier>	HP_WGA_7	</identifier>
				<transform>
					<row0>	0.0000 0.0000 1.0000 0.0000	</row0>
					<row1>	0.0000 1.0000 0.0000 0.0000	</row1>
					<row2>	-1.0000 0.0000 0.0000 0.0000	</row2>
					<row3>	-0.5900 0.6322 0.5250 1.0000	</row3>
				</transform>
			</node>
			<node>
				<identifier>	HP_WGA_8	</identifier>
				<transform>
					<row0>	0.0000 0.0000 -1.0000 0.0000	</row0>
					<row1>	0.0000 1.0000 0.0000 0.0000	</row1>
					<row2>	1.0000 0.0000 0.0000 0.0000	</row2>
					<row3>	0.5900 0.6322 0.5250 1.0000	</row3>
				</transform>
			</node>
			<node>
				<identifier>	HP_WGA_9	</identifier>
				<transform>
					<row0>	0.0000 0.0000 1.0000 0.0000	</row0>
					<row1>	0.0000 1.0000 0.0000 0.0000	</row1>
					<row2>	-1.0000 0.0000 0.0000 0.0000	</row2>
					<row3>	-0.5900 0.6322 -0.9162 1.0000	</row3>
				</transform>
			</node>
			<node>
				<identifier>	HP_WGM_3	</identifier>
				<transform>
					<row0>	-1.0000 0.0000 0.0000 0.0000	</row0>
					<row1>	0.0000 1.0000 0.0000 0.0000	</row1>
					<row2>	0.0000 0.0000 -1.0000 0.0000	</row2>
					<row3>	0.0000 0.5885 -2.3928 1.0000	</row3>
				</transform>
			</node>
			<node>
				<identifier>	HP_WGS_10	</identifier>
				<transform>
					<row0>	0.9976 0.0000 -0.0698 0.0000	</row0>
					<row1>	0.0000 1.0000 0.0000 0.0000	</row1>
					<row2>	0.0698 0.0000 0.9976 0.0000	</row2>
					<row3>	0.9760 0.3577 0.8343 1.0000	</row3>
				</transform>
			</node>
			<node>
				<identifier>	HP_WGS_11	</identifier>
				<transform>
					<row0>	1.0000 0.0000 0.0000 0.0000	</row0>
					<row1>	0.0000 1.0000 0.0000 0.0000	</row1>
					<row2>	0.0000 0.0000 1.0000 0.0000	</row2>
					<row3>	-0.8941 0.4879 0.2841 1.0000	</row3>
				</transform>
			</node>
			<node>
				<identifier>	HP_WGS_12	</identifier>
				<transform>
					<row0>	1.0000 0.0000 0.0000 0.0000	</row0>
					<row1>	0.0000 1.0000 0.0000 0.0000	</row1>
					<row2>	0.0000 0.0000 1.0000 0.0000	</row2>
					<row3>	0.8941 0.4879 0.2841 1.0000	</row3>
				</transform>
			</node>
			<node>
				<identifier>	HP_WGS_13	</identifier>
				<transform>
					<row0>	1.0000 0.0000 0.0000 0.0000	</row0>
					<row1>	0.0000 1.0000 0.0000 0.0000	</row1>
					<row2>	0.0000 0.0000 1.0000 0.0000	</row2>
					<row3>	-0.8352 0.6450 -0.1956 1.0000	</row3>
				</transform>
			</node>
			<node>
				<identifier>	HP_WGS_14	</identifier>
				<transform>
					<row0>	1.0000 0.0000 0.0000 0.0000	</row0>
					<row1>	0.0000 1.0000 0.0000 0.0000	</row1>
					<row2>	0.0000 0.0000 1.0000 0.0000	</row2>
					<row3>	0.8352 0.6450 -0.1956 1.0000	</row3>
				</transform>
			</node>
			<node>
				<identifier>	HP_WGS_15	</identifier>
				<transform>
					<row0>	-1.0000 0.0000 0.0000 0.0000	</row0>
					<row1>	0.0000 1.0000 0.0000 0.0000	</row1>
					<row2>	0.0000 0.0000 -1.0000 0.0000	</row2>
					<row3>	-0.8941 0.4879 -0.6761 1.0000	</row3>
				</transform>
			</node>
			<node>
				<identifier>	HP_WGS_16	</identifier>
				<transform>
					<row0>	-1.0000 0.0000 0.0000 0.0000	</row0>
					<row1>	0.0000 1.0000 0.0000 0.0000	</row1>
					<row2>	0.0000 0.0000 -1.0000 0.0000	</row2>
					<row3>	0.8941 0.4879 -0.6761 1.0000	</row3>
				</transform>
			</node>
			<node>
				<identifier>	HP_WGS_17	</identifier>
				<transform>
					<row0>	-1.0000 0.0000 0.0000 0.0000	</row0>
					<row1>	0.0000 1.0000 0.0000 0.0000	</row1>
					<row2>	0.0000 0.0000 -1.0000 0.0000	</row2>
					<row3>	-0.9392 0.1908 -1.9788 1.0000	</row3>
				</transform>
			</node>
			<node>
				<identifier>	HP_WGS_18	</identifier>
				<transform>
					<row0>	-1.0000 0.0000 0.0000 0.0000	</row0>
					<row1>	0.0000 1.0000 0.0000 0.0000	</row1>
					<row2>	0.0000 0.0000 -1.0000 0.0000	</row2>
					<row3>	0.9392 0.1908 -1.9788 1.0000	</row3>
				</transform>
			</node>
			<node>
				<identifier>	HP_WGS_19	</identifier>
				<transform>
					<row0>	-1.0000 0.0000 0.0000 0.0000	</row0>
					<row1>	0.0000 1.0000 0.0000 0.0000	</row1>
					<row2>	0.0000 0.0000 -1.0000 0.0000	</row2>
					<row3>	-0.8190 0.1908 -2.7318 1.0000	</row3>
				</transform>
			</node>
			<node>
				<identifier>	HP_WGS_20	</identifier>
				<transform>
					<row0>	-1.0000 0.0000 0.0000 0.0000	</row0>
					<row1>	0.0000 1.0000 0.0000 0.0000	</row1>
					<row2>	0.0000 0.0000 -1.0000 0.0000	</row2>
					<row3>	0.8190 0.1908 -2.7318 1.0000	</row3>
				</transform>
			</node>
			<node>
				<identifier>	HP_WGS_9	</identifier>
				<transform>
					<row0>	0.9976 0.0000 0.0698 0.0000	</row0>
					<row1>	0.0000 1.0000 0.0000 0.0000	</row1>
					<row2>	-0.0698 0.0000 0.9976 0.0000	</row2>
					<row3>	-0.9760 0.3577 0.8343 1.0000	</row3>
				</transform>
			</node>
			<node>
				<identifier>	HP_WGT_1	</identifier>
				<transform>
					<row0>	1.0000 0.0000 0.0000 0.0000	</row0>
					<row1>	0.0000 1.0000 0.0000 0.0000	</row1>
					<row2>	0.0000 0.0000 1.0000 0.0000	</row2>
					<row3>	-0.8861 0.2985 -1.5565 1.0000	</row3>
				</transform>
			</node>
			<node>
				<identifier>	HP_WGT_2	</identifier>
				<transform>
					<row0>	1.0000 0.0000 0.0000 0.0000	</row0>
					<row1>	0.0000 1.0000 0.0000 0.0000	</row1>
					<row2>	0.0000 0.0000 1.0000 0.0000	</row2>
					<row3>	0.8861 0.2985 -1.5565 1.0000	</row3>
				</transform>
			</node>
			<node>
				<identifier>	HP_WGT_3	</identifier>
				<transform>
					<row0>	1.0000 0.0000 0.0000 0.0000	</row0>
					<row1>	0.0000 1.0000 0.0000 0.0000	</row1>
					<row2>	0.0000 0.0000 1.0000 0.0000	</row2>
					<row3>	-0.7807 0.2985 -2.3561 1.0000	</row3>
				</transform>
			</node>
			<node>
				<identifier>	HP_WGT_4	</identifier>
				<transform>
					<row0>	1.0000 0.0000 0.0000 0.0000	</row0>
					<row1>	0.0000 1.0000 0.0000 0.0000	</row1>
					<row2>	0.0000 0.0000 1.0000 0.0000	</row2>
					<row3>	0.7807 0.2985 -2.3561 1.0000	</row3>
				</transform>
			</node>
			<node>
				<identifier>	HP_WRS_3	</identifier>
				<transform>
					<row0>	-1.0000 0.0000 0.0000 0.0000	</row0>
					<row1>	0.0000 1.0000 0.0000 0.0000	</row1>
					<row2>	0.0000 0.0000 -1.0000 0.0000	</row2>
					<row3>	0.0000 2.1038 -0.5423 1.0000	</row3>
				</transform>
			</node>
			<node>
				<identifier>	HP_WRS_4	</identifier>
				<transform>
					<row0>	-1.0000 0.0000 0.0000 0.0000	</row0>
					<row1>	0.0000 1.0000 0.0000 0.0000	</row1>
					<row2>	0.0000 0.0000 -1.0000 0.0000	</row2>
					<row3>	0.0000 1.7133 -0.7050 1.0000	</row3>
				</transform>
			</node>
			<node>
				<identifier>	HP_WRS_5	</identifier>
				<transform>
					<row0>	-1.0000 0.0000 0.0000 0.0000	</row0>
					<row1>	0.0000 1.0000 0.0000 0.0000	</row1>
					<row2>	0.0000 0.0000 -1.0000 0.0000	</row2>
					<row3>	-0.0033 1.2001 -0.7583 1.0000	</row3>
				</transform>
			</node>
			<node>
				<identifier>	HP_flag_1	</identifier>
				<transform>
					<row0>	0.9964 0.0850 0.0056 0.0000	</row0>
					<row1>	-0.0850 0.9876 0.1319 0.0000	</row1>
					<row2>	0.0056 -0.1319 0.9913 0.0000	</row2>
					<row3>	0.2898 2.0167 -0.5547 1.0000	</row3>
				</transform>
			</node>
			<node>
				<identifier>	HP_flag_2	</identifier>
				<transform>
					<row0>	0.9964 -0.0850 -0.0056 0.0000	</row0>
					<row1>	0.0850 0.9876 0.1319 0.0000	</row1>
					<row2>	-0.0056 -0.1319 0.9913 0.0000	</row2>
					<row3>	-0.2898 2.0167 -0.5547 1.0000	</row3>
				</transform>
			</node>
			<node>
				<identifier>	HP_flag_3	</identifier>
				<transform>
					<row0>	0.9893 0.1455 0.0108 0.0000	</row0>
					<row1>	-0.1455 0.9784 0.1467 0.0000	</row1>
					<row2>	0.0108 -0.1467 0.9891 0.0000	</row2>
					<row3>	0.1904 2.0172 -0.5555 1.0000	</row3>
				</transform>
			</node>
			<node>
				<identifier>	HP_flag_4	</identifier>
				<transform>
					<row0>	0.9893 -0.1455 -0.0108 0.0000	</row0>
					<row1>	0.1455 0.9784 0.1467 0.0000	</row1>
					<row2>	-0.0108 -0.1467 0.9891 0.0000	</row2>
					<row3>	-0.1904 2.0172 -0.5555 1.0000	</row3>
				</transform>
			</node>
			<node>
				<identifier>	HP_flag_nation	</identifier>
				<transform>
					<row0>	0.9956 0.0935 0.0056 0.0000	</row0>
					<row1>	-0.0935 0.9884 0.1199 0.0000	</row1>
					<row2>	0.0056 -0.1199 0.9928 0.0000	</row2>
					<row3>	0.0006 2.2926 -0.8151 1.0000	</row3>
				</transform>
			</node>
			<node>
				<identifier>	HP_flag_rank	</identifier>
				<transform>
					<row0>	0.9956 0.0935 0.0056 0.0000	</row0>
					<row1>	-0.0935 0.9884 0.1199 0.0000	</row1>
					<row2>	0.0056 -0.1199 0.9928 0.0000	</row2>
					<row3>	0.0217 2.0697 -0.8422 1.0000	</row3>
				</transform>
			</node>
			<node>
				<identifier>	MP_CM011_Fire_Fighting_Gear	</identifier>
				<transform>
					<row0>	0.0000 0.0000 1.0000 0.0000	</row0>
					<row1>	0.0000 1.0000 0.0000 0.0000	</row1>
					<row2>	-1.0000 0.0000 0.0000 0.0000	</row2>
					<row3>	0.4200 0.2892 -2.2361 1.0000	</row3>
				</transform>
			</node>
			<node>
				<identifier>	MP_CM011_Fire_Fighting_Gear_INDEX_1	</identifier>
				<transform>
					<row0>	0.0000 0.0000 -1.0000 0.0000	</row0>
					<row1>	0.0000 1.0000 0.0000 0.0000	</row1>
					<row2>	1.0000 0.0000 0.0000 0.0000	</row2>
					<row3>	-0.4200 0.2892 -2.2361 1.0000	</row3>
				</transform>
			</node>
			<node>
				<identifier>	MP_CM011_Fire_Fighting_Gear_INDEX_2	</identifier>
				<transform>
					<row0>	1.0000 0.0000 0.0000 0.0000	</row0>
					<row1>	0.0000 1.0000 0.0000 0.0000	</row1>
					<row2>	0.0000 0.0000 1.0000 0.0000	</row2>
					<row3>	0.5339 0.4555 -1.0924 1.0000	</row3>
				</transform>
			</node>
			<node>
				<identifier>	MP_CM011_Fire_Fighting_Gear_INDEX_3	</identifier>
				<transform>
					<row0>	1.0000 0.0000 0.0000 0.0000	</row0>
					<row1>	0.0000 1.0000 0.0000 0.0000	</row1>
					<row2>	0.0000 0.0000 1.0000 0.0000	</row2>
					<row3>	-0.5339 0.4555 -1.0924 1.0000	</row3>
				</transform>
			</node>
			<node>
				<identifier>	MP_CM011_Fire_Fighting_Gear_INDEX_4	</identifier>
				<transform>
					<row0>	1.0000 0.0000 0.0000 0.0000	</row0>
					<row1>	0.0000 1.0000 0.0000 0.0000	</row1>
					<row2>	0.0000 0.0000 1.0000 0.0000	</row2>
					<row3>	-0.1331 0.2892 -4.2927 1.0000	</row3>
				</transform>
			</node>
			<node>
				<identifier>	MP_CM011_Fire_Fighting_Gear_INDEX_5	</identifier>
				<transform>
					<row0>	1.0000 0.0000 0.0000 0.0000	</row0>
					<row1>	0.0000 1.0000 0.0000 0.0000	</row1>
					<row2>	0.0000 0.0000 1.0000 0.0000	</row2>
					<row3>	0.1331 0.2892 -4.2927 1.0000	</row3>
				</transform>
			</node>
			<node>
				<identifier>	MP_CM014_Fuel_Oil_Hose	</identifier>
				<transform>
					<row0>	0.0000 0.0000 -1.0000 0.0000	</row0>
					<row1>	0.0000 1.0000 0.0000 0.0000	</row1>
					<row2>	1.0000 0.0000 0.0000 0.0000	</row2>
					<row3>	0.4813 0.4882 0.6924 1.0000	</row3>
				</transform>
			</node>
			<node>
				<identifier>	MP_CM014_Fuel_Oil_Hose_INDEX_1	</identifier>
				<transform>
					<row0>	0.0000 -0.1725 0.9850 0.0000	</row0>
					<row1>	0.0000 0.9850 0.1725 0.0000	</row1>
					<row2>	-1.0000 0.0000 0.0000 0.0000	</row2>
					<row3>	-0.0614 0.3188 -4.2624 1.0000	</row3>
				</transform>
			</node>
			<node>
				<identifier>	MP_CM014_Fuel_Oil_Hose_INDEX_2	</identifier>
				<transform>
					<row0>	0.0000 -0.1725 0.9850 0.0000	</row0>
					<row1>	0.0000 0.9850 0.1725 0.0000	</row1>
					<row2>	-1.0000 0.0000 0.0000 0.0000	</row2>
					<row3>	-0.0614 0.3488 -4.2572 1.0000	</row3>
				</transform>
			</node>
			<node>
				<identifier>	MP_CM014_Fuel_Oil_Hose_INDEX_3	</identifier>
				<transform>
					<row0>	0.0000 0.0000 -1.0000 0.0000	</row0>
					<row1>	0.0000 1.0000 0.0000 0.0000	</row1>
					<row2>	1.0000 0.0000 0.0000 0.0000	</row2>
					<row3>	-0.4813 0.4882 0.6924 1.0000	</row3>
				</transform>
			</node>
			<node>
				<identifier>	MP_CM029_Emergency_Box	</identifier>
				<transform>
					<row0>	-0.4835 0.0000 -0.8754 0.0000	</row0>
					<row1>	0.0000 1.0000 0.0000 0.0000	</row1>
					<row2>	0.8754 0.0000 -0.4835 0.0000	</row2>
					<row3>	-0.1484 0.6842 -0.4616 1.0000	</row3>
				</transform>
			</node>
			<node>
				<identifier>	MP_CM029_Emergency_Box_INDEX_1	</identifier>
				<transform>
					<row0>	-0.4835 0.0000 0.8754 0.0000	</row0>
					<row1>	0.0000 1.0000 0.0000 0.0000	</row1>
					<row2>	-0.8754 0.0000 -0.4835 0.0000	</row2>
					<row3>	0.1484 0.6842 -0.4616 1.0000	</row3>
				</transform>
			</node>
			<node>
				<identifier>	MP_CM029_Emergency_Box_INDEX_2	</identifier>
				<transform>
					<row0>	0.0000 0.0000 -1.0000 0.0000	</row0>
					<row1>	0.0000 1.0000 0.0000 0.0000	</row1>
					<row2>	1.0000 0.0000 0.0000 0.0000	</row2>
					<row3>	-0.1322 0.8585 -1.2151 1.0000	</row3>
				</transform>
			</node>
			<node>
				<identifier>	MP_CM029_Emergency_Box_INDEX_3	</identifier>
				<transform>
					<row0>	0.0000 0.0000 1.0000 0.0000	</row0>
					<row1>	0.0000 1.0000 0.0000 0.0000	</row1>
					<row2>	-1.0000 0.0000 0.0000 0.0000	</row2>
					<row3>	0.1322 0.8585 -1.2151 1.0000	</row3>
				</transform>
			</node>
			<node>
				<identifier>	MP_CM029_Emergency_Box_INDEX_4	</identifier>
				<transform>
					<row0>	0.0000 0.0000 1.0000 0.0000	</row0>
					<row1>	0.0000 1.0000 0.0000 0.0000	</row1>
					<row2>	-1.0000 0.0000 0.0000 0.0000	</row2>
					<row3>	0.1503 0.3666 -4.1308 1.0000	</row3>
				</transform>
			</node>
			<node>
				<identifier>	MP_CM029_Emergency_Box_INDEX_5	</identifier>
				<transform>
					<row0>	0.0000 0.0000 1.0000 0.0000	</row0>
					<row1>	0.0000 1.0000 0.0000 0.0000	</row1>
					<row2>	-1.0000 0.0000 0.0000 0.0000	</row2>
					<row3>	0.3287 0.6842 -0.8285 1.0000	</row3>
				</transform>
			</node>
			<node>
				<identifier>	MP_CM029_Emergency_Box_INDEX_6	</identifier>
				<transform>
					<row0>	0.0000 0.0000 -1.0000 0.0000	</row0>
					<row1>	0.0000 1.0000 0.0000 0.0000	</row1>
					<row2>	1.0000 0.0000 0.0000 0.0000	</row2>
					<row3>	-0.4084 0.3829 -2.1160 1.0000	</row3>
				</transform>
			</node>
			<node>
				<identifier>	MP_CM029_Emergency_Box_INDEX_7	</identifier>
				<transform>
					<row0>	0.0000 0.0000 -1.0000 0.0000	</row0>
					<row1>	0.0000 1.0000 0.0000 0.0000	</row1>
					<row2>	1.0000 0.0000 0.0000 0.0000	</row2>
					<row3>	-0.1503 0.3666 -4.1308 1.0000	</row3>
				</transform>
			</node>
			<node>
				<identifier>	MP_CM029_Emergency_Box_INDEX_8	</identifier>
				<transform>
					<row0>	0.0000 0.0000 1.0000 0.0000	</row0>
					<row1>	0.0000 1.0000 0.0000 0.0000	</row1>
					<row2>	-1.0000 0.0000 0.0000 0.0000	</row2>
					<row3>	0.4084 0.3829 -2.1160 1.0000	</row3>
				</transform>
			</node>
			<node>
				<identifier>	MP_CM029_Emergency_Box_INDEX_9	</identifier>
				<transform>
					<row0>	0.0000 0.0000 -1.0000 0.0000	</row0>
					<row1>	0.0000 1.0000 0.0000 0.0000	</row1>
					<row2>	1.0000 0.0000 0.0000 0.0000	</row2>
					<row3>	-0.3287 0.6842 -0.8285 1.0000	</row3>
				</transform>
			</node>
			<node>
				<identifier>	MP_CM030_Swab_Rack_2	</identifier>
				<transform>
					<row0>	1.0000 0.0000 0.0000 0.0000	</row0>
					<row1>	0.0000 1.0000 0.0000 0.0000	</row1>
					<row2>	0.0000 0.0000 1.0000 0.0000	</row2>
					<row3>	0.2872 0.4556 0.6911 1.0000	</row3>
				</transform>
			</node>
			<node>
				<identifier>	MP_CM030_Swab_Rack_2_INDEX_1	</identifier>
				<transform>
					<row0>	1.0000 0.0000 0.0000 0.0000	</row0>
					<row1>	0.0000 1.0000 0.0000 0.0000	</row1>
					<row2>	0.0000 0.0000 1.0000 0.0000	</row2>
					<row3>	-0.2872 0.4556 0.6911 1.0000	</row3>
				</transform>
			</node>
			<node>
				<identifier>	MP_CM052_Fender	</identifier>
				<transform>
					<row0>	-0.6695 0.0000 -0.2044 0.0000	</row0>
					<row1>	0.0000 0.7000 0.0000 0.0000	</row1>
					<row2>	0.2044 0.0000 -0.6695 0.0000	</row2>
					<row3>	0.1033 0.2887 -2.8052 1.0000	</row3>
				</transform>
			</node>
			<node>
				<identifier>	MP_CM052_Fender_INDEX_1	</identifier>
				<transform>
					<row0>	-0.6695 0.0000 0.2044 0.0000	</row0>
					<row1>	0.0000 0.7000 0.0000 0.0000	</row1>
					<row2>	-0.2044 0.0000 -0.6695 0.0000	</row2>
					<row3>	-0.1033 0.2887 -2.8052 1.0000	</row3>
				</transform>
			</node>
			<node>
				<identifier>	MP_CM052_Fender_INDEX_2	</identifier>
				<transform>
					<row0>	-0.5087 0.0000 0.4808 0.0000	</row0>
					<row1>	0.0000 0.7000 0.0000 0.0000	</row1>
					<row2>	-0.4808 0.0000 -0.5087 0.0000	</row2>
					<row3>	-0.9578 0.2889 -1.0304 1.0000	</row3>
				</transform>
			</node>
			<node>
				<identifier>	MP_CM052_Fender_INDEX_3	</identifier>
				<transform>
					<row0>	-0.6968 0.0000 0.0664 0.0000	</row0>
					<row1>	0.0000 0.7000 0.0000 0.0000	</row1>
					<row2>	-0.0664 0.0000 -0.6968 0.0000	</row2>
					<row3>	-0.0583 0.2887 -2.8137 1.0000	</row3>
				</transform>
			</node>
			<node>
				<identifier>	MP_CM052_Fender_INDEX_4	</identifier>
				<transform>
					<row0>	-0.5087 0.0000 -0.4808 0.0000	</row0>
					<row1>	0.0000 0.7000 0.0000 0.0000	</row1>
					<row2>	0.4808 0.0000 -0.5087 0.0000	</row2>
					<row3>	0.9912 0.2889 -0.9988 1.0000	</row3>
				</transform>
			</node>
			<node>
				<identifier>	MP_CM052_Fender_INDEX_5	</identifier>
				<transform>
					<row0>	-0.6968 0.0000 -0.0664 0.0000	</row0>
					<row1>	0.0000 0.7000 0.0000 0.0000	</row1>
					<row2>	0.0664 0.0000 -0.6968 0.0000	</row2>
					<row3>	0.0583 0.2887 -2.8137 1.0000	</row3>
				</transform>
			</node>
			<node>
				<identifier>	MP_CM052_Fender_INDEX_6	</identifier>
				<transform>
					<row0>	-0.5087 0.0000 -0.4808 0.0000	</row0>
					<row1>	0.0000 0.7000 0.0000 0.0000	</row1>
					<row2>	0.4808 0.0000 -0.5087 0.0000	</row2>
					<row3>	0.9578 0.2889 -1.0304 1.0000	</row3>
				</transform>
			</node>
			<node>
				<identifier>	MP_CM052_Fender_INDEX_7	</identifier>
				<transform>
					<row0>	-0.5087 0.0000 0.4808 0.0000	</row0>
					<row1>	0.0000 0.7000 0.0000 0.0000	</row1>
					<row2>	-0.4808 0.0000 -0.5087 0.0000	</row2>
					<row3>	-0.9912 0.2889 -0.9988 1.0000	</row3>
				</transform>
			</node>
			<node>
				<identifier>	MP_CM056_Ships_bell	</identifier>
				<transform>
					<row0>	1.0000 0.0000 0.0000 0.0000	</row0>
					<row1>	0.0000 1.0000 0.0000 0.0000	</row1>
					<row2>	0.0000 0.0000 1.0000 0.0000	</row2>
					<row3>	0.0000 0.7814 -0.4151 1.0000	</row3>
				</transform>
			</node>
			<node>
				<identifier>	MP_CM093_Rope	</identifier>
				<transform>
					<row0>	0.2909 0.0000 -0.3762 0.0000	</row0>
					<row1>	0.0000 0.4756 0.0000 0.0000	</row1>
					<row2>	0.3762 0.0000 0.2909 0.0000	</row2>
					<row3>	0.3660 0.8457 -0.7317 1.0000	</row3>
				</transform>
			</node>
			<node>
				<identifier>	MP_CM093_Rope_INDEX_1	</identifier>
				<transform>
					<row0>	0.2909 0.0000 0.3762 0.0000	</row0>
					<row1>	0.0000 0.4756 0.0000 0.0000	</row1>
					<row2>	-0.3762 0.0000 0.2909 0.0000	</row2>
					<row3>	-0.3810 0.8457 -0.7197 1.0000	</row3>
				</transform>
			</node>
			<node>
				<identifier>	MP_CM093_Rope_INDEX_2	</identifier>
				<transform>
					<row0>	0.2909 0.0000 -0.3762 0.0000	</row0>
					<row1>	0.0000 0.4756 0.0000 0.0000	</row1>
					<row2>	0.3762 0.0000 0.2909 0.0000	</row2>
					<row3>	0.3810 0.8457 -0.7197 1.0000	</row3>
				</transform>
			</node>
			<node>
				<identifier>	MP_CM093_Rope_INDEX_3	</identifier>
				<transform>
					<row0>	0.4756 0.0000 0.0000 0.0000	</row0>
					<row1>	0.0000 0.4756 0.0000 0.0000	</row1>
					<row2>	0.0000 0.0000 0.4756 0.0000	</row2>
					<row3>	0.1216 1.0079 -0.9696 1.0000	</row3>
				</transform>
			</node>
			<node>
				<identifier>	MP_CM093_Rope_INDEX_4	</identifier>
				<transform>
					<row0>	0.2909 0.0000 -0.3762 0.0000	</row0>
					<row1>	0.0000 0.4756 0.0000 0.0000	</row1>
					<row2>	0.3762 0.0000 0.2909 0.0000	</row2>
					<row3>	0.3909 0.8457 -0.7119 1.0000	</row3>
				</transform>
			</node>
			<node>
				<identifier>	MP_CM093_Rope_INDEX_5	</identifier>
				<transform>
					<row0>	0.2909 0.0000 0.3762 0.0000	</row0>
					<row1>	0.0000 0.4756 0.0000 0.0000	</row1>
					<row2>	-0.3762 0.0000 0.2909 0.0000	</row2>
					<row3>	-0.3907 0.8457 -0.7117 1.0000	</row3>
				</transform>
			</node>
			<node>
				<identifier>	MP_CM093_Rope_INDEX_6	</identifier>
				<transform>
					<row0>	0.2909 0.0000 -0.3762 0.0000	</row0>
					<row1>	0.0000 0.4756 0.0000 0.0000	</row1>
					<row2>	0.3762 0.0000 0.2909 0.0000	</row2>
					<row3>	0.3551 0.8457 -0.7405 1.0000	</row3>
				</transform>
			</node>
			<node>
				<identifier>	MP_CM093_Rope_INDEX_7	</identifier>
				<transform>
					<row0>	0.2909 0.0000 0.3762 0.0000	</row0>
					<row1>	0.0000 0.4756 0.0000 0.0000	</row1>
					<row2>	-0.3762 0.0000 0.2909 0.0000	</row2>
					<row3>	-0.3661 0.8457 -0.7318 1.0000	</row3>
				</transform>
			</node>
			<node>
				<identifier>	MP_CM093_Rope_INDEX_8	</identifier>
				<transform>
					<row0>	0.2909 0.0000 0.3762 0.0000	</row0>
					<row1>	0.0000 0.4756 0.0000 0.0000	</row1>
					<row2>	-0.3762 0.0000 0.2909 0.0000	</row2>
					<row3>	-0.3553 0.8457 -0.7408 1.0000	</row3>
				</transform>
			</node>
			<node>
				<identifier>	MP_WM004_Life_buoy	</identifier>
				<transform>
					<row0>	0.1003 0.0000 0.9950 0.0000	</row0>
					<row1>	0.0000 1.0000 0.0000 0.0000	</row1>
					<row2>	-0.9950 0.0000 0.1003 0.0000	</row2>
					<row3>	0.9697 0.5267 1.0136 1.0000	</row3>
				</transform>
			</node>
			<node>
				<identifier>	MP_WM004_Life_buoy_INDEX_1	</identifier>
				<transform>
					<row0>	0.0000 0.0000 1.0000 0.0000	</row0>
					<row1>	0.0000 1.0000 0.0000 0.0000	</row1>
					<row2>	-1.0000 0.0000 0.0000 0.0000	</row2>
					<row3>	0.7800 0.3597 -4.3189 1.0000	</row3>
				</transform>
			</node>
			<node>
				<identifier>	MP_WM004_Life_buoy_INDEX_2	</identifier>
				<transform>
					<row0>	0.1003 0.0000 -0.9950 0.0000	</row0>
					<row1>	0.0000 1.0000 0.0000 0.0000	</row1>
					<row2>	0.9950 0.0000 0.1003 0.0000	</row2>
					<row3>	-0.9697 0.5267 1.0136 1.0000	</row3>
				</transform>
			</node>
			<node>
				<identifier>	MP_WM004_Life_buoy_INDEX_3	</identifier>
				<transform>
					<row0>	0.0000 0.0000 -1.0000 0.0000	</row0>
					<row1>	0.0000 1.0000 0.0000 0.0000	</row1>
					<row2>	1.0000 0.0000 0.0000 0.0000	</row2>
					<row3>	-0.7800 0.3597 -4.3189 1.0000	</row3>
				</transform>
			</node>
			<node>
				<identifier>	MP_WM020_Reels	</identifier>
				<transform>
					<row0>	0.0000 0.0000 1.5000 0.0000	</row0>
					<row1>	0.0000 1.5000 0.0000 0.0000	</row1>
					<row2>	-1.5000 0.0000 0.0000 0.0000	</row2>
					<row3>	-0.6516 0.6220 -0.5197 1.0000	</row3>
				</transform>
			</node>
			<node>
				<identifier>	MP_WM020_Reels_INDEX_1	</identifier>
				<transform>
					<row0>	0.0000 0.0000 -1.5000 0.0000	</row0>
					<row1>	0.0000 1.5000 0.0000 0.0000	</row1>
					<row2>	1.5000 0.0000 0.0000 0.0000	</row2>
					<row3>	0.6516 0.6220 -0.5197 1.0000	</row3>
				</transform>
			</node>
			<node>
				<identifier>	MP_WM020_Reels_INDEX_2	</identifier>
				<transform>
					<row0>	0.0000 0.0000 -1.5000 0.0000	</row0>
					<row1>	0.0000 1.5000 0.0000 0.0000	</row1>
					<row2>	1.5000 0.0000 0.0000 0.0000	</row2>
					<row3>	0.2016 0.6220 1.1404 1.0000	</row3>
				</transform>
			</node>
			<node>
				<identifier>	MP_WM020_Reels_INDEX_3	</identifier>
				<transform>
					<row0>	0.0000 0.0000 1.5000 0.0000	</row0>
					<row1>	0.0000 1.5000 0.0000 0.0000	</row1>
					<row2>	-1.5000 0.0000 0.0000 0.0000	</row2>
					<row3>	-0.2016 0.6220 1.1404 1.0000	</row3>
				</transform>
			</node>
			<node>
				<identifier>	MP_WM025_Turtles_box_SW	</identifier>
				<transform>
					<row0>	0.0000 0.0000 1.0000 0.0000	</row0>
					<row1>	0.0000 1.0000 0.0000 0.0000	</row1>
					<row2>	-1.0000 0.0000 0.0000 0.0000	</row2>
					<row3>	-0.4039 0.3337 -1.7306 1.0000	</row3>
				</transform>
			</node>
			<node>
				<identifier>	MP_WM025_Turtles_box_SW_INDEX_1	</identifier>
				<transform>
					<row0>	0.9246 0.0000 0.3809 0.0000	</row0>
					<row1>	0.0000 1.0000 0.0000 0.0000	</row1>
					<row2>	-0.3809 0.0000 0.9246 0.0000	</row2>
					<row3>	-0.5516 0.6594 -0.4207 1.0000	</row3>
				</transform>
			</node>
			<node>
				<identifier>	MP_WM025_Turtles_box_SW_INDEX_10	</identifier>
				<transform>
					<row0>	0.9246 0.0000 -0.3809 0.0000	</row0>
					<row1>	0.0000 1.0000 0.0000 0.0000	</row1>
					<row2>	0.3809 0.0000 0.9246 0.0000	</row2>
					<row3>	0.5516 0.6594 -0.4207 1.0000	</row3>
				</transform>
			</node>
			<node>
				<identifier>	MP_WM025_Turtles_box_SW_INDEX_11	</identifier>
				<transform>
					<row0>	-0.7964 0.0000 0.6048 0.0000	</row0>
					<row1>	0.0000 1.0000 0.0000 0.0000	</row1>
					<row2>	-0.6048 0.0000 -0.7964 0.0000	</row2>
					<row3>	0.4497 0.6594 -0.5980 1.0000	</row3>
				</transform>
			</node>
			<node>
				<identifier>	MP_WM025_Turtles_box_SW_INDEX_2	</identifier>
				<transform>
					<row0>	0.0000 0.0000 1.0000 0.0000	</row0>
					<row1>	0.0000 1.0000 0.0000 0.0000	</row1>
					<row2>	-1.0000 0.0000 0.0000 0.0000	</row2>
					<row3>	-0.1473 0.3183 -3.8999 1.0000	</row3>
				</transform>
			</node>
			<node>
				<identifier>	MP_WM025_Turtles_box_SW_INDEX_3	</identifier>
				<transform>
					<row0>	-0.8748 0.0000 -0.4845 0.0000	</row0>
					<row1>	0.0000 1.0000 0.0000 0.0000	</row1>
					<row2>	0.4845 0.0000 -0.8748 0.0000	</row2>
					<row3>	0.2036 0.3337 -2.7403 1.0000	</row3>
				</transform>
			</node>
			<node>
				<identifier>	MP_WM025_Turtles_box_SW_INDEX_4	</identifier>
				<transform>
					<row0>	-1.0000 0.0000 0.0000 0.0000	</row0>
					<row1>	0.0000 1.0000 0.0000 0.0000	</row1>
					<row2>	0.0000 0.0000 -1.0000 0.0000	</row2>
					<row3>	-0.3334 0.6350 0.6880 1.0000	</row3>
				</transform>
			</node>
			<node>
				<identifier>	MP_WM025_Turtles_box_SW_INDEX_5	</identifier>
				<transform>
					<row0>	-0.8748 0.0000 0.4845 0.0000	</row0>
					<row1>	0.0000 1.0000 0.0000 0.0000	</row1>
					<row2>	-0.4845 0.0000 -0.8748 0.0000	</row2>
					<row3>	-0.2036 0.3337 -2.7403 1.0000	</row3>
				</transform>
			</node>
			<node>
				<identifier>	MP_WM025_Turtles_box_SW_INDEX_6	</identifier>
				<transform>
					<row0>	-0.7964 0.0000 -0.6048 0.0000	</row0>
					<row1>	0.0000 1.0000 0.0000 0.0000	</row1>
					<row2>	0.6048 0.0000 -0.7964 0.0000	</row2>
					<row3>	-0.4497 0.6594 -0.5980 1.0000	</row3>
				</transform>
			</node>
			<node>
				<identifier>	MP_WM025_Turtles_box_SW_INDEX_7	</identifier>
				<transform>
					<row0>	-1.0000 0.0000 0.0000 0.0000	</row0>
					<row1>	0.0000 1.0000 0.0000 0.0000	</row1>
					<row2>	0.0000 0.0000 -1.0000 0.0000	</row2>
					<row3>	0.3334 0.6350 0.6880 1.0000	</row3>
				</transform>
			</node>
			<node>
				<identifier>	MP_WM025_Turtles_box_SW_INDEX_8	</identifier>
				<transform>
					<row0>	0.0000 0.0000 -1.0000 0.0000	</row0>
					<row1>	0.0000 1.0000 0.0000 0.0000	</row1>
					<row2>	1.0000 0.0000 0.0000 0.0000	</row2>
					<row3>	0.4039 0.3337 -1.7306 1.0000	</row3>
				</transform>
			</node>
			<node>
				<identifier>	MP_WM025_Turtles_box_SW_INDEX_9	</identifier>
				<transform>
					<row0>	0.0000 0.0000 -1.0000 0.0000	</row0>
					<row1>	0.0000 1.0000 0.0000 0.0000	</row1>
					<row2>	1.0000 0.0000 0.0000 0.0000	</row2>
					<row3>	0.1473 0.3183 -3.8999 1.0000	</row3>
				</transform>
			</node>
			<node>
				<identifier>	MP_WM030_Fire_Hose_SW	</identifier>
				<transform>
					<row0>	0.0000 0.0000 1.0000 0.0000	</row0>
					<row1>	0.0000 1.0000 0.0000 0.0000	</row1>
					<row2>	-1.0000 0.0000 0.0000 0.0000	</row2>
					<row3>	-0.4047 0.3396 -2.1522 1.0000	</row3>
				</transform>
			</node>
			<node>
				<identifier>	MP_WM030_Fire_Hose_SW_INDEX_1	</identifier>
				<transform>
					<row0>	-1.0000 0.0000 0.0000 0.0000	</row0>
					<row1>	0.0000 1.0000 0.0000 0.0000	</row1>
					<row2>	0.0000 0.0000 -1.0000 0.0000	</row2>
					<row3>	-0.5772 0.5176 -1.0843 1.0000	</row3>
				</transform>
			</node>
			<node>
				<identifier>	MP_WM030_Fire_Hose_SW_INDEX_2	</identifier>
				<transform>
					<row0>	-1.0000 0.0000 0.0000 0.0000	</row0>
					<row1>	0.0000 0.9810 0.1941 0.0000	</row1>
					<row2>	0.0000 0.1941 -0.9810 0.0000	</row2>
					<row3>	0.0763 0.3394 -4.2595 1.0000	</row3>
				</transform>
			</node>
			<node>
				<identifier>	MP_WM030_Fire_Hose_SW_INDEX_3	</identifier>
				<transform>
					<row0>	-1.0000 0.0000 0.0000 0.0000	</row0>
					<row1>	0.0000 1.0000 0.0000 0.0000	</row1>
					<row2>	0.0000 0.0000 -1.0000 0.0000	</row2>
					<row3>	0.5772 0.5176 -1.0843 1.0000	</row3>
				</transform>
			</node>
			<node>
				<identifier>	MP_WM030_Fire_Hose_SW_INDEX_4	</identifier>
				<transform>
					<row0>	0.0000 0.0000 -1.0000 0.0000	</row0>
					<row1>	0.0000 1.0000 0.0000 0.0000	</row1>
					<row2>	1.0000 0.0000 0.0000 0.0000	</row2>
					<row3>	0.4047 0.3396 -2.1522 1.0000	</row3>
				</transform>
			</node>
			<node>
				<identifier>	MP_WM032_Speaker_SW	</identifier>
				<transform>
					<row0>	0.9919 0.0000 -0.1274 0.0000	</row0>
					<row1>	0.0000 1.0000 0.0000 0.0000	</row1>
					<row2>	0.1274 0.0000 0.9919 0.0000	</row2>
					<row3>	0.5188 0.7391 -0.4145 1.0000	</row3>
				</transform>
			</node>
			<node>
				<identifier>	MP_WM032_Speaker_SW_INDEX_1	</identifier>
				<transform>
					<row0>	0.0000 0.0000 -1.0000 0.0000	</row0>
					<row1>	0.0000 1.0000 0.0000 0.0000	</row1>
					<row2>	1.0000 0.0000 0.0000 0.0000	</row2>
					<row3>	0.4022 0.4052 -1.9930 1.0000	</row3>
				</transform>
			</node>
			<node>
				<identifier>	MP_WM032_Speaker_SW_INDEX_2	</identifier>
				<transform>
					<row0>	0.0000 0.0000 -1.0000 0.0000	</row0>
					<row1>	0.0000 1.0000 0.0000 0.0000	</row1>
					<row2>	1.0000 0.0000 0.0000 0.0000	</row2>
					<row3>	0.1272 0.8872 -1.1557 1.0000	</row3>
				</transform>
			</node>
			<node>
				<identifier>	MP_WM032_Speaker_SW_INDEX_3	</identifier>
				<transform>
					<row0>	0.9919 0.0000 0.1274 0.0000	</row0>
					<row1>	0.0000 1.0000 0.0000 0.0000	</row1>
					<row2>	-0.1274 0.0000 0.9919 0.0000	</row2>
					<row3>	-0.5188 0.7391 -0.4145 1.0000	</row3>
				</transform>
			</node>
			<node>
				<identifier>	MP_WM032_Speaker_SW_INDEX_4	</identifier>
				<transform>
					<row0>	0.0000 0.0000 1.0000 0.0000	</row0>
					<row1>	0.0000 1.0000 0.0000 0.0000	</row1>
					<row2>	-1.0000 0.0000 0.0000 0.0000	</row2>
					<row3>	-0.1272 0.8872 -1.1632 1.0000	</row3>
				</transform>
			</node>
			<node>
				<identifier>	MP_WM032_Speaker_SW_INDEX_5	</identifier>
				<transform>
					<row0>	0.0000 0.0000 1.0000 0.0000	</row0>
					<row1>	0.0000 1.0000 0.0000 0.0000	</row1>
					<row2>	-1.0000 0.0000 0.0000 0.0000	</row2>
					<row3>	-0.4022 0.4052 -1.9930 1.0000	</row3>
				</transform>
			</node>
			<node>
				<identifier>	MP_WM056_Radar_type_242_IFF_interrogator	</identifier>
				<transform>
					<row0>	1.0000 0.0000 0.0000 0.0000	</row0>
					<row1>	0.0000 1.0000 0.0000 0.0000	</row1>
					<row2>	0.0000 0.0000 1.0000 0.0000	</row2>
					<row3>	-0.0608 1.2003 -0.8063 1.0000	</row3>
				</transform>
			</node>
			<node>
				<identifier>	MP_WM056_Radar_type_242_IFF_interrogator_INDEX_1	</identifier>
				<transform>
					<row0>	1.0000 0.0000 0.0000 0.0000	</row0>
					<row1>	0.0000 1.0000 0.0000 0.0000	</row1>
					<row2>	0.0000 0.0000 1.0000 0.0000	</row2>
					<row3>	0.0608 1.2003 -0.8063 1.0000	</row3>
				</transform>
			</node>
			<node>
