<WGB062_Depth_Charge_Roller_Track_lod2.visual>
	<node>
		<identifier>	Scene Root	</identifier>
		<transform>
			<row0>	1.0000 0.0000 0.0000 0.0000	</row0>
			<row1>	0.0000 1.0000 0.0000 0.0000	</row1>
			<row2>	0.0000 0.0000 1.0000 0.0000	</row2>
			<row3>	0.0000 0.0000 0.0000 1.0000	</row3>
		</transform>
		<node>
			<identifier>	WGB062_Depth_Charge_Roller_Track	</identifier>
			<transform>
				<row0>	1.0000 0.0000 0.0000 0.0000	</row0>
				<row1>	0.0000 1.0000 0.0000 0.0000	</row1>
				<row2>	0.0000 0.0000 1.0000 0.0000	</row2>
				<row3>	0.0000 0.0000 0.0000 1.0000	</row3>
			</transform>
			<node>
				<identifier>	HP_Track_1	</identifier>
				<transform>
					<row0>	1.0000 0.0000 0.0000 0.0000	</row0>
					<row1>	0.0000 0.8660 0.5000 0.0000	</row1>
					<row2>	0.0000 -0.5000 0.8660 0.0000	</row2>
					<row3>	0.0022 0.0215 0.1857 1.0000	</row3>
				</transform>
			</node>
			<node>
				<identifier>	HP_Track_2	</identifier>
				<transform>
					<row0>	1.0000 0.0000 0.0000 0.0000	</row0>
					<row1>	0.0000 0.7071 0.7071 0.0000	</row1>
					<row2>	0.0000 -0.7071 0.7071 0.0000	</row2>
					<row3>	0.0022 0.0017 0.2072 1.0000	</row3>
				</transform>
			</node>
			<node>
				<identifier>	HP_gunFire1	</identifier>
				<transform>
					<row0>	1.0000 0.0000 0.0000 0.0000	</row0>
					<row1>	0.0000 0.9511 0.3090 0.0000	</row1>
					<row2>	0.0000 -0.3090 0.9511 0.0000	</row2>
					<row3>	0.0022 0.0391 0.1339 1.0000	</row3>
				</transform>
			</node>
			<node>
				<identifier>	HP_gunFire10	</identifier>
				<transform>
					<row0>	1.0000 0.0000 0.0000 0.0000	</row0>
					<row1>	0.0000 1.0000 0.0000 0.0000	</row1>
					<row2>	0.0000 0.0000 1.0000 0.0000	</row2>
					<row3>	0.0022 0.0520 -0.1206 1.0000	</row3>
				</transform>
			</node>
			<node>
				<identifier>	HP_gunFire11	</identifier>
				<transform>
					<row0>	1.0000 0.0000 0.0000 0.0000	</row0>
					<row1>	0.0000 1.0000 0.0000 0.0000	</row1>
					<row2>	0.0000 0.0000 1.0000 0.0000	</row2>
					<row3>	0.0022 0.0520 -0.1489 1.0000	</row3>
				</transform>
			</node>
			<node>
				<identifier>	HP_gunFire2	</identifier>
				<transform>
					<row0>	1.0000 0.0000 0.0000 0.0000	</row0>
					<row1>	0.0000 0.9962 0.0872 0.0000	</row1>
					<row2>	0.0000 -0.0872 0.9962 0.0000	</row2>
					<row3>	0.0022 0.0449 0.1055 1.0000	</row3>
				</transform>
			</node>
			<node>
				<identifier>	HP_gunFire3	</identifier>
				<transform>
					<row0>	1.0000 0.0000 0.0000 0.0000	</row0>
					<row1>	0.0000 0.9962 0.0872 0.0000	</row1>
					<row2>	0.0000 -0.0872 0.9962 0.0000	</row2>
					<row3>	0.0022 0.0474 0.0775 1.0000	</row3>
				</transform>
			</node>
			<node>
				<identifier>	HP_gunFire4	</identifier>
				<transform>
					<row0>	1.0000 0.0000 0.0000 0.0000	</row0>
					<row1>	0.0000 0.9962 0.0872 0.0000	</row1>
					<row2>	0.0000 -0.0872 0.9962 0.0000	</row2>
					<row3>	0.0022 0.0504 0.0492 1.0000	</row3>
				</transform>
			</node>
			<node>
				<identifier>	HP_gunFire5	</identifier>
				<transform>
					<row0>	1.0000 0.0000 0.0000 0.0000	</row0>
					<row1>	0.0000 1.0000 0.0000 0.0000	</row1>
					<row2>	0.0000 0.0000 1.0000 0.0000	</row2>
					<row3>	0.0022 0.0520 0.0207 1.0000	</row3>
				</transform>
			</node>
			<node>
				<identifier>	HP_gunFire6	</identifier>
				<transform>
					<row0>	1.0000 0.0000 0.0000 0.0000	</row0>
					<row1>	0.0000 1.0000 0.0000 0.0000	</row1>
					<row2>	0.0000 0.0000 1.0000 0.0000	</row2>
					<row3>	0.0022 0.0520 -0.0076 1.0000	</row3>
				</transform>
			</node>
			<node>
				<identifier>	HP_gunFire7	</identifier>
				<transform>
					<row0>	1.0000 0.0000 0.0000 0.0000	</row0>
					<row1>	0.0000 1.0000 0.0000 0.0000	</row1>
					<row2>	0.0000 0.0000 1.0000 0.0000	</row2>
					<row3>	0.0022 0.0520 -0.0358 1.0000	</row3>
				</transform>
			</node>
			<node>
				<identifier>	HP_gunFire8	</identifier>
				<transform>
					<row0>	1.0000 0.0000 0.0000 0.0000	</row0>
					<row1>	0.0000 1.0000 0.0000 0.0000	</row1>
					<row2>	0.0000 0.0000 1.0000 0.0000	</row2>
					<row3>	0.0022 0.0520 -0.0641 1.0000	</row3>
				</transform>
			</node>
			<node>
				<identifier>	HP_gunFire9	</identifier>
				<transform>
					<row0>	1.0000 0.0000 0.0000 0.0000	</row0>
					<row1>	0.0000 1.0000 0.0000 0.0000	</row1>
					<row2>	0.0000 0.0000 1.0000 0.0000	</row2>
					<row3>	0.0022 0.0520 -0.0924 1.0000	</row3>
				</transform>
			</node>
		</node>
	</node>
	<renderSet>
		<treatAsWorldSpaceObject>	false	</treatAsWorldSpaceObject>
		<node>	WGB062_Depth_Charge_Roller_Track	</node>
		<geometry>
			<vertices>	WGB062_Depth_Charge_Roller_Track_lod2Shape.vertices	</vertices>
			<primitive>	WGB062_Depth_Charge_Roller_Track_lod2Shape.indices	</primitive>
			<primitiveGroup>	0
				<material>
					<identifier>	TL2_SHIPMAT_PBS_Gun	</identifier>
					<mfm>	PnFMods/ModsSDK.zip/WSD509_Velos/gun/WGB062_Depth_Charge_Roller_Track.mfm	</mfm>
				</material>
			</primitiveGroup>
		</geometry>
	</renderSet>
	<boundingBox>
		<min>	-0.0280 -0.0009 -0.1777	</min>
		<max>	0.0368 0.0814 0.1777	</max>
	</boundingBox>
</WGB062_Depth_Charge_Roller_Track_lod2.visual>
