<JSC052_Shimanto_1944_Stern_ports.visual>
	<node>
		<identifier>	Scene Root	</identifier>
		<transform>
			<row0>	1.0000 0.0000 0.0000 0.0000	</row0>
			<row1>	0.0000 1.0000 0.0000 0.0000	</row1>
			<row2>	0.0000 0.0000 1.0000 0.0000	</row2>
			<row3>	0.0000 0.0000 0.0000 1.0000	</row3>
		</transform>
		<node>
			<identifier>	Stern_ports	</identifier>
			<transform>
				<row0>	1.0000 0.0000 0.0000 0.0000	</row0>
				<row1>	0.0000 1.0000 0.0000 0.0000	</row1>
				<row2>	0.0000 0.0000 1.0000 0.0000	</row2>
				<row3>	0.0000 0.0000 0.0000 1.0000	</row3>
			</transform>
			<node>
				<identifier>	HP_FX_Death_3	</identifier>
				<transform>
					<row0>	1.0000 0.0000 0.0000 0.0000	</row0>
					<row1>	0.0000 1.0000 0.0000 0.0000	</row1>
					<row2>	0.0000 0.0000 1.0000 0.0000	</row2>
					<row3>	0.0000 0.0000 -4.3130 1.0000	</row3>
				</transform>
			</node>
			<node>
				<identifier>	HP_FX_Fire_4	</identifier>
				<transform>
					<row0>	1.0000 0.0000 0.0000 0.0000	</row0>
					<row1>	0.0000 1.0000 0.0000 0.0000	</row1>
					<row2>	0.0000 0.0000 1.0000 0.0000	</row2>
					<row3>	0.0000 0.3060 -5.6790 1.0000	</row3>
				</transform>
			</node>
			<node>
				<identifier>	HP_FX_WakeTraceBack	</identifier>
				<transform>
					<row0>	1.0000 0.0000 0.0000 0.0000	</row0>
					<row1>	0.0000 1.0000 0.0000 0.0000	</row1>
					<row2>	0.0000 0.0000 1.0000 0.0000	</row2>
					<row3>	0.0000 0.0000 -7.1900 1.0000	</row3>
				</transform>
			</node>
			<node>
				<identifier>	HP_FX_WakeTrace_screw_1	</identifier>
				<transform>
					<row0>	1.0000 0.0000 0.0000 0.0000	</row0>
					<row1>	0.0000 1.0000 0.0000 0.0000	</row1>
					<row2>	0.0000 0.0000 1.0000 0.0000	</row2>
					<row3>	-0.3642 -0.3378 -5.7847 1.0000	</row3>
				</transform>
			</node>
			<node>
				<identifier>	HP_FX_WakeTrace_screw_2	</identifier>
				<transform>
					<row0>	1.0000 0.0000 0.0000 0.0000	</row0>
					<row1>	0.0000 1.0000 0.0000 0.0000	</row1>
					<row2>	0.0000 0.0000 1.0000 0.0000	</row2>
					<row3>	-0.1754 -0.3338 -6.2381 1.0000	</row3>
				</transform>
			</node>
			<node>
				<identifier>	HP_FX_WakeTrace_screw_3	</identifier>
				<transform>
					<row0>	1.0000 0.0000 0.0000 0.0000	</row0>
					<row1>	0.0000 1.0000 0.0000 0.0000	</row1>
					<row2>	0.0000 0.0000 1.0000 0.0000	</row2>
					<row3>	0.1745 -0.3331 -6.2382 1.0000	</row3>
				</transform>
			</node>
			<node>
				<identifier>	HP_FX_WakeTrace_screw_4	</identifier>
				<transform>
					<row0>	1.0000 0.0000 0.0000 0.0000	</row0>
					<row1>	0.0000 1.0000 0.0000 0.0000	</row1>
					<row2>	0.0000 0.0000 1.0000 0.0000	</row2>
					<row3>	0.3641 -0.3372 -5.7847 1.0000	</row3>
				</transform>
			</node>
			<node>
				<identifier>	HP_JD_13	</identifier>
				<transform>
					<row0>	-1.0000 0.0000 0.0000 0.0000	</row0>
					<row1>	0.0000 1.0000 0.0000 0.0000	</row1>
					<row2>	0.0000 0.0000 -1.0000 0.0000	</row2>
					<row3>	-0.0912 0.3558 -5.5391 1.0000	</row3>
				</transform>
			</node>
			<node>
				<identifier>	HP_JD_14	</identifier>
				<transform>
					<row0>	-1.0000 0.0000 0.0000 0.0000	</row0>
					<row1>	0.0000 1.0000 0.0000 0.0000	</row1>
					<row2>	0.0000 0.0000 -1.0000 0.0000	</row2>
					<row3>	0.0912 0.3558 -5.5391 1.0000	</row3>
				</transform>
			</node>
			<node>
				<identifier>	HP_JGA_21	</identifier>
				<transform>
					<row0>	-0.0175 0.0000 0.9998 0.0000	</row0>
					<row1>	0.0000 1.0000 0.0000 0.0000	</row1>
					<row2>	-0.9998 0.0000 -0.0175 0.0000	</row2>
					<row3>	-0.3675 0.3067 -5.2185 1.0000	</row3>
				</transform>
			</node>
			<node>
				<identifier>	HP_JGA_22	</identifier>
				<transform>
					<row0>	0.0175 0.0000 -0.9998 0.0000	</row0>
					<row1>	0.0000 1.0000 0.0000 0.0000	</row1>
					<row2>	0.9998 0.0000 0.0175 0.0000	</row2>
					<row3>	0.3808 0.3067 -5.2187 1.0000	</row3>
				</transform>
			</node>
			<node>
				<identifier>	HP_JGA_23	</identifier>
				<transform>
					<row0>	-0.7071 0.0000 0.7071 0.0000	</row0>
					<row1>	0.0000 1.0000 0.0000 0.0000	</row1>
					<row2>	-0.7071 0.0000 -0.7071 0.0000	</row2>
					<row3>	-0.2949 0.3061 -5.6189 1.0000	</row3>
				</transform>
			</node>
			<node>
				<identifier>	HP_JGA_24	</identifier>
				<transform>
					<row0>	-0.7071 0.0000 -0.7071 0.0000	</row0>
					<row1>	0.0000 1.0000 0.0000 0.0000	</row1>
					<row2>	0.7071 0.0000 -0.7071 0.0000	</row2>
					<row3>	0.2949 0.3061 -5.6189 1.0000	</row3>
				</transform>
			</node>
			<node>
				<identifier>	HP_JGA_25	</identifier>
				<transform>
					<row0>	-0.9998 0.0000 -0.0175 0.0000	</row0>
					<row1>	0.0000 1.0000 0.0000 0.0000	</row1>
					<row2>	0.0175 0.0000 -0.9998 0.0000	</row2>
					<row3>	-0.1862 0.3023 -6.0191 1.0000	</row3>
				</transform>
			</node>
			<node>
				<identifier>	HP_JGA_26	</identifier>
				<transform>
					<row0>	-0.9998 0.0000 -0.0175 0.0000	</row0>
					<row1>	0.0000 1.0000 0.0000 0.0000	</row1>
					<row2>	0.0175 0.0000 -0.9998 0.0000	</row2>
					<row3>	0.1862 0.3023 -6.0191 1.0000	</row3>
				</transform>
			</node>
			<node>
				<identifier>	HP_JGB_1	</identifier>
				<transform>
					<row0>	0.9998 0.0000 0.0175 0.0000	</row0>
					<row1>	0.0000 1.0000 0.0000 0.0000	</row1>
					<row2>	-0.0175 0.0000 0.9998 0.0000	</row2>
					<row3>	0.0000 0.3070 -5.3498 1.0000	</row3>
				</transform>
			</node>
			<node>
				<identifier>	HP_JGB_2	</identifier>
				<transform>
					<row0>	-0.3502 0.0131 0.9366 0.0000	</row0>
					<row1>	0.0027 0.9999 -0.0130 0.0000	</row1>
					<row2>	-0.9367 -0.0020 -0.3502 0.0000	</row2>
					<row3>	-0.1838 0.2911 -6.8962 1.0000	</row3>
				</transform>
			</node>
			<node>
				<identifier>	HP_JGB_3	</identifier>
				<transform>
					<row0>	-0.3827 -0.0143 -0.9238 0.0000	</row0>
					<row1>	-0.0032 0.9999 -0.0142 0.0000	</row1>
					<row2>	0.9239 -0.0025 -0.3827 0.0000	</row2>
					<row3>	0.1838 0.2911 -6.8962 1.0000	</row3>
				</transform>
			</node>
			<node>
				<identifier>	HP_JGB_4	</identifier>
				<transform>
					<row0>	-0.3982 0.0142 0.9172 0.0000	</row0>
					<row1>	0.0032 0.9999 -0.0141 0.0000	</row1>
					<row2>	-0.9173 -0.0027 -0.3982 0.0000	</row2>
					<row3>	-0.1573 0.2901 -6.9621 1.0000	</row3>
				</transform>
			</node>
			<node>
				<identifier>	HP_JGB_5	</identifier>
				<transform>
					<row0>	-0.3982 -0.0142 -0.9172 0.0000	</row0>
					<row1>	-0.0032 0.9999 -0.0141 0.0000	</row1>
					<row2>	0.9173 -0.0027 -0.3982 0.0000	</row2>
					<row3>	0.1573 0.2901 -6.9621 1.0000	</row3>
				</transform>
			</node>
			<node>
				<identifier>	HP_JGB_6	</identifier>
				<transform>
					<row0>	-0.3949 0.0129 0.9186 0.0000	</row0>
					<row1>	0.0027 0.9999 -0.0129 0.0000	</row1>
					<row2>	-0.9187 -0.0026 -0.3949 0.0000	</row2>
					<row3>	-0.1291 0.2893 -7.0291 1.0000	</row3>
				</transform>
			</node>
			<node>
				<identifier>	HP_JGB_7	</identifier>
				<transform>
					<row0>	-0.3949 -0.0129 -0.9186 0.0000	</row0>
					<row1>	-0.0027 0.9999 -0.0129 0.0000	</row1>
					<row2>	0.9187 -0.0026 -0.3949 0.0000	</row2>
					<row3>	0.1291 0.2893 -7.0291 1.0000	</row3>
				</transform>
			</node>
			<node>
				<identifier>	HP_JGM_5	</identifier>
				<transform>
					<row0>	-0.9998 0.0000 -0.0175 0.0000	</row0>
					<row1>	0.0000 1.0000 0.0000 0.0000	</row1>
					<row2>	0.0175 0.0000 -0.9998 0.0000	</row2>
					<row3>	0.0000 0.3477 -4.5052 1.0000	</row3>
				</transform>
			</node>
			<node>
				<identifier>	HP_Ship_death_3	</identifier>
				<transform>
					<row0>	1.0000 0.0000 0.0000 0.0000	</row0>
					<row1>	0.0000 1.0000 0.0000 0.0000	</row1>
					<row2>	0.0000 0.0000 1.0000 0.0000	</row2>
					<row3>	0.0000 0.0000 -3.8528 1.0000	</row3>
				</transform>
			</node>
			<node>
				<identifier>	MP_CM011_Fire_Fighting_Gear	</identifier>
				<transform>
					<row0>	0.9980 0.0000 0.0625 0.0000	</row0>
					<row1>	0.0000 1.0000 0.0016 0.0000	</row1>
					<row2>	-0.0625 -0.0016 0.9980 0.0000	</row2>
					<row3>	-0.5872 0.3087 -4.1800 1.0000	</row3>
				</transform>
			</node>
			<node>
				<identifier>	MP_CM011_Fire_Fighting_Gear_INDEX_1	</identifier>
				<transform>
					<row0>	1.0000 0.0000 0.0000 0.0000	</row0>
					<row1>	0.0000 1.0000 -0.0083 0.0000	</row1>
					<row2>	0.0000 0.0083 1.0000 0.0000	</row2>
					<row3>	-0.0101 0.3078 -5.6177 1.0000	</row3>
				</transform>
			</node>
			<node>
				<identifier>	MP_CM011_Fire_Fighting_Gear_INDEX_2	</identifier>
				<transform>
					<row0>	0.9980 0.0000 -0.0625 0.0000	</row0>
					<row1>	0.0000 1.0000 0.0016 0.0000	</row1>
					<row2>	0.0625 -0.0016 0.9980 0.0000	</row2>
					<row3>	0.5872 0.3087 -4.1800 1.0000	</row3>
				</transform>
			</node>
			<node>
				<identifier>	MP_CM011_Fire_Fighting_Gear_INDEX_3	</identifier>
				<transform>
					<row0>	1.0000 0.0000 0.0000 0.0000	</row0>
					<row1>	0.0000 1.0000 0.0012 0.0000	</row1>
					<row2>	0.0000 -0.0012 1.0000 0.0000	</row2>
					<row3>	0.0202 0.3090 -4.9549 1.0000	</row3>
				</transform>
			</node>
			<node>
				<identifier>	MP_CM011_Fire_Fighting_Gear_INDEX_4	</identifier>
				<transform>
					<row0>	0.9971 0.0000 -0.0758 0.0000	</row0>
					<row1>	0.0000 1.0000 0.0016 0.0000	</row1>
					<row2>	0.0758 -0.0016 0.9971 0.0000	</row2>
					<row3>	0.5590 0.3090 -5.0282 1.0000	</row3>
				</transform>
			</node>
			<node>
				<identifier>	MP_CM011_Fire_Fighting_Gear_INDEX_5	</identifier>
				<transform>
					<row0>	-0.9992 0.0000 0.0408 0.0000	</row0>
					<row1>	0.0000 1.0000 0.0016 0.0000	</row1>
					<row2>	-0.0408 0.0016 -0.9992 0.0000	</row2>
					<row3>	0.5563 0.3090 -4.7425 1.0000	</row3>
				</transform>
			</node>
			<node>
				<identifier>	MP_CM011_Fire_Fighting_Gear_INDEX_6	</identifier>
				<transform>
					<row0>	-1.0000 0.0000 0.0000 0.0000	</row0>
					<row1>	0.0000 0.9999 -0.0126 0.0000	</row1>
					<row2>	0.0000 -0.0126 -0.9999 0.0000	</row2>
					<row3>	-0.0145 0.2932 -6.7761 1.0000	</row3>
				</transform>
			</node>
			<node>
				<identifier>	MP_CM011_Fire_Fighting_Gear_INDEX_7	</identifier>
				<transform>
					<row0>	0.9971 0.0000 0.0758 0.0000	</row0>
					<row1>	0.0000 1.0000 0.0016 0.0000	</row1>
					<row2>	-0.0758 -0.0016 0.9971 0.0000	</row2>
					<row3>	-0.5590 0.3090 -5.0282 1.0000	</row3>
				</transform>
			</node>
			<node>
				<identifier>	MP_CM011_Fire_Fighting_Gear_INDEX_8	</identifier>
				<transform>
					<row0>	-0.9992 0.0000 -0.0408 0.0000	</row0>
					<row1>	0.0000 1.0000 0.0016 0.0000	</row1>
					<row2>	0.0408 0.0016 -0.9992 0.0000	</row2>
					<row3>	-0.5563 0.3090 -4.7425 1.0000	</row3>
				</transform>
			</node>
			<node>
				<identifier>	MP_CM013_Fire_Hose_Rack_2	</identifier>
				<transform>
					<row0>	-0.3406 0.0000 0.9402 0.0000	</row0>
					<row1>	0.0000 1.0000 0.0000 0.0000	</row1>
					<row2>	-0.9402 0.0000 -0.3406 0.0000	</row2>
					<row3>	-0.0686 0.3328 -5.6013 1.0000	</row3>
				</transform>
			</node>
			<node>
				<identifier>	MP_CM022_Anchor_3	</identifier>
				<transform>
					<row0>	0.9398 0.0975 0.3275 0.0000	</row0>
					<row1>	-0.0915 0.9952 -0.0336 0.0000	</row1>
					<row2>	-0.3292 0.0016 0.9443 0.0000	</row2>
					<row3>	-0.2637 0.2470 -6.7826 1.0000	</row3>
				</transform>
			</node>
			<node>
				<identifier>	MP_CM085_Anchor_Top	</identifier>
				<transform>
					<row0>	0.3166 -0.0035 0.9485 0.0000	</row0>
					<row1>	-0.1000 0.9943 0.0370 0.0000	</row1>
					<row2>	-0.9433 -0.1066 0.3145 0.0000	</row2>
					<row3>	0.2652 0.1477 -6.7837 1.0000	</row3>
				</transform>
			</node>
			<node>
				<identifier>	MP_CM138_Anchor_Bottom	</identifier>
				<transform>
					<row0>	0.1801 -0.0047 0.5379 0.0000	</row0>
					<row1>	-0.1422 0.5466 0.0524 0.0000	</row1>
					<row2>	-0.5188 -0.1515 0.1724 0.0000	</row2>
					<row3>	0.2652 0.1480 -6.7837 1.0000	</row3>
				</transform>
			</node>
			<node>
				<identifier>	MP_CM161_Propeller_4_8m_BB_R	</identifier>
				<transform>
					<row0>	0.7842 0.0000 0.0000 0.0000	</row0>
					<row1>	0.0000 0.7839 -0.0205 0.0000	</row1>
					<row2>	0.0000 0.0205 0.7839 0.0000	</row2>
					<row3>	0.1748 -0.3336 -6.2382 1.0000	</row3>
				</transform>
			</node>
			<node>
				<identifier>	MP_CM161_Propeller_4_8m_BB_R_INDEX_1	</identifier>
				<transform>
					<row0>	0.7842 0.0000 -0.0002 0.0000	</row0>
					<row1>	0.0000 0.7839 -0.0199 0.0000	</row1>
					<row2>	0.0002 0.0199 0.7839 0.0000	</row2>
					<row3>	0.3644 -0.3379 -5.7847 1.0000	</row3>
				</transform>
			</node>
			<node>
				<identifier>	MP_CM162_Propeller_4_8m_BB_L	</identifier>
				<transform>
					<row0>	0.7842 0.0000 0.0000 0.0000	</row0>
					<row1>	0.0000 0.7839 -0.0205 0.0000	</row1>
					<row2>	0.0000 0.0205 0.7839 0.0000	</row2>
					<row3>	-0.1748 -0.3336 -6.2382 1.0000	</row3>
				</transform>
			</node>
			<node>
				<identifier>	MP_CM162_Propeller_4_8m_BB_L_INDEX_1	</identifier>
				<transform>
					<row0>	0.7842 0.0000 0.0002 0.0000	</row0>
					<row1>	0.0000 0.7839 -0.0199 0.0000	</row1>
					<row2>	-0.0002 0.0199 0.7839 0.0000	</row2>
					<row3>	-0.3644 -0.3379 -5.7847 1.0000	</row3>
				</transform>
			</node>
			<node>
				<identifier>	MP_JM007_Life_Buoy_box	</identifier>
				<transform>
					<row0>	0.2436 0.0152 0.9698 0.0000	</row0>
					<row1>	-0.0037 0.9999 -0.0147 0.0000	</row1>
					<row2>	-0.9699 0.0000 0.2436 0.0000	</row2>
					<row3>	0.3567 0.2942 -6.3841 1.0000	</row3>
				</transform>
			</node>
			<node>
				<identifier>	MP_JM007_Life_Buoy_box_INDEX_1	</identifier>
				<transform>
					<row0>	0.2436 -0.0152 -0.9698 0.0000	</row0>
					<row1>	0.0037 0.9999 -0.0147 0.0000	</row1>
					<row2>	0.9699 0.0000 0.2436 0.0000	</row2>
					<row3>	-0.3567 0.2942 -6.3841 1.0000	</row3>
				</transform>
			</node>
			<node>
				<identifier>	MP_JM013_Reels_1	</identifier>
				<transform>
					<row0>	0.0000 0.0000 -0.9231 0.0000	</row0>
					<row1>	0.0000 0.9231 0.0000 0.0000	</row1>
					<row2>	0.9231 0.0000 0.0000 0.0000	</row2>
					<row3>	0.2914 0.3057 -4.9339 1.0000	</row3>
				</transform>
			</node>
			<node>
				<identifier>	MP_JM013_Reels_1_INDEX_1	</identifier>
				<transform>
					<row0>	0.0000 0.0000 -0.9231 0.0000	</row0>
					<row1>	0.0000 0.9231 0.0000 0.0000	</row1>
					<row2>	0.9231 0.0000 0.0000 0.0000	</row2>
					<row3>	-0.1357 0.3057 -5.0776 1.0000	</row3>
				</transform>
			</node>
			<node>
				<identifier>	MP_JM013_Reels_1_INDEX_2	</identifier>
				<transform>
					<row0>	0.5586 0.0000 0.0000 0.0000	</row0>
					<row1>	0.0000 0.5586 0.0000 0.0000	</row1>
					<row2>	0.0000 0.0000 0.5586 0.0000	</row2>
					<row3>	0.0959 0.3057 -4.8701 1.0000	</row3>
				</transform>
			</node>
			<node>
				<identifier>	MP_JM014_Reels_2	</identifier>
				<transform>
					<row0>	0.7071 0.0000 -0.7071 0.0000	</row0>
					<row1>	0.0000 1.0000 0.0000 0.0000	</row1>
					<row2>	0.7071 0.0000 0.7071 0.0000	</row2>
					<row3>	0.2475 0.3061 -4.2470 1.0000	</row3>
				</transform>
			</node>
			<node>
				<identifier>	MP_JM014_Reels_2_INDEX_1	</identifier>
				<transform>
					<row0>	0.0000 0.0000 0.7123 0.0000	</row0>
					<row1>	0.0000 0.7123 0.0000 0.0000	</row1>
					<row2>	-0.7123 0.0000 0.0000 0.0000	</row2>
					<row3>	0.1157 0.3066 -4.1593 1.0000	</row3>
				</transform>
			</node>
			<node>
				<identifier>	MP_JM014_Reels_2_INDEX_2	</identifier>
				<transform>
					<row0>	-0.5052 0.0000 0.5021 0.0000	</row0>
					<row1>	0.0000 0.7123 0.0000 0.0000	</row1>
					<row2>	-0.5021 0.0000 -0.5052 0.0000	</row2>
					<row3>	-0.1982 0.3061 -4.7653 1.0000	</row3>
				</transform>
			</node>
			<node>
				<identifier>	MP_JM018_Ventilators_2	</identifier>
				<transform>
					<row0>	0.8309 0.0000 0.5564 0.0000	</row0>
					<row1>	0.0000 1.0000 0.0000 0.0000	</row1>
					<row2>	-0.5564 0.0000 0.8309 0.0000	</row2>
					<row3>	-0.1037 0.3076 -4.8423 1.0000	</row3>
				</transform>
			</node>
			<node>
				<identifier>	MP_JM018_Ventilators_2_INDEX_1	</identifier>
				<transform>
					<row0>	-1.0000 0.0000 0.0000 0.0000	</row0>
					<row1>	0.0000 1.0000 0.0000 0.0000	</row1>
					<row2>	0.0000 0.0000 -1.0000 0.0000	</row2>
					<row3>	-0.0424 0.3071 -5.0868 1.0000	</row3>
				</transform>
			</node>
			<node>
				<identifier>	MP_JM018_Ventilators_2_INDEX_2	</identifier>
				<transform>
					<row0>	-0.8257 0.0000 0.5642 0.0000	</row0>
					<row1>	0.0000 1.0000 0.0000 0.0000	</row1>
					<row2>	-0.5642 0.0000 -0.8257 0.0000	</row2>
					<row3>	0.0243 0.3076 -3.9490 1.0000	</row3>
				</transform>
			</node>
			<node>
				<identifier>	MP_JM019_Ventilators_3	</identifier>
				<transform>
					<row0>	1.0000 0.0000 0.0000 0.0000	</row0>
					<row1>	0.0000 1.0000 0.0000 0.0000	</row1>
					<row2>	0.0000 0.0000 1.0000 0.0000	</row2>
					<row3>	0.1212 0.3069 -5.4013 1.0000	</row3>
				</transform>
			</node>
			<node>
				<identifier>	MP_JM019_Ventilators_3_INDEX_1	</identifier>
				<transform>
					<row0>	1.0000 0.0000 0.0000 0.0000	</row0>
					<row1>	0.0000 1.0000 0.0000 0.0000	</row1>
					<row2>	0.0000 0.0000 1.0000 0.0000	</row2>
					<row3>	-0.0258 0.3076 -3.9002 1.0000	</row3>
				</transform>
			</node>
			<node>
				<identifier>	MP_JM019_Ventilators_3_INDEX_2	</identifier>
				<transform>
					<row0>	1.0000 0.0000 0.0000 0.0000	</row0>
					<row1>	0.0000 1.0000 0.0000 0.0000	</row1>
					<row2>	0.0000 0.0000 1.0000 0.0000	</row2>
					<row3>	0.0638 0.3062 -5.7088 1.0000	</row3>
				</transform>
			</node>
			<node>
				<identifier>	MP_JM019_Ventilators_3_INDEX_3	</identifier>
				<transform>
					<row0>	-0.6374 0.0000 0.7705 0.0000	</row0>
					<row1>	0.0000 1.0000 0.0000 0.0000	</row1>
					<row2>	-0.7705 0.0000 -0.6374 0.0000	</row2>
					<row3>	0.0151 0.3076 -3.9076 1.0000	</row3>
				</transform>
			</node>
			<node>
				<identifier>	MP_JM027_Fairlead_2	</identifier>
				<transform>
					<row0>	0.8758 -0.0015 -0.4828 0.0000	</row0>
					<row1>	-0.0054 0.9999 -0.0128 0.0000	</row1>
					<row2>	0.4827 0.0139 0.8757 0.0000	</row2>
					<row3>	0.0914 0.3019 -7.1183 1.0000	</row3>
				</transform>
			</node>
			<node>
				<identifier>	MP_JM027_Fairlead_2_INDEX_1	</identifier>
				<transform>
					<row0>	0.8758 0.0015 0.4828 0.0000	</row0>
					<row1>	0.0054 0.9999 -0.0128 0.0000	</row1>
					<row2>	-0.4827 0.0139 0.8757 0.0000	</row2>
					<row3>	-0.0914 0.3019 -7.1183 1.0000	</row3>
				</transform>
			</node>
			<node>
				<identifier>	MP_JM027_Fairlead_2_INDEX_2	</identifier>
				<transform>
					<row0>	0.9986 -0.0004 0.0527 0.0000	</row0>
					<row1>	0.0002 1.0000 0.0037 0.0000	</row1>
					<row2>	-0.0527 -0.0037 0.9986 0.0000	</row2>
					<row3>	-0.6452 0.3192 -3.9595 1.0000	</row3>
				</transform>
			</node>
			<node>
				<identifier>	MP_JM027_Fairlead_2_INDEX_3	</identifier>
				<transform>
					<row0>	0.9986 0.0004 -0.0527 0.0000	</row0>
					<row1>	-0.0002 1.0000 0.0037 0.0000	</row1>
					<row2>	0.0527 -0.0037 0.9986 0.0000	</row2>
					<row3>	0.6452 0.3192 -3.9595 1.0000	</row3>
				</transform>
			</node>
			<node>
				<identifier>	MP_JM027_Fairlead_2_INDEX_4	</identifier>
				<transform>
					<row0>	0.9883 0.0000 -0.1525 0.0000	</row0>
					<row1>	-0.0007 1.0000 -0.0042 0.0000	</row1>
					<row2>	0.1525 0.0043 0.9883 0.0000	</row2>
					<row3>	0.4815 0.3184 -5.7215 1.0000	</row3>
				</transform>
			</node>
			<node>
				<identifier>	MP_JM027_Fairlead_2_INDEX_5	</identifier>
				<transform>
					<row0>	0.9883 0.0000 0.1525 0.0000	</row0>
					<row1>	0.0007 1.0000 -0.0042 0.0000	</row1>
					<row2>	-0.1525 0.0043 0.9883 0.0000	</row2>
					<row3>	-0.4815 0.3184 -5.7215 1.0000	</row3>
				</transform>
			</node>
			<node>
				<identifier>	MP_JM032_Electric_Deck_Winch	</identifier>
				<transform>
					<row0>	0.0000 0.0000 -1.0000 0.0000	</row0>
					<row1>	0.0000 1.0000 0.0000 0.0000	</row1>
					<row2>	1.0000 0.0000 0.0000 0.0000	</row2>
					<row3>	-0.3216 0.3064 -3.9479 1.0000	</row3>
				</transform>
			</node>
			<node>
				<identifier>	MP_JM032_Electric_Deck_Winch_INDEX_1	</identifier>
				<transform>
					<row0>	0.0000 0.0000 1.0000 0.0000	</row0>
					<row1>	0.0000 1.0000 0.0000 0.0000	</row1>
					<row2>	-1.0000 0.0000 0.0000 0.0000	</row2>
					<row3>	0.2520 0.3064 -3.9958 1.0000	</row3>
				</transform>
			</node>
			<node>
				<identifier>	MP_JM044_After_Capstan	</identifier>
				<transform>
					<row0>	1.3650 0.0000 0.0000 0.0000	</row0>
					<row1>	0.0000 1.3649 -0.0199 0.0000	</row1>
					<row2>	0.0000 0.0199 1.3649 0.0000	</row2>
					<row3>	0.0215 0.2991 -6.2345 1.0000	</row3>
				</transform>
			</node>
			<node>
				<identifier>	MP_JM055_Deck_Hatch_4	</identifier>
				<transform>
					<row0>	0.0000 0.0000 -0.4273 0.0000	</row0>
					<row1>	0.0000 0.4273 0.0000 0.0000	</row1>
					<row2>	0.4273 0.0000 0.0000 0.0000	</row2>
					<row3>	0.3869 0.3066 -3.9482 1.0000	</row3>
				</transform>
			</node>
			<node>
				<identifier>	MP_JM055_Deck_Hatch_4_INDEX_1	</identifier>
				<transform>
					<row0>	0.0000 0.0000 -0.4273 0.0000	</row0>
					<row1>	0.0000 0.4273 0.0000 0.0000	</row1>
					<row2>	0.4273 0.0000 0.0000 0.0000	</row2>
					<row3>	0.3564 0.3066 -4.6081 1.0000	</row3>
				</transform>
			</node>
			<node>
				<identifier>	MP_JM055_Deck_Hatch_4_INDEX_2	</identifier>
				<transform>
					<row0>	0.0000 0.0000 0.4273 0.0000	</row0>
					<row1>	0.0000 0.4273 0.0000 0.0000	</row1>
					<row2>	-0.4273 0.0000 0.0000 0.0000	</row2>
					<row3>	-0.3564 0.3066 -4.6081 1.0000	</row3>
				</transform>
			</node>
			<node>
				<identifier>	MP_JM055_Deck_Hatch_4_INDEX_3	</identifier>
				<transform>
					<row0>	0.0000 0.0000 0.4273 0.0000	</row0>
					<row1>	0.0000 0.4273 0.0000 0.0000	</row1>
					<row2>	-0.4273 0.0000 0.0000 0.0000	</row2>
					<row3>	-0.3869 0.3066 -3.8887 1.0000	</row3>
				</transform>
			</node>
			<node>
				<identifier>	MP_JM059_Deck_Hatch_8	</identifier>
				<transform>
					<row0>	0.0000 -0.0181 -1.2346 0.0000	</row0>
					<row1>	0.0000 1.2346 -0.0181 0.0000	</row1>
					<row2>	1.2347 0.0000 0.0000 0.0000	</row2>
					<row3>	-0.0264 0.3021 -5.9921 1.0000	</row3>
				</transform>
			</node>
			<node>
				<identifier>	MP_JM059_Deck_Hatch_8_INDEX_1	</identifier>
				<transform>
					<row0>	0.0000 0.0120 1.2347 0.0000	</row0>
					<row1>	0.0000 1.2347 -0.0120 0.0000	</row1>
					<row2>	-1.2347 0.0000 0.0000 0.0000	</row2>
					<row3>	0.1054 0.3045 -5.8024 1.0000	</row3>
				</transform>
			</node>
			<node>
				<identifier>	MP_JM059_Deck_Hatch_8_INDEX_10	</identifier>
				<transform>
					<row0>	0.0000 0.0120 1.2347 0.0000	</row0>
					<row1>	0.0000 1.2347 -0.0120 0.0000	</row1>
					<row2>	-1.2347 0.0000 0.0000 0.0000	</row2>
					<row3>	0.1054 0.3052 -5.7277 1.0000	</row3>
				</transform>
			</node>
			<node>
				<identifier>	MP_JM059_Deck_Hatch_8_INDEX_11	</identifier>
				<transform>
					<row0>	0.0000 0.0000 1.2347 0.0000	</row0>
					<row1>	0.0000 1.2347 0.0000 0.0000	</row1>
					<row2>	-1.2347 0.0000 0.0000 0.0000	</row2>
					<row3>	0.1671 0.3064 -5.2673 1.0000	</row3>
				</transform>
			</node>
			<node>
				<identifier>	MP_JM059_Deck_Hatch_8_INDEX_2	</identifier>
				<transform>
					<row0>	0.0000 -0.0181 -1.2346 0.0000	</row0>
					<row1>	0.0000 1.2346 -0.0181 0.0000	</row1>
					<row2>	1.2347 0.0000 0.0000 0.0000	</row2>
					<row3>	-0.0264 0.3010 -6.0659 1.0000	</row3>
				</transform>
			</node>
			<node>
				<identifier>	MP_JM059_Deck_Hatch_8_INDEX_3	</identifier>
				<transform>
					<row0>	0.0000 0.0000 1.2347 0.0000	</row0>
					<row1>	0.0000 1.2347 0.0000 0.0000	</row1>
					<row2>	-1.2347 0.0000 0.0000 0.0000	</row2>
					<row3>	0.1671 0.3065 -5.1927 1.0000	</row3>
				</transform>
			</node>
			<node>
				<identifier>	MP_JM059_Deck_Hatch_8_INDEX_4	</identifier>
				<transform>
					<row0>	0.0000 -0.0120 -1.2347 0.0000	</row0>
					<row1>	0.0000 1.2347 -0.0120 0.0000	</row1>
					<row2>	1.2347 0.0000 0.0000 0.0000	</row2>
					<row3>	-0.1054 0.3045 -5.8022 1.0000	</row3>
				</transform>
			</node>
			<node>
				<identifier>	MP_JM059_Deck_Hatch_8_INDEX_5	</identifier>
				<transform>
					<row0>	0.0000 0.0181 1.2346 0.0000	</row0>
					<row1>	0.0000 1.2346 -0.0181 0.0000	</row1>
					<row2>	-1.2347 0.0000 0.0000 0.0000	</row2>
					<row3>	0.0264 0.3010 -6.0662 1.0000	</row3>
				</transform>
			</node>
			<node>
				<identifier>	MP_JM059_Deck_Hatch_8_INDEX_6	</identifier>
				<transform>
					<row0>	0.0000 0.0000 -1.2347 0.0000	</row0>
					<row1>	0.0000 1.2347 0.0000 0.0000	</row1>
					<row2>	1.2347 0.0000 0.0000 0.0000	</row2>
					<row3>	-0.1671 0.3065 -5.1924 1.0000	</row3>
				</transform>
			</node>
			<node>
				<identifier>	MP_JM059_Deck_Hatch_8_INDEX_7	</identifier>
				<transform>
					<row0>	0.0000 -0.0120 -1.2347 0.0000	</row0>
					<row1>	0.0000 1.2347 -0.0120 0.0000	</row1>
					<row2>	1.2347 0.0000 0.0000 0.0000	</row2>
					<row3>	-0.1054 0.3052 -5.7274 1.0000	</row3>
				</transform>
			</node>
			<node>
				<identifier>	MP_JM059_Deck_Hatch_8_INDEX_8	</identifier>
				<transform>
					<row0>	0.0000 0.0181 1.2346 0.0000	</row0>
					<row1>	0.0000 1.2346 -0.0181 0.0000	</row1>
					<row2>	-1.2347 0.0000 0.0000 0.0000	</row2>
					<row3>	0.0264 0.3021 -5.9923 1.0000	</row3>
				</transform>
			</node>
			<node>
				<identifier>	MP_JM059_Deck_Hatch_8_INDEX_9	</identifier>
				<transform>
					<row0>	0.0000 0.0000 -1.2347 0.0000	</row0>
					<row1>	0.0000 1.2347 0.0000 0.0000	</row1>
					<row2>	1.2347 0.0000 0.0000 0.0000	</row2>
					<row3>	-0.1671 0.3064 -5.2670 1.0000	</row3>
				</transform>
			</node>
			<node>
				<identifier>	MP_JM062_Deck_Hatch_11	</identifier>
				<transform>
					<row0>	-0.9548 0.0000 0.0000 0.0000	</row0>
					<row1>	0.0000 0.9547 -0.0123 0.0000	</row1>
					<row2>	0.0000 -0.0123 -0.9547 0.0000	</row2>
					<row3>	0.0668 0.2880 -6.8799 1.0000	</row3>
				</transform>
			</node>
			<node>
				<identifier>	MP_JM062_Deck_Hatch_11_INDEX_1	</identifier>
				<transform>
					<row0>	-0.6402 0.0000 0.0000 0.0000	</row0>
					<row1>	0.0000 0.6402 0.0000 0.0000	</row1>
					<row2>	0.0000 0.0000 -0.6402 0.0000	</row2>
					<row3>	0.0745 0.3063 -3.9482 1.0000	</row3>
				</transform>
			</node>
			<node>
				<identifier>	MP_JM064_Bollards_2	</identifier>
				<transform>
					<row0>	0.1846 -0.0140 -0.9827 0.0000	</row0>
					<row1>	0.0006 0.9999 -0.0141 0.0000	</row1>
					<row2>	0.9828 0.0021 0.1846 0.0000	</row2>
					<row3>	-0.3712 0.3002 -6.1157 1.0000	</row3>
				</transform>
			</node>
			<node>
				<identifier>	MP_JM064_Bollards_2_INDEX_1	</identifier>
				<transform>
					<row0>	0.1846 0.0140 0.9827 0.0000	</row0>
					<row1>	-0.0006 0.9999 -0.0141 0.0000	</row1>
					<row2>	-0.9828 0.0021 0.1846 0.0000	</row2>
					<row3>	0.3710 0.3001 -6.1166 1.0000	</row3>
				</transform>
			</node>
			<node>
				<identifier>	MP_JM109_Deck_Hatch_11	</identifier>
				<transform>
					<row0>	0.0000 0.0125 0.8402 0.0000	</row0>
					<row1>	0.0000 0.8402 -0.0125 0.0000	</row1>
					<row2>	-0.8403 0.0000 0.0000 0.0000	</row2>
					<row3>	-0.0675 0.2974 -6.3560 1.0000	</row3>
				</transform>
			</node>
			<node>
				<identifier>	MP_JM109_Deck_Hatch_11_INDEX_1	</identifier>
				<transform>
					<row0>	0.0000 0.0000 0.8403 0.0000	</row0>
					<row1>	0.0000 0.8403 0.0000 0.0000	</row1>
					<row2>	-0.8403 0.0000 0.0000 0.0000	</row2>
					<row3>	-0.2521 0.3072 -3.9847 1.0000	</row3>
				</transform>
			</node>
			<node>
				<identifier>	MP_JM109_Deck_Hatch_11_INDEX_2	</identifier>
				<transform>
					<row0>	0.0000 0.0082 0.8403 0.0000	</row0>
					<row1>	0.0000 0.8403 -0.0082 0.0000	</row1>
					<row2>	-0.8403 0.0000 0.0000 0.0000	</row2>
					<row3>	0.0515 0.3057 -5.7818 1.0000	</row3>
				</transform>
			</node>
			<node>
				<identifier>	MP_JM109_Deck_Hatch_11_INDEX_3	</identifier>
				<transform>
					<row0>	0.0000 0.0000 0.8403 0.0000	</row0>
					<row1>	0.0000 0.8403 0.0000 0.0000	</row1>
					<row2>	-0.8403 0.0000 0.0000 0.0000	</row2>
					<row3>	0.1479 0.3070 -5.0080 1.0000	</row3>
				</transform>
			</node>
			<node>
				<identifier>	MP_JM109_Deck_Hatch_11_INDEX_4	</identifier>
				<transform>
					<row0>	0.0000 0.0000 0.8403 0.0000	</row0>
					<row1>	0.0000 0.8403 0.0000 0.0000	</row1>
					<row2>	-0.8403 0.0000 0.0000 0.0000	</row2>
					<row3>	-0.0503 0.3070 -5.2163 1.0000	</row3>
				</transform>
			</node>
			<node>
				<identifier>	MP_JM125_Signal_Lamp_3	</identifier>
				<transform>
					<row0>	1.0000 0.0000 0.0000 0.0000	</row0>
					<row1>	0.0000 1.0000 0.0000 0.0000	</row1>
					<row2>	0.0000 0.0000 1.0000 0.0000	</row2>
					<row3>	0.0000 0.6036 -7.1988 1.0000	</row3>
				</transform>
			</node>
			<node>
				<identifier>	MP_JM168_Ventilation	</identifier>
				<transform>
					<row0>	0.8000 0.0000 0.0000 0.0000	</row0>
					<row1>	0.0000 0.8000 0.0000 0.0000	</row1>
					<row2>	0.0000 0.0000 0.8000 0.0000	</row2>
					<row3>	0.0927 0.3070 -5.1608 1.0000	</row3>
				</transform>
			</node>
			<node>
				<identifier>	MP_JM168_Ventilation_INDEX_1	</identifier>
				<transform>
					<row0>	-0.7610 0.0000 0.0000 0.0000	</row0>
					<row1>	0.0000 0.7610 0.0000 0.0000	</row1>
					<row2>	0.0000 0.0000 -0.7610 0.0000	</row2>
					<row3>	-0.0301 0.3063 -4.0787 1.0000	</row3>
				</transform>
			</node>
			<node>
				<identifier>	MP_JM168_Ventilation_INDEX_2	</identifier>
				<transform>
					<row0>	-0.7606 0.0000 0.0000 0.0000	</row0>
					<row1>	0.0000 0.7606 0.0000 0.0000	</row1>
					<row2>	0.0000 0.0000 -0.7606 0.0000	</row2>
					<row3>	0.0524 0.3063 -4.0787 1.0000	</row3>
				</transform>
			</node>
			<node>
				<identifier>	MP_JM168_Ventilation_INDEX_3	</identifier>
				<transform>
					<row0>	0.5031 0.0000 0.1958 0.0000	</row0>
					<row1>	0.0000 0.5398 0.0000 0.0000	</row1>
					<row2>	-0.1958 0.0000 0.5031 0.0000	</row2>
					<row3>	-0.1003 0.3070 -4.9229 1.0000	</row3>
				</transform>
			</node>
			<node>
				<identifier>	MP_JM298_Charge	</identifier>
				<transform>
					<row0>	1.0000 0.0000 0.0000 0.0000	</row0>
					<row1>	0.0000 1.0000 0.0000 0.0000	</row1>
					<row2>	0.0000 0.0000 1.0000 0.0000	</row2>
					<row3>	-0.0820 0.3070 -5.3233 1.0000	</row3>
				</transform>
			</node>
			<node>
				<identifier>	MP_JM303_Running_Lights_F	</identifier>
				<transform>
					<row0>	-1.0000 0.0000 0.0000 0.0000	</row0>
					<row1>	0.0000 1.0000 0.0000 0.0000	</row1>
					<row2>	0.0000 0.0000 -1.0000 0.0000	</row2>
					<row3>	0.0000 0.3492 -7.2013 1.0000	</row3>
				</transform>
			</node>
			<node>
				<identifier>	MP_JM351_Ventilators	</identifier>
				<transform>
					<row0>	-1.3750 0.0000 0.0000 0.0000	</row0>
					<row1>	0.0000 1.3750 0.0000 0.0000	</row1>
					<row2>	0.0000 0.0000 -1.3750 0.0000	</row2>
					<row3>	-0.1906 0.3064 -4.2322 1.0000	</row3>
				</transform>
			</node>
			<node>
				<identifier>	MP_JM351_Ventilators_INDEX_1	</identifier>
				<transform>
					<row0>	-1.1500 0.0000 0.0000 0.0000	</row0>
					<row1>	0.0000 1.1499 -0.0171 0.0000	</row1>
					<row2>	0.0000 -0.0171 -1.1499 0.0000	</row2>
					<row3>	0.0152 0.2937 -6.5562 1.0000	</row3>
				</transform>
			</node>
			<node>
				<identifier>	MP_JM351_Ventilators_INDEX_2	</identifier>
				<transform>
					<row0>	-1.1500 0.0000 0.0000 0.0000	</row0>
					<row1>	0.0000 1.1499 -0.0171 0.0000	</row1>
					<row2>	0.0000 -0.0171 -1.1499 0.0000	</row2>
					<row3>	0.1086 0.2949 -6.4741 1.0000	</row3>
				</transform>
			</node>
			<node>
				<identifier>	MP_JM351_Ventilators_INDEX_3	</identifier>
				<transform>
					<row0>	-1.1500 0.0000 0.0000 0.0000	</row0>
					<row1>	0.0000 1.1499 -0.0171 0.0000	</row1>
					<row2>	0.0000 -0.0171 -1.1499 0.0000	</row2>
					<row3>	0.0833 0.2995 -6.1567 1.0000	</row3>
				</transform>
			</node>
			<node>
				<identifier>	MP_JM351_Ventilators_INDEX_4	</identifier>
				<transform>
					<row0>	-1.5003 0.0000 0.0000 0.0000	</row0>
					<row1>	0.0000 1.5002 -0.0223 0.0000	</row1>
					<row2>	0.0000 -0.0223 -1.5002 0.0000	</row2>
					<row3>	0.0198 0.2919 -6.6786 1.0000	</row3>
				</transform>
			</node>
			<node>
				<identifier>	MP_JM351_Ventilators_INDEX_5	</identifier>
				<transform>
					<row0>	-1.1500 0.0000 0.0000 0.0000	</row0>
					<row1>	0.0000 1.1499 -0.0171 0.0000	</row1>
					<row2>	0.0000 -0.0171 -1.1499 0.0000	</row2>
					<row3>	-0.0831 0.2995 -6.1590 1.0000	</row3>
				</transform>
			</node>
			<node>
				<identifier>	MP_JM351_Ventilators_INDEX_6	</identifier>
				<transform>
					<row0>	-0.8995 0.0000 0.0000 0.0000	</row0>
					<row1>	0.0000 0.8995 0.0000 0.0000	</row1>
					<row2>	0.0000 0.0000 -0.8995 0.0000	</row2>
					<row3>	0.3829 0.3066 -3.9980 1.0000	</row3>
				</transform>
			</node>
			<node>
				<identifier>	MP_JM351_Ventilators_INDEX_7	</identifier>
				<transform>
					<row0>	-1.3747 0.0000 0.0000 0.0000	</row0>
					<row1>	0.0000 1.3747 0.0000 0.0000	</row1>
					<row2>	0.0000 0.0000 -1.3747 0.0000	</row2>
					<row3>	0.1706 0.3064 -4.1695 1.0000	</row3>
				</transform>
			</node>
			<node>
				<identifier>	MP_JM351_Ventilators_INDEX_8	</identifier>
				<transform>
					<row0>	-1.1500 0.0000 0.0000 0.0000	</row0>
					<row1>	0.0000 1.1499 -0.0171 0.0000	</row1>
					<row2>	0.0000 -0.0171 -1.1499 0.0000	</row2>
					<row3>	-0.1085 0.2949 -6.4765 1.0000	</row3>
				</transform>
			</node>
			<node>
				<identifier>	MP_JM392_Depth_Charge_Roller_Rack	</identifier>
				<transform>
					<row0>	0.0000 0.0000 -1.0000 0.0000	</row0>
					<row1>	0.0000 1.0000 0.0000 0.0000	</row1>
					<row2>	1.0000 0.0000 0.0000 0.0000	</row2>
					<row3>	0.0000 0.3080 -5.4151 1.0000	</row3>
				</transform>
			</node>
			<node>
				<identifier>	SP_YMS011_YHWL_M_1_INDEX_10	</identifier>
				<transform>
					<row0>	0.9816 0.1653 0.0959 0.0000	</row0>
					<row1>	-0.1660 0.9861 0.0000 0.0000	</row1>
					<row2>	-0.0946 -0.0159 0.9954 0.0000	</row2>
					<row3>	-0.5319 0.0000 -5.1454 1.0000	</row3>
				</transform>
			</node>
			<node>
				<identifier>	SP_YMS011_YHWL_M_1_INDEX_13	</identifier>
				<transform>
					<row0>	0.9750 0.1486 0.1654 0.0000	</row0>
					<row1>	-0.1489 0.9888 -0.0110 0.0000	</row1>
					<row2>	-0.1652 -0.0139 0.9862 0.0000	</row2>
					<row3>	-0.4195 0.0125 -5.9890 1.0000	</row3>
				</transform>
			</node>
			<node>
				<identifier>	SP_YMS011_YHWL_M_1_INDEX_8	</identifier>
				<transform>
					<row0>	0.9976 0.0223 0.0650 0.0000	</row0>
					<row1>	-0.0224 0.9997 0.0000 0.0000	</row1>
					<row2>	-0.0650 -0.0015 0.9979 0.0000	</row2>
					<row3>	-0.6067 -0.0026 -4.2990 1.0000	</row3>
				</transform>
			</node>
			<node>
				<identifier>	SP_YMS012_YHWR_M_1_INDEX_11	</identifier>
				<transform>
					<row0>	0.9750 -0.1486 -0.1654 0.0000	</row0>
					<row1>	0.1489 0.9888 -0.0110 0.0000	</row1>
					<row2>	0.1652 -0.0139 0.9862 0.0000	</row2>
					<row3>	0.4195 0.0125 -5.9890 1.0000	</row3>
				</transform>
			</node>
			<node>
				<identifier>	SP_YMS012_YHWR_M_1_INDEX_13	</identifier>
				<transform>
					<row0>	0.9976 -0.0223 -0.0650 0.0000	</row0>
					<row1>	0.0224 0.9997 0.0000 0.0000	</row1>
					<row2>	0.0650 -0.0015 0.9979 0.0000	</row2>
					<row3>	0.6067 -0.0026 -4.2990 1.0000	</row3>
				</transform>
			</node>
			<node>
				<identifier>	SP_YMS012_YHWR_M_1_INDEX_4	</identifier>
				<transform>
					<row0>	0.9816 -0.1653 -0.0959 0.0000	</row0>
					<row1>	0.1660 0.9861 0.0000 0.0000	</row1>
					<row2>	0.0946 -0.0159 0.9954 0.0000	</row2>
					<row3>	0.5319 0.0000 -5.1454 1.0000	</row3>
				</transform>
			</node>
			<node>
				<identifier>	SP_YMS023_YHUC_L_1	</identifier>
				<transform>
					<row0>	0.0000 0.5498 -0.0144 0.0000	</row0>
					<row1>	-0.5500 0.0000 0.0000 0.0000	</row1>
					<row2>	0.0000 0.0144 0.5498 0.0000	</row2>
					<row3>	-0.1748 -0.3349 -6.2870 1.0000	</row3>
				</transform>
			</node>
			<node>
				<identifier>	SP_YMS023_YHUC_L_1_INDEX_1	</identifier>
				<transform>
					<row0>	0.0000 -0.5498 0.0144 0.0000	</row0>
					<row1>	0.5500 0.0000 0.0000 0.0000	</row1>
					<row2>	0.0000 0.0144 0.5498 0.0000	</row2>
					<row3>	0.1748 -0.3349 -6.2870 1.0000	</row3>
				</transform>
			</node>
			<node>
				<identifier>	SP_YMS023_YHUC_L_1_INDEX_2	</identifier>
				<transform>
					<row0>	0.5500 0.0000 -0.0001 0.0000	</row0>
					<row1>	0.0000 0.5498 -0.0139 0.0000	</row1>
					<row2>	0.0001 0.0139 0.5498 0.0000	</row2>
					<row3>	0.3644 -0.3397 -5.8550 1.0000	</row3>
				</transform>
			</node>
			<node>
				<identifier>	SP_YMS023_YHUC_L_1_INDEX_3	</identifier>
				<transform>
					<row0>	0.5500 0.0000 0.0001 0.0000	</row0>
					<row1>	0.0000 0.5498 -0.0139 0.0000	</row1>
					<row2>	-0.0001 0.0139 0.5498 0.0000	</row2>
					<row3>	-0.3644 -0.3397 -5.8550 1.0000	</row3>
				</transform>
			</node>
			<node>
				<identifier>	SP_YMS030_YHAM_M_1	</identifier>
				<transform>
					<row0>	0.7270 0.0000 0.0000 0.0000	</row0>
					<row1>	0.0000 0.7270 0.0000 0.0000	</row1>
					<row2>	0.0000 0.0000 0.7270 0.0000	</row2>
					<row3>	0.0000 0.1393 -7.2098 1.0000	</row3>
				</transform>
			</node>
			<node>
				<identifier>	SP_YMS031_YHAL_M_1	</identifier>
				<transform>
					<row0>	0.9556 0.0973 0.2781 0.0000	</row0>
					<row1>	-0.0915 0.9952 -0.0336 0.0000	</row1>
					<row2>	-0.2800 0.0067 0.9600 0.0000	</row2>
					<row3>	-0.3355 0.1680 -6.5354 1.0000	</row3>
				</transform>
			</node>
			<node>
				<identifier>	SP_YMS032_YHAR_M_1	</identifier>
				<transform>
					<row0>	0.9556 -0.0973 -0.2781 0.0000	</row0>
					<row1>	0.0915 0.9952 -0.0336 0.0000	</row1>
					<row2>	0.2800 0.0067 0.9600 0.0000	</row2>
					<row3>	0.3355 0.1680 -6.5354 1.0000	</row3>
				</transform>
			</node>
			<node>
				<identifier>	SP_YMS044_YHTC_L_1	</identifier>
				<transform>
					<row0>	0.2986 0.0000 0.2895 0.0000	</row0>
					<row1>	0.0000 0.4159 0.0000 0.0000	</row1>
					<row2>	-0.2895 0.0000 0.2986 0.0000	</row2>
					<row3>	0.0920 0.3558 -5.5391 1.0000	</row3>
				</transform>
			</node>
			<node>
				<identifier>	SP_YMS044_YHTC_L_1_INDEX_1	</identifier>
				<transform>
					<row0>	0.2986 0.0000 -0.2895 0.0000	</row0>
					<row1>	0.0000 0.4159 0.0000 0.0000	</row1>
					<row2>	0.2895 0.0000 0.2986 0.0000	</row2>
					<row3>	-0.0920 0.3558 -5.5391 1.0000	</row3>
				</transform>
			</node>
			<node>
				<identifier>	SP_YMS053_YHDC_S_1	</identifier>
				<transform>
					<row0>	0.0000 0.0000 -1.0000 0.0000	</row0>
					<row1>	0.0000 1.0000 0.0000 0.0000	</row1>
					<row2>	1.0000 0.0000 0.0000 0.0000	</row2>
					<row3>	0.3634 0.3066 -4.8429 1.0000	</row3>
				</transform>
			</node>
			<node>
				<identifier>	SP_YMS053_YHDC_S_1_INDEX_11	</identifier>
				<transform>
					<row0>	0.0000 0.0000 -1.0000 0.0000	</row0>
					<row1>	0.0000 1.0000 0.0000 0.0000	</row1>
					<row2>	1.0000 0.0000 0.0000 0.0000	</row2>
					<row3>	0.3022 0.3066 -5.9043 1.0000	</row3>
				</transform>
			</node>
			<node>
				<identifier>	SP_YMS053_YHDC_S_1_INDEX_13	</identifier>
				<transform>
					<row0>	0.0000 0.0000 1.0000 0.0000	</row0>
					<row1>	0.0000 1.0000 0.0000 0.0000	</row1>
					<row2>	-1.0000 0.0000 0.0000 0.0000	</row2>
					<row3>	-0.4249 0.3066 -4.1390 1.0000	</row3>
				</transform>
			</node>
			<node>
				<identifier>	SP_YMS053_YHDC_S_1_INDEX_14	</identifier>
				<transform>
					<row0>	0.0000 0.0000 1.0000 0.0000	</row0>
					<row1>	0.0000 1.0000 0.0000 0.0000	</row1>
					<row2>	-1.0000 0.0000 0.0000 0.0000	</row2>
					<row3>	-0.2213 0.3066 -6.2673 1.0000	</row3>
				</transform>
			</node>
			<node>
				<identifier>	SP_YMS053_YHDC_S_1_INDEX_15	</identifier>
				<transform>
					<row0>	0.0000 0.0000 -1.0000 0.0000	</row0>
					<row1>	0.0000 1.0000 0.0000 0.0000	</row1>
					<row2>	1.0000 0.0000 0.0000 0.0000	</row2>
					<row3>	0.4249 0.3066 -4.1390 1.0000	</row3>
				</transform>
			</node>
			<node>
				<identifier>	SP_YMS053_YHDC_S_1_INDEX_2	</identifier>
				<transform>
					<row0>	0.0000 0.0000 -1.0000 0.0000	</row0>
					<row1>	0.0000 1.0000 0.0000 0.0000	</row1>
					<row2>	1.0000 0.0000 0.0000 0.0000	</row2>
					<row3>	0.2213 0.3066 -6.2673 1.0000	</row3>
				</transform>
			</node>
			<node>
				<identifier>	SP_YMS053_YHDC_S_1_INDEX_4	</identifier>
				<transform>
					<row0>	0.0000 0.0000 1.0000 0.0000	</row0>
					<row1>	0.0000 1.0000 0.0000 0.0000	</row1>
					<row2>	-1.0000 0.0000 0.0000 0.0000	</row2>
					<row3>	-0.3022 0.3066 -5.9043 1.0000	</row3>
				</transform>
			</node>
			<node>
