<BSS004_Undine_1938_MidFront_ports.visual>
	<node>
		<identifier>	Scene Root	</identifier>
		<transform>
			<row0>	1.0000 0.0000 0.0000 0.0000	</row0>
			<row1>	0.0000 1.0000 0.0000 0.0000	</row1>
			<row2>	0.0000 0.0000 1.0000 0.0000	</row2>
			<row3>	0.0000 0.0000 0.0000 1.0000	</row3>
		</transform>
		<node>
			<identifier>	MidFront_ports	</identifier>
			<transform>
				<row0>	1.0000 0.0000 0.0000 0.0000	</row0>
				<row1>	0.0000 1.0000 0.0000 0.0000	</row1>
				<row2>	0.0000 0.0000 1.0000 0.0000	</row2>
				<row3>	0.0000 0.0000 0.0000 1.0000	</row3>
			</transform>
			<node>
				<identifier>	HP_BGS_1	</identifier>
				<transform>
					<row0>	1.0000 0.0000 0.0000 0.0000	</row0>
					<row1>	0.0000 1.0000 0.0000 0.0000	</row1>
					<row2>	0.0000 0.0000 1.0000 0.0000	</row2>
					<row3>	0.0000 0.0944 0.1681 1.0000	</row3>
				</transform>
			</node>
			<node>
				<identifier>	HP_Camera	</identifier>
				<transform>
					<row0>	1.0000 0.0000 0.0000 0.0000	</row0>
					<row1>	0.0000 1.0000 0.0000 0.0000	</row1>
					<row2>	0.0000 0.0000 1.0000 0.0000	</row2>
					<row3>	0.0000 0.3776 -0.0104 1.0000	</row3>
				</transform>
			</node>
			<node>
				<identifier>	HP_FX_Flood_water_right_2	</identifier>
				<transform>
					<row0>	0.9656 -0.2432 -0.0925 0.0000	</row0>
					<row1>	0.2421 0.9700 -0.0232 0.0000	</row1>
					<row2>	0.0953 0.0000 0.9954 0.0000	</row2>
					<row3>	0.0871 0.0842 1.1749 1.0000	</row3>
				</transform>
			</node>
			<node>
				<identifier>	HP_FX_Runoff_deluge_left_2	</identifier>
				<transform>
					<row0>	-0.9964 -0.0007 -0.0848 0.0000	</row0>
					<row1>	-0.0026 0.9997 0.0224 0.0000	</row1>
					<row2>	0.0847 0.0225 -0.9961 0.0000	</row2>
					<row3>	-0.0759 0.0871 1.0458 1.0000	</row3>
				</transform>
			</node>
			<node>
				<identifier>	HP_FX_Runoff_deluge_left_3	</identifier>
				<transform>
					<row0>	-1.0000 -0.0007 -0.0065 0.0000	</row0>
					<row1>	-0.0008 0.9997 0.0225 0.0000	</row1>
					<row2>	0.0065 0.0225 -0.9997 0.0000	</row2>
					<row3>	-0.0591 0.0871 0.8073 1.0000	</row3>
				</transform>
			</node>
			<node>
				<identifier>	HP_FX_Runoff_deluge_left_4	</identifier>
				<transform>
					<row0>	-1.0000 -0.0007 -0.0065 0.0000	</row0>
					<row1>	-0.0008 0.9997 0.0225 0.0000	</row1>
					<row2>	0.0065 0.0225 -0.9997 0.0000	</row2>
					<row3>	-0.0531 0.0859 0.3967 1.0000	</row3>
				</transform>
			</node>
			<node>
				<identifier>	HP_FX_Runoff_deluge_right_2	</identifier>
				<transform>
					<row0>	0.9977 -0.0006 -0.0682 0.0000	</row0>
					<row1>	0.0021 0.9997 0.0224 0.0000	</row1>
					<row2>	0.0682 -0.0225 0.9974 0.0000	</row2>
					<row3>	0.0731 0.0866 1.0168 1.0000	</row3>
				</transform>
			</node>
			<node>
				<identifier>	HP_FX_Runoff_deluge_right_3	</identifier>
				<transform>
					<row0>	0.9997 -0.0006 -0.0245 0.0000	</row0>
					<row1>	0.0011 0.9997 0.0225 0.0000	</row1>
					<row2>	0.0245 -0.0225 0.9994 0.0000	</row2>
					<row3>	0.0592 0.0869 0.8085 1.0000	</row3>
				</transform>
			</node>
			<node>
				<identifier>	HP_FX_Runoff_deluge_right_4	</identifier>
				<transform>
					<row0>	1.0000 -0.0006 -0.0066 0.0000	</row0>
					<row1>	0.0007 0.9997 0.0225 0.0000	</row1>
					<row2>	0.0066 -0.0225 0.9997 0.0000	</row2>
					<row3>	0.0551 0.0875 0.6017 1.0000	</row3>
				</transform>
			</node>
			<node>
				<identifier>	HP_FX_Runoff_deluge_right_5	</identifier>
				<transform>
					<row0>	1.0000 -0.0006 -0.0066 0.0000	</row0>
					<row1>	0.0007 0.9997 0.0225 0.0000	</row1>
					<row2>	0.0066 -0.0225 0.9997 0.0000	</row2>
					<row3>	0.0532 0.0861 0.3995 1.0000	</row3>
				</transform>
			</node>
			<node>
				<identifier>	HP_FX_Runoff_left_1	</identifier>
				<transform>
					<row0>	-0.8627 0.5057 -0.0042 0.0000	</row0>
					<row1>	0.5057 0.8627 -0.0018 0.0000	</row1>
					<row2>	0.0027 -0.0037 -1.0000 0.0000	</row2>
					<row3>	-0.0600 0.0950 0.6917 1.0000	</row3>
				</transform>
			</node>
			<node>
				<identifier>	HP_FX_Runoff_right_1	</identifier>
				<transform>
					<row0>	0.8149 0.5796 0.0089 0.0000	</row0>
					<row1>	-0.5795 0.8149 -0.0097 0.0000	</row1>
					<row2>	-0.0129 0.0027 0.9999 0.0000	</row2>
					<row3>	0.0600 0.0950 0.6916 1.0000	</row3>
				</transform>
			</node>
			<node>
				<identifier>	HP_FX_Runoff_up_left_2	</identifier>
				<transform>
					<row0>	-0.9999 0.0000 -0.0117 0.0000	</row0>
					<row1>	0.0000 1.0000 -0.0061 0.0000	</row1>
					<row2>	0.0117 -0.0061 -0.9999 0.0000	</row2>
					<row3>	-0.0600 0.1039 0.7916 1.0000	</row3>
				</transform>
			</node>
			<node>
				<identifier>	HP_FX_Runoff_up_right_2	</identifier>
				<transform>
					<row0>	0.9999 0.0000 -0.0117 0.0000	</row0>
					<row1>	0.0000 1.0000 -0.0061 0.0000	</row1>
					<row2>	0.0117 0.0061 0.9999 0.0000	</row2>
					<row3>	0.0600 0.1039 0.7916 1.0000	</row3>
				</transform>
			</node>
			<node>
				<identifier>	HP_Flagpole	</identifier>
				<transform>
					<row0>	0.1444 0.0000 0.0000 0.0000	</row0>
					<row1>	0.0000 0.1444 0.0000 0.0000	</row1>
					<row2>	0.0000 0.0000 0.1444 0.0000	</row2>
					<row3>	-0.0249 0.7243 -0.2457 1.0000	</row3>
				</transform>
			</node>
			<node>
				<identifier>	HP_Ship_death_2	</identifier>
				<transform>
					<row0>	1.0000 0.0000 0.0000 0.0000	</row0>
					<row1>	0.0000 1.0000 0.0000 0.0000	</row1>
					<row2>	0.0000 0.0000 1.0000 0.0000	</row2>
					<row3>	0.0000 0.0000 0.1120 1.0000	</row3>
				</transform>
			</node>
			<node>
				<identifier>	HP_flag_1	</identifier>
				<transform>
					<row0>	0.9961 0.0879 -0.0047 0.0000	</row0>
					<row1>	-0.0879 0.9904 -0.1065 0.0000	</row1>
					<row2>	-0.0047 0.1065 0.9943 0.0000	</row2>
					<row3>	0.0220 0.6890 -0.2260 1.0000	</row3>
				</transform>
			</node>
			<node>
				<identifier>	HP_flag_2	</identifier>
				<transform>
					<row0>	0.9995 0.0320 -0.0017 0.0000	</row0>
					<row1>	-0.0320 0.9938 -0.1069 0.0000	</row1>
					<row2>	-0.0017 0.1069 0.9943 0.0000	</row2>
					<row3>	-0.0702 0.6890 -0.2260 1.0000	</row3>
				</transform>
			</node>
			<node>
				<identifier>	HP_flag_3	</identifier>
				<transform>
					<row0>	0.9864 0.1640 -0.0107 0.0000	</row0>
					<row1>	-0.1640 0.9780 -0.1285 0.0000	</row1>
					<row2>	-0.0107 0.1285 0.9917 0.0000	</row2>
					<row3>	-0.0076 0.6885 -0.2257 1.0000	</row3>
				</transform>
			</node>
			<node>
				<identifier>	HP_flag_4	</identifier>
				<transform>
					<row0>	0.9989 -0.0468 0.0031 0.0000	</row0>
					<row1>	0.0468 0.9904 -0.1301 0.0000	</row1>
					<row2>	0.0031 0.1301 0.9915 0.0000	</row2>
					<row3>	-0.0406 0.6883 -0.2257 1.0000	</row3>
				</transform>
			</node>
			<node>
				<identifier>	HP_flag_courtesy	</identifier>
				<transform>
					<row0>	0.9987 0.0501 -0.0024 0.0000	</row0>
					<row1>	-0.0501 0.9942 -0.0951 0.0000	</row1>
					<row2>	-0.0024 0.0951 0.9955 0.0000	</row2>
					<row3>	0.0372 0.6891 -0.2259 1.0000	</row3>
				</transform>
			</node>
			<node>
				<identifier>	HP_flag_house	</identifier>
				<transform>
					<row0>	0.9974 0.0721 -0.0034 0.0000	</row0>
					<row1>	-0.0721 0.9929 -0.0950 0.0000	</row1>
					<row2>	-0.0034 0.0950 0.9955 0.0000	</row2>
					<row3>	-0.0854 0.6891 -0.2261 1.0000	</row3>
				</transform>
			</node>
			<node>
				<identifier>	HP_flag_nation	</identifier>
				<transform>
					<row0>	1.0000 0.0000 0.0000 0.0000	</row0>
					<row1>	0.0000 0.9418 -0.3362 0.0000	</row1>
					<row2>	0.0000 0.3362 0.9418 0.0000	</row2>
					<row3>	0.0085 0.3980 -0.3719 1.0000	</row3>
				</transform>
			</node>
			<node>
				<identifier>	HP_flag_rank	</identifier>
				<transform>
					<row0>	0.9997 0.0258 0.0000 0.0000	</row0>
					<row1>	-0.0258 0.9996 0.0068 0.0000	</row1>
					<row2>	0.0000 -0.0068 1.0000 0.0000	</row2>
					<row3>	-0.0245 0.7204 -0.2670 1.0000	</row3>
				</transform>
			</node>
		</node>
	</node>
	<boundingBox>
		<min>	-0.0667 -0.0667 -0.0667	</min>
		<max>	0.0667 0.0667 0.0667	</max>
	</boundingBox>
</BSS004_Undine_1938_MidFront_ports.visual>
