<GSB036_Zieten_1944_Stern_ports.visual>
	<node>
		<identifier>	Scene Root	</identifier>
		<transform>
			<row0>	1.0000 0.0000 0.0000 0.0000	</row0>
			<row1>	0.0000 1.0000 0.0000 0.0000	</row1>
			<row2>	0.0000 0.0000 1.0000 0.0000	</row2>
			<row3>	0.0000 0.0000 0.0000 1.0000	</row3>
		</transform>
		<node>
			<identifier>	Stern_ports	</identifier>
			<transform>
				<row0>	1.0000 0.0000 0.0000 0.0000	</row0>
				<row1>	0.0000 1.0000 0.0000 0.0000	</row1>
				<row2>	0.0000 0.0000 1.0000 0.0000	</row2>
				<row3>	0.0000 0.0000 0.0000 1.0000	</row3>
			</transform>
			<node>
				<identifier>	HP_FX_Death_3	</identifier>
				<transform>
					<row0>	1.0000 0.0000 0.0000 0.0000	</row0>
					<row1>	0.0000 1.0000 0.0000 0.0000	</row1>
					<row2>	0.0000 0.0000 1.0000 0.0000	</row2>
					<row3>	0.0000 0.0000 -4.1519 1.0000	</row3>
				</transform>
			</node>
			<node>
				<identifier>	HP_FX_Fire_4	</identifier>
				<transform>
					<row0>	1.0000 0.0000 0.0000 0.0000	</row0>
					<row1>	0.0000 1.0000 0.0000 0.0000	</row1>
					<row2>	0.0000 0.0000 1.0000 0.0000	</row2>
					<row3>	0.0000 0.3424 -6.3142 1.0000	</row3>
				</transform>
			</node>
			<node>
				<identifier>	HP_FX_Flood_steam_right	</identifier>
				<transform>
					<row0>	0.9729 0.0000 -0.2313 0.0000	</row0>
					<row1>	0.0000 1.0000 0.0000 0.0000	</row1>
					<row2>	0.2313 0.0000 0.9729 0.0000	</row2>
					<row3>	0.5468 0.2393 -6.2581 1.0000	</row3>
				</transform>
			</node>
			<node>
				<identifier>	HP_FX_Flood_water_left	</identifier>
				<transform>
					<row0>	-0.9778 0.0000 -0.2095 0.0000	</row0>
					<row1>	0.0000 1.0000 0.0000 0.0000	</row1>
					<row2>	0.2095 0.0000 -0.9778 0.0000	</row2>
					<row3>	-0.7525 0.0705 -5.1257 1.0000	</row3>
				</transform>
			</node>
			<node>
				<identifier>	HP_FX_Flood_water_right	</identifier>
				<transform>
					<row0>	0.9937 0.0000 -0.1123 0.0000	</row0>
					<row1>	0.0000 1.0000 0.0000 0.0000	</row1>
					<row2>	0.1123 0.0000 0.9937 0.0000	</row2>
					<row3>	0.7530 0.0727 -5.1256 1.0000	</row3>
				</transform>
			</node>
			<node>
				<identifier>	HP_FX_RepairLight_left_2	</identifier>
				<transform>
					<row0>	-0.0984 0.0000 0.9951 0.0000	</row0>
					<row1>	0.0000 1.0000 0.0000 0.0000	</row1>
					<row2>	-0.9951 0.0000 -0.0984 0.0000	</row2>
					<row3>	-0.8519 0.3592 -4.2904 1.0000	</row3>
				</transform>
			</node>
			<node>
				<identifier>	HP_FX_WakeTraceBack	</identifier>
				<transform>
					<row0>	1.0000 0.0000 0.0000 0.0000	</row0>
					<row1>	0.0000 1.0000 0.0000 0.0000	</row1>
					<row2>	0.0000 0.0000 1.0000 0.0000	</row2>
					<row3>	0.0000 0.0000 -7.7847 1.0000	</row3>
				</transform>
			</node>
			<node>
				<identifier>	HP_FX_WakeTrace_screw_1	</identifier>
				<transform>
					<row0>	1.0000 0.0000 0.0000 0.0000	</row0>
					<row1>	0.0000 1.0000 0.0000 0.0000	</row1>
					<row2>	0.0000 0.0000 1.0000 0.0000	</row2>
					<row3>	-0.4960 -0.3800 -5.9460 1.0000	</row3>
				</transform>
			</node>
			<node>
				<identifier>	HP_FX_WakeTrace_screw_2	</identifier>
				<transform>
					<row0>	1.0000 0.0000 0.0000 0.0000	</row0>
					<row1>	0.0000 1.0000 0.0000 0.0000	</row1>
					<row2>	0.0000 0.0000 1.0000 0.0000	</row2>
					<row3>	-0.2380 -0.4280 -6.5170 1.0000	</row3>
				</transform>
			</node>
			<node>
				<identifier>	HP_FX_WakeTrace_screw_3	</identifier>
				<transform>
					<row0>	1.0000 0.0000 0.0000 0.0000	</row0>
					<row1>	0.0000 1.0000 0.0000 0.0000	</row1>
					<row2>	0.0000 0.0000 1.0000 0.0000	</row2>
					<row3>	0.2380 -0.4280 -6.5170 1.0000	</row3>
				</transform>
			</node>
			<node>
				<identifier>	HP_FX_WakeTrace_screw_4	</identifier>
				<transform>
					<row0>	1.0000 0.0000 0.0000 0.0000	</row0>
					<row1>	0.0000 1.0000 0.0000 0.0000	</row1>
					<row2>	0.0000 0.0000 1.0000 0.0000	</row2>
					<row3>	0.4960 -0.3800 -5.9460 1.0000	</row3>
				</transform>
			</node>
			<node>
				<identifier>	HP_GGM_3	</identifier>
				<transform>
					<row0>	-1.0000 0.0000 0.0000 0.0000	</row0>
					<row1>	0.0000 1.0000 0.0000 0.0000	</row1>
					<row2>	0.0000 0.0000 -1.0000 0.0000	</row2>
					<row3>	0.0000 0.4215 -4.7774 1.0000	</row3>
				</transform>
			</node>
			<node>
				<identifier>	HP_GGS_13	</identifier>
				<transform>
					<row0>	-0.9848 0.0000 0.1736 0.0000	</row0>
					<row1>	0.0000 1.0000 0.0000 0.0000	</row1>
					<row2>	-0.1736 0.0000 -0.9848 0.0000	</row2>
					<row3>	-0.7137 0.1916 -4.5089 1.0000	</row3>
				</transform>
			</node>
			<node>
				<identifier>	HP_GGS_14	</identifier>
				<transform>
					<row0>	-0.9848 0.0000 -0.1736 0.0000	</row0>
					<row1>	0.0000 1.0000 0.0000 0.0000	</row1>
					<row2>	0.1736 0.0000 -0.9848 0.0000	</row2>
					<row3>	0.7137 0.1916 -4.5089 1.0000	</row3>
				</transform>
			</node>
			<node>
				<identifier>	HP_GGS_15	</identifier>
				<transform>
					<row0>	-1.0000 0.0000 0.0000 0.0000	</row0>
					<row1>	0.0000 1.0000 0.0000 0.0000	</row1>
					<row2>	0.0000 0.0000 -1.0000 0.0000	</row2>
					<row3>	-0.6032 0.1893 -5.2555 1.0000	</row3>
				</transform>
			</node>
			<node>
				<identifier>	HP_GGS_16	</identifier>
				<transform>
					<row0>	-1.0000 0.0000 0.0000 0.0000	</row0>
					<row1>	0.0000 1.0000 0.0000 0.0000	</row1>
					<row2>	0.0000 0.0000 -1.0000 0.0000	</row2>
					<row3>	0.6032 0.1893 -5.2555 1.0000	</row3>
				</transform>
			</node>
			<node>
				<identifier>	MP_CM011_Fire_Fighting_Gear	</identifier>
				<transform>
					<row0>	-0.3842 0.0000 -0.9233 0.0000	</row0>
					<row1>	0.0000 1.0000 0.0000 0.0000	</row1>
					<row2>	0.9233 0.0000 -0.3842 0.0000	</row2>
					<row3>	-0.3972 0.3549 -4.6287 1.0000	</row3>
				</transform>
			</node>
			<node>
				<identifier>	MP_CM011_Fire_Fighting_Gear_INDEX_1	</identifier>
				<transform>
					<row0>	-0.3842 0.0000 0.9233 0.0000	</row0>
					<row1>	0.0000 1.0000 0.0000 0.0000	</row1>
					<row2>	-0.9233 0.0000 -0.3842 0.0000	</row2>
					<row3>	0.3906 0.3549 -4.6277 1.0000	</row3>
				</transform>
			</node>
			<node>
				<identifier>	MP_CM014_Fuel_Oil_Hose	</identifier>
				<transform>
					<row0>	0.9000 0.0000 0.0000 0.0000	</row0>
					<row1>	0.0000 -0.9000 0.0000 0.0000	</row1>
					<row2>	0.0000 0.0000 -0.9000 0.0000	</row2>
					<row3>	-0.5570 0.1648 -5.7993 1.0000	</row3>
				</transform>
			</node>
			<node>
				<identifier>	MP_CM014_Fuel_Oil_Hose_INDEX_1	</identifier>
				<transform>
					<row0>	0.9000 0.0000 0.0000 0.0000	</row0>
					<row1>	0.0000 -0.9000 0.0000 0.0000	</row1>
					<row2>	0.0000 0.0000 -0.9000 0.0000	</row2>
					<row3>	-0.5570 0.1883 -5.7993 1.0000	</row3>
				</transform>
			</node>
			<node>
				<identifier>	MP_CM014_Fuel_Oil_Hose_INDEX_2	</identifier>
				<transform>
					<row0>	-0.9000 0.0000 0.0000 0.0000	</row0>
					<row1>	0.0000 -0.9000 0.0000 0.0000	</row1>
					<row2>	0.0000 0.0000 0.9000 0.0000	</row2>
					<row3>	0.5570 0.1883 -5.7993 1.0000	</row3>
				</transform>
			</node>
			<node>
				<identifier>	MP_CM014_Fuel_Oil_Hose_INDEX_3	</identifier>
				<transform>
					<row0>	-0.9000 0.0000 0.0000 0.0000	</row0>
					<row1>	0.0000 -0.9000 0.0000 0.0000	</row1>
					<row2>	0.0000 0.0000 0.9000 0.0000	</row2>
					<row3>	0.5570 0.1648 -5.7993 1.0000	</row3>
				</transform>
			</node>
			<node>
				<identifier>	MP_CM079_Fender	</identifier>
				<transform>
					<row0>	0.0000 0.0000 0.9000 0.0000	</row0>
					<row1>	0.0000 0.9000 0.0000 0.0000	</row1>
					<row2>	-0.9000 0.0000 0.0000 0.0000	</row2>
					<row3>	-0.5559 0.1640 -5.6632 1.0000	</row3>
				</transform>
			</node>
			<node>
				<identifier>	MP_CM079_Fender_INDEX_1	</identifier>
				<transform>
					<row0>	0.0000 0.0000 0.9000 0.0000	</row0>
					<row1>	0.0000 0.9000 0.0000 0.0000	</row1>
					<row2>	-0.9000 0.0000 0.0000 0.0000	</row2>
					<row3>	-0.5559 0.1640 -5.5688 1.0000	</row3>
				</transform>
			</node>
			<node>
				<identifier>	MP_CM079_Fender_INDEX_2	</identifier>
				<transform>
					<row0>	0.0000 0.0000 -0.9000 0.0000	</row0>
					<row1>	0.0000 0.9000 0.0000 0.0000	</row1>
					<row2>	0.9000 0.0000 0.0000 0.0000	</row2>
					<row3>	0.5559 0.1640 -5.5688 1.0000	</row3>
				</transform>
			</node>
			<node>
				<identifier>	MP_CM079_Fender_INDEX_3	</identifier>
				<transform>
					<row0>	0.0000 0.0000 -0.9000 0.0000	</row0>
					<row1>	0.0000 0.9000 0.0000 0.0000	</row1>
					<row2>	0.9000 0.0000 0.0000 0.0000	</row2>
					<row3>	0.5559 0.1640 -5.6632 1.0000	</row3>
				</transform>
			</node>
			<node>
				<identifier>	MP_CM093_Rope	</identifier>
				<transform>
					<row0>	0.6192 -0.1976 0.0000 0.0000	</row0>
					<row1>	0.1976 0.6192 0.0000 0.0000	</row1>
					<row2>	0.0000 0.0000 0.6500 0.0000	</row2>
					<row3>	-0.5487 0.4209 -5.8222 1.0000	</row3>
				</transform>
			</node>
			<node>
				<identifier>	MP_CM093_Rope_INDEX_1	</identifier>
				<transform>
					<row0>	0.6443 0.0857 -0.0055 0.0000	</row0>
					<row1>	-0.0857 0.6443 0.0007 0.0000	</row1>
					<row2>	0.0055 0.0000 0.6500 0.0000	</row2>
					<row3>	0.5491 0.4209 -6.1901 1.0000	</row3>
				</transform>
			</node>
			<node>
				<identifier>	MP_CM093_Rope_INDEX_2	</identifier>
				<transform>
					<row0>	0.6192 0.1976 0.0000 0.0000	</row0>
					<row1>	-0.1976 0.6192 0.0000 0.0000	</row1>
					<row2>	0.0000 0.0000 0.6500 0.0000	</row2>
					<row3>	0.5487 0.4209 -5.8222 1.0000	</row3>
				</transform>
			</node>
			<node>
				<identifier>	MP_CM093_Rope_INDEX_3	</identifier>
				<transform>
					<row0>	0.6443 -0.0857 0.0055 0.0000	</row0>
					<row1>	0.0857 0.6443 0.0007 0.0000	</row1>
					<row2>	-0.0055 0.0000 0.6500 0.0000	</row2>
					<row3>	-0.5491 0.4209 -6.1901 1.0000	</row3>
				</transform>
			</node>
			<node>
				<identifier>	MP_CM094_Propeller3_L	</identifier>
				<transform>
					<row0>	-0.4833 -0.7822 0.0314 0.0000	</row0>
					<row1>	0.7828 -0.4832 0.0108 0.0000	</row1>
					<row2>	0.0073 0.0324 0.9194 0.0000	</row2>
					<row3>	-0.2363 -0.4300 -6.5186 1.0000	</row3>
				</transform>
			</node>
			<node>
				<identifier>	MP_CM094_Propeller3_L_INDEX_1	</identifier>
				<transform>
					<row0>	-0.4849 -0.7817 0.0169 0.0000	</row0>
					<row1>	0.7814 -0.4852 -0.0220 0.0000	</row1>
					<row2>	0.0276 0.0028 0.9196 0.0000	</row2>
					<row3>	-0.4943 -0.3806 -5.9462 1.0000	</row3>
				</transform>
			</node>
			<node>
				<identifier>	MP_CM095_Propeller3_R	</identifier>
				<transform>
					<row0>	-0.4833 0.7822 -0.0314 0.0000	</row0>
					<row1>	-0.7828 -0.4832 0.0108 0.0000	</row1>
					<row2>	-0.0073 0.0324 0.9194 0.0000	</row2>
					<row3>	0.2363 -0.4300 -6.5186 1.0000	</row3>
				</transform>
			</node>
			<node>
				<identifier>	MP_CM095_Propeller3_R_INDEX_1	</identifier>
				<transform>
					<row0>	-0.4849 0.7817 -0.0169 0.0000	</row0>
					<row1>	-0.7814 -0.4852 -0.0220 0.0000	</row1>
					<row2>	-0.0276 0.0028 0.9196 0.0000	</row2>
					<row3>	0.4943 -0.3806 -5.9462 1.0000	</row3>
				</transform>
			</node>
			<node>
				<identifier>	MP_GM003_Reels_1	</identifier>
				<transform>
					<row0>	1.2000 0.0000 0.0000 0.0000	</row0>
					<row1>	0.0000 1.2000 0.0000 0.0000	</row1>
					<row2>	0.0000 0.0000 1.2000 0.0000	</row2>
					<row3>	-0.1793 0.3563 -5.2794 1.0000	</row3>
				</transform>
			</node>
			<node>
				<identifier>	MP_GM003_Reels_1_INDEX_1	</identifier>
				<transform>
					<row0>	1.2000 0.0000 0.0000 0.0000	</row0>
					<row1>	0.0000 1.2000 0.0000 0.0000	</row1>
					<row2>	0.0000 0.0000 1.2000 0.0000	</row2>
					<row3>	0.1793 0.3563 -5.2794 1.0000	</row3>
				</transform>
			</node>
			<node>
				<identifier>	MP_GM003_Reels_1_INDEX_2	</identifier>
				<transform>
					<row0>	1.2000 0.0000 0.0000 0.0000	</row0>
					<row1>	0.0000 1.2000 0.0000 0.0000	</row1>
					<row2>	0.0000 0.0000 1.2000 0.0000	</row2>
					<row3>	-0.3261 0.3563 -5.1657 1.0000	</row3>
				</transform>
			</node>
			<node>
				<identifier>	MP_GM003_Reels_1_INDEX_3	</identifier>
				<transform>
					<row0>	1.2000 0.0000 0.0000 0.0000	</row0>
					<row1>	0.0000 1.2000 0.0000 0.0000	</row1>
					<row2>	0.0000 0.0000 1.2000 0.0000	</row2>
					<row3>	0.3261 0.3563 -5.1657 1.0000	</row3>
				</transform>
			</node>
			<node>
				<identifier>	MP_GM003_Reels_1_INDEX_4	</identifier>
				<transform>
					<row0>	-1.2000 0.0000 0.0000 0.0000	</row0>
					<row1>	0.0000 1.2000 0.0000 0.0000	</row1>
					<row2>	0.0000 0.0000 -1.2000 0.0000	</row2>
					<row3>	0.0000 0.3563 -6.6585 1.0000	</row3>
				</transform>
			</node>
			<node>
				<identifier>	MP_GM007_LifeBuoy	</identifier>
				<transform>
					<row0>	0.9647 0.0000 0.2635 0.0000	</row0>
					<row1>	0.0000 1.0000 0.0000 0.0000	</row1>
					<row2>	-0.2635 0.0000 0.9647 0.0000	</row2>
					<row3>	-0.4318 0.3985 -6.7056 1.0000	</row3>
				</transform>
			</node>
			<node>
				<identifier>	MP_GM007_LifeBuoy_INDEX_1	</identifier>
				<transform>
					<row0>	0.9647 0.0000 -0.2635 0.0000	</row0>
					<row1>	0.0000 1.0000 0.0000 0.0000	</row1>
					<row2>	0.2635 0.0000 0.9647 0.0000	</row2>
					<row3>	0.4318 0.3985 -6.7069 1.0000	</row3>
				</transform>
			</node>
			<node>
				<identifier>	MP_GM016_Sleeve	</identifier>
				<transform>
					<row0>	0.3787 0.0000 -0.9255 0.0000	</row0>
					<row1>	0.0000 1.0000 0.0000 0.0000	</row1>
					<row2>	0.9255 0.0000 0.3787 0.0000	</row2>
					<row3>	0.3710 0.3910 -4.6074 1.0000	</row3>
				</transform>
			</node>
			<node>
				<identifier>	MP_GM016_Sleeve_INDEX_1	</identifier>
				<transform>
					<row0>	0.3787 0.0000 0.9255 0.0000	</row0>
					<row1>	0.0000 1.0000 0.0000 0.0000	</row1>
					<row2>	-0.9255 0.0000 0.3787 0.0000	</row2>
					<row3>	-0.3725 0.3910 -4.6112 1.0000	</row3>
				</transform>
			</node>
			<node>
				<identifier>	MP_GM161_Monogramm	</identifier>
				<transform>
					<row0>	1.0000 0.0000 0.0000 0.0000	</row0>
					<row1>	0.0000 1.0000 0.0000 0.0000	</row1>
					<row2>	0.0000 0.0000 1.0000 0.0000	</row2>
					<row3>	0.0000 0.2560 -7.7678 1.0000	</row3>
				</transform>
			</node>
			<node>
				<identifier>	MP_GM856_Mastheadlight	</identifier>
				<transform>
					<row0>	-0.6202 0.0000 0.0000 0.0000	</row0>
					<row1>	0.0000 0.6202 0.0000 0.0000	</row1>
					<row2>	0.0000 0.0000 -0.6202 0.0000	</row2>
					<row3>	0.0000 0.3942 -7.7362 1.0000	</row3>
				</transform>
			</node>
			<node>
				<identifier>	SP_YMS011_YHWL_M_1_INDEX_12	</identifier>
				<transform>
					<row0>	0.9818 0.1571 0.1066 0.0000	</row0>
					<row1>	-0.1562 0.9876 -0.0172 0.0000	</row1>
					<row2>	-0.1079 0.0003 0.9942 0.0000	</row2>
					<row3>	-0.8803 0.0340 -4.1360 1.0000	</row3>
				</transform>
			</node>
			<node>
				<identifier>	SP_YMS011_YHWL_M_1_INDEX_13	</identifier>
				<transform>
					<row0>	0.9603 0.2502 0.1236 0.0000	</row0>
					<row1>	-0.2485 0.9682 -0.0291 0.0000	</row1>
					<row2>	-0.1270 -0.0028 0.9919 0.0000	</row2>
					<row3>	-0.7755 0.0343 -4.9797 1.0000	</row3>
				</transform>
			</node>
			<node>
				<identifier>	SP_YMS011_YHWL_M_1_INDEX_14	</identifier>
				<transform>
					<row0>	0.9508 0.2465 0.1876 0.0000	</row0>
					<row1>	-0.2419 0.9691 -0.0474 0.0000	</row1>
					<row2>	-0.1935 -0.0003 0.9811 0.0000	</row2>
					<row3>	-0.6396 0.0356 -5.8176 1.0000	</row3>
				</transform>
			</node>
			<node>
				<identifier>	SP_YMS011_YHWL_M_1_INDEX_15	</identifier>
				<transform>
					<row0>	0.9333 0.2425 0.2649 0.0000	</row0>
					<row1>	-0.2321 0.9702 -0.0701 0.0000	</row1>
					<row2>	-0.2740 0.0039 0.9617 0.0000	</row2>
					<row3>	-0.4427 0.0338 -6.6429 1.0000	</row3>
				</transform>
			</node>
			<node>
				<identifier>	SP_YMS012_YHWR_M_1_INDEX_12	</identifier>
				<transform>
					<row0>	0.9818 -0.1571 -0.1066 0.0000	</row0>
					<row1>	0.1562 0.9876 -0.0172 0.0000	</row1>
					<row2>	0.1079 0.0003 0.9942 0.0000	</row2>
					<row3>	0.8803 0.0340 -4.1360 1.0000	</row3>
				</transform>
			</node>
			<node>
				<identifier>	SP_YMS012_YHWR_M_1_INDEX_13	</identifier>
				<transform>
					<row0>	0.9603 -0.2502 -0.1236 0.0000	</row0>
					<row1>	0.2485 0.9682 -0.0291 0.0000	</row1>
					<row2>	0.1270 -0.0028 0.9919 0.0000	</row2>
					<row3>	0.7755 0.0343 -4.9797 1.0000	</row3>
				</transform>
			</node>
			<node>
				<identifier>	SP_YMS012_YHWR_M_1_INDEX_14	</identifier>
				<transform>
					<row0>	0.9508 -0.2465 -0.1876 0.0000	</row0>
					<row1>	0.2419 0.9691 -0.0474 0.0000	</row1>
					<row2>	0.1935 -0.0003 0.9811 0.0000	</row2>
					<row3>	0.6396 0.0356 -5.8176 1.0000	</row3>
				</transform>
			</node>
			<node>
				<identifier>	SP_YMS012_YHWR_M_1_INDEX_15	</identifier>
				<transform>
					<row0>	0.9333 -0.2425 -0.2649 0.0000	</row0>
					<row1>	0.2321 0.9702 -0.0701 0.0000	</row1>
					<row2>	0.2740 0.0039 0.9617 0.0000	</row2>
					<row3>	0.4427 0.0338 -6.6429 1.0000	</row3>
				</transform>
			</node>
			<node>
				<identifier>	SP_YMS023_YHUC_L_1	</identifier>
				<transform>
					<row0>	0.7311 -0.0004 -0.0219 0.0000	</row0>
					<row1>	0.0003 0.7314 -0.0022 0.0000	</row1>
					<row2>	0.0219 0.0022 0.7311 0.0000	</row2>
					<row3>	-0.5057 -0.3789 -6.1227 1.0000	</row3>
				</transform>
			</node>
			<node>
				<identifier>	SP_YMS023_YHUC_L_1_INDEX_1	</identifier>
				<transform>
					<row0>	0.7311 0.0004 0.0219 0.0000	</row0>
					<row1>	-0.0003 0.7314 -0.0022 0.0000	</row1>
					<row2>	-0.0219 0.0022 0.7311 0.0000	</row2>
					<row3>	0.5057 -0.3789 -6.1227 1.0000	</row3>
				</transform>
			</node>
			<node>
				<identifier>	SP_YMS023_YHUC_L_1_INDEX_2	</identifier>
				<transform>
					<row0>	0.6345 0.0000 -0.0051 0.0000	</row0>
					<row1>	0.0000 0.6341 -0.0224 0.0000	</row1>
					<row2>	0.0051 0.0224 0.6341 0.0000	</row2>
					<row3>	-0.2429 -0.4325 -6.5848 1.0000	</row3>
				</transform>
			</node>
			<node>
				<identifier>	SP_YMS023_YHUC_L_1_INDEX_3	</identifier>
				<transform>
					<row0>	0.6345 0.0000 0.0051 0.0000	</row0>
					<row1>	0.0000 0.6341 -0.0224 0.0000	</row1>
					<row2>	-0.0051 0.0224 0.6341 0.0000	</row2>
					<row3>	0.2429 -0.4325 -6.5848 1.0000	</row3>
				</transform>
			</node>
			<node>
				<identifier>	SP_YMS031_YHAL_M_1	</identifier>
				<transform>
					<row0>	1.1757 0.0189 0.3963 0.0000	</row0>
					<row1>	-0.0187 1.2407 -0.0039 0.0000	</row1>
					<row2>	-0.3963 -0.0023 1.1758 0.0000	</row2>
					<row3>	-0.2608 0.2139 -7.4338 1.0000	</row3>
				</transform>
			</node>
			<node>
				<identifier>	SP_YMS032_YHAR_M_1	</identifier>
				<transform>
					<row0>	1.1757 -0.0189 -0.3963 0.0000	</row0>
					<row1>	0.0187 1.2407 -0.0039 0.0000	</row1>
					<row2>	0.3963 -0.0023 1.1758 0.0000	</row2>
					<row3>	0.2608 0.2139 -7.4338 1.0000	</row3>
				</transform>
			</node>
			<node>
				<identifier>	SP_YMS053_YHDC_S_1_INDEX_11	</identifier>
				<transform>
					<row0>	1.0000 0.0000 0.0000 0.0000	</row0>
					<row1>	0.0000 1.0000 0.0000 0.0000	</row1>
					<row2>	0.0000 0.0000 1.0000 0.0000	</row2>
					<row3>	0.0000 0.3686 -6.7969 1.0000	</row3>
				</transform>
			</node>
			<node>
				<identifier>	SP_YMS080_YHSL_M_1_INDEX_3	</identifier>
				<transform>
					<row0>	0.5156 -0.0018 0.1462 0.0000	</row0>
					<row1>	0.0307 0.5252 -0.1019 0.0000	</row1>
					<row2>	-0.1429 0.1064 0.5054 0.0000	</row2>
					<row3>	-0.5221 0.2608 -6.3760 1.0000	</row3>
				</transform>
			</node>
			<node>
				<identifier>	SP_YMS081_YHSR_M_1_INDEX_3	</identifier>
				<transform>
					<row0>	0.5156 0.0018 -0.1462 0.0000	</row0>
					<row1>	-0.0307 0.5252 -0.1019 0.0000	</row1>
					<row2>	0.1429 0.1064 0.5054 0.0000	</row2>
					<row3>	0.5221 0.2608 -6.3760 1.0000	</row3>
				</transform>
			</node>
		</node>
	</node>
	<boundingBox>
		<min>	-0.0667 -0.0667 -0.0667	</min>
		<max>	0.0667 0.0667 0.0667	</max>
	</boundingBox>
</GSB036_Zieten_1944_Stern_ports.visual>
