<GSB002_Tirpiz_1942_MidBack_ports.visual>
	<node>
		<identifier>	Scene Root	</identifier>
		<transform>
			<row0>	1.0000 0.0000 0.0000 0.0000	</row0>
			<row1>	0.0000 1.0000 0.0000 0.0000	</row1>
			<row2>	0.0000 0.0000 1.0000 0.0000	</row2>
			<row3>	0.0000 0.0000 0.0000 1.0000	</row3>
		</transform>
		<node>
			<identifier>	MidBack_ports	</identifier>
			<transform>
				<row0>	1.0000 0.0000 0.0000 0.0000	</row0>
				<row1>	0.0000 1.0000 0.0000 0.0000	</row1>
				<row2>	0.0000 0.0000 1.0000 0.0000	</row2>
				<row3>	0.0000 0.0000 0.0000 1.0000	</row3>
			</transform>
			<node>
				<identifier>	HP_FX_Death_3	</identifier>
				<transform>
					<row0>	1.0000 0.0000 0.0000 0.0000	</row0>
					<row1>	0.0000 1.0000 0.0000 0.0000	</row1>
					<row2>	0.0000 0.0000 1.0000 0.0000	</row2>
					<row3>	0.0000 0.0000 -4.6595 1.0000	</row3>
				</transform>
			</node>
			<node>
				<identifier>	HP_FX_Fire_3	</identifier>
				<transform>
					<row0>	1.0000 0.0000 0.0000 0.0000	</row0>
					<row1>	0.0000 1.0000 0.0000 0.0000	</row1>
					<row2>	0.0000 0.0000 1.0000 0.0000	</row2>
					<row3>	0.0000 0.8535 -2.0880 1.0000	</row3>
				</transform>
			</node>
			<node>
				<identifier>	HP_FX_Fire_3_side_1	</identifier>
				<transform>
					<row0>	1.0000 0.0000 0.0000 0.0000	</row0>
					<row1>	0.0000 1.0000 0.0000 0.0000	</row1>
					<row2>	0.0000 0.0000 1.0000 0.0000	</row2>
					<row3>	0.9451 0.3700 -2.4031 1.0000	</row3>
				</transform>
			</node>
			<node>
				<identifier>	HP_FX_Fire_3_side_2	</identifier>
				<transform>
					<row0>	1.0000 0.0000 0.0000 0.0000	</row0>
					<row1>	0.0000 1.0000 0.0000 0.0000	</row1>
					<row2>	0.0000 0.0000 1.0000 0.0000	</row2>
					<row3>	-0.8793 0.3777 -3.3366 1.0000	</row3>
				</transform>
			</node>
			<node>
				<identifier>	HP_FX_Fire_5_1	</identifier>
				<transform>
					<row0>	1.0000 0.0000 0.0000 0.0000	</row0>
					<row1>	0.0000 1.0000 0.0000 0.0000	</row1>
					<row2>	0.0000 0.0000 1.0000 0.0000	</row2>
					<row3>	0.0000 0.5507 -0.7494 1.0000	</row3>
				</transform>
			</node>
			<node>
				<identifier>	HP_FX_FloodLight_left_2	</identifier>
				<transform>
					<row0>	-0.9884 0.0000 -0.1518 0.0000	</row0>
					<row1>	0.0000 1.0000 0.0000 0.0000	</row1>
					<row2>	0.1518 0.0000 -0.9884 0.0000	</row2>
					<row3>	-0.5399 0.6582 -2.5293 1.0000	</row3>
				</transform>
			</node>
			<node>
				<identifier>	HP_FX_FloodLight_right_2	</identifier>
				<transform>
					<row0>	1.0000 0.0000 0.0000 0.0000	</row0>
					<row1>	0.0000 1.0000 0.0000 0.0000	</row1>
					<row2>	0.0000 0.0000 1.0000 0.0000	</row2>
					<row3>	0.5399 0.6598 -2.7493 1.0000	</row3>
				</transform>
			</node>
			<node>
				<identifier>	HP_FX_Flood_steam_right	</identifier>
				<transform>
					<row0>	1.0000 0.0000 0.0000 0.0000	</row0>
					<row1>	0.0000 1.0000 0.0000 0.0000	</row1>
					<row2>	0.0000 0.0000 1.0000 0.0000	</row2>
					<row3>	0.7330 0.4670 -2.7860 1.0000	</row3>
				</transform>
			</node>
			<node>
				<identifier>	HP_FX_Flood_water_left	</identifier>
				<transform>
					<row0>	-1.0000 0.0000 0.0000 0.0000	</row0>
					<row1>	0.0000 1.0000 0.0000 0.0000	</row1>
					<row2>	0.0000 0.0000 -1.0000 0.0000	</row2>
					<row3>	-0.9750 0.0584 -3.9590 1.0000	</row3>
				</transform>
			</node>
			<node>
				<identifier>	HP_FX_Flood_water_left_4	</identifier>
				<transform>
					<row0>	-1.0000 0.0000 0.0000 0.0000	</row0>
					<row1>	0.0000 1.0000 0.0000 0.0000	</row1>
					<row2>	0.0000 0.0000 -1.0000 0.0000	</row2>
					<row3>	-1.1952 0.0594 -0.6860 1.0000	</row3>
				</transform>
			</node>
			<node>
				<identifier>	HP_FX_Flood_water_right	</identifier>
				<transform>
					<row0>	1.0000 0.0000 0.0000 0.0000	</row0>
					<row1>	0.0000 1.0000 0.0000 0.0000	</row1>
					<row2>	0.0000 0.0000 1.0000 0.0000	</row2>
					<row3>	0.9762 0.0590 -3.9610 1.0000	</row3>
				</transform>
			</node>
			<node>
				<identifier>	HP_FX_Flood_water_right_4	</identifier>
				<transform>
					<row0>	1.0000 0.0000 0.0000 0.0000	</row0>
					<row1>	0.0000 1.0000 0.0000 0.0000	</row1>
					<row2>	0.0000 0.0000 1.0000 0.0000	</row2>
					<row3>	1.1966 0.0587 -0.6860 1.0000	</row3>
				</transform>
			</node>
			<node>
				<identifier>	HP_FX_RepairLight_left_2	</identifier>
				<transform>
					<row0>	-0.1181 0.0000 0.9930 0.0000	</row0>
					<row1>	-0.0172 0.9999 -0.0020 0.0000	</row1>
					<row2>	-0.9928 -0.0173 -0.1181 0.0000	</row2>
					<row3>	-0.9538 0.3738 -4.2257 1.0000	</row3>
				</transform>
			</node>
			<node>
				<identifier>	HP_FX_RepairLight_right_2	</identifier>
				<transform>
					<row0>	-0.1181 0.0000 -0.9930 0.0000	</row0>
					<row1>	0.0172 0.9999 -0.0020 0.0000	</row1>
					<row2>	0.9928 -0.0173 -0.1181 0.0000	</row2>
					<row3>	0.9184 0.3766 -4.5237 1.0000	</row3>
				</transform>
			</node>
			<node>
				<identifier>	HP_Flagpole	</identifier>
				<transform>
					<row0>	-1.0000 0.0000 0.0000 0.0000	</row0>
					<row1>	0.0000 1.0000 0.0000 0.0000	</row1>
					<row2>	0.0000 0.0000 -1.0000 0.0000	</row2>
					<row3>	0.0000 2.6471 -1.2208 1.0000	</row3>
				</transform>
			</node>
			<node>
				<identifier>	HP_GC_1	</identifier>
				<transform>
					<row0>	0.0000 0.0000 1.0000 0.0000	</row0>
					<row1>	0.0000 1.0000 0.0000 0.0000	</row1>
					<row2>	-1.0000 0.0000 0.0000 0.0000	</row2>
					<row3>	-0.6003 0.4901 -0.5698 1.0000	</row3>
				</transform>
			</node>
			<node>
				<identifier>	HP_GC_2	</identifier>
				<transform>
					<row0>	0.0000 0.0000 -1.0000 0.0000	</row0>
					<row1>	0.0000 1.0000 0.0000 0.0000	</row1>
					<row2>	1.0000 0.0000 0.0000 0.0000	</row2>
					<row3>	0.6003 0.4901 -0.5698 1.0000	</row3>
				</transform>
			</node>
			<node>
				<identifier>	HP_GD_7	</identifier>
				<transform>
					<row0>	-1.0000 0.0000 0.0000 0.0000	</row0>
					<row1>	0.0000 1.0000 0.0000 0.0000	</row1>
					<row2>	0.0000 0.0000 -1.0000 0.0000	</row2>
					<row3>	-0.1738 0.8570 -2.3033 1.0000	</row3>
				</transform>
			</node>
			<node>
				<identifier>	HP_GD_8	</identifier>
				<transform>
					<row0>	-1.0000 0.0000 0.0000 0.0000	</row0>
					<row1>	0.0000 1.0000 0.0000 0.0000	</row1>
					<row2>	0.0000 0.0000 -1.0000 0.0000	</row2>
					<row3>	0.1738 0.8570 -2.3033 1.0000	</row3>
				</transform>
			</node>
			<node>
				<identifier>	HP_GF_7	</identifier>
				<transform>
					<row0>	-1.0000 0.0000 0.0000 0.0000	</row0>
					<row1>	0.0000 1.0000 0.0000 0.0000	</row1>
					<row2>	0.0000 0.0000 -1.0000 0.0000	</row2>
					<row3>	0.0000 1.1399 -1.6822 1.0000	</row3>
				</transform>
			</node>
			<node>
				<identifier>	HP_GF_8	</identifier>
				<transform>
					<row0>	-1.0000 0.0000 0.0000 0.0000	</row0>
					<row1>	0.0000 1.0000 0.0000 0.0000	</row1>
					<row2>	0.0000 0.0000 -1.0000 0.0000	</row2>
					<row3>	0.0000 1.0347 -2.3288 1.0000	</row3>
				</transform>
			</node>
			<node>
				<identifier>	HP_GF_9	</identifier>
				<transform>
					<row0>	-1.0000 0.0000 0.0000 0.0000	</row0>
					<row1>	0.0000 1.0000 0.0000 0.0000	</row1>
					<row2>	0.0000 0.0000 -1.0000 0.0000	</row2>
					<row3>	0.0000 0.7986 -3.0163 1.0000	</row3>
				</transform>
			</node>
			<node>
				<identifier>	HP_GGA_14	</identifier>
				<transform>
					<row0>	0.0000 0.0000 1.0000 0.0000	</row0>
					<row1>	0.0000 1.0000 0.0000 0.0000	</row1>
					<row2>	-1.0000 0.0000 0.0000 0.0000	</row2>
					<row3>	-0.1928 0.8445 -1.9740 1.0000	</row3>
				</transform>
			</node>
			<node>
				<identifier>	HP_GGA_15	</identifier>
				<transform>
					<row0>	0.0000 0.0000 -1.0000 0.0000	</row0>
					<row1>	0.0000 1.0000 0.0000 0.0000	</row1>
					<row2>	1.0000 0.0000 0.0000 0.0000	</row2>
					<row3>	0.1928 0.8445 -1.9740 1.0000	</row3>
				</transform>
			</node>
			<node>
				<identifier>	HP_GGA_16	</identifier>
				<transform>
					<row0>	0.0000 0.0000 1.0000 0.0000	</row0>
					<row1>	0.0000 1.0000 0.0000 0.0000	</row1>
					<row2>	-1.0000 0.0000 0.0000 0.0000	</row2>
					<row3>	-0.3783 0.6952 -2.0714 1.0000	</row3>
				</transform>
			</node>
			<node>
				<identifier>	HP_GGA_17	</identifier>
				<transform>
					<row0>	-0.0102 0.0000 -0.9999 0.0000	</row0>
					<row1>	0.0000 1.0000 0.0000 0.0000	</row1>
					<row2>	0.9999 0.0000 -0.0102 0.0000	</row2>
					<row3>	0.3783 0.6952 -2.0714 1.0000	</row3>
				</transform>
			</node>
			<node>
				<identifier>	HP_GGA_18	</identifier>
				<transform>
					<row0>	0.0000 0.0000 1.0000 0.0000	</row0>
					<row1>	0.0000 1.0000 0.0000 0.0000	</row1>
					<row2>	-1.0000 0.0000 0.0000 0.0000	</row2>
					<row3>	-0.4269 0.6941 -2.3231 1.0000	</row3>
				</transform>
			</node>
			<node>
				<identifier>	HP_GGA_19	</identifier>
				<transform>
					<row0>	0.0000 0.0000 -1.0000 0.0000	</row0>
					<row1>	0.0000 1.0000 0.0000 0.0000	</row1>
					<row2>	1.0000 0.0000 0.0000 0.0000	</row2>
					<row3>	0.4269 0.6941 -2.3231 1.0000	</row3>
				</transform>
			</node>
			<node>
				<identifier>	HP_GGA_20	</identifier>
				<transform>
					<row0>	-0.7071 0.0000 0.7071 0.0000	</row0>
					<row1>	0.0000 1.0000 0.0000 0.0000	</row1>
					<row2>	-0.7071 0.0000 -0.7071 0.0000	</row2>
					<row3>	-0.2010 0.8450 -2.6638 1.0000	</row3>
				</transform>
			</node>
			<node>
				<identifier>	HP_GGA_21	</identifier>
				<transform>
					<row0>	-0.7071 0.0000 -0.7071 0.0000	</row0>
					<row1>	0.0000 1.0000 0.0000 0.0000	</row1>
					<row2>	0.7071 0.0000 -0.7071 0.0000	</row2>
					<row3>	0.2010 0.8450 -2.6638 1.0000	</row3>
				</transform>
			</node>
			<node>
				<identifier>	HP_GGA_22	</identifier>
				<transform>
					<row0>	-0.7071 0.0000 0.7071 0.0000	</row0>
					<row1>	0.0000 1.0000 0.0000 0.0000	</row1>
					<row2>	-0.7071 0.0000 -0.7071 0.0000	</row2>
					<row3>	-0.4104 0.6940 -2.7054 1.0000	</row3>
				</transform>
			</node>
			<node>
				<identifier>	HP_GGA_23	</identifier>
				<transform>
					<row0>	-0.7071 0.0000 -0.7071 0.0000	</row0>
					<row1>	0.0000 1.0000 0.0000 0.0000	</row1>
					<row2>	0.7071 0.0000 -0.7071 0.0000	</row2>
					<row3>	0.4104 0.6940 -2.7054 1.0000	</row3>
				</transform>
			</node>
			<node>
				<identifier>	HP_GGA_24	</identifier>
				<transform>
					<row0>	-0.7071 0.0000 0.7071 0.0000	</row0>
					<row1>	0.0000 1.0000 0.0000 0.0000	</row1>
					<row2>	-0.7071 0.0000 -0.7071 0.0000	</row2>
					<row3>	-0.4310 0.5363 -3.1117 1.0000	</row3>
				</transform>
			</node>
			<node>
				<identifier>	HP_GGA_25	</identifier>
				<transform>
					<row0>	-0.7071 0.0000 -0.7071 0.0000	</row0>
					<row1>	0.0000 1.0000 0.0000 0.0000	</row1>
					<row2>	0.7071 0.0000 -0.7071 0.0000	</row2>
					<row3>	0.4310 0.5363 -3.1117 1.0000	</row3>
				</transform>
			</node>
			<node>
				<identifier>	HP_GGA_26	</identifier>
				<transform>
					<row0>	-0.7071 0.0000 0.7071 0.0000	</row0>
					<row1>	0.0000 1.0000 0.0000 0.0000	</row1>
					<row2>	-0.7071 0.0000 -0.7071 0.0000	</row2>
					<row3>	-0.7624 0.3897 -4.0385 1.0000	</row3>
				</transform>
			</node>
			<node>
				<identifier>	HP_GGA_27	</identifier>
				<transform>
					<row0>	-0.7071 0.0000 -0.7071 0.0000	</row0>
					<row1>	0.0000 1.0000 0.0000 0.0000	</row1>
					<row2>	0.7071 0.0000 -0.7071 0.0000	</row2>
					<row3>	0.7612 0.3897 -4.0378 1.0000	</row3>
				</transform>
			</node>
			<node>
				<identifier>	HP_GGM_3	</identifier>
				<transform>
					<row0>	-1.0000 0.0000 0.0000 0.0000	</row0>
					<row1>	0.0000 1.0000 0.0000 0.0000	</row1>
					<row2>	0.0000 0.0000 -1.0000 0.0000	</row2>
					<row3>	0.0000 0.6745 -3.7611 1.0000	</row3>
				</transform>
			</node>
			<node>
				<identifier>	HP_GGS_10	</identifier>
				<transform>
					<row0>	-1.0000 0.0000 0.0000 0.0000	</row0>
					<row1>	0.0000 1.0000 0.0000 0.0000	</row1>
					<row2>	0.0000 0.0000 -1.0000 0.0000	</row2>
					<row3>	0.7491 0.5369 -1.0161 1.0000	</row3>
				</transform>
			</node>
			<node>
				<identifier>	HP_GGS_11	</identifier>
				<transform>
					<row0>	-1.0000 0.0000 0.0000 0.0000	</row0>
					<row1>	0.0000 1.0000 0.0000 0.0000	</row1>
					<row2>	0.0000 0.0000 -1.0000 0.0000	</row2>
					<row3>	-0.9392 0.4243 -1.5341 1.0000	</row3>
				</transform>
			</node>
			<node>
				<identifier>	HP_GGS_12	</identifier>
				<transform>
					<row0>	-1.0000 0.0000 0.0000 0.0000	</row0>
					<row1>	0.0000 1.0000 0.0000 0.0000	</row1>
					<row2>	0.0000 0.0000 -1.0000 0.0000	</row2>
					<row3>	0.9392 0.4243 -1.5341 1.0000	</row3>
				</transform>
			</node>
			<node>
				<identifier>	HP_GGS_13	</identifier>
				<transform>
					<row0>	-1.0000 0.0000 0.0000 0.0000	</row0>
					<row1>	0.0000 1.0000 0.0000 0.0000	</row1>
					<row2>	0.0000 0.0000 -1.0000 0.0000	</row2>
					<row3>	-0.6601 0.5369 -2.0091 1.0000	</row3>
				</transform>
			</node>
			<node>
				<identifier>	HP_GGS_14	</identifier>
				<transform>
					<row0>	-1.0000 0.0000 0.0000 0.0000	</row0>
					<row1>	0.0000 1.0000 0.0000 0.0000	</row1>
					<row2>	0.0000 0.0000 -1.0000 0.0000	</row2>
					<row3>	0.6601 0.5369 -2.0091 1.0000	</row3>
				</transform>
			</node>
			<node>
				<identifier>	HP_GGS_9	</identifier>
				<transform>
					<row0>	-1.0000 0.0000 0.0000 0.0000	</row0>
					<row1>	0.0000 1.0000 0.0000 0.0000	</row1>
					<row2>	0.0000 0.0000 -1.0000 0.0000	</row2>
					<row3>	-0.7491 0.5369 -1.0161 1.0000	</row3>
				</transform>
			</node>
			<node>
				<identifier>	HP_GGT_1	</identifier>
				<transform>
					<row0>	1.0000 0.0000 0.0000 0.0000	</row0>
					<row1>	0.0000 1.0000 0.0000 0.0000	</row1>
					<row2>	0.0000 0.0000 1.0000 0.0000	</row2>
					<row3>	-1.0459 0.3678 -0.9999 1.0000	</row3>
				</transform>
			</node>
			<node>
				<identifier>	HP_GGT_2	</identifier>
				<transform>
					<row0>	1.0000 0.0000 0.0000 0.0000	</row0>
					<row1>	0.0000 1.0000 0.0000 0.0000	</row1>
					<row2>	0.0000 0.0000 1.0000 0.0000	</row2>
					<row3>	1.0459 0.3678 -0.9999 1.0000	</row3>
				</transform>
			</node>
			<node>
				<identifier>	HP_Ship_death_2	</identifier>
				<transform>
					<row0>	1.0000 0.0000 0.0000 0.0000	</row0>
					<row1>	0.0000 1.0000 0.0000 0.0000	</row1>
					<row2>	0.0000 0.0000 1.0000 0.0000	</row2>
					<row3>	0.0000 0.0000 -0.6297 1.0000	</row3>
				</transform>
			</node>
			<node>
				<identifier>	HP_flag_1	</identifier>
				<transform>
					<row0>	0.9994 -0.0360 0.0009 0.0000	</row0>
					<row1>	0.0360 0.9982 -0.0473 0.0000	</row1>
					<row2>	0.0009 0.0473 0.9989 0.0000	</row2>
					<row3>	0.3429 2.4792 -1.4922 1.0000	</row3>
				</transform>
			</node>
			<node>
				<identifier>	HP_flag_2	</identifier>
				<transform>
					<row0>	0.9994 0.0360 -0.0009 0.0000	</row0>
					<row1>	-0.0360 0.9982 -0.0473 0.0000	</row1>
					<row2>	-0.0009 0.0473 0.9989 0.0000	</row2>
					<row3>	-0.3429 2.4792 -1.4922 1.0000	</row3>
				</transform>
			</node>
			<node>
				<identifier>	HP_flag_3	</identifier>
				<transform>
					<row0>	0.9936 -0.1126 -0.0020 0.0000	</row0>
					<row1>	0.1126 0.9930 0.0356 0.0000	</row1>
					<row2>	-0.0020 -0.0356 0.9994 0.0000	</row2>
					<row3>	0.2518 2.4456 -1.3833 1.0000	</row3>
				</transform>
			</node>
			<node>
				<identifier>	HP_flag_4	</identifier>
				<transform>
					<row0>	0.9936 0.1126 0.0020 0.0000	</row0>
					<row1>	-0.1126 0.9930 0.0356 0.0000	</row1>
					<row2>	0.0020 -0.0356 0.9994 0.0000	</row2>
					<row3>	-0.2518 2.4456 -1.3833 1.0000	</row3>
				</transform>
			</node>
			<node>
				<identifier>	HP_flag_nation	</identifier>
				<transform>
					<row0>	1.0000 -0.0047 0.0004 0.0000	</row0>
					<row1>	0.0047 0.9821 -0.1885 0.0000	</row1>
					<row2>	0.0004 0.1885 0.9821 0.0000	</row2>
					<row3>	-0.0005 2.6860 -1.7981 1.0000	</row3>
				</transform>
			</node>
			<node>
				<identifier>	HP_flag_rank	</identifier>
				<transform>
					<row0>	1.0000 0.0000 0.0000 0.0000	</row0>
					<row1>	0.0000 1.0000 0.0076 0.0000	</row1>
					<row2>	0.0000 -0.0076 1.0000 0.0000	</row2>
					<row3>	0.0000 2.9704 -1.2359 1.0000	</row3>
				</transform>
			</node>
			<node>
				<identifier>	MP_CM004_Barbette_Out	</identifier>
				<transform>
					<row0>	1.8246 0.0000 0.0000 0.0000	</row0>
					<row1>	0.0000 0.8135 0.0000 0.0000	</row1>
					<row2>	0.0000 0.0000 1.8246 0.0000	</row2>
					<row3>	0.9411 0.4176 -1.5344 1.0000	</row3>
				</transform>
			</node>
			<node>
				<identifier>	MP_CM004_Barbette_Out_INDEX_1	</identifier>
				<transform>
					<row0>	4.1226 0.0000 0.0000 0.0000	</row0>
					<row1>	0.0000 1.6183 0.0000 0.0000	</row1>
					<row2>	0.0000 0.0000 4.1226 0.0000	</row2>
					<row3>	0.0000 0.6598 -3.7611 1.0000	</row3>
				</transform>
			</node>
			<node>
				<identifier>	MP_CM004_Barbette_Out_INDEX_2	</identifier>
				<transform>
					<row0>	1.8246 0.0000 0.0000 0.0000	</row0>
					<row1>	0.0000 0.8135 0.0000 0.0000	</row1>
					<row2>	0.0000 0.0000 1.8246 0.0000	</row2>
					<row3>	-0.9411 0.4176 -1.5344 1.0000	</row3>
				</transform>
			</node>
			<node>
				<identifier>	MP_CM004_Barbette_Out_INDEX_3	</identifier>
				<transform>
					<row0>	0.8607 0.0000 0.0000 0.0000	</row0>
					<row1>	0.0000 0.2296 0.0000 0.0000	</row1>
					<row2>	0.0000 0.0000 0.8607 0.0000	</row2>
					<row3>	0.0000 1.0319 -2.3288 1.0000	</row3>
				</transform>
			</node>
			<node>
				<identifier>	MP_CM011_Fire_Fighting_Gear	</identifier>
				<transform>
					<row0>	0.0905 0.0000 -0.9959 0.0000	</row0>
					<row1>	0.0000 1.0000 0.0000 0.0000	</row1>
					<row2>	0.9959 0.0000 0.0905 0.0000	</row2>
					<row3>	-0.6659 0.3797 -3.5205 1.0000	</row3>
				</transform>
			</node>
			<node>
				<identifier>	MP_CM011_Fire_Fighting_Gear_INDEX_1	</identifier>
				<transform>
					<row0>	0.0174 -0.0160 0.9997 0.0000	</row0>
					<row1>	0.0129 0.9998 0.0158 0.0000	</row1>
					<row2>	-0.9998 0.0126 0.0176 0.0000	</row2>
					<row3>	0.6629 0.3799 -3.5548 1.0000	</row3>
				</transform>
			</node>
			<node>
				<identifier>	MP_CM011_Fire_Fighting_Gear_INDEX_2	</identifier>
				<transform>
					<row0>	0.1022 0.0000 -0.9948 0.0000	</row0>
					<row1>	0.0000 1.0000 0.0000 0.0000	</row1>
					<row2>	0.9948 0.0000 0.1022 0.0000	</row2>
					<row3>	-0.7463 0.3719 -2.5688 1.0000	</row3>
				</transform>
			</node>
			<node>
				<identifier>	MP_CM011_Fire_Fighting_Gear_INDEX_3	</identifier>
				<transform>
					<row0>	0.6103 0.0000 0.7922 0.0000	</row0>
					<row1>	0.0000 1.0000 0.0000 0.0000	</row1>
					<row2>	-0.7922 0.0000 0.6103 0.0000	</row2>
					<row3>	0.8161 0.3606 -0.7893 1.0000	</row3>
				</transform>
			</node>
			<node>
				<identifier>	MP_CM011_Fire_Fighting_Gear_INDEX_4	</identifier>
				<transform>
					<row0>	0.6219 0.0000 -0.7831 0.0000	</row0>
					<row1>	0.0000 1.0000 0.0000 0.0000	</row1>
					<row2>	0.7831 0.0000 0.6219 0.0000	</row2>
					<row3>	-0.8172 0.3606 -0.7877 1.0000	</row3>
				</transform>
			</node>
			<node>
				<identifier>	MP_CM014_Fuel_Oil_Hose	</identifier>
				<transform>
					<row0>	0.0000 1.0000 0.0000 0.0000	</row0>
					<row1>	-1.0000 0.0000 0.0000 0.0000	</row1>
					<row2>	0.0000 0.0000 1.0000 0.0000	</row2>
					<row3>	-0.3986 0.6799 -1.8791 1.0000	</row3>
				</transform>
			</node>
			<node>
				<identifier>	MP_CM014_Fuel_Oil_Hose_INDEX_1	</identifier>
				<transform>
					<row0>	0.0000 1.0000 0.0000 0.0000	</row0>
					<row1>	-1.0000 0.0000 0.0000 0.0000	</row1>
					<row2>	0.0000 0.0000 1.0000 0.0000	</row2>
					<row3>	0.3986 0.6797 -1.8791 1.0000	</row3>
				</transform>
			</node>
			<node>
				<identifier>	MP_CM014_Fuel_Oil_Hose_INDEX_2	</identifier>
				<transform>
					<row0>	0.0000 1.0000 0.0000 0.0000	</row0>
					<row1>	-1.0000 0.0000 0.0000 0.0000	</row1>
					<row2>	0.0000 0.0000 1.0000 0.0000	</row2>
					<row3>	0.3986 0.6799 -1.7165 1.0000	</row3>
				</transform>
			</node>
			<node>
				<identifier>	MP_CM014_Fuel_Oil_Hose_INDEX_3	</identifier>
				<transform>
					<row0>	0.0000 1.0000 0.0000 0.0000	</row0>
					<row1>	-1.0000 0.0000 0.0000 0.0000	</row1>
					<row2>	0.0000 0.0000 1.0000 0.0000	</row2>
					<row3>	-0.3986 0.6799 -1.7165 1.0000	</row3>
				</transform>
			</node>
			<node>
				<identifier>	MP_CM029_Emergency_Box	</identifier>
				<transform>
					<row0>	-0.0035 0.0000 -1.0000 0.0000	</row0>
					<row1>	0.0000 1.0000 0.0000 0.0000	</row1>
					<row2>	1.0000 0.0000 -0.0035 0.0000	</row2>
					<row3>	-0.2770 0.7584 -2.4354 1.0000	</row3>
				</transform>
			</node>
			<node>
				<identifier>	MP_CM029_Emergency_Box_INDEX_1	</identifier>
				<transform>
					<row0>	-0.0035 0.0000 1.0000 0.0000	</row0>
					<row1>	0.0000 1.0000 0.0000 0.0000	</row1>
					<row2>	-1.0000 0.0000 -0.0035 0.0000	</row2>
					<row3>	0.2770 0.7584 -2.4354 1.0000	</row3>
				</transform>
			</node>
			<node>
				<identifier>	MP_CM096_Platform	</identifier>
				<transform>
					<row0>	0.0000 -1.0000 0.0000 0.0000	</row0>
					<row1>	-0.9975 0.0000 -0.0711 0.0000	</row1>
					<row2>	0.0711 0.0000 -0.9975 0.0000	</row2>
					<row3>	-0.7858 0.3942 -2.0454 1.0000	</row3>
				</transform>
			</node>
			<node>
				<identifier>	MP_CM096_Platform_INDEX_1	</identifier>
				<transform>
					<row0>	0.0000 -1.0000 0.0000 0.0000	</row0>
					<row1>	0.9958 0.0000 -0.0913 0.0000	</row1>
					<row2>	0.0913 0.0000 0.9958 0.0000	</row2>
					<row3>	0.7883 0.3938 -2.0180 1.0000	</row3>
				</transform>
			</node>
			<node>
				<identifier>	MP_CM097_Stairway	</identifier>
				<transform>
					<row0>	0.0000 -0.9999 -0.0132 0.0000	</row0>
					<row1>	0.9961 0.0012 -0.0878 0.0000	</row1>
					<row2>	0.0878 -0.0131 0.9961 0.0000	</row2>
					<row3>	0.7827 0.3988 -2.1552 1.0000	</row3>
				</transform>
			</node>
			<node>
				<identifier>	MP_CM097_Stairway_INDEX_1	</identifier>
				<transform>
					<row0>	0.0000 0.9999 0.0132 0.0000	</row0>
					<row1>	-0.9961 0.0012 -0.0878 0.0000	</row1>
					<row2>	-0.0878 -0.0131 0.9961 0.0000	</row2>
					<row3>	-0.7832 0.3987 -2.1552 1.0000	</row3>
				</transform>
			</node>
			<node>
				<identifier>	MP_GM001_Paravane	</identifier>
				<transform>
					<row0>	0.0408 -0.9987 -0.0301 0.0000	</row0>
					<row1>	-0.5572 -0.0477 0.8290 0.0000	</row1>
					<row2>	-0.8294 -0.0170 -0.5584 0.0000	</row2>
					<row3>	0.1836 0.4489 -4.0974 1.0000	</row3>
				</transform>
			</node>
			<node>
				<identifier>	MP_GM001_Paravane_INDEX_1	</identifier>
				<transform>
					<row0>	-0.0001 1.0000 0.0000 0.0000	</row0>
					<row1>	0.0579 0.0000 0.9983 0.0000	</row1>
					<row2>	0.9983 0.0001 -0.0579 0.0000	</row2>
					<row3>	0.0007 0.4489 -4.1432 1.0000	</row3>
				</transform>
			</node>
			<node>
				<identifier>	MP_GM001_Paravane_INDEX_2	</identifier>
				<transform>
					<row0>	0.0000 -1.0000 0.0046 0.0000	</row0>
					<row1>	0.9965 0.0004 0.0831 0.0000	</row1>
					<row2>	-0.0831 0.0046 0.9965 0.0000	</row2>
					<row3>	-0.7450 0.4386 -2.8609 1.0000	</row3>
				</transform>
			</node>
			<node>
				<identifier>	MP_GM001_Paravane_INDEX_3	</identifier>
				<transform>
					<row0>	0.0000 -1.0000 0.0000 0.0000	</row0>
					<row1>	0.5700 0.0000 0.8216 0.0000	</row1>
					<row2>	-0.8216 0.0000 0.5700 0.0000	</row2>
					<row3>	-0.2446 0.4489 -4.0575 1.0000	</row3>
				</transform>
			</node>
			<node>
				<identifier>	MP_GM003_Reels_1	</identifier>
				<transform>
					<row0>	0.9960 0.0000 -0.0892 0.0000	</row0>
					<row1>	0.0000 1.0000 0.0000 0.0000	</row1>
					<row2>	0.0892 0.0000 0.9960 0.0000	</row2>
					<row3>	0.7189 0.3775 -3.2266 1.0000	</row3>
				</transform>
			</node>
			<node>
				<identifier>	MP_GM003_Reels_1_INDEX_1	</identifier>
				<transform>
					<row0>	0.9990 0.0000 -0.0456 0.0000	</row0>
					<row1>	0.0000 1.0000 0.0000 0.0000	</row1>
					<row2>	0.0456 0.0000 0.9990 0.0000	</row2>
					<row3>	0.7453 0.3745 -2.8699 1.0000	</row3>
				</transform>
			</node>
			<node>
				<identifier>	MP_GM003_Reels_1_INDEX_2	</identifier>
				<transform>
					<row0>	-1.0000 0.0000 0.0000 0.0000	</row0>
					<row1>	0.0000 0.0000 -1.0000 0.0000	</row1>
					<row2>	0.0000 -1.0000 0.0000 0.0000	</row2>
					<row3>	0.0469 0.8842 -1.7769 1.0000	</row3>
				</transform>
			</node>
			<node>
				<identifier>	MP_GM004_Reels_2	</identifier>
				<transform>
					<row0>	0.5570 0.0000 0.3865 0.0000	</row0>
					<row1>	0.0000 0.6780 0.0000 0.0000	</row1>
					<row2>	-0.3865 0.0000 0.5570 0.0000	</row2>
					<row3>	0.3874 0.7090 -2.9043 1.0000	</row3>
				</transform>
			</node>
			<node>
				<identifier>	MP_GM004_Reels_2_INDEX_1	</identifier>
				<transform>
					<row0>	-0.7166 0.0000 -0.5275 0.0000	</row0>
					<row1>	0.0000 0.8898 0.0000 0.0000	</row1>
					<row2>	0.5275 0.0000 -0.7166 0.0000	</row2>
					<row3>	0.3242 0.6966 -2.9469 1.0000	</row3>
				</transform>
			</node>
			<node>
				<identifier>	MP_GM004_Reels_2_INDEX_2	</identifier>
				<transform>
					<row0>	-0.7166 0.0000 0.5275 0.0000	</row0>
					<row1>	0.0000 0.8898 0.0000 0.0000	</row1>
					<row2>	-0.5275 0.0000 -0.7166 0.0000	</row2>
					<row3>	-0.3242 0.6966 -2.9469 1.0000	</row3>
				</transform>
			</node>
			<node>
				<identifier>	MP_GM004_Reels_2_INDEX_3	</identifier>
				<transform>
					<row0>	0.5570 0.0000 -0.3865 0.0000	</row0>
					<row1>	0.0000 0.6780 0.0000 0.0000	</row1>
					<row2>	0.3865 0.0000 0.5570 0.0000	</row2>
					<row3>	-0.3874 0.7090 -2.9043 1.0000	</row3>
				</transform>
			</node>
			<node>
				<identifier>	MP_GM005_Reels_3	</identifier>
				<transform>
					<row0>	0.6070 0.0000 -0.4212 0.0000	</row0>
					<row1>	0.0000 0.7388 0.0000 0.0000	</row1>
					<row2>	0.4212 0.0000 0.6070 0.0000	</row2>
					<row3>	-0.2566 0.6978 -2.9959 1.0000	</row3>
				</transform>
			</node>
			<node>
				<identifier>	MP_GM005_Reels_3_INDEX_1	</identifier>
				<transform>
					<row0>	0.6070 0.0000 0.4212 0.0000	</row0>
					<row1>	0.0000 0.7388 0.0000 0.0000	</row1>
					<row2>	-0.4212 0.0000 0.6070 0.0000	</row2>
					<row3>	0.2566 0.6978 -2.9959 1.0000	</row3>
				</transform>
			</node>
			<node>
				<identifier>	MP_GM006_Reels_4	</identifier>
				<transform>
					<row0>	0.8275 0.0000 0.0000 0.0000	</row0>
					<row1>	0.0000 0.8275 0.0000 0.0000	</row1>
					<row2>	0.0000 0.0000 0.8275 0.0000	</row2>
					<row3>	-0.1705 0.7001 -3.0221 1.0000	</row3>
				</transform>
			</node>
			<node>
				<identifier>	MP_GM006_Reels_4_INDEX_1	</identifier>
				<transform>
					<row0>	0.8978 0.0000 0.0625 0.0000	</row0>
					<row1>	0.0000 0.9000 0.0000 0.0000	</row1>
					<row2>	-0.0625 0.0000 0.8978 0.0000	</row2>
					<row3>	-0.7368 0.3805 -3.1921 1.0000	</row3>
				</transform>
			</node>
			<node>
				<identifier>	MP_GM006_Reels_4_INDEX_2	</identifier>
				<transform>
					<row0>	-0.9764 0.0000 -0.2159 0.0000	</row0>
					<row1>	0.0000 1.0000 0.0000 0.0000	</row1>
					<row2>	0.2159 0.0000 -0.9764 0.0000	</row2>
					<row3>	0.1154 0.3906 -4.2180 1.0000	</row3>
				</transform>
			</node>
			<node>
				<identifier>	MP_GM006_Reels_4_INDEX_3	</identifier>
				<transform>
					<row0>	0.8275 0.0000 0.0000 0.0000	</row0>
					<row1>	0.0000 0.8275 0.0000 0.0000	</row1>
					<row2>	0.0000 0.0000 0.8275 0.0000	</row2>
					<row3>	0.1705 0.6998 -3.0221 1.0000	</row3>
				</transform>
			</node>
			<node>
				<identifier>	MP_GM006_Reels_4_INDEX_4	</identifier>
				<transform>
					<row0>	0.8978 0.0000 0.0625 0.0000	</row0>
					<row1>	0.0000 0.9000 0.0000 0.0000	</row1>
					<row2>	-0.0625 0.0000 0.8978 0.0000	</row2>
					<row3>	-0.7303 0.3814 -3.4397 1.0000	</row3>
				</transform>
			</node>
			<node>
				<identifier>	MP_GM007_LifeBuoy	</identifier>
				<transform>
					<row0>	0.9960 0.0000 0.0892 0.0000	</row0>
					<row1>	0.0000 1.0000 0.0000 0.0000	</row1>
					<row2>	-0.0892 0.0000 0.9960 0.0000	</row2>
					<row3>	-0.7199 0.4700 -2.8691 1.0000	</row3>
				</transform>
			</node>
			<node>
				<identifier>	MP_GM007_LifeBuoy_INDEX_1	</identifier>
				<transform>
					<row0>	1.0000 0.0000 0.0000 0.0000	</row0>
					<row1>	0.0000 1.0000 0.0000 0.0000	</row1>
					<row2>	0.0000 0.0000 1.0000 0.0000	</row2>
					<row3>	-0.5447 0.6338 -2.2951 1.0000	</row3>
				</transform>
			</node>
			<node>
				<identifier>	MP_GM007_LifeBuoy_INDEX_2	</identifier>
				<transform>
					<row0>	0.9969 0.0000 -0.0789 0.0000	</row0>
					<row1>	0.0000 1.0000 0.0000 0.0000	</row1>
					<row2>	0.0789 0.0000 0.9969 0.0000	</row2>
					<row3>	0.6869 0.4683 -3.2606 1.0000	</row3>
				</transform>
			</node>
			<node>
				<identifier>	MP_GM007_LifeBuoy_INDEX_3	</identifier>
				<transform>
					<row0>	0.8873 0.0000 -0.4611 0.0000	</row0>
					<row1>	0.0000 1.0000 0.0000 0.0000	</row1>
					<row2>	0.4611 0.0000 0.8873 0.0000	</row2>
					<row3>	0.6305 0.4668 -3.6314 1.0000	</row3>
				</transform>
			</node>
			<node>
				<identifier>	MP_GM007_LifeBuoy_INDEX_4	</identifier>
				<transform>
					<row0>	0.9969 0.0000 0.0789 0.0000	</row0>
					<row1>	0.0000 1.0000 0.0000 0.0000	</row1>
					<row2>	-0.0789 0.0000 0.9969 0.0000	</row2>
					<row3>	-0.6748 0.4636 -3.4094 1.0000	</row3>
				</transform>
			</node>
			<node>
				<identifier>	MP_GM007_LifeBuoy_INDEX_5	</identifier>
				<transform>
					<row0>	1.0000 0.0000 0.0000 0.0000	</row0>
					<row1>	0.0000 1.0000 0.0000 0.0000	</row1>
					<row2>	0.0000 0.0000 1.0000 0.0000	</row2>
					<row3>	0.5447 0.6336 -2.3397 1.0000	</row3>
				</transform>
			</node>
			<node>
				<identifier>	MP_GM008_Loudspeaker	</identifier>
				<transform>
					<row0>	-0.9973 0.0000 -0.0740 0.0000	</row0>
					<row1>	0.0000 1.0000 0.0000 0.0000	</row1>
					<row2>	0.0740 0.0000 -0.9973 0.0000	</row2>
					<row3>	-0.6701 0.5307 -3.4027 1.0000	</row3>
				</transform>
			</node>
			<node>
				<identifier>	MP_GM008_Loudspeaker_INDEX_1	</identifier>
				<transform>
					<row0>	1.0000 0.0000 0.0000 0.0000	</row0>
					<row1>	0.0000 1.0000 0.0000 0.0000	</row1>
					<row2>	0.0000 0.0000 1.0000 0.0000	</row2>
					<row3>	0.3266 0.8740 -1.6820 1.0000	</row3>
				</transform>
			</node>
			<node>
				<identifier>	MP_GM008_Loudspeaker_INDEX_2	</identifier>
				<transform>
					<row0>	0.9973 0.0000 -0.0740 0.0000	</row0>
					<row1>	0.0000 1.0000 0.0000 0.0000	</row1>
					<row2>	0.0740 0.0000 0.9973 0.0000	</row2>
					<row3>	0.6701 0.5307 -3.4026 1.0000	</row3>
				</transform>
			</node>
			<node>
				<identifier>	MP_GM008_Loudspeaker_INDEX_3	</identifier>
				<transform>
					<row0>	-1.0000 0.0000 0.0000 0.0000	</row0>
					<row1>	0.0000 1.0000 0.0000 0.0000	</row1>
					<row2>	0.0000 0.0000 -1.0000 0.0000	</row2>
					<row3>	-0.3266 0.8740 -1.6820 1.0000	</row3>
				</transform>
			</node>
			<node>
				<identifier>	MP_GM013_Siren	</identifier>
				<transform>
					<row0>	-0.3891 0.0000 -0.9212 0.0000	</row0>
					<row1>	0.0000 1.0000 0.0000 0.0000	</row1>
					<row2>	0.9212 0.0000 -0.3891 0.0000	</row2>
					<row3>	0.0867 1.0332 -1.7266 1.0000	</row3>
				</transform>
			</node>
			<node>
				<identifier>	MP_GM013_Siren_INDEX_1	</identifier>
				<transform>
					<row0>	-0.9900 0.0000 0.1412 0.0000	</row0>
					<row1>	0.0000 1.0000 0.0000 0.0000	</row1>
					<row2>	-0.1412 0.0000 -0.9900 0.0000	</row2>
					<row3>	0.2497 0.8943 -2.1427 1.0000	</row3>
				</transform>
			</node>
			<node>
				<identifier>	MP_GM013_Siren_INDEX_2	</identifier>
				<transform>
					<row0>	-0.1399 0.0000 0.9902 0.0000	</row0>
					<row1>	0.0000 1.0000 0.0000 0.0000	</row1>
					<row2>	-0.9902 0.0000 -0.1399 0.0000	</row2>
					<row3>	-0.0953 1.0334 -1.7019 1.0000	</row3>
				</transform>
			</node>
			<node>
				<identifier>	MP_GM013_Siren_INDEX_3	</identifier>
				<transform>
					<row0>	-0.9900 0.0000 -0.1412 0.0000	</row0>
					<row1>	0.0000 1.0000 0.0000 0.0000	</row1>
					<row2>	0.1412 0.0000 -0.9900 0.0000	</row2>
					<row3>	-0.1438 0.8875 -2.1294 1.0000	</row3>
				</transform>
			</node>
			<node>
				<identifier>	MP_GM013_Siren_INDEX_4	</identifier>
				<transform>
					<row0>	0.0000 0.0000 -1.0000 0.0000	</row0>
					<row1>	0.0000 1.0000 0.0000 0.0000	</row1>
					<row2>	1.0000 0.0000 0.0000 0.0000	</row2>
					<row3>	0.5395 0.6806 -2.8248 1.0000	</row3>
				</transform>
			</node>
			<node>
				<identifier>	MP_GM013_Siren_INDEX_5	</identifier>
				<transform>
					<row0>	0.0000 0.0000 1.0000 0.0000	</row0>
					<row1>	0.0000 1.0000 0.0000 0.0000	</row1>
					<row2>	-1.0000 0.0000 0.0000 0.0000	</row2>
					<row3>	-0.5395 0.6806 -2.8248 1.0000	</row3>
				</transform>
			</node>
			<node>
				<identifier>	MP_GM014_Sleeve	</identifier>
				<transform>
					<row0>	1.0000 0.0000 0.0000 0.0000	</row0>
					<row1>	0.0000 1.0000 0.0000 0.0000	</row1>
					<row2>	0.0000 0.0000 1.0000 0.0000	</row2>
					<row3>	0.0000 0.9737 -1.5913 1.0000	</row3>
				</transform>
			</node>
			<node>
				<identifier>	MP_GM014_Sleeve_INDEX_1	</identifier>
				<transform>
					<row0>	0.0000 0.0000 -1.0000 0.0000	</row0>
					<row1>	0.0000 1.0000 0.0000 0.0000	</row1>
					<row2>	1.0000 0.0000 0.0000 0.0000	</row2>
					<row3>	0.5386 0.5705 -2.2745 1.0000	</row3>
				</transform>
			</node>
			<node>
				<identifier>	MP_GM014_Sleeve_INDEX_2	</identifier>
				<transform>
					<row0>	0.0000 0.0000 1.0000 0.0000	</row0>
					<row1>	0.0000 1.0000 0.0000 0.0000	</row1>
					<row2>	-1.0000 0.0000 0.0000 0.0000	</row2>
					<row3>	-0.5386 0.5705 -2.2745 1.0000	</row3>
				</transform>
			</node>
			<node>
				<identifier>	MP_GM015_Clock	</identifier>
				<transform>
					<row0>	1.0000 0.0000 -0.0023 0.0000	</row0>
					<row1>	0.0000 1.0000 0.0000 0.0000	</row1>
					<row2>	0.0023 0.0000 1.0000 0.0000	</row2>
					<row3>	0.0000 1.0425 -1.1981 1.0000	</row3>
				</transform>
			</node>
			<node>
				<identifier>	MP_GM015_Clock_INDEX_1	</identifier>
				<transform>
					<row0>	-0.4639 0.0007 0.8859 0.0000	</row0>
					<row1>	0.0007 1.0000 -0.0005 0.0000	</row1>
					<row2>	-0.8859 0.0004 -0.4639 0.0000	</row2>
					<row3>	-0.6441 0.5230 -3.5937 1.0000	</row3>
				</transform>
			</node>
			<node>
				<identifier>	MP_GM015_Clock_INDEX_2	</identifier>
				<transform>
					<row0>	-0.0832 0.0000 -0.9965 0.0000	</row0>
					<row1>	0.0000 1.0000 0.0000 0.0000	</row1>
					<row2>	0.9965 0.0000 -0.0832 0.0000	</row2>
					<row3>	0.7276 0.5129 -2.7183 1.0000	</row3>
				</transform>
			</node>
			<node>
				<identifier>	MP_GM016_Sleeve	</identifier>
				<transform>
					<row0>	-0.0994 0.0000 0.9950 0.0000	</row0>
					<row1>	0.0000 1.0000 0.0000 0.0000	</row1>
					<row2>	-0.9950 0.0000 -0.0994 0.0000	</row2>
					<row3>	-0.6584 0.4190 -3.5468 1.0000	</row3>
				</transform>
			</node>
			<node>
				<identifier>	MP_GM016_Sleeve_INDEX_1	</identifier>
				<transform>
					<row0>	-0.4474 0.0000 -0.8943 0.0000	</row0>
					<row1>	0.0000 1.0000 0.0000 0.0000	</row1>
					<row2>	0.8943 0.0000 -0.4474 0.0000	</row2>
					<row3>	0.6445 0.4435 -3.5924 1.0000	</row3>
				</transform>
			</node>
			<node>
				<identifier>	MP_GM016_Sleeve_INDEX_2	</identifier>
				<transform>
					<row0>	-0.5920 0.0000 -0.8059 0.0000	</row0>
					<row1>	0.0000 1.0000 0.0000 0.0000	</row1>
					<row2>	0.8059 0.0000 -0.5920 0.0000	</row2>
					<row3>	0.7878 0.3965 -0.8177 1.0000	</row3>
				</transform>
			</node>
			<node>
				<identifier>	MP_GM016_Sleeve_INDEX_3	</identifier>
				<transform>
					<row0>	-0.6019 0.0000 0.7986 0.0000	</row0>
					<row1>	0.0000 1.0000 0.0000 0.0000	</row1>
					<row2>	-0.7986 0.0000 -0.6019 0.0000	</row2>
					<row3>	-0.7894 0.3965 -0.8158 1.0000	</row3>
				</transform>
			</node>
			<node>
				<identifier>	MP_GM016_Sleeve_INDEX_4	</identifier>
				<transform>
					<row0>	-0.0934 0.0000 0.9956 0.0000	</row0>
					<row1>	0.0000 1.0000 0.0000 0.0000	</row1>
					<row2>	-0.9956 0.0000 -0.0934 0.0000	</row2>
					<row3>	-0.7426 0.4127 -2.5467 1.0000	</row3>
				</transform>
			</node>
			<node>
				<identifier>	MP_GM019_Loading_machine	</identifier>
				<transform>
					<row0>	-0.7071 0.0000 0.7071 0.0000	</row0>
					<row1>	0.0000 1.0000 0.0000 0.0000	</row1>
					<row2>	-0.7071 0.0000 -0.7071 0.0000	</row2>
					<row3>	-0.4121 0.3858 -4.0830 1.0000	</row3>
				</transform>
			</node>
			<node>
				<identifier>	MP_GM020_Loading_machine_2	</identifier>
				<transform>
					<row0>	0.5000 0.0000 0.8660 0.0000	</row0>
					<row1>	0.0000 1.0000 0.0000 0.0000	</row1>
					<row2>	-0.8660 0.0000 0.5000 0.0000	</row2>
					<row3>	0.4121 0.3858 -4.0830 1.0000	</row3>
				</transform>
			</node>
			<node>
				<identifier>	MP_GM024_Night_Indicator	</identifier>
				<transform>
					<row0>	-1.0000 0.0000 0.0000 0.0000	</row0>
					<row1>	0.0000 1.0000 0.0000 0.0000	</row1>
					<row2>	0.0000 0.0000 -1.0000 0.0000	</row2>
					<row3>	-0.0009 2.1073 -1.3056 1.0000	</row3>
				</transform>
			</node>
			<node>
				<identifier>	MP_GM501_Lauch_11m	</identifier>
				<transform>
					<row0>	1.0000 0.0000 0.0000 0.0000	</row0>
					<row1>	0.0000 0.9999 0.0123 0.0000	</row1>
					<row2>	0.0000 -0.0123 0.9999 0.0000	</row2>
					<row3>	0.4576 0.8971 -1.2864 1.0000	</row3>
				</transform>
			</node>
			<node>
				<identifier>	MP_GM501_Lauch_11m_INDEX_1	</identifier>
				<transform>
					<row0>	0.9710 0.0000 0.2393 0.0000	</row0>
					<row1>	0.0000 1.0000 0.0000 0.0000	</row1>
					<row2>	-0.2393 0.0000 0.9710 0.0000	</row2>
					<row3>	-0.2031 0.9657 -1.1691 1.0000	</row3>
				</transform>
			</node>
			<node>
				<identifier>	MP_GM501_Lauch_11m_INDEX_2	</identifier>
				<transform>
					<row0>	0.9710 0.0000 -0.2393 0.0000	</row0>
					<row1>	0.0000 1.0000 0.0000 0.0000	</row1>
					<row2>	0.2393 0.0000 0.9710 0.0000	</row2>
					<row3>	0.2031 0.9657 -1.1691 1.0000	</row3>
				</transform>
			</node>
			<node>
				<identifier>	MP_GM501_Lauch_11m_INDEX_3	</identifier>
				<transform>
					<row0>	1.0000 0.0000 0.0000 0.0000	</row0>
					<row1>	0.0000 0.9999 0.0123 0.0000	</row1>
					<row2>	0.0000 -0.0123 0.9999 0.0000	</row2>
					<row3>	-0.4576 0.8971 -1.2864 1.0000	</row3>
				</transform>
			</node>
			<node>
				<identifier>	MP_GM507_Boat	</identifier>
				<transform>
					<row0>	0.0000 0.0000 -1.0000 0.0000	</row0>
					<row1>	0.0000 1.0000 0.0000 0.0000	</row1>
					<row2>	1.0000 0.0000 0.0000 0.0000	</row2>
					<row3>	-0.2234 1.0343 -1.5295 1.0000	</row3>
				</transform>
			</node>
			<node>
				<identifier>	MP_GM507_Boat_INDEX_1	</identifier>
				<transform>
					<row0>	0.0000 0.0000 -1.0000 0.0000	</row0>
					<row1>	0.0000 1.0000 0.0000 0.0000	</row1>
					<row2>	1.0000 0.0000 0.0000 0.0000	</row2>
					<row3>	0.2234 1.0343 -1.5295 1.0000	</row3>
				</transform>
			</node>
			<node>
				<identifier>	MP_GM508_Boats	</identifier>
				<transform>
					<row0>	1.0000 0.0000 0.0000 0.0000	</row0>
					<row1>	0.0000 1.0000 0.0000 0.0000	</row1>
					<row2>	0.0000 0.0000 1.0000 0.0000	</row2>
					<row3>	-0.1064 0.6936 -2.7985 1.0000	</row3>
				</transform>
			</node>
			<node>
				<identifier>	MP_GM508_Boats_INDEX_1	</identifier>
				<transform>
					<row0>	1.0000 0.0000 0.0000 0.0000	</row0>
					<row1>	0.0000 1.0000 0.0000 0.0000	</row1>
					<row2>	0.0000 0.0000 1.0000 0.0000	</row2>
					<row3>	0.5313 0.5358 -1.2905 1.0000	</row3>
				</transform>
			</node>
			<node>
				<identifier>	MP_GM508_Boats_INDEX_2	</identifier>
				<transform>
					<row0>	1.0000 0.0000 0.0000 0.0000	</row0>
					<row1>	0.0000 1.0000 0.0000 0.0000	</row1>
					<row2>	0.0000 0.0000 1.0000 0.0000	</row2>
					<row3>	0.1064 0.6936 -2.7985 1.0000	</row3>
				</transform>
			</node>
			<node>
				<identifier>	MP_GM508_Boats_INDEX_3	</identifier>
				<transform>
					<row0>	0.0000 0.0000 1.0000 0.0000	</row0>
					<row1>	0.0000 1.0000 0.0000 0.0000	</row1>
					<row2>	-1.0000 0.0000 0.0000 0.0000	</row2>
					<row3>	-0.4467 0.5358 -1.2905 1.0000	</row3>
				</transform>
			</node>
			<node>
				<identifier>	MP_GM600_Switch_Box_1	</identifier>
				<transform>
					<row0>	-1.2964 0.0000 -0.0910 0.0000	</row0>
					<row1>	0.0000 1.2996 0.0000 0.0000	</row1>
					<row2>	0.0910 0.0000 -1.2964 0.0000	</row2>
					<row3>	-0.0872 0.8914 -2.1247 1.0000	</row3>
				</transform>
			</node>
			<node>
				<identifier>	MP_GM600_Switch_Box_1_INDEX_1	</identifier>
				<transform>
					<row0>	-1.2964 0.0000 -0.0910 0.0000	</row0>
					<row1>	0.0000 1.2996 0.0000 0.0000	</row1>
					<row2>	0.0910 0.0000 -1.2964 0.0000	</row2>
					<row3>	-0.0872 0.8837 -2.1248 1.0000	</row3>
				</transform>
			</node>
			<node>
				<identifier>	MP_GM600_Switch_Box_1_INDEX_2	</identifier>
				<transform>
