<ASD063_Joshua_Humphreys_1950_MidFront_ports.visual>
	<node>
		<identifier>	Scene Root	</identifier>
		<transform>
			<row0>	1.0000 0.0000 0.0000 0.0000	</row0>
			<row1>	0.0000 1.0000 0.0000 0.0000	</row1>
			<row2>	0.0000 0.0000 1.0000 0.0000	</row2>
			<row3>	0.0000 0.0000 0.0000 1.0000	</row3>
		</transform>
		<node>
			<identifier>	MidFront_ports	</identifier>
			<transform>
				<row0>	1.0000 0.0000 0.0000 0.0000	</row0>
				<row1>	0.0000 1.0000 0.0000 0.0000	</row1>
				<row2>	0.0000 0.0000 1.0000 0.0000	</row2>
				<row3>	0.0000 0.0000 0.0000 1.0000	</row3>
			</transform>
			<node>
				<identifier>	HP_AD_1	</identifier>
				<transform>
					<row0>	1.0000 0.0000 0.0000 0.0000	</row0>
					<row1>	0.0000 1.0000 0.0000 0.0000	</row1>
					<row2>	0.0000 0.0000 1.0000 0.0000	</row2>
					<row3>	0.0000 0.7955 1.6246 1.0000	</row3>
				</transform>
			</node>
			<node>
				<identifier>	HP_AD_2	</identifier>
				<transform>
					<row0>	0.0000 0.0000 1.0000 0.0000	</row0>
					<row1>	0.0000 1.0000 0.0000 0.0000	</row1>
					<row2>	-1.0000 0.0000 0.0000 0.0000	</row2>
					<row3>	-0.2078 0.6241 1.5192 1.0000	</row3>
				</transform>
			</node>
			<node>
				<identifier>	HP_AD_3	</identifier>
				<transform>
					<row0>	0.0000 0.0000 -1.0000 0.0000	</row0>
					<row1>	0.0000 1.0000 0.0000 0.0000	</row1>
					<row2>	1.0000 0.0000 0.0000 0.0000	</row2>
					<row3>	0.2078 0.6241 1.5192 1.0000	</row3>
				</transform>
			</node>
			<node>
				<identifier>	HP_AD_4	</identifier>
				<transform>
					<row0>	0.0000 0.0000 1.0000 0.0000	</row0>
					<row1>	0.0000 1.0000 0.0000 0.0000	</row1>
					<row2>	-1.0000 0.0000 0.0000 0.0000	</row2>
					<row3>	-0.3042 0.6616 1.0156 1.0000	</row3>
				</transform>
			</node>
			<node>
				<identifier>	HP_AD_5	</identifier>
				<transform>
					<row0>	0.0000 0.0000 -1.0000 0.0000	</row0>
					<row1>	0.0000 1.0000 0.0000 0.0000	</row1>
					<row2>	1.0000 0.0000 0.0000 0.0000	</row2>
					<row3>	0.3042 0.6616 1.0156 1.0000	</row3>
				</transform>
			</node>
			<node>
				<identifier>	HP_AGA_1	</identifier>
				<transform>
					<row0>	0.7071 0.0000 0.7071 0.0000	</row0>
					<row1>	0.0000 1.0000 0.0000 0.0000	</row1>
					<row2>	-0.7071 0.0000 0.7071 0.0000	</row2>
					<row3>	-0.3355 0.4244 1.9229 1.0000	</row3>
				</transform>
			</node>
			<node>
				<identifier>	HP_AGA_2	</identifier>
				<transform>
					<row0>	0.7071 0.0000 -0.7071 0.0000	</row0>
					<row1>	0.0000 1.0000 0.0000 0.0000	</row1>
					<row2>	0.7071 0.0000 0.7071 0.0000	</row2>
					<row3>	0.3355 0.4244 1.9229 1.0000	</row3>
				</transform>
			</node>
			<node>
				<identifier>	HP_AGA_3	</identifier>
				<transform>
					<row0>	0.0000 0.0000 1.0000 0.0000	</row0>
					<row1>	0.0000 1.0000 0.0000 0.0000	</row1>
					<row2>	-1.0000 0.0000 0.0000 0.0000	</row2>
					<row3>	-0.3039 0.5380 1.2515 1.0000	</row3>
				</transform>
			</node>
			<node>
				<identifier>	HP_AGA_4	</identifier>
				<transform>
					<row0>	0.0000 0.0000 -1.0000 0.0000	</row0>
					<row1>	0.0000 1.0000 0.0000 0.0000	</row1>
					<row2>	1.0000 0.0000 0.0000 0.0000	</row2>
					<row3>	0.3039 0.5380 1.2515 1.0000	</row3>
				</transform>
			</node>
			<node>
				<identifier>	HP_AGM_1	</identifier>
				<transform>
					<row0>	1.0000 0.0000 0.0000 0.0000	</row0>
					<row1>	0.0000 1.0000 0.0000 0.0000	</row1>
					<row2>	0.0000 0.0000 1.0000 0.0000	</row2>
					<row3>	0.0000 0.3686 3.3931 1.0000	</row3>
				</transform>
			</node>
			<node>
				<identifier>	HP_AGM_2	</identifier>
				<transform>
					<row0>	1.0000 0.0000 0.0000 0.0000	</row0>
					<row1>	0.0000 1.0000 0.0000 0.0000	</row1>
					<row2>	0.0000 0.0000 1.0000 0.0000	</row2>
					<row3>	0.0000 0.4719 2.6571 1.0000	</row3>
				</transform>
			</node>
			<node>
				<identifier>	HP_AGT_1	</identifier>
				<transform>
					<row0>	1.0000 0.0000 0.0000 0.0000	</row0>
					<row1>	0.0000 1.0000 0.0000 0.0000	</row1>
					<row2>	0.0000 0.0000 1.0000 0.0000	</row2>
					<row3>	0.0000 0.3864 0.4725 1.0000	</row3>
				</transform>
			</node>
			<node>
				<identifier>	HP_ARS_1	</identifier>
				<transform>
					<row0>	1.0000 0.0000 0.0000 0.0000	</row0>
					<row1>	0.0000 1.0000 0.0000 0.0000	</row1>
					<row2>	0.0000 0.0000 1.0000 0.0000	</row2>
					<row3>	0.0000 1.5545 1.3599 1.0000	</row3>
				</transform>
			</node>
			<node>
				<identifier>	HP_ARS_2	</identifier>
				<transform>
					<row0>	1.0000 0.0000 0.0000 0.0000	</row0>
					<row1>	0.0000 1.0000 0.0000 0.0000	</row1>
					<row2>	0.0000 0.0000 1.0000 0.0000	</row2>
					<row3>	0.0000 1.7428 1.2601 1.0000	</row3>
				</transform>
			</node>
			<node>
				<identifier>	HP_FX_Fire_2	</identifier>
				<transform>
					<row0>	1.0000 0.0000 0.0000 0.0000	</row0>
					<row1>	0.0000 1.0000 0.0000 0.0000	</row1>
					<row2>	0.0000 0.0000 1.0000 0.0000	</row2>
					<row3>	0.0000 0.3601 0.9212 1.0000	</row3>
				</transform>
			</node>
			<node>
				<identifier>	HP_FX_Fire_2_side_1	</identifier>
				<transform>
					<row0>	1.0000 0.0000 0.0000 0.0000	</row0>
					<row1>	0.0000 1.0000 0.0000 0.0000	</row1>
					<row2>	0.0000 0.0000 1.0000 0.0000	</row2>
					<row3>	-0.0897 0.7786 1.8275 1.0000	</row3>
				</transform>
			</node>
			<node>
				<identifier>	HP_FX_FloodLight_left_1	</identifier>
				<transform>
					<row0>	-0.8862 0.0000 0.4634 0.0000	</row0>
					<row1>	0.0000 1.0000 0.0000 0.0000	</row1>
					<row2>	-0.4634 0.0000 -0.8862 0.0000	</row2>
					<row3>	-0.2060 0.5774 1.9121 1.0000	</row3>
				</transform>
			</node>
			<node>
				<identifier>	HP_FX_FloodLight_right_1	</identifier>
				<transform>
					<row0>	0.8598 0.0000 0.5106 0.0000	</row0>
					<row1>	0.0000 1.0000 0.0000 0.0000	</row1>
					<row2>	-0.5106 0.0000 0.8598 0.0000	</row2>
					<row3>	0.2099 0.5769 1.9112 1.0000	</row3>
				</transform>
			</node>
			<node>
				<identifier>	HP_FX_Flood_steam_2	</identifier>
				<transform>
					<row0>	1.0000 0.0000 0.0000 0.0000	</row0>
					<row1>	0.0000 0.7574 -0.6530 0.0000	</row1>
					<row2>	0.0000 0.6530 0.7574 0.0000	</row2>
					<row3>	0.0000 0.7956 0.9445 1.0000	</row3>
				</transform>
			</node>
			<node>
				<identifier>	HP_FX_Flood_water_left_1	</identifier>
				<transform>
					<row0>	-1.0000 0.0000 0.0000 0.0000	</row0>
					<row1>	0.0000 1.0000 0.0000 0.0000	</row1>
					<row2>	0.0000 0.0000 -1.0000 0.0000	</row2>
					<row3>	-0.3976 0.0444 1.5297 1.0000	</row3>
				</transform>
			</node>
			<node>
				<identifier>	HP_FX_Flood_water_right_1	</identifier>
				<transform>
					<row0>	1.0000 0.0000 0.0000 0.0000	</row0>
					<row1>	0.0000 1.0000 0.0000 0.0000	</row1>
					<row2>	0.0000 0.0000 1.0000 0.0000	</row2>
					<row3>	0.3980 0.0465 1.5299 1.0000	</row3>
				</transform>
			</node>
			<node>
				<identifier>	HP_FX_Smoke_2	</identifier>
				<transform>
					<row0>	1.0000 0.0000 0.0000 0.0000	</row0>
					<row1>	0.0000 0.9763 -0.2165 0.0000	</row1>
					<row2>	0.0000 0.2165 0.9763 0.0000	</row2>
					<row3>	0.0000 0.8746 1.0767 1.0000	</row3>
				</transform>
			</node>
			<node>
				<identifier>	HP_Flagpole	</identifier>
				<transform>
					<row0>	0.0100 0.0000 0.0000 0.0000	</row0>
					<row1>	0.0000 0.0098 -0.0021 0.0000	</row1>
					<row2>	0.0000 0.0021 0.0098 0.0000	</row2>
					<row3>	0.0000 1.6196 1.1456 1.0000	</row3>
				</transform>
			</node>
			<node>
				<identifier>	HP_Ship_death_2	</identifier>
				<transform>
					<row0>	1.0000 0.0000 0.0000 0.0000	</row0>
					<row1>	0.0000 1.0000 0.0000 0.0000	</row1>
					<row2>	0.0000 0.0000 1.0000 0.0000	</row2>
					<row3>	0.0000 0.0000 0.2330 1.0000	</row3>
				</transform>
			</node>
			<node>
				<identifier>	HP_flag_1	</identifier>
				<transform>
					<row0>	0.9931 -0.1167 0.0136 0.0000	</row0>
					<row1>	0.1167 0.9662 -0.2296 0.0000	</row1>
					<row2>	0.0136 0.2296 0.9732 0.0000	</row2>
					<row3>	0.2985 1.4802 1.2652 1.0000	</row3>
				</transform>
			</node>
			<node>
				<identifier>	HP_flag_2	</identifier>
				<transform>
					<row0>	0.9931 0.1167 -0.0136 0.0000	</row0>
					<row1>	-0.1167 0.9662 -0.2296 0.0000	</row1>
					<row2>	-0.0136 0.2296 0.9732 0.0000	</row2>
					<row3>	-0.2985 1.4802 1.2652 1.0000	</row3>
				</transform>
			</node>
			<node>
				<identifier>	HP_flag_3	</identifier>
				<transform>
					<row0>	0.9961 -0.0871 0.0099 0.0000	</row0>
					<row1>	0.0871 0.9706 -0.2242 0.0000	</row1>
					<row2>	0.0099 0.2242 0.9745 0.0000	</row2>
					<row3>	0.2627 1.4802 1.2652 1.0000	</row3>
				</transform>
			</node>
			<node>
				<identifier>	HP_flag_4	</identifier>
				<transform>
					<row0>	0.9961 0.0871 -0.0099 0.0000	</row0>
					<row1>	-0.0871 0.9706 -0.2242 0.0000	</row1>
					<row2>	-0.0099 0.2242 0.9745 0.0000	</row2>
					<row3>	-0.2627 1.4802 1.2652 1.0000	</row3>
				</transform>
			</node>
			<node>
				<identifier>	HP_flag_courtesy	</identifier>
				<transform>
					<row0>	0.9897 -0.1421 0.0170 0.0000	</row0>
					<row1>	0.1421 0.9618 -0.2341 0.0000	</row1>
					<row2>	0.0170 0.2341 0.9721 0.0000	</row2>
					<row3>	0.3293 1.4802 1.2652 1.0000	</row3>
				</transform>
			</node>
			<node>
				<identifier>	HP_flag_house	</identifier>
				<transform>
					<row0>	0.9897 0.1421 -0.0170 0.0000	</row0>
					<row1>	-0.1421 0.9618 -0.2341 0.0000	</row1>
					<row2>	-0.0170 0.2341 0.9721 0.0000	</row2>
					<row3>	-0.3293 1.4802 1.2652 1.0000	</row3>
				</transform>
			</node>
			<node>
				<identifier>	HP_flag_nation	</identifier>
				<transform>
					<row0>	1.0000 0.0020 -0.0002 0.0000	</row0>
					<row1>	-0.0020 0.9783 -0.2073 0.0000	</row1>
					<row2>	-0.0002 0.2073 0.9783 0.0000	</row2>
					<row3>	0.0003 1.4586 1.1798 1.0000	</row3>
				</transform>
			</node>
			<node>
				<identifier>	HP_flag_rank	</identifier>
				<transform>
					<row0>	1.0000 0.0020 -0.0002 0.0000	</row0>
					<row1>	-0.0020 0.9783 -0.2073 0.0000	</row1>
					<row2>	-0.0002 0.2073 0.9783 0.0000	</row2>
					<row3>	0.0000 1.3022 1.2125 1.0000	</row3>
				</transform>
			</node>
			<node>
				<identifier>	MP_AM004_Fairlead_2	</identifier>
				<transform>
					<row0>	-0.0684 -0.0528 -0.9963 0.0000	</row0>
					<row1>	0.0047 0.9986 -0.0532 0.0000	</row1>
					<row2>	0.9976 -0.0083 -0.0680 0.0000	</row2>
					<row3>	-0.3694 0.3124 2.5715 1.0000	</row3>
				</transform>
			</node>
			<node>
				<identifier>	MP_AM004_Fairlead_2_INDEX_1	</identifier>
				<transform>
					<row0>	-0.1549 0.0528 0.9865 0.0000	</row0>
					<row1>	0.0000 0.9986 -0.0534 0.0000	</row1>
					<row2>	-0.9879 -0.0083 -0.1547 0.0000	</row2>
					<row3>	0.2559 0.3725 3.6891 1.0000	</row3>
				</transform>
			</node>
			<node>
				<identifier>	MP_AM004_Fairlead_2_INDEX_2	</identifier>
				<transform>
					<row0>	-0.0506 0.0528 0.9973 0.0000	</row0>
					<row1>	-0.0056 0.9986 -0.0531 0.0000	</row1>
					<row2>	-0.9987 -0.0083 -0.0503 0.0000	</row2>
					<row3>	0.3964 0.2914 2.1321 1.0000	</row3>
				</transform>
			</node>
			<node>
				<identifier>	MP_AM004_Fairlead_2_INDEX_3	</identifier>
				<transform>
					<row0>	-0.1549 -0.0528 -0.9865 0.0000	</row0>
					<row1>	0.0000 0.9986 -0.0534 0.0000	</row1>
					<row2>	0.9879 -0.0083 -0.1547 0.0000	</row2>
					<row3>	-0.2559 0.3725 3.6891 1.0000	</row3>
				</transform>
			</node>
			<node>
				<identifier>	MP_AM004_Fairlead_2_INDEX_4	</identifier>
				<transform>
					<row0>	-0.4354 0.0596 0.8982 0.0000	</row0>
					<row1>	0.0220 0.9982 -0.0556 0.0000	</row1>
					<row2>	-0.8999 -0.0045 -0.4360 0.0000	</row2>
					<row3>	0.0620 0.4262 4.5706 1.0000	</row3>
				</transform>
			</node>
			<node>
				<identifier>	MP_AM004_Fairlead_2_INDEX_5	</identifier>
				<transform>
					<row0>	-0.1777 -0.0580 -0.9824 0.0000	</row0>
					<row1>	0.0000 0.9983 -0.0589 0.0000	</row1>
					<row2>	0.9841 -0.0105 -0.1774 0.0000	</row2>
					<row3>	-0.1862 0.3979 4.1298 1.0000	</row3>
				</transform>
			</node>
			<node>
				<identifier>	MP_AM004_Fairlead_2_INDEX_6	</identifier>
				<transform>
					<row0>	-0.0506 -0.0528 -0.9973 0.0000	</row0>
					<row1>	0.0056 0.9986 -0.0531 0.0000	</row1>
					<row2>	0.9987 -0.0083 -0.0503 0.0000	</row2>
					<row3>	-0.3964 0.2914 2.1321 1.0000	</row3>
				</transform>
			</node>
			<node>
				<identifier>	MP_AM004_Fairlead_2_INDEX_7	</identifier>
				<transform>
					<row0>	-0.0684 0.0528 0.9963 0.0000	</row0>
					<row1>	-0.0047 0.9986 -0.0532 0.0000	</row1>
					<row2>	-0.9976 -0.0083 -0.0680 0.0000	</row2>
					<row3>	0.3694 0.3124 2.5715 1.0000	</row3>
				</transform>
			</node>
			<node>
				<identifier>	MP_AM004_Fairlead_2_INDEX_8	</identifier>
				<transform>
					<row0>	-0.1777 0.0580 0.9824 0.0000	</row0>
					<row1>	0.0000 0.9983 -0.0589 0.0000	</row1>
					<row2>	-0.9841 -0.0105 -0.1774 0.0000	</row2>
					<row3>	0.1862 0.3979 4.1298 1.0000	</row3>
				</transform>
			</node>
			<node>
				<identifier>	MP_AM004_Fairlead_2_INDEX_9	</identifier>
				<transform>
					<row0>	-0.4354 -0.0596 -0.8982 0.0000	</row0>
					<row1>	-0.0220 0.9982 -0.0556 0.0000	</row1>
					<row2>	0.8999 -0.0045 -0.4360 0.0000	</row2>
					<row3>	-0.0620 0.4260 4.5706 1.0000	</row3>
				</transform>
			</node>
			<node>
				<identifier>	MP_AM005_Bollard_1	</identifier>
				<transform>
					<row0>	0.9848 0.0104 0.1733 0.0000	</row0>
					<row1>	0.0000 0.9982 -0.0600 0.0000	</row1>
					<row2>	-0.1736 0.0591 0.9830 0.0000	</row2>
					<row3>	0.1958 0.3843 3.8928 1.0000	</row3>
				</transform>
			</node>
			<node>
				<identifier>	MP_AM005_Bollard_1_INDEX_1	</identifier>
				<transform>
					<row0>	0.9989 0.0084 0.0470 0.0000	</row0>
					<row1>	-0.0067 0.9993 -0.0365 0.0000	</row1>
					<row2>	-0.0473 0.0362 0.9982 0.0000	</row2>
					<row3>	0.3542 0.2970 2.3363 1.0000	</row3>
				</transform>
			</node>
			<node>
				<identifier>	MP_AM005_Bollard_1_INDEX_2	</identifier>
				<transform>
					<row0>	0.9989 -0.0084 -0.0470 0.0000	</row0>
					<row1>	0.0067 0.9993 -0.0365 0.0000	</row1>
					<row2>	0.0473 0.0362 0.9982 0.0000	</row2>
					<row3>	-0.3542 0.2970 2.3363 1.0000	</row3>
				</transform>
			</node>
			<node>
				<identifier>	MP_AM005_Bollard_1_INDEX_3	</identifier>
				<transform>
					<row0>	0.9848 -0.0104 -0.1733 0.0000	</row0>
					<row1>	0.0000 0.9982 -0.0600 0.0000	</row1>
					<row2>	0.1736 0.0591 0.9830 0.0000	</row2>
					<row3>	-0.1958 0.3843 3.8928 1.0000	</row3>
				</transform>
			</node>
			<node>
				<identifier>	MP_AM006_Reels_1	</identifier>
				<transform>
					<row0>	0.4530 0.0000 -0.8915 0.0000	</row0>
					<row1>	0.8915 0.0000 0.4530 0.0000	</row1>
					<row2>	0.0000 -1.0000 0.0000 0.0000	</row2>
					<row3>	0.1703 0.3683 2.8462 1.0000	</row3>
				</transform>
			</node>
			<node>
				<identifier>	MP_AM006_Reels_1_INDEX_1	</identifier>
				<transform>
					<row0>	1.0000 0.0000 0.0000 0.0000	</row0>
					<row1>	0.0000 1.0000 0.0000 0.0000	</row1>
					<row2>	0.0000 0.0000 1.0000 0.0000	</row2>
					<row3>	-0.2882 0.2563 1.3122 1.0000	</row3>
				</transform>
			</node>
			<node>
				<identifier>	MP_AM008_Reels_3	</identifier>
				<transform>
					<row0>	-0.4326 0.0000 -0.8483 0.0000	</row0>
					<row1>	-0.8483 0.0000 0.4326 0.0000	</row1>
					<row2>	0.0000 0.9523 0.0000 0.0000	</row2>
					<row3>	-0.1613 0.3951 2.8452 1.0000	</row3>
				</transform>
			</node>
			<node>
				<identifier>	MP_AM010_Speaker_1	</identifier>
				<transform>
					<row0>	-1.0000 0.0000 0.0000 0.0000	</row0>
					<row1>	0.0000 0.9397 0.3420 0.0000	</row1>
					<row2>	0.0000 0.3420 -0.9397 0.0000	</row2>
					<row3>	0.0000 0.6857 2.0872 1.0000	</row3>
				</transform>
			</node>
			<node>
				<identifier>	MP_AM018_Compass_Binnacle	</identifier>
				<transform>
					<row0>	1.0000 0.0000 0.0000 0.0000	</row0>
					<row1>	0.0000 1.0000 0.0000 0.0000	</row1>
					<row2>	0.0000 0.0000 1.0000 0.0000	</row2>
					<row3>	0.0423 0.6094 2.0339 1.0000	</row3>
				</transform>
			</node>
			<node>
				<identifier>	MP_AM018_Compass_Binnacle_INDEX_1	</identifier>
				<transform>
					<row0>	1.0000 0.0000 0.0000 0.0000	</row0>
					<row1>	0.0000 1.0000 0.0000 0.0000	</row1>
					<row2>	0.0000 0.0000 1.0000 0.0000	</row2>
					<row3>	0.0000 0.3818 0.9473 1.0000	</row3>
				</transform>
			</node>
			<node>
				<identifier>	MP_AM022_Ventilators_4	</identifier>
				<transform>
					<row0>	1.0000 0.0000 0.0000 0.0000	</row0>
					<row1>	0.0000 1.0000 0.0000 0.0000	</row1>
					<row2>	0.0000 0.0000 1.0000 0.0000	</row2>
					<row3>	0.0823 0.3885 4.0108 1.0000	</row3>
				</transform>
			</node>
			<node>
				<identifier>	MP_AM024_Hatch_2	</identifier>
				<transform>
					<row0>	1.0000 0.0000 0.0000 0.0000	</row0>
					<row1>	0.0000 0.9981 -0.0620 0.0000	</row1>
					<row2>	0.0000 0.0620 0.9981 0.0000	</row2>
					<row3>	0.0895 0.3781 3.8251 1.0000	</row3>
				</transform>
			</node>
			<node>
				<identifier>	MP_AM029_Ammunition_Box3	</identifier>
				<transform>
					<row0>	-0.3765 -0.0015 -0.7248 0.0000	</row0>
					<row1>	-0.0003 0.8167 -0.0015 0.0000	</row1>
					<row2>	0.7248 -0.0004 -0.3765 0.0000	</row2>
					<row3>	-0.1759 0.4255 2.0129 1.0000	</row3>
				</transform>
			</node>
			<node>
				<identifier>	MP_AM029_Ammunition_Box3_INDEX_1	</identifier>
				<transform>
					<row0>	0.0356 0.0395 0.8150 0.0000	</row0>
					<row1>	-0.0034 0.8158 -0.0394 0.0000	</row1>
					<row2>	-0.8160 -0.0017 0.0357 0.0000	</row2>
					<row3>	-0.3920 0.4160 1.7614 1.0000	</row3>
				</transform>
			</node>
			<node>
				<identifier>	MP_AM029_Ammunition_Box3_INDEX_2	</identifier>
				<transform>
					<row0>	0.0356 -0.0395 -0.8150 0.0000	</row0>
					<row1>	0.0034 0.8158 -0.0394 0.0000	</row1>
					<row2>	0.8160 -0.0017 0.0357 0.0000	</row2>
					<row3>	0.3921 0.4152 1.7614 1.0000	</row3>
				</transform>
			</node>
			<node>
				<identifier>	MP_AM029_Ammunition_Box3_INDEX_3	</identifier>
				<transform>
					<row0>	-0.3765 0.0015 0.7248 0.0000	</row0>
					<row1>	0.0003 0.8167 -0.0015 0.0000	</row1>
					<row2>	-0.7248 -0.0004 -0.3765 0.0000	</row2>
					<row3>	0.1759 0.4255 2.0129 1.0000	</row3>
				</transform>
			</node>
			<node>
				<identifier>	MP_AM033_MK10_Hedgehog_Projector	</identifier>
				<transform>
					<row0>	0.8136 -0.0253 -0.5809 0.0000	</row0>
					<row1>	0.0007 0.9991 -0.0426 0.0000	</row1>
					<row2>	0.5814 0.0343 0.8129 0.0000	</row2>
					<row3>	0.2565 0.4334 2.1501 1.0000	</row3>
				</transform>
			</node>
			<node>
				<identifier>	MP_AM033_MK10_Hedgehog_Projector_INDEX_1	</identifier>
				<transform>
					<row0>	0.8136 0.0253 0.5809 0.0000	</row0>
					<row1>	-0.0007 0.9991 -0.0426 0.0000	</row1>
					<row2>	-0.5814 0.0343 0.8129 0.0000	</row2>
					<row3>	-0.2565 0.4335 2.1501 1.0000	</row3>
				</transform>
			</node>
			<node>
				<identifier>	MP_AM047_Running_Lights_R	</identifier>
				<transform>
					<row0>	1.0000 0.0000 0.0000 0.0000	</row0>
					<row1>	0.0000 1.0000 0.0000 0.0000	</row1>
					<row2>	0.0000 0.0000 1.0000 0.0000	</row2>
					<row3>	0.2438 0.6586 1.7257 1.0000	</row3>
				</transform>
			</node>
			<node>
				<identifier>	MP_AM048_Running_Lights_L	</identifier>
				<transform>
					<row0>	1.0000 0.0000 0.0000 0.0000	</row0>
					<row1>	0.0000 1.0000 0.0000 0.0000	</row1>
					<row2>	0.0000 0.0000 1.0000 0.0000	</row2>
					<row3>	-0.2438 0.6586 1.7257 1.0000	</row3>
				</transform>
			</node>
			<node>
				<identifier>	MP_AM049_Signal_Lamp_1	</identifier>
				<transform>
					<row0>	1.5000 0.0000 0.0000 0.0000	</row0>
					<row1>	0.0000 1.5000 0.0000 0.0000	</row1>
					<row2>	0.0000 0.0000 1.5000 0.0000	</row2>
					<row3>	0.0000 0.8235 4.6611 1.0000	</row3>
				</transform>
			</node>
			<node>
				<identifier>	MP_AM050_Fightin_Light	</identifier>
				<transform>
					<row0>	-1.0000 0.0000 0.0000 0.0000	</row0>
					<row1>	0.0000 1.0000 0.0000 0.0000	</row1>
					<row2>	0.0000 0.0000 -1.0000 0.0000	</row2>
					<row3>	0.1485 0.8251 1.3757 1.0000	</row3>
				</transform>
			</node>
			<node>
				<identifier>	MP_AM050_Fightin_Light_INDEX_1	</identifier>
				<transform>
					<row0>	1.0000 0.0000 0.0000 0.0000	</row0>
					<row1>	0.0000 1.0000 0.0000 0.0000	</row1>
					<row2>	0.0000 0.0000 1.0000 0.0000	</row2>
					<row3>	-0.0525 1.6002 1.2704 1.0000	</row3>
				</transform>
			</node>
			<node>
				<identifier>	MP_AM050_Fightin_Light_INDEX_2	</identifier>
				<transform>
					<row0>	-1.0000 0.0000 0.0000 0.0000	</row0>
					<row1>	0.0000 1.0000 0.0000 0.0000	</row1>
					<row2>	0.0000 0.0000 -1.0000 0.0000	</row2>
					<row3>	0.0525 1.6002 1.2704 1.0000	</row3>
				</transform>
			</node>
			<node>
				<identifier>	MP_AM050_Fightin_Light_INDEX_3	</identifier>
				<transform>
					<row0>	1.0000 0.0000 0.0000 0.0000	</row0>
					<row1>	0.0000 1.0000 0.0000 0.0000	</row1>
					<row2>	0.0000 0.0000 1.0000 0.0000	</row2>
					<row3>	-0.0916 1.2234 1.3262 1.0000	</row3>
				</transform>
			</node>
			<node>
				<identifier>	MP_AM050_Fightin_Light_INDEX_4	</identifier>
				<transform>
					<row0>	-1.0000 0.0000 0.0000 0.0000	</row0>
					<row1>	0.0000 1.0000 0.0000 0.0000	</row1>
					<row2>	0.0000 0.0000 -1.0000 0.0000	</row2>
					<row3>	0.0916 1.2234 1.3262 1.0000	</row3>
				</transform>
			</node>
			<node>
				<identifier>	MP_AM050_Fightin_Light_INDEX_5	</identifier>
				<transform>
					<row0>	1.0000 0.0000 0.0000 0.0000	</row0>
					<row1>	0.0000 1.0000 0.0000 0.0000	</row1>
					<row2>	0.0000 0.0000 1.0000 0.0000	</row2>
					<row3>	-0.1485 0.8251 1.3757 1.0000	</row3>
				</transform>
			</node>
			<node>
				<identifier>	MP_AM054_Boat_6	</identifier>
				<transform>
					<row0>	0.0000 -1.0000 0.0000 0.0000	</row0>
					<row1>	0.9991 0.0000 0.0419 0.0000	</row1>
					<row2>	-0.0419 0.0000 0.9991 0.0000	</row2>
					<row3>	0.4099 0.3496 1.8927 1.0000	</row3>
				</transform>
			</node>
			<node>
				<identifier>	MP_AM054_Boat_6_INDEX_1	</identifier>
				<transform>
					<row0>	0.0000 1.0000 0.0000 0.0000	</row0>
					<row1>	-0.9991 0.0000 0.0419 0.0000	</row1>
					<row2>	0.0419 0.0000 0.9991 0.0000	</row2>
					<row3>	-0.4099 0.3496 1.8927 1.0000	</row3>
				</transform>
			</node>
			<node>
				<identifier>	MP_AM054_Boat_6_INDEX_2	</identifier>
				<transform>
					<row0>	0.0003 -1.0000 0.0000 0.0000	</row0>
					<row1>	0.9990 0.0003 0.0438 0.0000	</row1>
					<row2>	-0.0438 0.0000 0.9990 0.0000	</row2>
					<row3>	0.4397 0.4703 1.2784 1.0000	</row3>
				</transform>
			</node>
			<node>
				<identifier>	MP_AM054_Boat_6_INDEX_3	</identifier>
				<transform>
					<row0>	0.0003 1.0000 0.0000 0.0000	</row0>
					<row1>	-0.9990 0.0003 0.0438 0.0000	</row1>
					<row2>	0.0438 0.0000 0.9990 0.0000	</row2>
					<row3>	-0.4397 0.4703 1.2784 1.0000	</row3>
				</transform>
			</node>
			<node>
				<identifier>	MP_AM061_Sky_Lookout_1	</identifier>
				<transform>
					<row0>	0.0000 0.0000 -1.0000 0.0000	</row0>
					<row1>	0.0000 1.0000 0.0000 0.0000	</row1>
					<row2>	1.0000 0.0000 0.0000 0.0000	</row2>
					<row3>	0.2174 0.6240 1.6598 1.0000	</row3>
				</transform>
			</node>
			<node>
				<identifier>	MP_AM061_Sky_Lookout_1_INDEX_1	</identifier>
				<transform>
					<row0>	0.0000 0.0000 1.0000 0.0000	</row0>
					<row1>	0.0000 1.0000 0.0000 0.0000	</row1>
					<row2>	-1.0000 0.0000 0.0000 0.0000	</row2>
					<row3>	-0.2174 0.6240 1.6598 1.0000	</row3>
				</transform>
			</node>
			<node>
				<identifier>	MP_AM062_IFF_Antenna	</identifier>
				<transform>
					<row0>	1.0000 0.0000 0.0000 0.0000	</row0>
					<row1>	0.0000 1.0000 0.0000 0.0000	</row1>
					<row2>	0.0000 0.0000 1.0000 0.0000	</row2>
					<row3>	-0.3251 1.5000 1.2404 1.0000	</row3>
				</transform>
			</node>
			<node>
				<identifier>	MP_AM062_IFF_Antenna_INDEX_1	</identifier>
				<transform>
					<row0>	1.0000 0.0000 0.0000 0.0000	</row0>
					<row1>	0.0000 1.0000 0.0000 0.0000	</row1>
					<row2>	0.0000 0.0000 1.0000 0.0000	</row2>
					<row3>	0.3251 1.5000 1.2404 1.0000	</row3>
				</transform>
			</node>
			<node>
				<identifier>	MP_AM064_Wind_Intensity	</identifier>
				<transform>
					<row0>	1.0000 0.0000 0.0000 0.0000	</row0>
					<row1>	0.0000 1.0000 0.0000 0.0000	</row1>
					<row2>	0.0000 0.0000 1.0000 0.0000	</row2>
					<row3>	-0.2620 1.4906 1.2805 1.0000	</row3>
				</transform>
			</node>
			<node>
				<identifier>	MP_AM067_Speaker_2	</identifier>
				<transform>
					<row0>	-1.0000 0.0000 0.0000 0.0000	</row0>
					<row1>	0.0000 1.0000 0.0000 0.0000	</row1>
					<row2>	0.0000 0.0000 -1.0000 0.0000	</row2>
					<row3>	0.0000 1.0082 1.4184 1.0000	</row3>
				</transform>
			</node>
			<node>
				<identifier>	MP_AM074_Floater_Net_Basket_2	</identifier>
				<transform>
					<row0>	0.4613 0.0341 0.8866 0.0000	</row0>
					<row1>	0.0180 0.9987 -0.0477 0.0000	</row1>
					<row2>	-0.8871 0.0380 0.4601 0.0000	</row2>
					<row3>	-0.1839 0.4617 2.8229 1.0000	</row3>
				</transform>
			</node>
			<node>
				<identifier>	MP_AM074_Floater_Net_Basket_2_INDEX_1	</identifier>
				<transform>
					<row0>	0.4613 -0.0341 -0.8866 0.0000	</row0>
					<row1>	-0.0180 0.9987 -0.0477 0.0000	</row1>
					<row2>	0.8871 0.0380 0.4601 0.0000	</row2>
					<row3>	0.1839 0.4617 2.8229 1.0000	</row3>
				</transform>
			</node>
			<node>
				<identifier>	MP_AM074_Floater_Net_Basket_2_INDEX_2	</identifier>
				<transform>
					<row0>	-0.0436 -0.0433 -0.9981 0.0000	</row0>
					<row1>	0.0004 0.9991 -0.0434 0.0000	</row1>
					<row2>	0.9991 -0.0023 -0.0435 0.0000	</row2>
					<row3>	-0.4189 0.4341 1.6418 1.0000	</row3>
				</transform>
			</node>
			<node>
				<identifier>	MP_AM074_Floater_Net_Basket_2_INDEX_3	</identifier>
				<transform>
					<row0>	-0.0440 -0.0433 -0.9981 0.0000	</row0>
					<row1>	0.0004 0.9991 -0.0434 0.0000	</row1>
					<row2>	0.9990 -0.0023 -0.0439 0.0000	</row2>
					<row3>	-0.4252 0.4278 1.4969 1.0000	</row3>
				</transform>
			</node>
			<node>
				<identifier>	MP_AM074_Floater_Net_Basket_2_INDEX_4	</identifier>
				<transform>
					<row0>	-0.0440 0.0433 0.9981 0.0000	</row0>
					<row1>	-0.0004 0.9991 -0.0434 0.0000	</row1>
					<row2>	-0.9990 -0.0023 -0.0439 0.0000	</row2>
					<row3>	0.4252 0.4278 1.4969 1.0000	</row3>
				</transform>
			</node>
			<node>
				<identifier>	MP_AM074_Floater_Net_Basket_2_INDEX_5	</identifier>
				<transform>
					<row0>	-0.0436 0.0433 0.9981 0.0000	</row0>
					<row1>	-0.0004 0.9991 -0.0434 0.0000	</row1>
					<row2>	-0.9991 -0.0023 -0.0435 0.0000	</row2>
					<row3>	0.4189 0.4341 1.6418 1.0000	</row3>
				</transform>
			</node>
			<node>
				<identifier>	MP_AM085_TBS_Antenna	</identifier>
				<transform>
					<row0>	1.0000 0.0000 0.0000 0.0000	</row0>
					<row1>	0.0000 1.0000 0.0000 0.0000	</row1>
					<row2>	0.0000 0.0000 1.0000 0.0000	</row2>
					<row3>	0.0000 1.2237 1.4341 1.0000	</row3>
				</transform>
			</node>
			<node>
				<identifier>	MP_AM086_TBS_Antenna_2	</identifier>
				<transform>
					<row0>	-1.0000 0.0000 0.0000 0.0000	</row0>
					<row1>	0.0000 1.0000 0.0000 0.0000	</row1>
					<row2>	0.0000 0.0000 -1.0000 0.0000	</row2>
					<row3>	0.0000 1.4257 1.2362 1.0000	</row3>
				</transform>
			</node>
			<node>
				<identifier>	MP_AM105_Signal_Lamp_3	</identifier>
				<transform>
					<row0>	0.0000 0.0000 1.0000 0.0000	</row0>
					<row1>	0.0000 1.0000 0.0000 0.0000	</row1>
					<row2>	-1.0000 0.0000 0.0000 0.0000	</row2>
					<row3>	-0.2622 0.7107 1.5843 1.0000	</row3>
				</transform>
			</node>
			<node>
				<identifier>	MP_AM105_Signal_Lamp_3_INDEX_1	</identifier>
				<transform>
					<row0>	0.0000 0.0000 1.0000 0.0000	</row0>
					<row1>	0.0000 1.0000 0.0000 0.0000	</row1>
					<row2>	-1.0000 0.0000 0.0000 0.0000	</row2>
					<row3>	0.2625 0.7107 1.5843 1.0000	</row3>
				</transform>
			</node>
			<node>
				<identifier>	MP_AM141_Hatch_6	</identifier>
				<transform>
					<row0>	1.0000 0.0000 0.0000 0.0000	</row0>
					<row1>	0.0000 1.0000 0.0000 0.0000	</row1>
					<row2>	0.0000 0.0000 1.0000 0.0000	</row2>
					<row3>	0.2628 0.2361 0.8120 1.0000	</row3>
				</transform>
			</node>
			<node>
				<identifier>	MP_AM141_Hatch_6_INDEX_1	</identifier>
				<transform>
					<row0>	1.0000 0.0000 0.0000 0.0000	</row0>
					<row1>	0.0000 1.0000 0.0000 0.0000	</row1>
					<row2>	0.0000 0.0000 1.0000 0.0000	</row2>
					<row3>	-0.2635 0.2217 0.3710 1.0000	</row3>
				</transform>
			</node>
			<node>
				<identifier>	MP_AM142_Running_Lights_FW	</identifier>
				<transform>
					<row0>	1.0000 0.0000 0.0000 0.0000	</row0>
					<row1>	0.0000 1.0000 0.0000 0.0000	</row1>
					<row2>	0.0000 0.0000 1.0000 0.0000	</row2>
					<row3>	-0.0005 0.7745 1.9461 1.0000	</row3>
				</transform>
			</node>
			<node>
				<identifier>	MP_AM142_Running_Lights_FW_INDEX_1	</identifier>
				<transform>
					<row0>	1.0000 0.0000 0.0000 0.0000	</row0>
					<row1>	0.0000 1.0000 0.0000 0.0000	</row1>
					<row2>	0.0000 0.0000 1.0000 0.0000	</row2>
					<row3>	0.0000 1.1476 1.3868 1.0000	</row3>
				</transform>
			</node>
			<node>
				<identifier>	MP_AM148_Hatch_8	</identifier>
				<transform>
					<row0>	1.0000 0.0000 0.0000 0.0000	</row0>
					<row1>	0.0000 1.0000 0.0000 0.0000	</row1>
					<row2>	0.0000 0.0000 1.0000 0.0000	</row2>
					<row3>	-0.0911 0.4461 2.3025 1.0000	</row3>
				</transform>
			</node>
			<node>
				<identifier>	MP_AM148_Hatch_8_INDEX_1	</identifier>
				<transform>
					<row0>	1.0000 0.0000 0.0000 0.0000	</row0>
					<row1>	0.0000 1.0000 0.0000 0.0000	</row1>
					<row2>	0.0000 0.0000 1.0000 0.0000	</row2>
					<row3>	0.1527 0.3491 3.1490 1.0000	</row3>
				</transform>
			</node>
			<node>
				<identifier>	MP_AM157_Telephone	</identifier>
				<transform>
					<row0>	0.0000 0.0000 1.0000 0.0000	</row0>
					<row1>	0.0000 1.0000 0.0000 0.0000	</row1>
					<row2>	-1.0000 0.0000 0.0000 0.0000	</row2>
					<row3>	0.1215 0.6942 1.6779 1.0000	</row3>
				</transform>
			</node>
			<node>
				<identifier>	MP_AM157_Telephone_INDEX_1	</identifier>
				<transform>
					<row0>	1.0000 0.0000 0.0000 0.0000	</row0>
					<row1>	0.0000 1.0000 0.0000 0.0000	</row1>
					<row2>	0.0000 0.0000 1.0000 0.0000	</row2>
					<row3>	-0.0269 0.6917 2.0614 1.0000	</row3>
				</transform>
			</node>
			<node>
				<identifier>	MP_AM157_Telephone_INDEX_2	</identifier>
				<transform>
					<row0>	0.5000 0.0000 -0.8660 0.0000	</row0>
					<row1>	0.0000 1.0000 0.0000 0.0000	</row1>
					<row2>	0.8660 0.0000 0.5000 0.0000	</row2>
					<row3>	0.1433 0.6949 2.0156 1.0000	</row3>
				</transform>
			</node>
			<node>
				<identifier>	MP_AM157_Telephone_INDEX_3	</identifier>
				<transform>
					<row0>	0.5000 0.0000 0.8660 0.0000	</row0>
					<row1>	0.0000 1.0000 0.0000 0.0000	</row1>
					<row2>	-0.8660 0.0000 0.5000 0.0000	</row2>
					<row3>	-0.1433 0.6949 2.0156 1.0000	</row3>
				</transform>
			</node>
			<node>
				<identifier>	MP_AM159_Voice_Tube	</identifier>
				<transform>
					<row0>	-0.7071 0.0000 0.7071 0.0000	</row0>
					<row1>	0.0000 1.0000 0.0000 0.0000	</row1>
					<row2>	-0.7071 0.0000 -0.7071 0.0000	</row2>
					<row3>	-0.0358 0.3816 0.9101 1.0000	</row3>
				</transform>
			</node>
			<node>
				<identifier>	MP_AM159_Voice_Tube_INDEX_1	</identifier>
				<transform>
					<row0>	-0.7660 0.0000 0.6428 0.0000	</row0>
					<row1>	0.0000 1.0000 0.0000 0.0000	</row1>
					<row2>	-0.6428 0.0000 -0.7660 0.0000	</row2>
					<row3>	-0.0426 0.3822 0.9200 1.0000	</row3>
				</transform>
			</node>
			<node>
				<identifier>	MP_AM161_Anchor_top	</identifier>
				<transform>
					<row0>	0.5800 0.0324 0.2761 0.0000	</row0>
					<row1>	0.2495 0.2207 -0.5502 0.0000	</row1>
					<row2>	-0.1224 0.6033 0.1864 0.0000	</row2>
					<row3>	-0.1084 0.3691 4.5077 1.0000	</row3>
				</transform>
			</node>
			<node>
				<identifier>	MP_AM161_Anchor_top_INDEX_1	</identifier>
				<transform>
					<row0>	0.5800 -0.0324 -0.2761 0.0000	</row0>
					<row1>	-0.2495 0.2207 -0.5502 0.0000	</row1>
					<row2>	0.1224 0.6033 0.1864 0.0000	</row2>
					<row3>	0.1084 0.3691 4.5077 1.0000	</row3>
				</transform>
			</node>
			<node>
				<identifier>	MP_AM162_Anchor_down	</identifier>
				<transform>
					<row0>	0.6284 -0.1320 0.0369 0.0000	</row0>
					<row1>	0.0737 0.1797 -0.6132 0.0000	</row1>
					<row2>	0.1155 0.6033 0.1907 0.0000	</row2>
					<row3>	0.1070 0.3707 4.5034 1.0000	</row3>
				</transform>
			</node>
			<node>
				<identifier>	MP_AM162_Anchor_down_INDEX_1	</identifier>
				<transform>
					<row0>	0.6284 0.1320 -0.0369 0.0000	</row0>
					<row1>	-0.0737 0.1797 -0.6132 0.0000	</row1>
					<row2>	-0.1155 0.6033 0.1907 0.0000	</row2>
					<row3>	-0.1070 0.3707 4.5034 1.0000	</row3>
				</transform>
			</node>
			<node>
				<identifier>	MP_AM173_Insulator_1	</identifier>
				<transform>
					<row0>	1.0000 0.0000 0.0000 0.0000	</row0>
					<row1>	0.0000 1.0000 0.0000 0.0000	</row1>
					<row2>	0.0000 0.0000 1.0000 0.0000	</row2>
					<row3>	-0.1013 0.7633 1.2035 1.0000	</row3>
				</transform>
			</node>
			<node>
				<identifier>	MP_AM176_Target_Desingnator	</identifier>
				<transform>
					<row0>	0.0000 0.0000 -1.0000 0.0000	</row0>
					<row1>	0.0000 1.0000 0.0000 0.0000	</row1>
					<row2>	1.0000 0.0000 0.0000 0.0000	</row2>
					<row3>	0.2182 0.6240 1.7919 1.0000	</row3>
				</transform>
			</node>
			<node>
				<identifier>	MP_AM176_Target_Desingnator_INDEX_1	</identifier>
				<transform>
					<row0>	0.0000 0.0000 1.0000 0.0000	</row0>
					<row1>	0.0000 1.0000 0.0000 0.0000	</row1>
					<row2>	-1.0000 0.0000 0.0000 0.0000	</row2>
					<row3>	-0.2164 0.6241 1.7943 1.0000	</row3>
				</transform>
			</node>
			<node>
				<identifier>	MP_AM181_Siren_3	</identifier>
				<transform>
					<row0>	0.3470 0.0000 0.0000 0.0000	</row0>
					<row1>	0.0000 0.3470 0.0000 0.0000	</row1>
					<row2>	0.0000 0.0000 0.3470 0.0000	</row2>
					<row3>	-0.0158 0.9538 1.1911 1.0000	</row3>
				</transform>
			</node>
			<node>
				<identifier>	MP_AM2026_Ammunition_Box	</identifier>
				<transform>
					<row0>	-0.7927 0.0000 -0.6096 0.0000	</row0>
					<row1>	0.0000 1.0000 0.0000 0.0000	</row1>
					<row2>	0.6096 0.0000 -0.7927 0.0000	</row2>
					<row3>	-0.3687 0.5399 1.0904 1.0000	</row3>
				</transform>
			</node>
			<node>
				<identifier>	MP_AM2026_Ammunition_Box_INDEX_1	</identifier>
				<transform>
					<row0>	-0.7927 0.0000 0.6096 0.0000	</row0>
					<row1>	0.0000 1.0000 0.0000 0.0000	</row1>
					<row2>	-0.6096 0.0000 -0.7927 0.0000	</row2>
					<row3>	0.3687 0.5399 1.0904 1.0000	</row3>
				</transform>
			</node>
			<node>
				<identifier>	MP_AM2026_Ammunition_Box_INDEX_2	</identifier>
				<transform>
					<row0>	-0.4439 0.0000 -0.8961 0.0000	</row0>
					<row1>	0.0000 1.0000 0.0000 0.0000	</row1>
					<row2>	0.8961 0.0000 -0.4439 0.0000	</row2>
					<row3>	-0.2241 0.5385 1.3800 1.0000	</row3>
				</transform>
			</node>
			<node>
				<identifier>	MP_AM2026_Ammunition_Box_INDEX_3	</identifier>
				<transform>
					<row0>	-0.4439 0.0000 0.8961 0.0000	</row0>
					<row1>	0.0000 1.0000 0.0000 0.0000	</row1>
					<row2>	-0.8961 0.0000 -0.4439 0.0000	</row2>
					<row3>	0.2241 0.5385 1.3800 1.0000	</row3>
				</transform>
			</node>
			<node>
				<identifier>	MP_AM280_Signal_Lamp	</identifier>
				<transform>
					<row0>	1.0000 0.0000 0.0000 0.0000	</row0>
					<row1>	0.0000 1.0000 0.0000 0.0000	</row1>
					<row2>	0.0000 0.0000 1.0000 0.0000	</row2>
					<row3>	-0.3489 1.4977 1.2639 1.0000	</row3>
				</transform>
			</node>
			<node>
				<identifier>	MP_AM280_Signal_Lamp_INDEX_1	</identifier>
				<transform>
					<row0>	1.0000 0.0000 0.0000 0.0000	</row0>
					<row1>	0.0000 1.0000 0.0000 0.0000	</row1>
					<row2>	0.0000 0.0000 1.0000 0.0000	</row2>
					<row3>	0.3489 1.4977 1.2639 1.0000	</row3>
				</transform>
			</node>
			<node>
				<identifier>	MP_AM374_Fender	</identifier>
				<transform>
					<row0>	0.2738 0.0000 0.5339 0.0000	</row0>
					<row1>	0.0000 0.6000 0.0000 0.0000	</row1>
					<row2>	-0.5339 0.0000 0.2738 0.0000	</row2>
					<row3>	-0.1546 0.3343 2.9205 1.0000	</row3>
				</transform>
			</node>
			<node>
				<identifier>	MP_AM374_Fender_INDEX_1	</identifier>
				<transform>
					<row0>	0.2739 0.0000 -0.5338 0.0000	</row0>
					<row1>	0.0000 0.6000 0.0000 0.0000	</row1>
					<row2>	0.5338 0.0000 0.2739 0.0000	</row2>
					<row3>	0.2239 0.3326 2.7855 1.0000	</row3>
				</transform>
			</node>
			<node>
				<identifier>	MP_AM374_Fender_INDEX_2	</identifier>
				<transform>
					<row0>	0.2739 0.0000 -0.5338 0.0000	</row0>
					<row1>	0.0000 0.6000 0.0000 0.0000	</row1>
					<row2>	0.5338 0.0000 0.2739 0.0000	</row2>
					<row3>	0.2482 0.3326 2.7383 1.0000	</row3>
				</transform>
			</node>
			<node>
				<identifier>	MP_AM433_MC_Box	</identifier>
				<transform>
					<row0>	-1.0000 0.0000 0.0000 0.0000	</row0>
					<row1>	0.0000 1.0000 0.0000 0.0000	</row1>
					<row2>	0.0000 0.0000 -1.0000 0.0000	</row2>
					<row3>	-0.0978 0.6931 2.0618 1.0000	</row3>
				</transform>
			</node>
			<node>
				<identifier>	MP_AM433_MC_Box_INDEX_1	</identifier>
				<transform>
					<row0>	-1.0000 0.0000 0.0000 0.0000	</row0>
					<row1>	0.0000 1.0000 0.0000 0.0000	</row1>
					<row2>	0.0000 0.0000 -1.0000 0.0000	</row2>
					<row3>	0.0892 0.6932 2.0636 1.0000	</row3>
				</transform>
			</node>
			<node>
				<identifier>	MP_AM434_Eng_Order_Tele_Ind	</identifier>
				<transform>
					<row0>	-1.0000 0.0000 0.0000 0.0000	</row0>
					<row1>	0.0000 1.0000 0.0000 0.0000	</row1>
					<row2>	0.0000 0.0000 -1.0000 0.0000	</row2>
					<row3>	-0.0554 0.6100 2.0494 1.0000	</row3>
				</transform>
			</node>
			<node>
				<identifier>	MP_AM442_Multipole_Switch	</identifier>
				<transform>
					<row0>	0.0000 0.0000 -1.0000 0.0000	</row0>
					<row1>	0.0000 1.0000 0.0000 0.0000	</row1>
					<row2>	1.0000 0.0000 0.0000 0.0000	</row2>
					<row3>	-0.2426 0.6650 1.7174 1.0000	</row3>
				</transform>
			</node>
			<node>
				<identifier>	MP_AM442_Multipole_Switch_INDEX_1	</identifier>
				<transform>
					<row0>	0.0000 0.0000 1.0000 0.0000	</row0>
					<row1>	0.0000 1.0000 0.0000 0.0000	</row1>
					<row2>	-1.0000 0.0000 0.0000 0.0000	</row2>
					<row3>	-0.2465 0.7106 1.0156 1.0000	</row3>
				</transform>
			</node>
			<node>
				<identifier>	MP_AM442_Multipole_Switch_INDEX_2	</identifier>
				<transform>
					<row0>	0.8660 0.0000 -0.5000 0.0000	</row0>
					<row1>	0.0000 1.0000 0.0000 0.0000	</row1>
					<row2>	0.5000 0.0000 0.8660 0.0000	</row2>
					<row3>	0.2269 0.6054 1.0260 1.0000	</row3>
				</transform>
			</node>
			<node>
				<identifier>	MP_AM442_Multipole_Switch_INDEX_3	</identifier>
				<transform>
					<row0>	0.8660 0.0000 0.5000 0.0000	</row0>
					<row1>	0.0000 1.0000 0.0000 0.0000	</row1>
					<row2>	-0.5000 0.0000 0.8660 0.0000	</row2>
					<row3>	-0.2269 0.6054 1.0260 1.0000	</row3>
				</transform>
			</node>
			<node>
				<identifier>	MP_AM442_Multipole_Switch_INDEX_4	</identifier>
				<transform>
					<row0>	0.0000 0.0000 -1.0000 0.0000	</row0>
					<row1>	0.0000 1.0000 0.0000 0.0000	</row1>
					<row2>	1.0000 0.0000 0.0000 0.0000	</row2>
					<row3>	0.2465 0.7106 1.0156 1.0000	</row3>
				</transform>
			</node>
			<node>
				<identifier>	MP_AM442_Multipole_Switch_INDEX_5	</identifier>
				<transform>
					<row0>	0.0000 0.0000 1.0000 0.0000	</row0>
					<row1>	0.0000 1.0000 0.0000 0.0000	</row1>
					<row2>	-1.0000 0.0000 0.0000 0.0000	</row2>
					<row3>	0.2426 0.6650 1.7174 1.0000	</row3>
				</transform>
			</node>
			<node>
				<identifier>	MP_AM444_Director_Train_Indicator	</identifier>
				<transform>
					<row0>	0.0000 0.0000 1.0000 0.0000	</row0>
					<row1>	0.0000 1.0000 0.0000 0.0000	</row1>
					<row2>	-1.0000 0.0000 0.0000 0.0000	</row2>
					<row3>	0.1340 0.7179 1.5849 1.0000	</row3>
				</transform>
			</node>
			<node>
				<identifier>	MP_AM447_Seat	</identifier>
				<transform>
					<row0>	1.0000 0.0000 0.0000 0.0000	</row0>
					<row1>	0.0000 1.0000 0.0000 0.0000	</row1>
					<row2>	0.0000 0.0000 1.0000 0.0000	</row2>
					<row3>	-0.0941 0.6676 1.9959 1.0000	</row3>
				</transform>
			</node>
			<node>
				<identifier>	MP_AM479_6_Fuel_at_sea_hose	</identifier>
				<transform>
					<row0>	0.0000 -0.6390 0.0000 0.0000	</row0>
					<row1>	0.6390 0.0000 0.0000 0.0000	</row1>
					<row2>	0.0000 0.0000 0.6390 0.0000	</row2>
					<row3>	0.2430 0.3191 0.4511 1.0000	</row3>
				</transform>
			</node>
			<node>
