<HSC005_Celebes_1940_Stern_ports.visual>
	<node>
		<identifier>	Scene Root	</identifier>
		<transform>
			<row0>	1.0000 0.0000 0.0000 0.0000	</row0>
			<row1>	0.0000 1.0000 0.0000 0.0000	</row1>
			<row2>	0.0000 0.0000 1.0000 0.0000	</row2>
			<row3>	0.0000 0.0000 0.0000 1.0000	</row3>
		</transform>
		<node>
			<identifier>	Stern_ports	</identifier>
			<transform>
				<row0>	1.0000 0.0000 0.0000 0.0000	</row0>
				<row1>	0.0000 1.0000 0.0000 0.0000	</row1>
				<row2>	0.0000 0.0000 1.0000 0.0000	</row2>
				<row3>	0.0000 0.0000 0.0000 1.0000	</row3>
			</transform>
			<node>
				<identifier>	HP_HGB_1	</identifier>
				<transform>
					<row0>	-0.1867 0.0000 0.9824 0.0000	</row0>
					<row1>	0.0000 1.0000 0.0000 0.0000	</row1>
					<row2>	-0.9824 0.0000 -0.1867 0.0000	</row2>
					<row3>	-0.1930 0.1483 -4.8792 1.0000	</row3>
				</transform>
			</node>
			<node>
				<identifier>	HP_HGB_2	</identifier>
				<transform>
					<row0>	-0.1867 0.0000 -0.9824 0.0000	</row0>
					<row1>	0.0000 1.0000 0.0000 0.0000	</row1>
					<row2>	0.9824 0.0000 -0.1867 0.0000	</row2>
					<row3>	0.1930 0.1483 -4.8792 1.0000	</row3>
				</transform>
			</node>
			<node>
				<identifier>	HP_FX_Fire_4	</identifier>
				<transform>
					<row0>	1.0000 0.0000 0.0000 0.0000	</row0>
					<row1>	0.0000 1.0000 0.0000 0.0000	</row1>
					<row2>	0.0000 0.0000 1.0000 0.0000	</row2>
					<row3>	0.0000 0.1614 -4.3052 1.0000	</row3>
				</transform>
			</node>
			<node>
				<identifier>	HP_FX_WakeTraceBack	</identifier>
				<transform>
					<row0>	1.0000 0.0000 0.0000 0.0000	</row0>
					<row1>	0.0000 1.0000 0.0000 0.0000	</row1>
					<row2>	0.0000 0.0000 1.0000 0.0000	</row2>
					<row3>	0.0000 0.0000 -5.2719 1.0000	</row3>
				</transform>
			</node>
			<node>
				<identifier>	HP_FX_WakeTrace_screw_1	</identifier>
				<transform>
					<row0>	1.0000 0.0000 0.0000 0.0000	</row0>
					<row1>	0.0000 1.0000 0.0000 0.0000	</row1>
					<row2>	0.0000 0.0000 1.0000 0.0000	</row2>
					<row3>	-0.2910 -0.2680 -4.1230 1.0000	</row3>
				</transform>
			</node>
			<node>
				<identifier>	HP_FX_WakeTrace_screw_2	</identifier>
				<transform>
					<row0>	1.0000 0.0000 0.0000 0.0000	</row0>
					<row1>	0.0000 1.0000 0.0000 0.0000	</row1>
					<row2>	0.0000 0.0000 1.0000 0.0000	</row2>
					<row3>	0.0000 -0.3087 -4.5293 1.0000	</row3>
				</transform>
			</node>
			<node>
				<identifier>	HP_FX_WakeTrace_screw_3	</identifier>
				<transform>
					<row0>	1.0000 0.0000 0.0000 0.0000	</row0>
					<row1>	0.0000 1.0000 0.0000 0.0000	</row1>
					<row2>	0.0000 0.0000 1.0000 0.0000	</row2>
					<row3>	0.2910 -0.2680 -4.1230 1.0000	</row3>
				</transform>
			</node>
			<node>
				<identifier>	HP_HGM_4	</identifier>
				<transform>
					<row0>	-1.0000 0.0000 0.0000 0.0000	</row0>
					<row1>	0.0000 1.0000 0.0000 0.0000	</row1>
					<row2>	0.0000 0.0000 -1.0000 0.0000	</row2>
					<row3>	0.0000 0.1810 -3.6666 1.0000	</row3>
				</transform>
			</node>
			<node>
				<identifier>	HP_Ship_death_3	</identifier>
				<transform>
					<row0>	1.0000 0.0000 0.0000 0.0000	</row0>
					<row1>	0.0000 1.0000 0.0000 0.0000	</row1>
					<row2>	0.0000 0.0000 1.0000 0.0000	</row2>
					<row3>	0.0000 0.0000 -3.2416 1.0000	</row3>
				</transform>
			</node>
			<node>
				<identifier>	MP_CM011_Fire_Fighting_Gear	</identifier>
				<transform>
					<row0>	0.0000 0.0000 -1.0000 0.0000	</row0>
					<row1>	0.0000 1.0000 0.0000 0.0000	</row1>
					<row2>	1.0000 0.0000 0.0000 0.0000	</row2>
					<row3>	-0.1583 0.1487 -4.0667 1.0000	</row3>
				</transform>
			</node>
			<node>
				<identifier>	MP_CM011_Fire_Fighting_Gear_INDEX_1	</identifier>
				<transform>
					<row0>	0.0000 0.0000 1.0000 0.0000	</row0>
					<row1>	0.0000 1.0000 0.0000 0.0000	</row1>
					<row2>	-1.0000 0.0000 0.0000 0.0000	</row2>
					<row3>	0.1583 0.1487 -4.0667 1.0000	</row3>
				</transform>
			</node>
			<node>
				<identifier>	MP_CM012_Fire_Hose_Rack_1	</identifier>
				<transform>
					<row0>	-0.0010 0.0000 -1.0000 0.0000	</row0>
					<row1>	0.0000 1.0000 0.0000 0.0000	</row1>
					<row2>	1.0000 0.0000 -0.0010 0.0000	</row2>
					<row3>	-0.1653 0.1747 -3.9512 1.0000	</row3>
				</transform>
			</node>
			<node>
				<identifier>	MP_CM012_Fire_Hose_Rack_1_INDEX_1	</identifier>
				<transform>
					<row0>	0.0000 0.0000 -1.0000 0.0000	</row0>
					<row1>	0.0000 1.0000 0.0000 0.0000	</row1>
					<row2>	1.0000 0.0000 0.0000 0.0000	</row2>
					<row3>	0.1653 0.1747 -3.9512 1.0000	</row3>
				</transform>
			</node>
			<node>
				<identifier>	MP_CM094_Propeller3_L	</identifier>
				<transform>
					<row0>	0.7156 0.0000 0.0000 0.0000	</row0>
					<row1>	0.0000 0.7150 -0.0281 0.0000	</row1>
					<row2>	0.0000 0.0281 0.7150 0.0000	</row2>
					<row3>	0.0000 -0.3103 -4.5359 1.0000	</row3>
				</transform>
			</node>
			<node>
				<identifier>	MP_CM094_Propeller3_L_INDEX_1	</identifier>
				<transform>
					<row0>	0.8542 0.1296 -0.0027 0.0000	</row0>
					<row1>	-0.1296 0.8540 -0.0178 0.0000	</row1>
					<row2>	0.0000 0.0180 0.8638 0.0000	</row2>
					<row3>	-0.2900 -0.2710 -4.1259 1.0000	</row3>
				</transform>
			</node>
			<node>
				<identifier>	MP_CM095_Propeller3_R	</identifier>
				<transform>
					<row0>	0.8535 -0.1348 0.0028 0.0000	</row0>
					<row1>	0.1349 0.8534 -0.0178 0.0000	</row1>
					<row2>	0.0000 0.0180 0.8639 0.0000	</row2>
					<row3>	0.2900 -0.2710 -4.1259 1.0000	</row3>
				</transform>
			</node>
			<node>
				<identifier>	MP_HM022_Bench_for_Capstan	</identifier>
				<transform>
					<row0>	1.0000 0.0000 0.0000 0.0000	</row0>
					<row1>	0.0000 1.0000 0.0000 0.0000	</row1>
					<row2>	0.0000 0.0000 1.0000 0.0000	</row2>
					<row3>	0.0356 0.1677 -4.6002 1.0000	</row3>
				</transform>
			</node>
			<node>
				<identifier>	MP_HM026_Smoke_Defence	</identifier>
				<transform>
					<row0>	-0.2726 0.0000 -0.9621 0.0000	</row0>
					<row1>	0.0000 1.0000 0.0000 0.0000	</row1>
					<row2>	0.9621 0.0000 -0.2726 0.0000	</row2>
					<row3>	0.1894 0.1495 -5.0618 1.0000	</row3>
				</transform>
			</node>
			<node>
				<identifier>	MP_HM026_Smoke_Defence_INDEX_1	</identifier>
				<transform>
					<row0>	-0.2726 0.0000 0.9621 0.0000	</row0>
					<row1>	0.0000 1.0000 0.0000 0.0000	</row1>
					<row2>	-0.9621 0.0000 -0.2726 0.0000	</row2>
					<row3>	-0.1894 0.1495 -5.0618 1.0000	</row3>
				</transform>
			</node>
			<node>
				<identifier>	MP_HM620_Depth_Charge_Stowage	</identifier>
				<transform>
					<row0>	0.9824 0.0000 0.1867 0.0000	</row0>
					<row1>	0.0000 1.0000 0.0000 0.0000	</row1>
					<row2>	-0.1867 0.0000 0.9824 0.0000	</row2>
					<row3>	-0.2349 0.1473 -4.8234 1.0000	</row3>
				</transform>
			</node>
			<node>
				<identifier>	MP_HM620_Depth_Charge_Stowage_INDEX_1	</identifier>
				<transform>
					<row0>	-0.9824 0.0000 -0.1867 0.0000	</row0>
					<row1>	0.0000 1.0000 0.0000 0.0000	</row1>
					<row2>	0.1867 0.0000 -0.9824 0.0000	</row2>
					<row3>	-0.2114 0.1484 -4.9465 1.0000	</row3>
				</transform>
			</node>
			<node>
				<identifier>	MP_HM620_Depth_Charge_Stowage_INDEX_2	</identifier>
				<transform>
					<row0>	-0.9824 0.0000 0.1867 0.0000	</row0>
					<row1>	0.0000 1.0000 0.0000 0.0000	</row1>
					<row2>	-0.1867 0.0000 -0.9824 0.0000	</row2>
					<row3>	0.2114 0.1484 -4.9465 1.0000	</row3>
				</transform>
			</node>
			<node>
				<identifier>	MP_HM620_Depth_Charge_Stowage_INDEX_3	</identifier>
				<transform>
					<row0>	0.9824 0.0000 -0.1867 0.0000	</row0>
					<row1>	0.0000 1.0000 0.0000 0.0000	</row1>
					<row2>	0.1867 0.0000 0.9824 0.0000	</row2>
					<row3>	0.2349 0.1473 -4.8234 1.0000	</row3>
				</transform>
			</node>
			<node>
				<identifier>	MP_HM621_Depth_Charge	</identifier>
				<transform>
					<row0>	-0.9824 0.0000 -0.1867 0.0000	</row0>
					<row1>	-0.1867 0.0000 0.9824 0.0000	</row1>
					<row2>	0.0000 1.0000 0.0000 0.0000	</row2>
					<row3>	-0.2071 0.1802 -4.9692 1.0000	</row3>
				</transform>
			</node>
			<node>
				<identifier>	MP_HM621_Depth_Charge_INDEX_1	</identifier>
				<transform>
					<row0>	0.9824 0.0000 0.1867 0.0000	</row0>
					<row1>	0.1867 0.0000 -0.9824 0.0000	</row1>
					<row2>	0.0000 1.0000 0.0000 0.0000	</row2>
					<row3>	-0.2392 0.1791 -4.8007 1.0000	</row3>
				</transform>
			</node>
			<node>
				<identifier>	MP_HM621_Depth_Charge_INDEX_2	</identifier>
				<transform>
					<row0>	-0.9824 0.0000 0.1867 0.0000	</row0>
					<row1>	0.1867 0.0000 0.9824 0.0000	</row1>
					<row2>	0.0000 1.0000 0.0000 0.0000	</row2>
					<row3>	0.2071 0.1802 -4.9692 1.0000	</row3>
				</transform>
			</node>
			<node>
				<identifier>	MP_HM621_Depth_Charge_INDEX_3	</identifier>
				<transform>
					<row0>	0.9824 0.0000 -0.1867 0.0000	</row0>
					<row1>	-0.1867 0.0000 -0.9824 0.0000	</row1>
					<row2>	0.0000 1.0000 0.0000 0.0000	</row2>
					<row3>	0.2392 0.1791 -4.8007 1.0000	</row3>
				</transform>
			</node>
			<node>
				<identifier>	MP_HM959_Reel	</identifier>
				<transform>
					<row0>	0.9998 0.0199 0.0000 0.0000	</row0>
					<row1>	-0.0199 0.9998 0.0000 0.0000	</row1>
					<row2>	0.0000 0.0000 1.0000 0.0000	</row2>
					<row3>	-0.3514 0.1452 -3.5950 1.0000	</row3>
				</transform>
			</node>
			<node>
				<identifier>	MP_HM959_Reel_INDEX_1	</identifier>
				<transform>
					<row0>	0.9998 -0.0199 0.0000 0.0000	</row0>
					<row1>	0.0199 0.9998 0.0000 0.0000	</row1>
					<row2>	0.0000 0.0000 1.0000 0.0000	</row2>
					<row3>	0.3514 0.1455 -3.5950 1.0000	</row3>
				</transform>
			</node>
			<node>
				<identifier>	MP_HM961_Fairlead	</identifier>
				<transform>
					<row0>	1.6021 0.0000 0.2673 0.0000	</row0>
					<row1>	0.0000 1.6242 0.0000 0.0000	</row1>
					<row2>	-0.2673 0.0000 1.6021 0.0000	</row2>
					<row3>	-0.2767 0.1479 -4.7328 1.0000	</row3>
				</transform>
			</node>
			<node>
				<identifier>	MP_HM961_Fairlead_INDEX_1	</identifier>
				<transform>
					<row0>	1.6021 0.0000 -0.2673 0.0000	</row0>
					<row1>	0.0000 1.6242 0.0000 0.0000	</row1>
					<row2>	0.2673 0.0000 1.6021 0.0000	</row2>
					<row3>	0.2767 0.1479 -4.7328 1.0000	</row3>
				</transform>
			</node>
		</node>
	</node>
	<boundingBox>
		<min>	-0.0667 -0.0667 -0.0667	</min>
		<max>	0.0667 0.0667 0.0667	</max>
	</boundingBox>
</HSC005_Celebes_1940_Stern_ports.visual>
