<HSC005_Celebes_1940_MidFront_ports.visual>
	<node>
		<identifier>	Scene Root	</identifier>
		<transform>
			<row0>	1.0000 0.0000 0.0000 0.0000	</row0>
			<row1>	0.0000 1.0000 0.0000 0.0000	</row1>
			<row2>	0.0000 0.0000 1.0000 0.0000	</row2>
			<row3>	0.0000 0.0000 0.0000 1.0000	</row3>
		</transform>
		<node>
			<identifier>	MidFront_ports	</identifier>
			<transform>
				<row0>	1.0000 0.0000 0.0000 0.0000	</row0>
				<row1>	0.0000 1.0000 0.0000 0.0000	</row1>
				<row2>	0.0000 0.0000 1.0000 0.0000	</row2>
				<row3>	0.0000 0.0000 0.0000 1.0000	</row3>
			</transform>
			<node>
				<identifier>	HP_FX_Death_1	</identifier>
				<transform>
					<row0>	1.0000 0.0000 0.0000 0.0000	</row0>
					<row1>	0.0000 1.0000 0.0000 0.0000	</row1>
					<row2>	0.0000 0.0000 1.0000 0.0000	</row2>
					<row3>	0.0000 0.0000 2.5752 1.0000	</row3>
				</transform>
			</node>
			<node>
				<identifier>	HP_FX_Death_2	</identifier>
				<transform>
					<row0>	1.0000 0.0000 0.0000 0.0000	</row0>
					<row1>	0.0000 1.0000 0.0000 0.0000	</row1>
					<row2>	0.0000 0.0000 1.0000 0.0000	</row2>
					<row3>	0.0000 0.0000 -0.1834 1.0000	</row3>
				</transform>
			</node>
			<node>
				<identifier>	HP_FX_Fire_2	</identifier>
				<transform>
					<row0>	1.0000 0.0000 0.0000 0.0000	</row0>
					<row1>	0.0000 1.0000 0.0000 0.0000	</row1>
					<row2>	0.0000 0.0000 1.0000 0.0000	</row2>
					<row3>	0.0000 0.5056 0.8817 1.0000	</row3>
				</transform>
			</node>
			<node>
				<identifier>	HP_FX_Fire_2_side_1	</identifier>
				<transform>
					<row0>	0.9978 0.0000 -0.0670 0.0000	</row0>
					<row1>	0.0000 1.0000 0.0000 0.0000	</row1>
					<row2>	0.0670 0.0000 0.9978 0.0000	</row2>
					<row3>	-0.4041 0.3577 2.6050 1.0000	</row3>
				</transform>
			</node>
			<node>
				<identifier>	HP_FX_Fire_2_side_2	</identifier>
				<transform>
					<row0>	0.9978 0.0000 0.0670 0.0000	</row0>
					<row1>	0.0000 1.0000 0.0000 0.0000	</row1>
					<row2>	-0.0670 0.0000 0.9978 0.0000	</row2>
					<row3>	0.3244 0.5935 1.4465 1.0000	</row3>
				</transform>
			</node>
			<node>
				<identifier>	HP_FX_Fire_2_side_3	</identifier>
				<transform>
					<row0>	1.0000 0.0000 0.0000 0.0000	</row0>
					<row1>	0.0000 1.0000 0.0000 0.0000	</row1>
					<row2>	0.0000 0.0000 1.0000 0.0000	</row2>
					<row3>	-0.3210 0.4480 -0.7080 1.0000	</row3>
				</transform>
			</node>
			<node>
				<identifier>	HP_FX_FloodLight_left_1	</identifier>
				<transform>
					<row0>	-1.0000 0.0000 0.0000 0.0000	</row0>
					<row1>	0.0000 1.0000 0.0000 0.0000	</row1>
					<row2>	0.0000 0.0000 -1.0000 0.0000	</row2>
					<row3>	-0.1350 1.1030 1.5680 1.0000	</row3>
				</transform>
			</node>
			<node>
				<identifier>	HP_FX_FloodLight_left_2	</identifier>
				<transform>
					<row0>	-1.0000 0.0000 0.0000 0.0000	</row0>
					<row1>	0.0000 1.0000 0.0000 0.0000	</row1>
					<row2>	0.0000 0.0000 -1.0000 0.0000	</row2>
					<row3>	-0.1600 1.1180 0.2150 1.0000	</row3>
				</transform>
			</node>
			<node>
				<identifier>	HP_FX_FloodLight_right_1	</identifier>
				<transform>
					<row0>	1.0000 0.0000 0.0000 0.0000	</row0>
					<row1>	0.0000 1.0000 0.0000 0.0000	</row1>
					<row2>	0.0000 0.0000 1.0000 0.0000	</row2>
					<row3>	0.1350 1.1030 1.5680 1.0000	</row3>
				</transform>
			</node>
			<node>
				<identifier>	HP_FX_FloodLight_right_2	</identifier>
				<transform>
					<row0>	1.0000 0.0000 0.0000 0.0000	</row0>
					<row1>	0.0000 1.0000 0.0000 0.0000	</row1>
					<row2>	0.0000 0.0000 1.0000 0.0000	</row2>
					<row3>	0.1600 1.1180 0.2150 1.0000	</row3>
				</transform>
			</node>
			<node>
				<identifier>	HP_FX_Flood_steam_1	</identifier>
				<transform>
					<row0>	0.9558 0.2907 0.0434 0.0000	</row0>
					<row1>	-0.2939 0.9453 0.1413 0.0000	</row1>
					<row2>	0.0000 -0.1478 0.9890 0.0000	</row2>
					<row3>	-0.1050 1.3305 1.6200 1.0000	</row3>
				</transform>
			</node>
			<node>
				<identifier>	HP_FX_Flood_steam_2	</identifier>
				<transform>
					<row0>	0.9265 -0.3697 0.0701 0.0000	</row0>
					<row1>	0.3763 0.9103 -0.1727 0.0000	</row1>
					<row2>	0.0000 0.1864 0.9825 0.0000	</row2>
					<row3>	0.1055 1.3343 1.4967 1.0000	</row3>
				</transform>
			</node>
			<node>
				<identifier>	HP_FX_Flood_steam_3	</identifier>
				<transform>
					<row0>	0.9620 0.2677 -0.0544 0.0000	</row0>
					<row1>	-0.2731 0.9427 -0.1915 0.0000	</row1>
					<row2>	0.0000 0.1991 0.9800 0.0000	</row2>
					<row3>	-0.1329 1.3082 0.1644 1.0000	</row3>
				</transform>
			</node>
			<node>
				<identifier>	HP_FX_Flood_steam_4	</identifier>
				<transform>
					<row0>	0.8877 -0.4565 -0.0604 0.0000	</row0>
					<row1>	0.4605 0.8800 0.1163 0.0000	</row1>
					<row2>	0.0000 -0.1311 0.9914 0.0000	</row2>
					<row3>	0.1330 1.3100 0.2870 1.0000	</row3>
				</transform>
			</node>
			<node>
				<identifier>	HP_FX_Flood_steam_left	</identifier>
				<transform>
					<row0>	-1.0000 0.0000 0.0000 0.0000	</row0>
					<row1>	0.0000 1.0000 0.0000 0.0000	</row1>
					<row2>	0.0000 0.0000 -1.0000 0.0000	</row2>
					<row3>	-0.4798 0.2779 2.7750 1.0000	</row3>
				</transform>
			</node>
			<node>
				<identifier>	HP_FX_Flood_water_left_1	</identifier>
				<transform>
					<row0>	-1.0000 0.0000 0.0000 0.0000	</row0>
					<row1>	0.0000 1.0000 0.0000 0.0000	</row1>
					<row2>	0.0000 0.0000 -1.0000 0.0000	</row2>
					<row3>	-0.4286 0.0788 2.6829 1.0000	</row3>
				</transform>
			</node>
			<node>
				<identifier>	HP_FX_Flood_water_right_1	</identifier>
				<transform>
					<row0>	1.0000 0.0000 0.0000 0.0000	</row0>
					<row1>	0.0000 1.0000 0.0000 0.0000	</row1>
					<row2>	0.0000 0.0000 1.0000 0.0000	</row2>
					<row3>	0.4285 0.0785 2.6829 1.0000	</row3>
				</transform>
			</node>
			<node>
				<identifier>	HP_FX_Smoke_1	</identifier>
				<transform>
					<row0>	1.0000 0.0000 0.0000 0.0000	</row0>
					<row1>	0.0000 1.0000 0.0000 0.0000	</row1>
					<row2>	0.0000 0.0000 1.0000 0.0000	</row2>
					<row3>	0.0000 1.2840 1.6250 1.0000	</row3>
				</transform>
			</node>
			<node>
				<identifier>	HP_FX_Smoke_2	</identifier>
				<transform>
					<row0>	1.0000 0.0000 0.0000 0.0000	</row0>
					<row1>	0.0000 1.0000 0.0000 0.0000	</row1>
					<row2>	0.0000 0.0000 1.0000 0.0000	</row2>
					<row3>	-0.0020 1.2450 0.2960 1.0000	</row3>
				</transform>
			</node>
			<node>
				<identifier>	HP_Flagpole	</identifier>
				<transform>
					<row0>	0.3586 0.0000 0.0000 0.0000	</row0>
					<row1>	0.0000 0.3586 0.0000 0.0000	</row1>
					<row2>	0.0000 0.0000 0.3586 0.0000	</row2>
					<row3>	0.0000 1.9928 1.9070 1.0000	</row3>
				</transform>
			</node>
			<node>
				<identifier>	HP_HC_1	</identifier>
				<transform>
					<row0>	0.0000 0.0000 -1.0000 0.0000	</row0>
					<row1>	0.0000 1.0000 0.0000 0.0000	</row1>
					<row2>	1.0000 0.0000 0.0000 0.0000	</row2>
					<row3>	0.0000 0.5197 -0.9959 1.0000	</row3>
				</transform>
			</node>
			<node>
				<identifier>	HP_HD_1	</identifier>
				<transform>
					<row0>	1.0000 0.0000 0.0000 0.0000	</row0>
					<row1>	0.0000 1.0000 0.0000 0.0000	</row1>
					<row2>	0.0000 0.0000 1.0000 0.0000	</row2>
					<row3>	0.0000 0.7663 2.5683 1.0000	</row3>
				</transform>
			</node>
			<node>
				<identifier>	HP_HD_2	</identifier>
				<transform>
					<row0>	1.0000 0.0000 0.0000 0.0000	</row0>
					<row1>	0.0000 1.0000 0.0000 0.0000	</row1>
					<row2>	0.0000 0.0000 1.0000 0.0000	</row2>
					<row3>	0.0000 1.8164 2.2552 1.0000	</row3>
				</transform>
			</node>
			<node>
				<identifier>	HP_HF_1	</identifier>
				<transform>
					<row0>	1.0000 0.0000 0.0000 0.0000	</row0>
					<row1>	0.0000 1.0000 0.0000 0.0000	</row1>
					<row2>	0.0000 0.0000 1.0000 0.0000	</row2>
					<row3>	0.0000 1.8171 2.1331 1.0000	</row3>
				</transform>
			</node>
			<node>
				<identifier>	HP_HGA_1	</identifier>
				<transform>
					<row0>	1.0000 0.0000 0.0000 0.0000	</row0>
					<row1>	0.0000 1.0000 0.0000 0.0000	</row1>
					<row2>	0.0000 0.0000 1.0000 0.0000	</row2>
					<row3>	-0.1265 1.5092 2.4050 1.0000	</row3>
				</transform>
			</node>
			<node>
				<identifier>	HP_HGA_2	</identifier>
				<transform>
					<row0>	1.0000 0.0000 0.0000 0.0000	</row0>
					<row1>	0.0000 1.0000 0.0000 0.0000	</row1>
					<row2>	0.0000 0.0000 1.0000 0.0000	</row2>
					<row3>	0.1265 1.5092 2.4050 1.0000	</row3>
				</transform>
			</node>
			<node>
				<identifier>	HP_HGA_3	</identifier>
				<transform>
					<row0>	1.0000 0.0000 0.0000 0.0000	</row0>
					<row1>	0.0000 1.0000 0.0000 0.0000	</row1>
					<row2>	0.0000 0.0000 1.0000 0.0000	</row2>
					<row3>	0.0000 0.6473 0.8785 1.0000	</row3>
				</transform>
			</node>
			<node>
				<identifier>	HP_HGA_4	</identifier>
				<transform>
					<row0>	0.0000 0.0000 1.0000 0.0000	</row0>
					<row1>	0.0000 1.0000 0.0000 0.0000	</row1>
					<row2>	-1.0000 0.0000 0.0000 0.0000	</row2>
					<row3>	-0.2944 0.5153 0.5752 1.0000	</row3>
				</transform>
			</node>
			<node>
				<identifier>	HP_HGA_5	</identifier>
				<transform>
					<row0>	0.0000 0.0000 -1.0000 0.0000	</row0>
					<row1>	0.0000 1.0000 0.0000 0.0000	</row1>
					<row2>	1.0000 0.0000 0.0000 0.0000	</row2>
					<row3>	0.2944 0.5153 0.5752 1.0000	</row3>
				</transform>
			</node>
			<node>
				<identifier>	HP_HGM_2	</identifier>
				<transform>
					<row0>	1.0000 0.0000 0.0000 0.0000	</row0>
					<row1>	0.0000 1.0000 0.0000 0.0000	</row1>
					<row2>	0.0000 0.0000 1.0000 0.0000	</row2>
					<row3>	0.0000 0.5817 2.9999 1.0000	</row3>
				</transform>
			</node>
			<node>
				<identifier>	HP_Ship_death_2	</identifier>
				<transform>
					<row0>	1.0000 0.0000 0.0000 0.0000	</row0>
					<row1>	0.0000 1.0000 0.0000 0.0000	</row1>
					<row2>	0.0000 0.0000 1.0000 0.0000	</row2>
					<row3>	0.0000 0.0000 -1.2773 1.0000	</row3>
				</transform>
			</node>
			<node>
				<identifier>	HP_flag_1	</identifier>
				<transform>
					<row0>	1.0000 -0.0021 0.0000 0.0000	</row0>
					<row1>	0.0021 0.9998 -0.0200 0.0000	</row1>
					<row2>	0.0000 0.0200 0.9998 0.0000	</row2>
					<row3>	0.2825 1.7398 1.9220 1.0000	</row3>
				</transform>
			</node>
			<node>
				<identifier>	HP_flag_2	</identifier>
				<transform>
					<row0>	1.0000 0.0021 0.0000 0.0000	</row0>
					<row1>	-0.0021 0.9998 -0.0200 0.0000	</row1>
					<row2>	0.0000 0.0200 0.9998 0.0000	</row2>
					<row3>	-0.2825 1.7398 1.9220 1.0000	</row3>
				</transform>
			</node>
			<node>
				<identifier>	HP_flag_3	</identifier>
				<transform>
					<row0>	0.9955 0.0948 -0.0009 0.0000	</row0>
					<row1>	-0.0948 0.9953 -0.0199 0.0000	</row1>
					<row2>	-0.0009 0.0199 0.9998 0.0000	</row2>
					<row3>	0.1734 1.7398 1.9220 1.0000	</row3>
				</transform>
			</node>
			<node>
				<identifier>	HP_flag_4	</identifier>
				<transform>
					<row0>	0.9955 -0.0948 0.0009 0.0000	</row0>
					<row1>	0.0948 0.9953 -0.0199 0.0000	</row1>
					<row2>	0.0009 0.0199 0.9998 0.0000	</row2>
					<row3>	-0.1734 1.7398 1.9220 1.0000	</row3>
				</transform>
			</node>
			<node>
				<identifier>	HP_flag_courtesy	</identifier>
				<transform>
					<row0>	0.9990 -0.0439 0.0004 0.0000	</row0>
					<row1>	0.0439 0.9988 -0.0199 0.0000	</row1>
					<row2>	0.0004 0.0199 0.9998 0.0000	</row2>
					<row3>	0.3317 1.7398 1.9220 1.0000	</row3>
				</transform>
			</node>
			<node>
				<identifier>	HP_flag_house	</identifier>
				<transform>
					<row0>	0.9990 0.0439 -0.0004 0.0000	</row0>
					<row1>	-0.0439 0.9988 -0.0199 0.0000	</row1>
					<row2>	-0.0004 0.0199 0.9998 0.0000	</row2>
					<row3>	-0.3317 1.7398 1.9220 1.0000	</row3>
				</transform>
			</node>
			<node>
				<identifier>	HP_flag_nation	</identifier>
				<transform>
					<row0>	0.7109 0.0000 0.0000 0.0000	</row0>
					<row1>	0.0000 0.6819 -0.2010 0.0000	</row1>
					<row2>	0.0000 0.2010 0.6819 0.0000	</row2>
					<row3>	-0.0003 1.3040 -0.3095 1.0000	</row3>
				</transform>
			</node>
			<node>
				<identifier>	HP_flag_rank	</identifier>
				<transform>
					<row0>	0.7109 0.0000 0.0000 0.0000	</row0>
					<row1>	0.0000 0.6819 -0.2010 0.0000	</row1>
					<row2>	0.0000 0.2010 0.6819 0.0000	</row2>
					<row3>	-0.0003 1.1345 -0.2595 1.0000	</row3>
				</transform>
			</node>
			<node>
				<identifier>	MP_CM011_Fire_Fighting_Gear	</identifier>
				<transform>
					<row0>	-0.2581 0.0000 -0.9661 0.0000	</row0>
					<row1>	0.0000 1.0000 0.0000 0.0000	</row1>
					<row2>	0.9661 0.0000 -0.2581 0.0000	</row2>
					<row3>	-0.1741 0.3821 3.1010 1.0000	</row3>
				</transform>
			</node>
			<node>
				<identifier>	MP_CM011_Fire_Fighting_Gear_INDEX_1	</identifier>
				<transform>
					<row0>	0.0000 0.0000 1.0000 0.0000	</row0>
					<row1>	0.0000 1.0000 0.0000 0.0000	</row1>
					<row2>	-1.0000 0.0000 0.0000 0.0000	</row2>
					<row3>	0.3388 0.3484 2.0004 1.0000	</row3>
				</transform>
			</node>
			<node>
				<identifier>	MP_CM011_Fire_Fighting_Gear_INDEX_2	</identifier>
				<transform>
					<row0>	0.0000 0.0000 1.0000 0.0000	</row0>
					<row1>	0.0000 1.0000 0.0000 0.0000	</row1>
					<row2>	-1.0000 0.0000 0.0000 0.0000	</row2>
					<row3>	0.2544 0.3297 0.9752 1.0000	</row3>
				</transform>
			</node>
			<node>
				<identifier>	MP_CM011_Fire_Fighting_Gear_INDEX_3	</identifier>
				<transform>
					<row0>	0.0000 0.0000 -1.0000 0.0000	</row0>
					<row1>	0.0000 1.0000 0.0000 0.0000	</row1>
					<row2>	1.0000 0.0000 0.0000 0.0000	</row2>
					<row3>	-0.3388 0.3483 2.0004 1.0000	</row3>
				</transform>
			</node>
			<node>
				<identifier>	MP_CM011_Fire_Fighting_Gear_INDEX_4	</identifier>
				<transform>
					<row0>	0.0000 0.0000 -1.0000 0.0000	</row0>
					<row1>	0.0000 1.0000 0.0000 0.0000	</row1>
					<row2>	1.0000 0.0000 0.0000 0.0000	</row2>
					<row3>	-0.2544 0.3297 0.9752 1.0000	</row3>
				</transform>
			</node>
			<node>
				<identifier>	MP_CM011_Fire_Fighting_Gear_INDEX_5	</identifier>
				<transform>
					<row0>	-0.2581 0.0000 0.9661 0.0000	</row0>
					<row1>	0.0000 1.0000 0.0000 0.0000	</row1>
					<row2>	-0.9661 0.0000 -0.2581 0.0000	</row2>
					<row3>	0.1741 0.3820 3.1010 1.0000	</row3>
				</transform>
			</node>
			<node>
				<identifier>	MP_CM012_Fire_Hose_Rack_1	</identifier>
				<transform>
					<row0>	-1.0000 0.0000 0.0000 0.0000	</row0>
					<row1>	0.0000 1.0000 0.0000 0.0000	</row1>
					<row2>	0.0000 0.0000 -1.0000 0.0000	</row2>
					<row3>	0.2485 0.4187 0.9639 1.0000	</row3>
				</transform>
			</node>
			<node>
				<identifier>	MP_CM012_Fire_Hose_Rack_1_INDEX_1	</identifier>
				<transform>
					<row0>	0.9679 0.0000 -0.2513 0.0000	</row0>
					<row1>	0.0000 1.0000 0.0000 0.0000	</row1>
					<row2>	0.2513 0.0000 0.9679 0.0000	</row2>
					<row3>	-0.1739 0.4606 3.0718 1.0000	</row3>
				</transform>
			</node>
			<node>
				<identifier>	MP_CM012_Fire_Hose_Rack_1_INDEX_2	</identifier>
				<transform>
					<row0>	-0.9681 0.0000 -0.2505 0.0000	</row0>
					<row1>	0.0000 1.0000 0.0000 0.0000	</row1>
					<row2>	0.2505 0.0000 -0.9681 0.0000	</row2>
					<row3>	0.1739 0.4606 3.0718 1.0000	</row3>
				</transform>
			</node>
			<node>
				<identifier>	MP_CM012_Fire_Hose_Rack_1_INDEX_3	</identifier>
				<transform>
					<row0>	1.0000 0.0000 0.0000 0.0000	</row0>
					<row1>	0.0000 1.0000 0.0000 0.0000	</row1>
					<row2>	0.0000 0.0000 1.0000 0.0000	</row2>
					<row3>	-0.3301 0.4187 2.0241 1.0000	</row3>
				</transform>
			</node>
			<node>
				<identifier>	MP_CM012_Fire_Hose_Rack_1_INDEX_4	</identifier>
				<transform>
					<row0>	1.0000 0.0000 0.0000 0.0000	</row0>
					<row1>	0.0000 1.0000 0.0000 0.0000	</row1>
					<row2>	0.0000 0.0000 1.0000 0.0000	</row2>
					<row3>	-0.2485 0.4187 0.9639 1.0000	</row3>
				</transform>
			</node>
			<node>
				<identifier>	MP_CM012_Fire_Hose_Rack_1_INDEX_5	</identifier>
				<transform>
					<row0>	-1.0000 0.0000 0.0000 0.0000	</row0>
					<row1>	0.0000 1.0000 0.0000 0.0000	</row1>
					<row2>	0.0000 0.0000 -1.0000 0.0000	</row2>
					<row3>	0.3306 0.4187 2.0241 1.0000	</row3>
				</transform>
			</node>
			<node>
				<identifier>	MP_CM014_Fuel_Oil_Hose	</identifier>
				<transform>
					<row0>	0.0000 0.0000 -1.0000 0.0000	</row0>
					<row1>	0.0000 1.0000 0.0000 0.0000	</row1>
					<row2>	1.0000 0.0000 0.0000 0.0000	</row2>
					<row3>	-0.1257 0.3698 -0.1960 1.0000	</row3>
				</transform>
			</node>
			<node>
				<identifier>	MP_CM014_Fuel_Oil_Hose_INDEX_1	</identifier>
				<transform>
					<row0>	0.0000 0.0000 -1.0000 0.0000	</row0>
					<row1>	0.0000 1.0000 0.0000 0.0000	</row1>
					<row2>	1.0000 0.0000 0.0000 0.0000	</row2>
					<row3>	0.1257 0.3698 -0.1960 1.0000	</row3>
				</transform>
			</node>
			<node>
				<identifier>	MP_CM029_Emergency_Box	</identifier>
				<transform>
					<row0>	-0.6360 0.0000 0.7717 0.0000	</row0>
					<row1>	0.0000 1.0000 0.0000 0.0000	</row1>
					<row2>	-0.7717 0.0000 -0.6360 0.0000	</row2>
					<row3>	0.0838 1.5806 2.2960 1.0000	</row3>
				</transform>
			</node>
			<node>
				<identifier>	MP_CM029_Emergency_Box_INDEX_1	</identifier>
				<transform>
					<row0>	-0.6625 0.0000 0.7491 0.0000	</row0>
					<row1>	0.0000 1.0000 0.0000 0.0000	</row1>
					<row2>	-0.7491 0.0000 -0.6625 0.0000	</row2>
					<row3>	0.3609 0.3842 0.8178 1.0000	</row3>
				</transform>
			</node>
			<node>
				<identifier>	MP_CM029_Emergency_Box_INDEX_2	</identifier>
				<transform>
					<row0>	0.0000 0.0000 1.0000 0.0000	</row0>
					<row1>	-0.0975 0.9952 0.0000 0.0000	</row1>
					<row2>	-0.9952 -0.0975 0.0000 0.0000	</row2>
					<row3>	0.2354 0.9556 2.3282 1.0000	</row3>
				</transform>
			</node>
			<node>
				<identifier>	MP_CM029_Emergency_Box_INDEX_3	</identifier>
				<transform>
					<row0>	0.0000 0.0000 -1.0000 0.0000	</row0>
					<row1>	0.0975 0.9952 0.0000 0.0000	</row1>
					<row2>	0.9952 -0.0975 0.0000 0.0000	</row2>
					<row3>	-0.2355 0.9556 2.3282 1.0000	</row3>
				</transform>
			</node>
			<node>
				<identifier>	MP_CM029_Emergency_Box_INDEX_4	</identifier>
				<transform>
					<row0>	-0.6625 0.0000 -0.7491 0.0000	</row0>
					<row1>	0.0000 1.0000 0.0000 0.0000	</row1>
					<row2>	0.7491 0.0000 -0.6625 0.0000	</row2>
					<row3>	-0.3610 0.3842 0.8182 1.0000	</row3>
				</transform>
			</node>
			<node>
				<identifier>	MP_CM029_Emergency_Box_INDEX_5	</identifier>
				<transform>
					<row0>	0.0000 0.0000 -1.0000 0.0000	</row0>
					<row1>	0.0000 1.0000 0.0000 0.0000	</row1>
					<row2>	1.0000 0.0000 0.0000 0.0000	</row2>
					<row3>	-0.2544 0.4042 1.5390 1.0000	</row3>
				</transform>
			</node>
			<node>
				<identifier>	MP_CM029_Emergency_Box_INDEX_6	</identifier>
				<transform>
					<row0>	0.0000 0.0000 1.0000 0.0000	</row0>
					<row1>	0.0000 1.0000 0.0000 0.0000	</row1>
					<row2>	-1.0000 0.0000 0.0000 0.0000	</row2>
					<row3>	0.2544 0.4042 1.5390 1.0000	</row3>
				</transform>
			</node>
			<node>
				<identifier>	MP_CM030_Swab_Rack_2	</identifier>
				<transform>
					<row0>	0.0000 -0.0245 -0.9997 0.0000	</row0>
					<row1>	-0.0041 0.9997 -0.0245 0.0000	</row1>
					<row2>	1.0000 0.0041 -0.0001 0.0000	</row2>
					<row3>	0.3313 0.3496 2.0793 1.0000	</row3>
				</transform>
			</node>
			<node>
				<identifier>	MP_CM030_Swab_Rack_2_INDEX_1	</identifier>
				<transform>
					<row0>	0.0000 0.0245 0.9997 0.0000	</row0>
					<row1>	0.0041 0.9997 -0.0245 0.0000	</row1>
					<row2>	-1.0000 0.0041 -0.0001 0.0000	</row2>
					<row3>	-0.3312 0.3496 2.0793 1.0000	</row3>
				</transform>
			</node>
			<node>
				<identifier>	MP_CM052_Fender	</identifier>
				<transform>
					<row0>	-0.6739 0.0181 0.7386 0.0000	</row0>
					<row1>	0.0122 0.9998 -0.0133 0.0000	</row1>
					<row2>	-0.7387 0.0000 -0.6740 0.0000	</row2>
					<row3>	-0.2531 0.3175 0.0511 1.0000	</row3>
				</transform>
			</node>
			<node>
				<identifier>	MP_CM052_Fender_INDEX_1	</identifier>
				<transform>
					<row0>	0.2832 0.0000 0.9591 0.0000	</row0>
					<row1>	0.0000 1.0000 0.0000 0.0000	</row1>
					<row2>	-0.9591 0.0000 0.2832 0.0000	</row2>
					<row3>	-0.2267 0.3785 2.9864 1.0000	</row3>
				</transform>
			</node>
			<node>
				<identifier>	MP_CM052_Fender_INDEX_2	</identifier>
				<transform>
					<row0>	-0.6740 0.0000 -0.7387 0.0000	</row0>
					<row1>	0.0000 1.0000 0.0000 0.0000	</row1>
					<row2>	0.7387 0.0000 -0.6740 0.0000	</row2>
					<row3>	0.2531 0.3175 -0.0666 1.0000	</row3>
				</transform>
			</node>
			<node>
				<identifier>	MP_CM052_Fender_INDEX_3	</identifier>
				<transform>
					<row0>	0.2832 0.0000 -0.9591 0.0000	</row0>
					<row1>	0.0000 1.0000 0.0000 0.0000	</row1>
					<row2>	0.9591 0.0000 0.2832 0.0000	</row2>
					<row3>	0.2267 0.3787 2.9864 1.0000	</row3>
				</transform>
			</node>
			<node>
				<identifier>	MP_CM126_Cleat	</identifier>
				<transform>
					<row0>	0.9960 0.0000 0.0888 0.0000	</row0>
					<row1>	0.0888 0.0000 -0.9960 0.0000	</row1>
					<row2>	0.0000 1.0000 0.0000 0.0000	</row2>
					<row3>	0.5639 0.4113 0.8783 1.0000	</row3>
				</transform>
			</node>
			<node>
				<identifier>	MP_CM126_Cleat_INDEX_1	</identifier>
				<transform>
					<row0>	0.9960 0.0000 -0.0888 0.0000	</row0>
					<row1>	-0.0888 0.0000 -0.9960 0.0000	</row1>
					<row2>	0.0000 1.0000 0.0000 0.0000	</row2>
					<row3>	-0.5639 0.4113 0.8783 1.0000	</row3>
				</transform>
			</node>
			<node>
				<identifier>	MP_CM730_Ships_bell_Black	</identifier>
				<transform>
					<row0>	0.7506 0.0000 -0.6608 0.0000	</row0>
					<row1>	0.0000 1.0000 0.0000 0.0000	</row1>
					<row2>	0.6608 0.0000 0.7506 0.0000	</row2>
					<row3>	0.0611 1.6863 2.0597 1.0000	</row3>
				</transform>
			</node>
			<node>
				<identifier>	MP_CM730_Ships_bell_Black_INDEX_1	</identifier>
				<transform>
					<row0>	0.4716 0.0000 -0.8818 0.0000	</row0>
					<row1>	0.0000 1.0000 0.0000 0.0000	</row1>
					<row2>	0.8818 0.0000 0.4716 0.0000	</row2>
					<row3>	-0.0790 1.6929 2.3360 1.0000	</row3>
				</transform>
			</node>
			<node>
				<identifier>	MP_HM004_Loudspeaker	</identifier>
				<transform>
					<row0>	0.7766 0.0000 -0.6300 0.0000	</row0>
					<row1>	0.0000 1.0000 0.0000 0.0000	</row1>
					<row2>	0.6300 0.0000 0.7766 0.0000	</row2>
					<row3>	0.1380 0.5603 3.1525 1.0000	</row3>
				</transform>
			</node>
			<node>
				<identifier>	MP_HM004_Loudspeaker_INDEX_1	</identifier>
				<transform>
					<row0>	0.7766 0.0000 0.6300 0.0000	</row0>
					<row1>	0.0000 1.0000 0.0000 0.0000	</row1>
					<row2>	-0.6300 0.0000 0.7766 0.0000	</row2>
					<row3>	-0.1380 0.5603 3.1525 1.0000	</row3>
				</transform>
			</node>
			<node>
				<identifier>	MP_HM004_Loudspeaker_INDEX_2	</identifier>
				<transform>
					<row0>	0.0000 0.0000 1.0000 0.0000	</row0>
					<row1>	0.0000 1.0000 0.0000 0.0000	</row1>
					<row2>	-1.0000 0.0000 0.0000 0.0000	</row2>
					<row3>	-0.1019 1.7363 2.2323 1.0000	</row3>
				</transform>
			</node>
			<node>
				<identifier>	MP_HM004_Loudspeaker_INDEX_3	</identifier>
				<transform>
					<row0>	0.0000 0.0000 -1.0000 0.0000	</row0>
					<row1>	0.0000 1.0000 0.0000 0.0000	</row1>
					<row2>	1.0000 0.0000 0.0000 0.0000	</row2>
					<row3>	0.1019 1.7363 2.2323 1.0000	</row3>
				</transform>
			</node>
			<node>
				<identifier>	MP_HM005_Siren	</identifier>
				<transform>
					<row0>	1.0000 0.0000 0.0000 0.0000	</row0>
					<row1>	0.0000 1.0000 0.0000 0.0000	</row1>
					<row2>	0.0000 0.0000 1.0000 0.0000	</row2>
					<row3>	0.2449 1.2446 2.2722 1.0000	</row3>
				</transform>
			</node>
			<node>
				<identifier>	MP_HM007_Lifebuoy	</identifier>
				<transform>
					<row0>	0.0000 0.0000 1.0000 0.0000	</row0>
					<row1>	0.0000 1.0000 0.0000 0.0000	</row1>
					<row2>	-1.0000 0.0000 0.0000 0.0000	</row2>
					<row3>	-0.2118 0.4410 -0.5957 1.0000	</row3>
				</transform>
			</node>
			<node>
				<identifier>	MP_HM007_Lifebuoy_INDEX_1	</identifier>
				<transform>
					<row0>	0.0000 0.0000 1.0000 0.0000	</row0>
					<row1>	0.0000 1.0000 0.0000 0.0000	</row1>
					<row2>	-1.0000 0.0000 0.0000 0.0000	</row2>
					<row3>	-0.3318 0.4410 2.2871 1.0000	</row3>
				</transform>
			</node>
			<node>
				<identifier>	MP_HM007_Lifebuoy_INDEX_2	</identifier>
				<transform>
					<row0>	0.0000 0.0000 -1.0000 0.0000	</row0>
					<row1>	0.0000 1.0000 0.0000 0.0000	</row1>
					<row2>	1.0000 0.0000 0.0000 0.0000	</row2>
					<row3>	0.3318 0.4409 2.2871 1.0000	</row3>
				</transform>
			</node>
			<node>
				<identifier>	MP_HM007_Lifebuoy_INDEX_3	</identifier>
				<transform>
					<row0>	0.6642 0.0000 0.7476 0.0000	</row0>
					<row1>	0.0000 1.0000 0.0000 0.0000	</row1>
					<row2>	-0.7476 0.0000 0.6642 0.0000	</row2>
					<row3>	-0.3293 0.4410 0.8453 1.0000	</row3>
				</transform>
			</node>
			<node>
				<identifier>	MP_HM007_Lifebuoy_INDEX_4	</identifier>
				<transform>
					<row0>	0.6617 0.0000 -0.7498 0.0000	</row0>
					<row1>	0.0000 1.0000 0.0000 0.0000	</row1>
					<row2>	0.7498 0.0000 0.6617 0.0000	</row2>
					<row3>	0.3293 0.4410 0.8454 1.0000	</row3>
				</transform>
			</node>
			<node>
				<identifier>	MP_HM007_Lifebuoy_INDEX_5	</identifier>
				<transform>
					<row0>	0.0000 0.0000 -1.0000 0.0000	</row0>
					<row1>	0.0000 1.0000 0.0000 0.0000	</row1>
					<row2>	1.0000 0.0000 0.0000 0.0000	</row2>
					<row3>	0.2122 0.4411 -0.5957 1.0000	</row3>
				</transform>
			</node>
			<node>
				<identifier>	MP_HM016_AmmoBox	</identifier>
				<transform>
					<row0>	0.0000 0.0000 1.0000 0.0000	</row0>
					<row1>	0.0000 1.0000 0.0000 0.0000	</row1>
					<row2>	-1.0000 0.0000 0.0000 0.0000	</row2>
					<row3>	0.0864 0.5178 0.7708 1.0000	</row3>
				</transform>
			</node>
			<node>
				<identifier>	MP_HM016_AmmoBox_INDEX_1	</identifier>
				<transform>
					<row0>	-1.0000 0.0000 0.0000 0.0000	</row0>
					<row1>	0.0000 1.0000 0.0000 0.0000	</row1>
					<row2>	0.0000 0.0000 -1.0000 0.0000	</row2>
					<row3>	0.0793 0.5193 0.9203 1.0000	</row3>
				</transform>
			</node>
			<node>
				<identifier>	MP_HM016_AmmoBox_INDEX_10	</identifier>
				<transform>
					<row0>	0.6623 -0.0104 -0.7492 0.0000	</row0>
					<row1>	0.0069 0.9999 -0.0078 0.0000	</row1>
					<row2>	0.7492 0.0000 0.6623 0.0000	</row2>
					<row3>	0.2604 0.5181 0.8766 1.0000	</row3>
				</transform>
			</node>
			<node>
				<identifier>	MP_HM016_AmmoBox_INDEX_11	</identifier>
				<transform>
					<row0>	0.6623 0.0104 0.7492 0.0000	</row0>
					<row1>	-0.0069 0.9999 -0.0078 0.0000	</row1>
					<row2>	-0.7492 0.0000 0.6623 0.0000	</row2>
					<row3>	-0.2604 0.5181 0.8766 1.0000	</row3>
				</transform>
			</node>
			<node>
				<identifier>	MP_HM016_AmmoBox_INDEX_12	</identifier>
				<transform>
					<row0>	0.0000 0.0000 1.0000 0.0000	</row0>
					<row1>	0.0000 1.0000 0.0000 0.0000	</row1>
					<row2>	-1.0000 0.0000 0.0000 0.0000	</row2>
					<row3>	0.0864 0.5178 0.8439 1.0000	</row3>
				</transform>
			</node>
			<node>
				<identifier>	MP_HM016_AmmoBox_INDEX_2	</identifier>
				<transform>
					<row0>	1.0000 0.0000 0.0000 0.0000	</row0>
					<row1>	0.0000 1.0000 0.0000 0.0000	</row1>
					<row2>	0.0000 0.0000 1.0000 0.0000	</row2>
					<row3>	0.0000 1.5091 2.4044 1.0000	</row3>
				</transform>
			</node>
			<node>
				<identifier>	MP_HM016_AmmoBox_INDEX_3	</identifier>
				<transform>
					<row0>	0.0000 0.0000 -1.0000 0.0000	</row0>
					<row1>	0.0000 1.0000 0.0000 0.0000	</row1>
					<row2>	1.0000 0.0000 0.0000 0.0000	</row2>
					<row3>	0.1625 1.5097 2.2867 1.0000	</row3>
				</transform>
			</node>
			<node>
				<identifier>	MP_HM016_AmmoBox_INDEX_4	</identifier>
				<transform>
					<row0>	0.0000 0.0000 -1.0000 0.0000	</row0>
					<row1>	0.0000 1.0000 0.0000 0.0000	</row1>
					<row2>	1.0000 0.0000 0.0000 0.0000	</row2>
					<row3>	-0.0864 0.5178 0.8439 1.0000	</row3>
				</transform>
			</node>
			<node>
				<identifier>	MP_HM016_AmmoBox_INDEX_5	</identifier>
				<transform>
					<row0>	-1.0000 0.0000 0.0000 0.0000	</row0>
					<row1>	0.0000 1.0000 0.0000 0.0000	</row1>
					<row2>	0.0000 0.0000 -1.0000 0.0000	</row2>
					<row3>	-0.0793 0.5193 0.9203 1.0000	</row3>
				</transform>
			</node>
			<node>
				<identifier>	MP_HM016_AmmoBox_INDEX_6	</identifier>
				<transform>
					<row0>	0.0000 0.0000 1.0000 0.0000	</row0>
					<row1>	0.0000 1.0000 0.0000 0.0000	</row1>
					<row2>	-1.0000 0.0000 0.0000 0.0000	</row2>
					<row3>	-0.1625 1.5097 2.2867 1.0000	</row3>
				</transform>
			</node>
			<node>
				<identifier>	MP_HM016_AmmoBox_INDEX_7	</identifier>
				<transform>
					<row0>	0.0000 0.0000 -1.0000 0.0000	</row0>
					<row1>	0.0000 1.0000 0.0000 0.0000	</row1>
					<row2>	1.0000 0.0000 0.0000 0.0000	</row2>
					<row3>	-0.0864 0.5178 0.7708 1.0000	</row3>
				</transform>
			</node>
			<node>
				<identifier>	MP_HM016_AmmoBox_INDEX_8	</identifier>
				<transform>
					<row0>	0.7830 0.0000 -0.6220 0.0000	</row0>
					<row1>	-0.0031 1.0000 -0.0039 0.0000	</row1>
					<row2>	0.6220 0.0050 0.7830 0.0000	</row2>
					<row3>	0.1189 0.5133 0.4535 1.0000	</row3>
				</transform>
			</node>
			<node>
				<identifier>	MP_HM016_AmmoBox_INDEX_9	</identifier>
				<transform>
					<row0>	0.7830 0.0000 0.6220 0.0000	</row0>
					<row1>	0.0031 1.0000 -0.0039 0.0000	</row1>
					<row2>	-0.6220 0.0050 0.7830 0.0000	</row2>
					<row3>	-0.1189 0.5133 0.4535 1.0000	</row3>
				</transform>
			</node>
			<node>
				<identifier>	MP_HM017_Paravane	</identifier>
				<transform>
					<row0>	0.0000 1.0000 0.0000 0.0000	</row0>
					<row1>	-1.0000 0.0000 0.0000 0.0000	</row1>
					<row2>	0.0000 0.0000 1.0000 0.0000	</row2>
					<row3>	-0.4098 0.3863 0.4673 1.0000	</row3>
				</transform>
			</node>
			<node>
				<identifier>	MP_HM017_Paravane_INDEX_1	</identifier>
				<transform>
					<row0>	0.0000 -1.0000 0.0000 0.0000	</row0>
					<row1>	1.0000 0.0000 0.0000 0.0000	</row1>
					<row2>	0.0000 0.0000 1.0000 0.0000	</row2>
					<row3>	0.4098 0.3884 0.6951 1.0000	</row3>
				</transform>
			</node>
			<node>
				<identifier>	MP_HM017_Paravane_INDEX_2	</identifier>
				<transform>
					<row0>	0.0000 -1.0000 0.0000 0.0000	</row0>
					<row1>	1.0000 0.0000 0.0000 0.0000	</row1>
					<row2>	0.0000 0.0000 1.0000 0.0000	</row2>
					<row3>	0.4098 0.3863 0.4673 1.0000	</row3>
				</transform>
			</node>
			<node>
				<identifier>	MP_HM017_Paravane_INDEX_3	</identifier>
				<transform>
					<row0>	0.0000 1.0000 0.0000 0.0000	</row0>
					<row1>	-1.0000 0.0000 0.0000 0.0000	</row1>
					<row2>	0.0000 0.0000 1.0000 0.0000	</row2>
					<row3>	-0.4098 0.3884 0.6951 1.0000	</row3>
				</transform>
			</node>
			<node>
				<identifier>	MP_HM501_Whaleboat_27ft	</identifier>
				<transform>
					<row0>	1.0000 0.0000 0.0000 0.0000	</row0>
					<row1>	0.0000 1.0000 0.0000 0.0000	</row1>
					<row2>	0.0000 0.0000 1.0000 0.0000	</row2>
					<row3>	0.3330 0.5382 1.4202 1.0000	</row3>
				</transform>
			</node>
			<node>
				<identifier>	MP_HM502_Life_Boat	</identifier>
				<transform>
					<row0>	0.0000 -0.0197 -0.9998 0.0000	</row0>
					<row1>	1.0000 0.0000 0.0000 0.0000	</row1>
					<row2>	0.0000 -0.9998 0.0197 0.0000	</row2>
					<row3>	0.4298 0.3920 1.5013 1.0000	</row3>
				</transform>
			</node>
			<node>
				<identifier>	MP_HM502_Life_Boat_INDEX_1	</identifier>
				<transform>
					<row0>	0.0000 0.0197 0.9998 0.0000	</row0>
					<row1>	-1.0000 0.0000 0.0000 0.0000	</row1>
					<row2>	0.0000 -0.9998 0.0197 0.0000	</row2>
					<row3>	-0.4298 0.3920 1.5013 1.0000	</row3>
				</transform>
			</node>
			<node>
				<identifier>	MP_HM502_Life_Boat_INDEX_2	</identifier>
				<transform>
					<row0>	0.0000 0.0187 0.9998 0.0000	</row0>
					<row1>	-1.0000 0.0000 0.0000 0.0000	</row1>
					<row2>	0.0000 -0.9998 0.0187 0.0000	</row2>
					<row3>	-0.4295 0.3881 1.2985 1.0000	</row3>
				</transform>
			</node>
			<node>
				<identifier>	MP_HM502_Life_Boat_INDEX_3	</identifier>
				<transform>
					<row0>	0.0000 -0.0187 -0.9998 0.0000	</row0>
					<row1>	1.0000 0.0000 0.0000 0.0000	</row1>
					<row2>	0.0000 -0.9998 0.0187 0.0000	</row2>
					<row3>	0.4295 0.3881 1.2985 1.0000	</row3>
				</transform>
			</node>
			<node>
				<identifier>	MP_HM511_Commandantssloep_30_5ft_9_3_m	</identifier>
				<transform>
					<row0>	1.0000 0.0000 0.0000 0.0000	</row0>
					<row1>	0.0000 1.0000 0.0000 0.0000	</row1>
					<row2>	0.0000 0.0000 1.0000 0.0000	</row2>
					<row3>	0.3449 0.3956 -0.6763 1.0000	</row3>
				</transform>
			</node>
			<node>
				<identifier>	MP_HM514_Sloep_B1_32ft_10m	</identifier>
				<transform>
					<row0>	1.0000 0.0000 0.0000 0.0000	</row0>
					<row1>	0.0000 1.0000 0.0000 0.0000	</row1>
					<row2>	0.0000 0.0000 1.0000 0.0000	</row2>
					<row3>	-0.3431 0.3341 -0.6458 1.0000	</row3>
				</transform>
			</node>
			<node>
				<identifier>	MP_HM515_Motosloep_28ft	</identifier>
				<transform>
					<row0>	1.0000 0.0000 0.0000 0.0000	</row0>
					<row1>	0.0000 1.0000 0.0000 0.0000	</row1>
					<row2>	0.0000 0.0000 1.0000 0.0000	</row2>
					<row3>	-0.3396 0.5572 1.3634 1.0000	</row3>
				</transform>
			</node>
			<node>
				<identifier>	MP_HM520_Life_Boat_3	</identifier>
				<transform>
					<row0>	1.0000 0.0000 0.0000 0.0000	</row0>
					<row1>	0.0000 0.9999 -0.0168 0.0000	</row1>
					<row2>	0.0000 0.0168 0.9999 0.0000	</row2>
					<row3>	0.0877 0.5278 1.2499 1.0000	</row3>
				</transform>
			</node>
			<node>
				<identifier>	MP_HM520_Life_Boat_3_INDEX_1	</identifier>
				<transform>
					<row0>	1.0000 0.0000 0.0000 0.0000	</row0>
					<row1>	0.0000 0.9999 -0.0135 0.0000	</row1>
					<row2>	0.0000 0.0135 0.9999 0.0000	</row2>
					<row3>	0.0000 0.5165 0.5994 1.0000	</row3>
				</transform>
			</node>
			<node>
				<identifier>	MP_HM520_Life_Boat_3_INDEX_2	</identifier>
				<transform>
					<row0>	1.0000 0.0000 0.0000 0.0000	</row0>
					<row1>	0.0000 0.9999 -0.0168 0.0000	</row1>
					<row2>	0.0000 0.0168 0.9999 0.0000	</row2>
					<row3>	-0.0924 0.5279 1.2515 1.0000	</row3>
				</transform>
			</node>
			<node>
				<identifier>	MP_HM520_Life_Boat_3_INDEX_3	</identifier>
				<transform>
					<row0>	1.0000 0.0000 0.0000 0.0000	</row0>
					<row1>	0.0000 0.9999 -0.0168 0.0000	</row1>
					<row2>	0.0000 0.0168 0.9999 0.0000	</row2>
					<row3>	0.0877 0.5260 1.1355 1.0000	</row3>
				</transform>
			</node>
			<node>
				<identifier>	MP_HM520_Life_Boat_3_INDEX_4	</identifier>
				<transform>
					<row0>	1.0000 0.0000 0.0000 0.0000	</row0>
					<row1>	0.0000 0.9999 -0.0168 0.0000	</row1>
					<row2>	0.0000 0.0168 0.9999 0.0000	</row2>
					<row3>	-0.0924 0.5260 1.1355 1.0000	</row3>
				</transform>
			</node>
			<node>
				<identifier>	MP_HM602_Binocular	</identifier>
				<transform>
					<row0>	1.0000 0.0000 0.0000 0.0000	</row0>
					<row1>	0.0000 1.0000 0.0000 0.0000	</row1>
					<row2>	0.0000 0.0000 1.0000 0.0000	</row2>
					<row3>	0.1524 0.9151 2.3692 1.0000	</row3>
				</transform>
			</node>
			<node>
				<identifier>	MP_HM602_Binocular_INDEX_1	</identifier>
				<transform>
					<row0>	1.0000 0.0000 0.0000 0.0000	</row0>
					<row1>	0.0000 1.0000 0.0000 0.0000	</row1>
					<row2>	0.0000 0.0000 1.0000 0.0000	</row2>
					<row3>	-0.1524 0.9151 2.3692 1.0000	</row3>
				</transform>
			</node>
			<node>
				<identifier>	MP_HM603_Crane_manipulator	</identifier>
				<transform>
					<row0>	0.0000 0.0000 1.0000 0.0000	</row0>
					<row1>	0.0000 1.0000 0.0000 0.0000	</row1>
					<row2>	-1.0000 0.0000 0.0000 0.0000	</row2>
					<row3>	0.2915 0.7251 1.8978 1.0000	</row3>
				</transform>
			</node>
			<node>
				<identifier>	MP_HM603_Crane_manipulator_INDEX_1	</identifier>
				<transform>
					<row0>	0.0000 0.0000 -1.0000 0.0000	</row0>
					<row1>	0.0000 1.0000 0.0000 0.0000	</row1>
					<row2>	1.0000 0.0000 0.0000 0.0000	</row2>
					<row3>	-0.2915 0.7251 1.8978 1.0000	</row3>
				</transform>
			</node>
			<node>
				<identifier>	MP_HM605_Steering_wheel	</identifier>
				<transform>
					<row0>	1.0000 0.0000 0.0000 0.0000	</row0>
					<row1>	0.0000 1.0000 0.0000 0.0000	</row1>
					<row2>	0.0000 0.0000 1.0000 0.0000	</row2>
					<row3>	0.0000 0.9061 2.3414 1.0000	</row3>
				</transform>
			</node>
			<node>
				<identifier>	MP_HM606_Compass_repeater	</identifier>
				<transform>
					<row0>	1.0000 0.0000 0.0000 0.0000	</row0>
					<row1>	0.0000 1.0000 0.0000 0.0000	</row1>
					<row2>	0.0000 0.0000 1.0000 0.0000	</row2>
					<row3>	0.0311 0.9055 2.3631 1.0000	</row3>
				</transform>
			</node>
			<node>
				<identifier>	MP_HM606_Compass_repeater_INDEX_1	</identifier>
				<transform>
					<row0>	-1.0000 0.0000 0.0000 0.0000	</row0>
					<row1>	0.0000 1.0000 0.0000 0.0000	</row1>
					<row2>	0.0000 0.0000 -1.0000 0.0000	</row2>
					<row3>	0.0000 1.5097 1.9974 1.0000	</row3>
				</transform>
			</node>
			<node>
				<identifier>	MP_HM608_Telegraph_triple	</identifier>
				<transform>
					<row0>	1.0000 0.0000 0.0000 0.0000	</row0>
					<row1>	0.0000 1.0000 0.0000 0.0000	</row1>
					<row2>	0.0000 0.0000 1.0000 0.0000	</row2>
					<row3>	0.0795 0.9065 2.3466 1.0000	</row3>
				</transform>
			</node>
			<node>
				<identifier>	MP_HM851_Searchlight_120cm	</identifier>
				<transform>
					<row0>	-1.0000 0.0000 0.0000 0.0000	</row0>
					<row1>	0.0000 1.0000 0.0000 0.0000	</row1>
					<row2>	0.0000 0.0000 -1.0000 0.0000	</row2>
					<row3>	0.0000 0.9794 -0.1134 1.0000	</row3>
				</transform>
			</node>
			<node>
				<identifier>	MP_HM851_Searchlight_120cm_INDEX_1	</identifier>
				<transform>
					<row0>	0.0000 0.0000 -1.0000 0.0000	</row0>
					<row1>	0.0000 1.0000 0.0000 0.0000	</row1>
					<row2>	1.0000 0.0000 0.0000 0.0000	</row2>
					<row3>	0.2920 1.2493 2.1657 1.0000	</row3>
				</transform>
			</node>
			<node>
				<identifier>	MP_HM851_Searchlight_120cm_INDEX_2	</identifier>
				<transform>
					<row0>	0.0000 0.0000 1.0000 0.0000	</row0>
					<row1>	0.0000 1.0000 0.0000 0.0000	</row1>
					<row2>	-1.0000 0.0000 0.0000 0.0000	</row2>
					<row3>	-0.2920 1.2493 2.1657 1.0000	</row3>
				</transform>
			</node>
			<node>
				<identifier>	MP_HM851_Searchlight_120cm_INDEX_3	</identifier>
				<transform>
					<row0>	1.0000 0.0000 0.0000 0.0000	</row0>
					<row1>	0.0000 1.0000 0.0000 0.0000	</row1>
					<row2>	0.0000 0.0000 1.0000 0.0000	</row2>
					<row3>	0.0000 1.3569 2.5196 1.0000	</row3>
				</transform>
			</node>
			<node>
				<identifier>	MP_HM902_Crane_bottom	</identifier>
				<transform>
					<row0>	-0.9889 0.0000 0.1487 0.0000	</row0>
					<row1>	0.0000 1.0000 0.0000 0.0000	</row1>
					<row2>	-0.1487 0.0000 -0.9889 0.0000	</row2>
					<row3>	-0.2733 0.5182 0.0000 1.0000	</row3>
				</transform>
			</node>
			<node>
				<identifier>	MP_HM902_Crane_bottom_INDEX_1	</identifier>
				<transform>
					<row0>	-0.9889 0.0000 -0.1487 0.0000	</row0>
					<row1>	0.0000 1.0000 0.0000 0.0000	</row1>
					<row2>	0.1487 0.0000 -0.9889 0.0000	</row2>
					<row3>	0.2733 0.5182 0.0000 1.0000	</row3>
				</transform>
			</node>
			<node>
				<identifier>	MP_HM903_Crane_up	</identifier>
				<transform>
					<row0>	-0.9889 0.0000 0.1487 0.0000	</row0>
					<row1>	0.0000 1.0000 0.0000 0.0000	</row1>
					<row2>	-0.1487 0.0000 -0.9889 0.0000	</row2>
					<row3>	-0.2869 0.5509 -0.0901 1.0000	</row3>
				</transform>
			</node>
			<node>
				<identifier>	MP_HM903_Crane_up_INDEX_1	</identifier>
				<transform>
					<row0>	-0.9889 0.0000 -0.1487 0.0000	</row0>
					<row1>	0.0000 1.0000 0.0000 0.0000	</row1>
					<row2>	0.1487 0.0000 -0.9889 0.0000	</row2>
					<row3>	0.2869 0.5509 -0.0901 1.0000	</row3>
				</transform>
			</node>
			<node>
				<identifier>	MP_HM960_Reel	</identifier>
				<transform>
					<row0>	0.7039 -0.0108 0.7102 0.0000	</row0>
					<row1>	0.0282 0.9995 -0.0127 0.0000	</row1>
					<row2>	-0.7098 0.0289 0.7038 0.0000	</row2>
					<row3>	0.3787 0.3131 0.0171 1.0000	</row3>
				</transform>
			</node>
			<node>
				<identifier>	MP_HM960_Reel_INDEX_1	</identifier>
				<transform>
					<row0>	0.7036 0.0186 -0.7103 0.0000	</row0>
					<row1>	-0.0259 0.9997 0.0005 0.0000	</row1>
					<row2>	0.7101 0.0180 0.7039 0.0000	</row2>
					<row3>	-0.3730 0.3147 0.0103 1.0000	</row3>
				</transform>
			</node>
			<node>
				<identifier>	MP_HM961_Fairlead	</identifier>
				<transform>
					<row0>	1.6231 0.0000 0.0604 0.0000	</row0>
					<row1>	0.0000 1.6242 0.0000 0.0000	</row1>
					<row2>	-0.0604 0.0000 1.6231 0.0000	</row2>
					<row3>	0.5023 0.3551 2.4671 1.0000	</row3>
				</transform>
			</node>
			<node>
				<identifier>	MP_HM961_Fairlead_INDEX_1	</identifier>
				<transform>
