<RSC032_Stalingrad_1953_Stern_ports.visual>
	<node>
		<identifier>	Scene Root	</identifier>
		<transform>
			<row0>	1.0000 0.0000 0.0000 0.0000	</row0>
			<row1>	0.0000 1.0000 0.0000 0.0000	</row1>
			<row2>	0.0000 0.0000 1.0000 0.0000	</row2>
			<row3>	0.0000 0.0000 0.0000 1.0000	</row3>
		</transform>
		<node>
			<identifier>	Stern_ports	</identifier>
			<transform>
				<row0>	1.0000 0.0000 0.0000 0.0000	</row0>
				<row1>	0.0000 1.0000 0.0000 0.0000	</row1>
				<row2>	0.0000 0.0000 1.0000 0.0000	</row2>
				<row3>	0.0000 0.0000 0.0000 1.0000	</row3>
			</transform>
			<node>
				<identifier>	HP_FX_Fire_4	</identifier>
				<transform>
					<row0>	1.0000 0.0000 0.0000 0.0000	</row0>
					<row1>	0.0000 1.0000 0.0000 0.0000	</row1>
					<row2>	0.0000 0.0000 1.0000 0.0000	</row2>
					<row3>	0.0000 0.4448 -7.0570 1.0000	</row3>
				</transform>
			</node>
			<node>
				<identifier>	HP_FX_WakeTraceBack	</identifier>
				<transform>
					<row0>	1.0000 0.0000 0.0000 0.0000	</row0>
					<row1>	0.0000 1.0000 0.0000 0.0000	</row1>
					<row2>	0.0000 0.0000 1.0000 0.0000	</row2>
					<row3>	0.0000 0.0000 -8.8682 1.0000	</row3>
				</transform>
			</node>
			<node>
				<identifier>	HP_FX_WakeTrace_screw_1	</identifier>
				<transform>
					<row0>	1.0000 0.0000 0.0000 0.0000	</row0>
					<row1>	0.0000 1.0000 0.0000 0.0000	</row1>
					<row2>	0.0000 0.0000 1.0000 0.0000	</row2>
					<row3>	-0.3025 -0.4438 -7.3225 1.0000	</row3>
				</transform>
			</node>
			<node>
				<identifier>	HP_FX_WakeTrace_screw_2	</identifier>
				<transform>
					<row0>	1.0000 0.0000 0.0000 0.0000	</row0>
					<row1>	0.0000 1.0000 0.0000 0.0000	</row1>
					<row2>	0.0000 0.0000 1.0000 0.0000	</row2>
					<row3>	-0.6653 -0.4452 -6.0565 1.0000	</row3>
				</transform>
			</node>
			<node>
				<identifier>	HP_FX_WakeTrace_screw_3	</identifier>
				<transform>
					<row0>	1.0000 0.0000 0.0000 0.0000	</row0>
					<row1>	0.0000 1.0000 0.0000 0.0000	</row1>
					<row2>	0.0000 0.0000 1.0000 0.0000	</row2>
					<row3>	0.6653 -0.4452 -6.0565 1.0000	</row3>
				</transform>
			</node>
			<node>
				<identifier>	HP_FX_WakeTrace_screw_4	</identifier>
				<transform>
					<row0>	1.0000 0.0000 0.0000 0.0000	</row0>
					<row1>	0.0000 1.0000 0.0000 0.0000	</row1>
					<row2>	0.0000 0.0000 1.0000 0.0000	</row2>
					<row3>	0.3025 -0.4438 -7.3225 1.0000	</row3>
				</transform>
			</node>
			<node>
				<identifier>	HP_Ship_death_3	</identifier>
				<transform>
					<row0>	1.0000 0.0000 0.0000 0.0000	</row0>
					<row1>	0.0000 1.0000 0.0000 0.0000	</row1>
					<row2>	0.0000 0.0000 1.0000 0.0000	</row2>
					<row3>	0.0000 0.0000 -5.5651 1.0000	</row3>
				</transform>
			</node>
			<node>
				<identifier>	MP_CM011_Fire_Fighting_Gear	</identifier>
				<transform>
					<row0>	1.0000 0.0000 0.0000 0.0000	</row0>
					<row1>	0.0000 1.0000 0.0000 0.0000	</row1>
					<row2>	0.0000 0.0000 1.0000 0.0000	</row2>
					<row3>	0.0000 0.4580 -8.3621 1.0000	</row3>
				</transform>
			</node>
			<node>
				<identifier>	MP_CM094_Propeller3_L	</identifier>
				<transform>
					<row0>	1.1071 -0.3660 -0.0023 0.0000	</row0>
					<row1>	0.3660 1.1070 -0.0094 0.0000	</row1>
					<row2>	0.0052 0.0081 1.1660 0.0000	</row2>
					<row3>	-0.3025 -0.4438 -7.3225 1.0000	</row3>
				</transform>
			</node>
			<node>
				<identifier>	MP_CM094_Propeller3_L_INDEX_1	</identifier>
				<transform>
					<row0>	1.1055 -0.3664 -0.0572 0.0000	</row0>
					<row1>	0.3655 1.1069 -0.0275 0.0000	</row1>
					<row2>	0.0629 0.0081 1.1643 0.0000	</row2>
					<row3>	-0.6653 -0.4452 -6.0565 1.0000	</row3>
				</transform>
			</node>
			<node>
				<identifier>	MP_CM095_Propeller3_R	</identifier>
				<transform>
					<row0>	1.1071 0.3660 0.0023 0.0000	</row0>
					<row1>	-0.3660 1.1070 -0.0094 0.0000	</row1>
					<row2>	-0.0052 0.0081 1.1660 0.0000	</row2>
					<row3>	0.3025 -0.4438 -7.3225 1.0000	</row3>
				</transform>
			</node>
			<node>
				<identifier>	MP_CM095_Propeller3_R_INDEX_1	</identifier>
				<transform>
					<row0>	1.1055 0.3664 0.0572 0.0000	</row0>
					<row1>	-0.3655 1.1069 -0.0275 0.0000	</row1>
					<row2>	-0.0629 0.0081 1.1643 0.0000	</row2>
					<row3>	0.6653 -0.4452 -6.0565 1.0000	</row3>
				</transform>
			</node>
			<node>
				<identifier>	MP_CM137_Anchor_Up	</identifier>
				<transform>
					<row0>	-0.2167 -0.5694 0.4039 0.0000	</row0>
					<row1>	-0.2102 0.5348 0.6411 0.0000	</row1>
					<row2>	-0.6749 0.0627 -0.2736 0.0000	</row2>
					<row3>	-0.2318 0.3458 -8.9949 1.0000	</row3>
				</transform>
			</node>
			<node>
				<identifier>	MP_CM138_Anchor_Bottom	</identifier>
				<transform>
					<row0>	-0.2168 -0.5697 0.4041 0.0000	</row0>
					<row1>	-0.4485 0.4379 0.3767 0.0000	</row1>
					<row2>	-0.5355 -0.1361 -0.4791 0.0000	</row2>
					<row3>	-0.2318 0.3458 -8.9949 1.0000	</row3>
				</transform>
			</node>
			<node>
				<identifier>	MP_RM021_Screened_speed_light	</identifier>
				<transform>
					<row0>	-0.5892 0.0000 0.0000 0.0000	</row0>
					<row1>	0.0000 0.5892 0.0000 0.0000	</row1>
					<row2>	0.0000 0.0000 -0.5892 0.0000	</row2>
					<row3>	0.0000 0.7445 -9.1836 1.0000	</row3>
				</transform>
			</node>
			<node>
				<identifier>	MP_RM200_Running_Lights_B	</identifier>
				<transform>
					<row0>	-1.4040 0.0000 0.0000 0.0000	</row0>
					<row1>	0.0000 1.4040 0.0000 0.0000	</row1>
					<row2>	0.0000 0.0000 -1.4040 0.0000	</row2>
					<row3>	0.0000 0.5334 -9.1176 1.0000	</row3>
				</transform>
			</node>
			<node>
				<identifier>	MP_RM214_Life_Buoy	</identifier>
				<transform>
					<row0>	0.1286 0.0000 -0.9917 0.0000	</row0>
					<row1>	0.0000 1.0000 0.0000 0.0000	</row1>
					<row2>	0.9917 0.0000 0.1286 0.0000	</row2>
					<row3>	-0.6609 0.5067 -7.2290 1.0000	</row3>
				</transform>
			</node>
			<node>
				<identifier>	MP_RM214_Life_Buoy_INDEX_1	</identifier>
				<transform>
					<row0>	0.1286 0.0000 0.9917 0.0000	</row0>
					<row1>	0.0000 1.0000 0.0000 0.0000	</row1>
					<row2>	-0.9917 0.0000 0.1286 0.0000	</row2>
					<row3>	0.6609 0.5067 -7.2290 1.0000	</row3>
				</transform>
			</node>
			<node>
				<identifier>	MP_RM219_Fairlead	</identifier>
				<transform>
					<row0>	1.6524 0.0000 -0.1961 0.0000	</row0>
					<row1>	0.0038 1.6637 0.0318 0.0000	</row1>
					<row2>	0.1960 -0.0320 1.6521 0.0000	</row2>
					<row3>	0.7176 0.4325 -6.6336 1.0000	</row3>
				</transform>
			</node>
			<node>
				<identifier>	MP_RM219_Fairlead_INDEX_1	</identifier>
				<transform>
					<row0>	1.6524 0.0000 0.1961 0.0000	</row0>
					<row1>	-0.0038 1.6637 0.0318 0.0000	</row1>
					<row2>	-0.1960 -0.0320 1.6521 0.0000	</row2>
					<row3>	-0.7176 0.4325 -6.6336 1.0000	</row3>
				</transform>
			</node>
			<node>
				<identifier>	MP_RM219_Fairlead_INDEX_2	</identifier>
				<transform>
					<row0>	1.6186 0.0000 -0.3861 0.0000	</row0>
					<row1>	0.0039 1.6639 0.0163 0.0000	</row1>
					<row2>	0.3861 -0.0167 1.6185 0.0000	</row2>
					<row3>	0.4538 0.4632 -8.4884 1.0000	</row3>
				</transform>
			</node>
			<node>
				<identifier>	MP_RM219_Fairlead_INDEX_3	</identifier>
				<transform>
					<row0>	1.6186 0.0000 0.3861 0.0000	</row0>
					<row1>	-0.0039 1.6639 0.0163 0.0000	</row1>
					<row2>	-0.3861 -0.0167 1.6185 0.0000	</row2>
					<row3>	-0.4538 0.4632 -8.4884 1.0000	</row3>
				</transform>
			</node>
			<node>
				<identifier>	MP_RM249_Coat_of_Arms_USSR	</identifier>
				<transform>
					<row0>	-1.0000 0.0000 0.0000 0.0000	</row0>
					<row1>	0.0000 0.9873 -0.1587 0.0000	</row1>
					<row2>	0.0000 -0.1587 -0.9873 0.0000	</row2>
					<row3>	0.0000 0.4286 -9.1190 1.0000	</row3>
				</transform>
			</node>
			<node>
				<identifier>	MP_RM281_Bollard	</identifier>
				<transform>
					<row0>	0.9926 0.0000 -0.1212 0.0000	</row0>
					<row1>	0.0024 0.9998 0.0199 0.0000	</row1>
					<row2>	0.1212 -0.0201 0.9924 0.0000	</row2>
					<row3>	0.6302 0.4323 -6.9118 1.0000	</row3>
				</transform>
			</node>
			<node>
				<identifier>	MP_RM281_Bollard_INDEX_1	</identifier>
				<transform>
					<row0>	0.9926 0.0000 0.1212 0.0000	</row0>
					<row1>	-0.0024 0.9998 0.0199 0.0000	</row1>
					<row2>	-0.1212 -0.0201 0.9924 0.0000	</row2>
					<row3>	-0.6302 0.4323 -6.9118 1.0000	</row3>
				</transform>
			</node>
			<node>
				<identifier>	MP_RM281_Bollard_INDEX_2	</identifier>
				<transform>
					<row0>	1.0000 0.0000 0.0000 0.0000	</row0>
					<row1>	0.0000 1.0000 0.0000 0.0000	</row1>
					<row2>	0.0000 0.0000 1.0000 0.0000	</row2>
					<row3>	-0.0884 0.4525 -8.2724 1.0000	</row3>
				</transform>
			</node>
			<node>
				<identifier>	MP_RM281_Bollard_INDEX_3	</identifier>
				<transform>
					<row0>	1.0000 0.0000 0.0000 0.0000	</row0>
					<row1>	0.0000 1.0000 0.0000 0.0000	</row1>
					<row2>	0.0000 0.0000 1.0000 0.0000	</row2>
					<row3>	0.0884 0.4525 -8.2724 1.0000	</row3>
				</transform>
			</node>
			<node>
				<identifier>	MP_RM284_Hatch	</identifier>
				<transform>
					<row0>	0.9867 0.0000 0.1628 0.0000	</row0>
					<row1>	0.0000 1.0000 0.0000 0.0000	</row1>
					<row2>	-0.1628 0.0000 0.9867 0.0000	</row2>
					<row3>	-0.4508 0.4227 -6.5136 1.0000	</row3>
				</transform>
			</node>
			<node>
				<identifier>	MP_RM284_Hatch_INDEX_1	</identifier>
				<transform>
					<row0>	1.0000 0.0000 0.0000 0.0000	</row0>
					<row1>	0.0000 1.0000 0.0000 0.0000	</row1>
					<row2>	0.0000 0.0000 1.0000 0.0000	</row2>
					<row3>	-0.2093 0.4395 -7.3125 1.0000	</row3>
				</transform>
			</node>
			<node>
				<identifier>	MP_RM284_Hatch_INDEX_2	</identifier>
				<transform>
					<row0>	1.0000 0.0000 0.0000 0.0000	</row0>
					<row1>	0.0000 1.0000 0.0000 0.0000	</row1>
					<row2>	0.0000 0.0000 1.0000 0.0000	</row2>
					<row3>	-0.0916 0.4225 -6.5115 1.0000	</row3>
				</transform>
			</node>
			<node>
				<identifier>	MP_RM284_Hatch_INDEX_3	</identifier>
				<transform>
					<row0>	1.0000 0.0000 0.0000 0.0000	</row0>
					<row1>	0.0000 1.0000 0.0000 0.0000	</row1>
					<row2>	0.0000 0.0000 1.0000 0.0000	</row2>
					<row3>	-0.0916 0.4186 -6.3512 1.0000	</row3>
				</transform>
			</node>
			<node>
				<identifier>	MP_RM284_Hatch_INDEX_4	</identifier>
				<transform>
					<row0>	1.0000 0.0000 0.0000 0.0000	</row0>
					<row1>	0.0000 1.0000 0.0000 0.0000	</row1>
					<row2>	0.0000 0.0000 1.0000 0.0000	</row2>
					<row3>	0.2093 0.4395 -7.3125 1.0000	</row3>
				</transform>
			</node>
			<node>
				<identifier>	MP_RM284_Hatch_INDEX_5	</identifier>
				<transform>
					<row0>	0.9867 0.0000 -0.1628 0.0000	</row0>
					<row1>	0.0000 1.0000 0.0000 0.0000	</row1>
					<row2>	0.1628 0.0000 0.9867 0.0000	</row2>
					<row3>	0.5091 0.4186 -6.3531 1.0000	</row3>
				</transform>
			</node>
			<node>
				<identifier>	MP_RM286_Hatch	</identifier>
				<transform>
					<row0>	-1.0000 0.0000 0.0000 0.0000	</row0>
					<row1>	0.0000 1.0000 0.0000 0.0000	</row1>
					<row2>	0.0000 0.0000 -1.0000 0.0000	</row2>
					<row3>	-0.1499 0.4614 -8.7721 1.0000	</row3>
				</transform>
			</node>
			<node>
				<identifier>	MP_RM286_Hatch_INDEX_1	</identifier>
				<transform>
					<row0>	-1.0000 0.0000 0.0000 0.0000	</row0>
					<row1>	0.0000 1.0000 0.0000 0.0000	</row1>
					<row2>	0.0000 0.0000 -1.0000 0.0000	</row2>
					<row3>	-0.1499 0.4614 -8.8972 1.0000	</row3>
				</transform>
			</node>
			<node>
				<identifier>	MP_RM286_Hatch_INDEX_2	</identifier>
				<transform>
					<row0>	-1.0000 0.0000 0.0000 0.0000	</row0>
					<row1>	0.0000 1.0000 0.0000 0.0000	</row1>
					<row2>	0.0000 0.0000 -1.0000 0.0000	</row2>
					<row3>	0.1499 0.4614 -8.7961 1.0000	</row3>
				</transform>
			</node>
			<node>
				<identifier>	MP_RM289_Reel	</identifier>
				<transform>
					<row0>	-1.0000 0.0000 0.0000 0.0000	</row0>
					<row1>	0.0000 1.0000 0.0000 0.0000	</row1>
					<row2>	0.0000 0.0000 -1.0000 0.0000	</row2>
					<row3>	0.0000 0.4067 -5.7914 1.0000	</row3>
				</transform>
			</node>
			<node>
				<identifier>	MP_RM289_Reel_INDEX_1	</identifier>
				<transform>
					<row0>	-1.0000 0.0000 0.0000 0.0000	</row0>
					<row1>	0.0000 1.0000 0.0000 0.0000	</row1>
					<row2>	0.0000 0.0000 -1.0000 0.0000	</row2>
					<row3>	-0.1801 0.4067 -5.7914 1.0000	</row3>
				</transform>
			</node>
			<node>
				<identifier>	MP_RM289_Reel_INDEX_2	</identifier>
				<transform>
					<row0>	-1.0000 0.0000 0.0000 0.0000	</row0>
					<row1>	0.0000 1.0000 0.0000 0.0000	</row1>
					<row2>	0.0000 0.0000 -1.0000 0.0000	</row2>
					<row3>	0.1801 0.4067 -5.7914 1.0000	</row3>
				</transform>
			</node>
			<node>
				<identifier>	MP_RM290_Reel	</identifier>
				<transform>
					<row0>	1.0000 0.0000 0.0000 0.0000	</row0>
					<row1>	0.0000 1.0000 0.0000 0.0000	</row1>
					<row2>	0.0000 0.0000 1.0000 0.0000	</row2>
					<row3>	0.1171 0.4104 -5.9510 1.0000	</row3>
				</transform>
			</node>
			<node>
				<identifier>	MP_RM300_Winch_Provisions	</identifier>
				<transform>
					<row0>	0.0000 -0.0278 0.9996 0.0000	</row0>
					<row1>	0.0000 0.9996 0.0278 0.0000	</row1>
					<row2>	-1.0000 0.0000 0.0000 0.0000	</row2>
					<row3>	0.5952 0.4018 -5.5711 1.0000	</row3>
				</transform>
			</node>
			<node>
				<identifier>	MP_RM300_Winch_Provisions_INDEX_1	</identifier>
				<transform>
					<row0>	0.0000 0.0278 -0.9996 0.0000	</row0>
					<row1>	0.0000 0.9996 0.0278 0.0000	</row1>
					<row2>	1.0000 0.0000 0.0000 0.0000	</row2>
					<row3>	-0.5952 0.4018 -5.5711 1.0000	</row3>
				</transform>
			</node>
			<node>
				<identifier>	MP_RM311_Barrel_DV	</identifier>
				<transform>
					<row0>	-0.1322 0.0000 -0.9912 0.0000	</row0>
					<row1>	0.0000 1.0000 0.0000 0.0000	</row1>
					<row2>	0.9912 0.0000 -0.1322 0.0000	</row2>
					<row3>	0.5875 0.4453 -7.6056 1.0000	</row3>
				</transform>
			</node>
			<node>
				<identifier>	MP_RM311_Barrel_DV_INDEX_1	</identifier>
				<transform>
					<row0>	-0.1322 0.0000 0.9912 0.0000	</row0>
					<row1>	0.0000 1.0000 0.0000 0.0000	</row1>
					<row2>	-0.9912 0.0000 -0.1322 0.0000	</row2>
					<row3>	-0.5737 0.4469 -7.7078 1.0000	</row3>
				</transform>
			</node>
			<node>
				<identifier>	MP_RM311_Barrel_DV_INDEX_2	</identifier>
				<transform>
					<row0>	-0.1322 0.0000 -0.9912 0.0000	</row0>
					<row1>	0.0000 1.0000 0.0000 0.0000	</row1>
					<row2>	0.9912 0.0000 -0.1322 0.0000	</row2>
					<row3>	0.5737 0.4469 -7.7078 1.0000	</row3>
				</transform>
			</node>
			<node>
				<identifier>	MP_RM311_Barrel_DV_INDEX_3	</identifier>
				<transform>
					<row0>	-0.1322 0.0000 -0.9912 0.0000	</row0>
					<row1>	0.0000 1.0000 0.0000 0.0000	</row1>
					<row2>	0.9912 0.0000 -0.1322 0.0000	</row2>
					<row3>	0.6011 0.4439 -7.5034 1.0000	</row3>
				</transform>
			</node>
			<node>
				<identifier>	MP_RM311_Barrel_DV_INDEX_4	</identifier>
				<transform>
					<row0>	-0.1322 0.0000 0.9912 0.0000	</row0>
					<row1>	0.0000 1.0000 0.0000 0.0000	</row1>
					<row2>	-0.9912 0.0000 -0.1322 0.0000	</row2>
					<row3>	-0.6011 0.4439 -7.5034 1.0000	</row3>
				</transform>
			</node>
			<node>
				<identifier>	MP_RM311_Barrel_DV_INDEX_5	</identifier>
				<transform>
					<row0>	-0.1322 0.0000 0.9912 0.0000	</row0>
					<row1>	0.0000 1.0000 0.0000 0.0000	</row1>
					<row2>	-0.9912 0.0000 -0.1322 0.0000	</row2>
					<row3>	-0.5875 0.4453 -7.6056 1.0000	</row3>
				</transform>
			</node>
			<node>
				<identifier>	MP_RM317_Sbomb_ejector	</identifier>
				<transform>
					<row0>	0.1376 0.0000 0.9905 0.0000	</row0>
					<row1>	0.0000 1.0000 0.0000 0.0000	</row1>
					<row2>	-0.9905 0.0000 0.1376 0.0000	</row2>
					<row3>	0.5278 0.4554 -8.1208 1.0000	</row3>
				</transform>
			</node>
			<node>
				<identifier>	MP_RM317_Sbomb_ejector_INDEX_1	</identifier>
				<transform>
					<row0>	0.1324 0.0000 0.9912 0.0000	</row0>
					<row1>	0.0000 1.0000 0.0000 0.0000	</row1>
					<row2>	-0.9912 0.0000 0.1324 0.0000	</row2>
					<row3>	0.5615 0.4518 -7.8771 1.0000	</row3>
				</transform>
			</node>
			<node>
				<identifier>	MP_RM317_Sbomb_ejector_INDEX_10	</identifier>
				<transform>
					<row0>	0.1324 0.0000 0.9912 0.0000	</row0>
					<row1>	0.0000 1.0000 0.0000 0.0000	</row1>
					<row2>	-0.9912 0.0000 0.1324 0.0000	</row2>
					<row3>	0.5559 0.4524 -7.9176 1.0000	</row3>
				</transform>
			</node>
			<node>
				<identifier>	MP_RM317_Sbomb_ejector_INDEX_11	</identifier>
				<transform>
					<row0>	0.1376 0.0000 0.9905 0.0000	</row0>
					<row1>	0.0000 1.0000 0.0000 0.0000	</row1>
					<row2>	-0.9905 0.0000 0.1376 0.0000	</row2>
					<row3>	0.5335 0.4547 -8.0801 1.0000	</row3>
				</transform>
			</node>
			<node>
				<identifier>	MP_RM317_Sbomb_ejector_INDEX_12	</identifier>
				<transform>
					<row0>	0.1376 0.0000 -0.9905 0.0000	</row0>
					<row1>	0.0000 1.0000 0.0000 0.0000	</row1>
					<row2>	0.9905 0.0000 0.1376 0.0000	</row2>
					<row3>	-0.5278 0.4554 -8.1208 1.0000	</row3>
				</transform>
			</node>
			<node>
				<identifier>	MP_RM317_Sbomb_ejector_INDEX_13	</identifier>
				<transform>
					<row0>	0.1774 0.0000 0.9841 0.0000	</row0>
					<row1>	0.0000 1.0000 0.0000 0.0000	</row1>
					<row2>	-0.9841 0.0000 0.1774 0.0000	</row2>
					<row3>	0.5140 0.4562 -8.2011 1.0000	</row3>
				</transform>
			</node>
			<node>
				<identifier>	MP_RM317_Sbomb_ejector_INDEX_14	</identifier>
				<transform>
					<row0>	0.1290 0.0000 -0.9916 0.0000	</row0>
					<row1>	0.0000 1.0000 0.0000 0.0000	</row1>
					<row2>	0.9916 0.0000 0.1290 0.0000	</row2>
					<row3>	-0.5671 0.4511 -7.8359 1.0000	</row3>
				</transform>
			</node>
			<node>
				<identifier>	MP_RM317_Sbomb_ejector_INDEX_15	</identifier>
				<transform>
					<row0>	0.1324 0.0000 -0.9912 0.0000	</row0>
					<row1>	0.0000 1.0000 0.0000 0.0000	</row1>
					<row2>	0.9912 0.0000 0.1324 0.0000	</row2>
					<row3>	-0.5615 0.4518 -7.8771 1.0000	</row3>
				</transform>
			</node>
			<node>
				<identifier>	MP_RM317_Sbomb_ejector_INDEX_16	</identifier>
				<transform>
					<row0>	0.1376 0.0000 -0.9905 0.0000	</row0>
					<row1>	0.0000 1.0000 0.0000 0.0000	</row1>
					<row2>	0.9905 0.0000 0.1376 0.0000	</row2>
					<row3>	-0.5449 0.4536 -7.9980 1.0000	</row3>
				</transform>
			</node>
			<node>
				<identifier>	MP_RM317_Sbomb_ejector_INDEX_17	</identifier>
				<transform>
					<row0>	0.1376 0.0000 -0.9905 0.0000	</row0>
					<row1>	0.0000 1.0000 0.0000 0.0000	</row1>
					<row2>	0.9905 0.0000 0.1376 0.0000	</row2>
					<row3>	-0.5391 0.4542 -8.0396 1.0000	</row3>
				</transform>
			</node>
			<node>
				<identifier>	MP_RM317_Sbomb_ejector_INDEX_18	</identifier>
				<transform>
					<row0>	0.1376 0.0000 -0.9905 0.0000	</row0>
					<row1>	0.0000 1.0000 0.0000 0.0000	</row1>
					<row2>	0.9905 0.0000 0.1376 0.0000	</row2>
					<row3>	-0.5504 0.4529 -7.9582 1.0000	</row3>
				</transform>
			</node>
			<node>
				<identifier>	MP_RM317_Sbomb_ejector_INDEX_19	</identifier>
				<transform>
					<row0>	0.1376 0.0000 0.9905 0.0000	</row0>
					<row1>	0.0000 1.0000 0.0000 0.0000	</row1>
					<row2>	-0.9905 0.0000 0.1376 0.0000	</row2>
					<row3>	0.5504 0.4529 -7.9582 1.0000	</row3>
				</transform>
			</node>
			<node>
				<identifier>	MP_RM317_Sbomb_ejector_INDEX_2	</identifier>
				<transform>
					<row0>	0.1376 0.0000 0.9905 0.0000	</row0>
					<row1>	0.0000 1.0000 0.0000 0.0000	</row1>
					<row2>	-0.9905 0.0000 0.1376 0.0000	</row2>
					<row3>	0.5391 0.4542 -8.0396 1.0000	</row3>
				</transform>
			</node>
			<node>
				<identifier>	MP_RM317_Sbomb_ejector_INDEX_3	</identifier>
				<transform>
					<row0>	0.1290 0.0000 0.9916 0.0000	</row0>
					<row1>	0.0000 1.0000 0.0000 0.0000	</row1>
					<row2>	-0.9916 0.0000 0.1290 0.0000	</row2>
					<row3>	0.5671 0.4511 -7.8359 1.0000	</row3>
				</transform>
			</node>
			<node>
				<identifier>	MP_RM317_Sbomb_ejector_INDEX_4	</identifier>
				<transform>
					<row0>	0.1376 0.0000 -0.9905 0.0000	</row0>
					<row1>	0.0000 1.0000 0.0000 0.0000	</row1>
					<row2>	0.9905 0.0000 0.1376 0.0000	</row2>
					<row3>	-0.5335 0.4547 -8.0801 1.0000	</row3>
				</transform>
			</node>
			<node>
				<identifier>	MP_RM317_Sbomb_ejector_INDEX_5	</identifier>
				<transform>
					<row0>	0.1578 0.0000 -0.9875 0.0000	</row0>
					<row1>	0.0000 1.0000 0.0000 0.0000	</row1>
					<row2>	0.9875 0.0000 0.1578 0.0000	</row2>
					<row3>	-0.5213 0.4557 -8.1610 1.0000	</row3>
				</transform>
			</node>
			<node>
				<identifier>	MP_RM317_Sbomb_ejector_INDEX_6	</identifier>
				<transform>
					<row0>	0.1376 0.0000 0.9905 0.0000	</row0>
					<row1>	0.0000 1.0000 0.0000 0.0000	</row1>
					<row2>	-0.9905 0.0000 0.1376 0.0000	</row2>
					<row3>	0.5449 0.4536 -7.9980 1.0000	</row3>
				</transform>
			</node>
			<node>
				<identifier>	MP_RM317_Sbomb_ejector_INDEX_7	</identifier>
				<transform>
					<row0>	0.1774 0.0000 -0.9841 0.0000	</row0>
					<row1>	0.0000 1.0000 0.0000 0.0000	</row1>
					<row2>	0.9841 0.0000 0.1774 0.0000	</row2>
					<row3>	-0.5140 0.4562 -8.2011 1.0000	</row3>
				</transform>
			</node>
			<node>
				<identifier>	MP_RM317_Sbomb_ejector_INDEX_8	</identifier>
				<transform>
					<row0>	0.1324 0.0000 -0.9912 0.0000	</row0>
					<row1>	0.0000 1.0000 0.0000 0.0000	</row1>
					<row2>	0.9912 0.0000 0.1324 0.0000	</row2>
					<row3>	-0.5559 0.4524 -7.9176 1.0000	</row3>
				</transform>
			</node>
			<node>
				<identifier>	MP_RM317_Sbomb_ejector_INDEX_9	</identifier>
				<transform>
					<row0>	0.1578 0.0000 0.9875 0.0000	</row0>
					<row1>	0.0000 1.0000 0.0000 0.0000	</row1>
					<row2>	-0.9875 0.0000 0.1578 0.0000	</row2>
					<row3>	0.5213 0.4557 -8.1610 1.0000	</row3>
				</transform>
			</node>
			<node>
				<identifier>	SP_YMS002_YHBL_M_1_INDEX_1	</identifier>
				<transform>
					<row0>	0.9524 0.0000 0.3047 0.0000	</row0>
					<row1>	0.0000 1.0000 0.0000 0.0000	</row1>
					<row2>	-0.3047 0.0000 0.9524 0.0000	</row2>
					<row3>	-0.6973 0.4380 -6.3101 1.0000	</row3>
				</transform>
			</node>
			<node>
				<identifier>	SP_YMS003_YHBR_M_1_INDEX_1	</identifier>
				<transform>
					<row0>	0.9524 0.0000 -0.3047 0.0000	</row0>
					<row1>	0.0000 1.0000 0.0000 0.0000	</row1>
					<row2>	0.3047 0.0000 0.9524 0.0000	</row2>
					<row3>	0.6973 0.4380 -6.3101 1.0000	</row3>
				</transform>
			</node>
			<node>
				<identifier>	SP_YMS011_YHWL_M_1_INDEX_15	</identifier>
				<transform>
					<row0>	0.9554 0.2698 0.1197 0.0000	</row0>
					<row1>	-0.2672 0.9629 -0.0376 0.0000	</row1>
					<row2>	-0.1254 0.0039 0.9921 0.0000	</row2>
					<row3>	-0.7832 -0.0268 -5.7056 1.0000	</row3>
				</transform>
			</node>
			<node>
				<identifier>	SP_YMS011_YHWL_M_1_INDEX_16	</identifier>
				<transform>
					<row0>	0.9122 0.3862 0.1368 0.0000	</row0>
					<row1>	-0.3823 0.9224 -0.0548 0.0000	</row1>
					<row2>	-0.1474 -0.0023 0.9891 0.0000	</row2>
					<row3>	-0.6621 -0.0256 -6.5481 1.0000	</row3>
				</transform>
			</node>
			<node>
				<identifier>	SP_YMS011_YHWL_M_1_INDEX_17	</identifier>
				<transform>
					<row0>	0.8540 0.4963 0.1563 0.0000	</row0>
					<row1>	-0.4888 0.8682 -0.0860 0.0000	</row1>
					<row2>	-0.1784 -0.0029 0.9840 0.0000	</row2>
					<row3>	-0.5260 -0.0255 -7.3869 1.0000	</row3>
				</transform>
			</node>
			<node>
				<identifier>	SP_YMS012_YHWR_M_1_INDEX_15	</identifier>
				<transform>
					<row0>	0.9554 -0.2698 -0.1197 0.0000	</row0>
					<row1>	0.2672 0.9629 -0.0376 0.0000	</row1>
					<row2>	0.1254 0.0039 0.9921 0.0000	</row2>
					<row3>	0.7832 -0.0268 -5.7056 1.0000	</row3>
				</transform>
			</node>
			<node>
				<identifier>	SP_YMS012_YHWR_M_1_INDEX_16	</identifier>
				<transform>
					<row0>	0.9122 -0.3862 -0.1368 0.0000	</row0>
					<row1>	0.3823 0.9224 -0.0548 0.0000	</row1>
					<row2>	0.1474 -0.0023 0.9891 0.0000	</row2>
					<row3>	0.6621 -0.0256 -6.5481 1.0000	</row3>
				</transform>
			</node>
			<node>
				<identifier>	SP_YMS012_YHWR_M_1_INDEX_17	</identifier>
				<transform>
					<row0>	0.8540 -0.4963 -0.1563 0.0000	</row0>
					<row1>	0.4888 0.8682 -0.0860 0.0000	</row1>
					<row2>	0.1784 -0.0029 0.9840 0.0000	</row2>
					<row3>	0.5260 -0.0255 -7.3869 1.0000	</row3>
				</transform>
			</node>
			<node>
				<identifier>	SP_YMS023_YHUC_L_1	</identifier>
				<transform>
					<row0>	0.9949 -0.0853 -0.0532 0.0000	</row0>
					<row1>	0.0848 0.9963 -0.0116 0.0000	</row1>
					<row2>	0.0540 0.0070 0.9985 0.0000	</row2>
					<row3>	-0.6686 -0.4457 -6.1187 1.0000	</row3>
				</transform>
			</node>
			<node>
				<identifier>	SP_YMS023_YHUC_L_1_INDEX_1	</identifier>
				<transform>
					<row0>	0.9949 0.0853 0.0532 0.0000	</row0>
					<row1>	-0.0848 0.9963 -0.0116 0.0000	</row1>
					<row2>	-0.0540 0.0070 0.9985 0.0000	</row2>
					<row3>	0.6686 -0.4457 -6.1187 1.0000	</row3>
				</transform>
			</node>
			<node>
				<identifier>	SP_YMS023_YHUC_L_1_INDEX_2	</identifier>
				<transform>
					<row0>	0.9927 -0.1209 -0.0035 0.0000	</row0>
					<row1>	0.1209 0.9926 -0.0075 0.0000	</row1>
					<row2>	0.0044 0.0070 1.0000 0.0000	</row2>
					<row3>	-0.3025 -0.4438 -7.3225 1.0000	</row3>
				</transform>
			</node>
			<node>
				<identifier>	SP_YMS023_YHUC_L_1_INDEX_3	</identifier>
				<transform>
					<row0>	0.9927 0.1209 0.0035 0.0000	</row0>
					<row1>	-0.1209 0.9926 -0.0075 0.0000	</row1>
					<row2>	-0.0044 0.0070 1.0000 0.0000	</row2>
					<row3>	0.3025 -0.4438 -7.3225 1.0000	</row3>
				</transform>
			</node>
			<node>
				<identifier>	SP_YMS030_YHAM_M_1	</identifier>
				<transform>
					<row0>	0.8800 0.0000 0.0000 0.0000	</row0>
					<row1>	0.0000 0.8800 0.0000 0.0000	</row1>
					<row2>	0.0000 0.0000 0.8800 0.0000	</row2>
					<row3>	0.0000 0.4327 -9.1115 1.0000	</row3>
				</transform>
			</node>
			<node>
				<identifier>	SP_YMS031_YHAL_M_1	</identifier>
				<transform>
					<row0>	1.1924 0.2625 0.4464 0.0000	</row0>
					<row1>	-0.2513 1.2731 -0.0776 0.0000	</row1>
					<row2>	-0.4529 -0.0151 1.2185 0.0000	</row2>
					<row3>	-0.4002 0.3198 -8.7442 1.0000	</row3>
				</transform>
			</node>
			<node>
				<identifier>	SP_YMS032_YHAR_M_1	</identifier>
				<transform>
					<row0>	1.1924 -0.2625 -0.4464 0.0000	</row0>
					<row1>	0.2513 1.2731 -0.0776 0.0000	</row1>
					<row2>	0.4529 -0.0151 1.2185 0.0000	</row2>
					<row3>	0.4002 0.3198 -8.7442 1.0000	</row3>
				</transform>
			</node>
			<node>
				<identifier>	SP_YMS053_YHDC_S_1_INDEX_6	</identifier>
				<transform>
					<row0>	1.0000 0.0000 0.0000 0.0000	</row0>
					<row1>	0.0000 0.9999 0.0150 0.0000	</row1>
					<row2>	0.0000 -0.0150 0.9999 0.0000	</row2>
					<row3>	-0.5528 0.4134 -6.0894 1.0000	</row3>
				</transform>
			</node>
			<node>
				<identifier>	SP_YMS053_YHDC_S_1_INDEX_7	</identifier>
				<transform>
					<row0>	1.0000 0.0000 0.0000 0.0000	</row0>
					<row1>	0.0000 0.9999 0.0150 0.0000	</row1>
					<row2>	0.0000 -0.0150 0.9999 0.0000	</row2>
					<row3>	-0.4061 0.4293 -6.7696 1.0000	</row3>
				</transform>
			</node>
			<node>
				<identifier>	SP_YMS053_YHDC_S_1_INDEX_8	</identifier>
				<transform>
					<row0>	1.0000 0.0000 0.0000 0.0000	</row0>
					<row1>	0.0000 0.9999 0.0150 0.0000	</row1>
					<row2>	0.0000 -0.0150 0.9999 0.0000	</row2>
					<row3>	0.4061 0.4293 -6.7696 1.0000	</row3>
				</transform>
			</node>
			<node>
				<identifier>	SP_YMS053_YHDC_S_1_INDEX_9	</identifier>
				<transform>
					<row0>	1.0000 0.0000 0.0000 0.0000	</row0>
					<row1>	0.0000 0.9999 0.0150 0.0000	</row1>
					<row2>	0.0000 -0.0150 0.9999 0.0000	</row2>
					<row3>	0.5528 0.4134 -6.0894 1.0000	</row3>
				</transform>
			</node>
			<node>
				<identifier>	SP_YMS080_YHSL_M_1_INDEX_1	</identifier>
				<transform>
					<row0>	0.9141 0.3524 0.2004 0.0000	</row0>
					<row1>	-0.3553 0.9345 -0.0226 0.0000	</row1>
					<row2>	-0.1952 -0.0505 0.9795 0.0000	</row2>
					<row3>	-0.4778 0.1398 -8.0950 1.0000	</row3>
				</transform>
			</node>
			<node>
				<identifier>	SP_YMS081_YHSR_M_1_INDEX_1	</identifier>
				<transform>
					<row0>	0.9141 -0.3524 -0.2004 0.0000	</row0>
					<row1>	0.3553 0.9345 -0.0226 0.0000	</row1>
					<row2>	0.1952 -0.0505 0.9795 0.0000	</row2>
					<row3>	0.4778 0.1398 -8.0950 1.0000	</row3>
				</transform>
			</node>
		</node>
	</node>
	<boundingBox>
		<min>	-0.0667 -0.0667 -0.0667	</min>
		<max>	0.0667 0.0667 0.0667	</max>
	</boundingBox>
</RSC032_Stalingrad_1953_Stern_ports.visual>
