<SSC008_Asturias_1941_MidBack_ports.visual>
	<node>
		<identifier>	Scene Root	</identifier>
		<transform>
			<row0>	1.0000 0.0000 0.0000 0.0000	</row0>
			<row1>	0.0000 1.0000 0.0000 0.0000	</row1>
			<row2>	0.0000 0.0000 1.0000 0.0000	</row2>
			<row3>	0.0000 0.0000 0.0000 1.0000	</row3>
		</transform>
		<node>
			<identifier>	MidBack_ports	</identifier>
			<transform>
				<row0>	1.0000 0.0000 0.0000 0.0000	</row0>
				<row1>	0.0000 1.0000 0.0000 0.0000	</row1>
				<row2>	0.0000 0.0000 1.0000 0.0000	</row2>
				<row3>	0.0000 0.0000 0.0000 1.0000	</row3>
			</transform>
			<node>
				<identifier>	HP_FX_Fire_3	</identifier>
				<transform>
					<row0>	1.0000 0.0000 0.0000 0.0000	</row0>
					<row1>	0.0000 1.0000 0.0000 0.0000	</row1>
					<row2>	0.0000 0.0000 1.0000 0.0000	</row2>
					<row3>	0.0000 0.5095 -1.9145 1.0000	</row3>
				</transform>
			</node>
			<node>
				<identifier>	HP_FX_Fire_3_side_1	</identifier>
				<transform>
					<row0>	1.0000 0.0000 0.0000 0.0000	</row0>
					<row1>	0.0000 1.0000 0.0000 0.0000	</row1>
					<row2>	0.0000 0.0000 1.0000 0.0000	</row2>
					<row3>	0.5581 0.7058 -1.2410 1.0000	</row3>
				</transform>
			</node>
			<node>
				<identifier>	HP_FX_Fire_3_side_2	</identifier>
				<transform>
					<row0>	1.0000 0.0000 0.0000 0.0000	</row0>
					<row1>	0.0000 1.0000 0.0000 0.0000	</row1>
					<row2>	0.0000 0.0000 1.0000 0.0000	</row2>
					<row3>	-0.5336 0.3698 -3.2380 1.0000	</row3>
				</transform>
			</node>
			<node>
				<identifier>	HP_FX_FloodLight_left_2	</identifier>
				<transform>
					<row0>	-1.0000 0.0000 0.0000 0.0000	</row0>
					<row1>	0.0000 1.0000 0.0000 0.0000	</row1>
					<row2>	0.0000 0.0000 -1.0000 0.0000	</row2>
					<row3>	-0.3035 0.5082 -2.6549 1.0000	</row3>
				</transform>
			</node>
			<node>
				<identifier>	HP_FX_FloodLight_right_2	</identifier>
				<transform>
					<row0>	1.0000 0.0000 0.0000 0.0000	</row0>
					<row1>	0.0000 1.0000 0.0000 0.0000	</row1>
					<row2>	0.0000 0.0000 1.0000 0.0000	</row2>
					<row3>	0.3034 0.5085 -2.6544 1.0000	</row3>
				</transform>
			</node>
			<node>
				<identifier>	HP_FX_Flood_steam_3	</identifier>
				<transform>
					<row0>	1.0000 0.0000 0.0000 0.0000	</row0>
					<row1>	0.0000 0.8289 -0.5594 0.0000	</row1>
					<row2>	0.0000 0.5594 0.8289 0.0000	</row2>
					<row3>	0.0367 1.1003 -0.9027 1.0000	</row3>
				</transform>
			</node>
			<node>
				<identifier>	HP_FX_Flood_steam_right	</identifier>
				<transform>
					<row0>	1.0000 0.0000 0.0000 0.0000	</row0>
					<row1>	0.0000 1.0000 0.0000 0.0000	</row1>
					<row2>	0.0000 0.0000 1.0000 0.0000	</row2>
					<row3>	0.6417 0.3098 -3.6400 1.0000	</row3>
				</transform>
			</node>
			<node>
				<identifier>	HP_FX_RepairLight_right_2	</identifier>
				<transform>
					<row0>	-0.0758 0.0000 -0.9971 0.0000	</row0>
					<row1>	0.0684 0.9976 -0.0052 0.0000	</row1>
					<row2>	0.9948 -0.0686 -0.0756 0.0000	</row2>
					<row3>	0.6587 0.3631 -3.8028 1.0000	</row3>
				</transform>
			</node>
			<node>
				<identifier>	HP_FX_Smoke_2	</identifier>
				<transform>
					<row0>	1.0000 0.0000 0.0000 0.0000	</row0>
					<row1>	0.0000 0.9698 -0.2440 0.0000	</row1>
					<row2>	0.0000 0.2440 0.9698 0.0000	</row2>
					<row3>	0.0000 1.2812 -0.5821 1.0000	</row3>
				</transform>
			</node>
			<node>
				<identifier>	HP_SD_2	</identifier>
				<transform>
					<row0>	0.0000 0.0000 1.0000 0.0000	</row0>
					<row1>	0.0000 1.0000 0.0000 0.0000	</row1>
					<row2>	-1.0000 0.0000 0.0000 0.0000	</row2>
					<row3>	-0.2505 0.9941 -2.3004 1.0000	</row3>
				</transform>
			</node>
			<node>
				<identifier>	HP_SD_3	</identifier>
				<transform>
					<row0>	0.0000 0.0000 -1.0000 0.0000	</row0>
					<row1>	0.0000 1.0000 0.0000 0.0000	</row1>
					<row2>	1.0000 0.0000 0.0000 0.0000	</row2>
					<row3>	0.2505 0.9941 -2.3004 1.0000	</row3>
				</transform>
			</node>
			<node>
				<identifier>	HP_SD_4	</identifier>
				<transform>
					<row0>	-1.0000 0.0000 0.0000 0.0000	</row0>
					<row1>	0.0000 1.0000 0.0000 0.0000	</row1>
					<row2>	0.0000 0.0000 -1.0000 0.0000	</row2>
					<row3>	0.0000 1.1566 -2.5186 1.0000	</row3>
				</transform>
			</node>
			<node>
				<identifier>	HP_SGA_11	</identifier>
				<transform>
					<row0>	0.0000 0.0000 1.0000 0.0000	</row0>
					<row1>	0.0000 1.0000 0.0000 0.0000	</row1>
					<row2>	-1.0000 0.0000 0.0000 0.0000	</row2>
					<row3>	-0.2972 0.6917 -0.3787 1.0000	</row3>
				</transform>
			</node>
			<node>
				<identifier>	HP_SGA_12	</identifier>
				<transform>
					<row0>	0.0000 0.0000 -1.0000 0.0000	</row0>
					<row1>	0.0000 1.0000 0.0000 0.0000	</row1>
					<row2>	1.0000 0.0000 0.0000 0.0000	</row2>
					<row3>	0.2972 0.6917 -0.3787 1.0000	</row3>
				</transform>
			</node>
			<node>
				<identifier>	HP_SGA_13	</identifier>
				<transform>
					<row0>	0.0000 0.0000 1.0000 0.0000	</row0>
					<row1>	0.0000 1.0000 0.0000 0.0000	</row1>
					<row2>	-1.0000 0.0000 0.0000 0.0000	</row2>
					<row3>	-0.2940 1.1171 -0.4388 1.0000	</row3>
				</transform>
			</node>
			<node>
				<identifier>	HP_SGA_14	</identifier>
				<transform>
					<row0>	0.0000 0.0000 -1.0000 0.0000	</row0>
					<row1>	0.0000 1.0000 0.0000 0.0000	</row1>
					<row2>	1.0000 0.0000 0.0000 0.0000	</row2>
					<row3>	0.2940 1.1171 -0.4388 1.0000	</row3>
				</transform>
			</node>
			<node>
				<identifier>	HP_SGA_15	</identifier>
				<transform>
					<row0>	-0.7071 0.0000 0.7071 0.0000	</row0>
					<row1>	0.0000 1.0000 0.0000 0.0000	</row1>
					<row2>	-0.7071 0.0000 -0.7071 0.0000	</row2>
					<row3>	-0.2161 0.6917 -0.9788 1.0000	</row3>
				</transform>
			</node>
			<node>
				<identifier>	HP_SGA_16	</identifier>
				<transform>
					<row0>	-0.7071 0.0000 -0.7071 0.0000	</row0>
					<row1>	0.0000 1.0000 0.0000 0.0000	</row1>
					<row2>	0.7071 0.0000 -0.7071 0.0000	</row2>
					<row3>	0.2161 0.6917 -0.9788 1.0000	</row3>
				</transform>
			</node>
			<node>
				<identifier>	HP_SGA_17	</identifier>
				<transform>
					<row0>	-0.7071 0.0000 0.7071 0.0000	</row0>
					<row1>	0.0000 1.0000 0.0000 0.0000	</row1>
					<row2>	-0.7071 0.0000 -0.7071 0.0000	</row2>
					<row3>	-0.2464 0.5304 -2.4711 1.0000	</row3>
				</transform>
			</node>
			<node>
				<identifier>	HP_SGA_18	</identifier>
				<transform>
					<row0>	-0.7071 0.0000 -0.7071 0.0000	</row0>
					<row1>	0.0000 1.0000 0.0000 0.0000	</row1>
					<row2>	0.7071 0.0000 -0.7071 0.0000	</row2>
					<row3>	0.2464 0.5304 -2.4711 1.0000	</row3>
				</transform>
			</node>
			<node>
				<identifier>	HP_SGM_3	</identifier>
				<transform>
					<row0>	-1.0000 0.0000 0.0000 0.0000	</row0>
					<row1>	0.0000 1.0000 0.0000 0.0000	</row1>
					<row2>	0.0000 0.0000 -1.0000 0.0000	</row2>
					<row3>	0.0000 0.6161 -3.1103 1.0000	</row3>
				</transform>
			</node>
			<node>
				<identifier>	HP_SGM_4	</identifier>
				<transform>
					<row0>	-1.0000 0.0000 0.0000 0.0000	</row0>
					<row1>	0.0000 1.0000 0.0000 0.0000	</row1>
					<row2>	0.0000 0.0000 -1.0000 0.0000	</row2>
					<row3>	0.0000 0.4212 -3.7096 1.0000	</row3>
				</transform>
			</node>
			<node>
				<identifier>	HP_SGS_3	</identifier>
				<transform>
					<row0>	-1.0000 0.0000 0.0000 0.0000	</row0>
					<row1>	0.0000 1.0000 0.0000 0.0000	</row1>
					<row2>	0.0000 0.0000 -1.0000 0.0000	</row2>
					<row3>	-0.5399 0.3667 -2.3005 1.0000	</row3>
				</transform>
			</node>
			<node>
				<identifier>	HP_SGS_4	</identifier>
				<transform>
					<row0>	-1.0000 0.0000 0.0000 0.0000	</row0>
					<row1>	0.0000 1.0000 0.0000 0.0000	</row1>
					<row2>	0.0000 0.0000 -1.0000 0.0000	</row2>
					<row3>	0.5399 0.3667 -2.3005 1.0000	</row3>
				</transform>
			</node>
			<node>
				<identifier>	HP_SGT_1	</identifier>
				<transform>
					<row0>	1.0000 0.0000 0.0000 0.0000	</row0>
					<row1>	0.0000 1.0000 0.0000 0.0000	</row1>
					<row2>	0.0000 0.0000 1.0000 0.0000	</row2>
					<row3>	-0.5981 0.3636 -0.8378 1.0000	</row3>
				</transform>
			</node>
			<node>
				<identifier>	HP_SGT_2	</identifier>
				<transform>
					<row0>	1.0000 0.0000 0.0000 0.0000	</row0>
					<row1>	0.0000 1.0000 0.0000 0.0000	</row1>
					<row2>	0.0000 0.0000 1.0000 0.0000	</row2>
					<row3>	0.5981 0.3636 -0.8378 1.0000	</row3>
				</transform>
			</node>
			<node>
				<identifier>	HP_Ship_death_3	</identifier>
				<transform>
					<row0>	1.0000 0.0000 0.0000 0.0000	</row0>
					<row1>	0.0000 1.0000 0.0000 0.0000	</row1>
					<row2>	0.0000 0.0000 1.0000 0.0000	</row2>
					<row3>	0.0000 0.0000 -4.4477 1.0000	</row3>
				</transform>
			</node>
			<node>
				<identifier>	HP_flag_nation	</identifier>
				<transform>
					<row0>	0.9986 -0.0533 0.0059 0.0000	</row0>
					<row1>	0.0533 0.9742 -0.2191 0.0000	</row1>
					<row2>	0.0059 0.2191 0.9757 0.0000	</row2>
					<row3>	-0.0003 1.8318 -2.2982 1.0000	</row3>
				</transform>
			</node>
			<node>
				<identifier>	MP_CM011_Fire_Fighting_Gear	</identifier>
				<transform>
					<row0>	0.0000 0.0000 1.0000 0.0000	</row0>
					<row1>	0.0000 1.0000 0.0000 0.0000	</row1>
					<row2>	-1.0000 0.0000 0.0000 0.0000	</row2>
					<row3>	0.2339 0.3817 -3.7124 1.0000	</row3>
				</transform>
			</node>
			<node>
				<identifier>	MP_CM011_Fire_Fighting_Gear_INDEX_1	</identifier>
				<transform>
					<row0>	0.0000 0.0000 -1.0000 0.0000	</row0>
					<row1>	0.0000 1.0000 0.0000 0.0000	</row1>
					<row2>	1.0000 0.0000 0.0000 0.0000	</row2>
					<row3>	-0.2339 0.3817 -3.7124 1.0000	</row3>
				</transform>
			</node>
			<node>
				<identifier>	MP_CM011_Fire_Fighting_Gear_INDEX_2	</identifier>
				<transform>
					<row0>	0.0000 0.0000 -1.0000 0.0000	</row0>
					<row1>	0.0000 1.0000 0.0000 0.0000	</row1>
					<row2>	1.0000 0.0000 0.0000 0.0000	</row2>
					<row3>	-0.3105 0.3804 -2.1530 1.0000	</row3>
				</transform>
			</node>
			<node>
				<identifier>	MP_CM011_Fire_Fighting_Gear_INDEX_3	</identifier>
				<transform>
					<row0>	0.0000 0.0000 1.0000 0.0000	</row0>
					<row1>	0.0000 1.0000 0.0000 0.0000	</row1>
					<row2>	-1.0000 0.0000 0.0000 0.0000	</row2>
					<row3>	0.3105 0.3804 -2.1530 1.0000	</row3>
				</transform>
			</node>
			<node>
				<identifier>	MP_CM011_Fire_Fighting_Gear_INDEX_4	</identifier>
				<transform>
					<row0>	0.0000 0.0000 1.0000 0.0000	</row0>
					<row1>	0.0000 1.0000 0.0000 0.0000	</row1>
					<row2>	-1.0000 0.0000 0.0000 0.0000	</row2>
					<row3>	0.3105 0.3804 -0.5323 1.0000	</row3>
				</transform>
			</node>
			<node>
				<identifier>	MP_CM011_Fire_Fighting_Gear_INDEX_5	</identifier>
				<transform>
					<row0>	0.0000 0.0000 -1.0000 0.0000	</row0>
					<row1>	0.0000 1.0000 0.0000 0.0000	</row1>
					<row2>	1.0000 0.0000 0.0000 0.0000	</row2>
					<row3>	-0.3105 0.3804 -0.5323 1.0000	</row3>
				</transform>
			</node>
			<node>
				<identifier>	MP_CM011_Fire_Fighting_Gear_INDEX_6	</identifier>
				<transform>
					<row0>	1.0000 0.0000 0.0000 0.0000	</row0>
					<row1>	0.0000 1.0000 0.0000 0.0000	</row1>
					<row2>	0.0000 0.0000 1.0000 0.0000	</row2>
					<row3>	0.0183 0.5312 -2.6498 1.0000	</row3>
				</transform>
			</node>
			<node>
				<identifier>	MP_CM011_Fire_Fighting_Gear_INDEX_7	</identifier>
				<transform>
					<row0>	0.0000 0.0000 -1.0000 0.0000	</row0>
					<row1>	0.0000 1.0000 0.0000 0.0000	</row1>
					<row2>	1.0000 0.0000 0.0000 0.0000	</row2>
					<row3>	-0.1357 0.5312 -2.1436 1.0000	</row3>
				</transform>
			</node>
			<node>
				<identifier>	MP_CM011_Fire_Fighting_Gear_INDEX_8	</identifier>
				<transform>
					<row0>	0.7071 0.0000 0.7071 0.0000	</row0>
					<row1>	0.0000 1.0000 0.0000 0.0000	</row1>
					<row2>	-0.7071 0.0000 0.7071 0.0000	</row2>
					<row3>	0.1580 0.5312 -1.0598 1.0000	</row3>
				</transform>
			</node>
			<node>
				<identifier>	MP_CM011_Fire_Fighting_Gear_INDEX_9	</identifier>
				<transform>
					<row0>	1.0000 0.0000 0.0000 0.0000	</row0>
					<row1>	0.0000 1.0000 0.0000 0.0000	</row1>
					<row2>	0.0000 0.0000 1.0000 0.0000	</row2>
					<row3>	-0.0096 0.6880 -0.9897 1.0000	</row3>
				</transform>
			</node>
			<node>
				<identifier>	MP_CM013_Fire_Hose_Rack_2	</identifier>
				<transform>
					<row0>	-0.9908 0.0000 0.1353 0.0000	</row0>
					<row1>	0.0000 1.0000 0.0000 0.0000	</row1>
					<row2>	-0.1353 0.0000 -0.9908 0.0000	</row2>
					<row3>	0.2123 0.3993 -3.7395 1.0000	</row3>
				</transform>
			</node>
			<node>
				<identifier>	MP_CM013_Fire_Hose_Rack_2_INDEX_1	</identifier>
				<transform>
					<row0>	0.9919 0.0000 0.1267 0.0000	</row0>
					<row1>	0.0000 1.0000 0.0000 0.0000	</row1>
					<row2>	-0.1267 0.0000 0.9919 0.0000	</row2>
					<row3>	-0.2123 0.3993 -3.7395 1.0000	</row3>
				</transform>
			</node>
			<node>
				<identifier>	MP_CM013_Fire_Hose_Rack_2_INDEX_10	</identifier>
				<transform>
					<row0>	0.3400 -0.4639 -0.8181 0.0000	</row0>
					<row1>	0.1490 0.8855 -0.4401 0.0000	</row1>
					<row2>	0.9286 0.0277 0.3701 0.0000	</row2>
					<row3>	-0.0583 0.7396 -0.2451 1.0000	</row3>
				</transform>
			</node>
			<node>
				<identifier>	MP_CM013_Fire_Hose_Rack_2_INDEX_2	</identifier>
				<transform>
					<row0>	-1.0000 0.0000 0.0000 0.0000	</row0>
					<row1>	0.0000 1.0000 0.0000 0.0000	</row1>
					<row2>	0.0000 0.0000 -1.0000 0.0000	</row2>
					<row3>	0.2982 0.4510 -2.2824 1.0000	</row3>
				</transform>
			</node>
			<node>
				<identifier>	MP_CM013_Fire_Hose_Rack_2_INDEX_3	</identifier>
				<transform>
					<row0>	1.0000 0.0000 0.0000 0.0000	</row0>
					<row1>	0.0000 1.0000 0.0000 0.0000	</row1>
					<row2>	0.0000 0.0000 1.0000 0.0000	</row2>
					<row3>	-0.2982 0.4510 -2.2824 1.0000	</row3>
				</transform>
			</node>
			<node>
				<identifier>	MP_CM013_Fire_Hose_Rack_2_INDEX_4	</identifier>
				<transform>
					<row0>	-1.0000 0.0000 0.0000 0.0000	</row0>
					<row1>	0.0000 1.0000 0.0000 0.0000	</row1>
					<row2>	0.0000 0.0000 -1.0000 0.0000	</row2>
					<row3>	0.2982 0.4510 -0.3357 1.0000	</row3>
				</transform>
			</node>
			<node>
				<identifier>	MP_CM013_Fire_Hose_Rack_2_INDEX_5	</identifier>
				<transform>
					<row0>	1.0000 0.0000 0.0000 0.0000	</row0>
					<row1>	0.0000 1.0000 0.0000 0.0000	</row1>
					<row2>	0.0000 0.0000 1.0000 0.0000	</row2>
					<row3>	-0.2982 0.4510 -0.3357 1.0000	</row3>
				</transform>
			</node>
			<node>
				<identifier>	MP_CM013_Fire_Hose_Rack_2_INDEX_6	</identifier>
				<transform>
					<row0>	-0.1954 0.0000 0.9807 0.0000	</row0>
					<row1>	0.0000 1.0000 0.0000 0.0000	</row1>
					<row2>	-0.9807 0.0000 -0.1954 0.0000	</row2>
					<row3>	0.0244 0.6097 -2.6349 1.0000	</row3>
				</transform>
			</node>
			<node>
				<identifier>	MP_CM013_Fire_Hose_Rack_2_INDEX_7	</identifier>
				<transform>
					<row0>	1.0000 0.0000 0.0000 0.0000	</row0>
					<row1>	0.0000 1.0000 0.0000 0.0000	</row1>
					<row2>	0.0000 0.0000 1.0000 0.0000	</row2>
					<row3>	-0.1210 0.6097 -2.1795 1.0000	</row3>
				</transform>
			</node>
			<node>
				<identifier>	MP_CM013_Fire_Hose_Rack_2_INDEX_8	</identifier>
				<transform>
					<row0>	-0.6118 0.0000 0.7910 0.0000	</row0>
					<row1>	0.0000 1.0000 0.0000 0.0000	</row1>
					<row2>	-0.7910 0.0000 -0.6118 0.0000	</row2>
					<row3>	0.1352 0.6097 -1.0580 1.0000	</row3>
				</transform>
			</node>
			<node>
				<identifier>	MP_CM013_Fire_Hose_Rack_2_INDEX_9	</identifier>
				<transform>
					<row0>	0.4169 -0.4630 0.7822 0.0000	</row0>
					<row1>	0.0848 0.8766 0.4737 0.0000	</row1>
					<row2>	-0.9050 -0.1311 0.4047 0.0000	</row2>
					<row3>	-0.0461 0.7238 -0.9439 1.0000	</row3>
				</transform>
			</node>
			<node>
				<identifier>	MP_CM029_Emergency_Box	</identifier>
				<transform>
					<row0>	0.0000 0.0000 1.0000 0.0000	</row0>
					<row1>	0.0000 1.0000 0.0000 0.0000	</row1>
					<row2>	-1.0000 0.0000 0.0000 0.0000	</row2>
					<row3>	0.3039 0.4369 -2.4360 1.0000	</row3>
				</transform>
			</node>
			<node>
				<identifier>	MP_CM029_Emergency_Box_INDEX_1	</identifier>
				<transform>
					<row0>	0.0000 0.0000 -1.0000 0.0000	</row0>
					<row1>	0.0000 1.0000 0.0000 0.0000	</row1>
					<row2>	1.0000 0.0000 0.0000 0.0000	</row2>
					<row3>	-0.3039 0.4369 -2.4360 1.0000	</row3>
				</transform>
			</node>
			<node>
				<identifier>	MP_CM029_Emergency_Box_INDEX_2	</identifier>
				<transform>
					<row0>	0.0000 0.0000 1.0000 0.0000	</row0>
					<row1>	0.0000 1.0000 0.0000 0.0000	</row1>
					<row2>	-1.0000 0.0000 0.0000 0.0000	</row2>
					<row3>	0.3039 0.4369 -0.9604 1.0000	</row3>
				</transform>
			</node>
			<node>
				<identifier>	MP_CM029_Emergency_Box_INDEX_3	</identifier>
				<transform>
					<row0>	0.0000 0.0000 -1.0000 0.0000	</row0>
					<row1>	0.0000 1.0000 0.0000 0.0000	</row1>
					<row2>	1.0000 0.0000 0.0000 0.0000	</row2>
					<row3>	-0.3039 0.4369 -0.9604 1.0000	</row3>
				</transform>
			</node>
			<node>
				<identifier>	MP_CM029_Emergency_Box_INDEX_4	</identifier>
				<transform>
					<row0>	0.0000 0.0000 -1.0000 0.0000	</row0>
					<row1>	0.0000 1.0000 0.0000 0.0000	</row1>
					<row2>	1.0000 0.0000 0.0000 0.0000	</row2>
					<row3>	-0.1733 0.7542 -0.5242 1.0000	</row3>
				</transform>
			</node>
			<node>
				<identifier>	MP_CM029_Emergency_Box_INDEX_5	</identifier>
				<transform>
					<row0>	0.0000 0.0000 1.0000 0.0000	</row0>
					<row1>	0.0000 1.0000 0.0000 0.0000	</row1>
					<row2>	-1.0000 0.0000 0.0000 0.0000	</row2>
					<row3>	0.1733 0.7542 -0.5242 1.0000	</row3>
				</transform>
			</node>
			<node>
				<identifier>	MP_CM029_Emergency_Box_INDEX_6	</identifier>
				<transform>
					<row0>	0.9582 0.0000 -0.2860 0.0000	</row0>
					<row1>	0.0000 1.0000 0.0000 0.0000	</row1>
					<row2>	0.2860 0.0000 0.9582 0.0000	</row2>
					<row3>	0.0945 1.0018 -2.1217 1.0000	</row3>
				</transform>
			</node>
			<node>
				<identifier>	MP_CM029_Emergency_Box_INDEX_7	</identifier>
				<transform>
					<row0>	-0.3749 0.0000 0.9271 0.0000	</row0>
					<row1>	0.0000 1.0000 0.0000 0.0000	</row1>
					<row2>	-0.9271 0.0000 -0.3749 0.0000	</row2>
					<row3>	0.1522 1.1714 -0.4347 1.0000	</row3>
				</transform>
			</node>
			<node>
				<identifier>	MP_CM029_Emergency_Box_INDEX_8	</identifier>
				<transform>
					<row0>	-0.3749 0.0000 -0.9271 0.0000	</row0>
					<row1>	0.0000 1.0000 0.0000 0.0000	</row1>
					<row2>	0.9271 0.0000 -0.3749 0.0000	</row2>
					<row3>	-0.1522 1.1714 -0.4347 1.0000	</row3>
				</transform>
			</node>
			<node>
				<identifier>	MP_CM029_Emergency_Box_INDEX_9	</identifier>
				<transform>
					<row0>	0.8889 0.0000 0.4581 0.0000	</row0>
					<row1>	-0.2157 0.8822 0.4185 0.0000	</row1>
					<row2>	-0.4041 -0.4709 0.7842 0.0000	</row2>
					<row3>	0.0497 0.7542 -0.9322 1.0000	</row3>
				</transform>
			</node>
			<node>
				<identifier>	MP_CM052_Fender	</identifier>
				<transform>
					<row0>	-0.1835 0.0000 -0.9830 0.0000	</row0>
					<row1>	0.0000 1.0000 0.0000 0.0000	</row1>
					<row2>	0.9830 0.0000 -0.1835 0.0000	</row2>
					<row3>	0.3045 0.3774 -2.9119 1.0000	</row3>
				</transform>
			</node>
			<node>
				<identifier>	MP_CM052_Fender_INDEX_1	</identifier>
				<transform>
					<row0>	-0.1835 0.0000 0.9830 0.0000	</row0>
					<row1>	0.0000 1.0000 0.0000 0.0000	</row1>
					<row2>	-0.9830 0.0000 -0.1835 0.0000	</row2>
					<row3>	-0.3084 0.3774 -2.8905 1.0000	</row3>
				</transform>
			</node>
			<node>
				<identifier>	MP_CM082_Rope	</identifier>
				<transform>
					<row0>	0.0798 0.0000 -0.7960 0.0000	</row0>
					<row1>	0.0000 0.8000 0.0000 0.0000	</row1>
					<row2>	0.7960 0.0000 0.0798 0.0000	</row2>
					<row3>	-0.0443 1.0193 -2.1148 1.0000	</row3>
				</transform>
			</node>
			<node>
				<identifier>	MP_CM088_Swab_Rack	</identifier>
				<transform>
					<row0>	0.0000 0.0000 -1.0000 0.0000	</row0>
					<row1>	0.0000 1.0000 0.0000 0.0000	</row1>
					<row2>	1.0000 0.0000 0.0000 0.0000	</row2>
					<row3>	0.1207 0.5270 -2.2403 1.0000	</row3>
				</transform>
			</node>
			<node>
				<identifier>	MP_CM088_Swab_Rack_INDEX_1	</identifier>
				<transform>
					<row0>	0.0000 0.0000 1.0000 0.0000	</row0>
					<row1>	0.0000 1.0000 0.0000 0.0000	</row1>
					<row2>	-1.0000 0.0000 0.0000 0.0000	</row2>
					<row3>	-0.1207 0.5270 -2.2794 1.0000	</row3>
				</transform>
			</node>
			<node>
				<identifier>	MP_CM112_Fire_Extinguisher	</identifier>
				<transform>
					<row0>	0.5776 0.0000 -0.8163 0.0000	</row0>
					<row1>	0.0000 1.0000 0.0000 0.0000	</row1>
					<row2>	0.8163 0.0000 0.5776 0.0000	</row2>
					<row3>	-0.0626 1.0067 -2.4064 1.0000	</row3>
				</transform>
			</node>
			<node>
				<identifier>	MP_CM112_Fire_Extinguisher_INDEX_1	</identifier>
				<transform>
					<row0>	0.9987 0.0000 -0.0504 0.0000	</row0>
					<row1>	0.0000 1.0000 0.0000 0.0000	</row1>
					<row2>	0.0504 0.0000 0.9987 0.0000	</row2>
					<row3>	-0.1646 1.1779 -0.4640 1.0000	</row3>
				</transform>
			</node>
			<node>
				<identifier>	MP_CM112_Fire_Extinguisher_INDEX_2	</identifier>
				<transform>
					<row0>	0.9987 0.0000 0.0504 0.0000	</row0>
					<row1>	0.0000 1.0000 0.0000 0.0000	</row1>
					<row2>	-0.0504 0.0000 0.9987 0.0000	</row2>
					<row3>	0.1646 1.1779 -0.4640 1.0000	</row3>
				</transform>
			</node>
			<node>
				<identifier>	MP_CM126_Cleat	</identifier>
				<transform>
					<row0>	-0.9984 0.0336 0.0447 0.0000	</row0>
					<row1>	0.0336 0.9994 -0.0006 0.0000	</row1>
					<row2>	-0.0447 0.0009 -0.9990 0.0000	</row2>
					<row3>	0.6151 0.3662 -4.0592 1.0000	</row3>
				</transform>
			</node>
			<node>
				<identifier>	MP_CM126_Cleat_INDEX_1	</identifier>
				<transform>
					<row0>	-0.9984 -0.0336 -0.0447 0.0000	</row0>
					<row1>	-0.0336 0.9994 -0.0006 0.0000	</row1>
					<row2>	0.0447 0.0009 -0.9990 0.0000	</row2>
					<row3>	-0.6151 0.3662 -4.0592 1.0000	</row3>
				</transform>
			</node>
			<node>
				<identifier>	MP_SM009_Voice_Tube	</identifier>
				<transform>
					<row0>	0.9869 0.0000 0.1612 0.0000	</row0>
					<row1>	0.0000 1.0000 0.0000 0.0000	</row1>
					<row2>	-0.1612 0.0000 0.9869 0.0000	</row2>
					<row3>	0.1178 0.9570 -2.1315 1.0000	</row3>
				</transform>
			</node>
			<node>
				<identifier>	MP_SM009_Voice_Tube_INDEX_1	</identifier>
				<transform>
					<row0>	0.0000 0.0000 1.0000 0.0000	</row0>
					<row1>	0.0000 1.0000 0.0000 0.0000	</row1>
					<row2>	-1.0000 0.0000 0.0000 0.0000	</row2>
					<row3>	0.1630 1.1154 -0.4891 1.0000	</row3>
				</transform>
			</node>
			<node>
				<identifier>	MP_SM009_Voice_Tube_INDEX_2	</identifier>
				<transform>
					<row0>	0.0000 0.0000 -1.0000 0.0000	</row0>
					<row1>	0.0000 1.0000 0.0000 0.0000	</row1>
					<row2>	1.0000 0.0000 0.0000 0.0000	</row2>
					<row3>	-0.1630 1.1154 -0.4891 1.0000	</row3>
				</transform>
			</node>
			<node>
				<identifier>	MP_SM009_Voice_Tube_INDEX_3	</identifier>
				<transform>
					<row0>	0.9869 0.0000 -0.1612 0.0000	</row0>
					<row1>	0.0000 1.0000 0.0000 0.0000	</row1>
					<row2>	0.1612 0.0000 0.9869 0.0000	</row2>
					<row3>	-0.1178 0.9570 -2.1315 1.0000	</row3>
				</transform>
			</node>
			<node>
				<identifier>	MP_SM009_Voice_Tube_INDEX_4	</identifier>
				<transform>
					<row0>	-1.0000 0.0000 0.0000 0.0000	</row0>
					<row1>	0.0000 1.0000 0.0000 0.0000	</row1>
					<row2>	0.0000 0.0000 -1.0000 0.0000	</row2>
					<row3>	0.1033 0.9570 -2.4189 1.0000	</row3>
				</transform>
			</node>
			<node>
				<identifier>	MP_SM009_Voice_Tube_INDEX_5	</identifier>
				<transform>
					<row0>	-0.9471 0.0000 -0.3209 0.0000	</row0>
					<row1>	0.0000 1.0000 0.0000 0.0000	</row1>
					<row2>	0.3209 0.0000 -0.9471 0.0000	</row2>
					<row3>	-0.0766 0.9570 -2.4165 1.0000	</row3>
				</transform>
			</node>
			<node>
				<identifier>	MP_SM015_Life_Buoy	</identifier>
				<transform>
					<row0>	0.0651 0.0000 0.9979 0.0000	</row0>
					<row1>	0.0000 1.0000 0.0000 0.0000	</row1>
					<row2>	-0.9979 0.0000 0.0651 0.0000	</row2>
					<row3>	0.6082 0.4327 -4.2194 1.0000	</row3>
				</transform>
			</node>
			<node>
				<identifier>	MP_SM015_Life_Buoy_INDEX_1	</identifier>
				<transform>
					<row0>	0.0651 0.0000 -0.9979 0.0000	</row0>
					<row1>	0.0000 1.0000 0.0000 0.0000	</row1>
					<row2>	0.9979 0.0000 0.0651 0.0000	</row2>
					<row3>	-0.6082 0.4327 -4.2194 1.0000	</row3>
				</transform>
			</node>
			<node>
				<identifier>	MP_SM016_Reels	</identifier>
				<transform>
					<row0>	0.9998 -0.0183 0.0000 0.0000	</row0>
					<row1>	0.0183 0.9998 0.0000 0.0000	</row1>
					<row2>	0.0000 0.0000 1.0000 0.0000	</row2>
					<row3>	0.2457 0.3780 -4.1012 1.0000	</row3>
				</transform>
			</node>
			<node>
				<identifier>	MP_SM016_Reels_INDEX_1	</identifier>
				<transform>
					<row0>	0.3300 -0.0107 0.3754 0.0000	</row0>
					<row1>	0.0162 0.4997 0.0000 0.0000	</row1>
					<row2>	-0.3753 0.0122 0.3302 0.0000	</row2>
					<row3>	0.4475 0.3720 -4.1835 1.0000	</row3>
				</transform>
			</node>
			<node>
				<identifier>	MP_SM016_Reels_INDEX_2	</identifier>
				<transform>
					<row0>	0.4004 -0.0075 0.5741 0.0000	</row0>
					<row1>	0.0130 0.6999 0.0000 0.0000	</row1>
					<row2>	-0.5740 0.0107 0.4005 0.0000	</row2>
					<row3>	0.2170 0.3789 -3.8610 1.0000	</row3>
				</transform>
			</node>
			<node>
				<identifier>	MP_SM016_Reels_INDEX_3	</identifier>
				<transform>
					<row0>	0.3480 -0.0055 0.9375 0.0000	</row0>
					<row1>	0.0157 0.9999 0.0000 0.0000	</row1>
					<row2>	-0.9373 0.0147 0.3481 0.0000	</row2>
					<row3>	0.2407 0.3785 -3.2008 1.0000	</row3>
				</transform>
			</node>
			<node>
				<identifier>	MP_SM016_Reels_INDEX_4	</identifier>
				<transform>
					<row0>	0.3300 0.0107 -0.3754 0.0000	</row0>
					<row1>	-0.0162 0.4997 0.0000 0.0000	</row1>
					<row2>	0.3753 0.0122 0.3302 0.0000	</row2>
					<row3>	-0.4475 0.3720 -4.1835 1.0000	</row3>
				</transform>
			</node>
			<node>
				<identifier>	MP_SM016_Reels_INDEX_5	</identifier>
				<transform>
					<row0>	0.9998 0.0183 0.0000 0.0000	</row0>
					<row1>	-0.0183 0.9998 0.0000 0.0000	</row1>
					<row2>	0.0000 0.0000 1.0000 0.0000	</row2>
					<row3>	-0.2457 0.3780 -4.1012 1.0000	</row3>
				</transform>
			</node>
			<node>
				<identifier>	MP_SM016_Reels_INDEX_6	</identifier>
				<transform>
					<row0>	0.3480 0.0055 -0.9375 0.0000	</row0>
					<row1>	-0.0157 0.9999 0.0000 0.0000	</row1>
					<row2>	0.9373 0.0147 0.3481 0.0000	</row2>
					<row3>	-0.2407 0.3785 -3.2008 1.0000	</row3>
				</transform>
			</node>
			<node>
				<identifier>	MP_SM016_Reels_INDEX_7	</identifier>
				<transform>
					<row0>	0.4004 0.0075 -0.5741 0.0000	</row0>
					<row1>	-0.0130 0.6999 0.0000 0.0000	</row1>
					<row2>	0.5740 0.0107 0.4005 0.0000	</row2>
					<row3>	-0.2170 0.3789 -3.8610 1.0000	</row3>
				</transform>
			</node>
			<node>
				<identifier>	MP_SM019_Telephone	</identifier>
				<transform>
					<row0>	-0.7553 0.0000 -0.6554 0.0000	</row0>
					<row1>	0.0000 1.0000 0.0000 0.0000	</row1>
					<row2>	0.6554 0.0000 -0.7553 0.0000	</row2>
					<row3>	0.1603 0.9843 -2.3722 1.0000	</row3>
				</transform>
			</node>
			<node>
				<identifier>	MP_SM019_Telephone_INDEX_1	</identifier>
				<transform>
					<row0>	0.9855 0.0000 -0.1697 0.0000	</row0>
					<row1>	0.0000 1.0000 0.0000 0.0000	</row1>
					<row2>	0.1697 0.0000 0.9855 0.0000	</row2>
					<row3>	0.0547 1.0111 -2.1053 1.0000	</row3>
				</transform>
			</node>
			<node>
				<identifier>	MP_SM019_Telephone_INDEX_2	</identifier>
				<transform>
					<row0>	0.9547 0.0000 0.2977 0.0000	</row0>
					<row1>	0.0000 1.0000 0.0000 0.0000	</row1>
					<row2>	-0.2977 0.0000 0.9547 0.0000	</row2>
					<row3>	-0.0922 1.0111 -2.1140 1.0000	</row3>
				</transform>
			</node>
			<node>
				<identifier>	MP_SM019_Telephone_INDEX_3	</identifier>
				<transform>
					<row0>	-0.7553 0.0000 0.6554 0.0000	</row0>
					<row1>	0.0000 1.0000 0.0000 0.0000	</row1>
					<row2>	-0.6554 0.0000 -0.7553 0.0000	</row2>
					<row3>	-0.1603 0.9843 -2.3722 1.0000	</row3>
				</transform>
			</node>
			<node>
				<identifier>	MP_SM029_Torpedo_Cart	</identifier>
				<transform>
					<row0>	1.0000 0.0000 0.0000 0.0000	</row0>
					<row1>	0.0000 1.0000 0.0000 0.0000	</row1>
					<row2>	0.0000 0.0000 1.0000 0.0000	</row2>
					<row3>	0.5947 0.3759 -1.4819 1.0000	</row3>
				</transform>
			</node>
			<node>
				<identifier>	MP_SM029_Torpedo_Cart_INDEX_1	</identifier>
				<transform>
					<row0>	1.0000 0.0000 0.0000 0.0000	</row0>
					<row1>	0.0000 1.0000 0.0000 0.0000	</row1>
					<row2>	0.0000 0.0000 1.0000 0.0000	</row2>
					<row3>	-0.5947 0.3759 -1.4819 1.0000	</row3>
				</transform>
			</node>
			<node>
				<identifier>	MP_SM032_Turtles_box	</identifier>
				<transform>
					<row0>	0.0000 0.0000 -1.0000 0.0000	</row0>
					<row1>	0.0000 1.0000 0.0000 0.0000	</row1>
					<row2>	1.0000 0.0000 0.0000 0.0000	</row2>
					<row3>	0.2988 0.3999 -2.3803 1.0000	</row3>
				</transform>
			</node>
			<node>
				<identifier>	MP_SM032_Turtles_box_INDEX_1	</identifier>
				<transform>
					<row0>	0.0000 0.0000 -1.0000 0.0000	</row0>
					<row1>	0.0000 1.0000 0.0000 0.0000	</row1>
					<row2>	1.0000 0.0000 0.0000 0.0000	</row2>
					<row3>	0.2988 0.3999 -0.8833 1.0000	</row3>
				</transform>
			</node>
			<node>
				<identifier>	MP_SM032_Turtles_box_INDEX_10	</identifier>
				<transform>
					<row0>	-0.3377 0.0000 0.9412 0.0000	</row0>
					<row1>	0.1649 0.9845 0.0592 0.0000	</row1>
					<row2>	-0.9267 0.1752 -0.3325 0.0000	</row2>
					<row3>	-0.1231 0.7131 -0.8437 1.0000	</row3>
				</transform>
			</node>
			<node>
				<identifier>	MP_SM032_Turtles_box_INDEX_2	</identifier>
				<transform>
					<row0>	0.0000 0.0000 1.0000 0.0000	</row0>
					<row1>	0.0000 1.0000 0.0000 0.0000	</row1>
					<row2>	-1.0000 0.0000 0.0000 0.0000	</row2>
					<row3>	-0.2988 0.3999 -0.8833 1.0000	</row3>
				</transform>
			</node>
			<node>
				<identifier>	MP_SM032_Turtles_box_INDEX_3	</identifier>
				<transform>
					<row0>	0.0000 0.0000 1.0000 0.0000	</row0>
					<row1>	0.0000 1.0000 0.0000 0.0000	</row1>
					<row2>	-1.0000 0.0000 0.0000 0.0000	</row2>
					<row3>	-0.2988 0.3999 -2.3803 1.0000	</row3>
				</transform>
			</node>
			<node>
				<identifier>	MP_SM032_Turtles_box_INDEX_4	</identifier>
				<transform>
					<row0>	-0.0437 0.0000 -0.9990 0.0000	</row0>
					<row1>	0.0000 1.0000 0.0000 0.0000	</row1>
					<row2>	0.9990 0.0000 -0.0437 0.0000	</row2>
					<row3>	0.1695 0.7131 -0.5654 1.0000	</row3>
				</transform>
			</node>
			<node>
				<identifier>	MP_SM032_Turtles_box_INDEX_5	</identifier>
				<transform>
					<row0>	-0.0437 0.0000 0.9990 0.0000	</row0>
					<row1>	0.0000 1.0000 0.0000 0.0000	</row1>
					<row2>	-0.9990 0.0000 -0.0437 0.0000	</row2>
					<row3>	-0.1695 0.7131 -0.5654 1.0000	</row3>
				</transform>
			</node>
			<node>
				<identifier>	MP_SM032_Turtles_box_INDEX_6	</identifier>
				<transform>
					<row0>	0.8255 0.0000 -0.5644 0.0000	</row0>
					<row1>	0.0000 1.0000 0.0000 0.0000	</row1>
					<row2>	0.5644 0.0000 0.8255 0.0000	</row2>
					<row3>	0.0714 0.9817 -2.4233 1.0000	</row3>
				</transform>
			</node>
			<node>
				<identifier>	MP_SM032_Turtles_box_INDEX_7	</identifier>
				<transform>
					<row0>	0.0471 0.0000 -0.9989 0.0000	</row0>
					<row1>	0.0000 1.0000 0.0000 0.0000	</row1>
					<row2>	0.9989 0.0000 0.0471 0.0000	</row2>
					<row3>	0.1610 1.1428 -0.5141 1.0000	</row3>
				</transform>
			</node>
			<node>
				<identifier>	MP_SM032_Turtles_box_INDEX_8	</identifier>
				<transform>
					<row0>	0.0471 0.0000 0.9989 0.0000	</row0>
					<row1>	0.0000 1.0000 0.0000 0.0000	</row1>
					<row2>	-0.9989 0.0000 0.0471 0.0000	</row2>
					<row3>	-0.1610 1.1428 -0.5141 1.0000	</row3>
				</transform>
			</node>
			<node>
				<identifier>	MP_SM032_Turtles_box_INDEX_9	</identifier>
				<transform>
					<row0>	-0.3377 0.0000 -0.9412 0.0000	</row0>
					<row1>	-0.1649 0.9845 0.0592 0.0000	</row1>
					<row2>	0.9267 0.1752 -0.3325 0.0000	</row2>
					<row3>	0.1231 0.7131 -0.8437 1.0000	</row3>
				</transform>
			</node>
			<node>
				<identifier>	MP_SM035_Speaker	</identifier>
				<transform>
					<row0>	0.0000 0.0000 -1.0000 0.0000	</row0>
					<row1>	0.0000 1.0000 0.0000 0.0000	</row1>
					<row2>	1.0000 0.0000 0.0000 0.0000	</row2>
					<row3>	0.2959 0.5189 -2.7616 1.0000	</row3>
				</transform>
			</node>
			<node>
				<identifier>	MP_SM035_Speaker_INDEX_1	</identifier>
				<transform>
					<row0>	0.0000 0.0000 -1.0000 0.0000	</row0>
					<row1>	0.0000 1.0000 0.0000 0.0000	</row1>
					<row2>	1.0000 0.0000 0.0000 0.0000	</row2>
					<row3>	0.2392 0.6795 -0.7167 1.0000	</row3>
				</transform>
			</node>
			<node>
				<identifier>	MP_SM035_Speaker_INDEX_2	</identifier>
				<transform>
					<row0>	0.0000 0.0000 1.0000 0.0000	</row0>
					<row1>	0.0000 1.0000 0.0000 0.0000	</row1>
					<row2>	-1.0000 0.0000 0.0000 0.0000	</row2>
					<row3>	-0.2392 0.6795 -0.7167 1.0000	</row3>
				</transform>
			</node>
			<node>
				<identifier>	MP_SM035_Speaker_INDEX_3	</identifier>
				<transform>
					<row0>	0.0000 0.0000 1.0000 0.0000	</row0>
					<row1>	0.0000 1.0000 0.0000 0.0000	</row1>
					<row2>	-1.0000 0.0000 0.0000 0.0000	</row2>
					<row3>	-0.2959 0.5189 -2.7616 1.0000	</row3>
				</transform>
			</node>
			<node>
				<identifier>	MP_SM036_Speaker	</identifier>
				<transform>
					<row0>	1.0000 0.0000 0.0000 0.0000	</row0>
					<row1>	0.0000 1.0000 0.0000 0.0000	</row1>
					<row2>	0.0000 0.0000 1.0000 0.0000	</row2>
					<row3>	0.0000 0.8131 -2.6513 1.0000	</row3>
				</transform>
			</node>
			<node>
				<identifier>	MP_SM057_Torpedo_Si270	</identifier>
				<transform>
					<row0>	1.0000 0.0000 0.0000 0.0000	</row0>
					<row1>	0.0000 1.0000 0.0000 0.0000	</row1>
					<row2>	0.0000 0.0000 1.0000 0.0000	</row2>
					<row3>	0.4598 0.4036 -1.6138 1.0000	</row3>
				</transform>
			</node>
			<node>
				<identifier>	MP_SM057_Torpedo_Si270_INDEX_1	</identifier>
				<transform>
					<row0>	1.0000 0.0000 0.0000 0.0000	</row0>
					<row1>	0.0000 1.0000 0.0000 0.0000	</row1>
					<row2>	0.0000 0.0000 1.0000 0.0000	</row2>
					<row3>	0.4598 0.4498 -1.6138 1.0000	</row3>
				</transform>
			</node>
			<node>
				<identifier>	MP_SM057_Torpedo_Si270_INDEX_2	</identifier>
				<transform>
					<row0>	1.0000 0.0000 0.0000 0.0000	</row0>
					<row1>	0.0000 1.0000 0.0000 0.0000	</row1>
					<row2>	0.0000 0.0000 1.0000 0.0000	</row2>
					<row3>	0.4598 0.4960 -1.6138 1.0000	</row3>
				</transform>
			</node>
			<node>
				<identifier>	MP_SM057_Torpedo_Si270_INDEX_3	</identifier>
				<transform>
					<row0>	1.0000 0.0000 0.0000 0.0000	</row0>
					<row1>	0.0000 1.0000 0.0000 0.0000	</row1>
					<row2>	0.0000 0.0000 1.0000 0.0000	</row2>
					<row3>	-0.4598 0.4960 -1.6138 1.0000	</row3>
				</transform>
			</node>
			<node>
				<identifier>	MP_SM057_Torpedo_Si270_INDEX_4	</identifier>
				<transform>
					<row0>	1.0000 0.0000 0.0000 0.0000	</row0>
					<row1>	0.0000 1.0000 0.0000 0.0000	</row1>
					<row2>	0.0000 0.0000 1.0000 0.0000	</row2>
					<row3>	-0.4598 0.4498 -1.6138 1.0000	</row3>
				</transform>
			</node>
			<node>
				<identifier>	MP_SM057_Torpedo_Si270_INDEX_5	</identifier>
				<transform>
					<row0>	1.0000 0.0000 0.0000 0.0000	</row0>
					<row1>	0.0000 1.0000 0.0000 0.0000	</row1>
					<row2>	0.0000 0.0000 1.0000 0.0000	</row2>
					<row3>	-0.4598 0.4036 -1.6138 1.0000	</row3>
				</transform>
			</node>
			<node>
				<identifier>	MP_SM506_Barca_Diesel_10m	</identifier>
				<transform>
					<row0>	1.0000 0.0000 0.0000 0.0000	</row0>
					<row1>	0.0000 1.0000 0.0000 0.0000	</row1>
					<row2>	0.0000 0.0000 1.0000 0.0000	</row2>
					<row3>	0.5597 0.5658 -1.4681 1.0000	</row3>
				</transform>
			</node>
			<node>
				<identifier>	MP_SM506_Barca_Diesel_10m_INDEX_1	</identifier>
				<transform>
					<row0>	1.0000 0.0000 0.0000 0.0000	</row0>
					<row1>	0.0000 1.0000 0.0000 0.0000	</row1>
					<row2>	0.0000 0.0000 1.0000 0.0000	</row2>
					<row3>	-0.5597 0.5658 -1.4681 1.0000	</row3>
				</transform>
			</node>
			<node>
				<identifier>	MP_SM509_Motoscafo_10m	</identifier>
				<transform>
					<row0>	1.0000 0.0000 0.0000 0.0000	</row0>
					<row1>	0.0000 1.0000 0.0000 0.0000	</row1>
					<row2>	0.0000 0.0000 1.0000 0.0000	</row2>
					<row3>	-0.1191 0.5868 -1.5335 1.0000	</row3>
				</transform>
			</node>
			<node>
				<identifier>	MP_SM509_Motoscafo_10m_INDEX_1	</identifier>
				<transform>
					<row0>	1.0000 0.0000 0.0000 0.0000	</row0>
					<row1>	0.0000 1.0000 0.0000 0.0000	</row1>
					<row2>	0.0000 0.0000 1.0000 0.0000	</row2>
					<row3>	0.1191 0.5868 -1.5335 1.0000	</row3>
				</transform>
			</node>
			<node>
				<identifier>	MP_SM514_Moto_Lancie_13m	</identifier>
				<transform>
					<row0>	1.0000 0.0000 0.0000 0.0000	</row0>
					<row1>	0.0000 1.0000 0.0000 0.0000	</row1>
					<row2>	0.0000 0.0000 1.0000 0.0000	</row2>
					<row3>	0.3463 0.5678 -1.4604 1.0000	</row3>
				</transform>
			</node>
			<node>
				<identifier>	MP_SM514_Moto_Lancie_13m_INDEX_1	</identifier>
				<transform>
					<row0>	1.0000 0.0000 0.0000 0.0000	</row0>
					<row1>	0.0000 1.0000 0.0000 0.0000	</row1>
					<row2>	0.0000 0.0000 1.0000 0.0000	</row2>
					<row3>	-0.3463 0.5678 -1.4604 1.0000	</row3>
				</transform>
			</node>
			<node>
				<identifier>	MP_SM603_VCU	</identifier>
				<transform>
					<row0>	0.0000 0.0000 -1.0000 0.0000	</row0>
					<row1>	0.0000 1.0000 0.0000 0.0000	</row1>
					<row2>	1.0000 0.0000 0.0000 0.0000	</row2>
					<row3>	0.1597 0.9570 -2.1651 1.0000	</row3>
				</transform>
			</node>
			<node>
				<identifier>	MP_SM603_VCU_INDEX_1	</identifier>
				<transform>
					<row0>	-0.7071 0.0000 0.7071 0.0000	</row0>
					<row1>	0.0000 1.0000 0.0000 0.0000	</row1>
					<row2>	-0.7071 0.0000 -0.7071 0.0000	</row2>
					<row3>	-0.1218 0.9570 -2.3738 1.0000	</row3>
				</transform>
			</node>
			<node>
				<identifier>	MP_SM603_VCU_INDEX_2	</identifier>
				<transform>
					<row0>	0.0000 0.0000 1.0000 0.0000	</row0>
					<row1>	0.0000 1.0000 0.0000 0.0000	</row1>
					<row2>	-1.0000 0.0000 0.0000 0.0000	</row2>
					<row3>	-0.1597 0.9570 -2.1651 1.0000	</row3>
				</transform>
			</node>
			<node>
				<identifier>	MP_SM603_VCU_INDEX_3	</identifier>
				<transform>
					<row0>	-0.7071 0.0000 -0.7071 0.0000	</row0>
					<row1>	0.0000 1.0000 0.0000 0.0000	</row1>
					<row2>	0.7071 0.0000 -0.7071 0.0000	</row2>
					<row3>	0.1218 0.9570 -2.3738 1.0000	</row3>
				</transform>
			</node>
			<node>
				<identifier>	MP_SM605_Anemometer	</identifier>
				<transform>
					<row0>	1.0000 0.0000 0.0000 0.0000	</row0>
					<row1>	0.0000 1.0000 0.0000 0.0000	</row1>
					<row2>	0.0000 0.0000 1.0000 0.0000	</row2>
					<row3>	0.0000 1.5495 -2.1000 1.0000	</row3>
				</transform>
			</node>
			<node>
				<identifier>	MP_SM704_AmmoBox	</identifier>
				<transform>
					<row0>	0.0000 0.0000 -1.0000 0.0000	</row0>
					<row1>	0.0000 1.0000 0.0000 0.0000	</row1>
					<row2>	1.0000 0.0000 0.0000 0.0000	</row2>
					<row3>	-0.1868 1.1139 -0.5683 1.0000	</row3>
				</transform>
			</node>
			<node>
				<identifier>	MP_SM704_AmmoBox_INDEX_1	</identifier>
				<transform>
					<row0>	0.0000 0.0000 1.0000 0.0000	</row0>
					<row1>	0.0000 1.0000 0.0000 0.0000	</row1>
					<row2>	-1.0000 0.0000 0.0000 0.0000	</row2>
					<row3>	0.1868 1.1139 -0.5683 1.0000	</row3>
				</transform>
			</node>
			<node>
				<identifier>	MP_SM705_AmmoBox	</identifier>
				<transform>
					<row0>	-1.0000 0.0000 0.0000 0.0000	</row0>
					<row1>	0.0000 1.0000 0.0000 0.0000	</row1>
					<row2>	0.0000 0.0000 -1.0000 0.0000	</row2>
					<row3>	0.0737 0.6857 -1.0673 1.0000	</row3>
				</transform>
			</node>
			<node>
				<identifier>	MP_SM705_AmmoBox_INDEX_1	</identifier>
				<transform>
					<row0>	-1.0000 0.0000 0.0000 0.0000	</row0>
					<row1>	0.0000 1.0000 0.0000 0.0000	</row1>
					<row2>	0.0000 0.0000 -1.0000 0.0000	</row2>
					<row3>	-0.0737 0.6857 -1.0673 1.0000	</row3>
				</transform>
			</node>
			<node>
				<identifier>	MP_SM800_ventilation	</identifier>
				<transform>
					<row0>	1.0000 0.0000 0.0000 0.0000	</row0>
					<row1>	0.0000 1.0000 0.0000 0.0000	</row1>
					<row2>	0.0000 0.0000 1.0000 0.0000	</row2>
					<row3>	0.3195 0.3765 -2.5144 1.0000	</row3>
				</transform>
			</node>
			<node>
				<identifier>	MP_SM800_ventilation_INDEX_1	</identifier>
				<transform>
					<row0>	0.8000 0.0000 0.0000 0.0000	</row0>
					<row1>	0.0000 0.8000 0.0000 0.0000	</row1>
