<BGA141_12mm62_HI_lod2.visual>
	<node>
		<identifier>	Scene Root	</identifier>
		<transform>
			<row0>	1.0000 0.0000 0.0000 0.0000	</row0>
			<row1>	0.0000 1.0000 0.0000 0.0000	</row1>
			<row2>	0.0000 0.0000 1.0000 0.0000	</row2>
			<row3>	0.0000 0.0000 0.0000 1.0000	</row3>
		</transform>
		<node>
			<identifier>	Turret	</identifier>
			<transform>
				<row0>	1.0000 0.0000 0.0000 0.0000	</row0>
				<row1>	0.0000 1.0000 0.0000 0.0000	</row1>
				<row2>	0.0000 0.0000 1.0000 0.0000	</row2>
				<row3>	0.0000 0.0000 0.0000 1.0000	</row3>
			</transform>
			<node>
				<identifier>	HP_gunFire1	</identifier>
				<transform>
					<row0>	1.0000 0.0000 0.0000 0.0000	</row0>
					<row1>	0.0000 0.7071 -0.7071 0.0000	</row1>
					<row2>	0.0000 0.7071 0.7071 0.0000	</row2>
					<row3>	0.0000 0.1293 0.0373 1.0000	</row3>
				</transform>
			</node>
			<node>
				<identifier>	HP_gunFire2	</identifier>
				<transform>
					<row0>	1.0000 0.0000 0.0000 0.0000	</row0>
					<row1>	0.0000 0.7071 -0.7071 0.0000	</row1>
					<row2>	0.0000 0.7071 0.7071 0.0000	</row2>
					<row3>	0.0000 0.1143 0.0500 1.0000	</row3>
				</transform>
			</node>
			<node>
				<identifier>	HP_gunFire3	</identifier>
				<transform>
					<row0>	1.0000 0.0000 0.0000 0.0000	</row0>
					<row1>	0.0000 0.7071 -0.7071 0.0000	</row1>
					<row2>	0.0000 0.7071 0.7071 0.0000	</row2>
					<row3>	0.0000 0.0993 0.0627 1.0000	</row3>
				</transform>
			</node>
			<node>
				<identifier>	HP_gunFire4	</identifier>
				<transform>
					<row0>	1.0000 0.0000 0.0000 0.0000	</row0>
					<row1>	0.0000 0.7071 -0.7071 0.0000	</row1>
					<row2>	0.0000 0.7071 0.7071 0.0000	</row2>
					<row3>	0.0000 0.0843 0.0754 1.0000	</row3>
				</transform>
			</node>
		</node>
	</node>
	<renderSet>
		<treatAsWorldSpaceObject>	false	</treatAsWorldSpaceObject>
		<node>	Turret	</node>
		<geometry>
			<vertices>	Turret_lod2Shape.vertices	</vertices>
			<primitive>	Turret_lod2Shape.indices	</primitive>
			<primitiveGroup>	0
				<material>
					<identifier>	TL2_SHIPMAT_PBS_Gun	</identifier>
					<mfm>	PnFMods/ModsSDK.zip/BSD717_Jupiter_1942/gun/BGA141_12mm62_HI.mfm	</mfm>
				</material>
			</primitiveGroup>
		</geometry>
	</renderSet>
	<boundingBox>
		<min>	-0.0540 0.0000 -0.0561	</min>
		<max>	0.0540 0.1419 0.0773	</max>
	</boundingBox>
</BGA141_12mm62_HI_lod2.visual>
