<GSB027_Brandenburg_1945_MidFront_ports.visual>
	<node>
		<identifier>	Scene Root	</identifier>
		<transform>
			<row0>	1.0000 0.0000 0.0000 0.0000	</row0>
			<row1>	0.0000 1.0000 0.0000 0.0000	</row1>
			<row2>	0.0000 0.0000 1.0000 0.0000	</row2>
			<row3>	0.0000 0.0000 0.0000 1.0000	</row3>
		</transform>
		<node>
			<identifier>	MidFront_ports	</identifier>
			<transform>
				<row0>	1.0000 0.0000 0.0000 0.0000	</row0>
				<row1>	0.0000 1.0000 0.0000 0.0000	</row1>
				<row2>	0.0000 0.0000 1.0000 0.0000	</row2>
				<row3>	0.0000 0.0000 0.0000 1.0000	</row3>
			</transform>
			<node>
				<identifier>	HP_FX_Death_1	</identifier>
				<transform>
					<row0>	1.0000 0.0000 0.0000 0.0000	</row0>
					<row1>	0.0000 1.0000 0.0000 0.0000	</row1>
					<row2>	0.0000 0.0000 1.0000 0.0000	</row2>
					<row3>	0.0000 0.0000 3.2852 1.0000	</row3>
				</transform>
			</node>
			<node>
				<identifier>	HP_FX_Fire_2	</identifier>
				<transform>
					<row0>	1.0000 0.0000 0.0000 0.0000	</row0>
					<row1>	0.0000 1.0000 0.0000 0.0000	</row1>
					<row2>	0.0000 0.0000 1.0000 0.0000	</row2>
					<row3>	0.0000 0.9683 1.9591 1.0000	</row3>
				</transform>
			</node>
			<node>
				<identifier>	HP_FX_Fire_2_side_1	</identifier>
				<transform>
					<row0>	1.0000 0.0000 0.0000 0.0000	</row0>
					<row1>	0.0000 1.0000 0.0000 0.0000	</row1>
					<row2>	0.0000 0.0000 1.0000 0.0000	</row2>
					<row3>	0.8646 0.2909 2.9395 1.0000	</row3>
				</transform>
			</node>
			<node>
				<identifier>	HP_FX_Fire_2_side_2	</identifier>
				<transform>
					<row0>	1.0000 0.0000 0.0000 0.0000	</row0>
					<row1>	0.0000 1.0000 0.0000 0.0000	</row1>
					<row2>	0.0000 0.0000 1.0000 0.0000	</row2>
					<row3>	-0.5567 1.1554 0.6187 1.0000	</row3>
				</transform>
			</node>
			<node>
				<identifier>	HP_FX_Fire_5	</identifier>
				<transform>
					<row0>	1.0000 0.0000 0.0000 0.0000	</row0>
					<row1>	0.0000 1.0000 0.0000 0.0000	</row1>
					<row2>	0.0000 0.0000 1.0000 0.0000	</row2>
					<row3>	0.0000 0.7147 0.4908 1.0000	</row3>
				</transform>
			</node>
			<node>
				<identifier>	HP_FX_FloodLight_left_1	</identifier>
				<transform>
					<row0>	-0.9932 0.0000 0.1163 0.0000	</row0>
					<row1>	0.0000 1.0000 0.0000 0.0000	</row1>
					<row2>	-0.1163 0.0000 -0.9932 0.0000	</row2>
					<row3>	-0.2549 1.0325 1.3783 1.0000	</row3>
				</transform>
			</node>
			<node>
				<identifier>	HP_FX_FloodLight_right_1	</identifier>
				<transform>
					<row0>	0.9923 0.0000 0.1235 0.0000	</row0>
					<row1>	0.0000 1.0000 0.0000 0.0000	</row1>
					<row2>	-0.1235 0.0000 0.9923 0.0000	</row2>
					<row3>	0.2549 1.0325 1.3906 1.0000	</row3>
				</transform>
			</node>
			<node>
				<identifier>	HP_FX_Flood_steam_left	</identifier>
				<transform>
					<row0>	-0.9295 -0.3687 0.0000 0.0000	</row0>
					<row1>	-0.3687 0.9295 0.0000 0.0000	</row1>
					<row2>	0.0000 0.0000 -1.0000 0.0000	</row2>
					<row3>	-0.5933 0.2584 5.2921 1.0000	</row3>
				</transform>
			</node>
			<node>
				<identifier>	HP_FX_Flood_water_left_3	</identifier>
				<transform>
					<row0>	-1.0000 0.0000 0.0000 0.0000	</row0>
					<row1>	0.0000 1.0000 0.0000 0.0000	</row1>
					<row2>	0.0000 0.0000 -1.0000 0.0000	</row2>
					<row3>	-1.1555 0.0490 0.6320 1.0000	</row3>
				</transform>
			</node>
			<node>
				<identifier>	HP_FX_Flood_water_left_4	</identifier>
				<transform>
					<row0>	-0.9747 0.0000 0.2236 0.0000	</row0>
					<row1>	0.0000 1.0000 0.0000 0.0000	</row1>
					<row2>	-0.2236 0.0000 -0.9747 0.0000	</row2>
					<row3>	-0.7540 0.0442 4.2047 1.0000	</row3>
				</transform>
			</node>
			<node>
				<identifier>	HP_FX_Flood_water_right_3	</identifier>
				<transform>
					<row0>	0.9976 0.0000 0.0688 0.0000	</row0>
					<row1>	0.0002 1.0000 -0.0028 0.0000	</row1>
					<row2>	-0.0688 0.0028 0.9976 0.0000	</row2>
					<row3>	1.1557 0.0536 0.6317 1.0000	</row3>
				</transform>
			</node>
			<node>
				<identifier>	HP_FX_Flood_water_right_4	</identifier>
				<transform>
					<row0>	0.9802 0.0000 0.1979 0.0000	</row0>
					<row1>	0.0000 1.0000 0.0000 0.0000	</row1>
					<row2>	-0.1979 0.0000 0.9802 0.0000	</row2>
					<row3>	0.7550 0.0477 4.2036 1.0000	</row3>
				</transform>
			</node>
			<node>
				<identifier>	HP_FX_RepairLight_left_1	</identifier>
				<transform>
					<row0>	0.1341 0.0000 0.9910 0.0000	</row0>
					<row1>	0.0000 1.0000 0.0000 0.0000	</row1>
					<row2>	-0.9910 0.0000 0.1341 0.0000	</row2>
					<row3>	-0.9113 0.2893 3.5771 1.0000	</row3>
				</transform>
			</node>
			<node>
				<identifier>	HP_FX_RepairLight_right_1	</identifier>
				<transform>
					<row0>	0.1474 0.0510 -0.9878 0.0000	</row0>
					<row1>	0.1129 0.9913 0.0680 0.0000	</row1>
					<row2>	0.9826 -0.1215 0.1403 0.0000	</row2>
					<row3>	0.7777 0.3033 4.4615 1.0000	</row3>
				</transform>
			</node>
			<node>
				<identifier>	HP_GD_1	</identifier>
				<transform>
					<row0>	0.0000 0.0000 1.0000 0.0000	</row0>
					<row1>	0.0000 1.0000 0.0000 0.0000	</row1>
					<row2>	-1.0000 0.0000 0.0000 0.0000	</row2>
					<row3>	-0.2837 0.9149 2.2549 1.0000	</row3>
				</transform>
			</node>
			<node>
				<identifier>	HP_GD_10	</identifier>
				<transform>
					<row0>	0.0000 0.0000 -1.0000 0.0000	</row0>
					<row1>	0.0000 1.0000 0.0000 0.0000	</row1>
					<row2>	1.0000 0.0000 0.0000 0.0000	</row2>
					<row3>	0.3062 1.7168 1.0037 1.0000	</row3>
				</transform>
			</node>
			<node>
				<identifier>	HP_GD_11	</identifier>
				<transform>
					<row0>	0.0000 0.0000 1.0000 0.0000	</row0>
					<row1>	0.0000 1.0000 0.0000 0.0000	</row1>
					<row2>	-1.0000 0.0000 0.0000 0.0000	</row2>
					<row3>	-0.2400 1.7158 0.8170 1.0000	</row3>
				</transform>
			</node>
			<node>
				<identifier>	HP_GD_12	</identifier>
				<transform>
					<row0>	0.0000 0.0000 -1.0000 0.0000	</row0>
					<row1>	0.0000 1.0000 0.0000 0.0000	</row1>
					<row2>	1.0000 0.0000 0.0000 0.0000	</row2>
					<row3>	0.2400 1.7158 0.8170 1.0000	</row3>
				</transform>
			</node>
			<node>
				<identifier>	HP_GD_2	</identifier>
				<transform>
					<row0>	0.0000 0.0000 -1.0000 0.0000	</row0>
					<row1>	0.0000 1.0000 0.0000 0.0000	</row1>
					<row2>	1.0000 0.0000 0.0000 0.0000	</row2>
					<row3>	0.2837 0.9149 2.2549 1.0000	</row3>
				</transform>
			</node>
			<node>
				<identifier>	HP_GD_3	</identifier>
				<transform>
					<row0>	0.0000 0.0000 1.0000 0.0000	</row0>
					<row1>	0.0000 1.0000 0.0000 0.0000	</row1>
					<row2>	-1.0000 0.0000 0.0000 0.0000	</row2>
					<row3>	-0.3917 0.9149 1.7034 1.0000	</row3>
				</transform>
			</node>
			<node>
				<identifier>	HP_GD_4	</identifier>
				<transform>
					<row0>	0.0000 0.0000 -1.0000 0.0000	</row0>
					<row1>	0.0000 1.0000 0.0000 0.0000	</row1>
					<row2>	1.0000 0.0000 0.0000 0.0000	</row2>
					<row3>	0.3917 0.9149 1.7034 1.0000	</row3>
				</transform>
			</node>
			<node>
				<identifier>	HP_GD_5	</identifier>
				<transform>
					<row0>	0.0000 0.0000 1.0000 0.0000	</row0>
					<row1>	0.0000 1.0000 0.0000 0.0000	</row1>
					<row2>	-1.0000 0.0000 0.0000 0.0000	</row2>
					<row3>	-0.4000 0.9162 1.3305 1.0000	</row3>
				</transform>
			</node>
			<node>
				<identifier>	HP_GD_6	</identifier>
				<transform>
					<row0>	0.0000 0.0000 -1.0000 0.0000	</row0>
					<row1>	0.0000 1.0000 0.0000 0.0000	</row1>
					<row2>	1.0000 0.0000 0.0000 0.0000	</row2>
					<row3>	0.4000 0.9162 1.3305 1.0000	</row3>
				</transform>
			</node>
			<node>
				<identifier>	HP_GD_7	</identifier>
				<transform>
					<row0>	0.6489 0.0000 -0.7609 0.0000	</row0>
					<row1>	0.0000 1.0000 0.0000 0.0000	</row1>
					<row2>	0.7609 0.0000 0.6489 0.0000	</row2>
					<row3>	0.2556 1.7158 1.0929 1.0000	</row3>
				</transform>
			</node>
			<node>
				<identifier>	HP_GD_8	</identifier>
				<transform>
					<row0>	0.6489 0.0000 0.7609 0.0000	</row0>
					<row1>	0.0000 1.0000 0.0000 0.0000	</row1>
					<row2>	-0.7609 0.0000 0.6489 0.0000	</row2>
					<row3>	-0.2551 1.7158 1.0925 1.0000	</row3>
				</transform>
			</node>
			<node>
				<identifier>	HP_GD_9	</identifier>
				<transform>
					<row0>	0.0000 0.0000 1.0000 0.0000	</row0>
					<row1>	0.0000 1.0000 0.0000 0.0000	</row1>
					<row2>	-1.0000 0.0000 0.0000 0.0000	</row2>
					<row3>	-0.3062 1.7168 1.0037 1.0000	</row3>
				</transform>
			</node>
			<node>
				<identifier>	HP_GF_1	</identifier>
				<transform>
					<row0>	1.0000 0.0000 0.0000 0.0000	</row0>
					<row1>	0.0000 1.0000 0.0000 0.0000	</row1>
					<row2>	0.0000 0.0000 1.0000 0.0000	</row2>
					<row3>	0.0000 1.1447 1.8728 1.0000	</row3>
				</transform>
			</node>
			<node>
				<identifier>	HP_GF_2	</identifier>
				<transform>
					<row0>	0.0000 0.0000 1.0000 0.0000	</row0>
					<row1>	0.0000 1.0000 0.0000 0.0000	</row1>
					<row2>	-1.0000 0.0000 0.0000 0.0000	</row2>
					<row3>	-0.3655 1.2836 1.1642 1.0000	</row3>
				</transform>
			</node>
			<node>
				<identifier>	HP_GF_3	</identifier>
				<transform>
					<row0>	0.0000 0.0000 -1.0000 0.0000	</row0>
					<row1>	0.0000 1.0000 0.0000 0.0000	</row1>
					<row2>	1.0000 0.0000 0.0000 0.0000	</row2>
					<row3>	0.3655 1.2836 1.1642 1.0000	</row3>
				</transform>
			</node>
			<node>
				<identifier>	HP_GF_4	</identifier>
				<transform>
					<row0>	1.0000 0.0000 0.0000 0.0000	</row0>
					<row1>	0.0000 1.0000 0.0000 0.0000	</row1>
					<row2>	0.0000 0.0000 1.0000 0.0000	</row2>
					<row3>	0.0000 1.9000 1.0704 1.0000	</row3>
				</transform>
			</node>
			<node>
				<identifier>	HP_GF_5	</identifier>
				<transform>
					<row0>	0.0000 0.0000 1.0000 0.0000	</row0>
					<row1>	0.0000 1.0000 0.0000 0.0000	</row1>
					<row2>	-1.0000 0.0000 0.0000 0.0000	</row2>
					<row3>	-0.5220 0.9990 0.6040 1.0000	</row3>
				</transform>
			</node>
			<node>
				<identifier>	HP_GF_6	</identifier>
				<transform>
					<row0>	0.0000 0.0000 -1.0000 0.0000	</row0>
					<row1>	0.0000 1.0000 0.0000 0.0000	</row1>
					<row2>	1.0000 0.0000 0.0000 0.0000	</row2>
					<row3>	0.5220 0.9990 0.6040 1.0000	</row3>
				</transform>
			</node>
			<node>
				<identifier>	HP_GGA_1	</identifier>
				<transform>
					<row0>	0.7071 0.0000 0.7071 0.0000	</row0>
					<row1>	0.0000 1.0000 0.0000 0.0000	</row1>
					<row2>	-0.7071 0.0000 0.7071 0.0000	</row2>
					<row3>	-0.4215 0.4517 2.8069 1.0000	</row3>
				</transform>
			</node>
			<node>
				<identifier>	HP_GGA_2	</identifier>
				<transform>
					<row0>	0.7071 0.0000 -0.7071 0.0000	</row0>
					<row1>	0.0000 1.0000 0.0000 0.0000	</row1>
					<row2>	0.7071 0.0000 0.7071 0.0000	</row2>
					<row3>	0.4215 0.4517 2.8069 1.0000	</row3>
				</transform>
			</node>
			<node>
				<identifier>	HP_GGA_3	</identifier>
				<transform>
					<row0>	0.0000 0.0000 1.0000 0.0000	</row0>
					<row1>	0.0000 1.0000 0.0000 0.0000	</row1>
					<row2>	-1.0000 0.0000 0.0000 0.0000	</row2>
					<row3>	-0.4567 0.7613 1.1423 1.0000	</row3>
				</transform>
			</node>
			<node>
				<identifier>	HP_GGA_4	</identifier>
				<transform>
					<row0>	0.0000 0.0000 -1.0000 0.0000	</row0>
					<row1>	0.0000 1.0000 0.0000 0.0000	</row1>
					<row2>	1.0000 0.0000 0.0000 0.0000	</row2>
					<row3>	0.4533 0.7613 1.1423 1.0000	</row3>
				</transform>
			</node>
			<node>
				<identifier>	HP_GGA_5	</identifier>
				<transform>
					<row0>	0.0000 0.0000 1.0000 0.0000	</row0>
					<row1>	0.0000 1.0000 0.0000 0.0000	</row1>
					<row2>	-1.0000 0.0000 0.0000 0.0000	</row2>
					<row3>	-0.4567 0.7613 0.9373 1.0000	</row3>
				</transform>
			</node>
			<node>
				<identifier>	HP_GGA_6	</identifier>
				<transform>
					<row0>	0.0000 0.0000 -1.0000 0.0000	</row0>
					<row1>	0.0000 1.0000 0.0000 0.0000	</row1>
					<row2>	1.0000 0.0000 0.0000 0.0000	</row2>
					<row3>	0.4533 0.7613 0.9373 1.0000	</row3>
				</transform>
			</node>
			<node>
				<identifier>	HP_GGM_1	</identifier>
				<transform>
					<row0>	1.0000 0.0000 0.0000 0.0000	</row0>
					<row1>	0.0000 1.0000 0.0000 0.0000	</row1>
					<row2>	0.0000 0.0000 1.0000 0.0000	</row2>
					<row3>	0.0000 0.3369 4.6049 1.0000	</row3>
				</transform>
			</node>
			<node>
				<identifier>	HP_GGM_2	</identifier>
				<transform>
					<row0>	1.0000 0.0000 0.0000 0.0000	</row0>
					<row1>	0.0000 1.0000 0.0000 0.0000	</row1>
					<row2>	0.0000 0.0000 1.0000 0.0000	</row2>
					<row3>	0.0000 0.5651 3.4371 1.0000	</row3>
				</transform>
			</node>
			<node>
				<identifier>	HP_GGS_1	</identifier>
				<transform>
					<row0>	1.0000 0.0000 0.0000 0.0000	</row0>
					<row1>	0.0000 1.0000 0.0000 0.0000	</row1>
					<row2>	0.0000 0.0000 1.0000 0.0000	</row2>
					<row3>	0.6201 0.3364 2.2042 1.0000	</row3>
				</transform>
			</node>
			<node>
				<identifier>	HP_GGS_2	</identifier>
				<transform>
					<row0>	1.0000 0.0000 0.0000 0.0000	</row0>
					<row1>	0.0000 1.0000 0.0000 0.0000	</row1>
					<row2>	0.0000 0.0000 1.0000 0.0000	</row2>
					<row3>	-0.6202 0.3367 2.2037 1.0000	</row3>
				</transform>
			</node>
			<node>
				<identifier>	HP_GGS_3	</identifier>
				<transform>
					<row0>	1.0000 0.0000 0.0000 0.0000	</row0>
					<row1>	0.0000 1.0000 0.0000 0.0000	</row1>
					<row2>	0.0000 0.0000 1.0000 0.0000	</row2>
					<row3>	-0.6239 0.4483 1.5519 1.0000	</row3>
				</transform>
			</node>
			<node>
				<identifier>	HP_GGS_4	</identifier>
				<transform>
					<row0>	1.0000 0.0000 0.0000 0.0000	</row0>
					<row1>	0.0000 1.0000 0.0000 0.0000	</row1>
					<row2>	0.0000 0.0000 1.0000 0.0000	</row2>
					<row3>	0.6239 0.4483 1.5519 1.0000	</row3>
				</transform>
			</node>
			<node>
				<identifier>	HP_GGS_5	</identifier>
				<transform>
					<row0>	1.0000 0.0000 0.0000 0.0000	</row0>
					<row1>	0.0000 1.0000 0.0000 0.0000	</row1>
					<row2>	0.0000 0.0000 1.0000 0.0000	</row2>
					<row3>	-0.9513 0.3367 0.9362 1.0000	</row3>
				</transform>
			</node>
			<node>
				<identifier>	HP_GGS_6	</identifier>
				<transform>
					<row0>	1.0000 0.0000 0.0000 0.0000	</row0>
					<row1>	0.0000 1.0000 0.0000 0.0000	</row1>
					<row2>	0.0000 0.0000 1.0000 0.0000	</row2>
					<row3>	0.9513 0.3367 0.9362 1.0000	</row3>
				</transform>
			</node>
			<node>
				<identifier>	HP_Ship_death_2	</identifier>
				<transform>
					<row0>	1.0000 0.0000 0.0000 0.0000	</row0>
					<row1>	0.0000 1.0000 0.0000 0.0000	</row1>
					<row2>	0.0000 0.0000 1.0000 0.0000	</row2>
					<row3>	0.0000 0.0000 0.3938 1.0000	</row3>
				</transform>
			</node>
			<node>
				<identifier>	HP_flag_1	</identifier>
				<transform>
					<row0>	0.9829 -0.1830 0.0183 0.0000	</row0>
					<row1>	0.1830 0.9633 -0.1964 0.0000	</row1>
					<row2>	0.0183 0.1964 0.9803 0.0000	</row2>
					<row3>	0.4603 1.6360 0.6529 1.0000	</row3>
				</transform>
			</node>
			<node>
				<identifier>	HP_flag_2	</identifier>
				<transform>
					<row0>	0.9829 0.1830 -0.0183 0.0000	</row0>
					<row1>	-0.1830 0.9633 -0.1964 0.0000	</row1>
					<row2>	-0.0183 0.1964 0.9803 0.0000	</row2>
					<row3>	-0.4597 1.6360 0.6519 1.0000	</row3>
				</transform>
			</node>
			<node>
				<identifier>	HP_flag_3	</identifier>
				<transform>
					<row0>	0.9998 0.0175 -0.0008 0.0000	</row0>
					<row1>	-0.0175 0.9961 -0.0863 0.0000	</row1>
					<row2>	-0.0008 0.0863 0.9963 0.0000	</row2>
					<row3>	0.3283 1.6334 0.7574 1.0000	</row3>
				</transform>
			</node>
			<node>
				<identifier>	HP_flag_4	</identifier>
				<transform>
					<row0>	0.9998 -0.0175 0.0008 0.0000	</row0>
					<row1>	0.0175 0.9961 -0.0863 0.0000	</row1>
					<row2>	0.0008 0.0863 0.9963 0.0000	</row2>
					<row3>	-0.3277 1.6333 0.7564 1.0000	</row3>
				</transform>
			</node>
			<node>
				<identifier>	HP_flag_courtesy	</identifier>
				<transform>
					<row0>	0.9287 -0.3665 0.0565 0.0000	</row0>
					<row1>	0.3665 0.8840 -0.2903 0.0000	</row1>
					<row2>	0.0565 0.2903 0.9553 0.0000	</row2>
					<row3>	0.6070 1.6451 0.5410 1.0000	</row3>
				</transform>
			</node>
			<node>
				<identifier>	HP_flag_house	</identifier>
				<transform>
					<row0>	0.9337 0.3540 -0.0535 0.0000	</row0>
					<row1>	-0.3540 0.8905 -0.2860 0.0000	</row1>
					<row2>	-0.0535 0.2860 0.9567 0.0000	</row2>
					<row3>	-0.5971 1.6480 0.5448 1.0000	</row3>
				</transform>
			</node>
			<node>
				<identifier>	HP_flag_rank	</identifier>
				<transform>
					<row0>	1.0000 0.0067 -0.0009 0.0000	</row0>
					<row1>	-0.0067 0.9611 -0.2762 0.0000	</row1>
					<row2>	-0.0009 0.2762 0.9611 0.0000	</row2>
					<row3>	0.0000 2.1295 0.4157 1.0000	</row3>
				</transform>
			</node>
			<node>
				<identifier>	MP_CM011_Fire_Fighting_Gear	</identifier>
				<transform>
					<row0>	0.0000 0.0000 1.0000 0.0000	</row0>
					<row1>	0.0000 1.0000 0.0000 0.0000	</row1>
					<row2>	-1.0000 0.0000 0.0000 0.0000	</row2>
					<row3>	0.4798 0.2936 3.2044 1.0000	</row3>
				</transform>
			</node>
			<node>
				<identifier>	MP_CM011_Fire_Fighting_Gear_INDEX_1	</identifier>
				<transform>
					<row0>	0.0000 0.0000 -1.0000 0.0000	</row0>
					<row1>	0.0000 1.0000 0.0000 0.0000	</row1>
					<row2>	1.0000 0.0000 0.0000 0.0000	</row2>
					<row3>	-0.5275 0.4489 0.8597 1.0000	</row3>
				</transform>
			</node>
			<node>
				<identifier>	MP_CM011_Fire_Fighting_Gear_INDEX_2	</identifier>
				<transform>
					<row0>	0.0000 0.0000 1.0000 0.0000	</row0>
					<row1>	0.0000 1.0000 0.0000 0.0000	</row1>
					<row2>	-1.0000 0.0000 0.0000 0.0000	</row2>
					<row3>	0.5275 0.4489 0.8597 1.0000	</row3>
				</transform>
			</node>
			<node>
				<identifier>	MP_CM011_Fire_Fighting_Gear_INDEX_3	</identifier>
				<transform>
					<row0>	0.0000 0.0000 -1.0000 0.0000	</row0>
					<row1>	0.0000 1.0000 0.0000 0.0000	</row1>
					<row2>	1.0000 0.0000 0.0000 0.0000	</row2>
					<row3>	-0.4798 0.2936 3.2044 1.0000	</row3>
				</transform>
			</node>
			<node>
				<identifier>	MP_CM011_Fire_Fighting_Gear_INDEX_4	</identifier>
				<transform>
					<row0>	-0.8272 0.0000 -0.5619 0.0000	</row0>
					<row1>	0.0000 1.0000 0.0000 0.0000	</row1>
					<row2>	0.5619 0.0000 -0.8272 0.0000	</row2>
					<row3>	-0.2825 0.7588 2.3412 1.0000	</row3>
				</transform>
			</node>
			<node>
				<identifier>	MP_CM013_Fire_Hose_Rack_2	</identifier>
				<transform>
					<row0>	1.0000 0.0000 0.0000 0.0000	</row0>
					<row1>	0.0000 1.0000 0.0000 0.0000	</row1>
					<row2>	0.0000 0.0000 1.0000 0.0000	</row2>
					<row3>	-0.5226 0.5134 0.8490 1.0000	</row3>
				</transform>
			</node>
			<node>
				<identifier>	MP_CM013_Fire_Hose_Rack_2_INDEX_1	</identifier>
				<transform>
					<row0>	0.9973 0.0000 -0.0740 0.0000	</row0>
					<row1>	0.0000 1.0000 0.0000 0.0000	</row1>
					<row2>	0.0740 0.0000 0.9973 0.0000	</row2>
					<row3>	-0.4695 0.3585 3.2044 1.0000	</row3>
				</transform>
			</node>
			<node>
				<identifier>	MP_CM013_Fire_Hose_Rack_2_INDEX_2	</identifier>
				<transform>
					<row0>	-0.9954 0.0000 -0.0961 0.0000	</row0>
					<row1>	0.0000 1.0000 0.0000 0.0000	</row1>
					<row2>	0.0961 0.0000 -0.9954 0.0000	</row2>
					<row3>	0.4697 0.3505 3.2034 1.0000	</row3>
				</transform>
			</node>
			<node>
				<identifier>	MP_CM013_Fire_Hose_Rack_2_INDEX_3	</identifier>
				<transform>
					<row0>	0.4992 0.0000 -0.8665 0.0000	</row0>
					<row1>	0.0000 1.0000 0.0000 0.0000	</row1>
					<row2>	0.8665 0.0000 0.4992 0.0000	</row2>
					<row3>	-0.2559 0.8282 2.3375 1.0000	</row3>
				</transform>
			</node>
			<node>
				<identifier>	MP_CM013_Fire_Hose_Rack_2_INDEX_4	</identifier>
				<transform>
					<row0>	-1.0000 0.0000 0.0000 0.0000	</row0>
					<row1>	0.0000 1.0000 0.0000 0.0000	</row1>
					<row2>	0.0000 0.0000 -1.0000 0.0000	</row2>
					<row3>	0.5227 0.5123 0.8227 1.0000	</row3>
				</transform>
			</node>
			<node>
				<identifier>	MP_CM029_Emergency_Box	</identifier>
				<transform>
					<row0>	0.4485 0.0000 0.8938 0.0000	</row0>
					<row1>	0.0000 1.0000 0.0000 0.0000	</row1>
					<row2>	-0.8938 0.0000 0.4485 0.0000	</row2>
					<row3>	0.1701 0.9790 1.8195 1.0000	</row3>
				</transform>
			</node>
			<node>
				<identifier>	MP_CM029_Emergency_Box_INDEX_1	</identifier>
				<transform>
					<row0>	-0.0012 0.0000 -1.0000 0.0000	</row0>
					<row1>	0.0000 1.0000 0.0000 0.0000	</row1>
					<row2>	1.0000 0.0000 -0.0012 0.0000	</row2>
					<row3>	-0.1430 1.1380 1.1789 1.0000	</row3>
				</transform>
			</node>
			<node>
				<identifier>	MP_CM029_Emergency_Box_INDEX_2	</identifier>
				<transform>
					<row0>	1.0000 0.0000 0.0000 0.0000	</row0>
					<row1>	0.0000 1.0000 0.0000 0.0000	</row1>
					<row2>	0.0000 0.0000 1.0000 0.0000	</row2>
					<row3>	0.3121 0.6614 0.7316 1.0000	</row3>
				</transform>
			</node>
			<node>
				<identifier>	MP_CM029_Emergency_Box_INDEX_3	</identifier>
				<transform>
					<row0>	0.0000 0.0000 1.0000 0.0000	</row0>
					<row1>	0.0000 1.0000 0.0000 0.0000	</row1>
					<row2>	-1.0000 0.0000 0.0000 0.0000	</row2>
					<row3>	0.4681 0.5298 1.1725 1.0000	</row3>
				</transform>
			</node>
			<node>
				<identifier>	MP_CM029_Emergency_Box_INDEX_4	</identifier>
				<transform>
					<row0>	-0.7014 0.0000 0.7128 0.0000	</row0>
					<row1>	0.0000 1.0000 0.0000 0.0000	</row1>
					<row2>	-0.7128 0.0000 -0.7014 0.0000	</row2>
					<row3>	0.2621 0.5256 2.7417 1.0000	</row3>
				</transform>
			</node>
			<node>
				<identifier>	MP_CM029_Emergency_Box_INDEX_5	</identifier>
				<transform>
					<row0>	0.0000 0.0000 -1.0000 0.0000	</row0>
					<row1>	0.0000 1.0000 0.0000 0.0000	</row1>
					<row2>	1.0000 0.0000 0.0000 0.0000	</row2>
					<row3>	-0.4681 0.5298 1.1725 1.0000	</row3>
				</transform>
			</node>
			<node>
				<identifier>	MP_CM029_Emergency_Box_INDEX_6	</identifier>
				<transform>
					<row0>	1.0000 0.0000 0.0000 0.0000	</row0>
					<row1>	0.0000 1.0000 0.0000 0.0000	</row1>
					<row2>	0.0000 0.0000 1.0000 0.0000	</row2>
					<row3>	-0.0089 1.0001 0.8637 1.0000	</row3>
				</transform>
			</node>
			<node>
				<identifier>	MP_CM029_Emergency_Box_INDEX_7	</identifier>
				<transform>
					<row0>	1.0000 0.0000 0.0000 0.0000	</row0>
					<row1>	0.0000 1.0000 0.0000 0.0000	</row1>
					<row2>	0.0000 0.0000 1.0000 0.0000	</row2>
					<row3>	-0.3121 0.6614 0.7316 1.0000	</row3>
				</transform>
			</node>
			<node>
				<identifier>	MP_CM029_Emergency_Box_INDEX_8	</identifier>
				<transform>
					<row0>	1.0000 0.0000 0.0013 0.0000	</row0>
					<row1>	0.0000 1.0000 0.0000 0.0000	</row1>
					<row2>	-0.0013 0.0000 1.0000 0.0000	</row2>
					<row3>	0.0055 1.7784 0.8013 1.0000	</row3>
				</transform>
			</node>
			<node>
				<identifier>	MP_CM029_Emergency_Box_INDEX_9	</identifier>
				<transform>
					<row0>	0.5566 0.0000 -0.8308 0.0000	</row0>
					<row1>	0.0000 1.0000 0.0000 0.0000	</row1>
					<row2>	0.8308 0.0000 0.5566 0.0000	</row2>
					<row3>	-0.1145 1.3363 0.9259 1.0000	</row3>
				</transform>
			</node>
			<node>
				<identifier>	MP_CM043_Accommodation_Ladder	</identifier>
				<transform>
					<row0>	0.0009 1.0000 -0.0064 0.0000	</row0>
					<row1>	0.9900 0.0000 0.1410 0.0000	</row1>
					<row2>	0.1410 -0.0064 -0.9900 0.0000	</row2>
					<row3>	0.8632 0.2922 3.1635 1.0000	</row3>
				</transform>
			</node>
			<node>
				<identifier>	MP_CM043_Accommodation_Ladder_INDEX_1	</identifier>
				<transform>
					<row0>	-0.0008 1.0000 -0.0058 0.0000	</row0>
					<row1>	0.9900 0.0000 -0.1410 0.0000	</row1>
					<row2>	-0.1410 -0.0059 -0.9900 0.0000	</row2>
					<row3>	-0.9378 0.2925 3.1741 1.0000	</row3>
				</transform>
			</node>
			<node>
				<identifier>	MP_CM052_Fender	</identifier>
				<transform>
					<row0>	0.5246 0.0000 -0.8513 0.0000	</row0>
					<row1>	0.0000 1.0000 0.0000 0.0000	</row1>
					<row2>	0.8513 0.0000 0.5246 0.0000	</row2>
					<row3>	0.6828 0.2901 1.8385 1.0000	</row3>
				</transform>
			</node>
			<node>
				<identifier>	MP_CM052_Fender_INDEX_1	</identifier>
				<transform>
					<row0>	0.5246 0.0000 0.8513 0.0000	</row0>
					<row1>	0.0000 1.0000 0.0000 0.0000	</row1>
					<row2>	-0.8513 0.0000 0.5246 0.0000	</row2>
					<row3>	-0.6828 0.2901 1.8385 1.0000	</row3>
				</transform>
			</node>
			<node>
				<identifier>	MP_CM056_Ships_bell	</identifier>
				<transform>
					<row0>	1.0000 0.0000 0.0000 0.0000	</row0>
					<row1>	0.0000 1.0000 0.0000 0.0000	</row1>
					<row2>	0.0000 0.0000 1.0000 0.0000	</row2>
					<row3>	-0.0504 1.0453 0.7468 1.0000	</row3>
				</transform>
			</node>
			<node>
				<identifier>	MP_CM109_Leadsman_Platform	</identifier>
				<transform>
					<row0>	0.9789 0.1491 0.1400 0.0000	</row0>
					<row1>	-0.1464 0.9888 -0.0297 0.0000	</row1>
					<row2>	-0.1428 0.0086 0.9897 0.0000	</row2>
					<row3>	0.8802 0.3041 3.7599 1.0000	</row3>
				</transform>
			</node>
			<node>
				<identifier>	MP_CM109_Leadsman_Platform_INDEX_1	</identifier>
				<transform>
					<row0>	-0.9789 0.1488 0.1400 0.0000	</row0>
					<row1>	0.1461 0.9888 -0.0296 0.0000	</row1>
					<row2>	-0.1428 -0.0086 -0.9897 0.0000	</row2>
					<row3>	-0.8770 0.3040 3.7597 1.0000	</row3>
				</transform>
			</node>
			<node>
				<identifier>	MP_CM126_Cleat	</identifier>
				<transform>
					<row0>	0.7000 0.0000 0.0000 0.0000	</row0>
					<row1>	0.0000 0.7000 0.0000 0.0000	</row1>
					<row2>	0.0000 0.0000 0.7000 0.0000	</row2>
					<row3>	0.3389 1.0003 0.7812 1.0000	</row3>
				</transform>
			</node>
			<node>
				<identifier>	MP_CM126_Cleat_INDEX_1	</identifier>
				<transform>
					<row0>	0.7000 0.0000 0.0000 0.0000	</row0>
					<row1>	0.0000 0.7000 0.0000 0.0000	</row1>
					<row2>	0.0000 0.0000 0.7000 0.0000	</row2>
					<row3>	0.3389 1.0003 0.8119 1.0000	</row3>
				</transform>
			</node>
			<node>
				<identifier>	MP_CM126_Cleat_INDEX_2	</identifier>
				<transform>
					<row0>	1.0000 0.0000 0.0000 0.0000	</row0>
					<row1>	0.0000 0.0000 1.0000 0.0000	</row1>
					<row2>	0.0000 -1.0000 0.0000 0.0000	</row2>
					<row3>	0.0000 0.9732 0.7405 1.0000	</row3>
				</transform>
			</node>
			<node>
				<identifier>	MP_CM126_Cleat_INDEX_3	</identifier>
				<transform>
					<row0>	-0.7000 0.0000 0.0000 0.0000	</row0>
					<row1>	0.0000 0.7000 0.0000 0.0000	</row1>
					<row2>	0.0000 0.0000 -0.7000 0.0000	</row2>
					<row3>	-0.3389 1.0003 0.7512 1.0000	</row3>
				</transform>
			</node>
			<node>
				<identifier>	MP_CM126_Cleat_INDEX_4	</identifier>
				<transform>
					<row0>	0.7000 0.0000 0.0000 0.0000	</row0>
					<row1>	0.0000 0.7000 0.0000 0.0000	</row1>
					<row2>	0.0000 0.0000 0.7000 0.0000	</row2>
					<row3>	0.3389 1.0003 0.7512 1.0000	</row3>
				</transform>
			</node>
			<node>
				<identifier>	MP_CM126_Cleat_INDEX_5	</identifier>
				<transform>
					<row0>	-0.7000 0.0000 0.0000 0.0000	</row0>
					<row1>	0.0000 0.7000 0.0000 0.0000	</row1>
					<row2>	0.0000 0.0000 -0.7000 0.0000	</row2>
					<row3>	-0.3389 1.0003 0.7812 1.0000	</row3>
				</transform>
			</node>
			<node>
				<identifier>	MP_CM126_Cleat_INDEX_6	</identifier>
				<transform>
					<row0>	-0.7000 0.0000 0.0000 0.0000	</row0>
					<row1>	0.0000 0.7000 0.0000 0.0000	</row1>
					<row2>	0.0000 0.0000 -0.7000 0.0000	</row2>
					<row3>	-0.3389 1.0003 0.8119 1.0000	</row3>
				</transform>
			</node>
			<node>
				<identifier>	MP_GM001_Paravane	</identifier>
				<transform>
					<row0>	0.0000 1.0000 0.0000 0.0000	</row0>
					<row1>	0.4692 0.0000 -0.8831 0.0000	</row1>
					<row2>	-0.8831 0.0000 -0.4692 0.0000	</row2>
					<row3>	-0.2474 0.3492 3.7756 1.0000	</row3>
				</transform>
			</node>
			<node>
				<identifier>	MP_GM001_Paravane_INDEX_1	</identifier>
				<transform>
					<row0>	0.0000 1.0000 0.0000 0.0000	</row0>
					<row1>	-0.1160 0.0000 -0.9932 0.0000	</row1>
					<row2>	-0.9932 0.0000 0.1160 0.0000	</row2>
					<row3>	-0.0202 0.3507 3.8574 1.0000	</row3>
				</transform>
			</node>
			<node>
				<identifier>	MP_GM001_Paravane_INDEX_2	</identifier>
				<transform>
					<row0>	0.0000 -1.0000 0.0000 0.0000	</row0>
					<row1>	-0.4199 0.0000 -0.9076 0.0000	</row1>
					<row2>	0.9076 0.0000 -0.4199 0.0000	</row2>
					<row3>	0.2349 0.3494 3.7849 1.0000	</row3>
				</transform>
			</node>
			<node>
				<identifier>	MP_GM002_Fog_Horn	</identifier>
				<transform>
					<row0>	1.0000 0.0000 0.0000 0.0000	</row0>
					<row1>	0.0000 1.0000 0.0000 0.0000	</row1>
					<row2>	0.0000 0.0000 1.0000 0.0000	</row2>
					<row3>	0.1944 1.4356 1.3631 1.0000	</row3>
				</transform>
			</node>
			<node>
				<identifier>	MP_GM005_Reels_3	</identifier>
				<transform>
					<row0>	1.3000 0.0000 0.0000 0.0000	</row0>
					<row1>	0.0000 0.6000 0.0000 0.0000	</row1>
					<row2>	0.0000 0.0000 0.6000 0.0000	</row2>
					<row3>	0.1733 0.3296 5.4244 1.0000	</row3>
				</transform>
			</node>
			<node>
				<identifier>	MP_GM005_Reels_3_INDEX_1	</identifier>
				<transform>
					<row0>	1.3000 0.0000 0.0000 0.0000	</row0>
					<row1>	0.0000 0.6000 0.0000 0.0000	</row1>
					<row2>	0.0000 0.0000 0.6000 0.0000	</row2>
					<row3>	-0.1871 0.3296 5.4133 1.0000	</row3>
				</transform>
			</node>
			<node>
				<identifier>	MP_GM005_Reels_3_INDEX_2	</identifier>
				<transform>
					<row0>	1.2000 0.0000 0.0000 0.0000	</row0>
					<row1>	0.0000 0.5000 0.0000 0.0000	</row1>
					<row2>	0.0000 0.0000 0.5000 0.0000	</row2>
					<row3>	-0.3502 0.3282 5.2243 1.0000	</row3>
				</transform>
			</node>
			<node>
				<identifier>	MP_GM005_Reels_3_INDEX_3	</identifier>
				<transform>
					<row0>	0.0000 0.0000 1.0000 0.0000	</row0>
					<row1>	0.0000 0.5000 0.0000 0.0000	</row1>
					<row2>	-0.5000 0.0000 0.0000 0.0000	</row2>
					<row3>	0.5455 0.2931 2.5448 1.0000	</row3>
				</transform>
			</node>
			<node>
				<identifier>	MP_GM005_Reels_3_INDEX_4	</identifier>
				<transform>
					<row0>	0.1788 0.0000 0.9839 0.0000	</row0>
					<row1>	0.0000 0.5000 0.0000 0.0000	</row1>
					<row2>	-0.4919 0.0000 0.0894 0.0000	</row2>
					<row3>	-0.4190 0.2945 3.5555 1.0000	</row3>
				</transform>
			</node>
			<node>
				<identifier>	MP_GM005_Reels_3_INDEX_5	</identifier>
				<transform>
					<row0>	0.1788 0.0000 -0.9839 0.0000	</row0>
					<row1>	0.0000 0.5000 0.0000 0.0000	</row1>
					<row2>	0.4919 0.0000 0.0894 0.0000	</row2>
					<row3>	0.4190 0.2945 3.5555 1.0000	</row3>
				</transform>
			</node>
			<node>
				<identifier>	MP_GM005_Reels_3_INDEX_6	</identifier>
				<transform>
					<row0>	1.2000 0.0000 0.0000 0.0000	</row0>
					<row1>	0.0000 0.5000 0.0000 0.0000	</row1>
					<row2>	0.0000 0.0000 0.5000 0.0000	</row2>
					<row3>	0.3189 0.3282 5.2243 1.0000	</row3>
				</transform>
			</node>
			<node>
				<identifier>	MP_GM005_Reels_3_INDEX_7	</identifier>
				<transform>
					<row0>	0.0000 0.0000 -1.0000 0.0000	</row0>
					<row1>	0.0000 0.5000 0.0000 0.0000	</row1>
					<row2>	0.5000 0.0000 0.0000 0.0000	</row2>
					<row3>	-0.5455 0.2931 2.5448 1.0000	</row3>
				</transform>
			</node>
			<node>
				<identifier>	MP_GM008_Loudspeaker	</identifier>
				<transform>
					<row0>	-0.9716 0.0000 0.2367 0.0000	</row0>
					<row1>	0.0000 1.0000 0.0000 0.0000	</row1>
					<row2>	-0.2367 0.0000 -0.9716 0.0000	</row2>
					<row3>	-0.4758 0.8015 1.7368 1.0000	</row3>
				</transform>
			</node>
			<node>
				<identifier>	MP_GM008_Loudspeaker_INDEX_1	</identifier>
				<transform>
					<row0>	0.9716 0.0000 0.2367 0.0000	</row0>
					<row1>	0.0000 1.0000 0.0000 0.0000	</row1>
					<row2>	-0.2367 0.0000 0.9716 0.0000	</row2>
					<row3>	0.4758 0.8015 1.7368 1.0000	</row3>
				</transform>
			</node>
			<node>
				<identifier>	MP_GM010_Binocular	</identifier>
				<transform>
					<row0>	-1.0000 0.0000 0.0000 0.0000	</row0>
					<row1>	0.0000 1.0000 0.0000 0.0000	</row1>
					<row2>	0.0000 0.0000 -1.0000 0.0000	</row2>
					<row3>	-0.4555 0.7566 2.3733 1.0000	</row3>
				</transform>
			</node>
			<node>
				<identifier>	MP_GM010_Binocular_INDEX_1	</identifier>
				<transform>
					<row0>	1.0000 0.0000 0.0000 0.0000	</row0>
					<row1>	0.0000 1.0000 0.0000 0.0000	</row1>
					<row2>	0.0000 0.0000 1.0000 0.0000	</row2>
					<row3>	0.3404 0.9136 2.1917 1.0000	</row3>
				</transform>
			</node>
			<node>
				<identifier>	MP_GM010_Binocular_INDEX_2	</identifier>
				<transform>
					<row0>	1.0000 0.0000 0.0000 0.0000	</row0>
					<row1>	0.0000 1.0000 0.0000 0.0000	</row1>
					<row2>	0.0000 0.0000 1.0000 0.0000	</row2>
					<row3>	0.4555 0.7566 2.3733 1.0000	</row3>
				</transform>
			</node>
			<node>
				<identifier>	MP_GM010_Binocular_INDEX_3	</identifier>
				<transform>
					<row0>	-1.0000 0.0000 0.0000 0.0000	</row0>
					<row1>	0.0000 1.0000 0.0000 0.0000	</row1>
					<row2>	0.0000 0.0000 -1.0000 0.0000	</row2>
					<row3>	-0.3404 0.9136 2.1917 1.0000	</row3>
				</transform>
			</node>
			<node>
				<identifier>	MP_GM010_Binocular_INDEX_4	</identifier>
				<transform>
					<row0>	1.0000 0.0000 0.0000 0.0000	</row0>
					<row1>	0.0000 1.0000 0.0000 0.0000	</row1>
					<row2>	0.0000 0.0000 1.0000 0.0000	</row2>
					<row3>	0.1862 1.0653 1.4376 1.0000	</row3>
				</transform>
			</node>
			<node>
				<identifier>	MP_GM010_Binocular_INDEX_5	</identifier>
				<transform>
					<row0>	-1.0000 0.0000 0.0000 0.0000	</row0>
					<row1>	0.0000 1.0000 0.0000 0.0000	</row1>
					<row2>	0.0000 0.0000 -1.0000 0.0000	</row2>
					<row3>	-0.1862 1.0653 1.4376 1.0000	</row3>
				</transform>
			</node>
			<node>
				<identifier>	MP_GM011_Pelorus	</identifier>
				<transform>
					<row0>	-0.7919 0.0000 -0.6107 0.0000	</row0>
					<row1>	0.0000 1.0000 0.0000 0.0000	</row1>
					<row2>	0.6107 0.0000 -0.7919 0.0000	</row2>
					<row3>	-0.2721 1.2849 1.3026 1.0000	</row3>
				</transform>
			</node>
			<node>
				<identifier>	MP_GM011_Pelorus_INDEX_1	</identifier>
				<transform>
					<row0>	-0.6480 0.0000 -0.7616 0.0000	</row0>
					<row1>	0.0000 1.0000 0.0000 0.0000	</row1>
					<row2>	0.7616 0.0000 -0.6480 0.0000	</row2>
					<row3>	-0.1510 1.7171 1.2549 1.0000	</row3>
				</transform>
			</node>
			<node>
				<identifier>	MP_GM011_Pelorus_INDEX_2	</identifier>
				<transform>
					<row0>	-0.7919 0.0000 0.6107 0.0000	</row0>
					<row1>	0.0000 1.0000 0.0000 0.0000	</row1>
					<row2>	-0.6107 0.0000 -0.7919 0.0000	</row2>
					<row3>	0.2721 1.2849 1.3026 1.0000	</row3>
				</transform>
			</node>
			<node>
				<identifier>	MP_GM011_Pelorus_INDEX_3	</identifier>
				<transform>
					<row0>	-0.6480 0.0000 0.7616 0.0000	</row0>
					<row1>	0.0000 1.0000 0.0000 0.0000	</row1>
					<row2>	-0.7616 0.0000 -0.6480 0.0000	</row2>
					<row3>	0.1510 1.7171 1.2549 1.0000	</row3>
				</transform>
			</node>
			<node>
				<identifier>	MP_GM011_Pelorus_INDEX_4	</identifier>
				<transform>
					<row0>	-0.1455 0.0000 0.9894 0.0000	</row0>
					<row1>	0.0000 1.0000 0.0000 0.0000	</row1>
					<row2>	-0.9894 0.0000 -0.1455 0.0000	</row2>
					<row3>	0.3815 0.9154 1.8705 1.0000	</row3>
				</transform>
			</node>
			<node>
				<identifier>	MP_GM011_Pelorus_INDEX_5	</identifier>
				<transform>
					<row0>	-0.1455 0.0000 -0.9894 0.0000	</row0>
					<row1>	0.0000 1.0000 0.0000 0.0000	</row1>
					<row2>	0.9894 0.0000 -0.1455 0.0000	</row2>
					<row3>	-0.3815 0.9154 1.8705 1.0000	</row3>
				</transform>
			</node>
			<node>
				<identifier>	MP_GM011_Pelorus_INDEX_6	</identifier>
				<transform>
					<row0>	-1.0000 0.0000 0.0000 0.0000	</row0>
					<row1>	0.0000 1.0000 0.0000 0.0000	</row1>
					<row2>	0.0000 0.0000 -1.0000 0.0000	</row2>
					<row3>	-0.0483 1.0650 1.4776 1.0000	</row3>
				</transform>
			</node>
			<node>
				<identifier>	MP_GM011_Pelorus_INDEX_7	</identifier>
				<transform>
					<row0>	-1.0000 0.0000 0.0000 0.0000	</row0>
					<row1>	0.0000 1.0000 0.0000 0.0000	</row1>
					<row2>	0.0000 0.0000 -1.0000 0.0000	</row2>
					<row3>	0.0213 0.7576 2.5173 1.0000	</row3>
				</transform>
			</node>
			<node>
				<identifier>	MP_GM011_Pelorus_INDEX_8	</identifier>
				<transform>
					<row0>	0.9938 0.0000 0.1108 0.0000	</row0>
					<row1>	0.0000 1.0000 0.0000 0.0000	</row1>
					<row2>	-0.1108 0.0000 0.9938 0.0000	</row2>
					<row3>	-0.1027 1.2717 1.3845 1.0000	</row3>
				</transform>
			</node>
			<node>
				<identifier>	MP_GM013_Siren	</identifier>
				<transform>
					<row0>	0.0735 0.0000 -0.9973 0.0000	</row0>
					<row1>	0.0000 1.0000 0.0000 0.0000	</row1>
					<row2>	0.9973 0.0000 0.0735 0.0000	</row2>
					<row3>	0.4584 0.4183 3.3567 1.0000	</row3>
				</transform>
			</node>
			<node>
				<identifier>	MP_GM013_Siren_INDEX_1	</identifier>
				<transform>
					<row0>	0.0169 0.0000 -0.9999 0.0000	</row0>
					<row1>	0.0000 1.0000 0.0000 0.0000	</row1>
					<row2>	0.9999 0.0000 0.0169 0.0000	</row2>
					<row3>	0.8466 0.4183 1.3641 1.0000	</row3>
				</transform>
			</node>
			<node>
				<identifier>	MP_GM013_Siren_INDEX_2	</identifier>
				<transform>
					<row0>	0.0169 0.0000 0.9999 0.0000	</row0>
					<row1>	0.0000 1.0000 0.0000 0.0000	</row1>
					<row2>	-0.9999 0.0000 0.0169 0.0000	</row2>
					<row3>	-0.1370 1.1961 1.0110 1.0000	</row3>
				</transform>
			</node>
			<node>
				<identifier>	MP_GM013_Siren_INDEX_3	</identifier>
				<transform>
					<row0>	0.0169 0.0000 -0.9999 0.0000	</row0>
					<row1>	0.0000 1.0000 0.0000 0.0000	</row1>
					<row2>	0.9999 0.0000 0.0169 0.0000	</row2>
					<row3>	0.1370 1.1961 1.0110 1.0000	</row3>
				</transform>
			</node>
			<node>
				<identifier>	MP_GM013_Siren_INDEX_4	</identifier>
				<transform>
					<row0>	0.0735 0.0000 0.9973 0.0000	</row0>
					<row1>	0.0000 1.0000 0.0000 0.0000	</row1>
					<row2>	-0.9973 0.0000 0.0735 0.0000	</row2>
					<row3>	-0.4585 0.4183 3.3550 1.0000	</row3>
				</transform>
			</node>
			<node>
				<identifier>	MP_GM013_Siren_INDEX_5	</identifier>
				<transform>
					<row0>	0.0169 0.0000 0.9999 0.0000	</row0>
					<row1>	0.0000 1.0000 0.0000 0.0000	</row1>
					<row2>	-0.9999 0.0000 0.0169 0.0000	</row2>
					<row3>	-0.8466 0.4183 1.3641 1.0000	</row3>
				</transform>
			</node>
			<node>
				<identifier>	MP_GM043_Antenna_FuMB_Ant3_Bali	</identifier>
				<transform>
					<row0>	-1.0000 0.0000 0.0000 0.0000	</row0>
					<row1>	0.0000 1.0000 0.0000 0.0000	</row1>
					<row2>	0.0000 0.0000 -1.0000 0.0000	</row2>
					<row3>	-0.0996 2.1421 0.4194 1.0000	</row3>
				</transform>
			</node>
			<node>
				<identifier>	MP_GM043_Antenna_FuMB_Ant3_Bali_INDEX_1	</identifier>
				<transform>
					<row0>	-1.0000 0.0000 0.0000 0.0000	</row0>
					<row1>	0.0000 1.0000 0.0000 0.0000	</row1>
					<row2>	0.0000 0.0000 -1.0000 0.0000	</row2>
					<row3>	0.0996 2.1421 0.4194 1.0000	</row3>
				</transform>
			</node>
			<node>
				<identifier>	MP_GM047_Antenna_FuMB_Ant4_Sumatra	</identifier>
				<transform>
					<row0>	0.0000 0.0000 1.0000 0.0000	</row0>
					<row1>	0.0000 1.0000 0.0000 0.0000	</row1>
					<row2>	-1.0000 0.0000 0.0000 0.0000	</row2>
					<row3>	-0.4829 1.2983 1.1663 1.0000	</row3>
				</transform>
			</node>
			<node>
				<identifier>	MP_GM047_Antenna_FuMB_Ant4_Sumatra_INDEX_1	</identifier>
				<transform>
					<row0>	0.8982 0.0000 0.4395 0.0000	</row0>
					<row1>	0.0000 1.0000 0.0000 0.0000	</row1>
					<row2>	-0.4395 0.0000 0.8982 0.0000	</row2>
					<row3>	-0.0764 1.7446 1.4077 1.0000	</row3>
				</transform>
			</node>
			<node>
				<identifier>	MP_GM047_Antenna_FuMB_Ant4_Sumatra_INDEX_2	</identifier>
				<transform>
					<row0>	0.8982 0.0000 -0.4395 0.0000	</row0>
					<row1>	0.0000 1.0000 0.0000 0.0000	</row1>
					<row2>	0.4395 0.0000 0.8982 0.0000	</row2>
					<row3>	0.0764 1.7446 1.4077 1.0000	</row3>
				</transform>
			</node>
			<node>
				<identifier>	MP_GM047_Antenna_FuMB_Ant4_Sumatra_INDEX_3	</identifier>
				<transform>
					<row0>	0.6415 0.0000 0.7671 0.0000	</row0>
					<row1>	0.0000 1.0000 0.0000 0.0000	</row1>
					<row2>	-0.7671 0.0000 0.6415 0.0000	</row2>
					<row3>	-0.2608 1.7446 1.1909 1.0000	</row3>
				</transform>
			</node>
			<node>
				<identifier>	MP_GM047_Antenna_FuMB_Ant4_Sumatra_INDEX_4	</identifier>
				<transform>
					<row0>	0.6415 0.0000 -0.7671 0.0000	</row0>
					<row1>	0.0000 1.0000 0.0000 0.0000	</row1>
					<row2>	0.7671 0.0000 0.6415 0.0000	</row2>
					<row3>	0.2608 1.7446 1.1909 1.0000	</row3>
				</transform>
			</node>
			<node>
				<identifier>	MP_GM047_Antenna_FuMB_Ant4_Sumatra_INDEX_5	</identifier>
				<transform>
					<row0>	0.0000 0.0000 -1.0000 0.0000	</row0>
					<row1>	0.0000 1.0000 0.0000 0.0000	</row1>
					<row2>	1.0000 0.0000 0.0000 0.0000	</row2>
					<row3>	0.1600 1.6052 1.1406 1.0000	</row3>
				</transform>
			</node>
			<node>
