<BSB056_Devastation_1952_MidFront_ports.visual>
	<node>
		<identifier>	Scene Root	</identifier>
		<transform>
			<row0>	1.0000 0.0000 0.0000 0.0000	</row0>
			<row1>	0.0000 1.0000 0.0000 0.0000	</row1>
			<row2>	0.0000 0.0000 1.0000 0.0000	</row2>
			<row3>	0.0000 0.0000 0.0000 1.0000	</row3>
		</transform>
		<node>
			<identifier>	MidFront_ports	</identifier>
			<transform>
				<row0>	1.0000 0.0000 0.0000 0.0000	</row0>
				<row1>	0.0000 1.0000 0.0000 0.0000	</row1>
				<row2>	0.0000 0.0000 1.0000 0.0000	</row2>
				<row3>	0.0000 0.0000 0.0000 1.0000	</row3>
			</transform>
			<node>
				<identifier>	HP_BD_1	</identifier>
				<transform>
					<row0>	0.0000 0.0000 1.0000 0.0000	</row0>
					<row1>	0.0000 1.0000 0.0000 0.0000	</row1>
					<row2>	-1.0000 0.0000 0.0000 0.0000	</row2>
					<row3>	-0.1727 1.4673 1.9401 1.0000	</row3>
				</transform>
			</node>
			<node>
				<identifier>	HP_BD_10	</identifier>
				<transform>
					<row0>	0.0000 0.0000 -1.0000 0.0000	</row0>
					<row1>	0.0000 1.0000 0.0000 0.0000	</row1>
					<row2>	1.0000 0.0000 0.0000 0.0000	</row2>
					<row3>	0.4204 1.3237 0.1774 1.0000	</row3>
				</transform>
			</node>
			<node>
				<identifier>	HP_BD_2	</identifier>
				<transform>
					<row0>	0.0000 0.0000 -1.0000 0.0000	</row0>
					<row1>	0.0000 1.0000 0.0000 0.0000	</row1>
					<row2>	1.0000 0.0000 0.0000 0.0000	</row2>
					<row3>	0.1726 1.4673 1.9401 1.0000	</row3>
				</transform>
			</node>
			<node>
				<identifier>	HP_BD_3	</identifier>
				<transform>
					<row0>	1.0000 0.0000 0.0000 0.0000	</row0>
					<row1>	0.0000 1.0000 0.0000 0.0000	</row1>
					<row2>	0.0000 0.0000 1.0000 0.0000	</row2>
					<row3>	0.0000 1.6667 1.7823 1.0000	</row3>
				</transform>
			</node>
			<node>
				<identifier>	HP_BD_4	</identifier>
				<transform>
					<row0>	1.0000 0.0000 0.0000 0.0000	</row0>
					<row1>	0.0000 1.0000 0.0000 0.0000	</row1>
					<row2>	0.0000 0.0000 1.0000 0.0000	</row2>
					<row3>	0.0000 2.0468 1.3354 1.0000	</row3>
				</transform>
			</node>
			<node>
				<identifier>	HP_BD_5	</identifier>
				<transform>
					<row0>	0.0000 0.0000 1.0000 0.0000	</row0>
					<row1>	0.0000 1.0000 0.0000 0.0000	</row1>
					<row2>	-1.0000 0.0000 0.0000 0.0000	</row2>
					<row3>	-0.4491 1.1598 1.1323 1.0000	</row3>
				</transform>
			</node>
			<node>
				<identifier>	HP_BD_6	</identifier>
				<transform>
					<row0>	0.0000 0.0000 -1.0000 0.0000	</row0>
					<row1>	0.0000 1.0000 0.0000 0.0000	</row1>
					<row2>	1.0000 0.0000 0.0000 0.0000	</row2>
					<row3>	0.4491 1.1598 1.1323 1.0000	</row3>
				</transform>
			</node>
			<node>
				<identifier>	HP_BD_7	</identifier>
				<transform>
					<row0>	0.0000 0.0000 1.0000 0.0000	</row0>
					<row1>	0.0000 1.0000 0.0000 0.0000	</row1>
					<row2>	-1.0000 0.0000 0.0000 0.0000	</row2>
					<row3>	-0.4491 1.3237 0.7266 1.0000	</row3>
				</transform>
			</node>
			<node>
				<identifier>	HP_BD_8	</identifier>
				<transform>
					<row0>	0.0000 0.0000 -1.0000 0.0000	</row0>
					<row1>	0.0000 1.0000 0.0000 0.0000	</row1>
					<row2>	1.0000 0.0000 0.0000 0.0000	</row2>
					<row3>	0.4491 1.3237 0.7266 1.0000	</row3>
				</transform>
			</node>
			<node>
				<identifier>	HP_BD_9	</identifier>
				<transform>
					<row0>	0.0000 0.0000 1.0000 0.0000	</row0>
					<row1>	0.0000 1.0000 0.0000 0.0000	</row1>
					<row2>	-1.0000 0.0000 0.0000 0.0000	</row2>
					<row3>	-0.4204 1.3237 0.1774 1.0000	</row3>
				</transform>
			</node>
			<node>
				<identifier>	HP_BGA_10	</identifier>
				<transform>
					<row0>	0.0000 0.0000 -1.0000 0.0000	</row0>
					<row1>	0.0000 1.0000 0.0000 0.0000	</row1>
					<row2>	1.0000 0.0000 0.0000 0.0000	</row2>
					<row3>	0.6721 0.7745 0.6403 1.0000	</row3>
				</transform>
			</node>
			<node>
				<identifier>	HP_BGA_5	</identifier>
				<transform>
					<row0>	0.0000 0.0000 1.0000 0.0000	</row0>
					<row1>	0.0000 1.0000 0.0000 0.0000	</row1>
					<row2>	-1.0000 0.0000 0.0000 0.0000	</row2>
					<row3>	-0.7409 0.4407 2.4347 1.0000	</row3>
				</transform>
			</node>
			<node>
				<identifier>	HP_BGA_6	</identifier>
				<transform>
					<row0>	0.0000 0.0000 -1.0000 0.0000	</row0>
					<row1>	0.0000 1.0000 0.0000 0.0000	</row1>
					<row2>	1.0000 0.0000 0.0000 0.0000	</row2>
					<row3>	0.7409 0.4407 2.4347 1.0000	</row3>
				</transform>
			</node>
			<node>
				<identifier>	HP_BGA_7	</identifier>
				<transform>
					<row0>	0.0000 0.0000 1.0000 0.0000	</row0>
					<row1>	0.0000 1.0000 0.0000 0.0000	</row1>
					<row2>	-1.0000 0.0000 0.0000 0.0000	</row2>
					<row3>	-0.6721 0.6094 1.2073 1.0000	</row3>
				</transform>
			</node>
			<node>
				<identifier>	HP_BGA_8	</identifier>
				<transform>
					<row0>	0.0000 0.0000 -1.0000 0.0000	</row0>
					<row1>	0.0000 1.0000 0.0000 0.0000	</row1>
					<row2>	1.0000 0.0000 0.0000 0.0000	</row2>
					<row3>	0.6721 0.6094 1.2073 1.0000	</row3>
				</transform>
			</node>
			<node>
				<identifier>	HP_BGA_9	</identifier>
				<transform>
					<row0>	0.0000 0.0000 1.0000 0.0000	</row0>
					<row1>	0.0000 1.0000 0.0000 0.0000	</row1>
					<row2>	-1.0000 0.0000 0.0000 0.0000	</row2>
					<row3>	-0.6721 0.7745 0.6403 1.0000	</row3>
				</transform>
			</node>
			<node>
				<identifier>	HP_BGM_1	</identifier>
				<transform>
					<row0>	1.0000 0.0000 0.0000 0.0000	</row0>
					<row1>	0.0000 1.0000 0.0000 0.0000	</row1>
					<row2>	0.0000 0.0000 1.0000 0.0000	</row2>
					<row3>	0.0000 0.5108 4.6270 1.0000	</row3>
				</transform>
			</node>
			<node>
				<identifier>	HP_BGM_2	</identifier>
				<transform>
					<row0>	1.0000 0.0000 0.0000 0.0000	</row0>
					<row1>	0.0000 1.0000 0.0000 0.0000	</row1>
					<row2>	0.0000 0.0000 1.0000 0.0000	</row2>
					<row3>	0.0000 0.7599 3.0824 1.0000	</row3>
				</transform>
			</node>
			<node>
				<identifier>	HP_BGS_1	</identifier>
				<transform>
					<row0>	1.0000 0.0000 0.0000 0.0000	</row0>
					<row1>	0.0000 1.0000 0.0000 0.0000	</row1>
					<row2>	0.0000 0.0000 1.0000 0.0000	</row2>
					<row3>	-1.0864 0.4508 0.8074 1.0000	</row3>
				</transform>
			</node>
			<node>
				<identifier>	HP_BGS_2	</identifier>
				<transform>
					<row0>	1.0000 0.0000 0.0000 0.0000	</row0>
					<row1>	0.0000 1.0000 0.0000 0.0000	</row1>
					<row2>	0.0000 0.0000 1.0000 0.0000	</row2>
					<row3>	1.0864 0.4508 0.8074 1.0000	</row3>
				</transform>
			</node>
			<node>
				<identifier>	HP_BGS_3	</identifier>
				<transform>
					<row0>	1.0000 0.0000 0.0000 0.0000	</row0>
					<row1>	0.0000 1.0000 0.0000 0.0000	</row1>
					<row2>	0.0000 0.0000 1.0000 0.0000	</row2>
					<row3>	-0.9450 0.5717 0.3203 1.0000	</row3>
				</transform>
			</node>
			<node>
				<identifier>	HP_BGS_4	</identifier>
				<transform>
					<row0>	1.0000 0.0000 0.0000 0.0000	</row0>
					<row1>	0.0000 1.0000 0.0000 0.0000	</row1>
					<row2>	0.0000 0.0000 1.0000 0.0000	</row2>
					<row3>	0.9450 0.5717 0.3203 1.0000	</row3>
				</transform>
			</node>
			<node>
				<identifier>	HP_BRF_1	</identifier>
				<transform>
					<row0>	1.0000 0.0000 0.0000 0.0000	</row0>
					<row1>	0.0000 1.0000 0.0000 0.0000	</row1>
					<row2>	0.0000 0.0000 1.0000 0.0000	</row2>
					<row3>	-0.0825 2.6835 0.8830 1.0000	</row3>
				</transform>
			</node>
			<node>
				<identifier>	HP_BRS_1	</identifier>
				<transform>
					<row0>	1.0000 0.0000 0.0000 0.0000	</row0>
					<row1>	0.0000 1.0000 0.0000 0.0000	</row1>
					<row2>	0.0000 0.0000 1.0000 0.0000	</row2>
					<row3>	-0.0012 2.1460 0.8907 1.0000	</row3>
				</transform>
			</node>
			<node>
				<identifier>	HP_BRS_2	</identifier>
				<transform>
					<row0>	1.0000 0.0000 0.0000 0.0000	</row0>
					<row1>	0.0000 1.0000 0.0000 0.0000	</row1>
					<row2>	0.0000 0.0000 1.0000 0.0000	</row2>
					<row3>	0.0000 2.4838 0.8253 1.0000	</row3>
				</transform>
			</node>
			<node>
				<identifier>	HP_BRS_3	</identifier>
				<transform>
					<row0>	1.0000 0.0000 0.0000 0.0000	</row0>
					<row1>	0.0000 1.0000 0.0000 0.0000	</row1>
					<row2>	0.0000 0.0000 1.0000 0.0000	</row2>
					<row3>	0.0000 2.7147 0.7467 1.0000	</row3>
				</transform>
			</node>
			<node>
				<identifier>	HP_FX_Death_1	</identifier>
				<transform>
					<row0>	1.0000 0.0000 0.0000 0.0000	</row0>
					<row1>	0.0000 1.0000 0.0000 0.0000	</row1>
					<row2>	0.0000 0.0000 1.0000 0.0000	</row2>
					<row3>	0.0000 -0.0035 5.1910 1.0000	</row3>
				</transform>
			</node>
			<node>
				<identifier>	HP_FX_Death_2	</identifier>
				<transform>
					<row0>	1.0000 0.0000 0.0000 0.0000	</row0>
					<row1>	0.0000 1.0000 0.0000 0.0000	</row1>
					<row2>	0.0000 0.0000 1.0000 0.0000	</row2>
					<row3>	0.0000 -0.0035 0.8317 1.0000	</row3>
				</transform>
			</node>
			<node>
				<identifier>	HP_FX_Fire_2	</identifier>
				<transform>
					<row0>	1.0000 0.0000 0.0000 0.0000	</row0>
					<row1>	0.0000 1.0000 0.0000 0.0000	</row1>
					<row2>	0.0000 0.0000 1.0000 0.0000	</row2>
					<row3>	0.0000 1.5256 1.9682 1.0000	</row3>
				</transform>
			</node>
			<node>
				<identifier>	HP_FX_Fire_2_side_1	</identifier>
				<transform>
					<row0>	0.9986 0.0000 -0.0531 0.0000	</row0>
					<row1>	0.0000 1.0000 0.0000 0.0000	</row1>
					<row2>	0.0531 0.0000 0.9986 0.0000	</row2>
					<row3>	-0.9758 0.4561 3.6646 1.0000	</row3>
				</transform>
			</node>
			<node>
				<identifier>	HP_FX_Fire_2_side_2	</identifier>
				<transform>
					<row0>	0.9971 0.0000 0.0763 0.0000	</row0>
					<row1>	0.0000 1.0000 0.0000 0.0000	</row1>
					<row2>	-0.0763 0.0000 0.9971 0.0000	</row2>
					<row3>	1.1424 0.4605 2.1786 1.0000	</row3>
				</transform>
			</node>
			<node>
				<identifier>	HP_FX_Fire_5	</identifier>
				<transform>
					<row0>	1.0000 0.0000 0.0000 0.0000	</row0>
					<row1>	0.0000 1.0000 0.0000 0.0000	</row1>
					<row2>	0.0000 0.0000 1.0000 0.0000	</row2>
					<row3>	0.0000 0.9054 -0.1486 1.0000	</row3>
				</transform>
			</node>
			<node>
				<identifier>	HP_FX_FloodLight_left_1	</identifier>
				<transform>
					<row0>	-1.0000 0.0000 0.0000 0.0000	</row0>
					<row1>	0.0000 1.0000 0.0000 0.0000	</row1>
					<row2>	0.0000 0.0000 -1.0000 0.0000	</row2>
					<row3>	-0.2449 1.2444 1.3693 1.0000	</row3>
				</transform>
			</node>
			<node>
				<identifier>	HP_FX_FloodLight_right_1	</identifier>
				<transform>
					<row0>	1.0000 0.0000 0.0000 0.0000	</row0>
					<row1>	0.0000 1.0000 0.0000 0.0000	</row1>
					<row2>	0.0000 0.0000 1.0000 0.0000	</row2>
					<row3>	0.2449 1.2444 1.3693 1.0000	</row3>
				</transform>
			</node>
			<node>
				<identifier>	HP_FX_Flood_steam_1	</identifier>
				<transform>
					<row0>	1.0000 0.0000 0.0000 0.0000	</row0>
					<row1>	0.0000 0.9459 -0.3243 0.0000	</row1>
					<row2>	0.0000 0.3243 0.9459 0.0000	</row2>
					<row3>	-0.0247 1.9557 0.0373 1.0000	</row3>
				</transform>
			</node>
			<node>
				<identifier>	HP_FX_Flood_steam_left	</identifier>
				<transform>
					<row0>	-1.0000 0.0000 0.0000 0.0000	</row0>
					<row1>	0.0000 1.0000 0.0000 0.0000	</row1>
					<row2>	0.0000 0.0000 -1.0000 0.0000	</row2>
					<row3>	-1.2198 0.3488 1.9073 1.0000	</row3>
				</transform>
			</node>
			<node>
				<identifier>	HP_FX_Flood_water_left_3	</identifier>
				<transform>
					<row0>	-1.0000 0.0000 0.0000 0.0000	</row0>
					<row1>	0.0000 1.0000 0.0000 0.0000	</row1>
					<row2>	0.0000 0.0000 -1.0000 0.0000	</row2>
					<row3>	-1.2303 0.1140 1.3938 1.0000	</row3>
				</transform>
			</node>
			<node>
				<identifier>	HP_FX_Flood_water_left_4	</identifier>
				<transform>
					<row0>	-1.0000 0.0000 0.0000 0.0000	</row0>
					<row1>	0.0000 1.0000 0.0000 0.0000	</row1>
					<row2>	0.0000 0.0000 -1.0000 0.0000	</row2>
					<row3>	-1.0076 0.1130 4.3214 1.0000	</row3>
				</transform>
			</node>
			<node>
				<identifier>	HP_FX_Flood_water_right_3	</identifier>
				<transform>
					<row0>	1.0000 0.0000 0.0000 0.0000	</row0>
					<row1>	0.0000 1.0000 0.0000 0.0000	</row1>
					<row2>	0.0000 0.0000 1.0000 0.0000	</row2>
					<row3>	1.2273 0.1131 1.3938 1.0000	</row3>
				</transform>
			</node>
			<node>
				<identifier>	HP_FX_Flood_water_right_4	</identifier>
				<transform>
					<row0>	1.0000 0.0000 0.0000 0.0000	</row0>
					<row1>	0.0000 1.0000 0.0000 0.0000	</row1>
					<row2>	0.0000 0.0000 1.0000 0.0000	</row2>
					<row3>	1.0027 0.1147 4.3220 1.0000	</row3>
				</transform>
			</node>
			<node>
				<identifier>	HP_FX_Rage_beam_5	</identifier>
				<transform>
					<row0>	1.0000 0.0000 0.0000 0.0000	</row0>
					<row1>	0.0000 1.0000 0.0000 0.0000	</row1>
					<row2>	0.0000 0.0000 1.0000 0.0000	</row2>
					<row3>	-0.1229 2.1329 1.4553 1.0000	</row3>
				</transform>
			</node>
			<node>
				<identifier>	HP_FX_Rage_beam_6	</identifier>
				<transform>
					<row0>	1.0000 0.0000 0.0000 0.0000	</row0>
					<row1>	0.0000 1.0000 0.0000 0.0000	</row1>
					<row2>	0.0000 0.0000 1.0000 0.0000	</row2>
					<row3>	0.1172 2.1329 1.4553 1.0000	</row3>
				</transform>
			</node>
			<node>
				<identifier>	HP_FX_RepairLight_left_1	</identifier>
				<transform>
					<row0>	0.1193 0.0000 0.9929 0.0000	</row0>
					<row1>	-0.4282 0.9022 0.0515 0.0000	</row1>
					<row2>	-0.8958 -0.4313 0.1076 0.0000	</row2>
					<row3>	-1.1858 0.4356 2.9176 1.0000	</row3>
				</transform>
			</node>
			<node>
				<identifier>	HP_FX_RepairLight_right_1	</identifier>
				<transform>
					<row0>	0.0957 0.0000 -0.9954 0.0000	</row0>
					<row1>	0.0000 1.0000 0.0000 0.0000	</row1>
					<row2>	0.9954 0.0000 0.0957 0.0000	</row2>
					<row3>	1.1341 0.4360 3.6110 1.0000	</row3>
				</transform>
			</node>
			<node>
				<identifier>	HP_FX_Smoke_1	</identifier>
				<transform>
					<row0>	1.0000 0.0000 0.0000 0.0000	</row0>
					<row1>	0.0000 0.9016 -0.4325 0.0000	</row1>
					<row2>	0.0000 0.4325 0.9016 0.0000	</row2>
					<row3>	0.0000 2.0314 0.1820 1.0000	</row3>
				</transform>
			</node>
			<node>
				<identifier>	HP_Ship_death_2	</identifier>
				<transform>
					<row0>	1.0000 0.0000 0.0000 0.0000	</row0>
					<row1>	0.0000 1.0000 0.0000 0.0000	</row1>
					<row2>	0.0000 0.0000 1.0000 0.0000	</row2>
					<row3>	0.0000 0.0000 -0.3817 1.0000	</row3>
				</transform>
			</node>
			<node>
				<identifier>	HP_flag_1	</identifier>
				<transform>
					<row0>	0.9991 0.0420 -0.0068 0.0000	</row0>
					<row1>	-0.0420 0.9474 -0.3172 0.0000	</row1>
					<row2>	-0.0068 0.3172 0.9483 0.0000	</row2>
					<row3>	0.2408 2.1695 0.7461 1.0000	</row3>
				</transform>
			</node>
			<node>
				<identifier>	HP_flag_2	</identifier>
				<transform>
					<row0>	0.9991 -0.0420 0.0068 0.0000	</row0>
					<row1>	0.0420 0.9474 -0.3172 0.0000	</row1>
					<row2>	0.0068 0.3172 0.9483 0.0000	</row2>
					<row3>	-0.2408 2.1695 0.7461 1.0000	</row3>
				</transform>
			</node>
			<node>
				<identifier>	HP_flag_3	</identifier>
				<transform>
					<row0>	0.9971 0.0755 -0.0088 0.0000	</row0>
					<row1>	-0.0755 0.9702 -0.2303 0.0000	</row1>
					<row2>	-0.0088 0.2303 0.9731 0.0000	</row2>
					<row3>	0.2174 2.1674 0.7391 1.0000	</row3>
				</transform>
			</node>
			<node>
				<identifier>	HP_flag_4	</identifier>
				<transform>
					<row0>	0.9971 -0.0755 0.0088 0.0000	</row0>
					<row1>	0.0755 0.9702 -0.2303 0.0000	</row1>
					<row2>	0.0088 0.2303 0.9731 0.0000	</row2>
					<row3>	-0.2174 2.1674 0.7391 1.0000	</row3>
				</transform>
			</node>
			<node>
				<identifier>	HP_flag_courtesy	</identifier>
				<transform>
					<row0>	0.9986 -0.0527 -0.0033 0.0000	</row0>
					<row1>	0.0527 0.9907 0.1258 0.0000	</row1>
					<row2>	-0.0033 -0.1258 0.9920 0.0000	</row2>
					<row3>	0.2811 2.2402 0.7142 1.0000	</row3>
				</transform>
			</node>
			<node>
				<identifier>	HP_flag_house	</identifier>
				<transform>
					<row0>	0.9986 0.0527 0.0033 0.0000	</row0>
					<row1>	-0.0527 0.9907 0.1258 0.0000	</row1>
					<row2>	0.0033 -0.1258 0.9920 0.0000	</row2>
					<row3>	-0.2811 2.2402 0.7142 1.0000	</row3>
				</transform>
			</node>
			<node>
				<identifier>	HP_flag_rank	</identifier>
				<transform>
					<row0>	1.0000 -0.0063 0.0002 0.0000	</row0>
					<row1>	0.0063 0.9982 -0.0604 0.0000	</row1>
					<row2>	0.0002 0.0604 0.9982 0.0000	</row2>
					<row3>	-0.0006 2.8263 0.4837 1.0000	</row3>
				</transform>
			</node>
			<node>
				<identifier>	MP_BM004_Reels	</identifier>
				<transform>
					<row0>	0.0000 0.0000 1.0000 0.0000	</row0>
					<row1>	0.0000 1.0000 0.0000 0.0000	</row1>
					<row2>	-1.0000 0.0000 0.0000 0.0000	</row2>
					<row3>	0.3707 0.4457 3.5914 1.0000	</row3>
				</transform>
			</node>
			<node>
				<identifier>	MP_BM004_Reels_INDEX_1	</identifier>
				<transform>
					<row0>	-0.8083 0.0000 0.5888 0.0000	</row0>
					<row1>	0.0000 1.0000 0.0000 0.0000	</row1>
					<row2>	-0.5888 0.0000 -0.8083 0.0000	</row2>
					<row3>	0.3938 0.4584 5.2800 1.0000	</row3>
				</transform>
			</node>
			<node>
				<identifier>	MP_BM004_Reels_INDEX_2	</identifier>
				<transform>
					<row0>	1.0000 0.0000 0.0000 0.0000	</row0>
					<row1>	0.0000 1.0000 0.0000 0.0000	</row1>
					<row2>	0.0000 0.0000 1.0000 0.0000	</row2>
					<row3>	0.1410 0.4640 5.4007 1.0000	</row3>
				</transform>
			</node>
			<node>
				<identifier>	MP_BM004_Reels_INDEX_3	</identifier>
				<transform>
					<row0>	0.0000 0.0000 -1.0000 0.0000	</row0>
					<row1>	0.0000 1.0000 0.0000 0.0000	</row1>
					<row2>	1.0000 0.0000 0.0000 0.0000	</row2>
					<row3>	-0.3707 0.4457 3.5914 1.0000	</row3>
				</transform>
			</node>
			<node>
				<identifier>	MP_BM004_Reels_INDEX_4	</identifier>
				<transform>
					<row0>	-0.8083 0.0000 -0.5888 0.0000	</row0>
					<row1>	0.0000 1.0000 0.0000 0.0000	</row1>
					<row2>	0.5888 0.0000 -0.8083 0.0000	</row2>
					<row3>	-0.3938 0.4584 5.2800 1.0000	</row3>
				</transform>
			</node>
			<node>
				<identifier>	MP_BM004_Reels_INDEX_5	</identifier>
				<transform>
					<row0>	1.0000 0.0000 0.0000 0.0000	</row0>
					<row1>	0.0000 1.0000 0.0000 0.0000	</row1>
					<row2>	0.0000 0.0000 1.0000 0.0000	</row2>
					<row3>	-0.1410 0.4640 5.4007 1.0000	</row3>
				</transform>
			</node>
			<node>
				<identifier>	MP_BM453_Radar_type_242_IFF_interrogator	</identifier>
				<transform>
					<row0>	-0.5000 0.0000 0.8660 0.0000	</row0>
					<row1>	0.0000 1.0000 0.0000 0.0000	</row1>
					<row2>	-0.8660 0.0000 -0.5000 0.0000	</row2>
					<row3>	0.0798 2.3788 0.7868 1.0000	</row3>
				</transform>
			</node>
			<node>
				<identifier>	MP_BM509_Liferaft_type_20_10ft	</identifier>
				<transform>
					<row0>	1.0000 0.0000 0.0000 0.0000	</row0>
					<row1>	0.0000 1.0000 0.0000 0.0000	</row1>
					<row2>	0.0000 0.0000 1.0000 0.0000	</row2>
					<row3>	0.5998 0.7746 0.3214 1.0000	</row3>
				</transform>
			</node>
			<node>
				<identifier>	MP_BM509_Liferaft_type_20_10ft_INDEX_1	</identifier>
				<transform>
					<row0>	1.0000 0.0000 0.0000 0.0000	</row0>
					<row1>	0.0000 1.0000 0.0000 0.0000	</row1>
					<row2>	0.0000 0.0000 1.0000 0.0000	</row2>
					<row3>	-0.5998 0.7746 0.3214 1.0000	</row3>
				</transform>
			</node>
			<node>
				<identifier>	MP_BM509_Liferaft_type_20_10ft_INDEX_2	</identifier>
				<transform>
					<row0>	0.0008 -0.0001 -1.0000 0.0000	</row0>
					<row1>	0.0246 0.9997 -0.0001 0.0000	</row1>
					<row2>	0.9997 -0.0246 0.0008 0.0000	</row2>
					<row3>	0.7220 0.4418 3.9550 1.0000	</row3>
				</transform>
			</node>
			<node>
				<identifier>	MP_BM509_Liferaft_type_20_10ft_INDEX_3	</identifier>
				<transform>
					<row0>	0.0022 0.0002 -1.0000 0.0000	</row0>
					<row1>	0.0265 0.9996 0.0003 0.0000	</row1>
					<row2>	0.9996 -0.0265 0.0022 0.0000	</row2>
					<row3>	0.7222 0.4420 3.7104 1.0000	</row3>
				</transform>
			</node>
			<node>
				<identifier>	MP_BM509_Liferaft_type_20_10ft_INDEX_4	</identifier>
				<transform>
					<row0>	0.0008 0.0011 -1.0000 0.0000	</row0>
					<row1>	0.0238 0.9997 0.0011 0.0000	</row1>
					<row2>	0.9997 -0.0238 0.0008 0.0000	</row2>
					<row3>	0.7221 0.4418 3.8316 1.0000	</row3>
				</transform>
			</node>
			<node>
				<identifier>	MP_BM509_Liferaft_type_20_10ft_INDEX_5	</identifier>
				<transform>
					<row0>	0.0008 0.0001 1.0000 0.0000	</row0>
					<row1>	-0.0246 0.9997 -0.0001 0.0000	</row1>
					<row2>	-0.9997 -0.0246 0.0008 0.0000	</row2>
					<row3>	-0.7220 0.4418 3.9550 1.0000	</row3>
				</transform>
			</node>
			<node>
				<identifier>	MP_BM509_Liferaft_type_20_10ft_INDEX_6	</identifier>
				<transform>
					<row0>	0.0022 -0.0002 1.0000 0.0000	</row0>
					<row1>	-0.0265 0.9996 0.0003 0.0000	</row1>
					<row2>	-0.9996 -0.0265 0.0022 0.0000	</row2>
					<row3>	-0.7222 0.4420 3.7104 1.0000	</row3>
				</transform>
			</node>
			<node>
				<identifier>	MP_BM509_Liferaft_type_20_10ft_INDEX_7	</identifier>
				<transform>
					<row0>	0.0008 -0.0011 1.0000 0.0000	</row0>
					<row1>	-0.0238 0.9997 0.0011 0.0000	</row1>
					<row2>	-0.9997 -0.0238 0.0008 0.0000	</row2>
					<row3>	-0.7221 0.4418 3.8316 1.0000	</row3>
				</transform>
			</node>
			<node>
				<identifier>	MP_BM513_Motor_Boat_25ft	</identifier>
				<transform>
					<row0>	1.0000 0.0000 0.0000 0.0000	</row0>
					<row1>	0.0000 1.0000 0.0000 0.0000	</row1>
					<row2>	0.0000 0.0000 1.0000 0.0000	</row2>
					<row3>	-1.1503 0.5001 -0.1155 1.0000	</row3>
				</transform>
			</node>
			<node>
				<identifier>	MP_BM513_Motor_Boat_25ft_INDEX_1	</identifier>
				<transform>
					<row0>	1.0000 0.0000 0.0000 0.0000	</row0>
					<row1>	0.0000 1.0000 0.0000 0.0000	</row1>
					<row2>	0.0000 0.0000 1.0000 0.0000	</row2>
					<row3>	1.1503 0.5001 -0.1155 1.0000	</row3>
				</transform>
			</node>
			<node>
				<identifier>	MP_BM542_Liferaft_type_20_8ft	</identifier>
				<transform>
					<row0>	-1.0000 0.0000 0.0000 0.0000	</row0>
					<row1>	0.0000 1.0000 0.0000 0.0000	</row1>
					<row2>	0.0000 0.0000 -1.0000 0.0000	</row2>
					<row3>	-0.4693 0.9368 1.7261 1.0000	</row3>
				</transform>
			</node>
			<node>
				<identifier>	MP_BM542_Liferaft_type_20_8ft_INDEX_1	</identifier>
				<transform>
					<row0>	-1.0000 0.0000 0.0000 0.0000	</row0>
					<row1>	0.0000 1.0000 0.0000 0.0000	</row1>
					<row2>	0.0000 0.0000 -1.0000 0.0000	</row2>
					<row3>	-0.4874 0.9368 1.5391 1.0000	</row3>
				</transform>
			</node>
			<node>
				<identifier>	MP_BM542_Liferaft_type_20_8ft_INDEX_2	</identifier>
				<transform>
					<row0>	-1.0000 0.0000 0.0000 0.0000	</row0>
					<row1>	0.0000 1.0000 0.0000 0.0000	</row1>
					<row2>	0.0000 0.0000 -1.0000 0.0000	</row2>
					<row3>	0.4693 0.9368 1.7261 1.0000	</row3>
				</transform>
			</node>
			<node>
				<identifier>	MP_BM542_Liferaft_type_20_8ft_INDEX_3	</identifier>
				<transform>
					<row0>	-1.0000 0.0000 0.0000 0.0000	</row0>
					<row1>	0.0000 1.0000 0.0000 0.0000	</row1>
					<row2>	0.0000 0.0000 -1.0000 0.0000	</row2>
					<row3>	0.4874 0.9368 1.5391 1.0000	</row3>
				</transform>
			</node>
			<node>
				<identifier>	MP_BM600_Sky_lookout	</identifier>
				<transform>
					<row0>	-1.0000 0.0000 0.0000 0.0000	</row0>
					<row1>	0.0000 1.0000 0.0000 0.0000	</row1>
					<row2>	0.0000 0.0000 -1.0000 0.0000	</row2>
					<row3>	0.2625 1.4664 2.0865 1.0000	</row3>
				</transform>
			</node>
			<node>
				<identifier>	MP_BM600_Sky_lookout_INDEX_1	</identifier>
				<transform>
					<row0>	-1.0000 0.0000 0.0000 0.0000	</row0>
					<row1>	0.0000 1.0000 0.0000 0.0000	</row1>
					<row2>	0.0000 0.0000 -1.0000 0.0000	</row2>
					<row3>	0.2625 1.4664 1.9880 1.0000	</row3>
				</transform>
			</node>
			<node>
				<identifier>	MP_BM600_Sky_lookout_INDEX_2	</identifier>
				<transform>
					<row0>	1.0000 0.0000 0.0000 0.0000	</row0>
					<row1>	0.0000 1.0000 0.0000 0.0000	</row1>
					<row2>	0.0000 0.0000 1.0000 0.0000	</row2>
					<row3>	-0.2625 1.4664 2.0865 1.0000	</row3>
				</transform>
			</node>
			<node>
				<identifier>	MP_BM600_Sky_lookout_INDEX_3	</identifier>
				<transform>
					<row0>	1.0000 0.0000 0.0000 0.0000	</row0>
					<row1>	0.0000 1.0000 0.0000 0.0000	</row1>
					<row2>	0.0000 0.0000 1.0000 0.0000	</row2>
					<row3>	-0.2625 1.4664 1.9880 1.0000	</row3>
				</transform>
			</node>
			<node>
				<identifier>	MP_BM600_Sky_lookout_INDEX_4	</identifier>
				<transform>
					<row0>	-0.7071 0.0000 0.7071 0.0000	</row0>
					<row1>	0.0000 1.0000 0.0000 0.0000	</row1>
					<row2>	-0.7071 0.0000 -0.7071 0.0000	</row2>
					<row3>	0.2625 1.4664 1.8951 1.0000	</row3>
				</transform>
			</node>
			<node>
				<identifier>	MP_BM600_Sky_lookout_INDEX_5	</identifier>
				<transform>
					<row0>	0.7071 0.0000 0.7071 0.0000	</row0>
					<row1>	0.0000 1.0000 0.0000 0.0000	</row1>
					<row2>	-0.7071 0.0000 0.7071 0.0000	</row2>
					<row3>	-0.2625 1.4664 1.8951 1.0000	</row3>
				</transform>
			</node>
			<node>
				<identifier>	MP_BM602_Pelorus	</identifier>
				<transform>
					<row0>	0.0000 0.0000 1.0000 0.0000	</row0>
					<row1>	0.0000 1.0000 0.0000 0.0000	</row1>
					<row2>	-1.0000 0.0000 0.0000 0.0000	</row2>
					<row3>	0.0000 1.4516 2.2397 1.0000	</row3>
				</transform>
			</node>
			<node>
				<identifier>	MP_BM602_Pelorus_INDEX_1	</identifier>
				<transform>
					<row0>	0.0000 0.0000 1.0000 0.0000	</row0>
					<row1>	0.0000 1.0000 0.0000 0.0000	</row1>
					<row2>	-1.0000 0.0000 0.0000 0.0000	</row2>
					<row3>	0.0000 1.1071 2.2419 1.0000	</row3>
				</transform>
			</node>
			<node>
				<identifier>	MP_BM604_Voice_Tube	</identifier>
				<transform>
					<row0>	1.0000 0.0000 0.0000 0.0000	</row0>
					<row1>	0.0000 1.0000 0.0000 0.0000	</row1>
					<row2>	0.0000 0.0000 1.0000 0.0000	</row2>
					<row3>	-0.1569 1.4503 2.2255 1.0000	</row3>
				</transform>
			</node>
			<node>
				<identifier>	MP_BM604_Voice_Tube_INDEX_1	</identifier>
				<transform>
					<row0>	1.0000 0.0000 0.0000 0.0000	</row0>
					<row1>	0.0000 1.0000 0.0000 0.0000	</row1>
					<row2>	0.0000 0.0000 1.0000 0.0000	</row2>
					<row3>	-0.1748 1.4503 2.2255 1.0000	</row3>
				</transform>
			</node>
			<node>
				<identifier>	MP_BM604_Voice_Tube_INDEX_10	</identifier>
				<transform>
					<row0>	0.0803 0.0000 0.9968 0.0000	</row0>
					<row1>	0.0000 1.0000 0.0000 0.0000	</row1>
					<row2>	-0.9968 0.0000 0.0803 0.0000	</row2>
					<row3>	-0.3172 1.1000 2.0731 1.0000	</row3>
				</transform>
			</node>
			<node>
				<identifier>	MP_BM604_Voice_Tube_INDEX_11	</identifier>
				<transform>
					<row0>	0.0803 0.0000 -0.9968 0.0000	</row0>
					<row1>	0.0000 1.0000 0.0000 0.0000	</row1>
					<row2>	0.9968 0.0000 0.0803 0.0000	</row2>
					<row3>	0.3172 1.1000 2.0731 1.0000	</row3>
				</transform>
			</node>
			<node>
				<identifier>	MP_BM604_Voice_Tube_INDEX_12	</identifier>
				<transform>
					<row0>	0.9522 0.0000 -0.3053 0.0000	</row0>
					<row1>	0.0000 1.0000 0.0000 0.0000	</row1>
					<row2>	0.3053 0.0000 0.9522 0.0000	</row2>
					<row3>	0.1328 1.1000 2.2420 1.0000	</row3>
				</transform>
			</node>
			<node>
				<identifier>	MP_BM604_Voice_Tube_INDEX_13	</identifier>
				<transform>
					<row0>	0.7726 0.0000 -0.6349 0.0000	</row0>
					<row1>	0.0000 1.0000 0.0000 0.0000	</row1>
					<row2>	0.6349 0.0000 0.7726 0.0000	</row2>
					<row3>	0.1028 1.1000 2.2420 1.0000	</row3>
				</transform>
			</node>
			<node>
				<identifier>	MP_BM604_Voice_Tube_INDEX_2	</identifier>
				<transform>
					<row0>	0.7726 0.0000 0.6349 0.0000	</row0>
					<row1>	0.0000 1.0000 0.0000 0.0000	</row1>
					<row2>	-0.6349 0.0000 0.7726 0.0000	</row2>
					<row3>	-0.0889 1.4503 2.2335 1.0000	</row3>
				</transform>
			</node>
			<node>
				<identifier>	MP_BM604_Voice_Tube_INDEX_3	</identifier>
				<transform>
					<row0>	0.6349 0.0000 -0.7726 0.0000	</row0>
					<row1>	0.0000 1.0000 0.0000 0.0000	</row1>
					<row2>	0.7726 0.0000 0.6349 0.0000	</row2>
					<row3>	0.0948 1.4503 2.2335 1.0000	</row3>
				</transform>
			</node>
			<node>
				<identifier>	MP_BM604_Voice_Tube_INDEX_4	</identifier>
				<transform>
					<row0>	-0.6349 0.0000 0.7726 0.0000	</row0>
					<row1>	0.0000 1.0000 0.0000 0.0000	</row1>
					<row2>	-0.7726 0.0000 -0.6349 0.0000	</row2>
					<row3>	0.0737 1.4513 1.8979 1.0000	</row3>
				</transform>
			</node>
			<node>
				<identifier>	MP_BM604_Voice_Tube_INDEX_5	</identifier>
				<transform>
					<row0>	-0.8856 0.0000 0.4644 0.0000	</row0>
					<row1>	0.0000 1.0000 0.0000 0.0000	</row1>
					<row2>	-0.4644 0.0000 -0.8856 0.0000	</row2>
					<row3>	0.0970 1.4513 1.8808 1.0000	</row3>
				</transform>
			</node>
			<node>
				<identifier>	MP_BM604_Voice_Tube_INDEX_6	</identifier>
				<transform>
					<row0>	-0.8856 0.0000 -0.4644 0.0000	</row0>
					<row1>	0.0000 1.0000 0.0000 0.0000	</row1>
					<row2>	0.4644 0.0000 -0.8856 0.0000	</row2>
					<row3>	-0.0970 1.4513 1.8808 1.0000	</row3>
				</transform>
			</node>
			<node>
				<identifier>	MP_BM604_Voice_Tube_INDEX_7	</identifier>
				<transform>
					<row0>	-0.6349 0.0000 -0.7726 0.0000	</row0>
					<row1>	0.0000 1.0000 0.0000 0.0000	</row1>
					<row2>	0.7726 0.0000 -0.6349 0.0000	</row2>
					<row3>	-0.0737 1.4513 1.8979 1.0000	</row3>
				</transform>
			</node>
			<node>
				<identifier>	MP_BM604_Voice_Tube_INDEX_8	</identifier>
				<transform>
					<row0>	0.7726 0.0000 0.6349 0.0000	</row0>
					<row1>	0.0000 1.0000 0.0000 0.0000	</row1>
					<row2>	-0.6349 0.0000 0.7726 0.0000	</row2>
					<row3>	-0.1028 1.1000 2.2420 1.0000	</row3>
				</transform>
			</node>
			<node>
				<identifier>	MP_BM604_Voice_Tube_INDEX_9	</identifier>
				<transform>
					<row0>	0.9522 0.0000 0.3053 0.0000	</row0>
					<row1>	0.0000 1.0000 0.0000 0.0000	</row1>
					<row2>	-0.3053 0.0000 0.9522 0.0000	</row2>
					<row3>	-0.1328 1.1000 2.2420 1.0000	</row3>
				</transform>
			</node>
			<node>
				<identifier>	MP_BM608_Compass_repeater	</identifier>
				<transform>
					<row0>	0.0000 0.0000 1.0000 0.0000	</row0>
					<row1>	0.0000 1.0000 0.0000 0.0000	</row1>
					<row2>	-1.0000 0.0000 0.0000 0.0000	</row2>
					<row3>	0.2795 1.5213 1.7267 1.0000	</row3>
				</transform>
			</node>
			<node>
				<identifier>	MP_BM608_Compass_repeater_INDEX_1	</identifier>
				<transform>
					<row0>	0.0000 0.0000 1.0000 0.0000	</row0>
					<row1>	0.0000 1.0000 0.0000 0.0000	</row1>
					<row2>	-1.0000 0.0000 0.0000 0.0000	</row2>
					<row3>	0.3332 1.1929 1.6564 1.0000	</row3>
				</transform>
			</node>
			<node>
				<identifier>	MP_BM608_Compass_repeater_INDEX_2	</identifier>
				<transform>
					<row0>	0.0000 0.0000 1.0000 0.0000	</row0>
					<row1>	0.0000 1.0000 0.0000 0.0000	</row1>
					<row2>	-1.0000 0.0000 0.0000 0.0000	</row2>
					<row3>	0.3332 1.1929 2.0396 1.0000	</row3>
				</transform>
			</node>
			<node>
				<identifier>	MP_BM608_Compass_repeater_INDEX_3	</identifier>
				<transform>
					<row0>	0.0000 0.0000 -1.0000 0.0000	</row0>
					<row1>	0.0000 1.0000 0.0000 0.0000	</row1>
					<row2>	1.0000 0.0000 0.0000 0.0000	</row2>
					<row3>	-0.3332 1.1929 2.0396 1.0000	</row3>
				</transform>
			</node>
			<node>
				<identifier>	MP_BM608_Compass_repeater_INDEX_4	</identifier>
				<transform>
					<row0>	0.0000 0.0000 -1.0000 0.0000	</row0>
					<row1>	0.0000 1.0000 0.0000 0.0000	</row1>
					<row2>	1.0000 0.0000 0.0000 0.0000	</row2>
					<row3>	-0.3332 1.1929 1.6564 1.0000	</row3>
				</transform>
			</node>
			<node>
				<identifier>	MP_BM608_Compass_repeater_INDEX_5	</identifier>
				<transform>
					<row0>	-1.0000 0.0000 0.0000 0.0000	</row0>
					<row1>	0.0000 1.0000 0.0000 0.0000	</row1>
					<row2>	0.0000 0.0000 -1.0000 0.0000	</row2>
					<row3>	-0.0546 1.1929 2.2675 1.0000	</row3>
				</transform>
			</node>
			<node>
				<identifier>	MP_BM608_Compass_repeater_INDEX_6	</identifier>
				<transform>
					<row0>	0.0000 0.0000 -1.0000 0.0000	</row0>
					<row1>	0.0000 1.0000 0.0000 0.0000	</row1>
					<row2>	1.0000 0.0000 0.0000 0.0000	</row2>
					<row3>	-0.2795 1.5213 1.7267 1.0000	</row3>
				</transform>
			</node>
			<node>
				<identifier>	MP_BM608_Compass_repeater_INDEX_7	</identifier>
				<transform>
					<row0>	0.0000 0.0000 1.0000 0.0000	</row0>
					<row1>	0.0000 1.0000 0.0000 0.0000	</row1>
					<row2>	-1.0000 0.0000 0.0000 0.0000	</row2>
					<row3>	0.3392 1.3366 1.7272 1.0000	</row3>
				</transform>
			</node>
			<node>
				<identifier>	MP_BM608_Compass_repeater_INDEX_8	</identifier>
				<transform>
					<row0>	0.0000 0.0000 -1.0000 0.0000	</row0>
					<row1>	0.0000 1.0000 0.0000 0.0000	</row1>
					<row2>	1.0000 0.0000 0.0000 0.0000	</row2>
					<row3>	-0.3392 1.3366 1.7272 1.0000	</row3>
				</transform>
			</node>
			<node>
				<identifier>	MP_BM609_Speaker	</identifier>
				<transform>
					<row0>	0.0000 0.0000 -1.0000 0.0000	</row0>
					<row1>	0.0000 1.0000 0.0000 0.0000	</row1>
					<row2>	1.0000 0.0000 0.0000 0.0000	</row2>
					<row3>	0.3358 1.0762 1.9705 1.0000	</row3>
				</transform>
			</node>
			<node>
				<identifier>	MP_BM609_Speaker_INDEX_1	</identifier>
				<transform>
					<row0>	0.0000 0.0000 1.0000 0.0000	</row0>
					<row1>	0.0000 1.0000 0.0000 0.0000	</row1>
					<row2>	-1.0000 0.0000 0.0000 0.0000	</row2>
					<row3>	-0.3358 1.0762 1.9705 1.0000	</row3>
				</transform>
			</node>
			<node>
				<identifier>	MP_BM610_Speaker_2	</identifier>
				<transform>
					<row0>	1.0000 0.0000 0.0000 0.0000	</row0>
					<row1>	0.0000 0.9620 0.2732 0.0000	</row1>
					<row2>	0.0000 -0.2732 0.9620 0.0000	</row2>
					<row3>	0.0000 0.5210 5.5027 1.0000	</row3>
				</transform>
			</node>
			<node>
				<identifier>	MP_BM611_Telephone	</identifier>
				<transform>
					<row0>	-1.0000 0.0000 0.0000 0.0000	</row0>
					<row1>	0.0000 1.0000 0.0000 0.0000	</row1>
					<row2>	0.0000 0.0000 -1.0000 0.0000	</row2>
					<row3>	-0.0421 1.1848 2.0254 1.0000	</row3>
				</transform>
			</node>
			<node>
				<identifier>	MP_BM611_Telephone_INDEX_1	</identifier>
				<transform>
					<row0>	-1.0000 0.0000 0.0000 0.0000	</row0>
					<row1>	0.0000 1.0000 0.0000 0.0000	</row1>
					<row2>	0.0000 0.0000 -1.0000 0.0000	</row2>
					<row3>	-0.1187 1.1848 2.0254 1.0000	</row3>
				</transform>
			</node>
			<node>
				<identifier>	MP_BM611_Telephone_INDEX_10	</identifier>
				<transform>
					<row0>	1.0000 0.0000 0.0000 0.0000	</row0>
					<row1>	0.0000 1.0000 0.0000 0.0000	</row1>
					<row2>	0.0000 0.0000 1.0000 0.0000	</row2>
					<row3>	-0.0402 1.5274 0.8897 1.0000	</row3>
				</transform>
			</node>
			<node>
				<identifier>	MP_BM611_Telephone_INDEX_2	</identifier>
				<transform>
					<row0>	-1.0000 0.0000 0.0000 0.0000	</row0>
					<row1>	0.0000 1.0000 0.0000 0.0000	</row1>
					<row2>	0.0000 0.0000 -1.0000 0.0000	</row2>
					<row3>	-0.0965 1.1848 2.0254 1.0000	</row3>
				</transform>
			</node>
			<node>
				<identifier>	MP_BM611_Telephone_INDEX_3	</identifier>
				<transform>
					<row0>	0.5745 0.0000 -0.8185 0.0000	</row0>
					<row1>	0.0000 1.0000 0.0000 0.0000	</row1>
					<row2>	0.8185 0.0000 0.5745 0.0000	</row2>
					<row3>	0.2048 1.1944 2.2570 1.0000	</row3>
				</transform>
			</node>
			<node>
				<identifier>	MP_BM611_Telephone_INDEX_4	</identifier>
				<transform>
					<row0>	0.5745 0.0000 0.8185 0.0000	</row0>
					<row1>	0.0000 1.0000 0.0000 0.0000	</row1>
					<row2>	-0.8185 0.0000 0.5745 0.0000	</row2>
					<row3>	-0.2048 1.1944 2.2570 1.0000	</row3>
				</transform>
			</node>
			<node>
				<identifier>	MP_BM611_Telephone_INDEX_5	</identifier>
				<transform>
					<row0>	1.0000 0.0000 0.0000 0.0000	</row0>
					<row1>	0.0000 1.0000 0.0000 0.0000	</row1>
					<row2>	0.0000 0.0000 1.0000 0.0000	</row2>
					<row3>	0.0402 1.5274 0.8897 1.0000	</row3>
				</transform>
			</node>
			<node>
				<identifier>	MP_BM611_Telephone_INDEX_6	</identifier>
				<transform>
					<row0>	0.0000 0.0000 -1.0000 0.0000	</row0>
					<row1>	0.0000 1.0000 0.0000 0.0000	</row1>
					<row2>	1.0000 0.0000 0.0000 0.0000	</row2>
					<row3>	0.2793 1.5147 2.0354 1.0000	</row3>
				</transform>
			</node>
			<node>
				<identifier>	MP_BM611_Telephone_INDEX_7	</identifier>
				<transform>
					<row0>	-0.5754 0.0000 0.8178 0.0000	</row0>
					<row1>	0.0000 1.0000 0.0000 0.0000	</row1>
					<row2>	-0.8178 0.0000 -0.5754 0.0000	</row2>
					<row3>	0.4605 0.5479 1.8991 1.0000	</row3>
				</transform>
			</node>
			<node>
				<identifier>	MP_BM611_Telephone_INDEX_8	</identifier>
				<transform>
					<row0>	-0.5754 0.0000 -0.8178 0.0000	</row0>
					<row1>	0.0000 1.0000 0.0000 0.0000	</row1>
					<row2>	0.8178 0.0000 -0.5754 0.0000	</row2>
					<row3>	-0.4605 0.5479 1.8991 1.0000	</row3>
				</transform>
			</node>
			<node>
				<identifier>	MP_BM611_Telephone_INDEX_9	</identifier>
				<transform>
					<row0>	0.0000 0.0000 1.0000 0.0000	</row0>
					<row1>	0.0000 1.0000 0.0000 0.0000	</row1>
					<row2>	-1.0000 0.0000 0.0000 0.0000	</row2>
					<row3>	-0.2793 1.5147 2.0354 1.0000	</row3>
				</transform>
			</node>
			<node>
				<identifier>	MP_BM631_Universal_sight	</identifier>
				<transform>
					<row0>	-1.0000 0.0000 0.0000 0.0000	</row0>
					<row1>	0.0000 1.0000 0.0000 0.0000	</row1>
					<row2>	0.0000 0.0000 -1.0000 0.0000	</row2>
					<row3>	0.0000 1.4501 2.1360 1.0000	</row3>
				</transform>
			</node>
			<node>
				<identifier>	MP_BM631_Universal_sight_INDEX_1	</identifier>
				<transform>
					<row0>	-1.0000 0.0000 0.0000 0.0000	</row0>
					<row1>	0.0000 1.0000 0.0000 0.0000	</row1>
					<row2>	0.0000 0.0000 -1.0000 0.0000	</row2>
					<row3>	0.0000 1.4723 1.9893 1.0000	</row3>
				</transform>
			</node>
			<node>
				<identifier>	MP_BM675_Antenna_MF_DF	</identifier>
				<transform>
					<row0>	1.0000 0.0000 0.0000 0.0000	</row0>
					<row1>	0.0000 1.0000 0.0000 0.0000	</row1>
					<row2>	0.0000 0.0000 1.0000 0.0000	</row2>
					<row3>	0.0000 1.4327 2.4288 1.0000	</row3>
				</transform>
			</node>
			<node>
				<identifier>	MP_BM702_Flag_box	</identifier>
				<transform>
					<row0>	0.0000 0.0000 1.0000 0.0000	</row0>
					<row1>	0.0000 1.0000 0.0000 0.0000	</row1>
					<row2>	-1.0000 0.0000 0.0000 0.0000	</row2>
					<row3>	0.2595 1.4262 0.5920 1.0000	</row3>
				</transform>
			</node>
			<node>
				<identifier>	MP_BM702_Flag_box_INDEX_1	</identifier>
				<transform>
					<row0>	0.0000 0.0000 1.0000 0.0000	</row0>
					<row1>	0.0000 1.0000 0.0000 0.0000	</row1>
					<row2>	-1.0000 0.0000 0.0000 0.0000	</row2>
					<row3>	0.2958 1.4262 0.9389 1.0000	</row3>
				</transform>
			</node>
			<node>
				<identifier>	MP_BM702_Flag_box_INDEX_2	</identifier>
				<transform>
					<row0>	0.0000 0.0000 -1.0000 0.0000	</row0>
					<row1>	0.0000 1.0000 0.0000 0.0000	</row1>
					<row2>	1.0000 0.0000 0.0000 0.0000	</row2>
					<row3>	-0.2958 1.4262 0.9389 1.0000	</row3>
				</transform>
			</node>
			<node>
				<identifier>	MP_BM702_Flag_box_INDEX_3	</identifier>
				<transform>
					<row0>	0.0000 0.0000 -1.0000 0.0000	</row0>
					<row1>	0.0000 1.0000 0.0000 0.0000	</row1>
					<row2>	1.0000 0.0000 0.0000 0.0000	</row2>
					<row3>	-0.2595 1.4262 0.5920 1.0000	</row3>
				</transform>
			</node>
			<node>
				<identifier>	MP_BM704_Locker	</identifier>
				<transform>
					<row0>	0.3739 -0.0112 0.9274 0.0000	</row0>
					<row1>	0.0285 0.9996 0.0006 0.0000	</row1>
					<row2>	-0.9270 0.0262 0.3741 0.0000	</row2>
					<row3>	0.8664 0.4393 2.3754 1.0000	</row3>
				</transform>
			</node>
			<node>
				<identifier>	MP_BM704_Locker_INDEX_1	</identifier>
				<transform>
					<row0>	0.0013 0.0038 1.0000 0.0000	</row0>
					<row1>	0.0286 0.9996 -0.0039 0.0000	</row1>
					<row2>	-0.9996 0.0286 0.0012 0.0000	</row2>
					<row3>	0.8789 0.4389 2.4423 1.0000	</row3>
				</transform>
			</node>
			<node>
				<identifier>	MP_BM704_Locker_INDEX_2	</identifier>
				<transform>
					<row0>	-0.5400 0.0135 0.8415 0.0000	</row0>
					<row1>	0.0281 0.9996 0.0020 0.0000	</row1>
					<row2>	-0.8412 0.0247 -0.5402 0.0000	</row2>
					<row3>	0.8528 0.4396 2.5165 1.0000	</row3>
				</transform>
			</node>
			<node>
				<identifier>	MP_BM704_Locker_INDEX_3	</identifier>
				<transform>
					<row0>	0.3739 0.0112 -0.9274 0.0000	</row0>
					<row1>	-0.0285 0.9996 0.0006 0.0000	</row1>
					<row2>	0.9270 0.0262 0.3741 0.0000	</row2>
					<row3>	-0.8664 0.4393 2.3754 1.0000	</row3>
				</transform>
			</node>
			<node>
				<identifier>	MP_BM704_Locker_INDEX_4	</identifier>
				<transform>
					<row0>	0.0013 -0.0038 -1.0000 0.0000	</row0>
					<row1>	-0.0286 0.9996 -0.0039 0.0000	</row1>
					<row2>	0.9996 0.0286 0.0012 0.0000	</row2>
