<ZSC004_Irian_1960_Stern_ports.visual>
	<node>
		<identifier>	Scene Root	</identifier>
		<transform>
			<row0>	1.0000 0.0000 0.0000 0.0000	</row0>
			<row1>	0.0000 1.0000 0.0000 0.0000	</row1>
			<row2>	0.0000 0.0000 1.0000 0.0000	</row2>
			<row3>	0.0000 0.0000 0.0000 1.0000	</row3>
		</transform>
		<node>
			<identifier>	Stern_ports	</identifier>
			<transform>
				<row0>	1.0000 0.0000 0.0000 0.0000	</row0>
				<row1>	0.0000 1.0000 0.0000 0.0000	</row1>
				<row2>	0.0000 0.0000 1.0000 0.0000	</row2>
				<row3>	0.0000 0.0000 0.0000 1.0000	</row3>
			</transform>
			<node>
				<identifier>	HP_FX_Death_3	</identifier>
				<transform>
					<row0>	1.0000 0.0000 0.0000 0.0000	</row0>
					<row1>	0.0000 1.0000 0.0000 0.0000	</row1>
					<row2>	0.0000 0.0000 1.0000 0.0000	</row2>
					<row3>	0.0000 0.0000 -3.9994 1.0000	</row3>
				</transform>
			</node>
			<node>
				<identifier>	HP_FX_Fire_4	</identifier>
				<transform>
					<row0>	1.0000 0.0000 0.0000 0.0000	</row0>
					<row1>	0.0000 1.0000 0.0000 0.0000	</row1>
					<row2>	0.0000 0.0000 1.0000 0.0000	</row2>
					<row3>	0.0000 0.2415 -5.2652 1.0000	</row3>
				</transform>
			</node>
			<node>
				<identifier>	HP_FX_Flood_water_left	</identifier>
				<transform>
					<row0>	-0.9921 0.0000 -0.1256 0.0000	</row0>
					<row1>	0.0000 1.0000 0.0000 0.0000	</row1>
					<row2>	0.1256 0.0000 -0.9921 0.0000	</row2>
					<row3>	-0.5821 0.0824 -4.3972 1.0000	</row3>
				</transform>
			</node>
			<node>
				<identifier>	HP_FX_WakeTraceBack	</identifier>
				<transform>
					<row0>	1.0000 0.0000 0.0000 0.0000	</row0>
					<row1>	0.0000 1.0000 0.0000 0.0000	</row1>
					<row2>	0.0000 0.0000 1.0000 0.0000	</row2>
					<row3>	0.0000 0.0000 -6.9885 1.0000	</row3>
				</transform>
			</node>
			<node>
				<identifier>	HP_FX_WakeTrace_screw_1	</identifier>
				<transform>
					<row0>	1.0000 0.0000 0.0000 0.0000	</row0>
					<row1>	0.0000 1.0000 0.0000 0.0000	</row1>
					<row2>	0.0000 0.0000 1.0000 0.0000	</row2>
					<row3>	-0.2559 -0.3616 -5.8160 1.0000	</row3>
				</transform>
			</node>
			<node>
				<identifier>	HP_FX_WakeTrace_screw_2	</identifier>
				<transform>
					<row0>	1.0000 0.0000 0.0000 0.0000	</row0>
					<row1>	0.0000 1.0000 0.0000 0.0000	</row1>
					<row2>	0.0000 0.0000 1.0000 0.0000	</row2>
					<row3>	0.2559 -0.3617 -5.8160 1.0000	</row3>
				</transform>
			</node>
			<node>
				<identifier>	HP_Ship_death_3	</identifier>
				<transform>
					<row0>	1.0000 0.0000 0.0000 0.0000	</row0>
					<row1>	0.0000 1.0000 0.0000 0.0000	</row1>
					<row2>	0.0000 0.0000 1.0000 0.0000	</row2>
					<row3>	0.0000 0.0000 -3.1292 1.0000	</row3>
				</transform>
			</node>
			<node>
				<identifier>	HP_ZGM_3	</identifier>
				<transform>
					<row0>	-1.0000 0.0000 0.0000 0.0000	</row0>
					<row1>	0.0000 1.0000 0.0000 0.0000	</row1>
					<row2>	0.0000 0.0000 -1.0000 0.0000	</row2>
					<row3>	0.0000 0.4555 -3.4710 1.0000	</row3>
				</transform>
			</node>
			<node>
				<identifier>	HP_ZGM_4	</identifier>
				<transform>
					<row0>	-1.0000 0.0000 0.0000 0.0000	</row0>
					<row1>	0.0000 1.0000 0.0000 0.0000	</row1>
					<row2>	0.0000 0.0000 -1.0000 0.0000	</row2>
					<row3>	0.0000 0.2660 -4.3375 1.0000	</row3>
				</transform>
			</node>
			<node>
				<identifier>	MP_AM072_Ships_bell	</identifier>
				<transform>
					<row0>	-1.0000 0.0000 0.0000 0.0000	</row0>
					<row1>	0.0000 1.0000 0.0000 0.0000	</row1>
					<row2>	0.0000 0.0000 -1.0000 0.0000	</row2>
					<row3>	0.1703 0.3867 -3.6508 1.0000	</row3>
				</transform>
			</node>
			<node>
				<identifier>	MP_CM001_Propeller3_L	</identifier>
				<transform>
					<row0>	1.2100 0.0000 0.0000 0.0000	</row0>
					<row1>	0.0000 1.2092 -0.0439 0.0000	</row1>
					<row2>	0.0000 0.0560 1.5430 0.0000	</row2>
					<row3>	-0.2559 -0.3616 -5.8160 1.0000	</row3>
				</transform>
			</node>
			<node>
				<identifier>	MP_CM011_Fire_Fighting_Gear	</identifier>
				<transform>
					<row0>	0.5232 0.0000 -0.8522 0.0000	</row0>
					<row1>	0.0000 1.0000 0.0000 0.0000	</row1>
					<row2>	0.8522 0.0000 0.5232 0.0000	</row2>
					<row3>	-0.2757 0.2214 -3.4598 1.0000	</row3>
				</transform>
			</node>
			<node>
				<identifier>	MP_CM011_Fire_Fighting_Gear_INDEX_1	</identifier>
				<transform>
					<row0>	0.5232 0.0000 0.8522 0.0000	</row0>
					<row1>	0.0000 1.0000 0.0000 0.0000	</row1>
					<row2>	-0.8522 0.0000 0.5232 0.0000	</row2>
					<row3>	0.2698 0.2214 -3.4694 1.0000	</row3>
				</transform>
			</node>
			<node>
				<identifier>	MP_CM029_Emergency_Box	</identifier>
				<transform>
					<row0>	0.5161 0.0000 0.8565 0.0000	</row0>
					<row1>	0.0000 1.0000 0.0000 0.0000	</row1>
					<row2>	-0.8565 0.0000 0.5161 0.0000	</row2>
					<row3>	0.3330 0.2730 -3.3677 1.0000	</row3>
				</transform>
			</node>
			<node>
				<identifier>	MP_CM029_Emergency_Box_INDEX_1	</identifier>
				<transform>
					<row0>	0.5161 0.0000 -0.8565 0.0000	</row0>
					<row1>	0.0000 1.0000 0.0000 0.0000	</row1>
					<row2>	0.8565 0.0000 0.5161 0.0000	</row2>
					<row3>	-0.4658 0.2847 -3.1481 1.0000	</row3>
				</transform>
			</node>
			<node>
				<identifier>	MP_CM032_Propeller3_R	</identifier>
				<transform>
					<row0>	1.2098 0.0010 0.0211 0.0000	</row0>
					<row1>	-0.0003 1.2092 -0.0438 0.0000	</row1>
					<row2>	-0.0279 0.0580 1.5996 0.0000	</row2>
					<row3>	0.2559 -0.3617 -5.8160 1.0000	</row3>
				</transform>
			</node>
			<node>
				<identifier>	MP_RM054_Life_buoy	</identifier>
				<transform>
					<row0>	0.1343 0.0000 -0.9909 0.0000	</row0>
					<row1>	0.0000 1.0000 0.0000 0.0000	</row1>
					<row2>	0.9909 0.0000 0.1343 0.0000	</row2>
					<row3>	-0.4079 0.2779 -5.9765 1.0000	</row3>
				</transform>
			</node>
			<node>
				<identifier>	MP_RM054_Life_buoy_INDEX_1	</identifier>
				<transform>
					<row0>	0.1343 0.0000 0.9909 0.0000	</row0>
					<row1>	0.0000 1.0000 0.0000 0.0000	</row1>
					<row2>	-0.9909 0.0000 0.1343 0.0000	</row2>
					<row3>	0.4079 0.2779 -5.9765 1.0000	</row3>
				</transform>
			</node>
			<node>
				<identifier>	MP_RM281_Bollard	</identifier>
				<transform>
					<row0>	-1.0000 0.0000 0.0000 0.0000	</row0>
					<row1>	0.0000 1.0000 0.0000 0.0000	</row1>
					<row2>	0.0000 0.0000 -1.0000 0.0000	</row2>
					<row3>	0.2695 0.2258 -5.7042 1.0000	</row3>
				</transform>
			</node>
			<node>
				<identifier>	MP_RM281_Bollard_INDEX_1	</identifier>
				<transform>
					<row0>	-1.0000 0.0000 0.0000 0.0000	</row0>
					<row1>	0.0000 1.0000 0.0000 0.0000	</row1>
					<row2>	0.0000 0.0000 -1.0000 0.0000	</row2>
					<row3>	-0.2695 0.2258 -5.7042 1.0000	</row3>
				</transform>
			</node>
			<node>
				<identifier>	MP_RM281_Bollard_INDEX_2	</identifier>
				<transform>
					<row0>	-1.0000 0.0000 0.0000 0.0000	</row0>
					<row1>	0.0000 1.0000 0.0000 0.0000	</row1>
					<row2>	0.0000 0.0000 -1.0000 0.0000	</row2>
					<row3>	0.0523 0.2263 -5.8712 1.0000	</row3>
				</transform>
			</node>
			<node>
				<identifier>	MP_RM281_Bollard_INDEX_3	</identifier>
				<transform>
					<row0>	-1.0000 0.0000 0.0000 0.0000	</row0>
					<row1>	0.0000 1.0000 0.0000 0.0000	</row1>
					<row2>	0.0000 0.0000 -1.0000 0.0000	</row2>
					<row3>	-0.0523 0.2263 -5.8712 1.0000	</row3>
				</transform>
			</node>
			<node>
				<identifier>	MP_RM282_Fairlead	</identifier>
				<transform>
					<row0>	0.9883 -0.0112 -0.1519 0.0000	</row0>
					<row1>	0.0114 0.9999 0.0000 0.0000	</row1>
					<row2>	0.1519 -0.0017 0.9884 0.0000	</row2>
					<row3>	0.3277 0.2378 -6.3862 1.0000	</row3>
				</transform>
			</node>
			<node>
				<identifier>	MP_RM282_Fairlead_INDEX_1	</identifier>
				<transform>
					<row0>	0.9883 0.0112 0.1519 0.0000	</row0>
					<row1>	-0.0114 0.9999 0.0000 0.0000	</row1>
					<row2>	-0.1519 -0.0017 0.9884 0.0000	</row2>
					<row3>	-0.3277 0.2378 -6.3862 1.0000	</row3>
				</transform>
			</node>
			<node>
				<identifier>	MP_RM285_Hatch	</identifier>
				<transform>
					<row0>	1.0000 0.0000 0.0000 0.0000	</row0>
					<row1>	0.0000 1.0000 0.0000 0.0000	</row1>
					<row2>	0.0000 0.0000 1.0000 0.0000	</row2>
					<row3>	-0.1716 0.2301 -6.3753 1.0000	</row3>
				</transform>
			</node>
			<node>
				<identifier>	MP_RM316_Sbomb_MDSH	</identifier>
				<transform>
					<row0>	-0.6157 0.0000 0.7880 0.0000	</row0>
					<row1>	0.0000 1.0000 0.0000 0.0000	</row1>
					<row2>	-0.7880 0.0000 -0.6157 0.0000	</row2>
					<row3>	0.3556 0.2307 -6.1986 1.0000	</row3>
				</transform>
			</node>
			<node>
				<identifier>	MP_RM316_Sbomb_MDSH_INDEX_1	</identifier>
				<transform>
					<row0>	-0.6157 0.0000 0.7880 0.0000	</row0>
					<row1>	0.0000 1.0000 0.0000 0.0000	</row1>
					<row2>	-0.7880 0.0000 -0.6157 0.0000	</row2>
					<row3>	0.3468 0.2308 -6.2588 1.0000	</row3>
				</transform>
			</node>
			<node>
				<identifier>	MP_RM316_Sbomb_MDSH_INDEX_2	</identifier>
				<transform>
					<row0>	0.8192 0.0000 -0.5736 0.0000	</row0>
					<row1>	0.0000 1.0000 0.0000 0.0000	</row1>
					<row2>	0.5736 0.0000 0.8192 0.0000	</row2>
					<row3>	-0.3556 0.2307 -6.1986 1.0000	</row3>
				</transform>
			</node>
			<node>
				<identifier>	MP_RM316_Sbomb_MDSH_INDEX_3	</identifier>
				<transform>
					<row0>	-0.6157 0.0000 0.7880 0.0000	</row0>
					<row1>	0.0000 1.0000 0.0000 0.0000	</row1>
					<row2>	-0.7880 0.0000 -0.6157 0.0000	</row2>
					<row3>	0.3600 0.2306 -6.1685 1.0000	</row3>
				</transform>
			</node>
			<node>
				<identifier>	MP_RM316_Sbomb_MDSH_INDEX_4	</identifier>
				<transform>
					<row0>	0.8192 0.0000 -0.5736 0.0000	</row0>
					<row1>	0.0000 1.0000 0.0000 0.0000	</row1>
					<row2>	0.5736 0.0000 0.8192 0.0000	</row2>
					<row3>	-0.3468 0.2308 -6.2588 1.0000	</row3>
				</transform>
			</node>
			<node>
				<identifier>	MP_RM316_Sbomb_MDSH_INDEX_5	</identifier>
				<transform>
					<row0>	-0.6157 0.0000 0.7880 0.0000	</row0>
					<row1>	0.0000 1.0000 0.0000 0.0000	</row1>
					<row2>	-0.7880 0.0000 -0.6157 0.0000	</row2>
					<row3>	0.3512 0.2308 -6.2287 1.0000	</row3>
				</transform>
			</node>
			<node>
				<identifier>	MP_RM316_Sbomb_MDSH_INDEX_6	</identifier>
				<transform>
					<row0>	0.8096 0.0000 -0.5869 0.0000	</row0>
					<row1>	0.0000 1.0000 0.0000 0.0000	</row1>
					<row2>	0.5869 0.0000 0.8096 0.0000	</row2>
					<row3>	-0.3512 0.2308 -6.2287 1.0000	</row3>
				</transform>
			</node>
			<node>
				<identifier>	MP_RM316_Sbomb_MDSH_INDEX_7	</identifier>
				<transform>
					<row0>	0.8146 0.0000 -0.5800 0.0000	</row0>
					<row1>	0.0000 1.0000 0.0000 0.0000	</row1>
					<row2>	0.5800 0.0000 0.8146 0.0000	</row2>
					<row3>	-0.3600 0.2306 -6.1685 1.0000	</row3>
				</transform>
			</node>
			<node>
				<identifier>	MP_ZM001_Paravane	</identifier>
				<transform>
					<row0>	0.0012 1.0000 0.0033 0.0000	</row0>
					<row1>	-0.9365 0.0000 0.3508 0.0000	</row1>
					<row2>	0.3507 -0.0035 0.9365 0.0000	</row2>
					<row3>	0.2643 0.2989 -3.5972 1.0000	</row3>
				</transform>
			</node>
			<node>
				<identifier>	MP_ZM001_Paravane_INDEX_1	</identifier>
				<transform>
					<row0>	0.0012 -1.0000 -0.0033 0.0000	</row0>
					<row1>	0.9365 0.0000 0.3508 0.0000	</row1>
					<row2>	-0.3507 -0.0035 0.9365 0.0000	</row2>
					<row3>	-0.2643 0.2989 -3.5972 1.0000	</row3>
				</transform>
			</node>
			<node>
				<identifier>	MP_ZM001_Paravane_INDEX_2	</identifier>
				<transform>
					<row0>	0.0000 -1.0000 0.0000 0.0000	</row0>
					<row1>	0.0000 0.0000 -1.0000 0.0000	</row1>
					<row2>	1.0000 0.0000 0.0000 0.0000	</row2>
					<row3>	-0.0034 0.2995 -3.7232 1.0000	</row3>
				</transform>
			</node>
			<node>
				<identifier>	MP_ZM001_Paravane_INDEX_3	</identifier>
				<transform>
					<row0>	0.0000 -1.0000 0.0000 0.0000	</row0>
					<row1>	0.0000 0.0000 1.0000 0.0000	</row1>
					<row2>	-1.0000 0.0000 0.0000 0.0000	</row2>
					<row3>	-0.0351 0.2995 -3.8483 1.0000	</row3>
				</transform>
			</node>
			<node>
				<identifier>	MP_ZM007_Fire_Hose_Rack_box	</identifier>
				<transform>
					<row0>	-0.5187 0.0000 0.8550 0.0000	</row0>
					<row1>	0.0000 1.0000 0.0000 0.0000	</row1>
					<row2>	-0.8550 0.0000 -0.5187 0.0000	</row2>
					<row3>	-0.2896 0.2612 -3.4268 1.0000	</row3>
				</transform>
			</node>
			<node>
				<identifier>	MP_ZM007_Fire_Hose_Rack_box_INDEX_1	</identifier>
				<transform>
					<row0>	-0.5187 0.0000 -0.8550 0.0000	</row0>
					<row1>	0.0000 1.0000 0.0000 0.0000	</row1>
					<row2>	0.8550 0.0000 -0.5187 0.0000	</row2>
					<row3>	0.2822 0.2612 -3.4390 1.0000	</row3>
				</transform>
			</node>
			<node>
				<identifier>	MP_ZM015_Speaker	</identifier>
				<transform>
					<row0>	-2.1824 0.0000 0.0000 0.0000	</row0>
					<row1>	0.0000 2.1824 0.0000 0.0000	</row1>
					<row2>	0.0000 0.0000 -2.1824 0.0000	</row2>
					<row3>	0.3680 0.3617 -3.3098 1.0000	</row3>
				</transform>
			</node>
			<node>
				<identifier>	MP_ZM015_Speaker_INDEX_1	</identifier>
				<transform>
					<row0>	-2.1824 0.0000 0.0000 0.0000	</row0>
					<row1>	0.0000 2.1824 0.0000 0.0000	</row1>
					<row2>	0.0000 0.0000 -2.1824 0.0000	</row2>
					<row3>	-0.3680 0.3617 -3.3098 1.0000	</row3>
				</transform>
			</node>
			<node>
				<identifier>	MP_ZM024_Life_Buoy	</identifier>
				<transform>
					<row0>	0.7666 0.0000 -0.6421 0.0000	</row0>
					<row1>	0.0000 1.0000 0.0000 0.0000	</row1>
					<row2>	0.6421 0.0000 0.7666 0.0000	</row2>
					<row3>	-0.1336 0.3090 -3.6563 1.0000	</row3>
				</transform>
			</node>
			<node>
				<identifier>	MP_ZM024_Life_Buoy_INDEX_1	</identifier>
				<transform>
					<row0>	0.7666 0.0000 0.6421 0.0000	</row0>
					<row1>	0.0000 1.0000 0.0000 0.0000	</row1>
					<row2>	-0.6421 0.0000 0.7666 0.0000	</row2>
					<row3>	0.1336 0.3090 -3.6563 1.0000	</row3>
				</transform>
			</node>
			<node>
				<identifier>	MP_ZM070_Cart_for_Paravane	</identifier>
				<transform>
					<row0>	-0.9365 0.0000 0.3508 0.0000	</row0>
					<row1>	0.0012 1.0000 0.0033 0.0000	</row1>
					<row2>	-0.3507 0.0035 -0.9365 0.0000	</row2>
					<row3>	0.2448 0.2210 -3.5902 1.0000	</row3>
				</transform>
			</node>
			<node>
				<identifier>	MP_ZM070_Cart_for_Paravane_INDEX_1	</identifier>
				<transform>
					<row0>	0.0000 0.0000 1.0000 0.0000	</row0>
					<row1>	0.0000 1.0000 0.0000 0.0000	</row1>
					<row2>	-1.0000 0.0000 0.0000 0.0000	</row2>
					<row3>	0.0000 0.2217 -3.7441 1.0000	</row3>
				</transform>
			</node>
			<node>
				<identifier>	MP_ZM070_Cart_for_Paravane_INDEX_2	</identifier>
				<transform>
					<row0>	0.0000 0.0000 1.0000 0.0000	</row0>
					<row1>	0.0000 1.0000 0.0000 0.0000	</row1>
					<row2>	-1.0000 0.0000 0.0000 0.0000	</row2>
					<row3>	-0.0368 0.2219 -3.8272 1.0000	</row3>
				</transform>
			</node>
			<node>
				<identifier>	MP_ZM070_Cart_for_Paravane_INDEX_3	</identifier>
				<transform>
					<row0>	-0.9365 0.0000 -0.3507 0.0000	</row0>
					<row1>	-0.0012 1.0000 0.0033 0.0000	</row1>
					<row2>	0.3507 0.0035 -0.9365 0.0000	</row2>
					<row3>	-0.2448 0.2210 -3.5902 1.0000	</row3>
				</transform>
			</node>
			<node>
				<identifier>	MP_ZM071_Barrel_DV	</identifier>
				<transform>
					<row0>	-0.1371 0.0006 0.9906 0.0000	</row0>
					<row1>	0.0042 1.0000 0.0000 0.0000	</row1>
					<row2>	-0.9905 0.0042 -0.1371 0.0000	</row2>
					<row3>	-0.3620 0.2239 -6.0886 1.0000	</row3>
				</transform>
			</node>
			<node>
				<identifier>	MP_ZM071_Barrel_DV_INDEX_1	</identifier>
				<transform>
					<row0>	-0.1279 0.0000 0.9918 0.0000	</row0>
					<row1>	0.0000 1.0000 0.0000 0.0000	</row1>
					<row2>	-0.9918 0.0000 -0.1279 0.0000	</row2>
					<row3>	-0.4401 0.2218 -5.5020 1.0000	</row3>
				</transform>
			</node>
			<node>
				<identifier>	MP_ZM071_Barrel_DV_INDEX_2	</identifier>
				<transform>
					<row0>	-0.1029 0.0000 -0.9947 0.0000	</row0>
					<row1>	0.0000 1.0000 0.0000 0.0000	</row1>
					<row2>	0.9947 0.0000 -0.1029 0.0000	</row2>
					<row3>	0.5483 0.2181 -4.5538 1.0000	</row3>
				</transform>
			</node>
			<node>
				<identifier>	MP_ZM071_Barrel_DV_INDEX_3	</identifier>
				<transform>
					<row0>	-0.1279 0.0000 -0.9918 0.0000	</row0>
					<row1>	0.0000 1.0000 0.0000 0.0000	</row1>
					<row2>	0.9918 0.0000 -0.1279 0.0000	</row2>
					<row3>	0.4401 0.2218 -5.5020 1.0000	</row3>
				</transform>
			</node>
			<node>
				<identifier>	MP_ZM071_Barrel_DV_INDEX_4	</identifier>
				<transform>
					<row0>	-0.1029 0.0000 0.9947 0.0000	</row0>
					<row1>	0.0000 1.0000 0.0000 0.0000	</row1>
					<row2>	-0.9947 0.0000 -0.1029 0.0000	</row2>
					<row3>	-0.5483 0.2181 -4.5538 1.0000	</row3>
				</transform>
			</node>
			<node>
				<identifier>	MP_ZM071_Barrel_DV_INDEX_5	</identifier>
				<transform>
					<row0>	-0.1371 -0.0006 -0.9906 0.0000	</row0>
					<row1>	-0.0042 1.0000 0.0000 0.0000	</row1>
					<row2>	0.9905 0.0042 -0.1371 0.0000	</row2>
					<row3>	0.3620 0.2239 -6.0885 1.0000	</row3>
				</transform>
			</node>
			<node>
				<identifier>	MP_ZM500_Yawl_20ft	</identifier>
				<transform>
					<row0>	0.9883 0.0000 -0.1528 0.0000	</row0>
					<row1>	0.0045 0.9996 0.0291 0.0000	</row1>
					<row2>	0.1527 -0.0295 0.9878 0.0000	</row2>
					<row3>	-0.1035 0.2690 -6.5479 1.0000	</row3>
				</transform>
			</node>
			<node>
				<identifier>	MP_ZM601_Turtles_box	</identifier>
				<transform>
					<row0>	-0.4906 0.0000 0.8714 0.0000	</row0>
					<row1>	0.0000 1.0000 0.0000 0.0000	</row1>
					<row2>	-0.8714 0.0000 -0.4906 0.0000	</row2>
					<row3>	-0.3092 0.2297 -3.3975 1.0000	</row3>
				</transform>
			</node>
			<node>
				<identifier>	MP_ZM703_Ammunition_Box	</identifier>
				<transform>
					<row0>	0.0000 0.0000 -0.7874 0.0000	</row0>
					<row1>	0.0000 0.7874 0.0000 0.0000	</row1>
					<row2>	0.7874 0.0000 0.0000 0.0000	</row2>
					<row3>	-0.1471 0.2255 -4.6982 1.0000	</row3>
				</transform>
			</node>
			<node>
				<identifier>	MP_ZM703_Ammunition_Box_INDEX_1	</identifier>
				<transform>
					<row0>	0.0000 0.0000 0.7874 0.0000	</row0>
					<row1>	0.0000 0.7874 0.0000 0.0000	</row1>
					<row2>	-0.7874 0.0000 0.0000 0.0000	</row2>
					<row3>	0.1545 0.2255 -4.6982 1.0000	</row3>
				</transform>
			</node>
			<node>
				<identifier>	MP_ZM754_Hatch	</identifier>
				<transform>
					<row0>	1.0000 0.0000 0.0000 0.0000	</row0>
					<row1>	0.0000 1.0000 0.0000 0.0000	</row1>
					<row2>	0.0000 0.0000 1.0000 0.0000	</row2>
					<row3>	-0.0533 0.2271 -5.3613 1.0000	</row3>
				</transform>
			</node>
			<node>
				<identifier>	MP_ZM754_Hatch_INDEX_1	</identifier>
				<transform>
					<row0>	1.0000 0.0000 0.0000 0.0000	</row0>
					<row1>	0.0000 1.0000 0.0000 0.0000	</row1>
					<row2>	0.0000 0.0000 1.0000 0.0000	</row2>
					<row3>	-0.0425 0.2243 -4.7664 1.0000	</row3>
				</transform>
			</node>
			<node>
				<identifier>	MP_ZM754_Hatch_INDEX_2	</identifier>
				<transform>
					<row0>	1.0089 0.0000 0.0000 0.0000	</row0>
					<row1>	0.0000 1.0089 0.0000 0.0000	</row1>
					<row2>	0.0000 0.0000 1.0089 0.0000	</row2>
					<row3>	0.2986 0.2208 -3.8923 1.0000	</row3>
				</transform>
			</node>
			<node>
				<identifier>	MP_ZM754_Hatch_INDEX_3	</identifier>
				<transform>
					<row0>	1.0000 0.0000 0.0000 0.0000	</row0>
					<row1>	0.0000 1.0000 0.0000 0.0000	</row1>
					<row2>	0.0000 0.0000 1.0000 0.0000	</row2>
					<row3>	0.0434 0.2243 -4.7664 1.0000	</row3>
				</transform>
			</node>
			<node>
				<identifier>	MP_ZM754_Hatch_INDEX_4	</identifier>
				<transform>
					<row0>	1.0000 0.0000 0.0000 0.0000	</row0>
					<row1>	0.0000 1.0000 0.0000 0.0000	</row1>
					<row2>	0.0000 0.0000 1.0000 0.0000	</row2>
					<row3>	0.0533 0.2271 -5.3613 1.0000	</row3>
				</transform>
			</node>
			<node>
				<identifier>	MP_ZM754_Hatch_INDEX_5	</identifier>
				<transform>
					<row0>	1.0089 0.0000 0.0000 0.0000	</row0>
					<row1>	0.0000 1.0089 0.0000 0.0000	</row1>
					<row2>	0.0000 0.0000 1.0089 0.0000	</row2>
					<row3>	-0.2986 0.2208 -3.8923 1.0000	</row3>
				</transform>
			</node>
			<node>
				<identifier>	MP_ZM773_Hatch	</identifier>
				<transform>
					<row0>	0.8246 0.0000 0.0000 0.0000	</row0>
					<row1>	0.0000 0.8246 0.0000 0.0000	</row1>
					<row2>	0.0000 0.0000 0.8246 0.0000	</row2>
					<row3>	0.1569 0.2191 -4.0781 1.0000	</row3>
				</transform>
			</node>
			<node>
				<identifier>	MP_ZM776_Ammunition_Hoist	</identifier>
				<transform>
					<row0>	0.0000 0.0000 -1.0000 0.0000	</row0>
					<row1>	0.0000 1.0000 0.0000 0.0000	</row1>
					<row2>	1.0000 0.0000 0.0000 0.0000	</row2>
					<row3>	0.2067 0.2210 -3.7393 1.0000	</row3>
				</transform>
			</node>
			<node>
				<identifier>	MP_ZM776_Ammunition_Hoist_INDEX_1	</identifier>
				<transform>
					<row0>	0.0000 0.0000 1.0000 0.0000	</row0>
					<row1>	0.0000 1.0000 0.0000 0.0000	</row1>
					<row2>	-1.0000 0.0000 0.0000 0.0000	</row2>
					<row3>	-0.2067 0.2210 -3.7393 1.0000	</row3>
				</transform>
			</node>
			<node>
				<identifier>	MP_ZM779_Hatch	</identifier>
				<transform>
					<row0>	1.0000 0.0000 0.0000 0.0000	</row0>
					<row1>	0.0000 1.0000 0.0000 0.0000	</row1>
					<row2>	0.0000 0.0000 1.0000 0.0000	</row2>
					<row3>	-0.1701 0.2218 -3.9531 1.0000	</row3>
				</transform>
			</node>
			<node>
				<identifier>	MP_ZM779_Hatch_INDEX_1	</identifier>
				<transform>
					<row0>	1.0000 0.0000 0.0000 0.0000	</row0>
					<row1>	0.0000 1.0000 0.0000 0.0000	</row1>
					<row2>	0.0000 0.0000 1.0000 0.0000	</row2>
					<row3>	0.0634 0.2311 -6.4418 1.0000	</row3>
				</transform>
			</node>
			<node>
				<identifier>	MP_ZM779_Hatch_INDEX_2	</identifier>
				<transform>
					<row0>	1.0000 0.0000 0.0000 0.0000	</row0>
					<row1>	0.0000 1.0000 0.0000 0.0000	</row1>
					<row2>	0.0000 0.0000 1.0000 0.0000	</row2>
					<row3>	-0.1701 0.2215 -3.7987 1.0000	</row3>
				</transform>
			</node>
			<node>
				<identifier>	MP_ZM779_Hatch_INDEX_3	</identifier>
				<transform>
					<row0>	1.0000 0.0000 0.0000 0.0000	</row0>
					<row1>	0.0000 1.0000 0.0000 0.0000	</row1>
					<row2>	0.0000 0.0000 1.0000 0.0000	</row2>
					<row3>	0.0016 0.2311 -6.3252 1.0000	</row3>
				</transform>
			</node>
			<node>
				<identifier>	MP_ZM779_Hatch_INDEX_4	</identifier>
				<transform>
					<row0>	1.0000 0.0000 0.0000 0.0000	</row0>
					<row1>	0.0000 1.0000 0.0000 0.0000	</row1>
					<row2>	0.0000 0.0000 1.0000 0.0000	</row2>
					<row3>	0.0369 0.2258 -5.0456 1.0000	</row3>
				</transform>
			</node>
			<node>
				<identifier>	MP_ZM779_Hatch_INDEX_5	</identifier>
				<transform>
					<row0>	1.0000 0.0000 0.0000 0.0000	</row0>
					<row1>	0.0000 1.0000 0.0000 0.0000	</row1>
					<row2>	0.0000 0.0000 1.0000 0.0000	</row2>
					<row3>	0.0588 0.2318 -6.5834 1.0000	</row3>
				</transform>
			</node>
			<node>
				<identifier>	MP_ZM804_Ventilation	</identifier>
				<transform>
					<row0>	1.9575 0.0000 0.0000 0.0000	</row0>
					<row1>	0.0000 1.9575 0.0000 0.0000	</row1>
					<row2>	0.0000 0.0000 1.9575 0.0000	</row2>
					<row3>	-0.2417 0.1756 -4.1491 1.0000	</row3>
				</transform>
			</node>
			<node>
				<identifier>	MP_ZM804_Ventilation_INDEX_1	</identifier>
				<transform>
					<row0>	1.9187 0.0000 0.0000 0.0000	</row0>
					<row1>	0.0000 1.9187 0.0000 0.0000	</row1>
					<row2>	0.0000 0.0000 1.9187 0.0000	</row2>
					<row3>	-0.0005 0.1931 -4.6033 1.0000	</row3>
				</transform>
			</node>
			<node>
				<identifier>	MP_ZM804_Ventilation_INDEX_10	</identifier>
				<transform>
					<row0>	1.7370 0.0000 -0.9658 0.0000	</row0>
					<row1>	0.0000 1.9874 0.0000 0.0000	</row1>
					<row2>	0.9658 0.0000 1.7370 0.0000	</row2>
					<row3>	0.2606 0.1889 -4.3349 1.0000	</row3>
				</transform>
			</node>
			<node>
				<identifier>	MP_ZM804_Ventilation_INDEX_11	</identifier>
				<transform>
					<row0>	2.3250 0.0000 0.0000 0.0000	</row0>
					<row1>	0.0000 2.3250 0.0000 0.0000	</row1>
					<row2>	0.0000 0.0000 2.3250 0.0000	</row2>
					<row3>	-0.3004 0.1756 -4.1540 1.0000	</row3>
				</transform>
			</node>
			<node>
				<identifier>	MP_ZM804_Ventilation_INDEX_12	</identifier>
				<transform>
					<row0>	1.5662 0.0000 0.0000 0.0000	</row0>
					<row1>	0.0000 1.5662 0.0000 0.0000	</row1>
					<row2>	0.0000 0.0000 1.5662 0.0000	</row2>
					<row3>	0.2819 0.1898 -4.0950 1.0000	</row3>
				</transform>
			</node>
			<node>
				<identifier>	MP_ZM804_Ventilation_INDEX_13	</identifier>
				<transform>
					<row0>	1.5363 0.0000 -1.1495 0.0000	</row0>
					<row1>	0.0000 1.9187 0.0000 0.0000	</row1>
					<row2>	1.1495 0.0000 1.5363 0.0000	</row2>
					<row3>	-0.0729 0.1931 -4.5919 1.0000	</row3>
				</transform>
			</node>
			<node>
				<identifier>	MP_ZM804_Ventilation_INDEX_14	</identifier>
				<transform>
					<row0>	1.9575 0.0000 0.0000 0.0000	</row0>
					<row1>	0.0000 1.9575 0.0000 0.0000	</row1>
					<row2>	0.0000 0.0000 1.9575 0.0000	</row2>
					<row3>	0.2417 0.1756 -4.1491 1.0000	</row3>
				</transform>
			</node>
			<node>
				<identifier>	MP_ZM804_Ventilation_INDEX_15	</identifier>
				<transform>
					<row0>	1.4580 0.0000 0.0000 0.0000	</row0>
					<row1>	0.0000 1.4580 0.0000 0.0000	</row1>
					<row2>	0.0000 0.0000 1.4580 0.0000	</row2>
					<row3>	-0.0591 0.2041 -4.6829 1.0000	</row3>
				</transform>
			</node>
			<node>
				<identifier>	MP_ZM804_Ventilation_INDEX_16	</identifier>
				<transform>
					<row0>	0.9257 0.0000 -0.3784 0.0000	</row0>
					<row1>	0.0000 1.0000 0.0000 0.0000	</row1>
					<row2>	0.3784 0.0000 0.9257 0.0000	</row2>
					<row3>	0.1619 0.2146 -5.3059 1.0000	</row3>
				</transform>
			</node>
			<node>
				<identifier>	MP_ZM804_Ventilation_INDEX_17	</identifier>
				<transform>
					<row0>	1.0043 0.0000 1.1289 0.0000	</row0>
					<row1>	0.0000 1.5110 0.0000 0.0000	</row1>
					<row2>	-1.1289 0.0000 1.0043 0.0000	</row2>
					<row3>	-0.1129 0.2168 -5.3596 1.0000	</row3>
				</transform>
			</node>
			<node>
				<identifier>	MP_ZM804_Ventilation_INDEX_18	</identifier>
				<transform>
					<row0>	2.2402 0.0000 0.0000 0.0000	</row0>
					<row1>	0.0000 2.2402 0.0000 0.0000	</row1>
					<row2>	0.0000 0.0000 2.2402 0.0000	</row2>
					<row3>	-0.1244 0.1794 -5.4029 1.0000	</row3>
				</transform>
			</node>
			<node>
				<identifier>	MP_ZM804_Ventilation_INDEX_2	</identifier>
				<transform>
					<row0>	1.1634 0.0000 0.0000 0.0000	</row0>
					<row1>	0.0000 1.1634 0.0000 0.0000	</row1>
					<row2>	0.0000 0.0000 1.1634 0.0000	</row2>
					<row3>	-0.1418 0.2110 -3.6882 1.0000	</row3>
				</transform>
			</node>
			<node>
				<identifier>	MP_ZM804_Ventilation_INDEX_3	</identifier>
				<transform>
					<row0>	1.1578 0.0000 0.4244 0.0000	</row0>
					<row1>	0.0000 1.2331 0.0000 0.0000	</row1>
					<row2>	-0.4244 0.0000 1.1578 0.0000	</row2>
					<row3>	0.1617 0.1982 -5.3522 1.0000	</row3>
				</transform>
			</node>
			<node>
				<identifier>	MP_ZM804_Ventilation_INDEX_4	</identifier>
				<transform>
					<row0>	0.3687 0.0000 -0.6002 0.0000	</row0>
					<row1>	0.0000 0.7044 0.0000 0.0000	</row1>
					<row2>	0.6002 0.0000 0.3687 0.0000	</row2>
					<row3>	0.1619 0.2182 -5.2823 1.0000	</row3>
				</transform>
			</node>
			<node>
				<identifier>	MP_ZM804_Ventilation_INDEX_5	</identifier>
				<transform>
					<row0>	1.7836 0.0000 0.7072 0.0000	</row0>
					<row1>	0.0000 1.9187 0.0000 0.0000	</row1>
					<row2>	-0.7072 0.0000 1.7836 0.0000	</row2>
					<row3>	0.1677 0.1931 -4.6035 1.0000	</row3>
				</transform>
			</node>
			<node>
				<identifier>	MP_ZM804_Ventilation_INDEX_6	</identifier>
				<transform>
					<row0>	0.2840 0.0000 1.2472 0.0000	</row0>
					<row1>	0.0000 1.2792 0.0000 0.0000	</row1>
					<row2>	-1.2472 0.0000 0.2840 0.0000	</row2>
					<row3>	0.1091 0.1964 -5.3639 1.0000	</row3>
				</transform>
			</node>
			<node>
				<identifier>	MP_ZM804_Ventilation_INDEX_7	</identifier>
				<transform>
					<row0>	1.0000 0.0000 0.0000 0.0000	</row0>
					<row1>	0.0000 1.0000 0.0000 0.0000	</row1>
					<row2>	0.0000 0.0000 1.0000 0.0000	</row2>
					<row3>	0.3285 0.2253 -5.2070 1.0000	</row3>
				</transform>
			</node>
			<node>
				<identifier>	MP_ZM804_Ventilation_INDEX_8	</identifier>
				<transform>
					<row0>	1.6504 0.0000 0.0000 0.0000	</row0>
					<row1>	0.0000 1.6504 0.0000 0.0000	</row1>
					<row2>	0.0000 0.0000 1.6504 0.0000	</row2>
					<row3>	0.3020 0.1913 -4.3642 1.0000	</row3>
				</transform>
			</node>
			<node>
				<identifier>	MP_ZM804_Ventilation_INDEX_9	</identifier>
				<transform>
					<row0>	2.3250 0.0000 0.0000 0.0000	</row0>
					<row1>	0.0000 2.3250 0.0000 0.0000	</row1>
					<row2>	0.0000 0.0000 2.3250 0.0000	</row2>
					<row3>	0.3004 0.1756 -4.1540 1.0000	</row3>
				</transform>
			</node>
			<node>
				<identifier>	MP_ZM857_Signal_Lamp	</identifier>
				<transform>
					<row0>	1.0000 0.0000 0.0000 0.0000	</row0>
					<row1>	0.0000 1.0000 0.0000 0.0000	</row1>
					<row2>	0.0000 0.0000 1.0000 0.0000	</row2>
					<row3>	0.0000 0.7577 -6.9952 1.0000	</row3>
				</transform>
			</node>
			<node>
				<identifier>	MP_ZM874_Screened_speed_light	</identifier>
				<transform>
					<row0>	1.0000 0.0000 0.0000 0.0000	</row0>
					<row1>	0.0000 1.0000 0.0000 0.0000	</row1>
					<row2>	0.0000 0.0000 1.0000 0.0000	</row2>
					<row3>	0.0000 0.3257 -7.0098 1.0000	</row3>
				</transform>
			</node>
			<node>
				<identifier>	MP_ZM885_Signal_Lamp	</identifier>
				<transform>
					<row0>	-1.0000 0.0000 0.0000 0.0000	</row0>
					<row1>	0.0000 1.0000 0.0000 0.0000	</row1>
					<row2>	0.0000 0.0000 -1.0000 0.0000	</row2>
					<row3>	0.0000 0.2929 -7.0125 1.0000	</row3>
				</transform>
			</node>
			<node>
				<identifier>	MP_ZM980_Anchor_Capstan_Stern	</identifier>
				<transform>
					<row0>	-1.0000 0.0000 0.0000 0.0000	</row0>
					<row1>	0.0000 1.0000 0.0000 0.0000	</row1>
					<row2>	0.0000 0.0000 -1.0000 0.0000	</row2>
					<row3>	-0.0717 0.2315 -5.6036 1.0000	</row3>
				</transform>
			</node>
			<node>
				<identifier>	MP_ZM980_Anchor_Capstan_Stern_INDEX_1	</identifier>
				<transform>
					<row0>	-1.0000 0.0000 0.0000 0.0000	</row0>
					<row1>	0.0000 1.0000 0.0000 0.0000	</row1>
					<row2>	0.0000 0.0000 -1.0000 0.0000	</row2>
					<row3>	0.0717 0.2315 -5.6036 1.0000	</row3>
				</transform>
			</node>
			<node>
				<identifier>	MP_ZM983_Reel	</identifier>
				<transform>
					<row0>	-1.0000 0.0000 0.0000 0.0000	</row0>
					<row1>	0.0000 1.0000 0.0000 0.0000	</row1>
					<row2>	0.0000 0.0000 -1.0000 0.0000	</row2>
					<row3>	0.2400 0.2226 -4.6833 1.0000	</row3>
				</transform>
			</node>
			<node>
				<identifier>	MP_ZM983_Reel_INDEX_1	</identifier>
				<transform>
					<row0>	-0.5259 0.0000 -0.8505 0.0000	</row0>
					<row1>	0.0000 1.0000 0.0000 0.0000	</row1>
					<row2>	0.8505 0.0000 -0.5259 0.0000	</row2>
					<row3>	0.4475 0.2196 -3.2320 1.0000	</row3>
				</transform>
			</node>
			<node>
				<identifier>	MP_ZM983_Reel_INDEX_2	</identifier>
				<transform>
					<row0>	-0.5259 0.0000 0.8505 0.0000	</row0>
					<row1>	0.0000 1.0000 0.0000 0.0000	</row1>
					<row2>	-0.8505 0.0000 -0.5259 0.0000	</row2>
					<row3>	-0.4453 0.2196 -3.2318 1.0000	</row3>
				</transform>
			</node>
			<node>
				<identifier>	MP_ZM983_Reel_INDEX_3	</identifier>
				<transform>
					<row0>	-1.0000 0.0000 0.0000 0.0000	</row0>
					<row1>	0.0000 1.0000 0.0000 0.0000	</row1>
					<row2>	0.0000 0.0000 -1.0000 0.0000	</row2>
					<row3>	-0.2400 0.2226 -4.6833 1.0000	</row3>
				</transform>
			</node>
			<node>
				<identifier>	MP_ZM984_Reel	</identifier>
				<transform>
					<row0>	0.5828 0.0000 0.8126 0.0000	</row0>
					<row1>	0.0000 1.0000 0.0000 0.0000	</row1>
					<row2>	-0.8126 0.0000 0.5828 0.0000	</row2>
					<row3>	0.3001 0.3728 -3.1919 1.0000	</row3>
				</transform>
			</node>
			<node>
				<identifier>	MP_ZM984_Reel_INDEX_1	</identifier>
				<transform>
					<row0>	0.5828 0.0000 -0.8126 0.0000	</row0>
					<row1>	0.0000 1.0000 0.0000 0.0000	</row1>
					<row2>	0.8126 0.0000 0.5828 0.0000	</row2>
					<row3>	-0.3001 0.3728 -3.1919 1.0000	</row3>
				</transform>
			</node>
			<node>
				<identifier>	MP_ZM985_Reel	</identifier>
				<transform>
					<row0>	-1.0000 0.0000 0.0000 0.0000	</row0>
					<row1>	0.0000 1.0000 0.0000 0.0000	</row1>
					<row2>	0.0000 0.0000 -1.0000 0.0000	</row2>
					<row3>	-0.1394 0.2254 -4.7917 1.0000	</row3>
				</transform>
			</node>
			<node>
				<identifier>	MP_ZM985_Reel_INDEX_1	</identifier>
				<transform>
					<row0>	-1.0000 0.0000 0.0000 0.0000	</row0>
					<row1>	0.0000 1.0000 0.0000 0.0000	</row1>
					<row2>	0.0000 0.0000 -1.0000 0.0000	</row2>
					<row3>	0.1394 0.2253 -4.7917 1.0000	</row3>
				</transform>
			</node>
			<node>
				<identifier>	MP_ZM986_Winch_Provisions	</identifier>
				<transform>
					<row0>	0.0000 0.0000 -1.0000 0.0000	</row0>
					<row1>	0.0000 1.0000 0.0000 0.0000	</row1>
					<row2>	1.0000 0.0000 0.0000 0.0000	</row2>
					<row3>	0.1966 0.2220 -3.9579 1.0000	</row3>
				</transform>
			</node>
			<node>
				<identifier>	MP_ZM986_Winch_Provisions_INDEX_1	</identifier>
				<transform>
					<row0>	0.1421 0.0000 0.9899 0.0000	</row0>
					<row1>	0.0000 1.0000 0.0000 0.0000	</row1>
					<row2>	-0.9899 0.0000 0.1421 0.0000	</row2>
					<row3>	-0.2358 0.2221 -3.9953 1.0000	</row3>
				</transform>
			</node>
			<node>
				<identifier>	SP_YMS011_YHWL_M_1_INDEX_16	</identifier>
				<transform>
					<row0>	0.6909 0.0000 0.0542 0.0000	</row0>
					<row1>	0.0000 0.6930 0.0000 0.0000	</row1>
					<row2>	-0.0542 0.0000 0.6909 0.0000	</row2>
					<row3>	-0.6522 0.0000 -3.5193 1.0000	</row3>
				</transform>
			</node>
			<node>
				<identifier>	SP_YMS011_YHWL_M_1_INDEX_17	</identifier>
				<transform>
					<row0>	0.6769 0.1281 0.0750 0.0000	</row0>
					<row1>	-0.1274 0.6810 -0.0138 0.0000	</row1>
					<row2>	-0.0763 -0.0003 0.6888 0.0000	</row2>
					<row3>	-0.5989 0.0000 -4.0982 1.0000	</row3>
				</transform>
			</node>
			<node>
				<identifier>	SP_YMS011_YHWL_M_1_INDEX_18	</identifier>
				<transform>
					<row0>	0.6753 0.1281 0.0885 0.0000	</row0>
					<row1>	-0.1274 0.6810 -0.0138 0.0000	</row1>
					<row2>	-0.0896 -0.0028 0.6872 0.0000	</row2>
					<row3>	-0.5323 0.0000 -4.6744 1.0000	</row3>
				</transform>
			</node>
			<node>
				<identifier>	SP_YMS011_YHWL_M_1_INDEX_19	</identifier>
				<transform>
					<row0>	0.6413 0.2453 0.0940 0.0000	</row0>
					<row1>	-0.2432 0.6481 -0.0318 0.0000	</row1>
					<row2>	-0.0992 -0.0036 0.6859 0.0000	</row2>
					<row3>	-0.4523 0.0000 -5.2485 1.0000	</row3>
				</transform>
			</node>
			<node>
				<identifier>	SP_YMS011_YHWL_M_1_INDEX_20	</identifier>
				<transform>
					<row0>	0.6374 0.2523 0.1014 0.0000	</row0>
					<row1>	-0.2482 0.6454 -0.0456 0.0000	</row1>
					<row2>	-0.1110 0.0056 0.6840 0.0000	</row2>
					<row3>	-0.3600 0.0000 -5.8184 1.0000	</row3>
				</transform>
			</node>
			<node>
				<identifier>	SP_YMS011_YHWL_M_1_INDEX_21	</identifier>
				<transform>
					<row0>	0.6106 0.3019 0.1276 0.0000	</row0>
					<row1>	-0.2954 0.6238 -0.0623 0.0000	</row1>
					<row2>	-0.1420 0.0004 0.6783 0.0000	</row2>
					<row3>	-0.2435 0.0000 -6.3853 1.0000	</row3>
				</transform>
			</node>
			<node>
				<identifier>	SP_YMS012_YHWR_M_1_INDEX_16	</identifier>
				<transform>
					<row0>	0.6909 0.0000 -0.0542 0.0000	</row0>
					<row1>	0.0000 0.6930 0.0000 0.0000	</row1>
					<row2>	0.0542 0.0000 0.6909 0.0000	</row2>
					<row3>	0.6522 0.0000 -3.5193 1.0000	</row3>
				</transform>
			</node>
			<node>
				<identifier>	SP_YMS012_YHWR_M_1_INDEX_17	</identifier>
				<transform>
					<row0>	0.6769 -0.1281 -0.0750 0.0000	</row0>
					<row1>	0.1274 0.6810 -0.0138 0.0000	</row1>
					<row2>	0.0763 -0.0003 0.6888 0.0000	</row2>
					<row3>	0.5989 0.0000 -4.0982 1.0000	</row3>
				</transform>
			</node>
			<node>
				<identifier>	SP_YMS012_YHWR_M_1_INDEX_18	</identifier>
				<transform>
					<row0>	0.6753 -0.1281 -0.0885 0.0000	</row0>
					<row1>	0.1274 0.6810 -0.0138 0.0000	</row1>
					<row2>	0.0896 -0.0028 0.6872 0.0000	</row2>
					<row3>	0.5323 0.0000 -4.6744 1.0000	</row3>
				</transform>
			</node>
			<node>
				<identifier>	SP_YMS012_YHWR_M_1_INDEX_19	</identifier>
				<transform>
					<row0>	0.6413 -0.2453 -0.0940 0.0000	</row0>
					<row1>	0.2432 0.6481 -0.0318 0.0000	</row1>
					<row2>	0.0992 -0.0036 0.6859 0.0000	</row2>
					<row3>	0.4523 0.0000 -5.2485 1.0000	</row3>
				</transform>
			</node>
			<node>
				<identifier>	SP_YMS012_YHWR_M_1_INDEX_20	</identifier>
				<transform>
					<row0>	0.6374 -0.2523 -0.1014 0.0000	</row0>
					<row1>	0.2482 0.6454 -0.0456 0.0000	</row1>
					<row2>	0.1110 0.0056 0.6840 0.0000	</row2>
					<row3>	0.3600 0.0000 -5.8184 1.0000	</row3>
				</transform>
			</node>
			<node>
				<identifier>	SP_YMS012_YHWR_M_1_INDEX_21	</identifier>
				<transform>
					<row0>	0.6106 -0.3019 -0.1276 0.0000	</row0>
					<row1>	0.2954 0.6238 -0.0623 0.0000	</row1>
					<row2>	0.1420 0.0004 0.6783 0.0000	</row2>
					<row3>	0.2435 0.0000 -6.3853 1.0000	</row3>
				</transform>
			</node>
			<node>
				<identifier>	SP_YMS023_YHUC_L_1	</identifier>
				<transform>
					<row0>	0.6676 -0.0003 -0.0081 0.0000	</row0>
					<row1>	0.0000 0.6672 -0.0242 0.0000	</row1>
					<row2>	0.0081 0.0242 0.6671 0.0000	</row2>
					<row3>	-0.2559 -0.3616 -5.8160 1.0000	</row3>
				</transform>
			</node>
			<node>
				<identifier>	SP_YMS023_YHUC_L_1_INDEX_1	</identifier>
				<transform>
					<row0>	0.6676 0.0003 0.0081 0.0000	</row0>
					<row1>	0.0000 0.6672 -0.0242 0.0000	</row1>
					<row2>	-0.0081 0.0242 0.6671 0.0000	</row2>
					<row3>	0.2559 -0.3616 -5.8160 1.0000	</row3>
				</transform>
			</node>
			<node>
				<identifier>	SP_YMS030_YHAM_M_1	</identifier>
				<transform>
					<row0>	0.4990 0.0000 0.0000 0.0000	</row0>
					<row1>	0.0000 0.4990 0.0000 0.0000	</row1>
					<row2>	0.0000 0.0000 0.4990 0.0000	</row2>
					<row3>	0.0000 0.0819 -7.0137 1.0000	</row3>
				</transform>
			</node>
			<node>
				<identifier>	SP_YMS031_YHAL_M_1	</identifier>
				<transform>
					<row0>	0.6818 0.0418 0.0910 0.0000	</row0>
					<row1>	-0.0409 0.6878 -0.0093 0.0000	</row1>
					<row2>	-0.0913 0.0038 0.6830 0.0000	</row2>
					<row3>	-0.2943 0.1327 -6.6188 1.0000	</row3>
				</transform>
			</node>
			<node>
				<identifier>	SP_YMS032_YHAR_M_1	</identifier>
				<transform>
					<row0>	0.6818 -0.0418 -0.0910 0.0000	</row0>
					<row1>	0.0409 0.6878 -0.0093 0.0000	</row1>
					<row2>	0.0913 0.0038 0.6830 0.0000	</row2>
					<row3>	0.2943 0.1327 -6.6188 1.0000	</row3>
				</transform>
			</node>
			<node>
				<identifier>	SP_YMS041_YHCS_M_1_INDEX_4	</identifier>
				<transform>
					<row0>	0.8685 0.0128 -0.1357 0.0000	</row0>
					<row1>	-0.0182 0.8783 -0.0337 0.0000	</row1>
					<row2>	0.1351 0.0361 0.8679 0.0000	</row2>
					<row3>	-0.1043 0.2882 -6.5461 1.0000	</row3>
				</transform>
			</node>
			<node>
				<identifier>	SP_YMS053_YHDC_S_1_INDEX_10	</identifier>
				<transform>
					<row0>	0.8000 0.0000 0.0000 0.0000	</row0>
					<row1>	0.0000 0.8000 0.0000 0.0000	</row1>
					<row2>	0.0000 0.0000 0.8000 0.0000	</row2>
					<row3>	0.1717 0.2270 -5.2064 1.0000	</row3>
				</transform>
			</node>
			<node>
				<identifier>	SP_YMS053_YHDC_S_1_INDEX_11	</identifier>
				<transform>
					<row0>	0.8000 0.0000 0.0000 0.0000	</row0>
					<row1>	0.0000 0.8000 0.0000 0.0000	</row1>
					<row2>	0.0000 0.0000 0.8000 0.0000	</row2>
					<row3>	0.0000 0.2347 -5.7413 1.0000	</row3>
				</transform>
			</node>
			<node>
				<identifier>	SP_YMS053_YHDC_S_1_INDEX_9	</identifier>
				<transform>
					<row0>	0.8000 0.0000 0.0000 0.0000	</row0>
					<row1>	0.0000 0.8000 0.0000 0.0000	</row1>
					<row2>	0.0000 0.0000 0.8000 0.0000	</row2>
					<row3>	-0.1717 0.2270 -5.2064 1.0000	</row3>
				</transform>
			</node>
			<node>
				<identifier>	SP_YMS071_YHHC_S_1_INDEX_4	</identifier>
				<transform>
					<row0>	-0.0990 -0.7687 0.0102 0.0000	</row0>
					<row1>	0.7635 -0.0995 -0.0893 0.0000	</row1>
					<row2>	0.0899 -0.0014 0.7699 0.0000	</row2>
					<row3>	0.5455 0.1423 -4.8227 1.0000	</row3>
				</transform>
			</node>
			<node>
				<identifier>	SP_YMS071_YHHC_S_1_INDEX_5	</identifier>
				<transform>
					<row0>	-0.0990 0.7687 -0.0102 0.0000	</row0>
					<row1>	-0.7635 -0.0995 -0.0893 0.0000	</row1>
					<row2>	-0.0899 -0.0014 0.7699 0.0000	</row2>
					<row3>	-0.5368 0.1425 -4.8970 1.0000	</row3>
				</transform>
			</node>
			<node>
				<identifier>	SP_YMS071_YHHC_S_1_INDEX_6	</identifier>
