<ASC029_Puerto_Rico_1949_Stern_ports.visual>
	<node>
		<identifier>	Scene Root	</identifier>
		<transform>
			<row0>	1.0000 0.0000 0.0000 0.0000	</row0>
			<row1>	0.0000 1.0000 0.0000 0.0000	</row1>
			<row2>	0.0000 0.0000 1.0000 0.0000	</row2>
			<row3>	0.0000 0.0000 0.0000 1.0000	</row3>
		</transform>
		<node>
			<identifier>	Stern_ports	</identifier>
			<transform>
				<row0>	1.0000 0.0000 0.0000 0.0000	</row0>
				<row1>	0.0000 1.0000 0.0000 0.0000	</row1>
				<row2>	0.0000 0.0000 1.0000 0.0000	</row2>
				<row3>	0.0000 0.0000 0.0000 1.0000	</row3>
			</transform>
			<node>
				<identifier>	HP_AC_1	</identifier>
				<transform>
					<row0>	0.0000 0.0000 1.0000 0.0000	</row0>
					<row1>	0.0000 1.0000 0.0000 0.0000	</row1>
					<row2>	-1.0000 0.0000 0.0000 0.0000	</row2>
					<row3>	-0.5457 0.4188 -7.3737 1.0000	</row3>
				</transform>
			</node>
			<node>
				<identifier>	HP_AC_2	</identifier>
				<transform>
					<row0>	0.0000 0.0000 -1.0000 0.0000	</row0>
					<row1>	0.0000 1.0000 0.0000 0.0000	</row1>
					<row2>	1.0000 0.0000 0.0000 0.0000	</row2>
					<row3>	0.5457 0.4188 -7.3737 1.0000	</row3>
				</transform>
			</node>
			<node>
				<identifier>	HP_AD_27	</identifier>
				<transform>
					<row0>	-0.7071 0.0000 0.7071 0.0000	</row0>
					<row1>	0.0000 1.0000 0.0000 0.0000	</row1>
					<row2>	-0.7071 0.0000 -0.7071 0.0000	</row2>
					<row3>	-0.6235 0.4678 -5.8300 1.0000	</row3>
				</transform>
			</node>
			<node>
				<identifier>	HP_AD_28	</identifier>
				<transform>
					<row0>	-0.7071 0.0000 -0.7071 0.0000	</row0>
					<row1>	0.0000 1.0000 0.0000 0.0000	</row1>
					<row2>	0.7071 0.0000 -0.7071 0.0000	</row2>
					<row3>	0.6235 0.4678 -5.8300 1.0000	</row3>
				</transform>
			</node>
			<node>
				<identifier>	HP_AD_29	</identifier>
				<transform>
					<row0>	-1.0000 0.0000 0.0000 0.0000	</row0>
					<row1>	0.0000 1.0000 0.0000 0.0000	</row1>
					<row2>	0.0000 0.0000 -1.0000 0.0000	</row2>
					<row3>	-0.3120 0.5008 -8.1450 1.0000	</row3>
				</transform>
			</node>
			<node>
				<identifier>	HP_AD_30	</identifier>
				<transform>
					<row0>	-1.0000 0.0000 0.0000 0.0000	</row0>
					<row1>	0.0000 1.0000 0.0000 0.0000	</row1>
					<row2>	0.0000 0.0000 -1.0000 0.0000	</row2>
					<row3>	0.3120 0.5008 -8.1450 1.0000	</row3>
				</transform>
			</node>
			<node>
				<identifier>	HP_AGA_35	</identifier>
				<transform>
					<row0>	-0.7071 0.0000 0.7071 0.0000	</row0>
					<row1>	0.0000 1.0000 0.0000 0.0000	</row1>
					<row2>	-0.7071 0.0000 -0.7071 0.0000	</row2>
					<row3>	-0.8709 0.3224 -5.3024 1.0000	</row3>
				</transform>
			</node>
			<node>
				<identifier>	HP_AGA_36	</identifier>
				<transform>
					<row0>	-0.7071 0.0000 -0.7071 0.0000	</row0>
					<row1>	0.0000 1.0000 0.0000 0.0000	</row1>
					<row2>	0.7071 0.0000 -0.7071 0.0000	</row2>
					<row3>	0.8709 0.3224 -5.3024 1.0000	</row3>
				</transform>
			</node>
			<node>
				<identifier>	HP_AGA_37	</identifier>
				<transform>
					<row0>	-0.7071 0.0000 0.7071 0.0000	</row0>
					<row1>	0.0000 1.0000 0.0000 0.0000	</row1>
					<row2>	-0.7071 0.0000 -0.7071 0.0000	</row2>
					<row3>	-0.8576 0.3250 -5.5483 1.0000	</row3>
				</transform>
			</node>
			<node>
				<identifier>	HP_AGA_38	</identifier>
				<transform>
					<row0>	-0.5736 0.0000 -0.8192 0.0000	</row0>
					<row1>	0.0000 1.0000 0.0000 0.0000	</row1>
					<row2>	0.8192 0.0000 -0.5736 0.0000	</row2>
					<row3>	0.8576 0.3250 -5.5483 1.0000	</row3>
				</transform>
			</node>
			<node>
				<identifier>	HP_AGA_39	</identifier>
				<transform>
					<row0>	-0.7071 0.0000 0.7071 0.0000	</row0>
					<row1>	0.0000 1.0000 0.0000 0.0000	</row1>
					<row2>	-0.7071 0.0000 -0.7071 0.0000	</row2>
					<row3>	-0.7017 0.3300 -6.0685 1.0000	</row3>
				</transform>
			</node>
			<node>
				<identifier>	HP_AGA_40	</identifier>
				<transform>
					<row0>	-0.7071 0.0000 -0.7071 0.0000	</row0>
					<row1>	0.0000 1.0000 0.0000 0.0000	</row1>
					<row2>	0.7071 0.0000 -0.7071 0.0000	</row2>
					<row3>	0.7017 0.3300 -6.0685 1.0000	</row3>
				</transform>
			</node>
			<node>
				<identifier>	HP_AGA_41	</identifier>
				<transform>
					<row0>	-1.0000 0.0000 0.0000 0.0000	</row0>
					<row1>	0.0000 1.0000 0.0000 0.0000	</row1>
					<row2>	0.0000 0.0000 -1.0000 0.0000	</row2>
					<row3>	-0.3115 0.3753 -8.4165 1.0000	</row3>
				</transform>
			</node>
			<node>
				<identifier>	HP_AGA_42	</identifier>
				<transform>
					<row0>	-1.0000 0.0000 0.0000 0.0000	</row0>
					<row1>	0.0000 1.0000 0.0000 0.0000	</row1>
					<row2>	0.0000 0.0000 -1.0000 0.0000	</row2>
					<row3>	0.3115 0.3753 -8.4165 1.0000	</row3>
				</transform>
			</node>
			<node>
				<identifier>	HP_FX_Fire_4	</identifier>
				<transform>
					<row0>	1.0000 0.0000 0.0000 0.0000	</row0>
					<row1>	0.0000 1.0000 0.0000 0.0000	</row1>
					<row2>	0.0000 0.0000 1.0000 0.0000	</row2>
					<row3>	0.0000 0.3464 -6.8337 1.0000	</row3>
				</transform>
			</node>
			<node>
				<identifier>	HP_FX_Flood_water_left_1	</identifier>
				<transform>
					<row0>	-1.0000 0.0000 0.0000 0.0000	</row0>
					<row1>	0.0000 1.0000 0.0000 0.0000	</row1>
					<row2>	0.0000 0.0000 -1.0000 0.0000	</row2>
					<row3>	-1.0092 0.1216 -4.8142 1.0000	</row3>
				</transform>
			</node>
			<node>
				<identifier>	HP_FX_Flood_water_right_1	</identifier>
				<transform>
					<row0>	1.0000 0.0000 0.0000 0.0000	</row0>
					<row1>	0.0000 1.0000 0.0000 0.0000	</row1>
					<row2>	0.0000 0.0000 1.0000 0.0000	</row2>
					<row3>	1.0094 0.1223 -4.8138 1.0000	</row3>
				</transform>
			</node>
			<node>
				<identifier>	HP_FX_WakeTraceBack	</identifier>
				<transform>
					<row0>	1.0000 0.0000 0.0000 0.0000	</row0>
					<row1>	0.0000 1.0000 0.0000 0.0000	</row1>
					<row2>	0.0000 0.0000 1.0000 0.0000	</row2>
					<row3>	0.0000 0.0000 -8.5515 1.0000	</row3>
				</transform>
			</node>
			<node>
				<identifier>	HP_FX_WakeTrace_screw_1	</identifier>
				<transform>
					<row0>	1.0000 0.0000 0.0000 0.0000	</row0>
					<row1>	0.0000 1.0000 0.0000 0.0000	</row1>
					<row2>	0.0000 0.0000 1.0000 0.0000	</row2>
					<row3>	-0.5956 -0.4736 -6.3597 1.0000	</row3>
				</transform>
			</node>
			<node>
				<identifier>	HP_FX_WakeTrace_screw_2	</identifier>
				<transform>
					<row0>	1.0000 0.0000 0.0000 0.0000	</row0>
					<row1>	0.0000 1.0000 0.0000 0.0000	</row1>
					<row2>	0.0000 0.0000 1.0000 0.0000	</row2>
					<row3>	-0.2035 -0.4776 -7.1093 1.0000	</row3>
				</transform>
			</node>
			<node>
				<identifier>	HP_FX_WakeTrace_screw_3	</identifier>
				<transform>
					<row0>	1.0000 0.0000 0.0000 0.0000	</row0>
					<row1>	0.0000 1.0000 0.0000 0.0000	</row1>
					<row2>	0.0000 0.0000 1.0000 0.0000	</row2>
					<row3>	0.5956 -0.4736 -6.3597 1.0000	</row3>
				</transform>
			</node>
			<node>
				<identifier>	HP_FX_WakeTrace_screw_4	</identifier>
				<transform>
					<row0>	1.0000 0.0000 0.0000 0.0000	</row0>
					<row1>	0.0000 1.0000 0.0000 0.0000	</row1>
					<row2>	0.0000 0.0000 1.0000 0.0000	</row2>
					<row3>	0.2035 -0.4776 -7.1093 1.0000	</row3>
				</transform>
			</node>
			<node>
				<identifier>	HP_Ship_death_3	</identifier>
				<transform>
					<row0>	1.0000 0.0000 0.0000 0.0000	</row0>
					<row1>	0.0000 1.0000 0.0000 0.0000	</row1>
					<row2>	0.0000 0.0000 1.0000 0.0000	</row2>
					<row3>	0.0000 0.0000 -4.7517 1.0000	</row3>
				</transform>
			</node>
			<node>
				<identifier>	MP_AM020_Ventilators_2	</identifier>
				<transform>
					<row0>	1.0000 0.0000 0.0000 0.0000	</row0>
					<row1>	0.0000 1.0000 0.0000 0.0000	</row1>
					<row2>	0.0000 0.0000 1.0000 0.0000	</row2>
					<row3>	-0.5466 0.3199 -5.3422 1.0000	</row3>
				</transform>
			</node>
			<node>
				<identifier>	MP_AM020_Ventilators_2_INDEX_1	</identifier>
				<transform>
					<row0>	1.0000 0.0000 0.0000 0.0000	</row0>
					<row1>	0.0000 1.0000 0.0000 0.0000	</row1>
					<row2>	0.0000 0.0000 1.0000 0.0000	</row2>
					<row3>	0.5466 0.3199 -5.3422 1.0000	</row3>
				</transform>
			</node>
			<node>
				<identifier>	MP_AM023_Hatch_1	</identifier>
				<transform>
					<row0>	0.0000 0.0000 -1.0000 0.0000	</row0>
					<row1>	0.0000 1.0000 0.0000 0.0000	</row1>
					<row2>	1.0000 0.0000 0.0000 0.0000	</row2>
					<row3>	-0.2693 0.3218 -5.3834 1.0000	</row3>
				</transform>
			</node>
			<node>
				<identifier>	MP_AM024_Hatch_2	</identifier>
				<transform>
					<row0>	1.0000 0.0000 0.0000 0.0000	</row0>
					<row1>	0.0000 1.0000 0.0000 0.0000	</row1>
					<row2>	0.0000 0.0000 1.0000 0.0000	</row2>
					<row3>	0.2755 0.3353 -6.7691 1.0000	</row3>
				</transform>
			</node>
			<node>
				<identifier>	MP_AM024_Hatch_2_INDEX_1	</identifier>
				<transform>
					<row0>	1.0000 0.0000 0.0000 0.0000	</row0>
					<row1>	0.0000 1.0000 0.0000 0.0000	</row1>
					<row2>	0.0000 0.0000 1.0000 0.0000	</row2>
					<row3>	-0.0371 0.3217 -5.2210 1.0000	</row3>
				</transform>
			</node>
			<node>
				<identifier>	MP_AM024_Hatch_2_INDEX_2	</identifier>
				<transform>
					<row0>	1.0000 0.0000 0.0000 0.0000	</row0>
					<row1>	0.0000 1.0000 0.0000 0.0000	</row1>
					<row2>	0.0000 0.0000 1.0000 0.0000	</row2>
					<row3>	-0.2755 0.3353 -6.7691 1.0000	</row3>
				</transform>
			</node>
			<node>
				<identifier>	MP_AM029_Ammunition_Box3	</identifier>
				<transform>
					<row0>	0.0621 0.0000 -0.9981 0.0000	</row0>
					<row1>	0.0000 1.0000 0.0000 0.0000	</row1>
					<row2>	0.9981 0.0000 0.0621 0.0000	</row2>
					<row3>	-0.9407 0.3209 -5.4288 1.0000	</row3>
				</transform>
			</node>
			<node>
				<identifier>	MP_AM029_Ammunition_Box3_INDEX_1	</identifier>
				<transform>
					<row0>	0.0638 0.0000 0.9980 0.0000	</row0>
					<row1>	0.0000 1.0000 0.0000 0.0000	</row1>
					<row2>	-0.9980 0.0000 0.0638 0.0000	</row2>
					<row3>	0.7409 0.3216 -5.3340 1.0000	</row3>
				</transform>
			</node>
			<node>
				<identifier>	MP_AM029_Ammunition_Box3_INDEX_2	</identifier>
				<transform>
					<row0>	0.0632 0.0000 -0.9980 0.0000	</row0>
					<row1>	0.0000 1.0000 0.0000 0.0000	</row1>
					<row2>	0.9980 0.0000 0.0632 0.0000	</row2>
					<row3>	-0.7306 0.3225 -5.4976 1.0000	</row3>
				</transform>
			</node>
			<node>
				<identifier>	MP_AM029_Ammunition_Box3_INDEX_3	</identifier>
				<transform>
					<row0>	0.0638 0.0000 -0.9980 0.0000	</row0>
					<row1>	0.0000 1.0000 0.0000 0.0000	</row1>
					<row2>	0.9980 0.0000 0.0638 0.0000	</row2>
					<row3>	-0.7409 0.3216 -5.3340 1.0000	</row3>
				</transform>
			</node>
			<node>
				<identifier>	MP_AM029_Ammunition_Box3_INDEX_4	</identifier>
				<transform>
					<row0>	0.0621 0.0000 0.9981 0.0000	</row0>
					<row1>	0.0000 1.0000 0.0000 0.0000	</row1>
					<row2>	-0.9981 0.0000 0.0621 0.0000	</row2>
					<row3>	0.9407 0.3209 -5.4288 1.0000	</row3>
				</transform>
			</node>
			<node>
				<identifier>	MP_AM029_Ammunition_Box3_INDEX_5	</identifier>
				<transform>
					<row0>	0.0632 0.0000 0.9980 0.0000	</row0>
					<row1>	0.0000 1.0000 0.0000 0.0000	</row1>
					<row2>	-0.9980 0.0000 0.0632 0.0000	</row2>
					<row3>	0.7306 0.3225 -5.4976 1.0000	</row3>
				</transform>
			</node>
			<node>
				<identifier>	MP_AM049_Signal_Lamp_1	</identifier>
				<transform>
					<row0>	1.0000 0.0000 0.0000 0.0000	</row0>
					<row1>	0.0000 0.8031 -0.5958 0.0000	</row1>
					<row2>	0.0000 0.5958 0.8031 0.0000	</row2>
					<row3>	0.0000 0.6304 -8.8865 1.0000	</row3>
				</transform>
			</node>
			<node>
				<identifier>	MP_AM076_Aircfaft_Crane_1	</identifier>
				<transform>
					<row0>	1.0000 0.0000 0.0000 0.0000	</row0>
					<row1>	0.0000 1.0000 0.0000 0.0000	</row1>
					<row2>	0.0000 0.0000 1.0000 0.0000	</row2>
					<row3>	0.0000 0.3636 -8.1822 1.0000	</row3>
				</transform>
			</node>
			<node>
				<identifier>	MP_AM078_Crane_Control_Wheel	</identifier>
				<transform>
					<row0>	0.5666 0.0000 0.8240 0.0000	</row0>
					<row1>	0.0000 1.0000 0.0000 0.0000	</row1>
					<row2>	-0.8240 0.0000 0.5666 0.0000	</row2>
					<row3>	0.2408 0.3616 -8.1060 1.0000	</row3>
				</transform>
			</node>
			<node>
				<identifier>	MP_AM108_Reels_4	</identifier>
				<transform>
					<row0>	0.6720 0.0000 -0.4340 0.0000	</row0>
					<row1>	0.0000 0.8000 0.0000 0.0000	</row1>
					<row2>	0.4340 0.0000 0.6720 0.0000	</row2>
					<row3>	-0.3574 0.3286 -5.7965 1.0000	</row3>
				</transform>
			</node>
			<node>
				<identifier>	MP_AM108_Reels_4_INDEX_1	</identifier>
				<transform>
					<row0>	-0.6720 0.0000 -0.4340 0.0000	</row0>
					<row1>	0.0000 0.8000 0.0000 0.0000	</row1>
					<row2>	0.4340 0.0000 -0.6720 0.0000	</row2>
					<row3>	0.3574 0.3286 -5.7965 1.0000	</row3>
				</transform>
			</node>
			<node>
				<identifier>	MP_AM108_Reels_4_INDEX_2	</identifier>
				<transform>
					<row0>	0.6720 0.0000 -0.4340 0.0000	</row0>
					<row1>	0.0000 0.8000 0.0000 0.0000	</row1>
					<row2>	0.4340 0.0000 0.6720 0.0000	</row2>
					<row3>	-0.3580 0.3233 -5.1710 1.0000	</row3>
				</transform>
			</node>
			<node>
				<identifier>	MP_AM108_Reels_4_INDEX_3	</identifier>
				<transform>
					<row0>	0.6720 0.0000 0.4340 0.0000	</row0>
					<row1>	0.0000 0.8000 0.0000 0.0000	</row1>
					<row2>	-0.4340 0.0000 0.6720 0.0000	</row2>
					<row3>	0.3580 0.3233 -5.1710 1.0000	</row3>
				</transform>
			</node>
			<node>
				<identifier>	MP_AM129_Turtles_box	</identifier>
				<transform>
					<row0>	0.1132 0.0000 0.9936 0.0000	</row0>
					<row1>	0.0000 1.0000 0.0000 0.0000	</row1>
					<row2>	-0.9936 0.0000 0.1132 0.0000	</row2>
					<row3>	0.1268 0.3849 -8.3877 1.0000	</row3>
				</transform>
			</node>
			<node>
				<identifier>	MP_AM129_Turtles_box_INDEX_1	</identifier>
				<transform>
					<row0>	0.6280 0.0000 -0.7782 0.0000	</row0>
					<row1>	0.0000 1.0000 0.0000 0.0000	</row1>
					<row2>	0.7782 0.0000 0.6280 0.0000	</row2>
					<row3>	-0.5584 0.3538 -5.9554 1.0000	</row3>
				</transform>
			</node>
			<node>
				<identifier>	MP_AM129_Turtles_box_INDEX_2	</identifier>
				<transform>
					<row0>	0.6280 0.0000 0.7782 0.0000	</row0>
					<row1>	0.0000 1.0000 0.0000 0.0000	</row1>
					<row2>	-0.7782 0.0000 0.6280 0.0000	</row2>
					<row3>	0.5584 0.3538 -5.9554 1.0000	</row3>
				</transform>
			</node>
			<node>
				<identifier>	MP_AM129_Turtles_box_INDEX_3	</identifier>
				<transform>
					<row0>	0.1132 0.0000 -0.9936 0.0000	</row0>
					<row1>	0.0000 1.0000 0.0000 0.0000	</row1>
					<row2>	0.9936 0.0000 0.1132 0.0000	</row2>
					<row3>	-0.1268 0.3849 -8.3877 1.0000	</row3>
				</transform>
			</node>
			<node>
				<identifier>	MP_AM136_Boat_10	</identifier>
				<transform>
					<row0>	0.0000 -0.0105 0.9999 0.0000	</row0>
					<row1>	0.0000 0.9999 0.0105 0.0000	</row1>
					<row2>	-1.0000 0.0000 0.0000 0.0000	</row2>
					<row3>	0.1180 0.3297 -5.8764 1.0000	</row3>
				</transform>
			</node>
			<node>
				<identifier>	MP_AM136_Boat_10_INDEX_1	</identifier>
				<transform>
					<row0>	0.0000 -0.0105 0.9999 0.0000	</row0>
					<row1>	0.0000 0.9999 0.0105 0.0000	</row1>
					<row2>	-1.0000 0.0000 0.0000 0.0000	</row2>
					<row3>	0.1121 0.3311 -6.0029 1.0000	</row3>
				</transform>
			</node>
			<node>
				<identifier>	MP_AM136_Boat_10_INDEX_2	</identifier>
				<transform>
					<row0>	0.0000 0.0105 -0.9999 0.0000	</row0>
					<row1>	0.0000 0.9999 0.0105 0.0000	</row1>
					<row2>	1.0000 0.0000 0.0000 0.0000	</row2>
					<row3>	-0.1174 0.3297 -5.8764 1.0000	</row3>
				</transform>
			</node>
			<node>
				<identifier>	MP_AM136_Boat_10_INDEX_3	</identifier>
				<transform>
					<row0>	0.0000 0.0105 -0.9999 0.0000	</row0>
					<row1>	0.0000 0.9999 0.0105 0.0000	</row1>
					<row2>	1.0000 0.0000 0.0000 0.0000	</row2>
					<row3>	-0.1112 0.3285 -5.7500 1.0000	</row3>
				</transform>
			</node>
			<node>
				<identifier>	MP_AM136_Boat_10_INDEX_4	</identifier>
				<transform>
					<row0>	0.0000 0.0105 -0.9999 0.0000	</row0>
					<row1>	0.0000 0.9999 0.0105 0.0000	</row1>
					<row2>	1.0000 0.0000 0.0000 0.0000	</row2>
					<row3>	-0.1108 0.3311 -6.0029 1.0000	</row3>
				</transform>
			</node>
			<node>
				<identifier>	MP_AM136_Boat_10_INDEX_5	</identifier>
				<transform>
					<row0>	0.0000 -0.0105 0.9999 0.0000	</row0>
					<row1>	0.0000 0.9999 0.0105 0.0000	</row1>
					<row2>	-1.0000 0.0000 0.0000 0.0000	</row2>
					<row3>	0.1121 0.3285 -5.7500 1.0000	</row3>
				</transform>
			</node>
			<node>
				<identifier>	MP_AM137_Boat_11	</identifier>
				<transform>
					<row0>	-0.9917 -0.0012 0.1289 0.0000	</row0>
					<row1>	0.0000 1.0000 0.0095 0.0000	</row1>
					<row2>	-0.1289 0.0095 -0.9916 0.0000	</row2>
					<row3>	0.7648 0.3289 -5.7817 1.0000	</row3>
				</transform>
			</node>
			<node>
				<identifier>	MP_AM137_Boat_11_INDEX_1	</identifier>
				<transform>
					<row0>	-0.9917 0.0012 -0.1289 0.0000	</row0>
					<row1>	0.0000 1.0000 0.0095 0.0000	</row1>
					<row2>	0.1289 0.0095 -0.9916 0.0000	</row2>
					<row3>	-0.7648 0.3288 -5.7817 1.0000	</row3>
				</transform>
			</node>
			<node>
				<identifier>	MP_AM148_Hatch_8	</identifier>
				<transform>
					<row0>	1.0000 0.0000 0.0000 0.0000	</row0>
					<row1>	0.0000 1.0000 0.0000 0.0000	</row1>
					<row2>	0.0000 0.0000 1.0000 0.0000	</row2>
					<row3>	-0.3501 0.3568 -7.5816 1.0000	</row3>
				</transform>
			</node>
			<node>
				<identifier>	MP_AM148_Hatch_8_INDEX_1	</identifier>
				<transform>
					<row0>	1.0000 0.0000 0.0000 0.0000	</row0>
					<row1>	0.0000 1.0000 0.0000 0.0000	</row1>
					<row2>	0.0000 0.0000 1.0000 0.0000	</row2>
					<row3>	0.3505 0.3500 -7.1727 1.0000	</row3>
				</transform>
			</node>
			<node>
				<identifier>	MP_AM148_Hatch_8_INDEX_2	</identifier>
				<transform>
					<row0>	1.0000 0.0000 0.0000 0.0000	</row0>
					<row1>	0.0000 1.0000 0.0000 0.0000	</row1>
					<row2>	0.0000 0.0000 1.0000 0.0000	</row2>
					<row3>	-0.0373 0.3795 -8.5563 1.0000	</row3>
				</transform>
			</node>
			<node>
				<identifier>	MP_AM148_Hatch_8_INDEX_3	</identifier>
				<transform>
					<row0>	1.0000 0.0000 0.0000 0.0000	</row0>
					<row1>	0.0000 1.0000 0.0000 0.0000	</row1>
					<row2>	0.0000 0.0000 1.0000 0.0000	</row2>
					<row3>	0.2707 0.3312 -5.5454 1.0000	</row3>
				</transform>
			</node>
			<node>
				<identifier>	MP_AM352_Stern_Light	</identifier>
				<transform>
					<row0>	0.0000 0.0000 -1.0000 0.0000	</row0>
					<row1>	0.0000 1.0000 0.0000 0.0000	</row1>
					<row2>	1.0000 0.0000 0.0000 0.0000	</row2>
					<row3>	0.0718 0.4210 -8.7666 1.0000	</row3>
				</transform>
			</node>
			<node>
				<identifier>	MP_AM442_Multipole_Switch	</identifier>
				<transform>
					<row0>	0.2645 0.0000 0.9644 0.0000	</row0>
					<row1>	0.0000 1.0000 0.0000 0.0000	</row1>
					<row2>	-0.9644 0.0000 0.2645 0.0000	</row2>
					<row3>	0.5654 0.4056 -5.8213 1.0000	</row3>
				</transform>
			</node>
			<node>
				<identifier>	MP_AM442_Multipole_Switch_INDEX_1	</identifier>
				<transform>
					<row0>	-0.9912 0.0000 -0.1321 0.0000	</row0>
					<row1>	0.0000 1.0000 0.0000 0.0000	</row1>
					<row2>	0.1321 0.0000 -0.9912 0.0000	</row2>
					<row3>	0.2882 0.4042 -8.2387 1.0000	</row3>
				</transform>
			</node>
			<node>
				<identifier>	MP_AM442_Multipole_Switch_INDEX_2	</identifier>
				<transform>
					<row0>	0.9659 0.0000 0.2589 0.0000	</row0>
					<row1>	0.0000 1.0000 0.0000 0.0000	</row1>
					<row2>	-0.2589 0.0000 0.9659 0.0000	</row2>
					<row3>	-0.3264 0.4289 -8.0879 1.0000	</row3>
				</transform>
			</node>
			<node>
				<identifier>	MP_AM442_Multipole_Switch_INDEX_3	</identifier>
				<transform>
					<row0>	-0.6210 0.0000 -0.7838 0.0000	</row0>
					<row1>	0.0000 1.0000 0.0000 0.0000	</row1>
					<row2>	0.7838 0.0000 -0.6210 0.0000	</row2>
					<row3>	0.5644 0.3553 -5.9597 1.0000	</row3>
				</transform>
			</node>
			<node>
				<identifier>	MP_AM442_Multipole_Switch_INDEX_4	</identifier>
				<transform>
					<row0>	-0.9912 0.0000 0.1321 0.0000	</row0>
					<row1>	0.0000 1.0000 0.0000 0.0000	</row1>
					<row2>	-0.1321 0.0000 -0.9912 0.0000	</row2>
					<row3>	-0.2882 0.4042 -8.2387 1.0000	</row3>
				</transform>
			</node>
			<node>
				<identifier>	MP_AM442_Multipole_Switch_INDEX_5	</identifier>
				<transform>
					<row0>	-0.6210 0.0000 0.7838 0.0000	</row0>
					<row1>	0.0000 1.0000 0.0000 0.0000	</row1>
					<row2>	-0.7838 0.0000 -0.6210 0.0000	</row2>
					<row3>	-0.5644 0.3553 -5.9597 1.0000	</row3>
				</transform>
			</node>
			<node>
				<identifier>	MP_AM442_Multipole_Switch_INDEX_6	</identifier>
				<transform>
					<row0>	0.9659 0.0000 -0.2589 0.0000	</row0>
					<row1>	0.0000 1.0000 0.0000 0.0000	</row1>
					<row2>	0.2589 0.0000 0.9659 0.0000	</row2>
					<row3>	0.3264 0.4289 -8.0879 1.0000	</row3>
				</transform>
			</node>
			<node>
				<identifier>	MP_AM442_Multipole_Switch_INDEX_7	</identifier>
				<transform>
					<row0>	0.2645 0.0000 -0.9644 0.0000	</row0>
					<row1>	0.0000 1.0000 0.0000 0.0000	</row1>
					<row2>	0.9644 0.0000 0.2645 0.0000	</row2>
					<row3>	-0.5654 0.4056 -5.8213 1.0000	</row3>
				</transform>
			</node>
			<node>
				<identifier>	MP_AM606_Floater_Net_Basket	</identifier>
				<transform>
					<row0>	1.6322 0.0000 0.0000 0.0000	</row0>
					<row1>	0.0000 1.6322 0.0000 0.0000	</row1>
					<row2>	0.0000 0.0000 1.6322 0.0000	</row2>
					<row3>	-0.7056 0.3459 -6.3448 1.0000	</row3>
				</transform>
			</node>
			<node>
				<identifier>	MP_AM606_Floater_Net_Basket_INDEX_1	</identifier>
				<transform>
					<row0>	1.6322 0.0000 0.0000 0.0000	</row0>
					<row1>	0.0000 1.6322 0.0000 0.0000	</row1>
					<row2>	0.0000 0.0000 1.6322 0.0000	</row2>
					<row3>	0.7056 0.3459 -6.3448 1.0000	</row3>
				</transform>
			</node>
			<node>
				<identifier>	MP_AM608_Wake_Light	</identifier>
				<transform>
					<row0>	-1.0000 0.0000 0.0000 0.0000	</row0>
					<row1>	0.0000 1.0000 0.0000 0.0000	</row1>
					<row2>	0.0000 0.0000 -1.0000 0.0000	</row2>
					<row3>	0.0000 0.3713 -8.7713 1.0000	</row3>
				</transform>
			</node>
			<node>
				<identifier>	MP_AM686_Floater_Net_Basket_Wide	</identifier>
				<transform>
					<row0>	-0.0847 0.0000 -0.9964 0.0000	</row0>
					<row1>	0.0000 1.0000 0.0000 0.0000	</row1>
					<row2>	0.9964 0.0000 -0.0847 0.0000	</row2>
					<row3>	0.8872 0.3252 -5.8120 1.0000	</row3>
				</transform>
			</node>
			<node>
				<identifier>	MP_AM686_Floater_Net_Basket_Wide_INDEX_1	</identifier>
				<transform>
					<row0>	-0.0847 0.0000 0.9964 0.0000	</row0>
					<row1>	0.0000 1.0000 0.0000 0.0000	</row1>
					<row2>	-0.9964 0.0000 -0.0847 0.0000	</row2>
					<row3>	-0.8872 0.3252 -5.8120 1.0000	</row3>
				</transform>
			</node>
			<node>
				<identifier>	MP_CM002_Propeller4_L	</identifier>
				<transform>
					<row0>	1.5498 0.0000 -0.0262 0.0000	</row0>
					<row1>	0.0000 1.5500 0.0000 0.0000	</row1>
					<row2>	0.0262 0.0000 1.5498 0.0000	</row2>
					<row3>	-0.5956 -0.4736 -6.3597 1.0000	</row3>
				</transform>
			</node>
			<node>
				<identifier>	MP_CM003_Propeller5_L	</identifier>
				<transform>
					<row0>	1.4950 0.0000 0.0000 0.0000	</row0>
					<row1>	0.0000 1.4950 0.0000 0.0000	</row1>
					<row2>	0.0000 0.0000 1.4950 0.0000	</row2>
					<row3>	-0.2035 -0.4776 -7.1093 1.0000	</row3>
				</transform>
			</node>
			<node>
				<identifier>	MP_CM011_Fire_Fighting_Gear	</identifier>
				<transform>
					<row0>	-1.0000 0.0000 0.0000 0.0000	</row0>
					<row1>	0.0000 1.0000 0.0000 0.0000	</row1>
					<row2>	0.0000 0.0000 -1.0000 0.0000	</row2>
					<row3>	0.3056 0.3638 -8.0694 1.0000	</row3>
				</transform>
			</node>
			<node>
				<identifier>	MP_CM011_Fire_Fighting_Gear_INDEX_1	</identifier>
				<transform>
					<row0>	-1.0000 0.0000 0.0000 0.0000	</row0>
					<row1>	0.0000 1.0000 0.0000 0.0000	</row1>
					<row2>	0.0000 0.0000 -1.0000 0.0000	</row2>
					<row3>	-0.4059 0.3346 -6.2387 1.0000	</row3>
				</transform>
			</node>
			<node>
				<identifier>	MP_CM011_Fire_Fighting_Gear_INDEX_2	</identifier>
				<transform>
					<row0>	-1.0000 0.0000 0.0000 0.0000	</row0>
					<row1>	0.0000 1.0000 0.0000 0.0000	</row1>
					<row2>	0.0000 0.0000 -1.0000 0.0000	</row2>
					<row3>	-0.3056 0.3638 -8.0694 1.0000	</row3>
				</transform>
			</node>
			<node>
				<identifier>	MP_CM011_Fire_Fighting_Gear_INDEX_3	</identifier>
				<transform>
					<row0>	-1.0000 0.0000 0.0000 0.0000	</row0>
					<row1>	0.0000 1.0000 0.0000 0.0000	</row1>
					<row2>	0.0000 0.0000 -1.0000 0.0000	</row2>
					<row3>	0.4059 0.3346 -6.2387 1.0000	</row3>
				</transform>
			</node>
			<node>
				<identifier>	MP_CM012_Fire_Hose_Rack_1	</identifier>
				<transform>
					<row0>	-0.9908 0.0000 0.1351 0.0000	</row0>
					<row1>	0.0000 1.0000 0.0000 0.0000	</row1>
					<row2>	-0.1351 0.0000 -0.9908 0.0000	</row2>
					<row3>	-0.1270 0.4048 -8.4382 1.0000	</row3>
				</transform>
			</node>
			<node>
				<identifier>	MP_CM012_Fire_Hose_Rack_1_INDEX_1	</identifier>
				<transform>
					<row0>	0.7528 0.0000 -0.6583 0.0000	</row0>
					<row1>	0.0000 1.0000 0.0000 0.0000	</row1>
					<row2>	0.6583 0.0000 0.7528 0.0000	</row2>
					<row3>	0.4114 0.4025 -6.2515 1.0000	</row3>
				</transform>
			</node>
			<node>
				<identifier>	MP_CM012_Fire_Hose_Rack_1_INDEX_2	</identifier>
				<transform>
					<row0>	0.9908 0.0000 0.1351 0.0000	</row0>
					<row1>	0.0000 1.0000 0.0000 0.0000	</row1>
					<row2>	-0.1351 0.0000 0.9908 0.0000	</row2>
					<row3>	0.1274 0.4059 -8.4413 1.0000	</row3>
				</transform>
			</node>
			<node>
				<identifier>	MP_CM012_Fire_Hose_Rack_1_INDEX_3	</identifier>
				<transform>
					<row0>	-0.7528 0.0000 -0.6583 0.0000	</row0>
					<row1>	0.0000 1.0000 0.0000 0.0000	</row1>
					<row2>	0.6583 0.0000 -0.7528 0.0000	</row2>
					<row3>	-0.4114 0.4025 -6.2515 1.0000	</row3>
				</transform>
			</node>
			<node>
				<identifier>	MP_CM030_Swab_Rack_2	</identifier>
				<transform>
					<row0>	-1.0000 0.0000 0.0000 0.0000	</row0>
					<row1>	0.0000 1.0000 0.0000 0.0000	</row1>
					<row2>	0.0000 0.0000 -1.0000 0.0000	</row2>
					<row3>	-0.4635 0.3346 -6.3830 1.0000	</row3>
				</transform>
			</node>
			<node>
				<identifier>	MP_CM033_Propeller4_R	</identifier>
				<transform>
					<row0>	1.5498 0.0000 0.0262 0.0000	</row0>
					<row1>	0.0000 1.5500 0.0000 0.0000	</row1>
					<row2>	-0.0262 0.0000 1.5498 0.0000	</row2>
					<row3>	0.5956 -0.4736 -6.3597 1.0000	</row3>
				</transform>
			</node>
			<node>
				<identifier>	MP_CM034_Propeller5_R	</identifier>
				<transform>
					<row0>	1.4950 0.0000 0.0000 0.0000	</row0>
					<row1>	0.0000 1.4950 0.0000 0.0000	</row1>
					<row2>	0.0000 0.0000 1.4950 0.0000	</row2>
					<row3>	0.2035 -0.4776 -7.1093 1.0000	</row3>
				</transform>
			</node>
			<node>
				<identifier>	SP_YMS011_YHWL_M_1_INDEX_15	</identifier>
				<transform>
					<row0>	0.9293 0.3641 0.0624 0.0000	</row0>
					<row1>	-0.3631 0.9314 -0.0267 0.0000	</row1>
					<row2>	-0.0679 0.0021 0.9977 0.0000	</row2>
					<row3>	-0.9503 0.0000 -5.3156 1.0000	</row3>
				</transform>
			</node>
			<node>
				<identifier>	SP_YMS011_YHWL_M_1_INDEX_16	</identifier>
				<transform>
					<row0>	0.8888 0.4408 0.1256 0.0000	</row0>
					<row1>	-0.4371 0.8976 -0.0569 0.0000	</row1>
					<row2>	-0.1379 -0.0043 0.9904 0.0000	</row2>
					<row3>	-0.8639 0.0000 -6.1580 1.0000	</row3>
				</transform>
			</node>
			<node>
				<identifier>	SP_YMS011_YHWL_M_1_INDEX_17	</identifier>
				<transform>
					<row0>	0.8513 0.4906 0.1861 0.0000	</row0>
					<row1>	-0.4799 0.8714 -0.1018 0.0000	</row1>
					<row2>	-0.2121 -0.0026 0.9772 0.0000	</row2>
					<row3>	-0.7147 0.0000 -6.9918 1.0000	</row3>
				</transform>
			</node>
			<node>
				<identifier>	SP_YMS011_YHWL_M_1_INDEX_18	</identifier>
				<transform>
					<row0>	0.8860 0.3722 0.2767 0.0000	</row0>
					<row1>	-0.3642 0.9277 -0.0819 0.0000	</row1>
					<row2>	-0.2872 -0.0282 0.9575 0.0000	</row2>
					<row3>	-0.4866 -0.0012 -7.8201 1.0000	</row3>
				</transform>
			</node>
			<node>
				<identifier>	SP_YMS012_YHWR_M_1_INDEX_15	</identifier>
				<transform>
					<row0>	0.9293 -0.3641 -0.0624 0.0000	</row0>
					<row1>	0.3631 0.9314 -0.0267 0.0000	</row1>
					<row2>	0.0679 0.0021 0.9977 0.0000	</row2>
					<row3>	0.9503 0.0000 -5.3156 1.0000	</row3>
				</transform>
			</node>
			<node>
				<identifier>	SP_YMS012_YHWR_M_1_INDEX_16	</identifier>
				<transform>
					<row0>	0.8888 -0.4408 -0.1256 0.0000	</row0>
					<row1>	0.4371 0.8976 -0.0569 0.0000	</row1>
					<row2>	0.1379 -0.0043 0.9904 0.0000	</row2>
					<row3>	0.8639 0.0000 -6.1580 1.0000	</row3>
				</transform>
			</node>
			<node>
				<identifier>	SP_YMS012_YHWR_M_1_INDEX_17	</identifier>
				<transform>
					<row0>	0.8513 -0.4899 -0.1879 0.0000	</row0>
					<row1>	0.4794 0.8718 -0.1010 0.0000	</row1>
					<row2>	0.2133 -0.0041 0.9770 0.0000	</row2>
					<row3>	0.7147 0.0000 -6.9918 1.0000	</row3>
				</transform>
			</node>
			<node>
				<identifier>	SP_YMS012_YHWR_M_1_INDEX_18	</identifier>
				<transform>
					<row0>	0.9006 -0.3428 -0.2672 0.0000	</row0>
					<row1>	0.3293 0.9394 -0.0951 0.0000	</row1>
					<row2>	0.2836 -0.0023 0.9589 0.0000	</row2>
					<row3>	0.5002 0.0038 -7.8149 1.0000	</row3>
				</transform>
			</node>
			<node>
				<identifier>	SP_YMS030_YHAM_M_1	</identifier>
				<transform>
					<row0>	0.7820 0.0000 0.0000 0.0000	</row0>
					<row1>	0.0000 0.7820 0.0000 0.0000	</row1>
					<row2>	0.0000 0.0000 0.7820 0.0000	</row2>
					<row3>	0.0000 0.2276 -8.7746 1.0000	</row3>
				</transform>
			</node>
			<node>
				<identifier>	SP_YMS031_YHAL_M_1	</identifier>
				<transform>
					<row0>	0.9383 0.2005 0.2818 0.0000	</row0>
					<row1>	-0.1925 0.9797 -0.0563 0.0000	</row1>
					<row2>	-0.2873 -0.0014 0.9578 0.0000	</row2>
					<row3>	-0.4880 0.1719 -8.0664 1.0000	</row3>
				</transform>
			</node>
			<node>
				<identifier>	SP_YMS032_YHAR_M_1	</identifier>
				<transform>
					<row0>	0.9383 -0.2005 -0.2818 0.0000	</row0>
					<row1>	0.1925 0.9797 -0.0563 0.0000	</row1>
					<row2>	0.2873 -0.0014 0.9578 0.0000	</row2>
					<row3>	0.4880 0.1719 -8.0664 1.0000	</row3>
				</transform>
			</node>
			<node>
				<identifier>	SP_YMS053_YHDC_S_1_INDEX_8	</identifier>
				<transform>
					<row0>	1.0000 0.0000 0.0000 0.0000	</row0>
					<row1>	0.0000 1.0000 0.0000 0.0000	</row1>
					<row2>	0.0000 0.0000 1.0000 0.0000	</row2>
					<row3>	-0.4929 0.3439 -5.6001 1.0000	</row3>
				</transform>
			</node>
			<node>
				<identifier>	SP_YMS053_YHDC_S_1_INDEX_9	</identifier>
				<transform>
					<row0>	1.0000 0.0000 0.0000 0.0000	</row0>
					<row1>	0.0000 1.0000 0.0000 0.0000	</row1>
					<row2>	0.0000 0.0000 1.0000 0.0000	</row2>
					<row3>	0.4929 0.3439 -5.6001 1.0000	</row3>
				</transform>
			</node>
			<node>
				<identifier>	SP_YMS063_YHGQ_S_1_INDEX_8	</identifier>
				<transform>
					<row0>	0.3426 0.0000 -1.1308 0.0000	</row0>
					<row1>	0.0000 1.1815 0.0000 0.0000	</row1>
					<row2>	1.1308 0.0000 0.3426 0.0000	</row2>
					<row3>	-0.3042 0.4456 -8.4126 1.0000	</row3>
				</transform>
			</node>
			<node>
				<identifier>	SP_YMS063_YHGQ_S_1_INDEX_9	</identifier>
				<transform>
					<row0>	0.3426 0.0000 1.1308 0.0000	</row0>
					<row1>	0.0000 1.1815 0.0000 0.0000	</row1>
					<row2>	-1.1308 0.0000 0.3426 0.0000	</row2>
					<row3>	0.3042 0.4456 -8.4126 1.0000	</row3>
				</transform>
			</node>
			<node>
				<identifier>	SP_YMS070_YHHC_L_1	</identifier>
				<transform>
					<row0>	1.0012 0.0000 0.0000 0.0000	</row0>
					<row1>	0.0000 1.0012 0.0000 0.0000	</row1>
					<row2>	0.0000 0.0000 1.0012 0.0000	</row2>
					<row3>	0.0000 0.4548 -7.3414 1.0000	</row3>
				</transform>
			</node>
			<node>
				<identifier>	SP_YMS080_YHSL_M_1_INDEX_3	</identifier>
				<transform>
					<row0>	0.9330 0.2270 0.2793 0.0000	</row0>
					<row1>	-0.2365 0.9716 0.0000 0.0000	</row1>
					<row2>	-0.2714 -0.0661 0.9602 0.0000	</row2>
					<row3>	-0.6439 0.2179 -7.4243 1.0000	</row3>
				</transform>
			</node>
			<node>
				<identifier>	SP_YMS081_YHSR_M_1_INDEX_3	</identifier>
				<transform>
					<row0>	0.9270 -0.2404 -0.2879 0.0000	</row0>
					<row1>	0.2510 0.9680 0.0000 0.0000	</row1>
					<row2>	0.2787 -0.0723 0.9577 0.0000	</row2>
					<row3>	0.6439 0.2179 -7.4243 1.0000	</row3>
				</transform>
			</node>
			<node>
				<identifier>	SP_YMS082_YHSC_M_1_INDEX_6	</identifier>
				<transform>
					<row0>	0.1472 0.0000 -0.8172 0.0000	</row0>
					<row1>	-0.1717 0.8118 -0.0309 0.0000	</row1>
					<row2>	0.7989 0.1745 0.1439 0.0000	</row2>
					<row3>	-0.8381 0.1623 -6.6692 1.0000	</row3>
				</transform>
			</node>
			<node>
				<identifier>	SP_YMS082_YHSC_M_1_INDEX_7	</identifier>
				<transform>
					<row0>	0.1472 0.0000 0.8172 0.0000	</row0>
					<row1>	0.1717 0.8118 -0.0309 0.0000	</row1>
					<row2>	-0.7989 0.1745 0.1439 0.0000	</row2>
					<row3>	0.8381 0.1623 -6.6692 1.0000	</row3>
				</transform>
			</node>
			<node>
				<identifier>	SP_YMS083_YHSC_L_1_INDEX_8	</identifier>
				<transform>
					<row0>	0.0546 0.0060 -0.6993 0.0000	</row0>
					<row1>	-0.0797 0.6969 -0.0002 0.0000	</row1>
					<row2>	0.6947 0.0795 0.0549 0.0000	</row2>
					<row3>	-0.9620 0.3078 -5.7020 1.0000	</row3>
				</transform>
			</node>
			<node>
				<identifier>	SP_YMS083_YHSC_L_1_INDEX_9	</identifier>
				<transform>
					<row0>	0.0546 -0.0060 0.6993 0.0000	</row0>
					<row1>	0.0797 0.6969 -0.0002 0.0000	</row1>
					<row2>	-0.6947 0.0795 0.0549 0.0000	</row2>
					<row3>	0.9620 0.3078 -5.7020 1.0000	</row3>
				</transform>
			</node>
		</node>
	</node>
	<boundingBox>
		<min>	-0.0667 -0.0667 -0.0667	</min>
		<max>	0.0667 0.0667 0.0667	</max>
	</boundingBox>
</ASC029_Puerto_Rico_1949_Stern_ports.visual>
