<RSB014_Novorossiysk_1951_MidBack_ports.visual>
	<node>
		<identifier>	Scene Root	</identifier>
		<transform>
			<row0>	1.0000 0.0000 0.0000 0.0000	</row0>
			<row1>	0.0000 1.0000 0.0000 0.0000	</row1>
			<row2>	0.0000 0.0000 1.0000 0.0000	</row2>
			<row3>	0.0000 0.0000 0.0000 1.0000	</row3>
		</transform>
		<node>
			<identifier>	MidBack_ports	</identifier>
			<transform>
				<row0>	1.0000 0.0000 0.0000 0.0000	</row0>
				<row1>	0.0000 1.0000 0.0000 0.0000	</row1>
				<row2>	0.0000 0.0000 1.0000 0.0000	</row2>
				<row3>	0.0000 0.0000 0.0000 1.0000	</row3>
			</transform>
			<node>
				<identifier>	HP_FX_Fire_3	</identifier>
				<transform>
					<row0>	1.0000 0.0000 0.0000 0.0000	</row0>
					<row1>	0.0000 1.0000 0.0000 0.0000	</row1>
					<row2>	0.0000 0.0000 1.0000 0.0000	</row2>
					<row3>	0.0000 0.3667 -1.4605 1.0000	</row3>
				</transform>
			</node>
			<node>
				<identifier>	HP_FX_Fire_3_side_1	</identifier>
				<transform>
					<row0>	0.9981 0.0000 -0.0623 0.0000	</row0>
					<row1>	0.0000 1.0000 0.0000 0.0000	</row1>
					<row2>	0.0623 0.0000 0.9981 0.0000	</row2>
					<row3>	0.7282 0.3365 -1.9914 1.0000	</row3>
				</transform>
			</node>
			<node>
				<identifier>	HP_FX_Flood_steam_2	</identifier>
				<transform>
					<row0>	0.3997 0.5258 -0.7509 0.0000	</row0>
					<row1>	-0.7961 0.6052 0.0000 0.0000	</row1>
					<row2>	0.4544 0.5978 0.6605 0.0000	</row2>
					<row3>	-0.0680 1.2044 -0.5787 1.0000	</row3>
				</transform>
			</node>
			<node>
				<identifier>	HP_FX_Flood_steam_3	</identifier>
				<transform>
					<row0>	-0.4179 0.5258 0.7409 0.0000	</row0>
					<row1>	0.7958 0.6052 0.0195 0.0000	</row1>
					<row2>	-0.4381 0.5978 -0.6714 0.0000	</row2>
					<row3>	0.0680 1.2044 -0.5787 1.0000	</row3>
				</transform>
			</node>
			<node>
				<identifier>	HP_FX_Flood_steam_right	</identifier>
				<transform>
					<row0>	0.9974 0.0000 -0.0725 0.0000	</row0>
					<row1>	0.0000 1.0000 0.0000 0.0000	</row1>
					<row2>	0.0725 0.0000 0.9974 0.0000	</row2>
					<row3>	0.8025 0.1858 -2.9505 1.0000	</row3>
				</transform>
			</node>
			<node>
				<identifier>	HP_FX_Flood_water_left	</identifier>
				<transform>
					<row0>	-1.0000 0.0000 0.0000 0.0000	</row0>
					<row1>	0.0000 1.0000 0.0000 0.0000	</row1>
					<row2>	0.0000 0.0000 -1.0000 0.0000	</row2>
					<row3>	-0.8316 0.0260 -2.4808 1.0000	</row3>
				</transform>
			</node>
			<node>
				<identifier>	HP_FX_Flood_water_right	</identifier>
				<transform>
					<row0>	0.9976 0.0000 -0.0698 0.0000	</row0>
					<row1>	0.0000 1.0000 0.0000 0.0000	</row1>
					<row2>	0.0698 0.0000 0.9976 0.0000	</row2>
					<row3>	0.8312 0.0260 -2.4813 1.0000	</row3>
				</transform>
			</node>
			<node>
				<identifier>	HP_FX_RepairLight_left_2	</identifier>
				<transform>
					<row0>	-0.0707 0.0000 0.9975 0.0000	</row0>
					<row1>	-0.0025 1.0000 -0.0002 0.0000	</row1>
					<row2>	-0.9975 -0.0025 -0.0707 0.0000	</row2>
					<row3>	-0.8049 0.2166 -2.6676 1.0000	</row3>
				</transform>
			</node>
			<node>
				<identifier>	HP_FX_RepairLight_right_2	</identifier>
				<transform>
					<row0>	-0.0984 0.0000 -0.9951 0.0000	</row0>
					<row1>	0.0000 1.0000 0.0000 0.0000	</row1>
					<row2>	0.9951 0.0000 -0.0984 0.0000	</row2>
					<row3>	0.7911 0.2082 -3.2637 1.0000	</row3>
				</transform>
			</node>
			<node>
				<identifier>	HP_FX_Smoke_2	</identifier>
				<transform>
					<row0>	0.9962 0.0849 -0.0200 0.0000	</row0>
					<row1>	-0.0872 0.9697 -0.2282 0.0000	</row1>
					<row2>	0.0000 0.2291 0.9734 0.0000	</row2>
					<row3>	0.0000 1.0863 -0.6848 1.0000	</row3>
				</transform>
			</node>
			<node>
				<identifier>	HP_Flagpole	</identifier>
				<transform>
					<row0>	1.0000 0.0000 0.0000 0.0000	</row0>
					<row1>	0.0000 1.0000 0.0000 0.0000	</row1>
					<row2>	0.0000 0.0000 1.0000 0.0000	</row2>
					<row3>	-0.0006 2.4634 -2.0427 1.0000	</row3>
				</transform>
			</node>
			<node>
				<identifier>	HP_RGA_5	</identifier>
				<transform>
					<row0>	0.0000 0.0000 1.0000 0.0000	</row0>
					<row1>	0.0000 1.0000 0.0000 0.0000	</row1>
					<row2>	-1.0000 0.0000 0.0000 0.0000	</row2>
					<row3>	-0.2807 0.5922 -0.8859 1.0000	</row3>
				</transform>
			</node>
			<node>
				<identifier>	HP_RGA_6	</identifier>
				<transform>
					<row0>	0.0000 0.0000 -1.0000 0.0000	</row0>
					<row1>	0.0000 1.0000 0.0000 0.0000	</row1>
					<row2>	1.0000 0.0000 0.0000 0.0000	</row2>
					<row3>	0.2807 0.5922 -0.8859 1.0000	</row3>
				</transform>
			</node>
			<node>
				<identifier>	HP_RGM_3	</identifier>
				<transform>
					<row0>	-1.0000 0.0000 0.0000 0.0000	</row0>
					<row1>	0.0000 1.0000 0.0000 0.0000	</row1>
					<row2>	0.0000 0.0000 -1.0000 0.0000	</row2>
					<row3>	0.0000 0.4795 -2.7710 1.0000	</row3>
				</transform>
			</node>
			<node>
				<identifier>	HP_RGS_10	</identifier>
				<transform>
					<row0>	-1.0000 0.0000 0.0000 0.0000	</row0>
					<row1>	0.0000 1.0000 0.0000 0.0000	</row1>
					<row2>	0.0000 0.0000 -1.0000 0.0000	</row2>
					<row3>	0.3939 0.3695 -2.1928 1.0000	</row3>
				</transform>
			</node>
			<node>
				<identifier>	HP_RGS_5	</identifier>
				<transform>
					<row0>	1.0000 0.0000 0.0000 0.0000	</row0>
					<row1>	0.0000 1.0000 0.0000 0.0000	</row1>
					<row2>	0.0000 0.0000 1.0000 0.0000	</row2>
					<row3>	-0.6660 0.3923 -0.5697 1.0000	</row3>
				</transform>
			</node>
			<node>
				<identifier>	HP_RGS_6	</identifier>
				<transform>
					<row0>	1.0000 0.0000 0.0000 0.0000	</row0>
					<row1>	0.0000 1.0000 0.0000 0.0000	</row1>
					<row2>	0.0000 0.0000 1.0000 0.0000	</row2>
					<row3>	0.6660 0.3923 -0.5697 1.0000	</row3>
				</transform>
			</node>
			<node>
				<identifier>	HP_RGS_7	</identifier>
				<transform>
					<row0>	-1.0000 0.0000 0.0000 0.0000	</row0>
					<row1>	0.0000 1.0000 0.0000 0.0000	</row1>
					<row2>	0.0000 0.0000 -1.0000 0.0000	</row2>
					<row3>	-0.5814 0.3853 -1.4250 1.0000	</row3>
				</transform>
			</node>
			<node>
				<identifier>	HP_RGS_8	</identifier>
				<transform>
					<row0>	-1.0000 0.0000 0.0000 0.0000	</row0>
					<row1>	0.0000 1.0000 0.0000 0.0000	</row1>
					<row2>	0.0000 0.0000 -1.0000 0.0000	</row2>
					<row3>	0.5814 0.3853 -1.4250 1.0000	</row3>
				</transform>
			</node>
			<node>
				<identifier>	HP_RGS_9	</identifier>
				<transform>
					<row0>	-1.0000 0.0000 0.0000 0.0000	</row0>
					<row1>	0.0000 1.0000 0.0000 0.0000	</row1>
					<row2>	0.0000 0.0000 -1.0000 0.0000	</row2>
					<row3>	-0.3939 0.3695 -2.1928 1.0000	</row3>
				</transform>
			</node>
			<node>
				<identifier>	HP_Ship_death_3	</identifier>
				<transform>
					<row0>	1.0000 0.0000 0.0000 0.0000	</row0>
					<row1>	0.0000 1.0000 0.0000 0.0000	</row1>
					<row2>	0.0000 0.0000 1.0000 0.0000	</row2>
					<row3>	0.0000 0.0000 -3.3125 1.0000	</row3>
				</transform>
			</node>
			<node>
				<identifier>	HP_flag_1	</identifier>
				<transform>
					<row0>	0.9983 -0.0579 -0.0018 0.0000	</row0>
					<row1>	0.0579 0.9963 0.0633 0.0000	</row1>
					<row2>	-0.0018 -0.0633 0.9980 0.0000	</row2>
					<row3>	0.3924 1.9603 -2.0191 1.0000	</row3>
				</transform>
			</node>
			<node>
				<identifier>	HP_flag_2	</identifier>
				<transform>
					<row0>	0.9983 0.0579 0.0018 0.0000	</row0>
					<row1>	-0.0579 0.9963 0.0633 0.0000	</row1>
					<row2>	0.0018 -0.0633 0.9980 0.0000	</row2>
					<row3>	-0.3924 1.9603 -2.0191 1.0000	</row3>
				</transform>
			</node>
			<node>
				<identifier>	HP_flag_3	</identifier>
				<transform>
					<row0>	0.9984 0.0560 0.0038 0.0000	</row0>
					<row1>	-0.0560 0.9891 0.1362 0.0000	</row1>
					<row2>	0.0038 -0.1362 0.9907 0.0000	</row2>
					<row3>	0.2257 1.9467 -2.0194 1.0000	</row3>
				</transform>
			</node>
			<node>
				<identifier>	HP_flag_4	</identifier>
				<transform>
					<row0>	0.9984 -0.0560 -0.0038 0.0000	</row0>
					<row1>	0.0560 0.9891 0.1362 0.0000	</row1>
					<row2>	-0.0038 -0.1362 0.9907 0.0000	</row2>
					<row3>	-0.2257 1.9467 -2.0194 1.0000	</row3>
				</transform>
			</node>
			<node>
				<identifier>	HP_flag_courtesy	</identifier>
				<transform>
					<row0>	0.9931 -0.1172 -0.0018 0.0000	</row0>
					<row1>	0.1172 0.9926 0.0306 0.0000	</row1>
					<row2>	-0.0018 -0.0306 0.9995 0.0000	</row2>
					<row3>	0.4807 1.9675 -2.0156 1.0000	</row3>
				</transform>
			</node>
			<node>
				<identifier>	HP_flag_house	</identifier>
				<transform>
					<row0>	0.9931 0.1172 0.0018 0.0000	</row0>
					<row1>	-0.1172 0.9926 0.0305 0.0000	</row1>
					<row2>	0.0018 -0.0305 0.9995 0.0000	</row2>
					<row3>	-0.4807 1.9675 -2.0156 1.0000	</row3>
				</transform>
			</node>
			<node>
				<identifier>	HP_flag_nation	</identifier>
				<transform>
					<row0>	1.0000 0.0074 -0.0011 0.0000	</row0>
					<row1>	-0.0074 0.9550 -0.2964 0.0000	</row1>
					<row2>	-0.0011 0.2964 0.9551 0.0000	</row2>
					<row3>	0.0006 1.6399 -2.3703 1.0000	</row3>
				</transform>
			</node>
			<node>
				<identifier>	HP_flag_rank	</identifier>
				<transform>
					<row0>	1.0000 0.0000 0.0000 0.0000	</row0>
					<row1>	0.0000 1.0000 0.0000 0.0000	</row1>
					<row2>	0.0000 0.0000 1.0000 0.0000	</row2>
					<row3>	-0.0006 2.2764 -2.0312 1.0000	</row3>
				</transform>
			</node>
			<node>
				<identifier>	MP_BM711_Flag_box	</identifier>
				<transform>
					<row0>	-1.2745 0.0000 -0.2563 0.0000	</row0>
					<row1>	0.0000 1.1178 0.0000 0.0000	</row1>
					<row2>	0.1971 0.0000 -0.9804 0.0000	</row2>
					<row3>	-0.1730 0.8661 -1.9489 1.0000	</row3>
				</transform>
			</node>
			<node>
				<identifier>	MP_BM711_Flag_box_INDEX_1	</identifier>
				<transform>
					<row0>	-1.2745 0.0000 0.2563 0.0000	</row0>
					<row1>	0.0000 1.1178 0.0000 0.0000	</row1>
					<row2>	-0.1971 0.0000 -0.9804 0.0000	</row2>
					<row3>	0.1730 0.8661 -1.9489 1.0000	</row3>
				</transform>
			</node>
			<node>
				<identifier>	MP_CM011_Fire_Fighting_Gear	</identifier>
				<transform>
					<row0>	0.0000 0.0000 -1.0000 0.0000	</row0>
					<row1>	0.0000 1.0000 0.0000 0.0000	</row1>
					<row2>	1.0000 0.0000 0.0000 0.0000	</row2>
					<row3>	-0.4316 0.2139 -2.5340 1.0000	</row3>
				</transform>
			</node>
			<node>
				<identifier>	MP_CM011_Fire_Fighting_Gear_INDEX_1	</identifier>
				<transform>
					<row0>	0.0000 0.0000 -1.0000 0.0000	</row0>
					<row1>	0.0000 1.0000 0.0000 0.0000	</row1>
					<row2>	1.0000 0.0000 0.0000 0.0000	</row2>
					<row3>	-0.3454 0.3712 -0.9456 1.0000	</row3>
				</transform>
			</node>
			<node>
				<identifier>	MP_CM011_Fire_Fighting_Gear_INDEX_2	</identifier>
				<transform>
					<row0>	0.0000 0.0000 1.0000 0.0000	</row0>
					<row1>	0.0000 1.0000 0.0000 0.0000	</row1>
					<row2>	-1.0000 0.0000 0.0000 0.0000	</row2>
					<row3>	0.4316 0.2139 -2.5340 1.0000	</row3>
				</transform>
			</node>
			<node>
				<identifier>	MP_CM011_Fire_Fighting_Gear_INDEX_3	</identifier>
				<transform>
					<row0>	1.0000 0.0000 0.0000 0.0000	</row0>
					<row1>	0.0000 1.0000 0.0000 0.0000	</row1>
					<row2>	0.0000 0.0000 1.0000 0.0000	</row2>
					<row3>	0.2590 0.3700 -1.8169 1.0000	</row3>
				</transform>
			</node>
			<node>
				<identifier>	MP_CM013_Fire_Hose_Rack_2	</identifier>
				<transform>
					<row0>	-1.0000 0.0000 0.0000 0.0000	</row0>
					<row1>	0.0000 1.0000 0.0000 0.0000	</row1>
					<row2>	0.0000 0.0000 -1.0000 0.0000	</row2>
					<row3>	0.4230 0.2665 -2.5123 1.0000	</row3>
				</transform>
			</node>
			<node>
				<identifier>	MP_CM013_Fire_Hose_Rack_2_INDEX_1	</identifier>
				<transform>
					<row0>	1.0000 0.0000 0.0000 0.0000	</row0>
					<row1>	0.0000 1.0000 0.0000 0.0000	</row1>
					<row2>	0.0000 0.0000 1.0000 0.0000	</row2>
					<row3>	-0.4230 0.2665 -2.5123 1.0000	</row3>
				</transform>
			</node>
			<node>
				<identifier>	MP_CM013_Fire_Hose_Rack_2_INDEX_2	</identifier>
				<transform>
					<row0>	1.0000 0.0000 0.0000 0.0000	</row0>
					<row1>	0.0000 1.0000 0.0000 0.0000	</row1>
					<row2>	0.0000 0.0000 1.0000 0.0000	</row2>
					<row3>	-0.3286 0.4208 -1.0083 1.0000	</row3>
				</transform>
			</node>
			<node>
				<identifier>	MP_CM013_Fire_Hose_Rack_2_INDEX_3	</identifier>
				<transform>
					<row0>	0.0000 0.0000 1.0000 0.0000	</row0>
					<row1>	0.0000 1.0000 0.0000 0.0000	</row1>
					<row2>	-1.0000 0.0000 0.0000 0.0000	</row2>
					<row3>	0.2835 0.3971 -1.8046 1.0000	</row3>
				</transform>
			</node>
			<node>
				<identifier>	MP_CM014_Fuel_Oil_Hose	</identifier>
				<transform>
					<row0>	0.9957 0.0005 0.0927 0.0000	</row0>
					<row1>	0.0000 1.0000 -0.0052 0.0000	</row1>
					<row2>	-0.0927 0.0051 0.9957 0.0000	</row2>
					<row3>	-0.7672 0.2415 -1.3469 1.0000	</row3>
				</transform>
			</node>
			<node>
				<identifier>	MP_CM014_Fuel_Oil_Hose_INDEX_1	</identifier>
				<transform>
					<row0>	0.0000 -1.0000 0.0052 0.0000	</row0>
					<row1>	1.0000 0.0000 0.0000 0.0000	</row1>
					<row2>	0.0000 0.0052 1.0000 0.0000	</row2>
					<row3>	-0.7949 0.2140 -1.3283 1.0000	</row3>
				</transform>
			</node>
			<node>
				<identifier>	MP_CM014_Fuel_Oil_Hose_INDEX_2	</identifier>
				<transform>
					<row0>	0.0000 -1.0000 0.0052 0.0000	</row0>
					<row1>	-1.0000 0.0000 0.0000 0.0000	</row1>
					<row2>	0.0000 -0.0052 -1.0000 0.0000	</row2>
					<row3>	0.7949 0.2140 -1.3283 1.0000	</row3>
				</transform>
			</node>
			<node>
				<identifier>	MP_CM014_Fuel_Oil_Hose_INDEX_3	</identifier>
				<transform>
					<row0>	-0.9957 0.0005 0.0927 0.0000	</row0>
					<row1>	0.0010 1.0000 0.0052 0.0000	</row1>
					<row2>	-0.0927 0.0052 -0.9957 0.0000	</row2>
					<row3>	0.7672 0.2415 -1.3469 1.0000	</row3>
				</transform>
			</node>
			<node>
				<identifier>	MP_CM029_Emergency_Box	</identifier>
				<transform>
					<row0>	1.0000 0.0000 0.0000 0.0000	</row0>
					<row1>	0.0000 1.0000 0.0000 0.0000	</row1>
					<row2>	0.0000 0.0000 1.0000 0.0000	</row2>
					<row3>	0.0310 1.0785 -2.1256 1.0000	</row3>
				</transform>
			</node>
			<node>
				<identifier>	MP_CM029_Emergency_Box_INDEX_1	</identifier>
				<transform>
					<row0>	-0.5810 0.0000 0.8139 0.0000	</row0>
					<row1>	0.0000 1.0000 0.0000 0.0000	</row1>
					<row2>	-0.8139 0.0000 -0.5810 0.0000	</row2>
					<row3>	0.2483 0.4365 -2.5355 1.0000	</row3>
				</transform>
			</node>
			<node>
				<identifier>	MP_CM056_Ships_bell	</identifier>
				<transform>
					<row0>	1.0000 0.0000 0.0000 0.0000	</row0>
					<row1>	0.0000 1.0000 0.0000 0.0000	</row1>
					<row2>	0.0000 0.0000 1.0000 0.0000	</row2>
					<row3>	0.0000 0.3812 -3.1411 1.0000	</row3>
				</transform>
			</node>
			<node>
				<identifier>	MP_IM519_Life_Boat_Lattice	</identifier>
				<transform>
					<row0>	-0.2048 -0.9788 -0.0099 0.0000	</row0>
					<row1>	0.9776 -0.2051 0.0472 0.0000	</row1>
					<row2>	-0.0482 0.0000 0.9988 0.0000	</row2>
					<row3>	-0.7274 0.2903 -1.8667 1.0000	</row3>
				</transform>
			</node>
			<node>
				<identifier>	MP_IM519_Life_Boat_Lattice_INDEX_1	</identifier>
				<transform>
					<row0>	-0.2048 -0.9788 -0.0099 0.0000	</row0>
					<row1>	0.9776 -0.2051 0.0472 0.0000	</row1>
					<row2>	-0.0482 0.0000 0.9988 0.0000	</row2>
					<row3>	-0.6875 0.2903 -1.8647 1.0000	</row3>
				</transform>
			</node>
			<node>
				<identifier>	MP_IM953_Bollard	</identifier>
				<transform>
					<row0>	0.9745 0.0000 -0.0655 0.0000	</row0>
					<row1>	0.0000 0.9767 0.0000 0.0000	</row1>
					<row2>	0.0655 0.0000 0.9745 0.0000	</row2>
					<row3>	0.7437 0.2133 -2.7240 1.0000	</row3>
				</transform>
			</node>
			<node>
				<identifier>	MP_IM953_Bollard_INDEX_1	</identifier>
				<transform>
					<row0>	0.9745 0.0000 0.0655 0.0000	</row0>
					<row1>	0.0000 0.9767 0.0000 0.0000	</row1>
					<row2>	-0.0655 0.0000 0.9745 0.0000	</row2>
					<row3>	-0.7437 0.2133 -2.7240 1.0000	</row3>
				</transform>
			</node>
			<node>
				<identifier>	MP_RM175_Searchlight_900mm_MPE9	</identifier>
				<transform>
					<row0>	0.0000 0.0000 -1.0000 0.0000	</row0>
					<row1>	0.0000 1.0000 0.0000 0.0000	</row1>
					<row2>	1.0000 0.0000 0.0000 0.0000	</row2>
					<row3>	0.2320 1.0132 -2.0298 1.0000	</row3>
				</transform>
			</node>
			<node>
				<identifier>	MP_RM175_Searchlight_900mm_MPE9_INDEX_1	</identifier>
				<transform>
					<row0>	0.0000 0.0000 1.0000 0.0000	</row0>
					<row1>	0.0000 1.0000 0.0000 0.0000	</row1>
					<row2>	-1.0000 0.0000 0.0000 0.0000	</row2>
					<row3>	-0.2320 1.0132 -2.0298 1.0000	</row3>
				</transform>
			</node>
			<node>
				<identifier>	MP_RM343_Compass_Repeater	</identifier>
				<transform>
					<row0>	-0.9818 0.0000 -0.1897 0.0000	</row0>
					<row1>	0.0000 1.0000 0.0000 0.0000	</row1>
					<row2>	0.1897 0.0000 -0.9818 0.0000	</row2>
					<row3>	-0.0584 0.9488 -1.9184 1.0000	</row3>
				</transform>
			</node>
			<node>
				<identifier>	MP_RM854_Ventilation	</identifier>
				<transform>
					<row0>	-0.7968 0.0000 0.0000 0.0000	</row0>
					<row1>	0.0000 0.7968 0.0000 0.0000	</row1>
					<row2>	0.0000 0.0000 -0.7968 0.0000	</row2>
					<row3>	-0.4713 0.3694 -1.9972 1.0000	</row3>
				</transform>
			</node>
			<node>
				<identifier>	MP_RM854_Ventilation_INDEX_1	</identifier>
				<transform>
					<row0>	-0.7161 0.0000 0.0000 0.0000	</row0>
					<row1>	0.0000 0.7161 0.0000 0.0000	</row1>
					<row2>	0.0000 0.0000 -0.7161 0.0000	</row2>
					<row3>	-0.1510 0.3694 -2.3613 1.0000	</row3>
				</transform>
			</node>
			<node>
				<identifier>	MP_RM854_Ventilation_INDEX_10	</identifier>
				<transform>
					<row0>	-1.0714 0.0000 0.0000 0.0000	</row0>
					<row1>	0.0000 1.0714 0.0000 0.0000	</row1>
					<row2>	0.0000 0.0000 -1.0714 0.0000	</row2>
					<row3>	0.2230 0.3694 -2.4768 1.0000	</row3>
				</transform>
			</node>
			<node>
				<identifier>	MP_RM854_Ventilation_INDEX_11	</identifier>
				<transform>
					<row0>	-0.7161 0.0000 0.0000 0.0000	</row0>
					<row1>	0.0000 0.7161 0.0000 0.0000	</row1>
					<row2>	0.0000 0.0000 -0.7161 0.0000	</row2>
					<row3>	0.2827 0.3694 -2.5406 1.0000	</row3>
				</transform>
			</node>
			<node>
				<identifier>	MP_RM854_Ventilation_INDEX_12	</identifier>
				<transform>
					<row0>	-1.0714 0.0000 0.0000 0.0000	</row0>
					<row1>	0.0000 1.0714 0.0000 0.0000	</row1>
					<row2>	0.0000 0.0000 -1.0714 0.0000	</row2>
					<row3>	-0.3208 0.3694 -2.5921 1.0000	</row3>
				</transform>
			</node>
			<node>
				<identifier>	MP_RM854_Ventilation_INDEX_2	</identifier>
				<transform>
					<row0>	-0.7161 0.0000 0.0000 0.0000	</row0>
					<row1>	0.0000 0.7161 0.0000 0.0000	</row1>
					<row2>	0.0000 0.0000 -0.7161 0.0000	</row2>
					<row3>	0.1510 0.3694 -2.3613 1.0000	</row3>
				</transform>
			</node>
			<node>
				<identifier>	MP_RM854_Ventilation_INDEX_3	</identifier>
				<transform>
					<row0>	-1.0714 0.0000 0.0000 0.0000	</row0>
					<row1>	0.0000 1.0714 0.0000 0.0000	</row1>
					<row2>	0.0000 0.0000 -1.0714 0.0000	</row2>
					<row3>	0.3208 0.3694 -2.5921 1.0000	</row3>
				</transform>
			</node>
			<node>
				<identifier>	MP_RM854_Ventilation_INDEX_4	</identifier>
				<transform>
					<row0>	-0.7161 0.0000 0.0000 0.0000	</row0>
					<row1>	0.0000 0.7161 0.0000 0.0000	</row1>
					<row2>	0.0000 0.0000 -0.7161 0.0000	</row2>
					<row3>	-0.2827 0.3694 -2.5406 1.0000	</row3>
				</transform>
			</node>
			<node>
				<identifier>	MP_RM854_Ventilation_INDEX_5	</identifier>
				<transform>
					<row0>	-1.0714 0.0000 0.0000 0.0000	</row0>
					<row1>	0.0000 1.0714 0.0000 0.0000	</row1>
					<row2>	0.0000 0.0000 -1.0714 0.0000	</row2>
					<row3>	-0.2230 0.3694 -2.4768 1.0000	</row3>
				</transform>
			</node>
			<node>
				<identifier>	MP_RM854_Ventilation_INDEX_6	</identifier>
				<transform>
					<row0>	-0.7968 0.0000 0.0000 0.0000	</row0>
					<row1>	0.0000 0.7968 0.0000 0.0000	</row1>
					<row2>	0.0000 0.0000 -0.7968 0.0000	</row2>
					<row3>	0.4713 0.3694 -1.9972 1.0000	</row3>
				</transform>
			</node>
			<node>
				<identifier>	MP_RM854_Ventilation_INDEX_7	</identifier>
				<transform>
					<row0>	-0.7161 0.0000 0.0000 0.0000	</row0>
					<row1>	0.0000 0.7161 0.0000 0.0000	</row1>
					<row2>	0.0000 0.0000 -0.7161 0.0000	</row2>
					<row3>	0.3795 0.3694 -2.5373 1.0000	</row3>
				</transform>
			</node>
			<node>
				<identifier>	MP_RM854_Ventilation_INDEX_8	</identifier>
				<transform>
					<row0>	-0.7968 0.0000 0.0000 0.0000	</row0>
					<row1>	0.0000 0.7968 0.0000 0.0000	</row1>
					<row2>	0.0000 0.0000 -0.7968 0.0000	</row2>
					<row3>	-0.1277 0.5170 -1.0172 1.0000	</row3>
				</transform>
			</node>
			<node>
				<identifier>	MP_RM854_Ventilation_INDEX_9	</identifier>
				<transform>
					<row0>	-0.7161 0.0000 0.0000 0.0000	</row0>
					<row1>	0.0000 0.7161 0.0000 0.0000	</row1>
					<row2>	0.0000 0.0000 -0.7161 0.0000	</row2>
					<row3>	-0.3795 0.3694 -2.5373 1.0000	</row3>
				</transform>
			</node>
			<node>
				<identifier>	MP_RM885_Reels	</identifier>
				<transform>
					<row0>	0.0000 0.0000 -1.0000 0.0000	</row0>
					<row1>	0.0000 1.0000 0.0000 0.0000	</row1>
					<row2>	1.0000 0.0000 0.0000 0.0000	</row2>
					<row3>	-0.1354 0.4231 -1.9547 1.0000	</row3>
				</transform>
			</node>
			<node>
				<identifier>	MP_RM885_Reels_INDEX_1	</identifier>
				<transform>
					<row0>	0.0000 0.0000 1.0671 0.0000	</row0>
					<row1>	0.0000 1.0000 0.0000 0.0000	</row1>
					<row2>	-1.0000 0.0000 0.0000 0.0000	</row2>
					<row3>	0.1354 0.4231 -2.1021 1.0000	</row3>
				</transform>
			</node>
			<node>
				<identifier>	MP_RM885_Reels_INDEX_2	</identifier>
				<transform>
					<row0>	-1.2252 0.0000 0.0000 0.0000	</row0>
					<row1>	0.0000 1.0000 0.0000 0.0000	</row1>
					<row2>	0.0000 0.0000 -1.0000 0.0000	</row2>
					<row3>	-0.0916 0.5330 -2.1899 1.0000	</row3>
				</transform>
			</node>
			<node>
				<identifier>	MP_RM885_Reels_INDEX_3	</identifier>
				<transform>
					<row0>	-1.2252 0.0000 0.0000 0.0000	</row0>
					<row1>	0.0000 1.0000 0.0000 0.0000	</row1>
					<row2>	0.0000 0.0000 -1.0000 0.0000	</row2>
					<row3>	0.0916 0.5330 -2.1899 1.0000	</row3>
				</transform>
			</node>
			<node>
				<identifier>	MP_RM885_Reels_INDEX_4	</identifier>
				<transform>
					<row0>	0.0000 0.0000 1.0000 0.0000	</row0>
					<row1>	0.0000 1.0000 0.0000 0.0000	</row1>
					<row2>	-1.0000 0.0000 0.0000 0.0000	</row2>
					<row3>	0.1354 0.4231 -1.9547 1.0000	</row3>
				</transform>
			</node>
			<node>
				<identifier>	MP_RM885_Reels_INDEX_5	</identifier>
				<transform>
					<row0>	0.0000 0.0000 -1.0751 0.0000	</row0>
					<row1>	0.0000 1.0000 0.0000 0.0000	</row1>
					<row2>	1.0000 0.0000 0.0000 0.0000	</row2>
					<row3>	-0.1354 0.4231 -2.1021 1.0000	</row3>
				</transform>
			</node>
			<node>
				<identifier>	MP_RM893_Signal_light_40mm	</identifier>
				<transform>
					<row0>	1.0000 0.0000 0.0000 0.0000	</row0>
					<row1>	0.0000 1.0000 0.0000 0.0000	</row1>
					<row2>	0.0000 0.0000 1.0000 0.0000	</row2>
					<row3>	0.0332 1.1758 -2.0596 1.0000	</row3>
				</transform>
			</node>
			<node>
				<identifier>	MP_RM896_Signal_light_40mm	</identifier>
				<transform>
					<row0>	-0.9920 0.0000 -0.1260 0.0000	</row0>
					<row1>	0.0000 1.0000 0.0000 0.0000	</row1>
					<row2>	0.1260 0.0000 -0.9920 0.0000	</row2>
					<row3>	-0.3600 0.9266 -1.9955 1.0000	</row3>
				</transform>
			</node>
			<node>
				<identifier>	MP_RM896_Signal_light_40mm_INDEX_1	</identifier>
				<transform>
					<row0>	-0.9920 0.0000 0.1260 0.0000	</row0>
					<row1>	0.0000 1.0000 0.0000 0.0000	</row1>
					<row2>	-0.1260 0.0000 -0.9920 0.0000	</row2>
					<row3>	0.3600 0.9266 -1.9955 1.0000	</row3>
				</transform>
			</node>
			<node>
				<identifier>	MP_RM898_Life_Boat_3_5m2	</identifier>
				<transform>
					<row0>	0.0000 1.0000 0.0000 0.0000	</row0>
					<row1>	-0.9988 0.0000 -0.0482 0.0000	</row1>
					<row2>	-0.0482 0.0000 0.9988 0.0000	</row2>
					<row3>	-0.6967 0.2961 -1.8652 1.0000	</row3>
				</transform>
			</node>
			<node>
				<identifier>	MP_RM898_Life_Boat_3_5m2_INDEX_1	</identifier>
				<transform>
					<row0>	0.0000 1.0000 0.0000 0.0000	</row0>
					<row1>	-0.9988 0.0000 -0.0482 0.0000	</row1>
					<row2>	-0.0482 0.0000 0.9988 0.0000	</row2>
					<row3>	-0.6567 0.2961 -1.8633 1.0000	</row3>
				</transform>
			</node>
			<node>
				<identifier>	MP_RM898_Life_Boat_3_5m2_INDEX_2	</identifier>
				<transform>
					<row0>	0.0000 1.0000 0.0000 0.0000	</row0>
					<row1>	-0.9988 0.0000 -0.0482 0.0000	</row1>
					<row2>	-0.0482 0.0000 0.9988 0.0000	</row2>
					<row3>	-0.6168 0.2961 -1.8613 1.0000	</row3>
				</transform>
			</node>
			<node>
				<identifier>	MP_RM899_Moto_Lancie_13m	</identifier>
				<transform>
					<row0>	1.0000 0.0000 0.0000 0.0000	</row0>
					<row1>	0.0000 1.0000 0.0000 0.0000	</row1>
					<row2>	0.0000 0.0000 1.0000 0.0000	</row2>
					<row3>	0.2407 0.5306 -1.4616 1.0000	</row3>
				</transform>
			</node>
			<node>
				<identifier>	MP_RM899_Moto_Lancie_13m_INDEX_1	</identifier>
				<transform>
					<row0>	1.0000 0.0000 0.0000 0.0000	</row0>
					<row1>	0.0000 1.0000 0.0000 0.0000	</row1>
					<row2>	0.0000 0.0000 1.0000 0.0000	</row2>
					<row3>	-0.2407 0.5306 -1.4616 1.0000	</row3>
				</transform>
			</node>
			<node>
				<identifier>	MP_RM900_Diesel_barch_12_25m	</identifier>
				<transform>
					<row0>	1.0000 0.0000 0.0000 0.0000	</row0>
					<row1>	0.0000 1.0000 0.0000 0.0000	</row1>
					<row2>	0.0000 0.0000 1.0000 0.0000	</row2>
					<row3>	0.0000 0.5306 -1.4304 1.0000	</row3>
				</transform>
			</node>
			<node>
				<identifier>	MP_RM906_Life_Buoy	</identifier>
				<transform>
					<row0>	-0.0578 0.0000 0.9983 0.0000	</row0>
					<row1>	0.0964 0.9953 0.0056 0.0000	</row1>
					<row2>	-0.9937 0.0966 -0.0575 0.0000	</row2>
					<row3>	-0.8369 0.2134 -2.1774 1.0000	</row3>
				</transform>
			</node>
			<node>
				<identifier>	MP_RM906_Life_Buoy_INDEX_1	</identifier>
				<transform>
					<row0>	-0.0578 0.0000 0.9983 0.0000	</row0>
					<row1>	0.0964 0.9953 0.0056 0.0000	</row1>
					<row2>	-0.9937 0.0966 -0.0575 0.0000	</row2>
					<row3>	-0.8412 0.2134 -2.1024 1.0000	</row3>
				</transform>
			</node>
			<node>
				<identifier>	MP_RM906_Life_Buoy_INDEX_2	</identifier>
				<transform>
					<row0>	-0.0578 0.0000 -0.9983 0.0000	</row0>
					<row1>	-0.0964 0.9953 0.0056 0.0000	</row1>
					<row2>	0.9937 0.0966 -0.0575 0.0000	</row2>
					<row3>	0.8369 0.2134 -2.1774 1.0000	</row3>
				</transform>
			</node>
			<node>
				<identifier>	MP_RM906_Life_Buoy_INDEX_3	</identifier>
				<transform>
					<row0>	-0.0578 0.0000 -0.9983 0.0000	</row0>
					<row1>	-0.0964 0.9953 0.0056 0.0000	</row1>
					<row2>	0.9937 0.0966 -0.0575 0.0000	</row2>
					<row3>	0.8412 0.2134 -2.1024 1.0000	</row3>
				</transform>
			</node>
			<node>
				<identifier>	MP_RM907_Motoscafi_10m	</identifier>
				<transform>
					<row0>	1.0000 0.0000 0.0000 0.0000	</row0>
					<row1>	0.0000 1.0000 0.0000 0.0000	</row1>
					<row2>	0.0000 0.0000 1.0000 0.0000	</row2>
					<row3>	0.7318 0.2606 -1.9260 1.0000	</row3>
				</transform>
			</node>
			<node>
				<identifier>	MP_RM909_Director_Torpedo	</identifier>
				<transform>
					<row0>	0.0000 0.0000 -1.0000 0.0000	</row0>
					<row1>	0.0000 1.0000 0.0000 0.0000	</row1>
					<row2>	1.0000 0.0000 0.0000 0.0000	</row2>
					<row3>	0.2937 0.8660 -2.0153 1.0000	</row3>
				</transform>
			</node>
			<node>
				<identifier>	MP_RM909_Director_Torpedo_INDEX_1	</identifier>
				<transform>
					<row0>	0.0000 0.0000 1.0000 0.0000	</row0>
					<row1>	0.0000 1.0000 0.0000 0.0000	</row1>
					<row2>	-1.0000 0.0000 0.0000 0.0000	</row2>
					<row3>	-0.2937 0.8660 -2.0153 1.0000	</row3>
				</transform>
			</node>
		</node>
	</node>
	<boundingBox>
		<min>	-0.0667 -0.0667 -0.0667	</min>
		<max>	0.0667 0.0667 0.0667	</max>
	</boundingBox>
</RSB014_Novorossiysk_1951_MidBack_ports.visual>
