<GSB035_Prinz_Heinrich_1943_MidFront_ports.visual>
	<node>
		<identifier>	Scene Root	</identifier>
		<transform>
			<row0>	1.0000 0.0000 0.0000 0.0000	</row0>
			<row1>	0.0000 1.0000 0.0000 0.0000	</row1>
			<row2>	0.0000 0.0000 1.0000 0.0000	</row2>
			<row3>	0.0000 0.0000 0.0000 1.0000	</row3>
		</transform>
		<node>
			<identifier>	MidFront_ports	</identifier>
			<transform>
				<row0>	1.0000 0.0000 0.0000 0.0000	</row0>
				<row1>	0.0000 1.0000 0.0000 0.0000	</row1>
				<row2>	0.0000 0.0000 1.0000 0.0000	</row2>
				<row3>	0.0000 0.0000 0.0000 1.0000	</row3>
			</transform>
			<node>
				<identifier>	HP_FX_Death_1	</identifier>
				<transform>
					<row0>	1.0000 0.0000 0.0000 0.0000	</row0>
					<row1>	0.0000 1.0000 0.0000 0.0000	</row1>
					<row2>	0.0000 0.0000 1.0000 0.0000	</row2>
					<row3>	0.0000 0.0000 3.3060 1.0000	</row3>
				</transform>
			</node>
			<node>
				<identifier>	HP_FX_Fire_2	</identifier>
				<transform>
					<row0>	1.0000 0.0000 0.0000 0.0000	</row0>
					<row1>	0.0000 1.0000 0.0000 0.0000	</row1>
					<row2>	0.0000 0.0000 1.0000 0.0000	</row2>
					<row3>	-0.3995 0.3857 2.8376 1.0000	</row3>
				</transform>
			</node>
			<node>
				<identifier>	HP_FX_Flood_steam_left	</identifier>
				<transform>
					<row0>	-1.0000 0.0000 0.0000 0.0000	</row0>
					<row1>	0.0000 1.0000 0.0000 0.0000	</row1>
					<row2>	0.0000 0.0000 -1.0000 0.0000	</row2>
					<row3>	-0.5345 0.3420 4.1887 1.0000	</row3>
				</transform>
			</node>
			<node>
				<identifier>	HP_FX_Flood_water_left_1	</identifier>
				<transform>
					<row0>	-0.9852 0.0000 0.1714 0.0000	</row0>
					<row1>	0.0000 1.0000 0.0000 0.0000	</row1>
					<row2>	-0.1714 0.0000 -0.9852 0.0000	</row2>
					<row3>	-0.5553 0.0217 3.9701 1.0000	</row3>
				</transform>
			</node>
			<node>
				<identifier>	HP_FX_Flood_water_right_1	</identifier>
				<transform>
					<row0>	0.9896 0.0000 0.1436 0.0000	</row0>
					<row1>	0.0000 1.0000 0.0000 0.0000	</row1>
					<row2>	-0.1436 0.0000 0.9896 0.0000	</row2>
					<row3>	0.5532 0.0185 3.9766 1.0000	</row3>
				</transform>
			</node>
			<node>
				<identifier>	HP_FX_RepairLight_left_1	</identifier>
				<transform>
					<row0>	0.0000 0.0000 1.0000 0.0000	</row0>
					<row1>	0.1006 0.9949 0.0000 0.0000	</row1>
					<row2>	-0.9949 0.1006 0.0000 0.0000	</row2>
					<row3>	-0.5323 0.4145 4.2544 1.0000	</row3>
				</transform>
			</node>
			<node>
				<identifier>	HP_FX_RepairLight_right_2	</identifier>
				<transform>
					<row0>	0.0000 0.0000 -1.0000 0.0000	</row0>
					<row1>	-0.0961 0.9954 0.0000 0.0000	</row1>
					<row2>	0.9954 0.0961 0.0000 0.0000	</row2>
					<row3>	0.5323 0.4067 3.9184 1.0000	</row3>
				</transform>
			</node>
			<node>
				<identifier>	HP_GGM_1	</identifier>
				<transform>
					<row0>	1.0000 0.0000 0.0000 0.0000	</row0>
					<row1>	0.0000 1.0000 0.0000 0.0000	</row1>
					<row2>	0.0000 0.0000 1.0000 0.0000	</row2>
					<row3>	0.0000 0.4851 3.5492 1.0000	</row3>
				</transform>
			</node>
			<node>
				<identifier>	HP_GGM_2	</identifier>
				<transform>
					<row0>	1.0000 0.0000 0.0000 0.0000	</row0>
					<row1>	0.0000 1.0000 0.0000 0.0000	</row1>
					<row2>	0.0000 0.0000 1.0000 0.0000	</row2>
					<row3>	0.0000 0.6360 2.5018 1.0000	</row3>
				</transform>
			</node>
			<node>
				<identifier>	HP_GGS_1	</identifier>
				<transform>
					<row0>	1.0000 0.0000 0.0000 0.0000	</row0>
					<row1>	0.0000 1.0000 0.0000 0.0000	</row1>
					<row2>	0.0000 0.0000 1.0000 0.0000	</row2>
					<row3>	-0.5607 0.2767 3.0697 1.0000	</row3>
				</transform>
			</node>
			<node>
				<identifier>	HP_GGS_2	</identifier>
				<transform>
					<row0>	1.0000 0.0000 0.0000 0.0000	</row0>
					<row1>	0.0000 1.0000 0.0000 0.0000	</row1>
					<row2>	0.0000 0.0000 1.0000 0.0000	</row2>
					<row3>	0.5607 0.2767 3.0697 1.0000	</row3>
				</transform>
			</node>
			<node>
				<identifier>	HP_GGS_3	</identifier>
				<transform>
					<row0>	0.9995 0.0000 0.0304 0.0000	</row0>
					<row1>	0.0000 1.0000 0.0000 0.0000	</row1>
					<row2>	-0.0304 0.0000 0.9995 0.0000	</row2>
					<row3>	-0.6487 0.2767 2.4550 1.0000	</row3>
				</transform>
			</node>
			<node>
				<identifier>	HP_GGS_4	</identifier>
				<transform>
					<row0>	0.9995 0.0000 -0.0304 0.0000	</row0>
					<row1>	0.0000 1.0000 0.0000 0.0000	</row1>
					<row2>	0.0304 0.0000 0.9995 0.0000	</row2>
					<row3>	0.6487 0.2767 2.4550 1.0000	</row3>
				</transform>
			</node>
			<node>
				<identifier>	MP_CM011_Fire_Fighting_Gear	</identifier>
				<transform>
					<row0>	-0.4667 0.0000 -0.8844 0.0000	</row0>
					<row1>	0.0000 1.0000 0.0000 0.0000	</row1>
					<row2>	0.8844 0.0000 -0.4667 0.0000	</row2>
					<row3>	-0.5270 0.3826 2.3290 1.0000	</row3>
				</transform>
			</node>
			<node>
				<identifier>	MP_CM011_Fire_Fighting_Gear_INDEX_1	</identifier>
				<transform>
					<row0>	-0.9291 0.0000 0.3698 0.0000	</row0>
					<row1>	0.0000 1.0000 0.0000 0.0000	</row1>
					<row2>	-0.3698 0.0000 -0.9291 0.0000	</row2>
					<row3>	0.1588 0.4019 3.8839 1.0000	</row3>
				</transform>
			</node>
			<node>
				<identifier>	MP_CM011_Fire_Fighting_Gear_INDEX_2	</identifier>
				<transform>
					<row0>	-0.9291 0.0000 -0.3698 0.0000	</row0>
					<row1>	0.0000 1.0000 0.0000 0.0000	</row1>
					<row2>	0.3698 0.0000 -0.9291 0.0000	</row2>
					<row3>	-0.1588 0.4019 3.8839 1.0000	</row3>
				</transform>
			</node>
			<node>
				<identifier>	MP_CM011_Fire_Fighting_Gear_INDEX_3	</identifier>
				<transform>
					<row0>	-0.4667 0.0000 0.8844 0.0000	</row0>
					<row1>	0.0000 1.0000 0.0000 0.0000	</row1>
					<row2>	-0.8844 0.0000 -0.4667 0.0000	</row2>
					<row3>	0.5270 0.3826 2.3290 1.0000	</row3>
				</transform>
			</node>
			<node>
				<identifier>	MP_CM029_Emergency_Box	</identifier>
				<transform>
					<row0>	-0.5957 0.0000 0.8032 0.0000	</row0>
					<row1>	0.0000 1.0000 0.0000 0.0000	</row1>
					<row2>	-0.8032 0.0000 -0.5957 0.0000	</row2>
					<row3>	0.3011 0.4276 3.7581 1.0000	</row3>
				</transform>
			</node>
			<node>
				<identifier>	MP_CM029_Emergency_Box_INDEX_1	</identifier>
				<transform>
					<row0>	-0.5957 0.0000 -0.8032 0.0000	</row0>
					<row1>	0.0000 1.0000 0.0000 0.0000	</row1>
					<row2>	0.8032 0.0000 -0.5957 0.0000	</row2>
					<row3>	-0.3011 0.4276 3.7581 1.0000	</row3>
				</transform>
			</node>
			<node>
				<identifier>	MP_CM052_Fender	</identifier>
				<transform>
					<row0>	0.3104 0.0034 -0.7913 0.0000	</row0>
					<row1>	0.0114 0.8499 0.0082 0.0000	</row1>
					<row2>	0.7912 -0.0136 0.3103 0.0000	</row2>
					<row3>	0.3526 0.3849 2.6584 1.0000	</row3>
				</transform>
			</node>
			<node>
				<identifier>	MP_CM052_Fender_INDEX_1	</identifier>
				<transform>
					<row0>	0.3104 -0.0034 0.7913 0.0000	</row0>
					<row1>	-0.0114 0.8499 0.0082 0.0000	</row1>
					<row2>	-0.7912 -0.0136 0.3103 0.0000	</row2>
					<row3>	-0.3526 0.3849 2.6584 1.0000	</row3>
				</transform>
			</node>
			<node>
				<identifier>	MP_CM109_Leadsman_Platform	</identifier>
				<transform>
					<row0>	-0.0039 0.9999 -0.0149 0.0000	</row0>
					<row1>	-1.0000 -0.0039 -0.0024 0.0000	</row1>
					<row2>	-0.0025 0.0149 0.9999 0.0000	</row2>
					<row3>	-0.5320 0.2991 3.6386 1.0000	</row3>
				</transform>
			</node>
			<node>
				<identifier>	MP_CM109_Leadsman_Platform_INDEX_1	</identifier>
				<transform>
					<row0>	0.0039 0.9999 -0.0113 0.0000	</row0>
					<row1>	1.0000 -0.0039 0.0024 0.0000	</row1>
					<row2>	0.0024 -0.0113 -0.9999 0.0000	</row2>
					<row3>	0.5320 0.2991 3.6386 1.0000	</row3>
				</transform>
			</node>
			<node>
				<identifier>	MP_GM001_Paravane	</identifier>
				<transform>
					<row0>	0.0000 1.0000 0.0000 0.0000	</row0>
					<row1>	-0.6938 0.0000 -0.7202 0.0000	</row1>
					<row2>	-0.7202 0.0000 0.6938 0.0000	</row2>
					<row3>	0.2512 0.4678 2.7977 1.0000	</row3>
				</transform>
			</node>
			<node>
				<identifier>	MP_GM001_Paravane_INDEX_1	</identifier>
				<transform>
					<row0>	0.0000 -1.0000 0.0000 0.0000	</row0>
					<row1>	0.6938 0.0000 -0.7202 0.0000	</row1>
					<row2>	0.7202 0.0000 0.6938 0.0000	</row2>
					<row3>	-0.2512 0.4678 2.7977 1.0000	</row3>
				</transform>
			</node>
			<node>
				<identifier>	MP_GM003_Reels_1	</identifier>
				<transform>
					<row0>	-0.6186 0.0000 1.1749 0.0000	</row0>
					<row1>	0.0000 1.3278 0.0000 0.0000	</row1>
					<row2>	-1.1749 0.0000 -0.6186 0.0000	</row2>
					<row3>	0.4987 0.3829 2.4610 1.0000	</row3>
				</transform>
			</node>
			<node>
				<identifier>	MP_GM003_Reels_1_INDEX_1	</identifier>
				<transform>
					<row0>	1.3278 0.0000 0.0000 0.0000	</row0>
					<row1>	0.0000 1.3278 0.0000 0.0000	</row1>
					<row2>	0.0000 0.0000 1.3278 0.0000	</row2>
					<row3>	0.2496 0.4067 4.2163 1.0000	</row3>
				</transform>
			</node>
			<node>
				<identifier>	MP_GM003_Reels_1_INDEX_2	</identifier>
				<transform>
					<row0>	1.3278 0.0000 0.0000 0.0000	</row0>
					<row1>	0.0000 1.3278 0.0000 0.0000	</row1>
					<row2>	0.0000 0.0000 1.3278 0.0000	</row2>
					<row3>	-0.2496 0.4067 4.2163 1.0000	</row3>
				</transform>
			</node>
			<node>
				<identifier>	MP_GM003_Reels_1_INDEX_3	</identifier>
				<transform>
					<row0>	-0.6186 0.0000 -1.1749 0.0000	</row0>
					<row1>	0.0000 1.3278 0.0000 0.0000	</row1>
					<row2>	1.1749 0.0000 -0.6186 0.0000	</row2>
					<row3>	-0.4987 0.3829 2.4610 1.0000	</row3>
				</transform>
			</node>
			<node>
				<identifier>	MP_GM003_Reels_1_INDEX_4	</identifier>
				<transform>
					<row0>	0.7706 0.0000 0.6374 0.0000	</row0>
					<row1>	0.0000 1.0000 0.0000 0.0000	</row1>
					<row2>	-0.6374 0.0000 0.7706 0.0000	</row2>
					<row3>	0.2655 0.3889 3.2587 1.0000	</row3>
				</transform>
			</node>
			<node>
				<identifier>	MP_GM003_Reels_1_INDEX_5	</identifier>
				<transform>
					<row0>	0.7706 0.0000 -0.6374 0.0000	</row0>
					<row1>	0.0000 1.0000 0.0000 0.0000	</row1>
					<row2>	0.6374 0.0000 0.7706 0.0000	</row2>
					<row3>	-0.2655 0.3889 3.2587 1.0000	</row3>
				</transform>
			</node>
			<node>
				<identifier>	MP_GM005_Reels_3	</identifier>
				<transform>
					<row0>	1.0000 0.0000 0.0000 0.0000	</row0>
					<row1>	0.0000 1.0000 0.0000 0.0000	</row1>
					<row2>	0.0000 0.0000 1.0000 0.0000	</row2>
					<row3>	-0.1237 0.4107 4.3870 1.0000	</row3>
				</transform>
			</node>
			<node>
				<identifier>	MP_GM005_Reels_3_INDEX_1	</identifier>
				<transform>
					<row0>	1.0000 0.0000 0.0000 0.0000	</row0>
					<row1>	0.0000 1.0000 0.0000 0.0000	</row1>
					<row2>	0.0000 0.0000 1.0000 0.0000	</row2>
					<row3>	0.1237 0.4107 4.3870 1.0000	</row3>
				</transform>
			</node>
			<node>
				<identifier>	MP_GM007_LifeBuoy	</identifier>
				<transform>
					<row0>	-1.0000 0.0000 -0.0008 0.0000	</row0>
					<row1>	0.0000 1.0000 0.0000 0.0000	</row1>
					<row2>	0.0008 0.0000 -1.0000 0.0000	</row2>
					<row3>	-0.7252 0.4219 2.3210 1.0000	</row3>
				</transform>
			</node>
			<node>
				<identifier>	MP_GM008_Loudspeaker	</identifier>
				<transform>
					<row0>	-0.9906 0.0000 -0.1369 0.0000	</row0>
					<row1>	0.0000 1.0000 0.0000 0.0000	</row1>
					<row2>	0.1369 0.0000 -0.9906 0.0000	</row2>
					<row3>	-0.3540 0.4375 3.4874 1.0000	</row3>
				</transform>
			</node>
			<node>
				<identifier>	MP_GM008_Loudspeaker_INDEX_1	</identifier>
				<transform>
					<row0>	0.9906 0.0000 -0.1369 0.0000	</row0>
					<row1>	0.0000 1.0000 0.0000 0.0000	</row1>
					<row2>	0.1369 0.0000 0.9906 0.0000	</row2>
					<row3>	0.3540 0.4375 3.4874 1.0000	</row3>
				</transform>
			</node>
			<node>
				<identifier>	MP_GM016_Sleeve	</identifier>
				<transform>
					<row0>	0.4844 0.0000 -0.8748 0.0000	</row0>
					<row1>	0.0000 1.0000 0.0000 0.0000	</row1>
					<row2>	0.8748 0.0000 0.4844 0.0000	</row2>
					<row3>	0.5082 0.4265 2.3464 1.0000	</row3>
				</transform>
			</node>
			<node>
				<identifier>	MP_GM016_Sleeve_INDEX_1	</identifier>
				<transform>
					<row0>	0.9219 0.0000 0.3875 0.0000	</row0>
					<row1>	0.0000 1.0000 0.0000 0.0000	</row1>
					<row2>	-0.3875 0.0000 0.9219 0.0000	</row2>
					<row3>	-0.1355 0.4391 3.8826 1.0000	</row3>
				</transform>
			</node>
			<node>
				<identifier>	MP_GM016_Sleeve_INDEX_2	</identifier>
				<transform>
					<row0>	0.4844 0.0000 0.8748 0.0000	</row0>
					<row1>	0.0000 1.0000 0.0000 0.0000	</row1>
					<row2>	-0.8748 0.0000 0.4844 0.0000	</row2>
					<row3>	-0.5082 0.4265 2.3464 1.0000	</row3>
				</transform>
			</node>
			<node>
				<identifier>	MP_GM016_Sleeve_INDEX_3	</identifier>
				<transform>
					<row0>	0.9219 0.0000 -0.3875 0.0000	</row0>
					<row1>	0.0000 1.0000 0.0000 0.0000	</row1>
					<row2>	0.3875 0.0000 0.9219 0.0000	</row2>
					<row3>	0.1355 0.4391 3.8827 1.0000	</row3>
				</transform>
			</node>
			<node>
				<identifier>	MP_GM018_Siren	</identifier>
				<transform>
					<row0>	1.0000 0.0000 0.0000 0.0000	</row0>
					<row1>	0.0000 1.0000 0.0000 0.0000	</row1>
					<row2>	0.0000 0.0000 1.0000 0.0000	</row2>
					<row3>	0.0000 0.4663 3.9133 1.0000	</row3>
				</transform>
			</node>
			<node>
				<identifier>	MP_GM018_Siren_INDEX_1	</identifier>
				<transform>
					<row0>	0.4899 0.0000 0.8718 0.0000	</row0>
					<row1>	0.0000 1.0000 0.0000 0.0000	</row1>
					<row2>	-0.8718 0.0000 0.4899 0.0000	</row2>
					<row3>	-0.4479 0.4876 2.4554 1.0000	</row3>
				</transform>
			</node>
			<node>
				<identifier>	MP_GM018_Siren_INDEX_2	</identifier>
				<transform>
					<row0>	0.4899 0.0000 -0.8718 0.0000	</row0>
					<row1>	0.0000 1.0000 0.0000 0.0000	</row1>
					<row2>	0.8718 0.0000 0.4899 0.0000	</row2>
					<row3>	0.4479 0.4876 2.4554 1.0000	</row3>
				</transform>
			</node>
			<node>
				<identifier>	MP_GM169_LifeBuoy	</identifier>
				<transform>
					<row0>	-0.9999 0.0000 0.0105 0.0000	</row0>
					<row1>	0.0000 1.0000 0.0000 0.0000	</row1>
					<row2>	-0.0105 0.0000 -0.9999 0.0000	</row2>
					<row3>	0.5341 0.3269 3.6897 1.0000	</row3>
				</transform>
			</node>
			<node>
				<identifier>	MP_GM169_LifeBuoy_INDEX_1	</identifier>
				<transform>
					<row0>	-0.8730 0.0000 -0.4877 0.0000	</row0>
					<row1>	0.0000 1.0000 0.0000 0.0000	</row1>
					<row2>	0.4877 0.0000 -0.8730 0.0000	</row2>
					<row3>	0.5849 0.4711 2.2140 1.0000	</row3>
				</transform>
			</node>
			<node>
				<identifier>	MP_GM169_LifeBuoy_INDEX_2	</identifier>
				<transform>
					<row0>	0.8730 0.0000 -0.4877 0.0000	</row0>
					<row1>	0.0000 1.0000 0.0000 0.0000	</row1>
					<row2>	0.4877 0.0000 0.8730 0.0000	</row2>
					<row3>	-0.5849 0.4711 2.2140 1.0000	</row3>
				</transform>
			</node>
			<node>
				<identifier>	MP_GM169_LifeBuoy_INDEX_3	</identifier>
				<transform>
					<row0>	0.9995 0.0000 0.0322 0.0000	</row0>
					<row1>	0.0000 1.0000 0.0000 0.0000	</row1>
					<row2>	-0.0322 0.0000 0.9995 0.0000	</row2>
					<row3>	-0.5341 0.3269 3.6897 1.0000	</row3>
				</transform>
			</node>
			<node>
				<identifier>	MP_GM752_Hatch	</identifier>
				<transform>
					<row0>	1.3448 0.0000 0.0000 0.0000	</row0>
					<row1>	0.0000 1.3448 0.0000 0.0000	</row1>
					<row2>	0.0000 0.0000 1.3448 0.0000	</row2>
					<row3>	0.3141 0.3838 3.1522 1.0000	</row3>
				</transform>
			</node>
			<node>
				<identifier>	MP_GM752_Hatch_INDEX_1	</identifier>
				<transform>
					<row0>	1.3448 0.0000 0.0000 0.0000	</row0>
					<row1>	0.0000 1.3448 0.0000 0.0000	</row1>
					<row2>	0.0000 0.0000 1.3448 0.0000	</row2>
					<row3>	-0.3141 0.3838 3.1522 1.0000	</row3>
				</transform>
			</node>
			<node>
				<identifier>	MP_GM752_Hatch_INDEX_2	</identifier>
				<transform>
					<row0>	1.3448 0.0000 0.0000 0.0000	</row0>
					<row1>	0.0000 1.3448 0.0000 0.0000	</row1>
					<row2>	0.0000 0.0000 1.3448 0.0000	</row2>
					<row3>	0.3141 0.5288 2.1144 1.0000	</row3>
				</transform>
			</node>
			<node>
				<identifier>	MP_GM752_Hatch_INDEX_3	</identifier>
				<transform>
					<row0>	1.3448 0.0000 0.0000 0.0000	</row0>
					<row1>	0.0000 1.3448 0.0000 0.0000	</row1>
					<row2>	0.0000 0.0000 1.3448 0.0000	</row2>
					<row3>	-0.3141 0.5288 2.1144 1.0000	</row3>
				</transform>
			</node>
		</node>
	</node>
	<boundingBox>
		<min>	-0.0667 -0.0667 -0.0667	</min>
		<max>	0.0667 0.0667 0.0667	</max>
	</boundingBox>
</GSB035_Prinz_Heinrich_1943_MidFront_ports.visual>
