<GSS001_Type_VII_MidBack_ports.visual>
	<node>
		<identifier>	Scene Root	</identifier>
		<transform>
			<row0>	1.0000 0.0000 0.0000 0.0000	</row0>
			<row1>	0.0000 1.0000 0.0000 0.0000	</row1>
			<row2>	0.0000 0.0000 1.0000 0.0000	</row2>
			<row3>	0.0000 0.0000 0.0000 1.0000	</row3>
		</transform>
		<node>
			<identifier>	MidBack_ports	</identifier>
			<transform>
				<row0>	1.0000 0.0000 0.0000 0.0000	</row0>
				<row1>	0.0000 1.0000 0.0000 0.0000	</row1>
				<row2>	0.0000 0.0000 1.0000 0.0000	</row2>
				<row3>	0.0000 0.0000 0.0000 1.0000	</row3>
			</transform>
			<node>
				<identifier>	HP_FX_Death_3	</identifier>
				<transform>
					<row0>	1.0000 0.0000 0.0000 0.0000	</row0>
					<row1>	0.0000 1.0000 0.0000 0.0000	</row1>
					<row2>	0.0000 0.0000 1.0000 0.0000	</row2>
					<row3>	0.0000 0.0000 -1.4253 1.0000	</row3>
				</transform>
			</node>
			<node>
				<identifier>	HP_FX_Descent_3	</identifier>
				<transform>
					<row0>	1.0000 0.0000 0.0000 0.0000	</row0>
					<row1>	0.0000 1.0000 0.0000 0.0000	</row1>
					<row2>	0.0000 0.0000 1.0000 0.0000	</row2>
					<row3>	0.0000 0.0410 -1.0085 1.0000	</row3>
				</transform>
			</node>
			<node>
				<identifier>	HP_FX_Descent_4	</identifier>
				<transform>
					<row0>	1.0000 0.0000 0.0000 0.0000	</row0>
					<row1>	0.0000 1.0000 0.0000 0.0000	</row1>
					<row2>	0.0000 0.0000 1.0000 0.0000	</row2>
					<row3>	0.0000 0.0410 -1.2554 1.0000	</row3>
				</transform>
			</node>
			<node>
				<identifier>	HP_FX_Descent_7	</identifier>
				<transform>
					<row0>	0.4112 0.9115 0.0000 0.0000	</row0>
					<row1>	-0.9115 0.4112 0.0000 0.0000	</row1>
					<row2>	0.0000 0.0000 1.0000 0.0000	</row2>
					<row3>	-0.1030 0.0384 -0.3902 1.0000	</row3>
				</transform>
			</node>
			<node>
				<identifier>	HP_FX_Descent_8	</identifier>
				<transform>
					<row0>	-0.4112 0.9115 0.0000 0.0000	</row0>
					<row1>	0.9115 0.4112 0.0000 0.0000	</row1>
					<row2>	0.0000 0.0000 -1.0000 0.0000	</row2>
					<row3>	0.0880 0.0440 -1.1544 1.0000	</row3>
				</transform>
			</node>
			<node>
				<identifier>	HP_FX_Flood_water_left	</identifier>
				<transform>
					<row0>	-1.0000 0.0000 0.0000 0.0000	</row0>
					<row1>	0.0000 1.0000 0.0000 0.0000	</row1>
					<row2>	0.0000 0.0000 -1.0000 0.0000	</row2>
					<row3>	-0.0887 0.0444 -0.9589 1.0000	</row3>
				</transform>
			</node>
			<node>
				<identifier>	HP_FX_Flood_water_right	</identifier>
				<transform>
					<row0>	1.0000 0.0000 0.0000 0.0000	</row0>
					<row1>	0.0000 1.0000 0.0000 0.0000	</row1>
					<row2>	0.0000 0.0000 1.0000 0.0000	</row2>
					<row3>	0.0884 0.0441 -0.9578 1.0000	</row3>
				</transform>
			</node>
			<node>
				<identifier>	HP_FX_Runoff_deluge_left_7	</identifier>
				<transform>
					<row0>	-0.9957 0.0890 -0.0266 0.0000	</row0>
					<row1>	0.0890 0.9960 0.0000 0.0000	</row1>
					<row2>	0.0265 -0.0024 -0.9996 0.0000	</row2>
					<row3>	-0.0920 0.0440 -0.7896 1.0000	</row3>
				</transform>
			</node>
			<node>
				<identifier>	HP_FX_Runoff_deluge_left_8	</identifier>
				<transform>
					<row0>	-0.9957 0.0890 -0.0266 0.0000	</row0>
					<row1>	0.0890 0.9960 0.0000 0.0000	</row1>
					<row2>	0.0265 -0.0024 -0.9996 0.0000	</row2>
					<row3>	-0.0880 0.0440 -1.1224 1.0000	</row3>
				</transform>
			</node>
			<node>
				<identifier>	HP_FX_Runoff_deluge_left_9	</identifier>
				<transform>
					<row0>	-0.9957 0.0890 -0.0266 0.0000	</row0>
					<row1>	0.0890 0.9960 0.0000 0.0000	</row1>
					<row2>	0.0265 -0.0024 -0.9996 0.0000	</row2>
					<row3>	-0.0820 0.0440 -1.3923 1.0000	</row3>
				</transform>
			</node>
			<node>
				<identifier>	HP_FX_Runoff_deluge_right_7	</identifier>
				<transform>
					<row0>	0.9957 0.0890 0.0266 0.0000	</row0>
					<row1>	-0.0890 0.9960 0.0000 0.0000	</row1>
					<row2>	-0.0265 -0.0024 0.9996 0.0000	</row2>
					<row3>	0.0920 0.0440 -0.7896 1.0000	</row3>
				</transform>
			</node>
			<node>
				<identifier>	HP_FX_Runoff_deluge_right_8	</identifier>
				<transform>
					<row0>	0.9155 0.4014 0.0266 0.0000	</row0>
					<row1>	-0.4015 0.9158 0.0000 0.0000	</row1>
					<row2>	-0.0244 -0.0107 0.9996 0.0000	</row2>
					<row3>	0.0875 0.0436 -1.1222 1.0000	</row3>
				</transform>
			</node>
			<node>
				<identifier>	HP_FX_Runoff_deluge_right_9	</identifier>
				<transform>
					<row0>	0.9484 0.3162 0.0266 0.0000	</row0>
					<row1>	-0.3162 0.9486 0.0000 0.0000	</row1>
					<row2>	-0.0252 -0.0084 0.9996 0.0000	</row2>
					<row3>	0.0842 0.0443 -1.3921 1.0000	</row3>
				</transform>
			</node>
			<node>
				<identifier>	HP_FX_Runoff_left_2	</identifier>
				<transform>
					<row0>	-0.9401 0.3407 -0.0097 0.0000	</row0>
					<row1>	0.3409 0.9400 -0.0141 0.0000	</row1>
					<row2>	0.0043 -0.0166 -0.9999 0.0000	</row2>
					<row3>	-0.0789 0.0818 -0.8894 1.0000	</row3>
				</transform>
			</node>
			<node>
				<identifier>	HP_FX_Runoff_right_2	</identifier>
				<transform>
					<row0>	0.9401 0.3407 0.0106 0.0000	</row0>
					<row1>	-0.3409 0.9400 0.0138 0.0000	</row1>
					<row2>	-0.0052 -0.0166 0.9998 0.0000	</row2>
					<row3>	0.0790 0.0820 -0.8896 1.0000	</row3>
				</transform>
			</node>
			<node>
				<identifier>	HP_FX_Runoff_up_left_1	</identifier>
				<transform>
					<row0>	-1.0000 0.0000 -0.0083 0.0000	</row0>
					<row1>	0.0000 1.0000 -0.0017 0.0000	</row1>
					<row2>	0.0083 -0.0017 -1.0000 0.0000	</row2>
					<row3>	-0.0730 0.0844 -0.5967 1.0000	</row3>
				</transform>
			</node>
			<node>
				<identifier>	HP_FX_Runoff_up_right_1	</identifier>
				<transform>
					<row0>	0.9997 0.0000 -0.0227 0.0000	</row0>
					<row1>	0.0000 1.0000 0.0017 0.0000	</row1>
					<row2>	0.0227 -0.0017 0.9997 0.0000	</row2>
					<row3>	0.0722 0.0845 -0.5967 1.0000	</row3>
				</transform>
			</node>
			<node>
				<identifier>	HP_Ship_death_2	</identifier>
				<transform>
					<row0>	1.0000 0.0000 0.0000 0.0000	</row0>
					<row1>	0.0000 1.0000 0.0000 0.0000	</row1>
					<row2>	0.0000 0.0000 1.0000 0.0000	</row2>
					<row3>	0.0000 0.0000 -0.3475 1.0000	</row3>
				</transform>
			</node>
			<node>
				<identifier>	HP_flag_nation	</identifier>
				<transform>
					<row0>	1.0000 0.0000 0.0000 0.0000	</row0>
					<row1>	0.0000 0.9096 -0.4154 0.0000	</row1>
					<row2>	0.0000 0.4154 0.9096 0.0000	</row2>
					<row3>	0.0000 0.3629 -0.2026 1.0000	</row3>
				</transform>
			</node>
			<node>
				<identifier>	HP_flag_rank	</identifier>
				<transform>
					<row0>	1.0000 0.0000 0.0000 0.0000	</row0>
					<row1>	0.0000 0.9096 -0.4154 0.0000	</row1>
					<row2>	0.0000 0.4154 0.9096 0.0000	</row2>
					<row3>	0.0000 0.3201 -0.1831 1.0000	</row3>
				</transform>
			</node>
		</node>
	</node>
	<boundingBox>
		<min>	-0.0667 -0.0667 -0.0667	</min>
		<max>	0.0667 0.0667 0.0667	</max>
	</boundingBox>
</GSS001_Type_VII_MidBack_ports.visual>
