<RGM189_380mm_SKC_34_RF_dead.visual>
	<node>
		<identifier>	Scene Root	</identifier>
		<transform>
			<row0>	1.0000 0.0000 0.0000 0.0000	</row0>
			<row1>	0.0000 1.0000 0.0000 0.0000	</row1>
			<row2>	0.0000 0.0000 1.0000 0.0000	</row2>
			<row3>	0.0000 0.0000 0.0000 1.0000	</row3>
		</transform>
		<node>
			<identifier>	Turret_dead	</identifier>
			<transform>
				<row0>	1.0000 0.0000 0.0000 0.0000	</row0>
				<row1>	0.0000 1.0000 0.0000 0.0000	</row1>
				<row2>	0.0000 0.0000 1.0000 0.0000	</row2>
				<row3>	0.0000 0.0000 0.0000 1.0000	</row3>
			</transform>
			<node>
				<identifier>	SP_YMS100_YGBS_M_1	</identifier>
				<transform>
					<row0>	1.0000 0.0000 0.0000 0.0000	</row0>
					<row1>	0.0000 1.4698 -0.2996 0.0000	</row1>
					<row2>	0.0000 0.1997 0.9799 0.0000	</row2>
					<row3>	-0.1251 0.1097 0.3141 1.0000	</row3>
				</transform>
			</node>
			<node>
				<identifier>	SP_YMS100_YGBS_M_1_INDEX_1	</identifier>
				<transform>
					<row0>	1.0000 0.0000 0.0000 0.0000	</row0>
					<row1>	0.0000 1.4975 -0.0866 0.0000	</row1>
					<row2>	0.0000 0.0577 0.9983 0.0000	</row2>
					<row3>	0.1251 0.1058 0.3141 1.0000	</row3>
				</transform>
			</node>
			<node>
				<identifier>	SP_YMS100_YGBS_M_1_INDEX_4	</identifier>
				<transform>
					<row0>	1.2104 0.0000 0.0000 0.0000	</row0>
					<row1>	0.0000 1.3311 0.0000 0.0000	</row1>
					<row2>	0.0000 0.0000 1.2104 0.0000	</row2>
					<row3>	0.1258 0.0861 0.2724 1.0000	</row3>
				</transform>
			</node>
			<node>
				<identifier>	SP_YMS100_YGBS_M_1_INDEX_5	</identifier>
				<transform>
					<row0>	1.2104 0.0000 0.0000 0.0000	</row0>
					<row1>	0.0000 1.3311 0.0000 0.0000	</row1>
					<row2>	0.0000 0.0000 1.2104 0.0000	</row2>
					<row3>	-0.1258 0.0861 0.2724 1.0000	</row3>
				</transform>
			</node>
			<node>
				<identifier>	SP_YMS101_YGCS_M_1_INDEX_1	</identifier>
				<transform>
					<row0>	1.4173 -0.0483 0.0000 0.0000	</row0>
					<row1>	0.0577 1.6906 0.0000 0.0000	</row1>
					<row2>	0.0000 0.0000 1.4852 0.0000	</row2>
					<row3>	-0.1251 0.0064 0.4347 1.0000	</row3>
				</transform>
			</node>
			<node>
				<identifier>	SP_YMS101_YGCS_M_1_INDEX_3	</identifier>
				<transform>
					<row0>	1.4169 0.0598 0.0000 0.0000	</row0>
					<row1>	-0.0713 1.6888 0.0653 0.0000	</row1>
					<row2>	0.0024 -0.0573 1.4841 0.0000	</row2>
					<row3>	0.1251 0.0058 0.4346 1.0000	</row3>
				</transform>
			</node>
			<node>
				<identifier>	SP_YMS102_YGFL_M_1_INDEX_1	</identifier>
				<transform>
					<row0>	0.9997 -0.0239 0.0000 0.0000	</row0>
					<row1>	0.0239 0.9997 0.0000 0.0000	</row1>
					<row2>	0.0000 0.0000 1.0000 0.0000	</row2>
					<row3>	0.2739 0.2354 -0.2488 1.0000	</row3>
				</transform>
			</node>
			<node>
				<identifier>	SP_YMS103_YGFR_M_1_INDEX_1	</identifier>
				<transform>
					<row0>	0.9985 0.0189 -0.0513 0.0000	</row0>
					<row1>	-0.0189 0.9998 0.0010 0.0000	</row1>
					<row2>	0.0513 0.0000 0.9987 0.0000	</row2>
					<row3>	-0.2701 0.2347 -0.2488 1.0000	</row3>
				</transform>
			</node>
			<node>
				<identifier>	SP_YMS104_YGRS_M_1_INDEX_2	</identifier>
				<transform>
					<row0>	1.0000 0.0000 0.0000 0.0000	</row0>
					<row1>	0.0000 0.9985 -0.0555 0.0000	</row1>
					<row2>	0.0000 0.0555 0.9985 0.0000	</row2>
					<row3>	0.1251 0.1471 1.1961 1.0000	</row3>
				</transform>
			</node>
			<node>
				<identifier>	SP_YMS104_YGRS_M_1_INDEX_3	</identifier>
				<transform>
					<row0>	1.0000 0.0000 0.0000 0.0000	</row0>
					<row1>	0.0000 0.9885 -0.1510 0.0000	</row1>
					<row2>	0.0000 0.1510 0.9885 0.0000	</row2>
					<row3>	-0.1251 0.2403 1.1866 1.0000	</row3>
				</transform>
			</node>
			<node>
				<identifier>	SP_YMS105_YGLC_M_1_INDEX_1	</identifier>
				<transform>
					<row0>	-1.0000 0.0000 0.0000 0.0000	</row0>
					<row1>	0.0000 1.0000 0.0000 0.0000	</row1>
					<row2>	0.0000 0.0000 -1.0000 0.0000	</row2>
					<row3>	0.0000 0.2438 -0.2631 1.0000	</row3>
				</transform>
			</node>
			<node>
				<identifier>	SP_YMS106_YGLL_M_1	</identifier>
				<transform>
					<row0>	0.9965 -0.0830 0.0049 0.0000	</row0>
					<row1>	0.0830 0.9965 0.0004 0.0000	</row1>
					<row2>	-0.0049 0.0000 1.0000 0.0000	</row2>
					<row3>	-0.2842 0.0879 -0.0403 1.0000	</row3>
				</transform>
			</node>
			<node>
				<identifier>	SP_YMS107_YGLR_M_1_INDEX_1	</identifier>
				<transform>
					<row0>	0.9975 0.0000 0.0711 0.0000	</row0>
					<row1>	0.0000 1.0000 0.0000 0.0000	</row1>
					<row2>	-0.0711 0.0000 0.9975 0.0000	</row2>
					<row3>	0.2903 0.0896 -0.0401 1.0000	</row3>
				</transform>
			</node>
		</node>
	</node>
	<renderSet>
		<treatAsWorldSpaceObject>	false	</treatAsWorldSpaceObject>
		<node>	Turret_dead	</node>
		<geometry>
			<vertices>	Turret_deadShape.vertices	</vertices>
			<primitive>	Turret_deadShape.indices	</primitive>
			<primitiveGroup>	0
				<material>
					<identifier>	TL2_SHIPMAT_PBS_GunDead	</identifier>
					<mfm>	PnFMods/ModsSDK.zip/RSC710_Sevastopol/gun/RGM189_380mm_SKC_34_RF_dead.mfm	</mfm>
				</material>
			</primitiveGroup>
		</geometry>
	</renderSet>
	<boundingBox>
		<min>	-0.3702 -0.1147 -0.5918	</min>
		<max>	0.3702 0.3163 1.2664	</max>
	</boundingBox>
</RGM189_380mm_SKC_34_RF_dead.visual>
