<ASB008_Colorado_1945_MidBack_ports.visual>
	<node>
		<identifier>	Scene Root	</identifier>
		<transform>
			<row0>	1.0000 0.0000 0.0000 0.0000	</row0>
			<row1>	0.0000 1.0000 0.0000 0.0000	</row1>
			<row2>	0.0000 0.0000 1.0000 0.0000	</row2>
			<row3>	0.0000 0.0000 0.0000 1.0000	</row3>
		</transform>
		<node>
			<identifier>	MidBack_ports	</identifier>
			<transform>
				<row0>	1.0000 0.0000 0.0000 0.0000	</row0>
				<row1>	0.0000 1.0000 0.0000 0.0000	</row1>
				<row2>	0.0000 0.0000 1.0000 0.0000	</row2>
				<row3>	0.0000 0.0000 0.0000 1.0000	</row3>
			</transform>
			<node>
				<identifier>	HP_AD_14	</identifier>
				<transform>
					<row0>	-1.0000 0.0000 0.0000 0.0000	</row0>
					<row1>	0.0000 1.0000 0.0000 0.0000	</row1>
					<row2>	0.0000 0.0000 -1.0000 0.0000	</row2>
					<row3>	0.0000 1.2771 -1.7307 1.0000	</row3>
				</transform>
			</node>
			<node>
				<identifier>	HP_AD_15	</identifier>
				<transform>
					<row0>	-0.7071 0.0000 0.7071 0.0000	</row0>
					<row1>	0.0000 1.0000 0.0000 0.0000	</row1>
					<row2>	-0.7071 0.0000 -0.7071 0.0000	</row2>
					<row3>	-0.1440 1.0231 -1.9048 1.0000	</row3>
				</transform>
			</node>
			<node>
				<identifier>	HP_AD_16	</identifier>
				<transform>
					<row0>	-0.7071 0.0000 -0.7071 0.0000	</row0>
					<row1>	0.0000 1.0000 0.0000 0.0000	</row1>
					<row2>	0.7071 0.0000 -0.7071 0.0000	</row2>
					<row3>	0.1440 1.0231 -1.9048 1.0000	</row3>
				</transform>
			</node>
			<node>
				<identifier>	HP_AGA_34	</identifier>
				<transform>
					<row0>	0.0000 0.0000 1.0000 0.0000	</row0>
					<row1>	0.0000 1.0000 0.0000 0.0000	</row1>
					<row2>	-1.0000 0.0000 0.0000 0.0000	</row2>
					<row3>	-0.4253 0.5175 -1.2879 1.0000	</row3>
				</transform>
			</node>
			<node>
				<identifier>	HP_AGA_35	</identifier>
				<transform>
					<row0>	0.0000 0.0000 -1.0000 0.0000	</row0>
					<row1>	0.0000 1.0000 0.0000 0.0000	</row1>
					<row2>	1.0000 0.0000 0.0000 0.0000	</row2>
					<row3>	0.4253 0.5175 -1.2879 1.0000	</row3>
				</transform>
			</node>
			<node>
				<identifier>	HP_AGA_36	</identifier>
				<transform>
					<row0>	0.0000 0.0000 1.0000 0.0000	</row0>
					<row1>	0.0000 1.0000 0.0000 0.0000	</row1>
					<row2>	-1.0000 0.0000 0.0000 0.0000	</row2>
					<row3>	-0.6156 0.3596 -1.6385 1.0000	</row3>
				</transform>
			</node>
			<node>
				<identifier>	HP_AGA_37	</identifier>
				<transform>
					<row0>	0.0000 0.0000 -1.0000 0.0000	</row0>
					<row1>	0.0000 1.0000 0.0000 0.0000	</row1>
					<row2>	1.0000 0.0000 0.0000 0.0000	</row2>
					<row3>	0.6156 0.3596 -1.6385 1.0000	</row3>
				</transform>
			</node>
			<node>
				<identifier>	HP_AGA_38	</identifier>
				<transform>
					<row0>	-1.0000 0.0000 0.0000 0.0000	</row0>
					<row1>	0.0000 1.0000 0.0000 0.0000	</row1>
					<row2>	0.0000 0.0000 -1.0000 0.0000	</row2>
					<row3>	0.0000 1.0243 -1.9411 1.0000	</row3>
				</transform>
			</node>
			<node>
				<identifier>	HP_AGA_39	</identifier>
				<transform>
					<row0>	0.0000 0.0000 1.0000 0.0000	</row0>
					<row1>	0.0000 1.0000 0.0000 0.0000	</row1>
					<row2>	-1.0000 0.0000 0.0000 0.0000	</row2>
					<row3>	-0.7071 0.2959 -2.1377 1.0000	</row3>
				</transform>
			</node>
			<node>
				<identifier>	HP_AGA_40	</identifier>
				<transform>
					<row0>	0.0000 0.0000 -1.0000 0.0000	</row0>
					<row1>	0.0000 1.0000 0.0000 0.0000	</row1>
					<row2>	1.0000 0.0000 0.0000 0.0000	</row2>
					<row3>	0.7071 0.2959 -2.1377 1.0000	</row3>
				</transform>
			</node>
			<node>
				<identifier>	HP_AGA_41	</identifier>
				<transform>
					<row0>	0.0000 0.0000 1.0000 0.0000	</row0>
					<row1>	0.0000 1.0000 0.0000 0.0000	</row1>
					<row2>	-1.0000 0.0000 0.0000 0.0000	</row2>
					<row3>	-0.6426 0.2959 -2.2832 1.0000	</row3>
				</transform>
			</node>
			<node>
				<identifier>	HP_AGA_42	</identifier>
				<transform>
					<row0>	0.0000 0.0000 -1.0000 0.0000	</row0>
					<row1>	0.0000 1.0000 0.0000 0.0000	</row1>
					<row2>	1.0000 0.0000 0.0000 0.0000	</row2>
					<row3>	0.6426 0.2959 -2.2832 1.0000	</row3>
				</transform>
			</node>
			<node>
				<identifier>	HP_AGA_43	</identifier>
				<transform>
					<row0>	0.0000 0.0000 1.0000 0.0000	</row0>
					<row1>	0.0000 1.0000 0.0000 0.0000	</row1>
					<row2>	-1.0000 0.0000 0.0000 0.0000	</row2>
					<row3>	-0.5766 0.2959 -2.4268 1.0000	</row3>
				</transform>
			</node>
			<node>
				<identifier>	HP_AGA_44	</identifier>
				<transform>
					<row0>	0.0000 0.0000 -1.0000 0.0000	</row0>
					<row1>	0.0000 1.0000 0.0000 0.0000	</row1>
					<row2>	1.0000 0.0000 0.0000 0.0000	</row2>
					<row3>	0.5766 0.2959 -2.4268 1.0000	</row3>
				</transform>
			</node>
			<node>
				<identifier>	HP_AGM_3	</identifier>
				<transform>
					<row0>	-1.0000 0.0000 0.0000 0.0000	</row0>
					<row1>	0.0000 1.0000 0.0000 0.0000	</row1>
					<row2>	0.0000 0.0000 -1.0000 0.0000	</row2>
					<row3>	0.0000 0.5987 -2.5266 1.0000	</row3>
				</transform>
			</node>
			<node>
				<identifier>	HP_AGM_4	</identifier>
				<transform>
					<row0>	-1.0000 0.0000 0.0000 0.0000	</row0>
					<row1>	0.0000 1.0000 0.0000 0.0000	</row1>
					<row2>	0.0000 0.0000 -1.0000 0.0000	</row2>
					<row3>	0.0000 0.3669 -3.4715 1.0000	</row3>
				</transform>
			</node>
			<node>
				<identifier>	HP_ARS_3	</identifier>
				<transform>
					<row0>	1.0000 0.0000 0.0000 0.0000	</row0>
					<row1>	0.0000 1.0000 0.0000 0.0000	</row1>
					<row2>	0.0000 0.0000 1.0000 0.0000	</row2>
					<row3>	0.0000 2.0620 -1.3431 1.0000	</row3>
				</transform>
			</node>
			<node>
				<identifier>	HP_FX_Death_3	</identifier>
				<transform>
					<row0>	1.0000 0.0000 0.0000 0.0000	</row0>
					<row1>	0.0000 1.0000 0.0000 0.0000	</row1>
					<row2>	0.0000 0.0000 1.0000 0.0000	</row2>
					<row3>	0.0000 0.0000 -4.0203 1.0000	</row3>
				</transform>
			</node>
			<node>
				<identifier>	HP_FX_Fire_3	</identifier>
				<transform>
					<row0>	1.0000 0.0000 0.0000 0.0000	</row0>
					<row1>	0.0000 1.0000 0.0000 0.0000	</row1>
					<row2>	0.0000 0.0000 1.0000 0.0000	</row2>
					<row3>	0.0000 0.3578 -1.6092 1.0000	</row3>
				</transform>
			</node>
			<node>
				<identifier>	HP_FX_Fire_3_side_1	</identifier>
				<transform>
					<row0>	0.9981 0.0000 -0.0623 0.0000	</row0>
					<row1>	0.0000 1.0000 0.0000 0.0000	</row1>
					<row2>	0.0623 0.0000 0.9981 0.0000	</row2>
					<row3>	0.6955 0.3373 -2.1479 1.0000	</row3>
				</transform>
			</node>
			<node>
				<identifier>	HP_FX_Fire_3_side_2	</identifier>
				<transform>
					<row0>	1.0000 0.0000 0.0000 0.0000	</row0>
					<row1>	0.0000 1.0000 0.0000 0.0000	</row1>
					<row2>	0.0000 0.0000 1.0000 0.0000	</row2>
					<row3>	-0.7803 0.3121 -3.0642 1.0000	</row3>
				</transform>
			</node>
			<node>
				<identifier>	HP_FX_RepairLight_left_2	</identifier>
				<transform>
					<row0>	-0.1143 0.0081 0.9934 0.0000	</row0>
					<row1>	-0.0161 0.9998 -0.0101 0.0000	</row1>
					<row2>	-0.9933 -0.0172 -0.1141 0.0000	</row2>
					<row3>	-0.9728 0.2035 -2.5822 1.0000	</row3>
				</transform>
			</node>
			<node>
				<identifier>	HP_Ship_death_2	</identifier>
				<transform>
					<row0>	1.0000 0.0000 0.0000 0.0000	</row0>
					<row1>	0.0000 1.0000 0.0000 0.0000	</row1>
					<row2>	0.0000 0.0000 1.0000 0.0000	</row2>
					<row3>	0.0000 0.0000 -1.1879 1.0000	</row3>
				</transform>
			</node>
			<node>
				<identifier>	HP_flag_courtesy	</identifier>
				<transform>
					<row0>	1.0000 0.0004 0.0000 0.0000	</row0>
					<row1>	-0.0004 0.9989 -0.0473 0.0000	</row1>
					<row2>	0.0000 0.0473 0.9989 0.0000	</row2>
					<row3>	0.2387 1.8676 -1.3431 1.0000	</row3>
				</transform>
			</node>
			<node>
				<identifier>	HP_flag_house	</identifier>
				<transform>
					<row0>	1.0000 -0.0004 0.0000 0.0000	</row0>
					<row1>	0.0004 0.9989 -0.0473 0.0000	</row1>
					<row2>	0.0000 0.0473 0.9989 0.0000	</row2>
					<row3>	-0.2387 1.8676 -1.3431 1.0000	</row3>
				</transform>
			</node>
			<node>
				<identifier>	HP_flag_nation	</identifier>
				<transform>
					<row0>	1.0000 -0.0021 -0.0087 0.0000	</row0>
					<row1>	-0.0018 0.9033 -0.4290 0.0000	</row1>
					<row2>	0.0087 0.4290 0.9033 0.0000	</row2>
					<row3>	-0.0005 1.8705 -1.6964 1.0000	</row3>
				</transform>
			</node>
			<node>
				<identifier>	MP_AM006_Reels_1	</identifier>
				<transform>
					<row0>	0.1711 0.0000 0.9853 0.0000	</row0>
					<row1>	0.9853 0.0000 -0.1711 0.0000	</row1>
					<row2>	0.0000 1.0000 0.0000 0.0000	</row2>
					<row3>	0.3257 0.4352 -2.5867 1.0000	</row3>
				</transform>
			</node>
			<node>
				<identifier>	MP_AM006_Reels_1_INDEX_1	</identifier>
				<transform>
					<row0>	0.1711 0.0000 -0.9853 0.0000	</row0>
					<row1>	-0.9853 0.0000 -0.1711 0.0000	</row1>
					<row2>	0.0000 1.0000 0.0000 0.0000	</row2>
					<row3>	-0.3257 0.4352 -2.5867 1.0000	</row3>
				</transform>
			</node>
			<node>
				<identifier>	MP_AM006_Reels_1_INDEX_2	</identifier>
				<transform>
					<row0>	1.0000 0.0000 0.0000 0.0000	</row0>
					<row1>	0.0000 1.0000 0.0000 0.0000	</row1>
					<row2>	0.0000 0.0000 1.0000 0.0000	</row2>
					<row3>	0.2059 0.2959 -3.8027 1.0000	</row3>
				</transform>
			</node>
			<node>
				<identifier>	MP_AM006_Reels_1_INDEX_3	</identifier>
				<transform>
					<row0>	1.0000 0.0000 0.0000 0.0000	</row0>
					<row1>	0.0000 1.0000 0.0000 0.0000	</row1>
					<row2>	0.0000 0.0000 1.0000 0.0000	</row2>
					<row3>	-0.2059 0.2959 -3.8027 1.0000	</row3>
				</transform>
			</node>
			<node>
				<identifier>	MP_AM020_Ventilators_2	</identifier>
				<transform>
					<row0>	0.7000 0.0000 0.0000 0.0000	</row0>
					<row1>	0.0000 0.7000 0.0000 0.0000	</row1>
					<row2>	0.0000 0.0000 0.7000 0.0000	</row2>
					<row3>	-0.3569 0.2954 -2.8158 1.0000	</row3>
				</transform>
			</node>
			<node>
				<identifier>	MP_AM020_Ventilators_2_INDEX_1	</identifier>
				<transform>
					<row0>	0.7000 0.0000 0.0000 0.0000	</row0>
					<row1>	0.0000 0.7000 0.0000 0.0000	</row1>
					<row2>	0.0000 0.0000 0.7000 0.0000	</row2>
					<row3>	0.3569 0.2954 -2.8158 1.0000	</row3>
				</transform>
			</node>
			<node>
				<identifier>	MP_AM023_Hatch_1	</identifier>
				<transform>
					<row0>	1.2000 0.0000 0.0000 0.0000	</row0>
					<row1>	0.0000 1.2000 0.0000 0.0000	</row1>
					<row2>	0.0000 0.0000 1.2000 0.0000	</row2>
					<row3>	0.0000 0.2956 -3.0850 1.0000	</row3>
				</transform>
			</node>
			<node>
				<identifier>	MP_AM029_Ammunition_Box3	</identifier>
				<transform>
					<row0>	0.8525 0.0000 -0.4192 0.0000	</row0>
					<row1>	0.0000 0.8000 0.0000 0.0000	</row1>
					<row2>	0.4192 0.0000 0.8525 0.0000	</row2>
					<row3>	0.7831 0.2958 -1.9995 1.0000	</row3>
				</transform>
			</node>
			<node>
				<identifier>	MP_AM029_Ammunition_Box3_INDEX_1	</identifier>
				<transform>
					<row0>	0.8599 0.0000 -0.4039 0.0000	</row0>
					<row1>	0.0000 0.8000 0.0000 0.0000	</row1>
					<row2>	0.4039 0.0000 0.8599 0.0000	</row2>
					<row3>	0.5138 0.2958 -2.5739 1.0000	</row3>
				</transform>
			</node>
			<node>
				<identifier>	MP_AM029_Ammunition_Box3_INDEX_2	</identifier>
				<transform>
					<row0>	0.8599 0.0000 0.4039 0.0000	</row0>
					<row1>	0.0000 0.8000 0.0000 0.0000	</row1>
					<row2>	-0.4039 0.0000 0.8599 0.0000	</row2>
					<row3>	-0.5138 0.2958 -2.5739 1.0000	</row3>
				</transform>
			</node>
			<node>
				<identifier>	MP_AM029_Ammunition_Box3_INDEX_3	</identifier>
				<transform>
					<row0>	0.8525 0.0000 0.4192 0.0000	</row0>
					<row1>	0.0000 0.8000 0.0000 0.0000	</row1>
					<row2>	-0.4192 0.0000 0.8525 0.0000	</row2>
					<row3>	-0.7831 0.2958 -1.9995 1.0000	</row3>
				</transform>
			</node>
			<node>
				<identifier>	MP_AM043_Aircraft_Deck_Cradle	</identifier>
				<transform>
					<row0>	1.0787 0.0000 -0.1031 0.0000	</row0>
					<row1>	0.0000 1.0000 0.0000 0.0000	</row1>
					<row2>	0.0951 0.0000 0.9955 0.0000	</row2>
					<row3>	0.7427 0.3009 -2.6700 1.0000	</row3>
				</transform>
			</node>
			<node>
				<identifier>	MP_AM043_Aircraft_Deck_Cradle_INDEX_1	</identifier>
				<transform>
					<row0>	1.0787 0.0000 0.1031 0.0000	</row0>
					<row1>	0.0000 1.0000 0.0000 0.0000	</row1>
					<row2>	-0.0951 0.0000 0.9955 0.0000	</row2>
					<row3>	-0.7427 0.3009 -2.6700 1.0000	</row3>
				</transform>
			</node>
			<node>
				<identifier>	MP_AM062_IFF_Antenna	</identifier>
				<transform>
					<row0>	0.0000 0.0000 -0.7000 0.0000	</row0>
					<row1>	0.0000 0.7000 0.0000 0.0000	</row1>
					<row2>	0.7000 0.0000 0.0000 0.0000	</row2>
					<row3>	0.2878 1.8870 -1.3430 1.0000	</row3>
				</transform>
			</node>
			<node>
				<identifier>	MP_AM068_Hatch_3	</identifier>
				<transform>
					<row0>	-1.0000 0.0000 0.0000 0.0000	</row0>
					<row1>	0.0000 1.0000 0.0000 0.0000	</row1>
					<row2>	0.0000 0.0000 -1.0000 0.0000	</row2>
					<row3>	0.3995 0.2933 -2.3020 1.0000	</row3>
				</transform>
			</node>
			<node>
				<identifier>	MP_AM068_Hatch_3_INDEX_1	</identifier>
				<transform>
					<row0>	-1.0000 0.0000 0.0000 0.0000	</row0>
					<row1>	0.0000 1.0000 0.0000 0.0000	</row1>
					<row2>	0.0000 0.0000 -1.0000 0.0000	</row2>
					<row3>	-0.3995 0.2933 -2.3020 1.0000	</row3>
				</transform>
			</node>
			<node>
				<identifier>	MP_AM100_Spare_barrel_tube	</identifier>
				<transform>
					<row0>	-0.3683 -0.7794 -0.5069 0.0000	</row0>
					<row1>	-0.4582 0.6266 -0.6305 0.0000	</row1>
					<row2>	0.8090 0.0000 -0.5879 0.0000	</row2>
					<row3>	-0.2873 0.3091 -2.3434 1.0000	</row3>
				</transform>
			</node>
			<node>
				<identifier>	MP_AM100_Spare_barrel_tube_INDEX_1	</identifier>
				<transform>
					<row0>	-0.3542 -0.7981 0.4874 0.0000	</row0>
					<row1>	-0.4692 0.6025 0.6456 0.0000	</row1>
					<row2>	-0.8090 0.0000 -0.5879 0.0000	</row2>
					<row3>	0.2873 0.3091 -2.3434 1.0000	</row3>
				</transform>
			</node>
			<node>
				<identifier>	MP_AM100_Spare_barrel_tube_INDEX_2	</identifier>
				<transform>
					<row0>	-0.2120 -0.7981 0.5640 0.0000	</row0>
					<row1>	-0.2808 0.6025 0.7471 0.0000	</row1>
					<row2>	-0.9361 0.0000 -0.3518 0.0000	</row2>
					<row3>	0.3155 0.3091 -2.4007 1.0000	</row3>
				</transform>
			</node>
			<node>
				<identifier>	MP_AM100_Spare_barrel_tube_INDEX_3	</identifier>
				<transform>
					<row0>	-0.2204 -0.7794 -0.5865 0.0000	</row0>
					<row1>	-0.2742 0.6266 -0.7296 0.0000	</row1>
					<row2>	0.9361 0.0000 -0.3518 0.0000	</row2>
					<row3>	-0.3155 0.3091 -2.4007 1.0000	</row3>
				</transform>
			</node>
			<node>
				<identifier>	MP_AM101_Cooling_tube	</identifier>
				<transform>
					<row0>	-0.1545 0.9119 -0.3803 0.0000	</row0>
					<row1>	0.3432 0.4105 0.8448 0.0000	</row1>
					<row2>	0.9265 0.0000 -0.3764 0.0000	</row2>
					<row3>	-0.3251 0.3501 -2.4232 1.0000	</row3>
				</transform>
			</node>
			<node>
				<identifier>	MP_AM101_Cooling_tube_INDEX_1	</identifier>
				<transform>
					<row0>	-0.1553 0.9109 0.3823 0.0000	</row0>
					<row1>	0.3428 0.4126 -0.8439 0.0000	</row1>
					<row2>	-0.9265 0.0000 -0.3764 0.0000	</row2>
					<row3>	0.3035 0.3501 -2.3723 1.0000	</row3>
				</transform>
			</node>
			<node>
				<identifier>	MP_AM101_Cooling_tube_INDEX_2	</identifier>
				<transform>
					<row0>	-0.1545 0.9119 -0.3803 0.0000	</row0>
					<row1>	0.3432 0.4105 0.8448 0.0000	</row1>
					<row2>	0.9265 0.0000 -0.3764 0.0000	</row2>
					<row3>	-0.3028 0.3501 -2.3695 1.0000	</row3>
				</transform>
			</node>
			<node>
				<identifier>	MP_AM101_Cooling_tube_INDEX_3	</identifier>
				<transform>
					<row0>	-0.1553 0.9109 0.3823 0.0000	</row0>
					<row1>	0.3428 0.4126 -0.8439 0.0000	</row1>
					<row2>	-0.9265 0.0000 -0.3764 0.0000	</row2>
					<row3>	0.3251 0.3501 -2.4232 1.0000	</row3>
				</transform>
			</node>
			<node>
				<identifier>	MP_AM116_Boat_Winch_2	</identifier>
				<transform>
					<row0>	0.0000 0.0000 1.0000 0.0000	</row0>
					<row1>	0.0000 1.0000 0.0000 0.0000	</row1>
					<row2>	-1.0000 0.0000 0.0000 0.0000	</row2>
					<row3>	0.5719 0.2963 -1.9243 1.0000	</row3>
				</transform>
			</node>
			<node>
				<identifier>	MP_AM116_Boat_Winch_2_INDEX_1	</identifier>
				<transform>
					<row0>	0.0000 0.0000 1.0000 0.0000	</row0>
					<row1>	0.0000 1.0000 0.0000 0.0000	</row1>
					<row2>	-1.0000 0.0000 0.0000 0.0000	</row2>
					<row3>	-0.5719 0.2963 -1.9243 1.0000	</row3>
				</transform>
			</node>
			<node>
				<identifier>	MP_AM129_Turtles_box	</identifier>
				<transform>
					<row0>	-0.3420 0.0000 0.9397 0.0000	</row0>
					<row1>	0.0000 1.0000 0.0000 0.0000	</row1>
					<row2>	-0.9397 0.0000 -0.3420 0.0000	</row2>
					<row3>	-0.3204 0.3198 -2.6272 1.0000	</row3>
				</transform>
			</node>
			<node>
				<identifier>	MP_AM129_Turtles_box_INDEX_1	</identifier>
				<transform>
					<row0>	-0.3420 0.0000 -0.9397 0.0000	</row0>
					<row1>	0.0000 1.0000 0.0000 0.0000	</row1>
					<row2>	0.9397 0.0000 -0.3420 0.0000	</row2>
					<row3>	0.3204 0.3198 -2.6272 1.0000	</row3>
				</transform>
			</node>
			<node>
				<identifier>	MP_AM129_Turtles_box_INDEX_2	</identifier>
				<transform>
					<row0>	-0.9828 0.0000 0.1846 0.0000	</row0>
					<row1>	0.0000 1.0000 0.0000 0.0000	</row1>
					<row2>	-0.1846 0.0000 -0.9828 0.0000	</row2>
					<row3>	-0.0221 1.0477 -1.8225 1.0000	</row3>
				</transform>
			</node>
			<node>
				<identifier>	MP_AM141_Hatch_6	</identifier>
				<transform>
					<row0>	0.0000 0.0000 0.8000 0.0000	</row0>
					<row1>	0.0000 0.3000 0.0000 0.0000	</row1>
					<row2>	-0.8000 0.0000 0.0000 0.0000	</row2>
					<row3>	-0.1871 1.0837 -1.4497 1.0000	</row3>
				</transform>
			</node>
			<node>
				<identifier>	MP_AM141_Hatch_6_INDEX_1	</identifier>
				<transform>
					<row0>	0.0000 0.0000 0.8000 0.0000	</row0>
					<row1>	0.0000 0.3000 0.0000 0.0000	</row1>
					<row2>	-0.8000 0.0000 0.0000 0.0000	</row2>
					<row3>	0.0000 1.8936 -1.3120 1.0000	</row3>
				</transform>
			</node>
			<node>
				<identifier>	MP_AM141_Hatch_6_INDEX_2	</identifier>
				<transform>
					<row0>	1.0000 0.0000 0.0000 0.0000	</row0>
					<row1>	0.0000 0.3000 0.0000 0.0000	</row1>
					<row2>	0.0000 0.0000 1.0000 0.0000	</row2>
					<row3>	-0.1352 1.1402 -1.6393 1.0000	</row3>
				</transform>
			</node>
			<node>
				<identifier>	MP_AM141_Hatch_6_INDEX_3	</identifier>
				<transform>
					<row0>	1.0000 0.0000 0.0000 0.0000	</row0>
					<row1>	0.0000 0.3000 0.0000 0.0000	</row1>
					<row2>	0.0000 0.0000 1.0000 0.0000	</row2>
					<row3>	0.1352 1.1402 -1.6393 1.0000	</row3>
				</transform>
			</node>
			<node>
				<identifier>	MP_AM141_Hatch_6_INDEX_4	</identifier>
				<transform>
					<row0>	0.0000 0.0000 -0.8000 0.0000	</row0>
					<row1>	0.0000 0.3000 0.0000 0.0000	</row1>
					<row2>	0.8000 0.0000 0.0000 0.0000	</row2>
					<row3>	0.1871 1.0837 -1.4497 1.0000	</row3>
				</transform>
			</node>
			<node>
				<identifier>	MP_AM157_Telephone	</identifier>
				<transform>
					<row0>	1.0000 0.0000 0.0000 0.0000	</row0>
					<row1>	0.0000 1.0000 0.0000 0.0000	</row1>
					<row2>	0.0000 0.0000 1.0000 0.0000	</row2>
					<row3>	0.0859 1.0843 -1.8002 1.0000	</row3>
				</transform>
			</node>
			<node>
				<identifier>	MP_AM157_Telephone_INDEX_1	</identifier>
				<transform>
					<row0>	1.0000 0.0000 0.0000 0.0000	</row0>
					<row1>	0.0000 1.0000 0.0000 0.0000	</row1>
					<row2>	0.0000 0.0000 1.0000 0.0000	</row2>
					<row3>	-0.1328 1.0843 -1.8002 1.0000	</row3>
				</transform>
			</node>
			<node>
				<identifier>	MP_AM157_Telephone_INDEX_2	</identifier>
				<transform>
					<row0>	0.0000 0.0000 1.0000 0.0000	</row0>
					<row1>	0.0000 1.0000 0.0000 0.0000	</row1>
					<row2>	-1.0000 0.0000 0.0000 0.0000	</row2>
					<row3>	-0.3145 0.9931 -1.5856 1.0000	</row3>
				</transform>
			</node>
			<node>
				<identifier>	MP_AM157_Telephone_INDEX_3	</identifier>
				<transform>
					<row0>	0.0000 0.0000 -1.0000 0.0000	</row0>
					<row1>	0.0000 1.0000 0.0000 0.0000	</row1>
					<row2>	1.0000 0.0000 0.0000 0.0000	</row2>
					<row3>	0.3145 0.9931 -1.5856 1.0000	</row3>
				</transform>
			</node>
			<node>
				<identifier>	MP_AM164_Signal_Lamp_4	</identifier>
				<transform>
					<row0>	0.0000 0.0000 -1.0000 0.0000	</row0>
					<row1>	0.0000 1.0000 0.0000 0.0000	</row1>
					<row2>	1.0000 0.0000 0.0000 0.0000	</row2>
					<row3>	0.1995 1.2359 -1.7065 1.0000	</row3>
				</transform>
			</node>
			<node>
				<identifier>	MP_AM164_Signal_Lamp_4_INDEX_1	</identifier>
				<transform>
					<row0>	0.0000 0.0000 1.0000 0.0000	</row0>
					<row1>	0.0000 1.0000 0.0000 0.0000	</row1>
					<row2>	-1.0000 0.0000 0.0000 0.0000	</row2>
					<row3>	-0.1995 1.2359 -1.7065 1.0000	</row3>
				</transform>
			</node>
			<node>
				<identifier>	MP_AM164_Signal_Lamp_4_INDEX_2	</identifier>
				<transform>
					<row0>	0.0000 0.0000 1.0000 0.0000	</row0>
					<row1>	0.0000 1.0000 0.0000 0.0000	</row1>
					<row2>	-1.0000 0.0000 0.0000 0.0000	</row2>
					<row3>	-0.3355 0.9973 -1.6133 1.0000	</row3>
				</transform>
			</node>
			<node>
				<identifier>	MP_AM164_Signal_Lamp_4_INDEX_3	</identifier>
				<transform>
					<row0>	0.0000 0.0000 -1.0000 0.0000	</row0>
					<row1>	0.0000 1.0000 0.0000 0.0000	</row1>
					<row2>	1.0000 0.0000 0.0000 0.0000	</row2>
					<row3>	0.3355 0.9973 -1.6133 1.0000	</row3>
				</transform>
			</node>
			<node>
				<identifier>	MP_AM173_Insulator_1	</identifier>
				<transform>
					<row0>	0.5000 0.0000 0.0000 0.0000	</row0>
					<row1>	0.0000 0.0000 0.5000 0.0000	</row1>
					<row2>	0.0000 -0.5000 0.0000 0.0000	</row2>
					<row3>	0.0000 0.8184 -1.4763 1.0000	</row3>
				</transform>
			</node>
			<node>
				<identifier>	MP_AM173_Insulator_1_INDEX_1	</identifier>
				<transform>
					<row0>	0.0000 -0.5000 0.0000 0.0000	</row0>
					<row1>	0.0000 0.0000 0.5000 0.0000	</row1>
					<row2>	-0.5000 0.0000 0.0000 0.0000	</row2>
					<row3>	0.3069 0.9355 -1.4763 1.0000	</row3>
				</transform>
			</node>
			<node>
				<identifier>	MP_AM173_Insulator_1_INDEX_2	</identifier>
				<transform>
					<row0>	0.0000 0.5000 0.0000 0.0000	</row0>
					<row1>	0.0000 0.0000 0.5000 0.0000	</row1>
					<row2>	0.5000 0.0000 0.0000 0.0000	</row2>
					<row3>	-0.3069 0.9355 -1.4763 1.0000	</row3>
				</transform>
			</node>
			<node>
				<identifier>	MP_AM173_Insulator_1_INDEX_3	</identifier>
				<transform>
					<row0>	0.0000 0.0000 0.5000 0.0000	</row0>
					<row1>	0.0000 0.5000 0.0000 0.0000	</row1>
					<row2>	-0.5000 0.0000 0.0000 0.0000	</row2>
					<row3>	0.1354 0.4629 -1.9962 1.0000	</row3>
				</transform>
			</node>
			<node>
				<identifier>	MP_AM200_Screened_speed_light	</identifier>
				<transform>
					<row0>	0.7000 0.0000 0.0000 0.0000	</row0>
					<row1>	0.0000 0.7000 0.0000 0.0000	</row1>
					<row2>	0.0000 0.0000 0.7000 0.0000	</row2>
					<row3>	0.0000 1.0695 -2.0369 1.0000	</row3>
				</transform>
			</node>
			<node>
				<identifier>	MP_AM219_Bollard	</identifier>
				<transform>
					<row0>	0.9995 0.0000 -0.0329 0.0000	</row0>
					<row1>	0.0000 1.0000 0.0000 0.0000	</row1>
					<row2>	0.0329 0.0000 0.9995 0.0000	</row2>
					<row3>	0.8868 0.2968 -1.9181 1.0000	</row3>
				</transform>
			</node>
			<node>
				<identifier>	MP_AM219_Bollard_INDEX_1	</identifier>
				<transform>
					<row0>	0.9995 0.0000 0.0329 0.0000	</row0>
					<row1>	0.0000 1.0000 0.0000 0.0000	</row1>
					<row2>	-0.0329 0.0000 0.9995 0.0000	</row2>
					<row3>	-0.8868 0.2968 -1.9181 1.0000	</row3>
				</transform>
			</node>
			<node>
				<identifier>	MP_AM219_Bollard_INDEX_2	</identifier>
				<transform>
					<row0>	0.9951 0.0000 0.0984 0.0000	</row0>
					<row1>	0.0000 1.0000 0.0000 0.0000	</row1>
					<row2>	-0.0984 0.0000 0.9951 0.0000	</row2>
					<row3>	-0.7983 0.2968 -3.2984 1.0000	</row3>
				</transform>
			</node>
			<node>
				<identifier>	MP_AM219_Bollard_INDEX_3	</identifier>
				<transform>
					<row0>	0.9951 0.0000 -0.0984 0.0000	</row0>
					<row1>	0.0000 1.0000 0.0000 0.0000	</row1>
					<row2>	0.0984 0.0000 0.9951 0.0000	</row2>
					<row3>	0.7983 0.2968 -3.2984 1.0000	</row3>
				</transform>
			</node>
			<node>
				<identifier>	MP_AM225_Searchlight_900mm	</identifier>
				<transform>
					<row0>	0.0000 0.0000 1.0000 0.0000	</row0>
					<row1>	0.0000 1.0000 0.0000 0.0000	</row1>
					<row2>	-1.0000 0.0000 0.0000 0.0000	</row2>
					<row3>	-0.2395 1.0839 -1.5175 1.0000	</row3>
				</transform>
			</node>
			<node>
				<identifier>	MP_AM225_Searchlight_900mm_INDEX_1	</identifier>
				<transform>
					<row0>	0.0000 0.0000 1.0000 0.0000	</row0>
					<row1>	0.0000 1.0000 0.0000 0.0000	</row1>
					<row2>	-1.0000 0.0000 0.0000 0.0000	</row2>
					<row3>	-0.1841 1.0838 -1.3660 1.0000	</row3>
				</transform>
			</node>
			<node>
				<identifier>	MP_AM225_Searchlight_900mm_INDEX_2	</identifier>
				<transform>
					<row0>	0.0000 0.0000 -1.0000 0.0000	</row0>
					<row1>	0.0000 1.0000 0.0000 0.0000	</row1>
					<row2>	1.0000 0.0000 0.0000 0.0000	</row2>
					<row3>	0.1841 1.0838 -1.3660 1.0000	</row3>
				</transform>
			</node>
			<node>
				<identifier>	MP_AM225_Searchlight_900mm_INDEX_3	</identifier>
				<transform>
					<row0>	0.0000 0.0000 -1.0000 0.0000	</row0>
					<row1>	0.0000 1.0000 0.0000 0.0000	</row1>
					<row2>	1.0000 0.0000 0.0000 0.0000	</row2>
					<row3>	0.2395 1.0839 -1.5175 1.0000	</row3>
				</transform>
			</node>
			<node>
				<identifier>	MP_AM306_Hatch	</identifier>
				<transform>
					<row0>	0.7687 0.0000 0.0000 0.0000	</row0>
					<row1>	0.0000 0.7687 0.0000 0.0000	</row1>
					<row2>	0.0000 0.0000 0.7687 0.0000	</row2>
					<row3>	-0.2121 0.2943 -1.3605 1.0000	</row3>
				</transform>
			</node>
			<node>
				<identifier>	MP_AM306_Hatch_INDEX_1	</identifier>
				<transform>
					<row0>	0.7687 0.0000 0.0000 0.0000	</row0>
					<row1>	0.0000 0.7687 0.0000 0.0000	</row1>
					<row2>	0.0000 0.0000 0.7687 0.0000	</row2>
					<row3>	0.2121 0.2943 -1.3605 1.0000	</row3>
				</transform>
			</node>
			<node>
				<identifier>	MP_AM307_Hatch	</identifier>
				<transform>
					<row0>	0.0000 0.0000 0.7956 0.0000	</row0>
					<row1>	0.0000 0.7956 0.0000 0.0000	</row1>
					<row2>	-0.7956 0.0000 0.0000 0.0000	</row2>
					<row3>	-0.1264 0.2959 -1.2463 1.0000	</row3>
				</transform>
			</node>
			<node>
				<identifier>	MP_AM307_Hatch_INDEX_1	</identifier>
				<transform>
					<row0>	0.0000 0.0000 0.7956 0.0000	</row0>
					<row1>	0.0000 0.7956 0.0000 0.0000	</row1>
					<row2>	-0.7956 0.0000 0.0000 0.0000	</row2>
					<row3>	0.1264 0.2959 -1.2463 1.0000	</row3>
				</transform>
			</node>
			<node>
				<identifier>	MP_AM308_Fairlead	</identifier>
				<transform>
					<row0>	-1.0000 0.0000 -0.0019 0.0000	</row0>
					<row1>	0.0000 1.0000 0.0000 0.0000	</row1>
					<row2>	0.0019 0.0000 -1.0000 0.0000	</row2>
					<row3>	-0.9364 0.2963 -1.3502 1.0000	</row3>
				</transform>
			</node>
			<node>
				<identifier>	MP_AM308_Fairlead_INDEX_1	</identifier>
				<transform>
					<row0>	-0.9904 0.0000 -0.1379 0.0000	</row0>
					<row1>	0.0000 1.0000 0.0000 0.0000	</row1>
					<row2>	0.1379 0.0000 -0.9904 0.0000	</row2>
					<row3>	-0.8116 0.2964 -3.6398 1.0000	</row3>
				</transform>
			</node>
			<node>
				<identifier>	MP_AM308_Fairlead_INDEX_2	</identifier>
				<transform>
					<row0>	0.9987 0.0000 -0.0512 0.0000	</row0>
					<row1>	0.0000 1.0000 0.0000 0.0000	</row1>
					<row2>	0.0512 0.0000 0.9987 0.0000	</row2>
					<row3>	0.8837 0.2966 -2.8910 1.0000	</row3>
				</transform>
			</node>
			<node>
				<identifier>	MP_AM308_Fairlead_INDEX_3	</identifier>
				<transform>
					<row0>	-0.9996 0.0000 -0.0295 0.0000	</row0>
					<row1>	0.0000 1.0000 0.0000 0.0000	</row1>
					<row2>	0.0295 0.0000 -0.9996 0.0000	</row2>
					<row3>	-0.9191 0.2965 -2.1713 1.0000	</row3>
				</transform>
			</node>
			<node>
				<identifier>	MP_AM308_Fairlead_INDEX_4	</identifier>
				<transform>
					<row0>	1.0000 0.0000 0.0019 0.0000	</row0>
					<row1>	0.0000 1.0000 0.0000 0.0000	</row1>
					<row2>	-0.0019 0.0000 1.0000 0.0000	</row2>
					<row3>	0.9361 0.2965 -1.3502 1.0000	</row3>
				</transform>
			</node>
			<node>
				<identifier>	MP_AM308_Fairlead_INDEX_5	</identifier>
				<transform>
					<row0>	0.9996 0.0000 -0.0295 0.0000	</row0>
					<row1>	0.0000 1.0000 0.0000 0.0000	</row1>
					<row2>	0.0295 0.0000 0.9996 0.0000	</row2>
					<row3>	0.9188 0.2965 -2.1713 1.0000	</row3>
				</transform>
			</node>
			<node>
				<identifier>	MP_AM308_Fairlead_INDEX_6	</identifier>
				<transform>
					<row0>	-0.9987 0.0000 -0.0512 0.0000	</row0>
					<row1>	0.0000 1.0000 0.0000 0.0000	</row1>
					<row2>	0.0512 0.0000 -0.9987 0.0000	</row2>
					<row3>	-0.8837 0.2966 -2.8910 1.0000	</row3>
				</transform>
			</node>
			<node>
				<identifier>	MP_AM308_Fairlead_INDEX_7	</identifier>
				<transform>
					<row0>	0.9910 0.0000 -0.1336 0.0000	</row0>
					<row1>	0.0000 1.0000 0.0000 0.0000	</row1>
					<row2>	0.1336 0.0000 0.9910 0.0000	</row2>
					<row3>	0.8116 0.2962 -3.6399 1.0000	</row3>
				</transform>
			</node>
			<node>
				<identifier>	MP_AM319_Hatch	</identifier>
				<transform>
					<row0>	1.2000 0.0000 0.0000 0.0000	</row0>
					<row1>	0.0000 1.4000 0.0000 0.0000	</row1>
					<row2>	0.0000 0.0000 1.4000 0.0000	</row2>
					<row3>	0.1501 0.2951 -3.9414 1.0000	</row3>
				</transform>
			</node>
			<node>
				<identifier>	MP_AM319_Hatch_INDEX_1	</identifier>
				<transform>
					<row0>	1.2000 0.0000 0.0000 0.0000	</row0>
					<row1>	0.0000 1.3000 0.0000 0.0000	</row1>
					<row2>	0.0000 0.0000 1.3000 0.0000	</row2>
					<row3>	-0.0271 0.2956 -4.0403 1.0000	</row3>
				</transform>
			</node>
			<node>
				<identifier>	MP_AM332_Davit	</identifier>
				<transform>
					<row0>	1.1747 0.0000 0.2450 0.0000	</row0>
					<row1>	0.0000 1.2000 0.0000 0.0000	</row1>
					<row2>	-0.2450 0.0000 1.1747 0.0000	</row2>
					<row3>	0.9266 0.2436 -2.5139 1.0000	</row3>
				</transform>
			</node>
			<node>
				<identifier>	MP_AM332_Davit_INDEX_1	</identifier>
				<transform>
					<row0>	1.1747 0.0000 -0.2450 0.0000	</row0>
					<row1>	0.0000 1.2000 0.0000 0.0000	</row1>
					<row2>	0.2450 0.0000 1.1747 0.0000	</row2>
					<row3>	-0.9266 0.2436 -2.5139 1.0000	</row3>
				</transform>
			</node>
			<node>
				<identifier>	MP_AM350_Filling_connection	</identifier>
				<transform>
					<row0>	2.8178 0.0000 0.0000 0.0000	</row0>
					<row1>	0.0000 2.8178 0.0000 0.0000	</row1>
					<row2>	0.0000 0.0000 2.8178 0.0000	</row2>
					<row3>	0.8696 0.2976 -1.7755 1.0000	</row3>
				</transform>
			</node>
			<node>
				<identifier>	MP_AM350_Filling_connection_INDEX_1	</identifier>
				<transform>
					<row0>	-2.8178 0.0000 0.0000 0.0000	</row0>
					<row1>	0.0000 2.8178 0.0000 0.0000	</row1>
					<row2>	0.0000 0.0000 -2.8178 0.0000	</row2>
					<row3>	-0.8696 0.2976 -1.7755 1.0000	</row3>
				</transform>
			</node>
			<node>
				<identifier>	MP_AM356_Signal_Trap	</identifier>
				<transform>
					<row0>	-0.9993 0.0000 -0.0364 0.0000	</row0>
					<row1>	0.0000 1.0000 0.0000 0.0000	</row1>
					<row2>	0.0364 0.0000 -0.9993 0.0000	</row2>
					<row3>	-0.9322 0.3347 -2.2655 1.0000	</row3>
				</transform>
			</node>
			<node>
				<identifier>	MP_AM356_Signal_Trap_INDEX_1	</identifier>
				<transform>
					<row0>	0.9993 0.0000 -0.0364 0.0000	</row0>
					<row1>	0.0000 1.0000 0.0000 0.0000	</row1>
					<row2>	0.0364 0.0000 0.9993 0.0000	</row2>
					<row3>	0.9322 0.3347 -2.2655 1.0000	</row3>
				</transform>
			</node>
			<node>
				<identifier>	MP_AM374_Fender	</identifier>
				<transform>
					<row0>	0.0872 0.0000 0.9962 0.0000	</row0>
					<row1>	0.0000 1.0000 0.0000 0.0000	</row1>
					<row2>	-0.9962 0.0000 0.0872 0.0000	</row2>
					<row3>	-0.3607 0.3066 -2.4878 1.0000	</row3>
				</transform>
			</node>
			<node>
				<identifier>	MP_AM374_Fender_INDEX_1	</identifier>
				<transform>
					<row0>	0.0872 0.0000 -0.9962 0.0000	</row0>
					<row1>	0.0000 1.0000 0.0000 0.0000	</row1>
					<row2>	0.9962 0.0000 0.0872 0.0000	</row2>
					<row3>	0.3606 0.3066 -2.4878 1.0000	</row3>
				</transform>
			</node>
			<node>
				<identifier>	MP_AM374_Fender_INDEX_2	</identifier>
				<transform>
					<row0>	0.6428 0.0000 0.7660 0.0000	</row0>
					<row1>	0.0000 1.0000 0.0000 0.0000	</row1>
					<row2>	-0.7660 0.0000 0.6428 0.0000	</row2>
					<row3>	-0.2685 0.3066 -2.2809 1.0000	</row3>
				</transform>
			</node>
			<node>
				<identifier>	MP_AM374_Fender_INDEX_3	</identifier>
				<transform>
					<row0>	0.6428 0.0000 -0.7660 0.0000	</row0>
					<row1>	0.0000 1.0000 0.0000 0.0000	</row1>
					<row2>	0.7660 0.0000 0.6428 0.0000	</row2>
					<row3>	0.2684 0.3066 -2.2810 1.0000	</row3>
				</transform>
			</node>
			<node>
				<identifier>	MP_AM438_Speakerphone	</identifier>
				<transform>
					<row0>	0.0000 0.0000 -1.0000 0.0000	</row0>
					<row1>	0.0000 1.0000 0.0000 0.0000	</row1>
					<row2>	1.0000 0.0000 0.0000 0.0000	</row2>
					<row3>	-0.3154 0.9862 -1.5620 1.0000	</row3>
				</transform>
			</node>
			<node>
				<identifier>	MP_AM438_Speakerphone_INDEX_1	</identifier>
				<transform>
					<row0>	0.0000 0.0000 1.0000 0.0000	</row0>
					<row1>	0.0000 1.0000 0.0000 0.0000	</row1>
					<row2>	-1.0000 0.0000 0.0000 0.0000	</row2>
					<row3>	0.3154 0.9862 -1.5620 1.0000	</row3>
				</transform>
			</node>
			<node>
				<identifier>	MP_AM438_Speakerphone_INDEX_2	</identifier>
				<transform>
					<row0>	-0.9770 0.0000 -0.2131 0.0000	</row0>
					<row1>	0.0000 1.0000 0.0000 0.0000	</row1>
					<row2>	0.2131 0.0000 -0.9770 0.0000	</row2>
					<row3>	0.0181 1.0945 -1.8214 1.0000	</row3>
				</transform>
			</node>
			<node>
				<identifier>	MP_AM442_Multipole_Switch	</identifier>
				<transform>
					<row0>	0.0000 0.0000 -0.8000 0.0000	</row0>
					<row1>	0.0000 0.8000 0.0000 0.0000	</row1>
					<row2>	0.8000 0.0000 0.0000 0.0000	</row2>
					<row3>	0.1655 1.1179 -1.5870 1.0000	</row3>
				</transform>
			</node>
			<node>
				<identifier>	MP_AM442_Multipole_Switch_INDEX_1	</identifier>
				<transform>
					<row0>	0.0000 0.0000 -0.8000 0.0000	</row0>
					<row1>	0.0000 0.8000 0.0000 0.0000	</row1>
					<row2>	0.8000 0.0000 0.0000 0.0000	</row2>
					<row3>	-0.3147 0.9737 -1.6040 1.0000	</row3>
				</transform>
			</node>
			<node>
				<identifier>	MP_AM442_Multipole_Switch_INDEX_2	</identifier>
				<transform>
					<row0>	0.0000 0.0000 0.8000 0.0000	</row0>
					<row1>	0.0000 0.8000 0.0000 0.0000	</row1>
					<row2>	-0.8000 0.0000 0.0000 0.0000	</row2>
					<row3>	-0.1655 1.1179 -1.5731 1.0000	</row3>
				</transform>
			</node>
			<node>
				<identifier>	MP_AM442_Multipole_Switch_INDEX_3	</identifier>
				<transform>
					<row0>	-0.8000 0.0000 0.0000 0.0000	</row0>
					<row1>	0.0000 0.8000 0.0000 0.0000	</row1>
					<row2>	0.0000 0.0000 -0.8000 0.0000	</row2>
					<row3>	0.1005 1.0638 -1.8002 1.0000	</row3>
				</transform>
			</node>
			<node>
				<identifier>	MP_AM442_Multipole_Switch_INDEX_4	</identifier>
				<transform>
					<row0>	-0.8000 0.0000 0.0000 0.0000	</row0>
					<row1>	0.0000 0.8000 0.0000 0.0000	</row1>
					<row2>	0.0000 0.0000 -0.8000 0.0000	</row2>
					<row3>	-0.1475 1.0638 -1.8002 1.0000	</row3>
				</transform>
			</node>
			<node>
				<identifier>	MP_AM442_Multipole_Switch_INDEX_5	</identifier>
				<transform>
					<row0>	0.0000 0.0000 -0.8000 0.0000	</row0>
					<row1>	0.0000 0.8000 0.0000 0.0000	</row1>
					<row2>	0.8000 0.0000 0.0000 0.0000	</row2>
					<row3>	0.1655 1.1179 -1.5731 1.0000	</row3>
				</transform>
			</node>
			<node>
				<identifier>	MP_AM442_Multipole_Switch_INDEX_6	</identifier>
				<transform>
					<row0>	0.0000 0.0000 0.8000 0.0000	</row0>
					<row1>	0.0000 0.8000 0.0000 0.0000	</row1>
					<row2>	-0.8000 0.0000 0.0000 0.0000	</row2>
					<row3>	0.3147 0.9737 -1.6040 1.0000	</row3>
				</transform>
			</node>
			<node>
				<identifier>	MP_AM442_Multipole_Switch_INDEX_7	</identifier>
				<transform>
					<row0>	0.0000 0.0000 0.8000 0.0000	</row0>
					<row1>	0.0000 0.8000 0.0000 0.0000	</row1>
					<row2>	-0.8000 0.0000 0.0000 0.0000	</row2>
					<row3>	-0.1655 1.1179 -1.5870 1.0000	</row3>
				</transform>
			</node>
			<node>
				<identifier>	MP_AM445_Switch_box_2	</identifier>
				<transform>
					<row0>	-1.0000 0.0000 0.0000 0.0000	</row0>
					<row1>	0.0000 1.0000 0.0000 0.0000	</row1>
					<row2>	0.0000 0.0000 -1.0000 0.0000	</row2>
					<row3>	-0.2010 0.9881 -1.4825 1.0000	</row3>
				</transform>
			</node>
			<node>
				<identifier>	MP_AM445_Switch_box_2_INDEX_1	</identifier>
				<transform>
					<row0>	-1.0000 0.0000 0.0000 0.0000	</row0>
					<row1>	0.0000 1.0000 0.0000 0.0000	</row1>
					<row2>	0.0000 0.0000 -1.0000 0.0000	</row2>
					<row3>	0.2010 0.9881 -1.4825 1.0000	</row3>
				</transform>
			</node>
			<node>
				<identifier>	MP_AM463_Binoculars	</identifier>
				<transform>
					<row0>	0.0000 0.0000 1.0000 0.0000	</row0>
					<row1>	0.0000 1.0000 0.0000 0.0000	</row1>
					<row2>	-1.0000 0.0000 0.0000 0.0000	</row2>
					<row3>	-0.2820 0.9167 -1.5189 1.0000	</row3>
				</transform>
			</node>
			<node>
				<identifier>	MP_AM524_Telephone	</identifier>
				<transform>
					<row0>	0.0000 0.0000 -1.0000 0.0000	</row0>
					<row1>	0.0000 1.0000 0.0000 0.0000	</row1>
					<row2>	1.0000 0.0000 0.0000 0.0000	</row2>
					<row3>	-0.1733 1.0842 -1.6173 1.0000	</row3>
				</transform>
			</node>
			<node>
				<identifier>	MP_AM524_Telephone_INDEX_1	</identifier>
				<transform>
					<row0>	0.0000 0.0000 1.0000 0.0000	</row0>
					<row1>	0.0000 1.0000 0.0000 0.0000	</row1>
					<row2>	-1.0000 0.0000 0.0000 0.0000	</row2>
					<row3>	0.1733 1.0842 -1.6173 1.0000	</row3>
				</transform>
			</node>
			<node>
				<identifier>	MP_AM527_Whaleboat_26ft	</identifier>
				<transform>
					<row0>	0.9933 0.0000 -0.1153 0.0000	</row0>
					<row1>	0.0025 0.9998 0.0216 0.0000	</row1>
					<row2>	0.1152 -0.0217 0.9931 0.0000	</row2>
					<row3>	-0.2522 0.3690 -1.6953 1.0000	</row3>
				</transform>
			</node>
			<node>
				<identifier>	MP_AM527_Whaleboat_26ft_INDEX_1	</identifier>
				<transform>
					<row0>	0.9933 0.0000 0.1153 0.0000	</row0>
					<row1>	-0.0025 0.9998 0.0216 0.0000	</row1>
					<row2>	-0.1152 -0.0217 0.9931 0.0000	</row2>
					<row3>	0.2522 0.3690 -1.6953 1.0000	</row3>
				</transform>
			</node>
			<node>
				<identifier>	MP_AM549_Life_Buoy	</identifier>
				<transform>
					<row0>	0.9950 0.0000 -0.1003 0.0000	</row0>
					<row1>	0.0000 1.0000 0.0000 0.0000	</row1>
					<row2>	0.1003 0.0000 0.9950 0.0000	</row2>
					<row3>	0.8591 0.3333 -3.1244 1.0000	</row3>
				</transform>
			</node>
			<node>
				<identifier>	MP_AM549_Life_Buoy_INDEX_1	</identifier>
				<transform>
					<row0>	0.9999 0.0018 -0.0154 0.0000	</row0>
					<row1>	-0.0018 1.0000 0.0000 0.0000	</row1>
					<row2>	0.0154 0.0001 0.9999 0.0000	</row2>
					<row3>	0.9312 0.3311 -1.4550 1.0000	</row3>
				</transform>
			</node>
			<node>
				<identifier>	MP_AM549_Life_Buoy_INDEX_2	</identifier>
				<transform>
					<row0>	-0.9944 0.0000 -0.1052 0.0000	</row0>
					<row1>	0.0000 1.0000 0.0000 0.0000	</row1>
					<row2>	0.1052 0.0000 -0.9944 0.0000	</row2>
					<row3>	-0.8592 0.3332 -3.1244 1.0000	</row3>
				</transform>
			</node>
			<node>
				<identifier>	MP_AM549_Life_Buoy_INDEX_3	</identifier>
				<transform>
					<row0>	-0.9999 0.0130 -0.0095 0.0000	</row0>
					<row1>	0.0130 0.9999 0.0000 0.0000	</row1>
					<row2>	0.0095 -0.0002 -1.0000 0.0000	</row2>
					<row3>	-0.9310 0.3311 -1.4550 1.0000	</row3>
				</transform>
			</node>
			<node>
				<identifier>	MP_AM549_Life_Buoy_INDEX_4	</identifier>
				<transform>
					<row0>	-0.9997 0.0000 0.0263 0.0000	</row0>
					<row1>	0.0000 1.0000 0.0000 0.0000	</row1>
					<row2>	-0.0263 0.0000 -0.9997 0.0000	</row2>
					<row3>	0.9201 0.3341 -2.0196 1.0000	</row3>
				</transform>
			</node>
			<node>
				<identifier>	MP_AM549_Life_Buoy_INDEX_5	</identifier>
				<transform>
					<row0>	-0.9997 0.0000 -0.0263 0.0000	</row0>
					<row1>	0.0000 1.0000 0.0000 0.0000	</row1>
					<row2>	0.0263 0.0000 -0.9997 0.0000	</row2>
					<row3>	-0.9201 0.3341 -2.0196 1.0000	</row3>
				</transform>
			</node>
			<node>
				<identifier>	MP_AM574_Removed_posts_10	</identifier>
				<transform>
					<row0>	0.1737 0.0000 0.9848 0.0000	</row0>
					<row1>	0.0000 1.0000 0.0000 0.0000	</row1>
					<row2>	-0.9848 0.0000 0.1737 0.0000	</row2>
