<BSB038_Hawke_1943_Stern_ports.visual>
	<node>
		<identifier>	Scene Root	</identifier>
		<transform>
			<row0>	1.0000 0.0000 0.0000 0.0000	</row0>
			<row1>	0.0000 1.0000 0.0000 0.0000	</row1>
			<row2>	0.0000 0.0000 1.0000 0.0000	</row2>
			<row3>	0.0000 0.0000 0.0000 1.0000	</row3>
		</transform>
		<node>
			<identifier>	Stern_ports	</identifier>
			<transform>
				<row0>	1.0000 0.0000 0.0000 0.0000	</row0>
				<row1>	0.0000 1.0000 0.0000 0.0000	</row1>
				<row2>	0.0000 0.0000 1.0000 0.0000	</row2>
				<row3>	0.0000 0.0000 0.0000 1.0000	</row3>
			</transform>
			<node>
				<identifier>	HP_BGA_29	</identifier>
				<transform>
					<row0>	-0.7071 0.0000 0.7071 0.0000	</row0>
					<row1>	0.0000 1.0000 0.0000 0.0000	</row1>
					<row2>	-0.7071 0.0000 -0.7071 0.0000	</row2>
					<row3>	-0.7862 0.4562 -5.0158 1.0000	</row3>
				</transform>
			</node>
			<node>
				<identifier>	HP_BGA_30	</identifier>
				<transform>
					<row0>	-0.7071 0.0000 -0.7071 0.0000	</row0>
					<row1>	0.0000 1.0000 0.0000 0.0000	</row1>
					<row2>	0.7071 0.0000 -0.7071 0.0000	</row2>
					<row3>	0.7862 0.4562 -5.0158 1.0000	</row3>
				</transform>
			</node>
			<node>
				<identifier>	HP_BGA_31	</identifier>
				<transform>
					<row0>	-1.0000 0.0000 0.0000 0.0000	</row0>
					<row1>	0.0000 1.0000 0.0000 0.0000	</row1>
					<row2>	0.0000 0.0000 -1.0000 0.0000	</row2>
					<row3>	-0.6081 0.4780 -6.4175 1.0000	</row3>
				</transform>
			</node>
			<node>
				<identifier>	HP_BGA_32	</identifier>
				<transform>
					<row0>	-1.0000 0.0000 0.0000 0.0000	</row0>
					<row1>	0.0000 1.0000 0.0000 0.0000	</row1>
					<row2>	0.0000 0.0000 -1.0000 0.0000	</row2>
					<row3>	0.6081 0.4780 -6.4175 1.0000	</row3>
				</transform>
			</node>
			<node>
				<identifier>	HP_BGM_3	</identifier>
				<transform>
					<row0>	-1.0000 0.0000 0.0000 0.0000	</row0>
					<row1>	0.0000 1.0000 0.0000 0.0000	</row1>
					<row2>	0.0000 0.0000 -1.0000 0.0000	</row2>
					<row3>	0.0000 0.5584 -5.3397 1.0000	</row3>
				</transform>
			</node>
			<node>
				<identifier>	HP_FX_Death_3	</identifier>
				<transform>
					<row0>	1.0000 0.0000 0.0000 0.0000	</row0>
					<row1>	0.0000 1.0000 0.0000 0.0000	</row1>
					<row2>	0.0000 0.0000 1.0000 0.0000	</row2>
					<row3>	0.0000 0.0000 -5.0653 1.0000	</row3>
				</transform>
			</node>
			<node>
				<identifier>	HP_FX_Fire_4	</identifier>
				<transform>
					<row0>	1.0000 0.0000 0.0000 0.0000	</row0>
					<row1>	0.0000 1.0000 0.0000 0.0000	</row1>
					<row2>	0.0000 0.0000 1.0000 0.0000	</row2>
					<row3>	-0.0338 0.5006 -7.3856 1.0000	</row3>
				</transform>
			</node>
			<node>
				<identifier>	HP_FX_Flood_steam_right	</identifier>
				<transform>
					<row0>	1.0000 0.0000 0.0000 0.0000	</row0>
					<row1>	0.0000 1.0000 0.0000 0.0000	</row1>
					<row2>	0.0000 0.0000 1.0000 0.0000	</row2>
					<row3>	0.9463 0.3798 -5.9479 1.0000	</row3>
				</transform>
			</node>
			<node>
				<identifier>	HP_FX_RepairLight_left_2	</identifier>
				<transform>
					<row0>	0.0000 0.0000 1.0000 0.0000	</row0>
					<row1>	0.0000 1.0000 0.0000 0.0000	</row1>
					<row2>	-1.0000 0.0000 0.0000 0.0000	</row2>
					<row3>	-1.0258 0.4487 -5.0197 1.0000	</row3>
				</transform>
			</node>
			<node>
				<identifier>	HP_FX_WakeTraceBack	</identifier>
				<transform>
					<row0>	1.0000 0.0000 0.0000 0.0000	</row0>
					<row1>	0.0000 1.0000 0.0000 0.0000	</row1>
					<row2>	0.0000 0.0000 1.0000 0.0000	</row2>
					<row3>	0.0000 0.0000 -8.6718 1.0000	</row3>
				</transform>
			</node>
			<node>
				<identifier>	HP_FX_WakeTrace_screw_1	</identifier>
				<transform>
					<row0>	1.0000 0.0000 0.0000 0.0000	</row0>
					<row1>	0.0000 1.0000 0.0000 0.0000	</row1>
					<row2>	0.0000 0.0000 1.0000 0.0000	</row2>
					<row3>	-0.6023 -0.4234 -7.0307 1.0000	</row3>
				</transform>
			</node>
			<node>
				<identifier>	HP_FX_WakeTrace_screw_2	</identifier>
				<transform>
					<row0>	1.0000 0.0000 0.0000 0.0000	</row0>
					<row1>	0.0000 1.0000 0.0000 0.0000	</row1>
					<row2>	0.0000 0.0000 1.0000 0.0000	</row2>
					<row3>	-0.2205 -0.4772 -7.8404 1.0000	</row3>
				</transform>
			</node>
			<node>
				<identifier>	HP_FX_WakeTrace_screw_3	</identifier>
				<transform>
					<row0>	1.0000 0.0000 0.0000 0.0000	</row0>
					<row1>	0.0000 1.0000 0.0000 0.0000	</row1>
					<row2>	0.0000 0.0000 1.0000 0.0000	</row2>
					<row3>	0.2205 -0.4772 -7.8403 1.0000	</row3>
				</transform>
			</node>
			<node>
				<identifier>	HP_FX_WakeTrace_screw_4	</identifier>
				<transform>
					<row0>	1.0000 0.0000 0.0000 0.0000	</row0>
					<row1>	0.0000 1.0000 0.0000 0.0000	</row1>
					<row2>	0.0000 0.0000 1.0000 0.0000	</row2>
					<row3>	0.6023 -0.4234 -7.0307 1.0000	</row3>
				</transform>
			</node>
			<node>
				<identifier>	MP_BM003_Night_lifebuoy	</identifier>
				<transform>
					<row0>	-0.8557 0.4854 -0.1794 0.0000	</row0>
					<row1>	0.4721 0.8742 0.1137 0.0000	</row1>
					<row2>	0.2120 0.0126 -0.9772 0.0000	</row2>
					<row3>	-0.6933 0.5788 -7.3567 1.0000	</row3>
				</transform>
			</node>
			<node>
				<identifier>	MP_BM003_Night_lifebuoy_INDEX_1	</identifier>
				<transform>
					<row0>	0.8557 0.4854 -0.1794 0.0000	</row0>
					<row1>	-0.4721 0.8742 0.1137 0.0000	</row1>
					<row2>	0.2120 -0.0126 0.9772 0.0000	</row2>
					<row3>	0.6933 0.5788 -7.3567 1.0000	</row3>
				</transform>
			</node>
			<node>
				<identifier>	MP_BM004_Reels	</identifier>
				<transform>
					<row0>	0.6362 -0.0087 0.7715 0.0000	</row0>
					<row1>	0.0015 0.9999 0.0100 0.0000	</row1>
					<row2>	-0.7715 -0.0052 0.6362 0.0000	</row2>
					<row3>	0.3415 0.4655 -5.6615 1.0000	</row3>
				</transform>
			</node>
			<node>
				<identifier>	MP_BM004_Reels_INDEX_1	</identifier>
				<transform>
					<row0>	0.5962 0.0000 -0.8029 0.0000	</row0>
					<row1>	0.0109 0.9999 0.0081 0.0000	</row1>
					<row2>	0.8028 -0.0136 0.5961 0.0000	</row2>
					<row3>	0.3785 0.4592 -5.0825 1.0000	</row3>
				</transform>
			</node>
			<node>
				<identifier>	MP_BM004_Reels_INDEX_2	</identifier>
				<transform>
					<row0>	0.0000 -0.0151 0.9999 0.0000	</row0>
					<row1>	0.0104 0.9998 0.0151 0.0000	</row1>
					<row2>	-0.9999 0.0104 0.0000 0.0000	</row2>
					<row3>	0.0889 0.4926 -7.1521 1.0000	</row3>
				</transform>
			</node>
			<node>
				<identifier>	MP_BM004_Reels_INDEX_3	</identifier>
				<transform>
					<row0>	0.0000 0.0151 -0.9999 0.0000	</row0>
					<row1>	-0.0104 0.9998 0.0151 0.0000	</row1>
					<row2>	0.9999 0.0104 0.0000 0.0000	</row2>
					<row3>	-0.0889 0.4926 -7.1521 1.0000	</row3>
				</transform>
			</node>
			<node>
				<identifier>	MP_BM004_Reels_INDEX_4	</identifier>
				<transform>
					<row0>	0.6362 0.0087 -0.7715 0.0000	</row0>
					<row1>	-0.0015 0.9999 0.0100 0.0000	</row1>
					<row2>	0.7715 -0.0052 0.6362 0.0000	</row2>
					<row3>	-0.3415 0.4655 -5.6615 1.0000	</row3>
				</transform>
			</node>
			<node>
				<identifier>	MP_BM004_Reels_INDEX_5	</identifier>
				<transform>
					<row0>	-0.3602 -0.0115 0.9328 0.0000	</row0>
					<row1>	-0.0109 0.9999 0.0081 0.0000	</row1>
					<row2>	-0.9328 -0.0073 -0.3603 0.0000	</row2>
					<row3>	-0.4216 0.4632 -5.5180 1.0000	</row3>
				</transform>
			</node>
			<node>
				<identifier>	MP_BM004_Reels_INDEX_6	</identifier>
				<transform>
					<row0>	0.0000 0.0084 -1.0000 0.0000	</row0>
					<row1>	0.0070 0.9999 0.0084 0.0000	</row1>
					<row2>	1.0000 -0.0070 0.0000 0.0000	</row2>
					<row3>	0.1296 0.5064 -8.3062 1.0000	</row3>
				</transform>
			</node>
			<node>
				<identifier>	MP_BM004_Reels_INDEX_7	</identifier>
				<transform>
					<row0>	0.0000 -0.0084 1.0000 0.0000	</row0>
					<row1>	-0.0070 0.9999 0.0084 0.0000	</row1>
					<row2>	-1.0000 -0.0070 0.0000 0.0000	</row2>
					<row3>	-0.1296 0.5064 -8.3062 1.0000	</row3>
				</transform>
			</node>
			<node>
				<identifier>	MP_BM004_Reels_INDEX_8	</identifier>
				<transform>
					<row0>	-0.3602 0.0115 -0.9328 0.0000	</row0>
					<row1>	0.0109 0.9999 0.0081 0.0000	</row1>
					<row2>	0.9328 -0.0073 -0.3603 0.0000	</row2>
					<row3>	0.4216 0.4632 -5.5180 1.0000	</row3>
				</transform>
			</node>
			<node>
				<identifier>	MP_BM004_Reels_INDEX_9	</identifier>
				<transform>
					<row0>	0.5962 0.0000 0.8029 0.0000	</row0>
					<row1>	-0.0109 0.9999 0.0081 0.0000	</row1>
					<row2>	-0.8028 -0.0136 0.5961 0.0000	</row2>
					<row3>	-0.3785 0.4592 -5.0825 1.0000	</row3>
				</transform>
			</node>
			<node>
				<identifier>	MP_BM021_Crown	</identifier>
				<transform>
					<row0>	1.0000 0.0000 0.0000 0.0000	</row0>
					<row1>	0.0000 1.0000 0.0000 0.0000	</row1>
					<row2>	0.0000 0.0000 1.0000 0.0000	</row2>
					<row3>	0.0000 1.0741 -8.6455 1.0000	</row3>
				</transform>
			</node>
			<node>
				<identifier>	MP_BM509_Liferaft_type_20_10ft	</identifier>
				<transform>
					<row0>	0.9999 -0.0101 -0.0001 0.0000	</row0>
					<row1>	0.0101 0.9999 0.0127 0.0000	</row1>
					<row2>	0.0000 -0.0127 0.9999 0.0000	</row2>
					<row3>	0.1099 0.5537 -7.7743 1.0000	</row3>
				</transform>
			</node>
			<node>
				<identifier>	MP_BM509_Liferaft_type_20_10ft_INDEX_1	</identifier>
				<transform>
					<row0>	0.9999 0.0101 0.0001 0.0000	</row0>
					<row1>	-0.0101 0.9999 0.0127 0.0000	</row1>
					<row2>	0.0000 -0.0127 0.9999 0.0000	</row2>
					<row3>	-0.1099 0.5291 -7.7743 1.0000	</row3>
				</transform>
			</node>
			<node>
				<identifier>	MP_BM509_Liferaft_type_20_10ft_INDEX_2	</identifier>
				<transform>
					<row0>	0.9999 -0.0101 -0.0001 0.0000	</row0>
					<row1>	0.0101 0.9999 0.0127 0.0000	</row1>
					<row2>	0.0000 -0.0127 0.9999 0.0000	</row2>
					<row3>	0.1099 0.5291 -7.7743 1.0000	</row3>
				</transform>
			</node>
			<node>
				<identifier>	MP_BM509_Liferaft_type_20_10ft_INDEX_3	</identifier>
				<transform>
					<row0>	0.9999 0.0101 0.0001 0.0000	</row0>
					<row1>	-0.0101 0.9999 0.0127 0.0000	</row1>
					<row2>	0.0000 -0.0127 0.9999 0.0000	</row2>
					<row3>	-0.1099 0.5537 -7.7743 1.0000	</row3>
				</transform>
			</node>
			<node>
				<identifier>	MP_BM509_Liferaft_type_20_10ft_INDEX_4	</identifier>
				<transform>
					<row0>	0.9999 0.0101 0.0001 0.0000	</row0>
					<row1>	-0.0101 0.9999 0.0127 0.0000	</row1>
					<row2>	0.0000 -0.0127 0.9999 0.0000	</row2>
					<row3>	-0.1099 0.5046 -7.7743 1.0000	</row3>
				</transform>
			</node>
			<node>
				<identifier>	MP_BM509_Liferaft_type_20_10ft_INDEX_5	</identifier>
				<transform>
					<row0>	0.9999 -0.0101 -0.0001 0.0000	</row0>
					<row1>	0.0101 0.9999 0.0127 0.0000	</row1>
					<row2>	0.0000 -0.0127 0.9999 0.0000	</row2>
					<row3>	0.1099 0.5046 -7.7743 1.0000	</row3>
				</transform>
			</node>
			<node>
				<identifier>	MP_BM610_Speaker_2	</identifier>
				<transform>
					<row0>	1.0000 0.0000 0.0000 0.0000	</row0>
					<row1>	0.0000 1.0000 0.0000 0.0000	</row1>
					<row2>	0.0000 0.0000 1.0000 0.0000	</row2>
					<row3>	0.0000 0.6535 -8.1861 1.0000	</row3>
				</transform>
			</node>
			<node>
				<identifier>	MP_BM679_Antenna_2	</identifier>
				<transform>
					<row0>	1.0000 0.0000 0.0000 0.0000	</row0>
					<row1>	0.0000 1.0000 0.0000 0.0000	</row1>
					<row2>	0.0000 0.0000 1.0000 0.0000	</row2>
					<row3>	0.0000 0.6719 -8.3087 1.0000	</row3>
				</transform>
			</node>
			<node>
				<identifier>	MP_BM700_Locker	</identifier>
				<transform>
					<row0>	0.0000 -0.0065 1.0000 0.0000	</row0>
					<row1>	0.0000 1.0000 0.0065 0.0000	</row1>
					<row2>	-1.0000 0.0000 0.0000 0.0000	</row2>
					<row3>	0.0311 0.5093 -8.1627 1.0000	</row3>
				</transform>
			</node>
			<node>
				<identifier>	MP_BM752_Deck_Hatch	</identifier>
				<transform>
					<row0>	-1.0000 0.0000 0.0000 0.0000	</row0>
					<row1>	0.0000 1.0000 0.0000 0.0000	</row1>
					<row2>	0.0000 0.0000 -1.0000 0.0000	</row2>
					<row3>	0.2283 0.4779 -5.8491 1.0000	</row3>
				</transform>
			</node>
			<node>
				<identifier>	MP_BM752_Deck_Hatch_INDEX_1	</identifier>
				<transform>
					<row0>	-1.0000 0.0000 0.0000 0.0000	</row0>
					<row1>	0.0000 1.0000 0.0000 0.0000	</row1>
					<row2>	0.0000 0.0000 -1.0000 0.0000	</row2>
					<row3>	-0.2283 0.4779 -5.8491 1.0000	</row3>
				</transform>
			</node>
			<node>
				<identifier>	MP_BM752_Deck_Hatch_INDEX_2	</identifier>
				<transform>
					<row0>	-1.0000 0.0000 0.0000 0.0000	</row0>
					<row1>	0.0000 1.0000 0.0000 0.0000	</row1>
					<row2>	0.0000 0.0000 -1.0000 0.0000	</row2>
					<row3>	-0.3836 0.4662 -4.9546 1.0000	</row3>
				</transform>
			</node>
			<node>
				<identifier>	MP_BM752_Deck_Hatch_INDEX_3	</identifier>
				<transform>
					<row0>	-1.0000 0.0000 0.0000 0.0000	</row0>
					<row1>	0.0000 1.0000 0.0000 0.0000	</row1>
					<row2>	0.0000 0.0000 -1.0000 0.0000	</row2>
					<row3>	0.3836 0.4662 -4.9546 1.0000	</row3>
				</transform>
			</node>
			<node>
				<identifier>	MP_BM857_Fog_Light	</identifier>
				<transform>
					<row0>	-1.0000 0.0000 0.0000 0.0000	</row0>
					<row1>	0.0000 1.0000 0.0000 0.0000	</row1>
					<row2>	0.0000 0.0000 -1.0000 0.0000	</row2>
					<row3>	0.0000 0.5591 -8.6698 1.0000	</row3>
				</transform>
			</node>
			<node>
				<identifier>	MP_BM877_Running_Lights_B	</identifier>
				<transform>
					<row0>	1.0000 0.0000 0.0000 0.0000	</row0>
					<row1>	0.0000 1.0000 0.0000 0.0000	</row1>
					<row2>	0.0000 0.0000 1.0000 0.0000	</row2>
					<row3>	0.0000 0.6317 -8.6737 1.0000	</row3>
				</transform>
			</node>
			<node>
				<identifier>	MP_BM964_3ton_electrik_winch_R	</identifier>
				<transform>
					<row0>	-0.6986 0.0000 0.7155 0.0000	</row0>
					<row1>	0.0000 1.0000 0.0000 0.0000	</row1>
					<row2>	-0.7155 0.0000 -0.6986 0.0000	</row2>
					<row3>	-0.4243 0.4905 -7.2201 1.0000	</row3>
				</transform>
			</node>
			<node>
				<identifier>	MP_BM965_3ton_electrik_winch_L	</identifier>
				<transform>
					<row0>	-0.6986 0.0000 -0.7155 0.0000	</row0>
					<row1>	0.0000 1.0000 0.0000 0.0000	</row1>
					<row2>	0.7155 0.0000 -0.6986 0.0000	</row2>
					<row3>	0.4243 0.4905 -7.2201 1.0000	</row3>
				</transform>
			</node>
			<node>
				<identifier>	MP_CM001_Propeller3_L	</identifier>
				<transform>
					<row0>	1.2327 0.0003 0.0000 0.0000	</row0>
					<row1>	-0.0003 1.2324 -0.0287 0.0000	</row1>
					<row2>	0.0000 0.0287 1.2324 0.0000	</row2>
					<row3>	-0.2205 -0.4772 -7.8404 1.0000	</row3>
				</transform>
			</node>
			<node>
				<identifier>	MP_CM001_Propeller3_L_INDEX_1	</identifier>
				<transform>
					<row0>	1.2325 -0.0001 -0.0259 0.0000	</row0>
					<row1>	-0.0001 1.2327 -0.0120 0.0000	</row1>
					<row2>	0.0259 0.0120 1.2324 0.0000	</row2>
					<row3>	-0.6023 -0.4234 -7.0307 1.0000	</row3>
				</transform>
			</node>
			<node>
				<identifier>	MP_CM011_Fire_Fighting_Gear	</identifier>
				<transform>
					<row0>	-1.0000 0.0000 0.0000 0.0000	</row0>
					<row1>	0.0000 1.0000 0.0000 0.0000	</row1>
					<row2>	0.0000 0.0000 -1.0000 0.0000	</row2>
					<row3>	-0.0633 0.5090 -8.1760 1.0000	</row3>
				</transform>
			</node>
			<node>
				<identifier>	MP_CM011_Fire_Fighting_Gear_INDEX_1	</identifier>
				<transform>
					<row0>	-1.0000 0.0000 0.0000 0.0000	</row0>
					<row1>	0.0000 1.0000 0.0000 0.0000	</row1>
					<row2>	0.0000 0.0000 -1.0000 0.0000	</row2>
					<row3>	0.3003 0.4634 -5.0258 1.0000	</row3>
				</transform>
			</node>
			<node>
				<identifier>	MP_CM011_Fire_Fighting_Gear_INDEX_2	</identifier>
				<transform>
					<row0>	-1.0000 0.0000 0.0000 0.0000	</row0>
					<row1>	0.0000 1.0000 0.0000 0.0000	</row1>
					<row2>	0.0000 0.0000 -1.0000 0.0000	</row2>
					<row3>	-0.3003 0.4634 -5.0258 1.0000	</row3>
				</transform>
			</node>
			<node>
				<identifier>	MP_CM011_Fire_Fighting_Gear_INDEX_3	</identifier>
				<transform>
					<row0>	1.0000 0.0000 0.0000 0.0000	</row0>
					<row1>	0.0000 1.0000 0.0000 0.0000	</row1>
					<row2>	0.0000 0.0000 1.0000 0.0000	</row2>
					<row3>	-0.0119 0.4749 -5.8256 1.0000	</row3>
				</transform>
			</node>
			<node>
				<identifier>	MP_CM012_Fire_Hose_Rack_1	</identifier>
				<transform>
					<row0>	0.6358 0.0000 -0.7719 0.0000	</row0>
					<row1>	0.0000 1.0000 0.0000 0.0000	</row1>
					<row2>	0.7719 0.0000 0.6358 0.0000	</row2>
					<row3>	-0.2525 0.5217 -5.0288 1.0000	</row3>
				</transform>
			</node>
			<node>
				<identifier>	MP_CM012_Fire_Hose_Rack_1_INDEX_1	</identifier>
				<transform>
					<row0>	0.0958 0.0000 0.9954 0.0000	</row0>
					<row1>	0.0000 1.0000 0.0000 0.0000	</row1>
					<row2>	-0.9954 0.0000 0.0958 0.0000	</row2>
					<row3>	-0.0384 0.5217 -5.7384 1.0000	</row3>
				</transform>
			</node>
			<node>
				<identifier>	MP_CM012_Fire_Hose_Rack_1_INDEX_2	</identifier>
				<transform>
					<row0>	0.0000 0.0000 -1.0000 0.0000	</row0>
					<row1>	0.0000 1.0000 0.0000 0.0000	</row1>
					<row2>	1.0000 0.0000 0.0000 0.0000	</row2>
					<row3>	-0.0647 0.5794 -8.1851 1.0000	</row3>
				</transform>
			</node>
			<node>
				<identifier>	MP_CM012_Fire_Hose_Rack_1_INDEX_3	</identifier>
				<transform>
					<row0>	-0.6358 0.0000 -0.7719 0.0000	</row0>
					<row1>	0.0000 1.0000 0.0000 0.0000	</row1>
					<row2>	0.7719 0.0000 -0.6358 0.0000	</row2>
					<row3>	0.2525 0.5217 -5.0288 1.0000	</row3>
				</transform>
			</node>
			<node>
				<identifier>	MP_CM029_Emergency_Box	</identifier>
				<transform>
					<row0>	0.0000 0.0000 -1.0000 0.0000	</row0>
					<row1>	0.0000 1.0000 0.0000 0.0000	</row1>
					<row2>	1.0000 0.0000 0.0000 0.0000	</row2>
					<row3>	-0.0975 0.5872 -8.2367 1.0000	</row3>
				</transform>
			</node>
			<node>
				<identifier>	MP_CM032_Propeller3_R	</identifier>
				<transform>
					<row0>	1.2327 -0.0003 0.0000 0.0000	</row0>
					<row1>	0.0003 1.2324 -0.0287 0.0000	</row1>
					<row2>	0.0000 0.0287 1.2324 0.0000	</row2>
					<row3>	0.2205 -0.4772 -7.8403 1.0000	</row3>
				</transform>
			</node>
			<node>
				<identifier>	MP_CM032_Propeller3_R_INDEX_1	</identifier>
				<transform>
					<row0>	1.2325 0.0001 0.0259 0.0000	</row0>
					<row1>	0.0001 1.2327 -0.0120 0.0000	</row1>
					<row2>	-0.0259 0.0120 1.2324 0.0000	</row2>
					<row3>	0.6023 -0.4234 -7.0307 1.0000	</row3>
				</transform>
			</node>
			<node>
				<identifier>	SP_YMS011_YHWL_M_1	</identifier>
				<transform>
					<row0>	1.1889 0.3610 0.1363 0.0000	</row0>
					<row1>	-0.3591 1.1967 -0.0372 0.0000	</row1>
					<row2>	-0.1412 -0.0037 1.2420 0.0000	</row2>
					<row3>	-0.9185 0.0000 -5.6255 1.0000	</row3>
				</transform>
			</node>
			<node>
				<identifier>	SP_YMS011_YHWL_M_1_INDEX_11	</identifier>
				<transform>
					<row0>	1.1629 0.4152 0.1944 0.0000	</row0>
					<row1>	-0.4088 1.1790 -0.0726 0.0000	</row1>
					<row2>	-0.2075 0.0040 1.2327 0.0000	</row2>
					<row3>	-0.7683 0.0000 -6.6724 1.0000	</row3>
				</transform>
			</node>
			<node>
				<identifier>	SP_YMS011_YHWL_M_1_INDEX_14	</identifier>
				<transform>
					<row0>	1.1134 0.5212 0.2264 0.0000	</row0>
					<row1>	-0.5118 1.1361 -0.0989 0.0000	</row1>
					<row2>	-0.2470 -0.0045 1.2253 0.0000	</row2>
					<row3>	-0.5765 0.0048 -7.7197 1.0000	</row3>
				</transform>
			</node>
			<node>
				<identifier>	SP_YMS012_YHWR_M_1_INDEX_10	</identifier>
				<transform>
					<row0>	1.1889 -0.3610 -0.1363 0.0000	</row0>
					<row1>	0.3591 1.1967 -0.0372 0.0000	</row1>
					<row2>	0.1412 -0.0037 1.2420 0.0000	</row2>
					<row3>	0.9185 0.0000 -5.6255 1.0000	</row3>
				</transform>
			</node>
			<node>
				<identifier>	SP_YMS012_YHWR_M_1_INDEX_12	</identifier>
				<transform>
					<row0>	1.1629 -0.4152 -0.1944 0.0000	</row0>
					<row1>	0.4088 1.1790 -0.0726 0.0000	</row1>
					<row2>	0.2075 0.0040 1.2327 0.0000	</row2>
					<row3>	0.7683 0.0000 -6.6724 1.0000	</row3>
				</transform>
			</node>
			<node>
				<identifier>	SP_YMS012_YHWR_M_1_INDEX_14	</identifier>
				<transform>
					<row0>	1.1134 -0.5212 -0.2264 0.0000	</row0>
					<row1>	0.5118 1.1361 -0.0989 0.0000	</row1>
					<row2>	0.2470 -0.0045 1.2253 0.0000	</row2>
					<row3>	0.5765 0.0048 -7.7197 1.0000	</row3>
				</transform>
			</node>
			<node>
				<identifier>	SP_YMS023_YHUC_L_1	</identifier>
				<transform>
					<row0>	0.7438 0.0002 0.0156 0.0000	</row0>
					<row1>	0.0000 0.7438 -0.0143 0.0000	</row1>
					<row2>	-0.0156 0.0143 0.7436 0.0000	</row2>
					<row3>	0.6023 -0.4234 -7.0307 1.0000	</row3>
				</transform>
			</node>
			<node>
				<identifier>	SP_YMS023_YHUC_L_1_INDEX_1	</identifier>
				<transform>
					<row0>	0.7440 -0.0002 0.0000 0.0000	</row0>
					<row1>	0.0002 0.7438 -0.0173 0.0000	</row1>
					<row2>	0.0000 0.0173 0.7438 0.0000	</row2>
					<row3>	0.2205 -0.4772 -7.8403 1.0000	</row3>
				</transform>
			</node>
			<node>
				<identifier>	SP_YMS023_YHUC_L_1_INDEX_2	</identifier>
				<transform>
					<row0>	0.7438 -0.0002 -0.0156 0.0000	</row0>
					<row1>	0.0000 0.7438 -0.0143 0.0000	</row1>
					<row2>	0.0156 0.0143 0.7436 0.0000	</row2>
					<row3>	-0.6023 -0.4234 -7.0307 1.0000	</row3>
				</transform>
			</node>
			<node>
				<identifier>	SP_YMS023_YHUC_L_1_INDEX_3	</identifier>
				<transform>
					<row0>	0.7440 0.0002 0.0000 0.0000	</row0>
					<row1>	-0.0002 0.7438 -0.0173 0.0000	</row1>
					<row2>	0.0000 0.0173 0.7438 0.0000	</row2>
					<row3>	-0.2205 -0.4772 -7.8403 1.0000	</row3>
				</transform>
			</node>
			<node>
				<identifier>	SP_YMS030_YHAM_M_1	</identifier>
				<transform>
					<row0>	1.0000 0.0000 0.0000 0.0000	</row0>
					<row1>	0.0000 1.0000 0.0000 0.0000	</row1>
					<row2>	0.0000 0.0000 1.0000 0.0000	</row2>
					<row3>	0.0000 0.2275 -8.6710 1.0000	</row3>
				</transform>
			</node>
			<node>
				<identifier>	SP_YMS031_YHAL_M_1	</identifier>
				<transform>
					<row0>	1.2104 0.1213 0.1523 0.0000	</row0>
					<row1>	-0.1233 1.2197 0.0088 0.0000	</row1>
					<row2>	-0.1506 -0.0240 1.2165 0.0000	</row2>
					<row3>	-0.5292 0.2167 -8.3768 1.0000	</row3>
				</transform>
			</node>
			<node>
				<identifier>	SP_YMS032_YHAR_M_1	</identifier>
				<transform>
					<row0>	1.2104 -0.1213 -0.1523 0.0000	</row0>
					<row1>	0.1233 1.2197 0.0088 0.0000	</row1>
					<row2>	0.1506 -0.0240 1.2165 0.0000	</row2>
					<row3>	0.5292 0.2167 -8.3768 1.0000	</row3>
				</transform>
			</node>
			<node>
				<identifier>	SP_YMS053_YHDC_S_1_INDEX_1	</identifier>
				<transform>
					<row0>	1.0000 0.0000 0.0000 0.0000	</row0>
					<row1>	0.0000 1.0000 0.0000 0.0000	</row1>
					<row2>	0.0000 0.0000 1.0000 0.0000	</row2>
					<row3>	0.4027 0.5016 -6.9246 1.0000	</row3>
				</transform>
			</node>
			<node>
				<identifier>	SP_YMS053_YHDC_S_1_INDEX_4	</identifier>
				<transform>
					<row0>	1.0000 0.0000 0.0000 0.0000	</row0>
					<row1>	0.0000 1.0000 0.0000 0.0000	</row1>
					<row2>	0.0000 0.0000 1.0000 0.0000	</row2>
					<row3>	-0.4027 0.5016 -6.9246 1.0000	</row3>
				</transform>
			</node>
			<node>
				<identifier>	SP_YMS085_YHSC_S_1	</identifier>
				<transform>
					<row0>	0.0326 -0.0046 0.4524 0.0000	</row0>
					<row1>	0.0003 0.4536 0.0046 0.0000	</row1>
					<row2>	-0.4524 0.0000 0.0326 0.0000	</row2>
					<row3>	1.0084 0.4382 -5.3185 1.0000	</row3>
				</transform>
			</node>
			<node>
				<identifier>	SP_YMS085_YHSC_S_1_INDEX_2	</identifier>
				<transform>
					<row0>	0.0326 0.0046 -0.4524 0.0000	</row0>
					<row1>	-0.0003 0.4536 0.0046 0.0000	</row1>
					<row2>	0.4524 0.0000 0.0326 0.0000	</row2>
					<row3>	-1.0084 0.4382 -5.3185 1.0000	</row3>
				</transform>
			</node>
		</node>
	</node>
	<boundingBox>
		<min>	-0.0667 -0.0667 -0.0667	</min>
		<max>	0.0667 0.0667 0.0667	</max>
	</boundingBox>
</BSB038_Hawke_1943_Stern_ports.visual>
