<BSB002_Warspite_1941_MidFront_ports.visual>
	<node>
		<identifier>	Scene Root	</identifier>
		<transform>
			<row0>	1.0000 0.0000 0.0000 0.0000	</row0>
			<row1>	0.0000 1.0000 0.0000 0.0000	</row1>
			<row2>	0.0000 0.0000 1.0000 0.0000	</row2>
			<row3>	0.0000 0.0000 0.0000 1.0000	</row3>
		</transform>
		<node>
			<identifier>	MidFront_ports	</identifier>
			<transform>
				<row0>	1.0000 0.0000 0.0000 0.0000	</row0>
				<row1>	0.0000 1.0000 0.0000 0.0000	</row1>
				<row2>	0.0000 0.0000 1.0000 0.0000	</row2>
				<row3>	0.0000 0.0000 0.0000 1.0000	</row3>
			</transform>
			<node>
				<identifier>	HP_BD_1	</identifier>
				<transform>
					<row0>	0.0000 0.0000 1.0000 0.0000	</row0>
					<row1>	0.0000 1.0000 0.0000 0.0000	</row1>
					<row2>	-1.0000 0.0000 0.0000 0.0000	</row2>
					<row3>	-0.3023 1.5552 1.5103 1.0000	</row3>
				</transform>
			</node>
			<node>
				<identifier>	HP_BD_2	</identifier>
				<transform>
					<row0>	0.0000 0.0000 -1.0000 0.0000	</row0>
					<row1>	0.0000 1.0000 0.0000 0.0000	</row1>
					<row2>	1.0000 0.0000 0.0000 0.0000	</row2>
					<row3>	0.3023 1.5552 1.5103 1.0000	</row3>
				</transform>
			</node>
			<node>
				<identifier>	HP_BD_3	</identifier>
				<transform>
					<row0>	1.0000 0.0000 0.0000 0.0000	</row0>
					<row1>	0.0000 1.0000 0.0000 0.0000	</row1>
					<row2>	0.0000 0.0000 1.0000 0.0000	</row2>
					<row3>	0.0000 1.7653 1.3288 1.0000	</row3>
				</transform>
			</node>
			<node>
				<identifier>	HP_BD_4	</identifier>
				<transform>
					<row0>	1.0000 0.0000 0.0000 0.0000	</row0>
					<row1>	0.0000 1.0000 0.0000 0.0000	</row1>
					<row2>	0.0000 0.0000 1.0000 0.0000	</row2>
					<row3>	-0.3605 1.5999 1.0617 1.0000	</row3>
				</transform>
			</node>
			<node>
				<identifier>	HP_BD_5	</identifier>
				<transform>
					<row0>	1.0000 0.0000 0.0000 0.0000	</row0>
					<row1>	0.0000 1.0000 0.0000 0.0000	</row1>
					<row2>	0.0000 0.0000 1.0000 0.0000	</row2>
					<row3>	0.3605 1.5999 1.0617 1.0000	</row3>
				</transform>
			</node>
			<node>
				<identifier>	HP_BF_1	</identifier>
				<transform>
					<row0>	0.0000 0.0000 1.0000 0.0000	</row0>
					<row1>	0.0000 1.0000 0.0000 0.0000	</row1>
					<row2>	-1.0000 0.0000 0.0000 0.0000	</row2>
					<row3>	-0.2379 1.4630 1.8005 1.0000	</row3>
				</transform>
			</node>
			<node>
				<identifier>	HP_BF_2	</identifier>
				<transform>
					<row0>	0.0000 0.0000 -1.0000 0.0000	</row0>
					<row1>	0.0000 1.0000 0.0000 0.0000	</row1>
					<row2>	1.0000 0.0000 0.0000 0.0000	</row2>
					<row3>	0.2379 1.4630 1.8005 1.0000	</row3>
				</transform>
			</node>
			<node>
				<identifier>	HP_BGA_1	</identifier>
				<transform>
					<row0>	0.7071 0.0000 0.7071 0.0000	</row0>
					<row1>	0.0000 1.0000 0.0000 0.0000	</row1>
					<row2>	-0.7071 0.0000 0.7071 0.0000	</row2>
					<row3>	-0.4391 0.5344 2.5733 1.0000	</row3>
				</transform>
			</node>
			<node>
				<identifier>	HP_BGA_10	</identifier>
				<transform>
					<row0>	0.0000 0.0000 -1.0000 0.0000	</row0>
					<row1>	0.0000 1.0000 0.0000 0.0000	</row1>
					<row2>	1.0000 0.0000 0.0000 0.0000	</row2>
					<row3>	0.6457 0.9427 -0.2539 1.0000	</row3>
				</transform>
			</node>
			<node>
				<identifier>	HP_BGA_2	</identifier>
				<transform>
					<row0>	0.7071 0.0000 -0.7071 0.0000	</row0>
					<row1>	0.0000 1.0000 0.0000 0.0000	</row1>
					<row2>	0.7071 0.0000 0.7071 0.0000	</row2>
					<row3>	0.4391 0.5344 2.5733 1.0000	</row3>
				</transform>
			</node>
			<node>
				<identifier>	HP_BGA_3	</identifier>
				<transform>
					<row0>	0.7071 0.0000 0.7071 0.0000	</row0>
					<row1>	0.0000 1.0000 0.0000 0.0000	</row1>
					<row2>	-0.7071 0.0000 0.7071 0.0000	</row2>
					<row3>	-0.4446 0.7253 1.7463 1.0000	</row3>
				</transform>
			</node>
			<node>
				<identifier>	HP_BGA_4	</identifier>
				<transform>
					<row0>	0.7071 0.0000 -0.7071 0.0000	</row0>
					<row1>	0.0000 1.0000 0.0000 0.0000	</row1>
					<row2>	0.7071 0.0000 0.7071 0.0000	</row2>
					<row3>	0.4446 0.7253 1.7463 1.0000	</row3>
				</transform>
			</node>
			<node>
				<identifier>	HP_BGA_5	</identifier>
				<transform>
					<row0>	0.7071 0.0000 0.7071 0.0000	</row0>
					<row1>	0.0000 1.0000 0.0000 0.0000	</row1>
					<row2>	-0.7071 0.0000 0.7071 0.0000	</row2>
					<row3>	-0.5596 0.7253 1.2232 1.0000	</row3>
				</transform>
			</node>
			<node>
				<identifier>	HP_BGA_6	</identifier>
				<transform>
					<row0>	0.7071 0.0000 -0.7071 0.0000	</row0>
					<row1>	0.0000 1.0000 0.0000 0.0000	</row1>
					<row2>	0.7071 0.0000 0.7071 0.0000	</row2>
					<row3>	0.5596 0.7253 1.2232 1.0000	</row3>
				</transform>
			</node>
			<node>
				<identifier>	HP_BGA_7	</identifier>
				<transform>
					<row0>	0.0000 0.0000 1.0000 0.0000	</row0>
					<row1>	0.0000 1.0000 0.0000 0.0000	</row1>
					<row2>	-1.0000 0.0000 0.0000 0.0000	</row2>
					<row3>	-0.5607 0.8470 0.3041 1.0000	</row3>
				</transform>
			</node>
			<node>
				<identifier>	HP_BGA_8	</identifier>
				<transform>
					<row0>	0.0000 0.0000 -1.0000 0.0000	</row0>
					<row1>	0.0000 1.0000 0.0000 0.0000	</row1>
					<row2>	1.0000 0.0000 0.0000 0.0000	</row2>
					<row3>	0.5607 0.8470 0.3041 1.0000	</row3>
				</transform>
			</node>
			<node>
				<identifier>	HP_BGA_9	</identifier>
				<transform>
					<row0>	0.0000 0.0000 1.0000 0.0000	</row0>
					<row1>	0.0000 1.0000 0.0000 0.0000	</row1>
					<row2>	-1.0000 0.0000 0.0000 0.0000	</row2>
					<row3>	-0.6457 0.9427 -0.2539 1.0000	</row3>
				</transform>
			</node>
			<node>
				<identifier>	HP_BGM_2	</identifier>
				<transform>
					<row0>	1.0000 0.0000 0.0000 0.0000	</row0>
					<row1>	0.0000 1.0000 0.0000 0.0000	</row1>
					<row2>	0.0000 0.0000 1.0000 0.0000	</row2>
					<row3>	0.0000 0.7714 2.5151 1.0000	</row3>
				</transform>
			</node>
			<node>
				<identifier>	HP_BGS_1	</identifier>
				<transform>
					<row0>	1.0000 0.0000 0.0000 0.0000	</row0>
					<row1>	0.0000 1.0000 0.0000 0.0000	</row1>
					<row2>	0.0000 0.0000 1.0000 0.0000	</row2>
					<row3>	-0.7819 0.3730 1.8391 1.0000	</row3>
				</transform>
			</node>
			<node>
				<identifier>	HP_BGS_10	</identifier>
				<transform>
					<row0>	0.9545 0.0000 -0.2981 0.0000	</row0>
					<row1>	0.0000 1.0000 0.0000 0.0000	</row1>
					<row2>	0.2981 0.0000 0.9545 0.0000	</row2>
					<row3>	0.9347 0.3650 0.2489 1.0000	</row3>
				</transform>
			</node>
			<node>
				<identifier>	HP_BGS_11	</identifier>
				<transform>
					<row0>	-1.0000 0.0000 0.0000 0.0000	</row0>
					<row1>	0.0000 1.0000 0.0000 0.0000	</row1>
					<row2>	0.0000 0.0000 -1.0000 0.0000	</row2>
					<row3>	-0.9398 0.4855 -0.5321 1.0000	</row3>
				</transform>
			</node>
			<node>
				<identifier>	HP_BGS_12	</identifier>
				<transform>
					<row0>	-1.0000 0.0000 0.0000 0.0000	</row0>
					<row1>	0.0000 1.0000 0.0000 0.0000	</row1>
					<row2>	0.0000 0.0000 -1.0000 0.0000	</row2>
					<row3>	0.9398 0.4855 -0.5321 1.0000	</row3>
				</transform>
			</node>
			<node>
				<identifier>	HP_BGS_2	</identifier>
				<transform>
					<row0>	1.0000 0.0000 0.0000 0.0000	</row0>
					<row1>	0.0000 1.0000 0.0000 0.0000	</row1>
					<row2>	0.0000 0.0000 1.0000 0.0000	</row2>
					<row3>	0.7819 0.3730 1.8391 1.0000	</row3>
				</transform>
			</node>
			<node>
				<identifier>	HP_BGS_3	</identifier>
				<transform>
					<row0>	1.0000 0.0000 0.0000 0.0000	</row0>
					<row1>	0.0000 1.0000 0.0000 0.0000	</row1>
					<row2>	0.0000 0.0000 1.0000 0.0000	</row2>
					<row3>	-0.9127 0.3702 1.3071 1.0000	</row3>
				</transform>
			</node>
			<node>
				<identifier>	HP_BGS_4	</identifier>
				<transform>
					<row0>	1.0000 0.0000 0.0000 0.0000	</row0>
					<row1>	0.0000 1.0000 0.0000 0.0000	</row1>
					<row2>	0.0000 0.0000 1.0000 0.0000	</row2>
					<row3>	0.9127 0.3702 1.3071 1.0000	</row3>
				</transform>
			</node>
			<node>
				<identifier>	HP_BGS_5	</identifier>
				<transform>
					<row0>	0.9755 0.0000 0.2198 0.0000	</row0>
					<row1>	0.0000 1.0000 0.0000 0.0000	</row1>
					<row2>	-0.2198 0.0000 0.9755 0.0000	</row2>
					<row3>	-0.9328 0.3659 0.7822 1.0000	</row3>
				</transform>
			</node>
			<node>
				<identifier>	HP_BGS_6	</identifier>
				<transform>
					<row0>	0.9755 0.0000 -0.2198 0.0000	</row0>
					<row1>	0.0000 1.0000 0.0000 0.0000	</row1>
					<row2>	0.2198 0.0000 0.9755 0.0000	</row2>
					<row3>	0.9328 0.3659 0.7822 1.0000	</row3>
				</transform>
			</node>
			<node>
				<identifier>	HP_BGS_7	</identifier>
				<transform>
					<row0>	1.0000 0.0000 0.0000 0.0000	</row0>
					<row1>	0.0000 1.0000 0.0000 0.0000	</row1>
					<row2>	0.0000 0.0000 1.0000 0.0000	</row2>
					<row3>	-0.8201 0.4858 0.4553 1.0000	</row3>
				</transform>
			</node>
			<node>
				<identifier>	HP_BGS_8	</identifier>
				<transform>
					<row0>	1.0000 0.0000 0.0000 0.0000	</row0>
					<row1>	0.0000 1.0000 0.0000 0.0000	</row1>
					<row2>	0.0000 0.0000 1.0000 0.0000	</row2>
					<row3>	0.8201 0.4858 0.4553 1.0000	</row3>
				</transform>
			</node>
			<node>
				<identifier>	HP_BGS_9	</identifier>
				<transform>
					<row0>	0.9545 0.0000 0.2981 0.0000	</row0>
					<row1>	0.0000 1.0000 0.0000 0.0000	</row1>
					<row2>	-0.2981 0.0000 0.9545 0.0000	</row2>
					<row3>	-0.9347 0.3650 0.2489 1.0000	</row3>
				</transform>
			</node>
			<node>
				<identifier>	HP_BRS_1	</identifier>
				<transform>
					<row0>	1.0000 0.0000 0.0000 0.0000	</row0>
					<row1>	0.0000 1.0000 0.0000 0.0000	</row1>
					<row2>	0.0000 0.0000 1.0000 0.0000	</row2>
					<row3>	0.0000 3.0211 0.7861 1.0000	</row3>
				</transform>
			</node>
			<node>
				<identifier>	HP_FX_Death_2	</identifier>
				<transform>
					<row0>	1.0000 0.0000 0.0000 0.0000	</row0>
					<row1>	0.0000 1.0000 0.0000 0.0000	</row1>
					<row2>	0.0000 0.0000 1.0000 0.0000	</row2>
					<row3>	0.0000 0.0000 -1.1052 1.0000	</row3>
				</transform>
			</node>
			<node>
				<identifier>	HP_FX_Fire_2	</identifier>
				<transform>
					<row0>	1.0000 0.0000 0.0000 0.0000	</row0>
					<row1>	0.0000 1.0000 0.0000 0.0000	</row1>
					<row2>	0.0000 0.0000 1.0000 0.0000	</row2>
					<row3>	0.0000 1.0197 -0.1835 1.0000	</row3>
				</transform>
			</node>
			<node>
				<identifier>	HP_FX_Fire_2_side_1	</identifier>
				<transform>
					<row0>	0.9986 0.0000 -0.0531 0.0000	</row0>
					<row1>	0.0000 1.0000 0.0000 0.0000	</row1>
					<row2>	0.0531 0.0000 0.9986 0.0000	</row2>
					<row3>	-0.7653 0.4993 1.7974 1.0000	</row3>
				</transform>
			</node>
			<node>
				<identifier>	HP_FX_Fire_2_side_2	</identifier>
				<transform>
					<row0>	0.9971 0.0000 0.0763 0.0000	</row0>
					<row1>	0.0000 1.0000 0.0000 0.0000	</row1>
					<row2>	-0.0763 0.0000 0.9971 0.0000	</row2>
					<row3>	0.9189 0.5048 1.1903 1.0000	</row3>
				</transform>
			</node>
			<node>
				<identifier>	HP_FX_Fire_2_side_3	</identifier>
				<transform>
					<row0>	1.0000 0.0000 0.0000 0.0000	</row0>
					<row1>	0.0000 1.0000 0.0000 0.0000	</row1>
					<row2>	0.0000 0.0000 1.0000 0.0000	</row2>
					<row3>	0.7107 0.9910 -0.2847 1.0000	</row3>
				</transform>
			</node>
			<node>
				<identifier>	HP_FX_Fire_5	</identifier>
				<transform>
					<row0>	1.0000 0.0000 0.0000 0.0000	</row0>
					<row1>	0.0000 1.0000 0.0000 0.0000	</row1>
					<row2>	0.0000 0.0000 1.0000 0.0000	</row2>
					<row3>	-0.1368 0.4685 -1.0971 1.0000	</row3>
				</transform>
			</node>
			<node>
				<identifier>	HP_FX_Fire_5_2	</identifier>
				<transform>
					<row0>	1.0000 0.0000 0.0000 0.0000	</row0>
					<row1>	0.0000 1.0000 0.0000 0.0000	</row1>
					<row2>	0.0000 0.0000 1.0000 0.0000	</row2>
					<row3>	-0.1368 0.8091 -0.4392 1.0000	</row3>
				</transform>
			</node>
			<node>
				<identifier>	HP_FX_FloodLight_left_1	</identifier>
				<transform>
					<row0>	-1.0000 0.0000 0.0000 0.0000	</row0>
					<row1>	0.0000 1.0000 0.0000 0.0000	</row1>
					<row2>	0.0000 0.0000 -1.0000 0.0000	</row2>
					<row3>	-0.3960 1.0090 1.1720 1.0000	</row3>
				</transform>
			</node>
			<node>
				<identifier>	HP_FX_FloodLight_right_2	</identifier>
				<transform>
					<row0>	1.0000 0.0000 0.0000 0.0000	</row0>
					<row1>	0.0000 1.0000 0.0000 0.0000	</row1>
					<row2>	0.0000 0.0000 1.0000 0.0000	</row2>
					<row3>	0.3960 1.0090 1.1720 1.0000	</row3>
				</transform>
			</node>
			<node>
				<identifier>	HP_FX_Flood_steam_1	</identifier>
				<transform>
					<row0>	0.9001 -0.0762 0.4290 0.0000	</row0>
					<row1>	0.2511 0.8953 -0.3679 0.0000	</row1>
					<row2>	-0.3560 0.4389 0.8250 0.0000	</row2>
					<row3>	0.0910 1.5440 -0.0123 1.0000	</row3>
				</transform>
			</node>
			<node>
				<identifier>	HP_FX_Flood_steam_2	</identifier>
				<transform>
					<row0>	0.9614 -0.0742 -0.2651 0.0000	</row0>
					<row1>	-0.0521 0.8966 -0.4398 0.0000	</row1>
					<row2>	0.2703 0.4366 0.8581 0.0000	</row2>
					<row3>	-0.0910 1.5440 -0.0123 1.0000	</row3>
				</transform>
			</node>
			<node>
				<identifier>	HP_FX_Flood_steam_left	</identifier>
				<transform>
					<row0>	-1.0000 0.0000 0.0000 0.0000	</row0>
					<row1>	0.0000 1.0000 0.0000 0.0000	</row1>
					<row2>	0.0000 0.0000 -1.0000 0.0000	</row2>
					<row3>	-0.7180 0.4340 2.9330 1.0000	</row3>
				</transform>
			</node>
			<node>
				<identifier>	HP_FX_Flood_water_left_2	</identifier>
				<transform>
					<row0>	-1.0000 0.0000 0.0000 0.0000	</row0>
					<row1>	0.0000 1.0000 0.0000 0.0000	</row1>
					<row2>	0.0000 0.0000 -1.0000 0.0000	</row2>
					<row3>	-1.0559 0.0892 -0.3456 1.0000	</row3>
				</transform>
			</node>
			<node>
				<identifier>	HP_FX_Flood_water_right_2	</identifier>
				<transform>
					<row0>	1.0000 0.0000 0.0000 0.0000	</row0>
					<row1>	0.0000 1.0000 0.0000 0.0000	</row1>
					<row2>	0.0000 0.0000 1.0000 0.0000	</row2>
					<row3>	1.0575 0.0880 -0.3449 1.0000	</row3>
				</transform>
			</node>
			<node>
				<identifier>	HP_FX_RepairLight_right_1	</identifier>
				<transform>
					<row0>	0.1474 0.0510 -0.9878 0.0000	</row0>
					<row1>	0.1129 0.9913 0.0680 0.0000	</row1>
					<row2>	0.9826 -0.1215 0.1403 0.0000	</row2>
					<row3>	0.8433 0.3250 2.9730 1.0000	</row3>
				</transform>
			</node>
			<node>
				<identifier>	HP_FX_Smoke_1	</identifier>
				<transform>
					<row0>	1.0000 0.0000 0.0000 0.0000	</row0>
					<row1>	0.0000 1.0000 0.0000 0.0000	</row1>
					<row2>	0.0000 0.0000 1.0000 0.0000	</row2>
					<row3>	0.0000 1.6317 0.3280 1.0000	</row3>
				</transform>
			</node>
			<node>
				<identifier>	HP_FX_Smoke_2	</identifier>
				<transform>
					<row0>	1.0000 0.0000 0.0000 0.0000	</row0>
					<row1>	0.0000 1.0000 0.0000 0.0000	</row1>
					<row2>	0.0000 0.0000 1.0000 0.0000	</row2>
					<row3>	0.0000 1.6317 0.1793 1.0000	</row3>
				</transform>
			</node>
			<node>
				<identifier>	HP_Flagpole	</identifier>
				<transform>
					<row0>	0.3493 0.0000 0.0000 0.0000	</row0>
					<row1>	0.0000 0.3493 0.0000 0.0000	</row1>
					<row2>	0.0000 0.0000 0.3493 0.0000	</row2>
					<row3>	-0.0135 2.8095 0.7213 1.0000	</row3>
				</transform>
			</node>
			<node>
				<identifier>	HP_flag_1	</identifier>
				<transform>
					<row0>	0.9952 -0.0980 -0.0026 0.0000	</row0>
					<row1>	0.0980 0.9938 0.0529 0.0000	</row1>
					<row2>	-0.0026 -0.0529 0.9986 0.0000	</row2>
					<row3>	0.4186 2.1791 0.7566 1.0000	</row3>
				</transform>
			</node>
			<node>
				<identifier>	HP_flag_2	</identifier>
				<transform>
					<row0>	0.9952 0.0980 0.0026 0.0000	</row0>
					<row1>	-0.0980 0.9938 0.0529 0.0000	</row1>
					<row2>	0.0026 -0.0529 0.9986 0.0000	</row2>
					<row3>	-0.4186 2.1791 0.7566 1.0000	</row3>
				</transform>
			</node>
			<node>
				<identifier>	HP_flag_3	</identifier>
				<transform>
					<row0>	0.9993 -0.0365 -0.0010 0.0000	</row0>
					<row1>	0.0365 0.9979 0.0532 0.0000	</row1>
					<row2>	-0.0010 -0.0532 0.9986 0.0000	</row2>
					<row3>	0.2950 2.1789 0.7565 1.0000	</row3>
				</transform>
			</node>
			<node>
				<identifier>	HP_flag_4	</identifier>
				<transform>
					<row0>	0.9993 0.0365 0.0010 0.0000	</row0>
					<row1>	-0.0365 0.9979 0.0532 0.0000	</row1>
					<row2>	0.0010 -0.0532 0.9986 0.0000	</row2>
					<row3>	-0.2950 2.1789 0.7565 1.0000	</row3>
				</transform>
			</node>
			<node>
				<identifier>	HP_flag_rank	</identifier>
				<transform>
					<row0>	1.0000 -0.0034 0.0001 0.0000	</row0>
					<row1>	0.0034 0.9977 -0.0683 0.0000	</row1>
					<row2>	0.0001 0.0683 0.9977 0.0000	</row2>
					<row3>	0.0000 2.8754 0.5871 1.0000	</row3>
				</transform>
			</node>
			<node>
				<identifier>	MP_BM001_Paravane	</identifier>
				<transform>
					<row0>	0.0000 -1.0000 0.0000 0.0000	</row0>
					<row1>	0.9764 0.0000 0.2161 0.0000	</row1>
					<row2>	-0.2161 0.0000 0.9764 0.0000	</row2>
					<row3>	0.3992 0.5815 2.3657 1.0000	</row3>
				</transform>
			</node>
			<node>
				<identifier>	MP_BM001_Paravane_INDEX_1	</identifier>
				<transform>
					<row0>	0.0000 1.0000 0.0000 0.0000	</row0>
					<row1>	-0.9764 0.0000 0.2161 0.0000	</row1>
					<row2>	0.2161 0.0000 0.9764 0.0000	</row2>
					<row3>	-0.3992 0.5815 2.3657 1.0000	</row3>
				</transform>
			</node>
			<node>
				<identifier>	MP_BM004_Reels	</identifier>
				<transform>
					<row0>	0.7667 0.0000 -0.4713 0.0000	</row0>
					<row1>	0.0000 0.9000 0.0000 0.0000	</row1>
					<row2>	0.4713 0.0000 0.7667 0.0000	</row2>
					<row3>	0.1489 0.4926 2.8927 1.0000	</row3>
				</transform>
			</node>
			<node>
				<identifier>	MP_BM004_Reels_INDEX_1	</identifier>
				<transform>
					<row0>	0.0000 0.0000 1.3000 0.0000	</row0>
					<row1>	0.0000 1.0000 0.0000 0.0000	</row1>
					<row2>	-1.0000 0.0000 0.0000 0.0000	</row2>
					<row3>	-0.6978 0.4836 0.1254 1.0000	</row3>
				</transform>
			</node>
			<node>
				<identifier>	MP_BM004_Reels_INDEX_2	</identifier>
				<transform>
					<row0>	0.7068 0.0000 -0.7074 0.0000	</row0>
					<row1>	0.0000 1.0000 0.0000 0.0000	</row1>
					<row2>	0.7074 0.0000 0.7068 0.0000	</row2>
					<row3>	0.1979 0.6909 1.9333 1.0000	</row3>
				</transform>
			</node>
			<node>
				<identifier>	MP_BM004_Reels_INDEX_3	</identifier>
				<transform>
					<row0>	0.7068 0.0000 0.7074 0.0000	</row0>
					<row1>	0.0000 1.0000 0.0000 0.0000	</row1>
					<row2>	-0.7074 0.0000 0.7068 0.0000	</row2>
					<row3>	-0.1979 0.6909 1.9333 1.0000	</row3>
				</transform>
			</node>
			<node>
				<identifier>	MP_BM004_Reels_INDEX_4	</identifier>
				<transform>
					<row0>	0.5918 0.0000 0.6781 0.0000	</row0>
					<row1>	0.0000 0.9000 0.0000 0.0000	</row1>
					<row2>	-0.6781 0.0000 0.5918 0.0000	</row2>
					<row3>	-0.3259 0.4922 2.7482 1.0000	</row3>
				</transform>
			</node>
			<node>
				<identifier>	MP_BM004_Reels_INDEX_5	</identifier>
				<transform>
					<row0>	0.0000 0.0000 0.9000 0.0000	</row0>
					<row1>	0.0000 0.9000 0.0000 0.0000	</row1>
					<row2>	-0.9000 0.0000 0.0000 0.0000	</row2>
					<row3>	-0.1754 0.4926 2.8913 1.0000	</row3>
				</transform>
			</node>
			<node>
				<identifier>	MP_BM004_Reels_INDEX_6	</identifier>
				<transform>
					<row0>	0.0000 0.0000 -1.3000 0.0000	</row0>
					<row1>	0.0000 1.0000 0.0000 0.0000	</row1>
					<row2>	1.0000 0.0000 0.0000 0.0000	</row2>
					<row3>	0.6978 0.4836 0.1254 1.0000	</row3>
				</transform>
			</node>
			<node>
				<identifier>	MP_BM004_Reels_INDEX_7	</identifier>
				<transform>
					<row0>	0.0000 0.0000 1.3000 0.0000	</row0>
					<row1>	0.0000 1.3000 0.0000 0.0000	</row1>
					<row2>	-1.3000 0.0000 0.0000 0.0000	</row2>
					<row3>	0.6814 0.4814 -1.0203 1.0000	</row3>
				</transform>
			</node>
			<node>
				<identifier>	MP_BM022_Flotanet	</identifier>
				<transform>
					<row0>	-0.9769 0.0000 0.2139 0.0000	</row0>
					<row1>	0.0000 1.0000 0.0000 0.0000	</row1>
					<row2>	-0.2139 0.0000 -0.9769 0.0000	</row2>
					<row3>	-0.5635 0.6390 1.6414 1.0000	</row3>
				</transform>
			</node>
			<node>
				<identifier>	MP_BM022_Flotanet_INDEX_1	</identifier>
				<transform>
					<row0>	-0.9765 0.0000 0.2155 0.0000	</row0>
					<row1>	0.0000 1.0000 0.0000 0.0000	</row1>
					<row2>	-0.2155 0.0000 -0.9765 0.0000	</row2>
					<row3>	-0.4657 0.6390 2.0877 1.0000	</row3>
				</transform>
			</node>
			<node>
				<identifier>	MP_BM022_Flotanet_INDEX_2	</identifier>
				<transform>
					<row0>	0.9769 0.0000 0.2136 0.0000	</row0>
					<row1>	0.0000 1.0000 0.0000 0.0000	</row1>
					<row2>	-0.2136 0.0000 0.9769 0.0000	</row2>
					<row3>	0.5639 0.6390 1.6416 1.0000	</row3>
				</transform>
			</node>
			<node>
				<identifier>	MP_BM022_Flotanet_INDEX_3	</identifier>
				<transform>
					<row0>	0.9769 0.0000 0.2136 0.0000	</row0>
					<row1>	0.0000 1.0000 0.0000 0.0000	</row1>
					<row2>	-0.2136 0.0000 0.9769 0.0000	</row2>
					<row3>	0.4663 0.6390 2.0879 1.0000	</row3>
				</transform>
			</node>
			<node>
				<identifier>	MP_BM085_Easter_egg_Warspite_chest	</identifier>
				<transform>
					<row0>	1.0000 0.0000 0.0000 0.0000	</row0>
					<row1>	0.0000 1.0000 0.0000 0.0000	</row1>
					<row2>	0.0000 0.0000 1.0000 0.0000	</row2>
					<row3>	0.0000 0.0000 0.0000 1.0000	</row3>
				</transform>
			</node>
			<node>
				<identifier>	MP_BM092_Crest_Warspite	</identifier>
				<transform>
					<row0>	1.0000 0.0000 0.0000 0.0000	</row0>
					<row1>	0.0000 1.0000 0.0000 0.0000	</row1>
					<row2>	0.0000 0.0000 1.0000 0.0000	</row2>
					<row3>	0.0000 1.2777 1.9247 1.0000	</row3>
				</transform>
			</node>
			<node>
				<identifier>	MP_BM502_Pinnace_45ft	</identifier>
				<transform>
					<row0>	-0.9960 0.0000 -0.0889 0.0000	</row0>
					<row1>	0.0000 1.0000 0.0000 0.0000	</row1>
					<row2>	0.0889 0.0000 -0.9960 0.0000	</row2>
					<row3>	0.1531 1.0022 -0.5808 1.0000	</row3>
				</transform>
			</node>
			<node>
				<identifier>	MP_BM503_Motor_Boat_35ft	</identifier>
				<transform>
					<row0>	0.9951 0.0000 0.0986 0.0000	</row0>
					<row1>	0.0000 1.0000 0.0000 0.0000	</row1>
					<row2>	-0.0986 0.0000 0.9951 0.0000	</row2>
					<row3>	0.3108 0.9587 -0.1410 1.0000	</row3>
				</transform>
			</node>
			<node>
				<identifier>	MP_BM504_Motor_Boat_45ft	</identifier>
				<transform>
					<row0>	0.9991 0.0000 -0.0424 0.0000	</row0>
					<row1>	0.0000 1.0000 0.0000 0.0000	</row1>
					<row2>	0.0424 0.0000 0.9991 0.0000	</row2>
					<row3>	-0.2903 0.9817 -0.1340 1.0000	</row3>
				</transform>
			</node>
			<node>
				<identifier>	MP_BM504_Motor_Boat_45ft_INDEX_1	</identifier>
				<transform>
					<row0>	-0.9991 0.0000 0.0424 0.0000	</row0>
					<row1>	0.0000 1.0000 0.0000 0.0000	</row1>
					<row2>	-0.0424 0.0000 -0.9991 0.0000	</row2>
					<row3>	-0.0999 1.0022 -0.5983 1.0000	</row3>
				</transform>
			</node>
			<node>
				<identifier>	MP_BM505_Rubber_Boat	</identifier>
				<transform>
					<row0>	0.0000 0.0000 -1.0000 0.0000	</row0>
					<row1>	0.0000 1.0000 0.0000 0.0000	</row1>
					<row2>	1.0000 0.0000 0.0000 0.0000	</row2>
					<row3>	0.7033 0.7691 -0.5323 1.0000	</row3>
				</transform>
			</node>
			<node>
				<identifier>	MP_BM505_Rubber_Boat_INDEX_1	</identifier>
				<transform>
					<row0>	0.0000 0.0000 -1.5000 0.0000	</row0>
					<row1>	-1.5000 0.0000 0.0000 0.0000	</row1>
					<row2>	0.0000 1.5000 0.0000 0.0000	</row2>
					<row3>	-0.3886 0.9782 0.9430 1.0000	</row3>
				</transform>
			</node>
			<node>
				<identifier>	MP_BM505_Rubber_Boat_INDEX_10	</identifier>
				<transform>
					<row0>	-1.5156 0.0000 0.0000 0.0000	</row0>
					<row1>	0.0000 1.5156 0.0000 0.0000	</row1>
					<row2>	0.0000 0.0000 -1.5156 0.0000	</row2>
					<row3>	-0.3287 0.9858 -0.7431 1.0000	</row3>
				</transform>
			</node>
			<node>
				<identifier>	MP_BM505_Rubber_Boat_INDEX_11	</identifier>
				<transform>
					<row0>	-0.0840 0.0000 -0.9965 0.0000	</row0>
					<row1>	0.0000 1.0000 0.0000 0.0000	</row1>
					<row2>	0.9965 0.0000 -0.0840 0.0000	</row2>
					<row3>	-0.7033 0.7014 -0.5405 1.0000	</row3>
				</transform>
			</node>
			<node>
				<identifier>	MP_BM505_Rubber_Boat_INDEX_12	</identifier>
				<transform>
					<row0>	0.0000 0.0000 -1.0000 0.0000	</row0>
					<row1>	0.0000 1.0000 0.0000 0.0000	</row1>
					<row2>	1.0000 0.0000 0.0000 0.0000	</row2>
					<row3>	0.7033 0.7240 -0.5323 1.0000	</row3>
				</transform>
			</node>
			<node>
				<identifier>	MP_BM505_Rubber_Boat_INDEX_13	</identifier>
				<transform>
					<row0>	-0.0840 0.0000 -0.9965 0.0000	</row0>
					<row1>	0.0000 1.0000 0.0000 0.0000	</row1>
					<row2>	0.9965 0.0000 -0.0840 0.0000	</row2>
					<row3>	-0.7033 0.7240 -0.5405 1.0000	</row3>
				</transform>
			</node>
			<node>
				<identifier>	MP_BM505_Rubber_Boat_INDEX_14	</identifier>
				<transform>
					<row0>	0.0000 -1.6000 0.0000 0.0000	</row0>
					<row1>	0.0000 0.0000 -1.6000 0.0000	</row1>
					<row2>	1.6000 0.0000 0.0000 0.0000	</row2>
					<row3>	0.1787 0.8758 0.8173 1.0000	</row3>
				</transform>
			</node>
			<node>
				<identifier>	MP_BM505_Rubber_Boat_INDEX_15	</identifier>
				<transform>
					<row0>	-1.5156 0.0000 0.0000 0.0000	</row0>
					<row1>	0.0000 1.5156 0.0000 0.0000	</row1>
					<row2>	0.0000 0.0000 -1.5156 0.0000	</row2>
					<row3>	0.3287 0.9858 -0.7431 1.0000	</row3>
				</transform>
			</node>
			<node>
				<identifier>	MP_BM505_Rubber_Boat_INDEX_16	</identifier>
				<transform>
					<row0>	-0.0840 0.0000 -0.9965 0.0000	</row0>
					<row1>	0.0000 1.0000 0.0000 0.0000	</row1>
					<row2>	0.9965 0.0000 -0.0840 0.0000	</row2>
					<row3>	-0.7033 0.7916 -0.5405 1.0000	</row3>
				</transform>
			</node>
			<node>
				<identifier>	MP_BM505_Rubber_Boat_INDEX_17	</identifier>
				<transform>
					<row0>	0.0000 0.0000 -1.0000 0.0000	</row0>
					<row1>	0.0000 1.0000 0.0000 0.0000	</row1>
					<row2>	1.0000 0.0000 0.0000 0.0000	</row2>
					<row3>	0.7033 0.7014 -0.5323 1.0000	</row3>
				</transform>
			</node>
			<node>
				<identifier>	MP_BM505_Rubber_Boat_INDEX_2	</identifier>
				<transform>
					<row0>	-0.0840 0.0000 -0.9965 0.0000	</row0>
					<row1>	0.0000 1.0000 0.0000 0.0000	</row1>
					<row2>	0.9965 0.0000 -0.0840 0.0000	</row2>
					<row3>	-0.7033 0.7465 -0.5405 1.0000	</row3>
				</transform>
			</node>
			<node>
				<identifier>	MP_BM505_Rubber_Boat_INDEX_3	</identifier>
				<transform>
					<row0>	-0.0840 0.0000 -0.9965 0.0000	</row0>
					<row1>	0.0000 1.0000 0.0000 0.0000	</row1>
					<row2>	0.9965 0.0000 -0.0840 0.0000	</row2>
					<row3>	-0.7033 0.7691 -0.5405 1.0000	</row3>
				</transform>
			</node>
			<node>
				<identifier>	MP_BM505_Rubber_Boat_INDEX_4	</identifier>
				<transform>
					<row0>	0.0000 -1.6000 0.0000 0.0000	</row0>
					<row1>	0.0000 0.0000 -1.6000 0.0000	</row1>
					<row2>	1.6000 0.0000 0.0000 0.0000	</row2>
					<row3>	-0.2104 0.8758 0.8173 1.0000	</row3>
				</transform>
			</node>
			<node>
				<identifier>	MP_BM505_Rubber_Boat_INDEX_5	</identifier>
				<transform>
					<row0>	0.0000 0.0000 -1.0000 0.0000	</row0>
					<row1>	0.0000 1.0000 0.0000 0.0000	</row1>
					<row2>	1.0000 0.0000 0.0000 0.0000	</row2>
					<row3>	0.7033 0.7465 -0.5323 1.0000	</row3>
				</transform>
			</node>
			<node>
				<identifier>	MP_BM505_Rubber_Boat_INDEX_6	</identifier>
				<transform>
					<row0>	-0.0840 0.0000 -0.9965 0.0000	</row0>
					<row1>	0.0000 1.0000 0.0000 0.0000	</row1>
					<row2>	0.9965 0.0000 -0.0840 0.0000	</row2>
					<row3>	-0.7033 0.6788 -0.5405 1.0000	</row3>
				</transform>
			</node>
			<node>
				<identifier>	MP_BM505_Rubber_Boat_INDEX_7	</identifier>
				<transform>
					<row0>	0.0000 0.0000 -1.0000 0.0000	</row0>
					<row1>	0.0000 1.0000 0.0000 0.0000	</row1>
					<row2>	1.0000 0.0000 0.0000 0.0000	</row2>
					<row3>	0.7033 0.6788 -0.5323 1.0000	</row3>
				</transform>
			</node>
			<node>
				<identifier>	MP_BM505_Rubber_Boat_INDEX_8	</identifier>
				<transform>
					<row0>	0.0000 0.0000 -1.0000 0.0000	</row0>
					<row1>	0.0000 1.0000 0.0000 0.0000	</row1>
					<row2>	1.0000 0.0000 0.0000 0.0000	</row2>
					<row3>	0.7033 0.7916 -0.5323 1.0000	</row3>
				</transform>
			</node>
			<node>
				<identifier>	MP_BM505_Rubber_Boat_INDEX_9	</identifier>
				<transform>
					<row0>	0.0000 0.0000 1.5000 0.0000	</row0>
					<row1>	1.5000 0.0000 0.0000 0.0000	</row1>
					<row2>	0.0000 1.5000 0.0000 0.0000	</row2>
					<row3>	0.3886 0.9782 0.9430 1.0000	</row3>
				</transform>
			</node>
			<node>
				<identifier>	MP_BM600_Sky_lookout	</identifier>
				<transform>
					<row0>	1.0000 0.0000 0.0000 0.0000	</row0>
					<row1>	0.0000 1.0000 0.0000 0.0000	</row1>
					<row2>	0.0000 0.0000 1.0000 0.0000	</row2>
					<row3>	-0.1229 1.6531 1.6172 1.0000	</row3>
				</transform>
			</node>
			<node>
				<identifier>	MP_BM600_Sky_lookout_INDEX_1	</identifier>
				<transform>
					<row0>	-1.0000 0.0000 0.0000 0.0000	</row0>
					<row1>	0.0000 1.0000 0.0000 0.0000	</row1>
					<row2>	0.0000 0.0000 -1.0000 0.0000	</row2>
					<row3>	0.1229 1.6531 1.6172 1.0000	</row3>
				</transform>
			</node>
			<node>
				<identifier>	MP_BM600_Sky_lookout_INDEX_2	</identifier>
				<transform>
					<row0>	0.0000 0.0000 -1.0000 0.0000	</row0>
					<row1>	0.0000 1.0000 0.0000 0.0000	</row1>
					<row2>	1.0000 0.0000 0.0000 0.0000	</row2>
					<row3>	0.0963 1.6531 1.8264 1.0000	</row3>
				</transform>
			</node>
			<node>
				<identifier>	MP_BM600_Sky_lookout_INDEX_3	</identifier>
				<transform>
					<row0>	0.0000 0.0000 -1.0000 0.0000	</row0>
					<row1>	0.0000 1.0000 0.0000 0.0000	</row1>
					<row2>	1.0000 0.0000 0.0000 0.0000	</row2>
					<row3>	-0.0963 1.6531 1.8264 1.0000	</row3>
				</transform>
			</node>
			<node>
				<identifier>	MP_BM601_Binoculars_Bridge	</identifier>
				<transform>
					<row0>	0.0000 0.0000 -1.0000 0.0000	</row0>
					<row1>	0.0000 1.0000 0.0000 0.0000	</row1>
					<row2>	1.0000 0.0000 0.0000 0.0000	</row2>
					<row3>	0.2177 1.5554 1.6315 1.0000	</row3>
				</transform>
			</node>
			<node>
				<identifier>	MP_BM601_Binoculars_Bridge_INDEX_1	</identifier>
				<transform>
					<row0>	0.0000 0.0000 1.0000 0.0000	</row0>
					<row1>	0.0000 1.0000 0.0000 0.0000	</row1>
					<row2>	-1.0000 0.0000 0.0000 0.0000	</row2>
					<row3>	-0.2178 1.5554 1.3933 1.0000	</row3>
				</transform>
			</node>
			<node>
				<identifier>	MP_BM601_Binoculars_Bridge_INDEX_2	</identifier>
				<transform>
					<row0>	0.0000 0.0000 -1.0000 0.0000	</row0>
					<row1>	0.0000 1.0000 0.0000 0.0000	</row1>
					<row2>	1.0000 0.0000 0.0000 0.0000	</row2>
					<row3>	0.1251 1.6277 1.4588 1.0000	</row3>
				</transform>
			</node>
			<node>
				<identifier>	MP_BM601_Binoculars_Bridge_INDEX_3	</identifier>
				<transform>
					<row0>	0.0000 0.0000 1.0000 0.0000	</row0>
					<row1>	0.0000 1.0000 0.0000 0.0000	</row1>
					<row2>	-1.0000 0.0000 0.0000 0.0000	</row2>
					<row3>	-0.2178 1.5554 1.6315 1.0000	</row3>
				</transform>
			</node>
			<node>
				<identifier>	MP_BM601_Binoculars_Bridge_INDEX_4	</identifier>
				<transform>
					<row0>	0.0000 0.0000 -1.0000 0.0000	</row0>
					<row1>	0.0000 1.0000 0.0000 0.0000	</row1>
					<row2>	1.0000 0.0000 0.0000 0.0000	</row2>
					<row3>	0.2178 1.5554 1.3933 1.0000	</row3>
				</transform>
			</node>
			<node>
				<identifier>	MP_BM601_Binoculars_Bridge_INDEX_5	</identifier>
				<transform>
					<row0>	0.0000 0.0000 1.0000 0.0000	</row0>
					<row1>	0.0000 1.0000 0.0000 0.0000	</row1>
					<row2>	-1.0000 0.0000 0.0000 0.0000	</row2>
					<row3>	-0.1251 1.6277 1.4588 1.0000	</row3>
				</transform>
			</node>
			<node>
				<identifier>	MP_BM601_Binoculars_Bridge_INDEX_6	</identifier>
				<transform>
					<row0>	0.0000 0.0000 -1.0000 0.0000	</row0>
					<row1>	0.0000 1.0000 0.0000 0.0000	</row1>
					<row2>	1.0000 0.0000 0.0000 0.0000	</row2>
					<row3>	0.1251 1.6277 1.5361 1.0000	</row3>
				</transform>
			</node>
			<node>
				<identifier>	MP_BM601_Binoculars_Bridge_INDEX_7	</identifier>
				<transform>
					<row0>	0.0000 0.0000 1.0000 0.0000	</row0>
					<row1>	0.0000 1.0000 0.0000 0.0000	</row1>
					<row2>	-1.0000 0.0000 0.0000 0.0000	</row2>
					<row3>	-0.1251 1.6277 1.5361 1.0000	</row3>
				</transform>
			</node>
			<node>
				<identifier>	MP_BM602_Pelorus	</identifier>
				<transform>
					<row0>	1.0000 0.0000 0.0000 0.0000	</row0>
					<row1>	0.0000 1.0000 0.0000 0.0000	</row1>
					<row2>	0.0000 0.0000 1.0000 0.0000	</row2>
					<row3>	0.0000 1.6259 1.9649 1.0000	</row3>
				</transform>
			</node>
			<node>
				<identifier>	MP_BM603_Compass_Binnacle	</identifier>
				<transform>
					<row0>	1.0000 0.0000 0.0000 0.0000	</row0>
					<row1>	0.0000 1.0000 0.0000 0.0000	</row1>
					<row2>	0.0000 0.0000 1.0000 0.0000	</row2>
					<row3>	0.0000 1.6111 1.8990 1.0000	</row3>
				</transform>
			</node>
			<node>
				<identifier>	MP_BM604_Voice_Tube	</identifier>
				<transform>
					<row0>	1.0000 0.0000 0.0000 0.0000	</row0>
					<row1>	0.0000 1.0000 0.0000 0.0000	</row1>
					<row2>	0.0000 0.0000 1.0000 0.0000	</row2>
					<row3>	0.0567 1.6239 1.9649 1.0000	</row3>
				</transform>
			</node>
			<node>
				<identifier>	MP_BM604_Voice_Tube_INDEX_1	</identifier>
				<transform>
					<row0>	1.0000 0.0000 0.0000 0.0000	</row0>
					<row1>	0.0000 1.0000 0.0000 0.0000	</row1>
					<row2>	0.0000 0.0000 1.0000 0.0000	</row2>
					<row3>	0.0324 1.6236 1.8837 1.0000	</row3>
				</transform>
			</node>
			<node>
				<identifier>	MP_BM604_Voice_Tube_INDEX_2	</identifier>
				<transform>
					<row0>	1.0000 0.0000 0.0000 0.0000	</row0>
					<row1>	0.0000 1.0000 0.0000 0.0000	</row1>
					<row2>	0.0000 0.0000 1.0000 0.0000	</row2>
					<row3>	-0.0324 1.6236 1.8837 1.0000	</row3>
				</transform>
			</node>
			<node>
				<identifier>	MP_BM620_Voice_Tube	</identifier>
				<transform>
					<row0>	0.8660 0.0000 -0.5000 0.0000	</row0>
					<row1>	0.0000 1.0000 0.0000 0.0000	</row1>
					<row2>	0.5000 0.0000 0.8660 0.0000	</row2>
					<row3>	0.0958 1.6108 1.7246 1.0000	</row3>
				</transform>
			</node>
			<node>
				<identifier>	MP_BM620_Voice_Tube_INDEX_1	</identifier>
				<transform>
					<row0>	0.4678 0.0000 0.8838 0.0000	</row0>
					<row1>	0.0000 1.0000 0.0000 0.0000	</row1>
					<row2>	-0.8838 0.0000 0.4678 0.0000	</row2>
					<row3>	-0.3204 1.3985 1.7293 1.0000	</row3>
				</transform>
			</node>
			<node>
				<identifier>	MP_BM620_Voice_Tube_INDEX_10	</identifier>
				<transform>
					<row0>	0.8660 0.0000 0.5000 0.0000	</row0>
					<row1>	0.0000 1.0000 0.0000 0.0000	</row1>
					<row2>	-0.5000 0.0000 0.8660 0.0000	</row2>
					<row3>	-0.0637 1.6108 1.7246 1.0000	</row3>
				</transform>
			</node>
			<node>
				<identifier>	MP_BM620_Voice_Tube_INDEX_11	</identifier>
				<transform>
					<row0>	0.4678 0.0000 -0.8838 0.0000	</row0>
					<row1>	0.0000 1.0000 0.0000 0.0000	</row1>
					<row2>	0.8838 0.0000 0.4678 0.0000	</row2>
					<row3>	0.3204 1.3985 1.7293 1.0000	</row3>
				</transform>
			</node>
			<node>
				<identifier>	MP_BM620_Voice_Tube_INDEX_12	</identifier>
				<transform>
					<row0>	0.2882 0.0000 -0.8526 0.0000	</row0>
					<row1>	0.0000 0.9000 0.0000 0.0000	</row1>
					<row2>	0.8526 0.0000 0.2882 0.0000	</row2>
					<row3>	0.0866 1.6073 2.0009 1.0000	</row3>
				</transform>
			</node>
			<node>
				<identifier>	MP_BM620_Voice_Tube_INDEX_2	</identifier>
				<transform>
					<row0>	0.2882 0.0000 -0.8526 0.0000	</row0>
					<row1>	0.0000 0.9000 0.0000 0.0000	</row1>
					<row2>	0.8526 0.0000 0.2882 0.0000	</row2>
					<row3>	0.0953 1.6073 1.9752 1.0000	</row3>
				</transform>
			</node>
			<node>
				<identifier>	MP_BM620_Voice_Tube_INDEX_3	</identifier>
				<transform>
					<row0>	0.4585 0.0000 0.8887 0.0000	</row0>
					<row1>	0.0000 1.0000 0.0000 0.0000	</row1>
					<row2>	-0.8887 0.0000 0.4585 0.0000	</row2>
					<row3>	-0.3116 1.3985 1.7462 1.0000	</row3>
				</transform>
			</node>
			<node>
				<identifier>	MP_BM620_Voice_Tube_INDEX_4	</identifier>
				<transform>
					<row0>	0.2882 0.0000 -0.8526 0.0000	</row0>
					<row1>	0.0000 0.9000 0.0000 0.0000	</row1>
					<row2>	0.8526 0.0000 0.2882 0.0000	</row2>
					<row3>	0.0824 1.6073 2.0133 1.0000	</row3>
				</transform>
			</node>
			<node>
				<identifier>	MP_BM620_Voice_Tube_INDEX_5	</identifier>
				<transform>
					<row0>	0.0000 0.0000 1.0000 0.0000	</row0>
					<row1>	0.0000 1.0000 0.0000 0.0000	</row1>
					<row2>	-1.0000 0.0000 0.0000 0.0000	</row2>
					<row3>	-0.4766 1.3985 1.3924 1.0000	</row3>
				</transform>
			</node>
			<node>
				<identifier>	MP_BM620_Voice_Tube_INDEX_6	</identifier>
				<transform>
					<row0>	0.7071 0.0000 0.7071 0.0000	</row0>
					<row1>	0.0000 1.0000 0.0000 0.0000	</row1>
					<row2>	-0.7071 0.0000 0.7071 0.0000	</row2>
					<row3>	-0.0539 1.6110 1.9973 1.0000	</row3>
				</transform>
			</node>
			<node>
				<identifier>	MP_BM620_Voice_Tube_INDEX_7	</identifier>
				<transform>
					<row0>	0.2882 0.0000 -0.8526 0.0000	</row0>
					<row1>	0.0000 0.9000 0.0000 0.0000	</row1>
					<row2>	0.8526 0.0000 0.2882 0.0000	</row2>
					<row3>	0.0995 1.6073 1.9627 1.0000	</row3>
				</transform>
			</node>
			<node>
				<identifier>	MP_BM620_Voice_Tube_INDEX_8	</identifier>
				<transform>
					<row0>	0.4585 0.0000 -0.8887 0.0000	</row0>
					<row1>	0.0000 1.0000 0.0000 0.0000	</row1>
					<row2>	0.8887 0.0000 0.4585 0.0000	</row2>
					<row3>	0.3116 1.3985 1.7462 1.0000	</row3>
				</transform>
			</node>
			<node>
				<identifier>	MP_BM620_Voice_Tube_INDEX_9	</identifier>
				<transform>
					<row0>	0.2882 0.0000 -0.8526 0.0000	</row0>
					<row1>	0.0000 0.9000 0.0000 0.0000	</row1>
					<row2>	0.8526 0.0000 0.2882 0.0000	</row2>
					<row3>	0.0909 1.6073 1.9882 1.0000	</row3>
				</transform>
			</node>
			<node>
				<identifier>	MP_BM700_Locker	</identifier>
				<transform>
					<row0>	0.0000 0.0000 -1.0000 0.0000	</row0>
					<row1>	0.0000 1.0000 0.0000 0.0000	</row1>
					<row2>	1.0000 0.0000 0.0000 0.0000	</row2>
					<row3>	0.3196 0.6947 2.0369 1.0000	</row3>
				</transform>
			</node>
			<node>
				<identifier>	MP_BM700_Locker_INDEX_1	</identifier>
				<transform>
					<row0>	1.0000 0.0000 0.0000 0.0000	</row0>
					<row1>	0.0000 1.0000 0.0000 0.0000	</row1>
					<row2>	0.0000 0.0000 1.0000 0.0000	</row2>
					<row3>	0.4784 0.4870 0.5164 1.0000	</row3>
				</transform>
			</node>
			<node>
				<identifier>	MP_BM700_Locker_INDEX_2	</identifier>
				<transform>
					<row0>	-0.8358 0.0000 -0.5491 0.0000	</row0>
					<row1>	0.0000 1.0000 0.0000 0.0000	</row1>
					<row2>	0.5491 0.0000 -0.8358 0.0000	</row2>
					<row3>	-0.3333 0.9980 -1.0335 1.0000	</row3>
				</transform>
			</node>
			<node>
				<identifier>	MP_BM700_Locker_INDEX_3	</identifier>
				<transform>
					<row0>	1.0000 0.0000 0.0000 0.0000	</row0>
					<row1>	0.0000 1.0000 0.0000 0.0000	</row1>
					<row2>	0.0000 0.0000 1.0000 0.0000	</row2>
					<row3>	-0.4784 0.4870 0.5164 1.0000	</row3>
				</transform>
			</node>
			<node>
				<identifier>	MP_BM700_Locker_INDEX_4	</identifier>
				<transform>
					<row0>	0.0000 0.0000 -1.0000 0.0000	</row0>
					<row1>	0.0000 1.0000 0.0000 0.0000	</row1>
					<row2>	1.0000 0.0000 0.0000 0.0000	</row2>
					<row3>	-0.3196 0.6947 2.0369 1.0000	</row3>
				</transform>
			</node>
			<node>
				<identifier>	MP_BM700_Locker_INDEX_5	</identifier>
				<transform>
					<row0>	0.0000 0.0000 -1.0000 0.0000	</row0>
					<row1>	0.0000 1.0000 0.0000 0.0000	</row1>
					<row2>	1.0000 0.0000 0.0000 0.0000	</row2>
					<row3>	0.2421 0.8614 0.5375 1.0000	</row3>
				</transform>
			</node>
			<node>
				<identifier>	MP_BM700_Locker_INDEX_6	</identifier>
				<transform>
					<row0>	0.0000 0.0000 -1.0000 0.0000	</row0>
					<row1>	0.0000 1.0000 0.0000 0.0000	</row1>
					<row2>	1.0000 0.0000 0.0000 0.0000	</row2>
					<row3>	-0.2421 0.8614 0.5375 1.0000	</row3>
				</transform>
			</node>
			<node>
				<identifier>	MP_BM700_Locker_INDEX_7	</identifier>
				<transform>
					<row0>	-0.8358 0.0000 0.5491 0.0000	</row0>
					<row1>	0.0000 1.0000 0.0000 0.0000	</row1>
					<row2>	-0.5491 0.0000 -0.8358 0.0000	</row2>
					<row3>	0.3333 0.9980 -1.0335 1.0000	</row3>
				</transform>
			</node>
			<node>
				<identifier>	MP_BM700_Locker_INDEX_8	</identifier>
				<transform>
					<row0>	0.9762 0.0020 0.2169 0.0000	</row0>
					<row1>	0.0000 1.0000 -0.0090 0.0000	</row1>
					<row2>	-0.2169 0.0088 0.9761 0.0000	</row2>
					<row3>	0.5443 0.4923 1.8165 1.0000	</row3>
				</transform>
			</node>
			<node>
				<identifier>	MP_BM701_Locker	</identifier>
				<transform>
					<row0>	0.0000 0.0000 1.0000 0.0000	</row0>
