<BSB003_Bellerophon_1915_Bow_ports.visual>
	<node>
		<identifier>	Scene Root	</identifier>
		<transform>
			<row0>	1.0000 0.0000 0.0000 0.0000	</row0>
			<row1>	0.0000 1.0000 0.0000 0.0000	</row1>
			<row2>	0.0000 0.0000 1.0000 0.0000	</row2>
			<row3>	0.0000 0.0000 0.0000 1.0000	</row3>
		</transform>
		<node>
			<identifier>	Bow_ports	</identifier>
			<transform>
				<row0>	1.0000 0.0000 0.0000 0.0000	</row0>
				<row1>	0.0000 1.0000 0.0000 0.0000	</row1>
				<row2>	0.0000 0.0000 1.0000 0.0000	</row2>
				<row3>	0.0000 0.0000 0.0000 1.0000	</row3>
			</transform>
			<node>
				<identifier>	HP_FX_Death_1	</identifier>
				<transform>
					<row0>	1.0000 0.0000 0.0000 0.0000	</row0>
					<row1>	0.0000 1.0000 0.0000 0.0000	</row1>
					<row2>	0.0000 0.0000 1.0000 0.0000	</row2>
					<row3>	0.0000 0.0000 3.1279 1.0000	</row3>
				</transform>
			</node>
			<node>
				<identifier>	HP_FX_Fire_1	</identifier>
				<transform>
					<row0>	1.0000 0.0000 0.0000 0.0000	</row0>
					<row1>	0.0000 1.0000 0.0000 0.0000	</row1>
					<row2>	0.0000 0.0000 1.0000 0.0000	</row2>
					<row3>	0.0000 0.4703 3.7655 1.0000	</row3>
				</transform>
			</node>
			<node>
				<identifier>	HP_FX_Flood_steam_left	</identifier>
				<transform>
					<row0>	-1.0000 0.0000 0.0000 0.0000	</row0>
					<row1>	0.0000 1.0000 0.0000 0.0000	</row1>
					<row2>	0.0000 0.0000 -1.0000 0.0000	</row2>
					<row3>	-0.3840 0.4090 3.4280 1.0000	</row3>
				</transform>
			</node>
			<node>
				<identifier>	HP_FX_Flood_water_right_3	</identifier>
				<transform>
					<row0>	1.0000 0.0000 0.0000 0.0000	</row0>
					<row1>	0.0000 1.0000 0.0000 0.0000	</row1>
					<row2>	0.0000 0.0000 1.0000 0.0000	</row2>
					<row3>	0.6130 0.1346 2.6078 1.0000	</row3>
				</transform>
			</node>
			<node>
				<identifier>	HP_FX_RepairLight_left_1	</identifier>
				<transform>
					<row0>	0.1341 0.0000 0.9910 0.0000	</row0>
					<row1>	0.0000 1.0000 0.0000 0.0000	</row1>
					<row2>	-0.9910 0.0000 0.1341 0.0000	</row2>
					<row3>	-0.3586 0.4802 4.1589 1.0000	</row3>
				</transform>
			</node>
			<node>
				<identifier>	HP_FX_WakeTrace	</identifier>
				<transform>
					<row0>	1.0000 0.0000 0.0000 0.0000	</row0>
					<row1>	0.0000 1.0000 0.0000 0.0000	</row1>
					<row2>	0.0000 0.0000 1.0000 0.0000	</row2>
					<row3>	0.0000 0.0000 5.2703 1.0000	</row3>
				</transform>
			</node>
			<node>
				<identifier>	HP_Ship_death_1	</identifier>
				<transform>
					<row0>	1.0000 0.0000 0.0000 0.0000	</row0>
					<row1>	0.0000 1.0000 0.0000 0.0000	</row1>
					<row2>	0.0000 0.0000 1.0000 0.0000	</row2>
					<row3>	0.0000 0.0000 2.5741 1.0000	</row3>
				</transform>
			</node>
			<node>
				<identifier>	MP_BM604_Voice_Tube	</identifier>
				<transform>
					<row0>	1.0000 0.0000 0.0000 0.0000	</row0>
					<row1>	0.0000 1.0000 0.0000 0.0000	</row1>
					<row2>	0.0000 0.0000 1.0000 0.0000	</row2>
					<row3>	-0.0180 0.4780 3.7527 1.0000	</row3>
				</transform>
			</node>
			<node>
				<identifier>	MP_BM700_Locker	</identifier>
				<transform>
					<row0>	0.7179 0.0000 -0.6962 0.0000	</row0>
					<row1>	0.0000 1.0000 0.0000 0.0000	</row1>
					<row2>	0.6962 0.0000 0.7179 0.0000	</row2>
					<row3>	-0.1812 0.4710 3.0636 1.0000	</row3>
				</transform>
			</node>
			<node>
				<identifier>	MP_BM700_Locker_INDEX_1	</identifier>
				<transform>
					<row0>	0.7179 0.0000 0.6962 0.0000	</row0>
					<row1>	0.0000 1.0000 0.0000 0.0000	</row1>
					<row2>	-0.6962 0.0000 0.7179 0.0000	</row2>
					<row3>	0.1812 0.4710 3.0636 1.0000	</row3>
				</transform>
			</node>
			<node>
				<identifier>	MP_BM950_Anchor_top	</identifier>
				<transform>
					<row0>	0.0474 1.4519 0.6707 0.0000	</row0>
					<row1>	-0.4539 0.6556 -1.3872 0.0000	</row1>
					<row2>	-1.5335 -0.1492 0.4313 0.0000	</row2>
					<row3>	0.2198 0.4089 4.7501 1.0000	</row3>
				</transform>
			</node>
			<node>
				<identifier>	MP_BM950_Anchor_top_INDEX_1	</identifier>
				<transform>
					<row0>	-0.0371 -1.4398 -0.6968 0.0000	</row0>
					<row1>	0.5069 0.6505 -1.3711 0.0000	</row1>
					<row2>	1.5171 -0.2526 0.4411 0.0000	</row2>
					<row3>	-0.1580 0.4164 4.9637 1.0000	</row3>
				</transform>
			</node>
			<node>
				<identifier>	MP_BM950_Anchor_top_INDEX_2	</identifier>
				<transform>
					<row0>	-0.0371 1.4398 0.6968 0.0000	</row0>
					<row1>	-0.5069 0.6505 -1.3711 0.0000	</row1>
					<row2>	-1.5171 -0.2526 0.4411 0.0000	</row2>
					<row3>	0.1580 0.4164 4.9637 1.0000	</row3>
				</transform>
			</node>
			<node>
				<identifier>	MP_BM951_Anchor_down	</identifier>
				<transform>
					<row0>	-0.0371 -1.4398 -0.6968 0.0000	</row0>
					<row1>	-0.0561 0.6977 -1.4388 0.0000	</row1>
					<row2>	1.5986 -0.0089 -0.0667 0.0000	</row2>
					<row3>	-0.1580 0.4164 4.9637 1.0000	</row3>
				</transform>
			</node>
			<node>
				<identifier>	MP_BM951_Anchor_down_INDEX_1	</identifier>
				<transform>
					<row0>	0.0474 1.4519 0.6707 0.0000	</row0>
					<row1>	0.1196 0.6659 -1.4499 0.0000	</row1>
					<row2>	-1.5948 0.0930 -0.0888 0.0000	</row2>
					<row3>	0.2198 0.4089 4.7501 1.0000	</row3>
				</transform>
			</node>
			<node>
				<identifier>	MP_BM951_Anchor_down_INDEX_2	</identifier>
				<transform>
					<row0>	-0.0371 1.4398 0.6968 0.0000	</row0>
					<row1>	0.0561 0.6977 -1.4388 0.0000	</row1>
					<row2>	-1.5986 -0.0089 -0.0667 0.0000	</row2>
					<row3>	0.1580 0.4164 4.9637 1.0000	</row3>
				</transform>
			</node>
			<node>
				<identifier>	MP_CM011_Fire_Fighting_Gear	</identifier>
				<transform>
					<row0>	-1.0000 0.0000 0.0000 0.0000	</row0>
					<row1>	0.0000 1.0000 0.0000 0.0000	</row1>
					<row2>	0.0000 0.0000 -1.0000 0.0000	</row2>
					<row3>	0.0405 0.4762 3.6221 1.0000	</row3>
				</transform>
			</node>
			<node>
				<identifier>	MP_CM013_Fire_Hose_Rack_2	</identifier>
				<transform>
					<row0>	0.0000 0.0000 1.0000 0.0000	</row0>
					<row1>	0.0000 1.0000 0.0000 0.0000	</row1>
					<row2>	-1.0000 0.0000 0.0000 0.0000	</row2>
					<row3>	0.0122 0.5012 3.7695 1.0000	</row3>
				</transform>
			</node>
			<node>
				<identifier>	MP_CM052_Fender	</identifier>
				<transform>
					<row0>	0.0000 0.0000 1.0000 0.0000	</row0>
					<row1>	0.1144 0.9934 0.0000 0.0000	</row1>
					<row2>	-0.9934 0.1144 0.0000 0.0000	</row2>
					<row3>	-0.4428 0.3028 2.8677 1.0000	</row3>
				</transform>
			</node>
			<node>
				<identifier>	MP_CM052_Fender_INDEX_1	</identifier>
				<transform>
					<row0>	0.0000 0.0000 -1.0000 0.0000	</row0>
					<row1>	-0.1144 0.9934 0.0000 0.0000	</row1>
					<row2>	0.9934 0.1144 0.0000 0.0000	</row2>
					<row3>	0.4428 0.3028 2.8009 1.0000	</row3>
				</transform>
			</node>
			<node>
				<identifier>	MP_CM052_Fender_INDEX_2	</identifier>
				<transform>
					<row0>	0.0000 0.0000 1.0000 0.0000	</row0>
					<row1>	0.1144 0.9934 0.0000 0.0000	</row1>
					<row2>	-0.9934 0.1144 0.0000 0.0000	</row2>
					<row3>	-0.4428 0.3028 2.8009 1.0000	</row3>
				</transform>
			</node>
			<node>
				<identifier>	MP_CM052_Fender_INDEX_3	</identifier>
				<transform>
					<row0>	0.0000 0.0000 -1.0000 0.0000	</row0>
					<row1>	-0.1144 0.9934 0.0000 0.0000	</row1>
					<row2>	0.9934 0.1144 0.0000 0.0000	</row2>
					<row3>	0.4428 0.3028 2.8677 1.0000	</row3>
				</transform>
			</node>
			<node>
				<identifier>	MP_CM104_Life_Buoy	</identifier>
				<transform>
					<row0>	-0.0177 0.0000 0.9998 0.0000	</row0>
					<row1>	0.0000 1.0000 0.0000 0.0000	</row1>
					<row2>	-0.9998 0.0000 -0.0177 0.0000	</row2>
					<row3>	0.3689 0.5384 3.3182 1.0000	</row3>
				</transform>
			</node>
			<node>
				<identifier>	MP_CM104_Life_Buoy_INDEX_1	</identifier>
				<transform>
					<row0>	-0.1545 0.0000 -0.9880 0.0000	</row0>
					<row1>	0.0000 1.0000 0.0000 0.0000	</row1>
					<row2>	0.9880 0.0000 -0.1545 0.0000	</row2>
					<row3>	-0.5847 0.3575 2.5816 1.0000	</row3>
				</transform>
			</node>
			<node>
				<identifier>	MP_CM104_Life_Buoy_INDEX_2	</identifier>
				<transform>
					<row0>	-0.0177 0.0000 -0.9998 0.0000	</row0>
					<row1>	0.0000 1.0000 0.0000 0.0000	</row1>
					<row2>	0.9998 0.0000 -0.0177 0.0000	</row2>
					<row3>	-0.3689 0.5384 3.3182 1.0000	</row3>
				</transform>
			</node>
			<node>
				<identifier>	MP_CM104_Life_Buoy_INDEX_3	</identifier>
				<transform>
					<row0>	-0.1545 0.0000 0.9880 0.0000	</row0>
					<row1>	0.0000 1.0000 0.0000 0.0000	</row1>
					<row2>	-0.9880 0.0000 -0.1545 0.0000	</row2>
					<row3>	0.5847 0.3573 2.5816 1.0000	</row3>
				</transform>
			</node>
			<node>
				<identifier>	MP_CM126_Cleat	</identifier>
				<transform>
					<row0>	-0.8405 0.0000 0.5419 0.0000	</row0>
					<row1>	-0.0062 0.9999 -0.0095 0.0000	</row1>
					<row2>	-0.5418 -0.0114 -0.8404 0.0000	</row2>
					<row3>	-0.4865 0.2978 2.9875 1.0000	</row3>
				</transform>
			</node>
			<node>
				<identifier>	MP_CM126_Cleat_INDEX_1	</identifier>
				<transform>
					<row0>	-0.8405 0.0000 -0.5419 0.0000	</row0>
					<row1>	0.0062 0.9999 -0.0095 0.0000	</row1>
					<row2>	0.5418 -0.0114 -0.8404 0.0000	</row2>
					<row3>	0.5367 0.2936 2.6909 1.0000	</row3>
				</transform>
			</node>
			<node>
				<identifier>	MP_CM126_Cleat_INDEX_2	</identifier>
				<transform>
					<row0>	-0.8405 0.0000 0.5419 0.0000	</row0>
					<row1>	-0.0062 0.9999 -0.0095 0.0000	</row1>
					<row2>	-0.5418 -0.0114 -0.8404 0.0000	</row2>
					<row3>	-0.5367 0.2936 2.6909 1.0000	</row3>
				</transform>
			</node>
			<node>
				<identifier>	MP_CM126_Cleat_INDEX_3	</identifier>
				<transform>
					<row0>	-0.9164 0.0000 0.4003 0.0000	</row0>
					<row1>	-0.0045 0.9999 -0.0104 0.0000	</row1>
					<row2>	-0.4003 -0.0114 -0.9163 0.0000	</row2>
					<row3>	-0.3494 0.4798 4.1343 1.0000	</row3>
				</transform>
			</node>
			<node>
				<identifier>	MP_CM126_Cleat_INDEX_4	</identifier>
				<transform>
					<row0>	-0.9164 0.0000 -0.4003 0.0000	</row0>
					<row1>	0.0045 0.9999 -0.0104 0.0000	</row1>
					<row2>	0.4003 -0.0114 -0.9163 0.0000	</row2>
					<row3>	0.3494 0.4798 4.1343 1.0000	</row3>
				</transform>
			</node>
			<node>
				<identifier>	MP_CM126_Cleat_INDEX_5	</identifier>
				<transform>
					<row0>	-0.8405 0.0000 0.5419 0.0000	</row0>
					<row1>	-0.0062 0.9999 -0.0095 0.0000	</row1>
					<row2>	-0.5418 -0.0114 -0.8404 0.0000	</row2>
					<row3>	-0.4293 0.3022 3.3186 1.0000	</row3>
				</transform>
			</node>
			<node>
				<identifier>	MP_CM126_Cleat_INDEX_6	</identifier>
				<transform>
					<row0>	-0.8405 0.0000 -0.5419 0.0000	</row0>
					<row1>	0.0062 0.9999 -0.0095 0.0000	</row1>
					<row2>	0.5418 -0.0114 -0.8404 0.0000	</row2>
					<row3>	0.4865 0.2978 2.9875 1.0000	</row3>
				</transform>
			</node>
			<node>
				<identifier>	MP_CM126_Cleat_INDEX_7	</identifier>
				<transform>
					<row0>	-0.8405 0.0000 -0.5419 0.0000	</row0>
					<row1>	0.0062 0.9999 -0.0095 0.0000	</row1>
					<row2>	0.5418 -0.0114 -0.8404 0.0000	</row2>
					<row3>	0.4293 0.3022 3.3186 1.0000	</row3>
				</transform>
			</node>
		</node>
	</node>
	<boundingBox>
		<min>	-0.0667 -0.0667 -0.0667	</min>
		<max>	0.0667 0.0667 0.0667	</max>
	</boundingBox>
</BSB003_Bellerophon_1915_Bow_ports.visual>
