<GSA005_Richthofen_1945_Stern_ports.visual>
	<node>
		<identifier>	Scene Root	</identifier>
		<transform>
			<row0>	1.0000 0.0000 0.0000 0.0000	</row0>
			<row1>	0.0000 1.0000 0.0000 0.0000	</row1>
			<row2>	0.0000 0.0000 1.0000 0.0000	</row2>
			<row3>	0.0000 0.0000 0.0000 1.0000	</row3>
		</transform>
		<node>
			<identifier>	Stern_ports	</identifier>
			<transform>
				<row0>	1.0000 0.0000 0.0000 0.0000	</row0>
				<row1>	0.0000 1.0000 0.0000 0.0000	</row1>
				<row2>	0.0000 0.0000 1.0000 0.0000	</row2>
				<row3>	0.0000 0.0000 0.0000 1.0000	</row3>
			</transform>
			<node>
				<identifier>	HP_DeckLand	</identifier>
				<transform>
					<row0>	1.0000 0.0000 0.0000 0.0000	</row0>
					<row1>	0.0000 1.0000 0.0000 0.0000	</row1>
					<row2>	0.0000 0.0000 1.0000 0.0000	</row2>
					<row3>	0.0483 1.2417 -9.6460 1.0000	</row3>
				</transform>
			</node>
			<node>
				<identifier>	HP_Deck_00	</identifier>
				<transform>
					<row0>	1.0000 0.0000 0.0000 0.0000	</row0>
					<row1>	0.0000 1.0000 0.0000 0.0000	</row1>
					<row2>	0.0000 0.0000 1.0000 0.0000	</row2>
					<row3>	-0.3627 1.0469 -6.5484 1.0000	</row3>
				</transform>
			</node>
			<node>
				<identifier>	HP_Deck_01	</identifier>
				<transform>
					<row0>	1.0000 0.0000 0.0000 0.0000	</row0>
					<row1>	0.0000 1.0000 0.0000 0.0000	</row1>
					<row2>	0.0000 0.0000 1.0000 0.0000	</row2>
					<row3>	0.3621 1.0464 -5.7555 1.0000	</row3>
				</transform>
			</node>
			<node>
				<identifier>	HP_Deck_02	</identifier>
				<transform>
					<row0>	1.0000 0.0000 0.0000 0.0000	</row0>
					<row1>	0.0000 1.0000 0.0000 0.0000	</row1>
					<row2>	0.0000 0.0000 1.0000 0.0000	</row2>
					<row3>	-0.3561 1.0466 -5.0628 1.0000	</row3>
				</transform>
			</node>
			<node>
				<identifier>	HP_Deck_03	</identifier>
				<transform>
					<row0>	1.0000 0.0000 0.0000 0.0000	</row0>
					<row1>	0.0000 1.0000 0.0000 0.0000	</row1>
					<row2>	0.0000 0.0000 1.0000 0.0000	</row2>
					<row3>	0.4009 1.0463 -4.2898 1.0000	</row3>
				</transform>
			</node>
			<node>
				<identifier>	HP_Deck_04	</identifier>
				<transform>
					<row0>	1.0000 0.0000 0.0000 0.0000	</row0>
					<row1>	0.0000 1.0000 0.0000 0.0000	</row1>
					<row2>	0.0000 0.0000 1.0000 0.0000	</row2>
					<row3>	-0.2448 1.0466 -3.5022 1.0000	</row3>
				</transform>
			</node>
			<node>
				<identifier>	HP_Deck_05	</identifier>
				<transform>
					<row0>	1.0000 0.0000 0.0000 0.0000	</row0>
					<row1>	0.0000 1.0000 0.0000 0.0000	</row1>
					<row2>	0.0000 0.0000 1.0000 0.0000	</row2>
					<row3>	0.2859 1.0477 -2.6301 1.0000	</row3>
				</transform>
			</node>
			<node>
				<identifier>	HP_Deck_06	</identifier>
				<transform>
					<row0>	1.0000 0.0000 0.0000 0.0000	</row0>
					<row1>	0.0000 1.0000 0.0000 0.0000	</row1>
					<row2>	0.0000 0.0000 1.0000 0.0000	</row2>
					<row3>	-0.2267 1.0466 -1.8258 1.0000	</row3>
				</transform>
			</node>
			<node>
				<identifier>	HP_Deck_07	</identifier>
				<transform>
					<row0>	1.0000 0.0000 0.0000 0.0000	</row0>
					<row1>	0.0000 1.0000 0.0000 0.0000	</row1>
					<row2>	0.0000 0.0000 1.0000 0.0000	</row2>
					<row3>	0.2546 1.0466 -1.0140 1.0000	</row3>
				</transform>
			</node>
			<node>
				<identifier>	HP_Deck_08	</identifier>
				<transform>
					<row0>	1.0000 0.0000 0.0000 0.0000	</row0>
					<row1>	0.0000 1.0000 0.0000 0.0000	</row1>
					<row2>	0.0000 0.0000 1.0000 0.0000	</row2>
					<row3>	-0.2790 1.0468 -0.1545 1.0000	</row3>
				</transform>
			</node>
			<node>
				<identifier>	HP_Deck_09	</identifier>
				<transform>
					<row0>	1.0000 0.0000 0.0000 0.0000	</row0>
					<row1>	0.0000 1.0000 0.0000 0.0000	</row1>
					<row2>	0.0000 0.0000 1.0000 0.0000	</row2>
					<row3>	0.2073 1.0463 0.7810 1.0000	</row3>
				</transform>
			</node>
			<node>
				<identifier>	HP_DisappearPoint	</identifier>
				<transform>
					<row0>	1.0000 0.0000 0.0000 0.0000	</row0>
					<row1>	0.0000 1.0000 0.0000 0.0000	</row1>
					<row2>	0.0000 0.0000 1.0000 0.0000	</row2>
					<row3>	0.0041 1.0221 -8.8058 1.0000	</row3>
				</transform>
			</node>
			<node>
				<identifier>	HP_FX_Fire_4	</identifier>
				<transform>
					<row0>	1.0000 0.0000 0.0000 0.0000	</row0>
					<row1>	0.0000 1.0000 0.0000 0.0000	</row1>
					<row2>	0.0000 0.0000 1.0000 0.0000	</row2>
					<row3>	-0.5468 1.0523 -6.5127 1.0000	</row3>
				</transform>
			</node>
			<node>
				<identifier>	HP_FX_Fire_4_side_1	</identifier>
				<transform>
					<row0>	1.0000 0.0000 0.0000 0.0000	</row0>
					<row1>	0.0000 1.0000 0.0000 0.0000	</row1>
					<row2>	0.0000 0.0000 1.0000 0.0000	</row2>
					<row3>	0.4970 0.4257 -7.4627 1.0000	</row3>
				</transform>
			</node>
			<node>
				<identifier>	HP_FX_FloodLight_left_1	</identifier>
				<transform>
					<row0>	-0.9835 0.0000 -0.1809 0.0000	</row0>
					<row1>	0.0000 1.0000 0.0000 0.0000	</row1>
					<row2>	0.1809 0.0000 -0.9835 0.0000	</row2>
					<row3>	-0.6039 0.5329 -6.4548 1.0000	</row3>
				</transform>
			</node>
			<node>
				<identifier>	HP_FX_FloodLight_right_1	</identifier>
				<transform>
					<row0>	0.9947 0.0000 -0.1029 0.0000	</row0>
					<row1>	0.0000 1.0000 0.0000 0.0000	</row1>
					<row2>	0.1029 0.0000 0.9947 0.0000	</row2>
					<row3>	0.6040 0.5349 -6.4540 1.0000	</row3>
				</transform>
			</node>
			<node>
				<identifier>	HP_FX_Flood_steam_right	</identifier>
				<transform>
					<row0>	1.0000 0.0000 0.0000 0.0000	</row0>
					<row1>	0.0000 1.0000 0.0000 0.0000	</row1>
					<row2>	0.0000 0.0000 1.0000 0.0000	</row2>
					<row3>	0.9695 0.9922 -6.3653 1.0000	</row3>
				</transform>
			</node>
			<node>
				<identifier>	HP_FX_Flood_water_left	</identifier>
				<transform>
					<row0>	-0.9858 0.0000 -0.1677 0.0000	</row0>
					<row1>	0.0000 1.0000 0.0000 0.0000	</row1>
					<row2>	0.1677 0.0000 -0.9858 0.0000	</row2>
					<row3>	-0.7044 0.0667 -6.7010 1.0000	</row3>
				</transform>
			</node>
			<node>
				<identifier>	HP_FX_Flood_water_right	</identifier>
				<transform>
					<row0>	0.9930 0.0000 -0.1183 0.0000	</row0>
					<row1>	0.0000 1.0000 0.0000 0.0000	</row1>
					<row2>	0.1183 0.0000 0.9930 0.0000	</row2>
					<row3>	0.7046 0.0656 -6.6977 1.0000	</row3>
				</transform>
			</node>
			<node>
				<identifier>	HP_FX_WakeTraceBack	</identifier>
				<transform>
					<row0>	1.0000 0.0000 0.0000 0.0000	</row0>
					<row1>	0.0000 1.0000 0.0000 0.0000	</row1>
					<row2>	0.0000 0.0000 1.0000 0.0000	</row2>
					<row3>	0.0000 0.0000 -8.8637 1.0000	</row3>
				</transform>
			</node>
			<node>
				<identifier>	HP_FX_WakeTrace_screw_1	</identifier>
				<transform>
					<row0>	1.0000 0.0000 0.0000 0.0000	</row0>
					<row1>	0.0000 1.0000 0.0000 0.0000	</row1>
					<row2>	0.0000 0.0000 1.0000 0.0000	</row2>
					<row3>	-0.5841 -0.4132 -6.9780 1.0000	</row3>
				</transform>
			</node>
			<node>
				<identifier>	HP_FX_WakeTrace_screw_2	</identifier>
				<transform>
					<row0>	1.0000 0.0000 0.0000 0.0000	</row0>
					<row1>	0.0000 1.0000 0.0000 0.0000	</row1>
					<row2>	0.0000 0.0000 1.0000 0.0000	</row2>
					<row3>	0.0000 -0.4562 -7.5773 1.0000	</row3>
				</transform>
			</node>
			<node>
				<identifier>	HP_FX_WakeTrace_screw_3	</identifier>
				<transform>
					<row0>	1.0000 0.0000 0.0000 0.0000	</row0>
					<row1>	0.0000 1.0000 0.0000 0.0000	</row1>
					<row2>	0.0000 0.0000 1.0000 0.0000	</row2>
					<row3>	0.5834 -0.4171 -6.9780 1.0000	</row3>
				</transform>
			</node>
			<node>
				<identifier>	HP_GGA_11	</identifier>
				<transform>
					<row0>	-1.0000 0.0000 0.0000 0.0000	</row0>
					<row1>	0.0000 1.0000 0.0000 0.0000	</row1>
					<row2>	0.0000 0.0000 -1.0000 0.0000	</row2>
					<row3>	-0.1737 0.6470 -9.0630 1.0000	</row3>
				</transform>
			</node>
			<node>
				<identifier>	HP_GGA_12	</identifier>
				<transform>
					<row0>	-1.0000 0.0000 0.0000 0.0000	</row0>
					<row1>	0.0000 1.0000 0.0000 0.0000	</row1>
					<row2>	0.0000 0.0000 -1.0000 0.0000	</row2>
					<row3>	0.1737 0.6470 -9.0630 1.0000	</row3>
				</transform>
			</node>
			<node>
				<identifier>	HP_Ship_death_3	</identifier>
				<transform>
					<row0>	1.0000 0.0000 0.0000 0.0000	</row0>
					<row1>	0.0000 1.0000 0.0000 0.0000	</row1>
					<row2>	0.0000 0.0000 1.0000 0.0000	</row2>
					<row3>	0.0000 0.0000 -5.7600 1.0000	</row3>
				</transform>
			</node>
			<node>
				<identifier>	MP_CM011_Fire_Fighting_Gear	</identifier>
				<transform>
					<row0>	0.0000 0.0000 1.0000 0.0000	</row0>
					<row1>	0.0000 1.0000 0.0000 0.0000	</row1>
					<row2>	-1.0000 0.0000 0.0000 0.0000	</row2>
					<row3>	0.1570 0.4199 -8.1224 1.0000	</row3>
				</transform>
			</node>
			<node>
				<identifier>	MP_CM011_Fire_Fighting_Gear_INDEX_1	</identifier>
				<transform>
					<row0>	0.0000 0.0000 -1.0000 0.0000	</row0>
					<row1>	0.0000 1.0000 0.0000 0.0000	</row1>
					<row2>	1.0000 0.0000 0.0000 0.0000	</row2>
					<row3>	-0.1570 0.4199 -8.1224 1.0000	</row3>
				</transform>
			</node>
			<node>
				<identifier>	MP_CM011_Fire_Fighting_Gear_INDEX_2	</identifier>
				<transform>
					<row0>	0.0000 0.0000 -1.0000 0.0000	</row0>
					<row1>	0.0000 1.0000 0.0000 0.0000	</row1>
					<row2>	1.0000 0.0000 0.0000 0.0000	</row2>
					<row3>	-0.0112 0.4144 -7.4081 1.0000	</row3>
				</transform>
			</node>
			<node>
				<identifier>	MP_CM011_Fire_Fighting_Gear_INDEX_3	</identifier>
				<transform>
					<row0>	0.0000 0.0000 1.0000 0.0000	</row0>
					<row1>	0.0000 1.0000 0.0000 0.0000	</row1>
					<row2>	-1.0000 0.0000 0.0000 0.0000	</row2>
					<row3>	0.0735 0.4133 -7.3213 1.0000	</row3>
				</transform>
			</node>
			<node>
				<identifier>	MP_CM011_Fire_Fighting_Gear_INDEX_4	</identifier>
				<transform>
					<row0>	-1.0000 0.0000 0.0000 0.0000	</row0>
					<row1>	0.0000 1.0000 0.0000 0.0000	</row1>
					<row2>	0.0000 0.0000 -1.0000 0.0000	</row2>
					<row3>	0.0930 0.4294 -8.9862 1.0000	</row3>
				</transform>
			</node>
			<node>
				<identifier>	MP_CM011_Fire_Fighting_Gear_INDEX_5	</identifier>
				<transform>
					<row0>	-1.0000 0.0000 0.0000 0.0000	</row0>
					<row1>	0.0000 1.0000 0.0000 0.0000	</row1>
					<row2>	0.0000 0.0000 -1.0000 0.0000	</row2>
					<row3>	-0.0930 0.4294 -8.9862 1.0000	</row3>
				</transform>
			</node>
			<node>
				<identifier>	MP_CM029_Emergency_Box	</identifier>
				<transform>
					<row0>	0.9908 0.0000 -0.1354 0.0000	</row0>
					<row1>	0.0000 1.0000 0.0000 0.0000	</row1>
					<row2>	0.1354 0.0000 0.9908 0.0000	</row2>
					<row3>	0.1991 0.6951 -8.9074 1.0000	</row3>
				</transform>
			</node>
			<node>
				<identifier>	MP_CM029_Emergency_Box_INDEX_1	</identifier>
				<transform>
					<row0>	0.9908 0.0000 0.1354 0.0000	</row0>
					<row1>	0.0000 1.0000 0.0000 0.0000	</row1>
					<row2>	-0.1354 0.0000 0.9908 0.0000	</row2>
					<row3>	-0.1991 0.6951 -8.9074 1.0000	</row3>
				</transform>
			</node>
			<node>
				<identifier>	MP_CM029_Emergency_Box_INDEX_2	</identifier>
				<transform>
					<row0>	1.0000 0.0000 0.0000 0.0000	</row0>
					<row1>	0.0000 1.0000 0.0000 0.0000	</row1>
					<row2>	0.0000 0.0000 1.0000 0.0000	</row2>
					<row3>	-0.2019 0.4659 -6.9686 1.0000	</row3>
				</transform>
			</node>
			<node>
				<identifier>	MP_CM029_Emergency_Box_INDEX_3	</identifier>
				<transform>
					<row0>	0.1497 0.0000 0.9887 0.0000	</row0>
					<row1>	0.0000 1.0000 0.0000 0.0000	</row1>
					<row2>	-0.9887 0.0000 0.1497 0.0000	</row2>
					<row3>	0.6069 0.4658 -6.4488 1.0000	</row3>
				</transform>
			</node>
			<node>
				<identifier>	MP_CM029_Emergency_Box_INDEX_4	</identifier>
				<transform>
					<row0>	0.1497 0.0000 -0.9887 0.0000	</row0>
					<row1>	0.0000 1.0000 0.0000 0.0000	</row1>
					<row2>	0.9887 0.0000 0.1497 0.0000	</row2>
					<row3>	-0.6069 0.4658 -6.4488 1.0000	</row3>
				</transform>
			</node>
			<node>
				<identifier>	MP_CM051_Fire_Fighting_Gear	</identifier>
				<transform>
					<row0>	1.0000 0.0000 0.0000 0.0000	</row0>
					<row1>	0.0000 0.0000 -1.0000 0.0000	</row1>
					<row2>	0.0000 1.0000 0.0000 0.0000	</row2>
					<row3>	0.9494 0.9742 -6.4546 1.0000	</row3>
				</transform>
			</node>
			<node>
				<identifier>	MP_CM051_Fire_Fighting_Gear_INDEX_1	</identifier>
				<transform>
					<row0>	-0.9984 0.0000 -0.0569 0.0000	</row0>
					<row1>	-0.0569 0.0000 0.9984 0.0000	</row1>
					<row2>	0.0000 1.0000 0.0000 0.0000	</row2>
					<row3>	-0.9494 0.9742 -6.4546 1.0000	</row3>
				</transform>
			</node>
			<node>
				<identifier>	MP_CM052_Fender	</identifier>
				<transform>
					<row0>	-0.1176 0.0000 0.9931 0.0000	</row0>
					<row1>	0.0000 1.0000 0.0000 0.0000	</row1>
					<row2>	-0.9931 0.0000 -0.1176 0.0000	</row2>
					<row3>	-0.6482 0.4120 -6.3313 1.0000	</row3>
				</transform>
			</node>
			<node>
				<identifier>	MP_CM052_Fender_INDEX_1	</identifier>
				<transform>
					<row0>	-0.1176 0.0000 0.9931 0.0000	</row0>
					<row1>	0.0000 1.0000 0.0000 0.0000	</row1>
					<row2>	-0.9931 0.0000 -0.1176 0.0000	</row2>
					<row3>	-0.6580 0.4120 -6.2657 1.0000	</row3>
				</transform>
			</node>
			<node>
				<identifier>	MP_CM052_Fender_INDEX_2	</identifier>
				<transform>
					<row0>	-0.1176 0.0000 0.9931 0.0000	</row0>
					<row1>	0.0000 1.0000 0.0000 0.0000	</row1>
					<row2>	-0.9931 0.0000 -0.1176 0.0000	</row2>
					<row3>	-0.6676 0.4120 -6.2001 1.0000	</row3>
				</transform>
			</node>
			<node>
				<identifier>	MP_CM052_Fender_INDEX_3	</identifier>
				<transform>
					<row0>	-0.1176 0.0000 -0.9931 0.0000	</row0>
					<row1>	0.0000 1.0000 0.0000 0.0000	</row1>
					<row2>	0.9931 0.0000 -0.1176 0.0000	</row2>
					<row3>	0.6676 0.4120 -6.2001 1.0000	</row3>
				</transform>
			</node>
			<node>
				<identifier>	MP_CM052_Fender_INDEX_4	</identifier>
				<transform>
					<row0>	-0.1176 0.0000 -0.9931 0.0000	</row0>
					<row1>	0.0000 1.0000 0.0000 0.0000	</row1>
					<row2>	0.9931 0.0000 -0.1176 0.0000	</row2>
					<row3>	0.6580 0.4120 -6.2657 1.0000	</row3>
				</transform>
			</node>
			<node>
				<identifier>	MP_CM052_Fender_INDEX_5	</identifier>
				<transform>
					<row0>	-0.1176 0.0000 -0.9931 0.0000	</row0>
					<row1>	0.0000 1.0000 0.0000 0.0000	</row1>
					<row2>	0.9931 0.0000 -0.1176 0.0000	</row2>
					<row3>	0.6482 0.4120 -6.3313 1.0000	</row3>
				</transform>
			</node>
			<node>
				<identifier>	MP_CM094_Propeller3_L	</identifier>
				<transform>
					<row0>	0.9816 0.1908 0.0000 0.0000	</row0>
					<row1>	-0.1908 0.9816 0.0000 0.0000	</row1>
					<row2>	0.0000 0.0000 1.0000 0.0000	</row2>
					<row3>	-0.5842 -0.4132 -6.9780 1.0000	</row3>
				</transform>
			</node>
			<node>
				<identifier>	MP_CM095_Propeller3_R	</identifier>
				<transform>
					<row0>	1.0000 0.0000 0.0000 0.0000	</row0>
					<row1>	0.0000 1.0000 0.0000 0.0000	</row1>
					<row2>	0.0000 0.0000 1.0000 0.0000	</row2>
					<row3>	0.0000 -0.4562 -7.5773 1.0000	</row3>
				</transform>
			</node>
			<node>
				<identifier>	MP_CM095_Propeller3_R_INDEX_1	</identifier>
				<transform>
					<row0>	0.9816 -0.1908 0.0000 0.0000	</row0>
					<row1>	0.1908 0.9816 0.0000 0.0000	</row1>
					<row2>	0.0000 0.0000 1.0000 0.0000	</row2>
					<row3>	0.5834 -0.4171 -6.9780 1.0000	</row3>
				</transform>
			</node>
			<node>
				<identifier>	MP_CM126_Cleat	</identifier>
				<transform>
					<row0>	0.9835 0.0000 0.1810 0.0000	</row0>
					<row1>	0.0000 1.0000 0.0000 0.0000	</row1>
					<row2>	-0.1810 0.0000 0.9835 0.0000	</row2>
					<row3>	-0.6497 0.4230 -7.5013 1.0000	</row3>
				</transform>
			</node>
			<node>
				<identifier>	MP_CM126_Cleat_INDEX_1	</identifier>
				<transform>
					<row0>	0.9889 0.0000 0.1487 0.0000	</row0>
					<row1>	0.0000 1.0000 0.0000 0.0000	</row1>
					<row2>	-0.1487 0.0000 0.9889 0.0000	</row2>
					<row3>	-0.7384 0.4200 -7.0217 1.0000	</row3>
				</transform>
			</node>
			<node>
				<identifier>	MP_CM126_Cleat_INDEX_2	</identifier>
				<transform>
					<row0>	0.9889 0.0000 -0.1487 0.0000	</row0>
					<row1>	0.0000 1.0000 0.0000 0.0000	</row1>
					<row2>	0.1487 0.0000 0.9889 0.0000	</row2>
					<row3>	0.7384 0.4200 -7.0217 1.0000	</row3>
				</transform>
			</node>
			<node>
				<identifier>	MP_CM126_Cleat_INDEX_3	</identifier>
				<transform>
					<row0>	0.9835 0.0000 -0.1810 0.0000	</row0>
					<row1>	0.0000 1.0000 0.0000 0.0000	</row1>
					<row2>	0.1810 0.0000 0.9835 0.0000	</row2>
					<row3>	0.6497 0.4230 -7.5013 1.0000	</row3>
				</transform>
			</node>
			<node>
				<identifier>	MP_CM126_Cleat_INDEX_4	</identifier>
				<transform>
					<row0>	0.5911 0.0008 -0.1027 0.0000	</row0>
					<row1>	-0.0142 0.5949 -0.0770 0.0000	</row1>
					<row2>	0.1017 0.0783 0.5861 0.0000	</row2>
					<row3>	0.6819 0.9698 -8.7718 1.0000	</row3>
				</transform>
			</node>
			<node>
				<identifier>	MP_CM126_Cleat_INDEX_5	</identifier>
				<transform>
					<row0>	0.5911 -0.0008 0.1027 0.0000	</row0>
					<row1>	0.0142 0.5949 -0.0770 0.0000	</row1>
					<row2>	-0.1017 0.0783 0.5861 0.0000	</row2>
					<row3>	-0.6819 0.9698 -8.7718 1.0000	</row3>
				</transform>
			</node>
			<node>
				<identifier>	MP_CM126_Cleat_INDEX_6	</identifier>
				<transform>
					<row0>	0.9889 0.0000 -0.1487 0.0000	</row0>
					<row1>	0.0000 1.0000 0.0000 0.0000	</row1>
					<row2>	0.1487 0.0000 0.9889 0.0000	</row2>
					<row3>	0.7854 0.4186 -6.7316 1.0000	</row3>
				</transform>
			</node>
			<node>
				<identifier>	MP_CM126_Cleat_INDEX_7	</identifier>
				<transform>
					<row0>	0.9889 0.0000 0.1487 0.0000	</row0>
					<row1>	0.0000 1.0000 0.0000 0.0000	</row1>
					<row2>	-0.1487 0.0000 0.9889 0.0000	</row2>
					<row3>	-0.7854 0.4186 -6.7316 1.0000	</row3>
				</transform>
			</node>
			<node>
				<identifier>	MP_GM003_Reels_1	</identifier>
				<transform>
					<row0>	-1.2184 0.0000 0.0000 0.0000	</row0>
					<row1>	0.0000 1.2184 0.0000 0.0000	</row1>
					<row2>	0.0000 0.0000 -1.2184 0.0000	</row2>
					<row3>	0.1411 0.4271 -8.9621 1.0000	</row3>
				</transform>
			</node>
			<node>
				<identifier>	MP_GM008_Loudspeaker	</identifier>
				<transform>
					<row0>	0.0000 0.0000 -1.0000 0.0000	</row0>
					<row1>	0.0000 1.0000 0.0000 0.0000	</row1>
					<row2>	1.0000 0.0000 0.0000 0.0000	</row2>
					<row3>	-0.3864 0.5275 -6.9620 1.0000	</row3>
				</transform>
			</node>
			<node>
				<identifier>	MP_GM012_Reels_5	</identifier>
				<transform>
					<row0>	0.0000 0.0000 -0.7500 0.0000	</row0>
					<row1>	0.0000 0.7500 0.0000 0.0000	</row1>
					<row2>	0.7500 0.0000 0.0000 0.0000	</row2>
					<row3>	-0.1452 0.4234 -8.2284 1.0000	</row3>
				</transform>
			</node>
			<node>
				<identifier>	MP_GM012_Reels_5_INDEX_1	</identifier>
				<transform>
					<row0>	0.7500 0.0000 0.0000 0.0000	</row0>
					<row1>	0.0000 0.7500 0.0000 0.0000	</row1>
					<row2>	0.0000 0.0000 0.7500 0.0000	</row2>
					<row3>	0.0662 0.4184 -7.5302 1.0000	</row3>
				</transform>
			</node>
			<node>
				<identifier>	MP_GM012_Reels_5_INDEX_2	</identifier>
				<transform>
					<row0>	0.7500 0.0000 0.0000 0.0000	</row0>
					<row1>	0.0000 0.7500 0.0000 0.0000	</row1>
					<row2>	0.0000 0.0000 0.7500 0.0000	</row2>
					<row3>	-0.0662 0.4184 -7.5302 1.0000	</row3>
				</transform>
			</node>
			<node>
				<identifier>	MP_GM012_Reels_5_INDEX_3	</identifier>
				<transform>
					<row0>	0.0000 0.0000 0.7500 0.0000	</row0>
					<row1>	0.0000 0.7500 0.0000 0.0000	</row1>
					<row2>	-0.7500 0.0000 0.0000 0.0000	</row2>
					<row3>	0.1452 0.4234 -8.2284 1.0000	</row3>
				</transform>
			</node>
			<node>
				<identifier>	MP_GM014_Sleeve	</identifier>
				<transform>
					<row0>	1.0000 0.0000 0.0000 0.0000	</row0>
					<row1>	0.0000 1.0000 0.0000 0.0000	</row1>
					<row2>	0.0000 0.0000 1.0000 0.0000	</row2>
					<row3>	-0.1754 0.5168 -8.9950 1.0000	</row3>
				</transform>
			</node>
			<node>
				<identifier>	MP_GM014_Sleeve_INDEX_1	</identifier>
				<transform>
					<row0>	-1.0000 0.0000 0.0000 0.0000	</row0>
					<row1>	0.0000 1.0000 0.0000 0.0000	</row1>
					<row2>	0.0000 0.0000 -1.0000 0.0000	</row2>
					<row3>	0.1227 0.5010 -6.9627 1.0000	</row3>
				</transform>
			</node>
			<node>
				<identifier>	MP_GM014_Sleeve_INDEX_2	</identifier>
				<transform>
					<row0>	1.0000 0.0000 0.0000 0.0000	</row0>
					<row1>	0.0000 1.0000 0.0000 0.0000	</row1>
					<row2>	0.0000 0.0000 1.0000 0.0000	</row2>
					<row3>	-0.1192 0.5168 -8.9950 1.0000	</row3>
				</transform>
			</node>
			<node>
				<identifier>	MP_GM014_Sleeve_INDEX_3	</identifier>
				<transform>
					<row0>	-1.0000 0.0000 0.0000 0.0000	</row0>
					<row1>	0.0000 1.0000 0.0000 0.0000	</row1>
					<row2>	0.0000 0.0000 -1.0000 0.0000	</row2>
					<row3>	-0.1227 0.5010 -6.9627 1.0000	</row3>
				</transform>
			</node>
			<node>
				<identifier>	MP_GM016_Sleeve	</identifier>
				<transform>
					<row0>	-0.0515 0.0000 0.9987 0.0000	</row0>
					<row1>	0.0000 1.0000 0.0000 0.0000	</row1>
					<row2>	-0.9987 0.0000 -0.0515 0.0000	</row2>
					<row3>	-0.9512 1.0082 -6.4167 1.0000	</row3>
				</transform>
			</node>
			<node>
				<identifier>	MP_GM016_Sleeve_INDEX_1	</identifier>
				<transform>
					<row0>	-0.0515 0.0000 -0.9987 0.0000	</row0>
					<row1>	0.0000 1.0000 0.0000 0.0000	</row1>
					<row2>	0.9987 0.0000 -0.0515 0.0000	</row2>
					<row3>	0.9514 1.0082 -6.4167 1.0000	</row3>
				</transform>
			</node>
			<node>
				<identifier>	MP_GM018_Siren	</identifier>
				<transform>
					<row0>	1.0000 0.0000 0.0000 0.0000	</row0>
					<row1>	0.0000 1.0000 0.0000 0.0000	</row1>
					<row2>	0.0000 0.0000 1.0000 0.0000	</row2>
					<row3>	0.0080 0.7149 -9.1302 1.0000	</row3>
				</transform>
			</node>
			<node>
				<identifier>	MP_GM022_Freon_Cylinder_acetylene	</identifier>
				<transform>
					<row0>	-0.1477 0.0000 0.9890 0.0000	</row0>
					<row1>	0.0000 1.0000 0.0000 0.0000	</row1>
					<row2>	-0.9890 0.0000 -0.1477 0.0000	</row2>
					<row3>	-0.5603 0.4079 -6.7802 1.0000	</row3>
				</transform>
			</node>
			<node>
				<identifier>	MP_GM022_Freon_Cylinder_acetylene_INDEX_1	</identifier>
				<transform>
					<row0>	-0.1477 0.0000 0.9890 0.0000	</row0>
					<row1>	0.0000 1.0000 0.0000 0.0000	</row1>
					<row2>	-0.9890 0.0000 -0.1477 0.0000	</row2>
					<row3>	-0.5675 0.4079 -6.7319 1.0000	</row3>
				</transform>
			</node>
			<node>
				<identifier>	MP_GM022_Freon_Cylinder_acetylene_INDEX_2	</identifier>
				<transform>
					<row0>	-0.1477 0.0000 0.9890 0.0000	</row0>
					<row1>	0.0000 1.0000 0.0000 0.0000	</row1>
					<row2>	-0.9890 0.0000 -0.1477 0.0000	</row2>
					<row3>	-0.5747 0.4079 -6.6840 1.0000	</row3>
				</transform>
			</node>
			<node>
				<identifier>	MP_GM022_Freon_Cylinder_acetylene_INDEX_3	</identifier>
				<transform>
					<row0>	-0.1477 0.0000 0.9890 0.0000	</row0>
					<row1>	0.0000 1.0000 0.0000 0.0000	</row1>
					<row2>	-0.9890 0.0000 -0.1477 0.0000	</row2>
					<row3>	-0.5817 0.4079 -6.6369 1.0000	</row3>
				</transform>
			</node>
			<node>
				<identifier>	MP_GM022_Freon_Cylinder_acetylene_INDEX_4	</identifier>
				<transform>
					<row0>	-0.1477 0.0000 -0.9890 0.0000	</row0>
					<row1>	0.0000 1.0000 0.0000 0.0000	</row1>
					<row2>	0.9890 0.0000 -0.1477 0.0000	</row2>
					<row3>	0.5817 0.4079 -6.6369 1.0000	</row3>
				</transform>
			</node>
			<node>
				<identifier>	MP_GM022_Freon_Cylinder_acetylene_INDEX_5	</identifier>
				<transform>
					<row0>	-0.1477 0.0000 -0.9890 0.0000	</row0>
					<row1>	0.0000 1.0000 0.0000 0.0000	</row1>
					<row2>	0.9890 0.0000 -0.1477 0.0000	</row2>
					<row3>	0.5747 0.4079 -6.6840 1.0000	</row3>
				</transform>
			</node>
			<node>
				<identifier>	MP_GM022_Freon_Cylinder_acetylene_INDEX_6	</identifier>
				<transform>
					<row0>	-0.1477 0.0000 -0.9890 0.0000	</row0>
					<row1>	0.0000 1.0000 0.0000 0.0000	</row1>
					<row2>	0.9890 0.0000 -0.1477 0.0000	</row2>
					<row3>	0.5675 0.4079 -6.7319 1.0000	</row3>
				</transform>
			</node>
			<node>
				<identifier>	MP_GM022_Freon_Cylinder_acetylene_INDEX_7	</identifier>
				<transform>
					<row0>	-0.1477 0.0000 -0.9890 0.0000	</row0>
					<row1>	0.0000 1.0000 0.0000 0.0000	</row1>
					<row2>	0.9890 0.0000 -0.1477 0.0000	</row2>
					<row3>	0.5603 0.4079 -6.7802 1.0000	</row3>
				</transform>
			</node>
			<node>
				<identifier>	MP_GM034_Turtles_box	</identifier>
				<transform>
					<row0>	-0.7944 0.0000 -0.6074 0.0000	</row0>
					<row1>	0.0000 1.0000 0.0000 0.0000	</row1>
					<row2>	0.6074 0.0000 -0.7944 0.0000	</row2>
					<row3>	-0.2753 0.6637 -8.9366 1.0000	</row3>
				</transform>
			</node>
			<node>
				<identifier>	MP_GM034_Turtles_box_INDEX_1	</identifier>
				<transform>
					<row0>	-0.7944 0.0000 0.6074 0.0000	</row0>
					<row1>	0.0000 1.0000 0.0000 0.0000	</row1>
					<row2>	-0.6074 0.0000 -0.7944 0.0000	</row2>
					<row3>	0.2753 0.6637 -8.9366 1.0000	</row3>
				</transform>
			</node>
			<node>
				<identifier>	MP_GM034_Turtles_box_INDEX_2	</identifier>
				<transform>
					<row0>	-0.1497 0.0000 -0.9887 0.0000	</row0>
					<row1>	0.0000 1.0000 0.0000 0.0000	</row1>
					<row2>	0.9887 0.0000 -0.1497 0.0000	</row2>
					<row3>	0.5847 0.4299 -6.5613 1.0000	</row3>
				</transform>
			</node>
			<node>
				<identifier>	MP_GM034_Turtles_box_INDEX_3	</identifier>
				<transform>
					<row0>	-0.1497 0.0000 0.9887 0.0000	</row0>
					<row1>	0.0000 1.0000 0.0000 0.0000	</row1>
					<row2>	-0.9887 0.0000 -0.1497 0.0000	</row2>
					<row3>	-0.5847 0.4299 -6.5613 1.0000	</row3>
				</transform>
			</node>
			<node>
				<identifier>	MP_GM035_LifeBuoy_Mount	</identifier>
				<transform>
					<row0>	0.9965 0.0000 0.0840 0.0000	</row0>
					<row1>	0.0000 1.0000 0.0000 0.0000	</row1>
					<row2>	-0.0840 0.0000 0.9965 0.0000	</row2>
					<row3>	-0.9108 1.0236 -6.9802 1.0000	</row3>
				</transform>
			</node>
			<node>
				<identifier>	MP_GM035_LifeBuoy_Mount_INDEX_1	</identifier>
				<transform>
					<row0>	0.9893 0.0000 0.1457 0.0000	</row0>
					<row1>	0.0000 1.0000 0.0000 0.0000	</row1>
					<row2>	-0.1457 0.0000 0.9893 0.0000	</row2>
					<row3>	-0.5386 0.4598 -6.8645 1.0000	</row3>
				</transform>
			</node>
			<node>
				<identifier>	MP_GM035_LifeBuoy_Mount_INDEX_2	</identifier>
				<transform>
					<row0>	-0.9965 0.0000 0.0840 0.0000	</row0>
					<row1>	0.0000 1.0000 0.0000 0.0000	</row1>
					<row2>	-0.0840 0.0000 -0.9965 0.0000	</row2>
					<row3>	0.9108 1.0236 -6.9802 1.0000	</row3>
				</transform>
			</node>
			<node>
				<identifier>	MP_GM035_LifeBuoy_Mount_INDEX_3	</identifier>
				<transform>
					<row0>	-0.9893 0.0000 0.1457 0.0000	</row0>
					<row1>	0.0000 1.0000 0.0000 0.0000	</row1>
					<row2>	-0.1457 0.0000 -0.9893 0.0000	</row2>
					<row3>	0.5386 0.4598 -6.8645 1.0000	</row3>
				</transform>
			</node>
			<node>
				<identifier>	MP_GM536_Life_Boat_3	</identifier>
				<transform>
					<row0>	0.9523 0.0000 0.3053 0.0000	</row0>
					<row1>	0.0000 1.0000 0.0000 0.0000	</row1>
					<row2>	-0.3053 0.0000 0.9523 0.0000	</row2>
					<row3>	-0.2895 0.4222 -8.6313 1.0000	</row3>
				</transform>
			</node>
			<node>
				<identifier>	MP_GM536_Life_Boat_3_INDEX_1	</identifier>
				<transform>
					<row0>	0.9523 0.0000 0.3053 0.0000	</row0>
					<row1>	0.0000 1.0000 0.0000 0.0000	</row1>
					<row2>	-0.3053 0.0000 0.9523 0.0000	</row2>
					<row3>	-0.3244 0.4214 -8.5226 1.0000	</row3>
				</transform>
			</node>
			<node>
				<identifier>	MP_GM536_Life_Boat_3_INDEX_10	</identifier>
				<transform>
					<row0>	0.9747 0.0000 0.2233 0.0000	</row0>
					<row1>	0.0000 1.0000 0.0000 0.0000	</row1>
					<row2>	-0.2233 0.0000 0.9747 0.0000	</row2>
					<row3>	-0.5460 0.4143 -7.6590 1.0000	</row3>
				</transform>
			</node>
			<node>
				<identifier>	MP_GM536_Life_Boat_3_INDEX_11	</identifier>
				<transform>
					<row0>	0.9747 0.0000 0.2233 0.0000	</row0>
					<row1>	0.0000 1.0000 0.0000 0.0000	</row1>
					<row2>	-0.2233 0.0000 0.9747 0.0000	</row2>
					<row3>	-0.5204 0.4153 -7.7703 1.0000	</row3>
				</transform>
			</node>
			<node>
				<identifier>	MP_GM536_Life_Boat_3_INDEX_2	</identifier>
				<transform>
					<row0>	0.9513 0.0000 -0.3084 0.0000	</row0>
					<row1>	0.0000 1.0000 0.0000 0.0000	</row1>
					<row2>	0.3084 0.0000 0.9513 0.0000	</row2>
					<row3>	0.3245 0.4214 -8.5229 1.0000	</row3>
				</transform>
			</node>
			<node>
				<identifier>	MP_GM536_Life_Boat_3_INDEX_3	</identifier>
				<transform>
					<row0>	0.9513 0.0000 -0.3084 0.0000	</row0>
					<row1>	0.0000 1.0000 0.0000 0.0000	</row1>
					<row2>	0.3084 0.0000 0.9513 0.0000	</row2>
					<row3>	0.2893 0.4222 -8.6315 1.0000	</row3>
				</transform>
			</node>
			<node>
				<identifier>	MP_GM536_Life_Boat_3_INDEX_4	</identifier>
				<transform>
					<row0>	0.9901 0.0000 0.1400 0.0000	</row0>
					<row1>	0.0000 1.0000 0.0000 0.0000	</row1>
					<row2>	-0.1400 0.0000 0.9901 0.0000	</row2>
					<row3>	-0.7341 0.4080 -6.6452 1.0000	</row3>
				</transform>
			</node>
			<node>
				<identifier>	MP_GM536_Life_Boat_3_INDEX_5	</identifier>
				<transform>
					<row0>	0.9901 0.0000 0.1400 0.0000	</row0>
					<row1>	0.0000 1.0000 0.0000 0.0000	</row1>
					<row2>	-0.1400 0.0000 0.9901 0.0000	</row2>
					<row3>	-0.7501 0.4078 -6.5321 1.0000	</row3>
				</transform>
			</node>
			<node>
				<identifier>	MP_GM536_Life_Boat_3_INDEX_6	</identifier>
				<transform>
					<row0>	0.9725 0.0000 -0.2329 0.0000	</row0>
					<row1>	0.0000 1.0000 0.0000 0.0000	</row1>
					<row2>	0.2329 0.0000 0.9725 0.0000	</row2>
					<row3>	0.5220 0.4153 -7.7702 1.0000	</row3>
				</transform>
			</node>
			<node>
				<identifier>	MP_GM536_Life_Boat_3_INDEX_7	</identifier>
				<transform>
					<row0>	0.9725 0.0000 -0.2329 0.0000	</row0>
					<row1>	0.0000 1.0000 0.0000 0.0000	</row1>
					<row2>	0.2329 0.0000 0.9725 0.0000	</row2>
					<row3>	0.5486 0.4143 -7.6591 1.0000	</row3>
				</transform>
			</node>
			<node>
				<identifier>	MP_GM536_Life_Boat_3_INDEX_8	</identifier>
				<transform>
					<row0>	0.9878 0.0000 -0.1558 0.0000	</row0>
					<row1>	0.0000 1.0000 0.0000 0.0000	</row1>
					<row2>	0.1558 0.0000 0.9878 0.0000	</row2>
					<row3>	0.7339 0.4080 -6.6451 1.0000	</row3>
				</transform>
			</node>
			<node>
				<identifier>	MP_GM536_Life_Boat_3_INDEX_9	</identifier>
				<transform>
					<row0>	0.9878 0.0000 -0.1558 0.0000	</row0>
					<row1>	0.0000 1.0000 0.0000 0.0000	</row1>
					<row2>	0.1558 0.0000 0.9878 0.0000	</row2>
					<row3>	0.7517 0.4078 -6.5323 1.0000	</row3>
				</transform>
			</node>
			<node>
				<identifier>	MP_GM601_Switch_Box_2	</identifier>
				<transform>
					<row0>	-0.0540 0.0000 0.9985 0.0000	</row0>
					<row1>	0.0000 1.0000 0.0000 0.0000	</row1>
					<row2>	-0.9985 0.0000 -0.0540 0.0000	</row2>
					<row3>	-0.9629 1.0384 -6.1968 1.0000	</row3>
				</transform>
			</node>
			<node>
				<identifier>	MP_GM601_Switch_Box_2_INDEX_1	</identifier>
				<transform>
					<row0>	-0.0540 0.0000 -0.9985 0.0000	</row0>
					<row1>	0.0000 1.0000 0.0000 0.0000	</row1>
					<row2>	0.9985 0.0000 -0.0540 0.0000	</row2>
					<row3>	0.9629 1.0384 -6.1968 1.0000	</row3>
				</transform>
			</node>
			<node>
				<identifier>	MP_GM602_Switch_Box_3	</identifier>
				<transform>
					<row0>	-0.9231 0.0000 0.3846 0.0000	</row0>
					<row1>	0.0000 1.0000 0.0000 0.0000	</row1>
					<row2>	-0.3846 0.0000 -0.9231 0.0000	</row2>
					<row3>	0.2266 0.7074 -8.9073 1.0000	</row3>
				</transform>
			</node>
			<node>
				<identifier>	MP_GM602_Switch_Box_3_INDEX_1	</identifier>
				<transform>
					<row0>	-0.9231 0.0000 -0.3846 0.0000	</row0>
					<row1>	0.0000 1.0000 0.0000 0.0000	</row1>
					<row2>	0.3846 0.0000 -0.9231 0.0000	</row2>
					<row3>	-0.2266 0.7074 -8.9073 1.0000	</row3>
				</transform>
			</node>
			<node>
				<identifier>	MP_GM602_Switch_Box_3_INDEX_2	</identifier>
				<transform>
					<row0>	-1.0000 0.0000 0.0000 0.0000	</row0>
					<row1>	0.0000 1.0000 0.0000 0.0000	</row1>
					<row2>	0.0000 0.0000 -1.0000 0.0000	</row2>
					<row3>	0.1722 0.4345 -6.9623 1.0000	</row3>
				</transform>
			</node>
			<node>
				<identifier>	MP_GM604_Switch_Box_5	</identifier>
				<transform>
					<row0>	-0.9226 0.0000 0.3859 0.0000	</row0>
					<row1>	0.0000 1.0000 0.0000 0.0000	</row1>
					<row2>	-0.3859 0.0000 -0.9226 0.0000	</row2>
					<row3>	0.2452 0.7074 -8.9151 1.0000	</row3>
				</transform>
			</node>
			<node>
				<identifier>	MP_GM604_Switch_Box_5_INDEX_1	</identifier>
				<transform>
					<row0>	-0.9226 0.0000 -0.3859 0.0000	</row0>
					<row1>	0.0000 1.0000 0.0000 0.0000	</row1>
					<row2>	0.3859 0.0000 -0.9226 0.0000	</row2>
					<row3>	-0.2452 0.7074 -8.9151 1.0000	</row3>
				</transform>
			</node>
			<node>
				<identifier>	MP_GM604_Switch_Box_5_INDEX_2	</identifier>
				<transform>
					<row0>	-1.0000 0.0000 0.0000 0.0000	</row0>
					<row1>	0.0000 1.0000 0.0000 0.0000	</row1>
					<row2>	0.0000 0.0000 -1.0000 0.0000	</row2>
					<row3>	-0.3846 0.4824 -6.9617 1.0000	</row3>
				</transform>
			</node>
			<node>
				<identifier>	MP_GM605_Indicator	</identifier>
				<transform>
					<row0>	-0.0540 0.0000 0.9985 0.0000	</row0>
					<row1>	0.0000 1.0000 0.0000 0.0000	</row1>
					<row2>	-0.9985 0.0000 -0.0540 0.0000	</row2>
					<row3>	-0.9629 1.0201 -6.1968 1.0000	</row3>
				</transform>
			</node>
			<node>
				<identifier>	MP_GM605_Indicator_INDEX_1	</identifier>
				<transform>
					<row0>	-0.0540 0.0000 -0.9985 0.0000	</row0>
					<row1>	0.0000 1.0000 0.0000 0.0000	</row1>
					<row2>	0.9985 0.0000 -0.0540 0.0000	</row2>
					<row3>	0.9629 1.0201 -6.1968 1.0000	</row3>
				</transform>
			</node>
			<node>
				<identifier>	MP_GM606_MC_Box	</identifier>
				<transform>
					<row0>	-1.0000 0.0000 0.0000 0.0000	</row0>
					<row1>	0.0000 1.0000 0.0000 0.0000	</row1>
					<row2>	0.0000 0.0000 -1.0000 0.0000	</row2>
					<row3>	0.1810 0.4736 -6.9622 1.0000	</row3>
				</transform>
			</node>
			<node>
				<identifier>	MP_GM606_MC_Box_INDEX_1	</identifier>
				<transform>
					<row0>	-0.0540 0.0000 0.9985 0.0000	</row0>
					<row1>	0.0000 1.0000 0.0000 0.0000	</row1>
					<row2>	-0.9985 0.0000 -0.0540 0.0000	</row2>
					<row3>	-0.9600 1.0303 -6.2509 1.0000	</row3>
				</transform>
			</node>
			<node>
				<identifier>	MP_GM606_MC_Box_INDEX_2	</identifier>
				<transform>
					<row0>	-0.0540 0.0000 -0.9985 0.0000	</row0>
					<row1>	0.0000 1.0000 0.0000 0.0000	</row1>
					<row2>	0.9985 0.0000 -0.0540 0.0000	</row2>
					<row3>	0.9600 1.0303 -6.2509 1.0000	</row3>
				</transform>
			</node>
			<node>
				<identifier>	MP_GM607_Manometer	</identifier>
				<transform>
					<row0>	-0.0540 0.0000 0.9985 0.0000	</row0>
					<row1>	0.0000 1.0000 0.0000 0.0000	</row1>
					<row2>	-0.9985 0.0000 -0.0540 0.0000	</row2>
					<row3>	-0.9651 1.0218 -6.1552 1.0000	</row3>
				</transform>
			</node>
			<node>
				<identifier>	MP_GM607_Manometer_INDEX_1	</identifier>
				<transform>
					<row0>	-0.0540 0.0000 0.9985 0.0000	</row0>
					<row1>	0.0000 1.0000 0.0000 0.0000	</row1>
					<row2>	-0.9985 0.0000 -0.0540 0.0000	</row2>
					<row3>	-0.9651 1.0373 -6.1552 1.0000	</row3>
				</transform>
			</node>
			<node>
				<identifier>	MP_GM607_Manometer_INDEX_2	</identifier>
				<transform>
					<row0>	-0.0540 0.0000 0.9985 0.0000	</row0>
					<row1>	0.0000 1.0000 0.0000 0.0000	</row1>
					<row2>	-0.9985 0.0000 -0.0540 0.0000	</row2>
					<row3>	-0.9643 1.0373 -6.1712 1.0000	</row3>
				</transform>
			</node>
			<node>
				<identifier>	MP_GM607_Manometer_INDEX_3	</identifier>
				<transform>
					<row0>	-0.0540 0.0000 0.9985 0.0000	</row0>
					<row1>	0.0000 1.0000 0.0000 0.0000	</row1>
					<row2>	-0.9985 0.0000 -0.0540 0.0000	</row2>
					<row3>	-0.9643 1.0218 -6.1712 1.0000	</row3>
				</transform>
			</node>
			<node>
				<identifier>	MP_GM607_Manometer_INDEX_4	</identifier>
				<transform>
					<row0>	-0.0540 0.0000 -0.9985 0.0000	</row0>
					<row1>	0.0000 1.0000 0.0000 0.0000	</row1>
					<row2>	0.9985 0.0000 -0.0540 0.0000	</row2>
					<row3>	0.9652 1.0218 -6.1543 1.0000	</row3>
				</transform>
			</node>
			<node>
				<identifier>	MP_GM607_Manometer_INDEX_5	</identifier>
				<transform>
					<row0>	-0.0540 0.0000 -0.9985 0.0000	</row0>
					<row1>	0.0000 1.0000 0.0000 0.0000	</row1>
					<row2>	0.9985 0.0000 -0.0540 0.0000	</row2>
					<row3>	0.9652 1.0373 -6.1543 1.0000	</row3>
				</transform>
			</node>
			<node>
				<identifier>	MP_GM607_Manometer_INDEX_6	</identifier>
				<transform>
					<row0>	-0.0540 0.0000 -0.9985 0.0000	</row0>
					<row1>	0.0000 1.0000 0.0000 0.0000	</row1>
					<row2>	0.9985 0.0000 -0.0540 0.0000	</row2>
					<row3>	0.9643 1.0373 -6.1703 1.0000	</row3>
				</transform>
			</node>
			<node>
				<identifier>	MP_GM607_Manometer_INDEX_7	</identifier>
				<transform>
					<row0>	-0.0540 0.0000 -0.9985 0.0000	</row0>
					<row1>	0.0000 1.0000 0.0000 0.0000	</row1>
					<row2>	0.9985 0.0000 -0.0540 0.0000	</row2>
					<row3>	0.9643 1.0218 -6.1703 1.0000	</row3>
				</transform>
			</node>
			<node>
				<identifier>	MP_GM608_Bell	</identifier>
				<transform>
					<row0>	1.0000 0.0000 0.0000 0.0000	</row0>
					<row1>	0.0000 1.0000 0.0000 0.0000	</row1>
					<row2>	0.0000 0.0000 1.0000 0.0000	</row2>
					<row3>	-0.0086 0.7060 -9.1302 1.0000	</row3>
				</transform>
			</node>
			<node>
				<identifier>	MP_GM608_Bell_INDEX_1	</identifier>
				<transform>
					<row0>	-0.1527 0.0000 -0.9883 0.0000	</row0>
					<row1>	0.0000 1.0000 0.0000 0.0000	</row1>
					<row2>	0.9883 0.0000 -0.1527 0.0000	</row2>
					<row3>	0.6041 0.5366 -6.4245 1.0000	</row3>
				</transform>
			</node>
			<node>
				<identifier>	MP_GM608_Bell_INDEX_2	</identifier>
				<transform>
					<row0>	-0.1527 0.0000 0.9883 0.0000	</row0>
					<row1>	0.0000 1.0000 0.0000 0.0000	</row1>
					<row2>	-0.9883 0.0000 -0.1527 0.0000	</row2>
					<row3>	-0.6041 0.5366 -6.4245 1.0000	</row3>
				</transform>
			</node>
			<node>
				<identifier>	MP_GM608_Bell_INDEX_3	</identifier>
				<transform>
					<row0>	-1.0000 0.0000 0.0000 0.0000	</row0>
					<row1>	0.0000 1.0000 0.0000 0.0000	</row1>
					<row2>	0.0000 0.0000 -1.0000 0.0000	</row2>
					<row3>	0.3886 0.5127 -6.9625 1.0000	</row3>
				</transform>
			</node>
			<node>
				<identifier>	MP_GM608_Bell_INDEX_4	</identifier>
				<transform>
					<row0>	-0.0540 0.0000 0.9985 0.0000	</row0>
					<row1>	0.0000 1.0000 0.0000 0.0000	</row1>
					<row2>	-0.9985 0.0000 -0.0540 0.0000	</row2>
					<row3>	-0.9618 1.0299 -6.2166 1.0000	</row3>
				</transform>
			</node>
			<node>
				<identifier>	MP_GM608_Bell_INDEX_5	</identifier>
				<transform>
					<row0>	-0.0540 0.0000 -0.9985 0.0000	</row0>
					<row1>	0.0000 1.0000 0.0000 0.0000	</row1>
					<row2>	0.9985 0.0000 -0.0540 0.0000	</row2>
					<row3>	0.9618 1.0299 -6.2166 1.0000	</row3>
				</transform>
			</node>
			<node>
				<identifier>	MP_GM610_Switch_Box_6	</identifier>
				<transform>
					<row0>	-1.0000 0.0000 0.0000 0.0000	</row0>
					<row1>	0.0000 1.0000 0.0000 0.0000	</row1>
					<row2>	0.0000 0.0000 -1.0000 0.0000	</row2>
					<row3>	0.2122 0.4569 -6.9620 1.0000	</row3>
				</transform>
			</node>
			<node>
				<identifier>	MP_GM856_Mastheadlight	</identifier>
				<transform>
					<row0>	-1.0000 0.0000 0.0000 0.0000	</row0>
					<row1>	0.0000 1.0000 0.0000 0.0000	</row1>
					<row2>	0.0000 0.0000 -1.0000 0.0000	</row2>
					<row3>	0.0000 0.4899 -9.2144 1.0000	</row3>
				</transform>
			</node>
			<node>
				<identifier>	MP_GM875_Top_Light	</identifier>
				<transform>
					<row0>	-1.0000 0.0000 0.0000 0.0000	</row0>
					<row1>	0.0000 1.0000 0.0000 0.0000	</row1>
					<row2>	0.0000 0.0000 -1.0000 0.0000	</row2>
					<row3>	0.0000 0.8772 -9.3780 1.0000	</row3>
				</transform>
			</node>
			<node>
				<identifier>	SP_YMS011_YHWL_M_1_INDEX_14	</identifier>
				<transform>
					<row0>	1.0532 0.6995 0.3026 0.0000	</row0>
					<row1>	-0.6724 1.0958 -0.1930 0.0000	</row1>
					<row2>	-0.3589 -0.0001 1.2495 0.0000	</row2>
					<row3>	-0.4173 0.0333 -7.8731 1.0000	</row3>
				</transform>
			</node>
			<node>
				<identifier>	SP_YMS012_YHWR_M_1_INDEX_14	</identifier>
				<transform>
					<row0>	1.0532 -0.6995 -0.3026 0.0000	</row0>
					<row1>	0.6724 1.0958 -0.1930 0.0000	</row1>
					<row2>	0.3589 -0.0001 1.2495 0.0000	</row2>
					<row3>	0.4173 0.0333 -7.8731 1.0000	</row3>
				</transform>
			</node>
			<node>
				<identifier>	SP_YMS023_YHUC_L_1	</identifier>
				<transform>
