<ASA009_Roosevelt_1947_MidFront_lod1.visual>
	<node>
		<identifier>	Scene Root	</identifier>
		<transform>
			<row0>	1.0000 0.0000 0.0000 0.0000	</row0>
			<row1>	0.0000 1.0000 0.0000 0.0000	</row1>
			<row2>	0.0000 0.0000 1.0000 0.0000	</row2>
			<row3>	0.0000 0.0000 0.0000 1.0000	</row3>
		</transform>
		<node>
			<identifier>	MidFront	</identifier>
			<transform>
				<row0>	1.0000 0.0000 0.0000 0.0000	</row0>
				<row1>	0.0000 1.0000 0.0000 0.0000	</row1>
				<row2>	0.0000 0.0000 1.0000 0.0000	</row2>
				<row3>	0.0000 0.0000 0.0000 1.0000	</row3>
			</transform>
			<node>
				<identifier>	MidFront_Antenna	</identifier>
				<transform>
					<row0>	1.0000 0.0000 0.0000 0.0000	</row0>
					<row1>	0.0000 1.0000 0.0000 0.0000	</row1>
					<row2>	0.0000 0.0000 1.0000 0.0000	</row2>
					<row3>	0.0000 0.0000 0.0000 1.0000	</row3>
				</transform>
				<node>
					<identifier>	MidFront_Antenna_wire	</identifier>
					<transform>
						<row0>	1.0000 0.0000 0.0000 0.0000	</row0>
						<row1>	0.0000 1.0000 0.0000 0.0000	</row1>
						<row2>	0.0000 0.0000 1.0000 0.0000	</row2>
						<row3>	0.0000 0.0000 0.0000 1.0000	</row3>
					</transform>
				</node>
			</node>
			<node>
				<identifier>	MidFront_crack_Bow	</identifier>
				<transform>
					<row0>	1.0000 0.0000 0.0000 0.0000	</row0>
					<row1>	0.0000 1.0000 0.0000 0.0000	</row1>
					<row2>	0.0000 0.0000 1.0000 0.0000	</row2>
					<row3>	0.0000 0.0000 0.0000 1.0000	</row3>
				</transform>
				<node>
					<identifier>	MidFront_crack_Bow_in	</identifier>
					<transform>
						<row0>	1.0000 0.0000 0.0000 0.0000	</row0>
						<row1>	0.0000 1.0000 0.0000 0.0000	</row1>
						<row2>	0.0000 0.0000 1.0000 0.0000	</row2>
						<row3>	0.0000 0.0000 0.0000 1.0000	</row3>
					</transform>
				</node>
			</node>
			<node>
				<identifier>	MidFront_crack_MidBack	</identifier>
				<transform>
					<row0>	1.0000 0.0000 0.0000 0.0000	</row0>
					<row1>	0.0000 1.0000 0.0000 0.0000	</row1>
					<row2>	0.0000 0.0000 1.0000 0.0000	</row2>
					<row3>	0.0000 0.0000 0.0000 1.0000	</row3>
				</transform>
				<node>
					<identifier>	MidFront_crack_MidBack_in	</identifier>
					<transform>
						<row0>	1.0000 0.0000 0.0000 0.0000	</row0>
						<row1>	0.0000 1.0000 0.0000 0.0000	</row1>
						<row2>	0.0000 0.0000 1.0000 0.0000	</row2>
						<row3>	0.0000 0.0000 0.0000 1.0000	</row3>
					</transform>
				</node>
			</node>
			<node>
				<identifier>	MidFront_patch_MidBack	</identifier>
				<transform>
					<row0>	1.0000 0.0000 0.0000 0.0000	</row0>
					<row1>	0.0000 1.0000 0.0000 0.0000	</row1>
					<row2>	0.0000 0.0000 1.0000 0.0000	</row2>
					<row3>	0.0000 0.0000 0.0000 1.0000	</row3>
				</transform>
			</node>
		</node>
		<node>
			<identifier>	Root	</identifier>
			<transform>
				<row0>	1.0000 0.0000 0.0000 0.0000	</row0>
				<row1>	0.0000 1.0000 0.0000 0.0000	</row1>
				<row2>	0.0000 0.0000 1.0000 0.0000	</row2>
				<row3>	0.0000 0.0000 0.0000 1.0000	</row3>
			</transform>
			<node>
				<identifier>	MidFront_DeckHouse_Antenna_l_1	</identifier>
				<transform>
					<row0>	1.0000 0.0000 0.0000 0.0000	</row0>
					<row1>	0.0000 1.0000 0.0000 0.0000	</row1>
					<row2>	0.0000 0.0000 1.0000 0.0000	</row2>
					<row3>	-1.2994 0.9651 -3.3555 1.0000	</row3>
				</transform>
				<node>
					<identifier>	MidFront_DeckHouse_Antenna_l_1_BlendBone	</identifier>
					<transform>
						<row0>	1.0000 0.0000 0.0000 0.0000	</row0>
						<row1>	0.0000 1.0000 0.0000 0.0000	</row1>
						<row2>	0.0000 0.0000 -1.0000 0.0000	</row2>
						<row3>	1.2994 -0.9651 3.3555 1.0000	</row3>
					</transform>
				</node>
				<node>
					<identifier>	MidFront_DeckHouse_Antenna_l_1a	</identifier>
					<transform>
						<row0>	-0.5213 0.8531 -0.0214 0.0000	</row0>
						<row1>	0.8524 0.5217 0.0351 0.0000	</row1>
						<row2>	0.0411 0.0000 -0.9992 0.0000	</row2>
						<row3>	0.0142 0.0209 0.0008 1.0000	</row3>
					</transform>
					<node>
						<identifier>	MidFront_DeckHouse_Antenna_l_1a_BlendBone	</identifier>
						<transform>
							<row0>	-0.5213 0.8524 0.0411 0.0000	</row0>
							<row1>	0.8531 0.5217 0.0000 0.0000	</row1>
							<row2>	0.0214 -0.0351 0.9992 0.0000	</row2>
							<row3>	-1.5831 0.6987 -3.2991 1.0000	</row3>
						</transform>
					</node>
				</node>
				<node>
					<identifier>	MidFront_DeckHouse_Antenna_l_1b	</identifier>
					<transform>
						<row0>	-0.0256 -0.9996 0.0106 0.0000	</row0>
						<row1>	-0.9239 0.0277 0.3815 0.0000	</row1>
						<row2>	-0.3817 0.0000 -0.9243 0.0000	</row2>
						<row3>	-0.0064 0.0554 0.0000 1.0000	</row3>
					</transform>
					<node>
						<identifier>	MidFront_DeckHouse_Antenna_l_1b1	</identifier>
						<transform>
							<row0>	1.0000 0.0000 0.0000 0.0000	</row0>
							<row1>	0.0000 1.0000 0.0000 0.0000	</row1>
							<row2>	0.0000 0.0000 1.0000 0.0000	</row2>
							<row3>	0.0446 0.0008 0.0003 1.0000	</row3>
						</transform>
						<node>
							<identifier>	MidFront_DeckHouse_Antenna_l_1b1_BlendBone	</identifier>
							<transform>
								<row0>	-0.0256 -0.9239 -0.3817 0.0000	</row0>
								<row1>	-0.9996 0.0277 0.0000 0.0000	</row1>
								<row2>	-0.0106 -0.3815 0.9243 0.0000	</row2>
								<row3>	0.9776 0.0447 -3.6002 1.0000	</row3>
							</transform>
						</node>
						<node>
							<identifier>	MidFront_DeckHouse_Antenna_l_1b2	</identifier>
							<transform>
								<row0>	0.8527 -0.4832 -0.1988 0.0000	</row0>
								<row1>	-0.5224 -0.7803 -0.3439 0.0000	</row1>
								<row2>	0.0110 0.3971 -0.9177 0.0000	</row2>
								<row3>	0.0224 -0.0008 -0.0003 1.0000	</row3>
							</transform>
							<node>
								<identifier>	MidFront_DeckHouse_Antenna_l_1b2_BlendBone	</identifier>
								<transform>
									<row0>	0.5004 0.8656 -0.0169 0.0000	</row0>
									<row1>	-0.8657 0.5005 0.0000 0.0000	</row1>
									<row2>	-0.0085 -0.0146 -0.9999 0.0000	</row2>
									<row3>	1.5081 0.7035 3.3323 1.0000	</row3>
								</transform>
							</node>
							<node>
								<identifier>	MidFront_DeckHouse_Antenna_l_1b3	</identifier>
								<transform>
									<row0>	0.7401 0.6724 -0.0060 0.0000	</row0>
									<row1>	-0.6725 0.7401 -0.0019 0.0000	</row1>
									<row2>	0.0031 0.0054 1.0000 0.0000	</row2>
									<row3>	0.0037 0.0000 0.0000 1.0000	</row3>
								</transform>
								<node>
									<identifier>	MidFront_DeckHouse_Antenna_l_1b3_BlendBone	</identifier>
									<transform>
										<row0>	0.9526 0.3042 -0.0106 0.0000	</row0>
										<row1>	-0.3042 0.9526 0.0000 0.0000	</row1>
										<row2>	-0.0101 -0.0032 -0.9999 0.0000	</row2>
										<row3>	1.5667 -0.4973 3.3407 1.0000	</row3>
									</transform>
								</node>
								<node>
									<identifier>	MidFront_DeckHouse_Antenna_l_1b4	</identifier>
									<transform>
										<row0>	0.9526 0.3042 -0.0106 0.0000	</row0>
										<row1>	-0.3042 0.9526 0.0000 0.0000	</row1>
										<row2>	0.0101 0.0032 0.9999 0.0000	</row2>
										<row3>	0.0247 0.0000 0.0000 1.0000	</row3>
									</transform>
									<node>
										<identifier>	MidFront_DeckHouse_Antenna_l_1b4_BlendBone	</identifier>
										<transform>
											<row0>	1.0000 0.0000 0.0000 0.0000	</row0>
											<row1>	0.0000 1.0000 0.0000 0.0000	</row1>
											<row2>	0.0000 0.0000 -1.0000 0.0000	</row2>
											<row3>	1.2821 -0.9427 3.3545 1.0000	</row3>
										</transform>
									</node>
								</node>
							</node>
						</node>
					</node>
					<node>
						<identifier>	MidFront_DeckHouse_Antenna_l_1b_BlendBone	</identifier>
						<transform>
							<row0>	-0.0256 -0.9239 -0.3817 0.0000	</row0>
							<row1>	-0.9996 0.0277 0.0000 0.0000	</row1>
							<row2>	-0.0106 -0.3815 0.9243 0.0000	</row2>
							<row3>	1.0222 0.0455 -3.5999 1.0000	</row3>
						</transform>
					</node>
				</node>
			</node>
			<node>
				<identifier>	MidFront_DeckHouse_Antenna_r_1	</identifier>
				<transform>
					<row0>	1.0000 0.0000 0.0000 0.0000	</row0>
					<row1>	0.0000 1.0000 0.0000 0.0000	</row1>
					<row2>	0.0000 0.0000 1.0000 0.0000	</row2>
					<row3>	1.1459 0.9651 6.9896 1.0000	</row3>
				</transform>
				<node>
					<identifier>	MidFront_DeckHouse_Antenna_r_1_BlendBone	</identifier>
					<transform>
						<row0>	1.0000 0.0000 0.0000 0.0000	</row0>
						<row1>	0.0000 1.0000 0.0000 0.0000	</row1>
						<row2>	0.0000 0.0000 -1.0000 0.0000	</row2>
						<row3>	-1.1459 -0.9651 -6.9896 1.0000	</row3>
					</transform>
				</node>
				<node>
					<identifier>	MidFront_DeckHouse_Antenna_r_1a	</identifier>
					<transform>
						<row0>	1.0000 0.0000 0.0000 0.0000	</row0>
						<row1>	0.0000 1.0000 0.0000 0.0000	</row1>
						<row2>	0.0000 0.0000 1.0000 0.0000	</row2>
						<row3>	-0.0151 0.0213 0.0000 1.0000	</row3>
					</transform>
					<node>
						<identifier>	MidFront_DeckHouse_Antenna_r_1a_BlendBone	</identifier>
						<transform>
							<row0>	1.0000 0.0000 0.0000 0.0000	</row0>
							<row1>	0.0000 1.0000 0.0000 0.0000	</row1>
							<row2>	0.0000 0.0000 -1.0000 0.0000	</row2>
							<row3>	-1.1308 -0.9863 -6.9896 1.0000	</row3>
						</transform>
					</node>
				</node>
				<node>
					<identifier>	MidFront_DeckHouse_Antenna_r_1b	</identifier>
					<transform>
						<row0>	0.0089 -0.9999 -0.0108 0.0000	</row0>
						<row1>	0.9720 0.0112 -0.2346 0.0000	</row1>
						<row2>	0.2347 -0.0084 0.9720 0.0000	</row2>
						<row3>	0.0064 0.0554 0.0000 1.0000	</row3>
					</transform>
					<node>
						<identifier>	MidFront_DeckHouse_Antenna_r_1b1	</identifier>
						<transform>
							<row0>	0.9984 -0.0561 -0.0120 0.0000	</row0>
							<row1>	-0.0474 -0.6871 -0.7250 0.0000	</row1>
							<row2>	0.0325 0.7244 -0.6886 0.0000	</row2>
							<row3>	0.0446 0.0024 0.0006 1.0000	</row3>
						</transform>
						<node>
							<identifier>	MidFront_DeckHouse_Antenna_r_1b1_BlendBone	</identifier>
							<transform>
								<row0>	-0.0485 -0.8385 0.5428 0.0000	</row0>
								<row1>	-0.9988 0.0458 -0.0185 0.0000	</row1>
								<row2>	0.0093 0.5430 0.8397 0.0000	</row2>
								<row3>	1.0959 4.7192 5.2595 1.0000	</row3>
							</transform>
						</node>
						<node>
							<identifier>	MidFront_DeckHouse_Antenna_r_1b2	</identifier>
							<transform>
								<row0>	0.8800 0.3990 -0.2578 0.0000	</row0>
								<row1>	-0.4749 0.7494 -0.4614 0.0000	</row1>
								<row2>	0.0091 0.5284 0.8489 0.0000	</row2>
								<row3>	0.0225 0.0000 0.0000 1.0000	</row3>
							</transform>
							<node>
								<identifier>	MidFront_DeckHouse_Antenna_r_1b2_BlendBone	</identifier>
								<transform>
									<row0>	-0.5171 -0.8558 0.0173 0.0000	</row0>
									<row1>	-0.8559 0.5171 -0.0006 0.0000	</row1>
									<row2>	0.0084 0.0151 0.9998 0.0000	</row2>
									<row3>	1.4718 0.6003 6.9684 1.0000	</row3>
								</transform>
							</node>
							<node>
								<identifier>	MidFront_DeckHouse_Antenna_r_1b3	</identifier>
								<transform>
									<row0>	0.7540 0.6568 -0.0062 0.0000	</row0>
									<row1>	-0.6569 0.7540 -0.0021 0.0000	</row1>
									<row2>	0.0033 0.0057 1.0000 0.0000	</row2>
									<row3>	0.0037 0.0000 0.0000 1.0000	</row3>
								</transform>
								<node>
									<identifier>	MidFront_DeckHouse_Antenna_r_1b3_BlendBone	</identifier>
									<transform>
										<row0>	-0.9521 -0.3057 0.0108 0.0000	</row0>
										<row1>	-0.3057 0.9521 -0.0005 0.0000	</row1>
										<row2>	0.0101 0.0037 0.9999 0.0000	</row2>
										<row3>	1.4582 -0.5266 6.9765 1.0000	</row3>
									</transform>
								</node>
								<node>
									<identifier>	MidFront_DeckHouse_Antenna_r_1b4	</identifier>
									<transform>
										<row0>	-0.3507 0.9362 -0.0208 0.0000	</row0>
										<row1>	0.8603 0.3309 0.3879 0.0000	</row1>
										<row2>	0.3700 0.1181 -0.9215 0.0000	</row2>
										<row3>	0.0247 0.0000 0.0000 1.0000	</row3>
									</transform>
									<node>
										<identifier>	MidFront_DeckHouse_Antenna_r_1b4_BlendBone	</identifier>
										<transform>
											<row0>	0.0475 -0.9160 -0.3983 0.0000	</row0>
											<row1>	0.9987 0.0519 -0.0002 0.0000	</row1>
											<row2>	-0.0208 0.3978 -0.9172 0.0000	</row2>
											<row3>	-1.1408 3.7647 -5.9606 1.0000	</row3>
										</transform>
									</node>
								</node>
							</node>
						</node>
					</node>
					<node>
						<identifier>	MidFront_DeckHouse_Antenna_r_1b_BlendBone	</identifier>
						<transform>
							<row0>	0.0089 0.9720 0.2347 0.0000	</row0>
							<row1>	-0.9999 0.0112 -0.0084 0.0000	</row1>
							<row2>	0.0108 0.2346 -0.9720 0.0000	</row2>
							<row3>	1.0858 0.5083 -7.0560 1.0000	</row3>
						</transform>
					</node>
				</node>
			</node>
			<node>
				<identifier>	MidFront_DeckHouse_Antenna_r_2	</identifier>
				<transform>
					<row0>	1.0000 0.0000 0.0000 0.0000	</row0>
					<row1>	0.0000 1.0000 0.0000 0.0000	</row1>
					<row2>	0.0000 0.0000 1.0000 0.0000	</row2>
					<row3>	1.1569 0.9652 6.6834 1.0000	</row3>
				</transform>
				<node>
					<identifier>	MidFront_DeckHouse_Antenna_r_2_BlendBone	</identifier>
					<transform>
						<row0>	1.0000 0.0000 0.0000 0.0000	</row0>
						<row1>	0.0000 1.0000 0.0000 0.0000	</row1>
						<row2>	0.0000 0.0000 -1.0000 0.0000	</row2>
						<row3>	-1.1569 -0.9652 -6.6834 1.0000	</row3>
					</transform>
				</node>
				<node>
					<identifier>	MidFront_DeckHouse_Antenna_r_2a	</identifier>
					<transform>
						<row0>	1.0000 0.0000 0.0000 0.0000	</row0>
						<row1>	0.0000 1.0000 0.0000 0.0000	</row1>
						<row2>	0.0000 0.0000 1.0000 0.0000	</row2>
						<row3>	-0.0153 0.0214 0.0000 1.0000	</row3>
					</transform>
					<node>
						<identifier>	MidFront_DeckHouse_Antenna_r_2a_BlendBone	</identifier>
						<transform>
							<row0>	1.0000 0.0000 0.0000 0.0000	</row0>
							<row1>	0.0000 1.0000 0.0000 0.0000	</row1>
							<row2>	0.0000 0.0000 -1.0000 0.0000	</row2>
							<row3>	-1.1416 -0.9866 -6.6835 1.0000	</row3>
						</transform>
					</node>
				</node>
				<node>
					<identifier>	MidFront_DeckHouse_Antenna_r_2b	</identifier>
					<transform>
						<row0>	0.0090 -0.9999 -0.0108 0.0000	</row0>
						<row1>	0.9720 0.0113 -0.2346 0.0000	</row1>
						<row2>	0.2347 -0.0084 0.9720 0.0000	</row2>
						<row3>	0.0064 0.0554 0.0000 1.0000	</row3>
					</transform>
					<node>
						<identifier>	MidFront_DeckHouse_Antenna_r_2b1	</identifier>
						<transform>
							<row0>	0.9984 -0.0562 -0.0120 0.0000	</row0>
							<row1>	-0.0474 -0.6871 -0.7250 0.0000	</row1>
							<row2>	0.0325 0.7244 -0.6886 0.0000	</row2>
							<row3>	0.0446 0.0024 0.0006 1.0000	</row3>
						</transform>
						<node>
							<identifier>	MidFront_DeckHouse_Antenna_r_2b1_BlendBone	</identifier>
							<transform>
								<row0>	-0.0485 -0.8385 0.5428 0.0000	</row0>
								<row1>	-0.9988 0.0457 -0.0185 0.0000	</row1>
								<row2>	0.0093 0.5430 0.8397 0.0000	</row2>
								<row3>	1.0936 4.5622 4.9964 1.0000	</row3>
							</transform>
						</node>
						<node>
							<identifier>	MidFront_DeckHouse_Antenna_r_2b2	</identifier>
							<transform>
								<row0>	0.8800 0.3990 -0.2578 0.0000	</row0>
								<row1>	-0.4749 0.7494 -0.4614 0.0000	</row1>
								<row2>	0.0091 0.5284 0.8489 0.0000	</row2>
								<row3>	0.0225 0.0000 0.0000 1.0000	</row3>
							</transform>
							<node>
								<identifier>	MidFront_DeckHouse_Antenna_r_2b2_BlendBone	</identifier>
								<transform>
									<row0>	-0.5171 -0.8558 0.0173 0.0000	</row0>
									<row1>	-0.8559 0.5171 -0.0006 0.0000	</row1>
									<row2>	0.0084 0.0151 0.9998 0.0000	</row2>
									<row3>	1.4749 0.6051 6.6622 1.0000	</row3>
								</transform>
							</node>
							<node>
								<identifier>	MidFront_DeckHouse_Antenna_r_2b3	</identifier>
								<transform>
									<row0>	0.7540 0.6569 -0.0062 0.0000	</row0>
									<row1>	-0.6569 0.7540 -0.0021 0.0000	</row1>
									<row2>	0.0033 0.0057 1.0000 0.0000	</row2>
									<row3>	0.0037 0.0000 0.0000 1.0000	</row3>
								</transform>
								<node>
									<identifier>	MidFront_DeckHouse_Antenna_r_2b3_BlendBone	</identifier>
									<transform>
										<row0>	-0.9521 -0.3056 0.0108 0.0000	</row0>
										<row1>	-0.3057 0.9521 -0.0005 0.0000	</row1>
										<row2>	0.0101 0.0037 0.9999 0.0000	</row2>
										<row3>	1.4655 -0.5244 6.6703 1.0000	</row3>
									</transform>
								</node>
								<node>
									<identifier>	MidFront_DeckHouse_Antenna_r_2b4	</identifier>
									<transform>
										<row0>	-0.3467 0.9378 -0.0208 0.0000	</row0>
										<row1>	0.8483 0.3229 0.4197 0.0000	</row1>
										<row2>	0.4003 0.1278 -0.9074 0.0000	</row2>
										<row3>	0.0247 0.0000 0.0000 1.0000	</row3>
									</transform>
									<node>
										<identifier>	MidFront_DeckHouse_Antenna_r_2b4_BlendBone	</identifier>
										<transform>
											<row0>	0.0432 -0.9018 -0.4299 0.0000	</row0>
											<row1>	0.9988 0.0480 -0.0002 0.0000	</row1>
											<row2>	-0.0209 0.4294 -0.9029 0.0000	</row2>
											<row3>	-1.1303 3.8522 -5.5431 1.0000	</row3>
										</transform>
									</node>
								</node>
							</node>
						</node>
					</node>
					<node>
						<identifier>	MidFront_DeckHouse_Antenna_r_2b_BlendBone	</identifier>
						<transform>
							<row0>	0.0090 0.9720 0.2347 0.0000	</row0>
							<row1>	-0.9999 0.0113 -0.0084 0.0000	</row1>
							<row2>	0.0108 0.2346 -0.9720 0.0000	</row2>
							<row3>	1.0824 0.4258 -6.7609 1.0000	</row3>
						</transform>
					</node>
				</node>
			</node>
			<node>
				<identifier>	MidFront_DeckHouse_Antenna_r_3	</identifier>
				<transform>
					<row0>	1.0000 0.0000 0.0000 0.0000	</row0>
					<row1>	0.0000 1.0000 0.0000 0.0000	</row1>
					<row2>	0.0000 0.0000 1.0000 0.0000	</row2>
					<row3>	1.1803 0.9652 6.3718 1.0000	</row3>
				</transform>
				<node>
					<identifier>	MidFront_DeckHouse_Antenna_r_3_BlendBone	</identifier>
					<transform>
						<row0>	1.0000 0.0000 0.0000 0.0000	</row0>
						<row1>	0.0000 1.0000 0.0000 0.0000	</row1>
						<row2>	0.0000 0.0000 -1.0000 0.0000	</row2>
						<row3>	-1.1803 -0.9652 -6.3718 1.0000	</row3>
					</transform>
				</node>
				<node>
					<identifier>	MidFront_DeckHouse_Antenna_r_3a	</identifier>
					<transform>
						<row0>	1.0000 0.0000 0.0000 0.0000	</row0>
						<row1>	0.0000 1.0000 0.0000 0.0000	</row1>
						<row2>	0.0000 0.0000 1.0000 0.0000	</row2>
						<row3>	-0.0159 0.0214 0.0000 1.0000	</row3>
					</transform>
					<node>
						<identifier>	MidFront_DeckHouse_Antenna_r_3a_BlendBone	</identifier>
						<transform>
							<row0>	1.0000 0.0000 0.0000 0.0000	</row0>
							<row1>	0.0000 1.0000 0.0000 0.0000	</row1>
							<row2>	0.0000 0.0000 -1.0000 0.0000	</row2>
							<row3>	-1.1644 -0.9866 -6.3718 1.0000	</row3>
						</transform>
					</node>
				</node>
				<node>
					<identifier>	MidFront_DeckHouse_Antenna_r_3b	</identifier>
					<transform>
						<row0>	0.0090 -0.9999 -0.0108 0.0000	</row0>
						<row1>	0.9720 0.0113 -0.2346 0.0000	</row1>
						<row2>	0.2347 -0.0084 0.9720 0.0000	</row2>
						<row3>	0.0064 0.0554 0.0000 1.0000	</row3>
					</transform>
					<node>
						<identifier>	MidFront_DeckHouse_Antenna_r_3b1	</identifier>
						<transform>
							<row0>	0.9983 -0.0562 -0.0120 0.0000	</row0>
							<row1>	-0.0474 -0.6871 -0.7250 0.0000	</row1>
							<row2>	0.0325 0.7244 -0.6886 0.0000	</row2>
							<row3>	0.0446 0.0024 0.0006 1.0000	</row3>
						</transform>
						<node>
							<identifier>	MidFront_DeckHouse_Antenna_r_3b1_BlendBone	</identifier>
							<transform>
								<row0>	-0.0484 -0.8385 0.5428 0.0000	</row0>
								<row1>	-0.9988 0.0457 -0.0185 0.0000	</row1>
								<row2>	0.0093 0.5430 0.8397 0.0000	</row2>
								<row3>	1.0917 4.4128 4.7220 1.0000	</row3>
							</transform>
						</node>
						<node>
							<identifier>	MidFront_DeckHouse_Antenna_r_3b2	</identifier>
							<transform>
								<row0>	0.8800 0.3990 -0.2578 0.0000	</row0>
								<row1>	-0.4749 0.7494 -0.4614 0.0000	</row1>
								<row2>	0.0091 0.5284 0.8489 0.0000	</row2>
								<row3>	0.0225 0.0000 0.0000 1.0000	</row3>
							</transform>
							<node>
								<identifier>	MidFront_DeckHouse_Antenna_r_3b2_BlendBone	</identifier>
								<transform>
									<row0>	-0.5171 -0.8558 0.0173 0.0000	</row0>
									<row1>	-0.8559 0.5171 -0.0006 0.0000	</row1>
									<row2>	0.0084 0.0151 0.9998 0.0000	</row2>
									<row3>	1.4844 0.6205 6.3502 1.0000	</row3>
								</transform>
							</node>
							<node>
								<identifier>	MidFront_DeckHouse_Antenna_r_3b3	</identifier>
								<transform>
									<row0>	0.7540 0.6569 -0.0062 0.0000	</row0>
									<row1>	-0.6569 0.7540 -0.0021 0.0000	</row1>
									<row2>	0.0033 0.0057 1.0000 0.0000	</row2>
									<row3>	0.0037 0.0000 0.0000 1.0000	</row3>
								</transform>
								<node>
									<identifier>	MidFront_DeckHouse_Antenna_r_3b3_BlendBone	</identifier>
									<transform>
										<row0>	-0.9521 -0.3056 0.0108 0.0000	</row0>
										<row1>	-0.3056 0.9521 -0.0005 0.0000	</row1>
										<row2>	0.0101 0.0037 0.9999 0.0000	</row2>
										<row3>	1.4847 -0.5184 6.3584 1.0000	</row3>
									</transform>
								</node>
								<node>
									<identifier>	MidFront_DeckHouse_Antenna_r_3b4	</identifier>
									<transform>
										<row0>	-0.3341 0.9423 -0.0210 0.0000	</row0>
										<row1>	0.7814 0.2893 0.5529 0.0000	</row1>
										<row2>	0.5271 0.1683 -0.8330 0.0000	</row2>
										<row3>	0.0247 0.0000 0.0000 1.0000	</row3>
									</transform>
									<node>
										<identifier>	MidFront_DeckHouse_Antenna_r_3b4_BlendBone	</identifier>
										<transform>
											<row0>	0.0298 -0.8265 -0.5622 0.0000	</row0>
											<row1>	0.9993 0.0364 -0.0005 0.0000	</row1>
											<row2>	-0.0209 0.5618 -0.8270 0.0000	</row2>
											<row3>	-1.1097 4.5061 -4.6144 1.0000	</row3>
										</transform>
									</node>
								</node>
							</node>
						</node>
					</node>
					<node>
						<identifier>	MidFront_DeckHouse_Antenna_r_3b_BlendBone	</identifier>
						<transform>
							<row0>	0.0090 0.9720 0.2347 0.0000	</row0>
							<row1>	-0.9999 0.0113 -0.0084 0.0000	</row1>
							<row2>	0.0108 0.2346 -0.9720 0.0000	</row2>
							<row3>	1.0787 0.3298 -6.4637 1.0000	</row3>
						</transform>
					</node>
				</node>
			</node>
			<node>
				<identifier>	MidFront_DeckHouse_Antenna_r_4	</identifier>
				<transform>
					<row0>	1.0000 0.0000 0.0000 0.0000	</row0>
					<row1>	0.0000 1.0000 0.0000 0.0000	</row1>
					<row2>	0.0000 0.0000 1.0000 0.0000	</row2>
					<row3>	1.1651 0.9652 6.0497 1.0000	</row3>
				</transform>
				<node>
					<identifier>	MidFront_DeckHouse_Antenna_r_4_BlendBone	</identifier>
					<transform>
						<row0>	1.0000 0.0000 0.0000 0.0000	</row0>
						<row1>	0.0000 1.0000 0.0000 0.0000	</row1>
						<row2>	0.0000 0.0000 -1.0000 0.0000	</row2>
						<row3>	-1.1651 -0.9652 -6.0497 1.0000	</row3>
					</transform>
				</node>
				<node>
					<identifier>	MidFront_DeckHouse_Antenna_r_4a	</identifier>
					<transform>
						<row0>	1.0000 0.0000 0.0000 0.0000	</row0>
						<row1>	0.0000 1.0000 0.0000 0.0000	</row1>
						<row2>	0.0000 0.0000 1.0000 0.0000	</row2>
						<row3>	-0.0145 0.0213 0.0000 1.0000	</row3>
					</transform>
					<node>
						<identifier>	MidFront_DeckHouse_Antenna_r_4a_BlendBone	</identifier>
						<transform>
							<row0>	1.0000 0.0000 0.0000 0.0000	</row0>
							<row1>	0.0000 1.0000 0.0000 0.0000	</row1>
							<row2>	0.0000 0.0000 -1.0000 0.0000	</row2>
							<row3>	-1.1507 -0.9864 -6.0497 1.0000	</row3>
						</transform>
					</node>
				</node>
				<node>
					<identifier>	MidFront_DeckHouse_Antenna_r_4b	</identifier>
					<transform>
						<row0>	0.0044 -0.9999 -0.0107 0.0000	</row0>
						<row1>	0.9721 0.0068 -0.2346 0.0000	</row1>
						<row2>	0.2346 -0.0093 0.9720 0.0000	</row2>
						<row3>	0.0064 0.0554 0.0000 1.0000	</row3>
					</transform>
					<node>
						<identifier>	MidFront_DeckHouse_Antenna_r_4b1	</identifier>
						<transform>
							<row0>	0.9984 -0.0556 -0.0119 0.0000	</row0>
							<row1>	-0.0469 -0.6871 -0.7250 0.0000	</row1>
							<row2>	0.0321 0.7244 -0.6886 0.0000	</row2>
							<row3>	0.0446 0.0027 0.0006 1.0000	</row3>
						</transform>
						<node>
							<identifier>	MidFront_DeckHouse_Antenna_r_4b1_BlendBone	</identifier>
							<transform>
								<row0>	-0.0524 -0.8383 0.5428 0.0000	</row0>
								<row1>	-0.9986 0.0490 -0.0208 0.0000	</row1>
								<row2>	0.0092 0.5431 0.8396 0.0000	</row2>
								<row3>	1.0916 4.2219 4.4619 1.0000	</row3>
							</transform>
						</node>
						<node>
							<identifier>	MidFront_DeckHouse_Antenna_r_4b2	</identifier>
							<transform>
								<row0>	0.8807 0.3978 -0.2570 0.0000	</row0>
								<row1>	-0.4735 0.7500 -0.4618 0.0000	</row1>
								<row2>	0.0091 0.5284 0.8490 0.0000	</row2>
								<row3>	0.0225 0.0000 0.0000 1.0000	</row3>
							</transform>
							<node>
								<identifier>	MidFront_DeckHouse_Antenna_r_4b2_BlendBone	</identifier>
								<transform>
									<row0>	-0.5191 -0.8545 0.0174 0.0000	</row0>
									<row1>	-0.8547 0.5192 -0.0008 0.0000	</row1>
									<row2>	0.0083 0.0153 0.9998 0.0000	</row2>
									<row3>	1.4744 0.6000 6.0285 1.0000	</row3>
								</transform>
							</node>
							<node>
								<identifier>	MidFront_DeckHouse_Antenna_r_4b3	</identifier>
								<transform>
									<row0>	0.7555 0.6551 -0.0062 0.0000	</row0>
									<row1>	-0.6551 0.7555 -0.0022 0.0000	</row1>
									<row2>	0.0032 0.0057 1.0000 0.0000	</row2>
									<row3>	0.0037 0.0000 0.0000 1.0000	</row3>
								</transform>
								<node>
									<identifier>	MidFront_DeckHouse_Antenna_r_4b3_BlendBone	</identifier>
									<transform>
										<row0>	-0.9521 -0.3056 0.0108 0.0000	</row0>
										<row1>	-0.3056 0.9522 -0.0006 0.0000	</row1>
										<row2>	0.0101 0.0039 0.9999 0.0000	</row2>
										<row3>	1.4670 -0.5232 6.0365 1.0000	</row3>
									</transform>
								</node>
								<node>
									<identifier>	MidFront_DeckHouse_Antenna_r_4b4	</identifier>
									<transform>
										<row0>	-0.3646 0.9309 -0.0206 0.0000	</row0>
										<row1>	0.8844 0.3531 0.3054 0.0000	</row1>
										<row2>	0.2915 0.0931 -0.9520 0.0000	</row2>
										<row3>	0.0247 0.0000 0.0000 1.0000	</row3>
									</transform>
									<node>
										<identifier>	MidFront_DeckHouse_Antenna_r_4b4_BlendBone	</identifier>
										<transform>
											<row0>	0.0624 -0.9466 -0.3164 0.0000	</row0>
											<row1>	0.9978 0.0658 0.0002 0.0000	</row1>
											<row2>	-0.0207 0.3157 -0.9486 0.0000	</row2>
											<row3>	-1.1373 2.9339 -5.3751 1.0000	</row3>
										</transform>
									</node>
								</node>
							</node>
						</node>
					</node>
					<node>
						<identifier>	MidFront_DeckHouse_Antenna_r_4b_BlendBone	</identifier>
						<transform>
							<row0>	0.0044 0.9721 0.2346 0.0000	</row0>
							<row1>	-0.9999 0.0068 -0.0093 0.0000	</row1>
							<row2>	0.0107 0.2346 -0.9720 0.0000	</row2>
							<row3>	1.0798 0.2735 -6.1459 1.0000	</row3>
						</transform>
					</node>
				</node>
			</node>
			<node>
				<identifier>	Root_BlendBone	</identifier>
				<transform>
					<row0>	1.0000 0.0000 0.0000 0.0000	</row0>
					<row1>	0.0000 1.0000 0.0000 0.0000	</row1>
					<row2>	0.0000 0.0000 -1.0000 0.0000	</row2>
					<row3>	0.0000 0.0000 0.0000 1.0000	</row3>
				</transform>
			</node>
		</node>
	</node>
	<renderSet>
		<treatAsWorldSpaceObject>	true	</treatAsWorldSpaceObject>
		<node>	MidFront_DeckHouse_Antenna_r_1_BlendBone	</node>
		<node>	MidFront_DeckHouse_Antenna_r_2_BlendBone	</node>
		<node>	MidFront_DeckHouse_Antenna_r_3_BlendBone	</node>
		<node>	MidFront_DeckHouse_Antenna_r_4_BlendBone	</node>
		<node>	MidFront_DeckHouse_Antenna_l_1_BlendBone	</node>
		<node>	MidFront_DeckHouse_Antenna_l_1b4_BlendBone	</node>
		<geometry>
			<vertices>	MidFront_Antenna_lod1Shape.vertices	</vertices>
			<primitive>	MidFront_Antenna_lod1Shape.indices	</primitive>
			<primitiveGroup>	0
				<material>
					<identifier>	SHIPMAT_PBS_DeckHouse_skinned	</identifier>
					<mfm>	PnFMods/ModsSDK.zip/ASA510_Roosevelt/ship/ASA009_Roosevelt_1947_Deckhouse_skinned.mfm	</mfm>
				</material>
			</primitiveGroup>
		</geometry>
	</renderSet>
	<renderSet>
		<treatAsWorldSpaceObject>	true	</treatAsWorldSpaceObject>
		<node>	Root_BlendBone	</node>
		<node>	MidFront_DeckHouse_Antenna_r_1_BlendBone	</node>
		<node>	MidFront_DeckHouse_Antenna_r_1a_BlendBone	</node>
		<node>	MidFront_DeckHouse_Antenna_r_1b_BlendBone	</node>
		<node>	MidFront_DeckHouse_Antenna_r_1b1_BlendBone	</node>
		<node>	MidFront_DeckHouse_Antenna_r_1b2_BlendBone	</node>
		<node>	MidFront_DeckHouse_Antenna_r_1b3_BlendBone	</node>
		<node>	MidFront_DeckHouse_Antenna_r_1b4_BlendBone	</node>
		<node>	MidFront_DeckHouse_Antenna_r_2_BlendBone	</node>
		<node>	MidFront_DeckHouse_Antenna_r_2a_BlendBone	</node>
		<node>	MidFront_DeckHouse_Antenna_r_2b_BlendBone	</node>
		<node>	MidFront_DeckHouse_Antenna_r_2b1_BlendBone	</node>
		<node>	MidFront_DeckHouse_Antenna_r_2b2_BlendBone	</node>
		<node>	MidFront_DeckHouse_Antenna_r_2b3_BlendBone	</node>
		<node>	MidFront_DeckHouse_Antenna_r_2b4_BlendBone	</node>
		<node>	MidFront_DeckHouse_Antenna_r_3_BlendBone	</node>
		<node>	MidFront_DeckHouse_Antenna_r_3a_BlendBone	</node>
		<node>	MidFront_DeckHouse_Antenna_r_3b_BlendBone	</node>
		<node>	MidFront_DeckHouse_Antenna_r_3b1_BlendBone	</node>
		<node>	MidFront_DeckHouse_Antenna_r_3b2_BlendBone	</node>
		<node>	MidFront_DeckHouse_Antenna_r_3b3_BlendBone	</node>
		<node>	MidFront_DeckHouse_Antenna_r_3b4_BlendBone	</node>
		<node>	MidFront_DeckHouse_Antenna_r_4_BlendBone	</node>
		<node>	MidFront_DeckHouse_Antenna_r_4a_BlendBone	</node>
		<node>	MidFront_DeckHouse_Antenna_r_4b_BlendBone	</node>
		<node>	MidFront_DeckHouse_Antenna_r_4b1_BlendBone	</node>
		<node>	MidFront_DeckHouse_Antenna_r_4b2_BlendBone	</node>
		<node>	MidFront_DeckHouse_Antenna_r_4b3_BlendBone	</node>
		<node>	MidFront_DeckHouse_Antenna_r_4b4_BlendBone	</node>
		<node>	MidFront_DeckHouse_Antenna_l_1_BlendBone	</node>
		<node>	MidFront_DeckHouse_Antenna_l_1b_BlendBone	</node>
		<node>	MidFront_DeckHouse_Antenna_l_1b1_BlendBone	</node>
		<node>	MidFront_DeckHouse_Antenna_l_1b2_BlendBone	</node>
		<node>	MidFront_DeckHouse_Antenna_l_1b3_BlendBone	</node>
		<node>	MidFront_DeckHouse_Antenna_l_1b4_BlendBone	</node>
		<geometry>
			<vertices>	MidFront_Antenna_wire_lod1Shape.vertices	</vertices>
			<primitive>	MidFront_Antenna_wire_lod1Shape.indices	</primitive>
			<primitiveGroup>	0
				<material>
					<identifier>	SHIPWIRE_PBS_Hull_skinned	</identifier>
					<mfm>	PnFMods/ModsSDK.zip/ASA510_Roosevelt/ship/ASA009_Roosevelt_1947_Deckhouse_wire_skinned.mfm	</mfm>
				</material>
			</primitiveGroup>
		</geometry>
	</renderSet>
	<renderSet>
		<treatAsWorldSpaceObject>	false	</treatAsWorldSpaceObject>
		<node>	MidFront_crack_Bow_in	</node>
		<geometry>
			<vertices>	MidFront_crack_Bow_in_lod1Shape.vertices	</vertices>
			<primitive>	MidFront_crack_Bow_in_lod1Shape.indices	</primitive>
			<primitiveGroup>	0
				<material>
					<identifier>	SHIPMAT_PBS_Crack	</identifier>
					<mfm>	PnFMods/ModsSDK.zip/ASA510_Roosevelt/ship/C002_Razlom.mfm	</mfm>
				</material>
			</primitiveGroup>
		</geometry>
	</renderSet>
	<renderSet>
		<treatAsWorldSpaceObject>	false	</treatAsWorldSpaceObject>
		<node>	MidFront_crack_Bow	</node>
		<geometry>
			<vertices>	MidFront_crack_Bow_lod1Shape.vertices	</vertices>
			<primitive>	MidFront_crack_Bow_lod1Shape.indices	</primitive>
			<primitiveGroup>	0
				<material>
					<identifier>	SHIPMAT_PBS_Hull	</identifier>
					<mfm>	PnFMods/ModsSDK.zip/ASA510_Roosevelt/ship/ASA009_Roosevelt_1947_Hull.mfm	</mfm>
				</material>
			</primitiveGroup>
		</geometry>
	</renderSet>
	<renderSet>
		<treatAsWorldSpaceObject>	false	</treatAsWorldSpaceObject>
		<node>	MidFront_crack_MidBack_in	</node>
		<geometry>
			<vertices>	MidFront_crack_MidBack_in_lod1Shape.vertices	</vertices>
			<primitive>	MidFront_crack_MidBack_in_lod1Shape.indices	</primitive>
			<primitiveGroup>	0
				<material>
					<identifier>	SHIPMAT_PBS_Crack	</identifier>
					<mfm>	PnFMods/ModsSDK.zip/ASA510_Roosevelt/ship/C002_Razlom.mfm	</mfm>
				</material>
			</primitiveGroup>
		</geometry>
	</renderSet>
	<renderSet>
		<treatAsWorldSpaceObject>	false	</treatAsWorldSpaceObject>
		<node>	MidFront_crack_MidBack	</node>
		<geometry>
			<vertices>	MidFront_crack_MidBack_lod1Shape.vertices	</vertices>
			<primitive>	MidFront_crack_MidBack_lod1Shape.indices	</primitive>
			<primitiveGroup>	0
				<material>
					<identifier>	SHIPMAT_PBS_Hull	</identifier>
					<mfm>	PnFMods/ModsSDK.zip/ASA510_Roosevelt/ship/ASA009_Roosevelt_1947_Hull.mfm	</mfm>
				</material>
			</primitiveGroup>
		</geometry>
	</renderSet>
	<renderSet>
		<treatAsWorldSpaceObject>	false	</treatAsWorldSpaceObject>
		<node>	MidFront	</node>
		<geometry>
			<vertices>	MidFront_lod1Shape.vertices	</vertices>
			<primitive>	MidFront_lod1Shape.indices	</primitive>
			<primitiveGroup>	0
				<material>
					<identifier>	SHIPMAT_PBS_Hull	</identifier>
					<mfm>	PnFMods/ModsSDK.zip/ASA510_Roosevelt/ship/ASA009_Roosevelt_1947_Hull.mfm	</mfm>
				</material>
			</primitiveGroup>
		</geometry>
	</renderSet>
	<renderSet>
		<treatAsWorldSpaceObject>	false	</treatAsWorldSpaceObject>
		<node>	MidFront_patch_MidBack	</node>
		<geometry>
			<vertices>	MidFront_patch_MidBack_lod1Shape.vertices	</vertices>
			<primitive>	MidFront_patch_MidBack_lod1Shape.indices	</primitive>
			<primitiveGroup>	0
				<material>
					<identifier>	SHIPMAT_PBS_Hull	</identifier>
					<mfm>	PnFMods/ModsSDK.zip/ASA510_Roosevelt/ship/ASA009_Roosevelt_1947_Hull.mfm	</mfm>
				</material>
			</primitiveGroup>
		</geometry>
	</renderSet>
	<boundingBox>
		<min>	-1.3576 -0.0033 -3.4131	</min>
		<max>	1.2387 1.6625 7.0472	</max>
	</boundingBox>
</ASA009_Roosevelt_1947_MidFront_lod1.visual>
