<JAB703_Aichi_B7A_proto_lod2.visual>
	<node>
		<identifier>	Scene Root	</identifier>
		<transform>
			<row0>	1.0000 0.0000 0.0000 0.0000	</row0>
			<row1>	0.0000 1.0000 0.0000 0.0000	</row1>
			<row2>	0.0000 0.0000 1.0000 0.0000	</row2>
			<row3>	0.0000 0.0000 0.0000 1.0000	</row3>
		</transform>
		<node>
			<identifier>	Hull	</identifier>
			<transform>
				<row0>	1.0000 0.0000 0.0000 0.0000	</row0>
				<row1>	0.0000 1.0000 0.0000 0.0000	</row1>
				<row2>	0.0000 0.0000 1.0000 0.0000	</row2>
				<row3>	0.0000 0.0000 0.0000 1.0000	</row3>
			</transform>
			<node>
				<identifier>	chassis_on_BlendBone	</identifier>
				<transform>
					<row0>	1.0000 0.0000 0.0000 0.0000	</row0>
					<row1>	0.0000 1.0000 0.0000 0.0000	</row1>
					<row2>	0.0000 0.0000 1.0000 0.0000	</row2>
					<row3>	0.0000 0.0000 0.0000 1.0000	</row3>
				</transform>
			</node>
			<node>
				<identifier>	propeller_mod	</identifier>
				<transform>
					<row0>	1.0000 0.0000 0.0000 0.0000	</row0>
					<row1>	0.0000 1.0000 0.0000 0.0000	</row1>
					<row2>	0.0000 0.0000 1.0000 0.0000	</row2>
					<row3>	0.0000 0.1499 0.1817 1.0000	</row3>
				</transform>
				<node>
					<identifier>	disc	</identifier>
					<transform>
						<row0>	1.0000 0.0000 0.0000 0.0000	</row0>
						<row1>	0.0000 1.0000 0.0000 0.0000	</row1>
						<row2>	0.0000 0.0000 1.0000 0.0000	</row2>
						<row3>	0.0000 0.0000 0.0000 1.0000	</row3>
					</transform>
					<node>
						<identifier>	disc_cap	</identifier>
						<transform>
							<row0>	1.0000 0.0000 0.0000 0.0000	</row0>
							<row1>	0.0000 1.0000 0.0000 0.0000	</row1>
							<row2>	0.0000 0.0000 1.0000 0.0000	</row2>
							<row3>	0.0000 0.0000 0.0000 1.0000	</row3>
						</transform>
					</node>
				</node>
				<node>
					<identifier>	mod	</identifier>
					<transform>
						<row0>	1.0000 0.0000 0.0000 0.0000	</row0>
						<row1>	0.0000 1.0000 0.0000 0.0000	</row1>
						<row2>	0.0000 0.0000 1.0000 0.0000	</row2>
						<row3>	0.0000 0.0000 0.0000 1.0000	</row3>
					</transform>
				</node>
			</node>
		</node>
		<node>
			<identifier>	Root	</identifier>
			<transform>
				<row0>	1.0000 0.0000 0.0000 0.0000	</row0>
				<row1>	0.0000 1.0000 0.0000 0.0000	</row1>
				<row2>	0.0000 0.0000 1.0000 0.0000	</row2>
				<row3>	0.0000 0.0000 0.0000 1.0000	</row3>
			</transform>
			<node>
				<identifier>	HP_Air_bomb_1	</identifier>
				<transform>
					<row0>	1.0000 0.0000 0.0000 0.0000	</row0>
					<row1>	0.0000 1.0000 0.0000 0.0000	</row1>
					<row2>	0.0000 0.0000 1.0000 0.0000	</row2>
					<row3>	0.0000 0.1446 -0.0513 1.0000	</row3>
				</transform>
			</node>
			<node>
				<identifier>	HP_Air_break_1	</identifier>
				<transform>
					<row0>	0.9837 -0.1611 0.0794 0.0000	</row0>
					<row1>	0.1616 0.9869 0.0000 0.0000	</row1>
					<row2>	-0.0784 0.0128 0.9968 0.0000	</row2>
					<row3>	-0.2267 0.1405 -0.1153 1.0000	</row3>
				</transform>
			</node>
			<node>
				<identifier>	HP_Air_break_10	</identifier>
				<transform>
					<row0>	1.0000 0.0000 0.0000 0.0000	</row0>
					<row1>	0.0000 1.0000 0.0000 0.0000	</row1>
					<row2>	0.0000 0.0000 1.0000 0.0000	</row2>
					<row3>	-0.1207 0.1220 -0.1148 1.0000	</row3>
				</transform>
			</node>
			<node>
				<identifier>	HP_Air_break_11	</identifier>
				<transform>
					<row0>	1.0000 0.0000 0.0000 0.0000	</row0>
					<row1>	0.0000 1.0000 0.0000 0.0000	</row1>
					<row2>	0.0000 0.0000 1.0000 0.0000	</row2>
					<row3>	0.2319 0.1264 -0.1036 1.0000	</row3>
				</transform>
			</node>
			<node>
				<identifier>	HP_Air_break_12	</identifier>
				<transform>
					<row0>	1.0000 0.0000 0.0000 0.0000	</row0>
					<row1>	0.0000 1.0000 0.0000 0.0000	</row1>
					<row2>	0.0000 0.0000 1.0000 0.0000	</row2>
					<row3>	0.1207 0.1220 -0.1148 1.0000	</row3>
				</transform>
			</node>
			<node>
				<identifier>	HP_Air_break_2	</identifier>
				<transform>
					<row0>	0.9877 -0.1560 0.0134 0.0000	</row0>
					<row1>	0.1560 0.9878 0.0000 0.0000	</row1>
					<row2>	-0.0132 0.0021 0.9999 0.0000	</row2>
					<row3>	-0.2293 0.1420 -0.1470 1.0000	</row3>
				</transform>
			</node>
			<node>
				<identifier>	HP_Air_break_3	</identifier>
				<transform>
					<row0>	0.9931 0.0871 -0.0789 0.0000	</row0>
					<row1>	-0.0879 0.9961 -0.0075 0.0000	</row1>
					<row2>	0.0779 0.0143 0.9969 0.0000	</row2>
					<row3>	-0.1190 0.1410 -0.1314 1.0000	</row3>
				</transform>
			</node>
			<node>
				<identifier>	HP_Air_break_4	</identifier>
				<transform>
					<row0>	0.9929 0.0895 -0.0789 0.0000	</row0>
					<row1>	-0.0878 0.9959 0.0236 0.0000	</row1>
					<row2>	0.0807 -0.0165 0.9966 0.0000	</row2>
					<row3>	-0.1197 0.1417 -0.1588 1.0000	</row3>
				</transform>
			</node>
			<node>
				<identifier>	HP_Air_break_5	</identifier>
				<transform>
					<row0>	0.9837 0.1611 -0.0794 0.0000	</row0>
					<row1>	-0.1616 0.9869 0.0000 0.0000	</row1>
					<row2>	0.0784 0.0128 0.9968 0.0000	</row2>
					<row3>	0.2267 0.1405 -0.1153 1.0000	</row3>
				</transform>
			</node>
			<node>
				<identifier>	HP_Air_break_6	</identifier>
				<transform>
					<row0>	0.9877 0.1560 -0.0134 0.0000	</row0>
					<row1>	-0.1560 0.9878 0.0000 0.0000	</row1>
					<row2>	0.0132 0.0021 0.9999 0.0000	</row2>
					<row3>	0.2293 0.1420 -0.1470 1.0000	</row3>
				</transform>
			</node>
			<node>
				<identifier>	HP_Air_break_7	</identifier>
				<transform>
					<row0>	0.9912 0.1063 0.0789 0.0000	</row0>
					<row1>	-0.1060 0.9943 -0.0074 0.0000	</row1>
					<row2>	-0.0792 -0.0010 0.9969 0.0000	</row2>
					<row3>	0.1190 0.1410 -0.1314 1.0000	</row3>
				</transform>
			</node>
			<node>
				<identifier>	HP_Air_break_8	</identifier>
				<transform>
					<row0>	0.9929 -0.0895 0.0789 0.0000	</row0>
					<row1>	0.0878 0.9959 0.0236 0.0000	</row1>
					<row2>	-0.0807 -0.0165 0.9966 0.0000	</row2>
					<row3>	0.1197 0.1417 -0.1588 1.0000	</row3>
				</transform>
			</node>
			<node>
				<identifier>	HP_Air_break_9	</identifier>
				<transform>
					<row0>	1.0000 0.0000 0.0000 0.0000	</row0>
					<row1>	0.0000 1.0000 0.0000 0.0000	</row1>
					<row2>	0.0000 0.0000 1.0000 0.0000	</row2>
					<row3>	-0.2319 0.1264 -0.1036 1.0000	</row3>
				</transform>
			</node>
			<node>
				<identifier>	HP_Air_death_1	</identifier>
				<transform>
					<row0>	1.0000 0.0000 0.0000 0.0000	</row0>
					<row1>	0.0000 1.0000 0.0000 0.0000	</row1>
					<row2>	0.0000 0.0000 1.0000 0.0000	</row2>
					<row3>	0.0002 0.1502 0.0877 1.0000	</row3>
				</transform>
			</node>
			<node>
				<identifier>	HP_Air_enginelight_1	</identifier>
				<transform>
					<row0>	1.0000 0.0000 0.0000 0.0000	</row0>
					<row1>	0.0000 1.0000 0.0000 0.0000	</row1>
					<row2>	0.0000 0.0000 1.0000 0.0000	</row2>
					<row3>	-0.0310 0.1799 0.0880 1.0000	</row3>
				</transform>
			</node>
			<node>
				<identifier>	HP_Air_enginelight_10	</identifier>
				<transform>
					<row0>	1.0000 0.0000 0.0000 0.0000	</row0>
					<row1>	0.0000 1.0000 0.0000 0.0000	</row1>
					<row2>	0.0000 0.0000 1.0000 0.0000	</row2>
					<row3>	0.0372 0.1674 0.0880 1.0000	</row3>
				</transform>
			</node>
			<node>
				<identifier>	HP_Air_enginelight_11	</identifier>
				<transform>
					<row0>	1.0000 0.0000 0.0000 0.0000	</row0>
					<row1>	0.0000 1.0000 0.0000 0.0000	</row1>
					<row2>	0.0000 0.0000 1.0000 0.0000	</row2>
					<row3>	0.0414 0.1533 0.0880 1.0000	</row3>
				</transform>
			</node>
			<node>
				<identifier>	HP_Air_enginelight_12	</identifier>
				<transform>
					<row0>	1.0000 0.0000 0.0000 0.0000	</row0>
					<row1>	0.0000 1.0000 0.0000 0.0000	</row1>
					<row2>	0.0000 0.0000 1.0000 0.0000	</row2>
					<row3>	0.0413 0.1450 0.0880 1.0000	</row3>
				</transform>
			</node>
			<node>
				<identifier>	HP_Air_enginelight_13	</identifier>
				<transform>
					<row0>	1.0000 0.0000 0.0000 0.0000	</row0>
					<row1>	0.0000 1.0000 0.0000 0.0000	</row1>
					<row2>	0.0000 0.0000 1.0000 0.0000	</row2>
					<row3>	0.0371 0.1291 0.0880 1.0000	</row3>
				</transform>
			</node>
			<node>
				<identifier>	HP_Air_enginelight_14	</identifier>
				<transform>
					<row0>	1.0000 0.0000 0.0000 0.0000	</row0>
					<row1>	0.0000 1.0000 0.0000 0.0000	</row1>
					<row2>	0.0000 0.0000 1.0000 0.0000	</row2>
					<row3>	0.0337 0.1233 0.0880 1.0000	</row3>
				</transform>
			</node>
			<node>
				<identifier>	HP_Air_enginelight_2	</identifier>
				<transform>
					<row0>	1.0000 0.0000 0.0000 0.0000	</row0>
					<row1>	0.0000 1.0000 0.0000 0.0000	</row1>
					<row2>	0.0000 0.0000 1.0000 0.0000	</row2>
					<row3>	-0.0344 0.1740 0.0880 1.0000	</row3>
				</transform>
			</node>
			<node>
				<identifier>	HP_Air_enginelight_3	</identifier>
				<transform>
					<row0>	1.0000 0.0000 0.0000 0.0000	</row0>
					<row1>	0.0000 1.0000 0.0000 0.0000	</row1>
					<row2>	0.0000 0.0000 1.0000 0.0000	</row2>
					<row3>	-0.0373 0.1673 0.0880 1.0000	</row3>
				</transform>
			</node>
			<node>
				<identifier>	HP_Air_enginelight_4	</identifier>
				<transform>
					<row0>	1.0000 0.0000 0.0000 0.0000	</row0>
					<row1>	0.0000 1.0000 0.0000 0.0000	</row1>
					<row2>	0.0000 0.0000 1.0000 0.0000	</row2>
					<row3>	-0.0413 0.1533 0.0880 1.0000	</row3>
				</transform>
			</node>
			<node>
				<identifier>	HP_Air_enginelight_5	</identifier>
				<transform>
					<row0>	1.0000 0.0000 0.0000 0.0000	</row0>
					<row1>	0.0000 1.0000 0.0000 0.0000	</row1>
					<row2>	0.0000 0.0000 1.0000 0.0000	</row2>
					<row3>	-0.0414 0.1449 0.0880 1.0000	</row3>
				</transform>
			</node>
			<node>
				<identifier>	HP_Air_enginelight_6	</identifier>
				<transform>
					<row0>	1.0000 0.0000 0.0000 0.0000	</row0>
					<row1>	0.0000 1.0000 0.0000 0.0000	</row1>
					<row2>	0.0000 0.0000 1.0000 0.0000	</row2>
					<row3>	-0.0373 0.1290 0.0880 1.0000	</row3>
				</transform>
			</node>
			<node>
				<identifier>	HP_Air_enginelight_7	</identifier>
				<transform>
					<row0>	1.0000 0.0000 0.0000 0.0000	</row0>
					<row1>	0.0000 1.0000 0.0000 0.0000	</row1>
					<row2>	0.0000 0.0000 1.0000 0.0000	</row2>
					<row3>	-0.0339 0.1229 0.0880 1.0000	</row3>
				</transform>
			</node>
			<node>
				<identifier>	HP_Air_enginelight_8	</identifier>
				<transform>
					<row0>	1.0000 0.0000 0.0000 0.0000	</row0>
					<row1>	0.0000 1.0000 0.0000 0.0000	</row1>
					<row2>	0.0000 0.0000 1.0000 0.0000	</row2>
					<row3>	0.0311 0.1794 0.0880 1.0000	</row3>
				</transform>
			</node>
			<node>
				<identifier>	HP_Air_enginelight_9	</identifier>
				<transform>
					<row0>	1.0000 0.0000 0.0000 0.0000	</row0>
					<row1>	0.0000 1.0000 0.0000 0.0000	</row1>
					<row2>	0.0000 0.0000 1.0000 0.0000	</row2>
					<row3>	0.0342 0.1737 0.0880 1.0000	</row3>
				</transform>
			</node>
			<node>
				<identifier>	HP_Air_fire_1	</identifier>
				<transform>
					<row0>	1.0000 0.0000 0.0000 0.0000	</row0>
					<row1>	0.0000 1.0000 0.0000 0.0000	</row1>
					<row2>	0.0000 0.0000 1.0000 0.0000	</row2>
					<row3>	-0.0417 0.1533 0.0880 1.0000	</row3>
				</transform>
			</node>
			<node>
				<identifier>	HP_Air_fire_2	</identifier>
				<transform>
					<row0>	1.0000 0.0000 0.0000 0.0000	</row0>
					<row1>	0.0000 1.0000 0.0000 0.0000	</row1>
					<row2>	0.0000 0.0000 1.0000 0.0000	</row2>
					<row3>	0.0414 0.1533 0.0880 1.0000	</row3>
				</transform>
			</node>
			<node>
				<identifier>	HP_Air_fire_3	</identifier>
				<transform>
					<row0>	1.0000 0.0000 0.0000 0.0000	</row0>
					<row1>	0.0000 1.0000 0.0000 0.0000	</row1>
					<row2>	0.0000 0.0000 1.0000 0.0000	</row2>
					<row3>	0.0771 0.1506 -0.0041 1.0000	</row3>
				</transform>
			</node>
			<node>
				<identifier>	HP_Air_fire_4	</identifier>
				<transform>
					<row0>	1.0000 0.0000 0.0000 0.0000	</row0>
					<row1>	0.0000 1.0000 0.0000 0.0000	</row1>
					<row2>	0.0000 0.0000 1.0000 0.0000	</row2>
					<row3>	0.0206 0.1952 0.0304 1.0000	</row3>
				</transform>
			</node>
			<node>
				<identifier>	HP_Air_fire_5	</identifier>
				<transform>
					<row0>	1.0000 0.0000 0.0000 0.0000	</row0>
					<row1>	0.0000 1.0000 0.0000 0.0000	</row1>
					<row2>	0.0000 0.0000 1.0000 0.0000	</row2>
					<row3>	-0.1398 0.1477 -0.0091 1.0000	</row3>
				</transform>
			</node>
			<node>
				<identifier>	HP_Air_fire_6	</identifier>
				<transform>
					<row0>	1.0000 0.0000 0.0000 0.0000	</row0>
					<row1>	0.0000 1.0000 0.0000 0.0000	</row1>
					<row2>	0.0000 0.0000 1.0000 0.0000	</row2>
					<row3>	-0.0214 0.1831 -0.1826 1.0000	</row3>
				</transform>
			</node>
			<node>
				<identifier>	HP_Air_fire_7	</identifier>
				<transform>
					<row0>	1.0000 0.0000 0.0000 0.0000	</row0>
					<row1>	0.0000 1.0000 0.0000 0.0000	</row1>
					<row2>	0.0000 0.0000 1.0000 0.0000	</row2>
					<row3>	0.0000 0.1573 -0.4434 1.0000	</row3>
				</transform>
			</node>
			<node>
				<identifier>	HP_Air_flytrail_1	</identifier>
				<transform>
					<row0>	1.0000 0.0000 0.0000 0.0000	</row0>
					<row1>	0.0000 1.0000 0.0000 0.0000	</row1>
					<row2>	0.0000 0.0000 1.0000 0.0000	</row2>
					<row3>	-0.4800 0.1854 -0.0475 1.0000	</row3>
				</transform>
			</node>
			<node>
				<identifier>	HP_Air_flytrail_2	</identifier>
				<transform>
					<row0>	1.0000 0.0000 0.0000 0.0000	</row0>
					<row1>	0.0000 1.0000 0.0000 0.0000	</row1>
					<row2>	0.0000 0.0000 1.0000 0.0000	</row2>
					<row3>	0.4800 0.1854 -0.0475 1.0000	</row3>
				</transform>
			</node>
			<node>
				<identifier>	HP_Air_gunfire_1	</identifier>
				<transform>
					<row0>	1.0000 0.0000 0.0000 0.0000	</row0>
					<row1>	0.0000 1.0000 0.0000 0.0000	</row1>
					<row2>	0.0000 0.0000 1.0000 0.0000	</row2>
					<row3>	0.1324 0.1479 0.0293 1.0000	</row3>
				</transform>
			</node>
			<node>
				<identifier>	HP_Air_gunfire_2	</identifier>
				<transform>
					<row0>	1.0000 0.0000 0.0000 0.0000	</row0>
					<row1>	0.0000 1.0000 0.0000 0.0000	</row1>
					<row2>	0.0000 0.0000 1.0000 0.0000	</row2>
					<row3>	-0.1325 0.1481 0.0294 1.0000	</row3>
				</transform>
			</node>
			<node>
				<identifier>	HP_Air_ricochet_1	</identifier>
				<transform>
					<row0>	1.0000 0.0000 0.0000 0.0000	</row0>
					<row1>	0.0000 1.0000 0.0000 0.0000	</row1>
					<row2>	0.0000 0.0000 1.0000 0.0000	</row2>
					<row3>	-0.3786 0.1732 -0.0456 1.0000	</row3>
				</transform>
			</node>
			<node>
				<identifier>	HP_Air_ricochet_2	</identifier>
				<transform>
					<row0>	1.0000 0.0000 0.0000 0.0000	</row0>
					<row1>	0.0000 1.0000 0.0000 0.0000	</row1>
					<row2>	0.0000 0.0000 1.0000 0.0000	</row2>
					<row3>	-0.1237 0.1530 -0.1050 1.0000	</row3>
				</transform>
			</node>
			<node>
				<identifier>	HP_Air_ricochet_3	</identifier>
				<transform>
					<row0>	1.0000 0.0000 0.0000 0.0000	</row0>
					<row1>	0.0000 1.0000 0.0000 0.0000	</row1>
					<row2>	0.0000 0.0000 1.0000 0.0000	</row2>
					<row3>	-0.0250 0.1763 0.0843 1.0000	</row3>
				</transform>
			</node>
			<node>
				<identifier>	HP_Air_ricochet_4	</identifier>
				<transform>
					<row0>	1.0000 0.0000 0.0000 0.0000	</row0>
					<row1>	0.0000 1.0000 0.0000 0.0000	</row1>
					<row2>	0.0000 0.0000 1.0000 0.0000	</row2>
					<row3>	-0.0614 0.1933 -0.5098 1.0000	</row3>
				</transform>
			</node>
			<node>
				<identifier>	HP_Air_ricochet_5	</identifier>
				<transform>
					<row0>	1.0000 0.0000 0.0000 0.0000	</row0>
					<row1>	0.0000 1.0000 0.0000 0.0000	</row1>
					<row2>	0.0000 0.0000 1.0000 0.0000	</row2>
					<row3>	0.0235 0.1497 -0.3389 1.0000	</row3>
				</transform>
			</node>
			<node>
				<identifier>	HP_Air_ricochet_6	</identifier>
				<transform>
					<row0>	1.0000 0.0000 0.0000 0.0000	</row0>
					<row1>	0.0000 1.0000 0.0000 0.0000	</row1>
					<row2>	0.0000 0.0000 1.0000 0.0000	</row2>
					<row3>	0.1932 0.1304 -0.0509 1.0000	</row3>
				</transform>
			</node>
			<node>
				<identifier>	HP_Air_sleeve_1	</identifier>
				<transform>
					<row0>	1.0000 0.0000 0.0000 0.0000	</row0>
					<row1>	0.0000 1.0000 0.0000 0.0000	</row1>
					<row2>	0.0000 0.0000 1.0000 0.0000	</row2>
					<row3>	-0.1325 0.1306 -0.0656 1.0000	</row3>
				</transform>
			</node>
			<node>
				<identifier>	HP_Air_sleeve_2	</identifier>
				<transform>
					<row0>	1.0000 0.0000 0.0000 0.0000	</row0>
					<row1>	0.0000 1.0000 0.0000 0.0000	</row1>
					<row2>	0.0000 0.0000 1.0000 0.0000	</row2>
					<row3>	0.1324 0.1306 -0.0656 1.0000	</row3>
				</transform>
			</node>
			<node>
				<identifier>	HP_Air_torpedo_1	</identifier>
				<transform>
					<row0>	1.0000 0.0000 0.0000 0.0000	</row0>
					<row1>	0.0000 1.0000 0.0000 0.0000	</row1>
					<row2>	0.0000 0.0000 1.0000 0.0000	</row2>
					<row3>	-0.0241 0.0890 -0.2563 1.0000	</row3>
				</transform>
			</node>
			<node>
				<identifier>	Root_BlendBone	</identifier>
				<transform>
					<row0>	1.0000 0.0000 0.0000 0.0000	</row0>
					<row1>	0.0000 1.0000 0.0000 0.0000	</row1>
					<row2>	0.0000 0.0000 -1.0000 0.0000	</row2>
					<row3>	0.0000 0.0000 0.0000 1.0000	</row3>
				</transform>
			</node>
			<node>
				<identifier>	elevator_1	</identifier>
				<transform>
					<row0>	1.0000 0.0000 0.0000 0.0000	</row0>
					<row1>	0.0000 1.0000 0.0000 0.0000	</row1>
					<row2>	0.0000 0.0000 1.0000 0.0000	</row2>
					<row3>	0.0000 0.1924 -0.5118 1.0000	</row3>
				</transform>
				<node>
					<identifier>	elevator_1_BlendBone	</identifier>
					<transform>
						<row0>	1.0000 0.0000 0.0000 0.0000	</row0>
						<row1>	0.0000 1.0000 0.0000 0.0000	</row1>
						<row2>	0.0000 0.0000 -1.0000 0.0000	</row2>
						<row3>	0.0000 -0.1924 0.5118 1.0000	</row3>
					</transform>
				</node>
			</node>
			<node>
				<identifier>	l_ailerone_1	</identifier>
				<transform>
					<row0>	0.9804 -0.1667 -0.1046 0.0000	</row0>
					<row1>	0.1676 0.9858 0.0000 0.0000	</row1>
					<row2>	0.1031 -0.0175 0.9945 0.0000	</row2>
					<row3>	-0.2793 0.1485 -0.1093 1.0000	</row3>
				</transform>
				<node>
					<identifier>	l_ailerone_1_BlendBone	</identifier>
					<transform>
						<row0>	0.9804 0.1676 0.1031 0.0000	</row0>
						<row1>	-0.1667 0.9858 -0.0175 0.0000	</row1>
						<row2>	0.1046 0.0000 -0.9945 0.0000	</row2>
						<row3>	0.2872 -0.0996 0.1401 1.0000	</row3>
					</transform>
				</node>
			</node>
			<node>
				<identifier>	l_bombbay_1	</identifier>
				<transform>
					<row0>	-0.0150 0.0025 0.9999 0.0000	</row0>
					<row1>	-0.1650 -0.9863 0.0000 0.0000	</row1>
					<row2>	0.9862 -0.1650 0.0153 0.0000	</row2>
					<row3>	-0.0354 0.1194 -0.1648 1.0000	</row3>
				</transform>
				<node>
					<identifier>	l_bombbay_1_BlendBone	</identifier>
					<transform>
						<row0>	-0.0150 -0.1650 0.9862 0.0000	</row0>
						<row1>	0.0025 -0.9863 -0.1650 0.0000	</row1>
						<row2>	-0.9999 0.0000 -0.0153 0.0000	</row2>
						<row3>	0.1639 0.1119 0.0572 1.0000	</row3>
					</transform>
				</node>
			</node>
			<node>
				<identifier>	l_flaps_1	</identifier>
				<transform>
					<row0>	0.9936 0.0813 -0.0788 0.0000	</row0>
					<row1>	-0.0816 0.9967 0.0000 0.0000	</row1>
					<row2>	0.0785 0.0064 0.9969 0.0000	</row2>
					<row3>	-0.1190 0.1410 -0.1307 1.0000	</row3>
				</transform>
				<node>
					<identifier>	l_flaps_1_BlendBone	</identifier>
					<transform>
						<row0>	0.9936 -0.0816 0.0785 0.0000	</row0>
						<row1>	0.0813 0.9967 0.0064 0.0000	</row1>
						<row2>	0.0788 0.0000 -0.9969 0.0000	</row2>
						<row3>	0.0965 -0.1502 0.1387 1.0000	</row3>
					</transform>
				</node>
			</node>
			<node>
				<identifier>	l_flaps_2	</identifier>
				<transform>
					<row0>	0.9835 -0.1205 -0.1351 0.0000	</row0>
					<row1>	0.1216 0.9926 0.0000 0.0000	</row1>
					<row2>	0.1341 -0.0164 0.9908 0.0000	</row2>
					<row3>	-0.2267 0.1400 -0.1193 1.0000	</row3>
				</transform>
				<node>
					<identifier>	l_flaps_2_BlendBone	</identifier>
					<transform>
						<row0>	0.9835 0.1216 0.1341 0.0000	</row0>
						<row1>	-0.1205 0.9926 -0.0164 0.0000	</row1>
						<row2>	0.1351 0.0000 -0.9908 0.0000	</row2>
						<row3>	0.2237 -0.1114 0.1509 1.0000	</row3>
					</transform>
				</node>
			</node>
			<node>
				<identifier>	l_flaps_3	</identifier>
				<transform>
					<row0>	0.9947 0.0693 -0.0765 0.0000	</row0>
					<row1>	-0.0695 0.9976 0.0000 0.0000	</row1>
					<row2>	0.0763 0.0053 0.9971 0.0000	</row2>
					<row3>	-0.1198 0.1356 -0.1076 1.0000	</row3>
				</transform>
				<node>
					<identifier>	l_flaps_3_BlendBone	</identifier>
					<transform>
						<row0>	0.9947 -0.0695 0.0763 0.0000	</row0>
						<row1>	0.0693 0.9976 0.0053 0.0000	</row1>
						<row2>	0.0765 0.0000 -0.9971 0.0000	</row2>
						<row3>	0.1015 -0.1436 0.1157 1.0000	</row3>
					</transform>
				</node>
			</node>
			<node>
				<identifier>	l_flaps_4	</identifier>
				<transform>
					<row0>	0.9758 -0.1883 -0.1107 0.0000	</row0>
					<row1>	0.1895 0.9819 0.0000 0.0000	</row1>
					<row2>	0.1087 -0.0210 0.9939 0.0000	</row2>
					<row3>	-0.2301 0.1375 -0.0984 1.0000	</row3>
				</transform>
				<node>
					<identifier>	l_flaps_4_BlendBone	</identifier>
					<transform>
						<row0>	0.9758 0.1895 0.1087 0.0000	</row0>
						<row1>	-0.1883 0.9819 -0.0210 0.0000	</row1>
						<row2>	0.1107 0.0000 -0.9939 0.0000	</row2>
						<row3>	0.2396 -0.0915 0.1256 1.0000	</row3>
					</transform>
				</node>
			</node>
			<node>
				<identifier>	r_ailerone_1	</identifier>
				<transform>
					<row0>	0.9804 0.1667 0.1046 0.0000	</row0>
					<row1>	-0.1676 0.9858 0.0000 0.0000	</row1>
					<row2>	-0.1031 -0.0175 0.9945 0.0000	</row2>
					<row3>	0.2793 0.1485 -0.1093 1.0000	</row3>
				</transform>
				<node>
					<identifier>	r_ailerone_1_BlendBone	</identifier>
					<transform>
						<row0>	0.9804 -0.1676 -0.1031 0.0000	</row0>
						<row1>	0.1667 0.9858 -0.0175 0.0000	</row1>
						<row2>	-0.1046 0.0000 -0.9945 0.0000	</row2>
						<row3>	-0.2872 -0.0996 0.1401 1.0000	</row3>
					</transform>
				</node>
			</node>
			<node>
				<identifier>	r_bombbay_1	</identifier>
				<transform>
					<row0>	0.0150 0.0025 0.9999 0.0000	</row0>
					<row1>	-0.1650 0.9863 0.0000 0.0000	</row1>
					<row2>	-0.9862 -0.1650 0.0153 0.0000	</row2>
					<row3>	0.0354 0.1197 -0.1647 1.0000	</row3>
				</transform>
				<node>
					<identifier>	r_bombbay_1_BlendBone	</identifier>
					<transform>
						<row0>	0.0150 -0.1650 -0.9862 0.0000	</row0>
						<row1>	0.0025 0.9863 -0.1650 0.0000	</row1>
						<row2>	-0.9999 0.0000 -0.0153 0.0000	</row2>
						<row3>	0.1639 -0.1122 0.0572 1.0000	</row3>
					</transform>
				</node>
			</node>
			<node>
				<identifier>	r_flaps_1	</identifier>
				<transform>
					<row0>	0.9936 -0.0813 0.0788 0.0000	</row0>
					<row1>	0.0816 0.9967 0.0000 0.0000	</row1>
					<row2>	-0.0785 0.0064 0.9969 0.0000	</row2>
					<row3>	0.1190 0.1410 -0.1307 1.0000	</row3>
				</transform>
				<node>
					<identifier>	r_flaps_1_BlendBone	</identifier>
					<transform>
						<row0>	0.9936 0.0816 -0.0785 0.0000	</row0>
						<row1>	-0.0813 0.9967 0.0064 0.0000	</row1>
						<row2>	-0.0788 0.0000 -0.9969 0.0000	</row2>
						<row3>	-0.0965 -0.1502 0.1387 1.0000	</row3>
					</transform>
				</node>
			</node>
			<node>
				<identifier>	r_flaps_2	</identifier>
				<transform>
					<row0>	0.9835 0.1205 0.1351 0.0000	</row0>
					<row1>	-0.1216 0.9926 0.0000 0.0000	</row1>
					<row2>	-0.1341 -0.0164 0.9908 0.0000	</row2>
					<row3>	0.2267 0.1400 -0.1193 1.0000	</row3>
				</transform>
				<node>
					<identifier>	r_flaps_2_BlendBone	</identifier>
					<transform>
						<row0>	0.9835 -0.1216 -0.1341 0.0000	</row0>
						<row1>	0.1205 0.9926 -0.0164 0.0000	</row1>
						<row2>	-0.1351 0.0000 -0.9908 0.0000	</row2>
						<row3>	-0.2237 -0.1114 0.1509 1.0000	</row3>
					</transform>
				</node>
			</node>
			<node>
				<identifier>	r_flaps_3	</identifier>
				<transform>
					<row0>	0.9947 -0.0693 0.0765 0.0000	</row0>
					<row1>	0.0695 0.9976 0.0000 0.0000	</row1>
					<row2>	-0.0763 0.0053 0.9971 0.0000	</row2>
					<row3>	0.1198 0.1356 -0.1076 1.0000	</row3>
				</transform>
				<node>
					<identifier>	r_flaps_3_BlendBone	</identifier>
					<transform>
						<row0>	0.9947 0.0695 -0.0763 0.0000	</row0>
						<row1>	-0.0693 0.9976 0.0053 0.0000	</row1>
						<row2>	-0.0765 0.0000 -0.9971 0.0000	</row2>
						<row3>	-0.1015 -0.1436 0.1157 1.0000	</row3>
					</transform>
				</node>
			</node>
			<node>
				<identifier>	r_flaps_4	</identifier>
				<transform>
					<row0>	0.9758 0.1883 0.1107 0.0000	</row0>
					<row1>	-0.1895 0.9819 0.0000 0.0000	</row1>
					<row2>	-0.1087 -0.0210 0.9939 0.0000	</row2>
					<row3>	0.2301 0.1375 -0.0984 1.0000	</row3>
				</transform>
				<node>
					<identifier>	r_flaps_4_BlendBone	</identifier>
					<transform>
						<row0>	0.9758 -0.1895 -0.1087 0.0000	</row0>
						<row1>	0.1883 0.9819 -0.0210 0.0000	</row1>
						<row2>	-0.1107 0.0000 -0.9939 0.0000	</row2>
						<row3>	-0.2396 -0.0915 0.1256 1.0000	</row3>
					</transform>
				</node>
			</node>
			<node>
				<identifier>	rudder_1	</identifier>
				<transform>
					<row0>	1.0000 0.0000 0.0000 0.0000	</row0>
					<row1>	0.0000 1.0000 0.0000 0.0000	</row1>
					<row2>	0.0000 0.0000 1.0000 0.0000	</row2>
					<row3>	0.0000 0.1988 -0.5145 1.0000	</row3>
				</transform>
				<node>
					<identifier>	rudder_1_BlendBone	</identifier>
					<transform>
						<row0>	1.0000 0.0000 0.0000 0.0000	</row0>
						<row1>	0.0000 1.0000 0.0000 0.0000	</row1>
						<row2>	0.0000 0.0000 -1.0000 0.0000	</row2>
						<row3>	0.0000 -0.1988 0.5145 1.0000	</row3>
					</transform>
				</node>
			</node>
		</node>
	</node>
	<renderSet>
		<treatAsWorldSpaceObject>	true	</treatAsWorldSpaceObject>
		<node>	l_bombbay_1_BlendBone	</node>
		<node>	r_flaps_3_BlendBone	</node>
		<node>	Root_BlendBone	</node>
		<node>	r_flaps_1_BlendBone	</node>
		<node>	l_ailerone_1_BlendBone	</node>
		<node>	r_flaps_4_BlendBone	</node>
		<node>	r_bombbay_1_BlendBone	</node>
		<node>	l_flaps_4_BlendBone	</node>
		<node>	l_flaps_1_BlendBone	</node>
		<node>	rudder_1_BlendBone	</node>
		<node>	l_flaps_3_BlendBone	</node>
		<node>	l_flaps_2_BlendBone	</node>
		<node>	r_ailerone_1_BlendBone	</node>
		<node>	elevator_1_BlendBone	</node>
		<node>	r_flaps_2_BlendBone	</node>
		<geometry>
			<vertices>	Hull_lod2Shape.vertices	</vertices>
			<primitive>	Hull_lod2Shape.indices	</primitive>
			<primitiveGroup>	0
				<material>
					<identifier>	SHIPMAT_PBS_Hull_skinned	</identifier>
					<mfm>	PnFMods/ModsSDK.zip/JSA108_Shokaku/aircraft/JAB703_skinned.mfm	</mfm>
				</material>
			</primitiveGroup>
		</geometry>
	</renderSet>
	<renderSet>
		<treatAsWorldSpaceObject>	false	</treatAsWorldSpaceObject>
		<node>	chassis_on_BlendBone	</node>
		<geometry>
			<vertices>	chassis_on_BlendBone_lod2Shape.vertices	</vertices>
			<primitive>	chassis_on_BlendBone_lod2Shape.indices	</primitive>
			<primitiveGroup>	0
				<material>
					<identifier>	SHIPMAT_PBS_Other	</identifier>
					<mfm>	PnFMods/ModsSDK.zip/JSA108_Shokaku/aircraft/JAB703.mfm	</mfm>
				</material>
			</primitiveGroup>
		</geometry>
	</renderSet>
	<renderSet>
		<treatAsWorldSpaceObject>	false	</treatAsWorldSpaceObject>
		<node>	disc_cap	</node>
		<geometry>
			<vertices>	disc_cap_lod2Shape.vertices	</vertices>
			<primitive>	disc_cap_lod2Shape.indices	</primitive>
			<primitiveGroup>	0
				<material>
					<identifier>	SHIPMAT_PBS_Other	</identifier>
					<mfm>	PnFMods/ModsSDK.zip/JSA108_Shokaku/aircraft/JAB703.mfm	</mfm>
				</material>
			</primitiveGroup>
		</geometry>
	</renderSet>
	<renderSet>
		<treatAsWorldSpaceObject>	false	</treatAsWorldSpaceObject>
		<node>	disc	</node>
		<geometry>
			<vertices>	disc_lod2Shape.vertices	</vertices>
			<primitive>	disc_lod2Shape.indices	</primitive>
			<primitiveGroup>	0
				<material>
					<identifier>	PROPELLERMAT_propeller	</identifier>
					<mfm>	PnFMods/ModsSDK.zip/JSA108_Shokaku/aircraft/Japan_Disk_4Blade_01_alpha.mfm	</mfm>
				</material>
			</primitiveGroup>
		</geometry>
	</renderSet>
	<renderSet>
		<treatAsWorldSpaceObject>	false	</treatAsWorldSpaceObject>
		<node>	mod	</node>
		<geometry>
			<vertices>	mod_lodShape2.vertices	</vertices>
			<primitive>	mod_lodShape2.indices	</primitive>
			<primitiveGroup>	0
				<material>
					<identifier>	SHIPMAT_PBS_Other	</identifier>
					<mfm>	PnFMods/ModsSDK.zip/JSA108_Shokaku/aircraft/JAB703.mfm	</mfm>
				</material>
			</primitiveGroup>
		</geometry>
	</renderSet>
	<boundingBox>
		<min>	-0.4819 -0.0005 -0.5533	</min>
		<max>	0.4819 0.2842 0.2484	</max>
	</boundingBox>
</JAB703_Aichi_B7A_proto_lod2.visual>
