<GSA004_Parseval_1945_Stern_ports.visual>
	<node>
		<identifier>	Scene Root	</identifier>
		<transform>
			<row0>	1.0000 0.0000 0.0000 0.0000	</row0>
			<row1>	0.0000 1.0000 0.0000 0.0000	</row1>
			<row2>	0.0000 0.0000 1.0000 0.0000	</row2>
			<row3>	0.0000 0.0000 0.0000 1.0000	</row3>
		</transform>
		<node>
			<identifier>	Stern_ports	</identifier>
			<transform>
				<row0>	1.0000 0.0000 0.0000 0.0000	</row0>
				<row1>	0.0000 1.0000 0.0000 0.0000	</row1>
				<row2>	0.0000 0.0000 1.0000 0.0000	</row2>
				<row3>	0.0000 0.0000 0.0000 1.0000	</row3>
			</transform>
			<node>
				<identifier>	HP_DeckLand	</identifier>
				<transform>
					<row0>	1.0000 0.0000 0.0000 0.0000	</row0>
					<row1>	0.0000 1.0000 0.0000 0.0000	</row1>
					<row2>	0.0000 0.0000 1.0000 0.0000	</row2>
					<row3>	0.0041 1.0157 -9.1629 1.0000	</row3>
				</transform>
			</node>
			<node>
				<identifier>	HP_Deck_00	</identifier>
				<transform>
					<row0>	1.0000 0.0000 0.0000 0.0000	</row0>
					<row1>	0.0000 1.0000 0.0000 0.0000	</row1>
					<row2>	0.0000 0.0000 1.0000 0.0000	</row2>
					<row3>	-0.4244 0.9073 -6.5450 1.0000	</row3>
				</transform>
			</node>
			<node>
				<identifier>	HP_Deck_01	</identifier>
				<transform>
					<row0>	1.0000 0.0000 0.0000 0.0000	</row0>
					<row1>	0.0000 1.0000 0.0000 0.0000	</row1>
					<row2>	0.0000 0.0000 1.0000 0.0000	</row2>
					<row3>	0.3219 0.9087 -5.9481 1.0000	</row3>
				</transform>
			</node>
			<node>
				<identifier>	HP_Deck_02	</identifier>
				<transform>
					<row0>	1.0000 0.0000 0.0000 0.0000	</row0>
					<row1>	0.0000 1.0000 0.0000 0.0000	</row1>
					<row2>	0.0000 0.0000 1.0000 0.0000	</row2>
					<row3>	-0.3563 0.9086 -5.3424 1.0000	</row3>
				</transform>
			</node>
			<node>
				<identifier>	HP_Deck_03	</identifier>
				<transform>
					<row0>	1.0000 0.0000 0.0000 0.0000	</row0>
					<row1>	0.0000 1.0000 0.0000 0.0000	</row1>
					<row2>	0.0000 0.0000 1.0000 0.0000	</row2>
					<row3>	0.4011 0.9084 -4.6346 1.0000	</row3>
				</transform>
			</node>
			<node>
				<identifier>	HP_Deck_04	</identifier>
				<transform>
					<row0>	1.0000 0.0000 0.0000 0.0000	</row0>
					<row1>	0.0000 1.0000 0.0000 0.0000	</row1>
					<row2>	0.0000 0.0000 1.0000 0.0000	</row2>
					<row3>	-0.4476 0.9078 -3.9672 1.0000	</row3>
				</transform>
			</node>
			<node>
				<identifier>	HP_Deck_05	</identifier>
				<transform>
					<row0>	1.0000 0.0000 0.0000 0.0000	</row0>
					<row1>	0.0000 1.0000 0.0000 0.0000	</row1>
					<row2>	0.0000 0.0000 1.0000 0.0000	</row2>
					<row3>	0.3503 0.9091 -3.3172 1.0000	</row3>
				</transform>
			</node>
			<node>
				<identifier>	HP_Deck_06	</identifier>
				<transform>
					<row0>	1.0000 0.0000 0.0000 0.0000	</row0>
					<row1>	0.0000 1.0000 0.0000 0.0000	</row1>
					<row2>	0.0000 0.0000 1.0000 0.0000	</row2>
					<row3>	-0.4561 0.9088 -2.6937 1.0000	</row3>
				</transform>
			</node>
			<node>
				<identifier>	HP_Deck_07	</identifier>
				<transform>
					<row0>	1.0000 0.0000 0.0000 0.0000	</row0>
					<row1>	0.0000 1.0000 0.0000 0.0000	</row1>
					<row2>	0.0000 0.0000 1.0000 0.0000	</row2>
					<row3>	0.2715 0.9089 -1.9574 1.0000	</row3>
				</transform>
			</node>
			<node>
				<identifier>	HP_Deck_08	</identifier>
				<transform>
					<row0>	1.0000 0.0000 0.0000 0.0000	</row0>
					<row1>	0.0000 1.0000 0.0000 0.0000	</row1>
					<row2>	0.0000 0.0000 1.0000 0.0000	</row2>
					<row3>	-0.4645 0.9091 -1.3194 1.0000	</row3>
				</transform>
			</node>
			<node>
				<identifier>	HP_Deck_09	</identifier>
				<transform>
					<row0>	1.0000 0.0000 0.0000 0.0000	</row0>
					<row1>	0.0000 1.0000 0.0000 0.0000	</row1>
					<row2>	0.0000 0.0000 1.0000 0.0000	</row2>
					<row3>	-0.1737 0.9082 -0.4117 1.0000	</row3>
				</transform>
			</node>
			<node>
				<identifier>	HP_DisappearPoint	</identifier>
				<transform>
					<row0>	1.0000 0.0000 0.0000 0.0000	</row0>
					<row1>	0.0000 1.0000 0.0000 0.0000	</row1>
					<row2>	0.0000 0.0000 1.0000 0.0000	</row2>
					<row3>	0.0041 0.9144 -8.3397 1.0000	</row3>
				</transform>
			</node>
			<node>
				<identifier>	HP_FX_Death_3	</identifier>
				<transform>
					<row0>	1.0000 0.0000 0.0000 0.0000	</row0>
					<row1>	0.0000 1.0000 0.0000 0.0000	</row1>
					<row2>	0.0000 0.0000 1.0000 0.0000	</row2>
					<row3>	0.0000 0.0000 -5.2472 1.0000	</row3>
				</transform>
			</node>
			<node>
				<identifier>	HP_FX_Fire_4	</identifier>
				<transform>
					<row0>	1.0000 0.0000 0.0000 0.0000	</row0>
					<row1>	0.0000 1.0000 0.0000 0.0000	</row1>
					<row2>	0.0000 0.0000 1.0000 0.0000	</row2>
					<row3>	-0.5444 0.9093 -6.5160 1.0000	</row3>
				</transform>
			</node>
			<node>
				<identifier>	HP_FX_Fire_4_side_1	</identifier>
				<transform>
					<row0>	1.0000 0.0000 0.0000 0.0000	</row0>
					<row1>	0.0000 1.0000 0.0000 0.0000	</row1>
					<row2>	0.0000 0.0000 1.0000 0.0000	</row2>
					<row3>	0.8311 0.7858 -7.1225 1.0000	</row3>
				</transform>
			</node>
			<node>
				<identifier>	HP_FX_FloodLight_left_1	</identifier>
				<transform>
					<row0>	-1.0000 0.0000 0.0000 0.0000	</row0>
					<row1>	0.0000 1.0000 0.0000 0.0000	</row1>
					<row2>	0.0000 0.0000 -1.0000 0.0000	</row2>
					<row3>	-0.7254 0.5080 -6.4809 1.0000	</row3>
				</transform>
			</node>
			<node>
				<identifier>	HP_FX_FloodLight_right_1	</identifier>
				<transform>
					<row0>	1.0000 0.0000 0.0000 0.0000	</row0>
					<row1>	0.0000 1.0000 0.0000 0.0000	</row1>
					<row2>	0.0000 0.0000 1.0000 0.0000	</row2>
					<row3>	0.7226 0.5115 -6.4758 1.0000	</row3>
				</transform>
			</node>
			<node>
				<identifier>	HP_FX_WakeTraceBack	</identifier>
				<transform>
					<row0>	1.0000 0.0000 0.0000 0.0000	</row0>
					<row1>	0.0000 1.0000 0.0000 0.0000	</row1>
					<row2>	0.0000 0.0000 1.0000 0.0000	</row2>
					<row3>	0.0000 0.0000 -8.3700 1.0000	</row3>
				</transform>
			</node>
			<node>
				<identifier>	HP_FX_WakeTrace_screw_1	</identifier>
				<transform>
					<row0>	1.0000 0.0000 0.0000 0.0000	</row0>
					<row1>	0.0000 1.0000 0.0000 0.0000	</row1>
					<row2>	0.0000 0.0000 1.0000 0.0000	</row2>
					<row3>	-0.3439 -0.4312 -6.4358 1.0000	</row3>
				</transform>
			</node>
			<node>
				<identifier>	HP_FX_WakeTrace_screw_2	</identifier>
				<transform>
					<row0>	1.0000 0.0000 0.0000 0.0000	</row0>
					<row1>	0.0000 1.0000 0.0000 0.0000	</row1>
					<row2>	0.0000 0.0000 1.0000 0.0000	</row2>
					<row3>	0.3439 -0.4312 -6.4358 1.0000	</row3>
				</transform>
			</node>
			<node>
				<identifier>	HP_FX_WakeTrace_screw_3	</identifier>
				<transform>
					<row0>	1.0000 0.0000 0.0000 0.0000	</row0>
					<row1>	0.0000 1.0000 0.0000 0.0000	</row1>
					<row2>	0.0000 0.0000 1.0000 0.0000	</row2>
					<row3>	0.0020 -0.4679 -7.1957 1.0000	</row3>
				</transform>
			</node>
			<node>
				<identifier>	HP_GGA_19	</identifier>
				<transform>
					<row0>	0.0000 0.0000 -1.0000 0.0000	</row0>
					<row1>	0.0000 1.0000 0.0000 0.0000	</row1>
					<row2>	1.0000 0.0000 0.0000 0.0000	</row2>
					<row3>	0.8953 0.7268 -6.2464 1.0000	</row3>
				</transform>
			</node>
			<node>
				<identifier>	HP_GGA_20	</identifier>
				<transform>
					<row0>	0.0000 0.0000 1.0000 0.0000	</row0>
					<row1>	0.0000 1.0000 0.0000 0.0000	</row1>
					<row2>	-1.0000 0.0000 0.0000 0.0000	</row2>
					<row3>	-0.9992 0.7389 -6.2477 1.0000	</row3>
				</transform>
			</node>
			<node>
				<identifier>	HP_GGA_21	</identifier>
				<transform>
					<row0>	0.0000 0.0000 -1.0000 0.0000	</row0>
					<row1>	0.0000 1.0000 0.0000 0.0000	</row1>
					<row2>	1.0000 0.0000 0.0000 0.0000	</row2>
					<row3>	0.8271 0.7247 -7.1133 1.0000	</row3>
				</transform>
			</node>
			<node>
				<identifier>	HP_GGA_22	</identifier>
				<transform>
					<row0>	0.0000 0.0000 1.0000 0.0000	</row0>
					<row1>	0.0000 1.0000 0.0000 0.0000	</row1>
					<row2>	-1.0000 0.0000 0.0000 0.0000	</row2>
					<row3>	-0.9334 0.7225 -7.1151 1.0000	</row3>
				</transform>
			</node>
			<node>
				<identifier>	HP_Ship_death_3	</identifier>
				<transform>
					<row0>	1.0000 0.0000 0.0000 0.0000	</row0>
					<row1>	0.0000 1.0000 0.0000 0.0000	</row1>
					<row2>	0.0000 0.0000 1.0000 0.0000	</row2>
					<row3>	0.0000 0.0000 -4.9543 1.0000	</row3>
				</transform>
			</node>
			<node>
				<identifier>	MP_CM011_Fire_Fighting_Gear	</identifier>
				<transform>
					<row0>	1.0000 0.0000 0.0000 0.0000	</row0>
					<row1>	0.0000 1.0000 0.0000 0.0000	</row1>
					<row2>	0.0000 0.0000 1.0000 0.0000	</row2>
					<row3>	0.0915 0.4107 -7.5914 1.0000	</row3>
				</transform>
			</node>
			<node>
				<identifier>	MP_CM028_Swab_Rack	</identifier>
				<transform>
					<row0>	0.0986 0.0163 -0.9950 0.0000	</row0>
					<row1>	0.0033 0.9999 0.0167 0.0000	</row1>
					<row2>	0.9951 -0.0049 0.0986 0.0000	</row2>
					<row3>	-0.4300 0.4062 -7.1553 1.0000	</row3>
				</transform>
			</node>
			<node>
				<identifier>	MP_CM029_Emergency_Box	</identifier>
				<transform>
					<row0>	0.0627 -0.0073 0.9980 0.0000	</row0>
					<row1>	0.0788 0.9969 0.0023 0.0000	</row1>
					<row2>	-0.9949 0.0785 0.0631 0.0000	</row2>
					<row3>	0.7569 0.8667 -6.6161 1.0000	</row3>
				</transform>
			</node>
			<node>
				<identifier>	MP_CM029_Emergency_Box_INDEX_1	</identifier>
				<transform>
					<row0>	0.0802 -0.0039 -0.9968 0.0000	</row0>
					<row1>	-0.4306 0.9018 -0.0382 0.0000	</row1>
					<row2>	0.8990 0.4322 0.0706 0.0000	</row2>
					<row3>	-0.8323 0.8484 -6.8304 1.0000	</row3>
				</transform>
			</node>
			<node>
				<identifier>	MP_CM029_Emergency_Box_INDEX_2	</identifier>
				<transform>
					<row0>	0.0629 -0.0045 0.9980 0.0000	</row0>
					<row1>	0.0346 0.9994 0.0023 0.0000	</row1>
					<row2>	-0.9974 0.0344 0.0631 0.0000	</row2>
					<row3>	0.8166 0.8797 -5.8555 1.0000	</row3>
				</transform>
			</node>
			<node>
				<identifier>	MP_CM029_Emergency_Box_INDEX_3	</identifier>
				<transform>
					<row0>	1.0000 0.0000 0.0000 0.0000	</row0>
					<row1>	0.0000 1.0000 0.0000 0.0000	</row1>
					<row2>	0.0000 0.0000 1.0000 0.0000	</row2>
					<row3>	-0.3534 0.4912 -7.5815 1.0000	</row3>
				</transform>
			</node>
			<node>
				<identifier>	MP_CM094_Propeller3_L	</identifier>
				<transform>
					<row0>	0.8896 -0.5994 -0.0358 0.0000	</row0>
					<row1>	0.5983 0.8903 -0.0377 0.0000	</row1>
					<row2>	0.0507 0.0113 1.0721 0.0000	</row2>
					<row3>	-0.3439 -0.4312 -6.4358 1.0000	</row3>
				</transform>
			</node>
			<node>
				<identifier>	MP_CM095_Propeller3_R	</identifier>
				<transform>
					<row0>	0.8785 0.6156 0.0351 0.0000	</row0>
					<row1>	-0.6145 0.8792 -0.0384 0.0000	</row1>
					<row2>	-0.0507 0.0113 1.0721 0.0000	</row2>
					<row3>	0.3439 -0.4312 -6.4358 1.0000	</row3>
				</transform>
			</node>
			<node>
				<identifier>	MP_GM003_Reels_1	</identifier>
				<transform>
					<row0>	-1.0000 0.0000 0.0000 0.0000	</row0>
					<row1>	0.0000 1.0000 0.0000 0.0000	</row1>
					<row2>	0.0000 0.0000 -1.0000 0.0000	</row2>
					<row3>	-0.2229 0.4065 -7.6230 1.0000	</row3>
				</transform>
			</node>
			<node>
				<identifier>	MP_GM003_Reels_1_INDEX_1	</identifier>
				<transform>
					<row0>	0.1382 0.0000 0.9904 0.0000	</row0>
					<row1>	0.0000 1.0000 0.0000 0.0000	</row1>
					<row2>	-0.9904 0.0000 0.1382 0.0000	</row2>
					<row3>	0.5219 0.4081 -7.2517 1.0000	</row3>
				</transform>
			</node>
			<node>
				<identifier>	MP_GM003_Reels_1_INDEX_2	</identifier>
				<transform>
					<row0>	-1.0000 0.0000 0.0000 0.0000	</row0>
					<row1>	0.0000 1.0000 0.0000 0.0000	</row1>
					<row2>	0.0000 0.0000 -1.0000 0.0000	</row2>
					<row3>	-0.3074 0.4065 -7.6221 1.0000	</row3>
				</transform>
			</node>
			<node>
				<identifier>	MP_GM003_Reels_1_INDEX_3	</identifier>
				<transform>
					<row0>	0.1382 0.0000 -0.9904 0.0000	</row0>
					<row1>	0.0000 1.0000 0.0000 0.0000	</row1>
					<row2>	0.9904 0.0000 0.1382 0.0000	</row2>
					<row3>	-0.5219 0.4057 -7.2517 1.0000	</row3>
				</transform>
			</node>
			<node>
				<identifier>	MP_GM013_Siren	</identifier>
				<transform>
					<row0>	-0.0931 0.0057 -0.9956 0.0000	</row0>
					<row1>	0.0470 0.9989 0.0013 0.0000	</row1>
					<row2>	0.9945 -0.0467 -0.0933 0.0000	</row2>
					<row3>	0.7621 0.9029 -6.5019 1.0000	</row3>
				</transform>
			</node>
			<node>
				<identifier>	MP_GM013_Siren_INDEX_1	</identifier>
				<transform>
					<row0>	0.0069 0.0000 1.0000 0.0000	</row0>
					<row1>	0.0136 0.9999 0.0000 0.0000	</row1>
					<row2>	-0.9999 0.0136 0.0069 0.0000	</row2>
					<row3>	-0.8967 0.8897 -6.5754 1.0000	</row3>
				</transform>
			</node>
			<node>
				<identifier>	MP_GM016_Sleeve	</identifier>
				<transform>
					<row0>	-1.0000 0.0000 0.0000 0.0000	</row0>
					<row1>	0.0000 1.0000 0.0000 0.0000	</row1>
					<row2>	0.0000 0.0000 -1.0000 0.0000	</row2>
					<row3>	0.0658 0.4691 -7.5767 1.0000	</row3>
				</transform>
			</node>
			<node>
				<identifier>	MP_GM034_Turtles_box	</identifier>
				<transform>
					<row0>	-1.0000 0.0040 0.0000 0.0000	</row0>
					<row1>	0.0040 1.0000 0.0000 0.0000	</row1>
					<row2>	0.0000 0.0000 -1.0000 0.0000	</row2>
					<row3>	-0.0343 0.4132 -7.5784 1.0000	</row3>
				</transform>
			</node>
			<node>
				<identifier>	MP_GM034_Turtles_box_INDEX_1	</identifier>
				<transform>
					<row0>	0.0000 0.0000 1.0000 0.0000	</row0>
					<row1>	0.0292 0.9996 0.0000 0.0000	</row1>
					<row2>	-0.9996 0.0292 0.0000 0.0000	</row2>
					<row3>	-0.8114 0.7480 -6.1167 1.0000	</row3>
				</transform>
			</node>
			<node>
				<identifier>	MP_GM034_Turtles_box_INDEX_2	</identifier>
				<transform>
					<row0>	0.0000 0.0000 -1.0000 0.0000	</row0>
					<row1>	-0.0040 1.0000 0.0000 0.0000	</row1>
					<row2>	1.0000 0.0040 0.0000 0.0000	</row2>
					<row3>	0.7101 0.7339 -6.0814 1.0000	</row3>
				</transform>
			</node>
			<node>
				<identifier>	MP_GM034_Turtles_box_INDEX_3	</identifier>
				<transform>
					<row0>	0.0000 0.0000 -1.0000 0.0000	</row0>
					<row1>	-0.0040 1.0000 0.0000 0.0000	</row1>
					<row2>	1.0000 0.0040 0.0000 0.0000	</row2>
					<row3>	0.6623 0.7337 -6.9445 1.0000	</row3>
				</transform>
			</node>
			<node>
				<identifier>	MP_GM034_Turtles_box_INDEX_4	</identifier>
				<transform>
					<row0>	0.0000 0.0000 1.0000 0.0000	</row0>
					<row1>	0.0040 1.0000 0.0000 0.0000	</row1>
					<row2>	-1.0000 0.0040 0.0000 0.0000	</row2>
					<row3>	-0.7239 0.7326 -6.9830 1.0000	</row3>
				</transform>
			</node>
			<node>
				<identifier>	MP_GM035_LifeBuoy_Mount	</identifier>
				<transform>
					<row0>	0.9804 0.0000 0.1973 0.0000	</row0>
					<row1>	0.0000 1.0000 0.0000 0.0000	</row1>
					<row2>	-0.1973 0.0000 0.9804 0.0000	</row2>
					<row3>	-0.5079 0.4561 -7.8013 1.0000	</row3>
				</transform>
			</node>
			<node>
				<identifier>	MP_GM035_LifeBuoy_Mount_INDEX_1	</identifier>
				<transform>
					<row0>	-0.9761 0.0000 0.2172 0.0000	</row0>
					<row1>	0.0000 1.0000 0.0000 0.0000	</row1>
					<row2>	-0.2172 0.0000 -0.9761 0.0000	</row2>
					<row3>	0.4885 0.4561 -7.8167 1.0000	</row3>
				</transform>
			</node>
			<node>
				<identifier>	MP_GM117_Propeller	</identifier>
				<transform>
					<row0>	1.8521 0.0000 0.0000 0.0000	</row0>
					<row1>	0.0000 1.8521 0.0000 0.0000	</row1>
					<row2>	0.0000 0.0000 1.8521 0.0000	</row2>
					<row3>	0.0000 -0.4607 -7.1794 1.0000	</row3>
				</transform>
			</node>
			<node>
				<identifier>	MP_GM130_Anlasswagen	</identifier>
				<transform>
					<row0>	0.2230 0.0000 0.9748 0.0000	</row0>
					<row1>	0.0483 0.9988 -0.0111 0.0000	</row1>
					<row2>	-0.9736 0.0496 0.2228 0.0000	</row2>
					<row3>	0.6291 0.9039 -6.9928 1.0000	</row3>
				</transform>
			</node>
			<node>
				<identifier>	MP_GM532_Float	</identifier>
				<transform>
					<row0>	-0.0587 0.0034 -0.9983 0.0000	</row0>
					<row1>	0.1399 0.9902 -0.0049 0.0000	</row1>
					<row2>	0.9884 -0.1400 -0.0586 0.0000	</row2>
					<row3>	0.9304 0.7530 -5.6208 1.0000	</row3>
				</transform>
			</node>
			<node>
				<identifier>	MP_GM532_Float_INDEX_1	</identifier>
				<transform>
					<row0>	-0.0252 -0.0010 0.9997 0.0000	</row0>
					<row1>	-0.0008 1.0000 0.0010 0.0000	</row1>
					<row2>	-0.9997 -0.0008 -0.0252 0.0000	</row2>
					<row3>	-1.0572 0.7521 -5.0524 1.0000	</row3>
				</transform>
			</node>
			<node>
				<identifier>	MP_GM532_Float_INDEX_10	</identifier>
				<transform>
					<row0>	-0.0589 0.0067 -0.9982 0.0000	</row0>
					<row1>	0.1301 0.9915 -0.0011 0.0000	</row1>
					<row2>	0.9897 -0.1300 -0.0593 0.0000	</row2>
					<row3>	0.9068 0.7535 -5.9082 1.0000	</row3>
				</transform>
			</node>
			<node>
				<identifier>	MP_GM532_Float_INDEX_11	</identifier>
				<transform>
					<row0>	-0.0771 -0.0072 0.9970 0.0000	</row0>
					<row1>	-0.0477 0.9989 0.0035 0.0000	</row1>
					<row2>	-0.9959 -0.0473 -0.0774 0.0000	</row2>
					<row3>	-1.0304 0.7519 -5.4805 1.0000	</row3>
				</transform>
			</node>
			<node>
				<identifier>	MP_GM532_Float_INDEX_12	</identifier>
				<transform>
					<row0>	-0.0655 -0.0068 0.9978 0.0000	</row0>
					<row1>	-0.0094 0.9999 0.0062 0.0000	</row1>
					<row2>	-0.9978 -0.0090 -0.0655 0.0000	</row2>
					<row3>	-0.9985 0.7535 -5.9118 1.0000	</row3>
				</transform>
			</node>
			<node>
				<identifier>	MP_GM532_Float_INDEX_13	</identifier>
				<transform>
					<row0>	-0.0682 -0.0024 0.9977 0.0000	</row0>
					<row1>	-0.0089 1.0000 0.0018 0.0000	</row1>
					<row2>	-0.9976 -0.0088 -0.0682 0.0000	</row2>
					<row3>	-1.0097 0.7502 -5.7678 1.0000	</row3>
				</transform>
			</node>
			<node>
				<identifier>	MP_GM532_Float_INDEX_2	</identifier>
				<transform>
					<row0>	-0.0333 -0.0071 0.9994 0.0000	</row0>
					<row1>	-0.0077 0.9999 0.0069 0.0000	</row1>
					<row2>	-0.9994 -0.0075 -0.0334 0.0000	</row2>
					<row3>	-1.0526 0.7540 -5.1963 1.0000	</row3>
				</transform>
			</node>
			<node>
				<identifier>	MP_GM532_Float_INDEX_3	</identifier>
				<transform>
					<row0>	-0.0375 0.0015 -0.9993 0.0000	</row0>
					<row1>	0.0398 0.9992 0.0000 0.0000	</row1>
					<row2>	0.9985 -0.0397 -0.0375 0.0000	</row2>
					<row3>	0.9711 0.7519 -5.0490 1.0000	</row3>
				</transform>
			</node>
			<node>
				<identifier>	MP_GM532_Float_INDEX_4	</identifier>
				<transform>
					<row0>	-0.0588 0.0015 -0.9983 0.0000	</row0>
					<row1>	0.0398 0.9992 -0.0008 0.0000	</row1>
					<row2>	0.9975 -0.0397 -0.0588 0.0000	</row2>
					<row3>	0.9189 0.7531 -5.7642 1.0000	</row3>
				</transform>
			</node>
			<node>
				<identifier>	MP_GM532_Float_INDEX_5	</identifier>
				<transform>
					<row0>	-0.0535 0.0078 -0.9985 0.0000	</row0>
					<row1>	0.2013 0.9795 -0.0032 0.0000	</row1>
					<row2>	0.9781 -0.2012 -0.0539 0.0000	</row2>
					<row3>	0.9505 0.7559 -5.1921 1.0000	</row3>
				</transform>
			</node>
			<node>
				<identifier>	MP_GM532_Float_INDEX_6	</identifier>
				<transform>
					<row0>	-0.0588 0.0015 -0.9983 0.0000	</row0>
					<row1>	0.0398 0.9992 -0.0008 0.0000	</row1>
					<row2>	0.9975 -0.0397 -0.0588 0.0000	</row2>
					<row3>	0.9467 0.7528 -5.3347 1.0000	</row3>
				</transform>
			</node>
			<node>
				<identifier>	MP_GM532_Float_INDEX_7	</identifier>
				<transform>
					<row0>	-0.0326 -0.0022 0.9995 0.0000	</row0>
					<row1>	-0.0951 0.9955 -0.0009 0.0000	</row1>
					<row2>	-0.9949 -0.0951 -0.0327 0.0000	</row2>
					<row3>	-1.0195 0.7516 -5.6242 1.0000	</row3>
				</transform>
			</node>
			<node>
				<identifier>	MP_GM532_Float_INDEX_8	</identifier>
				<transform>
					<row0>	-0.0740 -0.0014 0.9973 0.0000	</row0>
					<row1>	0.0116 0.9999 0.0023 0.0000	</row1>
					<row2>	-0.9972 0.0118 -0.0740 0.0000	</row2>
					<row3>	-1.0439 0.7528 -5.3386 1.0000	</row3>
				</transform>
			</node>
			<node>
				<identifier>	MP_GM532_Float_INDEX_9	</identifier>
				<transform>
					<row0>	-0.0585 0.0052 -0.9983 0.0000	</row0>
					<row1>	0.1033 0.9946 -0.0008 0.0000	</row1>
					<row2>	0.9929 -0.1032 -0.0588 0.0000	</row2>
					<row3>	0.9409 0.7527 -5.4770 1.0000	</row3>
				</transform>
			</node>
			<node>
				<identifier>	MP_GM536_Life_Boat_3	</identifier>
				<transform>
					<row0>	0.8534 0.5011 0.1437 0.0000	</row0>
					<row1>	-0.4948 0.8654 -0.0794 0.0000	</row1>
					<row2>	-0.1642 -0.0033 0.9864 0.0000	</row2>
					<row3>	-0.4248 0.5019 -7.9421 1.0000	</row3>
				</transform>
			</node>
			<node>
				<identifier>	MP_GM536_Life_Boat_3_INDEX_1	</identifier>
				<transform>
					<row0>	0.8501 -0.4881 -0.1977 0.0000	</row0>
					<row1>	0.4771 0.8728 -0.1033 0.0000	</row1>
					<row2>	0.2230 -0.0065 0.9748 0.0000	</row2>
					<row3>	0.4033 0.5010 -7.9506 1.0000	</row3>
				</transform>
			</node>
			<node>
				<identifier>	MP_GM602_Switch_Box_3	</identifier>
				<transform>
					<row0>	0.0000 0.0000 1.0000 0.0000	</row0>
					<row1>	0.0000 1.0000 0.0000 0.0000	</row1>
					<row2>	-1.0000 0.0000 0.0000 0.0000	</row2>
					<row3>	-0.8086 0.8161 -6.1698 1.0000	</row3>
				</transform>
			</node>
			<node>
				<identifier>	MP_GM602_Switch_Box_3_INDEX_1	</identifier>
				<transform>
					<row0>	-1.0000 0.0000 0.0000 0.0000	</row0>
					<row1>	0.0000 1.0000 0.0000 0.0000	</row1>
					<row2>	0.0000 0.0000 -1.0000 0.0000	</row2>
					<row3>	-0.0131 0.4912 -7.5761 1.0000	</row3>
				</transform>
			</node>
			<node>
				<identifier>	MP_GM602_Switch_Box_3_INDEX_2	</identifier>
				<transform>
					<row0>	0.0000 0.0000 1.0000 0.0000	</row0>
					<row1>	0.0000 1.0000 0.0000 0.0000	</row1>
					<row2>	-1.0000 0.0000 0.0000 0.0000	</row2>
					<row3>	-0.7223 0.8116 -7.0361 1.0000	</row3>
				</transform>
			</node>
			<node>
				<identifier>	MP_GM602_Switch_Box_3_INDEX_3	</identifier>
				<transform>
					<row0>	0.0000 0.0000 -1.0000 0.0000	</row0>
					<row1>	0.0000 1.0000 0.0000 0.0000	</row1>
					<row2>	1.0000 0.0000 0.0000 0.0000	</row2>
					<row3>	0.6603 0.8202 -6.9628 1.0000	</row3>
				</transform>
			</node>
			<node>
				<identifier>	MP_GM602_Switch_Box_3_INDEX_4	</identifier>
				<transform>
					<row0>	0.0000 0.0000 -1.0000 0.0000	</row0>
					<row1>	0.0000 1.0000 0.0000 0.0000	</row1>
					<row2>	1.0000 0.0000 0.0000 0.0000	</row2>
					<row3>	0.7076 0.8202 -6.0997 1.0000	</row3>
				</transform>
			</node>
			<node>
				<identifier>	MP_GM604_Switch_Box_5	</identifier>
				<transform>
					<row0>	0.0000 0.0000 -1.0000 0.0000	</row0>
					<row1>	0.0000 1.0000 0.0000 0.0000	</row1>
					<row2>	1.0000 0.0000 0.0000 0.0000	</row2>
					<row3>	0.6603 0.8167 -6.9411 1.0000	</row3>
				</transform>
			</node>
			<node>
				<identifier>	MP_GM604_Switch_Box_5_INDEX_1	</identifier>
				<transform>
					<row0>	-1.0000 0.0000 0.0000 0.0000	</row0>
					<row1>	0.0000 1.0000 0.0000 0.0000	</row1>
					<row2>	0.0000 0.0000 -1.0000 0.0000	</row2>
					<row3>	-0.0325 0.4877 -7.5759 1.0000	</row3>
				</transform>
			</node>
			<node>
				<identifier>	MP_GM604_Switch_Box_5_INDEX_2	</identifier>
				<transform>
					<row0>	0.0000 0.0000 1.0000 0.0000	</row0>
					<row1>	0.0000 1.0000 0.0000 0.0000	</row1>
					<row2>	-1.0000 0.0000 0.0000 0.0000	</row2>
					<row3>	-0.7223 0.8081 -7.0144 1.0000	</row3>
				</transform>
			</node>
			<node>
				<identifier>	MP_GM604_Switch_Box_5_INDEX_3	</identifier>
				<transform>
					<row0>	0.0000 0.0000 1.0000 0.0000	</row0>
					<row1>	0.0000 1.0000 0.0000 0.0000	</row1>
					<row2>	-1.0000 0.0000 0.0000 0.0000	</row2>
					<row3>	-0.8086 0.8126 -6.1481 1.0000	</row3>
				</transform>
			</node>
			<node>
				<identifier>	MP_GM604_Switch_Box_5_INDEX_4	</identifier>
				<transform>
					<row0>	0.0000 0.0000 -1.0000 0.0000	</row0>
					<row1>	0.0000 1.0000 0.0000 0.0000	</row1>
					<row2>	1.0000 0.0000 0.0000 0.0000	</row2>
					<row3>	0.7076 0.8167 -6.0780 1.0000	</row3>
				</transform>
			</node>
			<node>
				<identifier>	MP_GM606_MC_Box	</identifier>
				<transform>
					<row0>	-1.0000 0.0000 0.0000 0.0000	</row0>
					<row1>	0.0000 1.0000 0.0000 0.0000	</row1>
					<row2>	0.0000 0.0000 -1.0000 0.0000	</row2>
					<row3>	0.0196 0.4912 -7.5763 1.0000	</row3>
				</transform>
			</node>
			<node>
				<identifier>	MP_GM700_AmmoBox	</identifier>
				<transform>
					<row0>	0.0000 0.0000 1.0000 0.0000	</row0>
					<row1>	0.0000 1.0000 0.0000 0.0000	</row1>
					<row2>	-1.0000 0.0000 0.0000 0.0000	</row2>
					<row3>	0.0375 0.4053 -8.0932 1.0000	</row3>
				</transform>
			</node>
			<node>
				<identifier>	MP_GM702_AmmoBox	</identifier>
				<transform>
					<row0>	-0.0872 0.0000 0.9962 0.0000	</row0>
					<row1>	0.0000 1.0000 0.0000 0.0000	</row1>
					<row2>	-0.9962 0.0000 -0.0872 0.0000	</row2>
					<row3>	-0.9072 0.8084 -5.8730 1.0000	</row3>
				</transform>
			</node>
			<node>
				<identifier>	MP_GM702_AmmoBox_INDEX_1	</identifier>
				<transform>
					<row0>	-0.0872 0.0003 0.9962 0.0000	</row0>
					<row1>	0.0040 1.0000 0.0000 0.0000	</row1>
					<row2>	-0.9962 0.0040 -0.0872 0.0000	</row2>
					<row3>	-0.8456 0.8078 -6.7636 1.0000	</row3>
				</transform>
			</node>
			<node>
				<identifier>	MP_GM702_AmmoBox_INDEX_2	</identifier>
				<transform>
					<row0>	-0.0872 -0.0003 -0.9962 0.0000	</row0>
					<row1>	-0.0040 1.0000 0.0000 0.0000	</row1>
					<row2>	0.9962 0.0040 -0.0872 0.0000	</row2>
					<row3>	0.7475 0.8077 -6.7845 1.0000	</row3>
				</transform>
			</node>
			<node>
				<identifier>	MP_GM702_AmmoBox_INDEX_3	</identifier>
				<transform>
					<row0>	-0.0720 -0.0003 -0.9974 0.0000	</row0>
					<row1>	-0.0040 1.0000 0.0000 0.0000	</row1>
					<row2>	0.9974 0.0040 -0.0720 0.0000	</row2>
					<row3>	0.8208 0.8077 -5.8825 1.0000	</row3>
				</transform>
			</node>
			<node>
				<identifier>	MP_GM751_Hatch	</identifier>
				<transform>
					<row0>	2.0000 0.0000 0.0000 0.0000	</row0>
					<row1>	0.0000 2.0000 0.0000 0.0000	</row1>
					<row2>	0.0000 0.0000 2.0000 0.0000	</row2>
					<row3>	0.1059 0.4053 -8.0932 1.0000	</row3>
				</transform>
			</node>
			<node>
				<identifier>	MP_GM751_Hatch_INDEX_1	</identifier>
				<transform>
					<row0>	2.0000 0.0000 0.0000 0.0000	</row0>
					<row1>	0.0000 2.0000 0.0000 0.0000	</row1>
					<row2>	0.0000 0.0000 2.0000 0.0000	</row2>
					<row3>	-0.0327 0.4053 -8.0932 1.0000	</row3>
				</transform>
			</node>
			<node>
				<identifier>	MP_GM856_Mastheadlight	</identifier>
				<transform>
					<row0>	-1.0000 0.0000 0.0000 0.0000	</row0>
					<row1>	0.0000 1.0000 0.0000 0.0000	</row1>
					<row2>	0.0000 0.0000 -1.0000 0.0000	</row2>
					<row3>	0.0000 0.6189 -8.6735 1.0000	</row3>
				</transform>
			</node>
			<node>
				<identifier>	MP_GM969_Anchor_up	</identifier>
				<transform>
					<row0>	0.0209 0.8107 -0.4705 0.0000	</row0>
					<row1>	-0.1181 0.4691 0.8031 0.0000	</row1>
					<row2>	0.9299 0.0413 0.1126 0.0000	</row2>
					<row3>	-0.1886 0.3009 -8.4816 1.0000	</row3>
				</transform>
			</node>
			<node>
				<identifier>	MP_GM970_Anchor_bottom	</identifier>
				<transform>
					<row0>	0.0209 0.8107 -0.4705 0.0000	</row0>
					<row1>	-0.6665 0.3438 0.5627 0.0000	</row1>
					<row2>	0.6591 0.3219 0.5840 0.0000	</row2>
					<row3>	-0.1886 0.3009 -8.4816 1.0000	</row3>
				</transform>
			</node>
			<node>
				<identifier>	SP_YMS011_YHWL_M_1_INDEX_1	</identifier>
				<transform>
					<row0>	0.9418 0.2985 0.1548 0.0000	</row0>
					<row1>	-0.2967 0.9543 -0.0354 0.0000	</row1>
					<row2>	-0.1583 -0.0126 0.9873 0.0000	</row2>
					<row3>	-0.5359 0.0000 -6.8627 1.0000	</row3>
				</transform>
			</node>
			<node>
				<identifier>	SP_YMS011_YHWL_M_1_INDEX_11	</identifier>
				<transform>
					<row0>	0.9768 0.1736 0.1251 0.0000	</row0>
					<row1>	-0.1727 0.9848 -0.0182 0.0000	</row1>
					<row2>	-0.1263 -0.0038 0.9920 0.0000	</row2>
					<row3>	-0.7616 0.0000 -5.1797 1.0000	</row3>
				</transform>
			</node>
			<node>
				<identifier>	SP_YMS011_YHWL_M_1_INDEX_2	</identifier>
				<transform>
					<row0>	0.7993 0.5794 0.1595 0.0000	</row0>
					<row1>	-0.5685 0.8150 -0.1117 0.0000	</row1>
					<row2>	-0.1947 -0.0015 0.9809 0.0000	</row2>
					<row3>	-0.3811 0.0000 -7.6970 1.0000	</row3>
				</transform>
			</node>
			<node>
				<identifier>	SP_YMS011_YHWL_M_1_INDEX_6	</identifier>
				<transform>
					<row0>	0.9551 0.2619 0.1382 0.0000	</row0>
					<row1>	-0.2604 0.9651 -0.0294 0.0000	</row1>
					<row2>	-0.1411 -0.0079 0.9900 0.0000	</row2>
					<row3>	-0.6594 0.0000 -6.0228 1.0000	</row3>
				</transform>
			</node>
			<node>
				<identifier>	SP_YMS012_YHWR_M_1_INDEX_11	</identifier>
				<transform>
					<row0>	0.9551 -0.2619 -0.1382 0.0000	</row0>
					<row1>	0.2604 0.9651 -0.0294 0.0000	</row1>
					<row2>	0.1411 -0.0079 0.9900 0.0000	</row2>
					<row3>	0.6594 0.0000 -6.0228 1.0000	</row3>
				</transform>
			</node>
			<node>
				<identifier>	SP_YMS012_YHWR_M_1_INDEX_13	</identifier>
				<transform>
					<row0>	0.9768 -0.1736 -0.1251 0.0000	</row0>
					<row1>	0.1727 0.9848 -0.0182 0.0000	</row1>
					<row2>	0.1263 -0.0038 0.9920 0.0000	</row2>
					<row3>	0.7616 0.0000 -5.1797 1.0000	</row3>
				</transform>
			</node>
			<node>
				<identifier>	SP_YMS012_YHWR_M_1_INDEX_14	</identifier>
				<transform>
					<row0>	0.7993 -0.5794 -0.1595 0.0000	</row0>
					<row1>	0.5685 0.8150 -0.1117 0.0000	</row1>
					<row2>	0.1947 -0.0015 0.9809 0.0000	</row2>
					<row3>	0.3811 0.0000 -7.6970 1.0000	</row3>
				</transform>
			</node>
			<node>
				<identifier>	SP_YMS012_YHWR_M_1_INDEX_15	</identifier>
				<transform>
					<row0>	0.9418 -0.2985 -0.1548 0.0000	</row0>
					<row1>	0.2967 0.9543 -0.0354 0.0000	</row1>
					<row2>	0.1583 -0.0126 0.9873 0.0000	</row2>
					<row3>	0.5359 0.0000 -6.8627 1.0000	</row3>
				</transform>
			</node>
			<node>
				<identifier>	SP_YMS023_YHUC_L_1_INDEX_4	</identifier>
				<transform>
					<row0>	0.7000 0.0000 0.0000 0.0000	</row0>
					<row1>	0.0000 0.7000 0.0000 0.0000	</row1>
					<row2>	0.0000 0.0000 0.7000 0.0000	</row2>
					<row3>	0.0000 -0.4607 -7.1794 1.0000	</row3>
				</transform>
			</node>
			<node>
				<identifier>	SP_YMS023_YHUC_L_1_INDEX_5	</identifier>
				<transform>
					<row0>	0.6999 -0.0073 0.0057 0.0000	</row0>
					<row1>	0.0074 0.6999 -0.0070 0.0000	</row1>
					<row2>	-0.0056 0.0071 0.6999 0.0000	</row2>
					<row3>	0.3439 -0.4312 -6.4358 1.0000	</row3>
				</transform>
			</node>
			<node>
				<identifier>	SP_YMS023_YHUC_L_1_INDEX_6	</identifier>
				<transform>
					<row0>	0.6999 0.0073 -0.0057 0.0000	</row0>
					<row1>	-0.0074 0.6999 -0.0070 0.0000	</row1>
					<row2>	0.0056 0.0071 0.6999 0.0000	</row2>
					<row3>	-0.3439 -0.4312 -6.4358 1.0000	</row3>
				</transform>
			</node>
			<node>
				<identifier>	SP_YMS030_YHAM_M_1	</identifier>
				<transform>
					<row0>	0.8359 0.0000 0.0000 0.0000	</row0>
					<row1>	0.0000 0.8359 0.0000 0.0000	</row1>
					<row2>	0.0000 0.0000 0.8359 0.0000	</row2>
					<row3>	0.0000 0.2499 -8.5872 1.0000	</row3>
				</transform>
			</node>
			<node>
				<identifier>	SP_YMS031_YHAL_M_1	</identifier>
				<transform>
					<row0>	0.7897 0.1599 0.4783 0.0000	</row0>
					<row1>	-0.1609 0.9221 -0.0426 0.0000	</row1>
					<row2>	-0.4780 -0.0463 0.8046 0.0000	</row2>
					<row3>	-0.2905 0.2372 -8.3560 1.0000	</row3>
				</transform>
			</node>
			<node>
				<identifier>	SP_YMS032_YHAR_M_1	</identifier>
				<transform>
					<row0>	0.7897 -0.1599 -0.4783 0.0000	</row0>
					<row1>	0.1609 0.9221 -0.0426 0.0000	</row1>
					<row2>	0.4780 -0.0463 0.8046 0.0000	</row2>
					<row3>	0.2905 0.2372 -8.3560 1.0000	</row3>
				</transform>
			</node>
			<node>
				<identifier>	SP_YMS054_YHDA_M_1	</identifier>
				<transform>
					<row0>	0.6600 0.0000 0.0000 0.0000	</row0>
					<row1>	0.0000 1.0000 0.0000 0.0000	</row1>
					<row2>	0.0000 0.0000 0.6600 0.0000	</row2>
					<row3>	0.0153 0.9088 -6.4168 1.0000	</row3>
				</transform>
			</node>
			<node>
				<identifier>	SP_YMS057_YHDH_M_1_INDEX_2	</identifier>
				<transform>
					<row0>	0.9025 0.0000 0.0000 0.0000	</row0>
					<row1>	0.0000 0.9025 0.0000 0.0000	</row1>
					<row2>	0.0000 0.0000 0.9025 0.0000	</row2>
					<row3>	-0.0076 0.9088 -5.7714 1.0000	</row3>
				</transform>
			</node>
			<node>
				<identifier>	SP_YMS061_YHGH_S_1_INDEX_12	</identifier>
				<transform>
					<row0>	0.0000 0.0000 -1.0171 0.0000	</row0>
					<row1>	0.0000 1.0171 0.0000 0.0000	</row1>
					<row2>	1.0171 0.0000 0.0000 0.0000	</row2>
					<row3>	-0.8865 0.7911 -7.1144 1.0000	</row3>
				</transform>
			</node>
			<node>
				<identifier>	SP_YMS061_YHGH_S_1_INDEX_13	</identifier>
				<transform>
					<row0>	0.0000 0.0000 1.0171 0.0000	</row0>
					<row1>	0.0000 1.0171 0.0000 0.0000	</row1>
					<row2>	-1.0171 0.0000 0.0000 0.0000	</row2>
					<row3>	0.8089 0.7920 -7.1136 1.0000	</row3>
				</transform>
			</node>
			<node>
				<identifier>	SP_YMS061_YHGH_S_1_INDEX_14	</identifier>
				<transform>
					<row0>	0.0000 0.0000 1.0171 0.0000	</row0>
					<row1>	0.0000 1.0171 0.0000 0.0000	</row1>
					<row2>	-1.0171 0.0000 0.0000 0.0000	</row2>
					<row3>	0.8779 0.7916 -6.2467 1.0000	</row3>
				</transform>
			</node>
			<node>
				<identifier>	SP_YMS061_YHGH_S_1_INDEX_3	</identifier>
				<transform>
					<row0>	0.0000 0.0000 -1.0171 0.0000	</row0>
					<row1>	0.0000 1.0171 0.0000 0.0000	</row1>
					<row2>	1.0171 0.0000 0.0000 0.0000	</row2>
					<row3>	-0.9754 0.8108 -6.2468 1.0000	</row3>
				</transform>
			</node>
			<node>
				<identifier>	SP_YMS080_YHSL_M_1	</identifier>
				<transform>
					<row0>	0.9543 0.2730 0.1214 0.0000	</row0>
					<row1>	-0.2769 0.9608 0.0160 0.0000	</row1>
					<row2>	-0.1122 -0.0489 0.9925 0.0000	</row2>
					<row3>	-0.7027 0.3926 -6.2040 1.0000	</row3>
				</transform>
			</node>
			<node>
				<identifier>	SP_YMS081_YHSR_M_1	</identifier>
				<transform>
					<row0>	0.9543 -0.2730 -0.1214 0.0000	</row0>
					<row1>	0.2769 0.9608 0.0160 0.0000	</row1>
					<row2>	0.1122 -0.0489 0.9925 0.0000	</row2>
					<row3>	0.7027 0.3804 -6.1628 1.0000	</row3>
				</transform>
			</node>
			<node>
				<identifier>	SP_YMS082_YHSC_M_1	</identifier>
				<transform>
					<row0>	0.1430 -0.0008 -1.1411 0.0000	</row0>
					<row1>	-0.2441 1.1234 -0.0313 0.0000	</row1>
					<row2>	1.1147 0.2461 0.1395 0.0000	</row2>
					<row3>	-0.6241 0.3267 -6.9184 1.0000	</row3>
				</transform>
			</node>
			<node>
				<identifier>	SP_YMS082_YHSC_M_1_INDEX_2	</identifier>
				<transform>
					<row0>	0.1430 0.0008 1.1411 0.0000	</row0>
					<row1>	0.3018 1.1090 -0.0385 0.0000	</row1>
					<row2>	-1.1004 0.3043 0.1377 0.0000	</row2>
					<row3>	0.6309 0.3341 -6.8937 1.0000	</row3>
				</transform>
			</node>
			<node>
				<identifier>	SP_YMS084_YHSC_L_2	</identifier>
				<transform>
					<row0>	0.1258 0.0028 1.1934 0.0000	</row0>
					<row1>	0.2098 1.1813 -0.0249 0.0000	</row1>
					<row2>	-1.1748 0.2112 0.1234 0.0000	</row2>
					<row3>	0.7937 0.4553 -5.1688 1.0000	</row3>
				</transform>
			</node>
			<node>
				<identifier>	SP_YMS084_YHSC_L_2_INDEX_1	</identifier>
				<transform>
					<row0>	0.1233 0.0164 -1.1935 0.0000	</row0>
					<row1>	-0.1584 1.1895 0.0000 0.0000	</row1>
					<row2>	1.1831 0.1576 0.1244 0.0000	</row2>
					<row3>	-0.8190 0.4514 -5.1874 1.0000	</row3>
				</transform>
			</node>
			<node>
				<identifier>	SP_YMS401_YHFA_M_1	</identifier>
				<transform>
					<row0>	-0.4000 0.0000 0.0000 0.0000	</row0>
					<row1>	0.0000 0.4000 0.0000 0.0000	</row1>
					<row2>	0.0000 0.0000 -0.4000 0.0000	</row2>
					<row3>	-0.0349 0.7866 -8.5123 1.0000	</row3>
				</transform>
			</node>
		</node>
	</node>
	<boundingBox>
		<min>	-0.0667 -0.0667 -0.0667	</min>
		<max>	0.0667 0.0667 0.0667	</max>
	</boundingBox>
</GSA004_Parseval_1945_Stern_ports.visual>
