<GSA004_Parseval_1945_MidBack_ports.visual>
	<node>
		<identifier>	Scene Root	</identifier>
		<transform>
			<row0>	1.0000 0.0000 0.0000 0.0000	</row0>
			<row1>	0.0000 1.0000 0.0000 0.0000	</row1>
			<row2>	0.0000 0.0000 1.0000 0.0000	</row2>
			<row3>	0.0000 0.0000 0.0000 1.0000	</row3>
		</transform>
		<node>
			<identifier>	MidBack_ports	</identifier>
			<transform>
				<row0>	1.0000 0.0000 0.0000 0.0000	</row0>
				<row1>	0.0000 1.0000 0.0000 0.0000	</row1>
				<row2>	0.0000 0.0000 1.0000 0.0000	</row2>
				<row3>	0.0000 0.0000 0.0000 1.0000	</row3>
			</transform>
			<node>
				<identifier>	HP_Deck_10	</identifier>
				<transform>
					<row0>	1.0000 0.0000 0.0000 0.0000	</row0>
					<row1>	0.0000 1.0000 0.0000 0.0000	</row1>
					<row2>	0.0000 0.0000 1.0000 0.0000	</row2>
					<row3>	-0.2346 0.9097 0.6726 1.0000	</row3>
				</transform>
			</node>
			<node>
				<identifier>	HP_Deck_11	</identifier>
				<transform>
					<row0>	1.0000 0.0000 0.0000 0.0000	</row0>
					<row1>	0.0000 1.0000 0.0000 0.0000	</row1>
					<row2>	0.0000 0.0000 1.0000 0.0000	</row2>
					<row3>	-0.2375 0.9082 1.7837 1.0000	</row3>
				</transform>
			</node>
			<node>
				<identifier>	HP_FX_Death_2	</identifier>
				<transform>
					<row0>	1.0000 0.0000 0.0000 0.0000	</row0>
					<row1>	0.0000 1.0000 0.0000 0.0000	</row1>
					<row2>	0.0000 0.0000 1.0000 0.0000	</row2>
					<row3>	0.0000 0.0000 -0.6297 1.0000	</row3>
				</transform>
			</node>
			<node>
				<identifier>	HP_FX_Fire_3	</identifier>
				<transform>
					<row0>	0.5891 -0.1650 0.7910 0.0000	</row0>
					<row1>	0.2697 0.9629 0.0000 0.0000	</row1>
					<row2>	-0.7617 0.2134 0.6118 0.0000	</row2>
					<row3>	0.6580 0.9453 -2.5866 1.0000	</row3>
				</transform>
			</node>
			<node>
				<identifier>	HP_FX_Fire_3_side_1	</identifier>
				<transform>
					<row0>	1.0000 0.0000 0.0000 0.0000	</row0>
					<row1>	0.0000 1.0000 0.0000 0.0000	</row1>
					<row2>	0.0000 0.0000 1.0000 0.0000	</row2>
					<row3>	-0.7470 0.9251 -1.0096 1.0000	</row3>
				</transform>
			</node>
			<node>
				<identifier>	HP_FX_Fire_3_side_2	</identifier>
				<transform>
					<row0>	1.0000 0.0000 0.0000 0.0000	</row0>
					<row1>	0.0000 1.0000 0.0000 0.0000	</row1>
					<row2>	0.0000 0.0000 1.0000 0.0000	</row2>
					<row3>	-0.0850 0.9270 -3.9075 1.0000	</row3>
				</transform>
			</node>
			<node>
				<identifier>	HP_GGA_15	</identifier>
				<transform>
					<row0>	0.0000 0.0000 -1.0000 0.0000	</row0>
					<row1>	0.0000 1.0000 0.0000 0.0000	</row1>
					<row2>	1.0000 0.0000 0.0000 0.0000	</row2>
					<row3>	1.0767 0.7447 -2.5795 1.0000	</row3>
				</transform>
			</node>
			<node>
				<identifier>	HP_GGA_16	</identifier>
				<transform>
					<row0>	0.0193 0.0000 0.9998 0.0000	</row0>
					<row1>	0.0000 1.0000 0.0000 0.0000	</row1>
					<row2>	-0.9998 0.0000 0.0193 0.0000	</row2>
					<row3>	-1.1370 0.7454 -2.5804 1.0000	</row3>
				</transform>
			</node>
			<node>
				<identifier>	HP_GGA_17	</identifier>
				<transform>
					<row0>	0.0000 0.0000 -1.0000 0.0000	</row0>
					<row1>	0.0000 1.0000 0.0000 0.0000	</row1>
					<row2>	1.0000 0.0000 0.0000 0.0000	</row2>
					<row3>	1.0638 0.7380 -4.0469 1.0000	</row3>
				</transform>
			</node>
			<node>
				<identifier>	HP_GGA_18	</identifier>
				<transform>
					<row0>	0.0000 0.0000 1.0000 0.0000	</row0>
					<row1>	0.0000 1.0000 0.0000 0.0000	</row1>
					<row2>	-1.0000 0.0000 0.0000 0.0000	</row2>
					<row3>	-1.1401 0.7389 -4.0471 1.0000	</row3>
				</transform>
			</node>
			<node>
				<identifier>	HP_Ship_death_2	</identifier>
				<transform>
					<row0>	1.0000 0.0000 0.0000 0.0000	</row0>
					<row1>	0.0000 1.0000 0.0000 0.0000	</row1>
					<row2>	0.0000 0.0000 1.0000 0.0000	</row2>
					<row3>	0.0000 0.0000 -0.6144 1.0000	</row3>
				</transform>
			</node>
			<node>
				<identifier>	MP_CM011_Fire_Fighting_Gear	</identifier>
				<transform>
					<row0>	0.0000 0.0000 1.0000 0.0000	</row0>
					<row1>	0.0000 1.0000 0.0000 0.0000	</row1>
					<row2>	-1.0000 0.0000 0.0000 0.0000	</row2>
					<row3>	0.4931 0.4070 -1.5882 1.0000	</row3>
				</transform>
			</node>
			<node>
				<identifier>	MP_CM011_Fire_Fighting_Gear_INDEX_1	</identifier>
				<transform>
					<row0>	0.0000 0.0000 -1.0000 0.0000	</row0>
					<row1>	0.0000 1.0000 0.0000 0.0000	</row1>
					<row2>	1.0000 0.0000 0.0000 0.0000	</row2>
					<row3>	-0.6832 0.4070 -3.1951 1.0000	</row3>
				</transform>
			</node>
			<node>
				<identifier>	MP_CM011_Fire_Fighting_Gear_INDEX_2	</identifier>
				<transform>
					<row0>	0.0000 0.0000 -1.0000 0.0000	</row0>
					<row1>	0.0000 1.0000 0.0000 0.0000	</row1>
					<row2>	1.0000 0.0000 0.0000 0.0000	</row2>
					<row3>	-0.6855 0.4070 -0.9093 1.0000	</row3>
				</transform>
			</node>
			<node>
				<identifier>	MP_CM011_Fire_Fighting_Gear_INDEX_3	</identifier>
				<transform>
					<row0>	0.0000 0.0000 1.0000 0.0000	</row0>
					<row1>	0.0000 1.0000 0.0000 0.0000	</row1>
					<row2>	-1.0000 0.0000 0.0000 0.0000	</row2>
					<row3>	0.4931 0.4070 -2.2908 1.0000	</row3>
				</transform>
			</node>
			<node>
				<identifier>	MP_CM011_Fire_Fighting_Gear_INDEX_4	</identifier>
				<transform>
					<row0>	0.0000 0.0000 -1.0000 0.0000	</row0>
					<row1>	0.0000 1.0000 0.0000 0.0000	</row1>
					<row2>	1.0000 0.0000 0.0000 0.0000	</row2>
					<row3>	-0.6828 0.4070 -2.4469 1.0000	</row3>
				</transform>
			</node>
			<node>
				<identifier>	MP_CM012_Fire_Hose_Rack_1	</identifier>
				<transform>
					<row0>	-1.0000 0.0000 0.0000 0.0000	</row0>
					<row1>	0.0000 1.0000 0.0000 0.0000	</row1>
					<row2>	0.0000 0.0000 -1.0000 0.0000	</row2>
					<row3>	0.9163 1.1433 2.3216 1.0000	</row3>
				</transform>
			</node>
			<node>
				<identifier>	MP_CM012_Fire_Hose_Rack_1_INDEX_1	</identifier>
				<transform>
					<row0>	1.0000 0.0000 0.0000 0.0000	</row0>
					<row1>	0.0000 1.0000 0.0000 0.0000	</row1>
					<row2>	0.0000 0.0000 1.0000 0.0000	</row2>
					<row3>	0.5928 0.9581 3.9825 1.0000	</row3>
				</transform>
			</node>
			<node>
				<identifier>	MP_CM012_Fire_Hose_Rack_1_INDEX_10	</identifier>
				<transform>
					<row0>	-0.2661 0.0000 0.9639 0.0000	</row0>
					<row1>	0.0000 1.0000 0.0000 0.0000	</row1>
					<row2>	-0.9639 0.0000 -0.2661 0.0000	</row2>
					<row3>	0.9813 0.8542 -1.8782 1.0000	</row3>
				</transform>
			</node>
			<node>
				<identifier>	MP_CM012_Fire_Hose_Rack_1_INDEX_11	</identifier>
				<transform>
					<row0>	1.0000 0.0000 0.0000 0.0000	</row0>
					<row1>	0.0000 1.0000 0.0000 0.0000	</row1>
					<row2>	0.0000 0.0000 1.0000 0.0000	</row2>
					<row3>	0.5928 0.9581 2.3132 1.0000	</row3>
				</transform>
			</node>
			<node>
				<identifier>	MP_CM012_Fire_Hose_Rack_1_INDEX_12	</identifier>
				<transform>
					<row0>	-1.0000 0.0000 0.0000 0.0000	</row0>
					<row1>	0.0000 1.0000 0.0000 0.0000	</row1>
					<row2>	0.0000 0.0000 -1.0000 0.0000	</row2>
					<row3>	0.9622 1.1433 3.6263 1.0000	</row3>
				</transform>
			</node>
			<node>
				<identifier>	MP_CM012_Fire_Hose_Rack_1_INDEX_13	</identifier>
				<transform>
					<row0>	1.0000 0.0000 0.0000 0.0000	</row0>
					<row1>	0.0000 1.0000 0.0000 0.0000	</row1>
					<row2>	0.0000 0.0000 1.0000 0.0000	</row2>
					<row3>	0.5925 0.9581 -0.2750 1.0000	</row3>
				</transform>
			</node>
			<node>
				<identifier>	MP_CM012_Fire_Hose_Rack_1_INDEX_14	</identifier>
				<transform>
					<row0>	-1.0000 0.0000 0.0000 0.0000	</row0>
					<row1>	0.0000 1.0000 0.0000 0.0000	</row1>
					<row2>	0.0000 0.0000 -1.0000 0.0000	</row2>
					<row3>	0.7440 0.9570 1.5522 1.0000	</row3>
				</transform>
			</node>
			<node>
				<identifier>	MP_CM012_Fire_Hose_Rack_1_INDEX_2	</identifier>
				<transform>
					<row0>	1.0000 0.0036 0.0000 0.0000	</row0>
					<row1>	-0.0036 0.9998 -0.0217 0.0000	</row1>
					<row2>	0.0000 0.0217 0.9998 0.0000	</row2>
					<row3>	-0.5709 0.4736 2.0702 1.0000	</row3>
				</transform>
			</node>
			<node>
				<identifier>	MP_CM012_Fire_Hose_Rack_1_INDEX_3	</identifier>
				<transform>
					<row0>	1.0000 0.0036 0.0000 0.0000	</row0>
					<row1>	-0.0036 0.9998 -0.0217 0.0000	</row1>
					<row2>	0.0000 0.0217 0.9998 0.0000	</row2>
					<row3>	-0.5709 0.4877 -0.0249 1.0000	</row3>
				</transform>
			</node>
			<node>
				<identifier>	MP_CM012_Fire_Hose_Rack_1_INDEX_4	</identifier>
				<transform>
					<row0>	1.0000 0.0036 0.0000 0.0000	</row0>
					<row1>	-0.0036 0.9998 -0.0217 0.0000	</row1>
					<row2>	0.0000 0.0217 0.9998 0.0000	</row2>
					<row3>	-0.6764 0.4680 -0.9362 1.0000	</row3>
				</transform>
			</node>
			<node>
				<identifier>	MP_CM012_Fire_Hose_Rack_1_INDEX_5	</identifier>
				<transform>
					<row0>	1.0000 0.0000 0.0000 0.0000	</row0>
					<row1>	0.0000 1.0000 0.0000 0.0000	</row1>
					<row2>	0.0000 0.0000 1.0000 0.0000	</row2>
					<row3>	0.5928 0.9581 0.8243 1.0000	</row3>
				</transform>
			</node>
			<node>
				<identifier>	MP_CM012_Fire_Hose_Rack_1_INDEX_6	</identifier>
				<transform>
					<row0>	1.0000 0.0036 0.0000 0.0000	</row0>
					<row1>	-0.0036 0.9998 -0.0217 0.0000	</row1>
					<row2>	0.0000 0.0217 0.9998 0.0000	</row2>
					<row3>	-0.6768 0.4525 -3.2215 1.0000	</row3>
				</transform>
			</node>
			<node>
				<identifier>	MP_CM012_Fire_Hose_Rack_1_INDEX_7	</identifier>
				<transform>
					<row0>	1.0000 0.0036 0.0000 0.0000	</row0>
					<row1>	-0.0036 0.9998 -0.0217 0.0000	</row1>
					<row2>	0.0000 0.0217 0.9998 0.0000	</row2>
					<row3>	-0.5709 0.4736 2.2120 1.0000	</row3>
				</transform>
			</node>
			<node>
				<identifier>	MP_CM012_Fire_Hose_Rack_1_INDEX_8	</identifier>
				<transform>
					<row0>	1.0000 0.0036 0.0000 0.0000	</row0>
					<row1>	-0.0036 0.9998 -0.0217 0.0000	</row1>
					<row2>	0.0000 0.0217 0.9998 0.0000	</row2>
					<row3>	-0.5709 0.4877 1.2696 1.0000	</row3>
				</transform>
			</node>
			<node>
				<identifier>	MP_CM012_Fire_Hose_Rack_1_INDEX_9	</identifier>
				<transform>
					<row0>	1.0000 0.0036 0.0000 0.0000	</row0>
					<row1>	-0.0036 0.9998 -0.0217 0.0000	</row1>
					<row2>	0.0000 0.0217 0.9998 0.0000	</row2>
					<row3>	-0.6761 0.4688 -2.4672 1.0000	</row3>
				</transform>
			</node>
			<node>
				<identifier>	MP_CM014_Fuel_Oil_Hose	</identifier>
				<transform>
					<row0>	-1.0000 0.0000 0.0000 0.0000	</row0>
					<row1>	0.0000 -1.0000 0.0000 0.0000	</row1>
					<row2>	0.0000 0.0000 1.0000 0.0000	</row2>
					<row3>	0.4848 0.4410 -2.1964 1.0000	</row3>
				</transform>
			</node>
			<node>
				<identifier>	MP_CM014_Fuel_Oil_Hose_INDEX_1	</identifier>
				<transform>
					<row0>	1.0000 0.0000 0.0000 0.0000	</row0>
					<row1>	0.0000 1.0000 0.0000 0.0000	</row1>
					<row2>	0.0000 0.0000 1.0000 0.0000	</row2>
					<row3>	-0.6778 0.4361 -2.8528 1.0000	</row3>
				</transform>
			</node>
			<node>
				<identifier>	MP_CM014_Fuel_Oil_Hose_INDEX_2	</identifier>
				<transform>
					<row0>	-1.0000 0.0000 0.0000 0.0000	</row0>
					<row1>	0.0000 -1.0000 0.0000 0.0000	</row1>
					<row2>	0.0000 0.0000 1.0000 0.0000	</row2>
					<row3>	0.6417 0.4410 -3.0957 1.0000	</row3>
				</transform>
			</node>
			<node>
				<identifier>	MP_CM014_Fuel_Oil_Hose_INDEX_3	</identifier>
				<transform>
					<row0>	-1.0000 0.0000 0.0000 0.0000	</row0>
					<row1>	0.0000 -1.0000 0.0000 0.0000	</row1>
					<row2>	0.0000 0.0000 1.0000 0.0000	</row2>
					<row3>	0.4833 0.4410 -1.4910 1.0000	</row3>
				</transform>
			</node>
			<node>
				<identifier>	MP_CM029_Emergency_Box	</identifier>
				<transform>
					<row0>	-0.0016 -0.0045 1.0000 0.0000	</row0>
					<row1>	0.0175 0.9998 0.0045 0.0000	</row1>
					<row2>	-0.9998 0.0175 -0.0015 0.0000	</row2>
					<row3>	0.9020 0.8525 -3.5194 1.0000	</row3>
				</transform>
			</node>
			<node>
				<identifier>	MP_CM029_Emergency_Box_INDEX_1	</identifier>
				<transform>
					<row0>	0.0000 0.0000 -1.0000 0.0000	</row0>
					<row1>	0.0000 1.0000 0.0000 0.0000	</row1>
					<row2>	1.0000 0.0000 0.0000 0.0000	</row2>
					<row3>	-1.0035 0.8616 -1.1838 1.0000	</row3>
				</transform>
			</node>
			<node>
				<identifier>	MP_CM029_Emergency_Box_INDEX_2	</identifier>
				<transform>
					<row0>	-0.0127 0.0000 -0.9999 0.0000	</row0>
					<row1>	-0.1464 0.9892 0.0019 0.0000	</row1>
					<row2>	0.9891 0.1464 -0.0125 0.0000	</row2>
					<row3>	-0.9903 0.8619 -3.4239 1.0000	</row3>
				</transform>
			</node>
			<node>
				<identifier>	MP_CM029_Emergency_Box_INDEX_3	</identifier>
				<transform>
					<row0>	0.0541 0.0015 0.9985 0.0000	</row0>
					<row1>	-0.0666 0.9978 0.0021 0.0000	</row1>
					<row2>	-0.9963 -0.0666 0.0541 0.0000	</row2>
					<row3>	0.9484 0.8455 -2.1600 1.0000	</row3>
				</transform>
			</node>
			<node>
				<identifier>	MP_CM051_Fire_Fighting_Gear	</identifier>
				<transform>
					<row0>	0.9962 0.0000 -0.0872 0.0000	</row0>
					<row1>	-0.0872 0.0000 -0.9962 0.0000	</row1>
					<row2>	0.0000 1.0000 0.0000 0.0000	</row2>
					<row3>	0.9616 0.8152 -1.9075 1.0000	</row3>
				</transform>
			</node>
			<node>
				<identifier>	MP_CM090_Accommodation_Ladder	</identifier>
				<transform>
					<row0>	1.0000 0.0000 0.0000 0.0000	</row0>
					<row1>	0.0000 1.0000 0.0017 0.0000	</row1>
					<row2>	0.0000 -0.0017 1.0000 0.0000	</row2>
					<row3>	0.8436 0.4061 -2.9785 1.0000	</row3>
				</transform>
			</node>
			<node>
				<identifier>	MP_GM003_Reels_1	</identifier>
				<transform>
					<row0>	0.0000 0.0000 1.0000 0.0000	</row0>
					<row1>	1.0000 0.0000 0.0000 0.0000	</row1>
					<row2>	0.0000 1.0000 0.0000 0.0000	</row2>
					<row3>	0.5789 0.5101 -2.7745 1.0000	</row3>
				</transform>
			</node>
			<node>
				<identifier>	MP_GM013_Siren	</identifier>
				<transform>
					<row0>	-0.0187 0.0000 0.9998 0.0000	</row0>
					<row1>	0.0136 0.9999 0.0003 0.0000	</row1>
					<row2>	-0.9997 0.0136 -0.0187 0.0000	</row2>
					<row3>	-1.0111 0.9008 -3.1711 1.0000	</row3>
				</transform>
			</node>
			<node>
				<identifier>	MP_GM013_Siren_INDEX_1	</identifier>
				<transform>
					<row0>	0.0000 0.0000 -1.0000 0.0000	</row0>
					<row1>	-0.0136 0.9999 0.0000 0.0000	</row1>
					<row2>	0.9999 0.0136 0.0000 0.0000	</row2>
					<row3>	0.9030 0.9030 -3.0447 1.0000	</row3>
				</transform>
			</node>
			<node>
				<identifier>	MP_GM025_Cooling_tube	</identifier>
				<transform>
					<row0>	0.0000 -0.7628 -0.6467 0.0000	</row0>
					<row1>	0.0000 0.6467 -0.7628 0.0000	</row1>
					<row2>	1.0000 0.0000 0.0000 0.0000	</row2>
					<row3>	0.8822 0.8287 -4.1671 1.0000	</row3>
				</transform>
			</node>
			<node>
				<identifier>	MP_GM025_Cooling_tube_INDEX_1	</identifier>
				<transform>
					<row0>	0.0000 -0.7628 -0.6467 0.0000	</row0>
					<row1>	-0.0362 0.6463 -0.7623 0.0000	</row1>
					<row2>	0.9993 0.0234 -0.0276 0.0000	</row2>
					<row3>	0.8822 0.8287 -4.2148 1.0000	</row3>
				</transform>
			</node>
			<node>
				<identifier>	MP_GM034_Turtles_box	</identifier>
				<transform>
					<row0>	-0.0353 0.0000 -0.9994 0.0000	</row0>
					<row1>	-0.0040 1.0000 0.0001 0.0000	</row1>
					<row2>	0.9994 0.0040 -0.0353 0.0000	</row2>
					<row3>	0.8879 0.7468 -4.0526 1.0000	</row3>
				</transform>
			</node>
			<node>
				<identifier>	MP_GM034_Turtles_box_INDEX_1	</identifier>
				<transform>
					<row0>	-0.0613 -0.0035 -0.9981 0.0000	</row0>
					<row1>	-0.0568 0.9984 0.0000 0.0000	</row1>
					<row2>	0.9965 0.0567 -0.0614 0.0000	</row2>
					<row3>	0.9247 0.7567 -2.5667 1.0000	</row3>
				</transform>
			</node>
			<node>
				<identifier>	MP_GM034_Turtles_box_INDEX_2	</identifier>
				<transform>
					<row0>	0.0000 0.0000 1.0000 0.0000	</row0>
					<row1>	-0.1334 0.9911 0.0000 0.0000	</row1>
					<row2>	-0.9911 -0.1334 0.0000 0.0000	</row2>
					<row3>	-0.9814 0.7498 -2.5487 1.0000	</row3>
				</transform>
			</node>
			<node>
				<identifier>	MP_GM034_Turtles_box_INDEX_3	</identifier>
				<transform>
					<row0>	0.0000 0.0000 1.0000 0.0000	</row0>
					<row1>	-0.2024 0.9793 0.0000 0.0000	</row1>
					<row2>	-0.9793 -0.2024 0.0000 0.0000	</row2>
					<row3>	-0.9559 0.7504 -4.1878 1.0000	</row3>
				</transform>
			</node>
			<node>
				<identifier>	MP_GM085_Insulator	</identifier>
				<transform>
					<row0>	-0.0137 -0.0024 0.9999 0.0000	</row0>
					<row1>	-0.9853 -0.1701 -0.0139 0.0000	</row1>
					<row2>	0.1701 -0.9854 0.0000 0.0000	</row2>
					<row3>	-0.9691 0.7636 -3.3651 1.0000	</row3>
				</transform>
			</node>
			<node>
				<identifier>	MP_GM085_Insulator_INDEX_1	</identifier>
				<transform>
					<row0>	0.0000 -0.0139 0.9999 0.0000	</row0>
					<row1>	-1.0000 0.0000 0.0000 0.0000	</row1>
					<row2>	0.0000 -0.9999 -0.0139 0.0000	</row2>
					<row3>	-0.9928 0.7637 -1.8336 1.0000	</row3>
				</transform>
			</node>
			<node>
				<identifier>	MP_GM085_Insulator_INDEX_2	</identifier>
				<transform>
					<row0>	0.0000 -0.0139 0.9999 0.0000	</row0>
					<row1>	-1.0000 0.0000 0.0000 0.0000	</row1>
					<row2>	0.0000 -0.9999 -0.0139 0.0000	</row2>
					<row3>	-0.9944 0.7622 -1.7275 1.0000	</row3>
				</transform>
			</node>
			<node>
				<identifier>	MP_GM085_Insulator_INDEX_3	</identifier>
				<transform>
					<row0>	-0.0139 0.0000 0.9999 0.0000	</row0>
					<row1>	-0.9999 0.0000 -0.0139 0.0000	</row1>
					<row2>	0.0000 -1.0000 0.0000 0.0000	</row2>
					<row3>	-0.9932 0.7635 -1.8121 1.0000	</row3>
				</transform>
			</node>
			<node>
				<identifier>	MP_GM501_Lauch_11m	</identifier>
				<transform>
					<row0>	1.0000 0.0000 0.0000 0.0000	</row0>
					<row1>	0.0000 1.0000 0.0000 0.0000	</row1>
					<row2>	0.0000 0.0000 1.0000 0.0000	</row2>
					<row3>	-0.8126 0.4848 -1.3427 1.0000	</row3>
				</transform>
			</node>
			<node>
				<identifier>	MP_GM501_Lauch_11m_INDEX_1	</identifier>
				<transform>
					<row0>	1.0000 0.0000 0.0000 0.0000	</row0>
					<row1>	0.0000 1.0000 0.0000 0.0000	</row1>
					<row2>	0.0000 0.0000 1.0000 0.0000	</row2>
					<row3>	0.8326 0.4861 -1.3427 1.0000	</row3>
				</transform>
			</node>
			<node>
				<identifier>	MP_GM502_Captains_Gig_9m	</identifier>
				<transform>
					<row0>	1.0000 0.0000 0.0000 0.0000	</row0>
					<row1>	0.0000 1.0000 0.0000 0.0000	</row1>
					<row2>	0.0000 0.0000 1.0000 0.0000	</row2>
					<row3>	-0.8130 0.4760 0.1354 1.0000	</row3>
				</transform>
			</node>
			<node>
				<identifier>	MP_GM502_Captains_Gig_9m_INDEX_1	</identifier>
				<transform>
					<row0>	1.0000 0.0000 0.0000 0.0000	</row0>
					<row1>	0.0000 1.0000 0.0000 0.0000	</row1>
					<row2>	0.0000 0.0000 1.0000 0.0000	</row2>
					<row3>	-0.8259 0.4742 0.9713 1.0000	</row3>
				</transform>
			</node>
			<node>
				<identifier>	MP_GM532_Float	</identifier>
				<transform>
					<row0>	-0.0375 0.0015 -0.9993 0.0000	</row0>
					<row1>	0.0398 0.9992 0.0000 0.0000	</row1>
					<row2>	0.9985 -0.0397 -0.0375 0.0000	</row2>
					<row3>	0.9775 0.7516 -4.6178 1.0000	</row3>
				</transform>
			</node>
			<node>
				<identifier>	MP_GM532_Float_INDEX_1	</identifier>
				<transform>
					<row0>	-0.0375 -0.0015 0.9993 0.0000	</row0>
					<row1>	-0.0244 0.9997 0.0006 0.0000	</row1>
					<row2>	-0.9990 -0.0244 -0.0375 0.0000	</row2>
					<row3>	-1.0763 0.7495 -4.3343 1.0000	</row3>
				</transform>
			</node>
			<node>
				<identifier>	MP_GM532_Float_INDEX_2	</identifier>
				<transform>
					<row0>	-0.0375 0.0015 -0.9993 0.0000	</row0>
					<row1>	0.0398 0.9992 0.0000 0.0000	</row1>
					<row2>	0.9985 -0.0397 -0.0375 0.0000	</row2>
					<row3>	0.9667 0.7520 -4.9050 1.0000	</row3>
				</transform>
			</node>
			<node>
				<identifier>	MP_GM532_Float_INDEX_3	</identifier>
				<transform>
					<row0>	-0.0375 -0.0015 0.9993 0.0000	</row0>
					<row1>	-0.0319 0.9995 0.0003 0.0000	</row1>
					<row2>	-0.9988 -0.0319 -0.0375 0.0000	</row2>
					<row3>	-1.0718 0.7501 -4.4780 1.0000	</row3>
				</transform>
			</node>
			<node>
				<identifier>	MP_GM532_Float_INDEX_4	</identifier>
				<transform>
					<row0>	-0.0375 0.0015 -0.9993 0.0000	</row0>
					<row1>	0.0398 0.9992 0.0000 0.0000	</row1>
					<row2>	0.9985 -0.0397 -0.0375 0.0000	</row2>
					<row3>	0.9829 0.7514 -4.4745 1.0000	</row3>
				</transform>
			</node>
			<node>
				<identifier>	MP_GM532_Float_INDEX_5	</identifier>
				<transform>
					<row0>	-0.0375 0.0015 -0.9993 0.0000	</row0>
					<row1>	0.0398 0.9992 0.0000 0.0000	</row1>
					<row2>	0.9985 -0.0397 -0.0375 0.0000	</row2>
					<row3>	0.9882 0.7511 -4.3308 1.0000	</row3>
				</transform>
			</node>
			<node>
				<identifier>	MP_GM532_Float_INDEX_6	</identifier>
				<transform>
					<row0>	-0.0326 -0.0013 0.9995 0.0000	</row0>
					<row1>	-0.0339 0.9994 0.0002 0.0000	</row1>
					<row2>	-0.9989 -0.0338 -0.0327 0.0000	</row2>
					<row3>	-1.0603 0.7511 -4.9087 1.0000	</row3>
				</transform>
			</node>
			<node>
				<identifier>	MP_GM532_Float_INDEX_7	</identifier>
				<transform>
					<row0>	-0.0294 -0.0012 0.9996 0.0000	</row0>
					<row1>	-0.0279 0.9996 0.0004 0.0000	</row1>
					<row2>	-0.9992 -0.0279 -0.0294 0.0000	</row2>
					<row3>	-1.0676 0.7503 -4.6213 1.0000	</row3>
				</transform>
			</node>
			<node>
				<identifier>	MP_GM532_Float_INDEX_8	</identifier>
				<transform>
					<row0>	-0.0333 -0.0029 0.9994 0.0000	</row0>
					<row1>	-0.0307 0.9995 0.0019 0.0000	</row1>
					<row2>	-0.9990 -0.0306 -0.0334 0.0000	</row2>
					<row3>	-1.0639 0.7517 -4.7655 1.0000	</row3>
				</transform>
			</node>
			<node>
				<identifier>	MP_GM532_Float_INDEX_9	</identifier>
				<transform>
					<row0>	-0.0373 0.0033 -0.9993 0.0000	</row0>
					<row1>	0.0870 0.9962 0.0000 0.0000	</row1>
					<row2>	0.9955 -0.0869 -0.0375 0.0000	</row2>
					<row3>	0.9721 0.7518 -4.7619 1.0000	</row3>
				</transform>
			</node>
			<node>
				<identifier>	MP_GM536_Life_Boat_3	</identifier>
				<transform>
					<row0>	0.0000 0.0000 1.0000 0.0000	</row0>
					<row1>	0.0000 1.0000 0.0000 0.0000	</row1>
					<row2>	-1.0000 0.0000 0.0000 0.0000	</row2>
					<row3>	0.7739 0.4062 -2.0939 1.0000	</row3>
				</transform>
			</node>
			<node>
				<identifier>	MP_GM536_Life_Boat_3_INDEX_1	</identifier>
				<transform>
					<row0>	0.0000 0.0000 1.0000 0.0000	</row0>
					<row1>	0.0000 1.0000 0.0000 0.0000	</row1>
					<row2>	-1.0000 0.0000 0.0000 0.0000	</row2>
					<row3>	0.7739 0.4062 -1.9852 1.0000	</row3>
				</transform>
			</node>
			<node>
				<identifier>	MP_GM536_Life_Boat_3_INDEX_10	</identifier>
				<transform>
					<row0>	0.0000 0.0000 -1.0000 0.0000	</row0>
					<row1>	0.0000 1.0000 0.0000 0.0000	</row1>
					<row2>	1.0000 0.0000 0.0000 0.0000	</row2>
					<row3>	-0.7739 0.4062 -3.2546 1.0000	</row3>
				</transform>
			</node>
			<node>
				<identifier>	MP_GM536_Life_Boat_3_INDEX_11	</identifier>
				<transform>
					<row0>	0.0000 0.0000 -1.0000 0.0000	</row0>
					<row1>	0.0000 1.0000 0.0000 0.0000	</row1>
					<row2>	1.0000 0.0000 0.0000 0.0000	</row2>
					<row3>	-0.7739 0.4062 -3.1469 1.0000	</row3>
				</transform>
			</node>
			<node>
				<identifier>	MP_GM536_Life_Boat_3_INDEX_12	</identifier>
				<transform>
					<row0>	0.0000 0.0000 -1.0000 0.0000	</row0>
					<row1>	0.0000 1.0000 0.0000 0.0000	</row1>
					<row2>	1.0000 0.0000 0.0000 0.0000	</row2>
					<row3>	-0.7739 0.4062 -3.0386 1.0000	</row3>
				</transform>
			</node>
			<node>
				<identifier>	MP_GM536_Life_Boat_3_INDEX_13	</identifier>
				<transform>
					<row0>	0.0000 0.0000 -1.0000 0.0000	</row0>
					<row1>	0.0000 1.0000 0.0000 0.0000	</row1>
					<row2>	1.0000 0.0000 0.0000 0.0000	</row2>
					<row3>	-0.7739 0.4062 -2.9299 1.0000	</row3>
				</transform>
			</node>
			<node>
				<identifier>	MP_GM536_Life_Boat_3_INDEX_2	</identifier>
				<transform>
					<row0>	0.0000 0.0000 1.0000 0.0000	</row0>
					<row1>	0.0000 1.0000 0.0000 0.0000	</row1>
					<row2>	-1.0000 0.0000 0.0000 0.0000	</row2>
					<row3>	0.7739 0.4062 -2.2026 1.0000	</row3>
				</transform>
			</node>
			<node>
				<identifier>	MP_GM536_Life_Boat_3_INDEX_3	</identifier>
				<transform>
					<row0>	0.0000 0.0000 -1.0000 0.0000	</row0>
					<row1>	0.0000 1.0000 0.0000 0.0000	</row1>
					<row2>	1.0000 0.0000 0.0000 0.0000	</row2>
					<row3>	-0.7739 0.4062 -2.4186 1.0000	</row3>
				</transform>
			</node>
			<node>
				<identifier>	MP_GM536_Life_Boat_3_INDEX_4	</identifier>
				<transform>
					<row0>	0.0000 0.0000 -1.0000 0.0000	</row0>
					<row1>	0.0000 1.0000 0.0000 0.0000	</row1>
					<row2>	1.0000 0.0000 0.0000 0.0000	</row2>
					<row3>	-0.7739 0.4062 -2.3109 1.0000	</row3>
				</transform>
			</node>
			<node>
				<identifier>	MP_GM536_Life_Boat_3_INDEX_5	</identifier>
				<transform>
					<row0>	0.0000 0.0000 -1.0000 0.0000	</row0>
					<row1>	0.0000 1.0000 0.0000 0.0000	</row1>
					<row2>	1.0000 0.0000 0.0000 0.0000	</row2>
					<row3>	-0.7739 0.4062 -2.0939 1.0000	</row3>
				</transform>
			</node>
			<node>
				<identifier>	MP_GM536_Life_Boat_3_INDEX_6	</identifier>
				<transform>
					<row0>	0.0000 0.0000 -1.0000 0.0000	</row0>
					<row1>	0.0000 1.0000 0.0000 0.0000	</row1>
					<row2>	1.0000 0.0000 0.0000 0.0000	</row2>
					<row3>	-0.7739 0.4062 -2.2026 1.0000	</row3>
				</transform>
			</node>
			<node>
				<identifier>	MP_GM536_Life_Boat_3_INDEX_7	</identifier>
				<transform>
					<row0>	0.0000 0.0000 1.0000 0.0000	</row0>
					<row1>	0.0000 1.0000 0.0000 0.0000	</row1>
					<row2>	-1.0000 0.0000 0.0000 0.0000	</row2>
					<row3>	0.7739 0.4062 -2.3109 1.0000	</row3>
				</transform>
			</node>
			<node>
				<identifier>	MP_GM536_Life_Boat_3_INDEX_8	</identifier>
				<transform>
					<row0>	0.0000 0.0000 1.0000 0.0000	</row0>
					<row1>	0.0000 1.0000 0.0000 0.0000	</row1>
					<row2>	-1.0000 0.0000 0.0000 0.0000	</row2>
					<row3>	0.7739 0.4062 -2.4186 1.0000	</row3>
				</transform>
			</node>
			<node>
				<identifier>	MP_GM536_Life_Boat_3_INDEX_9	</identifier>
				<transform>
					<row0>	0.0000 0.0000 -1.0000 0.0000	</row0>
					<row1>	0.0000 1.0000 0.0000 0.0000	</row1>
					<row2>	1.0000 0.0000 0.0000 0.0000	</row2>
					<row3>	-0.7739 0.4062 -1.9852 1.0000	</row3>
				</transform>
			</node>
			<node>
				<identifier>	MP_GM602_Switch_Box_3	</identifier>
				<transform>
					<row0>	0.0000 0.0000 1.0000 0.0000	</row0>
					<row1>	-0.0687 0.9976 0.0000 0.0000	</row1>
					<row2>	-0.9976 -0.0687 0.0000 0.0000	</row2>
					<row3>	-0.9915 0.8330 -2.5175 1.0000	</row3>
				</transform>
			</node>
			<node>
				<identifier>	MP_GM602_Switch_Box_3_INDEX_1	</identifier>
				<transform>
					<row0>	0.0000 0.0000 1.0000 0.0000	</row0>
					<row1>	-0.1167 0.9932 0.0000 0.0000	</row1>
					<row2>	-0.9932 -0.1167 0.0000 0.0000	</row2>
					<row3>	-0.9666 0.7970 -4.0392 1.0000	</row3>
				</transform>
			</node>
			<node>
				<identifier>	MP_GM602_Switch_Box_3_INDEX_2	</identifier>
				<transform>
					<row0>	-0.0249 0.0000 -0.9997 0.0000	</row0>
					<row1>	0.0000 1.0000 0.0000 0.0000	</row1>
					<row2>	0.9997 0.0000 -0.0249 0.0000	</row2>
					<row3>	0.9207 0.8418 -2.5177 1.0000	</row3>
				</transform>
			</node>
			<node>
				<identifier>	MP_GM602_Switch_Box_3_INDEX_3	</identifier>
				<transform>
					<row0>	0.0000 0.0000 -1.0000 0.0000	</row0>
					<row1>	0.0000 1.0000 0.0000 0.0000	</row1>
					<row2>	1.0000 0.0000 0.0000 0.0000	</row2>
					<row3>	0.8920 0.8863 -3.8101 1.0000	</row3>
				</transform>
			</node>
			<node>
				<identifier>	MP_GM604_Switch_Box_5	</identifier>
				<transform>
					<row0>	-0.0249 0.0000 -0.9997 0.0000	</row0>
					<row1>	0.0000 1.0000 0.0000 0.0000	</row1>
					<row2>	0.9997 0.0000 -0.0249 0.0000	</row2>
					<row3>	0.9214 0.8383 -2.4960 1.0000	</row3>
				</transform>
			</node>
			<node>
				<identifier>	MP_GM604_Switch_Box_5_INDEX_1	</identifier>
				<transform>
					<row0>	0.0000 0.0000 -1.0000 0.0000	</row0>
					<row1>	0.0000 1.0000 0.0000 0.0000	</row1>
					<row2>	1.0000 0.0000 0.0000 0.0000	</row2>
					<row3>	0.8920 0.8828 -3.7884 1.0000	</row3>
				</transform>
			</node>
			<node>
				<identifier>	MP_GM604_Switch_Box_5_INDEX_2	</identifier>
				<transform>
					<row0>	0.0000 0.0000 1.0000 0.0000	</row0>
					<row1>	-0.1201 0.9928 0.0000 0.0000	</row1>
					<row2>	-0.9928 -0.1201 0.0000 0.0000	</row2>
					<row3>	-0.9885 0.8139 -2.5185 1.0000	</row3>
				</transform>
			</node>
			<node>
				<identifier>	MP_GM604_Switch_Box_5_INDEX_3	</identifier>
				<transform>
					<row0>	0.0000 0.0000 1.0000 0.0000	</row0>
					<row1>	-0.1610 0.9869 0.0000 0.0000	</row1>
					<row2>	-0.9869 -0.1610 0.0000 0.0000	</row2>
					<row3>	-0.9665 0.7973 -4.0627 1.0000	</row3>
				</transform>
			</node>
			<node>
				<identifier>	MP_GM700_AmmoBox	</identifier>
				<transform>
					<row0>	0.0000 0.0000 -1.0000 0.0000	</row0>
					<row1>	0.0000 1.0000 0.0000 0.0000	</row1>
					<row2>	0.8000 0.0000 0.0000 0.0000	</row2>
					<row3>	-1.0137 0.8079 -2.1936 1.0000	</row3>
				</transform>
			</node>
			<node>
				<identifier>	MP_GM700_AmmoBox_INDEX_1	</identifier>
				<transform>
					<row0>	0.0314 0.0000 0.9995 0.0000	</row0>
					<row1>	0.0000 1.0000 0.0000 0.0000	</row1>
					<row2>	-0.8052 0.0000 0.0253 0.0000	</row2>
					<row3>	0.9296 0.8079 -2.8339 1.0000	</row3>
				</transform>
			</node>
			<node>
				<identifier>	MP_GM700_AmmoBox_INDEX_2	</identifier>
				<transform>
					<row0>	0.0000 0.0000 -1.0000 0.0000	</row0>
					<row1>	0.0000 1.0000 0.0000 0.0000	</row1>
					<row2>	0.8000 0.0000 0.0000 0.0000	</row2>
					<row3>	-0.9990 0.8079 -3.8176 1.0000	</row3>
				</transform>
			</node>
			<node>
				<identifier>	MP_GM700_AmmoBox_INDEX_3	</identifier>
				<transform>
					<row0>	0.0173 0.0000 -0.9998 0.0000	</row0>
					<row1>	0.0000 1.0000 0.0000 0.0000	</row1>
					<row2>	0.7999 0.0000 0.0139 0.0000	</row2>
					<row3>	-0.9918 0.8082 -4.4043 1.0000	</row3>
				</transform>
			</node>
			<node>
				<identifier>	MP_GM700_AmmoBox_INDEX_4	</identifier>
				<transform>
					<row0>	-0.0112 0.0000 -0.9999 0.0000	</row0>
					<row1>	0.0000 1.0000 0.0000 0.0000	</row1>
					<row2>	0.8055 0.0000 -0.0091 0.0000	</row2>
					<row3>	1.0166 0.8079 -2.3269 1.0000	</row3>
				</transform>
			</node>
			<node>
				<identifier>	MP_GM700_AmmoBox_INDEX_5	</identifier>
				<transform>
					<row0>	0.0000 0.0000 -1.0000 0.0000	</row0>
					<row1>	0.0000 1.0000 0.0000 0.0000	</row1>
					<row2>	0.8000 0.0000 0.0000 0.0000	</row2>
					<row3>	-1.0074 0.8079 -2.9074 1.0000	</row3>
				</transform>
			</node>
			<node>
				<identifier>	MP_GM702_AmmoBox	</identifier>
				<transform>
					<row0>	-0.0265 -0.0001 -0.9996 0.0000	</row0>
					<row1>	-0.0040 1.0000 0.0000 0.0000	</row1>
					<row2>	0.9996 0.0040 -0.0265 0.0000	</row2>
					<row3>	0.9086 0.8053 -3.7497 1.0000	</row3>
				</transform>
			</node>
			<node>
				<identifier>	MP_GM754_Hatch	</identifier>
				<transform>
					<row0>	-1.0000 0.0077 0.0041 0.0000	</row0>
					<row1>	0.0078 0.9997 0.0250 0.0000	</row1>
					<row2>	-0.0039 0.0250 -0.9997 0.0000	</row2>
					<row3>	0.9515 0.7394 -2.7205 1.0000	</row3>
				</transform>
			</node>
			<node>
				<identifier>	MP_GM754_Hatch_INDEX_1	</identifier>
				<transform>
					<row0>	-1.0000 0.0037 -0.0027 0.0000	</row0>
					<row1>	0.0037 1.0000 0.0015 0.0000	</row1>
					<row2>	0.0027 0.0015 -1.0000 0.0000	</row2>
					<row3>	-1.0054 0.7396 -2.7269 1.0000	</row3>
				</transform>
			</node>
			<node>
				<identifier>	MP_GM908_Crane_part1	</identifier>
				<transform>
					<row0>	-0.9603 0.0000 0.2789 0.0000	</row0>
					<row1>	0.0000 1.0000 0.0000 0.0000	</row1>
					<row2>	-0.2789 0.0000 -0.9603 0.0000	</row2>
					<row3>	1.0842 0.9318 -1.7690 1.0000	</row3>
				</transform>
			</node>
			<node>
				<identifier>	MP_GM910_Crane_part3	</identifier>
				<transform>
					<row0>	-0.9603 0.0000 0.2789 0.0000	</row0>
					<row1>	0.0343 0.9924 0.1182 0.0000	</row1>
					<row2>	-0.2767 0.1231 -0.9530 0.0000	</row2>
					<row3>	1.1237 1.1904 -1.6327 1.0000	</row3>
				</transform>
			</node>
			<node>
				<identifier>	MP_GM911_Crane_part2	</identifier>
				<transform>
					<row0>	-0.9603 0.0000 0.2789 0.0000	</row0>
					<row1>	-0.0368 0.9912 -0.1268 0.0000	</row1>
					<row2>	-0.2764 -0.1320 -0.9519 0.0000	</row2>
					<row3>	1.0595 1.0812 -1.8540 1.0000	</row3>
				</transform>
			</node>
			<node>
				<identifier>	SP_YMS011_YHWL_M_1_INDEX_10	</identifier>
				<transform>
					<row0>	0.9745 -0.2244 0.0048 0.0000	</row0>
					<row1>	0.2244 0.9745 -0.0045 0.0000	</row1>
					<row2>	-0.0036 0.0055 1.0000 0.0000	</row2>
					<row3>	-1.0204 0.0000 -0.9620 1.0000	</row3>
				</transform>
			</node>
			<node>
				<identifier>	SP_YMS011_YHWL_M_1_INDEX_12	</identifier>
				<transform>
					<row0>	0.9658 -0.2588 -0.0131 0.0000	</row0>
					<row1>	0.2588 0.9659 0.0000 0.0000	</row1>
					<row2>	0.0126 -0.0034 0.9999 0.0000	</row2>
					<row3>	-1.0181 0.0000 -0.1123 1.0000	</row3>
				</transform>
			</node>
			<node>
				<identifier>	SP_YMS011_YHWL_M_1_INDEX_15	</identifier>
				<transform>
					<row0>	0.9655 -0.2586 0.0320 0.0000	</row0>
					<row1>	0.2584 0.9660 0.0110 0.0000	</row1>
					<row2>	-0.0337 -0.0024 0.9994 0.0000	</row2>
					<row3>	-1.0062 0.0000 -1.8082 1.0000	</row3>
				</transform>
			</node>
			<node>
				<identifier>	SP_YMS011_YHWL_M_1_INDEX_3	</identifier>
				<transform>
					<row0>	0.9983 0.0004 0.0579 0.0000	</row0>
					<row1>	-0.0004 1.0000 0.0000 0.0000	</row1>
					<row2>	-0.0579 0.0000 0.9983 0.0000	</row2>
					<row3>	-0.9123 0.0000 -3.4885 1.0000	</row3>
				</transform>
			</node>
			<node>
				<identifier>	SP_YMS011_YHWL_M_1_INDEX_4	</identifier>
				<transform>
					<row0>	0.9957 -0.0824 0.0426 0.0000	</row0>
					<row1>	0.0822 0.9966 0.0055 0.0000	</row1>
					<row2>	-0.0429 -0.0020 0.9991 0.0000	</row2>
					<row3>	-0.9583 0.0000 -2.6449 1.0000	</row3>
				</transform>
			</node>
			<node>
				<identifier>	SP_YMS011_YHWL_M_1_INDEX_7	</identifier>
				<transform>
					<row0>	0.9973 0.0004 0.0739 0.0000	</row0>
					<row1>	-0.0004 1.0000 0.0000 0.0000	</row1>
					<row2>	-0.0739 0.0000 0.9973 0.0000	</row2>
					<row3>	-0.8490 0.0000 -4.3320 1.0000	</row3>
				</transform>
			</node>
			<node>
				<identifier>	SP_YMS012_YHWR_M_1	</identifier>
				<transform>
					<row0>	0.9973 -0.0004 -0.0739 0.0000	</row0>
					<row1>	0.0004 1.0000 0.0000 0.0000	</row1>
					<row2>	0.0739 0.0000 0.9973 0.0000	</row2>
					<row3>	0.8490 0.0000 -4.3320 1.0000	</row3>
				</transform>
			</node>
			<node>
				<identifier>	SP_YMS012_YHWR_M_1_INDEX_2	</identifier>
				<transform>
					<row0>	0.9658 0.2588 0.0131 0.0000	</row0>
					<row1>	-0.2588 0.9659 0.0000 0.0000	</row1>
					<row2>	-0.0126 -0.0034 0.9999 0.0000	</row2>
					<row3>	1.0181 0.0000 -0.1123 1.0000	</row3>
				</transform>
			</node>
			<node>
				<identifier>	SP_YMS012_YHWR_M_1_INDEX_3	</identifier>
				<transform>
					<row0>	0.9745 0.2244 -0.0048 0.0000	</row0>
					<row1>	-0.2244 0.9745 -0.0045 0.0000	</row1>
					<row2>	0.0036 0.0055 1.0000 0.0000	</row2>
					<row3>	1.0204 0.0000 -0.9620 1.0000	</row3>
				</transform>
			</node>
			<node>
				<identifier>	SP_YMS012_YHWR_M_1_INDEX_7	</identifier>
				<transform>
					<row0>	0.9957 0.0824 -0.0426 0.0000	</row0>
					<row1>	-0.0822 0.9966 0.0055 0.0000	</row1>
					<row2>	0.0429 -0.0020 0.9991 0.0000	</row2>
					<row3>	0.9583 0.0000 -2.6449 1.0000	</row3>
				</transform>
			</node>
			<node>
				<identifier>	SP_YMS012_YHWR_M_1_INDEX_8	</identifier>
				<transform>
					<row0>	0.9655 0.2586 -0.0320 0.0000	</row0>
					<row1>	-0.2584 0.9660 0.0110 0.0000	</row1>
					<row2>	0.0337 -0.0024 0.9994 0.0000	</row2>
					<row3>	1.0144 0.0000 -1.8082 1.0000	</row3>
				</transform>
			</node>
			<node>
				<identifier>	SP_YMS012_YHWR_M_1_INDEX_9	</identifier>
				<transform>
					<row0>	0.9983 -0.0004 -0.0579 0.0000	</row0>
					<row1>	0.0004 1.0000 0.0000 0.0000	</row1>
					<row2>	0.0579 0.0000 0.9983 0.0000	</row2>
					<row3>	0.9123 0.0000 -3.4885 1.0000	</row3>
				</transform>
			</node>
			<node>
				<identifier>	SP_YMS021_YHUC_S_1_INDEX_3	</identifier>
				<transform>
					<row0>	-0.0498 -1.4526 0.0094 0.0000	</row0>
					<row1>	1.4521 -0.0496 0.0399 0.0000	</row1>
					<row2>	-0.0395 0.0108 1.4529 0.0000	</row2>
					<row3>	1.0735 -0.1783 -0.2028 1.0000	</row3>
				</transform>
			</node>
			<node>
				<identifier>	SP_YMS021_YHUC_S_1_INDEX_5	</identifier>
				<transform>
					<row0>	-0.0321 -1.4531 0.0099 0.0000	</row0>
					<row1>	1.4526 -0.0319 0.0398 0.0000	</row1>
					<row2>	-0.0395 0.0108 1.4529 0.0000	</row2>
					<row3>	1.0815 -0.1823 -0.7729 1.0000	</row3>
				</transform>
			</node>
			<node>
				<identifier>	SP_YMS022_YHUS_L_1	</identifier>
				<transform>
					<row0>	0.0183 -0.0131 -1.3948 0.0000	</row0>
					<row1>	-0.4254 1.3284 -0.0180 0.0000	</row1>
					<row2>	1.3284 0.4256 0.0135 0.0000	</row2>
					<row3>	-0.9072 -0.4532 -0.8987 1.0000	</row3>
				</transform>
			</node>
			<node>
				<identifier>	SP_YMS022_YHUS_L_1_INDEX_1	</identifier>
				<transform>
					<row0>	0.0674 -0.0127 -1.3933 0.0000	</row0>
					<row1>	-0.4902 1.3056 -0.0356 0.0000	</row1>
					<row2>	1.3043 0.4913 0.0586 0.0000	</row2>
					<row3>	-0.8618 -0.4511 -1.9037 1.0000	</row3>
				</transform>
			</node>
			<node>
				<identifier>	SP_YMS022_YHUS_L_1_INDEX_2	</identifier>
				<transform>
					<row0>	0.1217 0.0032 1.3897 0.0000	</row0>
					<row1>	0.4623 1.3155 -0.0436 0.0000	</row1>
					<row2>	-1.3105 0.4643 0.1137 0.0000	</row2>
					<row3>	0.8556 -0.4541 -1.9033 1.0000	</row3>
				</transform>
			</node>
			<node>
				<identifier>	SP_YMS041_YHCS_M_1_INDEX_1	</identifier>
				<transform>
					<row0>	-0.8910 0.0000 0.0000 0.0000	</row0>
					<row1>	0.0000 0.8910 0.0000 0.0000	</row1>
					<row2>	0.0000 0.0000 -0.8910 0.0000	</row2>
					<row3>	-0.8133 0.4733 -1.3124 1.0000	</row3>
				</transform>
			</node>
			<node>
				<identifier>	SP_YMS041_YHCS_M_1_INDEX_5	</identifier>
				<transform>
					<row0>	-0.8882 0.0000 0.0000 0.0000	</row0>
					<row1>	0.0000 0.8882 0.0000 0.0000	</row1>
					<row2>	0.0000 0.0000 -0.8882 0.0000	</row2>
					<row3>	-0.8133 0.4699 0.1605 1.0000	</row3>
				</transform>
			</node>
			<node>
				<identifier>	SP_YMS041_YHCS_M_1_INDEX_6	</identifier>
				<transform>
					<row0>	-0.8250 0.0000 0.0000 0.0000	</row0>
					<row1>	0.0000 0.8250 0.0000 0.0000	</row1>
					<row2>	0.0000 0.0000 -0.8250 0.0000	</row2>
					<row3>	0.8468 0.4641 -0.5612 1.0000	</row3>
				</transform>
			</node>
			<node>
				<identifier>	SP_YMS041_YHCS_M_1_INDEX_8	</identifier>
				<transform>
					<row0>	-0.8800 0.0000 0.0000 0.0000	</row0>
					<row1>	0.0000 0.8800 0.0000 0.0000	</row1>
					<row2>	0.0000 0.0000 -0.8800 0.0000	</row2>
					<row3>	0.8330 0.4741 -1.2996 1.0000	</row3>
				</transform>
			</node>
			<node>
				<identifier>	SP_YMS056_YHDF_M_1	</identifier>
				<transform>
					<row0>	0.6600 0.0000 0.0000 0.0000	</row0>
					<row1>	0.0000 1.0000 0.0000 0.0000	</row1>
					<row2>	0.0000 0.0000 2.5920 0.0000	</row2>
					<row3>	0.0153 0.9088 -0.1888 1.0000	</row3>
				</transform>
			</node>
			<node>
				<identifier>	SP_YMS057_YHDH_M_1_INDEX_1	</identifier>
				<transform>
					<row0>	0.9025 0.0000 0.0000 0.0000	</row0>
					<row1>	0.0000 0.9025 0.0000 0.0000	</row1>
					<row2>	0.0000 0.0000 0.9025 0.0000	</row2>
					<row3>	-0.0076 0.9088 -1.2626 1.0000	</row3>
				</transform>
			</node>
			<node>
				<identifier>	SP_YMS061_YHGH_S_1_INDEX_15	</identifier>
				<transform>
					<row0>	0.0000 0.0000 -1.0171 0.0000	</row0>
					<row1>	0.0000 1.0171 0.0000 0.0000	</row1>
					<row2>	1.0171 0.0000 0.0000 0.0000	</row2>
					<row3>	-1.1274 0.8325 -0.2463 1.0000	</row3>
				</transform>
			</node>
			<node>
				<identifier>	SP_YMS061_YHGH_S_1_INDEX_17	</identifier>
				<transform>
					<row0>	0.0000 0.0000 -1.0171 0.0000	</row0>
					<row1>	0.0000 1.0171 0.0000 0.0000	</row1>
					<row2>	1.0171 0.0000 0.0000 0.0000	</row2>
					<row3>	-1.1288 0.8108 -4.0471 1.0000	</row3>
				</transform>
			</node>
			<node>
				<identifier>	SP_YMS061_YHGH_S_1_INDEX_18	</identifier>
				<transform>
					<row0>	0.0000 0.0000 1.0171 0.0000	</row0>
					<row1>	0.0000 1.0171 0.0000 0.0000	</row1>
					<row2>	-1.0171 0.0000 0.0000 0.0000	</row2>
					<row3>	1.0672 0.8109 -4.0469 1.0000	</row3>
				</transform>
			</node>
			<node>
				<identifier>	SP_YMS061_YHGH_S_1_INDEX_6	</identifier>
				<transform>
					<row0>	0.0000 0.0000 -1.0171 0.0000	</row0>
