<GSS006_U4501_1945_MidFront_ports.visual>
	<node>
		<identifier>	Scene Root	</identifier>
		<transform>
			<row0>	1.0000 0.0000 0.0000 0.0000	</row0>
			<row1>	0.0000 1.0000 0.0000 0.0000	</row1>
			<row2>	0.0000 0.0000 1.0000 0.0000	</row2>
			<row3>	0.0000 0.0000 0.0000 1.0000	</row3>
		</transform>
		<node>
			<identifier>	MidFront_ports	</identifier>
			<transform>
				<row0>	1.0000 0.0000 0.0000 0.0000	</row0>
				<row1>	0.0000 1.0000 0.0000 0.0000	</row1>
				<row2>	0.0000 0.0000 1.0000 0.0000	</row2>
				<row3>	0.0000 0.0000 0.0000 1.0000	</row3>
			</transform>
			<node>
				<identifier>	HP_FX_Descent_3	</identifier>
				<transform>
					<row0>	-0.3153 0.9490 0.0000 0.0000	</row0>
					<row1>	-0.9490 -0.3153 0.0000 0.0000	</row1>
					<row2>	0.0000 0.0000 1.0000 0.0000	</row2>
					<row3>	-0.1386 -0.2985 0.2171 1.0000	</row3>
				</transform>
			</node>
			<node>
				<identifier>	HP_FX_Fire_1	</identifier>
				<transform>
					<row0>	1.0000 0.0000 0.0000 0.0000	</row0>
					<row1>	0.0000 1.0000 0.0000 0.0000	</row1>
					<row2>	0.0000 0.0000 1.0000 0.0000	</row2>
					<row3>	0.0000 0.2883 0.2165 1.0000	</row3>
				</transform>
			</node>
			<node>
				<identifier>	HP_FX_Flood_steam_1	</identifier>
				<transform>
					<row0>	1.0000 0.0000 0.0000 0.0000	</row0>
					<row1>	0.0000 1.0000 0.0000 0.0000	</row1>
					<row2>	0.0000 0.0000 1.0000 0.0000	</row2>
					<row3>	-0.0078 0.1120 0.7496 1.0000	</row3>
				</transform>
			</node>
			<node>
				<identifier>	HP_FX_RepairLight_left	</identifier>
				<transform>
					<row0>	0.2066 0.0000 0.9784 0.0000	</row0>
					<row1>	0.1543 0.9875 -0.0326 0.0000	</row1>
					<row2>	-0.9662 0.1577 0.2040 0.0000	</row2>
					<row3>	-0.0601 0.2857 0.2633 1.0000	</row3>
				</transform>
			</node>
			<node>
				<identifier>	HP_FX_Runoff_left_1	</identifier>
				<transform>
					<row0>	-0.7419 0.6691 0.0442 0.0000	</row0>
					<row1>	0.6692 0.7429 -0.0132 0.0000	</row1>
					<row2>	-0.0416 0.0199 -0.9989 0.0000	</row2>
					<row3>	-0.0613 0.1018 0.6429 1.0000	</row3>
				</transform>
			</node>
			<node>
				<identifier>	HP_FX_Runoff_right_1	</identifier>
				<transform>
					<row0>	0.7420 0.6691 0.0418 0.0000	</row0>
					<row1>	-0.6693 0.7429 -0.0109 0.0000	</row1>
					<row2>	-0.0384 -0.0199 0.9991 0.0000	</row2>
					<row3>	0.0610 0.1019 0.6427 1.0000	</row3>
				</transform>
			</node>
			<node>
				<identifier>	HP_FX_Runoff_up_left_1	</identifier>
				<transform>
					<row0>	-0.9993 0.0355 0.0109 0.0000	</row0>
					<row1>	0.0354 0.9993 -0.0135 0.0000	</row1>
					<row2>	-0.0114 -0.0131 -0.9998 0.0000	</row2>
					<row3>	-0.0650 0.1170 0.3188 1.0000	</row3>
				</transform>
			</node>
			<node>
				<identifier>	HP_FX_Runoff_up_left_2	</identifier>
				<transform>
					<row0>	-0.9995 -0.0011 0.0317 0.0000	</row0>
					<row1>	-0.0003 0.9997 0.0230 0.0000	</row1>
					<row2>	-0.0317 0.0230 -0.9992 0.0000	</row2>
					<row3>	-0.0256 0.1054 0.9665 1.0000	</row3>
				</transform>
			</node>
			<node>
				<identifier>	HP_FX_Runoff_up_right_1	</identifier>
				<transform>
					<row0>	0.9993 0.0355 0.0117 0.0000	</row0>
					<row1>	-0.0353 0.9993 -0.0135 0.0000	</row1>
					<row2>	-0.0122 0.0131 0.9998 0.0000	</row2>
					<row3>	0.0650 0.1169 0.3188 1.0000	</row3>
				</transform>
			</node>
			<node>
				<identifier>	HP_FX_Runoff_up_right_2	</identifier>
				<transform>
					<row0>	0.9995 -0.0010 0.0331 0.0000	</row0>
					<row1>	0.0003 0.9997 0.0230 0.0000	</row1>
					<row2>	-0.0331 -0.0230 0.9992 0.0000	</row2>
					<row3>	0.0260 0.1049 0.9665 1.0000	</row3>
				</transform>
			</node>
			<node>
				<identifier>	HP_FX_WakeTrace_periscope	</identifier>
				<transform>
					<row0>	1.0000 0.0000 0.0000 0.0000	</row0>
					<row1>	0.0000 1.0000 0.0000 0.0000	</row1>
					<row2>	0.0000 0.0000 1.0000 0.0000	</row2>
					<row3>	0.0000 0.4514 0.1665 1.0000	</row3>
				</transform>
			</node>
			<node>
				<identifier>	HP_FX_WakeTrace_tower	</identifier>
				<transform>
					<row0>	1.0000 0.0000 0.0000 0.0000	</row0>
					<row1>	0.0000 1.0000 0.0000 0.0000	</row1>
					<row2>	0.0000 0.0000 1.0000 0.0000	</row2>
					<row3>	-0.0016 0.1190 0.3761 1.0000	</row3>
				</transform>
			</node>
			<node>
				<identifier>	HP_Flagpole	</identifier>
				<transform>
					<row0>	0.5465 0.0000 0.0000 0.0000	</row0>
					<row1>	0.0000 0.5461 -0.0213 0.0000	</row1>
					<row2>	0.0000 0.0213 0.5461 0.0000	</row2>
					<row3>	0.0000 0.0451 -1.1865 1.0000	</row3>
				</transform>
			</node>
			<node>
				<identifier>	HP_Torp_Cap_10	</identifier>
				<transform>
					<row0>	0.9882 0.0000 -0.1531 0.0000	</row0>
					<row1>	0.0000 1.0000 0.0000 0.0000	</row1>
					<row2>	0.1531 0.0000 0.9882 0.0000	</row2>
					<row3>	0.1513 -0.1346 -0.0223 1.0000	</row3>
				</transform>
			</node>
			<node>
				<identifier>	HP_Torp_Cap_5	</identifier>
				<transform>
					<row0>	0.9882 0.0000 0.1531 0.0000	</row0>
					<row1>	0.0000 1.0000 0.0000 0.0000	</row1>
					<row2>	-0.1531 0.0000 0.9882 0.0000	</row2>
					<row3>	-0.1307 -0.0064 -0.0238 1.0000	</row3>
				</transform>
			</node>
			<node>
				<identifier>	HP_Torp_Cap_6	</identifier>
				<transform>
					<row0>	0.9882 0.0000 -0.1531 0.0000	</row0>
					<row1>	0.0000 1.0000 0.0000 0.0000	</row1>
					<row2>	0.1531 0.0000 0.9882 0.0000	</row2>
					<row3>	0.1307 -0.0064 -0.0203 1.0000	</row3>
				</transform>
			</node>
			<node>
				<identifier>	HP_Torp_Cap_7	</identifier>
				<transform>
					<row0>	0.9882 0.0000 0.1531 0.0000	</row0>
					<row1>	0.0000 1.0000 0.0000 0.0000	</row1>
					<row2>	-0.1531 0.0000 0.9882 0.0000	</row2>
					<row3>	-0.1510 -0.0698 -0.0221 1.0000	</row3>
				</transform>
			</node>
			<node>
				<identifier>	HP_Torp_Cap_8	</identifier>
				<transform>
					<row0>	0.9882 0.0000 -0.1531 0.0000	</row0>
					<row1>	0.0000 1.0000 0.0000 0.0000	</row1>
					<row2>	0.1531 0.0000 0.9882 0.0000	</row2>
					<row3>	0.1511 -0.0698 -0.0222 1.0000	</row3>
				</transform>
			</node>
			<node>
				<identifier>	HP_Torp_Cap_9	</identifier>
				<transform>
					<row0>	0.9882 0.0000 0.1531 0.0000	</row0>
					<row1>	0.0000 1.0000 0.0000 0.0000	</row1>
					<row2>	-0.1531 0.0000 0.9882 0.0000	</row2>
					<row3>	-0.1516 -0.1346 -0.0222 1.0000	</row3>
				</transform>
			</node>
			<node>
				<identifier>	HP_flag_1	</identifier>
				<transform>
					<row0>	0.9973 0.0729 0.0014 0.0000	</row0>
					<row1>	-0.0729 0.9966 0.0392 0.0000	</row1>
					<row2>	0.0014 -0.0392 0.9992 0.0000	</row2>
					<row3>	-0.0479 0.6541 0.1263 1.0000	</row3>
				</transform>
			</node>
			<node>
				<identifier>	HP_flag_2	</identifier>
				<transform>
					<row0>	0.9973 -0.0729 -0.0014 0.0000	</row0>
					<row1>	0.0729 0.9966 0.0392 0.0000	</row1>
					<row2>	-0.0014 -0.0392 0.9992 0.0000	</row2>
					<row3>	0.0478 0.6541 0.1263 1.0000	</row3>
				</transform>
			</node>
			<node>
				<identifier>	HP_flag_3	</identifier>
				<transform>
					<row0>	0.9990 0.0441 0.0009 0.0000	</row0>
					<row1>	-0.0441 0.9983 0.0392 0.0000	</row1>
					<row2>	0.0009 -0.0392 0.9992 0.0000	</row2>
					<row3>	-0.0243 0.6542 0.1256 1.0000	</row3>
				</transform>
			</node>
			<node>
				<identifier>	HP_flag_4	</identifier>
				<transform>
					<row0>	0.9990 -0.0441 -0.0009 0.0000	</row0>
					<row1>	0.0441 0.9983 0.0392 0.0000	</row1>
					<row2>	-0.0009 -0.0392 0.9992 0.0000	</row2>
					<row3>	0.0242 0.6542 0.1256 1.0000	</row3>
				</transform>
			</node>
			<node>
				<identifier>	HP_flag_courtesy	</identifier>
				<transform>
					<row0>	0.9951 -0.0985 -0.0019 0.0000	</row0>
					<row1>	0.0985 0.9944 0.0392 0.0000	</row1>
					<row2>	-0.0019 -0.0392 0.9992 0.0000	</row2>
					<row3>	0.0696 0.6542 0.1263 1.0000	</row3>
				</transform>
			</node>
			<node>
				<identifier>	HP_flag_house	</identifier>
				<transform>
					<row0>	0.9951 0.0985 0.0019 0.0000	</row0>
					<row1>	-0.0985 0.9944 0.0392 0.0000	</row1>
					<row2>	0.0019 -0.0392 0.9992 0.0000	</row2>
					<row3>	-0.0697 0.6542 0.1263 1.0000	</row3>
				</transform>
			</node>
			<node>
				<identifier>	HP_flag_nation	</identifier>
				<transform>
					<row0>	1.0000 0.0000 0.0000 0.0000	</row0>
					<row1>	0.0000 1.0000 0.0000 0.0000	</row1>
					<row2>	0.0000 0.0000 1.0000 0.0000	</row2>
					<row3>	0.0418 0.4436 0.0536 1.0000	</row3>
				</transform>
			</node>
			<node>
				<identifier>	HP_flag_rank	</identifier>
				<transform>
					<row0>	1.0000 0.0000 0.0000 0.0000	</row0>
					<row1>	0.0000 1.0000 0.0060 0.0000	</row1>
					<row2>	0.0000 -0.0060 1.0000 0.0000	</row2>
					<row3>	0.0000 0.7148 0.1304 1.0000	</row3>
				</transform>
			</node>
		</node>
	</node>
	<boundingBox>
		<min>	-0.0667 -0.0667 -0.0667	</min>
		<max>	0.0667 0.0667 0.0667	</max>
	</boundingBox>
</GSS006_U4501_1945_MidFront_ports.visual>
