<USC002_Hector_1945_Stern_ports.visual>
	<node>
		<identifier>	Scene Root	</identifier>
		<transform>
			<row0>	1.0000 0.0000 0.0000 0.0000	</row0>
			<row1>	0.0000 1.0000 0.0000 0.0000	</row1>
			<row2>	0.0000 0.0000 1.0000 0.0000	</row2>
			<row3>	0.0000 0.0000 0.0000 1.0000	</row3>
		</transform>
		<node>
			<identifier>	Stern_ports	</identifier>
			<transform>
				<row0>	1.0000 0.0000 0.0000 0.0000	</row0>
				<row1>	0.0000 1.0000 0.0000 0.0000	</row1>
				<row2>	0.0000 0.0000 1.0000 0.0000	</row2>
				<row3>	0.0000 0.0000 0.0000 1.0000	</row3>
			</transform>
			<node>
				<identifier>	HP_BGA_19	</identifier>
				<transform>
					<row0>	-1.0000 0.0000 0.0000 0.0000	</row0>
					<row1>	0.0000 1.0000 0.0000 0.0000	</row1>
					<row2>	0.0000 0.0000 -1.0000 0.0000	</row2>
					<row3>	-0.1041 0.3202 -5.5973 1.0000	</row3>
				</transform>
			</node>
			<node>
				<identifier>	HP_BGA_20	</identifier>
				<transform>
					<row0>	-1.0000 0.0000 0.0000 0.0000	</row0>
					<row1>	0.0000 1.0000 0.0000 0.0000	</row1>
					<row2>	0.0000 0.0000 -1.0000 0.0000	</row2>
					<row3>	0.1040 0.3202 -5.5973 1.0000	</row3>
				</transform>
			</node>
			<node>
				<identifier>	HP_BGB_1	</identifier>
				<transform>
					<row0>	0.0000 0.0000 1.0000 0.0000	</row0>
					<row1>	0.0000 1.0000 0.0000 0.0000	</row1>
					<row2>	-1.0000 0.0000 0.0000 0.0000	</row2>
					<row3>	-0.2991 0.2941 -4.9000 1.0000	</row3>
				</transform>
			</node>
			<node>
				<identifier>	HP_BGB_2	</identifier>
				<transform>
					<row0>	0.0000 0.0000 -1.0000 0.0000	</row0>
					<row1>	0.0000 1.0000 0.0000 0.0000	</row1>
					<row2>	1.0000 0.0000 0.0000 0.0000	</row2>
					<row3>	0.2991 0.2941 -4.9000 1.0000	</row3>
				</transform>
			</node>
			<node>
				<identifier>	HP_BGB_3	</identifier>
				<transform>
					<row0>	-0.4366 0.0359 -0.8989 0.0000	</row0>
					<row1>	0.0007 0.9992 0.0396 0.0000	</row1>
					<row2>	0.8997 0.0167 -0.4363 0.0000	</row2>
					<row3>	0.1395 0.3203 -5.8667 1.0000	</row3>
				</transform>
			</node>
			<node>
				<identifier>	HP_BGB_4	</identifier>
				<transform>
					<row0>	-0.4366 -0.0359 0.8989 0.0000	</row0>
					<row1>	-0.0007 0.9992 0.0396 0.0000	</row1>
					<row2>	-0.8997 0.0167 -0.4363 0.0000	</row2>
					<row3>	-0.1410 0.3203 -5.8674 1.0000	</row3>
				</transform>
			</node>
			<node>
				<identifier>	HP_BGM_7	</identifier>
				<transform>
					<row0>	-1.0000 0.0000 0.0000 0.0000	</row0>
					<row1>	0.0000 1.0000 0.0000 0.0000	</row1>
					<row2>	0.0000 0.0000 -1.0000 0.0000	</row2>
					<row3>	0.0000 0.3158 -4.4390 1.0000	</row3>
				</transform>
			</node>
			<node>
				<identifier>	HP_FX_Fire_4	</identifier>
				<transform>
					<row0>	1.0000 0.0000 0.0000 0.0000	</row0>
					<row1>	0.0000 1.0000 0.0000 0.0000	</row1>
					<row2>	0.0000 0.0000 1.0000 0.0000	</row2>
					<row3>	0.0000 0.3003 -5.1049 1.0000	</row3>
				</transform>
			</node>
			<node>
				<identifier>	HP_FX_Flood_water_left	</identifier>
				<transform>
					<row0>	-1.0000 0.0000 0.0000 0.0000	</row0>
					<row1>	0.0000 1.0000 0.0000 0.0000	</row1>
					<row2>	0.0000 0.0000 -1.0000 0.0000	</row2>
					<row3>	-0.3802 0.1088 -5.0108 1.0000	</row3>
				</transform>
			</node>
			<node>
				<identifier>	HP_FX_Flood_water_right	</identifier>
				<transform>
					<row0>	0.9893 0.0000 -0.1456 0.0000	</row0>
					<row1>	0.0000 1.0000 0.0000 0.0000	</row1>
					<row2>	0.1456 0.0000 0.9893 0.0000	</row2>
					<row3>	0.3804 0.1098 -5.0110 1.0000	</row3>
				</transform>
			</node>
			<node>
				<identifier>	HP_FX_RepairLight_left_2	</identifier>
				<transform>
					<row0>	-0.0712 0.0000 0.9975 0.0000	</row0>
					<row1>	0.0000 1.0000 0.0000 0.0000	</row1>
					<row2>	-0.9975 0.0000 -0.0712 0.0000	</row2>
					<row3>	-0.4917 0.2943 -4.2367 1.0000	</row3>
				</transform>
			</node>
			<node>
				<identifier>	HP_FX_WakeTraceBack	</identifier>
				<transform>
					<row0>	1.0000 0.0000 0.0000 0.0000	</row0>
					<row1>	0.0000 1.0000 0.0000 0.0000	</row1>
					<row2>	0.0000 0.0000 1.0000 0.0000	</row2>
					<row3>	0.0000 0.0000 -6.1813 1.0000	</row3>
				</transform>
			</node>
			<node>
				<identifier>	HP_FX_WakeTrace_screw_1	</identifier>
				<transform>
					<row0>	1.0000 0.0000 0.0000 0.0000	</row0>
					<row1>	0.0000 1.0000 0.0000 0.0000	</row1>
					<row2>	0.0000 0.0000 1.0000 0.0000	</row2>
					<row3>	-0.4412 -0.2701 -4.2771 1.0000	</row3>
				</transform>
			</node>
			<node>
				<identifier>	HP_FX_WakeTrace_screw_2	</identifier>
				<transform>
					<row0>	1.0000 0.0000 0.0000 0.0000	</row0>
					<row1>	0.0000 1.0000 0.0000 0.0000	</row1>
					<row2>	0.0000 0.0000 1.0000 0.0000	</row2>
					<row3>	-0.2188 -0.2890 -5.1931 1.0000	</row3>
				</transform>
			</node>
			<node>
				<identifier>	HP_FX_WakeTrace_screw_3	</identifier>
				<transform>
					<row0>	1.0000 0.0000 0.0000 0.0000	</row0>
					<row1>	0.0000 1.0000 0.0000 0.0000	</row1>
					<row2>	0.0000 0.0000 1.0000 0.0000	</row2>
					<row3>	0.2188 -0.2890 -5.1931 1.0000	</row3>
				</transform>
			</node>
			<node>
				<identifier>	HP_FX_WakeTrace_screw_4	</identifier>
				<transform>
					<row0>	1.0000 0.0000 0.0000 0.0000	</row0>
					<row1>	0.0000 1.0000 0.0000 0.0000	</row1>
					<row2>	0.0000 0.0000 1.0000 0.0000	</row2>
					<row3>	0.4412 -0.2701 -4.2771 1.0000	</row3>
				</transform>
			</node>
			<node>
				<identifier>	MP_BM009_Depth_Charge	</identifier>
				<transform>
					<row0>	-0.3669 0.0420 -0.9293 0.0000	</row0>
					<row1>	-0.9301 0.0000 0.3672 0.0000	</row1>
					<row2>	0.0154 0.9991 0.0391 0.0000	</row2>
					<row3>	0.1684 0.3223 -5.7616 1.0000	</row3>
				</transform>
			</node>
			<node>
				<identifier>	MP_BM009_Depth_Charge_INDEX_1	</identifier>
				<transform>
					<row0>	-0.3669 0.0420 -0.9293 0.0000	</row0>
					<row1>	-0.9301 0.0000 0.3672 0.0000	</row1>
					<row2>	0.0154 0.9991 0.0391 0.0000	</row2>
					<row3>	0.1806 0.3209 -5.7307 1.0000	</row3>
				</transform>
			</node>
			<node>
				<identifier>	MP_BM009_Depth_Charge_INDEX_2	</identifier>
				<transform>
					<row0>	-0.3669 -0.0420 0.9293 0.0000	</row0>
					<row1>	0.9301 0.0000 0.3672 0.0000	</row1>
					<row2>	-0.0154 0.9991 0.0391 0.0000	</row2>
					<row3>	-0.1806 0.3209 -5.7307 1.0000	</row3>
				</transform>
			</node>
			<node>
				<identifier>	MP_BM009_Depth_Charge_INDEX_3	</identifier>
				<transform>
					<row0>	-0.3669 -0.0420 0.9293 0.0000	</row0>
					<row1>	0.9301 0.0000 0.3672 0.0000	</row1>
					<row2>	-0.0154 0.9991 0.0391 0.0000	</row2>
					<row3>	-0.1926 0.3196 -5.7002 1.0000	</row3>
				</transform>
			</node>
			<node>
				<identifier>	MP_BM009_Depth_Charge_INDEX_4	</identifier>
				<transform>
					<row0>	-0.3669 -0.0420 0.9293 0.0000	</row0>
					<row1>	0.9301 0.0000 0.3672 0.0000	</row1>
					<row2>	-0.0154 0.9991 0.0391 0.0000	</row2>
					<row3>	-0.1684 0.3223 -5.7616 1.0000	</row3>
				</transform>
			</node>
			<node>
				<identifier>	MP_BM009_Depth_Charge_INDEX_5	</identifier>
				<transform>
					<row0>	-0.3669 0.0420 -0.9293 0.0000	</row0>
					<row1>	-0.9301 0.0000 0.3672 0.0000	</row1>
					<row2>	0.0154 0.9991 0.0391 0.0000	</row2>
					<row3>	0.1926 0.3196 -5.7002 1.0000	</row3>
				</transform>
			</node>
			<node>
				<identifier>	MP_BM018_Depth_Charge_Stowage	</identifier>
				<transform>
					<row0>	1.0000 0.0000 0.0000 0.0000	</row0>
					<row1>	0.0000 1.0000 0.0000 0.0000	</row1>
					<row2>	0.0000 0.0000 1.0000 0.0000	</row2>
					<row3>	-0.2503 0.2946 -4.9781 1.0000	</row3>
				</transform>
			</node>
			<node>
				<identifier>	MP_BM018_Depth_Charge_Stowage_INDEX_1	</identifier>
				<transform>
					<row0>	1.0000 0.0000 0.0000 0.0000	</row0>
					<row1>	0.0000 1.0000 0.0000 0.0000	</row1>
					<row2>	0.0000 0.0000 1.0000 0.0000	</row2>
					<row3>	-0.2503 0.2939 -4.9033 1.0000	</row3>
				</transform>
			</node>
			<node>
				<identifier>	MP_BM018_Depth_Charge_Stowage_INDEX_2	</identifier>
				<transform>
					<row0>	1.0000 0.0000 0.0000 0.0000	</row0>
					<row1>	0.0000 1.0000 0.0000 0.0000	</row1>
					<row2>	0.0000 0.0000 1.0000 0.0000	</row2>
					<row3>	0.2503 0.2946 -4.9781 1.0000	</row3>
				</transform>
			</node>
			<node>
				<identifier>	MP_BM018_Depth_Charge_Stowage_INDEX_3	</identifier>
				<transform>
					<row0>	1.0000 0.0000 0.0000 0.0000	</row0>
					<row1>	0.0000 1.0000 0.0000 0.0000	</row1>
					<row2>	0.0000 0.0000 1.0000 0.0000	</row2>
					<row3>	-0.2503 0.2946 -4.9402 1.0000	</row3>
				</transform>
			</node>
			<node>
				<identifier>	MP_BM018_Depth_Charge_Stowage_INDEX_4	</identifier>
				<transform>
					<row0>	1.0000 0.0000 0.0000 0.0000	</row0>
					<row1>	0.0000 1.0000 0.0000 0.0000	</row1>
					<row2>	0.0000 0.0000 1.0000 0.0000	</row2>
					<row3>	0.2503 0.2939 -4.9033 1.0000	</row3>
				</transform>
			</node>
			<node>
				<identifier>	MP_BM018_Depth_Charge_Stowage_INDEX_5	</identifier>
				<transform>
					<row0>	1.0000 0.0000 0.0000 0.0000	</row0>
					<row1>	0.0000 1.0000 0.0000 0.0000	</row1>
					<row2>	0.0000 0.0000 1.0000 0.0000	</row2>
					<row3>	0.2503 0.2946 -4.9402 1.0000	</row3>
				</transform>
			</node>
			<node>
				<identifier>	MP_BM026_Reels	</identifier>
				<transform>
					<row0>	0.0000 0.0153 -0.9999 0.0000	</row0>
					<row1>	0.0000 0.9999 0.0153 0.0000	</row1>
					<row2>	1.0000 0.0000 0.0000 0.0000	</row2>
					<row3>	0.2167 0.2898 -4.6481 1.0000	</row3>
				</transform>
			</node>
			<node>
				<identifier>	MP_BM026_Reels_INDEX_1	</identifier>
				<transform>
					<row0>	0.0000 -0.0153 0.9999 0.0000	</row0>
					<row1>	0.0000 0.9999 0.0153 0.0000	</row1>
					<row2>	-1.0000 0.0000 0.0000 0.0000	</row2>
					<row3>	-0.2167 0.2898 -4.6481 1.0000	</row3>
				</transform>
			</node>
			<node>
				<identifier>	MP_BM038_Helmets	</identifier>
				<transform>
					<row0>	-1.0000 0.0000 0.0000 0.0000	</row0>
					<row1>	0.0000 1.0000 0.0000 0.0000	</row1>
					<row2>	0.0000 0.0000 -1.0000 0.0000	</row2>
					<row3>	-0.1364 0.3695 -5.4090 1.0000	</row3>
				</transform>
			</node>
			<node>
				<identifier>	MP_BM038_Helmets_INDEX_1	</identifier>
				<transform>
					<row0>	-1.0000 0.0000 0.0000 0.0000	</row0>
					<row1>	0.0000 1.0000 0.0000 0.0000	</row1>
					<row2>	0.0000 0.0000 -1.0000 0.0000	</row2>
					<row3>	0.1364 0.3695 -5.4090 1.0000	</row3>
				</transform>
			</node>
			<node>
				<identifier>	MP_BM509_Liferaft_type_20_10ft	</identifier>
				<transform>
					<row0>	0.0000 0.0238 -0.9997 0.0000	</row0>
					<row1>	0.0000 0.9997 0.0238 0.0000	</row1>
					<row2>	1.0000 0.0000 0.0000 0.0000	</row2>
					<row3>	-0.1833 0.3029 -5.3379 1.0000	</row3>
				</transform>
			</node>
			<node>
				<identifier>	MP_BM509_Liferaft_type_20_10ft_INDEX_1	</identifier>
				<transform>
					<row0>	0.0000 -0.0238 0.9997 0.0000	</row0>
					<row1>	0.0000 0.9997 0.0238 0.0000	</row1>
					<row2>	-1.0000 0.0000 0.0000 0.0000	</row2>
					<row3>	0.1833 0.3029 -5.3379 1.0000	</row3>
				</transform>
			</node>
			<node>
				<identifier>	MP_BM509_Liferaft_type_20_10ft_INDEX_2	</identifier>
				<transform>
					<row0>	0.0000 -0.0207 0.9998 0.0000	</row0>
					<row1>	0.0000 0.9998 0.0207 0.0000	</row1>
					<row2>	-1.0000 0.0000 0.0000 0.0000	</row2>
					<row3>	0.1833 0.3001 -5.2164 1.0000	</row3>
				</transform>
			</node>
			<node>
				<identifier>	MP_BM509_Liferaft_type_20_10ft_INDEX_3	</identifier>
				<transform>
					<row0>	0.0000 0.0207 -0.9998 0.0000	</row0>
					<row1>	0.0000 0.9998 0.0207 0.0000	</row1>
					<row2>	1.0000 0.0000 0.0000 0.0000	</row2>
					<row3>	-0.1833 0.3001 -5.2164 1.0000	</row3>
				</transform>
			</node>
			<node>
				<identifier>	MP_BM705_Ammunition_Box	</identifier>
				<transform>
					<row0>	1.0000 0.0000 0.0000 0.0000	</row0>
					<row1>	0.0000 0.9996 0.0282 0.0000	</row1>
					<row2>	0.0000 -0.0282 0.9996 0.0000	</row2>
					<row3>	-0.0219 0.3057 -5.4567 1.0000	</row3>
				</transform>
			</node>
			<node>
				<identifier>	MP_BM705_Ammunition_Box_INDEX_1	</identifier>
				<transform>
					<row0>	1.0000 0.0000 0.0000 0.0000	</row0>
					<row1>	0.0000 0.9996 0.0282 0.0000	</row1>
					<row2>	0.0000 -0.0282 0.9996 0.0000	</row2>
					<row3>	0.0219 0.3057 -5.4567 1.0000	</row3>
				</transform>
			</node>
			<node>
				<identifier>	MP_BM705_Ammunition_Box_INDEX_2	</identifier>
				<transform>
					<row0>	1.0000 0.0000 0.0000 0.0000	</row0>
					<row1>	0.0000 0.9996 0.0282 0.0000	</row1>
					<row2>	0.0000 -0.0282 0.9996 0.0000	</row2>
					<row3>	0.1841 0.3057 -5.4567 1.0000	</row3>
				</transform>
			</node>
			<node>
				<identifier>	MP_BM705_Ammunition_Box_INDEX_3	</identifier>
				<transform>
					<row0>	1.0000 0.0000 0.0000 0.0000	</row0>
					<row1>	0.0000 0.9996 0.0282 0.0000	</row1>
					<row2>	0.0000 -0.0282 0.9996 0.0000	</row2>
					<row3>	-0.1841 0.3057 -5.4567 1.0000	</row3>
				</transform>
			</node>
			<node>
				<identifier>	MP_BM751_Deck_Hatch	</identifier>
				<transform>
					<row0>	0.0000 0.0000 -1.0000 0.0000	</row0>
					<row1>	0.0000 1.0000 0.0000 0.0000	</row1>
					<row2>	1.0000 0.0000 0.0000 0.0000	</row2>
					<row3>	0.1345 0.2675 -4.2592 1.0000	</row3>
				</transform>
			</node>
			<node>
				<identifier>	MP_BM751_Deck_Hatch_INDEX_1	</identifier>
				<transform>
					<row0>	0.0000 0.0000 1.0000 0.0000	</row0>
					<row1>	0.0000 1.0000 0.0000 0.0000	</row1>
					<row2>	-1.0000 0.0000 0.0000 0.0000	</row2>
					<row3>	-0.1359 0.2675 -4.2588 1.0000	</row3>
				</transform>
			</node>
			<node>
				<identifier>	MP_BM767_Deck_Hatch	</identifier>
				<transform>
					<row0>	1.0000 0.0000 0.0000 0.0000	</row0>
					<row1>	0.0000 0.9999 0.0171 0.0000	</row1>
					<row2>	0.0000 -0.0171 0.9999 0.0000	</row2>
					<row3>	-0.0774 0.2943 -4.9482 1.0000	</row3>
				</transform>
			</node>
			<node>
				<identifier>	MP_BM767_Deck_Hatch_INDEX_1	</identifier>
				<transform>
					<row0>	-1.0000 0.0000 0.0000 0.0000	</row0>
					<row1>	0.0000 1.0000 0.0093 0.0000	</row1>
					<row2>	0.0000 0.0093 -1.0000 0.0000	</row2>
					<row3>	0.2273 0.2865 -4.4619 1.0000	</row3>
				</transform>
			</node>
			<node>
				<identifier>	MP_BM767_Deck_Hatch_INDEX_2	</identifier>
				<transform>
					<row0>	-1.0000 0.0000 0.0000 0.0000	</row0>
					<row1>	0.0000 0.9999 0.0165 0.0000	</row1>
					<row2>	0.0000 0.0165 -0.9999 0.0000	</row2>
					<row3>	0.0791 0.2943 -4.9482 1.0000	</row3>
				</transform>
			</node>
			<node>
				<identifier>	MP_BM767_Deck_Hatch_INDEX_3	</identifier>
				<transform>
					<row0>	1.0000 0.0000 0.0000 0.0000	</row0>
					<row1>	0.0000 0.9992 0.0398 0.0000	</row1>
					<row2>	0.0000 -0.0398 0.9992 0.0000	</row2>
					<row3>	0.0000 0.3196 -5.8592 1.0000	</row3>
				</transform>
			</node>
			<node>
				<identifier>	MP_BM767_Deck_Hatch_INDEX_4	</identifier>
				<transform>
					<row0>	1.0000 0.0000 0.0000 0.0000	</row0>
					<row1>	0.0000 0.9999 0.0171 0.0000	</row1>
					<row2>	0.0000 -0.0171 0.9999 0.0000	</row2>
					<row3>	-0.2268 0.2865 -4.4616 1.0000	</row3>
				</transform>
			</node>
			<node>
				<identifier>	MP_BM857_Fog_Light	</identifier>
				<transform>
					<row0>	-1.0000 0.0000 0.0000 0.0000	</row0>
					<row1>	0.0000 1.0000 0.0000 0.0000	</row1>
					<row2>	0.0000 0.0000 -1.0000 0.0000	</row2>
					<row3>	0.0000 0.5289 -6.1467 1.0000	</row3>
				</transform>
			</node>
			<node>
				<identifier>	MP_BM872_Running_Lights_B	</identifier>
				<transform>
					<row0>	-1.0000 0.0000 0.0000 0.0000	</row0>
					<row1>	0.0000 1.0000 0.0000 0.0000	</row1>
					<row2>	0.0000 0.0000 -1.0000 0.0000	</row2>
					<row3>	0.0000 0.5561 -6.1573 1.0000	</row3>
				</transform>
			</node>
			<node>
				<identifier>	MP_BM872_Running_Lights_B_INDEX_1	</identifier>
				<transform>
					<row0>	-1.0000 0.0000 0.0000 0.0000	</row0>
					<row1>	0.0000 1.0000 0.0000 0.0000	</row1>
					<row2>	0.0000 0.0000 -1.0000 0.0000	</row2>
					<row3>	0.0000 0.3874 -6.1252 1.0000	</row3>
				</transform>
			</node>
			<node>
				<identifier>	MP_BM963_Anchor_Capstan_Stern	</identifier>
				<transform>
					<row0>	1.0000 0.0000 0.0000 0.0000	</row0>
					<row1>	0.0000 1.0000 0.0000 0.0000	</row1>
					<row2>	0.0000 0.0000 1.0000 0.0000	</row2>
					<row3>	0.0000 0.3114 -5.1451 1.0000	</row3>
				</transform>
			</node>
			<node>
				<identifier>	MP_BM967_Bollard	</identifier>
				<transform>
					<row0>	0.9937 0.0067 0.1117 0.0000	</row0>
					<row1>	-0.0085 0.9998 0.0156 0.0000	</row1>
					<row2>	-0.1116 -0.0164 0.9936 0.0000	</row2>
					<row3>	-0.4333 0.2868 -4.3591 1.0000	</row3>
				</transform>
			</node>
			<node>
				<identifier>	MP_BM967_Bollard_INDEX_1	</identifier>
				<transform>
					<row0>	0.9882 0.0107 -0.1529 0.0000	</row0>
					<row1>	-0.0073 0.9997 0.0224 0.0000	</row1>
					<row2>	0.1531 -0.0210 0.9880 0.0000	</row2>
					<row3>	0.3459 0.2998 -5.2048 1.0000	</row3>
				</transform>
			</node>
			<node>
				<identifier>	MP_BM967_Bollard_INDEX_2	</identifier>
				<transform>
					<row0>	0.9882 -0.0107 0.1529 0.0000	</row0>
					<row1>	0.0073 0.9997 0.0224 0.0000	</row1>
					<row2>	-0.1531 -0.0210 0.9880 0.0000	</row2>
					<row3>	-0.3459 0.2998 -5.2048 1.0000	</row3>
				</transform>
			</node>
			<node>
				<identifier>	MP_BM967_Bollard_INDEX_3	</identifier>
				<transform>
					<row0>	0.9937 -0.0067 -0.1117 0.0000	</row0>
					<row1>	0.0085 0.9998 0.0156 0.0000	</row1>
					<row2>	0.1116 -0.0164 0.9936 0.0000	</row2>
					<row3>	0.4333 0.2868 -4.3591 1.0000	</row3>
				</transform>
			</node>
			<node>
				<identifier>	MP_CM011_Fire_Fighting_Gear	</identifier>
				<transform>
					<row0>	-1.0000 0.0000 0.0000 0.0000	</row0>
					<row1>	0.0000 1.0000 0.0000 0.0000	</row1>
					<row2>	0.0000 0.0000 -1.0000 0.0000	</row2>
					<row3>	-0.0433 0.3054 -5.3979 1.0000	</row3>
				</transform>
			</node>
			<node>
				<identifier>	MP_CM011_Fire_Fighting_Gear_INDEX_1	</identifier>
				<transform>
					<row0>	-1.0000 0.0000 0.0000 0.0000	</row0>
					<row1>	0.0000 1.0000 0.0000 0.0000	</row1>
					<row2>	0.0000 0.0000 -1.0000 0.0000	</row2>
					<row3>	0.0433 0.3054 -5.3979 1.0000	</row3>
				</transform>
			</node>
			<node>
				<identifier>	MP_CM012_Fire_Hose_Rack_1	</identifier>
				<transform>
					<row0>	0.0000 0.0000 -1.0000 0.0000	</row0>
					<row1>	0.0000 1.0000 0.0000 0.0000	</row1>
					<row2>	1.0000 0.0000 0.0000 0.0000	</row2>
					<row3>	-0.0305 0.3818 -5.4078 1.0000	</row3>
				</transform>
			</node>
			<node>
				<identifier>	MP_CM012_Fire_Hose_Rack_1_INDEX_1	</identifier>
				<transform>
					<row0>	0.0000 0.0000 -1.0000 0.0000	</row0>
					<row1>	0.0000 1.0000 0.0000 0.0000	</row1>
					<row2>	1.0000 0.0000 0.0000 0.0000	</row2>
					<row3>	0.0291 0.3818 -5.4078 1.0000	</row3>
				</transform>
			</node>
			<node>
				<identifier>	MP_CM029_Emergency_Box	</identifier>
				<transform>
					<row0>	0.9999 0.0000 -0.0105 0.0000	</row0>
					<row1>	0.0000 1.0000 0.0000 0.0000	</row1>
					<row2>	0.0105 0.0000 0.9999 0.0000	</row2>
					<row3>	0.0741 0.3883 -5.4149 1.0000	</row3>
				</transform>
			</node>
			<node>
				<identifier>	MP_CM029_Emergency_Box_INDEX_1	</identifier>
				<transform>
					<row0>	1.0000 0.0000 -0.0064 0.0000	</row0>
					<row1>	0.0000 1.0000 0.0000 0.0000	</row1>
					<row2>	0.0064 0.0000 1.0000 0.0000	</row2>
					<row3>	-0.0685 0.3883 -5.4149 1.0000	</row3>
				</transform>
			</node>
			<node>
				<identifier>	MP_CM104_Life_Buoy	</identifier>
				<transform>
					<row0>	0.1439 0.0000 0.9896 0.0000	</row0>
					<row1>	0.0000 1.0000 0.0000 0.0000	</row1>
					<row2>	-0.9896 0.0000 0.1439 0.0000	</row2>
					<row3>	0.3927 0.3561 -5.0199 1.0000	</row3>
				</transform>
			</node>
			<node>
				<identifier>	MP_CM104_Life_Buoy_INDEX_1	</identifier>
				<transform>
					<row0>	0.1439 0.0000 -0.9896 0.0000	</row0>
					<row1>	0.0000 1.0000 0.0000 0.0000	</row1>
					<row2>	0.9896 0.0000 0.1439 0.0000	</row2>
					<row3>	-0.3927 0.3561 -5.0199 1.0000	</row3>
				</transform>
			</node>
			<node>
				<identifier>	MP_CM161_Propeller_4_8m_BB_R	</identifier>
				<transform>
					<row0>	0.9994 0.0007 0.0354 0.0000	</row0>
					<row1>	0.0007 0.9992 -0.0402 0.0000	</row1>
					<row2>	-0.0354 0.0402 0.9986 0.0000	</row2>
					<row3>	0.4412 -0.2701 -4.2771 1.0000	</row3>
				</transform>
			</node>
			<node>
				<identifier>	MP_CM161_Propeller_4_8m_BB_R_INDEX_1	</identifier>
				<transform>
					<row0>	0.9993 -0.0383 0.0000 0.0000	</row0>
					<row1>	0.0383 0.9974 -0.0608 0.0000	</row1>
					<row2>	0.0024 0.0607 0.9982 0.0000	</row2>
					<row3>	0.2188 -0.2890 -5.1931 1.0000	</row3>
				</transform>
			</node>
			<node>
				<identifier>	MP_CM162_Propeller_4_8m_BB_L	</identifier>
				<transform>
					<row0>	0.9993 0.0383 0.0000 0.0000	</row0>
					<row1>	-0.0383 0.9974 -0.0608 0.0000	</row1>
					<row2>	-0.0023 0.0607 0.9982 0.0000	</row2>
					<row3>	-0.2188 -0.2890 -5.1931 1.0000	</row3>
				</transform>
			</node>
			<node>
				<identifier>	MP_CM162_Propeller_4_8m_BB_L_INDEX_1	</identifier>
				<transform>
					<row0>	0.9994 -0.0007 -0.0354 0.0000	</row0>
					<row1>	-0.0007 0.9992 -0.0402 0.0000	</row1>
					<row2>	0.0354 0.0402 0.9986 0.0000	</row2>
					<row3>	-0.4412 -0.2701 -4.2771 1.0000	</row3>
				</transform>
			</node>
			<node>
				<identifier>	MP_UM006_Name_Plate_Hector_1945	</identifier>
				<transform>
					<row0>	-0.1498 0.0000 0.9887 0.0000	</row0>
					<row1>	0.0000 1.0000 0.0000 0.0000	</row1>
					<row2>	-0.9887 0.0000 -0.1498 0.0000	</row2>
					<row3>	-0.3855 0.2724 -5.1058 1.0000	</row3>
				</transform>
			</node>
			<node>
				<identifier>	MP_UM006_Name_Plate_Hector_1945_INDEX_1	</identifier>
				<transform>
					<row0>	-0.1498 0.0000 -0.9887 0.0000	</row0>
					<row1>	0.0000 1.0000 0.0000 0.0000	</row1>
					<row2>	0.9887 0.0000 -0.1498 0.0000	</row2>
					<row3>	0.3855 0.2724 -5.1058 1.0000	</row3>
				</transform>
			</node>
			<node>
				<identifier>	SP_YMS011_YHWL_M_1_INDEX_5	</identifier>
				<transform>
					<row0>	0.8605 0.4756 0.1825 0.0000	</row0>
					<row1>	-0.4663 0.8797 -0.0937 0.0000	</row1>
					<row2>	-0.2051 -0.0045 0.9787 0.0000	</row2>
					<row3>	-0.2806 0.0021 -5.3316 1.0000	</row3>
				</transform>
			</node>
			<node>
				<identifier>	SP_YMS011_YHWL_M_1_INDEX_9	</identifier>
				<transform>
					<row0>	0.9218 0.3648 0.1313 0.0000	</row0>
					<row1>	-0.3614 0.9311 -0.0496 0.0000	</row1>
					<row2>	-0.1403 -0.0018 0.9901 0.0000	</row2>
					<row3>	-0.4253 -0.0027 -4.4914 1.0000	</row3>
				</transform>
			</node>
			<node>
				<identifier>	SP_YMS012_YHWR_M_1_INDEX_1	</identifier>
				<transform>
					<row0>	0.8605 -0.4756 -0.1825 0.0000	</row0>
					<row1>	0.4663 0.8797 -0.0937 0.0000	</row1>
					<row2>	0.2051 -0.0045 0.9787 0.0000	</row2>
					<row3>	0.2755 0.0072 -5.3305 1.0000	</row3>
				</transform>
			</node>
			<node>
				<identifier>	SP_YMS012_YHWR_M_1_INDEX_12	</identifier>
				<transform>
					<row0>	0.9218 -0.3648 -0.1313 0.0000	</row0>
					<row1>	0.3614 0.9311 -0.0496 0.0000	</row1>
					<row2>	0.1403 -0.0018 0.9901 0.0000	</row2>
					<row3>	0.4253 -0.0027 -4.4914 1.0000	</row3>
				</transform>
			</node>
			<node>
				<identifier>	SP_YMS030_YHAM_M_1	</identifier>
				<transform>
					<row0>	0.7253 0.0000 0.0000 0.0000	</row0>
					<row1>	0.0000 0.7253 0.0000 0.0000	</row1>
					<row2>	0.0000 0.0000 0.7253 0.0000	</row2>
					<row3>	0.0000 0.1795 -6.1706 1.0000	</row3>
				</transform>
			</node>
			<node>
				<identifier>	SP_YMS031_YHAL_M_1	</identifier>
				<transform>
					<row0>	0.8857 0.1339 0.1731 0.0000	</row0>
					<row1>	-0.1314 0.9025 -0.0257 0.0000	</row1>
					<row2>	-0.1750 0.0000 0.8954 0.0000	</row2>
					<row3>	-0.4152 0.1467 -5.1562 1.0000	</row3>
				</transform>
			</node>
			<node>
				<identifier>	SP_YMS032_YHAR_M_1	</identifier>
				<transform>
					<row0>	0.8857 -0.1339 -0.1731 0.0000	</row0>
					<row1>	0.1314 0.9025 -0.0257 0.0000	</row1>
					<row2>	0.1750 0.0000 0.8954 0.0000	</row2>
					<row3>	0.4152 0.1467 -5.1562 1.0000	</row3>
				</transform>
			</node>
			<node>
				<identifier>	SP_YMS053_YHDC_S_1_INDEX_2	</identifier>
				<transform>
					<row0>	1.0000 0.0000 0.0000 0.0000	</row0>
					<row1>	0.0000 1.0000 0.0000 0.0000	</row1>
					<row2>	0.0000 0.0000 1.0000 0.0000	</row2>
					<row3>	0.3091 0.2992 -4.2146 1.0000	</row3>
				</transform>
			</node>
			<node>
				<identifier>	SP_YMS053_YHDC_S_1_INDEX_7	</identifier>
				<transform>
					<row0>	1.0000 0.0000 0.0000 0.0000	</row0>
					<row1>	0.0000 1.0000 0.0000 0.0000	</row1>
					<row2>	0.0000 0.0000 1.0000 0.0000	</row2>
					<row3>	-0.3091 0.2992 -4.2146 1.0000	</row3>
				</transform>
			</node>
		</node>
	</node>
	<boundingBox>
		<min>	-0.0667 -0.0667 -0.0667	</min>
		<max>	0.0667 0.0667 0.0667	</max>
	</boundingBox>
</USC002_Hector_1945_Stern_ports.visual>
