<GSB029_Odin_1945_Bow_ports.visual>
	<node>
		<identifier>	Scene Root	</identifier>
		<transform>
			<row0>	1.0000 0.0000 0.0000 0.0000	</row0>
			<row1>	0.0000 1.0000 0.0000 0.0000	</row1>
			<row2>	0.0000 0.0000 1.0000 0.0000	</row2>
			<row3>	0.0000 0.0000 0.0000 1.0000	</row3>
		</transform>
		<node>
			<identifier>	Bow_ports	</identifier>
			<transform>
				<row0>	1.0000 0.0000 0.0000 0.0000	</row0>
				<row1>	0.0000 1.0000 0.0000 0.0000	</row1>
				<row2>	0.0000 0.0000 1.0000 0.0000	</row2>
				<row3>	0.0000 0.0000 0.0000 1.0000	</row3>
			</transform>
			<node>
				<identifier>	HP_FX_Death_1	</identifier>
				<transform>
					<row0>	1.0000 0.0000 0.0000 0.0000	</row0>
					<row1>	0.0000 1.0000 0.0000 0.0000	</row1>
					<row2>	0.0000 0.0000 1.0000 0.0000	</row2>
					<row3>	0.0000 0.0000 3.9770 1.0000	</row3>
				</transform>
			</node>
			<node>
				<identifier>	HP_FX_Fire_1	</identifier>
				<transform>
					<row0>	1.0000 0.0000 0.0000 0.0000	</row0>
					<row1>	0.0000 1.0000 0.0000 0.0000	</row1>
					<row2>	0.0000 0.0000 1.0000 0.0000	</row2>
					<row3>	0.0000 0.3227 5.3370 1.0000	</row3>
				</transform>
			</node>
			<node>
				<identifier>	HP_FX_RepairLight_left_1	</identifier>
				<transform>
					<row0>	0.1413 0.0000 0.9900 0.0000	</row0>
					<row1>	0.0000 1.0000 0.0000 0.0000	</row1>
					<row2>	-0.9900 0.0000 0.1413 0.0000	</row2>
					<row3>	-0.7115 0.3360 4.0212 1.0000	</row3>
				</transform>
			</node>
			<node>
				<identifier>	HP_FX_WakeTrace	</identifier>
				<transform>
					<row0>	1.0000 0.0000 0.0000 0.0000	</row0>
					<row1>	0.0000 1.0000 0.0000 0.0000	</row1>
					<row2>	0.0000 0.0000 1.0000 0.0000	</row2>
					<row3>	0.0000 0.0000 7.5257 1.0000	</row3>
				</transform>
			</node>
			<node>
				<identifier>	HP_GGA_1	</identifier>
				<transform>
					<row0>	1.0000 0.0000 0.0000 0.0000	</row0>
					<row1>	0.0000 1.0000 0.0000 0.0000	</row1>
					<row2>	0.0000 0.0000 1.0000 0.0000	</row2>
					<row3>	-0.3327 0.3426 5.3331 1.0000	</row3>
				</transform>
			</node>
			<node>
				<identifier>	HP_GGA_2	</identifier>
				<transform>
					<row0>	1.0000 0.0000 0.0000 0.0000	</row0>
					<row1>	0.0000 1.0000 0.0000 0.0000	</row1>
					<row2>	0.0000 0.0000 1.0000 0.0000	</row2>
					<row3>	0.3326 0.3426 5.3331 1.0000	</row3>
				</transform>
			</node>
			<node>
				<identifier>	HP_GGM_1	</identifier>
				<transform>
					<row0>	1.0000 0.0000 0.0000 0.0000	</row0>
					<row1>	0.0000 1.0000 0.0000 0.0000	</row1>
					<row2>	0.0000 0.0000 1.0000 0.0000	</row2>
					<row3>	0.0000 0.3810 4.0654 1.0000	</row3>
				</transform>
			</node>
			<node>
				<identifier>	HP_Ship_death_1	</identifier>
				<transform>
					<row0>	1.0000 0.0000 0.0000 0.0000	</row0>
					<row1>	0.0000 1.0000 0.0000 0.0000	</row1>
					<row2>	0.0000 0.0000 1.0000 0.0000	</row2>
					<row3>	0.0000 0.0000 3.4346 1.0000	</row3>
				</transform>
			</node>
			<node>
				<identifier>	MP_CM011_Fire_Fighting_Gear	</identifier>
				<transform>
					<row0>	0.0000 0.0000 1.0000 0.0000	</row0>
					<row1>	0.0000 1.0000 0.0000 0.0000	</row1>
					<row2>	-1.0000 0.0000 0.0000 0.0000	</row2>
					<row3>	-0.0829 0.4230 7.1954 1.0000	</row3>
				</transform>
			</node>
			<node>
				<identifier>	MP_CM011_Fire_Fighting_Gear_INDEX_1	</identifier>
				<transform>
					<row0>	0.4986 0.0000 0.8668 0.0000	</row0>
					<row1>	0.0000 1.0000 0.0000 0.0000	</row1>
					<row2>	-0.8668 0.0000 0.4986 0.0000	</row2>
					<row3>	0.3536 0.3362 3.8595 1.0000	</row3>
				</transform>
			</node>
			<node>
				<identifier>	MP_CM011_Fire_Fighting_Gear_INDEX_2	</identifier>
				<transform>
					<row0>	0.0000 0.0000 -1.0000 0.0000	</row0>
					<row1>	0.0000 1.0000 0.0000 0.0000	</row1>
					<row2>	1.0000 0.0000 0.0000 0.0000	</row2>
					<row3>	0.0829 0.4230 7.1954 1.0000	</row3>
				</transform>
			</node>
			<node>
				<identifier>	MP_CM011_Fire_Fighting_Gear_INDEX_3	</identifier>
				<transform>
					<row0>	1.0000 0.0000 0.0000 0.0000	</row0>
					<row1>	0.0000 1.0000 0.0000 0.0000	</row1>
					<row2>	0.0000 0.0000 1.0000 0.0000	</row2>
					<row3>	0.0238 0.3425 5.3011 1.0000	</row3>
				</transform>
			</node>
			<node>
				<identifier>	MP_CM011_Fire_Fighting_Gear_INDEX_4	</identifier>
				<transform>
					<row0>	0.4986 0.0000 -0.8668 0.0000	</row0>
					<row1>	0.0000 1.0000 0.0000 0.0000	</row1>
					<row2>	0.8668 0.0000 0.4986 0.0000	</row2>
					<row3>	-0.3536 0.3362 3.8595 1.0000	</row3>
				</transform>
			</node>
			<node>
				<identifier>	MP_CM097_Stairway	</identifier>
				<transform>
					<row0>	0.9952 0.0000 0.0974 0.0000	</row0>
					<row1>	0.0000 1.0000 0.0000 0.0000	</row1>
					<row2>	-0.0974 0.0000 0.9952 0.0000	</row2>
					<row3>	0.7203 0.3347 3.5147 1.0000	</row3>
				</transform>
			</node>
			<node>
				<identifier>	MP_CM097_Stairway_INDEX_1	</identifier>
				<transform>
					<row0>	0.9952 0.0000 -0.0974 0.0000	</row0>
					<row1>	0.0000 1.0000 0.0000 0.0000	</row1>
					<row2>	0.0974 0.0000 0.9952 0.0000	</row2>
					<row3>	-0.7203 0.3347 3.5147 1.0000	</row3>
				</transform>
			</node>
			<node>
				<identifier>	MP_CM109_Leadsman_Platform	</identifier>
				<transform>
					<row0>	0.9805 0.0398 0.1926 0.0000	</row0>
					<row1>	-0.0266 0.9972 -0.0705 0.0000	</row1>
					<row2>	-0.1948 0.0640 0.9787 0.0000	</row2>
					<row3>	0.1670 0.4271 7.2854 1.0000	</row3>
				</transform>
			</node>
			<node>
				<identifier>	MP_CM109_Leadsman_Platform_INDEX_1	</identifier>
				<transform>
					<row0>	-0.9804 0.0399 0.1927 0.0000	</row0>
					<row1>	0.0270 0.9972 -0.0691 0.0000	</row1>
					<row2>	-0.1949 -0.0626 -0.9788 0.0000	</row2>
					<row3>	-0.1670 0.4271 7.2854 1.0000	</row3>
				</transform>
			</node>
			<node>
				<identifier>	MP_GM003_Reels_1	</identifier>
				<transform>
					<row0>	1.7369 0.0000 0.0000 0.0000	</row0>
					<row1>	0.0000 1.7369 0.0000 0.0000	</row1>
					<row2>	0.0000 0.0000 1.7369 0.0000	</row2>
					<row3>	-0.1137 0.3318 5.1724 1.0000	</row3>
				</transform>
			</node>
			<node>
				<identifier>	MP_GM003_Reels_1_INDEX_1	</identifier>
				<transform>
					<row0>	1.7369 0.0000 0.0000 0.0000	</row0>
					<row1>	0.0000 1.7369 0.0000 0.0000	</row1>
					<row2>	0.0000 0.0000 1.7369 0.0000	</row2>
					<row3>	0.1138 0.3318 5.1724 1.0000	</row3>
				</transform>
			</node>
			<node>
				<identifier>	MP_GM016_Sleeve	</identifier>
				<transform>
					<row0>	-0.4661 0.0000 0.8847 0.0000	</row0>
					<row1>	0.0000 1.0000 0.0000 0.0000	</row1>
					<row2>	-0.8847 0.0000 -0.4661 0.0000	</row2>
					<row3>	-0.3546 0.3632 3.8847 1.0000	</row3>
				</transform>
			</node>
			<node>
				<identifier>	MP_GM016_Sleeve_INDEX_1	</identifier>
				<transform>
					<row0>	-0.8607 -0.0032 0.5091 0.0000	</row0>
					<row1>	0.1461 0.9564 0.2530 0.0000	</row1>
					<row2>	-0.4877 0.2921 -0.8227 0.0000	</row2>
					<row3>	0.0276 0.3836 5.3257 1.0000	</row3>
				</transform>
			</node>
			<node>
				<identifier>	MP_GM016_Sleeve_INDEX_2	</identifier>
				<transform>
					<row0>	-0.4661 0.0000 -0.8847 0.0000	</row0>
					<row1>	0.0000 1.0000 0.0000 0.0000	</row1>
					<row2>	0.8847 0.0000 -0.4661 0.0000	</row2>
					<row3>	0.3546 0.3632 3.8847 1.0000	</row3>
				</transform>
			</node>
			<node>
				<identifier>	MP_GM035_LifeBuoy_Mount	</identifier>
				<transform>
					<row0>	-0.9818 0.0000 -0.1898 0.0000	</row0>
					<row1>	0.0000 1.0000 0.0000 0.0000	</row1>
					<row2>	0.1898 0.0000 -0.9818 0.0000	</row2>
					<row3>	0.3690 0.4141 6.2326 1.0000	</row3>
				</transform>
			</node>
			<node>
				<identifier>	MP_GM035_LifeBuoy_Mount_INDEX_1	</identifier>
				<transform>
					<row0>	0.9818 0.0000 -0.1898 0.0000	</row0>
					<row1>	0.0000 1.0000 0.0000 0.0000	</row1>
					<row2>	0.1898 0.0000 0.9818 0.0000	</row2>
					<row3>	-0.3690 0.4141 6.2326 1.0000	</row3>
				</transform>
			</node>
			<node>
				<identifier>	MP_GM145_Odin_monogram	</identifier>
				<transform>
					<row0>	1.0000 0.0000 0.0000 0.0000	</row0>
					<row1>	0.0000 1.0000 0.0000 0.0000	</row1>
					<row2>	0.0000 0.0000 1.0000 0.0000	</row2>
					<row3>	0.0000 0.0000 0.0000 1.0000	</row3>
				</transform>
			</node>
			<node>
				<identifier>	MP_GM700_AmmoBox	</identifier>
				<transform>
					<row0>	-0.8481 0.0027 0.5299 0.0000	</row0>
					<row1>	-0.0024 1.0000 -0.0090 0.0000	</row1>
					<row2>	-0.5299 -0.0089 -0.8480 0.0000	</row2>
					<row3>	0.3270 0.3384 5.0731 1.0000	</row3>
				</transform>
			</node>
			<node>
				<identifier>	MP_GM700_AmmoBox_INDEX_1	</identifier>
				<transform>
					<row0>	-0.8481 -0.0027 -0.5299 0.0000	</row0>
					<row1>	0.0024 1.0000 -0.0090 0.0000	</row1>
					<row2>	0.5299 -0.0089 -0.8480 0.0000	</row2>
					<row3>	-0.3270 0.3384 5.0731 1.0000	</row3>
				</transform>
			</node>
			<node>
				<identifier>	MP_GM969_Anchor_up	</identifier>
				<transform>
					<row0>	0.7259 0.1346 0.0465 0.0000	</row0>
					<row1>	0.0458 0.0084 -0.7383 0.0000	</row1>
					<row2>	-0.1348 0.7273 0.0000 0.0000	</row2>
					<row3>	-0.2783 0.3849 6.5205 1.0000	</row3>
				</transform>
			</node>
			<node>
				<identifier>	MP_GM969_Anchor_up_INDEX_1	</identifier>
				<transform>
					<row0>	0.9813 -0.1819 -0.0629 0.0000	</row0>
					<row1>	-0.0619 0.0114 -0.9980 0.0000	</row1>
					<row2>	0.1823 0.9833 0.0000 0.0000	</row2>
					<row3>	0.1687 0.4111 7.0384 1.0000	</row3>
				</transform>
			</node>
			<node>
				<identifier>	MP_GM969_Anchor_up_INDEX_2	</identifier>
				<transform>
					<row0>	0.9813 0.1819 0.0629 0.0000	</row0>
					<row1>	0.0619 0.0114 -0.9980 0.0000	</row1>
					<row2>	-0.1823 0.9833 0.0000 0.0000	</row2>
					<row3>	-0.1687 0.4111 7.0384 1.0000	</row3>
				</transform>
			</node>
			<node>
				<identifier>	MP_GM970_Anchor_bottom	</identifier>
				<transform>
					<row0>	0.9813 -0.1819 -0.0629 0.0000	</row0>
					<row1>	-0.0365 0.1450 -0.9888 0.0000	</row1>
					<row2>	0.1890 0.9726 0.1357 0.0000	</row2>
					<row3>	0.1687 0.4111 7.0384 1.0000	</row3>
				</transform>
			</node>
			<node>
				<identifier>	MP_GM970_Anchor_bottom_INDEX_1	</identifier>
				<transform>
					<row0>	0.9813 0.1819 0.0629 0.0000	</row0>
					<row1>	0.0365 0.1450 -0.9888 0.0000	</row1>
					<row2>	-0.1890 0.9726 0.1357 0.0000	</row2>
					<row3>	-0.1687 0.4111 7.0384 1.0000	</row3>
				</transform>
			</node>
			<node>
				<identifier>	MP_GM970_Anchor_bottom_INDEX_2	</identifier>
				<transform>
					<row0>	0.7259 0.1346 0.0465 0.0000	</row0>
					<row1>	0.0270 0.1073 -0.7314 0.0000	</row1>
					<row2>	-0.1398 0.7194 0.1004 0.0000	</row2>
					<row3>	-0.2783 0.3849 6.5205 1.0000	</row3>
				</transform>
			</node>
			<node>
				<identifier>	SP_YMS001_YHBM_M_1	</identifier>
				<transform>
					<row0>	0.9500 0.0000 0.0000 0.0000	</row0>
					<row1>	0.0000 0.9500 0.0000 0.0000	</row1>
					<row2>	0.0000 0.0000 0.9500 0.0000	</row2>
					<row3>	0.0004 0.4804 7.7764 1.0000	</row3>
				</transform>
			</node>
			<node>
				<identifier>	SP_YMS002_YHBL_M_1	</identifier>
				<transform>
					<row0>	0.7000 0.0000 0.0000 0.0000	</row0>
					<row1>	0.0000 0.6979 -0.0542 0.0000	</row1>
					<row2>	0.0000 0.0542 0.6979 0.0000	</row2>
					<row3>	0.0004 0.4804 7.8231 1.0000	</row3>
				</transform>
			</node>
			<node>
				<identifier>	SP_YMS003_YHBR_M_1	</identifier>
				<transform>
					<row0>	0.7000 0.0000 0.0000 0.0000	</row0>
					<row1>	0.0000 0.6979 -0.0542 0.0000	</row1>
					<row2>	0.0000 0.0542 0.6979 0.0000	</row2>
					<row3>	-0.0004 0.4804 7.8231 1.0000	</row3>
				</transform>
			</node>
			<node>
				<identifier>	SP_YMS010_YHWM_L_1	</identifier>
				<transform>
					<row0>	0.8000 0.0000 0.0000 0.0000	</row0>
					<row1>	0.0000 0.8000 0.0000 0.0000	</row1>
					<row2>	0.0000 0.0000 0.8000 0.0000	</row2>
					<row3>	0.0000 0.0000 7.6295 1.0000	</row3>
				</transform>
			</node>
			<node>
				<identifier>	SP_YMS011_YHWL_M_1	</identifier>
				<transform>
					<row0>	0.6855 0.1078 -0.0919 0.0000	</row0>
					<row1>	-0.1072 0.6916 0.0119 0.0000	</row1>
					<row2>	0.0926 0.0024 0.6938 0.0000	</row2>
					<row3>	-0.7625 0.0000 3.5225 1.0000	</row3>
				</transform>
			</node>
			<node>
				<identifier>	SP_YMS011_YHWL_M_1_INDEX_1	</identifier>
				<transform>
					<row0>	0.6774 0.1080 -0.1394 0.0000	</row0>
					<row1>	-0.1060 0.6916 0.0208 0.0000	</row1>
					<row2>	0.1410 0.0010 0.6857 0.0000	</row2>
					<row3>	-0.4237 0.0000 5.2606 1.0000	</row3>
				</transform>
			</node>
			<node>
				<identifier>	SP_YMS011_YHWL_M_1_INDEX_2	</identifier>
				<transform>
					<row0>	0.6786 0.1080 -0.1333 0.0000	</row0>
					<row1>	-0.1060 0.6916 0.0208 0.0000	</row1>
					<row2>	0.1349 0.0000 0.6869 0.0000	</row2>
					<row3>	-0.1745 0.0000 6.4210 1.0000	</row3>
				</transform>
			</node>
			<node>
				<identifier>	SP_YMS011_YHWL_M_1_INDEX_3	</identifier>
				<transform>
					<row0>	0.6826 0.1080 -0.1111 0.0000	</row0>
					<row1>	-0.1060 0.6916 0.0208 0.0000	</row1>
					<row2>	0.1130 -0.0035 0.6908 0.0000	</row2>
					<row3>	-0.6714 0.0000 4.1101 1.0000	</row3>
				</transform>
			</node>
			<node>
				<identifier>	SP_YMS011_YHWL_M_1_INDEX_4	</identifier>
				<transform>
					<row0>	0.6756 0.1080 -0.1480 0.0000	</row0>
					<row1>	-0.1060 0.6916 0.0208 0.0000	</row1>
					<row2>	0.1495 0.0023 0.6839 0.0000	</row2>
					<row3>	-0.2950 0.0000 5.8396 1.0000	</row3>
				</transform>
			</node>
			<node>
				<identifier>	SP_YMS011_YHWL_M_1_INDEX_5	</identifier>
				<transform>
					<row0>	0.6774 0.1080 -0.1394 0.0000	</row0>
					<row1>	-0.1060 0.6916 0.0208 0.0000	</row1>
					<row2>	0.1410 0.0010 0.6857 0.0000	</row2>
					<row3>	-0.5434 0.0000 4.6781 1.0000	</row3>
				</transform>
			</node>
			<node>
				<identifier>	SP_YMS012_YHWR_M_1	</identifier>
				<transform>
					<row0>	0.6855 -0.1078 0.0919 0.0000	</row0>
					<row1>	0.1072 0.6916 0.0119 0.0000	</row1>
					<row2>	-0.0926 0.0024 0.6938 0.0000	</row2>
					<row3>	0.7625 0.0000 3.5225 1.0000	</row3>
				</transform>
			</node>
			<node>
				<identifier>	SP_YMS012_YHWR_M_1_INDEX_1	</identifier>
				<transform>
					<row0>	0.6786 -0.1080 0.1333 0.0000	</row0>
					<row1>	0.1060 0.6916 0.0208 0.0000	</row1>
					<row2>	-0.1349 0.0000 0.6869 0.0000	</row2>
					<row3>	0.1745 0.0000 6.4210 1.0000	</row3>
				</transform>
			</node>
			<node>
				<identifier>	SP_YMS012_YHWR_M_1_INDEX_2	</identifier>
				<transform>
					<row0>	0.6774 -0.1080 0.1394 0.0000	</row0>
					<row1>	0.1060 0.6916 0.0208 0.0000	</row1>
					<row2>	-0.1410 0.0010 0.6857 0.0000	</row2>
					<row3>	0.4237 0.0000 5.2606 1.0000	</row3>
				</transform>
			</node>
			<node>
				<identifier>	SP_YMS012_YHWR_M_1_INDEX_3	</identifier>
				<transform>
					<row0>	0.6826 -0.1080 0.1111 0.0000	</row0>
					<row1>	0.1060 0.6916 0.0208 0.0000	</row1>
					<row2>	-0.1130 -0.0035 0.6908 0.0000	</row2>
					<row3>	0.6714 0.0000 4.1101 1.0000	</row3>
				</transform>
			</node>
			<node>
				<identifier>	SP_YMS012_YHWR_M_1_INDEX_4	</identifier>
				<transform>
					<row0>	0.6756 -0.1080 0.1480 0.0000	</row0>
					<row1>	0.1060 0.6916 0.0208 0.0000	</row1>
					<row2>	-0.1495 0.0023 0.6839 0.0000	</row2>
					<row3>	0.2950 0.0000 5.8396 1.0000	</row3>
				</transform>
			</node>
			<node>
				<identifier>	SP_YMS012_YHWR_M_1_INDEX_5	</identifier>
				<transform>
					<row0>	0.6774 -0.1080 0.1394 0.0000	</row0>
					<row1>	0.1060 0.6916 0.0208 0.0000	</row1>
					<row2>	-0.1410 0.0010 0.6857 0.0000	</row2>
					<row3>	0.5434 0.0000 4.6781 1.0000	</row3>
				</transform>
			</node>
			<node>
				<identifier>	SP_YMS020_YHBU_M_1	</identifier>
				<transform>
					<row0>	1.1741 0.0000 0.0000 0.0000	</row0>
					<row1>	0.0000 1.1741 0.0000 0.0000	</row1>
					<row2>	0.0000 0.0000 1.1741 0.0000	</row2>
					<row3>	0.0000 -0.1375 7.4299 1.0000	</row3>
				</transform>
			</node>
			<node>
				<identifier>	SP_YMS022_YHUS_L_1	</identifier>
				<transform>
					<row0>	-0.3044 -0.0122 -1.4215 0.0000	</row0>
					<row1>	-0.5620 1.3364 0.1089 0.0000	</row1>
					<row2>	1.3058 0.5723 -0.2845 0.0000	</row2>
					<row3>	-0.4143 -0.4649 4.3178 1.0000	</row3>
				</transform>
			</node>
			<node>
				<identifier>	SP_YMS022_YHUS_L_1_INDEX_1	</identifier>
				<transform>
					<row0>	-0.3044 0.0122 1.4215 0.0000	</row0>
					<row1>	0.5620 1.3364 0.1089 0.0000	</row1>
					<row2>	-1.3058 0.5723 -0.2845 0.0000	</row2>
					<row3>	0.4143 -0.4649 4.3178 1.0000	</row3>
				</transform>
			</node>
			<node>
				<identifier>	SP_YMS022_YHUS_L_1_INDEX_2	</identifier>
				<transform>
					<row0>	-0.3004 -0.0130 -1.4224 0.0000	</row0>
					<row1>	-0.4684 1.3736 0.0863 0.0000	</row1>
					<row2>	1.3431 0.4761 -0.2880 0.0000	</row2>
					<row3>	-0.2287 -0.4847 5.3538 1.0000	</row3>
				</transform>
			</node>
			<node>
				<identifier>	SP_YMS022_YHUS_L_1_INDEX_3	</identifier>
				<transform>
					<row0>	-0.3004 0.0130 1.4224 0.0000	</row0>
					<row1>	0.4684 1.3736 0.0863 0.0000	</row1>
					<row2>	-1.3431 0.4761 -0.2880 0.0000	</row2>
					<row3>	0.2287 -0.4847 5.3538 1.0000	</row3>
				</transform>
			</node>
			<node>
				<identifier>	SP_YMS022_YHUS_L_1_INDEX_4	</identifier>
				<transform>
					<row0>	-0.1798 -0.0084 -0.9837 0.0000	</row0>
					<row1>	-0.4177 0.9060 0.0687 0.0000	</row1>
					<row2>	0.8906 0.4232 -0.1664 0.0000	</row2>
					<row3>	-0.4202 -0.3858 4.4871 1.0000	</row3>
				</transform>
			</node>
			<node>
				<identifier>	SP_YMS053_YHDC_S_1	</identifier>
				<transform>
					<row0>	-1.0000 0.0000 0.0000 0.0000	</row0>
					<row1>	0.0000 1.0000 0.0000 0.0000	</row1>
					<row2>	0.0000 0.0000 -1.0000 0.0000	</row2>
					<row3>	-0.2798 0.3499 4.6441 1.0000	</row3>
				</transform>
			</node>
			<node>
				<identifier>	SP_YMS053_YHDC_S_1_INDEX_1	</identifier>
				<transform>
					<row0>	-1.0000 0.0000 0.0000 0.0000	</row0>
					<row1>	0.0000 1.0000 0.0000 0.0000	</row1>
					<row2>	0.0000 0.0000 -1.0000 0.0000	</row2>
					<row3>	0.5184 0.3479 3.4637 1.0000	</row3>
				</transform>
			</node>
			<node>
				<identifier>	SP_YMS053_YHDC_S_1_INDEX_2	</identifier>
				<transform>
					<row0>	-1.0000 0.0000 0.0000 0.0000	</row0>
					<row1>	0.0000 1.0000 0.0000 0.0000	</row1>
					<row2>	0.0000 0.0000 -1.0000 0.0000	</row2>
					<row3>	-0.5184 0.3479 3.4637 1.0000	</row3>
				</transform>
			</node>
			<node>
				<identifier>	SP_YMS053_YHDC_S_1_INDEX_3	</identifier>
				<transform>
					<row0>	-1.0000 0.0000 0.0000 0.0000	</row0>
					<row1>	0.0000 0.9972 -0.0742 0.0000	</row1>
					<row2>	0.0000 -0.0742 -0.9972 0.0000	</row2>
					<row3>	0.0000 0.4444 7.2950 1.0000	</row3>
				</transform>
			</node>
			<node>
				<identifier>	SP_YMS053_YHDC_S_1_INDEX_4	</identifier>
				<transform>
					<row0>	-1.0000 0.0000 0.0000 0.0000	</row0>
					<row1>	0.0000 0.9998 -0.0204 0.0000	</row1>
					<row2>	0.0000 -0.0204 -0.9998 0.0000	</row2>
					<row3>	0.2300 0.3771 6.0488 1.0000	</row3>
				</transform>
			</node>
			<node>
				<identifier>	SP_YMS073_YHHC_M_2	</identifier>
				<transform>
					<row0>	-0.1546 0.0092 0.9879 0.0000	</row0>
					<row1>	0.4104 0.9102 0.0558 0.0000	</row1>
					<row2>	-0.8987 0.4141 -0.1445 0.0000	</row2>
					<row3>	0.3688 0.1935 5.6886 1.0000	</row3>
				</transform>
			</node>
			<node>
				<identifier>	SP_YMS073_YHHC_M_2_INDEX_1	</identifier>
				<transform>
					<row0>	-0.1546 -0.0092 -0.9879 0.0000	</row0>
					<row1>	-0.4104 0.9102 0.0558 0.0000	</row1>
					<row2>	0.8987 0.4141 -0.1445 0.0000	</row2>
					<row3>	-0.3688 0.1935 5.6886 1.0000	</row3>
				</transform>
			</node>
			<node>
				<identifier>	SP_YMS080_YHSL_M_1	</identifier>
				<transform>
					<row0>	0.5348 0.2427 -0.1229 0.0000	</row0>
					<row1>	-0.2593 0.5367 -0.0685 0.0000	</row1>
					<row2>	0.0822 0.1141 0.5833 0.0000	</row2>
					<row3>	-0.2560 0.2105 6.2642 1.0000	</row3>
				</transform>
			</node>
			<node>
				<identifier>	SP_YMS080_YHSL_M_1_INDEX_1	</identifier>
				<transform>
					<row0>	0.5844 0.0989 -0.0930 0.0000	</row0>
					<row1>	-0.0988 0.5917 0.0084 0.0000	</row1>
					<row2>	0.0932 0.0071 0.5927 0.0000	</row2>
					<row3>	-0.7401 0.2057 3.4901 1.0000	</row3>
				</transform>
			</node>
			<node>
				<identifier>	SP_YMS081_YHSR_M_1	</identifier>
				<transform>
					<row0>	0.5348 -0.2427 0.1229 0.0000	</row0>
					<row1>	0.2593 0.5367 -0.0685 0.0000	</row1>
					<row2>	-0.0822 0.1141 0.5833 0.0000	</row2>
					<row3>	0.2560 0.2105 6.2642 1.0000	</row3>
				</transform>
			</node>
			<node>
				<identifier>	SP_YMS083_YHSC_L_1	</identifier>
				<transform>
					<row0>	-0.1387 -0.0095 -0.8386 0.0000	</row0>
					<row1>	-0.2644 0.8071 0.0346 0.0000	</row1>
					<row2>	0.7958 0.2665 -0.1346 0.0000	</row2>
					<row3>	-0.5836 0.3183 4.7968 1.0000	</row3>
				</transform>
			</node>
			<node>
				<identifier>	SP_YMS083_YHSC_L_1_INDEX_1	</identifier>
				<transform>
					<row0>	-0.1387 0.0095 0.8386 0.0000	</row0>
					<row1>	0.2644 0.8071 0.0346 0.0000	</row1>
					<row2>	-0.7958 0.2665 -0.1346 0.0000	</row2>
					<row3>	0.5836 0.3183 4.7968 1.0000	</row3>
				</transform>
			</node>
			<node>
				<identifier>	SP_YMS084_YHSC_L_2	</identifier>
				<transform>
					<row0>	-0.1167 0.0026 0.8419 0.0000	</row0>
					<row1>	0.0734 0.8468 0.0076 0.0000	</row1>
					<row2>	-0.8387 0.0737 -0.1165 0.0000	</row2>
					<row3>	0.6787 0.3113 4.1524 1.0000	</row3>
				</transform>
			</node>
			<node>
				<identifier>	SP_YMS084_YHSC_L_2_INDEX_1	</identifier>
				<transform>
					<row0>	-0.1167 -0.0026 -0.8419 0.0000	</row0>
					<row1>	-0.0734 0.8468 0.0076 0.0000	</row1>
					<row2>	0.8387 0.0737 -0.1165 0.0000	</row2>
					<row3>	-0.6787 0.3113 4.1524 1.0000	</row3>
				</transform>
			</node>
		</node>
	</node>
	<boundingBox>
		<min>	-0.0667 -0.0667 -0.0667	</min>
		<max>	0.0667 0.0667 0.0667	</max>
	</boundingBox>
</GSB029_Odin_1945_Bow_ports.visual>
