<JSC044_Yoshino_1945_Bow_ports.visual>
	<node>
		<identifier>	Scene Root	</identifier>
		<transform>
			<row0>	1.0000 0.0000 0.0000 0.0000	</row0>
			<row1>	0.0000 1.0000 0.0000 0.0000	</row1>
			<row2>	0.0000 0.0000 1.0000 0.0000	</row2>
			<row3>	0.0000 0.0000 0.0000 1.0000	</row3>
		</transform>
		<node>
			<identifier>	Bow_ports	</identifier>
			<transform>
				<row0>	1.0000 0.0000 0.0000 0.0000	</row0>
				<row1>	0.0000 1.0000 0.0000 0.0000	</row1>
				<row2>	0.0000 0.0000 1.0000 0.0000	</row2>
				<row3>	0.0000 0.0000 0.0000 1.0000	</row3>
			</transform>
			<node>
				<identifier>	HP_FX_Fire_1	</identifier>
				<transform>
					<row0>	1.0000 0.0000 0.0000 0.0000	</row0>
					<row1>	0.0000 1.0000 0.0000 0.0000	</row1>
					<row2>	0.0000 0.0000 1.0000 0.0000	</row2>
					<row3>	0.0000 0.5252 7.1449 1.0000	</row3>
				</transform>
			</node>
			<node>
				<identifier>	HP_FX_WakeTrace	</identifier>
				<transform>
					<row0>	1.0000 0.0000 0.0000 0.0000	</row0>
					<row1>	0.0000 1.0000 0.0000 0.0000	</row1>
					<row2>	0.0000 0.0000 1.0000 0.0000	</row2>
					<row3>	0.0000 0.0000 8.3989 1.0000	</row3>
				</transform>
			</node>
			<node>
				<identifier>	HP_JGA_1	</identifier>
				<transform>
					<row0>	0.7071 0.0000 0.7071 0.0000	</row0>
					<row1>	0.0000 1.0000 0.0000 0.0000	</row1>
					<row2>	-0.7071 0.0000 0.7071 0.0000	</row2>
					<row3>	-0.1652 0.4554 6.4019 1.0000	</row3>
				</transform>
			</node>
			<node>
				<identifier>	HP_JGA_2	</identifier>
				<transform>
					<row0>	0.7071 0.0000 -0.7071 0.0000	</row0>
					<row1>	0.0000 1.0000 0.0000 0.0000	</row1>
					<row2>	0.7071 0.0000 0.7071 0.0000	</row2>
					<row3>	0.1652 0.4554 6.4019 1.0000	</row3>
				</transform>
			</node>
			<node>
				<identifier>	HP_JGA_3	</identifier>
				<transform>
					<row0>	0.7071 0.0000 0.7071 0.0000	</row0>
					<row1>	0.0000 1.0000 0.0000 0.0000	</row1>
					<row2>	-0.7071 0.0000 0.7071 0.0000	</row2>
					<row3>	-0.3382 0.4496 6.2773 1.0000	</row3>
				</transform>
			</node>
			<node>
				<identifier>	HP_JGA_4	</identifier>
				<transform>
					<row0>	0.7071 0.0000 -0.7071 0.0000	</row0>
					<row1>	0.0000 1.0000 0.0000 0.0000	</row1>
					<row2>	0.7071 0.0000 0.7071 0.0000	</row2>
					<row3>	0.3382 0.4496 6.2773 1.0000	</row3>
				</transform>
			</node>
			<node>
				<identifier>	HP_Ship_death_1	</identifier>
				<transform>
					<row0>	1.0000 0.0000 0.0000 0.0000	</row0>
					<row1>	0.0000 1.0000 0.0000 0.0000	</row1>
					<row2>	0.0000 0.0000 1.0000 0.0000	</row2>
					<row3>	0.0000 0.0000 6.3427 1.0000	</row3>
				</transform>
			</node>
			<node>
				<identifier>	MP_CM011_Fire_Fighting_Gear	</identifier>
				<transform>
					<row0>	1.0000 0.0000 0.0000 0.0000	</row0>
					<row1>	0.0000 1.0000 0.0000 0.0000	</row1>
					<row2>	0.0000 0.0000 1.0000 0.0000	</row2>
					<row3>	-0.2461 0.4677 6.6634 1.0000	</row3>
				</transform>
			</node>
			<node>
				<identifier>	MP_CM011_Fire_Fighting_Gear_INDEX_1	</identifier>
				<transform>
					<row0>	1.0000 0.0000 0.0000 0.0000	</row0>
					<row1>	0.0000 1.0000 0.0000 0.0000	</row1>
					<row2>	0.0000 0.0000 1.0000 0.0000	</row2>
					<row3>	0.2461 0.4677 6.6634 1.0000	</row3>
				</transform>
			</node>
			<node>
				<identifier>	MP_CM013_Fire_Hose_Rack_2	</identifier>
				<transform>
					<row0>	0.7928 0.0000 0.6095 0.0000	</row0>
					<row1>	0.0000 1.0000 0.0000 0.0000	</row1>
					<row2>	-0.6095 0.0000 0.7928 0.0000	</row2>
					<row3>	0.2772 0.5031 6.6981 1.0000	</row3>
				</transform>
			</node>
			<node>
				<identifier>	MP_CM013_Fire_Hose_Rack_2_INDEX_1	</identifier>
				<transform>
					<row0>	-0.7997 0.0000 0.6005 0.0000	</row0>
					<row1>	0.0000 1.0000 0.0000 0.0000	</row1>
					<row2>	-0.6005 0.0000 -0.7997 0.0000	</row2>
					<row3>	-0.2772 0.5031 6.6981 1.0000	</row3>
				</transform>
			</node>
			<node>
				<identifier>	MP_CM109_Leadsman_Platform	</identifier>
				<transform>
					<row0>	0.9595 0.1151 0.2573 0.0000	</row0>
					<row1>	-0.0906 0.9903 -0.1052 0.0000	</row1>
					<row2>	-0.2669 0.0776 0.9606 0.0000	</row2>
					<row3>	0.3355 0.6085 8.3684 1.0000	</row3>
				</transform>
			</node>
			<node>
				<identifier>	MP_CM109_Leadsman_Platform_INDEX_1	</identifier>
				<transform>
					<row0>	-0.9616 0.1145 0.2493 0.0000	</row0>
					<row1>	0.0906 0.9903 -0.1052 0.0000	</row1>
					<row2>	-0.2589 -0.0785 -0.9627 0.0000	</row2>
					<row3>	-0.3362 0.6083 8.3660 1.0000	</row3>
				</transform>
			</node>
			<node>
				<identifier>	MP_JM013_Reels_1	</identifier>
				<transform>
					<row0>	-0.6985 -0.0108 -0.5292 0.0000	</row0>
					<row1>	0.0090 0.8758 -0.0297 0.0000	</row1>
					<row2>	0.5292 -0.0291 -0.6980 0.0000	</row2>
					<row3>	0.2757 0.4603 6.5899 1.0000	</row3>
				</transform>
			</node>
			<node>
				<identifier>	MP_JM013_Reels_1_INDEX_1	</identifier>
				<transform>
					<row0>	0.0000 -0.0249 -0.8760 0.0000	</row0>
					<row1>	0.0000 0.8760 -0.0249 0.0000	</row1>
					<row2>	0.8764 0.0000 0.0000 0.0000	</row2>
					<row3>	0.1766 0.4649 6.6779 1.0000	</row3>
				</transform>
			</node>
			<node>
				<identifier>	MP_JM013_Reels_1_INDEX_2	</identifier>
				<transform>
					<row0>	0.7000 -0.0197 -0.5270 0.0000	</row0>
					<row1>	0.0052 0.8760 -0.0258 0.0000	</row1>
					<row2>	0.5273 0.0175 0.6998 0.0000	</row2>
					<row3>	-0.2757 0.4603 6.5899 1.0000	</row3>
				</transform>
			</node>
			<node>
				<identifier>	MP_JM013_Reels_1_INDEX_3	</identifier>
				<transform>
					<row0>	0.0000 -0.0249 -0.8760 0.0000	</row0>
					<row1>	0.0000 0.8760 -0.0249 0.0000	</row1>
					<row2>	0.8764 0.0000 0.0000 0.0000	</row2>
					<row3>	-0.1766 0.4649 6.6779 1.0000	</row3>
				</transform>
			</node>
			<node>
				<identifier>	MP_JM014_Reels_2	</identifier>
				<transform>
					<row0>	0.6015 -0.0294 -0.7984 0.0000	</row0>
					<row1>	-0.0026 0.9992 -0.0387 0.0000	</row1>
					<row2>	0.7989 0.0253 0.6009 0.0000	</row2>
					<row3>	0.3346 0.4574 6.5137 1.0000	</row3>
				</transform>
			</node>
			<node>
				<identifier>	MP_JM014_Reels_2_INDEX_1	</identifier>
				<transform>
					<row0>	0.6012 0.0327 0.7984 0.0000	</row0>
					<row1>	0.0018 0.9991 -0.0424 0.0000	</row1>
					<row2>	-0.7991 0.0269 0.6006 0.0000	</row2>
					<row3>	-0.3346 0.4574 6.5137 1.0000	</row3>
				</transform>
			</node>
			<node>
				<identifier>	MP_JM062_Deck_Hatch_11	</identifier>
				<transform>
					<row0>	-1.0000 0.0000 0.0000 0.0000	</row0>
					<row1>	0.0000 1.0000 0.0000 0.0000	</row1>
					<row2>	0.0000 0.0000 -1.0000 0.0000	</row2>
					<row3>	0.0000 0.5670 8.0282 1.0000	</row3>
				</transform>
			</node>
			<node>
				<identifier>	MP_JM310_Chrysanthemum_full	</identifier>
				<transform>
					<row0>	1.1891 0.0000 0.0000 0.0000	</row0>
					<row1>	0.0000 1.1891 0.0000 0.0000	</row1>
					<row2>	0.0000 0.0000 1.1891 0.0000	</row2>
					<row3>	0.0000 0.6691 8.7758 1.0000	</row3>
				</transform>
			</node>
			<node>
				<identifier>	SP_YMS001_YHBM_M_1	</identifier>
				<transform>
					<row0>	1.4140 0.0000 0.0000 0.0000	</row0>
					<row1>	0.0000 1.4140 0.0000 0.0000	</row1>
					<row2>	0.0000 0.0000 1.4140 0.0000	</row2>
					<row3>	0.0000 0.6683 8.7810 1.0000	</row3>
				</transform>
			</node>
			<node>
				<identifier>	SP_YMS002_YHBL_M_1	</identifier>
				<transform>
					<row0>	0.9767 -0.0509 -0.2086 0.0000	</row0>
					<row1>	0.0254 0.9921 -0.1231 0.0000	</row1>
					<row2>	0.2132 0.1149 0.9702 0.0000	</row2>
					<row3>	0.0000 0.6683 8.7810 1.0000	</row3>
				</transform>
			</node>
			<node>
				<identifier>	SP_YMS003_YHBR_M_1	</identifier>
				<transform>
					<row0>	0.9766 0.0522 0.2086 0.0000	</row0>
					<row1>	-0.0267 0.9920 -0.1231 0.0000	</row1>
					<row2>	-0.2133 0.1147 0.9702 0.0000	</row2>
					<row3>	0.0000 0.6683 8.7810 1.0000	</row3>
				</transform>
			</node>
			<node>
				<identifier>	SP_YMS004_YHXL_L_1	</identifier>
				<transform>
					<row0>	0.7492 0.6466 -0.1891 0.0000	</row0>
					<row1>	-0.6467 0.7695 0.0693 0.0000	</row1>
					<row2>	0.1889 0.0699 0.9872 0.0000	</row2>
					<row3>	-0.2582 0.4843 8.2687 1.0000	</row3>
				</transform>
			</node>
			<node>
				<identifier>	SP_YMS005_YHXR_L_1	</identifier>
				<transform>
					<row0>	0.7492 -0.6466 0.1891 0.0000	</row0>
					<row1>	0.6467 0.7695 0.0693 0.0000	</row1>
					<row2>	-0.1889 0.0699 0.9872 0.0000	</row2>
					<row3>	0.2582 0.4843 8.2687 1.0000	</row3>
				</transform>
			</node>
			<node>
				<identifier>	SP_YMS010_YHWM_L_1	</identifier>
				<transform>
					<row0>	1.0843 0.0000 0.0000 0.0000	</row0>
					<row1>	0.0000 1.0843 0.0000 0.0000	</row1>
					<row2>	0.0000 0.0000 1.0843 0.0000	</row2>
					<row3>	0.0000 0.0000 8.5106 1.0000	</row3>
				</transform>
			</node>
			<node>
				<identifier>	SP_YMS011_YHWL_M_1	</identifier>
				<transform>
					<row0>	0.9953 0.3283 -0.1406 0.0000	</row0>
					<row1>	-0.3248 1.0052 0.0476 0.0000	</row1>
					<row2>	0.1484 -0.0016 1.0470 0.0000	</row2>
					<row3>	-0.2683 0.0000 6.7044 1.0000	</row3>
				</transform>
			</node>
			<node>
				<identifier>	SP_YMS012_YHWR_M_1	</identifier>
				<transform>
					<row0>	0.9953 -0.3283 0.1406 0.0000	</row0>
					<row1>	0.3248 1.0052 0.0476 0.0000	</row1>
					<row2>	-0.1484 -0.0016 1.0470 0.0000	</row2>
					<row3>	0.2683 0.0000 6.7044 1.0000	</row3>
				</transform>
			</node>
			<node>
				<identifier>	SP_YMS020_YHBU_M_1	</identifier>
				<transform>
					<row0>	1.2797 0.0000 0.0000 0.0000	</row0>
					<row1>	0.0000 1.2778 -0.0694 0.0000	</row1>
					<row2>	0.0000 0.0694 1.2778 0.0000	</row2>
					<row3>	0.0000 -0.1481 8.3847 1.0000	</row3>
				</transform>
			</node>
			<node>
				<identifier>	SP_YMS053_YHDC_S_1	</identifier>
				<transform>
					<row0>	1.2900 0.0000 0.0000 0.0000	</row0>
					<row1>	0.0000 1.2854 -0.1088 0.0000	</row1>
					<row2>	0.0000 0.1088 1.2854 0.0000	</row2>
					<row3>	0.0000 0.5392 7.5977 1.0000	</row3>
				</transform>
			</node>
			<node>
				<identifier>	SP_YMS053_YHDC_S_1_INDEX_1	</identifier>
				<transform>
					<row0>	1.2902 0.0000 0.0000 0.0000	</row0>
					<row1>	0.0000 1.2887 -0.0613 0.0000	</row1>
					<row2>	0.0000 0.0613 1.2887 0.0000	</row2>
					<row3>	0.0000 0.4561 6.4400 1.0000	</row3>
				</transform>
			</node>
			<node>
				<identifier>	SP_YMS080_YHSL_M_1	</identifier>
				<transform>
					<row0>	0.8322 0.5367 -0.1394 0.0000	</row0>
					<row1>	-0.5379 0.8424 0.0323 0.0000	</row1>
					<row2>	0.1347 0.0481 0.9897 0.0000	</row2>
					<row3>	-0.3458 0.2803 6.9492 1.0000	</row3>
				</transform>
			</node>
			<node>
				<identifier>	SP_YMS081_YHSR_M_1	</identifier>
				<transform>
					<row0>	0.8322 -0.5367 0.1394 0.0000	</row0>
					<row1>	0.5379 0.8424 0.0323 0.0000	</row1>
					<row2>	-0.1347 0.0481 0.9897 0.0000	</row2>
					<row3>	0.3458 0.2803 6.9492 1.0000	</row3>
				</transform>
			</node>
		</node>
	</node>
	<boundingBox>
		<min>	-0.0667 -0.0667 -0.0667	</min>
		<max>	0.0667 0.0667 0.0667	</max>
	</boundingBox>
</JSC044_Yoshino_1945_Bow_ports.visual>
