<ASA007_Hornet_1942_MidBack_ports.visual>
	<node>
		<identifier>	Scene Root	</identifier>
		<transform>
			<row0>	1.0000 0.0000 0.0000 0.0000	</row0>
			<row1>	0.0000 1.0000 0.0000 0.0000	</row1>
			<row2>	0.0000 0.0000 1.0000 0.0000	</row2>
			<row3>	0.0000 0.0000 0.0000 1.0000	</row3>
		</transform>
		<node>
			<identifier>	MidBack_ports	</identifier>
			<transform>
				<row0>	1.0000 0.0000 0.0000 0.0000	</row0>
				<row1>	0.0000 1.0000 0.0000 0.0000	</row1>
				<row2>	0.0000 0.0000 1.0000 0.0000	</row2>
				<row3>	0.0000 0.0000 0.0000 1.0000	</row3>
			</transform>
			<node>
				<identifier>	HP_AD_6	</identifier>
				<transform>
					<row0>	0.0000 0.0000 -1.0000 0.0000	</row0>
					<row1>	0.0000 1.0000 0.0000 0.0000	</row1>
					<row2>	1.0000 0.0000 0.0000 0.0000	</row2>
					<row3>	0.9347 0.9695 -2.7838 1.0000	</row3>
				</transform>
			</node>
			<node>
				<identifier>	HP_AGA_20	</identifier>
				<transform>
					<row0>	0.0000 0.0000 1.0000 0.0000	</row0>
					<row1>	0.0000 1.0000 0.0000 0.0000	</row1>
					<row2>	-1.0000 0.0000 0.0000 0.0000	</row2>
					<row3>	-1.0750 1.0086 -3.0676 1.0000	</row3>
				</transform>
			</node>
			<node>
				<identifier>	HP_AGA_21	</identifier>
				<transform>
					<row0>	0.0000 0.0000 -1.0000 0.0000	</row0>
					<row1>	0.0000 1.0000 0.0000 0.0000	</row1>
					<row2>	1.0000 0.0000 0.0000 0.0000	</row2>
					<row3>	0.9347 0.9687 -3.1204 1.0000	</row3>
				</transform>
			</node>
			<node>
				<identifier>	HP_AGA_22	</identifier>
				<transform>
					<row0>	0.0000 0.0000 1.0000 0.0000	</row0>
					<row1>	0.0000 1.0000 0.0000 0.0000	</row1>
					<row2>	-1.0000 0.0000 0.0000 0.0000	</row2>
					<row3>	-1.0645 1.0086 -3.3041 1.0000	</row3>
				</transform>
			</node>
			<node>
				<identifier>	HP_AGA_23	</identifier>
				<transform>
					<row0>	0.0000 0.0000 -1.0000 0.0000	</row0>
					<row1>	0.0000 1.0000 0.0000 0.0000	</row1>
					<row2>	1.0000 0.0000 0.0000 0.0000	</row2>
					<row3>	0.9312 1.0086 -3.4748 1.0000	</row3>
				</transform>
			</node>
			<node>
				<identifier>	HP_AGA_24	</identifier>
				<transform>
					<row0>	0.0000 0.0000 1.0000 0.0000	</row0>
					<row1>	0.0000 1.0000 0.0000 0.0000	</row1>
					<row2>	-1.0000 0.0000 0.0000 0.0000	</row2>
					<row3>	-1.0534 1.0086 -3.5431 1.0000	</row3>
				</transform>
			</node>
			<node>
				<identifier>	HP_AGA_25	</identifier>
				<transform>
					<row0>	0.0000 0.0000 -1.0000 0.0000	</row0>
					<row1>	0.0000 1.0000 0.0000 0.0000	</row1>
					<row2>	1.0000 0.0000 0.0000 0.0000	</row2>
					<row3>	0.9312 1.0086 -3.7185 1.0000	</row3>
				</transform>
			</node>
			<node>
				<identifier>	HP_AGA_26	</identifier>
				<transform>
					<row0>	0.0000 0.0000 1.0000 0.0000	</row0>
					<row1>	0.0000 1.0000 0.0000 0.0000	</row1>
					<row2>	-1.0000 0.0000 0.0000 0.0000	</row2>
					<row3>	-1.0414 1.0086 -3.7811 1.0000	</row3>
				</transform>
			</node>
			<node>
				<identifier>	HP_AGA_27	</identifier>
				<transform>
					<row0>	0.0000 0.0000 -1.0000 0.0000	</row0>
					<row1>	0.0000 1.0000 0.0000 0.0000	</row1>
					<row2>	1.0000 0.0000 0.0000 0.0000	</row2>
					<row3>	0.9312 1.0086 -3.9624 1.0000	</row3>
				</transform>
			</node>
			<node>
				<identifier>	HP_AGA_28	</identifier>
				<transform>
					<row0>	0.0000 0.0000 1.0000 0.0000	</row0>
					<row1>	0.0000 1.0000 0.0000 0.0000	</row1>
					<row2>	-1.0000 0.0000 0.0000 0.0000	</row2>
					<row3>	-1.0310 1.0086 -4.0176 1.0000	</row3>
				</transform>
			</node>
			<node>
				<identifier>	HP_AGA_29	</identifier>
				<transform>
					<row0>	0.0000 0.0000 -1.0000 0.0000	</row0>
					<row1>	0.0000 1.0000 0.0000 0.0000	</row1>
					<row2>	1.0000 0.0000 0.0000 0.0000	</row2>
					<row3>	0.9242 1.0086 -4.8565 1.0000	</row3>
				</transform>
			</node>
			<node>
				<identifier>	HP_AGA_30	</identifier>
				<transform>
					<row0>	0.0000 0.0000 -1.0000 0.0000	</row0>
					<row1>	0.0000 1.0000 0.0000 0.0000	</row1>
					<row2>	1.0000 0.0000 0.0000 0.0000	</row2>
					<row3>	0.9242 1.0086 -5.2629 1.0000	</row3>
				</transform>
			</node>
			<node>
				<identifier>	HP_AGS_5	</identifier>
				<transform>
					<row0>	-1.0000 0.0000 0.0000 0.0000	</row0>
					<row1>	0.0000 1.0000 0.0000 0.0000	</row1>
					<row2>	0.0000 0.0000 -1.0000 0.0000	</row2>
					<row3>	0.8680 0.8933 -6.4737 1.0000	</row3>
				</transform>
			</node>
			<node>
				<identifier>	HP_AGS_6	</identifier>
				<transform>
					<row0>	-1.0000 0.0000 0.0000 0.0000	</row0>
					<row1>	0.0000 1.0000 0.0000 0.0000	</row1>
					<row2>	0.0000 0.0000 -1.0000 0.0000	</row2>
					<row3>	-0.8680 0.8933 -6.4846 1.0000	</row3>
				</transform>
			</node>
			<node>
				<identifier>	HP_AGS_7	</identifier>
				<transform>
					<row0>	-1.0000 0.0000 0.0000 0.0000	</row0>
					<row1>	0.0000 1.0000 0.0000 0.0000	</row1>
					<row2>	0.0000 0.0000 -1.0000 0.0000	</row2>
					<row3>	0.8680 0.8933 -7.0383 1.0000	</row3>
				</transform>
			</node>
			<node>
				<identifier>	HP_AGS_8	</identifier>
				<transform>
					<row0>	-1.0000 0.0000 0.0000 0.0000	</row0>
					<row1>	0.0000 1.0000 0.0000 0.0000	</row1>
					<row2>	0.0000 0.0000 -1.0000 0.0000	</row2>
					<row3>	-0.8680 0.8933 -7.0589 1.0000	</row3>
				</transform>
			</node>
			<node>
				<identifier>	HP_Deck_00	</identifier>
				<transform>
					<row0>	0.9998 0.0000 0.0216 0.0000	</row0>
					<row1>	0.0000 1.0000 0.0000 0.0000	</row1>
					<row2>	-0.0216 0.0000 0.9998 0.0000	</row2>
					<row3>	0.4232 1.0990 -7.2099 1.0000	</row3>
				</transform>
			</node>
			<node>
				<identifier>	HP_Deck_01	</identifier>
				<transform>
					<row0>	0.9957 0.0000 -0.0923 0.0000	</row0>
					<row1>	0.0000 1.0000 0.0000 0.0000	</row1>
					<row2>	0.0923 0.0000 0.9957 0.0000	</row2>
					<row3>	-0.4463 1.0990 -7.5887 1.0000	</row3>
				</transform>
			</node>
			<node>
				<identifier>	HP_Deck_02	</identifier>
				<transform>
					<row0>	0.9987 0.0000 -0.0515 0.0000	</row0>
					<row1>	0.0000 1.0000 0.0000 0.0000	</row1>
					<row2>	0.0515 0.0000 0.9987 0.0000	</row2>
					<row3>	0.4150 1.0990 -6.0401 1.0000	</row3>
				</transform>
			</node>
			<node>
				<identifier>	HP_Deck_03	</identifier>
				<transform>
					<row0>	0.9989 0.0000 -0.0470 0.0000	</row0>
					<row1>	0.0000 1.0000 0.0000 0.0000	</row1>
					<row2>	0.0470 0.0000 0.9989 0.0000	</row2>
					<row3>	-0.4305 1.0990 -6.6188 1.0000	</row3>
				</transform>
			</node>
			<node>
				<identifier>	HP_Deck_04	</identifier>
				<transform>
					<row0>	0.9998 0.0000 0.0218 0.0000	</row0>
					<row1>	0.0000 1.0000 0.0000 0.0000	</row1>
					<row2>	-0.0218 0.0000 0.9998 0.0000	</row2>
					<row3>	0.4003 1.0990 -5.1163 1.0000	</row3>
				</transform>
			</node>
			<node>
				<identifier>	HP_Deck_05	</identifier>
				<transform>
					<row0>	0.9980 0.0000 -0.0637 0.0000	</row0>
					<row1>	0.0000 1.0000 0.0000 0.0000	</row1>
					<row2>	0.0637 0.0000 0.9980 0.0000	</row2>
					<row3>	-0.5109 1.0990 -5.4890 1.0000	</row3>
				</transform>
			</node>
			<node>
				<identifier>	HP_Deck_06	</identifier>
				<transform>
					<row0>	0.9994 0.0000 0.0334 0.0000	</row0>
					<row1>	0.0000 1.0000 0.0000 0.0000	</row1>
					<row2>	-0.0334 0.0000 0.9994 0.0000	</row2>
					<row3>	0.3560 1.0990 -4.0331 1.0000	</row3>
				</transform>
			</node>
			<node>
				<identifier>	HP_Deck_07	</identifier>
				<transform>
					<row0>	0.9996 0.0000 0.0271 0.0000	</row0>
					<row1>	0.0000 1.0000 0.0000 0.0000	</row1>
					<row2>	-0.0271 0.0000 0.9996 0.0000	</row2>
					<row3>	-0.4502 1.0990 -4.6038 1.0000	</row3>
				</transform>
			</node>
			<node>
				<identifier>	HP_Deck_08	</identifier>
				<transform>
					<row0>	0.9998 0.0000 -0.0178 0.0000	</row0>
					<row1>	0.0000 1.0000 0.0000 0.0000	</row1>
					<row2>	0.0178 0.0000 0.9998 0.0000	</row2>
					<row3>	-0.5656 1.0990 -3.6620 1.0000	</row3>
				</transform>
			</node>
			<node>
				<identifier>	HP_Deck_09	</identifier>
				<transform>
					<row0>	0.9986 0.0000 0.0534 0.0000	</row0>
					<row1>	0.0000 1.0000 0.0000 0.0000	</row1>
					<row2>	-0.0534 0.0000 0.9986 0.0000	</row2>
					<row3>	0.3066 1.0990 -2.8469 1.0000	</row3>
				</transform>
			</node>
			<node>
				<identifier>	HP_Deck_10	</identifier>
				<transform>
					<row0>	0.9997 0.0000 -0.0260 0.0000	</row0>
					<row1>	0.0000 1.0000 0.0000 0.0000	</row1>
					<row2>	0.0260 0.0000 0.9997 0.0000	</row2>
					<row3>	-0.4538 1.0990 -1.8890 1.0000	</row3>
				</transform>
			</node>
			<node>
				<identifier>	HP_Deck_11	</identifier>
				<transform>
					<row0>	0.9996 0.0000 0.0277 0.0000	</row0>
					<row1>	0.0000 1.0000 0.0000 0.0000	</row1>
					<row2>	-0.0277 0.0000 0.9996 0.0000	</row2>
					<row3>	-0.1516 1.0990 -0.8328 1.0000	</row3>
				</transform>
			</node>
			<node>
				<identifier>	HP_Deck_12	</identifier>
				<transform>
					<row0>	0.9998 0.0000 -0.0200 0.0000	</row0>
					<row1>	0.0000 1.0000 0.0000 0.0000	</row1>
					<row2>	0.0200 0.0000 0.9998 0.0000	</row2>
					<row3>	-0.5639 1.0990 0.1592 1.0000	</row3>
				</transform>
			</node>
			<node>
				<identifier>	HP_Deck_13	</identifier>
				<transform>
					<row0>	0.9999 0.0000 0.0147 0.0000	</row0>
					<row1>	0.0000 1.0000 0.0000 0.0000	</row1>
					<row2>	-0.0147 0.0000 0.9999 0.0000	</row2>
					<row3>	-0.1329 1.0990 1.0482 1.0000	</row3>
				</transform>
			</node>
			<node>
				<identifier>	HP_Deck_14	</identifier>
				<transform>
					<row0>	0.9976 0.0000 -0.0697 0.0000	</row0>
					<row1>	0.0000 1.0000 0.0000 0.0000	</row1>
					<row2>	0.0697 0.0000 0.9976 0.0000	</row2>
					<row3>	-0.4254 1.0990 2.0553 1.0000	</row3>
				</transform>
			</node>
			<node>
				<identifier>	HP_Deck_15	</identifier>
				<transform>
					<row0>	0.9981 0.0000 0.0609 0.0000	</row0>
					<row1>	0.0000 1.0000 0.0000 0.0000	</row1>
					<row2>	-0.0609 0.0000 0.9981 0.0000	</row2>
					<row3>	0.0605 1.0990 2.8941 1.0000	</row3>
				</transform>
			</node>
			<node>
				<identifier>	HP_FX_Fire_3	</identifier>
				<transform>
					<row0>	0.5672 0.0325 0.8229 0.0000	</row0>
					<row1>	0.1312 0.9829 -0.1292 0.0000	</row1>
					<row2>	-0.8130 0.1812 0.5532 0.0000	</row2>
					<row3>	0.4346 1.0862 -2.1272 1.0000	</row3>
				</transform>
			</node>
			<node>
				<identifier>	HP_FX_Fire_3_side_1	</identifier>
				<transform>
					<row0>	1.0000 0.0000 0.0000 0.0000	</row0>
					<row1>	0.0000 1.0000 0.0000 0.0000	</row1>
					<row2>	0.0000 0.0000 1.0000 0.0000	</row2>
					<row3>	-0.7825 1.0990 -2.8371 1.0000	</row3>
				</transform>
			</node>
			<node>
				<identifier>	HP_FX_Fire_3_side_2	</identifier>
				<transform>
					<row0>	1.0000 0.0000 0.0000 0.0000	</row0>
					<row1>	0.0000 1.0000 0.0000 0.0000	</row1>
					<row2>	0.0000 0.0000 1.0000 0.0000	</row2>
					<row3>	0.9222 1.0294 -3.4770 1.0000	</row3>
				</transform>
			</node>
			<node>
				<identifier>	HP_FX_FloodLight_left_2	</identifier>
				<transform>
					<row0>	-1.0000 0.0000 0.0000 0.0000	</row0>
					<row1>	0.0000 1.0000 0.0000 0.0000	</row1>
					<row2>	0.0000 0.0000 -1.0000 0.0000	</row2>
					<row3>	-0.7786 0.8879 -4.7753 1.0000	</row3>
				</transform>
			</node>
			<node>
				<identifier>	HP_FX_FloodLight_right_2	</identifier>
				<transform>
					<row0>	1.0000 0.0000 0.0000 0.0000	</row0>
					<row1>	0.0000 1.0000 0.0000 0.0000	</row1>
					<row2>	0.0000 0.0000 1.0000 0.0000	</row2>
					<row3>	0.7798 0.8937 -4.6552 1.0000	</row3>
				</transform>
			</node>
			<node>
				<identifier>	HP_FX_Flood_water_left	</identifier>
				<transform>
					<row0>	-1.0000 0.0000 0.0000 0.0000	</row0>
					<row1>	0.0000 1.0000 0.0000 0.0000	</row1>
					<row2>	0.0000 0.0000 -1.0000 0.0000	</row2>
					<row3>	-0.7934 0.1019 -4.8559 1.0000	</row3>
				</transform>
			</node>
			<node>
				<identifier>	HP_FX_Flood_water_left_2	</identifier>
				<transform>
					<row0>	-1.0000 0.0000 0.0000 0.0000	</row0>
					<row1>	0.0000 1.0000 0.0000 0.0000	</row1>
					<row2>	0.0000 0.0000 -1.0000 0.0000	</row2>
					<row3>	-0.8421 0.1013 -1.4514 1.0000	</row3>
				</transform>
			</node>
			<node>
				<identifier>	HP_FX_Flood_water_right	</identifier>
				<transform>
					<row0>	0.9984 0.0000 -0.0558 0.0000	</row0>
					<row1>	0.0000 1.0000 0.0000 0.0000	</row1>
					<row2>	0.0558 0.0000 0.9984 0.0000	</row2>
					<row3>	0.7930 0.1026 -4.8549 1.0000	</row3>
				</transform>
			</node>
			<node>
				<identifier>	HP_FX_Flood_water_right_2	</identifier>
				<transform>
					<row0>	1.0000 0.0000 0.0000 0.0000	</row0>
					<row1>	0.0000 1.0000 0.0000 0.0000	</row1>
					<row2>	0.0000 0.0000 1.0000 0.0000	</row2>
					<row3>	0.8415 0.1013 -1.4486 1.0000	</row3>
				</transform>
			</node>
			<node>
				<identifier>	HP_Ship_death_3	</identifier>
				<transform>
					<row0>	1.0000 0.0000 0.0000 0.0000	</row0>
					<row1>	0.0000 1.0000 0.0000 0.0000	</row1>
					<row2>	0.0000 0.0000 1.0000 0.0000	</row2>
					<row3>	0.0000 0.0000 -4.8629 1.0000	</row3>
				</transform>
			</node>
			<node>
				<identifier>	MP_AM095_Motor_boat_40ft	</identifier>
				<transform>
					<row0>	-1.0000 0.0000 0.0000 0.0000	</row0>
					<row1>	0.0000 1.0000 0.0061 0.0000	</row1>
					<row2>	0.0000 0.0061 -1.0000 0.0000	</row2>
					<row3>	-0.8624 0.6383 -4.2278 1.0000	</row3>
				</transform>
			</node>
			<node>
				<identifier>	MP_AM097_Motor_launch_50ft	</identifier>
				<transform>
					<row0>	1.0000 0.0000 0.0000 0.0000	</row0>
					<row1>	0.0000 1.0000 0.0000 0.0000	</row1>
					<row2>	0.0000 0.0000 1.0000 0.0000	</row2>
					<row3>	0.8552 0.6213 -4.2158 1.0000	</row3>
				</transform>
			</node>
			<node>
				<identifier>	MP_AM135_Boat_9	</identifier>
				<transform>
					<row0>	0.0000 -1.0000 0.0000 0.0000	</row0>
					<row1>	1.0000 0.0000 0.0000 0.0000	</row1>
					<row2>	0.0000 0.0000 1.0000 0.0000	</row2>
					<row3>	0.9347 0.8560 -2.3368 1.0000	</row3>
				</transform>
			</node>
			<node>
				<identifier>	MP_AM157_Telephone	</identifier>
				<transform>
					<row0>	0.0772 0.0000 -0.9970 0.0000	</row0>
					<row1>	0.0000 1.0000 0.0000 0.0000	</row1>
					<row2>	0.9970 0.0000 0.0772 0.0000	</row2>
					<row3>	-0.9146 1.0403 -2.9766 1.0000	</row3>
				</transform>
			</node>
			<node>
				<identifier>	MP_AM157_Telephone_INDEX_1	</identifier>
				<transform>
					<row0>	0.0000 0.0000 1.0000 0.0000	</row0>
					<row1>	0.0000 1.0000 0.0000 0.0000	</row1>
					<row2>	-1.0000 0.0000 0.0000 0.0000	</row2>
					<row3>	0.7753 1.0674 -3.5196 1.0000	</row3>
				</transform>
			</node>
			<node>
				<identifier>	MP_AM157_Telephone_INDEX_2	</identifier>
				<transform>
					<row0>	0.0000 0.0000 1.0000 0.0000	</row0>
					<row1>	0.0000 1.0000 0.0000 0.0000	</row1>
					<row2>	-1.0000 0.0000 0.0000 0.0000	</row2>
					<row3>	0.7753 1.0548 -3.2320 1.0000	</row3>
				</transform>
			</node>
			<node>
				<identifier>	MP_AM157_Telephone_INDEX_3	</identifier>
				<transform>
					<row0>	0.0772 0.0000 -0.9970 0.0000	</row0>
					<row1>	0.0000 1.0000 0.0000 0.0000	</row1>
					<row2>	0.9970 0.0000 0.0772 0.0000	</row2>
					<row3>	-0.8687 1.0526 -3.5695 1.0000	</row3>
				</transform>
			</node>
			<node>
				<identifier>	MP_AM157_Telephone_INDEX_4	</identifier>
				<transform>
					<row0>	0.0000 0.0000 1.0000 0.0000	</row0>
					<row1>	0.0000 1.0000 0.0000 0.0000	</row1>
					<row2>	-1.0000 0.0000 0.0000 0.0000	</row2>
					<row3>	0.7754 1.0205 -2.5975 1.0000	</row3>
				</transform>
			</node>
			<node>
				<identifier>	MP_AM157_Telephone_INDEX_5	</identifier>
				<transform>
					<row0>	0.0000 0.0000 1.0000 0.0000	</row0>
					<row1>	0.0000 1.0000 0.0000 0.0000	</row1>
					<row2>	-1.0000 0.0000 0.0000 0.0000	</row2>
					<row3>	0.7753 1.0674 -3.9670 1.0000	</row3>
				</transform>
			</node>
			<node>
				<identifier>	MP_AM209_Boat_Winch	</identifier>
				<transform>
					<row0>	0.0000 0.0000 -1.0000 0.0000	</row0>
					<row1>	0.0000 1.0000 0.0000 0.0000	</row1>
					<row2>	1.0000 0.0000 0.0000 0.0000	</row2>
					<row3>	0.7913 0.5412 -4.8631 1.0000	</row3>
				</transform>
			</node>
			<node>
				<identifier>	MP_AM209_Boat_Winch_INDEX_1	</identifier>
				<transform>
					<row0>	0.0000 0.0000 1.0000 0.0000	</row0>
					<row1>	0.0000 1.0000 0.0000 0.0000	</row1>
					<row2>	-1.0000 0.0000 0.0000 0.0000	</row2>
					<row3>	-0.7913 0.5412 -4.8631 1.0000	</row3>
				</transform>
			</node>
			<node>
				<identifier>	MP_AM341_Motor_boat_35ft	</identifier>
				<transform>
					<row0>	1.0000 0.0000 0.0000 0.0000	</row0>
					<row1>	0.0000 1.0000 0.0000 0.0000	</row1>
					<row2>	0.0000 0.0000 1.0000 0.0000	</row2>
					<row3>	-0.8752 0.6139 -3.2291 1.0000	</row3>
				</transform>
			</node>
			<node>
				<identifier>	MP_AM484_Ammo_hoist	</identifier>
				<transform>
					<row0>	1.0000 0.0000 0.0000 0.0000	</row0>
					<row1>	0.0000 1.0000 0.0000 0.0000	</row1>
					<row2>	0.0000 0.0000 1.0000 0.0000	</row2>
					<row3>	-0.7567 0.5412 -3.6080 1.0000	</row3>
				</transform>
			</node>
			<node>
				<identifier>	MP_AM527_Whaleboat_26ft	</identifier>
				<transform>
					<row0>	1.0000 0.0000 0.0000 0.0000	</row0>
					<row1>	0.0000 1.0000 0.0000 0.0000	</row1>
					<row2>	0.0000 0.0000 1.0000 0.0000	</row2>
					<row3>	0.8599 0.6964 -4.0717 1.0000	</row3>
				</transform>
			</node>
			<node>
				<identifier>	MP_AM559_Alarm_Tool	</identifier>
				<transform>
					<row0>	0.0000 0.0000 -1.0000 0.0000	</row0>
					<row1>	0.0000 1.0000 0.0000 0.0000	</row1>
					<row2>	1.0000 0.0000 0.0000 0.0000	</row2>
					<row3>	0.7770 1.0395 -3.0308 1.0000	</row3>
				</transform>
			</node>
			<node>
				<identifier>	MP_AM559_Alarm_Tool_INDEX_1	</identifier>
				<transform>
					<row0>	0.0000 0.0000 -1.0000 0.0000	</row0>
					<row1>	0.0000 1.0000 0.0000 0.0000	</row1>
					<row2>	1.0000 0.0000 0.0000 0.0000	</row2>
					<row3>	0.7770 1.0526 -5.0590 1.0000	</row3>
				</transform>
			</node>
			<node>
				<identifier>	MP_AM559_Alarm_Tool_INDEX_2	</identifier>
				<transform>
					<row0>	-0.0728 0.0000 0.9973 0.0000	</row0>
					<row1>	0.0000 1.0000 0.0000 0.0000	</row1>
					<row2>	-0.9973 0.0000 -0.0728 0.0000	</row2>
					<row3>	-0.8634 1.0442 -3.6587 1.0000	</row3>
				</transform>
			</node>
			<node>
				<identifier>	MP_AM720_Helmets_Rack	</identifier>
				<transform>
					<row0>	0.0000 0.0000 -1.0000 0.0000	</row0>
					<row1>	0.0000 1.0000 0.0000 0.0000	</row1>
					<row2>	1.0000 0.0000 0.0000 0.0000	</row2>
					<row3>	0.7762 1.0230 -3.6506 1.0000	</row3>
				</transform>
			</node>
			<node>
				<identifier>	MP_AM720_Helmets_Rack_INDEX_1	</identifier>
				<transform>
					<row0>	0.0000 0.0000 -1.0000 0.0000	</row0>
					<row1>	0.0000 1.0000 0.0000 0.0000	</row1>
					<row2>	1.0000 0.0000 0.0000 0.0000	</row2>
					<row3>	0.7762 1.0230 -3.5481 1.0000	</row3>
				</transform>
			</node>
			<node>
				<identifier>	MP_AM720_Helmets_Rack_INDEX_2	</identifier>
				<transform>
					<row0>	0.0000 0.0000 -1.0000 0.0000	</row0>
					<row1>	0.0000 1.0000 0.0000 0.0000	</row1>
					<row2>	1.0000 0.0000 0.0000 0.0000	</row2>
					<row3>	0.7762 0.9986 -3.1294 1.0000	</row3>
				</transform>
			</node>
			<node>
				<identifier>	MP_AM720_Helmets_Rack_INDEX_3	</identifier>
				<transform>
					<row0>	0.0000 0.0000 -1.0000 0.0000	</row0>
					<row1>	0.0000 1.0000 0.0000 0.0000	</row1>
					<row2>	1.0000 0.0000 0.0000 0.0000	</row2>
					<row3>	0.7762 1.0230 -5.0109 1.0000	</row3>
				</transform>
			</node>
			<node>
				<identifier>	MP_AM723_Ammobox	</identifier>
				<transform>
					<row0>	0.0000 0.0000 1.0000 0.0000	</row0>
					<row1>	0.0000 1.0000 0.0000 0.0000	</row1>
					<row2>	-1.0000 0.0000 0.0000 0.0000	</row2>
					<row3>	0.7981 1.0092 -4.0203 1.0000	</row3>
				</transform>
			</node>
			<node>
				<identifier>	MP_AM723_Ammobox_INDEX_1	</identifier>
				<transform>
					<row0>	0.0000 0.0000 1.0000 0.0000	</row0>
					<row1>	0.0000 1.0000 0.0000 0.0000	</row1>
					<row2>	-1.0000 0.0000 0.0000 0.0000	</row2>
					<row3>	0.8009 0.9686 -3.0253 1.0000	</row3>
				</transform>
			</node>
			<node>
				<identifier>	MP_AM723_Ammobox_INDEX_2	</identifier>
				<transform>
					<row0>	0.0444 0.0000 -0.9990 0.0000	</row0>
					<row1>	0.0000 1.0000 0.0000 0.0000	</row1>
					<row2>	0.9990 0.0000 0.0444 0.0000	</row2>
					<row3>	-0.9308 1.0092 -3.6688 1.0000	</row3>
				</transform>
			</node>
			<node>
				<identifier>	MP_AM723_Ammobox_INDEX_3	</identifier>
				<transform>
					<row0>	0.0444 0.0000 -0.9990 0.0000	</row0>
					<row1>	0.0000 1.0000 0.0000 0.0000	</row1>
					<row2>	0.9990 0.0000 0.0444 0.0000	</row2>
					<row3>	-0.9420 1.0092 -3.4157 1.0000	</row3>
				</transform>
			</node>
			<node>
				<identifier>	MP_AM723_Ammobox_INDEX_4	</identifier>
				<transform>
					<row0>	0.0444 0.0000 -0.9990 0.0000	</row0>
					<row1>	0.0000 1.0000 0.0000 0.0000	</row1>
					<row2>	0.9990 0.0000 0.0444 0.0000	</row2>
					<row3>	-0.9531 1.0092 -3.1909 1.0000	</row3>
				</transform>
			</node>
			<node>
				<identifier>	MP_AM723_Ammobox_INDEX_5	</identifier>
				<transform>
					<row0>	0.0000 0.0000 1.0000 0.0000	</row0>
					<row1>	0.0000 1.0000 0.0000 0.0000	</row1>
					<row2>	-1.0000 0.0000 0.0000 0.0000	</row2>
					<row3>	0.7981 1.0092 -3.3402 1.0000	</row3>
				</transform>
			</node>
			<node>
				<identifier>	MP_AM723_Ammobox_INDEX_6	</identifier>
				<transform>
					<row0>	0.0444 0.0000 -0.9990 0.0000	</row0>
					<row1>	0.0000 1.0000 0.0000 0.0000	</row1>
					<row2>	0.9990 0.0000 0.0444 0.0000	</row2>
					<row3>	-0.9197 1.0092 -3.9180 1.0000	</row3>
				</transform>
			</node>
			<node>
				<identifier>	MP_AM723_Ammobox_INDEX_7	</identifier>
				<transform>
					<row0>	0.0000 0.0000 1.0000 0.0000	</row0>
					<row1>	0.0000 1.0000 0.0000 0.0000	</row1>
					<row2>	-1.0000 0.0000 0.0000 0.0000	</row2>
					<row3>	0.7981 1.0092 -4.9548 1.0000	</row3>
				</transform>
			</node>
			<node>
				<identifier>	MP_AM723_Ammobox_INDEX_8	</identifier>
				<transform>
					<row0>	0.0444 0.0000 -0.9990 0.0000	</row0>
					<row1>	0.0000 1.0000 0.0000 0.0000	</row1>
					<row2>	0.9990 0.0000 0.0444 0.0000	</row2>
					<row3>	-0.9667 1.0092 -2.8829 1.0000	</row3>
				</transform>
			</node>
			<node>
				<identifier>	MP_AM723_Ammobox_INDEX_9	</identifier>
				<transform>
					<row0>	0.0000 0.0000 1.0000 0.0000	</row0>
					<row1>	0.0000 1.0000 0.0000 0.0000	</row1>
					<row2>	-1.0000 0.0000 0.0000 0.0000	</row2>
					<row3>	0.7981 1.0092 -3.7738 1.0000	</row3>
				</transform>
			</node>
			<node>
				<identifier>	MP_CM011_Fire_Fighting_Gear	</identifier>
				<transform>
					<row0>	1.0000 0.0000 0.0000 0.0000	</row0>
					<row1>	0.0000 1.0000 0.0000 0.0000	</row1>
					<row2>	0.0000 0.0000 1.0000 0.0000	</row2>
					<row3>	-0.8336 0.5434 -3.7406 1.0000	</row3>
				</transform>
			</node>
			<node>
				<identifier>	MP_CM011_Fire_Fighting_Gear_INDEX_1	</identifier>
				<transform>
					<row0>	1.0000 0.0000 0.0000 0.0000	</row0>
					<row1>	0.0000 1.0000 0.0000 0.0000	</row1>
					<row2>	0.0000 0.0000 1.0000 0.0000	</row2>
					<row3>	0.8781 0.5422 -3.6922 1.0000	</row3>
				</transform>
			</node>
			<node>
				<identifier>	MP_CM012_Fire_Hose_Rack_1	</identifier>
				<transform>
					<row0>	0.9971 0.0000 0.0765 0.0000	</row0>
					<row1>	0.0000 1.0000 0.0000 0.0000	</row1>
					<row2>	-0.0765 0.0000 0.9971 0.0000	</row2>
					<row3>	-0.7153 0.6091 -3.7692 1.0000	</row3>
				</transform>
			</node>
			<node>
				<identifier>	MP_CM012_Fire_Hose_Rack_1_INDEX_1	</identifier>
				<transform>
					<row0>	0.0000 0.0000 1.0000 0.0000	</row0>
					<row1>	0.0000 1.0000 0.0000 0.0000	</row1>
					<row2>	-1.0000 0.0000 0.0000 0.0000	</row2>
					<row3>	0.8464 0.6144 -3.6857 1.0000	</row3>
				</transform>
			</node>
			<node>
				<identifier>	MP_CM029_Emergency_Box	</identifier>
				<transform>
					<row0>	0.0685 0.0000 -0.9977 0.0000	</row0>
					<row1>	0.0000 1.0000 0.0000 0.0000	</row1>
					<row2>	0.9977 0.0000 0.0685 0.0000	</row2>
					<row3>	-0.9007 1.0259 -3.2354 1.0000	</row3>
				</transform>
			</node>
			<node>
				<identifier>	MP_CM029_Emergency_Box_INDEX_1	</identifier>
				<transform>
					<row0>	0.0000 0.0000 1.0000 0.0000	</row0>
					<row1>	0.0000 1.0000 0.0000 0.0000	</row1>
					<row2>	-1.0000 0.0000 0.0000 0.0000	</row2>
					<row3>	0.7818 1.0663 -3.0978 1.0000	</row3>
				</transform>
			</node>
			<node>
				<identifier>	MP_CM029_Emergency_Box_INDEX_2	</identifier>
				<transform>
					<row0>	0.0000 0.0000 1.0000 0.0000	</row0>
					<row1>	0.0000 1.0000 0.0000 0.0000	</row1>
					<row2>	-1.0000 0.0000 0.0000 0.0000	</row2>
					<row3>	0.7818 1.0663 -3.9004 1.0000	</row3>
				</transform>
			</node>
			<node>
				<identifier>	MP_CM029_Emergency_Box_INDEX_3	</identifier>
				<transform>
					<row0>	0.0754 0.0000 -0.9972 0.0000	</row0>
					<row1>	0.0000 1.0000 0.0000 0.0000	</row1>
					<row2>	0.9972 0.0000 0.0754 0.0000	</row2>
					<row3>	-0.7840 1.0259 -4.7474 1.0000	</row3>
				</transform>
			</node>
			<node>
				<identifier>	MP_CM029_Emergency_Box_INDEX_4	</identifier>
				<transform>
					<row0>	0.0685 0.0000 -0.9977 0.0000	</row0>
					<row1>	0.0000 1.0000 0.0000 0.0000	</row1>
					<row2>	0.9977 0.0000 0.0685 0.0000	</row2>
					<row3>	-0.8567 1.0259 -3.8098 1.0000	</row3>
				</transform>
			</node>
			<node>
				<identifier>	MP_CM126_Cleat	</identifier>
				<transform>
					<row0>	0.9979 0.0000 0.0645 0.0000	</row0>
					<row1>	0.0000 1.0000 0.0000 0.0000	</row1>
					<row2>	-0.0645 0.0000 0.9979 0.0000	</row2>
					<row3>	-0.7990 0.5419 -3.4247 1.0000	</row3>
				</transform>
			</node>
			<node>
				<identifier>	SP_YMS011_YHWL_M_1_INDEX_1	</identifier>
				<transform>
					<row0>	0.9999 0.0154 0.0041 0.0000	</row0>
					<row1>	-0.0154 0.9999 -0.0028 0.0000	</row1>
					<row2>	-0.0042 0.0027 1.0000 0.0000	</row2>
					<row3>	-0.8488 0.0000 -2.4989 1.0000	</row3>
				</transform>
			</node>
			<node>
				<identifier>	SP_YMS011_YHWL_M_1_INDEX_2	</identifier>
				<transform>
					<row0>	0.9869 0.1607 0.0159 0.0000	</row0>
					<row1>	-0.1606 0.9870 -0.0050 0.0000	</row1>
					<row2>	-0.0164 0.0023 0.9999 0.0000	</row2>
					<row3>	-0.8295 -0.0006 -3.3443 1.0000	</row3>
				</transform>
			</node>
			<node>
				<identifier>	SP_YMS011_YHWL_M_1_INDEX_9	</identifier>
				<transform>
					<row0>	0.9576 0.2867 0.0282 0.0000	</row0>
					<row1>	-0.2866 0.9580 -0.0102 0.0000	</row1>
					<row2>	-0.0299 0.0017 0.9996 0.0000	</row2>
					<row3>	-0.8039 -0.0025 -4.1875 1.0000	</row3>
				</transform>
			</node>
			<node>
				<identifier>	SP_YMS012_YHWR_M_1_INDEX_10	</identifier>
				<transform>
					<row0>	0.9999 -0.0154 -0.0041 0.0000	</row0>
					<row1>	0.0154 0.9999 -0.0028 0.0000	</row1>
					<row2>	0.0042 0.0027 1.0000 0.0000	</row2>
					<row3>	0.8488 0.0000 -2.4989 1.0000	</row3>
				</transform>
			</node>
			<node>
				<identifier>	SP_YMS012_YHWR_M_1_INDEX_13	</identifier>
				<transform>
					<row0>	0.9869 -0.1607 -0.0159 0.0000	</row0>
					<row1>	0.1606 0.9870 -0.0050 0.0000	</row1>
					<row2>	0.0164 0.0023 0.9999 0.0000	</row2>
					<row3>	0.8295 -0.0006 -3.3443 1.0000	</row3>
				</transform>
			</node>
			<node>
				<identifier>	SP_YMS012_YHWR_M_1_INDEX_7	</identifier>
				<transform>
					<row0>	0.9576 -0.2867 -0.0282 0.0000	</row0>
					<row1>	0.2866 0.9580 -0.0102 0.0000	</row1>
					<row2>	0.0299 0.0017 0.9996 0.0000	</row2>
					<row3>	0.8039 -0.0025 -4.1875 1.0000	</row3>
				</transform>
			</node>
			<node>
				<identifier>	SP_YMS041_YHCS_M_1_INDEX_1	</identifier>
				<transform>
					<row0>	1.3046 0.0000 0.0000 0.0000	</row0>
					<row1>	0.0000 1.3046 0.0000 0.0000	</row1>
					<row2>	0.0000 0.0000 1.3046 0.0000	</row2>
					<row3>	-0.8765 0.6806 -3.2518 1.0000	</row3>
				</transform>
			</node>
			<node>
				<identifier>	SP_YMS041_YHCS_M_1_INDEX_3	</identifier>
				<transform>
					<row0>	1.2641 0.0000 0.0000 0.0000	</row0>
					<row1>	0.0000 1.2641 0.0000 0.0000	</row1>
					<row2>	0.0000 0.0000 1.2641 0.0000	</row2>
					<row3>	-0.8605 0.6739 -4.2171 1.0000	</row3>
				</transform>
			</node>
			<node>
				<identifier>	SP_YMS041_YHCS_M_1_INDEX_4	</identifier>
				<transform>
					<row0>	1.6739 0.0000 0.0000 0.0000	</row0>
					<row1>	0.0000 1.6739 0.0000 0.0000	</row1>
					<row2>	0.0000 0.0000 1.6739 0.0000	</row2>
					<row3>	0.8552 0.6600 -4.2692 1.0000	</row3>
				</transform>
			</node>
			<node>
				<identifier>	SP_YMS057_YHDH_M_1	</identifier>
				<transform>
					<row0>	1.1108 0.0000 0.0000 0.0000	</row0>
					<row1>	0.0000 1.1108 0.0000 0.0000	</row1>
					<row2>	0.0000 0.0000 1.2137 0.0000	</row2>
					<row3>	0.1570 1.0990 -1.9561 1.0000	</row3>
				</transform>
			</node>
			<node>
				<identifier>	SP_YMS061_YHGH_S_1_INDEX_4	</identifier>
				<transform>
					<row0>	0.0000 0.0000 0.8427 0.0000	</row0>
					<row1>	0.0000 0.8427 0.0000 0.0000	</row1>
					<row2>	-0.8427 0.0000 0.0000 0.0000	</row2>
					<row3>	0.9520 1.0400 -3.1204 1.0000	</row3>
				</transform>
			</node>
			<node>
				<identifier>	SP_YMS061_YHGH_S_1_INDEX_7	</identifier>
				<transform>
					<row0>	-0.1422 0.0000 0.6012 0.0000	</row0>
					<row1>	0.0000 0.6178 0.0000 0.0000	</row1>
					<row2>	-0.6012 0.0000 -0.1422 0.0000	</row2>
					<row3>	0.9131 1.0806 -4.8552 1.0000	</row3>
				</transform>
			</node>
			<node>
				<identifier>	SP_YMS063_YHGQ_S_1_INDEX_1	</identifier>
				<transform>
					<row0>	0.0020 0.0000 -0.5236 0.0000	</row0>
					<row1>	0.0000 0.5236 0.0000 0.0000	</row1>
					<row2>	0.5236 0.0000 0.0020 0.0000	</row2>
					<row3>	-1.0357 1.0859 -4.0194 1.0000	</row3>
				</transform>
			</node>
			<node>
				<identifier>	SP_YMS063_YHGQ_S_1_INDEX_11	</identifier>
				<transform>
					<row0>	0.0000 0.0000 -0.6561 0.0000	</row0>
					<row1>	0.0000 0.6561 0.0000 0.0000	</row1>
					<row2>	0.6561 0.0000 0.0000 0.0000	</row2>
					<row3>	-1.0439 1.0872 -3.2999 1.0000	</row3>
				</transform>
			</node>
			<node>
				<identifier>	SP_YMS063_YHGQ_S_1_INDEX_13	</identifier>
				<transform>
					<row0>	0.0000 0.0000 -0.6561 0.0000	</row0>
					<row1>	0.0000 0.6561 0.0000 0.0000	</row1>
					<row2>	0.6561 0.0000 0.0000 0.0000	</row2>
					<row3>	-1.0252 1.0872 -3.7754 1.0000	</row3>
				</transform>
			</node>
			<node>
				<identifier>	SP_YMS063_YHGQ_S_1_INDEX_2	</identifier>
				<transform>
					<row0>	0.0000 0.0000 -0.6561 0.0000	</row0>
					<row1>	0.0000 0.6561 0.0000 0.0000	</row1>
					<row2>	0.6561 0.0000 0.0000 0.0000	</row2>
					<row3>	-1.0586 1.0872 -3.0609 1.0000	</row3>
				</transform>
			</node>
			<node>
				<identifier>	SP_YMS063_YHGQ_S_1_INDEX_21	</identifier>
				<transform>
					<row0>	0.0000 0.0000 0.6730 0.0000	</row0>
					<row1>	0.0000 0.6730 0.0000 0.0000	</row1>
					<row2>	-0.6730 0.0000 0.0000 0.0000	</row2>
					<row3>	0.9041 1.0859 -3.4748 1.0000	</row3>
				</transform>
			</node>
			<node>
				<identifier>	SP_YMS063_YHGQ_S_1_INDEX_25	</identifier>
				<transform>
					<row0>	0.0000 0.0000 0.6317 0.0000	</row0>
					<row1>	0.0000 0.6317 0.0000 0.0000	</row1>
					<row2>	-0.6317 0.0000 0.0000 0.0000	</row2>
					<row3>	0.9134 1.0872 -3.9627 1.0000	</row3>
				</transform>
			</node>
			<node>
				<identifier>	SP_YMS063_YHGQ_S_1_INDEX_3	</identifier>
				<transform>
					<row0>	0.0000 0.0000 -0.6561 0.0000	</row0>
					<row1>	0.0000 0.6561 0.0000 0.0000	</row1>
					<row2>	0.6561 0.0000 0.0000 0.0000	</row2>
					<row3>	-1.0332 1.0872 -3.5367 1.0000	</row3>
				</transform>
			</node>
			<node>
				<identifier>	SP_YMS063_YHGQ_S_1_INDEX_31	</identifier>
				<transform>
					<row0>	0.0953 0.0000 0.5181 0.0000	</row0>
					<row1>	0.0000 0.5268 0.0000 0.0000	</row1>
					<row2>	-0.5181 0.0000 0.0953 0.0000	</row2>
					<row3>	0.9203 1.0411 -2.7812 1.0000	</row3>
				</transform>
			</node>
			<node>
				<identifier>	SP_YMS063_YHGQ_S_1_INDEX_4	</identifier>
				<transform>
					<row0>	0.0000 0.0000 0.6317 0.0000	</row0>
					<row1>	0.0000 0.6317 0.0000 0.0000	</row1>
					<row2>	-0.6317 0.0000 0.0000 0.0000	</row2>
					<row3>	0.9134 1.0872 -3.7185 1.0000	</row3>
				</transform>
			</node>
			<node>
				<identifier>	SP_YMS072_YHHC_M_1	</identifier>
				<transform>
					<row0>	0.0019 0.0000 -1.0000 0.0000	</row0>
					<row1>	-0.2477 0.9688 -0.0005 0.0000	</row1>
					<row2>	0.9688 0.2477 0.0018 0.0000	</row2>
					<row3>	-0.8163 0.2173 1.1708 1.0000	</row3>
				</transform>
			</node>
			<node>
				<identifier>	SP_YMS072_YHHC_M_1_INDEX_5	</identifier>
				<transform>
					<row0>	0.0019 0.0000 -1.0000 0.0000	</row0>
					<row1>	-0.1569 0.9876 -0.0003 0.0000	</row1>
					<row2>	0.9876 0.1569 0.0019 0.0000	</row2>
					<row3>	-0.8276 0.2134 0.6375 1.0000	</row3>
				</transform>
			</node>
			<node>
				<identifier>	SP_YMS073_YHHC_M_2_INDEX_3	</identifier>
				<transform>
					<row0>	-0.0067 -0.0016 -1.0000 0.0000	</row0>
					<row1>	-0.1804 0.9836 -0.0003 0.0000	</row1>
					<row2>	0.9836 0.1804 -0.0068 0.0000	</row2>
					<row3>	-0.8291 0.2134 0.9041 1.0000	</row3>
				</transform>
			</node>
			<node>
				<identifier>	SP_YMS080_YHSL_M_1_INDEX_1	</identifier>
				<transform>
					<row0>	0.9769 0.2130 0.0154 0.0000	</row0>
					<row1>	-0.2130 0.9770 0.0000 0.0000	</row1>
					<row2>	-0.0150 -0.0033 0.9999 0.0000	</row2>
					<row3>	-0.8543 0.2444 -4.3027 1.0000	</row3>
				</transform>
			</node>
			<node>
				<identifier>	SP_YMS081_YHSR_M_1_INDEX_4	</identifier>
				<transform>
					<row0>	0.9769 -0.2130 -0.0154 0.0000	</row0>
					<row1>	0.2130 0.9770 0.0000 0.0000	</row1>
					<row2>	0.0150 -0.0033 0.9999 0.0000	</row2>
					<row3>	0.8543 0.2444 -4.3027 1.0000	</row3>
				</transform>
			</node>
			<node>
				<identifier>	SP_YMS083_YHSC_L_1	</identifier>
				<transform>
					<row0>	0.0074 0.0014 1.3350 0.0000	</row0>
					<row1>	0.3602 1.2855 -0.0034 0.0000	</row1>
					<row2>	-1.2855 0.3602 0.0068 0.0000	</row2>
					<row3>	0.9286 0.5560 -3.5127 1.0000	</row3>
				</transform>
			</node>
			<node>
				<identifier>	SP_YMS083_YHSC_L_1_INDEX_3	</identifier>
				<transform>
					<row0>	0.0074 -0.0014 -1.3350 0.0000	</row0>
					<row1>	-0.3844 1.2785 -0.0035 0.0000	</row1>
					<row2>	1.2784 0.3844 0.0067 0.0000	</row2>
					<row3>	-0.9289 0.5411 -3.2876 1.0000	</row3>
				</transform>
			</node>
			<node>
				<identifier>	SP_YMS084_YHSC_L_2_INDEX_2	</identifier>
				<transform>
					<row0>	-0.0023 -0.0012 1.3350 0.0000	</row0>
					<row1>	0.3749 1.2813 0.0018 0.0000	</row1>
					<row2>	-1.2813 0.3749 -0.0019 0.0000	</row2>
					<row3>	0.9401 0.5518 -2.3527 1.0000	</row3>
				</transform>
			</node>
		</node>
	</node>
	<boundingBox>
		<min>	-0.0667 -0.0667 -0.0667	</min>
		<max>	0.0667 0.0667 0.0667	</max>
	</boundingBox>
</ASA007_Hornet_1942_MidBack_ports.visual>
