<RAF708_Lavochkin_La_9_float_lod3.visual>
	<node>
		<identifier>	Scene Root	</identifier>
		<transform>
			<row0>	1.0000 0.0000 0.0000 0.0000	</row0>
			<row1>	0.0000 1.0000 0.0000 0.0000	</row1>
			<row2>	0.0000 0.0000 1.0000 0.0000	</row2>
			<row3>	0.0000 0.0000 0.0000 1.0000	</row3>
		</transform>
		<node>
			<identifier>	Root	</identifier>
			<transform>
				<row0>	1.0000 0.0000 0.0000 0.0000	</row0>
				<row1>	0.0000 1.0000 0.0000 0.0000	</row1>
				<row2>	0.0000 0.0000 1.0000 0.0000	</row2>
				<row3>	0.0000 0.0000 0.0000 1.0000	</row3>
			</transform>
			<node>
				<identifier>	HP_Air_break_1	</identifier>
				<transform>
					<row0>	1.0000 0.0000 0.0000 0.0000	</row0>
					<row1>	0.0000 1.0000 0.0000 0.0000	</row1>
					<row2>	0.0000 0.0000 1.0000 0.0000	</row2>
					<row3>	-0.1091 0.1487 -0.0173 1.0000	</row3>
				</transform>
			</node>
			<node>
				<identifier>	HP_Air_break_2	</identifier>
				<transform>
					<row0>	1.0000 0.0000 0.0000 0.0000	</row0>
					<row1>	0.0000 1.0000 0.0000 0.0000	</row1>
					<row2>	0.0000 0.0000 1.0000 0.0000	</row2>
					<row3>	0.1091 0.1486 -0.0172 1.0000	</row3>
				</transform>
			</node>
			<node>
				<identifier>	HP_Air_death_1	</identifier>
				<transform>
					<row0>	1.0000 0.0000 0.0000 0.0000	</row0>
					<row1>	0.0000 1.0000 0.0000 0.0000	</row1>
					<row2>	0.0000 0.0000 1.0000 0.0000	</row2>
					<row3>	0.0000 0.1769 0.0812 1.0000	</row3>
				</transform>
			</node>
			<node>
				<identifier>	HP_Air_enginelight_1	</identifier>
				<transform>
					<row0>	0.9906 -0.1228 -0.0602 0.0000	</row0>
					<row1>	0.1226 0.9924 -0.0074 0.0000	</row1>
					<row2>	0.0606 0.0000 0.9982 0.0000	</row2>
					<row3>	-0.0383 0.1909 0.0863 1.0000	</row3>
				</transform>
			</node>
			<node>
				<identifier>	HP_Air_enginelight_10	</identifier>
				<transform>
					<row0>	0.9878 0.1349 0.0781 0.0000	</row0>
					<row1>	-0.1347 0.9909 -0.0082 0.0000	</row1>
					<row2>	-0.0785 -0.0024 0.9969 0.0000	</row2>
					<row3>	0.0397 0.1784 0.0863 1.0000	</row3>
				</transform>
			</node>
			<node>
				<identifier>	HP_Air_enginelight_11	</identifier>
				<transform>
					<row0>	0.9934 -0.0193 0.1131 0.0000	</row0>
					<row1>	0.0069 0.9940 0.1091 0.0000	</row1>
					<row2>	-0.1146 -0.1076 0.9876 0.0000	</row2>
					<row3>	0.0399 0.1747 0.0833 1.0000	</row3>
				</transform>
			</node>
			<node>
				<identifier>	HP_Air_enginelight_12	</identifier>
				<transform>
					<row0>	0.9929 -0.0274 0.1160 0.0000	</row0>
					<row1>	0.0108 0.9899 0.1415 0.0000	</row1>
					<row2>	-0.1187 -0.1393 0.9831 0.0000	</row2>
					<row3>	0.0401 0.1710 0.0796 1.0000	</row3>
				</transform>
			</node>
			<node>
				<identifier>	HP_Air_enginelight_2	</identifier>
				<transform>
					<row0>	0.9936 -0.0953 -0.0604 0.0000	</row0>
					<row1>	0.0951 0.9954 -0.0058 0.0000	</row1>
					<row2>	0.0606 0.0000 0.9982 0.0000	</row2>
					<row3>	-0.0387 0.1869 0.0863 1.0000	</row3>
				</transform>
			</node>
			<node>
				<identifier>	HP_Air_enginelight_3	</identifier>
				<transform>
					<row0>	0.9878 -0.1349 -0.0781 0.0000	</row0>
					<row1>	0.1347 0.9909 -0.0082 0.0000	</row1>
					<row2>	0.0785 -0.0024 0.9969 0.0000	</row2>
					<row3>	-0.0392 0.1826 0.0863 1.0000	</row3>
				</transform>
			</node>
			<node>
				<identifier>	HP_Air_enginelight_4	</identifier>
				<transform>
					<row0>	0.9878 -0.1349 -0.0781 0.0000	</row0>
					<row1>	0.1347 0.9909 -0.0082 0.0000	</row1>
					<row2>	0.0785 -0.0024 0.9969 0.0000	</row2>
					<row3>	-0.0397 0.1784 0.0863 1.0000	</row3>
				</transform>
			</node>
			<node>
				<identifier>	HP_Air_enginelight_5	</identifier>
				<transform>
					<row0>	0.9934 0.0193 -0.1131 0.0000	</row0>
					<row1>	-0.0069 0.9940 0.1091 0.0000	</row1>
					<row2>	0.1146 -0.1076 0.9876 0.0000	</row2>
					<row3>	-0.0399 0.1747 0.0833 1.0000	</row3>
				</transform>
			</node>
			<node>
				<identifier>	HP_Air_enginelight_6	</identifier>
				<transform>
					<row0>	0.9929 0.0274 -0.1160 0.0000	</row0>
					<row1>	-0.0108 0.9899 0.1415 0.0000	</row1>
					<row2>	0.1187 -0.1393 0.9831 0.0000	</row2>
					<row3>	-0.0401 0.1710 0.0796 1.0000	</row3>
				</transform>
			</node>
			<node>
				<identifier>	HP_Air_enginelight_7	</identifier>
				<transform>
					<row0>	0.9906 0.1228 0.0602 0.0000	</row0>
					<row1>	-0.1226 0.9924 -0.0074 0.0000	</row1>
					<row2>	-0.0607 0.0000 0.9982 0.0000	</row2>
					<row3>	0.0383 0.1909 0.0863 1.0000	</row3>
				</transform>
			</node>
			<node>
				<identifier>	HP_Air_enginelight_8	</identifier>
				<transform>
					<row0>	0.9936 0.0953 0.0604 0.0000	</row0>
					<row1>	-0.0951 0.9954 -0.0058 0.0000	</row1>
					<row2>	-0.0606 0.0000 0.9982 0.0000	</row2>
					<row3>	0.0387 0.1869 0.0863 1.0000	</row3>
				</transform>
			</node>
			<node>
				<identifier>	HP_Air_enginelight_9	</identifier>
				<transform>
					<row0>	0.9878 0.1349 0.0781 0.0000	</row0>
					<row1>	-0.1347 0.9909 -0.0082 0.0000	</row1>
					<row2>	-0.0785 -0.0024 0.9969 0.0000	</row2>
					<row3>	0.0392 0.1826 0.0863 1.0000	</row3>
				</transform>
			</node>
			<node>
				<identifier>	HP_Air_fire_1	</identifier>
				<transform>
					<row0>	1.0000 0.0000 0.0000 0.0000	</row0>
					<row1>	0.0000 1.0000 0.0000 0.0000	</row1>
					<row2>	0.0000 0.0000 1.0000 0.0000	</row2>
					<row3>	-0.0392 0.1826 0.0863 1.0000	</row3>
				</transform>
			</node>
			<node>
				<identifier>	HP_Air_fire_2	</identifier>
				<transform>
					<row0>	1.0000 0.0000 0.0000 0.0000	</row0>
					<row1>	0.0000 1.0000 0.0000 0.0000	</row1>
					<row2>	0.0000 0.0000 1.0000 0.0000	</row2>
					<row3>	0.0401 0.1710 0.0796 1.0000	</row3>
				</transform>
			</node>
			<node>
				<identifier>	HP_Air_fire_3	</identifier>
				<transform>
					<row0>	1.0000 0.0000 0.0000 0.0000	</row0>
					<row1>	0.0000 1.0000 0.0000 0.0000	</row1>
					<row2>	0.0000 0.0000 1.0000 0.0000	</row2>
					<row3>	0.0000 0.2141 0.1445 1.0000	</row3>
				</transform>
			</node>
			<node>
				<identifier>	HP_Air_fire_4	</identifier>
				<transform>
					<row0>	1.0000 0.0000 0.0000 0.0000	</row0>
					<row1>	0.0000 1.0000 0.0000 0.0000	</row1>
					<row2>	0.0000 0.0000 1.0000 0.0000	</row2>
					<row3>	0.0912 0.1640 0.0322 1.0000	</row3>
				</transform>
			</node>
			<node>
				<identifier>	HP_Air_fire_5	</identifier>
				<transform>
					<row0>	1.0000 0.0000 0.0000 0.0000	</row0>
					<row1>	0.0000 1.0000 0.0000 0.0000	</row1>
					<row2>	0.0000 0.0000 1.0000 0.0000	</row2>
					<row3>	-0.1596 0.1685 0.0311 1.0000	</row3>
				</transform>
			</node>
			<node>
				<identifier>	HP_Air_fire_6	</identifier>
				<transform>
					<row0>	1.0000 0.0000 0.0000 0.0000	</row0>
					<row1>	0.0000 1.0000 0.0000 0.0000	</row1>
					<row2>	0.0000 0.0000 1.0000 0.0000	</row2>
					<row3>	0.0000 0.1322 0.0517 1.0000	</row3>
				</transform>
			</node>
			<node>
				<identifier>	HP_Air_fire_7	</identifier>
				<transform>
					<row0>	1.0000 0.0000 0.0000 0.0000	</row0>
					<row1>	0.0000 1.0000 0.0000 0.0000	</row1>
					<row2>	0.0000 0.0000 1.0000 0.0000	</row2>
					<row3>	0.0000 0.1660 -0.2435 1.0000	</row3>
				</transform>
			</node>
			<node>
				<identifier>	HP_Air_flytrail_1	</identifier>
				<transform>
					<row0>	1.0000 0.0000 0.0000 0.0000	</row0>
					<row1>	0.0000 1.0000 0.0000 0.0000	</row1>
					<row2>	0.0000 0.0000 1.0000 0.0000	</row2>
					<row3>	-0.3267 0.1775 0.0288 1.0000	</row3>
				</transform>
			</node>
			<node>
				<identifier>	HP_Air_flytrail_2	</identifier>
				<transform>
					<row0>	1.0000 0.0000 0.0000 0.0000	</row0>
					<row1>	0.0000 1.0000 0.0000 0.0000	</row1>
					<row2>	0.0000 0.0000 1.0000 0.0000	</row2>
					<row3>	0.3267 0.1775 0.0288 1.0000	</row3>
				</transform>
			</node>
			<node>
				<identifier>	HP_Air_gunfire_1	</identifier>
				<transform>
					<row0>	1.0000 0.0000 0.0000 0.0000	</row0>
					<row1>	0.0000 1.0000 0.0000 0.0000	</row1>
					<row2>	0.0000 0.0000 1.0000 0.0000	</row2>
					<row3>	-0.0307 0.1996 0.1574 1.0000	</row3>
				</transform>
			</node>
			<node>
				<identifier>	HP_Air_gunfire_2	</identifier>
				<transform>
					<row0>	1.0000 0.0000 0.0000 0.0000	</row0>
					<row1>	0.0000 0.9989 -0.0470 0.0000	</row1>
					<row2>	0.0000 0.0470 0.9989 0.0000	</row2>
					<row3>	-0.0162 0.2145 0.1541 1.0000	</row3>
				</transform>
			</node>
			<node>
				<identifier>	HP_Air_gunfire_3	</identifier>
				<transform>
					<row0>	1.0000 0.0000 0.0000 0.0000	</row0>
					<row1>	0.0000 0.9988 -0.0496 0.0000	</row1>
					<row2>	0.0000 0.0496 0.9988 0.0000	</row2>
					<row3>	0.0168 0.2145 0.1541 1.0000	</row3>
				</transform>
			</node>
			<node>
				<identifier>	HP_Air_gunfire_4	</identifier>
				<transform>
					<row0>	1.0000 0.0000 0.0000 0.0000	</row0>
					<row1>	0.0000 1.0000 0.0000 0.0000	</row1>
					<row2>	0.0000 0.0000 1.0000 0.0000	</row2>
					<row3>	0.0290 0.2017 0.1574 1.0000	</row3>
				</transform>
			</node>
			<node>
				<identifier>	HP_Air_ricochet_1	</identifier>
				<transform>
					<row0>	1.0000 0.0000 0.0000 0.0000	</row0>
					<row1>	0.0000 1.0000 0.0000 0.0000	</row1>
					<row2>	0.0000 0.0000 1.0000 0.0000	</row2>
					<row3>	0.2054 0.1581 0.0316 1.0000	</row3>
				</transform>
			</node>
			<node>
				<identifier>	HP_Air_ricochet_2	</identifier>
				<transform>
					<row0>	1.0000 0.0000 0.0000 0.0000	</row0>
					<row1>	0.0000 1.0000 0.0000 0.0000	</row1>
					<row2>	0.0000 0.0000 1.0000 0.0000	</row2>
					<row3>	-0.0355 0.1854 -0.0524 1.0000	</row3>
				</transform>
			</node>
			<node>
				<identifier>	HP_Air_ricochet_3	</identifier>
				<transform>
					<row0>	1.0000 0.0000 0.0000 0.0000	</row0>
					<row1>	0.0000 1.0000 0.0000 0.0000	</row1>
					<row2>	0.0000 0.0000 1.0000 0.0000	</row2>
					<row3>	-0.2038 0.1728 0.0442 1.0000	</row3>
				</transform>
			</node>
			<node>
				<identifier>	HP_Air_ricochet_4	</identifier>
				<transform>
					<row0>	1.0000 0.0000 0.0000 0.0000	</row0>
					<row1>	0.0000 1.0000 0.0000 0.0000	</row1>
					<row2>	0.0000 0.0000 1.0000 0.0000	</row2>
					<row3>	0.0190 0.1736 -0.2111 1.0000	</row3>
				</transform>
			</node>
			<node>
				<identifier>	HP_Air_ricochet_5	</identifier>
				<transform>
					<row0>	1.0000 0.0000 0.0000 0.0000	</row0>
					<row1>	0.0000 1.0000 0.0000 0.0000	</row1>
					<row2>	0.0000 0.0000 1.0000 0.0000	</row2>
					<row3>	-0.1034 0.2068 -0.2958 1.0000	</row3>
				</transform>
			</node>
			<node>
				<identifier>	HP_Air_ricochet_6	</identifier>
				<transform>
					<row0>	1.0000 0.0000 0.0000 0.0000	</row0>
					<row1>	0.0000 1.0000 0.0000 0.0000	</row1>
					<row2>	0.0000 0.0000 1.0000 0.0000	</row2>
					<row3>	-0.0029 0.2591 -0.2868 1.0000	</row3>
				</transform>
			</node>
			<node>
				<identifier>	HP_Air_ricochet_7	</identifier>
				<transform>
					<row0>	1.0000 0.0000 0.0000 0.0000	</row0>
					<row1>	0.0000 1.0000 0.0000 0.0000	</row1>
					<row2>	0.0000 0.0000 1.0000 0.0000	</row2>
					<row3>	0.0356 0.0498 0.1680 1.0000	</row3>
				</transform>
			</node>
			<node>
				<identifier>	HP_Air_ricochet_8	</identifier>
				<transform>
					<row0>	1.0000 0.0000 0.0000 0.0000	</row0>
					<row1>	0.0000 1.0000 0.0000 0.0000	</row1>
					<row2>	0.0000 0.0000 1.0000 0.0000	</row2>
					<row3>	-0.0218 0.0515 -0.1955 1.0000	</row3>
				</transform>
			</node>
			<node>
				<identifier>	HP_Air_ricochet_9	</identifier>
				<transform>
					<row0>	1.0000 0.0000 0.0000 0.0000	</row0>
					<row1>	0.0000 1.0000 0.0000 0.0000	</row1>
					<row2>	0.0000 0.0000 1.0000 0.0000	</row2>
					<row3>	-0.2992 0.0600 0.0960 1.0000	</row3>
				</transform>
			</node>
			<node>
				<identifier>	HP_Air_rocket_1	</identifier>
				<transform>
					<row0>	0.9949 -0.1012 0.0000 0.0000	</row0>
					<row1>	0.1012 0.9949 0.0000 0.0000	</row1>
					<row2>	0.0000 0.0000 1.0000 0.0000	</row2>
					<row3>	-0.1299 0.1417 0.0676 1.0000	</row3>
				</transform>
			</node>
			<node>
				<identifier>	HP_Air_rocket_2	</identifier>
				<transform>
					<row0>	0.9949 0.1012 0.0000 0.0000	</row0>
					<row1>	-0.1012 0.9949 0.0000 0.0000	</row1>
					<row2>	0.0000 0.0000 1.0000 0.0000	</row2>
					<row3>	0.1299 0.1417 0.0675 1.0000	</row3>
				</transform>
			</node>
			<node>
				<identifier>	HP_Air_rocket_3	</identifier>
				<transform>
					<row0>	0.9949 0.1012 0.0000 0.0000	</row0>
					<row1>	-0.1012 0.9949 0.0000 0.0000	</row1>
					<row2>	0.0000 0.0000 1.0000 0.0000	</row2>
					<row3>	0.1619 0.1453 0.0676 1.0000	</row3>
				</transform>
			</node>
			<node>
				<identifier>	HP_Air_rocket_4	</identifier>
				<transform>
					<row0>	0.9949 -0.1012 0.0000 0.0000	</row0>
					<row1>	0.1012 0.9949 0.0000 0.0000	</row1>
					<row2>	0.0000 0.0000 1.0000 0.0000	</row2>
					<row3>	-0.1619 0.1453 0.0676 1.0000	</row3>
				</transform>
			</node>
			<node>
				<identifier>	HP_jato_1	</identifier>
				<transform>
					<row0>	0.3837 -0.9219 0.0533 0.0000	</row0>
					<row1>	0.9228 0.3806 -0.0606 0.0000	</row1>
					<row2>	0.0356 0.0724 0.9967 0.0000	</row2>
					<row3>	-0.0227 0.1617 -0.1454 1.0000	</row3>
				</transform>
			</node>
			<node>
				<identifier>	HP_jato_2	</identifier>
				<transform>
					<row0>	0.3837 0.9219 -0.0533 0.0000	</row0>
					<row1>	-0.9228 0.3806 -0.0606 0.0000	</row1>
					<row2>	-0.0356 0.0724 0.9967 0.0000	</row2>
					<row3>	0.0227 0.1618 -0.1455 1.0000	</row3>
				</transform>
			</node>
			<node>
				<identifier>	Root_BlendBone	</identifier>
				<transform>
					<row0>	1.0000 0.0000 0.0000 0.0000	</row0>
					<row1>	0.0000 1.0000 0.0000 0.0000	</row1>
					<row2>	0.0000 0.0000 1.0000 0.0000	</row2>
					<row3>	0.0000 0.0000 0.0000 1.0000	</row3>
				</transform>
			</node>
			<node>
				<identifier>	elevator_1	</identifier>
				<transform>
					<row0>	1.0000 0.0000 0.0000 0.0000	</row0>
					<row1>	0.0000 1.0000 0.0000 0.0000	</row1>
					<row2>	0.0000 0.0000 1.0000 0.0000	</row2>
					<row3>	0.0000 0.2089 -0.3011 1.0000	</row3>
				</transform>
				<rotate>
					<min>	-21.0000 0.0000 0.0000	</min>
					<max>	12.0000 0.0000 0.0000	</max>
				</rotate>
				<node>
					<identifier>	elevator_1_BlendBone	</identifier>
					<transform>
						<row0>	1.0000 0.0000 0.0000 0.0000	</row0>
						<row1>	0.0000 1.0000 0.0000 0.0000	</row1>
						<row2>	0.0000 0.0000 1.0000 0.0000	</row2>
						<row3>	0.0000 -0.2089 0.3011 1.0000	</row3>
					</transform>
				</node>
			</node>
			<node>
				<identifier>	l_ailerone_1	</identifier>
				<transform>
					<row0>	0.9899 -0.1079 -0.0922 0.0000	</row0>
					<row1>	0.1083 0.9941 0.0000 0.0000	</row1>
					<row2>	0.0917 -0.0100 0.9957 0.0000	</row2>
					<row3>	-0.3112 0.1739 -0.0060 1.0000	</row3>
				</transform>
				<rotate>
					<min>	-18.5000 -5.2900 -6.2200	</min>
					<max>	18.5000 -5.2900 -6.2200	</max>
				</rotate>
				<node>
					<identifier>	l_ailerone_1_BlendBone	</identifier>
					<transform>
						<row0>	0.9899 0.1083 0.0917 0.0000	</row0>
						<row1>	-0.1079 0.9941 -0.0100 0.0000	</row1>
						<row2>	-0.0922 0.0000 0.9957 0.0000	</row2>
						<row3>	0.3263 -0.1391 0.0362 1.0000	</row3>
					</transform>
				</node>
			</node>
			<node>
				<identifier>	l_flaps_1	</identifier>
				<transform>
					<row0>	0.9898 -0.1138 -0.0854 0.0000	</row0>
					<row1>	0.1142 0.9935 0.0000 0.0000	</row1>
					<row2>	0.0849 -0.0098 0.9963 0.0000	</row2>
					<row3>	-0.0211 0.1386 -0.0250 1.0000	</row3>
				</transform>
				<rotate>
					<min>	0.0000 -4.9000 -6.5600	</min>
					<max>	60.0000 -4.9000 -6.5600	</max>
				</rotate>
				<node>
					<identifier>	l_flaps_1_BlendBone	</identifier>
					<transform>
						<row0>	0.9898 0.1142 0.0849 0.0000	</row0>
						<row1>	-0.1138 0.9935 -0.0098 0.0000	</row1>
						<row2>	-0.0854 0.0000 0.9963 0.0000	</row2>
						<row3>	0.0345 -0.1352 0.0281 1.0000	</row3>
					</transform>
				</node>
			</node>
			<node>
				<identifier>	r_ailerone_1	</identifier>
				<transform>
					<row0>	0.9899 0.1079 0.0922 0.0000	</row0>
					<row1>	-0.1083 0.9941 0.0000 0.0000	</row1>
					<row2>	-0.0917 -0.0100 0.9957 0.0000	</row2>
					<row3>	0.3112 0.1739 -0.0060 1.0000	</row3>
				</transform>
				<rotate>
					<min>	-18.5000 5.2900 6.2200	</min>
					<max>	18.5000 5.2900 6.2200	</max>
				</rotate>
				<node>
					<identifier>	r_ailerone_1_BlendBone	</identifier>
					<transform>
						<row0>	0.9899 -0.1083 -0.0917 0.0000	</row0>
						<row1>	0.1079 0.9941 -0.0100 0.0000	</row1>
						<row2>	0.0922 0.0000 0.9957 0.0000	</row2>
						<row3>	-0.3263 -0.1391 0.0362 1.0000	</row3>
					</transform>
				</node>
			</node>
			<node>
				<identifier>	r_flaps_1	</identifier>
				<transform>
					<row0>	0.9898 0.1138 0.0854 0.0000	</row0>
					<row1>	-0.1142 0.9935 0.0000 0.0000	</row1>
					<row2>	-0.0849 -0.0098 0.9963 0.0000	</row2>
					<row3>	0.0226 0.1387 -0.0248 1.0000	</row3>
				</transform>
				<rotate>
					<min>	0.0000 4.9000 6.5600	</min>
					<max>	60.0000 4.9000 6.5600	</max>
				</rotate>
				<node>
					<identifier>	r_flaps_1_BlendBone	</identifier>
					<transform>
						<row0>	0.9898 -0.1142 -0.0849 0.0000	</row0>
						<row1>	0.1138 0.9935 -0.0098 0.0000	</row1>
						<row2>	0.0854 0.0000 0.9963 0.0000	</row2>
						<row3>	-0.0360 -0.1352 0.0280 1.0000	</row3>
					</transform>
				</node>
			</node>
			<node>
				<identifier>	rudder_1	</identifier>
				<transform>
					<row0>	1.0000 0.0000 0.0000 0.0000	</row0>
					<row1>	0.0000 1.0000 0.0000 0.0000	</row1>
					<row2>	0.0000 0.0000 1.0000 0.0000	</row2>
					<row3>	0.0000 0.2310 -0.3145 1.0000	</row3>
				</transform>
				<rotate>
					<min>	0.0000 -25.0000 0.0000	</min>
					<max>	0.0000 25.0000 0.0000	</max>
				</rotate>
				<node>
					<identifier>	rudder_1_BlendBone	</identifier>
					<transform>
						<row0>	1.0000 0.0000 0.0000 0.0000	</row0>
						<row1>	0.0000 1.0000 0.0000 0.0000	</row1>
						<row2>	0.0000 0.0000 1.0000 0.0000	</row2>
						<row3>	0.0000 -0.2310 0.3145 1.0000	</row3>
					</transform>
				</node>
			</node>
		</node>
		<node>
			<identifier>	hull	</identifier>
			<transform>
				<row0>	1.0000 0.0000 0.0000 0.0000	</row0>
				<row1>	0.0000 1.0000 0.0000 0.0000	</row1>
				<row2>	0.0000 0.0000 1.0000 0.0000	</row2>
				<row3>	0.0000 0.0000 0.0000 1.0000	</row3>
			</transform>
			<node>
				<identifier>	float_mod_Blendbone	</identifier>
				<transform>
					<row0>	1.0000 0.0000 0.0000 0.0000	</row0>
					<row1>	0.0000 1.0000 0.0000 0.0000	</row1>
					<row2>	0.0000 0.0000 1.0000 0.0000	</row2>
					<row3>	0.0000 0.0000 0.0000 1.0000	</row3>
				</transform>
			</node>
			<node>
				<identifier>	propeller_mod	</identifier>
				<transform>
					<row0>	1.0000 0.0000 0.0000 0.0000	</row0>
					<row1>	0.0000 1.0000 0.0000 0.0000	</row1>
					<row2>	0.0000 0.0000 1.0000 0.0000	</row2>
					<row3>	0.0000 0.1769 0.1877 1.0000	</row3>
				</transform>
				<node>
					<identifier>	mod	</identifier>
					<transform>
						<row0>	1.0000 0.0000 0.0000 0.0000	</row0>
						<row1>	0.0000 1.0000 0.0000 0.0000	</row1>
						<row2>	0.0000 0.0000 1.0000 0.0000	</row2>
						<row3>	0.0000 0.0000 0.0000 1.0000	</row3>
					</transform>
				</node>
			</node>
		</node>
	</node>
	<renderSet>
		<treatAsWorldSpaceObject>	false	</treatAsWorldSpaceObject>
		<node>	float_mod_Blendbone	</node>
		<geometry>
			<vertices>	float_mod_Blendbone_lod3Shape.vertices	</vertices>
			<primitive>	float_mod_Blendbone_lod3Shape.indices	</primitive>
			<primitiveGroup>	0
				<material>
					<identifier>	TL2_SHIPMAT_PBS_Other	</identifier>
					<mfm>	PnFMods/ModsSDK.zip/RSC810_Komissar/aircraft/RAF708_float.mfm	</mfm>
				</material>
			</primitiveGroup>
		</geometry>
	</renderSet>
	<renderSet>
		<treatAsWorldSpaceObject>	true	</treatAsWorldSpaceObject>
		<node>	Root_BlendBone	</node>
		<geometry>
			<vertices>	hull_lod3Shape.vertices	</vertices>
			<primitive>	hull_lod3Shape.indices	</primitive>
			<primitiveGroup>	0
				<material>
					<identifier>	TL2_SHIPMAT_PBS_Hull_skinned	</identifier>
					<mfm>	PnFMods/ModsSDK.zip/RSC810_Komissar/aircraft/RAF708_Lavochkin_La_9_float_skinned.mfm	</mfm>
				</material>
			</primitiveGroup>
		</geometry>
	</renderSet>
	<renderSet>
		<treatAsWorldSpaceObject>	false	</treatAsWorldSpaceObject>
		<node>	mod	</node>
		<geometry>
			<vertices>	mod_lod3Shape.vertices	</vertices>
			<primitive>	mod_lod3Shape.indices	</primitive>
			<primitiveGroup>	0
				<material>
					<identifier>	TL2_SHIPMAT_PBS_Hull	</identifier>
					<mfm>	PnFMods/ModsSDK.zip/RSC810_Komissar/aircraft/RAF708_Lavochkin_La_9_float.mfm	</mfm>
				</material>
			</primitiveGroup>
		</geometry>
	</renderSet>
	<boundingBox>
		<min>	-0.3249 -0.0054 -0.3589	</min>
		<max>	0.3249 0.2955 0.3275	</max>
	</boundingBox>
</RAF708_Lavochkin_La_9_float_lod3.visual>
