<ISD008_Luca_Tarigo_1940_MidBack_ports.visual>
	<node>
		<identifier>	Scene Root	</identifier>
		<transform>
			<row0>	1.0000 0.0000 0.0000 0.0000	</row0>
			<row1>	0.0000 1.0000 0.0000 0.0000	</row1>
			<row2>	0.0000 0.0000 1.0000 0.0000	</row2>
			<row3>	0.0000 0.0000 0.0000 1.0000	</row3>
		</transform>
		<node>
			<identifier>	MidBack_ports	</identifier>
			<transform>
				<row0>	1.0000 0.0000 0.0000 0.0000	</row0>
				<row1>	0.0000 1.0000 0.0000 0.0000	</row1>
				<row2>	0.0000 0.0000 1.0000 0.0000	</row2>
				<row3>	0.0000 0.0000 0.0000 1.0000	</row3>
			</transform>
			<node>
				<identifier>	HP_FX_Death_3	</identifier>
				<transform>
					<row0>	1.0000 0.0000 0.0000 0.0000	</row0>
					<row1>	0.0000 1.0000 0.0000 0.0000	</row1>
					<row2>	0.0000 0.0000 1.0000 0.0000	</row2>
					<row3>	0.0000 0.0590 -2.1023 1.0000	</row3>
				</transform>
			</node>
			<node>
				<identifier>	HP_FX_Fire_3	</identifier>
				<transform>
					<row0>	1.0000 0.0000 0.0000 0.0000	</row0>
					<row1>	0.0000 1.0000 0.0000 0.0000	</row1>
					<row2>	0.0000 0.0000 1.0000 0.0000	</row2>
					<row3>	0.0000 0.2295 -1.1682 1.0000	</row3>
				</transform>
			</node>
			<node>
				<identifier>	HP_FX_Fire_3_side_1	</identifier>
				<transform>
					<row0>	1.0000 0.0000 0.0000 0.0000	</row0>
					<row1>	0.0000 1.0000 0.0000 0.0000	</row1>
					<row2>	0.0000 0.0000 1.0000 0.0000	</row2>
					<row3>	-0.2844 0.2418 -0.5131 1.0000	</row3>
				</transform>
			</node>
			<node>
				<identifier>	HP_FX_Fire_3_side_2	</identifier>
				<transform>
					<row0>	1.0000 0.0000 0.0000 0.0000	</row0>
					<row1>	0.0000 1.0000 0.0000 0.0000	</row1>
					<row2>	0.0000 0.0000 1.0000 0.0000	</row2>
					<row3>	0.2122 0.1856 -1.8373 1.0000	</row3>
				</transform>
			</node>
			<node>
				<identifier>	HP_FX_FloodLight_left_1	</identifier>
				<transform>
					<row0>	-1.0000 0.0000 0.0000 0.0000	</row0>
					<row1>	0.0000 1.0000 0.0000 0.0000	</row1>
					<row2>	0.0000 0.0000 -1.0000 0.0000	</row2>
					<row3>	-0.1298 0.3228 -1.3093 1.0000	</row3>
				</transform>
			</node>
			<node>
				<identifier>	HP_FX_FloodLight_right_1	</identifier>
				<transform>
					<row0>	1.0000 0.0000 0.0000 0.0000	</row0>
					<row1>	0.0000 1.0000 0.0000 0.0000	</row1>
					<row2>	0.0000 0.0000 1.0000 0.0000	</row2>
					<row3>	0.1304 0.3223 -1.3088 1.0000	</row3>
				</transform>
			</node>
			<node>
				<identifier>	HP_FX_Flood_steam_3	</identifier>
				<transform>
					<row0>	1.0000 0.0000 0.0000 0.0000	</row0>
					<row1>	0.0000 0.9730 -0.2308 0.0000	</row1>
					<row2>	0.0000 0.2308 0.9730 0.0000	</row2>
					<row3>	0.0759 0.6910 -0.9928 1.0000	</row3>
				</transform>
			</node>
			<node>
				<identifier>	HP_FX_Flood_steam_4	</identifier>
				<transform>
					<row0>	1.0000 0.0000 0.0000 0.0000	</row0>
					<row1>	0.0000 0.9730 -0.2308 0.0000	</row1>
					<row2>	0.0000 0.2308 0.9730 0.0000	</row2>
					<row3>	-0.0749 0.6910 -0.9930 1.0000	</row3>
				</transform>
			</node>
			<node>
				<identifier>	HP_FX_Flood_steam_right	</identifier>
				<transform>
					<row0>	1.0000 0.0000 0.0000 0.0000	</row0>
					<row1>	0.0000 1.0000 0.0000 0.0000	</row1>
					<row2>	0.0000 0.0000 1.0000 0.0000	</row2>
					<row3>	0.2960 0.1518 -2.2255 1.0000	</row3>
				</transform>
			</node>
			<node>
				<identifier>	HP_FX_Flood_water_left	</identifier>
				<transform>
					<row0>	-1.0000 0.0000 0.0000 0.0000	</row0>
					<row1>	0.0000 1.0000 0.0000 0.0000	</row1>
					<row2>	0.0000 0.0000 -1.0000 0.0000	</row2>
					<row3>	-0.3545 0.0704 -1.2401 1.0000	</row3>
				</transform>
			</node>
			<node>
				<identifier>	HP_FX_Flood_water_right	</identifier>
				<transform>
					<row0>	0.9992 0.0000 -0.0409 0.0000	</row0>
					<row1>	0.0000 1.0000 0.0000 0.0000	</row1>
					<row2>	0.0409 0.0000 0.9992 0.0000	</row2>
					<row3>	0.3547 0.0706 -1.2398 1.0000	</row3>
				</transform>
			</node>
			<node>
				<identifier>	HP_FX_Smoke_2	</identifier>
				<transform>
					<row0>	1.0000 0.0000 0.0000 0.0000	</row0>
					<row1>	0.0000 0.9929 -0.1188 0.0000	</row1>
					<row2>	0.0000 0.1188 0.9929 0.0000	</row2>
					<row3>	0.0000 0.7025 -0.8936 1.0000	</row3>
				</transform>
			</node>
			<node>
				<identifier>	HP_IF_1	</identifier>
				<transform>
					<row0>	-1.0000 0.0000 0.0000 0.0000	</row0>
					<row1>	0.0000 1.0000 0.0000 0.0000	</row1>
					<row2>	0.0000 0.0000 -1.0000 0.0000	</row2>
					<row3>	-0.0017 0.3883 -1.3980 1.0000	</row3>
				</transform>
			</node>
			<node>
				<identifier>	HP_IGA_5	</identifier>
				<transform>
					<row0>	0.0000 0.0000 1.0000 0.0000	</row0>
					<row1>	0.0000 1.0000 0.0000 0.0000	</row1>
					<row2>	-1.0000 0.0000 0.0000 0.0000	</row2>
					<row3>	-0.2385 0.1921 -0.3003 1.0000	</row3>
				</transform>
			</node>
			<node>
				<identifier>	HP_IGA_6	</identifier>
				<transform>
					<row0>	0.0000 0.0000 -1.0000 0.0000	</row0>
					<row1>	0.0000 1.0000 0.0000 0.0000	</row1>
					<row2>	1.0000 0.0000 0.0000 0.0000	</row2>
					<row3>	0.2385 0.1921 -0.3003 1.0000	</row3>
				</transform>
			</node>
			<node>
				<identifier>	HP_IGA_7	</identifier>
				<transform>
					<row0>	0.0000 0.0000 1.0000 0.0000	</row0>
					<row1>	0.0000 1.0000 0.0000 0.0000	</row1>
					<row2>	-1.0000 0.0000 0.0000 0.0000	</row2>
					<row3>	-0.0682 0.3598 -1.2752 1.0000	</row3>
				</transform>
			</node>
			<node>
				<identifier>	HP_IGA_8	</identifier>
				<transform>
					<row0>	1.0000 0.0000 0.0000 0.0000	</row0>
					<row1>	0.0000 1.0000 0.0000 0.0000	</row1>
					<row2>	0.0000 0.0000 1.0000 0.0000	</row2>
					<row3>	0.0682 0.3598 -1.2752 1.0000	</row3>
				</transform>
			</node>
			<node>
				<identifier>	HP_IGM_2	</identifier>
				<transform>
					<row0>	1.0000 0.0000 0.0000 0.0000	</row0>
					<row1>	0.0000 1.0000 0.0000 0.0000	</row1>
					<row2>	0.0000 0.0000 1.0000 0.0000	</row2>
					<row3>	0.0000 0.3406 -0.3530 1.0000	</row3>
				</transform>
			</node>
			<node>
				<identifier>	HP_IGM_3	</identifier>
				<transform>
					<row0>	-1.0000 0.0000 0.0000 0.0000	</row0>
					<row1>	0.0000 1.0000 0.0000 0.0000	</row1>
					<row2>	0.0000 0.0000 -1.0000 0.0000	</row2>
					<row3>	0.0000 0.3358 -2.4945 1.0000	</row3>
				</transform>
			</node>
			<node>
				<identifier>	HP_IGT_2	</identifier>
				<transform>
					<row0>	1.0000 0.0000 0.0000 0.0000	</row0>
					<row1>	0.0000 1.0000 0.0000 0.0000	</row1>
					<row2>	0.0000 0.0000 1.0000 0.0000	</row2>
					<row3>	0.0000 0.2242 -1.8086 1.0000	</row3>
				</transform>
			</node>
			<node>
				<identifier>	HP_flag_nation	</identifier>
				<transform>
					<row0>	0.9882 -0.1510 0.0270 0.0000	</row0>
					<row1>	0.1510 0.9266 -0.3444 0.0000	</row1>
					<row2>	0.0270 0.3444 0.9385 0.0000	</row2>
					<row3>	-0.0010 1.1300 -2.4505 1.0000	</row3>
				</transform>
			</node>
			<node>
				<identifier>	HP_flag_rank	</identifier>
				<transform>
					<row0>	1.0000 0.0000 0.0000 0.0000	</row0>
					<row1>	0.0000 0.9913 -0.1317 0.0000	</row1>
					<row2>	0.0000 0.1317 0.9913 0.0000	</row2>
					<row3>	0.0000 1.4568 -2.3767 1.0000	</row3>
				</transform>
			</node>
			<node>
				<identifier>	MP_CM014_Fuel_Oil_Hose	</identifier>
				<transform>
					<row0>	-1.0000 0.0000 0.0000 0.0000	</row0>
					<row1>	0.0000 1.0000 0.0000 0.0000	</row1>
					<row2>	0.0000 0.0000 -1.0000 0.0000	</row2>
					<row3>	0.1351 0.2123 -0.6348 1.0000	</row3>
				</transform>
			</node>
			<node>
				<identifier>	MP_CM014_Fuel_Oil_Hose_INDEX_1	</identifier>
				<transform>
					<row0>	1.0000 0.0000 -0.0008 0.0000	</row0>
					<row1>	0.0000 1.0000 0.0000 0.0000	</row1>
					<row2>	0.0008 0.0000 1.0000 0.0000	</row2>
					<row3>	-0.1352 0.2123 -1.1193 1.0000	</row3>
				</transform>
			</node>
			<node>
				<identifier>	MP_CM014_Fuel_Oil_Hose_INDEX_2	</identifier>
				<transform>
					<row0>	-1.0000 0.0000 0.0000 0.0000	</row0>
					<row1>	0.0000 1.0000 0.0000 0.0000	</row1>
					<row2>	0.0000 0.0000 -1.0000 0.0000	</row2>
					<row3>	0.1350 0.2040 -0.1517 1.0000	</row3>
				</transform>
			</node>
			<node>
				<identifier>	MP_CM014_Fuel_Oil_Hose_INDEX_3	</identifier>
				<transform>
					<row0>	1.0000 0.0000 0.0000 0.0000	</row0>
					<row1>	0.0000 1.0000 0.0000 0.0000	</row1>
					<row2>	0.0000 0.0000 1.0000 0.0000	</row2>
					<row3>	-0.1377 0.2059 -0.2617 1.0000	</row3>
				</transform>
			</node>
			<node>
				<identifier>	MP_CM015_Bundle_1	</identifier>
				<transform>
					<row0>	1.0000 0.0000 0.0000 0.0000	</row0>
					<row1>	0.0000 1.0000 0.0000 0.0000	</row1>
					<row2>	0.0000 0.0000 1.0000 0.0000	</row2>
					<row3>	0.0740 0.2942 -1.1375 1.0000	</row3>
				</transform>
			</node>
			<node>
				<identifier>	MP_CM022_Anchor_3	</identifier>
				<transform>
					<row0>	0.0000 -1.1382 -0.0867 0.0000	</row0>
					<row1>	0.0000 0.0867 -1.1382 0.0000	</row1>
					<row2>	1.1415 0.0000 0.0000 0.0000	</row2>
					<row3>	0.0499 0.3107 -1.1147 1.0000	</row3>
				</transform>
			</node>
			<node>
				<identifier>	MP_CM029_Emergency_Box	</identifier>
				<transform>
					<row0>	-0.6651 0.0084 0.5326 0.0000	</row0>
					<row1>	0.0107 0.8520 0.0000 0.0000	</row1>
					<row2>	-0.5326 0.0067 -0.6651 0.0000	</row2>
					<row3>	0.0922 0.2680 -0.2266 1.0000	</row3>
				</transform>
			</node>
			<node>
				<identifier>	MP_CM029_Emergency_Box_INDEX_1	</identifier>
				<transform>
					<row0>	0.0000 0.0000 -1.0000 0.0000	</row0>
					<row1>	0.0000 1.0000 0.0000 0.0000	</row1>
					<row2>	1.0000 0.0000 0.0000 0.0000	</row2>
					<row3>	-0.0560 0.2846 -0.2497 1.0000	</row3>
				</transform>
			</node>
			<node>
				<identifier>	MP_CM029_Emergency_Box_INDEX_2	</identifier>
				<transform>
					<row0>	-1.0000 0.0000 0.0000 0.0000	</row0>
					<row1>	0.0000 1.0000 0.0000 0.0000	</row1>
					<row2>	0.0000 0.0000 -1.0000 0.0000	</row2>
					<row3>	0.1054 0.3728 -0.5386 1.0000	</row3>
				</transform>
			</node>
			<node>
				<identifier>	MP_CM029_Emergency_Box_INDEX_3	</identifier>
				<transform>
					<row0>	0.9696 0.0000 -0.2445 0.0000	</row0>
					<row1>	0.0000 1.0000 0.0000 0.0000	</row1>
					<row2>	0.2445 0.0000 0.9696 0.0000	</row2>
					<row3>	0.0662 0.3969 -1.1922 1.0000	</row3>
				</transform>
			</node>
			<node>
				<identifier>	MP_CM029_Emergency_Box_INDEX_4	</identifier>
				<transform>
					<row0>	0.0000 0.0000 1.0000 0.0000	</row0>
					<row1>	0.0000 1.0000 0.0000 0.0000	</row1>
					<row2>	-1.0000 0.0000 0.0000 0.0000	</row2>
					<row3>	0.1203 0.2635 -2.3525 1.0000	</row3>
				</transform>
			</node>
			<node>
				<identifier>	MP_CM029_Emergency_Box_INDEX_5	</identifier>
				<transform>
					<row0>	0.0000 0.0000 -1.0000 0.0000	</row0>
					<row1>	0.0000 1.0000 0.0000 0.0000	</row1>
					<row2>	1.0000 0.0000 0.0000 0.0000	</row2>
					<row3>	-0.1203 0.2635 -2.3525 1.0000	</row3>
				</transform>
			</node>
			<node>
				<identifier>	MP_CM029_Emergency_Box_INDEX_6	</identifier>
				<transform>
					<row0>	0.9998 0.0000 -0.0205 0.0000	</row0>
					<row1>	0.0000 1.0000 0.0000 0.0000	</row1>
					<row2>	0.0205 0.0000 0.9998 0.0000	</row2>
					<row3>	-0.0993 0.2635 -1.3584 1.0000	</row3>
				</transform>
			</node>
			<node>
				<identifier>	MP_CM056_Ships_bell	</identifier>
				<transform>
					<row0>	0.7629 0.0000 0.0000 0.0000	</row0>
					<row1>	0.0000 0.7629 0.0000 0.0000	</row1>
					<row2>	0.0000 0.0000 0.7629 0.0000	</row2>
					<row3>	0.0000 0.3292 -2.1342 1.0000	</row3>
				</transform>
			</node>
			<node>
				<identifier>	MP_CM076_Fender	</identifier>
				<transform>
					<row0>	0.4006 0.0000 0.0000 0.0000	</row0>
					<row1>	0.0000 0.4006 0.0000 0.0000	</row1>
					<row2>	0.0000 0.0000 0.4006 0.0000	</row2>
					<row3>	-0.0665 0.2947 -1.1909 1.0000	</row3>
				</transform>
			</node>
			<node>
				<identifier>	MP_CM076_Fender_INDEX_1	</identifier>
				<transform>
					<row0>	0.4006 0.0000 0.0000 0.0000	</row0>
					<row1>	0.0000 0.4006 0.0000 0.0000	</row1>
					<row2>	0.0000 0.0000 0.4006 0.0000	</row2>
					<row3>	0.0665 0.2947 -1.1909 1.0000	</row3>
				</transform>
			</node>
			<node>
				<identifier>	MP_CM082_Rope	</identifier>
				<transform>
					<row0>	0.3553 0.0077 -0.0424 0.0000	</row0>
					<row1>	-0.0077 0.3578 0.0009 0.0000	</row1>
					<row2>	0.0424 0.0000 0.3554 0.0000	</row2>
					<row3>	-0.1268 0.3678 -2.1934 1.0000	</row3>
				</transform>
			</node>
			<node>
				<identifier>	MP_CM082_Rope_INDEX_1	</identifier>
				<transform>
					<row0>	0.4272 0.0092 -0.0262 0.0000	</row0>
					<row1>	-0.0092 0.4280 0.0006 0.0000	</row1>
					<row2>	0.0262 0.0000 0.4273 0.0000	</row2>
					<row3>	-0.1266 0.3677 -2.1862 1.0000	</row3>
				</transform>
			</node>
			<node>
				<identifier>	MP_CM082_Rope_INDEX_10	</identifier>
				<transform>
					<row0>	0.3114 -0.0068 0.0292 0.0000	</row0>
					<row1>	0.0067 0.3127 0.0006 0.0000	</row1>
					<row2>	-0.0292 0.0000 0.3114 0.0000	</row2>
					<row3>	0.1271 0.3679 -2.1981 1.0000	</row3>
				</transform>
			</node>
			<node>
				<identifier>	MP_CM082_Rope_INDEX_2	</identifier>
				<transform>
					<row0>	0.3604 0.0078 -0.0338 0.0000	</row0>
					<row1>	-0.0078 0.3620 0.0007 0.0000	</row1>
					<row2>	0.0338 0.0000 0.3605 0.0000	</row2>
					<row3>	-0.1257 0.3677 -2.1686 1.0000	</row3>
				</transform>
			</node>
			<node>
				<identifier>	MP_CM082_Rope_INDEX_3	</identifier>
				<transform>
					<row0>	0.4054 0.0088 -0.0380 0.0000	</row0>
					<row1>	-0.0088 0.4072 0.0008 0.0000	</row1>
					<row2>	0.0380 0.0000 0.4055 0.0000	</row2>
					<row3>	-0.1264 0.3677 -2.1798 1.0000	</row3>
				</transform>
			</node>
			<node>
				<identifier>	MP_CM082_Rope_INDEX_4	</identifier>
				<transform>
					<row0>	0.3114 0.0068 -0.0292 0.0000	</row0>
					<row1>	-0.0067 0.3127 0.0006 0.0000	</row1>
					<row2>	0.0292 0.0000 0.3114 0.0000	</row2>
					<row3>	-0.1259 0.3682 -2.1743 1.0000	</row3>
				</transform>
			</node>
			<node>
				<identifier>	MP_CM082_Rope_INDEX_5	</identifier>
				<transform>
					<row0>	0.3553 -0.0077 0.0424 0.0000	</row0>
					<row1>	0.0077 0.3578 0.0009 0.0000	</row1>
					<row2>	-0.0424 0.0000 0.3554 0.0000	</row2>
					<row3>	0.1268 0.3678 -2.1934 1.0000	</row3>
				</transform>
			</node>
			<node>
				<identifier>	MP_CM082_Rope_INDEX_6	</identifier>
				<transform>
					<row0>	0.4272 -0.0092 0.0262 0.0000	</row0>
					<row1>	0.0092 0.4280 0.0006 0.0000	</row1>
					<row2>	-0.0262 0.0000 0.4273 0.0000	</row2>
					<row3>	0.1266 0.3677 -2.1862 1.0000	</row3>
				</transform>
			</node>
			<node>
				<identifier>	MP_CM082_Rope_INDEX_7	</identifier>
				<transform>
					<row0>	0.4054 -0.0088 0.0380 0.0000	</row0>
					<row1>	0.0088 0.4072 0.0008 0.0000	</row1>
					<row2>	-0.0380 0.0000 0.4055 0.0000	</row2>
					<row3>	0.1264 0.3677 -2.1798 1.0000	</row3>
				</transform>
			</node>
			<node>
				<identifier>	MP_CM082_Rope_INDEX_8	</identifier>
				<transform>
					<row0>	0.3375 -0.0073 -0.0159 0.0000	</row0>
					<row1>	0.0073 0.3379 -0.0003 0.0000	</row1>
					<row2>	0.0159 0.0000 0.3376 0.0000	</row2>
					<row3>	0.1262 0.3681 -2.1741 1.0000	</row3>
				</transform>
			</node>
			<node>
				<identifier>	MP_CM082_Rope_INDEX_9	</identifier>
				<transform>
					<row0>	0.3604 -0.0078 0.0338 0.0000	</row0>
					<row1>	0.0078 0.3620 0.0007 0.0000	</row1>
					<row2>	-0.0338 0.0000 0.3605 0.0000	</row2>
					<row3>	0.1257 0.3677 -2.1686 1.0000	</row3>
				</transform>
			</node>
			<node>
				<identifier>	MP_CM126_Cleat	</identifier>
				<transform>
					<row0>	-0.1686 0.0000 -0.2305 0.0000	</row0>
					<row1>	-0.2305 0.0000 0.1686 0.0000	</row1>
					<row2>	0.0000 0.2856 0.0000 0.0000	</row2>
					<row3>	0.2438 0.2612 -2.5906 1.0000	</row3>
				</transform>
			</node>
			<node>
				<identifier>	MP_CM126_Cleat_INDEX_1	</identifier>
				<transform>
					<row0>	-0.1686 0.0000 0.2305 0.0000	</row0>
					<row1>	0.2305 0.0000 0.1686 0.0000	</row1>
					<row2>	0.0000 0.2856 0.0000 0.0000	</row2>
					<row3>	-0.2438 0.2612 -2.5906 1.0000	</row3>
				</transform>
			</node>
			<node>
				<identifier>	MP_CM163_Workbench	</identifier>
				<transform>
					<row0>	0.9916 0.0000 0.1293 0.0000	</row0>
					<row1>	0.0000 1.0000 0.0000 0.0000	</row1>
					<row2>	-0.1293 0.0000 0.9916 0.0000	</row2>
					<row3>	-0.0997 0.3593 -1.3890 1.0000	</row3>
				</transform>
			</node>
			<node>
				<identifier>	MP_IM010_Life_Jacket	</identifier>
				<transform>
					<row0>	0.8350 0.0000 0.5503 0.0000	</row0>
					<row1>	0.0000 1.0000 0.0000 0.0000	</row1>
					<row2>	-0.5503 0.0000 0.8350 0.0000	</row2>
					<row3>	-0.1390 0.3950 -0.5325 1.0000	</row3>
				</transform>
			</node>
			<node>
				<identifier>	MP_IM010_Life_Jacket_INDEX_1	</identifier>
				<transform>
					<row0>	0.8350 0.0000 0.5503 0.0000	</row0>
					<row1>	0.0000 1.0000 0.0000 0.0000	</row1>
					<row2>	-0.5503 0.0000 0.8350 0.0000	</row2>
					<row3>	-0.1522 0.3950 -0.5125 1.0000	</row3>
				</transform>
			</node>
			<node>
				<identifier>	MP_IM010_Life_Jacket_INDEX_10	</identifier>
				<transform>
					<row0>	0.9908 0.0000 -0.1352 0.0000	</row0>
					<row1>	0.0000 1.0000 0.0000 0.0000	</row1>
					<row2>	0.1352 0.0000 0.9908 0.0000	</row2>
					<row3>	-0.2143 0.3950 -0.3047 1.0000	</row3>
				</transform>
			</node>
			<node>
				<identifier>	MP_IM010_Life_Jacket_INDEX_11	</identifier>
				<transform>
					<row0>	0.9690 0.0000 -0.2469 0.0000	</row0>
					<row1>	0.0000 1.0000 0.0000 0.0000	</row1>
					<row2>	0.2469 0.0000 0.9690 0.0000	</row2>
					<row3>	-0.2109 0.3950 -0.2804 1.0000	</row3>
				</transform>
			</node>
			<node>
				<identifier>	MP_IM010_Life_Jacket_INDEX_12	</identifier>
				<transform>
					<row0>	0.9275 0.0000 -0.3739 0.0000	</row0>
					<row1>	0.0000 1.0000 0.0000 0.0000	</row1>
					<row2>	0.3739 0.0000 0.9275 0.0000	</row2>
					<row3>	-0.2017 0.3950 -0.2585 1.0000	</row3>
				</transform>
			</node>
			<node>
				<identifier>	MP_IM010_Life_Jacket_INDEX_13	</identifier>
				<transform>
					<row0>	0.9163 0.0000 -0.4005 0.0000	</row0>
					<row1>	0.0000 1.0000 0.0000 0.0000	</row1>
					<row2>	0.4005 0.0000 0.9163 0.0000	</row2>
					<row3>	-0.1924 0.3950 -0.2361 1.0000	</row3>
				</transform>
			</node>
			<node>
				<identifier>	MP_IM010_Life_Jacket_INDEX_14	</identifier>
				<transform>
					<row0>	0.7918 0.0000 -0.6108 0.0000	</row0>
					<row1>	0.0000 1.0000 0.0000 0.0000	</row1>
					<row2>	0.6108 0.0000 0.7918 0.0000	</row2>
					<row3>	-0.1786 0.3950 -0.2149 1.0000	</row3>
				</transform>
			</node>
			<node>
				<identifier>	MP_IM010_Life_Jacket_INDEX_15	</identifier>
				<transform>
					<row0>	0.7918 0.0000 -0.6108 0.0000	</row0>
					<row1>	0.0000 1.0000 0.0000 0.0000	</row1>
					<row2>	0.6108 0.0000 0.7918 0.0000	</row2>
					<row3>	-0.1639 0.3950 -0.1957 1.0000	</row3>
				</transform>
			</node>
			<node>
				<identifier>	MP_IM010_Life_Jacket_INDEX_16	</identifier>
				<transform>
					<row0>	0.6937 0.0000 -0.7203 0.0000	</row0>
					<row1>	0.0000 1.0000 0.0000 0.0000	</row1>
					<row2>	0.7203 0.0000 0.6937 0.0000	</row2>
					<row3>	-0.1479 0.3950 -0.1768 1.0000	</row3>
				</transform>
			</node>
			<node>
				<identifier>	MP_IM010_Life_Jacket_INDEX_17	</identifier>
				<transform>
					<row0>	0.6937 0.0000 -0.7203 0.0000	</row0>
					<row1>	0.0000 1.0000 0.0000 0.0000	</row1>
					<row2>	0.7203 0.0000 0.6937 0.0000	</row2>
					<row3>	-0.1304 0.3950 -0.1603 1.0000	</row3>
				</transform>
			</node>
			<node>
				<identifier>	MP_IM010_Life_Jacket_INDEX_18	</identifier>
				<transform>
					<row0>	0.6937 0.0000 0.7203 0.0000	</row0>
					<row1>	0.0000 1.0000 0.0000 0.0000	</row1>
					<row2>	-0.7203 0.0000 0.6937 0.0000	</row2>
					<row3>	0.1304 0.3950 -0.1603 1.0000	</row3>
				</transform>
			</node>
			<node>
				<identifier>	MP_IM010_Life_Jacket_INDEX_19	</identifier>
				<transform>
					<row0>	0.6937 0.0000 0.7203 0.0000	</row0>
					<row1>	0.0000 1.0000 0.0000 0.0000	</row1>
					<row2>	-0.7203 0.0000 0.6937 0.0000	</row2>
					<row3>	0.1479 0.3950 -0.1768 1.0000	</row3>
				</transform>
			</node>
			<node>
				<identifier>	MP_IM010_Life_Jacket_INDEX_2	</identifier>
				<transform>
					<row0>	0.8663 0.0000 0.4995 0.0000	</row0>
					<row1>	0.0000 1.0000 0.0000 0.0000	</row1>
					<row2>	-0.4995 0.0000 0.8663 0.0000	</row2>
					<row3>	-0.1654 0.3950 -0.4917 1.0000	</row3>
				</transform>
			</node>
			<node>
				<identifier>	MP_IM010_Life_Jacket_INDEX_20	</identifier>
				<transform>
					<row0>	0.7918 0.0000 0.6108 0.0000	</row0>
					<row1>	0.0000 1.0000 0.0000 0.0000	</row1>
					<row2>	-0.6108 0.0000 0.7918 0.0000	</row2>
					<row3>	0.1639 0.3950 -0.1957 1.0000	</row3>
				</transform>
			</node>
			<node>
				<identifier>	MP_IM010_Life_Jacket_INDEX_21	</identifier>
				<transform>
					<row0>	0.7918 0.0000 0.6108 0.0000	</row0>
					<row1>	0.0000 1.0000 0.0000 0.0000	</row1>
					<row2>	-0.6108 0.0000 0.7918 0.0000	</row2>
					<row3>	0.1786 0.3950 -0.2149 1.0000	</row3>
				</transform>
			</node>
			<node>
				<identifier>	MP_IM010_Life_Jacket_INDEX_22	</identifier>
				<transform>
					<row0>	0.9163 0.0000 0.4005 0.0000	</row0>
					<row1>	0.0000 1.0000 0.0000 0.0000	</row1>
					<row2>	-0.4005 0.0000 0.9163 0.0000	</row2>
					<row3>	0.1924 0.3950 -0.2361 1.0000	</row3>
				</transform>
			</node>
			<node>
				<identifier>	MP_IM010_Life_Jacket_INDEX_23	</identifier>
				<transform>
					<row0>	0.9275 0.0000 0.3739 0.0000	</row0>
					<row1>	0.0000 1.0000 0.0000 0.0000	</row1>
					<row2>	-0.3739 0.0000 0.9275 0.0000	</row2>
					<row3>	0.2017 0.3950 -0.2585 1.0000	</row3>
				</transform>
			</node>
			<node>
				<identifier>	MP_IM010_Life_Jacket_INDEX_24	</identifier>
				<transform>
					<row0>	0.9690 0.0000 0.2469 0.0000	</row0>
					<row1>	0.0000 1.0000 0.0000 0.0000	</row1>
					<row2>	-0.2469 0.0000 0.9690 0.0000	</row2>
					<row3>	0.2109 0.3950 -0.2804 1.0000	</row3>
				</transform>
			</node>
			<node>
				<identifier>	MP_IM010_Life_Jacket_INDEX_25	</identifier>
				<transform>
					<row0>	0.9908 0.0000 0.1352 0.0000	</row0>
					<row1>	0.0000 1.0000 0.0000 0.0000	</row1>
					<row2>	-0.1352 0.0000 0.9908 0.0000	</row2>
					<row3>	0.2143 0.3950 -0.3047 1.0000	</row3>
				</transform>
			</node>
			<node>
				<identifier>	MP_IM010_Life_Jacket_INDEX_26	</identifier>
				<transform>
					<row0>	0.9908 0.0000 0.1352 0.0000	</row0>
					<row1>	0.0000 1.0000 0.0000 0.0000	</row1>
					<row2>	-0.1352 0.0000 0.9908 0.0000	</row2>
					<row3>	0.2176 0.3950 -0.3288 1.0000	</row3>
				</transform>
			</node>
			<node>
				<identifier>	MP_IM010_Life_Jacket_INDEX_27	</identifier>
				<transform>
					<row0>	0.9901 0.0000 -0.1402 0.0000	</row0>
					<row1>	0.0000 1.0000 0.0000 0.0000	</row1>
					<row2>	0.1402 0.0000 0.9901 0.0000	</row2>
					<row3>	0.2169 0.3950 -0.3552 1.0000	</row3>
				</transform>
			</node>
			<node>
				<identifier>	MP_IM010_Life_Jacket_INDEX_28	</identifier>
				<transform>
					<row0>	0.9901 0.0000 -0.1402 0.0000	</row0>
					<row1>	0.0000 1.0000 0.0000 0.0000	</row1>
					<row2>	0.1402 0.0000 0.9901 0.0000	</row2>
					<row3>	0.2136 0.3950 -0.3790 1.0000	</row3>
				</transform>
			</node>
			<node>
				<identifier>	MP_IM010_Life_Jacket_INDEX_29	</identifier>
				<transform>
					<row0>	0.9241 0.0000 -0.3822 0.0000	</row0>
					<row1>	0.0000 1.0000 0.0000 0.0000	</row1>
					<row2>	0.3822 0.0000 0.9241 0.0000	</row2>
					<row3>	0.2080 0.3950 -0.4034 1.0000	</row3>
				</transform>
			</node>
			<node>
				<identifier>	MP_IM010_Life_Jacket_INDEX_3	</identifier>
				<transform>
					<row0>	0.8664 0.0000 0.4994 0.0000	</row0>
					<row1>	0.0000 1.0000 0.0000 0.0000	</row1>
					<row2>	-0.4994 0.0000 0.8664 0.0000	</row2>
					<row3>	-0.1778 0.3950 -0.4703 1.0000	</row3>
				</transform>
			</node>
			<node>
				<identifier>	MP_IM010_Life_Jacket_INDEX_30	</identifier>
				<transform>
					<row0>	0.9241 0.0000 -0.3822 0.0000	</row0>
					<row1>	0.0000 1.0000 0.0000 0.0000	</row1>
					<row2>	0.3822 0.0000 0.9241 0.0000	</row2>
					<row3>	0.1989 0.3950 -0.4257 1.0000	</row3>
				</transform>
			</node>
			<node>
				<identifier>	MP_IM010_Life_Jacket_INDEX_31	</identifier>
				<transform>
					<row0>	0.8941 0.0000 -0.4478 0.0000	</row0>
					<row1>	0.0000 1.0000 0.0000 0.0000	</row1>
					<row2>	0.4478 0.0000 0.8941 0.0000	</row2>
					<row3>	0.1891 0.3950 -0.4490 1.0000	</row3>
				</transform>
			</node>
			<node>
				<identifier>	MP_IM010_Life_Jacket_INDEX_32	</identifier>
				<transform>
					<row0>	0.8664 0.0000 -0.4994 0.0000	</row0>
					<row1>	0.0000 1.0000 0.0000 0.0000	</row1>
					<row2>	0.4994 0.0000 0.8664 0.0000	</row2>
					<row3>	0.1778 0.3950 -0.4703 1.0000	</row3>
				</transform>
			</node>
			<node>
				<identifier>	MP_IM010_Life_Jacket_INDEX_33	</identifier>
				<transform>
					<row0>	0.8663 0.0000 -0.4995 0.0000	</row0>
					<row1>	0.0000 1.0000 0.0000 0.0000	</row1>
					<row2>	0.4995 0.0000 0.8663 0.0000	</row2>
					<row3>	0.1654 0.3950 -0.4917 1.0000	</row3>
				</transform>
			</node>
			<node>
				<identifier>	MP_IM010_Life_Jacket_INDEX_34	</identifier>
				<transform>
					<row0>	0.8350 0.0000 -0.5503 0.0000	</row0>
					<row1>	0.0000 1.0000 0.0000 0.0000	</row1>
					<row2>	0.5503 0.0000 0.8350 0.0000	</row2>
					<row3>	0.1522 0.3950 -0.5125 1.0000	</row3>
				</transform>
			</node>
			<node>
				<identifier>	MP_IM010_Life_Jacket_INDEX_35	</identifier>
				<transform>
					<row0>	0.8350 0.0000 -0.5503 0.0000	</row0>
					<row1>	0.0000 1.0000 0.0000 0.0000	</row1>
					<row2>	0.5503 0.0000 0.8350 0.0000	</row2>
					<row3>	0.1390 0.3950 -0.5325 1.0000	</row3>
				</transform>
			</node>
			<node>
				<identifier>	MP_IM010_Life_Jacket_INDEX_36	</identifier>
				<transform>
					<row0>	0.6785 0.0000 0.7346 0.0000	</row0>
					<row1>	0.0000 1.0000 0.0000 0.0000	</row1>
					<row2>	-0.7346 0.0000 0.6785 0.0000	</row2>
					<row3>	0.1394 0.3855 -2.3338 1.0000	</row3>
				</transform>
			</node>
			<node>
				<identifier>	MP_IM010_Life_Jacket_INDEX_37	</identifier>
				<transform>
					<row0>	0.6937 0.0000 0.7203 0.0000	</row0>
					<row1>	0.0000 1.0000 0.0000 0.0000	</row1>
					<row2>	-0.7203 0.0000 0.6937 0.0000	</row2>
					<row3>	0.1574 0.3855 -2.3499 1.0000	</row3>
				</transform>
			</node>
			<node>
				<identifier>	MP_IM010_Life_Jacket_INDEX_38	</identifier>
				<transform>
					<row0>	0.8148 0.0000 0.5798 0.0000	</row0>
					<row1>	0.0000 1.0000 0.0000 0.0000	</row1>
					<row2>	-0.5798 0.0000 0.8148 0.0000	</row2>
					<row3>	0.1714 0.3855 -2.3701 1.0000	</row3>
				</transform>
			</node>
			<node>
				<identifier>	MP_IM010_Life_Jacket_INDEX_39	</identifier>
				<transform>
					<row0>	0.8093 0.0000 0.5874 0.0000	</row0>
					<row1>	0.0000 1.0000 0.0000 0.0000	</row1>
					<row2>	-0.5874 0.0000 0.8093 0.0000	</row2>
					<row3>	0.1857 0.3855 -2.3897 1.0000	</row3>
				</transform>
			</node>
			<node>
				<identifier>	MP_IM010_Life_Jacket_INDEX_4	</identifier>
				<transform>
					<row0>	0.8941 0.0000 0.4478 0.0000	</row0>
					<row1>	0.0000 1.0000 0.0000 0.0000	</row1>
					<row2>	-0.4478 0.0000 0.8941 0.0000	</row2>
					<row3>	-0.1891 0.3950 -0.4490 1.0000	</row3>
				</transform>
			</node>
			<node>
				<identifier>	MP_IM010_Life_Jacket_INDEX_40	</identifier>
				<transform>
					<row0>	0.9163 0.0000 0.4005 0.0000	</row0>
					<row1>	0.0000 1.0000 0.0000 0.0000	</row1>
					<row2>	-0.4005 0.0000 0.9163 0.0000	</row2>
					<row3>	0.1979 0.3855 -2.4145 1.0000	</row3>
				</transform>
			</node>
			<node>
				<identifier>	MP_IM010_Life_Jacket_INDEX_41	</identifier>
				<transform>
					<row0>	0.9188 0.0000 0.3947 0.0000	</row0>
					<row1>	0.0000 1.0000 0.0000 0.0000	</row1>
					<row2>	-0.3947 0.0000 0.9188 0.0000	</row2>
					<row3>	0.2075 0.3855 -2.4366 1.0000	</row3>
				</transform>
			</node>
			<node>
				<identifier>	MP_IM010_Life_Jacket_INDEX_42	</identifier>
				<transform>
					<row0>	0.9925 0.0000 0.1226 0.0000	</row0>
					<row1>	0.0000 1.0000 0.0000 0.0000	</row1>
					<row2>	-0.1226 0.0000 0.9925 0.0000	</row2>
					<row3>	0.2159 0.3855 -2.4631 1.0000	</row3>
				</transform>
			</node>
			<node>
				<identifier>	MP_IM010_Life_Jacket_INDEX_43	</identifier>
				<transform>
					<row0>	0.9945 0.0000 0.1050 0.0000	</row0>
					<row1>	0.0000 1.0000 0.0000 0.0000	</row1>
					<row2>	-0.1050 0.0000 0.9945 0.0000	</row2>
					<row3>	0.2187 0.3855 -2.4871 1.0000	</row3>
				</transform>
			</node>
			<node>
				<identifier>	MP_IM010_Life_Jacket_INDEX_44	</identifier>
				<transform>
					<row0>	0.9901 0.0000 -0.1402 0.0000	</row0>
					<row1>	0.0000 1.0000 0.0000 0.0000	</row1>
					<row2>	0.1402 0.0000 0.9901 0.0000	</row2>
					<row3>	0.2184 0.3799 -2.5310 1.0000	</row3>
				</transform>
			</node>
			<node>
				<identifier>	MP_IM010_Life_Jacket_INDEX_45	</identifier>
				<transform>
					<row0>	0.9901 0.0000 -0.1402 0.0000	</row0>
					<row1>	0.0000 1.0000 0.0000 0.0000	</row1>
					<row2>	0.1402 0.0000 0.9901 0.0000	</row2>
					<row3>	0.2154 0.3799 -2.5552 1.0000	</row3>
				</transform>
			</node>
			<node>
				<identifier>	MP_IM010_Life_Jacket_INDEX_46	</identifier>
				<transform>
					<row0>	0.9241 0.0000 -0.3822 0.0000	</row0>
					<row1>	0.0000 1.0000 0.0000 0.0000	</row1>
					<row2>	0.3822 0.0000 0.9241 0.0000	</row2>
					<row3>	0.2091 0.3799 -2.5796 1.0000	</row3>
				</transform>
			</node>
			<node>
				<identifier>	MP_IM010_Life_Jacket_INDEX_47	</identifier>
				<transform>
					<row0>	0.9241 0.0000 -0.3822 0.0000	</row0>
					<row1>	0.0000 1.0000 0.0000 0.0000	</row1>
					<row2>	0.3822 0.0000 0.9241 0.0000	</row2>
					<row3>	0.1988 0.3799 -2.6025 1.0000	</row3>
				</transform>
			</node>
			<node>
				<identifier>	MP_IM010_Life_Jacket_INDEX_48	</identifier>
				<transform>
					<row0>	0.8662 0.0000 -0.4997 0.0000	</row0>
					<row1>	0.0000 1.0000 0.0000 0.0000	</row1>
					<row2>	0.4997 0.0000 0.8662 0.0000	</row2>
					<row3>	0.1881 0.3799 -2.6243 1.0000	</row3>
				</transform>
			</node>
			<node>
				<identifier>	MP_IM010_Life_Jacket_INDEX_49	</identifier>
				<transform>
					<row0>	0.7584 0.0000 -0.6518 0.0000	</row0>
					<row1>	0.0000 1.0000 0.0000 0.0000	</row1>
					<row2>	0.6518 0.0000 0.7584 0.0000	</row2>
					<row3>	0.1720 0.3799 -2.6432 1.0000	</row3>
				</transform>
			</node>
			<node>
				<identifier>	MP_IM010_Life_Jacket_INDEX_5	</identifier>
				<transform>
					<row0>	0.9241 0.0000 0.3822 0.0000	</row0>
					<row1>	0.0000 1.0000 0.0000 0.0000	</row1>
					<row2>	-0.3822 0.0000 0.9241 0.0000	</row2>
					<row3>	-0.1989 0.3950 -0.4257 1.0000	</row3>
				</transform>
			</node>
			<node>
				<identifier>	MP_IM010_Life_Jacket_INDEX_50	</identifier>
				<transform>
					<row0>	0.6655 0.0000 -0.7464 0.0000	</row0>
					<row1>	0.0000 1.0000 0.0000 0.0000	</row1>
					<row2>	0.7464 0.0000 0.6655 0.0000	</row2>
					<row3>	0.1562 0.3799 -2.6614 1.0000	</row3>
				</transform>
			</node>
			<node>
				<identifier>	MP_IM010_Life_Jacket_INDEX_51	</identifier>
				<transform>
					<row0>	0.5803 0.0000 -0.8144 0.0000	</row0>
					<row1>	0.0000 1.0000 0.0000 0.0000	</row1>
					<row2>	0.8144 0.0000 0.5803 0.0000	</row2>
					<row3>	0.1370 0.3799 -2.6758 1.0000	</row3>
				</transform>
			</node>
			<node>
				<identifier>	MP_IM010_Life_Jacket_INDEX_52	</identifier>
				<transform>
					<row0>	0.5388 0.0000 -0.8424 0.0000	</row0>
					<row1>	0.0000 1.0000 0.0000 0.0000	</row1>
					<row2>	0.8424 0.0000 0.5388 0.0000	</row2>
					<row3>	0.1170 0.3799 -2.6901 1.0000	</row3>
				</transform>
			</node>
			<node>
				<identifier>	MP_IM010_Life_Jacket_INDEX_53	</identifier>
				<transform>
					<row0>	0.3668 0.0000 -0.9303 0.0000	</row0>
					<row1>	0.0000 1.0000 0.0000 0.0000	</row1>
					<row2>	0.9303 0.0000 0.3668 0.0000	</row2>
					<row3>	0.0933 0.3799 -2.7003 1.0000	</row3>
				</transform>
			</node>
			<node>
				<identifier>	MP_IM010_Life_Jacket_INDEX_54	</identifier>
				<transform>
					<row0>	0.6785 0.0000 -0.7346 0.0000	</row0>
					<row1>	0.0000 1.0000 0.0000 0.0000	</row1>
					<row2>	0.7346 0.0000 0.6785 0.0000	</row2>
					<row3>	-0.1394 0.3855 -2.3338 1.0000	</row3>
				</transform>
			</node>
			<node>
				<identifier>	MP_IM010_Life_Jacket_INDEX_55	</identifier>
				<transform>
					<row0>	0.6937 0.0000 -0.7203 0.0000	</row0>
					<row1>	0.0000 1.0000 0.0000 0.0000	</row1>
					<row2>	0.7203 0.0000 0.6937 0.0000	</row2>
					<row3>	-0.1574 0.3855 -2.3499 1.0000	</row3>
				</transform>
			</node>
			<node>
				<identifier>	MP_IM010_Life_Jacket_INDEX_56	</identifier>
				<transform>
					<row0>	0.8148 0.0000 -0.5798 0.0000	</row0>
					<row1>	0.0000 1.0000 0.0000 0.0000	</row1>
					<row2>	0.5798 0.0000 0.8148 0.0000	</row2>
					<row3>	-0.1714 0.3855 -2.3701 1.0000	</row3>
				</transform>
			</node>
			<node>
				<identifier>	MP_IM010_Life_Jacket_INDEX_57	</identifier>
				<transform>
					<row0>	0.8093 0.0000 -0.5874 0.0000	</row0>
					<row1>	0.0000 1.0000 0.0000 0.0000	</row1>
					<row2>	0.5874 0.0000 0.8093 0.0000	</row2>
					<row3>	-0.1857 0.3855 -2.3897 1.0000	</row3>
				</transform>
			</node>
			<node>
				<identifier>	MP_IM010_Life_Jacket_INDEX_58	</identifier>
				<transform>
					<row0>	0.9163 0.0000 -0.4005 0.0000	</row0>
					<row1>	0.0000 1.0000 0.0000 0.0000	</row1>
					<row2>	0.4005 0.0000 0.9163 0.0000	</row2>
					<row3>	-0.1979 0.3855 -2.4145 1.0000	</row3>
				</transform>
			</node>
			<node>
				<identifier>	MP_IM010_Life_Jacket_INDEX_59	</identifier>
				<transform>
					<row0>	0.9188 0.0000 -0.3947 0.0000	</row0>
					<row1>	0.0000 1.0000 0.0000 0.0000	</row1>
					<row2>	0.3947 0.0000 0.9188 0.0000	</row2>
					<row3>	-0.2075 0.3855 -2.4366 1.0000	</row3>
				</transform>
			</node>
			<node>
				<identifier>	MP_IM010_Life_Jacket_INDEX_6	</identifier>
				<transform>
					<row0>	0.9241 0.0000 0.3822 0.0000	</row0>
					<row1>	0.0000 1.0000 0.0000 0.0000	</row1>
					<row2>	-0.3822 0.0000 0.9241 0.0000	</row2>
					<row3>	-0.2080 0.3950 -0.4034 1.0000	</row3>
				</transform>
			</node>
			<node>
				<identifier>	MP_IM010_Life_Jacket_INDEX_60	</identifier>
				<transform>
					<row0>	0.9925 0.0000 -0.1226 0.0000	</row0>
					<row1>	0.0000 1.0000 0.0000 0.0000	</row1>
					<row2>	0.1226 0.0000 0.9925 0.0000	</row2>
					<row3>	-0.2159 0.3855 -2.4631 1.0000	</row3>
				</transform>
			</node>
			<node>
				<identifier>	MP_IM010_Life_Jacket_INDEX_61	</identifier>
				<transform>
					<row0>	0.9945 0.0000 -0.1050 0.0000	</row0>
					<row1>	0.0000 1.0000 0.0000 0.0000	</row1>
					<row2>	0.1050 0.0000 0.9945 0.0000	</row2>
					<row3>	-0.2187 0.3855 -2.4871 1.0000	</row3>
				</transform>
			</node>
			<node>
				<identifier>	MP_IM010_Life_Jacket_INDEX_62	</identifier>
				<transform>
					<row0>	0.9901 0.0000 0.1402 0.0000	</row0>
					<row1>	0.0000 1.0000 0.0000 0.0000	</row1>
					<row2>	-0.1402 0.0000 0.9901 0.0000	</row2>
					<row3>	-0.2184 0.3799 -2.5310 1.0000	</row3>
				</transform>
			</node>
			<node>
				<identifier>	MP_IM010_Life_Jacket_INDEX_63	</identifier>
				<transform>
					<row0>	0.9901 0.0000 0.1402 0.0000	</row0>
					<row1>	0.0000 1.0000 0.0000 0.0000	</row1>
					<row2>	-0.1402 0.0000 0.9901 0.0000	</row2>
					<row3>	-0.2154 0.3799 -2.5552 1.0000	</row3>
				</transform>
			</node>
			<node>
				<identifier>	MP_IM010_Life_Jacket_INDEX_64	</identifier>
				<transform>
					<row0>	0.9241 0.0000 0.3822 0.0000	</row0>
					<row1>	0.0000 1.0000 0.0000 0.0000	</row1>
					<row2>	-0.3822 0.0000 0.9241 0.0000	</row2>
					<row3>	-0.2091 0.3799 -2.5796 1.0000	</row3>
				</transform>
			</node>
			<node>
				<identifier>	MP_IM010_Life_Jacket_INDEX_65	</identifier>
				<transform>
					<row0>	0.9241 0.0000 0.3822 0.0000	</row0>
					<row1>	0.0000 1.0000 0.0000 0.0000	</row1>
					<row2>	-0.3822 0.0000 0.9241 0.0000	</row2>
					<row3>	-0.1988 0.3799 -2.6025 1.0000	</row3>
				</transform>
			</node>
			<node>
				<identifier>	MP_IM010_Life_Jacket_INDEX_66	</identifier>
				<transform>
					<row0>	0.8662 0.0000 0.4997 0.0000	</row0>
					<row1>	0.0000 1.0000 0.0000 0.0000	</row1>
					<row2>	-0.4997 0.0000 0.8662 0.0000	</row2>
					<row3>	-0.1881 0.3799 -2.6243 1.0000	</row3>
				</transform>
			</node>
			<node>
				<identifier>	MP_IM010_Life_Jacket_INDEX_67	</identifier>
				<transform>
					<row0>	0.7584 0.0000 0.6518 0.0000	</row0>
					<row1>	0.0000 1.0000 0.0000 0.0000	</row1>
					<row2>	-0.6518 0.0000 0.7584 0.0000	</row2>
					<row3>	-0.1720 0.3799 -2.6432 1.0000	</row3>
				</transform>
			</node>
			<node>
				<identifier>	MP_IM010_Life_Jacket_INDEX_68	</identifier>
				<transform>
					<row0>	0.6655 0.0000 0.7464 0.0000	</row0>
					<row1>	0.0000 1.0000 0.0000 0.0000	</row1>
					<row2>	-0.7464 0.0000 0.6655 0.0000	</row2>
					<row3>	-0.1562 0.3799 -2.6614 1.0000	</row3>
				</transform>
			</node>
			<node>
				<identifier>	MP_IM010_Life_Jacket_INDEX_69	</identifier>
				<transform>
					<row0>	0.5803 0.0000 0.8144 0.0000	</row0>
					<row1>	0.0000 1.0000 0.0000 0.0000	</row1>
					<row2>	-0.8144 0.0000 0.5803 0.0000	</row2>
					<row3>	-0.1370 0.3799 -2.6758 1.0000	</row3>
				</transform>
			</node>
			<node>
				<identifier>	MP_IM010_Life_Jacket_INDEX_7	</identifier>
				<transform>
					<row0>	0.9901 0.0000 0.1402 0.0000	</row0>
					<row1>	0.0000 1.0000 0.0000 0.0000	</row1>
					<row2>	-0.1402 0.0000 0.9901 0.0000	</row2>
					<row3>	-0.2136 0.3950 -0.3790 1.0000	</row3>
				</transform>
			</node>
			<node>
				<identifier>	MP_IM010_Life_Jacket_INDEX_70	</identifier>
				<transform>
					<row0>	0.5388 0.0000 0.8424 0.0000	</row0>
					<row1>	0.0000 1.0000 0.0000 0.0000	</row1>
					<row2>	-0.8424 0.0000 0.5388 0.0000	</row2>
					<row3>	-0.1170 0.3799 -2.6901 1.0000	</row3>
				</transform>
			</node>
			<node>
				<identifier>	MP_IM010_Life_Jacket_INDEX_71	</identifier>
				<transform>
					<row0>	0.3668 0.0000 0.9303 0.0000	</row0>
					<row1>	0.0000 1.0000 0.0000 0.0000	</row1>
					<row2>	-0.9303 0.0000 0.3668 0.0000	</row2>
					<row3>	-0.0933 0.3799 -2.7003 1.0000	</row3>
				</transform>
			</node>
			<node>
				<identifier>	MP_IM010_Life_Jacket_INDEX_8	</identifier>
				<transform>
					<row0>	0.9901 0.0000 0.1402 0.0000	</row0>
					<row1>	0.0000 1.0000 0.0000 0.0000	</row1>
					<row2>	-0.1402 0.0000 0.9901 0.0000	</row2>
					<row3>	-0.2169 0.3950 -0.3552 1.0000	</row3>
				</transform>
			</node>
			<node>
				<identifier>	MP_IM010_Life_Jacket_INDEX_9	</identifier>
				<transform>
					<row0>	0.9908 0.0000 -0.1352 0.0000	</row0>
					<row1>	0.0000 1.0000 0.0000 0.0000	</row1>
					<row2>	0.1352 0.0000 0.9908 0.0000	</row2>
					<row3>	-0.2176 0.3950 -0.3288 1.0000	</row3>
				</transform>
			</node>
			<node>
				<identifier>	MP_IM021_Turtle	</identifier>
				<transform>
					<row0>	-1.0000 0.0000 0.0000 0.0000	</row0>
					<row1>	0.0000 1.0000 0.0000 0.0000	</row1>
					<row2>	0.0000 0.0000 -1.0000 0.0000	</row2>
					<row3>	0.1018 0.2983 -1.3536 1.0000	</row3>
				</transform>
			</node>
			<node>
				<identifier>	MP_IM021_Turtle_INDEX_1	</identifier>
				<transform>
					<row0>	-1.0000 0.0000 0.0000 0.0000	</row0>
					<row1>	0.0000 1.0000 0.0000 0.0000	</row1>
					<row2>	0.0000 0.0000 -1.0000 0.0000	</row2>
					<row3>	0.1018 0.2817 -1.3536 1.0000	</row3>
				</transform>
			</node>
			<node>
				<identifier>	MP_IM021_Turtle_INDEX_10	</identifier>
				<transform>
					<row0>	1.0000 0.0000 0.0000 0.0000	</row0>
					<row1>	0.0000 1.0000 0.0000 0.0000	</row1>
					<row2>	0.0000 0.0000 1.0000 0.0000	</row2>
					<row3>	-0.0445 0.3649 -0.5452 1.0000	</row3>
				</transform>
			</node>
			<node>
				<identifier>	MP_IM021_Turtle_INDEX_11	</identifier>
				<transform>
					<row0>	1.0000 0.0000 0.0000 0.0000	</row0>
					<row1>	0.0000 1.0000 0.0000 0.0000	</row1>
					<row2>	0.0000 0.0000 1.0000 0.0000	</row2>
					<row3>	-0.0445 0.3824 -0.5452 1.0000	</row3>
				</transform>
			</node>
			<node>
				<identifier>	MP_IM021_Turtle_INDEX_12	</identifier>
				<transform>
					<row0>	-1.0000 0.0000 0.0000 0.0000	</row0>
					<row1>	0.0000 1.0000 0.0000 0.0000	</row1>
					<row2>	0.0000 0.0000 -1.0000 0.0000	</row2>
					<row3>	-0.0579 0.3649 -0.1399 1.0000	</row3>
				</transform>
			</node>
			<node>
