<ASD038_Somers_1938_MidFront_ports.visual>
	<node>
		<identifier>	Scene Root	</identifier>
		<transform>
			<row0>	1.0000 0.0000 0.0000 0.0000	</row0>
			<row1>	0.0000 1.0000 0.0000 0.0000	</row1>
			<row2>	0.0000 0.0000 1.0000 0.0000	</row2>
			<row3>	0.0000 0.0000 0.0000 1.0000	</row3>
		</transform>
		<node>
			<identifier>	MidFront_ports	</identifier>
			<transform>
				<row0>	1.0000 0.0000 0.0000 0.0000	</row0>
				<row1>	0.0000 1.0000 0.0000 0.0000	</row1>
				<row2>	0.0000 0.0000 1.0000 0.0000	</row2>
				<row3>	0.0000 0.0000 0.0000 1.0000	</row3>
			</transform>
			<node>
				<identifier>	HP_AD_1	</identifier>
				<transform>
					<row0>	1.0000 0.0000 0.0000 0.0000	</row0>
					<row1>	0.0000 1.0000 0.0000 0.0000	</row1>
					<row2>	0.0000 0.0000 1.0000 0.0000	</row2>
					<row3>	0.0000 0.9035 1.2452 1.0000	</row3>
				</transform>
			</node>
			<node>
				<identifier>	HP_AD_2	</identifier>
				<transform>
					<row0>	0.0000 0.0000 1.0000 0.0000	</row0>
					<row1>	0.0000 1.0000 0.0000 0.0000	</row1>
					<row2>	-1.0000 0.0000 0.0000 0.0000	</row2>
					<row3>	-0.2546 0.6678 0.9607 1.0000	</row3>
				</transform>
			</node>
			<node>
				<identifier>	HP_AD_3	</identifier>
				<transform>
					<row0>	0.0000 0.0000 -1.0000 0.0000	</row0>
					<row1>	0.0000 1.0000 0.0000 0.0000	</row1>
					<row2>	1.0000 0.0000 0.0000 0.0000	</row2>
					<row3>	0.2546 0.6678 0.9607 1.0000	</row3>
				</transform>
			</node>
			<node>
				<identifier>	HP_AF_1	</identifier>
				<transform>
					<row0>	0.0000 0.0000 -1.0000 0.0000	</row0>
					<row1>	0.0000 1.0000 0.0000 0.0000	</row1>
					<row2>	1.0000 0.0000 0.0000 0.0000	</row2>
					<row3>	0.2158 0.8157 1.2268 1.0000	</row3>
				</transform>
			</node>
			<node>
				<identifier>	HP_AF_2	</identifier>
				<transform>
					<row0>	0.0000 0.0000 1.0000 0.0000	</row0>
					<row1>	0.0000 1.0000 0.0000 0.0000	</row1>
					<row2>	-1.0000 0.0000 0.0000 0.0000	</row2>
					<row3>	-0.2221 0.8163 1.1795 1.0000	</row3>
				</transform>
			</node>
			<node>
				<identifier>	HP_AGA_1	</identifier>
				<transform>
					<row0>	0.7071 0.0000 0.7071 0.0000	</row0>
					<row1>	0.0000 1.0000 0.0000 0.0000	</row1>
					<row2>	-0.7071 0.0000 0.7071 0.0000	</row2>
					<row3>	-0.2043 0.3232 2.1989 1.0000	</row3>
				</transform>
			</node>
			<node>
				<identifier>	HP_AGA_2	</identifier>
				<transform>
					<row0>	0.7071 0.0000 -0.7071 0.0000	</row0>
					<row1>	0.0000 1.0000 0.0000 0.0000	</row1>
					<row2>	0.7071 0.0000 0.7071 0.0000	</row2>
					<row3>	0.2043 0.3232 2.1989 1.0000	</row3>
				</transform>
			</node>
			<node>
				<identifier>	HP_AGA_3	</identifier>
				<transform>
					<row0>	1.0000 0.0000 0.0000 0.0000	</row0>
					<row1>	0.0000 1.0000 0.0000 0.0000	</row1>
					<row2>	0.0000 0.0000 1.0000 0.0000	</row2>
					<row3>	0.0000 0.6426 1.6381 1.0000	</row3>
				</transform>
			</node>
			<node>
				<identifier>	HP_AGM_1	</identifier>
				<transform>
					<row0>	1.0000 0.0000 0.0000 0.0000	</row0>
					<row1>	0.0000 1.0000 0.0000 0.0000	</row1>
					<row2>	0.0000 0.0000 1.0000 0.0000	</row2>
					<row3>	0.0000 0.3454 2.5286 1.0000	</row3>
				</transform>
			</node>
			<node>
				<identifier>	HP_AGM_2	</identifier>
				<transform>
					<row0>	1.0000 0.0000 0.0000 0.0000	</row0>
					<row1>	0.0000 1.0000 0.0000 0.0000	</row1>
					<row2>	0.0000 0.0000 1.0000 0.0000	</row2>
					<row3>	0.0000 0.4917 2.0390 1.0000	</row3>
				</transform>
			</node>
			<node>
				<identifier>	HP_AGT_1	</identifier>
				<transform>
					<row0>	1.0000 0.0000 0.0000 0.0000	</row0>
					<row1>	0.0000 1.0000 0.0000 0.0000	</row1>
					<row2>	0.0000 0.0000 1.0000 0.0000	</row2>
					<row3>	0.0000 0.3049 0.5532 1.0000	</row3>
				</transform>
			</node>
			<node>
				<identifier>	HP_AGT_2	</identifier>
				<transform>
					<row0>	1.0000 0.0000 0.0000 0.0000	</row0>
					<row1>	0.0000 1.0000 0.0000 0.0000	</row1>
					<row2>	0.0000 0.0000 1.0000 0.0000	</row2>
					<row3>	0.0000 0.3062 -0.3064 1.0000	</row3>
				</transform>
			</node>
			<node>
				<identifier>	HP_FX_Fire_2	</identifier>
				<transform>
					<row0>	1.0000 0.0000 0.0000 0.0000	</row0>
					<row1>	0.0000 1.0000 0.0000 0.0000	</row1>
					<row2>	0.0000 0.0000 1.0000 0.0000	</row2>
					<row3>	0.0000 0.2871 0.9217 1.0000	</row3>
				</transform>
			</node>
			<node>
				<identifier>	HP_FX_Fire_2_side_1	</identifier>
				<transform>
					<row0>	1.0000 0.0000 0.0000 0.0000	</row0>
					<row1>	0.0000 1.0000 0.0000 0.0000	</row1>
					<row2>	0.0000 0.0000 1.0000 0.0000	</row2>
					<row3>	-0.2164 0.3506 2.2055 1.0000	</row3>
				</transform>
			</node>
			<node>
				<identifier>	HP_FX_Fire_2_side_2	</identifier>
				<transform>
					<row0>	1.0000 0.0000 0.0000 0.0000	</row0>
					<row1>	0.0000 1.0000 0.0000 0.0000	</row1>
					<row2>	0.0000 0.0000 1.0000 0.0000	</row2>
					<row3>	0.4210 0.4725 1.2326 1.0000	</row3>
				</transform>
			</node>
			<node>
				<identifier>	HP_FX_FloodLight_left_1	</identifier>
				<transform>
					<row0>	-1.0000 0.0000 0.0000 0.0000	</row0>
					<row1>	0.0000 1.0000 0.0000 0.0000	</row1>
					<row2>	0.0000 0.0000 -1.0000 0.0000	</row2>
					<row3>	-0.2150 0.3830 1.8820 1.0000	</row3>
				</transform>
			</node>
			<node>
				<identifier>	HP_FX_FloodLight_right_2	</identifier>
				<transform>
					<row0>	1.0000 0.0000 0.0000 0.0000	</row0>
					<row1>	0.0000 1.0000 0.0000 0.0000	</row1>
					<row2>	0.0000 0.0000 1.0000 0.0000	</row2>
					<row3>	0.2180 0.3810 1.7660 1.0000	</row3>
				</transform>
			</node>
			<node>
				<identifier>	HP_FX_Flood_steam_left	</identifier>
				<transform>
					<row0>	-1.0000 0.0000 0.0000 0.0000	</row0>
					<row1>	0.0000 1.0000 0.0000 0.0000	</row1>
					<row2>	0.0000 0.0000 -1.0000 0.0000	</row2>
					<row3>	-0.3330 0.2690 1.8330 1.0000	</row3>
				</transform>
			</node>
			<node>
				<identifier>	HP_FX_Smoke_1	</identifier>
				<transform>
					<row0>	1.0000 0.0000 0.0000 0.0000	</row0>
					<row1>	0.0000 0.9960 -0.0895 0.0000	</row1>
					<row2>	0.0000 0.0895 0.9960 0.0000	</row2>
					<row3>	0.0000 0.9115 0.1159 1.0000	</row3>
				</transform>
			</node>
			<node>
				<identifier>	HP_Flagpole	</identifier>
				<transform>
					<row0>	0.5000 0.0000 0.0000 0.0000	</row0>
					<row1>	0.0000 0.4984 -0.0403 0.0000	</row1>
					<row2>	0.0000 0.0403 0.4984 0.0000	</row2>
					<row3>	0.0000 1.8679 0.7891 1.0000	</row3>
				</transform>
			</node>
			<node>
				<identifier>	HP_flag_1	</identifier>
				<transform>
					<row0>	0.9996 -0.0285 0.0009 0.0000	</row0>
					<row1>	0.0285 0.9975 -0.0652 0.0000	</row1>
					<row2>	0.0009 0.0652 0.9979 0.0000	</row2>
					<row3>	0.1843 1.6872 0.8027 1.0000	</row3>
				</transform>
			</node>
			<node>
				<identifier>	HP_flag_2	</identifier>
				<transform>
					<row0>	0.9996 0.0285 -0.0009 0.0000	</row0>
					<row1>	-0.0285 0.9975 -0.0652 0.0000	</row1>
					<row2>	-0.0009 0.0652 0.9979 0.0000	</row2>
					<row3>	-0.1843 1.6872 0.8027 1.0000	</row3>
				</transform>
			</node>
			<node>
				<identifier>	HP_flag_3	</identifier>
				<transform>
					<row0>	0.9998 0.0222 -0.0007 0.0000	</row0>
					<row1>	-0.0222 0.9976 -0.0652 0.0000	</row1>
					<row2>	-0.0007 0.0652 0.9979 0.0000	</row2>
					<row3>	0.0818 1.6871 0.8028 1.0000	</row3>
				</transform>
			</node>
			<node>
				<identifier>	HP_flag_4	</identifier>
				<transform>
					<row0>	0.9998 -0.0222 0.0007 0.0000	</row0>
					<row1>	0.0222 0.9976 -0.0652 0.0000	</row1>
					<row2>	0.0007 0.0652 0.9979 0.0000	</row2>
					<row3>	-0.0818 1.6871 0.8028 1.0000	</row3>
				</transform>
			</node>
			<node>
				<identifier>	HP_flag_courtesy	</identifier>
				<transform>
					<row0>	0.9986 -0.0535 0.0019 0.0000	</row0>
					<row1>	0.0535 0.9961 -0.0706 0.0000	</row1>
					<row2>	0.0019 0.0706 0.9975 0.0000	</row2>
					<row3>	0.2930 1.7177 0.8008 1.0000	</row3>
				</transform>
			</node>
			<node>
				<identifier>	HP_flag_house	</identifier>
				<transform>
					<row0>	0.9986 0.0535 -0.0019 0.0000	</row0>
					<row1>	-0.0535 0.9961 -0.0706 0.0000	</row1>
					<row2>	-0.0019 0.0706 0.9975 0.0000	</row2>
					<row3>	-0.2930 1.7177 0.8008 1.0000	</row3>
				</transform>
			</node>
			<node>
				<identifier>	HP_flag_rank	</identifier>
				<transform>
					<row0>	0.9988 0.0495 -0.0029 0.0000	</row0>
					<row1>	-0.0495 0.9917 -0.1183 0.0000	</row1>
					<row2>	-0.0029 0.1183 0.9930 0.0000	</row2>
					<row3>	0.0292 1.7523 0.7369 1.0000	</row3>
				</transform>
			</node>
			<node>
				<identifier>	MP_AM003_Fairlead_1	</identifier>
				<transform>
					<row0>	0.5000 0.0000 -0.0024 0.0000	</row0>
					<row1>	0.0000 0.5000 0.0000 0.0000	</row1>
					<row2>	0.0024 0.0000 0.5000 0.0000	</row2>
					<row3>	-0.3496 0.1429 0.5345 1.0000	</row3>
				</transform>
			</node>
			<node>
				<identifier>	MP_AM003_Fairlead_1_INDEX_1	</identifier>
				<transform>
					<row0>	0.7399 -0.0732 0.0984 0.0000	</row0>
					<row1>	0.0790 0.7447 -0.0404 0.0000	</row1>
					<row2>	-0.0938 0.0503 0.7424 0.0000	</row2>
					<row3>	0.2214 0.3516 2.9773 1.0000	</row3>
				</transform>
			</node>
			<node>
				<identifier>	MP_AM003_Fairlead_1_INDEX_2	</identifier>
				<transform>
					<row0>	0.4625 -0.0048 -0.1900 0.0000	</row0>
					<row1>	-0.0127 0.4979 -0.0436 0.0000	</row1>
					<row2>	0.1897 0.0451 0.4604 0.0000	</row2>
					<row3>	-0.0585 0.4156 3.7688 1.0000	</row3>
				</transform>
			</node>
			<node>
				<identifier>	MP_AM003_Fairlead_1_INDEX_3	</identifier>
				<transform>
					<row0>	0.6983 0.0271 -0.0405 0.0000	</row0>
					<row1>	-0.0271 0.6995 0.0004 0.0000	</row1>
					<row2>	0.0405 0.0012 0.6988 0.0000	</row2>
					<row3>	-0.2862 0.3109 2.2015 1.0000	</row3>
				</transform>
			</node>
			<node>
				<identifier>	MP_AM003_Fairlead_1_INDEX_4	</identifier>
				<transform>
					<row0>	0.5000 0.0000 0.0024 0.0000	</row0>
					<row1>	0.0000 0.5000 0.0000 0.0000	</row1>
					<row2>	-0.0024 0.0000 0.5000 0.0000	</row2>
					<row3>	0.3494 0.1429 0.5345 1.0000	</row3>
				</transform>
			</node>
			<node>
				<identifier>	MP_AM003_Fairlead_1_INDEX_5	</identifier>
				<transform>
					<row0>	0.4985 0.0274 -0.0266 0.0000	</row0>
					<row1>	-0.0288 0.4985 -0.0256 0.0000	</row1>
					<row2>	0.0251 0.0270 0.4986 0.0000	</row2>
					<row3>	-0.2722 0.3231 2.4424 1.0000	</row3>
				</transform>
			</node>
			<node>
				<identifier>	MP_AM003_Fairlead_1_INDEX_6	</identifier>
				<transform>
					<row0>	0.6983 -0.0271 0.0405 0.0000	</row0>
					<row1>	0.0271 0.6995 0.0004 0.0000	</row1>
					<row2>	-0.0405 0.0012 0.6988 0.0000	</row2>
					<row3>	0.2860 0.3109 2.2015 1.0000	</row3>
				</transform>
			</node>
			<node>
				<identifier>	MP_AM003_Fairlead_1_INDEX_7	</identifier>
				<transform>
					<row0>	0.4625 0.0048 0.1900 0.0000	</row0>
					<row1>	0.0127 0.4979 -0.0436 0.0000	</row1>
					<row2>	-0.1897 0.0451 0.4604 0.0000	</row2>
					<row3>	0.0583 0.4156 3.7688 1.0000	</row3>
				</transform>
			</node>
			<node>
				<identifier>	MP_AM003_Fairlead_1_INDEX_8	</identifier>
				<transform>
					<row0>	0.7399 0.0732 -0.0984 0.0000	</row0>
					<row1>	-0.0790 0.7447 -0.0404 0.0000	</row1>
					<row2>	0.0938 0.0503 0.7424 0.0000	</row2>
					<row3>	-0.2216 0.3516 2.9773 1.0000	</row3>
				</transform>
			</node>
			<node>
				<identifier>	MP_AM004_Fairlead_2	</identifier>
				<transform>
					<row0>	0.0000 0.0000 1.1000 0.0000	</row0>
					<row1>	0.0000 1.1000 0.0000 0.0000	</row1>
					<row2>	-1.1000 0.0000 0.0000 0.0000	</row2>
					<row3>	0.3540 0.1429 0.2470 1.0000	</row3>
				</transform>
			</node>
			<node>
				<identifier>	MP_AM004_Fairlead_2_INDEX_1	</identifier>
				<transform>
					<row0>	-0.1912 0.0762 1.0806 0.0000	</row0>
					<row1>	0.0702 1.0958 -0.0649 0.0000	</row1>
					<row2>	-1.0810 0.0577 -0.1953 0.0000	</row2>
					<row3>	0.1803 0.3731 3.3056 1.0000	</row3>
				</transform>
			</node>
			<node>
				<identifier>	MP_AM004_Fairlead_2_INDEX_2	</identifier>
				<transform>
					<row0>	-0.1912 -0.0762 -1.0806 0.0000	</row0>
					<row1>	-0.0702 1.0958 -0.0649 0.0000	</row1>
					<row2>	1.0810 0.0577 -0.1953 0.0000	</row2>
					<row3>	-0.1803 0.3731 3.3056 1.0000	</row3>
				</transform>
			</node>
			<node>
				<identifier>	MP_AM004_Fairlead_2_INDEX_3	</identifier>
				<transform>
					<row0>	0.0000 0.0000 -1.1000 0.0000	</row0>
					<row1>	0.0000 1.1000 0.0000 0.0000	</row1>
					<row2>	1.1000 0.0000 0.0000 0.0000	</row2>
					<row3>	-0.3542 0.1429 0.2470 1.0000	</row3>
				</transform>
			</node>
			<node>
				<identifier>	MP_AM005_Bollard_1	</identifier>
				<transform>
					<row0>	0.9473 0.0719 0.0000 0.0000	</row0>
					<row1>	-0.0719 0.9473 0.0000 0.0000	</row1>
					<row2>	0.0000 0.0000 0.9500 0.0000	</row2>
					<row3>	-0.3237 0.1442 0.3755 1.0000	</row3>
				</transform>
			</node>
			<node>
				<identifier>	MP_AM005_Bollard_1_INDEX_1	</identifier>
				<transform>
					<row0>	1.0951 0.1037 -0.0034 0.0000	</row0>
					<row1>	-0.1037 1.0945 -0.0361 0.0000	</row1>
					<row2>	0.0000 0.0363 1.0994 0.0000	</row2>
					<row3>	-0.2530 0.3191 2.3268 1.0000	</row3>
				</transform>
			</node>
			<node>
				<identifier>	MP_AM005_Bollard_1_INDEX_2	</identifier>
				<transform>
					<row0>	1.1033 -0.0194 0.0010 0.0000	</row0>
					<row1>	0.0194 1.1017 -0.0589 0.0000	</row1>
					<row2>	0.0000 0.0589 1.1019 0.0000	</row2>
					<row3>	0.0334 0.3690 3.1229 1.0000	</row3>
				</transform>
			</node>
			<node>
				<identifier>	MP_AM005_Bollard_1_INDEX_3	</identifier>
				<transform>
					<row0>	0.9473 -0.0719 0.0000 0.0000	</row0>
					<row1>	0.0719 0.9473 0.0000 0.0000	</row1>
					<row2>	0.0000 0.0000 0.9500 0.0000	</row2>
					<row3>	0.3235 0.1442 0.3755 1.0000	</row3>
				</transform>
			</node>
			<node>
				<identifier>	MP_AM005_Bollard_1_INDEX_4	</identifier>
				<transform>
					<row0>	1.0951 -0.1037 0.0034 0.0000	</row0>
					<row1>	0.1037 1.0945 -0.0361 0.0000	</row1>
					<row2>	0.0000 0.0363 1.0994 0.0000	</row2>
					<row3>	0.2528 0.3191 2.3268 1.0000	</row3>
				</transform>
			</node>
			<node>
				<identifier>	MP_AM005_Bollard_1_INDEX_5	</identifier>
				<transform>
					<row0>	1.1033 0.0194 -0.0010 0.0000	</row0>
					<row1>	-0.0194 1.1017 -0.0589 0.0000	</row1>
					<row2>	0.0000 0.0589 1.1019 0.0000	</row2>
					<row3>	-0.0336 0.3716 3.1229 1.0000	</row3>
				</transform>
			</node>
			<node>
				<identifier>	MP_AM006_Reels_1	</identifier>
				<transform>
					<row0>	0.2460 0.0000 -0.5473 0.0000	</row0>
					<row1>	0.5473 0.0000 0.2460 0.0000	</row1>
					<row2>	0.0000 -0.6000 0.0000 0.0000	</row2>
					<row3>	0.0957 0.4290 2.0827 1.0000	</row3>
				</transform>
			</node>
			<node>
				<identifier>	MP_AM006_Reels_1_INDEX_1	</identifier>
				<transform>
					<row0>	0.4000 0.0000 0.0000 0.0000	</row0>
					<row1>	0.0000 0.4000 0.0000 0.0000	</row1>
					<row2>	0.0000 0.0000 0.4000 0.0000	</row2>
					<row3>	-0.2736 0.3013 1.0202 1.0000	</row3>
				</transform>
			</node>
			<node>
				<identifier>	MP_AM006_Reels_1_INDEX_2	</identifier>
				<transform>
					<row0>	0.0000 0.0000 -1.0000 0.0000	</row0>
					<row1>	0.0000 1.0000 0.0000 0.0000	</row1>
					<row2>	1.0000 0.0000 0.0000 0.0000	</row2>
					<row3>	0.2005 0.1494 -0.1425 1.0000	</row3>
				</transform>
			</node>
			<node>
				<identifier>	MP_AM006_Reels_1_INDEX_3	</identifier>
				<transform>
					<row0>	0.4000 0.0000 0.0000 0.0000	</row0>
					<row1>	0.0000 0.4000 0.0000 0.0000	</row1>
					<row2>	0.0000 0.0000 0.4000 0.0000	</row2>
					<row3>	0.2734 0.3013 1.0202 1.0000	</row3>
				</transform>
			</node>
			<node>
				<identifier>	MP_AM018_Compass_Binnacle	</identifier>
				<transform>
					<row0>	1.0000 0.0000 0.0000 0.0000	</row0>
					<row1>	0.0000 1.0000 0.0000 0.0000	</row1>
					<row2>	0.0000 0.0000 1.0000 0.0000	</row2>
					<row3>	0.0000 0.6822 1.4154 1.0000	</row3>
				</transform>
			</node>
			<node>
				<identifier>	MP_AM023_Hatch_1	</identifier>
				<transform>
					<row0>	0.0000 0.0000 -0.8000 0.0000	</row0>
					<row1>	0.0000 0.8000 0.0000 0.0000	</row1>
					<row2>	0.8000 0.0000 0.0000 0.0000	</row2>
					<row3>	0.1024 0.3796 3.3800 1.0000	</row3>
				</transform>
			</node>
			<node>
				<identifier>	MP_AM044_Boat_Winch	</identifier>
				<transform>
					<row0>	0.0000 0.0000 -0.7500 0.0000	</row0>
					<row1>	0.0000 0.7500 0.0000 0.0000	</row1>
					<row2>	0.7500 0.0000 0.0000 0.0000	</row2>
					<row3>	0.0053 0.1645 -0.4694 1.0000	</row3>
				</transform>
			</node>
			<node>
				<identifier>	MP_AM047_Running_Lights_R	</identifier>
				<transform>
					<row0>	1.0000 0.0000 0.0000 0.0000	</row0>
					<row1>	0.0000 1.0000 0.0000 0.0000	</row1>
					<row2>	0.0000 0.0000 1.0000 0.0000	</row2>
					<row3>	0.2507 0.5967 1.1503 1.0000	</row3>
				</transform>
			</node>
			<node>
				<identifier>	MP_AM048_Running_Lights_L	</identifier>
				<transform>
					<row0>	1.0000 0.0000 0.0000 0.0000	</row0>
					<row1>	0.0000 1.0000 0.0000 0.0000	</row1>
					<row2>	0.0000 0.0000 1.0000 0.0000	</row2>
					<row3>	-0.2509 0.5967 1.1503 1.0000	</row3>
				</transform>
			</node>
			<node>
				<identifier>	MP_AM049_Signal_Lamp_1	</identifier>
				<transform>
					<row0>	1.0000 0.0000 0.0000 0.0000	</row0>
					<row1>	0.0000 1.0000 0.0000 0.0000	</row1>
					<row2>	0.0000 0.0000 1.0000 0.0000	</row2>
					<row3>	-0.2913 1.7322 0.8001 1.0000	</row3>
				</transform>
			</node>
			<node>
				<identifier>	MP_AM049_Signal_Lamp_1_INDEX_1	</identifier>
				<transform>
					<row0>	1.0000 0.0000 0.0000 0.0000	</row0>
					<row1>	0.0000 1.0000 0.0000 0.0000	</row1>
					<row2>	0.0000 0.0000 1.0000 0.0000	</row2>
					<row3>	-0.2278 1.7336 0.8001 1.0000	</row3>
				</transform>
			</node>
			<node>
				<identifier>	MP_AM049_Signal_Lamp_1_INDEX_2	</identifier>
				<transform>
					<row0>	1.0000 0.0000 0.0000 0.0000	</row0>
					<row1>	0.0000 1.0000 0.0000 0.0000	</row1>
					<row2>	0.0000 0.0000 1.0000 0.0000	</row2>
					<row3>	0.2276 1.7336 0.8001 1.0000	</row3>
				</transform>
			</node>
			<node>
				<identifier>	MP_AM049_Signal_Lamp_1_INDEX_3	</identifier>
				<transform>
					<row0>	1.0000 0.0000 0.0000 0.0000	</row0>
					<row1>	0.0000 1.0000 0.0000 0.0000	</row1>
					<row2>	0.0000 0.0000 1.0000 0.0000	</row2>
					<row3>	0.2911 1.7322 0.8001 1.0000	</row3>
				</transform>
			</node>
			<node>
				<identifier>	MP_AM055_Boat_1	</identifier>
				<transform>
					<row0>	0.0941 -0.9956 0.0000 0.0000	</row0>
					<row1>	0.9956 0.0941 -0.0004 0.0000	</row1>
					<row2>	0.0004 0.0000 1.0000 0.0000	</row2>
					<row3>	0.3478 0.2113 -0.2930 1.0000	</row3>
				</transform>
			</node>
			<node>
				<identifier>	MP_AM065_Ammunition_Box_6	</identifier>
				<transform>
					<row0>	0.9997 0.0000 -0.0243 0.0000	</row0>
					<row1>	-0.0004 0.9999 -0.0149 0.0000	</row1>
					<row2>	0.0243 0.0149 0.9996 0.0000	</row2>
					<row3>	-0.2309 0.3106 1.8523 1.0000	</row3>
				</transform>
			</node>
			<node>
				<identifier>	MP_AM071_Signal_Lamp_2	</identifier>
				<transform>
					<row0>	1.0000 0.0000 0.0000 0.0000	</row0>
					<row1>	0.0000 0.9962 -0.0871 0.0000	</row1>
					<row2>	0.0000 0.0871 0.9962 0.0000	</row2>
					<row3>	0.0000 1.8958 0.7994 1.0000	</row3>
				</transform>
			</node>
			<node>
				<identifier>	MP_AM071_Signal_Lamp_2_INDEX_1	</identifier>
				<transform>
					<row0>	0.8255 0.0000 -0.5644 0.0000	</row0>
					<row1>	0.0000 1.0000 0.0000 0.0000	</row1>
					<row2>	0.5644 0.0000 0.8255 0.0000	</row2>
					<row3>	0.0000 1.5465 0.8497 1.0000	</row3>
				</transform>
			</node>
			<node>
				<identifier>	MP_AM071_Signal_Lamp_2_INDEX_2	</identifier>
				<transform>
					<row0>	0.8255 0.0000 -0.5644 0.0000	</row0>
					<row1>	0.0000 1.0000 0.0000 0.0000	</row1>
					<row2>	0.5644 0.0000 0.8255 0.0000	</row2>
					<row3>	-0.0317 1.4844 0.7906 1.0000	</row3>
				</transform>
			</node>
			<node>
				<identifier>	MP_AM071_Signal_Lamp_2_INDEX_3	</identifier>
				<transform>
					<row0>	0.7709 0.0000 -0.6370 0.0000	</row0>
					<row1>	0.0000 1.0000 0.0000 0.0000	</row1>
					<row2>	0.6370 0.0000 0.7709 0.0000	</row2>
					<row3>	-0.0271 1.6068 0.7900 1.0000	</row3>
				</transform>
			</node>
			<node>
				<identifier>	MP_AM071_Signal_Lamp_2_INDEX_4	</identifier>
				<transform>
					<row0>	0.8315 0.0000 -0.5555 0.0000	</row0>
					<row1>	0.0000 1.0000 0.0000 0.0000	</row1>
					<row2>	0.5555 0.0000 0.8315 0.0000	</row2>
					<row3>	-0.0301 1.3631 0.8008 1.0000	</row3>
				</transform>
			</node>
			<node>
				<identifier>	MP_AM079_24in_SearchLight	</identifier>
				<transform>
					<row0>	0.0000 0.0000 1.0000 0.0000	</row0>
					<row1>	0.0000 1.0000 0.0000 0.0000	</row1>
					<row2>	-1.0000 0.0000 0.0000 0.0000	</row2>
					<row3>	-0.1520 0.8207 1.3144 1.0000	</row3>
				</transform>
			</node>
			<node>
				<identifier>	MP_AM079_24in_SearchLight_INDEX_1	</identifier>
				<transform>
					<row0>	0.0000 0.0000 -1.0000 0.0000	</row0>
					<row1>	0.0000 1.0000 0.0000 0.0000	</row1>
					<row2>	1.0000 0.0000 0.0000 0.0000	</row2>
					<row3>	0.0889 0.8239 1.0720 1.0000	</row3>
				</transform>
			</node>
			<node>
				<identifier>	MP_AM142_Running_Lights_FW	</identifier>
				<transform>
					<row0>	0.8000 0.0000 0.0000 0.0000	</row0>
					<row1>	0.0000 0.8000 0.0000 0.0000	</row1>
					<row2>	0.0000 0.0000 0.8000 0.0000	</row2>
					<row3>	-0.0004 1.4231 0.9093 1.0000	</row3>
				</transform>
			</node>
			<node>
				<identifier>	MP_AM142_Running_Lights_FW_INDEX_1	</identifier>
				<transform>
					<row0>	1.0000 0.0000 0.0000 0.0000	</row0>
					<row1>	0.0000 1.0000 0.0000 0.0000	</row1>
					<row2>	0.0000 0.0000 1.0000 0.0000	</row2>
					<row3>	0.0000 0.9489 1.5064 1.0000	</row3>
				</transform>
			</node>
			<node>
				<identifier>	MP_AM142_Running_Lights_FW_INDEX_2	</identifier>
				<transform>
					<row0>	1.0000 0.0000 0.0000 0.0000	</row0>
					<row1>	0.0000 1.0000 0.0000 0.0000	</row1>
					<row2>	0.0000 0.0000 1.0000 0.0000	</row2>
					<row3>	0.0000 1.0403 1.5064 1.0000	</row3>
				</transform>
			</node>
			<node>
				<identifier>	MP_AM143_Signal_Lamp_R	</identifier>
				<transform>
					<row0>	1.0000 0.0000 0.0000 0.0000	</row0>
					<row1>	0.0000 1.0000 0.0000 0.0000	</row1>
					<row2>	0.0000 0.0000 1.0000 0.0000	</row2>
					<row3>	0.0703 1.2412 0.8465 1.0000	</row3>
				</transform>
			</node>
			<node>
				<identifier>	MP_AM143_Signal_Lamp_R_INDEX_1	</identifier>
				<transform>
					<row0>	1.0000 0.0000 0.0000 0.0000	</row0>
					<row1>	0.0000 1.0000 0.0000 0.0000	</row1>
					<row2>	0.0000 0.0000 1.0000 0.0000	</row2>
					<row3>	-0.1074 1.7336 0.8001 1.0000	</row3>
				</transform>
			</node>
			<node>
				<identifier>	MP_AM143_Signal_Lamp_R_INDEX_2	</identifier>
				<transform>
					<row0>	1.0000 0.0000 0.0000 0.0000	</row0>
					<row1>	0.0000 1.0000 0.0000 0.0000	</row1>
					<row2>	0.0000 0.0000 1.0000 0.0000	</row2>
					<row3>	0.1073 1.7336 0.8001 1.0000	</row3>
				</transform>
			</node>
			<node>
				<identifier>	MP_AM144_Signal_Lamp_L	</identifier>
				<transform>
					<row0>	1.0000 0.0000 0.0000 0.0000	</row0>
					<row1>	0.0000 1.0000 0.0000 0.0000	</row1>
					<row2>	0.0000 0.0000 1.0000 0.0000	</row2>
					<row3>	0.1674 1.7336 0.8001 1.0000	</row3>
				</transform>
			</node>
			<node>
				<identifier>	MP_AM144_Signal_Lamp_L_INDEX_1	</identifier>
				<transform>
					<row0>	1.0000 0.0000 0.0000 0.0000	</row0>
					<row1>	0.0000 1.0000 0.0000 0.0000	</row1>
					<row2>	0.0000 0.0000 1.0000 0.0000	</row2>
					<row3>	-0.0705 1.2412 0.8465 1.0000	</row3>
				</transform>
			</node>
			<node>
				<identifier>	MP_AM144_Signal_Lamp_L_INDEX_2	</identifier>
				<transform>
					<row0>	1.0000 0.0000 0.0000 0.0000	</row0>
					<row1>	0.0000 1.0000 0.0000 0.0000	</row1>
					<row2>	0.0000 0.0000 1.0000 0.0000	</row2>
					<row3>	-0.1676 1.7336 0.8001 1.0000	</row3>
				</transform>
			</node>
			<node>
				<identifier>	MP_AM150_Telegraph_Engine	</identifier>
				<transform>
					<row0>	0.8424 0.0000 -0.5389 0.0000	</row0>
					<row1>	0.0000 1.0000 0.0000 0.0000	</row1>
					<row2>	0.5389 0.0000 0.8424 0.0000	</row2>
					<row3>	0.0791 0.6769 1.3647 1.0000	</row3>
				</transform>
			</node>
			<node>
				<identifier>	MP_AM159_Voice_Tube	</identifier>
				<transform>
					<row0>	0.9893 0.0000 -0.1459 0.0000	</row0>
					<row1>	0.0000 1.0000 0.0000 0.0000	</row1>
					<row2>	0.1459 0.0000 0.9893 0.0000	</row2>
					<row3>	0.0349 0.6796 1.3987 1.0000	</row3>
				</transform>
			</node>
			<node>
				<identifier>	MP_AM159_Voice_Tube_INDEX_1	</identifier>
				<transform>
					<row0>	-0.3654 0.0000 0.9309 0.0000	</row0>
					<row1>	0.0000 1.0000 0.0000 0.0000	</row1>
					<row2>	-0.9309 0.0000 -0.3654 0.0000	</row2>
					<row3>	-0.2732 0.6667 1.1364 1.0000	</row3>
				</transform>
			</node>
			<node>
				<identifier>	MP_AM159_Voice_Tube_INDEX_2	</identifier>
				<transform>
					<row0>	-0.9914 0.0000 0.1309 0.0000	</row0>
					<row1>	0.0000 1.0000 0.0000 0.0000	</row1>
					<row2>	-0.1309 0.0000 -0.9914 0.0000	</row2>
					<row3>	0.1234 0.8220 1.0356 1.0000	</row3>
				</transform>
			</node>
			<node>
				<identifier>	MP_AM159_Voice_Tube_INDEX_3	</identifier>
				<transform>
					<row0>	-0.2420 0.0000 -0.9703 0.0000	</row0>
					<row1>	0.0000 1.0000 0.0000 0.0000	</row1>
					<row2>	0.9703 0.0000 -0.2420 0.0000	</row2>
					<row3>	0.2730 0.6667 1.1437 1.0000	</row3>
				</transform>
			</node>
			<node>
				<identifier>	MP_AM159_Voice_Tube_INDEX_4	</identifier>
				<transform>
					<row0>	1.0000 0.0000 0.0000 0.0000	</row0>
					<row1>	0.0000 1.0000 0.0000 0.0000	</row1>
					<row2>	0.0000 0.0000 1.0000 0.0000	</row2>
					<row3>	0.0310 0.8302 1.4448 1.0000	</row3>
				</transform>
			</node>
			<node>
				<identifier>	MP_AM159_Voice_Tube_INDEX_5	</identifier>
				<transform>
					<row0>	0.9780 0.0000 0.2084 0.0000	</row0>
					<row1>	0.0000 1.0000 0.0000 0.0000	</row1>
					<row2>	-0.2084 0.0000 0.9780 0.0000	</row2>
					<row3>	-0.0480 0.6784 1.3693 1.0000	</row3>
				</transform>
			</node>
			<node>
				<identifier>	MP_AM159_Voice_Tube_INDEX_6	</identifier>
				<transform>
					<row0>	-0.3654 0.0000 -0.9309 0.0000	</row0>
					<row1>	0.0000 1.0000 0.0000 0.0000	</row1>
					<row2>	0.9309 0.0000 -0.3654 0.0000	</row2>
					<row3>	0.2730 0.6667 0.9186 1.0000	</row3>
				</transform>
			</node>
			<node>
				<identifier>	MP_AM159_Voice_Tube_INDEX_7	</identifier>
				<transform>
					<row0>	-0.3654 0.0000 0.9309 0.0000	</row0>
					<row1>	0.0000 1.0000 0.0000 0.0000	</row1>
					<row2>	-0.9309 0.0000 -0.3654 0.0000	</row2>
					<row3>	-0.2732 0.6667 0.9186 1.0000	</row3>
				</transform>
			</node>
			<node>
				<identifier>	MP_AM159_Voice_Tube_INDEX_8	</identifier>
				<transform>
					<row0>	0.6573 0.0000 0.7536 0.0000	</row0>
					<row1>	0.0000 1.0000 0.0000 0.0000	</row1>
					<row2>	-0.7536 0.0000 0.6573 0.0000	</row2>
					<row3>	-0.2207 0.8167 1.2907 1.0000	</row3>
				</transform>
			</node>
			<node>
				<identifier>	MP_AM161_Anchor_top	</identifier>
				<transform>
					<row0>	0.6031 -0.1223 0.2093 0.0000	</row0>
					<row1>	0.2385 0.4001 -0.4534 0.0000	</row1>
					<row2>	-0.0435 0.4975 0.4161 0.0000	</row2>
					<row3>	-0.1192 0.2905 3.6621 1.0000	</row3>
				</transform>
			</node>
			<node>
				<identifier>	MP_AM161_Anchor_top_INDEX_1	</identifier>
				<transform>
					<row0>	0.6031 0.1223 -0.2093 0.0000	</row0>
					<row1>	-0.2385 0.4001 -0.4534 0.0000	</row1>
					<row2>	0.0435 0.4975 0.4161 0.0000	</row2>
					<row3>	0.1190 0.2905 3.6621 1.0000	</row3>
				</transform>
			</node>
			<node>
				<identifier>	MP_AM162_Anchor_down	</identifier>
				<transform>
					<row0>	0.6473 -0.0095 -0.0585 0.0000	</row0>
					<row1>	-0.0391 0.4136 -0.4999 0.0000	</row1>
					<row2>	0.0446 0.5013 0.4114 0.0000	</row2>
					<row3>	0.1176 0.3049 3.6449 1.0000	</row3>
				</transform>
			</node>
			<node>
				<identifier>	MP_AM162_Anchor_down_INDEX_1	</identifier>
				<transform>
					<row0>	0.6473 0.0095 0.0585 0.0000	</row0>
					<row1>	0.0391 0.4136 -0.4999 0.0000	</row1>
					<row2>	-0.0446 0.5013 0.4114 0.0000	</row2>
					<row3>	-0.1178 0.3049 3.6449 1.0000	</row3>
				</transform>
			</node>
			<node>
				<identifier>	MP_AM164_Signal_Lamp_4	</identifier>
				<transform>
					<row0>	0.7633 0.0000 -0.6461 0.0000	</row0>
					<row1>	0.0000 1.0000 0.0000 0.0000	</row1>
					<row2>	0.6461 0.0000 0.7633 0.0000	</row2>
					<row3>	0.1434 0.8897 1.3827 1.0000	</row3>
				</transform>
			</node>
			<node>
				<identifier>	MP_AM164_Signal_Lamp_4_INDEX_1	</identifier>
				<transform>
					<row0>	-0.8660 0.0000 0.5000 0.0000	</row0>
					<row1>	0.0000 1.0000 0.0000 0.0000	</row1>
					<row2>	-0.5000 0.0000 -0.8660 0.0000	</row2>
					<row3>	-0.3048 0.7514 0.8600 1.0000	</row3>
				</transform>
			</node>
			<node>
				<identifier>	MP_AM164_Signal_Lamp_4_INDEX_2	</identifier>
				<transform>
					<row0>	-1.0000 0.0000 0.0000 0.0000	</row0>
					<row1>	0.0000 1.0000 0.0000 0.0000	</row1>
					<row2>	0.0000 0.0000 -1.0000 0.0000	</row2>
					<row3>	-0.1225 0.8897 1.0244 1.0000	</row3>
				</transform>
			</node>
			<node>
				<identifier>	MP_AM164_Signal_Lamp_4_INDEX_3	</identifier>
				<transform>
					<row0>	-0.8660 0.0000 -0.5000 0.0000	</row0>
					<row1>	0.0000 1.0000 0.0000 0.0000	</row1>
					<row2>	0.5000 0.0000 -0.8660 0.0000	</row2>
					<row3>	0.3046 0.7514 0.8600 1.0000	</row3>
				</transform>
			</node>
			<node>
				<identifier>	MP_AM176_Target_Desingnator	</identifier>
				<transform>
					<row0>	1.0000 0.0000 0.0000 0.0000	</row0>
					<row1>	0.0000 1.0000 0.0000 0.0000	</row1>
					<row2>	0.0000 0.0000 1.0000 0.0000	</row2>
					<row3>	0.0000 0.8279 1.4527 1.0000	</row3>
				</transform>
			</node>
			<node>
				<identifier>	MP_AM234_Punt_10ft	</identifier>
				<transform>
					<row0>	-0.3077 -0.9515 0.0005 0.0000	</row0>
					<row1>	0.9514 -0.3076 0.0134 0.0000	</row1>
					<row2>	-0.0126 0.0047 0.9999 0.0000	</row2>
					<row3>	-0.1727 0.2389 0.0389 1.0000	</row3>
				</transform>
			</node>
			<node>
				<identifier>	MP_AM247_Ammunition_Box	</identifier>
				<transform>
					<row0>	0.0000 0.0000 -0.6000 0.0000	</row0>
					<row1>	0.0000 0.6000 0.0000 0.0000	</row1>
					<row2>	0.6000 0.0000 0.0000 0.0000	</row2>
					<row3>	-0.0381 0.8248 1.0350 1.0000	</row3>
				</transform>
			</node>
			<node>
				<identifier>	MP_AM247_Ammunition_Box_INDEX_1	</identifier>
				<transform>
					<row0>	-0.0098 0.0000 1.0025 0.0000	</row0>
					<row1>	0.0000 1.0025 0.0000 0.0000	</row1>
					<row2>	-1.0025 0.0000 -0.0098 0.0000	</row2>
					<row3>	0.2161 0.1491 0.4589 1.0000	</row3>
				</transform>
			</node>
			<node>
				<identifier>	MP_AM247_Ammunition_Box_INDEX_2	</identifier>
				<transform>
					<row0>	-0.8736 0.0000 0.0000 0.0000	</row0>
					<row1>	0.0000 0.8736 0.0000 0.0000	</row1>
					<row2>	0.0000 0.0000 -0.8736 0.0000	</row2>
					<row3>	-0.1786 0.1549 0.8097 1.0000	</row3>
				</transform>
			</node>
			<node>
				<identifier>	MP_AM247_Ammunition_Box_INDEX_3	</identifier>
				<transform>
					<row0>	-0.4243 0.0000 -0.4243 0.0000	</row0>
					<row1>	0.0000 0.6000 0.0000 0.0000	</row1>
					<row2>	0.4243 0.0000 -0.4243 0.0000	</row2>
					<row3>	-0.0726 0.8205 1.1747 1.0000	</row3>
				</transform>
			</node>
			<node>
				<identifier>	MP_AM250_Ammunition_Box	</identifier>
				<transform>
					<row0>	-0.3832 0.0000 0.9237 0.0000	</row0>
					<row1>	0.0000 1.0000 0.0000 0.0000	</row1>
					<row2>	-0.9237 0.0000 -0.3832 0.0000	</row2>
					<row3>	0.1241 0.3226 2.0941 1.0000	</row3>
				</transform>
			</node>
			<node>
				<identifier>	MP_AM250_Ammunition_Box_INDEX_1	</identifier>
				<transform>
					<row0>	-0.6932 0.0000 -0.7208 0.0000	</row0>
					<row1>	0.0000 1.0000 0.0000 0.0000	</row1>
					<row2>	0.7208 0.0000 -0.6932 0.0000	</row2>
					<row3>	-0.1700 0.3171 2.0199 1.0000	</row3>
				</transform>
			</node>
			<node>
				<identifier>	MP_AM442_Multipole_Switch	</identifier>
				<transform>
					<row0>	1.0000 0.0000 0.0000 0.0000	</row0>
					<row1>	0.0000 1.0000 0.0000 0.0000	</row1>
					<row2>	0.0000 0.0000 1.0000 0.0000	</row2>
					<row3>	-0.0385 0.6951 1.4512 1.0000	</row3>
				</transform>
			</node>
			<node>
				<identifier>	MP_AM442_Multipole_Switch_INDEX_1	</identifier>
				<transform>
					<row0>	-0.8064 0.0000 -0.5913 0.0000	</row0>
					<row1>	0.0000 1.0000 0.0000 0.0000	</row1>
					<row2>	0.5913 0.0000 -0.8064 0.0000	</row2>
					<row3>	0.0455 0.8694 1.1725 1.0000	</row3>
				</transform>
			</node>
			<node>
				<identifier>	MP_AM442_Multipole_Switch_INDEX_2	</identifier>
				<transform>
					<row0>	0.0000 0.0000 -1.0000 0.0000	</row0>
					<row1>	0.0000 1.0000 0.0000 0.0000	</row1>
					<row2>	1.0000 0.0000 0.0000 0.0000	</row2>
					<row3>	0.1753 0.7319 1.0414 1.0000	</row3>
				</transform>
			</node>
			<node>
				<identifier>	MP_AM451_Signal_Lamp	</identifier>
				<transform>
					<row0>	0.8255 0.0000 -0.5644 0.0000	</row0>
					<row1>	0.0000 1.0000 0.0000 0.0000	</row1>
					<row2>	0.5644 0.0000 0.8255 0.0000	</row2>
					<row3>	-0.0317 1.5087 0.7906 1.0000	</row3>
				</transform>
			</node>
			<node>
				<identifier>	MP_AM451_Signal_Lamp_INDEX_1	</identifier>
				<transform>
					<row0>	0.7709 0.0000 -0.6370 0.0000	</row0>
					<row1>	0.0000 1.0000 0.0000 0.0000	</row1>
					<row2>	0.6370 0.0000 0.7709 0.0000	</row2>
					<row3>	-0.0271 1.6310 0.7900 1.0000	</row3>
				</transform>
			</node>
			<node>
				<identifier>	MP_AM510_Pelorus	</identifier>
				<transform>
					<row0>	1.0000 0.0000 0.0000 0.0000	</row0>
					<row1>	0.0000 1.0000 0.0000 0.0000	</row1>
					<row2>	0.0000 0.0000 1.0000 0.0000	</row2>
					<row3>	0.2705 0.6672 1.1660 1.0000	</row3>
				</transform>
			</node>
			<node>
				<identifier>	MP_AM510_Pelorus_INDEX_1	</identifier>
				<transform>
					<row0>	1.0000 0.0000 0.0000 0.0000	</row0>
					<row1>	0.0000 1.0000 0.0000 0.0000	</row1>
					<row2>	0.0000 0.0000 1.0000 0.0000	</row2>
					<row3>	-0.2707 0.6672 1.1660 1.0000	</row3>
				</transform>
			</node>
			<node>
				<identifier>	MP_AM527_Whaleboat_26ft	</identifier>
				<transform>
					<row0>	0.9937 0.1118 0.0065 0.0000	</row0>
					<row1>	-0.1118 0.9937 -0.0007 0.0000	</row1>
					<row2>	-0.0066 0.0000 1.0000 0.0000	</row2>
					<row3>	-0.4172 0.4164 1.2437 1.0000	</row3>
				</transform>
			</node>
			<node>
				<identifier>	MP_AM527_Whaleboat_26ft_INDEX_1	</identifier>
				<transform>
					<row0>	0.9937 -0.1118 -0.0065 0.0000	</row0>
					<row1>	0.1118 0.9937 -0.0007 0.0000	</row1>
					<row2>	0.0066 0.0000 1.0000 0.0000	</row2>
					<row3>	0.4170 0.4164 1.2437 1.0000	</row3>
				</transform>
			</node>
			<node>
				<identifier>	MP_AM529_Life_Buoy	</identifier>
				<transform>
					<row0>	0.0000 0.0000 1.0000 0.0000	</row0>
					<row1>	0.0000 1.0000 0.0000 0.0000	</row1>
					<row2>	-1.0000 0.0000 0.0000 0.0000	</row2>
					<row3>	0.3076 0.6943 0.8836 1.0000	</row3>
				</transform>
			</node>
			<node>
				<identifier>	MP_AM529_Life_Buoy_INDEX_1	</identifier>
				<transform>
					<row0>	0.0000 0.0000 -1.0000 0.0000	</row0>
					<row1>	0.0000 1.0000 0.0000 0.0000	</row1>
					<row2>	1.0000 0.0000 0.0000 0.0000	</row2>
					<row3>	-0.3077 0.6943 0.8836 1.0000	</row3>
				</transform>
			</node>
			<node>
				<identifier>	MP_AM572_Telpher	</identifier>
				<transform>
					<row0>	0.8920 0.0000 0.4520 0.0000	</row0>
					<row1>	0.0000 1.0000 0.0000 0.0000	</row1>
					<row2>	-0.4520 0.0000 0.8920 0.0000	</row2>
					<row3>	0.2012 0.4329 0.1671 1.0000	</row3>
				</transform>
			</node>
			<node>
				<identifier>	MP_AM572_Telpher_INDEX_1	</identifier>
				<transform>
					<row0>	0.8920 0.0003 -0.4520 0.0000	</row0>
					<row1>	-0.0004 1.0000 0.0000 0.0000	</row1>
					<row2>	0.4520 0.0002 0.8920 0.0000	</row2>
					<row3>	-0.2013 0.4329 0.1671 1.0000	</row3>
				</transform>
			</node>
			<node>
				<identifier>	MP_AM585_Hatch	</identifier>
				<transform>
					<row0>	0.0000 0.0000 -1.0000 0.0000	</row0>
					<row1>	0.0000 1.0000 0.0000 0.0000	</row1>
					<row2>	1.0000 0.0000 0.0000 0.0000	</row2>
					<row3>	-0.1178 0.1573 1.3512 1.0000	</row3>
				</transform>
			</node>
			<node>
				<identifier>	MP_AM585_Hatch_INDEX_1	</identifier>
				<transform>
					<row0>	0.0000 0.0000 1.0000 0.0000	</row0>
					<row1>	0.0000 1.0000 0.0000 0.0000	</row1>
					<row2>	-1.0000 0.0000 0.0000 0.0000	</row2>
					<row3>	0.1176 0.1573 1.3512 1.0000	</row3>
				</transform>
			</node>
			<node>
				<identifier>	MP_AM585_Hatch_INDEX_2	</identifier>
				<transform>
					<row0>	1.0000 0.0000 0.0000 0.0000	</row0>
					<row1>	0.0000 1.0000 0.0000 0.0000	</row1>
					<row2>	0.0000 0.0000 1.0000 0.0000	</row2>
					<row3>	0.0335 0.3306 2.3213 1.0000	</row3>
				</transform>
			</node>
			<node>
				<identifier>	MP_AM585_Hatch_INDEX_3	</identifier>
				<transform>
					<row0>	0.0000 0.0000 -1.0000 0.0000	</row0>
					<row1>	0.0000 1.0000 0.0000 0.0000	</row1>
					<row2>	1.0000 0.0000 0.0000 0.0000	</row2>
					<row3>	0.0000 0.4832 1.7645 1.0000	</row3>
				</transform>
			</node>
			<node>
				<identifier>	MP_CM011_Fire_Fighting_Gear	</identifier>
				<transform>
					<row0>	-1.0000 0.0000 0.0000 0.0000	</row0>
					<row1>	0.0000 1.0000 0.0000 0.0000	</row1>
					<row2>	0.0000 0.0000 -1.0000 0.0000	</row2>
					<row3>	-0.2337 0.3161 1.9539 1.0000	</row3>
				</transform>
			</node>
			<node>
				<identifier>	MP_CM011_Fire_Fighting_Gear_INDEX_1	</identifier>
				<transform>
					<row0>	1.0000 0.0000 0.0000 0.0000	</row0>
					<row1>	0.0000 1.0000 0.0000 0.0000	</row1>
					<row2>	0.0000 0.0000 1.0000 0.0000	</row2>
					<row3>	-0.1644 0.1582 -0.2920 1.0000	</row3>
				</transform>
			</node>
			<node>
				<identifier>	MP_CM011_Fire_Fighting_Gear_INDEX_2	</identifier>
				<transform>
					<row0>	-1.0000 0.0000 0.0000 0.0000	</row0>
					<row1>	0.0000 1.0000 0.0000 0.0000	</row1>
					<row2>	0.0000 0.0000 -1.0000 0.0000	</row2>
					<row3>	0.0878 0.3288 2.1283 1.0000	</row3>
				</transform>
			</node>
			<node>
				<identifier>	MP_CM011_Fire_Fighting_Gear_INDEX_3	</identifier>
				<transform>
					<row0>	1.0000 0.0000 0.0000 0.0000	</row0>
					<row1>	0.0000 1.0000 0.0000 0.0000	</row1>
					<row2>	0.0000 0.0000 1.0000 0.0000	</row2>
					<row3>	-0.1593 0.1594 0.7384 1.0000	</row3>
				</transform>
			</node>
			<node>
				<identifier>	MP_CM011_Fire_Fighting_Gear_INDEX_4	</identifier>
				<transform>
					<row0>	1.0000 0.0000 0.0000 0.0000	</row0>
					<row1>	0.0000 1.0000 0.0000 0.0000	</row1>
					<row2>	0.0000 0.0000 1.0000 0.0000	</row2>
					<row3>	0.2230 0.3145 1.7995 1.0000	</row3>
				</transform>
			</node>
			<node>
				<identifier>	MP_CM011_Fire_Fighting_Gear_INDEX_5	</identifier>
				<transform>
					<row0>	1.0000 0.0000 0.0000 0.0000	</row0>
					<row1>	0.0000 1.0000 0.0000 0.0000	</row1>
					<row2>	0.0000 0.0000 1.0000 0.0000	</row2>
					<row3>	0.1642 0.1582 -0.2920 1.0000	</row3>
				</transform>
			</node>
			<node>
				<identifier>	MP_CM011_Fire_Fighting_Gear_INDEX_6	</identifier>
				<transform>
					<row0>	1.0000 0.0000 0.0000 0.0000	</row0>
					<row1>	0.0000 1.0000 0.0000 0.0000	</row1>
					<row2>	0.0000 0.0000 1.0000 0.0000	</row2>
					<row3>	0.1619 0.1594 0.7384 1.0000	</row3>
				</transform>
			</node>
			<node>
				<identifier>	MP_CM013_Fire_Hose_Rack_2	</identifier>
				<transform>
					<row0>	0.0000 0.0000 1.0000 0.0000	</row0>
					<row1>	0.0000 1.0000 0.0000 0.0000	</row1>
					<row2>	-1.0000 0.0000 0.0000 0.0000	</row2>
					<row3>	0.1968 0.2217 -0.2814 1.0000	</row3>
				</transform>
			</node>
			<node>
				<identifier>	MP_CM013_Fire_Hose_Rack_2_INDEX_1	</identifier>
				<transform>
					<row0>	-0.9997 0.0000 -0.0247 0.0000	</row0>
					<row1>	0.0000 1.0000 0.0000 0.0000	</row1>
					<row2>	0.0247 0.0000 -0.9997 0.0000	</row2>
					<row3>	0.2136 0.3478 1.8599 1.0000	</row3>
				</transform>
			</node>
			<node>
				<identifier>	MP_CM013_Fire_Hose_Rack_2_INDEX_2	</identifier>
				<transform>
					<row0>	0.0000 0.0000 1.0000 0.0000	</row0>
					<row1>	0.0000 1.0000 0.0000 0.0000	</row1>
					<row2>	-1.0000 0.0000 0.0000 0.0000	</row2>
					<row3>	0.1614 0.2279 0.9515 1.0000	</row3>
				</transform>
			</node>
			<node>
