<RSC025_Donskoy_1948_Stern_ports.visual>
	<node>
		<identifier>	Scene Root	</identifier>
		<transform>
			<row0>	1.0000 0.0000 0.0000 0.0000	</row0>
			<row1>	0.0000 1.0000 0.0000 0.0000	</row1>
			<row2>	0.0000 0.0000 1.0000 0.0000	</row2>
			<row3>	0.0000 0.0000 0.0000 1.0000	</row3>
		</transform>
		<node>
			<identifier>	Stern_ports	</identifier>
			<transform>
				<row0>	1.0000 0.0000 0.0000 0.0000	</row0>
				<row1>	0.0000 1.0000 0.0000 0.0000	</row1>
				<row2>	0.0000 0.0000 1.0000 0.0000	</row2>
				<row3>	0.0000 0.0000 0.0000 1.0000	</row3>
			</transform>
			<node>
				<identifier>	HP_FX_Fire_4	</identifier>
				<transform>
					<row0>	1.0000 0.0000 0.0000 0.0000	</row0>
					<row1>	0.0000 1.0000 0.0000 0.0000	</row1>
					<row2>	0.0000 0.0000 1.0000 0.0000	</row2>
					<row3>	0.0000 0.2828 -5.4439 1.0000	</row3>
				</transform>
			</node>
			<node>
				<identifier>	HP_FX_Flood_water_left	</identifier>
				<transform>
					<row0>	-1.0000 0.0000 0.0000 0.0000	</row0>
					<row1>	0.0000 1.0000 0.0000 0.0000	</row1>
					<row2>	0.0000 0.0000 -1.0000 0.0000	</row2>
					<row3>	-0.4755 0.0412 -5.0996 1.0000	</row3>
				</transform>
			</node>
			<node>
				<identifier>	HP_FX_Flood_water_right	</identifier>
				<transform>
					<row0>	1.0000 0.0000 0.0000 0.0000	</row0>
					<row1>	0.0000 1.0000 0.0000 0.0000	</row1>
					<row2>	0.0000 0.0000 1.0000 0.0000	</row2>
					<row3>	0.4751 0.0400 -5.0990 1.0000	</row3>
				</transform>
			</node>
			<node>
				<identifier>	HP_FX_RepairLight_left_2	</identifier>
				<transform>
					<row0>	-0.0904 0.0000 0.9959 0.0000	</row0>
					<row1>	-0.0644 0.9979 -0.0058 0.0000	</row1>
					<row2>	-0.9938 -0.0647 -0.0902 0.0000	</row2>
					<row3>	-0.6036 0.2528 -4.2936 1.0000	</row3>
				</transform>
			</node>
			<node>
				<identifier>	HP_FX_WakeTraceBack	</identifier>
				<transform>
					<row0>	1.0000 0.0000 0.0000 0.0000	</row0>
					<row1>	0.0000 1.0000 0.0000 0.0000	</row1>
					<row2>	0.0000 0.0000 1.0000 0.0000	</row2>
					<row3>	0.0000 0.0000 -7.2518 1.0000	</row3>
				</transform>
			</node>
			<node>
				<identifier>	HP_FX_WakeTrace_screw_1	</identifier>
				<transform>
					<row0>	1.0000 0.0000 0.0000 0.0000	</row0>
					<row1>	0.0000 1.0000 0.0000 0.0000	</row1>
					<row2>	0.0000 0.0000 1.0000 0.0000	</row2>
					<row3>	-0.2166 -0.3922 -6.0014 1.0000	</row3>
				</transform>
			</node>
			<node>
				<identifier>	HP_FX_WakeTrace_screw_2	</identifier>
				<transform>
					<row0>	1.0000 0.0000 0.0000 0.0000	</row0>
					<row1>	0.0000 1.0000 0.0000 0.0000	</row1>
					<row2>	0.0000 0.0000 1.0000 0.0000	</row2>
					<row3>	-0.4531 -0.3935 -5.4382 1.0000	</row3>
				</transform>
			</node>
			<node>
				<identifier>	HP_FX_WakeTrace_screw_3	</identifier>
				<transform>
					<row0>	1.0000 0.0000 0.0000 0.0000	</row0>
					<row1>	0.0000 1.0000 0.0000 0.0000	</row1>
					<row2>	0.0000 0.0000 1.0000 0.0000	</row2>
					<row3>	0.2166 -0.3922 -6.0014 1.0000	</row3>
				</transform>
			</node>
			<node>
				<identifier>	HP_FX_WakeTrace_screw_4	</identifier>
				<transform>
					<row0>	1.0000 0.0000 0.0000 0.0000	</row0>
					<row1>	0.0000 1.0000 0.0000 0.0000	</row1>
					<row2>	0.0000 0.0000 1.0000 0.0000	</row2>
					<row3>	0.4531 -0.3935 -5.4382 1.0000	</row3>
				</transform>
			</node>
			<node>
				<identifier>	HP_RGB_1	</identifier>
				<transform>
					<row0>	-0.0002 0.0061 1.0000 0.0000	</row0>
					<row1>	-0.0544 0.9985 -0.0061 0.0000	</row1>
					<row2>	-0.9985 -0.0544 0.0002 0.0000	</row2>
					<row3>	-0.2709 0.2595 -5.8648 1.0000	</row3>
				</transform>
			</node>
			<node>
				<identifier>	HP_RGB_2	</identifier>
				<transform>
					<row0>	-0.0002 -0.0061 -1.0000 0.0000	</row0>
					<row1>	0.0544 0.9985 -0.0061 0.0000	</row1>
					<row2>	0.9985 -0.0544 0.0002 0.0000	</row2>
					<row3>	0.2709 0.2595 -5.8648 1.0000	</row3>
				</transform>
			</node>
			<node>
				<identifier>	HP_RGB_3	</identifier>
				<transform>
					<row0>	-0.0007 0.0169 0.9999 0.0000	</row0>
					<row1>	-0.0458 0.9988 -0.0169 0.0000	</row1>
					<row2>	-0.9989 -0.0458 0.0000 0.0000	</row2>
					<row3>	-0.1934 0.2593 -6.5147 1.0000	</row3>
				</transform>
			</node>
			<node>
				<identifier>	HP_RGB_4	</identifier>
				<transform>
					<row0>	-0.0007 -0.0169 -0.9999 0.0000	</row0>
					<row1>	0.0458 0.9988 -0.0169 0.0000	</row1>
					<row2>	0.9989 -0.0458 0.0000 0.0000	</row2>
					<row3>	0.1934 0.2593 -6.5147 1.0000	</row3>
				</transform>
			</node>
			<node>
				<identifier>	HP_RGM_4	</identifier>
				<transform>
					<row0>	-1.0000 0.0000 0.0000 0.0000	</row0>
					<row1>	0.0000 1.0000 0.0000 0.0000	</row1>
					<row2>	0.0000 0.0000 -1.0000 0.0000	</row2>
					<row3>	0.0000 0.3696 -4.5459 1.0000	</row3>
				</transform>
			</node>
			<node>
				<identifier>	HP_Ship_death_3	</identifier>
				<transform>
					<row0>	1.0000 0.0000 0.0000 0.0000	</row0>
					<row1>	0.0000 1.0000 0.0000 0.0000	</row1>
					<row2>	0.0000 0.0000 1.0000 0.0000	</row2>
					<row3>	0.0000 0.0000 -4.2454 1.0000	</row3>
				</transform>
			</node>
			<node>
				<identifier>	MP_CM001_Propeller3_L	</identifier>
				<transform>
					<row0>	1.0000 0.0000 0.0000 0.0000	</row0>
					<row1>	0.0000 0.9998 -0.0175 0.0000	</row1>
					<row2>	0.0000 0.0175 0.9998 0.0000	</row2>
					<row3>	-0.2166 -0.3922 -6.0014 1.0000	</row3>
				</transform>
			</node>
			<node>
				<identifier>	MP_CM001_Propeller3_L_INDEX_1	</identifier>
				<transform>
					<row0>	0.9994 0.0000 -0.0349 0.0000	</row0>
					<row1>	-0.0006 0.9998 -0.0174 0.0000	</row1>
					<row2>	0.0349 0.0175 0.9992 0.0000	</row2>
					<row3>	-0.4531 -0.3935 -5.4382 1.0000	</row3>
				</transform>
			</node>
			<node>
				<identifier>	MP_CM011_Fire_Fighting_Gear	</identifier>
				<transform>
					<row0>	1.0000 0.0000 0.0000 0.0000	</row0>
					<row1>	0.0000 1.0000 0.0000 0.0000	</row1>
					<row2>	0.0000 0.0000 1.0000 0.0000	</row2>
					<row3>	0.0000 0.2841 -4.8329 1.0000	</row3>
				</transform>
			</node>
			<node>
				<identifier>	MP_CM011_Fire_Fighting_Gear_INDEX_1	</identifier>
				<transform>
					<row0>	0.0007 0.0219 0.9998 0.0000	</row0>
					<row1>	0.0303 0.9993 -0.0219 0.0000	</row1>
					<row2>	-0.9995 0.0303 0.0000 0.0000	</row2>
					<row3>	0.0148 0.2690 -6.4938 1.0000	</row3>
				</transform>
			</node>
			<node>
				<identifier>	MP_CM011_Fire_Fighting_Gear_INDEX_2	</identifier>
				<transform>
					<row0>	0.0007 -0.0219 -0.9998 0.0000	</row0>
					<row1>	-0.0303 0.9993 -0.0219 0.0000	</row1>
					<row2>	0.9995 0.0303 0.0000 0.0000	</row2>
					<row3>	-0.0148 0.2690 -6.4938 1.0000	</row3>
				</transform>
			</node>
			<node>
				<identifier>	MP_CM015_Bundle_1	</identifier>
				<transform>
					<row0>	0.9982 0.0603 0.0000 0.0000	</row0>
					<row1>	-0.0603 0.9982 -0.0062 0.0000	</row1>
					<row2>	-0.0004 0.0062 1.0000 0.0000	</row2>
					<row3>	-0.0863 0.2779 -4.9692 1.0000	</row3>
				</transform>
			</node>
			<node>
				<identifier>	MP_CM032_Propeller3_R	</identifier>
				<transform>
					<row0>	1.0000 0.0000 0.0000 0.0000	</row0>
					<row1>	0.0000 0.9998 -0.0175 0.0000	</row1>
					<row2>	0.0000 0.0175 0.9998 0.0000	</row2>
					<row3>	0.2166 -0.3922 -6.0014 1.0000	</row3>
				</transform>
			</node>
			<node>
				<identifier>	MP_CM032_Propeller3_R_INDEX_1	</identifier>
				<transform>
					<row0>	0.9994 0.0000 0.0349 0.0000	</row0>
					<row1>	0.0006 0.9998 -0.0174 0.0000	</row1>
					<row2>	-0.0349 0.0175 0.9992 0.0000	</row2>
					<row3>	0.4531 -0.3935 -5.4382 1.0000	</row3>
				</transform>
			</node>
			<node>
				<identifier>	MP_RM017_Fairlead	</identifier>
				<transform>
					<row0>	0.6959 0.0000 0.0755 0.0000	</row0>
					<row1>	0.0000 0.7000 0.0000 0.0000	</row1>
					<row2>	-0.0755 0.0000 0.6959 0.0000	</row2>
					<row3>	-0.4096 0.2606 -5.8774 1.0000	</row3>
				</transform>
			</node>
			<node>
				<identifier>	MP_RM017_Fairlead_INDEX_1	</identifier>
				<transform>
					<row0>	0.6959 0.0000 -0.0755 0.0000	</row0>
					<row1>	0.0000 0.7000 0.0000 0.0000	</row1>
					<row2>	0.0755 0.0000 0.6959 0.0000	</row2>
					<row3>	0.4096 0.2606 -5.8774 1.0000	</row3>
				</transform>
			</node>
			<node>
				<identifier>	MP_RM021_Screened_speed_light	</identifier>
				<transform>
					<row0>	-0.5892 0.0000 0.0000 0.0000	</row0>
					<row1>	0.0000 0.5892 0.0000 0.0000	</row1>
					<row2>	0.0000 0.0000 -0.5892 0.0000	</row2>
					<row3>	0.0000 0.3400 -7.3210 1.0000	</row3>
				</transform>
			</node>
			<node>
				<identifier>	MP_RM182_Depth_Charge_BB1	</identifier>
				<transform>
					<row0>	-0.0115 0.0132 0.9998 0.0000	</row0>
					<row1>	0.0003 0.9999 -0.0132 0.0000	</row1>
					<row2>	-0.9999 0.0002 -0.0115 0.0000	</row2>
					<row3>	0.0493 0.2837 -6.3665 1.0000	</row3>
				</transform>
			</node>
			<node>
				<identifier>	MP_RM182_Depth_Charge_BB1_INDEX_1	</identifier>
				<transform>
					<row0>	0.7053 -0.0096 -0.7089 0.0000	</row0>
					<row1>	0.0003 0.9999 -0.0132 0.0000	</row1>
					<row2>	0.7089 0.0091 0.7052 0.0000	</row2>
					<row3>	-0.0285 0.2898 -5.5134 1.0000	</row3>
				</transform>
			</node>
			<node>
				<identifier>	MP_RM182_Depth_Charge_BB1_INDEX_10	</identifier>
				<transform>
					<row0>	0.7053 -0.0096 -0.7089 0.0000	</row0>
					<row1>	0.0003 0.9999 -0.0132 0.0000	</row1>
					<row2>	0.7089 0.0091 0.7052 0.0000	</row2>
					<row3>	-0.0285 0.2822 -6.3633 1.0000	</row3>
				</transform>
			</node>
			<node>
				<identifier>	MP_RM182_Depth_Charge_BB1_INDEX_11	</identifier>
				<transform>
					<row0>	-0.7089 -0.0091 -0.7052 0.0000	</row0>
					<row1>	0.0003 0.9999 -0.0132 0.0000	</row1>
					<row2>	0.7053 -0.0096 -0.7089 0.0000	</row2>
					<row3>	-0.0100 0.2821 -6.3696 1.0000	</row3>
				</transform>
			</node>
			<node>
				<identifier>	MP_RM182_Depth_Charge_BB1_INDEX_2	</identifier>
				<transform>
					<row0>	0.7053 -0.0096 -0.7089 0.0000	</row0>
					<row1>	0.0003 0.9999 -0.0132 0.0000	</row1>
					<row2>	0.7089 0.0091 0.7052 0.0000	</row2>
					<row3>	-0.0565 0.2822 -6.3633 1.0000	</row3>
				</transform>
			</node>
			<node>
				<identifier>	MP_RM182_Depth_Charge_BB1_INDEX_3	</identifier>
				<transform>
					<row0>	-0.7089 -0.0091 -0.7052 0.0000	</row0>
					<row1>	0.0003 0.9999 -0.0132 0.0000	</row1>
					<row2>	0.7053 -0.0096 -0.7089 0.0000	</row2>
					<row3>	-0.0380 0.2821 -6.3696 1.0000	</row3>
				</transform>
			</node>
			<node>
				<identifier>	MP_RM182_Depth_Charge_BB1_INDEX_4	</identifier>
				<transform>
					<row0>	-0.0115 0.0132 0.9998 0.0000	</row0>
					<row1>	0.0003 0.9999 -0.0132 0.0000	</row1>
					<row2>	-0.9999 0.0002 -0.0115 0.0000	</row2>
					<row3>	0.0493 0.2912 -5.5167 1.0000	</row3>
				</transform>
			</node>
			<node>
				<identifier>	MP_RM182_Depth_Charge_BB1_INDEX_5	</identifier>
				<transform>
					<row0>	0.7053 -0.0096 -0.7089 0.0000	</row0>
					<row1>	0.0003 0.9999 -0.0132 0.0000	</row1>
					<row2>	0.7089 0.0091 0.7052 0.0000	</row2>
					<row3>	-0.0005 0.2898 -5.5134 1.0000	</row3>
				</transform>
			</node>
			<node>
				<identifier>	MP_RM182_Depth_Charge_BB1_INDEX_6	</identifier>
				<transform>
					<row0>	-0.7089 -0.0091 -0.7052 0.0000	</row0>
					<row1>	0.0003 0.9999 -0.0132 0.0000	</row1>
					<row2>	0.7053 -0.0096 -0.7089 0.0000	</row2>
					<row3>	-0.0100 0.2897 -5.5197 1.0000	</row3>
				</transform>
			</node>
			<node>
				<identifier>	MP_RM182_Depth_Charge_BB1_INDEX_7	</identifier>
				<transform>
					<row0>	0.7053 -0.0096 -0.7089 0.0000	</row0>
					<row1>	0.0003 0.9999 -0.0132 0.0000	</row1>
					<row2>	0.7089 0.0091 0.7052 0.0000	</row2>
					<row3>	-0.0565 0.2898 -5.5134 1.0000	</row3>
				</transform>
			</node>
			<node>
				<identifier>	MP_RM182_Depth_Charge_BB1_INDEX_8	</identifier>
				<transform>
					<row0>	-0.7089 -0.0091 -0.7052 0.0000	</row0>
					<row1>	0.0003 0.9999 -0.0132 0.0000	</row1>
					<row2>	0.7053 -0.0096 -0.7089 0.0000	</row2>
					<row3>	-0.0380 0.2897 -5.5197 1.0000	</row3>
				</transform>
			</node>
			<node>
				<identifier>	MP_RM182_Depth_Charge_BB1_INDEX_9	</identifier>
				<transform>
					<row0>	0.7053 -0.0096 -0.7089 0.0000	</row0>
					<row1>	0.0003 0.9999 -0.0132 0.0000	</row1>
					<row2>	0.7089 0.0091 0.7052 0.0000	</row2>
					<row3>	-0.0005 0.2822 -6.3633 1.0000	</row3>
				</transform>
			</node>
			<node>
				<identifier>	MP_RM200_Running_Lights_B	</identifier>
				<transform>
					<row0>	-1.4040 0.0000 0.0000 0.0000	</row0>
					<row1>	0.0000 1.4040 0.0000 0.0000	</row1>
					<row2>	0.0000 0.0000 -1.4040 0.0000	</row2>
					<row3>	0.0000 0.3010 -7.3036 1.0000	</row3>
				</transform>
			</node>
			<node>
				<identifier>	MP_RM214_Life_Buoy	</identifier>
				<transform>
					<row0>	0.1060 0.0000 0.9944 0.0000	</row0>
					<row1>	0.0000 1.0000 0.0000 0.0000	</row1>
					<row2>	-0.9944 0.0000 0.1060 0.0000	</row2>
					<row3>	0.3875 0.3222 -6.1596 1.0000	</row3>
				</transform>
			</node>
			<node>
				<identifier>	MP_RM214_Life_Buoy_INDEX_1	</identifier>
				<transform>
					<row0>	0.0920 0.0000 -0.9958 0.0000	</row0>
					<row1>	0.0000 1.0000 0.0000 0.0000	</row1>
					<row2>	0.9958 0.0000 0.0920 0.0000	</row2>
					<row3>	-0.3251 0.3224 -6.7780 1.0000	</row3>
				</transform>
			</node>
			<node>
				<identifier>	MP_RM214_Life_Buoy_INDEX_2	</identifier>
				<transform>
					<row0>	0.1060 0.0000 -0.9944 0.0000	</row0>
					<row1>	0.0000 1.0000 0.0000 0.0000	</row1>
					<row2>	0.9944 0.0000 0.1060 0.0000	</row2>
					<row3>	-0.3875 0.3222 -6.1596 1.0000	</row3>
				</transform>
			</node>
			<node>
				<identifier>	MP_RM214_Life_Buoy_INDEX_3	</identifier>
				<transform>
					<row0>	0.0920 0.0000 0.9958 0.0000	</row0>
					<row1>	0.0000 1.0000 0.0000 0.0000	</row1>
					<row2>	-0.9958 0.0000 0.0920 0.0000	</row2>
					<row3>	0.3251 0.3224 -6.7780 1.0000	</row3>
				</transform>
			</node>
			<node>
				<identifier>	MP_RM239_Bomb_Bogie	</identifier>
				<transform>
					<row0>	-0.0024 -0.0123 -0.9299 0.0000	</row0>
					<row1>	-0.0003 0.9999 -0.0132 0.0000	</row1>
					<row2>	1.0000 0.0003 -0.0026 0.0000	</row2>
					<row3>	0.0000 0.2682 -6.3662 1.0000	</row3>
				</transform>
			</node>
			<node>
				<identifier>	MP_RM239_Bomb_Bogie_INDEX_1	</identifier>
				<transform>
					<row0>	-0.0024 -0.0123 -0.9299 0.0000	</row0>
					<row1>	-0.0003 0.9999 -0.0132 0.0000	</row1>
					<row2>	1.0000 0.0003 -0.0026 0.0000	</row2>
					<row3>	0.0000 0.2757 -5.5163 1.0000	</row3>
				</transform>
			</node>
			<node>
				<identifier>	MP_RM249_Coat_of_Arms_USSR	</identifier>
				<transform>
					<row0>	-1.0000 0.0000 0.0000 0.0000	</row0>
					<row1>	0.0000 0.9999 -0.0120 0.0000	</row1>
					<row2>	0.0000 -0.0120 -0.9999 0.0000	</row2>
					<row3>	0.0000 0.2302 -7.2933 1.0000	</row3>
				</transform>
			</node>
			<node>
				<identifier>	MP_RM254_Anchor_Capstan_Stern	</identifier>
				<transform>
					<row0>	0.8000 0.0000 0.0000 0.0000	</row0>
					<row1>	0.0000 0.8000 0.0000 0.0000	</row1>
					<row2>	0.0000 0.0000 0.8000 0.0000	</row2>
					<row3>	-0.0953 0.2737 -6.0424 1.0000	</row3>
				</transform>
			</node>
			<node>
				<identifier>	MP_RM254_Anchor_Capstan_Stern_INDEX_1	</identifier>
				<transform>
					<row0>	0.8000 0.0000 0.0000 0.0000	</row0>
					<row1>	0.0000 0.8000 0.0000 0.0000	</row1>
					<row2>	0.0000 0.0000 0.8000 0.0000	</row2>
					<row3>	0.0953 0.2737 -6.0424 1.0000	</row3>
				</transform>
			</node>
			<node>
				<identifier>	MP_RM257_Platform_over_Anchor	</identifier>
				<transform>
					<row0>	1.0000 0.0000 0.0000 0.0000	</row0>
					<row1>	0.0000 1.0000 0.0000 0.0000	</row1>
					<row2>	0.0000 0.0000 1.0000 0.0000	</row2>
					<row3>	0.0000 0.2513 -7.1137 1.0000	</row3>
				</transform>
			</node>
			<node>
				<identifier>	MP_RM273_Fire_Hose_Rack_box	</identifier>
				<transform>
					<row0>	-0.9916 0.0000 0.1295 0.0000	</row0>
					<row1>	0.0000 1.0000 0.0000 0.0000	</row1>
					<row2>	-0.1295 0.0000 -0.9916 0.0000	</row2>
					<row3>	-0.0414 0.3238 -4.7915 1.0000	</row3>
				</transform>
			</node>
			<node>
				<identifier>	MP_RM281_Bollard	</identifier>
				<transform>
					<row0>	0.9000 -0.0011 0.0000 0.0000	</row0>
					<row1>	0.0011 0.8990 -0.0414 0.0000	</row1>
					<row2>	0.0000 0.0414 0.8990 0.0000	</row2>
					<row3>	0.0786 0.2589 -6.6839 1.0000	</row3>
				</transform>
			</node>
			<node>
				<identifier>	MP_RM281_Bollard_INDEX_1	</identifier>
				<transform>
					<row0>	0.8951 0.0480 0.0812 0.0000	</row0>
					<row1>	-0.0473 0.8987 -0.0097 0.0000	</row1>
					<row2>	-0.0816 0.0054 0.8963 0.0000	</row2>
					<row3>	-0.2988 0.2593 -5.6413 1.0000	</row3>
				</transform>
			</node>
			<node>
				<identifier>	MP_RM281_Bollard_INDEX_2	</identifier>
				<transform>
					<row0>	0.8951 -0.0480 -0.0812 0.0000	</row0>
					<row1>	0.0473 0.8987 -0.0097 0.0000	</row1>
					<row2>	0.0816 0.0054 0.8963 0.0000	</row2>
					<row3>	0.2988 0.2593 -5.6413 1.0000	</row3>
				</transform>
			</node>
			<node>
				<identifier>	MP_RM281_Bollard_INDEX_3	</identifier>
				<transform>
					<row0>	0.9000 0.0011 0.0000 0.0000	</row0>
					<row1>	-0.0011 0.8990 -0.0414 0.0000	</row1>
					<row2>	0.0000 0.0414 0.8990 0.0000	</row2>
					<row3>	-0.0786 0.2589 -6.6839 1.0000	</row3>
				</transform>
			</node>
			<node>
				<identifier>	MP_RM282_Fairlead	</identifier>
				<transform>
					<row0>	-1.1934 -0.0009 -0.1258 0.0000	</row0>
					<row1>	-0.0007 1.2000 -0.0026 0.0000	</row1>
					<row2>	0.1258 -0.0025 -1.1934 0.0000	</row2>
					<row3>	-0.2845 0.2510 -6.9697 1.0000	</row3>
				</transform>
			</node>
			<node>
				<identifier>	MP_RM282_Fairlead_INDEX_1	</identifier>
				<transform>
					<row0>	-1.1934 0.0009 0.1258 0.0000	</row0>
					<row1>	0.0007 1.2000 -0.0026 0.0000	</row1>
					<row2>	-0.1258 -0.0025 -1.1934 0.0000	</row2>
					<row3>	0.2845 0.2510 -6.9697 1.0000	</row3>
				</transform>
			</node>
			<node>
				<identifier>	MP_RM284_Hatch	</identifier>
				<transform>
					<row0>	0.9984 0.0571 0.0000 0.0000	</row0>
					<row1>	-0.0571 0.9984 0.0000 0.0000	</row1>
					<row2>	0.0000 0.0000 1.0000 0.0000	</row2>
					<row3>	-0.2993 0.2673 -4.3072 1.0000	</row3>
				</transform>
			</node>
			<node>
				<identifier>	MP_RM284_Hatch_INDEX_1	</identifier>
				<transform>
					<row0>	0.9984 -0.0571 0.0000 0.0000	</row0>
					<row1>	0.0571 0.9984 0.0000 0.0000	</row1>
					<row2>	0.0000 0.0000 1.0000 0.0000	</row2>
					<row3>	0.2993 0.2673 -4.3072 1.0000	</row3>
				</transform>
			</node>
			<node>
				<identifier>	MP_RM284_Hatch_INDEX_2	</identifier>
				<transform>
					<row0>	0.9987 -0.0514 0.0000 0.0000	</row0>
					<row1>	0.0514 0.9987 0.0000 0.0000	</row1>
					<row2>	0.0000 0.0000 1.0000 0.0000	</row2>
					<row3>	0.0695 0.2693 -5.8610 1.0000	</row3>
				</transform>
			</node>
			<node>
				<identifier>	MP_RM284_Hatch_INDEX_3	</identifier>
				<transform>
					<row0>	0.9983 0.0590 0.0000 0.0000	</row0>
					<row1>	-0.0590 0.9983 0.0000 0.0000	</row1>
					<row2>	0.0000 0.0000 1.0000 0.0000	</row2>
					<row3>	-0.1652 0.2715 -5.0925 1.0000	</row3>
				</transform>
			</node>
			<node>
				<identifier>	MP_RM284_Hatch_INDEX_4	</identifier>
				<transform>
					<row0>	0.9987 0.0514 0.0000 0.0000	</row0>
					<row1>	-0.0514 0.9987 0.0000 0.0000	</row1>
					<row2>	0.0000 0.0000 1.0000 0.0000	</row2>
					<row3>	-0.0648 0.2696 -5.8610 1.0000	</row3>
				</transform>
			</node>
			<node>
				<identifier>	MP_RM284_Hatch_INDEX_5	</identifier>
				<transform>
					<row0>	0.9983 -0.0590 0.0000 0.0000	</row0>
					<row1>	0.0590 0.9983 0.0000 0.0000	</row1>
					<row2>	0.0000 0.0000 1.0000 0.0000	</row2>
					<row3>	0.1652 0.2715 -5.0925 1.0000	</row3>
				</transform>
			</node>
			<node>
				<identifier>	MP_RM288_Hatch	</identifier>
				<transform>
					<row0>	-1.0000 0.0000 0.0000 0.0000	</row0>
					<row1>	0.0000 0.9999 -0.0149 0.0000	</row1>
					<row2>	0.0000 -0.0149 -0.9999 0.0000	</row2>
					<row3>	0.0002 0.2702 -6.2102 1.0000	</row3>
				</transform>
			</node>
			<node>
				<identifier>	MP_RM288_Hatch_INDEX_1	</identifier>
				<transform>
					<row0>	-0.9986 0.0532 -0.0008 0.0000	</row0>
					<row1>	0.0532 0.9985 -0.0149 0.0000	</row1>
					<row2>	0.0000 -0.0150 -0.9999 0.0000	</row2>
					<row3>	0.1670 0.2668 -5.6087 1.0000	</row3>
				</transform>
			</node>
			<node>
				<identifier>	MP_RM288_Hatch_INDEX_2	</identifier>
				<transform>
					<row0>	-1.0000 -0.0006 0.0000 0.0000	</row0>
					<row1>	-0.0006 1.0000 -0.0022 0.0000	</row1>
					<row2>	0.0000 -0.0022 -1.0000 0.0000	</row2>
					<row3>	-0.1340 0.2509 -7.0433 1.0000	</row3>
				</transform>
			</node>
			<node>
				<identifier>	MP_RM288_Hatch_INDEX_3	</identifier>
				<transform>
					<row0>	-1.0000 0.0099 0.0000 0.0000	</row0>
					<row1>	0.0099 0.9998 -0.0149 0.0000	</row1>
					<row2>	-0.0001 -0.0149 -0.9999 0.0000	</row2>
					<row3>	0.0690 0.2528 -6.8217 1.0000	</row3>
				</transform>
			</node>
			<node>
				<identifier>	MP_RM288_Hatch_INDEX_4	</identifier>
				<transform>
					<row0>	-1.0000 0.0040 0.0000 0.0000	</row0>
					<row1>	0.0040 1.0000 -0.0022 0.0000	</row1>
					<row2>	0.0000 -0.0022 -1.0000 0.0000	</row2>
					<row3>	0.1355 0.2502 -7.1110 1.0000	</row3>
				</transform>
			</node>
			<node>
				<identifier>	MP_RM288_Hatch_INDEX_5	</identifier>
				<transform>
					<row0>	-0.9983 -0.0581 0.0000 0.0000	</row0>
					<row1>	-0.0581 0.9983 0.0000 0.0000	</row1>
					<row2>	0.0000 0.0000 -1.0000 0.0000	</row2>
					<row3>	-0.0982 0.2731 -5.3721 1.0000	</row3>
				</transform>
			</node>
			<node>
				<identifier>	MP_RM288_Hatch_INDEX_6	</identifier>
				<transform>
					<row0>	-0.9986 0.0532 0.0000 0.0000	</row0>
					<row1>	0.0532 0.9986 0.0000 0.0000	</row1>
					<row2>	0.0000 0.0000 -1.0000 0.0000	</row2>
					<row3>	0.0686 0.2790 -4.8388 1.0000	</row3>
				</transform>
			</node>
			<node>
				<identifier>	MP_RM289_Reel	</identifier>
				<transform>
					<row0>	1.0000 0.0000 0.0000 0.0000	</row0>
					<row1>	0.0000 1.0000 -0.0056 0.0000	</row1>
					<row2>	0.0000 0.0056 1.0000 0.0000	</row2>
					<row3>	0.0000 0.2792 -5.1397 1.0000	</row3>
				</transform>
			</node>
			<node>
				<identifier>	MP_RM289_Reel_INDEX_1	</identifier>
				<transform>
					<row0>	0.9982 0.0603 0.0000 0.0000	</row0>
					<row1>	-0.0603 0.9982 -0.0062 0.0000	</row1>
					<row2>	-0.0004 0.0062 1.0000 0.0000	</row2>
					<row3>	-0.0863 0.2779 -4.9382 1.0000	</row3>
				</transform>
			</node>
			<node>
				<identifier>	MP_RM289_Reel_INDEX_2	</identifier>
				<transform>
					<row0>	0.9982 -0.0603 0.0000 0.0000	</row0>
					<row1>	0.0603 0.9982 -0.0062 0.0000	</row1>
					<row2>	0.0004 0.0062 1.0000 0.0000	</row2>
					<row3>	0.0863 0.2779 -4.9382 1.0000	</row3>
				</transform>
			</node>
			<node>
				<identifier>	MP_RM295_Ventilation	</identifier>
				<transform>
					<row0>	-0.9986 -0.0532 0.0000 0.0000	</row0>
					<row1>	-0.0532 0.9986 0.0000 0.0000	</row1>
					<row2>	0.0000 0.0000 -1.0000 0.0000	</row2>
					<row3>	-0.0828 0.2738 -5.4242 1.0000	</row3>
				</transform>
			</node>
			<node>
				<identifier>	MP_RM295_Ventilation_INDEX_1	</identifier>
				<transform>
					<row0>	-0.9986 -0.0532 0.0000 0.0000	</row0>
					<row1>	-0.0532 0.9986 0.0000 0.0000	</row1>
					<row2>	0.0000 0.0000 -1.0000 0.0000	</row2>
					<row3>	-0.2132 0.2709 -4.7810 1.0000	</row3>
				</transform>
			</node>
			<node>
				<identifier>	MP_RM295_Ventilation_INDEX_2	</identifier>
				<transform>
					<row0>	-0.9986 0.0532 0.0000 0.0000	</row0>
					<row1>	0.0532 0.9986 0.0000 0.0000	</row1>
					<row2>	0.0000 0.0000 -1.0000 0.0000	</row2>
					<row3>	0.0828 0.2738 -5.4242 1.0000	</row3>
				</transform>
			</node>
			<node>
				<identifier>	MP_RM295_Ventilation_INDEX_3	</identifier>
				<transform>
					<row0>	-0.9986 -0.0532 0.0000 0.0000	</row0>
					<row1>	-0.0532 0.9986 0.0000 0.0000	</row1>
					<row2>	0.0000 0.0000 -1.0000 0.0000	</row2>
					<row3>	-0.1478 0.2747 -4.8209 1.0000	</row3>
				</transform>
			</node>
			<node>
				<identifier>	MP_RM295_Ventilation_INDEX_4	</identifier>
				<transform>
					<row0>	-0.9986 -0.0532 0.0000 0.0000	</row0>
					<row1>	-0.0532 0.9986 0.0000 0.0000	</row1>
					<row2>	0.0000 0.0000 -1.0000 0.0000	</row2>
					<row3>	-0.2154 0.2720 -4.3297 1.0000	</row3>
				</transform>
			</node>
			<node>
				<identifier>	MP_RM295_Ventilation_INDEX_5	</identifier>
				<transform>
					<row0>	-0.9986 0.0532 0.0000 0.0000	</row0>
					<row1>	0.0532 0.9986 0.0000 0.0000	</row1>
					<row2>	0.0000 0.0000 -1.0000 0.0000	</row2>
					<row3>	0.2184 0.2710 -4.7308 1.0000	</row3>
				</transform>
			</node>
			<node>
				<identifier>	MP_RM295_Ventilation_INDEX_6	</identifier>
				<transform>
					<row0>	-0.9986 0.0532 0.0000 0.0000	</row0>
					<row1>	0.0532 0.9986 0.0000 0.0000	</row1>
					<row2>	0.0000 0.0000 -1.0000 0.0000	</row2>
					<row3>	0.1827 0.2729 -4.8209 1.0000	</row3>
				</transform>
			</node>
			<node>
				<identifier>	MP_RM295_Ventilation_INDEX_7	</identifier>
				<transform>
					<row0>	-0.9986 0.0532 0.0000 0.0000	</row0>
					<row1>	0.0532 0.9986 0.0000 0.0000	</row1>
					<row2>	0.0000 0.0000 -1.0000 0.0000	</row2>
					<row3>	0.1828 0.2738 -4.2797 1.0000	</row3>
				</transform>
			</node>
			<node>
				<identifier>	MP_RM300_Winch_Provisions	</identifier>
				<transform>
					<row0>	0.0000 0.0000 1.0000 0.0000	</row0>
					<row1>	0.0577 0.9983 0.0000 0.0000	</row1>
					<row2>	-0.9983 0.0577 0.0000 0.0000	</row2>
					<row3>	0.3562 0.2616 -4.7804 1.0000	</row3>
				</transform>
			</node>
			<node>
				<identifier>	MP_RM300_Winch_Provisions_INDEX_1	</identifier>
				<transform>
					<row0>	0.0000 0.0000 -1.0000 0.0000	</row0>
					<row1>	-0.0577 0.9983 0.0000 0.0000	</row1>
					<row2>	0.9983 0.0577 0.0000 0.0000	</row2>
					<row3>	-0.3562 0.2616 -4.7804 1.0000	</row3>
				</transform>
			</node>
			<node>
				<identifier>	MP_RM311_Barrel_DV	</identifier>
				<transform>
					<row0>	-0.1006 -0.0021 -0.9949 0.0000	</row0>
					<row1>	0.0006 1.0000 -0.0022 0.0000	</row1>
					<row2>	0.9949 -0.0008 -0.1006 0.0000	</row2>
					<row3>	0.2886 0.2512 -6.8552 1.0000	</row3>
				</transform>
			</node>
			<node>
				<identifier>	MP_RM311_Barrel_DV_INDEX_1	</identifier>
				<transform>
					<row0>	-0.1006 0.0021 0.9949 0.0000	</row0>
					<row1>	-0.0006 1.0000 -0.0022 0.0000	</row1>
					<row2>	-0.9949 -0.0008 -0.1006 0.0000	</row2>
					<row3>	-0.2886 0.2512 -6.8552 1.0000	</row3>
				</transform>
			</node>
			<node>
				<identifier>	MP_RM311_Barrel_DV_INDEX_2	</identifier>
				<transform>
					<row0>	-0.9668 0.0000 0.2554 0.0000	</row0>
					<row1>	0.0000 1.0000 0.0000 0.0000	</row1>
					<row2>	-0.2554 0.0000 -0.9668 0.0000	</row2>
					<row3>	-0.1052 0.2512 -7.2478 1.0000	</row3>
				</transform>
			</node>
			<node>
				<identifier>	MP_RM311_Barrel_DV_INDEX_3	</identifier>
				<transform>
					<row0>	-0.9668 0.0000 -0.2554 0.0000	</row0>
					<row1>	0.0000 1.0000 0.0000 0.0000	</row1>
					<row2>	0.2554 0.0000 -0.9668 0.0000	</row2>
					<row3>	0.1052 0.2512 -7.2478 1.0000	</row3>
				</transform>
			</node>
			<node>
				<identifier>	MP_RM317_Sbomb_ejector	</identifier>
				<transform>
					<row0>	-0.0964 0.0021 0.9953 0.0000	</row0>
					<row1>	-0.0446 0.9990 -0.0064 0.0000	</row1>
					<row2>	-0.9943 -0.0451 -0.0962 0.0000	</row2>
					<row3>	-0.3118 0.2529 -6.7036 1.0000	</row3>
				</transform>
			</node>
			<node>
				<identifier>	MP_RM317_Sbomb_ejector_INDEX_1	</identifier>
				<transform>
					<row0>	-0.0937 0.0022 0.9956 0.0000	</row0>
					<row1>	-0.0446 0.9990 -0.0064 0.0000	</row1>
					<row2>	-0.9946 -0.0450 -0.0935 0.0000	</row2>
					<row3>	-0.3198 0.2530 -6.6233 1.0000	</row3>
				</transform>
			</node>
			<node>
				<identifier>	MP_RM317_Sbomb_ejector_INDEX_10	</identifier>
				<transform>
					<row0>	-0.0964 -0.0021 -0.9953 0.0000	</row0>
					<row1>	0.0446 0.9990 -0.0064 0.0000	</row1>
					<row2>	0.9943 -0.0451 -0.0962 0.0000	</row2>
					<row3>	0.3118 0.2529 -6.7036 1.0000	</row3>
				</transform>
			</node>
			<node>
				<identifier>	MP_RM317_Sbomb_ejector_INDEX_11	</identifier>
				<transform>
					<row0>	-0.1023 -0.0018 -0.9948 0.0000	</row0>
					<row1>	0.0446 0.9990 -0.0064 0.0000	</row1>
					<row2>	0.9938 -0.0451 -0.1021 0.0000	</row2>
					<row3>	0.3395 0.2535 -6.4209 1.0000	</row3>
				</transform>
			</node>
			<node>
				<identifier>	MP_RM317_Sbomb_ejector_INDEX_12	</identifier>
				<transform>
					<row0>	-0.0881 -0.0025 -0.9961 0.0000	</row0>
					<row1>	0.0446 0.9990 -0.0064 0.0000	</row1>
					<row2>	0.9951 -0.0450 -0.0879 0.0000	</row2>
					<row3>	0.3156 0.2530 -6.6638 1.0000	</row3>
				</transform>
			</node>
			<node>
				<identifier>	MP_RM317_Sbomb_ejector_INDEX_13	</identifier>
				<transform>
					<row0>	-0.0959 0.0021 0.9954 0.0000	</row0>
					<row1>	-0.0446 0.9990 -0.0064 0.0000	</row1>
					<row2>	-0.9944 -0.0450 -0.0957 0.0000	</row2>
					<row3>	-0.3364 0.2534 -6.4610 1.0000	</row3>
				</transform>
			</node>
			<node>
				<identifier>	MP_RM317_Sbomb_ejector_INDEX_14	</identifier>
				<transform>
					<row0>	-0.0959 -0.0021 -0.9954 0.0000	</row0>
					<row1>	0.0446 0.9990 -0.0064 0.0000	</row1>
					<row2>	0.9944 -0.0450 -0.0957 0.0000	</row2>
					<row3>	0.3354 0.2534 -6.4609 1.0000	</row3>
				</transform>
			</node>
			<node>
				<identifier>	MP_RM317_Sbomb_ejector_INDEX_15	</identifier>
				<transform>
					<row0>	-0.0937 -0.0022 -0.9956 0.0000	</row0>
					<row1>	0.0446 0.9990 -0.0064 0.0000	</row1>
					<row2>	0.9946 -0.0450 -0.0935 0.0000	</row2>
					<row3>	0.3195 0.2530 -6.6233 1.0000	</row3>
				</transform>
			</node>
			<node>
				<identifier>	MP_RM317_Sbomb_ejector_INDEX_16	</identifier>
				<transform>
					<row0>	-0.0930 -0.0023 -0.9957 0.0000	</row0>
					<row1>	0.0446 0.9990 -0.0064 0.0000	</row1>
					<row2>	0.9947 -0.0450 -0.0928 0.0000	</row2>
					<row3>	0.3234 0.2531 -6.5822 1.0000	</row3>
				</transform>
			</node>
			<node>
				<identifier>	MP_RM317_Sbomb_ejector_INDEX_17	</identifier>
				<transform>
					<row0>	-0.0959 0.0021 0.9954 0.0000	</row0>
					<row1>	-0.0446 0.9990 -0.0064 0.0000	</row1>
					<row2>	-0.9944 -0.0450 -0.0957 0.0000	</row2>
					<row3>	-0.3279 0.2532 -6.5421 1.0000	</row3>
				</transform>
			</node>
			<node>
				<identifier>	MP_RM317_Sbomb_ejector_INDEX_2	</identifier>
				<transform>
					<row0>	-0.1023 0.0018 0.9948 0.0000	</row0>
					<row1>	-0.0446 0.9990 -0.0064 0.0000	</row1>
					<row2>	-0.9938 -0.0451 -0.1021 0.0000	</row2>
					<row3>	-0.3407 0.2535 -6.4210 1.0000	</row3>
				</transform>
			</node>
			<node>
				<identifier>	MP_RM317_Sbomb_ejector_INDEX_3	</identifier>
				<transform>
					<row0>	-0.1023 0.0018 0.9948 0.0000	</row0>
					<row1>	-0.0446 0.9990 -0.0064 0.0000	</row1>
					<row2>	-0.9938 -0.0451 -0.1021 0.0000	</row2>
					<row3>	-0.3452 0.2535 -6.3809 1.0000	</row3>
				</transform>
			</node>
			<node>
				<identifier>	MP_RM317_Sbomb_ejector_INDEX_4	</identifier>
				<transform>
					<row0>	-0.0959 -0.0021 -0.9954 0.0000	</row0>
					<row1>	0.0446 0.9990 -0.0064 0.0000	</row1>
					<row2>	0.9944 -0.0450 -0.0957 0.0000	</row2>
					<row3>	0.3312 0.2533 -6.5020 1.0000	</row3>
				</transform>
			</node>
			<node>
				<identifier>	MP_RM317_Sbomb_ejector_INDEX_5	</identifier>
				<transform>
					<row0>	-0.0959 0.0021 0.9954 0.0000	</row0>
					<row1>	-0.0446 0.9990 -0.0064 0.0000	</row1>
					<row2>	-0.9944 -0.0450 -0.0957 0.0000	</row2>
					<row3>	-0.3321 0.2533 -6.5021 1.0000	</row3>
				</transform>
			</node>
			<node>
				<identifier>	MP_RM317_Sbomb_ejector_INDEX_6	</identifier>
				<transform>
					<row0>	-0.0881 0.0025 0.9961 0.0000	</row0>
					<row1>	-0.0446 0.9990 -0.0064 0.0000	</row1>
					<row2>	-0.9951 -0.0450 -0.0879 0.0000	</row2>
					<row3>	-0.3158 0.2530 -6.6638 1.0000	</row3>
				</transform>
			</node>
			<node>
				<identifier>	MP_RM317_Sbomb_ejector_INDEX_7	</identifier>
				<transform>
					<row0>	-0.0959 -0.0021 -0.9954 0.0000	</row0>
					<row1>	0.0446 0.9990 -0.0064 0.0000	</row1>
					<row2>	0.9944 -0.0450 -0.0957 0.0000	</row2>
					<row3>	0.3272 0.2532 -6.5420 1.0000	</row3>
				</transform>
			</node>
			<node>
				<identifier>	MP_RM317_Sbomb_ejector_INDEX_8	</identifier>
				<transform>
					<row0>	-0.1023 -0.0018 -0.9948 0.0000	</row0>
					<row1>	0.0446 0.9990 -0.0064 0.0000	</row1>
					<row2>	0.9938 -0.0451 -0.1021 0.0000	</row2>
					<row3>	0.3438 0.2535 -6.3808 1.0000	</row3>
				</transform>
			</node>
			<node>
				<identifier>	MP_RM317_Sbomb_ejector_INDEX_9	</identifier>
				<transform>
					<row0>	-0.0930 0.0023 0.9957 0.0000	</row0>
					<row1>	-0.0446 0.9990 -0.0064 0.0000	</row1>
					<row2>	-0.9947 -0.0450 -0.0928 0.0000	</row2>
					<row3>	-0.3239 0.2531 -6.5823 1.0000	</row3>
				</transform>
			</node>
			<node>
				<identifier>	SP_YMS011_YHWL_M_1_INDEX_13	</identifier>
				<transform>
					<row0>	0.9128 0.3008 0.1238 0.0000	</row0>
					<row1>	-0.2985 0.9212 -0.0372 0.0000	</row1>
					<row2>	-0.1293 -0.0031 0.9604 0.0000	</row2>
					<row3>	-0.5358 0.0046 -4.5925 1.0000	</row3>
				</transform>
			</node>
			<node>
				<identifier>	SP_YMS011_YHWL_M_1_INDEX_14	</identifier>
				<transform>
					<row0>	0.8431 0.4607 0.1260 0.0000	</row0>
					<row1>	-0.4555 0.8525 -0.0692 0.0000	</row1>
					<row2>	-0.1437 0.0010 0.9583 0.0000	</row2>
					<row3>	-0.4190 0.0028 -5.4005 1.0000	</row3>
				</transform>
			</node>
			<node>
				<identifier>	SP_YMS011_YHWL_M_1_INDEX_15	</identifier>
				<transform>
					<row0>	0.7714 0.5809 0.0802 0.0000	</row0>
					<row1>	-0.5778 0.7756 -0.0601 0.0000	</row1>
					<row2>	-0.1003 0.0000 0.9638 0.0000	</row2>
					<row3>	-0.3173 0.0028 -6.2090 1.0000	</row3>
				</transform>
			</node>
			<node>
				<identifier>	SP_YMS012_YHWR_M_1_INDEX_13	</identifier>
				<transform>
					<row0>	0.9128 -0.3008 -0.1238 0.0000	</row0>
					<row1>	0.2985 0.9212 -0.0372 0.0000	</row1>
					<row2>	0.1293 -0.0031 0.9604 0.0000	</row2>
					<row3>	0.5358 0.0046 -4.5925 1.0000	</row3>
				</transform>
			</node>
			<node>
				<identifier>	SP_YMS012_YHWR_M_1_INDEX_14	</identifier>
				<transform>
					<row0>	0.8431 -0.4607 -0.1260 0.0000	</row0>
					<row1>	0.4555 0.8525 -0.0692 0.0000	</row1>
					<row2>	0.1437 0.0010 0.9583 0.0000	</row2>
					<row3>	0.4190 0.0028 -5.4005 1.0000	</row3>
				</transform>
			</node>
			<node>
				<identifier>	SP_YMS012_YHWR_M_1_INDEX_15	</identifier>
				<transform>
					<row0>	0.7714 -0.5809 -0.0802 0.0000	</row0>
					<row1>	0.5778 0.7756 -0.0601 0.0000	</row1>
					<row2>	0.1003 0.0000 0.9638 0.0000	</row2>
					<row3>	0.3173 0.0028 -6.2090 1.0000	</row3>
				</transform>
			</node>
			<node>
				<identifier>	SP_YMS023_YHUC_L_1	</identifier>
				<transform>
					<row0>	0.6118 0.0000 -0.0214 0.0000	</row0>
					<row1>	-0.0004 0.6121 -0.0107 0.0000	</row1>
					<row2>	0.0214 0.0107 0.6117 0.0000	</row2>
					<row3>	-0.4531 -0.3935 -5.4382 1.0000	</row3>
				</transform>
			</node>
			<node>
				<identifier>	SP_YMS023_YHUC_L_1_INDEX_1	</identifier>
				<transform>
					<row0>	0.6118 0.0000 0.0214 0.0000	</row0>
					<row1>	0.0004 0.6121 -0.0107 0.0000	</row1>
					<row2>	-0.0214 0.0107 0.6117 0.0000	</row2>
					<row3>	0.4531 -0.3935 -5.4382 1.0000	</row3>
				</transform>
			</node>
			<node>
				<identifier>	SP_YMS023_YHUC_L_1_INDEX_2	</identifier>
				<transform>
					<row0>	0.6122 0.0000 0.0000 0.0000	</row0>
					<row1>	0.0000 0.6121 -0.0107 0.0000	</row1>
					<row2>	0.0000 0.0107 0.6121 0.0000	</row2>
					<row3>	-0.2166 -0.3922 -6.0014 1.0000	</row3>
				</transform>
			</node>
			<node>
				<identifier>	SP_YMS023_YHUC_L_1_INDEX_3	</identifier>
				<transform>
					<row0>	0.6122 0.0000 0.0000 0.0000	</row0>
					<row1>	0.0000 0.6121 -0.0107 0.0000	</row1>
					<row2>	0.0000 0.0107 0.6121 0.0000	</row2>
					<row3>	0.2166 -0.3922 -6.0014 1.0000	</row3>
				</transform>
			</node>
			<node>
				<identifier>	SP_YMS030_YHAM_M_1	</identifier>
				<transform>
					<row0>	0.6790 0.0000 0.0000 0.0000	</row0>
					<row1>	0.0000 0.6790 0.0000 0.0000	</row1>
					<row2>	0.0000 0.0000 0.6790 0.0000	</row2>
					<row3>	0.0000 0.1245 -7.3016 1.0000	</row3>
				</transform>
			</node>
			<node>
				<identifier>	SP_YMS031_YHAL_M_1	</identifier>
				<transform>
					<row0>	0.7824 0.1411 0.0892 0.0000	</row0>
					<row1>	-0.1412 0.7874 -0.0070 0.0000	</row1>
					<row2>	-0.0890 -0.0089 0.7950 0.0000	</row2>
					<row3>	-0.3077 0.1553 -6.9899 1.0000	</row3>
				</transform>
			</node>
			<node>
				<identifier>	SP_YMS032_YHAR_M_1	</identifier>
				<transform>
					<row0>	0.7824 -0.1411 -0.0892 0.0000	</row0>
					<row1>	0.1412 0.7874 -0.0070 0.0000	</row1>
					<row2>	0.0890 -0.0089 0.7950 0.0000	</row2>
					<row3>	0.3077 0.1553 -6.9899 1.0000	</row3>
				</transform>
			</node>
			<node>
				<identifier>	SP_YMS053_YHDC_S_1_INDEX_7	</identifier>
				<transform>
					<row0>	0.6558 0.0000 0.0000 0.0000	</row0>
					<row1>	0.0000 0.6558 0.0000 0.0000	</row1>
					<row2>	0.0000 0.0000 0.6558 0.0000	</row2>
					<row3>	-0.1555 0.2787 -5.2455 1.0000	</row3>
				</transform>
			</node>
			<node>
				<identifier>	SP_YMS053_YHDC_S_1_INDEX_8	</identifier>
				<transform>
					<row0>	0.6558 0.0000 0.0000 0.0000	</row0>
					<row1>	0.0000 0.6558 0.0000 0.0000	</row1>
					<row2>	0.0000 0.0000 0.6558 0.0000	</row2>
					<row3>	0.1555 0.2787 -5.2455 1.0000	</row3>
				</transform>
			</node>
			<node>
				<identifier>	SP_YMS053_YHDC_S_1_INDEX_9	</identifier>
				<transform>
					<row0>	1.0000 0.0000 0.0000 0.0000	</row0>
					<row1>	0.0000 1.0000 0.0000 0.0000	</row1>
					<row2>	0.0000 0.0000 1.0000 0.0000	</row2>
					<row3>	0.0000 0.2845 -5.7133 1.0000	</row3>
				</transform>
			</node>
			<node>
				<identifier>	SP_YMS071_YHHC_S_1_INDEX_10	</identifier>
				<transform>
					<row0>	0.0798 0.0129 -0.7338 0.0000	</row0>
					<row1>	-0.7274 -0.0971 -0.0808 0.0000	</row1>
					<row2>	-0.0979 0.7317 0.0022 0.0000	</row2>
					<row3>	-0.5707 0.1865 -4.6249 1.0000	</row3>
				</transform>
			</node>
			<node>
				<identifier>	SP_YMS071_YHHC_S_1_INDEX_11	</identifier>
				<transform>
					<row0>	0.0798 -0.0129 0.7338 0.0000	</row0>
					<row1>	0.7274 -0.0971 -0.0808 0.0000	</row1>
					<row2>	0.0979 0.7317 0.0022 0.0000	</row2>
					<row3>	0.5707 0.1865 -4.6249 1.0000	</row3>
				</transform>
			</node>
			<node>
				<identifier>	SP_YMS071_YHHC_S_1_INDEX_8	</identifier>
				<transform>
					<row0>	0.0670 0.0112 -0.7351 0.0000	</row0>
					<row1>	-0.7300 -0.0867 -0.0679 0.0000	</row1>
					<row2>	-0.0873 0.7331 0.0032 0.0000	</row2>
					<row3>	-0.6117 0.1865 -4.2412 1.0000	</row3>
				</transform>
			</node>
			<node>
				<identifier>	SP_YMS071_YHHC_S_1_INDEX_9	</identifier>
				<transform>
					<row0>	0.0670 -0.0112 0.7351 0.0000	</row0>
					<row1>	0.7300 -0.0867 -0.0679 0.0000	</row1>
					<row2>	0.0873 0.7331 0.0032 0.0000	</row2>
					<row3>	0.6117 0.1865 -4.2412 1.0000	</row3>
				</transform>
			</node>
			<node>
				<identifier>	SP_YMS080_YHSL_M_1_INDEX_3	</identifier>
				<transform>
					<row0>	0.6295 0.1467 0.0686 0.0000	</row0>
					<row1>	-0.1458 0.6332 -0.0159 0.0000	</row1>
					<row2>	-0.0704 0.0000 0.6462 0.0000	</row2>
					<row3>	-0.3671 0.1707 -6.1637 1.0000	</row3>
				</transform>
			</node>
			<node>
				<identifier>	SP_YMS081_YHSR_M_1_INDEX_3	</identifier>
				<transform>
					<row0>	0.6295 -0.1467 -0.0686 0.0000	</row0>
					<row1>	0.1458 0.6332 -0.0159 0.0000	</row1>
					<row2>	0.0704 0.0000 0.6462 0.0000	</row2>
					<row3>	0.3671 0.1707 -6.1637 1.0000	</row3>
				</transform>
			</node>
		</node>
	</node>
	<boundingBox>
		<min>	-0.0667 -0.0667 -0.0667	</min>
		<max>	0.0667 0.0667 0.0667	</max>
	</boundingBox>
</RSC025_Donskoy_1948_Stern_ports.visual>
