<JSC049_Maya_1944_Stern_ports.visual>
	<node>
		<identifier>	Scene Root	</identifier>
		<transform>
			<row0>	1.0000 0.0000 0.0000 0.0000	</row0>
			<row1>	0.0000 1.0000 0.0000 0.0000	</row1>
			<row2>	0.0000 0.0000 1.0000 0.0000	</row2>
			<row3>	0.0000 0.0000 0.0000 1.0000	</row3>
		</transform>
		<node>
			<identifier>	Stern_ports	</identifier>
			<transform>
				<row0>	1.0000 0.0000 0.0000 0.0000	</row0>
				<row1>	0.0000 1.0000 0.0000 0.0000	</row1>
				<row2>	0.0000 0.0000 1.0000 0.0000	</row2>
				<row3>	0.0000 0.0000 0.0000 1.0000	</row3>
			</transform>
			<node>
				<identifier>	HP_FX_Death_3	</identifier>
				<transform>
					<row0>	1.0000 0.0000 0.0000 0.0000	</row0>
					<row1>	0.0000 1.0000 0.0000 0.0000	</row1>
					<row2>	0.0000 0.0000 1.0000 0.0000	</row2>
					<row3>	0.0000 0.0000 -4.0641 1.0000	</row3>
				</transform>
			</node>
			<node>
				<identifier>	HP_FX_Fire_4	</identifier>
				<transform>
					<row0>	1.0000 0.0000 0.0000 0.0000	</row0>
					<row1>	0.0000 1.0000 0.0000 0.0000	</row1>
					<row2>	0.0000 0.0000 1.0000 0.0000	</row2>
					<row3>	0.0000 0.2970 -4.8086 1.0000	</row3>
				</transform>
			</node>
			<node>
				<identifier>	HP_FX_Flood_steam_right	</identifier>
				<transform>
					<row0>	0.9912 0.0000 -0.1326 0.0000	</row0>
					<row1>	0.0000 1.0000 0.0000 0.0000	</row1>
					<row2>	0.1326 0.0000 0.9912 0.0000	</row2>
					<row3>	0.4039 0.2091 -5.1359 1.0000	</row3>
				</transform>
			</node>
			<node>
				<identifier>	HP_FX_WakeTraceBack	</identifier>
				<transform>
					<row0>	1.0000 0.0000 0.0000 0.0000	</row0>
					<row1>	0.0000 1.0000 0.0000 0.0000	</row1>
					<row2>	0.0000 0.0000 1.0000 0.0000	</row2>
					<row3>	0.0000 0.0000 -6.7012 1.0000	</row3>
				</transform>
			</node>
			<node>
				<identifier>	HP_FX_WakeTrace_screw_1	</identifier>
				<transform>
					<row0>	1.0000 0.0000 0.0000 0.0000	</row0>
					<row1>	0.0000 1.0000 0.0000 0.0000	</row1>
					<row2>	0.0000 0.0000 1.0000 0.0000	</row2>
					<row3>	-0.4338 -0.3178 -4.9905 1.0000	</row3>
				</transform>
			</node>
			<node>
				<identifier>	HP_FX_WakeTrace_screw_2	</identifier>
				<transform>
					<row0>	1.0000 0.0000 0.0000 0.0000	</row0>
					<row1>	0.0000 1.0000 0.0000 0.0000	</row1>
					<row2>	0.0000 0.0000 1.0000 0.0000	</row2>
					<row3>	-0.1939 -0.3338 -5.7751 1.0000	</row3>
				</transform>
			</node>
			<node>
				<identifier>	HP_FX_WakeTrace_screw_3	</identifier>
				<transform>
					<row0>	1.0000 0.0000 0.0000 0.0000	</row0>
					<row1>	0.0000 1.0000 0.0000 0.0000	</row1>
					<row2>	0.0000 0.0000 1.0000 0.0000	</row2>
					<row3>	0.1939 -0.3338 -5.7751 1.0000	</row3>
				</transform>
			</node>
			<node>
				<identifier>	HP_FX_WakeTrace_screw_4	</identifier>
				<transform>
					<row0>	1.0000 0.0000 0.0000 0.0000	</row0>
					<row1>	0.0000 1.0000 0.0000 0.0000	</row1>
					<row2>	0.0000 0.0000 1.0000 0.0000	</row2>
					<row3>	0.4338 -0.3178 -4.9905 1.0000	</row3>
				</transform>
			</node>
			<node>
				<identifier>	HP_JGA_33	</identifier>
				<transform>
					<row0>	-0.7071 0.0000 0.7071 0.0000	</row0>
					<row1>	0.0000 1.0000 0.0000 0.0000	</row1>
					<row2>	-0.7071 0.0000 -0.7071 0.0000	</row2>
					<row3>	-0.3751 0.3088 -4.4924 1.0000	</row3>
				</transform>
			</node>
			<node>
				<identifier>	HP_JGA_34	</identifier>
				<transform>
					<row0>	-0.7071 0.0000 -0.7071 0.0000	</row0>
					<row1>	0.0000 1.0000 0.0000 0.0000	</row1>
					<row2>	0.7071 0.0000 -0.7071 0.0000	</row2>
					<row3>	0.3751 0.3088 -4.4924 1.0000	</row3>
				</transform>
			</node>
			<node>
				<identifier>	HP_JGA_35	</identifier>
				<transform>
					<row0>	-0.7071 0.0000 0.7071 0.0000	</row0>
					<row1>	0.0000 1.0000 0.0000 0.0000	</row1>
					<row2>	-0.7071 0.0000 -0.7071 0.0000	</row2>
					<row3>	-0.3052 0.2850 -5.0376 1.0000	</row3>
				</transform>
			</node>
			<node>
				<identifier>	HP_JGA_36	</identifier>
				<transform>
					<row0>	-0.7071 0.0000 -0.7071 0.0000	</row0>
					<row1>	0.0000 1.0000 0.0000 0.0000	</row1>
					<row2>	0.7071 0.0000 -0.7071 0.0000	</row2>
					<row3>	0.3052 0.2850 -5.0376 1.0000	</row3>
				</transform>
			</node>
			<node>
				<identifier>	HP_JGA_37	</identifier>
				<transform>
					<row0>	-1.0000 0.0000 0.0000 0.0000	</row0>
					<row1>	0.0000 1.0000 0.0000 0.0000	</row1>
					<row2>	0.0000 0.0000 -1.0000 0.0000	</row2>
					<row3>	-0.2544 0.2654 -5.4383 1.0000	</row3>
				</transform>
			</node>
			<node>
				<identifier>	HP_JGA_38	</identifier>
				<transform>
					<row0>	-1.0000 0.0000 0.0000 0.0000	</row0>
					<row1>	0.0000 1.0000 0.0000 0.0000	</row1>
					<row2>	0.0000 0.0000 -1.0000 0.0000	</row2>
					<row3>	0.2544 0.2654 -5.4383 1.0000	</row3>
				</transform>
			</node>
			<node>
				<identifier>	HP_JGM_4	</identifier>
				<transform>
					<row0>	-1.0000 0.0000 0.0000 0.0000	</row0>
					<row1>	0.0000 1.0000 0.0000 0.0000	</row1>
					<row2>	0.0000 0.0000 -1.0000 0.0000	</row2>
					<row3>	0.0000 0.3905 -3.7264 1.0000	</row3>
				</transform>
			</node>
			<node>
				<identifier>	MP_CM010_Fire_Hose_Reel	</identifier>
				<transform>
					<row0>	-0.6173 0.0000 0.7867 0.0000	</row0>
					<row1>	0.0000 1.0000 0.0000 0.0000	</row1>
					<row2>	-0.7867 0.0000 -0.6173 0.0000	</row2>
					<row3>	0.1247 0.3607 -3.8767 1.0000	</row3>
				</transform>
			</node>
			<node>
				<identifier>	MP_CM011_Fire_Fighting_Gear	</identifier>
				<transform>
					<row0>	0.9332 0.0000 -0.3594 0.0000	</row0>
					<row1>	0.0000 1.0000 0.0000 0.0000	</row1>
					<row2>	0.3594 0.0000 0.9332 0.0000	</row2>
					<row3>	-0.0897 0.3194 -3.9371 1.0000	</row3>
				</transform>
			</node>
			<node>
				<identifier>	MP_CM011_Fire_Fighting_Gear_INDEX_1	</identifier>
				<transform>
					<row0>	-1.0000 0.0000 0.0000 0.0000	</row0>
					<row1>	0.0000 1.0000 0.0000 0.0000	</row1>
					<row2>	0.0000 0.0000 -1.0000 0.0000	</row2>
					<row3>	0.0638 0.2784 -5.3209 1.0000	</row3>
				</transform>
			</node>
			<node>
				<identifier>	MP_CM029_Emergency_Box	</identifier>
				<transform>
					<row0>	0.6138 0.0000 0.7895 0.0000	</row0>
					<row1>	0.0000 1.0000 0.0000 0.0000	</row1>
					<row2>	-0.7895 0.0000 0.6138 0.0000	</row2>
					<row3>	0.1590 0.3602 -3.8504 1.0000	</row3>
				</transform>
			</node>
			<node>
				<identifier>	MP_CM085_Anchor_Top	</identifier>
				<transform>
					<row0>	0.2396 0.0000 -0.9709 0.0000	</row0>
					<row1>	0.0000 1.0000 0.0000 0.0000	</row1>
					<row2>	0.9709 0.0000 0.2396 0.0000	</row2>
					<row3>	-0.1945 0.1117 -6.3756 1.0000	</row3>
				</transform>
			</node>
			<node>
				<identifier>	MP_CM085_Anchor_Top_INDEX_1	</identifier>
				<transform>
					<row0>	0.2396 0.0000 0.9709 0.0000	</row0>
					<row1>	0.0000 1.0000 0.0000 0.0000	</row1>
					<row2>	-0.9709 0.0000 0.2396 0.0000	</row2>
					<row3>	0.1945 0.1117 -6.3756 1.0000	</row3>
				</transform>
			</node>
			<node>
				<identifier>	MP_CM138_Anchor_Bottom	</identifier>
				<transform>
					<row0>	0.1198 0.0000 -0.4854 0.0000	</row0>
					<row1>	0.0000 0.5000 0.0000 0.0000	</row1>
					<row2>	0.4854 0.0000 0.1198 0.0000	</row2>
					<row3>	-0.1945 0.1117 -6.3756 1.0000	</row3>
				</transform>
			</node>
			<node>
				<identifier>	MP_CM138_Anchor_Bottom_INDEX_1	</identifier>
				<transform>
					<row0>	0.1198 0.0000 0.4854 0.0000	</row0>
					<row1>	0.0000 0.5000 0.0000 0.0000	</row1>
					<row2>	-0.4854 0.0000 0.1198 0.0000	</row2>
					<row3>	0.1945 0.1117 -6.3756 1.0000	</row3>
				</transform>
			</node>
			<node>
				<identifier>	MP_CM161_Propeller_4_8m_BB_R	</identifier>
				<transform>
					<row0>	0.8932 0.0321 0.0471 0.0000	</row0>
					<row1>	-0.0290 0.8926 -0.0592 0.0000	</row1>
					<row2>	-0.0491 0.0575 0.8918 0.0000	</row2>
					<row3>	0.4338 -0.3179 -4.9889 1.0000	</row3>
				</transform>
			</node>
			<node>
				<identifier>	MP_CM161_Propeller_4_8m_BB_R_INDEX_1	</identifier>
				<transform>
					<row0>	0.8950 0.0037 -0.0022 0.0000	</row0>
					<row1>	-0.0038 0.8928 -0.0625 0.0000	</row1>
					<row2>	0.0020 0.0625 0.8928 0.0000	</row2>
					<row3>	0.1934 -0.3335 -5.7759 1.0000	</row3>
				</transform>
			</node>
			<node>
				<identifier>	MP_CM162_Propeller_4_8m_BB_L	</identifier>
				<transform>
					<row0>	0.8932 -0.0321 -0.0471 0.0000	</row0>
					<row1>	0.0290 0.8926 -0.0592 0.0000	</row1>
					<row2>	0.0491 0.0575 0.8918 0.0000	</row2>
					<row3>	-0.4338 -0.3179 -4.9889 1.0000	</row3>
				</transform>
			</node>
			<node>
				<identifier>	MP_CM162_Propeller_4_8m_BB_L_INDEX_1	</identifier>
				<transform>
					<row0>	0.8950 -0.0037 0.0022 0.0000	</row0>
					<row1>	0.0038 0.8928 -0.0625 0.0000	</row1>
					<row2>	-0.0020 0.0625 0.8928 0.0000	</row2>
					<row3>	-0.1934 -0.3335 -5.7759 1.0000	</row3>
				</transform>
			</node>
			<node>
				<identifier>	MP_JM007_Life_Buoy_box	</identifier>
				<transform>
					<row0>	0.1372 0.0593 0.9888 0.0000	</row0>
					<row1>	0.0000 0.9982 -0.0599 0.0000	</row1>
					<row2>	-0.9905 0.0082 0.1370 0.0000	</row2>
					<row3>	0.3648 0.2644 -5.3497 1.0000	</row3>
				</transform>
			</node>
			<node>
				<identifier>	MP_JM007_Life_Buoy_box_INDEX_1	</identifier>
				<transform>
					<row0>	0.1372 -0.0593 -0.9888 0.0000	</row0>
					<row1>	0.0000 0.9982 -0.0599 0.0000	</row1>
					<row2>	0.9905 0.0082 0.1370 0.0000	</row2>
					<row3>	-0.3648 0.2644 -5.3497 1.0000	</row3>
				</transform>
			</node>
			<node>
				<identifier>	MP_JM018_Ventilators_2	</identifier>
				<transform>
					<row0>	-1.0000 0.0000 0.0000 0.0000	</row0>
					<row1>	0.0000 1.0000 0.0000 0.0000	</row1>
					<row2>	0.0000 0.0000 -1.0000 0.0000	</row2>
					<row3>	-0.2436 0.3069 -3.9184 1.0000	</row3>
				</transform>
			</node>
			<node>
				<identifier>	MP_JM018_Ventilators_2_INDEX_1	</identifier>
				<transform>
					<row0>	0.7106 0.0000 -1.0886 0.0000	</row0>
					<row1>	0.0000 1.3000 0.0000 0.0000	</row1>
					<row2>	1.0886 0.0000 0.7106 0.0000	</row2>
					<row3>	0.1238 0.3083 -3.5165 1.0000	</row3>
				</transform>
			</node>
			<node>
				<identifier>	MP_JM018_Ventilators_2_INDEX_2	</identifier>
				<transform>
					<row0>	1.0000 0.0000 0.0000 0.0000	</row0>
					<row1>	0.0000 1.0000 0.0000 0.0000	</row1>
					<row2>	0.0000 0.0000 1.0000 0.0000	</row2>
					<row3>	0.0330 0.2719 -5.3613 1.0000	</row3>
				</transform>
			</node>
			<node>
				<identifier>	MP_JM018_Ventilators_2_INDEX_3	</identifier>
				<transform>
					<row0>	-0.6561 0.0000 0.7547 0.0000	</row0>
					<row1>	0.0000 1.0000 0.0000 0.0000	</row1>
					<row2>	-0.7547 0.0000 -0.6561 0.0000	</row2>
					<row3>	-0.0501 0.3069 -3.9624 1.0000	</row3>
				</transform>
			</node>
			<node>
				<identifier>	MP_JM018_Ventilators_2_INDEX_4	</identifier>
				<transform>
					<row0>	1.0000 0.0000 0.0000 0.0000	</row0>
					<row1>	0.0000 1.0000 0.0000 0.0000	</row1>
					<row2>	0.0000 0.0000 1.0000 0.0000	</row2>
					<row3>	-0.2889 0.3076 -4.3996 1.0000	</row3>
				</transform>
			</node>
			<node>
				<identifier>	MP_JM018_Ventilators_2_INDEX_5	</identifier>
				<transform>
					<row0>	0.5619 0.0000 -0.8272 0.0000	</row0>
					<row1>	0.0000 1.0000 0.0000 0.0000	</row1>
					<row2>	0.8272 0.0000 0.5619 0.0000	</row2>
					<row3>	0.0474 0.3137 -3.9568 1.0000	</row3>
				</transform>
			</node>
			<node>
				<identifier>	MP_JM018_Ventilators_2_INDEX_6	</identifier>
				<transform>
					<row0>	-1.0000 0.0000 0.0000 0.0000	</row0>
					<row1>	0.0000 1.0000 0.0000 0.0000	</row1>
					<row2>	0.0000 0.0000 -1.0000 0.0000	</row2>
					<row3>	0.1259 0.3122 -3.9573 1.0000	</row3>
				</transform>
			</node>
			<node>
				<identifier>	MP_JM023_Ventilators_7	</identifier>
				<transform>
					<row0>	1.0000 0.0000 0.0000 0.0000	</row0>
					<row1>	0.0000 1.0000 0.0000 0.0000	</row1>
					<row2>	0.0000 0.0000 1.0000 0.0000	</row2>
					<row3>	-0.0357 0.3076 -4.3509 1.0000	</row3>
				</transform>
			</node>
			<node>
				<identifier>	MP_JM023_Ventilators_7_INDEX_1	</identifier>
				<transform>
					<row0>	1.0000 0.0000 0.0000 0.0000	</row0>
					<row1>	0.0000 1.0000 0.0000 0.0000	</row1>
					<row2>	0.0000 0.0000 1.0000 0.0000	</row2>
					<row3>	0.0790 0.2958 -4.7848 1.0000	</row3>
				</transform>
			</node>
			<node>
				<identifier>	MP_JM027_Fairlead_2	</identifier>
				<transform>
					<row0>	0.6544 0.0000 -0.4602 0.0000	</row0>
					<row1>	0.0000 0.8000 0.0000 0.0000	</row1>
					<row2>	0.4602 0.0000 0.6544 0.0000	</row2>
					<row3>	0.0729 0.2488 -6.6679 1.0000	</row3>
				</transform>
			</node>
			<node>
				<identifier>	MP_JM027_Fairlead_2_INDEX_1	</identifier>
				<transform>
					<row0>	0.5125 0.0000 0.2340 0.0000	</row0>
					<row1>	0.0000 0.5634 0.0000 0.0000	</row1>
					<row2>	-0.2340 0.0000 0.5125 0.0000	</row2>
					<row3>	-0.0834 0.2453 -6.6526 1.0000	</row3>
				</transform>
			</node>
			<node>
				<identifier>	MP_JM043_Screen_Smoke	</identifier>
				<transform>
					<row0>	-0.6928 0.0000 0.4000 0.0000	</row0>
					<row1>	0.0000 0.8000 0.0000 0.0000	</row1>
					<row2>	-0.4000 0.0000 -0.6928 0.0000	</row2>
					<row3>	-0.1355 0.2417 -6.5333 1.0000	</row3>
				</transform>
			</node>
			<node>
				<identifier>	MP_JM043_Screen_Smoke_INDEX_1	</identifier>
				<transform>
					<row0>	0.0000 0.0000 -0.8000 0.0000	</row0>
					<row1>	0.0000 0.8000 0.0000 0.0000	</row1>
					<row2>	0.8000 0.0000 0.0000 0.0000	</row2>
					<row3>	0.1190 0.2417 -6.5857 1.0000	</row3>
				</transform>
			</node>
			<node>
				<identifier>	MP_JM043_Screen_Smoke_INDEX_2	</identifier>
				<transform>
					<row0>	0.0000 0.0000 -0.8000 0.0000	</row0>
					<row1>	0.0000 0.8000 0.0000 0.0000	</row1>
					<row2>	0.8000 0.0000 0.0000 0.0000	</row2>
					<row3>	0.1367 0.2417 -6.5333 1.0000	</row3>
				</transform>
			</node>
			<node>
				<identifier>	MP_JM043_Screen_Smoke_INDEX_3	</identifier>
				<transform>
					<row0>	-0.8000 0.0000 0.0000 0.0000	</row0>
					<row1>	0.0000 0.8000 0.0000 0.0000	</row1>
					<row2>	0.0000 0.0000 -0.8000 0.0000	</row2>
					<row3>	-0.1178 0.2417 -6.5857 1.0000	</row3>
				</transform>
			</node>
			<node>
				<identifier>	MP_JM044_After_Capstan	</identifier>
				<transform>
					<row0>	1.0000 0.0000 0.0000 0.0000	</row0>
					<row1>	0.0000 1.0000 0.0000 0.0000	</row1>
					<row2>	0.0000 0.0000 1.0000 0.0000	</row2>
					<row3>	0.0179 0.2676 -5.5443 1.0000	</row3>
				</transform>
			</node>
			<node>
				<identifier>	MP_JM078_Deck_Winch_2	</identifier>
				<transform>
					<row0>	0.0000 0.0051 0.7000 0.0000	</row0>
					<row1>	0.0089 0.6999 -0.0051 0.0000	</row1>
					<row2>	-0.6999 0.0089 -0.0001 0.0000	</row2>
					<row3>	0.0430 0.3162 -4.2258 1.0000	</row3>
				</transform>
			</node>
			<node>
				<identifier>	MP_JM078_Deck_Winch_2_INDEX_1	</identifier>
				<transform>
					<row0>	-0.0003 0.0009 -0.8500 0.0000	</row0>
					<row1>	-0.0139 0.8499 0.0009 0.0000	</row1>
					<row2>	0.8499 0.0139 -0.0003 0.0000	</row2>
					<row3>	-0.0624 0.3160 -4.1572 1.0000	</row3>
				</transform>
			</node>
			<node>
				<identifier>	MP_JM106_Ventilators_10	</identifier>
				<transform>
					<row0>	-0.9998 0.0203 0.0000 0.0000	</row0>
					<row1>	0.0203 0.9997 -0.0164 0.0000	</row1>
					<row2>	-0.0003 -0.0164 -0.9999 0.0000	</row2>
					<row3>	-0.0458 0.3101 -4.3980 1.0000	</row3>
				</transform>
			</node>
			<node>
				<identifier>	MP_JM125_Signal_Lamp_3	</identifier>
				<transform>
					<row0>	-1.0000 0.0000 0.0000 0.0000	</row0>
					<row1>	0.0000 1.0000 0.0000 0.0000	</row1>
					<row2>	0.0000 0.0000 -1.0000 0.0000	</row2>
					<row3>	0.0000 0.2652 -6.7329 1.0000	</row3>
				</transform>
			</node>
			<node>
				<identifier>	MP_JM127_Ventilators_11	</identifier>
				<transform>
					<row0>	1.0000 0.0000 0.0000 0.0000	</row0>
					<row1>	0.0000 1.0000 0.0000 0.0000	</row1>
					<row2>	0.0000 0.0000 1.0000 0.0000	</row2>
					<row3>	0.2161 0.3104 -3.7072 1.0000	</row3>
				</transform>
			</node>
			<node>
				<identifier>	MP_JM127_Ventilators_11_INDEX_1	</identifier>
				<transform>
					<row0>	1.0000 0.0000 0.0000 0.0000	</row0>
					<row1>	0.0000 1.0000 0.0000 0.0000	</row1>
					<row2>	0.0000 0.0000 1.0000 0.0000	</row2>
					<row3>	0.2195 0.3113 -3.7887 1.0000	</row3>
				</transform>
			</node>
			<node>
				<identifier>	MP_JM127_Ventilators_11_INDEX_2	</identifier>
				<transform>
					<row0>	1.0000 0.0000 0.0000 0.0000	</row0>
					<row1>	0.0000 1.0000 0.0000 0.0000	</row1>
					<row2>	0.0000 0.0000 1.0000 0.0000	</row2>
					<row3>	-0.0303 0.3137 -3.5137 1.0000	</row3>
				</transform>
			</node>
			<node>
				<identifier>	MP_JM127_Ventilators_11_INDEX_3	</identifier>
				<transform>
					<row0>	1.0000 0.0000 0.0000 0.0000	</row0>
					<row1>	0.0000 1.0000 0.0000 0.0000	</row1>
					<row2>	0.0000 0.0000 1.0000 0.0000	</row2>
					<row3>	-0.0743 0.3119 -3.5268 1.0000	</row3>
				</transform>
			</node>
			<node>
				<identifier>	MP_JM2506_Hiragana_MA	</identifier>
				<transform>
					<row0>	-0.9493 0.0000 -0.3143 0.0000	</row0>
					<row1>	0.0000 1.0000 0.0000 0.0000	</row1>
					<row2>	0.3143 0.0000 -0.9493 0.0000	</row2>
					<row3>	0.0329 0.1673 -6.7178 1.0000	</row3>
				</transform>
			</node>
			<node>
				<identifier>	MP_JM2507_Hiragana_YA	</identifier>
				<transform>
					<row0>	-0.9493 0.0000 0.3143 0.0000	</row0>
					<row1>	0.0000 1.0000 0.0000 0.0000	</row1>
					<row2>	-0.3143 0.0000 -0.9493 0.0000	</row2>
					<row3>	-0.0329 0.1673 -6.7178 1.0000	</row3>
				</transform>
			</node>
			<node>
				<identifier>	MP_JM353_Bollards	</identifier>
				<transform>
					<row0>	-0.2113 0.0219 0.9772 0.0000	</row0>
					<row1>	-0.0247 0.9993 -0.0278 0.0000	</row1>
					<row2>	-0.9771 -0.0301 -0.2106 0.0000	</row2>
					<row3>	-0.2055 0.2446 -6.0364 1.0000	</row3>
				</transform>
			</node>
			<node>
				<identifier>	MP_JM353_Bollards_INDEX_1	</identifier>
				<transform>
					<row0>	-0.2113 -0.0219 -0.9772 0.0000	</row0>
					<row1>	0.0247 0.9993 -0.0278 0.0000	</row1>
					<row2>	0.9771 -0.0301 -0.2106 0.0000	</row2>
					<row3>	0.2055 0.2446 -6.0364 1.0000	</row3>
				</transform>
			</node>
			<node>
				<identifier>	MP_JM397_ventilation	</identifier>
				<transform>
					<row0>	1.0000 0.0000 0.0000 0.0000	</row0>
					<row1>	0.0000 1.0000 0.0000 0.0000	</row1>
					<row2>	0.0000 0.0000 1.0000 0.0000	</row2>
					<row3>	-0.0897 0.2984 -4.6412 1.0000	</row3>
				</transform>
			</node>
			<node>
				<identifier>	MP_JM448_Ventilators_1_small	</identifier>
				<transform>
					<row0>	-1.0000 0.0000 0.0000 0.0000	</row0>
					<row1>	0.0000 1.0000 0.0000 0.0000	</row1>
					<row2>	0.0000 0.0000 -1.0000 0.0000	</row2>
					<row3>	0.0345 0.3156 -4.0277 1.0000	</row3>
				</transform>
			</node>
			<node>
				<identifier>	MP_JM450_Insulator	</identifier>
				<transform>
					<row0>	0.5894 0.0000 0.1123 0.0000	</row0>
					<row1>	0.1123 0.0000 -0.5894 0.0000	</row1>
					<row2>	0.0000 0.6000 0.0000 0.0000	</row2>
					<row3>	-0.2524 0.3851 -5.8580 1.0000	</row3>
				</transform>
			</node>
			<node>
				<identifier>	MP_JM450_Insulator_INDEX_1	</identifier>
				<transform>
					<row0>	0.5894 0.0000 -0.1123 0.0000	</row0>
					<row1>	-0.1123 0.0000 -0.5894 0.0000	</row1>
					<row2>	0.0000 0.6000 0.0000 0.0000	</row2>
					<row3>	0.2524 0.3851 -5.8580 1.0000	</row3>
				</transform>
			</node>
			<node>
				<identifier>	SP_YMS011_YHWL_M_1_INDEX_11	</identifier>
				<transform>
					<row0>	1.1099 0.0826 0.0842 0.0000	</row0>
					<row1>	-0.0823 1.1131 -0.0062 0.0000	</row1>
					<row2>	-0.0844 0.0000 1.1129 0.0000	</row2>
					<row3>	-0.5089 0.0000 -4.1497 1.0000	</row3>
				</transform>
			</node>
			<node>
				<identifier>	SP_YMS011_YHWL_M_1_INDEX_2	</identifier>
				<transform>
					<row0>	1.1017 0.1168 0.1355 0.0000	</row0>
					<row1>	-0.1161 1.1100 -0.0129 0.0000	</row1>
					<row2>	-0.1361 -0.0014 1.1078 0.0000	</row2>
					<row3>	-0.4098 0.0000 -5.0938 1.0000	</row3>
				</transform>
			</node>
			<node>
				<identifier>	SP_YMS012_YHWR_M_1_INDEX_1	</identifier>
				<transform>
					<row0>	1.1017 -0.1168 -0.1355 0.0000	</row0>
					<row1>	0.1161 1.1100 -0.0129 0.0000	</row1>
					<row2>	0.1361 -0.0014 1.1078 0.0000	</row2>
					<row3>	0.4098 0.0000 -5.0938 1.0000	</row3>
				</transform>
			</node>
			<node>
				<identifier>	SP_YMS012_YHWR_M_1_INDEX_7	</identifier>
				<transform>
					<row0>	1.1099 -0.0826 -0.0842 0.0000	</row0>
					<row1>	0.0823 1.1131 -0.0062 0.0000	</row1>
					<row2>	0.0844 0.0000 1.1129 0.0000	</row2>
					<row3>	0.5089 0.0000 -4.1497 1.0000	</row3>
				</transform>
			</node>
			<node>
				<identifier>	SP_YMS023_YHUC_L_1	</identifier>
				<transform>
					<row0>	0.5036 0.0181 0.0265 0.0000	</row0>
					<row1>	-0.0163 0.5033 -0.0334 0.0000	</row1>
					<row2>	-0.0277 0.0324 0.5028 0.0000	</row2>
					<row3>	0.4338 -0.3179 -4.9889 1.0000	</row3>
				</transform>
			</node>
			<node>
				<identifier>	SP_YMS023_YHUC_L_1_INDEX_1	</identifier>
				<transform>
					<row0>	0.5036 -0.0181 -0.0265 0.0000	</row0>
					<row1>	0.0163 0.5033 -0.0334 0.0000	</row1>
					<row2>	0.0277 0.0324 0.5028 0.0000	</row2>
					<row3>	-0.4338 -0.3179 -4.9889 1.0000	</row3>
				</transform>
			</node>
			<node>
				<identifier>	SP_YMS023_YHUC_L_1_INDEX_2	</identifier>
				<transform>
					<row0>	0.5050 0.0021 -0.0013 0.0000	</row0>
					<row1>	-0.0022 0.5038 -0.0353 0.0000	</row1>
					<row2>	0.0011 0.0353 0.5038 0.0000	</row2>
					<row3>	0.1934 -0.3335 -5.7759 1.0000	</row3>
				</transform>
			</node>
			<node>
				<identifier>	SP_YMS023_YHUC_L_1_INDEX_3	</identifier>
				<transform>
					<row0>	0.5050 -0.0021 0.0013 0.0000	</row0>
					<row1>	0.0022 0.5038 -0.0353 0.0000	</row1>
					<row2>	-0.0011 0.0353 0.5038 0.0000	</row2>
					<row3>	-0.1934 -0.3335 -5.7759 1.0000	</row3>
				</transform>
			</node>
			<node>
				<identifier>	SP_YMS030_YHAM_M_1	</identifier>
				<transform>
					<row0>	0.5926 0.0000 0.0000 0.0000	</row0>
					<row1>	0.0000 0.5926 0.0000 0.0000	</row1>
					<row2>	0.0000 0.0000 0.5926 0.0000	</row2>
					<row3>	0.0000 0.1157 -6.7499 1.0000	</row3>
				</transform>
			</node>
			<node>
				<identifier>	SP_YMS031_YHAL_M_1	</identifier>
				<transform>
					<row0>	0.7641 0.0000 0.1454 0.0000	</row0>
					<row1>	0.0000 0.7778 0.0000 0.0000	</row1>
					<row2>	-0.1454 0.0000 0.7641 0.0000	</row2>
					<row3>	-0.2307 0.0805 -6.1565 1.0000	</row3>
				</transform>
			</node>
			<node>
				<identifier>	SP_YMS032_YHAR_M_1	</identifier>
				<transform>
					<row0>	0.7641 0.0000 -0.1454 0.0000	</row0>
					<row1>	0.0000 0.7778 0.0000 0.0000	</row1>
					<row2>	0.1454 0.0000 0.7641 0.0000	</row2>
					<row3>	0.2307 0.0805 -6.1565 1.0000	</row3>
				</transform>
			</node>
			<node>
				<identifier>	SP_YMS053_YHDC_S_1	</identifier>
				<transform>
					<row0>	1.0000 0.0000 0.0000 0.0000	</row0>
					<row1>	0.0000 1.0000 -0.0051 0.0000	</row1>
					<row2>	0.0000 0.0051 1.0000 0.0000	</row2>
					<row3>	0.3065 0.3253 -4.0762 1.0000	</row3>
				</transform>
			</node>
			<node>
				<identifier>	SP_YMS053_YHDC_S_1_INDEX_2	</identifier>
				<transform>
					<row0>	1.0000 0.0000 0.0000 0.0000	</row0>
					<row1>	0.0000 1.0000 -0.0051 0.0000	</row1>
					<row2>	0.0000 0.0051 1.0000 0.0000	</row2>
					<row3>	-0.3065 0.3253 -4.0762 1.0000	</row3>
				</transform>
			</node>
			<node>
				<identifier>	SP_YMS053_YHDC_S_1_INDEX_5	</identifier>
				<transform>
					<row0>	1.0000 0.0000 0.0000 0.0000	</row0>
					<row1>	0.0000 0.9987 -0.0503 0.0000	</row1>
					<row2>	0.0000 0.0503 0.9987 0.0000	</row2>
					<row3>	0.2381 0.3077 -4.7718 1.0000	</row3>
				</transform>
			</node>
			<node>
				<identifier>	SP_YMS053_YHDC_S_1_INDEX_7	</identifier>
				<transform>
					<row0>	1.0000 0.0000 0.0000 0.0000	</row0>
					<row1>	0.0000 0.9987 -0.0503 0.0000	</row1>
					<row2>	0.0000 0.0503 0.9987 0.0000	</row2>
					<row3>	-0.2381 0.3077 -4.7718 1.0000	</row3>
				</transform>
			</node>
			<node>
				<identifier>	SP_YMS080_YHSL_M_1	</identifier>
				<transform>
					<row0>	0.4337 0.0005 0.0826 0.0000	</row0>
					<row1>	0.0013 0.4414 -0.0097 0.0000	</row1>
					<row2>	-0.0826 0.0098 0.4336 0.0000	</row2>
					<row3>	-0.3166 0.1086 -5.7357 1.0000	</row3>
				</transform>
			</node>
			<node>
				<identifier>	SP_YMS081_YHSR_M_1	</identifier>
				<transform>
					<row0>	0.4337 -0.0005 -0.0826 0.0000	</row0>
					<row1>	-0.0013 0.4414 -0.0097 0.0000	</row1>
					<row2>	0.0826 0.0098 0.4336 0.0000	</row2>
					<row3>	0.3166 0.1086 -5.7357 1.0000	</row3>
				</transform>
			</node>
			<node>
				<identifier>	SP_YMS082_YHSC_M_1	</identifier>
				<transform>
					<row0>	0.0783 0.0013 -0.9969 0.0000	</row0>
					<row1>	-0.0050 1.0000 0.0009 0.0000	</row1>
					<row2>	0.9969 0.0050 0.0783 0.0000	</row2>
					<row3>	-0.5279 0.2098 -3.8897 1.0000	</row3>
				</transform>
			</node>
			<node>
				<identifier>	SP_YMS082_YHSC_M_1_INDEX_1	</identifier>
				<transform>
					<row0>	0.0783 -0.0013 0.9969 0.0000	</row0>
					<row1>	0.0050 1.0000 0.0009 0.0000	</row1>
					<row2>	-0.9969 0.0050 0.0783 0.0000	</row2>
					<row3>	0.5279 0.1995 -3.8692 1.0000	</row3>
				</transform>
			</node>
			<node>
				<identifier>	SP_YMS082_YHSC_M_1_INDEX_2	</identifier>
				<transform>
					<row0>	0.0990 -0.0014 0.9951 0.0000	</row0>
					<row1>	0.0050 1.0000 0.0009 0.0000	</row1>
					<row2>	-0.9951 0.0049 0.0990 0.0000	</row2>
					<row3>	0.4952 0.1936 -4.3070 1.0000	</row3>
				</transform>
			</node>
			<node>
				<identifier>	SP_YMS082_YHSC_M_1_INDEX_4	</identifier>
				<transform>
					<row0>	0.0990 0.0014 -0.9951 0.0000	</row0>
					<row1>	-0.0050 1.0000 0.0009 0.0000	</row1>
					<row2>	0.9951 0.0049 0.0990 0.0000	</row2>
					<row3>	-0.4951 0.2098 -4.2739 1.0000	</row3>
				</transform>
			</node>
		</node>
	</node>
	<boundingBox>
		<min>	-0.0667 -0.0667 -0.0667	</min>
		<max>	0.0667 0.0667 0.0667	</max>
	</boundingBox>
</JSC049_Maya_1944_Stern_ports.visual>
