<JSA017_Hakuryu_1942_MidFront_ports.visual>
	<node>
		<identifier>	Scene Root	</identifier>
		<transform>
			<row0>	1.0000 0.0000 0.0000 0.0000	</row0>
			<row1>	0.0000 1.0000 0.0000 0.0000	</row1>
			<row2>	0.0000 0.0000 1.0000 0.0000	</row2>
			<row3>	0.0000 0.0000 0.0000 1.0000	</row3>
		</transform>
		<node>
			<identifier>	MidFront_ports	</identifier>
			<transform>
				<row0>	1.0000 0.0000 0.0000 0.0000	</row0>
				<row1>	0.0000 1.0000 0.0000 0.0000	</row1>
				<row2>	0.0000 0.0000 1.0000 0.0000	</row2>
				<row3>	0.0000 0.0000 0.0000 1.0000	</row3>
			</transform>
			<node>
				<identifier>	HP_DeckStart	</identifier>
				<transform>
					<row0>	1.0000 0.0000 0.0000 0.0000	</row0>
					<row1>	0.0000 1.0000 0.0000 0.0000	</row1>
					<row2>	0.0000 0.0000 1.0000 0.0000	</row2>
					<row3>	0.0042 0.8668 5.0019 1.0000	</row3>
				</transform>
			</node>
			<node>
				<identifier>	HP_FX_Death_1	</identifier>
				<transform>
					<row0>	1.0000 0.0000 0.0000 0.0000	</row0>
					<row1>	0.0000 1.0000 0.0000 0.0000	</row1>
					<row2>	0.0000 0.0000 1.0000 0.0000	</row2>
					<row3>	0.0000 0.0000 6.7212 1.0000	</row3>
				</transform>
			</node>
			<node>
				<identifier>	HP_FX_Death_2	</identifier>
				<transform>
					<row0>	1.0000 0.0000 0.0000 0.0000	</row0>
					<row1>	0.0000 1.0000 0.0000 0.0000	</row1>
					<row2>	0.0000 0.0000 1.0000 0.0000	</row2>
					<row3>	0.0000 0.0000 -0.6402 1.0000	</row3>
				</transform>
			</node>
			<node>
				<identifier>	HP_FX_Fire_1_side_1	</identifier>
				<transform>
					<row0>	1.0000 0.0000 0.0000 0.0000	</row0>
					<row1>	0.0000 1.0000 0.0000 0.0000	</row1>
					<row2>	0.0000 0.0000 1.0000 0.0000	</row2>
					<row3>	-0.7759 0.9050 6.9108 1.0000	</row3>
				</transform>
			</node>
			<node>
				<identifier>	HP_FX_Fire_2	</identifier>
				<transform>
					<row0>	0.9583 -0.1696 0.2300 0.0000	</row0>
					<row1>	0.1742 0.9847 0.0000 0.0000	</row1>
					<row2>	-0.2264 0.0401 0.9732 0.0000	</row2>
					<row3>	0.4761 0.8458 3.0619 1.0000	</row3>
				</transform>
			</node>
			<node>
				<identifier>	HP_FX_Fire_2_side_1	</identifier>
				<transform>
					<row0>	1.0000 0.0000 0.0000 0.0000	</row0>
					<row1>	0.0000 1.0000 0.0000 0.0000	</row1>
					<row2>	0.0000 0.0000 1.0000 0.0000	</row2>
					<row3>	1.3531 0.7459 3.6802 1.0000	</row3>
				</transform>
			</node>
			<node>
				<identifier>	HP_FX_Fire_2_side_2	</identifier>
				<transform>
					<row0>	1.0000 0.0000 0.0000 0.0000	</row0>
					<row1>	0.0000 1.0000 0.0000 0.0000	</row1>
					<row2>	0.0000 0.0000 1.0000 0.0000	</row2>
					<row3>	-1.3509 0.7864 2.2488 1.0000	</row3>
				</transform>
			</node>
			<node>
				<identifier>	HP_FX_Fire_2_side_3	</identifier>
				<transform>
					<row0>	1.0000 0.0000 0.0000 0.0000	</row0>
					<row1>	0.0000 1.0000 0.0000 0.0000	</row1>
					<row2>	0.0000 0.0000 1.0000 0.0000	</row2>
					<row3>	1.2710 1.1847 -0.6473 1.0000	</row3>
				</transform>
			</node>
			<node>
				<identifier>	HP_FX_FloodLight_left_1	</identifier>
				<transform>
					<row0>	0.0000 -1.0000 0.0000 0.0000	</row0>
					<row1>	-1.0000 0.0000 0.0000 0.0000	</row1>
					<row2>	0.0000 0.0000 -1.0000 0.0000	</row2>
					<row3>	-0.8461 0.6558 5.9266 1.0000	</row3>
				</transform>
			</node>
			<node>
				<identifier>	HP_FX_FloodLight_right_2	</identifier>
				<transform>
					<row0>	0.0086 -0.9957 -0.0925 0.0000	</row0>
					<row1>	0.9957 0.0000 0.0929 0.0000	</row1>
					<row2>	-0.0925 -0.0929 0.9914 0.0000	</row2>
					<row3>	0.9906 1.3352 1.6326 1.0000	</row3>
				</transform>
			</node>
			<node>
				<identifier>	HP_FX_FloodLight_right_3	</identifier>
				<transform>
					<row0>	0.0000 -1.0000 0.0000 0.0000	</row0>
					<row1>	1.0000 0.0000 0.0000 0.0000	</row1>
					<row2>	0.0000 0.0000 1.0000 0.0000	</row2>
					<row3>	0.8726 0.6407 6.0350 1.0000	</row3>
				</transform>
			</node>
			<node>
				<identifier>	HP_FX_Flood_steam_1	</identifier>
				<transform>
					<row0>	0.9626 0.2708 0.0000 0.0000	</row0>
					<row1>	-0.2708 0.9626 0.0000 0.0000	</row1>
					<row2>	0.0000 0.0000 1.0000 0.0000	</row2>
					<row3>	1.4895 2.1379 0.7266 1.0000	</row3>
				</transform>
			</node>
			<node>
				<identifier>	HP_FX_Flood_steam_2	</identifier>
				<transform>
					<row0>	0.9716 0.2365 0.0000 0.0000	</row0>
					<row1>	-0.2365 0.9716 0.0000 0.0000	</row1>
					<row2>	0.0000 0.0000 1.0000 0.0000	</row2>
					<row3>	1.4863 2.1374 1.0425 1.0000	</row3>
				</transform>
			</node>
			<node>
				<identifier>	HP_FX_Flood_steam_left	</identifier>
				<transform>
					<row0>	-1.0000 0.0000 0.0000 0.0000	</row0>
					<row1>	0.0000 1.0000 0.0000 0.0000	</row1>
					<row2>	0.0000 0.0000 -1.0000 0.0000	</row2>
					<row3>	-1.2214 0.7865 1.3218 1.0000	</row3>
				</transform>
			</node>
			<node>
				<identifier>	HP_FX_Flood_steam_right	</identifier>
				<transform>
					<row0>	1.0000 0.0000 0.0000 0.0000	</row0>
					<row1>	0.0000 1.0000 0.0000 0.0000	</row1>
					<row2>	0.0000 0.0000 1.0000 0.0000	</row2>
					<row3>	1.3607 0.9825 -0.4497 1.0000	</row3>
				</transform>
			</node>
			<node>
				<identifier>	HP_FX_Flood_water_left_2	</identifier>
				<transform>
					<row0>	-1.0000 0.0000 0.0000 0.0000	</row0>
					<row1>	0.0000 1.0000 0.0000 0.0000	</row1>
					<row2>	0.0000 0.0000 -1.0000 0.0000	</row2>
					<row3>	-1.0445 0.1329 -1.4163 1.0000	</row3>
				</transform>
			</node>
			<node>
				<identifier>	HP_FX_Flood_water_left_3	</identifier>
				<transform>
					<row0>	-1.0000 0.0000 0.0000 0.0000	</row0>
					<row1>	0.0000 1.0000 0.0000 0.0000	</row1>
					<row2>	0.0000 0.0000 -1.0000 0.0000	</row2>
					<row3>	-0.9735 0.1399 1.9950 1.0000	</row3>
				</transform>
			</node>
			<node>
				<identifier>	HP_FX_Flood_water_left_4	</identifier>
				<transform>
					<row0>	-1.0000 0.0000 0.0000 0.0000	</row0>
					<row1>	0.0000 1.0000 0.0000 0.0000	</row1>
					<row2>	0.0000 0.0000 -1.0000 0.0000	</row2>
					<row3>	-0.4698 0.0528 6.4448 1.0000	</row3>
				</transform>
			</node>
			<node>
				<identifier>	HP_FX_Flood_water_right_2	</identifier>
				<transform>
					<row0>	1.0000 0.0000 0.0000 0.0000	</row0>
					<row1>	0.0000 1.0000 0.0000 0.0000	</row1>
					<row2>	0.0000 0.0000 1.0000 0.0000	</row2>
					<row3>	1.0445 0.1329 -1.4163 1.0000	</row3>
				</transform>
			</node>
			<node>
				<identifier>	HP_FX_Flood_water_right_3	</identifier>
				<transform>
					<row0>	1.0000 0.0000 0.0000 0.0000	</row0>
					<row1>	0.0000 1.0000 0.0000 0.0000	</row1>
					<row2>	0.0000 0.0000 1.0000 0.0000	</row2>
					<row3>	0.9735 0.1399 1.9950 1.0000	</row3>
				</transform>
			</node>
			<node>
				<identifier>	HP_FX_Flood_water_right_4	</identifier>
				<transform>
					<row0>	1.0000 0.0000 0.0000 0.0000	</row0>
					<row1>	0.0000 1.0000 0.0000 0.0000	</row1>
					<row2>	0.0000 0.0000 1.0000 0.0000	</row2>
					<row3>	0.4698 0.0537 6.4448 1.0000	</row3>
				</transform>
			</node>
			<node>
				<identifier>	HP_FX_Smoke_1	</identifier>
				<transform>
					<row0>	0.9968 0.0805 0.0000 0.0000	</row0>
					<row1>	-0.0805 0.9968 0.0000 0.0000	</row1>
					<row2>	0.0000 0.0000 1.0000 0.0000	</row2>
					<row3>	1.6442 2.1529 1.0680 1.0000	</row3>
				</transform>
			</node>
			<node>
				<identifier>	HP_FX_Smoke_2	</identifier>
				<transform>
					<row0>	0.9637 -0.2664 -0.0164 0.0000	</row0>
					<row1>	0.2669 0.9619 0.0593 0.0000	</row1>
					<row2>	0.0000 -0.0615 0.9981 0.0000	</row2>
					<row3>	1.6127 2.1389 0.6909 1.0000	</row3>
				</transform>
			</node>
			<node>
				<identifier>	HP_Flagpole	</identifier>
				<transform>
					<row0>	-0.2000 0.0000 0.0000 0.0000	</row0>
					<row1>	0.0000 0.2000 0.0000 0.0000	</row1>
					<row2>	0.0000 0.0000 -0.2000 0.0000	</row2>
					<row3>	1.1785 2.9765 1.5728 1.0000	</row3>
				</transform>
			</node>
			<node>
				<identifier>	HP_JD_1	</identifier>
				<transform>
					<row0>	0.0000 0.0000 -1.0000 0.0000	</row0>
					<row1>	0.0000 1.0000 0.0000 0.0000	</row1>
					<row2>	1.0000 0.0000 0.0000 0.0000	</row2>
					<row3>	1.3587 0.6721 3.6781 1.0000	</row3>
				</transform>
			</node>
			<node>
				<identifier>	HP_JD_10	</identifier>
				<transform>
					<row0>	0.0000 0.0000 1.0000 0.0000	</row0>
					<row1>	0.0000 1.0000 0.0000 0.0000	</row1>
					<row2>	-1.0000 0.0000 0.0000 0.0000	</row2>
					<row3>	-1.3963 0.6721 -1.0643 1.0000	</row3>
				</transform>
			</node>
			<node>
				<identifier>	HP_JD_2	</identifier>
				<transform>
					<row0>	0.0000 0.0000 -1.0000 0.0000	</row0>
					<row1>	0.0000 1.0000 0.0000 0.0000	</row1>
					<row2>	1.0000 0.0000 0.0000 0.0000	</row2>
					<row3>	1.2714 1.0340 3.2334 1.0000	</row3>
				</transform>
			</node>
			<node>
				<identifier>	HP_JD_3	</identifier>
				<transform>
					<row0>	0.0000 0.0000 1.0000 0.0000	</row0>
					<row1>	0.0000 1.0000 0.0000 0.0000	</row1>
					<row2>	-1.0000 0.0000 0.0000 0.0000	</row2>
					<row3>	-1.3118 0.6722 3.2221 1.0000	</row3>
				</transform>
			</node>
			<node>
				<identifier>	HP_JD_4	</identifier>
				<transform>
					<row0>	0.0000 0.0000 -1.0000 0.0000	</row0>
					<row1>	0.0000 1.0000 0.0000 0.0000	</row1>
					<row2>	1.0000 0.0000 0.0000 0.0000	</row2>
					<row3>	1.5253 0.6721 1.8716 1.0000	</row3>
				</transform>
			</node>
			<node>
				<identifier>	HP_JD_5	</identifier>
				<transform>
					<row0>	0.0000 0.0000 1.0000 0.0000	</row0>
					<row1>	0.0000 1.0000 0.0000 0.0000	</row1>
					<row2>	-1.0000 0.0000 0.0000 0.0000	</row2>
					<row3>	-1.3893 0.6721 1.4237 1.0000	</row3>
				</transform>
			</node>
			<node>
				<identifier>	HP_JD_6	</identifier>
				<transform>
					<row0>	0.0000 0.0000 1.0000 0.0000	</row0>
					<row1>	0.0000 1.0000 0.0000 0.0000	</row1>
					<row2>	-1.0000 0.0000 0.0000 0.0000	</row2>
					<row3>	-1.3893 0.6721 1.1252 1.0000	</row3>
				</transform>
			</node>
			<node>
				<identifier>	HP_JD_7	</identifier>
				<transform>
					<row0>	0.0000 0.0000 1.0000 0.0000	</row0>
					<row1>	0.0000 1.0000 0.0000 0.0000	</row1>
					<row2>	-1.0000 0.0000 0.0000 0.0000	</row2>
					<row3>	-1.4064 0.6722 -0.6497 1.0000	</row3>
				</transform>
			</node>
			<node>
				<identifier>	HP_JD_8	</identifier>
				<transform>
					<row0>	0.0000 0.0000 -1.0000 0.0000	</row0>
					<row1>	0.0000 1.0000 0.0000 0.0000	</row1>
					<row2>	1.0000 0.0000 0.0000 0.0000	</row2>
					<row3>	1.2730 1.0340 -0.6619 1.0000	</row3>
				</transform>
			</node>
			<node>
				<identifier>	HP_JD_9	</identifier>
				<transform>
					<row0>	0.0000 0.0000 -1.0000 0.0000	</row0>
					<row1>	0.0000 1.0000 0.0000 0.0000	</row1>
					<row2>	1.0000 0.0000 0.0000 0.0000	</row2>
					<row3>	1.5251 0.8742 -0.6712 1.0000	</row3>
				</transform>
			</node>
			<node>
				<identifier>	HP_JF_1	</identifier>
				<transform>
					<row0>	1.0000 0.0000 0.0000 0.0000	</row0>
					<row1>	0.0000 1.0000 0.0000 0.0000	</row1>
					<row2>	0.0000 0.0000 1.0000 0.0000	</row2>
					<row3>	1.0636 1.1239 2.8907 1.0000	</row3>
				</transform>
			</node>
			<node>
				<identifier>	HP_JF_2	</identifier>
				<transform>
					<row0>	1.0000 0.0000 0.0000 0.0000	</row0>
					<row1>	0.0000 1.0000 0.0000 0.0000	</row1>
					<row2>	0.0000 0.0000 1.0000 0.0000	</row2>
					<row3>	1.1807 1.7244 2.2777 1.0000	</row3>
				</transform>
			</node>
			<node>
				<identifier>	HP_JGA_1	</identifier>
				<transform>
					<row0>	1.0000 0.0000 0.0000 0.0000	</row0>
					<row1>	0.0000 1.0000 0.0000 0.0000	</row1>
					<row2>	0.0000 0.0000 1.0000 0.0000	</row2>
					<row3>	1.1012 0.8662 3.7493 1.0000	</row3>
				</transform>
			</node>
			<node>
				<identifier>	HP_JGA_10	</identifier>
				<transform>
					<row0>	0.0000 0.0000 1.0000 0.0000	</row0>
					<row1>	0.0000 1.0000 0.0000 0.0000	</row1>
					<row2>	-1.0000 0.0000 0.0000 0.0000	</row2>
					<row3>	-1.3694 0.6715 0.3030 1.0000	</row3>
				</transform>
			</node>
			<node>
				<identifier>	HP_JGA_11	</identifier>
				<transform>
					<row0>	0.0000 0.0000 1.0000 0.0000	</row0>
					<row1>	0.0000 1.0000 0.0000 0.0000	</row1>
					<row2>	-1.0000 0.0000 0.0000 0.0000	</row2>
					<row3>	-1.3694 0.6715 -0.1441 1.0000	</row3>
				</transform>
			</node>
			<node>
				<identifier>	HP_JGA_12	</identifier>
				<transform>
					<row0>	0.0000 0.0000 -1.0000 0.0000	</row0>
					<row1>	0.0000 1.0000 0.0000 0.0000	</row1>
					<row2>	1.0000 0.0000 0.0000 0.0000	</row2>
					<row3>	1.1733 0.6728 -0.9852 1.0000	</row3>
				</transform>
			</node>
			<node>
				<identifier>	HP_JGA_2	</identifier>
				<transform>
					<row0>	1.0000 0.0000 0.0000 0.0000	</row0>
					<row1>	0.0000 1.0000 0.0000 0.0000	</row1>
					<row2>	0.0000 0.0000 1.0000 0.0000	</row2>
					<row3>	1.1625 0.8662 3.4659 1.0000	</row3>
				</transform>
			</node>
			<node>
				<identifier>	HP_JGA_3	</identifier>
				<transform>
					<row0>	0.0000 0.0000 -1.0000 0.0000	</row0>
					<row1>	0.0000 1.0000 0.0000 0.0000	</row1>
					<row2>	1.0000 0.0000 0.0000 0.0000	</row2>
					<row3>	1.5013 0.6718 3.1079 1.0000	</row3>
				</transform>
			</node>
			<node>
				<identifier>	HP_JGA_4	</identifier>
				<transform>
					<row0>	0.0000 0.0000 1.0000 0.0000	</row0>
					<row1>	0.0000 1.0000 0.0000 0.0000	</row1>
					<row2>	-1.0000 0.0000 0.0000 0.0000	</row2>
					<row3>	-1.3512 0.6715 2.6801 1.0000	</row3>
				</transform>
			</node>
			<node>
				<identifier>	HP_JGA_5	</identifier>
				<transform>
					<row0>	0.0000 0.0000 -1.0000 0.0000	</row0>
					<row1>	0.0000 1.0000 0.0000 0.0000	</row1>
					<row2>	1.0000 0.0000 0.0000 0.0000	</row2>
					<row3>	1.5013 0.6717 2.6792 1.0000	</row3>
				</transform>
			</node>
			<node>
				<identifier>	HP_JGA_6	</identifier>
				<transform>
					<row0>	0.0000 0.0000 -1.0000 0.0000	</row0>
					<row1>	0.0000 1.0000 0.0000 0.0000	</row1>
					<row2>	1.0000 0.0000 0.0000 0.0000	</row2>
					<row3>	1.5020 0.6714 2.2455 1.0000	</row3>
				</transform>
			</node>
			<node>
				<identifier>	HP_JGA_7	</identifier>
				<transform>
					<row0>	0.0000 0.0000 1.0000 0.0000	</row0>
					<row1>	0.0000 1.0000 0.0000 0.0000	</row1>
					<row2>	-1.0000 0.0000 0.0000 0.0000	</row2>
					<row3>	-1.3708 0.6715 2.2454 1.0000	</row3>
				</transform>
			</node>
			<node>
				<identifier>	HP_JGA_8	</identifier>
				<transform>
					<row0>	0.0000 0.0000 1.0000 0.0000	</row0>
					<row1>	0.0000 1.0000 0.0000 0.0000	</row1>
					<row2>	-1.0000 0.0000 0.0000 0.0000	</row2>
					<row3>	-1.3703 0.6715 1.7963 1.0000	</row3>
				</transform>
			</node>
			<node>
				<identifier>	HP_JGA_9	</identifier>
				<transform>
					<row0>	0.0000 0.0000 1.0000 0.0000	</row0>
					<row1>	0.0000 1.0000 0.0000 0.0000	</row1>
					<row2>	-1.0000 0.0000 0.0000 0.0000	</row2>
					<row3>	-1.3694 0.6715 0.7510 1.0000	</row3>
				</transform>
			</node>
			<node>
				<identifier>	HP_JGS_1	</identifier>
				<transform>
					<row0>	0.0000 0.0000 1.0000 0.0000	</row0>
					<row1>	0.0000 1.0000 0.0000 0.0000	</row1>
					<row2>	-1.0000 0.0000 0.0000 0.0000	</row2>
					<row3>	-1.0038 0.6258 6.5765 1.0000	</row3>
				</transform>
			</node>
			<node>
				<identifier>	HP_JGS_2	</identifier>
				<transform>
					<row0>	0.0000 0.0000 -1.0000 0.0000	</row0>
					<row1>	0.0000 1.0000 0.0000 0.0000	</row1>
					<row2>	1.0000 0.0000 0.0000 0.0000	</row2>
					<row3>	1.0038 0.6257 6.5765 1.0000	</row3>
				</transform>
			</node>
			<node>
				<identifier>	HP_JGS_3	</identifier>
				<transform>
					<row0>	0.0000 0.0000 1.0000 0.0000	</row0>
					<row1>	0.0000 1.0000 0.0000 0.0000	</row1>
					<row2>	-1.0000 0.0000 0.0000 0.0000	</row2>
					<row3>	-1.1129 0.6257 5.4274 1.0000	</row3>
				</transform>
			</node>
			<node>
				<identifier>	HP_JGS_4	</identifier>
				<transform>
					<row0>	0.0000 0.0000 -1.0000 0.0000	</row0>
					<row1>	0.0000 1.0000 0.0000 0.0000	</row1>
					<row2>	1.0000 0.0000 0.0000 0.0000	</row2>
					<row3>	1.1000 0.6257 5.4274 1.0000	</row3>
				</transform>
			</node>
			<node>
				<identifier>	HP_JGS_5	</identifier>
				<transform>
					<row0>	0.0000 0.0000 1.0000 0.0000	</row0>
					<row1>	0.0000 1.0000 0.0000 0.0000	</row1>
					<row2>	-1.0000 0.0000 0.0000 0.0000	</row2>
					<row3>	-1.1959 0.6257 4.2493 1.0000	</row3>
				</transform>
			</node>
			<node>
				<identifier>	HP_JGS_6	</identifier>
				<transform>
					<row0>	0.0000 0.0000 -1.0000 0.0000	</row0>
					<row1>	0.0000 1.0000 0.0000 0.0000	</row1>
					<row2>	1.0000 0.0000 0.0000 0.0000	</row2>
					<row3>	1.1959 0.6257 4.2493 1.0000	</row3>
				</transform>
			</node>
			<node>
				<identifier>	HP_JRS_1	</identifier>
				<transform>
					<row0>	1.0000 0.0000 0.0000 0.0000	</row0>
					<row1>	0.0000 1.0000 0.0000 0.0000	</row1>
					<row2>	0.0000 0.0000 1.0000 0.0000	</row2>
					<row3>	1.1828 1.7224 1.9096 1.0000	</row3>
				</transform>
			</node>
			<node>
				<identifier>	HP_JRS_2	</identifier>
				<transform>
					<row0>	-0.0024 1.0000 0.0005 0.0000	</row0>
					<row1>	0.0012 0.0005 -1.0000 0.0000	</row1>
					<row2>	-1.0000 -0.0024 -0.0012 0.0000	</row2>
					<row3>	0.9895 1.7860 1.7224 1.0000	</row3>
				</transform>
			</node>
			<node>
				<identifier>	HP_JRS_3	</identifier>
				<transform>
					<row0>	0.0021 -0.9998 -0.0180 0.0000	</row0>
					<row1>	0.1174 0.0181 -0.9929 0.0000	</row1>
					<row2>	0.9931 0.0000 0.1174 0.0000	</row2>
					<row3>	1.5082 1.7323 1.7194 1.0000	</row3>
				</transform>
			</node>
			<node>
				<identifier>	HP_JRS_4	</identifier>
				<transform>
					<row0>	-0.9897 0.0000 0.1434 0.0000	</row0>
					<row1>	0.0000 1.0000 0.0000 0.0000	</row1>
					<row2>	-0.1434 0.0000 -0.9897 0.0000	</row2>
					<row3>	1.1781 2.2224 1.6530 1.0000	</row3>
				</transform>
			</node>
			<node>
				<identifier>	HP_JRS_5	</identifier>
				<transform>
					<row0>	1.0000 0.0000 0.0000 0.0000	</row0>
					<row1>	0.0000 1.0000 0.0000 0.0000	</row1>
					<row2>	0.0000 0.0000 1.0000 0.0000	</row2>
					<row3>	1.1785 2.4931 1.5022 1.0000	</row3>
				</transform>
			</node>
			<node>
				<identifier>	HP_JRS_6	</identifier>
				<transform>
					<row0>	1.0000 0.0000 0.0000 0.0000	</row0>
					<row1>	0.0000 1.0000 0.0000 0.0000	</row1>
					<row2>	0.0000 0.0000 1.0000 0.0000	</row2>
					<row3>	1.3976 2.0831 1.1675 1.0000	</row3>
				</transform>
			</node>
			<node>
				<identifier>	HP_JRS_7	</identifier>
				<transform>
					<row0>	1.0000 0.0000 0.0000 0.0000	</row0>
					<row1>	0.0000 1.0000 0.0000 0.0000	</row1>
					<row2>	0.0000 0.0000 1.0000 0.0000	</row2>
					<row3>	1.7992 2.0831 1.1675 1.0000	</row3>
				</transform>
			</node>
			<node>
				<identifier>	HP_JRS_8	</identifier>
				<transform>
					<row0>	-1.0000 0.0000 0.0000 0.0000	</row0>
					<row1>	0.0000 1.0000 0.0000 0.0000	</row1>
					<row2>	0.0000 0.0000 -1.0000 0.0000	</row2>
					<row3>	1.1756 1.2031 -0.1081 1.0000	</row3>
				</transform>
			</node>
			<node>
				<identifier>	HP_flag_1	</identifier>
				<transform>
					<row0>	0.9995 -0.0326 0.0055 0.0000	</row0>
					<row1>	0.0326 0.9994 -0.0095 0.0000	</row1>
					<row2>	-0.0052 0.0097 0.9999 0.0000	</row2>
					<row3>	1.4770 2.4805 1.3590 1.0000	</row3>
				</transform>
			</node>
			<node>
				<identifier>	HP_flag_2	</identifier>
				<transform>
					<row0>	0.9760 0.2161 0.0276 0.0000	</row0>
					<row1>	-0.2178 0.9651 0.1454 0.0000	</row1>
					<row2>	0.0047 -0.1479 0.9890 0.0000	</row2>
					<row3>	0.8845 2.4731 1.3570 1.0000	</row3>
				</transform>
			</node>
			<node>
				<identifier>	HP_flag_3	</identifier>
				<transform>
					<row0>	0.9915 0.1300 -0.0063 0.0000	</row0>
					<row1>	-0.1274 0.9794 0.1567 0.0000	</row1>
					<row2>	0.0266 -0.1546 0.9876 0.0000	</row2>
					<row3>	1.3141 2.4794 1.4735 1.0000	</row3>
				</transform>
			</node>
			<node>
				<identifier>	HP_flag_4	</identifier>
				<transform>
					<row0>	0.9999 -0.0102 -0.0090 0.0000	</row0>
					<row1>	0.0121 0.9713 0.2377 0.0000	</row1>
					<row2>	0.0063 -0.2378 0.9713 0.0000	</row2>
					<row3>	1.0448 2.4767 1.4742 1.0000	</row3>
				</transform>
			</node>
			<node>
				<identifier>	HP_flag_courtesy	</identifier>
				<transform>
					<row0>	1.0000 0.0084 0.0000 0.0000	</row0>
					<row1>	-0.0084 1.0000 -0.0008 0.0000	</row1>
					<row2>	0.0000 0.0008 1.0000 0.0000	</row2>
					<row3>	1.3322 0.8522 5.9910 1.0000	</row3>
				</transform>
			</node>
			<node>
				<identifier>	HP_flag_house	</identifier>
				<transform>
					<row0>	1.0000 -0.0084 0.0000 0.0000	</row0>
					<row1>	0.0084 1.0000 -0.0008 0.0000	</row1>
					<row2>	0.0000 0.0008 1.0000 0.0000	</row2>
					<row3>	-1.3322 0.8522 5.9910 1.0000	</row3>
				</transform>
			</node>
			<node>
				<identifier>	HP_flag_nation	</identifier>
				<transform>
					<row0>	0.9768 0.2109 0.0379 0.0000	</row0>
					<row1>	-0.2140 0.9685 0.1271 0.0000	</row1>
					<row2>	-0.0099 -0.1323 0.9912 0.0000	</row2>
					<row3>	1.1790 2.6458 1.4763 1.0000	</row3>
				</transform>
			</node>
			<node>
				<identifier>	HP_flag_rank	</identifier>
				<transform>
					<row0>	0.9768 0.2109 0.0379 0.0000	</row0>
					<row1>	-0.2140 0.9685 0.1271 0.0000	</row1>
					<row2>	-0.0099 -0.1323 0.9912 0.0000	</row2>
					<row3>	1.2260 2.4329 1.4483 1.0000	</row3>
				</transform>
			</node>
			<node>
				<identifier>	MP_CM008_Life_Buoy_1	</identifier>
				<transform>
					<row0>	-0.0335 -0.0022 -0.9994 0.0000	</row0>
					<row1>	0.0011 1.0000 -0.0022 0.0000	</row1>
					<row2>	0.9994 -0.0011 -0.0335 0.0000	</row2>
					<row3>	-1.0585 0.5902 2.1262 1.0000	</row3>
				</transform>
			</node>
			<node>
				<identifier>	MP_CM008_Life_Buoy_1_INDEX_1	</identifier>
				<transform>
					<row0>	-0.6951 -0.0009 -0.7189 0.0000	</row0>
					<row1>	0.0011 1.0000 -0.0022 0.0000	</row1>
					<row2>	0.7189 -0.0023 -0.6951 0.0000	</row2>
					<row3>	-1.1802 0.7389 1.6166 1.0000	</row3>
				</transform>
			</node>
			<node>
				<identifier>	MP_CM008_Life_Buoy_1_INDEX_2	</identifier>
				<transform>
					<row0>	-0.0047 -0.0021 -1.0000 0.0000	</row0>
					<row1>	0.0014 1.0000 -0.0021 0.0000	</row1>
					<row2>	1.0000 -0.0014 -0.0047 0.0000	</row2>
					<row3>	-1.1162 0.5885 -0.4811 1.0000	</row3>
				</transform>
			</node>
			<node>
				<identifier>	MP_CM010_Fire_Hose_Reel	</identifier>
				<transform>
					<row0>	-0.9961 0.0000 -0.0878 0.0000	</row0>
					<row1>	0.0000 1.0000 0.0000 0.0000	</row1>
					<row2>	0.0878 0.0000 -0.9961 0.0000	</row2>
					<row3>	1.0397 0.8471 4.6447 1.0000	</row3>
				</transform>
			</node>
			<node>
				<identifier>	MP_CM010_Fire_Hose_Reel_INDEX_1	</identifier>
				<transform>
					<row0>	0.9980 0.0000 -0.0627 0.0000	</row0>
					<row1>	0.0000 1.0000 0.0000 0.0000	</row1>
					<row2>	0.0627 0.0000 0.9980 0.0000	</row2>
					<row3>	-1.0386 0.8479 4.6476 1.0000	</row3>
				</transform>
			</node>
			<node>
				<identifier>	MP_CM010_Fire_Hose_Reel_INDEX_2	</identifier>
				<transform>
					<row0>	-0.9969 0.0000 -0.0791 0.0000	</row0>
					<row1>	0.0000 1.0000 0.0000 0.0000	</row1>
					<row2>	0.0791 0.0000 -0.9969 0.0000	</row2>
					<row3>	1.0237 0.8476 4.8301 1.0000	</row3>
				</transform>
			</node>
			<node>
				<identifier>	MP_CM010_Fire_Hose_Reel_INDEX_3	</identifier>
				<transform>
					<row0>	0.9925 -0.0031 -0.1223 0.0000	</row0>
					<row1>	0.0036 1.0000 0.0031 0.0000	</row1>
					<row2>	0.1223 -0.0035 0.9925 0.0000	</row2>
					<row3>	-1.0237 0.8471 4.8319 1.0000	</row3>
				</transform>
			</node>
			<node>
				<identifier>	MP_CM011_Fire_Fighting_Gear	</identifier>
				<transform>
					<row0>	0.0000 0.0000 -1.0000 0.0000	</row0>
					<row1>	0.0000 1.0000 0.0000 0.0000	</row1>
					<row2>	1.0000 0.0000 0.0000 0.0000	</row2>
					<row3>	0.9905 0.8671 -0.6950 1.0000	</row3>
				</transform>
			</node>
			<node>
				<identifier>	MP_CM011_Fire_Fighting_Gear_INDEX_1	</identifier>
				<transform>
					<row0>	0.0000 0.0000 -1.0000 0.0000	</row0>
					<row1>	0.0000 1.0000 0.0000 0.0000	</row1>
					<row2>	1.0000 0.0000 0.0000 0.0000	</row2>
					<row3>	-0.9483 0.6410 4.5181 1.0000	</row3>
				</transform>
			</node>
			<node>
				<identifier>	MP_CM011_Fire_Fighting_Gear_INDEX_2	</identifier>
				<transform>
					<row0>	0.0000 0.0000 -1.0000 0.0000	</row0>
					<row1>	0.0000 1.0000 0.0000 0.0000	</row1>
					<row2>	1.0000 0.0000 0.0000 0.0000	</row2>
					<row3>	-0.7992 0.6410 6.3440 1.0000	</row3>
				</transform>
			</node>
			<node>
				<identifier>	MP_CM011_Fire_Fighting_Gear_INDEX_3	</identifier>
				<transform>
					<row0>	0.0000 0.0000 -1.0000 0.0000	</row0>
					<row1>	0.0000 1.0000 0.0000 0.0000	</row1>
					<row2>	1.0000 0.0000 0.0000 0.0000	</row2>
					<row3>	-0.8651 0.6413 5.6891 1.0000	</row3>
				</transform>
			</node>
			<node>
				<identifier>	MP_CM011_Fire_Fighting_Gear_INDEX_4	</identifier>
				<transform>
					<row0>	0.0000 0.0000 -1.0000 0.0000	</row0>
					<row1>	0.0000 1.0000 0.0000 0.0000	</row1>
					<row2>	1.0000 0.0000 0.0000 0.0000	</row2>
					<row3>	0.9905 0.8671 -0.0186 1.0000	</row3>
				</transform>
			</node>
			<node>
				<identifier>	MP_CM011_Fire_Fighting_Gear_INDEX_5	</identifier>
				<transform>
					<row0>	0.0000 0.0000 -1.0000 0.0000	</row0>
					<row1>	0.0000 1.0000 0.0000 0.0000	</row1>
					<row2>	1.0000 0.0000 0.0000 0.0000	</row2>
					<row3>	0.9905 0.8671 3.2195 1.0000	</row3>
				</transform>
			</node>
			<node>
				<identifier>	MP_CM011_Fire_Fighting_Gear_INDEX_6	</identifier>
				<transform>
					<row0>	0.0000 0.0000 -1.0000 0.0000	</row0>
					<row1>	0.0000 1.0000 0.0000 0.0000	</row1>
					<row2>	1.0000 0.0000 0.0000 0.0000	</row2>
					<row3>	0.9905 0.8671 2.1035 1.0000	</row3>
				</transform>
			</node>
			<node>
				<identifier>	MP_CM012_Fire_Hose_Rack_1	</identifier>
				<transform>
					<row0>	1.0000 0.0000 0.0000 0.0000	</row0>
					<row1>	0.0000 1.0000 0.0000 0.0000	</row1>
					<row2>	0.0000 0.0000 1.0000 0.0000	</row2>
					<row3>	0.9994 0.9158 2.0753 1.0000	</row3>
				</transform>
			</node>
			<node>
				<identifier>	MP_CM012_Fire_Hose_Rack_1_INDEX_1	</identifier>
				<transform>
					<row0>	1.0000 0.0000 0.0000 0.0000	</row0>
					<row1>	0.0000 1.0000 0.0000 0.0000	</row1>
					<row2>	0.0000 0.0000 1.0000 0.0000	</row2>
					<row3>	0.9994 0.9158 -0.0501 1.0000	</row3>
				</transform>
			</node>
			<node>
				<identifier>	MP_CM012_Fire_Hose_Rack_1_INDEX_2	</identifier>
				<transform>
					<row0>	0.9878 0.0000 0.1558 0.0000	</row0>
					<row1>	0.0000 1.0000 0.0000 0.0000	</row1>
					<row2>	-0.1558 0.0000 0.9878 0.0000	</row2>
					<row3>	-0.9327 0.7039 4.4933 1.0000	</row3>
				</transform>
			</node>
			<node>
				<identifier>	MP_CM012_Fire_Hose_Rack_1_INDEX_3	</identifier>
				<transform>
					<row0>	0.9349 0.0000 -0.3549 0.0000	</row0>
					<row1>	0.0000 1.0000 0.0000 0.0000	</row1>
					<row2>	0.3549 0.0000 0.9349 0.0000	</row2>
					<row3>	-0.7797 0.6879 6.3708 1.0000	</row3>
				</transform>
			</node>
			<node>
				<identifier>	MP_CM012_Fire_Hose_Rack_1_INDEX_4	</identifier>
				<transform>
					<row0>	1.0000 0.0000 0.0000 0.0000	</row0>
					<row1>	0.0000 1.0000 0.0000 0.0000	</row1>
					<row2>	0.0000 0.0000 1.0000 0.0000	</row2>
					<row3>	0.9994 0.9158 3.2535 1.0000	</row3>
				</transform>
			</node>
			<node>
				<identifier>	MP_CM012_Fire_Hose_Rack_1_INDEX_5	</identifier>
				<transform>
					<row0>	0.9748 0.0000 0.2229 0.0000	</row0>
					<row1>	0.0000 1.0000 0.0000 0.0000	</row1>
					<row2>	-0.2229 0.0000 0.9748 0.0000	</row2>
					<row3>	-0.8561 0.7035 5.7140 1.0000	</row3>
				</transform>
			</node>
			<node>
				<identifier>	MP_CM012_Fire_Hose_Rack_1_INDEX_6	</identifier>
				<transform>
					<row0>	1.0000 0.0000 0.0000 0.0000	</row0>
					<row1>	0.0000 1.0000 0.0000 0.0000	</row1>
					<row2>	0.0000 0.0000 1.0000 0.0000	</row2>
					<row3>	0.9994 0.9158 -0.7192 1.0000	</row3>
				</transform>
			</node>
			<node>
				<identifier>	MP_CM014_Fuel_Oil_Hose	</identifier>
				<transform>
					<row0>	-0.8690 -0.1934 -0.4556 0.0000	</row0>
					<row1>	-0.1746 0.9811 -0.0834 0.0000	</row1>
					<row2>	0.4631 0.0071 -0.8863 0.0000	</row2>
					<row3>	0.8565 0.5531 5.2465 1.0000	</row3>
				</transform>
			</node>
			<node>
				<identifier>	MP_CM014_Fuel_Oil_Hose_INDEX_1	</identifier>
				<transform>
					<row0>	0.9976 0.0000 -0.0698 0.0000	</row0>
					<row1>	0.0000 1.0000 0.0000 0.0000	</row1>
					<row2>	0.0698 0.0000 0.9976 0.0000	</row2>
					<row3>	-0.9103 0.5667 5.0617 1.0000	</row3>
				</transform>
			</node>
			<node>
				<identifier>	MP_CM014_Fuel_Oil_Hose_INDEX_2	</identifier>
				<transform>
					<row0>	0.9958 0.0596 -0.0697 0.0000	</row0>
					<row1>	-0.0594 0.9982 0.0042 0.0000	</row1>
					<row2>	0.0698 0.0000 0.9976 0.0000	</row2>
					<row3>	-0.9084 0.5384 5.0634 1.0000	</row3>
				</transform>
			</node>
			<node>
				<identifier>	MP_CM014_Fuel_Oil_Hose_INDEX_3	</identifier>
				<transform>
					<row0>	-0.8981 -0.1574 -0.4105 0.0000	</row0>
					<row1>	-0.1442 0.9875 -0.0631 0.0000	</row1>
					<row2>	0.4154 0.0025 -0.9097 0.0000	</row2>
					<row3>	0.8522 0.5805 5.2447 1.0000	</row3>
				</transform>
			</node>
			<node>
				<identifier>	MP_CM029_Emergency_Box	</identifier>
				<transform>
					<row0>	0.0120 0.0000 -0.9999 0.0000	</row0>
					<row1>	0.0000 1.0000 0.0000 0.0000	</row1>
					<row2>	0.9999 0.0000 0.0120 0.0000	</row2>
					<row3>	-1.1527 0.7234 2.4685 1.0000	</row3>
				</transform>
			</node>
			<node>
				<identifier>	MP_CM029_Emergency_Box_INDEX_1	</identifier>
				<transform>
					<row0>	-0.3879 0.0000 -0.9217 0.0000	</row0>
					<row1>	0.0000 1.0000 0.0000 0.0000	</row1>
					<row2>	0.9217 0.0000 -0.3879 0.0000	</row2>
					<row3>	-0.9031 0.7069 5.1234 1.0000	</row3>
				</transform>
			</node>
			<node>
				<identifier>	MP_CM029_Emergency_Box_INDEX_2	</identifier>
				<transform>
					<row0>	0.1633 0.0000 0.9866 0.0000	</row0>
					<row1>	0.0000 1.0000 0.0000 0.0000	</row1>
					<row2>	-0.9866 0.0000 0.1633 0.0000	</row2>
					<row3>	0.9457 0.7098 4.5403 1.0000	</row3>
				</transform>
			</node>
			<node>
				<identifier>	MP_CM029_Emergency_Box_INDEX_3	</identifier>
				<transform>
					<row0>	0.0135 0.0000 -0.9999 0.0000	</row0>
					<row1>	0.0000 1.0000 0.0000 0.0000	</row1>
					<row2>	0.9999 0.0000 0.0135 0.0000	</row2>
					<row3>	-1.1179 0.5698 -0.2502 1.0000	</row3>
				</transform>
			</node>
			<node>
				<identifier>	MP_CM029_Emergency_Box_INDEX_4	</identifier>
				<transform>
					<row0>	0.2414 0.0000 0.9704 0.0000	</row0>
					<row1>	0.0000 1.0000 0.0000 0.0000	</row1>
					<row2>	-0.9704 0.0000 0.2414 0.0000	</row2>
					<row3>	0.8552 0.7066 5.6801 1.0000	</row3>
				</transform>
			</node>
			<node>
				<identifier>	MP_CM029_Emergency_Box_INDEX_5	</identifier>
				<transform>
					<row0>	0.1364 0.0000 -0.9906 0.0000	</row0>
					<row1>	0.0000 1.0000 0.0000 0.0000	</row1>
					<row2>	0.9906 0.0000 0.1364 0.0000	</row2>
					<row3>	-0.7518 0.7044 6.8284 1.0000	</row3>
				</transform>
			</node>
			<node>
				<identifier>	MP_CM029_Emergency_Box_INDEX_6	</identifier>
				<transform>
					<row0>	0.0120 0.0000 -0.9999 0.0000	</row0>
					<row1>	0.0000 1.0000 0.0000 0.0000	</row1>
					<row2>	0.9999 0.0000 0.0120 0.0000	</row2>
					<row3>	-1.1505 0.7258 -0.3179 1.0000	</row3>
				</transform>
			</node>
			<node>
				<identifier>	MP_CM029_Emergency_Box_INDEX_7	</identifier>
				<transform>
					<row0>	-0.2839 0.0000 -0.9588 0.0000	</row0>
					<row1>	0.0000 1.0000 0.0000 0.0000	</row1>
					<row2>	0.9588 0.0000 -0.2839 0.0000	</row2>
					<row3>	-0.9861 0.7171 3.9810 1.0000	</row3>
				</transform>
			</node>
			<node>
				<identifier>	MP_CM029_Emergency_Box_INDEX_8	</identifier>
				<transform>
					<row0>	0.1355 0.0000 0.9908 0.0000	</row0>
					<row1>	0.0000 1.0000 0.0000 0.0000	</row1>
					<row2>	-0.9908 0.0000 0.1355 0.0000	</row2>
					<row3>	0.7483 0.7123 6.8093 1.0000	</row3>
				</transform>
			</node>
			<node>
				<identifier>	MP_CM054_Stairway_Big_L	</identifier>
				<transform>
					<row0>	0.9968 0.0000 -0.0802 0.0000	</row0>
					<row1>	0.0000 1.0000 0.0000 0.0000	</row1>
					<row2>	0.0802 0.0000 0.9968 0.0000	</row2>
					<row3>	-1.0564 0.5201 5.0430 1.0000	</row3>
				</transform>
			</node>
			<node>
				<identifier>	MP_CM055_Stairway_Big_R	</identifier>
				<transform>
					<row0>	0.9967 0.0000 0.0814 0.0000	</row0>
					<row1>	0.0000 1.0000 0.0000 0.0000	</row1>
					<row2>	-0.0814 0.0000 0.9967 0.0000	</row2>
					<row3>	1.0558 0.5199 5.0432 1.0000	</row3>
				</transform>
			</node>
			<node>
				<identifier>	MP_JM002_Paravane	</identifier>
				<transform>
					<row0>	0.1294 0.0000 0.9916 0.0000	</row0>
					<row1>	0.0000 1.0000 0.0000 0.0000	</row1>
					<row2>	-0.9916 0.0000 0.1294 0.0000	</row2>
					<row3>	-0.9304 0.5126 6.3458 1.0000	</row3>
				</transform>
			</node>
			<node>
				<identifier>	MP_JM002_Paravane_INDEX_1	</identifier>
				<transform>
					<row0>	-0.1294 0.0000 0.9916 0.0000	</row0>
					<row1>	0.0000 1.0000 0.0000 0.0000	</row1>
					<row2>	-0.9916 0.0000 -0.1294 0.0000	</row2>
					<row3>	0.9837 0.5126 6.0214 1.0000	</row3>
				</transform>
			</node>
			<node>
				<identifier>	MP_JM002_Paravane_INDEX_2	</identifier>
				<transform>
					<row0>	0.1294 0.0000 0.9916 0.0000	</row0>
					<row1>	0.0000 1.0000 0.0000 0.0000	</row1>
					<row2>	-0.9916 0.0000 0.1294 0.0000	</row2>
					<row3>	-1.0105 0.5126 5.7488 1.0000	</row3>
				</transform>
			</node>
			<node>
				<identifier>	MP_JM002_Paravane_INDEX_3	</identifier>
				<transform>
					<row0>	0.1294 0.0000 0.9916 0.0000	</row0>
					<row1>	0.0000 1.0000 0.0000 0.0000	</row1>
					<row2>	-0.9916 0.0000 0.1294 0.0000	</row2>
					<row3>	-0.9698 0.5126 6.0186 1.0000	</row3>
				</transform>
			</node>
			<node>
				<identifier>	MP_JM002_Paravane_INDEX_4	</identifier>
				<transform>
					<row0>	-0.1294 0.0000 0.9916 0.0000	</row0>
					<row1>	0.0000 1.0000 0.0000 0.0000	</row1>
					<row2>	-0.9916 0.0000 -0.1294 0.0000	</row2>
					<row3>	0.9998 0.5126 5.7490 1.0000	</row3>
				</transform>
			</node>
			<node>
				<identifier>	MP_JM002_Paravane_INDEX_5	</identifier>
				<transform>
					<row0>	-0.1294 0.0000 0.9916 0.0000	</row0>
					<row1>	0.0000 1.0000 0.0000 0.0000	</row1>
					<row2>	-0.9916 0.0000 -0.1294 0.0000	</row2>
					<row3>	0.9642 0.5126 6.3217 1.0000	</row3>
				</transform>
			</node>
			<node>
				<identifier>	MP_JM008_Searchlight	</identifier>
				<transform>
					<row0>	0.0000 0.0000 1.0000 0.0000	</row0>
					<row1>	0.0000 1.0000 0.0000 0.0000	</row1>
					<row2>	-1.0000 0.0000 0.0000 0.0000	</row2>
					<row3>	1.4726 0.9021 1.1254 1.0000	</row3>
				</transform>
			</node>
			<node>
				<identifier>	MP_JM009_Signal_Lamp	</identifier>
				<transform>
					<row0>	0.2588 0.0000 -0.9659 0.0000	</row0>
					<row1>	0.0000 1.0000 0.0000 0.0000	</row1>
					<row2>	0.9659 0.0000 0.2588 0.0000	</row2>
					<row3>	1.3753 1.2460 2.5611 1.0000	</row3>
				</transform>
			</node>
			<node>
				<identifier>	MP_JM010_Deck_Lamp	</identifier>
				<transform>
					<row0>	0.1181 0.0000 -0.9930 0.0000	</row0>
					<row1>	0.0000 1.0000 0.0000 0.0000	</row1>
					<row2>	0.9930 0.0000 0.1181 0.0000	</row2>
					<row3>	1.5156 1.7982 1.5726 1.0000	</row3>
				</transform>
			</node>
			<node>
				<identifier>	MP_JM010_Deck_Lamp_INDEX_1	</identifier>
				<transform>
					<row0>	0.0000 0.0000 1.0000 0.0000	</row0>
					<row1>	0.0000 1.0000 0.0000 0.0000	</row1>
					<row2>	-1.0000 0.0000 0.0000 0.0000	</row2>
					<row3>	0.9989 1.5906 1.6481 1.0000	</row3>
				</transform>
			</node>
			<node>
				<identifier>	MP_JM010_Deck_Lamp_INDEX_2	</identifier>
				<transform>
					<row0>	0.2605 0.0000 -0.9655 0.0000	</row0>
					<row1>	0.0000 1.0000 0.0000 0.0000	</row1>
					<row2>	0.9655 0.0000 0.2605 0.0000	</row2>
					<row3>	1.5035 1.5904 1.7961 1.0000	</row3>
				</transform>
			</node>
			<node>
				<identifier>	MP_JM010_Deck_Lamp_INDEX_3	</identifier>
				<transform>
					<row0>	0.0000 0.0000 1.0000 0.0000	</row0>
					<row1>	0.0000 1.0000 0.0000 0.0000	</row1>
					<row2>	-1.0000 0.0000 0.0000 0.0000	</row2>
					<row3>	0.9986 1.7968 1.5726 1.0000	</row3>
				</transform>
			</node>
			<node>
				<identifier>	MP_JM010_Deck_Lamp_INDEX_4	</identifier>
				<transform>
					<row0>	0.0000 0.0000 1.0000 0.0000	</row0>
					<row1>	0.0000 1.0000 0.0000 0.0000	</row1>
					<row2>	-1.0000 0.0000 0.0000 0.0000	</row2>
					<row3>	0.9990 1.5903 0.4534 1.0000	</row3>
				</transform>
			</node>
			<node>
				<identifier>	MP_JM011_Day_Light	</identifier>
				<transform>
					<row0>	1.0000 0.0000 0.0000 0.0000	</row0>
					<row1>	0.0000 1.0000 0.0000 0.0000	</row1>
					<row2>	0.0000 0.0000 1.0000 0.0000	</row2>
					<row3>	1.1783 2.7230 1.5951 1.0000	</row3>
				</transform>
			</node>
			<node>
				<identifier>	MP_JM030_Wind_Direction	</identifier>
				<transform>
					<row0>	1.0000 0.0000 0.0000 0.0000	</row0>
					<row1>	0.0000 1.0000 0.0000 0.0000	</row1>
					<row2>	0.0000 0.0000 1.0000 0.0000	</row2>
					<row3>	0.8658 2.4957 1.3520 1.0000	</row3>
				</transform>
			</node>
			<node>
				<identifier>	MP_JM031_Wind_Intensity	</identifier>
				<transform>
					<row0>	1.0000 0.0000 0.0000 0.0000	</row0>
					<row1>	0.0000 1.0000 0.0000 0.0000	</row1>
					<row2>	0.0000 0.0000 1.0000 0.0000	</row2>
					<row3>	1.4872 2.4957 1.3503 1.0000	</row3>
				</transform>
			</node>
			<node>
				<identifier>	MP_JM032_Electric_Deck_Winch	</identifier>
				<transform>
					<row0>	0.0000 0.0000 1.0000 0.0000	</row0>
					<row1>	0.0000 1.0000 0.0000 0.0000	</row1>
					<row2>	-1.0000 0.0000 0.0000 0.0000	</row2>
					<row3>	1.2285 0.5131 1.2862 1.0000	</row3>
				</transform>
			</node>
			<node>
				<identifier>	MP_JM032_Electric_Deck_Winch_INDEX_1	</identifier>
				<transform>
					<row0>	0.0000 0.0000 -1.0000 0.0000	</row0>
					<row1>	0.0000 1.0000 0.0000 0.0000	</row1>
					<row2>	1.0000 0.0000 0.0000 0.0000	</row2>
					<row3>	-1.1283 0.5131 0.3938 1.0000	</row3>
				</transform>
			</node>
			<node>
				<identifier>	MP_JM032_Electric_Deck_Winch_INDEX_2	</identifier>
				<transform>
					<row0>	0.0000 0.0000 -1.0000 0.0000	</row0>
					<row1>	0.0000 1.0000 0.0000 0.0000	</row1>
					<row2>	1.0000 0.0000 0.0000 0.0000	</row2>
					<row3>	-1.0316 0.5131 3.4115 1.0000	</row3>
				</transform>
			</node>
			<node>
				<identifier>	MP_JM037_Cutter_9m	</identifier>
				<transform>
					<row0>	1.0000 0.0000 0.0000 0.0000	</row0>
					<row1>	0.0000 1.0000 0.0000 0.0000	</row1>
					<row2>	0.0000 0.0000 1.0000 0.0000	</row2>
					<row3>	1.4216 0.5109 1.5041 1.0000	</row3>
				</transform>
			</node>
			<node>
				<identifier>	MP_JM037_Cutter_9m_INDEX_1	</identifier>
				<transform>
					<row0>	0.9970 0.0000 -0.0769 0.0000	</row0>
					<row1>	0.0000 1.0000 0.0000 0.0000	</row1>
					<row2>	0.0769 0.0000 0.9970 0.0000	</row2>
					<row3>	-1.2370 0.5097 3.6192 1.0000	</row3>
				</transform>
			</node>
			<node>
				<identifier>	MP_JM037_Cutter_9m_INDEX_2	</identifier>
				<transform>
					<row0>	1.0000 0.0000 0.0000 0.0000	</row0>
					<row1>	0.0000 1.0000 0.0000 0.0000	</row1>
					<row2>	0.0000 0.0000 1.0000 0.0000	</row2>
					<row3>	-1.3542 0.4349 0.5415 1.0000	</row3>
				</transform>
			</node>
			<node>
				<identifier>	MP_JM058_Deck_Hatch_7	</identifier>
				<transform>
					<row0>	0.1255 0.0000 0.9921 0.0000	</row0>
					<row1>	0.0000 1.0000 0.0000 0.0000	</row1>
					<row2>	-0.9921 0.0000 0.1255 0.0000	</row2>
					<row3>	-1.3193 0.6731 2.4240 1.0000	</row3>
				</transform>
			</node>
			<node>
				<identifier>	MP_JM058_Deck_Hatch_7_INDEX_1	</identifier>
				<transform>
					<row0>	0.0000 0.0000 -1.0000 0.0000	</row0>
					<row1>	0.0000 1.0000 0.0000 0.0000	</row1>
					<row2>	1.0000 0.0000 0.0000 0.0000	</row2>
					<row3>	1.4510 0.6731 2.9284 1.0000	</row3>
				</transform>
			</node>
			<node>
				<identifier>	MP_JM058_Deck_Hatch_7_INDEX_10	</identifier>
				<transform>
					<row0>	0.0000 0.0000 1.0000 0.0000	</row0>
					<row1>	0.0000 1.0000 0.0000 0.0000	</row1>
					<row2>	-1.0000 0.0000 0.0000 0.0000	</row2>
					<row3>	-1.3230 0.6731 0.5715 1.0000	</row3>
				</transform>
			</node>
			<node>
				<identifier>	MP_JM058_Deck_Hatch_7_INDEX_11	</identifier>
				<transform>
					<row0>	0.0000 0.0000 -1.0000 0.0000	</row0>
					<row1>	0.0000 1.0000 0.0000 0.0000	</row1>
