<JSC034_Zao_1944_Bow_ports.visual>
	<node>
		<identifier>	Scene Root	</identifier>
		<transform>
			<row0>	1.0000 0.0000 0.0000 0.0000	</row0>
			<row1>	0.0000 1.0000 0.0000 0.0000	</row1>
			<row2>	0.0000 0.0000 1.0000 0.0000	</row2>
			<row3>	0.0000 0.0000 0.0000 1.0000	</row3>
		</transform>
		<node>
			<identifier>	Bow_ports	</identifier>
			<transform>
				<row0>	1.0000 0.0000 0.0000 0.0000	</row0>
				<row1>	0.0000 1.0000 0.0000 0.0000	</row1>
				<row2>	0.0000 0.0000 1.0000 0.0000	</row2>
				<row3>	0.0000 0.0000 0.0000 1.0000	</row3>
			</transform>
			<node>
				<identifier>	HP_FX_Death_1	</identifier>
				<transform>
					<row0>	1.0000 0.0000 0.0000 0.0000	</row0>
					<row1>	0.0000 1.0000 0.0000 0.0000	</row1>
					<row2>	0.0000 0.0000 1.0000 0.0000	</row2>
					<row3>	0.0000 0.0000 4.7540 1.0000	</row3>
				</transform>
			</node>
			<node>
				<identifier>	HP_FX_Fire_1	</identifier>
				<transform>
					<row0>	1.0000 0.0000 0.0000 0.0000	</row0>
					<row1>	0.0000 1.0000 0.0000 0.0000	</row1>
					<row2>	0.0000 0.0000 1.0000 0.0000	</row2>
					<row3>	0.0141 0.4220 5.5880 1.0000	</row3>
				</transform>
			</node>
			<node>
				<identifier>	HP_FX_WakeTrace	</identifier>
				<transform>
					<row0>	1.0000 0.0000 0.0000 0.0000	</row0>
					<row1>	0.0000 1.0000 0.0000 0.0000	</row1>
					<row2>	0.0000 0.0000 1.0000 0.0000	</row2>
					<row3>	0.0000 0.0000 7.2299 1.0000	</row3>
				</transform>
			</node>
			<node>
				<identifier>	HP_JGA_1	</identifier>
				<transform>
					<row0>	1.0000 0.0000 0.0000 0.0000	</row0>
					<row1>	0.0000 1.0000 0.0000 0.0000	</row1>
					<row2>	0.0000 0.0000 1.0000 0.0000	</row2>
					<row3>	0.0001 0.3921 5.7005 1.0000	</row3>
				</transform>
			</node>
			<node>
				<identifier>	HP_JGA_2	</identifier>
				<transform>
					<row0>	0.7071 0.0000 0.7071 0.0000	</row0>
					<row1>	0.0000 1.0000 0.0000 0.0000	</row1>
					<row2>	-0.7071 0.0000 0.7071 0.0000	</row2>
					<row3>	-0.2401 0.3901 5.3028 1.0000	</row3>
				</transform>
			</node>
			<node>
				<identifier>	HP_JGA_3	</identifier>
				<transform>
					<row0>	0.7071 0.0000 -0.7071 0.0000	</row0>
					<row1>	0.0000 1.0000 0.0000 0.0000	</row1>
					<row2>	0.7071 0.0000 0.7071 0.0000	</row2>
					<row3>	0.2401 0.3901 5.3028 1.0000	</row3>
				</transform>
			</node>
			<node>
				<identifier>	HP_JGA_4	</identifier>
				<transform>
					<row0>	0.7071 0.0000 0.7071 0.0000	</row0>
					<row1>	0.0000 1.0000 0.0000 0.0000	</row1>
					<row2>	-0.7071 0.0000 0.7071 0.0000	</row2>
					<row3>	-0.3951 0.3890 4.8701 1.0000	</row3>
				</transform>
			</node>
			<node>
				<identifier>	HP_JGA_5	</identifier>
				<transform>
					<row0>	0.7071 0.0000 -0.7071 0.0000	</row0>
					<row1>	0.0000 1.0000 0.0000 0.0000	</row1>
					<row2>	0.7071 0.0000 0.7071 0.0000	</row2>
					<row3>	0.3951 0.3890 4.8701 1.0000	</row3>
				</transform>
			</node>
			<node>
				<identifier>	HP_Ship_death_1	</identifier>
				<transform>
					<row0>	1.0000 0.0000 0.0000 0.0000	</row0>
					<row1>	0.0000 1.0000 0.0000 0.0000	</row1>
					<row2>	0.0000 0.0000 1.0000 0.0000	</row2>
					<row3>	0.0000 0.0000 4.7540 1.0000	</row3>
				</transform>
			</node>
			<node>
				<identifier>	MP_CM008_Life_Buoy_1	</identifier>
				<transform>
					<row0>	0.0775 0.0000 -0.9970 0.0000	</row0>
					<row1>	0.0000 1.0000 0.0000 0.0000	</row1>
					<row2>	0.9970 0.0000 0.0775 0.0000	</row2>
					<row3>	0.5753 0.4320 4.6988 1.0000	</row3>
				</transform>
			</node>
			<node>
				<identifier>	MP_CM008_Life_Buoy_1_INDEX_1	</identifier>
				<transform>
					<row0>	0.0835 0.0000 0.9965 0.0000	</row0>
					<row1>	0.0000 1.0000 0.0000 0.0000	</row1>
					<row2>	-0.9965 0.0000 0.0835 0.0000	</row2>
					<row3>	-0.5754 0.4320 4.6988 1.0000	</row3>
				</transform>
			</node>
			<node>
				<identifier>	MP_CM019_Wood_Box_2	</identifier>
				<transform>
					<row0>	0.0000 0.0000 1.0000 0.0000	</row0>
					<row1>	0.0000 1.0000 0.0000 0.0000	</row1>
					<row2>	-1.0000 0.0000 0.0000 0.0000	</row2>
					<row3>	0.0000 0.3887 4.9349 1.0000	</row3>
				</transform>
			</node>
			<node>
				<identifier>	MP_CM086_Anchor_top	</identifier>
				<transform>
					<row0>	-0.5844 -1.2340 -1.0128 0.0000	</row0>
					<row1>	0.0107 1.2024 -1.4711 0.0000	</row1>
					<row2>	1.5964 -0.4582 -0.3629 0.0000	</row2>
					<row3>	0.1234 0.3362 6.9715 1.0000	</row3>
				</transform>
			</node>
			<node>
				<identifier>	MP_CM086_Anchor_top_INDEX_1	</identifier>
				<transform>
					<row0>	-0.5844 1.2340 1.0128 0.0000	</row0>
					<row1>	-0.0107 1.2024 -1.4711 0.0000	</row1>
					<row2>	-1.5964 -0.4582 -0.3629 0.0000	</row2>
					<row3>	-0.1234 0.3362 6.9715 1.0000	</row3>
				</transform>
			</node>
			<node>
				<identifier>	MP_CM087_Anchor_down	</identifier>
				<transform>
					<row0>	-0.5441 -1.2549 -1.0096 0.0000	</row0>
					<row1>	0.7831 0.7250 -1.3233 0.0000	</row1>
					<row2>	1.4074 -0.8886 0.3460 0.0000	</row2>
					<row3>	0.1234 0.3362 6.9715 1.0000	</row3>
				</transform>
			</node>
			<node>
				<identifier>	MP_CM087_Anchor_down_INDEX_1	</identifier>
				<transform>
					<row0>	-0.5441 1.2549 1.0096 0.0000	</row0>
					<row1>	-0.7831 0.7250 -1.3233 0.0000	</row1>
					<row2>	-1.4074 -0.8886 0.3460 0.0000	</row2>
					<row3>	-0.1234 0.3362 6.9715 1.0000	</row3>
				</transform>
			</node>
			<node>
				<identifier>	MP_JM018_Ventilators_2	</identifier>
				<transform>
					<row0>	1.0000 0.0000 0.0000 0.0000	</row0>
					<row1>	0.0000 1.0000 0.0000 0.0000	</row1>
					<row2>	0.0000 0.0000 1.0000 0.0000	</row2>
					<row3>	-0.2261 0.3877 5.1527 1.0000	</row3>
				</transform>
			</node>
			<node>
				<identifier>	MP_JM020_Ventilators_4	</identifier>
				<transform>
					<row0>	-0.5763 0.0000 0.0000 0.0000	</row0>
					<row1>	0.0000 0.5763 0.0000 0.0000	</row1>
					<row2>	0.0000 0.0000 -0.5763 0.0000	</row2>
					<row3>	-0.2165 0.4918 6.9616 1.0000	</row3>
				</transform>
			</node>
			<node>
				<identifier>	MP_JM020_Ventilators_4_INDEX_1	</identifier>
				<transform>
					<row0>	-0.5760 0.0000 0.0000 0.0000	</row0>
					<row1>	0.0000 0.5760 0.0000 0.0000	</row1>
					<row2>	0.0000 0.0000 -0.5760 0.0000	</row2>
					<row3>	-0.2748 0.4581 6.6815 1.0000	</row3>
				</transform>
			</node>
			<node>
				<identifier>	MP_JM029_Leadsman_Platform	</identifier>
				<transform>
					<row0>	0.9706 0.0000 0.2407 0.0000	</row0>
					<row1>	0.0000 1.0000 0.0000 0.0000	</row1>
					<row2>	-0.2407 0.0000 0.9706 0.0000	</row2>
					<row3>	0.2358 0.5141 7.0580 1.0000	</row3>
				</transform>
			</node>
			<node>
				<identifier>	MP_JM029_Leadsman_Platform_INDEX_1	</identifier>
				<transform>
					<row0>	-0.9703 0.0000 0.2419 0.0000	</row0>
					<row1>	0.0000 1.0000 0.0000 0.0000	</row1>
					<row2>	-0.2419 0.0000 -0.9703 0.0000	</row2>
					<row3>	-0.2358 0.5141 7.0580 1.0000	</row3>
				</transform>
			</node>
			<node>
				<identifier>	MP_JM033_Roller_Fairled	</identifier>
				<transform>
					<row0>	0.1657 -0.1051 -0.9806 0.0000	</row0>
					<row1>	-0.0108 0.9940 -0.1084 0.0000	</row1>
					<row2>	0.9861 0.0286 0.1636 0.0000	</row2>
					<row3>	0.3293 0.4547 6.6132 1.0000	</row3>
				</transform>
			</node>
			<node>
				<identifier>	MP_JM033_Roller_Fairled_INDEX_1	</identifier>
				<transform>
					<row0>	0.1657 0.1051 0.9806 0.0000	</row0>
					<row1>	0.0108 0.9940 -0.1084 0.0000	</row1>
					<row2>	-0.9861 0.0286 0.1636 0.0000	</row2>
					<row3>	-0.3293 0.4547 6.6132 1.0000	</row3>
				</transform>
			</node>
			<node>
				<identifier>	MP_JM052_Deck_Hatch_1	</identifier>
				<transform>
					<row0>	1.2643 0.0000 0.0000 0.0000	</row0>
					<row1>	0.0000 1.2643 0.0000 0.0000	</row1>
					<row2>	0.0000 0.0000 1.2643 0.0000	</row2>
					<row3>	0.0006 0.3866 5.4713 1.0000	</row3>
				</transform>
			</node>
			<node>
				<identifier>	MP_JM058_Deck_Hatch_7	</identifier>
				<transform>
					<row0>	0.7078 0.0000 -0.7064 0.0000	</row0>
					<row1>	0.0000 1.0000 0.0000 0.0000	</row1>
					<row2>	0.7064 0.0000 0.7078 0.0000	</row2>
					<row3>	-0.4896 0.3893 4.7420 1.0000	</row3>
				</transform>
			</node>
			<node>
				<identifier>	MP_JM058_Deck_Hatch_7_INDEX_1	</identifier>
				<transform>
					<row0>	0.7081 0.0000 -0.7061 0.0000	</row0>
					<row1>	0.0000 1.0000 0.0000 0.0000	</row1>
					<row2>	0.7061 0.0000 0.7081 0.0000	</row2>
					<row3>	-0.1091 0.3893 5.5877 1.0000	</row3>
				</transform>
			</node>
			<node>
				<identifier>	MP_JM058_Deck_Hatch_7_INDEX_2	</identifier>
				<transform>
					<row0>	0.7273 0.0000 0.6864 0.0000	</row0>
					<row1>	0.0000 1.0000 0.0000 0.0000	</row1>
					<row2>	-0.6864 0.0000 0.7273 0.0000	</row2>
					<row3>	-0.3037 0.3893 4.7399 1.0000	</row3>
				</transform>
			</node>
			<node>
				<identifier>	MP_JM058_Deck_Hatch_7_INDEX_3	</identifier>
				<transform>
					<row0>	0.7081 0.0000 0.7061 0.0000	</row0>
					<row1>	0.0000 1.0000 0.0000 0.0000	</row1>
					<row2>	-0.7061 0.0000 0.7081 0.0000	</row2>
					<row3>	0.1091 0.3893 5.5877 1.0000	</row3>
				</transform>
			</node>
			<node>
				<identifier>	MP_JM058_Deck_Hatch_7_INDEX_4	</identifier>
				<transform>
					<row0>	1.0000 0.0000 0.0000 0.0000	</row0>
					<row1>	0.0000 1.0000 0.0000 0.0000	</row1>
					<row2>	0.0000 0.0000 1.0000 0.0000	</row2>
					<row3>	0.0721 0.3888 5.2616 1.0000	</row3>
				</transform>
			</node>
			<node>
				<identifier>	MP_JM058_Deck_Hatch_7_INDEX_5	</identifier>
				<transform>
					<row0>	0.7273 0.0000 -0.6864 0.0000	</row0>
					<row1>	0.0000 1.0000 0.0000 0.0000	</row1>
					<row2>	0.6864 0.0000 0.7273 0.0000	</row2>
					<row3>	0.3037 0.3893 4.7399 1.0000	</row3>
				</transform>
			</node>
			<node>
				<identifier>	MP_JM058_Deck_Hatch_7_INDEX_6	</identifier>
				<transform>
					<row0>	1.0000 0.0000 0.0000 0.0000	</row0>
					<row1>	0.0000 1.0000 0.0000 0.0000	</row1>
					<row2>	0.0000 0.0000 1.0000 0.0000	</row2>
					<row3>	-0.0721 0.3888 5.2616 1.0000	</row3>
				</transform>
			</node>
			<node>
				<identifier>	MP_JM058_Deck_Hatch_7_INDEX_7	</identifier>
				<transform>
					<row0>	0.7078 0.0000 0.7064 0.0000	</row0>
					<row1>	0.0000 1.0000 0.0000 0.0000	</row1>
					<row2>	-0.7064 0.0000 0.7078 0.0000	</row2>
					<row3>	0.4896 0.3893 4.7420 1.0000	</row3>
				</transform>
			</node>
			<node>
				<identifier>	MP_JM062_Deck_Hatch_11	</identifier>
				<transform>
					<row0>	1.0000 0.0000 0.0000 0.0000	</row0>
					<row1>	0.0000 1.0000 0.0000 0.0000	</row1>
					<row2>	0.0000 0.0000 1.0000 0.0000	</row2>
					<row3>	0.0401 0.3883 5.1590 1.0000	</row3>
				</transform>
			</node>
			<node>
				<identifier>	MP_JM062_Deck_Hatch_11_INDEX_1	</identifier>
				<transform>
					<row0>	1.0000 0.0000 0.0000 0.0000	</row0>
					<row1>	0.0000 1.0000 0.0000 0.0000	</row1>
					<row2>	0.0000 0.0000 1.0000 0.0000	</row2>
					<row3>	0.2173 0.3883 5.0724 1.0000	</row3>
				</transform>
			</node>
			<node>
				<identifier>	MP_JM062_Deck_Hatch_11_INDEX_2	</identifier>
				<transform>
					<row0>	1.0000 0.0000 0.0000 0.0000	</row0>
					<row1>	0.0000 1.0000 0.0000 0.0000	</row1>
					<row2>	0.0000 0.0000 1.0000 0.0000	</row2>
					<row3>	0.1308 0.4313 6.4402 1.0000	</row3>
				</transform>
			</node>
			<node>
				<identifier>	MP_JM064_Bollards_2	</identifier>
				<transform>
					<row0>	0.1302 0.0814 0.9881 0.0000	</row0>
					<row1>	0.0000 0.9966 -0.0821 0.0000	</row1>
					<row2>	-0.9915 0.0107 0.1297 0.0000	</row2>
					<row3>	-0.3068 0.4297 6.3805 1.0000	</row3>
				</transform>
			</node>
			<node>
				<identifier>	MP_JM064_Bollards_2_INDEX_1	</identifier>
				<transform>
					<row0>	0.0000 0.1374 0.9905 0.0000	</row0>
					<row1>	0.0000 0.9905 -0.1374 0.0000	</row1>
					<row2>	-1.0000 0.0000 0.0000 0.0000	</row2>
					<row3>	0.0000 0.4986 6.9908 1.0000	</row3>
				</transform>
			</node>
			<node>
				<identifier>	MP_JM064_Bollards_2_INDEX_2	</identifier>
				<transform>
					<row0>	-0.1351 0.0795 0.9876 0.0000	</row0>
					<row1>	0.0108 0.9968 -0.0788 0.0000	</row1>
					<row2>	-0.9908 0.0000 -0.1355 0.0000	</row2>
					<row3>	0.3068 0.4297 6.3805 1.0000	</row3>
				</transform>
			</node>
			<node>
				<identifier>	MP_JM064_Bollards_2_INDEX_3	</identifier>
				<transform>
					<row0>	-0.1089 0.0000 0.9941 0.0000	</row0>
					<row1>	0.0000 1.0000 0.0000 0.0000	</row1>
					<row2>	-0.9941 0.0000 -0.1089 0.0000	</row2>
					<row3>	0.4687 0.3869 5.1455 1.0000	</row3>
				</transform>
			</node>
			<node>
				<identifier>	MP_JM064_Bollards_2_INDEX_4	</identifier>
				<transform>
					<row0>	-0.1089 0.0000 -0.9941 0.0000	</row0>
					<row1>	0.0000 1.0000 0.0000 0.0000	</row1>
					<row2>	0.9941 0.0000 -0.1089 0.0000	</row2>
					<row3>	-0.4687 0.3869 5.1455 1.0000	</row3>
				</transform>
			</node>
			<node>
				<identifier>	MP_JM109_Deck_Hatch_11	</identifier>
				<transform>
					<row0>	0.0000 0.0000 1.0000 0.0000	</row0>
					<row1>	0.0000 1.0000 0.0000 0.0000	</row1>
					<row2>	-1.0000 0.0000 0.0000 0.0000	</row2>
					<row3>	-0.2069 0.3925 5.7890 1.0000	</row3>
				</transform>
			</node>
			<node>
				<identifier>	MP_JM119_Gun_Deck_3	</identifier>
				<transform>
					<row0>	1.0000 0.0000 0.0000 0.0000	</row0>
					<row1>	0.0000 0.9998 -0.0206 0.0000	</row1>
					<row2>	0.0000 0.0206 0.9998 0.0000	</row2>
					<row3>	0.0001 0.3914 5.7003 1.0000	</row3>
				</transform>
			</node>
			<node>
				<identifier>	MP_JM119_Gun_Deck_3_INDEX_1	</identifier>
				<transform>
					<row0>	1.0000 0.0000 0.0000 0.0000	</row0>
					<row1>	0.0000 1.0000 0.0000 0.0000	</row1>
					<row2>	0.0000 0.0000 1.0000 0.0000	</row2>
					<row3>	0.3955 0.3884 4.8707 1.0000	</row3>
				</transform>
			</node>
			<node>
				<identifier>	MP_JM119_Gun_Deck_3_INDEX_2	</identifier>
				<transform>
					<row0>	1.0000 0.0000 0.0000 0.0000	</row0>
					<row1>	0.0000 1.0000 0.0000 0.0000	</row1>
					<row2>	0.0000 0.0000 1.0000 0.0000	</row2>
					<row3>	-0.3955 0.3884 4.8707 1.0000	</row3>
				</transform>
			</node>
			<node>
				<identifier>	MP_JM141_Break_Handwheel_1	</identifier>
				<transform>
					<row0>	1.0000 0.0000 0.0000 0.0000	</row0>
					<row1>	0.0000 1.0000 0.0000 0.0000	</row1>
					<row2>	0.0000 0.0000 1.0000 0.0000	</row2>
					<row3>	0.1423 0.4209 6.2648 1.0000	</row3>
				</transform>
			</node>
			<node>
				<identifier>	MP_JM141_Break_Handwheel_1_INDEX_1	</identifier>
				<transform>
					<row0>	1.0000 0.0000 0.0000 0.0000	</row0>
					<row1>	0.0000 1.0000 0.0000 0.0000	</row1>
					<row2>	0.0000 0.0000 1.0000 0.0000	</row2>
					<row3>	-0.1423 0.4209 6.2648 1.0000	</row3>
				</transform>
			</node>
			<node>
				<identifier>	MP_JM141_Break_Handwheel_1_INDEX_2	</identifier>
				<transform>
					<row0>	1.0000 0.0000 0.0000 0.0000	</row0>
					<row1>	0.0000 1.0000 0.0000 0.0000	</row1>
					<row2>	0.0000 0.0000 1.0000 0.0000	</row2>
					<row3>	0.1302 0.4300 5.9836 1.0000	</row3>
				</transform>
			</node>
			<node>
				<identifier>	MP_JM141_Break_Handwheel_1_INDEX_3	</identifier>
				<transform>
					<row0>	1.0000 0.0000 0.0000 0.0000	</row0>
					<row1>	0.0000 1.0000 0.0000 0.0000	</row1>
					<row2>	0.0000 0.0000 1.0000 0.0000	</row2>
					<row3>	-0.1316 0.4283 5.9841 1.0000	</row3>
				</transform>
			</node>
			<node>
				<identifier>	MP_JM168_Ventilation	</identifier>
				<transform>
					<row0>	-0.7562 0.0000 0.0000 0.0000	</row0>
					<row1>	0.0000 0.7562 0.0000 0.0000	</row1>
					<row2>	0.0000 0.0000 -0.7562 0.0000	</row2>
					<row3>	0.2066 0.3931 5.8250 1.0000	</row3>
				</transform>
			</node>
			<node>
				<identifier>	MP_JM168_Ventilation_INDEX_1	</identifier>
				<transform>
					<row0>	-0.6035 0.0000 0.0000 0.0000	</row0>
					<row1>	0.0000 0.6035 0.0000 0.0000	</row1>
					<row2>	0.0000 0.0000 -0.6035 0.0000	</row2>
					<row3>	0.2159 0.4894 6.9541 1.0000	</row3>
				</transform>
			</node>
			<node>
				<identifier>	MP_JM306_Chrysanthemum_mid	</identifier>
				<transform>
					<row0>	0.6710 0.0000 0.0000 0.0000	</row0>
					<row1>	0.0000 0.6710 0.0000 0.0000	</row1>
					<row2>	0.0000 0.0000 0.6710 0.0000	</row2>
					<row3>	0.0000 0.5945 7.5040 1.0000	</row3>
				</transform>
			</node>
			<node>
				<identifier>	MP_JM307_Chrysanthemum_petal_1	</identifier>
				<transform>
					<row0>	-0.6911 0.0000 0.0000 0.0000	</row0>
					<row1>	0.0000 -0.6710 0.0000 0.0000	</row1>
					<row2>	0.0000 0.0000 0.6710 0.0000	</row2>
					<row3>	0.0000 0.5945 7.5027 1.0000	</row3>
				</transform>
			</node>
			<node>
				<identifier>	MP_JM307_Chrysanthemum_petal_1_INDEX_1	</identifier>
				<transform>
					<row0>	-0.2555 0.6269 -0.0563 0.0000	</row0>
					<row1>	-0.6109 -0.2582 -0.1022 0.0000	</row1>
					<row2>	-0.1157 0.0122 0.6608 0.0000	</row2>
					<row3>	0.0000 0.5945 7.5027 1.0000	</row3>
				</transform>
			</node>
			<node>
				<identifier>	MP_JM307_Chrysanthemum_petal_1_INDEX_10	</identifier>
				<transform>
					<row0>	0.4677 0.4717 0.0948 0.0000	</row0>
					<row1>	-0.4662 0.4770 -0.0734 0.0000	</row1>
					<row2>	-0.1190 -0.0147 0.6602 0.0000	</row2>
					<row3>	0.0000 0.5945 7.5027 1.0000	</row3>
				</transform>
			</node>
			<node>
				<identifier>	MP_JM307_Chrysanthemum_petal_1_INDEX_11	</identifier>
				<transform>
					<row0>	-0.6045 -0.2573 0.1364 0.0000	</row0>
					<row1>	0.2571 -0.6191 -0.0283 0.0000	</row1>
					<row2>	0.1367 0.0268 0.6564 0.0000	</row2>
					<row3>	0.0000 0.5945 7.5027 1.0000	</row3>
				</transform>
			</node>
			<node>
				<identifier>	MP_JM307_Chrysanthemum_petal_1_INDEX_12	</identifier>
				<transform>
					<row0>	0.6093 0.2532 0.1220 0.0000	</row0>
					<row1>	-0.2525 0.6210 -0.0278 0.0000	</row1>
					<row2>	-0.1234 -0.0207 0.6592 0.0000	</row2>
					<row3>	0.0000 0.5945 7.5027 1.0000	</row3>
				</transform>
			</node>
			<node>
				<identifier>	MP_JM307_Chrysanthemum_petal_1_INDEX_13	</identifier>
				<transform>
					<row0>	-0.2555 -0.6269 0.0563 0.0000	</row0>
					<row1>	0.6109 -0.2582 -0.1022 0.0000	</row1>
					<row2>	0.1157 0.0122 0.6608 0.0000	</row2>
					<row3>	0.0000 0.5945 7.5027 1.0000	</row3>
				</transform>
			</node>
			<node>
				<identifier>	MP_JM307_Chrysanthemum_petal_1_INDEX_14	</identifier>
				<transform>
					<row0>	0.4677 -0.4717 -0.0948 0.0000	</row0>
					<row1>	0.4662 0.4770 -0.0734 0.0000	</row1>
					<row2>	0.1190 -0.0147 0.6602 0.0000	</row2>
					<row3>	0.0000 0.5945 7.5027 1.0000	</row3>
				</transform>
			</node>
			<node>
				<identifier>	MP_JM307_Chrysanthemum_petal_1_INDEX_15	</identifier>
				<transform>
					<row0>	-0.4657 -0.4740 0.0930 0.0000	</row0>
					<row1>	0.4683 -0.4748 -0.0746 0.0000	</row1>
					<row2>	0.1185 0.0131 0.6603 0.0000	</row2>
					<row3>	0.0000 0.5945 7.5027 1.0000	</row3>
				</transform>
			</node>
			<node>
				<identifier>	MP_JM307_Chrysanthemum_petal_1_INDEX_2	</identifier>
				<transform>
					<row0>	0.2574 0.6306 0.0521 0.0000	</row0>
					<row1>	-0.6111 0.2578 -0.1014 0.0000	</row1>
					<row2>	-0.1132 -0.0084 0.6613 0.0000	</row2>
					<row3>	0.0000 0.5945 7.5027 1.0000	</row3>
				</transform>
			</node>
			<node>
				<identifier>	MP_JM307_Chrysanthemum_petal_1_INDEX_3	</identifier>
				<transform>
					<row0>	0.6093 -0.2532 -0.1220 0.0000	</row0>
					<row1>	0.2525 0.6210 -0.0278 0.0000	</row1>
					<row2>	0.1234 -0.0207 0.6592 0.0000	</row2>
					<row3>	0.0000 0.5945 7.5027 1.0000	</row3>
				</transform>
			</node>
			<node>
				<identifier>	MP_JM307_Chrysanthemum_petal_1_INDEX_4	</identifier>
				<transform>
					<row0>	0.0000 -0.6710 0.0000 0.0000	</row0>
					<row1>	0.6616 0.0000 -0.1120 0.0000	</row1>
					<row2>	0.1120 0.0000 0.6616 0.0000	</row2>
					<row3>	0.0000 0.5945 7.5027 1.0000	</row3>
				</transform>
			</node>
			<node>
				<identifier>	MP_JM307_Chrysanthemum_petal_1_INDEX_5	</identifier>
				<transform>
					<row0>	0.2574 -0.6306 -0.0521 0.0000	</row0>
					<row1>	0.6111 0.2578 -0.1014 0.0000	</row1>
					<row2>	0.1132 -0.0084 0.6613 0.0000	</row2>
					<row3>	0.0000 0.5945 7.5027 1.0000	</row3>
				</transform>
			</node>
			<node>
				<identifier>	MP_JM307_Chrysanthemum_petal_1_INDEX_6	</identifier>
				<transform>
					<row0>	0.0000 0.6710 0.0000 0.0000	</row0>
					<row1>	-0.6616 0.0000 -0.1120 0.0000	</row1>
					<row2>	-0.1120 0.0000 0.6616 0.0000	</row2>
					<row3>	0.0000 0.5945 7.5027 1.0000	</row3>
				</transform>
			</node>
			<node>
				<identifier>	MP_JM307_Chrysanthemum_petal_1_INDEX_7	</identifier>
				<transform>
					<row0>	0.6710 0.0000 0.0000 0.0000	</row0>
					<row1>	0.0000 0.6710 0.0000 0.0000	</row1>
					<row2>	0.0000 0.0000 0.6710 0.0000	</row2>
					<row3>	0.0000 0.5945 7.5027 1.0000	</row3>
				</transform>
			</node>
			<node>
				<identifier>	MP_JM307_Chrysanthemum_petal_1_INDEX_8	</identifier>
				<transform>
					<row0>	-0.6045 0.2573 -0.1364 0.0000	</row0>
					<row1>	-0.2571 -0.6191 -0.0283 0.0000	</row1>
					<row2>	-0.1367 0.0268 0.6564 0.0000	</row2>
					<row3>	0.0000 0.5945 7.5027 1.0000	</row3>
				</transform>
			</node>
			<node>
				<identifier>	MP_JM307_Chrysanthemum_petal_1_INDEX_9	</identifier>
				<transform>
					<row0>	-0.4657 0.4740 -0.0930 0.0000	</row0>
					<row1>	-0.4683 -0.4748 -0.0746 0.0000	</row1>
					<row2>	-0.1185 0.0131 0.6603 0.0000	</row2>
					<row3>	0.0000 0.5945 7.5027 1.0000	</row3>
				</transform>
			</node>
			<node>
				<identifier>	SP_YMS001_YHBM_M_1	</identifier>
				<transform>
					<row0>	1.2252 0.0037 -0.0095 0.0000	</row0>
					<row1>	-0.0043 1.2224 -0.0837 0.0000	</row1>
					<row2>	0.0092 0.0837 1.2224 0.0000	</row2>
					<row3>	0.0001 0.5787 7.5419 1.0000	</row3>
				</transform>
			</node>
			<node>
				<identifier>	SP_YMS002_YHBL_M_1	</identifier>
				<transform>
					<row0>	0.9995 -0.0010 -0.0313 0.0000	</row0>
					<row1>	-0.0033 0.9907 -0.1358 0.0000	</row1>
					<row2>	0.0312 0.1358 0.9902 0.0000	</row2>
					<row3>	-0.0007 0.5802 7.5144 1.0000	</row3>
				</transform>
			</node>
			<node>
				<identifier>	SP_YMS003_YHBR_M_1	</identifier>
				<transform>
					<row0>	0.9995 0.0010 0.0313 0.0000	</row0>
					<row1>	0.0033 0.9907 -0.1358 0.0000	</row1>
					<row2>	-0.0312 0.1358 0.9902 0.0000	</row2>
					<row3>	0.0007 0.5802 7.5144 1.0000	</row3>
				</transform>
			</node>
			<node>
				<identifier>	SP_YMS004_YHXL_L_1	</identifier>
				<transform>
					<row0>	0.7695 0.3711 -0.2076 0.0000	</row0>
					<row1>	-0.3966 0.7812 -0.0735 0.0000	</row1>
					<row2>	0.1534 0.1580 0.8512 0.0000	</row2>
					<row3>	-0.1256 0.4042 7.0127 1.0000	</row3>
				</transform>
			</node>
			<node>
				<identifier>	SP_YMS005_YHXR_L_1	</identifier>
				<transform>
					<row0>	0.7695 -0.3711 0.2076 0.0000	</row0>
					<row1>	0.3966 0.7812 -0.0735 0.0000	</row1>
					<row2>	-0.1534 0.1580 0.8512 0.0000	</row2>
					<row3>	0.1256 0.4042 7.0127 1.0000	</row3>
				</transform>
			</node>
			<node>
				<identifier>	SP_YMS010_YHWM_L_1	</identifier>
				<transform>
					<row0>	0.8300 0.0000 0.0000 0.0000	</row0>
					<row1>	0.0000 0.8300 0.0000 0.0000	</row1>
					<row2>	0.0000 0.0000 0.8300 0.0000	</row2>
					<row3>	0.0000 0.0000 7.3411 1.0000	</row3>
				</transform>
			</node>
			<node>
				<identifier>	SP_YMS011_YHWL_M_1	</identifier>
				<transform>
					<row0>	0.9472 0.2992 -0.1155 0.0000	</row0>
					<row1>	-0.2989 0.9541 0.0201 0.0000	</row1>
					<row2>	0.1163 0.0155 0.9931 0.0000	</row2>
					<row3>	-0.1533 0.0153 5.9125 1.0000	</row3>
				</transform>
			</node>
			<node>
				<identifier>	SP_YMS011_YHWL_M_1_INDEX_1	</identifier>
				<transform>
					<row0>	0.9472 0.2984 -0.1178 0.0000	</row0>
					<row1>	-0.2977 0.9544 0.0233 0.0000	</row1>
					<row2>	0.1193 0.0130 0.9928 0.0000	</row2>
					<row3>	-0.2542 0.0025 5.0686 1.0000	</row3>
				</transform>
			</node>
			<node>
				<identifier>	SP_YMS012_YHWR_M_1	</identifier>
				<transform>
					<row0>	0.9472 -0.2992 0.1155 0.0000	</row0>
					<row1>	0.2989 0.9541 0.0201 0.0000	</row1>
					<row2>	-0.1163 0.0155 0.9931 0.0000	</row2>
					<row3>	0.1533 0.0153 5.9125 1.0000	</row3>
				</transform>
			</node>
			<node>
				<identifier>	SP_YMS012_YHWR_M_1_INDEX_1	</identifier>
				<transform>
					<row0>	0.9472 -0.2984 0.1178 0.0000	</row0>
					<row1>	0.2977 0.9544 0.0233 0.0000	</row1>
					<row2>	-0.1193 0.0130 0.9928 0.0000	</row2>
					<row3>	0.2542 0.0025 5.0686 1.0000	</row3>
				</transform>
			</node>
			<node>
				<identifier>	SP_YMS020_YHBU_M_1	</identifier>
				<transform>
					<row0>	1.1456 0.0000 0.0000 0.0000	</row0>
					<row1>	0.0000 1.1441 0.0586 0.0000	</row1>
					<row2>	0.0000 -0.0751 1.4664 0.0000	</row2>
					<row3>	0.0000 -0.0221 6.9452 1.0000	</row3>
				</transform>
			</node>
			<node>
				<identifier>	SP_YMS051_YHDL_L_1	</identifier>
				<transform>
					<row0>	0.8342 -0.0005 -0.0987 0.0000	</row0>
					<row1>	-0.0026 0.8396 -0.0260 0.0000	</row1>
					<row2>	0.0986 0.0261 0.8338 0.0000	</row2>
					<row3>	-0.4568 0.4076 5.7948 1.0000	</row3>
				</transform>
			</node>
			<node>
				<identifier>	SP_YMS052_YHDR_L_1	</identifier>
				<transform>
					<row0>	0.8342 0.0005 0.0987 0.0000	</row0>
					<row1>	0.0026 0.8396 -0.0260 0.0000	</row1>
					<row2>	-0.0986 0.0261 0.8338 0.0000	</row2>
					<row3>	0.4568 0.4076 5.7948 1.0000	</row3>
				</transform>
			</node>
			<node>
				<identifier>	SP_YMS053_YHDC_S_1	</identifier>
				<transform>
					<row0>	1.0000 0.0000 0.0000 0.0000	</row0>
					<row1>	0.0000 1.0000 0.0000 0.0000	</row1>
					<row2>	0.0000 0.0000 1.0000 0.0000	</row2>
					<row3>	-0.3593 0.4069 5.2917 1.0000	</row3>
				</transform>
			</node>
			<node>
				<identifier>	SP_YMS053_YHDC_S_1_INDEX_1	</identifier>
				<transform>
					<row0>	1.0000 0.0000 0.0000 0.0000	</row0>
					<row1>	0.0000 1.0000 0.0000 0.0000	</row1>
					<row2>	0.0000 0.0000 1.0000 0.0000	</row2>
					<row3>	0.3593 0.4069 5.2917 1.0000	</row3>
				</transform>
			</node>
			<node>
				<identifier>	SP_YMS066_YHGC_M_2	</identifier>
				<transform>
					<row0>	1.0000 0.0000 0.0000 0.0000	</row0>
					<row1>	0.0000 0.9998 -0.0206 0.0000	</row1>
					<row2>	0.0000 0.0206 0.9998 0.0000	</row2>
					<row3>	0.0001 0.5016 5.6980 1.0000	</row3>
				</transform>
			</node>
			<node>
				<identifier>	SP_YMS066_YHGC_M_2_INDEX_1	</identifier>
				<transform>
					<row0>	0.7071 0.0000 -0.7071 0.0000	</row0>
					<row1>	0.0000 1.0000 0.0000 0.0000	</row1>
					<row2>	0.7071 0.0000 0.7071 0.0000	</row2>
					<row3>	-0.3955 0.4902 4.8707 1.0000	</row3>
				</transform>
			</node>
			<node>
				<identifier>	SP_YMS066_YHGC_M_2_INDEX_2	</identifier>
				<transform>
					<row0>	0.7071 0.0000 -0.7071 0.0000	</row0>
					<row1>	0.0000 1.0000 0.0000 0.0000	</row1>
					<row2>	0.7071 0.0000 0.7071 0.0000	</row2>
					<row3>	0.3955 0.4902 4.8707 1.0000	</row3>
				</transform>
			</node>
		</node>
	</node>
	<boundingBox>
		<min>	-0.0667 -0.0667 -0.0667	</min>
		<max>	0.0667 0.0667 0.0667	</max>
	</boundingBox>
</JSC034_Zao_1944_Bow_ports.visual>
