<GSC027_Mainz_1945_Bow_ports.visual>
	<node>
		<identifier>	Scene Root	</identifier>
		<transform>
			<row0>	1.0000 0.0000 0.0000 0.0000	</row0>
			<row1>	0.0000 1.0000 0.0000 0.0000	</row1>
			<row2>	0.0000 0.0000 1.0000 0.0000	</row2>
			<row3>	0.0000 0.0000 0.0000 1.0000	</row3>
		</transform>
		<node>
			<identifier>	Bow_ports	</identifier>
			<transform>
				<row0>	1.0000 0.0000 0.0000 0.0000	</row0>
				<row1>	0.0000 1.0000 0.0000 0.0000	</row1>
				<row2>	0.0000 0.0000 1.0000 0.0000	</row2>
				<row3>	0.0000 0.0000 0.0000 1.0000	</row3>
			</transform>
			<node>
				<identifier>	HP_FX_Death_1	</identifier>
				<transform>
					<row0>	1.0000 0.0000 0.0000 0.0000	</row0>
					<row1>	0.0000 1.0000 0.0000 0.0000	</row1>
					<row2>	0.0000 0.0000 1.0000 0.0000	</row2>
					<row3>	0.0000 0.0000 4.1322 1.0000	</row3>
				</transform>
			</node>
			<node>
				<identifier>	HP_FX_Fire_1	</identifier>
				<transform>
					<row0>	1.0000 0.0000 0.0000 0.0000	</row0>
					<row1>	0.0000 1.0000 0.0000 0.0000	</row1>
					<row2>	0.0000 0.0000 1.0000 0.0000	</row2>
					<row3>	0.0000 0.3854 5.1705 1.0000	</row3>
				</transform>
			</node>
			<node>
				<identifier>	HP_FX_WakeTrace	</identifier>
				<transform>
					<row0>	1.0000 0.0000 0.0000 0.0000	</row0>
					<row1>	0.0000 1.0000 0.0000 0.0000	</row1>
					<row2>	0.0000 0.0000 1.0000 0.0000	</row2>
					<row3>	0.0000 0.0000 6.8191 1.0000	</row3>
				</transform>
			</node>
			<node>
				<identifier>	HP_GGA_1	</identifier>
				<transform>
					<row0>	1.0000 0.0000 0.0000 0.0000	</row0>
					<row1>	0.0000 1.0000 0.0000 0.0000	</row1>
					<row2>	0.0000 0.0000 1.0000 0.0000	</row2>
					<row3>	0.0000 0.4251 5.4958 1.0000	</row3>
				</transform>
			</node>
			<node>
				<identifier>	HP_GGA_2	</identifier>
				<transform>
					<row0>	0.7071 0.0000 0.7071 0.0000	</row0>
					<row1>	0.0000 1.0000 0.0000 0.0000	</row1>
					<row2>	-0.7071 0.0000 0.7071 0.0000	</row2>
					<row3>	-0.3030 0.3908 4.7483 1.0000	</row3>
				</transform>
			</node>
			<node>
				<identifier>	HP_GGA_3	</identifier>
				<transform>
					<row0>	0.7071 0.0000 -0.7071 0.0000	</row0>
					<row1>	0.0000 1.0000 0.0000 0.0000	</row1>
					<row2>	0.7071 0.0000 0.7071 0.0000	</row2>
					<row3>	0.3030 0.3908 4.7483 1.0000	</row3>
				</transform>
			</node>
			<node>
				<identifier>	HP_GGM_1	</identifier>
				<transform>
					<row0>	1.0000 0.0000 0.0000 0.0000	</row0>
					<row1>	0.0000 1.0000 0.0000 0.0000	</row1>
					<row2>	0.0000 0.0000 1.0000 0.0000	</row2>
					<row3>	0.0000 0.4297 4.1312 1.0000	</row3>
				</transform>
			</node>
			<node>
				<identifier>	HP_Ship_death_1	</identifier>
				<transform>
					<row0>	1.0000 0.0000 0.0000 0.0000	</row0>
					<row1>	0.0000 1.0000 0.0000 0.0000	</row1>
					<row2>	0.0000 0.0000 1.0000 0.0000	</row2>
					<row3>	0.0000 0.0000 3.7671 1.0000	</row3>
				</transform>
			</node>
			<node>
				<identifier>	MP_GM034_Turtles_box	</identifier>
				<transform>
					<row0>	-1.0000 0.0000 0.0000 0.0000	</row0>
					<row1>	0.0000 1.0000 0.0000 0.0000	</row1>
					<row2>	0.0000 0.0000 -1.0000 0.0000	</row2>
					<row3>	0.2640 0.4134 4.5865 1.0000	</row3>
				</transform>
			</node>
			<node>
				<identifier>	MP_GM034_Turtles_box_INDEX_1	</identifier>
				<transform>
					<row0>	-1.0000 0.0000 0.0000 0.0000	</row0>
					<row1>	0.0000 1.0000 0.0000 0.0000	</row1>
					<row2>	0.0000 0.0000 -1.0000 0.0000	</row2>
					<row3>	-0.2640 0.4134 4.5865 1.0000	</row3>
				</transform>
			</node>
			<node>
				<identifier>	MP_GM155_Crest_Mainz	</identifier>
				<transform>
					<row0>	0.0000 0.0000 -1.0000 0.0000	</row0>
					<row1>	0.0000 1.0000 0.0000 0.0000	</row1>
					<row2>	1.0000 0.0000 0.0000 0.0000	</row2>
					<row3>	0.0000 0.2825 6.7835 1.0000	</row3>
				</transform>
			</node>
			<node>
				<identifier>	MP_GM701_AmmoBox	</identifier>
				<transform>
					<row0>	0.1839 -0.0446 -0.9819 0.0000	</row0>
					<row1>	0.0314 0.9987 -0.0395 0.0000	</row1>
					<row2>	0.8842 -0.0212 0.1666 0.0000	</row2>
					<row3>	0.3207 0.4216 5.6216 1.0000	</row3>
				</transform>
			</node>
			<node>
				<identifier>	MP_GM701_AmmoBox_INDEX_1	</identifier>
				<transform>
					<row0>	0.1839 0.0446 0.9819 0.0000	</row0>
					<row1>	-0.0314 0.9987 -0.0395 0.0000	</row1>
					<row2>	-0.8842 -0.0212 0.1666 0.0000	</row2>
					<row3>	-0.3207 0.4216 5.6216 1.0000	</row3>
				</transform>
			</node>
			<node>
				<identifier>	MP_GM856_Mastheadlight	</identifier>
				<transform>
					<row0>	1.0000 0.0000 0.0000 0.0000	</row0>
					<row1>	0.0000 1.0000 0.0000 0.0000	</row1>
					<row2>	0.0000 0.0000 1.0000 0.0000	</row2>
					<row3>	0.0000 0.9329 7.1332 1.0000	</row3>
				</transform>
			</node>
			<node>
				<identifier>	SP_YMS001_YHBM_M_1	</identifier>
				<transform>
					<row0>	1.0409 0.0000 0.0000 0.0000	</row0>
					<row1>	0.0000 1.0409 0.0000 0.0000	</row1>
					<row2>	0.0000 0.0000 1.0409 0.0000	</row2>
					<row3>	0.0000 0.5450 7.1417 1.0000	</row3>
				</transform>
			</node>
			<node>
				<identifier>	SP_YMS002_YHBL_M_1	</identifier>
				<transform>
					<row0>	1.0535 -0.1138 -0.0007 0.0000	</row0>
					<row1>	0.1129 1.0459 -0.1275 0.0000	</row1>
					<row2>	0.0144 0.1267 1.0520 0.0000	</row2>
					<row3>	0.0000 0.5450 7.1417 1.0000	</row3>
				</transform>
			</node>
			<node>
				<identifier>	SP_YMS003_YHBR_M_1	</identifier>
				<transform>
					<row0>	1.0535 0.1139 0.0007 0.0000	</row0>
					<row1>	-0.1129 1.0456 -0.1303 0.0000	</row1>
					<row2>	-0.0147 0.1294 1.0516 0.0000	</row2>
					<row3>	0.0000 0.5450 7.1417 1.0000	</row3>
				</transform>
			</node>
			<node>
				<identifier>	SP_YMS004_YHXL_L_1	</identifier>
				<transform>
					<row0>	0.6933 0.2992 -0.1637 0.0000	</row0>
					<row1>	-0.3011 0.7112 0.0244 0.0000	</row1>
					<row2>	0.1602 0.0419 0.7547 0.0000	</row2>
					<row3>	-0.1204 0.3629 6.4899 1.0000	</row3>
				</transform>
			</node>
			<node>
				<identifier>	SP_YMS005_YHXR_L_1	</identifier>
				<transform>
					<row0>	0.6933 -0.2992 0.1637 0.0000	</row0>
					<row1>	0.3011 0.7112 0.0244 0.0000	</row1>
					<row2>	-0.1602 0.0419 0.7547 0.0000	</row2>
					<row3>	0.1204 0.3629 6.4899 1.0000	</row3>
				</transform>
			</node>
			<node>
				<identifier>	SP_YMS010_YHWM_L_1	</identifier>
				<transform>
					<row0>	0.8018 0.0000 0.0000 0.0000	</row0>
					<row1>	0.0000 0.8018 0.0000 0.0000	</row1>
					<row2>	0.0000 0.0000 0.8018 0.0000	</row2>
					<row3>	0.0000 0.0000 6.7986 1.0000	</row3>
				</transform>
			</node>
			<node>
				<identifier>	SP_YMS011_YHWL_M_1	</identifier>
				<transform>
					<row0>	0.9551 0.2271 -0.1904 0.0000	</row0>
					<row1>	-0.2236 0.9739 0.0400 0.0000	</row1>
					<row2>	0.1946 0.0043 0.9809 0.0000	</row2>
					<row3>	-0.2595 -0.0028 5.3741 1.0000	</row3>
				</transform>
			</node>
			<node>
				<identifier>	SP_YMS011_YHWL_M_1_INDEX_1	</identifier>
				<transform>
					<row0>	0.9682 0.1916 -0.1612 0.0000	</row0>
					<row1>	-0.1886 0.9815 0.0341 0.0000	</row1>
					<row2>	0.1647 -0.0026 0.9863 0.0000	</row2>
					<row3>	-0.4141 0.0000 4.5397 1.0000	</row3>
				</transform>
			</node>
			<node>
				<identifier>	SP_YMS012_YHWR_M_1	</identifier>
				<transform>
					<row0>	0.9551 -0.2271 0.1904 0.0000	</row0>
					<row1>	0.2236 0.9739 0.0400 0.0000	</row1>
					<row2>	-0.1946 0.0043 0.9809 0.0000	</row2>
					<row3>	0.2658 0.0000 5.3711 1.0000	</row3>
				</transform>
			</node>
			<node>
				<identifier>	SP_YMS012_YHWR_M_1_INDEX_1	</identifier>
				<transform>
					<row0>	0.9682 -0.1916 0.1612 0.0000	</row0>
					<row1>	0.1886 0.9815 0.0341 0.0000	</row1>
					<row2>	-0.1647 -0.0026 0.9863 0.0000	</row2>
					<row3>	0.4141 0.0000 4.5397 1.0000	</row3>
				</transform>
			</node>
			<node>
				<identifier>	SP_YMS020_YHBU_M_1	</identifier>
				<transform>
					<row0>	1.0000 0.0000 0.0000 0.0000	</row0>
					<row1>	0.0000 1.0000 0.0000 0.0000	</row1>
					<row2>	0.0000 0.0000 1.0000 0.0000	</row2>
					<row3>	0.0000 -0.1004 6.6483 1.0000	</row3>
				</transform>
			</node>
			<node>
				<identifier>	SP_YMS051_YHDL_L_1	</identifier>
				<transform>
					<row0>	0.7534 -0.0002 -0.1234 0.0000	</row0>
					<row1>	-0.0051 0.7627 -0.0325 0.0000	</row1>
					<row2>	0.1233 0.0329 0.7527 0.0000	</row2>
					<row3>	-0.3840 0.4222 5.5797 1.0000	</row3>
				</transform>
			</node>
			<node>
				<identifier>	SP_YMS052_YHDR_L_1	</identifier>
				<transform>
					<row0>	0.7534 0.0002 0.1234 0.0000	</row0>
					<row1>	0.0051 0.7627 -0.0325 0.0000	</row1>
					<row2>	-0.1233 0.0329 0.7527 0.0000	</row2>
					<row3>	0.3840 0.4222 5.5797 1.0000	</row3>
				</transform>
			</node>
			<node>
				<identifier>	SP_YMS053_YHDC_S_1	</identifier>
				<transform>
					<row0>	1.0000 0.0000 0.0000 0.0000	</row0>
					<row1>	0.0000 0.9986 -0.0522 0.0000	</row1>
					<row2>	0.0000 0.0522 0.9986 0.0000	</row2>
					<row3>	-0.0039 0.4304 5.2809 1.0000	</row3>
				</transform>
			</node>
			<node>
				<identifier>	SP_YMS053_YHDC_S_1_INDEX_1	</identifier>
				<transform>
					<row0>	0.9994 0.0346 0.0001 0.0000	</row0>
					<row1>	-0.0346 0.9992 -0.0204 0.0000	</row1>
					<row2>	-0.0008 0.0204 0.9998 0.0000	</row2>
					<row3>	-0.3873 0.3958 4.1010 1.0000	</row3>
				</transform>
			</node>
			<node>
				<identifier>	SP_YMS053_YHDC_S_1_INDEX_2	</identifier>
				<transform>
					<row0>	0.9994 -0.0346 -0.0001 0.0000	</row0>
					<row1>	0.0346 0.9992 -0.0204 0.0000	</row1>
					<row2>	0.0008 0.0204 0.9998 0.0000	</row2>
					<row3>	0.3873 0.3958 4.1010 1.0000	</row3>
				</transform>
			</node>
			<node>
				<identifier>	SP_YMS080_YHSL_M_1	</identifier>
				<transform>
					<row0>	0.5735 0.2084 -0.1304 0.0000	</row0>
					<row1>	-0.2104 0.5872 0.0132 0.0000	</row1>
					<row2>	0.1271 0.0319 0.6100 0.0000	</row2>
					<row3>	-0.2395 0.2077 5.6546 1.0000	</row3>
				</transform>
			</node>
			<node>
				<identifier>	SP_YMS081_YHSR_M_1	</identifier>
				<transform>
					<row0>	0.5735 -0.2084 0.1304 0.0000	</row0>
					<row1>	0.2104 0.5872 0.0132 0.0000	</row1>
					<row2>	-0.1271 0.0319 0.6100 0.0000	</row2>
					<row3>	0.2409 0.2074 5.6483 1.0000	</row3>
				</transform>
			</node>
			<node>
				<identifier>	SP_YMS082_YHSC_M_1	</identifier>
				<transform>
					<row0>	-0.1541 -0.0315 -0.9876 0.0000	</row0>
					<row1>	-0.3635 0.9312 0.0270 0.0000	</row1>
					<row2>	0.9188 0.3631 -0.1549 0.0000	</row2>
					<row3>	-0.4434 0.2565 4.7591 1.0000	</row3>
				</transform>
			</node>
			<node>
				<identifier>	SP_YMS082_YHSC_M_1_INDEX_1	</identifier>
				<transform>
					<row0>	-0.1541 0.0315 0.9876 0.0000	</row0>
					<row1>	0.3635 0.9312 0.0270 0.0000	</row1>
					<row2>	-0.9188 0.3631 -0.1549 0.0000	</row2>
					<row3>	0.4434 0.2565 4.7591 1.0000	</row3>
				</transform>
			</node>
			<node>
				<identifier>	SP_YMS082_YHSC_M_1_INDEX_2	</identifier>
				<transform>
					<row0>	-0.1221 -0.0070 -0.9925 0.0000	</row0>
					<row1>	-0.2930 0.9557 0.0293 0.0000	</row1>
					<row2>	0.9483 0.2944 -0.1188 0.0000	</row2>
					<row3>	-0.4836 0.2059 4.2564 1.0000	</row3>
				</transform>
			</node>
			<node>
				<identifier>	SP_YMS082_YHSC_M_1_INDEX_3	</identifier>
				<transform>
					<row0>	-0.1221 0.0070 0.9925 0.0000	</row0>
					<row1>	0.2930 0.9557 0.0293 0.0000	</row1>
					<row2>	-0.9483 0.2944 -0.1188 0.0000	</row2>
					<row3>	0.4859 0.2049 4.2387 1.0000	</row3>
				</transform>
			</node>
		</node>
	</node>
	<boundingBox>
		<min>	-0.0667 -0.0667 -0.0667	</min>
		<max>	0.0667 0.0667 0.0667	</max>
	</boundingBox>
</GSC027_Mainz_1945_Bow_ports.visual>
