<RAB706_Beriev_MBR_2_lod1.visual>
	<node>
		<identifier>	Scene Root	</identifier>
		<transform>
			<row0>	1.0000 0.0000 0.0000 0.0000	</row0>
			<row1>	0.0000 1.0000 0.0000 0.0000	</row1>
			<row2>	0.0000 0.0000 1.0000 0.0000	</row2>
			<row3>	0.0000 0.0000 0.0000 1.0000	</row3>
		</transform>
		<node>
			<identifier>	Root	</identifier>
			<transform>
				<row0>	1.0000 0.0000 0.0000 0.0000	</row0>
				<row1>	0.0000 1.0000 0.0000 0.0000	</row1>
				<row2>	0.0000 0.0000 1.0000 0.0000	</row2>
				<row3>	0.0000 0.0000 0.0000 1.0000	</row3>
			</transform>
			<node>
				<identifier>	HP_Air_bomb_1	</identifier>
				<transform>
					<row0>	0.9926 -0.1215 0.0000 0.0000	</row0>
					<row1>	0.1215 0.9919 -0.0366 0.0000	</row1>
					<row2>	0.0045 0.0364 0.9993 0.0000	</row2>
					<row3>	-0.1718 0.1243 0.0257 1.0000	</row3>
				</transform>
			</node>
			<node>
				<identifier>	HP_Air_bomb_2	</identifier>
				<transform>
					<row0>	0.9926 0.1215 0.0000 0.0000	</row0>
					<row1>	-0.1215 0.9919 -0.0366 0.0000	</row1>
					<row2>	-0.0045 0.0364 0.9993 0.0000	</row2>
					<row3>	0.1718 0.1243 0.0257 1.0000	</row3>
				</transform>
			</node>
			<node>
				<identifier>	HP_Air_bomb_3	</identifier>
				<transform>
					<row0>	0.9926 -0.1215 0.0000 0.0000	</row0>
					<row1>	0.1215 0.9919 -0.0366 0.0000	</row1>
					<row2>	0.0045 0.0364 0.9993 0.0000	</row2>
					<row3>	-0.2014 0.1279 0.0256 1.0000	</row3>
				</transform>
			</node>
			<node>
				<identifier>	HP_Air_bomb_4	</identifier>
				<transform>
					<row0>	0.9926 0.1215 0.0000 0.0000	</row0>
					<row1>	-0.1215 0.9919 -0.0366 0.0000	</row1>
					<row2>	-0.0045 0.0364 0.9993 0.0000	</row2>
					<row3>	0.2014 0.1279 0.0256 1.0000	</row3>
				</transform>
			</node>
			<node>
				<identifier>	HP_Air_bomb_5	</identifier>
				<transform>
					<row0>	0.9926 -0.1215 0.0000 0.0000	</row0>
					<row1>	0.1215 0.9919 -0.0366 0.0000	</row1>
					<row2>	0.0045 0.0364 0.9993 0.0000	</row2>
					<row3>	-0.2317 0.1315 0.0256 1.0000	</row3>
				</transform>
			</node>
			<node>
				<identifier>	HP_Air_bomb_6	</identifier>
				<transform>
					<row0>	0.9926 0.1215 0.0000 0.0000	</row0>
					<row1>	-0.1215 0.9919 -0.0366 0.0000	</row1>
					<row2>	-0.0045 0.0364 0.9993 0.0000	</row2>
					<row3>	0.2317 0.1315 0.0256 1.0000	</row3>
				</transform>
			</node>
			<node>
				<identifier>	HP_Air_break_1	</identifier>
				<transform>
					<row0>	1.0000 0.0000 0.0000 0.0000	</row0>
					<row1>	0.0000 1.0000 0.0000 0.0000	</row1>
					<row2>	0.0000 0.0000 1.0000 0.0000	</row2>
					<row3>	-0.2226 0.1320 -0.0862 1.0000	</row3>
				</transform>
			</node>
			<node>
				<identifier>	HP_Air_break_2	</identifier>
				<transform>
					<row0>	1.0000 0.0000 0.0000 0.0000	</row0>
					<row1>	0.0000 1.0000 0.0000 0.0000	</row1>
					<row2>	0.0000 0.0000 1.0000 0.0000	</row2>
					<row3>	0.2204 0.1318 -0.0865 1.0000	</row3>
				</transform>
			</node>
			<node>
				<identifier>	HP_Air_death_1	</identifier>
				<transform>
					<row0>	1.0000 0.0000 0.0000 0.0000	</row0>
					<row1>	0.0000 0.9989 -0.0466 0.0000	</row1>
					<row2>	0.0000 0.0466 0.9989 0.0000	</row2>
					<row3>	0.0000 0.1383 0.1194 1.0000	</row3>
				</transform>
			</node>
			<node>
				<identifier>	HP_Air_enginelight_1	</identifier>
				<transform>
					<row0>	0.3907 0.0429 0.9195 0.0000	</row0>
					<row1>	0.0000 0.9989 -0.0466 0.0000	</row1>
					<row2>	-0.9205 0.0182 0.3903 0.0000	</row2>
					<row3>	0.0312 0.2973 0.0370 1.0000	</row3>
				</transform>
			</node>
			<node>
				<identifier>	HP_Air_enginelight_10	</identifier>
				<transform>
					<row0>	0.3800 -0.0438 -0.9240 0.0000	</row0>
					<row1>	0.0000 0.9989 -0.0474 0.0000	</row1>
					<row2>	0.9250 0.0180 0.3795 0.0000	</row2>
					<row3>	-0.0309 0.2960 0.0021 1.0000	</row3>
				</transform>
			</node>
			<node>
				<identifier>	HP_Air_enginelight_11	</identifier>
				<transform>
					<row0>	0.3800 -0.0438 -0.9240 0.0000	</row0>
					<row1>	0.0000 0.9989 -0.0474 0.0000	</row1>
					<row2>	0.9250 0.0180 0.3795 0.0000	</row2>
					<row3>	-0.0311 0.2955 -0.0098 1.0000	</row3>
				</transform>
			</node>
			<node>
				<identifier>	HP_Air_enginelight_12	</identifier>
				<transform>
					<row0>	0.3800 -0.0438 -0.9240 0.0000	</row0>
					<row1>	0.0000 0.9989 -0.0474 0.0000	</row1>
					<row2>	0.9250 0.0180 0.3795 0.0000	</row2>
					<row3>	-0.0309 0.2949 -0.0216 1.0000	</row3>
				</transform>
			</node>
			<node>
				<identifier>	HP_Air_enginelight_2	</identifier>
				<transform>
					<row0>	0.3907 0.0429 0.9195 0.0000	</row0>
					<row1>	0.0000 0.9989 -0.0466 0.0000	</row1>
					<row2>	-0.9205 0.0182 0.3903 0.0000	</row2>
					<row3>	0.0311 0.2968 0.0253 1.0000	</row3>
				</transform>
			</node>
			<node>
				<identifier>	HP_Air_enginelight_3	</identifier>
				<transform>
					<row0>	0.3907 0.0429 0.9195 0.0000	</row0>
					<row1>	0.0000 0.9989 -0.0466 0.0000	</row1>
					<row2>	-0.9205 0.0182 0.3903 0.0000	</row2>
					<row3>	0.0311 0.2962 0.0135 1.0000	</row3>
				</transform>
			</node>
			<node>
				<identifier>	HP_Air_enginelight_4	</identifier>
				<transform>
					<row0>	0.3907 0.0429 0.9195 0.0000	</row0>
					<row1>	0.0000 0.9989 -0.0466 0.0000	</row1>
					<row2>	-0.9205 0.0182 0.3903 0.0000	</row2>
					<row3>	0.0311 0.2957 0.0015 1.0000	</row3>
				</transform>
			</node>
			<node>
				<identifier>	HP_Air_enginelight_5	</identifier>
				<transform>
					<row0>	0.3907 0.0429 0.9195 0.0000	</row0>
					<row1>	0.0000 0.9989 -0.0466 0.0000	</row1>
					<row2>	-0.9205 0.0182 0.3903 0.0000	</row2>
					<row3>	0.0311 0.2951 -0.0102 1.0000	</row3>
				</transform>
			</node>
			<node>
				<identifier>	HP_Air_enginelight_6	</identifier>
				<transform>
					<row0>	0.3907 0.0429 0.9195 0.0000	</row0>
					<row1>	0.0000 0.9989 -0.0466 0.0000	</row1>
					<row2>	-0.9205 0.0182 0.3903 0.0000	</row2>
					<row3>	0.0309 0.2946 -0.0221 1.0000	</row3>
				</transform>
			</node>
			<node>
				<identifier>	HP_Air_enginelight_7	</identifier>
				<transform>
					<row0>	0.3800 -0.0438 -0.9240 0.0000	</row0>
					<row1>	0.0000 0.9989 -0.0474 0.0000	</row1>
					<row2>	0.9250 0.0180 0.3795 0.0000	</row2>
					<row3>	-0.0311 0.2977 0.0376 1.0000	</row3>
				</transform>
			</node>
			<node>
				<identifier>	HP_Air_enginelight_8	</identifier>
				<transform>
					<row0>	0.3800 -0.0438 -0.9240 0.0000	</row0>
					<row1>	0.0000 0.9989 -0.0474 0.0000	</row1>
					<row2>	0.9250 0.0180 0.3795 0.0000	</row2>
					<row3>	-0.0310 0.2971 0.0257 1.0000	</row3>
				</transform>
			</node>
			<node>
				<identifier>	HP_Air_enginelight_9	</identifier>
				<transform>
					<row0>	0.3800 -0.0438 -0.9240 0.0000	</row0>
					<row1>	0.0000 0.9989 -0.0474 0.0000	</row1>
					<row2>	0.9250 0.0180 0.3795 0.0000	</row2>
					<row3>	-0.0310 0.2966 0.0139 1.0000	</row3>
				</transform>
			</node>
			<node>
				<identifier>	HP_Air_fire_1	</identifier>
				<transform>
					<row0>	1.0000 0.0000 0.0000 0.0000	</row0>
					<row1>	0.0000 1.0000 0.0000 0.0000	</row1>
					<row2>	0.0000 0.0000 1.0000 0.0000	</row2>
					<row3>	0.0309 0.2946 -0.0221 1.0000	</row3>
				</transform>
			</node>
			<node>
				<identifier>	HP_Air_fire_2	</identifier>
				<transform>
					<row0>	1.0000 0.0000 0.0000 0.0000	</row0>
					<row1>	0.0000 1.0000 0.0000 0.0000	</row1>
					<row2>	0.0000 0.0000 1.0000 0.0000	</row2>
					<row3>	-0.0310 0.2966 0.0139 1.0000	</row3>
				</transform>
			</node>
			<node>
				<identifier>	HP_Air_fire_3	</identifier>
				<transform>
					<row0>	1.0000 0.0000 0.0000 0.0000	</row0>
					<row1>	0.0000 1.0000 0.0000 0.0000	</row1>
					<row2>	0.0000 0.0000 1.0000 0.0000	</row2>
					<row3>	-0.0465 0.1657 0.0538 1.0000	</row3>
				</transform>
			</node>
			<node>
				<identifier>	HP_Air_fire_4	</identifier>
				<transform>
					<row0>	1.0000 0.0000 0.0000 0.0000	</row0>
					<row1>	0.0000 1.0000 0.0000 0.0000	</row1>
					<row2>	0.0000 0.0000 1.0000 0.0000	</row2>
					<row3>	0.0457 0.1648 0.0541 1.0000	</row3>
				</transform>
			</node>
			<node>
				<identifier>	HP_Air_fire_5	</identifier>
				<transform>
					<row0>	1.0000 0.0000 0.0000 0.0000	</row0>
					<row1>	0.0000 1.0000 0.0000 0.0000	</row1>
					<row2>	0.0000 0.0000 1.0000 0.0000	</row2>
					<row3>	-0.0378 0.1166 -0.2038 1.0000	</row3>
				</transform>
			</node>
			<node>
				<identifier>	HP_Air_fire_6	</identifier>
				<transform>
					<row0>	1.0000 0.0000 0.0000 0.0000	</row0>
					<row1>	0.0000 1.0000 0.0000 0.0000	</row1>
					<row2>	0.0000 0.0000 1.0000 0.0000	</row2>
					<row3>	0.0487 0.0771 -0.0718 1.0000	</row3>
				</transform>
			</node>
			<node>
				<identifier>	HP_Air_fire_7	</identifier>
				<transform>
					<row0>	1.0000 0.0000 0.0000 0.0000	</row0>
					<row1>	0.0000 1.0000 0.0000 0.0000	</row1>
					<row2>	0.0000 0.0000 1.0000 0.0000	</row2>
					<row3>	0.0000 0.0713 -0.4348 1.0000	</row3>
				</transform>
			</node>
			<node>
				<identifier>	HP_Air_flytrail_1	</identifier>
				<transform>
					<row0>	1.0000 0.0000 0.0000 0.0000	</row0>
					<row1>	0.0000 1.0000 0.0000 0.0000	</row1>
					<row2>	0.0000 0.0000 1.0000 0.0000	</row2>
					<row3>	-0.6249 0.1823 0.0364 1.0000	</row3>
				</transform>
			</node>
			<node>
				<identifier>	HP_Air_flytrail_2	</identifier>
				<transform>
					<row0>	1.0000 0.0000 0.0000 0.0000	</row0>
					<row1>	0.0000 1.0000 0.0000 0.0000	</row1>
					<row2>	0.0000 0.0000 1.0000 0.0000	</row2>
					<row3>	0.6249 0.1823 0.0364 1.0000	</row3>
				</transform>
			</node>
			<node>
				<identifier>	HP_Air_gunfire_1	</identifier>
				<transform>
					<row0>	-1.0000 0.0000 0.0000 0.0000	</row0>
					<row1>	0.0000 0.9527 -0.3039 0.0000	</row1>
					<row2>	0.0000 -0.3039 -0.9527 0.0000	</row2>
					<row3>	0.0000 0.1655 0.3729 1.0000	</row3>
				</transform>
			</node>
			<node>
				<identifier>	HP_Air_gunfire_back_1	</identifier>
				<transform>
					<row0>	1.0000 0.0000 0.0000 0.0000	</row0>
					<row1>	0.0000 0.8568 0.5157 0.0000	</row1>
					<row2>	0.0000 -0.5157 0.8568 0.0000	</row2>
					<row3>	0.0000 0.1618 -0.2584 1.0000	</row3>
				</transform>
			</node>
			<node>
				<identifier>	HP_Air_ricochet_1	</identifier>
				<transform>
					<row0>	1.0000 0.0000 0.0000 0.0000	</row0>
					<row1>	0.0000 1.0000 0.0000 0.0000	</row1>
					<row2>	0.0000 0.0000 1.0000 0.0000	</row2>
					<row3>	0.3097 0.1693 -0.0123 1.0000	</row3>
				</transform>
			</node>
			<node>
				<identifier>	HP_Air_ricochet_2	</identifier>
				<transform>
					<row0>	1.0000 0.0000 0.0000 0.0000	</row0>
					<row1>	0.0000 1.0000 0.0000 0.0000	</row1>
					<row2>	0.0000 0.0000 1.0000 0.0000	</row2>
					<row3>	-0.1870 0.1485 -0.0673 1.0000	</row3>
				</transform>
			</node>
			<node>
				<identifier>	HP_Air_ricochet_3	</identifier>
				<transform>
					<row0>	1.0000 0.0000 0.0000 0.0000	</row0>
					<row1>	0.0000 1.0000 0.0000 0.0000	</row1>
					<row2>	0.0000 0.0000 1.0000 0.0000	</row2>
					<row3>	-0.0040 0.2252 -0.4540 1.0000	</row3>
				</transform>
			</node>
			<node>
				<identifier>	HP_Air_ricochet_4	</identifier>
				<transform>
					<row0>	1.0000 0.0000 0.0000 0.0000	</row0>
					<row1>	0.0000 1.0000 0.0000 0.0000	</row1>
					<row2>	0.0000 0.0000 1.0000 0.0000	</row2>
					<row3>	-0.0328 0.2757 0.0947 1.0000	</row3>
				</transform>
			</node>
			<node>
				<identifier>	HP_Air_ricochet_5	</identifier>
				<transform>
					<row0>	1.0000 0.0000 0.0000 0.0000	</row0>
					<row1>	0.0000 1.0000 0.0000 0.0000	</row1>
					<row2>	0.0000 0.0000 1.0000 0.0000	</row2>
					<row3>	-0.0363 0.1583 0.1899 1.0000	</row3>
				</transform>
			</node>
			<node>
				<identifier>	HP_Air_ricochet_6	</identifier>
				<transform>
					<row0>	1.0000 0.0000 0.0000 0.0000	</row0>
					<row1>	0.0000 1.0000 0.0000 0.0000	</row1>
					<row2>	0.0000 0.0000 1.0000 0.0000	</row2>
					<row3>	-0.0214 0.1577 -0.2142 1.0000	</row3>
				</transform>
			</node>
			<node>
				<identifier>	HP_gunFireBack	</identifier>
				<transform>
					<row0>	1.0000 0.0000 0.0000 0.0000	</row0>
					<row1>	0.0000 0.8568 0.5157 0.0000	</row1>
					<row2>	0.0000 -0.5157 0.8568 0.0000	</row2>
					<row3>	0.0000 0.1618 -0.2584 1.0000	</row3>
				</transform>
			</node>
			<node>
				<identifier>	Root_BlendBone	</identifier>
				<transform>
					<row0>	1.0000 0.0000 0.0000 0.0000	</row0>
					<row1>	0.0000 1.0000 0.0000 0.0000	</row1>
					<row2>	0.0000 0.0000 -1.0000 0.0000	</row2>
					<row3>	0.0000 0.0000 0.0000 1.0000	</row3>
				</transform>
			</node>
			<node>
				<identifier>	elevator_1	</identifier>
				<transform>
					<row0>	1.0000 0.0000 0.0000 0.0000	</row0>
					<row1>	0.0000 1.0000 0.0000 0.0000	</row1>
					<row2>	0.0000 0.0000 1.0000 0.0000	</row2>
					<row3>	0.0000 0.1860 -0.4791 1.0000	</row3>
				</transform>
				<rotate>
					<min>	-25.0000 0.0000 0.0000	</min>
					<max>	25.0000 0.0000 0.0000	</max>
				</rotate>
				<node>
					<identifier>	elevator_1_BlendBone	</identifier>
					<transform>
						<row0>	1.0000 0.0000 0.0000 0.0000	</row0>
						<row1>	0.0000 1.0000 0.0000 0.0000	</row1>
						<row2>	0.0000 0.0000 -1.0000 0.0000	</row2>
						<row3>	0.0000 -0.1860 0.4791 1.0000	</row3>
					</transform>
				</node>
			</node>
			<node>
				<identifier>	l_ailerone_1	</identifier>
				<transform>
					<row0>	0.9811 -0.1081 -0.1606 0.0000	</row0>
					<row1>	0.1096 0.9940 0.0000 0.0000	</row1>
					<row2>	0.1596 -0.0176 0.9870 0.0000	</row2>
					<row3>	-0.4694 0.1608 -0.0495 1.0000	</row3>
				</transform>
				<rotate>
					<min>	-25.0000 -9.2400 -6.2900	</min>
					<max>	25.0000 -9.2400 -6.2900	</max>
				</rotate>
				<node>
					<identifier>	l_ailerone_1_BlendBone	</identifier>
					<transform>
						<row0>	0.9811 0.1096 0.1596 0.0000	</row0>
						<row1>	-0.1081 0.9940 -0.0176 0.0000	</row1>
						<row2>	0.1606 0.0000 -0.9870 0.0000	</row2>
						<row3>	0.4700 -0.1084 0.1266 1.0000	</row3>
					</transform>
				</node>
			</node>
			<node>
				<identifier>	l_flaps_1	</identifier>
				<transform>
					<row0>	0.9831 -0.0981 -0.1545 0.0000	</row0>
					<row1>	0.0993 0.9951 0.0000 0.0000	</row1>
					<row2>	0.1538 -0.0153 0.9880 0.0000	</row2>
					<row3>	-0.2226 0.1326 -0.0890 1.0000	</row3>
				</transform>
				<rotate>
					<min>	0.0000 -8.8900 -5.7000	</min>
					<max>	40.0000 -8.8900 -5.7000	</max>
				</rotate>
				<node>
					<identifier>	l_flaps_1_BlendBone	</identifier>
					<transform>
						<row0>	0.9831 0.0993 0.1538 0.0000	</row0>
						<row1>	-0.0981 0.9951 -0.0153 0.0000	</row1>
						<row2>	0.1545 0.0000 -0.9880 0.0000	</row2>
						<row3>	0.2181 -0.1098 0.1241 1.0000	</row3>
					</transform>
				</node>
			</node>
			<node>
				<identifier>	r_ailerone_1	</identifier>
				<transform>
					<row0>	0.9811 0.1081 0.1606 0.0000	</row0>
					<row1>	-0.1096 0.9940 0.0000 0.0000	</row1>
					<row2>	-0.1596 -0.0176 0.9870 0.0000	</row2>
					<row3>	0.4694 0.1608 -0.0495 1.0000	</row3>
				</transform>
				<rotate>
					<min>	-25.0000 9.2400 6.2900	</min>
					<max>	25.0000 9.2400 6.2900	</max>
				</rotate>
				<node>
					<identifier>	r_ailerone_1_BlendBone	</identifier>
					<transform>
						<row0>	0.9811 -0.1096 -0.1596 0.0000	</row0>
						<row1>	0.1081 0.9940 -0.0176 0.0000	</row1>
						<row2>	-0.1606 0.0000 -0.9870 0.0000	</row2>
						<row3>	-0.4700 -0.1084 0.1265 1.0000	</row3>
					</transform>
				</node>
			</node>
			<node>
				<identifier>	r_flaps_1	</identifier>
				<transform>
					<row0>	0.9831 0.0981 0.1545 0.0000	</row0>
					<row1>	-0.0993 0.9951 0.0000 0.0000	</row1>
					<row2>	-0.1538 -0.0153 0.9880 0.0000	</row2>
					<row3>	0.2226 0.1326 -0.0890 1.0000	</row3>
				</transform>
				<rotate>
					<min>	0.0000 8.8900 5.7000	</min>
					<max>	40.0000 8.8900 5.7000	</max>
				</rotate>
				<node>
					<identifier>	r_flaps_1_BlendBone	</identifier>
					<transform>
						<row0>	0.9831 -0.0993 -0.1538 0.0000	</row0>
						<row1>	0.0981 0.9951 -0.0153 0.0000	</row1>
						<row2>	-0.1545 0.0000 -0.9880 0.0000	</row2>
						<row3>	-0.2181 -0.1098 0.1241 1.0000	</row3>
					</transform>
				</node>
			</node>
			<node>
				<identifier>	rudder_1	</identifier>
				<transform>
					<row0>	1.0000 0.0000 0.0000 0.0000	</row0>
					<row1>	0.0000 0.9979 -0.0641 0.0000	</row1>
					<row2>	0.0000 0.0641 0.9979 0.0000	</row2>
					<row3>	0.0000 0.1533 -0.4937 1.0000	</row3>
				</transform>
				<rotate>
					<min>	-360.0000 -30.0000 -360.0000	</min>
					<max>	360.0000 30.0000 360.0000	</max>
				</rotate>
				<node>
					<identifier>	rudder_1_BlendBone	</identifier>
					<transform>
						<row0>	1.0000 0.0000 0.0000 0.0000	</row0>
						<row1>	0.0000 0.9979 0.0641 0.0000	</row1>
						<row2>	0.0000 0.0641 -0.9979 0.0000	</row2>
						<row3>	0.0000 -0.1846 0.4829 1.0000	</row3>
					</transform>
				</node>
			</node>
		</node>
		<node>
			<identifier>	hull	</identifier>
			<transform>
				<row0>	1.0000 0.0000 0.0000 0.0000	</row0>
				<row1>	0.0000 1.0000 0.0000 0.0000	</row1>
				<row2>	0.0000 0.0000 1.0000 0.0000	</row2>
				<row3>	0.0000 0.0000 0.0000 1.0000	</row3>
			</transform>
			<node>
				<identifier>	propeller_mod	</identifier>
				<transform>
					<row0>	1.0000 0.0000 0.0000 0.0000	</row0>
					<row1>	0.0000 1.0000 0.0000 0.0000	</row1>
					<row2>	0.0000 0.0000 1.0000 0.0000	</row2>
					<row3>	0.0000 0.2600 -0.0494 1.0000	</row3>
				</transform>
				<node>
					<identifier>	disc	</identifier>
					<transform>
						<row0>	1.0000 0.0000 0.0000 0.0000	</row0>
						<row1>	0.0000 1.0000 0.0000 0.0000	</row1>
						<row2>	0.0000 0.0000 1.0000 0.0000	</row2>
						<row3>	0.0000 0.0000 0.0000 1.0000	</row3>
					</transform>
					<node>
						<identifier>	disc_cap	</identifier>
						<transform>
							<row0>	1.0000 0.0000 0.0000 0.0000	</row0>
							<row1>	0.0000 1.0000 0.0000 0.0000	</row1>
							<row2>	0.0000 0.0000 1.0000 0.0000	</row2>
							<row3>	0.0000 0.0000 0.0000 1.0000	</row3>
						</transform>
					</node>
				</node>
				<node>
					<identifier>	mod	</identifier>
					<transform>
						<row0>	1.0000 0.0000 0.0000 0.0000	</row0>
						<row1>	0.0000 1.0000 0.0000 0.0000	</row1>
						<row2>	0.0000 0.0000 1.0000 0.0000	</row2>
						<row3>	0.0000 0.0000 0.0000 1.0000	</row3>
					</transform>
				</node>
			</node>
		</node>
	</node>
	<renderSet>
		<treatAsWorldSpaceObject>	false	</treatAsWorldSpaceObject>
		<node>	disc_cap	</node>
		<geometry>
			<vertices>	disc_cap_lod1Shape.vertices	</vertices>
			<primitive>	disc_cap_lod1Shape.indices	</primitive>
			<primitiveGroup>	0
				<material>
					<identifier>	TL2_SHIPMAT_PBS_Hull	</identifier>
					<mfm>	PnFMods/ModsSDK.zip/RSC606_Admiral_Makarov/aircraft/RAB706_Beriev_MBR_2.mfm	</mfm>
				</material>
			</primitiveGroup>
		</geometry>
	</renderSet>
	<renderSet>
		<treatAsWorldSpaceObject>	false	</treatAsWorldSpaceObject>
		<node>	disc	</node>
		<geometry>
			<vertices>	disc_lod1Shape.vertices	</vertices>
			<primitive>	disc_lod1Shape.indices	</primitive>
			<primitiveGroup>	0
				<material>
					<identifier>	PROPELLERMAT_propeller	</identifier>
					<mfm>	PnFMods/ModsSDK.zip/RSC606_Admiral_Makarov/aircraft/UK_Disk_2Blade_05_alpha.mfm	</mfm>
				</material>
			</primitiveGroup>
		</geometry>
	</renderSet>
	<renderSet>
		<treatAsWorldSpaceObject>	true	</treatAsWorldSpaceObject>
		<node>	Root_BlendBone	</node>
		<node>	r_flaps_1_BlendBone	</node>
		<node>	rudder_1_BlendBone	</node>
		<node>	r_ailerone_1_BlendBone	</node>
		<node>	l_ailerone_1_BlendBone	</node>
		<node>	l_flaps_1_BlendBone	</node>
		<node>	elevator_1_BlendBone	</node>
		<geometry>
			<vertices>	hull_lod1Shape.vertices	</vertices>
			<primitive>	hull_lod1Shape.indices	</primitive>
			<primitiveGroup>	0
				<material>
					<identifier>	TL2_SHIPMAT_PBS_Hull_skinned	</identifier>
					<mfm>	PnFMods/ModsSDK.zip/RSC606_Admiral_Makarov/aircraft/RAB706_Beriev_MBR_2_skinned.mfm	</mfm>
				</material>
			</primitiveGroup>
		</geometry>
	</renderSet>
	<renderSet>
		<treatAsWorldSpaceObject>	false	</treatAsWorldSpaceObject>
		<node>	mod	</node>
		<geometry>
			<vertices>	mod_lod1Shape.vertices	</vertices>
			<primitive>	mod_lod1Shape.indices	</primitive>
			<primitiveGroup>	0
				<material>
					<identifier>	TL2_SHIPMAT_PBS_Hull	</identifier>
					<mfm>	PnFMods/ModsSDK.zip/RSC606_Admiral_Makarov/aircraft/RAB706_Beriev_MBR_2.mfm	</mfm>
				</material>
			</primitiveGroup>
		</geometry>
	</renderSet>
	<boundingBox>
		<min>	-0.6266 0.0000 -0.5416	</min>
		<max>	0.6266 0.3677 0.3738	</max>
	</boundingBox>
</RAB706_Beriev_MBR_2_lod1.visual>
