<RSC017_Pr_68_Lazo_1940_Stern_ports.visual>
	<node>
		<identifier>	Scene Root	</identifier>
		<transform>
			<row0>	1.0000 0.0000 0.0000 0.0000	</row0>
			<row1>	0.0000 1.0000 0.0000 0.0000	</row1>
			<row2>	0.0000 0.0000 1.0000 0.0000	</row2>
			<row3>	0.0000 0.0000 0.0000 1.0000	</row3>
		</transform>
		<node>
			<identifier>	Stern_ports	</identifier>
			<transform>
				<row0>	1.0000 0.0000 0.0000 0.0000	</row0>
				<row1>	0.0000 1.0000 0.0000 0.0000	</row1>
				<row2>	0.0000 0.0000 1.0000 0.0000	</row2>
				<row3>	0.0000 0.0000 0.0000 1.0000	</row3>
			</transform>
			<node>
				<identifier>	HP_FX_Fire_4	</identifier>
				<transform>
					<row0>	1.0000 0.0000 0.0000 0.0000	</row0>
					<row1>	0.0000 1.0000 0.0000 0.0000	</row1>
					<row2>	0.0000 0.0000 1.0000 0.0000	</row2>
					<row3>	0.0000 0.2618 -4.9506 1.0000	</row3>
				</transform>
			</node>
			<node>
				<identifier>	HP_FX_WakeTraceBack	</identifier>
				<transform>
					<row0>	1.0000 0.0000 0.0000 0.0000	</row0>
					<row1>	0.0000 1.0000 0.0000 0.0000	</row1>
					<row2>	0.0000 0.0000 1.0000 0.0000	</row2>
					<row3>	0.0000 0.0000 -6.5143 1.0000	</row3>
				</transform>
			</node>
			<node>
				<identifier>	HP_FX_WakeTrace_screw_1	</identifier>
				<transform>
					<row0>	1.0000 0.0000 0.0000 0.0000	</row0>
					<row1>	0.0000 1.0000 0.0000 0.0000	</row1>
					<row2>	0.0000 0.0000 1.0000 0.0000	</row2>
					<row3>	-0.2421 -0.3832 -5.4689 1.0000	</row3>
				</transform>
			</node>
			<node>
				<identifier>	HP_FX_WakeTrace_screw_2	</identifier>
				<transform>
					<row0>	1.0000 0.0000 0.0000 0.0000	</row0>
					<row1>	0.0000 1.0000 0.0000 0.0000	</row1>
					<row2>	0.0000 0.0000 1.0000 0.0000	</row2>
					<row3>	0.2421 -0.3832 -5.4689 1.0000	</row3>
				</transform>
			</node>
			<node>
				<identifier>	HP_RGB_1	</identifier>
				<transform>
					<row0>	-0.1232 0.0000 0.9924 0.0000	</row0>
					<row1>	0.0000 1.0000 0.0000 0.0000	</row1>
					<row2>	-0.9924 0.0000 -0.1232 0.0000	</row2>
					<row3>	-0.3842 0.2283 -5.8331 1.0000	</row3>
				</transform>
			</node>
			<node>
				<identifier>	HP_RGB_2	</identifier>
				<transform>
					<row0>	-0.1163 0.0000 -0.9932 0.0000	</row0>
					<row1>	0.0000 1.0000 0.0000 0.0000	</row1>
					<row2>	0.9932 0.0000 -0.1163 0.0000	</row2>
					<row3>	0.3842 0.2283 -5.8332 1.0000	</row3>
				</transform>
			</node>
			<node>
				<identifier>	HP_RGB_3	</identifier>
				<transform>
					<row0>	-0.1330 0.0000 0.9911 0.0000	</row0>
					<row1>	0.0000 1.0000 0.0000 0.0000	</row1>
					<row2>	-0.9911 0.0000 -0.1330 0.0000	</row2>
					<row3>	-0.3104 0.2285 -6.4086 1.0000	</row3>
				</transform>
			</node>
			<node>
				<identifier>	HP_RGB_4	</identifier>
				<transform>
					<row0>	-0.1298 0.0000 -0.9915 0.0000	</row0>
					<row1>	0.0000 1.0000 0.0000 0.0000	</row1>
					<row2>	0.9915 0.0000 -0.1298 0.0000	</row2>
					<row3>	0.3104 0.2285 -6.4086 1.0000	</row3>
				</transform>
			</node>
			<node>
				<identifier>	HP_RGB_5	</identifier>
				<transform>
					<row0>	-1.0000 0.0000 0.0000 0.0000	</row0>
					<row1>	0.0000 0.9895 -0.1444 0.0000	</row1>
					<row2>	0.0000 -0.1444 -0.9895 0.0000	</row2>
					<row3>	-0.1115 0.2011 -6.4580 1.0000	</row3>
				</transform>
			</node>
			<node>
				<identifier>	HP_RGB_6	</identifier>
				<transform>
					<row0>	-1.0000 0.0000 0.0000 0.0000	</row0>
					<row1>	0.0000 0.9895 -0.1444 0.0000	</row1>
					<row2>	0.0000 -0.1444 -0.9895 0.0000	</row2>
					<row3>	0.1115 0.2011 -6.4580 1.0000	</row3>
				</transform>
			</node>
			<node>
				<identifier>	HP_RGM_4	</identifier>
				<transform>
					<row0>	-1.0000 0.0000 0.0000 0.0000	</row0>
					<row1>	0.0000 1.0000 0.0000 0.0000	</row1>
					<row2>	0.0000 0.0000 -1.0000 0.0000	</row2>
					<row3>	0.0000 0.2778 -4.0901 1.0000	</row3>
				</transform>
			</node>
			<node>
				<identifier>	HP_Ship_death_3	</identifier>
				<transform>
					<row0>	1.0000 0.0000 0.0000 0.0000	</row0>
					<row1>	0.0000 1.0000 0.0000 0.0000	</row1>
					<row2>	0.0000 0.0000 1.0000 0.0000	</row2>
					<row3>	0.0000 0.0000 -3.6285 1.0000	</row3>
				</transform>
			</node>
			<node>
				<identifier>	MP_CM001_Propeller3_L	</identifier>
				<transform>
					<row0>	0.9999 -0.0009 -0.0166 0.0000	</row0>
					<row1>	0.0000 0.9985 -0.0556 0.0000	</row1>
					<row2>	0.0167 0.0556 0.9983 0.0000	</row2>
					<row3>	-0.2421 -0.3832 -5.4689 1.0000	</row3>
				</transform>
			</node>
			<node>
				<identifier>	MP_CM011_Fire_Fighting_Gear	</identifier>
				<transform>
					<row0>	-0.1280 0.0000 -0.9918 0.0000	</row0>
					<row1>	0.0000 1.0000 0.0000 0.0000	</row1>
					<row2>	0.9918 0.0000 -0.1280 0.0000	</row2>
					<row3>	0.3495 0.2212 -5.9974 1.0000	</row3>
				</transform>
			</node>
			<node>
				<identifier>	MP_CM011_Fire_Fighting_Gear_INDEX_1	</identifier>
				<transform>
					<row0>	1.0000 0.0000 0.0000 0.0000	</row0>
					<row1>	0.0000 1.0000 0.0000 0.0000	</row1>
					<row2>	0.0000 0.0000 1.0000 0.0000	</row2>
					<row3>	0.0000 0.2524 -4.3332 1.0000	</row3>
				</transform>
			</node>
			<node>
				<identifier>	MP_CM011_Fire_Fighting_Gear_INDEX_2	</identifier>
				<transform>
					<row0>	-0.1280 0.0000 0.9918 0.0000	</row0>
					<row1>	0.0000 1.0000 0.0000 0.0000	</row1>
					<row2>	-0.9918 0.0000 -0.1280 0.0000	</row2>
					<row3>	-0.3495 0.2212 -5.9974 1.0000	</row3>
				</transform>
			</node>
			<node>
				<identifier>	MP_CM032_Propeller3_R	</identifier>
				<transform>
					<row0>	1.0571 0.0010 0.0176 0.0000	</row0>
					<row1>	0.0000 1.0556 -0.0588 0.0000	</row1>
					<row2>	-0.0176 0.0588 1.0555 0.0000	</row2>
					<row3>	0.2421 -0.3832 -5.4689 1.0000	</row3>
				</transform>
			</node>
			<node>
				<identifier>	MP_CM059_Ladder_Cruiser	</identifier>
				<transform>
					<row0>	0.9945 0.0903 0.0533 0.0000	</row0>
					<row1>	-0.0901 0.9959 -0.0065 0.0000	</row1>
					<row2>	-0.0536 0.0017 0.9986 0.0000	</row2>
					<row3>	-0.5184 0.2288 -3.5411 1.0000	</row3>
				</transform>
			</node>
			<node>
				<identifier>	MP_CM086_Anchor_top	</identifier>
				<transform>
					<row0>	-1.2042 0.0000 0.0000 0.0000	</row0>
					<row1>	0.0000 1.0544 0.6481 0.0000	</row1>
					<row2>	0.0000 0.6306 -1.0259 0.0000	</row2>
					<row3>	-0.0004 0.0826 -6.5791 1.0000	</row3>
				</transform>
			</node>
			<node>
				<identifier>	MP_CM087_Anchor_down	</identifier>
				<transform>
					<row0>	-1.4622 0.0000 0.0000 0.0000	</row0>
					<row1>	0.0000 1.4564 -0.1300 0.0000	</row1>
					<row2>	0.0000 -0.1300 -1.4564 0.0000	</row2>
					<row3>	-0.0004 0.0826 -6.5790 1.0000	</row3>
				</transform>
			</node>
			<node>
				<identifier>	MP_CM109_Leadsman_Platform	</identifier>
				<transform>
					<row0>	0.0062 -1.0000 0.0000 0.0000	</row0>
					<row1>	-0.9881 -0.0061 -0.1534 0.0000	</row1>
					<row2>	0.1534 0.0009 -0.9882 0.0000	</row2>
					<row3>	-0.2901 0.2175 -6.5543 1.0000	</row3>
				</transform>
			</node>
			<node>
				<identifier>	MP_CM109_Leadsman_Platform_INDEX_1	</identifier>
				<transform>
					<row0>	-0.0060 -1.0000 0.0007 0.0000	</row0>
					<row1>	0.9881 -0.0061 -0.1534 0.0000	</row1>
					<row2>	0.1534 -0.0002 0.9882 0.0000	</row2>
					<row3>	0.2901 0.2175 -6.5543 1.0000	</row3>
				</transform>
			</node>
			<node>
				<identifier>	MP_CM117_Ladder_Cruiser_L	</identifier>
				<transform>
					<row0>	0.9945 -0.0903 -0.0533 0.0000	</row0>
					<row1>	0.0901 0.9959 -0.0065 0.0000	</row1>
					<row2>	0.0536 0.0017 0.9986 0.0000	</row2>
					<row3>	0.5212 0.2321 -3.5340 1.0000	</row3>
				</transform>
			</node>
			<node>
				<identifier>	MP_RM017_Fairlead	</identifier>
				<transform>
					<row0>	0.9899 -0.1090 -0.0905 0.0000	</row0>
					<row1>	0.1085 0.9940 -0.0099 0.0000	</row1>
					<row2>	0.0910 0.0000 0.9958 0.0000	</row2>
					<row3>	0.4496 0.2211 -5.1261 1.0000	</row3>
				</transform>
			</node>
			<node>
				<identifier>	MP_RM017_Fairlead_INDEX_1	</identifier>
				<transform>
					<row0>	0.9899 0.1090 0.0905 0.0000	</row0>
					<row1>	-0.1085 0.9940 -0.0099 0.0000	</row1>
					<row2>	-0.0910 0.0000 0.9958 0.0000	</row2>
					<row3>	-0.4496 0.2211 -5.1261 1.0000	</row3>
				</transform>
			</node>
			<node>
				<identifier>	MP_RM021_Screened_speed_light	</identifier>
				<transform>
					<row0>	-0.5892 0.0000 0.0000 0.0000	</row0>
					<row1>	0.0000 0.5892 0.0000 0.0000	</row1>
					<row2>	0.0000 0.0000 -0.5892 0.0000	</row2>
					<row3>	0.0000 0.2880 -6.6225 1.0000	</row3>
				</transform>
			</node>
			<node>
				<identifier>	MP_RM043_Griping_Spar	</identifier>
				<transform>
					<row0>	0.0000 0.0000 1.0000 0.0000	</row0>
					<row1>	0.0000 1.0000 0.0000 0.0000	</row1>
					<row2>	-0.8923 0.0000 0.0000 0.0000	</row2>
					<row3>	0.0000 0.2622 -4.9870 1.0000	</row3>
				</transform>
			</node>
			<node>
				<identifier>	MP_RM043_Griping_Spar_INDEX_1	</identifier>
				<transform>
					<row0>	0.0000 0.0000 1.0000 0.0000	</row0>
					<row1>	0.0000 1.0000 0.0000 0.0000	</row1>
					<row2>	-0.9475 0.0000 0.0000 0.0000	</row2>
					<row3>	0.0000 0.2622 -4.9135 1.0000	</row3>
				</transform>
			</node>
			<node>
				<identifier>	MP_RM043_Griping_Spar_INDEX_2	</identifier>
				<transform>
					<row0>	0.0000 0.0000 1.0000 0.0000	</row0>
					<row1>	0.0000 1.0000 0.0000 0.0000	</row1>
					<row2>	-0.9475 0.0000 0.0000 0.0000	</row2>
					<row3>	0.0000 0.2622 -4.9500 1.0000	</row3>
				</transform>
			</node>
			<node>
				<identifier>	MP_RM061_Basket_Rope	</identifier>
				<transform>
					<row0>	0.9962 0.0872 0.0000 0.0000	</row0>
					<row1>	-0.0872 0.9962 0.0000 0.0000	</row1>
					<row2>	0.0000 0.0000 1.0000 0.0000	</row2>
					<row3>	-0.5127 0.2208 -4.0929 1.0000	</row3>
				</transform>
			</node>
			<node>
				<identifier>	MP_RM061_Basket_Rope_INDEX_1	</identifier>
				<transform>
					<row0>	0.9938 0.1110 0.0000 0.0000	</row0>
					<row1>	-0.1110 0.9938 0.0000 0.0000	</row1>
					<row2>	0.0000 0.0000 1.0000 0.0000	</row2>
					<row3>	-0.4587 0.2218 -4.7851 1.0000	</row3>
				</transform>
			</node>
			<node>
				<identifier>	MP_RM061_Basket_Rope_INDEX_2	</identifier>
				<transform>
					<row0>	0.9967 -0.0812 0.0000 0.0000	</row0>
					<row1>	0.0812 0.9967 0.0000 0.0000	</row1>
					<row2>	0.0000 0.0000 1.0000 0.0000	</row2>
					<row3>	0.5044 0.2212 -4.1946 1.0000	</row3>
				</transform>
			</node>
			<node>
				<identifier>	MP_RM061_Basket_Rope_INDEX_3	</identifier>
				<transform>
					<row0>	0.9942 -0.1075 0.0000 0.0000	</row0>
					<row1>	0.1075 0.9942 0.0000 0.0000	</row1>
					<row2>	0.0000 0.0000 1.0000 0.0000	</row2>
					<row3>	0.4490 0.2220 -4.8786 1.0000	</row3>
				</transform>
			</node>
			<node>
				<identifier>	MP_RM061_Basket_Rope_INDEX_4	</identifier>
				<transform>
					<row0>	0.9954 -0.0955 0.0000 0.0000	</row0>
					<row1>	0.0955 0.9954 0.0000 0.0000	</row1>
					<row2>	0.0000 0.0000 1.0000 0.0000	</row2>
					<row3>	0.5126 0.2209 -4.0929 1.0000	</row3>
				</transform>
			</node>
			<node>
				<identifier>	MP_RM061_Basket_Rope_INDEX_5	</identifier>
				<transform>
					<row0>	0.9935 0.1134 0.0000 0.0000	</row0>
					<row1>	-0.1134 0.9934 -0.0161 0.0000	</row1>
					<row2>	-0.0018 0.0160 0.9999 0.0000	</row2>
					<row3>	-0.4502 0.2219 -4.8737 1.0000	</row3>
				</transform>
			</node>
			<node>
				<identifier>	MP_RM061_Basket_Rope_INDEX_6	</identifier>
				<transform>
					<row0>	0.9955 0.0944 0.0000 0.0000	</row0>
					<row1>	-0.0944 0.9955 0.0000 0.0000	</row1>
					<row2>	0.0000 0.0000 1.0000 0.0000	</row2>
					<row3>	-0.5045 0.2213 -4.1946 1.0000	</row3>
				</transform>
			</node>
			<node>
				<identifier>	MP_RM061_Basket_Rope_INDEX_7	</identifier>
				<transform>
					<row0>	-0.9953 -0.0971 0.0007 0.0000	</row0>
					<row1>	-0.0971 0.9952 -0.0126 0.0000	</row1>
					<row2>	0.0006 -0.0126 -0.9999 0.0000	</row2>
					<row3>	-0.4116 0.2225 -5.2738 1.0000	</row3>
				</transform>
			</node>
			<node>
				<identifier>	MP_RM111_Bollard	</identifier>
				<transform>
					<row0>	0.9946 0.1037 -0.0011 0.0000	</row0>
					<row1>	-0.1037 0.9945 -0.0138 0.0000	</row1>
					<row2>	-0.0003 0.0138 0.9999 0.0000	</row2>
					<row3>	-0.2722 0.2359 -5.2895 1.0000	</row3>
				</transform>
			</node>
			<node>
				<identifier>	MP_RM111_Bollard_INDEX_1	</identifier>
				<transform>
					<row0>	0.9995 0.0310 0.0004 0.0000	</row0>
					<row1>	-0.0310 0.9993 -0.0186 0.0000	</row1>
					<row2>	-0.0009 0.0186 0.9998 0.0000	</row2>
					<row3>	-0.0556 0.2419 -5.5670 1.0000	</row3>
				</transform>
			</node>
			<node>
				<identifier>	MP_RM111_Bollard_INDEX_2	</identifier>
				<transform>
					<row0>	0.9995 -0.0310 -0.0004 0.0000	</row0>
					<row1>	0.0310 0.9993 -0.0186 0.0000	</row1>
					<row2>	0.0009 0.0186 0.9998 0.0000	</row2>
					<row3>	0.0556 0.2419 -5.5670 1.0000	</row3>
				</transform>
			</node>
			<node>
				<identifier>	MP_RM111_Bollard_INDEX_3	</identifier>
				<transform>
					<row0>	0.9946 -0.1037 0.0011 0.0000	</row0>
					<row1>	0.1037 0.9945 -0.0138 0.0000	</row1>
					<row2>	0.0003 0.0138 0.9999 0.0000	</row2>
					<row3>	0.2722 0.2359 -5.2895 1.0000	</row3>
				</transform>
			</node>
			<node>
				<identifier>	MP_RM131_Headphones_locker	</identifier>
				<transform>
					<row0>	0.9996 0.0280 0.0000 0.0000	</row0>
					<row1>	-0.0280 0.9996 0.0000 0.0000	</row1>
					<row2>	0.0000 0.0000 1.0000 0.0000	</row2>
					<row3>	-0.0816 0.2484 -3.7717 1.0000	</row3>
				</transform>
			</node>
			<node>
				<identifier>	MP_RM131_Headphones_locker_INDEX_1	</identifier>
				<transform>
					<row0>	0.9996 -0.0280 0.0000 0.0000	</row0>
					<row1>	0.0280 0.9996 0.0000 0.0000	</row1>
					<row2>	0.0000 0.0000 1.0000 0.0000	</row2>
					<row3>	0.0816 0.2484 -3.7717 1.0000	</row3>
				</transform>
			</node>
			<node>
				<identifier>	MP_RM131_Headphones_locker_INDEX_2	</identifier>
				<transform>
					<row0>	-0.9996 -0.0280 0.0000 0.0000	</row0>
					<row1>	-0.0280 0.9996 0.0000 0.0000	</row1>
					<row2>	0.0000 0.0000 -1.0000 0.0000	</row2>
					<row3>	-0.1252 0.2471 -4.3932 1.0000	</row3>
				</transform>
			</node>
			<node>
				<identifier>	MP_RM183_Depth_Charge_BM1	</identifier>
				<transform>
					<row0>	0.9922 0.0000 -0.1248 0.0000	</row0>
					<row1>	0.0000 1.0000 0.0000 0.0000	</row1>
					<row2>	0.1248 0.0000 0.9922 0.0000	</row2>
					<row3>	0.3060 0.2202 -6.2851 1.0000	</row3>
				</transform>
			</node>
			<node>
				<identifier>	MP_RM183_Depth_Charge_BM1_INDEX_1	</identifier>
				<transform>
					<row0>	0.9922 0.0000 0.1248 0.0000	</row0>
					<row1>	0.0000 1.0000 0.0000 0.0000	</row1>
					<row2>	-0.1248 0.0000 0.9922 0.0000	</row2>
					<row3>	-0.3087 0.2202 -6.2640 1.0000	</row3>
				</transform>
			</node>
			<node>
				<identifier>	MP_RM183_Depth_Charge_BM1_INDEX_10	</identifier>
				<transform>
					<row0>	0.9923 0.0000 -0.1235 0.0000	</row0>
					<row1>	0.0000 1.0000 0.0000 0.0000	</row1>
					<row2>	0.1235 0.0000 0.9923 0.0000	</row2>
					<row3>	0.3505 0.2216 -5.9391 1.0000	</row3>
				</transform>
			</node>
			<node>
				<identifier>	MP_RM183_Depth_Charge_BM1_INDEX_11	</identifier>
				<transform>
					<row0>	0.9923 0.0000 -0.1235 0.0000	</row0>
					<row1>	0.0000 1.0000 0.0000 0.0000	</row1>
					<row2>	0.1235 0.0000 0.9923 0.0000	</row2>
					<row3>	0.3755 0.2224 -5.7347 1.0000	</row3>
				</transform>
			</node>
			<node>
				<identifier>	MP_RM183_Depth_Charge_BM1_INDEX_12	</identifier>
				<transform>
					<row0>	0.9923 0.0000 -0.1235 0.0000	</row0>
					<row1>	0.0000 1.0000 0.0000 0.0000	</row1>
					<row2>	0.1235 0.0000 0.9923 0.0000	</row2>
					<row3>	0.3729 0.2224 -5.7557 1.0000	</row3>
				</transform>
			</node>
			<node>
				<identifier>	MP_RM183_Depth_Charge_BM1_INDEX_13	</identifier>
				<transform>
					<row0>	0.9922 0.0000 -0.1248 0.0000	</row0>
					<row1>	0.0000 1.0000 0.0000 0.0000	</row1>
					<row2>	0.1248 0.0000 0.9922 0.0000	</row2>
					<row3>	0.3087 0.2202 -6.2640 1.0000	</row3>
				</transform>
			</node>
			<node>
				<identifier>	MP_RM183_Depth_Charge_BM1_INDEX_14	</identifier>
				<transform>
					<row0>	0.9923 0.0000 0.1235 0.0000	</row0>
					<row1>	0.0000 1.0000 0.0000 0.0000	</row1>
					<row2>	-0.1235 0.0000 0.9923 0.0000	</row2>
					<row3>	-0.3755 0.2224 -5.7347 1.0000	</row3>
				</transform>
			</node>
			<node>
				<identifier>	MP_RM183_Depth_Charge_BM1_INDEX_15	</identifier>
				<transform>
					<row0>	0.9922 0.0000 0.1248 0.0000	</row0>
					<row1>	0.0000 1.0000 0.0000 0.0000	</row1>
					<row2>	-0.1248 0.0000 0.9922 0.0000	</row2>
					<row3>	-0.3060 0.2202 -6.2851 1.0000	</row3>
				</transform>
			</node>
			<node>
				<identifier>	MP_RM183_Depth_Charge_BM1_INDEX_16	</identifier>
				<transform>
					<row0>	0.9922 0.0000 -0.1248 0.0000	</row0>
					<row1>	0.0000 1.0000 0.0000 0.0000	</row1>
					<row2>	0.1248 0.0000 0.9922 0.0000	</row2>
					<row3>	0.3113 0.2202 -6.2430 1.0000	</row3>
				</transform>
			</node>
			<node>
				<identifier>	MP_RM183_Depth_Charge_BM1_INDEX_17	</identifier>
				<transform>
					<row0>	0.9923 0.0000 -0.1235 0.0000	</row0>
					<row1>	0.0000 1.0000 0.0000 0.0000	</row1>
					<row2>	0.1235 0.0000 0.9923 0.0000	</row2>
					<row3>	0.3781 0.2224 -5.7137 1.0000	</row3>
				</transform>
			</node>
			<node>
				<identifier>	MP_RM183_Depth_Charge_BM1_INDEX_2	</identifier>
				<transform>
					<row0>	0.9923 0.0000 -0.1235 0.0000	</row0>
					<row1>	0.0000 1.0000 0.0000 0.0000	</row1>
					<row2>	0.1235 0.0000 0.9923 0.0000	</row2>
					<row3>	0.3531 0.2216 -5.9181 1.0000	</row3>
				</transform>
			</node>
			<node>
				<identifier>	MP_RM183_Depth_Charge_BM1_INDEX_3	</identifier>
				<transform>
					<row0>	0.9923 0.0000 -0.1235 0.0000	</row0>
					<row1>	0.0000 1.0000 0.0000 0.0000	</row1>
					<row2>	0.1235 0.0000 0.9923 0.0000	</row2>
					<row3>	0.3558 0.2216 -5.8970 1.0000	</row3>
				</transform>
			</node>
			<node>
				<identifier>	MP_RM183_Depth_Charge_BM1_INDEX_4	</identifier>
				<transform>
					<row0>	0.9923 0.0000 0.1235 0.0000	</row0>
					<row1>	0.0000 1.0000 0.0000 0.0000	</row1>
					<row2>	-0.1235 0.0000 0.9923 0.0000	</row2>
					<row3>	-0.3558 0.2216 -5.8970 1.0000	</row3>
				</transform>
			</node>
			<node>
				<identifier>	MP_RM183_Depth_Charge_BM1_INDEX_5	</identifier>
				<transform>
					<row0>	0.9923 0.0000 0.1235 0.0000	</row0>
					<row1>	0.0000 1.0000 0.0000 0.0000	</row1>
					<row2>	-0.1235 0.0000 0.9923 0.0000	</row2>
					<row3>	-0.3729 0.2224 -5.7557 1.0000	</row3>
				</transform>
			</node>
			<node>
				<identifier>	MP_RM183_Depth_Charge_BM1_INDEX_6	</identifier>
				<transform>
					<row0>	0.9923 0.0000 0.1235 0.0000	</row0>
					<row1>	0.0000 1.0000 0.0000 0.0000	</row1>
					<row2>	-0.1235 0.0000 0.9923 0.0000	</row2>
					<row3>	-0.3505 0.2216 -5.9391 1.0000	</row3>
				</transform>
			</node>
			<node>
				<identifier>	MP_RM183_Depth_Charge_BM1_INDEX_7	</identifier>
				<transform>
					<row0>	0.9923 0.0000 0.1235 0.0000	</row0>
					<row1>	0.0000 1.0000 0.0000 0.0000	</row1>
					<row2>	-0.1235 0.0000 0.9923 0.0000	</row2>
					<row3>	-0.3781 0.2224 -5.7137 1.0000	</row3>
				</transform>
			</node>
			<node>
				<identifier>	MP_RM183_Depth_Charge_BM1_INDEX_8	</identifier>
				<transform>
					<row0>	0.9922 0.0000 0.1248 0.0000	</row0>
					<row1>	0.0000 1.0000 0.0000 0.0000	</row1>
					<row2>	-0.1248 0.0000 0.9922 0.0000	</row2>
					<row3>	-0.3113 0.2202 -6.2430 1.0000	</row3>
				</transform>
			</node>
			<node>
				<identifier>	MP_RM183_Depth_Charge_BM1_INDEX_9	</identifier>
				<transform>
					<row0>	0.9923 0.0000 0.1235 0.0000	</row0>
					<row1>	0.0000 1.0000 0.0000 0.0000	</row1>
					<row2>	-0.1235 0.0000 0.9923 0.0000	</row2>
					<row3>	-0.3531 0.2216 -5.9181 1.0000	</row3>
				</transform>
			</node>
			<node>
				<identifier>	MP_RM200_Running_Lights_B	</identifier>
				<transform>
					<row0>	-1.4040 0.0000 0.0000 0.0000	</row0>
					<row1>	0.0000 1.4040 0.0000 0.0000	</row1>
					<row2>	0.0000 0.0000 -1.4040 0.0000	</row2>
					<row3>	0.0000 0.2614 -6.6117 1.0000	</row3>
				</transform>
			</node>
			<node>
				<identifier>	MP_RM202_Screen_Smoke_DA2	</identifier>
				<transform>
					<row0>	-0.1800 0.0000 0.9837 0.0000	</row0>
					<row1>	0.0000 1.0000 0.0000 0.0000	</row1>
					<row2>	-0.9837 0.0000 -0.1800 0.0000	</row2>
					<row3>	-0.2765 0.2198 -6.5001 1.0000	</row3>
				</transform>
			</node>
			<node>
				<identifier>	MP_RM202_Screen_Smoke_DA2_INDEX_1	</identifier>
				<transform>
					<row0>	-0.1800 0.0000 -0.9837 0.0000	</row0>
					<row1>	0.0000 1.0000 0.0000 0.0000	</row1>
					<row2>	0.9837 0.0000 -0.1800 0.0000	</row2>
					<row3>	0.2765 0.2198 -6.5001 1.0000	</row3>
				</transform>
			</node>
			<node>
				<identifier>	MP_RM219_Fairlead	</identifier>
				<transform>
					<row0>	1.4866 -0.0604 -0.1907 0.0000	</row0>
					<row1>	0.0599 1.4988 -0.0077 0.0000	</row1>
					<row2>	0.1909 0.0000 1.4878 0.0000	</row2>
					<row3>	0.3393 0.2264 -6.0644 1.0000	</row3>
				</transform>
			</node>
			<node>
				<identifier>	MP_RM219_Fairlead_INDEX_1	</identifier>
				<transform>
					<row0>	1.4866 0.0604 0.1907 0.0000	</row0>
					<row1>	-0.0599 1.4988 -0.0077 0.0000	</row1>
					<row2>	-0.1909 0.0000 1.4878 0.0000	</row2>
					<row3>	-0.3393 0.2264 -6.0644 1.0000	</row3>
				</transform>
			</node>
			<node>
				<identifier>	MP_RM221_Ventilation_Mushroom	</identifier>
				<transform>
					<row0>	1.9221 0.0000 0.0000 0.0000	</row0>
					<row1>	0.0000 1.9221 0.0000 0.0000	</row1>
					<row2>	0.0000 0.0000 1.9221 0.0000	</row2>
					<row3>	0.1491 0.2463 -4.8817 1.0000	</row3>
				</transform>
			</node>
			<node>
				<identifier>	MP_RM221_Ventilation_Mushroom_INDEX_1	</identifier>
				<transform>
					<row0>	1.9221 0.0000 0.0000 0.0000	</row0>
					<row1>	0.0000 1.9221 0.0000 0.0000	</row1>
					<row2>	0.0000 0.0000 1.9221 0.0000	</row2>
					<row3>	0.0245 0.2463 -4.5583 1.0000	</row3>
				</transform>
			</node>
			<node>
				<identifier>	MP_RM221_Ventilation_Mushroom_INDEX_2	</identifier>
				<transform>
					<row0>	1.9221 0.0000 0.0000 0.0000	</row0>
					<row1>	0.0000 1.9221 0.0000 0.0000	</row1>
					<row2>	0.0000 0.0000 1.9221 0.0000	</row2>
					<row3>	0.3222 0.2341 -4.8817 1.0000	</row3>
				</transform>
			</node>
			<node>
				<identifier>	MP_RM221_Ventilation_Mushroom_INDEX_3	</identifier>
				<transform>
					<row0>	1.9221 0.0000 0.0000 0.0000	</row0>
					<row1>	0.0000 1.9221 0.0000 0.0000	</row1>
					<row2>	0.0000 0.0000 1.9221 0.0000	</row2>
					<row3>	-0.2060 0.2403 -4.2299 1.0000	</row3>
				</transform>
			</node>
			<node>
				<identifier>	MP_RM221_Ventilation_Mushroom_INDEX_4	</identifier>
				<transform>
					<row0>	1.9221 0.0000 0.0000 0.0000	</row0>
					<row1>	0.0000 1.9221 0.0000 0.0000	</row1>
					<row2>	0.0000 0.0000 1.9221 0.0000	</row2>
					<row3>	-0.1978 0.2463 -4.8511 1.0000	</row3>
				</transform>
			</node>
			<node>
				<identifier>	MP_RM249_Coat_of_Arms_USSR	</identifier>
				<transform>
					<row0>	-1.0000 0.0000 0.0000 0.0000	</row0>
					<row1>	0.0000 0.9394 -0.3430 0.0000	</row1>
					<row2>	0.0000 -0.3430 -0.9394 0.0000	</row2>
					<row3>	0.0000 0.1878 -6.5876 1.0000	</row3>
				</transform>
			</node>
			<node>
				<identifier>	MP_RM254_Anchor_Capstan_Stern	</identifier>
				<transform>
					<row0>	1.0000 0.0000 0.0000 0.0000	</row0>
					<row1>	0.0000 1.0000 0.0000 0.0000	</row1>
					<row2>	0.0000 0.0000 1.0000 0.0000	</row2>
					<row3>	-0.0675 0.2495 -5.3305 1.0000	</row3>
				</transform>
			</node>
			<node>
				<identifier>	MP_RM254_Anchor_Capstan_Stern_INDEX_1	</identifier>
				<transform>
					<row0>	1.0000 0.0000 0.0000 0.0000	</row0>
					<row1>	0.0000 1.0000 0.0000 0.0000	</row1>
					<row2>	0.0000 0.0000 1.0000 0.0000	</row2>
					<row3>	0.0675 0.2495 -5.3305 1.0000	</row3>
				</transform>
			</node>
			<node>
				<identifier>	MP_RM273_Fire_Hose_Rack_box	</identifier>
				<transform>
					<row0>	0.0000 0.0000 1.0000 0.0000	</row0>
					<row1>	0.0000 1.0000 0.0000 0.0000	</row1>
					<row2>	-1.0000 0.0000 0.0000 0.0000	</row2>
					<row3>	-0.2324 0.2688 -4.0901 1.0000	</row3>
				</transform>
			</node>
			<node>
				<identifier>	MP_RM273_Fire_Hose_Rack_box_INDEX_1	</identifier>
				<transform>
					<row0>	0.0000 0.0000 -1.0000 0.0000	</row0>
					<row1>	0.0000 1.0000 0.0000 0.0000	</row1>
					<row2>	1.0000 0.0000 0.0000 0.0000	</row2>
					<row3>	0.2324 0.2688 -4.0901 1.0000	</row3>
				</transform>
			</node>
			<node>
				<identifier>	MP_RM277_Davit	</identifier>
				<transform>
					<row0>	0.7369 0.0000 0.0845 0.0000	</row0>
					<row1>	0.0000 0.7418 0.0000 0.0000	</row1>
					<row2>	-0.0845 0.0000 0.7369 0.0000	</row2>
					<row3>	-0.4644 0.2142 -5.2059 1.0000	</row3>
				</transform>
			</node>
			<node>
				<identifier>	MP_RM277_Davit_INDEX_1	</identifier>
				<transform>
					<row0>	0.9968 0.0000 0.0794 0.0000	</row0>
					<row1>	0.0000 1.0000 0.0000 0.0000	</row1>
					<row2>	-0.0794 0.0000 0.9968 0.0000	</row2>
					<row3>	-0.5405 0.2142 -4.2780 1.0000	</row3>
				</transform>
			</node>
			<node>
				<identifier>	MP_RM277_Davit_INDEX_2	</identifier>
				<transform>
					<row0>	0.9969 0.0000 -0.0792 0.0000	</row0>
					<row1>	0.0000 1.0000 0.0000 0.0000	</row1>
					<row2>	0.0792 0.0000 0.9969 0.0000	</row2>
					<row3>	0.5039 0.2142 -4.7395 1.0000	</row3>
				</transform>
			</node>
			<node>
				<identifier>	MP_RM277_Davit_INDEX_3	</identifier>
				<transform>
					<row0>	0.9973 0.0000 -0.0740 0.0000	</row0>
					<row1>	0.0000 1.0000 0.0000 0.0000	</row1>
					<row2>	0.0740 0.0000 0.9973 0.0000	</row2>
					<row3>	0.5391 0.2142 -4.2762 1.0000	</row3>
				</transform>
			</node>
			<node>
				<identifier>	MP_RM277_Davit_INDEX_4	</identifier>
				<transform>
					<row0>	0.7388 0.0000 0.0663 0.0000	</row0>
					<row1>	0.0000 0.7418 0.0000 0.0000	</row1>
					<row2>	-0.0663 0.0000 0.7388 0.0000	</row2>
					<row3>	-0.4889 0.2142 -4.9314 1.0000	</row3>
				</transform>
			</node>
			<node>
				<identifier>	MP_RM277_Davit_INDEX_5	</identifier>
				<transform>
					<row0>	0.9969 0.0000 0.0781 0.0000	</row0>
					<row1>	0.0000 1.0000 0.0000 0.0000	</row1>
					<row2>	-0.0781 0.0000 0.9969 0.0000	</row2>
					<row3>	-0.5160 0.2142 -4.5941 1.0000	</row3>
				</transform>
			</node>
			<node>
				<identifier>	MP_RM284_Hatch	</identifier>
				<transform>
					<row0>	0.5426 0.0000 0.0000 0.0000	</row0>
					<row1>	0.0000 0.5426 0.0000 0.0000	</row1>
					<row2>	0.0000 0.0000 0.5426 0.0000	</row2>
					<row3>	0.2313 0.2449 -3.7824 1.0000	</row3>
				</transform>
			</node>
			<node>
				<identifier>	MP_RM284_Hatch_INDEX_1	</identifier>
				<transform>
					<row0>	1.0000 0.0000 0.0000 0.0000	</row0>
					<row1>	0.0000 1.0000 0.0000 0.0000	</row1>
					<row2>	0.0000 0.0000 1.0000 0.0000	</row2>
					<row3>	0.1600 0.2445 -4.4760 1.0000	</row3>
				</transform>
			</node>
			<node>
				<identifier>	MP_RM284_Hatch_INDEX_2	</identifier>
				<transform>
					<row0>	1.0000 0.0000 0.0000 0.0000	</row0>
					<row1>	0.0000 1.0000 0.0000 0.0000	</row1>
					<row2>	0.0000 0.0000 1.0000 0.0000	</row2>
					<row3>	-0.0517 0.2481 -5.0641 1.0000	</row3>
				</transform>
			</node>
			<node>
				<identifier>	MP_RM284_Hatch_INDEX_3	</identifier>
				<transform>
					<row0>	1.0000 0.0000 0.0000 0.0000	</row0>
					<row1>	0.0000 1.0000 0.0000 0.0000	</row1>
					<row2>	0.0000 0.0000 1.0000 0.0000	</row2>
					<row3>	0.0517 0.2481 -5.0641 1.0000	</row3>
				</transform>
			</node>
			<node>
				<identifier>	MP_RM284_Hatch_INDEX_4	</identifier>
				<transform>
					<row0>	1.0000 0.0000 0.0000 0.0000	</row0>
					<row1>	0.0000 1.0000 0.0000 0.0000	</row1>
					<row2>	0.0000 0.0000 1.0000 0.0000	</row2>
					<row3>	0.0000 0.2492 -3.6413 1.0000	</row3>
				</transform>
			</node>
			<node>
				<identifier>	MP_RM287_Hatch	</identifier>
				<transform>
					<row0>	-1.0000 0.0000 0.0000 0.0000	</row0>
					<row1>	0.0000 1.0000 0.0000 0.0000	</row1>
					<row2>	0.0000 0.0000 -1.0000 0.0000	</row2>
					<row3>	-0.0361 0.2322 -6.0419 1.0000	</row3>
				</transform>
			</node>
			<node>
				<identifier>	MP_RM287_Hatch_INDEX_1	</identifier>
				<transform>
					<row0>	-1.0000 0.0000 0.0000 0.0000	</row0>
					<row1>	0.0000 1.0000 0.0000 0.0000	</row1>
					<row2>	0.0000 0.0000 -1.0000 0.0000	</row2>
					<row3>	0.0377 0.2492 -4.8202 1.0000	</row3>
				</transform>
			</node>
			<node>
				<identifier>	MP_RM287_Hatch_INDEX_2	</identifier>
				<transform>
					<row0>	-1.0000 0.0000 0.0000 0.0000	</row0>
					<row1>	0.0000 1.0000 0.0000 0.0000	</row1>
					<row2>	0.0000 0.0000 -1.0000 0.0000	</row2>
					<row3>	0.0425 0.2263 -6.2451 1.0000	</row3>
				</transform>
			</node>
			<node>
				<identifier>	MP_RM288_Hatch	</identifier>
				<transform>
					<row0>	0.0000 0.0000 1.0000 0.0000	</row0>
					<row1>	0.0000 1.0000 0.0000 0.0000	</row1>
					<row2>	-1.0000 0.0000 0.0000 0.0000	</row2>
					<row3>	0.1694 0.2458 -3.8800 1.0000	</row3>
				</transform>
			</node>
			<node>
				<identifier>	MP_RM288_Hatch_INDEX_1	</identifier>
				<transform>
					<row0>	0.0000 0.0000 1.0000 0.0000	</row0>
					<row1>	0.0000 1.0000 0.0000 0.0000	</row1>
					<row2>	-1.0000 0.0000 0.0000 0.0000	</row2>
					<row3>	-0.1689 0.2458 -3.7326 1.0000	</row3>
				</transform>
			</node>
			<node>
				<identifier>	MP_RM289_Reel	</identifier>
				<transform>
					<row0>	1.0000 0.0000 0.0000 0.0000	</row0>
					<row1>	0.0000 1.0000 0.0000 0.0000	</row1>
					<row2>	0.0000 0.0000 1.0000 0.0000	</row2>
					<row3>	-0.0452 0.2484 -4.4972 1.0000	</row3>
				</transform>
			</node>
			<node>
				<identifier>	MP_RM291_Reel	</identifier>
				<transform>
					<row0>	-1.0000 0.0000 0.0000 0.0000	</row0>
					<row1>	0.0000 1.0000 0.0000 0.0000	</row1>
					<row2>	0.0000 0.0000 -1.0000 0.0000	</row2>
					<row3>	0.0787 0.2474 -4.6011 1.0000	</row3>
				</transform>
			</node>
			<node>
				<identifier>	MP_RM291_Reel_INDEX_1	</identifier>
				<transform>
					<row0>	-1.0000 0.0000 0.0000 0.0000	</row0>
					<row1>	0.0000 1.0000 0.0000 0.0000	</row1>
					<row2>	0.0000 0.0000 -1.0000 0.0000	</row2>
					<row3>	-0.1066 0.2464 -4.6249 1.0000	</row3>
				</transform>
			</node>
			<node>
				<identifier>	MP_RM295_Ventilation	</identifier>
				<transform>
					<row0>	1.7979 0.0000 0.0000 0.0000	</row0>
					<row1>	0.0000 1.7979 0.0000 0.0000	</row1>
					<row2>	0.0000 0.0000 1.7979 0.0000	</row2>
					<row3>	0.0245 0.2344 -4.6079 1.0000	</row3>
				</transform>
			</node>
			<node>
				<identifier>	MP_RM295_Ventilation_INDEX_1	</identifier>
				<transform>
					<row0>	1.7979 0.0000 0.0000 0.0000	</row0>
					<row1>	0.0000 1.7979 0.0000 0.0000	</row1>
					<row2>	0.0000 0.0000 1.7979 0.0000	</row2>
					<row3>	-0.0311 0.2370 -5.2316 1.0000	</row3>
				</transform>
			</node>
			<node>
				<identifier>	MP_RM295_Ventilation_INDEX_10	</identifier>
				<transform>
					<row0>	1.4341 0.0000 0.0000 0.0000	</row0>
					<row1>	0.0000 1.4341 0.0000 0.0000	</row1>
					<row2>	0.0000 0.0000 1.4341 0.0000	</row2>
					<row3>	0.3905 0.2306 -3.6680 1.0000	</row3>
				</transform>
			</node>
			<node>
				<identifier>	MP_RM295_Ventilation_INDEX_11	</identifier>
				<transform>
					<row0>	1.7079 0.0000 0.0000 0.0000	</row0>
					<row1>	0.0000 1.7079 0.0000 0.0000	</row1>
					<row2>	0.0000 0.0000 1.7079 0.0000	</row2>
					<row3>	0.0651 0.2442 -3.6344 1.0000	</row3>
				</transform>
			</node>
			<node>
				<identifier>	MP_RM295_Ventilation_INDEX_12	</identifier>
				<transform>
					<row0>	1.3843 0.0000 0.0000 0.0000	</row0>
					<row1>	0.0000 1.3843 0.0000 0.0000	</row1>
					<row2>	0.0000 0.0000 1.3843 0.0000	</row2>
					<row3>	0.0825 0.2198 -4.4290 1.0000	</row3>
				</transform>
			</node>
			<node>
				<identifier>	MP_RM295_Ventilation_INDEX_13	</identifier>
				<transform>
					<row0>	1.4341 0.0000 0.0000 0.0000	</row0>
					<row1>	0.0000 1.4341 0.0000 0.0000	</row1>
					<row2>	0.0000 0.0000 1.4341 0.0000	</row2>
					<row3>	0.1809 0.2417 -3.7464 1.0000	</row3>
				</transform>
			</node>
			<node>
				<identifier>	MP_RM295_Ventilation_INDEX_14	</identifier>
				<transform>
					<row0>	1.7000 0.0000 0.0000 0.0000	</row0>
					<row1>	0.0000 1.7000 0.0000 0.0000	</row1>
					<row2>	0.0000 0.0000 1.7000 0.0000	</row2>
					<row3>	0.2109 0.2418 -3.6939 1.0000	</row3>
				</transform>
			</node>
			<node>
				<identifier>	MP_RM295_Ventilation_INDEX_15	</identifier>
				<transform>
					<row0>	1.4864 0.0000 0.0000 0.0000	</row0>
					<row1>	0.0000 1.4864 0.0000 0.0000	</row1>
					<row2>	0.0000 0.0000 1.4864 0.0000	</row2>
					<row3>	-0.1127 0.2193 -5.0863 1.0000	</row3>
				</transform>
			</node>
			<node>
				<identifier>	MP_RM295_Ventilation_INDEX_2	</identifier>
				<transform>
					<row0>	1.5414 0.0000 0.0000 0.0000	</row0>
					<row1>	0.0000 1.5414 0.0000 0.0000	</row1>
					<row2>	0.0000 0.0000 1.5414 0.0000	</row2>
					<row3>	0.2090 0.2104 -4.3868 1.0000	</row3>
				</transform>
			</node>
			<node>
				<identifier>	MP_RM295_Ventilation_INDEX_3	</identifier>
				<transform>
					<row0>	1.4341 0.0000 0.0000 0.0000	</row0>
					<row1>	0.0000 1.4341 0.0000 0.0000	</row1>
					<row2>	0.0000 0.0000 1.4341 0.0000	</row2>
					<row3>	0.0538 0.2213 -5.9870 1.0000	</row3>
				</transform>
			</node>
			<node>
				<identifier>	MP_RM295_Ventilation_INDEX_4	</identifier>
				<transform>
					<row0>	1.4341 0.0000 0.0000 0.0000	</row0>
					<row1>	0.0000 1.4341 0.0000 0.0000	</row1>
					<row2>	0.0000 0.0000 1.4341 0.0000	</row2>
					<row3>	0.1570 0.2424 -3.6925 1.0000	</row3>
				</transform>
			</node>
			<node>
				<identifier>	MP_RM295_Ventilation_INDEX_5	</identifier>
				<transform>
					<row0>	1.4864 0.0000 0.0000 0.0000	</row0>
					<row1>	0.0000 1.4864 0.0000 0.0000	</row1>
					<row2>	0.0000 0.0000 1.4864 0.0000	</row2>
					<row3>	0.1117 0.2203 -5.0907 1.0000	</row3>
				</transform>
			</node>
			<node>
				<identifier>	MP_RM295_Ventilation_INDEX_6	</identifier>
				<transform>
					<row0>	1.7079 0.0000 0.0000 0.0000	</row0>
					<row1>	0.0000 1.7079 0.0000 0.0000	</row1>
					<row2>	0.0000 0.0000 1.7079 0.0000	</row2>
					<row3>	-0.1017 0.2435 -3.6312 1.0000	</row3>
				</transform>
			</node>
			<node>
				<identifier>	MP_RM295_Ventilation_INDEX_7	</identifier>
				<transform>
					<row0>	1.4341 0.0000 0.0000 0.0000	</row0>
					<row1>	0.0000 1.4341 0.0000 0.0000	</row1>
					<row2>	0.0000 0.0000 1.4341 0.0000	</row2>
					<row3>	0.3925 0.2300 -3.5964 1.0000	</row3>
				</transform>
			</node>
			<node>
				<identifier>	MP_RM295_Ventilation_INDEX_8	</identifier>
				<transform>
					<row0>	1.8578 0.0000 0.0000 0.0000	</row0>
					<row1>	0.0000 1.8578 0.0000 0.0000	</row1>
					<row2>	0.0000 0.0000 1.8578 0.0000	</row2>
					<row3>	-0.1874 0.2104 -4.3681 1.0000	</row3>
				</transform>
			</node>
			<node>
				<identifier>	MP_RM295_Ventilation_INDEX_9	</identifier>
				<transform>
					<row0>	1.4341 0.0000 0.0000 0.0000	</row0>
					<row1>	0.0000 1.4341 0.0000 0.0000	</row1>
					<row2>	0.0000 0.0000 1.4341 0.0000	</row2>
					<row3>	0.3845 0.2306 -3.8249 1.0000	</row3>
				</transform>
			</node>
			<node>
				<identifier>	MP_RM310_Crane_for_Ladder	</identifier>
				<transform>
					<row0>	0.9976 0.0000 0.0689 0.0000	</row0>
					<row1>	0.0000 1.0000 0.0000 0.0000	</row1>
					<row2>	-0.0689 0.0000 0.9976 0.0000	</row2>
					<row3>	-0.5496 0.2102 -4.0796 1.0000	</row3>
				</transform>
			</node>
			<node>
				<identifier>	MP_RM310_Crane_for_Ladder_INDEX_1	</identifier>
				<transform>
					<row0>	0.9976 0.0000 -0.0689 0.0000	</row0>
					<row1>	0.0000 1.0000 0.0000 0.0000	</row1>
					<row2>	0.0689 0.0000 0.9976 0.0000	</row2>
					<row3>	0.5496 0.2102 -4.0796 1.0000	</row3>
				</transform>
			</node>
			<node>
				<identifier>	MP_RM320_Rescue_Eggs	</identifier>
				<transform>
					<row0>	-0.1176 0.0000 0.9931 0.0000	</row0>
					<row1>	0.0000 1.0000 0.0000 0.0000	</row1>
					<row2>	-0.9931 0.0000 -0.1176 0.0000	</row2>
					<row3>	-0.3506 0.2670 -6.1847 1.0000	</row3>
				</transform>
			</node>
			<node>
				<identifier>	MP_RM320_Rescue_Eggs_INDEX_1	</identifier>
				<transform>
					<row0>	-0.1374 0.0000 -0.9905 0.0000	</row0>
					<row1>	0.0000 1.0000 0.0000 0.0000	</row1>
					<row2>	0.9905 0.0000 -0.1374 0.0000	</row2>
					<row3>	0.3504 0.2670 -6.1847 1.0000	</row3>
				</transform>
			</node>
		</node>
	</node>
	<boundingBox>
		<min>	-0.0667 -0.0667 -0.0667	</min>
		<max>	0.0667 0.0667 0.0667	</max>
	</boundingBox>
</RSC017_Pr_68_Lazo_1940_Stern_ports.visual>
