<BSS006_Thrasher_1944_Stern_ports.visual>
	<node>
		<identifier>	Scene Root	</identifier>
		<transform>
			<row0>	1.0000 0.0000 0.0000 0.0000	</row0>
			<row1>	0.0000 1.0000 0.0000 0.0000	</row1>
			<row2>	0.0000 0.0000 1.0000 0.0000	</row2>
			<row3>	0.0000 0.0000 0.0000 1.0000	</row3>
		</transform>
		<node>
			<identifier>	Stern_ports	</identifier>
			<transform>
				<row0>	1.0000 0.0000 0.0000 0.0000	</row0>
				<row1>	0.0000 1.0000 0.0000 0.0000	</row1>
				<row2>	0.0000 0.0000 1.0000 0.0000	</row2>
				<row3>	0.0000 0.0000 0.0000 1.0000	</row3>
			</transform>
			<node>
				<identifier>	HP_BGT_09	</identifier>
				<transform>
					<row0>	-0.9925 -0.0012 -0.1222 0.0000	</row0>
					<row1>	0.0012 0.9998 -0.0192 0.0000	</row1>
					<row2>	0.1222 -0.0192 -0.9923 0.0000	</row2>
					<row3>	0.0589 0.1230 -0.7888 1.0000	</row3>
				</transform>
			</node>
			<node>
				<identifier>	HP_BGT_10	</identifier>
				<transform>
					<row0>	-0.9925 0.0012 0.1222 0.0000	</row0>
					<row1>	-0.0012 0.9998 -0.0192 0.0000	</row1>
					<row2>	-0.1222 -0.0192 -0.9923 0.0000	</row2>
					<row3>	-0.0589 0.1230 -0.7888 1.0000	</row3>
				</transform>
			</node>
			<node>
				<identifier>	HP_BGT_11	</identifier>
				<transform>
					<row0>	-1.0000 0.0000 0.0000 0.0000	</row0>
					<row1>	0.0000 0.9991 -0.0419 0.0000	</row1>
					<row2>	0.0000 -0.0419 -0.9991 0.0000	</row2>
					<row3>	0.0000 0.0965 -2.0975 1.0000	</row3>
				</transform>
			</node>
			<node>
				<identifier>	HP_FX_Death_3	</identifier>
				<transform>
					<row0>	1.0000 0.0000 0.0000 0.0000	</row0>
					<row1>	0.0000 1.0000 0.0000 0.0000	</row1>
					<row2>	0.0000 0.0000 1.0000 0.0000	</row2>
					<row3>	0.0000 0.0000 -1.6488 1.0000	</row3>
				</transform>
			</node>
			<node>
				<identifier>	HP_FX_Descent_2	</identifier>
				<transform>
					<row0>	0.2671 -0.9636 0.0000 0.0000	</row0>
					<row1>	0.9636 0.2671 0.0000 0.0000	</row1>
					<row2>	0.0000 0.0000 1.0000 0.0000	</row2>
					<row3>	0.0384 0.0820 -1.9574 1.0000	</row3>
				</transform>
			</node>
			<node>
				<identifier>	HP_FX_Descent_4	</identifier>
				<transform>
					<row0>	-0.7849 -0.6197 0.0000 0.0000	</row0>
					<row1>	-0.6197 0.7849 0.0000 0.0000	</row1>
					<row2>	0.0000 0.0000 -1.0000 0.0000	</row2>
					<row3>	-0.0925 0.0382 -1.4587 1.0000	</row3>
				</transform>
			</node>
			<node>
				<identifier>	HP_FX_Flood_steam_1	</identifier>
				<transform>
					<row0>	0.4987 -0.8668 0.0000 0.0000	</row0>
					<row1>	0.8668 0.4987 0.0000 0.0000	</row1>
					<row2>	0.0000 0.0000 1.0000 0.0000	</row2>
					<row3>	0.0397 0.0948 -2.1364 1.0000	</row3>
				</transform>
			</node>
			<node>
				<identifier>	HP_FX_Flood_water_left	</identifier>
				<transform>
					<row0>	-0.9575 -0.2884 0.0000 0.0000	</row0>
					<row1>	-0.2884 0.9575 0.0000 0.0000	</row1>
					<row2>	0.0000 0.0000 -1.0000 0.0000	</row2>
					<row3>	-0.0366 0.0812 -1.9571 1.0000	</row3>
				</transform>
			</node>
			<node>
				<identifier>	HP_FX_Flood_water_right	</identifier>
				<transform>
					<row0>	0.9362 -0.3514 0.0000 0.0000	</row0>
					<row1>	0.3514 0.9362 0.0000 0.0000	</row1>
					<row2>	0.0000 0.0000 1.0000 0.0000	</row2>
					<row3>	0.0370 0.0815 -1.9572 1.0000	</row3>
				</transform>
			</node>
			<node>
				<identifier>	HP_FX_Oil	</identifier>
				<transform>
					<row0>	0.7790 -0.6270 0.0000 0.0000	</row0>
					<row1>	0.6270 0.7790 0.0000 0.0000	</row1>
					<row2>	0.0000 0.0000 1.0000 0.0000	</row2>
					<row3>	0.0353 0.0943 -2.1362 1.0000	</row3>
				</transform>
			</node>
			<node>
				<identifier>	HP_FX_Runoff_deluge_left_11	</identifier>
				<transform>
					<row0>	-0.9934 -0.0018 -0.1141 0.0000	</row0>
					<row1>	0.0000 0.9999 -0.0155 0.0000	</row1>
					<row2>	0.1141 -0.0154 -0.9933 0.0000	</row2>
					<row3>	-0.0721 0.1252 -1.4515 1.0000	</row3>
				</transform>
			</node>
			<node>
				<identifier>	HP_FX_Runoff_deluge_left_12	</identifier>
				<transform>
					<row0>	-0.9934 -0.0018 -0.1141 0.0000	</row0>
					<row1>	0.0000 0.9999 -0.0155 0.0000	</row1>
					<row2>	0.1141 -0.0154 -0.9933 0.0000	</row2>
					<row3>	-0.0387 0.1178 -1.7337 1.0000	</row3>
				</transform>
			</node>
			<node>
				<identifier>	HP_FX_Runoff_deluge_left_13	</identifier>
				<transform>
					<row0>	-0.9999 -0.0018 -0.0111 0.0000	</row0>
					<row1>	-0.0016 0.9999 -0.0154 0.0000	</row1>
					<row2>	0.0111 -0.0154 -0.9998 0.0000	</row2>
					<row3>	-0.0358 0.1127 -2.0161 1.0000	</row3>
				</transform>
			</node>
			<node>
				<identifier>	HP_FX_Runoff_deluge_left_14	</identifier>
				<transform>
					<row0>	-1.0000 -0.0018 -0.0007 0.0000	</row0>
					<row1>	-0.0018 0.9996 -0.0274 0.0000	</row1>
					<row2>	0.0007 -0.0274 -0.9996 0.0000	</row2>
					<row3>	-0.0349 0.0997 -2.3641 1.0000	</row3>
				</transform>
			</node>
			<node>
				<identifier>	HP_FX_Runoff_deluge_right_12	</identifier>
				<transform>
					<row0>	0.9954 0.0073 -0.0955 0.0000	</row0>
					<row1>	-0.0091 0.9998 -0.0187 0.0000	</row1>
					<row2>	0.0954 0.0195 0.9952 0.0000	</row2>
					<row3>	0.0633 0.1237 -1.5225 1.0000	</row3>
				</transform>
			</node>
			<node>
				<identifier>	HP_FX_Runoff_deluge_right_13	</identifier>
				<transform>
					<row0>	0.9954 0.0073 -0.0955 0.0000	</row0>
					<row1>	-0.0091 0.9998 -0.0187 0.0000	</row1>
					<row2>	0.0954 0.0195 0.9952 0.0000	</row2>
					<row3>	0.0427 0.1194 -1.6981 1.0000	</row3>
				</transform>
			</node>
			<node>
				<identifier>	HP_FX_Runoff_deluge_right_14	</identifier>
				<transform>
					<row0>	0.9999 0.0073 0.0088 0.0000	</row0>
					<row1>	-0.0071 0.9998 -0.0196 0.0000	</row1>
					<row2>	-0.0090 0.0195 0.9998 0.0000	</row2>
					<row3>	0.0359 0.1128 -1.9125 1.0000	</row3>
				</transform>
			</node>
			<node>
				<identifier>	HP_FX_Runoff_deluge_right_15	</identifier>
				<transform>
					<row0>	0.9999 0.0076 0.0086 0.0000	</row0>
					<row1>	-0.0071 0.9985 -0.0544 0.0000	</row1>
					<row2>	-0.0090 0.0543 0.9985 0.0000	</row2>
					<row3>	0.0350 0.0978 -2.3637 1.0000	</row3>
				</transform>
			</node>
			<node>
				<identifier>	HP_FX_Runoff_left_2	</identifier>
				<transform>
					<row0>	-0.9818 0.1898 -0.0091 0.0000	</row0>
					<row1>	0.1901 0.9813 -0.0283 0.0000	</row1>
					<row2>	0.0035 -0.0296 -0.9996 0.0000	</row2>
					<row3>	-0.0400 0.1329 -1.8721 1.0000	</row3>
				</transform>
			</node>
			<node>
				<identifier>	HP_FX_Runoff_right_2	</identifier>
				<transform>
					<row0>	0.9781 0.2074 -0.0203 0.0000	</row0>
					<row1>	-0.2080 0.9779 -0.0217 0.0000	</row1>
					<row2>	0.0154 0.0254 0.9996 0.0000	</row2>
					<row3>	0.0400 0.1329 -1.8721 1.0000	</row3>
				</transform>
			</node>
			<node>
				<identifier>	HP_FX_Runoff_up_left_3	</identifier>
				<transform>
					<row0>	-1.0000 0.0000 0.0043 0.0000	</row0>
					<row1>	0.0000 0.9997 -0.0256 0.0000	</row1>
					<row2>	-0.0043 -0.0256 -0.9997 0.0000	</row2>
					<row3>	-0.0400 0.1469 -1.6332 1.0000	</row3>
				</transform>
			</node>
			<node>
				<identifier>	HP_FX_Runoff_up_right_3	</identifier>
				<transform>
					<row0>	1.0000 0.0000 -0.0005 0.0000	</row0>
					<row1>	0.0000 0.9985 -0.0547 0.0000	</row1>
					<row2>	0.0005 0.0547 0.9985 0.0000	</row2>
					<row3>	0.0400 0.1469 -1.6332 1.0000	</row3>
				</transform>
			</node>
			<node>
				<identifier>	HP_FX_WakeTraceBack	</identifier>
				<transform>
					<row0>	1.0000 0.0000 0.0000 0.0000	</row0>
					<row1>	0.0000 1.0000 0.0000 0.0000	</row1>
					<row2>	0.0000 0.0000 1.0000 0.0000	</row2>
					<row3>	0.0000 0.0000 -2.7328 1.0000	</row3>
				</transform>
			</node>
			<node>
				<identifier>	HP_FX_WakeTrace_screw_1	</identifier>
				<transform>
					<row0>	1.0000 0.0000 0.0000 0.0000	</row0>
					<row1>	0.0000 1.0000 0.0000 0.0000	</row1>
					<row2>	0.0000 0.0000 1.0000 0.0000	</row2>
					<row3>	-0.0690 -0.1393 -2.4256 1.0000	</row3>
				</transform>
			</node>
			<node>
				<identifier>	HP_FX_WakeTrace_screw_2	</identifier>
				<transform>
					<row0>	1.0000 0.0000 0.0000 0.0000	</row0>
					<row1>	0.0000 1.0000 0.0000 0.0000	</row1>
					<row2>	0.0000 0.0000 1.0000 0.0000	</row2>
					<row3>	0.0687 -0.1392 -2.4256 1.0000	</row3>
				</transform>
			</node>
			<node>
				<identifier>	HP_Ship_death_3	</identifier>
				<transform>
					<row0>	1.0000 0.0000 0.0000 0.0000	</row0>
					<row1>	0.0000 1.0000 0.0000 0.0000	</row1>
					<row2>	0.0000 0.0000 1.0000 0.0000	</row2>
					<row3>	0.0000 0.0000 -1.3771 1.0000	</row3>
				</transform>
			</node>
			<node>
				<identifier>	HP_Torp_Cap_10	</identifier>
				<transform>
					<row0>	1.0000 0.0000 0.0000 0.0000	</row0>
					<row1>	0.0000 1.0000 0.0000 0.0000	</row1>
					<row2>	0.0000 0.0000 1.0000 0.0000	</row2>
					<row3>	-0.1161 0.1140 -1.2534 1.0000	</row3>
				</transform>
			</node>
			<node>
				<identifier>	HP_Torp_Cap_11	</identifier>
				<transform>
					<row0>	1.0000 0.0000 0.0000 0.0000	</row0>
					<row1>	0.0000 1.0000 0.0000 0.0000	</row1>
					<row2>	0.0000 0.0000 1.0000 0.0000	</row2>
					<row3>	0.0000 0.0770 -2.5638 1.0000	</row3>
				</transform>
			</node>
			<node>
				<identifier>	HP_Torp_Cap_9	</identifier>
				<transform>
					<row0>	1.0000 0.0000 0.0000 0.0000	</row0>
					<row1>	0.0000 1.0000 0.0000 0.0000	</row1>
					<row2>	0.0000 0.0000 1.0000 0.0000	</row2>
					<row3>	0.1161 0.1140 -1.2534 1.0000	</row3>
				</transform>
			</node>
			<node>
				<identifier>	MP_JM409_Propeller_R	</identifier>
				<transform>
					<row0>	0.6640 0.0000 0.0000 0.0000	</row0>
					<row1>	0.0000 0.6640 0.0000 0.0000	</row1>
					<row2>	0.0000 0.0000 0.6640 0.0000	</row2>
					<row3>	0.0690 -0.1395 -2.4256 1.0000	</row3>
				</transform>
			</node>
			<node>
				<identifier>	MP_JM410_Propeller_L	</identifier>
				<transform>
					<row0>	0.6640 0.0000 0.0000 0.0000	</row0>
					<row1>	0.0000 0.6636 0.0000 0.0000	</row1>
					<row2>	0.0000 0.0000 0.6640 0.0000	</row2>
					<row3>	-0.0690 -0.1395 -2.4256 1.0000	</row3>
				</transform>
			</node>
		</node>
	</node>
	<boundingBox>
		<min>	-0.0667 -0.0667 -0.0667	</min>
		<max>	0.0667 0.0667 0.0667	</max>
	</boundingBox>
</BSS006_Thrasher_1944_Stern_ports.visual>
