<ASB024_Alabama_1945_Stern_ports.visual>
	<node>
		<identifier>	Scene Root	</identifier>
		<transform>
			<row0>	1.0000 0.0000 0.0000 0.0000	</row0>
			<row1>	0.0000 1.0000 0.0000 0.0000	</row1>
			<row2>	0.0000 0.0000 1.0000 0.0000	</row2>
			<row3>	0.0000 0.0000 0.0000 1.0000	</row3>
		</transform>
		<node>
			<identifier>	Stern_ports	</identifier>
			<transform>
				<row0>	1.0000 0.0000 0.0000 0.0000	</row0>
				<row1>	0.0000 1.0000 0.0000 0.0000	</row1>
				<row2>	0.0000 0.0000 1.0000 0.0000	</row2>
				<row3>	0.0000 0.0000 0.0000 1.0000	</row3>
			</transform>
			<node>
				<identifier>	HP_AC_1	</identifier>
				<transform>
					<row0>	0.0000 0.0000 1.0000 0.0000	</row0>
					<row1>	0.0000 1.0000 0.0000 0.0000	</row1>
					<row2>	-1.0000 0.0000 0.0000 0.0000	</row2>
					<row3>	-0.5741 0.4381 -5.8746 1.0000	</row3>
				</transform>
			</node>
			<node>
				<identifier>	HP_AC_2	</identifier>
				<transform>
					<row0>	0.0000 0.0000 -1.0000 0.0000	</row0>
					<row1>	0.0000 1.0000 0.0000 0.0000	</row1>
					<row2>	1.0000 0.0000 0.0000 0.0000	</row2>
					<row3>	0.5741 0.4381 -5.8746 1.0000	</row3>
				</transform>
			</node>
			<node>
				<identifier>	HP_AD_19	</identifier>
				<transform>
					<row0>	-1.0000 0.0000 0.0000 0.0000	</row0>
					<row1>	0.0000 1.0000 0.0000 0.0000	</row1>
					<row2>	0.0000 0.0000 -1.0000 0.0000	</row2>
					<row3>	-0.1152 0.4809 -6.5266 1.0000	</row3>
				</transform>
			</node>
			<node>
				<identifier>	HP_AD_20	</identifier>
				<transform>
					<row0>	-1.0000 0.0000 0.0000 0.0000	</row0>
					<row1>	0.0000 1.0000 0.0000 0.0000	</row1>
					<row2>	0.0000 0.0000 -1.0000 0.0000	</row2>
					<row3>	0.1152 0.4809 -6.5266 1.0000	</row3>
				</transform>
			</node>
			<node>
				<identifier>	HP_AGA_53	</identifier>
				<transform>
					<row0>	-0.7071 0.0000 0.7071 0.0000	</row0>
					<row1>	0.0000 1.0000 0.0000 0.0000	</row1>
					<row2>	-0.7071 0.0000 -0.7071 0.0000	</row2>
					<row3>	-0.7040 0.3699 -4.4025 1.0000	</row3>
				</transform>
			</node>
			<node>
				<identifier>	HP_AGA_54	</identifier>
				<transform>
					<row0>	-0.7071 0.0000 -0.7071 0.0000	</row0>
					<row1>	0.0000 1.0000 0.0000 0.0000	</row1>
					<row2>	0.7071 0.0000 -0.7071 0.0000	</row2>
					<row3>	0.7040 0.3699 -4.4025 1.0000	</row3>
				</transform>
			</node>
			<node>
				<identifier>	HP_AGA_55	</identifier>
				<transform>
					<row0>	-0.7071 0.0000 0.7071 0.0000	</row0>
					<row1>	0.0000 1.0000 0.0000 0.0000	</row1>
					<row2>	-0.7071 0.0000 -0.7071 0.0000	</row2>
					<row3>	-0.7010 0.3720 -4.6025 1.0000	</row3>
				</transform>
			</node>
			<node>
				<identifier>	HP_AGA_56	</identifier>
				<transform>
					<row0>	-0.7071 0.0000 -0.7071 0.0000	</row0>
					<row1>	0.0000 1.0000 0.0000 0.0000	</row1>
					<row2>	0.7071 0.0000 -0.7071 0.0000	</row2>
					<row3>	0.7010 0.3720 -4.6025 1.0000	</row3>
				</transform>
			</node>
			<node>
				<identifier>	HP_AGA_57	</identifier>
				<transform>
					<row0>	-0.7071 0.0000 0.7071 0.0000	</row0>
					<row1>	0.0000 1.0000 0.0000 0.0000	</row1>
					<row2>	-0.7071 0.0000 -0.7071 0.0000	</row2>
					<row3>	-0.6945 0.3734 -4.8025 1.0000	</row3>
				</transform>
			</node>
			<node>
				<identifier>	HP_AGA_58	</identifier>
				<transform>
					<row0>	-0.7071 0.0000 -0.7071 0.0000	</row0>
					<row1>	0.0000 1.0000 0.0000 0.0000	</row1>
					<row2>	0.7071 0.0000 -0.7071 0.0000	</row2>
					<row3>	0.6945 0.3734 -4.8025 1.0000	</row3>
				</transform>
			</node>
			<node>
				<identifier>	HP_AGA_59	</identifier>
				<transform>
					<row0>	-1.0000 0.0000 0.0000 0.0000	</row0>
					<row1>	0.0000 1.0000 0.0000 0.0000	</row1>
					<row2>	0.0000 0.0000 -1.0000 0.0000	</row2>
					<row3>	-0.1228 0.5106 -5.0627 1.0000	</row3>
				</transform>
			</node>
			<node>
				<identifier>	HP_AGA_60	</identifier>
				<transform>
					<row0>	-1.0000 0.0000 0.0000 0.0000	</row0>
					<row1>	0.0000 1.0000 0.0000 0.0000	</row1>
					<row2>	0.0000 0.0000 -1.0000 0.0000	</row2>
					<row3>	0.1228 0.5106 -5.0627 1.0000	</row3>
				</transform>
			</node>
			<node>
				<identifier>	HP_AGA_61	</identifier>
				<transform>
					<row0>	-1.0000 0.0000 0.0000 0.0000	</row0>
					<row1>	0.0000 1.0000 0.0000 0.0000	</row1>
					<row2>	0.0000 0.0000 -1.0000 0.0000	</row2>
					<row3>	-0.3214 0.4033 -6.6589 1.0000	</row3>
				</transform>
			</node>
			<node>
				<identifier>	HP_AGA_62	</identifier>
				<transform>
					<row0>	-1.0000 0.0000 0.0000 0.0000	</row0>
					<row1>	0.0000 1.0000 0.0000 0.0000	</row1>
					<row2>	0.0000 0.0000 -1.0000 0.0000	</row2>
					<row3>	0.3214 0.4033 -6.6589 1.0000	</row3>
				</transform>
			</node>
			<node>
				<identifier>	HP_FX_Fire_4	</identifier>
				<transform>
					<row0>	1.0000 0.0000 0.0000 0.0000	</row0>
					<row1>	0.0000 1.0000 0.0000 0.0000	</row1>
					<row2>	0.0000 0.0000 1.0000 0.0000	</row2>
					<row3>	0.0000 0.4460 -5.6372 1.0000	</row3>
				</transform>
			</node>
			<node>
				<identifier>	HP_FX_Flood_water_left	</identifier>
				<transform>
					<row0>	-1.0000 0.0000 0.0000 0.0000	</row0>
					<row1>	0.0000 1.0000 0.0000 0.0000	</row1>
					<row2>	0.0000 0.0000 -1.0000 0.0000	</row2>
					<row3>	-0.9786 0.0701 -4.0658 1.0000	</row3>
				</transform>
			</node>
			<node>
				<identifier>	HP_FX_Flood_water_right	</identifier>
				<transform>
					<row0>	1.0000 0.0000 0.0000 0.0000	</row0>
					<row1>	0.0000 1.0000 0.0000 0.0000	</row1>
					<row2>	0.0000 0.0000 1.0000 0.0000	</row2>
					<row3>	0.9778 0.0664 -4.0660 1.0000	</row3>
				</transform>
			</node>
			<node>
				<identifier>	HP_FX_RepairLight_left_2	</identifier>
				<transform>
					<row0>	-0.0968 0.0000 0.9953 0.0000	</row0>
					<row1>	-0.1855 0.9825 -0.0180 0.0000	</row1>
					<row2>	-0.9779 -0.1864 -0.0951 0.0000	</row2>
					<row3>	-1.0087 0.3763 -4.2955 1.0000	</row3>
				</transform>
			</node>
			<node>
				<identifier>	HP_FX_WakeTraceBack	</identifier>
				<transform>
					<row0>	1.0000 0.0000 0.0000 0.0000	</row0>
					<row1>	0.0000 1.0000 0.0000 0.0000	</row1>
					<row2>	0.0000 0.0000 1.0000 0.0000	</row2>
					<row3>	0.0000 0.0000 -6.8070 1.0000	</row3>
				</transform>
			</node>
			<node>
				<identifier>	HP_FX_WakeTrace_screw_1	</identifier>
				<transform>
					<row0>	1.0000 0.0000 0.0000 0.0000	</row0>
					<row1>	0.0000 1.0000 0.0000 0.0000	</row1>
					<row2>	0.0000 0.0000 1.0000 0.0000	</row2>
					<row3>	-0.1867 -0.4928 -5.3925 1.0000	</row3>
				</transform>
			</node>
			<node>
				<identifier>	HP_FX_WakeTrace_screw_2	</identifier>
				<transform>
					<row0>	1.0000 0.0000 0.0000 0.0000	</row0>
					<row1>	0.0000 1.0000 0.0000 0.0000	</row1>
					<row2>	0.0000 0.0000 1.0000 0.0000	</row2>
					<row3>	-0.5888 -0.4940 -5.4629 1.0000	</row3>
				</transform>
			</node>
			<node>
				<identifier>	HP_FX_WakeTrace_screw_3	</identifier>
				<transform>
					<row0>	1.0000 0.0000 0.0000 0.0000	</row0>
					<row1>	0.0000 1.0000 0.0000 0.0000	</row1>
					<row2>	0.0000 0.0000 1.0000 0.0000	</row2>
					<row3>	0.1867 -0.4928 -5.3925 1.0000	</row3>
				</transform>
			</node>
			<node>
				<identifier>	HP_FX_WakeTrace_screw_4	</identifier>
				<transform>
					<row0>	1.0000 0.0000 0.0000 0.0000	</row0>
					<row1>	0.0000 1.0000 0.0000 0.0000	</row1>
					<row2>	0.0000 0.0000 1.0000 0.0000	</row2>
					<row3>	0.5888 -0.4940 -5.4629 1.0000	</row3>
				</transform>
			</node>
			<node>
				<identifier>	HP_Ship_death_3	</identifier>
				<transform>
					<row0>	1.0000 0.0000 0.0000 0.0000	</row0>
					<row1>	0.0000 1.0000 0.0000 0.0000	</row1>
					<row2>	0.0000 0.0000 1.0000 0.0000	</row2>
					<row3>	0.0000 0.0000 -3.8958 1.0000	</row3>
				</transform>
			</node>
			<node>
				<identifier>	MP_AM001_Bollard_2	</identifier>
				<transform>
					<row0>	1.4852 0.0000 -0.2105 0.0000	</row0>
					<row1>	0.0037 1.4998 0.0259 0.0000	</row1>
					<row2>	0.2105 -0.0261 1.4849 0.0000	</row2>
					<row3>	0.8828 0.3760 -4.9007 1.0000	</row3>
				</transform>
			</node>
			<node>
				<identifier>	MP_AM001_Bollard_2_INDEX_1	</identifier>
				<transform>
					<row0>	1.5000 0.0000 0.0000 0.0000	</row0>
					<row1>	0.0000 1.4997 0.0305 0.0000	</row1>
					<row2>	0.0000 -0.0305 1.4997 0.0000	</row2>
					<row3>	0.0667 0.3974 -6.0253 1.0000	</row3>
				</transform>
			</node>
			<node>
				<identifier>	MP_AM001_Bollard_2_INDEX_2	</identifier>
				<transform>
					<row0>	1.5000 0.0000 0.0000 0.0000	</row0>
					<row1>	0.0000 1.4997 0.0305 0.0000	</row1>
					<row2>	0.0000 -0.0305 1.4997 0.0000	</row2>
					<row3>	-0.0667 0.3974 -6.0253 1.0000	</row3>
				</transform>
			</node>
			<node>
				<identifier>	MP_AM001_Bollard_2_INDEX_3	</identifier>
				<transform>
					<row0>	1.4852 0.0000 0.2105 0.0000	</row0>
					<row1>	-0.0037 1.4998 0.0259 0.0000	</row1>
					<row2>	-0.2105 -0.0261 1.4849 0.0000	</row2>
					<row3>	-0.8828 0.3760 -4.9007 1.0000	</row3>
				</transform>
			</node>
			<node>
				<identifier>	MP_AM006_Reels_1	</identifier>
				<transform>
					<row0>	0.0000 0.0000 -2.0000 0.0000	</row0>
					<row1>	0.0000 1.5000 0.0000 0.0000	</row1>
					<row2>	1.5000 0.0000 0.0000 0.0000	</row2>
					<row3>	-0.3595 0.3748 -5.0622 1.0000	</row3>
				</transform>
			</node>
			<node>
				<identifier>	MP_AM010_Speaker_1	</identifier>
				<transform>
					<row0>	0.8662 -0.4846 -0.1221 0.0000	</row0>
					<row1>	0.4219 0.8400 -0.3413 0.0000	</row1>
					<row2>	0.2680 0.2442 0.9320 0.0000	</row2>
					<row3>	0.0813 0.4759 -5.1716 1.0000	</row3>
				</transform>
			</node>
			<node>
				<identifier>	MP_AM020_Ventilators_2	</identifier>
				<transform>
					<row0>	1.0000 0.0000 0.0000 0.0000	</row0>
					<row1>	0.0000 1.0000 0.0000 0.0000	</row1>
					<row2>	0.0000 0.0000 1.0000 0.0000	</row2>
					<row3>	-0.3047 0.3727 -4.7795 1.0000	</row3>
				</transform>
			</node>
			<node>
				<identifier>	MP_AM020_Ventilators_2_INDEX_1	</identifier>
				<transform>
					<row0>	0.0000 0.0000 1.0000 0.0000	</row0>
					<row1>	0.0000 1.0000 0.0000 0.0000	</row1>
					<row2>	-1.0000 0.0000 0.0000 0.0000	</row2>
					<row3>	0.3047 0.3727 -4.8653 1.0000	</row3>
				</transform>
			</node>
			<node>
				<identifier>	MP_AM023_Hatch_1	</identifier>
				<transform>
					<row0>	1.0000 0.0000 0.0000 0.0000	</row0>
					<row1>	0.0000 1.0000 0.0000 0.0000	</row1>
					<row2>	0.0000 0.0000 1.0000 0.0000	</row2>
					<row3>	0.4806 0.3765 -5.0752 1.0000	</row3>
				</transform>
			</node>
			<node>
				<identifier>	MP_AM023_Hatch_1_INDEX_1	</identifier>
				<transform>
					<row0>	1.0000 0.0000 0.0000 0.0000	</row0>
					<row1>	0.0000 1.0000 0.0000 0.0000	</row1>
					<row2>	0.0000 0.0000 1.0000 0.0000	</row2>
					<row3>	0.0000 0.4004 -6.7838 1.0000	</row3>
				</transform>
			</node>
			<node>
				<identifier>	MP_AM023_Hatch_1_INDEX_2	</identifier>
				<transform>
					<row0>	1.1942 0.0000 0.0000 0.0000	</row0>
					<row1>	0.0000 0.9502 0.0000 0.0000	</row1>
					<row2>	0.0000 0.0000 1.1942 0.0000	</row2>
					<row3>	0.0722 0.3923 -5.8967 1.0000	</row3>
				</transform>
			</node>
			<node>
				<identifier>	MP_AM023_Hatch_1_INDEX_3	</identifier>
				<transform>
					<row0>	1.5000 0.0000 0.0000 0.0000	</row0>
					<row1>	0.0000 0.9554 0.0000 0.0000	</row1>
					<row2>	0.0000 0.0000 1.5000 0.0000	</row2>
					<row3>	-0.1261 0.3923 -5.8967 1.0000	</row3>
				</transform>
			</node>
			<node>
				<identifier>	MP_AM024_Hatch_2	</identifier>
				<transform>
					<row0>	1.0000 0.0000 0.0000 0.0000	</row0>
					<row1>	0.0000 1.0000 0.0000 0.0000	</row1>
					<row2>	0.0000 0.0000 1.0000 0.0000	</row2>
					<row3>	0.1963 0.3724 -4.6308 1.0000	</row3>
				</transform>
			</node>
			<node>
				<identifier>	MP_AM024_Hatch_2_INDEX_1	</identifier>
				<transform>
					<row0>	1.0000 0.0000 0.0000 0.0000	</row0>
					<row1>	0.0000 1.0000 0.0000 0.0000	</row1>
					<row2>	0.0000 0.0000 1.0000 0.0000	</row2>
					<row3>	-0.1216 0.3610 -4.3694 1.0000	</row3>
				</transform>
			</node>
			<node>
				<identifier>	MP_AM024_Hatch_2_INDEX_2	</identifier>
				<transform>
					<row0>	1.0000 0.0000 0.0000 0.0000	</row0>
					<row1>	0.0000 1.0000 0.0000 0.0000	</row1>
					<row2>	0.0000 0.0000 1.0000 0.0000	</row2>
					<row3>	-0.1341 0.3805 -5.3307 1.0000	</row3>
				</transform>
			</node>
			<node>
				<identifier>	MP_AM030_Ammunition_Box4	</identifier>
				<transform>
					<row0>	0.0000 0.0000 -1.0000 0.0000	</row0>
					<row1>	0.0000 1.0000 0.0000 0.0000	</row1>
					<row2>	1.0000 0.0000 0.0000 0.0000	</row2>
					<row3>	-0.5769 0.3704 -4.6888 1.0000	</row3>
				</transform>
			</node>
			<node>
				<identifier>	MP_AM030_Ammunition_Box4_INDEX_1	</identifier>
				<transform>
					<row0>	0.0000 0.0000 1.0000 0.0000	</row0>
					<row1>	0.0000 1.0000 0.0000 0.0000	</row1>
					<row2>	-1.0000 0.0000 0.0000 0.0000	</row2>
					<row3>	0.5769 0.3705 -4.5970 1.0000	</row3>
				</transform>
			</node>
			<node>
				<identifier>	MP_AM030_Ammunition_Box4_INDEX_2	</identifier>
				<transform>
					<row0>	1.0000 0.0000 0.0000 0.0000	</row0>
					<row1>	0.0000 1.0000 0.0000 0.0000	</row1>
					<row2>	0.0000 0.0000 1.0000 0.0000	</row2>
					<row3>	0.0000 0.5092 -4.9583 1.0000	</row3>
				</transform>
			</node>
			<node>
				<identifier>	MP_AM030_Ammunition_Box4_INDEX_3	</identifier>
				<transform>
					<row0>	0.0000 0.0000 1.0000 0.0000	</row0>
					<row1>	0.0000 1.0000 0.0000 0.0000	</row1>
					<row2>	-1.0000 0.0000 0.0000 0.0000	</row2>
					<row3>	0.5769 0.3704 -4.6888 1.0000	</row3>
				</transform>
			</node>
			<node>
				<identifier>	MP_AM030_Ammunition_Box4_INDEX_4	</identifier>
				<transform>
					<row0>	1.0000 0.0000 0.0000 0.0000	</row0>
					<row1>	0.0000 1.0000 0.0000 0.0000	</row1>
					<row2>	0.0000 0.0000 1.0000 0.0000	</row2>
					<row3>	0.0000 0.5092 -5.1603 1.0000	</row3>
				</transform>
			</node>
			<node>
				<identifier>	MP_AM030_Ammunition_Box4_INDEX_5	</identifier>
				<transform>
					<row0>	0.0000 0.0000 -1.0000 0.0000	</row0>
					<row1>	0.0000 1.0000 0.0000 0.0000	</row1>
					<row2>	1.0000 0.0000 0.0000 0.0000	</row2>
					<row3>	-0.5769 0.3705 -4.5046 1.0000	</row3>
				</transform>
			</node>
			<node>
				<identifier>	MP_AM030_Ammunition_Box4_INDEX_6	</identifier>
				<transform>
					<row0>	0.0000 0.0000 1.0000 0.0000	</row0>
					<row1>	0.0000 1.0000 0.0000 0.0000	</row1>
					<row2>	-1.0000 0.0000 0.0000 0.0000	</row2>
					<row3>	0.5769 0.3705 -4.5046 1.0000	</row3>
				</transform>
			</node>
			<node>
				<identifier>	MP_AM030_Ammunition_Box4_INDEX_7	</identifier>
				<transform>
					<row0>	0.0000 0.0000 -1.0000 0.0000	</row0>
					<row1>	0.0000 1.0000 0.0000 0.0000	</row1>
					<row2>	1.0000 0.0000 0.0000 0.0000	</row2>
					<row3>	-0.5769 0.3705 -4.5970 1.0000	</row3>
				</transform>
			</node>
			<node>
				<identifier>	MP_AM046_Running_Lights_B	</identifier>
				<transform>
					<row0>	-1.0000 0.0000 0.0000 0.0000	</row0>
					<row1>	0.0000 1.0000 0.0000 0.0000	</row1>
					<row2>	0.0000 0.0000 -1.0000 0.0000	</row2>
					<row3>	-0.0622 0.6333 -6.9292 1.0000	</row3>
				</transform>
			</node>
			<node>
				<identifier>	MP_AM058_Boat_4	</identifier>
				<transform>
					<row0>	0.2516 0.0000 -0.9678 0.0000	</row0>
					<row1>	0.0000 1.0000 0.0000 0.0000	</row1>
					<row2>	0.9678 0.0000 0.2516 0.0000	</row2>
					<row3>	-0.6743 0.3830 -5.3828 1.0000	</row3>
				</transform>
			</node>
			<node>
				<identifier>	MP_AM058_Boat_4_INDEX_1	</identifier>
				<transform>
					<row0>	0.2516 0.0000 0.9678 0.0000	</row0>
					<row1>	0.0000 1.0000 0.0000 0.0000	</row1>
					<row2>	-0.9678 0.0000 0.2516 0.0000	</row2>
					<row3>	0.6743 0.3830 -5.3828 1.0000	</row3>
				</transform>
			</node>
			<node>
				<identifier>	MP_AM076_Aircfaft_Crane_1	</identifier>
				<transform>
					<row0>	1.0000 0.0000 0.0000 0.0000	</row0>
					<row1>	0.0000 1.0000 0.0000 0.0000	</row1>
					<row2>	0.0000 0.0000 1.0000 0.0000	</row2>
					<row3>	0.0000 0.4041 -6.6710 1.0000	</row3>
				</transform>
			</node>
			<node>
				<identifier>	MP_AM078_Crane_Control_Wheel	</identifier>
				<transform>
					<row0>	0.9326 0.0000 0.3608 0.0000	</row0>
					<row1>	0.0000 1.0000 0.0000 0.0000	</row1>
					<row2>	-0.3608 0.0000 0.9326 0.0000	</row2>
					<row3>	0.1821 0.4089 -6.8187 1.0000	</row3>
				</transform>
			</node>
			<node>
				<identifier>	MP_AM088_Capstan_1	</identifier>
				<transform>
					<row0>	1.0000 0.0000 0.0000 0.0000	</row0>
					<row1>	0.0000 1.0000 0.0000 0.0000	</row1>
					<row2>	0.0000 0.0000 1.0000 0.0000	</row2>
					<row3>	0.0611 0.3790 -5.3338 1.0000	</row3>
				</transform>
			</node>
			<node>
				<identifier>	MP_AM101_Cooling_tube	</identifier>
				<transform>
					<row0>	0.5614 0.8275 0.0000 0.0000	</row0>
					<row1>	-0.8275 0.5614 0.0000 0.0000	</row1>
					<row2>	0.0000 0.0000 1.0000 0.0000	</row2>
					<row3>	0.1340 0.5152 -5.1950 1.0000	</row3>
				</transform>
			</node>
			<node>
				<identifier>	MP_AM101_Cooling_tube_INDEX_1	</identifier>
				<transform>
					<row0>	0.0000 0.0000 1.0000 0.0000	</row0>
					<row1>	0.0000 1.0000 0.0000 0.0000	</row1>
					<row2>	-1.0000 0.0000 0.0000 0.0000	</row2>
					<row3>	0.8066 0.4058 -4.4708 1.0000	</row3>
				</transform>
			</node>
			<node>
				<identifier>	MP_AM101_Cooling_tube_INDEX_2	</identifier>
				<transform>
					<row0>	0.0000 0.0000 1.0000 0.0000	</row0>
					<row1>	0.0000 1.0000 0.0000 0.0000	</row1>
					<row2>	-1.0000 0.0000 0.0000 0.0000	</row2>
					<row3>	0.8055 0.4083 -4.8248 1.0000	</row3>
				</transform>
			</node>
			<node>
				<identifier>	MP_AM101_Cooling_tube_INDEX_3	</identifier>
				<transform>
					<row0>	0.0000 0.0000 1.0000 0.0000	</row0>
					<row1>	0.0000 1.0000 0.0000 0.0000	</row1>
					<row2>	-1.0000 0.0000 0.0000 0.0000	</row2>
					<row3>	0.8067 0.4069 -4.6594 1.0000	</row3>
				</transform>
			</node>
			<node>
				<identifier>	MP_AM101_Cooling_tube_INDEX_4	</identifier>
				<transform>
					<row0>	0.2351 0.9720 0.0000 0.0000	</row0>
					<row1>	-0.9720 0.2351 0.0000 0.0000	</row1>
					<row2>	0.0000 0.0000 1.0000 0.0000	</row2>
					<row3>	-0.1333 0.5152 -5.1950 1.0000	</row3>
				</transform>
			</node>
			<node>
				<identifier>	MP_AM101_Cooling_tube_INDEX_5	</identifier>
				<transform>
					<row0>	0.0000 0.7071 0.7071 0.0000	</row0>
					<row1>	0.0000 -0.7071 0.7071 0.0000	</row1>
					<row2>	1.0000 0.0000 0.0000 0.0000	</row2>
					<row3>	-0.8067 0.4069 -4.6594 1.0000	</row3>
				</transform>
			</node>
			<node>
				<identifier>	MP_AM101_Cooling_tube_INDEX_6	</identifier>
				<transform>
					<row0>	0.0000 0.7071 0.7071 0.0000	</row0>
					<row1>	0.0000 -0.7071 0.7071 0.0000	</row1>
					<row2>	1.0000 0.0000 0.0000 0.0000	</row2>
					<row3>	-0.8055 0.4083 -4.8248 1.0000	</row3>
				</transform>
			</node>
			<node>
				<identifier>	MP_AM101_Cooling_tube_INDEX_7	</identifier>
				<transform>
					<row0>	0.0000 0.7071 0.7071 0.0000	</row0>
					<row1>	0.0000 -0.7071 0.7071 0.0000	</row1>
					<row2>	1.0000 0.0000 0.0000 0.0000	</row2>
					<row3>	-0.8066 0.4058 -4.4708 1.0000	</row3>
				</transform>
			</node>
			<node>
				<identifier>	MP_AM108_Reels_4	</identifier>
				<transform>
					<row0>	0.0000 0.0000 -1.0000 0.0000	</row0>
					<row1>	0.0000 1.0000 0.0000 0.0000	</row1>
					<row2>	1.0000 0.0000 0.0000 0.0000	</row2>
					<row3>	-0.3169 0.3743 -4.9101 1.0000	</row3>
				</transform>
			</node>
			<node>
				<identifier>	MP_AM108_Reels_4_INDEX_1	</identifier>
				<transform>
					<row0>	-1.0000 0.0000 0.0000 0.0000	</row0>
					<row1>	0.0000 0.9999 0.0172 0.0000	</row1>
					<row2>	0.0000 0.0172 -0.9999 0.0000	</row2>
					<row3>	0.2736 0.3797 -5.1663 1.0000	</row3>
				</transform>
			</node>
			<node>
				<identifier>	MP_AM136_Boat_10	</identifier>
				<transform>
					<row0>	0.2588 0.0000 0.9659 0.0000	</row0>
					<row1>	-0.0159 0.9999 0.0043 0.0000	</row1>
					<row2>	-0.9658 -0.0164 0.2588 0.0000	</row2>
					<row3>	0.5993 0.3874 -5.6639 1.0000	</row3>
				</transform>
			</node>
			<node>
				<identifier>	MP_AM136_Boat_10_INDEX_1	</identifier>
				<transform>
					<row0>	0.2588 0.0000 -0.9659 0.0000	</row0>
					<row1>	0.0159 0.9999 0.0043 0.0000	</row1>
					<row2>	0.9658 -0.0164 0.2588 0.0000	</row2>
					<row3>	-0.5993 0.3874 -5.6639 1.0000	</row3>
				</transform>
			</node>
			<node>
				<identifier>	MP_AM136_Boat_10_INDEX_2	</identifier>
				<transform>
					<row0>	0.2591 0.0192 -0.9657 0.0000	</row0>
					<row1>	0.0109 0.9997 0.0228 0.0000	</row1>
					<row2>	0.9658 -0.0164 0.2588 0.0000	</row2>
					<row3>	-0.6368 0.3857 -5.5221 1.0000	</row3>
				</transform>
			</node>
			<node>
				<identifier>	MP_AM136_Boat_10_INDEX_3	</identifier>
				<transform>
					<row0>	0.2591 -0.0192 0.9657 0.0000	</row0>
					<row1>	-0.0109 0.9997 0.0228 0.0000	</row1>
					<row2>	-0.9658 -0.0164 0.2588 0.0000	</row2>
					<row3>	0.6368 0.3857 -5.5221 1.0000	</row3>
				</transform>
			</node>
			<node>
				<identifier>	MP_AM238_Whaleboat_24ft	</identifier>
				<transform>
					<row0>	-1.0000 0.0000 0.0000 0.0000	</row0>
					<row1>	0.0000 1.0000 0.0000 0.0000	</row1>
					<row2>	0.0000 0.0000 -1.0000 0.0000	</row2>
					<row3>	-0.4508 0.4145 -4.5818 1.0000	</row3>
				</transform>
			</node>
			<node>
				<identifier>	MP_AM238_Whaleboat_24ft_INDEX_1	</identifier>
				<transform>
					<row0>	-1.0000 0.0000 0.0000 0.0000	</row0>
					<row1>	0.0000 1.0000 0.0000 0.0000	</row1>
					<row2>	0.0000 0.0000 -1.0000 0.0000	</row2>
					<row3>	0.4508 0.4145 -4.5818 1.0000	</row3>
				</transform>
			</node>
			<node>
				<identifier>	MP_AM352_Stern_Light	</identifier>
				<transform>
					<row0>	0.0000 0.0000 -1.0000 0.0000	</row0>
					<row1>	0.0000 1.0000 0.0000 0.0000	</row1>
					<row2>	1.0000 0.0000 0.0000 0.0000	</row2>
					<row3>	-0.0624 0.4604 -6.8984 1.0000	</row3>
				</transform>
			</node>
			<node>
				<identifier>	MP_AM376_Fairlead	</identifier>
				<transform>
					<row0>	-0.9953 -0.0157 0.0956 0.0000	</row0>
					<row1>	-0.0143 0.9998 0.0159 0.0000	</row1>
					<row2>	-0.0958 0.0145 -0.9953 0.0000	</row2>
					<row3>	1.0051 0.3689 -4.2281 1.0000	</row3>
				</transform>
			</node>
			<node>
				<identifier>	MP_AM376_Fairlead_INDEX_1	</identifier>
				<transform>
					<row0>	0.8921 0.0150 0.4516 0.0000	</row0>
					<row1>	-0.0174 0.9998 0.0012 0.0000	</row1>
					<row2>	-0.4516 -0.0090 0.8922 0.0000	</row2>
					<row3>	-0.5022 0.4018 -6.5004 1.0000	</row3>
				</transform>
			</node>
			<node>
				<identifier>	MP_AM376_Fairlead_INDEX_2	</identifier>
				<transform>
					<row0>	-0.8891 0.0149 0.4575 0.0000	</row0>
					<row1>	0.0174 0.9998 0.0012 0.0000	</row1>
					<row2>	-0.4574 0.0091 -0.8892 0.0000	</row2>
					<row3>	0.5022 0.4018 -6.5004 1.0000	</row3>
				</transform>
			</node>
			<node>
				<identifier>	MP_AM376_Fairlead_INDEX_3	</identifier>
				<transform>
					<row0>	-0.9817 -0.0157 0.1896 0.0000	</row0>
					<row1>	-0.0122 0.9997 0.0200 0.0000	</row1>
					<row2>	-0.1899 0.0173 -0.9816 0.0000	</row2>
					<row3>	0.8437 0.3822 -5.3454 1.0000	</row3>
				</transform>
			</node>
			<node>
				<identifier>	MP_AM376_Fairlead_INDEX_4	</identifier>
				<transform>
					<row0>	0.9817 0.0157 0.1896 0.0000	</row0>
					<row1>	-0.0177 0.9998 0.0089 0.0000	</row1>
					<row2>	-0.1895 -0.0121 0.9818 0.0000	</row2>
					<row3>	-0.8437 0.3827 -5.3454 1.0000	</row3>
				</transform>
			</node>
			<node>
				<identifier>	MP_AM376_Fairlead_INDEX_5	</identifier>
				<transform>
					<row0>	0.9953 0.0149 0.0957 0.0000	</row0>
					<row1>	-0.0152 0.9999 0.0019 0.0000	</row1>
					<row2>	-0.0957 -0.0034 0.9954 0.0000	</row2>
					<row3>	-1.0046 0.3696 -4.2281 1.0000	</row3>
				</transform>
			</node>
			<node>
				<identifier>	MP_AM442_Multipole_Switch	</identifier>
				<transform>
					<row0>	-0.1309 0.0000 0.9914 0.0000	</row0>
					<row1>	0.0000 1.0000 0.0000 0.0000	</row1>
					<row2>	-0.9914 0.0000 -0.1309 0.0000	</row2>
					<row3>	-0.3223 0.4712 -6.4926 1.0000	</row3>
				</transform>
			</node>
			<node>
				<identifier>	MP_AM442_Multipole_Switch_INDEX_1	</identifier>
				<transform>
					<row0>	-0.1309 0.0000 -0.9914 0.0000	</row0>
					<row1>	0.0000 1.0000 0.0000 0.0000	</row1>
					<row2>	0.9914 0.0000 -0.1309 0.0000	</row2>
					<row3>	0.3223 0.4712 -6.4926 1.0000	</row3>
				</transform>
			</node>
			<node>
				<identifier>	MP_AM445_Switch_box_2	</identifier>
				<transform>
					<row0>	-0.9918 0.0000 0.1280 0.0000	</row0>
					<row1>	0.0000 1.0000 0.0000 0.0000	</row1>
					<row2>	-0.1280 0.0000 -0.9918 0.0000	</row2>
					<row3>	0.3334 0.4214 -6.4857 1.0000	</row3>
				</transform>
			</node>
			<node>
				<identifier>	MP_AM445_Switch_box_2_INDEX_1	</identifier>
				<transform>
					<row0>	-0.9918 0.0000 -0.1280 0.0000	</row0>
					<row1>	0.0000 1.0000 0.0000 0.0000	</row1>
					<row2>	0.1280 0.0000 -0.9918 0.0000	</row2>
					<row3>	-0.3334 0.4214 -6.4857 1.0000	</row3>
				</transform>
			</node>
			<node>
				<identifier>	MP_AM531_Stretcher	</identifier>
				<transform>
					<row0>	0.0000 0.0000 1.0000 0.0000	</row0>
					<row1>	0.0000 1.0000 0.0000 0.0000	</row1>
					<row2>	-1.0000 0.0000 0.0000 0.0000	</row2>
					<row3>	0.1527 0.5483 -4.9298 1.0000	</row3>
				</transform>
			</node>
			<node>
				<identifier>	MP_AM531_Stretcher_INDEX_1	</identifier>
				<transform>
					<row0>	0.0000 0.0000 1.0000 0.0000	</row0>
					<row1>	0.0000 1.0000 0.0000 0.0000	</row1>
					<row2>	-1.0000 0.0000 0.0000 0.0000	</row2>
					<row3>	-0.1527 0.5483 -4.9298 1.0000	</row3>
				</transform>
			</node>
			<node>
				<identifier>	MP_AM549_Life_Buoy	</identifier>
				<transform>
					<row0>	0.9922 0.0000 -0.1245 0.0000	</row0>
					<row1>	0.0000 1.0000 0.0000 0.0000	</row1>
					<row2>	0.1245 0.0000 0.9922 0.0000	</row2>
					<row3>	0.9717 0.4181 -4.5716 1.0000	</row3>
				</transform>
			</node>
			<node>
				<identifier>	MP_AM549_Life_Buoy_INDEX_1	</identifier>
				<transform>
					<row0>	-0.9922 0.0000 -0.1245 0.0000	</row0>
					<row1>	0.0000 1.0000 0.0000 0.0000	</row1>
					<row2>	0.1245 0.0000 -0.9922 0.0000	</row2>
					<row3>	-0.9715 0.4181 -4.5725 1.0000	</row3>
				</transform>
			</node>
			<node>
				<identifier>	MP_CM002_Propeller4_L	</identifier>
				<transform>
					<row0>	1.3120 0.0000 0.0000 0.0000	</row0>
					<row1>	0.0000 1.3116 -0.0343 0.0000	</row1>
					<row2>	0.0000 0.0343 1.3116 0.0000	</row2>
					<row3>	-0.1867 -0.4928 -5.3925 1.0000	</row3>
				</transform>
			</node>
			<node>
				<identifier>	MP_CM003_Propeller5_L	</identifier>
				<transform>
					<row0>	1.3118 0.0000 0.0000 0.0000	</row0>
					<row1>	0.0000 1.3113 -0.0343 0.0000	</row1>
					<row2>	0.0000 0.0343 1.3113 0.0000	</row2>
					<row3>	-0.5888 -0.4940 -5.4629 1.0000	</row3>
				</transform>
			</node>
			<node>
				<identifier>	MP_CM011_Fire_Fighting_Gear	</identifier>
				<transform>
					<row0>	1.0000 0.0000 0.0000 0.0000	</row0>
					<row1>	0.0000 1.0000 0.0000 0.0000	</row1>
					<row2>	0.0000 0.0000 1.0000 0.0000	</row2>
					<row3>	0.0611 0.3851 -5.4135 1.0000	</row3>
				</transform>
			</node>
			<node>
				<identifier>	MP_CM033_Propeller4_R	</identifier>
				<transform>
					<row0>	1.3120 0.0000 0.0000 0.0000	</row0>
					<row1>	0.0000 1.3116 -0.0343 0.0000	</row1>
					<row2>	0.0000 0.0343 1.3116 0.0000	</row2>
					<row3>	0.1867 -0.4928 -5.3925 1.0000	</row3>
				</transform>
			</node>
			<node>
				<identifier>	MP_CM034_Propeller5_R	</identifier>
				<transform>
					<row0>	1.3120 0.0000 0.0000 0.0000	</row0>
					<row1>	0.0000 1.3116 -0.0343 0.0000	</row1>
					<row2>	0.0000 0.0343 1.3116 0.0000	</row2>
					<row3>	0.5888 -0.4940 -5.4629 1.0000	</row3>
				</transform>
			</node>
			<node>
				<identifier>	SP_YMS011_YHWL_M_1_INDEX_12	</identifier>
				<transform>
					<row0>	0.9440 0.2920 0.1538 0.0000	</row0>
					<row1>	-0.2882 0.9564 -0.0470 0.0000	</row1>
					<row2>	-0.1609 0.0000 0.9870 0.0000	</row2>
					<row3>	-0.9002 -0.0082 -4.4970 1.0000	</row3>
				</transform>
			</node>
			<node>
				<identifier>	SP_YMS011_YHWL_M_1_INDEX_13	</identifier>
				<transform>
					<row0>	0.8993 0.3832 0.2109 0.0000	</row0>
					<row1>	-0.3731 0.9237 -0.0875 0.0000	</row1>
					<row2>	-0.2283 0.0000 0.9736 0.0000	</row2>
					<row3>	-0.7246 -0.0010 -5.2945 1.0000	</row3>
				</transform>
			</node>
			<node>
				<identifier>	SP_YMS012_YHWR_M_1_INDEX_12	</identifier>
				<transform>
					<row0>	0.9440 -0.2920 -0.1538 0.0000	</row0>
					<row1>	0.2882 0.9564 -0.0470 0.0000	</row1>
					<row2>	0.1609 0.0000 0.9870 0.0000	</row2>
					<row3>	0.9002 -0.0082 -4.4970 1.0000	</row3>
				</transform>
			</node>
			<node>
				<identifier>	SP_YMS012_YHWR_M_1_INDEX_13	</identifier>
				<transform>
					<row0>	0.8993 -0.3832 -0.2109 0.0000	</row0>
					<row1>	0.3731 0.9237 -0.0875 0.0000	</row1>
					<row2>	0.2283 0.0000 0.9736 0.0000	</row2>
					<row3>	0.7246 -0.0010 -5.2945 1.0000	</row3>
				</transform>
			</node>
			<node>
				<identifier>	SP_YMS023_YHUC_L_1	</identifier>
				<transform>
					<row0>	0.8515 0.0000 0.0000 0.0000	</row0>
					<row1>	0.0000 0.8512 -0.0223 0.0000	</row1>
					<row2>	0.0000 0.0223 0.8512 0.0000	</row2>
					<row3>	-0.1867 -0.4928 -5.3925 1.0000	</row3>
				</transform>
			</node>
			<node>
				<identifier>	SP_YMS023_YHUC_L_1_INDEX_1	</identifier>
				<transform>
					<row0>	0.8515 0.0000 0.0000 0.0000	</row0>
					<row1>	0.0000 0.8512 -0.0223 0.0000	</row1>
					<row2>	0.0000 0.0223 0.8512 0.0000	</row2>
					<row3>	0.1867 -0.4928 -5.3925 1.0000	</row3>
				</transform>
			</node>
			<node>
				<identifier>	SP_YMS023_YHUC_L_1_INDEX_2	</identifier>
				<transform>
					<row0>	0.8515 0.0000 0.0000 0.0000	</row0>
					<row1>	0.0000 0.8512 -0.0223 0.0000	</row1>
					<row2>	0.0000 0.0223 0.8512 0.0000	</row2>
					<row3>	-0.5888 -0.4940 -5.4629 1.0000	</row3>
				</transform>
			</node>
			<node>
				<identifier>	SP_YMS023_YHUC_L_1_INDEX_3	</identifier>
				<transform>
					<row0>	0.8515 0.0000 0.0000 0.0000	</row0>
					<row1>	0.0000 0.8512 -0.0223 0.0000	</row1>
					<row2>	0.0000 0.0223 0.8512 0.0000	</row2>
					<row3>	0.5888 -0.4940 -5.4629 1.0000	</row3>
				</transform>
			</node>
			<node>
				<identifier>	SP_YMS030_YHAM_M_1	</identifier>
				<transform>
					<row0>	0.8364 0.0000 0.0000 0.0000	</row0>
					<row1>	0.0000 0.8364 0.0000 0.0000	</row1>
					<row2>	0.0000 0.0000 0.8364 0.0000	</row2>
					<row3>	0.0000 0.2383 -6.9345 1.0000	</row3>
				</transform>
			</node>
			<node>
				<identifier>	SP_YMS031_YHAL_M_1	</identifier>
				<transform>
					<row0>	1.0383 0.4956 0.4378 0.0000	</row0>
					<row1>	-0.4700 1.1264 -0.1604 0.0000	</row1>
					<row2>	-0.4652 -0.0318 1.1393 0.0000	</row2>
					<row3>	-0.4758 0.2027 -6.3519 1.0000	</row3>
				</transform>
			</node>
			<node>
				<identifier>	SP_YMS032_YHAR_M_1	</identifier>
				<transform>
					<row0>	1.0383 -0.4956 -0.4378 0.0000	</row0>
					<row1>	0.4700 1.1264 -0.1604 0.0000	</row1>
					<row2>	0.4652 -0.0318 1.1393 0.0000	</row2>
					<row3>	0.4758 0.2027 -6.3519 1.0000	</row3>
				</transform>
			</node>
			<node>
				<identifier>	SP_YMS041_YHCS_M_1	</identifier>
				<transform>
					<row0>	-1.0000 0.0000 0.0000 0.0000	</row0>
					<row1>	0.0000 1.0000 0.0000 0.0000	</row1>
					<row2>	0.0000 0.0000 -1.0000 0.0000	</row2>
					<row3>	-0.4508 0.4406 -4.5653 1.0000	</row3>
				</transform>
			</node>
			<node>
				<identifier>	SP_YMS041_YHCS_M_1_INDEX_1	</identifier>
				<transform>
					<row0>	-1.0000 0.0000 0.0000 0.0000	</row0>
					<row1>	0.0000 1.0000 0.0000 0.0000	</row1>
					<row2>	0.0000 0.0000 -1.0000 0.0000	</row2>
					<row3>	0.4508 0.4406 -4.5653 1.0000	</row3>
				</transform>
			</node>
			<node>
				<identifier>	SP_YMS053_YHDC_S_1_INDEX_11	</identifier>
				<transform>
					<row0>	1.0000 0.0000 0.0000 0.0000	</row0>
					<row1>	0.0000 1.0000 0.0000 0.0000	</row1>
					<row2>	0.0000 0.0000 1.0000 0.0000	</row2>
					<row3>	0.0000 0.3870 -5.4696 1.0000	</row3>
				</transform>
			</node>
			<node>
				<identifier>	SP_YMS063_YHGQ_S_1_INDEX_2	</identifier>
				<transform>
					<row0>	0.8108 0.0000 -0.5469 0.0000	</row0>
					<row1>	0.0000 0.9780 0.0000 0.0000	</row1>
					<row2>	0.5469 0.0000 0.8108 0.0000	</row2>
					<row3>	-0.3214 0.4800 -6.6589 1.0000	</row3>
				</transform>
			</node>
			<node>
				<identifier>	SP_YMS063_YHGQ_S_1_INDEX_3	</identifier>
				<transform>
					<row0>	0.8108 0.0000 0.5469 0.0000	</row0>
					<row1>	0.0000 0.9780 0.0000 0.0000	</row1>
					<row2>	-0.5469 0.0000 0.8108 0.0000	</row2>
					<row3>	0.3214 0.4800 -6.6589 1.0000	</row3>
				</transform>
			</node>
			<node>
				<identifier>	SP_YMS080_YHSL_M_1_INDEX_2	</identifier>
				<transform>
					<row0>	0.6995 0.1492 0.1187 0.0000	</row0>
					<row1>	-0.1483 0.7094 -0.0177 0.0000	</row1>
					<row2>	-0.1198 -0.0072 0.7150 0.0000	</row2>
					<row3>	-0.8326 0.1955 -5.1053 1.0000	</row3>
				</transform>
			</node>
			<node>
				<identifier>	SP_YMS080_YHSL_M_1_INDEX_3	</identifier>
				<transform>
					<row0>	0.6634 0.2261 0.1855 0.0000	</row0>
					<row1>	-0.2246 0.6884 -0.0359 0.0000	</row1>
					<row2>	-0.1873 -0.0246 0.6999 0.0000	</row2>
					<row3>	-0.6983 0.1934 -5.6686 1.0000	</row3>
				</transform>
			</node>
			<node>
				<identifier>	SP_YMS081_YHSR_M_1_INDEX_2	</identifier>
				<transform>
					<row0>	0.6995 -0.1492 -0.1187 0.0000	</row0>
					<row1>	0.1483 0.7094 -0.0177 0.0000	</row1>
					<row2>	0.1198 -0.0072 0.7150 0.0000	</row2>
					<row3>	0.8326 0.1955 -5.1053 1.0000	</row3>
				</transform>
			</node>
			<node>
				<identifier>	SP_YMS081_YHSR_M_1_INDEX_3	</identifier>
				<transform>
					<row0>	0.6634 -0.2261 -0.1855 0.0000	</row0>
					<row1>	0.2246 0.6884 -0.0359 0.0000	</row1>
					<row2>	0.1873 -0.0246 0.6999 0.0000	</row2>
					<row3>	0.6983 0.1934 -5.6686 1.0000	</row3>
				</transform>
			</node>
			<node>
				<identifier>	SP_YMS084_YHSC_L_2_INDEX_6	</identifier>
				<transform>
					<row0>	0.0867 0.0055 -0.7953 0.0000	</row0>
					<row1>	-0.1482 0.7861 -0.0107 0.0000	</row1>
					<row2>	0.7814 0.1485 0.0862 0.0000	</row2>
					<row3>	-0.9911 0.3836 -4.5082 1.0000	</row3>
				</transform>
			</node>
			<node>
				<identifier>	SP_YMS084_YHSC_L_2_INDEX_7	</identifier>
				<transform>
					<row0>	0.0867 -0.0055 0.7953 0.0000	</row0>
					<row1>	0.1482 0.7861 -0.0107 0.0000	</row1>
					<row2>	-0.7814 0.1485 0.0862 0.0000	</row2>
					<row3>	0.9911 0.3836 -4.5082 1.0000	</row3>
				</transform>
			</node>
			<node>
				<identifier>	SP_YMS096_YHZC_S_1_INDEX_17	</identifier>
				<transform>
					<row0>	0.7178 0.0000 0.0000 0.0000	</row0>
					<row1>	0.0000 0.7178 0.0000 0.0000	</row1>
					<row2>	0.0000 0.0000 0.7178 0.0000	</row2>
					<row3>	0.0000 0.5835 -5.1888 1.0000	</row3>
				</transform>
			</node>
		</node>
	</node>
	<boundingBox>
		<min>	-0.0667 -0.0667 -0.0667	</min>
		<max>	0.0667 0.0667 0.0667	</max>
	</boundingBox>
</ASB024_Alabama_1945_Stern_ports.visual>
