<SSC006_Galicia_1946_MidFront_ports.visual>
	<node>
		<identifier>	Scene Root	</identifier>
		<transform>
			<row0>	1.0000 0.0000 0.0000 0.0000	</row0>
			<row1>	0.0000 1.0000 0.0000 0.0000	</row1>
			<row2>	0.0000 0.0000 1.0000 0.0000	</row2>
			<row3>	0.0000 0.0000 0.0000 1.0000	</row3>
		</transform>
		<node>
			<identifier>	MidFront_ports	</identifier>
			<transform>
				<row0>	1.0000 0.0000 0.0000 0.0000	</row0>
				<row1>	0.0000 1.0000 0.0000 0.0000	</row1>
				<row2>	0.0000 0.0000 1.0000 0.0000	</row2>
				<row3>	0.0000 0.0000 0.0000 1.0000	</row3>
			</transform>
			<node>
				<identifier>	HP_FX_Death_2	</identifier>
				<transform>
					<row0>	1.0000 0.0000 0.0000 0.0000	</row0>
					<row1>	0.0000 1.0000 0.0000 0.0000	</row1>
					<row2>	0.0000 0.0000 1.0000 0.0000	</row2>
					<row3>	0.0000 0.0000 0.1984 1.0000	</row3>
				</transform>
			</node>
			<node>
				<identifier>	HP_FX_Fire_2	</identifier>
				<transform>
					<row0>	1.0000 0.0000 0.0000 0.0000	</row0>
					<row1>	0.0000 1.0000 0.0000 0.0000	</row1>
					<row2>	0.0000 0.0000 1.0000 0.0000	</row2>
					<row3>	0.0000 0.3698 0.5531 1.0000	</row3>
				</transform>
			</node>
			<node>
				<identifier>	HP_FX_Fire_2_side_1	</identifier>
				<transform>
					<row0>	1.0000 0.0000 0.0000 0.0000	</row0>
					<row1>	0.0000 1.0000 0.0000 0.0000	</row1>
					<row2>	0.0000 0.0000 1.0000 0.0000	</row2>
					<row3>	-0.4793 0.4716 1.7089 1.0000	</row3>
				</transform>
			</node>
			<node>
				<identifier>	HP_FX_Fire_2_side_2	</identifier>
				<transform>
					<row0>	1.0000 0.0000 0.0000 0.0000	</row0>
					<row1>	0.0000 1.0000 0.0000 0.0000	</row1>
					<row2>	0.0000 0.0000 1.0000 0.0000	</row2>
					<row3>	0.4281 0.3271 -0.1875 1.0000	</row3>
				</transform>
			</node>
			<node>
				<identifier>	HP_FX_FloodLight_left_1	</identifier>
				<transform>
					<row0>	-1.0000 0.0000 0.0000 0.0000	</row0>
					<row1>	0.0000 1.0000 0.0000 0.0000	</row1>
					<row2>	0.0000 0.0000 -1.0000 0.0000	</row2>
					<row3>	-0.3090 0.6630 2.2410 1.0000	</row3>
				</transform>
			</node>
			<node>
				<identifier>	HP_FX_FloodLight_right_1	</identifier>
				<transform>
					<row0>	1.0000 0.0000 0.0000 0.0000	</row0>
					<row1>	0.0000 1.0000 0.0000 0.0000	</row1>
					<row2>	0.0000 0.0000 1.0000 0.0000	</row2>
					<row3>	0.3090 0.6630 2.2410 1.0000	</row3>
				</transform>
			</node>
			<node>
				<identifier>	HP_FX_Flood_steam_1	</identifier>
				<transform>
					<row0>	1.0000 0.0000 0.0000 0.0000	</row0>
					<row1>	0.0000 0.7960 -0.6053 0.0000	</row1>
					<row2>	0.0000 0.6053 0.7960 0.0000	</row2>
					<row3>	0.0350 0.8354 0.8022 1.0000	</row3>
				</transform>
			</node>
			<node>
				<identifier>	HP_FX_Flood_steam_2	</identifier>
				<transform>
					<row0>	1.0000 0.0000 0.0000 0.0000	</row0>
					<row1>	0.0000 0.7743 -0.6328 0.0000	</row1>
					<row2>	0.0000 0.6328 0.7743 0.0000	</row2>
					<row3>	-0.0348 0.8860 -0.2635 1.0000	</row3>
				</transform>
			</node>
			<node>
				<identifier>	HP_FX_Flood_steam_3	</identifier>
				<transform>
					<row0>	1.0000 0.0000 0.0000 0.0000	</row0>
					<row1>	0.0000 0.9930 -0.1183 0.0000	</row1>
					<row2>	0.0000 0.1183 0.9930 0.0000	</row2>
					<row3>	0.0007 1.1576 1.2006 1.0000	</row3>
				</transform>
			</node>
			<node>
				<identifier>	HP_FX_Flood_steam_left	</identifier>
				<transform>
					<row0>	-1.0000 0.0000 0.0000 0.0000	</row0>
					<row1>	0.0000 1.0000 0.0000 0.0000	</row1>
					<row2>	0.0000 0.0000 -1.0000 0.0000	</row2>
					<row3>	-0.4323 0.3514 3.1770 1.0000	</row3>
				</transform>
			</node>
			<node>
				<identifier>	HP_FX_Flood_water_left_2	</identifier>
				<transform>
					<row0>	-1.0000 0.0000 0.0000 0.0000	</row0>
					<row1>	0.0000 1.0000 0.0000 0.0000	</row1>
					<row2>	0.0000 0.0000 -1.0000 0.0000	</row2>
					<row3>	-0.5398 0.0915 0.6739 1.0000	</row3>
				</transform>
			</node>
			<node>
				<identifier>	HP_FX_Flood_water_right_2	</identifier>
				<transform>
					<row0>	1.0000 0.0000 0.0000 0.0000	</row0>
					<row1>	0.0000 1.0000 0.0000 0.0000	</row1>
					<row2>	0.0000 0.0000 1.0000 0.0000	</row2>
					<row3>	0.5398 0.0933 0.6742 1.0000	</row3>
				</transform>
			</node>
			<node>
				<identifier>	HP_FX_Smoke_1	</identifier>
				<transform>
					<row0>	1.0000 0.0000 0.0000 0.0000	</row0>
					<row1>	0.0000 0.9697 -0.2443 0.0000	</row1>
					<row2>	0.0000 0.2443 0.9697 0.0000	</row2>
					<row3>	0.0000 1.0103 1.0173 1.0000	</row3>
				</transform>
			</node>
			<node>
				<identifier>	HP_FX_Smoke_2	</identifier>
				<transform>
					<row0>	1.0000 0.0000 0.0000 0.0000	</row0>
					<row1>	0.0000 0.9698 -0.2440 0.0000	</row1>
					<row2>	0.0000 0.2440 0.9698 0.0000	</row2>
					<row3>	0.0000 1.0102 -0.0437 1.0000	</row3>
				</transform>
			</node>
			<node>
				<identifier>	HP_Flagpole	</identifier>
				<transform>
					<row0>	-1.0000 -0.0004 -0.0029 0.0000	</row0>
					<row1>	0.0000 0.9891 -0.1475 0.0000	</row1>
					<row2>	0.0029 -0.1475 -0.9891 0.0000	</row2>
					<row3>	0.0000 1.6394 1.3974 1.0000	</row3>
				</transform>
			</node>
			<node>
				<identifier>	HP_SD_1	</identifier>
				<transform>
					<row0>	0.0000 0.0000 1.0000 0.0000	</row0>
					<row1>	0.0000 1.0000 0.0000 0.0000	</row1>
					<row2>	-1.0000 0.0000 0.0000 0.0000	</row2>
					<row3>	-0.3767 0.8977 2.1221 1.0000	</row3>
				</transform>
			</node>
			<node>
				<identifier>	HP_SD_2	</identifier>
				<transform>
					<row0>	0.0000 0.0000 -1.0000 0.0000	</row0>
					<row1>	0.0000 1.0000 0.0000 0.0000	</row1>
					<row2>	1.0000 0.0000 0.0000 0.0000	</row2>
					<row3>	0.3767 0.8977 2.1221 1.0000	</row3>
				</transform>
			</node>
			<node>
				<identifier>	HP_SD_3	</identifier>
				<transform>
					<row0>	1.0000 0.0000 0.0000 0.0000	</row0>
					<row1>	0.0000 1.0000 0.0000 0.0000	</row1>
					<row2>	0.0000 0.0000 1.0000 0.0000	</row2>
					<row3>	0.0000 1.1180 2.0809 1.0000	</row3>
				</transform>
			</node>
			<node>
				<identifier>	HP_SD_4	</identifier>
				<transform>
					<row0>	1.0000 0.0000 0.0000 0.0000	</row0>
					<row1>	0.0000 1.0000 0.0000 0.0000	</row1>
					<row2>	0.0000 0.0000 1.0000 0.0000	</row2>
					<row3>	0.0000 1.1859 1.6452 1.0000	</row3>
				</transform>
			</node>
			<node>
				<identifier>	HP_SGA_1	</identifier>
				<transform>
					<row0>	1.0000 0.0000 0.0000 0.0000	</row0>
					<row1>	0.0000 1.0000 0.0000 0.0000	</row1>
					<row2>	0.0000 0.0000 1.0000 0.0000	</row2>
					<row3>	0.0000 0.7491 2.5862 1.0000	</row3>
				</transform>
			</node>
			<node>
				<identifier>	HP_SGA_2	</identifier>
				<transform>
					<row0>	0.0000 0.0000 1.0000 0.0000	</row0>
					<row1>	0.0000 1.0000 0.0000 0.0000	</row1>
					<row2>	-1.0000 0.0000 0.0000 0.0000	</row2>
					<row3>	-0.4287 0.4162 1.6580 1.0000	</row3>
				</transform>
			</node>
			<node>
				<identifier>	HP_SGA_3	</identifier>
				<transform>
					<row0>	0.0000 0.0000 -1.0000 0.0000	</row0>
					<row1>	0.0000 1.0000 0.0000 0.0000	</row1>
					<row2>	1.0000 0.0000 0.0000 0.0000	</row2>
					<row3>	0.4287 0.4162 1.6580 1.0000	</row3>
				</transform>
			</node>
			<node>
				<identifier>	HP_SGA_4	</identifier>
				<transform>
					<row0>	0.0000 0.0000 -1.0000 0.0000	</row0>
					<row1>	0.0000 1.0000 0.0000 0.0000	</row1>
					<row2>	1.0000 0.0000 0.0000 0.0000	</row2>
					<row3>	0.1565 0.5160 0.6196 1.0000	</row3>
				</transform>
			</node>
			<node>
				<identifier>	HP_SGA_5	</identifier>
				<transform>
					<row0>	0.0000 0.0000 1.0000 0.0000	</row0>
					<row1>	0.0000 1.0000 0.0000 0.0000	</row1>
					<row2>	-1.0000 0.0000 0.0000 0.0000	</row2>
					<row3>	-0.4400 0.2520 0.5631 1.0000	</row3>
				</transform>
			</node>
			<node>
				<identifier>	HP_SGA_6	</identifier>
				<transform>
					<row0>	0.0000 0.0000 -1.0000 0.0000	</row0>
					<row1>	0.0000 1.0000 0.0000 0.0000	</row1>
					<row2>	1.0000 0.0000 0.0000 0.0000	</row2>
					<row3>	0.4400 0.2520 0.5631 1.0000	</row3>
				</transform>
			</node>
			<node>
				<identifier>	HP_SGA_7	</identifier>
				<transform>
					<row0>	0.0000 0.0000 1.0000 0.0000	</row0>
					<row1>	0.0000 1.0000 0.0000 0.0000	</row1>
					<row2>	-1.0000 0.0000 0.0000 0.0000	</row2>
					<row3>	-0.1563 0.5159 0.4542 1.0000	</row3>
				</transform>
			</node>
			<node>
				<identifier>	HP_SGM_2	</identifier>
				<transform>
					<row0>	1.0000 0.0000 0.0000 0.0000	</row0>
					<row1>	0.0000 1.0000 0.0000 0.0000	</row1>
					<row2>	0.0000 0.0000 1.0000 0.0000	</row2>
					<row3>	0.0000 0.6043 2.9728 1.0000	</row3>
				</transform>
			</node>
			<node>
				<identifier>	HP_Ship_death_2	</identifier>
				<transform>
					<row0>	1.0000 0.0000 0.0000 0.0000	</row0>
					<row1>	0.0000 1.0000 0.0000 0.0000	</row1>
					<row2>	0.0000 0.0000 1.0000 0.0000	</row2>
					<row3>	0.0000 0.0000 -0.4924 1.0000	</row3>
				</transform>
			</node>
			<node>
				<identifier>	HP_flag_1	</identifier>
				<transform>
					<row0>	0.9996 -0.0266 0.0009 0.0000	</row0>
					<row1>	0.0266 0.9976 -0.0639 0.0000	</row1>
					<row2>	0.0009 0.0639 0.9980 0.0000	</row2>
					<row3>	0.1918 1.5590 1.4049 1.0000	</row3>
				</transform>
			</node>
			<node>
				<identifier>	HP_flag_2	</identifier>
				<transform>
					<row0>	0.9996 0.0266 -0.0009 0.0000	</row0>
					<row1>	-0.0266 0.9976 -0.0639 0.0000	</row1>
					<row2>	-0.0009 0.0639 0.9980 0.0000	</row2>
					<row3>	-0.1918 1.5590 1.4049 1.0000	</row3>
				</transform>
			</node>
			<node>
				<identifier>	HP_flag_3	</identifier>
				<transform>
					<row0>	1.0000 0.0013 0.0000 0.0000	</row0>
					<row1>	-0.0013 0.9980 -0.0640 0.0000	</row1>
					<row2>	0.0000 0.0640 0.9980 0.0000	</row2>
					<row3>	0.1198 1.5590 1.4049 1.0000	</row3>
				</transform>
			</node>
			<node>
				<identifier>	HP_flag_4	</identifier>
				<transform>
					<row0>	1.0000 -0.0013 0.0000 0.0000	</row0>
					<row1>	0.0013 0.9980 -0.0640 0.0000	</row1>
					<row2>	0.0000 0.0640 0.9980 0.0000	</row2>
					<row3>	-0.1186 1.5591 1.4049 1.0000	</row3>
				</transform>
			</node>
			<node>
				<identifier>	HP_flag_courtesy	</identifier>
				<transform>
					<row0>	0.9991 -0.0415 0.0013 0.0000	</row0>
					<row1>	0.0415 0.9971 -0.0639 0.0000	</row1>
					<row2>	0.0013 0.0639 0.9980 0.0000	</row2>
					<row3>	0.2281 1.5591 1.4049 1.0000	</row3>
				</transform>
			</node>
			<node>
				<identifier>	HP_flag_house	</identifier>
				<transform>
					<row0>	0.9991 0.0415 -0.0013 0.0000	</row0>
					<row1>	-0.0415 0.9971 -0.0639 0.0000	</row1>
					<row2>	-0.0013 0.0639 0.9980 0.0000	</row2>
					<row3>	-0.2287 1.5592 1.4059 1.0000	</row3>
				</transform>
			</node>
			<node>
				<identifier>	HP_flag_rank	</identifier>
				<transform>
					<row0>	1.0000 0.0000 0.0000 0.0000	</row0>
					<row1>	0.0000 0.9976 -0.0694 0.0000	</row1>
					<row2>	0.0000 0.0694 0.9976 0.0000	</row2>
					<row3>	0.0000 1.6427 1.3411 1.0000	</row3>
				</transform>
			</node>
			<node>
				<identifier>	MP_BM869_Searchlight_36in	</identifier>
				<transform>
					<row0>	-1.0000 0.0000 0.0000 0.0000	</row0>
					<row1>	0.0000 1.0000 0.0000 0.0000	</row1>
					<row2>	0.0000 0.0000 -1.0000 0.0000	</row2>
					<row3>	0.1581 0.6110 -0.2356 1.0000	</row3>
				</transform>
			</node>
			<node>
				<identifier>	MP_BM869_Searchlight_36in_INDEX_1	</identifier>
				<transform>
					<row0>	-1.0000 0.0000 0.0000 0.0000	</row0>
					<row1>	0.0000 1.0000 0.0000 0.0000	</row1>
					<row2>	0.0000 0.0000 -1.0000 0.0000	</row2>
					<row3>	-0.1581 0.6110 -0.2356 1.0000	</row3>
				</transform>
			</node>
			<node>
				<identifier>	MP_CM012_Fire_Hose_Rack_1	</identifier>
				<transform>
					<row0>	0.9994 0.0000 -0.0342 0.0000	</row0>
					<row1>	0.0000 1.0000 0.0000 0.0000	</row1>
					<row2>	0.0342 0.0000 0.9994 0.0000	</row2>
					<row3>	-0.1269 0.5219 3.3467 1.0000	</row3>
				</transform>
			</node>
			<node>
				<identifier>	MP_CM012_Fire_Hose_Rack_1_INDEX_1	</identifier>
				<transform>
					<row0>	-0.9995 0.0000 -0.0323 0.0000	</row0>
					<row1>	0.0000 1.0000 0.0000 0.0000	</row1>
					<row2>	0.0323 0.0000 -0.9995 0.0000	</row2>
					<row3>	0.1272 0.5219 3.3438 1.0000	</row3>
				</transform>
			</node>
			<node>
				<identifier>	MP_CM012_Fire_Hose_Rack_1_INDEX_2	</identifier>
				<transform>
					<row0>	1.0000 0.0000 0.0000 0.0000	</row0>
					<row1>	0.0000 1.0000 0.0000 0.0000	</row1>
					<row2>	0.0000 0.0000 1.0000 0.0000	</row2>
					<row3>	-0.1385 0.3402 1.2074 1.0000	</row3>
				</transform>
			</node>
			<node>
				<identifier>	MP_CM012_Fire_Hose_Rack_1_INDEX_3	</identifier>
				<transform>
					<row0>	-1.0000 0.0000 0.0000 0.0000	</row0>
					<row1>	0.0000 1.0000 0.0000 0.0000	</row1>
					<row2>	0.0000 0.0000 -1.0000 0.0000	</row2>
					<row3>	0.1378 0.3402 1.2074 1.0000	</row3>
				</transform>
			</node>
			<node>
				<identifier>	MP_CM012_Fire_Hose_Rack_1_INDEX_4	</identifier>
				<transform>
					<row0>	1.0000 0.0000 0.0000 0.0000	</row0>
					<row1>	0.0000 1.0000 0.0000 0.0000	</row1>
					<row2>	0.0000 0.0000 1.0000 0.0000	</row2>
					<row3>	-0.3066 0.5029 2.1913 1.0000	</row3>
				</transform>
			</node>
			<node>
				<identifier>	MP_CM012_Fire_Hose_Rack_1_INDEX_5	</identifier>
				<transform>
					<row0>	-1.0000 0.0000 0.0000 0.0000	</row0>
					<row1>	0.0000 1.0000 0.0000 0.0000	</row1>
					<row2>	0.0000 0.0000 -1.0000 0.0000	</row2>
					<row3>	0.3066 0.5029 2.1913 1.0000	</row3>
				</transform>
			</node>
			<node>
				<identifier>	MP_CM012_Fire_Hose_Rack_1_INDEX_6	</identifier>
				<transform>
					<row0>	0.8824 0.0000 -0.4706 0.0000	</row0>
					<row1>	0.0000 1.0000 0.0000 0.0000	</row1>
					<row2>	0.4706 0.0000 0.8824 0.0000	</row2>
					<row3>	-0.2262 0.6622 2.4887 1.0000	</row3>
				</transform>
			</node>
			<node>
				<identifier>	MP_CM012_Fire_Hose_Rack_1_INDEX_7	</identifier>
				<transform>
					<row0>	0.4671 0.0665 0.6025 0.0000	</row0>
					<row1>	-0.0422 0.7623 -0.0514 0.0000	</row1>
					<row2>	-0.6047 -0.0018 0.4690 0.0000	</row2>
					<row3>	-0.0726 0.4809 -0.1582 1.0000	</row3>
				</transform>
			</node>
			<node>
				<identifier>	MP_CM012_Fire_Hose_Rack_1_INDEX_8	</identifier>
				<transform>
					<row0>	-0.7652 0.0000 0.0000 0.0000	</row0>
					<row1>	0.0000 0.7652 0.0000 0.0000	</row1>
					<row2>	0.0000 0.0000 -0.7652 0.0000	</row2>
					<row3>	0.0522 0.4584 -0.2767 1.0000	</row3>
				</transform>
			</node>
			<node>
				<identifier>	MP_CM029_Emergency_Box	</identifier>
				<transform>
					<row0>	-0.0305 0.0000 -0.9995 0.0000	</row0>
					<row1>	0.0000 1.0000 0.0000 0.0000	</row1>
					<row2>	0.9995 0.0000 -0.0305 0.0000	</row2>
					<row3>	-0.1278 0.5234 3.5175 1.0000	</row3>
				</transform>
			</node>
			<node>
				<identifier>	MP_CM029_Emergency_Box_INDEX_1	</identifier>
				<transform>
					<row0>	0.0000 0.0000 1.0000 0.0000	</row0>
					<row1>	0.0000 1.0000 0.0000 0.0000	</row1>
					<row2>	-1.0000 0.0000 0.0000 0.0000	</row2>
					<row3>	0.3109 0.4938 2.3944 1.0000	</row3>
				</transform>
			</node>
			<node>
				<identifier>	MP_CM029_Emergency_Box_INDEX_10	</identifier>
				<transform>
					<row0>	1.0000 0.0000 0.0000 0.0000	</row0>
					<row1>	0.0000 1.0000 0.0000 0.0000	</row1>
					<row2>	0.0000 0.0000 1.0000 0.0000	</row2>
					<row3>	-0.0865 0.4679 -0.5445 1.0000	</row3>
				</transform>
			</node>
			<node>
				<identifier>	MP_CM029_Emergency_Box_INDEX_11	</identifier>
				<transform>
					<row0>	-0.4735 0.0000 0.8808 0.0000	</row0>
					<row1>	0.0000 1.0000 0.0000 0.0000	</row1>
					<row2>	-0.8808 0.0000 -0.4735 0.0000	</row2>
					<row3>	0.1336 0.6397 2.6742 1.0000	</row3>
				</transform>
			</node>
			<node>
				<identifier>	MP_CM029_Emergency_Box_INDEX_12	</identifier>
				<transform>
					<row0>	-1.0000 0.0000 0.0000 0.0000	</row0>
					<row1>	0.0000 1.0000 0.0000 0.0000	</row1>
					<row2>	0.0000 0.0000 -1.0000 0.0000	</row2>
					<row3>	0.0409 0.6677 -0.3078 1.0000	</row3>
				</transform>
			</node>
			<node>
				<identifier>	MP_CM029_Emergency_Box_INDEX_13	</identifier>
				<transform>
					<row0>	0.0000 0.0000 -1.0000 0.0000	</row0>
					<row1>	0.0000 1.0000 0.0000 0.0000	</row1>
					<row2>	1.0000 0.0000 0.0000 0.0000	</row2>
					<row3>	-0.3109 0.4938 2.3944 1.0000	</row3>
				</transform>
			</node>
			<node>
				<identifier>	MP_CM029_Emergency_Box_INDEX_14	</identifier>
				<transform>
					<row0>	-0.2588 0.0000 0.9659 0.0000	</row0>
					<row1>	0.0000 1.0000 0.0000 0.0000	</row1>
					<row2>	-0.9659 0.0000 -0.2588 0.0000	</row2>
					<row3>	-0.3406 0.9354 1.7383 1.0000	</row3>
				</transform>
			</node>
			<node>
				<identifier>	MP_CM029_Emergency_Box_INDEX_15	</identifier>
				<transform>
					<row0>	-0.2588 0.0000 -0.9659 0.0000	</row0>
					<row1>	0.0000 1.0000 0.0000 0.0000	</row1>
					<row2>	0.9659 0.0000 -0.2588 0.0000	</row2>
					<row3>	0.3406 0.9354 1.7383 1.0000	</row3>
				</transform>
			</node>
			<node>
				<identifier>	MP_CM029_Emergency_Box_INDEX_2	</identifier>
				<transform>
					<row0>	1.0000 0.0000 0.0000 0.0000	</row0>
					<row1>	0.0000 1.0000 0.0000 0.0000	</row1>
					<row2>	0.0000 0.0000 1.0000 0.0000	</row2>
					<row3>	0.0000 0.4938 1.7848 1.0000	</row3>
				</transform>
			</node>
			<node>
				<identifier>	MP_CM029_Emergency_Box_INDEX_3	</identifier>
				<transform>
					<row0>	0.0000 0.0000 1.0000 0.0000	</row0>
					<row1>	0.0000 1.0000 0.0000 0.0000	</row1>
					<row2>	-1.0000 0.0000 0.0000 0.0000	</row2>
					<row3>	-0.2141 1.0851 1.8996 1.0000	</row3>
				</transform>
			</node>
			<node>
				<identifier>	MP_CM029_Emergency_Box_INDEX_4	</identifier>
				<transform>
					<row0>	0.8084 0.0000 0.5886 0.0000	</row0>
					<row1>	0.0000 1.0000 0.0000 0.0000	</row1>
					<row2>	-0.5886 0.0000 0.8084 0.0000	</row2>
					<row3>	0.0436 0.5517 0.6952 1.0000	</row3>
				</transform>
			</node>
			<node>
				<identifier>	MP_CM029_Emergency_Box_INDEX_5	</identifier>
				<transform>
					<row0>	-1.0000 0.0000 0.0000 0.0000	</row0>
					<row1>	0.0000 1.0000 0.0000 0.0000	</row1>
					<row2>	0.0000 0.0000 -1.0000 0.0000	</row2>
					<row3>	0.0810 0.7923 2.4576 1.0000	</row3>
				</transform>
			</node>
			<node>
				<identifier>	MP_CM029_Emergency_Box_INDEX_6	</identifier>
				<transform>
					<row0>	-1.0000 0.0000 0.0000 0.0000	</row0>
					<row1>	0.0000 1.0000 0.0000 0.0000	</row1>
					<row2>	0.0000 0.0000 -1.0000 0.0000	</row2>
					<row3>	-0.1096 0.9651 2.0527 1.0000	</row3>
				</transform>
			</node>
			<node>
				<identifier>	MP_CM029_Emergency_Box_INDEX_7	</identifier>
				<transform>
					<row0>	-0.0349 0.0000 0.9994 0.0000	</row0>
					<row1>	0.0000 1.0000 0.0000 0.0000	</row1>
					<row2>	-0.9994 0.0000 -0.0349 0.0000	</row2>
					<row3>	0.1277 0.5234 3.5173 1.0000	</row3>
				</transform>
			</node>
			<node>
				<identifier>	MP_CM029_Emergency_Box_INDEX_8	</identifier>
				<transform>
					<row0>	0.1734 0.0000 0.9849 0.0000	</row0>
					<row1>	0.0000 1.0000 0.0000 0.0000	</row1>
					<row2>	-0.9849 0.0000 0.1734 0.0000	</row2>
					<row3>	0.1221 0.4796 -0.0891 1.0000	</row3>
				</transform>
			</node>
			<node>
				<identifier>	MP_CM029_Emergency_Box_INDEX_9	</identifier>
				<transform>
					<row0>	0.1734 0.0000 -0.9849 0.0000	</row0>
					<row1>	0.0000 1.0000 0.0000 0.0000	</row1>
					<row2>	0.9849 0.0000 0.1734 0.0000	</row2>
					<row3>	-0.1221 0.4796 -0.0891 1.0000	</row3>
				</transform>
			</node>
			<node>
				<identifier>	MP_CM040_Steering_Wheel	</identifier>
				<transform>
					<row0>	0.7039 0.0000 0.0000 0.0000	</row0>
					<row1>	0.0000 0.7039 0.0000 0.0000	</row1>
					<row2>	0.0000 0.0000 0.7039 0.0000	</row2>
					<row3>	0.0000 0.8993 2.2507 1.0000	</row3>
				</transform>
			</node>
			<node>
				<identifier>	MP_CM056_Ships_bell	</identifier>
				<transform>
					<row0>	0.6232 0.0000 0.0000 0.0000	</row0>
					<row1>	0.0000 0.6232 0.0000 0.0000	</row1>
					<row2>	0.0000 0.0000 0.6232 0.0000	</row2>
					<row3>	-0.2645 0.5688 1.6182 1.0000	</row3>
				</transform>
			</node>
			<node>
				<identifier>	MP_CM109_Leadsman_Platform	</identifier>
				<transform>
					<row0>	0.0000 -1.0000 0.0000 0.0000	</row0>
					<row1>	-0.9998 0.0000 0.0211 0.0000	</row1>
					<row2>	-0.0211 0.0000 -0.9998 0.0000	</row2>
					<row3>	-0.5051 0.4199 2.2443 1.0000	</row3>
				</transform>
			</node>
			<node>
				<identifier>	MP_CM109_Leadsman_Platform_INDEX_1	</identifier>
				<transform>
					<row0>	0.0000 -1.0000 0.0000 0.0000	</row0>
					<row1>	0.9993 0.0000 0.0369 0.0000	</row1>
					<row2>	-0.0369 0.0000 0.9993 0.0000	</row2>
					<row3>	0.5061 0.4199 2.2443 1.0000	</row3>
				</transform>
			</node>
			<node>
				<identifier>	MP_CM112_Fire_Extinguisher	</identifier>
				<transform>
					<row0>	0.0000 0.0000 1.0000 0.0000	</row0>
					<row1>	0.0000 1.0000 0.0000 0.0000	</row1>
					<row2>	-1.0000 0.0000 0.0000 0.0000	</row2>
					<row3>	0.0000 0.7879 2.4563 1.0000	</row3>
				</transform>
			</node>
			<node>
				<identifier>	MP_CM112_Fire_Extinguisher_INDEX_1	</identifier>
				<transform>
					<row0>	1.0000 0.0000 0.0000 0.0000	</row0>
					<row1>	0.0000 1.0000 0.0000 0.0000	</row1>
					<row2>	0.0000 0.0000 1.0000 0.0000	</row2>
					<row3>	-0.2153 1.0876 1.7801 1.0000	</row3>
				</transform>
			</node>
			<node>
				<identifier>	MP_CM126_Cleat	</identifier>
				<transform>
					<row0>	1.0000 0.0000 0.0000 0.0000	</row0>
					<row1>	0.0000 1.0000 0.0000 0.0000	</row1>
					<row2>	0.0000 0.0000 1.0000 0.0000	</row2>
					<row3>	0.4854 0.4155 2.5358 1.0000	</row3>
				</transform>
			</node>
			<node>
				<identifier>	MP_CM126_Cleat_INDEX_1	</identifier>
				<transform>
					<row0>	1.0000 0.0000 0.0000 0.0000	</row0>
					<row1>	0.0000 1.0000 0.0000 0.0000	</row1>
					<row2>	0.0000 0.0000 1.0000 0.0000	</row2>
					<row3>	0.4854 0.4163 2.5794 1.0000	</row3>
				</transform>
			</node>
			<node>
				<identifier>	MP_CM126_Cleat_INDEX_10	</identifier>
				<transform>
					<row0>	-0.7468 -0.0429 -0.6637 0.0000	</row0>
					<row1>	0.6646 -0.0857 -0.7423 0.0000	</row1>
					<row2>	-0.0250 -0.9954 0.0926 0.0000	</row2>
					<row3>	0.0669 0.5418 0.8895 1.0000	</row3>
				</transform>
			</node>
			<node>
				<identifier>	MP_CM126_Cleat_INDEX_11	</identifier>
				<transform>
					<row0>	0.8430 -0.0582 -0.5347 0.0000	</row0>
					<row1>	0.5378 0.0748 0.8398 0.0000	</row1>
					<row2>	-0.0089 -0.9955 0.0944 0.0000	</row2>
					<row3>	0.0676 0.5497 1.2136 1.0000	</row3>
				</transform>
			</node>
			<node>
				<identifier>	MP_CM126_Cleat_INDEX_12	</identifier>
				<transform>
					<row0>	0.7876 0.0502 0.6142 0.0000	</row0>
					<row1>	-0.6162 0.0804 0.7835 0.0000	</row1>
					<row2>	-0.0101 -0.9955 0.0943 0.0000	</row2>
					<row3>	-0.0676 0.5496 1.2148 1.0000	</row3>
				</transform>
			</node>
			<node>
				<identifier>	MP_CM126_Cleat_INDEX_13	</identifier>
				<transform>
					<row0>	-0.8583 0.0261 0.5125 0.0000	</row0>
					<row1>	-0.5125 -0.0923 -0.8537 0.0000	</row1>
					<row2>	0.0250 -0.9954 0.0926 0.0000	</row2>
					<row3>	-0.0677 0.5417 0.8906 1.0000	</row3>
				</transform>
			</node>
			<node>
				<identifier>	MP_CM126_Cleat_INDEX_14	</identifier>
				<transform>
					<row0>	-0.0136 -0.0118 -0.9998 0.0000	</row0>
					<row1>	0.9999 -0.0058 -0.0135 0.0000	</row1>
					<row2>	-0.0057 -0.9999 0.0119 0.0000	</row2>
					<row3>	0.1192 0.5501 -0.0673 1.0000	</row3>
				</transform>
			</node>
			<node>
				<identifier>	MP_CM126_Cleat_INDEX_15	</identifier>
				<transform>
					<row0>	0.1466 -0.0078 -0.9892 0.0000	</row0>
					<row1>	0.9890 0.0216 0.1464 0.0000	</row1>
					<row2>	0.0202 -0.9997 0.0109 0.0000	</row2>
					<row3>	0.1182 0.5499 0.0704 1.0000	</row3>
				</transform>
			</node>
			<node>
				<identifier>	MP_CM126_Cleat_INDEX_16	</identifier>
				<transform>
					<row0>	-0.0136 0.0118 0.9998 0.0000	</row0>
					<row1>	-0.9999 -0.0058 -0.0135 0.0000	</row1>
					<row2>	0.0057 -0.9999 0.0119 0.0000	</row2>
					<row3>	-0.1187 0.5501 -0.0673 1.0000	</row3>
				</transform>
			</node>
			<node>
				<identifier>	MP_CM126_Cleat_INDEX_17	</identifier>
				<transform>
					<row0>	-0.0136 0.0118 0.9998 0.0000	</row0>
					<row1>	-0.9999 -0.0058 -0.0135 0.0000	</row1>
					<row2>	0.0057 -0.9999 0.0119 0.0000	</row2>
					<row3>	-0.1171 0.5501 0.0719 1.0000	</row3>
				</transform>
			</node>
			<node>
				<identifier>	MP_CM126_Cleat_INDEX_18	</identifier>
				<transform>
					<row0>	-0.8029 -0.0261 -0.5956 0.0000	</row0>
					<row1>	0.5952 -0.0923 -0.7983 0.0000	</row1>
					<row2>	-0.0342 -0.9954 0.0896 0.0000	</row2>
					<row3>	0.0666 0.5424 -0.1693 1.0000	</row3>
				</transform>
			</node>
			<node>
				<identifier>	MP_CM126_Cleat_INDEX_19	</identifier>
				<transform>
					<row0>	0.8050 -0.0502 -0.5912 0.0000	</row0>
					<row1>	0.5928 0.1105 0.7977 0.0000	</row1>
					<row2>	0.0253 -0.9926 0.1187 0.0000	</row2>
					<row3>	0.0727 0.5497 0.1528 1.0000	</row3>
				</transform>
			</node>
			<node>
				<identifier>	MP_CM126_Cleat_INDEX_2	</identifier>
				<transform>
					<row0>	1.0000 0.0000 0.0000 0.0000	</row0>
					<row1>	0.0000 1.0000 0.0000 0.0000	</row1>
					<row2>	0.0000 0.0000 1.0000 0.0000	</row2>
					<row3>	0.5022 0.4116 2.1169 1.0000	</row3>
				</transform>
			</node>
			<node>
				<identifier>	MP_CM126_Cleat_INDEX_20	</identifier>
				<transform>
					<row0>	0.8063 0.0502 0.5894 0.0000	</row0>
					<row1>	-0.5915 0.0804 0.8023 0.0000	</row1>
					<row2>	-0.0071 -0.9955 0.0945 0.0000	</row2>
					<row3>	-0.0732 0.5499 0.1519 1.0000	</row3>
				</transform>
			</node>
			<node>
				<identifier>	MP_CM126_Cleat_INDEX_21	</identifier>
				<transform>
					<row0>	-0.8583 0.0261 0.5125 0.0000	</row0>
					<row1>	-0.5125 -0.0923 -0.8537 0.0000	</row1>
					<row2>	0.0250 -0.9954 0.0926 0.0000	</row2>
					<row3>	-0.0672 0.5425 -0.1685 1.0000	</row3>
				</transform>
			</node>
			<node>
				<identifier>	MP_CM126_Cleat_INDEX_22	</identifier>
				<transform>
					<row0>	-1.0000 0.0000 0.0000 0.0000	</row0>
					<row1>	0.0000 0.0000 1.0000 0.0000	</row1>
					<row2>	0.0000 1.0000 0.0000 0.0000	</row2>
					<row3>	0.0000 0.8048 1.3946 1.0000	</row3>
				</transform>
			</node>
			<node>
				<identifier>	MP_CM126_Cleat_INDEX_3	</identifier>
				<transform>
					<row0>	1.0000 0.0000 0.0000 0.0000	</row0>
					<row1>	0.0000 1.0000 0.0000 0.0000	</row1>
					<row2>	0.0000 0.0000 1.0000 0.0000	</row2>
					<row3>	-0.4854 0.4155 2.5358 1.0000	</row3>
				</transform>
			</node>
			<node>
				<identifier>	MP_CM126_Cleat_INDEX_4	</identifier>
				<transform>
					<row0>	1.0000 0.0000 0.0000 0.0000	</row0>
					<row1>	0.0000 1.0000 0.0000 0.0000	</row1>
					<row2>	0.0000 0.0000 1.0000 0.0000	</row2>
					<row3>	-0.4854 0.4163 2.5794 1.0000	</row3>
				</transform>
			</node>
			<node>
				<identifier>	MP_CM126_Cleat_INDEX_5	</identifier>
				<transform>
					<row0>	1.0000 0.0000 0.0000 0.0000	</row0>
					<row1>	0.0000 1.0000 0.0000 0.0000	</row1>
					<row2>	0.0000 0.0000 1.0000 0.0000	</row2>
					<row3>	-0.5022 0.4116 2.1169 1.0000	</row3>
				</transform>
			</node>
			<node>
				<identifier>	MP_CM126_Cleat_INDEX_6	</identifier>
				<transform>
					<row0>	-0.0136 -0.0118 -0.9998 0.0000	</row0>
					<row1>	0.9999 -0.0058 -0.0135 0.0000	</row1>
					<row2>	-0.0057 -0.9999 0.0119 0.0000	</row2>
					<row3>	0.1189 0.5501 0.9964 1.0000	</row3>
				</transform>
			</node>
			<node>
				<identifier>	MP_CM126_Cleat_INDEX_7	</identifier>
				<transform>
					<row0>	-0.0136 -0.0118 -0.9998 0.0000	</row0>
					<row1>	0.9999 -0.0058 -0.0135 0.0000	</row1>
					<row2>	-0.0057 -0.9999 0.0119 0.0000	</row2>
					<row3>	0.1168 0.5501 1.1356 1.0000	</row3>
				</transform>
			</node>
			<node>
				<identifier>	MP_CM126_Cleat_INDEX_8	</identifier>
				<transform>
					<row0>	-0.0136 0.0118 0.9998 0.0000	</row0>
					<row1>	-0.9999 -0.0058 -0.0135 0.0000	</row1>
					<row2>	0.0057 -0.9999 0.0119 0.0000	</row2>
					<row3>	-0.1189 0.5501 0.9964 1.0000	</row3>
				</transform>
			</node>
			<node>
				<identifier>	MP_CM126_Cleat_INDEX_9	</identifier>
				<transform>
					<row0>	-0.0136 0.0118 0.9998 0.0000	</row0>
					<row1>	-0.9999 -0.0058 -0.0135 0.0000	</row1>
					<row2>	0.0057 -0.9999 0.0119 0.0000	</row2>
					<row3>	-0.1168 0.5501 1.1356 1.0000	</row3>
				</transform>
			</node>
			<node>
				<identifier>	MP_CM742_Fire_Fighting_Gear_HW19	</identifier>
				<transform>
					<row0>	-0.0601 0.0000 -0.9982 0.0000	</row0>
					<row1>	0.0000 1.0000 0.0000 0.0000	</row1>
					<row2>	0.9982 0.0000 -0.0601 0.0000	</row2>
					<row3>	-0.1342 0.4394 3.3486 1.0000	</row3>
				</transform>
			</node>
			<node>
				<identifier>	MP_CM742_Fire_Fighting_Gear_HW19_INDEX_1	</identifier>
				<transform>
					<row0>	-0.0403 0.0000 0.9992 0.0000	</row0>
					<row1>	0.0000 1.0000 0.0000 0.0000	</row1>
					<row2>	-0.9992 0.0000 -0.0403 0.0000	</row2>
					<row3>	0.1335 0.4398 3.3458 1.0000	</row3>
				</transform>
			</node>
			<node>
				<identifier>	MP_CM742_Fire_Fighting_Gear_HW19_INDEX_2	</identifier>
				<transform>
					<row0>	0.0000 0.0000 -1.0000 0.0000	</row0>
					<row1>	0.0000 1.0000 0.0000 0.0000	</row1>
					<row2>	1.0000 0.0000 0.0000 0.0000	</row2>
					<row3>	-0.1475 0.2575 1.2074 1.0000	</row3>
				</transform>
			</node>
			<node>
				<identifier>	MP_CM742_Fire_Fighting_Gear_HW19_INDEX_3	</identifier>
				<transform>
					<row0>	0.0000 0.0000 1.0000 0.0000	</row0>
					<row1>	0.0000 1.0000 0.0000 0.0000	</row1>
					<row2>	-1.0000 0.0000 0.0000 0.0000	</row2>
					<row3>	0.1475 0.2573 1.2074 1.0000	</row3>
				</transform>
			</node>
			<node>
				<identifier>	MP_CM742_Fire_Fighting_Gear_HW19_INDEX_4	</identifier>
				<transform>
					<row0>	0.0000 0.0000 -1.0000 0.0000	</row0>
					<row1>	0.0000 1.0000 0.0000 0.0000	</row1>
					<row2>	1.0000 0.0000 0.0000 0.0000	</row2>
					<row3>	-0.3156 0.4194 2.1913 1.0000	</row3>
				</transform>
			</node>
			<node>
				<identifier>	MP_CM742_Fire_Fighting_Gear_HW19_INDEX_5	</identifier>
				<transform>
					<row0>	0.0000 0.0000 1.0000 0.0000	</row0>
					<row1>	0.0000 1.0000 0.0000 0.0000	</row1>
					<row2>	-1.0000 0.0000 0.0000 0.0000	</row2>
					<row3>	0.3156 0.4193 2.1913 1.0000	</row3>
				</transform>
			</node>
			<node>
				<identifier>	MP_CM742_Fire_Fighting_Gear_HW19_INDEX_6	</identifier>
				<transform>
					<row0>	-0.4740 0.0000 -0.8805 0.0000	</row0>
					<row1>	0.0000 1.0000 0.0000 0.0000	</row1>
					<row2>	0.8805 0.0000 -0.4740 0.0000	</row2>
					<row3>	-0.2132 0.5895 2.5272 1.0000	</row3>
				</transform>
			</node>
			<node>
				<identifier>	MP_CM742_Fire_Fighting_Gear_HW19_INDEX_7	</identifier>
				<transform>
					<row0>	0.9235 0.0000 -0.3837 0.0000	</row0>
					<row1>	0.0000 1.0000 0.0000 0.0000	</row1>
					<row2>	0.3837 0.0000 0.9235 0.0000	</row2>
					<row3>	-0.0603 0.4218 -0.2335 1.0000	</row3>
				</transform>
			</node>
			<node>
				<identifier>	MP_CM742_Fire_Fighting_Gear_HW19_INDEX_8	</identifier>
				<transform>
					<row0>	0.0000 0.0000 1.0000 0.0000	</row0>
					<row1>	0.0000 1.0000 0.0000 0.0000	</row1>
					<row2>	-1.0000 0.0000 0.0000 0.0000	</row2>
					<row3>	0.0584 0.4236 -0.2575 1.0000	</row3>
				</transform>
			</node>
			<node>
				<identifier>	MP_SM009_Voice_Tube	</identifier>
				<transform>
					<row0>	1.0000 0.0000 0.0000 0.0000	</row0>
					<row1>	0.0000 1.0000 0.0000 0.0000	</row1>
					<row2>	0.0000 0.0000 1.0000 0.0000	</row2>
					<row3>	0.1068 0.9001 2.2671 1.0000	</row3>
				</transform>
			</node>
			<node>
				<identifier>	MP_SM009_Voice_Tube_INDEX_1	</identifier>
				<transform>
					<row0>	-0.9659 0.0000 -0.2588 0.0000	</row0>
					<row1>	0.0000 1.0000 0.0000 0.0000	</row1>
					<row2>	0.2588 0.0000 -0.9659 0.0000	</row2>
					<row3>	0.0484 1.1663 1.5002 1.0000	</row3>
				</transform>
			</node>
			<node>
				<identifier>	MP_SM009_Voice_Tube_INDEX_2	</identifier>
				<transform>
					<row0>	1.0000 0.0000 0.0000 0.0000	</row0>
					<row1>	0.0000 1.0000 0.0000 0.0000	</row1>
					<row2>	0.0000 0.0000 1.0000 0.0000	</row2>
					<row3>	-0.1068 0.9001 2.3077 1.0000	</row3>
				</transform>
			</node>
			<node>
				<identifier>	MP_SM009_Voice_Tube_INDEX_3	</identifier>
				<transform>
					<row0>	1.0000 0.0000 0.0000 0.0000	</row0>
					<row1>	0.0000 1.0000 0.0000 0.0000	</row1>
					<row2>	0.0000 0.0000 1.0000 0.0000	</row2>
					<row3>	0.0694 0.9001 2.2073 1.0000	</row3>
				</transform>
			</node>
			<node>
				<identifier>	MP_SM009_Voice_Tube_INDEX_4	</identifier>
				<transform>
					<row0>	1.0000 0.0000 0.0000 0.0000	</row0>
					<row1>	0.0000 1.0000 0.0000 0.0000	</row1>
					<row2>	0.0000 0.0000 1.0000 0.0000	</row2>
					<row3>	-0.0694 0.9001 2.2073 1.0000	</row3>
				</transform>
			</node>
			<node>
				<identifier>	MP_SM009_Voice_Tube_INDEX_5	</identifier>
				<transform>
					<row0>	1.0000 0.0000 0.0000 0.0000	</row0>
					<row1>	0.0000 1.0000 0.0000 0.0000	</row1>
					<row2>	0.0000 0.0000 1.0000 0.0000	</row2>
					<row3>	0.0817 0.7475 2.4300 1.0000	</row3>
				</transform>
			</node>
			<node>
				<identifier>	MP_SM009_Voice_Tube_INDEX_6	</identifier>
				<transform>
					<row0>	1.0000 0.0000 0.0000 0.0000	</row0>
					<row1>	0.0000 1.0000 0.0000 0.0000	</row1>
					<row2>	0.0000 0.0000 1.0000 0.0000	</row2>
					<row3>	-0.0817 0.7475 2.4300 1.0000	</row3>
				</transform>
			</node>
			<node>
				<identifier>	MP_SM009_Voice_Tube_INDEX_7	</identifier>
				<transform>
					<row0>	0.8660 0.0000 0.5000 0.0000	</row0>
					<row1>	0.0000 1.0000 0.0000 0.0000	</row1>
					<row2>	-0.5000 0.0000 0.8660 0.0000	</row2>
					<row3>	-0.2044 1.0438 2.3146 1.0000	</row3>
				</transform>
			</node>
			<node>
				<identifier>	MP_SM009_Voice_Tube_INDEX_8	</identifier>
				<transform>
					<row0>	0.8660 0.0000 -0.5000 0.0000	</row0>
					<row1>	0.0000 1.0000 0.0000 0.0000	</row1>
					<row2>	0.5000 0.0000 0.8660 0.0000	</row2>
					<row3>	0.2044 1.0438 2.3146 1.0000	</row3>
				</transform>
			</node>
			<node>
				<identifier>	MP_SM011_Reels	</identifier>
				<transform>
					<row0>	0.0000 0.0000 0.7420 0.0000	</row0>
					<row1>	0.7420 0.0000 0.0000 0.0000	</row1>
					<row2>	0.0000 0.7420 0.0000 0.0000	</row2>
					<row3>	0.1376 0.3941 -0.1545 1.0000	</row3>
				</transform>
			</node>
			<node>
				<identifier>	MP_SM011_Reels_INDEX_1	</identifier>
				<transform>
					<row0>	0.0000 0.0000 -0.7420 0.0000	</row0>
					<row1>	-0.7420 0.0000 0.0000 0.0000	</row1>
					<row2>	0.0000 0.7420 0.0000 0.0000	</row2>
					<row3>	-0.1376 0.3941 -0.1545 1.0000	</row3>
				</transform>
			</node>
			<node>
				<identifier>	MP_SM011_Reels_INDEX_2	</identifier>
				<transform>
					<row0>	-0.2658 0.0068 0.7545 0.0000	</row0>
					<row1>	0.7546 0.0000 0.2658 0.0000	</row1>
					<row2>	0.0022 0.8000 -0.0064 0.0000	</row2>
					<row3>	0.2557 0.5653 2.9508 1.0000	</row3>
				</transform>
			</node>
			<node>
				<identifier>	MP_SM011_Reels_INDEX_3	</identifier>
				<transform>
					<row0>	-0.2658 0.0068 0.7545 0.0000	</row0>
					<row1>	0.7546 0.0000 0.2658 0.0000	</row1>
					<row2>	0.0022 0.8000 -0.0064 0.0000	</row2>
					<row3>	0.2321 0.5659 3.0171 1.0000	</row3>
				</transform>
			</node>
			<node>
				<identifier>	MP_SM011_Reels_INDEX_4	</identifier>
				<transform>
					<row0>	-0.2658 -0.0068 -0.7545 0.0000	</row0>
					<row1>	-0.7546 0.0000 0.2658 0.0000	</row1>
					<row2>	-0.0022 0.8000 -0.0064 0.0000	</row2>
					<row3>	-0.2321 0.5659 3.0171 1.0000	</row3>
				</transform>
			</node>
			<node>
				<identifier>	MP_SM011_Reels_INDEX_5	</identifier>
				<transform>
					<row0>	-0.2658 -0.0068 -0.7545 0.0000	</row0>
					<row1>	-0.7546 0.0000 0.2658 0.0000	</row1>
					<row2>	-0.0022 0.8000 -0.0064 0.0000	</row2>
					<row3>	-0.2557 0.5653 2.9508 1.0000	</row3>
				</transform>
			</node>
			<node>
				<identifier>	MP_SM013_Insulator	</identifier>
				<transform>
					<row0>	0.0000 -0.6003 0.0000 0.0000	</row0>
					<row1>	0.6003 0.0000 0.0000 0.0000	</row1>
					<row2>	0.0000 0.0000 0.6003 0.0000	</row2>
					<row3>	0.1831 0.5844 -0.2357 1.0000	</row3>
				</transform>
			</node>
			<node>
				<identifier>	MP_SM013_Insulator_INDEX_1	</identifier>
				<transform>
					<row0>	0.0000 0.6003 0.0000 0.0000	</row0>
					<row1>	-0.6003 0.0000 0.0000 0.0000	</row1>
					<row2>	0.0000 0.0000 0.6003 0.0000	</row2>
					<row3>	-0.1831 0.5844 -0.2357 1.0000	</row3>
				</transform>
			</node>
			<node>
				<identifier>	MP_SM015_Life_Buoy	</identifier>
				<transform>
					<row0>	-0.0340 0.0000 -0.9994 0.0000	</row0>
					<row1>	0.0000 1.0000 0.0000 0.0000	</row1>
					<row2>	0.9994 0.0000 -0.0340 0.0000	</row2>
					<row3>	-0.5059 0.4808 2.0927 1.0000	</row3>
				</transform>
			</node>
			<node>
				<identifier>	MP_SM015_Life_Buoy_INDEX_1	</identifier>
				<transform>
					<row0>	-0.0446 0.0000 -0.9990 0.0000	</row0>
					<row1>	0.0000 1.0000 0.0000 0.0000	</row1>
					<row2>	0.9990 0.0000 -0.0446 0.0000	</row2>
					<row3>	-0.4789 0.4893 2.8186 1.0000	</row3>
				</transform>
			</node>
			<node>
				<identifier>	MP_SM015_Life_Buoy_INDEX_2	</identifier>
				<transform>
					<row0>	-0.0340 0.0000 0.9994 0.0000	</row0>
					<row1>	0.0000 1.0000 0.0000 0.0000	</row1>
					<row2>	-0.9994 0.0000 -0.0340 0.0000	</row2>
					<row3>	0.5059 0.4808 2.0927 1.0000	</row3>
				</transform>
			</node>
			<node>
				<identifier>	MP_SM015_Life_Buoy_INDEX_3	</identifier>
				<transform>
					<row0>	-0.0446 0.0000 0.9990 0.0000	</row0>
					<row1>	0.0000 1.0000 0.0000 0.0000	</row1>
					<row2>	-0.9990 0.0000 -0.0446 0.0000	</row2>
					<row3>	0.4789 0.4893 2.8186 1.0000	</row3>
				</transform>
			</node>
			<node>
				<identifier>	MP_SM015_Life_Buoy_INDEX_4	</identifier>
				<transform>
					<row0>	0.8501 0.0000 0.0000 0.0000	</row0>
					<row1>	0.0000 0.8501 0.0000 0.0000	</row1>
					<row2>	0.0000 0.0000 0.8501 0.0000	</row2>
					<row3>	0.3907 0.9812 2.0810 1.0000	</row3>
				</transform>
			</node>
			<node>
				<identifier>	MP_SM015_Life_Buoy_INDEX_5	</identifier>
				<transform>
					<row0>	0.8501 0.0000 0.0000 0.0000	</row0>
					<row1>	0.0000 0.8501 0.0000 0.0000	</row1>
					<row2>	0.0000 0.0000 0.8501 0.0000	</row2>
					<row3>	-0.3907 0.9812 2.0810 1.0000	</row3>
				</transform>
			</node>
			<node>
				<identifier>	MP_SM016_Reels	</identifier>
				<transform>
					<row0>	1.0000 0.0000 0.0000 0.0000	</row0>
					<row1>	0.0000 0.9995 -0.0318 0.0000	</row1>
					<row2>	0.0000 0.0318 0.9995 0.0000	</row2>
					<row3>	-0.2661 0.4293 3.1164 1.0000	</row3>
				</transform>
			</node>
			<node>
				<identifier>	MP_SM016_Reels_INDEX_1	</identifier>
				<transform>
					<row0>	1.0000 0.0000 0.0000 0.0000	</row0>
					<row1>	0.0000 0.9995 -0.0318 0.0000	</row1>
					<row2>	0.0000 0.0318 0.9995 0.0000	</row2>
					<row3>	0.2678 0.4293 3.1164 1.0000	</row3>
				</transform>
			</node>
			<node>
				<identifier>	MP_SM016_Reels_INDEX_2	</identifier>
				<transform>
					<row0>	1.0000 0.0000 0.0000 0.0000	</row0>
					<row1>	0.0000 0.9995 -0.0318 0.0000	</row1>
					<row2>	0.0000 0.0318 0.9995 0.0000	</row2>
					<row3>	0.0686 0.6007 3.2970 1.0000	</row3>
				</transform>
			</node>
			<node>
				<identifier>	MP_SM016_Reels_INDEX_3	</identifier>
				<transform>
					<row0>	1.0000 0.0000 0.0000 0.0000	</row0>
					<row1>	0.0000 0.9995 -0.0318 0.0000	</row1>
					<row2>	0.0000 0.0318 0.9995 0.0000	</row2>
					<row3>	-0.0686 0.6007 3.2970 1.0000	</row3>
				</transform>
			</node>
			<node>
				<identifier>	MP_SM017_Telegraph_Engine_L	</identifier>
				<transform>
					<row0>	0.0000 0.0000 1.0000 0.0000	</row0>
					<row1>	0.0000 1.0000 0.0000 0.0000	</row1>
					<row2>	-1.0000 0.0000 0.0000 0.0000	</row2>
					<row3>	-0.0739 0.8988 2.2550 1.0000	</row3>
				</transform>
			</node>
			<node>
				<identifier>	MP_SM017_Telegraph_Engine_L_INDEX_1	</identifier>
				<transform>
					<row0>	0.0000 0.0000 1.0000 0.0000	</row0>
					<row1>	0.0000 1.0000 0.0000 0.0000	</row1>
					<row2>	-1.0000 0.0000 0.0000 0.0000	</row2>
					<row3>	-0.1228 0.8988 2.2168 1.0000	</row3>
				</transform>
			</node>
			<node>
				<identifier>	MP_SM018_Running_Light_L	</identifier>
				<transform>
					<row0>	1.0000 0.0000 0.0000 0.0000	</row0>
					<row1>	0.0000 1.0000 0.0000 0.0000	</row1>
					<row2>	0.0000 0.0000 1.0000 0.0000	</row2>
