<SSC006_Galicia_1946_Bow_ports.visual>
	<node>
		<identifier>	Scene Root	</identifier>
		<transform>
			<row0>	1.0000 0.0000 0.0000 0.0000	</row0>
			<row1>	0.0000 1.0000 0.0000 0.0000	</row1>
			<row2>	0.0000 0.0000 1.0000 0.0000	</row2>
			<row3>	0.0000 0.0000 0.0000 1.0000	</row3>
		</transform>
		<node>
			<identifier>	Bow_ports	</identifier>
			<transform>
				<row0>	1.0000 0.0000 0.0000 0.0000	</row0>
				<row1>	0.0000 1.0000 0.0000 0.0000	</row1>
				<row2>	0.0000 0.0000 1.0000 0.0000	</row2>
				<row3>	0.0000 0.0000 0.0000 1.0000	</row3>
			</transform>
			<node>
				<identifier>	HP_FX_Death_1	</identifier>
				<transform>
					<row0>	1.0000 0.0000 0.0000 0.0000	</row0>
					<row1>	0.0000 1.0000 0.0000 0.0000	</row1>
					<row2>	0.0000 0.0000 1.0000 0.0000	</row2>
					<row3>	0.0000 0.0000 3.8092 1.0000	</row3>
				</transform>
			</node>
			<node>
				<identifier>	HP_FX_Fire_1	</identifier>
				<transform>
					<row0>	1.0000 0.0000 0.0000 0.0000	</row0>
					<row1>	0.0000 1.0000 0.0000 0.0000	</row1>
					<row2>	0.0000 0.0000 1.0000 0.0000	</row2>
					<row3>	0.0000 0.4612 4.5174 1.0000	</row3>
				</transform>
			</node>
			<node>
				<identifier>	HP_FX_Flood_water_left	</identifier>
				<transform>
					<row0>	-0.9896 0.0000 0.1438 0.0000	</row0>
					<row1>	0.0000 1.0000 0.0000 0.0000	</row1>
					<row2>	-0.1438 0.0000 -0.9896 0.0000	</row2>
					<row3>	-0.3529 0.1099 3.5474 1.0000	</row3>
				</transform>
			</node>
			<node>
				<identifier>	HP_FX_Flood_water_right	</identifier>
				<transform>
					<row0>	0.9947 0.0000 0.1032 0.0000	</row0>
					<row1>	0.0000 1.0000 0.0000 0.0000	</row1>
					<row2>	-0.1032 0.0000 0.9947 0.0000	</row2>
					<row3>	0.3527 0.1112 3.5456 1.0000	</row3>
				</transform>
			</node>
			<node>
				<identifier>	HP_FX_WakeTrace	</identifier>
				<transform>
					<row0>	1.0000 0.0000 0.0000 0.0000	</row0>
					<row1>	0.0000 1.0000 0.0000 0.0000	</row1>
					<row2>	0.0000 0.0000 1.0000 0.0000	</row2>
					<row3>	0.0000 0.0000 5.8361 1.0000	</row3>
				</transform>
			</node>
			<node>
				<identifier>	HP_SGM_1	</identifier>
				<transform>
					<row0>	1.0000 0.0000 0.0000 0.0000	</row0>
					<row1>	0.0000 1.0000 0.0000 0.0000	</row1>
					<row2>	0.0000 0.0000 1.0000 0.0000	</row2>
					<row3>	0.0000 0.4632 3.7865 1.0000	</row3>
				</transform>
			</node>
			<node>
				<identifier>	HP_Ship_death_1	</identifier>
				<transform>
					<row0>	1.0000 0.0000 0.0000 0.0000	</row0>
					<row1>	0.0000 1.0000 0.0000 0.0000	</row1>
					<row2>	0.0000 0.0000 1.0000 0.0000	</row2>
					<row3>	0.0000 0.0000 3.5020 1.0000	</row3>
				</transform>
			</node>
			<node>
				<identifier>	MP_CM029_Emergency_Box	</identifier>
				<transform>
					<row0>	-1.0000 0.0000 0.0000 0.0000	</row0>
					<row1>	0.0000 0.9725 0.2328 0.0000	</row1>
					<row2>	0.0000 0.2328 -0.9725 0.0000	</row2>
					<row3>	-0.0278 0.5128 4.0990 1.0000	</row3>
				</transform>
			</node>
			<node>
				<identifier>	MP_CM159_Anchor_up	</identifier>
				<transform>
					<row0>	-0.0943 -0.7724 -0.6281 0.0000	</row0>
					<row1>	-0.1544 0.6347 -0.7572 0.0000	</row1>
					<row2>	0.9835 0.0256 -0.1791 0.0000	</row2>
					<row3>	0.1682 0.4025 5.4934 1.0000	</row3>
				</transform>
			</node>
			<node>
				<identifier>	MP_CM159_Anchor_up_INDEX_1	</identifier>
				<transform>
					<row0>	0.0027 0.8025 0.5967 0.0000	</row0>
					<row1>	0.1656 0.5881 -0.7917 0.0000	</row1>
					<row2>	-0.9862 0.1010 -0.1313 0.0000	</row2>
					<row3>	-0.1110 0.4169 5.7084 1.0000	</row3>
				</transform>
			</node>
			<node>
				<identifier>	MP_CM159_Anchor_up_INDEX_2	</identifier>
				<transform>
					<row0>	0.0027 -0.8025 -0.5967 0.0000	</row0>
					<row1>	-0.1656 0.5881 -0.7917 0.0000	</row1>
					<row2>	0.9862 0.1010 -0.1313 0.0000	</row2>
					<row3>	0.1111 0.4169 5.7084 1.0000	</row3>
				</transform>
			</node>
			<node>
				<identifier>	MP_CM160_Anchor_bottom	</identifier>
				<transform>
					<row0>	-0.0352 -0.7840 -0.6198 0.0000	</row0>
					<row1>	0.1562 0.6082 -0.7783 0.0000	</row1>
					<row2>	0.9871 -0.1242 0.1011 0.0000	</row2>
					<row3>	0.1111 0.4169 5.7084 1.0000	</row3>
				</transform>
			</node>
			<node>
				<identifier>	MP_CM160_Anchor_bottom_INDEX_1	</identifier>
				<transform>
					<row0>	-0.1228 -0.7689 -0.6275 0.0000	</row0>
					<row1>	0.2312 0.5927 -0.7715 0.0000	</row1>
					<row2>	0.9651 -0.2398 0.1050 0.0000	</row2>
					<row3>	0.1682 0.4046 5.4912 1.0000	</row3>
				</transform>
			</node>
			<node>
				<identifier>	MP_CM160_Anchor_bottom_INDEX_2	</identifier>
				<transform>
					<row0>	-0.0352 0.7840 0.6198 0.0000	</row0>
					<row1>	-0.1562 0.6082 -0.7783 0.0000	</row1>
					<row2>	-0.9871 -0.1242 0.1011 0.0000	</row2>
					<row3>	-0.1111 0.4169 5.7084 1.0000	</row3>
				</transform>
			</node>
			<node>
				<identifier>	MP_CM742_Fire_Fighting_Gear_HW19	</identifier>
				<transform>
					<row0>	1.0000 0.0000 0.0000 0.0000	</row0>
					<row1>	0.0000 1.0000 0.0000 0.0000	</row1>
					<row2>	0.0000 0.0000 1.0000 0.0000	</row2>
					<row3>	0.0000 0.5121 5.0880 1.0000	</row3>
				</transform>
			</node>
			<node>
				<identifier>	MP_SM032_Turtles_box	</identifier>
				<transform>
					<row0>	1.0000 -0.0038 -0.0091 0.0000	</row0>
					<row1>	0.0059 0.9697 0.2444 0.0000	</row1>
					<row2>	0.0078 -0.2444 0.9696 0.0000	</row2>
					<row3>	0.0282 0.4872 4.0881 1.0000	</row3>
				</transform>
			</node>
			<node>
				<identifier>	MP_SM609_Telephone	</identifier>
				<transform>
					<row0>	1.0000 0.0000 0.0000 0.0000	</row0>
					<row1>	0.0000 1.0000 0.0000 0.0000	</row1>
					<row2>	0.0000 0.0000 1.0000 0.0000	</row2>
					<row3>	0.0000 0.6159 5.4993 1.0000	</row3>
				</transform>
			</node>
			<node>
				<identifier>	MP_SM702_Ammunition_Box_37mm	</identifier>
				<transform>
					<row0>	1.0000 0.0000 0.0000 0.0000	</row0>
					<row1>	0.0000 1.0000 0.0000 0.0000	</row1>
					<row2>	0.0000 0.0000 1.0000 0.0000	</row2>
					<row3>	0.0758 0.4607 4.1039 1.0000	</row3>
				</transform>
			</node>
			<node>
				<identifier>	MP_SM702_Ammunition_Box_37mm_INDEX_1	</identifier>
				<transform>
					<row0>	1.0000 0.0000 0.0000 0.0000	</row0>
					<row1>	0.0000 1.0000 0.0000 0.0000	</row1>
					<row2>	0.0000 0.0000 1.0000 0.0000	</row2>
					<row3>	-0.0758 0.4607 4.1039 1.0000	</row3>
				</transform>
			</node>
		</node>
	</node>
	<boundingBox>
		<min>	-0.0667 -0.0667 -0.0667	</min>
		<max>	0.0667 0.0667 0.0667	</max>
	</boundingBox>
</SSC006_Galicia_1946_Bow_ports.visual>
