<BSC032_Nottingham_1939_MidBack_ports.visual>
	<node>
		<identifier>	Scene Root	</identifier>
		<transform>
			<row0>	1.0000 0.0000 0.0000 0.0000	</row0>
			<row1>	0.0000 1.0000 0.0000 0.0000	</row1>
			<row2>	0.0000 0.0000 1.0000 0.0000	</row2>
			<row3>	0.0000 0.0000 0.0000 1.0000	</row3>
		</transform>
		<node>
			<identifier>	MidBack_ports	</identifier>
			<transform>
				<row0>	1.0000 0.0000 0.0000 0.0000	</row0>
				<row1>	0.0000 1.0000 0.0000 0.0000	</row1>
				<row2>	0.0000 0.0000 1.0000 0.0000	</row2>
				<row3>	0.0000 0.0000 0.0000 1.0000	</row3>
			</transform>
			<node>
				<identifier>	HP_BD_5	</identifier>
				<transform>
					<row0>	-1.0000 0.0000 0.0000 0.0000	</row0>
					<row1>	0.0000 1.0000 0.0000 0.0000	</row1>
					<row2>	0.0000 0.0000 -1.0000 0.0000	</row2>
					<row3>	0.0000 0.8475 -3.7099 1.0000	</row3>
				</transform>
			</node>
			<node>
				<identifier>	HP_BD_6	</identifier>
				<transform>
					<row0>	-0.7071 0.0000 0.7071 0.0000	</row0>
					<row1>	0.0000 1.0000 0.0000 0.0000	</row1>
					<row2>	-0.7071 0.0000 -0.7071 0.0000	</row2>
					<row3>	-0.1237 0.6574 -3.8718 1.0000	</row3>
				</transform>
			</node>
			<node>
				<identifier>	HP_BD_7	</identifier>
				<transform>
					<row0>	-0.7071 0.0000 -0.7071 0.0000	</row0>
					<row1>	0.0000 1.0000 0.0000 0.0000	</row1>
					<row2>	0.7071 0.0000 -0.7071 0.0000	</row2>
					<row3>	0.1237 0.6574 -3.8718 1.0000	</row3>
				</transform>
			</node>
			<node>
				<identifier>	HP_BGA_7	</identifier>
				<transform>
					<row0>	-0.7071 0.0000 0.7071 0.0000	</row0>
					<row1>	0.0000 1.0000 0.0000 0.0000	</row1>
					<row2>	-0.7071 0.0000 -0.7071 0.0000	</row2>
					<row3>	-0.2174 0.5067 -4.1165 1.0000	</row3>
				</transform>
			</node>
			<node>
				<identifier>	HP_BGA_8	</identifier>
				<transform>
					<row0>	-0.7071 0.0000 -0.7071 0.0000	</row0>
					<row1>	0.0000 1.0000 0.0000 0.0000	</row1>
					<row2>	0.7071 0.0000 -0.7071 0.0000	</row2>
					<row3>	0.2174 0.5067 -4.1165 1.0000	</row3>
				</transform>
			</node>
			<node>
				<identifier>	HP_BGS_3	</identifier>
				<transform>
					<row0>	1.0000 0.0000 0.0000 0.0000	</row0>
					<row1>	0.0000 1.0000 0.0000 0.0000	</row1>
					<row2>	0.0000 0.0000 1.0000 0.0000	</row2>
					<row3>	-0.3567 0.4898 -0.9467 1.0000	</row3>
				</transform>
			</node>
			<node>
				<identifier>	HP_BGS_4	</identifier>
				<transform>
					<row0>	1.0000 0.0000 0.0000 0.0000	</row0>
					<row1>	0.0000 1.0000 0.0000 0.0000	</row1>
					<row2>	0.0000 0.0000 1.0000 0.0000	</row2>
					<row3>	0.3567 0.4898 -0.9467 1.0000	</row3>
				</transform>
			</node>
			<node>
				<identifier>	HP_BGS_5	</identifier>
				<transform>
					<row0>	1.0000 0.0000 0.0000 0.0000	</row0>
					<row1>	0.0000 1.0000 0.0000 0.0000	</row1>
					<row2>	0.0000 0.0000 1.0000 0.0000	</row2>
					<row3>	-0.3567 0.4906 -1.6785 1.0000	</row3>
				</transform>
			</node>
			<node>
				<identifier>	HP_BGS_6	</identifier>
				<transform>
					<row0>	1.0000 0.0000 0.0000 0.0000	</row0>
					<row1>	0.0000 1.0000 0.0000 0.0000	</row1>
					<row2>	0.0000 0.0000 1.0000 0.0000	</row2>
					<row3>	0.3567 0.4906 -1.6785 1.0000	</row3>
				</transform>
			</node>
			<node>
				<identifier>	HP_BGS_7	</identifier>
				<transform>
					<row0>	1.0000 0.0000 0.0000 0.0000	</row0>
					<row1>	0.0000 1.0000 0.0000 0.0000	</row1>
					<row2>	0.0000 0.0000 1.0000 0.0000	</row2>
					<row3>	-0.3567 0.4931 -2.4097 1.0000	</row3>
				</transform>
			</node>
			<node>
				<identifier>	HP_BGS_8	</identifier>
				<transform>
					<row0>	1.0000 0.0000 0.0000 0.0000	</row0>
					<row1>	0.0000 1.0000 0.0000 0.0000	</row1>
					<row2>	0.0000 0.0000 1.0000 0.0000	</row2>
					<row3>	0.3567 0.4931 -2.4097 1.0000	</row3>
				</transform>
			</node>
			<node>
				<identifier>	HP_BGT_1	</identifier>
				<transform>
					<row0>	1.0000 0.0000 0.0000 0.0000	</row0>
					<row1>	0.0000 1.0000 0.0000 0.0000	</row1>
					<row2>	0.0000 0.0000 1.0000 0.0000	</row2>
					<row3>	-0.5085 0.3436 -1.3118 1.0000	</row3>
				</transform>
			</node>
			<node>
				<identifier>	HP_BGT_2	</identifier>
				<transform>
					<row0>	1.0000 0.0000 0.0000 0.0000	</row0>
					<row1>	0.0000 1.0000 0.0000 0.0000	</row1>
					<row2>	0.0000 0.0000 1.0000 0.0000	</row2>
					<row3>	0.5085 0.3436 -1.3118 1.0000	</row3>
				</transform>
			</node>
			<node>
				<identifier>	HP_BGT_3	</identifier>
				<transform>
					<row0>	1.0000 0.0000 0.0000 0.0000	</row0>
					<row1>	0.0000 1.0000 0.0000 0.0000	</row1>
					<row2>	0.0000 0.0000 1.0000 0.0000	</row2>
					<row3>	-0.5001 0.3436 -2.0439 1.0000	</row3>
				</transform>
			</node>
			<node>
				<identifier>	HP_BGT_4	</identifier>
				<transform>
					<row0>	1.0000 0.0000 0.0000 0.0000	</row0>
					<row1>	0.0000 1.0000 0.0000 0.0000	</row1>
					<row2>	0.0000 0.0000 1.0000 0.0000	</row2>
					<row3>	0.5001 0.3436 -2.0439 1.0000	</row3>
				</transform>
			</node>
			<node>
				<identifier>	HP_FX_Death_3	</identifier>
				<transform>
					<row0>	1.0000 0.0000 0.0000 0.0000	</row0>
					<row1>	0.0000 1.0000 0.0000 0.0000	</row1>
					<row2>	0.0000 0.0000 1.0000 0.0000	</row2>
					<row3>	0.0000 0.0000 -3.7755 1.0000	</row3>
				</transform>
			</node>
			<node>
				<identifier>	HP_FX_Fire_3	</identifier>
				<transform>
					<row0>	1.0000 0.0000 0.0000 0.0000	</row0>
					<row1>	0.0000 1.0000 0.0000 0.0000	</row1>
					<row2>	0.0000 0.0000 1.0000 0.0000	</row2>
					<row3>	0.0000 0.5684 -2.6217 1.0000	</row3>
				</transform>
			</node>
			<node>
				<identifier>	HP_FX_Fire_3_side_1	</identifier>
				<transform>
					<row0>	1.0000 0.0000 0.0000 0.0000	</row0>
					<row1>	0.0000 1.0000 0.0000 0.0000	</row1>
					<row2>	0.0000 0.0000 1.0000 0.0000	</row2>
					<row3>	-0.5845 0.5358 -1.3014 1.0000	</row3>
				</transform>
			</node>
			<node>
				<identifier>	HP_FX_Fire_3_side_2	</identifier>
				<transform>
					<row0>	1.0000 0.0000 0.0000 0.0000	</row0>
					<row1>	0.0000 1.0000 0.0000 0.0000	</row1>
					<row2>	0.0000 0.0000 1.0000 0.0000	</row2>
					<row3>	-0.4295 0.3925 -3.4978 1.0000	</row3>
				</transform>
			</node>
			<node>
				<identifier>	HP_FX_FloodLight_left_1	</identifier>
				<transform>
					<row0>	-1.0000 0.0000 0.0000 0.0000	</row0>
					<row1>	0.0000 1.0000 0.0000 0.0000	</row1>
					<row2>	0.0000 0.0000 -1.0000 0.0000	</row2>
					<row3>	-0.1490 0.7918 -3.0513 1.0000	</row3>
				</transform>
			</node>
			<node>
				<identifier>	HP_FX_FloodLight_right_1	</identifier>
				<transform>
					<row0>	1.0000 0.0000 0.0000 0.0000	</row0>
					<row1>	0.0000 1.0000 0.0000 0.0000	</row1>
					<row2>	0.0000 0.0000 1.0000 0.0000	</row2>
					<row3>	0.1497 0.7841 -3.0402 1.0000	</row3>
				</transform>
			</node>
			<node>
				<identifier>	HP_FX_Flood_steam_1	</identifier>
				<transform>
					<row0>	1.0000 0.0000 0.0000 0.0000	</row0>
					<row1>	0.0000 0.8891 -0.4576 0.0000	</row1>
					<row2>	0.0000 0.4576 0.8891 0.0000	</row2>
					<row3>	0.0835 1.2191 -3.3552 1.0000	</row3>
				</transform>
			</node>
			<node>
				<identifier>	HP_FX_Flood_steam_2	</identifier>
				<transform>
					<row0>	1.0000 0.0000 0.0000 0.0000	</row0>
					<row1>	0.0000 0.9862 -0.1654 0.0000	</row1>
					<row2>	0.0000 0.1654 0.9862 0.0000	</row2>
					<row3>	0.0103 1.2219 -1.5807 1.0000	</row3>
				</transform>
			</node>
			<node>
				<identifier>	HP_FX_Flood_steam_3	</identifier>
				<transform>
					<row0>	1.0000 0.0000 0.0000 0.0000	</row0>
					<row1>	0.0000 0.9862 -0.1654 0.0000	</row1>
					<row2>	0.0000 0.1654 0.9862 0.0000	</row2>
					<row3>	0.0114 1.2219 -2.4928 1.0000	</row3>
				</transform>
			</node>
			<node>
				<identifier>	HP_FX_Flood_steam_right	</identifier>
				<transform>
					<row0>	0.9953 0.0000 -0.0966 0.0000	</row0>
					<row1>	0.0000 1.0000 0.0000 0.0000	</row1>
					<row2>	0.0966 0.0000 0.9953 0.0000	</row2>
					<row3>	0.5822 0.2594 -2.7791 1.0000	</row3>
				</transform>
			</node>
			<node>
				<identifier>	HP_FX_Flood_water_left	</identifier>
				<transform>
					<row0>	-1.0000 0.0000 0.0000 0.0000	</row0>
					<row1>	0.0000 1.0000 0.0000 0.0000	</row1>
					<row2>	0.0000 0.0000 -1.0000 0.0000	</row2>
					<row3>	-0.4165 0.0381 -4.1729 1.0000	</row3>
				</transform>
			</node>
			<node>
				<identifier>	HP_FX_Flood_water_right	</identifier>
				<transform>
					<row0>	1.0000 0.0000 0.0000 0.0000	</row0>
					<row1>	0.0000 1.0000 0.0000 0.0000	</row1>
					<row2>	0.0000 0.0000 1.0000 0.0000	</row2>
					<row3>	0.4164 0.0379 -4.1731 1.0000	</row3>
				</transform>
			</node>
			<node>
				<identifier>	HP_FX_RepairLight_left_2	</identifier>
				<transform>
					<row0>	-0.0785 0.0000 0.9969 0.0000	</row0>
					<row1>	-0.0938 0.9956 -0.0074 0.0000	</row1>
					<row2>	-0.9925 -0.0941 -0.0781 0.0000	</row2>
					<row3>	-0.6154 0.3294 -2.3878 1.0000	</row3>
				</transform>
			</node>
			<node>
				<identifier>	HP_FX_Smoke_1	</identifier>
				<transform>
					<row0>	1.0000 0.0000 0.0000 0.0000	</row0>
					<row1>	0.0000 1.0000 0.0000 0.0000	</row1>
					<row2>	0.0000 0.0000 1.0000 0.0000	</row2>
					<row3>	-0.0028 1.2636 -1.3863 1.0000	</row3>
				</transform>
			</node>
			<node>
				<identifier>	HP_FX_Smoke_2	</identifier>
				<transform>
					<row0>	1.0000 0.0000 0.0000 0.0000	</row0>
					<row1>	0.0000 1.0000 0.0000 0.0000	</row1>
					<row2>	0.0000 0.0000 1.0000 0.0000	</row2>
					<row3>	0.0000 1.2501 -2.2497 1.0000	</row3>
				</transform>
			</node>
			<node>
				<identifier>	HP_FX_Smoke_3	</identifier>
				<transform>
					<row0>	1.0000 0.0000 0.0000 0.0000	</row0>
					<row1>	0.0000 1.0000 0.0000 0.0000	</row1>
					<row2>	0.0000 0.0000 1.0000 0.0000	</row2>
					<row3>	0.0000 1.2501 -3.1483 1.0000	</row3>
				</transform>
			</node>
			<node>
				<identifier>	HP_FX_WakeTrace_screw_1	</identifier>
				<transform>
					<row0>	1.0000 0.0000 0.0000 0.0000	</row0>
					<row1>	0.0000 1.0000 0.0000 0.0000	</row1>
					<row2>	0.0000 0.0000 1.0000 0.0000	</row2>
					<row3>	-0.3288 -0.2930 -4.3707 1.0000	</row3>
				</transform>
			</node>
			<node>
				<identifier>	HP_FX_WakeTrace_screw_4	</identifier>
				<transform>
					<row0>	1.0000 0.0000 0.0000 0.0000	</row0>
					<row1>	0.0000 1.0000 0.0000 0.0000	</row1>
					<row2>	0.0000 0.0000 1.0000 0.0000	</row2>
					<row3>	0.3288 -0.2930 -4.3707 1.0000	</row3>
				</transform>
			</node>
			<node>
				<identifier>	HP_Flagpole	</identifier>
				<transform>
					<row0>	1.0000 0.0000 0.0000 0.0000	</row0>
					<row1>	0.0000 0.9880 -0.1543 0.0000	</row1>
					<row2>	0.0000 0.1543 0.9880 0.0000	</row2>
					<row3>	0.0000 2.5059 -3.6029 1.0000	</row3>
				</transform>
			</node>
			<node>
				<identifier>	HP_Ship_death_2	</identifier>
				<transform>
					<row0>	1.0000 0.0000 0.0000 0.0000	</row0>
					<row1>	0.0000 1.0000 0.0000 0.0000	</row1>
					<row2>	0.0000 0.0000 1.0000 0.0000	</row2>
					<row3>	0.0000 0.0000 -0.8263 1.0000	</row3>
				</transform>
			</node>
			<node>
				<identifier>	HP_flag_nation	</identifier>
				<transform>
					<row0>	1.0000 0.0000 0.0000 0.0000	</row0>
					<row1>	0.0000 0.9467 -0.3221 0.0000	</row1>
					<row2>	0.0000 0.3221 0.9467 0.0000	</row2>
					<row3>	0.0006 1.9576 -3.7874 1.0000	</row3>
				</transform>
			</node>
			<node>
				<identifier>	HP_flag_rank	</identifier>
				<transform>
					<row0>	1.0000 0.0000 0.0000 0.0000	</row0>
					<row1>	0.0000 0.9467 -0.3221 0.0000	</row1>
					<row2>	0.0000 0.3221 0.9467 0.0000	</row2>
					<row3>	0.0006 1.7274 -3.7091 1.0000	</row3>
				</transform>
			</node>
			<node>
				<identifier>	MP_BM004_Reels	</identifier>
				<transform>
					<row0>	0.0000 0.0000 1.0000 0.0000	</row0>
					<row1>	-1.0000 0.0000 0.0000 0.0000	</row1>
					<row2>	0.0000 -1.0000 0.0000 0.0000	</row2>
					<row3>	-0.2150 0.4232 -3.1170 1.0000	</row3>
				</transform>
			</node>
			<node>
				<identifier>	MP_BM004_Reels_INDEX_1	</identifier>
				<transform>
					<row0>	0.0000 0.0000 -1.0000 0.0000	</row0>
					<row1>	0.0000 1.0000 0.0000 0.0000	</row1>
					<row2>	1.0000 0.0000 0.0000 0.0000	</row2>
					<row3>	0.6220 0.4898 -0.9238 1.0000	</row3>
				</transform>
			</node>
			<node>
				<identifier>	MP_BM004_Reels_INDEX_2	</identifier>
				<transform>
					<row0>	0.0000 0.0000 1.0000 0.0000	</row0>
					<row1>	-1.0000 0.0000 0.0000 0.0000	</row1>
					<row2>	0.0000 -1.0000 0.0000 0.0000	</row2>
					<row3>	-0.2150 0.4232 -3.5901 1.0000	</row3>
				</transform>
			</node>
			<node>
				<identifier>	MP_BM004_Reels_INDEX_3	</identifier>
				<transform>
					<row0>	0.0000 0.0000 -1.0000 0.0000	</row0>
					<row1>	1.0000 0.0000 0.0000 0.0000	</row1>
					<row2>	0.0000 -1.0000 0.0000 0.0000	</row2>
					<row3>	0.2150 0.4232 -3.5901 1.0000	</row3>
				</transform>
			</node>
			<node>
				<identifier>	MP_BM004_Reels_INDEX_4	</identifier>
				<transform>
					<row0>	0.0000 0.0000 -1.0000 0.0000	</row0>
					<row1>	1.0000 0.0000 0.0000 0.0000	</row1>
					<row2>	0.0000 -1.0000 0.0000 0.0000	</row2>
					<row3>	0.2150 0.4232 -2.5250 1.0000	</row3>
				</transform>
			</node>
			<node>
				<identifier>	MP_BM004_Reels_INDEX_5	</identifier>
				<transform>
					<row0>	0.0000 0.0000 -1.0000 0.0000	</row0>
					<row1>	1.0000 0.0000 0.0000 0.0000	</row1>
					<row2>	0.0000 -1.0000 0.0000 0.0000	</row2>
					<row3>	0.2150 0.4232 -3.1170 1.0000	</row3>
				</transform>
			</node>
			<node>
				<identifier>	MP_BM004_Reels_INDEX_6	</identifier>
				<transform>
					<row0>	0.0000 0.0000 -1.0000 0.0000	</row0>
					<row1>	1.0000 0.0000 0.0000 0.0000	</row1>
					<row2>	0.0000 -1.0000 0.0000 0.0000	</row2>
					<row3>	0.2150 0.4232 -3.2634 1.0000	</row3>
				</transform>
			</node>
			<node>
				<identifier>	MP_BM004_Reels_INDEX_7	</identifier>
				<transform>
					<row0>	0.0000 0.0000 1.0000 0.0000	</row0>
					<row1>	-1.0000 0.0000 0.0000 0.0000	</row1>
					<row2>	0.0000 -1.0000 0.0000 0.0000	</row2>
					<row3>	-0.2150 0.4232 -3.2634 1.0000	</row3>
				</transform>
			</node>
			<node>
				<identifier>	MP_BM004_Reels_INDEX_8	</identifier>
				<transform>
					<row0>	0.0000 0.0000 1.0000 0.0000	</row0>
					<row1>	-1.0000 0.0000 0.0000 0.0000	</row1>
					<row2>	0.0000 -1.0000 0.0000 0.0000	</row2>
					<row3>	-0.2150 0.4232 -2.5250 1.0000	</row3>
				</transform>
			</node>
			<node>
				<identifier>	MP_BM004_Reels_INDEX_9	</identifier>
				<transform>
					<row0>	0.0000 0.0000 1.0000 0.0000	</row0>
					<row1>	0.0000 1.0000 0.0000 0.0000	</row1>
					<row2>	-1.0000 0.0000 0.0000 0.0000	</row2>
					<row3>	-0.6220 0.4898 -0.9238 1.0000	</row3>
				</transform>
			</node>
			<node>
				<identifier>	MP_BM022_Flotanet	</identifier>
				<transform>
					<row0>	0.9616 -0.0007 0.2744 0.0000	</row0>
					<row1>	0.0000 1.0000 0.0027 0.0000	</row1>
					<row2>	-0.2744 -0.0026 0.9616 0.0000	</row2>
					<row3>	-0.5806 0.4907 -1.5899 1.0000	</row3>
				</transform>
			</node>
			<node>
				<identifier>	MP_BM022_Flotanet_INDEX_1	</identifier>
				<transform>
					<row0>	-0.9903 -0.0004 0.1391 0.0000	</row0>
					<row1>	0.0000 1.0000 0.0027 0.0000	</row1>
					<row2>	-0.1391 0.0026 -0.9903 0.0000	</row2>
					<row3>	0.5980 0.4907 -1.6046 1.0000	</row3>
				</transform>
			</node>
			<node>
				<identifier>	MP_BM022_Flotanet_INDEX_2	</identifier>
				<transform>
					<row0>	0.9969 0.0002 -0.0788 0.0000	</row0>
					<row1>	0.0000 1.0000 0.0027 0.0000	</row1>
					<row2>	0.0788 -0.0026 0.9969 0.0000	</row2>
					<row3>	-0.6000 0.4911 -1.7539 1.0000	</row3>
				</transform>
			</node>
			<node>
				<identifier>	MP_BM022_Flotanet_INDEX_3	</identifier>
				<transform>
					<row0>	-0.9969 0.0002 -0.0788 0.0000	</row0>
					<row1>	0.0000 1.0000 0.0027 0.0000	</row1>
					<row2>	0.0788 0.0026 -0.9969 0.0000	</row2>
					<row3>	0.6019 0.4912 -1.7787 1.0000	</row3>
				</transform>
			</node>
			<node>
				<identifier>	MP_BM022_Flotanet_INDEX_4	</identifier>
				<transform>
					<row0>	-0.9988 0.0003 -0.0496 0.0000	</row0>
					<row1>	0.0000 1.0000 0.0052 0.0000	</row1>
					<row2>	0.0496 0.0052 -0.9988 0.0000	</row2>
					<row3>	0.5811 0.4931 -2.2975 1.0000	</row3>
				</transform>
			</node>
			<node>
				<identifier>	MP_BM022_Flotanet_INDEX_5	</identifier>
				<transform>
					<row0>	-0.9991 -0.0002 0.0423 0.0000	</row0>
					<row1>	0.0000 1.0000 0.0053 0.0000	</row1>
					<row2>	-0.0423 0.0053 -0.9991 0.0000	</row2>
					<row3>	0.5747 0.4940 -2.4713 1.0000	</row3>
				</transform>
			</node>
			<node>
				<identifier>	MP_BM022_Flotanet_INDEX_6	</identifier>
				<transform>
					<row0>	0.9988 0.0003 -0.0496 0.0000	</row0>
					<row1>	0.0000 1.0000 0.0052 0.0000	</row1>
					<row2>	0.0496 -0.0052 0.9988 0.0000	</row2>
					<row3>	-0.5811 0.4931 -2.2975 1.0000	</row3>
				</transform>
			</node>
			<node>
				<identifier>	MP_BM022_Flotanet_INDEX_7	</identifier>
				<transform>
					<row0>	0.9991 -0.0002 0.0423 0.0000	</row0>
					<row1>	0.0000 1.0000 0.0053 0.0000	</row1>
					<row2>	-0.0423 -0.0053 0.9991 0.0000	</row2>
					<row3>	-0.5788 0.4940 -2.4754 1.0000	</row3>
				</transform>
			</node>
			<node>
				<identifier>	MP_BM162_Battle_Honours_Nottingham	</identifier>
				<transform>
					<row0>	-0.9300 0.0000 0.0000 0.0000	</row0>
					<row1>	0.0000 0.9300 0.0000 0.0000	</row1>
					<row2>	0.0000 0.0000 -0.9300 0.0000	</row2>
					<row3>	0.0000 0.5795 -4.0351 1.0000	</row3>
				</transform>
			</node>
			<node>
				<identifier>	MP_BM163_Helmets_Rack	</identifier>
				<transform>
					<row0>	0.0000 0.0000 -1.0000 0.0000	</row0>
					<row1>	0.0000 1.0000 0.0000 0.0000	</row1>
					<row2>	1.0000 0.0000 0.0000 0.0000	</row2>
					<row3>	0.1237 0.5252 -3.6501 1.0000	</row3>
				</transform>
			</node>
			<node>
				<identifier>	MP_BM163_Helmets_Rack_INDEX_1	</identifier>
				<transform>
					<row0>	0.0000 0.0000 1.0000 0.0000	</row0>
					<row1>	0.0000 1.0000 0.0000 0.0000	</row1>
					<row2>	-1.0000 0.0000 0.0000 0.0000	</row2>
					<row3>	-0.1237 0.5252 -3.7832 1.0000	</row3>
				</transform>
			</node>
			<node>
				<identifier>	MP_BM163_Helmets_Rack_INDEX_2	</identifier>
				<transform>
					<row0>	0.0000 0.0000 1.0000 0.0000	</row0>
					<row1>	0.0000 1.0000 0.0000 0.0000	</row1>
					<row2>	-1.0000 0.0000 0.0000 0.0000	</row2>
					<row3>	-0.2174 0.3503 -1.8335 1.0000	</row3>
				</transform>
			</node>
			<node>
				<identifier>	MP_BM163_Helmets_Rack_INDEX_3	</identifier>
				<transform>
					<row0>	0.0000 0.0000 -1.0000 0.0000	</row0>
					<row1>	0.0000 1.0000 0.0000 0.0000	</row1>
					<row2>	1.0000 0.0000 0.0000 0.0000	</row2>
					<row3>	0.2174 0.3503 -1.8335 1.0000	</row3>
				</transform>
			</node>
			<node>
				<identifier>	MP_BM163_Helmets_Rack_INDEX_4	</identifier>
				<transform>
					<row0>	-0.6399 0.0000 0.7684 0.0000	</row0>
					<row1>	0.0000 1.0000 0.0000 0.0000	</row1>
					<row2>	-0.7684 0.0000 -0.6399 0.0000	</row2>
					<row3>	-0.1049 0.5252 -3.9759 1.0000	</row3>
				</transform>
			</node>
			<node>
				<identifier>	MP_BM507_Whaler_27ft	</identifier>
				<transform>
					<row0>	0.9965 0.0000 -0.0835 0.0000	</row0>
					<row1>	0.0000 1.0000 0.0000 0.0000	</row1>
					<row2>	0.0835 0.0000 0.9965 0.0000	</row2>
					<row3>	0.4252 0.3556 -3.4863 1.0000	</row3>
				</transform>
			</node>
			<node>
				<identifier>	MP_BM507_Whaler_27ft_INDEX_1	</identifier>
				<transform>
					<row0>	0.9965 0.0000 0.0835 0.0000	</row0>
					<row1>	0.0000 1.0000 0.0000 0.0000	</row1>
					<row2>	-0.0835 0.0000 0.9965 0.0000	</row2>
					<row3>	-0.4252 0.3556 -3.4863 1.0000	</row3>
				</transform>
			</node>
			<node>
				<identifier>	MP_BM509_Liferaft_type_20_10ft	</identifier>
				<transform>
					<row0>	0.0000 -1.0000 0.0000 0.0000	</row0>
					<row1>	1.0000 0.0000 0.0000 0.0000	</row1>
					<row2>	0.0000 0.0000 1.0000 0.0000	</row2>
					<row3>	0.2233 0.8241 -2.2118 1.0000	</row3>
				</transform>
			</node>
			<node>
				<identifier>	MP_BM509_Liferaft_type_20_10ft_INDEX_1	</identifier>
				<transform>
					<row0>	0.0000 1.0000 0.0000 0.0000	</row0>
					<row1>	-1.0000 0.0000 0.0000 0.0000	</row1>
					<row2>	0.0000 0.0000 1.0000 0.0000	</row2>
					<row3>	-0.2233 0.8241 -2.2118 1.0000	</row3>
				</transform>
			</node>
			<node>
				<identifier>	MP_BM511_Liferaft_type_20_10ft_h	</identifier>
				<transform>
					<row0>	-1.0000 0.0000 0.0066 0.0000	</row0>
					<row1>	0.0000 -1.0000 -0.0006 0.0000	</row1>
					<row2>	0.0066 -0.0006 1.0000 0.0000	</row2>
					<row3>	0.5753 0.5152 -1.2984 1.0000	</row3>
				</transform>
			</node>
			<node>
				<identifier>	MP_BM511_Liferaft_type_20_10ft_h_INDEX_1	</identifier>
				<transform>
					<row0>	0.0000 0.0000 -1.0000 0.0000	</row0>
					<row1>	-1.0000 0.0000 0.0000 0.0000	</row1>
					<row2>	0.0000 1.0000 0.0000 0.0000	</row2>
					<row3>	0.1713 0.6368 -2.9703 1.0000	</row3>
				</transform>
			</node>
			<node>
				<identifier>	MP_BM511_Liferaft_type_20_10ft_h_INDEX_10	</identifier>
				<transform>
					<row0>	-0.9992 0.0000 -0.0410 0.0000	</row0>
					<row1>	0.0002 -1.0000 -0.0045 0.0000	</row1>
					<row2>	-0.0410 -0.0045 0.9991 0.0000	</row2>
					<row3>	-0.5552 0.5412 -2.0473 1.0000	</row3>
				</transform>
			</node>
			<node>
				<identifier>	MP_BM511_Liferaft_type_20_10ft_h_INDEX_11	</identifier>
				<transform>
					<row0>	0.0000 0.0000 1.0000 0.0000	</row0>
					<row1>	1.0000 0.0000 0.0000 0.0000	</row1>
					<row2>	0.0000 1.0000 0.0000 0.0000	</row2>
					<row3>	-0.1713 0.6368 -2.9703 1.0000	</row3>
				</transform>
			</node>
			<node>
				<identifier>	MP_BM511_Liferaft_type_20_10ft_h_INDEX_12	</identifier>
				<transform>
					<row0>	-1.0000 0.0000 -0.0066 0.0000	</row0>
					<row1>	0.0000 -1.0000 -0.0006 0.0000	</row1>
					<row2>	-0.0066 -0.0006 1.0000 0.0000	</row2>
					<row3>	-0.5753 0.5152 -1.2984 1.0000	</row3>
				</transform>
			</node>
			<node>
				<identifier>	MP_BM511_Liferaft_type_20_10ft_h_INDEX_13	</identifier>
				<transform>
					<row0>	-1.0000 0.0000 0.0066 0.0000	</row0>
					<row1>	0.0000 -1.0000 -0.0006 0.0000	</row1>
					<row2>	0.0066 -0.0006 1.0000 0.0000	</row2>
					<row3>	0.5752 0.5399 -1.2984 1.0000	</row3>
				</transform>
			</node>
			<node>
				<identifier>	MP_BM511_Liferaft_type_20_10ft_h_INDEX_2	</identifier>
				<transform>
					<row0>	-1.0000 0.0000 -0.0066 0.0000	</row0>
					<row1>	0.0000 -1.0000 -0.0006 0.0000	</row1>
					<row2>	-0.0066 -0.0006 1.0000 0.0000	</row2>
					<row3>	-0.5752 0.5399 -1.2984 1.0000	</row3>
				</transform>
			</node>
			<node>
				<identifier>	MP_BM511_Liferaft_type_20_10ft_h_INDEX_3	</identifier>
				<transform>
					<row0>	-0.0444 0.0000 -0.9990 0.0000	</row0>
					<row1>	-0.9990 0.0000 0.0444 0.0000	</row1>
					<row2>	0.0000 1.0000 0.0000 0.0000	</row2>
					<row3>	0.6357 0.3932 -2.4910 1.0000	</row3>
				</transform>
			</node>
			<node>
				<identifier>	MP_BM511_Liferaft_type_20_10ft_h_INDEX_4	</identifier>
				<transform>
					<row0>	-0.9992 0.0000 0.0410 0.0000	</row0>
					<row1>	-0.0002 -1.0000 -0.0045 0.0000	</row1>
					<row2>	0.0410 -0.0045 0.9991 0.0000	</row2>
					<row3>	0.5552 0.5412 -2.0473 1.0000	</row3>
				</transform>
			</node>
			<node>
				<identifier>	MP_BM511_Liferaft_type_20_10ft_h_INDEX_5	</identifier>
				<transform>
					<row0>	-0.9992 0.0000 0.0410 0.0000	</row0>
					<row1>	-0.0002 -1.0000 -0.0045 0.0000	</row1>
					<row2>	0.0410 -0.0045 0.9991 0.0000	</row2>
					<row3>	0.5552 0.5166 -2.0474 1.0000	</row3>
				</transform>
			</node>
			<node>
				<identifier>	MP_BM511_Liferaft_type_20_10ft_h_INDEX_6	</identifier>
				<transform>
					<row0>	0.0000 0.0000 -1.0000 0.0000	</row0>
					<row1>	-1.0000 0.0000 0.0000 0.0000	</row1>
					<row2>	0.0000 1.0000 0.0000 0.0000	</row2>
					<row3>	0.1713 0.6368 -3.0907 1.0000	</row3>
				</transform>
			</node>
			<node>
				<identifier>	MP_BM511_Liferaft_type_20_10ft_h_INDEX_7	</identifier>
				<transform>
					<row0>	-0.0444 0.0000 0.9990 0.0000	</row0>
					<row1>	0.9990 0.0000 0.0444 0.0000	</row1>
					<row2>	0.0000 1.0000 0.0000 0.0000	</row2>
					<row3>	-0.6357 0.3932 -2.4910 1.0000	</row3>
				</transform>
			</node>
			<node>
				<identifier>	MP_BM511_Liferaft_type_20_10ft_h_INDEX_8	</identifier>
				<transform>
					<row0>	-0.9992 0.0000 -0.0410 0.0000	</row0>
					<row1>	0.0002 -1.0000 -0.0045 0.0000	</row1>
					<row2>	-0.0410 -0.0045 0.9991 0.0000	</row2>
					<row3>	-0.5552 0.5166 -2.0474 1.0000	</row3>
				</transform>
			</node>
			<node>
				<identifier>	MP_BM511_Liferaft_type_20_10ft_h_INDEX_9	</identifier>
				<transform>
					<row0>	0.0000 0.0000 1.0000 0.0000	</row0>
					<row1>	1.0000 0.0000 0.0000 0.0000	</row1>
					<row2>	0.0000 1.0000 0.0000 0.0000	</row2>
					<row3>	-0.1713 0.6368 -3.0907 1.0000	</row3>
				</transform>
			</node>
			<node>
				<identifier>	MP_BM513_Motor_Boat_25ft	</identifier>
				<transform>
					<row0>	0.9984 0.0000 -0.0561 0.0000	</row0>
					<row1>	0.0000 1.0000 0.0000 0.0000	</row1>
					<row2>	0.0561 0.0000 0.9984 0.0000	</row2>
					<row3>	0.4865 0.3779 -2.8869 1.0000	</row3>
				</transform>
			</node>
			<node>
				<identifier>	MP_BM513_Motor_Boat_25ft_INDEX_1	</identifier>
				<transform>
					<row0>	0.9984 0.0000 0.0561 0.0000	</row0>
					<row1>	0.0000 1.0000 0.0000 0.0000	</row1>
					<row2>	-0.0561 0.0000 0.9984 0.0000	</row2>
					<row3>	-0.4865 0.3779 -2.8869 1.0000	</row3>
				</transform>
			</node>
			<node>
				<identifier>	MP_BM610_Speaker_2	</identifier>
				<transform>
					<row0>	0.0000 0.0000 -1.0000 0.0000	</row0>
					<row1>	0.0000 1.0000 0.0000 0.0000	</row1>
					<row2>	1.0000 0.0000 0.0000 0.0000	</row2>
					<row3>	0.2155 0.4780 -2.8196 1.0000	</row3>
				</transform>
			</node>
			<node>
				<identifier>	MP_BM610_Speaker_2_INDEX_1	</identifier>
				<transform>
					<row0>	-1.0000 0.0000 0.0000 0.0000	</row0>
					<row1>	0.0000 1.0000 0.0000 0.0000	</row1>
					<row2>	0.0000 0.0000 -1.0000 0.0000	</row2>
					<row3>	0.0441 0.6228 -4.0337 1.0000	</row3>
				</transform>
			</node>
			<node>
				<identifier>	MP_BM610_Speaker_2_INDEX_2	</identifier>
				<transform>
					<row0>	0.0000 0.0000 1.0000 0.0000	</row0>
					<row1>	0.0000 1.0000 0.0000 0.0000	</row1>
					<row2>	-1.0000 0.0000 0.0000 0.0000	</row2>
					<row3>	-0.2155 0.4780 -2.8196 1.0000	</row3>
				</transform>
			</node>
			<node>
				<identifier>	MP_BM611_Telephone	</identifier>
				<transform>
					<row0>	0.6411 0.0000 -0.7675 0.0000	</row0>
					<row1>	0.0000 1.0000 0.0000 0.0000	</row1>
					<row2>	0.7675 0.0000 0.6411 0.0000	</row2>
					<row3>	-0.0804 0.5557 -4.0065 1.0000	</row3>
				</transform>
			</node>
			<node>
				<identifier>	MP_BM611_Telephone_INDEX_1	</identifier>
				<transform>
					<row0>	0.8316 0.0000 0.5553 0.0000	</row0>
					<row1>	0.0000 1.0000 0.0000 0.0000	</row1>
					<row2>	-0.5553 0.0000 0.8316 0.0000	</row2>
					<row3>	0.0209 0.7137 -3.7434 1.0000	</row3>
				</transform>
			</node>
			<node>
				<identifier>	MP_BM611_Telephone_INDEX_2	</identifier>
				<transform>
					<row0>	0.6411 0.0000 0.7675 0.0000	</row0>
					<row1>	0.0000 1.0000 0.0000 0.0000	</row1>
					<row2>	-0.7675 0.0000 0.6411 0.0000	</row2>
					<row3>	0.0804 0.5557 -4.0065 1.0000	</row3>
				</transform>
			</node>
			<node>
				<identifier>	MP_BM611_Telephone_INDEX_3	</identifier>
				<transform>
					<row0>	1.0000 0.0000 0.0000 0.0000	</row0>
					<row1>	0.0000 1.0000 0.0000 0.0000	</row1>
					<row2>	0.0000 0.0000 1.0000 0.0000	</row2>
					<row3>	0.1206 0.4147 -4.1984 1.0000	</row3>
				</transform>
			</node>
			<node>
				<identifier>	MP_BM611_Telephone_INDEX_4	</identifier>
				<transform>
					<row0>	0.8157 0.0000 0.5784 0.0000	</row0>
					<row1>	0.0000 1.0000 0.0000 0.0000	</row1>
					<row2>	-0.5784 0.0000 0.8157 0.0000	</row2>
					<row3>	0.0768 0.8582 -2.3890 1.0000	</row3>
				</transform>
			</node>
			<node>
				<identifier>	MP_BM611_Telephone_INDEX_5	</identifier>
				<transform>
					<row0>	-0.5597 0.0000 -0.8287 0.0000	</row0>
					<row1>	0.0000 1.0000 0.0000 0.0000	</row1>
					<row2>	0.8287 0.0000 -0.5597 0.0000	</row2>
					<row3>	-0.4104 0.3751 -1.6428 1.0000	</row3>
				</transform>
			</node>
			<node>
				<identifier>	MP_BM611_Telephone_INDEX_6	</identifier>
				<transform>
					<row0>	-0.5597 0.0000 0.8287 0.0000	</row0>
					<row1>	0.0000 1.0000 0.0000 0.0000	</row1>
					<row2>	-0.8287 0.0000 -0.5597 0.0000	</row2>
					<row3>	0.4104 0.3751 -1.6428 1.0000	</row3>
				</transform>
			</node>
			<node>
				<identifier>	MP_BM620_Voice_Tube	</identifier>
				<transform>
					<row0>	0.0003 0.0000 1.0000 0.0000	</row0>
					<row1>	0.0000 1.0000 0.0000 0.0000	</row1>
					<row2>	-1.0000 0.0000 0.0003 0.0000	</row2>
					<row3>	0.1538 0.9776 -2.2318 1.0000	</row3>
				</transform>
			</node>
			<node>
				<identifier>	MP_BM620_Voice_Tube_INDEX_1	</identifier>
				<transform>
					<row0>	1.0000 0.0000 0.0000 0.0000	</row0>
					<row1>	0.0000 1.0000 0.0000 0.0000	</row1>
					<row2>	0.0000 0.0000 1.0000 0.0000	</row2>
					<row3>	0.1043 0.3324 -4.2095 1.0000	</row3>
				</transform>
			</node>
			<node>
				<identifier>	MP_BM620_Voice_Tube_INDEX_10	</identifier>
				<transform>
					<row0>	-1.0000 0.0000 0.0000 0.0000	</row0>
					<row1>	0.0000 1.0000 0.0000 0.0000	</row1>
					<row2>	0.0000 0.0000 -1.0000 0.0000	</row2>
					<row3>	0.0000 0.6567 -3.9886 1.0000	</row3>
				</transform>
			</node>
			<node>
				<identifier>	MP_BM620_Voice_Tube_INDEX_11	</identifier>
				<transform>
					<row0>	-0.7010 0.0000 -0.7132 0.0000	</row0>
					<row1>	0.0000 1.0000 0.0000 0.0000	</row1>
					<row2>	0.7132 0.0000 -0.7010 0.0000	</row2>
					<row3>	-0.4281 0.3151 -1.6514 1.0000	</row3>
				</transform>
			</node>
			<node>
				<identifier>	MP_BM620_Voice_Tube_INDEX_12	</identifier>
				<transform>
					<row0>	-0.7010 0.0000 0.7132 0.0000	</row0>
					<row1>	0.0000 1.0000 0.0000 0.0000	</row1>
					<row2>	-0.7132 0.0000 -0.7010 0.0000	</row2>
					<row3>	0.4281 0.3151 -1.6514 1.0000	</row3>
				</transform>
			</node>
			<node>
				<identifier>	MP_BM620_Voice_Tube_INDEX_2	</identifier>
				<transform>
					<row0>	0.5964 0.0000 -0.8027 0.0000	</row0>
					<row1>	0.0000 1.0000 0.0000 0.0000	</row1>
					<row2>	0.8027 0.0000 0.5964 0.0000	</row2>
					<row3>	-0.0714 0.5057 -4.0312 1.0000	</row3>
				</transform>
			</node>
			<node>
				<identifier>	MP_BM620_Voice_Tube_INDEX_3	</identifier>
				<transform>
					<row0>	0.7081 0.0000 -0.7061 0.0000	</row0>
					<row1>	0.0000 1.0000 0.0000 0.0000	</row1>
					<row2>	0.7061 0.0000 0.7081 0.0000	</row2>
					<row3>	-0.1860 0.4898 -1.3798 1.0000	</row3>
				</transform>
			</node>
			<node>
				<identifier>	MP_BM620_Voice_Tube_INDEX_4	</identifier>
				<transform>
					<row0>	0.5964 0.0000 0.8027 0.0000	</row0>
					<row1>	0.0000 1.0000 0.0000 0.0000	</row1>
					<row2>	-0.8027 0.0000 0.5964 0.0000	</row2>
					<row3>	0.0714 0.5057 -4.0312 1.0000	</row3>
				</transform>
			</node>
			<node>
				<identifier>	MP_BM620_Voice_Tube_INDEX_5	</identifier>
				<transform>
					<row0>	0.6048 0.0000 0.7964 0.0000	</row0>
					<row1>	0.0000 1.0000 0.0000 0.0000	</row1>
					<row2>	-0.7964 0.0000 0.6048 0.0000	</row2>
					<row3>	0.0384 0.6567 -3.7331 1.0000	</row3>
				</transform>
			</node>
			<node>
				<identifier>	MP_BM620_Voice_Tube_INDEX_6	</identifier>
				<transform>
					<row0>	0.7081 0.0000 -0.7061 0.0000	</row0>
					<row1>	0.0000 1.0000 0.0000 0.0000	</row1>
					<row2>	0.7061 0.0000 0.7081 0.0000	</row2>
					<row3>	-0.1860 0.4920 -2.2325 1.0000	</row3>
				</transform>
			</node>
			<node>
				<identifier>	MP_BM620_Voice_Tube_INDEX_7	</identifier>
				<transform>
					<row0>	0.0003 0.0000 -1.0000 0.0000	</row0>
					<row1>	0.0000 1.0000 0.0000 0.0000	</row1>
					<row2>	1.0000 0.0000 0.0003 0.0000	</row2>
					<row3>	-0.1538 0.9776 -2.2318 1.0000	</row3>
				</transform>
			</node>
			<node>
				<identifier>	MP_BM620_Voice_Tube_INDEX_8	</identifier>
				<transform>
					<row0>	0.7081 0.0000 0.7061 0.0000	</row0>
					<row1>	0.0000 1.0000 0.0000 0.0000	</row1>
					<row2>	-0.7061 0.0000 0.7081 0.0000	</row2>
					<row3>	0.1860 0.4898 -1.3798 1.0000	</row3>
				</transform>
			</node>
			<node>
				<identifier>	MP_BM620_Voice_Tube_INDEX_9	</identifier>
				<transform>
					<row0>	0.7081 0.0000 0.7061 0.0000	</row0>
					<row1>	0.0000 1.0000 0.0000 0.0000	</row1>
					<row2>	-0.7061 0.0000 0.7081 0.0000	</row2>
					<row3>	0.1860 0.4920 -2.2325 1.0000	</row3>
				</transform>
			</node>
			<node>
				<identifier>	MP_BM703_Locker	</identifier>
				<transform>
					<row0>	0.0000 0.0000 -1.0000 0.0000	</row0>
					<row1>	0.0000 1.0000 0.0000 0.0000	</row1>
					<row2>	1.0000 0.0000 0.0000 0.0000	</row2>
					<row3>	-0.0245 0.5067 -4.0663 1.0000	</row3>
				</transform>
			</node>
			<node>
				<identifier>	MP_BM703_Locker_INDEX_1	</identifier>
				<transform>
					<row0>	0.0000 0.0000 1.0000 0.0000	</row0>
					<row1>	0.0000 1.0000 0.0000 0.0000	</row1>
					<row2>	-1.0000 0.0000 0.0000 0.0000	</row2>
					<row3>	0.0245 0.5067 -4.0663 1.0000	</row3>
				</transform>
			</node>
			<node>
				<identifier>	MP_BM704_Locker	</identifier>
				<transform>
					<row0>	0.0000 0.0000 -1.0000 0.0000	</row0>
					<row1>	0.0000 1.0000 0.0000 0.0000	</row1>
					<row2>	1.0000 0.0000 0.0000 0.0000	</row2>
					<row3>	-0.1213 0.3354 -4.3991 1.0000	</row3>
				</transform>
			</node>
			<node>
				<identifier>	MP_BM704_Locker_INDEX_1	</identifier>
				<transform>
					<row0>	0.0000 0.0000 1.0000 0.0000	</row0>
					<row1>	0.0000 1.0000 0.0000 0.0000	</row1>
					<row2>	-1.0000 0.0000 0.0000 0.0000	</row2>
					<row3>	0.1213 0.3354 -4.3991 1.0000	</row3>
				</transform>
			</node>
			<node>
				<identifier>	MP_BM704_Locker_INDEX_2	</identifier>
				<transform>
					<row0>	0.0000 0.0000 -1.0000 0.0000	</row0>
					<row1>	0.0000 1.0000 0.0000 0.0000	</row1>
					<row2>	1.0000 0.0000 0.0000 0.0000	</row2>
					<row3>	0.0891 0.3354 -4.3991 1.0000	</row3>
				</transform>
			</node>
			<node>
				<identifier>	MP_BM704_Locker_INDEX_3	</identifier>
				<transform>
					<row0>	0.0000 0.0000 1.0000 0.0000	</row0>
					<row1>	0.0000 1.0000 0.0000 0.0000	</row1>
					<row2>	-1.0000 0.0000 0.0000 0.0000	</row2>
					<row3>	-0.0891 0.3354 -4.3991 1.0000	</row3>
				</transform>
			</node>
			<node>
				<identifier>	MP_BM751_Deck_Hatch	</identifier>
				<transform>
					<row0>	-1.0000 0.0000 0.0000 0.0000	</row0>
					<row1>	0.0000 1.0000 0.0000 0.0000	</row1>
					<row2>	0.0000 0.0000 -1.0000 0.0000	</row2>
					<row3>	0.1855 0.4882 -1.8949 1.0000	</row3>
				</transform>
			</node>
			<node>
				<identifier>	MP_BM751_Deck_Hatch_INDEX_1	</identifier>
				<transform>
					<row0>	-1.0000 0.0000 0.0000 0.0000	</row0>
					<row1>	0.0000 1.0000 0.0000 0.0000	</row1>
					<row2>	0.0000 0.0000 -1.0000 0.0000	</row2>
					<row3>	-0.1855 0.4882 -2.3832 1.0000	</row3>
				</transform>
			</node>
			<node>
				<identifier>	MP_BM751_Deck_Hatch_INDEX_2	</identifier>
				<transform>
					<row0>	-1.0000 0.0000 0.0000 0.0000	</row0>
					<row1>	0.0000 1.0000 0.0000 0.0000	</row1>
					<row2>	0.0000 0.0000 -1.0000 0.0000	</row2>
					<row3>	0.1855 0.4882 -1.0791 1.0000	</row3>
				</transform>
			</node>
			<node>
				<identifier>	MP_BM751_Deck_Hatch_INDEX_3	</identifier>
				<transform>
					<row0>	-1.0000 0.0000 0.0000 0.0000	</row0>
					<row1>	0.0000 1.0000 0.0000 0.0000	</row1>
					<row2>	0.0000 0.0000 -1.0000 0.0000	</row2>
					<row3>	-0.1855 0.4882 -1.8949 1.0000	</row3>
				</transform>
			</node>
			<node>
				<identifier>	MP_BM751_Deck_Hatch_INDEX_4	</identifier>
				<transform>
					<row0>	-1.0000 0.0000 0.0000 0.0000	</row0>
					<row1>	0.0000 1.0000 0.0000 0.0000	</row1>
					<row2>	0.0000 0.0000 -1.0000 0.0000	</row2>
					<row3>	0.1855 0.4882 -2.3832 1.0000	</row3>
				</transform>
			</node>
			<node>
				<identifier>	MP_BM751_Deck_Hatch_INDEX_5	</identifier>
				<transform>
					<row0>	-1.0000 0.0000 0.0000 0.0000	</row0>
					<row1>	0.0000 1.0000 0.0000 0.0000	</row1>
					<row2>	0.0000 0.0000 -1.0000 0.0000	</row2>
					<row3>	-0.1855 0.4882 -1.0791 1.0000	</row3>
				</transform>
			</node>
			<node>
				<identifier>	MP_BM766_Deck_Hatch	</identifier>
				<transform>
					<row0>	0.0000 0.0000 1.0000 0.0000	</row0>
					<row1>	0.0000 1.0000 0.0000 0.0000	</row1>
					<row2>	-1.0000 0.0000 0.0000 0.0000	</row2>
					<row3>	0.2405 0.3204 -3.0200 1.0000	</row3>
				</transform>
			</node>
			<node>
				<identifier>	MP_BM766_Deck_Hatch_INDEX_1	</identifier>
				<transform>
					<row0>	0.0000 0.0000 -1.0000 0.0000	</row0>
					<row1>	0.0000 1.0000 0.0000 0.0000	</row1>
					<row2>	1.0000 0.0000 0.0000 0.0000	</row2>
					<row3>	-0.2405 0.3297 -3.9942 1.0000	</row3>
				</transform>
			</node>
			<node>
				<identifier>	MP_BM766_Deck_Hatch_INDEX_2	</identifier>
				<transform>
					<row0>	0.0000 0.0000 -1.0000 0.0000	</row0>
					<row1>	0.0000 1.0000 0.0000 0.0000	</row1>
					<row2>	1.0000 0.0000 0.0000 0.0000	</row2>
					<row3>	-0.2405 0.3165 -2.2082 1.0000	</row3>
				</transform>
			</node>
			<node>
				<identifier>	MP_BM766_Deck_Hatch_INDEX_3	</identifier>
				<transform>
					<row0>	0.0000 0.0000 1.0000 0.0000	</row0>
					<row1>	0.0000 1.0000 0.0000 0.0000	</row1>
					<row2>	-1.0000 0.0000 0.0000 0.0000	</row2>
					<row3>	0.2405 0.3144 -1.5568 1.0000	</row3>
				</transform>
			</node>
			<node>
				<identifier>	MP_BM766_Deck_Hatch_INDEX_4	</identifier>
				<transform>
					<row0>	0.0000 0.0000 -1.0000 0.0000	</row0>
					<row1>	0.0000 1.0000 0.0000 0.0000	</row1>
					<row2>	1.0000 0.0000 0.0000 0.0000	</row2>
					<row3>	-0.2405 0.3204 -3.0200 1.0000	</row3>
				</transform>
			</node>
			<node>
				<identifier>	MP_BM766_Deck_Hatch_INDEX_5	</identifier>
				<transform>
					<row0>	0.0000 0.0000 1.0000 0.0000	</row0>
					<row1>	0.0000 1.0000 0.0000 0.0000	</row1>
					<row2>	-1.0000 0.0000 0.0000 0.0000	</row2>
					<row3>	0.2405 0.3262 -3.5896 1.0000	</row3>
				</transform>
			</node>
			<node>
				<identifier>	MP_BM766_Deck_Hatch_INDEX_6	</identifier>
				<transform>
					<row0>	0.0000 0.0000 -1.0000 0.0000	</row0>
					<row1>	0.0000 1.0000 0.0000 0.0000	</row1>
					<row2>	1.0000 0.0000 0.0000 0.0000	</row2>
					<row3>	-0.2405 0.3262 -3.5896 1.0000	</row3>
				</transform>
			</node>
			<node>
				<identifier>	MP_BM766_Deck_Hatch_INDEX_7	</identifier>
				<transform>
					<row0>	0.0000 0.0000 1.0000 0.0000	</row0>
					<row1>	0.0000 1.0000 0.0000 0.0000	</row1>
					<row2>	-1.0000 0.0000 0.0000 0.0000	</row2>
					<row3>	0.2405 0.3297 -3.9942 1.0000	</row3>
				</transform>
			</node>
			<node>
				<identifier>	MP_BM766_Deck_Hatch_INDEX_8	</identifier>
				<transform>
					<row0>	0.0000 0.0000 1.0000 0.0000	</row0>
					<row1>	0.0000 1.0000 0.0000 0.0000	</row1>
					<row2>	-1.0000 0.0000 0.0000 0.0000	</row2>
					<row3>	0.2405 0.3165 -2.2082 1.0000	</row3>
				</transform>
			</node>
			<node>
				<identifier>	MP_BM766_Deck_Hatch_INDEX_9	</identifier>
				<transform>
					<row0>	0.0000 0.0000 -1.0000 0.0000	</row0>
					<row1>	0.0000 1.0000 0.0000 0.0000	</row1>
					<row2>	1.0000 0.0000 0.0000 0.0000	</row2>
					<row3>	-0.2405 0.3144 -1.5568 1.0000	</row3>
				</transform>
			</node>
			<node>
				<identifier>	MP_BM803_Ventilation_box	</identifier>
				<transform>
					<row0>	-1.0000 0.0000 0.0000 0.0000	</row0>
					<row1>	0.0000 1.0000 0.0000 0.0000	</row1>
					<row2>	0.0000 0.0000 -1.0000 0.0000	</row2>
					<row3>	0.2467 0.3211 -3.2544 1.0000	</row3>
				</transform>
			</node>
			<node>
				<identifier>	MP_BM803_Ventilation_box_INDEX_1	</identifier>
				<transform>
					<row0>	0.0000 0.0000 1.0000 0.0000	</row0>
					<row1>	0.0000 1.0000 0.0000 0.0000	</row1>
					<row2>	-1.0000 0.0000 0.0000 0.0000	</row2>
					<row3>	0.3621 0.3131 -1.7713 1.0000	</row3>
				</transform>
			</node>
			<node>
				<identifier>	MP_BM803_Ventilation_box_INDEX_10	</identifier>
				<transform>
					<row0>	-1.0000 0.0000 0.0000 0.0000	</row0>
					<row1>	0.0000 1.0000 0.0000 0.0000	</row1>
					<row2>	0.0000 0.0000 -1.0000 0.0000	</row2>
					<row3>	0.2467 0.3175 -2.5413 1.0000	</row3>
				</transform>
			</node>
			<node>
				<identifier>	MP_BM803_Ventilation_box_INDEX_11	</identifier>
				<transform>
