<BSC017_Minotaur_1947_Stern_ports.visual>
	<node>
		<identifier>	Scene Root	</identifier>
		<transform>
			<row0>	1.0000 0.0000 0.0000 0.0000	</row0>
			<row1>	0.0000 1.0000 0.0000 0.0000	</row1>
			<row2>	0.0000 0.0000 1.0000 0.0000	</row2>
			<row3>	0.0000 0.0000 0.0000 1.0000	</row3>
		</transform>
		<node>
			<identifier>	Stern_ports	</identifier>
			<transform>
				<row0>	1.0000 0.0000 0.0000 0.0000	</row0>
				<row1>	0.0000 1.0000 0.0000 0.0000	</row1>
				<row2>	0.0000 0.0000 1.0000 0.0000	</row2>
				<row3>	0.0000 0.0000 0.0000 1.0000	</row3>
			</transform>
			<node>
				<identifier>	HP_BGA_17	</identifier>
				<transform>
					<row0>	-1.0000 0.0000 0.0000 0.0000	</row0>
					<row1>	0.0000 1.0000 0.0000 0.0000	</row1>
					<row2>	0.0000 0.0000 -1.0000 0.0000	</row2>
					<row3>	-0.3615 0.4130 -5.0261 1.0000	</row3>
				</transform>
			</node>
			<node>
				<identifier>	HP_BGA_18	</identifier>
				<transform>
					<row0>	-1.0000 0.0000 0.0000 0.0000	</row0>
					<row1>	0.0000 1.0000 0.0000 0.0000	</row1>
					<row2>	0.0000 0.0000 -1.0000 0.0000	</row2>
					<row3>	0.3615 0.4130 -5.0261 1.0000	</row3>
				</transform>
			</node>
			<node>
				<identifier>	HP_BGB_1	</identifier>
				<transform>
					<row0>	-0.1045 0.0000 0.9945 0.0000	</row0>
					<row1>	0.0000 1.0000 0.0000 0.0000	</row1>
					<row2>	-0.9945 0.0000 -0.1045 0.0000	</row2>
					<row3>	-0.3693 0.4073 -4.6472 1.0000	</row3>
				</transform>
			</node>
			<node>
				<identifier>	HP_BGB_2	</identifier>
				<transform>
					<row0>	-0.1045 0.0000 -0.9945 0.0000	</row0>
					<row1>	0.0000 1.0000 0.0000 0.0000	</row1>
					<row2>	0.9945 0.0000 -0.1045 0.0000	</row2>
					<row3>	0.3693 0.4073 -4.6472 1.0000	</row3>
				</transform>
			</node>
			<node>
				<identifier>	HP_BGB_3	</identifier>
				<transform>
					<row0>	-0.2588 0.0000 0.9659 0.0000	</row0>
					<row1>	0.0000 1.0000 0.0000 0.0000	</row1>
					<row2>	-0.9659 0.0000 -0.2588 0.0000	</row2>
					<row3>	-0.2303 0.4260 -5.7708 1.0000	</row3>
				</transform>
			</node>
			<node>
				<identifier>	HP_BGB_4	</identifier>
				<transform>
					<row0>	-0.2588 0.0000 -0.9659 0.0000	</row0>
					<row1>	0.0000 1.0000 0.0000 0.0000	</row1>
					<row2>	0.9659 0.0000 -0.2588 0.0000	</row2>
					<row3>	0.2303 0.4260 -5.7708 1.0000	</row3>
				</transform>
			</node>
			<node>
				<identifier>	HP_FX_Fire_4	</identifier>
				<transform>
					<row0>	1.0000 0.0000 0.0000 0.0000	</row0>
					<row1>	0.0000 1.0000 0.0000 0.0000	</row1>
					<row2>	0.0000 0.0000 1.0000 0.0000	</row2>
					<row3>	0.0000 0.4293 -5.1958 1.0000	</row3>
				</transform>
			</node>
			<node>
				<identifier>	HP_FX_Flood_steam_right	</identifier>
				<transform>
					<row0>	1.0000 0.0000 0.0000 0.0000	</row0>
					<row1>	0.0000 1.0000 0.0000 0.0000	</row1>
					<row2>	0.0000 0.0000 1.0000 0.0000	</row2>
					<row3>	0.5480 0.3468 -4.7966 1.0000	</row3>
				</transform>
			</node>
			<node>
				<identifier>	HP_FX_WakeTraceBack	</identifier>
				<transform>
					<row0>	1.0000 0.0000 0.0000 0.0000	</row0>
					<row1>	0.0000 1.0000 0.0000 0.0000	</row1>
					<row2>	0.0000 0.0000 1.0000 0.0000	</row2>
					<row3>	0.0000 0.0000 -6.2647 1.0000	</row3>
				</transform>
			</node>
			<node>
				<identifier>	HP_FX_WakeTrace_screw_1	</identifier>
				<transform>
					<row0>	1.0000 0.0000 0.0000 0.0000	</row0>
					<row1>	0.0000 1.0000 0.0000 0.0000	</row1>
					<row2>	0.0000 0.0000 1.0000 0.0000	</row2>
					<row3>	-0.2482 -0.3475 -5.1773 1.0000	</row3>
				</transform>
			</node>
			<node>
				<identifier>	HP_FX_WakeTrace_screw_2	</identifier>
				<transform>
					<row0>	1.0000 0.0000 0.0000 0.0000	</row0>
					<row1>	0.0000 1.0000 0.0000 0.0000	</row1>
					<row2>	0.0000 0.0000 1.0000 0.0000	</row2>
					<row3>	-0.5064 -0.3243 -4.1391 1.0000	</row3>
				</transform>
			</node>
			<node>
				<identifier>	HP_FX_WakeTrace_screw_3	</identifier>
				<transform>
					<row0>	1.0000 0.0000 0.0000 0.0000	</row0>
					<row1>	0.0000 1.0000 0.0000 0.0000	</row1>
					<row2>	0.0000 0.0000 1.0000 0.0000	</row2>
					<row3>	0.5064 -0.3243 -4.1391 1.0000	</row3>
				</transform>
			</node>
			<node>
				<identifier>	HP_FX_WakeTrace_screw_4	</identifier>
				<transform>
					<row0>	1.0000 0.0000 0.0000 0.0000	</row0>
					<row1>	0.0000 1.0000 0.0000 0.0000	</row1>
					<row2>	0.0000 0.0000 1.0000 0.0000	</row2>
					<row3>	0.2482 -0.3475 -5.1773 1.0000	</row3>
				</transform>
			</node>
			<node>
				<identifier>	HP_Ship_death_3	</identifier>
				<transform>
					<row0>	1.0000 0.0000 0.0000 0.0000	</row0>
					<row1>	0.0000 1.0000 0.0000 0.0000	</row1>
					<row2>	0.0000 0.0000 1.0000 0.0000	</row2>
					<row3>	0.0000 0.0000 -3.9273 1.0000	</row3>
				</transform>
			</node>
			<node>
				<identifier>	MP_BM003_Night_lifebuoy	</identifier>
				<transform>
					<row0>	-0.9432 0.2587 -0.2084 0.0000	</row0>
					<row1>	0.2485 0.9658 0.0741 0.0000	</row1>
					<row2>	0.2205 0.0181 -0.9752 0.0000	</row2>
					<row3>	-0.3980 0.4592 -5.5950 1.0000	</row3>
				</transform>
			</node>
			<node>
				<identifier>	MP_BM003_Night_lifebuoy_INDEX_1	</identifier>
				<transform>
					<row0>	0.9420 0.2588 -0.2137 0.0000	</row0>
					<row1>	-0.2485 0.9658 0.0741 0.0000	</row1>
					<row2>	0.2256 -0.0167 0.9741 0.0000	</row2>
					<row3>	0.3980 0.4592 -5.5950 1.0000	</row3>
				</transform>
			</node>
			<node>
				<identifier>	MP_BM009_Depth_Charge	</identifier>
				<transform>
					<row0>	-0.9659 0.0000 -0.2588 0.0000	</row0>
					<row1>	-0.2588 0.0000 0.9659 0.0000	</row1>
					<row2>	0.0000 1.0000 0.0000 0.0000	</row2>
					<row3>	-0.2377 0.4595 -5.8615 1.0000	</row3>
				</transform>
			</node>
			<node>
				<identifier>	MP_BM009_Depth_Charge_INDEX_1	</identifier>
				<transform>
					<row0>	0.9659 0.0000 0.2588 0.0000	</row0>
					<row1>	0.2588 0.0000 -0.9659 0.0000	</row1>
					<row2>	0.0000 1.0000 0.0000 0.0000	</row2>
					<row3>	-0.2821 0.4562 -5.6960 1.0000	</row3>
				</transform>
			</node>
			<node>
				<identifier>	MP_BM009_Depth_Charge_INDEX_2	</identifier>
				<transform>
					<row0>	-0.9659 0.0000 0.2588 0.0000	</row0>
					<row1>	0.2588 0.0000 0.9659 0.0000	</row1>
					<row2>	0.0000 1.0000 0.0000 0.0000	</row2>
					<row3>	0.2377 0.4595 -5.8615 1.0000	</row3>
				</transform>
			</node>
			<node>
				<identifier>	MP_BM009_Depth_Charge_INDEX_3	</identifier>
				<transform>
					<row0>	0.9659 0.0000 -0.2588 0.0000	</row0>
					<row1>	-0.2588 0.0000 -0.9659 0.0000	</row1>
					<row2>	0.0000 1.0000 0.0000 0.0000	</row2>
					<row3>	0.2821 0.4562 -5.6960 1.0000	</row3>
				</transform>
			</node>
			<node>
				<identifier>	MP_BM009_Depth_Charge_INDEX_4	</identifier>
				<transform>
					<row0>	-0.9945 0.0000 0.1045 0.0000	</row0>
					<row1>	0.1045 0.0000 0.9945 0.0000	</row1>
					<row2>	0.0000 1.0000 0.0000 0.0000	</row2>
					<row3>	0.3909 0.4389 -4.7356 1.0000	</row3>
				</transform>
			</node>
			<node>
				<identifier>	MP_BM009_Depth_Charge_INDEX_5	</identifier>
				<transform>
					<row0>	0.9945 0.0000 -0.1045 0.0000	</row0>
					<row1>	-0.1045 0.0000 -0.9945 0.0000	</row1>
					<row2>	0.0000 1.0000 0.0000 0.0000	</row2>
					<row3>	0.4088 0.4389 -4.5652 1.0000	</row3>
				</transform>
			</node>
			<node>
				<identifier>	MP_BM009_Depth_Charge_INDEX_6	</identifier>
				<transform>
					<row0>	-0.9945 0.0000 -0.1045 0.0000	</row0>
					<row1>	-0.1045 0.0000 0.9945 0.0000	</row1>
					<row2>	0.0000 1.0000 0.0000 0.0000	</row2>
					<row3>	-0.3909 0.4389 -4.7356 1.0000	</row3>
				</transform>
			</node>
			<node>
				<identifier>	MP_BM009_Depth_Charge_INDEX_7	</identifier>
				<transform>
					<row0>	0.9945 0.0000 0.1045 0.0000	</row0>
					<row1>	0.1045 0.0000 -0.9945 0.0000	</row1>
					<row2>	0.0000 1.0000 0.0000 0.0000	</row2>
					<row3>	-0.4088 0.4389 -4.5652 1.0000	</row3>
				</transform>
			</node>
			<node>
				<identifier>	MP_BM018_Depth_Charge_Stowage	</identifier>
				<transform>
					<row0>	-0.9659 0.0000 -0.2588 0.0000	</row0>
					<row1>	0.0000 1.0000 0.0000 0.0000	</row1>
					<row2>	0.2588 0.0000 -0.9659 0.0000	</row2>
					<row3>	-0.2437 0.4277 -5.8393 1.0000	</row3>
				</transform>
			</node>
			<node>
				<identifier>	MP_BM018_Depth_Charge_Stowage_INDEX_1	</identifier>
				<transform>
					<row0>	0.9659 0.0000 0.2588 0.0000	</row0>
					<row1>	0.0000 1.0000 0.0000 0.0000	</row1>
					<row2>	-0.2588 0.0000 0.9659 0.0000	</row2>
					<row3>	-0.2761 0.4244 -5.7182 1.0000	</row3>
				</transform>
			</node>
			<node>
				<identifier>	MP_BM018_Depth_Charge_Stowage_INDEX_2	</identifier>
				<transform>
					<row0>	-0.9659 0.0000 0.2588 0.0000	</row0>
					<row1>	0.0000 1.0000 0.0000 0.0000	</row1>
					<row2>	-0.2588 0.0000 -0.9659 0.0000	</row2>
					<row3>	0.2437 0.4277 -5.8393 1.0000	</row3>
				</transform>
			</node>
			<node>
				<identifier>	MP_BM018_Depth_Charge_Stowage_INDEX_3	</identifier>
				<transform>
					<row0>	0.9659 0.0000 -0.2588 0.0000	</row0>
					<row1>	0.0000 1.0000 0.0000 0.0000	</row1>
					<row2>	0.2588 0.0000 0.9659 0.0000	</row2>
					<row3>	0.2761 0.4244 -5.7182 1.0000	</row3>
				</transform>
			</node>
			<node>
				<identifier>	MP_BM018_Depth_Charge_Stowage_INDEX_4	</identifier>
				<transform>
					<row0>	-0.9945 0.0000 0.1045 0.0000	</row0>
					<row1>	0.0000 1.0000 0.0000 0.0000	</row1>
					<row2>	-0.1045 0.0000 -0.9945 0.0000	</row2>
					<row3>	0.3933 0.4070 -4.7126 1.0000	</row3>
				</transform>
			</node>
			<node>
				<identifier>	MP_BM018_Depth_Charge_Stowage_INDEX_5	</identifier>
				<transform>
					<row0>	0.9945 0.0000 -0.1045 0.0000	</row0>
					<row1>	0.0000 1.0000 0.0000 0.0000	</row1>
					<row2>	0.1045 0.0000 0.9945 0.0000	</row2>
					<row3>	0.4064 0.4070 -4.5881 1.0000	</row3>
				</transform>
			</node>
			<node>
				<identifier>	MP_BM018_Depth_Charge_Stowage_INDEX_6	</identifier>
				<transform>
					<row0>	-0.9945 0.0000 -0.1045 0.0000	</row0>
					<row1>	0.0000 1.0000 0.0000 0.0000	</row1>
					<row2>	0.1045 0.0000 -0.9945 0.0000	</row2>
					<row3>	-0.3933 0.4070 -4.7126 1.0000	</row3>
				</transform>
			</node>
			<node>
				<identifier>	MP_BM018_Depth_Charge_Stowage_INDEX_7	</identifier>
				<transform>
					<row0>	0.9945 0.0000 0.1045 0.0000	</row0>
					<row1>	0.0000 1.0000 0.0000 0.0000	</row1>
					<row2>	-0.1045 0.0000 0.9945 0.0000	</row2>
					<row3>	-0.4064 0.4070 -4.5881 1.0000	</row3>
				</transform>
			</node>
			<node>
				<identifier>	MP_BM019_Reels_1	</identifier>
				<transform>
					<row0>	1.2000 0.0000 0.0000 0.0000	</row0>
					<row1>	0.0000 1.2000 0.0000 0.0000	</row1>
					<row2>	0.0000 0.0000 1.2000 0.0000	</row2>
					<row3>	0.0000 0.4069 -3.9913 1.0000	</row3>
				</transform>
			</node>
			<node>
				<identifier>	MP_BM704_Locker	</identifier>
				<transform>
					<row0>	0.0000 0.0000 1.5000 0.0000	</row0>
					<row1>	0.0000 1.2500 0.0000 0.0000	</row1>
					<row2>	-1.2500 0.0000 0.0000 0.0000	</row2>
					<row3>	0.0493 0.4084 -5.0642 1.0000	</row3>
				</transform>
			</node>
			<node>
				<identifier>	MP_BM704_Locker_INDEX_1	</identifier>
				<transform>
					<row0>	0.0000 0.0000 1.5000 0.0000	</row0>
					<row1>	0.0000 1.2500 0.0000 0.0000	</row1>
					<row2>	-1.2500 0.0000 0.0000 0.0000	</row2>
					<row3>	0.0493 0.4084 -4.9931 1.0000	</row3>
				</transform>
			</node>
			<node>
				<identifier>	MP_BM704_Locker_INDEX_2	</identifier>
				<transform>
					<row0>	0.0000 0.0000 -1.5000 0.0000	</row0>
					<row1>	0.0000 1.2500 0.0000 0.0000	</row1>
					<row2>	1.2500 0.0000 0.0000 0.0000	</row2>
					<row3>	-0.0493 0.4084 -4.9225 1.0000	</row3>
				</transform>
			</node>
			<node>
				<identifier>	MP_BM704_Locker_INDEX_3	</identifier>
				<transform>
					<row0>	0.0000 0.0000 1.5000 0.0000	</row0>
					<row1>	0.0000 1.2500 0.0000 0.0000	</row1>
					<row2>	-1.2500 0.0000 0.0000 0.0000	</row2>
					<row3>	0.0493 0.4084 -4.9225 1.0000	</row3>
				</transform>
			</node>
			<node>
				<identifier>	MP_BM704_Locker_INDEX_4	</identifier>
				<transform>
					<row0>	0.0000 0.0000 -1.5000 0.0000	</row0>
					<row1>	0.0000 1.2500 0.0000 0.0000	</row1>
					<row2>	1.2500 0.0000 0.0000 0.0000	</row2>
					<row3>	-0.0493 0.4084 -4.9931 1.0000	</row3>
				</transform>
			</node>
			<node>
				<identifier>	MP_BM704_Locker_INDEX_5	</identifier>
				<transform>
					<row0>	0.0000 0.0000 -1.5000 0.0000	</row0>
					<row1>	0.0000 1.2500 0.0000 0.0000	</row1>
					<row2>	1.2500 0.0000 0.0000 0.0000	</row2>
					<row3>	-0.0493 0.4084 -5.0642 1.0000	</row3>
				</transform>
			</node>
			<node>
				<identifier>	MP_BM752_Deck_Hatch	</identifier>
				<transform>
					<row0>	-1.0000 0.0000 0.0000 0.0000	</row0>
					<row1>	0.0000 1.0000 0.0000 0.0000	</row1>
					<row2>	0.0000 0.0000 -1.0000 0.0000	</row2>
					<row3>	0.1874 0.4093 -4.0553 1.0000	</row3>
				</transform>
			</node>
			<node>
				<identifier>	MP_BM752_Deck_Hatch_INDEX_1	</identifier>
				<transform>
					<row0>	-1.0000 0.0000 0.0000 0.0000	</row0>
					<row1>	0.0000 1.0000 0.0000 0.0000	</row1>
					<row2>	0.0000 0.0000 -1.0000 0.0000	</row2>
					<row3>	-0.1874 0.4093 -4.0553 1.0000	</row3>
				</transform>
			</node>
			<node>
				<identifier>	MP_BM754_Deck_Hatch	</identifier>
				<transform>
					<row0>	1.0000 0.0000 0.0000 0.0000	</row0>
					<row1>	0.0000 1.0000 0.0000 0.0000	</row1>
					<row2>	0.0000 0.0000 1.0000 0.0000	</row2>
					<row3>	-0.0625 0.4088 -4.6085 1.0000	</row3>
				</transform>
			</node>
			<node>
				<identifier>	MP_BM754_Deck_Hatch_INDEX_1	</identifier>
				<transform>
					<row0>	-1.0000 0.0000 0.0000 0.0000	</row0>
					<row1>	0.0000 1.0000 0.0000 0.0000	</row1>
					<row2>	0.0000 0.0000 -1.0000 0.0000	</row2>
					<row3>	0.0751 0.4138 -5.2780 1.0000	</row3>
				</transform>
			</node>
			<node>
				<identifier>	MP_BM754_Deck_Hatch_INDEX_2	</identifier>
				<transform>
					<row0>	0.0000 0.0000 -1.0000 0.0000	</row0>
					<row1>	0.0000 1.0000 0.0000 0.0000	</row1>
					<row2>	1.0000 0.0000 0.0000 0.0000	</row2>
					<row3>	-0.0486 0.4352 -6.0002 1.0000	</row3>
				</transform>
			</node>
			<node>
				<identifier>	MP_BM800_Ventilators_mushroom	</identifier>
				<transform>
					<row0>	-1.0000 0.0000 0.0000 0.0000	</row0>
					<row1>	0.0000 1.0000 0.0000 0.0000	</row1>
					<row2>	0.0000 0.0000 -1.0000 0.0000	</row2>
					<row3>	-0.1188 0.4329 -6.0619 1.0000	</row3>
				</transform>
			</node>
			<node>
				<identifier>	MP_BM800_Ventilators_mushroom_INDEX_1	</identifier>
				<transform>
					<row0>	-1.5000 0.0000 0.0000 0.0000	</row0>
					<row1>	0.0000 1.5000 0.0000 0.0000	</row1>
					<row2>	0.0000 0.0000 -1.5000 0.0000	</row2>
					<row3>	0.1261 0.3978 -4.9626 1.0000	</row3>
				</transform>
			</node>
			<node>
				<identifier>	MP_BM800_Ventilators_mushroom_INDEX_2	</identifier>
				<transform>
					<row0>	-1.0000 0.0000 0.0000 0.0000	</row0>
					<row1>	0.0000 1.0000 0.0000 0.0000	</row1>
					<row2>	0.0000 0.0000 -1.0000 0.0000	</row2>
					<row3>	-0.1261 0.3983 -4.5955 1.0000	</row3>
				</transform>
			</node>
			<node>
				<identifier>	MP_BM800_Ventilators_mushroom_INDEX_3	</identifier>
				<transform>
					<row0>	-1.0000 0.0000 0.0000 0.0000	</row0>
					<row1>	0.0000 1.0000 0.0000 0.0000	</row1>
					<row2>	0.0000 0.0000 -1.0000 0.0000	</row2>
					<row3>	-0.1261 0.4061 -5.2721 1.0000	</row3>
				</transform>
			</node>
			<node>
				<identifier>	MP_BM800_Ventilators_mushroom_INDEX_4	</identifier>
				<transform>
					<row0>	-1.0000 0.0000 0.0000 0.0000	</row0>
					<row1>	0.0000 1.0000 0.0000 0.0000	</row1>
					<row2>	0.0000 0.0000 -1.0000 0.0000	</row2>
					<row3>	0.1261 0.3983 -4.5955 1.0000	</row3>
				</transform>
			</node>
			<node>
				<identifier>	MP_BM800_Ventilators_mushroom_INDEX_5	</identifier>
				<transform>
					<row0>	-1.5000 0.0000 0.0000 0.0000	</row0>
					<row1>	0.0000 1.5000 0.0000 0.0000	</row1>
					<row2>	0.0000 0.0000 -1.5000 0.0000	</row2>
					<row3>	-0.1261 0.3978 -4.9626 1.0000	</row3>
				</transform>
			</node>
			<node>
				<identifier>	MP_BM800_Ventilators_mushroom_INDEX_6	</identifier>
				<transform>
					<row0>	-1.0000 0.0000 0.0000 0.0000	</row0>
					<row1>	0.0000 1.0000 0.0000 0.0000	</row1>
					<row2>	0.0000 0.0000 -1.0000 0.0000	</row2>
					<row3>	0.1261 0.4061 -5.2721 1.0000	</row3>
				</transform>
			</node>
			<node>
				<identifier>	MP_BM872_Running_Lights_B	</identifier>
				<transform>
					<row0>	-1.0000 0.0000 0.0000 0.0000	</row0>
					<row1>	0.0000 1.0000 0.0000 0.0000	</row1>
					<row2>	0.0000 0.0000 -1.0000 0.0000	</row2>
					<row3>	0.2116 0.4494 -6.1579 1.0000	</row3>
				</transform>
			</node>
			<node>
				<identifier>	MP_BM872_Running_Lights_B_INDEX_1	</identifier>
				<transform>
					<row0>	-1.0000 0.0000 0.0000 0.0000	</row0>
					<row1>	0.0000 1.0000 0.0000 0.0000	</row1>
					<row2>	0.0000 0.0000 -1.0000 0.0000	</row2>
					<row3>	0.0000 0.6375 -6.1995 1.0000	</row3>
				</transform>
			</node>
			<node>
				<identifier>	MP_BM952_Bollard	</identifier>
				<transform>
					<row0>	0.9855 0.0000 -0.1694 0.0000	</row0>
					<row1>	0.0023 0.9999 0.0134 0.0000	</row1>
					<row2>	0.1694 -0.0136 0.9854 0.0000	</row2>
					<row3>	0.3391 0.4192 -5.4170 1.0000	</row3>
				</transform>
			</node>
			<node>
				<identifier>	MP_BM952_Bollard_INDEX_1	</identifier>
				<transform>
					<row0>	0.9855 0.0000 0.1694 0.0000	</row0>
					<row1>	-0.0023 0.9999 0.0134 0.0000	</row1>
					<row2>	-0.1694 -0.0136 0.9854 0.0000	</row2>
					<row3>	-0.3391 0.4192 -5.4170 1.0000	</row3>
				</transform>
			</node>
			<node>
				<identifier>	MP_BM963_Anchor_Capstan_Stern	</identifier>
				<transform>
					<row0>	1.0000 0.0000 0.0000 0.0000	</row0>
					<row1>	0.0000 0.9997 0.0261 0.0000	</row1>
					<row2>	0.0000 -0.0261 0.9997 0.0000	</row2>
					<row3>	0.0000 0.4233 -5.6332 1.0000	</row3>
				</transform>
			</node>
			<node>
				<identifier>	MP_CM002_Propeller4_L	</identifier>
				<transform>
					<row0>	0.9994 -0.0005 -0.0354 0.0000	</row0>
					<row1>	-0.0005 0.9995 -0.0300 0.0000	</row1>
					<row2>	0.0354 0.0300 0.9989 0.0000	</row2>
					<row3>	-0.2482 -0.3475 -5.1773 1.0000	</row3>
				</transform>
			</node>
			<node>
				<identifier>	MP_CM002_Propeller4_L_INDEX_1	</identifier>
				<transform>
					<row0>	0.9994 -0.0005 -0.0354 0.0000	</row0>
					<row1>	-0.0005 0.9995 -0.0300 0.0000	</row1>
					<row2>	0.0354 0.0300 0.9989 0.0000	</row2>
					<row3>	-0.5064 -0.3243 -4.1391 1.0000	</row3>
				</transform>
			</node>
			<node>
				<identifier>	MP_CM011_Fire_Fighting_Gear	</identifier>
				<transform>
					<row0>	-1.0000 0.0000 0.0000 0.0000	</row0>
					<row1>	0.0000 1.0000 0.0000 0.0000	</row1>
					<row2>	0.0000 0.0000 -1.0000 0.0000	</row2>
					<row3>	-0.0138 0.4159 -5.3318 1.0000	</row3>
				</transform>
			</node>
			<node>
				<identifier>	MP_CM033_Propeller4_R	</identifier>
				<transform>
					<row0>	0.9994 0.0005 0.0354 0.0000	</row0>
					<row1>	0.0005 0.9995 -0.0300 0.0000	</row1>
					<row2>	-0.0354 0.0300 0.9989 0.0000	</row2>
					<row3>	0.5064 -0.3243 -4.1391 1.0000	</row3>
				</transform>
			</node>
			<node>
				<identifier>	MP_CM033_Propeller4_R_INDEX_1	</identifier>
				<transform>
					<row0>	0.9994 0.0005 0.0354 0.0000	</row0>
					<row1>	0.0005 0.9995 -0.0300 0.0000	</row1>
					<row2>	-0.0354 0.0300 0.9989 0.0000	</row2>
					<row3>	0.2482 -0.3475 -5.1773 1.0000	</row3>
				</transform>
			</node>
			<node>
				<identifier>	MP_CM104_Life_Buoy	</identifier>
				<transform>
					<row0>	0.1000 0.0000 0.9950 0.0000	</row0>
					<row1>	0.0000 1.0000 0.0000 0.0000	</row1>
					<row2>	-0.9950 0.0000 0.1000 0.0000	</row2>
					<row3>	0.5861 0.4619 -4.2305 1.0000	</row3>
				</transform>
			</node>
			<node>
				<identifier>	MP_CM104_Life_Buoy_INDEX_1	</identifier>
				<transform>
					<row0>	0.1000 0.0000 -0.9950 0.0000	</row0>
					<row1>	0.0000 1.0000 0.0000 0.0000	</row1>
					<row2>	0.9950 0.0000 0.1000 0.0000	</row2>
					<row3>	-0.5861 0.4619 -4.2305 1.0000	</row3>
				</transform>
			</node>
			<node>
				<identifier>	SP_YMS011_YHWL_M_1_INDEX_11	</identifier>
				<transform>
					<row0>	0.9572 0.2719 0.0991 0.0000	</row0>
					<row1>	-0.2713 0.9623 -0.0205 0.0000	</row1>
					<row2>	-0.1010 -0.0072 0.9949 0.0000	</row2>
					<row3>	-0.5667 0.0013 -4.1501 1.0000	</row3>
				</transform>
			</node>
			<node>
				<identifier>	SP_YMS011_YHWL_M_1_INDEX_12	</identifier>
				<transform>
					<row0>	0.9376 0.3184 0.1399 0.0000	</row0>
					<row1>	-0.3143 0.9480 -0.0510 0.0000	</row1>
					<row2>	-0.1489 0.0039 0.9888 0.0000	</row2>
					<row3>	-0.4611 0.0009 -4.9848 1.0000	</row3>
				</transform>
			</node>
			<node>
				<identifier>	SP_YMS011_YHWL_M_1_INDEX_13	</identifier>
				<transform>
					<row0>	0.9087 0.3464 0.2330 0.0000	</row0>
					<row1>	-0.3380 0.9381 -0.0762 0.0000	</row1>
					<row2>	-0.2450 -0.0095 0.9695 0.0000	</row2>
					<row3>	-0.2968 0.0000 -5.8096 1.0000	</row3>
				</transform>
			</node>
			<node>
				<identifier>	SP_YMS012_YHWR_M_1_INDEX_11	</identifier>
				<transform>
					<row0>	0.9572 -0.2719 -0.0991 0.0000	</row0>
					<row1>	0.2713 0.9623 -0.0205 0.0000	</row1>
					<row2>	0.1010 -0.0072 0.9949 0.0000	</row2>
					<row3>	0.5665 0.0000 -4.1494 1.0000	</row3>
				</transform>
			</node>
			<node>
				<identifier>	SP_YMS012_YHWR_M_1_INDEX_12	</identifier>
				<transform>
					<row0>	0.9376 -0.3184 -0.1399 0.0000	</row0>
					<row1>	0.3143 0.9480 -0.0510 0.0000	</row1>
					<row2>	0.1489 0.0039 0.9888 0.0000	</row2>
					<row3>	0.4610 0.0000 -4.9840 1.0000	</row3>
				</transform>
			</node>
			<node>
				<identifier>	SP_YMS012_YHWR_M_1_INDEX_13	</identifier>
				<transform>
					<row0>	0.9087 -0.3464 -0.2330 0.0000	</row0>
					<row1>	0.3380 0.9381 -0.0762 0.0000	</row1>
					<row2>	0.2450 -0.0095 0.9695 0.0000	</row2>
					<row3>	0.2968 0.0000 -5.8096 1.0000	</row3>
				</transform>
			</node>
			<node>
				<identifier>	SP_YMS023_YHUC_L_1	</identifier>
				<transform>
					<row0>	0.4716 -0.0003 -0.0167 0.0000	</row0>
					<row1>	-0.0003 0.4717 -0.0142 0.0000	</row1>
					<row2>	0.0167 0.0142 0.4714 0.0000	</row2>
					<row3>	-0.5064 -0.3243 -4.1391 1.0000	</row3>
				</transform>
			</node>
			<node>
				<identifier>	SP_YMS023_YHUC_L_1_INDEX_1	</identifier>
				<transform>
					<row0>	0.4716 0.0003 0.0167 0.0000	</row0>
					<row1>	0.0003 0.4717 -0.0142 0.0000	</row1>
					<row2>	-0.0167 0.0142 0.4714 0.0000	</row2>
					<row3>	0.5064 -0.3243 -4.1391 1.0000	</row3>
				</transform>
			</node>
			<node>
				<identifier>	SP_YMS023_YHUC_L_1_INDEX_2	</identifier>
				<transform>
					<row0>	0.5307 -0.0003 -0.0188 0.0000	</row0>
					<row1>	-0.0003 0.5308 -0.0159 0.0000	</row1>
					<row2>	0.0188 0.0159 0.5304 0.0000	</row2>
					<row3>	-0.2482 -0.3475 -5.1773 1.0000	</row3>
				</transform>
			</node>
			<node>
				<identifier>	SP_YMS023_YHUC_L_1_INDEX_3	</identifier>
				<transform>
					<row0>	0.5307 0.0003 0.0188 0.0000	</row0>
					<row1>	0.0003 0.5308 -0.0159 0.0000	</row1>
					<row2>	-0.0188 0.0159 0.5304 0.0000	</row2>
					<row3>	0.2482 -0.3475 -5.1773 1.0000	</row3>
				</transform>
			</node>
			<node>
				<identifier>	SP_YMS030_YHAM_M_1	</identifier>
				<transform>
					<row0>	1.2136 0.0000 0.0000 0.0000	</row0>
					<row1>	0.0000 1.2136 0.0000 0.0000	</row1>
					<row2>	0.0000 0.0000 1.2136 0.0000	</row2>
					<row3>	0.0000 0.3657 -6.2514 1.0000	</row3>
				</transform>
			</node>
			<node>
				<identifier>	SP_YMS031_YHAL_M_1	</identifier>
				<transform>
					<row0>	1.0288 0.0929 0.2253 0.0000	</row0>
					<row1>	-0.0950 1.0530 0.0000 0.0000	</row1>
					<row2>	-0.2243 -0.0202 1.0330 0.0000	</row2>
					<row3>	-0.3193 0.2819 -5.9601 1.0000	</row3>
				</transform>
			</node>
			<node>
				<identifier>	SP_YMS032_YHAR_M_1	</identifier>
				<transform>
					<row0>	1.0288 -0.0929 -0.2253 0.0000	</row0>
					<row1>	0.0950 1.0530 0.0000 0.0000	</row1>
					<row2>	0.2243 -0.0202 1.0330 0.0000	</row2>
					<row3>	0.3193 0.2819 -5.9601 1.0000	</row3>
				</transform>
			</node>
			<node>
				<identifier>	SP_YMS053_YHDC_S_1_INDEX_10	</identifier>
				<transform>
					<row0>	1.0000 0.0000 0.0000 0.0000	</row0>
					<row1>	0.0000 1.0000 0.0000 0.0000	</row1>
					<row2>	0.0000 0.0000 1.0000 0.0000	</row2>
					<row3>	0.0000 0.4078 -4.4671 1.0000	</row3>
				</transform>
			</node>
			<node>
				<identifier>	SP_YMS053_YHDC_S_1_INDEX_8	</identifier>
				<transform>
					<row0>	1.0000 0.0000 0.0000 0.0000	</row0>
					<row1>	0.0000 1.0000 0.0000 0.0000	</row1>
					<row2>	0.0000 0.0000 1.0000 0.0000	</row2>
					<row3>	-0.3661 0.4078 -4.2761 1.0000	</row3>
				</transform>
			</node>
			<node>
				<identifier>	SP_YMS053_YHDC_S_1_INDEX_9	</identifier>
				<transform>
					<row0>	1.0000 0.0000 0.0000 0.0000	</row0>
					<row1>	0.0000 1.0000 0.0000 0.0000	</row1>
					<row2>	0.0000 0.0000 1.0000 0.0000	</row2>
					<row3>	0.3661 0.4078 -4.2761 1.0000	</row3>
				</transform>
			</node>
			<node>
				<identifier>	SP_YMS072_YHHC_M_1_INDEX_10	</identifier>
				<transform>
					<row0>	0.0732 0.0007 -0.7465 0.0000	</row0>
					<row1>	-0.0606 0.7476 -0.0053 0.0000	</row1>
					<row2>	0.7441 0.0608 0.0730 0.0000	</row2>
					<row3>	-0.5946 0.2142 -4.1365 1.0000	</row3>
				</transform>
			</node>
			<node>
				<identifier>	SP_YMS072_YHHC_M_1_INDEX_11	</identifier>
				<transform>
					<row0>	0.0732 -0.0007 0.7465 0.0000	</row0>
					<row1>	0.0606 0.7476 -0.0053 0.0000	</row1>
					<row2>	-0.7441 0.0608 0.0730 0.0000	</row2>
					<row3>	0.5946 0.2142 -4.1365 1.0000	</row3>
				</transform>
			</node>
			<node>
				<identifier>	SP_YMS080_YHSL_M_1_INDEX_2	</identifier>
				<transform>
					<row0>	0.9262 0.0734 0.1819 0.0000	</row0>
					<row1>	-0.0772 0.9435 0.0124 0.0000	</row1>
					<row2>	-0.1804 -0.0270 0.9290 0.0000	</row2>
					<row3>	-0.5100 0.2024 -4.8805 1.0000	</row3>
				</transform>
			</node>
			<node>
				<identifier>	SP_YMS081_YHSR_M_1_INDEX_2	</identifier>
				<transform>
					<row0>	0.9262 -0.0734 -0.1819 0.0000	</row0>
					<row1>	0.0772 0.9435 0.0124 0.0000	</row1>
					<row2>	0.1804 -0.0270 0.9290 0.0000	</row2>
					<row3>	0.5100 0.2024 -4.8805 1.0000	</row3>
				</transform>
			</node>
		</node>
	</node>
	<boundingBox>
		<min>	-0.0667 -0.0667 -0.0667	</min>
		<max>	0.0667 0.0667 0.0667	</max>
	</boundingBox>
</BSC017_Minotaur_1947_Stern_ports.visual>
