<ISB007_Lepanto_1945_Stern_ports.visual>
	<node>
		<identifier>	Scene Root	</identifier>
		<transform>
			<row0>	1.0000 0.0000 0.0000 0.0000	</row0>
			<row1>	0.0000 1.0000 0.0000 0.0000	</row1>
			<row2>	0.0000 0.0000 1.0000 0.0000	</row2>
			<row3>	0.0000 0.0000 0.0000 1.0000	</row3>
		</transform>
		<node>
			<identifier>	Stern_ports	</identifier>
			<transform>
				<row0>	1.0000 0.0000 0.0000 0.0000	</row0>
				<row1>	0.0000 1.0000 0.0000 0.0000	</row1>
				<row2>	0.0000 0.0000 1.0000 0.0000	</row2>
				<row3>	0.0000 0.0000 0.0000 1.0000	</row3>
			</transform>
			<node>
				<identifier>	HP_FX_Fire_4	</identifier>
				<transform>
					<row0>	1.0000 0.0000 0.0000 0.0000	</row0>
					<row1>	0.0000 1.0000 0.0000 0.0000	</row1>
					<row2>	0.0000 0.0000 1.0000 0.0000	</row2>
					<row3>	0.0000 0.2269 -7.1989 1.0000	</row3>
				</transform>
			</node>
			<node>
				<identifier>	HP_FX_WakeTraceBack	</identifier>
				<transform>
					<row0>	1.0000 0.0000 0.0000 0.0000	</row0>
					<row1>	0.0000 1.0000 0.0000 0.0000	</row1>
					<row2>	0.0000 0.0000 1.0000 0.0000	</row2>
					<row3>	0.0000 0.0000 -8.9014 1.0000	</row3>
				</transform>
			</node>
			<node>
				<identifier>	HP_FX_WakeTrace_screw_1	</identifier>
				<transform>
					<row0>	1.0000 0.0000 0.0000 0.0000	</row0>
					<row1>	0.0000 1.0000 0.0000 0.0000	</row1>
					<row2>	0.0000 0.0000 1.0000 0.0000	</row2>
					<row3>	0.3377 -0.5295 -7.6457 1.0000	</row3>
				</transform>
			</node>
			<node>
				<identifier>	HP_FX_WakeTrace_screw_2	</identifier>
				<transform>
					<row0>	1.0000 0.0000 0.0000 0.0000	</row0>
					<row1>	0.0000 1.0000 0.0000 0.0000	</row1>
					<row2>	0.0000 0.0000 1.0000 0.0000	</row2>
					<row3>	0.6677 -0.5470 -6.2395 1.0000	</row3>
				</transform>
			</node>
			<node>
				<identifier>	HP_FX_WakeTrace_screw_3	</identifier>
				<transform>
					<row0>	1.0000 0.0000 0.0000 0.0000	</row0>
					<row1>	0.0000 1.0000 0.0000 0.0000	</row1>
					<row2>	0.0000 0.0000 1.0000 0.0000	</row2>
					<row3>	-0.6676 -0.5470 -6.2395 1.0000	</row3>
				</transform>
			</node>
			<node>
				<identifier>	HP_FX_WakeTrace_screw_4	</identifier>
				<transform>
					<row0>	1.0000 0.0000 0.0000 0.0000	</row0>
					<row1>	0.0000 1.0000 0.0000 0.0000	</row1>
					<row2>	0.0000 0.0000 1.0000 0.0000	</row2>
					<row3>	-0.3377 -0.5295 -7.6457 1.0000	</row3>
				</transform>
			</node>
			<node>
				<identifier>	HP_IC_1	</identifier>
				<transform>
					<row0>	0.5150 0.0000 0.8572 0.0000	</row0>
					<row1>	0.0000 1.0000 0.0000 0.0000	</row1>
					<row2>	-0.8572 0.0000 0.5150 0.0000	</row2>
					<row3>	0.0000 0.2555 -8.1955 1.0000	</row3>
				</transform>
			</node>
			<node>
				<identifier>	HP_IGA_19	</identifier>
				<transform>
					<row0>	-1.0000 0.0000 0.0000 0.0000	</row0>
					<row1>	0.0000 1.0000 0.0000 0.0000	</row1>
					<row2>	0.0000 0.0000 -1.0000 0.0000	</row2>
					<row3>	-0.8367 0.4084 -5.5187 1.0000	</row3>
				</transform>
			</node>
			<node>
				<identifier>	HP_IGA_20	</identifier>
				<transform>
					<row0>	-1.0000 0.0000 0.0000 0.0000	</row0>
					<row1>	0.0000 1.0000 0.0000 0.0000	</row1>
					<row2>	0.0000 0.0000 -1.0000 0.0000	</row2>
					<row3>	0.8367 0.4084 -5.5187 1.0000	</row3>
				</transform>
			</node>
			<node>
				<identifier>	HP_IGA_21	</identifier>
				<transform>
					<row0>	-1.0000 0.0000 0.0000 0.0000	</row0>
					<row1>	0.0000 1.0000 0.0000 0.0000	</row1>
					<row2>	0.0000 0.0000 -1.0000 0.0000	</row2>
					<row3>	-0.6380 0.2552 -6.7510 1.0000	</row3>
				</transform>
			</node>
			<node>
				<identifier>	HP_IGA_22	</identifier>
				<transform>
					<row0>	-1.0000 0.0000 0.0000 0.0000	</row0>
					<row1>	0.0000 1.0000 0.0000 0.0000	</row1>
					<row2>	0.0000 0.0000 -1.0000 0.0000	</row2>
					<row3>	0.6380 0.2552 -6.7510 1.0000	</row3>
				</transform>
			</node>
			<node>
				<identifier>	HP_Ship_death_3	</identifier>
				<transform>
					<row0>	1.0000 0.0000 0.0000 0.0000	</row0>
					<row1>	0.0000 1.0000 0.0000 0.0000	</row1>
					<row2>	0.0000 0.0000 1.0000 0.0000	</row2>
					<row3>	0.0000 0.0000 -5.5167 1.0000	</row3>
				</transform>
			</node>
			<node>
				<identifier>	MP_CM126_Cleat	</identifier>
				<transform>
					<row0>	-0.3805 0.0000 -0.9248 0.0000	</row0>
					<row1>	-0.9248 0.0000 0.3805 0.0000	</row1>
					<row2>	0.0000 1.0000 0.0000 0.0000	</row2>
					<row3>	0.8941 0.3059 -7.0696 1.0000	</row3>
				</transform>
			</node>
			<node>
				<identifier>	MP_CM126_Cleat_INDEX_1	</identifier>
				<transform>
					<row0>	0.9794 -0.0008 -0.2019 0.0000	</row0>
					<row1>	0.0009 1.0000 0.0002 0.0000	</row1>
					<row2>	0.2019 -0.0004 0.9794 0.0000	</row2>
					<row3>	0.8178 0.2557 -7.3708 1.0000	</row3>
				</transform>
			</node>
			<node>
				<identifier>	MP_CM126_Cleat_INDEX_2	</identifier>
				<transform>
					<row0>	0.9794 0.0008 0.2019 0.0000	</row0>
					<row1>	-0.0009 1.0000 0.0002 0.0000	</row1>
					<row2>	-0.2019 -0.0004 0.9794 0.0000	</row2>
					<row3>	-0.6971 0.2557 -7.9361 1.0000	</row3>
				</transform>
			</node>
			<node>
				<identifier>	MP_CM126_Cleat_INDEX_3	</identifier>
				<transform>
					<row0>	-0.3805 0.0000 0.9248 0.0000	</row0>
					<row1>	0.9248 0.0000 0.3805 0.0000	</row1>
					<row2>	0.0000 1.0000 0.0000 0.0000	</row2>
					<row3>	-0.8941 0.3059 -7.0696 1.0000	</row3>
				</transform>
			</node>
			<node>
				<identifier>	MP_CM126_Cleat_INDEX_4	</identifier>
				<transform>
					<row0>	0.9794 0.0008 0.2019 0.0000	</row0>
					<row1>	-0.0009 1.0000 0.0002 0.0000	</row1>
					<row2>	-0.2019 -0.0004 0.9794 0.0000	</row2>
					<row3>	-0.8178 0.2557 -7.3708 1.0000	</row3>
				</transform>
			</node>
			<node>
				<identifier>	MP_CM126_Cleat_INDEX_5	</identifier>
				<transform>
					<row0>	0.9794 -0.0008 -0.2019 0.0000	</row0>
					<row1>	0.0009 1.0000 0.0002 0.0000	</row1>
					<row2>	0.2019 -0.0004 0.9794 0.0000	</row2>
					<row3>	0.6971 0.2557 -7.9361 1.0000	</row3>
				</transform>
			</node>
			<node>
				<identifier>	MP_CM161_Propeller_4_8m_BB_R	</identifier>
				<transform>
					<row0>	1.0990 0.0000 0.0000 0.0000	</row0>
					<row1>	0.0000 1.0980 -0.0476 0.0000	</row1>
					<row2>	0.0000 0.0476 1.0980 0.0000	</row2>
					<row3>	0.3377 -0.5295 -7.6457 1.0000	</row3>
				</transform>
			</node>
			<node>
				<identifier>	MP_CM161_Propeller_4_8m_BB_R_INDEX_1	</identifier>
				<transform>
					<row0>	1.0988 -0.0205 -0.0002 0.0000	</row0>
					<row1>	0.0205 1.0983 -0.0334 0.0000	</row1>
					<row2>	0.0009 0.0334 1.0985 0.0000	</row2>
					<row3>	0.6677 -0.5470 -6.2395 1.0000	</row3>
				</transform>
			</node>
			<node>
				<identifier>	MP_CM162_Propeller_4_8m_BB_L	</identifier>
				<transform>
					<row0>	1.0991 0.0205 0.0002 0.0000	</row0>
					<row1>	-0.0205 1.0986 -0.0334 0.0000	</row1>
					<row2>	-0.0009 0.0334 1.0988 0.0000	</row2>
					<row3>	-0.6676 -0.5470 -6.2395 1.0000	</row3>
				</transform>
			</node>
			<node>
				<identifier>	MP_CM162_Propeller_4_8m_BB_L_INDEX_1	</identifier>
				<transform>
					<row0>	1.0990 0.0000 0.0000 0.0000	</row0>
					<row1>	0.0000 1.0980 -0.0476 0.0000	</row1>
					<row2>	0.0000 0.0476 1.0980 0.0000	</row2>
					<row3>	-0.3377 -0.5295 -7.6457 1.0000	</row3>
				</transform>
			</node>
			<node>
				<identifier>	MP_IM003_Crown	</identifier>
				<transform>
					<row0>	1.0000 0.0000 0.0000 0.0000	</row0>
					<row1>	0.0000 0.9842 0.1772 0.0000	</row1>
					<row2>	0.0000 -0.1772 0.9842 0.0000	</row2>
					<row3>	0.0000 0.2248 -9.0392 1.0000	</row3>
				</transform>
			</node>
			<node>
				<identifier>	MP_IM019_Life_Buoy	</identifier>
				<transform>
					<row0>	-0.1982 -0.0017 0.9802 0.0000	</row0>
					<row1>	-0.1578 0.9870 -0.0302 0.0000	</row1>
					<row2>	-0.9674 -0.1606 -0.1959 0.0000	</row2>
					<row3>	-0.8412 0.1485 -7.2176 1.0000	</row3>
				</transform>
			</node>
			<node>
				<identifier>	MP_IM019_Life_Buoy_INDEX_1	</identifier>
				<transform>
					<row0>	-0.1982 0.0017 -0.9802 0.0000	</row0>
					<row1>	0.1578 0.9870 -0.0302 0.0000	</row1>
					<row2>	0.9674 -0.1606 -0.1959 0.0000	</row2>
					<row3>	0.8412 0.1485 -7.2176 1.0000	</row3>
				</transform>
			</node>
			<node>
				<identifier>	MP_IM019_Life_Buoy_INDEX_2	</identifier>
				<transform>
					<row0>	-0.1834 0.0001 -0.9830 0.0000	</row0>
					<row1>	0.1435 0.9893 -0.0266 0.0000	</row1>
					<row2>	0.9725 -0.1460 -0.1814 0.0000	</row2>
					<row3>	0.8575 0.1463 -7.1366 1.0000	</row3>
				</transform>
			</node>
			<node>
				<identifier>	MP_IM019_Life_Buoy_INDEX_3	</identifier>
				<transform>
					<row0>	-0.1834 -0.0001 0.9830 0.0000	</row0>
					<row1>	-0.1435 0.9893 -0.0266 0.0000	</row1>
					<row2>	-0.9725 -0.1460 -0.1814 0.0000	</row2>
					<row3>	-0.8575 0.1463 -7.1366 1.0000	</row3>
				</transform>
			</node>
			<node>
				<identifier>	MP_IM026_Reels	</identifier>
				<transform>
					<row0>	-0.2354 0.0000 -0.9719 0.0000	</row0>
					<row1>	0.0000 1.0000 0.0000 0.0000	</row1>
					<row2>	0.9719 0.0000 -0.2354 0.0000	</row2>
					<row3>	0.3470 0.2555 -6.8194 1.0000	</row3>
				</transform>
			</node>
			<node>
				<identifier>	MP_IM026_Reels_INDEX_1	</identifier>
				<transform>
					<row0>	-0.2354 0.0000 0.9719 0.0000	</row0>
					<row1>	0.0000 1.0000 0.0000 0.0000	</row1>
					<row2>	-0.9719 0.0000 -0.2354 0.0000	</row2>
					<row3>	-0.3470 0.2555 -6.8194 1.0000	</row3>
				</transform>
			</node>
			<node>
				<identifier>	MP_IM027_Reels	</identifier>
				<transform>
					<row0>	-1.0000 0.0000 0.0000 0.0000	</row0>
					<row1>	0.0000 1.0000 0.0000 0.0000	</row1>
					<row2>	0.0000 0.0000 -1.0000 0.0000	</row2>
					<row3>	0.8709 0.2552 -5.7131 1.0000	</row3>
				</transform>
			</node>
			<node>
				<identifier>	MP_IM027_Reels_INDEX_1	</identifier>
				<transform>
					<row0>	-0.0510 0.0000 -0.9987 0.0000	</row0>
					<row1>	0.0000 1.0000 0.0000 0.0000	</row1>
					<row2>	0.9987 0.0000 -0.0510 0.0000	</row2>
					<row3>	0.3885 0.2552 -6.2055 1.0000	</row3>
				</transform>
			</node>
			<node>
				<identifier>	MP_IM027_Reels_INDEX_2	</identifier>
				<transform>
					<row0>	-1.0000 0.0000 0.0000 0.0000	</row0>
					<row1>	0.0000 1.0000 0.0000 0.0000	</row1>
					<row2>	0.0000 0.0000 -1.0000 0.0000	</row2>
					<row3>	-0.8709 0.2552 -5.7131 1.0000	</row3>
				</transform>
			</node>
			<node>
				<identifier>	MP_IM027_Reels_INDEX_3	</identifier>
				<transform>
					<row0>	-0.0510 0.0000 0.9987 0.0000	</row0>
					<row1>	0.0000 1.0000 0.0000 0.0000	</row1>
					<row2>	-0.9987 0.0000 -0.0510 0.0000	</row2>
					<row3>	-0.3885 0.2552 -6.2055 1.0000	</row3>
				</transform>
			</node>
			<node>
				<identifier>	MP_IM031_Fire_Fighting	</identifier>
				<transform>
					<row0>	-0.1025 0.0000 -0.9947 0.0000	</row0>
					<row1>	0.0000 1.0000 0.0000 0.0000	</row1>
					<row2>	0.9947 0.0000 -0.1025 0.0000	</row2>
					<row3>	0.3832 0.2548 -6.5405 1.0000	</row3>
				</transform>
			</node>
			<node>
				<identifier>	MP_IM031_Fire_Fighting_INDEX_1	</identifier>
				<transform>
					<row0>	-0.1025 0.0000 0.9947 0.0000	</row0>
					<row1>	0.0000 1.0000 0.0000 0.0000	</row1>
					<row2>	-0.9947 0.0000 -0.1025 0.0000	</row2>
					<row3>	-0.3832 0.2548 -6.5405 1.0000	</row3>
				</transform>
			</node>
			<node>
				<identifier>	MP_IM032_Fire_Hose	</identifier>
				<transform>
					<row0>	-0.2009 0.0000 0.9796 0.0000	</row0>
					<row1>	0.0000 1.0000 0.0000 0.0000	</row1>
					<row2>	-0.9796 0.0000 -0.2009 0.0000	</row2>
					<row3>	-0.3690 0.3300 -6.5441 1.0000	</row3>
				</transform>
			</node>
			<node>
				<identifier>	MP_IM032_Fire_Hose_INDEX_1	</identifier>
				<transform>
					<row0>	-0.1795 0.0000 -0.9838 0.0000	</row0>
					<row1>	0.0000 1.0000 0.0000 0.0000	</row1>
					<row2>	0.9838 0.0000 -0.1795 0.0000	</row2>
					<row3>	0.3634 0.3300 -6.5673 1.0000	</row3>
				</transform>
			</node>
			<node>
				<identifier>	MP_IM033_Life_Buoy	</identifier>
				<transform>
					<row0>	0.2605 0.0000 0.9655 0.0000	</row0>
					<row1>	0.0000 1.0000 0.0000 0.0000	</row1>
					<row2>	-0.9655 0.0000 0.2605 0.0000	</row2>
					<row3>	0.6515 0.3277 -8.1465 1.0000	</row3>
				</transform>
			</node>
			<node>
				<identifier>	MP_IM033_Life_Buoy_INDEX_1	</identifier>
				<transform>
					<row0>	0.2605 0.0000 -0.9655 0.0000	</row0>
					<row1>	0.0000 1.0000 0.0000 0.0000	</row1>
					<row2>	0.9655 0.0000 0.2605 0.0000	</row2>
					<row3>	-0.6515 0.3277 -8.1465 1.0000	</row3>
				</transform>
			</node>
			<node>
				<identifier>	MP_IM514_Life_Boat_3_5m_monte	</identifier>
				<transform>
					<row0>	-1.0000 0.0000 0.0000 0.0000	</row0>
					<row1>	0.0000 1.0000 0.0000 0.0000	</row1>
					<row2>	0.0000 0.0000 -1.0000 0.0000	</row2>
					<row3>	-0.2790 0.4091 -5.6158 1.0000	</row3>
				</transform>
			</node>
			<node>
				<identifier>	MP_IM514_Life_Boat_3_5m_monte_INDEX_1	</identifier>
				<transform>
					<row0>	-1.0000 0.0000 0.0000 0.0000	</row0>
					<row1>	0.0000 1.0000 0.0000 0.0000	</row1>
					<row2>	0.0000 0.0000 -1.0000 0.0000	</row2>
					<row3>	0.2790 0.4091 -5.6158 1.0000	</row3>
				</transform>
			</node>
			<node>
				<identifier>	MP_IM514_Life_Boat_3_5m_monte_INDEX_2	</identifier>
				<transform>
					<row0>	-1.0000 0.0000 0.0000 0.0000	</row0>
					<row1>	0.0000 1.0000 0.0000 0.0000	</row1>
					<row2>	0.0000 0.0000 -1.0000 0.0000	</row2>
					<row3>	-0.2790 0.4091 -5.8652 1.0000	</row3>
				</transform>
			</node>
			<node>
				<identifier>	MP_IM514_Life_Boat_3_5m_monte_INDEX_3	</identifier>
				<transform>
					<row0>	-1.0000 0.0000 0.0000 0.0000	</row0>
					<row1>	0.0000 1.0000 0.0000 0.0000	</row1>
					<row2>	0.0000 0.0000 -1.0000 0.0000	</row2>
					<row3>	0.2790 0.4091 -5.8652 1.0000	</row3>
				</transform>
			</node>
			<node>
				<identifier>	SP_YMS011_YHWL_M_1_INDEX_10	</identifier>
				<transform>
					<row0>	1.4583 0.2960 0.1890 0.0000	</row0>
					<row1>	-0.2942 1.4705 -0.0330 0.0000	</row1>
					<row2>	-0.1918 -0.0050 1.4877 0.0000	</row2>
					<row3>	-0.9710 0.0000 -6.1268 1.0000	</row3>
				</transform>
			</node>
			<node>
				<identifier>	SP_YMS011_YHWL_M_1_INDEX_11	</identifier>
				<transform>
					<row0>	1.3561 0.5279 0.3638 0.0000	</row0>
					<row1>	-0.5138 1.4040 -0.1218 0.0000	</row1>
					<row2>	-0.3834 -0.0145 1.4501 0.0000	</row2>
					<row3>	-0.7211 0.0000 -7.3849 1.0000	</row3>
				</transform>
			</node>
			<node>
				<identifier>	SP_YMS012_YHWR_M_1_INDEX_10	</identifier>
				<transform>
					<row0>	1.4583 -0.2960 -0.1890 0.0000	</row0>
					<row1>	0.2942 1.4705 -0.0330 0.0000	</row1>
					<row2>	0.1918 -0.0050 1.4877 0.0000	</row2>
					<row3>	0.9710 0.0000 -6.1268 1.0000	</row3>
				</transform>
			</node>
			<node>
				<identifier>	SP_YMS012_YHWR_M_1_INDEX_11	</identifier>
				<transform>
					<row0>	1.3561 -0.5279 -0.3638 0.0000	</row0>
					<row1>	0.5138 1.4040 -0.1218 0.0000	</row1>
					<row2>	0.3834 -0.0145 1.4501 0.0000	</row2>
					<row3>	0.7211 0.0000 -7.3849 1.0000	</row3>
				</transform>
			</node>
			<node>
				<identifier>	SP_YMS023_YHUC_L_1	</identifier>
				<transform>
					<row0>	1.0446 0.0195 0.0002 0.0000	</row0>
					<row1>	-0.0195 1.0441 -0.0318 0.0000	</row1>
					<row2>	-0.0008 0.0318 1.0443 0.0000	</row2>
					<row3>	-0.6676 -0.5470 -6.2395 1.0000	</row3>
				</transform>
			</node>
			<node>
				<identifier>	SP_YMS023_YHUC_L_1_INDEX_1	</identifier>
				<transform>
					<row0>	1.0446 -0.0195 -0.0002 0.0000	</row0>
					<row1>	0.0195 1.0441 -0.0318 0.0000	</row1>
					<row2>	0.0008 0.0318 1.0443 0.0000	</row2>
					<row3>	0.6677 -0.5470 -6.2395 1.0000	</row3>
				</transform>
			</node>
			<node>
				<identifier>	SP_YMS023_YHUC_L_1_INDEX_2	</identifier>
				<transform>
					<row0>	0.9745 0.0000 0.0000 0.0000	</row0>
					<row1>	0.0000 0.9736 -0.0422 0.0000	</row1>
					<row2>	0.0000 0.0422 0.9736 0.0000	</row2>
					<row3>	-0.3377 -0.5295 -7.6457 1.0000	</row3>
				</transform>
			</node>
			<node>
				<identifier>	SP_YMS023_YHUC_L_1_INDEX_3	</identifier>
				<transform>
					<row0>	0.9745 0.0000 0.0000 0.0000	</row0>
					<row1>	0.0000 0.9736 -0.0422 0.0000	</row1>
					<row2>	0.0000 0.0422 0.9736 0.0000	</row2>
					<row3>	0.3377 -0.5295 -7.6457 1.0000	</row3>
				</transform>
			</node>
			<node>
				<identifier>	SP_YMS030_YHAM_M_1	</identifier>
				<transform>
					<row0>	0.6945 0.0000 0.0000 0.0000	</row0>
					<row1>	0.0000 0.6945 0.0000 0.0000	</row1>
					<row2>	0.0000 0.0000 0.6945 0.0000	</row2>
					<row3>	0.0000 0.1462 -9.0812 1.0000	</row3>
				</transform>
			</node>
			<node>
				<identifier>	SP_YMS031_YHAL_M_1	</identifier>
				<transform>
					<row0>	0.6566 0.2554 0.3062 0.0000	</row0>
					<row1>	-0.2315 0.7245 -0.1079 0.0000	</row1>
					<row2>	-0.3247 0.0000 0.6962 0.0000	</row2>
					<row3>	-0.3930 0.1501 -8.8388 1.0000	</row3>
				</transform>
			</node>
			<node>
				<identifier>	SP_YMS032_YHAR_M_1	</identifier>
				<transform>
					<row0>	0.6566 -0.2554 -0.3062 0.0000	</row0>
					<row1>	0.2315 0.7245 -0.1079 0.0000	</row1>
					<row2>	0.3247 0.0000 0.6962 0.0000	</row2>
					<row3>	0.3930 0.1501 -8.8388 1.0000	</row3>
				</transform>
			</node>
			<node>
				<identifier>	SP_YMS041_YHCS_M_1_INDEX_3	</identifier>
				<transform>
					<row0>	1.3205 0.0000 0.1405 0.0000	</row0>
					<row1>	0.0000 1.3280 0.0000 0.0000	</row1>
					<row2>	-0.1405 0.0000 1.3205 0.0000	</row2>
					<row3>	-0.8656 0.3483 -6.2563 1.0000	</row3>
				</transform>
			</node>
			<node>
				<identifier>	SP_YMS041_YHCS_M_1_INDEX_4	</identifier>
				<transform>
					<row0>	1.3205 0.0000 -0.1405 0.0000	</row0>
					<row1>	0.0000 1.3280 0.0000 0.0000	</row1>
					<row2>	0.1405 0.0000 1.3205 0.0000	</row2>
					<row3>	0.8656 0.3483 -6.2563 1.0000	</row3>
				</transform>
			</node>
			<node>
				<identifier>	SP_YMS053_YHDC_S_1_INDEX_6	</identifier>
				<transform>
					<row0>	0.0000 0.0000 1.0000 0.0000	</row0>
					<row1>	0.0000 1.0000 0.0000 0.0000	</row1>
					<row2>	-1.0000 0.0000 0.0000 0.0000	</row2>
					<row3>	-0.5361 0.2721 -7.2478 1.0000	</row3>
				</transform>
			</node>
			<node>
				<identifier>	SP_YMS053_YHDC_S_1_INDEX_7	</identifier>
				<transform>
					<row0>	1.0000 0.0000 0.0000 0.0000	</row0>
					<row1>	0.0000 1.0000 0.0000 0.0000	</row1>
					<row2>	0.0000 0.0000 1.0000 0.0000	</row2>
					<row3>	0.5361 0.2721 -7.2478 1.0000	</row3>
				</transform>
			</node>
			<node>
				<identifier>	SP_YMS070_YHHC_L_1	</identifier>
				<transform>
					<row0>	0.4415 0.0000 0.0000 0.0000	</row0>
					<row1>	0.0000 0.4415 0.0000 0.0000	</row1>
					<row2>	0.0000 0.0000 0.4415 0.0000	</row2>
					<row3>	0.0000 0.4889 -6.4892 1.0000	</row3>
				</transform>
			</node>
		</node>
	</node>
	<boundingBox>
		<min>	-0.0667 -0.0667 -0.0667	</min>
		<max>	0.0667 0.0667 0.0667	</max>
	</boundingBox>
</ISB007_Lepanto_1945_Stern_ports.visual>
