<FSC029_Marseille_1944_Bow_ports.visual>
	<node>
		<identifier>	Scene Root	</identifier>
		<transform>
			<row0>	1.0000 0.0000 0.0000 0.0000	</row0>
			<row1>	0.0000 1.0000 0.0000 0.0000	</row1>
			<row2>	0.0000 0.0000 1.0000 0.0000	</row2>
			<row3>	0.0000 0.0000 0.0000 1.0000	</row3>
		</transform>
		<node>
			<identifier>	Bow_ports	</identifier>
			<transform>
				<row0>	1.0000 0.0000 0.0000 0.0000	</row0>
				<row1>	0.0000 1.0000 0.0000 0.0000	</row1>
				<row2>	0.0000 0.0000 1.0000 0.0000	</row2>
				<row3>	0.0000 0.0000 0.0000 1.0000	</row3>
			</transform>
			<node>
				<identifier>	HP_FGA_1	</identifier>
				<transform>
					<row0>	1.0000 0.0000 0.0000 0.0000	</row0>
					<row1>	0.0000 1.0000 0.0000 0.0000	</row1>
					<row2>	0.0000 0.0000 1.0000 0.0000	</row2>
					<row3>	-0.0862 0.4649 5.1982 1.0000	</row3>
				</transform>
			</node>
			<node>
				<identifier>	HP_FGA_2	</identifier>
				<transform>
					<row0>	1.0000 0.0000 0.0000 0.0000	</row0>
					<row1>	0.0000 1.0000 0.0000 0.0000	</row1>
					<row2>	0.0000 0.0000 1.0000 0.0000	</row2>
					<row3>	0.0862 0.4649 5.1982 1.0000	</row3>
				</transform>
			</node>
			<node>
				<identifier>	HP_FGA_3	</identifier>
				<transform>
					<row0>	1.0000 0.0000 0.0000 0.0000	</row0>
					<row1>	0.0000 1.0000 0.0000 0.0000	</row1>
					<row2>	0.0000 0.0000 1.0000 0.0000	</row2>
					<row3>	-0.2571 0.4605 5.0655 1.0000	</row3>
				</transform>
			</node>
			<node>
				<identifier>	HP_FGA_4	</identifier>
				<transform>
					<row0>	1.0000 0.0000 0.0000 0.0000	</row0>
					<row1>	0.0000 1.0000 0.0000 0.0000	</row1>
					<row2>	0.0000 0.0000 1.0000 0.0000	</row2>
					<row3>	0.2571 0.4605 5.0655 1.0000	</row3>
				</transform>
			</node>
			<node>
				<identifier>	HP_FGA_5	</identifier>
				<transform>
					<row0>	1.0000 0.0000 0.0000 0.0000	</row0>
					<row1>	0.0000 1.0000 0.0000 0.0000	</row1>
					<row2>	0.0000 0.0000 1.0000 0.0000	</row2>
					<row3>	-0.4301 0.4569 4.9313 1.0000	</row3>
				</transform>
			</node>
			<node>
				<identifier>	HP_FGA_6	</identifier>
				<transform>
					<row0>	1.0000 0.0000 0.0000 0.0000	</row0>
					<row1>	0.0000 1.0000 0.0000 0.0000	</row1>
					<row2>	0.0000 0.0000 1.0000 0.0000	</row2>
					<row3>	0.4301 0.4569 4.9313 1.0000	</row3>
				</transform>
			</node>
			<node>
				<identifier>	HP_FGM_1	</identifier>
				<transform>
					<row0>	1.0000 0.0000 0.0000 0.0000	</row0>
					<row1>	0.0000 1.0000 0.0000 0.0000	</row1>
					<row2>	0.0000 0.0000 1.0000 0.0000	</row2>
					<row3>	0.0000 0.5315 4.3364 1.0000	</row3>
				</transform>
			</node>
			<node>
				<identifier>	HP_FX_Fire_1	</identifier>
				<transform>
					<row0>	1.0000 0.0000 0.0000 0.0000	</row0>
					<row1>	0.0000 1.0000 0.0000 0.0000	</row1>
					<row2>	0.0000 0.0000 1.0000 0.0000	</row2>
					<row3>	0.0000 0.5093 5.7848 1.0000	</row3>
				</transform>
			</node>
			<node>
				<identifier>	HP_FX_Flood_water_left_4	</identifier>
				<transform>
					<row0>	-0.9795 0.0000 0.2015 0.0000	</row0>
					<row1>	0.0000 1.0000 0.0000 0.0000	</row1>
					<row2>	-0.2015 0.0000 -0.9795 0.0000	</row2>
					<row3>	-0.5287 0.2084 4.6775 1.0000	</row3>
				</transform>
			</node>
			<node>
				<identifier>	HP_FX_Flood_water_right_4	</identifier>
				<transform>
					<row0>	0.9832 0.0000 0.1830 0.0000	</row0>
					<row1>	0.0000 1.0000 0.0000 0.0000	</row1>
					<row2>	-0.1830 0.0000 0.9832 0.0000	</row2>
					<row3>	0.5262 0.2109 4.6773 1.0000	</row3>
				</transform>
			</node>
			<node>
				<identifier>	HP_FX_WakeTrace	</identifier>
				<transform>
					<row0>	1.0000 0.0000 0.0000 0.0000	</row0>
					<row1>	0.0000 1.0000 0.0000 0.0000	</row1>
					<row2>	0.0000 0.0000 1.0000 0.0000	</row2>
					<row3>	0.0000 0.0000 7.3326 1.0000	</row3>
				</transform>
			</node>
			<node>
				<identifier>	HP_Ship_death_1	</identifier>
				<transform>
					<row0>	1.0000 0.0000 0.0000 0.0000	</row0>
					<row1>	0.0000 1.0000 0.0000 0.0000	</row1>
					<row2>	0.0000 0.0000 1.0000 0.0000	</row2>
					<row3>	0.0000 0.0000 4.0500 1.0000	</row3>
				</transform>
			</node>
			<node>
				<identifier>	MP_CM011_Fire_Fighting_Gear	</identifier>
				<transform>
					<row0>	-0.6802 0.0000 -0.7330 0.0000	</row0>
					<row1>	0.0000 1.0000 0.0000 0.0000	</row1>
					<row2>	0.7330 0.0000 -0.6802 0.0000	</row2>
					<row3>	-0.2840 0.4485 4.5762 1.0000	</row3>
				</transform>
			</node>
			<node>
				<identifier>	MP_CM011_Fire_Fighting_Gear_INDEX_1	</identifier>
				<transform>
					<row0>	-0.6802 0.0000 0.7330 0.0000	</row0>
					<row1>	0.0000 1.0000 0.0000 0.0000	</row1>
					<row2>	-0.7330 0.0000 -0.6802 0.0000	</row2>
					<row3>	0.2840 0.4485 4.5762 1.0000	</row3>
				</transform>
			</node>
			<node>
				<identifier>	MP_CM013_Fire_Hose_Rack_2	</identifier>
				<transform>
					<row0>	-0.7718 0.0000 -0.6359 0.0000	</row0>
					<row1>	0.0000 1.0000 0.0000 0.0000	</row1>
					<row2>	0.6359 0.0000 -0.7718 0.0000	</row2>
					<row3>	0.2898 0.4932 4.5564 1.0000	</row3>
				</transform>
			</node>
			<node>
				<identifier>	MP_CM013_Fire_Hose_Rack_2_INDEX_1	</identifier>
				<transform>
					<row0>	0.7718 0.0000 -0.6359 0.0000	</row0>
					<row1>	0.0000 1.0000 0.0000 0.0000	</row1>
					<row2>	0.6359 0.0000 0.7718 0.0000	</row2>
					<row3>	-0.2898 0.4932 4.5564 1.0000	</row3>
				</transform>
			</node>
			<node>
				<identifier>	MP_FM015_Life_Buoy	</identifier>
				<transform>
					<row0>	-0.1447 0.0000 -0.9895 0.0000	</row0>
					<row1>	0.0000 1.0000 0.0000 0.0000	</row1>
					<row2>	0.9895 0.0000 -0.1447 0.0000	</row2>
					<row3>	-0.7431 0.4975 3.8944 1.0000	</row3>
				</transform>
			</node>
			<node>
				<identifier>	MP_FM033_Spare_barrel_tube	</identifier>
				<transform>
					<row0>	0.6626 -0.5478 0.5108 0.0000	</row0>
					<row1>	0.4338 0.8366 0.3345 0.0000	</row1>
					<row2>	-0.6106 0.0000 0.7920 0.0000	</row2>
					<row3>	-0.3461 0.4607 4.8113 1.0000	</row3>
				</transform>
			</node>
			<node>
				<identifier>	MP_FM033_Spare_barrel_tube_INDEX_1	</identifier>
				<transform>
					<row0>	0.6626 0.5478 -0.5108 0.0000	</row0>
					<row1>	-0.4338 0.8366 0.3345 0.0000	</row1>
					<row2>	0.6106 0.0000 0.7920 0.0000	</row2>
					<row3>	0.2792 0.4624 4.8627 1.0000	</row3>
				</transform>
			</node>
			<node>
				<identifier>	MP_FM033_Spare_barrel_tube_INDEX_10	</identifier>
				<transform>
					<row0>	0.5141 -0.5478 -0.6601 0.0000	</row0>
					<row1>	0.3366 0.8366 -0.4322 0.0000	</row1>
					<row2>	0.7890 0.0000 0.6144 0.0000	</row2>
					<row3>	-0.5011 0.4604 4.8577 1.0000	</row3>
				</transform>
			</node>
			<node>
				<identifier>	MP_FM033_Spare_barrel_tube_INDEX_11	</identifier>
				<transform>
					<row0>	0.6626 0.5478 -0.5108 0.0000	</row0>
					<row1>	-0.4338 0.8366 0.3345 0.0000	</row1>
					<row2>	0.6106 0.0000 0.7920 0.0000	</row2>
					<row3>	0.4098 0.4569 4.7621 1.0000	</row3>
				</transform>
			</node>
			<node>
				<identifier>	MP_FM033_Spare_barrel_tube_INDEX_2	</identifier>
				<transform>
					<row0>	0.5141 0.5478 0.6601 0.0000	</row0>
					<row1>	-0.3366 0.8366 -0.4322 0.0000	</row1>
					<row2>	-0.7890 0.0000 0.6144 0.0000	</row2>
					<row3>	0.5018 0.4586 4.8586 1.0000	</row3>
				</transform>
			</node>
			<node>
				<identifier>	MP_FM033_Spare_barrel_tube_INDEX_3	</identifier>
				<transform>
					<row0>	0.6626 0.5478 -0.5108 0.0000	</row0>
					<row1>	-0.4338 0.8366 0.3345 0.0000	</row1>
					<row2>	0.6106 0.0000 0.7920 0.0000	</row2>
					<row3>	0.3461 0.4589 4.8113 1.0000	</row3>
				</transform>
			</node>
			<node>
				<identifier>	MP_FM033_Spare_barrel_tube_INDEX_4	</identifier>
				<transform>
					<row0>	0.6626 -0.5478 0.5108 0.0000	</row0>
					<row1>	0.4338 0.8366 0.3345 0.0000	</row1>
					<row2>	-0.6106 0.0000 0.7920 0.0000	</row2>
					<row3>	-0.4096 0.4591 4.7623 1.0000	</row3>
				</transform>
			</node>
			<node>
				<identifier>	MP_FM033_Spare_barrel_tube_INDEX_5	</identifier>
				<transform>
					<row0>	0.5141 -0.5478 -0.6601 0.0000	</row0>
					<row1>	0.3366 0.8366 -0.4322 0.0000	</row1>
					<row2>	0.7890 0.0000 0.6144 0.0000	</row2>
					<row3>	-0.4671 0.4594 4.8141 1.0000	</row3>
				</transform>
			</node>
			<node>
				<identifier>	MP_FM033_Spare_barrel_tube_INDEX_6	</identifier>
				<transform>
					<row0>	0.6626 -0.5478 0.5108 0.0000	</row0>
					<row1>	0.4338 0.8366 0.3345 0.0000	</row1>
					<row2>	-0.6106 0.0000 0.7920 0.0000	</row2>
					<row3>	-0.2130 0.4640 4.9133 1.0000	</row3>
				</transform>
			</node>
			<node>
				<identifier>	MP_FM033_Spare_barrel_tube_INDEX_7	</identifier>
				<transform>
					<row0>	0.6626 -0.5478 0.5108 0.0000	</row0>
					<row1>	0.4338 0.8366 0.3345 0.0000	</row1>
					<row2>	-0.6106 0.0000 0.7920 0.0000	</row2>
					<row3>	-0.2801 0.4637 4.8621 1.0000	</row3>
				</transform>
			</node>
			<node>
				<identifier>	MP_FM033_Spare_barrel_tube_INDEX_8	</identifier>
				<transform>
					<row0>	0.5141 0.5478 0.6601 0.0000	</row0>
					<row1>	-0.3366 0.8366 -0.4322 0.0000	</row1>
					<row2>	-0.7890 0.0000 0.6144 0.0000	</row2>
					<row3>	0.4680 0.4572 4.8153 1.0000	</row3>
				</transform>
			</node>
			<node>
				<identifier>	MP_FM033_Spare_barrel_tube_INDEX_9	</identifier>
				<transform>
					<row0>	0.6626 0.5478 -0.5108 0.0000	</row0>
					<row1>	-0.4338 0.8366 0.3345 0.0000	</row1>
					<row2>	0.6106 0.0000 0.7920 0.0000	</row2>
					<row3>	0.2130 0.4640 4.9133 1.0000	</row3>
				</transform>
			</node>
			<node>
				<identifier>	MP_FM034_Cooling_tube	</identifier>
				<transform>
					<row0>	-0.4415 -0.8281 0.3454 0.0000	</row0>
					<row1>	-0.6523 0.5606 0.5102 0.0000	</row1>
					<row2>	-0.6161 0.0000 -0.7877 0.0000	</row2>
					<row3>	0.3207 0.4939 5.1518 1.0000	</row3>
				</transform>
			</node>
			<node>
				<identifier>	MP_FM034_Cooling_tube_INDEX_1	</identifier>
				<transform>
					<row0>	-0.4415 0.8281 -0.3454 0.0000	</row0>
					<row1>	0.6523 0.5606 0.5102 0.0000	</row1>
					<row2>	0.6161 0.0000 -0.7877 0.0000	</row2>
					<row3>	-0.3556 0.4939 5.1248 1.0000	</row3>
				</transform>
			</node>
			<node>
				<identifier>	MP_FM034_Cooling_tube_INDEX_10	</identifier>
				<transform>
					<row0>	-0.4415 -0.8281 0.3454 0.0000	</row0>
					<row1>	-0.6523 0.5606 0.5102 0.0000	</row1>
					<row2>	-0.6161 0.0000 -0.7877 0.0000	</row2>
					<row3>	0.4421 0.4939 5.0582 1.0000	</row3>
				</transform>
			</node>
			<node>
				<identifier>	MP_FM034_Cooling_tube_INDEX_11	</identifier>
				<transform>
					<row0>	-0.4415 0.8281 -0.3454 0.0000	</row0>
					<row1>	0.6523 0.5606 0.5102 0.0000	</row1>
					<row2>	0.6161 0.0000 -0.7877 0.0000	</row2>
					<row3>	-0.4059 0.4939 5.0857 1.0000	</row3>
				</transform>
			</node>
			<node>
				<identifier>	MP_FM034_Cooling_tube_INDEX_2	</identifier>
				<transform>
					<row0>	-0.4415 0.8281 -0.3454 0.0000	</row0>
					<row1>	0.6523 0.5606 0.5102 0.0000	</row1>
					<row2>	0.6161 0.0000 -0.7877 0.0000	</row2>
					<row3>	-0.3207 0.4939 5.1518 1.0000	</row3>
				</transform>
			</node>
			<node>
				<identifier>	MP_FM034_Cooling_tube_INDEX_3	</identifier>
				<transform>
					<row0>	-0.4415 -0.8281 0.3454 0.0000	</row0>
					<row1>	-0.6523 0.5606 0.5102 0.0000	</row1>
					<row2>	-0.6161 0.0000 -0.7877 0.0000	</row2>
					<row3>	0.3556 0.4939 5.1248 1.0000	</row3>
				</transform>
			</node>
			<node>
				<identifier>	MP_FM034_Cooling_tube_INDEX_4	</identifier>
				<transform>
					<row0>	-0.4415 0.8281 -0.3454 0.0000	</row0>
					<row1>	0.6523 0.5606 0.5102 0.0000	</row1>
					<row2>	0.6161 0.0000 -0.7877 0.0000	</row2>
					<row3>	-0.4421 0.4939 5.0582 1.0000	</row3>
				</transform>
			</node>
			<node>
				<identifier>	MP_FM034_Cooling_tube_INDEX_5	</identifier>
				<transform>
					<row0>	-0.4415 -0.8281 0.3454 0.0000	</row0>
					<row1>	-0.6523 0.5606 0.5102 0.0000	</row1>
					<row2>	-0.6161 0.0000 -0.7877 0.0000	</row2>
					<row3>	0.2704 0.4939 5.1908 1.0000	</row3>
				</transform>
			</node>
			<node>
				<identifier>	MP_FM034_Cooling_tube_INDEX_6	</identifier>
				<transform>
					<row0>	-0.4415 -0.8281 0.3454 0.0000	</row0>
					<row1>	-0.6523 0.5606 0.5102 0.0000	</row1>
					<row2>	-0.6161 0.0000 -0.7877 0.0000	</row2>
					<row3>	0.4059 0.4939 5.0857 1.0000	</row3>
				</transform>
			</node>
			<node>
				<identifier>	MP_FM034_Cooling_tube_INDEX_7	</identifier>
				<transform>
					<row0>	-0.4415 0.8281 -0.3454 0.0000	</row0>
					<row1>	0.6523 0.5606 0.5102 0.0000	</row1>
					<row2>	0.6161 0.0000 -0.7877 0.0000	</row2>
					<row3>	-0.2704 0.4939 5.1908 1.0000	</row3>
				</transform>
			</node>
			<node>
				<identifier>	MP_FM034_Cooling_tube_INDEX_8	</identifier>
				<transform>
					<row0>	-0.4415 -0.8281 0.3454 0.0000	</row0>
					<row1>	-0.6523 0.5606 0.5102 0.0000	</row1>
					<row2>	-0.6161 0.0000 -0.7877 0.0000	</row2>
					<row3>	0.4924 0.4939 5.0191 1.0000	</row3>
				</transform>
			</node>
			<node>
				<identifier>	MP_FM034_Cooling_tube_INDEX_9	</identifier>
				<transform>
					<row0>	-0.4415 0.8281 -0.3454 0.0000	</row0>
					<row1>	0.6523 0.5606 0.5102 0.0000	</row1>
					<row2>	0.6161 0.0000 -0.7877 0.0000	</row2>
					<row3>	-0.4924 0.4939 5.0191 1.0000	</row3>
				</transform>
			</node>
			<node>
				<identifier>	MP_FM701_Ammunition_Box	</identifier>
				<transform>
					<row0>	0.7932 0.0170 0.6088 0.0000	</row0>
					<row1>	0.0000 0.9996 -0.0280 0.0000	</row1>
					<row2>	-0.6090 0.0222 0.7929 0.0000	</row2>
					<row3>	-0.2124 0.4588 4.9540 1.0000	</row3>
				</transform>
			</node>
			<node>
				<identifier>	MP_FM701_Ammunition_Box_INDEX_1	</identifier>
				<transform>
					<row0>	0.7932 0.0170 0.6088 0.0000	</row0>
					<row1>	0.0000 0.9996 -0.0280 0.0000	</row1>
					<row2>	-0.6090 0.0222 0.7929 0.0000	</row2>
					<row3>	-0.3058 0.4568 4.8822 1.0000	</row3>
				</transform>
			</node>
			<node>
				<identifier>	MP_FM701_Ammunition_Box_INDEX_2	</identifier>
				<transform>
					<row0>	0.7932 -0.0170 -0.6088 0.0000	</row0>
					<row1>	0.0000 0.9996 -0.0280 0.0000	</row1>
					<row2>	0.6090 0.0222 0.7929 0.0000	</row2>
					<row3>	0.3954 0.4549 4.8135 1.0000	</row3>
				</transform>
			</node>
			<node>
				<identifier>	MP_FM701_Ammunition_Box_INDEX_3	</identifier>
				<transform>
					<row0>	0.7932 -0.0170 -0.6088 0.0000	</row0>
					<row1>	0.0000 0.9996 -0.0280 0.0000	</row1>
					<row2>	0.6090 0.0222 0.7929 0.0000	</row2>
					<row3>	0.2124 0.4588 4.9540 1.0000	</row3>
				</transform>
			</node>
			<node>
				<identifier>	MP_FM701_Ammunition_Box_INDEX_4	</identifier>
				<transform>
					<row0>	0.7932 -0.0170 -0.6088 0.0000	</row0>
					<row1>	0.0000 0.9996 -0.0280 0.0000	</row1>
					<row2>	0.6090 0.0222 0.7929 0.0000	</row2>
					<row3>	0.3058 0.4568 4.8822 1.0000	</row3>
				</transform>
			</node>
			<node>
				<identifier>	MP_FM701_Ammunition_Box_INDEX_5	</identifier>
				<transform>
					<row0>	0.7932 0.0170 0.6088 0.0000	</row0>
					<row1>	0.0000 0.9996 -0.0280 0.0000	</row1>
					<row2>	-0.6090 0.0222 0.7929 0.0000	</row2>
					<row3>	-0.3954 0.4549 4.8135 1.0000	</row3>
				</transform>
			</node>
			<node>
				<identifier>	MP_FM800_Ventilation	</identifier>
				<transform>
					<row0>	1.0000 0.0000 0.0000 0.0000	</row0>
					<row1>	0.0000 1.0000 0.0000 0.0000	</row1>
					<row2>	0.0000 0.0000 1.0000 0.0000	</row2>
					<row3>	0.3562 0.4363 4.0959 1.0000	</row3>
				</transform>
			</node>
			<node>
				<identifier>	MP_FM851_Mastheadlight	</identifier>
				<transform>
					<row0>	1.0000 0.0000 0.0000 0.0000	</row0>
					<row1>	0.0000 1.0000 0.0000 0.0000	</row1>
					<row2>	0.0000 0.0000 1.0000 0.0000	</row2>
					<row3>	0.0000 0.7937 7.5355 1.0000	</row3>
				</transform>
			</node>
			<node>
				<identifier>	MP_FM950_Anchor_bottom	</identifier>
				<transform>
					<row0>	-0.1675 -0.7334 -0.6588 0.0000	</row0>
					<row1>	0.0794 0.6561 -0.7505 0.0000	</row1>
					<row2>	0.9827 -0.1780 -0.0517 0.0000	</row2>
					<row3>	0.1274 0.2904 7.0447 1.0000	</row3>
				</transform>
			</node>
			<node>
				<identifier>	MP_FM950_Anchor_bottom_INDEX_1	</identifier>
				<transform>
					<row0>	1.0000 0.0000 0.0000 0.0000	</row0>
					<row1>	0.0000 -0.2541 -0.9672 0.0000	</row1>
					<row2>	0.0000 0.9672 -0.2541 0.0000	</row2>
					<row3>	0.0000 0.4232 7.4626 1.0000	</row3>
				</transform>
			</node>
			<node>
				<identifier>	MP_FM950_Anchor_bottom_INDEX_2	</identifier>
				<transform>
					<row0>	-0.1675 0.7334 0.6588 0.0000	</row0>
					<row1>	-0.0794 0.6561 -0.7505 0.0000	</row1>
					<row2>	-0.9827 -0.1780 -0.0517 0.0000	</row2>
					<row3>	-0.1274 0.2904 7.0447 1.0000	</row3>
				</transform>
			</node>
			<node>
				<identifier>	MP_FM951_Anchor_up	</identifier>
				<transform>
					<row0>	1.0000 0.0000 0.0000 0.0000	</row0>
					<row1>	0.0000 0.4155 -0.9096 0.0000	</row1>
					<row2>	0.0000 0.9096 0.4155 0.0000	</row2>
					<row3>	0.0000 0.4232 7.4626 1.0000	</row3>
				</transform>
			</node>
			<node>
				<identifier>	MP_FM951_Anchor_up_INDEX_1	</identifier>
				<transform>
					<row0>	-0.1675 0.7336 0.6586 0.0000	</row0>
					<row1>	0.0893 0.6766 -0.7309 0.0000	</row1>
					<row2>	-0.9818 -0.0636 -0.1788 0.0000	</row2>
					<row3>	-0.1274 0.2904 7.0447 1.0000	</row3>
				</transform>
			</node>
			<node>
				<identifier>	MP_FM951_Anchor_up_INDEX_2	</identifier>
				<transform>
					<row0>	-0.1675 -0.7336 -0.6586 0.0000	</row0>
					<row1>	-0.0893 0.6766 -0.7309 0.0000	</row1>
					<row2>	0.9818 -0.0636 -0.1788 0.0000	</row2>
					<row3>	0.1274 0.2904 7.0447 1.0000	</row3>
				</transform>
			</node>
			<node>
				<identifier>	MP_FM970_Winch_L	</identifier>
				<transform>
					<row0>	-0.9177 -0.0059 -0.3973 0.0000	</row0>
					<row1>	0.0000 0.9999 -0.0146 0.0000	</row1>
					<row2>	0.3974 -0.0134 -0.9176 0.0000	</row2>
					<row3>	-0.3899 0.4338 3.9731 1.0000	</row3>
				</transform>
			</node>
			<node>
				<identifier>	MP_FM971_Winch_R	</identifier>
				<transform>
					<row0>	-0.9171 0.0081 0.3986 0.0000	</row0>
					<row1>	0.0000 0.9998 -0.0201 0.0000	</row1>
					<row2>	-0.3987 -0.0184 -0.9169 0.0000	</row2>
					<row3>	0.3908 0.4342 3.9717 1.0000	</row3>
				</transform>
			</node>
			<node>
				<identifier>	SP_YMS001_YHBM_M_1	</identifier>
				<transform>
					<row0>	1.4000 0.0000 0.0000 0.0000	</row0>
					<row1>	0.0000 1.3934 0.1361 0.0000	</row1>
					<row2>	0.0000 -0.1361 1.3934 0.0000	</row2>
					<row3>	0.0000 0.5594 7.5642 1.0000	</row3>
				</transform>
			</node>
			<node>
				<identifier>	SP_YMS002_YHBL_M_1	</identifier>
				<transform>
					<row0>	1.0982 -0.0006 -0.0625 0.0000	</row0>
					<row1>	-0.0018 1.0991 -0.0435 0.0000	</row1>
					<row2>	0.0624 0.0435 1.0974 0.0000	</row2>
					<row3>	0.0000 0.5720 7.5336 1.0000	</row3>
				</transform>
			</node>
			<node>
				<identifier>	SP_YMS003_YHBR_M_1	</identifier>
				<transform>
					<row0>	1.0982 0.0006 0.0625 0.0000	</row0>
					<row1>	0.0018 1.0991 -0.0435 0.0000	</row1>
					<row2>	-0.0624 0.0435 1.0974 0.0000	</row2>
					<row3>	0.0000 0.5720 7.5336 1.0000	</row3>
				</transform>
			</node>
			<node>
				<identifier>	SP_YMS004_YHXL_L_1	</identifier>
				<transform>
					<row0>	0.7792 0.2819 -0.1603 0.0000	</row0>
					<row1>	-0.2855 0.7942 0.0088 0.0000	</row1>
					<row2>	0.1538 0.0461 0.8286 0.0000	</row2>
					<row3>	-0.1085 0.3257 7.0840 1.0000	</row3>
				</transform>
			</node>
			<node>
				<identifier>	SP_YMS005_YHXR_L_1_INDEX_1	</identifier>
				<transform>
					<row0>	0.7792 -0.2819 0.1603 0.0000	</row0>
					<row1>	0.2855 0.7942 0.0088 0.0000	</row1>
					<row2>	-0.1538 0.0461 0.8286 0.0000	</row2>
					<row3>	0.1085 0.3257 7.0840 1.0000	</row3>
				</transform>
			</node>
			<node>
				<identifier>	SP_YMS010_YHWM_L_1	</identifier>
				<transform>
					<row0>	0.6168 0.0000 0.0000 0.0000	</row0>
					<row1>	0.0000 0.6168 0.0000 0.0000	</row1>
					<row2>	0.0000 0.0000 0.6168 0.0000	</row2>
					<row3>	0.0000 0.0000 7.4545 1.0000	</row3>
				</transform>
			</node>
			<node>
				<identifier>	SP_YMS011_YHWL_M_1_INDEX_2	</identifier>
				<transform>
					<row0>	1.0746 0.0853 -0.2188 0.0000	</row0>
					<row1>	-0.0838 1.0967 0.0163 0.0000	</row1>
					<row2>	0.2194 0.0008 1.0779 0.0000	</row2>
					<row3>	-0.5627 0.0000 4.3620 1.0000	</row3>
				</transform>
			</node>
			<node>
				<identifier>	SP_YMS011_YHWL_M_1_INDEX_3	</identifier>
				<transform>
					<row0>	1.0747 0.1250 -0.1984 0.0000	</row0>
					<row1>	-0.1224 1.0929 0.0254 0.0000	</row1>
					<row2>	0.2000 -0.0028 1.0817 0.0000	</row2>
					<row3>	-0.1967 0.0000 6.2027 1.0000	</row3>
				</transform>
			</node>
			<node>
				<identifier>	SP_YMS011_YHWL_M_1_INDEX_7	</identifier>
				<transform>
					<row0>	1.0676 0.1487 -0.2192 0.0000	</row0>
					<row1>	-0.1459 1.0899 0.0287 0.0000	</row1>
					<row2>	0.2211 0.0012 1.0775 0.0000	</row2>
					<row3>	-0.3757 0.0013 5.2819 1.0000	</row3>
				</transform>
			</node>
			<node>
				<identifier>	SP_YMS012_YHWR_M_1_INDEX_6	</identifier>
				<transform>
					<row0>	1.0747 -0.1250 0.1984 0.0000	</row0>
					<row1>	0.1224 1.0929 0.0254 0.0000	</row1>
					<row2>	-0.2000 -0.0028 1.0817 0.0000	</row2>
					<row3>	0.1967 0.0000 6.2027 1.0000	</row3>
				</transform>
			</node>
			<node>
				<identifier>	SP_YMS012_YHWR_M_1_INDEX_7	</identifier>
				<transform>
					<row0>	1.0746 -0.0853 0.2188 0.0000	</row0>
					<row1>	0.0838 1.0967 0.0163 0.0000	</row1>
					<row2>	-0.2194 0.0008 1.0779 0.0000	</row2>
					<row3>	0.5627 0.0000 4.3620 1.0000	</row3>
				</transform>
			</node>
			<node>
				<identifier>	SP_YMS012_YHWR_M_1_INDEX_9	</identifier>
				<transform>
					<row0>	1.0676 -0.1487 0.2192 0.0000	</row0>
					<row1>	0.1459 1.0899 0.0287 0.0000	</row1>
					<row2>	-0.2211 0.0012 1.0775 0.0000	</row2>
					<row3>	0.3757 0.0013 5.2819 1.0000	</row3>
				</transform>
			</node>
			<node>
				<identifier>	SP_YMS020_YHBU_M_1	</identifier>
				<transform>
					<row0>	1.3000 0.0000 0.0000 0.0000	</row0>
					<row1>	0.0000 1.3000 -0.0087 0.0000	</row1>
					<row2>	0.0000 0.0087 1.3000 0.0000	</row2>
					<row3>	0.0000 -0.1632 7.1943 1.0000	</row3>
				</transform>
			</node>
			<node>
				<identifier>	SP_YMS022_YHUS_L_1	</identifier>
				<transform>
					<row0>	-0.2818 -0.0041 1.4733 0.0000	</row0>
					<row1>	0.5181 1.4039 0.1030 0.0000	</row1>
					<row2>	-1.3792 0.5282 -0.2623 0.0000	</row2>
					<row3>	0.3144 -0.5292 4.5129 1.0000	</row3>
				</transform>
			</node>
			<node>
				<identifier>	SP_YMS022_YHUS_L_1_INDEX_2	</identifier>
				<transform>
					<row0>	-0.2818 0.0041 -1.4733 0.0000	</row0>
					<row1>	-0.5181 1.4039 0.1030 0.0000	</row1>
					<row2>	1.3792 0.5282 -0.2623 0.0000	</row2>
					<row3>	-0.3144 -0.5292 4.5129 1.0000	</row3>
				</transform>
			</node>
			<node>
				<identifier>	SP_YMS080_YHSL_M_1	</identifier>
				<transform>
					<row0>	0.9427 0.2838 -0.1756 0.0000	</row0>
					<row1>	-0.2790 0.9589 0.0520 0.0000	</row1>
					<row2>	0.1831 0.0000 0.9831 0.0000	</row2>
					<row3>	-0.5742 0.2440 4.3998 1.0000	</row3>
				</transform>
			</node>
			<node>
				<identifier>	SP_YMS080_YHSL_M_1_INDEX_2	</identifier>
				<transform>
					<row0>	0.9398 0.2838 -0.1905 0.0000	</row0>
					<row1>	-0.2790 0.9589 0.0520 0.0000	</row1>
					<row2>	0.1974 0.0043 0.9803 0.0000	</row2>
					<row3>	-0.3548 0.2521 5.5323 1.0000	</row3>
				</transform>
			</node>
			<node>
				<identifier>	SP_YMS081_YHSR_M_1	</identifier>
				<transform>
					<row0>	0.9427 -0.2838 0.1756 0.0000	</row0>
					<row1>	0.2790 0.9589 0.0520 0.0000	</row1>
					<row2>	-0.1831 0.0000 0.9831 0.0000	</row2>
					<row3>	0.5742 0.2440 4.3998 1.0000	</row3>
				</transform>
			</node>
			<node>
				<identifier>	SP_YMS081_YHSR_M_1_INDEX_2	</identifier>
				<transform>
					<row0>	0.9398 -0.2838 0.1905 0.0000	</row0>
					<row1>	0.2790 0.9589 0.0520 0.0000	</row1>
					<row2>	-0.1974 0.0043 0.9803 0.0000	</row2>
					<row3>	0.3548 0.2521 5.5323 1.0000	</row3>
				</transform>
			</node>
		</node>
	</node>
	<boundingBox>
		<min>	-0.0667 -0.0667 -0.0667	</min>
		<max>	0.0667 0.0667 0.0667	</max>
	</boundingBox>
</FSC029_Marseille_1944_Bow_ports.visual>
