<RSC007_Kirov_1938_Stern_ports.visual>
	<node>
		<identifier>	Scene Root	</identifier>
		<transform>
			<row0>	1.0000 0.0000 0.0000 0.0000	</row0>
			<row1>	0.0000 1.0000 0.0000 0.0000	</row1>
			<row2>	0.0000 0.0000 1.0000 0.0000	</row2>
			<row3>	0.0000 0.0000 0.0000 1.0000	</row3>
		</transform>
		<node>
			<identifier>	Stern_ports	</identifier>
			<transform>
				<row0>	1.0000 0.0000 0.0000 0.0000	</row0>
				<row1>	0.0000 1.0000 0.0000 0.0000	</row1>
				<row2>	0.0000 0.0000 1.0000 0.0000	</row2>
				<row3>	0.0000 0.0000 0.0000 1.0000	</row3>
			</transform>
			<node>
				<identifier>	HP_FX_Fire_4	</identifier>
				<transform>
					<row0>	1.0000 0.0000 0.0000 0.0000	</row0>
					<row1>	0.0000 1.0000 0.0000 0.0000	</row1>
					<row2>	0.0000 0.0000 1.0000 0.0000	</row2>
					<row3>	0.0000 0.2894 -5.2884 1.0000	</row3>
				</transform>
			</node>
			<node>
				<identifier>	HP_FX_Flood_water_left	</identifier>
				<transform>
					<row0>	-1.0000 0.0000 0.0000 0.0000	</row0>
					<row1>	0.0000 1.0000 0.0000 0.0000	</row1>
					<row2>	0.0000 0.0000 -1.0000 0.0000	</row2>
					<row3>	-0.2551 0.0570 -5.5632 1.0000	</row3>
				</transform>
			</node>
			<node>
				<identifier>	HP_FX_Flood_water_right	</identifier>
				<transform>
					<row0>	1.0000 0.0000 0.0000 0.0000	</row0>
					<row1>	0.0000 1.0000 0.0000 0.0000	</row1>
					<row2>	0.0000 0.0000 1.0000 0.0000	</row2>
					<row3>	0.2585 0.0589 -5.5632 1.0000	</row3>
				</transform>
			</node>
			<node>
				<identifier>	HP_FX_WakeTraceBack	</identifier>
				<transform>
					<row0>	1.0000 0.0000 0.0000 0.0000	</row0>
					<row1>	0.0000 1.0000 0.0000 0.0000	</row1>
					<row2>	0.0000 0.0000 1.0000 0.0000	</row2>
					<row3>	0.0000 0.0000 -6.2576 1.0000	</row3>
				</transform>
			</node>
			<node>
				<identifier>	HP_FX_WakeTrace_screw_1	</identifier>
				<transform>
					<row0>	1.0000 0.0000 0.0000 0.0000	</row0>
					<row1>	0.0000 1.0000 0.0000 0.0000	</row1>
					<row2>	0.0000 0.0000 1.0000 0.0000	</row2>
					<row3>	-0.2173 -0.3318 -5.1930 1.0000	</row3>
				</transform>
			</node>
			<node>
				<identifier>	HP_FX_WakeTrace_screw_2	</identifier>
				<transform>
					<row0>	1.0000 0.0000 0.0000 0.0000	</row0>
					<row1>	0.0000 1.0000 0.0000 0.0000	</row1>
					<row2>	0.0000 0.0000 1.0000 0.0000	</row2>
					<row3>	0.2173 -0.3318 -5.1930 1.0000	</row3>
				</transform>
			</node>
			<node>
				<identifier>	HP_RGB_1	</identifier>
				<transform>
					<row0>	-0.0002 0.0050 1.0000 0.0000	</row0>
					<row1>	-0.0851 0.9964 -0.0050 0.0000	</row1>
					<row2>	-0.9964 -0.0851 0.0002 0.0000	</row2>
					<row3>	-0.2401 0.2764 -5.1211 1.0000	</row3>
				</transform>
			</node>
			<node>
				<identifier>	HP_RGB_2	</identifier>
				<transform>
					<row0>	-0.0002 -0.0050 -1.0000 0.0000	</row0>
					<row1>	0.0851 0.9964 -0.0050 0.0000	</row1>
					<row2>	0.9964 -0.0851 0.0002 0.0000	</row2>
					<row3>	0.2401 0.2764 -5.1211 1.0000	</row3>
				</transform>
			</node>
			<node>
				<identifier>	HP_RGB_3	</identifier>
				<transform>
					<row0>	-0.0002 0.0051 1.0000 0.0000	</row0>
					<row1>	-0.0859 0.9963 -0.0051 0.0000	</row1>
					<row2>	-0.9963 -0.0859 0.0002 0.0000	</row2>
					<row3>	-0.1898 0.2782 -5.6038 1.0000	</row3>
				</transform>
			</node>
			<node>
				<identifier>	HP_RGB_4	</identifier>
				<transform>
					<row0>	-0.0002 -0.0051 -1.0000 0.0000	</row0>
					<row1>	0.0859 0.9963 -0.0051 0.0000	</row1>
					<row2>	0.9963 -0.0859 0.0002 0.0000	</row2>
					<row3>	0.1898 0.2782 -5.6038 1.0000	</row3>
				</transform>
			</node>
			<node>
				<identifier>	HP_RGB_5	</identifier>
				<transform>
					<row0>	-1.0000 -0.0038 0.0010 0.0000	</row0>
					<row1>	-0.0039 0.9749 -0.2224 0.0000	</row1>
					<row2>	-0.0001 -0.2224 -0.9750 0.0000	</row2>
					<row3>	-0.1097 0.2462 -6.1797 1.0000	</row3>
				</transform>
			</node>
			<node>
				<identifier>	HP_RGB_6	</identifier>
				<transform>
					<row0>	-1.0000 -0.0038 0.0010 0.0000	</row0>
					<row1>	-0.0039 0.9749 -0.2224 0.0000	</row1>
					<row2>	-0.0001 -0.2224 -0.9750 0.0000	</row2>
					<row3>	0.1096 0.2456 -6.1822 1.0000	</row3>
				</transform>
			</node>
			<node>
				<identifier>	HP_Ship_death_3	</identifier>
				<transform>
					<row0>	1.0000 0.0000 0.0000 0.0000	</row0>
					<row1>	0.0000 1.0000 0.0000 0.0000	</row1>
					<row2>	0.0000 0.0000 1.0000 0.0000	</row2>
					<row3>	0.0000 0.0000 -4.4506 1.0000	</row3>
				</transform>
			</node>
			<node>
				<identifier>	MP_CM001_Propeller3_L	</identifier>
				<transform>
					<row0>	1.0501 0.0000 -0.0189 0.0000	</row0>
					<row1>	-0.0007 1.0496 -0.0373 0.0000	</row1>
					<row2>	0.0189 0.0373 1.0495 0.0000	</row2>
					<row3>	-0.2173 -0.3318 -5.1930 1.0000	</row3>
				</transform>
			</node>
			<node>
				<identifier>	MP_CM032_Propeller3_R	</identifier>
				<transform>
					<row0>	1.0501 0.0000 0.0189 0.0000	</row0>
					<row1>	0.0007 1.0496 -0.0373 0.0000	</row1>
					<row2>	-0.0189 0.0373 1.0495 0.0000	</row2>
					<row3>	0.2173 -0.3318 -5.1930 1.0000	</row3>
				</transform>
			</node>
			<node>
				<identifier>	MP_CM109_Leadsman_Platform	</identifier>
				<transform>
					<row0>	0.0000 -0.6000 0.0000 0.0000	</row0>
					<row1>	-0.6000 0.0000 0.0000 0.0000	</row1>
					<row2>	0.0000 0.0000 -0.6000 0.0000	</row2>
					<row3>	0.2783 0.2623 -6.2841 1.0000	</row3>
				</transform>
			</node>
			<node>
				<identifier>	MP_CM109_Leadsman_Platform_INDEX_1	</identifier>
				<transform>
					<row0>	0.0000 -0.6000 0.0000 0.0000	</row0>
					<row1>	0.6000 0.0000 0.0000 0.0000	</row1>
					<row2>	0.0000 0.0000 0.6000 0.0000	</row2>
					<row3>	-0.2784 0.2623 -6.2837 1.0000	</row3>
				</transform>
			</node>
			<node>
				<identifier>	MP_CM137_Anchor_Up	</identifier>
				<transform>
					<row0>	-0.5416 0.0000 0.0000 0.0000	</row0>
					<row1>	0.0000 0.4607 0.2847 0.0000	</row1>
					<row2>	0.0000 0.2847 -0.4607 0.0000	</row2>
					<row3>	-0.0003 0.1182 -6.3057 1.0000	</row3>
				</transform>
			</node>
			<node>
				<identifier>	MP_CM138_Anchor_Bottom	</identifier>
				<transform>
					<row0>	0.6008 0.0000 0.0000 0.0000	</row0>
					<row1>	0.0000 0.6008 0.0028 0.0000	</row1>
					<row2>	0.0000 -0.0028 0.6008 0.0000	</row2>
					<row3>	-0.0004 0.1121 -6.3050 1.0000	</row3>
				</transform>
			</node>
			<node>
				<identifier>	MP_RM021_Screened_speed_light	</identifier>
				<transform>
					<row0>	-0.5892 0.0000 0.0000 0.0000	</row0>
					<row1>	0.0000 0.5892 0.0000 0.0000	</row1>
					<row2>	0.0000 0.0000 -0.5892 0.0000	</row2>
					<row3>	0.0129 0.3757 -6.3356 1.0000	</row3>
				</transform>
			</node>
			<node>
				<identifier>	MP_RM054_Life_buoy	</identifier>
				<transform>
					<row0>	0.1278 0.0000 -0.9918 0.0000	</row0>
					<row1>	0.0000 1.0000 0.0000 0.0000	</row1>
					<row2>	0.9918 0.0000 0.1278 0.0000	</row2>
					<row3>	-0.3544 0.3022 -5.6444 1.0000	</row3>
				</transform>
			</node>
			<node>
				<identifier>	MP_RM054_Life_buoy_INDEX_1	</identifier>
				<transform>
					<row0>	0.1278 0.0000 0.9918 0.0000	</row0>
					<row1>	0.0000 1.0000 0.0000 0.0000	</row1>
					<row2>	-0.9918 0.0000 0.1278 0.0000	</row2>
					<row3>	0.3544 0.3022 -5.6444 1.0000	</row3>
				</transform>
			</node>
			<node>
				<identifier>	MP_RM054_Life_buoy_INDEX_2	</identifier>
				<transform>
					<row0>	0.0855 0.0000 0.9963 0.0000	</row0>
					<row1>	0.0000 1.0000 0.0000 0.0000	</row1>
					<row2>	-0.9963 0.0000 0.0855 0.0000	</row2>
					<row3>	0.4445 0.3022 -4.7609 1.0000	</row3>
				</transform>
			</node>
			<node>
				<identifier>	MP_RM054_Life_buoy_INDEX_3	</identifier>
				<transform>
					<row0>	0.0855 0.0000 -0.9963 0.0000	</row0>
					<row1>	0.0000 1.0000 0.0000 0.0000	</row1>
					<row2>	0.9963 0.0000 0.0855 0.0000	</row2>
					<row3>	-0.4445 0.3022 -4.7609 1.0000	</row3>
				</transform>
			</node>
			<node>
				<identifier>	MP_RM075_Fairlead	</identifier>
				<transform>
					<row0>	0.9963 0.0000 0.0854 0.0000	</row0>
					<row1>	0.0000 1.0000 0.0000 0.0000	</row1>
					<row2>	-0.0854 0.0000 0.9963 0.0000	</row2>
					<row3>	-0.4199 0.2634 -4.8272 1.0000	</row3>
				</transform>
			</node>
			<node>
				<identifier>	MP_RM075_Fairlead_INDEX_1	</identifier>
				<transform>
					<row0>	0.9962 0.0000 -0.0873 0.0000	</row0>
					<row1>	0.0000 1.0000 0.0000 0.0000	</row1>
					<row2>	0.0873 0.0000 0.9962 0.0000	</row2>
					<row3>	0.4200 0.2634 -4.8272 1.0000	</row3>
				</transform>
			</node>
			<node>
				<identifier>	MP_RM089_Hatch_black	</identifier>
				<transform>
					<row0>	0.3789 0.0000 0.0000 0.0000	</row0>
					<row1>	0.0000 0.3789 0.0000 0.0000	</row1>
					<row2>	0.0000 0.0000 0.3789 0.0000	</row2>
					<row3>	-0.0574 0.2865 -5.0608 1.0000	</row3>
				</transform>
			</node>
			<node>
				<identifier>	MP_RM089_Hatch_black_INDEX_1	</identifier>
				<transform>
					<row0>	0.3789 0.0000 0.0000 0.0000	</row0>
					<row1>	0.0000 0.3789 0.0000 0.0000	</row1>
					<row2>	0.0000 0.0000 0.3789 0.0000	</row2>
					<row3>	0.0574 0.2865 -5.0608 1.0000	</row3>
				</transform>
			</node>
			<node>
				<identifier>	MP_RM111_Bollard	</identifier>
				<transform>
					<row0>	0.8966 -0.0784 0.0000 0.0000	</row0>
					<row1>	0.0784 0.8966 0.0000 0.0000	</row1>
					<row2>	0.0000 0.0000 0.9000 0.0000	</row2>
					<row3>	0.2737 0.2743 -4.8689 1.0000	</row3>
				</transform>
			</node>
			<node>
				<identifier>	MP_RM111_Bollard_INDEX_1	</identifier>
				<transform>
					<row0>	0.8966 0.0784 0.0000 0.0000	</row0>
					<row1>	-0.0784 0.8966 0.0000 0.0000	</row1>
					<row2>	0.0000 0.0000 0.9000 0.0000	</row2>
					<row3>	-0.2737 0.2743 -4.8689 1.0000	</row3>
				</transform>
			</node>
			<node>
				<identifier>	MP_RM111_Bollard_INDEX_2	</identifier>
				<transform>
					<row0>	0.8988 -0.0471 0.0000 0.0000	</row0>
					<row1>	0.0471 0.8988 0.0000 0.0000	</row1>
					<row2>	0.0000 0.0000 0.9725 0.0000	</row2>
					<row3>	0.0461 0.2870 -5.2458 1.0000	</row3>
				</transform>
			</node>
			<node>
				<identifier>	MP_RM111_Bollard_INDEX_3	</identifier>
				<transform>
					<row0>	0.8988 0.0471 0.0000 0.0000	</row0>
					<row1>	-0.0471 0.8988 0.0000 0.0000	</row1>
					<row2>	0.0000 0.0000 0.9725 0.0000	</row2>
					<row3>	-0.0461 0.2870 -5.2458 1.0000	</row3>
				</transform>
			</node>
			<node>
				<identifier>	MP_RM141_Signal_Lamp	</identifier>
				<transform>
					<row0>	1.0000 0.0000 0.0000 0.0000	</row0>
					<row1>	0.0000 0.9571 -0.2898 0.0000	</row1>
					<row2>	0.0000 0.2898 0.9571 0.0000	</row2>
					<row3>	0.0000 0.8318 -6.4797 1.0000	</row3>
				</transform>
			</node>
			<node>
				<identifier>	MP_RM182_Depth_Charge_BB1	</identifier>
				<transform>
					<row0>	0.0115 -0.0003 -0.9999 0.0000	</row0>
					<row1>	-0.0002 1.0000 -0.0003 0.0000	</row1>
					<row2>	0.9999 0.0002 0.0115 0.0000	</row2>
					<row3>	-0.0494 0.3030 -5.5020 1.0000	</row3>
				</transform>
			</node>
			<node>
				<identifier>	MP_RM182_Depth_Charge_BB1_INDEX_1	</identifier>
				<transform>
					<row0>	0.7089 0.0003 0.7053 0.0000	</row0>
					<row1>	-0.0002 1.0000 -0.0003 0.0000	</row1>
					<row2>	-0.7053 0.0001 0.7089 0.0000	</row2>
					<row3>	0.0380 0.3014 -5.4990 1.0000	</row3>
				</transform>
			</node>
			<node>
				<identifier>	MP_RM182_Depth_Charge_BB1_INDEX_2	</identifier>
				<transform>
					<row0>	-0.7053 0.0000 0.7089 0.0000	</row0>
					<row1>	-0.0002 1.0000 -0.0003 0.0000	</row1>
					<row2>	-0.7089 -0.0003 -0.7053 0.0000	</row2>
					<row3>	0.0285 0.3014 -5.5052 1.0000	</row3>
				</transform>
			</node>
			<node>
				<identifier>	MP_RM182_Depth_Charge_BB1_INDEX_3	</identifier>
				<transform>
					<row0>	-0.7053 0.0000 0.7089 0.0000	</row0>
					<row1>	-0.0002 1.0000 -0.0003 0.0000	</row1>
					<row2>	-0.7089 -0.0003 -0.7053 0.0000	</row2>
					<row3>	0.0565 0.3014 -5.5052 1.0000	</row3>
				</transform>
			</node>
			<node>
				<identifier>	MP_RM182_Depth_Charge_BB1_INDEX_4	</identifier>
				<transform>
					<row0>	-0.7053 0.0000 0.7089 0.0000	</row0>
					<row1>	-0.0002 1.0000 -0.0003 0.0000	</row1>
					<row2>	-0.7089 -0.0003 -0.7053 0.0000	</row2>
					<row3>	0.0005 0.3014 -5.5052 1.0000	</row3>
				</transform>
			</node>
			<node>
				<identifier>	MP_RM182_Depth_Charge_BB1_INDEX_5	</identifier>
				<transform>
					<row0>	0.7089 0.0003 0.7053 0.0000	</row0>
					<row1>	-0.0002 1.0000 -0.0003 0.0000	</row1>
					<row2>	-0.7053 0.0001 0.7089 0.0000	</row2>
					<row3>	0.0099 0.3014 -5.4990 1.0000	</row3>
				</transform>
			</node>
			<node>
				<identifier>	MP_RM183_Depth_Charge_BM1	</identifier>
				<transform>
					<row0>	-0.9949 0.0000 -0.1009 0.0000	</row0>
					<row1>	0.0009 1.0000 -0.0087 0.0000	</row1>
					<row2>	0.1009 -0.0087 -0.9949 0.0000	</row2>
					<row3>	-0.3322 0.2682 -5.6517 1.0000	</row3>
				</transform>
			</node>
			<node>
				<identifier>	MP_RM183_Depth_Charge_BM1_INDEX_1	</identifier>
				<transform>
					<row0>	0.9918 0.0000 -0.1278 0.0000	</row0>
					<row1>	-0.0011 1.0000 -0.0087 0.0000	</row1>
					<row2>	0.1278 0.0087 0.9918 0.0000	</row2>
					<row3>	0.2930 0.2683 -5.9851 1.0000	</row3>
				</transform>
			</node>
			<node>
				<identifier>	MP_RM183_Depth_Charge_BM1_INDEX_10	</identifier>
				<transform>
					<row0>	0.9935 0.0000 -0.1134 0.0000	</row0>
					<row1>	-0.0010 1.0000 -0.0087 0.0000	</row1>
					<row2>	0.1134 0.0087 0.9935 0.0000	</row2>
					<row3>	0.3314 0.2680 -5.6804 1.0000	</row3>
				</transform>
			</node>
			<node>
				<identifier>	MP_RM183_Depth_Charge_BM1_INDEX_11	</identifier>
				<transform>
					<row0>	0.9949 0.0000 -0.1009 0.0000	</row0>
					<row1>	-0.0009 1.0000 -0.0087 0.0000	</row1>
					<row2>	0.1009 0.0087 0.9949 0.0000	</row2>
					<row3>	0.3719 0.2711 -5.3252 1.0000	</row3>
				</transform>
			</node>
			<node>
				<identifier>	MP_RM183_Depth_Charge_BM1_INDEX_12	</identifier>
				<transform>
					<row0>	0.9918 0.0000 -0.1278 0.0000	</row0>
					<row1>	-0.0011 1.0000 -0.0087 0.0000	</row1>
					<row2>	0.1278 0.0087 0.9918 0.0000	</row2>
					<row3>	0.2958 0.2685 -5.9641 1.0000	</row3>
				</transform>
			</node>
			<node>
				<identifier>	MP_RM183_Depth_Charge_BM1_INDEX_13	</identifier>
				<transform>
					<row0>	-0.9949 0.0000 -0.1009 0.0000	</row0>
					<row1>	0.0009 1.0000 -0.0087 0.0000	</row1>
					<row2>	0.1009 -0.0087 -0.9949 0.0000	</row2>
					<row3>	-0.3301 0.2680 -5.6728 1.0000	</row3>
				</transform>
			</node>
			<node>
				<identifier>	MP_RM183_Depth_Charge_BM1_INDEX_14	</identifier>
				<transform>
					<row0>	-0.9920 0.0000 -0.1259 0.0000	</row0>
					<row1>	0.0011 1.0000 -0.0087 0.0000	</row1>
					<row2>	0.1259 -0.0087 -0.9920 0.0000	</row2>
					<row3>	-0.2864 0.2680 -6.0141 1.0000	</row3>
				</transform>
			</node>
			<node>
				<identifier>	MP_RM183_Depth_Charge_BM1_INDEX_15	</identifier>
				<transform>
					<row0>	-0.9970 0.0000 -0.0769 0.0000	</row0>
					<row1>	0.0007 1.0000 -0.0087 0.0000	</row1>
					<row2>	0.0769 -0.0087 -0.9970 0.0000	</row2>
					<row3>	-0.3682 0.2721 -5.3304 1.0000	</row3>
				</transform>
			</node>
			<node>
				<identifier>	MP_RM183_Depth_Charge_BM1_INDEX_16	</identifier>
				<transform>
					<row0>	0.9949 0.0000 -0.1009 0.0000	</row0>
					<row1>	-0.0009 1.0000 -0.0087 0.0000	</row1>
					<row2>	0.1009 0.0087 0.9949 0.0000	</row2>
					<row3>	0.3677 0.2707 -5.3673 1.0000	</row3>
				</transform>
			</node>
			<node>
				<identifier>	MP_RM183_Depth_Charge_BM1_INDEX_17	</identifier>
				<transform>
					<row0>	0.9935 0.0000 -0.1134 0.0000	</row0>
					<row1>	-0.0010 1.0000 -0.0087 0.0000	</row1>
					<row2>	0.1134 0.0087 0.9935 0.0000	</row2>
					<row3>	0.3362 0.2683 -5.6383 1.0000	</row3>
				</transform>
			</node>
			<node>
				<identifier>	MP_RM183_Depth_Charge_BM1_INDEX_2	</identifier>
				<transform>
					<row0>	-0.9949 0.0000 -0.1009 0.0000	</row0>
					<row1>	0.0009 1.0000 -0.0087 0.0000	</row1>
					<row2>	0.1009 -0.0087 -0.9949 0.0000	</row2>
					<row3>	-0.3344 0.2684 -5.6306 1.0000	</row3>
				</transform>
			</node>
			<node>
				<identifier>	MP_RM183_Depth_Charge_BM1_INDEX_3	</identifier>
				<transform>
					<row0>	0.9918 0.0000 -0.1278 0.0000	</row0>
					<row1>	-0.0011 1.0000 -0.0087 0.0000	</row1>
					<row2>	0.1278 0.0087 0.9918 0.0000	</row2>
					<row3>	0.2903 0.2681 -6.0061 1.0000	</row3>
				</transform>
			</node>
			<node>
				<identifier>	MP_RM183_Depth_Charge_BM1_INDEX_4	</identifier>
				<transform>
					<row0>	0.9935 0.0000 -0.1134 0.0000	</row0>
					<row1>	-0.0010 1.0000 -0.0087 0.0000	</row1>
					<row2>	0.1134 0.0087 0.9935 0.0000	</row2>
					<row3>	0.3338 0.2681 -5.6593 1.0000	</row3>
				</transform>
			</node>
			<node>
				<identifier>	MP_RM183_Depth_Charge_BM1_INDEX_5	</identifier>
				<transform>
					<row0>	-0.9970 0.0000 -0.0769 0.0000	</row0>
					<row1>	0.0007 1.0000 -0.0087 0.0000	</row1>
					<row2>	0.0769 -0.0087 -0.9970 0.0000	</row2>
					<row3>	-0.3649 0.2717 -5.3727 1.0000	</row3>
				</transform>
			</node>
			<node>
				<identifier>	MP_RM183_Depth_Charge_BM1_INDEX_6	</identifier>
				<transform>
					<row0>	-0.9970 0.0000 -0.0769 0.0000	</row0>
					<row1>	0.0007 1.0000 -0.0087 0.0000	</row1>
					<row2>	0.0769 -0.0087 -0.9970 0.0000	</row2>
					<row3>	-0.3666 0.2719 -5.3515 1.0000	</row3>
				</transform>
			</node>
			<node>
				<identifier>	MP_RM183_Depth_Charge_BM1_INDEX_7	</identifier>
				<transform>
					<row0>	-0.9920 0.0000 -0.1259 0.0000	</row0>
					<row1>	0.0011 1.0000 -0.0087 0.0000	</row1>
					<row2>	0.1259 -0.0087 -0.9920 0.0000	</row2>
					<row3>	-0.2917 0.2684 -5.9721 1.0000	</row3>
				</transform>
			</node>
			<node>
				<identifier>	MP_RM183_Depth_Charge_BM1_INDEX_8	</identifier>
				<transform>
					<row0>	0.9949 0.0000 -0.1009 0.0000	</row0>
					<row1>	-0.0009 1.0000 -0.0087 0.0000	</row1>
					<row2>	0.1009 0.0087 0.9949 0.0000	</row2>
					<row3>	0.3698 0.2709 -5.3462 1.0000	</row3>
				</transform>
			</node>
			<node>
				<identifier>	MP_RM183_Depth_Charge_BM1_INDEX_9	</identifier>
				<transform>
					<row0>	-0.9920 0.0000 -0.1259 0.0000	</row0>
					<row1>	0.0011 1.0000 -0.0087 0.0000	</row1>
					<row2>	0.1259 -0.0087 -0.9920 0.0000	</row2>
					<row3>	-0.2890 0.2682 -5.9931 1.0000	</row3>
				</transform>
			</node>
			<node>
				<identifier>	MP_RM200_Running_Lights_B	</identifier>
				<transform>
					<row0>	-1.4040 0.0000 0.0000 0.0000	</row0>
					<row1>	0.0000 1.4040 0.0000 0.0000	</row1>
					<row2>	0.0000 0.0000 -1.4040 0.0000	</row2>
					<row3>	0.0000 0.3357 -6.3374 1.0000	</row3>
				</transform>
			</node>
			<node>
				<identifier>	MP_RM202_Screen_Smoke_DA2	</identifier>
				<transform>
					<row0>	-0.1216 0.0053 0.9926 0.0000	</row0>
					<row1>	-0.1460 0.9890 -0.0232 0.0000	</row1>
					<row2>	-0.9818 -0.1478 -0.1195 0.0000	</row2>
					<row3>	-0.2496 0.2672 -6.2332 1.0000	</row3>
				</transform>
			</node>
			<node>
				<identifier>	MP_RM202_Screen_Smoke_DA2_INDEX_1	</identifier>
				<transform>
					<row0>	-0.1216 -0.0086 -0.9925 0.0000	</row0>
					<row1>	0.1460 0.9889 -0.0264 0.0000	</row1>
					<row2>	0.9818 -0.1482 -0.1190 0.0000	</row2>
					<row3>	0.2496 0.2672 -6.2332 1.0000	</row3>
				</transform>
			</node>
			<node>
				<identifier>	MP_RM215_Deck_Hatch	</identifier>
				<transform>
					<row0>	0.0000 0.0000 0.7023 0.0000	</row0>
					<row1>	0.0000 0.8280 0.0000 0.0000	</row1>
					<row2>	-0.8280 0.0000 0.0000 0.0000	</row2>
					<row3>	-0.1048 0.2803 -4.7835 1.0000	</row3>
				</transform>
			</node>
			<node>
				<identifier>	MP_RM215_Deck_Hatch_INDEX_1	</identifier>
				<transform>
					<row0>	0.0000 0.0000 0.7023 0.0000	</row0>
					<row1>	0.0000 0.8280 0.0000 0.0000	</row1>
					<row2>	-0.8280 0.0000 0.0000 0.0000	</row2>
					<row3>	0.1048 0.2803 -4.7835 1.0000	</row3>
				</transform>
			</node>
			<node>
				<identifier>	MP_RM218_Deck_Hatch	</identifier>
				<transform>
					<row0>	1.3041 0.0000 0.0000 0.0000	</row0>
					<row1>	0.0000 1.3041 0.0000 0.0000	</row1>
					<row2>	0.0000 0.0000 1.3041 0.0000	</row2>
					<row3>	-0.0440 0.2851 -6.0708 1.0000	</row3>
				</transform>
			</node>
			<node>
				<identifier>	MP_RM239_Bomb_Bogie	</identifier>
				<transform>
					<row0>	0.0024 -0.0003 0.9300 0.0000	</row0>
					<row1>	-0.0002 1.0000 0.0003 0.0000	</row1>
					<row2>	-1.0000 -0.0002 0.0026 0.0000	</row2>
					<row3>	0.0000 0.2876 -5.5021 1.0000	</row3>
				</transform>
			</node>
			<node>
				<identifier>	MP_RM249_Coat_of_Arms_USSR	</identifier>
				<transform>
					<row0>	-0.8730 0.0000 0.0000 0.0000	</row0>
					<row1>	0.0000 0.8476 -0.2092 0.0000	</row1>
					<row2>	0.0000 -0.2092 -0.8476 0.0000	</row2>
					<row3>	0.0000 0.2119 -6.3118 1.0000	</row3>
				</transform>
			</node>
			<node>
				<identifier>	MP_RM257_Platform_over_Anchor	</identifier>
				<transform>
					<row0>	1.0000 0.0000 0.0000 0.0000	</row0>
					<row1>	0.0000 1.0000 0.0000 0.0000	</row1>
					<row2>	0.0000 0.0000 1.0000 0.0000	</row2>
					<row3>	0.0000 0.2882 -6.1853 1.0000	</row3>
				</transform>
			</node>
			<node>
				<identifier>	MP_RM295_Ventilation	</identifier>
				<transform>
					<row0>	-1.2800 0.0000 0.0000 0.0000	</row0>
					<row1>	0.0000 1.2800 0.0000 0.0000	</row1>
					<row2>	0.0000 0.0000 -1.2800 0.0000	</row2>
					<row3>	-0.0503 0.2704 -4.5574 1.0000	</row3>
				</transform>
			</node>
			<node>
				<identifier>	MP_RM295_Ventilation_INDEX_1	</identifier>
				<transform>
					<row0>	-1.2800 0.0000 0.0000 0.0000	</row0>
					<row1>	0.0000 1.2800 0.0000 0.0000	</row1>
					<row2>	0.0000 0.0000 -1.2800 0.0000	</row2>
					<row3>	-0.0653 0.2688 -5.9540 1.0000	</row3>
				</transform>
			</node>
			<node>
				<identifier>	MP_RM295_Ventilation_INDEX_2	</identifier>
				<transform>
					<row0>	-1.2800 0.0000 0.0000 0.0000	</row0>
					<row1>	0.0000 1.2800 0.0000 0.0000	</row1>
					<row2>	0.0000 0.0000 -1.2800 0.0000	</row2>
					<row3>	-0.0201 0.2723 -4.6489 1.0000	</row3>
				</transform>
			</node>
			<node>
				<identifier>	MP_RM320_Rescue_Eggs	</identifier>
				<transform>
					<row0>	0.1427 0.0002 0.9898 0.0000	</row0>
					<row1>	-0.0087 1.0000 0.0011 0.0000	</row1>
					<row2>	-0.9897 -0.0087 0.1427 0.0000	</row2>
					<row3>	0.3321 0.3237 -5.9095 1.0000	</row3>
				</transform>
			</node>
			<node>
				<identifier>	MP_RM320_Rescue_Eggs_INDEX_1	</identifier>
				<transform>
					<row0>	0.1427 -0.0002 -0.9898 0.0000	</row0>
					<row1>	0.0087 1.0000 0.0011 0.0000	</row1>
					<row2>	0.9897 -0.0087 0.1427 0.0000	</row2>
					<row3>	-0.3321 0.3237 -5.9095 1.0000	</row3>
				</transform>
			</node>
		</node>
	</node>
	<boundingBox>
		<min>	-0.0667 -0.0667 -0.0667	</min>
		<max>	0.0667 0.0667 0.0667	</max>
	</boundingBox>
</RSC007_Kirov_1938_Stern_ports.visual>
