<FSC301_Montcalm_1944_Bow_ports.visual>
	<node>
		<identifier>	Scene Root	</identifier>
		<transform>
			<row0>	1.0000 0.0000 0.0000 0.0000	</row0>
			<row1>	0.0000 1.0000 0.0000 0.0000	</row1>
			<row2>	0.0000 0.0000 1.0000 0.0000	</row2>
			<row3>	0.0000 0.0000 0.0000 1.0000	</row3>
		</transform>
		<node>
			<identifier>	Bow_ports	</identifier>
			<transform>
				<row0>	1.0000 0.0000 0.0000 0.0000	</row0>
				<row1>	0.0000 1.0000 0.0000 0.0000	</row1>
				<row2>	0.0000 0.0000 1.0000 0.0000	</row2>
				<row3>	0.0000 0.0000 0.0000 1.0000	</row3>
			</transform>
			<node>
				<identifier>	HP_FGA_1	</identifier>
				<transform>
					<row0>	0.7071 0.0000 0.7071 0.0000	</row0>
					<row1>	0.0000 1.0000 0.0000 0.0000	</row1>
					<row2>	-0.7071 0.0000 0.7071 0.0000	</row2>
					<row3>	-0.2939 0.4462 4.0850 1.0000	</row3>
				</transform>
			</node>
			<node>
				<identifier>	HP_FGA_2	</identifier>
				<transform>
					<row0>	0.7071 0.0000 -0.7071 0.0000	</row0>
					<row1>	0.0000 1.0000 0.0000 0.0000	</row1>
					<row2>	0.7071 0.0000 0.7071 0.0000	</row2>
					<row3>	0.2939 0.4459 4.0850 1.0000	</row3>
				</transform>
			</node>
			<node>
				<identifier>	HP_FGA_3	</identifier>
				<transform>
					<row0>	0.7071 0.0000 0.7071 0.0000	</row0>
					<row1>	0.0000 1.0000 0.0000 0.0000	</row1>
					<row2>	-0.7071 0.0000 0.7071 0.0000	</row2>
					<row3>	-0.3895 0.4455 3.9028 1.0000	</row3>
				</transform>
			</node>
			<node>
				<identifier>	HP_FGA_4	</identifier>
				<transform>
					<row0>	0.7071 0.0000 -0.7071 0.0000	</row0>
					<row1>	0.0000 1.0000 0.0000 0.0000	</row1>
					<row2>	0.7071 0.0000 0.7071 0.0000	</row2>
					<row3>	0.3895 0.4457 3.9028 1.0000	</row3>
				</transform>
			</node>
			<node>
				<identifier>	HP_FGM_1	</identifier>
				<transform>
					<row0>	1.0000 0.0000 0.0000 0.0000	</row0>
					<row1>	0.0000 1.0000 0.0000 0.0000	</row1>
					<row2>	0.0000 0.0000 1.0000 0.0000	</row2>
					<row3>	0.0000 0.4726 3.2874 1.0000	</row3>
				</transform>
			</node>
			<node>
				<identifier>	HP_FX_Death_1	</identifier>
				<transform>
					<row0>	1.0000 0.0000 0.0000 0.0000	</row0>
					<row1>	0.0000 1.0000 0.0000 0.0000	</row1>
					<row2>	0.0000 0.0000 1.0000 0.0000	</row2>
					<row3>	0.0000 0.0000 3.8824 1.0000	</row3>
				</transform>
			</node>
			<node>
				<identifier>	HP_FX_Fire_1	</identifier>
				<transform>
					<row0>	1.0000 0.0000 0.0000 0.0000	</row0>
					<row1>	0.0000 1.0000 0.0000 0.0000	</row1>
					<row2>	0.0000 0.0000 1.0000 0.0000	</row2>
					<row3>	0.0000 0.4459 4.9949 1.0000	</row3>
				</transform>
			</node>
			<node>
				<identifier>	HP_FX_Flood_water_left_2	</identifier>
				<transform>
					<row0>	-0.9931 0.0000 0.1172 0.0000	</row0>
					<row1>	0.0000 1.0000 0.0000 0.0000	</row1>
					<row2>	-0.1172 0.0000 -0.9931 0.0000	</row2>
					<row3>	-0.4050 0.0179 3.4372 1.0000	</row3>
				</transform>
			</node>
			<node>
				<identifier>	HP_FX_RepairLight_Right_1	</identifier>
				<transform>
					<row0>	1.0000 0.0000 0.0000 0.0000	</row0>
					<row1>	0.0000 1.0000 0.0000 0.0000	</row1>
					<row2>	0.0000 0.0000 1.0000 0.0000	</row2>
					<row3>	0.4712 0.4558 4.0149 1.0000	</row3>
				</transform>
			</node>
			<node>
				<identifier>	HP_FX_WakeTrace	</identifier>
				<transform>
					<row0>	1.0000 0.0000 0.0000 0.0000	</row0>
					<row1>	0.0000 1.0000 0.0000 0.0000	</row1>
					<row2>	0.0000 0.0000 1.0000 0.0000	</row2>
					<row3>	0.0000 0.0000 5.7564 1.0000	</row3>
				</transform>
			</node>
			<node>
				<identifier>	HP_Ship_death_1	</identifier>
				<transform>
					<row0>	1.0000 0.0000 0.0000 0.0000	</row0>
					<row1>	0.0000 1.0000 0.0000 0.0000	</row1>
					<row2>	0.0000 0.0000 1.0000 0.0000	</row2>
					<row3>	0.0000 0.0000 3.1940 1.0000	</row3>
				</transform>
			</node>
			<node>
				<identifier>	MP_CM011_Fire_Fighting_Gear	</identifier>
				<transform>
					<row0>	-0.7071 0.0000 -0.7071 0.0000	</row0>
					<row1>	0.0000 1.0000 0.0000 0.0000	</row1>
					<row2>	0.7071 0.0000 -0.7071 0.0000	</row2>
					<row3>	-0.0905 0.4452 3.7611 1.0000	</row3>
				</transform>
			</node>
			<node>
				<identifier>	MP_CM012_Fire_Hose_Rack_1	</identifier>
				<transform>
					<row0>	-0.8866 0.0000 0.4625 0.0000	</row0>
					<row1>	0.0000 1.0000 0.0000 0.0000	</row1>
					<row2>	-0.4625 0.0000 -0.8866 0.0000	</row2>
					<row3>	-0.1220 0.4972 4.0458 1.0000	</row3>
				</transform>
			</node>
			<node>
				<identifier>	MP_CM012_Fire_Hose_Rack_1_INDEX_1	</identifier>
				<transform>
					<row0>	0.8866 0.0000 0.4625 0.0000	</row0>
					<row1>	0.0000 1.0000 0.0000 0.0000	</row1>
					<row2>	-0.4625 0.0000 0.8866 0.0000	</row2>
					<row3>	0.2592 0.4972 3.7852 1.0000	</row3>
				</transform>
			</node>
			<node>
				<identifier>	MP_CM109_Leadsman_Platform	</identifier>
				<transform>
					<row0>	0.1464 -0.8869 -0.0445 0.0000	</row0>
					<row1>	-0.8486 -0.1530 0.2578 0.0000	</row1>
					<row2>	-0.2616 0.0000 -0.8611 0.0000	</row2>
					<row3>	-0.2534 0.4613 5.4601 1.0000	</row3>
				</transform>
			</node>
			<node>
				<identifier>	MP_CM109_Leadsman_Platform_INDEX_1	</identifier>
				<transform>
					<row0>	-0.1495 -0.8863 -0.0454 0.0000	</row0>
					<row1>	0.8480 -0.1563 0.2577 0.0000	</row1>
					<row2>	-0.2616 0.0000 0.8611 0.0000	</row2>
					<row3>	0.2534 0.4613 5.4601 1.0000	</row3>
				</transform>
			</node>
			<node>
				<identifier>	MP_FM011_Reels	</identifier>
				<transform>
					<row0>	1.2838 0.0000 0.3440 0.0000	</row0>
					<row1>	0.0000 1.3290 0.0000 0.0000	</row1>
					<row2>	-0.3440 0.0000 1.2838 0.0000	</row2>
					<row3>	-0.0463 0.4458 3.6720 1.0000	</row3>
				</transform>
			</node>
			<node>
				<identifier>	MP_FM011_Reels_INDEX_1	</identifier>
				<transform>
					<row0>	1.2838 0.0000 -0.3440 0.0000	</row0>
					<row1>	0.0000 1.3290 0.0000 0.0000	</row1>
					<row2>	0.3440 0.0000 1.2838 0.0000	</row2>
					<row3>	0.0463 0.4458 3.6720 1.0000	</row3>
				</transform>
			</node>
			<node>
				<identifier>	MP_FM015_Life_Buoy	</identifier>
				<transform>
					<row0>	-0.0754 0.0000 -0.9972 0.0000	</row0>
					<row1>	0.0000 1.0000 0.0000 0.0000	</row1>
					<row2>	0.9972 0.0000 -0.0754 0.0000	</row2>
					<row3>	-0.4209 0.5230 4.3988 1.0000	</row3>
				</transform>
			</node>
			<node>
				<identifier>	MP_FM015_Life_Buoy_INDEX_1	</identifier>
				<transform>
					<row0>	-0.0754 0.0000 0.9972 0.0000	</row0>
					<row1>	0.0000 1.0000 0.0000 0.0000	</row1>
					<row2>	-0.9972 0.0000 -0.0754 0.0000	</row2>
					<row3>	0.4209 0.5230 4.3988 1.0000	</row3>
				</transform>
			</node>
			<node>
				<identifier>	MP_FM602_Switch_box	</identifier>
				<transform>
					<row0>	-0.4625 0.0000 -0.8866 0.0000	</row0>
					<row1>	0.0000 1.0000 0.0000 0.0000	</row1>
					<row2>	0.8866 0.0000 -0.4625 0.0000	</row2>
					<row3>	-0.1481 0.5093 3.9971 1.0000	</row3>
				</transform>
			</node>
			<node>
				<identifier>	MP_FM602_Switch_box_INDEX_1	</identifier>
				<transform>
					<row0>	-0.4625 0.0000 -0.8866 0.0000	</row0>
					<row1>	0.0000 1.0000 0.0000 0.0000	</row1>
					<row2>	0.8866 0.0000 -0.4625 0.0000	</row2>
					<row3>	-0.1794 0.5093 3.9370 1.0000	</row3>
				</transform>
			</node>
			<node>
				<identifier>	MP_FM602_Switch_box_INDEX_2	</identifier>
				<transform>
					<row0>	-0.4625 0.0000 0.8866 0.0000	</row0>
					<row1>	0.0000 1.0000 0.0000 0.0000	</row1>
					<row2>	-0.8866 0.0000 -0.4625 0.0000	</row2>
					<row3>	0.1481 0.5093 3.9971 1.0000	</row3>
				</transform>
			</node>
			<node>
				<identifier>	MP_FM602_Switch_box_INDEX_3	</identifier>
				<transform>
					<row0>	-0.4625 0.0000 0.8866 0.0000	</row0>
					<row1>	0.0000 1.0000 0.0000 0.0000	</row1>
					<row2>	-0.8866 0.0000 -0.4625 0.0000	</row2>
					<row3>	0.1794 0.5093 3.9370 1.0000	</row3>
				</transform>
			</node>
			<node>
				<identifier>	MP_FM701_Ammunition_Box	</identifier>
				<transform>
					<row0>	1.0693 0.0000 -0.2580 0.0000	</row0>
					<row1>	0.0000 1.3000 0.0000 0.0000	</row1>
					<row2>	0.2345 0.0000 0.9721 0.0000	</row2>
					<row3>	0.3343 0.4441 3.7736 1.0000	</row3>
				</transform>
			</node>
			<node>
				<identifier>	MP_FM701_Ammunition_Box_INDEX_1	</identifier>
				<transform>
					<row0>	0.3982 0.0000 1.0254 0.0000	</row0>
					<row1>	0.0000 1.3000 0.0000 0.0000	</row1>
					<row2>	-0.9322 0.0000 0.3620 0.0000	</row2>
					<row3>	0.1550 0.4441 4.1150 1.0000	</row3>
				</transform>
			</node>
			<node>
				<identifier>	MP_FM701_Ammunition_Box_INDEX_2	</identifier>
				<transform>
					<row0>	1.0693 0.0000 0.2580 0.0000	</row0>
					<row1>	0.0000 1.3000 0.0000 0.0000	</row1>
					<row2>	-0.2345 0.0000 0.9721 0.0000	</row2>
					<row3>	-0.3343 0.4441 3.7736 1.0000	</row3>
				</transform>
			</node>
			<node>
				<identifier>	MP_FM701_Ammunition_Box_INDEX_3	</identifier>
				<transform>
					<row0>	-0.5114 0.0000 0.9739 0.0000	</row0>
					<row1>	0.0000 1.3000 0.0000 0.0000	</row1>
					<row2>	-0.8854 0.0000 -0.4649 0.0000	</row2>
					<row3>	0.1792 0.4441 3.9990 1.0000	</row3>
				</transform>
			</node>
			<node>
				<identifier>	MP_FM701_Ammunition_Box_INDEX_4	</identifier>
				<transform>
					<row0>	0.3982 0.0000 -1.0254 0.0000	</row0>
					<row1>	0.0000 1.3000 0.0000 0.0000	</row1>
					<row2>	0.9322 0.0000 0.3620 0.0000	</row2>
					<row3>	-0.1550 0.4441 4.1150 1.0000	</row3>
				</transform>
			</node>
			<node>
				<identifier>	MP_FM701_Ammunition_Box_INDEX_5	</identifier>
				<transform>
					<row0>	-0.5114 0.0000 -0.9739 0.0000	</row0>
					<row1>	0.0000 1.3000 0.0000 0.0000	</row1>
					<row2>	0.8854 0.0000 -0.4649 0.0000	</row2>
					<row3>	-0.2480 0.4441 3.8682 1.0000	</row3>
				</transform>
			</node>
			<node>
				<identifier>	MP_FM701_Ammunition_Box_INDEX_6	</identifier>
				<transform>
					<row0>	-0.5114 0.0000 -0.9739 0.0000	</row0>
					<row1>	0.0000 1.3000 0.0000 0.0000	</row1>
					<row2>	0.8854 0.0000 -0.4649 0.0000	</row2>
					<row3>	-0.1792 0.4441 3.9990 1.0000	</row3>
				</transform>
			</node>
			<node>
				<identifier>	MP_FM701_Ammunition_Box_INDEX_7	</identifier>
				<transform>
					<row0>	-0.5114 0.0000 0.9739 0.0000	</row0>
					<row1>	0.0000 1.3000 0.0000 0.0000	</row1>
					<row2>	-0.8854 0.0000 -0.4649 0.0000	</row2>
					<row3>	0.2480 0.4441 3.8682 1.0000	</row3>
				</transform>
			</node>
			<node>
				<identifier>	MP_FM950_Anchor_bottom	</identifier>
				<transform>
					<row0>	-0.4074 0.7012 0.2682 0.0000	</row0>
					<row1>	-0.0899 0.2574 -0.8095 0.0000	</row1>
					<row2>	-0.7454 -0.4143 -0.0490 0.0000	</row2>
					<row3>	-0.2099 0.3555 5.4296 1.0000	</row3>
				</transform>
			</node>
			<node>
				<identifier>	MP_FM950_Anchor_bottom_INDEX_1	</identifier>
				<transform>
					<row0>	-0.4074 -0.7012 -0.2682 0.0000	</row0>
					<row1>	0.0905 0.2571 -0.8095 0.0000	</row1>
					<row2>	0.7453 -0.4145 -0.0483 0.0000	</row2>
					<row3>	0.2099 0.3555 5.4296 1.0000	</row3>
				</transform>
			</node>
			<node>
				<identifier>	MP_FM951_Anchor_up	</identifier>
				<transform>
					<row0>	-0.4074 0.7012 0.2682 0.0000	</row0>
					<row1>	0.1510 0.3755 -0.7522 0.0000	</row1>
					<row2>	-0.7354 -0.3114 -0.3031 0.0000	</row2>
					<row3>	-0.2099 0.3555 5.4296 1.0000	</row3>
				</transform>
			</node>
			<node>
				<identifier>	MP_FM951_Anchor_up_INDEX_1	</identifier>
				<transform>
					<row0>	-0.4074 -0.7012 -0.2682 0.0000	</row0>
					<row1>	-0.1510 0.3755 -0.7522 0.0000	</row1>
					<row2>	0.7354 -0.3114 -0.3031 0.0000	</row2>
					<row3>	0.2099 0.3555 5.4296 1.0000	</row3>
				</transform>
			</node>
			<node>
				<identifier>	MP_FM952_Anchor_Capstan	</identifier>
				<transform>
					<row0>	1.0000 0.0000 0.0000 0.0000	</row0>
					<row1>	0.0000 1.0000 0.0000 0.0000	</row1>
					<row2>	0.0000 0.0000 1.0000 0.0000	</row2>
					<row3>	-0.1313 0.4665 4.2865 1.0000	</row3>
				</transform>
			</node>
			<node>
				<identifier>	MP_FM952_Anchor_Capstan_INDEX_1	</identifier>
				<transform>
					<row0>	1.0000 0.0000 0.0000 0.0000	</row0>
					<row1>	0.0000 1.0000 0.0000 0.0000	</row1>
					<row2>	0.0000 0.0000 1.0000 0.0000	</row2>
					<row3>	0.1313 0.4665 4.2865 1.0000	</row3>
				</transform>
			</node>
		</node>
	</node>
	<boundingBox>
		<min>	-0.0667 -0.0667 -0.0667	</min>
		<max>	0.0667 0.0667 0.0667	</max>
	</boundingBox>
</FSC301_Montcalm_1944_Bow_ports.visual>
