<BAB711_Westland_Wyvern_TFI_proto_lod1.visual>
	<node>
		<identifier>	Scene Root	</identifier>
		<transform>
			<row0>	1.0000 0.0000 0.0000 0.0000	</row0>
			<row1>	0.0000 1.0000 0.0000 0.0000	</row1>
			<row2>	0.0000 0.0000 1.0000 0.0000	</row2>
			<row3>	0.0000 0.0000 0.0000 1.0000	</row3>
		</transform>
		<node>
			<identifier>	Root	</identifier>
			<transform>
				<row0>	1.0000 0.0000 0.0000 0.0000	</row0>
				<row1>	0.0000 1.0000 0.0000 0.0000	</row1>
				<row2>	0.0000 0.0000 1.0000 0.0000	</row2>
				<row3>	0.0000 0.0000 0.0000 1.0000	</row3>
			</transform>
			<node>
				<identifier>	HP_Air_bomb_1	</identifier>
				<transform>
					<row0>	1.0000 0.0000 0.0000 0.0000	</row0>
					<row1>	0.0000 1.0000 0.0000 0.0000	</row1>
					<row2>	0.0000 0.0000 1.0000 0.0000	</row2>
					<row3>	-0.0123 0.0959 -0.0615 1.0000	</row3>
				</transform>
			</node>
			<node>
				<identifier>	HP_Air_bomb_2	</identifier>
				<transform>
					<row0>	1.0000 0.0000 0.0000 0.0000	</row0>
					<row1>	0.0000 1.0000 0.0000 0.0000	</row1>
					<row2>	0.0000 0.0000 1.0000 0.0000	</row2>
					<row3>	0.0122 0.0959 -0.0615 1.0000	</row3>
				</transform>
			</node>
			<node>
				<identifier>	HP_Air_bomb_3	</identifier>
				<transform>
					<row0>	1.0000 0.0000 0.0000 0.0000	</row0>
					<row1>	0.0000 1.0000 0.0000 0.0000	</row1>
					<row2>	0.0000 0.0000 1.0000 0.0000	</row2>
					<row3>	-0.1730 0.0967 -0.0615 1.0000	</row3>
				</transform>
			</node>
			<node>
				<identifier>	HP_Air_bomb_4	</identifier>
				<transform>
					<row0>	1.0000 0.0000 0.0000 0.0000	</row0>
					<row1>	0.0000 1.0000 0.0000 0.0000	</row1>
					<row2>	0.0000 0.0000 1.0000 0.0000	</row2>
					<row3>	0.1731 0.0967 -0.0615 1.0000	</row3>
				</transform>
			</node>
			<node>
				<identifier>	HP_Air_bomb_5	</identifier>
				<transform>
					<row0>	1.0000 0.0000 0.0000 0.0000	</row0>
					<row1>	0.0000 1.0000 0.0000 0.0000	</row1>
					<row2>	0.0000 0.0000 1.0000 0.0000	</row2>
					<row3>	-0.2065 0.1007 -0.0615 1.0000	</row3>
				</transform>
			</node>
			<node>
				<identifier>	HP_Air_bomb_6	</identifier>
				<transform>
					<row0>	1.0000 0.0000 0.0000 0.0000	</row0>
					<row1>	0.0000 1.0000 0.0000 0.0000	</row1>
					<row2>	0.0000 0.0000 1.0000 0.0000	</row2>
					<row3>	0.2065 0.1007 -0.0615 1.0000	</row3>
				</transform>
			</node>
			<node>
				<identifier>	HP_Air_break_1	</identifier>
				<transform>
					<row0>	0.9934 -0.1136 -0.0169 0.0000	</row0>
					<row1>	0.1136 0.9935 -0.0019 0.0000	</row1>
					<row2>	0.0170 0.0000 0.9999 0.0000	</row2>
					<row3>	-0.2027 0.1076 -0.1560 1.0000	</row3>
				</transform>
			</node>
			<node>
				<identifier>	HP_Air_break_2	</identifier>
				<transform>
					<row0>	0.9913 0.1134 0.0674 0.0000	</row0>
					<row1>	-0.1136 0.9935 -0.0019 0.0000	</row1>
					<row2>	-0.0672 -0.0057 0.9977 0.0000	</row2>
					<row3>	0.2027 0.1076 -0.1560 1.0000	</row3>
				</transform>
			</node>
			<node>
				<identifier>	HP_Air_death_1	</identifier>
				<transform>
					<row0>	1.0000 0.0000 0.0000 0.0000	</row0>
					<row1>	0.0000 1.0000 0.0000 0.0000	</row1>
					<row2>	0.0000 0.0000 1.0000 0.0000	</row2>
					<row3>	0.0231 0.1542 -0.2212 1.0000	</row3>
				</transform>
			</node>
			<node>
				<identifier>	HP_Air_enginelight_1	</identifier>
				<transform>
					<row0>	0.1942 0.0000 -0.9810 0.0000	</row0>
					<row1>	0.0000 1.0000 0.0000 0.0000	</row1>
					<row2>	0.9810 0.0000 0.1942 0.0000	</row2>
					<row3>	-0.0398 0.1642 0.0896 1.0000	</row3>
				</transform>
			</node>
			<node>
				<identifier>	HP_Air_enginelight_10	</identifier>
				<transform>
					<row0>	0.1942 0.0000 -0.9810 0.0000	</row0>
					<row1>	0.0000 1.0000 0.0000 0.0000	</row1>
					<row2>	0.9810 0.0000 0.1942 0.0000	</row2>
					<row3>	-0.0404 0.1642 0.0324 1.0000	</row3>
				</transform>
			</node>
			<node>
				<identifier>	HP_Air_enginelight_11	</identifier>
				<transform>
					<row0>	0.1942 0.0000 -0.9810 0.0000	</row0>
					<row1>	0.0000 1.0000 0.0000 0.0000	</row1>
					<row2>	0.9810 0.0000 0.1942 0.0000	</row2>
					<row3>	-0.0405 0.1642 0.0260 1.0000	</row3>
				</transform>
			</node>
			<node>
				<identifier>	HP_Air_enginelight_12	</identifier>
				<transform>
					<row0>	0.1942 0.0000 -0.9810 0.0000	</row0>
					<row1>	0.0000 1.0000 0.0000 0.0000	</row1>
					<row2>	0.9810 0.0000 0.1942 0.0000	</row2>
					<row3>	-0.0406 0.1642 0.0197 1.0000	</row3>
				</transform>
			</node>
			<node>
				<identifier>	HP_Air_enginelight_13	</identifier>
				<transform>
					<row0>	0.1818 0.0000 0.9833 0.0000	</row0>
					<row1>	0.0000 1.0000 0.0000 0.0000	</row1>
					<row2>	-0.9833 0.0000 0.1818 0.0000	</row2>
					<row3>	0.0399 0.1642 0.0897 1.0000	</row3>
				</transform>
			</node>
			<node>
				<identifier>	HP_Air_enginelight_14	</identifier>
				<transform>
					<row0>	0.1818 0.0000 0.9833 0.0000	</row0>
					<row1>	0.0000 1.0000 0.0000 0.0000	</row1>
					<row2>	-0.9833 0.0000 0.1818 0.0000	</row2>
					<row3>	0.0399 0.1642 0.0833 1.0000	</row3>
				</transform>
			</node>
			<node>
				<identifier>	HP_Air_enginelight_15	</identifier>
				<transform>
					<row0>	0.1818 0.0000 0.9833 0.0000	</row0>
					<row1>	0.0000 1.0000 0.0000 0.0000	</row1>
					<row2>	-0.9833 0.0000 0.1818 0.0000	</row2>
					<row3>	0.0401 0.1642 0.0771 1.0000	</row3>
				</transform>
			</node>
			<node>
				<identifier>	HP_Air_enginelight_16	</identifier>
				<transform>
					<row0>	0.1818 0.0000 0.9833 0.0000	</row0>
					<row1>	0.0000 1.0000 0.0000 0.0000	</row1>
					<row2>	-0.9833 0.0000 0.1818 0.0000	</row2>
					<row3>	0.0401 0.1642 0.0704 1.0000	</row3>
				</transform>
			</node>
			<node>
				<identifier>	HP_Air_enginelight_17	</identifier>
				<transform>
					<row0>	0.1818 0.0000 0.9833 0.0000	</row0>
					<row1>	0.0000 1.0000 0.0000 0.0000	</row1>
					<row2>	-0.9833 0.0000 0.1818 0.0000	</row2>
					<row3>	0.0403 0.1642 0.0641 1.0000	</row3>
				</transform>
			</node>
			<node>
				<identifier>	HP_Air_enginelight_18	</identifier>
				<transform>
					<row0>	0.1818 0.0000 0.9833 0.0000	</row0>
					<row1>	0.0000 1.0000 0.0000 0.0000	</row1>
					<row2>	-0.9833 0.0000 0.1818 0.0000	</row2>
					<row3>	0.0403 0.1642 0.0578 1.0000	</row3>
				</transform>
			</node>
			<node>
				<identifier>	HP_Air_enginelight_19	</identifier>
				<transform>
					<row0>	0.1818 0.0000 0.9833 0.0000	</row0>
					<row1>	0.0000 1.0000 0.0000 0.0000	</row1>
					<row2>	-0.9833 0.0000 0.1818 0.0000	</row2>
					<row3>	0.0403 0.1642 0.0515 1.0000	</row3>
				</transform>
			</node>
			<node>
				<identifier>	HP_Air_enginelight_2	</identifier>
				<transform>
					<row0>	0.1942 0.0000 -0.9810 0.0000	</row0>
					<row1>	0.0000 1.0000 0.0000 0.0000	</row1>
					<row2>	0.9810 0.0000 0.1942 0.0000	</row2>
					<row3>	-0.0398 0.1642 0.0832 1.0000	</row3>
				</transform>
			</node>
			<node>
				<identifier>	HP_Air_enginelight_20	</identifier>
				<transform>
					<row0>	0.1818 0.0000 0.9833 0.0000	</row0>
					<row1>	0.0000 1.0000 0.0000 0.0000	</row1>
					<row2>	-0.9833 0.0000 0.1818 0.0000	</row2>
					<row3>	0.0404 0.1642 0.0453 1.0000	</row3>
				</transform>
			</node>
			<node>
				<identifier>	HP_Air_enginelight_21	</identifier>
				<transform>
					<row0>	0.1818 0.0000 0.9833 0.0000	</row0>
					<row1>	0.0000 1.0000 0.0000 0.0000	</row1>
					<row2>	-0.9833 0.0000 0.1818 0.0000	</row2>
					<row3>	0.0405 0.1642 0.0388 1.0000	</row3>
				</transform>
			</node>
			<node>
				<identifier>	HP_Air_enginelight_22	</identifier>
				<transform>
					<row0>	0.1818 0.0000 0.9833 0.0000	</row0>
					<row1>	0.0000 1.0000 0.0000 0.0000	</row1>
					<row2>	-0.9833 0.0000 0.1818 0.0000	</row2>
					<row3>	0.0405 0.1642 0.0326 1.0000	</row3>
				</transform>
			</node>
			<node>
				<identifier>	HP_Air_enginelight_23	</identifier>
				<transform>
					<row0>	0.1818 0.0000 0.9833 0.0000	</row0>
					<row1>	0.0000 1.0000 0.0000 0.0000	</row1>
					<row2>	-0.9833 0.0000 0.1818 0.0000	</row2>
					<row3>	0.0406 0.1642 0.0263 1.0000	</row3>
				</transform>
			</node>
			<node>
				<identifier>	HP_Air_enginelight_24	</identifier>
				<transform>
					<row0>	0.1818 0.0000 0.9833 0.0000	</row0>
					<row1>	0.0000 1.0000 0.0000 0.0000	</row1>
					<row2>	-0.9833 0.0000 0.1818 0.0000	</row2>
					<row3>	0.0406 0.1642 0.0203 1.0000	</row3>
				</transform>
			</node>
			<node>
				<identifier>	HP_Air_enginelight_3	</identifier>
				<transform>
					<row0>	0.1942 0.0000 -0.9810 0.0000	</row0>
					<row1>	0.0000 1.0000 0.0000 0.0000	</row1>
					<row2>	0.9810 0.0000 0.1942 0.0000	</row2>
					<row3>	-0.0399 0.1642 0.0769 1.0000	</row3>
				</transform>
			</node>
			<node>
				<identifier>	HP_Air_enginelight_4	</identifier>
				<transform>
					<row0>	0.1942 0.0000 -0.9810 0.0000	</row0>
					<row1>	0.0000 1.0000 0.0000 0.0000	</row1>
					<row2>	0.9810 0.0000 0.1942 0.0000	</row2>
					<row3>	-0.0400 0.1642 0.0705 1.0000	</row3>
				</transform>
			</node>
			<node>
				<identifier>	HP_Air_enginelight_5	</identifier>
				<transform>
					<row0>	0.1942 0.0000 -0.9810 0.0000	</row0>
					<row1>	0.0000 1.0000 0.0000 0.0000	</row1>
					<row2>	0.9810 0.0000 0.1942 0.0000	</row2>
					<row3>	-0.0401 0.1642 0.0642 1.0000	</row3>
				</transform>
			</node>
			<node>
				<identifier>	HP_Air_enginelight_6	</identifier>
				<transform>
					<row0>	0.1942 0.0000 -0.9810 0.0000	</row0>
					<row1>	0.0000 1.0000 0.0000 0.0000	</row1>
					<row2>	0.9810 0.0000 0.1942 0.0000	</row2>
					<row3>	-0.0401 0.1642 0.0578 1.0000	</row3>
				</transform>
			</node>
			<node>
				<identifier>	HP_Air_enginelight_7	</identifier>
				<transform>
					<row0>	0.1942 0.0000 -0.9810 0.0000	</row0>
					<row1>	0.0000 1.0000 0.0000 0.0000	</row1>
					<row2>	0.9810 0.0000 0.1942 0.0000	</row2>
					<row3>	-0.0402 0.1642 0.0515 1.0000	</row3>
				</transform>
			</node>
			<node>
				<identifier>	HP_Air_enginelight_8	</identifier>
				<transform>
					<row0>	0.1942 0.0000 -0.9810 0.0000	</row0>
					<row1>	0.0000 1.0000 0.0000 0.0000	</row1>
					<row2>	0.9810 0.0000 0.1942 0.0000	</row2>
					<row3>	-0.0403 0.1642 0.0451 1.0000	</row3>
				</transform>
			</node>
			<node>
				<identifier>	HP_Air_enginelight_9	</identifier>
				<transform>
					<row0>	0.1942 0.0000 -0.9810 0.0000	</row0>
					<row1>	0.0000 1.0000 0.0000 0.0000	</row1>
					<row2>	0.9810 0.0000 0.1942 0.0000	</row2>
					<row3>	-0.0403 0.1642 0.0388 1.0000	</row3>
				</transform>
			</node>
			<node>
				<identifier>	HP_Air_fire_1	</identifier>
				<transform>
					<row0>	1.0000 0.0000 0.0000 0.0000	</row0>
					<row1>	0.0000 1.0000 0.0000 0.0000	</row1>
					<row2>	0.0000 0.0000 1.0000 0.0000	</row2>
					<row3>	-0.0419 0.1642 0.0451 1.0000	</row3>
				</transform>
			</node>
			<node>
				<identifier>	HP_Air_fire_2	</identifier>
				<transform>
					<row0>	1.0000 0.0000 0.0000 0.0000	</row0>
					<row1>	0.0000 1.0000 0.0000 0.0000	</row1>
					<row2>	0.0000 0.0000 1.0000 0.0000	</row2>
					<row3>	0.0435 0.1642 0.0771 1.0000	</row3>
				</transform>
			</node>
			<node>
				<identifier>	HP_Air_fire_3	</identifier>
				<transform>
					<row0>	1.0000 0.0000 0.0000 0.0000	</row0>
					<row1>	0.0000 1.0000 0.0000 0.0000	</row1>
					<row2>	0.0000 0.0000 1.0000 0.0000	</row2>
					<row3>	0.3567 0.1424 -0.0953 1.0000	</row3>
				</transform>
			</node>
			<node>
				<identifier>	HP_Air_fire_4	</identifier>
				<transform>
					<row0>	1.0000 0.0000 0.0000 0.0000	</row0>
					<row1>	0.0000 1.0000 0.0000 0.0000	</row1>
					<row2>	0.0000 0.0000 1.0000 0.0000	</row2>
					<row3>	0.1292 0.1278 -0.1053 1.0000	</row3>
				</transform>
			</node>
			<node>
				<identifier>	HP_Air_fire_5	</identifier>
				<transform>
					<row0>	1.0000 0.0000 0.0000 0.0000	</row0>
					<row1>	0.0000 1.0000 0.0000 0.0000	</row1>
					<row2>	0.0000 0.0000 1.0000 0.0000	</row2>
					<row3>	-0.3393 0.1424 -0.0919 1.0000	</row3>
				</transform>
			</node>
			<node>
				<identifier>	HP_Air_fire_6	</identifier>
				<transform>
					<row0>	1.0000 0.0000 0.0000 0.0000	</row0>
					<row1>	0.0000 1.0000 0.0000 0.0000	</row1>
					<row2>	0.0000 0.0000 1.0000 0.0000	</row2>
					<row3>	-0.1365 0.1727 -0.5297 1.0000	</row3>
				</transform>
			</node>
			<node>
				<identifier>	HP_Air_fire_7	</identifier>
				<transform>
					<row0>	1.0000 0.0000 0.0000 0.0000	</row0>
					<row1>	0.0000 1.0000 0.0000 0.0000	</row1>
					<row2>	0.0000 0.0000 1.0000 0.0000	</row2>
					<row3>	0.0000 0.1359 -0.4444 1.0000	</row3>
				</transform>
			</node>
			<node>
				<identifier>	HP_Air_flytrail_1	</identifier>
				<transform>
					<row0>	1.0000 0.0000 0.0000 0.0000	</row0>
					<row1>	0.0000 1.0000 0.0000 0.0000	</row1>
					<row2>	0.0000 0.0000 1.0000 0.0000	</row2>
					<row3>	-0.4477 0.1368 -0.0929 1.0000	</row3>
				</transform>
			</node>
			<node>
				<identifier>	HP_Air_flytrail_2	</identifier>
				<transform>
					<row0>	1.0000 0.0000 0.0000 0.0000	</row0>
					<row1>	0.0000 1.0000 0.0000 0.0000	</row1>
					<row2>	0.0000 0.0000 1.0000 0.0000	</row2>
					<row3>	0.4482 0.1368 -0.0929 1.0000	</row3>
				</transform>
			</node>
			<node>
				<identifier>	HP_Air_gunfire_1	</identifier>
				<transform>
					<row0>	1.0000 0.0000 0.0000 0.0000	</row0>
					<row1>	0.0000 1.0000 0.0000 0.0000	</row1>
					<row2>	0.0000 0.0000 1.0000 0.0000	</row2>
					<row3>	-0.1549 0.1123 0.0010 1.0000	</row3>
				</transform>
			</node>
			<node>
				<identifier>	HP_Air_gunfire_2	</identifier>
				<transform>
					<row0>	1.0000 0.0000 0.0000 0.0000	</row0>
					<row1>	0.0000 1.0000 0.0000 0.0000	</row1>
					<row2>	0.0000 0.0000 1.0000 0.0000	</row2>
					<row3>	-0.1896 0.1142 -0.0013 1.0000	</row3>
				</transform>
			</node>
			<node>
				<identifier>	HP_Air_gunfire_3	</identifier>
				<transform>
					<row0>	1.0000 0.0000 0.0000 0.0000	</row0>
					<row1>	0.0000 1.0000 0.0000 0.0000	</row1>
					<row2>	0.0000 0.0000 1.0000 0.0000	</row2>
					<row3>	0.1538 0.1123 0.0010 1.0000	</row3>
				</transform>
			</node>
			<node>
				<identifier>	HP_Air_gunfire_4	</identifier>
				<transform>
					<row0>	1.0000 0.0000 0.0000 0.0000	</row0>
					<row1>	0.0000 1.0000 0.0000 0.0000	</row1>
					<row2>	0.0000 0.0000 1.0000 0.0000	</row2>
					<row3>	0.1896 0.1142 -0.0013 1.0000	</row3>
				</transform>
			</node>
			<node>
				<identifier>	HP_Air_ricochet_1	</identifier>
				<transform>
					<row0>	1.0000 0.0000 0.0000 0.0000	</row0>
					<row1>	0.0000 1.0000 0.0000 0.0000	</row1>
					<row2>	0.0000 0.0000 1.0000 0.0000	</row2>
					<row3>	0.3174 0.1326 -0.1143 1.0000	</row3>
				</transform>
			</node>
			<node>
				<identifier>	HP_Air_ricochet_2	</identifier>
				<transform>
					<row0>	1.0000 0.0000 0.0000 0.0000	</row0>
					<row1>	0.0000 1.0000 0.0000 0.0000	</row1>
					<row2>	0.0000 0.0000 1.0000 0.0000	</row2>
					<row3>	-0.2856 0.1326 -0.1060 1.0000	</row3>
				</transform>
			</node>
			<node>
				<identifier>	HP_Air_ricochet_3	</identifier>
				<transform>
					<row0>	1.0000 0.0000 0.0000 0.0000	</row0>
					<row1>	0.0000 1.0000 0.0000 0.0000	</row1>
					<row2>	0.0000 0.0000 1.0000 0.0000	</row2>
					<row3>	0.0021 0.1934 0.0700 1.0000	</row3>
				</transform>
			</node>
			<node>
				<identifier>	HP_Air_ricochet_4	</identifier>
				<transform>
					<row0>	1.0000 0.0000 0.0000 0.0000	</row0>
					<row1>	0.0000 1.0000 0.0000 0.0000	</row1>
					<row2>	0.0000 0.0000 1.0000 0.0000	</row2>
					<row3>	0.1025 0.1727 -0.5322 1.0000	</row3>
				</transform>
			</node>
			<node>
				<identifier>	HP_Air_ricochet_5	</identifier>
				<transform>
					<row0>	1.0000 0.0000 0.0000 0.0000	</row0>
					<row1>	0.0000 1.0000 0.0000 0.0000	</row1>
					<row2>	0.0000 0.0000 1.0000 0.0000	</row2>
					<row3>	-0.1088 0.1727 -0.5073 1.0000	</row3>
				</transform>
			</node>
			<node>
				<identifier>	HP_Air_ricochet_6	</identifier>
				<transform>
					<row0>	1.0000 0.0000 0.0000 0.0000	</row0>
					<row1>	0.0000 1.0000 0.0000 0.0000	</row1>
					<row2>	0.0000 0.0000 1.0000 0.0000	</row2>
					<row3>	-0.0159 0.1959 -0.3306 1.0000	</row3>
				</transform>
			</node>
			<node>
				<identifier>	HP_Air_rocket_1	</identifier>
				<transform>
					<row0>	0.9937 -0.1122 0.0000 0.0000	</row0>
					<row1>	0.1122 0.9937 0.0000 0.0000	</row1>
					<row2>	0.0000 0.0000 1.0000 0.0000	</row2>
					<row3>	-0.1530 0.0831 -0.1049 1.0000	</row3>
				</transform>
			</node>
			<node>
				<identifier>	HP_Air_rocket_10	</identifier>
				<transform>
					<row0>	0.9937 0.1122 0.0000 0.0000	</row0>
					<row1>	-0.1122 0.9937 0.0000 0.0000	</row1>
					<row2>	0.0000 0.0000 1.0000 0.0000	</row2>
					<row3>	0.2096 0.0879 -0.1066 1.0000	</row3>
				</transform>
			</node>
			<node>
				<identifier>	HP_Air_rocket_11	</identifier>
				<transform>
					<row0>	0.9937 -0.1122 0.0000 0.0000	</row0>
					<row1>	0.1122 0.9937 0.0000 0.0000	</row1>
					<row2>	0.0000 0.0000 1.0000 0.0000	</row2>
					<row3>	-0.2109 0.0764 -0.1077 1.0000	</row3>
				</transform>
			</node>
			<node>
				<identifier>	HP_Air_rocket_12	</identifier>
				<transform>
					<row0>	0.9937 0.1122 0.0000 0.0000	</row0>
					<row1>	-0.1122 0.9937 0.0000 0.0000	</row1>
					<row2>	0.0000 0.0000 1.0000 0.0000	</row2>
					<row3>	0.2109 0.0758 -0.1060 1.0000	</row3>
				</transform>
			</node>
			<node>
				<identifier>	HP_Air_rocket_13	</identifier>
				<transform>
					<row0>	0.9937 -0.1122 0.0000 0.0000	</row0>
					<row1>	0.1122 0.9937 0.0000 0.0000	</row1>
					<row2>	0.0000 0.0000 1.0000 0.0000	</row2>
					<row3>	-0.2298 0.0905 -0.1077 1.0000	</row3>
				</transform>
			</node>
			<node>
				<identifier>	HP_Air_rocket_14	</identifier>
				<transform>
					<row0>	0.9937 0.1122 0.0000 0.0000	</row0>
					<row1>	-0.1122 0.9937 0.0000 0.0000	</row1>
					<row2>	0.0000 0.0000 1.0000 0.0000	</row2>
					<row3>	0.2298 0.0902 -0.1098 1.0000	</row3>
				</transform>
			</node>
			<node>
				<identifier>	HP_Air_rocket_15	</identifier>
				<transform>
					<row0>	0.9937 -0.1122 0.0000 0.0000	</row0>
					<row1>	0.1122 0.9937 0.0000 0.0000	</row1>
					<row2>	0.0000 0.0000 1.0000 0.0000	</row2>
					<row3>	-0.2311 0.0786 -0.1077 1.0000	</row3>
				</transform>
			</node>
			<node>
				<identifier>	HP_Air_rocket_16	</identifier>
				<transform>
					<row0>	0.9937 0.1122 0.0000 0.0000	</row0>
					<row1>	-0.1122 0.9937 0.0000 0.0000	</row1>
					<row2>	0.0000 0.0000 1.0000 0.0000	</row2>
					<row3>	0.2312 0.0783 -0.1098 1.0000	</row3>
				</transform>
			</node>
			<node>
				<identifier>	HP_Air_rocket_2	</identifier>
				<transform>
					<row0>	0.9963 0.0859 0.0000 0.0000	</row0>
					<row1>	-0.0859 0.9963 0.0000 0.0000	</row1>
					<row2>	0.0000 0.0000 1.0000 0.0000	</row2>
					<row3>	0.1530 0.0834 -0.1026 1.0000	</row3>
				</transform>
			</node>
			<node>
				<identifier>	HP_Air_rocket_3	</identifier>
				<transform>
					<row0>	0.9937 -0.1122 0.0000 0.0000	</row0>
					<row1>	0.1122 0.9937 0.0000 0.0000	</row1>
					<row2>	0.0000 0.0000 1.0000 0.0000	</row2>
					<row3>	-0.1544 0.0712 -0.1049 1.0000	</row3>
				</transform>
			</node>
			<node>
				<identifier>	HP_Air_rocket_4	</identifier>
				<transform>
					<row0>	0.9963 0.0859 0.0000 0.0000	</row0>
					<row1>	-0.0859 0.9963 0.0000 0.0000	</row1>
					<row2>	0.0000 0.0000 1.0000 0.0000	</row2>
					<row3>	0.1540 0.0715 -0.1026 1.0000	</row3>
				</transform>
			</node>
			<node>
				<identifier>	HP_Air_rocket_5	</identifier>
				<transform>
					<row0>	0.9937 -0.1122 0.0000 0.0000	</row0>
					<row1>	0.1122 0.9937 0.0000 0.0000	</row1>
					<row2>	0.0000 0.0000 1.0000 0.0000	</row2>
					<row3>	-0.1734 0.0841 -0.1049 1.0000	</row3>
				</transform>
			</node>
			<node>
				<identifier>	HP_Air_rocket_6	</identifier>
				<transform>
					<row0>	0.9963 0.0859 0.0000 0.0000	</row0>
					<row1>	-0.0859 0.9963 0.0000 0.0000	</row1>
					<row2>	0.0000 0.0000 1.0000 0.0000	</row2>
					<row3>	0.1736 0.0838 -0.1026 1.0000	</row3>
				</transform>
			</node>
			<node>
				<identifier>	HP_Air_rocket_7	</identifier>
				<transform>
					<row0>	0.9937 -0.1122 0.0000 0.0000	</row0>
					<row1>	0.1122 0.9937 0.0000 0.0000	</row1>
					<row2>	0.0000 0.0000 1.0000 0.0000	</row2>
					<row3>	-0.1748 0.0722 -0.1049 1.0000	</row3>
				</transform>
			</node>
			<node>
				<identifier>	HP_Air_rocket_8	</identifier>
				<transform>
					<row0>	0.9963 0.0859 0.0000 0.0000	</row0>
					<row1>	-0.0859 0.9963 0.0000 0.0000	</row1>
					<row2>	0.0000 0.0000 1.0000 0.0000	</row2>
					<row3>	0.1746 0.0717 -0.1026 1.0000	</row3>
				</transform>
			</node>
			<node>
				<identifier>	HP_Air_rocket_9	</identifier>
				<transform>
					<row0>	0.9937 -0.1122 0.0000 0.0000	</row0>
					<row1>	0.1122 0.9937 0.0000 0.0000	</row1>
					<row2>	0.0000 0.0000 1.0000 0.0000	</row2>
					<row3>	-0.2095 0.0882 -0.1077 1.0000	</row3>
				</transform>
			</node>
			<node>
				<identifier>	HP_Air_sleeve_1	</identifier>
				<transform>
					<row0>	1.0000 0.0000 0.0000 0.0000	</row0>
					<row1>	0.0000 1.0000 0.0000 0.0000	</row1>
					<row2>	0.0000 0.0000 1.0000 0.0000	</row2>
					<row3>	0.1923 0.1019 -0.1108 1.0000	</row3>
				</transform>
			</node>
			<node>
				<identifier>	HP_Air_sleeve_2	</identifier>
				<transform>
					<row0>	1.0000 0.0000 0.0000 0.0000	</row0>
					<row1>	0.0000 1.0000 0.0000 0.0000	</row1>
					<row2>	0.0000 0.0000 1.0000 0.0000	</row2>
					<row3>	0.1563 0.0971 -0.1108 1.0000	</row3>
				</transform>
			</node>
			<node>
				<identifier>	HP_Air_sleeve_3	</identifier>
				<transform>
					<row0>	1.0000 0.0000 0.0000 0.0000	</row0>
					<row1>	0.0000 1.0000 0.0000 0.0000	</row1>
					<row2>	0.0000 0.0000 1.0000 0.0000	</row2>
					<row3>	-0.1553 0.0971 -0.1108 1.0000	</row3>
				</transform>
			</node>
			<node>
				<identifier>	HP_Air_sleeve_4	</identifier>
				<transform>
					<row0>	1.0000 0.0000 0.0000 0.0000	</row0>
					<row1>	0.0000 1.0000 0.0000 0.0000	</row1>
					<row2>	0.0000 0.0000 1.0000 0.0000	</row2>
					<row3>	-0.1908 0.1019 -0.1108 1.0000	</row3>
				</transform>
			</node>
			<node>
				<identifier>	HP_Air_torpedo_1	</identifier>
				<transform>
					<row0>	1.0000 0.0000 0.0000 0.0000	</row0>
					<row1>	0.0000 1.0000 0.0000 0.0000	</row1>
					<row2>	0.0000 0.0000 1.0000 0.0000	</row2>
					<row3>	0.0000 0.0813 -0.2446 1.0000	</row3>
				</transform>
			</node>
			<node>
				<identifier>	HP_jato_1	</identifier>
				<transform>
					<row0>	0.9636 0.0000 -0.2672 0.0000	</row0>
					<row1>	-0.0737 0.9613 -0.2656 0.0000	</row1>
					<row2>	0.2569 0.2756 0.9263 0.0000	</row2>
					<row3>	-0.0226 0.1020 -0.0884 1.0000	</row3>
				</transform>
			</node>
			<node>
				<identifier>	HP_jato_2	</identifier>
				<transform>
					<row0>	0.9636 0.0000 0.2672 0.0000	</row0>
					<row1>	0.0737 0.9613 -0.2656 0.0000	</row1>
					<row2>	-0.2569 0.2756 0.9263 0.0000	</row2>
					<row3>	0.0225 0.1020 -0.0884 1.0000	</row3>
				</transform>
			</node>
			<node>
				<identifier>	Root_BlendBone	</identifier>
				<transform>
					<row0>	1.0000 0.0000 0.0000 0.0000	</row0>
					<row1>	0.0000 1.0000 0.0000 0.0000	</row1>
					<row2>	0.0000 0.0000 -1.0000 0.0000	</row2>
					<row3>	0.0000 0.0000 0.0000 1.0000	</row3>
				</transform>
			</node>
			<node>
				<identifier>	elevator_1	</identifier>
				<transform>
					<row0>	1.0000 0.0000 0.0000 0.0000	</row0>
					<row1>	0.0000 1.0000 0.0000 0.0000	</row1>
					<row2>	0.0000 0.0000 1.0000 0.0000	</row2>
					<row3>	0.0000 0.1684 -0.5384 1.0000	</row3>
				</transform>
				<node>
					<identifier>	elevator_1_BlendBone	</identifier>
					<transform>
						<row0>	1.0000 0.0000 0.0000 0.0000	</row0>
						<row1>	0.0000 1.0000 0.0000 0.0000	</row1>
						<row2>	0.0000 0.0000 -1.0000 0.0000	</row2>
						<row3>	0.0000 -0.1684 0.5384 1.0000	</row3>
					</transform>
				</node>
			</node>
			<node>
				<identifier>	l_ailerone_1	</identifier>
				<transform>
					<row0>	0.9636 -0.0990 -0.2485 0.0000	</row0>
					<row1>	0.1022 0.9948 0.0000 0.0000	</row1>
					<row2>	0.2472 -0.0254 0.9686 0.0000	</row2>
					<row3>	-0.2337 0.1146 -0.1596 1.0000	</row3>
				</transform>
				<node>
					<identifier>	l_ailerone_1_BlendBone	</identifier>
					<transform>
						<row0>	0.9636 0.1022 0.2472 0.0000	</row0>
						<row1>	-0.0990 0.9948 -0.0254 0.0000	</row1>
						<row2>	0.2485 0.0000 -0.9686 0.0000	</row2>
						<row3>	0.1968 -0.0902 0.2153 1.0000	</row3>
					</transform>
				</node>
			</node>
			<node>
				<identifier>	l_flaps_1	</identifier>
				<transform>
					<row0>	0.9931 -0.1159 -0.0187 0.0000	</row0>
					<row1>	0.1159 0.9933 0.0000 0.0000	</row1>
					<row2>	0.0185 -0.0022 0.9998 0.0000	</row2>
					<row3>	-0.2341 0.1112 -0.1554 1.0000	</row3>
				</transform>
				<node>
					<identifier>	l_flaps_1_BlendBone	</identifier>
					<transform>
						<row0>	0.9931 0.1159 0.0185 0.0000	</row0>
						<row1>	-0.1159 0.9933 -0.0022 0.0000	</row1>
						<row2>	0.0187 0.0000 -0.9998 0.0000	</row2>
						<row3>	0.2424 -0.0834 0.1600 1.0000	</row3>
					</transform>
				</node>
			</node>
			<node>
				<identifier>	l_flaps_2	</identifier>
				<transform>
					<row0>	1.0000 0.0000 0.0000 0.0000	</row0>
					<row1>	0.0000 1.0000 0.0000 0.0000	</row1>
					<row2>	0.0000 0.0000 1.0000 0.0000	</row2>
					<row3>	0.0000 0.1076 -0.1705 1.0000	</row3>
				</transform>
				<node>
					<identifier>	l_flaps_2_BlendBone	</identifier>
					<transform>
						<row0>	1.0000 0.0000 0.0000 0.0000	</row0>
						<row1>	0.0000 1.0000 0.0000 0.0000	</row1>
						<row2>	0.0000 0.0000 -1.0000 0.0000	</row2>
						<row3>	0.0000 -0.1076 0.1705 1.0000	</row3>
					</transform>
				</node>
			</node>
			<node>
				<identifier>	r_ailerone_1	</identifier>
				<transform>
					<row0>	0.9636 0.0990 0.2485 0.0000	</row0>
					<row1>	-0.1022 0.9948 0.0000 0.0000	</row1>
					<row2>	-0.2472 -0.0254 0.9686 0.0000	</row2>
					<row3>	0.2337 0.1146 -0.1596 1.0000	</row3>
				</transform>
				<node>
					<identifier>	r_ailerone_1_BlendBone	</identifier>
					<transform>
						<row0>	0.9636 -0.1022 -0.2472 0.0000	</row0>
						<row1>	0.0990 0.9948 -0.0254 0.0000	</row1>
						<row2>	-0.2485 0.0000 -0.9686 0.0000	</row2>
						<row3>	-0.1968 -0.0902 0.2153 1.0000	</row3>
					</transform>
				</node>
			</node>
			<node>
				<identifier>	r_flaps_1	</identifier>
				<transform>
					<row0>	0.9931 0.1159 0.0187 0.0000	</row0>
					<row1>	-0.1159 0.9933 0.0000 0.0000	</row1>
					<row2>	-0.0185 -0.0022 0.9998 0.0000	</row2>
					<row3>	0.2340 0.1112 -0.1554 1.0000	</row3>
				</transform>
				<node>
					<identifier>	r_flaps_1_BlendBone	</identifier>
					<transform>
						<row0>	0.9931 -0.1159 -0.0185 0.0000	</row0>
						<row1>	0.1159 0.9933 -0.0022 0.0000	</row1>
						<row2>	-0.0187 0.0000 -0.9998 0.0000	</row2>
						<row3>	-0.2424 -0.0834 0.1600 1.0000	</row3>
					</transform>
				</node>
			</node>
			<node>
				<identifier>	rudder_1	</identifier>
				<transform>
					<row0>	1.0000 0.0000 0.0000 0.0000	</row0>
					<row1>	0.0000 0.9999 0.0158 0.0000	</row1>
					<row2>	0.0000 -0.0158 0.9999 0.0000	</row2>
					<row3>	0.0000 0.2537 -0.5250 1.0000	</row3>
				</transform>
				<node>
					<identifier>	rudder_1_BlendBone	</identifier>
					<transform>
						<row0>	1.0000 0.0000 0.0000 0.0000	</row0>
						<row1>	0.0000 0.9999 -0.0158 0.0000	</row1>
						<row2>	0.0000 -0.0158 -0.9999 0.0000	</row2>
						<row3>	0.0000 -0.2453 0.5290 1.0000	</row3>
					</transform>
				</node>
			</node>
		</node>
		<node>
			<identifier>	hull	</identifier>
			<transform>
				<row0>	1.0000 0.0000 0.0000 0.0000	</row0>
				<row1>	0.0000 1.0000 0.0000 0.0000	</row1>
				<row2>	0.0000 0.0000 1.0000 0.0000	</row2>
				<row3>	0.0000 0.0000 0.0000 1.0000	</row3>
			</transform>
			<node>
				<identifier>	chassis_off_BlendBone	</identifier>
				<transform>
					<row0>	1.0000 0.0000 0.0000 0.0000	</row0>
					<row1>	0.0000 1.0000 0.0000 0.0000	</row1>
					<row2>	0.0000 0.0000 1.0000 0.0000	</row2>
					<row3>	0.0000 0.0000 0.0000 1.0000	</row3>
				</transform>
			</node>
			<node>
				<identifier>	chassis_on_BlendBone	</identifier>
				<transform>
					<row0>	1.0000 0.0000 0.0000 0.0000	</row0>
					<row1>	0.0000 1.0000 0.0000 0.0000	</row1>
					<row2>	0.0000 0.0000 1.0000 0.0000	</row2>
					<row3>	0.0000 0.0000 0.0000 1.0000	</row3>
				</transform>
			</node>
			<node>
				<identifier>	mod	</identifier>
				<transform>
					<row0>	1.0000 0.0000 0.0000 0.0000	</row0>
					<row1>	0.0000 1.0000 0.0000 0.0000	</row1>
					<row2>	0.0000 0.0000 1.0000 0.0000	</row2>
					<row3>	0.0000 0.0000 0.0000 1.0000	</row3>
				</transform>
			</node>
			<node>
				<identifier>	propeller_mod_l	</identifier>
				<transform>
					<row0>	1.0000 0.0000 0.0000 0.0000	</row0>
					<row1>	0.0000 1.0000 0.0000 0.0000	</row1>
					<row2>	0.0000 0.0000 1.0000 0.0000	</row2>
					<row3>	0.0000 0.1506 0.1906 1.0000	</row3>
				</transform>
				<node>
					<identifier>	disc_1	</identifier>
					<transform>
						<row0>	1.0000 0.0000 0.0000 0.0000	</row0>
						<row1>	0.0000 1.0000 0.0000 0.0000	</row1>
						<row2>	0.0000 0.0000 1.0000 0.0000	</row2>
						<row3>	0.0000 0.0000 0.0000 1.0000	</row3>
					</transform>
				</node>
				<node>
					<identifier>	disc_cap_1	</identifier>
					<transform>
						<row0>	1.0000 0.0000 0.0000 0.0000	</row0>
						<row1>	0.0000 1.0000 0.0000 0.0000	</row1>
						<row2>	0.0000 0.0000 1.0000 0.0000	</row2>
						<row3>	0.0000 0.0000 0.0000 1.0000	</row3>
					</transform>
				</node>
			</node>
			<node>
				<identifier>	propeller_mod_r	</identifier>
				<transform>
					<row0>	1.0000 0.0000 0.0000 0.0000	</row0>
					<row1>	0.0000 1.0000 0.0000 0.0000	</row1>
					<row2>	0.0000 0.0000 1.0000 0.0000	</row2>
					<row3>	0.0000 0.1506 0.1663 1.0000	</row3>
				</transform>
				<node>
					<identifier>	disc	</identifier>
					<transform>
						<row0>	1.0000 0.0000 0.0000 0.0000	</row0>
						<row1>	0.0000 1.0000 0.0000 0.0000	</row1>
						<row2>	0.0000 0.0000 1.0000 0.0000	</row2>
						<row3>	0.0000 0.0000 0.0000 1.0000	</row3>
					</transform>
				</node>
				<node>
					<identifier>	disc_cap	</identifier>
					<transform>
						<row0>	1.0000 0.0000 0.0000 0.0000	</row0>
						<row1>	0.0000 1.0000 0.0000 0.0000	</row1>
						<row2>	0.0000 0.0000 1.0000 0.0000	</row2>
						<row3>	0.0000 0.0000 0.0000 1.0000	</row3>
					</transform>
				</node>
			</node>
			<node>
				<identifier>	pylon_bomb_default_BlendBone	</identifier>
				<transform>
					<row0>	1.0000 0.0000 0.0000 0.0000	</row0>
					<row1>	0.0000 1.0000 0.0000 0.0000	</row1>
					<row2>	0.0000 0.0000 1.0000 0.0000	</row2>
					<row3>	0.0000 0.0000 0.0000 1.0000	</row3>
				</transform>
			</node>
			<node>
				<identifier>	pylon_rocket_default_BlendBone	</identifier>
				<transform>
					<row0>	1.0000 0.0000 0.0000 0.0000	</row0>
					<row1>	0.0000 1.0000 0.0000 0.0000	</row1>
					<row2>	0.0000 0.0000 1.0000 0.0000	</row2>
					<row3>	0.0000 0.0000 0.0000 1.0000	</row3>
				</transform>
			</node>
			<node>
				<identifier>	pylon_torpedo_default_BlendBone	</identifier>
				<transform>
					<row0>	1.0000 0.0000 0.0000 0.0000	</row0>
					<row1>	0.0000 1.0000 0.0000 0.0000	</row1>
					<row2>	0.0000 0.0000 1.0000 0.0000	</row2>
					<row3>	0.0000 0.0000 0.0000 1.0000	</row3>
				</transform>
			</node>
		</node>
	</node>
	<renderSet>
		<treatAsWorldSpaceObject>	false	</treatAsWorldSpaceObject>
		<node>	chassis_off_BlendBone	</node>
		<geometry>
			<vertices>	chassis_off_BlendBone_lod1Shape.vertices	</vertices>
			<primitive>	chassis_off_BlendBone_lod1Shape.indices	</primitive>
			<primitiveGroup>	0
				<material>
					<identifier>	SHIPMAT_PBS_Other	</identifier>
					<mfm>	PnFMods/ModsSDK.zip/BSA210_Audacious/aircraft/BAB711_Westland_Wyvern_TFI.mfm	</mfm>
				</material>
			</primitiveGroup>
		</geometry>
	</renderSet>
	<renderSet>
		<treatAsWorldSpaceObject>	false	</treatAsWorldSpaceObject>
		<node>	chassis_on_BlendBone	</node>
		<geometry>
			<vertices>	chassis_on_BlendBone_lod1Shape.vertices	</vertices>
			<primitive>	chassis_on_BlendBone_lod1Shape.indices	</primitive>
			<primitiveGroup>	0
				<material>
					<identifier>	SHIPMAT_PBS_Other	</identifier>
					<mfm>	PnFMods/ModsSDK.zip/BSA210_Audacious/aircraft/BAB711_Westland_Wyvern_TFI.mfm	</mfm>
				</material>
			</primitiveGroup>
		</geometry>
	</renderSet>
	<renderSet>
		<treatAsWorldSpaceObject>	false	</treatAsWorldSpaceObject>
		<node>	disc_1	</node>
		<geometry>
			<vertices>	disc_1_lod1Shape.vertices	</vertices>
			<primitive>	disc_1_lod1Shape.indices	</primitive>
			<primitiveGroup>	0
				<material>
					<identifier>	PROPELLERMAT_propeller	</identifier>
					<mfm>	PnFMods/ModsSDK.zip/BSA210_Audacious/aircraft/UK_Disk_4Blade_01_alpha.mfm	</mfm>
				</material>
			</primitiveGroup>
		</geometry>
	</renderSet>
	<renderSet>
		<treatAsWorldSpaceObject>	false	</treatAsWorldSpaceObject>
		<node>	disc_cap_1	</node>
		<geometry>
			<vertices>	disc_cap_1_lod1Shape.vertices	</vertices>
			<primitive>	disc_cap_1_lod1Shape.indices	</primitive>
			<primitiveGroup>	0
				<material>
					<identifier>	SHIPMAT_PBS_Other	</identifier>
					<mfm>	PnFMods/ModsSDK.zip/BSA210_Audacious/aircraft/BAB711_Westland_Wyvern_TFI.mfm	</mfm>
				</material>
			</primitiveGroup>
		</geometry>
	</renderSet>
	<renderSet>
		<treatAsWorldSpaceObject>	false	</treatAsWorldSpaceObject>
		<node>	disc_cap	</node>
		<geometry>
			<vertices>	disc_cap_lod1Shape.vertices	</vertices>
			<primitive>	disc_cap_lod1Shape.indices	</primitive>
			<primitiveGroup>	0
				<material>
					<identifier>	SHIPMAT_PBS_Other	</identifier>
					<mfm>	PnFMods/ModsSDK.zip/BSA210_Audacious/aircraft/BAB711_Westland_Wyvern_TFI.mfm	</mfm>
				</material>
			</primitiveGroup>
		</geometry>
	</renderSet>
	<renderSet>
		<treatAsWorldSpaceObject>	false	</treatAsWorldSpaceObject>
		<node>	disc	</node>
		<geometry>
			<vertices>	disc_lod1Shape.vertices	</vertices>
			<primitive>	disc_lod1Shape.indices	</primitive>
			<primitiveGroup>	0
				<material>
					<identifier>	PROPELLERMAT_propeller	</identifier>
					<mfm>	PnFMods/ModsSDK.zip/BSA210_Audacious/aircraft/UK_Disk_4Blade_01_alpha.mfm	</mfm>
				</material>
			</primitiveGroup>
		</geometry>
	</renderSet>
	<renderSet>
		<treatAsWorldSpaceObject>	true	</treatAsWorldSpaceObject>
		<node>	Root_BlendBone	</node>
		<node>	l_ailerone_1_BlendBone	</node>
		<node>	l_flaps_1_BlendBone	</node>
		<node>	l_flaps_2_BlendBone	</node>
		<node>	r_ailerone_1_BlendBone	</node>
		<node>	r_flaps_1_BlendBone	</node>
		<node>	elevator_1_BlendBone	</node>
		<node>	rudder_1_BlendBone	</node>
		<geometry>
			<vertices>	hull_lod1Shape.vertices	</vertices>
			<primitive>	hull_lod1Shape.indices	</primitive>
			<primitiveGroup>	0
				<material>
					<identifier>	SHIPMAT_PBS_Hull_skinned	</identifier>
					<mfm>	PnFMods/ModsSDK.zip/BSA210_Audacious/aircraft/BAB711_Westland_Wyvern_TFI_skinned.mfm	</mfm>
				</material>
			</primitiveGroup>
		</geometry>
	</renderSet>
	<renderSet>
		<treatAsWorldSpaceObject>	false	</treatAsWorldSpaceObject>
		<node>	mod	</node>
		<geometry>
			<vertices>	mod_lod1Shape.vertices	</vertices>
			<primitive>	mod_lod1Shape.indices	</primitive>
			<primitiveGroup>	0
				<material>
					<identifier>	SHIPMAT_PBS_Other	</identifier>
					<mfm>	PnFMods/ModsSDK.zip/BSA210_Audacious/aircraft/BAB711_Westland_Wyvern_TFI.mfm	</mfm>
				</material>
			</primitiveGroup>
		</geometry>
	</renderSet>
	<renderSet>
		<treatAsWorldSpaceObject>	false	</treatAsWorldSpaceObject>
		<node>	pylon_bomb_default_BlendBone	</node>
		<geometry>
			<vertices>	pylon_bomb_default_BlendBone_lodShape1.vertices	</vertices>
			<primitive>	pylon_bomb_default_BlendBone_lodShape1.indices	</primitive>
			<primitiveGroup>	0
				<material>
					<identifier>	SHIPMAT_PBS_Other	</identifier>
					<mfm>	PnFMods/ModsSDK.zip/BSA210_Audacious/aircraft/BAB711_Westland_Wyvern_TFI.mfm	</mfm>
				</material>
			</primitiveGroup>
		</geometry>
	</renderSet>
	<renderSet>
		<treatAsWorldSpaceObject>	false	</treatAsWorldSpaceObject>
		<node>	pylon_rocket_default_BlendBone	</node>
		<geometry>
			<vertices>	pylon_rocket_default_BlendBone_lod1Shape.vertices	</vertices>
			<primitive>	pylon_rocket_default_BlendBone_lod1Shape.indices	</primitive>
			<primitiveGroup>	0
				<material>
					<identifier>	SHIPMAT_PBS_Other	</identifier>
					<mfm>	PnFMods/ModsSDK.zip/BSA210_Audacious/aircraft/BAB711_Westland_Wyvern_TFI.mfm	</mfm>
				</material>
			</primitiveGroup>
		</geometry>
	</renderSet>
	<renderSet>
		<treatAsWorldSpaceObject>	false	</treatAsWorldSpaceObject>
		<node>	pylon_torpedo_default_BlendBone	</node>
		<geometry>
			<vertices>	pylon_torpedo_default_BlendBone_lod1Shape.vertices	</vertices>
			<primitive>	pylon_torpedo_default_BlendBone_lod1Shape.indices	</primitive>
			<primitiveGroup>	0
				<material>
					<identifier>	SHIPMAT_PBS_Other	</identifier>
					<mfm>	PnFMods/ModsSDK.zip/BSA210_Audacious/aircraft/BAB711_Westland_Wyvern_TFI.mfm	</mfm>
				</material>
			</primitiveGroup>
		</geometry>
	</renderSet>
	<boundingBox>
		<min>	-0.4469 0.0000 -0.5828	</min>
		<max>	0.4469 0.3220 0.2573	</max>
	</boundingBox>
</BAB711_Westland_Wyvern_TFI_proto_lod1.visual>
