<RSD025_Minsk_1943_MidBack_ports.visual>
	<node>
		<identifier>	Scene Root	</identifier>
		<transform>
			<row0>	1.0000 0.0000 0.0000 0.0000	</row0>
			<row1>	0.0000 1.0000 0.0000 0.0000	</row1>
			<row2>	0.0000 0.0000 1.0000 0.0000	</row2>
			<row3>	0.0000 0.0000 0.0000 1.0000	</row3>
		</transform>
		<node>
			<identifier>	MidBack_ports	</identifier>
			<transform>
				<row0>	1.0000 0.0000 0.0000 0.0000	</row0>
				<row1>	0.0000 1.0000 0.0000 0.0000	</row1>
				<row2>	0.0000 0.0000 1.0000 0.0000	</row2>
				<row3>	0.0000 0.0000 0.0000 1.0000	</row3>
			</transform>
			<node>
				<identifier>	HP_FX_Fire_3	</identifier>
				<transform>
					<row0>	1.0000 0.0000 0.0000 0.0000	</row0>
					<row1>	0.0000 1.0000 0.0000 0.0000	</row1>
					<row2>	0.0000 0.0000 1.0000 0.0000	</row2>
					<row3>	0.0000 0.1668 -1.2350 1.0000	</row3>
				</transform>
			</node>
			<node>
				<identifier>	HP_FX_Fire_3_side_1	</identifier>
				<transform>
					<row0>	1.0000 0.0000 0.0000 0.0000	</row0>
					<row1>	0.0000 1.0000 0.0000 0.0000	</row1>
					<row2>	0.0000 0.0000 1.0000 0.0000	</row2>
					<row3>	-0.2843 0.1524 -0.0846 1.0000	</row3>
				</transform>
			</node>
			<node>
				<identifier>	HP_FX_Fire_3_side_2	</identifier>
				<transform>
					<row0>	1.0000 0.0000 0.0000 0.0000	</row0>
					<row1>	0.0000 1.0000 0.0000 0.0000	</row1>
					<row2>	0.0000 0.0000 1.0000 0.0000	</row2>
					<row3>	0.2813 0.1524 -0.4810 1.0000	</row3>
				</transform>
			</node>
			<node>
				<identifier>	HP_FX_Flood_steam_1	</identifier>
				<transform>
					<row0>	1.0000 0.0000 0.0000 0.0000	</row0>
					<row1>	0.0000 0.9431 -0.3325 0.0000	</row1>
					<row2>	0.0000 0.3325 0.9431 0.0000	</row2>
					<row3>	-0.0250 0.7731 -1.1007 1.0000	</row3>
				</transform>
			</node>
			<node>
				<identifier>	HP_FX_Flood_steam_exhaust_1	</identifier>
				<transform>
					<row0>	1.0000 0.0000 0.0000 0.0000	</row0>
					<row1>	0.0000 0.9735 -0.2285 0.0000	</row1>
					<row2>	0.0000 0.2285 0.9735 0.0000	</row2>
					<row3>	0.0020 0.8616 -0.8156 1.0000	</row3>
				</transform>
			</node>
			<node>
				<identifier>	HP_FX_Flood_water_left	</identifier>
				<transform>
					<row0>	-1.0000 0.0000 0.0000 0.0000	</row0>
					<row1>	0.0000 1.0000 0.0000 0.0000	</row1>
					<row2>	0.0000 0.0000 -1.0000 0.0000	</row2>
					<row3>	-0.3839 0.0063 -1.0278 1.0000	</row3>
				</transform>
			</node>
			<node>
				<identifier>	HP_FX_Flood_water_right	</identifier>
				<transform>
					<row0>	1.0000 0.0000 0.0000 0.0000	</row0>
					<row1>	0.0000 1.0000 0.0000 0.0000	</row1>
					<row2>	0.0000 0.0000 1.0000 0.0000	</row2>
					<row3>	0.3839 0.0074 -1.0269 1.0000	</row3>
				</transform>
			</node>
			<node>
				<identifier>	HP_FX_Smoke_2	</identifier>
				<transform>
					<row0>	1.0000 0.0000 0.0000 0.0000	</row0>
					<row1>	0.0000 0.9983 -0.0580 0.0000	</row1>
					<row2>	0.0000 0.0580 0.9983 0.0000	</row2>
					<row3>	0.0000 0.7703 -0.9337 1.0000	</row3>
				</transform>
			</node>
			<node>
				<identifier>	HP_Flagpole	</identifier>
				<transform>
					<row0>	0.7273 0.0000 0.0000 0.0000	</row0>
					<row1>	0.0000 0.7273 0.0000 0.0000	</row1>
					<row2>	0.0000 0.0000 0.7273 0.0000	</row2>
					<row3>	0.0000 1.1911 -0.6639 1.0000	</row3>
				</transform>
			</node>
			<node>
				<identifier>	HP_RGA_5	</identifier>
				<transform>
					<row0>	0.8660 0.0000 0.5000 0.0000	</row0>
					<row1>	0.0000 1.0000 0.0000 0.0000	</row1>
					<row2>	-0.5000 0.0000 0.8660 0.0000	</row2>
					<row3>	-0.1770 0.3394 -0.7005 1.0000	</row3>
				</transform>
			</node>
			<node>
				<identifier>	HP_RGA_6	</identifier>
				<transform>
					<row0>	0.8660 0.0000 -0.5000 0.0000	</row0>
					<row1>	0.0000 1.0000 0.0000 0.0000	</row1>
					<row2>	0.5000 0.0000 0.8660 0.0000	</row2>
					<row3>	0.1770 0.3394 -0.7005 1.0000	</row3>
				</transform>
			</node>
			<node>
				<identifier>	HP_RGA_7	</identifier>
				<transform>
					<row0>	0.0000 0.0000 1.0000 0.0000	</row0>
					<row1>	0.0000 1.0000 0.0000 0.0000	</row1>
					<row2>	-1.0000 0.0000 0.0000 0.0000	</row2>
					<row3>	-0.1377 0.4880 -1.1544 1.0000	</row3>
				</transform>
			</node>
			<node>
				<identifier>	HP_RGA_8	</identifier>
				<transform>
					<row0>	0.0000 0.0000 -1.0000 0.0000	</row0>
					<row1>	0.0000 1.0000 0.0000 0.0000	</row1>
					<row2>	1.0000 0.0000 0.0000 0.0000	</row2>
					<row3>	0.1377 0.4880 -1.1544 1.0000	</row3>
				</transform>
			</node>
			<node>
				<identifier>	HP_RGT_1	</identifier>
				<transform>
					<row0>	1.0000 0.0000 0.0000 0.0000	</row0>
					<row1>	0.0000 1.0000 0.0000 0.0000	</row1>
					<row2>	0.0000 0.0000 1.0000 0.0000	</row2>
					<row3>	0.0000 0.1970 -0.2589 1.0000	</row3>
				</transform>
			</node>
			<node>
				<identifier>	HP_RGT_2	</identifier>
				<transform>
					<row0>	1.0000 0.0000 0.0000 0.0000	</row0>
					<row1>	0.0000 1.0000 0.0000 0.0000	</row1>
					<row2>	0.0000 0.0000 1.0000 0.0000	</row2>
					<row3>	0.0000 0.1970 -1.6178 1.0000	</row3>
				</transform>
			</node>
			<node>
				<identifier>	HP_Ship_death_2	</identifier>
				<transform>
					<row0>	1.0000 0.0000 0.0000 0.0000	</row0>
					<row1>	0.0000 1.0000 0.0000 0.0000	</row1>
					<row2>	0.0000 0.0000 1.0000 0.0000	</row2>
					<row3>	0.0000 0.0000 0.2127 1.0000	</row3>
				</transform>
			</node>
			<node>
				<identifier>	HP_flag_nation	</identifier>
				<transform>
					<row0>	0.9999 0.0124 -0.0011 0.0000	</row0>
					<row1>	-0.0124 0.9852 -0.1712 0.0000	</row1>
					<row2>	-0.0011 0.1712 0.9852 0.0000	</row2>
					<row3>	0.0003 1.1169 -0.7640 1.0000	</row3>
				</transform>
			</node>
			<node>
				<identifier>	HP_flag_rank	</identifier>
				<transform>
					<row0>	0.9999 0.0124 -0.0011 0.0000	</row0>
					<row1>	-0.0124 0.9852 -0.1712 0.0000	</row1>
					<row2>	-0.0011 0.1712 0.9852 0.0000	</row2>
					<row3>	0.0021 0.9756 -0.7394 1.0000	</row3>
				</transform>
			</node>
			<node>
				<identifier>	MP_CM029_Emergency_Box	</identifier>
				<transform>
					<row0>	-0.7059 0.0000 -0.7084 0.0000	</row0>
					<row1>	0.0000 1.0000 0.0000 0.0000	</row1>
					<row2>	0.7084 0.0000 -0.7059 0.0000	</row2>
					<row3>	-0.1920 0.2128 -0.6447 1.0000	</row3>
				</transform>
			</node>
			<node>
				<identifier>	MP_CM029_Emergency_Box_INDEX_1	</identifier>
				<transform>
					<row0>	-0.7059 0.0000 0.7084 0.0000	</row0>
					<row1>	0.0000 1.0000 0.0000 0.0000	</row1>
					<row2>	-0.7084 0.0000 -0.7059 0.0000	</row2>
					<row3>	0.1920 0.2128 -0.6447 1.0000	</row3>
				</transform>
			</node>
			<node>
				<identifier>	MP_CM052_Fender	</identifier>
				<transform>
					<row0>	-0.4892 0.0000 0.5007 0.0000	</row0>
					<row1>	0.0000 0.7000 0.0000 0.0000	</row1>
					<row2>	-0.5007 0.0000 -0.4892 0.0000	</row2>
					<row3>	-0.2001 0.1529 -1.2188 1.0000	</row3>
				</transform>
			</node>
			<node>
				<identifier>	MP_CM052_Fender_INDEX_1	</identifier>
				<transform>
					<row0>	-0.4892 0.0000 -0.5007 0.0000	</row0>
					<row1>	0.0000 0.7000 0.0000 0.0000	</row1>
					<row2>	0.5007 0.0000 -0.4892 0.0000	</row2>
					<row3>	0.2001 0.1529 -1.2188 1.0000	</row3>
				</transform>
			</node>
			<node>
				<identifier>	MP_CM082_Rope	</identifier>
				<transform>
					<row0>	0.0000 0.0000 -0.3930 0.0000	</row0>
					<row1>	0.0000 0.3930 0.0000 0.0000	</row1>
					<row2>	0.3930 0.0000 0.0000 0.0000	</row2>
					<row3>	0.0104 0.4543 -0.6502 1.0000	</row3>
				</transform>
			</node>
			<node>
				<identifier>	MP_CM082_Rope_INDEX_1	</identifier>
				<transform>
					<row0>	0.3909 0.0000 -0.0409 0.0000	</row0>
					<row1>	0.0000 0.3930 0.0000 0.0000	</row1>
					<row2>	0.0409 0.0000 0.3909 0.0000	</row2>
					<row3>	0.3758 0.3858 -0.7762 1.0000	</row3>
				</transform>
			</node>
			<node>
				<identifier>	MP_CM082_Rope_INDEX_2	</identifier>
				<transform>
					<row0>	-0.3841 0.0000 -0.0832 0.0000	</row0>
					<row1>	0.0000 0.3930 0.0000 0.0000	</row1>
					<row2>	0.0832 0.0000 -0.3841 0.0000	</row2>
					<row3>	-0.3707 0.3858 -1.1251 1.0000	</row3>
				</transform>
			</node>
			<node>
				<identifier>	MP_CM082_Rope_INDEX_3	</identifier>
				<transform>
					<row0>	0.3926 0.0000 -0.0181 0.0000	</row0>
					<row1>	0.0000 0.3930 0.0000 0.0000	</row1>
					<row2>	0.0181 0.0000 0.3926 0.0000	</row2>
					<row3>	-0.3753 0.3858 -0.7762 1.0000	</row3>
				</transform>
			</node>
			<node>
				<identifier>	MP_CM082_Rope_INDEX_4	</identifier>
				<transform>
					<row0>	-0.3774 0.0000 0.1098 0.0000	</row0>
					<row1>	0.0000 0.3930 0.0000 0.0000	</row1>
					<row2>	-0.1098 0.0000 -0.3774 0.0000	</row2>
					<row3>	0.3700 0.3858 -1.1250 1.0000	</row3>
				</transform>
			</node>
			<node>
				<identifier>	MP_RM003_Yawl_20ft	</identifier>
				<transform>
					<row0>	1.0000 0.0000 0.0000 0.0000	</row0>
					<row1>	0.0000 1.0000 0.0000 0.0000	</row1>
					<row2>	0.0000 0.0000 1.0000 0.0000	</row2>
					<row3>	-0.2677 0.3776 -0.9277 1.0000	</row3>
				</transform>
			</node>
			<node>
				<identifier>	MP_RM003_Yawl_20ft_INDEX_1	</identifier>
				<transform>
					<row0>	1.0000 0.0000 0.0000 0.0000	</row0>
					<row1>	0.0000 1.0000 0.0000 0.0000	</row1>
					<row2>	0.0000 0.0000 1.0000 0.0000	</row2>
					<row3>	0.2677 0.3776 -0.9277 1.0000	</row3>
				</transform>
			</node>
			<node>
				<identifier>	MP_RM028_Signal_Lamp	</identifier>
				<transform>
					<row0>	0.8660 0.0000 0.5000 0.0000	</row0>
					<row1>	0.0000 1.0000 0.0000 0.0000	</row1>
					<row2>	-0.5000 0.0000 0.8660 0.0000	</row2>
					<row3>	0.0000 1.0281 -0.6341 1.0000	</row3>
				</transform>
			</node>
			<node>
				<identifier>	MP_RM029_Signal_Lamp	</identifier>
				<transform>
					<row0>	2.2000 0.0000 0.0000 0.0000	</row0>
					<row1>	0.0000 2.2000 0.0000 0.0000	</row1>
					<row2>	0.0000 0.0000 2.2000 0.0000	</row2>
					<row3>	0.0000 1.2316 -0.6488 1.0000	</row3>
				</transform>
			</node>
			<node>
				<identifier>	MP_RM060_Hatch	</identifier>
				<transform>
					<row0>	0.0000 0.0000 -1.0000 0.0000	</row0>
					<row1>	0.0000 1.0000 0.0000 0.0000	</row1>
					<row2>	1.0000 0.0000 0.0000 0.0000	</row2>
					<row3>	0.1765 0.1454 -0.4820 1.0000	</row3>
				</transform>
			</node>
			<node>
				<identifier>	MP_RM060_Hatch_INDEX_1	</identifier>
				<transform>
					<row0>	0.0000 0.0000 1.0000 0.0000	</row0>
					<row1>	0.0000 1.0000 0.0000 0.0000	</row1>
					<row2>	-1.0000 0.0000 0.0000 0.0000	</row2>
					<row3>	-0.1765 0.1454 -1.4892 1.0000	</row3>
				</transform>
			</node>
			<node>
				<identifier>	MP_RM060_Hatch_INDEX_2	</identifier>
				<transform>
					<row0>	0.0000 0.0000 1.0000 0.0000	</row0>
					<row1>	0.0000 1.0000 0.0000 0.0000	</row1>
					<row2>	-1.0000 0.0000 0.0000 0.0000	</row2>
					<row3>	-0.1765 0.1454 -1.2914 1.0000	</row3>
				</transform>
			</node>
			<node>
				<identifier>	MP_RM061_Basket_Rope	</identifier>
				<transform>
					<row0>	0.7071 0.0000 0.7071 0.0000	</row0>
					<row1>	0.0000 1.0000 0.0000 0.0000	</row1>
					<row2>	-0.7071 0.0000 0.7071 0.0000	</row2>
					<row3>	-0.1737 0.3379 -1.0524 1.0000	</row3>
				</transform>
			</node>
			<node>
				<identifier>	MP_RM061_Basket_Rope_INDEX_1	</identifier>
				<transform>
					<row0>	0.3137 0.0000 -0.9495 0.0000	</row0>
					<row1>	0.0000 1.0000 0.0000 0.0000	</row1>
					<row2>	0.9495 0.0000 0.3137 0.0000	</row2>
					<row3>	0.1688 0.3379 -1.0684 1.0000	</row3>
				</transform>
			</node>
			<node>
				<identifier>	MP_RM148_Ammunition_Box	</identifier>
				<transform>
					<row0>	0.0000 0.0000 -1.0000 0.0000	</row0>
					<row1>	0.0000 1.0000 0.0000 0.0000	</row1>
					<row2>	1.0000 0.0000 0.0000 0.0000	</row2>
					<row3>	-0.1126 0.3379 -0.8132 1.0000	</row3>
				</transform>
			</node>
			<node>
				<identifier>	MP_RM148_Ammunition_Box_INDEX_1	</identifier>
				<transform>
					<row0>	0.0000 0.0000 1.0000 0.0000	</row0>
					<row1>	0.0000 1.0000 0.0000 0.0000	</row1>
					<row2>	-1.0000 0.0000 0.0000 0.0000	</row2>
					<row3>	0.1126 0.3379 -0.8132 1.0000	</row3>
				</transform>
			</node>
			<node>
				<identifier>	MP_RM205_Speaker	</identifier>
				<transform>
					<row0>	-1.0000 0.0000 0.0000 0.0000	</row0>
					<row1>	0.0000 0.9676 -0.2523 0.0000	</row1>
					<row2>	0.0000 -0.2523 -0.9676 0.0000	</row2>
					<row3>	-0.0160 0.7127 -1.0532 1.0000	</row3>
				</transform>
			</node>
			<node>
				<identifier>	MP_RM210_Electric_Deck_Winch	</identifier>
				<transform>
					<row0>	0.5000 0.0000 0.0000 0.0000	</row0>
					<row1>	0.0000 0.5000 0.0000 0.0000	</row1>
					<row2>	0.0000 0.0000 0.5000 0.0000	</row2>
					<row3>	0.0000 0.3377 -1.1471 1.0000	</row3>
				</transform>
			</node>
			<node>
				<identifier>	MP_RM210_Electric_Deck_Winch_INDEX_1	</identifier>
				<transform>
					<row0>	0.5000 0.0000 0.0000 0.0000	</row0>
					<row1>	0.0000 0.5000 0.0000 0.0000	</row1>
					<row2>	0.0000 0.0000 0.5000 0.0000	</row2>
					<row3>	0.0679 0.3377 -0.6757 1.0000	</row3>
				</transform>
			</node>
			<node>
				<identifier>	MP_RM214_Life_Buoy	</identifier>
				<transform>
					<row0>	1.0000 0.0000 0.0000 0.0000	</row0>
					<row1>	0.0000 1.0000 0.0000 0.0000	</row1>
					<row2>	0.0000 0.0000 1.0000 0.0000	</row2>
					<row3>	0.1047 0.5428 -1.2555 1.0000	</row3>
				</transform>
			</node>
			<node>
				<identifier>	MP_RM214_Life_Buoy_INDEX_1	</identifier>
				<transform>
					<row0>	-0.0026 0.0000 1.0000 0.0000	</row0>
					<row1>	0.0000 1.0000 0.0000 0.0000	</row1>
					<row2>	-1.0000 0.0000 -0.0026 0.0000	</row2>
					<row3>	0.3862 0.2154 -0.6795 1.0000	</row3>
				</transform>
			</node>
			<node>
				<identifier>	MP_RM214_Life_Buoy_INDEX_2	</identifier>
				<transform>
					<row0>	-0.0026 0.0000 -1.0000 0.0000	</row0>
					<row1>	0.0000 1.0000 0.0000 0.0000	</row1>
					<row2>	1.0000 0.0000 -0.0026 0.0000	</row2>
					<row3>	-0.3862 0.2154 -0.6795 1.0000	</row3>
				</transform>
			</node>
			<node>
				<identifier>	MP_RM214_Life_Buoy_INDEX_3	</identifier>
				<transform>
					<row0>	-1.0000 0.0000 0.0000 0.0000	</row0>
					<row1>	0.0000 1.0000 0.0000 0.0000	</row1>
					<row2>	0.0000 0.0000 -1.0000 0.0000	</row2>
					<row3>	0.1273 0.5428 -1.0751 1.0000	</row3>
				</transform>
			</node>
			<node>
				<identifier>	MP_RM214_Life_Buoy_INDEX_4	</identifier>
				<transform>
					<row0>	-0.0240 0.0000 -0.9997 0.0000	</row0>
					<row1>	0.0000 1.0000 0.0000 0.0000	</row1>
					<row2>	0.9997 0.0000 -0.0240 0.0000	</row2>
					<row3>	-0.3785 0.2154 0.1034 1.0000	</row3>
				</transform>
			</node>
			<node>
				<identifier>	MP_RM214_Life_Buoy_INDEX_5	</identifier>
				<transform>
					<row0>	-1.0000 0.0000 0.0000 0.0000	</row0>
					<row1>	0.0000 1.0000 0.0000 0.0000	</row1>
					<row2>	0.0000 0.0000 -1.0000 0.0000	</row2>
					<row3>	-0.1710 0.5428 -1.0751 1.0000	</row3>
				</transform>
			</node>
			<node>
				<identifier>	MP_RM214_Life_Buoy_INDEX_6	</identifier>
				<transform>
					<row0>	1.0000 0.0000 0.0000 0.0000	</row0>
					<row1>	0.0000 1.0000 0.0000 0.0000	</row1>
					<row2>	0.0000 0.0000 1.0000 0.0000	</row2>
					<row3>	-0.1047 0.5428 -1.2555 1.0000	</row3>
				</transform>
			</node>
			<node>
				<identifier>	MP_RM214_Life_Buoy_INDEX_7	</identifier>
				<transform>
					<row0>	-0.0240 0.0000 0.9997 0.0000	</row0>
					<row1>	0.0000 1.0000 0.0000 0.0000	</row1>
					<row2>	-0.9997 0.0000 -0.0240 0.0000	</row2>
					<row3>	0.3785 0.2154 0.1034 1.0000	</row3>
				</transform>
			</node>
			<node>
				<identifier>	MP_RM217_Ventilation_Mushroom	</identifier>
				<transform>
					<row0>	2.0000 0.0000 0.0000 0.0000	</row0>
					<row1>	0.0000 2.0000 0.0000 0.0000	</row1>
					<row2>	0.0000 0.0000 2.0000 0.0000	</row2>
					<row3>	0.2192 0.1509 -1.4630 1.0000	</row3>
				</transform>
			</node>
			<node>
				<identifier>	MP_RM217_Ventilation_Mushroom_INDEX_1	</identifier>
				<transform>
					<row0>	1.0000 0.0000 0.0000 0.0000	</row0>
					<row1>	0.0000 1.0000 0.0000 0.0000	</row1>
					<row2>	0.0000 0.0000 1.0000 0.0000	</row2>
					<row3>	0.1994 0.1520 -0.0234 1.0000	</row3>
				</transform>
			</node>
			<node>
				<identifier>	MP_RM217_Ventilation_Mushroom_INDEX_2	</identifier>
				<transform>
					<row0>	1.0000 0.0000 0.0000 0.0000	</row0>
					<row1>	0.0000 1.0000 0.0000 0.0000	</row1>
					<row2>	0.0000 0.0000 1.0000 0.0000	</row2>
					<row3>	0.2192 0.1509 -1.7220 1.0000	</row3>
				</transform>
			</node>
			<node>
				<identifier>	MP_RM217_Ventilation_Mushroom_INDEX_3	</identifier>
				<transform>
					<row0>	2.0000 0.0000 0.0000 0.0000	</row0>
					<row1>	0.0000 2.0000 0.0000 0.0000	</row1>
					<row2>	0.0000 0.0000 2.0000 0.0000	</row2>
					<row3>	-0.2192 0.1509 -0.4244 1.0000	</row3>
				</transform>
			</node>
			<node>
				<identifier>	MP_RM236_Telephone	</identifier>
				<transform>
					<row0>	-1.0000 0.0000 0.0000 0.0000	</row0>
					<row1>	0.0000 1.0000 0.0000 0.0000	</row1>
					<row2>	0.0000 0.0000 -1.0000 0.0000	</row2>
					<row3>	0.0513 0.5362 -1.0763 1.0000	</row3>
				</transform>
			</node>
			<node>
				<identifier>	MP_RM319_Torpedo_53_38_Half	</identifier>
				<transform>
					<row0>	0.9441 0.3296 0.0000 0.0000	</row0>
					<row1>	-0.3296 0.9441 0.0000 0.0000	</row1>
					<row2>	0.0000 0.0000 1.0000 0.0000	</row2>
					<row3>	-0.2239 0.2773 -0.9382 1.0000	</row3>
				</transform>
			</node>
			<node>
				<identifier>	MP_RM319_Torpedo_53_38_Half_INDEX_1	</identifier>
				<transform>
					<row0>	0.9889 0.1487 0.0000 0.0000	</row0>
					<row1>	-0.1487 0.9889 0.0000 0.0000	</row1>
					<row2>	0.0000 0.0000 1.0000 0.0000	</row2>
					<row3>	0.2239 0.2324 -0.9382 1.0000	</row3>
				</transform>
			</node>
			<node>
				<identifier>	MP_RM319_Torpedo_53_38_Half_INDEX_2	</identifier>
				<transform>
					<row0>	0.6369 -0.7709 0.0000 0.0000	</row0>
					<row1>	0.7709 0.6369 0.0000 0.0000	</row1>
					<row2>	0.0000 0.0000 1.0000 0.0000	</row2>
					<row3>	0.2239 0.1874 -0.9382 1.0000	</row3>
				</transform>
			</node>
			<node>
				<identifier>	MP_RM319_Torpedo_53_38_Half_INDEX_3	</identifier>
				<transform>
					<row0>	0.6369 0.7709 0.0000 0.0000	</row0>
					<row1>	-0.7709 0.6369 0.0000 0.0000	</row1>
					<row2>	0.0000 0.0000 1.0000 0.0000	</row2>
					<row3>	-0.2239 0.1874 -0.9382 1.0000	</row3>
				</transform>
			</node>
			<node>
				<identifier>	MP_RM319_Torpedo_53_38_Half_INDEX_4	</identifier>
				<transform>
					<row0>	0.9889 -0.1487 0.0000 0.0000	</row0>
					<row1>	0.1487 0.9889 0.0000 0.0000	</row1>
					<row2>	0.0000 0.0000 1.0000 0.0000	</row2>
					<row3>	-0.2239 0.2324 -0.9382 1.0000	</row3>
				</transform>
			</node>
			<node>
				<identifier>	MP_RM319_Torpedo_53_38_Half_INDEX_5	</identifier>
				<transform>
					<row0>	0.9441 -0.3296 0.0000 0.0000	</row0>
					<row1>	0.3296 0.9441 0.0000 0.0000	</row1>
					<row2>	0.0000 0.0000 1.0000 0.0000	</row2>
					<row3>	0.2239 0.2773 -0.9382 1.0000	</row3>
				</transform>
			</node>
		</node>
	</node>
	<boundingBox>
		<min>	-0.0667 -0.0667 -0.0667	</min>
		<max>	0.0667 0.0667 0.0667	</max>
	</boundingBox>
</RSD025_Minsk_1943_MidBack_ports.visual>
