<ASB032_California_1945_MidBack_ports.visual>
	<node>
		<identifier>	Scene Root	</identifier>
		<transform>
			<row0>	1.0000 0.0000 0.0000 0.0000	</row0>
			<row1>	0.0000 1.0000 0.0000 0.0000	</row1>
			<row2>	0.0000 0.0000 1.0000 0.0000	</row2>
			<row3>	0.0000 0.0000 0.0000 1.0000	</row3>
		</transform>
		<node>
			<identifier>	MidBack_ports	</identifier>
			<transform>
				<row0>	1.0000 0.0000 0.0000 0.0000	</row0>
				<row1>	0.0000 1.0000 0.0000 0.0000	</row1>
				<row2>	0.0000 0.0000 1.0000 0.0000	</row2>
				<row3>	0.0000 0.0000 0.0000 1.0000	</row3>
			</transform>
			<node>
				<identifier>	HP_AD_21	</identifier>
				<transform>
					<row0>	0.0000 0.0000 1.0000 0.0000	</row0>
					<row1>	0.0000 1.0000 0.0000 0.0000	</row1>
					<row2>	-1.0000 0.0000 0.0000 0.0000	</row2>
					<row3>	-0.6054 0.3492 -2.1597 1.0000	</row3>
				</transform>
			</node>
			<node>
				<identifier>	HP_AD_22	</identifier>
				<transform>
					<row0>	0.0000 0.0000 -1.0000 0.0000	</row0>
					<row1>	0.0000 1.0000 0.0000 0.0000	</row1>
					<row2>	1.0000 0.0000 0.0000 0.0000	</row2>
					<row3>	0.6054 0.3492 -2.1597 1.0000	</row3>
				</transform>
			</node>
			<node>
				<identifier>	HP_AGA_40	</identifier>
				<transform>
					<row0>	0.0000 0.0000 1.0000 0.0000	</row0>
					<row1>	0.0000 1.0000 0.0000 0.0000	</row1>
					<row2>	-1.0000 0.0000 0.0000 0.0000	</row2>
					<row3>	-0.8992 0.2561 -2.1350 1.0000	</row3>
				</transform>
			</node>
			<node>
				<identifier>	HP_AGA_41	</identifier>
				<transform>
					<row0>	0.0000 0.0000 -1.0000 0.0000	</row0>
					<row1>	0.0000 1.0000 0.0000 0.0000	</row1>
					<row2>	1.0000 0.0000 0.0000 0.0000	</row2>
					<row3>	0.8992 0.2561 -2.1350 1.0000	</row3>
				</transform>
			</node>
			<node>
				<identifier>	HP_AGA_42	</identifier>
				<transform>
					<row0>	-0.8482 0.0000 0.5297 0.0000	</row0>
					<row1>	0.0000 1.0000 0.0000 0.0000	</row1>
					<row2>	-0.5297 0.0000 -0.8482 0.0000	</row2>
					<row3>	-0.7106 0.2921 -2.3397 1.0000	</row3>
				</transform>
			</node>
			<node>
				<identifier>	HP_AGA_43	</identifier>
				<transform>
					<row0>	-0.8482 0.0000 0.5297 0.0000	</row0>
					<row1>	0.0000 1.0000 0.0000 0.0000	</row1>
					<row2>	-0.5297 0.0000 -0.8482 0.0000	</row2>
					<row3>	-0.5513 0.2921 -2.4348 1.0000	</row3>
				</transform>
			</node>
			<node>
				<identifier>	HP_AGA_44	</identifier>
				<transform>
					<row0>	-1.0000 0.0000 0.0000 0.0000	</row0>
					<row1>	0.0000 1.0000 0.0000 0.0000	</row1>
					<row2>	0.0000 0.0000 -1.0000 0.0000	</row2>
					<row3>	1.0089 0.2195 -2.4566 1.0000	</row3>
				</transform>
			</node>
			<node>
				<identifier>	HP_AGA_45	</identifier>
				<transform>
					<row0>	-1.0000 0.0000 0.0000 0.0000	</row0>
					<row1>	0.0000 1.0000 0.0000 0.0000	</row1>
					<row2>	0.0000 0.0000 -1.0000 0.0000	</row2>
					<row3>	-0.9999 0.2192 -2.4768 1.0000	</row3>
				</transform>
			</node>
			<node>
				<identifier>	HP_AGA_46	</identifier>
				<transform>
					<row0>	-1.0000 0.0000 0.0000 0.0000	</row0>
					<row1>	0.0000 1.0000 0.0000 0.0000	</row1>
					<row2>	0.0000 0.0000 -1.0000 0.0000	</row2>
					<row3>	0.7934 0.2234 -2.5173 1.0000	</row3>
				</transform>
			</node>
			<node>
				<identifier>	HP_AGA_47	</identifier>
				<transform>
					<row0>	-1.0000 0.0000 0.0000 0.0000	</row0>
					<row1>	0.0000 1.0000 0.0000 0.0000	</row1>
					<row2>	0.0000 0.0000 -1.0000 0.0000	</row2>
					<row3>	0.5687 0.2234 -2.5758 1.0000	</row3>
				</transform>
			</node>
			<node>
				<identifier>	HP_AGA_48	</identifier>
				<transform>
					<row0>	-1.0000 0.0000 0.0000 0.0000	</row0>
					<row1>	0.0000 1.0000 0.0000 0.0000	</row1>
					<row2>	0.0000 0.0000 -1.0000 0.0000	</row2>
					<row3>	-0.8112 0.2234 -2.5939 1.0000	</row3>
				</transform>
			</node>
			<node>
				<identifier>	HP_AGA_49	</identifier>
				<transform>
					<row0>	-1.0000 0.0000 0.0000 0.0000	</row0>
					<row1>	0.0000 1.0000 0.0000 0.0000	</row1>
					<row2>	0.0000 0.0000 -1.0000 0.0000	</row2>
					<row3>	-0.6232 0.2234 -2.6560 1.0000	</row3>
				</transform>
			</node>
			<node>
				<identifier>	HP_AGM_3	</identifier>
				<transform>
					<row0>	-1.0000 0.0000 0.0000 0.0000	</row0>
					<row1>	0.0000 1.0000 0.0000 0.0000	</row1>
					<row2>	0.0000 0.0000 -1.0000 0.0000	</row2>
					<row3>	0.0000 0.5064 -2.5565 1.0000	</row3>
				</transform>
			</node>
			<node>
				<identifier>	HP_AGM_4	</identifier>
				<transform>
					<row0>	-1.0000 0.0000 0.0000 0.0000	</row0>
					<row1>	0.0000 1.0000 0.0000 0.0000	</row1>
					<row2>	0.0000 0.0000 -1.0000 0.0000	</row2>
					<row3>	0.0000 0.2797 -3.4980 1.0000	</row3>
				</transform>
			</node>
			<node>
				<identifier>	HP_FX_Death_3	</identifier>
				<transform>
					<row0>	1.0000 0.0000 0.0000 0.0000	</row0>
					<row1>	0.0000 1.0000 0.0000 0.0000	</row1>
					<row2>	0.0000 0.0000 1.0000 0.0000	</row2>
					<row3>	0.0000 0.0000 -2.7372 1.0000	</row3>
				</transform>
			</node>
			<node>
				<identifier>	HP_FX_Fire_3	</identifier>
				<transform>
					<row0>	1.0000 0.0000 0.0000 0.0000	</row0>
					<row1>	0.0000 1.0000 0.0000 0.0000	</row1>
					<row2>	0.0000 0.0000 1.0000 0.0000	</row2>
					<row3>	0.6997 0.2136 -2.8845 1.0000	</row3>
				</transform>
			</node>
			<node>
				<identifier>	HP_FX_Fire_3_side_1	</identifier>
				<transform>
					<row0>	1.0000 0.0000 0.0000 0.0000	</row0>
					<row1>	0.0000 1.0000 0.0000 0.0000	</row1>
					<row2>	0.0000 0.0000 1.0000 0.0000	</row2>
					<row3>	0.6750 0.2483 -3.6975 1.0000	</row3>
				</transform>
			</node>
			<node>
				<identifier>	HP_FX_Fire_3_side_2	</identifier>
				<transform>
					<row0>	0.9981 0.0000 0.0623 0.0000	</row0>
					<row1>	0.0000 1.0000 0.0000 0.0000	</row1>
					<row2>	-0.0623 0.0000 0.9981 0.0000	</row2>
					<row3>	-0.9271 0.2339 -3.1112 1.0000	</row3>
				</transform>
			</node>
			<node>
				<identifier>	HP_FX_RepairLight_left_2	</identifier>
				<transform>
					<row0>	-0.1143 0.0081 0.9934 0.0000	</row0>
					<row1>	-0.0161 0.9998 -0.0101 0.0000	</row1>
					<row2>	-0.9933 -0.0172 -0.1141 0.0000	</row2>
					<row3>	-0.9848 0.2198 -3.2335 1.0000	</row3>
				</transform>
			</node>
			<node>
				<identifier>	HP_Ship_death_2	</identifier>
				<transform>
					<row0>	1.0000 0.0000 0.0000 0.0000	</row0>
					<row1>	0.0000 1.0000 0.0000 0.0000	</row1>
					<row2>	0.0000 0.0000 1.0000 0.0000	</row2>
					<row3>	0.0000 0.0000 -2.0540 1.0000	</row3>
				</transform>
			</node>
			<node>
				<identifier>	MP_AM129_Turtles_box	</identifier>
				<transform>
					<row0>	-0.7065 0.0000 -0.7077 0.0000	</row0>
					<row1>	0.0000 1.0000 0.0000 0.0000	</row1>
					<row2>	0.7077 0.0000 -0.7065 0.0000	</row2>
					<row3>	-0.5659 0.2464 -2.1956 1.0000	</row3>
				</transform>
			</node>
			<node>
				<identifier>	MP_AM129_Turtles_box_INDEX_1	</identifier>
				<transform>
					<row0>	-0.7597 0.0000 -0.6503 0.0000	</row0>
					<row1>	0.0000 1.0000 0.0000 0.0000	</row1>
					<row2>	0.6503 0.0000 -0.7597 0.0000	</row2>
					<row3>	0.6416 0.2464 -2.1978 1.0000	</row3>
				</transform>
			</node>
			<node>
				<identifier>	MP_AM219_Bollard	</identifier>
				<transform>
					<row0>	-1.3592 0.0000 -0.1942 0.0000	</row0>
					<row1>	0.0000 1.3730 0.0000 0.0000	</row1>
					<row2>	0.1942 0.0000 -1.3592 0.0000	</row2>
					<row3>	-0.9343 0.2165 -3.1553 1.0000	</row3>
				</transform>
			</node>
			<node>
				<identifier>	MP_AM219_Bollard_INDEX_1	</identifier>
				<transform>
					<row0>	-1.3592 0.0000 0.1942 0.0000	</row0>
					<row1>	0.0000 1.3730 0.0000 0.0000	</row1>
					<row2>	-0.1942 0.0000 -1.3592 0.0000	</row2>
					<row3>	0.9343 0.2165 -3.1553 1.0000	</row3>
				</transform>
			</node>
			<node>
				<identifier>	MP_AM248_Ammunition_Box	</identifier>
				<transform>
					<row0>	0.2664 0.0000 -0.9639 0.0000	</row0>
					<row1>	0.0000 1.0000 0.0000 0.0000	</row1>
					<row2>	0.9639 0.0000 0.2664 0.0000	</row2>
					<row3>	0.7228 0.2233 -2.6144 1.0000	</row3>
				</transform>
			</node>
			<node>
				<identifier>	MP_AM248_Ammunition_Box_INDEX_1	</identifier>
				<transform>
					<row0>	-0.4929 0.0000 -0.8701 0.0000	</row0>
					<row1>	0.0000 1.0000 0.0000 0.0000	</row1>
					<row2>	0.8701 0.0000 -0.4929 0.0000	</row2>
					<row3>	-0.5610 0.2233 -2.5347 1.0000	</row3>
				</transform>
			</node>
			<node>
				<identifier>	MP_AM248_Ammunition_Box_INDEX_10	</identifier>
				<transform>
					<row0>	0.0000 0.0000 1.0000 0.0000	</row0>
					<row1>	0.0000 1.0000 0.0000 0.0000	</row1>
					<row2>	-1.0000 0.0000 0.0000 0.0000	</row2>
					<row3>	0.9560 0.2198 -2.3438 1.0000	</row3>
				</transform>
			</node>
			<node>
				<identifier>	MP_AM248_Ammunition_Box_INDEX_11	</identifier>
				<transform>
					<row0>	0.4967 0.0000 0.8679 0.0000	</row0>
					<row1>	0.0000 1.0000 0.0000 0.0000	</row1>
					<row2>	-0.8679 0.0000 0.4967 0.0000	</row2>
					<row3>	-0.7800 0.2233 -2.6774 1.0000	</row3>
				</transform>
			</node>
			<node>
				<identifier>	MP_AM248_Ammunition_Box_INDEX_12	</identifier>
				<transform>
					<row0>	-0.5212 0.0000 -0.8534 0.0000	</row0>
					<row1>	0.0000 1.0000 0.0000 0.0000	</row1>
					<row2>	0.8534 0.0000 -0.5212 0.0000	</row2>
					<row3>	-0.6505 0.2933 -2.4238 1.0000	</row3>
				</transform>
			</node>
			<node>
				<identifier>	MP_AM248_Ammunition_Box_INDEX_13	</identifier>
				<transform>
					<row0>	1.0000 0.0000 0.0000 0.0000	</row0>
					<row1>	0.0000 1.0000 0.0000 0.0000	</row1>
					<row2>	0.0000 0.0000 1.0000 0.0000	</row2>
					<row3>	0.4971 0.2233 -2.4009 1.0000	</row3>
				</transform>
			</node>
			<node>
				<identifier>	MP_AM248_Ammunition_Box_INDEX_14	</identifier>
				<transform>
					<row0>	0.9994 0.0000 -0.0354 0.0000	</row0>
					<row1>	0.0000 1.0000 0.0000 0.0000	</row1>
					<row2>	0.0354 0.0000 0.9994 0.0000	</row2>
					<row3>	0.8908 0.2233 -2.3940 1.0000	</row3>
				</transform>
			</node>
			<node>
				<identifier>	MP_AM248_Ammunition_Box_INDEX_15	</identifier>
				<transform>
					<row0>	0.0000 0.0000 1.0000 0.0000	</row0>
					<row1>	0.0000 1.0000 0.0000 0.0000	</row1>
					<row2>	-1.0000 0.0000 0.0000 0.0000	</row2>
					<row3>	-0.9571 0.2192 -2.3445 1.0000	</row3>
				</transform>
			</node>
			<node>
				<identifier>	MP_AM248_Ammunition_Box_INDEX_16	</identifier>
				<transform>
					<row0>	0.9992 0.0000 0.0391 0.0000	</row0>
					<row1>	0.0000 1.0000 0.0000 0.0000	</row1>
					<row2>	-0.0391 0.0000 0.9992 0.0000	</row2>
					<row3>	-0.8911 0.2233 -2.3936 1.0000	</row3>
				</transform>
			</node>
			<node>
				<identifier>	MP_AM248_Ammunition_Box_INDEX_2	</identifier>
				<transform>
					<row0>	-0.5212 0.0000 -0.8534 0.0000	</row0>
					<row1>	0.0000 1.0000 0.0000 0.0000	</row1>
					<row2>	0.8534 0.0000 -0.5212 0.0000	</row2>
					<row3>	-0.6094 0.2933 -2.2812 1.0000	</row3>
				</transform>
			</node>
			<node>
				<identifier>	MP_AM248_Ammunition_Box_INDEX_3	</identifier>
				<transform>
					<row0>	0.0000 0.0000 1.0000 0.0000	</row0>
					<row1>	0.0000 1.0000 0.0000 0.0000	</row1>
					<row2>	-1.0000 0.0000 0.0000 0.0000	</row2>
					<row3>	0.5380 0.2233 -2.2244 1.0000	</row3>
				</transform>
			</node>
			<node>
				<identifier>	MP_AM248_Ammunition_Box_INDEX_4	</identifier>
				<transform>
					<row0>	0.5231 0.0000 0.8523 0.0000	</row0>
					<row1>	0.0000 1.0000 0.0000 0.0000	</row1>
					<row2>	-0.8523 0.0000 0.5231 0.0000	</row2>
					<row3>	-0.8045 0.2233 -2.3841 1.0000	</row3>
				</transform>
			</node>
			<node>
				<identifier>	MP_AM248_Ammunition_Box_INDEX_5	</identifier>
				<transform>
					<row0>	0.5139 0.0000 0.8578 0.0000	</row0>
					<row1>	0.0000 1.0000 0.0000 0.0000	</row1>
					<row2>	-0.8578 0.0000 0.5139 0.0000	</row2>
					<row3>	-0.6405 0.2233 -2.4861 1.0000	</row3>
				</transform>
			</node>
			<node>
				<identifier>	MP_AM248_Ammunition_Box_INDEX_6	</identifier>
				<transform>
					<row0>	-0.5212 0.0000 -0.8534 0.0000	</row0>
					<row1>	0.0000 1.0000 0.0000 0.0000	</row1>
					<row2>	0.8534 0.0000 -0.5212 0.0000	</row2>
					<row3>	-0.7203 0.2233 -2.4362 1.0000	</row3>
				</transform>
			</node>
			<node>
				<identifier>	MP_AM248_Ammunition_Box_INDEX_7	</identifier>
				<transform>
					<row0>	-0.5309 0.0000 -0.8474 0.0000	</row0>
					<row1>	0.0000 1.0000 0.0000 0.0000	</row1>
					<row2>	0.8474 0.0000 -0.5309 0.0000	</row2>
					<row3>	-0.6793 0.2933 -2.2363 1.0000	</row3>
				</transform>
			</node>
			<node>
				<identifier>	MP_AM248_Ammunition_Box_INDEX_8	</identifier>
				<transform>
					<row0>	1.0000 0.0000 0.0000 0.0000	</row0>
					<row1>	0.0000 1.0000 0.0000 0.0000	</row1>
					<row2>	0.0000 0.0000 1.0000 0.0000	</row2>
					<row3>	0.4970 0.2233 -2.3012 1.0000	</row3>
				</transform>
			</node>
			<node>
				<identifier>	MP_AM248_Ammunition_Box_INDEX_9	</identifier>
				<transform>
					<row0>	1.0000 0.0000 0.0000 0.0000	</row0>
					<row1>	0.0000 1.0000 0.0000 0.0000	</row1>
					<row2>	0.0000 0.0000 1.0000 0.0000	</row2>
					<row3>	0.4971 0.2233 -2.5022 1.0000	</row3>
				</transform>
			</node>
			<node>
				<identifier>	MP_AM419_Boat_Winch	</identifier>
				<transform>
					<row0>	1.0000 0.0000 0.0000 0.0000	</row0>
					<row1>	0.0000 1.0000 0.0000 0.0000	</row1>
					<row2>	0.0000 0.0000 1.0000 0.0000	</row2>
					<row3>	-0.5773 0.2229 -1.9963 1.0000	</row3>
				</transform>
			</node>
			<node>
				<identifier>	MP_AM419_Boat_Winch_INDEX_1	</identifier>
				<transform>
					<row0>	1.0000 0.0000 0.0000 0.0000	</row0>
					<row1>	0.0000 1.0000 0.0000 0.0000	</row1>
					<row2>	0.0000 0.0000 1.0000 0.0000	</row2>
					<row3>	0.5717 0.2229 -1.9969 1.0000	</row3>
				</transform>
			</node>
			<node>
				<identifier>	MP_CM052_Fender	</identifier>
				<transform>
					<row0>	0.0000 0.0000 -1.0000 0.0000	</row0>
					<row1>	0.0000 1.0000 0.0000 0.0000	</row1>
					<row2>	1.0000 0.0000 0.0000 0.0000	</row2>
					<row3>	0.3690 0.2242 -2.5279 1.0000	</row3>
				</transform>
			</node>
			<node>
				<identifier>	MP_CM052_Fender_INDEX_1	</identifier>
				<transform>
					<row0>	0.0000 0.0000 1.0000 0.0000	</row0>
					<row1>	0.0000 1.0000 0.0000 0.0000	</row1>
					<row2>	-1.0000 0.0000 0.0000 0.0000	</row2>
					<row3>	-0.3703 0.2242 -2.5416 1.0000	</row3>
				</transform>
			</node>
			<node>
				<identifier>	MP_CM052_Fender_INDEX_2	</identifier>
				<transform>
					<row0>	0.4025 0.0000 -0.9154 0.0000	</row0>
					<row1>	0.0000 1.0000 0.0000 0.0000	</row1>
					<row2>	0.9154 0.0000 0.4025 0.0000	</row2>
					<row3>	0.3451 0.2242 -2.4231 1.0000	</row3>
				</transform>
			</node>
			<node>
				<identifier>	MP_CM052_Fender_INDEX_3	</identifier>
				<transform>
					<row0>	0.4025 0.0000 0.9154 0.0000	</row0>
					<row1>	0.0000 1.0000 0.0000 0.0000	</row1>
					<row2>	-0.9154 0.0000 0.4025 0.0000	</row2>
					<row3>	-0.3451 0.2242 -2.4231 1.0000	</row3>
				</transform>
			</node>
			<node>
				<identifier>	MP_CM104_Life_Buoy	</identifier>
				<transform>
					<row0>	0.2343 0.0000 0.9722 0.0000	</row0>
					<row1>	0.0000 1.0000 0.0000 0.0000	</row1>
					<row2>	-0.9722 0.0000 0.2343 0.0000	</row2>
					<row3>	0.8446 0.2718 -3.8001 1.0000	</row3>
				</transform>
			</node>
			<node>
				<identifier>	MP_CM104_Life_Buoy_INDEX_1	</identifier>
				<transform>
					<row0>	0.2343 0.0000 -0.9722 0.0000	</row0>
					<row1>	0.0000 1.0000 0.0000 0.0000	</row1>
					<row2>	0.9722 0.0000 0.2343 0.0000	</row2>
					<row3>	-0.8444 0.2718 -3.8004 1.0000	</row3>
				</transform>
			</node>
			<node>
				<identifier>	MP_CM104_Life_Buoy_INDEX_2	</identifier>
				<transform>
					<row0>	0.1633 0.0000 -0.9866 0.0000	</row0>
					<row1>	0.0000 1.0000 0.0000 0.0000	</row1>
					<row2>	0.9866 0.0000 0.1633 0.0000	</row2>
					<row3>	-1.0062 0.2723 -3.0234 1.0000	</row3>
				</transform>
			</node>
			<node>
				<identifier>	MP_CM104_Life_Buoy_INDEX_3	</identifier>
				<transform>
					<row0>	0.1633 0.0000 0.9866 0.0000	</row0>
					<row1>	0.0000 1.0000 0.0000 0.0000	</row1>
					<row2>	-0.9866 0.0000 0.1633 0.0000	</row2>
					<row3>	1.0062 0.2723 -3.0234 1.0000	</row3>
				</transform>
			</node>
		</node>
	</node>
	<boundingBox>
		<min>	-0.0667 -0.0667 -0.0667	</min>
		<max>	0.0667 0.0667 0.0667	</max>
	</boundingBox>
</ASB032_California_1945_MidBack_ports.visual>
