<RSC053_Novosibirsk_1965_MidBack_ports.visual>
	<node>
		<identifier>	Scene Root	</identifier>
		<transform>
			<row0>	1.0000 0.0000 0.0000 0.0000	</row0>
			<row1>	0.0000 1.0000 0.0000 0.0000	</row1>
			<row2>	0.0000 0.0000 1.0000 0.0000	</row2>
			<row3>	0.0000 0.0000 0.0000 1.0000	</row3>
		</transform>
		<node>
			<identifier>	MidBack_ports	</identifier>
			<transform>
				<row0>	1.0000 0.0000 0.0000 0.0000	</row0>
				<row1>	0.0000 1.0000 0.0000 0.0000	</row1>
				<row2>	0.0000 0.0000 1.0000 0.0000	</row2>
				<row3>	0.0000 0.0000 0.0000 1.0000	</row3>
			</transform>
			<node>
				<identifier>	HP_FX_Death_2	</identifier>
				<transform>
					<row0>	1.0000 0.0000 0.0000 0.0000	</row0>
					<row1>	0.0000 1.0000 0.0000 0.0000	</row1>
					<row2>	0.0000 0.0000 1.0000 0.0000	</row2>
					<row3>	0.0000 0.0000 -0.5390 1.0000	</row3>
				</transform>
			</node>
			<node>
				<identifier>	HP_FX_Death_3	</identifier>
				<transform>
					<row0>	1.0000 0.0000 0.0000 0.0000	</row0>
					<row1>	0.0000 1.0000 0.0000 0.0000	</row1>
					<row2>	0.0000 0.0000 1.0000 0.0000	</row2>
					<row3>	0.0000 0.0000 -5.7875 1.0000	</row3>
				</transform>
			</node>
			<node>
				<identifier>	HP_FX_Fire_3	</identifier>
				<transform>
					<row0>	1.0000 0.0000 0.0000 0.0000	</row0>
					<row1>	0.0000 1.0000 0.0000 0.0000	</row1>
					<row2>	0.0000 0.0000 1.0000 0.0000	</row2>
					<row3>	0.0000 0.8278 -2.6386 1.0000	</row3>
				</transform>
			</node>
			<node>
				<identifier>	HP_FX_Fire_3_side_1	</identifier>
				<transform>
					<row0>	1.0000 0.0000 0.0000 0.0000	</row0>
					<row1>	0.0000 1.0000 0.0000 0.0000	</row1>
					<row2>	0.0000 0.0000 1.0000 0.0000	</row2>
					<row3>	-0.7115 0.3785 -1.3737 1.0000	</row3>
				</transform>
			</node>
			<node>
				<identifier>	HP_FX_Fire_3_side_2	</identifier>
				<transform>
					<row0>	1.0000 0.0000 0.0000 0.0000	</row0>
					<row1>	0.0000 1.0000 0.0000 0.0000	</row1>
					<row2>	0.0000 0.0000 1.0000 0.0000	</row2>
					<row3>	0.7173 0.3407 -3.8746 1.0000	</row3>
				</transform>
			</node>
			<node>
				<identifier>	HP_FX_FloodLight_left_2	</identifier>
				<transform>
					<row0>	-1.0000 0.0000 0.0000 0.0000	</row0>
					<row1>	0.0000 1.0000 0.0000 0.0000	</row1>
					<row2>	0.0000 0.0000 -1.0000 0.0000	</row2>
					<row3>	-0.4086 0.4677 -2.5478 1.0000	</row3>
				</transform>
			</node>
			<node>
				<identifier>	HP_FX_FloodLight_right_1	</identifier>
				<transform>
					<row0>	1.0000 0.0000 0.0000 0.0000	</row0>
					<row1>	0.0000 1.0000 0.0000 0.0000	</row1>
					<row2>	0.0000 0.0000 1.0000 0.0000	</row2>
					<row3>	0.4111 0.4670 -2.5476 1.0000	</row3>
				</transform>
			</node>
			<node>
				<identifier>	HP_FX_Flood_steam_2	</identifier>
				<transform>
					<row0>	1.0000 0.0000 0.0000 0.0000	</row0>
					<row1>	0.0000 0.9319 -0.3628 0.0000	</row1>
					<row2>	0.0000 0.3628 0.9319 0.0000	</row2>
					<row3>	0.0010 1.3706 -2.4540 1.0000	</row3>
				</transform>
			</node>
			<node>
				<identifier>	HP_FX_Flood_steam_right	</identifier>
				<transform>
					<row0>	1.0000 0.0000 0.0000 0.0000	</row0>
					<row1>	0.0000 1.0000 0.0000 0.0000	</row1>
					<row2>	0.0000 0.0000 1.0000 0.0000	</row2>
					<row3>	0.1994 0.5980 -3.3844 1.0000	</row3>
				</transform>
			</node>
			<node>
				<identifier>	HP_FX_Flood_water_left_2	</identifier>
				<transform>
					<row0>	-1.0000 0.0000 0.0000 0.0000	</row0>
					<row1>	0.0000 1.0000 0.0000 0.0000	</row1>
					<row2>	0.0000 0.0000 -1.0000 0.0000	</row2>
					<row3>	-0.6990 0.0249 -4.2925 1.0000	</row3>
				</transform>
			</node>
			<node>
				<identifier>	HP_FX_Flood_water_right_2	</identifier>
				<transform>
					<row0>	1.0000 0.0000 0.0000 0.0000	</row0>
					<row1>	0.0000 1.0000 0.0000 0.0000	</row1>
					<row2>	0.0000 0.0000 1.0000 0.0000	</row2>
					<row3>	0.6993 0.0263 -4.2923 1.0000	</row3>
				</transform>
			</node>
			<node>
				<identifier>	HP_FX_RepairLight_left_2	</identifier>
				<transform>
					<row0>	-0.0267 0.0000 0.9996 0.0000	</row0>
					<row1>	-0.0378 0.9993 -0.0010 0.0000	</row1>
					<row2>	-0.9989 -0.0378 -0.0267 0.0000	</row2>
					<row3>	-0.7315 0.3245 -4.5435 1.0000	</row3>
				</transform>
			</node>
			<node>
				<identifier>	HP_FX_RepairLight_right_1	</identifier>
				<transform>
					<row0>	-0.0251 0.0000 -0.9997 0.0000	</row0>
					<row1>	0.0440 0.9990 -0.0011 0.0000	</row1>
					<row2>	0.9987 -0.0440 -0.0251 0.0000	</row2>
					<row3>	0.7433 0.3253 -4.3412 1.0000	</row3>
				</transform>
			</node>
			<node>
				<identifier>	HP_FX_Smoke_3	</identifier>
				<transform>
					<row0>	1.0000 0.0000 0.0000 0.0000	</row0>
					<row1>	0.0000 0.9926 -0.1213 0.0000	</row1>
					<row2>	0.0000 0.1213 0.9926 0.0000	</row2>
					<row3>	0.0000 1.5289 -2.1272 1.0000	</row3>
				</transform>
			</node>
			<node>
				<identifier>	HP_FX_Smoke_4	</identifier>
				<transform>
					<row0>	1.0000 0.0000 0.0000 0.0000	</row0>
					<row1>	0.0000 0.9807 -0.1957 0.0000	</row1>
					<row2>	0.0000 0.1957 0.9807 0.0000	</row2>
					<row3>	0.0000 1.5060 -2.3252 1.0000	</row3>
				</transform>
			</node>
			<node>
				<identifier>	HP_RGA_4	</identifier>
				<transform>
					<row0>	0.0000 0.0000 1.0000 0.0000	</row0>
					<row1>	0.0000 1.0000 0.0000 0.0000	</row1>
					<row2>	-1.0000 0.0000 0.0000 0.0000	</row2>
					<row3>	-0.4671 0.4920 -1.8531 1.0000	</row3>
				</transform>
			</node>
			<node>
				<identifier>	HP_RGA_5	</identifier>
				<transform>
					<row0>	0.0000 0.0000 -1.0000 0.0000	</row0>
					<row1>	0.0000 1.0000 0.0000 0.0000	</row1>
					<row2>	1.0000 0.0000 0.0000 0.0000	</row2>
					<row3>	0.4671 0.4920 -1.8531 1.0000	</row3>
				</transform>
			</node>
			<node>
				<identifier>	HP_RGA_6	</identifier>
				<transform>
					<row0>	-1.0000 0.0000 0.0000 0.0000	</row0>
					<row1>	0.0000 1.0000 0.0000 0.0000	</row1>
					<row2>	0.0000 0.0000 -1.0000 0.0000	</row2>
					<row3>	0.0000 0.6668 -3.5866 1.0000	</row3>
				</transform>
			</node>
			<node>
				<identifier>	HP_RGA_7	</identifier>
				<transform>
					<row0>	-1.0000 0.0000 0.0000 0.0000	</row0>
					<row1>	0.0000 1.0000 0.0000 0.0000	</row1>
					<row2>	0.0000 0.0000 -1.0000 0.0000	</row2>
					<row3>	0.0000 0.5009 -4.1222 1.0000	</row3>
				</transform>
			</node>
			<node>
				<identifier>	HP_RGM_3	</identifier>
				<transform>
					<row0>	-1.0000 0.0000 0.0000 0.0000	</row0>
					<row1>	0.0000 1.0000 0.0000 0.0000	</row1>
					<row2>	0.0000 0.0000 -1.0000 0.0000	</row2>
					<row3>	0.0000 0.3683 -4.9883 1.0000	</row3>
				</transform>
			</node>
			<node>
				<identifier>	HP_RGS_3	</identifier>
				<transform>
					<row0>	1.0000 0.0000 0.0000 0.0000	</row0>
					<row1>	0.0000 1.0000 0.0000 0.0000	</row1>
					<row2>	0.0000 0.0000 1.0000 0.0000	</row2>
					<row3>	-0.5558 0.3449 -0.5201 1.0000	</row3>
				</transform>
			</node>
			<node>
				<identifier>	HP_RGS_4	</identifier>
				<transform>
					<row0>	1.0000 0.0000 0.0000 0.0000	</row0>
					<row1>	0.0000 1.0000 0.0000 0.0000	</row1>
					<row2>	0.0000 0.0000 1.0000 0.0000	</row2>
					<row3>	0.5558 0.3449 -0.5201 1.0000	</row3>
				</transform>
			</node>
			<node>
				<identifier>	HP_RGS_5	</identifier>
				<transform>
					<row0>	-1.0000 0.0000 0.0000 0.0000	</row0>
					<row1>	0.0000 1.0000 0.0000 0.0000	</row1>
					<row2>	0.0000 0.0000 -1.0000 0.0000	</row2>
					<row3>	-0.5558 0.3449 -3.0532 1.0000	</row3>
				</transform>
			</node>
			<node>
				<identifier>	HP_RGS_6	</identifier>
				<transform>
					<row0>	-1.0000 0.0000 0.0000 0.0000	</row0>
					<row1>	0.0000 1.0000 0.0000 0.0000	</row1>
					<row2>	0.0000 0.0000 -1.0000 0.0000	</row2>
					<row3>	0.5558 0.3449 -3.0532 1.0000	</row3>
				</transform>
			</node>
			<node>
				<identifier>	HP_RRS_21	</identifier>
				<transform>
					<row0>	1.0000 0.0000 0.0000 0.0000	</row0>
					<row1>	0.0000 1.0000 0.0000 0.0000	</row1>
					<row2>	0.0000 0.0000 1.0000 0.0000	</row2>
					<row3>	-0.1121 1.6349 -1.5868 1.0000	</row3>
				</transform>
			</node>
			<node>
				<identifier>	HP_RRS_22	</identifier>
				<transform>
					<row0>	1.0000 0.0000 0.0000 0.0000	</row0>
					<row1>	0.0000 1.0000 0.0000 0.0000	</row1>
					<row2>	0.0000 0.0000 1.0000 0.0000	</row2>
					<row3>	0.0011 1.8336 -1.5868 1.0000	</row3>
				</transform>
			</node>
			<node>
				<identifier>	HP_RRS_23	</identifier>
				<transform>
					<row0>	1.0000 0.0000 0.0000 0.0000	</row0>
					<row1>	0.0000 1.0000 0.0000 0.0000	</row1>
					<row2>	0.0000 0.0000 1.0000 0.0000	</row2>
					<row3>	0.1121 1.6349 -1.5868 1.0000	</row3>
				</transform>
			</node>
			<node>
				<identifier>	HP_RRS_24	</identifier>
				<transform>
					<row0>	0.0000 0.0000 1.0000 0.0000	</row0>
					<row1>	0.0000 1.0000 0.0000 0.0000	</row1>
					<row2>	-1.0000 0.0000 0.0000 0.0000	</row2>
					<row3>	-0.0918 1.7996 -1.6232 1.0000	</row3>
				</transform>
			</node>
			<node>
				<identifier>	HP_RRS_25	</identifier>
				<transform>
					<row0>	0.0000 0.0000 -1.0000 0.0000	</row0>
					<row1>	0.0000 1.0000 0.0000 0.0000	</row1>
					<row2>	1.0000 0.0000 0.0000 0.0000	</row2>
					<row3>	0.0918 1.7996 -1.6232 1.0000	</row3>
				</transform>
			</node>
			<node>
				<identifier>	HP_RRS_26	</identifier>
				<transform>
					<row0>	-1.0000 0.0000 0.0000 0.0000	</row0>
					<row1>	0.0000 1.0000 0.0000 0.0000	</row1>
					<row2>	0.0000 0.0000 -1.0000 0.0000	</row2>
					<row3>	0.0000 1.6349 -1.7700 1.0000	</row3>
				</transform>
			</node>
			<node>
				<identifier>	HP_RRS_27	</identifier>
				<transform>
					<row0>	0.0000 0.0000 1.0000 0.0000	</row0>
					<row1>	0.0000 1.0000 0.0000 0.0000	</row1>
					<row2>	-1.0000 0.0000 0.0000 0.0000	</row2>
					<row3>	-0.2813 0.8388 -2.2535 1.0000	</row3>
				</transform>
			</node>
			<node>
				<identifier>	HP_RRS_28	</identifier>
				<transform>
					<row0>	0.0000 0.0000 -1.0000 0.0000	</row0>
					<row1>	0.0000 1.0000 0.0000 0.0000	</row1>
					<row2>	1.0000 0.0000 0.0000 0.0000	</row2>
					<row3>	0.2813 0.8388 -2.2535 1.0000	</row3>
				</transform>
			</node>
			<node>
				<identifier>	HP_RRS_29	</identifier>
				<transform>
					<row0>	-1.0000 0.0000 0.0000 0.0000	</row0>
					<row1>	0.0000 1.0000 0.0000 0.0000	</row1>
					<row2>	0.0000 0.0000 -1.0000 0.0000	</row2>
					<row3>	0.0000 1.0339 -2.9199 1.0000	</row3>
				</transform>
			</node>
			<node>
				<identifier>	HP_RRS_30	</identifier>
				<transform>
					<row0>	-1.0000 0.0000 0.0000 0.0000	</row0>
					<row1>	0.0000 1.0000 0.0000 0.0000	</row1>
					<row2>	0.0000 0.0000 -1.0000 0.0000	</row2>
					<row3>	0.0000 0.8388 -3.2534 1.0000	</row3>
				</transform>
			</node>
			<node>
				<identifier>	HP_flag_courtesy	</identifier>
				<transform>
					<row0>	0.9971 -0.0761 -0.0019 0.0000	</row0>
					<row1>	0.0761 0.9958 0.0508 0.0000	</row1>
					<row2>	-0.0019 -0.0508 0.9987 0.0000	</row2>
					<row3>	0.2377 1.7168 -1.6043 1.0000	</row3>
				</transform>
			</node>
			<node>
				<identifier>	HP_flag_house	</identifier>
				<transform>
					<row0>	0.9971 0.0761 0.0019 0.0000	</row0>
					<row1>	-0.0761 0.9958 0.0508 0.0000	</row1>
					<row2>	0.0019 -0.0508 0.9987 0.0000	</row2>
					<row3>	-0.2387 1.7293 -1.6036 1.0000	</row3>
				</transform>
			</node>
			<node>
				<identifier>	MP_CM029_Emergency_Box	</identifier>
				<transform>
					<row0>	-1.0000 0.0000 0.0000 0.0000	</row0>
					<row1>	0.0000 1.0000 0.0000 0.0000	</row1>
					<row2>	0.0000 0.0000 -1.0000 0.0000	</row2>
					<row3>	0.0000 0.9144 -2.8550 1.0000	</row3>
				</transform>
			</node>
			<node>
				<identifier>	MP_CM029_Emergency_Box_INDEX_1	</identifier>
				<transform>
					<row0>	-0.9834 0.0000 -0.1812 0.0000	</row0>
					<row1>	0.0000 1.0000 0.0000 0.0000	</row1>
					<row2>	0.1812 0.0000 -0.9834 0.0000	</row2>
					<row3>	-0.0232 1.0955 -1.9451 1.0000	</row3>
				</transform>
			</node>
			<node>
				<identifier>	MP_CM029_Emergency_Box_INDEX_2	</identifier>
				<transform>
					<row0>	0.2867 0.0000 0.6418 0.0000	</row0>
					<row1>	0.0000 0.7029 0.0000 0.0000	</row1>
					<row2>	-0.6418 0.0000 0.2867 0.0000	</row2>
					<row3>	0.0231 0.7316 -1.5968 1.0000	</row3>
				</transform>
			</node>
			<node>
				<identifier>	MP_CM052_Fender	</identifier>
				<transform>
					<row0>	-0.8899 0.0000 0.4562 0.0000	</row0>
					<row1>	0.0000 1.0000 0.0000 0.0000	</row1>
					<row2>	-0.4562 0.0000 -0.8899 0.0000	</row2>
					<row3>	-0.1107 0.3195 -4.3256 1.0000	</row3>
				</transform>
			</node>
			<node>
				<identifier>	MP_CM052_Fender_INDEX_1	</identifier>
				<transform>
					<row0>	-0.9910 0.0000 -0.1341 0.0000	</row0>
					<row1>	0.0000 1.0000 0.0000 0.0000	</row1>
					<row2>	0.1341 0.0000 -0.9910 0.0000	</row2>
					<row3>	0.0491 0.3195 -4.3504 1.0000	</row3>
				</transform>
			</node>
			<node>
				<identifier>	MP_CM052_Fender_INDEX_2	</identifier>
				<transform>
					<row0>	-0.9910 0.0000 0.1341 0.0000	</row0>
					<row1>	0.0000 1.0000 0.0000 0.0000	</row1>
					<row2>	-0.1341 0.0000 -0.9910 0.0000	</row2>
					<row3>	-0.0491 0.3195 -4.3504 1.0000	</row3>
				</transform>
			</node>
			<node>
				<identifier>	MP_CM052_Fender_INDEX_3	</identifier>
				<transform>
					<row0>	-0.8899 0.0000 -0.4562 0.0000	</row0>
					<row1>	0.0000 1.0000 0.0000 0.0000	</row1>
					<row2>	0.4562 0.0000 -0.8899 0.0000	</row2>
					<row3>	0.1107 0.3195 -4.3256 1.0000	</row3>
				</transform>
			</node>
			<node>
				<identifier>	MP_CM056_Ships_bell	</identifier>
				<transform>
					<row0>	1.0000 0.0000 0.0000 0.0000	</row0>
					<row1>	0.0000 1.0000 0.0000 0.0000	</row1>
					<row2>	0.0000 0.0000 1.0000 0.0000	</row2>
					<row3>	0.0000 1.0070 -2.7406 1.0000	</row3>
				</transform>
			</node>
			<node>
				<identifier>	MP_CM093_Rope	</identifier>
				<transform>
					<row0>	-0.4535 0.0000 0.2268 0.0000	</row0>
					<row1>	0.0000 0.5071 0.0000 0.0000	</row1>
					<row2>	-0.2844 0.0000 -0.5689 0.0000	</row2>
					<row3>	-0.1570 0.7288 -1.6439 1.0000	</row3>
				</transform>
			</node>
			<node>
				<identifier>	MP_CM093_Rope_INDEX_1	</identifier>
				<transform>
					<row0>	0.5501 0.0000 -0.2750 0.0000	</row0>
					<row1>	0.0000 0.6150 0.0000 0.0000	</row1>
					<row2>	0.2750 0.0000 0.5501 0.0000	</row2>
					<row3>	-0.1515 0.7288 -1.6320 1.0000	</row3>
				</transform>
			</node>
			<node>
				<identifier>	MP_CM093_Rope_INDEX_2	</identifier>
				<transform>
					<row0>	0.5501 0.0000 -0.2750 0.0000	</row0>
					<row1>	0.0000 0.6150 0.0000 0.0000	</row1>
					<row2>	0.2702 0.0000 0.5404 0.0000	</row2>
					<row3>	-0.1610 0.7288 -1.6511 1.0000	</row3>
				</transform>
			</node>
			<node>
				<identifier>	MP_CM093_Rope_INDEX_3	</identifier>
				<transform>
					<row0>	-0.4535 0.0000 -0.2268 0.0000	</row0>
					<row1>	0.0000 0.5071 0.0000 0.0000	</row1>
					<row2>	0.2844 0.0000 -0.5689 0.0000	</row2>
					<row3>	0.1570 0.7288 -1.6439 1.0000	</row3>
				</transform>
			</node>
			<node>
				<identifier>	MP_CM093_Rope_INDEX_4	</identifier>
				<transform>
					<row0>	0.5501 0.0000 -0.2750 0.0000	</row0>
					<row1>	0.0000 0.6747 0.0000 0.0000	</row1>
					<row2>	0.1831 0.0000 0.3662 0.0000	</row2>
					<row3>	-0.1478 0.7282 -1.6246 1.0000	</row3>
				</transform>
			</node>
			<node>
				<identifier>	MP_CM093_Rope_INDEX_5	</identifier>
				<transform>
					<row0>	0.5501 0.0000 0.2750 0.0000	</row0>
					<row1>	0.0000 0.6150 0.0000 0.0000	</row1>
					<row2>	-0.2702 0.0000 0.5404 0.0000	</row2>
					<row3>	0.1610 0.7288 -1.6511 1.0000	</row3>
				</transform>
			</node>
			<node>
				<identifier>	MP_CM093_Rope_INDEX_6	</identifier>
				<transform>
					<row0>	0.5501 0.0000 0.2750 0.0000	</row0>
					<row1>	0.0000 0.6150 0.0000 0.0000	</row1>
					<row2>	-0.2750 0.0000 0.5501 0.0000	</row2>
					<row3>	0.1515 0.7288 -1.6320 1.0000	</row3>
				</transform>
			</node>
			<node>
				<identifier>	MP_CM093_Rope_INDEX_7	</identifier>
				<transform>
					<row0>	0.5501 0.0000 0.2750 0.0000	</row0>
					<row1>	0.0000 0.6747 0.0000 0.0000	</row1>
					<row2>	-0.1831 0.0000 0.3662 0.0000	</row2>
					<row3>	0.1478 0.7282 -1.6246 1.0000	</row3>
				</transform>
			</node>
			<node>
				<identifier>	MP_CM109_Leadsman_Platform	</identifier>
				<transform>
					<row0>	0.0000 0.8715 0.4904 0.0000	</row0>
					<row1>	0.0000 0.4904 -0.8715 0.0000	</row1>
					<row2>	-1.0000 0.0000 0.0000 0.0000	</row2>
					<row3>	-0.0003 1.0850 -2.7612 1.0000	</row3>
				</transform>
			</node>
			<node>
				<identifier>	MP_RM003_Yawl_20ft	</identifier>
				<transform>
					<row0>	0.9995 0.0028 -0.0313 0.0000	</row0>
					<row1>	-0.0028 1.0000 -0.0010 0.0000	</row1>
					<row2>	0.0313 0.0010 0.9995 0.0000	</row2>
					<row3>	0.7083 0.3602 -1.3820 1.0000	</row3>
				</transform>
			</node>
			<node>
				<identifier>	MP_RM003_Yawl_20ft_INDEX_1	</identifier>
				<transform>
					<row0>	0.9995 -0.0028 0.0313 0.0000	</row0>
					<row1>	0.0028 1.0000 -0.0010 0.0000	</row1>
					<row2>	-0.0313 0.0010 0.9995 0.0000	</row2>
					<row3>	-0.7083 0.3602 -1.3820 1.0000	</row3>
				</transform>
			</node>
			<node>
				<identifier>	MP_RM020_Speaker	</identifier>
				<transform>
					<row0>	-0.2784 0.0000 -1.2210 0.0000	</row0>
					<row1>	0.0000 1.2523 0.0000 0.0000	</row1>
					<row2>	1.2210 0.0000 -0.2784 0.0000	</row2>
					<row3>	0.2049 0.4804 -4.0922 1.0000	</row3>
				</transform>
			</node>
			<node>
				<identifier>	MP_RM020_Speaker_INDEX_1	</identifier>
				<transform>
					<row0>	0.0000 0.0000 1.2523 0.0000	</row0>
					<row1>	0.0000 1.2523 0.0000 0.0000	</row1>
					<row2>	-1.2523 0.0000 0.0000 0.0000	</row2>
					<row3>	-0.1977 0.6516 -3.1863 1.0000	</row3>
				</transform>
			</node>
			<node>
				<identifier>	MP_RM020_Speaker_INDEX_2	</identifier>
				<transform>
					<row0>	-1.2450 0.0000 0.1352 0.0000	</row0>
					<row1>	-0.0286 1.2239 -0.2637 0.0000	</row1>
					<row2>	-0.1322 -0.2652 -1.2168 0.0000	</row2>
					<row3>	-0.2799 0.8020 -2.2971 1.0000	</row3>
				</transform>
			</node>
			<node>
				<identifier>	MP_RM020_Speaker_INDEX_3	</identifier>
				<transform>
					<row0>	1.2523 0.0000 0.0041 0.0000	</row0>
					<row1>	-0.0009 1.2239 0.2652 0.0000	</row1>
					<row2>	-0.0040 -0.2652 1.2239 0.0000	</row2>
					<row3>	0.2799 0.8016 -2.2103 1.0000	</row3>
				</transform>
			</node>
			<node>
				<identifier>	MP_RM020_Speaker_INDEX_4	</identifier>
				<transform>
					<row0>	1.2523 0.0000 -0.0041 0.0000	</row0>
					<row1>	0.0009 1.2239 0.2652 0.0000	</row1>
					<row2>	0.0040 -0.2652 1.2239 0.0000	</row2>
					<row3>	-0.2799 0.8016 -2.2103 1.0000	</row3>
				</transform>
			</node>
			<node>
				<identifier>	MP_RM020_Speaker_INDEX_5	</identifier>
				<transform>
					<row0>	-0.2784 0.0000 1.2210 0.0000	</row0>
					<row1>	0.0000 1.2523 0.0000 0.0000	</row1>
					<row2>	-1.2210 0.0000 -0.2784 0.0000	</row2>
					<row3>	-0.2049 0.4804 -4.0922 1.0000	</row3>
				</transform>
			</node>
			<node>
				<identifier>	MP_RM020_Speaker_INDEX_6	</identifier>
				<transform>
					<row0>	-1.2450 0.0000 -0.1352 0.0000	</row0>
					<row1>	0.0286 1.2239 -0.2637 0.0000	</row1>
					<row2>	0.1322 -0.2652 -1.2168 0.0000	</row2>
					<row3>	0.2799 0.8020 -2.2971 1.0000	</row3>
				</transform>
			</node>
			<node>
				<identifier>	MP_RM020_Speaker_INDEX_7	</identifier>
				<transform>
					<row0>	0.0000 0.0000 -1.2523 0.0000	</row0>
					<row1>	0.0000 1.2523 0.0000 0.0000	</row1>
					<row2>	1.2523 0.0000 0.0000 0.0000	</row2>
					<row3>	0.1977 0.6516 -3.1863 1.0000	</row3>
				</transform>
			</node>
			<node>
				<identifier>	MP_RM028_Signal_Lamp	</identifier>
				<transform>
					<row0>	1.0000 0.0000 0.0000 0.0000	</row0>
					<row1>	0.0000 1.0000 0.0000 0.0000	</row1>
					<row2>	0.0000 0.0000 1.0000 0.0000	</row2>
					<row3>	0.0295 2.0663 -1.9243 1.0000	</row3>
				</transform>
			</node>
			<node>
				<identifier>	MP_RM028_Signal_Lamp_INDEX_1	</identifier>
				<transform>
					<row0>	0.9999 0.0000 0.0102 0.0000	</row0>
					<row1>	0.0000 1.0000 0.0000 0.0000	</row1>
					<row2>	-0.0102 0.0000 0.9999 0.0000	</row2>
					<row3>	-0.0295 2.0663 -1.9244 1.0000	</row3>
				</transform>
			</node>
			<node>
				<identifier>	MP_RM029_Signal_Lamp	</identifier>
				<transform>
					<row0>	0.0000 0.0000 -2.0000 0.0000	</row0>
					<row1>	0.0000 2.0000 0.0000 0.0000	</row1>
					<row2>	2.0000 0.0000 0.0000 0.0000	</row2>
					<row3>	0.0524 1.8822 -1.9172 1.0000	</row3>
				</transform>
			</node>
			<node>
				<identifier>	MP_RM029_Signal_Lamp_INDEX_1	</identifier>
				<transform>
					<row0>	0.0000 0.0000 2.0000 0.0000	</row0>
					<row1>	0.0000 2.0000 0.0000 0.0000	</row1>
					<row2>	-2.0000 0.0000 0.0000 0.0000	</row2>
					<row3>	-0.0524 1.8822 -1.9172 1.0000	</row3>
				</transform>
			</node>
			<node>
				<identifier>	MP_RM105_Signal_Lamp	</identifier>
				<transform>
					<row0>	0.9885 0.0000 0.1513 0.0000	</row0>
					<row1>	0.0000 1.0000 0.0000 0.0000	</row1>
					<row2>	-0.1513 0.0000 0.9885 0.0000	</row2>
					<row3>	-0.2035 0.8519 -1.7935 1.0000	</row3>
				</transform>
			</node>
			<node>
				<identifier>	MP_RM105_Signal_Lamp_INDEX_1	</identifier>
				<transform>
					<row0>	0.9885 0.0000 -0.1513 0.0000	</row0>
					<row1>	0.0000 1.0000 0.0000 0.0000	</row1>
					<row2>	0.1513 0.0000 0.9885 0.0000	</row2>
					<row3>	0.2035 0.8519 -1.7935 1.0000	</row3>
				</transform>
			</node>
			<node>
				<identifier>	MP_RM105_Signal_Lamp_INDEX_2	</identifier>
				<transform>
					<row0>	0.3175 0.0000 0.9482 0.0000	</row0>
					<row1>	0.0000 1.0000 0.0000 0.0000	</row1>
					<row2>	-0.9482 0.0000 0.3175 0.0000	</row2>
					<row3>	-0.0722 0.9015 -2.7900 1.0000	</row3>
				</transform>
			</node>
			<node>
				<identifier>	MP_RM105_Signal_Lamp_INDEX_3	</identifier>
				<transform>
					<row0>	0.3175 0.0000 -0.9482 0.0000	</row0>
					<row1>	0.0000 1.0000 0.0000 0.0000	</row1>
					<row2>	0.9482 0.0000 0.3175 0.0000	</row2>
					<row3>	0.0722 0.9015 -2.7900 1.0000	</row3>
				</transform>
			</node>
			<node>
				<identifier>	MP_RM111_Bollard	</identifier>
				<transform>
					<row0>	0.6607 -0.0014 0.4164 0.0000	</row0>
					<row1>	-0.0011 0.7810 0.0044 0.0000	</row1>
					<row2>	-0.4164 -0.0043 0.6607 0.0000	</row2>
					<row3>	-0.5737 0.3197 -5.5449 1.0000	</row3>
				</transform>
			</node>
			<node>
				<identifier>	MP_RM111_Bollard_INDEX_1	</identifier>
				<transform>
					<row0>	0.6607 0.0014 -0.4164 0.0000	</row0>
					<row1>	0.0011 0.7810 0.0044 0.0000	</row1>
					<row2>	0.4164 -0.0043 0.6607 0.0000	</row2>
					<row3>	0.5737 0.3197 -5.5449 1.0000	</row3>
				</transform>
			</node>
			<node>
				<identifier>	MP_RM139_Insulator	</identifier>
				<transform>
					<row0>	0.0000 -0.5510 0.0000 0.0000	</row0>
					<row1>	-0.3083 0.0000 -0.4567 0.0000	</row1>
					<row2>	0.4567 0.0000 -0.3083 0.0000	</row2>
					<row3>	-0.0607 0.9479 -2.3936 1.0000	</row3>
				</transform>
			</node>
			<node>
				<identifier>	MP_RM139_Insulator_INDEX_1	</identifier>
				<transform>
					<row0>	0.0000 0.5510 0.0000 0.0000	</row0>
					<row1>	0.3083 0.0000 -0.4567 0.0000	</row1>
					<row2>	-0.4567 0.0000 -0.3083 0.0000	</row2>
					<row3>	0.0607 0.9479 -2.3936 1.0000	</row3>
				</transform>
			</node>
			<node>
				<identifier>	MP_RM141_Signal_Lamp	</identifier>
				<transform>
					<row0>	1.0000 0.0000 0.0000 0.0000	</row0>
					<row1>	0.0000 1.0000 0.0000 0.0000	</row1>
					<row2>	0.0000 0.0000 1.0000 0.0000	</row2>
					<row3>	0.0000 1.8021 -1.9833 1.0000	</row3>
				</transform>
			</node>
			<node>
				<identifier>	MP_RM173_Signal_lanp_450mm_MSPl452	</identifier>
				<transform>
					<row0>	0.0000 0.0000 -1.0000 0.0000	</row0>
					<row1>	0.0000 1.0000 0.0000 0.0000	</row1>
					<row2>	1.0000 0.0000 0.0000 0.0000	</row2>
					<row3>	0.1131 0.8388 -2.9727 1.0000	</row3>
				</transform>
			</node>
			<node>
				<identifier>	MP_RM173_Signal_lanp_450mm_MSPl452_INDEX_1	</identifier>
				<transform>
					<row0>	0.0000 0.0000 1.0000 0.0000	</row0>
					<row1>	0.0000 1.0000 0.0000 0.0000	</row1>
					<row2>	-1.0000 0.0000 0.0000 0.0000	</row2>
					<row3>	-0.1131 0.8388 -2.9727 1.0000	</row3>
				</transform>
			</node>
			<node>
				<identifier>	MP_RM185_Fakel_MO	</identifier>
				<transform>
					<row0>	1.0000 0.0000 0.0000 0.0000	</row0>
					<row1>	0.0000 1.0000 0.0000 0.0000	</row1>
					<row2>	0.0000 0.0000 1.0000 0.0000	</row2>
					<row3>	0.2555 1.7978 -1.6006 1.0000	</row3>
				</transform>
			</node>
			<node>
				<identifier>	MP_RM185_Fakel_MO_INDEX_1	</identifier>
				<transform>
					<row0>	1.0000 0.0000 0.0000 0.0000	</row0>
					<row1>	0.0000 1.0000 0.0000 0.0000	</row1>
					<row2>	0.0000 0.0000 1.0000 0.0000	</row2>
					<row3>	-0.2555 1.7978 -1.6006 1.0000	</row3>
				</transform>
			</node>
			<node>
				<identifier>	MP_RM196_Pelorus	</identifier>
				<transform>
					<row0>	0.0000 0.0000 -1.0000 0.0000	</row0>
					<row1>	0.0000 1.0000 0.0000 0.0000	</row1>
					<row2>	1.0000 0.0000 0.0000 0.0000	</row2>
					<row3>	0.1131 0.8388 -3.1901 1.0000	</row3>
				</transform>
			</node>
			<node>
				<identifier>	MP_RM196_Pelorus_INDEX_1	</identifier>
				<transform>
					<row0>	0.0000 0.0000 1.0000 0.0000	</row0>
					<row1>	0.0000 1.0000 0.0000 0.0000	</row1>
					<row2>	-1.0000 0.0000 0.0000 0.0000	</row2>
					<row3>	-0.1131 0.8388 -3.1901 1.0000	</row3>
				</transform>
			</node>
			<node>
				<identifier>	MP_RM208_Flag_Box	</identifier>
				<transform>
					<row0>	0.0000 0.0000 1.0000 0.0000	</row0>
					<row1>	0.0000 1.0000 0.0000 0.0000	</row1>
					<row2>	-1.0000 0.0000 0.0000 0.0000	</row2>
					<row3>	0.1644 0.6668 -1.7656 1.0000	</row3>
				</transform>
			</node>
			<node>
				<identifier>	MP_RM208_Flag_Box_INDEX_1	</identifier>
				<transform>
					<row0>	0.0000 0.0000 -1.0000 0.0000	</row0>
					<row1>	0.0000 1.0000 0.0000 0.0000	</row1>
					<row2>	1.0000 0.0000 0.0000 0.0000	</row2>
					<row3>	-0.1644 0.6668 -1.7656 1.0000	</row3>
				</transform>
			</node>
			<node>
				<identifier>	MP_RM213_Ventilation	</identifier>
				<transform>
					<row0>	0.0000 0.0000 -0.6919 0.0000	</row0>
					<row1>	0.0000 0.6919 0.0000 0.0000	</row1>
					<row2>	0.6919 0.0000 0.0000 0.0000	</row2>
					<row3>	-0.1035 0.3191 -5.4220 1.0000	</row3>
				</transform>
			</node>
			<node>
				<identifier>	MP_RM213_Ventilation_INDEX_1	</identifier>
				<transform>
					<row0>	0.0000 0.0000 -0.6919 0.0000	</row0>
					<row1>	0.0000 0.6919 0.0000 0.0000	</row1>
					<row2>	0.6919 0.0000 0.0000 0.0000	</row2>
					<row3>	-0.2127 0.3190 -4.4912 1.0000	</row3>
				</transform>
			</node>
			<node>
				<identifier>	MP_RM213_Ventilation_INDEX_2	</identifier>
				<transform>
					<row0>	0.0000 0.0000 -0.6919 0.0000	</row0>
					<row1>	0.0000 0.6919 0.0000 0.0000	</row1>
					<row2>	0.6919 0.0000 0.0000 0.0000	</row2>
					<row3>	-0.4514 0.3186 -2.3273 1.0000	</row3>
				</transform>
			</node>
			<node>
				<identifier>	MP_RM213_Ventilation_INDEX_3	</identifier>
				<transform>
					<row0>	0.0000 0.0000 -0.6919 0.0000	</row0>
					<row1>	0.0000 0.6919 0.0000 0.0000	</row1>
					<row2>	0.6919 0.0000 0.0000 0.0000	</row2>
					<row3>	0.2015 0.3183 -4.4171 1.0000	</row3>
				</transform>
			</node>
			<node>
				<identifier>	MP_RM213_Ventilation_INDEX_4	</identifier>
				<transform>
					<row0>	0.0000 0.0000 0.6919 0.0000	</row0>
					<row1>	0.0000 0.6919 0.0000 0.0000	</row1>
					<row2>	-0.6919 0.0000 0.0000 0.0000	</row2>
					<row3>	0.4514 0.3186 -2.3273 1.0000	</row3>
				</transform>
			</node>
			<node>
				<identifier>	MP_RM213_Ventilation_INDEX_5	</identifier>
				<transform>
					<row0>	0.0000 0.0000 -0.6919 0.0000	</row0>
					<row1>	0.0000 0.6919 0.0000 0.0000	</row1>
					<row2>	0.6919 0.0000 0.0000 0.0000	</row2>
					<row3>	0.5180 0.3183 -0.9903 1.0000	</row3>
				</transform>
			</node>
			<node>
				<identifier>	MP_RM213_Ventilation_INDEX_6	</identifier>
				<transform>
					<row0>	0.0000 0.0000 0.6919 0.0000	</row0>
					<row1>	0.0000 0.6919 0.0000 0.0000	</row1>
					<row2>	-0.6919 0.0000 0.0000 0.0000	</row2>
					<row3>	-0.5180 0.3183 -0.9903 1.0000	</row3>
				</transform>
			</node>
			<node>
				<identifier>	MP_RM214_Life_Buoy	</identifier>
				<transform>
					<row0>	0.0004 -0.0046 1.0000 0.0000	</row0>
					<row1>	0.0412 0.9991 0.0046 0.0000	</row1>
					<row2>	-0.9992 0.0412 0.0005 0.0000	</row2>
					<row3>	0.4640 0.5542 -1.0978 1.0000	</row3>
				</transform>
			</node>
			<node>
				<identifier>	MP_RM214_Life_Buoy_INDEX_1	</identifier>
				<transform>
					<row0>	0.0623 -0.0071 0.9980 0.0000	</row0>
					<row1>	0.0412 0.9991 0.0046 0.0000	</row1>
					<row2>	-0.9972 0.0408 0.0626 0.0000	</row2>
					<row3>	0.7633 0.3868 -3.9066 1.0000	</row3>
				</transform>
			</node>
			<node>
				<identifier>	MP_RM214_Life_Buoy_INDEX_10	</identifier>
				<transform>
					<row0>	-0.0001 0.0046 -1.0000 0.0000	</row0>
					<row1>	-0.0310 0.9995 0.0046 0.0000	</row1>
					<row2>	0.9995 0.0310 0.0000 0.0000	</row2>
					<row3>	-0.3977 0.5537 -2.1603 1.0000	</row3>
				</transform>
			</node>
			<node>
				<identifier>	MP_RM214_Life_Buoy_INDEX_11	</identifier>
				<transform>
					<row0>	0.2111 -0.0132 0.9774 0.0000	</row0>
					<row1>	0.0412 0.9991 0.0046 0.0000	</row1>
					<row2>	-0.9766 0.0393 0.2115 0.0000	</row2>
					<row3>	0.2511 0.5540 -3.8751 1.0000	</row3>
				</transform>
			</node>
			<node>
				<identifier>	MP_RM214_Life_Buoy_INDEX_12	</identifier>
				<transform>
					<row0>	0.0004 -0.0046 1.0000 0.0000	</row0>
					<row1>	0.0412 0.9991 0.0046 0.0000	</row1>
					<row2>	-0.9992 0.0412 0.0005 0.0000	</row2>
					<row3>	0.8197 0.3870 -1.0963 1.0000	</row3>
				</transform>
			</node>
			<node>
				<identifier>	MP_RM214_Life_Buoy_INDEX_13	</identifier>
				<transform>
					<row0>	0.2111 0.0132 -0.9774 0.0000	</row0>
					<row1>	-0.0412 0.9991 0.0046 0.0000	</row1>
					<row2>	0.9766 0.0393 0.2115 0.0000	</row2>
					<row3>	-0.2511 0.5540 -3.8751 1.0000	</row3>
				</transform>
			</node>
			<node>
				<identifier>	MP_RM214_Life_Buoy_INDEX_14	</identifier>
				<transform>
					<row0>	-0.0001 -0.0046 1.0000 0.0000	</row0>
					<row1>	0.0310 0.9995 0.0046 0.0000	</row1>
					<row2>	-0.9995 0.0310 0.0000 0.0000	</row2>
					<row3>	0.3977 0.5537 -2.1603 1.0000	</row3>
				</transform>
			</node>
			<node>
				<identifier>	MP_RM214_Life_Buoy_INDEX_15	</identifier>
				<transform>
					<row0>	0.0623 0.0071 -0.9980 0.0000	</row0>
					<row1>	-0.0412 0.9991 0.0046 0.0000	</row1>
					<row2>	0.9972 0.0408 0.0626 0.0000	</row2>
					<row3>	-0.7633 0.3868 -3.9066 1.0000	</row3>
				</transform>
			</node>
			<node>
				<identifier>	MP_RM214_Life_Buoy_INDEX_16	</identifier>
				<transform>
					<row0>	-0.0001 0.0046 -1.0000 0.0000	</row0>
					<row1>	-0.0310 0.9995 0.0046 0.0000	</row1>
					<row2>	0.9995 0.0310 0.0000 0.0000	</row2>
					<row3>	-0.1948 0.7285 -2.9834 1.0000	</row3>
				</transform>
			</node>
			<node>
				<identifier>	MP_RM214_Life_Buoy_INDEX_17	</identifier>
				<transform>
					<row0>	0.7178 -0.0255 0.6958 0.0000	</row0>
					<row1>	0.0355 0.9994 0.0000 0.0000	</row1>
					<row2>	-0.6954 0.0247 0.7182 0.0000	</row2>
					<row3>	0.1255 1.0586 -2.9997 1.0000	</row3>
				</transform>
			</node>
			<node>
				<identifier>	MP_RM214_Life_Buoy_INDEX_2	</identifier>
				<transform>
					<row0>	0.0237 0.0055 -0.9997 0.0000	</row0>
					<row1>	-0.0412 0.9991 0.0046 0.0000	</row1>
					<row2>	0.9989 0.0411 0.0239 0.0000	</row2>
					<row3>	-0.8095 0.3870 -2.3916 1.0000	</row3>
				</transform>
			</node>
			<node>
				<identifier>	MP_RM214_Life_Buoy_INDEX_3	</identifier>
				<transform>
					<row0>	-0.0001 -0.0046 1.0000 0.0000	</row0>
					<row1>	0.0310 0.9995 0.0046 0.0000	</row1>
					<row2>	-0.9995 0.0310 0.0000 0.0000	</row2>
					<row3>	0.1949 0.7283 -2.3621 1.0000	</row3>
				</transform>
			</node>
			<node>
				<identifier>	MP_RM214_Life_Buoy_INDEX_4	</identifier>
				<transform>
					<row0>	0.0237 -0.0055 0.9997 0.0000	</row0>
					<row1>	0.0412 0.9991 0.0046 0.0000	</row1>
					<row2>	-0.9989 0.0411 0.0239 0.0000	</row2>
					<row3>	0.8095 0.3870 -2.3916 1.0000	</row3>
				</transform>
			</node>
			<node>
				<identifier>	MP_RM214_Life_Buoy_INDEX_5	</identifier>
				<transform>
					<row0>	-0.0001 0.0046 -1.0000 0.0000	</row0>
					<row1>	-0.0310 0.9995 0.0046 0.0000	</row1>
					<row2>	0.9995 0.0310 0.0000 0.0000	</row2>
					<row3>	-0.1949 0.7283 -2.3621 1.0000	</row3>
				</transform>
			</node>
			<node>
				<identifier>	MP_RM214_Life_Buoy_INDEX_6	</identifier>
				<transform>
					<row0>	0.7178 0.0255 -0.6958 0.0000	</row0>
					<row1>	-0.0355 0.9994 0.0000 0.0000	</row1>
					<row2>	0.6954 0.0247 0.7182 0.0000	</row2>
					<row3>	-0.1255 1.0586 -2.9997 1.0000	</row3>
				</transform>
			</node>
			<node>
				<identifier>	MP_RM214_Life_Buoy_INDEX_7	</identifier>
				<transform>
					<row0>	0.0004 0.0046 -1.0000 0.0000	</row0>
					<row1>	-0.0412 0.9991 0.0046 0.0000	</row1>
					<row2>	0.9992 0.0412 0.0005 0.0000	</row2>
					<row3>	-0.8197 0.3870 -1.0963 1.0000	</row3>
				</transform>
			</node>
			<node>
				<identifier>	MP_RM214_Life_Buoy_INDEX_8	</identifier>
				<transform>
					<row0>	-0.0001 -0.0046 1.0000 0.0000	</row0>
					<row1>	0.0310 0.9995 0.0046 0.0000	</row1>
					<row2>	-0.9995 0.0310 0.0000 0.0000	</row2>
					<row3>	0.1948 0.7285 -2.9834 1.0000	</row3>
				</transform>
			</node>
			<node>
				<identifier>	MP_RM214_Life_Buoy_INDEX_9	</identifier>
				<transform>
					<row0>	0.0004 0.0046 -1.0000 0.0000	</row0>
					<row1>	-0.0412 0.9991 0.0046 0.0000	</row1>
					<row2>	0.9992 0.0412 0.0005 0.0000	</row2>
					<row3>	-0.4640 0.5542 -1.0978 1.0000	</row3>
				</transform>
			</node>
			<node>
				<identifier>	MP_RM217_Ventilation_Mushroom	</identifier>
				<transform>
					<row0>	0.0000 0.0000 1.0000 0.0000	</row0>
					<row1>	1.0000 0.0000 0.0000 0.0000	</row1>
					<row2>	0.0000 1.0000 0.0000 0.0000	</row2>
					<row3>	0.1990 0.6444 -2.7198 1.0000	</row3>
				</transform>
			</node>
			<node>
				<identifier>	MP_RM217_Ventilation_Mushroom_INDEX_1	</identifier>
				<transform>
					<row0>	0.0000 0.0000 -1.0000 0.0000	</row0>
					<row1>	-1.0000 0.0000 0.0000 0.0000	</row1>
					<row2>	0.0000 1.0000 0.0000 0.0000	</row2>
					<row3>	-0.1990 0.6444 -2.7198 1.0000	</row3>
				</transform>
			</node>
			<node>
				<identifier>	MP_RM217_Ventilation_Mushroom_INDEX_2	</identifier>
				<transform>
					<row0>	0.0000 0.0000 -1.0000 0.0000	</row0>
					<row1>	-1.0000 0.0000 0.0000 0.0000	</row1>
					<row2>	0.0000 1.0000 0.0000 0.0000	</row2>
					<row3>	-0.4658 0.4747 -0.9892 1.0000	</row3>
				</transform>
			</node>
			<node>
				<identifier>	MP_RM217_Ventilation_Mushroom_INDEX_3	</identifier>
				<transform>
					<row0>	0.0000 0.0000 1.0000 0.0000	</row0>
					<row1>	1.0000 0.0000 0.0000 0.0000	</row1>
					<row2>	0.0000 1.0000 0.0000 0.0000	</row2>
					<row3>	0.4658 0.4747 -0.9892 1.0000	</row3>
				</transform>
			</node>
			<node>
				<identifier>	MP_RM238_Fairlead_Duck	</identifier>
				<transform>
					<row0>	-0.0136 0.0000 -1.5346 0.0000	</row0>
					<row1>	0.0000 1.5346 0.0000 0.0000	</row1>
					<row2>	1.5346 0.0000 -0.0136 0.0000	</row2>
					<row3>	0.8098 0.3180 -1.7910 1.0000	</row3>
				</transform>
			</node>
			<node>
				<identifier>	MP_RM238_Fairlead_Duck_INDEX_1	</identifier>
				<transform>
					<row0>	-0.0136 0.0000 1.5346 0.0000	</row0>
					<row1>	0.0000 1.5346 0.0000 0.0000	</row1>
					<row2>	-1.5346 0.0000 -0.0136 0.0000	</row2>
					<row3>	-0.8098 0.3180 -1.7910 1.0000	</row3>
				</transform>
			</node>
			<node>
				<identifier>	MP_RM258_Winch_for_Cran_Boat_R	</identifier>
				<transform>
					<row0>	-0.8787 0.0000 -0.6153 0.0000	</row0>
					<row1>	0.0000 1.0728 0.0000 0.0000	</row1>
					<row2>	0.6153 0.0000 -0.8787 0.0000	</row2>
					<row3>	0.1178 0.4920 -1.4856 1.0000	</row3>
				</transform>
			</node>
			<node>
				<identifier>	MP_RM258_Winch_for_Cran_Boat_R_INDEX_1	</identifier>
				<transform>
					<row0>	0.8787 0.0000 -0.6153 0.0000	</row0>
					<row1>	0.0000 1.0728 0.0000 0.0000	</row1>
					<row2>	0.6153 0.0000 0.8787 0.0000	</row2>
					<row3>	-0.1512 0.4920 -1.4977 1.0000	</row3>
				</transform>
			</node>
			<node>
				<identifier>	MP_RM260_Captain_cutter_pr371_12m	</identifier>
				<transform>
					<row0>	1.0000 0.0000 0.0000 0.0000	</row0>
					<row1>	0.0000 1.0000 0.0000 0.0000	</row1>
					<row2>	0.0000 0.0000 1.0000 0.0000	</row2>
					<row3>	-0.1237 0.5077 -0.9907 1.0000	</row3>
				</transform>
			</node>
			<node>
				<identifier>	MP_RM260_Captain_cutter_pr371_12m_INDEX_1	</identifier>
				<transform>
					<row0>	1.0000 0.0000 0.0000 0.0000	</row0>
					<row1>	0.0000 1.0000 0.0000 0.0000	</row1>
					<row2>	0.0000 0.0000 1.0000 0.0000	</row2>
					<row3>	0.1237 0.5077 -0.9907 1.0000	</row3>
				</transform>
			</node>
			<node>
				<identifier>	MP_RM271_Lifeboat_SPS18	</identifier>
				<transform>
					<row0>	1.0000 0.0000 0.0000 0.0000	</row0>
					<row1>	0.0000 1.0000 0.0000 0.0000	</row1>
					<row2>	0.0000 0.0000 1.0000 0.0000	</row2>
					<row3>	0.3375 0.4920 -2.4474 1.0000	</row3>
				</transform>
			</node>
			<node>
				<identifier>	MP_RM271_Lifeboat_SPS18_INDEX_1	</identifier>
				<transform>
					<row0>	0.3832 0.0000 -0.9237 0.0000	</row0>
					<row1>	-0.9237 0.0000 -0.3832 0.0000	</row1>
					<row2>	0.0000 1.0000 0.0000 0.0000	</row2>
					<row3>	-0.1838 0.4082 -4.1979 1.0000	</row3>
				</transform>
			</node>
			<node>
				<identifier>	MP_RM271_Lifeboat_SPS18_INDEX_10	</identifier>
				<transform>
					<row0>	0.0000 0.0000 -1.0000 0.0000	</row0>
					<row1>	-1.0000 0.0000 0.0000 0.0000	</row1>
					<row2>	0.0000 1.0000 0.0000 0.0000	</row2>
					<row3>	-0.1994 0.5804 -3.5707 1.0000	</row3>
				</transform>
			</node>
			<node>
				<identifier>	MP_RM271_Lifeboat_SPS18_INDEX_11	</identifier>
				<transform>
					<row0>	1.0000 0.0000 0.0000 0.0000	</row0>
					<row1>	0.0000 1.0000 0.0000 0.0000	</row1>
					<row2>	0.0000 0.0000 1.0000 0.0000	</row2>
					<row3>	-0.0565 0.6668 -1.8169 1.0000	</row3>
				</transform>
			</node>
			<node>
				<identifier>	MP_RM271_Lifeboat_SPS18_INDEX_12	</identifier>
				<transform>
					<row0>	1.0000 0.0000 0.0000 0.0000	</row0>
					<row1>	0.0000 1.0000 0.0000 0.0000	</row1>
					<row2>	0.0000 0.0000 1.0000 0.0000	</row2>
					<row3>	-0.3375 0.4920 -2.6000 1.0000	</row3>
				</transform>
			</node>
			<node>
				<identifier>	MP_RM271_Lifeboat_SPS18_INDEX_2	</identifier>
				<transform>
					<row0>	1.0000 0.0000 0.0000 0.0000	</row0>
					<row1>	0.0000 1.0000 0.0000 0.0000	</row1>
					<row2>	0.0000 0.0000 1.0000 0.0000	</row2>
					<row3>	0.3375 0.4920 -2.6000 1.0000	</row3>
				</transform>
			</node>
			<node>
				<identifier>	MP_RM271_Lifeboat_SPS18_INDEX_3	</identifier>
				<transform>
					<row0>	0.3832 0.0000 0.9237 0.0000	</row0>
					<row1>	0.9237 0.0000 -0.3832 0.0000	</row1>
					<row2>	0.0000 1.0000 0.0000 0.0000	</row2>
					<row3>	0.1838 0.4082 -4.1979 1.0000	</row3>
				</transform>
			</node>
			<node>
				<identifier>	MP_RM271_Lifeboat_SPS18_INDEX_4	</identifier>
				<transform>
					<row0>	1.0000 0.0000 0.0000 0.0000	</row0>
					<row1>	0.0000 1.0000 0.0000 0.0000	</row1>
					<row2>	0.0000 0.0000 1.0000 0.0000	</row2>
					<row3>	-0.3375 0.4920 -2.4474 1.0000	</row3>
				</transform>
			</node>
			<node>
				<identifier>	MP_RM271_Lifeboat_SPS18_INDEX_5	</identifier>
				<transform>
					<row0>	1.0000 0.0000 0.0000 0.0000	</row0>
					<row1>	0.0000 1.0000 0.0000 0.0000	</row1>
					<row2>	0.0000 0.0000 1.0000 0.0000	</row2>
					<row3>	0.0106 0.8388 -2.6741 1.0000	</row3>
				</transform>
			</node>
			<node>
				<identifier>	MP_RM271_Lifeboat_SPS18_INDEX_6	</identifier>
				<transform>
					<row0>	0.0000 0.0000 1.0000 0.0000	</row0>
					<row1>	1.0000 0.0000 0.0000 0.0000	</row1>
					<row2>	0.0000 1.0000 0.0000 0.0000	</row2>
					<row3>	0.1994 0.5804 -3.5707 1.0000	</row3>
				</transform>
			</node>
			<node>
				<identifier>	MP_RM271_Lifeboat_SPS18_INDEX_7	</identifier>
				<transform>
					<row0>	0.3834 0.0000 0.9236 0.0000	</row0>
					<row1>	0.9236 0.0000 -0.3834 0.0000	</row1>
					<row2>	0.0000 1.0000 0.0000 0.0000	</row2>
					<row3>	0.1831 0.5804 -3.6777 1.0000	</row3>
