<ASC021_Dallas_1942_Stern_ports.visual>
	<node>
		<identifier>	Scene Root	</identifier>
		<transform>
			<row0>	1.0000 0.0000 0.0000 0.0000	</row0>
			<row1>	0.0000 1.0000 0.0000 0.0000	</row1>
			<row2>	0.0000 0.0000 1.0000 0.0000	</row2>
			<row3>	0.0000 0.0000 0.0000 1.0000	</row3>
		</transform>
		<node>
			<identifier>	Stern_ports	</identifier>
			<transform>
				<row0>	1.0000 0.0000 0.0000 0.0000	</row0>
				<row1>	0.0000 1.0000 0.0000 0.0000	</row1>
				<row2>	0.0000 0.0000 1.0000 0.0000	</row2>
				<row3>	0.0000 0.0000 0.0000 1.0000	</row3>
			</transform>
			<node>
				<identifier>	HP_AD_10	</identifier>
				<transform>
					<row0>	-1.0000 0.0000 0.0000 0.0000	</row0>
					<row1>	0.0000 1.0000 0.0000 0.0000	</row1>
					<row2>	0.0000 0.0000 -1.0000 0.0000	</row2>
					<row3>	0.1190 0.3867 -4.7611 1.0000	</row3>
				</transform>
			</node>
			<node>
				<identifier>	HP_AD_9	</identifier>
				<transform>
					<row0>	-1.0000 0.0000 0.0000 0.0000	</row0>
					<row1>	0.0000 1.0000 0.0000 0.0000	</row1>
					<row2>	0.0000 0.0000 -1.0000 0.0000	</row2>
					<row3>	-0.1203 0.3867 -4.7611 1.0000	</row3>
				</transform>
			</node>
			<node>
				<identifier>	HP_AGA_13	</identifier>
				<transform>
					<row0>	-0.7071 0.0000 0.7071 0.0000	</row0>
					<row1>	0.0000 1.0000 0.0000 0.0000	</row1>
					<row2>	-0.7071 0.0000 -0.7071 0.0000	</row2>
					<row3>	-0.3277 0.2698 -4.1421 1.0000	</row3>
				</transform>
			</node>
			<node>
				<identifier>	HP_AGA_14	</identifier>
				<transform>
					<row0>	-0.7071 0.0000 -0.7071 0.0000	</row0>
					<row1>	0.0000 1.0000 0.0000 0.0000	</row1>
					<row2>	0.7071 0.0000 -0.7071 0.0000	</row2>
					<row3>	0.3324 0.2698 -4.1421 1.0000	</row3>
				</transform>
			</node>
			<node>
				<identifier>	HP_AGA_15	</identifier>
				<transform>
					<row0>	-0.7071 0.0000 0.7071 0.0000	</row0>
					<row1>	0.0000 1.0000 0.0000 0.0000	</row1>
					<row2>	-0.7071 0.0000 -0.7071 0.0000	</row2>
					<row3>	-0.3086 0.2757 -4.3459 1.0000	</row3>
				</transform>
			</node>
			<node>
				<identifier>	HP_AGA_16	</identifier>
				<transform>
					<row0>	-0.7071 0.0000 -0.7071 0.0000	</row0>
					<row1>	0.0000 1.0000 0.0000 0.0000	</row1>
					<row2>	0.7071 0.0000 -0.7071 0.0000	</row2>
					<row3>	0.3132 0.2757 -4.3459 1.0000	</row3>
				</transform>
			</node>
			<node>
				<identifier>	HP_AGA_17	</identifier>
				<transform>
					<row0>	-0.7071 0.0000 0.7071 0.0000	</row0>
					<row1>	0.0000 1.0000 0.0000 0.0000	</row1>
					<row2>	-0.7071 0.0000 -0.7071 0.0000	</row2>
					<row3>	-0.2863 0.2826 -4.5507 1.0000	</row3>
				</transform>
			</node>
			<node>
				<identifier>	HP_AGA_18	</identifier>
				<transform>
					<row0>	-0.7071 0.0000 -0.7071 0.0000	</row0>
					<row1>	0.0000 1.0000 0.0000 0.0000	</row1>
					<row2>	0.7071 0.0000 -0.7071 0.0000	</row2>
					<row3>	0.2910 0.2826 -4.5507 1.0000	</row3>
				</transform>
			</node>
			<node>
				<identifier>	HP_AGA_19	</identifier>
				<transform>
					<row0>	-1.0000 0.0000 0.0000 0.0000	</row0>
					<row1>	0.0000 1.0000 0.0000 0.0000	</row1>
					<row2>	0.0000 0.0000 -1.0000 0.0000	</row2>
					<row3>	-0.2139 0.2963 -4.9560 1.0000	</row3>
				</transform>
			</node>
			<node>
				<identifier>	HP_AGA_20	</identifier>
				<transform>
					<row0>	-1.0000 0.0000 0.0000 0.0000	</row0>
					<row1>	0.0000 1.0000 0.0000 0.0000	</row1>
					<row2>	0.0000 0.0000 -1.0000 0.0000	</row2>
					<row3>	0.2139 0.2963 -4.9560 1.0000	</row3>
				</transform>
			</node>
			<node>
				<identifier>	HP_AGM_3	</identifier>
				<transform>
					<row0>	-1.0000 0.0000 0.0000 0.0000	</row0>
					<row1>	0.0000 1.0000 0.0000 0.0000	</row1>
					<row2>	0.0000 0.0000 -1.0000 0.0000	</row2>
					<row3>	0.0000 0.3988 -2.7631 1.0000	</row3>
				</transform>
			</node>
			<node>
				<identifier>	HP_AGM_4	</identifier>
				<transform>
					<row0>	-1.0000 0.0000 0.0000 0.0000	</row0>
					<row1>	0.0000 1.0000 0.0000 0.0000	</row1>
					<row2>	0.0000 0.0000 -1.0000 0.0000	</row2>
					<row3>	0.0000 0.2982 -3.4953 1.0000	</row3>
				</transform>
			</node>
			<node>
				<identifier>	HP_FX_Fire_4	</identifier>
				<transform>
					<row0>	1.0000 0.0000 0.0000 0.0000	</row0>
					<row1>	0.0000 1.0000 0.0000 0.0000	</row1>
					<row2>	0.0000 0.0000 1.0000 0.0000	</row2>
					<row3>	0.0000 0.3470 -4.2679 1.0000	</row3>
				</transform>
			</node>
			<node>
				<identifier>	HP_FX_Flood_water_left_3	</identifier>
				<transform>
					<row0>	-1.0000 0.0000 0.0000 0.0000	</row0>
					<row1>	0.0000 1.0000 0.0000 0.0000	</row1>
					<row2>	0.0000 0.0000 -1.0000 0.0000	</row2>
					<row3>	-0.5097 0.1039 -2.9695 1.0000	</row3>
				</transform>
			</node>
			<node>
				<identifier>	HP_FX_Flood_water_right_3	</identifier>
				<transform>
					<row0>	1.0000 0.0000 0.0000 0.0000	</row0>
					<row1>	0.0000 1.0000 0.0000 0.0000	</row1>
					<row2>	0.0000 0.0000 1.0000 0.0000	</row2>
					<row3>	0.5097 0.1066 -2.9691 1.0000	</row3>
				</transform>
			</node>
			<node>
				<identifier>	HP_FX_WakeTraceBack	</identifier>
				<transform>
					<row0>	1.0000 0.0000 0.0000 0.0000	</row0>
					<row1>	0.0000 1.0000 0.0000 0.0000	</row1>
					<row2>	0.0000 0.0000 1.0000 0.0000	</row2>
					<row3>	0.0000 0.0000 -5.7063 1.0000	</row3>
				</transform>
			</node>
			<node>
				<identifier>	HP_FX_WakeTrace_screw_1	</identifier>
				<transform>
					<row0>	1.0000 0.0000 0.0000 0.0000	</row0>
					<row1>	0.0000 1.0000 0.0000 0.0000	</row1>
					<row2>	0.0000 0.0000 1.0000 0.0000	</row2>
					<row3>	-0.2241 -0.2836 -4.6831 1.0000	</row3>
				</transform>
			</node>
			<node>
				<identifier>	HP_FX_WakeTrace_screw_2	</identifier>
				<transform>
					<row0>	1.0000 0.0000 0.0000 0.0000	</row0>
					<row1>	0.0000 1.0000 0.0000 0.0000	</row1>
					<row2>	0.0000 0.0000 1.0000 0.0000	</row2>
					<row3>	-0.4192 -0.2773 -3.7097 1.0000	</row3>
				</transform>
			</node>
			<node>
				<identifier>	HP_FX_WakeTrace_screw_3	</identifier>
				<transform>
					<row0>	1.0000 0.0000 0.0000 0.0000	</row0>
					<row1>	0.0000 1.0000 0.0000 0.0000	</row1>
					<row2>	0.0000 0.0000 1.0000 0.0000	</row2>
					<row3>	0.2241 -0.2836 -4.6831 1.0000	</row3>
				</transform>
			</node>
			<node>
				<identifier>	HP_FX_WakeTrace_screw_4	</identifier>
				<transform>
					<row0>	1.0000 0.0000 0.0000 0.0000	</row0>
					<row1>	0.0000 1.0000 0.0000 0.0000	</row1>
					<row2>	0.0000 0.0000 1.0000 0.0000	</row2>
					<row3>	0.4192 -0.2773 -3.7097 1.0000	</row3>
				</transform>
			</node>
			<node>
				<identifier>	HP_Ship_death_3	</identifier>
				<transform>
					<row0>	1.0000 0.0000 0.0000 0.0000	</row0>
					<row1>	0.0000 1.0000 0.0000 0.0000	</row1>
					<row2>	0.0000 0.0000 1.0000 0.0000	</row2>
					<row3>	0.0000 0.0000 -2.5644 1.0000	</row3>
				</transform>
			</node>
			<node>
				<identifier>	MP_AM001_Bollard_2	</identifier>
				<transform>
					<row0>	1.1396 -0.0028 0.0287 0.0000	</row0>
					<row1>	0.0028 1.1400 -0.0004 0.0000	</row1>
					<row2>	-0.0287 0.0005 1.1396 0.0000	</row2>
					<row3>	-0.4882 0.2494 -2.5983 1.0000	</row3>
				</transform>
			</node>
			<node>
				<identifier>	MP_AM001_Bollard_2_INDEX_1	</identifier>
				<transform>
					<row0>	1.1379 0.0042 -0.0690 0.0000	</row0>
					<row1>	-0.0028 1.1397 0.0245 0.0000	</row1>
					<row2>	0.0691 -0.0243 1.1376 0.0000	</row2>
					<row3>	0.4496 0.2592 -3.6554 1.0000	</row3>
				</transform>
			</node>
			<node>
				<identifier>	MP_AM001_Bollard_2_INDEX_2	</identifier>
				<transform>
					<row0>	1.1379 -0.0042 0.0690 0.0000	</row0>
					<row1>	0.0028 1.1397 0.0245 0.0000	</row1>
					<row2>	-0.0691 -0.0243 1.1376 0.0000	</row2>
					<row3>	-0.4496 0.2592 -3.6554 1.0000	</row3>
				</transform>
			</node>
			<node>
				<identifier>	MP_AM001_Bollard_2_INDEX_3	</identifier>
				<transform>
					<row0>	1.0469 0.0131 -0.4510 0.0000	</row0>
					<row1>	0.0057 1.1390 0.0463 0.0000	</row1>
					<row2>	0.4512 -0.0447 1.0460 0.0000	</row2>
					<row3>	0.1721 0.3151 -5.4427 1.0000	</row3>
				</transform>
			</node>
			<node>
				<identifier>	MP_AM001_Bollard_2_INDEX_4	</identifier>
				<transform>
					<row0>	1.0469 -0.0131 0.4510 0.0000	</row0>
					<row1>	-0.0057 1.1390 0.0463 0.0000	</row1>
					<row2>	-0.4512 -0.0447 1.0460 0.0000	</row2>
					<row3>	-0.1721 0.3151 -5.4427 1.0000	</row3>
				</transform>
			</node>
			<node>
				<identifier>	MP_AM001_Bollard_2_INDEX_5	</identifier>
				<transform>
					<row0>	1.1396 0.0028 -0.0287 0.0000	</row0>
					<row1>	-0.0028 1.1400 -0.0004 0.0000	</row1>
					<row2>	0.0287 0.0005 1.1396 0.0000	</row2>
					<row3>	0.4882 0.2494 -2.5983 1.0000	</row3>
				</transform>
			</node>
			<node>
				<identifier>	MP_AM011_Smoke_Defence	</identifier>
				<transform>
					<row0>	1.0000 0.0000 0.0000 0.0000	</row0>
					<row1>	0.0000 0.9994 0.0344 0.0000	</row1>
					<row2>	0.0000 -0.0344 0.9994 0.0000	</row2>
					<row3>	0.1062 0.3269 -5.5669 1.0000	</row3>
				</transform>
			</node>
			<node>
				<identifier>	MP_AM011_Smoke_Defence_INDEX_1	</identifier>
				<transform>
					<row0>	1.0000 0.0000 0.0000 0.0000	</row0>
					<row1>	0.0000 0.9994 0.0344 0.0000	</row1>
					<row2>	0.0000 -0.0344 0.9994 0.0000	</row2>
					<row3>	-0.1062 0.3269 -5.5669 1.0000	</row3>
				</transform>
			</node>
			<node>
				<identifier>	MP_AM019_Ventilators_1	</identifier>
				<transform>
					<row0>	0.5923 0.0000 0.0000 0.0000	</row0>
					<row1>	0.0000 0.5923 0.0000 0.0000	</row1>
					<row2>	0.0000 0.0000 0.5923 0.0000	</row2>
					<row3>	-0.1196 0.2614 -3.7774 1.0000	</row3>
				</transform>
			</node>
			<node>
				<identifier>	MP_AM019_Ventilators_1_INDEX_1	</identifier>
				<transform>
					<row0>	0.5923 0.0000 0.0000 0.0000	</row0>
					<row1>	0.0000 0.5923 0.0000 0.0000	</row1>
					<row2>	0.0000 0.0000 0.5923 0.0000	</row2>
					<row3>	0.3232 0.2598 -3.7061 1.0000	</row3>
				</transform>
			</node>
			<node>
				<identifier>	MP_AM019_Ventilators_1_INDEX_2	</identifier>
				<transform>
					<row0>	0.5923 0.0000 0.0000 0.0000	</row0>
					<row1>	0.0000 0.5923 0.0000 0.0000	</row1>
					<row2>	0.0000 0.0000 0.5923 0.0000	</row2>
					<row3>	0.2496 0.2514 -2.8826 1.0000	</row3>
				</transform>
			</node>
			<node>
				<identifier>	MP_AM023_Hatch_1	</identifier>
				<transform>
					<row0>	0.0000 0.0000 1.0877 0.0000	</row0>
					<row1>	0.0000 1.0877 0.0000 0.0000	</row1>
					<row2>	-1.0877 0.0000 0.0000 0.0000	</row2>
					<row3>	-0.2298 0.2521 -3.0468 1.0000	</row3>
				</transform>
			</node>
			<node>
				<identifier>	MP_AM023_Hatch_1_INDEX_1	</identifier>
				<transform>
					<row0>	0.9539 0.0000 0.0000 0.0000	</row0>
					<row1>	0.0000 0.9539 0.0000 0.0000	</row1>
					<row2>	0.0000 0.0000 0.9539 0.0000	</row2>
					<row3>	-0.0659 0.3083 -5.3211 1.0000	</row3>
				</transform>
			</node>
			<node>
				<identifier>	MP_AM023_Hatch_1_INDEX_2	</identifier>
				<transform>
					<row0>	0.0000 0.0000 -1.0877 0.0000	</row0>
					<row1>	0.0000 1.0877 0.0000 0.0000	</row1>
					<row2>	1.0877 0.0000 0.0000 0.0000	</row2>
					<row3>	-0.1309 0.2617 -3.8567 1.0000	</row3>
				</transform>
			</node>
			<node>
				<identifier>	MP_AM023_Hatch_1_INDEX_3	</identifier>
				<transform>
					<row0>	0.0000 0.0000 1.0877 0.0000	</row0>
					<row1>	0.0000 1.0877 0.0000 0.0000	</row1>
					<row2>	-1.0877 0.0000 0.0000 0.0000	</row2>
					<row3>	0.2843 0.2617 -3.8567 1.0000	</row3>
				</transform>
			</node>
			<node>
				<identifier>	MP_AM023_Hatch_1_INDEX_4	</identifier>
				<transform>
					<row0>	1.0877 0.0000 0.0000 0.0000	</row0>
					<row1>	0.0000 1.0877 0.0000 0.0000	</row1>
					<row2>	0.0000 0.0000 1.0877 0.0000	</row2>
					<row3>	0.0790 0.2702 -4.1825 1.0000	</row3>
				</transform>
			</node>
			<node>
				<identifier>	MP_AM023_Hatch_1_INDEX_5	</identifier>
				<transform>
					<row0>	0.9000 0.0000 0.0000 0.0000	</row0>
					<row1>	0.0000 0.9000 0.0000 0.0000	</row1>
					<row2>	0.0000 0.0000 0.9000 0.0000	</row2>
					<row3>	0.0891 0.3024 -5.1590 1.0000	</row3>
				</transform>
			</node>
			<node>
				<identifier>	MP_AM024_Hatch_2	</identifier>
				<transform>
					<row0>	-1.0700 0.0000 0.0000 0.0000	</row0>
					<row1>	0.0000 1.0700 0.0000 0.0000	</row1>
					<row2>	0.0000 0.0000 -1.0700 0.0000	</row2>
					<row3>	-0.0338 0.2747 -4.3498 1.0000	</row3>
				</transform>
			</node>
			<node>
				<identifier>	MP_AM030_Ammunition_Box4	</identifier>
				<transform>
					<row0>	1.0000 0.0000 0.0000 0.0000	</row0>
					<row1>	0.0000 1.0000 0.0000 0.0000	</row1>
					<row2>	0.0000 0.0000 1.0000 0.0000	</row2>
					<row3>	0.2256 0.2903 -4.7815 1.0000	</row3>
				</transform>
			</node>
			<node>
				<identifier>	MP_AM030_Ammunition_Box4_INDEX_1	</identifier>
				<transform>
					<row0>	-0.0852 0.0235 -0.9961 0.0000	</row0>
					<row1>	0.0000 0.9997 0.0236 0.0000	</row1>
					<row2>	0.9964 0.0020 -0.0852 0.0000	</row2>
					<row3>	0.4038 0.2721 -4.2440 1.0000	</row3>
				</transform>
			</node>
			<node>
				<identifier>	MP_AM030_Ammunition_Box4_INDEX_2	</identifier>
				<transform>
					<row0>	-0.1089 0.0238 -0.9938 0.0000	</row0>
					<row1>	0.0000 0.9997 0.0239 0.0000	</row1>
					<row2>	0.9941 0.0026 -0.1089 0.0000	</row2>
					<row3>	0.3810 0.2773 -4.4733 1.0000	</row3>
				</transform>
			</node>
			<node>
				<identifier>	MP_AM030_Ammunition_Box4_INDEX_3	</identifier>
				<transform>
					<row0>	-0.1089 -0.0238 0.9938 0.0000	</row0>
					<row1>	0.0000 0.9997 0.0239 0.0000	</row1>
					<row2>	-0.9941 0.0026 -0.1089 0.0000	</row2>
					<row3>	-0.3810 0.2773 -4.4733 1.0000	</row3>
				</transform>
			</node>
			<node>
				<identifier>	MP_AM030_Ammunition_Box4_INDEX_4	</identifier>
				<transform>
					<row0>	1.0000 0.0000 0.0000 0.0000	</row0>
					<row1>	0.0000 1.0000 0.0000 0.0000	</row1>
					<row2>	0.0000 0.0000 1.0000 0.0000	</row2>
					<row3>	-0.2256 0.2903 -4.7815 1.0000	</row3>
				</transform>
			</node>
			<node>
				<identifier>	MP_AM030_Ammunition_Box4_INDEX_5	</identifier>
				<transform>
					<row0>	-0.0852 -0.0235 0.9961 0.0000	</row0>
					<row1>	0.0000 0.9997 0.0236 0.0000	</row1>
					<row2>	-0.9964 0.0020 -0.0852 0.0000	</row2>
					<row3>	-0.4038 0.2721 -4.2440 1.0000	</row3>
				</transform>
			</node>
			<node>
				<identifier>	MP_AM046_Running_Lights_B	</identifier>
				<transform>
					<row0>	-1.0000 0.0000 0.0000 0.0000	</row0>
					<row1>	0.0000 1.0000 0.0000 0.0000	</row1>
					<row2>	0.0000 0.0000 -1.0000 0.0000	</row2>
					<row3>	0.0000 0.4867 -5.7100 1.0000	</row3>
				</transform>
			</node>
			<node>
				<identifier>	MP_AM046_Running_Lights_B_INDEX_1	</identifier>
				<transform>
					<row0>	-1.0000 0.0000 0.0000 0.0000	</row0>
					<row1>	0.0000 1.0000 0.0000 0.0000	</row1>
					<row2>	0.0000 0.0000 -1.0000 0.0000	</row2>
					<row3>	0.0000 0.4555 -5.7044 1.0000	</row3>
				</transform>
			</node>
			<node>
				<identifier>	MP_AM068_Hatch_3	</identifier>
				<transform>
					<row0>	-0.9000 0.0000 0.0000 0.0000	</row0>
					<row1>	0.0000 0.9000 0.0000 0.0000	</row1>
					<row2>	0.0000 0.0000 -0.9000 0.0000	</row2>
					<row3>	-0.0413 0.2521 -3.0327 1.0000	</row3>
				</transform>
			</node>
			<node>
				<identifier>	MP_AM071_Signal_Lamp_2	</identifier>
				<transform>
					<row0>	-1.0000 0.0000 0.0000 0.0000	</row0>
					<row1>	0.0000 1.0000 0.0000 0.0000	</row1>
					<row2>	0.0000 0.0000 -1.0000 0.0000	</row2>
					<row3>	0.0000 0.6469 -5.7245 1.0000	</row3>
				</transform>
			</node>
			<node>
				<identifier>	MP_AM100_Spare_barrel_tube	</identifier>
				<transform>
					<row0>	0.0563 -0.7940 0.5186 0.0000	</row0>
					<row1>	-0.0857 -0.5216 -0.7894 0.0000	</row1>
					<row2>	0.9445 0.0000 -0.1025 0.0000	</row2>
					<row3>	0.4134 0.3132 -4.3111 1.0000	</row3>
				</transform>
			</node>
			<node>
				<identifier>	MP_AM100_Spare_barrel_tube_INDEX_1	</identifier>
				<transform>
					<row0>	-0.0983 0.3159 0.8905 0.0000	</row0>
					<row1>	0.0347 0.8959 -0.3140 0.0000	</row1>
					<row2>	-0.9443 0.0000 -0.1043 0.0000	</row2>
					<row3>	-0.4137 0.2894 -4.3110 1.0000	</row3>
				</transform>
			</node>
			<node>
				<identifier>	MP_AM100_Spare_barrel_tube_INDEX_2	</identifier>
				<transform>
					<row0>	0.0563 -0.7940 0.5186 0.0000	</row0>
					<row1>	-0.0857 -0.5216 -0.7894 0.0000	</row1>
					<row2>	0.9445 0.0000 -0.1025 0.0000	</row2>
					<row3>	0.4134 0.2885 -4.3111 1.0000	</row3>
				</transform>
			</node>
			<node>
				<identifier>	MP_AM100_Spare_barrel_tube_INDEX_3	</identifier>
				<transform>
					<row0>	-0.0983 0.3159 0.8905 0.0000	</row0>
					<row1>	0.0347 0.8959 -0.3140 0.0000	</row1>
					<row2>	-0.9443 0.0000 -0.1043 0.0000	</row2>
					<row3>	-0.4137 0.3141 -4.3110 1.0000	</row3>
				</transform>
			</node>
			<node>
				<identifier>	MP_AM108_Reels_4	</identifier>
				<transform>
					<row0>	0.5160 0.0037 -0.6625 0.0000	</row0>
					<row1>	0.0000 0.6500 0.0036 0.0000	</row1>
					<row2>	0.5128 -0.0022 0.3994 0.0000	</row2>
					<row3>	-0.1800 0.2518 -2.9127 1.0000	</row3>
				</transform>
			</node>
			<node>
				<identifier>	MP_AM108_Reels_4_INDEX_1	</identifier>
				<transform>
					<row0>	0.8000 0.0000 0.0000 0.0000	</row0>
					<row1>	0.0000 0.6998 0.0182 0.0000	</row1>
					<row2>	0.0000 -0.0182 0.6998 0.0000	</row2>
					<row3>	0.0000 0.2736 -4.2369 1.0000	</row3>
				</transform>
			</node>
			<node>
				<identifier>	MP_AM108_Reels_4_INDEX_2	</identifier>
				<transform>
					<row0>	0.5160 -0.0037 0.6625 0.0000	</row0>
					<row1>	0.0000 0.6500 0.0036 0.0000	</row1>
					<row2>	-0.5128 -0.0022 0.3994 0.0000	</row2>
					<row3>	0.1800 0.2518 -2.9127 1.0000	</row3>
				</transform>
			</node>
			<node>
				<identifier>	MP_AM129_Turtles_box	</identifier>
				<transform>
					<row0>	0.7094 0.0000 0.7048 0.0000	</row0>
					<row1>	0.0000 1.0000 0.0000 0.0000	</row1>
					<row2>	-0.7048 0.0000 0.7094 0.0000	</row2>
					<row3>	0.0969 0.3122 -4.8560 1.0000	</row3>
				</transform>
			</node>
			<node>
				<identifier>	MP_AM161_Anchor_top	</identifier>
				<transform>
					<row0>	0.0000 -0.3346 0.3640 0.0000	</row0>
					<row1>	0.0000 0.3355 0.3083 0.0000	</row1>
					<row2>	-0.6142 0.0000 0.0000 0.0000	</row2>
					<row3>	0.0000 0.2180 -5.7065 1.0000	</row3>
				</transform>
			</node>
			<node>
				<identifier>	MP_AM162_Anchor_down	</identifier>
				<transform>
					<row0>	0.0000 -0.1800 0.5491 0.0000	</row0>
					<row1>	0.0000 0.5491 0.1800 0.0000	</row1>
					<row2>	-0.5779 0.0000 0.0000 0.0000	</row2>
					<row3>	0.0000 0.2200 -5.7058 1.0000	</row3>
				</transform>
			</node>
			<node>
				<identifier>	MP_AM442_Multipole_Switch	</identifier>
				<transform>
					<row0>	-0.9797 0.0000 0.2005 0.0000	</row0>
					<row1>	0.0000 1.0000 0.0000 0.0000	</row1>
					<row2>	-0.2005 0.0000 -0.9797 0.0000	</row2>
					<row3>	0.1442 0.4367 -4.6833 1.0000	</row3>
				</transform>
			</node>
			<node>
				<identifier>	MP_AM442_Multipole_Switch_INDEX_1	</identifier>
				<transform>
					<row0>	-0.9797 0.0000 -0.2005 0.0000	</row0>
					<row1>	0.0000 1.0000 0.0000 0.0000	</row1>
					<row2>	0.2005 0.0000 -0.9797 0.0000	</row2>
					<row3>	-0.1442 0.4367 -4.6833 1.0000	</row3>
				</transform>
			</node>
			<node>
				<identifier>	MP_AM489_Franklin_Life_Buoy	</identifier>
				<transform>
					<row0>	-0.0576 0.0000 -0.9983 0.0000	</row0>
					<row1>	0.0000 1.0000 0.0000 0.0000	</row1>
					<row2>	0.9983 0.0000 -0.0576 0.0000	</row2>
					<row3>	0.4781 0.2494 -3.4513 1.0000	</row3>
				</transform>
			</node>
			<node>
				<identifier>	MP_AM489_Franklin_Life_Buoy_INDEX_1	</identifier>
				<transform>
					<row0>	-0.0576 0.0000 0.9983 0.0000	</row0>
					<row1>	0.0000 1.0000 0.0000 0.0000	</row1>
					<row2>	-0.9983 0.0000 -0.0576 0.0000	</row2>
					<row3>	-0.4781 0.2494 -3.4513 1.0000	</row3>
				</transform>
			</node>
			<node>
				<identifier>	MP_AM608_Wake_Light	</identifier>
				<transform>
					<row0>	-1.0000 0.0000 0.0000 0.0000	</row0>
					<row1>	0.0000 1.0000 0.0000 0.0000	</row1>
					<row2>	0.0000 0.0000 -1.0000 0.0000	</row2>
					<row3>	0.0000 0.4374 -5.6938 1.0000	</row3>
				</transform>
			</node>
			<node>
				<identifier>	MP_AM628_Cooling_tube	</identifier>
				<transform>
					<row0>	0.9273 0.1463 -0.1459 0.0000	</row0>
					<row1>	-0.1445 0.9387 0.0227 0.0000	</row1>
					<row2>	0.1476 0.0000 0.9385 0.0000	</row2>
					<row3>	0.3950 0.2902 -4.0425 1.0000	</row3>
				</transform>
			</node>
			<node>
				<identifier>	MP_AM628_Cooling_tube_INDEX_1	</identifier>
				<transform>
					<row0>	-0.9274 0.1463 -0.1448 0.0000	</row0>
					<row1>	0.1445 0.9387 0.0227 0.0000	</row1>
					<row2>	0.1465 0.0002 -0.9386 0.0000	</row2>
					<row3>	-0.3950 0.2902 -4.0425 1.0000	</row3>
				</transform>
			</node>
			<node>
				<identifier>	MP_CM001_Propeller3_L	</identifier>
				<transform>
					<row0>	0.9709 0.2344 -0.0492 0.0000	</row0>
					<row1>	-0.2353 0.9718 -0.0139 0.0000	</row1>
					<row2>	0.0445 0.0251 0.9987 0.0000	</row2>
					<row3>	-0.4192 -0.2773 -3.7097 1.0000	</row3>
				</transform>
			</node>
			<node>
				<identifier>	MP_CM001_Propeller3_L_INDEX_1	</identifier>
				<transform>
					<row0>	0.9731 0.2302 -0.0118 0.0000	</row0>
					<row1>	-0.2304 0.9724 -0.0357 0.0000	</row1>
					<row2>	0.0032 0.0375 0.9993 0.0000	</row2>
					<row3>	-0.2241 -0.2836 -4.6831 1.0000	</row3>
				</transform>
			</node>
			<node>
				<identifier>	MP_CM029_Emergency_Box	</identifier>
				<transform>
					<row0>	-0.0824 0.0000 0.9966 0.0000	</row0>
					<row1>	0.0000 1.0000 0.0000 0.0000	</row1>
					<row2>	-0.9966 0.0000 -0.0824 0.0000	</row2>
					<row3>	-0.4257 0.3254 -4.1710 1.0000	</row3>
				</transform>
			</node>
			<node>
				<identifier>	MP_CM029_Emergency_Box_INDEX_1	</identifier>
				<transform>
					<row0>	-0.6940 0.0000 0.7200 0.0000	</row0>
					<row1>	0.0000 1.0000 0.0000 0.0000	</row1>
					<row2>	-0.7200 0.0000 -0.6940 0.0000	</row2>
					<row3>	-0.0990 0.3535 -4.8483 1.0000	</row3>
				</transform>
			</node>
			<node>
				<identifier>	MP_CM029_Emergency_Box_INDEX_2	</identifier>
				<transform>
					<row0>	-0.0824 0.0000 -0.9966 0.0000	</row0>
					<row1>	0.0000 1.0000 0.0000 0.0000	</row1>
					<row2>	0.9966 0.0000 -0.0824 0.0000	</row2>
					<row3>	0.4257 0.3254 -4.1710 1.0000	</row3>
				</transform>
			</node>
			<node>
				<identifier>	MP_CM032_Propeller3_R	</identifier>
				<transform>
					<row0>	0.9731 -0.2301 0.0122 0.0000	</row0>
					<row1>	0.2304 0.9725 -0.0354 0.0000	</row1>
					<row2>	-0.0037 0.0373 0.9993 0.0000	</row2>
					<row3>	0.2241 -0.2836 -4.6831 1.0000	</row3>
				</transform>
			</node>
			<node>
				<identifier>	MP_CM032_Propeller3_R_INDEX_1	</identifier>
				<transform>
					<row0>	0.9708 -0.2351 0.0485 0.0000	</row0>
					<row1>	0.2359 0.9717 -0.0117 0.0000	</row1>
					<row2>	-0.0444 0.0228 0.9988 0.0000	</row2>
					<row3>	0.4192 -0.2773 -3.7097 1.0000	</row3>
				</transform>
			</node>
		</node>
	</node>
	<boundingBox>
		<min>	-0.0667 -0.0667 -0.0667	</min>
		<max>	0.0667 0.0667 0.0667	</max>
	</boundingBox>
</ASC021_Dallas_1942_Stern_ports.visual>
