<BSS004_Undine_1938_Bow_ports.visual>
	<node>
		<identifier>	Scene Root	</identifier>
		<transform>
			<row0>	1.0000 0.0000 0.0000 0.0000	</row0>
			<row1>	0.0000 1.0000 0.0000 0.0000	</row1>
			<row2>	0.0000 0.0000 1.0000 0.0000	</row2>
			<row3>	0.0000 0.0000 0.0000 1.0000	</row3>
		</transform>
		<node>
			<identifier>	Bow_ports	</identifier>
			<transform>
				<row0>	1.0000 0.0000 0.0000 0.0000	</row0>
				<row1>	0.0000 1.0000 0.0000 0.0000	</row1>
				<row2>	0.0000 0.0000 1.0000 0.0000	</row2>
				<row3>	0.0000 0.0000 0.0000 1.0000	</row3>
			</transform>
			<node>
				<identifier>	HP_BGT_1	</identifier>
				<transform>
					<row0>	1.0000 0.0000 0.0000 0.0000	</row0>
					<row1>	0.0000 0.9960 0.0889 0.0000	</row1>
					<row2>	0.0000 -0.0889 0.9960 0.0000	</row2>
					<row3>	-0.0314 0.1049 1.3522 1.0000	</row3>
				</transform>
			</node>
			<node>
				<identifier>	HP_BGT_2	</identifier>
				<transform>
					<row0>	1.0000 0.0000 0.0000 0.0000	</row0>
					<row1>	0.0000 0.9960 0.0889 0.0000	</row1>
					<row2>	0.0000 -0.0889 0.9960 0.0000	</row2>
					<row3>	0.0314 0.1049 1.3522 1.0000	</row3>
				</transform>
			</node>
			<node>
				<identifier>	HP_BGT_3	</identifier>
				<transform>
					<row0>	1.0000 0.0000 0.0000 0.0000	</row0>
					<row1>	0.0000 1.0000 0.0000 0.0000	</row1>
					<row2>	0.0000 0.0000 1.0000 0.0000	</row2>
					<row3>	-0.0349 -0.0349 1.2535 1.0000	</row3>
				</transform>
			</node>
			<node>
				<identifier>	HP_BGT_4	</identifier>
				<transform>
					<row0>	1.0000 0.0000 0.0000 0.0000	</row0>
					<row1>	0.0000 1.0000 0.0000 0.0000	</row1>
					<row2>	0.0000 0.0000 1.0000 0.0000	</row2>
					<row3>	0.0349 -0.0349 1.2535 1.0000	</row3>
				</transform>
			</node>
			<node>
				<identifier>	HP_BGT_5	</identifier>
				<transform>
					<row0>	1.0000 0.0000 0.0000 0.0000	</row0>
					<row1>	0.0000 1.0000 0.0000 0.0000	</row1>
					<row2>	0.0000 0.0000 1.0000 0.0000	</row2>
					<row3>	-0.0349 -0.0944 1.2535 1.0000	</row3>
				</transform>
			</node>
			<node>
				<identifier>	HP_BGT_6	</identifier>
				<transform>
					<row0>	1.0000 0.0000 0.0000 0.0000	</row0>
					<row1>	0.0000 1.0000 0.0000 0.0000	</row1>
					<row2>	0.0000 0.0000 1.0000 0.0000	</row2>
					<row3>	0.0349 -0.0944 1.2535 1.0000	</row3>
				</transform>
			</node>
			<node>
				<identifier>	HP_FX_Death_1	</identifier>
				<transform>
					<row0>	1.0000 0.0000 0.0000 0.0000	</row0>
					<row1>	0.0000 1.0000 0.0000 0.0000	</row1>
					<row2>	0.0000 0.0000 1.0000 0.0000	</row2>
					<row3>	0.0000 0.0000 1.2985 1.0000	</row3>
				</transform>
			</node>
			<node>
				<identifier>	HP_FX_Descent_1	</identifier>
				<transform>
					<row0>	0.2461 -0.9605 0.1297 0.0000	</row0>
					<row1>	0.9353 0.2704 0.2280 0.0000	</row1>
					<row2>	-0.2541 0.0653 0.9650 0.0000	</row2>
					<row3>	0.0407 -0.0714 1.8239 1.0000	</row3>
				</transform>
			</node>
			<node>
				<identifier>	HP_FX_Descent_3	</identifier>
				<transform>
					<row0>	-0.2309 -0.9715 0.0527 0.0000	</row0>
					<row1>	-0.9472 0.2368 0.2161 0.0000	</row1>
					<row2>	-0.2224 0.0000 -0.9749 0.0000	</row2>
					<row3>	-0.0388 -0.0120 1.8178 1.0000	</row3>
				</transform>
			</node>
			<node>
				<identifier>	HP_FX_Flood_steam_1	</identifier>
				<transform>
					<row0>	0.4987 -0.8668 0.0000 0.0000	</row0>
					<row1>	0.8668 0.4987 0.0000 0.0000	</row1>
					<row2>	0.0000 0.0000 1.0000 0.0000	</row2>
					<row3>	0.0961 0.1140 1.4021 1.0000	</row3>
				</transform>
			</node>
			<node>
				<identifier>	HP_FX_Flood_water_left_2	</identifier>
				<transform>
					<row0>	-0.9104 -0.4136 0.0000 0.0000	</row0>
					<row1>	-0.4136 0.9104 0.0000 0.0000	</row1>
					<row2>	0.0000 0.0000 -1.0000 0.0000	</row2>
					<row3>	-0.0929 0.0809 1.5613 1.0000	</row3>
				</transform>
			</node>
			<node>
				<identifier>	HP_FX_Runoff_deluge_left	</identifier>
				<transform>
					<row0>	-0.9958 0.0000 0.0918 0.0000	</row0>
					<row1>	0.0000 1.0000 0.0000 0.0000	</row1>
					<row2>	-0.0918 0.0000 -0.9958 0.0000	</row2>
					<row3>	-0.0833 0.0800 1.7629 1.0000	</row3>
				</transform>
			</node>
			<node>
				<identifier>	HP_FX_Runoff_deluge_left_1	</identifier>
				<transform>
					<row0>	-0.9958 0.0000 0.0918 0.0000	</row0>
					<row1>	0.0000 1.0000 0.0000 0.0000	</row1>
					<row2>	-0.0918 0.0000 -0.9958 0.0000	</row2>
					<row3>	-0.0915 0.1213 1.6218 1.0000	</row3>
				</transform>
			</node>
			<node>
				<identifier>	HP_FX_Runoff_deluge_right	</identifier>
				<transform>
					<row0>	0.9940 0.0000 0.1096 0.0000	</row0>
					<row1>	0.0000 1.0000 0.0000 0.0000	</row1>
					<row2>	-0.1096 0.0000 0.9940 0.0000	</row2>
					<row3>	0.0834 0.0796 1.7618 1.0000	</row3>
				</transform>
			</node>
			<node>
				<identifier>	HP_FX_Runoff_deluge_right_1	</identifier>
				<transform>
					<row0>	0.9995 0.0000 0.0314 0.0000	</row0>
					<row1>	0.0000 1.0000 0.0000 0.0000	</row1>
					<row2>	-0.0314 0.0000 0.9995 0.0000	</row2>
					<row3>	0.0917 0.1206 1.5906 1.0000	</row3>
				</transform>
			</node>
			<node>
				<identifier>	HP_FX_Runoff_left	</identifier>
				<transform>
					<row0>	-0.9651 0.2616 -0.0137 0.0000	</row0>
					<row1>	0.2619 0.9647 -0.0293 0.0000	</row1>
					<row2>	0.0056 -0.0318 -0.9995 0.0000	</row2>
					<row3>	-0.0960 0.1339 1.5323 1.0000	</row3>
				</transform>
			</node>
			<node>
				<identifier>	HP_FX_Runoff_right	</identifier>
				<transform>
					<row0>	0.9457 0.3249 0.0048 0.0000	</row0>
					<row1>	-0.3249 0.9455 0.0214 0.0000	</row1>
					<row2>	0.0024 -0.0218 0.9998 0.0000	</row2>
					<row3>	0.0960 0.1339 1.5323 1.0000	</row3>
				</transform>
			</node>
			<node>
				<identifier>	HP_FX_Runoff_up_left	</identifier>
				<transform>
					<row0>	-0.9995 0.0020 0.0325 0.0000	</row0>
					<row1>	0.0016 0.9999 -0.0110 0.0000	</row1>
					<row2>	-0.0325 -0.0109 -0.9994 0.0000	</row2>
					<row3>	-0.0860 0.1479 1.5262 1.0000	</row3>
				</transform>
			</node>
			<node>
				<identifier>	HP_FX_Runoff_up_right	</identifier>
				<transform>
					<row0>	0.9995 0.0021 0.0325 0.0000	</row0>
					<row1>	-0.0017 0.9999 -0.0110 0.0000	</row1>
					<row2>	-0.0325 0.0109 0.9994 0.0000	</row2>
					<row3>	0.0860 0.1479 1.5262 1.0000	</row3>
				</transform>
			</node>
			<node>
				<identifier>	HP_FX_WakeTrace	</identifier>
				<transform>
					<row0>	1.0000 0.0000 0.0000 0.0000	</row0>
					<row1>	0.0000 1.0000 0.0000 0.0000	</row1>
					<row2>	0.0000 0.0000 1.0000 0.0000	</row2>
					<row3>	0.0000 0.0000 1.9404 1.0000	</row3>
				</transform>
			</node>
			<node>
				<identifier>	HP_Ship_death_1	</identifier>
				<transform>
					<row0>	1.0000 0.0000 0.0000 0.0000	</row0>
					<row1>	0.0000 1.0000 0.0000 0.0000	</row1>
					<row2>	0.0000 0.0000 1.0000 0.0000	</row2>
					<row3>	0.0000 0.0000 1.2092 1.0000	</row3>
				</transform>
			</node>
			<node>
				<identifier>	MP_BM959_Anchor_WW2_top	</identifier>
				<transform>
					<row0>	0.3562 -0.0458 0.0246 0.0000	</row0>
					<row1>	0.0488 0.3534 -0.0482 0.0000	</row1>
					<row2>	-0.0180 0.0510 0.3559 0.0000	</row2>
					<row3>	-0.0717 0.0677 1.6390 1.0000	</row3>
				</transform>
			</node>
			<node>
				<identifier>	MP_BM959_Anchor_WW2_top_INDEX_1	</identifier>
				<transform>
					<row0>	0.3562 0.0458 -0.0246 0.0000	</row0>
					<row1>	-0.0488 0.3534 -0.0482 0.0000	</row1>
					<row2>	0.0180 0.0510 0.3559 0.0000	</row2>
					<row3>	0.0717 0.0677 1.6390 1.0000	</row3>
				</transform>
			</node>
			<node>
				<identifier>	MP_BM960_Anchor_WW2_down	</identifier>
				<transform>
					<row0>	0.3033 0.1896 -0.0409 0.0000	</row0>
					<row1>	-0.1932 0.3021 -0.0315 0.0000	</row1>
					<row2>	0.0177 0.0484 0.3563 0.0000	</row2>
					<row3>	0.0716 0.0677 1.6390 1.0000	</row3>
				</transform>
			</node>
			<node>
				<identifier>	MP_BM960_Anchor_WW2_down_INDEX_1	</identifier>
				<transform>
					<row0>	0.3033 -0.1896 0.0409 0.0000	</row0>
					<row1>	0.1932 0.3021 -0.0315 0.0000	</row1>
					<row2>	-0.0177 0.0484 0.3563 0.0000	</row2>
					<row3>	-0.0716 0.0677 1.6390 1.0000	</row3>
				</transform>
			</node>
		</node>
	</node>
	<boundingBox>
		<min>	-0.0667 -0.0667 -0.0667	</min>
		<max>	0.0667 0.0667 0.0667	</max>
	</boundingBox>
</BSS004_Undine_1938_Bow_ports.visual>
