<HSC002_Gelderland_1939_Stern_ports.visual>
	<node>
		<identifier>	Scene Root	</identifier>
		<transform>
			<row0>	1.0000 0.0000 0.0000 0.0000	</row0>
			<row1>	0.0000 1.0000 0.0000 0.0000	</row1>
			<row2>	0.0000 0.0000 1.0000 0.0000	</row2>
			<row3>	0.0000 0.0000 0.0000 1.0000	</row3>
		</transform>
		<node>
			<identifier>	Stern_ports	</identifier>
			<transform>
				<row0>	1.0000 0.0000 0.0000 0.0000	</row0>
				<row1>	0.0000 1.0000 0.0000 0.0000	</row1>
				<row2>	0.0000 0.0000 1.0000 0.0000	</row2>
				<row3>	0.0000 0.0000 0.0000 1.0000	</row3>
			</transform>
			<node>
				<identifier>	HP_FX_Fire_4	</identifier>
				<transform>
					<row0>	1.0000 0.0000 0.0000 0.0000	</row0>
					<row1>	0.0000 1.0000 0.0000 0.0000	</row1>
					<row2>	0.0000 0.0000 1.0000 0.0000	</row2>
					<row3>	0.0000 0.3489 -2.6102 1.0000	</row3>
				</transform>
			</node>
			<node>
				<identifier>	HP_FX_WakeTraceBack	</identifier>
				<transform>
					<row0>	1.0000 0.0000 0.0000 0.0000	</row0>
					<row1>	0.0000 1.0000 0.0000 0.0000	</row1>
					<row2>	0.0000 0.0000 1.0000 0.0000	</row2>
					<row3>	0.0000 0.0000 -3.1287 1.0000	</row3>
				</transform>
			</node>
			<node>
				<identifier>	HP_FX_WakeTrace_screw_1	</identifier>
				<transform>
					<row0>	1.0000 0.0000 0.0000 0.0000	</row0>
					<row1>	0.0000 1.0000 0.0000 0.0000	</row1>
					<row2>	0.0000 0.0000 1.0000 0.0000	</row2>
					<row3>	-0.1820 -0.2130 -2.7710 1.0000	</row3>
				</transform>
			</node>
			<node>
				<identifier>	HP_FX_WakeTrace_screw_2	</identifier>
				<transform>
					<row0>	1.0000 0.0000 0.0000 0.0000	</row0>
					<row1>	0.0000 1.0000 0.0000 0.0000	</row1>
					<row2>	0.0000 0.0000 1.0000 0.0000	</row2>
					<row3>	0.1820 -0.2130 -2.7710 1.0000	</row3>
				</transform>
			</node>
			<node>
				<identifier>	HP_HGA_11	</identifier>
				<transform>
					<row0>	-1.0000 0.0000 0.0000 0.0000	</row0>
					<row1>	0.0000 1.0000 0.0000 0.0000	</row1>
					<row2>	0.0000 0.0000 -1.0000 0.0000	</row2>
					<row3>	0.0000 0.3711 -2.6185 1.0000	</row3>
				</transform>
			</node>
			<node>
				<identifier>	HP_HGM_8	</identifier>
				<transform>
					<row0>	-1.0000 0.0000 0.0000 0.0000	</row0>
					<row1>	0.0000 1.0000 0.0000 0.0000	</row1>
					<row2>	0.0000 0.0000 -1.0000 0.0000	</row2>
					<row3>	0.0000 0.3721 -2.2554 1.0000	</row3>
				</transform>
			</node>
			<node>
				<identifier>	HP_Ship_death_3	</identifier>
				<transform>
					<row0>	1.0000 0.0000 0.0000 0.0000	</row0>
					<row1>	0.0000 1.0000 0.0000 0.0000	</row1>
					<row2>	0.0000 0.0000 1.0000 0.0000	</row2>
					<row3>	0.0000 0.0000 -2.1649 1.0000	</row3>
				</transform>
			</node>
			<node>
				<identifier>	MP_CM089_Anchor	</identifier>
				<transform>
					<row0>	-0.9013 0.0551 0.4296 0.0000	</row0>
					<row1>	0.0512 0.9985 -0.0207 0.0000	</row1>
					<row2>	-0.4301 0.0033 -0.9028 0.0000	</row2>
					<row3>	0.1376 0.3275 -2.9789 1.0000	</row3>
				</transform>
			</node>
			<node>
				<identifier>	MP_CM110_Propeller4_L	</identifier>
				<transform>
					<row0>	0.9699 0.0001 -0.0124 0.0000	</row0>
					<row1>	0.0000 0.9700 0.0072 0.0000	</row1>
					<row2>	0.0124 -0.0072 0.9699 0.0000	</row2>
					<row3>	-0.1745 -0.2154 -2.7781 1.0000	</row3>
				</transform>
			</node>
			<node>
				<identifier>	MP_CM111_Propeller4_R	</identifier>
				<transform>
					<row0>	0.9699 -0.0001 0.0124 0.0000	</row0>
					<row1>	0.0000 0.9700 0.0072 0.0000	</row1>
					<row2>	-0.0124 -0.0072 0.9699 0.0000	</row2>
					<row3>	0.1745 -0.2154 -2.7781 1.0000	</row3>
				</transform>
			</node>
			<node>
				<identifier>	MP_CM126_Cleat	</identifier>
				<transform>
					<row0>	0.9963 0.0000 -0.0854 0.0000	</row0>
					<row1>	0.0000 1.0000 0.0000 0.0000	</row1>
					<row2>	0.0854 0.0000 0.9963 0.0000	</row2>
					<row3>	0.2125 0.3715 -2.2924 1.0000	</row3>
				</transform>
			</node>
			<node>
				<identifier>	MP_CM126_Cleat_INDEX_1	</identifier>
				<transform>
					<row0>	0.9963 0.0000 0.0854 0.0000	</row0>
					<row1>	0.0000 1.0000 0.0000 0.0000	</row1>
					<row2>	-0.0854 0.0000 0.9963 0.0000	</row2>
					<row3>	-0.2139 0.3714 -2.2789 1.0000	</row3>
				</transform>
			</node>
			<node>
				<identifier>	MP_HM007_Lifebuoy	</identifier>
				<transform>
					<row0>	0.0000 0.0000 1.0000 0.0000	</row0>
					<row1>	0.0000 1.0000 0.0000 0.0000	</row1>
					<row2>	-1.0000 0.0000 0.0000 0.0000	</row2>
					<row3>	0.0305 0.4179 -3.0978 1.0000	</row3>
				</transform>
			</node>
			<node>
				<identifier>	MP_HM521_Vlet_E_20ft_6_05m	</identifier>
				<transform>
					<row0>	0.9894 0.0017 0.1450 0.0000	</row0>
					<row1>	-0.0086 0.9989 0.0471 0.0000	</row1>
					<row2>	-0.1447 -0.0479 0.9883 0.0000	</row2>
					<row3>	-0.3763 0.2985 -2.1963 1.0000	</row3>
				</transform>
			</node>
			<node>
				<identifier>	MP_HM521_Vlet_E_20ft_6_05m_INDEX_1	</identifier>
				<transform>
					<row0>	0.9894 -0.0017 -0.1450 0.0000	</row0>
					<row1>	0.0086 0.9989 0.0471 0.0000	</row1>
					<row2>	0.1447 -0.0479 0.9883 0.0000	</row2>
					<row3>	0.3763 0.2985 -2.1963 1.0000	</row3>
				</transform>
			</node>
		</node>
	</node>
	<boundingBox>
		<min>	-0.0667 -0.0667 -0.0667	</min>
		<max>	0.0667 0.0667 0.0667	</max>
	</boundingBox>
</HSC002_Gelderland_1939_Stern_ports.visual>
