<RSB016_Poltava_1942_Stern_ports.visual>
	<node>
		<identifier>	Scene Root	</identifier>
		<transform>
			<row0>	1.0000 0.0000 0.0000 0.0000	</row0>
			<row1>	0.0000 1.0000 0.0000 0.0000	</row1>
			<row2>	0.0000 0.0000 1.0000 0.0000	</row2>
			<row3>	0.0000 0.0000 0.0000 1.0000	</row3>
		</transform>
		<node>
			<identifier>	Stern_ports	</identifier>
			<transform>
				<row0>	1.0000 0.0000 0.0000 0.0000	</row0>
				<row1>	0.0000 1.0000 0.0000 0.0000	</row1>
				<row2>	0.0000 0.0000 1.0000 0.0000	</row2>
				<row3>	0.0000 0.0000 0.0000 1.0000	</row3>
			</transform>
			<node>
				<identifier>	HP_FX_Death_3	</identifier>
				<transform>
					<row0>	1.0000 0.0000 0.0000 0.0000	</row0>
					<row1>	0.0000 1.0000 0.0000 0.0000	</row1>
					<row2>	0.0000 0.0000 1.0000 0.0000	</row2>
					<row3>	0.0000 0.0000 -6.5331 1.0000	</row3>
				</transform>
			</node>
			<node>
				<identifier>	HP_FX_Fire_4	</identifier>
				<transform>
					<row0>	1.0000 0.0000 0.0000 0.0000	</row0>
					<row1>	0.0000 1.0000 0.0000 0.0000	</row1>
					<row2>	0.0000 0.0000 1.0000 0.0000	</row2>
					<row3>	0.0000 0.2839 -6.3906 1.0000	</row3>
				</transform>
			</node>
			<node>
				<identifier>	HP_FX_Flood_water_left_1	</identifier>
				<transform>
					<row0>	1.0000 0.0000 0.0000 0.0000	</row0>
					<row1>	0.0000 1.0000 0.0000 0.0000	</row1>
					<row2>	0.0000 0.0000 1.0000 0.0000	</row2>
					<row3>	-0.4704 0.1402 -6.7050 1.0000	</row3>
				</transform>
			</node>
			<node>
				<identifier>	HP_FX_Flood_water_right_1	</identifier>
				<transform>
					<row0>	0.9846 0.0000 -0.1751 0.0000	</row0>
					<row1>	0.0000 1.0000 0.0000 0.0000	</row1>
					<row2>	0.1751 0.0000 0.9846 0.0000	</row2>
					<row3>	0.4702 0.1388 -6.7053 1.0000	</row3>
				</transform>
			</node>
			<node>
				<identifier>	HP_FX_WakeTraceBack	</identifier>
				<transform>
					<row0>	1.0000 0.0000 0.0000 0.0000	</row0>
					<row1>	0.0000 1.0000 0.0000 0.0000	</row1>
					<row2>	0.0000 0.0000 1.0000 0.0000	</row2>
					<row3>	0.0000 0.0000 -8.2309 1.0000	</row3>
				</transform>
			</node>
			<node>
				<identifier>	HP_FX_WakeTrace_screw_1	</identifier>
				<transform>
					<row0>	1.0000 0.0000 0.0000 0.0000	</row0>
					<row1>	0.0000 1.0000 0.0000 0.0000	</row1>
					<row2>	0.0000 0.0000 1.0000 0.0000	</row2>
					<row3>	-0.2474 -0.3882 -7.1192 1.0000	</row3>
				</transform>
			</node>
			<node>
				<identifier>	HP_FX_WakeTrace_screw_2	</identifier>
				<transform>
					<row0>	1.0000 0.0000 0.0000 0.0000	</row0>
					<row1>	0.0000 1.0000 0.0000 0.0000	</row1>
					<row2>	0.0000 0.0000 1.0000 0.0000	</row2>
					<row3>	0.2474 -0.3882 -7.1192 1.0000	</row3>
				</transform>
			</node>
			<node>
				<identifier>	HP_RC_1	</identifier>
				<transform>
					<row0>	0.6428 0.0000 -0.7660 0.0000	</row0>
					<row1>	0.0000 1.0000 0.0000 0.0000	</row1>
					<row2>	0.7660 0.0000 0.6428 0.0000	</row2>
					<row3>	0.0000 0.3337 -6.1027 1.0000	</row3>
				</transform>
			</node>
			<node>
				<identifier>	HP_Ship_death_3	</identifier>
				<transform>
					<row0>	1.0000 0.0000 0.0000 0.0000	</row0>
					<row1>	0.0000 1.0000 0.0000 0.0000	</row1>
					<row2>	0.0000 0.0000 1.0000 0.0000	</row2>
					<row3>	0.0000 0.0000 -5.3492 1.0000	</row3>
				</transform>
			</node>
			<node>
				<identifier>	MP_CM001_Propeller3_L	</identifier>
				<transform>
					<row0>	1.3156 -0.5513 -0.0110 0.0000	</row0>
					<row1>	0.5509 1.3154 -0.0302 0.0000	</row1>
					<row2>	0.0218 0.0236 1.4261 0.0000	</row2>
					<row3>	-0.2474 -0.3882 -7.1192 1.0000	</row3>
				</transform>
			</node>
			<node>
				<identifier>	MP_CM011_Fire_Fighting_Gear	</identifier>
				<transform>
					<row0>	0.0000 0.0000 1.0000 0.0000	</row0>
					<row1>	0.0000 1.0000 0.0000 0.0000	</row1>
					<row2>	-1.0000 0.0000 0.0000 0.0000	</row2>
					<row3>	-0.1445 0.2823 -8.1955 1.0000	</row3>
				</transform>
			</node>
			<node>
				<identifier>	MP_CM011_Fire_Fighting_Gear_INDEX_1	</identifier>
				<transform>
					<row0>	0.0000 0.0000 -1.0000 0.0000	</row0>
					<row1>	0.0000 1.0000 0.0000 0.0000	</row1>
					<row2>	1.0000 0.0000 0.0000 0.0000	</row2>
					<row3>	-0.2343 0.2817 -5.8182 1.0000	</row3>
				</transform>
			</node>
			<node>
				<identifier>	MP_CM011_Fire_Fighting_Gear_INDEX_2	</identifier>
				<transform>
					<row0>	0.0000 0.0000 1.0000 0.0000	</row0>
					<row1>	0.0000 1.0000 0.0000 0.0000	</row1>
					<row2>	-1.0000 0.0000 0.0000 0.0000	</row2>
					<row3>	0.2343 0.2817 -5.8182 1.0000	</row3>
				</transform>
			</node>
			<node>
				<identifier>	MP_CM032_Propeller3_R	</identifier>
				<transform>
					<row0>	1.3172 0.5475 0.0111 0.0000	</row0>
					<row1>	-0.5472 1.3170 -0.0302 0.0000	</row1>
					<row2>	-0.0218 0.0236 1.4261 0.0000	</row2>
					<row3>	0.2474 -0.3882 -7.1192 1.0000	</row3>
				</transform>
			</node>
			<node>
				<identifier>	MP_CM126_Cleat	</identifier>
				<transform>
					<row0>	0.9888 0.0000 -0.1489 0.0000	</row0>
					<row1>	0.0000 1.0000 0.0000 0.0000	</row1>
					<row2>	0.1489 0.0000 0.9888 0.0000	</row2>
					<row3>	0.5736 0.2798 -5.9409 1.0000	</row3>
				</transform>
			</node>
			<node>
				<identifier>	MP_CM126_Cleat_INDEX_1	</identifier>
				<transform>
					<row0>	0.9835 0.0000 0.1808 0.0000	</row0>
					<row1>	0.0000 1.0000 0.0000 0.0000	</row1>
					<row2>	-0.1808 0.0000 0.9835 0.0000	</row2>
					<row3>	-0.3413 0.2798 -7.4271 1.0000	</row3>
				</transform>
			</node>
			<node>
				<identifier>	MP_CM126_Cleat_INDEX_2	</identifier>
				<transform>
					<row0>	0.9888 0.0000 0.1489 0.0000	</row0>
					<row1>	0.0000 1.0000 0.0000 0.0000	</row1>
					<row2>	-0.1489 0.0000 0.9888 0.0000	</row2>
					<row3>	-0.5736 0.2798 -5.9409 1.0000	</row3>
				</transform>
			</node>
			<node>
				<identifier>	MP_CM126_Cleat_INDEX_3	</identifier>
				<transform>
					<row0>	0.9835 0.0000 -0.1808 0.0000	</row0>
					<row1>	0.0000 1.0000 0.0000 0.0000	</row1>
					<row2>	0.1808 0.0000 0.9835 0.0000	</row2>
					<row3>	0.3413 0.2798 -7.4271 1.0000	</row3>
				</transform>
			</node>
			<node>
				<identifier>	MP_CM126_Cleat_INDEX_4	</identifier>
				<transform>
					<row0>	0.9888 0.0000 0.1489 0.0000	</row0>
					<row1>	0.0000 1.0000 0.0000 0.0000	</row1>
					<row2>	-0.1489 0.0000 0.9888 0.0000	</row2>
					<row3>	-0.4834 0.2798 -6.5590 1.0000	</row3>
				</transform>
			</node>
			<node>
				<identifier>	MP_CM126_Cleat_INDEX_5	</identifier>
				<transform>
					<row0>	0.9888 0.0000 -0.1489 0.0000	</row0>
					<row1>	0.0000 1.0000 0.0000 0.0000	</row1>
					<row2>	0.1489 0.0000 0.9888 0.0000	</row2>
					<row3>	0.4834 0.2798 -6.5590 1.0000	</row3>
				</transform>
			</node>
			<node>
				<identifier>	MP_CM126_Cleat_INDEX_6	</identifier>
				<transform>
					<row0>	0.9888 0.0000 -0.1489 0.0000	</row0>
					<row1>	0.0000 1.0000 0.0000 0.0000	</row1>
					<row2>	0.1489 0.0000 0.9888 0.0000	</row2>
					<row3>	0.4199 0.2798 -6.9407 1.0000	</row3>
				</transform>
			</node>
			<node>
				<identifier>	MP_CM126_Cleat_INDEX_7	</identifier>
				<transform>
					<row0>	0.9888 0.0000 0.1489 0.0000	</row0>
					<row1>	0.0000 1.0000 0.0000 0.0000	</row1>
					<row2>	-0.1489 0.0000 0.9888 0.0000	</row2>
					<row3>	-0.4199 0.2798 -6.9407 1.0000	</row3>
				</transform>
			</node>
			<node>
				<identifier>	MP_CM137_Anchor_Up	</identifier>
				<transform>
					<row0>	-0.6387 0.0000 0.0000 0.0000	</row0>
					<row1>	0.0000 0.4636 0.4394 0.0000	</row1>
					<row2>	0.0000 0.4394 -0.4636 0.0000	</row2>
					<row3>	0.0000 0.1175 -8.3611 1.0000	</row3>
				</transform>
			</node>
			<node>
				<identifier>	MP_CM138_Anchor_Bottom	</identifier>
				<transform>
					<row0>	-0.5922 0.0000 0.0000 0.0000	</row0>
					<row1>	0.0000 0.5686 0.1656 0.0000	</row1>
					<row2>	0.0000 0.1656 -0.5686 0.0000	</row2>
					<row3>	0.0000 0.1177 -8.3611 1.0000	</row3>
				</transform>
			</node>
			<node>
				<identifier>	MP_RM028_Signal_Lamp	</identifier>
				<transform>
					<row0>	1.4360 0.0000 0.0000 0.0000	</row0>
					<row1>	0.0000 1.2567 0.0000 0.0000	</row1>
					<row2>	0.0000 0.0000 1.4363 0.0000	</row2>
					<row3>	0.0000 0.3130 -8.3775 1.0000	</row3>
				</transform>
			</node>
			<node>
				<identifier>	MP_RM054_Life_buoy	</identifier>
				<transform>
					<row0>	0.1736 0.0000 0.9848 0.0000	</row0>
					<row1>	0.0000 1.0000 0.0000 0.0000	</row1>
					<row2>	-0.9848 0.0000 0.1736 0.0000	</row2>
					<row3>	0.2770 0.3228 -7.8091 1.0000	</row3>
				</transform>
			</node>
			<node>
				<identifier>	MP_RM054_Life_buoy_INDEX_1	</identifier>
				<transform>
					<row0>	0.1736 0.0000 -0.9848 0.0000	</row0>
					<row1>	0.0000 1.0000 0.0000 0.0000	</row1>
					<row2>	0.9848 0.0000 0.1736 0.0000	</row2>
					<row3>	-0.2770 0.3228 -7.8091 1.0000	</row3>
				</transform>
			</node>
			<node>
				<identifier>	MP_RM059_Fairlead	</identifier>
				<transform>
					<row0>	0.6153 -0.0003 -0.0878 0.0000	</row0>
					<row1>	0.0003 0.6216 0.0003 0.0000	</row1>
					<row2>	0.0878 -0.0003 0.6153 0.0000	</row2>
					<row3>	0.5432 0.2796 -6.2448 1.0000	</row3>
				</transform>
			</node>
			<node>
				<identifier>	MP_RM059_Fairlead_INDEX_1	</identifier>
				<transform>
					<row0>	1.1199 -0.0006 -0.1425 0.0000	</row0>
					<row1>	0.0007 1.1289 0.0005 0.0000	</row1>
					<row2>	0.1425 -0.0006 1.1199 0.0000	</row2>
					<row3>	0.6184 0.2871 -5.6531 1.0000	</row3>
				</transform>
			</node>
			<node>
				<identifier>	MP_RM059_Fairlead_INDEX_2	</identifier>
				<transform>
					<row0>	1.1199 0.0006 0.1425 0.0000	</row0>
					<row1>	-0.0007 1.1289 0.0005 0.0000	</row1>
					<row2>	-0.1425 -0.0006 1.1199 0.0000	</row2>
					<row3>	-0.6184 0.2871 -5.6531 1.0000	</row3>
				</transform>
			</node>
			<node>
				<identifier>	MP_RM059_Fairlead_INDEX_3	</identifier>
				<transform>
					<row0>	1.1121 0.0006 0.1942 0.0000	</row0>
					<row1>	-0.0007 1.1289 0.0005 0.0000	</row1>
					<row2>	-0.1942 -0.0007 1.1121 0.0000	</row2>
					<row3>	-0.3613 0.2871 -7.3512 1.0000	</row3>
				</transform>
			</node>
			<node>
				<identifier>	MP_RM059_Fairlead_INDEX_4	</identifier>
				<transform>
					<row0>	1.1121 -0.0006 -0.1942 0.0000	</row0>
					<row1>	0.0007 1.1289 0.0005 0.0000	</row1>
					<row2>	0.1942 -0.0007 1.1121 0.0000	</row2>
					<row3>	0.3613 0.2871 -7.3512 1.0000	</row3>
				</transform>
			</node>
			<node>
				<identifier>	MP_RM059_Fairlead_INDEX_5	</identifier>
				<transform>
					<row0>	0.6153 0.0003 0.0878 0.0000	</row0>
					<row1>	-0.0003 0.6216 0.0003 0.0000	</row1>
					<row2>	-0.0878 -0.0003 0.6153 0.0000	</row2>
					<row3>	-0.5432 0.2796 -6.2448 1.0000	</row3>
				</transform>
			</node>
			<node>
				<identifier>	MP_RM181_Anchor_Fairled	</identifier>
				<transform>
					<row0>	1.7859 0.0000 0.2249 0.0000	</row0>
					<row1>	0.0000 1.8000 0.0000 0.0000	</row1>
					<row2>	-0.2249 0.0000 1.7859 0.0000	</row2>
					<row3>	0.0351 0.2821 -7.9680 1.0000	</row3>
				</transform>
			</node>
			<node>
				<identifier>	MP_RM200_Running_Lights_B	</identifier>
				<transform>
					<row0>	-2.8230 0.0000 0.0000 0.0000	</row0>
					<row1>	0.0000 2.8225 0.0000 0.0000	</row1>
					<row2>	0.0000 0.0000 -2.8225 0.0000	</row2>
					<row3>	0.0000 0.2793 -8.3775 1.0000	</row3>
				</transform>
			</node>
			<node>
				<identifier>	MP_RM249_Coat_of_Arms_USSR	</identifier>
				<transform>
					<row0>	-1.2866 0.0000 0.0000 0.0000	</row0>
					<row1>	0.0000 1.2862 -0.0325 0.0000	</row1>
					<row2>	0.0000 -0.0325 -1.2862 0.0000	</row2>
					<row3>	0.0000 0.2359 -8.3526 1.0000	</row3>
				</transform>
			</node>
			<node>
				<identifier>	MP_RM253_Anchor_Capstan_Bow	</identifier>
				<transform>
					<row0>	1.1564 0.0000 0.0000 0.0000	</row0>
					<row1>	0.0000 0.9305 0.0000 0.0000	</row1>
					<row2>	0.0000 0.0000 1.1564 0.0000	</row2>
					<row3>	0.0000 0.2822 -7.9043 1.0000	</row3>
				</transform>
			</node>
			<node>
				<identifier>	MP_RM255_Break_Handwheel	</identifier>
				<transform>
					<row0>	1.0000 0.0000 0.0000 0.0000	</row0>
					<row1>	0.0000 1.0000 0.0000 0.0000	</row1>
					<row2>	0.0000 0.0000 1.0000 0.0000	</row2>
					<row3>	0.1974 0.2803 -7.8234 1.0000	</row3>
				</transform>
			</node>
			<node>
				<identifier>	MP_RM281_Bollard	</identifier>
				<transform>
					<row0>	1.0000 0.0000 0.0000 0.0000	</row0>
					<row1>	0.0000 1.0000 0.0000 0.0000	</row1>
					<row2>	0.0000 0.0000 1.0000 0.0000	</row2>
					<row3>	-0.1344 0.2791 -7.6499 1.0000	</row3>
				</transform>
			</node>
			<node>
				<identifier>	MP_RM281_Bollard_INDEX_1	</identifier>
				<transform>
					<row0>	1.0000 0.0000 0.0000 0.0000	</row0>
					<row1>	0.0000 1.0000 0.0000 0.0000	</row1>
					<row2>	0.0000 0.0000 1.0000 0.0000	</row2>
					<row3>	0.1344 0.2791 -7.6499 1.0000	</row3>
				</transform>
			</node>
			<node>
				<identifier>	MP_RM284_Hatch	</identifier>
				<transform>
					<row0>	0.9848 0.0000 -0.1736 0.0000	</row0>
					<row1>	0.0000 1.0000 0.0000 0.0000	</row1>
					<row2>	0.1736 0.0000 0.9848 0.0000	</row2>
					<row3>	0.2353 0.2739 -5.9049 1.0000	</row3>
				</transform>
			</node>
			<node>
				<identifier>	MP_RM284_Hatch_INDEX_1	</identifier>
				<transform>
					<row0>	0.9848 0.0000 0.1736 0.0000	</row0>
					<row1>	0.0000 1.0000 0.0000 0.0000	</row1>
					<row2>	-0.1736 0.0000 0.9848 0.0000	</row2>
					<row3>	-0.2353 0.2739 -5.9049 1.0000	</row3>
				</transform>
			</node>
			<node>
				<identifier>	MP_RM288_Hatch	</identifier>
				<transform>
					<row0>	0.2588 0.0000 -0.9659 0.0000	</row0>
					<row1>	0.0000 1.0000 0.0000 0.0000	</row1>
					<row2>	0.9659 0.0000 0.2588 0.0000	</row2>
					<row3>	-0.2000 0.2745 -7.9047 1.0000	</row3>
				</transform>
			</node>
			<node>
				<identifier>	MP_RM288_Hatch_INDEX_1	</identifier>
				<transform>
					<row0>	0.1736 0.0000 -0.9848 0.0000	</row0>
					<row1>	0.0000 1.0000 0.0000 0.0000	</row1>
					<row2>	0.9848 0.0000 0.1736 0.0000	</row2>
					<row3>	-0.1957 0.2743 -6.9037 1.0000	</row3>
				</transform>
			</node>
			<node>
				<identifier>	MP_RM288_Hatch_INDEX_2	</identifier>
				<transform>
					<row0>	0.2588 0.0000 0.9659 0.0000	</row0>
					<row1>	0.0000 1.0000 0.0000 0.0000	</row1>
					<row2>	-0.9659 0.0000 0.2588 0.0000	</row2>
					<row3>	0.2000 0.2745 -7.9047 1.0000	</row3>
				</transform>
			</node>
			<node>
				<identifier>	MP_RM288_Hatch_INDEX_3	</identifier>
				<transform>
					<row0>	0.1736 0.0000 0.9848 0.0000	</row0>
					<row1>	0.0000 1.0000 0.0000 0.0000	</row1>
					<row2>	-0.9848 0.0000 0.1736 0.0000	</row2>
					<row3>	0.1957 0.2743 -6.9037 1.0000	</row3>
				</transform>
			</node>
			<node>
				<identifier>	MP_RM292_Reel	</identifier>
				<transform>
					<row0>	0.6513 0.0000 0.0000 0.0000	</row0>
					<row1>	0.0000 0.6513 0.0000 0.0000	</row1>
					<row2>	0.0000 0.0000 0.6513 0.0000	</row2>
					<row3>	-0.3397 0.2793 -7.0007 1.0000	</row3>
				</transform>
			</node>
			<node>
				<identifier>	MP_RM292_Reel_INDEX_1	</identifier>
				<transform>
					<row0>	-0.7739 0.0000 0.0000 0.0000	</row0>
					<row1>	0.0000 0.7739 0.0000 0.0000	</row1>
					<row2>	0.0000 0.0000 -0.7739 0.0000	</row2>
					<row3>	0.3184 0.2787 -7.1000 1.0000	</row3>
				</transform>
			</node>
			<node>
				<identifier>	MP_RM292_Reel_INDEX_2	</identifier>
				<transform>
					<row0>	-0.7739 0.0000 0.0000 0.0000	</row0>
					<row1>	0.0000 0.7739 0.0000 0.0000	</row1>
					<row2>	0.0000 0.0000 -0.7739 0.0000	</row2>
					<row3>	-0.3184 0.2787 -7.1000 1.0000	</row3>
				</transform>
			</node>
			<node>
				<identifier>	MP_RM292_Reel_INDEX_3	</identifier>
				<transform>
					<row0>	0.6513 0.0000 0.0000 0.0000	</row0>
					<row1>	0.0000 0.6513 0.0000 0.0000	</row1>
					<row2>	0.0000 0.0000 0.6513 0.0000	</row2>
					<row3>	0.3397 0.2793 -7.0007 1.0000	</row3>
				</transform>
			</node>
			<node>
				<identifier>	MP_RM295_Ventilation	</identifier>
				<transform>
					<row0>	1.4080 0.0000 0.0000 0.0000	</row0>
					<row1>	0.0000 1.2645 0.0000 0.0000	</row1>
					<row2>	0.0000 0.0000 1.4080 0.0000	</row2>
					<row3>	0.2721 0.2709 -7.7129 1.0000	</row3>
				</transform>
			</node>
			<node>
				<identifier>	MP_RM295_Ventilation_INDEX_1	</identifier>
				<transform>
					<row0>	1.4080 0.0000 0.0000 0.0000	</row0>
					<row1>	0.0000 1.2645 0.0000 0.0000	</row1>
					<row2>	0.0000 0.0000 1.4080 0.0000	</row2>
					<row3>	-0.2721 0.2709 -7.7129 1.0000	</row3>
				</transform>
			</node>
			<node>
				<identifier>	MP_RM295_Ventilation_INDEX_2	</identifier>
				<transform>
					<row0>	1.4080 0.0000 0.0000 0.0000	</row0>
					<row1>	0.0000 1.2645 0.0000 0.0000	</row1>
					<row2>	0.0000 0.0000 1.4080 0.0000	</row2>
					<row3>	-0.1746 0.2722 -8.0788 1.0000	</row3>
				</transform>
			</node>
			<node>
				<identifier>	MP_RM295_Ventilation_INDEX_3	</identifier>
				<transform>
					<row0>	1.4080 0.0000 0.0000 0.0000	</row0>
					<row1>	0.0000 1.2645 0.0000 0.0000	</row1>
					<row2>	0.0000 0.0000 1.4080 0.0000	</row2>
					<row3>	0.1749 0.2722 -8.0788 1.0000	</row3>
				</transform>
			</node>
			<node>
				<identifier>	MP_RM320_Rescue_Eggs	</identifier>
				<transform>
					<row0>	-0.2951 0.0000 0.9555 0.0000	</row0>
					<row1>	0.0918 0.9954 0.0283 0.0000	</row1>
					<row2>	-0.9511 0.0960 -0.2937 0.0000	</row2>
					<row3>	-0.1945 0.3433 -8.1549 1.0000	</row3>
				</transform>
			</node>
			<node>
				<identifier>	MP_RM320_Rescue_Eggs_INDEX_1	</identifier>
				<transform>
					<row0>	-0.2951 0.0000 -0.9555 0.0000	</row0>
					<row1>	-0.0918 0.9954 0.0283 0.0000	</row1>
					<row2>	0.9511 0.0960 -0.2937 0.0000	</row2>
					<row3>	0.1945 0.3433 -8.1549 1.0000	</row3>
				</transform>
			</node>
			<node>
				<identifier>	MP_RM349_Ventilation_3	</identifier>
				<transform>
					<row0>	1.2347 0.0000 0.0000 0.0000	</row0>
					<row1>	0.0000 1.2347 0.0000 0.0000	</row1>
					<row2>	0.0000 0.0000 1.2347 0.0000	</row2>
					<row3>	-0.1569 0.2834 -5.9048 1.0000	</row3>
				</transform>
			</node>
			<node>
				<identifier>	MP_RM349_Ventilation_3_INDEX_1	</identifier>
				<transform>
					<row0>	1.2347 0.0000 0.0000 0.0000	</row0>
					<row1>	0.0000 1.2347 0.0000 0.0000	</row1>
					<row2>	0.0000 0.0000 1.2347 0.0000	</row2>
					<row3>	-0.1597 0.2834 -6.7934 1.0000	</row3>
				</transform>
			</node>
			<node>
				<identifier>	MP_RM349_Ventilation_3_INDEX_2	</identifier>
				<transform>
					<row0>	1.2347 0.0000 0.0000 0.0000	</row0>
					<row1>	0.0000 1.2347 0.0000 0.0000	</row1>
					<row2>	0.0000 0.0000 1.2347 0.0000	</row2>
					<row3>	0.1597 0.2834 -6.7934 1.0000	</row3>
				</transform>
			</node>
			<node>
				<identifier>	MP_RM349_Ventilation_3_INDEX_3	</identifier>
				<transform>
					<row0>	1.2347 0.0000 0.0000 0.0000	</row0>
					<row1>	0.0000 1.2347 0.0000 0.0000	</row1>
					<row2>	0.0000 0.0000 1.2347 0.0000	</row2>
					<row3>	0.1569 0.2834 -5.9048 1.0000	</row3>
				</transform>
			</node>
			<node>
				<identifier>	MP_RM374_AmmoBox	</identifier>
				<transform>
					<row0>	-0.2186 0.0000 1.4840 0.0000	</row0>
					<row1>	0.0000 1.5000 0.0000 0.0000	</row1>
					<row2>	-1.4840 0.0000 -0.2186 0.0000	</row2>
					<row3>	-0.5315 0.2785 -6.1165 1.0000	</row3>
				</transform>
			</node>
			<node>
				<identifier>	MP_RM374_AmmoBox_INDEX_1	</identifier>
				<transform>
					<row0>	-0.2186 0.0000 -1.4840 0.0000	</row0>
					<row1>	0.0000 1.5000 0.0000 0.0000	</row1>
					<row2>	1.4840 0.0000 -0.2186 0.0000	</row2>
					<row3>	0.5315 0.2785 -6.1165 1.0000	</row3>
				</transform>
			</node>
			<node>
				<identifier>	MP_RM408_Airplane_Crane_Bottom	</identifier>
				<transform>
					<row0>	0.9848 0.0000 -0.1736 0.0000	</row0>
					<row1>	0.0000 1.0000 0.0000 0.0000	</row1>
					<row2>	0.1736 0.0000 0.9848 0.0000	</row2>
					<row3>	0.0000 0.2814 -7.3012 1.0000	</row3>
				</transform>
			</node>
			<node>
				<identifier>	MP_RM409_Airplane_Crane_Top	</identifier>
				<transform>
					<row0>	0.9848 0.0000 -0.1736 0.0000	</row0>
					<row1>	0.0000 1.0000 0.0000 0.0000	</row1>
					<row2>	0.1736 0.0000 0.9848 0.0000	</row2>
					<row3>	0.0115 0.3140 -7.2361 1.0000	</row3>
				</transform>
			</node>
			<node>
				<identifier>	SP_YMS011_YHWL_M_1_INDEX_15	</identifier>
				<transform>
					<row0>	0.9670 0.2154 0.1357 0.0000	</row0>
					<row1>	-0.2152 0.9764 -0.0168 0.0000	</row1>
					<row2>	-0.1362 -0.0129 0.9906 0.0000	</row2>
					<row3>	-0.6007 0.0000 -5.7835 1.0000	</row3>
				</transform>
			</node>
			<node>
				<identifier>	SP_YMS011_YHWL_M_1_INDEX_16	</identifier>
				<transform>
					<row0>	0.9215 0.3517 0.1649 0.0000	</row0>
					<row1>	-0.3436 0.9360 -0.0762 0.0000	</row1>
					<row2>	-0.1812 0.0136 0.9834 0.0000	</row2>
					<row3>	-0.4600 0.0000 -6.6147 1.0000	</row3>
				</transform>
			</node>
			<node>
				<identifier>	SP_YMS011_YHWL_M_1_INDEX_17	</identifier>
				<transform>
					<row0>	0.9033 0.3515 0.2458 0.0000	</row0>
					<row1>	-0.3439 0.9360 -0.0748 0.0000	</row1>
					<row2>	-0.2564 -0.0170 0.9664 0.0000	</row2>
					<row3>	-0.2751 0.0000 -7.4428 1.0000	</row3>
				</transform>
			</node>
			<node>
				<identifier>	SP_YMS012_YHWR_M_1_INDEX_15	</identifier>
				<transform>
					<row0>	0.9670 -0.2154 -0.1357 0.0000	</row0>
					<row1>	0.2152 0.9764 -0.0168 0.0000	</row1>
					<row2>	0.1362 -0.0129 0.9906 0.0000	</row2>
					<row3>	0.6007 0.0000 -5.7835 1.0000	</row3>
				</transform>
			</node>
			<node>
				<identifier>	SP_YMS012_YHWR_M_1_INDEX_16	</identifier>
				<transform>
					<row0>	0.9215 -0.3517 -0.1649 0.0000	</row0>
					<row1>	0.3436 0.9360 -0.0762 0.0000	</row1>
					<row2>	0.1812 0.0136 0.9834 0.0000	</row2>
					<row3>	0.4600 0.0000 -6.6147 1.0000	</row3>
				</transform>
			</node>
			<node>
				<identifier>	SP_YMS012_YHWR_M_1_INDEX_17	</identifier>
				<transform>
					<row0>	0.9033 -0.3515 -0.2458 0.0000	</row0>
					<row1>	0.3439 0.9360 -0.0748 0.0000	</row1>
					<row2>	0.2564 -0.0170 0.9664 0.0000	</row2>
					<row3>	0.2751 0.0000 -7.4428 1.0000	</row3>
				</transform>
			</node>
			<node>
				<identifier>	SP_YMS030_YHAM_M_1	</identifier>
				<transform>
					<row0>	0.2645 0.0000 -0.2975 0.0000	</row0>
					<row1>	0.0000 0.3981 0.0000 0.0000	</row1>
					<row2>	0.2975 0.0000 0.2645 0.0000	</row2>
					<row3>	-0.1190 0.1630 -8.3020 1.0000	</row3>
				</transform>
			</node>
			<node>
				<identifier>	SP_YMS030_YHAM_M_1_INDEX_1	</identifier>
				<transform>
					<row0>	0.2645 0.0000 0.2975 0.0000	</row0>
					<row1>	0.0000 0.3981 0.0000 0.0000	</row1>
					<row2>	-0.2975 0.0000 0.2645 0.0000	</row2>
					<row3>	0.1190 0.1630 -8.3020 1.0000	</row3>
				</transform>
			</node>
			<node>
				<identifier>	SP_YMS031_YHAL_M_1	</identifier>
				<transform>
					<row0>	1.0102 0.1412 0.2277 0.0000	</row0>
					<row1>	-0.1377 1.0355 -0.0310 0.0000	</row1>
					<row2>	-0.2298 0.0000 1.0195 0.0000	</row2>
					<row3>	-0.3207 0.1508 -7.6229 1.0000	</row3>
				</transform>
			</node>
			<node>
				<identifier>	SP_YMS032_YHAR_M_1	</identifier>
				<transform>
					<row0>	1.0102 -0.1412 -0.2277 0.0000	</row0>
					<row1>	0.1377 1.0355 -0.0310 0.0000	</row1>
					<row2>	0.2298 0.0000 1.0195 0.0000	</row2>
					<row3>	0.3207 0.1508 -7.6229 1.0000	</row3>
				</transform>
			</node>
			<node>
				<identifier>	SP_YMS053_YHDC_S_1_INDEX_10	</identifier>
				<transform>
					<row0>	1.0000 0.0000 0.0000 0.0000	</row0>
					<row1>	0.0000 1.0000 0.0000 0.0000	</row1>
					<row2>	0.0000 0.0000 1.0000 0.0000	</row2>
					<row3>	0.0000 0.2960 -6.5655 1.0000	</row3>
				</transform>
			</node>
			<node>
				<identifier>	SP_YMS053_YHDC_S_1_INDEX_11	</identifier>
				<transform>
					<row0>	1.0000 0.0000 0.0000 0.0000	</row0>
					<row1>	0.0000 1.0000 0.0000 0.0000	</row1>
					<row2>	0.0000 0.0000 1.0000 0.0000	</row2>
					<row3>	0.0000 0.2960 -7.6908 1.0000	</row3>
				</transform>
			</node>
			<node>
				<identifier>	SP_YMS085_YHSC_S_1_INDEX_2	</identifier>
				<transform>
					<row0>	0.1133 0.0000 -0.7580 0.0000	</row0>
					<row1>	0.0000 0.7664 0.0000 0.0000	</row1>
					<row2>	0.7580 0.0000 0.1133 0.0000	</row2>
					<row3>	-0.5324 0.2036 -6.3163 1.0000	</row3>
				</transform>
			</node>
			<node>
				<identifier>	SP_YMS085_YHSC_S_1_INDEX_3	</identifier>
				<transform>
					<row0>	0.1133 0.0000 0.7580 0.0000	</row0>
					<row1>	0.0000 0.7664 0.0000 0.0000	</row1>
					<row2>	-0.7580 0.0000 0.1133 0.0000	</row2>
					<row3>	0.5324 0.2036 -6.3163 1.0000	</row3>
				</transform>
			</node>
		</node>
	</node>
	<boundingBox>
		<min>	-0.0667 -0.0667 -0.0667	</min>
		<max>	0.0667 0.0667 0.0667	</max>
	</boundingBox>
</RSB016_Poltava_1942_Stern_ports.visual>
