<ISD002_Paolo_Emilio_1942_MidFront_ports.visual>
	<node>
		<identifier>	Scene Root	</identifier>
		<transform>
			<row0>	1.0000 0.0000 0.0000 0.0000	</row0>
			<row1>	0.0000 1.0000 0.0000 0.0000	</row1>
			<row2>	0.0000 0.0000 1.0000 0.0000	</row2>
			<row3>	0.0000 0.0000 0.0000 1.0000	</row3>
		</transform>
		<node>
			<identifier>	MidFront_ports	</identifier>
			<transform>
				<row0>	1.0000 0.0000 0.0000 0.0000	</row0>
				<row1>	0.0000 1.0000 0.0000 0.0000	</row1>
				<row2>	0.0000 0.0000 1.0000 0.0000	</row2>
				<row3>	0.0000 0.0000 0.0000 1.0000	</row3>
			</transform>
			<node>
				<identifier>	HP_FX_Fire_2	</identifier>
				<transform>
					<row0>	1.0000 0.0000 0.0000 0.0000	</row0>
					<row1>	0.0000 1.0000 0.0000 0.0000	</row1>
					<row2>	0.0000 0.0000 1.0000 0.0000	</row2>
					<row3>	0.0000 0.8778 1.7974 1.0000	</row3>
				</transform>
			</node>
			<node>
				<identifier>	HP_FX_Fire_2_side_1	</identifier>
				<transform>
					<row0>	1.0000 0.0000 0.0000 0.0000	</row0>
					<row1>	0.0000 1.0000 0.0000 0.0000	</row1>
					<row2>	0.0000 0.0000 1.0000 0.0000	</row2>
					<row3>	0.3189 0.4345 2.2528 1.0000	</row3>
				</transform>
			</node>
			<node>
				<identifier>	HP_FX_Fire_2_side_2	</identifier>
				<transform>
					<row0>	1.0000 0.0000 0.0000 0.0000	</row0>
					<row1>	0.0000 1.0000 0.0000 0.0000	</row1>
					<row2>	0.0000 0.0000 1.0000 0.0000	</row2>
					<row3>	-0.3421 0.2949 0.7056 1.0000	</row3>
				</transform>
			</node>
			<node>
				<identifier>	HP_FX_FloodLight_left_2	</identifier>
				<transform>
					<row0>	-1.0000 0.0000 0.0000 0.0000	</row0>
					<row1>	0.0000 1.0000 0.0000 0.0000	</row1>
					<row2>	0.0000 0.0000 -1.0000 0.0000	</row2>
					<row3>	-0.2225 0.3914 0.4754 1.0000	</row3>
				</transform>
			</node>
			<node>
				<identifier>	HP_FX_FloodLight_right_2	</identifier>
				<transform>
					<row0>	1.0000 0.0000 0.0000 0.0000	</row0>
					<row1>	0.0000 1.0000 0.0000 0.0000	</row1>
					<row2>	0.0000 0.0000 1.0000 0.0000	</row2>
					<row3>	0.2265 0.3937 0.4729 1.0000	</row3>
				</transform>
			</node>
			<node>
				<identifier>	HP_FX_Flood_steam_1	</identifier>
				<transform>
					<row0>	1.0000 0.0000 0.0000 0.0000	</row0>
					<row1>	0.0000 0.9730 -0.2308 0.0000	</row1>
					<row2>	0.0000 0.2308 0.9730 0.0000	</row2>
					<row3>	-0.0050 1.0161 0.8048 1.0000	</row3>
				</transform>
			</node>
			<node>
				<identifier>	HP_FX_Flood_steam_left	</identifier>
				<transform>
					<row0>	-1.0000 0.0000 0.0000 0.0000	</row0>
					<row1>	0.0000 1.0000 0.0000 0.0000	</row1>
					<row2>	0.0000 0.0000 -1.0000 0.0000	</row2>
					<row3>	-0.4610 0.4005 1.8427 1.0000	</row3>
				</transform>
			</node>
			<node>
				<identifier>	HP_FX_Flood_water_left_2	</identifier>
				<transform>
					<row0>	-1.0000 0.0000 0.0000 0.0000	</row0>
					<row1>	0.0000 1.0000 0.0000 0.0000	</row1>
					<row2>	0.0000 0.0000 -1.0000 0.0000	</row2>
					<row3>	-0.4291 0.0170 0.6951 1.0000	</row3>
				</transform>
			</node>
			<node>
				<identifier>	HP_FX_Flood_water_right_2	</identifier>
				<transform>
					<row0>	1.0000 0.0000 0.0000 0.0000	</row0>
					<row1>	0.0000 1.0000 0.0000 0.0000	</row1>
					<row2>	0.0000 0.0000 1.0000 0.0000	</row2>
					<row3>	0.4288 0.0200 0.6947 1.0000	</row3>
				</transform>
			</node>
			<node>
				<identifier>	HP_FX_Smoke_1	</identifier>
				<transform>
					<row0>	1.0000 0.0000 0.0000 0.0000	</row0>
					<row1>	0.0000 1.0000 0.0000 0.0000	</row1>
					<row2>	0.0000 0.0000 1.0000 0.0000	</row2>
					<row3>	0.0000 1.0826 1.0732 1.0000	</row3>
				</transform>
			</node>
			<node>
				<identifier>	HP_ID_1	</identifier>
				<transform>
					<row0>	1.0000 0.0000 0.0000 0.0000	</row0>
					<row1>	0.0000 1.0000 0.0000 0.0000	</row1>
					<row2>	0.0000 0.0000 1.0000 0.0000	</row2>
					<row3>	0.0000 1.0931 1.9562 1.0000	</row3>
				</transform>
			</node>
			<node>
				<identifier>	HP_ID_2	</identifier>
				<transform>
					<row0>	1.0000 0.0000 0.0000 0.0000	</row0>
					<row1>	0.0000 1.0000 0.0000 0.0000	</row1>
					<row2>	0.0000 0.0000 1.0000 0.0000	</row2>
					<row3>	0.0000 1.4643 1.6528 1.0000	</row3>
				</transform>
			</node>
			<node>
				<identifier>	HP_ID_3	</identifier>
				<transform>
					<row0>	0.0000 0.0000 1.0000 0.0000	</row0>
					<row1>	0.0000 1.0000 0.0000 0.0000	</row1>
					<row2>	-1.0000 0.0000 0.0000 0.0000	</row2>
					<row3>	-0.3792 0.5930 1.1399 1.0000	</row3>
				</transform>
			</node>
			<node>
				<identifier>	HP_ID_4	</identifier>
				<transform>
					<row0>	0.0000 0.0000 -1.0000 0.0000	</row0>
					<row1>	0.0000 1.0000 0.0000 0.0000	</row1>
					<row2>	1.0000 0.0000 0.0000 0.0000	</row2>
					<row3>	0.3792 0.5930 1.1399 1.0000	</row3>
				</transform>
			</node>
			<node>
				<identifier>	HP_IGA_1	</identifier>
				<transform>
					<row0>	0.0000 0.0000 1.0000 0.0000	</row0>
					<row1>	0.0000 1.0000 0.0000 0.0000	</row1>
					<row2>	-1.0000 0.0000 0.0000 0.0000	</row2>
					<row3>	-0.2572 0.7395 1.6954 1.0000	</row3>
				</transform>
			</node>
			<node>
				<identifier>	HP_IGA_2	</identifier>
				<transform>
					<row0>	0.0000 0.0000 -1.0000 0.0000	</row0>
					<row1>	0.0000 1.0000 0.0000 0.0000	</row1>
					<row2>	1.0000 0.0000 0.0000 0.0000	</row2>
					<row3>	0.2572 0.7395 1.6954 1.0000	</row3>
				</transform>
			</node>
			<node>
				<identifier>	HP_IGM_2	</identifier>
				<transform>
					<row0>	1.0000 0.0000 0.0000 0.0000	</row0>
					<row1>	0.0000 1.0000 0.0000 0.0000	</row1>
					<row2>	0.0000 0.0000 1.0000 0.0000	</row2>
					<row3>	0.0000 0.5972 2.5093 1.0000	</row3>
				</transform>
			</node>
			<node>
				<identifier>	HP_flag_1	</identifier>
				<transform>
					<row0>	0.9775 -0.2108 0.0005 0.0000	</row0>
					<row1>	0.2108 0.9775 -0.0047 0.0000	</row1>
					<row2>	0.0005 0.0047 1.0000 0.0000	</row2>
					<row3>	0.2425 1.3255 1.4502 1.0000	</row3>
				</transform>
			</node>
			<node>
				<identifier>	HP_flag_2	</identifier>
				<transform>
					<row0>	0.9775 0.2108 -0.0005 0.0000	</row0>
					<row1>	-0.2108 0.9775 -0.0047 0.0000	</row1>
					<row2>	-0.0005 0.0047 1.0000 0.0000	</row2>
					<row3>	-0.2425 1.3255 1.4502 1.0000	</row3>
				</transform>
			</node>
			<node>
				<identifier>	HP_flag_3	</identifier>
				<transform>
					<row0>	0.9951 -0.0993 -0.0025 0.0000	</row0>
					<row1>	0.0993 0.9938 0.0499 0.0000	</row1>
					<row2>	-0.0025 -0.0499 0.9988 0.0000	</row2>
					<row3>	0.1822 1.3114 1.4998 1.0000	</row3>
				</transform>
			</node>
			<node>
				<identifier>	HP_flag_4	</identifier>
				<transform>
					<row0>	0.9951 0.0993 0.0025 0.0000	</row0>
					<row1>	-0.0993 0.9938 0.0499 0.0000	</row1>
					<row2>	0.0025 -0.0499 0.9988 0.0000	</row2>
					<row3>	-0.1822 1.3114 1.4998 1.0000	</row3>
				</transform>
			</node>
			<node>
				<identifier>	HP_flag_courtesy	</identifier>
				<transform>
					<row0>	0.9590 -0.2833 0.0066 0.0000	</row0>
					<row1>	0.2833 0.9580 -0.0453 0.0000	</row1>
					<row2>	0.0066 0.0453 0.9990 0.0000	</row2>
					<row3>	0.2852 1.3305 1.4172 1.0000	</row3>
				</transform>
			</node>
			<node>
				<identifier>	HP_flag_house	</identifier>
				<transform>
					<row0>	0.9590 0.2833 -0.0066 0.0000	</row0>
					<row1>	-0.2833 0.9580 -0.0453 0.0000	</row1>
					<row2>	-0.0066 0.0453 0.9990 0.0000	</row2>
					<row3>	-0.2852 1.3305 1.4172 1.0000	</row3>
				</transform>
			</node>
			<node>
				<identifier>	HP_flag_rank	</identifier>
				<transform>
					<row0>	1.0000 -0.0005 0.0000 0.0000	</row0>
					<row1>	0.0005 0.9997 0.0249 0.0000	</row1>
					<row2>	0.0000 -0.0249 0.9997 0.0000	</row2>
					<row3>	0.0000 1.6207 1.4017 1.0000	</row3>
				</transform>
			</node>
			<node>
				<identifier>	MP_CM029_Emergency_Box	</identifier>
				<transform>
					<row0>	-0.6983 0.0000 -0.5193 0.0000	</row0>
					<row1>	0.0000 0.8703 0.0000 0.0000	</row1>
					<row2>	0.5193 0.0000 -0.6983 0.0000	</row2>
					<row3>	-0.0704 0.9849 1.2476 1.0000	</row3>
				</transform>
			</node>
			<node>
				<identifier>	MP_CM029_Emergency_Box_INDEX_1	</identifier>
				<transform>
					<row0>	0.2747 0.0000 -0.9615 0.0000	</row0>
					<row1>	0.0000 1.0000 0.0000 0.0000	</row1>
					<row2>	0.9615 0.0000 0.2747 0.0000	</row2>
					<row3>	-0.1359 0.8234 1.7629 1.0000	</row3>
				</transform>
			</node>
			<node>
				<identifier>	MP_CM029_Emergency_Box_INDEX_2	</identifier>
				<transform>
					<row0>	-0.1686 -0.0174 0.9855 0.0000	</row0>
					<row1>	-0.2781 0.9601 -0.0306 0.0000	</row1>
					<row2>	-0.9456 -0.2793 -0.1667 0.0000	</row2>
					<row3>	0.1552 0.9636 1.9857 1.0000	</row3>
				</transform>
			</node>
			<node>
				<identifier>	MP_CM029_Emergency_Box_INDEX_3	</identifier>
				<transform>
					<row0>	0.2747 0.0000 0.9615 0.0000	</row0>
					<row1>	0.0000 1.0000 0.0000 0.0000	</row1>
					<row2>	-0.9615 0.0000 0.2747 0.0000	</row2>
					<row3>	0.1359 0.8234 1.7629 1.0000	</row3>
				</transform>
			</node>
			<node>
				<identifier>	MP_CM029_Emergency_Box_INDEX_4	</identifier>
				<transform>
					<row0>	-0.1686 0.0174 -0.9855 0.0000	</row0>
					<row1>	0.2781 0.9601 -0.0306 0.0000	</row1>
					<row2>	0.9456 -0.2793 -0.1667 0.0000	</row2>
					<row3>	-0.1552 0.9636 1.9857 1.0000	</row3>
				</transform>
			</node>
			<node>
				<identifier>	MP_CM030_Swab_Rack_2	</identifier>
				<transform>
					<row0>	0.0000 0.0000 -1.0000 0.0000	</row0>
					<row1>	0.0000 1.0000 0.0000 0.0000	</row1>
					<row2>	1.0000 0.0000 0.0000 0.0000	</row2>
					<row3>	0.2201 0.2846 0.8893 1.0000	</row3>
				</transform>
			</node>
			<node>
				<identifier>	MP_CM030_Swab_Rack_2_INDEX_1	</identifier>
				<transform>
					<row0>	0.0000 0.0000 1.0000 0.0000	</row0>
					<row1>	0.0000 1.0000 0.0000 0.0000	</row1>
					<row2>	-1.0000 0.0000 0.0000 0.0000	</row2>
					<row3>	-0.2201 0.2846 0.8893 1.0000	</row3>
				</transform>
			</node>
			<node>
				<identifier>	MP_CM052_Fender	</identifier>
				<transform>
					<row0>	0.0000 0.0000 0.6603 0.0000	</row0>
					<row1>	0.0000 0.6603 0.0000 0.0000	</row1>
					<row2>	-0.6603 0.0000 0.0000 0.0000	</row2>
					<row3>	-0.2435 0.2863 0.9336 1.0000	</row3>
				</transform>
			</node>
			<node>
				<identifier>	MP_CM052_Fender_INDEX_1	</identifier>
				<transform>
					<row0>	0.0000 0.0000 -0.6603 0.0000	</row0>
					<row1>	0.0000 0.6603 0.0000 0.0000	</row1>
					<row2>	0.6603 0.0000 0.0000 0.0000	</row2>
					<row3>	0.2687 0.4276 1.6357 1.0000	</row3>
				</transform>
			</node>
			<node>
				<identifier>	MP_CM052_Fender_INDEX_2	</identifier>
				<transform>
					<row0>	0.0000 0.0000 -0.6603 0.0000	</row0>
					<row1>	0.0000 0.6603 0.0000 0.0000	</row1>
					<row2>	0.6603 0.0000 0.0000 0.0000	</row2>
					<row3>	0.2435 0.2863 0.9336 1.0000	</row3>
				</transform>
			</node>
			<node>
				<identifier>	MP_CM052_Fender_INDEX_3	</identifier>
				<transform>
					<row0>	0.0000 0.0000 0.6603 0.0000	</row0>
					<row1>	0.0000 0.6603 0.0000 0.0000	</row1>
					<row2>	-0.6603 0.0000 0.0000 0.0000	</row2>
					<row3>	-0.2687 0.4276 1.6357 1.0000	</row3>
				</transform>
			</node>
			<node>
				<identifier>	MP_CM060_Flag_Box	</identifier>
				<transform>
					<row0>	0.0251 0.0000 0.4274 0.0000	</row0>
					<row1>	0.0000 0.4281 0.0000 0.0000	</row1>
					<row2>	-0.4274 0.0000 0.0251 0.0000	</row2>
					<row3>	0.1385 0.7920 1.4637 1.0000	</row3>
				</transform>
			</node>
			<node>
				<identifier>	MP_CM060_Flag_Box_INDEX_1	</identifier>
				<transform>
					<row0>	0.0251 0.0000 -0.4274 0.0000	</row0>
					<row1>	0.0000 0.4281 0.0000 0.0000	</row1>
					<row2>	0.4274 0.0000 0.0251 0.0000	</row2>
					<row3>	-0.1385 0.7920 1.4637 1.0000	</row3>
				</transform>
			</node>
			<node>
				<identifier>	MP_CM082_Rope	</identifier>
				<transform>
					<row0>	0.3364 0.0000 0.0000 0.0000	</row0>
					<row1>	0.0000 -0.3364 0.0000 0.0000	</row1>
					<row2>	0.0000 0.0000 -0.3364 0.0000	</row2>
					<row3>	0.1326 0.8019 1.4753 1.0000	</row3>
				</transform>
			</node>
			<node>
				<identifier>	MP_CM082_Rope_INDEX_1	</identifier>
				<transform>
					<row0>	0.3022 0.0000 0.0000 0.0000	</row0>
					<row1>	0.0000 0.3022 0.0000 0.0000	</row1>
					<row2>	0.0000 0.0000 0.3022 0.0000	</row2>
					<row3>	-0.1332 0.8091 1.4862 1.0000	</row3>
				</transform>
			</node>
			<node>
				<identifier>	MP_CM082_Rope_INDEX_2	</identifier>
				<transform>
					<row0>	0.3022 0.0000 0.0000 0.0000	</row0>
					<row1>	0.0000 0.3022 0.0000 0.0000	</row1>
					<row2>	0.0000 0.0000 0.3022 0.0000	</row2>
					<row3>	0.1332 0.8091 1.4862 1.0000	</row3>
				</transform>
			</node>
			<node>
				<identifier>	MP_CM082_Rope_INDEX_3	</identifier>
				<transform>
					<row0>	0.3205 0.0000 0.0000 0.0000	</row0>
					<row1>	0.0000 -0.3205 0.0000 0.0000	</row1>
					<row2>	0.0000 0.0000 -0.3205 0.0000	</row2>
					<row3>	0.1317 0.8025 1.4648 1.0000	</row3>
				</transform>
			</node>
			<node>
				<identifier>	MP_CM082_Rope_INDEX_4	</identifier>
				<transform>
					<row0>	0.2760 0.0000 0.0000 0.0000	</row0>
					<row1>	0.0000 0.2760 0.0000 0.0000	</row1>
					<row2>	0.0000 0.0000 0.2760 0.0000	</row2>
					<row3>	0.1315 0.8101 1.4536 1.0000	</row3>
				</transform>
			</node>
			<node>
				<identifier>	MP_CM082_Rope_INDEX_5	</identifier>
				<transform>
					<row0>	0.4267 0.0000 0.0000 0.0000	</row0>
					<row1>	0.0000 -0.4267 0.0000 0.0000	</row1>
					<row2>	0.0000 0.0000 -0.4267 0.0000	</row2>
					<row3>	0.1310 0.7996 1.4418 1.0000	</row3>
				</transform>
			</node>
			<node>
				<identifier>	MP_CM082_Rope_INDEX_6	</identifier>
				<transform>
					<row0>	0.3364 0.0000 0.0000 0.0000	</row0>
					<row1>	0.0000 -0.3364 0.0000 0.0000	</row1>
					<row2>	0.0000 0.0000 -0.3364 0.0000	</row2>
					<row3>	-0.1326 0.8019 1.4753 1.0000	</row3>
				</transform>
			</node>
			<node>
				<identifier>	MP_CM082_Rope_INDEX_7	</identifier>
				<transform>
					<row0>	0.3205 0.0000 0.0000 0.0000	</row0>
					<row1>	0.0000 -0.3205 0.0000 0.0000	</row1>
					<row2>	0.0000 0.0000 -0.3205 0.0000	</row2>
					<row3>	-0.1317 0.8025 1.4648 1.0000	</row3>
				</transform>
			</node>
			<node>
				<identifier>	MP_CM082_Rope_INDEX_8	</identifier>
				<transform>
					<row0>	0.4267 0.0000 0.0000 0.0000	</row0>
					<row1>	0.0000 -0.4267 0.0000 0.0000	</row1>
					<row2>	0.0000 0.0000 -0.4267 0.0000	</row2>
					<row3>	-0.1310 0.7996 1.4418 1.0000	</row3>
				</transform>
			</node>
			<node>
				<identifier>	MP_CM082_Rope_INDEX_9	</identifier>
				<transform>
					<row0>	0.2760 0.0000 0.0000 0.0000	</row0>
					<row1>	0.0000 0.2760 0.0000 0.0000	</row1>
					<row2>	0.0000 0.0000 0.2760 0.0000	</row2>
					<row3>	-0.1315 0.8101 1.4536 1.0000	</row3>
				</transform>
			</node>
			<node>
				<identifier>	MP_CM092_Siren	</identifier>
				<transform>
					<row0>	1.5813 0.0000 0.0000 0.0000	</row0>
					<row1>	0.0000 1.5813 0.0000 0.0000	</row1>
					<row2>	0.0000 0.0000 1.5813 0.0000	</row2>
					<row3>	0.0530 0.9324 1.2677 1.0000	</row3>
				</transform>
			</node>
			<node>
				<identifier>	MP_CM126_Cleat	</identifier>
				<transform>
					<row0>	1.0000 0.0000 0.0000 0.0000	</row0>
					<row1>	0.0000 0.0000 -1.0000 0.0000	</row1>
					<row2>	0.0000 1.0000 0.0000 0.0000	</row2>
					<row3>	-0.4727 0.5227 1.3249 1.0000	</row3>
				</transform>
			</node>
			<node>
				<identifier>	MP_CM126_Cleat_INDEX_1	</identifier>
				<transform>
					<row0>	-1.0000 0.0000 0.0000 0.0000	</row0>
					<row1>	0.0000 0.0000 1.0000 0.0000	</row1>
					<row2>	0.0000 1.0000 0.0000 0.0000	</row2>
					<row3>	-0.4727 0.5227 1.6238 1.0000	</row3>
				</transform>
			</node>
			<node>
				<identifier>	MP_CM126_Cleat_INDEX_2	</identifier>
				<transform>
					<row0>	1.0000 0.0000 0.0000 0.0000	</row0>
					<row1>	0.0000 0.0000 -1.0000 0.0000	</row1>
					<row2>	0.0000 1.0000 0.0000 0.0000	</row2>
					<row3>	0.4727 0.5227 1.3249 1.0000	</row3>
				</transform>
			</node>
			<node>
				<identifier>	MP_CM126_Cleat_INDEX_3	</identifier>
				<transform>
					<row0>	-1.0000 0.0000 0.0000 0.0000	</row0>
					<row1>	0.0000 0.0000 1.0000 0.0000	</row1>
					<row2>	0.0000 1.0000 0.0000 0.0000	</row2>
					<row3>	0.4727 0.5227 1.6238 1.0000	</row3>
				</transform>
			</node>
			<node>
				<identifier>	MP_IM001_Paramine_Tipo_C	</identifier>
				<transform>
					<row0>	0.0000 1.0000 0.0000 0.0000	</row0>
					<row1>	-0.9869 0.0000 -0.1612 0.0000	</row1>
					<row2>	-0.1612 0.0000 0.9869 0.0000	</row2>
					<row3>	0.2511 0.5229 2.4176 1.0000	</row3>
				</transform>
			</node>
			<node>
				<identifier>	MP_IM001_Paramine_Tipo_C_INDEX_1	</identifier>
				<transform>
					<row0>	0.0000 -1.0000 0.0000 0.0000	</row0>
					<row1>	0.9869 0.0000 -0.1612 0.0000	</row1>
					<row2>	0.1612 0.0000 0.9869 0.0000	</row2>
					<row3>	-0.2512 0.5222 2.4174 1.0000	</row3>
				</transform>
			</node>
			<node>
				<identifier>	MP_IM010_Life_Jacket	</identifier>
				<transform>
					<row0>	0.5440 0.0000 -0.9594 0.0000	</row0>
					<row1>	0.0000 1.1029 0.0000 0.0000	</row1>
					<row2>	0.9594 0.0000 0.5440 0.0000	</row2>
					<row3>	0.3223 0.7812 1.5907 1.0000	</row3>
				</transform>
			</node>
			<node>
				<identifier>	MP_IM010_Life_Jacket_INDEX_1	</identifier>
				<transform>
					<row0>	0.0007 0.0000 -1.1029 0.0000	</row0>
					<row1>	0.0000 1.1029 0.0000 0.0000	</row1>
					<row2>	1.1029 0.0000 0.0007 0.0000	</row2>
					<row3>	0.2685 0.7812 1.5737 1.0000	</row3>
				</transform>
			</node>
			<node>
				<identifier>	MP_IM010_Life_Jacket_INDEX_10	</identifier>
				<transform>
					<row0>	0.4107 0.0000 -1.0236 0.0000	</row0>
					<row1>	0.0000 1.1029 0.0000 0.0000	</row1>
					<row2>	1.0236 0.0000 0.4107 0.0000	</row2>
					<row3>	0.2998 0.7812 1.5798 1.0000	</row3>
				</transform>
			</node>
			<node>
				<identifier>	MP_IM010_Life_Jacket_INDEX_11	</identifier>
				<transform>
					<row0>	0.8565 0.0000 0.6949 0.0000	</row0>
					<row1>	0.0000 1.1029 0.0000 0.0000	</row1>
					<row2>	-0.6949 0.0000 0.8565 0.0000	</row2>
					<row3>	-0.3492 0.7812 1.6106 1.0000	</row3>
				</transform>
			</node>
			<node>
				<identifier>	MP_IM010_Life_Jacket_INDEX_2	</identifier>
				<transform>
					<row0>	0.9418 0.0000 -0.5740 0.0000	</row0>
					<row1>	0.0000 1.1029 0.0000 0.0000	</row1>
					<row2>	0.5740 0.0000 0.9418 0.0000	</row2>
					<row3>	0.3632 0.7812 1.6313 1.0000	</row3>
				</transform>
			</node>
			<node>
				<identifier>	MP_IM010_Life_Jacket_INDEX_3	</identifier>
				<transform>
					<row0>	0.0007 0.0000 1.1029 0.0000	</row0>
					<row1>	0.0000 1.1029 0.0000 0.0000	</row1>
					<row2>	-1.1029 0.0000 0.0007 0.0000	</row2>
					<row3>	-0.2685 0.7812 1.5737 1.0000	</row3>
				</transform>
			</node>
			<node>
				<identifier>	MP_IM010_Life_Jacket_INDEX_4	</identifier>
				<transform>
					<row0>	0.9418 0.0000 0.5740 0.0000	</row0>
					<row1>	0.0000 1.1029 0.0000 0.0000	</row1>
					<row2>	-0.5740 0.0000 0.9418 0.0000	</row2>
					<row3>	-0.3636 0.7812 1.6311 1.0000	</row3>
				</transform>
			</node>
			<node>
				<identifier>	MP_IM010_Life_Jacket_INDEX_5	</identifier>
				<transform>
					<row0>	0.4107 0.0000 1.0236 0.0000	</row0>
					<row1>	0.0000 1.1029 0.0000 0.0000	</row1>
					<row2>	-1.0236 0.0000 0.4107 0.0000	</row2>
					<row3>	-0.3005 0.7812 1.5807 1.0000	</row3>
				</transform>
			</node>
			<node>
				<identifier>	MP_IM010_Life_Jacket_INDEX_6	</identifier>
				<transform>
					<row0>	0.8249 0.0000 -0.7321 0.0000	</row0>
					<row1>	0.0000 1.1029 0.0000 0.0000	</row1>
					<row2>	0.7321 0.0000 0.8249 0.0000	</row2>
					<row3>	0.3487 0.7812 1.6111 1.0000	</row3>
				</transform>
			</node>
			<node>
				<identifier>	MP_IM010_Life_Jacket_INDEX_7	</identifier>
				<transform>
					<row0>	0.5439 0.0000 0.9594 0.0000	</row0>
					<row1>	0.0000 1.1029 0.0000 0.0000	</row1>
					<row2>	-0.9594 0.0000 0.5439 0.0000	</row2>
					<row3>	-0.3231 0.7812 1.5916 1.0000	</row3>
				</transform>
			</node>
			<node>
				<identifier>	MP_IM010_Life_Jacket_INDEX_8	</identifier>
				<transform>
					<row0>	0.0053 0.0000 -1.1029 0.0000	</row0>
					<row1>	0.0000 1.1029 0.0000 0.0000	</row1>
					<row2>	1.1029 0.0000 0.0053 0.0000	</row2>
					<row3>	0.2435 0.7812 1.5736 1.0000	</row3>
				</transform>
			</node>
			<node>
				<identifier>	MP_IM010_Life_Jacket_INDEX_9	</identifier>
				<transform>
					<row0>	0.0053 0.0000 1.1029 0.0000	</row0>
					<row1>	0.0000 1.1029 0.0000 0.0000	</row1>
					<row2>	-1.1029 0.0000 0.0053 0.0000	</row2>
					<row3>	-0.2435 0.7812 1.5736 1.0000	</row3>
				</transform>
			</node>
			<node>
				<identifier>	MP_IM021_Turtle	</identifier>
				<transform>
					<row0>	-0.1739 0.0000 0.9848 0.0000	</row0>
					<row1>	0.0000 1.0000 0.0000 0.0000	</row1>
					<row2>	-0.9848 0.0000 -0.1739 0.0000	</row2>
					<row3>	-0.1114 0.9868 1.1031 1.0000	</row3>
				</transform>
			</node>
			<node>
				<identifier>	MP_IM021_Turtle_INDEX_1	</identifier>
				<transform>
					<row0>	-0.8203 0.0261 -0.5713 0.0000	</row0>
					<row1>	-0.1349 0.9620 0.2376 0.0000	</row1>
					<row2>	0.5558 0.2719 -0.7856 0.0000	</row2>
					<row3>	0.0851 0.9826 1.8365 1.0000	</row3>
				</transform>
			</node>
			<node>
				<identifier>	MP_IM021_Turtle_INDEX_10	</identifier>
				<transform>
					<row0>	-0.1739 0.0000 -0.9848 0.0000	</row0>
					<row1>	0.0000 1.0000 0.0000 0.0000	</row1>
					<row2>	0.9848 0.0000 -0.1739 0.0000	</row2>
					<row3>	0.1084 0.9868 1.0875 1.0000	</row3>
				</transform>
			</node>
			<node>
				<identifier>	MP_IM021_Turtle_INDEX_11	</identifier>
				<transform>
					<row0>	-0.1071 0.0000 0.9942 0.0000	</row0>
					<row1>	0.0000 1.0000 0.0000 0.0000	</row1>
					<row2>	-0.9942 0.0000 -0.1071 0.0000	</row2>
					<row3>	-0.1524 0.8116 1.8610 1.0000	</row3>
				</transform>
			</node>
			<node>
				<identifier>	MP_IM021_Turtle_INDEX_12	</identifier>
				<transform>
					<row0>	-0.1071 0.0000 -0.9942 0.0000	</row0>
					<row1>	0.0000 1.0000 0.0000 0.0000	</row1>
					<row2>	0.9942 0.0000 -0.1071 0.0000	</row2>
					<row3>	0.1576 0.8116 1.9112 1.0000	</row3>
				</transform>
			</node>
			<node>
				<identifier>	MP_IM021_Turtle_INDEX_13	</identifier>
				<transform>
					<row0>	-0.8315 -0.0349 0.5544 0.0000	</row0>
					<row1>	0.1143 0.9659 0.2321 0.0000	</row1>
					<row2>	-0.5436 0.2564 -0.7992 0.0000	</row2>
					<row3>	-0.0762 0.9987 1.8356 1.0000	</row3>
				</transform>
			</node>
			<node>
				<identifier>	MP_IM021_Turtle_INDEX_14	</identifier>
				<transform>
					<row0>	-0.1071 0.0000 -0.9942 0.0000	</row0>
					<row1>	0.0000 1.0000 0.0000 0.0000	</row1>
					<row2>	0.9942 0.0000 -0.1071 0.0000	</row2>
					<row3>	0.1524 0.8116 1.8610 1.0000	</row3>
				</transform>
			</node>
			<node>
				<identifier>	MP_IM021_Turtle_INDEX_15	</identifier>
				<transform>
					<row0>	-0.1071 0.0000 0.9942 0.0000	</row0>
					<row1>	0.0000 1.0000 0.0000 0.0000	</row1>
					<row2>	-0.9942 0.0000 -0.1071 0.0000	</row2>
					<row3>	-0.1576 0.8116 1.9112 1.0000	</row3>
				</transform>
			</node>
			<node>
				<identifier>	MP_IM021_Turtle_INDEX_16	</identifier>
				<transform>
					<row0>	-0.1071 0.0000 0.9942 0.0000	</row0>
					<row1>	0.0000 1.0000 0.0000 0.0000	</row1>
					<row2>	-0.9942 0.0000 -0.1071 0.0000	</row2>
					<row3>	-0.1505 0.8116 1.8440 1.0000	</row3>
				</transform>
			</node>
			<node>
				<identifier>	MP_IM021_Turtle_INDEX_17	</identifier>
				<transform>
					<row0>	-0.8428 -0.0170 0.5379 0.0000	</row0>
					<row1>	0.1272 0.9649 0.2299 0.0000	</row1>
					<row2>	-0.5229 0.2622 -0.8110 0.0000	</row2>
					<row3>	-0.0705 0.9825 1.8268 1.0000	</row3>
				</transform>
			</node>
			<node>
				<identifier>	MP_IM021_Turtle_INDEX_18	</identifier>
				<transform>
					<row0>	0.0000 0.0000 -1.0000 0.0000	</row0>
					<row1>	0.0000 1.0000 0.0000 0.0000	</row1>
					<row2>	1.0000 0.0000 0.0000 0.0000	</row2>
					<row3>	0.2207 0.3638 0.6264 1.0000	</row3>
				</transform>
			</node>
			<node>
				<identifier>	MP_IM021_Turtle_INDEX_19	</identifier>
				<transform>
					<row0>	0.0000 0.0000 1.0000 0.0000	</row0>
					<row1>	0.0000 1.0000 0.0000 0.0000	</row1>
					<row2>	-1.0000 0.0000 0.0000 0.0000	</row2>
					<row3>	-0.2207 0.3803 0.6373 1.0000	</row3>
				</transform>
			</node>
			<node>
				<identifier>	MP_IM021_Turtle_INDEX_2	</identifier>
				<transform>
					<row0>	-0.1071 0.0000 -0.9942 0.0000	</row0>
					<row1>	0.0000 1.0000 0.0000 0.0000	</row1>
					<row2>	0.9942 0.0000 -0.1071 0.0000	</row2>
					<row3>	0.1559 0.8116 1.8944 1.0000	</row3>
				</transform>
			</node>
			<node>
				<identifier>	MP_IM021_Turtle_INDEX_20	</identifier>
				<transform>
					<row0>	-0.1739 0.0000 0.9848 0.0000	</row0>
					<row1>	0.0000 1.0000 0.0000 0.0000	</row1>
					<row2>	-0.9848 0.0000 -0.1739 0.0000	</row2>
					<row3>	-0.1084 0.9868 1.0875 1.0000	</row3>
				</transform>
			</node>
			<node>
				<identifier>	MP_IM021_Turtle_INDEX_21	</identifier>
				<transform>
					<row0>	-0.7980 -0.0392 0.6014 0.0000	</row0>
					<row1>	0.1434 0.9569 0.2527 0.0000	</row1>
					<row2>	-0.5854 0.2879 -0.7579 0.0000	</row2>
					<row3>	-0.0612 0.9994 1.8263 1.0000	</row3>
				</transform>
			</node>
			<node>
				<identifier>	MP_IM021_Turtle_INDEX_22	</identifier>
				<transform>
					<row0>	-0.1071 0.0000 0.9942 0.0000	</row0>
					<row1>	0.0000 1.0000 0.0000 0.0000	</row1>
					<row2>	-0.9942 0.0000 -0.1071 0.0000	</row2>
					<row3>	-0.1541 0.8116 1.8774 1.0000	</row3>
				</transform>
			</node>
			<node>
				<identifier>	MP_IM021_Turtle_INDEX_23	</identifier>
				<transform>
					<row0>	0.0000 0.0000 -1.0000 0.0000	</row0>
					<row1>	0.0000 1.0000 0.0000 0.0000	</row1>
					<row2>	1.0000 0.0000 0.0000 0.0000	</row2>
					<row3>	0.2207 0.3803 0.6373 1.0000	</row3>
				</transform>
			</node>
			<node>
				<identifier>	MP_IM021_Turtle_INDEX_24	</identifier>
				<transform>
					<row0>	0.0000 0.0000 1.0000 0.0000	</row0>
					<row1>	0.0000 1.0000 0.0000 0.0000	</row1>
					<row2>	-1.0000 0.0000 0.0000 0.0000	</row2>
					<row3>	-0.2207 0.3638 0.6264 1.0000	</row3>
				</transform>
			</node>
			<node>
				<identifier>	MP_IM021_Turtle_INDEX_25	</identifier>
				<transform>
					<row0>	-0.8428 0.0170 -0.5379 0.0000	</row0>
					<row1>	-0.1272 0.9649 0.2299 0.0000	</row1>
					<row2>	0.5229 0.2622 -0.8110 0.0000	</row2>
					<row3>	0.0705 0.9825 1.8268 1.0000	</row3>
				</transform>
			</node>
			<node>
				<identifier>	MP_IM021_Turtle_INDEX_26	</identifier>
				<transform>
					<row0>	-0.8198 -0.0269 0.5720 0.0000	</row0>
					<row1>	0.1441 0.9571 0.2514 0.0000	</row1>
					<row2>	-0.5542 0.2885 -0.7807 0.0000	</row2>
					<row3>	-0.0910 0.9988 1.8461 1.0000	</row3>
				</transform>
			</node>
			<node>
				<identifier>	MP_IM021_Turtle_INDEX_27	</identifier>
				<transform>
					<row0>	-0.8203 -0.0261 0.5713 0.0000	</row0>
					<row1>	0.1349 0.9620 0.2376 0.0000	</row1>
					<row2>	-0.5558 0.2719 -0.7856 0.0000	</row2>
					<row3>	-0.0851 0.9826 1.8365 1.0000	</row3>
				</transform>
			</node>
			<node>
				<identifier>	MP_IM021_Turtle_INDEX_28	</identifier>
				<transform>
					<row0>	-0.8198 0.0269 -0.5720 0.0000	</row0>
					<row1>	-0.1441 0.9571 0.2514 0.0000	</row1>
					<row2>	0.5542 0.2885 -0.7807 0.0000	</row2>
					<row3>	0.0910 0.9988 1.8461 1.0000	</row3>
				</transform>
			</node>
			<node>
				<identifier>	MP_IM021_Turtle_INDEX_29	</identifier>
				<transform>
					<row0>	-0.1071 0.0000 0.9942 0.0000	</row0>
					<row1>	0.0000 1.0000 0.0000 0.0000	</row1>
					<row2>	-0.9942 0.0000 -0.1071 0.0000	</row2>
					<row3>	-0.1559 0.8116 1.8944 1.0000	</row3>
				</transform>
			</node>
			<node>
				<identifier>	MP_IM021_Turtle_INDEX_3	</identifier>
				<transform>
					<row0>	0.0000 0.0000 1.0000 0.0000	</row0>
					<row1>	0.0000 1.0000 0.0000 0.0000	</row1>
					<row2>	-1.0000 0.0000 0.0000 0.0000	</row2>
					<row3>	-0.2207 0.3638 0.6487 1.0000	</row3>
				</transform>
			</node>
			<node>
				<identifier>	MP_IM021_Turtle_INDEX_4	</identifier>
				<transform>
					<row0>	-0.1071 0.0000 -0.9942 0.0000	</row0>
					<row1>	0.0000 1.0000 0.0000 0.0000	</row1>
					<row2>	0.9942 0.0000 -0.1071 0.0000	</row2>
					<row3>	0.1541 0.8116 1.8774 1.0000	</row3>
				</transform>
			</node>
			<node>
				<identifier>	MP_IM021_Turtle_INDEX_5	</identifier>
				<transform>
					<row0>	-0.7980 0.0392 -0.6014 0.0000	</row0>
					<row1>	-0.1434 0.9569 0.2527 0.0000	</row1>
					<row2>	0.5854 0.2879 -0.7579 0.0000	</row2>
					<row3>	0.0612 0.9994 1.8263 1.0000	</row3>
				</transform>
			</node>
			<node>
				<identifier>	MP_IM021_Turtle_INDEX_6	</identifier>
				<transform>
					<row0>	-0.1071 0.0000 -0.9942 0.0000	</row0>
					<row1>	0.0000 1.0000 0.0000 0.0000	</row1>
					<row2>	0.9942 0.0000 -0.1071 0.0000	</row2>
					<row3>	0.1505 0.8116 1.8440 1.0000	</row3>
				</transform>
			</node>
			<node>
				<identifier>	MP_IM021_Turtle_INDEX_7	</identifier>
				<transform>
					<row0>	-0.8315 0.0349 -0.5544 0.0000	</row0>
					<row1>	-0.1143 0.9659 0.2321 0.0000	</row1>
					<row2>	0.5436 0.2564 -0.7992 0.0000	</row2>
					<row3>	0.0762 0.9987 1.8356 1.0000	</row3>
				</transform>
			</node>
			<node>
				<identifier>	MP_IM021_Turtle_INDEX_8	</identifier>
				<transform>
					<row0>	0.0000 0.0000 -1.0000 0.0000	</row0>
					<row1>	0.0000 1.0000 0.0000 0.0000	</row1>
					<row2>	1.0000 0.0000 0.0000 0.0000	</row2>
					<row3>	0.2207 0.3638 0.6487 1.0000	</row3>
				</transform>
			</node>
			<node>
				<identifier>	MP_IM021_Turtle_INDEX_9	</identifier>
				<transform>
					<row0>	-0.1739 0.0000 -0.9848 0.0000	</row0>
					<row1>	0.0000 1.0000 0.0000 0.0000	</row1>
					<row2>	0.9848 0.0000 -0.1739 0.0000	</row2>
					<row3>	0.1114 0.9868 1.1031 1.0000	</row3>
				</transform>
			</node>
			<node>
				<identifier>	MP_IM026_Reels	</identifier>
				<transform>
					<row0>	0.0000 0.0000 0.3982 0.0000	</row0>
					<row1>	0.0000 0.3982 0.0000 0.0000	</row1>
					<row2>	-0.3982 0.0000 0.0000 0.0000	</row2>
					<row3>	-0.4204 0.4256 1.3018 1.0000	</row3>
				</transform>
			</node>
			<node>
				<identifier>	MP_IM026_Reels_INDEX_1	</identifier>
				<transform>
					<row0>	0.0000 0.0000 0.3982 0.0000	</row0>
					<row1>	0.0000 0.3982 0.0000 0.0000	</row1>
					<row2>	-0.3982 0.0000 0.0000 0.0000	</row2>
					<row3>	-0.4224 0.2859 0.9466 1.0000	</row3>
				</transform>
			</node>
			<node>
				<identifier>	MP_IM026_Reels_INDEX_2	</identifier>
				<transform>
					<row0>	0.0000 0.0000 -0.3982 0.0000	</row0>
					<row1>	0.0000 0.3982 0.0000 0.0000	</row1>
					<row2>	0.3982 0.0000 0.0000 0.0000	</row2>
					<row3>	0.4204 0.4256 1.3018 1.0000	</row3>
				</transform>
			</node>
			<node>
				<identifier>	MP_IM026_Reels_INDEX_3	</identifier>
				<transform>
					<row0>	0.0000 0.0000 0.3982 0.0000	</row0>
					<row1>	0.0000 0.3982 0.0000 0.0000	</row1>
					<row2>	-0.3982 0.0000 0.0000 0.0000	</row2>
					<row3>	-0.4204 0.4274 1.6225 1.0000	</row3>
				</transform>
			</node>
			<node>
				<identifier>	MP_IM026_Reels_INDEX_4	</identifier>
				<transform>
					<row0>	0.7256 -0.0017 -0.6881 0.0000	</row0>
					<row1>	0.0013 1.0000 -0.0011 0.0000	</row1>
					<row2>	0.6881 0.0000 0.7256 0.0000	</row2>
					<row3>	0.1522 0.5931 2.1910 1.0000	</row3>
				</transform>
			</node>
			<node>
				<identifier>	MP_IM026_Reels_INDEX_5	</identifier>
				<transform>
					<row0>	0.7256 0.0017 0.6881 0.0000	</row0>
					<row1>	-0.0013 1.0000 -0.0011 0.0000	</row1>
					<row2>	-0.6881 0.0000 0.7256 0.0000	</row2>
					<row3>	-0.1522 0.5931 2.1910 1.0000	</row3>
				</transform>
			</node>
			<node>
				<identifier>	MP_IM026_Reels_INDEX_6	</identifier>
				<transform>
					<row0>	0.0000 0.0000 -0.3982 0.0000	</row0>
					<row1>	0.0000 0.3982 0.0000 0.0000	</row1>
					<row2>	0.3982 0.0000 0.0000 0.0000	</row2>
					<row3>	0.4224 0.2859 0.5411 1.0000	</row3>
				</transform>
			</node>
			<node>
				<identifier>	MP_IM026_Reels_INDEX_7	</identifier>
				<transform>
					<row0>	0.0000 0.0000 0.3982 0.0000	</row0>
					<row1>	0.0000 0.3982 0.0000 0.0000	</row1>
					<row2>	-0.3982 0.0000 0.0000 0.0000	</row2>
					<row3>	-0.4224 0.2859 0.5411 1.0000	</row3>
				</transform>
			</node>
			<node>
				<identifier>	MP_IM026_Reels_INDEX_8	</identifier>
				<transform>
					<row0>	0.0000 0.0000 -0.3982 0.0000	</row0>
					<row1>	0.0000 0.3982 0.0000 0.0000	</row1>
					<row2>	0.3982 0.0000 0.0000 0.0000	</row2>
					<row3>	0.4224 0.2859 0.9466 1.0000	</row3>
				</transform>
			</node>
			<node>
				<identifier>	MP_IM026_Reels_INDEX_9	</identifier>
				<transform>
					<row0>	0.0000 0.0000 -0.3982 0.0000	</row0>
					<row1>	0.0000 0.3982 0.0000 0.0000	</row1>
					<row2>	0.3982 0.0000 0.0000 0.0000	</row2>
					<row3>	0.4204 0.4274 1.6225 1.0000	</row3>
				</transform>
			</node>
			<node>
				<identifier>	MP_IM031_Fire_Fighting	</identifier>
				<transform>
					<row0>	0.0000 0.0000 -1.0000 0.0000	</row0>
					<row1>	0.0000 1.0000 0.0000 0.0000	</row1>
					<row2>	1.0000 0.0000 0.0000 0.0000	</row2>
					<row3>	-0.2296 0.2854 0.6507 1.0000	</row3>
				</transform>
			</node>
			<node>
				<identifier>	MP_IM031_Fire_Fighting_INDEX_1	</identifier>
				<transform>
					<row0>	0.0000 0.0000 1.0000 0.0000	</row0>
					<row1>	0.0000 1.0000 0.0000 0.0000	</row1>
					<row2>	-1.0000 0.0000 0.0000 0.0000	</row2>
					<row3>	0.2673 0.4272 1.7432 1.0000	</row3>
				</transform>
			</node>
			<node>
				<identifier>	MP_IM031_Fire_Fighting_INDEX_2	</identifier>
				<transform>
					<row0>	0.0000 0.0000 1.0000 0.0000	</row0>
					<row1>	0.0000 1.0000 0.0000 0.0000	</row1>
					<row2>	-1.0000 0.0000 0.0000 0.0000	</row2>
					<row3>	0.2297 0.2855 0.6507 1.0000	</row3>
				</transform>
			</node>
			<node>
				<identifier>	MP_IM031_Fire_Fighting_INDEX_3	</identifier>
				<transform>
					<row0>	0.0000 0.0000 -1.0000 0.0000	</row0>
					<row1>	0.0000 1.0000 0.0000 0.0000	</row1>
					<row2>	1.0000 0.0000 0.0000 0.0000	</row2>
					<row3>	-0.2672 0.4277 1.7444 1.0000	</row3>
				</transform>
			</node>
			<node>
				<identifier>	MP_IM032_Fire_Hose	</identifier>
				<transform>
					<row0>	0.0000 0.0000 -1.0000 0.0000	</row0>
					<row1>	0.0000 1.0000 0.0000 0.0000	</row1>
					<row2>	1.0000 0.0000 0.0000 0.0000	</row2>
					<row3>	0.2225 0.3376 0.6796 1.0000	</row3>
				</transform>
			</node>
			<node>
				<identifier>	MP_IM032_Fire_Hose_INDEX_1	</identifier>
				<transform>
					<row0>	0.0000 0.0000 1.0000 0.0000	</row0>
					<row1>	0.0000 1.0000 0.0000 0.0000	</row1>
					<row2>	-1.0000 0.0000 0.0000 0.0000	</row2>
					<row3>	-0.2225 0.3376 0.6796 1.0000	</row3>
				</transform>
			</node>
			<node>
				<identifier>	MP_IM032_Fire_Hose_INDEX_2	</identifier>
				<transform>
					<row0>	0.0000 0.0000 1.0000 0.0000	</row0>
					<row1>	0.0000 1.0000 0.0000 0.0000	</row1>
					<row2>	-1.0000 0.0000 0.0000 0.0000	</row2>
					<row3>	-0.2469 0.4774 1.7563 1.0000	</row3>
				</transform>
			</node>
			<node>
				<identifier>	MP_IM032_Fire_Hose_INDEX_3	</identifier>
				<transform>
					<row0>	0.0000 0.0000 -1.0000 0.0000	</row0>
					<row1>	0.0000 1.0000 0.0000 0.0000	</row1>
					<row2>	1.0000 0.0000 0.0000 0.0000	</row2>
					<row3>	0.2469 0.4774 1.7563 1.0000	</row3>
				</transform>
			</node>
			<node>
				<identifier>	MP_IM033_Life_Buoy	</identifier>
				<transform>
					<row0>	0.1181 0.0000 0.9930 0.0000	</row0>
					<row1>	0.0000 1.0000 0.0000 0.0000	</row1>
					<row2>	-0.9930 0.0000 0.1181 0.0000	</row2>
					<row3>	0.1591 0.8122 1.4137 1.0000	</row3>
				</transform>
			</node>
			<node>
				<identifier>	MP_IM033_Life_Buoy_INDEX_1	</identifier>
				<transform>
					<row0>	0.1181 0.0000 -0.9930 0.0000	</row0>
					<row1>	0.0000 1.0000 0.0000 0.0000	</row1>
					<row2>	0.9930 0.0000 0.1181 0.0000	</row2>
					<row3>	-0.1591 0.8122 1.4137 1.0000	</row3>
				</transform>
			</node>
			<node>
				<identifier>	MP_IM033_Life_Buoy_INDEX_2	</identifier>
				<transform>
					<row0>	0.1281 0.0000 -0.9918 0.0000	</row0>
					<row1>	0.0000 1.0000 0.0000 0.0000	</row1>
					<row2>	0.9918 0.0000 0.1281 0.0000	</row2>
					<row3>	-0.1875 0.6635 0.8725 1.0000	</row3>
				</transform>
			</node>
			<node>
				<identifier>	MP_IM033_Life_Buoy_INDEX_3	</identifier>
				<transform>
					<row0>	-0.0303 0.0000 0.9995 0.0000	</row0>
					<row1>	0.0000 1.0000 0.0000 0.0000	</row1>
					<row2>	-0.9995 0.0000 -0.0303 0.0000	</row2>
					<row3>	0.4442 0.5097 1.8557 1.0000	</row3>
				</transform>
			</node>
			<node>
				<identifier>	MP_IM033_Life_Buoy_INDEX_4	</identifier>
				<transform>
					<row0>	-0.0303 0.0000 -0.9995 0.0000	</row0>
					<row1>	0.0000 1.0000 0.0000 0.0000	</row1>
					<row2>	0.9995 0.0000 -0.0303 0.0000	</row2>
					<row3>	-0.4442 0.5097 1.8557 1.0000	</row3>
				</transform>
			</node>
			<node>
				<identifier>	MP_IM033_Life_Buoy_INDEX_5	</identifier>
				<transform>
					<row0>	0.1281 0.0000 0.9918 0.0000	</row0>
					<row1>	0.0000 1.0000 0.0000 0.0000	</row1>
					<row2>	-0.9918 0.0000 0.1281 0.0000	</row2>
					<row3>	0.1875 0.6635 0.8725 1.0000	</row3>
				</transform>
			</node>
			<node>
				<identifier>	MP_IM037_Wind_Direction	</identifier>
				<transform>
					<row0>	0.0000 0.0000 -1.0000 0.0000	</row0>
					<row1>	0.0000 1.0000 0.0000 0.0000	</row1>
					<row2>	1.0000 0.0000 0.0000 0.0000	</row2>
					<row3>	-0.2912 1.3767 1.4186 1.0000	</row3>
				</transform>
			</node>
			<node>
				<identifier>	MP_IM037_Wind_Direction_INDEX_1	</identifier>
				<transform>
					<row0>	0.0000 0.0000 -1.0000 0.0000	</row0>
					<row1>	0.0000 1.0000 0.0000 0.0000	</row1>
					<row2>	1.0000 0.0000 0.0000 0.0000	</row2>
					<row3>	0.2912 1.3767 1.4186 1.0000	</row3>
				</transform>
			</node>
			<node>
				<identifier>	MP_IM505_Baltello_M4_5	</identifier>
				<transform>
					<row0>	1.0000 0.0000 0.0000 0.0000	</row0>
					<row1>	0.0000 1.0000 0.0000 0.0000	</row1>
					<row2>	0.0000 0.0000 1.0000 0.0000	</row2>
					<row3>	-0.3874 0.4433 1.4594 1.0000	</row3>
				</transform>
			</node>
			<node>
				<identifier>	MP_IM505_Baltello_M4_5_INDEX_1	</identifier>
				<transform>
					<row0>	1.0000 0.0000 0.0000 0.0000	</row0>
					<row1>	0.0000 1.0000 0.0000 0.0000	</row1>
					<row2>	0.0000 0.0000 1.0000 0.0000	</row2>
					<row3>	0.3874 0.4433 1.4594 1.0000	</row3>
				</transform>
			</node>
			<node>
				<identifier>	MP_IM600_Pelorus	</identifier>
				<transform>
					<row0>	0.1085 0.0000 -0.9941 0.0000	</row0>
					<row1>	0.0000 1.0000 0.0000 0.0000	</row1>
					<row2>	0.9941 0.0000 0.1085 0.0000	</row2>
					<row3>	-0.2483 0.7400 1.8875 1.0000	</row3>
				</transform>
			</node>
			<node>
				<identifier>	MP_IM600_Pelorus_INDEX_1	</identifier>
				<transform>
					<row0>	0.1085 0.0000 0.9941 0.0000	</row0>
					<row1>	0.0000 1.0000 0.0000 0.0000	</row1>
					<row2>	-0.9941 0.0000 0.1085 0.0000	</row2>
					<row3>	0.2483 0.7400 1.8875 1.0000	</row3>
				</transform>
			</node>
			<node>
				<identifier>	MP_IM608_Antenna	</identifier>
				<transform>
					<row0>	0.0000 0.0000 1.2910 0.0000	</row0>
					<row1>	0.0000 1.2910 0.0000 0.0000	</row1>
					<row2>	-1.2910 0.0000 0.0000 0.0000	</row2>
					<row3>	0.0000 0.9027 2.3087 1.0000	</row3>
				</transform>
			</node>
			<node>
				<identifier>	MP_IM609_VCU	</identifier>
				<transform>
					<row0>	1.0000 0.0000 0.0000 0.0000	</row0>
					<row1>	0.0000 1.0000 0.0000 0.0000	</row1>
					<row2>	0.0000 0.0000 1.0000 0.0000	</row2>
					<row3>	-0.1562 0.9027 2.0904 1.0000	</row3>
				</transform>
			</node>
			<node>
				<identifier>	MP_IM609_VCU_INDEX_1	</identifier>
				<transform>
					<row0>	1.0000 0.0000 0.0000 0.0000	</row0>
					<row1>	0.0000 1.0000 0.0000 0.0000	</row1>
					<row2>	0.0000 0.0000 1.0000 0.0000	</row2>
					<row3>	0.1562 0.9027 2.0904 1.0000	</row3>
				</transform>
			</node>
			<node>
				<identifier>	MP_IM613_Anemometer	</identifier>
				<transform>
					<row0>	1.0000 0.0000 0.0000 0.0000	</row0>
					<row1>	0.0000 1.0000 0.0000 0.0000	</row1>
					<row2>	0.0000 0.0000 1.0000 0.0000	</row2>
					<row3>	0.0000 1.6311 1.4339 1.0000	</row3>
				</transform>
			</node>
			<node>
				<identifier>	MP_IM614_Night_Director	</identifier>
				<transform>
					<row0>	0.0000 0.0000 -1.0000 0.0000	</row0>
					<row1>	0.0000 1.0000 0.0000 0.0000	</row1>
