<ZSC008_Chung_King_1945_Stern_ports.visual>
	<node>
		<identifier>	Scene Root	</identifier>
		<transform>
			<row0>	1.0000 0.0000 0.0000 0.0000	</row0>
			<row1>	0.0000 1.0000 0.0000 0.0000	</row1>
			<row2>	0.0000 0.0000 1.0000 0.0000	</row2>
			<row3>	0.0000 0.0000 0.0000 1.0000	</row3>
		</transform>
		<node>
			<identifier>	Stern_ports	</identifier>
			<transform>
				<row0>	1.0000 0.0000 0.0000 0.0000	</row0>
				<row1>	0.0000 1.0000 0.0000 0.0000	</row1>
				<row2>	0.0000 0.0000 1.0000 0.0000	</row2>
				<row3>	0.0000 0.0000 0.0000 1.0000	</row3>
			</transform>
			<node>
				<identifier>	HP_FX_Fire_4	</identifier>
				<transform>
					<row0>	1.0000 0.0000 0.0000 0.0000	</row0>
					<row1>	0.0000 1.0000 0.0000 0.0000	</row1>
					<row2>	0.0000 0.0000 1.0000 0.0000	</row2>
					<row3>	0.0000 0.2263 -4.2243 1.0000	</row3>
				</transform>
			</node>
			<node>
				<identifier>	HP_FX_WakeTraceBack	</identifier>
				<transform>
					<row0>	1.0000 0.0000 0.0000 0.0000	</row0>
					<row1>	0.0000 1.0000 0.0000 0.0000	</row1>
					<row2>	0.0000 0.0000 1.0000 0.0000	</row2>
					<row3>	0.0000 0.0000 -5.0457 1.0000	</row3>
				</transform>
			</node>
			<node>
				<identifier>	HP_FX_WakeTrace_screw_1	</identifier>
				<transform>
					<row0>	1.0000 0.0000 0.0000 0.0000	</row0>
					<row1>	0.0000 1.0000 0.0000 0.0000	</row1>
					<row2>	0.0000 0.0000 1.0000 0.0000	</row2>
					<row3>	-0.3520 -0.2080 -3.8370 1.0000	</row3>
				</transform>
			</node>
			<node>
				<identifier>	HP_FX_WakeTrace_screw_2	</identifier>
				<transform>
					<row0>	1.0000 0.0000 0.0000 0.0000	</row0>
					<row1>	0.0000 1.0000 0.0000 0.0000	</row1>
					<row2>	0.0000 0.0000 1.0000 0.0000	</row2>
					<row3>	-0.2036 -0.2178 -4.3623 1.0000	</row3>
				</transform>
			</node>
			<node>
				<identifier>	HP_FX_WakeTrace_screw_3	</identifier>
				<transform>
					<row0>	1.0000 0.0000 0.0000 0.0000	</row0>
					<row1>	0.0000 1.0000 0.0000 0.0000	</row1>
					<row2>	0.0000 0.0000 1.0000 0.0000	</row2>
					<row3>	0.2036 -0.2178 -4.3623 1.0000	</row3>
				</transform>
			</node>
			<node>
				<identifier>	HP_FX_WakeTrace_screw_4	</identifier>
				<transform>
					<row0>	1.0000 0.0000 0.0000 0.0000	</row0>
					<row1>	0.0000 1.0000 0.0000 0.0000	</row1>
					<row2>	0.0000 0.0000 1.0000 0.0000	</row2>
					<row3>	0.3520 -0.2080 -3.8370 1.0000	</row3>
				</transform>
			</node>
			<node>
				<identifier>	HP_Ship_death_3	</identifier>
				<transform>
					<row0>	1.0000 0.0000 0.0000 0.0000	</row0>
					<row1>	0.0000 1.0000 0.0000 0.0000	</row1>
					<row2>	0.0000 0.0000 1.0000 0.0000	</row2>
					<row3>	0.0000 0.0000 -3.4417 1.0000	</row3>
				</transform>
			</node>
			<node>
				<identifier>	HP_ZGA_7	</identifier>
				<transform>
					<row0>	-0.8192 0.0000 0.5736 0.0000	</row0>
					<row1>	0.0000 1.0000 0.0000 0.0000	</row1>
					<row2>	-0.5736 0.0000 -0.8192 0.0000	</row2>
					<row3>	-0.1535 0.2325 -4.3753 1.0000	</row3>
				</transform>
			</node>
			<node>
				<identifier>	HP_ZGA_8	</identifier>
				<transform>
					<row0>	-0.8192 0.0000 -0.5736 0.0000	</row0>
					<row1>	0.0000 1.0000 0.0000 0.0000	</row1>
					<row2>	0.5736 0.0000 -0.8192 0.0000	</row2>
					<row3>	0.1535 0.2324 -4.3753 1.0000	</row3>
				</transform>
			</node>
			<node>
				<identifier>	HP_ZGA_9	</identifier>
				<transform>
					<row0>	-1.0000 0.0000 0.0000 0.0000	</row0>
					<row1>	0.0000 1.0000 0.0000 0.0000	</row1>
					<row2>	0.0000 0.0000 -1.0000 0.0000	</row2>
					<row3>	0.0000 0.2402 -4.6473 1.0000	</row3>
				</transform>
			</node>
			<node>
				<identifier>	HP_ZGB_1	</identifier>
				<transform>
					<row0>	-0.1790 0.0000 0.9839 0.0000	</row0>
					<row1>	0.0000 1.0000 0.0000 0.0000	</row1>
					<row2>	-0.9839 0.0000 -0.1790 0.0000	</row2>
					<row3>	-0.3348 0.2283 -4.0170 1.0000	</row3>
				</transform>
			</node>
			<node>
				<identifier>	HP_ZGB_2	</identifier>
				<transform>
					<row0>	-0.1790 0.0000 -0.9839 0.0000	</row0>
					<row1>	0.0000 1.0000 0.0000 0.0000	</row1>
					<row2>	0.9839 0.0000 -0.1790 0.0000	</row2>
					<row3>	0.3348 0.2283 -4.0170 1.0000	</row3>
				</transform>
			</node>
			<node>
				<identifier>	HP_ZGB_3	</identifier>
				<transform>
					<row0>	-0.2976 0.0000 0.9547 0.0000	</row0>
					<row1>	0.0000 1.0000 0.0000 0.0000	</row1>
					<row2>	-0.9547 0.0000 -0.2976 0.0000	</row2>
					<row3>	-0.2283 0.2322 -4.5059 1.0000	</row3>
				</transform>
			</node>
			<node>
				<identifier>	HP_ZGB_4	</identifier>
				<transform>
					<row0>	-0.2976 0.0000 -0.9547 0.0000	</row0>
					<row1>	0.0000 1.0000 0.0000 0.0000	</row1>
					<row2>	0.9547 0.0000 -0.2976 0.0000	</row2>
					<row3>	0.2283 0.2322 -4.5059 1.0000	</row3>
				</transform>
			</node>
			<node>
				<identifier>	HP_ZGB_5	</identifier>
				<transform>
					<row0>	-0.3921 0.0000 0.9199 0.0000	</row0>
					<row1>	0.0000 1.0000 0.0000 0.0000	</row1>
					<row2>	-0.9199 0.0000 -0.3921 0.0000	</row2>
					<row3>	-0.0617 0.2382 -4.7862 1.0000	</row3>
				</transform>
			</node>
			<node>
				<identifier>	HP_ZGM_3	</identifier>
				<transform>
					<row0>	-1.0000 0.0000 0.0000 0.0000	</row0>
					<row1>	0.0000 1.0000 0.0000 0.0000	</row1>
					<row2>	0.0000 0.0000 -1.0000 0.0000	</row2>
					<row3>	0.0000 0.3020 -3.5548 1.0000	</row3>
				</transform>
			</node>
			<node>
				<identifier>	MP_CM001_Propeller3_L	</identifier>
				<transform>
					<row0>	0.7845 -0.0002 -0.0169 0.0000	</row0>
					<row1>	-0.0002 0.7844 -0.0215 0.0000	</row1>
					<row2>	0.0169 0.0215 0.7842 0.0000	</row2>
					<row3>	-0.3523 -0.2083 -3.8372 1.0000	</row3>
				</transform>
			</node>
			<node>
				<identifier>	MP_CM001_Propeller3_L_INDEX_1	</identifier>
				<transform>
					<row0>	0.7334 -0.3110 0.0072 0.0000	</row0>
					<row1>	0.3109 0.7322 -0.0437 0.0000	</row1>
					<row2>	0.0105 0.0431 0.7955 0.0000	</row2>
					<row3>	-0.2036 -0.2178 -4.3620 1.0000	</row3>
				</transform>
			</node>
			<node>
				<identifier>	MP_CM032_Propeller3_R	</identifier>
				<transform>
					<row0>	0.7845 0.0002 0.0169 0.0000	</row0>
					<row1>	0.0002 0.7844 -0.0215 0.0000	</row1>
					<row2>	-0.0169 0.0215 0.7842 0.0000	</row2>
					<row3>	0.3523 -0.2083 -3.8372 1.0000	</row3>
				</transform>
			</node>
			<node>
				<identifier>	MP_CM032_Propeller3_R_INDEX_1	</identifier>
				<transform>
					<row0>	0.7334 0.3110 -0.0072 0.0000	</row0>
					<row1>	-0.3109 0.7322 -0.0437 0.0000	</row1>
					<row2>	-0.0105 0.0431 0.7958 0.0000	</row2>
					<row3>	0.2036 -0.2178 -4.3620 1.0000	</row3>
				</transform>
			</node>
			<node>
				<identifier>	MP_CM057_Accommodation_Ladder_Closed	</identifier>
				<transform>
					<row0>	0.9998 0.0202 0.0000 0.0000	</row0>
					<row1>	-0.0202 0.9998 0.0078 0.0000	</row1>
					<row2>	0.0002 -0.0078 1.0000 0.0000	</row2>
					<row3>	-0.2167 0.2317 -3.3829 1.0000	</row3>
				</transform>
			</node>
			<node>
				<identifier>	MP_CM057_Accommodation_Ladder_Closed_INDEX_1	</identifier>
				<transform>
					<row0>	0.9998 -0.0202 0.0000 0.0000	</row0>
					<row1>	0.0202 0.9998 0.0078 0.0000	</row1>
					<row2>	-0.0002 -0.0078 1.0000 0.0000	</row2>
					<row3>	0.2182 0.2317 -3.3829 1.0000	</row3>
				</transform>
			</node>
			<node>
				<identifier>	MP_ZM102_Life_Buoy	</identifier>
				<transform>
					<row0>	0.3994 0.0000 0.8420 0.0000	</row0>
					<row1>	0.0000 0.9319 0.0000 0.0000	</row1>
					<row2>	-0.8420 0.0000 0.3994 0.0000	</row2>
					<row3>	0.1051 0.2990 -4.8769 1.0000	</row3>
				</transform>
			</node>
			<node>
				<identifier>	MP_ZM852_Running_Lights_B	</identifier>
				<transform>
					<row0>	-1.6439 0.0000 0.0000 0.0000	</row0>
					<row1>	0.0000 1.2921 0.0000 0.0000	</row1>
					<row2>	0.0000 0.0000 -1.6439 0.0000	</row2>
					<row3>	0.0000 0.2683 -5.0395 1.0000	</row3>
				</transform>
			</node>
			<node>
				<identifier>	MP_ZM852_Running_Lights_B_INDEX_1	</identifier>
				<transform>
					<row0>	-1.4074 0.0000 0.0000 0.0000	</row0>
					<row1>	0.0000 1.4077 0.0000 0.0000	</row1>
					<row2>	0.0000 0.0000 -1.4077 0.0000	</row2>
					<row3>	0.0000 0.4699 -5.0895 1.0000	</row3>
				</transform>
			</node>
			<node>
				<identifier>	MP_ZM884_Fog_Light	</identifier>
				<transform>
					<row0>	-1.0000 0.0000 0.0000 0.0000	</row0>
					<row1>	0.0000 1.0000 0.0000 0.0000	</row1>
					<row2>	0.0000 0.0000 -1.0000 0.0000	</row2>
					<row3>	0.0000 0.3173 -5.0377 1.0000	</row3>
				</transform>
			</node>
		</node>
	</node>
	<boundingBox>
		<min>	-0.0667 -0.0667 -0.0667	</min>
		<max>	0.0667 0.0667 0.0667	</max>
	</boundingBox>
</ZSC008_Chung_King_1945_Stern_ports.visual>
