<RSD025_Minsk_1943_Bow_ports.visual>
	<node>
		<identifier>	Scene Root	</identifier>
		<transform>
			<row0>	1.0000 0.0000 0.0000 0.0000	</row0>
			<row1>	0.0000 1.0000 0.0000 0.0000	</row1>
			<row2>	0.0000 0.0000 1.0000 0.0000	</row2>
			<row3>	0.0000 0.0000 0.0000 1.0000	</row3>
		</transform>
		<node>
			<identifier>	Bow_ports	</identifier>
			<transform>
				<row0>	1.0000 0.0000 0.0000 0.0000	</row0>
				<row1>	0.0000 1.0000 0.0000 0.0000	</row1>
				<row2>	0.0000 0.0000 1.0000 0.0000	</row2>
				<row3>	0.0000 0.0000 0.0000 1.0000	</row3>
			</transform>
			<node>
				<identifier>	HP_FX_Death_1	</identifier>
				<transform>
					<row0>	1.0000 0.0000 0.0000 0.0000	</row0>
					<row1>	0.0000 1.0000 0.0000 0.0000	</row1>
					<row2>	0.0000 0.0000 1.0000 0.0000	</row2>
					<row3>	0.0000 0.0000 2.6327 1.0000	</row3>
				</transform>
			</node>
			<node>
				<identifier>	HP_FX_Fire_1	</identifier>
				<transform>
					<row0>	1.0000 0.0000 0.0000 0.0000	</row0>
					<row1>	0.0000 1.0000 0.0000 0.0000	</row1>
					<row2>	0.0000 0.0000 1.0000 0.0000	</row2>
					<row3>	0.0000 0.3280 3.6780 1.0000	</row3>
				</transform>
			</node>
			<node>
				<identifier>	HP_FX_FloodLight_left_2	</identifier>
				<transform>
					<row0>	-1.0000 0.0000 0.0000 0.0000	</row0>
					<row1>	0.0000 1.0000 0.0000 0.0000	</row1>
					<row2>	0.0000 0.0000 -1.0000 0.0000	</row2>
					<row3>	-0.1780 0.4150 2.6576 1.0000	</row3>
				</transform>
			</node>
			<node>
				<identifier>	HP_FX_FloodLight_right_2	</identifier>
				<transform>
					<row0>	1.0000 0.0000 0.0000 0.0000	</row0>
					<row1>	0.0000 1.0000 0.0000 0.0000	</row1>
					<row2>	0.0000 0.0000 1.0000 0.0000	</row2>
					<row3>	0.1800 0.4220 2.6610 1.0000	</row3>
				</transform>
			</node>
			<node>
				<identifier>	HP_FX_WakeTrace	</identifier>
				<transform>
					<row0>	1.0000 0.0000 0.0000 0.0000	</row0>
					<row1>	0.0000 1.0000 0.0000 0.0000	</row1>
					<row2>	0.0000 0.0000 1.0000 0.0000	</row2>
					<row3>	0.0000 0.0000 4.0883 1.0000	</row3>
				</transform>
			</node>
			<node>
				<identifier>	HP_RGM_1	</identifier>
				<transform>
					<row0>	1.0000 0.0000 0.0000 0.0000	</row0>
					<row1>	0.0000 1.0000 0.0000 0.0000	</row1>
					<row2>	0.0000 0.0000 1.0000 0.0000	</row2>
					<row3>	0.0000 0.3257 3.2536 1.0000	</row3>
				</transform>
			</node>
			<node>
				<identifier>	HP_Ship_death_1	</identifier>
				<transform>
					<row0>	1.0000 0.0000 0.0000 0.0000	</row0>
					<row1>	0.0000 1.0000 0.0000 0.0000	</row1>
					<row2>	0.0000 0.0000 1.0000 0.0000	</row2>
					<row3>	0.0000 0.0000 2.6327 1.0000	</row3>
				</transform>
			</node>
			<node>
				<identifier>	MP_CM029_Emergency_Box	</identifier>
				<transform>
					<row0>	-0.2443 0.0000 -0.9697 0.0000	</row0>
					<row1>	0.0000 1.0000 0.0000 0.0000	</row1>
					<row2>	0.9697 0.0000 -0.2443 0.0000	</row2>
					<row3>	-0.1235 0.3602 2.8690 1.0000	</row3>
				</transform>
			</node>
			<node>
				<identifier>	MP_CM086_Anchor_top	</identifier>
				<transform>
					<row0>	0.0012 -0.9782 -0.0034 0.0000	</row0>
					<row1>	0.3151 0.0036 -0.9261 0.0000	</row1>
					<row2>	0.9261 0.0000 0.3151 0.0000	</row2>
					<row3>	-0.1131 0.3357 3.8458 1.0000	</row3>
				</transform>
			</node>
			<node>
				<identifier>	MP_CM086_Anchor_top_INDEX_1	</identifier>
				<transform>
					<row0>	0.0012 0.9782 0.0034 0.0000	</row0>
					<row1>	-0.3151 0.0036 -0.9261 0.0000	</row1>
					<row2>	-0.9261 0.0000 0.3151 0.0000	</row2>
					<row3>	0.1131 0.3357 3.8458 1.0000	</row3>
				</transform>
			</node>
			<node>
				<identifier>	MP_RM060_Hatch	</identifier>
				<transform>
					<row0>	1.0000 0.0000 0.0000 0.0000	</row0>
					<row1>	0.0000 1.0000 0.0000 0.0000	</row1>
					<row2>	0.0000 0.0000 1.0000 0.0000	</row2>
					<row3>	-0.1016 0.3178 3.6420 1.0000	</row3>
				</transform>
			</node>
			<node>
				<identifier>	MP_RM060_Hatch_INDEX_1	</identifier>
				<transform>
					<row0>	1.0000 0.0000 0.0000 0.0000	</row0>
					<row1>	0.0000 0.9999 -0.0110 0.0000	</row1>
					<row2>	0.0000 0.0110 0.9999 0.0000	</row2>
					<row3>	-0.0222 0.3208 4.0021 1.0000	</row3>
				</transform>
			</node>
			<node>
				<identifier>	MP_RM141_Signal_Lamp	</identifier>
				<transform>
					<row0>	1.0000 0.0000 0.0000 0.0000	</row0>
					<row1>	0.0000 1.0000 0.0000 0.0000	</row1>
					<row2>	0.0000 0.0000 1.0000 0.0000	</row2>
					<row3>	0.0000 0.6217 4.1757 1.0000	</row3>
				</transform>
			</node>
			<node>
				<identifier>	MP_RM148_Ammunition_Box	</identifier>
				<transform>
					<row0>	-1.0000 0.0000 0.0000 0.0000	</row0>
					<row1>	0.0000 1.0000 0.0000 0.0000	</row1>
					<row2>	0.0000 0.0000 -1.0000 0.0000	</row2>
					<row3>	0.0000 0.3146 2.9905 1.0000	</row3>
				</transform>
			</node>
			<node>
				<identifier>	MP_RM151_Manage_Anchor	</identifier>
				<transform>
					<row0>	1.0000 0.0000 0.0000 0.0000	</row0>
					<row1>	0.0000 1.0000 0.0000 0.0000	</row1>
					<row2>	0.0000 0.0000 1.0000 0.0000	</row2>
					<row3>	-0.0456 0.3191 3.4803 1.0000	</row3>
				</transform>
			</node>
			<node>
				<identifier>	MP_RM178_Anchor_Capstan	</identifier>
				<transform>
					<row0>	1.0000 0.0000 0.0000 0.0000	</row0>
					<row1>	0.0000 1.0000 0.0000 0.0000	</row1>
					<row2>	0.0000 0.0000 1.0000 0.0000	</row2>
					<row3>	0.0000 0.3195 3.5426 1.0000	</row3>
				</transform>
			</node>
			<node>
				<identifier>	MP_RM179_Anchor_Stopper	</identifier>
				<transform>
					<row0>	0.9528 0.0000 -0.3035 0.0000	</row0>
					<row1>	0.0000 1.0000 0.0000 0.0000	</row1>
					<row2>	0.3035 0.0000 0.9528 0.0000	</row2>
					<row3>	0.0385 0.3189 3.6221 1.0000	</row3>
				</transform>
			</node>
			<node>
				<identifier>	MP_RM179_Anchor_Stopper_INDEX_1	</identifier>
				<transform>
					<row0>	0.9528 0.0000 0.3035 0.0000	</row0>
					<row1>	0.0000 1.0000 0.0000 0.0000	</row1>
					<row2>	-0.3035 0.0000 0.9528 0.0000	</row2>
					<row3>	-0.0414 0.3189 3.6219 1.0000	</row3>
				</transform>
			</node>
			<node>
				<identifier>	MP_RM180_Anchor_Detector	</identifier>
				<transform>
					<row0>	1.0000 0.0000 0.0000 0.0000	</row0>
					<row1>	0.0000 1.0000 0.0000 0.0000	</row1>
					<row2>	0.0000 0.0000 1.0000 0.0000	</row2>
					<row3>	0.0194 0.3206 3.4833 1.0000	</row3>
				</transform>
			</node>
			<node>
				<identifier>	MP_RM181_Anchor_Fairled	</identifier>
				<transform>
					<row0>	-1.0000 0.0000 0.0049 0.0000	</row0>
					<row1>	0.0000 1.0000 0.0000 0.0000	</row1>
					<row2>	-0.0049 0.0000 -1.0000 0.0000	</row2>
					<row3>	-0.0174 0.3244 3.7531 1.0000	</row3>
				</transform>
			</node>
			<node>
				<identifier>	MP_RM181_Anchor_Fairled_INDEX_1	</identifier>
				<transform>
					<row0>	-0.9633 0.0000 0.2685 0.0000	</row0>
					<row1>	0.0000 1.0000 0.0000 0.0000	</row1>
					<row2>	-0.2685 0.0000 -0.9633 0.0000	</row2>
					<row3>	0.0187 0.3233 3.6543 1.0000	</row3>
				</transform>
			</node>
			<node>
				<identifier>	MP_RM209_Red_Star	</identifier>
				<transform>
					<row0>	0.1995 -0.0429 -0.9790 0.0000	</row0>
					<row1>	0.2605 0.9654 0.0108 0.0000	</row1>
					<row2>	0.9446 -0.2572 0.2038 0.0000	</row2>
					<row3>	0.0293 0.2831 4.0818 1.0000	</row3>
				</transform>
			</node>
			<node>
				<identifier>	MP_RM209_Red_Star_INDEX_1	</identifier>
				<transform>
					<row0>	0.1995 0.0429 0.9790 0.0000	</row0>
					<row1>	-0.2605 0.9654 0.0108 0.0000	</row1>
					<row2>	-0.9446 -0.2572 0.2038 0.0000	</row2>
					<row3>	-0.0293 0.2831 4.0818 1.0000	</row3>
				</transform>
			</node>
			<node>
				<identifier>	MP_RM214_Life_Buoy	</identifier>
				<transform>
					<row0>	-0.2325 0.0000 0.9726 0.0000	</row0>
					<row1>	0.0000 1.0000 0.0000 0.0000	</row1>
					<row2>	-0.9726 0.0000 -0.2325 0.0000	</row2>
					<row3>	0.1343 0.3851 3.6991 1.0000	</row3>
				</transform>
			</node>
			<node>
				<identifier>	MP_RM214_Life_Buoy_INDEX_1	</identifier>
				<transform>
					<row0>	-0.2325 0.0000 -0.9726 0.0000	</row0>
					<row1>	0.0000 1.0000 0.0000 0.0000	</row1>
					<row2>	0.9726 0.0000 -0.2325 0.0000	</row2>
					<row3>	-0.1343 0.3851 3.6991 1.0000	</row3>
				</transform>
			</node>
			<node>
				<identifier>	MP_RM217_Ventilation_Mushroom	</identifier>
				<transform>
					<row0>	1.3000 0.0000 0.0000 0.0000	</row0>
					<row1>	0.0000 1.3000 0.0000 0.0000	</row1>
					<row2>	0.0000 0.0000 1.3000 0.0000	</row2>
					<row3>	0.1788 0.3200 3.1797 1.0000	</row3>
				</transform>
			</node>
			<node>
				<identifier>	MP_RM217_Ventilation_Mushroom_INDEX_1	</identifier>
				<transform>
					<row0>	1.0000 0.0000 0.0000 0.0000	</row0>
					<row1>	0.0000 1.0000 0.0000 0.0000	</row1>
					<row2>	0.0000 0.0000 1.0000 0.0000	</row2>
					<row3>	0.1229 0.3200 3.3872 1.0000	</row3>
				</transform>
			</node>
			<node>
				<identifier>	MP_RM217_Ventilation_Mushroom_INDEX_2	</identifier>
				<transform>
					<row0>	0.0000 1.0000 0.0000 0.0000	</row0>
					<row1>	-0.9656 0.0000 0.2600 0.0000	</row1>
					<row2>	0.2600 0.0000 0.9656 0.0000	</row2>
					<row3>	-0.1130 0.4314 2.8880 1.0000	</row3>
				</transform>
			</node>
			<node>
				<identifier>	MP_RM217_Ventilation_Mushroom_INDEX_3	</identifier>
				<transform>
					<row0>	0.0000 -1.0000 0.0000 0.0000	</row0>
					<row1>	0.9656 0.0000 0.2600 0.0000	</row1>
					<row2>	-0.2600 0.0000 0.9656 0.0000	</row2>
					<row3>	0.1130 0.4314 2.8880 1.0000	</row3>
				</transform>
			</node>
			<node>
				<identifier>	MP_RM217_Ventilation_Mushroom_INDEX_4	</identifier>
				<transform>
					<row0>	1.3000 0.0000 0.0000 0.0000	</row0>
					<row1>	0.0000 1.3000 0.0000 0.0000	</row1>
					<row2>	0.0000 0.0000 1.3000 0.0000	</row2>
					<row3>	-0.1420 0.3172 2.9179 1.0000	</row3>
				</transform>
			</node>
			<node>
				<identifier>	MP_RM218_Deck_Hatch	</identifier>
				<transform>
					<row0>	1.0000 0.0000 0.0000 0.0000	</row0>
					<row1>	0.0000 0.9999 0.0147 0.0000	</row1>
					<row2>	0.0000 -0.0147 0.9999 0.0000	</row2>
					<row3>	-0.0643 0.3147 2.9915 1.0000	</row3>
				</transform>
			</node>
			<node>
				<identifier>	MP_RM219_Fairlead	</identifier>
				<transform>
					<row0>	0.9864 0.0000 -0.1642 0.0000	</row0>
					<row1>	-0.0031 0.9998 -0.0187 0.0000	</row1>
					<row2>	0.1642 0.0189 0.9863 0.0000	</row2>
					<row3>	-0.2003 0.3222 3.3138 1.0000	</row3>
				</transform>
			</node>
			<node>
				<identifier>	MP_RM219_Fairlead_INDEX_1	</identifier>
				<transform>
					<row0>	0.9864 0.0000 0.1642 0.0000	</row0>
					<row1>	0.0031 0.9998 -0.0187 0.0000	</row1>
					<row2>	-0.1642 0.0189 0.9863 0.0000	</row2>
					<row3>	0.2003 0.3222 3.3138 1.0000	</row3>
				</transform>
			</node>
			<node>
				<identifier>	MP_RM220_Bollard	</identifier>
				<transform>
					<row0>	0.9805 0.0000 -0.1964 0.0000	</row0>
					<row1>	-0.0021 0.9999 -0.0107 0.0000	</row1>
					<row2>	0.1964 0.0109 0.9805 0.0000	</row2>
					<row3>	-0.1563 0.3189 3.5249 1.0000	</row3>
				</transform>
			</node>
			<node>
				<identifier>	MP_RM220_Bollard_INDEX_1	</identifier>
				<transform>
					<row0>	0.9805 0.0000 0.1964 0.0000	</row0>
					<row1>	0.0021 0.9999 -0.0107 0.0000	</row1>
					<row2>	-0.1964 0.0109 0.9805 0.0000	</row2>
					<row3>	0.1563 0.3189 3.5249 1.0000	</row3>
				</transform>
			</node>
			<node>
				<identifier>	MP_RM236_Telephone	</identifier>
				<transform>
					<row0>	1.0000 0.0000 0.0000 0.0000	</row0>
					<row1>	0.0000 1.0000 0.0000 0.0000	</row1>
					<row2>	0.0000 0.0000 1.0000 0.0000	</row2>
					<row3>	-0.0738 0.3870 2.9334 1.0000	</row3>
				</transform>
			</node>
			<node>
				<identifier>	MP_RM285_Hatch	</identifier>
				<transform>
					<row0>	1.0000 0.0000 0.0000 0.0000	</row0>
					<row1>	0.0000 1.0000 0.0080 0.0000	</row1>
					<row2>	0.0000 -0.0080 1.0000 0.0000	</row2>
					<row3>	0.0617 0.3075 2.9796 1.0000	</row3>
				</transform>
			</node>
		</node>
	</node>
	<boundingBox>
		<min>	-0.0667 -0.0667 -0.0667	</min>
		<max>	0.0667 0.0667 0.0667	</max>
	</boundingBox>
</RSD025_Minsk_1943_Bow_ports.visual>
