<RSB014_Novorossiysk_1951_MidBack_ports.visual>
	<node>
		<identifier>	Scene Root	</identifier>
		<transform>
			<row0>	1.0000 0.0000 0.0000 0.0000	</row0>
			<row1>	0.0000 1.0000 0.0000 0.0000	</row1>
			<row2>	0.0000 0.0000 1.0000 0.0000	</row2>
			<row3>	0.0000 0.0000 0.0000 1.0000	</row3>
		</transform>
		<node>
			<identifier>	MidBack_ports	</identifier>
			<transform>
				<row0>	1.0000 0.0000 0.0000 0.0000	</row0>
				<row1>	0.0000 1.0000 0.0000 0.0000	</row1>
				<row2>	0.0000 0.0000 1.0000 0.0000	</row2>
				<row3>	0.0000 0.0000 0.0000 1.0000	</row3>
			</transform>
			<node>
				<identifier>	HP_FX_Fire_3	</identifier>
				<transform>
					<row0>	1.0000 0.0000 0.0000 0.0000	</row0>
					<row1>	0.0000 1.0000 0.0000 0.0000	</row1>
					<row2>	0.0000 0.0000 1.0000 0.0000	</row2>
					<row3>	0.0000 0.3669 -1.4612 1.0000	</row3>
				</transform>
			</node>
			<node>
				<identifier>	HP_FX_Fire_3_side_1	</identifier>
				<transform>
					<row0>	0.9981 0.0000 -0.0623 0.0000	</row0>
					<row1>	0.0000 1.0000 0.0000 0.0000	</row1>
					<row2>	0.0623 0.0000 0.9981 0.0000	</row2>
					<row3>	0.7286 0.3367 -1.9924 1.0000	</row3>
				</transform>
			</node>
			<node>
				<identifier>	HP_FX_Flood_steam_2	</identifier>
				<transform>
					<row0>	0.3997 0.5258 -0.7509 0.0000	</row0>
					<row1>	-0.7961 0.6052 0.0000 0.0000	</row1>
					<row2>	0.4544 0.5978 0.6605 0.0000	</row2>
					<row3>	-0.0680 1.2050 -0.5790 1.0000	</row3>
				</transform>
			</node>
			<node>
				<identifier>	HP_FX_Flood_steam_3	</identifier>
				<transform>
					<row0>	-0.4179 0.5258 0.7409 0.0000	</row0>
					<row1>	0.7958 0.6052 0.0195 0.0000	</row1>
					<row2>	-0.4381 0.5978 -0.6714 0.0000	</row2>
					<row3>	0.0680 1.2050 -0.5790 1.0000	</row3>
				</transform>
			</node>
			<node>
				<identifier>	HP_FX_Flood_steam_right	</identifier>
				<transform>
					<row0>	0.9974 0.0000 -0.0725 0.0000	</row0>
					<row1>	0.0000 1.0000 0.0000 0.0000	</row1>
					<row2>	0.0725 0.0000 0.9974 0.0000	</row2>
					<row3>	0.8029 0.1859 -2.9520 1.0000	</row3>
				</transform>
			</node>
			<node>
				<identifier>	HP_FX_Flood_water_left	</identifier>
				<transform>
					<row0>	-1.0000 0.0000 0.0000 0.0000	</row0>
					<row1>	0.0000 1.0000 0.0000 0.0000	</row1>
					<row2>	0.0000 0.0000 -1.0000 0.0000	</row2>
					<row3>	-0.8320 0.0260 -2.4820 1.0000	</row3>
				</transform>
			</node>
			<node>
				<identifier>	HP_FX_Flood_water_right	</identifier>
				<transform>
					<row0>	0.9976 0.0000 -0.0698 0.0000	</row0>
					<row1>	0.0000 1.0000 0.0000 0.0000	</row1>
					<row2>	0.0698 0.0000 0.9976 0.0000	</row2>
					<row3>	0.8316 0.0260 -2.4825 1.0000	</row3>
				</transform>
			</node>
			<node>
				<identifier>	HP_FX_RepairLight_left_2	</identifier>
				<transform>
					<row0>	-0.0707 0.0000 0.9975 0.0000	</row0>
					<row1>	-0.0025 1.0000 -0.0002 0.0000	</row1>
					<row2>	-0.9975 -0.0025 -0.0707 0.0000	</row2>
					<row3>	-0.8053 0.2167 -2.6689 1.0000	</row3>
				</transform>
			</node>
			<node>
				<identifier>	HP_FX_RepairLight_right_2	</identifier>
				<transform>
					<row0>	-0.0984 0.0000 -0.9951 0.0000	</row0>
					<row1>	0.0000 1.0000 0.0000 0.0000	</row1>
					<row2>	0.9951 0.0000 -0.0984 0.0000	</row2>
					<row3>	0.7915 0.2083 -3.2653 1.0000	</row3>
				</transform>
			</node>
			<node>
				<identifier>	HP_FX_Smoke_2	</identifier>
				<transform>
					<row0>	0.9962 0.0849 -0.0200 0.0000	</row0>
					<row1>	-0.0872 0.9697 -0.2282 0.0000	</row1>
					<row2>	0.0000 0.2291 0.9734 0.0000	</row2>
					<row3>	0.0000 1.0868 -0.6851 1.0000	</row3>
				</transform>
			</node>
			<node>
				<identifier>	HP_Flagpole	</identifier>
				<transform>
					<row0>	1.0000 0.0000 0.0000 0.0000	</row0>
					<row1>	0.0000 1.0000 0.0000 0.0000	</row1>
					<row2>	0.0000 0.0000 1.0000 0.0000	</row2>
					<row3>	-0.0006 2.4646 -2.0437 1.0000	</row3>
				</transform>
			</node>
			<node>
				<identifier>	HP_RGA_5	</identifier>
				<transform>
					<row0>	0.0000 0.0000 1.0000 0.0000	</row0>
					<row1>	0.0000 1.0000 0.0000 0.0000	</row1>
					<row2>	-1.0000 0.0000 0.0000 0.0000	</row2>
					<row3>	-0.2808 0.5925 -0.8863 1.0000	</row3>
				</transform>
			</node>
			<node>
				<identifier>	HP_RGA_6	</identifier>
				<transform>
					<row0>	0.0000 0.0000 -1.0000 0.0000	</row0>
					<row1>	0.0000 1.0000 0.0000 0.0000	</row1>
					<row2>	1.0000 0.0000 0.0000 0.0000	</row2>
					<row3>	0.2808 0.5925 -0.8863 1.0000	</row3>
				</transform>
			</node>
			<node>
				<identifier>	HP_RGM_3	</identifier>
				<transform>
					<row0>	-1.0000 0.0000 0.0000 0.0000	</row0>
					<row1>	0.0000 1.0000 0.0000 0.0000	</row1>
					<row2>	0.0000 0.0000 -1.0000 0.0000	</row2>
					<row3>	0.0000 0.4797 -2.7724 1.0000	</row3>
				</transform>
			</node>
			<node>
				<identifier>	HP_RGS_10	</identifier>
				<transform>
					<row0>	-1.0000 0.0000 0.0000 0.0000	</row0>
					<row1>	0.0000 1.0000 0.0000 0.0000	</row1>
					<row2>	0.0000 0.0000 -1.0000 0.0000	</row2>
					<row3>	0.3941 0.3697 -2.1939 1.0000	</row3>
				</transform>
			</node>
			<node>
				<identifier>	HP_RGS_5	</identifier>
				<transform>
					<row0>	1.0000 0.0000 0.0000 0.0000	</row0>
					<row1>	0.0000 1.0000 0.0000 0.0000	</row1>
					<row2>	0.0000 0.0000 1.0000 0.0000	</row2>
					<row3>	-0.6663 0.3925 -0.5700 1.0000	</row3>
				</transform>
			</node>
			<node>
				<identifier>	HP_RGS_6	</identifier>
				<transform>
					<row0>	1.0000 0.0000 0.0000 0.0000	</row0>
					<row1>	0.0000 1.0000 0.0000 0.0000	</row1>
					<row2>	0.0000 0.0000 1.0000 0.0000	</row2>
					<row3>	0.6663 0.3925 -0.5700 1.0000	</row3>
				</transform>
			</node>
			<node>
				<identifier>	HP_RGS_7	</identifier>
				<transform>
					<row0>	-1.0000 0.0000 0.0000 0.0000	</row0>
					<row1>	0.0000 1.0000 0.0000 0.0000	</row1>
					<row2>	0.0000 0.0000 -1.0000 0.0000	</row2>
					<row3>	-0.5817 0.3855 -1.4257 1.0000	</row3>
				</transform>
			</node>
			<node>
				<identifier>	HP_RGS_8	</identifier>
				<transform>
					<row0>	-1.0000 0.0000 0.0000 0.0000	</row0>
					<row1>	0.0000 1.0000 0.0000 0.0000	</row1>
					<row2>	0.0000 0.0000 -1.0000 0.0000	</row2>
					<row3>	0.5817 0.3855 -1.4257 1.0000	</row3>
				</transform>
			</node>
			<node>
				<identifier>	HP_RGS_9	</identifier>
				<transform>
					<row0>	-1.0000 0.0000 0.0000 0.0000	</row0>
					<row1>	0.0000 1.0000 0.0000 0.0000	</row1>
					<row2>	0.0000 0.0000 -1.0000 0.0000	</row2>
					<row3>	-0.3941 0.3697 -2.1939 1.0000	</row3>
				</transform>
			</node>
			<node>
				<identifier>	HP_Ship_death_3	</identifier>
				<transform>
					<row0>	1.0000 0.0000 0.0000 0.0000	</row0>
					<row1>	0.0000 1.0000 0.0000 0.0000	</row1>
					<row2>	0.0000 0.0000 1.0000 0.0000	</row2>
					<row3>	0.0000 0.0000 -3.3142 1.0000	</row3>
				</transform>
			</node>
			<node>
				<identifier>	HP_flag_1	</identifier>
				<transform>
					<row0>	0.9983 -0.0579 -0.0018 0.0000	</row0>
					<row1>	0.0579 0.9963 0.0633 0.0000	</row1>
					<row2>	-0.0018 -0.0633 0.9980 0.0000	</row2>
					<row3>	0.3926 1.9613 -2.0201 1.0000	</row3>
				</transform>
			</node>
			<node>
				<identifier>	HP_flag_2	</identifier>
				<transform>
					<row0>	0.9983 0.0579 0.0018 0.0000	</row0>
					<row1>	-0.0579 0.9963 0.0633 0.0000	</row1>
					<row2>	0.0018 -0.0633 0.9980 0.0000	</row2>
					<row3>	-0.3926 1.9613 -2.0201 1.0000	</row3>
				</transform>
			</node>
			<node>
				<identifier>	HP_flag_3	</identifier>
				<transform>
					<row0>	0.9984 0.0560 0.0038 0.0000	</row0>
					<row1>	-0.0560 0.9891 0.1362 0.0000	</row1>
					<row2>	0.0038 -0.1362 0.9907 0.0000	</row2>
					<row3>	0.2258 1.9477 -2.0204 1.0000	</row3>
				</transform>
			</node>
			<node>
				<identifier>	HP_flag_4	</identifier>
				<transform>
					<row0>	0.9984 -0.0560 -0.0038 0.0000	</row0>
					<row1>	0.0560 0.9891 0.1362 0.0000	</row1>
					<row2>	-0.0038 -0.1362 0.9907 0.0000	</row2>
					<row3>	-0.2258 1.9477 -2.0204 1.0000	</row3>
				</transform>
			</node>
			<node>
				<identifier>	HP_flag_courtesy	</identifier>
				<transform>
					<row0>	0.9931 -0.1172 -0.0018 0.0000	</row0>
					<row1>	0.1172 0.9926 0.0306 0.0000	</row1>
					<row2>	-0.0018 -0.0306 0.9995 0.0000	</row2>
					<row3>	0.4809 1.9685 -2.0166 1.0000	</row3>
				</transform>
			</node>
			<node>
				<identifier>	HP_flag_house	</identifier>
				<transform>
					<row0>	0.9931 0.1172 0.0018 0.0000	</row0>
					<row1>	-0.1172 0.9926 0.0305 0.0000	</row1>
					<row2>	0.0018 -0.0305 0.9995 0.0000	</row2>
					<row3>	-0.4809 1.9685 -2.0166 1.0000	</row3>
				</transform>
			</node>
			<node>
				<identifier>	HP_flag_nation	</identifier>
				<transform>
					<row0>	1.0000 0.0074 -0.0011 0.0000	</row0>
					<row1>	-0.0074 0.9550 -0.2964 0.0000	</row1>
					<row2>	-0.0011 0.2964 0.9551 0.0000	</row2>
					<row3>	0.0006 1.6407 -2.3715 1.0000	</row3>
				</transform>
			</node>
			<node>
				<identifier>	HP_flag_rank	</identifier>
				<transform>
					<row0>	1.0000 0.0000 0.0000 0.0000	</row0>
					<row1>	0.0000 1.0000 0.0000 0.0000	</row1>
					<row2>	0.0000 0.0000 1.0000 0.0000	</row2>
					<row3>	-0.0006 2.2775 -2.0322 1.0000	</row3>
				</transform>
			</node>
			<node>
				<identifier>	MP_BM711_Flag_box	</identifier>
				<transform>
					<row0>	-1.2745 0.0000 -0.2563 0.0000	</row0>
					<row1>	0.0000 1.1178 0.0000 0.0000	</row1>
					<row2>	0.1971 0.0000 -0.9804 0.0000	</row2>
					<row3>	-0.1731 0.8665 -1.9499 1.0000	</row3>
				</transform>
			</node>
			<node>
				<identifier>	MP_BM711_Flag_box_INDEX_1	</identifier>
				<transform>
					<row0>	-1.2745 0.0000 0.2563 0.0000	</row0>
					<row1>	0.0000 1.1178 0.0000 0.0000	</row1>
					<row2>	-0.1971 0.0000 -0.9804 0.0000	</row2>
					<row3>	0.1731 0.8665 -1.9499 1.0000	</row3>
				</transform>
			</node>
			<node>
				<identifier>	MP_CM011_Fire_Fighting_Gear	</identifier>
				<transform>
					<row0>	0.0000 0.0000 -1.0000 0.0000	</row0>
					<row1>	0.0000 1.0000 0.0000 0.0000	</row1>
					<row2>	1.0000 0.0000 0.0000 0.0000	</row2>
					<row3>	-0.4318 0.2140 -2.5353 1.0000	</row3>
				</transform>
			</node>
			<node>
				<identifier>	MP_CM011_Fire_Fighting_Gear_INDEX_1	</identifier>
				<transform>
					<row0>	0.0000 0.0000 -1.0000 0.0000	</row0>
					<row1>	0.0000 1.0000 0.0000 0.0000	</row1>
					<row2>	1.0000 0.0000 0.0000 0.0000	</row2>
					<row3>	-0.3456 0.3714 -0.9461 1.0000	</row3>
				</transform>
			</node>
			<node>
				<identifier>	MP_CM011_Fire_Fighting_Gear_INDEX_2	</identifier>
				<transform>
					<row0>	0.0000 0.0000 1.0000 0.0000	</row0>
					<row1>	0.0000 1.0000 0.0000 0.0000	</row1>
					<row2>	-1.0000 0.0000 0.0000 0.0000	</row2>
					<row3>	0.4318 0.2140 -2.5353 1.0000	</row3>
				</transform>
			</node>
			<node>
				<identifier>	MP_CM011_Fire_Fighting_Gear_INDEX_3	</identifier>
				<transform>
					<row0>	1.0000 0.0000 0.0000 0.0000	</row0>
					<row1>	0.0000 1.0000 0.0000 0.0000	</row1>
					<row2>	0.0000 0.0000 1.0000 0.0000	</row2>
					<row3>	0.2591 0.3702 -1.8178 1.0000	</row3>
				</transform>
			</node>
			<node>
				<identifier>	MP_CM013_Fire_Hose_Rack_2	</identifier>
				<transform>
					<row0>	-1.0000 0.0000 0.0000 0.0000	</row0>
					<row1>	0.0000 1.0000 0.0000 0.0000	</row1>
					<row2>	0.0000 0.0000 -1.0000 0.0000	</row2>
					<row3>	0.4232 0.2666 -2.5136 1.0000	</row3>
				</transform>
			</node>
			<node>
				<identifier>	MP_CM013_Fire_Hose_Rack_2_INDEX_1	</identifier>
				<transform>
					<row0>	1.0000 0.0000 0.0000 0.0000	</row0>
					<row1>	0.0000 1.0000 0.0000 0.0000	</row1>
					<row2>	0.0000 0.0000 1.0000 0.0000	</row2>
					<row3>	-0.4232 0.2666 -2.5136 1.0000	</row3>
				</transform>
			</node>
			<node>
				<identifier>	MP_CM013_Fire_Hose_Rack_2_INDEX_2	</identifier>
				<transform>
					<row0>	1.0000 0.0000 0.0000 0.0000	</row0>
					<row1>	0.0000 1.0000 0.0000 0.0000	</row1>
					<row2>	0.0000 0.0000 1.0000 0.0000	</row2>
					<row3>	-0.3288 0.4210 -1.0088 1.0000	</row3>
				</transform>
			</node>
			<node>
				<identifier>	MP_CM013_Fire_Hose_Rack_2_INDEX_3	</identifier>
				<transform>
					<row0>	0.0000 0.0000 1.0000 0.0000	</row0>
					<row1>	0.0000 1.0000 0.0000 0.0000	</row1>
					<row2>	-1.0000 0.0000 0.0000 0.0000	</row2>
					<row3>	0.2836 0.3973 -1.8055 1.0000	</row3>
				</transform>
			</node>
			<node>
				<identifier>	MP_CM014_Fuel_Oil_Hose	</identifier>
				<transform>
					<row0>	0.9957 0.0005 0.0927 0.0000	</row0>
					<row1>	0.0000 1.0000 -0.0052 0.0000	</row1>
					<row2>	-0.0927 0.0051 0.9957 0.0000	</row2>
					<row3>	-0.7676 0.2416 -1.3476 1.0000	</row3>
				</transform>
			</node>
			<node>
				<identifier>	MP_CM014_Fuel_Oil_Hose_INDEX_1	</identifier>
				<transform>
					<row0>	0.0000 -1.0000 0.0052 0.0000	</row0>
					<row1>	1.0000 0.0000 0.0000 0.0000	</row1>
					<row2>	0.0000 0.0052 1.0000 0.0000	</row2>
					<row3>	-0.7953 0.2141 -1.3290 1.0000	</row3>
				</transform>
			</node>
			<node>
				<identifier>	MP_CM014_Fuel_Oil_Hose_INDEX_2	</identifier>
				<transform>
					<row0>	0.0000 -1.0000 0.0052 0.0000	</row0>
					<row1>	-1.0000 0.0000 0.0000 0.0000	</row1>
					<row2>	0.0000 -0.0052 -1.0000 0.0000	</row2>
					<row3>	0.7953 0.2141 -1.3290 1.0000	</row3>
				</transform>
			</node>
			<node>
				<identifier>	MP_CM014_Fuel_Oil_Hose_INDEX_3	</identifier>
				<transform>
					<row0>	-0.9957 0.0005 0.0927 0.0000	</row0>
					<row1>	0.0010 1.0000 0.0052 0.0000	</row1>
					<row2>	-0.0927 0.0052 -0.9957 0.0000	</row2>
					<row3>	0.7676 0.2416 -1.3476 1.0000	</row3>
				</transform>
			</node>
			<node>
				<identifier>	MP_CM029_Emergency_Box	</identifier>
				<transform>
					<row0>	1.0000 0.0000 0.0000 0.0000	</row0>
					<row1>	0.0000 1.0000 0.0000 0.0000	</row1>
					<row2>	0.0000 0.0000 1.0000 0.0000	</row2>
					<row3>	0.0310 1.0790 -2.1267 1.0000	</row3>
				</transform>
			</node>
			<node>
				<identifier>	MP_CM029_Emergency_Box_INDEX_1	</identifier>
				<transform>
					<row0>	-0.5810 0.0000 0.8139 0.0000	</row0>
					<row1>	0.0000 1.0000 0.0000 0.0000	</row1>
					<row2>	-0.8139 0.0000 -0.5810 0.0000	</row2>
					<row3>	0.2484 0.4367 -2.5368 1.0000	</row3>
				</transform>
			</node>
			<node>
				<identifier>	MP_CM056_Ships_bell	</identifier>
				<transform>
					<row0>	1.0000 0.0000 0.0000 0.0000	</row0>
					<row1>	0.0000 1.0000 0.0000 0.0000	</row1>
					<row2>	0.0000 0.0000 1.0000 0.0000	</row2>
					<row3>	0.0000 0.3814 -3.1427 1.0000	</row3>
				</transform>
			</node>
			<node>
				<identifier>	MP_IM519_Life_Boat_Lattice	</identifier>
				<transform>
					<row0>	-0.2048 -0.9788 -0.0099 0.0000	</row0>
					<row1>	0.9776 -0.2051 0.0472 0.0000	</row1>
					<row2>	-0.0482 0.0000 0.9988 0.0000	</row2>
					<row3>	-0.7278 0.2904 -1.8676 1.0000	</row3>
				</transform>
			</node>
			<node>
				<identifier>	MP_IM519_Life_Boat_Lattice_INDEX_1	</identifier>
				<transform>
					<row0>	-0.2048 -0.9788 -0.0099 0.0000	</row0>
					<row1>	0.9776 -0.2051 0.0472 0.0000	</row1>
					<row2>	-0.0482 0.0000 0.9988 0.0000	</row2>
					<row3>	-0.6878 0.2904 -1.8656 1.0000	</row3>
				</transform>
			</node>
			<node>
				<identifier>	MP_IM953_Bollard	</identifier>
				<transform>
					<row0>	0.9745 0.0000 -0.0655 0.0000	</row0>
					<row1>	0.0000 0.9767 0.0000 0.0000	</row1>
					<row2>	0.0655 0.0000 0.9745 0.0000	</row2>
					<row3>	0.7441 0.2134 -2.7254 1.0000	</row3>
				</transform>
			</node>
			<node>
				<identifier>	MP_IM953_Bollard_INDEX_1	</identifier>
				<transform>
					<row0>	0.9745 0.0000 0.0655 0.0000	</row0>
					<row1>	0.0000 0.9767 0.0000 0.0000	</row1>
					<row2>	-0.0655 0.0000 0.9745 0.0000	</row2>
					<row3>	-0.7441 0.2134 -2.7254 1.0000	</row3>
				</transform>
			</node>
			<node>
				<identifier>	MP_RM175_Searchlight_900mm_MPE9	</identifier>
				<transform>
					<row0>	0.0000 0.0000 -1.0000 0.0000	</row0>
					<row1>	0.0000 1.0000 0.0000 0.0000	</row1>
					<row2>	1.0000 0.0000 0.0000 0.0000	</row2>
					<row3>	0.2321 1.0137 -2.0308 1.0000	</row3>
				</transform>
			</node>
			<node>
				<identifier>	MP_RM175_Searchlight_900mm_MPE9_INDEX_1	</identifier>
				<transform>
					<row0>	0.0000 0.0000 1.0000 0.0000	</row0>
					<row1>	0.0000 1.0000 0.0000 0.0000	</row1>
					<row2>	-1.0000 0.0000 0.0000 0.0000	</row2>
					<row3>	-0.2321 1.0137 -2.0308 1.0000	</row3>
				</transform>
			</node>
			<node>
				<identifier>	MP_RM343_Compass_Repeater	</identifier>
				<transform>
					<row0>	-0.9818 0.0000 -0.1897 0.0000	</row0>
					<row1>	0.0000 1.0000 0.0000 0.0000	</row1>
					<row2>	0.1897 0.0000 -0.9818 0.0000	</row2>
					<row3>	-0.0584 0.9493 -1.9194 1.0000	</row3>
				</transform>
			</node>
			<node>
				<identifier>	MP_RM854_Ventilation	</identifier>
				<transform>
					<row0>	-0.7968 0.0000 0.0000 0.0000	</row0>
					<row1>	0.0000 0.7968 0.0000 0.0000	</row1>
					<row2>	0.0000 0.0000 -0.7968 0.0000	</row2>
					<row3>	-0.4715 0.3696 -1.9982 1.0000	</row3>
				</transform>
			</node>
			<node>
				<identifier>	MP_RM854_Ventilation_INDEX_1	</identifier>
				<transform>
					<row0>	-0.7161 0.0000 0.0000 0.0000	</row0>
					<row1>	0.0000 0.7161 0.0000 0.0000	</row1>
					<row2>	0.0000 0.0000 -0.7161 0.0000	</row2>
					<row3>	-0.1511 0.3696 -2.3625 1.0000	</row3>
				</transform>
			</node>
			<node>
				<identifier>	MP_RM854_Ventilation_INDEX_10	</identifier>
				<transform>
					<row0>	-1.0714 0.0000 0.0000 0.0000	</row0>
					<row1>	0.0000 1.0714 0.0000 0.0000	</row1>
					<row2>	0.0000 0.0000 -1.0714 0.0000	</row2>
					<row3>	0.2231 0.3696 -2.4780 1.0000	</row3>
				</transform>
			</node>
			<node>
				<identifier>	MP_RM854_Ventilation_INDEX_11	</identifier>
				<transform>
					<row0>	-0.7161 0.0000 0.0000 0.0000	</row0>
					<row1>	0.0000 0.7161 0.0000 0.0000	</row1>
					<row2>	0.0000 0.0000 -0.7161 0.0000	</row2>
					<row3>	0.2828 0.3696 -2.5419 1.0000	</row3>
				</transform>
			</node>
			<node>
				<identifier>	MP_RM854_Ventilation_INDEX_12	</identifier>
				<transform>
					<row0>	-1.0714 0.0000 0.0000 0.0000	</row0>
					<row1>	0.0000 1.0714 0.0000 0.0000	</row1>
					<row2>	0.0000 0.0000 -1.0714 0.0000	</row2>
					<row3>	-0.3210 0.3696 -2.5934 1.0000	</row3>
				</transform>
			</node>
			<node>
				<identifier>	MP_RM854_Ventilation_INDEX_2	</identifier>
				<transform>
					<row0>	-0.7161 0.0000 0.0000 0.0000	</row0>
					<row1>	0.0000 0.7161 0.0000 0.0000	</row1>
					<row2>	0.0000 0.0000 -0.7161 0.0000	</row2>
					<row3>	0.1511 0.3696 -2.3625 1.0000	</row3>
				</transform>
			</node>
			<node>
				<identifier>	MP_RM854_Ventilation_INDEX_3	</identifier>
				<transform>
					<row0>	-1.0714 0.0000 0.0000 0.0000	</row0>
					<row1>	0.0000 1.0714 0.0000 0.0000	</row1>
					<row2>	0.0000 0.0000 -1.0714 0.0000	</row2>
					<row3>	0.3210 0.3696 -2.5934 1.0000	</row3>
				</transform>
			</node>
			<node>
				<identifier>	MP_RM854_Ventilation_INDEX_4	</identifier>
				<transform>
					<row0>	-0.7161 0.0000 0.0000 0.0000	</row0>
					<row1>	0.0000 0.7161 0.0000 0.0000	</row1>
					<row2>	0.0000 0.0000 -0.7161 0.0000	</row2>
					<row3>	-0.2828 0.3696 -2.5419 1.0000	</row3>
				</transform>
			</node>
			<node>
				<identifier>	MP_RM854_Ventilation_INDEX_5	</identifier>
				<transform>
					<row0>	-1.0714 0.0000 0.0000 0.0000	</row0>
					<row1>	0.0000 1.0714 0.0000 0.0000	</row1>
					<row2>	0.0000 0.0000 -1.0714 0.0000	</row2>
					<row3>	-0.2231 0.3696 -2.4780 1.0000	</row3>
				</transform>
			</node>
			<node>
				<identifier>	MP_RM854_Ventilation_INDEX_6	</identifier>
				<transform>
					<row0>	-0.7968 0.0000 0.0000 0.0000	</row0>
					<row1>	0.0000 0.7968 0.0000 0.0000	</row1>
					<row2>	0.0000 0.0000 -0.7968 0.0000	</row2>
					<row3>	0.4715 0.3696 -1.9982 1.0000	</row3>
				</transform>
			</node>
			<node>
				<identifier>	MP_RM854_Ventilation_INDEX_7	</identifier>
				<transform>
					<row0>	-0.7161 0.0000 0.0000 0.0000	</row0>
					<row1>	0.0000 0.7161 0.0000 0.0000	</row1>
					<row2>	0.0000 0.0000 -0.7161 0.0000	</row2>
					<row3>	0.3797 0.3696 -2.5386 1.0000	</row3>
				</transform>
			</node>
			<node>
				<identifier>	MP_RM854_Ventilation_INDEX_8	</identifier>
				<transform>
					<row0>	-0.7968 0.0000 0.0000 0.0000	</row0>
					<row1>	0.0000 0.7968 0.0000 0.0000	</row1>
					<row2>	0.0000 0.0000 -0.7968 0.0000	</row2>
					<row3>	-0.1278 0.5173 -1.0177 1.0000	</row3>
				</transform>
			</node>
			<node>
				<identifier>	MP_RM854_Ventilation_INDEX_9	</identifier>
				<transform>
					<row0>	-0.7161 0.0000 0.0000 0.0000	</row0>
					<row1>	0.0000 0.7161 0.0000 0.0000	</row1>
					<row2>	0.0000 0.0000 -0.7161 0.0000	</row2>
					<row3>	-0.3797 0.3696 -2.5386 1.0000	</row3>
				</transform>
			</node>
			<node>
				<identifier>	MP_RM885_Reels	</identifier>
				<transform>
					<row0>	0.0000 0.0000 -1.0000 0.0000	</row0>
					<row1>	0.0000 1.0000 0.0000 0.0000	</row1>
					<row2>	1.0000 0.0000 0.0000 0.0000	</row2>
					<row3>	-0.1355 0.4233 -1.9557 1.0000	</row3>
				</transform>
			</node>
			<node>
				<identifier>	MP_RM885_Reels_INDEX_1	</identifier>
				<transform>
					<row0>	0.0000 0.0000 1.0671 0.0000	</row0>
					<row1>	0.0000 1.0000 0.0000 0.0000	</row1>
					<row2>	-1.0000 0.0000 0.0000 0.0000	</row2>
					<row3>	0.1355 0.4233 -2.1032 1.0000	</row3>
				</transform>
			</node>
			<node>
				<identifier>	MP_RM885_Reels_INDEX_2	</identifier>
				<transform>
					<row0>	-1.2252 0.0000 0.0000 0.0000	</row0>
					<row1>	0.0000 1.0000 0.0000 0.0000	</row1>
					<row2>	0.0000 0.0000 -1.0000 0.0000	</row2>
					<row3>	-0.0916 0.5333 -2.1910 1.0000	</row3>
				</transform>
			</node>
			<node>
				<identifier>	MP_RM885_Reels_INDEX_3	</identifier>
				<transform>
					<row0>	-1.2252 0.0000 0.0000 0.0000	</row0>
					<row1>	0.0000 1.0000 0.0000 0.0000	</row1>
					<row2>	0.0000 0.0000 -1.0000 0.0000	</row2>
					<row3>	0.0916 0.5333 -2.1910 1.0000	</row3>
				</transform>
			</node>
			<node>
				<identifier>	MP_RM885_Reels_INDEX_4	</identifier>
				<transform>
					<row0>	0.0000 0.0000 1.0000 0.0000	</row0>
					<row1>	0.0000 1.0000 0.0000 0.0000	</row1>
					<row2>	-1.0000 0.0000 0.0000 0.0000	</row2>
					<row3>	0.1355 0.4233 -1.9557 1.0000	</row3>
				</transform>
			</node>
			<node>
				<identifier>	MP_RM885_Reels_INDEX_5	</identifier>
				<transform>
					<row0>	0.0000 0.0000 -1.0751 0.0000	</row0>
					<row1>	0.0000 1.0000 0.0000 0.0000	</row1>
					<row2>	1.0000 0.0000 0.0000 0.0000	</row2>
					<row3>	-0.1355 0.4233 -2.1032 1.0000	</row3>
				</transform>
			</node>
			<node>
				<identifier>	MP_RM893_Signal_light_40mm	</identifier>
				<transform>
					<row0>	1.0000 0.0000 0.0000 0.0000	</row0>
					<row1>	0.0000 1.0000 0.0000 0.0000	</row1>
					<row2>	0.0000 0.0000 1.0000 0.0000	</row2>
					<row3>	0.0332 1.1764 -2.0606 1.0000	</row3>
				</transform>
			</node>
			<node>
				<identifier>	MP_RM896_Signal_light_40mm	</identifier>
				<transform>
					<row0>	-0.9920 0.0000 -0.1260 0.0000	</row0>
					<row1>	0.0000 1.0000 0.0000 0.0000	</row1>
					<row2>	0.1260 0.0000 -0.9920 0.0000	</row2>
					<row3>	-0.3602 0.9271 -1.9965 1.0000	</row3>
				</transform>
			</node>
			<node>
				<identifier>	MP_RM896_Signal_light_40mm_INDEX_1	</identifier>
				<transform>
					<row0>	-0.9920 0.0000 0.1260 0.0000	</row0>
					<row1>	0.0000 1.0000 0.0000 0.0000	</row1>
					<row2>	-0.1260 0.0000 -0.9920 0.0000	</row2>
					<row3>	0.3602 0.9271 -1.9965 1.0000	</row3>
				</transform>
			</node>
			<node>
				<identifier>	MP_RM898_Life_Boat_3_5m2	</identifier>
				<transform>
					<row0>	0.0000 1.0000 0.0000 0.0000	</row0>
					<row1>	-0.9988 0.0000 -0.0482 0.0000	</row1>
					<row2>	-0.0482 0.0000 0.9988 0.0000	</row2>
					<row3>	-0.6970 0.2962 -1.8661 1.0000	</row3>
				</transform>
			</node>
			<node>
				<identifier>	MP_RM898_Life_Boat_3_5m2_INDEX_1	</identifier>
				<transform>
					<row0>	0.0000 1.0000 0.0000 0.0000	</row0>
					<row1>	-0.9988 0.0000 -0.0482 0.0000	</row1>
					<row2>	-0.0482 0.0000 0.9988 0.0000	</row2>
					<row3>	-0.6570 0.2962 -1.8642 1.0000	</row3>
				</transform>
			</node>
			<node>
				<identifier>	MP_RM898_Life_Boat_3_5m2_INDEX_2	</identifier>
				<transform>
					<row0>	0.0000 1.0000 0.0000 0.0000	</row0>
					<row1>	-0.9988 0.0000 -0.0482 0.0000	</row1>
					<row2>	-0.0482 0.0000 0.9988 0.0000	</row2>
					<row3>	-0.6171 0.2962 -1.8622 1.0000	</row3>
				</transform>
			</node>
			<node>
				<identifier>	MP_RM899_Moto_Lancie_13m	</identifier>
				<transform>
					<row0>	1.0000 0.0000 0.0000 0.0000	</row0>
					<row1>	0.0000 1.0000 0.0000 0.0000	</row1>
					<row2>	0.0000 0.0000 1.0000 0.0000	</row2>
					<row3>	0.2408 0.5309 -1.4623 1.0000	</row3>
				</transform>
			</node>
			<node>
				<identifier>	MP_RM899_Moto_Lancie_13m_INDEX_1	</identifier>
				<transform>
					<row0>	1.0000 0.0000 0.0000 0.0000	</row0>
					<row1>	0.0000 1.0000 0.0000 0.0000	</row1>
					<row2>	0.0000 0.0000 1.0000 0.0000	</row2>
					<row3>	-0.2408 0.5309 -1.4623 1.0000	</row3>
				</transform>
			</node>
			<node>
				<identifier>	MP_RM900_Diesel_barch_12_25m	</identifier>
				<transform>
					<row0>	1.0000 0.0000 0.0000 0.0000	</row0>
					<row1>	0.0000 1.0000 0.0000 0.0000	</row1>
					<row2>	0.0000 0.0000 1.0000 0.0000	</row2>
					<row3>	0.0000 0.5309 -1.4311 1.0000	</row3>
				</transform>
			</node>
			<node>
				<identifier>	MP_RM906_Life_Buoy	</identifier>
				<transform>
					<row0>	-0.0578 0.0000 0.9983 0.0000	</row0>
					<row1>	0.0964 0.9953 0.0056 0.0000	</row1>
					<row2>	-0.9937 0.0966 -0.0575 0.0000	</row2>
					<row3>	-0.8373 0.2135 -2.1785 1.0000	</row3>
				</transform>
			</node>
			<node>
				<identifier>	MP_RM906_Life_Buoy_INDEX_1	</identifier>
				<transform>
					<row0>	-0.0578 0.0000 0.9983 0.0000	</row0>
					<row1>	0.0964 0.9953 0.0056 0.0000	</row1>
					<row2>	-0.9937 0.0966 -0.0575 0.0000	</row2>
					<row3>	-0.8416 0.2135 -2.1035 1.0000	</row3>
				</transform>
			</node>
			<node>
				<identifier>	MP_RM906_Life_Buoy_INDEX_2	</identifier>
				<transform>
					<row0>	-0.0578 0.0000 -0.9983 0.0000	</row0>
					<row1>	-0.0964 0.9953 0.0056 0.0000	</row1>
					<row2>	0.9937 0.0966 -0.0575 0.0000	</row2>
					<row3>	0.8373 0.2135 -2.1785 1.0000	</row3>
				</transform>
			</node>
			<node>
				<identifier>	MP_RM906_Life_Buoy_INDEX_3	</identifier>
				<transform>
					<row0>	-0.0578 0.0000 -0.9983 0.0000	</row0>
					<row1>	-0.0964 0.9953 0.0056 0.0000	</row1>
					<row2>	0.9937 0.0966 -0.0575 0.0000	</row2>
					<row3>	0.8416 0.2135 -2.1035 1.0000	</row3>
				</transform>
			</node>
			<node>
				<identifier>	MP_RM907_Motoscafi_10m	</identifier>
				<transform>
					<row0>	1.0000 0.0000 0.0000 0.0000	</row0>
					<row1>	0.0000 1.0000 0.0000 0.0000	</row1>
					<row2>	0.0000 0.0000 1.0000 0.0000	</row2>
					<row3>	0.7322 0.2607 -1.9270 1.0000	</row3>
				</transform>
			</node>
			<node>
				<identifier>	MP_RM909_Director_Torpedo	</identifier>
				<transform>
					<row0>	0.0000 0.0000 -1.0000 0.0000	</row0>
					<row1>	0.0000 1.0000 0.0000 0.0000	</row1>
					<row2>	1.0000 0.0000 0.0000 0.0000	</row2>
					<row3>	0.2938 0.8664 -2.0163 1.0000	</row3>
				</transform>
			</node>
			<node>
				<identifier>	MP_RM909_Director_Torpedo_INDEX_1	</identifier>
				<transform>
					<row0>	0.0000 0.0000 1.0000 0.0000	</row0>
					<row1>	0.0000 1.0000 0.0000 0.0000	</row1>
					<row2>	-1.0000 0.0000 0.0000 0.0000	</row2>
					<row3>	-0.2938 0.8664 -2.0163 1.0000	</row3>
				</transform>
			</node>
		</node>
	</node>
	<boundingBox>
		<min>	-0.0667 -0.0667 -0.0667	</min>
		<max>	0.0667 0.0667 0.0667	</max>
	</boundingBox>
</RSB014_Novorossiysk_1951_MidBack_ports.visual>
