<ZSD015_Siliwangi_1959_MidBack_ports.visual>
	<node>
		<identifier>	Scene Root	</identifier>
		<transform>
			<row0>	1.0000 0.0000 0.0000 0.0000	</row0>
			<row1>	0.0000 1.0000 0.0000 0.0000	</row1>
			<row2>	0.0000 0.0000 1.0000 0.0000	</row2>
			<row3>	0.0000 0.0000 0.0000 1.0000	</row3>
		</transform>
		<node>
			<identifier>	MidBack_ports	</identifier>
			<transform>
				<row0>	1.0000 0.0000 0.0000 0.0000	</row0>
				<row1>	0.0000 1.0000 0.0000 0.0000	</row1>
				<row2>	0.0000 0.0000 1.0000 0.0000	</row2>
				<row3>	0.0000 0.0000 0.0000 1.0000	</row3>
			</transform>
			<node>
				<identifier>	HP_FX_Death_2	</identifier>
				<transform>
					<row0>	1.0000 0.0000 0.0000 0.0000	</row0>
					<row1>	0.0000 1.0000 0.0000 0.0000	</row1>
					<row2>	0.0000 0.0000 1.0000 0.0000	</row2>
					<row3>	0.0000 0.0000 -0.1472 1.0000	</row3>
				</transform>
			</node>
			<node>
				<identifier>	HP_FX_Death_3	</identifier>
				<transform>
					<row0>	1.0000 0.0000 0.0000 0.0000	</row0>
					<row1>	0.0000 1.0000 0.0000 0.0000	</row1>
					<row2>	0.0000 0.0000 1.0000 0.0000	</row2>
					<row3>	0.0000 0.0000 -2.5387 1.0000	</row3>
				</transform>
			</node>
			<node>
				<identifier>	HP_FX_Fire_3	</identifier>
				<transform>
					<row0>	1.0000 0.0000 0.0000 0.0000	</row0>
					<row1>	0.0000 1.0000 0.0000 0.0000	</row1>
					<row2>	0.0000 0.0000 1.0000 0.0000	</row2>
					<row3>	0.0000 0.3660 -1.6712 1.0000	</row3>
				</transform>
			</node>
			<node>
				<identifier>	HP_FX_Fire_3_side_1	</identifier>
				<transform>
					<row0>	1.0000 0.0000 0.0000 0.0000	</row0>
					<row1>	0.0000 1.0000 0.0000 0.0000	</row1>
					<row2>	0.0000 0.0000 1.0000 0.0000	</row2>
					<row3>	-0.3489 0.3385 -0.2962 1.0000	</row3>
				</transform>
			</node>
			<node>
				<identifier>	HP_FX_Fire_3_side_2	</identifier>
				<transform>
					<row0>	1.0000 0.0000 0.0000 0.0000	</row0>
					<row1>	0.0000 1.0000 0.0000 0.0000	</row1>
					<row2>	0.0000 0.0000 1.0000 0.0000	</row2>
					<row3>	0.2261 0.1553 -2.0294 1.0000	</row3>
				</transform>
			</node>
			<node>
				<identifier>	HP_FX_FloodLight_left_1	</identifier>
				<transform>
					<row0>	-1.0000 0.0000 0.0000 0.0000	</row0>
					<row1>	0.0000 1.0000 0.0000 0.0000	</row1>
					<row2>	0.0000 0.0000 -1.0000 0.0000	</row2>
					<row3>	-0.2390 0.2399 -1.6006 1.0000	</row3>
				</transform>
			</node>
			<node>
				<identifier>	HP_FX_FloodLight_right_1	</identifier>
				<transform>
					<row0>	1.0000 0.0000 0.0000 0.0000	</row0>
					<row1>	0.0000 1.0000 0.0000 0.0000	</row1>
					<row2>	0.0000 0.0000 1.0000 0.0000	</row2>
					<row3>	0.2355 0.2290 -1.5195 1.0000	</row3>
				</transform>
			</node>
			<node>
				<identifier>	HP_FX_Flood_steam_2	</identifier>
				<transform>
					<row0>	1.0000 0.0000 0.0000 0.0000	</row0>
					<row1>	0.0000 1.0000 0.0000 0.0000	</row1>
					<row2>	0.0000 0.0000 1.0000 0.0000	</row2>
					<row3>	-0.0060 0.7350 -0.4844 1.0000	</row3>
				</transform>
			</node>
			<node>
				<identifier>	HP_FX_Flood_steam_right	</identifier>
				<transform>
					<row0>	1.0000 0.0000 0.0000 0.0000	</row0>
					<row1>	0.0000 1.0000 0.0000 0.0000	</row1>
					<row2>	0.0000 0.0000 1.0000 0.0000	</row2>
					<row3>	0.3847 0.1104 -1.8299 1.0000	</row3>
				</transform>
			</node>
			<node>
				<identifier>	HP_FX_Flood_water_left_2	</identifier>
				<transform>
					<row0>	-1.0000 0.0000 0.0000 0.0000	</row0>
					<row1>	0.0000 1.0000 0.0000 0.0000	</row1>
					<row2>	0.0000 0.0000 -1.0000 0.0000	</row2>
					<row3>	-0.3605 0.0294 -2.2412 1.0000	</row3>
				</transform>
			</node>
			<node>
				<identifier>	HP_FX_Flood_water_right_2	</identifier>
				<transform>
					<row0>	1.0000 0.0000 0.0000 0.0000	</row0>
					<row1>	0.0000 1.0000 0.0000 0.0000	</row1>
					<row2>	0.0000 0.0000 1.0000 0.0000	</row2>
					<row3>	0.3604 0.0288 -2.2411 1.0000	</row3>
				</transform>
			</node>
			<node>
				<identifier>	HP_FX_Smoke_3	</identifier>
				<transform>
					<row0>	1.0000 0.0000 0.0000 0.0000	</row0>
					<row1>	0.0000 0.9735 -0.2287 0.0000	</row1>
					<row2>	0.0000 0.2287 0.9735 0.0000	</row2>
					<row3>	0.0000 0.6541 -0.6203 1.0000	</row3>
				</transform>
			</node>
			<node>
				<identifier>	HP_FX_Smoke_4	</identifier>
				<transform>
					<row0>	1.0000 0.0000 0.0000 0.0000	</row0>
					<row1>	0.0000 0.9693 -0.2458 0.0000	</row1>
					<row2>	0.0000 0.2458 0.9693 0.0000	</row2>
					<row3>	0.0000 0.6123 -0.7117 1.0000	</row3>
				</transform>
			</node>
			<node>
				<identifier>	HP_ZD_5	</identifier>
				<transform>
					<row0>	1.0000 0.0000 0.0000 0.0000	</row0>
					<row1>	0.0000 1.0000 0.0000 0.0000	</row1>
					<row2>	0.0000 0.0000 1.0000 0.0000	</row2>
					<row3>	0.0000 0.3956 0.0144 1.0000	</row3>
				</transform>
			</node>
			<node>
				<identifier>	HP_ZF_2	</identifier>
				<transform>
					<row0>	-1.0000 0.0000 0.0000 0.0000	</row0>
					<row1>	0.0000 1.0000 0.0000 0.0000	</row1>
					<row2>	0.0000 0.0000 -1.0000 0.0000	</row2>
					<row3>	0.0000 0.4187 -1.5444 1.0000	</row3>
				</transform>
			</node>
			<node>
				<identifier>	HP_ZGA_3	</identifier>
				<transform>
					<row0>	-0.7071 0.0000 0.7071 0.0000	</row0>
					<row1>	0.0000 1.0000 0.0000 0.0000	</row1>
					<row2>	-0.7071 0.0000 -0.7071 0.0000	</row2>
					<row3>	-0.1511 0.3370 -1.7225 1.0000	</row3>
				</transform>
			</node>
			<node>
				<identifier>	HP_ZGA_4	</identifier>
				<transform>
					<row0>	-0.7071 0.0000 -0.7071 0.0000	</row0>
					<row1>	0.0000 1.0000 0.0000 0.0000	</row1>
					<row2>	0.7071 0.0000 -0.7071 0.0000	</row2>
					<row3>	0.1511 0.3370 -1.7225 1.0000	</row3>
				</transform>
			</node>
			<node>
				<identifier>	HP_ZGA_5	</identifier>
				<transform>
					<row0>	-1.0000 0.0000 0.0000 0.0000	</row0>
					<row1>	0.0000 1.0000 0.0000 0.0000	</row1>
					<row2>	0.0000 0.0000 -1.0000 0.0000	</row2>
					<row3>	0.0000 0.3413 -2.0483 1.0000	</row3>
				</transform>
			</node>
			<node>
				<identifier>	HP_ZGM_2	</identifier>
				<transform>
					<row0>	-1.0000 0.0000 0.0000 0.0000	</row0>
					<row1>	0.0000 1.0000 0.0000 0.0000	</row1>
					<row2>	0.0000 0.0000 -1.0000 0.0000	</row2>
					<row3>	0.0000 0.1844 -2.6191 1.0000	</row3>
				</transform>
			</node>
			<node>
				<identifier>	HP_ZGT_2	</identifier>
				<transform>
					<row0>	1.0000 0.0000 0.0000 0.0000	</row0>
					<row1>	0.0000 1.0000 0.0000 0.0000	</row1>
					<row2>	0.0000 0.0000 1.0000 0.0000	</row2>
					<row3>	0.0000 0.2028 -1.1309 1.0000	</row3>
				</transform>
			</node>
			<node>
				<identifier>	HP_ZRS_3	</identifier>
				<transform>
					<row0>	1.0000 0.0000 0.0000 0.0000	</row0>
					<row1>	0.0000 1.0000 0.0000 0.0000	</row1>
					<row2>	0.0000 0.0000 1.0000 0.0000	</row2>
					<row3>	0.0000 1.0386 -0.2780 1.0000	</row3>
				</transform>
			</node>
			<node>
				<identifier>	HP_flag_courtesy	</identifier>
				<transform>
					<row0>	0.9964 0.0845 0.0108 0.0000	</row0>
					<row1>	-0.0845 0.9643 0.2511 0.0000	</row1>
					<row2>	0.0108 -0.2511 0.9679 0.0000	</row2>
					<row3>	0.1656 0.8809 -0.2988 1.0000	</row3>
				</transform>
			</node>
			<node>
				<identifier>	HP_flag_house	</identifier>
				<transform>
					<row0>	0.9964 -0.0845 -0.0108 0.0000	</row0>
					<row1>	0.0845 0.9643 0.2511 0.0000	</row1>
					<row2>	-0.0108 -0.2511 0.9679 0.0000	</row2>
					<row3>	-0.1656 0.8809 -0.2988 1.0000	</row3>
				</transform>
			</node>
			<node>
				<identifier>	HP_flag_nation	</identifier>
				<transform>
					<row0>	0.9986 0.0524 0.0032 0.0000	</row0>
					<row1>	-0.0524 0.9911 0.1224 0.0000	</row1>
					<row2>	0.0032 -0.1224 0.9925 0.0000	</row2>
					<row3>	0.0006 1.1014 -0.3703 1.0000	</row3>
				</transform>
			</node>
			<node>
				<identifier>	MP_CM011_Fire_Fighting_Gear	</identifier>
				<transform>
					<row0>	0.0000 0.0000 -1.0000 0.0000	</row0>
					<row1>	0.0000 1.0000 0.0000 0.0000	</row1>
					<row2>	1.0000 0.0000 0.0000 0.0000	</row2>
					<row3>	0.0260 0.1707 -3.3512 1.0000	</row3>
				</transform>
			</node>
			<node>
				<identifier>	MP_CM011_Fire_Fighting_Gear_INDEX_1	</identifier>
				<transform>
					<row0>	0.0000 0.0000 1.0000 0.0000	</row0>
					<row1>	0.0000 1.0000 0.0000 0.0000	</row1>
					<row2>	-1.0000 0.0000 0.0000 0.0000	</row2>
					<row3>	0.2084 0.1536 -0.7558 1.0000	</row3>
				</transform>
			</node>
			<node>
				<identifier>	MP_CM011_Fire_Fighting_Gear_INDEX_2	</identifier>
				<transform>
					<row0>	0.3420 0.0000 -0.9397 0.0000	</row0>
					<row1>	0.0000 1.0000 0.0000 0.0000	</row1>
					<row2>	0.9397 0.0000 0.3420 0.0000	</row2>
					<row3>	-0.2223 0.1557 -1.9746 1.0000	</row3>
				</transform>
			</node>
			<node>
				<identifier>	MP_CM011_Fire_Fighting_Gear_INDEX_3	</identifier>
				<transform>
					<row0>	0.0000 0.0000 -1.0000 0.0000	</row0>
					<row1>	0.0000 1.0000 0.0000 0.0000	</row1>
					<row2>	1.0000 0.0000 0.0000 0.0000	</row2>
					<row3>	-0.0078 0.1606 -2.8504 1.0000	</row3>
				</transform>
			</node>
			<node>
				<identifier>	MP_CM011_Fire_Fighting_Gear_INDEX_4	</identifier>
				<transform>
					<row0>	0.0000 0.0000 -1.0000 0.0000	</row0>
					<row1>	0.0000 1.0000 0.0000 0.0000	</row1>
					<row2>	1.0000 0.0000 0.0000 0.0000	</row2>
					<row3>	-0.2084 0.1536 -0.7558 1.0000	</row3>
				</transform>
			</node>
			<node>
				<identifier>	MP_CM011_Fire_Fighting_Gear_INDEX_5	</identifier>
				<transform>
					<row0>	0.3420 0.0000 0.9397 0.0000	</row0>
					<row1>	0.0000 1.0000 0.0000 0.0000	</row1>
					<row2>	-0.9397 0.0000 0.3420 0.0000	</row2>
					<row3>	0.2223 0.1557 -1.9746 1.0000	</row3>
				</transform>
			</node>
			<node>
				<identifier>	MP_CM011_Fire_Fighting_Gear_INDEX_6	</identifier>
				<transform>
					<row0>	0.0000 0.0000 -1.0000 0.0000	</row0>
					<row1>	0.0000 1.0000 0.0000 0.0000	</row1>
					<row2>	1.0000 0.0000 0.0000 0.0000	</row2>
					<row3>	-0.0484 0.3733 -0.2701 1.0000	</row3>
				</transform>
			</node>
			<node>
				<identifier>	MP_CM011_Fire_Fighting_Gear_INDEX_7	</identifier>
				<transform>
					<row0>	-0.8192 0.0000 -0.5736 0.0000	</row0>
					<row1>	0.0000 1.0000 0.0000 0.0000	</row1>
					<row2>	0.5736 0.0000 -0.8192 0.0000	</row2>
					<row3>	-0.1573 0.1537 0.0037 1.0000	</row3>
				</transform>
			</node>
			<node>
				<identifier>	MP_CM011_Fire_Fighting_Gear_INDEX_8	</identifier>
				<transform>
					<row0>	-0.8192 0.0000 0.5736 0.0000	</row0>
					<row1>	0.0000 1.0000 0.0000 0.0000	</row1>
					<row2>	-0.5736 0.0000 -0.8192 0.0000	</row2>
					<row3>	0.1573 0.1537 0.0037 1.0000	</row3>
				</transform>
			</node>
			<node>
				<identifier>	MP_CM014_Fuel_Oil_Hose	</identifier>
				<transform>
					<row0>	0.0000 1.0000 0.0000 0.0000	</row0>
					<row1>	1.0000 0.0000 0.0000 0.0000	</row1>
					<row2>	0.0000 0.0000 -1.0000 0.0000	</row2>
					<row3>	0.3139 0.2882 -0.5041 1.0000	</row3>
				</transform>
			</node>
			<node>
				<identifier>	MP_CM014_Fuel_Oil_Hose_INDEX_1	</identifier>
				<transform>
					<row0>	0.0000 1.0000 0.0000 0.0000	</row0>
					<row1>	1.0000 0.0000 0.0000 0.0000	</row1>
					<row2>	0.0000 0.0000 -1.0000 0.0000	</row2>
					<row3>	0.2882 0.2882 -0.5041 1.0000	</row3>
				</transform>
			</node>
			<node>
				<identifier>	MP_CM014_Fuel_Oil_Hose_INDEX_2	</identifier>
				<transform>
					<row0>	0.0000 1.0000 0.0000 0.0000	</row0>
					<row1>	-1.0000 0.0000 0.0000 0.0000	</row1>
					<row2>	0.0000 0.0000 1.0000 0.0000	</row2>
					<row3>	-0.3139 0.2882 -0.5041 1.0000	</row3>
				</transform>
			</node>
			<node>
				<identifier>	MP_CM014_Fuel_Oil_Hose_INDEX_3	</identifier>
				<transform>
					<row0>	0.0000 1.0000 0.0000 0.0000	</row0>
					<row1>	-1.0000 0.0000 0.0000 0.0000	</row1>
					<row2>	0.0000 0.0000 1.0000 0.0000	</row2>
					<row3>	-0.2882 0.2882 -0.5041 1.0000	</row3>
				</transform>
			</node>
			<node>
				<identifier>	MP_CM029_Emergency_Box	</identifier>
				<transform>
					<row0>	0.0000 0.0000 1.0000 0.0000	</row0>
					<row1>	0.0000 1.0000 0.0000 0.0000	</row1>
					<row2>	-1.0000 0.0000 0.0000 0.0000	</row2>
					<row3>	0.2069 0.3604 -0.6153 1.0000	</row3>
				</transform>
			</node>
			<node>
				<identifier>	MP_CM029_Emergency_Box_INDEX_1	</identifier>
				<transform>
					<row0>	0.0000 0.0000 -1.0000 0.0000	</row0>
					<row1>	0.0000 1.0000 0.0000 0.0000	</row1>
					<row2>	1.0000 0.0000 0.0000 0.0000	</row2>
					<row3>	-0.2069 0.3604 -0.5929 1.0000	</row3>
				</transform>
			</node>
			<node>
				<identifier>	MP_CM029_Emergency_Box_INDEX_2	</identifier>
				<transform>
					<row0>	-0.0872 0.0000 -0.9962 0.0000	</row0>
					<row1>	0.0000 1.0000 0.0000 0.0000	</row1>
					<row2>	0.9962 0.0000 -0.0872 0.0000	</row2>
					<row3>	-0.0621 0.3748 -1.5359 1.0000	</row3>
				</transform>
			</node>
			<node>
				<identifier>	MP_CM029_Emergency_Box_INDEX_3	</identifier>
				<transform>
					<row0>	0.0000 0.0000 -1.0000 0.0000	</row0>
					<row1>	0.0000 1.0000 0.0000 0.0000	</row1>
					<row2>	1.0000 0.0000 0.0000 0.0000	</row2>
					<row3>	-0.2067 0.2168 -0.6668 1.0000	</row3>
				</transform>
			</node>
			<node>
				<identifier>	MP_CM029_Emergency_Box_INDEX_4	</identifier>
				<transform>
					<row0>	0.2983 0.0000 0.9545 0.0000	</row0>
					<row1>	0.0000 1.0000 0.0000 0.0000	</row1>
					<row2>	-0.9545 0.0000 0.2983 0.0000	</row2>
					<row3>	0.1986 0.2416 -2.0506 1.0000	</row3>
				</transform>
			</node>
			<node>
				<identifier>	MP_CM029_Emergency_Box_INDEX_5	</identifier>
				<transform>
					<row0>	0.2983 0.0000 -0.9545 0.0000	</row0>
					<row1>	0.0000 1.0000 0.0000 0.0000	</row1>
					<row2>	0.9545 0.0000 0.2983 0.0000	</row2>
					<row3>	-0.1986 0.2416 -2.0506 1.0000	</row3>
				</transform>
			</node>
			<node>
				<identifier>	MP_CM029_Emergency_Box_INDEX_6	</identifier>
				<transform>
					<row0>	0.0000 0.0000 -1.0000 0.0000	</row0>
					<row1>	0.0000 1.0000 0.0000 0.0000	</row1>
					<row2>	1.0000 0.0000 0.0000 0.0000	</row2>
					<row3>	0.1882 0.4093 -0.2516 1.0000	</row3>
				</transform>
			</node>
			<node>
				<identifier>	MP_CM029_Emergency_Box_INDEX_7	</identifier>
				<transform>
					<row0>	0.0000 0.0000 1.0000 0.0000	</row0>
					<row1>	0.0000 1.0000 0.0000 0.0000	</row1>
					<row2>	-1.0000 0.0000 0.0000 0.0000	</row2>
					<row3>	-0.1882 0.4093 -0.3313 1.0000	</row3>
				</transform>
			</node>
			<node>
				<identifier>	MP_CM029_Emergency_Box_INDEX_8	</identifier>
				<transform>
					<row0>	0.0000 0.0000 1.0000 0.0000	</row0>
					<row1>	0.0000 1.0000 0.0000 0.0000	</row1>
					<row2>	-1.0000 0.0000 0.0000 0.0000	</row2>
					<row3>	0.2067 0.2168 -0.5805 1.0000	</row3>
				</transform>
			</node>
			<node>
				<identifier>	MP_CM030_Swab_Rack_2	</identifier>
				<transform>
					<row0>	0.0000 0.0000 1.0000 0.0000	</row0>
					<row1>	0.0000 1.0000 0.0000 0.0000	</row1>
					<row2>	-1.0000 0.0000 0.0000 0.0000	</row2>
					<row3>	-0.2003 0.1531 -0.5810 1.0000	</row3>
				</transform>
			</node>
			<node>
				<identifier>	MP_CM079_Fender	</identifier>
				<transform>
					<row0>	0.0094 -0.4435 -0.0258 0.0000	</row0>
					<row1>	-0.4175 0.0000 -0.1519 0.0000	</row1>
					<row2>	0.1516 0.0274 -0.4167 0.0000	</row2>
					<row3>	-0.2284 0.1750 -1.9933 1.0000	</row3>
				</transform>
			</node>
			<node>
				<identifier>	MP_CM079_Fender_INDEX_1	</identifier>
				<transform>
					<row0>	-0.0094 0.4435 -0.0258 0.0000	</row0>
					<row1>	-0.4175 0.0000 0.1520 0.0000	</row1>
					<row2>	0.1517 0.0274 0.4167 0.0000	</row2>
					<row3>	0.2105 0.1752 -2.0424 1.0000	</row3>
				</transform>
			</node>
			<node>
				<identifier>	MP_CM079_Fender_INDEX_2	</identifier>
				<transform>
					<row0>	-0.0094 -0.4435 0.0258 0.0000	</row0>
					<row1>	0.4175 0.0000 0.1520 0.0000	</row1>
					<row2>	-0.1517 0.0274 0.4167 0.0000	</row2>
					<row3>	-0.2105 0.1752 -2.0424 1.0000	</row3>
				</transform>
			</node>
			<node>
				<identifier>	MP_CM079_Fender_INDEX_3	</identifier>
				<transform>
					<row0>	0.0094 0.4435 0.0258 0.0000	</row0>
					<row1>	0.4175 0.0000 -0.1519 0.0000	</row1>
					<row2>	-0.1516 0.0274 -0.4167 0.0000	</row2>
					<row3>	0.2284 0.1750 -1.9933 1.0000	</row3>
				</transform>
			</node>
			<node>
				<identifier>	MP_CM094_Propeller3_L	</identifier>
				<transform>
					<row0>	0.5444 0.1075 -0.0103 0.0000	</row0>
					<row1>	-0.1079 0.5439 -0.0238 0.0000	</row1>
					<row2>	0.0055 0.0253 0.5544 0.0000	</row2>
					<row3>	-0.1868 -0.2271 -3.3675 1.0000	</row3>
				</transform>
			</node>
			<node>
				<identifier>	MP_CM095_Propeller3_R	</identifier>
				<transform>
					<row0>	0.5444 -0.1075 0.0103 0.0000	</row0>
					<row1>	0.1079 0.5439 -0.0238 0.0000	</row1>
					<row2>	-0.0055 0.0253 0.5544 0.0000	</row2>
					<row3>	0.1868 -0.2271 -3.3675 1.0000	</row3>
				</transform>
			</node>
			<node>
				<identifier>	MP_CM109_Leadsman_Platform	</identifier>
				<transform>
					<row0>	0.0000 -1.1227 0.0000 0.0000	</row0>
					<row1>	1.1225 0.0000 0.0209 0.0000	</row1>
					<row2>	-0.0209 0.0000 1.1225 0.0000	</row2>
					<row3>	-0.3841 0.1583 -1.6897 1.0000	</row3>
				</transform>
			</node>
			<node>
				<identifier>	MP_CM109_Leadsman_Platform_INDEX_1	</identifier>
				<transform>
					<row0>	0.0000 -1.1227 0.0000 0.0000	</row0>
					<row1>	-1.1223 0.0000 0.0276 0.0000	</row1>
					<row2>	-0.0276 0.0000 -1.1223 0.0000	</row2>
					<row3>	0.3841 0.1583 -1.6897 1.0000	</row3>
				</transform>
			</node>
			<node>
				<identifier>	MP_RM059_Fairlead	</identifier>
				<transform>
					<row0>	0.8417 0.0000 0.0448 0.0000	</row0>
					<row1>	-0.0011 0.8426 0.0208 0.0000	</row1>
					<row2>	-0.0448 -0.0208 0.8414 0.0000	</row2>
					<row3>	-0.3066 0.1688 -3.2964 1.0000	</row3>
				</transform>
			</node>
			<node>
				<identifier>	MP_RM059_Fairlead_INDEX_1	</identifier>
				<transform>
					<row0>	0.8417 0.0000 -0.0448 0.0000	</row0>
					<row1>	0.0011 0.8426 0.0208 0.0000	</row1>
					<row2>	0.0448 -0.0208 0.8414 0.0000	</row2>
					<row3>	0.3066 0.1688 -3.2964 1.0000	</row3>
				</transform>
			</node>
			<node>
				<identifier>	MP_RM140_Alarm_Tool	</identifier>
				<transform>
					<row0>	1.0000 0.0000 0.0000 0.0000	</row0>
					<row1>	0.0000 1.0000 0.0000 0.0000	</row1>
					<row2>	0.0000 0.0000 1.0000 0.0000	</row2>
					<row3>	-0.0279 0.4502 -0.2757 1.0000	</row3>
				</transform>
			</node>
			<node>
				<identifier>	MP_RM140_Alarm_Tool_INDEX_1	</identifier>
				<transform>
					<row0>	-1.0000 0.0000 0.0000 0.0000	</row0>
					<row1>	0.0000 1.0000 0.0000 0.0000	</row1>
					<row2>	0.0000 0.0000 -1.0000 0.0000	</row2>
					<row3>	0.0000 0.2634 -2.3452 1.0000	</row3>
				</transform>
			</node>
			<node>
				<identifier>	MP_RM194_Magnetic_Compass	</identifier>
				<transform>
					<row0>	-1.0000 0.0000 0.0000 0.0000	</row0>
					<row1>	0.0000 1.0000 0.0000 0.0000	</row1>
					<row2>	0.0000 0.0000 -1.0000 0.0000	</row2>
					<row3>	0.1148 0.3725 -0.1156 1.0000	</row3>
				</transform>
			</node>
			<node>
				<identifier>	MP_RM227_Fire_control_station	</identifier>
				<transform>
					<row0>	0.0000 0.0000 -1.0000 0.0000	</row0>
					<row1>	0.0000 1.0000 0.0000 0.0000	</row1>
					<row2>	1.0000 0.0000 0.0000 0.0000	</row2>
					<row3>	-0.0850 0.4193 -0.0369 1.0000	</row3>
				</transform>
			</node>
			<node>
				<identifier>	MP_RM227_Fire_control_station_INDEX_1	</identifier>
				<transform>
					<row0>	0.0000 0.0000 1.0000 0.0000	</row0>
					<row1>	0.0000 1.0000 0.0000 0.0000	</row1>
					<row2>	-1.0000 0.0000 0.0000 0.0000	</row2>
					<row3>	0.0850 0.4193 -0.0369 1.0000	</row3>
				</transform>
			</node>
			<node>
				<identifier>	MP_RM227_Fire_control_station_INDEX_2	</identifier>
				<transform>
					<row0>	0.0000 0.0000 -1.0000 0.0000	</row0>
					<row1>	0.0000 1.0000 0.0000 0.0000	</row1>
					<row2>	1.0000 0.0000 0.0000 0.0000	</row2>
					<row3>	-0.1950 0.4266 -0.2528 1.0000	</row3>
				</transform>
			</node>
			<node>
				<identifier>	MP_RM231_Provisions_TA	</identifier>
				<transform>
					<row0>	-1.0000 0.0000 0.0000 0.0000	</row0>
					<row1>	0.0000 1.0000 0.0000 0.0000	</row1>
					<row2>	0.0000 0.0000 -1.0000 0.0000	</row2>
					<row3>	-0.0097 0.4287 -0.2795 1.0000	</row3>
				</transform>
			</node>
			<node>
				<identifier>	MP_RM231_Provisions_TA_INDEX_1	</identifier>
				<transform>
					<row0>	-1.0000 0.0000 0.0000 0.0000	</row0>
					<row1>	0.0000 1.0000 0.0000 0.0000	</row1>
					<row2>	0.0000 0.0000 -1.0000 0.0000	</row2>
					<row3>	-0.0097 0.4174 -0.2795 1.0000	</row3>
				</transform>
			</node>
			<node>
				<identifier>	MP_RM232_Switch_TA	</identifier>
				<transform>
					<row0>	0.0000 0.0000 -1.0000 0.0000	</row0>
					<row1>	0.0000 1.0000 0.0000 0.0000	</row1>
					<row2>	1.0000 0.0000 0.0000 0.0000	</row2>
					<row3>	-0.1951 0.4088 -0.2528 1.0000	</row3>
				</transform>
			</node>
			<node>
				<identifier>	MP_RM232_Switch_TA_INDEX_1	</identifier>
				<transform>
					<row0>	0.0000 0.0000 -1.0000 0.0000	</row0>
					<row1>	0.0000 1.0000 0.0000 0.0000	</row1>
					<row2>	1.0000 0.0000 0.0000 0.0000	</row2>
					<row3>	-0.0787 0.4427 0.0093 1.0000	</row3>
				</transform>
			</node>
			<node>
				<identifier>	MP_RM232_Switch_TA_INDEX_2	</identifier>
				<transform>
					<row0>	0.0000 0.0000 1.0000 0.0000	</row0>
					<row1>	0.0000 1.0000 0.0000 0.0000	</row1>
					<row2>	-1.0000 0.0000 0.0000 0.0000	</row2>
					<row3>	0.0787 0.4427 0.0093 1.0000	</row3>
				</transform>
			</node>
			<node>
				<identifier>	MP_RM232_Switch_TA_INDEX_3	</identifier>
				<transform>
					<row0>	-1.0000 0.0000 0.0000 0.0000	</row0>
					<row1>	0.0000 1.0000 0.0000 0.0000	</row1>
					<row2>	0.0000 0.0000 -1.0000 0.0000	</row2>
					<row3>	0.0237 0.4459 -0.2795 1.0000	</row3>
				</transform>
			</node>
			<node>
				<identifier>	MP_RM232_Switch_TA_INDEX_4	</identifier>
				<transform>
					<row0>	-1.0000 0.0000 0.0000 0.0000	</row0>
					<row1>	0.0000 1.0000 0.0000 0.0000	</row1>
					<row2>	0.0000 0.0000 -1.0000 0.0000	</row2>
					<row3>	0.0237 0.4287 -0.2795 1.0000	</row3>
				</transform>
			</node>
			<node>
				<identifier>	MP_RM232_Switch_TA_INDEX_5	</identifier>
				<transform>
					<row0>	-1.0000 0.0000 0.0000 0.0000	</row0>
					<row1>	0.0000 1.0000 0.0000 0.0000	</row1>
					<row2>	0.0000 0.0000 -1.0000 0.0000	</row2>
					<row3>	-0.0073 0.4635 -0.2793 1.0000	</row3>
				</transform>
			</node>
			<node>
				<identifier>	MP_RM252_Belomor	</identifier>
				<transform>
					<row0>	1.0000 0.0000 0.0000 0.0000	</row0>
					<row1>	0.0000 1.0000 0.0000 0.0000	</row1>
					<row2>	0.0000 0.0000 1.0000 0.0000	</row2>
					<row3>	0.3800 0.2542 -0.4462 1.0000	</row3>
				</transform>
			</node>
			<node>
				<identifier>	MP_RM252_Belomor_INDEX_1	</identifier>
				<transform>
					<row0>	0.5000 0.0000 -0.8660 0.0000	</row0>
					<row1>	0.0000 1.0000 0.0000 0.0000	</row1>
					<row2>	0.8660 0.0000 0.5000 0.0000	</row2>
					<row3>	0.3840 0.2542 -0.4367 1.0000	</row3>
				</transform>
			</node>
			<node>
				<identifier>	MP_RM271_Lifeboat_SPS18	</identifier>
				<transform>
					<row0>	-0.9060 0.4234 0.0000 0.0000	</row0>
					<row1>	0.4234 0.9060 0.0000 0.0000	</row1>
					<row2>	0.0000 0.0000 -1.0000 0.0000	</row2>
					<row3>	0.3385 0.3054 -0.2956 1.0000	</row3>
				</transform>
			</node>
			<node>
				<identifier>	MP_RM271_Lifeboat_SPS18_INDEX_1	</identifier>
				<transform>
					<row0>	-0.9060 -0.4234 0.0000 0.0000	</row0>
					<row1>	-0.4234 0.9060 0.0000 0.0000	</row1>
					<row2>	0.0000 0.0000 -1.0000 0.0000	</row2>
					<row3>	-0.3192 0.3051 -1.7000 1.0000	</row3>
				</transform>
			</node>
			<node>
				<identifier>	MP_RM271_Lifeboat_SPS18_INDEX_2	</identifier>
				<transform>
					<row0>	-0.9060 -0.4234 0.0000 0.0000	</row0>
					<row1>	-0.4234 0.9060 0.0000 0.0000	</row1>
					<row2>	0.0000 0.0000 -1.0000 0.0000	</row2>
					<row3>	-0.3385 0.3054 -0.2956 1.0000	</row3>
				</transform>
			</node>
			<node>
				<identifier>	MP_RM271_Lifeboat_SPS18_INDEX_3	</identifier>
				<transform>
					<row0>	-0.9060 0.4234 0.0000 0.0000	</row0>
					<row1>	0.4234 0.9060 0.0000 0.0000	</row1>
					<row2>	0.0000 0.0000 -1.0000 0.0000	</row2>
					<row3>	0.3192 0.3051 -1.7000 1.0000	</row3>
				</transform>
			</node>
			<node>
				<identifier>	MP_RM316_Sbomb_MDSH	</identifier>
				<transform>
					<row0>	0.0812 0.0000 -0.9967 0.0000	</row0>
					<row1>	0.0000 1.0000 0.0000 0.0000	</row1>
					<row2>	0.9967 0.0000 0.0812 0.0000	</row2>
					<row3>	0.0815 0.1924 -3.9442 1.0000	</row3>
				</transform>
			</node>
			<node>
				<identifier>	MP_RM316_Sbomb_MDSH_INDEX_1	</identifier>
				<transform>
					<row0>	-0.0812 0.0000 0.9967 0.0000	</row0>
					<row1>	0.0000 1.0000 0.0000 0.0000	</row1>
					<row2>	-0.9967 0.0000 -0.0812 0.0000	</row2>
					<row3>	0.1092 0.1924 -3.9419 1.0000	</row3>
				</transform>
			</node>
			<node>
				<identifier>	MP_RM316_Sbomb_MDSH_INDEX_2	</identifier>
				<transform>
					<row0>	-0.9967 0.0000 0.0812 0.0000	</row0>
					<row1>	0.0000 1.0000 0.0000 0.0000	</row1>
					<row2>	-0.0812 0.0000 -0.9967 0.0000	</row2>
					<row3>	-0.0538 0.1924 -3.9465 1.0000	</row3>
				</transform>
			</node>
			<node>
				<identifier>	MP_RM316_Sbomb_MDSH_INDEX_3	</identifier>
				<transform>
					<row0>	-0.0812 0.0000 -0.9967 0.0000	</row0>
					<row1>	0.0000 1.0000 0.0000 0.0000	</row1>
					<row2>	0.9967 0.0000 -0.0812 0.0000	</row2>
					<row3>	-0.1092 0.1924 -3.9419 1.0000	</row3>
				</transform>
			</node>
			<node>
				<identifier>	MP_RM316_Sbomb_MDSH_INDEX_4	</identifier>
				<transform>
					<row0>	-0.9967 0.0000 -0.0812 0.0000	</row0>
					<row1>	0.0000 1.0000 0.0000 0.0000	</row1>
					<row2>	0.0812 0.0000 -0.9967 0.0000	</row2>
					<row3>	0.0538 0.1924 -3.9465 1.0000	</row3>
				</transform>
			</node>
			<node>
				<identifier>	MP_RM316_Sbomb_MDSH_INDEX_5	</identifier>
				<transform>
					<row0>	0.0812 0.0000 0.9967 0.0000	</row0>
					<row1>	0.0000 1.0000 0.0000 0.0000	</row1>
					<row2>	-0.9967 0.0000 0.0812 0.0000	</row2>
					<row3>	-0.0815 0.1924 -3.9442 1.0000	</row3>
				</transform>
			</node>
			<node>
				<identifier>	MP_ZM002_Reel	</identifier>
				<transform>
					<row0>	-0.0044 0.5996 -0.0014 0.0000	</row0>
					<row1>	0.5726 0.0046 0.1779 0.0000	</row1>
					<row2>	0.1779 0.0000 -0.5726 0.0000	</row2>
					<row3>	-0.1539 0.2019 -2.1683 1.0000	</row3>
				</transform>
			</node>
			<node>
				<identifier>	MP_ZM002_Reel_INDEX_1	</identifier>
				<transform>
					<row0>	-0.0044 -0.5996 0.0014 0.0000	</row0>
					<row1>	-0.5726 0.0046 0.1779 0.0000	</row1>
					<row2>	-0.1779 0.0000 -0.5726 0.0000	</row2>
					<row3>	0.1539 0.2019 -2.1683 1.0000	</row3>
				</transform>
			</node>
			<node>
				<identifier>	MP_ZM002_Reel_INDEX_2	</identifier>
				<transform>
					<row0>	0.0000 0.4429 -0.1846 0.0000	</row0>
					<row1>	0.0000 -0.1846 -0.4429 0.0000	</row1>
					<row2>	-0.5819 0.0000 0.0000 0.0000	</row2>
					<row3>	0.0664 0.2277 -3.3070 1.0000	</row3>
				</transform>
			</node>
			<node>
				<identifier>	MP_ZM002_Reel_INDEX_3	</identifier>
				<transform>
					<row0>	0.0000 0.0000 0.5607 0.0000	</row0>
					<row1>	0.0000 -0.5607 0.0000 0.0000	</row1>
					<row2>	0.5607 0.0000 0.0000 0.0000	</row2>
					<row3>	-0.0886 0.1697 -3.3557 1.0000	</row3>
				</transform>
			</node>
			<node>
				<identifier>	MP_ZM007_Fire_Hose_Rack_box	</identifier>
				<transform>
					<row0>	0.0000 0.0000 -1.0000 0.0000	</row0>
					<row1>	0.0000 1.0000 0.0000 0.0000	</row1>
					<row2>	1.0000 0.0000 0.0000 0.0000	</row2>
					<row3>	0.1006 0.2446 -3.3737 1.0000	</row3>
				</transform>
			</node>
			<node>
				<identifier>	MP_ZM007_Fire_Hose_Rack_box_INDEX_1	</identifier>
				<transform>
					<row0>	0.0962 0.0000 0.9954 0.0000	</row0>
					<row1>	0.0000 1.0000 0.0000 0.0000	</row1>
					<row2>	-0.9954 0.0000 0.0962 0.0000	</row2>
					<row3>	0.0341 0.2057 -3.3252 1.0000	</row3>
				</transform>
			</node>
			<node>
				<identifier>	MP_ZM007_Fire_Hose_Rack_box_INDEX_10	</identifier>
				<transform>
					<row0>	0.0000 0.0000 -1.0000 0.0000	</row0>
					<row1>	0.0000 1.0000 0.0000 0.0000	</row1>
					<row2>	1.0000 0.0000 0.0000 0.0000	</row2>
					<row3>	0.2012 0.2244 -0.6480 1.0000	</row3>
				</transform>
			</node>
			<node>
				<identifier>	MP_ZM007_Fire_Hose_Rack_box_INDEX_2	</identifier>
				<transform>
					<row0>	1.0000 0.0000 0.0000 0.0000	</row0>
					<row1>	0.0000 1.0000 0.0000 0.0000	</row1>
					<row2>	0.0000 0.0000 1.0000 0.0000	</row2>
					<row3>	-0.0292 0.4226 -0.2767 1.0000	</row3>
				</transform>
			</node>
			<node>
				<identifier>	MP_ZM007_Fire_Hose_Rack_box_INDEX_3	</identifier>
				<transform>
					<row0>	0.0000 0.0000 1.0000 0.0000	</row0>
					<row1>	0.0000 1.0000 0.0000 0.0000	</row1>
					<row2>	-1.0000 0.0000 0.0000 0.0000	</row2>
					<row3>	-0.2012 0.2244 -0.7140 1.0000	</row3>
				</transform>
			</node>
			<node>
				<identifier>	MP_ZM007_Fire_Hose_Rack_box_INDEX_4	</identifier>
				<transform>
					<row0>	0.0962 0.0000 -0.9954 0.0000	</row0>
					<row1>	0.0000 1.0000 0.0000 0.0000	</row1>
					<row2>	0.9954 0.0000 0.0962 0.0000	</row2>
					<row3>	0.0991 0.2203 -3.3267 1.0000	</row3>
				</transform>
			</node>
			<node>
				<identifier>	MP_ZM007_Fire_Hose_Rack_box_INDEX_5	</identifier>
				<transform>
					<row0>	1.0000 0.0000 0.0000 0.0000	</row0>
					<row1>	0.0000 1.0000 0.0000 0.0000	</row1>
					<row2>	0.0000 0.0000 1.0000 0.0000	</row2>
					<row3>	-0.1127 0.2041 0.0089 1.0000	</row3>
				</transform>
			</node>
			<node>
				<identifier>	MP_ZM007_Fire_Hose_Rack_box_INDEX_6	</identifier>
				<transform>
					<row0>	-0.2983 0.0000 -0.9545 0.0000	</row0>
					<row1>	0.0000 1.0000 0.0000 0.0000	</row1>
					<row2>	0.9545 0.0000 -0.2983 0.0000	</row2>
					<row3>	0.2034 0.2285 -2.0137 1.0000	</row3>
				</transform>
			</node>
			<node>
				<identifier>	MP_ZM007_Fire_Hose_Rack_box_INDEX_7	</identifier>
				<transform>
					<row0>	-0.2983 0.0000 0.9545 0.0000	</row0>
					<row1>	0.0000 1.0000 0.0000 0.0000	</row1>
					<row2>	-0.9545 0.0000 -0.2983 0.0000	</row2>
					<row3>	-0.2091 0.2285 -1.9954 1.0000	</row3>
				</transform>
			</node>
			<node>
				<identifier>	MP_ZM007_Fire_Hose_Rack_box_INDEX_8	</identifier>
				<transform>
					<row0>	1.0000 0.0000 0.0000 0.0000	</row0>
					<row1>	0.0000 0.9214 -0.3885 0.0000	</row1>
					<row2>	0.0000 0.3885 0.9214 0.0000	</row2>
					<row3>	0.0295 0.2358 -2.8547 1.0000	</row3>
				</transform>
			</node>
			<node>
				<identifier>	MP_ZM007_Fire_Hose_Rack_box_INDEX_9	</identifier>
				<transform>
					<row0>	1.0000 0.0000 0.0000 0.0000	</row0>
					<row1>	0.0000 1.0000 0.0000 0.0000	</row1>
					<row2>	0.0000 0.0000 1.0000 0.0000	</row2>
					<row3>	0.1127 0.2041 0.0089 1.0000	</row3>
				</transform>
			</node>
			<node>
				<identifier>	MP_ZM014_Screen_Smoke_DA2	</identifier>
				<transform>
					<row0>	0.0000 0.0000 1.0000 0.0000	</row0>
					<row1>	0.0000 1.0000 0.0000 0.0000	</row1>
					<row2>	-1.0000 0.0000 0.0000 0.0000	</row2>
					<row3>	-0.2655 0.1812 -3.8363 1.0000	</row3>
				</transform>
			</node>
			<node>
				<identifier>	MP_ZM014_Screen_Smoke_DA2_INDEX_1	</identifier>
				<transform>
					<row0>	0.0000 0.0000 -1.0000 0.0000	</row0>
					<row1>	0.0000 1.0000 0.0000 0.0000	</row1>
					<row2>	1.0000 0.0000 0.0000 0.0000	</row2>
					<row3>	0.2655 0.1812 -3.8363 1.0000	</row3>
				</transform>
			</node>
			<node>
				<identifier>	MP_ZM015_Speaker	</identifier>
				<transform>
					<row0>	0.0000 0.0000 1.0000 0.0000	</row0>
					<row1>	-0.3420 0.9397 0.0000 0.0000	</row1>
					<row2>	-0.9397 -0.3420 0.0000 0.0000	</row2>
					<row3>	-0.2031 0.4296 -0.5294 1.0000	</row3>
				</transform>
			</node>
			<node>
				<identifier>	MP_ZM015_Speaker_INDEX_1	</identifier>
				<transform>
					<row0>	0.0000 0.0000 -1.0000 0.0000	</row0>
					<row1>	0.3420 0.9397 0.0000 0.0000	</row1>
					<row2>	0.9397 -0.3420 0.0000 0.0000	</row2>
					<row3>	0.2029 0.4297 -0.5294 1.0000	</row3>
				</transform>
			</node>
			<node>
				<identifier>	MP_ZM015_Speaker_INDEX_2	</identifier>
				<transform>
					<row0>	1.0000 0.0000 0.0000 0.0000	</row0>
					<row1>	0.0000 0.9397 0.3420 0.0000	</row1>
					<row2>	0.0000 -0.3420 0.9397 0.0000	</row2>
					<row3>	0.0000 0.3094 -1.4380 1.0000	</row3>
				</transform>
			</node>
			<node>
				<identifier>	MP_ZM015_Speaker_INDEX_3	</identifier>
				<transform>
					<row0>	0.0000 0.0000 1.0000 0.0000	</row0>
					<row1>	-0.3420 0.9397 0.0000 0.0000	</row1>
					<row2>	-0.9397 -0.3420 0.0000 0.0000	</row2>
					<row3>	0.0298 0.2655 -3.3593 1.0000	</row3>
				</transform>
			</node>
			<node>
				<identifier>	MP_ZM015_Speaker_INDEX_4	</identifier>
				<transform>
					<row0>	-1.0000 0.0000 0.0000 0.0000	</row0>
					<row1>	0.0000 0.9397 -0.3420 0.0000	</row1>
					<row2>	0.0000 -0.3420 -0.9397 0.0000	</row2>
					<row3>	0.0280 0.2878 -2.3458 1.0000	</row3>
				</transform>
			</node>
			<node>
				<identifier>	MP_ZM015_Speaker_INDEX_5	</identifier>
				<transform>
					<row0>	1.0000 0.0000 0.0000 0.0000	</row0>
					<row1>	0.0000 0.9397 0.3420 0.0000	</row1>
					<row2>	0.0000 -0.3420 0.9397 0.0000	</row2>
					<row3>	0.0296 0.3192 0.0106 1.0000	</row3>
				</transform>
			</node>
			<node>
				<identifier>	MP_ZM024_Life_Buoy	</identifier>
				<transform>
					<row0>	-1.0000 0.0000 0.0000 0.0000	</row0>
					<row1>	0.0000 1.0000 0.0000 0.0000	</row1>
					<row2>	0.0000 0.0000 -1.0000 0.0000	</row2>
					<row3>	-0.1127 0.4271 0.0069 1.0000	</row3>
				</transform>
			</node>
			<node>
				<identifier>	MP_ZM024_Life_Buoy_INDEX_1	</identifier>
				<transform>
					<row0>	0.2968 0.0000 0.9550 0.0000	</row0>
					<row1>	0.0000 1.0000 0.0000 0.0000	</row1>
					<row2>	-0.9550 0.0000 0.2968 0.0000	</row2>
					<row3>	0.1088 0.3170 -2.3128 1.0000	</row3>
				</transform>
			</node>
			<node>
				<identifier>	MP_ZM024_Life_Buoy_INDEX_2	</identifier>
				<transform>
					<row0>	0.2968 0.0000 0.9550 0.0000	</row0>
					<row1>	0.0000 1.0000 0.0000 0.0000	</row1>
					<row2>	-0.9550 0.0000 0.2968 0.0000	</row2>
					<row3>	0.1176 0.2618 -2.2830 1.0000	</row3>
				</transform>
			</node>
			<node>
				<identifier>	MP_ZM024_Life_Buoy_INDEX_3	</identifier>
				<transform>
					<row0>	0.0646 0.0000 0.9979 0.0000	</row0>
					<row1>	0.0000 1.0000 0.0000 0.0000	</row1>
					<row2>	-0.9979 0.0000 0.0646 0.0000	</row2>
					<row3>	0.3391 0.2278 -2.7774 1.0000	</row3>
				</transform>
			</node>
			<node>
				<identifier>	MP_ZM024_Life_Buoy_INDEX_4	</identifier>
				<transform>
					<row0>	-1.0000 0.0000 0.0000 0.0000	</row0>
					<row1>	0.0000 1.0000 0.0000 0.0000	</row1>
					<row2>	0.0000 0.0000 -1.0000 0.0000	</row2>
					<row3>	0.1127 0.4271 0.0068 1.0000	</row3>
				</transform>
			</node>
			<node>
				<identifier>	MP_ZM024_Life_Buoy_INDEX_5	</identifier>
				<transform>
					<row0>	0.2968 0.0000 -0.9550 0.0000	</row0>
					<row1>	0.0000 1.0000 0.0000 0.0000	</row1>
					<row2>	0.9550 0.0000 0.2968 0.0000	</row2>
					<row3>	-0.1176 0.2618 -2.2830 1.0000	</row3>
				</transform>
			</node>
			<node>
				<identifier>	MP_ZM024_Life_Buoy_INDEX_6	</identifier>
				<transform>
					<row0>	0.0646 0.0000 -0.9979 0.0000	</row0>
					<row1>	0.0000 1.0000 0.0000 0.0000	</row1>
					<row2>	0.9979 0.0000 0.0646 0.0000	</row2>
					<row3>	-0.3391 0.2278 -2.7774 1.0000	</row3>
				</transform>
			</node>
			<node>
				<identifier>	MP_ZM024_Life_Buoy_INDEX_7	</identifier>
				<transform>
					<row0>	0.2968 0.0000 -0.9550 0.0000	</row0>
					<row1>	0.0000 1.0000 0.0000 0.0000	</row1>
					<row2>	0.9550 0.0000 0.2968 0.0000	</row2>
					<row3>	-0.1380 0.2920 -2.2188 1.0000	</row3>
				</transform>
			</node>
			<node>
				<identifier>	MP_ZM059_Reels	</identifier>
				<transform>
					<row0>	0.9530 0.0000 -0.3031 0.0000	</row0>
					<row1>	0.0014 1.0000 0.0045 0.0000	</row1>
					<row2>	0.3031 -0.0047 0.9530 0.0000	</row2>
					<row3>	0.1493 0.1553 -2.3336 1.0000	</row3>
				</transform>
			</node>
			<node>
				<identifier>	MP_ZM600_Electric_Telegraph	</identifier>
				<transform>
					<row0>	-1.0000 0.0000 0.0000 0.0000	</row0>
					<row1>	0.0000 1.0000 0.0000 0.0000	</row1>
					<row2>	0.0000 0.0000 -1.0000 0.0000	</row2>
					<row3>	-0.1401 0.3728 -0.1147 1.0000	</row3>
				</transform>
			</node>
			<node>
				<identifier>	MP_ZM602_Pelorus	</identifier>
				<transform>
					<row0>	0.0000 0.0000 -1.0000 0.0000	</row0>
					<row1>	0.0000 1.0000 0.0000 0.0000	</row1>
					<row2>	1.0000 0.0000 0.0000 0.0000	</row2>
					<row3>	-0.2267 0.3728 -0.1465 1.0000	</row3>
				</transform>
			</node>
			<node>
				<identifier>	MP_ZM602_Pelorus_INDEX_1	</identifier>
				<transform>
					<row0>	0.0000 0.0000 1.0000 0.0000	</row0>
					<row1>	0.0000 1.0000 0.0000 0.0000	</row1>
					<row2>	-1.0000 0.0000 0.0000 0.0000	</row2>
					<row3>	0.2267 0.3728 -0.1465 1.0000	</row3>
				</transform>
			</node>
			<node>
				<identifier>	MP_ZM603_PUR	</identifier>
				<transform>
					<row0>	-1.0000 0.0000 0.0000 0.0000	</row0>
					<row1>	0.0000 1.0000 0.0000 0.0000	</row1>
					<row2>	0.0000 0.0000 -1.0000 0.0000	</row2>
					<row3>	0.1734 0.3737 -0.1293 1.0000	</row3>
				</transform>
			</node>
			<node>
				<identifier>	MP_ZM604_Voice_Tube	</identifier>
				<transform>
					<row0>	0.0000 0.0000 -1.0000 0.0000	</row0>
					<row1>	0.0000 1.0000 0.0000 0.0000	</row1>
					<row2>	1.0000 0.0000 0.0000 0.0000	</row2>
					<row3>	0.0440 0.3727 -0.3298 1.0000	</row3>
				</transform>
			</node>
			<node>
				<identifier>	MP_ZM604_Voice_Tube_INDEX_1	</identifier>
				<transform>
					<row0>	1.0000 0.0000 0.0000 0.0000	</row0>
					<row1>	0.0000 1.0000 0.0000 0.0000	</row1>
					<row2>	0.0000 0.0000 1.0000 0.0000	</row2>
					<row3>	-0.1637 0.3727 -0.1076 1.0000	</row3>
				</transform>
			</node>
			<node>
				<identifier>	MP_ZM604_Voice_Tube_INDEX_2	</identifier>
				<transform>
					<row0>	0.0000 0.0000 -1.0000 0.0000	</row0>
					<row1>	0.0000 1.0000 0.0000 0.0000	</row1>
					<row2>	1.0000 0.0000 0.0000 0.0000	</row2>
					<row3>	0.0774 0.3957 -0.0197 1.0000	</row3>
				</transform>
			</node>
			<node>
				<identifier>	MP_ZM604_Voice_Tube_INDEX_3	</identifier>
				<transform>
					<row0>	1.0000 0.0000 0.0000 0.0000	</row0>
					<row1>	0.0000 1.0000 0.0000 0.0000	</row1>
					<row2>	0.0000 0.0000 1.0000 0.0000	</row2>
					<row3>	0.0709 0.3727 -0.1169 1.0000	</row3>
				</transform>
			</node>
			<node>
				<identifier>	MP_ZM604_Voice_Tube_INDEX_4	</identifier>
				<transform>
					<row0>	1.0000 0.0000 0.0000 0.0000	</row0>
					<row1>	0.0000 1.0000 0.0000 0.0000	</row1>
					<row2>	0.0000 0.0000 1.0000 0.0000	</row2>
					<row3>	-0.1135 0.3727 -0.1076 1.0000	</row3>
				</transform>
			</node>
			<node>
				<identifier>	MP_ZM604_Voice_Tube_INDEX_5	</identifier>
				<transform>
					<row0>	1.0000 0.0000 0.0000 0.0000	</row0>
					<row1>	0.0000 1.0000 0.0000 0.0000	</row1>
					<row2>	0.0000 0.0000 1.0000 0.0000	</row2>
					<row3>	0.0865 0.3727 -0.1169 1.0000	</row3>
				</transform>
			</node>
			<node>
				<identifier>	MP_ZM608_Telephone	</identifier>
				<transform>
					<row0>	-0.7071 0.0000 -0.7071 0.0000	</row0>
					<row1>	0.0000 1.0000 0.0000 0.0000	</row1>
					<row2>	0.7071 0.0000 -0.7071 0.0000	</row2>
					<row3>	0.0411 0.3721 -1.5863 1.0000	</row3>
				</transform>
			</node>
			<node>
				<identifier>	MP_ZM608_Telephone_INDEX_1	</identifier>
				<transform>
					<row0>	0.0000 0.0000 1.0000 0.0000	</row0>
					<row1>	0.0000 1.0000 0.0000 0.0000	</row1>
					<row2>	-1.0000 0.0000 0.0000 0.0000	</row2>
					<row3>	-0.2009 0.3680 -0.5118 1.0000	</row3>
				</transform>
			</node>
			<node>
				<identifier>	MP_ZM608_Telephone_INDEX_2	</identifier>
				<transform>
					<row0>	0.0000 0.0000 1.0000 0.0000	</row0>
					<row1>	0.0000 1.0000 0.0000 0.0000	</row1>
					<row2>	-1.0000 0.0000 0.0000 0.0000	</row2>
					<row3>	0.0505 0.4459 -0.2989 1.0000	</row3>
				</transform>
			</node>
			<node>
				<identifier>	MP_ZM608_Telephone_INDEX_3	</identifier>
				<transform>
					<row0>	0.0000 0.0000 -1.0000 0.0000	</row0>
					<row1>	0.0000 1.0000 0.0000 0.0000	</row1>
					<row2>	1.0000 0.0000 0.0000 0.0000	</row2>
					<row3>	0.2013 0.3680 -0.5854 1.0000	</row3>
				</transform>
			</node>
			<node>
