<FSD306_Cassard_1955_Bow_ports.visual>
	<node>
		<identifier>	Scene Root	</identifier>
		<transform>
			<row0>	1.0000 0.0000 0.0000 0.0000	</row0>
			<row1>	0.0000 1.0000 0.0000 0.0000	</row1>
			<row2>	0.0000 0.0000 1.0000 0.0000	</row2>
			<row3>	0.0000 0.0000 0.0000 1.0000	</row3>
		</transform>
		<node>
			<identifier>	Bow_ports	</identifier>
			<transform>
				<row0>	1.0000 0.0000 0.0000 0.0000	</row0>
				<row1>	0.0000 1.0000 0.0000 0.0000	</row1>
				<row2>	0.0000 0.0000 1.0000 0.0000	</row2>
				<row3>	0.0000 0.0000 0.0000 1.0000	</row3>
			</transform>
			<node>
				<identifier>	HP_FD_1	</identifier>
				<transform>
					<row0>	1.0000 0.0000 0.0000 0.0000	</row0>
					<row1>	0.0000 1.0000 0.0000 0.0000	</row1>
					<row2>	0.0000 0.0000 1.0000 0.0000	</row2>
					<row3>	0.0000 0.6219 2.0952 1.0000	</row3>
				</transform>
			</node>
			<node>
				<identifier>	HP_FD_2	</identifier>
				<transform>
					<row0>	0.0000 0.0000 1.0000 0.0000	</row0>
					<row1>	0.0000 1.0000 0.0000 0.0000	</row1>
					<row2>	-1.0000 0.0000 0.0000 0.0000	</row2>
					<row3>	-0.2271 0.6686 1.7231 1.0000	</row3>
				</transform>
			</node>
			<node>
				<identifier>	HP_FD_3	</identifier>
				<transform>
					<row0>	0.0000 0.0000 -1.0000 0.0000	</row0>
					<row1>	0.0000 1.0000 0.0000 0.0000	</row1>
					<row2>	1.0000 0.0000 0.0000 0.0000	</row2>
					<row3>	0.2271 0.6686 1.7231 1.0000	</row3>
				</transform>
			</node>
			<node>
				<identifier>	HP_FD_4	</identifier>
				<transform>
					<row0>	1.0000 0.0000 0.0000 0.0000	</row0>
					<row1>	0.0000 1.0000 0.0000 0.0000	</row1>
					<row2>	0.0000 0.0000 1.0000 0.0000	</row2>
					<row3>	0.0000 0.7080 1.5264 1.0000	</row3>
				</transform>
			</node>
			<node>
				<identifier>	HP_FGA_1	</identifier>
				<transform>
					<row0>	1.0000 0.0000 0.0000 0.0000	</row0>
					<row1>	0.0000 1.0000 0.0000 0.0000	</row1>
					<row2>	0.0000 0.0000 1.0000 0.0000	</row2>
					<row3>	0.0000 0.5219 2.3158 1.0000	</row3>
				</transform>
			</node>
			<node>
				<identifier>	HP_FGA_2	</identifier>
				<transform>
					<row0>	0.0000 0.0000 1.0000 0.0000	</row0>
					<row1>	0.0000 1.0000 0.0000 0.0000	</row1>
					<row2>	-1.0000 0.0000 0.0000 0.0000	</row2>
					<row3>	-0.3424 0.5086 1.4030 1.0000	</row3>
				</transform>
			</node>
			<node>
				<identifier>	HP_FGA_3	</identifier>
				<transform>
					<row0>	0.0000 0.0000 -1.0000 0.0000	</row0>
					<row1>	0.0000 1.0000 0.0000 0.0000	</row1>
					<row2>	1.0000 0.0000 0.0000 0.0000	</row2>
					<row3>	0.3424 0.5086 1.4030 1.0000	</row3>
				</transform>
			</node>
			<node>
				<identifier>	HP_FGM_1	</identifier>
				<transform>
					<row0>	1.0000 0.0000 0.0000 0.0000	</row0>
					<row1>	0.0000 1.0000 0.0000 0.0000	</row1>
					<row2>	0.0000 0.0000 1.0000 0.0000	</row2>
					<row3>	0.0000 0.3740 2.8153 1.0000	</row3>
				</transform>
			</node>
			<node>
				<identifier>	HP_FGT_1	</identifier>
				<transform>
					<row0>	-1.0000 0.0000 0.0000 0.0000	</row0>
					<row1>	0.0000 1.0000 0.0000 0.0000	</row1>
					<row2>	0.0000 0.0000 -1.0000 0.0000	</row2>
					<row3>	-0.3181 0.2465 0.3378 1.0000	</row3>
				</transform>
			</node>
			<node>
				<identifier>	HP_FGT_2	</identifier>
				<transform>
					<row0>	-1.0000 0.0000 0.0000 0.0000	</row0>
					<row1>	0.0000 1.0000 0.0000 0.0000	</row1>
					<row2>	0.0000 0.0000 -1.0000 0.0000	</row2>
					<row3>	0.3181 0.2423 0.3378 1.0000	</row3>
				</transform>
			</node>
			<node>
				<identifier>	HP_FRS_1	</identifier>
				<transform>
					<row0>	1.0000 0.0000 0.0000 0.0000	</row0>
					<row1>	0.0000 1.0000 0.0000 0.0000	</row1>
					<row2>	0.0000 0.0000 1.0000 0.0000	</row2>
					<row3>	0.0000 1.2798 1.0529 1.0000	</row3>
				</transform>
			</node>
			<node>
				<identifier>	HP_FRS_2	</identifier>
				<transform>
					<row0>	0.9999 0.0000 0.0102 0.0000	</row0>
					<row1>	0.0000 1.0000 0.0000 0.0000	</row1>
					<row2>	-0.0102 0.0000 0.9999 0.0000	</row2>
					<row3>	0.0000 1.5507 0.8508 1.0000	</row3>
				</transform>
			</node>
			<node>
				<identifier>	HP_FX_Fire_1	</identifier>
				<transform>
					<row0>	1.0000 0.0000 0.0000 0.0000	</row0>
					<row1>	0.0000 1.0000 0.0000 0.0000	</row1>
					<row2>	0.0000 0.0000 1.0000 0.0000	</row2>
					<row3>	0.0000 0.3818 3.5956 1.0000	</row3>
				</transform>
			</node>
			<node>
				<identifier>	HP_FX_Flood_water_left_1	</identifier>
				<transform>
					<row0>	-0.9923 0.0000 0.1241 0.0000	</row0>
					<row1>	0.0000 1.0000 0.0000 0.0000	</row1>
					<row2>	-0.1241 0.0000 -0.9923 0.0000	</row2>
					<row3>	-0.1727 0.0241 3.3927 1.0000	</row3>
				</transform>
			</node>
			<node>
				<identifier>	HP_FX_WakeTrace	</identifier>
				<transform>
					<row0>	1.0000 0.0000 0.0000 0.0000	</row0>
					<row1>	0.0000 1.0000 0.0000 0.0000	</row1>
					<row2>	0.0000 0.0000 1.0000 0.0000	</row2>
					<row3>	0.0000 0.0000 4.2061 1.0000	</row3>
				</transform>
			</node>
			<node>
				<identifier>	HP_Flagpole	</identifier>
				<transform>
					<row0>	-0.7071 0.0000 -0.7071 0.0000	</row0>
					<row1>	0.0000 1.0000 0.0000 0.0000	</row1>
					<row2>	0.7071 0.0000 -0.7071 0.0000	</row2>
					<row3>	-0.0087 1.7512 0.6645 1.0000	</row3>
				</transform>
			</node>
			<node>
				<identifier>	HP_Ship_death_1	</identifier>
				<transform>
					<row0>	1.0000 0.0000 0.0000 0.0000	</row0>
					<row1>	0.0000 1.0000 0.0000 0.0000	</row1>
					<row2>	0.0000 0.0000 1.0000 0.0000	</row2>
					<row3>	0.0000 0.0000 2.7788 1.0000	</row3>
				</transform>
			</node>
			<node>
				<identifier>	HP_flag_1	</identifier>
				<transform>
					<row0>	0.9992 -0.0389 0.0064 0.0000	</row0>
					<row1>	0.0389 0.9458 -0.3223 0.0000	</row1>
					<row2>	0.0064 0.3223 0.9466 0.0000	</row2>
					<row3>	0.1634 1.1769 0.8560 1.0000	</row3>
				</transform>
			</node>
			<node>
				<identifier>	HP_flag_2	</identifier>
				<transform>
					<row0>	0.9992 0.0389 -0.0064 0.0000	</row0>
					<row1>	-0.0389 0.9458 -0.3223 0.0000	</row1>
					<row2>	-0.0064 0.3223 0.9466 0.0000	</row2>
					<row3>	-0.1634 1.1769 0.8560 1.0000	</row3>
				</transform>
			</node>
			<node>
				<identifier>	HP_flag_3	</identifier>
				<transform>
					<row0>	0.9999 -0.0142 0.0024 0.0000	</row0>
					<row1>	0.0142 0.9464 -0.3227 0.0000	</row1>
					<row2>	0.0024 0.3227 0.9465 0.0000	</row2>
					<row3>	0.1116 1.1766 0.8561 1.0000	</row3>
				</transform>
			</node>
			<node>
				<identifier>	HP_flag_4	</identifier>
				<transform>
					<row0>	0.9999 0.0142 -0.0024 0.0000	</row0>
					<row1>	-0.0142 0.9464 -0.3227 0.0000	</row1>
					<row2>	-0.0024 0.3227 0.9465 0.0000	</row2>
					<row3>	-0.1116 1.1766 0.8561 1.0000	</row3>
				</transform>
			</node>
			<node>
				<identifier>	HP_flag_courtesy	</identifier>
				<transform>
					<row0>	0.9978 -0.0656 0.0109 0.0000	</row0>
					<row1>	0.0656 0.9445 -0.3220 0.0000	</row1>
					<row2>	0.0109 0.3220 0.9467 0.0000	</row2>
					<row3>	0.2177 1.2027 0.8482 1.0000	</row3>
				</transform>
			</node>
			<node>
				<identifier>	HP_flag_house	</identifier>
				<transform>
					<row0>	0.9978 0.0656 -0.0109 0.0000	</row0>
					<row1>	-0.0656 0.9445 -0.3220 0.0000	</row1>
					<row2>	-0.0109 0.3220 0.9467 0.0000	</row2>
					<row3>	-0.2178 1.2036 0.8479 1.0000	</row3>
				</transform>
			</node>
			<node>
				<identifier>	HP_flag_nation	</identifier>
				<transform>
					<row0>	0.9909 0.1337 -0.0142 0.0000	</row0>
					<row1>	-0.1337 0.9686 -0.2096 0.0000	</row1>
					<row2>	-0.0142 0.2096 0.9777 0.0000	</row2>
					<row3>	0.0054 1.8244 0.5939 1.0000	</row3>
				</transform>
			</node>
			<node>
				<identifier>	HP_flag_rank	</identifier>
				<transform>
					<row0>	0.9909 0.1337 -0.0142 0.0000	</row0>
					<row1>	-0.1337 0.9686 -0.2096 0.0000	</row1>
					<row2>	-0.0142 0.2096 0.9777 0.0000	</row2>
					<row3>	0.0341 1.6174 0.6397 1.0000	</row3>
				</transform>
			</node>
			<node>
				<identifier>	MP_FM015_Life_Buoy	</identifier>
				<transform>
					<row0>	-0.3052 0.0000 -0.9523 0.0000	</row0>
					<row1>	0.0000 1.0000 0.0000 0.0000	</row1>
					<row2>	0.9523 0.0000 -0.3052 0.0000	</row2>
					<row3>	-0.1529 0.4506 4.0125 1.0000	</row3>
				</transform>
			</node>
			<node>
				<identifier>	MP_FM015_Life_Buoy_INDEX_1	</identifier>
				<transform>
					<row0>	-0.3052 0.0000 0.9523 0.0000	</row0>
					<row1>	0.0000 1.0000 0.0000 0.0000	</row1>
					<row2>	-0.9523 0.0000 -0.3052 0.0000	</row2>
					<row3>	0.1529 0.4506 4.0125 1.0000	</row3>
				</transform>
			</node>
			<node>
				<identifier>	MP_FM046_Reels	</identifier>
				<transform>
					<row0>	1.0000 0.0000 0.0000 0.0000	</row0>
					<row1>	0.0000 1.0000 0.0000 0.0000	</row1>
					<row2>	0.0000 0.0000 1.0000 0.0000	</row2>
					<row3>	-0.1588 0.3626 3.2101 1.0000	</row3>
				</transform>
			</node>
			<node>
				<identifier>	MP_FM046_Reels_INDEX_1	</identifier>
				<transform>
					<row0>	1.0000 0.0000 0.0000 0.0000	</row0>
					<row1>	0.0000 1.0000 0.0000 0.0000	</row1>
					<row2>	0.0000 0.0000 1.0000 0.0000	</row2>
					<row3>	0.1588 0.3626 3.2101 1.0000	</row3>
				</transform>
			</node>
			<node>
				<identifier>	MP_FM950_Anchor_bottom	</identifier>
				<transform>
					<row0>	-0.1000 0.5823 0.3550 0.0000	</row0>
					<row1>	-0.1665 0.3271 -0.5834 0.0000	</row1>
					<row2>	-0.6614 -0.1703 0.0932 0.0000	</row2>
					<row3>	-0.0627 0.2986 4.2313 1.0000	</row3>
				</transform>
			</node>
			<node>
				<identifier>	MP_FM950_Anchor_bottom_INDEX_1	</identifier>
				<transform>
					<row0>	-0.1000 -0.5823 -0.3550 0.0000	</row0>
					<row1>	0.1665 0.3271 -0.5834 0.0000	</row1>
					<row2>	0.6614 -0.1703 0.0932 0.0000	</row2>
					<row3>	0.0627 0.2986 4.2313 1.0000	</row3>
				</transform>
			</node>
			<node>
				<identifier>	MP_FM951_Anchor_up	</identifier>
				<transform>
					<row0>	-0.1000 0.5823 0.3550 0.0000	</row0>
					<row1>	0.0263 0.3618 -0.5861 0.0000	</row1>
					<row2>	-0.6815 -0.0714 -0.0747 0.0000	</row2>
					<row3>	-0.0627 0.2986 4.2313 1.0000	</row3>
				</transform>
			</node>
			<node>
				<identifier>	MP_FM951_Anchor_up_INDEX_1	</identifier>
				<transform>
					<row0>	-0.1000 -0.5823 -0.3550 0.0000	</row0>
					<row1>	-0.0263 0.3618 -0.5861 0.0000	</row1>
					<row2>	0.6815 -0.0714 -0.0747 0.0000	</row2>
					<row3>	0.0627 0.2986 4.2313 1.0000	</row3>
				</transform>
			</node>
			<node>
				<identifier>	SP_YMS001_YHBM_M_1	</identifier>
				<transform>
					<row0>	0.5511 0.0000 0.0000 0.0000	</row0>
					<row1>	0.0000 0.5511 0.0000 0.0000	</row1>
					<row2>	0.0000 0.0000 0.5511 0.0000	</row2>
					<row3>	0.0000 0.4273 4.3567 1.0000	</row3>
				</transform>
			</node>
			<node>
				<identifier>	SP_YMS003_YHBR_M_1	</identifier>
				<transform>
					<row0>	0.4944 0.0000 0.0213 0.0000	</row0>
					<row1>	0.0013 0.4939 -0.0301 0.0000	</row1>
					<row2>	-0.0213 0.0302 0.4935 0.0000	</row2>
					<row3>	0.1668 0.3427 3.7586 1.0000	</row3>
				</transform>
			</node>
			<node>
				<identifier>	SP_YMS004_YHXL_L_1	</identifier>
				<transform>
					<row0>	0.4572 0.1599 -0.1190 0.0000	</row0>
					<row1>	-0.1597 0.4721 0.0207 0.0000	</row1>
					<row2>	0.1193 0.0191 0.4839 0.0000	</row2>
					<row3>	-0.1271 0.2909 3.9534 1.0000	</row3>
				</transform>
			</node>
			<node>
				<identifier>	SP_YMS005_YHXR_L_1	</identifier>
				<transform>
					<row0>	0.4572 -0.1599 0.1190 0.0000	</row0>
					<row1>	0.1597 0.4721 0.0207 0.0000	</row1>
					<row2>	-0.1193 0.0191 0.4839 0.0000	</row2>
					<row3>	0.1271 0.2909 3.9534 1.0000	</row3>
				</transform>
			</node>
			<node>
				<identifier>	SP_YMS007_YHBL_L_1	</identifier>
				<transform>
					<row0>	0.4944 0.0000 -0.0213 0.0000	</row0>
					<row1>	-0.0013 0.4939 -0.0301 0.0000	</row1>
					<row2>	0.0213 0.0302 0.4935 0.0000	</row2>
					<row3>	-0.1668 0.3427 3.7586 1.0000	</row3>
				</transform>
			</node>
			<node>
				<identifier>	SP_YMS010_YHWM_L_1	</identifier>
				<transform>
					<row0>	0.4775 0.0000 0.0000 0.0000	</row0>
					<row1>	0.0000 0.4775 0.0000 0.0000	</row1>
					<row2>	0.0000 0.0000 0.4775 0.0000	</row2>
					<row3>	0.0000 0.0000 4.2020 1.0000	</row3>
				</transform>
			</node>
			<node>
				<identifier>	SP_YMS020_YHBU_M_1	</identifier>
				<transform>
					<row0>	0.7415 0.0000 0.0000 0.0000	</row0>
					<row1>	0.0000 0.7415 0.0000 0.0000	</row1>
					<row2>	0.0000 0.0000 0.7415 0.0000	</row2>
					<row3>	0.0000 0.0000 4.1430 1.0000	</row3>
				</transform>
			</node>
			<node>
				<identifier>	SP_YMS053_YHDC_S_1_INDEX_1	</identifier>
				<transform>
					<row0>	0.4802 0.0000 0.0000 0.0000	</row0>
					<row1>	0.0000 0.4802 0.0000 0.0000	</row1>
					<row2>	0.0000 0.0000 0.4802 0.0000	</row2>
					<row3>	0.1191 0.3768 3.5410 1.0000	</row3>
				</transform>
			</node>
			<node>
				<identifier>	SP_YMS053_YHDC_S_1_INDEX_7	</identifier>
				<transform>
					<row0>	0.4802 0.0000 0.0000 0.0000	</row0>
					<row1>	0.0000 0.4802 0.0000 0.0000	</row1>
					<row2>	0.0000 0.0000 0.4802 0.0000	</row2>
					<row3>	-0.1191 0.3768 3.5410 1.0000	</row3>
				</transform>
			</node>
			<node>
				<identifier>	SP_YMS080_YHSL_M_1_INDEX_1	</identifier>
				<transform>
					<row0>	0.5219 0.1588 -0.0703 0.0000	</row0>
					<row1>	-0.1601 0.5262 0.0000 0.0000	</row1>
					<row2>	0.0672 0.0205 0.5455 0.0000	</row2>
					<row3>	-0.2370 0.1799 3.2981 1.0000	</row3>
				</transform>
			</node>
			<node>
				<identifier>	SP_YMS081_YHSR_M_1	</identifier>
				<transform>
					<row0>	0.5219 -0.1588 0.0703 0.0000	</row0>
					<row1>	0.1601 0.5262 0.0000 0.0000	</row1>
					<row2>	-0.0672 0.0205 0.5455 0.0000	</row2>
					<row3>	0.2393 0.1880 3.2981 1.0000	</row3>
				</transform>
			</node>
		</node>
	</node>
	<boundingBox>
		<min>	-0.0667 -0.0667 -0.0667	</min>
		<max>	0.0667 0.0667 0.0667	</max>
	</boundingBox>
</FSD306_Cassard_1955_Bow_ports.visual>
