<BSB008_Lion_1950_Stern_ports.visual>
	<node>
		<identifier>	Scene Root	</identifier>
		<transform>
			<row0>	1.0000 0.0000 0.0000 0.0000	</row0>
			<row1>	0.0000 1.0000 0.0000 0.0000	</row1>
			<row2>	0.0000 0.0000 1.0000 0.0000	</row2>
			<row3>	0.0000 0.0000 0.0000 1.0000	</row3>
		</transform>
		<node>
			<identifier>	Stern_ports	</identifier>
			<transform>
				<row0>	1.0000 0.0000 0.0000 0.0000	</row0>
				<row1>	0.0000 1.0000 0.0000 0.0000	</row1>
				<row2>	0.0000 0.0000 1.0000 0.0000	</row2>
				<row3>	0.0000 0.0000 0.0000 1.0000	</row3>
			</transform>
			<node>
				<identifier>	HP_BD_20	</identifier>
				<transform>
					<row0>	-0.7071 0.0000 0.7071 0.0000	</row0>
					<row1>	0.0000 1.0000 0.0000 0.0000	</row1>
					<row2>	-0.7071 0.0000 -0.7071 0.0000	</row2>
					<row3>	-0.3633 0.4182 -5.6401 1.0000	</row3>
				</transform>
			</node>
			<node>
				<identifier>	HP_BD_21	</identifier>
				<transform>
					<row0>	-0.7071 0.0000 -0.7071 0.0000	</row0>
					<row1>	0.0000 1.0000 0.0000 0.0000	</row1>
					<row2>	0.7071 0.0000 -0.7071 0.0000	</row2>
					<row3>	0.3633 0.4182 -5.6401 1.0000	</row3>
				</transform>
			</node>
			<node>
				<identifier>	HP_BGA_15	</identifier>
				<transform>
					<row0>	-0.7071 0.0000 0.7071 0.0000	</row0>
					<row1>	0.0000 1.0000 0.0000 0.0000	</row1>
					<row2>	-0.7071 0.0000 -0.7071 0.0000	</row2>
					<row3>	-0.5280 0.3643 -5.8377 1.0000	</row3>
				</transform>
			</node>
			<node>
				<identifier>	HP_BGA_16	</identifier>
				<transform>
					<row0>	-0.7071 0.0000 -0.7071 0.0000	</row0>
					<row1>	0.0000 1.0000 0.0000 0.0000	</row1>
					<row2>	0.7071 0.0000 -0.7071 0.0000	</row2>
					<row3>	0.5280 0.3643 -5.8377 1.0000	</row3>
				</transform>
			</node>
			<node>
				<identifier>	HP_BGA_17	</identifier>
				<transform>
					<row0>	-0.7071 0.0000 0.7071 0.0000	</row0>
					<row1>	0.0000 1.0000 0.0000 0.0000	</row1>
					<row2>	-0.7071 0.0000 -0.7071 0.0000	</row2>
					<row3>	-0.3828 0.3746 -6.7541 1.0000	</row3>
				</transform>
			</node>
			<node>
				<identifier>	HP_BGA_18	</identifier>
				<transform>
					<row0>	-0.7071 0.0000 -0.7071 0.0000	</row0>
					<row1>	0.0000 1.0000 0.0000 0.0000	</row1>
					<row2>	0.7071 0.0000 -0.7071 0.0000	</row2>
					<row3>	0.3828 0.3746 -6.7541 1.0000	</row3>
				</transform>
			</node>
			<node>
				<identifier>	HP_BGA_19	</identifier>
				<transform>
					<row0>	-0.7071 0.0000 0.7071 0.0000	</row0>
					<row1>	0.0000 1.0000 0.0000 0.0000	</row1>
					<row2>	-0.7071 0.0000 -0.7071 0.0000	</row2>
					<row3>	-0.2017 0.3882 -7.4847 1.0000	</row3>
				</transform>
			</node>
			<node>
				<identifier>	HP_BGA_20	</identifier>
				<transform>
					<row0>	-0.7071 0.0000 -0.7071 0.0000	</row0>
					<row1>	0.0000 1.0000 0.0000 0.0000	</row1>
					<row2>	0.7071 0.0000 -0.7071 0.0000	</row2>
					<row3>	0.2017 0.3882 -7.4847 1.0000	</row3>
				</transform>
			</node>
			<node>
				<identifier>	HP_FX_Fire_4	</identifier>
				<transform>
					<row0>	1.0000 0.0000 0.0000 0.0000	</row0>
					<row1>	0.0000 1.0000 0.0000 0.0000	</row1>
					<row2>	0.0000 0.0000 1.0000 0.0000	</row2>
					<row3>	0.0000 0.4024 -6.5679 1.0000	</row3>
				</transform>
			</node>
			<node>
				<identifier>	HP_FX_WakeTraceBack	</identifier>
				<transform>
					<row0>	1.0000 0.0000 0.0000 0.0000	</row0>
					<row1>	0.0000 1.0000 0.0000 0.0000	</row1>
					<row2>	0.0000 0.0000 1.0000 0.0000	</row2>
					<row3>	0.0000 0.0000 -7.9086 1.0000	</row3>
				</transform>
			</node>
			<node>
				<identifier>	HP_FX_WakeTrace_screw_1	</identifier>
				<transform>
					<row0>	1.0000 0.0000 0.0000 0.0000	</row0>
					<row1>	0.0000 1.0000 0.0000 0.0000	</row1>
					<row2>	0.0000 0.0000 1.0000 0.0000	</row2>
					<row3>	-0.5976 -0.4575 -5.9812 1.0000	</row3>
				</transform>
			</node>
			<node>
				<identifier>	HP_FX_WakeTrace_screw_2	</identifier>
				<transform>
					<row0>	1.0000 0.0000 0.0000 0.0000	</row0>
					<row1>	0.0000 1.0000 0.0000 0.0000	</row1>
					<row2>	0.0000 0.0000 1.0000 0.0000	</row2>
					<row3>	-0.3336 -0.5167 -6.6740 1.0000	</row3>
				</transform>
			</node>
			<node>
				<identifier>	HP_FX_WakeTrace_screw_3	</identifier>
				<transform>
					<row0>	1.0000 0.0000 0.0000 0.0000	</row0>
					<row1>	0.0000 1.0000 0.0000 0.0000	</row1>
					<row2>	0.0000 0.0000 1.0000 0.0000	</row2>
					<row3>	0.3336 -0.5167 -6.6740 1.0000	</row3>
				</transform>
			</node>
			<node>
				<identifier>	HP_FX_WakeTrace_screw_4	</identifier>
				<transform>
					<row0>	1.0000 0.0000 0.0000 0.0000	</row0>
					<row1>	0.0000 1.0000 0.0000 0.0000	</row1>
					<row2>	0.0000 0.0000 1.0000 0.0000	</row2>
					<row3>	0.5976 -0.4575 -5.9812 1.0000	</row3>
				</transform>
			</node>
			<node>
				<identifier>	HP_Ship_death_3	</identifier>
				<transform>
					<row0>	1.0000 0.0000 0.0000 0.0000	</row0>
					<row1>	0.0000 1.0000 0.0000 0.0000	</row1>
					<row2>	0.0000 0.0000 1.0000 0.0000	</row2>
					<row3>	0.0000 0.0000 -5.4330 1.0000	</row3>
				</transform>
			</node>
			<node>
				<identifier>	MP_BM003_Night_lifebuoy	</identifier>
				<transform>
					<row0>	-0.9466 0.2655 -0.1831 0.0000	</row0>
					<row1>	0.2621 0.9641 0.0427 0.0000	</row1>
					<row2>	0.1878 -0.0075 -0.9822 0.0000	</row2>
					<row3>	-0.6789 0.4156 -6.3686 1.0000	</row3>
				</transform>
			</node>
			<node>
				<identifier>	MP_BM003_Night_lifebuoy_INDEX_1	</identifier>
				<transform>
					<row0>	0.9456 0.2697 -0.1820 0.0000	</row0>
					<row1>	-0.2649 0.9629 0.0510 0.0000	</row1>
					<row2>	0.1890 0.0000 0.9820 0.0000	</row2>
					<row3>	0.6790 0.4156 -6.3680 1.0000	</row3>
				</transform>
			</node>
			<node>
				<identifier>	MP_BM021_Crown	</identifier>
				<transform>
					<row0>	1.0000 0.0000 0.0000 0.0000	</row0>
					<row1>	0.0000 1.0000 0.0000 0.0000	</row1>
					<row2>	0.0000 0.0000 1.0000 0.0000	</row2>
					<row3>	0.0180 0.9804 -7.9105 1.0000	</row3>
				</transform>
			</node>
			<node>
				<identifier>	MP_BM509_Liferaft_type_20_10ft	</identifier>
				<transform>
					<row0>	1.0000 0.0000 0.0000 0.0000	</row0>
					<row1>	0.0000 1.0000 0.0086 0.0000	</row1>
					<row2>	0.0000 -0.0086 1.0000 0.0000	</row2>
					<row3>	0.4366 0.3691 -6.3398 1.0000	</row3>
				</transform>
			</node>
			<node>
				<identifier>	MP_BM509_Liferaft_type_20_10ft_INDEX_1	</identifier>
				<transform>
					<row0>	0.0000 0.0080 -1.0000 0.0000	</row0>
					<row1>	0.0000 1.0000 0.0080 0.0000	</row1>
					<row2>	1.0000 0.0000 0.0000 0.0000	</row2>
					<row3>	-0.4876 0.3677 -6.1294 1.0000	</row3>
				</transform>
			</node>
			<node>
				<identifier>	MP_BM509_Liferaft_type_20_10ft_INDEX_2	</identifier>
				<transform>
					<row0>	0.9999 -0.0133 -0.0001 0.0000	</row0>
					<row1>	0.0133 0.9999 0.0095 0.0000	</row1>
					<row2>	0.0000 -0.0095 1.0000 0.0000	</row2>
					<row3>	0.5599 0.3685 -6.3000 1.0000	</row3>
				</transform>
			</node>
			<node>
				<identifier>	MP_BM509_Liferaft_type_20_10ft_INDEX_3	</identifier>
				<transform>
					<row0>	0.0000 -0.0080 1.0000 0.0000	</row0>
					<row1>	0.0000 1.0000 0.0080 0.0000	</row1>
					<row2>	-1.0000 0.0000 0.0000 0.0000	</row2>
					<row3>	0.4876 0.3677 -6.1294 1.0000	</row3>
				</transform>
			</node>
			<node>
				<identifier>	MP_BM509_Liferaft_type_20_10ft_INDEX_4	</identifier>
				<transform>
					<row0>	0.0000 -0.0061 1.0000 0.0000	</row0>
					<row1>	0.0000 1.0000 0.0061 0.0000	</row1>
					<row2>	-1.0000 0.0000 0.0000 0.0000	</row2>
					<row3>	0.4876 0.3926 -6.1292 1.0000	</row3>
				</transform>
			</node>
			<node>
				<identifier>	MP_BM509_Liferaft_type_20_10ft_INDEX_5	</identifier>
				<transform>
					<row0>	-0.9695 0.0157 -0.2447 0.0000	</row0>
					<row1>	0.0129 0.9998 0.0130 0.0000	</row1>
					<row2>	0.2448 0.0094 -0.9695 0.0000	</row2>
					<row3>	-0.5518 0.3700 -6.4367 1.0000	</row3>
				</transform>
			</node>
			<node>
				<identifier>	MP_BM509_Liferaft_type_20_10ft_INDEX_6	</identifier>
				<transform>
					<row0>	0.0000 0.0061 -1.0000 0.0000	</row0>
					<row1>	0.0000 1.0000 0.0061 0.0000	</row1>
					<row2>	1.0000 0.0000 0.0000 0.0000	</row2>
					<row3>	-0.4523 0.3687 -6.2592 1.0000	</row3>
				</transform>
			</node>
			<node>
				<identifier>	MP_BM708_Ammunition_Box	</identifier>
				<transform>
					<row0>	0.6154 0.0000 0.1899 0.0000	</row0>
					<row1>	0.0000 0.8020 0.0000 0.0000	</row1>
					<row2>	-0.2366 0.0000 0.7663 0.0000	</row2>
					<row3>	-0.2481 0.3846 -7.3134 1.0000	</row3>
				</transform>
			</node>
			<node>
				<identifier>	MP_BM708_Ammunition_Box_INDEX_1	</identifier>
				<transform>
					<row0>	-0.6192 0.0000 0.1771 0.0000	</row0>
					<row1>	0.0000 0.8020 0.0000 0.0000	</row1>
					<row2>	-0.2206 0.0000 -0.7711 0.0000	</row2>
					<row3>	0.2481 0.3846 -7.3134 1.0000	</row3>
				</transform>
			</node>
			<node>
				<identifier>	MP_BM708_Ammunition_Box_INDEX_10	</identifier>
				<transform>
					<row0>	0.0000 0.0000 0.6440 0.0000	</row0>
					<row1>	0.0000 0.8020 0.0000 0.0000	</row1>
					<row2>	-0.8020 0.0000 0.0000 0.0000	</row2>
					<row3>	0.0288 0.3661 -6.0442 1.0000	</row3>
				</transform>
			</node>
			<node>
				<identifier>	MP_BM708_Ammunition_Box_INDEX_11	</identifier>
				<transform>
					<row0>	-0.6192 0.0000 0.1771 0.0000	</row0>
					<row1>	0.0000 0.8020 0.0000 0.0000	</row1>
					<row2>	-0.2206 0.0000 -0.7711 0.0000	</row2>
					<row3>	-0.1558 0.3846 -7.3134 1.0000	</row3>
				</transform>
			</node>
			<node>
				<identifier>	MP_BM708_Ammunition_Box_INDEX_12	</identifier>
				<transform>
					<row0>	0.0000 0.0000 0.6440 0.0000	</row0>
					<row1>	0.0000 0.8020 0.0000 0.0000	</row1>
					<row2>	-0.8020 0.0000 0.0000 0.0000	</row2>
					<row3>	-0.0288 0.3655 -5.9560 1.0000	</row3>
				</transform>
			</node>
			<node>
				<identifier>	MP_BM708_Ammunition_Box_INDEX_13	</identifier>
				<transform>
					<row0>	0.1601 0.0000 -0.6238 0.0000	</row0>
					<row1>	0.0000 0.8020 0.0000 0.0000	</row1>
					<row2>	0.7768 0.0000 0.1993 0.0000	</row2>
					<row3>	0.3178 0.3651 -5.8974 1.0000	</row3>
				</transform>
			</node>
			<node>
				<identifier>	MP_BM708_Ammunition_Box_INDEX_14	</identifier>
				<transform>
					<row0>	0.0000 0.0000 0.6440 0.0000	</row0>
					<row1>	0.0000 0.8020 0.0000 0.0000	</row1>
					<row2>	-0.8020 0.0000 0.0000 0.0000	</row2>
					<row3>	-0.0288 0.3661 -6.0442 1.0000	</row3>
				</transform>
			</node>
			<node>
				<identifier>	MP_BM708_Ammunition_Box_INDEX_15	</identifier>
				<transform>
					<row0>	0.4454 0.0000 -0.4652 0.0000	</row0>
					<row1>	0.0000 0.8020 0.0000 0.0000	</row1>
					<row2>	0.5793 0.0000 0.5547 0.0000	</row2>
					<row3>	0.3680 0.3656 -5.9892 1.0000	</row3>
				</transform>
			</node>
			<node>
				<identifier>	MP_BM708_Ammunition_Box_INDEX_16	</identifier>
				<transform>
					<row0>	0.0000 0.0000 0.6440 0.0000	</row0>
					<row1>	0.0000 0.8020 0.0000 0.0000	</row1>
					<row2>	-0.8020 0.0000 0.0000 0.0000	</row2>
					<row3>	-0.0288 0.3652 -5.8681 1.0000	</row3>
				</transform>
			</node>
			<node>
				<identifier>	MP_BM708_Ammunition_Box_INDEX_17	</identifier>
				<transform>
					<row0>	-0.6230 0.0000 0.1632 0.0000	</row0>
					<row1>	0.0000 0.8020 0.0000 0.0000	</row1>
					<row2>	-0.2033 0.0000 -0.7758 0.0000	</row2>
					<row3>	0.4287 0.3720 -6.5818 1.0000	</row3>
				</transform>
			</node>
			<node>
				<identifier>	MP_BM708_Ammunition_Box_INDEX_2	</identifier>
				<transform>
					<row0>	-0.1471 0.0000 -0.6270 0.0000	</row0>
					<row1>	0.0000 0.8020 0.0000 0.0000	</row1>
					<row2>	0.7808 0.0000 -0.1831 0.0000	</row2>
					<row3>	-0.3178 0.3651 -5.8974 1.0000	</row3>
				</transform>
			</node>
			<node>
				<identifier>	MP_BM708_Ammunition_Box_INDEX_3	</identifier>
				<transform>
					<row0>	0.0000 0.0000 0.6440 0.0000	</row0>
					<row1>	0.0000 0.8020 0.0000 0.0000	</row1>
					<row2>	-0.8020 0.0000 0.0000 0.0000	</row2>
					<row3>	0.0288 0.3655 -5.9560 1.0000	</row3>
				</transform>
			</node>
			<node>
				<identifier>	MP_BM708_Ammunition_Box_INDEX_4	</identifier>
				<transform>
					<row0>	0.4656 0.0000 0.4449 0.0000	</row0>
					<row1>	0.0000 0.8020 0.0000 0.0000	</row1>
					<row2>	-0.5540 0.0000 0.5799 0.0000	</row2>
					<row3>	-0.5079 0.3726 -6.6288 1.0000	</row3>
				</transform>
			</node>
			<node>
				<identifier>	MP_BM708_Ammunition_Box_INDEX_5	</identifier>
				<transform>
					<row0>	0.6153 0.0000 0.1900 0.0000	</row0>
					<row1>	0.0000 0.8020 0.0000 0.0000	</row1>
					<row2>	-0.2366 0.0000 0.7663 0.0000	</row2>
					<row3>	0.1558 0.3846 -7.3134 1.0000	</row3>
				</transform>
			</node>
			<node>
				<identifier>	MP_BM708_Ammunition_Box_INDEX_6	</identifier>
				<transform>
					<row0>	-0.4356 0.0000 -0.4743 0.0000	</row0>
					<row1>	0.0000 0.8020 0.0000 0.0000	</row1>
					<row2>	0.5907 0.0000 -0.5425 0.0000	</row2>
					<row3>	-0.3680 0.3656 -5.9892 1.0000	</row3>
				</transform>
			</node>
			<node>
				<identifier>	MP_BM708_Ammunition_Box_INDEX_7	</identifier>
				<transform>
					<row0>	0.6194 0.0000 0.1762 0.0000	</row0>
					<row1>	0.0000 0.8020 0.0000 0.0000	</row1>
					<row2>	-0.2194 0.0000 0.7714 0.0000	</row2>
					<row3>	-0.4287 0.3720 -6.5818 1.0000	</row3>
				</transform>
			</node>
			<node>
				<identifier>	MP_BM708_Ammunition_Box_INDEX_8	</identifier>
				<transform>
					<row0>	-0.4748 0.0000 0.4351 0.0000	</row0>
					<row1>	0.0000 0.8020 0.0000 0.0000	</row1>
					<row2>	-0.5419 0.0000 -0.5912 0.0000	</row2>
					<row3>	0.5079 0.3726 -6.6288 1.0000	</row3>
				</transform>
			</node>
			<node>
				<identifier>	MP_BM708_Ammunition_Box_INDEX_9	</identifier>
				<transform>
					<row0>	0.0000 0.0000 0.6440 0.0000	</row0>
					<row1>	0.0000 0.8020 0.0000 0.0000	</row1>
					<row2>	-0.8020 0.0000 0.0000 0.0000	</row2>
					<row3>	0.0288 0.3652 -5.8681 1.0000	</row3>
				</transform>
			</node>
			<node>
				<identifier>	MP_BM754_Deck_Hatch	</identifier>
				<transform>
					<row0>	0.0000 0.0000 -0.7905 0.0000	</row0>
					<row1>	0.0000 0.7905 0.0000 0.0000	</row1>
					<row2>	0.7905 0.0000 0.0000 0.0000	</row2>
					<row3>	0.0415 0.3676 -5.6509 1.0000	</row3>
				</transform>
			</node>
			<node>
				<identifier>	MP_BM754_Deck_Hatch_INDEX_1	</identifier>
				<transform>
					<row0>	0.7905 0.0000 0.0000 0.0000	</row0>
					<row1>	0.0000 0.7905 0.0000 0.0000	</row1>
					<row2>	0.0000 0.0000 0.7905 0.0000	</row2>
					<row3>	0.1419 0.3751 -6.5482 1.0000	</row3>
				</transform>
			</node>
			<node>
				<identifier>	MP_BM803_Ventilation_box	</identifier>
				<transform>
					<row0>	0.0000 0.0000 1.0000 0.0000	</row0>
					<row1>	0.0000 1.0000 0.0000 0.0000	</row1>
					<row2>	-1.0000 0.0000 0.0000 0.0000	</row2>
					<row3>	-0.2657 0.3669 -6.1698 1.0000	</row3>
				</transform>
			</node>
			<node>
				<identifier>	MP_BM803_Ventilation_box_INDEX_1	</identifier>
				<transform>
					<row0>	0.0000 0.0000 1.0000 0.0000	</row0>
					<row1>	0.0000 1.0000 0.0000 0.0000	</row1>
					<row2>	-1.0000 0.0000 0.0000 0.0000	</row2>
					<row3>	0.2657 0.3669 -6.1698 1.0000	</row3>
				</transform>
			</node>
			<node>
				<identifier>	MP_BM857_Fog_Light	</identifier>
				<transform>
					<row0>	-1.0000 0.0000 0.0000 0.0000	</row0>
					<row1>	0.0000 1.0000 0.0000 0.0000	</row1>
					<row2>	0.0000 0.0000 -1.0000 0.0000	</row2>
					<row3>	0.0000 0.5283 -7.9189 1.0000	</row3>
				</transform>
			</node>
			<node>
				<identifier>	MP_BM868_Screened_speed_light	</identifier>
				<transform>
					<row0>	0.5000 0.0000 0.0000 0.0000	</row0>
					<row1>	0.0000 0.5000 0.0000 0.0000	</row1>
					<row2>	0.0000 0.0000 0.5000 0.0000	</row2>
					<row3>	0.0000 0.5556 -7.9236 1.0000	</row3>
				</transform>
			</node>
			<node>
				<identifier>	MP_BM872_Running_Lights_B	</identifier>
				<transform>
					<row0>	-1.0000 0.0000 0.0000 0.0000	</row0>
					<row1>	0.0000 1.0000 0.0000 0.0000	</row1>
					<row2>	0.0000 0.0000 -1.0000 0.0000	</row2>
					<row3>	0.0003 0.5902 -7.9290 1.0000	</row3>
				</transform>
			</node>
			<node>
				<identifier>	MP_BM963_Anchor_Capstan_Stern	</identifier>
				<transform>
					<row0>	1.0000 0.0000 0.0000 0.0000	</row0>
					<row1>	0.0000 1.0000 0.0000 0.0000	</row1>
					<row2>	0.0000 0.0000 1.0000 0.0000	</row2>
					<row3>	0.0000 0.3816 -6.4156 1.0000	</row3>
				</transform>
			</node>
			<node>
				<identifier>	MP_BM967_Bollard	</identifier>
				<transform>
					<row0>	1.2824 0.0000 0.3631 0.0000	</row0>
					<row1>	-0.0077 1.3325 0.0274 0.0000	</row1>
					<row2>	-0.3630 -0.0284 1.2822 0.0000	</row2>
					<row3>	-0.4358 0.3844 -7.2452 1.0000	</row3>
				</transform>
			</node>
			<node>
				<identifier>	MP_BM967_Bollard_INDEX_1	</identifier>
				<transform>
					<row0>	1.2824 0.0000 -0.3631 0.0000	</row0>
					<row1>	0.0077 1.3325 0.0274 0.0000	</row1>
					<row2>	0.3630 -0.0284 1.2822 0.0000	</row2>
					<row3>	0.4358 0.3844 -7.2452 1.0000	</row3>
				</transform>
			</node>
			<node>
				<identifier>	MP_CM003_Propeller5_L	</identifier>
				<transform>
					<row0>	1.2978 0.0000 -0.0211 0.0000	</row0>
					<row1>	-0.0003 1.2979 -0.0129 0.0000	</row1>
					<row2>	0.0211 0.0129 1.2978 0.0000	</row2>
					<row3>	-0.5976 -0.4575 -5.9812 1.0000	</row3>
				</transform>
			</node>
			<node>
				<identifier>	MP_CM003_Propeller5_L_INDEX_1	</identifier>
				<transform>
					<row0>	1.2980 -0.0001 -0.0002 0.0000	</row0>
					<row1>	0.0001 1.2975 -0.0351 0.0000	</row1>
					<row2>	0.0002 0.0351 1.2975 0.0000	</row2>
					<row3>	-0.3336 -0.5167 -6.6740 1.0000	</row3>
				</transform>
			</node>
			<node>
				<identifier>	MP_CM011_Fire_Fighting_Gear	</identifier>
				<transform>
					<row0>	0.0000 0.0000 1.0000 0.0000	</row0>
					<row1>	0.0000 1.0000 0.0000 0.0000	</row1>
					<row2>	-1.0000 0.0000 0.0000 0.0000	</row2>
					<row3>	-0.2543 0.3788 -6.8614 1.0000	</row3>
				</transform>
			</node>
			<node>
				<identifier>	MP_CM011_Fire_Fighting_Gear_INDEX_1	</identifier>
				<transform>
					<row0>	0.0000 0.0000 -1.0000 0.0000	</row0>
					<row1>	0.0000 1.0000 0.0000 0.0000	</row1>
					<row2>	1.0000 0.0000 0.0000 0.0000	</row2>
					<row3>	0.2543 0.3788 -6.8614 1.0000	</row3>
				</transform>
			</node>
			<node>
				<identifier>	MP_CM011_Fire_Fighting_Gear_INDEX_2	</identifier>
				<transform>
					<row0>	-1.0000 0.0000 0.0000 0.0000	</row0>
					<row1>	0.0000 1.0000 0.0000 0.0000	</row1>
					<row2>	0.0000 0.0000 -1.0000 0.0000	</row2>
					<row3>	-0.5165 0.3651 -5.6303 1.0000	</row3>
				</transform>
			</node>
			<node>
				<identifier>	MP_CM011_Fire_Fighting_Gear_INDEX_3	</identifier>
				<transform>
					<row0>	-1.0000 0.0000 0.0000 0.0000	</row0>
					<row1>	0.0000 1.0000 0.0000 0.0000	</row1>
					<row2>	0.0000 0.0000 -1.0000 0.0000	</row2>
					<row3>	0.5165 0.3651 -5.6303 1.0000	</row3>
				</transform>
			</node>
			<node>
				<identifier>	MP_CM013_Fire_Hose_Rack_2	</identifier>
				<transform>
					<row0>	-0.6113 0.0000 0.7914 0.0000	</row0>
					<row1>	0.0000 1.0000 0.0000 0.0000	</row1>
					<row2>	-0.7914 0.0000 -0.6113 0.0000	</row2>
					<row3>	-0.2884 0.4022 -6.8754 1.0000	</row3>
				</transform>
			</node>
			<node>
				<identifier>	MP_CM013_Fire_Hose_Rack_2_INDEX_1	</identifier>
				<transform>
					<row0>	0.1312 0.0000 -0.9914 0.0000	</row0>
					<row1>	0.0000 1.0000 0.0000 0.0000	</row1>
					<row2>	0.9914 0.0000 0.1312 0.0000	</row2>
					<row3>	0.4938 0.4022 -5.6477 1.0000	</row3>
				</transform>
			</node>
			<node>
				<identifier>	MP_CM013_Fire_Hose_Rack_2_INDEX_2	</identifier>
				<transform>
					<row0>	0.6113 0.0000 0.7914 0.0000	</row0>
					<row1>	0.0000 1.0000 0.0000 0.0000	</row1>
					<row2>	-0.7914 0.0000 0.6113 0.0000	</row2>
					<row3>	0.2884 0.4022 -6.8754 1.0000	</row3>
				</transform>
			</node>
			<node>
				<identifier>	MP_CM013_Fire_Hose_Rack_2_INDEX_3	</identifier>
				<transform>
					<row0>	-0.1292 0.0000 -0.9916 0.0000	</row0>
					<row1>	0.0000 1.0000 0.0000 0.0000	</row1>
					<row2>	0.9916 0.0000 -0.1292 0.0000	</row2>
					<row3>	-0.4938 0.4022 -5.6477 1.0000	</row3>
				</transform>
			</node>
			<node>
				<identifier>	MP_CM034_Propeller5_R	</identifier>
				<transform>
					<row0>	1.2980 -0.0001 0.0000 0.0000	</row0>
					<row1>	0.0001 1.2975 -0.0351 0.0000	</row1>
					<row2>	0.0000 0.0351 1.2975 0.0000	</row2>
					<row3>	0.3336 -0.5167 -6.6740 1.0000	</row3>
				</transform>
			</node>
			<node>
				<identifier>	MP_CM034_Propeller5_R_INDEX_1	</identifier>
				<transform>
					<row0>	1.2980 0.0000 0.0105 0.0000	</row0>
					<row1>	0.0000 1.2979 -0.0129 0.0000	</row1>
					<row2>	-0.0105 0.0129 1.2979 0.0000	</row2>
					<row3>	0.5976 -0.4575 -5.9812 1.0000	</row3>
				</transform>
			</node>
			<node>
				<identifier>	SP_YMS011_YHWL_M_1_INDEX_15	</identifier>
				<transform>
					<row0>	0.9454 0.2951 0.1382 0.0000	</row0>
					<row1>	-0.2919 0.9555 -0.0431 0.0000	</row1>
					<row2>	-0.1448 0.0004 0.9895 0.0000	</row2>
					<row3>	-0.6979 0.0000 -5.5478 1.0000	</row3>
				</transform>
			</node>
			<node>
				<identifier>	SP_YMS011_YHWL_M_1_INDEX_16	</identifier>
				<transform>
					<row0>	0.9212 0.3482 0.1739 0.0000	</row0>
					<row1>	-0.3420 0.9374 -0.0651 0.0000	</row1>
					<row2>	-0.1857 0.0005 0.9826 0.0000	</row2>
					<row3>	-0.5539 0.0000 -6.3743 1.0000	</row3>
				</transform>
			</node>
			<node>
				<identifier>	SP_YMS011_YHWL_M_1_INDEX_17	</identifier>
				<transform>
					<row0>	0.9376 0.2702 0.2187 0.0000	</row0>
					<row1>	-0.2638 0.9628 -0.0585 0.0000	</row1>
					<row2>	-0.2264 -0.0028 0.9740 0.0000	</row2>
					<row3>	-0.3802 0.0000 -7.1948 1.0000	</row3>
				</transform>
			</node>
			<node>
				<identifier>	SP_YMS012_YHWR_M_1_INDEX_15	</identifier>
				<transform>
					<row0>	0.9454 -0.2951 -0.1382 0.0000	</row0>
					<row1>	0.2919 0.9555 -0.0431 0.0000	</row1>
					<row2>	0.1448 0.0004 0.9895 0.0000	</row2>
					<row3>	0.6979 0.0000 -5.5478 1.0000	</row3>
				</transform>
			</node>
			<node>
				<identifier>	SP_YMS012_YHWR_M_1_INDEX_16	</identifier>
				<transform>
					<row0>	0.9212 -0.3482 -0.1739 0.0000	</row0>
					<row1>	0.3420 0.9374 -0.0651 0.0000	</row1>
					<row2>	0.1857 0.0005 0.9826 0.0000	</row2>
					<row3>	0.5539 0.0000 -6.3743 1.0000	</row3>
				</transform>
			</node>
			<node>
				<identifier>	SP_YMS012_YHWR_M_1_INDEX_17	</identifier>
				<transform>
					<row0>	0.9376 -0.2702 -0.2187 0.0000	</row0>
					<row1>	0.2638 0.9628 -0.0585 0.0000	</row1>
					<row2>	0.2264 -0.0028 0.9740 0.0000	</row2>
					<row3>	0.3802 0.0000 -7.1948 1.0000	</row3>
				</transform>
			</node>
			<node>
				<identifier>	SP_YMS023_YHUC_L_1_INDEX_2	</identifier>
				<transform>
					<row0>	0.6841 0.0000 0.0000 0.0000	</row0>
					<row1>	0.0000 0.6839 -0.0185 0.0000	</row1>
					<row2>	0.0001 0.0185 0.6839 0.0000	</row2>
					<row3>	-0.3336 -0.5167 -6.6740 1.0000	</row3>
				</transform>
			</node>
			<node>
				<identifier>	SP_YMS023_YHUC_L_1_INDEX_3	</identifier>
				<transform>
					<row0>	0.6841 0.0000 0.0000 0.0000	</row0>
					<row1>	0.0000 0.6839 -0.0185 0.0000	</row1>
					<row2>	-0.0001 0.0185 0.6839 0.0000	</row2>
					<row3>	0.3336 -0.5167 -6.6740 1.0000	</row3>
				</transform>
			</node>
			<node>
				<identifier>	SP_YMS030_YHAM_M_1	</identifier>
				<transform>
					<row0>	1.0000 0.0000 0.0000 0.0000	</row0>
					<row1>	0.0000 1.0000 0.0000 0.0000	</row1>
					<row2>	0.0000 0.0000 1.0000 0.0000	</row2>
					<row3>	0.0000 0.1761 -7.9738 1.0000	</row3>
				</transform>
			</node>
			<node>
				<identifier>	SP_YMS031_YHAL_M_1	</identifier>
				<transform>
					<row0>	0.9548 0.2151 0.2052 0.0000	</row0>
					<row1>	-0.2154 0.9763 -0.0213 0.0000	</row1>
					<row2>	-0.2049 -0.0239 0.9785 0.0000	</row2>
					<row3>	-0.3493 0.2418 -7.6215 1.0000	</row3>
				</transform>
			</node>
			<node>
				<identifier>	SP_YMS032_YHAR_M_1	</identifier>
				<transform>
					<row0>	0.9548 -0.2151 -0.2052 0.0000	</row0>
					<row1>	0.2154 0.9763 -0.0213 0.0000	</row1>
					<row2>	0.2049 -0.0239 0.9785 0.0000	</row2>
					<row3>	0.3493 0.2418 -7.6215 1.0000	</row3>
				</transform>
			</node>
			<node>
				<identifier>	SP_YMS053_YHDC_S_1_INDEX_11	</identifier>
				<transform>
					<row0>	1.0000 0.0000 0.0000 0.0000	</row0>
					<row1>	0.0000 1.0000 0.0000 0.0000	</row1>
					<row2>	0.0000 0.0000 1.0000 0.0000	</row2>
					<row3>	0.0000 0.3705 -6.2607 1.0000	</row3>
				</transform>
			</node>
			<node>
				<identifier>	SP_YMS080_YHSL_M_1_INDEX_3	</identifier>
				<transform>
					<row0>	0.5471 0.1994 0.1067 0.0000	</row0>
					<row1>	-0.1964 0.5574 -0.0349 0.0000	</row1>
					<row2>	-0.1122 -0.0031 0.5812 0.0000	</row2>
					<row3>	-0.5985 0.2313 -6.4839 1.0000	</row3>
				</transform>
			</node>
			<node>
				<identifier>	SP_YMS080_YHSL_M_1_INDEX_4	</identifier>
				<transform>
					<row0>	0.5495 0.1806 0.1260 0.0000	</row0>
					<row1>	-0.1758 0.5637 -0.0413 0.0000	</row1>
					<row2>	-0.1326 0.0009 0.5769 0.0000	</row2>
					<row3>	-0.4885 0.2372 -6.9861 1.0000	</row3>
				</transform>
			</node>
			<node>
				<identifier>	SP_YMS081_YHSR_M_1_INDEX_3	</identifier>
				<transform>
					<row0>	0.5471 -0.1994 -0.1067 0.0000	</row0>
					<row1>	0.1964 0.5574 -0.0349 0.0000	</row1>
					<row2>	0.1122 -0.0031 0.5812 0.0000	</row2>
					<row3>	0.5985 0.2313 -6.4839 1.0000	</row3>
				</transform>
			</node>
			<node>
				<identifier>	SP_YMS081_YHSR_M_1_INDEX_4	</identifier>
				<transform>
					<row0>	0.5495 -0.1806 -0.1260 0.0000	</row0>
					<row1>	0.1758 0.5637 -0.0413 0.0000	</row1>
					<row2>	0.1326 0.0009 0.5769 0.0000	</row2>
					<row3>	0.4885 0.2372 -6.9861 1.0000	</row3>
				</transform>
			</node>
		</node>
	</node>
	<boundingBox>
		<min>	-0.0667 -0.0667 -0.0667	</min>
		<max>	0.0667 0.0667 0.0667	</max>
	</boundingBox>
</BSB008_Lion_1950_Stern_ports.visual>
