<BSA009_Ark_Royal_1941_MidFront_ports.visual>
	<node>
		<identifier>	Scene Root	</identifier>
		<transform>
			<row0>	1.0000 0.0000 0.0000 0.0000	</row0>
			<row1>	0.0000 1.0000 0.0000 0.0000	</row1>
			<row2>	0.0000 0.0000 1.0000 0.0000	</row2>
			<row3>	0.0000 0.0000 0.0000 1.0000	</row3>
		</transform>
		<node>
			<identifier>	MidFront_ports	</identifier>
			<transform>
				<row0>	1.0000 0.0000 0.0000 0.0000	</row0>
				<row1>	0.0000 1.0000 0.0000 0.0000	</row1>
				<row2>	0.0000 0.0000 1.0000 0.0000	</row2>
				<row3>	0.0000 0.0000 0.0000 1.0000	</row3>
			</transform>
			<node>
				<identifier>	HP_BD_1	</identifier>
				<transform>
					<row0>	0.0000 0.0000 1.0000 0.0000	</row0>
					<row1>	0.0000 1.0000 0.0000 0.0000	</row1>
					<row2>	-1.0000 0.0000 0.0000 0.0000	</row2>
					<row3>	-1.1222 0.9800 1.7939 1.0000	</row3>
				</transform>
			</node>
			<node>
				<identifier>	HP_BD_10	</identifier>
				<transform>
					<row0>	-1.0000 0.0000 0.0000 0.0000	</row0>
					<row1>	0.0000 1.0000 0.0000 0.0000	</row1>
					<row2>	0.0000 0.0000 -1.0000 0.0000	</row2>
					<row3>	0.7867 1.3498 -0.0723 1.0000	</row3>
				</transform>
			</node>
			<node>
				<identifier>	HP_BD_2	</identifier>
				<transform>
					<row0>	1.0000 0.0000 0.0000 0.0000	</row0>
					<row1>	0.0000 1.0000 0.0000 0.0000	</row1>
					<row2>	0.0000 0.0000 1.0000 0.0000	</row2>
					<row3>	0.8134 1.6871 1.4783 1.0000	</row3>
				</transform>
			</node>
			<node>
				<identifier>	HP_BD_3	</identifier>
				<transform>
					<row0>	1.0000 0.0000 0.0000 0.0000	</row0>
					<row1>	0.0000 1.0000 0.0000 0.0000	</row1>
					<row2>	0.0000 0.0000 1.0000 0.0000	</row2>
					<row3>	0.8134 1.7182 1.3450 1.0000	</row3>
				</transform>
			</node>
			<node>
				<identifier>	HP_BD_4	</identifier>
				<transform>
					<row0>	0.5563 0.0000 0.8310 0.0000	</row0>
					<row1>	0.0000 1.0000 0.0000 0.0000	</row1>
					<row2>	-0.8310 0.0000 0.5563 0.0000	</row2>
					<row3>	0.6325 1.4035 1.2388 1.0000	</row3>
				</transform>
			</node>
			<node>
				<identifier>	HP_BD_5	</identifier>
				<transform>
					<row0>	0.5563 0.0000 -0.8310 0.0000	</row0>
					<row1>	0.0000 1.0000 0.0000 0.0000	</row1>
					<row2>	0.8310 0.0000 0.5563 0.0000	</row2>
					<row3>	0.9953 1.4035 1.2338 1.0000	</row3>
				</transform>
			</node>
			<node>
				<identifier>	HP_BD_6	</identifier>
				<transform>
					<row0>	1.0000 0.0000 0.0000 0.0000	</row0>
					<row1>	0.0000 1.0000 0.0000 0.0000	</row1>
					<row2>	0.0000 0.0000 1.0000 0.0000	</row2>
					<row3>	0.8134 1.7701 1.1960 1.0000	</row3>
				</transform>
			</node>
			<node>
				<identifier>	HP_BD_7	</identifier>
				<transform>
					<row0>	0.0000 0.0000 -1.0000 0.0000	</row0>
					<row1>	0.0000 1.0000 0.0000 0.0000	</row1>
					<row2>	1.0000 0.0000 0.0000 0.0000	</row2>
					<row3>	1.2194 1.3017 0.7441 1.0000	</row3>
				</transform>
			</node>
			<node>
				<identifier>	HP_BD_8	</identifier>
				<transform>
					<row0>	-1.0000 0.0000 0.0000 0.0000	</row0>
					<row1>	0.0000 1.0000 0.0000 0.0000	</row1>
					<row2>	0.0000 0.0000 -1.0000 0.0000	</row2>
					<row3>	0.7115 1.6611 0.0135 1.0000	</row3>
				</transform>
			</node>
			<node>
				<identifier>	HP_BD_9	</identifier>
				<transform>
					<row0>	-1.0000 0.0000 0.0000 0.0000	</row0>
					<row1>	0.0000 1.0000 0.0000 0.0000	</row1>
					<row2>	0.0000 0.0000 -1.0000 0.0000	</row2>
					<row3>	0.8956 1.6905 0.0135 1.0000	</row3>
				</transform>
			</node>
			<node>
				<identifier>	HP_BGA_10	</identifier>
				<transform>
					<row0>	-1.0000 0.0000 0.0000 0.0000	</row0>
					<row1>	0.0000 1.0000 0.0000 0.0000	</row1>
					<row2>	0.0000 0.0000 -1.0000 0.0000	</row2>
					<row3>	0.7864 1.1129 -0.8870 1.0000	</row3>
				</transform>
			</node>
			<node>
				<identifier>	HP_BGA_5	</identifier>
				<transform>
					<row0>	1.0000 0.0000 0.0000 0.0000	</row0>
					<row1>	0.0000 1.0000 0.0000 0.0000	</row1>
					<row2>	0.0000 0.0000 1.0000 0.0000	</row2>
					<row3>	0.7796 1.1131 2.8337 1.0000	</row3>
				</transform>
			</node>
			<node>
				<identifier>	HP_BGA_6	</identifier>
				<transform>
					<row0>	1.0000 0.0000 0.0000 0.0000	</row0>
					<row1>	0.0000 1.0000 0.0000 0.0000	</row1>
					<row2>	0.0000 0.0000 1.0000 0.0000	</row2>
					<row3>	0.7796 1.1762 1.9387 1.0000	</row3>
				</transform>
			</node>
			<node>
				<identifier>	HP_BGA_7	</identifier>
				<transform>
					<row0>	0.0000 0.0000 1.0000 0.0000	</row0>
					<row1>	0.0000 1.0000 0.0000 0.0000	</row1>
					<row2>	-1.0000 0.0000 0.0000 0.0000	</row2>
					<row3>	-1.0633 0.9264 0.5356 1.0000	</row3>
				</transform>
			</node>
			<node>
				<identifier>	HP_BGA_8	</identifier>
				<transform>
					<row0>	0.0000 0.0000 1.0000 0.0000	</row0>
					<row1>	0.0000 1.0000 0.0000 0.0000	</row1>
					<row2>	-1.0000 0.0000 0.0000 0.0000	</row2>
					<row3>	-1.0633 0.9264 -0.2792 1.0000	</row3>
				</transform>
			</node>
			<node>
				<identifier>	HP_BGA_9	</identifier>
				<transform>
					<row0>	-1.0000 0.0000 0.0000 0.0000	</row0>
					<row1>	0.0000 1.0000 0.0000 0.0000	</row1>
					<row2>	0.0000 0.0000 -1.0000 0.0000	</row2>
					<row3>	0.7864 1.2829 -0.3148 1.0000	</row3>
				</transform>
			</node>
			<node>
				<identifier>	HP_BGS_1	</identifier>
				<transform>
					<row0>	0.0000 0.0000 -1.0000 0.0000	</row0>
					<row1>	0.0000 1.0000 0.0000 0.0000	</row1>
					<row2>	1.0000 0.0000 0.0000 0.0000	</row2>
					<row3>	0.9295 0.8855 4.6053 1.0000	</row3>
				</transform>
			</node>
			<node>
				<identifier>	HP_BGS_2	</identifier>
				<transform>
					<row0>	0.0000 0.0000 1.0000 0.0000	</row0>
					<row1>	0.0000 1.0000 0.0000 0.0000	</row1>
					<row2>	-1.0000 0.0000 0.0000 0.0000	</row2>
					<row3>	-0.9583 0.8855 4.6000 1.0000	</row3>
				</transform>
			</node>
			<node>
				<identifier>	HP_BGS_3	</identifier>
				<transform>
					<row0>	0.0000 0.0000 1.0000 0.0000	</row0>
					<row1>	0.0000 1.0000 0.0000 0.0000	</row1>
					<row2>	-1.0000 0.0000 0.0000 0.0000	</row2>
					<row3>	-1.0050 0.8901 3.1369 1.0000	</row3>
				</transform>
			</node>
			<node>
				<identifier>	HP_BGS_4	</identifier>
				<transform>
					<row0>	0.0000 0.0000 -1.0000 0.0000	</row0>
					<row1>	0.0000 1.0000 0.0000 0.0000	</row1>
					<row2>	1.0000 0.0000 0.0000 0.0000	</row2>
					<row3>	0.9692 0.8901 3.1369 1.0000	</row3>
				</transform>
			</node>
			<node>
				<identifier>	HP_BRF_1	</identifier>
				<transform>
					<row0>	1.1786 0.0000 0.0000 0.0000	</row0>
					<row1>	0.0000 1.1786 0.0000 0.0000	</row1>
					<row2>	0.0000 0.0000 1.1786 0.0000	</row2>
					<row3>	0.8136 2.1529 1.2963 1.0000	</row3>
				</transform>
			</node>
			<node>
				<identifier>	HP_FX_Death_2	</identifier>
				<transform>
					<row0>	1.0000 0.0000 0.0000 0.0000	</row0>
					<row1>	0.0000 1.0000 0.0000 0.0000	</row1>
					<row2>	0.0000 0.0000 1.0000 0.0000	</row2>
					<row3>	0.0000 0.0000 1.1480 1.0000	</row3>
				</transform>
			</node>
			<node>
				<identifier>	HP_FX_Fire_2	</identifier>
				<transform>
					<row0>	1.0000 0.0000 0.0000 0.0000	</row0>
					<row1>	0.0000 1.0000 0.0000 0.0000	</row1>
					<row2>	0.0000 0.0000 1.0000 0.0000	</row2>
					<row3>	0.0000 1.1366 1.7265 1.0000	</row3>
				</transform>
			</node>
			<node>
				<identifier>	HP_FX_Fire_2_side_1	</identifier>
				<transform>
					<row0>	1.0000 0.0000 0.0000 0.0000	</row0>
					<row1>	0.0000 1.0000 0.0000 0.0000	</row1>
					<row2>	0.0000 0.0000 1.0000 0.0000	</row2>
					<row3>	0.4776 1.1575 3.9383 1.0000	</row3>
				</transform>
			</node>
			<node>
				<identifier>	HP_FX_Fire_2_side_2	</identifier>
				<transform>
					<row0>	1.0000 0.0000 0.0000 0.0000	</row0>
					<row1>	0.0000 1.0000 0.0000 0.0000	</row1>
					<row2>	0.0000 0.0000 1.0000 0.0000	</row2>
					<row3>	-0.8235 1.1307 2.1797 1.0000	</row3>
				</transform>
			</node>
			<node>
				<identifier>	HP_Flagpole	</identifier>
				<transform>
					<row0>	0.3701 0.0000 0.0000 0.0000	</row0>
					<row1>	0.0000 0.3701 0.0000 0.0000	</row1>
					<row2>	0.0000 0.0000 0.3701 0.0000	</row2>
					<row3>	0.8123 2.8674 0.9868 1.0000	</row3>
				</transform>
			</node>
			<node>
				<identifier>	HP_flag_1	</identifier>
				<transform>
					<row0>	0.9490 -0.3054 -0.0779 0.0000	</row0>
					<row1>	0.3054 0.8301 0.4666 0.0000	</row1>
					<row2>	-0.0779 -0.4666 0.8810 0.0000	</row2>
					<row3>	1.0658 2.2540 1.0916 1.0000	</row3>
				</transform>
			</node>
			<node>
				<identifier>	HP_flag_2	</identifier>
				<transform>
					<row0>	0.9899 0.1373 0.0362 0.0000	</row0>
					<row1>	-0.1373 0.8606 0.4904 0.0000	</row1>
					<row2>	0.0362 -0.4904 0.8707 0.0000	</row2>
					<row3>	0.5934 2.2510 1.0906 1.0000	</row3>
				</transform>
			</node>
			<node>
				<identifier>	HP_flag_3	</identifier>
				<transform>
					<row0>	0.9615 -0.2662 -0.0678 0.0000	</row0>
					<row1>	0.2662 0.8419 0.4694 0.0000	</row1>
					<row2>	-0.0678 -0.4694 0.8804 0.0000	</row2>
					<row3>	1.0263 2.2506 1.0920 1.0000	</row3>
				</transform>
			</node>
			<node>
				<identifier>	HP_flag_4	</identifier>
				<transform>
					<row0>	0.9956 0.0909 0.0239 0.0000	</row0>
					<row1>	-0.0909 0.8666 0.4907 0.0000	</row1>
					<row2>	0.0239 -0.4907 0.8710 0.0000	</row2>
					<row3>	0.6334 2.2470 1.0912 1.0000	</row3>
				</transform>
			</node>
			<node>
				<identifier>	HP_flag_courtesy	</identifier>
				<transform>
					<row0>	0.9814 -0.1910 -0.0213 0.0000	</row0>
					<row1>	0.1910 0.9571 0.2178 0.0000	</row1>
					<row2>	-0.0213 -0.2178 0.9758 0.0000	</row2>
					<row3>	1.0377 2.6596 1.0237 1.0000	</row3>
				</transform>
			</node>
			<node>
				<identifier>	HP_flag_house	</identifier>
				<transform>
					<row0>	0.9927 0.1201 0.0137 0.0000	</row0>
					<row1>	-0.1201 0.9672 0.2237 0.0000	</row1>
					<row2>	0.0137 -0.2237 0.9746 0.0000	</row2>
					<row3>	0.5838 2.6592 1.0235 1.0000	</row3>
				</transform>
			</node>
			<node>
				<identifier>	HP_flag_nation	</identifier>
				<transform>
					<row0>	1.0000 0.0000 0.0000 0.0000	</row0>
					<row1>	0.0000 1.0000 0.0000 0.0000	</row1>
					<row2>	0.0000 0.0000 1.0000 0.0000	</row2>
					<row3>	0.7923 2.1226 -0.0230 1.0000	</row3>
				</transform>
			</node>
			<node>
				<identifier>	HP_flag_rank	</identifier>
				<transform>
					<row0>	1.0000 -0.0002 0.0000 0.0000	</row0>
					<row1>	0.0002 0.9999 0.0106 0.0000	</row1>
					<row2>	0.0000 -0.0106 0.9999 0.0000	</row2>
					<row3>	0.8119 2.6826 0.9314 1.0000	</row3>
				</transform>
			</node>
			<node>
				<identifier>	MP_BM022_Flotanet	</identifier>
				<transform>
					<row0>	0.9997 0.0000 0.0227 0.0000	</row0>
					<row1>	0.0000 1.0000 0.0000 0.0000	</row1>
					<row2>	-0.0227 0.0000 0.9997 0.0000	</row2>
					<row3>	0.9527 0.5213 2.1749 1.0000	</row3>
				</transform>
			</node>
			<node>
				<identifier>	MP_BM022_Flotanet_INDEX_1	</identifier>
				<transform>
					<row0>	0.0000 1.0000 0.0000 0.0000	</row0>
					<row1>	-1.0000 0.0000 0.0000 0.0000	</row1>
					<row2>	0.0000 0.0000 1.0000 0.0000	</row2>
					<row3>	-1.0742 1.0398 2.1899 1.0000	</row3>
				</transform>
			</node>
			<node>
				<identifier>	MP_BM022_Flotanet_INDEX_2	</identifier>
				<transform>
					<row0>	0.0000 1.0000 0.0000 0.0000	</row0>
					<row1>	-1.0000 0.0000 0.0000 0.0000	</row1>
					<row2>	0.0000 0.0000 1.0000 0.0000	</row2>
					<row3>	-1.0801 1.0398 1.5968 1.0000	</row3>
				</transform>
			</node>
			<node>
				<identifier>	MP_BM022_Flotanet_INDEX_3	</identifier>
				<transform>
					<row0>	0.9991 0.0000 0.0435 0.0000	</row0>
					<row1>	0.0000 1.0000 0.0000 0.0000	</row1>
					<row2>	-0.0435 0.0000 0.9991 0.0000	</row2>
					<row3>	0.9368 0.5213 2.6856 1.0000	</row3>
				</transform>
			</node>
			<node>
				<identifier>	MP_BM022_Flotanet_INDEX_4	</identifier>
				<transform>
					<row0>	0.9999 0.0000 0.0149 0.0000	</row0>
					<row1>	0.0000 1.0000 0.0000 0.0000	</row1>
					<row2>	-0.0149 0.0000 0.9999 0.0000	</row2>
					<row3>	0.9647 0.5213 1.6464 1.0000	</row3>
				</transform>
			</node>
			<node>
				<identifier>	MP_BM022_Flotanet_INDEX_5	</identifier>
				<transform>
					<row0>	1.0000 0.0000 0.0000 0.0000	</row0>
					<row1>	0.0000 1.0000 0.0000 0.0000	</row1>
					<row2>	0.0000 0.0000 1.0000 0.0000	</row2>
					<row3>	1.0442 1.0676 2.3260 1.0000	</row3>
				</transform>
			</node>
			<node>
				<identifier>	MP_BM022_Flotanet_INDEX_6	</identifier>
				<transform>
					<row0>	0.0000 1.0000 0.0000 0.0000	</row0>
					<row1>	-1.0000 0.0000 0.0000 0.0000	</row1>
					<row2>	0.0000 0.0000 1.0000 0.0000	</row2>
					<row3>	-1.0742 1.0398 2.0173 1.0000	</row3>
				</transform>
			</node>
			<node>
				<identifier>	MP_BM026_Reels	</identifier>
				<transform>
					<row0>	1.0000 0.0000 0.0000 0.0000	</row0>
					<row1>	0.0000 1.0000 0.0000 0.0000	</row1>
					<row2>	0.0000 0.0000 1.0000 0.0000	</row2>
					<row3>	-0.8210 0.3617 2.5297 1.0000	</row3>
				</transform>
			</node>
			<node>
				<identifier>	MP_BM026_Reels_INDEX_1	</identifier>
				<transform>
					<row0>	1.0000 0.0000 0.0000 0.0000	</row0>
					<row1>	0.0000 1.0000 0.0000 0.0000	</row1>
					<row2>	0.0000 0.0000 1.0000 0.0000	</row2>
					<row3>	0.8210 0.3617 2.5297 1.0000	</row3>
				</transform>
			</node>
			<node>
				<identifier>	MP_BM037_Sounding_Machine	</identifier>
				<transform>
					<row0>	1.0000 0.0000 0.0000 0.0000	</row0>
					<row1>	0.0000 1.0000 0.0000 0.0000	</row1>
					<row2>	0.0000 0.0000 1.0000 0.0000	</row2>
					<row3>	1.0179 1.1151 1.4870 1.0000	</row3>
				</transform>
			</node>
			<node>
				<identifier>	MP_BM061_Crest_Ark_Royal	</identifier>
				<transform>
					<row0>	0.0000 0.0000 1.0000 0.0000	</row0>
					<row1>	0.0000 1.0000 0.0000 0.0000	</row1>
					<row2>	-1.0000 0.0000 0.0000 0.0000	</row2>
					<row3>	0.6080 1.2414 0.5749 1.0000	</row3>
				</transform>
			</node>
			<node>
				<identifier>	MP_BM512_Liferaft_type_18_14ft	</identifier>
				<transform>
					<row0>	0.3856 -0.9227 0.0000 0.0000	</row0>
					<row1>	0.9227 0.3856 0.0000 0.0000	</row1>
					<row2>	0.0000 0.0000 1.0000 0.0000	</row2>
					<row3>	-1.0679 0.6896 0.7324 1.0000	</row3>
				</transform>
			</node>
			<node>
				<identifier>	MP_BM512_Liferaft_type_18_14ft_INDEX_1	</identifier>
				<transform>
					<row0>	0.3856 -0.9227 0.0000 0.0000	</row0>
					<row1>	0.9227 0.3856 0.0000 0.0000	</row1>
					<row2>	0.0000 0.0000 1.0000 0.0000	</row2>
					<row3>	-1.0679 0.6896 -0.0738 1.0000	</row3>
				</transform>
			</node>
			<node>
				<identifier>	MP_BM512_Liferaft_type_18_14ft_INDEX_10	</identifier>
				<transform>
					<row0>	0.2910 0.9567 0.0000 0.0000	</row0>
					<row1>	-0.9567 0.2910 0.0000 0.0000	</row1>
					<row2>	0.0000 0.0000 1.0000 0.0000	</row2>
					<row3>	1.1257 1.0144 0.2062 1.0000	</row3>
				</transform>
			</node>
			<node>
				<identifier>	MP_BM512_Liferaft_type_18_14ft_INDEX_11	</identifier>
				<transform>
					<row0>	0.2910 0.9567 0.0000 0.0000	</row0>
					<row1>	-0.9567 0.2910 0.0000 0.0000	</row1>
					<row2>	0.0000 0.0000 1.0000 0.0000	</row2>
					<row3>	1.0502 0.7775 0.8415 1.0000	</row3>
				</transform>
			</node>
			<node>
				<identifier>	MP_BM512_Liferaft_type_18_14ft_INDEX_12	</identifier>
				<transform>
					<row0>	0.2910 0.9567 0.0000 0.0000	</row0>
					<row1>	-0.9567 0.2910 0.0000 0.0000	</row1>
					<row2>	0.0000 0.0000 1.0000 0.0000	</row2>
					<row3>	1.0502 0.7775 0.2510 1.0000	</row3>
				</transform>
			</node>
			<node>
				<identifier>	MP_BM512_Liferaft_type_18_14ft_INDEX_13	</identifier>
				<transform>
					<row0>	0.2910 0.9567 0.0000 0.0000	</row0>
					<row1>	-0.9567 0.2910 0.0000 0.0000	</row1>
					<row2>	0.0000 0.0000 1.0000 0.0000	</row2>
					<row3>	1.1257 1.0144 0.8645 1.0000	</row3>
				</transform>
			</node>
			<node>
				<identifier>	MP_BM512_Liferaft_type_18_14ft_INDEX_2	</identifier>
				<transform>
					<row0>	-0.2910 0.9567 0.0000 0.0000	</row0>
					<row1>	0.9567 0.2910 0.0000 0.0000	</row1>
					<row2>	0.0000 0.0000 -1.0000 0.0000	</row2>
					<row3>	-1.0459 0.8164 1.0246 1.0000	</row3>
				</transform>
			</node>
			<node>
				<identifier>	MP_BM512_Liferaft_type_18_14ft_INDEX_3	</identifier>
				<transform>
					<row0>	0.2910 0.9567 0.0000 0.0000	</row0>
					<row1>	-0.9567 0.2910 0.0000 0.0000	</row1>
					<row2>	0.0000 0.0000 1.0000 0.0000	</row2>
					<row3>	1.0502 0.7775 0.5453 1.0000	</row3>
				</transform>
			</node>
			<node>
				<identifier>	MP_BM512_Liferaft_type_18_14ft_INDEX_4	</identifier>
				<transform>
					<row0>	0.2901 0.9567 0.0235 0.0000	</row0>
					<row1>	-0.9536 0.2910 -0.0772 0.0000	</row1>
					<row2>	-0.0807 0.0000 0.9967 0.0000	</row2>
					<row3>	1.0637 1.0144 1.5950 1.0000	</row3>
				</transform>
			</node>
			<node>
				<identifier>	MP_BM512_Liferaft_type_18_14ft_INDEX_5	</identifier>
				<transform>
					<row0>	0.2910 0.9567 0.0000 0.0000	</row0>
					<row1>	-0.9567 0.2910 0.0000 0.0000	</row1>
					<row2>	0.0000 0.0000 1.0000 0.0000	</row2>
					<row3>	1.0447 1.0144 2.0034 1.0000	</row3>
				</transform>
			</node>
			<node>
				<identifier>	MP_BM512_Liferaft_type_18_14ft_INDEX_6	</identifier>
				<transform>
					<row0>	0.2910 0.9567 0.0000 0.0000	</row0>
					<row1>	-0.9567 0.2910 0.0000 0.0000	</row1>
					<row2>	0.0000 0.0000 1.0000 0.0000	</row2>
					<row3>	1.1257 1.0144 0.5350 1.0000	</row3>
				</transform>
			</node>
			<node>
				<identifier>	MP_BM512_Liferaft_type_18_14ft_INDEX_7	</identifier>
				<transform>
					<row0>	0.3856 -0.9227 0.0000 0.0000	</row0>
					<row1>	0.9227 0.3856 0.0000 0.0000	</row1>
					<row2>	0.0000 0.0000 1.0000 0.0000	</row2>
					<row3>	-1.0679 0.6896 0.3293 1.0000	</row3>
				</transform>
			</node>
			<node>
				<identifier>	MP_BM512_Liferaft_type_18_14ft_INDEX_8	</identifier>
				<transform>
					<row0>	0.2910 0.9567 0.0000 0.0000	</row0>
					<row1>	-0.9567 0.2910 0.0000 0.0000	</row1>
					<row2>	0.0000 0.0000 1.0000 0.0000	</row2>
					<row3>	1.0838 1.0077 1.2675 1.0000	</row3>
				</transform>
			</node>
			<node>
				<identifier>	MP_BM512_Liferaft_type_18_14ft_INDEX_9	</identifier>
				<transform>
					<row0>	0.2910 0.9567 0.0000 0.0000	</row0>
					<row1>	-0.9567 0.2910 0.0000 0.0000	</row1>
					<row2>	0.0000 0.0000 1.0000 0.0000	</row2>
					<row3>	1.0502 0.7775 -0.0435 1.0000	</row3>
				</transform>
			</node>
			<node>
				<identifier>	MP_BM602_Pelorus	</identifier>
				<transform>
					<row0>	1.0000 0.0000 0.0000 0.0000	</row0>
					<row1>	0.0000 1.0000 0.0000 0.0000	</row1>
					<row2>	0.0000 0.0000 1.0000 0.0000	</row2>
					<row3>	0.8154 1.4047 1.4774 1.0000	</row3>
				</transform>
			</node>
			<node>
				<identifier>	MP_BM603_Compass_Binnacle	</identifier>
				<transform>
					<row0>	1.0000 0.0000 0.0000 0.0000	</row0>
					<row1>	0.0000 1.0000 0.0000 0.0000	</row1>
					<row2>	0.0000 0.0000 1.0000 0.0000	</row2>
					<row3>	0.8154 1.4265 1.4088 1.0000	</row3>
				</transform>
			</node>
			<node>
				<identifier>	MP_BM605_Captain_sight	</identifier>
				<transform>
					<row0>	0.5563 0.0000 -0.8310 0.0000	</row0>
					<row1>	0.0000 1.0000 0.0000 0.0000	</row1>
					<row2>	0.8310 0.0000 0.5563 0.0000	</row2>
					<row3>	0.9712 1.4035 1.4342 1.0000	</row3>
				</transform>
			</node>
			<node>
				<identifier>	MP_BM605_Captain_sight_INDEX_1	</identifier>
				<transform>
					<row0>	0.5563 0.0000 0.8310 0.0000	</row0>
					<row1>	0.0000 1.0000 0.0000 0.0000	</row1>
					<row2>	-0.8310 0.0000 0.5563 0.0000	</row2>
					<row3>	0.6342 1.4035 1.4342 1.0000	</row3>
				</transform>
			</node>
			<node>
				<identifier>	MP_BM606_Searchlight_sight	</identifier>
				<transform>
					<row0>	0.0000 0.0000 -1.0000 0.0000	</row0>
					<row1>	0.0000 1.0000 0.0000 0.0000	</row1>
					<row2>	1.0000 0.0000 0.0000 0.0000	</row2>
					<row3>	1.0049 1.6941 0.7947 1.0000	</row3>
				</transform>
			</node>
			<node>
				<identifier>	MP_BM606_Searchlight_sight_INDEX_1	</identifier>
				<transform>
					<row0>	0.0000 0.0000 -1.0000 0.0000	</row0>
					<row1>	0.0000 1.0000 0.0000 0.0000	</row1>
					<row2>	1.0000 0.0000 0.0000 0.0000	</row2>
					<row3>	1.0098 1.4041 0.9047 1.0000	</row3>
				</transform>
			</node>
			<node>
				<identifier>	MP_BM606_Searchlight_sight_INDEX_2	</identifier>
				<transform>
					<row0>	0.0000 0.0000 1.0000 0.0000	</row0>
					<row1>	0.0000 1.0000 0.0000 0.0000	</row1>
					<row2>	-1.0000 0.0000 0.0000 0.0000	</row2>
					<row3>	0.5991 1.6941 0.7947 1.0000	</row3>
				</transform>
			</node>
			<node>
				<identifier>	MP_BM606_Searchlight_sight_INDEX_3	</identifier>
				<transform>
					<row0>	0.0000 0.0000 1.0000 0.0000	</row0>
					<row1>	0.0000 1.0000 0.0000 0.0000	</row1>
					<row2>	-1.0000 0.0000 0.0000 0.0000	</row2>
					<row3>	0.6152 1.4041 0.9054 1.0000	</row3>
				</transform>
			</node>
			<node>
				<identifier>	MP_BM608_Compass_repeater	</identifier>
				<transform>
					<row0>	0.0000 0.0000 1.0000 0.0000	</row0>
					<row1>	0.0000 1.0000 0.0000 0.0000	</row1>
					<row2>	-1.0000 0.0000 0.0000 0.0000	</row2>
					<row3>	0.5930 1.4922 1.0073 1.0000	</row3>
				</transform>
			</node>
			<node>
				<identifier>	MP_BM608_Compass_repeater_INDEX_1	</identifier>
				<transform>
					<row0>	0.1766 0.0000 0.9843 0.0000	</row0>
					<row1>	0.0000 1.0000 0.0000 0.0000	</row1>
					<row2>	-0.9843 0.0000 0.1766 0.0000	</row2>
					<row3>	0.6095 1.6281 1.2139 1.0000	</row3>
				</transform>
			</node>
			<node>
				<identifier>	MP_BM608_Compass_repeater_INDEX_2	</identifier>
				<transform>
					<row0>	0.0000 0.0000 -1.0000 0.0000	</row0>
					<row1>	0.0000 1.0000 0.0000 0.0000	</row1>
					<row2>	1.0000 0.0000 0.0000 0.0000	</row2>
					<row3>	1.0353 1.4922 1.0073 1.0000	</row3>
				</transform>
			</node>
			<node>
				<identifier>	MP_BM608_Compass_repeater_INDEX_3	</identifier>
				<transform>
					<row0>	0.2107 0.0000 -0.9775 0.0000	</row0>
					<row1>	0.0000 1.0000 0.0000 0.0000	</row1>
					<row2>	0.9775 0.0000 0.2107 0.0000	</row2>
					<row3>	1.0125 1.6281 1.2128 1.0000	</row3>
				</transform>
			</node>
			<node>
				<identifier>	MP_BM610_Speaker_2	</identifier>
				<transform>
					<row0>	0.0000 0.0000 1.0229 0.0000	</row0>
					<row1>	0.0000 1.0229 0.0000 0.0000	</row1>
					<row2>	-1.0229 0.0000 0.0000 0.0000	</row2>
					<row3>	0.6100 1.3795 1.0431 1.0000	</row3>
				</transform>
			</node>
			<node>
				<identifier>	MP_BM620_Voice_Tube	</identifier>
				<transform>
					<row0>	0.7564 0.0000 0.6541 0.0000	</row0>
					<row1>	0.0000 1.0000 0.0000 0.0000	</row1>
					<row2>	-0.6541 0.0000 0.7564 0.0000	</row2>
					<row3>	0.5887 1.6637 0.7290 1.0000	</row3>
				</transform>
			</node>
			<node>
				<identifier>	MP_BM620_Voice_Tube_INDEX_1	</identifier>
				<transform>
					<row0>	0.8141 0.0000 -0.5807 0.0000	</row0>
					<row1>	0.0000 1.0000 0.0000 0.0000	</row1>
					<row2>	0.5807 0.0000 0.8141 0.0000	</row2>
					<row3>	0.8669 1.8392 1.0931 1.0000	</row3>
				</transform>
			</node>
			<node>
				<identifier>	MP_BM620_Voice_Tube_INDEX_10	</identifier>
				<transform>
					<row0>	0.7564 0.0000 -0.6541 0.0000	</row0>
					<row1>	0.0000 1.0000 0.0000 0.0000	</row1>
					<row2>	0.6541 0.0000 0.7564 0.0000	</row2>
					<row3>	1.0224 1.6637 0.7290 1.0000	</row3>
				</transform>
			</node>
			<node>
				<identifier>	MP_BM620_Voice_Tube_INDEX_11	</identifier>
				<transform>
					<row0>	-0.7101 0.0000 0.7041 0.0000	</row0>
					<row1>	0.0000 1.0000 0.0000 0.0000	</row1>
					<row2>	-0.7041 0.0000 -0.7101 0.0000	</row2>
					<row3>	0.6937 1.6882 1.2970 1.0000	</row3>
				</transform>
			</node>
			<node>
				<identifier>	MP_BM620_Voice_Tube_INDEX_12	</identifier>
				<transform>
					<row0>	0.4053 0.0000 0.9142 0.0000	</row0>
					<row1>	0.0000 1.0000 0.0000 0.0000	</row1>
					<row2>	-0.9142 0.0000 0.4053 0.0000	</row2>
					<row3>	0.5937 1.6948 1.0923 1.0000	</row3>
				</transform>
			</node>
			<node>
				<identifier>	MP_BM620_Voice_Tube_INDEX_13	</identifier>
				<transform>
					<row0>	-0.7101 0.0000 -0.7041 0.0000	</row0>
					<row1>	0.0000 1.0000 0.0000 0.0000	</row1>
					<row2>	0.7041 0.0000 -0.7101 0.0000	</row2>
					<row3>	0.9356 1.6882 1.2970 1.0000	</row3>
				</transform>
			</node>
			<node>
				<identifier>	MP_BM620_Voice_Tube_INDEX_2	</identifier>
				<transform>
					<row0>	0.5926 0.0000 -0.8055 0.0000	</row0>
					<row1>	0.0000 1.0000 0.0000 0.0000	</row1>
					<row2>	0.8055 0.0000 0.5926 0.0000	</row2>
					<row3>	1.0219 1.6948 0.8377 1.0000	</row3>
				</transform>
			</node>
			<node>
				<identifier>	MP_BM620_Voice_Tube_INDEX_3	</identifier>
				<transform>
					<row0>	0.5926 0.0000 0.8055 0.0000	</row0>
					<row1>	0.0000 1.0000 0.0000 0.0000	</row1>
					<row2>	-0.8055 0.0000 0.5926 0.0000	</row2>
					<row3>	0.5892 1.6948 0.8377 1.0000	</row3>
				</transform>
			</node>
			<node>
				<identifier>	MP_BM620_Voice_Tube_INDEX_4	</identifier>
				<transform>
					<row0>	0.5926 0.0000 0.8055 0.0000	</row0>
					<row1>	0.0000 1.0000 0.0000 0.0000	</row1>
					<row2>	-0.8055 0.0000 0.5926 0.0000	</row2>
					<row3>	0.6841 1.6882 1.2379 1.0000	</row3>
				</transform>
			</node>
			<node>
				<identifier>	MP_BM620_Voice_Tube_INDEX_5	</identifier>
				<transform>
					<row0>	0.8141 0.0000 0.5807 0.0000	</row0>
					<row1>	0.0000 1.0000 0.0000 0.0000	</row1>
					<row2>	-0.5807 0.0000 0.8141 0.0000	</row2>
					<row3>	0.7602 1.8392 1.0931 1.0000	</row3>
				</transform>
			</node>
			<node>
				<identifier>	MP_BM620_Voice_Tube_INDEX_6	</identifier>
				<transform>
					<row0>	-0.9472 0.0000 -0.3207 0.0000	</row0>
					<row1>	0.0000 1.0000 0.0000 0.0000	</row1>
					<row2>	0.3207 0.0000 -0.9472 0.0000	</row2>
					<row3>	1.0049 1.4037 0.8565 1.0000	</row3>
				</transform>
			</node>
			<node>
				<identifier>	MP_BM620_Voice_Tube_INDEX_7	</identifier>
				<transform>
					<row0>	0.5926 0.0000 -0.8055 0.0000	</row0>
					<row1>	0.0000 1.0000 0.0000 0.0000	</row1>
					<row2>	0.8055 0.0000 0.5926 0.0000	</row2>
					<row3>	0.9452 1.6882 1.2379 1.0000	</row3>
				</transform>
			</node>
			<node>
				<identifier>	MP_BM620_Voice_Tube_INDEX_8	</identifier>
				<transform>
					<row0>	0.4053 0.0000 -0.9142 0.0000	</row0>
					<row1>	0.0000 1.0000 0.0000 0.0000	</row1>
					<row2>	0.9142 0.0000 0.4053 0.0000	</row2>
					<row3>	1.0237 1.6948 1.0812 1.0000	</row3>
				</transform>
			</node>
			<node>
				<identifier>	MP_BM620_Voice_Tube_INDEX_9	</identifier>
				<transform>
					<row0>	-0.9472 0.0000 0.3207 0.0000	</row0>
					<row1>	0.0000 1.0000 0.0000 0.0000	</row1>
					<row2>	-0.3207 0.0000 -0.9472 0.0000	</row2>
					<row3>	0.6062 1.4037 0.8525 1.0000	</row3>
				</transform>
			</node>
			<node>
				<identifier>	MP_BM625_Telephone	</identifier>
				<transform>
					<row0>	0.0000 0.0000 -1.0000 0.0000	</row0>
					<row1>	0.0000 1.0000 0.0000 0.0000	</row1>
					<row2>	1.0000 0.0000 0.0000 0.0000	</row2>
					<row3>	0.6719 1.5150 0.9470 1.0000	</row3>
				</transform>
			</node>
			<node>
				<identifier>	MP_BM625_Telephone_INDEX_1	</identifier>
				<transform>
					<row0>	0.0000 0.0000 1.0000 0.0000	</row0>
					<row1>	0.0000 1.0000 0.0000 0.0000	</row1>
					<row2>	-1.0000 0.0000 0.0000 0.0000	</row2>
					<row3>	0.6112 1.2120 -0.3783 1.0000	</row3>
				</transform>
			</node>
			<node>
				<identifier>	MP_BM625_Telephone_INDEX_2	</identifier>
				<transform>
					<row0>	0.0000 0.0000 1.0000 0.0000	</row0>
					<row1>	0.0000 1.0000 0.0000 0.0000	</row1>
					<row2>	-1.0000 0.0000 0.0000 0.0000	</row2>
					<row3>	0.8829 1.7784 1.1570 1.0000	</row3>
				</transform>
			</node>
			<node>
				<identifier>	MP_BM625_Telephone_INDEX_3	</identifier>
				<transform>
					<row0>	0.0000 0.0000 1.0000 0.0000	</row0>
					<row1>	0.0000 1.0000 0.0000 0.0000	</row1>
					<row2>	-1.0000 0.0000 0.0000 0.0000	</row2>
					<row3>	0.5697 1.7659 1.0120 1.0000	</row3>
				</transform>
			</node>
			<node>
				<identifier>	MP_BM625_Telephone_INDEX_4	</identifier>
				<transform>
					<row0>	0.0000 0.0000 1.0000 0.0000	</row0>
					<row1>	0.0000 -1.0000 0.0000 0.0000	</row1>
					<row2>	1.0000 0.0000 0.0000 0.0000	</row2>
					<row3>	1.0324 1.7686 1.0162 1.0000	</row3>
				</transform>
			</node>
			<node>
				<identifier>	MP_BM625_Telephone_INDEX_5	</identifier>
				<transform>
					<row0>	-1.0000 0.0000 0.0000 0.0000	</row0>
					<row1>	0.0000 1.0000 0.0000 0.0000	</row1>
					<row2>	0.0000 0.0000 -1.0000 0.0000	</row2>
					<row3>	0.7646 1.5008 1.2714 1.0000	</row3>
				</transform>
			</node>
			<node>
				<identifier>	MP_BM625_Telephone_INDEX_6	</identifier>
				<transform>
					<row0>	-0.2537 0.0000 0.9673 0.0000	</row0>
					<row1>	0.0000 1.0000 0.0000 0.0000	</row1>
					<row2>	-0.9673 0.0000 -0.2537 0.0000	</row2>
					<row3>	0.9312 1.6311 1.2166 1.0000	</row3>
				</transform>
			</node>
			<node>
				<identifier>	MP_BM625_Telephone_INDEX_7	</identifier>
				<transform>
					<row0>	0.0000 0.0000 1.0000 0.0000	</row0>
					<row1>	0.0000 1.0000 0.0000 0.0000	</row1>
					<row2>	-1.0000 0.0000 0.0000 0.0000	</row2>
					<row3>	0.8270 2.3685 1.1090 1.0000	</row3>
				</transform>
			</node>
			<node>
				<identifier>	MP_BM708_Ammunition_Box	</identifier>
				<transform>
					<row0>	0.0000 0.0000 -0.5488 0.0000	</row0>
					<row1>	0.0000 0.4843 0.0000 0.0000	</row1>
					<row2>	0.4843 0.0000 0.0000 0.0000	</row2>
					<row3>	-1.0336 0.9932 1.4768 1.0000	</row3>
				</transform>
			</node>
			<node>
				<identifier>	MP_BM708_Ammunition_Box_INDEX_1	</identifier>
				<transform>
					<row0>	-0.7117 0.0000 0.0000 0.0000	</row0>
					<row1>	0.0000 0.6280 0.0000 0.0000	</row1>
					<row2>	0.0000 0.0000 -0.5026 0.0000	</row2>
					<row3>	0.6580 1.1136 -0.1299 1.0000	</row3>
				</transform>
			</node>
			<node>
				<identifier>	MP_BM708_Ammunition_Box_INDEX_2	</identifier>
				<transform>
					<row0>	0.0000 0.0000 0.7117 0.0000	</row0>
					<row1>	0.0000 0.6280 0.0000 0.0000	</row1>
					<row2>	-0.6280 0.0000 0.0000 0.0000	</row2>
					<row3>	0.9636 1.1133 -0.0807 1.0000	</row3>
				</transform>
			</node>
			<node>
				<identifier>	MP_BM708_Ammunition_Box_INDEX_3	</identifier>
				<transform>
					<row0>	-0.7117 0.0000 0.0000 0.0000	</row0>
					<row1>	0.0000 0.6280 0.0000 0.0000	</row1>
					<row2>	0.0000 0.0000 -0.6280 0.0000	</row2>
					<row3>	0.7451 1.1136 -0.4456 1.0000	</row3>
				</transform>
			</node>
			<node>
				<identifier>	MP_BM709_Locker	</identifier>
				<transform>
					<row0>	-1.0000 0.0000 0.0000 0.0000	</row0>
					<row1>	0.0000 1.0000 0.0000 0.0000	</row1>
					<row2>	0.0000 0.0000 -1.0000 0.0000	</row2>
					<row3>	0.8472 1.1133 2.4414 1.0000	</row3>
				</transform>
			</node>
			<node>
				<identifier>	MP_BM709_Locker_INDEX_1	</identifier>
				<transform>
					<row0>	1.0000 0.0000 0.0000 0.0000	</row0>
					<row1>	0.0000 1.0000 0.0000 0.0000	</row1>
					<row2>	0.0000 0.0000 1.0000 0.0000	</row2>
					<row3>	0.7197 1.1133 2.4518 1.0000	</row3>
				</transform>
			</node>
			<node>
				<identifier>	MP_BM711_Flag_box	</identifier>
				<transform>
					<row0>	0.3394 0.0000 -0.9406 0.0000	</row0>
					<row1>	0.0000 1.0000 0.0000 0.0000	</row1>
					<row2>	0.9406 0.0000 0.3394 0.0000	</row2>
					<row3>	0.6881 1.6951 0.9165 1.0000	</row3>
				</transform>
			</node>
			<node>
				<identifier>	MP_BM711_Flag_box_INDEX_1	</identifier>
				<transform>
					<row0>	0.9320 0.0000 0.3625 0.0000	</row0>
					<row1>	0.0000 1.0000 0.0000 0.0000	</row1>
					<row2>	-0.3625 0.0000 0.9320 0.0000	</row2>
					<row3>	0.7121 1.6951 0.7771 1.0000	</row3>
				</transform>
			</node>
			<node>
				<identifier>	MP_BM711_Flag_box_INDEX_2	</identifier>
				<transform>
					<row0>	0.9320 0.0000 -0.3625 0.0000	</row0>
					<row1>	0.0000 1.0000 0.0000 0.0000	</row1>
					<row2>	0.3625 0.0000 0.9320 0.0000	</row2>
					<row3>	0.8403 1.6951 0.7823 1.0000	</row3>
				</transform>
			</node>
			<node>
				<identifier>	MP_BM711_Flag_box_INDEX_3	</identifier>
				<transform>
					<row0>	0.3394 0.0000 0.9406 0.0000	</row0>
					<row1>	0.0000 1.0000 0.0000 0.0000	</row1>
					<row2>	-0.9406 0.0000 0.3394 0.0000	</row2>
					<row3>	0.9315 1.6951 0.9165 1.0000	</row3>
				</transform>
			</node>
			<node>
				<identifier>	MP_BM716_Locker	</identifier>
				<transform>
					<row0>	1.1257 0.0000 -0.5882 0.0000	</row0>
					<row1>	0.0000 1.2701 0.0000 0.0000	</row1>
					<row2>	0.5882 0.0000 1.1257 0.0000	</row2>
					<row3>	0.9394 1.1134 0.1715 1.0000	</row3>
				</transform>
			</node>
			<node>
				<identifier>	MP_BM753_Deck_Hatch	</identifier>
				<transform>
					<row0>	0.0000 0.0000 -1.0000 0.0000	</row0>
					<row1>	0.0000 1.0000 0.0000 0.0000	</row1>
					<row2>	1.0000 0.0000 0.0000 0.0000	</row2>
					<row3>	-0.6771 0.3632 2.2843 1.0000	</row3>
				</transform>
			</node>
			<node>
				<identifier>	MP_BM753_Deck_Hatch_INDEX_1	</identifier>
				<transform>
					<row0>	0.0000 0.0000 0.9677 0.0000	</row0>
					<row1>	0.0000 0.9677 0.0000 0.0000	</row1>
					<row2>	-0.9677 0.0000 0.0000 0.0000	</row2>
					<row3>	0.7855 1.1151 -0.1801 1.0000	</row3>
				</transform>
			</node>
			<node>
				<identifier>	MP_BM753_Deck_Hatch_INDEX_2	</identifier>
				<transform>
					<row0>	0.0000 0.0000 -1.0000 0.0000	</row0>
					<row1>	0.0000 1.0000 0.0000 0.0000	</row1>
					<row2>	1.0000 0.0000 0.0000 0.0000	</row2>
					<row3>	-0.6730 0.3637 0.9937 1.0000	</row3>
				</transform>
			</node>
			<node>
				<identifier>	MP_BM753_Deck_Hatch_INDEX_3	</identifier>
				<transform>
					<row0>	0.0000 0.0000 -1.0000 0.0000	</row0>
					<row1>	0.0000 1.0000 0.0000 0.0000	</row1>
					<row2>	1.0000 0.0000 0.0000 0.0000	</row2>
					<row3>	0.6690 0.3618 1.8079 1.0000	</row3>
				</transform>
			</node>
			<node>
				<identifier>	MP_BM753_Deck_Hatch_INDEX_4	</identifier>
				<transform>
					<row0>	0.0000 0.0000 -1.0000 0.0000	</row0>
					<row1>	0.0000 1.0000 0.0000 0.0000	</row1>
					<row2>	1.0000 0.0000 0.0000 0.0000	</row2>
					<row3>	0.7420 0.3620 0.9937 1.0000	</row3>
				</transform>
			</node>
			<node>
				<identifier>	MP_BM753_Deck_Hatch_INDEX_5	</identifier>
				<transform>
					<row0>	1.0000 0.0000 0.0000 0.0000	</row0>
					<row1>	0.0000 1.0000 0.0000 0.0000	</row1>
					<row2>	0.0000 0.0000 1.0000 0.0000	</row2>
					<row3>	-0.9487 0.9266 0.7926 1.0000	</row3>
				</transform>
			</node>
			<node>
				<identifier>	MP_BM800_Ventilators_mushroom	</identifier>
				<transform>
					<row0>	-0.3943 0.0000 0.4317 0.0000	</row0>
					<row1>	0.0000 0.5847 0.0000 0.0000	</row1>
					<row2>	-0.4317 0.0000 -0.3943 0.0000	</row2>
					<row3>	0.7124 1.5442 0.7657 1.0000	</row3>
				</transform>
			</node>
			<node>
				<identifier>	MP_BM803_Ventilation_box	</identifier>
				<transform>
					<row0>	-0.5181 0.0000 0.0000 0.0000	</row0>
					<row1>	0.0000 0.5181 0.0000 0.0000	</row1>
					<row2>	0.0000 0.0000 -0.5181 0.0000	</row2>
					<row3>	0.9014 1.5442 0.7546 1.0000	</row3>
				</transform>
			</node>
			<node>
				<identifier>	MP_BM850_Signal_lamp_10in	</identifier>
				<transform>
					<row0>	0.8497 0.0000 0.0000 0.0000	</row0>
					<row1>	0.0000 0.8557 0.0000 0.0000	</row1>
					<row2>	0.0000 0.0000 0.8557 0.0000	</row2>
					<row3>	0.6182 1.7758 0.7313 1.0000	</row3>
				</transform>
			</node>
			<node>
				<identifier>	MP_BM850_Signal_lamp_10in_INDEX_1	</identifier>
				<transform>
					<row0>	0.8497 0.0000 0.0000 0.0000	</row0>
					<row1>	0.0000 0.8557 0.0000 0.0000	</row1>
					<row2>	0.0000 0.0000 0.8557 0.0000	</row2>
					<row3>	0.9459 1.7758 0.7313 1.0000	</row3>
				</transform>
			</node>
			<node>
				<identifier>	MP_BM850_Signal_lamp_10in_INDEX_2	</identifier>
				<transform>
					<row0>	1.0000 0.0000 0.0000 0.0000	</row0>
					<row1>	0.0000 1.0000 0.0000 0.0000	</row1>
					<row2>	0.0000 0.0000 1.0000 0.0000	</row2>
					<row3>	0.6323 1.7146 0.6172 1.0000	</row3>
				</transform>
			</node>
			<node>
				<identifier>	MP_BM850_Signal_lamp_10in_INDEX_3	</identifier>
				<transform>
					<row0>	1.0000 0.0000 0.0000 0.0000	</row0>
					<row1>	0.0000 1.0000 0.0000 0.0000	</row1>
					<row2>	0.0000 0.0000 1.0000 0.0000	</row2>
					<row3>	0.9528 1.7146 0.6172 1.0000	</row3>
				</transform>
			</node>
			<node>
				<identifier>	MP_BM851_Searchlight_20in	</identifier>
				<transform>
					<row0>	-1.0797 0.0000 0.0000 0.0000	</row0>
					<row1>	0.0000 1.0797 0.0000 0.0000	</row1>
					<row2>	0.0000 0.0000 -1.0797 0.0000	</row2>
					<row3>	1.0050 1.6652 0.6733 1.0000	</row3>
				</transform>
			</node>
			<node>
				<identifier>	MP_BM851_Searchlight_20in_INDEX_1	</identifier>
				<transform>
					<row0>	1.0797 0.0000 0.0000 0.0000	</row0>
					<row1>	0.0000 1.0797 0.0000 0.0000	</row1>
					<row2>	0.0000 0.0000 1.0797 0.0000	</row2>
					<row3>	0.7682 1.8391 1.0316 1.0000	</row3>
				</transform>
			</node>
			<node>
				<identifier>	MP_BM851_Searchlight_20in_INDEX_2	</identifier>
				<transform>
					<row0>	1.0797 0.0000 0.0000 0.0000	</row0>
					<row1>	0.0000 1.0797 0.0000 0.0000	</row1>
					<row2>	0.0000 0.0000 1.0797 0.0000	</row2>
					<row3>	0.8549 1.8391 1.0316 1.0000	</row3>
				</transform>
			</node>
			<node>
				<identifier>	MP_BM851_Searchlight_20in_INDEX_3	</identifier>
				<transform>
					<row0>	-1.0797 0.0000 0.0000 0.0000	</row0>
					<row1>	0.0000 1.0797 0.0000 0.0000	</row1>
					<row2>	0.0000 0.0000 -1.0797 0.0000	</row2>
					<row3>	0.6010 1.6652 0.6733 1.0000	</row3>
				</transform>
			</node>
			<node>
				<identifier>	MP_BM858_Signal_Lamp	</identifier>
				<transform>
					<row0>	0.0000 0.0000 0.5533 0.0000	</row0>
					<row1>	0.0000 -0.5533 0.0000 0.0000	</row1>
					<row2>	0.5533 0.0000 0.0000 0.0000	</row2>
					<row3>	0.9418 2.0976 0.6475 1.0000	</row3>
				</transform>
			</node>
			<node>
				<identifier>	MP_BM858_Signal_Lamp_INDEX_1	</identifier>
				<transform>
					<row0>	0.6300 0.0000 0.0000 0.0000	</row0>
					<row1>	0.0000 0.6300 0.0000 0.0000	</row1>
					<row2>	0.0000 0.0000 0.6300 0.0000	</row2>
					<row3>	1.0892 2.2948 1.1091 1.0000	</row3>
				</transform>
			</node>
			<node>
				<identifier>	MP_BM858_Signal_Lamp_INDEX_10	</identifier>
				<transform>
					<row0>	0.0000 0.0000 -0.5533 0.0000	</row0>
					<row1>	0.0000 0.5533 0.0000 0.0000	</row1>
					<row2>	0.5533 0.0000 0.0000 0.0000	</row2>
					<row3>	0.7923 2.1091 0.0556 1.0000	</row3>
				</transform>
			</node>
			<node>
				<identifier>	MP_BM858_Signal_Lamp_INDEX_11	</identifier>
				<transform>
					<row0>	0.0000 0.0000 -0.5533 0.0000	</row0>
					<row1>	0.0000 0.5533 0.0000 0.0000	</row1>
					<row2>	0.5533 0.0000 0.0000 0.0000	</row2>
					<row3>	0.9418 2.0976 0.6475 1.0000	</row3>
				</transform>
			</node>
			<node>
				<identifier>	MP_BM858_Signal_Lamp_INDEX_12	</identifier>
				<transform>
					<row0>	0.0000 0.0000 -0.5533 0.0000	</row0>
					<row1>	0.0000 0.5533 0.0000 0.0000	</row1>
					<row2>	0.5533 0.0000 0.0000 0.0000	</row2>
					<row3>	0.6431 2.0976 0.6475 1.0000	</row3>
				</transform>
			</node>
			<node>
				<identifier>	MP_BM858_Signal_Lamp_INDEX_2	</identifier>
				<transform>
					<row0>	0.6300 0.0000 0.0000 0.0000	</row0>
					<row1>	0.0000 0.6300 0.0000 0.0000	</row1>
					<row2>	0.0000 0.0000 0.6300 0.0000	</row2>
					<row3>	0.5779 2.2948 1.1091 1.0000	</row3>
				</transform>
			</node>
			<node>
				<identifier>	MP_BM858_Signal_Lamp_INDEX_3	</identifier>
				<transform>
					<row0>	0.0000 0.0000 -0.5533 0.0000	</row0>
					<row1>	0.0000 0.5533 0.0000 0.0000	</row1>
					<row2>	0.5533 0.0000 0.0000 0.0000	</row2>
					<row3>	0.7923 1.9529 0.0556 1.0000	</row3>
				</transform>
			</node>
			<node>
				<identifier>	MP_BM858_Signal_Lamp_INDEX_4	</identifier>
				<transform>
					<row0>	0.0000 0.0000 0.5533 0.0000	</row0>
					<row1>	0.0000 -0.5533 0.0000 0.0000	</row1>
					<row2>	0.5533 0.0000 0.0000 0.0000	</row2>
					<row3>	0.6431 1.9374 0.6475 1.0000	</row3>
				</transform>
			</node>
			<node>
				<identifier>	MP_BM858_Signal_Lamp_INDEX_5	</identifier>
				<transform>
					<row0>	0.0000 0.0000 0.5533 0.0000	</row0>
					<row1>	0.0000 -0.5533 0.0000 0.0000	</row1>
					<row2>	0.5533 0.0000 0.0000 0.0000	</row2>
					<row3>	0.6431 2.0976 0.6475 1.0000	</row3>
				</transform>
			</node>
			<node>
				<identifier>	MP_BM858_Signal_Lamp_INDEX_6	</identifier>
				<transform>
