<ASB026_West_Virginia_1941_Bow_ports.visual>
	<node>
		<identifier>	Scene Root	</identifier>
		<transform>
			<row0>	1.0000 0.0000 0.0000 0.0000	</row0>
			<row1>	0.0000 1.0000 0.0000 0.0000	</row1>
			<row2>	0.0000 0.0000 1.0000 0.0000	</row2>
			<row3>	0.0000 0.0000 0.0000 1.0000	</row3>
		</transform>
		<node>
			<identifier>	Bow_ports	</identifier>
			<transform>
				<row0>	1.0000 0.0000 0.0000 0.0000	</row0>
				<row1>	0.0000 1.0000 0.0000 0.0000	</row1>
				<row2>	0.0000 0.0000 1.0000 0.0000	</row2>
				<row3>	0.0000 0.0000 0.0000 1.0000	</row3>
			</transform>
			<node>
				<identifier>	HP_AGM_1	</identifier>
				<transform>
					<row0>	1.0000 0.0000 0.0000 0.0000	</row0>
					<row1>	0.0000 1.0000 0.0000 0.0000	</row1>
					<row2>	0.0000 0.0000 1.0000 0.0000	</row2>
					<row3>	0.0000 0.5244 3.3058 1.0000	</row3>
				</transform>
			</node>
			<node>
				<identifier>	HP_FX_Fire_1	</identifier>
				<transform>
					<row0>	1.0000 0.0000 0.0000 0.0000	</row0>
					<row1>	0.0000 1.0000 0.0000 0.0000	</row1>
					<row2>	0.0000 0.0000 1.0000 0.0000	</row2>
					<row3>	0.0000 0.4824 4.6225 1.0000	</row3>
				</transform>
			</node>
			<node>
				<identifier>	HP_FX_Flood_water_left_3	</identifier>
				<transform>
					<row0>	-1.0000 0.0000 0.0000 0.0000	</row0>
					<row1>	0.0000 1.0000 0.0000 0.0000	</row1>
					<row2>	0.0000 0.0000 -1.0000 0.0000	</row2>
					<row3>	-0.8480 0.1740 2.8790 1.0000	</row3>
				</transform>
			</node>
			<node>
				<identifier>	HP_FX_Flood_water_right_3	</identifier>
				<transform>
					<row0>	1.0000 0.0000 0.0000 0.0000	</row0>
					<row1>	0.0000 1.0000 0.0000 0.0000	</row1>
					<row2>	0.0000 0.0000 1.0000 0.0000	</row2>
					<row3>	0.8480 0.1740 2.8790 1.0000	</row3>
				</transform>
			</node>
			<node>
				<identifier>	HP_FX_RepairLight_left_1	</identifier>
				<transform>
					<row0>	0.1341 0.0000 0.9910 0.0000	</row0>
					<row1>	0.0000 1.0000 0.0000 0.0000	</row1>
					<row2>	-0.9910 0.0000 0.1341 0.0000	</row2>
					<row3>	-0.8046 0.4648 3.0224 1.0000	</row3>
				</transform>
			</node>
			<node>
				<identifier>	HP_FX_RepairLight_right_1	</identifier>
				<transform>
					<row0>	0.1474 0.0510 -0.9878 0.0000	</row0>
					<row1>	0.1129 0.9913 0.0680 0.0000	</row1>
					<row2>	0.9826 -0.1215 0.1403 0.0000	</row2>
					<row3>	0.6648 0.4649 4.1528 1.0000	</row3>
				</transform>
			</node>
			<node>
				<identifier>	HP_FX_WakeTrace	</identifier>
				<transform>
					<row0>	1.0000 0.0000 0.0000 0.0000	</row0>
					<row1>	0.0000 1.0000 0.0000 0.0000	</row1>
					<row2>	0.0000 0.0000 1.0000 0.0000	</row2>
					<row3>	0.0000 0.0000 6.0811 1.0000	</row3>
				</transform>
			</node>
			<node>
				<identifier>	HP_Ship_death_1	</identifier>
				<transform>
					<row0>	1.0000 0.0000 0.0000 0.0000	</row0>
					<row1>	0.0000 1.0000 0.0000 0.0000	</row1>
					<row2>	0.0000 0.0000 1.0000 0.0000	</row2>
					<row3>	0.0000 0.0000 2.8687 1.0000	</row3>
				</transform>
			</node>
			<node>
				<identifier>	MP_AM019_Ventilators_1	</identifier>
				<transform>
					<row0>	0.9486 0.0000 0.0000 0.0000	</row0>
					<row1>	0.0000 0.9529 0.0000 0.0000	</row1>
					<row2>	0.0000 0.0000 0.9486 0.0000	</row2>
					<row3>	-0.2717 0.4542 3.6979 1.0000	</row3>
				</transform>
			</node>
			<node>
				<identifier>	MP_AM019_Ventilators_1_INDEX_1	</identifier>
				<transform>
					<row0>	0.6454 0.0000 0.0000 0.0000	</row0>
					<row1>	0.0000 0.6483 0.0000 0.0000	</row1>
					<row2>	0.0000 0.0000 0.6454 0.0000	</row2>
					<row3>	-0.0329 0.4536 5.3236 1.0000	</row3>
				</transform>
			</node>
			<node>
				<identifier>	MP_AM019_Ventilators_1_INDEX_2	</identifier>
				<transform>
					<row0>	0.5143 0.0000 0.0000 0.0000	</row0>
					<row1>	0.0000 0.5167 0.0000 0.0000	</row1>
					<row2>	0.0000 0.0000 0.5143 0.0000	</row2>
					<row3>	-0.0329 0.4536 5.0307 1.0000	</row3>
				</transform>
			</node>
			<node>
				<identifier>	MP_AM019_Ventilators_1_INDEX_3	</identifier>
				<transform>
					<row0>	0.6454 0.0000 0.0000 0.0000	</row0>
					<row1>	0.0000 0.6483 0.0000 0.0000	</row1>
					<row2>	0.0000 0.0000 0.6454 0.0000	</row2>
					<row3>	0.3144 0.4536 3.6979 1.0000	</row3>
				</transform>
			</node>
			<node>
				<identifier>	MP_AM019_Ventilators_1_INDEX_4	</identifier>
				<transform>
					<row0>	0.6923 0.0000 0.0000 0.0000	</row0>
					<row1>	0.0000 0.6954 0.0000 0.0000	</row1>
					<row2>	0.0000 0.0000 0.6923 0.0000	</row2>
					<row3>	-0.0755 0.4545 4.3273 1.0000	</row3>
				</transform>
			</node>
			<node>
				<identifier>	MP_AM019_Ventilators_1_INDEX_5	</identifier>
				<transform>
					<row0>	0.6454 0.0000 0.0000 0.0000	</row0>
					<row1>	0.0000 0.6483 0.0000 0.0000	</row1>
					<row2>	0.0000 0.0000 0.6454 0.0000	</row2>
					<row3>	-0.1244 0.4536 4.0232 1.0000	</row3>
				</transform>
			</node>
			<node>
				<identifier>	MP_AM023_Hatch_1	</identifier>
				<transform>
					<row0>	1.0000 0.0000 0.0000 0.0000	</row0>
					<row1>	0.0000 1.0000 0.0000 0.0000	</row1>
					<row2>	0.0000 0.0000 1.0000 0.0000	</row2>
					<row3>	0.1003 0.4545 4.3464 1.0000	</row3>
				</transform>
			</node>
			<node>
				<identifier>	MP_AM023_Hatch_1_INDEX_1	</identifier>
				<transform>
					<row0>	1.0000 0.0000 0.0000 0.0000	</row0>
					<row1>	0.0000 1.0000 0.0000 0.0000	</row1>
					<row2>	0.0000 0.0000 1.0000 0.0000	</row2>
					<row3>	-0.0299 0.4545 4.9756 1.0000	</row3>
				</transform>
			</node>
			<node>
				<identifier>	MP_AM023_Hatch_1_INDEX_2	</identifier>
				<transform>
					<row0>	1.0000 0.0000 0.0000 0.0000	</row0>
					<row1>	0.0000 1.0000 0.0000 0.0000	</row1>
					<row2>	0.0000 0.0000 1.0000 0.0000	</row2>
					<row3>	-0.0299 0.4545 5.4106 1.0000	</row3>
				</transform>
			</node>
			<node>
				<identifier>	MP_AM024_Hatch_2	</identifier>
				<transform>
					<row0>	1.0000 0.0000 0.0000 0.0000	</row0>
					<row1>	0.0000 1.0000 0.0000 0.0000	</row1>
					<row2>	0.0000 0.0000 1.0000 0.0000	</row2>
					<row3>	-0.3865 0.4521 3.6982 1.0000	</row3>
				</transform>
			</node>
			<node>
				<identifier>	MP_AM024_Hatch_2_INDEX_1	</identifier>
				<transform>
					<row0>	1.0000 0.0000 0.0000 0.0000	</row0>
					<row1>	0.0000 1.0000 0.0000 0.0000	</row1>
					<row2>	0.0000 0.0000 1.0000 0.0000	</row2>
					<row3>	0.3864 0.4521 3.6982 1.0000	</row3>
				</transform>
			</node>
			<node>
				<identifier>	MP_AM026_Break_Handwheel_1	</identifier>
				<transform>
					<row0>	1.0000 0.0000 0.0000 0.0000	</row0>
					<row1>	0.0000 1.0000 0.0000 0.0000	</row1>
					<row2>	0.0000 0.0000 1.0000 0.0000	</row2>
					<row3>	0.3317 0.4532 3.7575 1.0000	</row3>
				</transform>
			</node>
			<node>
				<identifier>	MP_AM026_Break_Handwheel_1_INDEX_1	</identifier>
				<transform>
					<row0>	1.0000 0.0000 0.0000 0.0000	</row0>
					<row1>	0.0000 1.0000 0.0000 0.0000	</row1>
					<row2>	0.0000 0.0000 1.0000 0.0000	</row2>
					<row3>	0.2752 0.4532 3.9087 1.0000	</row3>
				</transform>
			</node>
			<node>
				<identifier>	MP_AM026_Break_Handwheel_1_INDEX_2	</identifier>
				<transform>
					<row0>	1.0000 0.0000 0.0000 0.0000	</row0>
					<row1>	0.0000 1.0000 0.0000 0.0000	</row1>
					<row2>	0.0000 0.0000 1.0000 0.0000	</row2>
					<row3>	-0.3317 0.4532 3.7575 1.0000	</row3>
				</transform>
			</node>
			<node>
				<identifier>	MP_AM049_Signal_Lamp_1	</identifier>
				<transform>
					<row0>	1.0000 0.0000 0.0000 0.0000	</row0>
					<row1>	0.0000 1.0000 0.0000 0.0000	</row1>
					<row2>	0.0000 0.0000 1.0000 0.0000	</row2>
					<row3>	0.0000 0.9664 6.5530 1.0000	</row3>
				</transform>
			</node>
			<node>
				<identifier>	MP_AM219_Bollard	</identifier>
				<transform>
					<row0>	1.0131 0.0000 0.2324 0.0000	</row0>
					<row1>	0.0000 1.0394 0.0000 0.0000	</row1>
					<row2>	-0.2324 0.0000 1.0131 0.0000	</row2>
					<row3>	0.3962 0.4545 5.1863 1.0000	</row3>
				</transform>
			</node>
			<node>
				<identifier>	MP_AM219_Bollard_INDEX_1	</identifier>
				<transform>
					<row0>	1.0212 0.0000 -0.1076 0.0000	</row0>
					<row1>	0.0000 1.0269 0.0000 0.0000	</row1>
					<row2>	0.1076 0.0000 1.0212 0.0000	</row2>
					<row3>	-0.7393 0.4545 3.0896 1.0000	</row3>
				</transform>
			</node>
			<node>
				<identifier>	MP_AM219_Bollard_INDEX_2	</identifier>
				<transform>
					<row0>	1.0080 0.0000 -0.2312 0.0000	</row0>
					<row1>	0.0000 1.0342 0.0000 0.0000	</row1>
					<row2>	0.2312 0.0000 1.0080 0.0000	</row2>
					<row3>	-0.3999 0.4545 5.1829 1.0000	</row3>
				</transform>
			</node>
			<node>
				<identifier>	MP_AM219_Bollard_INDEX_3	</identifier>
				<transform>
					<row0>	1.0583 0.0000 0.1115 0.0000	</row0>
					<row1>	0.0000 1.0642 0.0000 0.0000	</row1>
					<row2>	-0.1115 0.0000 1.0583 0.0000	</row2>
					<row3>	0.7418 0.4545 3.0905 1.0000	</row3>
				</transform>
			</node>
			<node>
				<identifier>	MP_AM256_Ammunition_Box	</identifier>
				<transform>
					<row0>	1.0136 0.0000 0.0000 0.0000	</row0>
					<row1>	0.0000 1.0136 0.0000 0.0000	</row1>
					<row2>	0.0000 0.0000 1.0136 0.0000	</row2>
					<row3>	-0.1023 0.4545 4.4019 1.0000	</row3>
				</transform>
			</node>
			<node>
				<identifier>	MP_AM304_Paravane_Gear_Fairlead	</identifier>
				<transform>
					<row0>	-0.0872 0.0000 -0.9962 0.0000	</row0>
					<row1>	0.0000 1.0000 0.0000 0.0000	</row1>
					<row2>	0.9962 0.0000 -0.0872 0.0000	</row2>
					<row3>	0.2527 0.4540 5.4687 1.0000	</row3>
				</transform>
			</node>
			<node>
				<identifier>	MP_AM304_Paravane_Gear_Fairlead_INDEX_1	</identifier>
				<transform>
					<row0>	-0.0872 0.0000 0.9962 0.0000	</row0>
					<row1>	0.0000 1.0000 0.0000 0.0000	</row1>
					<row2>	-0.9962 0.0000 -0.0872 0.0000	</row2>
					<row3>	-0.2527 0.4540 5.4687 1.0000	</row3>
				</transform>
			</node>
			<node>
				<identifier>	MP_AM308_Fairlead	</identifier>
				<transform>
					<row0>	-0.9940 0.0000 0.1096 0.0000	</row0>
					<row1>	0.0000 1.0000 0.0000 0.0000	</row1>
					<row2>	-0.1096 0.0000 -0.9940 0.0000	</row2>
					<row3>	-0.8081 0.4548 2.8925 1.0000	</row3>
				</transform>
			</node>
			<node>
				<identifier>	MP_AM308_Fairlead_INDEX_1	</identifier>
				<transform>
					<row0>	0.9768 0.0000 0.2143 0.0000	</row0>
					<row1>	0.0000 1.0000 0.0000 0.0000	</row1>
					<row2>	-0.2143 0.0000 0.9768 0.0000	</row2>
					<row3>	0.4214 0.4545 5.3271 1.0000	</row3>
				</transform>
			</node>
			<node>
				<identifier>	MP_AM308_Fairlead_INDEX_2	</identifier>
				<transform>
					<row0>	0.9940 0.0000 0.1096 0.0000	</row0>
					<row1>	0.0000 1.0000 0.0000 0.0000	</row1>
					<row2>	-0.1096 0.0000 0.9940 0.0000	</row2>
					<row3>	0.8082 0.4548 2.8925 1.0000	</row3>
				</transform>
			</node>
			<node>
				<identifier>	MP_AM308_Fairlead_INDEX_3	</identifier>
				<transform>
					<row0>	-0.9711 0.0000 0.2388 0.0000	</row0>
					<row1>	0.0000 1.0000 0.0000 0.0000	</row1>
					<row2>	-0.2388 0.0000 -0.9711 0.0000	</row2>
					<row3>	-0.4214 0.4545 5.3271 1.0000	</row3>
				</transform>
			</node>
			<node>
				<identifier>	MP_AM549_Life_Buoy	</identifier>
				<transform>
					<row0>	-0.9944 0.0000 0.1055 0.0000	</row0>
					<row1>	0.0000 1.0000 0.0000 0.0000	</row1>
					<row2>	-0.1055 0.0000 -0.9944 0.0000	</row2>
					<row3>	-0.7683 0.4972 3.2328 1.0000	</row3>
				</transform>
			</node>
			<node>
				<identifier>	MP_AM549_Life_Buoy_INDEX_1	</identifier>
				<transform>
					<row0>	0.9944 0.0000 0.1055 0.0000	</row0>
					<row1>	0.0000 1.0000 0.0000 0.0000	</row1>
					<row2>	-0.1055 0.0000 0.9944 0.0000	</row2>
					<row3>	0.7683 0.4972 3.2328 1.0000	</row3>
				</transform>
			</node>
			<node>
				<identifier>	MP_AM549_Life_Buoy_INDEX_2	</identifier>
				<transform>
					<row0>	0.9631 0.0000 0.2692 0.0000	</row0>
					<row1>	0.0000 1.0000 0.0000 0.0000	</row1>
					<row2>	-0.2692 0.0000 0.9631 0.0000	</row2>
					<row3>	0.3469 0.4972 5.6275 1.0000	</row3>
				</transform>
			</node>
			<node>
				<identifier>	MP_AM549_Life_Buoy_INDEX_3	</identifier>
				<transform>
					<row0>	0.9851 0.0000 0.1717 0.0000	</row0>
					<row1>	0.0000 1.0000 0.0000 0.0000	</row1>
					<row2>	-0.1717 0.0000 0.9851 0.0000	</row2>
					<row3>	0.6434 0.4968 4.2475 1.0000	</row3>
				</transform>
			</node>
			<node>
				<identifier>	MP_AM549_Life_Buoy_INDEX_4	</identifier>
				<transform>
					<row0>	-0.9631 0.0000 0.2692 0.0000	</row0>
					<row1>	0.0000 1.0000 0.0000 0.0000	</row1>
					<row2>	-0.2692 0.0000 -0.9631 0.0000	</row2>
					<row3>	-0.3469 0.4972 5.6275 1.0000	</row3>
				</transform>
			</node>
			<node>
				<identifier>	MP_AM549_Life_Buoy_INDEX_5	</identifier>
				<transform>
					<row0>	-0.9851 0.0000 0.1717 0.0000	</row0>
					<row1>	0.0000 1.0000 0.0000 0.0000	</row1>
					<row2>	-0.1717 0.0000 -0.9851 0.0000	</row2>
					<row3>	-0.6433 0.4968 4.2475 1.0000	</row3>
				</transform>
			</node>
			<node>
				<identifier>	MP_CM006_Anchor_2	</identifier>
				<transform>
					<row0>	0.0000 0.6440 0.6287 0.0000	</row0>
					<row1>	0.0000 0.6287 -0.6440 0.0000	</row1>
					<row2>	-0.9000 0.0000 0.0000 0.0000	</row2>
					<row3>	0.0000 0.4568 6.2842 1.0000	</row3>
				</transform>
			</node>
			<node>
				<identifier>	MP_CM006_Anchor_2_INDEX_1	</identifier>
				<transform>
					<row0>	0.8522 0.0990 0.2719 0.0000	</row0>
					<row1>	0.1665 0.5241 -0.7125 0.0000	</row1>
					<row2>	-0.2367 0.7250 0.4779 0.0000	</row2>
					<row3>	-0.0788 0.4587 6.0676 1.0000	</row3>
				</transform>
			</node>
			<node>
				<identifier>	MP_CM006_Anchor_2_INDEX_2	</identifier>
				<transform>
					<row0>	-0.8479 0.1073 0.2771 0.0000	</row0>
					<row1>	-0.1662 0.5232 -0.7113 0.0000	</row1>
					<row2>	-0.2462 -0.7221 -0.4736 0.0000	</row2>
					<row3>	0.0788 0.4587 6.0676 1.0000	</row3>
				</transform>
			</node>
			<node>
				<identifier>	MP_CM011_Fire_Fighting_Gear	</identifier>
				<transform>
					<row0>	1.0000 0.0000 0.0000 0.0000	</row0>
					<row1>	0.0000 1.0000 0.0000 0.0000	</row1>
					<row2>	0.0000 0.0000 1.0000 0.0000	</row2>
					<row3>	0.3435 0.4550 3.3422 1.0000	</row3>
				</transform>
			</node>
			<node>
				<identifier>	MP_CM011_Fire_Fighting_Gear_INDEX_1	</identifier>
				<transform>
					<row0>	1.0000 0.0000 0.0000 0.0000	</row0>
					<row1>	0.0000 1.0000 0.0000 0.0000	</row1>
					<row2>	0.0000 0.0000 1.0000 0.0000	</row2>
					<row3>	-0.3436 0.4550 3.3422 1.0000	</row3>
				</transform>
			</node>
			<node>
				<identifier>	MP_CM013_Fire_Hose_Rack_2	</identifier>
				<transform>
					<row0>	0.9949 0.0000 -0.1009 0.0000	</row0>
					<row1>	0.0000 1.0000 0.0000 0.0000	</row1>
					<row2>	0.1009 0.0000 0.9949 0.0000	</row2>
					<row3>	-0.3302 0.5041 3.3499 1.0000	</row3>
				</transform>
			</node>
			<node>
				<identifier>	MP_CM013_Fire_Hose_Rack_2_INDEX_1	</identifier>
				<transform>
					<row0>	-0.9960 0.0000 -0.0894 0.0000	</row0>
					<row1>	0.0000 1.0000 0.0000 0.0000	</row1>
					<row2>	0.0894 0.0000 -0.9960 0.0000	</row2>
					<row3>	0.3310 0.5041 3.3426 1.0000	</row3>
				</transform>
			</node>
		</node>
	</node>
	<boundingBox>
		<min>	-0.0667 -0.0667 -0.0667	</min>
		<max>	0.0667 0.0667 0.0667	</max>
	</boundingBox>
</ASB026_West_Virginia_1941_Bow_ports.visual>
