<ASD060_Forrest_Sherman_1958_MidFront_ports.visual>
	<node>
		<identifier>	Scene Root	</identifier>
		<transform>
			<row0>	1.0000 0.0000 0.0000 0.0000	</row0>
			<row1>	0.0000 1.0000 0.0000 0.0000	</row1>
			<row2>	0.0000 0.0000 1.0000 0.0000	</row2>
			<row3>	0.0000 0.0000 0.0000 1.0000	</row3>
		</transform>
		<node>
			<identifier>	MidFront_ports	</identifier>
			<transform>
				<row0>	1.0000 0.0000 0.0000 0.0000	</row0>
				<row1>	0.0000 1.0000 0.0000 0.0000	</row1>
				<row2>	0.0000 0.0000 1.0000 0.0000	</row2>
				<row3>	0.0000 0.0000 0.0000 1.0000	</row3>
			</transform>
			<node>
				<identifier>	HP_AD_1	</identifier>
				<transform>
					<row0>	1.0000 0.0000 0.0000 0.0000	</row0>
					<row1>	0.0000 1.0000 0.0000 0.0000	</row1>
					<row2>	0.0000 0.0000 1.0000 0.0000	</row2>
					<row3>	0.0000 0.9252 1.3917 1.0000	</row3>
				</transform>
			</node>
			<node>
				<identifier>	HP_AGA_1	</identifier>
				<transform>
					<row0>	1.0000 0.0000 0.0000 0.0000	</row0>
					<row1>	0.0000 1.0000 0.0000 0.0000	</row1>
					<row2>	0.0000 0.0000 1.0000 0.0000	</row2>
					<row3>	0.0000 0.4765 2.0632 1.0000	</row3>
				</transform>
			</node>
			<node>
				<identifier>	HP_AGM_1	</identifier>
				<transform>
					<row0>	1.0000 0.0000 0.0000 0.0000	</row0>
					<row1>	0.0000 1.0000 0.0000 0.0000	</row1>
					<row2>	0.0000 0.0000 1.0000 0.0000	</row2>
					<row3>	0.0000 0.3561 2.7527 1.0000	</row3>
				</transform>
			</node>
			<node>
				<identifier>	HP_AGT_1	</identifier>
				<transform>
					<row0>	0.7168 0.0000 0.6973 0.0000	</row0>
					<row1>	0.0000 1.0000 0.0000 0.0000	</row1>
					<row2>	-0.6973 0.0000 0.7168 0.0000	</row2>
					<row3>	-0.2253 0.4113 0.5622 1.0000	</row3>
				</transform>
			</node>
			<node>
				<identifier>	HP_AGT_2	</identifier>
				<transform>
					<row0>	0.7168 0.0000 -0.6973 0.0000	</row0>
					<row1>	0.0000 1.0000 0.0000 0.0000	</row1>
					<row2>	0.6973 0.0000 0.7168 0.0000	</row2>
					<row3>	0.2253 0.4113 0.5622 1.0000	</row3>
				</transform>
			</node>
			<node>
				<identifier>	HP_AGT_3	</identifier>
				<transform>
					<row0>	0.7168 0.0000 0.6973 0.0000	</row0>
					<row1>	0.0000 1.0000 0.0000 0.0000	</row1>
					<row2>	-0.6973 0.0000 0.7168 0.0000	</row2>
					<row3>	-0.2302 0.4113 0.5069 1.0000	</row3>
				</transform>
			</node>
			<node>
				<identifier>	HP_AGT_4	</identifier>
				<transform>
					<row0>	0.7168 0.0000 -0.6973 0.0000	</row0>
					<row1>	0.0000 1.0000 0.0000 0.0000	</row1>
					<row2>	0.6973 0.0000 0.7168 0.0000	</row2>
					<row3>	0.2302 0.4113 0.5069 1.0000	</row3>
				</transform>
			</node>
			<node>
				<identifier>	HP_ARS_1	</identifier>
				<transform>
					<row0>	1.0000 0.0000 0.0000 0.0000	</row0>
					<row1>	0.0000 1.0000 0.0000 0.0000	</row1>
					<row2>	0.0000 0.0000 1.0000 0.0000	</row2>
					<row3>	-0.0005 1.5471 1.1568 1.0000	</row3>
				</transform>
			</node>
			<node>
				<identifier>	HP_ARS_2	</identifier>
				<transform>
					<row0>	1.0000 0.0000 0.0000 0.0000	</row0>
					<row1>	0.0000 1.0000 0.0000 0.0000	</row1>
					<row2>	0.0000 0.0000 1.0000 0.0000	</row2>
					<row3>	0.0000 1.8175 0.9481 1.0000	</row3>
				</transform>
			</node>
			<node>
				<identifier>	HP_FX_Death_1	</identifier>
				<transform>
					<row0>	1.0000 0.0000 0.0000 0.0000	</row0>
					<row1>	0.0000 1.0000 0.0000 0.0000	</row1>
					<row2>	0.0000 0.0000 1.0000 0.0000	</row2>
					<row3>	0.0000 0.0000 2.1666 1.0000	</row3>
				</transform>
			</node>
			<node>
				<identifier>	HP_FX_Fire_2	</identifier>
				<transform>
					<row0>	1.0000 0.0000 0.0000 0.0000	</row0>
					<row1>	0.0000 1.0000 0.0000 0.0000	</row1>
					<row2>	0.0000 0.0000 1.0000 0.0000	</row2>
					<row3>	0.0000 0.8541 1.4669 1.0000	</row3>
				</transform>
			</node>
			<node>
				<identifier>	HP_FX_Fire_2_side_1	</identifier>
				<transform>
					<row0>	1.0000 0.0000 0.0000 0.0000	</row0>
					<row1>	0.0000 1.0000 0.0000 0.0000	</row1>
					<row2>	0.0000 0.0000 1.0000 0.0000	</row2>
					<row3>	0.3301 0.4253 0.2424 1.0000	</row3>
				</transform>
			</node>
			<node>
				<identifier>	HP_FX_FloodLight_left_2	</identifier>
				<transform>
					<row0>	-1.0000 0.0000 0.0000 0.0000	</row0>
					<row1>	0.0000 1.0000 0.0000 0.0000	</row1>
					<row2>	0.0000 0.0000 -1.0000 0.0000	</row2>
					<row3>	-0.2567 0.7349 1.2332 1.0000	</row3>
				</transform>
			</node>
			<node>
				<identifier>	HP_FX_FloodLight_right_2	</identifier>
				<transform>
					<row0>	1.0000 0.0000 0.0000 0.0000	</row0>
					<row1>	0.0000 1.0000 0.0000 0.0000	</row1>
					<row2>	0.0000 0.0000 1.0000 0.0000	</row2>
					<row3>	0.2474 0.7509 1.4423 1.0000	</row3>
				</transform>
			</node>
			<node>
				<identifier>	HP_FX_Flood_steam_2	</identifier>
				<transform>
					<row0>	0.9976 0.0000 -0.0686 0.0000	</row0>
					<row1>	-0.0346 0.8636 -0.5029 0.0000	</row1>
					<row2>	0.0592 0.5041 0.8616 0.0000	</row2>
					<row3>	-0.0208 1.0784 0.5863 1.0000	</row3>
				</transform>
			</node>
			<node>
				<identifier>	HP_FX_Flood_steam_3	</identifier>
				<transform>
					<row0>	0.9754 0.0000 0.2203 0.0000	</row0>
					<row1>	0.1110 0.8636 -0.4917 0.0000	</row1>
					<row2>	-0.1902 0.5041 0.8424 0.0000	</row2>
					<row3>	0.0227 1.0784 0.5884 1.0000	</row3>
				</transform>
			</node>
			<node>
				<identifier>	HP_FX_Flood_steam_left	</identifier>
				<transform>
					<row0>	-1.0000 0.0000 0.0000 0.0000	</row0>
					<row1>	0.0000 1.0000 0.0000 0.0000	</row1>
					<row2>	0.0000 0.0000 -1.0000 0.0000	</row2>
					<row3>	-0.3393 0.3636 0.7159 1.0000	</row3>
				</transform>
			</node>
			<node>
				<identifier>	HP_FX_Flood_water_left_2	</identifier>
				<transform>
					<row0>	-1.0000 0.0000 0.0000 0.0000	</row0>
					<row1>	0.0000 1.0000 0.0000 0.0000	</row1>
					<row2>	0.0000 0.0000 -1.0000 0.0000	</row2>
					<row3>	-0.3966 0.1266 1.6797 1.0000	</row3>
				</transform>
			</node>
			<node>
				<identifier>	HP_FX_Flood_water_right_2	</identifier>
				<transform>
					<row0>	1.0000 0.0000 0.0000 0.0000	</row0>
					<row1>	0.0000 1.0000 0.0000 0.0000	</row1>
					<row2>	0.0000 0.0000 1.0000 0.0000	</row2>
					<row3>	0.3965 0.1221 1.6806 1.0000	</row3>
				</transform>
			</node>
			<node>
				<identifier>	HP_FX_Smoke_1	</identifier>
				<transform>
					<row0>	1.0000 0.0000 0.0000 0.0000	</row0>
					<row1>	0.0000 0.9861 -0.1661 0.0000	</row1>
					<row2>	0.0000 0.1661 0.9861 0.0000	</row2>
					<row3>	0.0000 1.1407 0.6436 1.0000	</row3>
				</transform>
			</node>
			<node>
				<identifier>	HP_Flagpole	</identifier>
				<transform>
					<row0>	0.7670 0.0000 0.0000 0.0000	</row0>
					<row1>	0.0000 0.7670 0.0000 0.0000	</row1>
					<row2>	0.0000 0.0000 0.7670 0.0000	</row2>
					<row3>	0.0000 2.0239 0.7871 1.0000	</row3>
				</transform>
			</node>
			<node>
				<identifier>	HP_Ship_death_2	</identifier>
				<transform>
					<row0>	1.0000 0.0000 0.0000 0.0000	</row0>
					<row1>	0.0000 1.0000 0.0000 0.0000	</row1>
					<row2>	0.0000 0.0000 1.0000 0.0000	</row2>
					<row3>	0.0000 0.0000 0.1758 1.0000	</row3>
				</transform>
			</node>
			<node>
				<identifier>	HP_flag_1	</identifier>
				<transform>
					<row0>	0.9984 -0.0553 -0.0093 0.0000	</row0>
					<row1>	0.0553 0.9437 0.3261 0.0000	</row1>
					<row2>	-0.0093 -0.3261 0.9453 0.0000	</row2>
					<row3>	0.3733 1.4635 1.0867 1.0000	</row3>
				</transform>
			</node>
			<node>
				<identifier>	HP_flag_2	</identifier>
				<transform>
					<row0>	0.9984 0.0555 0.0093 0.0000	</row0>
					<row1>	-0.0555 0.9436 0.3263 0.0000	</row1>
					<row2>	0.0093 -0.3263 0.9452 0.0000	</row2>
					<row3>	-0.3723 1.4636 1.0862 1.0000	</row3>
				</transform>
			</node>
			<node>
				<identifier>	HP_flag_3	</identifier>
				<transform>
					<row0>	0.9987 0.0493 0.0089 0.0000	</row0>
					<row1>	-0.0493 0.9359 0.3487 0.0000	</row1>
					<row2>	0.0089 -0.3487 0.9372 0.0000	</row2>
					<row3>	0.2616 1.4659 1.0829 1.0000	</row3>
				</transform>
			</node>
			<node>
				<identifier>	HP_flag_4	</identifier>
				<transform>
					<row0>	0.9987 -0.0501 -0.0090 0.0000	</row0>
					<row1>	0.0501 0.9362 0.3478 0.0000	</row1>
					<row2>	-0.0090 -0.3478 0.9375 0.0000	</row2>
					<row3>	-0.2606 1.4660 1.0824 1.0000	</row3>
				</transform>
			</node>
			<node>
				<identifier>	HP_flag_courtesy	</identifier>
				<transform>
					<row0>	0.9821 0.1869 -0.0223 0.0000	</row0>
					<row1>	-0.1869 0.9542 -0.2336 0.0000	</row1>
					<row2>	-0.0223 0.2336 0.9721 0.0000	</row2>
					<row3>	0.0342 1.6888 0.7839 1.0000	</row3>
				</transform>
			</node>
			<node>
				<identifier>	HP_flag_house	</identifier>
				<transform>
					<row0>	0.9845 -0.1741 0.0208 0.0000	</row0>
					<row1>	0.1741 0.9565 -0.2342 0.0000	</row1>
					<row2>	0.0208 0.2342 0.9720 0.0000	</row2>
					<row3>	-0.0329 1.6871 0.7843 1.0000	</row3>
				</transform>
			</node>
			<node>
				<identifier>	HP_flag_nation	</identifier>
				<transform>
					<row0>	0.9680 0.2511 -0.0037 0.0000	</row0>
					<row1>	-0.2511 0.9675 -0.0292 0.0000	</row1>
					<row2>	-0.0037 0.0292 0.9996 0.0000	</row2>
					<row3>	0.0022 1.6115 0.6743 1.0000	</row3>
				</transform>
			</node>
			<node>
				<identifier>	HP_flag_rank	</identifier>
				<transform>
					<row0>	0.9814 -0.1906 0.0228 0.0000	</row0>
					<row1>	0.1906 0.9534 -0.2340 0.0000	</row1>
					<row2>	0.0228 0.2340 0.9720 0.0000	</row2>
					<row3>	-0.0179 1.8012 0.7564 1.0000	</row3>
				</transform>
			</node>
			<node>
				<identifier>	MP_AM004_Fairlead_2	</identifier>
				<transform>
					<row0>	0.1933 -0.1104 -1.2313 0.0000	</row0>
					<row1>	0.0198 1.2463 -0.1086 0.0000	</row1>
					<row2>	1.2360 -0.0027 0.1943 0.0000	</row2>
					<row3>	0.2310 0.4277 3.7160 1.0000	</row3>
				</transform>
			</node>
			<node>
				<identifier>	MP_AM004_Fairlead_2_INDEX_1	</identifier>
				<transform>
					<row0>	-0.0938 0.0855 1.2448 0.0000	</row0>
					<row1>	0.0739 1.2465 -0.0800 0.0000	</row1>
					<row2>	-1.2455 0.0675 -0.0985 0.0000	</row2>
					<row3>	0.3513 0.3279 2.4656 1.0000	</row3>
				</transform>
			</node>
			<node>
				<identifier>	MP_AM004_Fairlead_2_INDEX_2	</identifier>
				<transform>
					<row0>	0.4412 -0.1360 -1.1629 0.0000	</row0>
					<row1>	0.0483 1.2438 -0.1272 0.0000	</row1>
					<row2>	1.1698 0.0000 0.4439 0.0000	</row2>
					<row3>	0.1367 0.4729 4.1611 1.0000	</row3>
				</transform>
			</node>
			<node>
				<identifier>	MP_AM004_Fairlead_2_INDEX_3	</identifier>
				<transform>
					<row0>	-0.1392 0.1077 1.2388 0.0000	</row0>
					<row1>	0.0381 1.2463 -0.1041 0.0000	</row1>
					<row2>	-1.2429 0.0262 -0.1419 0.0000	</row2>
					<row3>	0.2783 0.3925 3.3133 1.0000	</row3>
				</transform>
			</node>
			<node>
				<identifier>	MP_AM004_Fairlead_2_INDEX_4	</identifier>
				<transform>
					<row0>	-0.0860 -0.0855 -1.2453 0.0000	</row0>
					<row1>	-0.0734 1.2465 -0.0805 0.0000	</row1>
					<row2>	1.2461 0.0675 -0.0907 0.0000	</row2>
					<row3>	-0.3747 0.3051 2.1303 1.0000	</row3>
				</transform>
			</node>
			<node>
				<identifier>	MP_AM004_Fairlead_2_INDEX_5	</identifier>
				<transform>
					<row0>	0.1933 0.1104 1.2313 0.0000	</row0>
					<row1>	-0.0198 1.2463 -0.1086 0.0000	</row1>
					<row2>	-1.2360 -0.0027 0.1943 0.0000	</row2>
					<row3>	-0.2310 0.4277 3.7160 1.0000	</row3>
				</transform>
			</node>
			<node>
				<identifier>	MP_AM004_Fairlead_2_INDEX_6	</identifier>
				<transform>
					<row0>	-0.0860 0.0855 1.2453 0.0000	</row0>
					<row1>	0.0734 1.2465 -0.0805 0.0000	</row1>
					<row2>	-1.2461 0.0675 -0.0907 0.0000	</row2>
					<row3>	0.3747 0.3051 2.1303 1.0000	</row3>
				</transform>
			</node>
			<node>
				<identifier>	MP_AM004_Fairlead_2_INDEX_7	</identifier>
				<transform>
					<row0>	0.4412 0.1360 1.1629 0.0000	</row0>
					<row1>	-0.0483 1.2438 -0.1272 0.0000	</row1>
					<row2>	-1.1698 0.0000 0.4439 0.0000	</row2>
					<row3>	-0.1367 0.4729 4.1611 1.0000	</row3>
				</transform>
			</node>
			<node>
				<identifier>	MP_AM004_Fairlead_2_INDEX_8	</identifier>
				<transform>
					<row0>	-0.1392 -0.1077 -1.2388 0.0000	</row0>
					<row1>	-0.0381 1.2463 -0.1041 0.0000	</row1>
					<row2>	1.2429 0.0262 -0.1419 0.0000	</row2>
					<row3>	-0.2782 0.3923 3.3133 1.0000	</row3>
				</transform>
			</node>
			<node>
				<identifier>	MP_AM004_Fairlead_2_INDEX_9	</identifier>
				<transform>
					<row0>	-0.0938 -0.0855 -1.2448 0.0000	</row0>
					<row1>	-0.0739 1.2465 -0.0800 0.0000	</row1>
					<row2>	1.2455 0.0675 -0.0985 0.0000	</row2>
					<row3>	-0.3513 0.3279 2.4656 1.0000	</row3>
				</transform>
			</node>
			<node>
				<identifier>	MP_AM006_Reels_1	</identifier>
				<transform>
					<row0>	0.7019 0.0000 0.1115 0.0000	</row0>
					<row1>	-0.1115 0.0000 0.7019 0.0000	</row1>
					<row2>	0.0000 -0.7107 0.0000 0.0000	</row2>
					<row3>	-0.1593 0.4497 2.2609 1.0000	</row3>
				</transform>
			</node>
			<node>
				<identifier>	MP_AM010_Speaker_1	</identifier>
				<transform>
					<row0>	0.7500 0.0000 0.0000 0.0000	</row0>
					<row1>	0.0000 0.7500 0.0000 0.0000	</row1>
					<row2>	0.0000 0.0000 0.7500 0.0000	</row2>
					<row3>	-0.0509 0.5715 0.4701 1.0000	</row3>
				</transform>
			</node>
			<node>
				<identifier>	MP_AM010_Speaker_1_INDEX_1	</identifier>
				<transform>
					<row0>	0.7500 0.0000 0.0000 0.0000	</row0>
					<row1>	0.0000 0.7500 0.0000 0.0000	</row1>
					<row2>	0.0000 0.0000 0.7500 0.0000	</row2>
					<row3>	0.3614 0.3872 -0.0606 1.0000	</row3>
				</transform>
			</node>
			<node>
				<identifier>	MP_AM010_Speaker_1_INDEX_2	</identifier>
				<transform>
					<row0>	-0.7500 0.0000 0.0000 0.0000	</row0>
					<row1>	0.0000 0.7500 0.0000 0.0000	</row1>
					<row2>	0.0000 0.0000 -0.7500 0.0000	</row2>
					<row3>	-0.0430 0.6165 1.7905 1.0000	</row3>
				</transform>
			</node>
			<node>
				<identifier>	MP_AM010_Speaker_1_INDEX_3	</identifier>
				<transform>
					<row0>	0.7500 0.0000 0.0000 0.0000	</row0>
					<row1>	0.0000 0.7500 0.0000 0.0000	</row1>
					<row2>	0.0000 0.0000 0.7500 0.0000	</row2>
					<row3>	-0.0155 0.9021 1.2994 1.0000	</row3>
				</transform>
			</node>
			<node>
				<identifier>	MP_AM010_Speaker_1_INDEX_4	</identifier>
				<transform>
					<row0>	-0.7500 0.0000 0.0000 0.0000	</row0>
					<row1>	0.0000 0.7500 0.0000 0.0000	</row1>
					<row2>	0.0000 0.0000 -0.7500 0.0000	</row2>
					<row3>	-0.0067 0.6165 1.7905 1.0000	</row3>
				</transform>
			</node>
			<node>
				<identifier>	MP_AM010_Speaker_1_INDEX_5	</identifier>
				<transform>
					<row0>	0.7500 0.0000 0.0000 0.0000	</row0>
					<row1>	0.0000 0.7500 0.0000 0.0000	</row1>
					<row2>	0.0000 0.0000 0.7500 0.0000	</row2>
					<row3>	-0.3585 0.3931 0.0111 1.0000	</row3>
				</transform>
			</node>
			<node>
				<identifier>	MP_AM010_Speaker_1_INDEX_6	</identifier>
				<transform>
					<row0>	0.7500 0.0000 0.0000 0.0000	</row0>
					<row1>	0.0000 0.6648 -0.3472 0.0000	</row1>
					<row2>	0.0000 0.3472 0.6648 0.0000	</row2>
					<row3>	-0.3645 0.5912 1.3889 1.0000	</row3>
				</transform>
			</node>
			<node>
				<identifier>	MP_AM010_Speaker_1_INDEX_7	</identifier>
				<transform>
					<row0>	0.7500 0.0000 0.0000 0.0000	</row0>
					<row1>	0.0000 0.6648 -0.3472 0.0000	</row1>
					<row2>	0.0000 0.3472 0.6648 0.0000	</row2>
					<row3>	0.3645 0.5910 1.3883 1.0000	</row3>
				</transform>
			</node>
			<node>
				<identifier>	MP_AM018_Compass_Binnacle	</identifier>
				<transform>
					<row0>	1.0000 0.0000 0.0000 0.0000	</row0>
					<row1>	0.0000 1.0000 0.0000 0.0000	</row1>
					<row2>	0.0000 0.0000 1.0000 0.0000	</row2>
					<row3>	0.0000 0.3987 -0.1034 1.0000	</row3>
				</transform>
			</node>
			<node>
				<identifier>	MP_AM018_Compass_Binnacle_INDEX_1	</identifier>
				<transform>
					<row0>	1.0000 0.0000 0.0000 0.0000	</row0>
					<row1>	0.0000 1.0000 0.0000 0.0000	</row1>
					<row2>	0.0000 0.0000 1.0000 0.0000	</row2>
					<row3>	-0.0005 0.6120 1.6478 1.0000	</row3>
				</transform>
			</node>
			<node>
				<identifier>	MP_AM022_Ventilators_4	</identifier>
				<transform>
					<row0>	0.7828 0.0000 0.0000 0.0000	</row0>
					<row1>	0.0000 0.7828 0.0000 0.0000	</row1>
					<row2>	0.0000 0.0000 0.7828 0.0000	</row2>
					<row3>	0.0282 0.4042 3.4157 1.0000	</row3>
				</transform>
			</node>
			<node>
				<identifier>	MP_AM025_Pelorus_Mk7	</identifier>
				<transform>
					<row0>	0.0000 0.0000 -1.0660 0.0000	</row0>
					<row1>	0.0000 1.0660 0.0000 0.0000	</row1>
					<row2>	1.0660 0.0000 0.0000 0.0000	</row2>
					<row3>	0.3630 0.6228 1.4570 1.0000	</row3>
				</transform>
			</node>
			<node>
				<identifier>	MP_AM025_Pelorus_Mk7_INDEX_1	</identifier>
				<transform>
					<row0>	0.0000 0.0000 1.0660 0.0000	</row0>
					<row1>	0.0000 1.0660 0.0000 0.0000	</row1>
					<row2>	-1.0660 0.0000 0.0000 0.0000	</row2>
					<row3>	-0.3630 0.6228 1.4570 1.0000	</row3>
				</transform>
			</node>
			<node>
				<identifier>	MP_AM033_MK10_Hedgehog_Projector	</identifier>
				<transform>
					<row0>	0.9871 0.0079 0.1596 0.0000	</row0>
					<row1>	-0.0005 0.9989 -0.0468 0.0000	</row1>
					<row2>	-0.1598 0.0461 0.9861 0.0000	</row2>
					<row3>	-0.2641 0.4796 1.9351 1.0000	</row3>
				</transform>
			</node>
			<node>
				<identifier>	MP_AM033_MK10_Hedgehog_Projector_INDEX_1	</identifier>
				<transform>
					<row0>	0.9871 -0.0079 -0.1596 0.0000	</row0>
					<row1>	0.0005 0.9989 -0.0468 0.0000	</row1>
					<row2>	0.1598 0.0461 0.9861 0.0000	</row2>
					<row3>	0.2631 0.4796 1.9351 1.0000	</row3>
				</transform>
			</node>
			<node>
				<identifier>	MP_AM049_Signal_Lamp_1	</identifier>
				<transform>
					<row0>	1.0000 0.0000 0.0000 0.0000	</row0>
					<row1>	0.0000 1.0000 0.0000 0.0000	</row1>
					<row2>	0.0000 0.0000 1.0000 0.0000	</row2>
					<row3>	-0.0005 0.8994 4.3113 1.0000	</row3>
				</transform>
			</node>
			<node>
				<identifier>	MP_AM071_Signal_Lamp_2	</identifier>
				<transform>
					<row0>	1.0000 0.0000 0.0000 0.0000	</row0>
					<row1>	0.0000 1.0000 0.0000 0.0000	</row1>
					<row2>	0.0000 0.0000 1.0000 0.0000	</row2>
					<row3>	-0.0546 1.3103 1.0333 1.0000	</row3>
				</transform>
			</node>
			<node>
				<identifier>	MP_AM071_Signal_Lamp_2_INDEX_1	</identifier>
				<transform>
					<row0>	1.0000 0.0000 0.0000 0.0000	</row0>
					<row1>	0.0000 1.0000 0.0000 0.0000	</row1>
					<row2>	0.0000 0.0000 1.0000 0.0000	</row2>
					<row3>	-0.3663 1.5354 1.1036 1.0000	</row3>
				</transform>
			</node>
			<node>
				<identifier>	MP_AM071_Signal_Lamp_2_INDEX_2	</identifier>
				<transform>
					<row0>	1.0000 0.0000 0.0000 0.0000	</row0>
					<row1>	0.0000 1.0000 0.0000 0.0000	</row1>
					<row2>	0.0000 0.0000 1.0000 0.0000	</row2>
					<row3>	0.3663 1.5354 1.1036 1.0000	</row3>
				</transform>
			</node>
			<node>
				<identifier>	MP_AM071_Signal_Lamp_2_INDEX_3	</identifier>
				<transform>
					<row0>	1.0000 0.0000 0.0000 0.0000	</row0>
					<row1>	0.0000 1.0000 0.0000 0.0000	</row1>
					<row2>	0.0000 0.0000 1.0000 0.0000	</row2>
					<row3>	-0.0546 1.1623 1.0301 1.0000	</row3>
				</transform>
			</node>
			<node>
				<identifier>	MP_AM086_TBS_Antenna_2	</identifier>
				<transform>
					<row0>	-1.0000 0.0000 0.0000 0.0000	</row0>
					<row1>	0.0000 1.0000 0.0000 0.0000	</row1>
					<row2>	0.0000 0.0000 -1.0000 0.0000	</row2>
					<row3>	-0.2387 1.5267 1.0984 1.0000	</row3>
				</transform>
			</node>
			<node>
				<identifier>	MP_AM086_TBS_Antenna_2_INDEX_1	</identifier>
				<transform>
					<row0>	-1.0000 0.0000 0.0000 0.0000	</row0>
					<row1>	0.0000 1.0000 0.0000 0.0000	</row1>
					<row2>	0.0000 0.0000 -1.0000 0.0000	</row2>
					<row3>	0.2387 1.5267 1.0984 1.0000	</row3>
				</transform>
			</node>
			<node>
				<identifier>	MP_AM086_TBS_Antenna_2_INDEX_2	</identifier>
				<transform>
					<row0>	-1.0000 0.0000 0.0000 0.0000	</row0>
					<row1>	0.0000 1.0000 0.0000 0.0000	</row1>
					<row2>	0.0000 0.0000 -1.0000 0.0000	</row2>
					<row3>	-0.0003 1.8583 0.7006 1.0000	</row3>
				</transform>
			</node>
			<node>
				<identifier>	MP_AM087_TBS_Antenna_3	</identifier>
				<transform>
					<row0>	-1.0000 0.0000 0.0000 0.0000	</row0>
					<row1>	0.0000 1.0000 0.0000 0.0000	</row1>
					<row2>	0.0000 0.0000 -1.0000 0.0000	</row2>
					<row3>	0.0000 2.0047 0.7261 1.0000	</row3>
				</transform>
			</node>
			<node>
				<identifier>	MP_AM087_TBS_Antenna_3_INDEX_1	</identifier>
				<transform>
					<row0>	-1.0000 0.0000 0.0000 0.0000	</row0>
					<row1>	0.0000 1.0000 0.0000 0.0000	</row1>
					<row2>	0.0000 0.0000 -1.0000 0.0000	</row2>
					<row3>	-0.2859 1.5064 1.0758 1.0000	</row3>
				</transform>
			</node>
			<node>
				<identifier>	MP_AM087_TBS_Antenna_3_INDEX_2	</identifier>
				<transform>
					<row0>	-1.0000 0.0000 0.0000 0.0000	</row0>
					<row1>	0.0000 1.0000 0.0000 0.0000	</row1>
					<row2>	0.0000 0.0000 -1.0000 0.0000	</row2>
					<row3>	0.2859 1.5065 1.0758 1.0000	</row3>
				</transform>
			</node>
			<node>
				<identifier>	MP_AM108_Reels_4	</identifier>
				<transform>
					<row0>	0.0105 -0.0472 -0.6255 0.0000	</row0>
					<row1>	0.0025 0.6256 -0.0472 0.0000	</row1>
					<row2>	0.6273 -0.0018 0.0106 0.0000	</row2>
					<row3>	0.0120 0.4010 3.3425 1.0000	</row3>
				</transform>
			</node>
			<node>
				<identifier>	MP_AM143_Signal_Lamp_R	</identifier>
				<transform>
					<row0>	1.0000 0.0000 0.0000 0.0000	</row0>
					<row1>	0.0000 1.0000 0.0000 0.0000	</row1>
					<row2>	0.0000 0.0000 1.0000 0.0000	</row2>
					<row3>	0.0282 2.0209 0.7973 1.0000	</row3>
				</transform>
			</node>
			<node>
				<identifier>	MP_AM144_Signal_Lamp_L	</identifier>
				<transform>
					<row0>	1.0000 0.0000 0.0000 0.0000	</row0>
					<row1>	0.0000 1.0000 0.0000 0.0000	</row1>
					<row2>	0.0000 0.0000 1.0000 0.0000	</row2>
					<row3>	-0.0294 2.0208 0.7973 1.0000	</row3>
				</transform>
			</node>
			<node>
				<identifier>	MP_AM150_Telegraph_Engine	</identifier>
				<transform>
					<row0>	1.0000 0.0000 0.0000 0.0000	</row0>
					<row1>	0.0000 1.0000 0.0000 0.0000	</row1>
					<row2>	0.0000 0.0000 1.0000 0.0000	</row2>
					<row3>	0.0580 0.6120 1.6478 1.0000	</row3>
				</transform>
			</node>
			<node>
				<identifier>	MP_AM159_Voice_Tube	</identifier>
				<transform>
					<row0>	1.0000 0.0000 0.0000 0.0000	</row0>
					<row1>	0.0000 1.0000 0.0000 0.0000	</row1>
					<row2>	0.0000 0.0000 1.0000 0.0000	</row2>
					<row3>	-0.0968 0.6132 1.7655 1.0000	</row3>
				</transform>
			</node>
			<node>
				<identifier>	MP_AM159_Voice_Tube_INDEX_1	</identifier>
				<transform>
					<row0>	1.0000 0.0000 0.0000 0.0000	</row0>
					<row1>	0.0000 1.0000 0.0000 0.0000	</row1>
					<row2>	0.0000 0.0000 1.0000 0.0000	</row2>
					<row3>	-0.0529 0.6134 1.6478 1.0000	</row3>
				</transform>
			</node>
			<node>
				<identifier>	MP_AM159_Voice_Tube_INDEX_2	</identifier>
				<transform>
					<row0>	1.0000 0.0000 0.0000 0.0000	</row0>
					<row1>	0.0000 1.0000 0.0000 0.0000	</row1>
					<row2>	0.0000 0.0000 1.0000 0.0000	</row2>
					<row3>	0.0474 0.6134 1.7655 1.0000	</row3>
				</transform>
			</node>
			<node>
				<identifier>	MP_AM159_Voice_Tube_INDEX_3	</identifier>
				<transform>
					<row0>	1.0000 0.0000 0.0000 0.0000	</row0>
					<row1>	0.0000 1.0000 0.0000 0.0000	</row1>
					<row2>	0.0000 0.0000 1.0000 0.0000	</row2>
					<row3>	-0.0672 0.6134 1.6478 1.0000	</row3>
				</transform>
			</node>
			<node>
				<identifier>	MP_AM161_Anchor_top	</identifier>
				<transform>
					<row0>	0.5044 -0.0746 -0.3877 0.0000	</row0>
					<row1>	-0.3119 0.3104 -0.4655 0.0000	</row1>
					<row2>	0.2421 0.5553 0.2081 0.0000	</row2>
					<row3>	0.1687 0.3857 4.0447 1.0000	</row3>
				</transform>
			</node>
			<node>
				<identifier>	MP_AM162_Anchor_down	</identifier>
				<transform>
					<row0>	0.5889 -0.2490 -0.0395 0.0000	</row0>
					<row1>	0.0391 0.1893 -0.6107 0.0000	</row1>
					<row2>	0.2490 0.5590 0.1893 0.0000	</row2>
					<row3>	0.1694 0.3864 4.0426 1.0000	</row3>
				</transform>
			</node>
			<node>
				<identifier>	MP_AM176_Target_Desingnator	</identifier>
				<transform>
					<row0>	1.0000 0.0000 0.0000 0.0000	</row0>
					<row1>	0.0000 1.0000 0.0000 0.0000	</row1>
					<row2>	0.0000 0.0000 1.0000 0.0000	</row2>
					<row3>	0.1921 0.7686 1.5530 1.0000	</row3>
				</transform>
			</node>
			<node>
				<identifier>	MP_AM176_Target_Desingnator_INDEX_1	</identifier>
				<transform>
					<row0>	1.0000 0.0000 0.0000 0.0000	</row0>
					<row1>	0.0000 1.0000 0.0000 0.0000	</row1>
					<row2>	0.0000 0.0000 1.0000 0.0000	</row2>
					<row3>	-0.1921 0.7686 1.5530 1.0000	</row3>
				</transform>
			</node>
			<node>
				<identifier>	MP_AM187_Switch_Panel_4	</identifier>
				<transform>
					<row0>	1.0000 0.0000 0.0000 0.0000	</row0>
					<row1>	0.0000 1.0000 0.0000 0.0000	</row1>
					<row2>	0.0000 0.0000 1.0000 0.0000	</row2>
					<row3>	-0.0665 0.6109 1.7099 1.0000	</row3>
				</transform>
			</node>
			<node>
				<identifier>	MP_AM2015_Anchor_Danforth_down	</identifier>
				<transform>
					<row0>	0.0487 0.7318 0.1325 0.0000	</row0>
					<row1>	-0.3872 0.1384 -0.6217 0.0000	</row1>
					<row2>	-0.6351 -0.0282 0.3892 0.0000	</row2>
					<row3>	-0.1420 0.4373 4.0555 1.0000	</row3>
				</transform>
			</node>
			<node>
				<identifier>	MP_AM2016_Anchor_Danforth_up	</identifier>
				<transform>
					<row0>	0.0225 0.7319 0.1385 0.0000	</row0>
					<row1>	0.2359 0.1245 -0.6960 0.0000	</row1>
					<row2>	-0.7067 0.0649 -0.2279 0.0000	</row2>
					<row3>	-0.1420 0.4373 4.0555 1.0000	</row3>
				</transform>
			</node>
			<node>
				<identifier>	MP_AM2018_Floater_Net_Basket	</identifier>
				<transform>
					<row0>	-0.5125 -0.0228 -0.8584 0.0000	</row0>
					<row1>	0.0191 0.9991 -0.0379 0.0000	</row1>
					<row2>	0.8584 -0.0358 -0.5116 0.0000	</row2>
					<row3>	0.0837 0.5886 0.5914 1.0000	</row3>
				</transform>
			</node>
			<node>
				<identifier>	MP_AM2020_Floater_Net_Basket	</identifier>
				<transform>
					<row0>	-0.0003 -0.0339 -0.9994 0.0000	</row0>
					<row1>	0.0289 0.9990 -0.0339 0.0000	</row1>
					<row2>	0.9996 -0.0289 0.0007 0.0000	</row2>
					<row3>	0.3129 0.4159 0.4960 1.0000	</row3>
				</transform>
			</node>
			<node>
				<identifier>	MP_AM2020_Floater_Net_Basket_INDEX_1	</identifier>
				<transform>
					<row0>	0.0261 0.0362 0.9990 0.0000	</row0>
					<row1>	-0.0002 0.9993 -0.0362 0.0000	</row1>
					<row2>	-0.9997 0.0008 0.0260 0.0000	</row2>
					<row3>	-0.3353 0.5481 0.9221 1.0000	</row3>
				</transform>
			</node>
			<node>
				<identifier>	MP_AM2020_Floater_Net_Basket_INDEX_2	</identifier>
				<transform>
					<row0>	0.0262 -0.0362 -0.9990 0.0000	</row0>
					<row1>	0.0010 0.9993 -0.0362 0.0000	</row1>
					<row2>	0.9997 0.0000 0.0263 0.0000	</row2>
					<row3>	0.3268 0.5561 1.2466 1.0000	</row3>
				</transform>
			</node>
			<node>
				<identifier>	MP_AM2020_Floater_Net_Basket_INDEX_3	</identifier>
				<transform>
					<row0>	-0.0003 0.0339 0.9994 0.0000	</row0>
					<row1>	-0.0289 0.9990 -0.0339 0.0000	</row1>
					<row2>	-0.9996 -0.0289 0.0007 0.0000	</row2>
					<row3>	-0.3129 0.4159 0.4960 1.0000	</row3>
				</transform>
			</node>
			<node>
				<identifier>	MP_AM2020_Floater_Net_Basket_INDEX_4	</identifier>
				<transform>
					<row0>	0.0278 -0.0362 -0.9990 0.0000	</row0>
					<row1>	0.0002 0.9993 -0.0362 0.0000	</row1>
					<row2>	0.9996 0.0008 0.0278 0.0000	</row2>
					<row3>	0.3351 0.5469 0.9221 1.0000	</row3>
				</transform>
			</node>
			<node>
				<identifier>	MP_AM2020_Floater_Net_Basket_INDEX_5	</identifier>
				<transform>
					<row0>	0.0262 0.0362 0.9990 0.0000	</row0>
					<row1>	-0.0010 0.9993 -0.0362 0.0000	</row1>
					<row2>	-0.9997 0.0000 0.0263 0.0000	</row2>
					<row3>	-0.3267 0.5559 1.2466 1.0000	</row3>
				</transform>
			</node>
			<node>
				<identifier>	MP_AM2022_Mark_32_torpedo	</identifier>
				<transform>
					<row0>	-1.0000 0.0000 0.0000 0.0000	</row0>
					<row1>	0.0000 1.0000 0.0000 0.0000	</row1>
					<row2>	0.0000 0.0000 -1.0000 0.0000	</row2>
					<row3>	0.3108 0.4709 0.3213 1.0000	</row3>
				</transform>
			</node>
			<node>
				<identifier>	MP_AM2022_Mark_32_torpedo_INDEX_1	</identifier>
				<transform>
					<row0>	-0.8660 0.5000 0.0000 0.0000	</row0>
					<row1>	0.5000 0.8660 0.0000 0.0000	</row1>
					<row2>	0.0000 0.0000 -1.0000 0.0000	</row2>
					<row3>	0.3108 0.4311 0.3213 1.0000	</row3>
				</transform>
			</node>
			<node>
				<identifier>	MP_AM2022_Mark_32_torpedo_INDEX_2	</identifier>
				<transform>
					<row0>	-1.0000 0.0000 0.0000 0.0000	</row0>
					<row1>	0.0000 1.0000 0.0000 0.0000	</row1>
					<row2>	0.0000 0.0000 -1.0000 0.0000	</row2>
					<row3>	-0.3108 0.4712 0.3213 1.0000	</row3>
				</transform>
			</node>
			<node>
				<identifier>	MP_AM2022_Mark_32_torpedo_INDEX_3	</identifier>
				<transform>
					<row0>	-0.8660 -0.5000 0.0000 0.0000	</row0>
					<row1>	-0.5000 0.8660 0.0000 0.0000	</row1>
					<row2>	0.0000 0.0000 -1.0000 0.0000	</row2>
					<row3>	-0.3108 0.4311 0.3213 1.0000	</row3>
				</transform>
			</node>
			<node>
				<identifier>	MP_AM2023_Mark_32_torpedo_launcher	</identifier>
				<transform>
					<row0>	0.0000 0.0000 -1.0000 0.0000	</row0>
					<row1>	0.0000 1.0000 0.0000 0.0000	</row1>
					<row2>	1.0000 0.0000 0.0000 0.0000	</row2>
					<row3>	-0.4114 0.4069 0.2479 1.0000	</row3>
				</transform>
			</node>
			<node>
				<identifier>	MP_AM2023_Mark_32_torpedo_launcher_INDEX_1	</identifier>
				<transform>
					<row0>	0.0000 0.0000 1.0000 0.0000	</row0>
					<row1>	0.0000 1.0000 0.0000 0.0000	</row1>
					<row2>	-1.0000 0.0000 0.0000 0.0000	</row2>
					<row3>	0.4114 0.4069 0.2479 1.0000	</row3>
				</transform>
			</node>
			<node>
				<identifier>	MP_AM2026_Ammunition_Box	</identifier>
				<transform>
					<row0>	0.7663 0.0000 -0.6425 0.0000	</row0>
					<row1>	0.0000 1.0000 0.0000 0.0000	</row1>
					<row2>	0.6425 0.0000 0.7663 0.0000	</row2>
					<row3>	-0.2591 0.4891 2.1296 1.0000	</row3>
				</transform>
			</node>
			<node>
				<identifier>	MP_AM2026_Ammunition_Box_INDEX_1	</identifier>
				<transform>
					<row0>	0.7071 0.0000 0.7071 0.0000	</row0>
					<row1>	0.0000 1.0000 0.0000 0.0000	</row1>
					<row2>	-0.7071 0.0000 0.7071 0.0000	</row2>
					<row3>	-0.3448 0.4719 1.7683 1.0000	</row3>
				</transform>
			</node>
			<node>
				<identifier>	MP_AM2026_Ammunition_Box_INDEX_2	</identifier>
				<transform>
					<row0>	0.6316 0.0000 -0.7753 0.0000	</row0>
					<row1>	0.0000 1.0000 0.0000 0.0000	</row1>
					<row2>	0.7753 0.0000 0.6316 0.0000	</row2>
					<row3>	0.3448 0.4719 1.7683 1.0000	</row3>
				</transform>
			</node>
			<node>
				<identifier>	MP_AM2027_Crest_Forrest_Sherman	</identifier>
				<transform>
					<row0>	0.0261 0.0000 0.9997 0.0000	</row0>
					<row1>	0.0000 1.0000 0.0000 0.0000	</row1>
					<row2>	-0.9997 0.0000 0.0261 0.0000	</row2>
					<row3>	-0.3326 0.5271 1.0470 1.0000	</row3>
				</transform>
			</node>
			<node>
				<identifier>	MP_AM2027_Crest_Forrest_Sherman_INDEX_1	</identifier>
				<transform>
					<row0>	0.0261 0.0000 -0.9997 0.0000	</row0>
					<row1>	0.0000 1.0000 0.0000 0.0000	</row1>
					<row2>	0.9997 0.0000 0.0261 0.0000	</row2>
					<row3>	0.3312 0.5271 1.0469 1.0000	</row3>
				</transform>
			</node>
			<node>
				<identifier>	MP_AM2031_Turtle	</identifier>
				<transform>
					<row0>	-0.5160 0.0000 -0.8566 0.0000	</row0>
					<row1>	0.0000 1.0000 0.0000 0.0000	</row1>
					<row2>	0.8566 0.0000 -0.5160 0.0000	</row2>
					<row3>	0.0537 0.4819 0.5011 1.0000	</row3>
				</transform>
			</node>
			<node>
				<identifier>	MP_AM2031_Turtle_INDEX_1	</identifier>
				<transform>
					<row0>	-0.5830 0.0000 -0.8125 0.0000	</row0>
					<row1>	0.0000 1.0000 0.0000 0.0000	</row1>
					<row2>	0.8125 0.0000 -0.5830 0.0000	</row2>
					<row3>	0.2365 0.4800 0.6742 1.0000	</row3>
				</transform>
			</node>
			<node>
				<identifier>	MP_AM2031_Turtle_INDEX_10	</identifier>
				<transform>
					<row0>	1.0000 -0.0084 0.0000 0.0000	</row0>
					<row1>	0.0084 0.9982 -0.0595 0.0000	</row1>
					<row2>	0.0005 0.0595 0.9982 0.0000	</row2>
					<row3>	-0.1115 0.5774 1.7580 1.0000	</row3>
				</transform>
			</node>
			<node>
				<identifier>	MP_AM2031_Turtle_INDEX_11	</identifier>
				<transform>
					<row0>	-1.0000 0.0000 0.0000 0.0000	</row0>
					<row1>	0.0000 1.0000 0.0000 0.0000	</row1>
					<row2>	0.0000 0.0000 -1.0000 0.0000	</row2>
					<row3>	-0.0009 0.8413 1.3100 1.0000	</row3>
				</transform>
			</node>
			<node>
				<identifier>	MP_AM2031_Turtle_INDEX_12	</identifier>
				<transform>
					<row0>	0.6381 0.0000 -0.7699 0.0000	</row0>
					<row1>	0.0000 1.0000 0.0000 0.0000	</row1>
					<row2>	0.7699 0.0000 0.6381 0.0000	</row2>
					<row3>	0.3685 0.5434 1.7883 1.0000	</row3>
				</transform>
			</node>
			<node>
				<identifier>	MP_AM2031_Turtle_INDEX_13	</identifier>
				<transform>
					<row0>	-1.0000 0.0000 0.0000 0.0000	</row0>
					<row1>	0.0000 1.0000 0.0000 0.0000	</row1>
					<row2>	0.0000 0.0000 -1.0000 0.0000	</row2>
					<row3>	0.0228 0.8727 1.3099 1.0000	</row3>
				</transform>
			</node>
			<node>
				<identifier>	MP_AM2031_Turtle_INDEX_14	</identifier>
				<transform>
					<row0>	-1.0000 0.0000 0.0000 0.0000	</row0>
					<row1>	0.0000 1.0000 0.0000 0.0000	</row1>
					<row2>	0.0000 0.0000 -1.0000 0.0000	</row2>
					<row3>	-0.0009 0.8052 1.3100 1.0000	</row3>
				</transform>
			</node>
			<node>
				<identifier>	MP_AM2031_Turtle_INDEX_15	</identifier>
				<transform>
					<row0>	-0.7832 0.0000 -0.6218 0.0000	</row0>
					<row1>	0.0000 1.0000 0.0000 0.0000	</row1>
					<row2>	0.6218 0.0000 -0.7832 0.0000	</row2>
					<row3>	0.3466 0.5511 1.7427 1.0000	</row3>
				</transform>
			</node>
			<node>
				<identifier>	MP_AM2031_Turtle_INDEX_16	</identifier>
				<transform>
					<row0>	-0.7699 0.0000 -0.6381 0.0000	</row0>
					<row1>	0.0000 1.0000 0.0000 0.0000	</row1>
					<row2>	0.6381 0.0000 -0.7699 0.0000	</row2>
					<row3>	0.3691 0.5511 1.7608 1.0000	</row3>
				</transform>
			</node>
			<node>
				<identifier>	MP_AM2031_Turtle_INDEX_17	</identifier>
				<transform>
					<row0>	-0.7739 0.0000 0.6333 0.0000	</row0>
					<row1>	0.0000 1.0000 0.0000 0.0000	</row1>
					<row2>	-0.6333 0.0000 -0.7739 0.0000	</row2>
					<row3>	0.2969 0.6368 1.6525 1.0000	</row3>
				</transform>
			</node>
			<node>
				<identifier>	MP_AM2031_Turtle_INDEX_18	</identifier>
				<transform>
					<row0>	-0.7739 0.0000 -0.6333 0.0000	</row0>
					<row1>	0.0000 1.0000 0.0000 0.0000	</row1>
					<row2>	0.6333 0.0000 -0.7739 0.0000	</row2>
					<row3>	-0.2698 0.6839 1.6748 1.0000	</row3>
				</transform>
			</node>
			<node>
				<identifier>	MP_AM2031_Turtle_INDEX_19	</identifier>
				<transform>
					<row0>	-0.7739 0.0000 0.6333 0.0000	</row0>
					<row1>	0.0000 1.0000 0.0000 0.0000	</row1>
					<row2>	-0.6333 0.0000 -0.7739 0.0000	</row2>
					<row3>	0.2969 0.6839 1.6525 1.0000	</row3>
				</transform>
			</node>
			<node>
				<identifier>	MP_AM2031_Turtle_INDEX_2	</identifier>
				<transform>
					<row0>	-0.5160 0.0000 -0.8566 0.0000	</row0>
					<row1>	0.0000 1.0000 0.0000 0.0000	</row1>
					<row2>	0.8566 0.0000 -0.5160 0.0000	</row2>
					<row3>	0.0537 0.4599 0.5011 1.0000	</row3>
				</transform>
			</node>
			<node>
				<identifier>	MP_AM2031_Turtle_INDEX_20	</identifier>
				<transform>
					<row0>	-0.7739 0.0000 0.6333 0.0000	</row0>
					<row1>	0.0000 1.0000 0.0000 0.0000	</row1>
					<row2>	-0.6333 0.0000 -0.7739 0.0000	</row2>
					<row3>	0.3835 0.6838 1.5805 1.0000	</row3>
				</transform>
			</node>
			<node>
				<identifier>	MP_AM2031_Turtle_INDEX_21	</identifier>
				<transform>
					<row0>	-0.7739 0.0000 -0.6333 0.0000	</row0>
					<row1>	0.0000 1.0000 0.0000 0.0000	</row1>
					<row2>	0.6333 0.0000 -0.7739 0.0000	</row2>
					<row3>	-0.3835 0.6838 1.5805 1.0000	</row3>
				</transform>
			</node>
			<node>
				<identifier>	MP_AM2031_Turtle_INDEX_22	</identifier>
				<transform>
					<row0>	-0.7739 0.0000 -0.6333 0.0000	</row0>
					<row1>	0.0000 1.0000 0.0000 0.0000	</row1>
					<row2>	0.6333 0.0000 -0.7739 0.0000	</row2>
					<row3>	-0.2969 0.6839 1.6525 1.0000	</row3>
				</transform>
			</node>
			<node>
				<identifier>	MP_AM2031_Turtle_INDEX_23	</identifier>
				<transform>
					<row0>	-0.7739 0.0000 0.6333 0.0000	</row0>
					<row1>	0.0000 1.0000 0.0000 0.0000	</row1>
					<row2>	-0.6333 0.0000 -0.7739 0.0000	</row2>
					<row3>	0.2693 0.6839 1.6755 1.0000	</row3>
				</transform>
			</node>
			<node>
				<identifier>	MP_AM2031_Turtle_INDEX_24	</identifier>
				<transform>
					<row0>	-0.7739 0.0000 -0.6333 0.0000	</row0>
					<row1>	0.0000 1.0000 0.0000 0.0000	</row1>
					<row2>	0.6333 0.0000 -0.7739 0.0000	</row2>
					<row3>	-0.2969 0.6368 1.6525 1.0000	</row3>
				</transform>
			</node>
			<node>
				<identifier>	MP_AM2031_Turtle_INDEX_3	</identifier>
				<transform>
					<row0>	-0.5830 0.0000 -0.8125 0.0000	</row0>
					<row1>	0.0000 1.0000 0.0000 0.0000	</row1>
					<row2>	0.8125 0.0000 -0.5830 0.0000	</row2>
					<row3>	0.2367 0.4586 0.6746 1.0000	</row3>
				</transform>
			</node>
			<node>
				<identifier>	MP_AM2031_Turtle_INDEX_4	</identifier>
				<transform>
					<row0>	-0.9994 -0.0084 0.0336 0.0000	</row0>
					<row1>	-0.0064 0.9982 0.0597 0.0000	</row1>
					<row2>	-0.0341 0.0595 -0.9976 0.0000	</row2>
					<row3>	-0.1964 0.5006 0.6597 1.0000	</row3>
				</transform>
			</node>
			<node>
				<identifier>	MP_AM2031_Turtle_INDEX_5	</identifier>
				<transform>
					<row0>	-0.9994 -0.0084 0.0336 0.0000	</row0>
					<row1>	-0.0064 0.9982 0.0597 0.0000	</row1>
					<row2>	-0.0341 0.0595 -0.9976 0.0000	</row2>
					<row3>	-0.1663 0.5006 0.6597 1.0000	</row3>
				</transform>
			</node>
			<node>
				<identifier>	MP_AM2031_Turtle_INDEX_6	</identifier>
				<transform>
					<row0>	-1.0000 0.0000 0.0000 0.0000	</row0>
					<row1>	0.0000 1.0000 0.0000 0.0000	</row1>
					<row2>	0.0000 0.0000 -1.0000 0.0000	</row2>
					<row3>	0.0444 0.8727 1.3099 1.0000	</row3>
				</transform>
			</node>
			<node>
				<identifier>	MP_AM2031_Turtle_INDEX_7	</identifier>
				<transform>
					<row0>	-1.0000 0.0000 0.0000 0.0000	</row0>
					<row1>	0.0000 1.0000 0.0000 0.0000	</row1>
					<row2>	0.0000 0.0000 -1.0000 0.0000	</row2>
					<row3>	0.0228 0.8052 1.3100 1.0000	</row3>
				</transform>
			</node>
			<node>
				<identifier>	MP_AM2031_Turtle_INDEX_8	</identifier>
				<transform>
					<row0>	-1.0000 0.0000 0.0000 0.0000	</row0>
					<row1>	0.0000 1.0000 0.0000 0.0000	</row1>
					<row2>	0.0000 0.0000 -1.0000 0.0000	</row2>
					<row3>	-0.0009 0.8727 1.3099 1.0000	</row3>
				</transform>
			</node>
			<node>
				<identifier>	MP_AM2031_Turtle_INDEX_9	</identifier>
				<transform>
					<row0>	-1.0000 0.0000 0.0000 0.0000	</row0>
					<row1>	0.0000 1.0000 0.0000 0.0000	</row1>
					<row2>	0.0000 0.0000 -1.0000 0.0000	</row2>
					<row3>	0.0230 0.8413 1.3100 1.0000	</row3>
				</transform>
			</node>
			<node>
				<identifier>	MP_AM317_Running_Lights_F	</identifier>
				<transform>
					<row0>	1.0000 0.0000 0.0000 0.0000	</row0>
					<row1>	0.0000 1.0000 0.0000 0.0000	</row1>
					<row2>	0.0000 0.0000 1.0000 0.0000	</row2>
					<row3>	0.0000 1.5356 1.2457 1.0000	</row3>
				</transform>
			</node>
			<node>
				<identifier>	MP_AM317_Running_Lights_F_INDEX_1	</identifier>
				<transform>
					<row0>	1.0000 0.0000 0.0000 0.0000	</row0>
					<row1>	0.0000 1.0000 0.0000 0.0000	</row1>
					<row2>	0.0000 0.0000 1.0000 0.0000	</row2>
					<row3>	0.0000 1.9808 0.8109 1.0000	</row3>
				</transform>
			</node>
			<node>
				<identifier>	MP_AM344_Running_Lights_R	</identifier>
				<transform>
					<row0>	1.0000 0.0000 0.0000 0.0000	</row0>
					<row1>	0.0000 1.0000 0.0000 0.0000	</row1>
					<row2>	0.0000 0.0000 1.0000 0.0000	</row2>
					<row3>	0.3826 0.6164 1.4834 1.0000	</row3>
				</transform>
			</node>
			<node>
				<identifier>	MP_AM345_Runnng_Lights_L	</identifier>
				<transform>
					<row0>	1.0000 0.0000 0.0000 0.0000	</row0>
					<row1>	0.0000 1.0000 0.0000 0.0000	</row1>
					<row2>	0.0000 0.0000 1.0000 0.0000	</row2>
					<row3>	-0.3825 0.6164 1.4837 1.0000	</row3>
				</transform>
			</node>
			<node>
				<identifier>	MP_AM447_Seat	</identifier>
				<transform>
					<row0>	0.7160 0.0000 0.6981 0.0000	</row0>
					<row1>	0.0000 1.0000 0.0000 0.0000	</row1>
