<BSS005_Sturdy_1943_MidBack_ports.visual>
	<node>
		<identifier>	Scene Root	</identifier>
		<transform>
			<row0>	1.0000 0.0000 0.0000 0.0000	</row0>
			<row1>	0.0000 1.0000 0.0000 0.0000	</row1>
			<row2>	0.0000 0.0000 1.0000 0.0000	</row2>
			<row3>	0.0000 0.0000 0.0000 1.0000	</row3>
		</transform>
		<node>
			<identifier>	MidBack_ports	</identifier>
			<transform>
				<row0>	1.0000 0.0000 0.0000 0.0000	</row0>
				<row1>	0.0000 1.0000 0.0000 0.0000	</row1>
				<row2>	0.0000 0.0000 1.0000 0.0000	</row2>
				<row3>	0.0000 0.0000 0.0000 1.0000	</row3>
			</transform>
			<node>
				<identifier>	HP_FX_Fire_2	</identifier>
				<transform>
					<row0>	1.0000 0.0000 0.0000 0.0000	</row0>
					<row1>	0.0000 1.0000 0.0000 0.0000	</row1>
					<row2>	0.0000 0.0000 1.0000 0.0000	</row2>
					<row3>	0.0000 0.2533 -0.1723 1.0000	</row3>
				</transform>
			</node>
			<node>
				<identifier>	HP_FX_Runoff_deluge_left_6	</identifier>
				<transform>
					<row0>	-0.9916 -0.0007 -0.1293 0.0000	</row0>
					<row1>	-0.0036 0.9997 0.0222 0.0000	</row1>
					<row2>	0.1293 0.0225 -0.9913 0.0000	</row2>
					<row3>	-0.0708 0.0579 -0.1299 1.0000	</row3>
				</transform>
			</node>
			<node>
				<identifier>	HP_FX_Runoff_deluge_left_7	</identifier>
				<transform>
					<row0>	-0.9953 -0.0882 -0.0398 0.0000	</row0>
					<row1>	-0.0891 0.9958 0.0195 0.0000	</row1>
					<row2>	0.0379 0.0230 -0.9990 0.0000	</row2>
					<row3>	-0.0512 0.0587 -0.3820 1.0000	</row3>
				</transform>
			</node>
			<node>
				<identifier>	HP_FX_Runoff_deluge_left_8	</identifier>
				<transform>
					<row0>	-0.9961 -0.0882 -0.0057 0.0000	</row0>
					<row1>	-0.0884 0.9958 0.0225 0.0000	</row1>
					<row2>	0.0036 0.0230 -0.9997 0.0000	</row2>
					<row3>	-0.0510 0.0582 -0.7949 1.0000	</row3>
				</transform>
			</node>
			<node>
				<identifier>	HP_FX_Runoff_deluge_left_9	</identifier>
				<transform>
					<row0>	-0.9961 -0.0882 -0.0057 0.0000	</row0>
					<row1>	-0.0884 0.9958 0.0225 0.0000	</row1>
					<row2>	0.0036 0.0230 -0.9997 0.0000	</row2>
					<row3>	-0.0505 0.0574 -1.0417 1.0000	</row3>
				</transform>
			</node>
			<node>
				<identifier>	HP_FX_Runoff_deluge_right_7	</identifier>
				<transform>
					<row0>	0.9961 -0.0881 -0.0042 0.0000	</row0>
					<row1>	0.0882 0.9960 0.0115 0.0000	</row1>
					<row2>	0.0032 -0.0117 0.9999 0.0000	</row2>
					<row3>	0.0512 0.0569 -0.4520 1.0000	</row3>
				</transform>
			</node>
			<node>
				<identifier>	HP_FX_Runoff_deluge_right_8	</identifier>
				<transform>
					<row0>	0.9960 -0.0882 -0.0106 0.0000	</row0>
					<row1>	0.0880 0.9958 -0.0240 0.0000	</row1>
					<row2>	0.0127 0.0230 0.9996 0.0000	</row2>
					<row3>	0.0511 0.0569 -0.7240 1.0000	</row3>
				</transform>
			</node>
			<node>
				<identifier>	HP_FX_Runoff_deluge_right_9	</identifier>
				<transform>
					<row0>	0.9961 -0.0882 -0.0090 0.0000	</row0>
					<row1>	0.0881 0.9960 -0.0144 0.0000	</row1>
					<row2>	0.0102 0.0136 0.9998 0.0000	</row2>
					<row3>	0.0505 0.0550 -1.0423 1.0000	</row3>
				</transform>
			</node>
			<node>
				<identifier>	HP_FX_Runoff_left_2	</identifier>
				<transform>
					<row0>	-0.9542 0.2991 -0.0085 0.0000	</row0>
					<row1>	0.2990 0.9542 0.0133 0.0000	</row1>
					<row2>	0.0121 0.0101 -0.9999 0.0000	</row2>
					<row3>	-0.0530 0.1119 -0.8566 1.0000	</row3>
				</transform>
			</node>
			<node>
				<identifier>	HP_FX_Runoff_right_2	</identifier>
				<transform>
					<row0>	0.9597 0.2806 -0.0180 0.0000	</row0>
					<row1>	-0.2803 0.9597 0.0190 0.0000	</row1>
					<row2>	0.0226 -0.0132 0.9997 0.0000	</row2>
					<row3>	0.0530 0.1119 -0.8566 1.0000	</row3>
				</transform>
			</node>
			<node>
				<identifier>	HP_FX_Runoff_tower_left_1	</identifier>
				<transform>
					<row0>	-0.9861 0.0000 -0.1662 0.0000	</row0>
					<row1>	0.0000 1.0000 0.0000 0.0000	</row1>
					<row2>	0.1662 0.0000 -0.9861 0.0000	</row2>
					<row3>	-0.0673 0.2803 -0.1678 1.0000	</row3>
				</transform>
			</node>
			<node>
				<identifier>	HP_FX_Runoff_tower_right_1	</identifier>
				<transform>
					<row0>	-0.9834 0.0000 0.1816 0.0000	</row0>
					<row1>	0.0000 1.0000 0.0000 0.0000	</row1>
					<row2>	-0.1816 0.0000 -0.9834 0.0000	</row2>
					<row3>	0.0686 0.2803 -0.1593 1.0000	</row3>
				</transform>
			</node>
			<node>
				<identifier>	HP_FX_Runoff_up_left_3	</identifier>
				<transform>
					<row0>	-1.0000 0.0000 -0.0005 0.0000	</row0>
					<row1>	0.0000 1.0000 -0.0025 0.0000	</row1>
					<row2>	0.0005 -0.0025 -1.0000 0.0000	</row2>
					<row3>	-0.0520 0.1229 -0.7206 1.0000	</row3>
				</transform>
			</node>
			<node>
				<identifier>	HP_FX_Runoff_up_right_3	</identifier>
				<transform>
					<row0>	1.0000 0.0000 -0.0005 0.0000	</row0>
					<row1>	0.0000 1.0000 -0.0087 0.0000	</row1>
					<row2>	0.0005 0.0087 1.0000 0.0000	</row2>
					<row3>	0.0520 0.1229 -0.7206 1.0000	</row3>
				</transform>
			</node>
			<node>
				<identifier>	HP_FX_WakeTrace_periscope_1	</identifier>
				<transform>
					<row0>	1.0000 0.0000 0.0000 0.0000	</row0>
					<row1>	0.0000 1.0000 0.0000 0.0000	</row1>
					<row2>	0.0000 0.0000 1.0000 0.0000	</row2>
					<row3>	-0.0108 0.3157 -0.1875 1.0000	</row3>
				</transform>
			</node>
			<node>
				<identifier>	HP_Ship_death_2	</identifier>
				<transform>
					<row0>	1.0000 0.0000 0.0000 0.0000	</row0>
					<row1>	0.0000 1.0000 0.0000 0.0000	</row1>
					<row2>	0.0000 0.0000 1.0000 0.0000	</row2>
					<row3>	0.0000 0.0000 -0.1159 1.0000	</row3>
				</transform>
			</node>
		</node>
	</node>
	<boundingBox>
		<min>	-0.0667 -0.0667 -0.0667	</min>
		<max>	0.0667 0.0667 0.0667	</max>
	</boundingBox>
</BSS005_Sturdy_1943_MidBack_ports.visual>
