<ASD048_Fletcher_1945_MidFront_ports.visual>
	<node>
		<identifier>	Scene Root	</identifier>
		<transform>
			<row0>	1.0000 0.0000 0.0000 0.0000	</row0>
			<row1>	0.0000 1.0000 0.0000 0.0000	</row1>
			<row2>	0.0000 0.0000 1.0000 0.0000	</row2>
			<row3>	0.0000 0.0000 0.0000 1.0000	</row3>
		</transform>
		<node>
			<identifier>	MidFront_ports	</identifier>
			<transform>
				<row0>	1.0000 0.0000 0.0000 0.0000	</row0>
				<row1>	0.0000 1.0000 0.0000 0.0000	</row1>
				<row2>	0.0000 0.0000 1.0000 0.0000	</row2>
				<row3>	0.0000 0.0000 0.0000 1.0000	</row3>
			</transform>
			<node>
				<identifier>	HP_AD_1	</identifier>
				<transform>
					<row0>	0.7071 0.0000 0.7071 0.0000	</row0>
					<row1>	0.0000 1.0000 0.0000 0.0000	</row1>
					<row2>	-0.7071 0.0000 0.7071 0.0000	</row2>
					<row3>	-0.1000 0.7663 1.6096 1.0000	</row3>
				</transform>
			</node>
			<node>
				<identifier>	HP_AD_2	</identifier>
				<transform>
					<row0>	0.7071 0.0000 -0.7071 0.0000	</row0>
					<row1>	0.0000 1.0000 0.0000 0.0000	</row1>
					<row2>	0.7071 0.0000 0.7071 0.0000	</row2>
					<row3>	0.1000 0.7663 1.6096 1.0000	</row3>
				</transform>
			</node>
			<node>
				<identifier>	HP_AD_3	</identifier>
				<transform>
					<row0>	1.0000 0.0000 0.0000 0.0000	</row0>
					<row1>	0.0000 1.0000 0.0000 0.0000	</row1>
					<row2>	0.0000 0.0000 1.0000 0.0000	</row2>
					<row3>	0.0000 0.8947 1.3583 1.0000	</row3>
				</transform>
			</node>
			<node>
				<identifier>	HP_AD_4	</identifier>
				<transform>
					<row0>	0.0000 0.0000 1.0000 0.0000	</row0>
					<row1>	0.0000 1.0000 0.0000 0.0000	</row1>
					<row2>	-1.0000 0.0000 0.0000 0.0000	</row2>
					<row3>	-0.2798 0.6236 1.1706 1.0000	</row3>
				</transform>
			</node>
			<node>
				<identifier>	HP_AD_5	</identifier>
				<transform>
					<row0>	0.0000 0.0000 -1.0000 0.0000	</row0>
					<row1>	0.0000 1.0000 0.0000 0.0000	</row1>
					<row2>	1.0000 0.0000 0.0000 0.0000	</row2>
					<row3>	0.2798 0.6236 1.1706 1.0000	</row3>
				</transform>
			</node>
			<node>
				<identifier>	HP_AD_6	</identifier>
				<transform>
					<row0>	0.0000 0.0000 1.0000 0.0000	</row0>
					<row1>	0.0000 1.0000 0.0000 0.0000	</row1>
					<row2>	-1.0000 0.0000 0.0000 0.0000	</row2>
					<row3>	-0.1923 0.6070 -0.2052 1.0000	</row3>
				</transform>
			</node>
			<node>
				<identifier>	HP_AD_7	</identifier>
				<transform>
					<row0>	0.0000 0.0000 -1.0000 0.0000	</row0>
					<row1>	0.0000 1.0000 0.0000 0.0000	</row1>
					<row2>	1.0000 0.0000 0.0000 0.0000	</row2>
					<row3>	0.1923 0.6070 -0.2052 1.0000	</row3>
				</transform>
			</node>
			<node>
				<identifier>	HP_AGA_1	</identifier>
				<transform>
					<row0>	0.7071 0.0000 0.7071 0.0000	</row0>
					<row1>	0.0000 1.0000 0.0000 0.0000	</row1>
					<row2>	-0.7071 0.0000 0.7071 0.0000	</row2>
					<row3>	-0.2048 0.4442 1.7327 1.0000	</row3>
				</transform>
			</node>
			<node>
				<identifier>	HP_AGA_2	</identifier>
				<transform>
					<row0>	0.7071 0.0000 -0.7071 0.0000	</row0>
					<row1>	0.0000 1.0000 0.0000 0.0000	</row1>
					<row2>	0.7071 0.0000 0.7071 0.0000	</row2>
					<row3>	0.2048 0.4442 1.7327 1.0000	</row3>
				</transform>
			</node>
			<node>
				<identifier>	HP_AGA_3	</identifier>
				<transform>
					<row0>	0.0000 0.0000 1.0000 0.0000	</row0>
					<row1>	0.0000 1.0000 0.0000 0.0000	</row1>
					<row2>	-1.0000 0.0000 0.0000 0.0000	</row2>
					<row3>	-0.2963 0.3648 -0.3131 1.0000	</row3>
				</transform>
			</node>
			<node>
				<identifier>	HP_AGA_4	</identifier>
				<transform>
					<row0>	0.0000 0.0000 -1.0000 0.0000	</row0>
					<row1>	0.0000 1.0000 0.0000 0.0000	</row1>
					<row2>	1.0000 0.0000 0.0000 0.0000	</row2>
					<row3>	0.2963 0.3648 -0.3131 1.0000	</row3>
				</transform>
			</node>
			<node>
				<identifier>	HP_AGA_5	</identifier>
				<transform>
					<row0>	0.0000 0.0000 1.0000 0.0000	</row0>
					<row1>	0.0000 1.0000 0.0000 0.0000	</row1>
					<row2>	-1.0000 0.0000 0.0000 0.0000	</row2>
					<row3>	-0.2905 0.1886 -0.7453 1.0000	</row3>
				</transform>
			</node>
			<node>
				<identifier>	HP_AGA_6	</identifier>
				<transform>
					<row0>	0.0000 0.0000 -1.0000 0.0000	</row0>
					<row1>	0.0000 1.0000 0.0000 0.0000	</row1>
					<row2>	1.0000 0.0000 0.0000 0.0000	</row2>
					<row3>	0.2905 0.1886 -0.7453 1.0000	</row3>
				</transform>
			</node>
			<node>
				<identifier>	HP_AGA_7	</identifier>
				<transform>
					<row0>	0.0000 0.0000 1.0000 0.0000	</row0>
					<row1>	0.0000 1.0000 0.0000 0.0000	</row1>
					<row2>	-1.0000 0.0000 0.0000 0.0000	</row2>
					<row3>	-0.2905 0.1849 -0.9079 1.0000	</row3>
				</transform>
			</node>
			<node>
				<identifier>	HP_AGA_8	</identifier>
				<transform>
					<row0>	0.0000 0.0000 -1.0000 0.0000	</row0>
					<row1>	0.0000 1.0000 0.0000 0.0000	</row1>
					<row2>	1.0000 0.0000 0.0000 0.0000	</row2>
					<row3>	0.2905 0.1849 -0.9079 1.0000	</row3>
				</transform>
			</node>
			<node>
				<identifier>	HP_AGM_1	</identifier>
				<transform>
					<row0>	1.0000 0.0000 0.0000 0.0000	</row0>
					<row1>	0.0000 1.0000 0.0000 0.0000	</row1>
					<row2>	0.0000 0.0000 1.0000 0.0000	</row2>
					<row3>	0.0000 0.3590 2.5975 1.0000	</row3>
				</transform>
			</node>
			<node>
				<identifier>	HP_AGM_2	</identifier>
				<transform>
					<row0>	1.0000 0.0000 0.0000 0.0000	</row0>
					<row1>	0.0000 1.0000 0.0000 0.0000	</row1>
					<row2>	0.0000 0.0000 1.0000 0.0000	</row2>
					<row3>	0.0000 0.4859 2.1196 1.0000	</row3>
				</transform>
			</node>
			<node>
				<identifier>	HP_AGT_1	</identifier>
				<transform>
					<row0>	1.0000 0.0000 0.0000 0.0000	</row0>
					<row1>	0.0000 1.0000 0.0000 0.0000	</row1>
					<row2>	0.0000 0.0000 1.0000 0.0000	</row2>
					<row3>	0.0000 0.3874 0.1654 1.0000	</row3>
				</transform>
			</node>
			<node>
				<identifier>	HP_AGT_2	</identifier>
				<transform>
					<row0>	1.0000 0.0000 0.0000 0.0000	</row0>
					<row1>	0.0000 1.0000 0.0000 0.0000	</row1>
					<row2>	0.0000 0.0000 1.0000 0.0000	</row2>
					<row3>	0.0016 0.3682 -0.7130 1.0000	</row3>
				</transform>
			</node>
			<node>
				<identifier>	HP_ARS_1	</identifier>
				<transform>
					<row0>	1.0000 0.0000 0.0000 0.0000	</row0>
					<row1>	0.0000 1.0000 0.0000 0.0000	</row1>
					<row2>	0.0000 0.0000 1.0000 0.0000	</row2>
					<row3>	0.0000 1.1867 1.1459 1.0000	</row3>
				</transform>
			</node>
			<node>
				<identifier>	HP_ARS_2	</identifier>
				<transform>
					<row0>	1.0000 0.0000 0.0000 0.0000	</row0>
					<row1>	0.0000 1.0000 0.0000 0.0000	</row1>
					<row2>	0.0000 0.0000 1.0000 0.0000	</row2>
					<row3>	0.0000 1.5222 1.0494 1.0000	</row3>
				</transform>
			</node>
			<node>
				<identifier>	HP_ARS_3	</identifier>
				<transform>
					<row0>	1.0000 0.0000 0.0000 0.0000	</row0>
					<row1>	0.0000 1.0000 0.0000 0.0000	</row1>
					<row2>	0.0000 0.0000 1.0000 0.0000	</row2>
					<row3>	0.0000 1.6214 0.9703 1.0000	</row3>
				</transform>
			</node>
			<node>
				<identifier>	HP_FX_Death_1	</identifier>
				<transform>
					<row0>	1.0000 0.0000 0.0000 0.0000	</row0>
					<row1>	0.0000 1.0000 0.0000 0.0000	</row1>
					<row2>	0.0000 0.0000 1.0000 0.0000	</row2>
					<row3>	0.0000 0.0000 2.1974 1.0000	</row3>
				</transform>
			</node>
			<node>
				<identifier>	HP_FX_Death_2	</identifier>
				<transform>
					<row0>	1.0000 0.0000 0.0000 0.0000	</row0>
					<row1>	0.0000 1.0000 0.0000 0.0000	</row1>
					<row2>	0.0000 0.0000 1.0000 0.0000	</row2>
					<row3>	0.0000 0.0000 0.1014 1.0000	</row3>
				</transform>
			</node>
			<node>
				<identifier>	HP_FX_Fire_2	</identifier>
				<transform>
					<row0>	1.0000 0.0000 0.0000 0.0000	</row0>
					<row1>	0.0000 1.0000 0.0000 0.0000	</row1>
					<row2>	0.0000 0.0000 1.0000 0.0000	</row2>
					<row3>	0.0000 0.4066 1.0148 1.0000	</row3>
				</transform>
			</node>
			<node>
				<identifier>	HP_FX_Fire_2_side_1	</identifier>
				<transform>
					<row0>	1.0000 0.0000 0.0000 0.0000	</row0>
					<row1>	0.0000 1.0000 0.0000 0.0000	</row1>
					<row2>	0.0000 0.0000 1.0000 0.0000	</row2>
					<row3>	-0.3305 0.4108 -0.2950 1.0000	</row3>
				</transform>
			</node>
			<node>
				<identifier>	HP_FX_Fire_2_side_2	</identifier>
				<transform>
					<row0>	1.0000 0.0000 0.0000 0.0000	</row0>
					<row1>	0.0000 1.0000 0.0000 0.0000	</row1>
					<row2>	0.0000 0.0000 1.0000 0.0000	</row2>
					<row3>	0.2203 0.4652 1.7391 1.0000	</row3>
				</transform>
			</node>
			<node>
				<identifier>	HP_FX_FloodLight_left_1	</identifier>
				<transform>
					<row0>	-1.0000 0.0000 0.0000 0.0000	</row0>
					<row1>	0.0000 1.0000 0.0000 0.0000	</row1>
					<row2>	0.0000 0.0000 -1.0000 0.0000	</row2>
					<row3>	-0.2589 0.4048 1.3391 1.0000	</row3>
				</transform>
			</node>
			<node>
				<identifier>	HP_FX_FloodLight_right_1	</identifier>
				<transform>
					<row0>	1.0000 0.0000 0.0000 0.0000	</row0>
					<row1>	0.0000 1.0000 0.0000 0.0000	</row1>
					<row2>	0.0000 0.0000 1.0000 0.0000	</row2>
					<row3>	0.2562 0.4045 1.3383 1.0000	</row3>
				</transform>
			</node>
			<node>
				<identifier>	HP_FX_Flood_steam_1	</identifier>
				<transform>
					<row0>	1.0000 0.0000 0.0000 0.0000	</row0>
					<row1>	0.0000 0.4093 -0.9124 0.0000	</row1>
					<row2>	0.0000 0.9124 0.4093 0.0000	</row2>
					<row3>	0.0017 0.7302 -0.4462 1.0000	</row3>
				</transform>
			</node>
			<node>
				<identifier>	HP_FX_Flood_steam_2	</identifier>
				<transform>
					<row0>	1.0000 0.0000 0.0000 0.0000	</row0>
					<row1>	0.0000 0.6232 -0.7821 0.0000	</row1>
					<row2>	0.0000 0.7821 0.6232 0.0000	</row2>
					<row3>	0.0000 0.8047 0.4832 1.0000	</row3>
				</transform>
			</node>
			<node>
				<identifier>	HP_FX_Flood_steam_left	</identifier>
				<transform>
					<row0>	-1.0000 0.0000 0.0000 0.0000	</row0>
					<row1>	0.0000 1.0000 0.0000 0.0000	</row1>
					<row2>	0.0000 0.0000 -1.0000 0.0000	</row2>
					<row3>	-0.2132 0.3698 2.0000 1.0000	</row3>
				</transform>
			</node>
			<node>
				<identifier>	HP_FX_Flood_water_left_2	</identifier>
				<transform>
					<row0>	-0.9977 0.0000 0.0671 0.0000	</row0>
					<row1>	0.0000 1.0000 0.0000 0.0000	</row1>
					<row2>	-0.0671 0.0000 -0.9977 0.0000	</row2>
					<row3>	-0.3904 0.0633 0.3755 1.0000	</row3>
				</transform>
			</node>
			<node>
				<identifier>	HP_FX_Flood_water_right	</identifier>
				<transform>
					<row0>	1.0000 0.0000 0.0000 0.0000	</row0>
					<row1>	0.0000 1.0000 0.0000 0.0000	</row1>
					<row2>	0.0000 0.0000 1.0000 0.0000	</row2>
					<row3>	0.3906 0.0664 0.3753 1.0000	</row3>
				</transform>
			</node>
			<node>
				<identifier>	HP_FX_Smoke_1	</identifier>
				<transform>
					<row0>	1.0000 0.0000 0.0000 0.0000	</row0>
					<row1>	0.0000 0.9134 -0.4071 0.0000	</row1>
					<row2>	0.0000 0.4071 0.9134 0.0000	</row2>
					<row3>	0.0537 0.8898 0.5866 1.0000	</row3>
				</transform>
			</node>
			<node>
				<identifier>	HP_FX_Smoke_2	</identifier>
				<transform>
					<row0>	1.0000 0.0000 0.0000 0.0000	</row0>
					<row1>	0.0000 0.9299 -0.3679 0.0000	</row1>
					<row2>	0.0000 0.3679 0.9299 0.0000	</row2>
					<row3>	0.0000 0.8155 -0.3413 1.0000	</row3>
				</transform>
			</node>
			<node>
				<identifier>	HP_flag_1	</identifier>
				<transform>
					<row0>	0.9998 -0.0219 0.0017 0.0000	</row0>
					<row1>	0.0219 0.9873 -0.1573 0.0000	</row1>
					<row2>	0.0017 0.1573 0.9875 0.0000	</row2>
					<row3>	0.1551 1.4158 0.9741 1.0000	</row3>
				</transform>
			</node>
			<node>
				<identifier>	HP_flag_2	</identifier>
				<transform>
					<row0>	0.9998 0.0219 -0.0017 0.0000	</row0>
					<row1>	-0.0219 0.9873 -0.1573 0.0000	</row1>
					<row2>	-0.0017 0.1573 0.9875 0.0000	</row2>
					<row3>	-0.1551 1.4158 0.9741 1.0000	</row3>
				</transform>
			</node>
			<node>
				<identifier>	HP_flag_3	</identifier>
				<transform>
					<row0>	1.0000 0.0005 0.0000 0.0000	</row0>
					<row1>	-0.0005 0.9964 -0.0853 0.0000	</row1>
					<row2>	0.0000 0.0853 0.9964 0.0000	</row2>
					<row3>	0.0767 1.4157 0.9737 1.0000	</row3>
				</transform>
			</node>
			<node>
				<identifier>	HP_flag_4	</identifier>
				<transform>
					<row0>	1.0000 -0.0005 0.0000 0.0000	</row0>
					<row1>	0.0005 0.9969 -0.0782 0.0000	</row1>
					<row2>	0.0000 0.0782 0.9969 0.0000	</row2>
					<row3>	-0.0767 1.4157 0.9736 1.0000	</row3>
				</transform>
			</node>
			<node>
				<identifier>	HP_flag_courtesy	</identifier>
				<transform>
					<row0>	0.9999 -0.0149 0.0012 0.0000	</row0>
					<row1>	0.0149 0.9874 -0.1575 0.0000	</row1>
					<row2>	0.0012 0.1575 0.9875 0.0000	</row2>
					<row3>	0.2152 1.4159 0.9741 1.0000	</row3>
				</transform>
			</node>
			<node>
				<identifier>	HP_flag_house	</identifier>
				<transform>
					<row0>	0.9999 0.0149 -0.0012 0.0000	</row0>
					<row1>	-0.0149 0.9874 -0.1575 0.0000	</row1>
					<row2>	-0.0012 0.1575 0.9875 0.0000	</row2>
					<row3>	-0.2152 1.4159 0.9741 1.0000	</row3>
				</transform>
			</node>
			<node>
				<identifier>	HP_flag_nation	</identifier>
				<transform>
					<row0>	0.9998 -0.0187 0.0011 0.0000	</row0>
					<row1>	0.0187 0.9933 -0.1141 0.0000	</row1>
					<row2>	0.0011 0.1141 0.9935 0.0000	</row2>
					<row3>	-0.0030 1.5216 0.9306 1.0000	</row3>
				</transform>
			</node>
			<node>
				<identifier>	HP_flag_rank	</identifier>
				<transform>
					<row0>	0.9998 -0.0187 0.0011 0.0000	</row0>
					<row1>	0.0187 0.9933 -0.1141 0.0000	</row1>
					<row2>	0.0011 0.1141 0.9935 0.0000	</row2>
					<row3>	-0.0050 1.3892 0.9448 1.0000	</row3>
				</transform>
			</node>
			<node>
				<identifier>	MP_AM004_Fairlead_2	</identifier>
				<transform>
					<row0>	-0.1751 0.0558 0.9830 0.0000	</row0>
					<row1>	0.0061 0.9984 -0.0556 0.0000	</row1>
					<row2>	-0.9845 -0.0037 -0.1751 0.0000	</row2>
					<row3>	0.1679 0.3720 3.3264 1.0000	</row3>
				</transform>
			</node>
			<node>
				<identifier>	MP_AM004_Fairlead_2_INDEX_1	</identifier>
				<transform>
					<row0>	-0.0664 -0.0558 -0.9962 0.0000	</row0>
					<row1>	0.0000 0.9984 -0.0559 0.0000	</row1>
					<row2>	0.9978 -0.0037 -0.0663 0.0000	</row2>
					<row3>	-0.3047 0.3055 2.2021 1.0000	</row3>
				</transform>
			</node>
			<node>
				<identifier>	MP_AM004_Fairlead_2_INDEX_10	</identifier>
				<transform>
					<row0>	-0.3707 0.0558 0.9271 0.0000	</row0>
					<row1>	0.0173 0.9984 -0.0532 0.0000	</row1>
					<row2>	-0.9286 -0.0037 -0.3711 0.0000	</row2>
					<row3>	0.0599 0.3938 3.7423 1.0000	</row3>
				</transform>
			</node>
			<node>
				<identifier>	MP_AM004_Fairlead_2_INDEX_11	</identifier>
				<transform>
					<row0>	0.0000 0.0000 -1.0000 0.0000	</row0>
					<row1>	0.0000 1.0000 0.0000 0.0000	</row1>
					<row2>	1.0000 0.0000 0.0000 0.0000	</row2>
					<row3>	-0.3917 0.1908 -0.5232 1.0000	</row3>
				</transform>
			</node>
			<node>
				<identifier>	MP_AM004_Fairlead_2_INDEX_12	</identifier>
				<transform>
					<row0>	-0.0664 -0.0558 -0.9962 0.0000	</row0>
					<row1>	0.0000 0.9984 -0.0559 0.0000	</row1>
					<row2>	0.9978 -0.0037 -0.0663 0.0000	</row2>
					<row3>	-0.3253 0.2894 1.8933 1.0000	</row3>
				</transform>
			</node>
			<node>
				<identifier>	MP_AM004_Fairlead_2_INDEX_13	</identifier>
				<transform>
					<row0>	-0.0195 0.0000 -0.9998 0.0000	</row0>
					<row1>	0.0000 1.0000 0.0000 0.0000	</row1>
					<row2>	0.9998 0.0000 -0.0195 0.0000	</row2>
					<row3>	-0.3898 0.2052 0.0299 1.0000	</row3>
				</transform>
			</node>
			<node>
				<identifier>	MP_AM004_Fairlead_2_INDEX_2	</identifier>
				<transform>
					<row0>	0.0000 0.0000 1.0000 0.0000	</row0>
					<row1>	0.0000 1.0000 0.0000 0.0000	</row1>
					<row2>	-1.0000 0.0000 0.0000 0.0000	</row2>
					<row3>	0.3917 0.1908 -0.5232 1.0000	</row3>
				</transform>
			</node>
			<node>
				<identifier>	MP_AM004_Fairlead_2_INDEX_3	</identifier>
				<transform>
					<row0>	-0.1134 -0.0558 -0.9920 0.0000	</row0>
					<row1>	-0.0026 0.9984 -0.0558 0.0000	</row1>
					<row2>	0.9935 -0.0037 -0.1133 0.0000	</row2>
					<row3>	-0.2258 0.3508 2.9739 1.0000	</row3>
				</transform>
			</node>
			<node>
				<identifier>	MP_AM004_Fairlead_2_INDEX_4	</identifier>
				<transform>
					<row0>	-0.3707 -0.0558 -0.9271 0.0000	</row0>
					<row1>	-0.0173 0.9984 -0.0532 0.0000	</row1>
					<row2>	0.9286 -0.0037 -0.3711 0.0000	</row2>
					<row3>	-0.0599 0.3938 3.7423 1.0000	</row3>
				</transform>
			</node>
			<node>
				<identifier>	MP_AM004_Fairlead_2_INDEX_5	</identifier>
				<transform>
					<row0>	-0.0195 0.0000 0.9998 0.0000	</row0>
					<row1>	0.0000 1.0000 0.0000 0.0000	</row1>
					<row2>	-0.9998 0.0000 -0.0195 0.0000	</row2>
					<row3>	0.3898 0.2052 0.0299 1.0000	</row3>
				</transform>
			</node>
			<node>
				<identifier>	MP_AM004_Fairlead_2_INDEX_6	</identifier>
				<transform>
					<row0>	-0.0664 0.0558 0.9962 0.0000	</row0>
					<row1>	0.0000 0.9984 -0.0559 0.0000	</row1>
					<row2>	-0.9978 -0.0037 -0.0663 0.0000	</row2>
					<row3>	0.3253 0.2894 1.8933 1.0000	</row3>
				</transform>
			</node>
			<node>
				<identifier>	MP_AM004_Fairlead_2_INDEX_7	</identifier>
				<transform>
					<row0>	-0.0664 0.0558 0.9962 0.0000	</row0>
					<row1>	0.0000 0.9984 -0.0559 0.0000	</row1>
					<row2>	-0.9978 -0.0037 -0.0663 0.0000	</row2>
					<row3>	0.3047 0.3055 2.2021 1.0000	</row3>
				</transform>
			</node>
			<node>
				<identifier>	MP_AM004_Fairlead_2_INDEX_8	</identifier>
				<transform>
					<row0>	-0.1751 -0.0558 -0.9830 0.0000	</row0>
					<row1>	-0.0061 0.9984 -0.0556 0.0000	</row1>
					<row2>	0.9845 -0.0037 -0.1751 0.0000	</row2>
					<row3>	-0.1679 0.3720 3.3264 1.0000	</row3>
				</transform>
			</node>
			<node>
				<identifier>	MP_AM004_Fairlead_2_INDEX_9	</identifier>
				<transform>
					<row0>	-0.1134 0.0558 0.9920 0.0000	</row0>
					<row1>	0.0026 0.9984 -0.0558 0.0000	</row1>
					<row2>	-0.9935 -0.0037 -0.1133 0.0000	</row2>
					<row3>	0.2258 0.3508 2.9739 1.0000	</row3>
				</transform>
			</node>
			<node>
				<identifier>	MP_AM005_Bollard_1	</identifier>
				<transform>
					<row0>	0.7447 0.0227 -0.0004 0.0000	</row0>
					<row1>	-0.0227 0.7444 -0.0183 0.0000	</row1>
					<row2>	-0.0001 0.0183 0.7448 0.0000	</row2>
					<row3>	-0.3596 0.2042 -0.0121 1.0000	</row3>
				</transform>
			</node>
			<node>
				<identifier>	MP_AM005_Bollard_1_INDEX_1	</identifier>
				<transform>
					<row0>	0.7445 -0.0262 0.0005 0.0000	</row0>
					<row1>	0.0262 0.7444 -0.0132 0.0000	</row1>
					<row2>	0.0000 0.0132 0.7449 0.0000	</row2>
					<row3>	0.3596 0.1891 -0.5945 1.0000	</row3>
				</transform>
			</node>
			<node>
				<identifier>	MP_AM005_Bollard_1_INDEX_2	</identifier>
				<transform>
					<row0>	0.7445 0.0262 -0.0005 0.0000	</row0>
					<row1>	-0.0262 0.7444 -0.0132 0.0000	</row1>
					<row2>	0.0000 0.0132 0.7449 0.0000	</row2>
					<row3>	-0.3596 0.1891 -0.5945 1.0000	</row3>
				</transform>
			</node>
			<node>
				<identifier>	MP_AM005_Bollard_1_INDEX_3	</identifier>
				<transform>
					<row0>	0.7447 -0.0227 0.0004 0.0000	</row0>
					<row1>	0.0227 0.7444 -0.0183 0.0000	</row1>
					<row2>	0.0001 0.0183 0.7448 0.0000	</row2>
					<row3>	0.3596 0.2042 -0.0121 1.0000	</row3>
				</transform>
			</node>
			<node>
				<identifier>	MP_AM006_Reels_1	</identifier>
				<transform>
					<row0>	0.7000 0.0000 0.0000 0.0000	</row0>
					<row1>	0.0000 0.0000 0.7000 0.0000	</row1>
					<row2>	0.0000 -0.7000 0.0000 0.0000	</row2>
					<row3>	0.0941 0.3891 2.2536 1.0000	</row3>
				</transform>
			</node>
			<node>
				<identifier>	MP_AM010_Speaker_1	</identifier>
				<transform>
					<row0>	1.0000 0.0000 0.0000 0.0000	</row0>
					<row1>	0.0000 0.9659 -0.2588 0.0000	</row1>
					<row2>	0.0000 0.2588 0.9659 0.0000	</row2>
					<row3>	0.1733 0.5746 -0.2215 1.0000	</row3>
				</transform>
			</node>
			<node>
				<identifier>	MP_AM010_Speaker_1_INDEX_1	</identifier>
				<transform>
					<row0>	0.8801 0.0000 0.0000 0.0000	</row0>
					<row1>	0.0000 -0.8710 -0.1266 0.0000	</row1>
					<row2>	0.0000 0.1266 -0.8710 0.0000	</row2>
					<row3>	0.0000 0.7767 1.6733 1.0000	</row3>
				</transform>
			</node>
			<node>
				<identifier>	MP_AM018_Compass_Binnacle	</identifier>
				<transform>
					<row0>	1.0000 0.0000 0.0000 0.0000	</row0>
					<row1>	0.0000 1.0000 0.0000 0.0000	</row1>
					<row2>	0.0000 0.0000 1.0000 0.0000	</row2>
					<row3>	0.0000 0.6124 1.5839 1.0000	</row3>
				</transform>
			</node>
			<node>
				<identifier>	MP_AM018_Compass_Binnacle_INDEX_1	</identifier>
				<transform>
					<row0>	1.0000 0.0000 0.0000 0.0000	</row0>
					<row1>	0.0000 1.0000 0.0000 0.0000	</row1>
					<row2>	0.0000 0.0000 1.0000 0.0000	</row2>
					<row3>	0.0000 0.6074 -0.0881 1.0000	</row3>
				</transform>
			</node>
			<node>
				<identifier>	MP_AM019_Ventilators_1	</identifier>
				<transform>
					<row0>	0.4000 0.0000 0.0000 0.0000	</row0>
					<row1>	0.0000 0.3050 0.0000 0.0000	</row1>
					<row2>	0.0000 0.0000 0.4000 0.0000	</row2>
					<row3>	-0.1167 0.3879 0.4921 1.0000	</row3>
				</transform>
			</node>
			<node>
				<identifier>	MP_AM019_Ventilators_1_INDEX_1	</identifier>
				<transform>
					<row0>	0.4000 0.0000 0.0000 0.0000	</row0>
					<row1>	0.0000 0.3050 0.0000 0.0000	</row1>
					<row2>	0.0000 0.0000 0.4000 0.0000	</row2>
					<row3>	-0.1455 0.3830 0.3540 1.0000	</row3>
				</transform>
			</node>
			<node>
				<identifier>	MP_AM019_Ventilators_1_INDEX_2	</identifier>
				<transform>
					<row0>	0.4000 0.0000 0.0000 0.0000	</row0>
					<row1>	0.0000 0.3050 0.0000 0.0000	</row1>
					<row2>	0.0000 0.0000 0.4000 0.0000	</row2>
					<row3>	0.0000 0.3879 0.4599 1.0000	</row3>
				</transform>
			</node>
			<node>
				<identifier>	MP_AM019_Ventilators_1_INDEX_3	</identifier>
				<transform>
					<row0>	0.4000 0.0000 0.0000 0.0000	</row0>
					<row1>	0.0000 0.3049 0.0000 0.0000	</row1>
					<row2>	0.0000 0.0000 0.4000 0.0000	</row2>
					<row3>	0.1133 0.3879 0.4599 1.0000	</row3>
				</transform>
			</node>
			<node>
				<identifier>	MP_AM019_Ventilators_1_INDEX_4	</identifier>
				<transform>
					<row0>	0.4000 0.0000 0.0000 0.0000	</row0>
					<row1>	0.0000 0.3050 0.0000 0.0000	</row1>
					<row2>	0.0000 0.0000 0.4000 0.0000	</row2>
					<row3>	0.0308 0.3694 -0.1092 1.0000	</row3>
				</transform>
			</node>
			<node>
				<identifier>	MP_AM025_Pelorus_Mk7	</identifier>
				<transform>
					<row0>	1.1000 0.0000 0.0000 0.0000	</row0>
					<row1>	0.0000 1.1000 0.0000 0.0000	</row1>
					<row2>	0.0000 0.0000 1.1000 0.0000	</row2>
					<row3>	-0.2754 0.6261 1.4441 1.0000	</row3>
				</transform>
			</node>
			<node>
				<identifier>	MP_AM025_Pelorus_Mk7_INDEX_1	</identifier>
				<transform>
					<row0>	1.1000 0.0000 0.0000 0.0000	</row0>
					<row1>	0.0000 1.1000 0.0000 0.0000	</row1>
					<row2>	0.0000 0.0000 1.1000 0.0000	</row2>
					<row3>	0.2754 0.6261 1.4441 1.0000	</row3>
				</transform>
			</node>
			<node>
				<identifier>	MP_AM029_Ammunition_Box3	</identifier>
				<transform>
					<row0>	0.0000 0.0000 -0.4100 0.0000	</row0>
					<row1>	0.0000 0.4100 0.0000 0.0000	</row1>
					<row2>	0.4100 0.0000 0.0000 0.0000	</row2>
					<row3>	-0.1742 0.6084 1.3040 1.0000	</row3>
				</transform>
			</node>
			<node>
				<identifier>	MP_AM030_Ammunition_Box4	</identifier>
				<transform>
					<row0>	0.2075 0.0000 -0.2881 0.0000	</row0>
					<row1>	0.0000 0.3550 0.0000 0.0000	</row1>
					<row2>	0.2881 0.0000 0.2075 0.0000	</row2>
					<row3>	-0.0904 0.7920 1.3000 1.0000	</row3>
				</transform>
			</node>
			<node>
				<identifier>	MP_AM030_Ammunition_Box4_INDEX_1	</identifier>
				<transform>
					<row0>	0.2704 0.0000 -0.2300 0.0000	</row0>
					<row1>	0.0000 0.3550 0.0000 0.0000	</row1>
					<row2>	0.2300 0.0000 0.2704 0.0000	</row2>
					<row3>	-0.0676 0.7920 1.2740 1.0000	</row3>
				</transform>
			</node>
			<node>
				<identifier>	MP_AM049_Signal_Lamp_1	</identifier>
				<transform>
					<row0>	1.0000 0.0000 0.0000 0.0000	</row0>
					<row1>	0.0000 1.0000 0.0000 0.0000	</row1>
					<row2>	0.0000 0.0000 1.0000 0.0000	</row2>
					<row3>	0.2116 1.4260 0.9731 1.0000	</row3>
				</transform>
			</node>
			<node>
				<identifier>	MP_AM049_Signal_Lamp_1_INDEX_1	</identifier>
				<transform>
					<row0>	0.6170 0.0000 0.0000 0.0000	</row0>
					<row1>	0.0000 0.6170 0.0000 0.0000	</row1>
					<row2>	0.0000 0.0000 0.6170 0.0000	</row2>
					<row3>	-0.0253 1.6214 0.9659 1.0000	</row3>
				</transform>
			</node>
			<node>
				<identifier>	MP_AM049_Signal_Lamp_1_INDEX_2	</identifier>
				<transform>
					<row0>	0.7276 0.0000 0.0799 0.0000	</row0>
					<row1>	0.0000 0.7320 0.0000 0.0000	</row1>
					<row2>	-0.0799 0.0000 0.7276 0.0000	</row2>
					<row3>	-0.0188 1.4013 0.9619 1.0000	</row3>
				</transform>
			</node>
			<node>
				<identifier>	MP_AM049_Signal_Lamp_1_INDEX_3	</identifier>
				<transform>
					<row0>	0.6170 0.0000 0.0000 0.0000	</row0>
					<row1>	0.0000 0.6170 0.0000 0.0000	</row1>
					<row2>	0.0000 0.0000 0.6170 0.0000	</row2>
					<row3>	0.0253 1.6214 0.9659 1.0000	</row3>
				</transform>
			</node>
			<node>
				<identifier>	MP_AM049_Signal_Lamp_1_INDEX_4	</identifier>
				<transform>
					<row0>	0.7276 0.0000 0.0799 0.0000	</row0>
					<row1>	0.0000 0.7320 0.0000 0.0000	</row1>
					<row2>	-0.0799 0.0000 0.7276 0.0000	</row2>
					<row3>	-0.0208 1.2627 0.9768 1.0000	</row3>
				</transform>
			</node>
			<node>
				<identifier>	MP_AM049_Signal_Lamp_1_INDEX_5	</identifier>
				<transform>
					<row0>	1.0000 0.0000 0.0000 0.0000	</row0>
					<row1>	0.0000 1.0000 0.0000 0.0000	</row1>
					<row2>	0.0000 0.0000 1.0000 0.0000	</row2>
					<row3>	-0.2116 1.4260 0.9731 1.0000	</row3>
				</transform>
			</node>
			<node>
				<identifier>	MP_AM050_Fightin_Light	</identifier>
				<transform>
					<row0>	-0.7000 0.0000 0.0000 0.0000	</row0>
					<row1>	0.0000 0.7000 0.0000 0.0000	</row1>
					<row2>	0.0000 0.0000 -0.7000 0.0000	</row2>
					<row3>	0.3358 0.6419 1.1546 1.0000	</row3>
				</transform>
			</node>
			<node>
				<identifier>	MP_AM050_Fightin_Light_INDEX_1	</identifier>
				<transform>
					<row0>	0.7000 0.0000 0.0000 0.0000	</row0>
					<row1>	0.0000 0.7000 0.0000 0.0000	</row1>
					<row2>	0.0000 0.0000 0.7000 0.0000	</row2>
					<row3>	-0.3358 0.6419 1.1546 1.0000	</row3>
				</transform>
			</node>
			<node>
				<identifier>	MP_AM050_Fightin_Light_INDEX_2	</identifier>
				<transform>
					<row0>	0.8150 0.0000 0.0000 0.0000	</row0>
					<row1>	0.0000 0.8150 0.0000 0.0000	</row1>
					<row2>	0.0000 0.0000 0.8150 0.0000	</row2>
					<row3>	-0.0236 1.3819 0.9731 1.0000	</row3>
				</transform>
			</node>
			<node>
				<identifier>	MP_AM050_Fightin_Light_INDEX_3	</identifier>
				<transform>
					<row0>	-0.8150 0.0000 0.0000 0.0000	</row0>
					<row1>	0.0000 0.8150 0.0000 0.0000	</row1>
					<row2>	0.0000 0.0000 -0.8150 0.0000	</row2>
					<row3>	0.0237 1.3819 0.9731 1.0000	</row3>
				</transform>
			</node>
			<node>
				<identifier>	MP_AM051_Fightin_Light_R	</identifier>
				<transform>
					<row0>	-0.8166 0.0000 0.0000 0.0000	</row0>
					<row1>	0.0000 0.8166 0.0000 0.0000	</row1>
					<row2>	0.0000 0.0000 -0.8166 0.0000	</row2>
					<row3>	-0.0049 1.0832 1.0346 1.0000	</row3>
				</transform>
			</node>
			<node>
				<identifier>	MP_AM052_Fightin_Light_L	</identifier>
				<transform>
					<row0>	-0.8166 0.0000 0.0000 0.0000	</row0>
					<row1>	0.0000 0.8166 0.0000 0.0000	</row1>
					<row2>	0.0000 0.0000 -0.8166 0.0000	</row2>
					<row3>	0.0049 1.0832 1.0346 1.0000	</row3>
				</transform>
			</node>
			<node>
				<identifier>	MP_AM054_Boat_6	</identifier>
				<transform>
					<row0>	0.1173 0.9931 0.0031 0.0000	</row0>
					<row1>	-0.9926 0.1173 -0.0305 0.0000	</row1>
					<row2>	-0.0306 0.0005 0.9995 0.0000	</row2>
					<row3>	0.3460 0.3055 0.8999 1.0000	</row3>
				</transform>
			</node>
			<node>
				<identifier>	MP_AM054_Boat_6_INDEX_1	</identifier>
				<transform>
					<row0>	0.1173 -0.9931 -0.0031 0.0000	</row0>
					<row1>	0.9926 0.1173 -0.0305 0.0000	</row1>
					<row2>	0.0306 0.0005 0.9995 0.0000	</row2>
					<row3>	-0.3460 0.3055 0.8999 1.0000	</row3>
				</transform>
			</node>
			<node>
				<identifier>	MP_AM061_Sky_Lookout_1	</identifier>
				<transform>
					<row0>	0.0000 0.0000 -1.0000 0.0000	</row0>
					<row1>	0.0000 1.0000 0.0000 0.0000	</row1>
					<row2>	1.0000 0.0000 0.0000 0.0000	</row2>
					<row3>	0.1590 0.7507 1.2434 1.0000	</row3>
				</transform>
			</node>
			<node>
				<identifier>	MP_AM061_Sky_Lookout_1_INDEX_1	</identifier>
				<transform>
					<row0>	0.0000 0.0000 1.0000 0.0000	</row0>
					<row1>	0.0000 1.0000 0.0000 0.0000	</row1>
					<row2>	-1.0000 0.0000 0.0000 0.0000	</row2>
					<row3>	-0.1590 0.7507 1.2434 1.0000	</row3>
				</transform>
			</node>
			<node>
				<identifier>	MP_AM062_IFF_Antenna	</identifier>
				<transform>
					<row0>	1.0000 0.0000 0.0000 0.0000	</row0>
					<row1>	0.0000 1.0000 0.0000 0.0000	</row1>
					<row2>	0.0000 0.0000 1.0000 0.0000	</row2>
					<row3>	0.2010 1.4223 0.9731 1.0000	</row3>
				</transform>
			</node>
			<node>
				<identifier>	MP_AM062_IFF_Antenna_INDEX_1	</identifier>
				<transform>
					<row0>	-1.0000 0.0000 0.0000 0.0000	</row0>
					<row1>	0.0000 1.0000 0.0000 0.0000	</row1>
					<row2>	0.0000 0.0000 -1.0000 0.0000	</row2>
					<row3>	-0.2010 1.4223 0.9731 1.0000	</row3>
				</transform>
			</node>
			<node>
				<identifier>	MP_AM063_Wind_Direction	</identifier>
				<transform>
					<row0>	0.0000 0.0000 -0.6438 0.0000	</row0>
					<row1>	0.0000 0.6438 0.0000 0.0000	</row1>
					<row2>	0.6438 0.0000 0.0000 0.0000	</row2>
					<row3>	0.1311 1.4258 0.9731 1.0000	</row3>
				</transform>
			</node>
			<node>
				<identifier>	MP_AM064_Wind_Intensity	</identifier>
				<transform>
					<row0>	0.6438 0.0000 0.0000 0.0000	</row0>
					<row1>	0.0000 0.6438 0.0000 0.0000	</row1>
					<row2>	0.0000 0.0000 0.6438 0.0000	</row2>
					<row3>	-0.1311 1.4258 0.9731 1.0000	</row3>
				</transform>
			</node>
			<node>
				<identifier>	MP_AM070_Loading_Machine	</identifier>
				<transform>
					<row0>	0.4121 -0.0003 -0.9111 0.0000	</row0>
					<row1>	0.0000 1.0000 -0.0003 0.0000	</row1>
					<row2>	0.9111 0.0002 0.4121 0.0000	</row2>
					<row3>	-0.0785 0.1987 -1.0193 1.0000	</row3>
				</transform>
			</node>
			<node>
				<identifier>	MP_AM072_Ships_bell	</identifier>
				<transform>
					<row0>	0.7500 0.0000 0.0000 0.0000	</row0>
					<row1>	0.0000 0.7500 0.0000 0.0000	</row1>
					<row2>	0.0000 0.0000 0.7500 0.0000	</row2>
					<row3>	0.0375 0.7503 1.0561 1.0000	</row3>
				</transform>
			</node>
			<node>
				<identifier>	MP_AM073_Floater_Net_Basket_1	</identifier>
				<transform>
					<row0>	1.0000 0.0000 0.0000 0.0000	</row0>
					<row1>	0.0000 1.0000 0.0000 0.0000	</row1>
					<row2>	0.0000 0.0000 1.0000 0.0000	</row2>
					<row3>	0.0000 0.4366 2.2590 1.0000	</row3>
				</transform>
			</node>
			<node>
				<identifier>	MP_AM080_Whips_Antenna	</identifier>
				<transform>
					<row0>	1.0000 0.0000 0.0000 0.0000	</row0>
					<row1>	0.0000 1.0000 0.0000 0.0000	</row1>
					<row2>	0.0000 0.0000 1.0000 0.0000	</row2>
					<row3>	-0.1293 0.6260 -0.0959 1.0000	</row3>
				</transform>
			</node>
			<node>
				<identifier>	MP_AM103_Hatch_4	</identifier>
				<transform>
					<row0>	1.0000 0.0000 0.0000 0.0000	</row0>
					<row1>	0.0000 1.0000 0.0000 0.0000	</row1>
					<row2>	0.0000 0.0000 1.0000 0.0000	</row2>
					<row3>	0.0755 0.2985 2.3621 1.0000	</row3>
				</transform>
			</node>
			<node>
				<identifier>	MP_AM129_Turtles_box	</identifier>
				<transform>
					<row0>	0.0000 0.0000 -1.0000 0.0000	</row0>
					<row1>	0.0000 1.0000 0.0000 0.0000	</row1>
					<row2>	1.0000 0.0000 0.0000 0.0000	</row2>
					<row3>	-0.3893 0.2092 -0.8543 1.0000	</row3>
				</transform>
			</node>
			<node>
				<identifier>	MP_AM129_Turtles_box_INDEX_1	</identifier>
				<transform>
					<row0>	0.0000 0.0000 1.0000 0.0000	</row0>
					<row1>	0.0000 1.0000 0.0000 0.0000	</row1>
					<row2>	-1.0000 0.0000 0.0000 0.0000	</row2>
					<row3>	0.3944 0.3778 -0.2104 1.0000	</row3>
				</transform>
			</node>
			<node>
				<identifier>	MP_AM129_Turtles_box_INDEX_2	</identifier>
				<transform>
					<row0>	0.7777 0.0000 -0.6286 0.0000	</row0>
					<row1>	0.0000 1.0000 0.0000 0.0000	</row1>
					<row2>	0.6286 0.0000 0.7777 0.0000	</row2>
					<row3>	0.0953 0.4869 1.6239 1.0000	</row3>
				</transform>
			</node>
			<node>
				<identifier>	MP_AM129_Turtles_box_INDEX_3	</identifier>
				<transform>
					<row0>	-0.2311 0.0000 -0.9729 0.0000	</row0>
					<row1>	0.0000 1.0000 0.0000 0.0000	</row1>
					<row2>	0.9729 0.0000 -0.2311 0.0000	</row2>
					<row3>	0.1530 0.6330 1.2300 1.0000	</row3>
				</transform>
			</node>
			<node>
				<identifier>	MP_AM129_Turtles_box_INDEX_4	</identifier>
				<transform>
					<row0>	1.0000 0.0000 0.0000 0.0000	</row0>
					<row1>	0.0000 1.0000 0.0000 0.0000	</row1>
					<row2>	0.0000 0.0000 1.0000 0.0000	</row2>
					<row3>	-0.0978 0.3699 2.2570 1.0000	</row3>
				</transform>
			</node>
			<node>
				<identifier>	MP_AM129_Turtles_box_INDEX_5	</identifier>
				<transform>
					<row0>	0.0000 0.0000 1.0000 0.0000	</row0>
					<row1>	0.0000 1.0000 0.0000 0.0000	</row1>
					<row2>	-1.0000 0.0000 0.0000 0.0000	</row2>
					<row3>	0.3892 0.2092 -0.8543 1.0000	</row3>
				</transform>
			</node>
			<node>
				<identifier>	MP_AM129_Turtles_box_INDEX_6	</identifier>
				<transform>
					<row0>	0.0000 0.0000 -1.0000 0.0000	</row0>
					<row1>	0.0000 1.0000 0.0000 0.0000	</row1>
					<row2>	1.0000 0.0000 0.0000 0.0000	</row2>
					<row3>	-0.3953 0.3778 -0.2104 1.0000	</row3>
				</transform>
			</node>
			<node>
				<identifier>	MP_AM138_Boat_12	</identifier>
				<transform>
					<row0>	1.0000 0.0000 0.0000 0.0000	</row0>
					<row1>	0.0000 0.0000 -1.0000 0.0000	</row1>
					<row2>	0.0000 1.0000 0.0000 0.0000	</row2>
					<row3>	0.3267 0.3244 -0.4430 1.0000	</row3>
				</transform>
			</node>
			<node>
				<identifier>	MP_AM138_Boat_12_INDEX_1	</identifier>
				<transform>
					<row0>	1.0000 0.0000 0.0000 0.0000	</row0>
					<row1>	0.0000 0.0000 -1.0000 0.0000	</row1>
					<row2>	0.0000 1.0000 0.0000 0.0000	</row2>
					<row3>	-0.3267 0.3244 -0.4437 1.0000	</row3>
				</transform>
			</node>
			<node>
				<identifier>	MP_AM142_Running_Lights_FW	</identifier>
				<transform>
					<row0>	1.0000 0.0000 0.0000 0.0000	</row0>
					<row1>	0.0000 1.0000 0.0000 0.0000	</row1>
					<row2>	0.0000 0.0000 1.0000 0.0000	</row2>
					<row3>	0.0000 1.2456 1.0411 1.0000	</row3>
				</transform>
			</node>
			<node>
				<identifier>	MP_AM142_Running_Lights_FW_INDEX_1	</identifier>
				<transform>
					<row0>	1.0000 0.0000 0.0000 0.0000	</row0>
					<row1>	0.0000 1.0000 0.0000 0.0000	</row1>
					<row2>	0.0000 0.0000 1.0000 0.0000	</row2>
					<row3>	0.0000 0.8537 1.4706 1.0000	</row3>
				</transform>
			</node>
			<node>
				<identifier>	MP_AM148_Hatch_8	</identifier>
				<transform>
					<row0>	1.0000 0.0000 0.0000 0.0000	</row0>
					<row1>	0.0000 0.9997 -0.0243 0.0000	</row1>
					<row2>	0.0000 0.0243 0.9997 0.0000	</row2>
					<row3>	0.1292 0.3958 0.6930 1.0000	</row3>
				</transform>
			</node>
			<node>
				<identifier>	MP_AM150_Telegraph_Engine	</identifier>
				<transform>
					<row0>	1.0000 0.0000 0.0000 0.0000	</row0>
					<row1>	0.0000 1.0000 0.0000 0.0000	</row1>
					<row2>	0.0000 0.0000 1.0000 0.0000	</row2>
					<row3>	-0.0618 0.6124 1.5839 1.0000	</row3>
				</transform>
			</node>
			<node>
				<identifier>	MP_AM152_Log_Desk	</identifier>
				<transform>
					<row0>	0.4091 0.0000 -0.7141 0.0000	</row0>
					<row1>	0.0000 0.8230 0.0000 0.0000	</row1>
					<row2>	0.7139 0.0000 0.4090 0.0000	</row2>
					<row3>	0.1349 0.6758 1.5678 1.0000	</row3>
				</transform>
			</node>
			<node>
				<identifier>	MP_AM153_Steering_Column	</identifier>
				<transform>
					<row0>	1.0000 0.0000 0.0000 0.0000	</row0>
					<row1>	0.0000 1.0000 0.0000 0.0000	</row1>
					<row2>	0.0000 0.0000 1.0000 0.0000	</row2>
					<row3>	-0.0173 0.6130 1.5469 1.0000	</row3>
				</transform>
			</node>
			<node>
				<identifier>	MP_AM159_Voice_Tube	</identifier>
				<transform>
					<row0>	0.0884 0.0044 -0.9961 0.0000	</row0>
					<row1>	-0.0087 1.0000 0.0037 0.0000	</row1>
					<row2>	0.9960 0.0084 0.0884 0.0000	</row2>
					<row3>	0.2979 0.6090 1.3487 1.0000	</row3>
				</transform>
			</node>
			<node>
				<identifier>	MP_AM159_Voice_Tube_INDEX_1	</identifier>
				<transform>
					<row0>	0.7071 0.0000 -0.7071 0.0000	</row0>
					<row1>	0.0000 1.0000 0.0000 0.0000	</row1>
					<row2>	0.7071 0.0000 0.7071 0.0000	</row2>
					<row3>	0.0433 0.6124 1.5711 1.0000	</row3>
				</transform>
			</node>
			<node>
				<identifier>	MP_AM159_Voice_Tube_INDEX_2	</identifier>
				<transform>
					<row0>	0.0884 -0.0044 0.9961 0.0000	</row0>
					<row1>	0.0087 1.0000 0.0037 0.0000	</row1>
					<row2>	-0.9960 0.0084 0.0884 0.0000	</row2>
					<row3>	-0.2979 0.6090 1.3487 1.0000	</row3>
				</transform>
			</node>
			<node>
				<identifier>	MP_AM159_Voice_Tube_INDEX_3	</identifier>
				<transform>
					<row0>	0.7071 0.0000 -0.7071 0.0000	</row0>
					<row1>	0.0000 1.0000 0.0000 0.0000	</row1>
					<row2>	0.7071 0.0000 0.7071 0.0000	</row2>
					<row3>	0.0562 0.6124 1.5583 1.0000	</row3>
				</transform>
			</node>
			<node>
				<identifier>	MP_AM161_Anchor_top	</identifier>
				<transform>
					<row0>	0.4664 -0.0460 0.2183 0.0000	</row0>
					<row1>	0.2165 0.2162 -0.4168 0.0000	</row1>
					<row2>	-0.0542 0.4674 0.2143 0.0000	</row2>
					<row3>	-0.1058 0.3385 3.6512 1.0000	</row3>
				</transform>
			</node>
			<node>
				<identifier>	MP_AM161_Anchor_top_INDEX_1	</identifier>
				<transform>
					<row0>	0.4664 0.0460 -0.2183 0.0000	</row0>
					<row1>	-0.2165 0.2162 -0.4168 0.0000	</row1>
					<row2>	0.0542 0.4674 0.2143 0.0000	</row2>
					<row3>	0.1058 0.3385 3.6512 1.0000	</row3>
				</transform>
			</node>
			<node>
				<identifier>	MP_AM162_Anchor_down	</identifier>
				<transform>
					<row0>	0.6010 -0.1588 -0.0215 0.0000	</row0>
					<row1>	0.0377 0.2212 -0.5801 0.0000	</row1>
					<row2>	0.1557 0.5592 0.2233 0.0000	</row2>
					<row3>	0.1051 0.3421 3.6434 1.0000	</row3>
				</transform>
			</node>
			<node>
				<identifier>	MP_AM162_Anchor_down_INDEX_1	</identifier>
				<transform>
					<row0>	0.6010 0.1588 0.0215 0.0000	</row0>
					<row1>	-0.0377 0.2212 -0.5801 0.0000	</row1>
					<row2>	-0.1557 0.5592 0.2233 0.0000	</row2>
					<row3>	-0.1051 0.3421 3.6434 1.0000	</row3>
				</transform>
			</node>
			<node>
				<identifier>	MP_AM173_Insulator_1	</identifier>
				<transform>
					<row0>	-0.7251 0.0000 0.0000 0.0000	</row0>
					<row1>	0.0000 0.5109 -0.5145 0.0000	</row1>
					<row2>	0.0000 -0.5145 -0.5109 0.0000	</row2>
					<row3>	-0.0545 0.5999 1.0725 1.0000	</row3>
				</transform>
			</node>
			<node>
				<identifier>	MP_AM173_Insulator_1_INDEX_1	</identifier>
				<transform>
					<row0>	0.0000 0.0000 -0.5000 0.0000	</row0>
					<row1>	0.5000 0.0000 0.0000 0.0000	</row1>
					<row2>	0.0000 -0.5000 0.0000 0.0000	</row2>
					<row3>	0.1629 0.7395 1.3603 1.0000	</row3>
				</transform>
			</node>
			<node>
				<identifier>	MP_AM173_Insulator_1_INDEX_2	</identifier>
				<transform>
					<row0>	-0.7251 0.0000 0.0000 0.0000	</row0>
					<row1>	0.0000 0.5109 -0.5145 0.0000	</row1>
					<row2>	0.0000 -0.5145 -0.5109 0.0000	</row2>
					<row3>	-0.0309 0.5999 1.0725 1.0000	</row3>
				</transform>
			</node>
			<node>
				<identifier>	MP_AM173_Insulator_1_INDEX_3	</identifier>
				<transform>
					<row0>	1.0000 0.0000 0.0000 0.0000	</row0>
					<row1>	0.0000 0.5000 0.8660 0.0000	</row1>
					<row2>	0.0000 -0.8660 0.5000 0.0000	</row2>
					<row3>	-0.1282 0.6158 -0.0214 1.0000	</row3>
				</transform>
			</node>
			<node>
				<identifier>	MP_AM173_Insulator_1_INDEX_4	</identifier>
				<transform>
					<row0>	-0.0041 0.0042 0.5000 0.0000	</row0>
					<row1>	-0.5000 -0.0030 -0.0041 0.0000	</row1>
					<row2>	0.0030 -0.5000 0.0042 0.0000	</row2>
					<row3>	-0.1628 0.7396 1.3456 1.0000	</row3>
				</transform>
			</node>
			<node>
				<identifier>	MP_AM173_Insulator_1_INDEX_5	</identifier>
				<transform>
					<row0>	0.0000 0.0000 0.5000 0.0000	</row0>
					<row1>	-0.5000 0.0000 0.0000 0.0000	</row1>
					<row2>	0.0000 -0.5000 0.0000 0.0000	</row2>
					<row3>	-0.1629 0.7395 1.3603 1.0000	</row3>
				</transform>
