<FSC002_Jurien_1903_Stern_ports.visual>
	<node>
		<identifier>	Scene Root	</identifier>
		<transform>
			<row0>	1.0000 0.0000 0.0000 0.0000	</row0>
			<row1>	0.0000 1.0000 0.0000 0.0000	</row1>
			<row2>	0.0000 0.0000 1.0000 0.0000	</row2>
			<row3>	0.0000 0.0000 0.0000 1.0000	</row3>
		</transform>
		<node>
			<identifier>	Stern_ports	</identifier>
			<transform>
				<row0>	1.0000 0.0000 0.0000 0.0000	</row0>
				<row1>	0.0000 1.0000 0.0000 0.0000	</row1>
				<row2>	0.0000 0.0000 1.0000 0.0000	</row2>
				<row3>	0.0000 0.0000 0.0000 1.0000	</row3>
			</transform>
			<node>
				<identifier>	HP_FGA_5	</identifier>
				<transform>
					<row0>	-1.0000 0.0000 0.0000 0.0000	</row0>
					<row1>	0.0000 1.0000 0.0000 0.0000	</row1>
					<row2>	0.0000 0.0000 -1.0000 0.0000	</row2>
					<row3>	-0.1025 0.2487 -4.1011 1.0000	</row3>
				</transform>
			</node>
			<node>
				<identifier>	HP_FGA_6	</identifier>
				<transform>
					<row0>	-1.0000 0.0000 0.0000 0.0000	</row0>
					<row1>	0.0000 1.0000 0.0000 0.0000	</row1>
					<row2>	0.0000 0.0000 -1.0000 0.0000	</row2>
					<row3>	0.1025 0.2487 -4.1011 1.0000	</row3>
				</transform>
			</node>
			<node>
				<identifier>	HP_FGM_8	</identifier>
				<transform>
					<row0>	-1.0000 0.0000 0.0000 0.0000	</row0>
					<row1>	0.0000 1.0000 0.0000 0.0000	</row1>
					<row2>	0.0000 0.0000 -1.0000 0.0000	</row2>
					<row3>	0.0006 0.3833 -3.1234 1.0000	</row3>
				</transform>
			</node>
			<node>
				<identifier>	HP_FX_Fire_4	</identifier>
				<transform>
					<row0>	1.0000 0.0000 0.0000 0.0000	</row0>
					<row1>	0.0000 1.0000 0.0000 0.0000	</row1>
					<row2>	0.0000 0.0000 1.0000 0.0000	</row2>
					<row3>	0.0000 0.3888 -3.5702 1.0000	</row3>
				</transform>
			</node>
			<node>
				<identifier>	HP_FX_WakeTraceBack	</identifier>
				<transform>
					<row0>	1.0000 0.0000 0.0000 0.0000	</row0>
					<row1>	0.0000 1.0000 0.0000 0.0000	</row1>
					<row2>	0.0000 0.0000 1.0000 0.0000	</row2>
					<row3>	0.0000 0.0000 -4.3629 1.0000	</row3>
				</transform>
			</node>
			<node>
				<identifier>	HP_FX_WakeTrace_screw_1	</identifier>
				<transform>
					<row0>	1.0000 0.0000 0.0000 0.0000	</row0>
					<row1>	0.0000 1.0000 0.0000 0.0000	</row1>
					<row2>	0.0000 0.0000 1.0000 0.0000	</row2>
					<row3>	-0.2675 -0.2992 -3.7285 1.0000	</row3>
				</transform>
			</node>
			<node>
				<identifier>	HP_FX_WakeTrace_screw_2	</identifier>
				<transform>
					<row0>	1.0000 0.0000 0.0000 0.0000	</row0>
					<row1>	0.0000 1.0000 0.0000 0.0000	</row1>
					<row2>	0.0000 0.0000 1.0000 0.0000	</row2>
					<row3>	0.0000 -0.3039 -3.9815 1.0000	</row3>
				</transform>
			</node>
			<node>
				<identifier>	HP_FX_WakeTrace_screw_3	</identifier>
				<transform>
					<row0>	1.0000 0.0000 0.0000 0.0000	</row0>
					<row1>	0.0000 1.0000 0.0000 0.0000	</row1>
					<row2>	0.0000 0.0000 1.0000 0.0000	</row2>
					<row3>	0.2675 -0.2992 -3.7285 1.0000	</row3>
				</transform>
			</node>
			<node>
				<identifier>	HP_Ship_death_3	</identifier>
				<transform>
					<row0>	1.0000 0.0000 0.0000 0.0000	</row0>
					<row1>	0.0000 1.0000 0.0000 0.0000	</row1>
					<row2>	0.0000 0.0000 1.0000 0.0000	</row2>
					<row3>	0.0000 0.0000 -2.9395 1.0000	</row3>
				</transform>
			</node>
			<node>
				<identifier>	MP_CM001_Propeller3_L	</identifier>
				<transform>
					<row0>	0.9750 0.0000 0.0000 0.0000	</row0>
					<row1>	0.0000 0.9750 0.0000 0.0000	</row1>
					<row2>	0.0000 0.0000 0.9750 0.0000	</row2>
					<row3>	-0.2675 -0.2992 -3.7285 1.0000	</row3>
				</transform>
			</node>
			<node>
				<identifier>	MP_CM011_Fire_Fighting_Gear	</identifier>
				<transform>
					<row0>	0.5791 0.0000 0.8152 0.0000	</row0>
					<row1>	0.0000 1.0000 0.0000 0.0000	</row1>
					<row2>	-0.8152 0.0000 0.5791 0.0000	</row2>
					<row3>	0.1477 0.2470 -3.6918 1.0000	</row3>
				</transform>
			</node>
			<node>
				<identifier>	MP_CM011_Fire_Fighting_Gear_INDEX_1	</identifier>
				<transform>
					<row0>	0.5791 0.0000 -0.8152 0.0000	</row0>
					<row1>	0.0000 1.0000 0.0000 0.0000	</row1>
					<row2>	0.8152 0.0000 0.5791 0.0000	</row2>
					<row3>	-0.1477 0.2470 -3.6918 1.0000	</row3>
				</transform>
			</node>
			<node>
				<identifier>	MP_CM013_Fire_Hose_Rack_2	</identifier>
				<transform>
					<row0>	0.8756 0.0000 0.4831 0.0000	</row0>
					<row1>	0.0000 1.0000 0.0000 0.0000	</row1>
					<row2>	-0.4831 0.0000 0.8756 0.0000	</row2>
					<row3>	-0.1760 0.2901 -3.6246 1.0000	</row3>
				</transform>
			</node>
			<node>
				<identifier>	MP_CM013_Fire_Hose_Rack_2_INDEX_1	</identifier>
				<transform>
					<row0>	-0.8822 0.0000 0.4709 0.0000	</row0>
					<row1>	0.0000 1.0000 0.0000 0.0000	</row1>
					<row2>	-0.4709 0.0000 -0.8822 0.0000	</row2>
					<row3>	0.1760 0.2901 -3.6246 1.0000	</row3>
				</transform>
			</node>
			<node>
				<identifier>	MP_CM015_Bundle_1	</identifier>
				<transform>
					<row0>	0.9525 0.0000 0.0000 0.0000	</row0>
					<row1>	0.0000 0.9525 0.0000 0.0000	</row1>
					<row2>	0.0000 0.0000 0.9525 0.0000	</row2>
					<row3>	0.0266 0.2520 -4.3115 1.0000	</row3>
				</transform>
			</node>
			<node>
				<identifier>	MP_CM032_Propeller3_R	</identifier>
				<transform>
					<row0>	0.8709 0.0000 0.0000 0.0000	</row0>
					<row1>	0.0000 0.8709 0.0000 0.0000	</row1>
					<row2>	0.0000 0.0000 0.8709 0.0000	</row2>
					<row3>	0.0000 -0.3039 -3.9815 1.0000	</row3>
				</transform>
			</node>
			<node>
				<identifier>	MP_CM032_Propeller3_R_INDEX_1	</identifier>
				<transform>
					<row0>	0.9750 0.0000 0.0000 0.0000	</row0>
					<row1>	0.0000 0.9750 0.0000 0.0000	</row1>
					<row2>	0.0000 0.0000 0.9750 0.0000	</row2>
					<row3>	0.2675 -0.2992 -3.7285 1.0000	</row3>
				</transform>
			</node>
			<node>
				<identifier>	MP_CM052_Fender	</identifier>
				<transform>
					<row0>	-0.6511 0.0000 -0.5755 0.0000	</row0>
					<row1>	0.0000 0.8689 0.0000 0.0000	</row1>
					<row2>	0.5755 0.0000 -0.6511 0.0000	</row2>
					<row3>	0.0561 0.2545 -3.8203 1.0000	</row3>
				</transform>
			</node>
			<node>
				<identifier>	MP_CM052_Fender_INDEX_1	</identifier>
				<transform>
					<row0>	-0.6511 0.0000 0.5755 0.0000	</row0>
					<row1>	0.0000 0.8689 0.0000 0.0000	</row1>
					<row2>	-0.5755 0.0000 -0.6511 0.0000	</row2>
					<row3>	-0.0549 0.2545 -3.8214 1.0000	</row3>
				</transform>
			</node>
			<node>
				<identifier>	MP_FM015_Life_Buoy	</identifier>
				<transform>
					<row0>	0.1264 0.0000 -0.9920 0.0000	</row0>
					<row1>	0.0000 1.0000 0.0000 0.0000	</row1>
					<row2>	0.9920 0.0000 0.1264 0.0000	</row2>
					<row3>	-0.2817 0.4484 -3.1887 1.0000	</row3>
				</transform>
			</node>
			<node>
				<identifier>	MP_FM015_Life_Buoy_INDEX_1	</identifier>
				<transform>
					<row0>	0.2189 0.0000 0.9757 0.0000	</row0>
					<row1>	0.0000 1.0000 0.0000 0.0000	</row1>
					<row2>	-0.9757 0.0000 0.2189 0.0000	</row2>
					<row3>	0.1497 0.3153 -4.0113 1.0000	</row3>
				</transform>
			</node>
			<node>
				<identifier>	MP_FM015_Life_Buoy_INDEX_2	</identifier>
				<transform>
					<row0>	0.2189 0.0000 -0.9757 0.0000	</row0>
					<row1>	0.0000 1.0000 0.0000 0.0000	</row1>
					<row2>	0.9757 0.0000 0.2189 0.0000	</row2>
					<row3>	-0.1505 0.3152 -4.0114 1.0000	</row3>
				</transform>
			</node>
			<node>
				<identifier>	MP_FM015_Life_Buoy_INDEX_3	</identifier>
				<transform>
					<row0>	0.1264 0.0000 0.9920 0.0000	</row0>
					<row1>	0.0000 1.0000 0.0000 0.0000	</row1>
					<row2>	-0.9920 0.0000 0.1264 0.0000	</row2>
					<row3>	0.2202 0.3116 -3.6478 1.0000	</row3>
				</transform>
			</node>
			<node>
				<identifier>	MP_FM015_Life_Buoy_INDEX_4	</identifier>
				<transform>
					<row0>	0.1264 0.0000 -0.9920 0.0000	</row0>
					<row1>	0.0000 1.0000 0.0000 0.0000	</row1>
					<row2>	0.9920 0.0000 0.1264 0.0000	</row2>
					<row3>	-0.2202 0.3115 -3.6478 1.0000	</row3>
				</transform>
			</node>
			<node>
				<identifier>	MP_FM015_Life_Buoy_INDEX_5	</identifier>
				<transform>
					<row0>	0.1264 0.0000 0.9920 0.0000	</row0>
					<row1>	0.0000 1.0000 0.0000 0.0000	</row1>
					<row2>	-0.9920 0.0000 0.1264 0.0000	</row2>
					<row3>	0.2817 0.4484 -3.1887 1.0000	</row3>
				</transform>
			</node>
			<node>
				<identifier>	MP_FM021_Reels	</identifier>
				<transform>
					<row0>	1.0000 0.0000 0.0000 0.0000	</row0>
					<row1>	0.0000 1.0000 0.0000 0.0000	</row1>
					<row2>	0.0000 0.0000 1.0000 0.0000	</row2>
					<row3>	-0.0650 0.3883 -3.6973 1.0000	</row3>
				</transform>
			</node>
			<node>
				<identifier>	MP_FM701_Ammunition_Box	</identifier>
				<transform>
					<row0>	0.0000 0.0000 -0.6000 0.0000	</row0>
					<row1>	0.0000 0.6000 0.0000 0.0000	</row1>
					<row2>	0.6000 0.0000 0.0000 0.0000	</row2>
					<row3>	0.0294 0.2478 -4.0148 1.0000	</row3>
				</transform>
			</node>
			<node>
				<identifier>	MP_FM701_Ammunition_Box_INDEX_1	</identifier>
				<transform>
					<row0>	0.0000 0.0000 0.6000 0.0000	</row0>
					<row1>	0.0000 0.6000 0.0000 0.0000	</row1>
					<row2>	-0.6000 0.0000 0.0000 0.0000	</row2>
					<row3>	-0.0294 0.2478 -4.0148 1.0000	</row3>
				</transform>
			</node>
			<node>
				<identifier>	MP_FM860_Running_Lights_Back	</identifier>
				<transform>
					<row0>	1.0000 0.0000 0.0000 0.0000	</row0>
					<row1>	0.0000 -1.0000 0.0000 0.0000	</row1>
					<row2>	0.0000 0.0000 -1.0000 0.0000	</row2>
					<row3>	0.0000 0.2924 -4.6405 1.0000	</row3>
				</transform>
			</node>
			<node>
				<identifier>	MP_FM865_Navigation_Light	</identifier>
				<transform>
					<row0>	1.0000 0.0000 0.0000 0.0000	</row0>
					<row1>	0.0000 1.0000 0.0000 0.0000	</row1>
					<row2>	0.0000 0.0000 1.0000 0.0000	</row2>
					<row3>	0.0000 0.3258 -4.6407 1.0000	</row3>
				</transform>
			</node>
			<node>
				<identifier>	MP_FM959_Bollard	</identifier>
				<transform>
					<row0>	0.0000 0.0000 -1.0000 0.0000	</row0>
					<row1>	0.0000 1.0000 0.0000 0.0000	</row1>
					<row2>	1.0000 0.0000 0.0000 0.0000	</row2>
					<row3>	0.0000 0.3904 -3.7719 1.0000	</row3>
				</transform>
			</node>
			<node>
				<identifier>	MP_FM961_Bollard	</identifier>
				<transform>
					<row0>	0.9947 0.0000 -0.1028 0.0000	</row0>
					<row1>	0.0000 1.0000 0.0000 0.0000	</row1>
					<row2>	0.1028 0.0000 0.9947 0.0000	</row2>
					<row3>	0.2841 0.3826 -2.9986 1.0000	</row3>
				</transform>
			</node>
			<node>
				<identifier>	MP_FM961_Bollard_INDEX_1	</identifier>
				<transform>
					<row0>	0.9943 0.0000 0.1069 0.0000	</row0>
					<row1>	0.0000 1.0000 0.0000 0.0000	</row1>
					<row2>	-0.1069 0.0000 0.9943 0.0000	</row2>
					<row3>	-0.2845 0.3826 -2.9986 1.0000	</row3>
				</transform>
			</node>
		</node>
	</node>
	<boundingBox>
		<min>	-0.0667 -0.0667 -0.0667	</min>
		<max>	0.0667 0.0667 0.0667	</max>
	</boundingBox>
</FSC002_Jurien_1903_Stern_ports.visual>
