<WSD010_Halland_1955_MidFront_ports.visual>
	<node>
		<identifier>	Scene Root	</identifier>
		<transform>
			<row0>	1.0000 0.0000 0.0000 0.0000	</row0>
			<row1>	0.0000 1.0000 0.0000 0.0000	</row1>
			<row2>	0.0000 0.0000 1.0000 0.0000	</row2>
			<row3>	0.0000 0.0000 0.0000 1.0000	</row3>
		</transform>
		<node>
			<identifier>	MidFront_ports	</identifier>
			<transform>
				<row0>	1.0000 0.0000 0.0000 0.0000	</row0>
				<row1>	0.0000 1.0000 0.0000 0.0000	</row1>
				<row2>	0.0000 0.0000 1.0000 0.0000	</row2>
				<row3>	0.0000 0.0000 0.0000 1.0000	</row3>
			</transform>
			<node>
				<identifier>	HP_FX_Fire_2	</identifier>
				<transform>
					<row0>	1.0000 0.0000 0.0000 0.0000	</row0>
					<row1>	0.0000 1.0000 0.0000 0.0000	</row1>
					<row2>	0.0000 0.0000 1.0000 0.0000	</row2>
					<row3>	0.0000 0.8626 1.0223 1.0000	</row3>
				</transform>
			</node>
			<node>
				<identifier>	HP_FX_Fire_2_side_1	</identifier>
				<transform>
					<row0>	1.0000 0.0000 0.0000 0.0000	</row0>
					<row1>	0.0000 1.0000 0.0000 0.0000	</row1>
					<row2>	0.0000 0.0000 1.0000 0.0000	</row2>
					<row3>	-0.3446 0.4089 1.9825 1.0000	</row3>
				</transform>
			</node>
			<node>
				<identifier>	HP_FX_Fire_2_side_2	</identifier>
				<transform>
					<row0>	1.0000 0.0000 0.0000 0.0000	</row0>
					<row1>	0.0000 1.0000 0.0000 0.0000	</row1>
					<row2>	0.0000 0.0000 1.0000 0.0000	</row2>
					<row3>	0.3234 0.4008 0.4223 1.0000	</row3>
				</transform>
			</node>
			<node>
				<identifier>	HP_FX_FloodLight_left_1	</identifier>
				<transform>
					<row0>	-1.0000 0.0000 0.0000 0.0000	</row0>
					<row1>	0.0000 1.0000 0.0000 0.0000	</row1>
					<row2>	0.0000 0.0000 -1.0000 0.0000	</row2>
					<row3>	-0.0689 0.7219 0.3904 1.0000	</row3>
				</transform>
			</node>
			<node>
				<identifier>	HP_FX_FloodLight_right_1	</identifier>
				<transform>
					<row0>	1.0000 0.0000 0.0000 0.0000	</row0>
					<row1>	0.0000 1.0000 0.0000 0.0000	</row1>
					<row2>	0.0000 0.0000 1.0000 0.0000	</row2>
					<row3>	0.0690 0.7225 0.4007 1.0000	</row3>
				</transform>
			</node>
			<node>
				<identifier>	HP_FX_Flood_steam_1	</identifier>
				<transform>
					<row0>	1.0000 0.0000 0.0000 0.0000	</row0>
					<row1>	0.0000 0.9871 -0.1600 0.0000	</row1>
					<row2>	0.0000 0.1600 0.9871 0.0000	</row2>
					<row3>	-0.0043 0.9417 0.2945 1.0000	</row3>
				</transform>
			</node>
			<node>
				<identifier>	HP_FX_Flood_steam_left	</identifier>
				<transform>
					<row0>	-1.0000 0.0000 0.0000 0.0000	</row0>
					<row1>	0.0000 1.0000 0.0000 0.0000	</row1>
					<row2>	0.0000 0.0000 -1.0000 0.0000	</row2>
					<row3>	-0.1643 0.6647 1.5365 1.0000	</row3>
				</transform>
			</node>
			<node>
				<identifier>	HP_FX_Flood_steam_right	</identifier>
				<transform>
					<row0>	1.0000 0.0000 0.0000 0.0000	</row0>
					<row1>	0.0000 1.0000 0.0000 0.0000	</row1>
					<row2>	0.0000 0.0000 1.0000 0.0000	</row2>
					<row3>	0.1670 0.6657 1.5320 1.0000	</row3>
				</transform>
			</node>
			<node>
				<identifier>	HP_FX_Flood_water_left_1	</identifier>
				<transform>
					<row0>	-1.0000 0.0000 0.0000 0.0000	</row0>
					<row1>	0.0000 1.0000 0.0000 0.0000	</row1>
					<row2>	0.0000 0.0000 -1.0000 0.0000	</row2>
					<row3>	-0.3026 0.0411 1.9913 1.0000	</row3>
				</transform>
			</node>
			<node>
				<identifier>	HP_FX_Flood_water_left_2	</identifier>
				<transform>
					<row0>	-1.0000 0.0000 0.0000 0.0000	</row0>
					<row1>	0.0000 1.0000 0.0000 0.0000	</row1>
					<row2>	0.0000 0.0000 -1.0000 0.0000	</row2>
					<row3>	-0.4148 0.0927 0.2377 1.0000	</row3>
				</transform>
			</node>
			<node>
				<identifier>	HP_FX_Flood_water_right_1	</identifier>
				<transform>
					<row0>	0.9981 0.0000 0.0622 0.0000	</row0>
					<row1>	0.0000 1.0000 0.0000 0.0000	</row1>
					<row2>	-0.0622 0.0000 0.9981 0.0000	</row2>
					<row3>	0.3027 0.0418 1.9911 1.0000	</row3>
				</transform>
			</node>
			<node>
				<identifier>	HP_FX_Flood_water_right_2	</identifier>
				<transform>
					<row0>	0.9999 0.0000 -0.0114 0.0000	</row0>
					<row1>	0.0000 1.0000 0.0000 0.0000	</row1>
					<row2>	0.0114 0.0000 0.9999 0.0000	</row2>
					<row3>	0.4179 0.0914 0.0580 1.0000	</row3>
				</transform>
			</node>
			<node>
				<identifier>	HP_FX_RepairLight_left_2	</identifier>
				<transform>
					<row0>	0.0227 0.0000 0.9997 0.0000	</row0>
					<row1>	0.5461 0.8376 -0.0124 0.0000	</row1>
					<row2>	-0.8374 0.5463 0.0190 0.0000	</row2>
					<row3>	-0.3830 0.3840 2.0944 1.0000	</row3>
				</transform>
			</node>
			<node>
				<identifier>	HP_FX_RepairLight_right_2	</identifier>
				<transform>
					<row0>	0.0227 0.0000 -0.9997 0.0000	</row0>
					<row1>	-0.5461 0.8376 -0.0124 0.0000	</row1>
					<row2>	0.8374 0.5463 0.0190 0.0000	</row2>
					<row3>	0.3855 0.3841 1.9802 1.0000	</row3>
				</transform>
			</node>
			<node>
				<identifier>	HP_FX_Smoke_2	</identifier>
				<transform>
					<row0>	1.0000 0.0000 0.0000 0.0000	</row0>
					<row1>	0.0000 1.0000 0.0000 0.0000	</row1>
					<row2>	0.0000 0.0000 1.0000 0.0000	</row2>
					<row3>	0.0000 0.9611 0.4007 1.0000	</row3>
				</transform>
			</node>
			<node>
				<identifier>	HP_Flagpole	</identifier>
				<transform>
					<row0>	0.5882 0.0000 0.0000 0.0000	</row0>
					<row1>	0.0000 0.5882 0.0000 0.0000	</row1>
					<row2>	0.0000 0.0000 0.5882 0.0000	</row2>
					<row3>	0.0000 1.2969 0.5917 1.0000	</row3>
				</transform>
			</node>
			<node>
				<identifier>	HP_WD_1	</identifier>
				<transform>
					<row0>	1.0000 0.0000 0.0000 0.0000	</row0>
					<row1>	0.0000 1.0000 0.0000 0.0000	</row1>
					<row2>	0.0000 0.0000 1.0000 0.0000	</row2>
					<row3>	0.0000 0.8544 1.1919 1.0000	</row3>
				</transform>
			</node>
			<node>
				<identifier>	HP_WD_2	</identifier>
				<transform>
					<row0>	0.0000 0.0000 1.0000 0.0000	</row0>
					<row1>	0.0000 1.0000 0.0000 0.0000	</row1>
					<row2>	-1.0000 0.0000 0.0000 0.0000	</row2>
					<row3>	-0.2237 0.6297 0.9929 1.0000	</row3>
				</transform>
			</node>
			<node>
				<identifier>	HP_WD_3	</identifier>
				<transform>
					<row0>	0.0000 0.0000 -1.0000 0.0000	</row0>
					<row1>	0.0000 1.0000 0.0000 0.0000	</row1>
					<row2>	1.0000 0.0000 0.0000 0.0000	</row2>
					<row3>	0.2237 0.6297 0.9929 1.0000	</row3>
				</transform>
			</node>
			<node>
				<identifier>	HP_WD_4	</identifier>
				<transform>
					<row0>	1.0000 0.0000 0.0000 0.0000	</row0>
					<row1>	0.0000 1.0000 0.0000 0.0000	</row1>
					<row2>	0.0000 0.0000 1.0000 0.0000	</row2>
					<row3>	0.0000 0.9852 0.9866 1.0000	</row3>
				</transform>
			</node>
			<node>
				<identifier>	HP_WGA_1	</identifier>
				<transform>
					<row0>	1.0000 0.0000 0.0000 0.0000	</row0>
					<row1>	0.0000 1.0000 0.0000 0.0000	</row1>
					<row2>	0.0000 0.0000 1.0000 0.0000	</row2>
					<row3>	0.0000 0.5597 1.9321 1.0000	</row3>
				</transform>
			</node>
			<node>
				<identifier>	HP_WGA_2	</identifier>
				<transform>
					<row0>	0.0000 0.0000 1.0000 0.0000	</row0>
					<row1>	0.0000 1.0000 0.0000 0.0000	</row1>
					<row2>	-1.0000 0.0000 0.0000 0.0000	</row2>
					<row3>	-0.2883 0.5431 1.2827 1.0000	</row3>
				</transform>
			</node>
			<node>
				<identifier>	HP_WGA_3	</identifier>
				<transform>
					<row0>	0.0000 0.0000 -1.0000 0.0000	</row0>
					<row1>	0.0000 1.0000 0.0000 0.0000	</row1>
					<row2>	1.0000 0.0000 0.0000 0.0000	</row2>
					<row3>	0.2883 0.5431 1.2827 1.0000	</row3>
				</transform>
			</node>
			<node>
				<identifier>	HP_WGB_1	</identifier>
				<transform>
					<row0>	1.0000 0.0000 0.0000 0.0000	</row0>
					<row1>	0.0000 1.0000 0.0000 0.0000	</row1>
					<row2>	0.0000 0.0000 1.0000 0.0000	</row2>
					<row3>	0.0000 0.4186 3.5861 1.0000	</row3>
				</transform>
			</node>
			<node>
				<identifier>	HP_WGB_2	</identifier>
				<transform>
					<row0>	1.0000 0.0000 0.0000 0.0000	</row0>
					<row1>	0.0000 1.0000 0.0000 0.0000	</row1>
					<row2>	0.0000 0.0000 1.0000 0.0000	</row2>
					<row3>	0.0000 0.4175 3.3236 1.0000	</row3>
				</transform>
			</node>
			<node>
				<identifier>	HP_WGM_1	</identifier>
				<transform>
					<row0>	1.0000 0.0000 0.0000 0.0000	</row0>
					<row1>	0.0000 1.0000 0.0000 0.0000	</row1>
					<row2>	0.0000 0.0000 1.0000 0.0000	</row2>
					<row3>	0.0000 0.4257 2.5945 1.0000	</row3>
				</transform>
			</node>
			<node>
				<identifier>	HP_WRS_1	</identifier>
				<transform>
					<row0>	1.0000 0.0000 0.0000 0.0000	</row0>
					<row1>	0.0000 1.0000 0.0000 0.0000	</row1>
					<row2>	0.0000 0.0000 1.0000 0.0000	</row2>
					<row3>	0.0000 1.2289 0.8204 1.0000	</row3>
				</transform>
			</node>
			<node>
				<identifier>	HP_WRS_2	</identifier>
				<transform>
					<row0>	1.0000 0.0000 0.0000 0.0000	</row0>
					<row1>	0.0000 1.0000 0.0000 0.0000	</row1>
					<row2>	0.0000 0.0000 1.0000 0.0000	</row2>
					<row3>	0.0000 1.3673 0.7200 1.0000	</row3>
				</transform>
			</node>
			<node>
				<identifier>	HP_flag_1	</identifier>
				<transform>
					<row0>	0.9988 0.0495 -0.0070 0.0000	</row0>
					<row1>	-0.0495 0.9594 -0.2777 0.0000	</row1>
					<row2>	-0.0070 0.2777 0.9606 0.0000	</row2>
					<row3>	0.0884 1.3327 0.6926 1.0000	</row3>
				</transform>
			</node>
			<node>
				<identifier>	HP_flag_2	</identifier>
				<transform>
					<row0>	0.9988 -0.0495 0.0070 0.0000	</row0>
					<row1>	0.0495 0.9594 -0.2777 0.0000	</row1>
					<row2>	0.0070 0.2777 0.9606 0.0000	</row2>
					<row3>	-0.0884 1.3327 0.6926 1.0000	</row3>
				</transform>
			</node>
			<node>
				<identifier>	HP_flag_3	</identifier>
				<transform>
					<row0>	0.9946 -0.1035 0.0101 0.0000	</row0>
					<row1>	0.1035 0.9758 -0.1925 0.0000	</row1>
					<row2>	0.0101 0.1925 0.9813 0.0000	</row2>
					<row3>	0.1505 1.3318 0.6924 1.0000	</row3>
				</transform>
			</node>
			<node>
				<identifier>	HP_flag_4	</identifier>
				<transform>
					<row0>	0.9946 0.1035 -0.0101 0.0000	</row0>
					<row1>	-0.1035 0.9758 -0.1925 0.0000	</row1>
					<row2>	-0.0101 0.1925 0.9813 0.0000	</row2>
					<row3>	-0.1505 1.3318 0.6924 1.0000	</row3>
				</transform>
			</node>
			<node>
				<identifier>	HP_flag_rank	</identifier>
				<transform>
					<row0>	1.0000 0.0000 0.0000 0.0000	</row0>
					<row1>	0.0000 0.9944 -0.1061 0.0000	</row1>
					<row2>	0.0000 0.1061 0.9944 0.0000	</row2>
					<row3>	0.0000 1.3598 0.5133 1.0000	</row3>
				</transform>
			</node>
			<node>
				<identifier>	MP_CM029_Emergency_Box	</identifier>
				<transform>
					<row0>	0.0000 0.0000 1.0000 0.0000	</row0>
					<row1>	0.0000 1.0000 0.0000 0.0000	</row1>
					<row2>	-1.0000 0.0000 0.0000 0.0000	</row2>
					<row3>	0.1703 0.3148 -0.0289 1.0000	</row3>
				</transform>
			</node>
			<node>
				<identifier>	MP_CM029_Emergency_Box_INDEX_1	</identifier>
				<transform>
					<row0>	0.0000 0.0000 1.0000 0.0000	</row0>
					<row1>	0.0000 1.0000 0.0000 0.0000	</row1>
					<row2>	-1.0000 0.0000 0.0000 0.0000	</row2>
					<row3>	0.3019 0.4698 1.6318 1.0000	</row3>
				</transform>
			</node>
			<node>
				<identifier>	MP_CM029_Emergency_Box_INDEX_2	</identifier>
				<transform>
					<row0>	0.4243 0.0000 -0.9055 0.0000	</row0>
					<row1>	0.0000 1.0000 0.0000 0.0000	</row1>
					<row2>	0.9055 0.0000 0.4243 0.0000	</row2>
					<row3>	-0.0852 0.9125 1.1082 1.0000	</row3>
				</transform>
			</node>
			<node>
				<identifier>	MP_CM029_Emergency_Box_INDEX_3	</identifier>
				<transform>
					<row0>	0.0000 0.0000 1.0000 0.0000	</row0>
					<row1>	0.0000 1.0000 0.0000 0.0000	</row1>
					<row2>	-1.0000 0.0000 0.0000 0.0000	</row2>
					<row3>	0.0906 0.4709 0.1604 1.0000	</row3>
				</transform>
			</node>
			<node>
				<identifier>	MP_CM029_Emergency_Box_INDEX_4	</identifier>
				<transform>
					<row0>	0.0000 0.0000 -1.0000 0.0000	</row0>
					<row1>	0.0000 1.0000 0.0000 0.0000	</row1>
					<row2>	1.0000 0.0000 0.0000 0.0000	</row2>
					<row3>	-0.3019 0.4698 1.6318 1.0000	</row3>
				</transform>
			</node>
			<node>
				<identifier>	MP_CM029_Emergency_Box_INDEX_5	</identifier>
				<transform>
					<row0>	0.0000 0.0000 -1.0000 0.0000	</row0>
					<row1>	0.0000 1.0000 0.0000 0.0000	</row1>
					<row2>	1.0000 0.0000 0.0000 0.0000	</row2>
					<row3>	-0.1707 0.3148 1.1583 1.0000	</row3>
				</transform>
			</node>
			<node>
				<identifier>	MP_CM056_Ships_bell	</identifier>
				<transform>
					<row0>	0.0000 0.0000 -0.7779 0.0000	</row0>
					<row1>	0.0000 0.7779 0.0000 0.0000	</row1>
					<row2>	0.7779 0.0000 0.0000 0.0000	</row2>
					<row3>	0.0000 0.8451 0.6705 1.0000	</row3>
				</transform>
			</node>
			<node>
				<identifier>	MP_CM082_Rope	</identifier>
				<transform>
					<row0>	0.5612 -0.0011 0.0373 0.0000	</row0>
					<row1>	-0.0006 0.5619 0.0262 0.0000	</row1>
					<row2>	-0.0373 -0.0261 0.5606 0.0000	</row2>
					<row3>	-0.1076 0.9106 0.7947 1.0000	</row3>
				</transform>
			</node>
			<node>
				<identifier>	MP_CM082_Rope_INDEX_1	</identifier>
				<transform>
					<row0>	-0.5621 0.0008 0.0203 0.0000	</row0>
					<row1>	0.0000 0.5620 -0.0230 0.0000	</row1>
					<row2>	-0.0204 -0.0230 -0.5616 0.0000	</row2>
					<row3>	0.1057 0.9106 0.7756 1.0000	</row3>
				</transform>
			</node>
			<node>
				<identifier>	MP_CM082_Rope_INDEX_2	</identifier>
				<transform>
					<row0>	-0.5621 -0.0008 -0.0203 0.0000	</row0>
					<row1>	0.0000 0.5620 -0.0230 0.0000	</row1>
					<row2>	0.0204 -0.0230 -0.5616 0.0000	</row2>
					<row3>	-0.1057 0.9106 0.7756 1.0000	</row3>
				</transform>
			</node>
			<node>
				<identifier>	MP_CM082_Rope_INDEX_3	</identifier>
				<transform>
					<row0>	-0.5619 0.0000 -0.0256 0.0000	</row0>
					<row1>	0.0000 0.5625 0.0000 0.0000	</row1>
					<row2>	0.0256 0.0000 -0.5619 0.0000	</row2>
					<row3>	-0.1108 0.9111 0.8143 1.0000	</row3>
				</transform>
			</node>
			<node>
				<identifier>	MP_CM082_Rope_INDEX_4	</identifier>
				<transform>
					<row0>	0.5612 0.0011 -0.0373 0.0000	</row0>
					<row1>	0.0006 0.5619 0.0262 0.0000	</row1>
					<row2>	0.0373 -0.0261 0.5606 0.0000	</row2>
					<row3>	0.1076 0.9106 0.7947 1.0000	</row3>
				</transform>
			</node>
			<node>
				<identifier>	MP_CM082_Rope_INDEX_5	</identifier>
				<transform>
					<row0>	-0.5619 0.0000 0.0256 0.0000	</row0>
					<row1>	0.0000 0.5625 0.0000 0.0000	</row1>
					<row2>	-0.0256 0.0000 -0.5619 0.0000	</row2>
					<row3>	0.1108 0.9111 0.8143 1.0000	</row3>
				</transform>
			</node>
			<node>
				<identifier>	MP_CM082_Rope_INDEX_6	</identifier>
				<transform>
					<row0>	0.5625 0.0000 0.0000 0.0000	</row0>
					<row1>	0.0000 0.5625 0.0000 0.0000	</row1>
					<row2>	0.0000 0.0000 0.5625 0.0000	</row2>
					<row3>	-0.1130 0.9111 0.8357 1.0000	</row3>
				</transform>
			</node>
			<node>
				<identifier>	MP_CM082_Rope_INDEX_7	</identifier>
				<transform>
					<row0>	0.5625 0.0000 0.0000 0.0000	</row0>
					<row1>	0.0000 0.5625 0.0000 0.0000	</row1>
					<row2>	0.0000 0.0000 0.5625 0.0000	</row2>
					<row3>	0.1130 0.9111 0.8357 1.0000	</row3>
				</transform>
			</node>
			<node>
				<identifier>	MP_CM092_Siren	</identifier>
				<transform>
					<row0>	0.6597 0.0000 0.0000 0.0000	</row0>
					<row1>	0.0000 0.6558 -0.0723 0.0000	</row1>
					<row2>	0.0000 0.0723 0.6558 0.0000	</row2>
					<row3>	0.0027 0.8554 1.6095 1.0000	</row3>
				</transform>
			</node>
			<node>
				<identifier>	MP_CM118_Siren	</identifier>
				<transform>
					<row0>	0.0000 -0.0582 -0.5280 0.0000	</row0>
					<row1>	0.0000 0.5280 -0.0582 0.0000	</row1>
					<row2>	0.5312 0.0000 0.0000 0.0000	</row2>
					<row3>	-0.0042 0.8554 1.6095 1.0000	</row3>
				</transform>
			</node>
			<node>
				<identifier>	MP_CM126_Cleat	</identifier>
				<transform>
					<row0>	-0.4226 0.9063 0.0000 0.0000	</row0>
					<row1>	0.0000 0.0000 -1.0000 0.0000	</row1>
					<row2>	-0.9063 -0.4226 0.0000 0.0000	</row2>
					<row3>	-0.2791 0.3735 0.8959 1.0000	</row3>
				</transform>
			</node>
			<node>
				<identifier>	MP_CM126_Cleat_INDEX_1	</identifier>
				<transform>
					<row0>	1.0000 0.0000 0.0000 0.0000	</row0>
					<row1>	0.0000 0.0000 -1.0000 0.0000	</row1>
					<row2>	0.0000 1.0000 0.0000 0.0000	</row2>
					<row3>	-0.2472 0.3512 0.5046 1.0000	</row3>
				</transform>
			</node>
			<node>
				<identifier>	MP_CM126_Cleat_INDEX_2	</identifier>
				<transform>
					<row0>	1.0000 0.0000 0.0000 0.0000	</row0>
					<row1>	0.0000 0.0000 -1.0000 0.0000	</row1>
					<row2>	0.0000 1.0000 0.0000 0.0000	</row2>
					<row3>	-0.2428 0.2961 -0.0003 1.0000	</row3>
				</transform>
			</node>
			<node>
				<identifier>	MP_CM126_Cleat_INDEX_3	</identifier>
				<transform>
					<row0>	-0.7660 0.6428 0.0000 0.0000	</row0>
					<row1>	0.0000 0.0000 -1.0000 0.0000	</row1>
					<row2>	-0.6428 -0.7660 0.0000 0.0000	</row2>
					<row3>	-0.2728 0.3681 1.1237 1.0000	</row3>
				</transform>
			</node>
			<node>
				<identifier>	MP_CM126_Cleat_INDEX_4	</identifier>
				<transform>
					<row0>	1.0000 0.0000 0.0000 0.0000	</row0>
					<row1>	0.0000 0.0000 1.0000 0.0000	</row1>
					<row2>	0.0000 -1.0000 0.0000 0.0000	</row2>
					<row3>	-0.2472 0.3512 0.1282 1.0000	</row3>
				</transform>
			</node>
			<node>
				<identifier>	MP_WM004_Life_buoy	</identifier>
				<transform>
					<row0>	-0.2416 0.0000 -0.9704 0.0000	</row0>
					<row1>	0.0000 1.0000 0.0000 0.0000	</row1>
					<row2>	0.9704 0.0000 -0.2416 0.0000	</row2>
					<row3>	-0.2138 0.4661 1.9807 1.0000	</row3>
				</transform>
			</node>
			<node>
				<identifier>	MP_WM004_Life_buoy_INDEX_1	</identifier>
				<transform>
					<row0>	-0.2416 0.0000 0.9704 0.0000	</row0>
					<row1>	0.0000 1.0000 0.0000 0.0000	</row1>
					<row2>	-0.9704 0.0000 -0.2416 0.0000	</row2>
					<row3>	0.2138 0.4661 1.9807 1.0000	</row3>
				</transform>
			</node>
			<node>
				<identifier>	MP_WM007_Paravane	</identifier>
				<transform>
					<row0>	0.0000 -1.6983 -0.2995 0.0000	</row0>
					<row1>	-1.7179 0.0261 -0.1480 0.0000	</row1>
					<row2>	0.1503 0.2983 -1.6918 0.0000	</row2>
					<row3>	-0.3298 0.2869 0.7467 1.0000	</row3>
				</transform>
			</node>
			<node>
				<identifier>	MP_WM007_Paravane_INDEX_1	</identifier>
				<transform>
					<row0>	0.0000 1.6983 0.2995 0.0000	</row0>
					<row1>	1.7179 0.0261 -0.1480 0.0000	</row1>
					<row2>	-0.1503 0.2983 -1.6918 0.0000	</row2>
					<row3>	0.3298 0.2869 0.8068 1.0000	</row3>
				</transform>
			</node>
			<node>
				<identifier>	MP_WM019_Basket	</identifier>
				<transform>
					<row0>	0.0000 0.0000 -1.0000 0.0000	</row0>
					<row1>	0.0000 1.0000 0.0000 0.0000	</row1>
					<row2>	1.0000 0.0000 0.0000 0.0000	</row2>
					<row3>	-0.0490 0.4171 3.7500 1.0000	</row3>
				</transform>
			</node>
			<node>
				<identifier>	MP_WM019_Basket_INDEX_1	</identifier>
				<transform>
					<row0>	1.0000 0.0000 0.0000 0.0000	</row0>
					<row1>	0.0000 1.0000 0.0000 0.0000	</row1>
					<row2>	0.0000 0.0000 1.0000 0.0000	</row2>
					<row3>	0.0490 0.4171 3.7500 1.0000	</row3>
				</transform>
			</node>
			<node>
				<identifier>	MP_WM020_Reels	</identifier>
				<transform>
					<row0>	-0.2559 -0.0177 -0.9665 0.0000	</row0>
					<row1>	-0.0559 0.9984 -0.0035 0.0000	</row1>
					<row2>	0.9651 0.0532 -0.2565 0.0000	</row2>
					<row3>	-0.2282 0.5407 1.8036 1.0000	</row3>
				</transform>
			</node>
			<node>
				<identifier>	MP_WM020_Reels_INDEX_1	</identifier>
				<transform>
					<row0>	-0.2559 0.0177 0.9665 0.0000	</row0>
					<row1>	0.0559 0.9984 -0.0035 0.0000	</row1>
					<row2>	-0.9651 0.0532 -0.2565 0.0000	</row2>
					<row3>	0.2298 0.5406 1.7974 1.0000	</row3>
				</transform>
			</node>
			<node>
				<identifier>	MP_WM020_Reels_INDEX_2	</identifier>
				<transform>
					<row0>	-0.2416 0.0000 -0.9704 0.0000	</row0>
					<row1>	-0.9704 0.0000 0.2416 0.0000	</row1>
					<row2>	0.0000 1.0000 0.0000 0.0000	</row2>
					<row3>	-0.2415 0.4539 1.8578 1.0000	</row3>
				</transform>
			</node>
			<node>
				<identifier>	MP_WM025_Turtles_box_SW	</identifier>
				<transform>
					<row0>	-0.6036 0.0000 -0.7973 0.0000	</row0>
					<row1>	0.0000 1.0000 0.0000 0.0000	</row1>
					<row2>	0.7973 0.0000 -0.6036 0.0000	</row2>
					<row3>	0.1480 0.6064 1.4153 1.0000	</row3>
				</transform>
			</node>
			<node>
				<identifier>	MP_WM025_Turtles_box_SW_INDEX_1	</identifier>
				<transform>
					<row0>	-0.6036 0.0000 0.7973 0.0000	</row0>
					<row1>	0.0000 1.0000 0.0000 0.0000	</row1>
					<row2>	-0.7973 0.0000 -0.6036 0.0000	</row2>
					<row3>	-0.1480 0.6068 1.4153 1.0000	</row3>
				</transform>
			</node>
			<node>
				<identifier>	MP_WM026_Fire_hose_SW	</identifier>
				<transform>
					<row0>	0.2416 0.0000 0.9704 0.0000	</row0>
					<row1>	0.0000 1.0000 0.0000 0.0000	</row1>
					<row2>	-0.9704 0.0000 0.2416 0.0000	</row2>
					<row3>	-0.2322 0.4391 1.9102 1.0000	</row3>
				</transform>
			</node>
			<node>
				<identifier>	MP_WM026_Fire_hose_SW_INDEX_1	</identifier>
				<transform>
					<row0>	0.2416 0.0000 0.9704 0.0000	</row0>
					<row1>	0.0000 1.0000 0.0000 0.0000	</row1>
					<row2>	-0.9704 0.0000 0.2416 0.0000	</row2>
					<row3>	-0.2322 0.4756 1.9102 1.0000	</row3>
				</transform>
			</node>
			<node>
				<identifier>	MP_WM026_Fire_hose_SW_INDEX_2	</identifier>
				<transform>
					<row0>	0.0000 0.0000 -1.0000 0.0000	</row0>
					<row1>	0.0000 1.0000 0.0000 0.0000	</row1>
					<row2>	1.0000 0.0000 0.0000 0.0000	</row2>
					<row3>	0.1856 0.2720 0.7465 1.0000	</row3>
				</transform>
			</node>
			<node>
				<identifier>	MP_WM027_Fuel_Hose_SW	</identifier>
				<transform>
					<row0>	1.0000 0.0000 0.0000 0.0000	</row0>
					<row1>	0.0000 1.0000 0.0000 0.0000	</row1>
					<row2>	0.0000 0.0000 1.0000 0.0000	</row2>
					<row3>	0.0000 0.0000 0.0000 1.0000	</row3>
				</transform>
			</node>
			<node>
				<identifier>	MP_WM034_rotating_trolley	</identifier>
				<transform>
					<row0>	1.0600 0.0000 0.0000 0.0000	</row0>
					<row1>	0.0000 1.0600 0.0000 0.0000	</row1>
					<row2>	0.0000 0.0000 1.0600 0.0000	</row2>
					<row3>	-0.1727 0.3948 0.3964 1.0000	</row3>
				</transform>
			</node>
			<node>
				<identifier>	MP_WM034_rotating_trolley_INDEX_1	</identifier>
				<transform>
					<row0>	1.0600 0.0000 0.0000 0.0000	</row0>
					<row1>	0.0000 1.0600 0.0000 0.0000	</row1>
					<row2>	0.0000 0.0000 1.0600 0.0000	</row2>
					<row3>	0.1727 0.3923 0.1077 1.0000	</row3>
				</transform>
			</node>
			<node>
				<identifier>	MP_WM513_8m_Whaleboat_SW	</identifier>
				<transform>
					<row0>	1.0000 0.0000 0.0000 0.0000	</row0>
					<row1>	0.0000 1.0000 0.0000 0.0000	</row1>
					<row2>	0.0000 0.0000 1.0000 0.0000	</row2>
					<row3>	-0.3299 0.2809 0.3288 1.0000	</row3>
				</transform>
			</node>
			<node>
				<identifier>	MP_WM515_3_65_Dinghey	</identifier>
				<transform>
					<row0>	-0.0005 -0.9974 -0.0726 0.0000	</row0>
					<row1>	-0.9992 -0.0025 0.0409 0.0000	</row1>
					<row2>	-0.0410 0.0726 -0.9965 0.0000	</row2>
					<row3>	0.1521 0.4397 0.3502 1.0000	</row3>
				</transform>
			</node>
			<node>
				<identifier>	MP_WM516_Liferaft_type_20_10ft	</identifier>
				<transform>
					<row0>	-0.9981 0.0619 0.0000 0.0000	</row0>
					<row1>	0.0619 0.9981 0.0000 0.0000	</row1>
					<row2>	0.0000 0.0000 -1.0000 0.0000	</row2>
					<row3>	0.3225 0.4201 1.0936 1.0000	</row3>
				</transform>
			</node>
			<node>
				<identifier>	MP_WM516_Liferaft_type_20_10ft_INDEX_1	</identifier>
				<transform>
					<row0>	-0.9722 0.2343 0.0000 0.0000	</row0>
					<row1>	0.2343 0.9722 0.0000 0.0000	</row1>
					<row2>	0.0000 0.0000 -1.0000 0.0000	</row2>
					<row3>	0.3167 0.5672 1.5520 1.0000	</row3>
				</transform>
			</node>
			<node>
				<identifier>	MP_WM516_Liferaft_type_20_10ft_INDEX_2	</identifier>
				<transform>
					<row0>	-0.9981 0.0619 0.0000 0.0000	</row0>
					<row1>	0.0619 0.9981 0.0000 0.0000	</row1>
					<row2>	0.0000 0.0000 -1.0000 0.0000	</row2>
					<row3>	0.3209 0.3949 1.0936 1.0000	</row3>
				</transform>
			</node>
			<node>
				<identifier>	MP_WM516_Liferaft_type_20_10ft_INDEX_3	</identifier>
				<transform>
					<row0>	-0.9722 0.2343 0.0000 0.0000	</row0>
					<row1>	0.2343 0.9722 0.0000 0.0000	</row1>
					<row2>	0.0000 0.0000 -1.0000 0.0000	</row2>
					<row3>	0.3108 0.5427 1.5520 1.0000	</row3>
				</transform>
			</node>
			<node>
				<identifier>	MP_WM516_Liferaft_type_20_10ft_INDEX_4	</identifier>
				<transform>
					<row0>	0.9722 0.2343 0.0000 0.0000	</row0>
					<row1>	-0.2343 0.9722 0.0000 0.0000	</row1>
					<row2>	0.0000 0.0000 1.0000 0.0000	</row2>
					<row3>	-0.3167 0.5672 1.5520 1.0000	</row3>
				</transform>
			</node>
			<node>
				<identifier>	MP_WM516_Liferaft_type_20_10ft_INDEX_5	</identifier>
				<transform>
					<row0>	0.9722 0.2343 0.0000 0.0000	</row0>
					<row1>	-0.2343 0.9722 0.0000 0.0000	</row1>
					<row2>	0.0000 0.0000 1.0000 0.0000	</row2>
					<row3>	-0.3108 0.5427 1.5520 1.0000	</row3>
				</transform>
			</node>
			<node>
				<identifier>	MP_WM525_Motorboat_6m_SW	</identifier>
				<transform>
					<row0>	1.0000 0.0000 0.0000 0.0000	</row0>
					<row1>	0.0000 1.0000 0.0000 0.0000	</row1>
					<row2>	0.0000 0.0000 1.0000 0.0000	</row2>
					<row3>	-0.3165 0.4206 1.0186 1.0000	</row3>
				</transform>
			</node>
			<node>
				<identifier>	MP_WM526_Motorboat_9m_SW	</identifier>
				<transform>
					<row0>	1.0000 0.0000 0.0000 0.0000	</row0>
					<row1>	0.0000 1.0000 0.0000 0.0000	</row1>
					<row2>	0.0000 0.0000 1.0000 0.0000	</row2>
					<row3>	0.3170 0.2853 0.3746 1.0000	</row3>
				</transform>
			</node>
			<node>
				<identifier>	MP_WM600_MAG_SW	</identifier>
				<transform>
					<row0>	0.0000 0.0000 1.0000 0.0000	</row0>
					<row1>	0.0000 1.0000 0.0000 0.0000	</row1>
					<row2>	-1.0000 0.0000 0.0000 0.0000	</row2>
					<row3>	-0.1329 0.8491 1.2005 1.0000	</row3>
				</transform>
			</node>
			<node>
				<identifier>	MP_WM600_MAG_SW_INDEX_1	</identifier>
				<transform>
					<row0>	0.7071 0.0000 -0.7071 0.0000	</row0>
					<row1>	0.0000 1.0000 0.0000 0.0000	</row1>
					<row2>	0.7071 0.0000 0.7071 0.0000	</row2>
					<row3>	0.1345 0.8318 1.3450 1.0000	</row3>
				</transform>
			</node>
			<node>
				<identifier>	MP_WM600_MAG_SW_INDEX_2	</identifier>
				<transform>
					<row0>	0.7071 0.0000 0.7071 0.0000	</row0>
					<row1>	0.0000 1.0000 0.0000 0.0000	</row1>
					<row2>	-0.7071 0.0000 0.7071 0.0000	</row2>
					<row3>	-0.1345 0.8318 1.3450 1.0000	</row3>
				</transform>
			</node>
			<node>
				<identifier>	MP_WM600_MAG_SW_INDEX_3	</identifier>
				<transform>
					<row0>	0.0000 0.0000 -1.0000 0.0000	</row0>
					<row1>	0.0000 1.0000 0.0000 0.0000	</row1>
					<row2>	1.0000 0.0000 0.0000 0.0000	</row2>
					<row3>	0.1329 0.8491 1.2005 1.0000	</row3>
				</transform>
			</node>
			<node>
				<identifier>	MP_WM602_Pelorus_SW	</identifier>
				<transform>
					<row0>	0.0000 0.0000 1.0000 0.0000	</row0>
					<row1>	0.0000 1.0000 0.0000 0.0000	</row1>
					<row2>	-1.0000 0.0000 0.0000 0.0000	</row2>
					<row3>	-0.1765 0.9206 1.4376 1.0000	</row3>
				</transform>
			</node>
			<node>
				<identifier>	MP_WM602_Pelorus_SW_INDEX_1	</identifier>
				<transform>
					<row0>	0.0000 0.0000 -1.0000 0.0000	</row0>
					<row1>	0.0000 1.0000 0.0000 0.0000	</row1>
					<row2>	1.0000 0.0000 0.0000 0.0000	</row2>
					<row3>	0.1765 0.9206 1.4376 1.0000	</row3>
				</transform>
			</node>
			<node>
				<identifier>	MP_WM800_Ventilation_SW	</identifier>
				<transform>
					<row0>	-0.7273 0.0000 0.0000 0.0000	</row0>
					<row1>	0.0000 0.7273 0.0000 0.0000	</row1>
					<row2>	0.0000 0.0000 -0.7273 0.0000	</row2>
					<row3>	-0.1444 0.4069 2.2160 1.0000	</row3>
				</transform>
			</node>
			<node>
				<identifier>	MP_WM902_Crane_SW	</identifier>
				<transform>
					<row0>	0.0000 0.0000 -1.0000 0.0000	</row0>
					<row1>	0.0000 1.0000 0.0000 0.0000	</row1>
					<row2>	1.0000 0.0000 0.0000 0.0000	</row2>
					<row3>	0.2465 0.2308 0.0130 1.0000	</row3>
				</transform>
			</node>
			<node>
				<identifier>	MP_WM903_Crane_top_SW	</identifier>
				<transform>
					<row0>	0.9962 0.0000 -0.0872 0.0000	</row0>
					<row1>	0.0000 1.0000 0.0000 0.0000	</row1>
					<row2>	0.0872 0.0000 0.9962 0.0000	</row2>
					<row3>	0.2465 0.2308 0.0130 1.0000	</row3>
				</transform>
			</node>
			<node>
				<identifier>	MP_WM954_Boat_Winch_SW	</identifier>
				<transform>
					<row0>	-0.9848 0.0000 -0.1736 0.0000	</row0>
					<row1>	0.0000 1.0000 0.0000 0.0000	</row1>
					<row2>	0.1736 0.0000 -0.9848 0.0000	</row2>
					<row3>	0.3267 0.2338 1.1250 1.0000	</row3>
				</transform>
			</node>
			<node>
				<identifier>	MP_WM959_Bollard_SW	</identifier>
				<transform>
					<row0>	0.9960 -0.0262 0.0859 0.0000	</row0>
					<row1>	0.0268 0.9996 -0.0065 0.0000	</row1>
					<row2>	-0.0857 0.0088 0.9963 0.0000	</row2>
					<row3>	0.3061 0.4016 2.7931 1.0000	</row3>
				</transform>
			</node>
			<node>
				<identifier>	MP_WM959_Bollard_SW_INDEX_1	</identifier>
				<transform>
					<row0>	0.9960 0.0262 -0.0859 0.0000	</row0>
					<row1>	-0.0268 0.9996 -0.0065 0.0000	</row1>
					<row2>	0.0857 0.0088 0.9963 0.0000	</row2>
					<row3>	-0.3061 0.4016 2.7931 1.0000	</row3>
				</transform>
			</node>
			<node>
				<identifier>	MP_WM959_Bollard_SW_INDEX_2	</identifier>
				<transform>
					<row0>	1.0000 0.0000 0.0000 0.0000	</row0>
					<row1>	0.0000 1.0000 0.0000 0.0000	</row1>
					<row2>	0.0000 0.0000 1.0000 0.0000	</row2>
					<row3>	0.0000 0.4184 3.8384 1.0000	</row3>
				</transform>
			</node>
			<node>
				<identifier>	MP_WM959_Bollard_SW_INDEX_3	</identifier>
				<transform>
					<row0>	0.9776 -0.0249 0.2090 0.0000	</row0>
					<row1>	0.0268 0.9996 -0.0065 0.0000	</row1>
					<row2>	-0.2088 0.0120 0.9779 0.0000	</row2>
					<row3>	0.2117 0.4094 3.4576 1.0000	</row3>
				</transform>
			</node>
			<node>
				<identifier>	MP_WM959_Bollard_SW_INDEX_4	</identifier>
				<transform>
					<row0>	0.9776 0.0249 -0.2090 0.0000	</row0>
					<row1>	-0.0268 0.9996 -0.0065 0.0000	</row1>
					<row2>	0.2088 0.0120 0.9779 0.0000	</row2>
					<row3>	-0.2117 0.4094 3.4576 1.0000	</row3>
				</transform>
			</node>
			<node>
				<identifier>	MP_WM960_Boat_Winch_SW_L	</identifier>
				<transform>
					<row0>	-1.0000 0.0000 0.0000 0.0000	</row0>
					<row1>	0.0000 1.0000 0.0000 0.0000	</row1>
					<row2>	0.0000 0.0000 -1.0000 0.0000	</row2>
					<row3>	-0.2924 0.2337 1.0226 1.0000	</row3>
				</transform>
			</node>
			<node>
				<identifier>	MP_WM961_Fender_long_SW	</identifier>
				<transform>
					<row0>	0.0000 0.0000 -1.0000 0.0000	</row0>
					<row1>	0.0000 1.0000 0.0000 0.0000	</row1>
					<row2>	1.0000 0.0000 0.0000 0.0000	</row2>
					<row3>	0.2961 0.4331 1.5266 1.0000	</row3>
				</transform>
			</node>
			<node>
				<identifier>	MP_WM961_Fender_long_SW_INDEX_1	</identifier>
				<transform>
					<row0>	0.0000 0.0000 1.0000 0.0000	</row0>
					<row1>	0.0000 1.0000 0.0000 0.0000	</row1>
					<row2>	-1.0000 0.0000 0.0000 0.0000	</row2>
					<row3>	-0.2961 0.4313 1.5239 1.0000	</row3>
				</transform>
			</node>
			<node>
				<identifier>	SP_YMS011_YHWL_M_1	</identifier>
				<transform>
					<row0>	0.8984 0.2763 -0.1310 0.0000	</row0>
					<row1>	-0.2748 0.9079 0.0303 0.0000	</row1>
					<row2>	0.1341 0.0092 0.9394 0.0000	</row2>
					<row3>	-0.2038 0.0000 2.7518 1.0000	</row3>
				</transform>
			</node>
			<node>
				<identifier>	SP_YMS011_YHWL_M_1_INDEX_1	</identifier>
				<transform>
					<row0>	0.9242 0.1910 -0.1003 0.0000	</row0>
					<row1>	-0.1901 0.9296 0.0192 0.0000	</row1>
					<row2>	0.1021 0.0014 0.9435 0.0000	</row2>
					<row3>	-0.3077 0.0000 1.9524 1.0000	</row3>
				</transform>
			</node>
			<node>
				<identifier>	SP_YMS011_YHWL_M_1_INDEX_2	</identifier>
				<transform>
					<row0>	0.9415 0.1095 -0.0468 0.0000	</row0>
					<row1>	-0.1094 0.9427 0.0039 0.0000	</row1>
					<row2>	0.0469 0.0015 0.9478 0.0000	</row2>
					<row3>	-0.3726 0.0000 1.1498 1.0000	</row3>
				</transform>
			</node>
			<node>
				<identifier>	SP_YMS011_YHWL_M_1_INDEX_3	</identifier>
				<transform>
					<row0>	0.9415 0.1147 -0.0308 0.0000	</row0>
					<row1>	-0.1148 0.9420 -0.0008 0.0000	</row1>
					<row2>	0.0305 0.0045 0.9485 0.0000	</row2>
					<row3>	-0.4095 0.0000 0.3438 1.0000	</row3>
				</transform>
			</node>
			<node>
				<identifier>	SP_YMS012_YHWR_M_1	</identifier>
				<transform>
					<row0>	0.8984 -0.2763 0.1310 0.0000	</row0>
					<row1>	0.2748 0.9079 0.0303 0.0000	</row1>
					<row2>	-0.1341 0.0092 0.9394 0.0000	</row2>
					<row3>	0.2038 0.0000 2.7518 1.0000	</row3>
				</transform>
			</node>
			<node>
				<identifier>	SP_YMS012_YHWR_M_1_INDEX_1	</identifier>
				<transform>
					<row0>	0.9242 -0.1910 0.1003 0.0000	</row0>
					<row1>	0.1901 0.9296 0.0192 0.0000	</row1>
					<row2>	-0.1021 0.0014 0.9435 0.0000	</row2>
					<row3>	0.3077 0.0000 1.9524 1.0000	</row3>
				</transform>
			</node>
			<node>
				<identifier>	SP_YMS012_YHWR_M_1_INDEX_2	</identifier>
				<transform>
					<row0>	0.9415 -0.1095 0.0468 0.0000	</row0>
					<row1>	0.1094 0.9427 0.0039 0.0000	</row1>
					<row2>	-0.0469 0.0015 0.9478 0.0000	</row2>
					<row3>	0.3726 0.0000 1.1498 1.0000	</row3>
				</transform>
			</node>
			<node>
				<identifier>	SP_YMS012_YHWR_M_1_INDEX_3	</identifier>
				<transform>
					<row0>	0.9415 -0.1147 0.0308 0.0000	</row0>
					<row1>	0.1148 0.9420 -0.0008 0.0000	</row1>
					<row2>	-0.0305 0.0045 0.9485 0.0000	</row2>
					<row3>	0.4095 0.0000 0.3438 1.0000	</row3>
				</transform>
			</node>
			<node>
				<identifier>	SP_YMS040_YHCC_M_1	</identifier>
				<transform>
					<row0>	0.7000 0.0000 0.0000 0.0000	</row0>
					<row1>	0.0000 0.7000 0.0000 0.0000	</row1>
					<row2>	0.0000 0.0000 0.7000 0.0000	</row2>
					<row3>	-0.0659 0.7859 1.6016 1.0000	</row3>
				</transform>
			</node>
			<node>
				<identifier>	SP_YMS040_YHCC_M_1_INDEX_1	</identifier>
				<transform>
					<row0>	0.7000 0.0000 0.0000 0.0000	</row0>
					<row1>	0.0000 0.7000 0.0000 0.0000	</row1>
					<row2>	0.0000 0.0000 0.7000 0.0000	</row2>
					<row3>	0.0659 0.7859 1.6016 1.0000	</row3>
				</transform>
			</node>
			<node>
				<identifier>	SP_YMS040_YHCC_M_1_INDEX_2	</identifier>
				<transform>
					<row0>	0.0000 0.0000 0.7213 0.0000	</row0>
					<row1>	0.0000 0.7213 0.0000 0.0000	</row1>
					<row2>	-0.7213 0.0000 0.0000 0.0000	</row2>
					<row3>	-0.1620 0.7859 1.5071 1.0000	</row3>
				</transform>
			</node>
			<node>
				<identifier>	SP_YMS040_YHCC_M_1_INDEX_3	</identifier>
				<transform>
					<row0>	0.0000 0.0000 -0.7213 0.0000	</row0>
					<row1>	0.0000 0.7213 0.0000 0.0000	</row1>
					<row2>	0.7213 0.0000 0.0000 0.0000	</row2>
					<row3>	0.1620 0.7859 1.5071 1.0000	</row3>
				</transform>
			</node>
			<node>
				<identifier>	SP_YMS041_YHCS_M_1	</identifier>
				<transform>
					<row0>	-0.7442 0.0000 0.0000 0.0000	</row0>
					<row1>	0.0000 0.7442 0.0000 0.0000	</row1>
					<row2>	0.0000 0.0000 -0.7442 0.0000	</row2>
					<row3>	-0.3165 0.4573 1.0186 1.0000	</row3>
				</transform>
			</node>
			<node>
				<identifier>	SP_YMS041_YHCS_M_1_INDEX_1	</identifier>
				<transform>
					<row0>	-1.0000 0.0000 0.0000 0.0000	</row0>
					<row1>	0.0000 0.9992 0.0406 0.0000	</row1>
					<row2>	0.0000 0.0406 -0.9992 0.0000	</row2>
					<row3>	0.3170 0.3156 0.3746 1.0000	</row3>
				</transform>
			</node>
			<node>
				<identifier>	SP_YMS041_YHCS_M_1_INDEX_2	</identifier>
				<transform>
					<row0>	0.0000 -0.5652 0.0000 0.0000	</row0>
					<row1>	0.5652 0.0000 0.0000 0.0000	</row1>
					<row2>	0.0000 0.0000 0.5652 0.0000	</row2>
					<row3>	0.1336 0.4412 0.3367 1.0000	</row3>
				</transform>
			</node>
			<node>
				<identifier>	SP_YMS041_YHCS_M_1_INDEX_3	</identifier>
				<transform>
					<row0>	-1.0000 0.0000 0.0000 0.0000	</row0>
					<row1>	0.0000 1.0000 0.0000 0.0000	</row1>
					<row2>	0.0000 0.0000 -1.0000 0.0000	</row2>
					<row3>	-0.3299 0.3550 0.3288 1.0000	</row3>
				</transform>
			</node>
			<node>
				<identifier>	SP_YMS042_YHPL_L_1	</identifier>
				<transform>
					<row0>	0.7395 -0.0012 0.0016 0.0000	</row0>
					<row1>	0.0014 0.7324 -0.1020 0.0000	</row1>
					<row2>	-0.0014 0.1020 0.7324 0.0000	</row2>
					<row3>	0.0000 0.9894 0.4063 1.0000	</row3>
				</transform>
			</node>
			<node>
				<identifier>	SP_YMS042_YHPL_L_1_INDEX_1	</identifier>
				<transform>
					<row0>	-0.5805 -0.0032 0.5805 0.0000	</row0>
					<row1>	0.0000 0.8210 0.0045 0.0000	</row1>
					<row2>	-0.5805 0.0032 -0.5805 0.0000	</row2>
					<row3>	0.0000 0.9602 0.3569 1.0000	</row3>
				</transform>
			</node>
			<node>
				<identifier>	SP_YMS043_YHPR_L_1	</identifier>
				<transform>
					<row0>	0.7395 0.0012 -0.0016 0.0000	</row0>
					<row1>	-0.0014 0.7324 -0.1020 0.0000	</row1>
					<row2>	0.0014 0.1020 0.7324 0.0000	</row2>
					<row3>	0.0000 0.9894 0.4063 1.0000	</row3>
				</transform>
			</node>
			<node>
				<identifier>	SP_YMS050_YHDC_M_1	</identifier>
				<transform>
					<row0>	-0.1169 -0.0145 -0.4694 0.0000	</row0>
					<row1>	-0.0287 0.4831 -0.0078 0.0000	</row1>
					<row2>	0.4485 0.0248 -0.1125 0.0000	</row2>
					<row3>	-0.1855 0.4050 2.0885 1.0000	</row3>
				</transform>
			</node>
			<node>
				<identifier>	SP_YMS050_YHDC_M_1_INDEX_1	</identifier>
				<transform>
					<row0>	-0.1169 0.0145 0.4694 0.0000	</row0>
					<row1>	0.0287 0.4831 -0.0078 0.0000	</row1>
					<row2>	-0.4485 0.0248 -0.1125 0.0000	</row2>
					<row3>	0.1855 0.4050 2.0885 1.0000	</row3>
				</transform>
			</node>
			<node>
				<identifier>	SP_YMS050_YHDC_M_1_INDEX_2	</identifier>
				<transform>
					<row0>	-0.1156 -0.0154 -0.4698 0.0000	</row0>
					<row1>	-0.0265 0.4832 -0.0094 0.0000	</row1>
					<row2>	0.4489 0.0225 -0.1112 0.0000	</row2>
					<row3>	-0.2296 0.3993 1.9126 1.0000	</row3>
				</transform>
			</node>
			<node>
				<identifier>	SP_YMS050_YHDC_M_1_INDEX_3	</identifier>
				<transform>
					<row0>	-0.1156 0.0154 0.4698 0.0000	</row0>
					<row1>	0.0265 0.4832 -0.0094 0.0000	</row1>
					<row2>	-0.4489 0.0225 -0.1112 0.0000	</row2>
					<row3>	0.2296 0.3993 1.9126 1.0000	</row3>
				</transform>
			</node>
			<node>
				<identifier>	SP_YMS053_YHDC_S_1	</identifier>
				<transform>
					<row0>	0.7393 0.0000 0.0000 0.0000	</row0>
					<row1>	0.0000 0.7393 0.0000 0.0000	</row1>
					<row2>	0.0000 0.0000 0.7393 0.0000	</row2>
					<row3>	-0.1423 0.4787 1.8384 1.0000	</row3>
				</transform>
			</node>
			<node>
				<identifier>	SP_YMS053_YHDC_S_1_INDEX_1	</identifier>
				<transform>
					<row0>	0.7393 0.0000 0.0000 0.0000	</row0>
					<row1>	0.0000 0.7393 0.0000 0.0000	</row1>
					<row2>	0.0000 0.0000 0.7393 0.0000	</row2>
					<row3>	0.0000 0.5509 0.1799 1.0000	</row3>
				</transform>
			</node>
			<node>
				<identifier>	SP_YMS053_YHDC_S_1_INDEX_2	</identifier>
				<transform>
					<row0>	0.7393 0.0000 0.0000 0.0000	</row0>
					<row1>	0.0000 0.7393 0.0000 0.0000	</row1>
					<row2>	0.0000 0.0000 0.7393 0.0000	</row2>
					<row3>	0.0000 0.3546 -0.0523 1.0000	</row3>
				</transform>
			</node>
			<node>
				<identifier>	SP_YMS064_YHGQ_M_1	</identifier>
				<transform>
					<row0>	0.3321 0.0000 -0.3321 0.0000	</row0>
					<row1>	0.0000 0.4697 0.0000 0.0000	</row1>
					<row2>	0.3321 0.0000 0.3321 0.0000	</row2>
					<row3>	-0.2237 0.7017 0.9929 1.0000	</row3>
				</transform>
			</node>
			<node>
				<identifier>	SP_YMS064_YHGQ_M_1_INDEX_1	</identifier>
				<transform>
					<row0>	0.3321 0.0000 0.3321 0.0000	</row0>
					<row1>	0.0000 0.4697 0.0000 0.0000	</row1>
					<row2>	-0.3321 0.0000 0.3321 0.0000	</row2>
					<row3>	0.2237 0.7017 0.9929 1.0000	</row3>
				</transform>
			</node>
			<node>
				<identifier>	SP_YMS072_YHHC_M_1	</identifier>
				<transform>
					<row0>	-0.0098 0.0000 -0.4999 0.0000	</row0>
					<row1>	0.0021 0.5000 0.0000 0.0000	</row1>
					<row2>	0.4999 -0.0021 -0.0098 0.0000	</row2>
					<row3>	-0.4140 0.1206 0.1051 1.0000	</row3>
				</transform>
			</node>
			<node>
				<identifier>	SP_YMS072_YHHC_M_1_INDEX_1	</identifier>
				<transform>
					<row0>	-0.0098 0.0000 0.4999 0.0000	</row0>
					<row1>	-0.0021 0.5000 0.0000 0.0000	</row1>
					<row2>	-0.4999 -0.0021 -0.0098 0.0000	</row2>
					<row3>	0.4140 0.1206 0.1051 1.0000	</row3>
				</transform>
			</node>
			<node>
				<identifier>	SP_YMS080_YHSL_M_1	</identifier>
				<transform>
					<row0>	0.6355 0.2266 -0.0670 0.0000	</row0>
					<row1>	-0.2280 0.6385 -0.0040 0.0000	</row1>
