<BSS001_Alliance_1960_MidBack_ports.visual>
	<node>
		<identifier>	Scene Root	</identifier>
		<transform>
			<row0>	1.0000 0.0000 0.0000 0.0000	</row0>
			<row1>	0.0000 1.0000 0.0000 0.0000	</row1>
			<row2>	0.0000 0.0000 1.0000 0.0000	</row2>
			<row3>	0.0000 0.0000 0.0000 1.0000	</row3>
		</transform>
		<node>
			<identifier>	MidBack_ports	</identifier>
			<transform>
				<row0>	1.0000 0.0000 0.0000 0.0000	</row0>
				<row1>	0.0000 1.0000 0.0000 0.0000	</row1>
				<row2>	0.0000 0.0000 1.0000 0.0000	</row2>
				<row3>	0.0000 0.0000 0.0000 1.0000	</row3>
			</transform>
			<node>
				<identifier>	HP_FX_Death_3	</identifier>
				<transform>
					<row0>	1.0000 0.0000 0.0000 0.0000	</row0>
					<row1>	0.0000 1.0000 0.0000 0.0000	</row1>
					<row2>	0.0000 0.0000 1.0000 0.0000	</row2>
					<row3>	0.0000 0.0000 -1.5909 1.0000	</row3>
				</transform>
			</node>
			<node>
				<identifier>	HP_FX_Descent_2	</identifier>
				<transform>
					<row0>	-0.1299 -0.9915 0.0000 0.0000	</row0>
					<row1>	0.9915 -0.1299 0.0000 0.0000	</row1>
					<row2>	0.0000 0.0000 1.0000 0.0000	</row2>
					<row3>	0.1219 0.0860 -0.2120 1.0000	</row3>
				</transform>
			</node>
			<node>
				<identifier>	HP_FX_Descent_4	</identifier>
				<transform>
					<row0>	-0.1381 -0.9904 0.0000 0.0000	</row0>
					<row1>	-0.9904 0.1381 0.0000 0.0000	</row1>
					<row2>	0.0000 0.0000 -1.0000 0.0000	</row2>
					<row3>	-0.0868 0.0801 -1.2376 1.0000	</row3>
				</transform>
			</node>
			<node>
				<identifier>	HP_FX_Fire_2	</identifier>
				<transform>
					<row0>	1.0000 0.0000 0.0000 0.0000	</row0>
					<row1>	0.0000 1.0000 0.0000 0.0000	</row1>
					<row2>	0.0000 0.0000 1.0000 0.0000	</row2>
					<row3>	0.0000 0.5587 -0.2707 1.0000	</row3>
				</transform>
			</node>
			<node>
				<identifier>	HP_FX_Flood_steam_1	</identifier>
				<transform>
					<row0>	0.1367 -0.9855 0.1005 0.0000	</row0>
					<row1>	0.9905 0.1374 0.0000 0.0000	</row1>
					<row2>	-0.0138 0.0995 0.9949 0.0000	</row2>
					<row3>	0.1076 0.0823 -0.9777 1.0000	</row3>
				</transform>
			</node>
			<node>
				<identifier>	HP_FX_Flood_steam_2	</identifier>
				<transform>
					<row0>	0.4141 0.9102 0.0000 0.0000	</row0>
					<row1>	-0.9102 0.4141 0.0000 0.0000	</row1>
					<row2>	0.0000 0.0000 1.0000 0.0000	</row2>
					<row3>	-0.0736 0.0768 -1.5300 1.0000	</row3>
				</transform>
			</node>
			<node>
				<identifier>	HP_FX_Oil	</identifier>
				<transform>
					<row0>	0.8359 -0.5489 0.0000 0.0000	</row0>
					<row1>	0.5488 0.8357 0.0198 0.0000	</row1>
					<row2>	-0.0109 -0.0166 0.9998 0.0000	</row2>
					<row3>	0.0898 0.0791 -1.2046 1.0000	</row3>
				</transform>
			</node>
			<node>
				<identifier>	HP_FX_Runoff_deluge_left_10	</identifier>
				<transform>
					<row0>	-0.9898 -0.1421 0.0012 0.0000	</row0>
					<row1>	-0.1421 0.9898 -0.0002 0.0000	</row1>
					<row2>	-0.0011 -0.0004 -1.0000 0.0000	</row2>
					<row3>	-0.0766 0.0696 -1.7211 1.0000	</row3>
				</transform>
			</node>
			<node>
				<identifier>	HP_FX_Runoff_deluge_left_5	</identifier>
				<transform>
					<row0>	-0.9921 0.1254 0.0046 0.0000	</row0>
					<row1>	0.1255 0.9919 0.0201 0.0000	</row1>
					<row2>	-0.0020 0.0205 -0.9998 0.0000	</row2>
					<row3>	-0.1231 0.0784 -0.1905 1.0000	</row3>
				</transform>
			</node>
			<node>
				<identifier>	HP_FX_Runoff_deluge_left_6	</identifier>
				<transform>
					<row0>	-0.9999 0.0109 0.0046 0.0000	</row0>
					<row1>	0.0109 0.9997 0.0201 0.0000	</row1>
					<row2>	-0.0043 0.0202 -0.9998 0.0000	</row2>
					<row3>	-0.1224 0.0870 -0.4929 1.0000	</row3>
				</transform>
			</node>
			<node>
				<identifier>	HP_FX_Runoff_deluge_left_7	</identifier>
				<transform>
					<row0>	-0.9988 0.0493 0.0012 0.0000	</row0>
					<row1>	0.0493 0.9988 -0.0002 0.0000	</row1>
					<row2>	-0.0012 -0.0001 -1.0000 0.0000	</row2>
					<row3>	-0.1214 0.0819 -0.7772 1.0000	</row3>
				</transform>
			</node>
			<node>
				<identifier>	HP_FX_Runoff_deluge_left_8	</identifier>
				<transform>
					<row0>	-0.9996 0.0265 0.0012 0.0000	</row0>
					<row1>	0.0265 0.9996 -0.0002 0.0000	</row1>
					<row2>	-0.0012 -0.0002 -1.0000 0.0000	</row2>
					<row3>	-0.1029 0.0790 -1.0405 1.0000	</row3>
				</transform>
			</node>
			<node>
				<identifier>	HP_FX_Runoff_deluge_left_9	</identifier>
				<transform>
					<row0>	-0.9986 -0.0533 -0.0022 0.0000	</row0>
					<row1>	-0.0533 0.9984 -0.0205 0.0000	</row1>
					<row2>	0.0033 -0.0204 -0.9998 0.0000	</row2>
					<row3>	-0.0740 0.0770 -1.4703 1.0000	</row3>
				</transform>
			</node>
			<node>
				<identifier>	HP_FX_Runoff_deluge_right_10	</identifier>
				<transform>
					<row0>	0.9899 -0.1421 0.0000 0.0000	</row0>
					<row1>	0.1421 0.9899 0.0004 0.0000	</row1>
					<row2>	0.0000 -0.0004 1.0000 0.0000	</row2>
					<row3>	0.0770 0.0700 -1.7211 1.0000	</row3>
				</transform>
			</node>
			<node>
				<identifier>	HP_FX_Runoff_deluge_right_5	</identifier>
				<transform>
					<row0>	0.9921 0.1254 -0.0026 0.0000	</row0>
					<row1>	-0.1254 0.9919 -0.0204 0.0000	</row1>
					<row2>	0.0000 0.0205 0.9998 0.0000	</row2>
					<row3>	0.1229 0.0819 -0.2059 1.0000	</row3>
				</transform>
			</node>
			<node>
				<identifier>	HP_FX_Runoff_deluge_right_6	</identifier>
				<transform>
					<row0>	0.9999 0.0109 -0.0002 0.0000	</row0>
					<row1>	-0.0109 0.9997 -0.0202 0.0000	</row1>
					<row2>	0.0000 0.0202 0.9998 0.0000	</row2>
					<row3>	0.1219 0.0870 -0.4928 1.0000	</row3>
				</transform>
			</node>
			<node>
				<identifier>	HP_FX_Runoff_deluge_right_7	</identifier>
				<transform>
					<row0>	0.9988 0.0493 0.0000 0.0000	</row0>
					<row1>	-0.0493 0.9988 0.0001 0.0000	</row1>
					<row2>	0.0000 -0.0001 1.0000 0.0000	</row2>
					<row3>	0.1219 0.0820 -0.7776 1.0000	</row3>
				</transform>
			</node>
			<node>
				<identifier>	HP_FX_Runoff_deluge_right_8	</identifier>
				<transform>
					<row0>	0.9997 0.0265 0.0000 0.0000	</row0>
					<row1>	-0.0265 0.9997 0.0002 0.0000	</row1>
					<row2>	0.0000 -0.0002 1.0000 0.0000	</row2>
					<row3>	0.1029 0.0790 -1.0405 1.0000	</row3>
				</transform>
			</node>
			<node>
				<identifier>	HP_FX_Runoff_deluge_right_9	</identifier>
				<transform>
					<row0>	0.9986 -0.0533 -0.0011 0.0000	</row0>
					<row1>	0.0533 0.9984 0.0203 0.0000	</row1>
					<row2>	0.0000 -0.0204 0.9998 0.0000	</row2>
					<row3>	0.0740 0.0770 -1.4703 1.0000	</row3>
				</transform>
			</node>
			<node>
				<identifier>	HP_FX_Runoff_left_3	</identifier>
				<transform>
					<row0>	-0.9418 0.3237 -0.0894 0.0000	</row0>
					<row1>	0.3242 0.9459 0.0095 0.0000	</row1>
					<row2>	0.0876 -0.0200 -0.9959 0.0000	</row2>
					<row3>	-0.0874 0.1149 -1.1334 1.0000	</row3>
				</transform>
			</node>
			<node>
				<identifier>	HP_FX_Runoff_right_3	</identifier>
				<transform>
					<row0>	0.9442 0.3238 -0.0611 0.0000	</row0>
					<row1>	-0.3217 0.9459 0.0420 0.0000	</row1>
					<row2>	0.0713 -0.0200 0.9973 0.0000	</row2>
					<row3>	0.0870 0.1149 -1.1334 1.0000	</row3>
				</transform>
			</node>
			<node>
				<identifier>	HP_FX_Runoff_tower_left_1	</identifier>
				<transform>
					<row0>	-0.9967 0.0000 -0.0830 0.0000	</row0>
					<row1>	0.0000 1.0000 0.0000 0.0000	</row1>
					<row2>	0.0830 0.0000 -0.9967 0.0000	</row2>
					<row3>	-0.0472 0.5572 -0.2220 1.0000	</row3>
				</transform>
			</node>
			<node>
				<identifier>	HP_FX_Runoff_tower_right_1	</identifier>
				<transform>
					<row0>	0.9993 0.0000 -0.0372 0.0000	</row0>
					<row1>	0.0000 1.0000 0.0000 0.0000	</row1>
					<row2>	0.0372 0.0000 0.9993 0.0000	</row2>
					<row3>	0.0470 0.5567 -0.2219 1.0000	</row3>
				</transform>
			</node>
			<node>
				<identifier>	HP_FX_Runoff_up_left_4	</identifier>
				<transform>
					<row0>	-0.9999 -0.0095 -0.0126 0.0000	</row0>
					<row1>	-0.0095 1.0001 -0.0022 0.0000	</row1>
					<row2>	0.0127 -0.0021 -1.0000 0.0000	</row2>
					<row3>	-0.0804 0.1167 -0.4864 1.0000	</row3>
				</transform>
			</node>
			<node>
				<identifier>	HP_FX_Runoff_up_right_4	</identifier>
				<transform>
					<row0>	0.9999 -0.0095 -0.0076 0.0000	</row0>
					<row1>	0.0095 1.0000 -0.0022 0.0000	</row1>
					<row2>	0.0076 0.0021 1.0000 0.0000	</row2>
					<row3>	0.0800 0.1169 -0.4868 1.0000	</row3>
				</transform>
			</node>
			<node>
				<identifier>	HP_FX_WakeTraceBack_tower	</identifier>
				<transform>
					<row0>	1.0000 0.0000 0.0000 0.0000	</row0>
					<row1>	0.0000 1.0000 0.0000 0.0000	</row1>
					<row2>	0.0000 0.0000 1.0000 0.0000	</row2>
					<row3>	0.0012 0.1414 -0.4417 1.0000	</row3>
				</transform>
			</node>
			<node>
				<identifier>	HP_FX_WakeTraceBack_tower_2	</identifier>
				<transform>
					<row0>	1.0000 0.0000 0.0000 0.0000	</row0>
					<row1>	0.0000 1.0000 0.0000 0.0000	</row1>
					<row2>	0.0000 0.0000 1.0000 0.0000	</row2>
					<row3>	0.0048 0.3982 -0.4031 1.0000	</row3>
				</transform>
			</node>
			<node>
				<identifier>	HP_Ship_death_2	</identifier>
				<transform>
					<row0>	1.0000 0.0000 0.0000 0.0000	</row0>
					<row1>	0.0000 1.0000 0.0000 0.0000	</row1>
					<row2>	0.0000 0.0000 1.0000 0.0000	</row2>
					<row3>	0.0000 0.0000 -0.1541 1.0000	</row3>
				</transform>
			</node>
		</node>
	</node>
	<boundingBox>
		<min>	-0.0667 -0.0667 -0.0667	</min>
		<max>	0.0667 0.0667 0.0667	</max>
	</boundingBox>
</BSS001_Alliance_1960_MidBack_ports.visual>
