<RSC008_Orlan_1941_Bow_ports.visual>
	<node>
		<identifier>	Scene Root	</identifier>
		<transform>
			<row0>	1.0000 0.0000 0.0000 0.0000	</row0>
			<row1>	0.0000 1.0000 0.0000 0.0000	</row1>
			<row2>	0.0000 0.0000 1.0000 0.0000	</row2>
			<row3>	0.0000 0.0000 0.0000 1.0000	</row3>
		</transform>
		<node>
			<identifier>	Bow_ports	</identifier>
			<transform>
				<row0>	1.0000 0.0000 0.0000 0.0000	</row0>
				<row1>	0.0000 1.0000 0.0000 0.0000	</row1>
				<row2>	0.0000 0.0000 1.0000 0.0000	</row2>
				<row3>	0.0000 0.0000 0.0000 1.0000	</row3>
			</transform>
			<node>
				<identifier>	HP_FX_Fire_1	</identifier>
				<transform>
					<row0>	1.0000 0.0000 0.0000 0.0000	</row0>
					<row1>	0.0000 1.0000 0.0000 0.0000	</row1>
					<row2>	0.0000 0.0000 1.0000 0.0000	</row2>
					<row3>	0.0000 0.3366 2.3644 1.0000	</row3>
				</transform>
			</node>
			<node>
				<identifier>	HP_FX_WakeTrace	</identifier>
				<transform>
					<row0>	1.0000 0.0000 0.0000 0.0000	</row0>
					<row1>	0.0000 1.0000 0.0000 0.0000	</row1>
					<row2>	0.0000 0.0000 1.0000 0.0000	</row2>
					<row3>	0.0000 0.0000 2.9065 1.0000	</row3>
				</transform>
			</node>
			<node>
				<identifier>	HP_RGM_1	</identifier>
				<transform>
					<row0>	1.0000 0.0000 0.0000 0.0000	</row0>
					<row1>	0.0000 1.0000 0.0000 0.0000	</row1>
					<row2>	0.0000 0.0000 1.0000 0.0000	</row2>
					<row3>	0.0000 0.3312 1.8858 1.0000	</row3>
				</transform>
			</node>
			<node>
				<identifier>	HP_Ship_death_1	</identifier>
				<transform>
					<row0>	1.0000 0.0000 0.0000 0.0000	</row0>
					<row1>	0.0000 1.0000 0.0000 0.0000	</row1>
					<row2>	0.0000 0.0000 1.0000 0.0000	</row2>
					<row3>	0.0000 0.0000 1.6487 1.0000	</row3>
				</transform>
			</node>
			<node>
				<identifier>	MP_CM137_Anchor_Up	</identifier>
				<transform>
					<row0>	-0.1720 -0.4605 -0.2619 0.0000	</row0>
					<row1>	-0.0919 0.2971 -0.4621 0.0000	</row1>
					<row2>	0.5217 -0.0995 -0.1677 0.0000	</row2>
					<row3>	0.0855 0.2192 2.7395 1.0000	</row3>
				</transform>
			</node>
			<node>
				<identifier>	MP_CM137_Anchor_Up_INDEX_1	</identifier>
				<transform>
					<row0>	-0.1720 0.4605 0.2619 0.0000	</row0>
					<row1>	0.0919 0.2971 -0.4621 0.0000	</row1>
					<row2>	-0.5217 -0.0995 -0.1677 0.0000	</row2>
					<row3>	-0.0855 0.2192 2.7395 1.0000	</row3>
				</transform>
			</node>
			<node>
				<identifier>	MP_CM138_Anchor_Bottom	</identifier>
				<transform>
					<row0>	-0.1150 -0.4900 -0.2375 0.0000	</row0>
					<row1>	0.3179 0.1366 -0.4359 0.0000	</row1>
					<row2>	0.4421 -0.2257 0.2517 0.0000	</row2>
					<row3>	0.0862 0.2205 2.7367 1.0000	</row3>
				</transform>
			</node>
			<node>
				<identifier>	MP_CM138_Anchor_Bottom_INDEX_1	</identifier>
				<transform>
					<row0>	-0.1150 0.4900 0.2375 0.0000	</row0>
					<row1>	-0.3179 0.1366 -0.4359 0.0000	</row1>
					<row2>	-0.4421 -0.2257 0.2517 0.0000	</row2>
					<row3>	-0.0862 0.2205 2.7367 1.0000	</row3>
				</transform>
			</node>
			<node>
				<identifier>	MP_RM025_Signal_Lamp	</identifier>
				<transform>
					<row0>	1.0000 0.0000 0.0000 0.0000	</row0>
					<row1>	0.0000 1.0000 0.0000 0.0000	</row1>
					<row2>	0.0000 0.0000 1.0000 0.0000	</row2>
					<row3>	0.0000 0.6092 3.1491 1.0000	</row3>
				</transform>
			</node>
			<node>
				<identifier>	MP_RM078_Fairlead_black	</identifier>
				<transform>
					<row0>	0.5614 0.0000 0.2118 0.0000	</row0>
					<row1>	0.0091 0.5994 -0.0241 0.0000	</row1>
					<row2>	-0.2116 0.0258 0.5609 0.0000	</row2>
					<row3>	0.1964 0.3279 2.6322 1.0000	</row3>
				</transform>
			</node>
			<node>
				<identifier>	MP_RM078_Fairlead_black_INDEX_1	</identifier>
				<transform>
					<row0>	0.5617 0.0000 -0.2110 0.0000	</row0>
					<row1>	-0.0091 0.5994 -0.0241 0.0000	</row1>
					<row2>	0.2108 0.0258 0.5612 0.0000	</row2>
					<row3>	-0.1962 0.3279 2.6321 1.0000	</row3>
				</transform>
			</node>
			<node>
				<identifier>	MP_RM100_Reel	</identifier>
				<transform>
					<row0>	0.7205 0.0000 0.0000 0.0000	</row0>
					<row1>	0.0000 0.7204 -0.0083 0.0000	</row1>
					<row2>	0.0000 0.0083 0.7204 0.0000	</row2>
					<row3>	0.0706 0.3198 2.7036 1.0000	</row3>
				</transform>
			</node>
			<node>
				<identifier>	MP_RM100_Reel_INDEX_1	</identifier>
				<transform>
					<row0>	0.7205 0.0000 0.0000 0.0000	</row0>
					<row1>	0.0000 0.7204 -0.0083 0.0000	</row1>
					<row2>	0.0000 0.0083 0.7204 0.0000	</row2>
					<row3>	-0.0675 0.3198 2.7036 1.0000	</row3>
				</transform>
			</node>
			<node>
				<identifier>	MP_RM100_Reel_INDEX_2	</identifier>
				<transform>
					<row0>	0.7200 0.0000 0.0000 0.0000	</row0>
					<row1>	0.0000 0.7198 -0.0164 0.0000	</row1>
					<row2>	0.0000 0.0164 0.7198 0.0000	</row2>
					<row3>	0.0000 0.3029 2.1820 1.0000	</row3>
				</transform>
			</node>
			<node>
				<identifier>	MP_RM179_Anchor_Stopper	</identifier>
				<transform>
					<row0>	1.5383 -0.0414 -0.3581 0.0000	</row0>
					<row1>	0.0403 1.5795 -0.0094 0.0000	</row1>
					<row2>	0.3583 0.0000 1.5388 0.0000	</row2>
					<row3>	0.0271 0.3098 2.4558 1.0000	</row3>
				</transform>
			</node>
			<node>
				<identifier>	MP_RM179_Anchor_Stopper_INDEX_1	</identifier>
				<transform>
					<row0>	1.5625 0.0414 0.2342 0.0000	</row0>
					<row1>	-0.0410 1.5797 -0.0061 0.0000	</row1>
					<row2>	-0.2343 0.0000 1.5630 0.0000	</row2>
					<row3>	-0.0351 0.3104 2.4559 1.0000	</row3>
				</transform>
			</node>
			<node>
				<identifier>	MP_RM181_Anchor_Fairled	</identifier>
				<transform>
					<row0>	-0.9978 0.0000 0.0667 0.0000	</row0>
					<row1>	0.0000 1.0000 0.0000 0.0000	</row1>
					<row2>	-0.0667 0.0000 -0.9978 0.0000	</row2>
					<row3>	0.0186 0.3175 2.5055 1.0000	</row3>
				</transform>
			</node>
			<node>
				<identifier>	MP_RM181_Anchor_Fairled_INDEX_1	</identifier>
				<transform>
					<row0>	-0.9978 0.0000 -0.0667 0.0000	</row0>
					<row1>	0.0000 1.0000 0.0000 0.0000	</row1>
					<row2>	0.0667 0.0000 -0.9978 0.0000	</row2>
					<row3>	-0.0186 0.3175 2.5055 1.0000	</row3>
				</transform>
			</node>
			<node>
				<identifier>	MP_RM209_Red_Star	</identifier>
				<transform>
					<row0>	0.3732 0.0273 0.9274 0.0000	</row0>
					<row1>	-0.4065 0.9034 0.1369 0.0000	</row1>
					<row2>	-0.8340 -0.4280 0.3482 0.0000	</row2>
					<row3>	-0.0625 0.2969 2.9411 1.0000	</row3>
				</transform>
			</node>
			<node>
				<identifier>	MP_RM209_Red_Star_INDEX_1	</identifier>
				<transform>
					<row0>	0.4112 0.0273 -0.9111 0.0000	</row0>
					<row1>	0.3801 0.9033 0.1986 0.0000	</row1>
					<row2>	0.8285 -0.4280 0.3610 0.0000	</row2>
					<row3>	0.0622 0.2969 2.9411 1.0000	</row3>
				</transform>
			</node>
			<node>
				<identifier>	MP_RM214_Life_Buoy	</identifier>
				<transform>
					<row0>	-0.2505 0.0000 0.9681 0.0000	</row0>
					<row1>	0.0000 1.0000 0.0000 0.0000	</row1>
					<row2>	-0.9681 0.0000 -0.2505 0.0000	</row2>
					<row3>	0.2596 0.3846 2.4727 1.0000	</row3>
				</transform>
			</node>
			<node>
				<identifier>	MP_RM214_Life_Buoy_INDEX_1	</identifier>
				<transform>
					<row0>	-0.2505 0.0000 -0.9681 0.0000	</row0>
					<row1>	0.0000 1.0000 0.0000 0.0000	</row1>
					<row2>	0.9681 0.0000 -0.2505 0.0000	</row2>
					<row3>	-0.2596 0.3846 2.4727 1.0000	</row3>
				</transform>
			</node>
			<node>
				<identifier>	MP_RM218_Deck_Hatch	</identifier>
				<transform>
					<row0>	1.4511 0.0000 0.0000 0.0000	</row0>
					<row1>	0.0000 1.4511 0.0000 0.0000	</row1>
					<row2>	0.0000 0.0000 1.4511 0.0000	</row2>
					<row3>	-0.2276 0.2961 1.8149 1.0000	</row3>
				</transform>
			</node>
			<node>
				<identifier>	MP_RM220_Bollard	</identifier>
				<transform>
					<row0>	0.9756 0.0000 -0.2195 0.0000	</row0>
					<row1>	-0.0068 0.9995 -0.0303 0.0000	</row1>
					<row2>	0.2194 0.0310 0.9751 0.0000	</row2>
					<row3>	-0.2691 0.3034 2.3187 1.0000	</row3>
				</transform>
			</node>
			<node>
				<identifier>	MP_RM220_Bollard_INDEX_1	</identifier>
				<transform>
					<row0>	0.9756 0.0000 0.2195 0.0000	</row0>
					<row1>	0.0071 0.9995 -0.0316 0.0000	</row1>
					<row2>	-0.2194 0.0324 0.9751 0.0000	</row2>
					<row3>	0.2691 0.3034 2.3187 1.0000	</row3>
				</transform>
			</node>
			<node>
				<identifier>	MP_RM220_Bollard_INDEX_2	</identifier>
				<transform>
					<row0>	1.0000 0.0000 -0.0021 0.0000	</row0>
					<row1>	0.0000 0.9998 -0.0212 0.0000	</row1>
					<row2>	0.0021 0.0212 0.9998 0.0000	</row2>
					<row3>	-0.3169 0.2919 1.8300 1.0000	</row3>
				</transform>
			</node>
			<node>
				<identifier>	MP_RM220_Bollard_INDEX_3	</identifier>
				<transform>
					<row0>	1.0000 0.0000 0.0021 0.0000	</row0>
					<row1>	0.0000 0.9998 -0.0212 0.0000	</row1>
					<row2>	-0.0021 0.0212 0.9998 0.0000	</row2>
					<row3>	0.3169 0.2919 1.8300 1.0000	</row3>
				</transform>
			</node>
			<node>
				<identifier>	MP_RM230_Hatch	</identifier>
				<transform>
					<row0>	1.0000 0.0000 0.0000 0.0000	</row0>
					<row1>	0.0000 1.0000 0.0000 0.0000	</row1>
					<row2>	0.0000 0.0000 1.0000 0.0000	</row2>
					<row3>	0.0258 0.3281 2.8374 1.0000	</row3>
				</transform>
			</node>
			<node>
				<identifier>	MP_RM230_Hatch_INDEX_1	</identifier>
				<transform>
					<row0>	1.0000 0.0000 0.0000 0.0000	</row0>
					<row1>	0.0000 1.0000 0.0000 0.0000	</row1>
					<row2>	0.0000 0.0000 1.0000 0.0000	</row2>
					<row3>	0.0258 0.3248 2.7769 1.0000	</row3>
				</transform>
			</node>
			<node>
				<identifier>	MP_RM230_Hatch_INDEX_2	</identifier>
				<transform>
					<row0>	1.0000 0.0000 0.0000 0.0000	</row0>
					<row1>	0.0000 1.0000 0.0000 0.0000	</row1>
					<row2>	0.0000 0.0000 1.0000 0.0000	</row2>
					<row3>	0.0988 0.3093 2.4028 1.0000	</row3>
				</transform>
			</node>
			<node>
				<identifier>	MP_RM255_Break_Handwheel	</identifier>
				<transform>
					<row0>	-0.5200 0.0000 0.0000 0.0000	</row0>
					<row1>	0.0000 0.5200 0.0000 0.0000	</row1>
					<row2>	0.0000 0.0000 -0.5200 0.0000	</row2>
					<row3>	0.0000 0.3586 2.3802 1.0000	</row3>
				</transform>
			</node>
		</node>
	</node>
	<boundingBox>
		<min>	-0.0667 -0.0667 -0.0667	</min>
		<max>	0.0667 0.0667 0.0667	</max>
	</boundingBox>
</RSC008_Orlan_1941_Bow_ports.visual>
