<BSC005_Caledon_1928_Stern_ports.visual>
	<node>
		<identifier>	Scene Root	</identifier>
		<transform>
			<row0>	1.0000 0.0000 0.0000 0.0000	</row0>
			<row1>	0.0000 1.0000 0.0000 0.0000	</row1>
			<row2>	0.0000 0.0000 1.0000 0.0000	</row2>
			<row3>	0.0000 0.0000 0.0000 1.0000	</row3>
		</transform>
		<node>
			<identifier>	Stern_ports	</identifier>
			<transform>
				<row0>	1.0000 0.0000 0.0000 0.0000	</row0>
				<row1>	0.0000 1.0000 0.0000 0.0000	</row1>
				<row2>	0.0000 0.0000 1.0000 0.0000	</row2>
				<row3>	0.0000 0.0000 0.0000 1.0000	</row3>
			</transform>
			<node>
				<identifier>	HP_BGM_5	</identifier>
				<transform>
					<row0>	-1.0000 0.0000 0.0000 0.0000	</row0>
					<row1>	0.0000 1.0000 0.0000 0.0000	</row1>
					<row2>	0.0000 0.0000 -1.0000 0.0000	</row2>
					<row3>	0.0000 0.2036 -3.5471 1.0000	</row3>
				</transform>
			</node>
			<node>
				<identifier>	HP_FX_Fire_4	</identifier>
				<transform>
					<row0>	1.0000 0.0000 0.0000 0.0000	</row0>
					<row1>	0.0000 1.0000 0.0000 0.0000	</row1>
					<row2>	0.0000 0.0000 1.0000 0.0000	</row2>
					<row3>	0.0000 0.1772 -3.9290 1.0000	</row3>
				</transform>
			</node>
			<node>
				<identifier>	HP_FX_Flood_steam_right	</identifier>
				<transform>
					<row0>	1.0000 0.0000 0.0000 0.0000	</row0>
					<row1>	0.0000 1.0000 0.0000 0.0000	</row1>
					<row2>	0.0000 0.0000 1.0000 0.0000	</row2>
					<row3>	0.3300 0.1480 -3.4810 1.0000	</row3>
				</transform>
			</node>
			<node>
				<identifier>	HP_FX_RepairLight_left_2	</identifier>
				<transform>
					<row0>	-0.1152 0.0000 0.9933 0.0000	</row0>
					<row1>	-0.0235 0.9997 -0.0027 0.0000	</row1>
					<row2>	-0.9931 -0.0237 -0.1152 0.0000	</row2>
					<row3>	-0.2171 0.2077 -4.1543 1.0000	</row3>
				</transform>
			</node>
			<node>
				<identifier>	HP_FX_RepairLight_right_1	</identifier>
				<transform>
					<row0>	-0.0507 0.0000 -0.9987 0.0000	</row0>
					<row1>	0.0298 0.9996 -0.0015 0.0000	</row1>
					<row2>	0.9983 -0.0298 -0.0507 0.0000	</row2>
					<row3>	0.2984 0.2016 -3.6860 1.0000	</row3>
				</transform>
			</node>
			<node>
				<identifier>	HP_FX_WakeTraceBack	</identifier>
				<transform>
					<row0>	1.0000 0.0000 0.0000 0.0000	</row0>
					<row1>	0.0000 1.0000 0.0000 0.0000	</row1>
					<row2>	0.0000 0.0000 1.0000 0.0000	</row2>
					<row3>	0.0000 0.0000 -4.6220 1.0000	</row3>
				</transform>
			</node>
			<node>
				<identifier>	HP_FX_WakeTrace_screw_1	</identifier>
				<transform>
					<row0>	1.0000 0.0000 0.0000 0.0000	</row0>
					<row1>	0.0000 1.0000 0.0000 0.0000	</row1>
					<row2>	0.0000 0.0000 1.0000 0.0000	</row2>
					<row3>	-0.2255 -0.2231 -3.9105 1.0000	</row3>
				</transform>
			</node>
			<node>
				<identifier>	HP_FX_WakeTrace_screw_2	</identifier>
				<transform>
					<row0>	1.0000 0.0000 0.0000 0.0000	</row0>
					<row1>	0.0000 1.0000 0.0000 0.0000	</row1>
					<row2>	0.0000 0.0000 1.0000 0.0000	</row2>
					<row3>	0.2255 -0.2231 -3.9105 1.0000	</row3>
				</transform>
			</node>
			<node>
				<identifier>	HP_Ship_death_3	</identifier>
				<transform>
					<row0>	1.0000 0.0000 0.0000 0.0000	</row0>
					<row1>	0.0000 1.0000 0.0000 0.0000	</row1>
					<row2>	0.0000 0.0000 1.0000 0.0000	</row2>
					<row3>	0.0000 0.0000 -3.2137 1.0000	</row3>
				</transform>
			</node>
			<node>
				<identifier>	MP_BM021_Crown	</identifier>
				<transform>
					<row0>	1.0000 0.0000 0.0000 0.0000	</row0>
					<row1>	0.0000 0.9944 -0.1053 0.0000	</row1>
					<row2>	0.0000 0.1053 0.9944 0.0000	</row2>
					<row3>	-0.0182 0.7207 -4.7290 1.0000	</row3>
				</transform>
			</node>
			<node>
				<identifier>	MP_BM706_Ammunition_Box	</identifier>
				<transform>
					<row0>	1.0000 0.0000 0.0000 0.0000	</row0>
					<row1>	0.0000 1.0000 0.0000 0.0000	</row1>
					<row2>	0.0000 0.0000 1.0000 0.0000	</row2>
					<row3>	0.0016 0.2046 -3.7645 1.0000	</row3>
				</transform>
			</node>
			<node>
				<identifier>	MP_BM872_Running_Lights_B	</identifier>
				<transform>
					<row0>	-1.0000 0.0000 0.0000 0.0000	</row0>
					<row1>	0.0000 1.0000 0.0000 0.0000	</row1>
					<row2>	0.0000 0.0000 -1.0000 0.0000	</row2>
					<row3>	0.0003 0.5025 -4.7374 1.0000	</row3>
				</transform>
			</node>
			<node>
				<identifier>	MP_BM952_Bollard	</identifier>
				<transform>
					<row0>	0.5487 -0.0221 -0.1045 0.0000	</row0>
					<row1>	0.0217 0.5586 -0.0041 0.0000	</row1>
					<row2>	0.1046 0.0000 0.5491 0.0000	</row2>
					<row3>	0.2102 0.2020 -3.9525 1.0000	</row3>
				</transform>
			</node>
			<node>
				<identifier>	MP_BM952_Bollard_INDEX_1	</identifier>
				<transform>
					<row0>	0.5487 0.0221 0.1045 0.0000	</row0>
					<row1>	-0.0217 0.5586 -0.0041 0.0000	</row1>
					<row2>	-0.1046 0.0000 0.5491 0.0000	</row2>
					<row3>	-0.2102 0.2020 -3.9525 1.0000	</row3>
				</transform>
			</node>
			<node>
				<identifier>	MP_BM957_Anchor_Capstan_big	</identifier>
				<transform>
					<row0>	0.0000 0.0000 0.6412 0.0000	</row0>
					<row1>	0.0000 0.6412 0.0000 0.0000	</row1>
					<row2>	-0.6412 0.0000 0.0000 0.0000	</row2>
					<row3>	0.0000 0.2049 -4.0655 1.0000	</row3>
				</transform>
			</node>
			<node>
				<identifier>	MP_CM001_Propeller3_L	</identifier>
				<transform>
					<row0>	0.9729 0.0000 0.0000 0.0000	</row0>
					<row1>	0.0000 0.9728 -0.0161 0.0000	</row1>
					<row2>	0.0000 0.0161 0.9728 0.0000	</row2>
					<row3>	-0.2255 -0.2231 -3.9105 1.0000	</row3>
				</transform>
			</node>
			<node>
				<identifier>	MP_CM032_Propeller3_R	</identifier>
				<transform>
					<row0>	1.0000 0.0000 0.0000 0.0000	</row0>
					<row1>	0.0000 0.9999 -0.0165 0.0000	</row1>
					<row2>	0.0000 0.0165 0.9999 0.0000	</row2>
					<row3>	0.2255 -0.2231 -3.9105 1.0000	</row3>
				</transform>
			</node>
			<node>
				<identifier>	MP_CM104_Life_Buoy	</identifier>
				<transform>
					<row0>	0.2995 0.0000 -0.9541 0.0000	</row0>
					<row1>	0.0000 1.0000 0.0000 0.0000	</row1>
					<row2>	0.9541 0.0000 0.2995 0.0000	</row2>
					<row3>	-0.1476 0.2693 -4.3735 1.0000	</row3>
				</transform>
			</node>
			<node>
				<identifier>	MP_CM104_Life_Buoy_INDEX_1	</identifier>
				<transform>
					<row0>	0.2995 0.0000 0.9541 0.0000	</row0>
					<row1>	0.0000 1.0000 0.0000 0.0000	</row1>
					<row2>	-0.9541 0.0000 0.2995 0.0000	</row2>
					<row3>	0.1476 0.2693 -4.3735 1.0000	</row3>
				</transform>
			</node>
			<node>
				<identifier>	MP_CM126_Cleat	</identifier>
				<transform>
					<row0>	-0.9811 0.0193 0.1924 0.0000	</row0>
					<row1>	0.0230 0.9996 0.0168 0.0000	</row1>
					<row2>	-0.1920 0.0209 -0.9812 0.0000	</row2>
					<row3>	0.2509 0.2038 -3.9403 1.0000	</row3>
				</transform>
			</node>
			<node>
				<identifier>	MP_CM126_Cleat_INDEX_1	</identifier>
				<transform>
					<row0>	-0.9811 -0.0193 -0.1924 0.0000	</row0>
					<row1>	-0.0230 0.9996 0.0168 0.0000	</row1>
					<row2>	0.1920 0.0209 -0.9812 0.0000	</row2>
					<row3>	-0.2509 0.2038 -3.9403 1.0000	</row3>
				</transform>
			</node>
			<node>
				<identifier>	MP_CM127_Jacobs_ladder	</identifier>
				<transform>
					<row0>	0.9885 0.0000 -0.1512 0.0000	</row0>
					<row1>	0.0000 1.0000 0.0000 0.0000	</row1>
					<row2>	0.1512 0.0000 0.9885 0.0000	</row2>
					<row3>	0.2605 0.2115 -3.7796 1.0000	</row3>
				</transform>
			</node>
			<node>
				<identifier>	MP_CM127_Jacobs_ladder_INDEX_1	</identifier>
				<transform>
					<row0>	0.9885 0.0000 0.1512 0.0000	</row0>
					<row1>	0.0000 1.0000 0.0000 0.0000	</row1>
					<row2>	-0.1512 0.0000 0.9885 0.0000	</row2>
					<row3>	-0.2605 0.2115 -3.7796 1.0000	</row3>
				</transform>
			</node>
		</node>
	</node>
	<boundingBox>
		<min>	-0.0667 -0.0667 -0.0667	</min>
		<max>	0.0667 0.0667 0.0667	</max>
	</boundingBox>
</BSC005_Caledon_1928_Stern_ports.visual>
