<ASC021_Dallas_1942_Stern_ports.visual>
	<node>
		<identifier>	Scene Root	</identifier>
		<transform>
			<row0>	1.0000 0.0000 0.0000 0.0000	</row0>
			<row1>	0.0000 1.0000 0.0000 0.0000	</row1>
			<row2>	0.0000 0.0000 1.0000 0.0000	</row2>
			<row3>	0.0000 0.0000 0.0000 1.0000	</row3>
		</transform>
		<node>
			<identifier>	Stern_ports	</identifier>
			<transform>
				<row0>	1.0000 0.0000 0.0000 0.0000	</row0>
				<row1>	0.0000 1.0000 0.0000 0.0000	</row1>
				<row2>	0.0000 0.0000 1.0000 0.0000	</row2>
				<row3>	0.0000 0.0000 0.0000 1.0000	</row3>
			</transform>
			<node>
				<identifier>	HP_AD_10	</identifier>
				<transform>
					<row0>	-1.0000 0.0000 0.0000 0.0000	</row0>
					<row1>	0.0000 1.0000 0.0000 0.0000	</row1>
					<row2>	0.0000 0.0000 -1.0000 0.0000	</row2>
					<row3>	0.1191 0.3869 -4.7635 1.0000	</row3>
				</transform>
			</node>
			<node>
				<identifier>	HP_AD_9	</identifier>
				<transform>
					<row0>	-1.0000 0.0000 0.0000 0.0000	</row0>
					<row1>	0.0000 1.0000 0.0000 0.0000	</row1>
					<row2>	0.0000 0.0000 -1.0000 0.0000	</row2>
					<row3>	-0.1204 0.3869 -4.7635 1.0000	</row3>
				</transform>
			</node>
			<node>
				<identifier>	HP_AGA_13	</identifier>
				<transform>
					<row0>	-0.7071 0.0000 0.7071 0.0000	</row0>
					<row1>	0.0000 1.0000 0.0000 0.0000	</row1>
					<row2>	-0.7071 0.0000 -0.7071 0.0000	</row2>
					<row3>	-0.3279 0.2699 -4.1442 1.0000	</row3>
				</transform>
			</node>
			<node>
				<identifier>	HP_AGA_14	</identifier>
				<transform>
					<row0>	-0.7071 0.0000 -0.7071 0.0000	</row0>
					<row1>	0.0000 1.0000 0.0000 0.0000	</row1>
					<row2>	0.7071 0.0000 -0.7071 0.0000	</row2>
					<row3>	0.3326 0.2699 -4.1442 1.0000	</row3>
				</transform>
			</node>
			<node>
				<identifier>	HP_AGA_15	</identifier>
				<transform>
					<row0>	-0.7071 0.0000 0.7071 0.0000	</row0>
					<row1>	0.0000 1.0000 0.0000 0.0000	</row1>
					<row2>	-0.7071 0.0000 -0.7071 0.0000	</row2>
					<row3>	-0.3088 0.2758 -4.3481 1.0000	</row3>
				</transform>
			</node>
			<node>
				<identifier>	HP_AGA_16	</identifier>
				<transform>
					<row0>	-0.7071 0.0000 -0.7071 0.0000	</row0>
					<row1>	0.0000 1.0000 0.0000 0.0000	</row1>
					<row2>	0.7071 0.0000 -0.7071 0.0000	</row2>
					<row3>	0.3134 0.2758 -4.3481 1.0000	</row3>
				</transform>
			</node>
			<node>
				<identifier>	HP_AGA_17	</identifier>
				<transform>
					<row0>	-0.7071 0.0000 0.7071 0.0000	</row0>
					<row1>	0.0000 1.0000 0.0000 0.0000	</row1>
					<row2>	-0.7071 0.0000 -0.7071 0.0000	</row2>
					<row3>	-0.2864 0.2827 -4.5530 1.0000	</row3>
				</transform>
			</node>
			<node>
				<identifier>	HP_AGA_18	</identifier>
				<transform>
					<row0>	-0.7071 0.0000 -0.7071 0.0000	</row0>
					<row1>	0.0000 1.0000 0.0000 0.0000	</row1>
					<row2>	0.7071 0.0000 -0.7071 0.0000	</row2>
					<row3>	0.2911 0.2827 -4.5530 1.0000	</row3>
				</transform>
			</node>
			<node>
				<identifier>	HP_AGA_19	</identifier>
				<transform>
					<row0>	-1.0000 0.0000 0.0000 0.0000	</row0>
					<row1>	0.0000 1.0000 0.0000 0.0000	</row1>
					<row2>	0.0000 0.0000 -1.0000 0.0000	</row2>
					<row3>	-0.2140 0.2964 -4.9585 1.0000	</row3>
				</transform>
			</node>
			<node>
				<identifier>	HP_AGA_20	</identifier>
				<transform>
					<row0>	-1.0000 0.0000 0.0000 0.0000	</row0>
					<row1>	0.0000 1.0000 0.0000 0.0000	</row1>
					<row2>	0.0000 0.0000 -1.0000 0.0000	</row2>
					<row3>	0.2140 0.2964 -4.9585 1.0000	</row3>
				</transform>
			</node>
			<node>
				<identifier>	HP_AGM_3	</identifier>
				<transform>
					<row0>	-1.0000 0.0000 0.0000 0.0000	</row0>
					<row1>	0.0000 1.0000 0.0000 0.0000	</row1>
					<row2>	0.0000 0.0000 -1.0000 0.0000	</row2>
					<row3>	0.0000 0.3990 -2.7645 1.0000	</row3>
				</transform>
			</node>
			<node>
				<identifier>	HP_AGM_4	</identifier>
				<transform>
					<row0>	-1.0000 0.0000 0.0000 0.0000	</row0>
					<row1>	0.0000 1.0000 0.0000 0.0000	</row1>
					<row2>	0.0000 0.0000 -1.0000 0.0000	</row2>
					<row3>	0.0000 0.2983 -3.4970 1.0000	</row3>
				</transform>
			</node>
			<node>
				<identifier>	HP_FX_Fire_4	</identifier>
				<transform>
					<row0>	1.0000 0.0000 0.0000 0.0000	</row0>
					<row1>	0.0000 1.0000 0.0000 0.0000	</row1>
					<row2>	0.0000 0.0000 1.0000 0.0000	</row2>
					<row3>	0.0000 0.3472 -4.2700 1.0000	</row3>
				</transform>
			</node>
			<node>
				<identifier>	HP_FX_Flood_water_left_3	</identifier>
				<transform>
					<row0>	-1.0000 0.0000 0.0000 0.0000	</row0>
					<row1>	0.0000 1.0000 0.0000 0.0000	</row1>
					<row2>	0.0000 0.0000 -1.0000 0.0000	</row2>
					<row3>	-0.5100 0.1040 -2.9710 1.0000	</row3>
				</transform>
			</node>
			<node>
				<identifier>	HP_FX_Flood_water_right_3	</identifier>
				<transform>
					<row0>	1.0000 0.0000 0.0000 0.0000	</row0>
					<row1>	0.0000 1.0000 0.0000 0.0000	</row1>
					<row2>	0.0000 0.0000 1.0000 0.0000	</row2>
					<row3>	0.5100 0.1067 -2.9706 1.0000	</row3>
				</transform>
			</node>
			<node>
				<identifier>	HP_FX_WakeTraceBack	</identifier>
				<transform>
					<row0>	1.0000 0.0000 0.0000 0.0000	</row0>
					<row1>	0.0000 1.0000 0.0000 0.0000	</row1>
					<row2>	0.0000 0.0000 1.0000 0.0000	</row2>
					<row3>	0.0000 0.0000 -5.7092 1.0000	</row3>
				</transform>
			</node>
			<node>
				<identifier>	HP_FX_WakeTrace_screw_1	</identifier>
				<transform>
					<row0>	1.0000 0.0000 0.0000 0.0000	</row0>
					<row1>	0.0000 1.0000 0.0000 0.0000	</row1>
					<row2>	0.0000 0.0000 1.0000 0.0000	</row2>
					<row3>	-0.2242 -0.2837 -4.6854 1.0000	</row3>
				</transform>
			</node>
			<node>
				<identifier>	HP_FX_WakeTrace_screw_2	</identifier>
				<transform>
					<row0>	1.0000 0.0000 0.0000 0.0000	</row0>
					<row1>	0.0000 1.0000 0.0000 0.0000	</row1>
					<row2>	0.0000 0.0000 1.0000 0.0000	</row2>
					<row3>	-0.4194 -0.2774 -3.7116 1.0000	</row3>
				</transform>
			</node>
			<node>
				<identifier>	HP_FX_WakeTrace_screw_3	</identifier>
				<transform>
					<row0>	1.0000 0.0000 0.0000 0.0000	</row0>
					<row1>	0.0000 1.0000 0.0000 0.0000	</row1>
					<row2>	0.0000 0.0000 1.0000 0.0000	</row2>
					<row3>	0.2242 -0.2837 -4.6854 1.0000	</row3>
				</transform>
			</node>
			<node>
				<identifier>	HP_FX_WakeTrace_screw_4	</identifier>
				<transform>
					<row0>	1.0000 0.0000 0.0000 0.0000	</row0>
					<row1>	0.0000 1.0000 0.0000 0.0000	</row1>
					<row2>	0.0000 0.0000 1.0000 0.0000	</row2>
					<row3>	0.4194 -0.2774 -3.7116 1.0000	</row3>
				</transform>
			</node>
			<node>
				<identifier>	HP_Ship_death_3	</identifier>
				<transform>
					<row0>	1.0000 0.0000 0.0000 0.0000	</row0>
					<row1>	0.0000 1.0000 0.0000 0.0000	</row1>
					<row2>	0.0000 0.0000 1.0000 0.0000	</row2>
					<row3>	0.0000 0.0000 -2.5657 1.0000	</row3>
				</transform>
			</node>
			<node>
				<identifier>	MP_AM001_Bollard_2	</identifier>
				<transform>
					<row0>	1.1396 -0.0028 0.0287 0.0000	</row0>
					<row1>	0.0028 1.1400 -0.0004 0.0000	</row1>
					<row2>	-0.0287 0.0005 1.1396 0.0000	</row2>
					<row3>	-0.4884 0.2495 -2.5996 1.0000	</row3>
				</transform>
			</node>
			<node>
				<identifier>	MP_AM001_Bollard_2_INDEX_1	</identifier>
				<transform>
					<row0>	1.1379 0.0042 -0.0690 0.0000	</row0>
					<row1>	-0.0028 1.1397 0.0245 0.0000	</row1>
					<row2>	0.0691 -0.0243 1.1376 0.0000	</row2>
					<row3>	0.4498 0.2593 -3.6572 1.0000	</row3>
				</transform>
			</node>
			<node>
				<identifier>	MP_AM001_Bollard_2_INDEX_2	</identifier>
				<transform>
					<row0>	1.1379 -0.0042 0.0690 0.0000	</row0>
					<row1>	0.0028 1.1397 0.0245 0.0000	</row1>
					<row2>	-0.0691 -0.0243 1.1376 0.0000	</row2>
					<row3>	-0.4498 0.2593 -3.6572 1.0000	</row3>
				</transform>
			</node>
			<node>
				<identifier>	MP_AM001_Bollard_2_INDEX_3	</identifier>
				<transform>
					<row0>	1.0469 0.0131 -0.4510 0.0000	</row0>
					<row1>	0.0057 1.1390 0.0463 0.0000	</row1>
					<row2>	0.4512 -0.0447 1.0460 0.0000	</row2>
					<row3>	0.1722 0.3153 -5.4454 1.0000	</row3>
				</transform>
			</node>
			<node>
				<identifier>	MP_AM001_Bollard_2_INDEX_4	</identifier>
				<transform>
					<row0>	1.0469 -0.0131 0.4510 0.0000	</row0>
					<row1>	-0.0057 1.1390 0.0463 0.0000	</row1>
					<row2>	-0.4512 -0.0447 1.0460 0.0000	</row2>
					<row3>	-0.1722 0.3153 -5.4454 1.0000	</row3>
				</transform>
			</node>
			<node>
				<identifier>	MP_AM001_Bollard_2_INDEX_5	</identifier>
				<transform>
					<row0>	1.1396 0.0028 -0.0287 0.0000	</row0>
					<row1>	-0.0028 1.1400 -0.0004 0.0000	</row1>
					<row2>	0.0287 0.0005 1.1396 0.0000	</row2>
					<row3>	0.4884 0.2495 -2.5996 1.0000	</row3>
				</transform>
			</node>
			<node>
				<identifier>	MP_AM011_Smoke_Defence	</identifier>
				<transform>
					<row0>	1.0000 0.0000 0.0000 0.0000	</row0>
					<row1>	0.0000 0.9994 0.0344 0.0000	</row1>
					<row2>	0.0000 -0.0344 0.9994 0.0000	</row2>
					<row3>	0.1063 0.3271 -5.5697 1.0000	</row3>
				</transform>
			</node>
			<node>
				<identifier>	MP_AM011_Smoke_Defence_INDEX_1	</identifier>
				<transform>
					<row0>	1.0000 0.0000 0.0000 0.0000	</row0>
					<row1>	0.0000 0.9994 0.0344 0.0000	</row1>
					<row2>	0.0000 -0.0344 0.9994 0.0000	</row2>
					<row3>	-0.1063 0.3271 -5.5697 1.0000	</row3>
				</transform>
			</node>
			<node>
				<identifier>	MP_AM019_Ventilators_1	</identifier>
				<transform>
					<row0>	0.5923 0.0000 0.0000 0.0000	</row0>
					<row1>	0.0000 0.5923 0.0000 0.0000	</row1>
					<row2>	0.0000 0.0000 0.5923 0.0000	</row2>
					<row3>	-0.1197 0.2615 -3.7793 1.0000	</row3>
				</transform>
			</node>
			<node>
				<identifier>	MP_AM019_Ventilators_1_INDEX_1	</identifier>
				<transform>
					<row0>	0.5923 0.0000 0.0000 0.0000	</row0>
					<row1>	0.0000 0.5923 0.0000 0.0000	</row1>
					<row2>	0.0000 0.0000 0.5923 0.0000	</row2>
					<row3>	0.3234 0.2599 -3.7080 1.0000	</row3>
				</transform>
			</node>
			<node>
				<identifier>	MP_AM019_Ventilators_1_INDEX_2	</identifier>
				<transform>
					<row0>	0.5923 0.0000 0.0000 0.0000	</row0>
					<row1>	0.0000 0.5923 0.0000 0.0000	</row1>
					<row2>	0.0000 0.0000 0.5923 0.0000	</row2>
					<row3>	0.2497 0.2515 -2.8840 1.0000	</row3>
				</transform>
			</node>
			<node>
				<identifier>	MP_AM023_Hatch_1	</identifier>
				<transform>
					<row0>	0.0000 0.0000 1.0877 0.0000	</row0>
					<row1>	0.0000 1.0877 0.0000 0.0000	</row1>
					<row2>	-1.0877 0.0000 0.0000 0.0000	</row2>
					<row3>	-0.2299 0.2522 -3.0483 1.0000	</row3>
				</transform>
			</node>
			<node>
				<identifier>	MP_AM023_Hatch_1_INDEX_1	</identifier>
				<transform>
					<row0>	0.9539 0.0000 0.0000 0.0000	</row0>
					<row1>	0.0000 0.9539 0.0000 0.0000	</row1>
					<row2>	0.0000 0.0000 0.9539 0.0000	</row2>
					<row3>	-0.0659 0.3085 -5.3238 1.0000	</row3>
				</transform>
			</node>
			<node>
				<identifier>	MP_AM023_Hatch_1_INDEX_2	</identifier>
				<transform>
					<row0>	0.0000 0.0000 -1.0877 0.0000	</row0>
					<row1>	0.0000 1.0877 0.0000 0.0000	</row1>
					<row2>	1.0877 0.0000 0.0000 0.0000	</row2>
					<row3>	-0.1310 0.2618 -3.8586 1.0000	</row3>
				</transform>
			</node>
			<node>
				<identifier>	MP_AM023_Hatch_1_INDEX_3	</identifier>
				<transform>
					<row0>	0.0000 0.0000 1.0877 0.0000	</row0>
					<row1>	0.0000 1.0877 0.0000 0.0000	</row1>
					<row2>	-1.0877 0.0000 0.0000 0.0000	</row2>
					<row3>	0.2844 0.2618 -3.8586 1.0000	</row3>
				</transform>
			</node>
			<node>
				<identifier>	MP_AM023_Hatch_1_INDEX_4	</identifier>
				<transform>
					<row0>	1.0877 0.0000 0.0000 0.0000	</row0>
					<row1>	0.0000 1.0877 0.0000 0.0000	</row1>
					<row2>	0.0000 0.0000 1.0877 0.0000	</row2>
					<row3>	0.0790 0.2703 -4.1846 1.0000	</row3>
				</transform>
			</node>
			<node>
				<identifier>	MP_AM023_Hatch_1_INDEX_5	</identifier>
				<transform>
					<row0>	0.9000 0.0000 0.0000 0.0000	</row0>
					<row1>	0.0000 0.9000 0.0000 0.0000	</row1>
					<row2>	0.0000 0.0000 0.9000 0.0000	</row2>
					<row3>	0.0891 0.3026 -5.1616 1.0000	</row3>
				</transform>
			</node>
			<node>
				<identifier>	MP_AM024_Hatch_2	</identifier>
				<transform>
					<row0>	-1.0700 0.0000 0.0000 0.0000	</row0>
					<row1>	0.0000 1.0700 0.0000 0.0000	</row1>
					<row2>	0.0000 0.0000 -1.0700 0.0000	</row2>
					<row3>	-0.0338 0.2748 -4.3520 1.0000	</row3>
				</transform>
			</node>
			<node>
				<identifier>	MP_AM030_Ammunition_Box4	</identifier>
				<transform>
					<row0>	1.0000 0.0000 0.0000 0.0000	</row0>
					<row1>	0.0000 1.0000 0.0000 0.0000	</row1>
					<row2>	0.0000 0.0000 1.0000 0.0000	</row2>
					<row3>	0.2257 0.2904 -4.7839 1.0000	</row3>
				</transform>
			</node>
			<node>
				<identifier>	MP_AM030_Ammunition_Box4_INDEX_1	</identifier>
				<transform>
					<row0>	-0.0852 0.0235 -0.9961 0.0000	</row0>
					<row1>	0.0000 0.9997 0.0236 0.0000	</row1>
					<row2>	0.9964 0.0020 -0.0852 0.0000	</row2>
					<row3>	0.4040 0.2722 -4.2461 1.0000	</row3>
				</transform>
			</node>
			<node>
				<identifier>	MP_AM030_Ammunition_Box4_INDEX_2	</identifier>
				<transform>
					<row0>	-0.1089 0.0238 -0.9938 0.0000	</row0>
					<row1>	0.0000 0.9997 0.0239 0.0000	</row1>
					<row2>	0.9941 0.0026 -0.1089 0.0000	</row2>
					<row3>	0.3812 0.2774 -4.4755 1.0000	</row3>
				</transform>
			</node>
			<node>
				<identifier>	MP_AM030_Ammunition_Box4_INDEX_3	</identifier>
				<transform>
					<row0>	-0.1089 -0.0238 0.9938 0.0000	</row0>
					<row1>	0.0000 0.9997 0.0239 0.0000	</row1>
					<row2>	-0.9941 0.0026 -0.1089 0.0000	</row2>
					<row3>	-0.3812 0.2774 -4.4755 1.0000	</row3>
				</transform>
			</node>
			<node>
				<identifier>	MP_AM030_Ammunition_Box4_INDEX_4	</identifier>
				<transform>
					<row0>	1.0000 0.0000 0.0000 0.0000	</row0>
					<row1>	0.0000 1.0000 0.0000 0.0000	</row1>
					<row2>	0.0000 0.0000 1.0000 0.0000	</row2>
					<row3>	-0.2257 0.2904 -4.7839 1.0000	</row3>
				</transform>
			</node>
			<node>
				<identifier>	MP_AM030_Ammunition_Box4_INDEX_5	</identifier>
				<transform>
					<row0>	-0.0852 -0.0235 0.9961 0.0000	</row0>
					<row1>	0.0000 0.9997 0.0236 0.0000	</row1>
					<row2>	-0.9964 0.0020 -0.0852 0.0000	</row2>
					<row3>	-0.4040 0.2722 -4.2461 1.0000	</row3>
				</transform>
			</node>
			<node>
				<identifier>	MP_AM046_Running_Lights_B	</identifier>
				<transform>
					<row0>	-1.0000 0.0000 0.0000 0.0000	</row0>
					<row1>	0.0000 1.0000 0.0000 0.0000	</row1>
					<row2>	0.0000 0.0000 -1.0000 0.0000	</row2>
					<row3>	0.0000 0.4869 -5.7129 1.0000	</row3>
				</transform>
			</node>
			<node>
				<identifier>	MP_AM046_Running_Lights_B_INDEX_1	</identifier>
				<transform>
					<row0>	-1.0000 0.0000 0.0000 0.0000	</row0>
					<row1>	0.0000 1.0000 0.0000 0.0000	</row1>
					<row2>	0.0000 0.0000 -1.0000 0.0000	</row2>
					<row3>	0.0000 0.4557 -5.7073 1.0000	</row3>
				</transform>
			</node>
			<node>
				<identifier>	MP_AM068_Hatch_3	</identifier>
				<transform>
					<row0>	-0.9000 0.0000 0.0000 0.0000	</row0>
					<row1>	0.0000 0.9000 0.0000 0.0000	</row1>
					<row2>	0.0000 0.0000 -0.9000 0.0000	</row2>
					<row3>	-0.0413 0.2522 -3.0342 1.0000	</row3>
				</transform>
			</node>
			<node>
				<identifier>	MP_AM071_Signal_Lamp_2	</identifier>
				<transform>
					<row0>	-1.0000 0.0000 0.0000 0.0000	</row0>
					<row1>	0.0000 1.0000 0.0000 0.0000	</row1>
					<row2>	0.0000 0.0000 -1.0000 0.0000	</row2>
					<row3>	0.0000 0.6472 -5.7274 1.0000	</row3>
				</transform>
			</node>
			<node>
				<identifier>	MP_AM100_Spare_barrel_tube	</identifier>
				<transform>
					<row0>	0.0563 -0.7940 0.5186 0.0000	</row0>
					<row1>	-0.0857 -0.5216 -0.7894 0.0000	</row1>
					<row2>	0.9445 0.0000 -0.1025 0.0000	</row2>
					<row3>	0.4136 0.3134 -4.3133 1.0000	</row3>
				</transform>
			</node>
			<node>
				<identifier>	MP_AM100_Spare_barrel_tube_INDEX_1	</identifier>
				<transform>
					<row0>	-0.0983 0.3159 0.8905 0.0000	</row0>
					<row1>	0.0347 0.8959 -0.3140 0.0000	</row1>
					<row2>	-0.9443 0.0000 -0.1043 0.0000	</row2>
					<row3>	-0.4139 0.2895 -4.3132 1.0000	</row3>
				</transform>
			</node>
			<node>
				<identifier>	MP_AM100_Spare_barrel_tube_INDEX_2	</identifier>
				<transform>
					<row0>	0.0563 -0.7940 0.5186 0.0000	</row0>
					<row1>	-0.0857 -0.5216 -0.7894 0.0000	</row1>
					<row2>	0.9445 0.0000 -0.1025 0.0000	</row2>
					<row3>	0.4136 0.2886 -4.3133 1.0000	</row3>
				</transform>
			</node>
			<node>
				<identifier>	MP_AM100_Spare_barrel_tube_INDEX_3	</identifier>
				<transform>
					<row0>	-0.0983 0.3159 0.8905 0.0000	</row0>
					<row1>	0.0347 0.8959 -0.3140 0.0000	</row1>
					<row2>	-0.9443 0.0000 -0.1043 0.0000	</row2>
					<row3>	-0.4139 0.3143 -4.3132 1.0000	</row3>
				</transform>
			</node>
			<node>
				<identifier>	MP_AM108_Reels_4	</identifier>
				<transform>
					<row0>	0.5160 0.0037 -0.6625 0.0000	</row0>
					<row1>	0.0000 0.6500 0.0036 0.0000	</row1>
					<row2>	0.5128 -0.0022 0.3994 0.0000	</row2>
					<row3>	-0.1801 0.2519 -2.9142 1.0000	</row3>
				</transform>
			</node>
			<node>
				<identifier>	MP_AM108_Reels_4_INDEX_1	</identifier>
				<transform>
					<row0>	0.8000 0.0000 0.0000 0.0000	</row0>
					<row1>	0.0000 0.6998 0.0182 0.0000	</row1>
					<row2>	0.0000 -0.0182 0.6998 0.0000	</row2>
					<row3>	0.0000 0.2737 -4.2390 1.0000	</row3>
				</transform>
			</node>
			<node>
				<identifier>	MP_AM108_Reels_4_INDEX_2	</identifier>
				<transform>
					<row0>	0.5160 -0.0037 0.6625 0.0000	</row0>
					<row1>	0.0000 0.6500 0.0036 0.0000	</row1>
					<row2>	-0.5128 -0.0022 0.3994 0.0000	</row2>
					<row3>	0.1801 0.2519 -2.9142 1.0000	</row3>
				</transform>
			</node>
			<node>
				<identifier>	MP_AM129_Turtles_box	</identifier>
				<transform>
					<row0>	0.7094 0.0000 0.7048 0.0000	</row0>
					<row1>	0.0000 1.0000 0.0000 0.0000	</row1>
					<row2>	-0.7048 0.0000 0.7094 0.0000	</row2>
					<row3>	0.0969 0.3124 -4.8584 1.0000	</row3>
				</transform>
			</node>
			<node>
				<identifier>	MP_AM161_Anchor_top	</identifier>
				<transform>
					<row0>	0.0000 -0.3346 0.3640 0.0000	</row0>
					<row1>	0.0000 0.3355 0.3083 0.0000	</row1>
					<row2>	-0.6142 0.0000 0.0000 0.0000	</row2>
					<row3>	0.0000 0.2181 -5.7094 1.0000	</row3>
				</transform>
			</node>
			<node>
				<identifier>	MP_AM162_Anchor_down	</identifier>
				<transform>
					<row0>	0.0000 -0.1800 0.5491 0.0000	</row0>
					<row1>	0.0000 0.5491 0.1800 0.0000	</row1>
					<row2>	-0.5779 0.0000 0.0000 0.0000	</row2>
					<row3>	0.0000 0.2201 -5.7087 1.0000	</row3>
				</transform>
			</node>
			<node>
				<identifier>	MP_AM442_Multipole_Switch	</identifier>
				<transform>
					<row0>	-0.9797 0.0000 0.2005 0.0000	</row0>
					<row1>	0.0000 1.0000 0.0000 0.0000	</row1>
					<row2>	-0.2005 0.0000 -0.9797 0.0000	</row2>
					<row3>	0.1443 0.4369 -4.6856 1.0000	</row3>
				</transform>
			</node>
			<node>
				<identifier>	MP_AM442_Multipole_Switch_INDEX_1	</identifier>
				<transform>
					<row0>	-0.9797 0.0000 -0.2005 0.0000	</row0>
					<row1>	0.0000 1.0000 0.0000 0.0000	</row1>
					<row2>	0.2005 0.0000 -0.9797 0.0000	</row2>
					<row3>	-0.1443 0.4369 -4.6856 1.0000	</row3>
				</transform>
			</node>
			<node>
				<identifier>	MP_AM489_Franklin_Life_Buoy	</identifier>
				<transform>
					<row0>	-0.0576 0.0000 -0.9983 0.0000	</row0>
					<row1>	0.0000 1.0000 0.0000 0.0000	</row1>
					<row2>	0.9983 0.0000 -0.0576 0.0000	</row2>
					<row3>	0.4783 0.2495 -3.4530 1.0000	</row3>
				</transform>
			</node>
			<node>
				<identifier>	MP_AM489_Franklin_Life_Buoy_INDEX_1	</identifier>
				<transform>
					<row0>	-0.0576 0.0000 0.9983 0.0000	</row0>
					<row1>	0.0000 1.0000 0.0000 0.0000	</row1>
					<row2>	-0.9983 0.0000 -0.0576 0.0000	</row2>
					<row3>	-0.4783 0.2495 -3.4530 1.0000	</row3>
				</transform>
			</node>
			<node>
				<identifier>	MP_AM608_Wake_Light	</identifier>
				<transform>
					<row0>	-1.0000 0.0000 0.0000 0.0000	</row0>
					<row1>	0.0000 1.0000 0.0000 0.0000	</row1>
					<row2>	0.0000 0.0000 -1.0000 0.0000	</row2>
					<row3>	0.0000 0.4376 -5.6966 1.0000	</row3>
				</transform>
			</node>
			<node>
				<identifier>	MP_AM628_Cooling_tube	</identifier>
				<transform>
					<row0>	0.9273 0.1463 -0.1459 0.0000	</row0>
					<row1>	-0.1445 0.9387 0.0227 0.0000	</row1>
					<row2>	0.1476 0.0000 0.9385 0.0000	</row2>
					<row3>	0.3952 0.2903 -4.0445 1.0000	</row3>
				</transform>
			</node>
			<node>
				<identifier>	MP_AM628_Cooling_tube_INDEX_1	</identifier>
				<transform>
					<row0>	-0.9274 0.1463 -0.1448 0.0000	</row0>
					<row1>	0.1445 0.9387 0.0227 0.0000	</row1>
					<row2>	0.1465 0.0002 -0.9386 0.0000	</row2>
					<row3>	-0.3952 0.2903 -4.0445 1.0000	</row3>
				</transform>
			</node>
			<node>
				<identifier>	MP_CM001_Propeller3_L	</identifier>
				<transform>
					<row0>	0.9709 0.2344 -0.0492 0.0000	</row0>
					<row1>	-0.2353 0.9718 -0.0139 0.0000	</row1>
					<row2>	0.0445 0.0251 0.9987 0.0000	</row2>
					<row3>	-0.4194 -0.2774 -3.7116 1.0000	</row3>
				</transform>
			</node>
			<node>
				<identifier>	MP_CM001_Propeller3_L_INDEX_1	</identifier>
				<transform>
					<row0>	0.9731 0.2302 -0.0118 0.0000	</row0>
					<row1>	-0.2304 0.9724 -0.0357 0.0000	</row1>
					<row2>	0.0032 0.0375 0.9993 0.0000	</row2>
					<row3>	-0.2242 -0.2837 -4.6854 1.0000	</row3>
				</transform>
			</node>
			<node>
				<identifier>	MP_CM029_Emergency_Box	</identifier>
				<transform>
					<row0>	-0.0824 0.0000 0.9966 0.0000	</row0>
					<row1>	0.0000 1.0000 0.0000 0.0000	</row1>
					<row2>	-0.9966 0.0000 -0.0824 0.0000	</row2>
					<row3>	-0.4259 0.3256 -4.1731 1.0000	</row3>
				</transform>
			</node>
			<node>
				<identifier>	MP_CM029_Emergency_Box_INDEX_1	</identifier>
				<transform>
					<row0>	-0.6940 0.0000 0.7200 0.0000	</row0>
					<row1>	0.0000 1.0000 0.0000 0.0000	</row1>
					<row2>	-0.7200 0.0000 -0.6940 0.0000	</row2>
					<row3>	-0.0990 0.3537 -4.8507 1.0000	</row3>
				</transform>
			</node>
			<node>
				<identifier>	MP_CM029_Emergency_Box_INDEX_2	</identifier>
				<transform>
					<row0>	-0.0824 0.0000 -0.9966 0.0000	</row0>
					<row1>	0.0000 1.0000 0.0000 0.0000	</row1>
					<row2>	0.9966 0.0000 -0.0824 0.0000	</row2>
					<row3>	0.4259 0.3256 -4.1731 1.0000	</row3>
				</transform>
			</node>
			<node>
				<identifier>	MP_CM032_Propeller3_R	</identifier>
				<transform>
					<row0>	0.9731 -0.2301 0.0122 0.0000	</row0>
					<row1>	0.2304 0.9725 -0.0354 0.0000	</row1>
					<row2>	-0.0037 0.0373 0.9993 0.0000	</row2>
					<row3>	0.2242 -0.2837 -4.6854 1.0000	</row3>
				</transform>
			</node>
			<node>
				<identifier>	MP_CM032_Propeller3_R_INDEX_1	</identifier>
				<transform>
					<row0>	0.9708 -0.2351 0.0485 0.0000	</row0>
					<row1>	0.2359 0.9717 -0.0117 0.0000	</row1>
					<row2>	-0.0444 0.0228 0.9988 0.0000	</row2>
					<row3>	0.4194 -0.2774 -3.7116 1.0000	</row3>
				</transform>
			</node>
		</node>
	</node>
	<boundingBox>
		<min>	-0.0667 -0.0667 -0.0667	</min>
		<max>	0.0667 0.0667 0.0667	</max>
	</boundingBox>
</ASC021_Dallas_1942_Stern_ports.visual>
