<ASD030_Black_1943_MidFront_ports.visual>
	<node>
		<identifier>	Scene Root	</identifier>
		<transform>
			<row0>	1.0000 0.0000 0.0000 0.0000	</row0>
			<row1>	0.0000 1.0000 0.0000 0.0000	</row1>
			<row2>	0.0000 0.0000 1.0000 0.0000	</row2>
			<row3>	0.0000 0.0000 0.0000 1.0000	</row3>
		</transform>
		<node>
			<identifier>	MidFront_ports	</identifier>
			<transform>
				<row0>	1.0000 0.0000 0.0000 0.0000	</row0>
				<row1>	0.0000 1.0000 0.0000 0.0000	</row1>
				<row2>	0.0000 0.0000 1.0000 0.0000	</row2>
				<row3>	0.0000 0.0000 0.0000 1.0000	</row3>
			</transform>
			<node>
				<identifier>	HP_AD_1	</identifier>
				<transform>
					<row0>	1.0000 0.0000 0.0000 0.0000	</row0>
					<row1>	0.0000 1.0000 0.0000 0.0000	</row1>
					<row2>	0.0000 0.0000 1.0000 0.0000	</row2>
					<row3>	0.0000 0.9340 1.3529 1.0000	</row3>
				</transform>
			</node>
			<node>
				<identifier>	HP_AD_2	</identifier>
				<transform>
					<row0>	0.0000 0.0000 1.0000 0.0000	</row0>
					<row1>	0.0000 1.0000 0.0000 0.0000	</row1>
					<row2>	-1.0000 0.0000 0.0000 0.0000	</row2>
					<row3>	-0.3016 0.6805 1.1589 1.0000	</row3>
				</transform>
			</node>
			<node>
				<identifier>	HP_AD_3	</identifier>
				<transform>
					<row0>	0.0000 0.0000 -1.0000 0.0000	</row0>
					<row1>	0.0000 1.0000 0.0000 0.0000	</row1>
					<row2>	1.0000 0.0000 0.0000 0.0000	</row2>
					<row3>	0.3016 0.6805 1.1589 1.0000	</row3>
				</transform>
			</node>
			<node>
				<identifier>	HP_AGA_1	</identifier>
				<transform>
					<row0>	0.7071 0.0000 0.7071 0.0000	</row0>
					<row1>	0.0000 1.0000 0.0000 0.0000	</row1>
					<row2>	-0.7071 0.0000 0.7071 0.0000	</row2>
					<row3>	-0.2311 0.4573 1.7080 1.0000	</row3>
				</transform>
			</node>
			<node>
				<identifier>	HP_AGA_2	</identifier>
				<transform>
					<row0>	0.7071 0.0000 -0.7071 0.0000	</row0>
					<row1>	0.0000 1.0000 0.0000 0.0000	</row1>
					<row2>	0.7071 0.0000 0.7071 0.0000	</row2>
					<row3>	0.2311 0.4573 1.7080 1.0000	</row3>
				</transform>
			</node>
			<node>
				<identifier>	HP_AGM_2	</identifier>
				<transform>
					<row0>	1.0000 0.0000 0.0000 0.0000	</row0>
					<row1>	0.0000 1.0000 0.0000 0.0000	</row1>
					<row2>	0.0000 0.0000 1.0000 0.0000	</row2>
					<row3>	0.0000 0.5063 2.0657 1.0000	</row3>
				</transform>
			</node>
			<node>
				<identifier>	HP_AGT_1	</identifier>
				<transform>
					<row0>	1.0000 0.0000 0.0000 0.0000	</row0>
					<row1>	0.0000 1.0000 0.0000 0.0000	</row1>
					<row2>	0.0000 0.0000 1.0000 0.0000	</row2>
					<row3>	0.0000 0.4032 0.1671 1.0000	</row3>
				</transform>
			</node>
			<node>
				<identifier>	HP_ARS_1	</identifier>
				<transform>
					<row0>	1.0000 0.0000 0.0000 0.0000	</row0>
					<row1>	0.0000 1.0000 0.0000 0.0000	</row1>
					<row2>	0.0000 0.0000 1.0000 0.0000	</row2>
					<row3>	0.0000 1.7132 1.0234 1.0000	</row3>
				</transform>
			</node>
			<node>
				<identifier>	HP_ARS_2	</identifier>
				<transform>
					<row0>	1.0000 0.0000 0.0000 0.0000	</row0>
					<row1>	0.0000 1.0000 0.0000 0.0000	</row1>
					<row2>	0.0000 0.0000 1.0000 0.0000	</row2>
					<row3>	-0.0001 1.8001 0.9534 1.0000	</row3>
				</transform>
			</node>
			<node>
				<identifier>	HP_FX_Death_2	</identifier>
				<transform>
					<row0>	1.0000 0.0000 0.0000 0.0000	</row0>
					<row1>	0.0000 1.0000 0.0000 0.0000	</row1>
					<row2>	0.0000 0.0000 1.0000 0.0000	</row2>
					<row3>	0.0000 0.0000 0.1337 1.0000	</row3>
				</transform>
			</node>
			<node>
				<identifier>	HP_FX_Fire_2	</identifier>
				<transform>
					<row0>	1.0000 0.0000 0.0000 0.0000	</row0>
					<row1>	0.0000 1.0000 0.0000 0.0000	</row1>
					<row2>	0.0000 0.0000 1.0000 0.0000	</row2>
					<row3>	0.0000 0.4446 1.0043 1.0000	</row3>
				</transform>
			</node>
			<node>
				<identifier>	HP_FX_Fire_2_side_1	</identifier>
				<transform>
					<row0>	1.0000 0.0000 0.0000 0.0000	</row0>
					<row1>	0.0000 1.0000 0.0000 0.0000	</row1>
					<row2>	0.0000 0.0000 1.0000 0.0000	</row2>
					<row3>	-0.2440 0.5097 1.7133 1.0000	</row3>
				</transform>
			</node>
			<node>
				<identifier>	HP_FX_Fire_2_side_2	</identifier>
				<transform>
					<row0>	1.0000 0.0000 0.0000 0.0000	</row0>
					<row1>	0.0000 1.0000 0.0000 0.0000	</row1>
					<row2>	0.0000 0.0000 1.0000 0.0000	</row2>
					<row3>	0.2905 0.5105 0.9165 1.0000	</row3>
				</transform>
			</node>
			<node>
				<identifier>	HP_FX_FloodLight_left_1	</identifier>
				<transform>
					<row0>	-1.0000 0.0000 0.0000 0.0000	</row0>
					<row1>	0.0000 1.0000 0.0000 0.0000	</row1>
					<row2>	0.0000 0.0000 -1.0000 0.0000	</row2>
					<row3>	-0.1700 0.5290 1.4730 1.0000	</row3>
				</transform>
			</node>
			<node>
				<identifier>	HP_FX_FloodLight_right_2	</identifier>
				<transform>
					<row0>	1.0000 0.0000 0.0000 0.0000	</row0>
					<row1>	0.0000 1.0000 0.0000 0.0000	</row1>
					<row2>	0.0000 0.0000 1.0000 0.0000	</row2>
					<row3>	0.1670 0.5290 1.4880 1.0000	</row3>
				</transform>
			</node>
			<node>
				<identifier>	HP_FX_Flood_steam_1	</identifier>
				<transform>
					<row0>	1.0000 0.0000 0.0000 0.0000	</row0>
					<row1>	0.0000 0.9360 -0.3520 0.0000	</row1>
					<row2>	0.0000 0.3520 0.9360 0.0000	</row2>
					<row3>	0.0000 0.8140 0.4891 1.0000	</row3>
				</transform>
			</node>
			<node>
				<identifier>	HP_FX_Flood_steam_left	</identifier>
				<transform>
					<row0>	-1.0000 0.0000 0.0000 0.0000	</row0>
					<row1>	0.0000 1.0000 0.0000 0.0000	</row1>
					<row2>	0.0000 0.0000 -1.0000 0.0000	</row2>
					<row3>	-0.2400 0.3670 2.0080 1.0000	</row3>
				</transform>
			</node>
			<node>
				<identifier>	HP_FX_Flood_water_left_2	</identifier>
				<transform>
					<row0>	-1.0000 0.0000 0.0000 0.0000	</row0>
					<row1>	0.0000 1.0000 0.0000 0.0000	</row1>
					<row2>	0.0000 0.0000 -1.0000 0.0000	</row2>
					<row3>	-0.3264 0.0228 1.3503 1.0000	</row3>
				</transform>
			</node>
			<node>
				<identifier>	HP_FX_Flood_water_right_2	</identifier>
				<transform>
					<row0>	1.0000 0.0000 0.0000 0.0000	</row0>
					<row1>	0.0000 1.0000 0.0000 0.0000	</row1>
					<row2>	0.0000 0.0000 1.0000 0.0000	</row2>
					<row3>	0.3252 0.0173 1.3490 1.0000	</row3>
				</transform>
			</node>
			<node>
				<identifier>	HP_FX_Smoke_1	</identifier>
				<transform>
					<row0>	1.0000 0.0000 0.0000 0.0000	</row0>
					<row1>	0.0000 0.9643 -0.2646 0.0000	</row1>
					<row2>	0.0000 0.2646 0.9643 0.0000	</row2>
					<row3>	0.0000 0.9011 0.6083 1.0000	</row3>
				</transform>
			</node>
			<node>
				<identifier>	HP_flag_1	</identifier>
				<transform>
					<row0>	0.9999 0.0132 -0.0011 0.0000	</row0>
					<row1>	-0.0132 0.9869 -0.1606 0.0000	</row1>
					<row2>	-0.0011 0.1606 0.9870 0.0000	</row2>
					<row3>	0.2070 1.5692 0.9552 1.0000	</row3>
				</transform>
			</node>
			<node>
				<identifier>	HP_flag_2	</identifier>
				<transform>
					<row0>	0.9999 -0.0132 0.0011 0.0000	</row0>
					<row1>	0.0132 0.9869 -0.1606 0.0000	</row1>
					<row2>	0.0011 0.1606 0.9870 0.0000	</row2>
					<row3>	-0.2070 1.5692 0.9552 1.0000	</row3>
				</transform>
			</node>
			<node>
				<identifier>	HP_flag_3	</identifier>
				<transform>
					<row0>	0.9999 0.0132 -0.0011 0.0000	</row0>
					<row1>	-0.0132 0.9869 -0.1606 0.0000	</row1>
					<row2>	-0.0011 0.1606 0.9870 0.0000	</row2>
					<row3>	0.1069 1.5692 0.9552 1.0000	</row3>
				</transform>
			</node>
			<node>
				<identifier>	HP_flag_4	</identifier>
				<transform>
					<row0>	0.9999 -0.0132 0.0011 0.0000	</row0>
					<row1>	0.0132 0.9869 -0.1606 0.0000	</row1>
					<row2>	0.0011 0.1606 0.9870 0.0000	</row2>
					<row3>	-0.1058 1.5692 0.9552 1.0000	</row3>
				</transform>
			</node>
			<node>
				<identifier>	HP_flag_rank	</identifier>
				<transform>
					<row0>	0.9999 0.0126 -0.0002 0.0000	</row0>
					<row1>	-0.0126 0.9996 -0.0261 0.0000	</row1>
					<row2>	-0.0002 0.0261 0.9997 0.0000	</row2>
					<row3>	0.0036 1.7057 0.8140 1.0000	</row3>
				</transform>
			</node>
			<node>
				<identifier>	MP_AM004_Fairlead_2	</identifier>
				<transform>
					<row0>	0.0615 -0.0638 -0.9961 0.0000	</row0>
					<row1>	0.0008 0.9980 -0.0638 0.0000	</row1>
					<row2>	0.9981 0.0031 0.0615 0.0000	</row2>
					<row3>	0.3074 0.3104 2.1736 1.0000	</row3>
				</transform>
			</node>
			<node>
				<identifier>	MP_AM004_Fairlead_2_INDEX_1	</identifier>
				<transform>
					<row0>	0.0615 -0.0501 -0.9968 0.0000	</row0>
					<row1>	0.0000 0.9987 -0.0502 0.0000	</row1>
					<row2>	0.9981 0.0031 0.0615 0.0000	</row2>
					<row3>	0.3281 0.2937 1.8727 1.0000	</row3>
				</transform>
			</node>
			<node>
				<identifier>	MP_AM004_Fairlead_2_INDEX_2	</identifier>
				<transform>
					<row0>	0.0615 0.0638 0.9961 0.0000	</row0>
					<row1>	-0.0008 0.9980 -0.0638 0.0000	</row1>
					<row2>	-0.9981 0.0031 0.0615 0.0000	</row2>
					<row3>	-0.3074 0.3104 2.1736 1.0000	</row3>
				</transform>
			</node>
			<node>
				<identifier>	MP_AM004_Fairlead_2_INDEX_3	</identifier>
				<transform>
					<row0>	0.0615 0.0501 0.9968 0.0000	</row0>
					<row1>	0.0000 0.9987 -0.0502 0.0000	</row1>
					<row2>	-0.9981 0.0031 0.0615 0.0000	</row2>
					<row3>	-0.3281 0.2937 1.8727 1.0000	</row3>
				</transform>
			</node>
			<node>
				<identifier>	MP_AM005_Bollard_1	</identifier>
				<transform>
					<row0>	0.8969 -0.0550 0.0497 0.0000	</row0>
					<row1>	0.0572 0.8973 -0.0398 0.0000	</row1>
					<row2>	-0.0472 0.0428 0.8977 0.0000	</row2>
					<row3>	0.2907 0.3021 1.9790 1.0000	</row3>
				</transform>
			</node>
			<node>
				<identifier>	MP_AM005_Bollard_1_INDEX_1	</identifier>
				<transform>
					<row0>	0.8969 0.0550 -0.0497 0.0000	</row0>
					<row1>	-0.0572 0.8973 -0.0398 0.0000	</row1>
					<row2>	0.0472 0.0428 0.8977 0.0000	</row2>
					<row3>	-0.2907 0.3021 1.9790 1.0000	</row3>
				</transform>
			</node>
			<node>
				<identifier>	MP_AM007_Reels_2	</identifier>
				<transform>
					<row0>	1.0000 0.0000 0.0000 0.0000	</row0>
					<row1>	0.0000 1.0000 0.0000 0.0000	</row1>
					<row2>	0.0000 0.0000 1.0000 0.0000	</row2>
					<row3>	0.0000 0.4051 2.2496 1.0000	</row3>
				</transform>
			</node>
			<node>
				<identifier>	MP_AM010_Speaker_1	</identifier>
				<transform>
					<row0>	0.8801 0.0000 0.0000 0.0000	</row0>
					<row1>	0.0000 -0.8501 -0.2278 0.0000	</row1>
					<row2>	0.0000 0.2278 -0.8501 0.0000	</row2>
					<row3>	0.0000 0.7893 1.6718 1.0000	</row3>
				</transform>
			</node>
			<node>
				<identifier>	MP_AM019_Ventilators_1	</identifier>
				<transform>
					<row0>	0.5000 0.0000 0.0000 0.0000	</row0>
					<row1>	0.0000 0.4000 0.0000 0.0000	</row1>
					<row2>	0.0000 0.0000 0.5000 0.0000	</row2>
					<row3>	0.1349 0.3948 0.4150 1.0000	</row3>
				</transform>
			</node>
			<node>
				<identifier>	MP_AM019_Ventilators_1_INDEX_1	</identifier>
				<transform>
					<row0>	0.5000 0.0000 0.0000 0.0000	</row0>
					<row1>	0.0000 0.4000 0.0000 0.0000	</row1>
					<row2>	0.0000 0.0000 0.5000 0.0000	</row2>
					<row3>	-0.1516 0.3968 0.4753 1.0000	</row3>
				</transform>
			</node>
			<node>
				<identifier>	MP_AM019_Ventilators_1_INDEX_2	</identifier>
				<transform>
					<row0>	0.5000 0.0000 0.0000 0.0000	</row0>
					<row1>	0.0000 0.4000 0.0000 0.0000	</row1>
					<row2>	0.0000 0.0000 0.5000 0.0000	</row2>
					<row3>	-0.1745 0.3916 0.3103 1.0000	</row3>
				</transform>
			</node>
			<node>
				<identifier>	MP_AM025_Pelorus_Mk7	</identifier>
				<transform>
					<row0>	1.0000 0.0000 0.0000 0.0000	</row0>
					<row1>	0.0000 1.0000 0.0000 0.0000	</row1>
					<row2>	0.0000 0.0000 1.0000 0.0000	</row2>
					<row3>	-0.2760 0.6843 1.4442 1.0000	</row3>
				</transform>
			</node>
			<node>
				<identifier>	MP_AM025_Pelorus_Mk7_INDEX_1	</identifier>
				<transform>
					<row0>	1.0000 0.0000 0.0000 0.0000	</row0>
					<row1>	0.0000 1.0000 0.0000 0.0000	</row1>
					<row2>	0.0000 0.0000 1.0000 0.0000	</row2>
					<row3>	0.2760 0.6843 1.4441 1.0000	</row3>
				</transform>
			</node>
			<node>
				<identifier>	MP_AM027_Ammunition_Box1	</identifier>
				<transform>
					<row0>	0.0000 -0.0188 -0.9998 0.0000	</row0>
					<row1>	0.0000 0.9998 -0.0188 0.0000	</row1>
					<row2>	1.0000 0.0000 0.0000 0.0000	</row2>
					<row3>	0.0355 0.4028 0.5588 1.0000	</row3>
				</transform>
			</node>
			<node>
				<identifier>	MP_AM028_Ammunition_Box2	</identifier>
				<transform>
					<row0>	1.0000 0.0000 0.0000 0.0000	</row0>
					<row1>	0.0000 1.0000 0.0000 0.0000	</row1>
					<row2>	0.0000 0.0000 1.0000 0.0000	</row2>
					<row3>	-0.0370 0.4296 1.1642 1.0000	</row3>
				</transform>
			</node>
			<node>
				<identifier>	MP_AM028_Ammunition_Box2_INDEX_1	</identifier>
				<transform>
					<row0>	1.0000 0.0000 0.0000 0.0000	</row0>
					<row1>	0.0000 1.0000 0.0000 0.0000	</row1>
					<row2>	0.0000 0.0000 1.0000 0.0000	</row2>
					<row3>	-0.0952 0.4296 1.1642 1.0000	</row3>
				</transform>
			</node>
			<node>
				<identifier>	MP_AM029_Ammunition_Box3	</identifier>
				<transform>
					<row0>	0.4062 0.0000 -0.0557 0.0000	</row0>
					<row1>	0.0000 0.4100 0.0000 0.0000	</row1>
					<row2>	0.0557 0.0000 0.4062 0.0000	</row2>
					<row3>	-0.0695 0.6532 1.1380 1.0000	</row3>
				</transform>
			</node>
			<node>
				<identifier>	MP_AM030_Ammunition_Box4	</identifier>
				<transform>
					<row0>	0.2075 0.0000 -0.2881 0.0000	</row0>
					<row1>	0.0000 0.3550 0.0000 0.0000	</row1>
					<row2>	0.2881 0.0000 0.2075 0.0000	</row2>
					<row3>	-0.0916 0.8379 1.2948 1.0000	</row3>
				</transform>
			</node>
			<node>
				<identifier>	MP_AM030_Ammunition_Box4_INDEX_1	</identifier>
				<transform>
					<row0>	0.2704 0.0000 -0.2300 0.0000	</row0>
					<row1>	0.0000 0.3550 0.0000 0.0000	</row1>
					<row2>	0.2300 0.0000 0.2704 0.0000	</row2>
					<row3>	-0.0674 0.8379 1.2687 1.0000	</row3>
				</transform>
			</node>
			<node>
				<identifier>	MP_AM030_Ammunition_Box4_INDEX_2	</identifier>
				<transform>
					<row0>	-0.7928 0.0000 0.0000 0.0000	</row0>
					<row1>	0.0000 0.7925 -0.0238 0.0000	</row1>
					<row2>	0.0000 -0.0238 -0.7925 0.0000	</row2>
					<row3>	-0.0524 0.4036 0.5619 1.0000	</row3>
				</transform>
			</node>
			<node>
				<identifier>	MP_AM031_Ammunition_Box5	</identifier>
				<transform>
					<row0>	0.0000 0.0000 -1.0000 0.0000	</row0>
					<row1>	0.0000 1.0000 0.0000 0.0000	</row1>
					<row2>	1.0000 0.0000 0.0000 0.0000	</row2>
					<row3>	-0.1604 0.4626 1.8431 1.0000	</row3>
				</transform>
			</node>
			<node>
				<identifier>	MP_AM031_Ammunition_Box5_INDEX_1	</identifier>
				<transform>
					<row0>	0.0000 0.0000 1.0000 0.0000	</row0>
					<row1>	0.0000 1.0000 0.0000 0.0000	</row1>
					<row2>	-1.0000 0.0000 0.0000 0.0000	</row2>
					<row3>	0.1604 0.4626 1.8431 1.0000	</row3>
				</transform>
			</node>
			<node>
				<identifier>	MP_AM037_Searchlight_900mm	</identifier>
				<transform>
					<row0>	0.0000 0.0000 -1.0000 0.0000	</row0>
					<row1>	0.0000 1.0000 0.0000 0.0000	</row1>
					<row2>	1.0000 0.0000 0.0000 0.0000	</row2>
					<row3>	-0.1539 0.6562 0.7994 1.0000	</row3>
				</transform>
			</node>
			<node>
				<identifier>	MP_AM037_Searchlight_900mm_INDEX_1	</identifier>
				<transform>
					<row0>	0.0000 0.0000 -1.0000 0.0000	</row0>
					<row1>	0.0000 1.0000 0.0000 0.0000	</row1>
					<row2>	1.0000 0.0000 0.0000 0.0000	</row2>
					<row3>	0.1539 0.6562 0.7994 1.0000	</row3>
				</transform>
			</node>
			<node>
				<identifier>	MP_AM038_Searchlight_600mm	</identifier>
				<transform>
					<row0>	1.0000 0.0000 0.0000 0.0000	</row0>
					<row1>	0.0000 1.0000 0.0000 0.0000	</row1>
					<row2>	0.0000 0.0000 1.0000 0.0000	</row2>
					<row3>	-0.1590 0.8176 1.2314 1.0000	</row3>
				</transform>
			</node>
			<node>
				<identifier>	MP_AM038_Searchlight_600mm_INDEX_1	</identifier>
				<transform>
					<row0>	1.0000 0.0000 0.0000 0.0000	</row0>
					<row1>	0.0000 1.0000 0.0000 0.0000	</row1>
					<row2>	0.0000 0.0000 1.0000 0.0000	</row2>
					<row3>	0.1590 0.8176 1.2314 1.0000	</row3>
				</transform>
			</node>
			<node>
				<identifier>	MP_AM044_Boat_Winch	</identifier>
				<transform>
					<row0>	0.7656 0.0000 0.0000 0.0000	</row0>
					<row1>	0.0000 0.7656 0.0000 0.0000	</row1>
					<row2>	0.0000 0.0000 0.7656 0.0000	</row2>
					<row3>	-0.3055 0.2307 0.3703 1.0000	</row3>
				</transform>
			</node>
			<node>
				<identifier>	MP_AM047_Running_Lights_R	</identifier>
				<transform>
					<row0>	1.0000 0.0000 0.0000 0.0000	</row0>
					<row1>	0.0000 1.0000 0.0000 0.0000	</row1>
					<row2>	0.0000 0.0000 1.0000 0.0000	</row2>
					<row3>	0.2681 0.6301 1.4420 1.0000	</row3>
				</transform>
			</node>
			<node>
				<identifier>	MP_AM048_Running_Lights_L	</identifier>
				<transform>
					<row0>	1.0000 0.0000 0.0000 0.0000	</row0>
					<row1>	0.0000 1.0000 0.0000 0.0000	</row1>
					<row2>	0.0000 0.0000 1.0000 0.0000	</row2>
					<row3>	-0.2681 0.6301 1.4420 1.0000	</row3>
				</transform>
			</node>
			<node>
				<identifier>	MP_AM049_Signal_Lamp_1	</identifier>
				<transform>
					<row0>	1.0000 0.0000 0.0000 0.0000	</row0>
					<row1>	0.0000 1.0000 0.0000 0.0000	</row1>
					<row2>	0.0000 0.0000 1.0000 0.0000	</row2>
					<row3>	0.2065 1.6200 0.9479 1.0000	</row3>
				</transform>
			</node>
			<node>
				<identifier>	MP_AM049_Signal_Lamp_1_INDEX_1	</identifier>
				<transform>
					<row0>	1.0000 0.0000 0.0000 0.0000	</row0>
					<row1>	0.0000 1.0000 0.0000 0.0000	</row1>
					<row2>	0.0000 0.0000 1.0000 0.0000	</row2>
					<row3>	-0.2065 1.6200 0.9479 1.0000	</row3>
				</transform>
			</node>
			<node>
				<identifier>	MP_AM049_Signal_Lamp_1_INDEX_2	</identifier>
				<transform>
					<row0>	0.7322 0.0000 0.0000 0.0000	</row0>
					<row1>	0.0000 0.7322 0.0000 0.0000	</row1>
					<row2>	0.0000 0.0000 0.7322 0.0000	</row2>
					<row3>	-0.0422 1.4118 0.9508 1.0000	</row3>
				</transform>
			</node>
			<node>
				<identifier>	MP_AM049_Signal_Lamp_1_INDEX_3	</identifier>
				<transform>
					<row0>	0.6172 0.0000 0.0000 0.0000	</row0>
					<row1>	0.0000 0.6172 0.0000 0.0000	</row1>
					<row2>	0.0000 0.0000 0.6172 0.0000	</row2>
					<row3>	0.0143 1.7975 0.9393 1.0000	</row3>
				</transform>
			</node>
			<node>
				<identifier>	MP_AM049_Signal_Lamp_1_INDEX_4	</identifier>
				<transform>
					<row0>	0.7322 0.0000 0.0000 0.0000	</row0>
					<row1>	0.0000 0.7322 0.0000 0.0000	</row1>
					<row2>	0.0000 0.0000 0.7322 0.0000	</row2>
					<row3>	-0.0399 1.5249 0.9410 1.0000	</row3>
				</transform>
			</node>
			<node>
				<identifier>	MP_AM049_Signal_Lamp_1_INDEX_5	</identifier>
				<transform>
					<row0>	0.6172 0.0000 0.0000 0.0000	</row0>
					<row1>	0.0000 0.6172 0.0000 0.0000	</row1>
					<row2>	0.0000 0.0000 0.6172 0.0000	</row2>
					<row3>	-0.0143 1.7975 0.9393 1.0000	</row3>
				</transform>
			</node>
			<node>
				<identifier>	MP_AM050_Fightin_Light	</identifier>
				<transform>
					<row0>	1.0000 0.0000 0.0000 0.0000	</row0>
					<row1>	0.0000 1.0000 0.0000 0.0000	</row1>
					<row2>	0.0000 0.0000 1.0000 0.0000	</row2>
					<row3>	-0.3319 0.6805 1.1977 1.0000	</row3>
				</transform>
			</node>
			<node>
				<identifier>	MP_AM050_Fightin_Light_INDEX_1	</identifier>
				<transform>
					<row0>	-1.0000 0.0000 0.0000 0.0000	</row0>
					<row1>	0.0000 1.0000 0.0000 0.0000	</row1>
					<row2>	0.0000 0.0000 -1.0000 0.0000	</row2>
					<row3>	0.3319 0.6805 1.1977 1.0000	</row3>
				</transform>
			</node>
			<node>
				<identifier>	MP_AM050_Fightin_Light_INDEX_2	</identifier>
				<transform>
					<row0>	1.0000 0.0000 0.0000 0.0000	</row0>
					<row1>	0.0000 1.0000 0.0000 0.0000	</row1>
					<row2>	0.0000 0.0000 1.0000 0.0000	</row2>
					<row3>	-0.0167 1.6995 0.9712 1.0000	</row3>
				</transform>
			</node>
			<node>
				<identifier>	MP_AM050_Fightin_Light_INDEX_3	</identifier>
				<transform>
					<row0>	1.0000 0.0000 0.0000 0.0000	</row0>
					<row1>	0.0000 1.0000 0.0000 0.0000	</row1>
					<row2>	0.0000 0.0000 1.0000 0.0000	</row2>
					<row3>	-0.0750 1.2862 1.0110 1.0000	</row3>
				</transform>
			</node>
			<node>
				<identifier>	MP_AM050_Fightin_Light_INDEX_4	</identifier>
				<transform>
					<row0>	-1.0000 0.0000 0.0000 0.0000	</row0>
					<row1>	0.0000 1.0000 0.0000 0.0000	</row1>
					<row2>	0.0000 0.0000 -1.0000 0.0000	</row2>
					<row3>	0.0167 1.6995 0.9712 1.0000	</row3>
				</transform>
			</node>
			<node>
				<identifier>	MP_AM050_Fightin_Light_INDEX_5	</identifier>
				<transform>
					<row0>	-1.0000 0.0000 0.0000 0.0000	</row0>
					<row1>	0.0000 1.0000 0.0000 0.0000	</row1>
					<row2>	0.0000 0.0000 -1.0000 0.0000	</row2>
					<row3>	0.0750 1.2850 1.0100 1.0000	</row3>
				</transform>
			</node>
			<node>
				<identifier>	MP_AM054_Boat_6	</identifier>
				<transform>
					<row0>	0.0035 0.9991 -0.0428 0.0000	</row0>
					<row1>	0.9992 -0.0018 0.0391 0.0000	</row1>
					<row2>	0.0390 -0.0429 -0.9983 0.0000	</row2>
					<row3>	0.3391 0.3717 1.4849 1.0000	</row3>
				</transform>
			</node>
			<node>
				<identifier>	MP_AM054_Boat_6_INDEX_1	</identifier>
				<transform>
					<row0>	0.2588 -0.9655 0.0296 0.0000	</row0>
					<row1>	0.9652 0.2572 -0.0472 0.0000	</row1>
					<row2>	0.0379 0.0408 0.9984 0.0000	</row2>
					<row3>	-0.3632 0.3148 0.9312 1.0000	</row3>
				</transform>
			</node>
			<node>
				<identifier>	MP_AM054_Boat_6_INDEX_2	</identifier>
				<transform>
					<row0>	0.2588 0.9655 -0.0296 0.0000	</row0>
					<row1>	-0.9652 0.2572 -0.0472 0.0000	</row1>
					<row2>	-0.0379 0.0408 0.9984 0.0000	</row2>
					<row3>	0.3630 0.3148 0.9312 1.0000	</row3>
				</transform>
			</node>
			<node>
				<identifier>	MP_AM054_Boat_6_INDEX_3	</identifier>
				<transform>
					<row0>	0.0031 -0.9991 0.0429 0.0000	</row0>
					<row1>	-0.9995 -0.0018 0.0304 0.0000	</row1>
					<row2>	-0.0303 -0.0429 -0.9986 0.0000	</row2>
					<row3>	-0.3391 0.3717 1.4849 1.0000	</row3>
				</transform>
			</node>
			<node>
				<identifier>	MP_AM054_Boat_6_INDEX_4	</identifier>
				<transform>
					<row0>	0.0038 0.9991 -0.0428 0.0000	</row0>
					<row1>	0.9990 -0.0018 0.0452 0.0000	</row1>
					<row2>	0.0450 -0.0429 -0.9981 0.0000	</row2>
					<row3>	0.3293 0.3800 1.7126 1.0000	</row3>
				</transform>
			</node>
			<node>
				<identifier>	MP_AM054_Boat_6_INDEX_5	</identifier>
				<transform>
					<row0>	0.0037 -0.9991 0.0428 0.0000	</row0>
					<row1>	-0.9991 -0.0018 0.0429 0.0000	</row1>
					<row2>	-0.0428 -0.0429 -0.9982 0.0000	</row2>
					<row3>	-0.3293 0.3800 1.7126 1.0000	</row3>
				</transform>
			</node>
			<node>
				<identifier>	MP_AM061_Sky_Lookout_1	</identifier>
				<transform>
					<row0>	1.0000 0.0000 0.0000 0.0000	</row0>
					<row1>	0.0000 1.0000 0.0000 0.0000	</row1>
					<row2>	0.0000 0.0000 1.0000 0.0000	</row2>
					<row3>	0.0886 0.8074 1.5474 1.0000	</row3>
				</transform>
			</node>
			<node>
				<identifier>	MP_AM061_Sky_Lookout_1_INDEX_1	</identifier>
				<transform>
					<row0>	1.0000 0.0000 0.0000 0.0000	</row0>
					<row1>	0.0000 1.0000 0.0000 0.0000	</row1>
					<row2>	0.0000 0.0000 1.0000 0.0000	</row2>
					<row3>	-0.0886 0.8074 1.5474 1.0000	</row3>
				</transform>
			</node>
			<node>
				<identifier>	MP_AM062_IFF_Antenna	</identifier>
				<transform>
					<row0>	1.0000 0.0000 0.0000 0.0000	</row0>
					<row1>	0.0000 1.0000 0.0000 0.0000	</row1>
					<row2>	0.0000 0.0000 1.0000 0.0000	</row2>
					<row3>	0.2373 1.6186 0.9479 1.0000	</row3>
				</transform>
			</node>
			<node>
				<identifier>	MP_AM062_IFF_Antenna_INDEX_1	</identifier>
				<transform>
					<row0>	1.0000 0.0000 0.0000 0.0000	</row0>
					<row1>	0.0000 1.0000 0.0000 0.0000	</row1>
					<row2>	0.0000 0.0000 1.0000 0.0000	</row2>
					<row3>	-0.2373 1.6186 0.9479 1.0000	</row3>
				</transform>
			</node>
			<node>
				<identifier>	MP_AM063_Wind_Direction	</identifier>
				<transform>
					<row0>	0.0000 0.0000 -1.0000 0.0000	</row0>
					<row1>	0.0000 1.0000 0.0000 0.0000	</row1>
					<row2>	1.0000 0.0000 0.0000 0.0000	</row2>
					<row3>	0.1542 1.6218 0.9724 1.0000	</row3>
				</transform>
			</node>
			<node>
				<identifier>	MP_AM064_Wind_Intensity	</identifier>
				<transform>
					<row0>	1.0000 0.0000 0.0000 0.0000	</row0>
					<row1>	0.0000 1.0000 0.0000 0.0000	</row1>
					<row2>	0.0000 0.0000 1.0000 0.0000	</row2>
					<row3>	-0.1542 1.6218 0.9723 1.0000	</row3>
				</transform>
			</node>
			<node>
				<identifier>	MP_AM065_Ammunition_Box_6	</identifier>
				<transform>
					<row0>	0.8848 0.0000 0.0000 0.0000	</row0>
					<row1>	0.0000 0.8838 -0.0425 0.0000	</row1>
					<row2>	0.0000 0.0425 0.8838 0.0000	</row2>
					<row3>	0.1781 0.4449 1.4414 1.0000	</row3>
				</transform>
			</node>
			<node>
				<identifier>	MP_AM065_Ammunition_Box_6_INDEX_1	</identifier>
				<transform>
					<row0>	-0.8850 0.0000 0.0000 0.0000	</row0>
					<row1>	0.0000 0.8840 -0.0425 0.0000	</row1>
					<row2>	0.0000 -0.0425 -0.8840 0.0000	</row2>
					<row3>	-0.1782 0.4449 1.4422 1.0000	</row3>
				</transform>
			</node>
			<node>
				<identifier>	MP_AM072_Ships_bell	</identifier>
				<transform>
					<row0>	0.9478 0.0000 0.0000 0.0000	</row0>
					<row1>	0.0000 0.9478 0.0000 0.0000	</row1>
					<row2>	0.0000 0.0000 0.9478 0.0000	</row2>
					<row3>	0.0349 0.7926 1.0926 1.0000	</row3>
				</transform>
			</node>
			<node>
				<identifier>	MP_AM074_Floater_Net_Basket_2	</identifier>
				<transform>
					<row0>	-0.7066 0.0000 -0.7076 0.0000	</row0>
					<row1>	0.0000 1.0000 0.0000 0.0000	</row1>
					<row2>	0.7076 0.0000 -0.7066 0.0000	</row2>
					<row3>	0.1368 0.6429 0.6611 1.0000	</row3>
				</transform>
			</node>
			<node>
				<identifier>	MP_AM074_Floater_Net_Basket_2_INDEX_1	</identifier>
				<transform>
					<row0>	-0.7066 0.0000 0.7076 0.0000	</row0>
					<row1>	0.0000 1.0000 0.0000 0.0000	</row1>
					<row2>	-0.7076 0.0000 -0.7066 0.0000	</row2>
					<row3>	-0.1368 0.6429 0.6611 1.0000	</row3>
				</transform>
			</node>
			<node>
				<identifier>	MP_AM085_TBS_Antenna	</identifier>
				<transform>
					<row0>	0.7619 0.0000 0.0000 0.0000	</row0>
					<row1>	0.0000 0.7619 0.0000 0.0000	</row1>
					<row2>	0.0000 0.0000 0.7619 0.0000	</row2>
					<row3>	-0.1542 1.6223 0.9477 1.0000	</row3>
				</transform>
			</node>
			<node>
				<identifier>	MP_AM091_Whaleboat_26ft	</identifier>
				<transform>
					<row0>	-0.9961 0.0000 -0.0879 0.0000	</row0>
					<row1>	0.0000 1.0000 0.0000 0.0000	</row1>
					<row2>	0.0879 0.0000 -0.9961 0.0000	</row2>
					<row3>	-0.2808 0.4623 0.9225 1.0000	</row3>
				</transform>
			</node>
			<node>
				<identifier>	MP_AM091_Whaleboat_26ft_INDEX_1	</identifier>
				<transform>
					<row0>	-0.9961 0.0000 0.0879 0.0000	</row0>
					<row1>	0.0000 1.0000 0.0000 0.0000	</row1>
					<row2>	-0.0879 0.0000 -0.9961 0.0000	</row2>
					<row3>	0.2808 0.4623 0.9225 1.0000	</row3>
				</transform>
			</node>
			<node>
				<identifier>	MP_AM101_Cooling_tube	</identifier>
				<transform>
					<row0>	-0.2545 0.9659 -0.0473 0.0000	</row0>
					<row1>	0.9497 0.2588 0.1764 0.0000	</row1>
					<row2>	0.1827 0.0000 -0.9832 0.0000	</row2>
					<row3>	-0.2602 0.4662 1.8198 1.0000	</row3>
				</transform>
			</node>
			<node>
				<identifier>	MP_AM101_Cooling_tube_INDEX_1	</identifier>
				<transform>
					<row0>	-0.4915 0.8661 0.0913 0.0000	</row0>
					<row1>	0.8515 0.4999 -0.1582 0.0000	</row1>
					<row2>	-0.1827 0.0000 -0.9832 0.0000	</row2>
					<row3>	0.2602 0.4662 1.8198 1.0000	</row3>
				</transform>
			</node>
			<node>
				<identifier>	MP_AM103_Hatch_4	</identifier>
				<transform>
					<row0>	1.0000 0.0000 0.0000 0.0000	</row0>
					<row1>	0.0000 1.0000 0.0000 0.0000	</row1>
					<row2>	0.0000 0.0000 1.0000 0.0000	</row2>
					<row3>	0.1156 0.3158 2.3624 1.0000	</row3>
				</transform>
			</node>
			<node>
				<identifier>	MP_AM104_Hatch_5	</identifier>
				<transform>
					<row0>	0.6736 0.0000 0.0000 0.0000	</row0>
					<row1>	0.0000 0.6730 -0.0275 0.0000	</row1>
					<row2>	0.0000 0.0275 0.6730 0.0000	</row2>
					<row3>	-0.1834 0.2534 0.8643 1.0000	</row3>
				</transform>
			</node>
			<node>
				<identifier>	MP_AM104_Hatch_5_INDEX_1	</identifier>
				<transform>
					<row0>	0.6736 0.0000 0.0000 0.0000	</row0>
					<row1>	0.0000 0.6730 -0.0275 0.0000	</row1>
					<row2>	0.0000 0.0275 0.6730 0.0000	</row2>
					<row3>	0.1834 0.2534 0.8643 1.0000	</row3>
				</transform>
			</node>
			<node>
				<identifier>	MP_AM114_Freon_Cylinder_acetylene	</identifier>
				<transform>
					<row0>	-0.9987 0.0506 0.0000 0.0000	</row0>
					<row1>	0.0506 0.9987 0.0000 0.0000	</row1>
					<row2>	0.0000 0.0000 -1.0000 0.0000	</row2>
					<row3>	0.0660 0.2722 1.0659 1.0000	</row3>
				</transform>
			</node>
			<node>
				<identifier>	MP_AM114_Freon_Cylinder_acetylene_INDEX_1	</identifier>
				<transform>
					<row0>	-0.9987 -0.0506 0.0000 0.0000	</row0>
					<row1>	-0.0506 0.9987 0.0000 0.0000	</row1>
					<row2>	0.0000 0.0000 -1.0000 0.0000	</row2>
					<row3>	-0.0660 0.2722 1.0659 1.0000	</row3>
				</transform>
			</node>
			<node>
				<identifier>	MP_AM115_RDF	</identifier>
				<transform>
					<row0>	0.0000 0.0000 -1.0000 0.0000	</row0>
					<row1>	0.0000 1.0000 0.0000 0.0000	</row1>
					<row2>	1.0000 0.0000 0.0000 0.0000	</row2>
					<row3>	-0.0083 0.7937 1.1134 1.0000	</row3>
				</transform>
			</node>
			<node>
				<identifier>	MP_AM132_Flag_Box	</identifier>
				<transform>
					<row0>	1.0000 0.0000 0.0000 0.0000	</row0>
					<row1>	0.0000 1.0000 0.0000 0.0000	</row1>
					<row2>	0.0000 0.0000 1.0000 0.0000	</row2>
					<row3>	-0.1656 0.6656 1.0680 1.0000	</row3>
				</transform>
			</node>
			<node>
				<identifier>	MP_AM132_Flag_Box_INDEX_1	</identifier>
				<transform>
					<row0>	1.0000 0.0000 0.0000 0.0000	</row0>
					<row1>	0.0000 1.0000 0.0000 0.0000	</row1>
					<row2>	0.0000 0.0000 1.0000 0.0000	</row2>
					<row3>	0.1656 0.6656 1.0680 1.0000	</row3>
				</transform>
			</node>
			<node>
				<identifier>	MP_AM142_Running_Lights_FW	</identifier>
				<transform>
					<row0>	1.0000 0.0000 0.0000 0.0000	</row0>
					<row1>	0.0000 1.0000 0.0000 0.0000	</row1>
					<row2>	0.0000 0.0000 1.0000 0.0000	</row2>
					<row3>	0.0000 0.8971 1.4639 1.0000	</row3>
				</transform>
			</node>
			<node>
				<identifier>	MP_AM159_Voice_Tube	</identifier>
				<transform>
					<row0>	0.0884 0.0044 -0.9961 0.0000	</row0>
					<row1>	-0.0087 1.0000 0.0037 0.0000	</row1>
					<row2>	0.9960 0.0084 0.0884 0.0000	</row2>
					<row3>	0.3009 0.6543 1.3552 1.0000	</row3>
				</transform>
			</node>
			<node>
				<identifier>	MP_AM159_Voice_Tube_INDEX_1	</identifier>
				<transform>
					<row0>	0.0884 0.0044 0.9961 0.0000	</row0>
					<row1>	-0.0087 1.0000 -0.0037 0.0000	</row1>
					<row2>	-0.9960 -0.0084 0.0884 0.0000	</row2>
					<row3>	-0.2994 0.6543 1.3550 1.0000	</row3>
				</transform>
			</node>
			<node>
				<identifier>	MP_AM164_Signal_Lamp_4	</identifier>
				<transform>
					<row0>	-0.7071 0.0000 -0.7071 0.0000	</row0>
					<row1>	0.0000 1.0000 0.0000 0.0000	</row1>
					<row2>	0.7071 0.0000 -0.7071 0.0000	</row2>
					<row3>	0.3301 0.7157 1.0946 1.0000	</row3>
				</transform>
			</node>
			<node>
				<identifier>	MP_AM164_Signal_Lamp_4_INDEX_1	</identifier>
				<transform>
					<row0>	-0.7071 0.0000 0.7071 0.0000	</row0>
					<row1>	0.0000 1.0000 0.0000 0.0000	</row1>
					<row2>	-0.7071 0.0000 -0.7071 0.0000	</row2>
					<row3>	-0.3301 0.7157 1.0946 1.0000	</row3>
				</transform>
			</node>
			<node>
				<identifier>	MP_AM173_Insulator_1	</identifier>
				<transform>
					<row0>	0.0000 0.0000 0.5900 0.0000	</row0>
					<row1>	-0.5900 0.0000 0.0000 0.0000	</row1>
					<row2>	0.0000 -0.5900 0.0000 0.0000	</row2>
					<row3>	-0.1627 0.7859 1.3610 1.0000	</row3>
				</transform>
			</node>
			<node>
				<identifier>	MP_AM173_Insulator_1_INDEX_1	</identifier>
				<transform>
					<row0>	0.0000 0.0000 0.5900 0.0000	</row0>
					<row1>	-0.5900 0.0000 0.0000 0.0000	</row1>
					<row2>	0.0000 -0.5900 0.0000 0.0000	</row2>
					<row3>	-0.1627 0.7859 1.3409 1.0000	</row3>
				</transform>
			</node>
			<node>
				<identifier>	MP_AM173_Insulator_1_INDEX_2	</identifier>
				<transform>
					<row0>	-0.0048 -0.0050 -0.5899 0.0000	</row0>
					<row1>	0.5900 -0.0035 -0.0048 0.0000	</row1>
					<row2>	-0.0035 -0.5900 0.0050 0.0000	</row2>
					<row3>	0.1628 0.7859 1.3409 1.0000	</row3>
				</transform>
			</node>
			<node>
				<identifier>	MP_AM173_Insulator_1_INDEX_3	</identifier>
				<transform>
					<row0>	-0.7251 0.0000 0.0000 0.0000	</row0>
					<row1>	0.0000 0.5109 -0.5145 0.0000	</row1>
					<row2>	0.0000 -0.5145 -0.5109 0.0000	</row2>
					<row3>	-0.0840 0.6443 1.0691 1.0000	</row3>
				</transform>
			</node>
			<node>
				<identifier>	MP_AM173_Insulator_1_INDEX_4	</identifier>
				<transform>
					<row0>	0.0000 0.0000 -0.5900 0.0000	</row0>
					<row1>	0.5900 0.0000 0.0000 0.0000	</row1>
					<row2>	0.0000 -0.5900 0.0000 0.0000	</row2>
					<row3>	0.1627 0.7859 1.3610 1.0000	</row3>
				</transform>
			</node>
			<node>
				<identifier>	MP_AM173_Insulator_1_INDEX_5	</identifier>
				<transform>
					<row0>	-0.7251 0.0000 0.0000 0.0000	</row0>
					<row1>	0.0000 0.5109 -0.5145 0.0000	</row1>
					<row2>	0.0000 -0.5145 -0.5109 0.0000	</row2>
					<row3>	-0.0603 0.6443 1.0691 1.0000	</row3>
				</transform>
			</node>
			<node>
				<identifier>	MP_AM181_Siren_3	</identifier>
				<transform>
					<row0>	0.3831 0.0000 0.0000 0.0000	</row0>
					<row1>	0.0000 0.3823 -0.0249 0.0000	</row1>
					<row2>	0.0000 0.0249 0.3823 0.0000	</row2>
					<row3>	-0.0112 0.9704 0.7248 1.0000	</row3>
				</transform>
			</node>
			<node>
				<identifier>	MP_AM433_MC_Box	</identifier>
				<transform>
					<row0>	-0.0644 0.0000 -0.8123 0.0000	</row0>
					<row1>	0.0000 0.8149 0.0000 0.0000	</row1>
					<row2>	0.8123 0.0000 -0.0644 0.0000	</row2>
					<row3>	-0.3082 0.7106 1.3794 1.0000	</row3>
				</transform>
			</node>
			<node>
				<identifier>	MP_AM433_MC_Box_INDEX_1	</identifier>
				<transform>
					<row0>	-0.0790 0.0000 0.9969 0.0000	</row0>
					<row1>	0.0000 1.0000 0.0000 0.0000	</row1>
					<row2>	-0.9969 0.0000 -0.0790 0.0000	</row2>
					<row3>	0.3153 0.7074 1.2728 1.0000	</row3>
				</transform>
			</node>
			<node>
				<identifier>	MP_AM438_Speakerphone	</identifier>
				<transform>
					<row0>	-0.0723 0.0000 0.9974 0.0000	</row0>
					<row1>	0.0000 1.0000 0.0000 0.0000	</row1>
					<row2>	-0.9974 0.0000 -0.0723 0.0000	</row2>
					<row3>	0.3107 0.7057 1.3287 1.0000	</row3>
				</transform>
			</node>
			<node>
				<identifier>	MP_AM445_Switch_box_2	</identifier>
				<transform>
					<row0>	-1.0000 0.0000 0.0000 0.0000	</row0>
					<row1>	0.0000 1.0000 0.0000 0.0000	</row1>
					<row2>	0.0000 0.0000 -1.0000 0.0000	</row2>
					<row3>	-0.0278 0.6711 1.1485 1.0000	</row3>
				</transform>
			</node>
			<node>
				<identifier>	MP_AM445_Switch_box_2_INDEX_1	</identifier>
				<transform>
					<row0>	-1.0000 0.0000 0.0000 0.0000	</row0>
					<row1>	0.0000 1.0000 0.0000 0.0000	</row1>
					<row2>	0.0000 0.0000 -1.0000 0.0000	</row2>
					<row3>	0.0030 0.6711 1.1485 1.0000	</row3>
				</transform>
			</node>
			<node>
				<identifier>	MP_AM446_Headphones_locker	</identifier>
				<transform>
					<row0>	-0.0778 0.0100 -0.9969 0.0000	</row0>
					<row1>	-0.0034 0.9999 0.0103 0.0000	</row1>
					<row2>	0.9970 0.0042 -0.0778 0.0000	</row2>
					<row3>	-0.3070 0.7008 1.2945 1.0000	</row3>
				</transform>
			</node>
			<node>
				<identifier>	MP_AM531_Stretcher	</identifier>
				<transform>
					<row0>	0.9674 0.2497 -0.0433 0.0000	</row0>
					<row1>	-0.2498 0.9683 0.0024 0.0000	</row1>
					<row2>	0.0425 0.0084 0.9991 0.0000	</row2>
					<row3>	-0.3703 0.2767 0.5495 1.0000	</row3>
				</transform>
			</node>
			<node>
				<identifier>	MP_AM549_Life_Buoy	</identifier>
				<transform>
					<row0>	-0.9968 0.0000 0.0797 0.0000	</row0>
					<row1>	0.0000 1.0000 0.0000 0.0000	</row1>
					<row2>	-0.0797 0.0000 -0.9968 0.0000	</row2>
					<row3>	-0.3180 0.6922 1.3075 1.0000	</row3>
				</transform>
			</node>
			<node>
				<identifier>	MP_AM549_Life_Buoy_INDEX_1	</identifier>
				<transform>
					<row0>	0.9968 0.0000 0.0797 0.0000	</row0>
					<row1>	0.0000 1.0000 0.0000 0.0000	</row1>
					<row2>	-0.0797 0.0000 0.9968 0.0000	</row2>
					<row3>	0.3180 0.6922 1.3075 1.0000	</row3>
				</transform>
			</node>
			<node>
				<identifier>	MP_AM549_Life_Buoy_INDEX_2	</identifier>
				<transform>
					<row0>	0.9981 0.0000 0.0621 0.0000	</row0>
					<row1>	0.0000 1.0000 0.0000 0.0000	</row1>
					<row2>	-0.0621 0.0000 0.9981 0.0000	</row2>
					<row3>	0.3051 0.3496 2.1126 1.0000	</row3>
				</transform>
			</node>
			<node>
				<identifier>	MP_AM549_Life_Buoy_INDEX_3	</identifier>
				<transform>
					<row0>	-0.9994 0.0000 0.0335 0.0000	</row0>
					<row1>	0.0000 1.0000 0.0000 0.0000	</row1>
					<row2>	-0.0335 0.0000 -0.9994 0.0000	</row2>
					<row3>	-0.3527 0.3023 1.1754 1.0000	</row3>
				</transform>
			</node>
			<node>
				<identifier>	MP_AM549_Life_Buoy_INDEX_4	</identifier>
				<transform>
					<row0>	0.9993 0.0000 0.0361 0.0000	</row0>
					<row1>	0.0000 1.0000 0.0000 0.0000	</row1>
					<row2>	-0.0361 0.0000 0.9993 0.0000	</row2>
					<row3>	0.3527 0.3017 1.1754 1.0000	</row3>
				</transform>
			</node>
			<node>
				<identifier>	MP_AM549_Life_Buoy_INDEX_5	</identifier>
				<transform>
					<row0>	-0.9981 0.0000 0.0621 0.0000	</row0>
					<row1>	0.0000 1.0000 0.0000 0.0000	</row1>
					<row2>	-0.0621 0.0000 -0.9981 0.0000	</row2>
					<row3>	-0.3045 0.3496 2.1125 1.0000	</row3>
				</transform>
			</node>
			<node>
				<identifier>	MP_AM572_Telpher	</identifier>
				<transform>
					<row0>	-1.0000 0.0000 0.0030 0.0000	</row0>
					<row1>	0.0000 1.0000 0.0000 0.0000	</row1>
					<row2>	-0.0030 0.0000 -1.0000 0.0000	</row2>
					<row3>	0.2282 0.5276 0.5905 1.0000	</row3>
				</transform>
			</node>
			<node>
				<identifier>	MP_CM004_Barbette_Out	</identifier>
				<transform>
					<row0>	0.8566 0.0000 0.0000 0.0000	</row0>
					<row1>	0.0000 0.1499 0.0000 0.0000	</row1>
					<row2>	0.0000 0.0000 0.8566 0.0000	</row2>
					<row3>	0.0000 0.5015 2.0656 1.0000	</row3>
				</transform>
			</node>
			<node>
				<identifier>	MP_CM004_Barbette_Out_INDEX_1	</identifier>
				<transform>
					<row0>	1.0361 0.0000 0.0000 0.0000	</row0>
					<row1>	0.0000 1.0361 0.0000 0.0000	</row1>
					<row2>	0.0000 0.0000 1.0361 0.0000	</row2>
					<row3>	0.0000 0.9280 1.3529 1.0000	</row3>
				</transform>
			</node>
			<node>
				<identifier>	MP_CM011_Fire_Fighting_Gear	</identifier>
				<transform>
					<row0>	-1.0000 0.0000 0.0000 0.0000	</row0>
					<row1>	0.0000 1.0000 0.0000 0.0000	</row1>
					<row2>	0.0000 0.0000 -1.0000 0.0000	</row2>
					<row3>	-0.0931 0.3293 2.2564 1.0000	</row3>
				</transform>
			</node>
			<node>
				<identifier>	MP_CM011_Fire_Fighting_Gear_INDEX_1	</identifier>
				<transform>
					<row0>	0.0000 0.0000 -1.0000 0.0000	</row0>
					<row1>	0.0000 1.0000 0.0000 0.0000	</row1>
					<row2>	1.0000 0.0000 0.0000 0.0000	</row2>
					<row3>	-0.2151 0.2445 0.6538 1.0000	</row3>
				</transform>
			</node>
			<node>
				<identifier>	MP_CM011_Fire_Fighting_Gear_INDEX_2	</identifier>
				<transform>
					<row0>	-1.0000 0.0000 0.0000 0.0000	</row0>
					<row1>	0.0000 1.0000 0.0000 0.0000	</row1>
					<row2>	0.0000 0.0000 -1.0000 0.0000	</row2>
					<row3>	0.0931 0.3293 2.2564 1.0000	</row3>
				</transform>
			</node>
			<node>
				<identifier>	MP_CM012_Fire_Hose_Rack_1	</identifier>
				<transform>
					<row0>	1.5000 0.0000 0.0000 0.0000	</row0>
					<row1>	0.0000 1.5000 0.0000 0.0000	</row1>
					<row2>	0.0000 0.0000 1.5000 0.0000	</row2>
					<row3>	-0.2059 0.3385 0.6097 1.0000	</row3>
				</transform>
			</node>
			<node>
				<identifier>	MP_CM012_Fire_Hose_Rack_1_INDEX_1	</identifier>
				<transform>
					<row0>	0.0000 0.0000 -1.0000 0.0000	</row0>
					<row1>	0.0000 1.0000 0.0000 0.0000	</row1>
					<row2>	1.0000 0.0000 0.0000 0.0000	</row2>
					<row3>	0.0892 0.4009 2.2512 1.0000	</row3>
				</transform>
			</node>
			<node>
				<identifier>	MP_CM012_Fire_Hose_Rack_1_INDEX_2	</identifier>
				<transform>
					<row0>	0.0000 0.0000 -1.0000 0.0000	</row0>
					<row1>	0.0000 1.0000 0.0000 0.0000	</row1>
					<row2>	1.0000 0.0000 0.0000 0.0000	</row2>
					<row3>	-0.0892 0.4009 2.2512 1.0000	</row3>
				</transform>
			</node>
			<node>
