<BSS006_Thrasher_1944_MidBack_ports.visual>
	<node>
		<identifier>	Scene Root	</identifier>
		<transform>
			<row0>	1.0000 0.0000 0.0000 0.0000	</row0>
			<row1>	0.0000 1.0000 0.0000 0.0000	</row1>
			<row2>	0.0000 0.0000 1.0000 0.0000	</row2>
			<row3>	0.0000 0.0000 0.0000 1.0000	</row3>
		</transform>
		<node>
			<identifier>	MidBack_ports	</identifier>
			<transform>
				<row0>	1.0000 0.0000 0.0000 0.0000	</row0>
				<row1>	0.0000 1.0000 0.0000 0.0000	</row1>
				<row2>	0.0000 0.0000 1.0000 0.0000	</row2>
				<row3>	0.0000 0.0000 0.0000 1.0000	</row3>
			</transform>
			<node>
				<identifier>	HP_Camera	</identifier>
				<transform>
					<row0>	1.0000 0.0000 0.0000 0.0000	</row0>
					<row1>	0.0000 1.0000 0.0000 0.0000	</row1>
					<row2>	0.0000 0.0000 1.0000 0.0000	</row2>
					<row3>	0.0000 0.3839 0.0776 1.0000	</row3>
				</transform>
			</node>
			<node>
				<identifier>	HP_FX_Death_2	</identifier>
				<transform>
					<row0>	1.0000 0.0000 0.0000 0.0000	</row0>
					<row1>	0.0000 1.0000 0.0000 0.0000	</row1>
					<row2>	0.0000 0.0000 1.0000 0.0000	</row2>
					<row3>	0.0000 0.0000 -0.1937 1.0000	</row3>
				</transform>
			</node>
			<node>
				<identifier>	HP_FX_Fire_2	</identifier>
				<transform>
					<row0>	1.0000 0.0000 0.0000 0.0000	</row0>
					<row1>	0.0000 1.0000 0.0000 0.0000	</row1>
					<row2>	0.0000 0.0000 1.0000 0.0000	</row2>
					<row3>	0.0000 0.2874 -0.0442 1.0000	</row3>
				</transform>
			</node>
			<node>
				<identifier>	HP_FX_FloodLight_left_1	</identifier>
				<transform>
					<row0>	-0.9880 0.0000 -0.1543 0.0000	</row0>
					<row1>	0.0000 1.0000 0.0000 0.0000	</row1>
					<row2>	0.1543 0.0000 -0.9880 0.0000	</row2>
					<row3>	-0.0802 0.2998 -0.0278 1.0000	</row3>
				</transform>
			</node>
			<node>
				<identifier>	HP_FX_FloodLight_right_1	</identifier>
				<transform>
					<row0>	1.0000 0.0000 0.0000 0.0000	</row0>
					<row1>	0.0000 1.0000 0.0000 0.0000	</row1>
					<row2>	0.0000 0.0000 1.0000 0.0000	</row2>
					<row3>	0.0806 0.3002 -0.0284 1.0000	</row3>
				</transform>
			</node>
			<node>
				<identifier>	HP_FX_Runoff_deluge_left_10	</identifier>
				<transform>
					<row0>	-0.9899 -0.0884 0.1114 0.0000	</row0>
					<row1>	-0.0952 0.9938 -0.0569 0.0000	</row1>
					<row2>	-0.1057 -0.0668 -0.9921 0.0000	</row2>
					<row3>	-0.1264 0.1352 -1.1042 1.0000	</row3>
				</transform>
			</node>
			<node>
				<identifier>	HP_FX_Runoff_deluge_left_7	</identifier>
				<transform>
					<row0>	-0.9997 0.0000 -0.0254 0.0000	</row0>
					<row1>	0.0000 1.0000 0.0000 0.0000	</row1>
					<row2>	0.0254 0.0000 -0.9997 0.0000	</row2>
					<row3>	-0.0800 0.1259 -0.0610 1.0000	</row3>
				</transform>
			</node>
			<node>
				<identifier>	HP_FX_Runoff_deluge_left_8	</identifier>
				<transform>
					<row0>	-0.9961 -0.0882 -0.0057 0.0000	</row0>
					<row1>	-0.0884 0.9958 0.0225 0.0000	</row1>
					<row2>	0.0036 0.0230 -0.9997 0.0000	</row2>
					<row3>	-0.0808 0.1401 -0.4375 1.0000	</row3>
				</transform>
			</node>
			<node>
				<identifier>	HP_FX_Runoff_deluge_left_9	</identifier>
				<transform>
					<row0>	-0.9961 -0.0882 -0.0057 0.0000	</row0>
					<row1>	-0.0884 0.9958 0.0225 0.0000	</row1>
					<row2>	0.0036 0.0230 -0.9997 0.0000	</row2>
					<row3>	-0.0808 0.1405 -0.6162 1.0000	</row3>
				</transform>
			</node>
			<node>
				<identifier>	HP_FX_Runoff_deluge_right_10	</identifier>
				<transform>
					<row0>	0.9834 -0.0707 0.1672 0.0000	</row0>
					<row1>	0.0764 0.9967 -0.0274 0.0000	</row1>
					<row2>	-0.1647 0.0397 0.9856 0.0000	</row2>
					<row3>	0.1054 0.1409 -0.9253 1.0000	</row3>
				</transform>
			</node>
			<node>
				<identifier>	HP_FX_Runoff_deluge_right_11	</identifier>
				<transform>
					<row0>	0.9853 0.0059 0.1707 0.0000	</row0>
					<row1>	0.0000 0.9994 -0.0346 0.0000	</row1>
					<row2>	-0.1708 0.0341 0.9847 0.0000	</row2>
					<row3>	0.1263 0.1362 -1.1045 1.0000	</row3>
				</transform>
			</node>
			<node>
				<identifier>	HP_FX_Runoff_deluge_right_7	</identifier>
				<transform>
					<row0>	0.9961 -0.0878 -0.0079 0.0000	</row0>
					<row1>	0.0882 0.9946 0.0538 0.0000	</row1>
					<row2>	0.0032 -0.0542 0.9985 0.0000	</row2>
					<row3>	0.0802 0.1261 -0.0596 1.0000	</row3>
				</transform>
			</node>
			<node>
				<identifier>	HP_FX_Runoff_deluge_right_8	</identifier>
				<transform>
					<row0>	0.9960 -0.0880 -0.0124 0.0000	</row0>
					<row1>	0.0880 0.9961 -0.0035 0.0000	</row1>
					<row2>	0.0127 0.0025 0.9999 0.0000	</row2>
					<row3>	0.0808 0.1400 -0.4379 1.0000	</row3>
				</transform>
			</node>
			<node>
				<identifier>	HP_FX_Runoff_deluge_right_9	</identifier>
				<transform>
					<row0>	0.9961 -0.0882 -0.0090 0.0000	</row0>
					<row1>	0.0881 0.9960 -0.0144 0.0000	</row1>
					<row2>	0.0102 0.0136 0.9998 0.0000	</row2>
					<row3>	0.0808 0.1410 -0.6158 1.0000	</row3>
				</transform>
			</node>
			<node>
				<identifier>	HP_FX_Runoff_tower_left_4	</identifier>
				<transform>
					<row0>	-0.9807 0.0000 -0.1955 0.0000	</row0>
					<row1>	0.0000 1.0000 0.0000 0.0000	</row1>
					<row2>	0.1955 0.0000 -0.9807 0.0000	</row2>
					<row3>	-0.0640 0.3318 -0.1519 1.0000	</row3>
				</transform>
			</node>
			<node>
				<identifier>	HP_FX_Runoff_tower_right_4	</identifier>
				<transform>
					<row0>	-0.9812 0.0000 0.1932 0.0000	</row0>
					<row1>	0.0000 1.0000 0.0000 0.0000	</row1>
					<row2>	-0.1932 0.0000 -0.9812 0.0000	</row2>
					<row3>	0.0640 0.3318 -0.1519 1.0000	</row3>
				</transform>
			</node>
			<node>
				<identifier>	HP_FX_Smoke	</identifier>
				<transform>
					<row0>	0.0175 -0.9998 0.0000 0.0000	</row0>
					<row1>	0.9998 0.0175 0.0000 0.0000	</row1>
					<row2>	0.0000 0.0000 1.0000 0.0000	</row2>
					<row3>	0.0849 0.0727 -1.3439 1.0000	</row3>
				</transform>
			</node>
			<node>
				<identifier>	HP_FX_Smoke_1	</identifier>
				<transform>
					<row0>	0.0175 0.9998 0.0000 0.0000	</row0>
					<row1>	-0.9998 0.0175 0.0000 0.0000	</row1>
					<row2>	0.0000 0.0000 1.0000 0.0000	</row2>
					<row3>	-0.0770 0.0716 -1.3457 1.0000	</row3>
				</transform>
			</node>
			<node>
				<identifier>	HP_FX_WakeTraceBack_tower	</identifier>
				<transform>
					<row0>	1.0000 0.0000 0.0000 0.0000	</row0>
					<row1>	0.0000 1.0000 0.0000 0.0000	</row1>
					<row2>	0.0000 0.0000 1.0000 0.0000	</row2>
					<row3>	0.0012 0.1119 -0.1042 1.0000	</row3>
				</transform>
			</node>
			<node>
				<identifier>	HP_FX_WakeTrace_periscope	</identifier>
				<transform>
					<row0>	1.0000 0.0000 0.0000 0.0000	</row0>
					<row1>	0.0000 1.0000 0.0000 0.0000	</row1>
					<row2>	0.0000 0.0000 1.0000 0.0000	</row2>
					<row3>	0.0000 0.3551 -0.0131 1.0000	</row3>
				</transform>
			</node>
		</node>
	</node>
	<boundingBox>
		<min>	-0.0667 -0.0667 -0.0667	</min>
		<max>	0.0667 0.0667 0.0667	</max>
	</boundingBox>
</BSS006_Thrasher_1944_MidBack_ports.visual>
