<ISD010_Adriatico_1945_MidBack_ports.visual>
	<node>
		<identifier>	Scene Root	</identifier>
		<transform>
			<row0>	1.0000 0.0000 0.0000 0.0000	</row0>
			<row1>	0.0000 1.0000 0.0000 0.0000	</row1>
			<row2>	0.0000 0.0000 1.0000 0.0000	</row2>
			<row3>	0.0000 0.0000 0.0000 1.0000	</row3>
		</transform>
		<node>
			<identifier>	MidBack_ports	</identifier>
			<transform>
				<row0>	1.0000 0.0000 0.0000 0.0000	</row0>
				<row1>	0.0000 1.0000 0.0000 0.0000	</row1>
				<row2>	0.0000 0.0000 1.0000 0.0000	</row2>
				<row3>	0.0000 0.0000 0.0000 1.0000	</row3>
			</transform>
			<node>
				<identifier>	HP_FX_Death_2	</identifier>
				<transform>
					<row0>	1.0000 0.0000 0.0000 0.0000	</row0>
					<row1>	0.0000 1.0000 0.0000 0.0000	</row1>
					<row2>	0.0000 0.0000 1.0000 0.0000	</row2>
					<row3>	0.0000 0.0000 -0.1239 1.0000	</row3>
				</transform>
			</node>
			<node>
				<identifier>	HP_FX_Fire_3	</identifier>
				<transform>
					<row0>	1.0000 0.0000 0.0000 0.0000	</row0>
					<row1>	0.0000 1.0000 0.0000 0.0000	</row1>
					<row2>	0.0000 0.0000 1.0000 0.0000	</row2>
					<row3>	0.0000 0.2050 -1.0703 1.0000	</row3>
				</transform>
			</node>
			<node>
				<identifier>	HP_FX_Fire_3_side_1	</identifier>
				<transform>
					<row0>	1.0000 0.0000 0.0000 0.0000	</row0>
					<row1>	0.0000 1.0000 0.0000 0.0000	</row1>
					<row2>	0.0000 0.0000 1.0000 0.0000	</row2>
					<row3>	0.3317 0.1824 -1.6436 1.0000	</row3>
				</transform>
			</node>
			<node>
				<identifier>	HP_FX_Fire_3_side_2	</identifier>
				<transform>
					<row0>	1.0000 0.0000 0.0000 0.0000	</row0>
					<row1>	0.0000 1.0000 0.0000 0.0000	</row1>
					<row2>	0.0000 0.0000 1.0000 0.0000	</row2>
					<row3>	-0.3848 0.4578 -0.4188 1.0000	</row3>
				</transform>
			</node>
			<node>
				<identifier>	HP_FX_FloodLight_left_1	</identifier>
				<transform>
					<row0>	-0.9552 0.0000 -0.2961 0.0000	</row0>
					<row1>	0.0000 1.0000 0.0000 0.0000	</row1>
					<row2>	0.2961 0.0000 -0.9552 0.0000	</row2>
					<row3>	-0.1204 0.4493 -2.0958 1.0000	</row3>
				</transform>
			</node>
			<node>
				<identifier>	HP_FX_FloodLight_right_1	</identifier>
				<transform>
					<row0>	0.9743 0.0000 -0.2250 0.0000	</row0>
					<row1>	0.0000 1.0000 0.0000 0.0000	</row1>
					<row2>	0.2250 0.0000 0.9743 0.0000	</row2>
					<row3>	0.1212 0.4499 -2.0934 1.0000	</row3>
				</transform>
			</node>
			<node>
				<identifier>	HP_FX_Flood_steam_3	</identifier>
				<transform>
					<row0>	1.0000 0.0000 0.0000 0.0000	</row0>
					<row1>	0.0000 0.8392 0.5439 0.0000	</row1>
					<row2>	0.0000 -0.5439 0.8392 0.0000	</row2>
					<row3>	-0.0079 0.8991 -0.2580 1.0000	</row3>
				</transform>
			</node>
			<node>
				<identifier>	HP_FX_Flood_steam_right	</identifier>
				<transform>
					<row0>	1.0000 0.0000 0.0000 0.0000	</row0>
					<row1>	0.0000 1.0000 0.0000 0.0000	</row1>
					<row2>	0.0000 0.0000 1.0000 0.0000	</row2>
					<row3>	0.3992 0.1595 -2.2563 1.0000	</row3>
				</transform>
			</node>
			<node>
				<identifier>	HP_FX_Smoke_2	</identifier>
				<transform>
					<row0>	1.0000 0.0000 0.0000 0.0000	</row0>
					<row1>	0.0000 0.9924 -0.1230 0.0000	</row1>
					<row2>	0.0000 0.1230 0.9924 0.0000	</row2>
					<row3>	0.0000 0.8768 -0.4420 1.0000	</row3>
				</transform>
			</node>
			<node>
				<identifier>	HP_ID_2	</identifier>
				<transform>
					<row0>	-1.0000 0.0000 0.0000 0.0000	</row0>
					<row1>	0.0000 1.0000 0.0000 0.0000	</row1>
					<row2>	0.0000 0.0000 -1.0000 0.0000	</row2>
					<row3>	0.0014 0.6602 -1.8613 1.0000	</row3>
				</transform>
			</node>
			<node>
				<identifier>	HP_IGA_3	</identifier>
				<transform>
					<row0>	0.7071 0.0000 0.7071 0.0000	</row0>
					<row1>	0.0000 1.0000 0.0000 0.0000	</row1>
					<row2>	-0.7071 0.0000 0.7071 0.0000	</row2>
					<row3>	-0.2269 0.4912 -0.1013 1.0000	</row3>
				</transform>
			</node>
			<node>
				<identifier>	HP_IGA_4	</identifier>
				<transform>
					<row0>	0.7071 0.0000 -0.7071 0.0000	</row0>
					<row1>	0.0000 1.0000 0.0000 0.0000	</row1>
					<row2>	0.7071 0.0000 0.7071 0.0000	</row2>
					<row3>	0.2280 0.4912 -0.1013 1.0000	</row3>
				</transform>
			</node>
			<node>
				<identifier>	HP_IGA_5	</identifier>
				<transform>
					<row0>	-0.7071 0.0000 0.7071 0.0000	</row0>
					<row1>	0.0000 1.0000 0.0000 0.0000	</row1>
					<row2>	-0.7071 0.0000 -0.7071 0.0000	</row2>
					<row3>	-0.2304 0.4912 -0.7930 1.0000	</row3>
				</transform>
			</node>
			<node>
				<identifier>	HP_IGA_6	</identifier>
				<transform>
					<row0>	-0.7071 0.0000 -0.7071 0.0000	</row0>
					<row1>	0.0000 1.0000 0.0000 0.0000	</row1>
					<row2>	0.7071 0.0000 -0.7071 0.0000	</row2>
					<row3>	0.2304 0.4912 -0.7930 1.0000	</row3>
				</transform>
			</node>
			<node>
				<identifier>	HP_IGA_7	</identifier>
				<transform>
					<row0>	-1.0000 0.0000 0.0000 0.0000	</row0>
					<row1>	0.0000 1.0000 0.0000 0.0000	</row1>
					<row2>	0.0000 0.0000 -1.0000 0.0000	</row2>
					<row3>	0.0000 0.3461 -2.4800 1.0000	</row3>
				</transform>
			</node>
			<node>
				<identifier>	HP_IGB_1	</identifier>
				<transform>
					<row0>	0.0000 0.0000 1.0000 0.0000	</row0>
					<row1>	0.0000 1.0000 0.0000 0.0000	</row1>
					<row2>	-1.0000 0.0000 0.0000 0.0000	</row2>
					<row3>	-0.1292 0.1938 -3.5217 1.0000	</row3>
				</transform>
			</node>
			<node>
				<identifier>	HP_IGB_2	</identifier>
				<transform>
					<row0>	0.0000 0.0000 -1.0000 0.0000	</row0>
					<row1>	0.0000 1.0000 0.0000 0.0000	</row1>
					<row2>	1.0000 0.0000 0.0000 0.0000	</row2>
					<row3>	0.1292 0.1938 -3.5217 1.0000	</row3>
				</transform>
			</node>
			<node>
				<identifier>	HP_IGB_3	</identifier>
				<transform>
					<row0>	0.9486 -0.0082 0.3164 0.0000	</row0>
					<row1>	0.0033 0.9999 0.0162 0.0000	</row1>
					<row2>	-0.3165 -0.0143 0.9485 0.0000	</row2>
					<row3>	-0.1197 0.2077 -4.3591 1.0000	</row3>
				</transform>
			</node>
			<node>
				<identifier>	HP_IGB_4	</identifier>
				<transform>
					<row0>	-0.9483 -0.0116 0.3173 0.0000	</row0>
					<row1>	-0.0065 0.9998 0.0171 0.0000	</row1>
					<row2>	-0.3174 0.0141 -0.9482 0.0000	</row2>
					<row3>	0.1199 0.2077 -4.3591 1.0000	</row3>
				</transform>
			</node>
			<node>
				<identifier>	HP_IGM_3	</identifier>
				<transform>
					<row0>	-1.0000 0.0000 0.0000 0.0000	</row0>
					<row1>	0.0000 1.0000 0.0000 0.0000	</row1>
					<row2>	0.0000 0.0000 -1.0000 0.0000	</row2>
					<row3>	0.0000 0.2163 -2.9737 1.0000	</row3>
				</transform>
			</node>
			<node>
				<identifier>	HP_IGT_1	</identifier>
				<transform>
					<row0>	1.0000 0.0000 0.0000 0.0000	</row0>
					<row1>	0.0000 1.0000 0.0000 0.0000	</row1>
					<row2>	0.0000 0.0000 1.0000 0.0000	</row2>
					<row3>	0.0000 0.2126 0.2641 1.0000	</row3>
				</transform>
			</node>
			<node>
				<identifier>	HP_IGT_2	</identifier>
				<transform>
					<row0>	1.0000 0.0000 0.0000 0.0000	</row0>
					<row1>	0.0000 1.0000 0.0000 0.0000	</row1>
					<row2>	0.0000 0.0000 1.0000 0.0000	</row2>
					<row3>	0.0000 0.2154 -1.3201 1.0000	</row3>
				</transform>
			</node>
			<node>
				<identifier>	HP_Ship_death_2	</identifier>
				<transform>
					<row0>	1.0000 0.0000 0.0000 0.0000	</row0>
					<row1>	0.0000 1.0000 0.0000 0.0000	</row1>
					<row2>	0.0000 0.0000 1.0000 0.0000	</row2>
					<row3>	0.0000 0.0000 0.6405 1.0000	</row3>
				</transform>
			</node>
			<node>
				<identifier>	HP_flag_nation	</identifier>
				<transform>
					<row0>	1.0000 0.0000 0.0000 0.0000	</row0>
					<row1>	0.0000 0.9399 -0.3413 0.0000	</row1>
					<row2>	0.0000 0.3413 0.9399 0.0000	</row2>
					<row3>	0.0000 1.0020 -2.4390 1.0000	</row3>
				</transform>
			</node>
			<node>
				<identifier>	HP_flag_rank	</identifier>
				<transform>
					<row0>	1.0000 0.0000 0.0000 0.0000	</row0>
					<row1>	0.0000 0.9399 -0.3413 0.0000	</row1>
					<row2>	0.0000 0.3413 0.9399 0.0000	</row2>
					<row3>	0.0000 0.8285 -2.3760 1.0000	</row3>
				</transform>
			</node>
			<node>
				<identifier>	MP_CM014_Fuel_Oil_Hose	</identifier>
				<transform>
					<row0>	-1.0000 0.0000 0.0000 0.0000	</row0>
					<row1>	0.0000 -1.0000 0.0000 0.0000	</row1>
					<row2>	0.0000 0.0000 1.0000 0.0000	</row2>
					<row3>	0.2013 0.2606 -1.9845 1.0000	</row3>
				</transform>
			</node>
			<node>
				<identifier>	MP_CM014_Fuel_Oil_Hose_INDEX_1	</identifier>
				<transform>
					<row0>	-1.0000 0.0000 0.0000 0.0000	</row0>
					<row1>	0.0000 -1.0000 0.0000 0.0000	</row1>
					<row2>	0.0000 0.0000 1.0000 0.0000	</row2>
					<row3>	0.2013 0.2606 -1.7366 1.0000	</row3>
				</transform>
			</node>
			<node>
				<identifier>	MP_CM014_Fuel_Oil_Hose_INDEX_2	</identifier>
				<transform>
					<row0>	1.0000 0.0000 0.0000 0.0000	</row0>
					<row1>	0.0000 1.0000 0.0000 0.0000	</row1>
					<row2>	0.0000 0.0000 1.0000 0.0000	</row2>
					<row3>	-0.2013 0.2606 -1.9845 1.0000	</row3>
				</transform>
			</node>
			<node>
				<identifier>	MP_CM014_Fuel_Oil_Hose_INDEX_3	</identifier>
				<transform>
					<row0>	1.0000 0.0000 0.0000 0.0000	</row0>
					<row1>	0.0000 1.0000 0.0000 0.0000	</row1>
					<row2>	0.0000 0.0000 1.0000 0.0000	</row2>
					<row3>	-0.2013 0.2606 -1.7366 1.0000	</row3>
				</transform>
			</node>
			<node>
				<identifier>	MP_CM029_Emergency_Box	</identifier>
				<transform>
					<row0>	0.6058 0.0000 -0.7956 0.0000	</row0>
					<row1>	0.0000 1.0000 0.0000 0.0000	</row1>
					<row2>	0.7956 0.0000 0.6058 0.0000	</row2>
					<row3>	-0.1414 0.2580 -2.5523 1.0000	</row3>
				</transform>
			</node>
			<node>
				<identifier>	MP_CM029_Emergency_Box_INDEX_1	</identifier>
				<transform>
					<row0>	0.0000 0.0000 -1.0000 0.0000	</row0>
					<row1>	0.0000 1.0000 0.0000 0.0000	</row1>
					<row2>	1.0000 0.0000 0.0000 0.0000	</row2>
					<row3>	0.2215 0.5449 -0.5020 1.0000	</row3>
				</transform>
			</node>
			<node>
				<identifier>	MP_CM029_Emergency_Box_INDEX_2	</identifier>
				<transform>
					<row0>	0.6058 0.0000 0.7956 0.0000	</row0>
					<row1>	0.0000 1.0000 0.0000 0.0000	</row1>
					<row2>	-0.7956 0.0000 0.6058 0.0000	</row2>
					<row3>	0.1414 0.2580 -2.5523 1.0000	</row3>
				</transform>
			</node>
			<node>
				<identifier>	MP_CM029_Emergency_Box_INDEX_3	</identifier>
				<transform>
					<row0>	0.0000 0.0000 -1.0000 0.0000	</row0>
					<row1>	0.0000 1.0000 0.0000 0.0000	</row1>
					<row2>	1.0000 0.0000 0.0000 0.0000	</row2>
					<row3>	-0.2064 0.2549 -0.9151 1.0000	</row3>
				</transform>
			</node>
			<node>
				<identifier>	MP_CM029_Emergency_Box_INDEX_4	</identifier>
				<transform>
					<row0>	0.0000 0.0000 1.0000 0.0000	</row0>
					<row1>	0.0000 1.0000 0.0000 0.0000	</row1>
					<row2>	-1.0000 0.0000 0.0000 0.0000	</row2>
					<row3>	-0.2215 0.5449 -0.5020 1.0000	</row3>
				</transform>
			</node>
			<node>
				<identifier>	MP_CM029_Emergency_Box_INDEX_5	</identifier>
				<transform>
					<row0>	0.0000 0.0000 1.0000 0.0000	</row0>
					<row1>	0.0000 1.0000 0.0000 0.0000	</row1>
					<row2>	-1.0000 0.0000 0.0000 0.0000	</row2>
					<row3>	0.2064 0.2549 -0.9151 1.0000	</row3>
				</transform>
			</node>
			<node>
				<identifier>	MP_CM052_Fender	</identifier>
				<transform>
					<row0>	0.0000 0.0000 -0.5000 0.0000	</row0>
					<row1>	0.0000 0.5000 0.0000 0.0000	</row1>
					<row2>	0.5000 0.0000 0.0000 0.0000	</row2>
					<row3>	0.2162 0.1845 -2.1203 1.0000	</row3>
				</transform>
			</node>
			<node>
				<identifier>	MP_CM052_Fender_INDEX_1	</identifier>
				<transform>
					<row0>	0.0000 0.0000 0.5000 0.0000	</row0>
					<row1>	0.0000 0.5000 0.0000 0.0000	</row1>
					<row2>	-0.5000 0.0000 0.0000 0.0000	</row2>
					<row3>	-0.2162 0.1845 -2.1203 1.0000	</row3>
				</transform>
			</node>
			<node>
				<identifier>	MP_CM060_Flag_Box	</identifier>
				<transform>
					<row0>	0.0786 0.0000 -0.4803 0.0000	</row0>
					<row1>	0.0000 0.4867 0.0000 0.0000	</row1>
					<row2>	0.4803 0.0000 0.0786 0.0000	</row2>
					<row3>	-0.1453 0.3918 -2.3990 1.0000	</row3>
				</transform>
			</node>
			<node>
				<identifier>	MP_CM060_Flag_Box_INDEX_1	</identifier>
				<transform>
					<row0>	0.0786 0.0000 0.4803 0.0000	</row0>
					<row1>	0.0000 0.4867 0.0000 0.0000	</row1>
					<row2>	-0.4803 0.0000 0.0786 0.0000	</row2>
					<row3>	0.1453 0.3918 -2.3990 1.0000	</row3>
				</transform>
			</node>
			<node>
				<identifier>	MP_CM082_Rope	</identifier>
				<transform>
					<row0>	-0.3539 0.0000 -0.3532 0.0000	</row0>
					<row1>	0.0000 0.5000 0.0000 0.0000	</row1>
					<row2>	0.3532 0.0000 -0.3539 0.0000	</row2>
					<row3>	-0.0813 0.4263 -2.1734 1.0000	</row3>
				</transform>
			</node>
			<node>
				<identifier>	MP_CM082_Rope_INDEX_1	</identifier>
				<transform>
					<row0>	0.1185 0.0000 -0.4858 0.0000	</row0>
					<row1>	0.0000 0.5000 0.0000 0.0000	</row1>
					<row2>	0.4858 0.0000 0.1185 0.0000	</row2>
					<row3>	0.0533 0.4266 -2.1876 1.0000	</row3>
				</transform>
			</node>
			<node>
				<identifier>	MP_CM082_Rope_INDEX_2	</identifier>
				<transform>
					<row0>	0.3725 0.0000 0.3336 0.0000	</row0>
					<row1>	0.0000 0.5000 0.0000 0.0000	</row1>
					<row2>	-0.3336 0.0000 0.3725 0.0000	</row2>
					<row3>	-0.0935 0.4263 -2.1613 1.0000	</row3>
				</transform>
			</node>
			<node>
				<identifier>	MP_CM082_Rope_INDEX_3	</identifier>
				<transform>
					<row0>	0.4586 0.0000 0.1992 0.0000	</row0>
					<row1>	0.0000 0.5000 0.0000 0.0000	</row1>
					<row2>	-0.1992 0.0000 0.4586 0.0000	</row2>
					<row3>	-0.1020 0.4265 -2.1481 1.0000	</row3>
				</transform>
			</node>
			<node>
				<identifier>	MP_CM082_Rope_INDEX_4	</identifier>
				<transform>
					<row0>	0.2891 0.0000 -0.4080 0.0000	</row0>
					<row1>	0.0000 0.5000 0.0000 0.0000	</row1>
					<row2>	0.4080 0.0000 0.2891 0.0000	</row2>
					<row3>	0.0814 0.4265 -2.1731 1.0000	</row3>
				</transform>
			</node>
			<node>
				<identifier>	MP_CM082_Rope_INDEX_5	</identifier>
				<transform>
					<row0>	-0.2271 0.0000 0.4454 0.0000	</row0>
					<row1>	0.0000 0.5000 0.0000 0.0000	</row1>
					<row2>	-0.4454 0.0000 -0.2271 0.0000	</row2>
					<row3>	0.0672 0.4266 -2.1821 1.0000	</row3>
				</transform>
			</node>
			<node>
				<identifier>	MP_CM082_Rope_INDEX_6	</identifier>
				<transform>
					<row0>	0.2277 0.0000 0.4451 0.0000	</row0>
					<row1>	0.0000 0.5000 0.0000 0.0000	</row1>
					<row2>	-0.4451 0.0000 0.2277 0.0000	</row2>
					<row3>	-0.0666 0.4266 -2.1821 1.0000	</row3>
				</transform>
			</node>
			<node>
				<identifier>	MP_CM082_Rope_INDEX_7	</identifier>
				<transform>
					<row0>	-0.3515 0.0000 0.3556 0.0000	</row0>
					<row1>	0.0000 0.5000 0.0000 0.0000	</row1>
					<row2>	-0.3556 0.0000 -0.3515 0.0000	</row2>
					<row3>	0.0937 0.4263 -2.1615 1.0000	</row3>
				</transform>
			</node>
			<node>
				<identifier>	MP_CM082_Rope_INDEX_8	</identifier>
				<transform>
					<row0>	-0.1923 0.0000 -0.4616 0.0000	</row0>
					<row1>	0.0000 0.5000 0.0000 0.0000	</row1>
					<row2>	0.4616 0.0000 -0.1923 0.0000	</row2>
					<row3>	-0.0522 0.4266 -2.1881 1.0000	</row3>
				</transform>
			</node>
			<node>
				<identifier>	MP_CM082_Rope_INDEX_9	</identifier>
				<transform>
					<row0>	-0.4265 0.0000 0.2609 0.0000	</row0>
					<row1>	0.0000 0.5000 0.0000 0.0000	</row1>
					<row2>	-0.2609 0.0000 -0.4265 0.0000	</row2>
					<row3>	0.1018 0.4265 -2.1485 1.0000	</row3>
				</transform>
			</node>
			<node>
				<identifier>	MP_CM161_Propeller_4_8m_BB_R	</identifier>
				<transform>
					<row0>	0.7725 0.0006 0.0241 0.0000	</row0>
					<row1>	0.0006 0.7720 -0.0366 0.0000	</row1>
					<row2>	-0.0241 0.0366 0.7717 0.0000	</row2>
					<row3>	0.2067 -0.2676 -3.7914 1.0000	</row3>
				</transform>
			</node>
			<node>
				<identifier>	MP_CM162_Propeller_4_8m_BB_L	</identifier>
				<transform>
					<row0>	0.7725 -0.0006 -0.0241 0.0000	</row0>
					<row1>	-0.0006 0.7720 -0.0366 0.0000	</row1>
					<row2>	0.0241 0.0366 0.7717 0.0000	</row2>
					<row3>	-0.2067 -0.2676 -3.7914 1.0000	</row3>
				</transform>
			</node>
			<node>
				<identifier>	MP_IM001_Paramine_Tipo_C	</identifier>
				<transform>
					<row0>	0.0000 1.0000 0.0000 0.0000	</row0>
					<row1>	-0.9871 0.0000 -0.1603 0.0000	</row1>
					<row2>	-0.1603 0.0000 0.9871 0.0000	</row2>
					<row3>	-0.1892 0.2631 -2.4269 1.0000	</row3>
				</transform>
			</node>
			<node>
				<identifier>	MP_IM001_Paramine_Tipo_C_INDEX_1	</identifier>
				<transform>
					<row0>	0.0000 -1.0000 0.0000 0.0000	</row0>
					<row1>	0.9871 0.0000 -0.1603 0.0000	</row1>
					<row2>	0.1603 0.0000 0.9871 0.0000	</row2>
					<row3>	0.1892 0.2631 -2.4269 1.0000	</row3>
				</transform>
			</node>
			<node>
				<identifier>	MP_IM003_Crown	</identifier>
				<transform>
					<row0>	0.5526 0.0000 0.0000 0.0000	</row0>
					<row1>	0.0000 0.5488 -0.0650 0.0000	</row1>
					<row2>	0.0000 0.0650 0.5488 0.0000	</row2>
					<row3>	0.0000 0.2000 -4.5814 1.0000	</row3>
				</transform>
			</node>
			<node>
				<identifier>	MP_IM010_Life_Jacket	</identifier>
				<transform>
					<row0>	0.5853 0.0000 0.8108 0.0000	</row0>
					<row1>	0.0000 0.9700 0.0000 0.0000	</row1>
					<row2>	-0.8108 0.0000 0.5853 0.0000	</row2>
					<row3>	0.0551 0.5627 -0.8310 1.0000	</row3>
				</transform>
			</node>
			<node>
				<identifier>	MP_IM010_Life_Jacket_INDEX_1	</identifier>
				<transform>
					<row0>	0.5853 0.0000 0.8108 0.0000	</row0>
					<row1>	0.0000 0.9700 0.0000 0.0000	</row1>
					<row2>	-0.8108 0.0000 0.5853 0.0000	</row2>
					<row3>	0.0951 0.5627 -0.8598 1.0000	</row3>
				</transform>
			</node>
			<node>
				<identifier>	MP_IM010_Life_Jacket_INDEX_2	</identifier>
				<transform>
					<row0>	0.5853 0.0000 -0.8108 0.0000	</row0>
					<row1>	0.0000 0.9700 0.0000 0.0000	</row1>
					<row2>	0.8108 0.0000 0.5853 0.0000	</row2>
					<row3>	-0.0551 0.5627 -0.8310 1.0000	</row3>
				</transform>
			</node>
			<node>
				<identifier>	MP_IM010_Life_Jacket_INDEX_3	</identifier>
				<transform>
					<row0>	0.5853 0.0000 -0.8108 0.0000	</row0>
					<row1>	0.0000 0.9700 0.0000 0.0000	</row1>
					<row2>	0.8108 0.0000 0.5853 0.0000	</row2>
					<row3>	-0.0951 0.5627 -0.8598 1.0000	</row3>
				</transform>
			</node>
			<node>
				<identifier>	MP_IM018_Torpedo_Cart	</identifier>
				<transform>
					<row0>	0.9999 0.0000 -0.0111 0.0000	</row0>
					<row1>	0.0000 1.0000 0.0000 0.0000	</row1>
					<row2>	0.0111 0.0000 0.9999 0.0000	</row2>
					<row3>	0.3628 0.1804 -0.4393 1.0000	</row3>
				</transform>
			</node>
			<node>
				<identifier>	MP_IM018_Torpedo_Cart_INDEX_1	</identifier>
				<transform>
					<row0>	0.9999 0.0000 0.0124 0.0000	</row0>
					<row1>	0.0000 1.0000 0.0000 0.0000	</row1>
					<row2>	-0.0124 0.0000 0.9999 0.0000	</row2>
					<row3>	-0.3628 0.1804 -0.4393 1.0000	</row3>
				</transform>
			</node>
			<node>
				<identifier>	MP_IM021_Turtle	</identifier>
				<transform>
					<row0>	-0.4951 0.0000 0.8688 0.0000	</row0>
					<row1>	0.0000 1.0000 0.0000 0.0000	</row1>
					<row2>	-0.8688 0.0000 -0.4951 0.0000	</row2>
					<row3>	-0.0662 0.5747 -0.5764 1.0000	</row3>
				</transform>
			</node>
			<node>
				<identifier>	MP_IM021_Turtle_INDEX_1	</identifier>
				<transform>
					<row0>	0.6023 0.0000 0.7983 0.0000	</row0>
					<row1>	0.0000 1.0000 0.0000 0.0000	</row1>
					<row2>	-0.7983 0.0000 0.6023 0.0000	</row2>
					<row3>	-0.0908 0.5693 -0.2746 1.0000	</row3>
				</transform>
			</node>
			<node>
				<identifier>	MP_IM021_Turtle_INDEX_10	</identifier>
				<transform>
					<row0>	0.4036 0.0000 0.9149 0.0000	</row0>
					<row1>	0.0000 1.0000 0.0000 0.0000	</row1>
					<row2>	-0.9149 0.0000 0.4036 0.0000	</row2>
					<row3>	-0.0987 0.5693 -0.2884 1.0000	</row3>
				</transform>
			</node>
			<node>
				<identifier>	MP_IM021_Turtle_INDEX_11	</identifier>
				<transform>
					<row0>	1.0000 0.0000 0.0000 0.0000	</row0>
					<row1>	0.0000 1.0000 0.0000 0.0000	</row1>
					<row2>	0.0000 0.0000 1.0000 0.0000	</row2>
					<row3>	-0.0823 0.2581 -1.5662 1.0000	</row3>
				</transform>
			</node>
			<node>
				<identifier>	MP_IM021_Turtle_INDEX_12	</identifier>
				<transform>
					<row0>	-0.2498 0.0000 0.9683 0.0000	</row0>
					<row1>	0.0000 1.0000 0.0000 0.0000	</row1>
					<row2>	-0.9683 0.0000 -0.2498 0.0000	</row2>
					<row3>	-0.1205 0.4119 -2.0901 1.0000	</row3>
				</transform>
			</node>
			<node>
				<identifier>	MP_IM021_Turtle_INDEX_13	</identifier>
				<transform>
					<row0>	1.0000 0.0000 0.0000 0.0000	</row0>
					<row1>	0.0000 1.0000 0.0000 0.0000	</row1>
					<row2>	0.0000 0.0000 1.0000 0.0000	</row2>
					<row3>	0.1475 0.2581 -1.5662 1.0000	</row3>
				</transform>
			</node>
			<node>
				<identifier>	MP_IM021_Turtle_INDEX_14	</identifier>
				<transform>
					<row0>	-0.6488 0.0000 -0.7610 0.0000	</row0>
					<row1>	0.0000 1.0000 0.0000 0.0000	</row1>
					<row2>	0.7610 0.0000 -0.6488 0.0000	</row2>
					<row3>	0.0460 0.5747 -0.6089 1.0000	</row3>
				</transform>
			</node>
			<node>
				<identifier>	MP_IM021_Turtle_INDEX_15	</identifier>
				<transform>
					<row0>	1.0000 0.0000 0.0000 0.0000	</row0>
					<row1>	0.0000 1.0000 0.0000 0.0000	</row1>
					<row2>	0.0000 0.0000 1.0000 0.0000	</row2>
					<row3>	0.1475 0.2581 0.0170 1.0000	</row3>
				</transform>
			</node>
			<node>
				<identifier>	MP_IM021_Turtle_INDEX_16	</identifier>
				<transform>
					<row0>	0.3614 0.0000 0.9324 0.0000	</row0>
					<row1>	0.0000 1.0000 0.0000 0.0000	</row1>
					<row2>	-0.9324 0.0000 0.3614 0.0000	</row2>
					<row3>	-0.1046 0.5693 -0.3034 1.0000	</row3>
				</transform>
			</node>
			<node>
				<identifier>	MP_IM021_Turtle_INDEX_17	</identifier>
				<transform>
					<row0>	1.0000 0.0000 0.0000 0.0000	</row0>
					<row1>	0.0000 1.0000 0.0000 0.0000	</row1>
					<row2>	0.0000 0.0000 1.0000 0.0000	</row2>
					<row3>	0.1656 0.2581 0.0170 1.0000	</row3>
				</transform>
			</node>
			<node>
				<identifier>	MP_IM021_Turtle_INDEX_18	</identifier>
				<transform>
					<row0>	0.0000 0.0000 -1.0000 0.0000	</row0>
					<row1>	0.0000 1.0000 0.0000 0.0000	</row1>
					<row2>	1.0000 0.0000 0.0000 0.0000	</row2>
					<row3>	-0.2283 0.5592 -0.3395 1.0000	</row3>
				</transform>
			</node>
			<node>
				<identifier>	MP_IM021_Turtle_INDEX_19	</identifier>
				<transform>
					<row0>	0.0000 0.0000 1.0000 0.0000	</row0>
					<row1>	0.0000 1.0000 0.0000 0.0000	</row1>
					<row2>	-1.0000 0.0000 0.0000 0.0000	</row2>
					<row3>	0.2283 0.5592 -0.3759 1.0000	</row3>
				</transform>
			</node>
			<node>
				<identifier>	MP_IM021_Turtle_INDEX_2	</identifier>
				<transform>
					<row0>	1.0000 0.0000 0.0000 0.0000	</row0>
					<row1>	0.0000 1.0000 0.0000 0.0000	</row1>
					<row2>	0.0000 0.0000 1.0000 0.0000	</row2>
					<row3>	-0.1475 0.2581 0.0170 1.0000	</row3>
				</transform>
			</node>
			<node>
				<identifier>	MP_IM021_Turtle_INDEX_20	</identifier>
				<transform>
					<row0>	0.0000 0.0000 -1.0000 0.0000	</row0>
					<row1>	0.0000 1.0000 0.0000 0.0000	</row1>
					<row2>	1.0000 0.0000 0.0000 0.0000	</row2>
					<row3>	-0.2283 0.5592 -0.3581 1.0000	</row3>
				</transform>
			</node>
			<node>
				<identifier>	MP_IM021_Turtle_INDEX_21	</identifier>
				<transform>
					<row0>	-0.3296 0.0000 -0.9441 0.0000	</row0>
					<row1>	0.0000 1.0000 0.0000 0.0000	</row1>
					<row2>	0.9441 0.0000 -0.3296 0.0000	</row2>
					<row3>	0.1148 0.4119 -2.1091 1.0000	</row3>
				</transform>
			</node>
			<node>
				<identifier>	MP_IM021_Turtle_INDEX_22	</identifier>
				<transform>
					<row0>	1.0000 0.0000 0.0000 0.0000	</row0>
					<row1>	0.0000 1.0000 0.0000 0.0000	</row1>
					<row2>	0.0000 0.0000 1.0000 0.0000	</row2>
					<row3>	0.1656 0.2581 -1.5662 1.0000	</row3>
				</transform>
			</node>
			<node>
				<identifier>	MP_IM021_Turtle_INDEX_23	</identifier>
				<transform>
					<row0>	-0.6488 0.0000 0.7610 0.0000	</row0>
					<row1>	0.0000 1.0000 0.0000 0.0000	</row1>
					<row2>	-0.7610 0.0000 -0.6488 0.0000	</row2>
					<row3>	-0.0460 0.5747 -0.6089 1.0000	</row3>
				</transform>
			</node>
			<node>
				<identifier>	MP_IM021_Turtle_INDEX_24	</identifier>
				<transform>
					<row0>	0.3614 0.0000 -0.9324 0.0000	</row0>
					<row1>	0.0000 1.0000 0.0000 0.0000	</row1>
					<row2>	0.9324 0.0000 0.3614 0.0000	</row2>
					<row3>	0.1046 0.5693 -0.3034 1.0000	</row3>
				</transform>
			</node>
			<node>
				<identifier>	MP_IM021_Turtle_INDEX_25	</identifier>
				<transform>
					<row0>	1.0000 0.0000 0.0000 0.0000	</row0>
					<row1>	0.0000 1.0000 0.0000 0.0000	</row1>
					<row2>	0.0000 0.0000 1.0000 0.0000	</row2>
					<row3>	-0.1003 0.2581 -1.5662 1.0000	</row3>
				</transform>
			</node>
			<node>
				<identifier>	MP_IM021_Turtle_INDEX_26	</identifier>
				<transform>
					<row0>	0.0000 0.0000 -1.0000 0.0000	</row0>
					<row1>	0.0000 1.0000 0.0000 0.0000	</row1>
					<row2>	1.0000 0.0000 0.0000 0.0000	</row2>
					<row3>	-0.2283 0.5592 -0.3759 1.0000	</row3>
				</transform>
			</node>
			<node>
				<identifier>	MP_IM021_Turtle_INDEX_27	</identifier>
				<transform>
					<row0>	-0.3296 0.0000 0.9441 0.0000	</row0>
					<row1>	0.0000 1.0000 0.0000 0.0000	</row1>
					<row2>	-0.9441 0.0000 -0.3296 0.0000	</row2>
					<row3>	-0.1148 0.4119 -2.1091 1.0000	</row3>
				</transform>
			</node>
			<node>
				<identifier>	MP_IM021_Turtle_INDEX_28	</identifier>
				<transform>
					<row0>	-0.5133 0.0000 -0.8582 0.0000	</row0>
					<row1>	0.0000 1.0000 0.0000 0.0000	</row1>
					<row2>	0.8582 0.0000 -0.5133 0.0000	</row2>
					<row3>	0.0560 0.5747 -0.5934 1.0000	</row3>
				</transform>
			</node>
			<node>
				<identifier>	MP_IM021_Turtle_INDEX_29	</identifier>
				<transform>
					<row0>	0.6023 0.0000 -0.7983 0.0000	</row0>
					<row1>	0.0000 1.0000 0.0000 0.0000	</row1>
					<row2>	0.7983 0.0000 0.6023 0.0000	</row2>
					<row3>	0.0908 0.5693 -0.2746 1.0000	</row3>
				</transform>
			</node>
			<node>
				<identifier>	MP_IM021_Turtle_INDEX_3	</identifier>
				<transform>
					<row0>	0.4036 0.0000 -0.9149 0.0000	</row0>
					<row1>	0.0000 1.0000 0.0000 0.0000	</row1>
					<row2>	0.9149 0.0000 0.4036 0.0000	</row2>
					<row3>	0.0985 0.5693 -0.2884 1.0000	</row3>
				</transform>
			</node>
			<node>
				<identifier>	MP_IM021_Turtle_INDEX_30	</identifier>
				<transform>
					<row0>	0.3614 0.0000 -0.9324 0.0000	</row0>
					<row1>	0.0000 1.0000 0.0000 0.0000	</row1>
					<row2>	0.9324 0.0000 0.3614 0.0000	</row2>
					<row3>	0.1054 0.5505 -0.3030 1.0000	</row3>
				</transform>
			</node>
			<node>
				<identifier>	MP_IM021_Turtle_INDEX_31	</identifier>
				<transform>
					<row0>	0.4036 0.0000 -0.9149 0.0000	</row0>
					<row1>	0.0000 1.0000 0.0000 0.0000	</row1>
					<row2>	0.9149 0.0000 0.4036 0.0000	</row2>
					<row3>	0.1000 0.5500 -0.2878 1.0000	</row3>
				</transform>
			</node>
			<node>
				<identifier>	MP_IM021_Turtle_INDEX_32	</identifier>
				<transform>
					<row0>	0.6023 0.0000 -0.7983 0.0000	</row0>
					<row1>	0.0000 1.0000 0.0000 0.0000	</row1>
					<row2>	0.7983 0.0000 0.6023 0.0000	</row2>
					<row3>	0.0924 0.5505 -0.2735 1.0000	</row3>
				</transform>
			</node>
			<node>
				<identifier>	MP_IM021_Turtle_INDEX_33	</identifier>
				<transform>
					<row0>	-0.4951 0.0000 -0.8688 0.0000	</row0>
					<row1>	0.0520 0.9982 -0.0296 0.0000	</row1>
					<row2>	0.8673 -0.0598 -0.4942 0.0000	</row2>
					<row3>	0.0647 0.5505 -0.5753 1.0000	</row3>
				</transform>
			</node>
			<node>
				<identifier>	MP_IM021_Turtle_INDEX_34	</identifier>
				<transform>
					<row0>	-0.5133 0.0000 -0.8582 0.0000	</row0>
					<row1>	0.0649 0.9971 -0.0388 0.0000	</row1>
					<row2>	0.8558 -0.0756 -0.5118 0.0000	</row2>
					<row3>	0.0544 0.5505 -0.5922 1.0000	</row3>
				</transform>
			</node>
			<node>
				<identifier>	MP_IM021_Turtle_INDEX_35	</identifier>
				<transform>
					<row0>	-0.7271 0.0000 -0.6865 0.0000	</row0>
					<row1>	0.0437 0.9980 -0.0463 0.0000	</row1>
					<row2>	0.6851 -0.0637 -0.7257 0.0000	</row2>
					<row3>	0.0436 0.5505 -0.6071 1.0000	</row3>
				</transform>
			</node>
			<node>
				<identifier>	MP_IM021_Turtle_INDEX_36	</identifier>
				<transform>
					<row0>	-0.4951 0.0000 0.8688 0.0000	</row0>
					<row1>	-0.0520 0.9982 -0.0296 0.0000	</row1>
					<row2>	-0.8673 -0.0598 -0.4942 0.0000	</row2>
					<row3>	-0.0647 0.5505 -0.5753 1.0000	</row3>
				</transform>
			</node>
			<node>
				<identifier>	MP_IM021_Turtle_INDEX_37	</identifier>
				<transform>
					<row0>	-0.5133 0.0000 0.8582 0.0000	</row0>
					<row1>	-0.0649 0.9971 -0.0388 0.0000	</row1>
					<row2>	-0.8558 -0.0756 -0.5118 0.0000	</row2>
					<row3>	-0.0544 0.5505 -0.5922 1.0000	</row3>
				</transform>
			</node>
			<node>
				<identifier>	MP_IM021_Turtle_INDEX_38	</identifier>
				<transform>
					<row0>	-0.7271 0.0000 0.6865 0.0000	</row0>
					<row1>	-0.0437 0.9980 -0.0463 0.0000	</row1>
					<row2>	-0.6851 -0.0637 -0.7257 0.0000	</row2>
					<row3>	-0.0436 0.5505 -0.6071 1.0000	</row3>
				</transform>
			</node>
			<node>
				<identifier>	MP_IM021_Turtle_INDEX_39	</identifier>
				<transform>
					<row0>	0.3614 0.0000 0.9324 0.0000	</row0>
					<row1>	0.0000 1.0000 0.0000 0.0000	</row1>
					<row2>	-0.9324 0.0000 0.3614 0.0000	</row2>
					<row3>	-0.1054 0.5505 -0.3030 1.0000	</row3>
				</transform>
			</node>
			<node>
				<identifier>	MP_IM021_Turtle_INDEX_4	</identifier>
				<transform>
					<row0>	-0.4951 0.0000 -0.8688 0.0000	</row0>
					<row1>	0.0000 1.0000 0.0000 0.0000	</row1>
					<row2>	0.8688 0.0000 -0.4951 0.0000	</row2>
					<row3>	0.0662 0.5747 -0.5764 1.0000	</row3>
				</transform>
			</node>
			<node>
				<identifier>	MP_IM021_Turtle_INDEX_40	</identifier>
				<transform>
					<row0>	0.4036 0.0000 0.9149 0.0000	</row0>
					<row1>	0.0000 1.0000 0.0000 0.0000	</row1>
					<row2>	-0.9149 0.0000 0.4036 0.0000	</row2>
					<row3>	-0.1000 0.5500 -0.2878 1.0000	</row3>
				</transform>
			</node>
			<node>
				<identifier>	MP_IM021_Turtle_INDEX_41	</identifier>
				<transform>
					<row0>	0.6023 0.0000 0.7983 0.0000	</row0>
					<row1>	0.0000 1.0000 0.0000 0.0000	</row1>
					<row2>	-0.7983 0.0000 0.6023 0.0000	</row2>
					<row3>	-0.0924 0.5505 -0.2735 1.0000	</row3>
				</transform>
			</node>
			<node>
				<identifier>	MP_IM021_Turtle_INDEX_5	</identifier>
				<transform>
					<row0>	-0.2498 0.0000 -0.9683 0.0000	</row0>
					<row1>	0.0000 1.0000 0.0000 0.0000	</row1>
					<row2>	0.9683 0.0000 -0.2498 0.0000	</row2>
					<row3>	0.1205 0.4119 -2.0901 1.0000	</row3>
				</transform>
			</node>
			<node>
				<identifier>	MP_IM021_Turtle_INDEX_6	</identifier>
				<transform>
					<row0>	-0.5133 0.0000 0.8582 0.0000	</row0>
					<row1>	0.0000 1.0000 0.0000 0.0000	</row1>
					<row2>	-0.8582 0.0000 -0.5133 0.0000	</row2>
					<row3>	-0.0560 0.5747 -0.5934 1.0000	</row3>
				</transform>
			</node>
			<node>
				<identifier>	MP_IM021_Turtle_INDEX_7	</identifier>
				<transform>
					<row0>	0.0000 0.0000 1.0000 0.0000	</row0>
					<row1>	0.0000 1.0000 0.0000 0.0000	</row1>
					<row2>	-1.0000 0.0000 0.0000 0.0000	</row2>
					<row3>	0.2283 0.5592 -0.3395 1.0000	</row3>
				</transform>
			</node>
			<node>
				<identifier>	MP_IM021_Turtle_INDEX_8	</identifier>
				<transform>
					<row0>	0.0000 0.0000 1.0000 0.0000	</row0>
					<row1>	0.0000 1.0000 0.0000 0.0000	</row1>
					<row2>	-1.0000 0.0000 0.0000 0.0000	</row2>
					<row3>	0.2283 0.5592 -0.3581 1.0000	</row3>
				</transform>
			</node>
			<node>
				<identifier>	MP_IM021_Turtle_INDEX_9	</identifier>
				<transform>
					<row0>	1.0000 0.0000 0.0000 0.0000	</row0>
					<row1>	0.0000 1.0000 0.0000 0.0000	</row1>
					<row2>	0.0000 0.0000 1.0000 0.0000	</row2>
					<row3>	-0.1656 0.2581 0.0170 1.0000	</row3>
				</transform>
			</node>
			<node>
				<identifier>	MP_IM026_Reels	</identifier>
				<transform>
					<row0>	0.0000 -0.0224 0.9997 0.0000	</row0>
					<row1>	0.0000 0.9997 0.0224 0.0000	</row1>
					<row2>	-1.0000 0.0000 0.0000 0.0000	</row2>
					<row3>	0.1530 0.3714 -1.1947 1.0000	</row3>
				</transform>
			</node>
			<node>
				<identifier>	MP_IM026_Reels_INDEX_1	</identifier>
				<transform>
					<row0>	0.6432 0.0000 0.0000 0.0000	</row0>
					<row1>	0.0000 0.6432 0.0000 0.0000	</row1>
					<row2>	0.0000 0.0000 0.6432 0.0000	</row2>
					<row3>	0.1125 0.1927 -3.2924 1.0000	</row3>
				</transform>
			</node>
			<node>
				<identifier>	MP_IM026_Reels_INDEX_10	</identifier>
				<transform>
					<row0>	-0.1653 0.0000 -0.5894 0.0000	</row0>
					<row1>	0.0000 0.6121 0.0000 0.0000	</row1>
					<row2>	0.5894 0.0000 -0.1653 0.0000	</row2>
					<row3>	-0.1108 0.3455 -1.7850 1.0000	</row3>
				</transform>
			</node>
			<node>
				<identifier>	MP_IM026_Reels_INDEX_2	</identifier>
				<transform>
					<row0>	1.0000 0.0000 0.0000 0.0000	</row0>
					<row1>	0.0000 0.9951 -0.0989 0.0000	</row1>
					<row2>	0.0000 0.0989 0.9951 0.0000	</row2>
					<row3>	0.1279 0.3616 -1.5063 1.0000	</row3>
				</transform>
			</node>
			<node>
				<identifier>	MP_IM026_Reels_INDEX_3	</identifier>
				<transform>
					<row0>	0.6432 0.0000 0.0000 0.0000	</row0>
					<row1>	0.0000 0.6432 0.0000 0.0000	</row1>
					<row2>	0.0000 0.0000 0.6432 0.0000	</row2>
					<row3>	0.0000 0.1936 -3.4215 1.0000	</row3>
				</transform>
			</node>
			<node>
				<identifier>	MP_IM026_Reels_INDEX_4	</identifier>
				<transform>
					<row0>	1.0000 0.0000 0.0000 0.0000	</row0>
					<row1>	0.0000 0.9973 0.0740 0.0000	</row1>
					<row2>	0.0000 -0.0740 0.9973 0.0000	</row2>
					<row3>	-0.1255 0.3651 -1.0465 1.0000	</row3>
				</transform>
			</node>
			<node>
				<identifier>	MP_IM026_Reels_INDEX_5	</identifier>
				<transform>
					<row0>	0.6432 0.0000 0.0000 0.0000	</row0>
					<row1>	0.0000 0.6432 0.0000 0.0000	</row1>
					<row2>	0.0000 0.0000 0.6432 0.0000	</row2>
					<row3>	-0.1125 0.1927 -3.2924 1.0000	</row3>
				</transform>
			</node>
			<node>
				<identifier>	MP_IM026_Reels_INDEX_6	</identifier>
				<transform>
					<row0>	-0.1653 0.0000 0.5894 0.0000	</row0>
					<row1>	0.0000 0.6121 0.0000 0.0000	</row1>
					<row2>	-0.5894 0.0000 -0.1653 0.0000	</row2>
					<row3>	0.1114 0.3455 -1.7872 1.0000	</row3>
				</transform>
			</node>
			<node>
				<identifier>	MP_IM026_Reels_INDEX_7	</identifier>
				<transform>
					<row0>	0.0000 -0.0224 0.9997 0.0000	</row0>
					<row1>	0.0000 0.9997 0.0224 0.0000	</row1>
					<row2>	-1.0000 0.0000 0.0000 0.0000	</row2>
					<row3>	-0.1530 0.3714 -1.1947 1.0000	</row3>
				</transform>
			</node>
			<node>
				<identifier>	MP_IM026_Reels_INDEX_8	</identifier>
				<transform>
					<row0>	0.0000 0.0000 0.6432 0.0000	</row0>
					<row1>	0.0000 0.6432 0.0000 0.0000	</row1>
					<row2>	-0.6432 0.0000 0.0000 0.0000	</row2>
					<row3>	0.1699 0.3689 0.3236 1.0000	</row3>
				</transform>
			</node>
			<node>
				<identifier>	MP_IM026_Reels_INDEX_9	</identifier>
				<transform>
					<row0>	0.0000 0.0293 0.6425 0.0000	</row0>
					<row1>	0.0000 0.6425 -0.0293 0.0000	</row1>
					<row2>	-0.6432 0.0000 0.0000 0.0000	</row2>
					<row3>	-0.1707 0.3666 0.2008 1.0000	</row3>
				</transform>
			</node>
			<node>
				<identifier>	MP_IM030_Depth_Charge_Double	</identifier>
				<transform>
					<row0>	1.0000 0.0000 0.0000 0.0000	</row0>
					<row1>	0.0000 1.0000 0.0000 0.0000	</row1>
					<row2>	0.0000 0.0000 1.0000 0.0000	</row2>
					<row3>	0.1255 0.1957 -3.6238 1.0000	</row3>
				</transform>
			</node>
			<node>
				<identifier>	MP_IM030_Depth_Charge_Double_INDEX_1	</identifier>
				<transform>
					<row0>	1.0000 0.0000 0.0000 0.0000	</row0>
					<row1>	0.0000 1.0000 0.0000 0.0000	</row1>
					<row2>	0.0000 0.0000 1.0000 0.0000	</row2>
					<row3>	-0.1255 0.1957 -3.6238 1.0000	</row3>
				</transform>
			</node>
			<node>
				<identifier>	MP_IM030_Depth_Charge_Double_INDEX_2	</identifier>
				<transform>
					<row0>	0.0000 0.0000 -1.0000 0.0000	</row0>
					<row1>	0.0000 1.0000 0.0000 0.0000	</row1>
					<row2>	1.0000 0.0000 0.0000 0.0000	</row2>
					<row3>	0.0147 0.1870 -2.6485 1.0000	</row3>
				</transform>
			</node>
			<node>
				<identifier>	MP_IM030_Depth_Charge_Double_INDEX_3	</identifier>
				<transform>
					<row0>	1.0000 0.0000 0.0000 0.0000	</row0>
					<row1>	0.0000 1.0000 0.0000 0.0000	</row1>
					<row2>	0.0000 0.0000 1.0000 0.0000	</row2>
					<row3>	0.2288 0.1833 -1.9538 1.0000	</row3>
				</transform>
			</node>
			<node>
				<identifier>	MP_IM030_Depth_Charge_Double_INDEX_4	</identifier>
				<transform>
					<row0>	1.0000 0.0000 0.0000 0.0000	</row0>
					<row1>	0.0000 1.0000 0.0000 0.0000	</row1>
					<row2>	0.0000 0.0000 1.0000 0.0000	</row2>
					<row3>	-0.2288 0.1833 -1.9538 1.0000	</row3>
				</transform>
			</node>
			<node>
				<identifier>	MP_IM031_Fire_Fighting	</identifier>
				<transform>
					<row0>	1.0000 0.0000 0.0000 0.0000	</row0>
					<row1>	0.0000 1.0000 0.0000 0.0000	</row1>
					<row2>	0.0000 0.0000 1.0000 0.0000	</row2>
					<row3>	0.0000 0.1932 -3.3644 1.0000	</row3>
				</transform>
			</node>
			<node>
				<identifier>	MP_IM031_Fire_Fighting_INDEX_1	</identifier>
				<transform>
					<row0>	0.0000 0.0000 1.0000 0.0000	</row0>
					<row1>	0.0000 1.0000 0.0000 0.0000	</row1>
					<row2>	-1.0000 0.0000 0.0000 0.0000	</row2>
					<row3>	-0.2097 0.1841 -2.2214 1.0000	</row3>
				</transform>
			</node>
			<node>
				<identifier>	MP_IM031_Fire_Fighting_INDEX_2	</identifier>
				<transform>
					<row0>	1.0000 0.0000 0.0000 0.0000	</row0>
					<row1>	0.0000 1.0000 0.0000 0.0000	</row1>
					<row2>	0.0000 0.0000 1.0000 0.0000	</row2>
					<row3>	0.0000 0.2033 -4.1952 1.0000	</row3>
				</transform>
			</node>
			<node>
				<identifier>	MP_IM031_Fire_Fighting_INDEX_3	</identifier>
				<transform>
					<row0>	0.0000 0.0000 -1.0000 0.0000	</row0>
					<row1>	0.0000 1.0000 0.0000 0.0000	</row1>
					<row2>	1.0000 0.0000 0.0000 0.0000	</row2>
					<row3>	-0.2097 0.1787 -0.7521 1.0000	</row3>
				</transform>
			</node>
			<node>
				<identifier>	MP_IM031_Fire_Fighting_INDEX_4	</identifier>
				<transform>
					<row0>	0.0000 0.0000 1.0000 0.0000	</row0>
					<row1>	0.0000 1.0000 0.0000 0.0000	</row1>
					<row2>	-1.0000 0.0000 0.0000 0.0000	</row2>
					<row3>	0.2097 0.1787 -0.7521 1.0000	</row3>
				</transform>
			</node>
			<node>
				<identifier>	MP_IM031_Fire_Fighting_INDEX_5	</identifier>
				<transform>
					<row0>	0.0000 0.0000 1.0000 0.0000	</row0>
					<row1>	0.0000 1.0000 0.0000 0.0000	</row1>
					<row2>	-1.0000 0.0000 0.0000 0.0000	</row2>
					<row3>	0.2097 0.1845 -2.2214 1.0000	</row3>
				</transform>
			</node>
			<node>
				<identifier>	MP_IM031_Fire_Fighting_INDEX_6	</identifier>
				<transform>
					<row0>	-1.0000 0.0000 0.0000 0.0000	</row0>
					<row1>	0.0000 1.0000 0.0000 0.0000	</row1>
					<row2>	0.0000 0.0000 -1.0000 0.0000	</row2>
					<row3>	0.0000 0.3440 -1.7638 1.0000	</row3>
				</transform>
			</node>
			<node>
				<identifier>	MP_IM031_Fire_Fighting_INDEX_7	</identifier>
				<transform>
					<row0>	-1.0000 0.0000 0.0000 0.0000	</row0>
					<row1>	0.0000 1.0000 0.0000 0.0000	</row1>
					<row2>	0.0000 0.0000 -1.0000 0.0000	</row2>
					<row3>	0.1002 0.3386 -0.7912 1.0000	</row3>
				</transform>
			</node>
			<node>
				<identifier>	MP_IM031_Fire_Fighting_INDEX_8	</identifier>
				<transform>
					<row0>	-1.0000 0.0000 0.0000 0.0000	</row0>
					<row1>	0.0000 1.0000 0.0000 0.0000	</row1>
					<row2>	0.0000 0.0000 -1.0000 0.0000	</row2>
					<row3>	-0.1002 0.3386 -0.7912 1.0000	</row3>
				</transform>
			</node>
			<node>
				<identifier>	MP_IM032_Fire_Hose	</identifier>
				<transform>
					<row0>	0.0000 0.0000 -1.0000 0.0000	</row0>
					<row1>	0.0000 1.0000 0.0000 0.0000	</row1>
					<row2>	1.0000 0.0000 0.0000 0.0000	</row2>
					<row3>	0.2024 0.2574 -2.2562 1.0000	</row3>
				</transform>
			</node>
			<node>
				<identifier>	MP_IM032_Fire_Hose_INDEX_1	</identifier>
				<transform>
					<row0>	-0.7766 0.0000 -0.6299 0.0000	</row0>
					<row1>	0.0000 1.0000 0.0000 0.0000	</row1>
					<row2>	0.6299 0.0000 -0.7766 0.0000	</row2>
					<row3>	0.1081 0.2574 -2.5811 1.0000	</row3>
				</transform>
			</node>
			<node>
				<identifier>	MP_IM032_Fire_Hose_INDEX_2	</identifier>
				<transform>
					<row0>	0.0000 0.0000 1.0000 0.0000	</row0>
					<row1>	0.0000 1.0000 0.0000 0.0000	</row1>
					<row2>	-1.0000 0.0000 0.0000 0.0000	</row2>
					<row3>	-0.2024 0.2574 -2.2562 1.0000	</row3>
				</transform>
			</node>
			<node>
