<JSB068_Tsurugi_1944_MidFront_ports.visual>
	<node>
		<identifier>	Scene Root	</identifier>
		<transform>
			<row0>	1.0000 0.0000 0.0000 0.0000	</row0>
			<row1>	0.0000 1.0000 0.0000 0.0000	</row1>
			<row2>	0.0000 0.0000 1.0000 0.0000	</row2>
			<row3>	0.0000 0.0000 0.0000 1.0000	</row3>
		</transform>
		<node>
			<identifier>	MidFront_ports	</identifier>
			<transform>
				<row0>	1.0000 0.0000 0.0000 0.0000	</row0>
				<row1>	0.0000 1.0000 0.0000 0.0000	</row1>
				<row2>	0.0000 0.0000 1.0000 0.0000	</row2>
				<row3>	0.0000 0.0000 0.0000 1.0000	</row3>
			</transform>
			<node>
				<identifier>	HP_FX_Death_1	</identifier>
				<transform>
					<row0>	1.0000 0.0000 0.0000 0.0000	</row0>
					<row1>	0.0000 1.0000 0.0000 0.0000	</row1>
					<row2>	0.0000 0.0000 1.0000 0.0000	</row2>
					<row3>	0.0000 0.0000 5.7469 1.0000	</row3>
				</transform>
			</node>
			<node>
				<identifier>	HP_FX_Fire_2	</identifier>
				<transform>
					<row0>	1.0000 0.0000 0.0000 0.0000	</row0>
					<row1>	0.0000 1.0000 0.0000 0.0000	</row1>
					<row2>	0.0000 0.0000 1.0000 0.0000	</row2>
					<row3>	-0.5181 0.5318 2.8665 1.0000	</row3>
				</transform>
			</node>
			<node>
				<identifier>	HP_FX_Fire_2_side_1	</identifier>
				<transform>
					<row0>	1.0000 0.0000 0.0000 0.0000	</row0>
					<row1>	0.0000 1.0000 0.0000 0.0000	</row1>
					<row2>	0.0000 0.0000 1.0000 0.0000	</row2>
					<row3>	0.7152 0.4142 4.0127 1.0000	</row3>
				</transform>
			</node>
			<node>
				<identifier>	HP_FX_FloodLight_left_1	</identifier>
				<transform>
					<row0>	-0.9999 0.0000 0.0131 0.0000	</row0>
					<row1>	0.0131 0.0000 0.9999 0.0000	</row1>
					<row2>	0.0000 1.0000 0.0000 0.0000	</row2>
					<row3>	-0.4283 0.6848 2.2766 1.0000	</row3>
				</transform>
			</node>
			<node>
				<identifier>	HP_FX_FloodLight_right_1	</identifier>
				<transform>
					<row0>	0.9999 0.0000 -0.0113 0.0000	</row0>
					<row1>	-0.0113 0.0000 -0.9999 0.0000	</row1>
					<row2>	0.0000 1.0000 0.0000 0.0000	</row2>
					<row3>	0.4281 0.6842 2.2788 1.0000	</row3>
				</transform>
			</node>
			<node>
				<identifier>	HP_FX_Flood_steam_left	</identifier>
				<transform>
					<row0>	-0.9901 0.0000 0.1404 0.0000	</row0>
					<row1>	0.0000 1.0000 0.0000 0.0000	</row1>
					<row2>	-0.1404 0.0000 -0.9901 0.0000	</row2>
					<row3>	-0.8876 0.3163 3.4921 1.0000	</row3>
				</transform>
			</node>
			<node>
				<identifier>	HP_FX_RepairLight_left_1	</identifier>
				<transform>
					<row0>	0.1079 0.0000 0.9942 0.0000	</row0>
					<row1>	0.0000 1.0000 0.0000 0.0000	</row1>
					<row2>	-0.9942 0.0000 0.1079 0.0000	</row2>
					<row3>	-0.7115 0.4526 5.7895 1.0000	</row3>
				</transform>
			</node>
			<node>
				<identifier>	HP_FX_RepairLight_right_1	</identifier>
				<transform>
					<row0>	0.0845 0.0000 -0.9964 0.0000	</row0>
					<row1>	0.0023 1.0000 0.0002 0.0000	</row1>
					<row2>	0.9964 -0.0023 0.0845 0.0000	</row2>
					<row3>	0.7928 0.4240 4.9569 1.0000	</row3>
				</transform>
			</node>
			<node>
				<identifier>	HP_JD_1	</identifier>
				<transform>
					<row0>	1.0000 0.0000 0.0000 0.0000	</row0>
					<row1>	0.0000 1.0000 0.0000 0.0000	</row1>
					<row2>	0.0000 0.0000 1.0000 0.0000	</row2>
					<row3>	0.0000 1.4662 2.6420 1.0000	</row3>
				</transform>
			</node>
			<node>
				<identifier>	HP_JD_2	</identifier>
				<transform>
					<row0>	1.0000 0.0000 0.0000 0.0000	</row0>
					<row1>	0.0000 1.0000 0.0000 0.0000	</row1>
					<row2>	0.0000 0.0000 1.0000 0.0000	</row2>
					<row3>	0.0000 1.9762 2.2509 1.0000	</row3>
				</transform>
			</node>
			<node>
				<identifier>	HP_JD_3	</identifier>
				<transform>
					<row0>	0.0000 0.0000 1.0000 0.0000	</row0>
					<row1>	0.0000 1.0000 0.0000 0.0000	</row1>
					<row2>	-1.0000 0.0000 0.0000 0.0000	</row2>
					<row3>	-0.4561 0.9644 2.2345 1.0000	</row3>
				</transform>
			</node>
			<node>
				<identifier>	HP_JD_4	</identifier>
				<transform>
					<row0>	0.0000 0.0000 -1.0000 0.0000	</row0>
					<row1>	0.0000 1.0000 0.0000 0.0000	</row1>
					<row2>	1.0000 0.0000 0.0000 0.0000	</row2>
					<row3>	0.4561 0.9644 2.2345 1.0000	</row3>
				</transform>
			</node>
			<node>
				<identifier>	HP_JD_5	</identifier>
				<transform>
					<row0>	0.3451 0.0000 0.9386 0.0000	</row0>
					<row1>	0.0000 1.0000 0.0000 0.0000	</row1>
					<row2>	-0.9386 0.0000 0.3451 0.0000	</row2>
					<row3>	-0.1554 1.9762 2.1735 1.0000	</row3>
				</transform>
			</node>
			<node>
				<identifier>	HP_JD_6	</identifier>
				<transform>
					<row0>	0.3451 0.0000 -0.9386 0.0000	</row0>
					<row1>	0.0000 1.0000 0.0000 0.0000	</row1>
					<row2>	0.9386 0.0000 0.3451 0.0000	</row2>
					<row3>	0.1554 1.9762 2.1735 1.0000	</row3>
				</transform>
			</node>
			<node>
				<identifier>	HP_JD_7	</identifier>
				<transform>
					<row0>	1.0000 0.0000 0.0000 0.0000	</row0>
					<row1>	0.0000 1.0000 0.0000 0.0000	</row1>
					<row2>	0.0000 0.0000 1.0000 0.0000	</row2>
					<row3>	0.0000 2.6477 2.0724 1.0000	</row3>
				</transform>
			</node>
			<node>
				<identifier>	HP_JD_8	</identifier>
				<transform>
					<row0>	-1.0000 0.0000 0.0000 0.0000	</row0>
					<row1>	0.0000 1.0000 0.0000 0.0000	</row1>
					<row2>	0.0000 0.0000 -1.0000 0.0000	</row2>
					<row3>	0.0000 1.9762 1.8880 1.0000	</row3>
				</transform>
			</node>
			<node>
				<identifier>	HP_JF_1	</identifier>
				<transform>
					<row0>	0.0000 0.0000 1.0000 0.0000	</row0>
					<row1>	0.0000 1.0000 0.0000 0.0000	</row1>
					<row2>	-1.0000 0.0000 0.0000 0.0000	</row2>
					<row3>	-0.2607 1.4656 2.3157 1.0000	</row3>
				</transform>
			</node>
			<node>
				<identifier>	HP_JF_2	</identifier>
				<transform>
					<row0>	0.0000 0.0000 -1.0000 0.0000	</row0>
					<row1>	0.0000 1.0000 0.0000 0.0000	</row1>
					<row2>	1.0000 0.0000 0.0000 0.0000	</row2>
					<row3>	0.2607 1.4656 2.3157 1.0000	</row3>
				</transform>
			</node>
			<node>
				<identifier>	HP_JF_3	</identifier>
				<transform>
					<row0>	1.0000 0.0000 0.0000 0.0000	</row0>
					<row1>	0.0000 1.0000 0.0000 0.0000	</row1>
					<row2>	0.0000 0.0000 1.0000 0.0000	</row2>
					<row3>	0.0000 2.1571 2.2927 1.0000	</row3>
				</transform>
			</node>
			<node>
				<identifier>	HP_JF_4	</identifier>
				<transform>
					<row0>	0.0000 0.0000 1.0000 0.0000	</row0>
					<row1>	0.0000 1.0000 0.0000 0.0000	</row1>
					<row2>	-1.0000 0.0000 0.0000 0.0000	</row2>
					<row3>	-0.4776 1.1263 1.6249 1.0000	</row3>
				</transform>
			</node>
			<node>
				<identifier>	HP_JF_5	</identifier>
				<transform>
					<row0>	0.0000 0.0000 -1.0000 0.0000	</row0>
					<row1>	0.0000 1.0000 0.0000 0.0000	</row1>
					<row2>	1.0000 0.0000 0.0000 0.0000	</row2>
					<row3>	0.4776 1.1263 1.6249 1.0000	</row3>
				</transform>
			</node>
			<node>
				<identifier>	HP_JGA_10	</identifier>
				<transform>
					<row0>	0.0000 0.0000 -1.0000 0.0000	</row0>
					<row1>	0.0000 1.0000 0.0000 0.0000	</row1>
					<row2>	1.0000 0.0000 0.0000 0.0000	</row2>
					<row3>	0.6297 0.5865 2.2740 1.0000	</row3>
				</transform>
			</node>
			<node>
				<identifier>	HP_JGA_5	</identifier>
				<transform>
					<row0>	0.0000 0.0000 1.0000 0.0000	</row0>
					<row1>	0.0000 1.0000 0.0000 0.0000	</row1>
					<row2>	-1.0000 0.0000 0.0000 0.0000	</row2>
					<row3>	-0.6294 0.5865 3.0426 1.0000	</row3>
				</transform>
			</node>
			<node>
				<identifier>	HP_JGA_6	</identifier>
				<transform>
					<row0>	0.0000 0.0000 -1.0000 0.0000	</row0>
					<row1>	0.0000 1.0000 0.0000 0.0000	</row1>
					<row2>	1.0000 0.0000 0.0000 0.0000	</row2>
					<row3>	0.6294 0.5865 3.0426 1.0000	</row3>
				</transform>
			</node>
			<node>
				<identifier>	HP_JGA_7	</identifier>
				<transform>
					<row0>	0.0000 0.0000 1.0000 0.0000	</row0>
					<row1>	0.0000 1.0000 0.0000 0.0000	</row1>
					<row2>	-1.0000 0.0000 0.0000 0.0000	</row2>
					<row3>	-0.3566 0.8967 2.4791 1.0000	</row3>
				</transform>
			</node>
			<node>
				<identifier>	HP_JGA_8	</identifier>
				<transform>
					<row0>	0.0000 0.0000 -1.0000 0.0000	</row0>
					<row1>	0.0000 1.0000 0.0000 0.0000	</row1>
					<row2>	1.0000 0.0000 0.0000 0.0000	</row2>
					<row3>	0.3566 0.8967 2.4791 1.0000	</row3>
				</transform>
			</node>
			<node>
				<identifier>	HP_JGA_9	</identifier>
				<transform>
					<row0>	0.0000 0.0000 1.0000 0.0000	</row0>
					<row1>	0.0000 1.0000 0.0000 0.0000	</row1>
					<row2>	-1.0000 0.0000 0.0000 0.0000	</row2>
					<row3>	-0.6297 0.5865 2.2740 1.0000	</row3>
				</transform>
			</node>
			<node>
				<identifier>	HP_JGM_1	</identifier>
				<transform>
					<row0>	1.0000 0.0000 0.0000 0.0000	</row0>
					<row1>	0.0000 1.0000 0.0000 0.0000	</row1>
					<row2>	0.0000 0.0000 1.0000 0.0000	</row2>
					<row3>	0.0000 0.4956 4.6737 1.0000	</row3>
				</transform>
			</node>
			<node>
				<identifier>	HP_JGM_2	</identifier>
				<transform>
					<row0>	1.0000 0.0000 0.0000 0.0000	</row0>
					<row1>	0.0000 1.0000 0.0000 0.0000	</row1>
					<row2>	0.0000 0.0000 1.0000 0.0000	</row2>
					<row3>	0.0000 0.7510 3.4464 1.0000	</row3>
				</transform>
			</node>
			<node>
				<identifier>	HP_JGS_1	</identifier>
				<transform>
					<row0>	1.0000 0.0000 0.0000 0.0000	</row0>
					<row1>	0.0000 1.0000 0.0000 0.0000	</row1>
					<row2>	0.0000 0.0000 1.0000 0.0000	</row2>
					<row3>	-0.8213 0.3667 1.8699 1.0000	</row3>
				</transform>
			</node>
			<node>
				<identifier>	HP_JGS_2	</identifier>
				<transform>
					<row0>	1.0000 0.0000 0.0000 0.0000	</row0>
					<row1>	0.0000 1.0000 0.0000 0.0000	</row1>
					<row2>	0.0000 0.0000 1.0000 0.0000	</row2>
					<row3>	0.8213 0.3667 1.8699 1.0000	</row3>
				</transform>
			</node>
			<node>
				<identifier>	HP_JGS_3	</identifier>
				<transform>
					<row0>	0.0000 0.0000 1.0000 0.0000	</row0>
					<row1>	0.0000 1.0000 0.0000 0.0000	</row1>
					<row2>	-1.0000 0.0000 0.0000 0.0000	</row2>
					<row3>	-0.8211 0.5369 1.3006 1.0000	</row3>
				</transform>
			</node>
			<node>
				<identifier>	HP_JGS_4	</identifier>
				<transform>
					<row0>	0.0000 0.0000 -1.0000 0.0000	</row0>
					<row1>	0.0000 1.0000 0.0000 0.0000	</row1>
					<row2>	1.0000 0.0000 0.0000 0.0000	</row2>
					<row3>	0.8211 0.5369 1.3006 1.0000	</row3>
				</transform>
			</node>
			<node>
				<identifier>	HP_JRS_1	</identifier>
				<transform>
					<row0>	0.0000 -0.5000 -0.8660 0.0000	</row0>
					<row1>	0.0000 0.8660 -0.5000 0.0000	</row1>
					<row2>	1.0000 0.0000 0.0000 0.0000	</row2>
					<row3>	0.1143 2.4990 2.1152 1.0000	</row3>
				</transform>
			</node>
			<node>
				<identifier>	HP_JRS_2	</identifier>
				<transform>
					<row0>	1.0000 0.0000 0.0000 0.0000	</row0>
					<row1>	0.0000 1.0000 0.0000 0.0000	</row1>
					<row2>	0.0000 0.0000 1.0000 0.0000	</row2>
					<row3>	-0.3314 2.1581 2.1045 1.0000	</row3>
				</transform>
			</node>
			<node>
				<identifier>	HP_JRS_3	</identifier>
				<transform>
					<row0>	1.0000 0.0000 0.0000 0.0000	</row0>
					<row1>	0.0000 1.0000 0.0000 0.0000	</row1>
					<row2>	0.0000 0.0000 1.0000 0.0000	</row2>
					<row3>	0.3314 2.1581 2.1045 1.0000	</row3>
				</transform>
			</node>
			<node>
				<identifier>	HP_JRS_4	</identifier>
				<transform>
					<row0>	0.0000 -0.5000 0.8660 0.0000	</row0>
					<row1>	0.0000 0.8660 0.5000 0.0000	</row1>
					<row2>	-1.0000 0.0000 0.0000 0.0000	</row2>
					<row3>	-0.1143 2.4990 2.0689 1.0000	</row3>
				</transform>
			</node>
			<node>
				<identifier>	HP_JRS_5	</identifier>
				<transform>
					<row0>	1.0000 0.0000 0.0000 0.0000	</row0>
					<row1>	0.0000 1.0000 0.0000 0.0000	</row1>
					<row2>	0.0000 0.0000 1.0000 0.0000	</row2>
					<row3>	0.0000 2.8331 1.8162 1.0000	</row3>
				</transform>
			</node>
			<node>
				<identifier>	HP_Ship_death_2	</identifier>
				<transform>
					<row0>	1.0000 0.0000 0.0000 0.0000	</row0>
					<row1>	0.0000 1.0000 0.0000 0.0000	</row1>
					<row2>	0.0000 0.0000 1.0000 0.0000	</row2>
					<row3>	0.0000 0.0000 1.2459 1.0000	</row3>
				</transform>
			</node>
			<node>
				<identifier>	HP_flag_1	</identifier>
				<transform>
					<row0>	0.9083 -0.4105 -0.0803 0.0000	</row0>
					<row1>	0.4105 0.8380 0.3595 0.0000	</row1>
					<row2>	-0.0803 -0.3595 0.9297 0.0000	</row2>
					<row3>	0.7282 2.1342 2.0674 1.0000	</row3>
				</transform>
			</node>
			<node>
				<identifier>	HP_flag_2	</identifier>
				<transform>
					<row0>	0.9083 0.4105 0.0803 0.0000	</row0>
					<row1>	-0.4105 0.8380 0.3595 0.0000	</row1>
					<row2>	0.0803 -0.3595 0.9297 0.0000	</row2>
					<row3>	-0.7293 2.1338 2.0674 1.0000	</row3>
				</transform>
			</node>
			<node>
				<identifier>	HP_flag_3	</identifier>
				<transform>
					<row0>	0.9322 -0.3548 -0.0709 0.0000	</row0>
					<row1>	0.3548 0.8580 0.3713 0.0000	</row1>
					<row2>	-0.0709 -0.3713 0.9258 0.0000	</row2>
					<row3>	0.5752 2.1226 2.0673 1.0000	</row3>
				</transform>
			</node>
			<node>
				<identifier>	HP_flag_4	</identifier>
				<transform>
					<row0>	0.9322 0.3548 0.0709 0.0000	</row0>
					<row1>	-0.3548 0.8580 0.3713 0.0000	</row1>
					<row2>	0.0709 -0.3713 0.9258 0.0000	</row2>
					<row3>	-0.5752 2.1226 2.0673 1.0000	</row3>
				</transform>
			</node>
			<node>
				<identifier>	HP_flag_courtesy	</identifier>
				<transform>
					<row0>	0.8984 -0.4312 -0.0831 0.0000	</row0>
					<row1>	0.4312 0.8304 0.3529 0.0000	</row1>
					<row2>	-0.0831 -0.3529 0.9320 0.0000	</row2>
					<row3>	0.8076 2.1437 2.0674 1.0000	</row3>
				</transform>
			</node>
			<node>
				<identifier>	HP_flag_house	</identifier>
				<transform>
					<row0>	0.8984 0.4312 0.0831 0.0000	</row0>
					<row1>	-0.4312 0.8304 0.3529 0.0000	</row1>
					<row2>	0.0831 -0.3529 0.9320 0.0000	</row2>
					<row3>	-0.8076 2.1437 2.0674 1.0000	</row3>
				</transform>
			</node>
			<node>
				<identifier>	HP_flag_rank	</identifier>
				<transform>
					<row0>	1.0000 -0.0002 0.0000 0.0000	</row0>
					<row1>	0.0002 0.9953 -0.0963 0.0000	</row1>
					<row2>	0.0000 0.0963 0.9953 0.0000	</row2>
					<row3>	0.0002 2.6930 1.7146 1.0000	</row3>
				</transform>
			</node>
			<node>
				<identifier>	MP_CM012_Fire_Hose_Rack_1	</identifier>
				<transform>
					<row0>	1.0000 0.0000 0.0000 0.0000	</row0>
					<row1>	0.0000 1.0000 0.0000 0.0000	</row1>
					<row2>	0.0000 0.0000 1.0000 0.0000	</row2>
					<row3>	0.2846 0.7882 1.6199 1.0000	</row3>
				</transform>
			</node>
			<node>
				<identifier>	MP_CM012_Fire_Hose_Rack_1_INDEX_1	</identifier>
				<transform>
					<row0>	-0.8652 0.0000 0.5014 0.0000	</row0>
					<row1>	0.0000 1.0000 0.0000 0.0000	</row1>
					<row2>	-0.5014 0.0000 -0.8652 0.0000	</row2>
					<row3>	0.1902 0.9602 1.8479 1.0000	</row3>
				</transform>
			</node>
			<node>
				<identifier>	MP_CM012_Fire_Hose_Rack_1_INDEX_2	</identifier>
				<transform>
					<row0>	0.8652 0.0000 0.5014 0.0000	</row0>
					<row1>	0.0000 1.0000 0.0000 0.0000	</row1>
					<row2>	-0.5014 0.0000 0.8652 0.0000	</row2>
					<row3>	-0.1902 0.9602 1.8479 1.0000	</row3>
				</transform>
			</node>
			<node>
				<identifier>	MP_CM012_Fire_Hose_Rack_1_INDEX_3	</identifier>
				<transform>
					<row0>	1.0000 0.0000 0.0000 0.0000	</row0>
					<row1>	0.0000 1.0000 0.0000 0.0000	</row1>
					<row2>	0.0000 0.0000 1.0000 0.0000	</row2>
					<row3>	-0.4264 0.6013 2.1877 1.0000	</row3>
				</transform>
			</node>
			<node>
				<identifier>	MP_CM012_Fire_Hose_Rack_1_INDEX_4	</identifier>
				<transform>
					<row0>	-1.0000 0.0000 0.0000 0.0000	</row0>
					<row1>	0.0000 1.0000 0.0000 0.0000	</row1>
					<row2>	0.0000 0.0000 -1.0000 0.0000	</row2>
					<row3>	-0.2846 0.7882 1.6199 1.0000	</row3>
				</transform>
			</node>
			<node>
				<identifier>	MP_CM012_Fire_Hose_Rack_1_INDEX_5	</identifier>
				<transform>
					<row0>	0.8647 0.0000 -0.5022 0.0000	</row0>
					<row1>	0.0000 1.0000 0.0000 0.0000	</row1>
					<row2>	0.5022 0.0000 0.8647 0.0000	</row2>
					<row3>	-0.1838 0.9602 2.3078 1.0000	</row3>
				</transform>
			</node>
			<node>
				<identifier>	MP_CM012_Fire_Hose_Rack_1_INDEX_6	</identifier>
				<transform>
					<row0>	-1.0000 0.0000 0.0000 0.0000	</row0>
					<row1>	0.0000 1.0000 0.0000 0.0000	</row1>
					<row2>	0.0000 0.0000 -1.0000 0.0000	</row2>
					<row3>	0.4264 0.6013 2.1877 1.0000	</row3>
				</transform>
			</node>
			<node>
				<identifier>	MP_CM012_Fire_Hose_Rack_1_INDEX_7	</identifier>
				<transform>
					<row0>	-0.8647 0.0000 -0.5022 0.0000	</row0>
					<row1>	0.0000 1.0000 0.0000 0.0000	</row1>
					<row2>	0.5022 0.0000 -0.8647 0.0000	</row2>
					<row3>	0.1838 0.9602 2.3078 1.0000	</row3>
				</transform>
			</node>
			<node>
				<identifier>	MP_CM013_Fire_Hose_Rack_2	</identifier>
				<transform>
					<row0>	-0.8237 0.0000 -0.5670 0.0000	</row0>
					<row1>	0.0000 1.0000 0.0000 0.0000	</row1>
					<row2>	0.5670 0.0000 -0.8237 0.0000	</row2>
					<row3>	0.5729 0.4462 1.6911 1.0000	</row3>
				</transform>
			</node>
			<node>
				<identifier>	MP_CM013_Fire_Hose_Rack_2_INDEX_1	</identifier>
				<transform>
					<row0>	0.8237 0.0000 -0.5670 0.0000	</row0>
					<row1>	0.0000 1.0000 0.0000 0.0000	</row1>
					<row2>	0.5670 0.0000 0.8237 0.0000	</row2>
					<row3>	-0.5729 0.4462 1.6911 1.0000	</row3>
				</transform>
			</node>
			<node>
				<identifier>	MP_CM013_Fire_Hose_Rack_2_INDEX_2	</identifier>
				<transform>
					<row0>	-1.0000 0.0000 0.0000 0.0000	</row0>
					<row1>	0.0000 1.0000 0.0000 0.0000	</row1>
					<row2>	0.0000 0.0000 -1.0000 0.0000	</row2>
					<row3>	0.7624 0.4531 2.7582 1.0000	</row3>
				</transform>
			</node>
			<node>
				<identifier>	MP_CM013_Fire_Hose_Rack_2_INDEX_3	</identifier>
				<transform>
					<row0>	0.0000 0.0000 -1.0000 0.0000	</row0>
					<row1>	0.0000 1.0000 0.0000 0.0000	</row1>
					<row2>	1.0000 0.0000 0.0000 0.0000	</row2>
					<row3>	0.3310 0.4623 4.0212 1.0000	</row3>
				</transform>
			</node>
			<node>
				<identifier>	MP_CM013_Fire_Hose_Rack_2_INDEX_4	</identifier>
				<transform>
					<row0>	0.0000 0.0000 -1.0000 0.0000	</row0>
					<row1>	0.0000 1.0000 0.0000 0.0000	</row1>
					<row2>	1.0000 0.0000 0.0000 0.0000	</row2>
					<row3>	-0.3310 0.4623 4.0212 1.0000	</row3>
				</transform>
			</node>
			<node>
				<identifier>	MP_CM013_Fire_Hose_Rack_2_INDEX_5	</identifier>
				<transform>
					<row0>	1.0000 0.0000 0.0000 0.0000	</row0>
					<row1>	0.0000 1.0000 0.0000 0.0000	</row1>
					<row2>	0.0000 0.0000 1.0000 0.0000	</row2>
					<row3>	-0.7624 0.4531 2.7582 1.0000	</row3>
				</transform>
			</node>
			<node>
				<identifier>	MP_CM013_Fire_Hose_Rack_2_INDEX_6	</identifier>
				<transform>
					<row0>	0.4266 0.0000 0.9045 0.0000	</row0>
					<row1>	0.0000 1.0000 0.0000 0.0000	</row1>
					<row2>	-0.9045 0.0000 0.4266 0.0000	</row2>
					<row3>	0.2106 0.4950 5.5908 1.0000	</row3>
				</transform>
			</node>
			<node>
				<identifier>	MP_CM013_Fire_Hose_Rack_2_INDEX_7	</identifier>
				<transform>
					<row0>	-0.4271 0.0000 0.9042 0.0000	</row0>
					<row1>	0.0000 1.0000 0.0000 0.0000	</row1>
					<row2>	-0.9042 0.0000 -0.4271 0.0000	</row2>
					<row3>	-0.2106 0.4950 5.5908 1.0000	</row3>
				</transform>
			</node>
			<node>
				<identifier>	MP_CM014_Fuel_Oil_Hose	</identifier>
				<transform>
					<row0>	-0.8660 0.0000 -0.5000 0.0000	</row0>
					<row1>	0.0000 1.0000 0.0000 0.0000	</row1>
					<row2>	0.5000 0.0000 -0.8660 0.0000	</row2>
					<row3>	0.6755 0.4309 3.2320 1.0000	</row3>
				</transform>
			</node>
			<node>
				<identifier>	MP_CM014_Fuel_Oil_Hose_INDEX_1	</identifier>
				<transform>
					<row0>	-0.8660 0.0000 -0.5000 0.0000	</row0>
					<row1>	0.0000 1.0000 0.0000 0.0000	</row1>
					<row2>	0.5000 0.0000 -0.8660 0.0000	</row2>
					<row3>	0.6755 0.4881 3.2320 1.0000	</row3>
				</transform>
			</node>
			<node>
				<identifier>	MP_CM014_Fuel_Oil_Hose_INDEX_2	</identifier>
				<transform>
					<row0>	-0.8660 0.0000 -0.5000 0.0000	</row0>
					<row1>	0.0000 1.0000 0.0000 0.0000	</row1>
					<row2>	0.5000 0.0000 -0.8660 0.0000	</row2>
					<row3>	0.6755 0.4595 3.2320 1.0000	</row3>
				</transform>
			</node>
			<node>
				<identifier>	MP_CM014_Fuel_Oil_Hose_INDEX_3	</identifier>
				<transform>
					<row0>	0.8660 0.0000 -0.5000 0.0000	</row0>
					<row1>	0.0000 1.0000 0.0000 0.0000	</row1>
					<row2>	0.5000 0.0000 0.8660 0.0000	</row2>
					<row3>	-0.6755 0.4309 3.2320 1.0000	</row3>
				</transform>
			</node>
			<node>
				<identifier>	MP_CM014_Fuel_Oil_Hose_INDEX_4	</identifier>
				<transform>
					<row0>	0.8660 0.0000 -0.5000 0.0000	</row0>
					<row1>	0.0000 1.0000 0.0000 0.0000	</row1>
					<row2>	0.5000 0.0000 0.8660 0.0000	</row2>
					<row3>	-0.6755 0.4595 3.2320 1.0000	</row3>
				</transform>
			</node>
			<node>
				<identifier>	MP_CM014_Fuel_Oil_Hose_INDEX_5	</identifier>
				<transform>
					<row0>	0.8660 0.0000 -0.5000 0.0000	</row0>
					<row1>	0.0000 1.0000 0.0000 0.0000	</row1>
					<row2>	0.5000 0.0000 0.8660 0.0000	</row2>
					<row3>	-0.6755 0.4881 3.2320 1.0000	</row3>
				</transform>
			</node>
			<node>
				<identifier>	MP_CM029_Emergency_Box	</identifier>
				<transform>
					<row0>	0.0000 0.0000 -1.0000 0.0000	</row0>
					<row1>	0.0000 1.0000 0.0000 0.0000	</row1>
					<row2>	1.0000 0.0000 0.0000 0.0000	</row2>
					<row3>	-0.7688 0.4608 2.3386 1.0000	</row3>
				</transform>
			</node>
			<node>
				<identifier>	MP_CM029_Emergency_Box_INDEX_1	</identifier>
				<transform>
					<row0>	0.0000 0.0000 -1.0000 0.0000	</row0>
					<row1>	0.0000 1.0000 0.0000 0.0000	</row1>
					<row2>	1.0000 0.0000 0.0000 0.0000	</row2>
					<row3>	-0.1680 1.3069 2.2523 1.0000	</row3>
				</transform>
			</node>
			<node>
				<identifier>	MP_CM029_Emergency_Box_INDEX_10	</identifier>
				<transform>
					<row0>	-1.0000 0.0000 0.0000 0.0000	</row0>
					<row1>	0.0000 1.0000 0.0000 0.0000	</row1>
					<row2>	0.0000 0.0000 -1.0000 0.0000	</row2>
					<row3>	0.0000 1.8410 2.1163 1.0000	</row3>
				</transform>
			</node>
			<node>
				<identifier>	MP_CM029_Emergency_Box_INDEX_11	</identifier>
				<transform>
					<row0>	-0.4929 0.0000 -0.8701 0.0000	</row0>
					<row1>	0.0000 1.0000 0.0000 0.0000	</row1>
					<row2>	0.8701 0.0000 -0.4929 0.0000	</row2>
					<row3>	-0.3993 0.6194 2.5020 1.0000	</row3>
				</transform>
			</node>
			<node>
				<identifier>	MP_CM029_Emergency_Box_INDEX_2	</identifier>
				<transform>
					<row0>	-0.5006 0.0000 -0.8657 0.0000	</row0>
					<row1>	0.0000 1.0000 0.0000 0.0000	</row1>
					<row2>	0.8657 0.0000 -0.5006 0.0000	</row2>
					<row3>	-0.2331 0.9738 2.2352 1.0000	</row3>
				</transform>
			</node>
			<node>
				<identifier>	MP_CM029_Emergency_Box_INDEX_3	</identifier>
				<transform>
					<row0>	0.0000 0.0000 1.0000 0.0000	</row0>
					<row1>	0.0000 1.0000 0.0000 0.0000	</row1>
					<row2>	-1.0000 0.0000 0.0000 0.0000	</row2>
					<row3>	0.1680 1.3069 2.2523 1.0000	</row3>
				</transform>
			</node>
			<node>
				<identifier>	MP_CM029_Emergency_Box_INDEX_4	</identifier>
				<transform>
					<row0>	-0.5006 0.0000 0.8657 0.0000	</row0>
					<row1>	0.0000 1.0000 0.0000 0.0000	</row1>
					<row2>	-0.8657 0.0000 -0.5006 0.0000	</row2>
					<row3>	0.2331 0.9738 2.2352 1.0000	</row3>
				</transform>
			</node>
			<node>
				<identifier>	MP_CM029_Emergency_Box_INDEX_5	</identifier>
				<transform>
					<row0>	0.0000 0.0000 1.0000 0.0000	</row0>
					<row1>	0.0000 1.0000 0.0000 0.0000	</row1>
					<row2>	-1.0000 0.0000 0.0000 0.0000	</row2>
					<row3>	0.1676 1.1461 2.2428 1.0000	</row3>
				</transform>
			</node>
			<node>
				<identifier>	MP_CM029_Emergency_Box_INDEX_6	</identifier>
				<transform>
					<row0>	0.4177 0.0000 0.9086 0.0000	</row0>
					<row1>	0.0000 1.0000 0.0000 0.0000	</row1>
					<row2>	-0.9086 0.0000 0.4177 0.0000	</row2>
					<row3>	-0.1959 2.4253 2.0311 1.0000	</row3>
				</transform>
			</node>
			<node>
				<identifier>	MP_CM029_Emergency_Box_INDEX_7	</identifier>
				<transform>
					<row0>	0.0000 0.0000 -1.0000 0.0000	</row0>
					<row1>	0.0000 1.0000 0.0000 0.0000	</row1>
					<row2>	1.0000 0.0000 0.0000 0.0000	</row2>
					<row3>	-0.1676 1.1461 2.2428 1.0000	</row3>
				</transform>
			</node>
			<node>
				<identifier>	MP_CM029_Emergency_Box_INDEX_8	</identifier>
				<transform>
					<row0>	0.0000 0.0000 1.0000 0.0000	</row0>
					<row1>	0.0000 1.0000 0.0000 0.0000	</row1>
					<row2>	-1.0000 0.0000 0.0000 0.0000	</row2>
					<row3>	0.7688 0.4608 2.3386 1.0000	</row3>
				</transform>
			</node>
			<node>
				<identifier>	MP_CM029_Emergency_Box_INDEX_9	</identifier>
				<transform>
					<row0>	-0.4929 0.0000 0.8701 0.0000	</row0>
					<row1>	0.0000 1.0000 0.0000 0.0000	</row1>
					<row2>	-0.8701 0.0000 -0.4929 0.0000	</row2>
					<row3>	0.3993 0.6194 2.5020 1.0000	</row3>
				</transform>
			</node>
			<node>
				<identifier>	MP_CM056_Ships_bell	</identifier>
				<transform>
					<row0>	1.0000 0.0000 0.0000 0.0000	</row0>
					<row1>	0.0000 1.0000 0.0000 0.0000	</row1>
					<row2>	0.0000 0.0000 1.0000 0.0000	</row2>
					<row3>	0.0569 0.8809 1.4777 1.0000	</row3>
				</transform>
			</node>
			<node>
				<identifier>	MP_CM059_Ladder_Cruiser	</identifier>
				<transform>
					<row0>	0.9991 -0.0417 0.0000 0.0000	</row0>
					<row1>	0.0417 0.9988 -0.0275 0.0000	</row1>
					<row2>	0.0012 0.0275 0.9996 0.0000	</row2>
					<row3>	0.8438 0.3908 3.6632 1.0000	</row3>
				</transform>
			</node>
			<node>
				<identifier>	MP_CM059_Ladder_Cruiser_INDEX_1	</identifier>
				<transform>
					<row0>	0.9991 0.0417 0.0000 0.0000	</row0>
					<row1>	-0.0417 0.9987 -0.0279 0.0000	</row1>
					<row2>	-0.0012 0.0278 0.9996 0.0000	</row2>
					<row3>	-0.8437 0.3906 3.6632 1.0000	</row3>
				</transform>
			</node>
			<node>
				<identifier>	MP_CM093_Rope	</identifier>
				<transform>
					<row0>	-0.0437 0.0000 -0.7774 0.0000	</row0>
					<row1>	0.0000 0.7787 0.0000 0.0000	</row1>
					<row2>	0.7774 0.0000 -0.0437 0.0000	</row2>
					<row3>	0.0000 1.4736 1.8344 1.0000	</row3>
				</transform>
			</node>
			<node>
				<identifier>	MP_CM093_Rope_INDEX_1	</identifier>
				<transform>
					<row0>	0.0595 0.0000 0.5553 0.0000	</row0>
					<row1>	0.0000 0.5585 0.0000 0.0000	</row1>
					<row2>	-0.5553 0.0000 0.0595 0.0000	</row2>
					<row3>	0.1163 1.0100 1.5870 1.0000	</row3>
				</transform>
			</node>
			<node>
				<identifier>	MP_CM093_Rope_INDEX_2	</identifier>
				<transform>
					<row0>	-0.0870 0.0048 -0.6191 0.0000	</row0>
					<row1>	-0.0085 0.6251 0.0061 0.0000	</row1>
					<row2>	0.6190 0.0093 -0.0869 0.0000	</row2>
					<row3>	-0.1785 1.0101 1.5864 1.0000	</row3>
				</transform>
			</node>
			<node>
				<identifier>	MP_CM093_Rope_INDEX_3	</identifier>
				<transform>
					<row0>	-0.0569 0.0000 -0.7376 0.0000	</row0>
					<row1>	0.0000 0.7398 0.0000 0.0000	</row1>
					<row2>	0.7376 0.0000 -0.0569 0.0000	</row2>
					<row3>	0.1493 1.0099 1.5863 1.0000	</row3>
				</transform>
			</node>
			<node>
				<identifier>	MP_CM093_Rope_INDEX_4	</identifier>
				<transform>
					<row0>	0.0565 0.0023 0.5187 0.0000	</row0>
					<row1>	-0.0213 0.5214 0.0000 0.0000	</row1>
					<row2>	-0.5183 -0.0211 0.0566 0.0000	</row2>
					<row3>	0.2212 1.0098 1.5869 1.0000	</row3>
				</transform>
			</node>
			<node>
				<identifier>	MP_CM093_Rope_INDEX_5	</identifier>
				<transform>
					<row0>	0.0374 0.0000 0.7388 0.0000	</row0>
					<row1>	0.0000 0.7398 0.0000 0.0000	</row1>
					<row2>	-0.7388 0.0000 0.0374 0.0000	</row2>
					<row3>	-0.1493 1.0098 1.5871 1.0000	</row3>
				</transform>
			</node>
			<node>
				<identifier>	MP_CM093_Rope_INDEX_6	</identifier>
				<transform>
					<row0>	-0.0260 -0.0023 -0.5212 0.0000	</row0>
					<row1>	0.0210 0.5214 -0.0034 0.0000	</row1>
					<row2>	0.5207 -0.0211 -0.0259 0.0000	</row2>
					<row3>	-0.2212 1.0101 1.5864 1.0000	</row3>
				</transform>
			</node>
			<node>
				<identifier>	MP_CM093_Rope_INDEX_7	</identifier>
				<transform>
					<row0>	0.0488 0.0000 0.6233 0.0000	</row0>
					<row1>	0.0000 0.6252 0.0000 0.0000	</row1>
					<row2>	-0.6233 0.0000 0.0488 0.0000	</row2>
					<row3>	0.1785 1.0101 1.5870 1.0000	</row3>
				</transform>
			</node>
			<node>
				<identifier>	MP_CM093_Rope_INDEX_8	</identifier>
				<transform>
					<row0>	-0.0605 0.0000 -0.5552 0.0000	</row0>
					<row1>	0.0000 0.5585 0.0000 0.0000	</row1>
					<row2>	0.5552 0.0000 -0.0605 0.0000	</row2>
					<row3>	-0.1163 1.0101 1.5866 1.0000	</row3>
				</transform>
			</node>
			<node>
				<identifier>	MP_CM112_Fire_Extinguisher	</identifier>
				<transform>
					<row0>	0.2716 0.0000 -0.9624 0.0000	</row0>
					<row1>	0.0000 1.0000 0.0000 0.0000	</row1>
					<row2>	0.9624 0.0000 0.2716 0.0000	</row2>
					<row3>	-0.0157 1.8032 2.1148 1.0000	</row3>
				</transform>
			</node>
			<node>
				<identifier>	MP_CM112_Fire_Extinguisher_INDEX_1	</identifier>
				<transform>
					<row0>	0.2716 0.0000 -0.9624 0.0000	</row0>
					<row1>	0.0000 1.0000 0.0000 0.0000	</row1>
					<row2>	0.9624 0.0000 0.2716 0.0000	</row2>
					<row3>	-0.0152 2.0435 2.1155 1.0000	</row3>
				</transform>
			</node>
			<node>
				<identifier>	MP_CM112_Fire_Extinguisher_INDEX_2	</identifier>
				<transform>
					<row0>	0.0000 0.0000 -1.0000 0.0000	</row0>
					<row1>	0.0000 1.0000 0.0000 0.0000	</row1>
					<row2>	1.0000 0.0000 0.0000 0.0000	</row2>
					<row3>	0.0627 1.1147 2.3544 1.0000	</row3>
				</transform>
			</node>
			<node>
				<identifier>	MP_CM112_Fire_Extinguisher_INDEX_3	</identifier>
				<transform>
					<row0>	-1.0000 0.0000 0.0000 0.0000	</row0>
					<row1>	0.0000 1.0000 0.0000 0.0000	</row1>
					<row2>	0.0000 0.0000 -1.0000 0.0000	</row2>
					<row3>	-0.1524 1.2764 2.3872 1.0000	</row3>
				</transform>
			</node>
			<node>
				<identifier>	MP_CM112_Fire_Extinguisher_INDEX_4	</identifier>
				<transform>
					<row0>	-1.0000 0.0000 0.0000 0.0000	</row0>
					<row1>	0.0000 1.0000 0.0000 0.0000	</row1>
					<row2>	0.0000 0.0000 -1.0000 0.0000	</row2>
					<row3>	0.0482 1.4499 2.2510 1.0000	</row3>
				</transform>
			</node>
			<node>
				<identifier>	MP_CM112_Fire_Extinguisher_INDEX_5	</identifier>
				<transform>
					<row0>	-0.0001 0.0000 1.0000 0.0000	</row0>
					<row1>	0.0000 1.0000 0.0000 0.0000	</row1>
					<row2>	-1.0000 0.0000 -0.0001 0.0000	</row2>
					<row3>	-0.0582 2.4447 1.9035 1.0000	</row3>
				</transform>
			</node>
			<node>
				<identifier>	MP_CM112_Fire_Extinguisher_INDEX_6	</identifier>
				<transform>
					<row0>	-1.0000 0.0000 0.0000 0.0000	</row0>
					<row1>	0.0000 1.0000 0.0000 0.0000	</row1>
					<row2>	0.0000 0.0000 -1.0000 0.0000	</row2>
					<row3>	-0.0480 1.4499 2.1676 1.0000	</row3>
				</transform>
			</node>
			<node>
				<identifier>	MP_CM742_Fire_Fighting_Gear_HW19	</identifier>
				<transform>
					<row0>	1.0000 0.0000 0.0000 0.0000	</row0>
					<row1>	0.0000 1.0000 0.0000 0.0000	</row1>
					<row2>	0.0000 0.0000 1.0000 0.0000	</row2>
					<row3>	-0.4033 0.4418 4.5810 1.0000	</row3>
				</transform>
			</node>
			<node>
				<identifier>	MP_CM742_Fire_Fighting_Gear_HW19_INDEX_1	</identifier>
				<transform>
					<row0>	0.0000 0.0000 -1.0000 0.0000	</row0>
					<row1>	0.0000 1.0000 0.0000 0.0000	</row1>
					<row2>	1.0000 0.0000 0.0000 0.0000	</row2>
					<row3>	-0.1881 0.9004 1.8161 1.0000	</row3>
				</transform>
			</node>
			<node>
				<identifier>	MP_CM742_Fire_Fighting_Gear_HW19_INDEX_10	</identifier>
				<transform>
					<row0>	0.0000 0.0000 1.0000 0.0000	</row0>
					<row1>	0.0000 1.0000 0.0000 0.0000	</row1>
					<row2>	-1.0000 0.0000 0.0000 0.0000	</row2>
					<row3>	0.5965 0.3737 1.6757 1.0000	</row3>
				</transform>
			</node>
			<node>
				<identifier>	MP_CM742_Fire_Fighting_Gear_HW19_INDEX_11	</identifier>
				<transform>
					<row0>	0.0000 0.0000 -1.0000 0.0000	</row0>
					<row1>	0.0000 1.0000 0.0000 0.0000	</row1>
					<row2>	1.0000 0.0000 0.0000 0.0000	</row2>
					<row3>	-0.4358 0.5333 2.1640 1.0000	</row3>
				</transform>
			</node>
			<node>
				<identifier>	MP_CM742_Fire_Fighting_Gear_HW19_INDEX_12	</identifier>
				<transform>
					<row0>	0.0000 0.0000 -1.0000 0.0000	</row0>
					<row1>	0.0000 1.0000 0.0000 0.0000	</row1>
					<row2>	1.0000 0.0000 0.0000 0.0000	</row2>
					<row3>	-0.5965 0.3737 1.6757 1.0000	</row3>
				</transform>
			</node>
			<node>
				<identifier>	MP_CM742_Fire_Fighting_Gear_HW19_INDEX_13	</identifier>
				<transform>
					<row0>	0.0000 0.0000 1.0000 0.0000	</row0>
					<row1>	0.0000 1.0000 0.0000 0.0000	</row1>
					<row2>	-1.0000 0.0000 0.0000 0.0000	</row2>
					<row3>	0.1516 0.5344 1.5112 1.0000	</row3>
				</transform>
			</node>
			<node>
				<identifier>	MP_CM742_Fire_Fighting_Gear_HW19_INDEX_14	</identifier>
				<transform>
					<row0>	0.0000 0.0000 -1.0000 0.0000	</row0>
					<row1>	0.0000 1.0000 0.0000 0.0000	</row1>
					<row2>	1.0000 0.0000 0.0000 0.0000	</row2>
					<row3>	-0.1516 0.5344 1.5112 1.0000	</row3>
				</transform>
			</node>
			<node>
				<identifier>	MP_CM742_Fire_Fighting_Gear_HW19_INDEX_15	</identifier>
				<transform>
					<row0>	1.0000 0.0000 0.0000 0.0000	</row0>
					<row1>	0.0000 1.0000 0.0000 0.0000	</row1>
					<row2>	0.0000 0.0000 1.0000 0.0000	</row2>
					<row3>	-0.0942 0.4709 5.6289 1.0000	</row3>
				</transform>
			</node>
			<node>
				<identifier>	MP_CM742_Fire_Fighting_Gear_HW19_INDEX_16	</identifier>
				<transform>
					<row0>	1.0000 0.0000 0.0000 0.0000	</row0>
					<row1>	0.0000 1.0000 0.0000 0.0000	</row1>
					<row2>	0.0000 0.0000 1.0000 0.0000	</row2>
					<row3>	0.4033 0.4418 4.5810 1.0000	</row3>
				</transform>
			</node>
			<node>
				<identifier>	MP_CM742_Fire_Fighting_Gear_HW19_INDEX_17	</identifier>
				<transform>
					<row0>	1.0000 0.0000 0.0000 0.0000	</row0>
					<row1>	0.0000 1.0000 0.0000 0.0000	</row1>
					<row2>	0.0000 0.0000 1.0000 0.0000	</row2>
					<row3>	0.0942 0.4709 5.6289 1.0000	</row3>
				</transform>
			</node>
			<node>
				<identifier>	MP_CM742_Fire_Fighting_Gear_HW19_INDEX_2	</identifier>
				<transform>
					<row0>	0.0000 0.0000 1.0000 0.0000	</row0>
					<row1>	0.0000 1.0000 0.0000 0.0000	</row1>
					<row2>	-1.0000 0.0000 0.0000 0.0000	</row2>
					<row3>	-0.2744 0.7198 1.6565 1.0000	</row3>
				</transform>
			</node>
			<node>
				<identifier>	MP_CM742_Fire_Fighting_Gear_HW19_INDEX_3	</identifier>
				<transform>
					<row0>	0.0000 0.0000 -1.0000 0.0000	</row0>
					<row1>	0.0000 1.0000 0.0000 0.0000	</row1>
					<row2>	1.0000 0.0000 0.0000 0.0000	</row2>
					<row3>	-0.1889 0.9004 2.3309 1.0000	</row3>
				</transform>
			</node>
			<node>
				<identifier>	MP_CM742_Fire_Fighting_Gear_HW19_INDEX_4	</identifier>
				<transform>
					<row0>	0.0000 0.0000 1.0000 0.0000	</row0>
					<row1>	0.0000 1.0000 0.0000 0.0000	</row1>
					<row2>	-1.0000 0.0000 0.0000 0.0000	</row2>
					<row3>	0.1889 0.9004 2.3309 1.0000	</row3>
				</transform>
			</node>
			<node>
				<identifier>	MP_CM742_Fire_Fighting_Gear_HW19_INDEX_5	</identifier>
				<transform>
					<row0>	0.0000 0.0000 -1.0000 0.0000	</row0>
					<row1>	0.0000 1.0000 0.0000 0.0000	</row1>
					<row2>	1.0000 0.0000 0.0000 0.0000	</row2>
					<row3>	0.2744 0.7198 1.6565 1.0000	</row3>
				</transform>
			</node>
			<node>
				<identifier>	MP_CM742_Fire_Fighting_Gear_HW19_INDEX_6	</identifier>
				<transform>
					<row0>	0.0000 0.0000 1.0000 0.0000	</row0>
					<row1>	0.0000 1.0000 0.0000 0.0000	</row1>
					<row2>	-1.0000 0.0000 0.0000 0.0000	</row2>
					<row3>	0.7730 0.3775 2.7321 1.0000	</row3>
				</transform>
			</node>
			<node>
				<identifier>	MP_CM742_Fire_Fighting_Gear_HW19_INDEX_7	</identifier>
				<transform>
					<row0>	0.0000 0.0000 1.0000 0.0000	</row0>
					<row1>	0.0000 1.0000 0.0000 0.0000	</row1>
					<row2>	-1.0000 0.0000 0.0000 0.0000	</row2>
					<row3>	0.1881 0.9004 1.8161 1.0000	</row3>
				</transform>
			</node>
			<node>
				<identifier>	MP_CM742_Fire_Fighting_Gear_HW19_INDEX_8	</identifier>
				<transform>
					<row0>	0.0000 0.0000 -1.0000 0.0000	</row0>
					<row1>	0.0000 1.0000 0.0000 0.0000	</row1>
					<row2>	1.0000 0.0000 0.0000 0.0000	</row2>
					<row3>	-0.7730 0.3775 2.7321 1.0000	</row3>
				</transform>
			</node>
			<node>
				<identifier>	MP_CM742_Fire_Fighting_Gear_HW19_INDEX_9	</identifier>
				<transform>
					<row0>	0.0000 0.0000 1.0000 0.0000	</row0>
					<row1>	0.0000 1.0000 0.0000 0.0000	</row1>
					<row2>	-1.0000 0.0000 0.0000 0.0000	</row2>
					<row3>	0.4358 0.5333 2.1640 1.0000	</row3>
				</transform>
			</node>
			<node>
				<identifier>	MP_JM011_Day_Light	</identifier>
				<transform>
					<row0>	1.0000 0.0000 0.0000 0.0000	</row0>
					<row1>	0.0000 1.0000 0.0000 0.0000	</row1>
					<row2>	0.0000 0.0000 1.0000 0.0000	</row2>
					<row3>	0.0000 3.2138 1.7147 1.0000	</row3>
				</transform>
			</node>
			<node>
				<identifier>	MP_JM011_Day_Light_INDEX_1	</identifier>
				<transform>
					<row0>	1.0000 0.0000 0.0000 0.0000	</row0>
					<row1>	0.0000 1.0000 0.0000 0.0000	</row1>
					<row2>	0.0000 0.0000 1.0000 0.0000	</row2>
					<row3>	-0.6428 2.1570 2.0500 1.0000	</row3>
				</transform>
			</node>
			<node>
				<identifier>	MP_JM011_Day_Light_INDEX_2	</identifier>
				<transform>
					<row0>	1.0000 0.0000 0.0000 0.0000	</row0>
					<row1>	0.0000 1.0000 0.0000 0.0000	</row1>
					<row2>	0.0000 0.0000 1.0000 0.0000	</row2>
					<row3>	0.6428 2.1570 2.0500 1.0000	</row3>
				</transform>
			</node>
			<node>
				<identifier>	MP_JM013_Reels_1	</identifier>
				<transform>
					<row0>	0.0000 0.0223 0.9998 0.0000	</row0>
					<row1>	0.0000 0.9998 -0.0223 0.0000	</row1>
					<row2>	-1.0000 0.0000 0.0000 0.0000	</row2>
					<row3>	0.1593 0.4638 5.7298 1.0000	</row3>
				</transform>
			</node>
			<node>
				<identifier>	MP_JM013_Reels_1_INDEX_1	</identifier>
				<transform>
					<row0>	0.0000 0.0244 0.9997 0.0000	</row0>
					<row1>	0.0000 0.9997 -0.0244 0.0000	</row1>
					<row2>	-1.0000 0.0000 0.0000 0.0000	</row2>
					<row3>	0.0000 0.4639 5.7298 1.0000	</row3>
				</transform>
			</node>
			<node>
				<identifier>	MP_JM013_Reels_1_INDEX_2	</identifier>
				<transform>
					<row0>	0.0000 0.0223 0.9998 0.0000	</row0>
					<row1>	0.0000 0.9998 -0.0223 0.0000	</row1>
					<row2>	-1.0000 0.0000 0.0000 0.0000	</row2>
					<row3>	-0.1593 0.4638 5.7298 1.0000	</row3>
				</transform>
			</node>
			<node>
				<identifier>	MP_JM014_Reels_2	</identifier>
				<transform>
					<row0>	0.0000 0.0000 1.0000 0.0000	</row0>
					<row1>	0.0000 1.0000 0.0000 0.0000	</row1>
					<row2>	-1.0000 0.0000 0.0000 0.0000	</row2>
					<row3>	-0.2203 0.5284 2.6840 1.0000	</row3>
				</transform>
			</node>
			<node>
				<identifier>	MP_JM014_Reels_2_INDEX_1	</identifier>
				<transform>
					<row0>	0.9025 -0.0428 -0.4286 0.0000	</row0>
					<row1>	0.0394 0.9991 -0.0166 0.0000	</row1>
					<row2>	0.4289 -0.0019 0.9034 0.0000	</row2>
					<row3>	0.5962 0.4461 5.3668 1.0000	</row3>
				</transform>
			</node>
			<node>
				<identifier>	MP_JM014_Reels_2_INDEX_2	</identifier>
				<transform>
					<row0>	0.9023 0.0483 0.4284 0.0000	</row0>
					<row1>	-0.0374 0.9987 -0.0337 0.0000	</row1>
					<row2>	-0.4295 0.0144 0.9029 0.0000	</row2>
					<row3>	-0.5240 0.4524 5.4914 1.0000	</row3>
				</transform>
			</node>
			<node>
				<identifier>	MP_JM014_Reels_2_INDEX_3	</identifier>
				<transform>
					<row0>	0.9026 -0.0398 -0.4286 0.0000	</row0>
					<row1>	0.0334 0.9992 -0.0224 0.0000	</row1>
					<row2>	0.4292 0.0059 0.9032 0.0000	</row2>
					<row3>	0.5240 0.4524 5.4914 1.0000	</row3>
				</transform>
			</node>
			<node>
				<identifier>	MP_JM014_Reels_2_INDEX_4	</identifier>
				<transform>
					<row0>	0.9021 0.0513 0.4284 0.0000	</row0>
					<row1>	-0.0435 0.9987 -0.0280 0.0000	</row1>
					<row2>	-0.4293 0.0066 0.9031 0.0000	</row2>
					<row3>	-0.5962 0.4461 5.3668 1.0000	</row3>
				</transform>
			</node>
			<node>
				<identifier>	MP_JM014_Reels_2_INDEX_5	</identifier>
				<transform>
					<row0>	0.9025 -0.0420 -0.4286 0.0000	</row0>
					<row1>	0.0361 0.9991 -0.0218 0.0000	</row1>
					<row2>	0.4291 0.0042 0.9032 0.0000	</row2>
					<row3>	0.5129 0.4505 5.4064 1.0000	</row3>
				</transform>
			</node>
			<node>
				<identifier>	MP_JM014_Reels_2_INDEX_6	</identifier>
				<transform>
					<row0>	0.9022 0.0505 0.4284 0.0000	</row0>
					<row1>	-0.0401 0.9986 -0.0332 0.0000	</row1>
					<row2>	-0.4295 0.0128 0.9030 0.0000	</row2>
					<row3>	-0.5129 0.4505 5.4064 1.0000	</row3>
				</transform>
			</node>
			<node>
