<JSD024_Wakatake_1923_MidFront_ports.visual>
	<node>
		<identifier>	Scene Root	</identifier>
		<transform>
			<row0>	1.0000 0.0000 0.0000 0.0000	</row0>
			<row1>	0.0000 1.0000 0.0000 0.0000	</row1>
			<row2>	0.0000 0.0000 1.0000 0.0000	</row2>
			<row3>	0.0000 0.0000 0.0000 1.0000	</row3>
		</transform>
		<node>
			<identifier>	MidFront_ports	</identifier>
			<transform>
				<row0>	1.0000 0.0000 0.0000 0.0000	</row0>
				<row1>	0.0000 1.0000 0.0000 0.0000	</row1>
				<row2>	0.0000 0.0000 1.0000 0.0000	</row2>
				<row3>	0.0000 0.0000 0.0000 1.0000	</row3>
			</transform>
			<node>
				<identifier>	HP_FX_Death_2	</identifier>
				<transform>
					<row0>	1.0000 0.0000 0.0000 0.0000	</row0>
					<row1>	0.0000 1.0000 0.0000 0.0000	</row1>
					<row2>	0.0000 0.0000 1.0000 0.0000	</row2>
					<row3>	0.0000 0.0000 -0.3636 1.0000	</row3>
				</transform>
			</node>
			<node>
				<identifier>	HP_FX_Fire_2	</identifier>
				<transform>
					<row0>	1.0000 0.0000 0.0000 0.0000	</row0>
					<row1>	0.0000 1.0000 0.0000 0.0000	</row1>
					<row2>	0.0000 0.0000 1.0000 0.0000	</row2>
					<row3>	0.0000 0.2196 0.9648 1.0000	</row3>
				</transform>
			</node>
			<node>
				<identifier>	HP_FX_Fire_2_side_1	</identifier>
				<transform>
					<row0>	1.0000 0.0000 0.0000 0.0000	</row0>
					<row1>	0.0000 1.0000 0.0000 0.0000	</row1>
					<row2>	0.0000 0.0000 1.0000 0.0000	</row2>
					<row3>	-0.1292 0.1850 1.5901 1.0000	</row3>
				</transform>
			</node>
			<node>
				<identifier>	HP_FX_Fire_2_side_2	</identifier>
				<transform>
					<row0>	1.0000 0.0000 0.0000 0.0000	</row0>
					<row1>	0.0000 1.0000 0.0000 0.0000	</row1>
					<row2>	0.0000 0.0000 1.0000 0.0000	</row2>
					<row3>	0.1791 0.3301 0.7043 1.0000	</row3>
				</transform>
			</node>
			<node>
				<identifier>	HP_FX_FloodLight_left_2	</identifier>
				<transform>
					<row0>	-1.0000 0.0000 0.0000 0.0000	</row0>
					<row1>	0.0000 1.0000 0.0000 0.0000	</row1>
					<row2>	0.0000 0.0000 -1.0000 0.0000	</row2>
					<row3>	-0.0630 0.4788 0.5547 1.0000	</row3>
				</transform>
			</node>
			<node>
				<identifier>	HP_FX_FloodLight_right_2	</identifier>
				<transform>
					<row0>	1.0000 0.0000 0.0000 0.0000	</row0>
					<row1>	0.0000 1.0000 0.0000 0.0000	</row1>
					<row2>	0.0000 0.0000 1.0000 0.0000	</row2>
					<row3>	0.0640 0.4808 0.5667 1.0000	</row3>
				</transform>
			</node>
			<node>
				<identifier>	HP_FX_Flood_steam_1	</identifier>
				<transform>
					<row0>	1.0000 0.0000 0.0000 0.0000	</row0>
					<row1>	0.0000 0.9925 -0.1220 0.0000	</row1>
					<row2>	0.0000 0.1220 0.9925 0.0000	</row2>
					<row3>	-0.0040 0.4968 0.4367 1.0000	</row3>
				</transform>
			</node>
			<node>
				<identifier>	HP_FX_Flood_steam_2	</identifier>
				<transform>
					<row0>	1.0000 0.0000 0.0000 0.0000	</row0>
					<row1>	0.0000 0.9951 -0.0986 0.0000	</row1>
					<row2>	0.0000 0.0986 0.9951 0.0000	</row2>
					<row3>	-0.0040 0.5878 -0.2896 1.0000	</row3>
				</transform>
			</node>
			<node>
				<identifier>	HP_FX_Flood_steam_left	</identifier>
				<transform>
					<row0>	-1.0000 0.0000 0.0000 0.0000	</row0>
					<row1>	0.0000 1.0000 0.0000 0.0000	</row1>
					<row2>	0.0000 0.0000 -1.0000 0.0000	</row2>
					<row3>	-0.2239 0.1339 1.5552 1.0000	</row3>
				</transform>
			</node>
			<node>
				<identifier>	HP_FX_Flood_water_left_2	</identifier>
				<transform>
					<row0>	-1.0000 0.0000 0.0000 0.0000	</row0>
					<row1>	0.0000 1.0000 0.0000 0.0000	</row1>
					<row2>	0.0000 0.0000 -1.0000 0.0000	</row2>
					<row3>	-0.2250 0.0942 1.1769 1.0000	</row3>
				</transform>
			</node>
			<node>
				<identifier>	HP_FX_Flood_water_right_2	</identifier>
				<transform>
					<row0>	1.0000 0.0000 0.0000 0.0000	</row0>
					<row1>	0.0000 1.0000 0.0000 0.0000	</row1>
					<row2>	0.0000 0.0000 1.0000 0.0000	</row2>
					<row3>	0.2249 0.0940 1.1771 1.0000	</row3>
				</transform>
			</node>
			<node>
				<identifier>	HP_FX_Smoke_1	</identifier>
				<transform>
					<row0>	1.0000 0.0000 0.0000 0.0000	</row0>
					<row1>	0.0000 0.9949 -0.1005 0.0000	</row1>
					<row2>	0.0000 0.1005 0.9949 0.0000	</row2>
					<row3>	0.0000 0.5996 0.5495 1.0000	</row3>
				</transform>
			</node>
			<node>
				<identifier>	HP_FX_Smoke_2	</identifier>
				<transform>
					<row0>	1.0000 0.0000 0.0000 0.0000	</row0>
					<row1>	0.0000 0.9989 -0.0472 0.0000	</row1>
					<row2>	0.0000 0.0472 0.9989 0.0000	</row2>
					<row3>	0.0000 0.5605 -0.2198 1.0000	</row3>
				</transform>
			</node>
			<node>
				<identifier>	HP_JD_1	</identifier>
				<transform>
					<row0>	0.8660 0.0000 0.5000 0.0000	</row0>
					<row1>	0.0000 1.0000 0.0000 0.0000	</row1>
					<row2>	-0.5000 0.0000 0.8660 0.0000	</row2>
					<row3>	-0.1289 0.4521 1.2112 1.0000	</row3>
				</transform>
			</node>
			<node>
				<identifier>	HP_JD_2	</identifier>
				<transform>
					<row0>	0.8660 0.0000 -0.5000 0.0000	</row0>
					<row1>	0.0000 1.0000 0.0000 0.0000	</row1>
					<row2>	0.5000 0.0000 0.8660 0.0000	</row2>
					<row3>	0.1289 0.4521 1.2112 1.0000	</row3>
				</transform>
			</node>
			<node>
				<identifier>	HP_JF_1	</identifier>
				<transform>
					<row0>	1.0000 0.0000 0.0000 0.0000	</row0>
					<row1>	0.0000 1.0000 0.0000 0.0000	</row1>
					<row2>	0.0000 0.0000 1.0000 0.0000	</row2>
					<row3>	0.0000 0.5815 1.1222 1.0000	</row3>
				</transform>
			</node>
			<node>
				<identifier>	HP_JF_2	</identifier>
				<transform>
					<row0>	1.0000 0.0000 0.0000 0.0000	</row0>
					<row1>	0.0000 1.0000 0.0000 0.0000	</row1>
					<row2>	0.0000 0.0000 1.0000 0.0000	</row2>
					<row3>	0.0000 0.6049 1.0367 1.0000	</row3>
				</transform>
			</node>
			<node>
				<identifier>	HP_JGA_1	</identifier>
				<transform>
					<row0>	0.7071 0.0000 0.7071 0.0000	</row0>
					<row1>	0.0000 1.0000 0.0000 0.0000	</row1>
					<row2>	-0.7071 0.0000 0.7071 0.0000	</row2>
					<row3>	-0.1723 0.3295 1.1731 1.0000	</row3>
				</transform>
			</node>
			<node>
				<identifier>	HP_JGA_2	</identifier>
				<transform>
					<row0>	0.7071 0.0000 -0.7071 0.0000	</row0>
					<row1>	0.0000 1.0000 0.0000 0.0000	</row1>
					<row2>	0.7071 0.0000 0.7071 0.0000	</row2>
					<row3>	0.1723 0.3295 1.1731 1.0000	</row3>
				</transform>
			</node>
			<node>
				<identifier>	HP_JGM_2	</identifier>
				<transform>
					<row0>	1.0000 0.0000 0.0000 0.0000	</row0>
					<row1>	0.0000 1.0000 0.0000 0.0000	</row1>
					<row2>	0.0000 0.0000 1.0000 0.0000	</row2>
					<row3>	0.0000 0.3050 0.1207 1.0000	</row3>
				</transform>
			</node>
			<node>
				<identifier>	HP_JGT_1	</identifier>
				<transform>
					<row0>	1.0000 0.0000 0.0000 0.0000	</row0>
					<row1>	0.0000 1.0000 0.0000 0.0000	</row1>
					<row2>	0.0000 0.0000 1.0000 0.0000	</row2>
					<row3>	0.0000 0.2127 1.5287 1.0000	</row3>
				</transform>
			</node>
			<node>
				<identifier>	HP_flag_1	</identifier>
				<transform>
					<row0>	0.9910 -0.1334 -0.0053 0.0000	</row0>
					<row1>	0.1334 0.9911 -0.0048 0.0000	</row1>
					<row2>	0.0059 0.0040 1.0000 0.0000	</row2>
					<row3>	0.1709 1.0344 0.8099 1.0000	</row3>
				</transform>
			</node>
			<node>
				<identifier>	HP_flag_2	</identifier>
				<transform>
					<row0>	0.9919 0.1269 0.0076 0.0000	</row0>
					<row1>	-0.1269 0.9919 -0.0061 0.0000	</row1>
					<row2>	-0.0083 0.0051 1.0000 0.0000	</row2>
					<row3>	-0.1711 1.0343 0.8100 1.0000	</row3>
				</transform>
			</node>
			<node>
				<identifier>	HP_flag_3	</identifier>
				<transform>
					<row0>	0.9993 -0.0361 -0.0007 0.0000	</row0>
					<row1>	0.0361 0.9993 0.0003 0.0000	</row1>
					<row2>	0.0007 -0.0003 1.0000 0.0000	</row2>
					<row3>	0.0988 1.0341 0.8098 1.0000	</row3>
				</transform>
			</node>
			<node>
				<identifier>	HP_flag_4	</identifier>
				<transform>
					<row0>	0.9934 0.1140 0.0096 0.0000	</row0>
					<row1>	-0.1142 0.9934 0.0145 0.0000	</row1>
					<row2>	-0.0079 -0.0155 0.9998 0.0000	</row2>
					<row3>	-0.0966 1.0343 0.8094 1.0000	</row3>
				</transform>
			</node>
			<node>
				<identifier>	HP_flag_courtesy	</identifier>
				<transform>
					<row0>	0.9996 -0.0275 0.0003 0.0000	</row0>
					<row1>	0.0275 0.9994 -0.0219 0.0000	</row1>
					<row2>	0.0003 0.0219 0.9998 0.0000	</row2>
					<row3>	0.0974 1.2936 0.7904 1.0000	</row3>
				</transform>
			</node>
			<node>
				<identifier>	HP_flag_house	</identifier>
				<transform>
					<row0>	0.9996 0.0279 -0.0002 0.0000	</row0>
					<row1>	-0.0279 0.9996 -0.0109 0.0000	</row1>
					<row2>	-0.0002 0.0109 0.9999 0.0000	</row2>
					<row3>	-0.0963 1.2937 0.7903 1.0000	</row3>
				</transform>
			</node>
			<node>
				<identifier>	MP_CM011_Fire_Fighting_Gear	</identifier>
				<transform>
					<row0>	0.0000 0.0000 1.0000 0.0000	</row0>
					<row1>	0.0000 1.0000 0.0000 0.0000	</row1>
					<row2>	-1.0000 0.0000 0.0000 0.0000	</row2>
					<row3>	0.0843 0.1840 1.1849 1.0000	</row3>
				</transform>
			</node>
			<node>
				<identifier>	MP_CM011_Fire_Fighting_Gear_INDEX_1	</identifier>
				<transform>
					<row0>	0.0000 0.0000 1.0000 0.0000	</row0>
					<row1>	0.0000 1.0000 0.0000 0.0000	</row1>
					<row2>	-1.0000 0.0000 0.0000 0.0000	</row2>
					<row3>	0.0843 0.1728 0.0995 1.0000	</row3>
				</transform>
			</node>
			<node>
				<identifier>	MP_CM011_Fire_Fighting_Gear_INDEX_2	</identifier>
				<transform>
					<row0>	0.0000 0.0000 -1.0000 0.0000	</row0>
					<row1>	0.0000 1.0000 0.0000 0.0000	</row1>
					<row2>	1.0000 0.0000 0.0000 0.0000	</row2>
					<row3>	-0.0843 0.1728 0.0995 1.0000	</row3>
				</transform>
			</node>
			<node>
				<identifier>	MP_CM011_Fire_Fighting_Gear_INDEX_3	</identifier>
				<transform>
					<row0>	0.0000 0.0000 -1.0000 0.0000	</row0>
					<row1>	0.0000 1.0000 0.0000 0.0000	</row1>
					<row2>	1.0000 0.0000 0.0000 0.0000	</row2>
					<row3>	-0.0843 0.1840 1.1849 1.0000	</row3>
				</transform>
			</node>
			<node>
				<identifier>	MP_CM012_Fire_Hose_Rack_1	</identifier>
				<transform>
					<row0>	-1.0000 0.0000 0.0000 0.0000	</row0>
					<row1>	0.0000 1.0000 0.0000 0.0000	</row1>
					<row2>	0.0000 0.0000 -1.0000 0.0000	</row2>
					<row3>	0.0690 0.2333 0.1196 1.0000	</row3>
				</transform>
			</node>
			<node>
				<identifier>	MP_CM012_Fire_Hose_Rack_1_INDEX_1	</identifier>
				<transform>
					<row0>	1.0000 0.0000 0.0000 0.0000	</row0>
					<row1>	0.0000 1.0000 0.0000 0.0000	</row1>
					<row2>	0.0000 0.0000 1.0000 0.0000	</row2>
					<row3>	-0.0690 0.2333 0.1196 1.0000	</row3>
				</transform>
			</node>
			<node>
				<identifier>	MP_CM012_Fire_Hose_Rack_1_INDEX_2	</identifier>
				<transform>
					<row0>	-1.0000 0.0000 0.0000 0.0000	</row0>
					<row1>	0.0000 1.0000 0.0000 0.0000	</row1>
					<row2>	0.0000 0.0000 -1.0000 0.0000	</row2>
					<row3>	0.0690 0.2478 1.1752 1.0000	</row3>
				</transform>
			</node>
			<node>
				<identifier>	MP_CM012_Fire_Hose_Rack_1_INDEX_3	</identifier>
				<transform>
					<row0>	1.0000 0.0000 0.0000 0.0000	</row0>
					<row1>	0.0000 1.0000 0.0000 0.0000	</row1>
					<row2>	0.0000 0.0000 1.0000 0.0000	</row2>
					<row3>	-0.0690 0.2478 1.1741 1.0000	</row3>
				</transform>
			</node>
			<node>
				<identifier>	MP_CM019_Wood_Box_2	</identifier>
				<transform>
					<row0>	1.0000 0.0000 0.0000 0.0000	</row0>
					<row1>	0.0000 1.0000 -0.0053 0.0000	</row1>
					<row2>	0.0000 0.0053 1.0000 0.0000	</row2>
					<row3>	-0.0873 0.1700 -0.2116 1.0000	</row3>
				</transform>
			</node>
			<node>
				<identifier>	MP_CM029_Emergency_Box	</identifier>
				<transform>
					<row0>	0.0000 0.0000 -1.0000 0.0000	</row0>
					<row1>	0.0000 1.0000 0.0000 0.0000	</row1>
					<row2>	1.0000 0.0000 0.0000 0.0000	</row2>
					<row3>	-0.0761 0.2552 0.8998 1.0000	</row3>
				</transform>
			</node>
			<node>
				<identifier>	MP_CM029_Emergency_Box_INDEX_1	</identifier>
				<transform>
					<row0>	0.0000 0.0000 1.0000 0.0000	</row0>
					<row1>	0.0000 1.0000 0.0000 0.0000	</row1>
					<row2>	-1.0000 0.0000 0.0000 0.0000	</row2>
					<row3>	0.0761 0.2552 0.8869 1.0000	</row3>
				</transform>
			</node>
			<node>
				<identifier>	MP_CM029_Emergency_Box_INDEX_2	</identifier>
				<transform>
					<row0>	0.0000 0.0000 1.0000 0.0000	</row0>
					<row1>	0.0000 1.0000 0.0000 0.0000	</row1>
					<row2>	-1.0000 0.0000 0.0000 0.0000	</row2>
					<row3>	0.0466 0.5160 1.0574 1.0000	</row3>
				</transform>
			</node>
			<node>
				<identifier>	MP_CM030_Swab_Rack_2	</identifier>
				<transform>
					<row0>	0.0000 0.0000 -1.0000 0.0000	</row0>
					<row1>	0.0000 1.0000 0.0000 0.0000	</row1>
					<row2>	1.0000 0.0000 0.0000 0.0000	</row2>
					<row3>	0.0697 0.1696 -0.0542 1.0000	</row3>
				</transform>
			</node>
			<node>
				<identifier>	MP_CM057_Accommodation_Ladder_Closed	</identifier>
				<transform>
					<row0>	0.5251 0.0328 -0.0328 0.0000	</row0>
					<row1>	-0.0329 0.5261 -0.0014 0.0000	</row1>
					<row2>	0.0326 0.0035 0.5261 0.0000	</row2>
					<row3>	-0.1728 0.1821 1.5327 1.0000	</row3>
				</transform>
			</node>
			<node>
				<identifier>	MP_CM057_Accommodation_Ladder_Closed_INDEX_1	</identifier>
				<transform>
					<row0>	0.5268 -0.0175 0.0000 0.0000	</row0>
					<row1>	0.0175 0.5268 -0.0025 0.0000	</row1>
					<row2>	0.0000 0.0025 0.5271 0.0000	</row2>
					<row3>	0.1255 0.1849 1.5327 1.0000	</row3>
				</transform>
			</node>
			<node>
				<identifier>	MP_CM092_Siren	</identifier>
				<transform>
					<row0>	0.8000 0.0000 0.0000 0.0000	</row0>
					<row1>	0.0000 0.8000 0.0000 0.0000	</row1>
					<row2>	0.0000 0.0000 0.8000 0.0000	</row2>
					<row3>	0.0623 0.5163 0.5460 1.0000	</row3>
				</transform>
			</node>
			<node>
				<identifier>	MP_JM022_Ventilators_6	</identifier>
				<transform>
					<row0>	0.3000 0.0000 0.0000 0.0000	</row0>
					<row1>	0.0000 0.4000 0.0000 0.0000	</row1>
					<row2>	0.0000 0.0000 0.3000 0.0000	</row2>
					<row3>	0.0852 0.1779 1.4019 1.0000	</row3>
				</transform>
			</node>
			<node>
				<identifier>	MP_JM022_Ventilators_6_INDEX_1	</identifier>
				<transform>
					<row0>	0.3000 0.0000 0.0000 0.0000	</row0>
					<row1>	0.0000 0.4000 0.0000 0.0000	</row1>
					<row2>	0.0000 0.0000 0.3000 0.0000	</row2>
					<row3>	-0.0831 0.1813 1.6418 1.0000	</row3>
				</transform>
			</node>
			<node>
				<identifier>	MP_JM022_Ventilators_6_INDEX_2	</identifier>
				<transform>
					<row0>	0.3000 0.0000 0.0000 0.0000	</row0>
					<row1>	0.0000 0.4000 0.0000 0.0000	</row1>
					<row2>	0.0000 0.0000 0.3000 0.0000	</row2>
					<row3>	0.1802 0.1728 1.7195 1.0000	</row3>
				</transform>
			</node>
			<node>
				<identifier>	MP_JM022_Ventilators_6_INDEX_3	</identifier>
				<transform>
					<row0>	0.3000 0.0000 0.0000 0.0000	</row0>
					<row1>	0.0000 0.4000 0.0000 0.0000	</row1>
					<row2>	0.0000 0.0000 0.3000 0.0000	</row2>
					<row3>	-0.0294 0.1779 1.3656 1.0000	</row3>
				</transform>
			</node>
			<node>
				<identifier>	MP_JM030_Wind_Direction	</identifier>
				<transform>
					<row0>	0.7000 0.0000 0.0000 0.0000	</row0>
					<row1>	0.0000 0.7000 0.0000 0.0000	</row1>
					<row2>	0.0000 0.0000 0.7000 0.0000	</row2>
					<row3>	0.0000 1.3620 0.7893 1.0000	</row3>
				</transform>
			</node>
			<node>
				<identifier>	MP_JM032_Electric_Deck_Winch	</identifier>
				<transform>
					<row0>	0.0000 0.0000 -0.6044 0.0000	</row0>
					<row1>	0.0000 0.6044 0.0000 0.0000	</row1>
					<row2>	0.6044 0.0000 0.0000 0.0000	</row2>
					<row3>	-0.0477 0.2173 0.3910 1.0000	</row3>
				</transform>
			</node>
			<node>
				<identifier>	MP_JM055_Deck_Hatch_4	</identifier>
				<transform>
					<row0>	0.0000 0.0000 -0.5000 0.0000	</row0>
					<row1>	0.0000 0.5000 0.0000 0.0000	</row1>
					<row2>	0.5000 0.0000 0.0000 0.0000	</row2>
					<row3>	-0.0490 0.2193 0.7411 1.0000	</row3>
				</transform>
			</node>
			<node>
				<identifier>	MP_JM058_Deck_Hatch_7	</identifier>
				<transform>
					<row0>	0.0000 0.0000 1.0000 0.0000	</row0>
					<row1>	0.0000 1.0000 0.0000 0.0000	</row1>
					<row2>	-1.0000 0.0000 0.0000 0.0000	</row2>
					<row3>	0.0965 0.3312 1.0592 1.0000	</row3>
				</transform>
			</node>
			<node>
				<identifier>	MP_JM058_Deck_Hatch_7_INDEX_1	</identifier>
				<transform>
					<row0>	0.0000 0.0000 -0.9000 0.0000	</row0>
					<row1>	0.0000 0.9000 0.0000 0.0000	</row1>
					<row2>	0.9000 0.0000 0.0000 0.0000	</row2>
					<row3>	0.2053 0.1645 0.1387 1.0000	</row3>
				</transform>
			</node>
			<node>
				<identifier>	MP_JM058_Deck_Hatch_7_INDEX_2	</identifier>
				<transform>
					<row0>	0.0000 0.0000 0.9000 0.0000	</row0>
					<row1>	0.0000 0.9000 0.0000 0.0000	</row1>
					<row2>	-0.9000 0.0000 0.0000 0.0000	</row2>
					<row3>	-0.2136 0.1645 0.1387 1.0000	</row3>
				</transform>
			</node>
			<node>
				<identifier>	MP_JM058_Deck_Hatch_7_INDEX_3	</identifier>
				<transform>
					<row0>	0.0000 0.0000 1.0000 0.0000	</row0>
					<row1>	0.0000 1.0000 0.0000 0.0000	</row1>
					<row2>	-1.0000 0.0000 0.0000 0.0000	</row2>
					<row3>	0.0142 0.3226 -0.0529 1.0000	</row3>
				</transform>
			</node>
			<node>
				<identifier>	MP_JM058_Deck_Hatch_7_INDEX_4	</identifier>
				<transform>
					<row0>	0.0000 0.0000 -1.0000 0.0000	</row0>
					<row1>	0.0000 1.0000 0.0000 0.0000	</row1>
					<row2>	1.0000 0.0000 0.0000 0.0000	</row2>
					<row3>	-0.0965 0.3312 1.0592 1.0000	</row3>
				</transform>
			</node>
			<node>
				<identifier>	MP_JM059_Deck_Hatch_8	</identifier>
				<transform>
					<row0>	0.7802 0.0000 0.0000 0.0000	</row0>
					<row1>	0.0000 0.7802 0.0000 0.0000	</row1>
					<row2>	0.0000 0.0000 0.7802 0.0000	</row2>
					<row3>	0.0087 0.3216 0.2779 1.0000	</row3>
				</transform>
			</node>
			<node>
				<identifier>	MP_JM059_Deck_Hatch_8_INDEX_1	</identifier>
				<transform>
					<row0>	0.7802 0.0000 0.0000 0.0000	</row0>
					<row1>	0.0000 0.7802 0.0000 0.0000	</row1>
					<row2>	0.0000 0.0000 0.7802 0.0000	</row2>
					<row3>	-0.0460 0.3216 0.2779 1.0000	</row3>
				</transform>
			</node>
			<node>
				<identifier>	MP_JM078_Deck_Winch_2	</identifier>
				<transform>
					<row0>	0.0000 -0.0027 -0.5610 0.0000	</row0>
					<row1>	0.0000 0.5610 -0.0027 0.0000	</row1>
					<row2>	0.5610 0.0000 0.0000 0.0000	</row2>
					<row3>	0.0187 0.2203 0.6975 1.0000	</row3>
				</transform>
			</node>
			<node>
				<identifier>	MP_JM088_Crane_Small_2	</identifier>
				<transform>
					<row0>	0.0000 0.0000 -1.0000 0.0000	</row0>
					<row1>	0.0000 1.0000 0.0000 0.0000	</row1>
					<row2>	1.0000 0.0000 0.0000 0.0000	</row2>
					<row3>	-0.2130 0.1623 -0.1324 1.0000	</row3>
				</transform>
			</node>
			<node>
				<identifier>	MP_JM107_Binocular_2	</identifier>
				<transform>
					<row0>	-1.0000 0.0000 0.0000 0.0000	</row0>
					<row1>	0.0000 1.0000 0.0000 0.0000	</row1>
					<row2>	0.0000 0.0000 -1.0000 0.0000	</row2>
					<row3>	-0.1294 0.4521 1.1112 1.0000	</row3>
				</transform>
			</node>
			<node>
				<identifier>	MP_JM107_Binocular_2_INDEX_1	</identifier>
				<transform>
					<row0>	1.0000 0.0000 0.0000 0.0000	</row0>
					<row1>	0.0000 1.0000 0.0000 0.0000	</row1>
					<row2>	0.0000 0.0000 1.0000 0.0000	</row2>
					<row3>	0.1294 0.4521 1.1112 1.0000	</row3>
				</transform>
			</node>
			<node>
				<identifier>	MP_JM113_Flag_Box	</identifier>
				<transform>
					<row0>	0.7000 0.0000 0.0000 0.0000	</row0>
					<row1>	0.0000 0.9098 0.0000 0.0000	</row1>
					<row2>	0.0000 0.0000 0.9098 0.0000	</row2>
					<row3>	-0.0332 0.3287 0.7809 1.0000	</row3>
				</transform>
			</node>
			<node>
				<identifier>	MP_JM120_Cutter_6m	</identifier>
				<transform>
					<row0>	1.0000 0.0000 0.0071 0.0000	</row0>
					<row1>	0.0000 1.0000 0.0000 0.0000	</row1>
					<row2>	-0.0071 0.0000 1.0000 0.0000	</row2>
					<row3>	0.1908 0.2593 0.7741 1.0000	</row3>
				</transform>
			</node>
			<node>
				<identifier>	MP_JM120_Cutter_6m_INDEX_1	</identifier>
				<transform>
					<row0>	1.0000 0.0000 -0.0071 0.0000	</row0>
					<row1>	0.0000 1.0000 0.0000 0.0000	</row1>
					<row2>	0.0071 0.0000 1.0000 0.0000	</row2>
					<row3>	-0.1908 0.2593 0.7741 1.0000	</row3>
				</transform>
			</node>
			<node>
				<identifier>	MP_JM157_Ventilation	</identifier>
				<transform>
					<row0>	0.3376 0.0000 0.0000 0.0000	</row0>
					<row1>	0.0000 0.3376 0.0000 0.0000	</row1>
					<row2>	0.0000 0.0000 0.3376 0.0000	</row2>
					<row3>	-0.1399 0.1812 1.2908 1.0000	</row3>
				</transform>
			</node>
			<node>
				<identifier>	MP_JM158_Main_Wheel	</identifier>
				<transform>
					<row0>	0.9000 0.0000 0.0000 0.0000	</row0>
					<row1>	0.0000 0.9000 0.0000 0.0000	</row1>
					<row2>	0.0000 0.0000 0.9000 0.0000	</row2>
					<row3>	0.0000 0.4521 1.2662 1.0000	</row3>
				</transform>
			</node>
			<node>
				<identifier>	MP_JM166_Voice_Tube	</identifier>
				<transform>
					<row0>	0.0000 0.0000 -1.0000 0.0000	</row0>
					<row1>	0.0000 1.0000 0.0000 0.0000	</row1>
					<row2>	1.0000 0.0000 0.0000 0.0000	</row2>
					<row3>	0.1295 0.4521 1.0809 1.0000	</row3>
				</transform>
			</node>
			<node>
				<identifier>	MP_JM166_Voice_Tube_INDEX_1	</identifier>
				<transform>
					<row0>	0.0000 0.0000 1.0000 0.0000	</row0>
					<row1>	0.0000 1.0000 0.0000 0.0000	</row1>
					<row2>	-1.0000 0.0000 0.0000 0.0000	</row2>
					<row3>	-0.1295 0.4521 1.0809 1.0000	</row3>
				</transform>
			</node>
			<node>
				<identifier>	MP_JM166_Voice_Tube_INDEX_2	</identifier>
				<transform>
					<row0>	1.0000 0.0000 0.0000 0.0000	</row0>
					<row1>	0.0000 1.0000 0.0000 0.0000	</row1>
					<row2>	0.0000 0.0000 1.0000 0.0000	</row2>
					<row3>	0.0429 0.4521 1.2719 1.0000	</row3>
				</transform>
			</node>
			<node>
				<identifier>	MP_JM166_Voice_Tube_INDEX_3	</identifier>
				<transform>
					<row0>	1.0000 0.0000 0.0000 0.0000	</row0>
					<row1>	0.0000 1.0000 0.0000 0.0000	</row1>
					<row2>	0.0000 0.0000 1.0000 0.0000	</row2>
					<row3>	0.0000 0.4521 1.1760 1.0000	</row3>
				</transform>
			</node>
			<node>
				<identifier>	MP_JM183_Table	</identifier>
				<transform>
					<row0>	0.8300 0.0000 0.0000 0.0000	</row0>
					<row1>	0.0000 0.8300 0.0000 0.0000	</row1>
					<row2>	0.0000 0.0000 0.8300 0.0000	</row2>
					<row3>	0.0477 0.4521 1.1912 1.0000	</row3>
				</transform>
			</node>
			<node>
				<identifier>	MP_JM189_Compass_Binnacle	</identifier>
				<transform>
					<row0>	0.9000 0.0000 0.0000 0.0000	</row0>
					<row1>	0.0000 0.9000 0.0000 0.0000	</row1>
					<row2>	0.0000 0.0000 0.9004 0.0000	</row2>
					<row3>	0.0000 0.4521 1.2929 1.0000	</row3>
				</transform>
			</node>
			<node>
				<identifier>	MP_JM219_Barbette_TA	</identifier>
				<transform>
					<row0>	1.1850 0.0000 0.0000 0.0000	</row0>
					<row1>	0.0000 0.7667 0.0000 0.0000	</row1>
					<row2>	0.0000 0.0000 1.1850 0.0000	</row2>
					<row3>	0.0000 0.1851 1.5287 1.0000	</row3>
				</transform>
			</node>
			<node>
				<identifier>	MP_JM247_Electric_gauge_L	</identifier>
				<transform>
					<row0>	0.8873 0.0000 0.4612 0.0000	</row0>
					<row1>	0.0000 1.0000 0.0000 0.0000	</row1>
					<row2>	-0.4612 0.0000 0.8873 0.0000	</row2>
					<row3>	-0.0810 0.5015 1.1920 1.0000	</row3>
				</transform>
			</node>
			<node>
				<identifier>	MP_JM248_Electric_gauge_R	</identifier>
				<transform>
					<row0>	0.8873 0.0000 -0.4612 0.0000	</row0>
					<row1>	0.0000 1.0000 0.0000 0.0000	</row1>
					<row2>	0.4612 0.0000 0.8873 0.0000	</row2>
					<row3>	-0.0181 0.5016 1.1920 1.0000	</row3>
				</transform>
			</node>
			<node>
				<identifier>	MP_JM248_Electric_gauge_R_INDEX_1	</identifier>
				<transform>
					<row0>	1.0000 0.0000 0.0000 0.0000	</row0>
					<row1>	0.0000 1.0000 0.0000 0.0000	</row1>
					<row2>	0.0000 0.0000 1.0000 0.0000	</row2>
					<row3>	-0.0473 0.5016 1.2017 1.0000	</row3>
				</transform>
			</node>
			<node>
				<identifier>	MP_JM249_Gauge_1	</identifier>
				<transform>
					<row0>	0.5513 0.0000 -0.8343 0.0000	</row0>
					<row1>	0.0000 1.0000 0.0000 0.0000	</row1>
					<row2>	0.8343 0.0000 0.5513 0.0000	</row2>
					<row3>	0.0802 0.4900 1.2865 1.0000	</row3>
				</transform>
			</node>
			<node>
				<identifier>	MP_JM249_Gauge_1_INDEX_1	</identifier>
				<transform>
					<row0>	1.0000 0.0000 0.0000 0.0000	</row0>
					<row1>	0.0000 0.9957 0.0921 0.0000	</row1>
					<row2>	0.0000 -0.0921 0.9957 0.0000	</row2>
					<row3>	0.0292 0.5041 1.3523 1.0000	</row3>
				</transform>
			</node>
			<node>
				<identifier>	MP_JM249_Gauge_1_INDEX_2	</identifier>
				<transform>
					<row0>	0.5513 0.0000 0.8343 0.0000	</row0>
					<row1>	0.0000 1.0000 0.0000 0.0000	</row1>
					<row2>	-0.8343 0.0000 0.5513 0.0000	</row2>
					<row3>	-0.0802 0.4900 1.2865 1.0000	</row3>
				</transform>
			</node>
			<node>
				<identifier>	MP_JM250_Gauge_2	</identifier>
				<transform>
					<row0>	1.0000 0.0000 0.0000 0.0000	</row0>
					<row1>	0.0000 0.9957 0.0921 0.0000	</row1>
					<row2>	0.0000 -0.0921 0.9957 0.0000	</row2>
					<row3>	0.0182 0.4848 1.3507 1.0000	</row3>
				</transform>
			</node>
			<node>
				<identifier>	MP_JM251_Gauge_3	</identifier>
				<transform>
					<row0>	0.5207 0.0000 0.8538 0.0000	</row0>
					<row1>	0.0000 1.0000 0.0000 0.0000	</row1>
					<row2>	-0.8538 0.0000 0.5207 0.0000	</row2>
					<row3>	-0.0709 0.4884 1.3012 1.0000	</row3>
				</transform>
			</node>
			<node>
				<identifier>	MP_JM251_Gauge_3_INDEX_1	</identifier>
				<transform>
					<row0>	1.0000 0.0000 0.0000 0.0000	</row0>
					<row1>	0.0000 0.9957 0.0921 0.0000	</row1>
					<row2>	0.0000 -0.0921 0.9957 0.0000	</row2>
					<row3>	0.0099 0.5026 1.3521 1.0000	</row3>
				</transform>
			</node>
			<node>
				<identifier>	MP_JM251_Gauge_3_INDEX_2	</identifier>
				<transform>
					<row0>	0.5207 0.0000 -0.8538 0.0000	</row0>
					<row1>	0.0000 1.0000 0.0000 0.0000	</row1>
					<row2>	0.8538 0.0000 0.5207 0.0000	</row2>
					<row3>	0.0709 0.4884 1.3012 1.0000	</row3>
				</transform>
			</node>
			<node>
				<identifier>	MP_JM253_Gauge_5	</identifier>
				<transform>
					<row0>	1.0000 0.0000 0.0000 0.0000	</row0>
					<row1>	0.0000 0.9957 0.0921 0.0000	</row1>
					<row2>	0.0000 -0.0921 0.9957 0.0000	</row2>
					<row3>	-0.0045 0.5086 1.3526 1.0000	</row3>
				</transform>
			</node>
			<node>
				<identifier>	MP_JM254_Gauge_6	</identifier>
				<transform>
					<row0>	0.5149 0.0000 -0.8573 0.0000	</row0>
					<row1>	0.0000 1.0000 0.0000 0.0000	</row1>
					<row2>	0.8573 0.0000 0.5149 0.0000	</row2>
					<row3>	0.0741 0.5113 1.2988 1.0000	</row3>
				</transform>
			</node>
			<node>
				<identifier>	MP_JM254_Gauge_6_INDEX_1	</identifier>
				<transform>
					<row0>	0.5149 0.0000 0.8573 0.0000	</row0>
					<row1>	0.0000 1.0000 0.0000 0.0000	</row1>
					<row2>	-0.8573 0.0000 0.5149 0.0000	</row2>
					<row3>	-0.0741 0.5113 1.2988 1.0000	</row3>
				</transform>
			</node>
			<node>
				<identifier>	MP_JM256_Gauge_7	</identifier>
				<transform>
					<row0>	0.5701 0.0000 0.8215 0.0000	</row0>
					<row1>	0.0000 1.0000 0.0000 0.0000	</row1>
					<row2>	-0.8215 0.0000 0.5701 0.0000	</row2>
					<row3>	-0.0936 0.5004 1.2660 1.0000	</row3>
				</transform>
			</node>
			<node>
				<identifier>	MP_JM256_Gauge_7_INDEX_1	</identifier>
				<transform>
					<row0>	0.5701 0.0000 -0.8215 0.0000	</row0>
					<row1>	0.0000 1.0000 0.0000 0.0000	</row1>
					<row2>	0.8215 0.0000 0.5701 0.0000	</row2>
					<row3>	0.0936 0.5004 1.2660 1.0000	</row3>
				</transform>
			</node>
			<node>
				<identifier>	MP_JM258_Double_Gauge_2	</identifier>
				<transform>
					<row0>	0.5369 0.0000 -0.8437 0.0000	</row0>
					<row1>	0.0000 1.0000 0.0000 0.0000	</row1>
					<row2>	0.8437 0.0000 0.5369 0.0000	</row2>
					<row3>	0.0612 0.5014 1.3179 1.0000	</row3>
				</transform>
			</node>
			<node>
				<identifier>	MP_JM258_Double_Gauge_2_INDEX_1	</identifier>
				<transform>
					<row0>	0.5369 0.0000 0.8437 0.0000	</row0>
					<row1>	0.0000 1.0000 0.0000 0.0000	</row1>
					<row2>	-0.8437 0.0000 0.5369 0.0000	</row2>
					<row3>	-0.0612 0.5014 1.3179 1.0000	</row3>
				</transform>
			</node>
			<node>
				<identifier>	MP_JM258_Double_Gauge_2_INDEX_2	</identifier>
				<transform>
					<row0>	1.0000 0.0000 0.0000 0.0000	</row0>
					<row1>	0.0000 0.9958 0.0917 0.0000	</row1>
					<row2>	0.0000 -0.0917 0.9958 0.0000	</row2>
					<row3>	-0.0246 0.4903 1.3513 1.0000	</row3>
				</transform>
			</node>
			<node>
				<identifier>	MP_JM265_Wall_trigger_2	</identifier>
				<transform>
					<row0>	0.5398 0.0000 -0.8418 0.0000	</row0>
					<row1>	0.0000 1.0000 0.0000 0.0000	</row1>
					<row2>	0.8418 0.0000 0.5398 0.0000	</row2>
					<row3>	0.0683 0.4701 1.3034 1.0000	</row3>
				</transform>
			</node>
			<node>
				<identifier>	MP_JM265_Wall_trigger_2_INDEX_1	</identifier>
				<transform>
					<row0>	0.5398 0.0000 0.8418 0.0000	</row0>
					<row1>	0.0000 1.0000 0.0000 0.0000	</row1>
					<row2>	-0.8418 0.0000 0.5398 0.0000	</row2>
					<row3>	-0.0683 0.4701 1.3034 1.0000	</row3>
				</transform>
			</node>
			<node>
				<identifier>	MP_JM268_Wall_indicator	</identifier>
				<transform>
					<row0>	1.0000 0.0000 0.0000 0.0000	</row0>
					<row1>	0.0000 0.9957 0.0921 0.0000	</row1>
					<row2>	0.0000 -0.0921 0.9957 0.0000	</row2>
					<row3>	-0.0247 0.5086 1.3528 1.0000	</row3>
				</transform>
			</node>
			<node>
				<identifier>	MP_JM278_Running_Lights_Oil_L	</identifier>
				<transform>
					<row0>	1.0000 0.0000 0.0000 0.0000	</row0>
					<row1>	0.0000 0.5000 0.0000 0.0000	</row1>
					<row2>	0.0000 0.0000 1.0000 0.0000	</row2>
					<row3>	-0.1751 0.4521 1.0703 1.0000	</row3>
				</transform>
			</node>
			<node>
				<identifier>	MP_JM279_Running_Lights_Oil_R	</identifier>
				<transform>
					<row0>	1.0000 0.0000 0.0000 0.0000	</row0>
					<row1>	0.0000 0.6000 0.0000 0.0000	</row1>
					<row2>	0.0000 0.0000 1.0000 0.0000	</row2>
					<row3>	0.1751 0.4522 1.0703 1.0000	</row3>
				</transform>
			</node>
			<node>
				<identifier>	MP_JM297_Signal_platorm	</identifier>
				<transform>
					<row0>	0.4117 -0.0018 -0.8003 0.0000	</row0>
					<row1>	0.0009 0.9000 -0.0016 0.0000	</row1>
					<row2>	0.8003 0.0000 0.4117 0.0000	</row2>
					<row3>	0.1433 0.5752 1.1790 1.0000	</row3>
				</transform>
			</node>
			<node>
				<identifier>	MP_JM297_Signal_platorm_INDEX_1	</identifier>
				<transform>
					<row0>	0.4117 0.0018 0.8003 0.0000	</row0>
					<row1>	-0.0009 0.9000 -0.0016 0.0000	</row1>
					<row2>	-0.8003 0.0000 0.4117 0.0000	</row2>
					<row3>	-0.1433 0.5752 1.1790 1.0000	</row3>
				</transform>
			</node>
		</node>
	</node>
	<boundingBox>
		<min>	-0.0667 -0.0667 -0.0667	</min>
		<max>	0.0667 0.0667 0.0667	</max>
	</boundingBox>
</JSD024_Wakatake_1923_MidFront_ports.visual>
