<GSS001_Type_VII_MidFront_ports.visual>
	<node>
		<identifier>	Scene Root	</identifier>
		<transform>
			<row0>	1.0000 0.0000 0.0000 0.0000	</row0>
			<row1>	0.0000 1.0000 0.0000 0.0000	</row1>
			<row2>	0.0000 0.0000 1.0000 0.0000	</row2>
			<row3>	0.0000 0.0000 0.0000 1.0000	</row3>
		</transform>
		<node>
			<identifier>	MidFront_ports	</identifier>
			<transform>
				<row0>	1.0000 0.0000 0.0000 0.0000	</row0>
				<row1>	0.0000 1.0000 0.0000 0.0000	</row1>
				<row2>	0.0000 0.0000 1.0000 0.0000	</row2>
				<row3>	0.0000 0.0000 0.0000 1.0000	</row3>
			</transform>
			<node>
				<identifier>	HP_FX_Death_2	</identifier>
				<transform>
					<row0>	1.0000 0.0000 0.0000 0.0000	</row0>
					<row1>	0.0000 1.0000 0.0000 0.0000	</row1>
					<row2>	0.0000 0.0000 1.0000 0.0000	</row2>
					<row3>	0.0000 0.0000 -0.3475 1.0000	</row3>
				</transform>
			</node>
			<node>
				<identifier>	HP_FX_Descent_9	</identifier>
				<transform>
					<row0>	-0.2760 0.9612 0.0000 0.0000	</row0>
					<row1>	0.9612 0.2760 0.0000 0.0000	</row1>
					<row2>	0.0000 0.0000 -1.0000 0.0000	</row2>
					<row3>	0.1057 0.0306 0.5274 1.0000	</row3>
				</transform>
			</node>
			<node>
				<identifier>	HP_FX_Fire_1	</identifier>
				<transform>
					<row0>	1.0000 0.0000 0.0000 0.0000	</row0>
					<row1>	0.0000 1.0000 0.0000 0.0000	</row1>
					<row2>	0.0000 0.0000 1.0000 0.0000	</row2>
					<row3>	0.0000 0.2761 0.2040 1.0000	</row3>
				</transform>
			</node>
			<node>
				<identifier>	HP_FX_Fire_2	</identifier>
				<transform>
					<row0>	1.0000 0.0000 0.0000 0.0000	</row0>
					<row1>	0.0000 1.0000 0.0000 0.0000	</row1>
					<row2>	0.0000 0.0000 1.0000 0.0000	</row2>
					<row3>	0.0000 0.1634 0.0273 1.0000	</row3>
				</transform>
			</node>
			<node>
				<identifier>	HP_FX_FloodLight_left_1	</identifier>
				<transform>
					<row0>	-1.0000 0.0000 0.0000 0.0000	</row0>
					<row1>	0.0000 1.0000 0.0000 0.0000	</row1>
					<row2>	0.0000 0.0000 -1.0000 0.0000	</row2>
					<row3>	-0.0660 0.1712 0.1579 1.0000	</row3>
				</transform>
			</node>
			<node>
				<identifier>	HP_FX_FloodLight_right_1	</identifier>
				<transform>
					<row0>	1.0000 0.0000 0.0000 0.0000	</row0>
					<row1>	0.0000 1.0000 0.0000 0.0000	</row1>
					<row2>	0.0000 0.0000 1.0000 0.0000	</row2>
					<row3>	0.0648 0.1585 0.1592 1.0000	</row3>
				</transform>
			</node>
			<node>
				<identifier>	HP_FX_Flood_steam_1	</identifier>
				<transform>
					<row0>	1.0000 0.0000 0.0000 0.0000	</row0>
					<row1>	0.0000 1.0000 0.0000 0.0000	</row1>
					<row2>	0.0000 0.0000 1.0000 0.0000	</row2>
					<row3>	-0.0490 0.0880 0.7736 1.0000	</row3>
				</transform>
			</node>
			<node>
				<identifier>	HP_FX_Flood_steam_2	</identifier>
				<transform>
					<row0>	1.0000 0.0000 0.0000 0.0000	</row0>
					<row1>	0.0000 1.0000 0.0000 0.0000	</row1>
					<row2>	0.0000 0.0000 1.0000 0.0000	</row2>
					<row3>	0.0020 0.0860 -0.2659 1.0000	</row3>
				</transform>
			</node>
			<node>
				<identifier>	HP_FX_Flood_water_left_2	</identifier>
				<transform>
					<row0>	-1.0000 0.0000 0.0000 0.0000	</row0>
					<row1>	0.0000 1.0000 0.0000 0.0000	</row1>
					<row2>	0.0000 0.0000 -1.0000 0.0000	</row2>
					<row3>	-0.0842 0.0464 0.9147 1.0000	</row3>
				</transform>
			</node>
			<node>
				<identifier>	HP_FX_Flood_water_right_2	</identifier>
				<transform>
					<row0>	1.0000 0.0000 0.0000 0.0000	</row0>
					<row1>	0.0000 1.0000 0.0000 0.0000	</row1>
					<row2>	0.0000 0.0000 1.0000 0.0000	</row2>
					<row3>	0.0842 0.0464 0.9152 1.0000	</row3>
				</transform>
			</node>
			<node>
				<identifier>	HP_FX_Runoff_deluge_left_3	</identifier>
				<transform>
					<row0>	-0.9996 0.0000 -0.0266 0.0000	</row0>
					<row1>	0.0000 1.0000 0.0000 0.0000	</row1>
					<row2>	0.0266 0.0000 -0.9996 0.0000	</row2>
					<row3>	-0.1269 0.0430 0.5877 1.0000	</row3>
				</transform>
			</node>
			<node>
				<identifier>	HP_FX_Runoff_deluge_left_4	</identifier>
				<transform>
					<row0>	-0.9996 0.0000 -0.0266 0.0000	</row0>
					<row1>	0.0000 1.0000 0.0000 0.0000	</row1>
					<row2>	0.0266 0.0000 -0.9996 0.0000	</row2>
					<row3>	-0.1239 0.0400 0.2879 1.0000	</row3>
				</transform>
			</node>
			<node>
				<identifier>	HP_FX_Runoff_deluge_left_5	</identifier>
				<transform>
					<row0>	-0.9675 0.2521 0.0213 0.0000	</row0>
					<row1>	0.2519 0.9677 -0.0125 0.0000	</row1>
					<row2>	-0.0238 -0.0067 -0.9997 0.0000	</row2>
					<row3>	-0.1139 0.0420 -0.0330 1.0000	</row3>
				</transform>
			</node>
			<node>
				<identifier>	HP_FX_Runoff_deluge_left_6	</identifier>
				<transform>
					<row0>	-0.9957 0.0890 -0.0266 0.0000	</row0>
					<row1>	0.0890 0.9960 0.0000 0.0000	</row1>
					<row2>	0.0265 -0.0024 -0.9996 0.0000	</row2>
					<row3>	-0.1099 0.0390 -0.3228 1.0000	</row3>
				</transform>
			</node>
			<node>
				<identifier>	HP_FX_Runoff_deluge_right_3	</identifier>
				<transform>
					<row0>	0.9997 0.0000 0.0266 0.0000	</row0>
					<row1>	0.0000 1.0000 0.0000 0.0000	</row1>
					<row2>	-0.0266 0.0000 0.9997 0.0000	</row2>
					<row3>	0.1272 0.0427 0.5881 1.0000	</row3>
				</transform>
			</node>
			<node>
				<identifier>	HP_FX_Runoff_deluge_right_4	</identifier>
				<transform>
					<row0>	0.9997 0.0000 0.0266 0.0000	</row0>
					<row1>	0.0000 1.0000 0.0000 0.0000	</row1>
					<row2>	-0.0266 0.0000 0.9997 0.0000	</row2>
					<row3>	0.1234 0.0402 0.2882 1.0000	</row3>
				</transform>
			</node>
			<node>
				<identifier>	HP_FX_Runoff_deluge_right_5	</identifier>
				<transform>
					<row0>	0.9675 0.2521 -0.0213 0.0000	</row0>
					<row1>	-0.2519 0.9677 0.0125 0.0000	</row1>
					<row2>	0.0238 -0.0067 0.9997 0.0000	</row2>
					<row3>	0.1140 0.0424 -0.0329 1.0000	</row3>
				</transform>
			</node>
			<node>
				<identifier>	HP_FX_Runoff_deluge_right_6	</identifier>
				<transform>
					<row0>	0.9957 0.0890 0.0266 0.0000	</row0>
					<row1>	-0.0890 0.9960 0.0000 0.0000	</row1>
					<row2>	-0.0265 -0.0024 0.9997 0.0000	</row2>
					<row3>	0.1100 0.0392 -0.3228 1.0000	</row3>
				</transform>
			</node>
			<node>
				<identifier>	HP_FX_Runoff_deluge_tower	</identifier>
				<transform>
					<row0>	0.9980 0.0000 -0.0624 0.0000	</row0>
					<row1>	0.0000 1.0000 0.0000 0.0000	</row1>
					<row2>	0.0624 0.0000 0.9980 0.0000	</row2>
					<row3>	0.0581 0.2787 0.1134 1.0000	</row3>
				</transform>
			</node>
			<node>
				<identifier>	HP_FX_Runoff_deluge_tower_2	</identifier>
				<transform>
					<row0>	-0.9980 0.0000 0.0624 0.0000	</row0>
					<row1>	0.0000 1.0000 0.0000 0.0000	</row1>
					<row2>	-0.0624 0.0000 -0.9980 0.0000	</row2>
					<row3>	-0.0580 0.2786 0.1169 1.0000	</row3>
				</transform>
			</node>
			<node>
				<identifier>	HP_FX_Runoff_tower_left_1	</identifier>
				<transform>
					<row0>	-0.7107 0.0000 0.7036 0.0000	</row0>
					<row1>	0.0000 1.0000 0.0000 0.0000	</row1>
					<row2>	-0.7036 0.0000 -0.7107 0.0000	</row2>
					<row3>	0.0444 0.2009 -0.0982 1.0000	</row3>
				</transform>
			</node>
			<node>
				<identifier>	HP_FX_Runoff_tower_right_1	</identifier>
				<transform>
					<row0>	-0.7301 0.0000 -0.6834 0.0000	</row0>
					<row1>	0.0000 1.0000 0.0000 0.0000	</row1>
					<row2>	0.6834 0.0000 -0.7301 0.0000	</row2>
					<row3>	-0.0438 0.1951 -0.0968 1.0000	</row3>
				</transform>
			</node>
			<node>
				<identifier>	HP_FX_Runoff_up_left_2	</identifier>
				<transform>
					<row0>	-0.9995 0.0000 -0.0314 0.0000	</row0>
					<row1>	0.0000 1.0000 0.0000 0.0000	</row1>
					<row2>	0.0314 0.0000 -0.9995 0.0000	</row2>
					<row3>	-0.0890 0.0843 0.2449 1.0000	</row3>
				</transform>
			</node>
			<node>
				<identifier>	HP_FX_Runoff_up_right_2	</identifier>
				<transform>
					<row0>	0.9997 0.0000 -0.0227 0.0000	</row0>
					<row1>	0.0000 1.0000 0.0000 0.0000	</row1>
					<row2>	0.0227 0.0000 0.9997 0.0000	</row2>
					<row3>	0.0890 0.0841 0.2449 1.0000	</row3>
				</transform>
			</node>
			<node>
				<identifier>	HP_FX_WakeTraceBack_tower	</identifier>
				<transform>
					<row0>	1.0000 0.0000 0.0000 0.0000	</row0>
					<row1>	0.0000 1.0000 0.0000 0.0000	</row1>
					<row2>	0.0000 0.0000 1.0000 0.0000	</row2>
					<row3>	0.0046 0.0819 -0.1418 1.0000	</row3>
				</transform>
			</node>
			<node>
				<identifier>	HP_FX_WakeTrace_periscope	</identifier>
				<transform>
					<row0>	1.0000 0.0000 0.0000 0.0000	</row0>
					<row1>	0.0000 1.0000 0.0000 0.0000	</row1>
					<row2>	0.0000 0.0000 1.0000 0.0000	</row2>
					<row3>	0.0000 0.2949 0.2880 1.0000	</row3>
				</transform>
			</node>
			<node>
				<identifier>	HP_FX_WakeTrace_tower	</identifier>
				<transform>
					<row0>	1.0000 0.0000 0.0000 0.0000	</row0>
					<row1>	0.0000 1.0000 0.0000 0.0000	</row1>
					<row2>	0.0000 0.0000 1.0000 0.0000	</row2>
					<row3>	-0.0016 0.0836 0.3314 1.0000	</row3>
				</transform>
			</node>
			<node>
				<identifier>	HP_flag_1	</identifier>
				<transform>
					<row0>	0.9999 -0.0120 -0.0001 0.0000	</row0>
					<row1>	0.0120 0.9998 0.0168 0.0000	</row1>
					<row2>	-0.0001 -0.0168 0.9999 0.0000	</row2>
					<row3>	0.0574 0.5135 -0.3540 1.0000	</row3>
				</transform>
			</node>
			<node>
				<identifier>	HP_flag_2	</identifier>
				<transform>
					<row0>	0.9999 0.0120 0.0001 0.0000	</row0>
					<row1>	-0.0120 0.9998 0.0168 0.0000	</row1>
					<row2>	0.0001 -0.0168 0.9999 0.0000	</row2>
					<row3>	-0.0574 0.5135 -0.3540 1.0000	</row3>
				</transform>
			</node>
			<node>
				<identifier>	HP_flag_3	</identifier>
				<transform>
					<row0>	0.9985 0.0543 0.0022 0.0000	</row0>
					<row1>	-0.0543 0.9953 0.0803 0.0000	</row1>
					<row2>	0.0022 -0.0803 0.9968 0.0000	</row2>
					<row3>	0.0296 0.5136 -0.3553 1.0000	</row3>
				</transform>
			</node>
			<node>
				<identifier>	HP_flag_4	</identifier>
				<transform>
					<row0>	0.9985 -0.0543 -0.0022 0.0000	</row0>
					<row1>	0.0543 0.9953 0.0803 0.0000	</row1>
					<row2>	-0.0022 -0.0803 0.9968 0.0000	</row2>
					<row3>	-0.0296 0.5136 -0.3553 1.0000	</row3>
				</transform>
			</node>
			<node>
				<identifier>	HP_flag_courtesy	</identifier>
				<transform>
					<row0>	0.9969 -0.0784 0.0019 0.0000	</row0>
					<row1>	0.0784 0.9957 -0.0490 0.0000	</row1>
					<row2>	0.0019 0.0490 0.9988 0.0000	</row2>
					<row3>	0.0835 0.5135 -0.3535 1.0000	</row3>
				</transform>
			</node>
			<node>
				<identifier>	HP_flag_house	</identifier>
				<transform>
					<row0>	0.9969 0.0784 -0.0019 0.0000	</row0>
					<row1>	-0.0784 0.9957 -0.0490 0.0000	</row1>
					<row2>	-0.0019 0.0490 0.9988 0.0000	</row2>
					<row3>	-0.0835 0.5135 -0.3535 1.0000	</row3>
				</transform>
			</node>
		</node>
	</node>
	<boundingBox>
		<min>	-0.0667 -0.0667 -0.0667	</min>
		<max>	0.0667 0.0667 0.0667	</max>
	</boundingBox>
</GSS001_Type_VII_MidFront_ports.visual>
