<BSD009_Wakeful_1936_MidBack_ports.visual>
	<node>
		<identifier>	Scene Root	</identifier>
		<transform>
			<row0>	1.0000 0.0000 0.0000 0.0000	</row0>
			<row1>	0.0000 1.0000 0.0000 0.0000	</row1>
			<row2>	0.0000 0.0000 1.0000 0.0000	</row2>
			<row3>	0.0000 0.0000 0.0000 1.0000	</row3>
		</transform>
		<node>
			<identifier>	MidBack_ports	</identifier>
			<transform>
				<row0>	1.0000 0.0000 0.0000 0.0000	</row0>
				<row1>	0.0000 1.0000 0.0000 0.0000	</row1>
				<row2>	0.0000 0.0000 1.0000 0.0000	</row2>
				<row3>	0.0000 0.0000 0.0000 1.0000	</row3>
			</transform>
			<node>
				<identifier>	HP_BGA_1	</identifier>
				<transform>
					<row0>	0.0000 0.0000 1.0000 0.0000	</row0>
					<row1>	0.0000 1.0000 0.0000 0.0000	</row1>
					<row2>	-1.0000 0.0000 0.0000 0.0000	</row2>
					<row3>	-0.1830 0.3206 -0.0843 1.0000	</row3>
				</transform>
			</node>
			<node>
				<identifier>	HP_BGA_2	</identifier>
				<transform>
					<row0>	0.0000 0.0000 -1.0000 0.0000	</row0>
					<row1>	0.0000 1.0000 0.0000 0.0000	</row1>
					<row2>	1.0000 0.0000 0.0000 0.0000	</row2>
					<row3>	0.1831 0.3206 -0.0843 1.0000	</row3>
				</transform>
			</node>
			<node>
				<identifier>	HP_BGM_3	</identifier>
				<transform>
					<row0>	-1.0000 0.0000 0.0000 0.0000	</row0>
					<row1>	0.0000 1.0000 0.0000 0.0000	</row1>
					<row2>	0.0000 0.0000 -1.0000 0.0000	</row2>
					<row3>	0.0000 0.3278 -2.1082 1.0000	</row3>
				</transform>
			</node>
			<node>
				<identifier>	HP_BGM_4	</identifier>
				<transform>
					<row0>	-1.0000 0.0000 0.0000 0.0000	</row0>
					<row1>	0.0000 1.0000 0.0000 0.0000	</row1>
					<row2>	0.0000 0.0000 -1.0000 0.0000	</row2>
					<row3>	0.0000 0.1778 -2.5361 1.0000	</row3>
				</transform>
			</node>
			<node>
				<identifier>	HP_BGT_1	</identifier>
				<transform>
					<row0>	1.0000 0.0000 0.0000 0.0000	</row0>
					<row1>	0.0000 1.0000 0.0000 0.0000	</row1>
					<row2>	0.0000 0.0000 1.0000 0.0000	</row2>
					<row3>	0.0000 0.2072 -0.7055 1.0000	</row3>
				</transform>
			</node>
			<node>
				<identifier>	HP_BGT_2	</identifier>
				<transform>
					<row0>	-1.0000 0.0000 0.0000 0.0000	</row0>
					<row1>	0.0000 1.0000 0.0000 0.0000	</row1>
					<row2>	0.0000 0.0000 -1.0000 0.0000	</row2>
					<row3>	0.0000 0.2006 -1.3085 1.0000	</row3>
				</transform>
			</node>
			<node>
				<identifier>	HP_FX_Death_3	</identifier>
				<transform>
					<row0>	1.0000 0.0000 0.0000 0.0000	</row0>
					<row1>	0.0000 1.0000 0.0000 0.0000	</row1>
					<row2>	0.0000 0.0000 1.0000 0.0000	</row2>
					<row3>	0.0000 0.0000 -1.7715 1.0000	</row3>
				</transform>
			</node>
			<node>
				<identifier>	HP_FX_Fire_3	</identifier>
				<transform>
					<row0>	1.0000 0.0000 0.0000 0.0000	</row0>
					<row1>	0.0000 1.0000 0.0000 0.0000	</row1>
					<row2>	0.0000 0.0000 1.0000 0.0000	</row2>
					<row3>	0.0000 0.2132 -0.9785 1.0000	</row3>
				</transform>
			</node>
			<node>
				<identifier>	HP_FX_Fire_3_side_1	</identifier>
				<transform>
					<row0>	1.0000 0.0000 0.0000 0.0000	</row0>
					<row1>	0.0000 1.0000 0.0000 0.0000	</row1>
					<row2>	0.0000 0.0000 1.0000 0.0000	</row2>
					<row3>	-0.2047 0.1772 -1.6914 1.0000	</row3>
				</transform>
			</node>
			<node>
				<identifier>	HP_FX_Flood_water_left	</identifier>
				<transform>
					<row0>	-1.0000 0.0000 0.0000 0.0000	</row0>
					<row1>	0.0000 1.0000 0.0000 0.0000	</row1>
					<row2>	0.0000 0.0000 -1.0000 0.0000	</row2>
					<row3>	-0.2989 0.0190 -0.8472 1.0000	</row3>
				</transform>
			</node>
			<node>
				<identifier>	HP_FX_Flood_water_right	</identifier>
				<transform>
					<row0>	1.0000 0.0000 0.0000 0.0000	</row0>
					<row1>	0.0000 1.0000 0.0000 0.0000	</row1>
					<row2>	0.0000 0.0000 1.0000 0.0000	</row2>
					<row3>	0.2993 0.0184 -0.8486 1.0000	</row3>
				</transform>
			</node>
			<node>
				<identifier>	HP_Ship_death_2	</identifier>
				<transform>
					<row0>	1.0000 0.0000 0.0000 0.0000	</row0>
					<row1>	0.0000 1.0000 0.0000 0.0000	</row1>
					<row2>	0.0000 0.0000 1.0000 0.0000	</row2>
					<row3>	0.0000 0.0000 -0.4567 1.0000	</row3>
				</transform>
			</node>
			<node>
				<identifier>	HP_flag_nation	</identifier>
				<transform>
					<row0>	0.9985 -0.0554 -0.0006 0.0000	</row0>
					<row1>	0.0554 0.9982 0.0232 0.0000	</row1>
					<row2>	-0.0006 -0.0232 0.9997 0.0000	</row2>
					<row3>	-0.0003 0.9015 -1.8766 1.0000	</row3>
				</transform>
			</node>
			<node>
				<identifier>	MP_BM004_Reels	</identifier>
				<transform>
					<row0>	0.7345 0.0000 0.0000 0.0000	</row0>
					<row1>	0.0000 -0.7345 0.0000 0.0000	</row1>
					<row2>	0.0000 0.0000 -0.7345 0.0000	</row2>
					<row3>	-0.2388 0.3132 -0.1555 1.0000	</row3>
				</transform>
			</node>
			<node>
				<identifier>	MP_BM004_Reels_INDEX_1	</identifier>
				<transform>
					<row0>	0.7345 0.0000 0.0000 0.0000	</row0>
					<row1>	0.0000 -0.7345 0.0000 0.0000	</row1>
					<row2>	0.0000 0.0000 -0.7345 0.0000	</row2>
					<row3>	0.2388 0.3132 -0.1555 1.0000	</row3>
				</transform>
			</node>
			<node>
				<identifier>	MP_BM009_Depth_Charge	</identifier>
				<transform>
					<row0>	0.0000 0.0000 -1.0000 0.0000	</row0>
					<row1>	-1.0000 0.0000 0.0000 0.0000	</row1>
					<row2>	0.0000 1.0000 0.0000 0.0000	</row2>
					<row3>	0.0229 0.1985 -2.9303 1.0000	</row3>
				</transform>
			</node>
			<node>
				<identifier>	MP_BM009_Depth_Charge_INDEX_1	</identifier>
				<transform>
					<row0>	0.9755 0.0000 -0.2198 0.0000	</row0>
					<row1>	-0.2198 0.0000 -0.9755 0.0000	</row1>
					<row2>	0.0000 1.0000 0.0000 0.0000	</row2>
					<row3>	0.1260 0.1924 -2.1676 1.0000	</row3>
				</transform>
			</node>
			<node>
				<identifier>	MP_BM009_Depth_Charge_INDEX_10	</identifier>
				<transform>
					<row0>	1.0000 0.0000 0.0000 0.0000	</row0>
					<row1>	0.0000 0.0000 -1.0000 0.0000	</row1>
					<row2>	0.0000 1.0000 0.0000 0.0000	</row2>
					<row3>	-0.1308 0.1924 -1.9861 1.0000	</row3>
				</transform>
			</node>
			<node>
				<identifier>	MP_BM009_Depth_Charge_INDEX_11	</identifier>
				<transform>
					<row0>	1.0000 0.0000 0.0000 0.0000	</row0>
					<row1>	0.0000 0.0000 -1.0000 0.0000	</row1>
					<row2>	0.0000 1.0000 0.0000 0.0000	</row2>
					<row3>	0.1309 0.1924 -2.0920 1.0000	</row3>
				</transform>
			</node>
			<node>
				<identifier>	MP_BM009_Depth_Charge_INDEX_2	</identifier>
				<transform>
					<row0>	1.0000 0.0000 0.0000 0.0000	</row0>
					<row1>	0.0000 0.0000 -1.0000 0.0000	</row1>
					<row2>	0.0000 1.0000 0.0000 0.0000	</row2>
					<row3>	-0.1308 0.1924 -1.9171 1.0000	</row3>
				</transform>
			</node>
			<node>
				<identifier>	MP_BM009_Depth_Charge_INDEX_3	</identifier>
				<transform>
					<row0>	1.0000 0.0000 0.0000 0.0000	</row0>
					<row1>	0.0000 0.0000 -1.0000 0.0000	</row1>
					<row2>	0.0000 1.0000 0.0000 0.0000	</row2>
					<row3>	0.1309 0.2392 -2.0920 1.0000	</row3>
				</transform>
			</node>
			<node>
				<identifier>	MP_BM009_Depth_Charge_INDEX_4	</identifier>
				<transform>
					<row0>	0.0000 0.0000 -1.0000 0.0000	</row0>
					<row1>	-1.0000 0.0000 0.0000 0.0000	</row1>
					<row2>	0.0000 1.0000 0.0000 0.0000	</row2>
					<row3>	0.0229 0.1985 -2.9591 1.0000	</row3>
				</transform>
			</node>
			<node>
				<identifier>	MP_BM009_Depth_Charge_INDEX_5	</identifier>
				<transform>
					<row0>	0.0000 0.0068 -1.0000 0.0000	</row0>
					<row1>	-1.0000 0.0000 0.0000 0.0000	</row1>
					<row2>	0.0000 1.0000 0.0068 0.0000	</row2>
					<row3>	0.0229 0.1985 -2.9880 1.0000	</row3>
				</transform>
			</node>
			<node>
				<identifier>	MP_BM009_Depth_Charge_INDEX_6	</identifier>
				<transform>
					<row0>	1.0000 0.0000 0.0000 0.0000	</row0>
					<row1>	0.0000 0.0000 -1.0000 0.0000	</row1>
					<row2>	0.0000 1.0000 0.0000 0.0000	</row2>
					<row3>	-0.1308 0.2392 -1.9171 1.0000	</row3>
				</transform>
			</node>
			<node>
				<identifier>	MP_BM009_Depth_Charge_INDEX_7	</identifier>
				<transform>
					<row0>	1.0000 0.0000 0.0000 0.0000	</row0>
					<row1>	0.0000 0.0000 -1.0000 0.0000	</row1>
					<row2>	0.0000 1.0000 0.0000 0.0000	</row2>
					<row3>	-0.1308 0.2392 -1.9861 1.0000	</row3>
				</transform>
			</node>
			<node>
				<identifier>	MP_BM009_Depth_Charge_INDEX_8	</identifier>
				<transform>
					<row0>	0.0000 -0.0065 -1.0000 0.0000	</row0>
					<row1>	-1.0000 0.0000 0.0000 0.0000	</row1>
					<row2>	0.0000 1.0000 -0.0065 0.0000	</row2>
					<row3>	0.0229 0.1985 -2.9013 1.0000	</row3>
				</transform>
			</node>
			<node>
				<identifier>	MP_BM009_Depth_Charge_INDEX_9	</identifier>
				<transform>
					<row0>	0.9755 0.0000 -0.2198 0.0000	</row0>
					<row1>	-0.2198 0.0000 -0.9755 0.0000	</row1>
					<row2>	0.0000 1.0000 0.0000 0.0000	</row2>
					<row3>	0.1260 0.2392 -2.1676 1.0000	</row3>
				</transform>
			</node>
			<node>
				<identifier>	MP_BM025_Depth_Charge_Stowage	</identifier>
				<transform>
					<row0>	-0.9255 0.0560 0.3746 0.0000	</row0>
					<row1>	0.0590 0.9983 -0.0035 0.0000	</row1>
					<row2>	-0.3741 0.0189 -0.9272 0.0000	</row2>
					<row3>	0.1463 0.1732 -2.9810 1.0000	</row3>
				</transform>
			</node>
			<node>
				<identifier>	MP_BM025_Depth_Charge_Stowage_INDEX_1	</identifier>
				<transform>
					<row0>	0.7928 0.0220 0.6090 0.0000	</row0>
					<row1>	-0.0331 0.9994 0.0070 0.0000	</row1>
					<row2>	-0.6085 -0.0257 0.7931 0.0000	</row2>
					<row3>	-0.1007 0.1752 -3.0614 1.0000	</row3>
				</transform>
			</node>
			<node>
				<identifier>	MP_BM025_Depth_Charge_Stowage_INDEX_2	</identifier>
				<transform>
					<row0>	0.9235 0.0559 0.3794 0.0000	</row0>
					<row1>	-0.0590 0.9983 -0.0035 0.0000	</row1>
					<row2>	-0.3790 -0.0192 0.9252 0.0000	</row2>
					<row3>	-0.1463 0.1732 -2.9810 1.0000	</row3>
				</transform>
			</node>
			<node>
				<identifier>	MP_BM025_Depth_Charge_Stowage_INDEX_3	</identifier>
				<transform>
					<row0>	-0.7984 0.0222 0.6018 0.0000	</row0>
					<row1>	0.0331 0.9994 0.0070 0.0000	</row1>
					<row2>	-0.6013 0.0255 -0.7986 0.0000	</row2>
					<row3>	0.1007 0.1752 -3.0614 1.0000	</row3>
				</transform>
			</node>
			<node>
				<identifier>	MP_BM038_Helmets	</identifier>
				<transform>
					<row0>	1.0000 0.0000 0.0000 0.0000	</row0>
					<row1>	0.0000 1.0000 0.0000 0.0000	</row1>
					<row2>	0.0000 0.0000 1.0000 0.0000	</row2>
					<row3>	-0.0796 0.1916 -1.8942 1.0000	</row3>
				</transform>
			</node>
			<node>
				<identifier>	MP_BM038_Helmets_INDEX_1	</identifier>
				<transform>
					<row0>	-1.0000 0.0000 0.0000 0.0000	</row0>
					<row1>	0.0000 1.0000 0.0000 0.0000	</row1>
					<row2>	0.0000 0.0000 -1.0000 0.0000	</row2>
					<row3>	-0.0471 0.2013 -0.2345 1.0000	</row3>
				</transform>
			</node>
			<node>
				<identifier>	MP_BM039_Artillery_shell	</identifier>
				<transform>
					<row0>	-0.9241 0.0000 -0.3822 0.0000	</row0>
					<row1>	0.0000 1.0000 0.0000 0.0000	</row1>
					<row2>	0.3822 0.0000 -0.9241 0.0000	</row2>
					<row3>	-0.2003 0.3278 -2.1641 1.0000	</row3>
				</transform>
			</node>
			<node>
				<identifier>	MP_BM039_Artillery_shell_INDEX_1	</identifier>
				<transform>
					<row0>	0.8056 0.0000 0.5925 0.0000	</row0>
					<row1>	0.0000 1.0000 0.0000 0.0000	</row1>
					<row2>	-0.5925 0.0000 0.8056 0.0000	</row2>
					<row3>	0.1687 0.3278 -1.9875 1.0000	</row3>
				</transform>
			</node>
			<node>
				<identifier>	MP_BM039_Artillery_shell_INDEX_10	</identifier>
				<transform>
					<row0>	0.9518 0.0000 0.3067 0.0000	</row0>
					<row1>	0.0000 1.0000 0.0000 0.0000	</row1>
					<row2>	-0.3067 0.0000 0.9518 0.0000	</row2>
					<row3>	0.2002 0.3278 -2.0521 1.0000	</row3>
				</transform>
			</node>
			<node>
				<identifier>	MP_BM039_Artillery_shell_INDEX_11	</identifier>
				<transform>
					<row0>	-1.0000 0.0000 0.0000 0.0000	</row0>
					<row1>	0.0000 1.0000 0.0000 0.0000	</row1>
					<row2>	0.0000 0.0000 -1.0000 0.0000	</row2>
					<row3>	-0.0582 0.3369 -2.3800 1.0000	</row3>
				</transform>
			</node>
			<node>
				<identifier>	MP_BM039_Artillery_shell_INDEX_12	</identifier>
				<transform>
					<row0>	-1.0000 0.0000 0.0000 0.0000	</row0>
					<row1>	0.0000 1.0000 0.0000 0.0000	</row1>
					<row2>	0.0000 0.0000 -1.0000 0.0000	</row2>
					<row3>	-0.0582 0.3278 -2.3245 1.0000	</row3>
				</transform>
			</node>
			<node>
				<identifier>	MP_BM039_Artillery_shell_INDEX_13	</identifier>
				<transform>
					<row0>	-0.9905 0.0000 -0.1377 0.0000	</row0>
					<row1>	0.0000 1.0000 0.0000 0.0000	</row1>
					<row2>	0.1377 0.0000 -0.9905 0.0000	</row2>
					<row3>	-0.1858 0.1703 -2.8089 1.0000	</row3>
				</transform>
			</node>
			<node>
				<identifier>	MP_BM039_Artillery_shell_INDEX_14	</identifier>
				<transform>
					<row0>	0.9908 0.0000 -0.1354 0.0000	</row0>
					<row1>	0.0000 1.0000 0.0000 0.0000	</row1>
					<row2>	0.1354 0.0000 0.9908 0.0000	</row2>
					<row3>	0.1858 0.1703 -2.8089 1.0000	</row3>
				</transform>
			</node>
			<node>
				<identifier>	MP_BM039_Artillery_shell_INDEX_15	</identifier>
				<transform>
					<row0>	0.9916 0.0000 0.1291 0.0000	</row0>
					<row1>	0.0000 1.0000 0.0000 0.0000	</row1>
					<row2>	-0.1291 0.0000 0.9916 0.0000	</row2>
					<row3>	0.2036 0.3278 -2.0715 1.0000	</row3>
				</transform>
			</node>
			<node>
				<identifier>	MP_BM039_Artillery_shell_INDEX_16	</identifier>
				<transform>
					<row0>	0.7890 0.0000 -0.6144 0.0000	</row0>
					<row1>	0.0000 1.0000 0.0000 0.0000	</row1>
					<row2>	0.6144 0.0000 0.7890 0.0000	</row2>
					<row3>	0.1486 0.3278 -2.2431 1.0000	</row3>
				</transform>
			</node>
			<node>
				<identifier>	MP_BM039_Artillery_shell_INDEX_17	</identifier>
				<transform>
					<row0>	0.9993 0.0000 -0.0384 0.0000	</row0>
					<row1>	0.0000 1.0000 0.0000 0.0000	</row1>
					<row2>	0.0384 0.0000 0.9993 0.0000	</row2>
					<row3>	0.2503 0.1653 -1.9091 1.0000	</row3>
				</transform>
			</node>
			<node>
				<identifier>	MP_BM039_Artillery_shell_INDEX_18	</identifier>
				<transform>
					<row0>	1.0000 0.0000 0.0000 0.0000	</row0>
					<row1>	0.0000 1.0000 0.0000 0.0000	</row1>
					<row2>	0.0000 0.0000 1.0000 0.0000	</row2>
					<row3>	0.0582 0.3368 -2.3800 1.0000	</row3>
				</transform>
			</node>
			<node>
				<identifier>	MP_BM039_Artillery_shell_INDEX_19	</identifier>
				<transform>
					<row0>	0.9992 0.0000 -0.0410 0.0000	</row0>
					<row1>	0.0000 1.0000 0.0000 0.0000	</row1>
					<row2>	0.0410 0.0000 0.9992 0.0000	</row2>
					<row3>	0.2444 0.1656 -2.0603 1.0000	</row3>
				</transform>
			</node>
			<node>
				<identifier>	MP_BM039_Artillery_shell_INDEX_2	</identifier>
				<transform>
					<row0>	-0.9229 0.0000 -0.3850 0.0000	</row0>
					<row1>	0.0000 1.0000 0.0000 0.0000	</row1>
					<row2>	0.3850 0.0000 -0.9229 0.0000	</row2>
					<row3>	-0.1823 0.3278 -2.2075 1.0000	</row3>
				</transform>
			</node>
			<node>
				<identifier>	MP_BM039_Artillery_shell_INDEX_20	</identifier>
				<transform>
					<row0>	-0.7890 0.0000 -0.6144 0.0000	</row0>
					<row1>	0.0000 1.0000 0.0000 0.0000	</row1>
					<row2>	0.6144 0.0000 -0.7890 0.0000	</row2>
					<row3>	-0.1486 0.3278 -2.2432 1.0000	</row3>
				</transform>
			</node>
			<node>
				<identifier>	MP_BM039_Artillery_shell_INDEX_21	</identifier>
				<transform>
					<row0>	-0.9233 0.0000 0.3841 0.0000	</row0>
					<row1>	0.0000 1.0000 0.0000 0.0000	</row1>
					<row2>	-0.3841 0.0000 -0.9233 0.0000	</row2>
					<row3>	-0.1925 0.3278 -2.0325 1.0000	</row3>
				</transform>
			</node>
			<node>
				<identifier>	MP_BM039_Artillery_shell_INDEX_22	</identifier>
				<transform>
					<row0>	-0.9986 0.0000 -0.0528 0.0000	</row0>
					<row1>	0.0000 1.0000 0.0000 0.0000	</row1>
					<row2>	0.0528 0.0000 -0.9986 0.0000	</row2>
					<row3>	-0.2349 0.1665 -2.2628 1.0000	</row3>
				</transform>
			</node>
			<node>
				<identifier>	MP_BM039_Artillery_shell_INDEX_23	</identifier>
				<transform>
					<row0>	0.8070 0.0000 0.5906 0.0000	</row0>
					<row1>	0.0000 1.0000 0.0000 0.0000	</row1>
					<row2>	-0.5906 0.0000 0.8070 0.0000	</row2>
					<row3>	0.1403 0.3278 -1.9488 1.0000	</row3>
				</transform>
			</node>
			<node>
				<identifier>	MP_BM039_Artillery_shell_INDEX_24	</identifier>
				<transform>
					<row0>	-0.9979 0.0000 -0.0651 0.0000	</row0>
					<row1>	0.0000 1.0000 0.0000 0.0000	</row1>
					<row2>	0.0651 0.0000 -0.9979 0.0000	</row2>
					<row3>	-0.2231 0.1674 -2.4605 1.0000	</row3>
				</transform>
			</node>
			<node>
				<identifier>	MP_BM039_Artillery_shell_INDEX_25	</identifier>
				<transform>
					<row0>	0.9979 0.0000 -0.0650 0.0000	</row0>
					<row1>	0.0000 1.0000 0.0000 0.0000	</row1>
					<row2>	0.0650 0.0000 0.9979 0.0000	</row2>
					<row3>	0.2231 0.1674 -2.4605 1.0000	</row3>
				</transform>
			</node>
			<node>
				<identifier>	MP_BM039_Artillery_shell_INDEX_26	</identifier>
				<transform>
					<row0>	-0.9980 0.0000 -0.0625 0.0000	</row0>
					<row1>	0.0000 1.0000 0.0000 0.0000	</row1>
					<row2>	0.0625 0.0000 -0.9980 0.0000	</row2>
					<row3>	-0.2291 0.1668 -2.3663 1.0000	</row3>
				</transform>
			</node>
			<node>
				<identifier>	MP_BM039_Artillery_shell_INDEX_27	</identifier>
				<transform>
					<row0>	0.9939 0.0000 -0.1101 0.0000	</row0>
					<row1>	0.0000 1.0000 0.0000 0.0000	</row1>
					<row2>	0.1101 0.0000 0.9939 0.0000	</row2>
					<row3>	0.2082 0.1687 -2.6314 1.0000	</row3>
				</transform>
			</node>
			<node>
				<identifier>	MP_BM039_Artillery_shell_INDEX_28	</identifier>
				<transform>
					<row0>	0.8051 0.0000 0.5932 0.0000	</row0>
					<row1>	0.0000 1.0000 0.0000 0.0000	</row1>
					<row2>	-0.5932 0.0000 0.8051 0.0000	</row2>
					<row3>	0.1547 0.3278 -1.9685 1.0000	</row3>
				</transform>
			</node>
			<node>
				<identifier>	MP_BM039_Artillery_shell_INDEX_29	</identifier>
				<transform>
					<row0>	0.9238 0.0000 0.3828 0.0000	</row0>
					<row1>	0.0000 1.0000 0.0000 0.0000	</row1>
					<row2>	-0.3828 0.0000 0.9238 0.0000	</row2>
					<row3>	0.1830 0.3278 -2.0096 1.0000	</row3>
				</transform>
			</node>
			<node>
				<identifier>	MP_BM039_Artillery_shell_INDEX_3	</identifier>
				<transform>
					<row0>	-0.9915 0.0000 -0.1304 0.0000	</row0>
					<row1>	0.0000 1.0000 0.0000 0.0000	</row1>
					<row2>	0.1304 0.0000 -0.9915 0.0000	</row2>
					<row3>	-0.2068 0.3278 -2.1198 1.0000	</row3>
				</transform>
			</node>
			<node>
				<identifier>	MP_BM039_Artillery_shell_INDEX_30	</identifier>
				<transform>
					<row0>	-0.9993 0.0000 -0.0384 0.0000	</row0>
					<row1>	0.0000 1.0000 0.0000 0.0000	</row1>
					<row2>	0.0384 0.0000 -0.9993 0.0000	</row2>
					<row3>	-0.2524 0.1653 -1.8550 1.0000	</row3>
				</transform>
			</node>
			<node>
				<identifier>	MP_BM039_Artillery_shell_INDEX_31	</identifier>
				<transform>
					<row0>	-0.8056 0.0000 0.5925 0.0000	</row0>
					<row1>	0.0000 1.0000 0.0000 0.0000	</row1>
					<row2>	-0.5925 0.0000 -0.8056 0.0000	</row2>
					<row3>	-0.1687 0.3278 -1.9875 1.0000	</row3>
				</transform>
			</node>
			<node>
				<identifier>	MP_BM039_Artillery_shell_INDEX_32	</identifier>
				<transform>
					<row0>	-0.9914 0.0000 0.1306 0.0000	</row0>
					<row1>	0.0000 1.0000 0.0000 0.0000	</row1>
					<row2>	-0.1306 0.0000 -0.9914 0.0000	</row2>
					<row3>	-0.2036 0.3278 -2.0715 1.0000	</row3>
				</transform>
			</node>
			<node>
				<identifier>	MP_BM039_Artillery_shell_INDEX_33	</identifier>
				<transform>
					<row0>	0.9229 0.0000 -0.3850 0.0000	</row0>
					<row1>	0.0000 1.0000 0.0000 0.0000	</row1>
					<row2>	0.3850 0.0000 0.9229 0.0000	</row2>
					<row3>	0.1823 0.3278 -2.2075 1.0000	</row3>
				</transform>
			</node>
			<node>
				<identifier>	MP_BM039_Artillery_shell_INDEX_34	</identifier>
				<transform>
					<row0>	0.9233 0.0000 0.3842 0.0000	</row0>
					<row1>	0.0000 1.0000 0.0000 0.0000	</row1>
					<row2>	-0.3842 0.0000 0.9233 0.0000	</row2>
					<row3>	0.1925 0.3278 -2.0325 1.0000	</row3>
				</transform>
			</node>
			<node>
				<identifier>	MP_BM039_Artillery_shell_INDEX_35	</identifier>
				<transform>
					<row0>	-0.8051 0.0000 0.5932 0.0000	</row0>
					<row1>	0.0000 1.0000 0.0000 0.0000	</row1>
					<row2>	-0.5932 0.0000 -0.8051 0.0000	</row2>
					<row3>	-0.1547 0.3278 -1.9685 1.0000	</row3>
				</transform>
			</node>
			<node>
				<identifier>	MP_BM039_Artillery_shell_INDEX_36	</identifier>
				<transform>
					<row0>	0.9241 0.0000 -0.3822 0.0000	</row0>
					<row1>	0.0000 1.0000 0.0000 0.0000	</row1>
					<row2>	0.3822 0.0000 0.9241 0.0000	</row2>
					<row3>	0.2003 0.3278 -2.1641 1.0000	</row3>
				</transform>
			</node>
			<node>
				<identifier>	MP_BM039_Artillery_shell_INDEX_37	</identifier>
				<transform>
					<row0>	-0.9991 0.0000 -0.0415 0.0000	</row0>
					<row1>	0.0000 1.0000 0.0000 0.0000	</row1>
					<row2>	0.0415 0.0000 -0.9991 0.0000	</row2>
					<row3>	-0.2444 0.1656 -2.0603 1.0000	</row3>
				</transform>
			</node>
			<node>
				<identifier>	MP_BM039_Artillery_shell_INDEX_38	</identifier>
				<transform>
					<row0>	-0.9993 0.0000 -0.0384 0.0000	</row0>
					<row1>	0.0000 1.0000 0.0000 0.0000	</row1>
					<row2>	0.0384 0.0000 -0.9993 0.0000	</row2>
					<row3>	-0.2464 0.1653 -2.0093 1.0000	</row3>
				</transform>
			</node>
			<node>
				<identifier>	MP_BM039_Artillery_shell_INDEX_39	</identifier>
				<transform>
					<row0>	-0.8067 0.0000 0.5909 0.0000	</row0>
					<row1>	0.0000 1.0000 0.0000 0.0000	</row1>
					<row2>	-0.5909 0.0000 -0.8067 0.0000	</row2>
					<row3>	-0.1126 0.3278 -1.9111 1.0000	</row3>
				</transform>
			</node>
			<node>
				<identifier>	MP_BM039_Artillery_shell_INDEX_4	</identifier>
				<transform>
					<row0>	0.9986 0.0000 -0.0528 0.0000	</row0>
					<row1>	0.0000 1.0000 0.0000 0.0000	</row1>
					<row2>	0.0528 0.0000 0.9986 0.0000	</row2>
					<row3>	0.2349 0.1665 -2.2628 1.0000	</row3>
				</transform>
			</node>
			<node>
				<identifier>	MP_BM039_Artillery_shell_INDEX_40	</identifier>
				<transform>
					<row0>	0.0000 0.0000 -1.0000 0.0000	</row0>
					<row1>	0.0000 1.0000 0.0000 0.0000	</row1>
					<row2>	1.0000 0.0000 0.0000 0.0000	</row2>
					<row3>	-0.0368 0.3278 -2.3471 1.0000	</row3>
				</transform>
			</node>
			<node>
				<identifier>	MP_BM039_Artillery_shell_INDEX_41	</identifier>
				<transform>
					<row0>	-0.9987 0.0000 -0.0515 0.0000	</row0>
					<row1>	0.0000 1.0000 0.0000 0.0000	</row1>
					<row2>	0.0515 0.0000 -0.9987 0.0000	</row2>
					<row3>	-0.2399 0.1660 -2.1674 1.0000	</row3>
				</transform>
			</node>
			<node>
				<identifier>	MP_BM039_Artillery_shell_INDEX_42	</identifier>
				<transform>
					<row0>	-0.9518 0.0000 0.3067 0.0000	</row0>
					<row1>	0.0000 1.0000 0.0000 0.0000	</row1>
					<row2>	-0.3067 0.0000 -0.9518 0.0000	</row2>
					<row3>	-0.2002 0.3278 -2.0521 1.0000	</row3>
				</transform>
			</node>
			<node>
				<identifier>	MP_BM039_Artillery_shell_INDEX_43	</identifier>
				<transform>
					<row0>	-0.9993 0.0000 -0.0384 0.0000	</row0>
					<row1>	0.0000 1.0000 0.0000 0.0000	</row1>
					<row2>	0.0384 0.0000 -0.9993 0.0000	</row2>
					<row3>	-0.2483 0.1653 -1.9601 1.0000	</row3>
				</transform>
			</node>
			<node>
				<identifier>	MP_BM039_Artillery_shell_INDEX_44	</identifier>
				<transform>
					<row0>	0.0000 0.0000 -1.0000 0.0000	</row0>
					<row1>	0.0000 1.0000 0.0000 0.0000	</row1>
					<row2>	1.0000 0.0000 0.0000 0.0000	</row2>
					<row3>	0.0123 0.3278 -2.3471 1.0000	</row3>
				</transform>
			</node>
			<node>
				<identifier>	MP_BM039_Artillery_shell_INDEX_45	</identifier>
				<transform>
					<row0>	-0.8070 0.0000 0.5906 0.0000	</row0>
					<row1>	0.0000 1.0000 0.0000 0.0000	</row1>
					<row2>	-0.5906 0.0000 -0.8070 0.0000	</row2>
					<row3>	-0.1403 0.3278 -1.9488 1.0000	</row3>
				</transform>
			</node>
			<node>
				<identifier>	MP_BM039_Artillery_shell_INDEX_46	</identifier>
				<transform>
					<row0>	-0.9991 0.0000 -0.0412 0.0000	</row0>
					<row1>	0.0000 1.0000 0.0000 0.0000	</row1>
					<row2>	0.0412 0.0000 -0.9991 0.0000	</row2>
					<row3>	-0.2427 0.1657 -2.1003 1.0000	</row3>
				</transform>
			</node>
			<node>
				<identifier>	MP_BM039_Artillery_shell_INDEX_47	</identifier>
				<transform>
					<row0>	-0.9938 0.0000 -0.1113 0.0000	</row0>
					<row1>	0.0000 1.0000 0.0000 0.0000	</row1>
					<row2>	0.1113 0.0000 -0.9938 0.0000	</row2>
					<row3>	-0.2082 0.1687 -2.6314 1.0000	</row3>
				</transform>
			</node>
			<node>
				<identifier>	MP_BM039_Artillery_shell_INDEX_48	</identifier>
				<transform>
					<row0>	0.9993 0.0000 -0.0384 0.0000	</row0>
					<row1>	0.0000 1.0000 0.0000 0.0000	</row1>
					<row2>	0.0384 0.0000 0.9993 0.0000	</row2>
					<row3>	0.2524 0.1653 -1.8550 1.0000	</row3>
				</transform>
			</node>
			<node>
				<identifier>	MP_BM039_Artillery_shell_INDEX_49	</identifier>
				<transform>
					<row0>	0.9915 0.0000 -0.1304 0.0000	</row0>
					<row1>	0.0000 1.0000 0.0000 0.0000	</row1>
					<row2>	0.1304 0.0000 0.9915 0.0000	</row2>
					<row3>	0.2068 0.3278 -2.1198 1.0000	</row3>
				</transform>
			</node>
			<node>
				<identifier>	MP_BM039_Artillery_shell_INDEX_5	</identifier>
				<transform>
					<row0>	0.9993 0.0000 -0.0384 0.0000	</row0>
					<row1>	0.0000 1.0000 0.0000 0.0000	</row1>
					<row2>	0.0384 0.0000 0.9993 0.0000	</row2>
					<row3>	0.2483 0.1653 -1.9601 1.0000	</row3>
				</transform>
			</node>
			<node>
				<identifier>	MP_BM039_Artillery_shell_INDEX_50	</identifier>
				<transform>
					<row0>	0.8067 0.0000 0.5909 0.0000	</row0>
					<row1>	0.0000 1.0000 0.0000 0.0000	</row1>
					<row2>	-0.5909 0.0000 0.8067 0.0000	</row2>
					<row3>	0.1126 0.3278 -1.9111 1.0000	</row3>
				</transform>
			</node>
			<node>
				<identifier>	MP_BM039_Artillery_shell_INDEX_51	</identifier>
				<transform>
					<row0>	1.0000 0.0000 0.0000 0.0000	</row0>
					<row1>	0.0000 1.0000 0.0000 0.0000	</row1>
					<row2>	0.0000 0.0000 1.0000 0.0000	</row2>
					<row3>	-0.0061 0.3278 -2.3338 1.0000	</row3>
				</transform>
			</node>
			<node>
				<identifier>	MP_BM039_Artillery_shell_INDEX_52	</identifier>
				<transform>
					<row0>	0.9986 0.0000 -0.0531 0.0000	</row0>
					<row1>	0.0000 1.0000 0.0000 0.0000	</row1>
					<row2>	0.0531 0.0000 0.9986 0.0000	</row2>
					<row3>	0.2399 0.1660 -2.1674 1.0000	</row3>
				</transform>
			</node>
			<node>
				<identifier>	MP_BM039_Artillery_shell_INDEX_53	</identifier>
				<transform>
					<row0>	0.9992 0.0000 -0.0406 0.0000	</row0>
					<row1>	0.0000 1.0000 0.0000 0.0000	</row1>
					<row2>	0.0406 0.0000 0.9992 0.0000	</row2>
					<row3>	0.2428 0.1657 -2.1003 1.0000	</row3>
				</transform>
			</node>
			<node>
				<identifier>	MP_BM039_Artillery_shell_INDEX_6	</identifier>
				<transform>
					<row0>	1.0000 0.0000 0.0000 0.0000	</row0>
					<row1>	0.0000 1.0000 0.0000 0.0000	</row1>
					<row2>	0.0000 0.0000 1.0000 0.0000	</row2>
					<row3>	0.0582 0.3278 -2.3245 1.0000	</row3>
				</transform>
			</node>
			<node>
				<identifier>	MP_BM039_Artillery_shell_INDEX_7	</identifier>
				<transform>
					<row0>	0.9980 0.0000 -0.0625 0.0000	</row0>
					<row1>	0.0000 1.0000 0.0000 0.0000	</row1>
					<row2>	0.0625 0.0000 0.9980 0.0000	</row2>
					<row3>	0.2291 0.1668 -2.3663 1.0000	</row3>
				</transform>
			</node>
			<node>
				<identifier>	MP_BM039_Artillery_shell_INDEX_8	</identifier>
				<transform>
					<row0>	0.0000 0.0000 -1.0000 0.0000	</row0>
					<row1>	0.0000 1.0000 0.0000 0.0000	</row1>
					<row2>	1.0000 0.0000 0.0000 0.0000	</row2>
					<row3>	0.1104 0.3278 -2.2788 1.0000	</row3>
				</transform>
			</node>
			<node>
				<identifier>	MP_BM039_Artillery_shell_INDEX_9	</identifier>
				<transform>
					<row0>	0.0000 0.0000 -1.0000 0.0000	</row0>
					<row1>	0.0000 1.0000 0.0000 0.0000	</row1>
					<row2>	1.0000 0.0000 0.0000 0.0000	</row2>
					<row3>	-0.1104 0.3278 -2.2788 1.0000	</row3>
				</transform>
			</node>
			<node>
				<identifier>	MP_BM053_Depth_Charge_Thrower	</identifier>
				<transform>
					<row0>	1.0000 0.0000 0.0000 0.0000	</row0>
					<row1>	0.0000 1.0000 0.0000 0.0000	</row1>
					<row2>	0.0000 0.0000 1.0000 0.0000	</row2>
					<row3>	0.2064 0.1811 -1.6837 1.0000	</row3>
				</transform>
			</node>
			<node>
				<identifier>	MP_BM053_Depth_Charge_Thrower_INDEX_1	</identifier>
				<transform>
					<row0>	-1.0000 0.0000 0.0000 0.0000	</row0>
					<row1>	0.0000 1.0000 0.0000 0.0000	</row1>
					<row2>	0.0000 0.0000 -1.0000 0.0000	</row2>
					<row3>	-0.2064 0.1811 -1.6837 1.0000	</row3>
				</transform>
			</node>
			<node>
				<identifier>	MP_BM509_Liferaft_type_20_10ft	</identifier>
				<transform>
					<row0>	0.0000 0.4081 -0.9129 0.0000	</row0>
					<row1>	0.0000 0.9129 0.4081 0.0000	</row1>
					<row2>	1.0000 0.0000 0.0000 0.0000	</row2>
					<row3>	0.0000 0.2711 0.3993 1.0000	</row3>
				</transform>
			</node>
			<node>
				<identifier>	MP_BM509_Liferaft_type_20_10ft_INDEX_1	</identifier>
				<transform>
					<row0>	0.0000 0.0000 1.0000 0.0000	</row0>
					<row1>	0.0000 1.0000 0.0000 0.0000	</row1>
					<row2>	-1.0000 0.0000 0.0000 0.0000	</row2>
					<row3>	0.0000 0.3431 -0.2971 1.0000	</row3>
				</transform>
			</node>
			<node>
				<identifier>	MP_BM509_Liferaft_type_20_10ft_INDEX_2	</identifier>
				<transform>
					<row0>	0.0000 0.0000 1.0000 0.0000	</row0>
					<row1>	0.0000 1.0000 0.0000 0.0000	</row1>
					<row2>	-1.0000 0.0000 0.0000 0.0000	</row2>
					<row3>	0.0000 0.3185 -0.2971 1.0000	</row3>
				</transform>
			</node>
			<node>
				<identifier>	MP_BM509_Liferaft_type_20_10ft_INDEX_3	</identifier>
				<transform>
					<row0>	0.0000 0.4081 -0.9129 0.0000	</row0>
					<row1>	0.0000 0.9129 0.4081 0.0000	</row1>
					<row2>	1.0000 0.0000 0.0000 0.0000	</row2>
					<row3>	0.0000 0.2441 0.3993 1.0000	</row3>
				</transform>
			</node>
			<node>
				<identifier>	MP_BM603_Compass_Binnacle	</identifier>
				<transform>
					<row0>	1.0000 0.0000 0.0000 0.0000	</row0>
					<row1>	0.0000 1.0000 0.0000 0.0000	</row1>
					<row2>	0.0000 0.0000 1.0000 0.0000	</row2>
					<row3>	0.0000 0.1789 -1.7477 1.0000	</row3>
				</transform>
			</node>
			<node>
				<identifier>	MP_BM607_Telegraph_Engine_R	</identifier>
				<transform>
					<row0>	0.7071 0.0000 0.7071 0.0000	</row0>
					<row1>	0.0000 1.0000 0.0000 0.0000	</row1>
					<row2>	-0.7071 0.0000 0.7071 0.0000	</row2>
					<row3>	0.0280 0.1761 -1.7684 1.0000	</row3>
				</transform>
			</node>
			<node>
				<identifier>	MP_BM629_Telegraph_Engine_L	</identifier>
				<transform>
					<row0>	0.7071 0.0000 -0.7071 0.0000	</row0>
					<row1>	0.0000 1.0000 0.0000 0.0000	</row1>
					<row2>	0.7071 0.0000 0.7071 0.0000	</row2>
					<row3>	-0.0284 0.1761 -1.7684 1.0000	</row3>
				</transform>
			</node>
			<node>
				<identifier>	MP_BM720_Locker	</identifier>
				<transform>
					<row0>	-0.2079 0.0000 0.9781 0.0000	</row0>
					<row1>	0.0000 1.0000 0.0000 0.0000	</row1>
					<row2>	-0.9781 0.0000 -0.2079 0.0000	</row2>
					<row3>	-0.0936 0.1754 -2.3278 1.0000	</row3>
				</transform>
			</node>
			<node>
				<identifier>	MP_BM720_Locker_INDEX_1	</identifier>
				<transform>
					<row0>	-1.0000 0.0000 0.0000 0.0000	</row0>
					<row1>	0.0000 1.0000 0.0000 0.0000	</row1>
					<row2>	0.0000 0.0000 -1.0000 0.0000	</row2>
					<row3>	-0.0355 0.3283 -1.9128 1.0000	</row3>
				</transform>
			</node>
			<node>
				<identifier>	MP_BM720_Locker_INDEX_10	</identifier>
				<transform>
					<row0>	0.0000 0.0000 -1.0000 0.0000	</row0>
					<row1>	0.0000 1.0000 0.0000 0.0000	</row1>
					<row2>	1.0000 0.0000 0.0000 0.0000	</row2>
					<row3>	-0.0265 0.3283 -2.2720 1.0000	</row3>
				</transform>
			</node>
			<node>
				<identifier>	MP_BM720_Locker_INDEX_2	</identifier>
				<transform>
					<row0>	0.0000 0.0000 -1.0000 0.0000	</row0>
					<row1>	0.0000 1.0000 0.0000 0.0000	</row1>
					<row2>	1.0000 0.0000 0.0000 0.0000	</row2>
					<row3>	0.0451 0.1783 -2.6789 1.0000	</row3>
				</transform>
			</node>
			<node>
				<identifier>	MP_BM720_Locker_INDEX_3	</identifier>
				<transform>
					<row0>	-1.0000 0.0000 0.0000 0.0000	</row0>
					<row1>	0.0000 1.0000 0.0000 0.0000	</row1>
					<row2>	0.0000 0.0000 -1.0000 0.0000	</row2>
					<row3>	0.0355 0.3283 -1.9128 1.0000	</row3>
				</transform>
			</node>
			<node>
				<identifier>	MP_BM720_Locker_INDEX_4	</identifier>
				<transform>
					<row0>	-0.2079 0.0000 -0.9781 0.0000	</row0>
					<row1>	0.0000 1.0000 0.0000 0.0000	</row1>
					<row2>	0.9781 0.0000 -0.2079 0.0000	</row2>
					<row3>	0.1118 0.1747 -2.2417 1.0000	</row3>
				</transform>
			</node>
			<node>
				<identifier>	MP_BM720_Locker_INDEX_5	</identifier>
				<transform>
					<row0>	-0.6905 0.0000 -0.7233 0.0000	</row0>
					<row1>	0.0000 1.0000 0.0000 0.0000	</row1>
					<row2>	0.7233 0.0000 -0.6905 0.0000	</row2>
					<row3>	-0.1184 0.3283 -1.9581 1.0000	</row3>
				</transform>
			</node>
			<node>
				<identifier>	MP_BM720_Locker_INDEX_6	</identifier>
				<transform>
					<row0>	0.0000 0.0000 -1.0000 0.0000	</row0>
					<row1>	0.0000 1.0000 0.0000 0.0000	</row1>
					<row2>	1.0000 0.0000 0.0000 0.0000	</row2>
					<row3>	-0.0451 0.1783 -2.6789 1.0000	</row3>
				</transform>
			</node>
			<node>
				<identifier>	MP_BM720_Locker_INDEX_7	</identifier>
				<transform>
					<row0>	0.0000 0.0000 -1.0000 0.0000	</row0>
					<row1>	0.0000 1.0000 0.0000 0.0000	</row1>
					<row2>	1.0000 0.0000 0.0000 0.0000	</row2>
					<row3>	-0.0660 0.3283 -2.2643 1.0000	</row3>
				</transform>
			</node>
			<node>
				<identifier>	MP_BM720_Locker_INDEX_8	</identifier>
				<transform>
					<row0>	-0.6905 0.0000 0.7233 0.0000	</row0>
					<row1>	0.0000 1.0000 0.0000 0.0000	</row1>
					<row2>	-0.7233 0.0000 -0.6905 0.0000	</row2>
					<row3>	0.1184 0.3283 -1.9581 1.0000	</row3>
				</transform>
			</node>
			<node>
				<identifier>	MP_BM720_Locker_INDEX_9	</identifier>
				<transform>
					<row0>	-0.2079 0.0000 -0.9781 0.0000	</row0>
					<row1>	0.0000 1.0000 0.0000 0.0000	</row1>
					<row2>	0.9781 0.0000 -0.2079 0.0000	</row2>
					<row3>	0.0936 0.1754 -2.3278 1.0000	</row3>
				</transform>
			</node>
			<node>
				<identifier>	MP_BM765_24in_round_hatch	</identifier>
				<transform>
					<row0>	-1.0829 0.0000 0.0000 0.0000	</row0>
					<row1>	0.0000 1.0829 0.0000 0.0000	</row1>
					<row2>	0.0000 0.0000 -1.0829 0.0000	</row2>
					<row3>	0.0000 0.1755 -2.3219 1.0000	</row3>
				</transform>
			</node>
			<node>
				<identifier>	MP_BM765_24in_round_hatch_INDEX_1	</identifier>
				<transform>
					<row0>	-1.0000 0.0000 0.0000 0.0000	</row0>
					<row1>	0.0000 1.0000 0.0000 0.0000	</row1>
					<row2>	0.0000 0.0000 -1.0000 0.0000	</row2>
					<row3>	-0.1175 0.1726 -1.3514 1.0000	</row3>
				</transform>
			</node>
			<node>
				<identifier>	MP_BM765_24in_round_hatch_INDEX_10	</identifier>
				<transform>
					<row0>	-1.2448 0.0000 0.0000 0.0000	</row0>
					<row1>	0.0000 1.2448 0.0000 0.0000	</row1>
					<row2>	0.0000 0.0000 -1.2448 0.0000	</row2>
					<row3>	0.0815 0.3250 -1.9259 1.0000	</row3>
				</transform>
			</node>
			<node>
				<identifier>	MP_BM765_24in_round_hatch_INDEX_11	</identifier>
				<transform>
					<row0>	1.0000 0.0000 0.0000 0.0000	</row0>
					<row1>	0.0000 0.9135 0.4067 0.0000	</row1>
					<row2>	0.0000 -0.4067 0.9135 0.0000	</row2>
					<row3>	-0.0502 0.1848 -0.2716 1.0000	</row3>
				</transform>
			</node>
			<node>
				<identifier>	MP_BM765_24in_round_hatch_INDEX_2	</identifier>
				<transform>
					<row0>	-1.0000 0.0000 0.0000 0.0000	</row0>
					<row1>	0.0000 1.0000 0.0000 0.0000	</row1>
					<row2>	0.0000 0.0000 -1.0000 0.0000	</row2>
					<row3>	0.1066 0.1726 -1.1943 1.0000	</row3>
				</transform>
			</node>
			<node>
				<identifier>	MP_BM765_24in_round_hatch_INDEX_3	</identifier>
				<transform>
					<row0>	-1.0000 0.0000 0.0000 0.0000	</row0>
					<row1>	0.0000 1.0000 0.0000 0.0000	</row1>
					<row2>	0.0000 0.0000 -1.0000 0.0000	</row2>
					<row3>	0.0535 0.1958 -0.3952 1.0000	</row3>
				</transform>
			</node>
			<node>
				<identifier>	MP_BM765_24in_round_hatch_INDEX_4	</identifier>
				<transform>
					<row0>	1.0000 0.0000 0.0000 0.0000	</row0>
					<row1>	0.0000 0.9135 0.4067 0.0000	</row1>
					<row2>	0.0000 -0.4067 0.9135 0.0000	</row2>
					<row3>	0.0502 0.1848 -0.2716 1.0000	</row3>
				</transform>
			</node>
			<node>
				<identifier>	MP_BM765_24in_round_hatch_INDEX_5	</identifier>
				<transform>
					<row0>	-1.0000 0.0000 0.0000 0.0000	</row0>
					<row1>	0.0000 1.0000 0.0000 0.0000	</row1>
					<row2>	0.0000 0.0000 -1.0000 0.0000	</row2>
					<row3>	-0.0535 0.1958 -0.3952 1.0000	</row3>
				</transform>
			</node>
			<node>
				<identifier>	MP_BM765_24in_round_hatch_INDEX_6	</identifier>
				<transform>
					<row0>	-1.0000 0.0000 0.0000 0.0000	</row0>
					<row1>	0.0000 1.0000 0.0000 0.0000	</row1>
					<row2>	0.0000 0.0000 -1.0000 0.0000	</row2>
					<row3>	0.1034 0.1757 -1.4772 1.0000	</row3>
				</transform>
			</node>
			<node>
				<identifier>	MP_BM765_24in_round_hatch_INDEX_7	</identifier>
				<transform>
					<row0>	-0.9990 0.0000 -0.0436 0.0000	</row0>
					<row1>	0.0000 1.0000 0.0000 0.0000	</row1>
					<row2>	0.0436 0.0000 -0.9990 0.0000	</row2>
					<row3>	-0.0872 0.1846 -2.7479 1.0000	</row3>
				</transform>
			</node>
			<node>
				<identifier>	MP_BM765_24in_round_hatch_INDEX_8	</identifier>
				<transform>
					<row0>	-0.9990 0.0000 -0.0436 0.0000	</row0>
					<row1>	0.0000 1.0000 0.0000 0.0000	</row1>
					<row2>	0.0436 0.0000 -0.9990 0.0000	</row2>
					<row3>	0.0000 0.1742 -2.6840 1.0000	</row3>
				</transform>
			</node>
			<node>
				<identifier>	MP_BM765_24in_round_hatch_INDEX_9	</identifier>
				<transform>
					<row0>	-1.2448 0.0000 0.0000 0.0000	</row0>
					<row1>	0.0000 1.2448 0.0000 0.0000	</row1>
					<row2>	0.0000 0.0000 -1.2448 0.0000	</row2>
					<row3>	-0.0815 0.3250 -1.9251 1.0000	</row3>
				</transform>
			</node>
			<node>
				<identifier>	MP_BM877_Running_Lights_B	</identifier>
				<transform>
					<row0>	1.0000 0.0000 0.0000 0.0000	</row0>
					<row1>	0.0000 1.0000 0.0000 0.0000	</row1>
					<row2>	0.0000 0.0000 1.0000 0.0000	</row2>
					<row3>	0.0000 0.2399 -3.1157 1.0000	</row3>
				</transform>
			</node>
			<node>
				<identifier>	MP_BM879_Searchlight_24in	</identifier>
				<transform>
					<row0>	1.0000 0.0000 0.0000 0.0000	</row0>
					<row1>	0.0000 1.0000 0.0000 0.0000	</row1>
					<row2>	0.0000 0.0000 1.0000 0.0000	</row2>
					<row3>	0.0000 0.4474 -1.0073 1.0000	</row3>
				</transform>
			</node>
			<node>
				<identifier>	MP_CM001_Propeller3_L	</identifier>
				<transform>
					<row0>	0.6289 0.0010 0.0130 0.0000	</row0>
					<row1>	0.0000 0.6273 -0.0465 0.0000	</row1>
					<row2>	-0.0131 0.0465 0.6271 0.0000	</row2>
					<row3>	-0.1174 -0.1982 -2.7865 1.0000	</row3>
				</transform>
			</node>
			<node>
				<identifier>	MP_CM011_Fire_Fighting_Gear	</identifier>
				<transform>
					<row0>	0.0000 0.0000 -1.0000 0.0000	</row0>
					<row1>	0.0000 1.0000 0.0000 0.0000	</row1>
					<row2>	1.0000 0.0000 0.0000 0.0000	</row2>
					<row3>	-0.1202 0.1749 -2.0910 1.0000	</row3>
				</transform>
			</node>
			<node>
				<identifier>	MP_CM011_Fire_Fighting_Gear_INDEX_1	</identifier>
				<transform>
					<row0>	0.0000 0.0000 1.0000 0.0000	</row0>
					<row1>	0.0000 1.0000 0.0000 0.0000	</row1>
					<row2>	-1.0000 0.0000 0.0000 0.0000	</row2>
					<row3>	0.1191 0.1749 -1.9222 1.0000	</row3>
				</transform>
			</node>
			<node>
				<identifier>	MP_CM012_Fire_Hose_Rack_1	</identifier>
				<transform>
					<row0>	-1.0000 0.0000 0.0000 0.0000	</row0>
					<row1>	0.0000 1.0000 0.0000 0.0000	</row1>
					<row2>	0.0000 0.0000 -1.0000 0.0000	</row2>
					<row3>	0.1119 0.2251 -1.9498 1.0000	</row3>
				</transform>
			</node>
			<node>
				<identifier>	MP_CM012_Fire_Hose_Rack_1_INDEX_1	</identifier>
				<transform>
					<row0>	0.9754 0.0000 0.2203 0.0000	</row0>
					<row1>	0.0000 1.0000 0.0000 0.0000	</row1>
					<row2>	-0.2203 0.0000 0.9754 0.0000	</row2>
					<row3>	-0.0747 0.2885 -2.3101 1.0000	</row3>
				</transform>
			</node>
			<node>
				<identifier>	MP_CM029_Emergency_Box	</identifier>
				<transform>
					<row0>	0.0000 0.0000 1.0000 0.0000	</row0>
					<row1>	0.0000 1.0000 0.0000 0.0000	</row1>
					<row2>	-1.0000 0.0000 0.0000 0.0000	</row2>
					<row3>	0.1156 0.2672 -2.0562 1.0000	</row3>
				</transform>
			</node>
			<node>
				<identifier>	MP_CM029_Emergency_Box_INDEX_1	</identifier>
				<transform>
