<JSC001_Katori_1940_MidBack_ports.visual>
	<node>
		<identifier>	Scene Root	</identifier>
		<transform>
			<row0>	1.0000 0.0000 0.0000 0.0000	</row0>
			<row1>	0.0000 1.0000 0.0000 0.0000	</row1>
			<row2>	0.0000 0.0000 1.0000 0.0000	</row2>
			<row3>	0.0000 0.0000 0.0000 1.0000	</row3>
		</transform>
		<node>
			<identifier>	MidBack_ports	</identifier>
			<transform>
				<row0>	1.0000 0.0000 0.0000 0.0000	</row0>
				<row1>	0.0000 1.0000 0.0000 0.0000	</row1>
				<row2>	0.0000 0.0000 1.0000 0.0000	</row2>
				<row3>	0.0000 0.0000 0.0000 1.0000	</row3>
			</transform>
			<node>
				<identifier>	HP_FX_Death_2	</identifier>
				<transform>
					<row0>	1.0000 0.0000 0.0000 0.0000	</row0>
					<row1>	0.0000 1.0000 0.0000 0.0000	</row1>
					<row2>	0.0000 0.0000 1.0000 0.0000	</row2>
					<row3>	0.0000 0.0000 -0.4031 1.0000	</row3>
				</transform>
			</node>
			<node>
				<identifier>	HP_FX_Fire_3	</identifier>
				<transform>
					<row0>	1.0000 0.0000 0.0000 0.0000	</row0>
					<row1>	0.0000 1.0000 0.0000 0.0000	</row1>
					<row2>	0.0000 0.0000 1.0000 0.0000	</row2>
					<row3>	0.0000 0.5243 -1.8574 1.0000	</row3>
				</transform>
			</node>
			<node>
				<identifier>	HP_FX_Fire_3_side_1	</identifier>
				<transform>
					<row0>	1.0000 0.0000 0.0000 0.0000	</row0>
					<row1>	0.0000 1.0000 0.0000 0.0000	</row1>
					<row2>	0.0000 0.0000 1.0000 0.0000	</row2>
					<row3>	0.4063 0.3162 -2.0485 1.0000	</row3>
				</transform>
			</node>
			<node>
				<identifier>	HP_FX_FloodLight_left_2	</identifier>
				<transform>
					<row0>	-1.0000 0.0000 0.0000 0.0000	</row0>
					<row1>	0.0000 1.0000 0.0000 0.0000	</row1>
					<row2>	0.0000 0.0000 -1.0000 0.0000	</row2>
					<row3>	-0.2310 0.6910 -1.6300 1.0000	</row3>
				</transform>
			</node>
			<node>
				<identifier>	HP_FX_FloodLight_right_1	</identifier>
				<transform>
					<row0>	1.0000 0.0000 0.0000 0.0000	</row0>
					<row1>	0.0000 1.0000 0.0000 0.0000	</row1>
					<row2>	0.0000 0.0000 1.0000 0.0000	</row2>
					<row3>	0.2310 0.6910 -1.6300 1.0000	</row3>
				</transform>
			</node>
			<node>
				<identifier>	HP_FX_Flood_water_left	</identifier>
				<transform>
					<row0>	-1.0000 0.0000 0.0000 0.0000	</row0>
					<row1>	0.0000 1.0000 0.0000 0.0000	</row1>
					<row2>	0.0000 0.0000 -1.0000 0.0000	</row2>
					<row3>	-0.4880 0.0692 -1.8882 1.0000	</row3>
				</transform>
			</node>
			<node>
				<identifier>	HP_FX_Flood_water_right	</identifier>
				<transform>
					<row0>	1.0000 0.0000 0.0000 0.0000	</row0>
					<row1>	0.0000 1.0000 0.0000 0.0000	</row1>
					<row2>	0.0000 0.0000 1.0000 0.0000	</row2>
					<row3>	0.4921 0.0675 -1.8911 1.0000	</row3>
				</transform>
			</node>
			<node>
				<identifier>	HP_JC_1	</identifier>
				<transform>
					<row0>	0.0000 0.0000 1.0000 0.0000	</row0>
					<row1>	0.0000 1.0000 0.0000 0.0000	</row1>
					<row2>	-1.0000 0.0000 0.0000 0.0000	</row2>
					<row3>	0.0000 0.5270 -0.6588 1.0000	</row3>
				</transform>
			</node>
			<node>
				<identifier>	HP_JD_4	</identifier>
				<transform>
					<row0>	-1.0000 0.0000 0.0000 0.0000	</row0>
					<row1>	0.0000 1.0000 0.0000 0.0000	</row1>
					<row2>	0.0000 0.0000 -1.0000 0.0000	</row2>
					<row3>	0.0000 0.8465 -1.8148 1.0000	</row3>
				</transform>
			</node>
			<node>
				<identifier>	HP_JF_3	</identifier>
				<transform>
					<row0>	-1.0000 0.0000 0.0000 0.0000	</row0>
					<row1>	0.0000 1.0000 0.0000 0.0000	</row1>
					<row2>	0.0000 0.0000 -1.0000 0.0000	</row2>
					<row3>	0.0000 1.0386 -1.7179 1.0000	</row3>
				</transform>
			</node>
			<node>
				<identifier>	HP_JGM_2	</identifier>
				<transform>
					<row0>	-1.0000 0.0000 0.0000 0.0000	</row0>
					<row1>	0.0000 1.0000 0.0000 0.0000	</row1>
					<row2>	0.0000 0.0000 -1.0000 0.0000	</row2>
					<row3>	0.0000 0.3179 -2.5814 1.0000	</row3>
				</transform>
			</node>
			<node>
				<identifier>	HP_JGS_1	</identifier>
				<transform>
					<row0>	-1.0000 0.0000 0.0000 0.0000	</row0>
					<row1>	0.0000 1.0000 0.0000 0.0000	</row1>
					<row2>	0.0000 0.0000 -1.0000 0.0000	</row2>
					<row3>	0.0000 0.4712 -2.0455 1.0000	</row3>
				</transform>
			</node>
			<node>
				<identifier>	HP_Ship_death_3	</identifier>
				<transform>
					<row0>	1.0000 0.0000 0.0000 0.0000	</row0>
					<row1>	0.0000 1.0000 0.0000 0.0000	</row1>
					<row2>	0.0000 0.0000 1.0000 0.0000	</row2>
					<row3>	0.0000 0.0000 -2.8030 1.0000	</row3>
				</transform>
			</node>
			<node>
				<identifier>	HP_flag_courtesy	</identifier>
				<transform>
					<row0>	0.9950 -0.0998 0.0009 0.0000	</row0>
					<row1>	0.0998 0.9949 -0.0179 0.0000	</row1>
					<row2>	0.0009 0.0179 0.9998 0.0000	</row2>
					<row3>	0.2748 1.4997 -1.5499 1.0000	</row3>
				</transform>
			</node>
			<node>
				<identifier>	HP_flag_house	</identifier>
				<transform>
					<row0>	0.9950 0.0996 -0.0009 0.0000	</row0>
					<row1>	-0.0996 0.9949 -0.0179 0.0000	</row1>
					<row2>	-0.0009 0.0179 0.9998 0.0000	</row2>
					<row3>	-0.2760 1.5009 -1.5499 1.0000	</row3>
				</transform>
			</node>
			<node>
				<identifier>	HP_flag_nation	</identifier>
				<transform>
					<row0>	0.9940 0.1094 0.0043 0.0000	</row0>
					<row1>	-0.1094 0.9909 0.0779 0.0000	</row1>
					<row2>	0.0043 -0.0779 0.9969 0.0000	</row2>
					<row3>	0.0004 1.7029 -1.7357 1.0000	</row3>
				</transform>
			</node>
			<node>
				<identifier>	HP_flag_rank	</identifier>
				<transform>
					<row0>	0.9940 0.1094 0.0043 0.0000	</row0>
					<row1>	-0.1094 0.9909 0.0779 0.0000	</row1>
					<row2>	0.0043 -0.0779 0.9969 0.0000	</row2>
					<row3>	0.0274 1.4584 -1.7549 1.0000	</row3>
				</transform>
			</node>
			<node>
				<identifier>	MP_CM011_Fire_Fighting_Gear	</identifier>
				<transform>
					<row0>	0.0000 0.0000 1.0000 0.0000	</row0>
					<row1>	0.0000 1.0000 0.0000 0.0000	</row1>
					<row2>	-1.0000 0.0000 0.0000 0.0000	</row2>
					<row3>	0.1562 0.3163 -2.1746 1.0000	</row3>
				</transform>
			</node>
			<node>
				<identifier>	MP_CM011_Fire_Fighting_Gear_INDEX_1	</identifier>
				<transform>
					<row0>	0.0000 0.0000 -1.0000 0.0000	</row0>
					<row1>	0.0000 1.0000 0.0000 0.0000	</row1>
					<row2>	1.0000 0.0000 0.0000 0.0000	</row2>
					<row3>	-0.1580 0.3162 -2.1801 1.0000	</row3>
				</transform>
			</node>
			<node>
				<identifier>	MP_CM011_Fire_Fighting_Gear_INDEX_2	</identifier>
				<transform>
					<row0>	0.0000 0.0000 -1.0000 0.0000	</row0>
					<row1>	0.0000 1.0000 0.0000 0.0000	</row1>
					<row2>	1.0000 0.0000 0.0000 0.0000	</row2>
					<row3>	-0.3572 0.3163 -1.7427 1.0000	</row3>
				</transform>
			</node>
			<node>
				<identifier>	MP_CM011_Fire_Fighting_Gear_INDEX_3	</identifier>
				<transform>
					<row0>	0.0000 0.0000 1.0000 0.0000	</row0>
					<row1>	0.0000 1.0000 0.0000 0.0000	</row1>
					<row2>	-1.0000 0.0000 0.0000 0.0000	</row2>
					<row3>	0.3554 0.3164 -1.7534 1.0000	</row3>
				</transform>
			</node>
			<node>
				<identifier>	MP_CM011_Fire_Fighting_Gear_INDEX_4	</identifier>
				<transform>
					<row0>	-1.0000 0.0000 0.0000 0.0000	</row0>
					<row1>	0.0000 1.0000 0.0000 0.0000	</row1>
					<row2>	0.0000 0.0000 -1.0000 0.0000	</row2>
					<row3>	-0.1935 0.3163 -1.5269 1.0000	</row3>
				</transform>
			</node>
			<node>
				<identifier>	MP_CM012_Fire_Hose_Rack_1	</identifier>
				<transform>
					<row0>	0.9784 0.0000 0.2067 0.0000	</row0>
					<row1>	0.0000 1.0000 0.0000 0.0000	</row1>
					<row2>	-0.2067 0.0000 0.9784 0.0000	</row2>
					<row3>	-0.3464 0.3938 -1.7415 1.0000	</row3>
				</transform>
			</node>
			<node>
				<identifier>	MP_CM012_Fire_Hose_Rack_1_INDEX_1	</identifier>
				<transform>
					<row0>	-0.9798 0.0000 0.2002 0.0000	</row0>
					<row1>	0.0000 1.0000 0.0000 0.0000	</row1>
					<row2>	-0.2002 0.0000 -0.9798 0.0000	</row2>
					<row3>	0.3498 0.3848 -1.7304 1.0000	</row3>
				</transform>
			</node>
			<node>
				<identifier>	MP_CM012_Fire_Hose_Rack_1_INDEX_2	</identifier>
				<transform>
					<row0>	0.0000 0.0000 -1.0000 0.0000	</row0>
					<row1>	0.0000 1.0000 0.0000 0.0000	</row1>
					<row2>	1.0000 0.0000 0.0000 0.0000	</row2>
					<row3>	-0.2242 0.3916 -1.5358 1.0000	</row3>
				</transform>
			</node>
			<node>
				<identifier>	MP_CM013_Fire_Hose_Rack_2	</identifier>
				<transform>
					<row0>	0.9657 0.0000 0.2597 0.0000	</row0>
					<row1>	0.0000 1.0000 0.0000 0.0000	</row1>
					<row2>	-0.2597 0.0000 0.9657 0.0000	</row2>
					<row3>	-0.1438 0.3861 -2.1792 1.0000	</row3>
				</transform>
			</node>
			<node>
				<identifier>	MP_CM013_Fire_Hose_Rack_2_INDEX_1	</identifier>
				<transform>
					<row0>	-0.9846 0.0000 0.1747 0.0000	</row0>
					<row1>	0.0000 1.0000 0.0000 0.0000	</row1>
					<row2>	-0.1747 0.0000 -0.9846 0.0000	</row2>
					<row3>	0.1468 0.3843 -2.1726 1.0000	</row3>
				</transform>
			</node>
			<node>
				<identifier>	MP_CM014_Fuel_Oil_Hose	</identifier>
				<transform>
					<row0>	0.0000 0.0000 1.0000 0.0000	</row0>
					<row1>	0.0000 1.0000 0.0000 0.0000	</row1>
					<row2>	-1.0000 0.0000 0.0000 0.0000	</row2>
					<row3>	0.0000 0.3607 -2.2413 1.0000	</row3>
				</transform>
			</node>
			<node>
				<identifier>	MP_CM014_Fuel_Oil_Hose_INDEX_1	</identifier>
				<transform>
					<row0>	-0.8544 0.0000 0.5196 0.0000	</row0>
					<row1>	0.0000 1.0000 0.0000 0.0000	</row1>
					<row2>	-0.5196 0.0000 -0.8544 0.0000	</row2>
					<row3>	0.1997 0.3567 -2.0241 1.0000	</row3>
				</transform>
			</node>
			<node>
				<identifier>	MP_CM014_Fuel_Oil_Hose_INDEX_2	</identifier>
				<transform>
					<row0>	0.8377 0.0000 0.5462 0.0000	</row0>
					<row1>	0.0000 1.0000 0.0000 0.0000	</row1>
					<row2>	-0.5462 0.0000 0.8377 0.0000	</row2>
					<row3>	-0.2131 0.3597 -2.0127 1.0000	</row3>
				</transform>
			</node>
			<node>
				<identifier>	MP_CM017_Boat_Stowage_3	</identifier>
				<transform>
					<row0>	0.9971 0.0000 -0.0759 0.0000	</row0>
					<row1>	0.0000 1.0000 0.0000 0.0000	</row1>
					<row2>	0.0759 0.0000 0.9971 0.0000	</row2>
					<row3>	0.2935 0.3162 -1.3373 1.0000	</row3>
				</transform>
			</node>
			<node>
				<identifier>	MP_CM017_Boat_Stowage_3_INDEX_1	</identifier>
				<transform>
					<row0>	0.9922 0.0000 -0.1248 0.0000	</row0>
					<row1>	0.0000 1.0000 0.0000 0.0000	</row1>
					<row2>	0.1248 0.0000 0.9922 0.0000	</row2>
					<row3>	-0.3137 0.3165 -1.2832 1.0000	</row3>
				</transform>
			</node>
			<node>
				<identifier>	MP_CM017_Boat_Stowage_3_INDEX_2	</identifier>
				<transform>
					<row0>	0.9890 0.0000 -0.1478 0.0000	</row0>
					<row1>	0.0000 1.0000 0.0000 0.0000	</row1>
					<row2>	0.1478 0.0000 0.9890 0.0000	</row2>
					<row3>	-0.3497 0.3185 -0.5282 1.0000	</row3>
				</transform>
			</node>
			<node>
				<identifier>	MP_CM017_Boat_Stowage_3_INDEX_3	</identifier>
				<transform>
					<row0>	0.9927 0.0000 -0.1203 0.0000	</row0>
					<row1>	0.0000 1.0000 0.0000 0.0000	</row1>
					<row2>	0.1203 0.0000 0.9927 0.0000	</row2>
					<row3>	0.3196 0.3149 -0.9124 1.0000	</row3>
				</transform>
			</node>
			<node>
				<identifier>	MP_CM017_Boat_Stowage_3_INDEX_4	</identifier>
				<transform>
					<row0>	0.9763 0.0000 -0.2165 0.0000	</row0>
					<row1>	0.0000 1.0000 0.0000 0.0000	</row1>
					<row2>	0.2165 0.0000 0.9763 0.0000	</row2>
					<row3>	0.2039 0.3165 -0.6808 1.0000	</row3>
				</transform>
			</node>
			<node>
				<identifier>	MP_CM017_Boat_Stowage_3_INDEX_5	</identifier>
				<transform>
					<row0>	0.9862 0.0000 -0.1653 0.0000	</row0>
					<row1>	0.0000 1.0000 0.0000 0.0000	</row1>
					<row2>	0.1653 0.0000 0.9862 0.0000	</row2>
					<row3>	-0.2545 0.3162 -0.8730 1.0000	</row3>
				</transform>
			</node>
			<node>
				<identifier>	MP_CM023_Accommodation_Ladder_Closed	</identifier>
				<transform>
					<row0>	1.0000 0.0000 0.0000 0.0000	</row0>
					<row1>	0.0000 1.0000 0.0000 0.0000	</row1>
					<row2>	0.0000 0.0000 1.0000 0.0000	</row2>
					<row3>	0.1967 0.3158 -2.3528 1.0000	</row3>
				</transform>
			</node>
			<node>
				<identifier>	MP_CM029_Emergency_Box	</identifier>
				<transform>
					<row0>	-1.0000 0.0000 0.0000 0.0000	</row0>
					<row1>	0.0000 1.0000 0.0000 0.0000	</row1>
					<row2>	0.0000 0.0000 -1.0000 0.0000	</row2>
					<row3>	-0.1645 0.3971 -1.5316 1.0000	</row3>
				</transform>
			</node>
			<node>
				<identifier>	MP_CM029_Emergency_Box_INDEX_1	</identifier>
				<transform>
					<row0>	1.0000 0.0000 0.0000 0.0000	</row0>
					<row1>	0.0000 1.0000 0.0000 0.0000	</row1>
					<row2>	0.0000 0.0000 1.0000 0.0000	</row2>
					<row3>	-0.0949 0.3971 -2.2444 1.0000	</row3>
				</transform>
			</node>
			<node>
				<identifier>	MP_CM029_Emergency_Box_INDEX_2	</identifier>
				<transform>
					<row0>	1.0000 0.0000 0.0000 0.0000	</row0>
					<row1>	0.0000 1.0000 0.0000 0.0000	</row1>
					<row2>	0.0000 0.0000 1.0000 0.0000	</row2>
					<row3>	-0.0894 0.5629 -1.8206 1.0000	</row3>
				</transform>
			</node>
			<node>
				<identifier>	MP_CM029_Emergency_Box_INDEX_3	</identifier>
				<transform>
					<row0>	1.0000 0.0000 0.0000 0.0000	</row0>
					<row1>	0.0000 1.0000 0.0000 0.0000	</row1>
					<row2>	0.0000 0.0000 1.0000 0.0000	</row2>
					<row3>	-0.0466 0.8936 -1.6808 1.0000	</row3>
				</transform>
			</node>
			<node>
				<identifier>	MP_CM029_Emergency_Box_INDEX_4	</identifier>
				<transform>
					<row0>	-1.0000 0.0000 0.0000 0.0000	</row0>
					<row1>	0.0000 1.0000 0.0000 0.0000	</row1>
					<row2>	0.0000 0.0000 -1.0000 0.0000	</row2>
					<row3>	0.1645 0.3971 -1.5316 1.0000	</row3>
				</transform>
			</node>
			<node>
				<identifier>	MP_CM035_Accommodation_Ladder_Closed_L	</identifier>
				<transform>
					<row0>	1.0000 0.0000 0.0000 0.0000	</row0>
					<row1>	0.0000 1.0000 0.0000 0.0000	</row1>
					<row2>	0.0000 0.0000 1.0000 0.0000	</row2>
					<row3>	-0.1923 0.3154 -2.3528 1.0000	</row3>
				</transform>
			</node>
			<node>
				<identifier>	MP_JM010_Deck_Lamp	</identifier>
				<transform>
					<row0>	1.0000 0.0000 0.0000 0.0000	</row0>
					<row1>	0.0000 1.0000 0.0000 0.0000	</row1>
					<row2>	0.0000 0.0000 1.0000 0.0000	</row2>
					<row3>	0.0000 1.4969 -1.4511 1.0000	</row3>
				</transform>
			</node>
			<node>
				<identifier>	MP_JM010_Deck_Lamp_INDEX_1	</identifier>
				<transform>
					<row0>	0.0000 0.0000 1.0000 0.0000	</row0>
					<row1>	0.0000 1.0000 0.0000 0.0000	</row1>
					<row2>	-1.0000 0.0000 0.0000 0.0000	</row2>
					<row3>	-0.0806 0.9909 -1.7004 1.0000	</row3>
				</transform>
			</node>
			<node>
				<identifier>	MP_JM010_Deck_Lamp_INDEX_2	</identifier>
				<transform>
					<row0>	0.0000 0.0000 -1.0000 0.0000	</row0>
					<row1>	0.0000 1.0000 0.0000 0.0000	</row1>
					<row2>	1.0000 0.0000 0.0000 0.0000	</row2>
					<row3>	0.0806 0.9909 -1.7004 1.0000	</row3>
				</transform>
			</node>
			<node>
				<identifier>	MP_JM011_Day_Light	</identifier>
				<transform>
					<row0>	1.0000 0.0000 0.0000 0.0000	</row0>
					<row1>	0.0000 1.0000 0.0000 0.0000	</row1>
					<row2>	0.0000 0.0000 1.0000 0.0000	</row2>
					<row3>	0.0000 1.6281 -1.5238 1.0000	</row3>
				</transform>
			</node>
			<node>
				<identifier>	MP_JM011_Day_Light_INDEX_1	</identifier>
				<transform>
					<row0>	1.0000 0.0000 0.0000 0.0000	</row0>
					<row1>	0.0000 1.0000 0.0000 0.0000	</row1>
					<row2>	0.0000 0.0000 1.0000 0.0000	</row2>
					<row3>	0.0000 2.2948 -1.5687 1.0000	</row3>
				</transform>
			</node>
			<node>
				<identifier>	MP_JM018_Ventilators_2	</identifier>
				<transform>
					<row0>	1.0000 0.0000 0.0000 0.0000	</row0>
					<row1>	0.0000 1.0000 0.0000 0.0000	</row1>
					<row2>	0.0000 0.0000 1.0000 0.0000	</row2>
					<row3>	-0.0092 0.3137 -1.3440 1.0000	</row3>
				</transform>
			</node>
			<node>
				<identifier>	MP_JM026_Bollards	</identifier>
				<transform>
					<row0>	0.0719 0.0000 -0.8439 0.0000	</row0>
					<row1>	0.0000 0.8470 0.0000 0.0000	</row1>
					<row2>	0.8439 0.0000 0.0719 0.0000	</row2>
					<row3>	-0.4172 0.3067 -2.6596 1.0000	</row3>
				</transform>
			</node>
			<node>
				<identifier>	MP_JM026_Bollards_INDEX_1	</identifier>
				<transform>
					<row0>	0.0492 0.0000 0.8456 0.0000	</row0>
					<row1>	0.0000 0.8470 0.0000 0.0000	</row1>
					<row2>	-0.8456 0.0000 0.0492 0.0000	</row2>
					<row3>	0.4123 0.3066 -2.6591 1.0000	</row3>
				</transform>
			</node>
			<node>
				<identifier>	MP_JM028_Deck_Winch_1	</identifier>
				<transform>
					<row0>	0.6623 0.0000 0.2962 0.0000	</row0>
					<row1>	0.0000 0.7255 0.0000 0.0000	</row1>
					<row2>	-0.2962 0.0000 0.6623 0.0000	</row2>
					<row3>	-0.3857 0.4740 -1.7001 1.0000	</row3>
				</transform>
			</node>
			<node>
				<identifier>	MP_JM028_Deck_Winch_1_INDEX_1	</identifier>
				<transform>
					<row0>	0.6160 0.0000 0.3834 0.0000	</row0>
					<row1>	0.0000 0.7255 0.0000 0.0000	</row1>
					<row2>	-0.3834 0.0000 0.6160 0.0000	</row2>
					<row3>	-0.3396 0.4740 -1.8019 1.0000	</row3>
				</transform>
			</node>
			<node>
				<identifier>	MP_JM032_Electric_Deck_Winch	</identifier>
				<transform>
					<row0>	-0.8299 0.0000 -0.5580 0.0000	</row0>
					<row1>	0.0000 1.0000 0.0000 0.0000	</row1>
					<row2>	0.5580 0.0000 -0.8299 0.0000	</row2>
					<row3>	-0.0949 0.3119 -1.2878 1.0000	</row3>
				</transform>
			</node>
			<node>
				<identifier>	MP_JM032_Electric_Deck_Winch_INDEX_1	</identifier>
				<transform>
					<row0>	0.8826 0.0000 -0.4702 0.0000	</row0>
					<row1>	0.0000 1.0000 0.0000 0.0000	</row1>
					<row2>	0.4702 0.0000 0.8826 0.0000	</row2>
					<row3>	0.0624 0.3110 -1.2884 1.0000	</row3>
				</transform>
			</node>
			<node>
				<identifier>	MP_JM034_Davit_4	</identifier>
				<transform>
					<row0>	-0.0040 0.8640 -0.5034 0.0000	</row0>
					<row1>	0.0000 0.5034 0.8640 0.0000	</row1>
					<row2>	1.0000 0.0034 -0.0020 0.0000	</row2>
					<row3>	0.4398 0.3163 -2.5811 1.0000	</row3>
				</transform>
			</node>
			<node>
				<identifier>	MP_JM034_Davit_4_INDEX_1	</identifier>
				<transform>
					<row0>	0.0000 0.8640 -0.5034 0.0000	</row0>
					<row1>	0.0000 0.5034 0.8640 0.0000	</row1>
					<row2>	1.0000 0.0000 0.0000 0.0000	</row2>
					<row3>	-0.4398 0.3163 -2.5811 1.0000	</row3>
				</transform>
			</node>
			<node>
				<identifier>	MP_JM040_Motor_Launch_Hangar_12m	</identifier>
				<transform>
					<row0>	0.9979 0.0018 -0.0644 0.0000	</row0>
					<row1>	0.0000 0.9996 0.0285 0.0000	</row1>
					<row2>	0.0644 -0.0285 0.9975 0.0000	</row2>
					<row3>	0.3055 0.3213 -1.0943 1.0000	</row3>
				</transform>
			</node>
			<node>
				<identifier>	MP_JM060_Deck_Hatch_9	</identifier>
				<transform>
					<row0>	1.0000 0.0000 0.0000 0.0000	</row0>
					<row1>	0.0000 1.0000 0.0000 0.0000	</row1>
					<row2>	0.0000 0.0000 1.0000 0.0000	</row2>
					<row3>	0.2324 0.4720 -1.9300 1.0000	</row3>
				</transform>
			</node>
			<node>
				<identifier>	MP_JM060_Deck_Hatch_9_INDEX_1	</identifier>
				<transform>
					<row0>	1.0000 0.0000 0.0000 0.0000	</row0>
					<row1>	0.0000 1.0000 0.0000 0.0000	</row1>
					<row2>	0.0000 0.0000 1.0000 0.0000	</row2>
					<row3>	-0.2339 0.4708 -1.9291 1.0000	</row3>
				</transform>
			</node>
			<node>
				<identifier>	MP_JM060_Deck_Hatch_9_INDEX_2	</identifier>
				<transform>
					<row0>	1.0000 0.0000 0.0000 0.0000	</row0>
					<row1>	0.0000 1.0000 0.0000 0.0000	</row1>
					<row2>	0.0000 0.0000 1.0000 0.0000	</row2>
					<row3>	-0.2344 0.4707 -1.8665 1.0000	</row3>
				</transform>
			</node>
			<node>
				<identifier>	MP_JM060_Deck_Hatch_9_INDEX_3	</identifier>
				<transform>
					<row0>	1.0000 0.0000 0.0000 0.0000	</row0>
					<row1>	0.0000 1.0000 0.0000 0.0000	</row1>
					<row2>	0.0000 0.0000 1.0000 0.0000	</row2>
					<row3>	0.2325 0.4717 -1.8668 1.0000	</row3>
				</transform>
			</node>
			<node>
				<identifier>	MP_JM072_Crane_Small_1	</identifier>
				<transform>
					<row0>	0.0000 0.0000 1.0000 0.0000	</row0>
					<row1>	0.0000 1.0000 0.0000 0.0000	</row1>
					<row2>	-1.0000 0.0000 0.0000 0.0000	</row2>
					<row3>	-0.4553 0.3143 -2.0410 1.0000	</row3>
				</transform>
			</node>
			<node>
				<identifier>	MP_JM072_Crane_Small_1_INDEX_1	</identifier>
				<transform>
					<row0>	0.0000 0.0000 1.0000 0.0000	</row0>
					<row1>	0.0000 1.0000 0.0000 0.0000	</row1>
					<row2>	-1.0000 0.0000 0.0000 0.0000	</row2>
					<row3>	0.4563 0.3140 -2.0409 1.0000	</row3>
				</transform>
			</node>
			<node>
				<identifier>	MP_JM078_Deck_Winch_2	</identifier>
				<transform>
					<row0>	0.0000 0.0000 -0.7115 0.0000	</row0>
					<row1>	0.0000 0.7115 0.0000 0.0000	</row1>
					<row2>	0.7115 0.0000 0.0000 0.0000	</row2>
					<row3>	-0.4049 0.4742 -1.5990 1.0000	</row3>
				</transform>
			</node>
			<node>
				<identifier>	MP_JM107_Binocular_2	</identifier>
				<transform>
					<row0>	1.0000 0.0000 0.0000 0.0000	</row0>
					<row1>	0.0000 1.0000 0.0000 0.0000	</row1>
					<row2>	0.0000 0.0000 1.0000 0.0000	</row2>
					<row3>	0.1969 0.7887 -1.6172 1.0000	</row3>
				</transform>
			</node>
			<node>
				<identifier>	MP_JM107_Binocular_2_INDEX_1	</identifier>
				<transform>
					<row0>	0.0000 0.0000 -1.0000 0.0000	</row0>
					<row1>	0.0000 1.0000 0.0000 0.0000	</row1>
					<row2>	1.0000 0.0000 0.0000 0.0000	</row2>
					<row3>	-0.1551 0.7882 -1.7369 1.0000	</row3>
				</transform>
			</node>
			<node>
				<identifier>	MP_JM107_Binocular_2_INDEX_2	</identifier>
				<transform>
					<row0>	0.0000 0.0000 -1.0000 0.0000	</row0>
					<row1>	0.0000 1.0000 0.0000 0.0000	</row1>
					<row2>	1.0000 0.0000 0.0000 0.0000	</row2>
					<row3>	0.1532 0.7879 -1.7398 1.0000	</row3>
				</transform>
			</node>
			<node>
				<identifier>	MP_JM107_Binocular_2_INDEX_3	</identifier>
				<transform>
					<row0>	-1.0000 0.0000 0.0000 0.0000	</row0>
					<row1>	0.0000 1.0000 0.0000 0.0000	</row1>
					<row2>	0.0000 0.0000 -1.0000 0.0000	</row2>
					<row3>	-0.1893 0.7886 -1.6155 1.0000	</row3>
				</transform>
			</node>
			<node>
				<identifier>	MP_JM109_Deck_Hatch_11	</identifier>
				<transform>
					<row0>	0.0000 0.0000 1.0000 0.0000	</row0>
					<row1>	0.0000 1.0000 0.0000 0.0000	</row1>
					<row2>	-1.0000 0.0000 0.0000 0.0000	</row2>
					<row3>	-0.1017 0.3126 -1.4145 1.0000	</row3>
				</transform>
			</node>
			<node>
				<identifier>	MP_JM135_Runway_Lights_Back	</identifier>
				<transform>
					<row0>	1.0000 0.0000 0.0000 0.0000	</row0>
					<row1>	0.0000 1.0000 0.0000 0.0000	</row1>
					<row2>	0.0000 0.0000 1.0000 0.0000	</row2>
					<row3>	0.0000 1.3878 -1.6118 1.0000	</row3>
				</transform>
			</node>
			<node>
				<identifier>	MP_JM148_Motor_Boats_12m	</identifier>
				<transform>
					<row0>	0.9889 -0.0005 -0.1483 0.0000	</row0>
					<row1>	0.0030 0.9999 0.0163 0.0000	</row1>
					<row2>	0.1483 -0.0166 0.9888 0.0000	</row2>
					<row3>	-0.2851 0.3163 -1.0845 1.0000	</row3>
				</transform>
			</node>
			<node>
				<identifier>	MP_JM148_Motor_Boats_12m_INDEX_1	</identifier>
				<transform>
					<row0>	0.9691 0.0055 -0.2467 0.0000	</row0>
					<row1>	-0.0011 0.9998 0.0178 0.0000	</row1>
					<row2>	0.2467 -0.0170 0.9689 0.0000	</row2>
					<row3>	0.2528 0.3197 -0.5029 1.0000	</row3>
				</transform>
			</node>
			<node>
				<identifier>	MP_JM166_Voice_Tube	</identifier>
				<transform>
					<row0>	-0.7071 0.0000 -0.7071 0.0000	</row0>
					<row1>	0.0000 1.0000 0.0000 0.0000	</row1>
					<row2>	0.7071 0.0000 -0.7071 0.0000	</row2>
					<row3>	0.1885 0.7879 -1.7475 1.0000	</row3>
				</transform>
			</node>
			<node>
				<identifier>	MP_JM166_Voice_Tube_INDEX_1	</identifier>
				<transform>
					<row0>	0.0000 0.0000 1.0000 0.0000	</row0>
					<row1>	0.0000 1.0000 0.0000 0.0000	</row1>
					<row2>	-1.0000 0.0000 0.0000 0.0000	</row2>
					<row3>	-0.2107 0.7879 -1.5895 1.0000	</row3>
				</transform>
			</node>
			<node>
				<identifier>	MP_JM166_Voice_Tube_INDEX_2	</identifier>
				<transform>
					<row0>	-0.7071 0.0000 0.7071 0.0000	</row0>
					<row1>	0.0000 1.0000 0.0000 0.0000	</row1>
					<row2>	-0.7071 0.0000 -0.7071 0.0000	</row2>
					<row3>	-0.1885 0.7879 -1.7475 1.0000	</row3>
				</transform>
			</node>
			<node>
				<identifier>	MP_JM166_Voice_Tube_INDEX_3	</identifier>
				<transform>
					<row0>	0.0000 0.0000 -1.0000 0.0000	</row0>
					<row1>	0.0000 1.0000 0.0000 0.0000	</row1>
					<row2>	1.0000 0.0000 0.0000 0.0000	</row2>
					<row3>	0.2107 0.7879 -1.5895 1.0000	</row3>
				</transform>
			</node>
		</node>
	</node>
	<boundingBox>
		<min>	-0.0667 -0.0667 -0.0667	</min>
		<max>	0.0667 0.0667 0.0667	</max>
	</boundingBox>
</JSC001_Katori_1940_MidBack_ports.visual>
