<HSC007_Eendracht_1947_Stern_ports.visual>
	<node>
		<identifier>	Scene Root	</identifier>
		<transform>
			<row0>	1.0000 0.0000 0.0000 0.0000	</row0>
			<row1>	0.0000 1.0000 0.0000 0.0000	</row1>
			<row2>	0.0000 0.0000 1.0000 0.0000	</row2>
			<row3>	0.0000 0.0000 0.0000 1.0000	</row3>
		</transform>
		<node>
			<identifier>	Stern_ports	</identifier>
			<transform>
				<row0>	1.0000 0.0000 0.0000 0.0000	</row0>
				<row1>	0.0000 1.0000 0.0000 0.0000	</row1>
				<row2>	0.0000 0.0000 1.0000 0.0000	</row2>
				<row3>	0.0000 0.0000 0.0000 1.0000	</row3>
			</transform>
			<node>
				<identifier>	HP_FX_Fire_4	</identifier>
				<transform>
					<row0>	1.0000 0.0000 0.0000 0.0000	</row0>
					<row1>	0.0000 1.0000 0.0000 0.0000	</row1>
					<row2>	0.0000 0.0000 1.0000 0.0000	</row2>
					<row3>	0.0000 0.1613 -5.1328 1.0000	</row3>
				</transform>
			</node>
			<node>
				<identifier>	HP_FX_Flood_water_left_3	</identifier>
				<transform>
					<row0>	-1.0000 0.0000 0.0000 0.0000	</row0>
					<row1>	0.0000 1.0000 0.0000 0.0000	</row1>
					<row2>	0.0000 0.0000 -1.0000 0.0000	</row2>
					<row3>	-0.4331 0.0405 -4.5982 1.0000	</row3>
				</transform>
			</node>
			<node>
				<identifier>	HP_FX_Flood_water_right_3	</identifier>
				<transform>
					<row0>	1.0000 0.0000 0.0000 0.0000	</row0>
					<row1>	0.0000 1.0000 0.0000 0.0000	</row1>
					<row2>	0.0000 0.0000 1.0000 0.0000	</row2>
					<row3>	0.4328 0.0395 -4.5981 1.0000	</row3>
				</transform>
			</node>
			<node>
				<identifier>	HP_FX_WakeTraceBack	</identifier>
				<transform>
					<row0>	1.0000 0.0000 0.0000 0.0000	</row0>
					<row1>	0.0000 1.0000 0.0000 0.0000	</row1>
					<row2>	0.0000 0.0000 1.0000 0.0000	</row2>
					<row3>	0.0000 0.0000 -6.0447 1.0000	</row3>
				</transform>
			</node>
			<node>
				<identifier>	HP_FX_WakeTrace_screw_1	</identifier>
				<transform>
					<row0>	1.0000 0.0000 0.0000 0.0000	</row0>
					<row1>	0.0000 1.0000 0.0000 0.0000	</row1>
					<row2>	0.0000 0.0000 1.0000 0.0000	</row2>
					<row3>	-0.2549 -0.3178 -5.3013 1.0000	</row3>
				</transform>
			</node>
			<node>
				<identifier>	HP_FX_WakeTrace_screw_2	</identifier>
				<transform>
					<row0>	1.0000 0.0000 0.0000 0.0000	</row0>
					<row1>	0.0000 1.0000 0.0000 0.0000	</row1>
					<row2>	0.0000 0.0000 1.0000 0.0000	</row2>
					<row3>	0.2549 -0.3178 -5.3013 1.0000	</row3>
				</transform>
			</node>
			<node>
				<identifier>	HP_HGB_1	</identifier>
				<transform>
					<row0>	-0.2265 0.0000 0.9740 0.0000	</row0>
					<row1>	0.0000 1.0000 0.0000 0.0000	</row1>
					<row2>	-0.9740 0.0000 -0.2265 0.0000	</row2>
					<row3>	-0.2425 0.1627 -5.4176 1.0000	</row3>
				</transform>
			</node>
			<node>
				<identifier>	HP_HGB_2	</identifier>
				<transform>
					<row0>	-0.2001 0.0000 -0.9798 0.0000	</row0>
					<row1>	0.0000 1.0000 0.0000 0.0000	</row1>
					<row2>	0.9798 0.0000 -0.2001 0.0000	</row2>
					<row3>	0.2425 0.1627 -5.4176 1.0000	</row3>
				</transform>
			</node>
			<node>
				<identifier>	HP_HGM_4	</identifier>
				<transform>
					<row0>	-1.0000 0.0000 0.0000 0.0000	</row0>
					<row1>	0.0000 1.0000 0.0000 0.0000	</row1>
					<row2>	0.0000 0.0000 -1.0000 0.0000	</row2>
					<row3>	0.0000 0.1738 -4.2215 1.0000	</row3>
				</transform>
			</node>
			<node>
				<identifier>	HP_Ship_death_3	</identifier>
				<transform>
					<row0>	1.0000 0.0000 0.0000 0.0000	</row0>
					<row1>	0.0000 1.0000 0.0000 0.0000	</row1>
					<row2>	0.0000 0.0000 1.0000 0.0000	</row2>
					<row3>	0.0000 0.0000 -3.8621 1.0000	</row3>
				</transform>
			</node>
			<node>
				<identifier>	MP_BM877_Running_Lights_B	</identifier>
				<transform>
					<row0>	1.0000 0.0000 0.0000 0.0000	</row0>
					<row1>	0.0000 1.0000 0.0000 0.0000	</row1>
					<row2>	0.0000 0.0000 1.0000 0.0000	</row2>
					<row3>	0.0000 0.3033 -6.1248 1.0000	</row3>
				</transform>
			</node>
			<node>
				<identifier>	MP_CM161_Propeller_4_8m_BB_R	</identifier>
				<transform>
					<row0>	0.9378 0.0000 0.0066 0.0000	</row0>
					<row1>	0.0001 0.9376 -0.0212 0.0000	</row1>
					<row2>	-0.0066 0.0212 0.9376 0.0000	</row2>
					<row3>	0.2529 -0.3171 -5.3004 1.0000	</row3>
				</transform>
			</node>
			<node>
				<identifier>	MP_CM162_Propeller_4_8m_BB_L	</identifier>
				<transform>
					<row0>	0.9378 0.0000 -0.0066 0.0000	</row0>
					<row1>	-0.0001 0.9376 -0.0212 0.0000	</row1>
					<row2>	0.0066 0.0212 0.9376 0.0000	</row2>
					<row3>	-0.2529 -0.3171 -5.3004 1.0000	</row3>
				</transform>
			</node>
			<node>
				<identifier>	MP_HM007_Lifebuoy	</identifier>
				<transform>
					<row0>	0.1565 0.0000 0.9877 0.0000	</row0>
					<row1>	0.0000 1.0000 0.0000 0.0000	</row1>
					<row2>	-0.9877 0.0000 0.1565 0.0000	</row2>
					<row3>	0.3709 0.2235 -5.1801 1.0000	</row3>
				</transform>
			</node>
			<node>
				<identifier>	MP_HM007_Lifebuoy_INDEX_1	</identifier>
				<transform>
					<row0>	0.1565 0.0000 -0.9877 0.0000	</row0>
					<row1>	0.0000 1.0000 0.0000 0.0000	</row1>
					<row2>	0.9877 0.0000 0.1565 0.0000	</row2>
					<row3>	-0.3709 0.2235 -5.1801 1.0000	</row3>
				</transform>
			</node>
			<node>
				<identifier>	MP_HM022_Bench_for_Capstan	</identifier>
				<transform>
					<row0>	1.0000 0.0000 0.0000 0.0000	</row0>
					<row1>	0.0000 1.0000 0.0000 0.0000	</row1>
					<row2>	0.0000 0.0000 1.0000 0.0000	</row2>
					<row3>	0.0000 0.1854 -5.2615 1.0000	</row3>
				</transform>
			</node>
			<node>
				<identifier>	MP_HM026_Smoke_Defence	</identifier>
				<transform>
					<row0>	-0.5345 0.0000 0.8451 0.0000	</row0>
					<row1>	0.0000 1.0000 0.0000 0.0000	</row1>
					<row2>	-0.8451 0.0000 -0.5345 0.0000	</row2>
					<row3>	-0.1011 0.1647 -5.9451 1.0000	</row3>
				</transform>
			</node>
			<node>
				<identifier>	MP_HM026_Smoke_Defence_INDEX_1	</identifier>
				<transform>
					<row0>	-0.5345 0.0000 -0.8451 0.0000	</row0>
					<row1>	0.0000 1.0000 0.0000 0.0000	</row1>
					<row2>	0.8451 0.0000 -0.5345 0.0000	</row2>
					<row3>	0.1011 0.1647 -5.9451 1.0000	</row3>
				</transform>
			</node>
			<node>
				<identifier>	MP_HM620_Depth_Charge_Stowage	</identifier>
				<transform>
					<row0>	0.9798 0.0000 0.2001 0.0000	</row0>
					<row1>	0.0000 1.0000 0.0000 0.0000	</row1>
					<row2>	-0.2001 0.0000 0.9798 0.0000	</row2>
					<row3>	-0.2851 0.1624 -5.3623 1.0000	</row3>
				</transform>
			</node>
			<node>
				<identifier>	MP_HM620_Depth_Charge_Stowage_INDEX_1	</identifier>
				<transform>
					<row0>	-0.9798 0.0000 -0.2001 0.0000	</row0>
					<row1>	0.0000 1.0000 0.0000 0.0000	</row1>
					<row2>	0.2001 0.0000 -0.9798 0.0000	</row2>
					<row3>	-0.2601 0.1624 -5.4851 1.0000	</row3>
				</transform>
			</node>
			<node>
				<identifier>	MP_HM620_Depth_Charge_Stowage_INDEX_2	</identifier>
				<transform>
					<row0>	0.9798 0.0000 -0.2001 0.0000	</row0>
					<row1>	0.0000 1.0000 0.0000 0.0000	</row1>
					<row2>	0.2001 0.0000 0.9798 0.0000	</row2>
					<row3>	0.2851 0.1624 -5.3623 1.0000	</row3>
				</transform>
			</node>
			<node>
				<identifier>	MP_HM620_Depth_Charge_Stowage_INDEX_3	</identifier>
				<transform>
					<row0>	-0.9798 0.0000 0.2001 0.0000	</row0>
					<row1>	0.0000 1.0000 0.0000 0.0000	</row1>
					<row2>	-0.2001 0.0000 -0.9798 0.0000	</row2>
					<row3>	0.2601 0.1624 -5.4851 1.0000	</row3>
				</transform>
			</node>
			<node>
				<identifier>	MP_HM621_Depth_Charge	</identifier>
				<transform>
					<row0>	0.9798 0.0000 0.2001 0.0000	</row0>
					<row1>	0.2001 0.0000 -0.9798 0.0000	</row1>
					<row2>	0.0000 1.0000 0.0000 0.0000	</row2>
					<row3>	-0.2898 0.1942 -5.3397 1.0000	</row3>
				</transform>
			</node>
			<node>
				<identifier>	MP_HM621_Depth_Charge_INDEX_1	</identifier>
				<transform>
					<row0>	-0.9798 0.0000 -0.2001 0.0000	</row0>
					<row1>	-0.2001 0.0000 0.9798 0.0000	</row1>
					<row2>	0.0000 1.0000 0.0000 0.0000	</row2>
					<row3>	-0.2554 0.1942 -5.5076 1.0000	</row3>
				</transform>
			</node>
			<node>
				<identifier>	MP_HM621_Depth_Charge_INDEX_2	</identifier>
				<transform>
					<row0>	0.9798 0.0000 -0.2001 0.0000	</row0>
					<row1>	-0.2001 0.0000 -0.9798 0.0000	</row1>
					<row2>	0.0000 1.0000 0.0000 0.0000	</row2>
					<row3>	0.2898 0.1942 -5.3397 1.0000	</row3>
				</transform>
			</node>
			<node>
				<identifier>	MP_HM621_Depth_Charge_INDEX_3	</identifier>
				<transform>
					<row0>	-0.9798 0.0000 0.2001 0.0000	</row0>
					<row1>	0.2001 0.0000 0.9798 0.0000	</row1>
					<row2>	0.0000 1.0000 0.0000 0.0000	</row2>
					<row3>	0.2554 0.1942 -5.5076 1.0000	</row3>
				</transform>
			</node>
			<node>
				<identifier>	MP_HM753_Hatch	</identifier>
				<transform>
					<row0>	1.0000 0.0000 0.0000 0.0000	</row0>
					<row1>	0.0000 1.0000 0.0000 0.0000	</row1>
					<row2>	0.0000 0.0000 1.0000 0.0000	</row2>
					<row3>	0.0646 0.1644 -4.6091 1.0000	</row3>
				</transform>
			</node>
			<node>
				<identifier>	MP_HM753_Hatch_INDEX_1	</identifier>
				<transform>
					<row0>	1.0000 0.0000 0.0000 0.0000	</row0>
					<row1>	0.0000 1.0000 0.0000 0.0000	</row1>
					<row2>	0.0000 0.0000 1.0000 0.0000	</row2>
					<row3>	-0.1602 0.1633 -5.3438 1.0000	</row3>
				</transform>
			</node>
			<node>
				<identifier>	MP_HM753_Hatch_INDEX_2	</identifier>
				<transform>
					<row0>	1.0000 0.0000 0.0000 0.0000	</row0>
					<row1>	0.0000 1.0000 0.0000 0.0000	</row1>
					<row2>	0.0000 0.0000 1.0000 0.0000	</row2>
					<row3>	0.0000 0.1641 -5.7680 1.0000	</row3>
				</transform>
			</node>
			<node>
				<identifier>	MP_HM753_Hatch_INDEX_3	</identifier>
				<transform>
					<row0>	1.0000 0.0000 0.0000 0.0000	</row0>
					<row1>	0.0000 1.0000 0.0000 0.0000	</row1>
					<row2>	0.0000 0.0000 1.0000 0.0000	</row2>
					<row3>	0.1602 0.1633 -5.3438 1.0000	</row3>
				</transform>
			</node>
			<node>
				<identifier>	MP_HM753_Hatch_INDEX_4	</identifier>
				<transform>
					<row0>	1.0000 0.0000 0.0000 0.0000	</row0>
					<row1>	0.0000 1.0000 0.0000 0.0000	</row1>
					<row2>	0.0000 0.0000 1.0000 0.0000	</row2>
					<row3>	0.0000 0.1654 -3.8934 1.0000	</row3>
				</transform>
			</node>
			<node>
				<identifier>	MP_HM965_Capstan_Stern	</identifier>
				<transform>
					<row0>	1.0000 0.0000 0.0000 0.0000	</row0>
					<row1>	0.0000 1.0000 0.0000 0.0000	</row1>
					<row2>	0.0000 0.0000 1.0000 0.0000	</row2>
					<row3>	0.0000 0.1854 -5.2615 1.0000	</row3>
				</transform>
			</node>
		</node>
	</node>
	<boundingBox>
		<min>	-0.0667 -0.0667 -0.0667	</min>
		<max>	0.0667 0.0667 0.0667	</max>
	</boundingBox>
</HSC007_Eendracht_1947_Stern_ports.visual>
