<ASD031_Kidd_1945_MidFront_ports.visual>
	<node>
		<identifier>	Scene Root	</identifier>
		<transform>
			<row0>	1.0000 0.0000 0.0000 0.0000	</row0>
			<row1>	0.0000 1.0000 0.0000 0.0000	</row1>
			<row2>	0.0000 0.0000 1.0000 0.0000	</row2>
			<row3>	0.0000 0.0000 0.0000 1.0000	</row3>
		</transform>
		<node>
			<identifier>	MidFront_ports	</identifier>
			<transform>
				<row0>	1.0000 0.0000 0.0000 0.0000	</row0>
				<row1>	0.0000 1.0000 0.0000 0.0000	</row1>
				<row2>	0.0000 0.0000 1.0000 0.0000	</row2>
				<row3>	0.0000 0.0000 0.0000 1.0000	</row3>
			</transform>
			<node>
				<identifier>	HP_AD_1	</identifier>
				<transform>
					<row0>	0.8244 0.0000 0.5660 0.0000	</row0>
					<row1>	0.0000 1.0000 0.0000 0.0000	</row1>
					<row2>	-0.5660 0.0000 0.8244 0.0000	</row2>
					<row3>	-0.2168 0.6222 1.5622 1.0000	</row3>
				</transform>
			</node>
			<node>
				<identifier>	HP_AD_2	</identifier>
				<transform>
					<row0>	0.8244 0.0000 -0.5660 0.0000	</row0>
					<row1>	0.0000 1.0000 0.0000 0.0000	</row1>
					<row2>	0.5660 0.0000 0.8244 0.0000	</row2>
					<row3>	0.2168 0.6222 1.5622 1.0000	</row3>
				</transform>
			</node>
			<node>
				<identifier>	HP_AD_3	</identifier>
				<transform>
					<row0>	1.0000 0.0000 0.0000 0.0000	</row0>
					<row1>	0.0000 1.0000 0.0000 0.0000	</row1>
					<row2>	0.0000 0.0000 1.0000 0.0000	</row2>
					<row3>	0.0000 0.7772 1.3402 1.0000	</row3>
				</transform>
			</node>
			<node>
				<identifier>	HP_AD_4	</identifier>
				<transform>
					<row0>	0.0000 0.0000 1.0000 0.0000	</row0>
					<row1>	0.0000 1.0000 0.0000 0.0000	</row1>
					<row2>	-1.0000 0.0000 0.0000 0.0000	</row2>
					<row3>	-0.2292 0.6216 1.2150 1.0000	</row3>
				</transform>
			</node>
			<node>
				<identifier>	HP_AD_5	</identifier>
				<transform>
					<row0>	0.0000 0.0000 -1.0000 0.0000	</row0>
					<row1>	0.0000 1.0000 0.0000 0.0000	</row1>
					<row2>	1.0000 0.0000 0.0000 0.0000	</row2>
					<row3>	0.2292 0.6216 1.2150 1.0000	</row3>
				</transform>
			</node>
			<node>
				<identifier>	HP_AD_6	</identifier>
				<transform>
					<row0>	0.0000 0.0000 1.0000 0.0000	</row0>
					<row1>	0.0000 1.0000 0.0000 0.0000	</row1>
					<row2>	-1.0000 0.0000 0.0000 0.0000	</row2>
					<row3>	-0.1501 0.5038 0.3070 1.0000	</row3>
				</transform>
			</node>
			<node>
				<identifier>	HP_AD_7	</identifier>
				<transform>
					<row0>	0.0000 0.0000 -1.0000 0.0000	</row0>
					<row1>	0.0000 1.0000 0.0000 0.0000	</row1>
					<row2>	1.0000 0.0000 0.0000 0.0000	</row2>
					<row3>	0.1501 0.5038 0.3070 1.0000	</row3>
				</transform>
			</node>
			<node>
				<identifier>	HP_AGA_1	</identifier>
				<transform>
					<row0>	0.7071 0.0000 0.7071 0.0000	</row0>
					<row1>	0.0000 1.0000 0.0000 0.0000	</row1>
					<row2>	-0.7071 0.0000 0.7071 0.0000	</row2>
					<row3>	-0.2266 0.4371 1.7522 1.0000	</row3>
				</transform>
			</node>
			<node>
				<identifier>	HP_AGA_2	</identifier>
				<transform>
					<row0>	0.7071 0.0000 -0.7071 0.0000	</row0>
					<row1>	0.0000 1.0000 0.0000 0.0000	</row1>
					<row2>	0.7071 0.0000 0.7071 0.0000	</row2>
					<row3>	0.2266 0.4371 1.7522 1.0000	</row3>
				</transform>
			</node>
			<node>
				<identifier>	HP_AGM_2	</identifier>
				<transform>
					<row0>	1.0000 0.0000 0.0000 0.0000	</row0>
					<row1>	0.0000 1.0000 0.0000 0.0000	</row1>
					<row2>	0.0000 0.0000 1.0000 0.0000	</row2>
					<row3>	0.0000 0.4728 2.0962 1.0000	</row3>
				</transform>
			</node>
			<node>
				<identifier>	HP_ARS_1	</identifier>
				<transform>
					<row0>	1.0000 0.0000 0.0000 0.0000	</row0>
					<row1>	0.0000 1.0000 0.0000 0.0000	</row1>
					<row2>	0.0000 0.0000 1.0000 0.0000	</row2>
					<row3>	0.0000 1.5158 1.0599 1.0000	</row3>
				</transform>
			</node>
			<node>
				<identifier>	HP_ARS_2	</identifier>
				<transform>
					<row0>	1.0000 0.0000 0.0000 0.0000	</row0>
					<row1>	0.0000 1.0000 0.0000 0.0000	</row1>
					<row2>	0.0000 0.0000 1.0000 0.0000	</row2>
					<row3>	0.0000 1.6152 0.9986 1.0000	</row3>
				</transform>
			</node>
			<node>
				<identifier>	HP_FX_Death_2	</identifier>
				<transform>
					<row0>	1.0000 0.0000 0.0000 0.0000	</row0>
					<row1>	0.0000 1.0000 0.0000 0.0000	</row1>
					<row2>	0.0000 0.0000 1.0000 0.0000	</row2>
					<row3>	0.0000 0.0000 0.1962 1.0000	</row3>
				</transform>
			</node>
			<node>
				<identifier>	HP_FX_Fire_2	</identifier>
				<transform>
					<row0>	1.0000 0.0000 0.0000 0.0000	</row0>
					<row1>	0.0000 1.0000 0.0000 0.0000	</row1>
					<row2>	0.0000 0.0000 1.0000 0.0000	</row2>
					<row3>	0.0000 0.7090 1.3830 1.0000	</row3>
				</transform>
			</node>
			<node>
				<identifier>	HP_FX_Fire_2_side_1	</identifier>
				<transform>
					<row0>	1.0000 0.0000 0.0000 0.0000	</row0>
					<row1>	0.0000 1.0000 0.0000 0.0000	</row1>
					<row2>	0.0000 0.0000 1.0000 0.0000	</row2>
					<row3>	-0.2781 0.4688 1.7557 1.0000	</row3>
				</transform>
			</node>
			<node>
				<identifier>	HP_FX_Fire_2_side_2	</identifier>
				<transform>
					<row0>	1.0000 0.0000 0.0000 0.0000	</row0>
					<row1>	0.0000 1.0000 0.0000 0.0000	</row1>
					<row2>	0.0000 0.0000 1.0000 0.0000	</row2>
					<row3>	0.2757 0.4674 0.9215 1.0000	</row3>
				</transform>
			</node>
			<node>
				<identifier>	HP_FX_FloodLight_left_1	</identifier>
				<transform>
					<row0>	-1.0000 0.0000 0.0000 0.0000	</row0>
					<row1>	0.0000 1.0000 0.0000 0.0000	</row1>
					<row2>	0.0000 0.0000 -1.0000 0.0000	</row2>
					<row3>	-0.2520 0.3230 1.2750 1.0000	</row3>
				</transform>
			</node>
			<node>
				<identifier>	HP_FX_FloodLight_right_2	</identifier>
				<transform>
					<row0>	1.0000 0.0000 0.0000 0.0000	</row0>
					<row1>	0.0000 1.0000 0.0000 0.0000	</row1>
					<row2>	0.0000 0.0000 1.0000 0.0000	</row2>
					<row3>	0.2560 0.3140 1.3050 1.0000	</row3>
				</transform>
			</node>
			<node>
				<identifier>	HP_FX_Flood_steam_1	</identifier>
				<transform>
					<row0>	1.0000 0.0000 0.0000 0.0000	</row0>
					<row1>	0.0000 0.9575 -0.2883 0.0000	</row1>
					<row2>	0.0000 0.2883 0.9575 0.0000	</row2>
					<row3>	0.0000 0.7870 0.4887 1.0000	</row3>
				</transform>
			</node>
			<node>
				<identifier>	HP_FX_Flood_steam_left	</identifier>
				<transform>
					<row0>	-1.0000 0.0000 0.0000 0.0000	</row0>
					<row1>	0.0000 1.0000 0.0000 0.0000	</row1>
					<row2>	0.0000 0.0000 -1.0000 0.0000	</row2>
					<row3>	-0.2340 0.3360 1.9520 1.0000	</row3>
				</transform>
			</node>
			<node>
				<identifier>	HP_FX_Flood_steam_right	</identifier>
				<transform>
					<row0>	1.0000 0.0000 0.0000 0.0000	</row0>
					<row1>	0.0000 1.0000 0.0000 0.0000	</row1>
					<row2>	0.0000 0.0000 1.0000 0.0000	</row2>
					<row3>	0.2210 0.3222 0.5374 1.0000	</row3>
				</transform>
			</node>
			<node>
				<identifier>	HP_FX_Flood_water_left_2	</identifier>
				<transform>
					<row0>	-1.0000 0.0000 0.0000 0.0000	</row0>
					<row1>	0.0000 1.0000 0.0000 0.0000	</row1>
					<row2>	0.0000 0.0000 -1.0000 0.0000	</row2>
					<row3>	-0.3749 0.0131 0.7125 1.0000	</row3>
				</transform>
			</node>
			<node>
				<identifier>	HP_FX_Flood_water_right_2	</identifier>
				<transform>
					<row0>	1.0000 0.0000 0.0000 0.0000	</row0>
					<row1>	0.0000 1.0000 0.0000 0.0000	</row1>
					<row2>	0.0000 0.0000 1.0000 0.0000	</row2>
					<row3>	0.3748 0.0123 0.7142 1.0000	</row3>
				</transform>
			</node>
			<node>
				<identifier>	HP_FX_RepairLight_left_1	</identifier>
				<transform>
					<row0>	0.0570 0.0000 0.9984 0.0000	</row0>
					<row1>	-0.1171 0.9931 0.0067 0.0000	</row1>
					<row2>	-0.9915 -0.1173 0.0566 0.0000	</row2>
					<row3>	-0.3440 0.2404 1.6710 1.0000	</row3>
				</transform>
			</node>
			<node>
				<identifier>	HP_FX_RepairLight_right_2	</identifier>
				<transform>
					<row0>	0.1055 0.0188 -0.9942 0.0000	</row0>
					<row1>	0.0012 0.9999 0.0190 0.0000	</row1>
					<row2>	0.9944 -0.0032 0.1055 0.0000	</row2>
					<row3>	0.3338 0.2532 1.8731 1.0000	</row3>
				</transform>
			</node>
			<node>
				<identifier>	HP_FX_Smoke_1	</identifier>
				<transform>
					<row0>	1.0000 0.0000 0.0000 0.0000	</row0>
					<row1>	0.0000 0.9274 -0.3741 0.0000	</row1>
					<row2>	0.0000 0.3741 0.9274 0.0000	</row2>
					<row3>	0.0000 0.8881 0.6050 1.0000	</row3>
				</transform>
			</node>
			<node>
				<identifier>	HP_flag_1	</identifier>
				<transform>
					<row0>	0.9991 0.0420 -0.0030 0.0000	</row0>
					<row1>	-0.0420 0.9890 -0.1417 0.0000	</row1>
					<row2>	-0.0030 0.1417 0.9899 0.0000	</row2>
					<row3>	0.1282 1.4253 0.9972 1.0000	</row3>
				</transform>
			</node>
			<node>
				<identifier>	HP_flag_2	</identifier>
				<transform>
					<row0>	0.9991 -0.0420 0.0030 0.0000	</row0>
					<row1>	0.0420 0.9890 -0.1417 0.0000	</row1>
					<row2>	0.0030 0.1417 0.9899 0.0000	</row2>
					<row3>	-0.1282 1.4253 0.9972 1.0000	</row3>
				</transform>
			</node>
			<node>
				<identifier>	HP_flag_3	</identifier>
				<transform>
					<row0>	0.9989 0.0457 -0.0032 0.0000	</row0>
					<row1>	-0.0457 0.9890 -0.1409 0.0000	</row1>
					<row2>	-0.0032 0.1409 0.9900 0.0000	</row2>
					<row3>	0.0609 1.4253 0.9977 1.0000	</row3>
				</transform>
			</node>
			<node>
				<identifier>	HP_flag_4	</identifier>
				<transform>
					<row0>	0.9989 -0.0457 0.0032 0.0000	</row0>
					<row1>	0.0457 0.9890 -0.1409 0.0000	</row1>
					<row2>	0.0032 0.1409 0.9900 0.0000	</row2>
					<row3>	-0.0609 1.4253 0.9977 1.0000	</row3>
				</transform>
			</node>
			<node>
				<identifier>	HP_flag_courtesy	</identifier>
				<transform>
					<row0>	0.9995 0.0303 -0.0022 0.0000	</row0>
					<row1>	-0.0303 0.9894 -0.1417 0.0000	</row1>
					<row2>	-0.0022 0.1417 0.9899 0.0000	</row2>
					<row3>	0.1622 1.4117 0.9991 1.0000	</row3>
				</transform>
			</node>
			<node>
				<identifier>	HP_flag_house	</identifier>
				<transform>
					<row0>	0.9995 -0.0303 0.0022 0.0000	</row0>
					<row1>	0.0303 0.9894 -0.1417 0.0000	</row1>
					<row2>	0.0022 0.1417 0.9899 0.0000	</row2>
					<row3>	-0.1622 1.4117 0.9991 1.0000	</row3>
				</transform>
			</node>
			<node>
				<identifier>	HP_flag_rank	</identifier>
				<transform>
					<row0>	0.9998 -0.0212 0.0009 0.0000	</row0>
					<row1>	0.0212 0.9958 -0.0889 0.0000	</row1>
					<row2>	0.0009 0.0889 0.9960 0.0000	</row2>
					<row3>	-0.0001 1.6275 0.9457 1.0000	</row3>
				</transform>
			</node>
			<node>
				<identifier>	MP_AM006_Reels_1	</identifier>
				<transform>
					<row0>	1.0000 0.0000 0.0000 0.0000	</row0>
					<row1>	0.0000 0.0000 1.0000 0.0000	</row1>
					<row2>	0.0000 -1.0000 0.0000 0.0000	</row2>
					<row3>	0.0885 0.3526 2.2543 1.0000	</row3>
				</transform>
			</node>
			<node>
				<identifier>	MP_AM010_Speaker_1	</identifier>
				<transform>
					<row0>	0.8498 0.0000 0.0000 0.0000	</row0>
					<row1>	0.0000 0.8427 -0.1097 0.0000	</row1>
					<row2>	0.0000 0.1097 0.8427 0.0000	</row2>
					<row3>	0.0612 0.5677 1.1764 1.0000	</row3>
				</transform>
			</node>
			<node>
				<identifier>	MP_AM010_Speaker_1_INDEX_1	</identifier>
				<transform>
					<row0>	-0.8498 0.0000 0.0000 0.0000	</row0>
					<row1>	0.0000 0.8498 0.0000 0.0000	</row1>
					<row2>	0.0000 0.0000 -0.8498 0.0000	</row2>
					<row3>	0.0555 0.6845 1.7479 1.0000	</row3>
				</transform>
			</node>
			<node>
				<identifier>	MP_AM018_Compass_Binnacle	</identifier>
				<transform>
					<row0>	1.0000 0.0000 0.0000 0.0000	</row0>
					<row1>	0.0000 1.0000 0.0000 0.0000	</row1>
					<row2>	0.0000 0.0000 1.0000 0.0000	</row2>
					<row3>	0.0000 0.5999 1.5906 1.0000	</row3>
				</transform>
			</node>
			<node>
				<identifier>	MP_AM025_Pelorus_Mk7	</identifier>
				<transform>
					<row0>	1.0000 0.0000 0.0000 0.0000	</row0>
					<row1>	0.0000 1.0000 0.0000 0.0000	</row1>
					<row2>	0.0000 0.0000 1.0000 0.0000	</row2>
					<row3>	-0.2718 0.6195 1.5093 1.0000	</row3>
				</transform>
			</node>
			<node>
				<identifier>	MP_AM025_Pelorus_Mk7_INDEX_1	</identifier>
				<transform>
					<row0>	1.0000 0.0000 0.0000 0.0000	</row0>
					<row1>	0.0000 1.0000 0.0000 0.0000	</row1>
					<row2>	0.0000 0.0000 1.0000 0.0000	</row2>
					<row3>	0.2718 0.6195 1.5093 1.0000	</row3>
				</transform>
			</node>
			<node>
				<identifier>	MP_AM044_Boat_Winch	</identifier>
				<transform>
					<row0>	0.6938 0.0000 0.0000 0.0000	</row0>
					<row1>	0.0000 0.6938 0.0000 0.0000	</row1>
					<row2>	0.0000 0.0000 0.6938 0.0000	</row2>
					<row3>	-0.2984 0.1987 0.3321 1.0000	</row3>
				</transform>
			</node>
			<node>
				<identifier>	MP_AM049_Signal_Lamp_1	</identifier>
				<transform>
					<row0>	0.7276 0.0000 0.0799 0.0000	</row0>
					<row1>	0.0000 0.7320 0.0000 0.0000	</row1>
					<row2>	-0.0799 0.0000 0.7276 0.0000	</row2>
					<row3>	-0.0277 1.2712 0.9963 1.0000	</row3>
				</transform>
			</node>
			<node>
				<identifier>	MP_AM049_Signal_Lamp_1_INDEX_1	</identifier>
				<transform>
					<row0>	0.6170 0.0000 0.0000 0.0000	</row0>
					<row1>	0.0000 0.6170 0.0000 0.0000	</row1>
					<row2>	0.0000 0.0000 0.6170 0.0000	</row2>
					<row3>	-0.0253 1.6149 0.9942 1.0000	</row3>
				</transform>
			</node>
			<node>
				<identifier>	MP_AM049_Signal_Lamp_1_INDEX_2	</identifier>
				<transform>
					<row0>	1.0000 0.0000 0.0000 0.0000	</row0>
					<row1>	0.0000 1.0000 0.0000 0.0000	</row1>
					<row2>	0.0000 0.0000 1.0000 0.0000	</row2>
					<row3>	0.1615 1.4331 0.9963 1.0000	</row3>
				</transform>
			</node>
			<node>
				<identifier>	MP_AM049_Signal_Lamp_1_INDEX_3	</identifier>
				<transform>
					<row0>	0.7276 0.0000 0.0799 0.0000	</row0>
					<row1>	0.0000 0.7320 0.0000 0.0000	</row1>
					<row2>	-0.0799 0.0000 0.7276 0.0000	</row2>
					<row3>	-0.0257 1.4104 0.9866 1.0000	</row3>
				</transform>
			</node>
			<node>
				<identifier>	MP_AM049_Signal_Lamp_1_INDEX_4	</identifier>
				<transform>
					<row0>	0.6170 0.0000 0.0000 0.0000	</row0>
					<row1>	0.0000 0.6170 0.0000 0.0000	</row1>
					<row2>	0.0000 0.0000 0.6170 0.0000	</row2>
					<row3>	0.0253 1.6149 0.9942 1.0000	</row3>
				</transform>
			</node>
			<node>
				<identifier>	MP_AM049_Signal_Lamp_1_INDEX_5	</identifier>
				<transform>
					<row0>	1.0000 0.0000 0.0000 0.0000	</row0>
					<row1>	0.0000 1.0000 0.0000 0.0000	</row1>
					<row2>	0.0000 0.0000 1.0000 0.0000	</row2>
					<row3>	-0.1615 1.4331 0.9963 1.0000	</row3>
				</transform>
			</node>
			<node>
				<identifier>	MP_AM050_Fightin_Light	</identifier>
				<transform>
					<row0>	-1.0000 0.0000 0.0000 0.0000	</row0>
					<row1>	0.0000 1.0000 0.0000 0.0000	</row1>
					<row2>	0.0000 0.0000 -1.0000 0.0000	</row2>
					<row3>	0.2574 0.6244 1.2220 1.0000	</row3>
				</transform>
			</node>
			<node>
				<identifier>	MP_AM050_Fightin_Light_INDEX_1	</identifier>
				<transform>
					<row0>	1.0000 0.0000 0.0000 0.0000	</row0>
					<row1>	0.0000 1.0000 0.0000 0.0000	</row1>
					<row2>	0.0000 0.0000 1.0000 0.0000	</row2>
					<row3>	-0.2574 0.6244 1.2220 1.0000	</row3>
				</transform>
			</node>
			<node>
				<identifier>	MP_AM051_Fightin_Light_R	</identifier>
				<transform>
					<row0>	-0.8166 0.0000 0.0000 0.0000	</row0>
					<row1>	0.0000 0.8166 0.0000 0.0000	</row1>
					<row2>	0.0000 0.0000 -0.8166 0.0000	</row2>
					<row3>	-0.0087 1.0747 1.0417 1.0000	</row3>
				</transform>
			</node>
			<node>
				<identifier>	MP_AM052_Fightin_Light_L	</identifier>
				<transform>
					<row0>	-0.8166 0.0000 0.0000 0.0000	</row0>
					<row1>	0.0000 0.8166 0.0000 0.0000	</row1>
					<row2>	0.0000 0.0000 -0.8166 0.0000	</row2>
					<row3>	0.0087 1.0747 1.0417 1.0000	</row3>
				</transform>
			</node>
			<node>
				<identifier>	MP_AM054_Boat_6	</identifier>
				<transform>
					<row0>	0.9644 -0.2595 0.0506 0.0000	</row0>
					<row1>	0.2615 0.9644 -0.0388 0.0000	</row1>
					<row2>	-0.0388 0.0507 0.9980 0.0000	</row2>
					<row3>	0.3026 0.4001 1.4605 1.0000	</row3>
				</transform>
			</node>
			<node>
				<identifier>	MP_AM054_Boat_6_INDEX_1	</identifier>
				<transform>
					<row0>	0.9640 0.2595 -0.0586 0.0000	</row0>
					<row1>	-0.2618 0.9644 -0.0367 0.0000	</row1>
					<row2>	0.0470 0.0507 0.9976 0.0000	</row2>
					<row3>	-0.3030 0.3983 1.4609 1.0000	</row3>
				</transform>
			</node>
			<node>
				<identifier>	MP_AM054_Boat_6_INDEX_2	</identifier>
				<transform>
					<row0>	0.4375 0.8989 -0.0249 0.0000	</row0>
					<row1>	-0.8980 0.4353 -0.0643 0.0000	</row1>
					<row2>	-0.0469 0.0505 0.9976 0.0000	</row2>
					<row3>	0.3538 0.2618 0.9252 1.0000	</row3>
				</transform>
			</node>
			<node>
				<identifier>	MP_AM054_Boat_6_INDEX_3	</identifier>
				<transform>
					<row0>	0.4375 -0.8989 0.0249 0.0000	</row0>
					<row1>	0.8980 0.4353 -0.0643 0.0000	</row1>
					<row2>	0.0469 0.0505 0.9976 0.0000	</row2>
					<row3>	-0.3442 0.2652 0.9246 1.0000	</row3>
				</transform>
			</node>
			<node>
				<identifier>	MP_AM054_Boat_6_INDEX_4	</identifier>
				<transform>
					<row0>	-0.0020 0.9992 -0.0390 0.0000	</row0>
					<row1>	-0.9987 0.0000 0.0513 0.0000	</row1>
					<row2>	0.0513 0.0391 0.9979 0.0000	</row2>
					<row3>	-0.3256 0.3575 1.7368 1.0000	</row3>
				</transform>
			</node>
			<node>
				<identifier>	MP_AM054_Boat_6_INDEX_5	</identifier>
				<transform>
					<row0>	-0.0020 -0.9992 0.0390 0.0000	</row0>
					<row1>	0.9987 0.0000 0.0513 0.0000	</row1>
					<row2>	-0.0513 0.0391 0.9979 0.0000	</row2>
					<row3>	0.3256 0.3575 1.7368 1.0000	</row3>
				</transform>
			</node>
			<node>
				<identifier>	MP_AM061_Sky_Lookout_1	</identifier>
				<transform>
					<row0>	0.2301 0.0000 0.9732 0.0000	</row0>
					<row1>	0.0000 1.0000 0.0000 0.0000	</row1>
					<row2>	-0.9732 0.0000 0.2301 0.0000	</row2>
					<row3>	-0.1072 0.7507 1.5541 1.0000	</row3>
				</transform>
			</node>
			<node>
				<identifier>	MP_AM061_Sky_Lookout_1_INDEX_1	</identifier>
				<transform>
					<row0>	0.2301 0.0000 -0.9732 0.0000	</row0>
					<row1>	0.0000 1.0000 0.0000 0.0000	</row1>
					<row2>	0.9732 0.0000 0.2301 0.0000	</row2>
					<row3>	0.1072 0.7507 1.5541 1.0000	</row3>
				</transform>
			</node>
			<node>
				<identifier>	MP_AM062_IFF_Antenna	</identifier>
				<transform>
					<row0>	1.0000 0.0000 0.0000 0.0000	</row0>
					<row1>	0.0000 1.0000 0.0000 0.0000	</row1>
					<row2>	0.0000 0.0000 1.0000 0.0000	</row2>
					<row3>	-0.1983 1.4334 0.9962 1.0000	</row3>
				</transform>
			</node>
			<node>
				<identifier>	MP_AM062_IFF_Antenna_INDEX_1	</identifier>
				<transform>
					<row0>	1.0000 0.0000 0.0000 0.0000	</row0>
					<row1>	0.0000 1.0000 0.0000 0.0000	</row1>
					<row2>	0.0000 0.0000 1.0000 0.0000	</row2>
					<row3>	0.1983 1.4334 0.9962 1.0000	</row3>
				</transform>
			</node>
			<node>
				<identifier>	MP_AM063_Wind_Direction	</identifier>
				<transform>
					<row0>	0.0000 0.0000 -0.6438 0.0000	</row0>
					<row1>	0.0000 0.6438 0.0000 0.0000	</row1>
					<row2>	0.6438 0.0000 0.0000 0.0000	</row2>
					<row3>	0.0999 1.4364 0.9963 1.0000	</row3>
				</transform>
			</node>
			<node>
				<identifier>	MP_AM064_Wind_Intensity	</identifier>
				<transform>
					<row0>	0.6438 0.0000 0.0000 0.0000	</row0>
					<row1>	0.0000 0.6438 0.0000 0.0000	</row1>
					<row2>	0.0000 0.0000 0.6438 0.0000	</row2>
					<row3>	-0.0999 1.4364 0.9963 1.0000	</row3>
				</transform>
			</node>
			<node>
				<identifier>	MP_AM065_Ammunition_Box_6	</identifier>
				<transform>
					<row0>	1.0000 0.0000 0.0000 0.0000	</row0>
					<row1>	0.0000 0.9991 -0.0421 0.0000	</row1>
					<row2>	0.0000 0.0421 0.9991 0.0000	</row2>
					<row3>	0.2270 0.3578 0.3207 1.0000	</row3>
				</transform>
			</node>
			<node>
				<identifier>	MP_AM065_Ammunition_Box_6_INDEX_1	</identifier>
				<transform>
					<row0>	1.0000 0.0000 0.0000 0.0000	</row0>
					<row1>	0.0000 0.9991 -0.0421 0.0000	</row1>
					<row2>	0.0000 0.0421 0.9991 0.0000	</row2>
					<row3>	-0.2270 0.3578 0.3207 1.0000	</row3>
				</transform>
			</node>
			<node>
				<identifier>	MP_AM085_TBS_Antenna	</identifier>
				<transform>
					<row0>	0.5650 0.0000 0.0000 0.0000	</row0>
					<row1>	0.0000 0.5650 0.0000 0.0000	</row1>
					<row2>	0.0000 0.0000 0.5650 0.0000	</row2>
					<row3>	-0.1212 1.4395 0.9952 1.0000	</row3>
				</transform>
			</node>
			<node>
				<identifier>	MP_AM086_TBS_Antenna_2	</identifier>
				<transform>
					<row0>	-0.6245 0.0000 -0.6245 0.0000	</row0>
					<row1>	0.0000 0.8832 0.0000 0.0000	</row1>
					<row2>	0.6245 0.0000 -0.6245 0.0000	</row2>
					<row3>	0.0359 1.4436 0.9742 1.0000	</row3>
				</transform>
			</node>
			<node>
				<identifier>	MP_AM086_TBS_Antenna_2_INDEX_1	</identifier>
				<transform>
					<row0>	-0.6245 0.0000 0.6245 0.0000	</row0>
					<row1>	0.0000 0.8832 0.0000 0.0000	</row1>
					<row2>	-0.6245 0.0000 -0.6245 0.0000	</row2>
					<row3>	-0.0359 1.4436 0.9742 1.0000	</row3>
				</transform>
			</node>
			<node>
				<identifier>	MP_AM108_Reels_4	</identifier>
				<transform>
					<row0>	-0.6858 -0.0079 0.3960 0.0000	</row0>
					<row1>	-0.0068 0.7919 0.0040 0.0000	</row1>
					<row2>	-0.3960 0.0000 -0.6859 0.0000	</row2>
					<row3>	-0.0852 0.2949 2.3103 1.0000	</row3>
				</transform>
			</node>
			<node>
				<identifier>	MP_AM129_Turtles_box	</identifier>
				<transform>
					<row0>	1.0000 0.0000 0.0000 0.0000	</row0>
					<row1>	0.0000 1.0000 0.0000 0.0000	</row1>
					<row2>	0.0000 0.0000 1.0000 0.0000	</row2>
					<row3>	0.1803 0.4455 1.9052 1.0000	</row3>
				</transform>
			</node>
			<node>
				<identifier>	MP_AM129_Turtles_box_INDEX_1	</identifier>
				<transform>
					<row0>	1.0000 0.0000 0.0000 0.0000	</row0>
					<row1>	0.0000 1.0000 0.0000 0.0000	</row1>
					<row2>	0.0000 0.0000 1.0000 0.0000	</row2>
					<row3>	-0.1803 0.4455 1.9052 1.0000	</row3>
				</transform>
			</node>
			<node>
				<identifier>	MP_AM150_Telegraph_Engine	</identifier>
				<transform>
					<row0>	1.0000 0.0000 0.0000 0.0000	</row0>
					<row1>	0.0000 1.0000 0.0000 0.0000	</row1>
					<row2>	0.0000 0.0000 1.0000 0.0000	</row2>
					<row3>	0.0583 0.5996 1.5829 1.0000	</row3>
				</transform>
			</node>
			<node>
				<identifier>	MP_AM152_Log_Desk	</identifier>
				<transform>
					<row0>	-1.0000 0.0000 0.0000 0.0000	</row0>
					<row1>	0.0000 1.0000 0.0000 0.0000	</row1>
					<row2>	0.0000 0.0000 -1.0000 0.0000	</row2>
					<row3>	0.0634 0.6581 1.4365 1.0000	</row3>
				</transform>
			</node>
			<node>
				<identifier>	MP_AM158_Turning_Indicator	</identifier>
				<transform>
					<row0>	1.0000 0.0000 0.0000 0.0000	</row0>
					<row1>	0.0000 1.0000 0.0000 0.0000	</row1>
					<row2>	0.0000 0.0000 1.0000 0.0000	</row2>
					<row3>	-0.0583 0.5982 1.5829 1.0000	</row3>
				</transform>
			</node>
			<node>
				<identifier>	MP_AM159_Voice_Tube	</identifier>
				<transform>
					<row0>	0.7071 0.0000 -0.7071 0.0000	</row0>
					<row1>	0.0000 1.0000 0.0000 0.0000	</row1>
					<row2>	0.7071 0.0000 0.7071 0.0000	</row2>
					<row3>	0.1107 0.5994 1.5721 1.0000	</row3>
				</transform>
			</node>
			<node>
				<identifier>	MP_AM159_Voice_Tube_INDEX_1	</identifier>
				<transform>
					<row0>	0.7071 0.0000 -0.7071 0.0000	</row0>
					<row1>	0.0000 1.0000 0.0000 0.0000	</row1>
					<row2>	0.7071 0.0000 0.7071 0.0000	</row2>
					<row3>	0.0979 0.5994 1.5849 1.0000	</row3>
				</transform>
			</node>
			<node>
				<identifier>	MP_AM2005_Easter_egg_Kidd	</identifier>
				<transform>
					<row0>	1.0000 0.0000 0.0000 0.0000	</row0>
					<row1>	0.0000 1.0000 0.0000 0.0000	</row1>
					<row2>	0.0000 0.0000 1.0000 0.0000	</row2>
					<row3>	0.0884 0.6287 0.6302 1.0000	</row3>
				</transform>
			</node>
			<node>
				<identifier>	MP_AM350_Filling_connection	</identifier>
				<transform>
					<row0>	0.0000 0.0000 -1.0000 0.0000	</row0>
					<row1>	0.0000 1.0000 0.0000 0.0000	</row1>
					<row2>	1.0000 0.0000 0.0000 0.0000	</row2>
					<row3>	0.3716 0.1942 0.4920 1.0000	</row3>
				</transform>
			</node>
			<node>
				<identifier>	MP_AM350_Filling_connection_INDEX_1	</identifier>
				<transform>
					<row0>	0.0000 0.0000 -1.0000 0.0000	</row0>
					<row1>	0.0000 1.0000 0.0000 0.0000	</row1>
					<row2>	1.0000 0.0000 0.0000 0.0000	</row2>
					<row3>	-0.3716 0.1942 0.4920 1.0000	</row3>
				</transform>
			</node>
			<node>
				<identifier>	MP_AM372_Floater_Net_Basket_3	</identifier>
				<transform>
					<row0>	-0.4149 0.0000 0.7987 0.0000	</row0>
					<row1>	0.0000 0.9000 0.0000 0.0000	</row1>
					<row2>	-0.7987 0.0000 -0.4149 0.0000	</row2>
					<row3>	-0.1192 0.5852 0.6501 1.0000	</row3>
				</transform>
			</node>
			<node>
				<identifier>	MP_AM372_Floater_Net_Basket_3_INDEX_1	</identifier>
				<transform>
					<row0>	-0.4149 0.0000 -0.7987 0.0000	</row0>
					<row1>	0.0000 0.9000 0.0000 0.0000	</row1>
					<row2>	0.7987 0.0000 -0.4149 0.0000	</row2>
					<row3>	0.1192 0.5852 0.6501 1.0000	</row3>
				</transform>
			</node>
			<node>
				<identifier>	MP_AM372_Floater_Net_Basket_3_INDEX_2	</identifier>
				<transform>
					<row0>	1.4000 0.0000 0.0000 0.0000	</row0>
					<row1>	0.0000 1.0000 0.0000 0.0000	</row1>
					<row2>	0.0000 0.0000 1.3131 0.0000	</row2>
					<row3>	0.0000 0.4208 2.2570 1.0000	</row3>
				</transform>
			</node>
			<node>
				<identifier>	MP_AM404_RCM_Antenna	</identifier>
				<transform>
					<row0>	0.0000 0.0000 -1.0000 0.0000	</row0>
					<row1>	0.0000 1.0000 0.0000 0.0000	</row1>
					<row2>	1.0000 0.0000 0.0000 0.0000	</row2>
					<row3>	0.1457 0.7830 0.6835 1.0000	</row3>
				</transform>
			</node>
			<node>
				<identifier>	MP_AM404_RCM_Antenna_INDEX_1	</identifier>
				<transform>
					<row0>	0.0000 0.0000 1.0000 0.0000	</row0>
					<row1>	0.0000 1.0000 0.0000 0.0000	</row1>
					<row2>	-1.0000 0.0000 0.0000 0.0000	</row2>
					<row3>	-0.1457 0.7830 0.6835 1.0000	</row3>
				</transform>
			</node>
			<node>
				<identifier>	MP_AM404_RCM_Antenna_INDEX_2	</identifier>
				<transform>
					<row0>	1.0000 0.0000 0.0000 0.0000	</row0>
					<row1>	0.0000 1.0000 0.0000 0.0000	</row1>
					<row2>	0.0000 0.0000 1.0000 0.0000	</row2>
					<row3>	0.0000 0.6121 1.7357 1.0000	</row3>
				</transform>
			</node>
			<node>
				<identifier>	MP_AM441_Siren	</identifier>
				<transform>
					<row0>	0.2301 0.0000 -0.9732 0.0000	</row0>
					<row1>	0.0000 1.0000 0.0000 0.0000	</row1>
					<row2>	0.9732 0.0000 0.2301 0.0000	</row2>
					<row3>	0.1327 0.7442 1.5619 1.0000	</row3>
				</transform>
			</node>
			<node>
				<identifier>	MP_AM447_Seat	</identifier>
				<transform>
					<row0>	1.0000 0.0000 0.0000 0.0000	</row0>
					<row1>	0.0000 1.0000 0.0000 0.0000	</row1>
					<row2>	0.0000 0.0000 1.0000 0.0000	</row2>
					<row3>	-0.2135 0.6268 1.4745 1.0000	</row3>
				</transform>
			</node>
			<node>
				<identifier>	MP_AM449_Binoculars	</identifier>
				<transform>
					<row0>	1.0000 0.0000 0.0000 0.0000	</row0>
					<row1>	0.0000 1.0000 0.0000 0.0000	</row1>
					<row2>	0.0000 0.0000 1.0000 0.0000	</row2>
					<row3>	0.0278 0.6994 1.7355 1.0000	</row3>
				</transform>
			</node>
			<node>
				<identifier>	MP_AM463_Binoculars	</identifier>
				<transform>
					<row0>	1.0000 0.0000 0.0000 0.0000	</row0>
					<row1>	0.0000 1.0000 0.0000 0.0000	</row1>
					<row2>	0.0000 0.0000 1.0000 0.0000	</row2>
					<row3>	-0.0570 0.5996 1.6940 1.0000	</row3>
				</transform>
			</node>
			<node>
				<identifier>	MP_AM509_Voice_Tube_2	</identifier>
				<transform>
					<row0>	1.0000 0.0000 0.0000 0.0000	</row0>
					<row1>	0.0000 1.0000 0.0000 0.0000	</row1>
					<row2>	0.0000 0.0000 1.0000 0.0000	</row2>
					<row3>	-0.1108 0.5040 0.3716 1.0000	</row3>
				</transform>
			</node>
			<node>
				<identifier>	MP_AM509_Voice_Tube_2_INDEX_1	</identifier>
				<transform>
					<row0>	0.0000 0.0000 -1.0000 0.0000	</row0>
					<row1>	0.0000 1.0000 0.0000 0.0000	</row1>
					<row2>	1.0000 0.0000 0.0000 0.0000	</row2>
					<row3>	0.2959 0.6001 1.5254 1.0000	</row3>
				</transform>
			</node>
			<node>
				<identifier>	MP_AM509_Voice_Tube_2_INDEX_2	</identifier>
				<transform>
					<row0>	1.0000 0.0000 0.0000 0.0000	</row0>
					<row1>	0.0000 1.0000 0.0000 0.0000	</row1>
					<row2>	0.0000 0.0000 1.0000 0.0000	</row2>
					<row3>	-0.0196 0.6003 1.7063 1.0000	</row3>
				</transform>
			</node>
			<node>
				<identifier>	MP_AM509_Voice_Tube_2_INDEX_3	</identifier>
				<transform>
					<row0>	0.0000 0.0000 -1.0000 0.0000	</row0>
					<row1>	0.0000 1.0000 0.0000 0.0000	</row1>
					<row2>	1.0000 0.0000 0.0000 0.0000	</row2>
					<row3>	0.2959 0.6001 1.4926 1.0000	</row3>
				</transform>
			</node>
			<node>
				<identifier>	MP_AM509_Voice_Tube_2_INDEX_4	</identifier>
				<transform>
					<row0>	1.0000 0.0000 0.0000 0.0000	</row0>
					<row1>	0.0000 1.0000 0.0000 0.0000	</row1>
					<row2>	0.0000 0.0000 1.0000 0.0000	</row2>
					<row3>	0.1108 0.5040 0.3716 1.0000	</row3>
				</transform>
			</node>
			<node>
				<identifier>	MP_AM527_Whaleboat_26ft	</identifier>
				<transform>
					<row0>	0.9961 0.0000 0.0879 0.0000	</row0>
					<row1>	0.0000 1.0000 0.0000 0.0000	</row1>
					<row2>	-0.0879 0.0000 0.9961 0.0000	</row2>
					<row3>	-0.2808 0.4323 0.9268 1.0000	</row3>
				</transform>
			</node>
			<node>
				<identifier>	MP_AM527_Whaleboat_26ft_INDEX_1	</identifier>
				<transform>
					<row0>	0.9961 0.0000 -0.0879 0.0000	</row0>
					<row1>	0.0000 1.0000 0.0000 0.0000	</row1>
					<row2>	0.0879 0.0000 0.9961 0.0000	</row2>
					<row3>	0.2808 0.4323 0.9268 1.0000	</row3>
				</transform>
			</node>
			<node>
				<identifier>	MP_AM531_Stretcher	</identifier>
				<transform>
					<row0>	0.8833 0.4682 -0.0240 0.0000	</row0>
					<row1>	0.4680 -0.8836 -0.0127 0.0000	</row1>
					<row2>	-0.0272 0.0000 -0.9996 0.0000	</row2>
					<row3>	-0.3644 0.2543 0.6693 1.0000	</row3>
				</transform>
			</node>
			<node>
				<identifier>	MP_AM531_Stretcher_INDEX_1	</identifier>
				<transform>
					<row0>	-0.8466 0.5314 -0.0295 0.0000	</row0>
					<row1>	-0.5314 -0.8471 -0.0114 0.0000	</row1>
					<row2>	-0.0310 0.0060 0.9995 0.0000	</row2>
					<row3>	0.3633 0.2558 0.6693 1.0000	</row3>
				</transform>
			</node>
			<node>
				<identifier>	MP_AM544_Insulator	</identifier>
				<transform>
					<row0>	0.7232 0.0000 0.0000 0.0000	</row0>
					<row1>	0.0000 0.0000 -0.7232 0.0000	</row1>
					<row2>	0.0000 0.7232 0.0000 0.0000	</row2>
					<row3>	-0.0625 0.5815 1.0396 1.0000	</row3>
				</transform>
			</node>
			<node>
				<identifier>	MP_AM544_Insulator_INDEX_1	</identifier>
				<transform>
					<row0>	0.7232 0.0000 0.0000 0.0000	</row0>
					<row1>	0.0000 0.0000 -0.7232 0.0000	</row1>
					<row2>	0.0000 0.7232 0.0000 0.0000	</row2>
					<row3>	-0.0384 0.5815 1.0396 1.0000	</row3>
				</transform>
			</node>
			<node>
				<identifier>	MP_AM549_Life_Buoy	</identifier>
				<transform>
					<row0>	0.8893 0.0000 -0.4574 0.0000	</row0>
					<row1>	0.0000 1.0000 0.0000 0.0000	</row1>
					<row2>	0.4574 0.0000 0.8893 0.0000	</row2>
					<row3>	0.2355 0.6513 1.1687 1.0000	</row3>
				</transform>
			</node>
			<node>
				<identifier>	MP_AM549_Life_Buoy_INDEX_1	</identifier>
				<transform>
					<row0>	-0.8893 0.0000 -0.4574 0.0000	</row0>
					<row1>	0.0000 1.0000 0.0000 0.0000	</row1>
					<row2>	0.4574 0.0000 -0.8893 0.0000	</row2>
					<row3>	-0.2355 0.6513 1.1687 1.0000	</row3>
				</transform>
			</node>
			<node>
				<identifier>	MP_AM682_36in_Searchlight	</identifier>
				<transform>
					<row0>	0.0000 0.0000 -1.0000 0.0000	</row0>
					<row1>	0.0000 1.0000 0.0000 0.0000	</row1>
					<row2>	1.0000 0.0000 0.0000 0.0000	</row2>
					<row3>	0.1539 0.6230 0.8013 1.0000	</row3>
				</transform>
			</node>
			<node>
				<identifier>	MP_AM682_36in_Searchlight_INDEX_1	</identifier>
				<transform>
					<row0>	0.0000 0.0000 1.0000 0.0000	</row0>
					<row1>	0.0000 1.0000 0.0000 0.0000	</row1>
					<row2>	-1.0000 0.0000 0.0000 0.0000	</row2>
					<row3>	-0.1539 0.6230 0.8013 1.0000	</row3>
				</transform>
			</node>
			<node>
				<identifier>	MP_CM011_Fire_Fighting_Gear	</identifier>
				<transform>
					<row0>	-1.0000 0.0000 0.0000 0.0000	</row0>
					<row1>	0.0000 1.0000 0.0000 0.0000	</row1>
					<row2>	0.0000 0.0000 -1.0000 0.0000	</row2>
					<row3>	0.0000 0.2965 2.2622 1.0000	</row3>
				</transform>
			</node>
			<node>
				<identifier>	MP_CM011_Fire_Fighting_Gear_INDEX_1	</identifier>
				<transform>
					<row0>	0.0000 0.0000 -1.0000 0.0000	</row0>
					<row1>	0.0000 1.0000 0.0000 0.0000	</row1>
					<row2>	1.0000 0.0000 0.0000 0.0000	</row2>
					<row3>	-0.2169 0.2144 0.6137 1.0000	</row3>
				</transform>
			</node>
			<node>
				<identifier>	MP_CM011_Fire_Fighting_Gear_INDEX_2	</identifier>
				<transform>
					<row0>	0.0000 0.0000 1.0000 0.0000	</row0>
					<row1>	0.0000 1.0000 0.0000 0.0000	</row1>
					<row2>	-1.0000 0.0000 0.0000 0.0000	</row2>
					<row3>	0.1717 0.4095 1.3269 1.0000	</row3>
				</transform>
			</node>
			<node>
				<identifier>	MP_CM011_Fire_Fighting_Gear_INDEX_3	</identifier>
				<transform>
					<row0>	0.0000 0.0000 1.0000 0.0000	</row0>
					<row1>	0.0000 1.0000 0.0000 0.0000	</row1>
					<row2>	-1.0000 0.0000 0.0000 0.0000	</row2>
					<row3>	0.2169 0.2144 0.6137 1.0000	</row3>
				</transform>
			</node>
			<node>
				<identifier>	MP_CM012_Fire_Hose_Rack_1	</identifier>
				<transform>
					<row0>	0.0000 0.0000 -1.0000 0.0000	</row0>
					<row1>	0.0000 1.0000 0.0000 0.0000	</row1>
					<row2>	1.0000 0.0000 0.0000 0.0000	</row2>
					<row3>	-0.0946 0.3537 2.2573 1.0000	</row3>
				</transform>
			</node>
			<node>
				<identifier>	MP_CM012_Fire_Hose_Rack_1_INDEX_1	</identifier>
				<transform>
					<row0>	-1.0000 0.0000 0.0000 0.0000	</row0>
					<row1>	0.0000 1.0000 0.0000 0.0000	</row1>
					<row2>	0.0000 0.0000 -1.0000 0.0000	</row2>
					<row3>	0.1658 0.5070 1.2518 1.0000	</row3>
				</transform>
			</node>
			<node>
				<identifier>	MP_CM012_Fire_Hose_Rack_1_INDEX_2	</identifier>
				<transform>
					<row0>	0.0000 0.0000 -1.0000 0.0000	</row0>
					<row1>	0.0000 1.0000 0.0000 0.0000	</row1>
					<row2>	1.0000 0.0000 0.0000 0.0000	</row2>
					<row3>	0.0000 0.3537 2.2573 1.0000	</row3>
				</transform>
			</node>
			<node>
				<identifier>	MP_CM012_Fire_Hose_Rack_1_INDEX_3	</identifier>
				<transform>
					<row0>	-1.0000 0.0000 0.0000 0.0000	</row0>
					<row1>	0.0000 1.0000 0.0000 0.0000	</row1>
					<row2>	0.0000 0.0000 -1.0000 0.0000	</row2>
					<row3>	0.1658 0.5070 1.4305 1.0000	</row3>
				</transform>
			</node>
			<node>
				<identifier>	MP_CM012_Fire_Hose_Rack_1_INDEX_4	</identifier>
				<transform>
					<row0>	-1.0000 0.0000 0.0000 0.0000	</row0>
					<row1>	0.0000 1.0000 0.0000 0.0000	</row1>
					<row2>	0.0000 0.0000 -1.0000 0.0000	</row2>
					<row3>	0.2101 0.2763 0.6004 1.0000	</row3>
				</transform>
			</node>
			<node>
				<identifier>	MP_CM012_Fire_Hose_Rack_1_INDEX_5	</identifier>
				<transform>
					<row0>	1.0000 0.0000 0.0000 0.0000	</row0>
					<row1>	0.0000 1.0000 0.0000 0.0000	</row1>
					<row2>	0.0000 0.0000 1.0000 0.0000	</row2>
					<row3>	-0.2101 0.2763 0.6004 1.0000	</row3>
				</transform>
			</node>
			<node>
				<identifier>	MP_CM014_Fuel_Oil_Hose	</identifier>
				<transform>
					<row0>	-1.0000 0.0000 0.0000 0.0000	</row0>
					<row1>	0.0000 -1.0000 0.0000 0.0000	</row1>
					<row2>	0.0000 0.0000 1.0000 0.0000	</row2>
					<row3>	0.2127 0.3107 0.3989 1.0000	</row3>
				</transform>
			</node>
			<node>
				<identifier>	MP_CM014_Fuel_Oil_Hose_INDEX_1	</identifier>
				<transform>
					<row0>	1.0000 0.0000 0.0000 0.0000	</row0>
					<row1>	0.0000 -1.0000 0.0000 0.0000	</row1>
					<row2>	0.0000 0.0000 -1.0000 0.0000	</row2>
					<row3>	-0.2159 0.3107 0.3314 1.0000	</row3>
				</transform>
			</node>
			<node>
				<identifier>	MP_CM014_Fuel_Oil_Hose_INDEX_2	</identifier>
				<transform>
					<row0>	-1.0000 0.0000 0.0000 0.0000	</row0>
					<row1>	0.0000 -1.0000 0.0000 0.0000	</row1>
					<row2>	0.0000 0.0000 1.0000 0.0000	</row2>
					<row3>	0.1668 0.4532 1.2747 1.0000	</row3>
				</transform>
			</node>
			<node>
				<identifier>	MP_CM014_Fuel_Oil_Hose_INDEX_3	</identifier>
				<transform>
					<row0>	1.0000 0.0000 0.0000 0.0000	</row0>
					<row1>	0.0000 -1.0000 0.0000 0.0000	</row1>
					<row2>	0.0000 0.0000 -1.0000 0.0000	</row2>
					<row3>	-0.1673 0.4600 1.2747 1.0000	</row3>
				</transform>
			</node>
			<node>
				<identifier>	MP_CM029_Emergency_Box	</identifier>
				<transform>
					<row0>	-1.0000 0.0000 0.0000 0.0000	</row0>
					<row1>	0.0000 1.0000 0.0000 0.0000	</row1>
					<row2>	0.0000 0.0000 -1.0000 0.0000	</row2>
					<row3>	0.1370 0.4301 0.3832 1.0000	</row3>
				</transform>
			</node>
			<node>
				<identifier>	MP_CM029_Emergency_Box_INDEX_1	</identifier>
				<transform>
					<row0>	0.0000 0.0000 1.0000 0.0000	</row0>
					<row1>	0.0000 1.0000 0.0000 0.0000	</row1>
					<row2>	-1.0000 0.0000 0.0000 0.0000	</row2>
					<row3>	0.1674 0.6803 1.3237 1.0000	</row3>
				</transform>
			</node>
			<node>
				<identifier>	MP_CM029_Emergency_Box_INDEX_2	</identifier>
				<transform>
					<row0>	-1.0000 0.0000 0.0000 0.0000	</row0>
					<row1>	0.0000 1.0000 0.0000 0.0000	</row1>
					<row2>	0.0000 0.0000 -1.0000 0.0000	</row2>
					<row3>	0.1310 0.2947 0.7402 1.0000	</row3>
				</transform>
			</node>
			<node>
				<identifier>	MP_CM029_Emergency_Box_INDEX_3	</identifier>
				<transform>
					<row0>	-0.8538 0.0000 -0.5207 0.0000	</row0>
					<row1>	0.0000 1.0000 0.0000 0.0000	</row1>
					<row2>	0.5207 0.0000 -0.8538 0.0000	</row2>
					<row3>	-0.1331 0.5076 1.5972 1.0000	</row3>
				</transform>
			</node>
			<node>
				<identifier>	MP_CM029_Emergency_Box_INDEX_4	</identifier>
				<transform>
					<row0>	0.0000 0.0000 -1.0000 0.0000	</row0>
					<row1>	0.0000 1.0000 0.0000 0.0000	</row1>
					<row2>	1.0000 0.0000 0.0000 0.0000	</row2>
					<row3>	-0.1674 0.6803 1.3764 1.0000	</row3>
				</transform>
			</node>
			<node>
				<identifier>	MP_CM029_Emergency_Box_INDEX_5	</identifier>
				<transform>
					<row0>	1.0000 0.0000 0.0000 0.0000	</row0>
					<row1>	0.0000 1.0000 0.0000 0.0000	</row1>
					<row2>	0.0000 0.0000 1.0000 0.0000	</row2>
					<row3>	-0.0529 0.4787 1.1819 1.0000	</row3>
				</transform>
			</node>
			<node>
				<identifier>	MP_CM029_Emergency_Box_INDEX_6	</identifier>
				<transform>
					<row0>	0.0000 0.0000 -1.0000 0.0000	</row0>
					<row1>	0.0000 1.0000 0.0000 0.0000	</row1>
					<row2>	1.0000 0.0000 0.0000 0.0000	</row2>
					<row3>	-0.1712 0.3194 0.9908 1.0000	</row3>
				</transform>
			</node>
			<node>
				<identifier>	MP_CM056_Ships_bell	</identifier>
				<transform>
					<row0>	0.8644 0.0000 0.0000 0.0000	</row0>
					<row1>	0.0000 0.8644 0.0000 0.0000	</row1>
					<row2>	0.0000 0.0000 0.8644 0.0000	</row2>
					<row3>	-0.0060 0.7531 1.0921 1.0000	</row3>
				</transform>
			</node>
			<node>
				<identifier>	MP_CM126_Cleat	</identifier>
				<transform>
					<row0>	-0.9998 0.0000 0.0183 0.0000	</row0>
					<row1>	0.0000 1.0000 0.0000 0.0000	</row1>
					<row2>	-0.0183 0.0000 -0.9998 0.0000	</row2>
					<row3>	-0.3879 0.2602 0.3194 1.0000	</row3>
				</transform>
			</node>
			<node>
				<identifier>	MP_CM126_Cleat_INDEX_1	</identifier>
				<transform>
					<row0>	-0.9998 0.0000 -0.0183 0.0000	</row0>
					<row1>	0.0000 1.0000 0.0000 0.0000	</row1>
					<row2>	0.0183 0.0000 -0.9998 0.0000	</row2>
					<row3>	0.3879 0.2602 0.3194 1.0000	</row3>
				</transform>
			</node>
			<node>
				<identifier>	MP_CM126_Cleat_INDEX_2	</identifier>
				<transform>
					<row0>	0.9999 0.0000 -0.0125 0.0000	</row0>
					<row1>	0.0000 1.0000 -0.0029 0.0000	</row1>
					<row2>	0.0125 0.0029 0.9999 0.0000	</row2>
					<row3>	0.2066 0.3736 0.5788 1.0000	</row3>
				</transform>
			</node>
			<node>
				<identifier>	MP_CM126_Cleat_INDEX_3	</identifier>
				<transform>
					<row0>	0.9999 0.0000 0.0125 0.0000	</row0>
					<row1>	0.0000 1.0000 -0.0029 0.0000	</row1>
					<row2>	-0.0125 0.0029 0.9999 0.0000	</row2>
					<row3>	-0.2066 0.3736 0.5788 1.0000	</row3>
				</transform>
			</node>
			<node>
				<identifier>	MP_CM126_Cleat_INDEX_4	</identifier>
				<transform>
					<row0>	0.8028 0.0000 0.5963 0.0000	</row0>
					<row1>	0.5963 0.0000 -0.8028 0.0000	</row1>
					<row2>	0.0000 1.0000 0.0000 0.0000	</row2>
					<row3>	-0.0273 0.4582 1.0535 1.0000	</row3>
				</transform>
			</node>
			<node>
				<identifier>	MP_GM604_Switch_Box_5	</identifier>
				<transform>
					<row0>	-0.7116 0.0000 0.0000 0.0000	</row0>
