<GSC013_Prinz_Eugen_1945_Bow_ports.visual>
	<node>
		<identifier>	Scene Root	</identifier>
		<transform>
			<row0>	1.0000 0.0000 0.0000 0.0000	</row0>
			<row1>	0.0000 1.0000 0.0000 0.0000	</row1>
			<row2>	0.0000 0.0000 1.0000 0.0000	</row2>
			<row3>	0.0000 0.0000 0.0000 1.0000	</row3>
		</transform>
		<node>
			<identifier>	Bow_ports	</identifier>
			<transform>
				<row0>	1.0000 0.0000 0.0000 0.0000	</row0>
				<row1>	0.0000 1.0000 0.0000 0.0000	</row1>
				<row2>	0.0000 0.0000 1.0000 0.0000	</row2>
				<row3>	0.0000 0.0000 0.0000 1.0000	</row3>
			</transform>
			<node>
				<identifier>	HP_FX_Death_1	</identifier>
				<transform>
					<row0>	1.0000 0.0000 0.0000 0.0000	</row0>
					<row1>	0.0000 1.0000 0.0000 0.0000	</row1>
					<row2>	0.0000 0.0000 1.0000 0.0000	</row2>
					<row3>	0.0000 0.0000 3.7849 1.0000	</row3>
				</transform>
			</node>
			<node>
				<identifier>	HP_FX_Fire_1	</identifier>
				<transform>
					<row0>	1.0000 0.0000 0.0000 0.0000	</row0>
					<row1>	0.0000 1.0000 0.0000 0.0000	</row1>
					<row2>	0.0000 0.0000 1.0000 0.0000	</row2>
					<row3>	0.0000 0.3822 5.0042 1.0000	</row3>
				</transform>
			</node>
			<node>
				<identifier>	HP_FX_WakeTrace	</identifier>
				<transform>
					<row0>	1.0000 0.0000 0.0000 0.0000	</row0>
					<row1>	0.0000 1.0000 0.0000 0.0000	</row1>
					<row2>	0.0000 0.0000 1.0000 0.0000	</row2>
					<row3>	0.0000 0.0000 6.7947 1.0000	</row3>
				</transform>
			</node>
			<node>
				<identifier>	HP_GGA_1	</identifier>
				<transform>
					<row0>	1.0000 0.0000 0.0000 0.0000	</row0>
					<row1>	0.0000 1.0000 0.0000 0.0000	</row1>
					<row2>	0.0000 0.0000 1.0000 0.0000	</row2>
					<row3>	0.2249 0.3613 5.6309 1.0000	</row3>
				</transform>
			</node>
			<node>
				<identifier>	HP_GGA_2	</identifier>
				<transform>
					<row0>	1.0000 0.0000 0.0000 0.0000	</row0>
					<row1>	0.0000 1.0000 0.0000 0.0000	</row1>
					<row2>	0.0000 0.0000 1.0000 0.0000	</row2>
					<row3>	-0.2582 0.3428 5.2815 1.0000	</row3>
				</transform>
			</node>
			<node>
				<identifier>	HP_GGM_1	</identifier>
				<transform>
					<row0>	1.0000 0.0000 0.0000 0.0000	</row0>
					<row1>	0.0000 1.0000 0.0000 0.0000	</row1>
					<row2>	0.0000 0.0000 1.0000 0.0000	</row2>
					<row3>	0.0000 0.3747 4.1308 1.0000	</row3>
				</transform>
			</node>
			<node>
				<identifier>	HP_Ship_death_1	</identifier>
				<transform>
					<row0>	1.0000 0.0000 0.0000 0.0000	</row0>
					<row1>	0.0000 1.0000 0.0000 0.0000	</row1>
					<row2>	0.0000 0.0000 1.0000 0.0000	</row2>
					<row3>	0.0000 0.0000 3.7849 1.0000	</row3>
				</transform>
			</node>
			<node>
				<identifier>	MP_CM096_Platform	</identifier>
				<transform>
					<row0>	0.9744 -0.0673 -0.2143 0.0000	</row0>
					<row1>	-0.0458 -0.9935 0.1039 0.0000	</row1>
					<row2>	-0.2199 -0.0914 -0.9712 0.0000	</row2>
					<row3>	-0.1258 0.4593 6.6632 1.0000	</row3>
				</transform>
			</node>
			<node>
				<identifier>	MP_CM096_Platform_INDEX_1	</identifier>
				<transform>
					<row0>	-0.9760 -0.0630 -0.2085 0.0000	</row0>
					<row1>	0.0427 -0.9940 0.1004 0.0000	</row1>
					<row2>	-0.2136 0.0891 0.9729 0.0000	</row2>
					<row3>	0.1251 0.4592 6.6631 1.0000	</row3>
				</transform>
			</node>
			<node>
				<identifier>	MP_GM154_Crest_Prinz_Eugen	</identifier>
				<transform>
					<row0>	0.2127 -0.0003 0.9771 0.0000	</row0>
					<row1>	-0.3243 0.9433 0.0709 0.0000	</row1>
					<row2>	-0.9217 -0.3320 0.2006 0.0000	</row2>
					<row3>	-0.0499 0.2755 6.8032 1.0000	</row3>
				</transform>
			</node>
			<node>
				<identifier>	MP_GM154_Crest_Prinz_Eugen_INDEX_1	</identifier>
				<transform>
					<row0>	0.2127 0.0003 -0.9771 0.0000	</row0>
					<row1>	0.3243 0.9433 0.0709 0.0000	</row1>
					<row2>	0.9217 -0.3320 0.2006 0.0000	</row2>
					<row3>	0.0499 0.2755 6.8032 1.0000	</row3>
				</transform>
			</node>
			<node>
				<identifier>	MP_GM700_AmmoBox	</identifier>
				<transform>
					<row0>	0.4550 0.0000 0.8905 0.0000	</row0>
					<row1>	0.0000 1.0000 0.0000 0.0000	</row1>
					<row2>	-0.8905 0.0000 0.4550 0.0000	</row2>
					<row3>	0.2238 0.3283 4.4645 1.0000	</row3>
				</transform>
			</node>
			<node>
				<identifier>	MP_GM700_AmmoBox_INDEX_1	</identifier>
				<transform>
					<row0>	-0.4580 0.0000 0.8889 0.0000	</row0>
					<row1>	0.0000 1.0000 0.0000 0.0000	</row1>
					<row2>	-0.8889 0.0000 -0.4580 0.0000	</row2>
					<row3>	-0.2234 0.3283 4.4640 1.0000	</row3>
				</transform>
			</node>
			<node>
				<identifier>	SP_YMS001_YHBM_M_1	</identifier>
				<transform>
					<row0>	0.7187 0.0000 0.0000 0.0000	</row0>
					<row1>	0.0000 0.7137 0.0847 0.0000	</row1>
					<row2>	0.0000 -0.0847 0.7137 0.0000	</row2>
					<row3>	0.0000 0.5036 7.1371 1.0000	</row3>
				</transform>
			</node>
			<node>
				<identifier>	SP_YMS002_YHBL_M_1	</identifier>
				<transform>
					<row0>	0.4790 -0.0007 -0.0080 0.0000	</row0>
					<row1>	-0.0003 0.4751 -0.0616 0.0000	</row1>
					<row2>	0.0080 0.0616 0.4750 0.0000	</row2>
					<row3>	0.0000 0.5045 7.1336 1.0000	</row3>
				</transform>
			</node>
			<node>
				<identifier>	SP_YMS003_YHBR_M_1	</identifier>
				<transform>
					<row0>	0.4790 0.0007 0.0080 0.0000	</row0>
					<row1>	0.0003 0.4751 -0.0616 0.0000	</row1>
					<row2>	-0.0080 0.0616 0.4750 0.0000	</row2>
					<row3>	0.0000 0.5045 7.1336 1.0000	</row3>
				</transform>
			</node>
			<node>
				<identifier>	SP_YMS010_YHWM_L_1	</identifier>
				<transform>
					<row0>	0.6865 0.0000 0.0000 0.0000	</row0>
					<row1>	0.0000 0.6338 0.0000 0.0000	</row1>
					<row2>	0.0000 0.0000 0.6338 0.0000	</row2>
					<row3>	0.0000 0.0000 6.9051 1.0000	</row3>
				</transform>
			</node>
			<node>
				<identifier>	SP_YMS011_YHWL_M_1	</identifier>
				<transform>
					<row0>	0.9837 0.0000 -0.1798 0.0000	</row0>
					<row1>	0.0000 1.0000 0.0000 0.0000	</row1>
					<row2>	0.1798 0.0000 0.9837 0.0000	</row2>
					<row3>	-0.2504 0.0000 5.5025 1.0000	</row3>
				</transform>
			</node>
			<node>
				<identifier>	SP_YMS011_YHWL_M_1_INDEX_1	</identifier>
				<transform>
					<row0>	0.9878 0.0000 -0.1555 0.0000	</row0>
					<row1>	0.0000 1.0000 0.0000 0.0000	</row1>
					<row2>	0.1555 0.0000 0.9878 0.0000	</row2>
					<row3>	-0.3962 0.0000 4.6645 1.0000	</row3>
				</transform>
			</node>
			<node>
				<identifier>	SP_YMS012_YHWR_M_1_INDEX_11	</identifier>
				<transform>
					<row0>	0.9937 0.0000 0.1120 0.0000	</row0>
					<row1>	0.0000 1.0000 0.0000 0.0000	</row1>
					<row2>	-0.1120 0.0000 0.9937 0.0000	</row2>
					<row3>	0.5104 0.0000 3.8215 1.0000	</row3>
				</transform>
			</node>
			<node>
				<identifier>	SP_YMS012_YHWR_M_1_INDEX_13	</identifier>
				<transform>
					<row0>	0.9878 0.0000 0.1555 0.0000	</row0>
					<row1>	0.0000 1.0000 0.0000 0.0000	</row1>
					<row2>	-0.1555 0.0000 0.9878 0.0000	</row2>
					<row3>	0.3962 0.0000 4.6645 1.0000	</row3>
				</transform>
			</node>
			<node>
				<identifier>	SP_YMS012_YHWR_M_1_INDEX_5	</identifier>
				<transform>
					<row0>	0.9837 0.0000 0.1798 0.0000	</row0>
					<row1>	0.0000 1.0000 0.0000 0.0000	</row1>
					<row2>	-0.1798 0.0000 0.9837 0.0000	</row2>
					<row3>	0.2504 0.0000 5.5025 1.0000	</row3>
				</transform>
			</node>
			<node>
				<identifier>	SP_YMS020_YHBU_M_1	</identifier>
				<transform>
					<row0>	0.9485 0.0000 0.0000 0.0000	</row0>
					<row1>	0.0000 0.9485 -0.0031 0.0000	</row1>
					<row2>	0.0000 0.0031 0.9485 0.0000	</row2>
					<row3>	0.0000 -0.1338 6.5879 1.0000	</row3>
				</transform>
			</node>
			<node>
				<identifier>	SP_YMS022_YHUS_L_1	</identifier>
				<transform>
					<row0>	-0.1485 -0.0100 -0.9889 0.0000	</row0>
					<row1>	-0.4953 0.8662 0.0656 0.0000	</row1>
					<row2>	0.8559 0.4996 -0.1336 0.0000	</row2>
					<row3>	-0.2432 -0.3661 4.2267 1.0000	</row3>
				</transform>
			</node>
			<node>
				<identifier>	SP_YMS022_YHUS_L_1_INDEX_1	</identifier>
				<transform>
					<row0>	-0.1485 0.0100 0.9889 0.0000	</row0>
					<row1>	0.4953 0.8662 0.0656 0.0000	</row1>
					<row2>	-0.8559 0.4996 -0.1336 0.0000	</row2>
					<row3>	0.2432 -0.3661 4.2267 1.0000	</row3>
				</transform>
			</node>
			<node>
				<identifier>	SP_YMS051_YHDL_L_1	</identifier>
				<transform>
					<row0>	0.7043 -0.0027 -0.0849 0.0000	</row0>
					<row1>	0.0000 0.7091 -0.0223 0.0000	</row1>
					<row2>	0.0850 0.0221 0.7039 0.0000	</row2>
					<row3>	-0.4617 0.3208 4.8239 1.0000	</row3>
				</transform>
			</node>
			<node>
				<identifier>	SP_YMS052_YHDR_L_1	</identifier>
				<transform>
					<row0>	0.7043 0.0027 0.0849 0.0000	</row0>
					<row1>	0.0000 0.7091 -0.0223 0.0000	</row1>
					<row2>	-0.0850 0.0221 0.7039 0.0000	</row2>
					<row3>	0.4617 0.3208 4.8239 1.0000	</row3>
				</transform>
			</node>
			<node>
				<identifier>	SP_YMS053_YHDC_S_1	</identifier>
				<transform>
					<row0>	1.0000 0.0000 0.0000 0.0000	</row0>
					<row1>	0.0000 0.9984 -0.0563 0.0000	</row1>
					<row2>	0.0000 0.0563 0.9984 0.0000	</row2>
					<row3>	0.0000 0.3696 5.4137 1.0000	</row3>
				</transform>
			</node>
			<node>
				<identifier>	SP_YMS080_YHSL_M_1	</identifier>
				<transform>
					<row0>	0.6875 0.2531 -0.1055 0.0000	</row0>
					<row1>	-0.2502 0.6955 0.0384 0.0000	</row1>
					<row2>	0.1123 0.0000 0.7316 0.0000	</row2>
					<row3>	-0.2758 0.1837 5.4583 1.0000	</row3>
				</transform>
			</node>
			<node>
				<identifier>	SP_YMS080_YHSL_M_1_INDEX_1	</identifier>
				<transform>
					<row0>	0.4684 0.1255 -0.0424 0.0000	</row0>
					<row1>	-0.1260 0.4702 0.0000 0.0000	</row1>
					<row2>	0.0410 0.0110 0.4849 0.0000	</row2>
					<row3>	-0.4551 0.1995 4.3093 1.0000	</row3>
				</transform>
			</node>
			<node>
				<identifier>	SP_YMS081_YHSR_M_1	</identifier>
				<transform>
					<row0>	0.6875 -0.2531 0.1055 0.0000	</row0>
					<row1>	0.2502 0.6955 0.0384 0.0000	</row1>
					<row2>	-0.1123 0.0000 0.7316 0.0000	</row2>
					<row3>	0.2758 0.1837 5.4583 1.0000	</row3>
				</transform>
			</node>
			<node>
				<identifier>	SP_YMS081_YHSR_M_1_INDEX_1	</identifier>
				<transform>
					<row0>	0.4684 -0.1255 0.0424 0.0000	</row0>
					<row1>	0.1260 0.4702 0.0000 0.0000	</row1>
					<row2>	-0.0410 0.0110 0.4849 0.0000	</row2>
					<row3>	0.4551 0.1995 4.3093 1.0000	</row3>
				</transform>
			</node>
		</node>
	</node>
	<boundingBox>
		<min>	-0.0667 -0.0667 -0.0667	</min>
		<max>	0.0667 0.0667 0.0667	</max>
	</boundingBox>
</GSC013_Prinz_Eugen_1945_Bow_ports.visual>
