<AGB195_Depth_Charge_Roller_Track_lod1.visual>
	<node>
		<identifier>	Scene Root	</identifier>
		<transform>
			<row0>	1.0000 0.0000 0.0000 0.0000	</row0>
			<row1>	0.0000 1.0000 0.0000 0.0000	</row1>
			<row2>	0.0000 0.0000 1.0000 0.0000	</row2>
			<row3>	0.0000 0.0000 0.0000 1.0000	</row3>
		</transform>
		<node>
			<identifier>	AGB195_Depth_Charge_Roller_Track	</identifier>
			<transform>
				<row0>	1.0000 0.0000 0.0000 0.0000	</row0>
				<row1>	0.0000 1.0000 0.0000 0.0000	</row1>
				<row2>	0.0000 0.0000 1.0000 0.0000	</row2>
				<row3>	0.0000 0.0000 0.0000 1.0000	</row3>
			</transform>
			<node>
				<identifier>	HP_Track_1	</identifier>
				<transform>
					<row0>	1.0000 0.0000 0.0000 0.0000	</row0>
					<row1>	0.0000 0.9993 0.0377 0.0000	</row1>
					<row2>	0.0000 -0.0377 0.9993 0.0000	</row2>
					<row3>	0.0000 0.0297 0.0318 1.0000	</row3>
				</transform>
			</node>
			<node>
				<identifier>	HP_Track_2	</identifier>
				<transform>
					<row0>	1.0000 0.0000 0.0000 0.0000	</row0>
					<row1>	0.0000 0.9617 0.2741 0.0000	</row1>
					<row2>	0.0000 -0.2741 0.9617 0.0000	</row2>
					<row3>	0.0000 0.0158 0.0750 1.0000	</row3>
				</transform>
			</node>
			<node>
				<identifier>	HP_gunFire1	</identifier>
				<transform>
					<row0>	1.0000 0.0000 0.0000 0.0000	</row0>
					<row1>	0.0000 0.9993 0.0377 0.0000	</row1>
					<row2>	0.0000 -0.0377 0.9993 0.0000	</row2>
					<row3>	0.0000 0.0297 0.0318 1.0000	</row3>
				</transform>
			</node>
			<node>
				<identifier>	HP_gunFire2	</identifier>
				<transform>
					<row0>	1.0000 0.0000 0.0000 0.0000	</row0>
					<row1>	0.0000 0.9993 0.0377 0.0000	</row1>
					<row2>	0.0000 -0.0377 0.9993 0.0000	</row2>
					<row3>	0.0000 0.0383 0.0040 1.0000	</row3>
				</transform>
			</node>
			<node>
				<identifier>	HP_gunFire3	</identifier>
				<transform>
					<row0>	1.0000 0.0000 0.0000 0.0000	</row0>
					<row1>	0.0000 0.9993 0.0377 0.0000	</row1>
					<row2>	0.0000 -0.0377 0.9993 0.0000	</row2>
					<row3>	0.0000 0.0426 -0.0250 1.0000	</row3>
				</transform>
			</node>
		</node>
	</node>
	<renderSet>
		<treatAsWorldSpaceObject>	false	</treatAsWorldSpaceObject>
		<node>	AGB195_Depth_Charge_Roller_Track	</node>
		<geometry>
			<vertices>	AGB195_Depth_Charge_Roller_Track_lod1Shape.vertices	</vertices>
			<primitive>	AGB195_Depth_Charge_Roller_Track_lod1Shape.indices	</primitive>
			<primitiveGroup>	0
				<material>
					<identifier>	SHIPMAT_PBS_Gun	</identifier>
					<mfm>	PnFMods/ModsSDK.zip/ASD510_Somers/gun/AGB195_Depth_Charge_Roller_Track.mfm	</mfm>
				</material>
			</primitiveGroup>
		</geometry>
	</renderSet>
	<boundingBox>
		<min>	-0.0327 -0.0048 -0.2359	</min>
		<max>	0.0327 0.0791 0.0582	</max>
	</boundingBox>
</AGB195_Depth_Charge_Roller_Track_lod1.visual>
