<JSB049_Hyuga_1942_MidFront_ports.visual>
	<node>
		<identifier>	Scene Root	</identifier>
		<transform>
			<row0>	1.0000 0.0000 0.0000 0.0000	</row0>
			<row1>	0.0000 1.0000 0.0000 0.0000	</row1>
			<row2>	0.0000 0.0000 1.0000 0.0000	</row2>
			<row3>	0.0000 0.0000 0.0000 1.0000	</row3>
		</transform>
		<node>
			<identifier>	MidFront_ports	</identifier>
			<transform>
				<row0>	1.0000 0.0000 0.0000 0.0000	</row0>
				<row1>	0.0000 1.0000 0.0000 0.0000	</row1>
				<row2>	0.0000 0.0000 1.0000 0.0000	</row2>
				<row3>	0.0000 0.0000 0.0000 1.0000	</row3>
			</transform>
			<node>
				<identifier>	HP_FX_Death_1	</identifier>
				<transform>
					<row0>	1.0000 0.0000 0.0000 0.0000	</row0>
					<row1>	0.0000 1.0000 0.0000 0.0000	</row1>
					<row2>	0.0000 0.0000 1.0000 0.0000	</row2>
					<row3>	0.0000 0.0000 4.3435 1.0000	</row3>
				</transform>
			</node>
			<node>
				<identifier>	HP_FX_Death_2	</identifier>
				<transform>
					<row0>	1.0000 0.0000 0.0000 0.0000	</row0>
					<row1>	0.0000 1.0000 0.0000 0.0000	</row1>
					<row2>	0.0000 0.0000 1.0000 0.0000	</row2>
					<row3>	0.0000 0.0000 0.1873 1.0000	</row3>
				</transform>
			</node>
			<node>
				<identifier>	HP_FX_Fire_2	</identifier>
				<transform>
					<row0>	1.0000 0.0000 0.0000 0.0000	</row0>
					<row1>	0.0000 1.0000 0.0000 0.0000	</row1>
					<row2>	0.0000 0.0000 1.0000 0.0000	</row2>
					<row3>	0.0000 0.8314 1.2203 1.0000	</row3>
				</transform>
			</node>
			<node>
				<identifier>	HP_FX_Fire_2_side_1	</identifier>
				<transform>
					<row0>	0.9986 0.0000 -0.0531 0.0000	</row0>
					<row1>	0.0000 1.0000 0.0000 0.0000	</row1>
					<row2>	0.0531 0.0000 0.9986 0.0000	</row2>
					<row3>	-0.5371 0.6787 2.5322 1.0000	</row3>
				</transform>
			</node>
			<node>
				<identifier>	HP_FX_Fire_2_side_2	</identifier>
				<transform>
					<row0>	0.9971 0.0000 0.0763 0.0000	</row0>
					<row1>	0.0000 1.0000 0.0000 0.0000	</row1>
					<row2>	-0.0763 0.0000 0.9971 0.0000	</row2>
					<row3>	0.6740 0.4409 0.7242 1.0000	</row3>
				</transform>
			</node>
			<node>
				<identifier>	HP_FX_Fire_2_side_3	</identifier>
				<transform>
					<row0>	1.0000 0.0000 0.0000 0.0000	</row0>
					<row1>	0.0000 1.0000 0.0000 0.0000	</row1>
					<row2>	0.0000 0.0000 1.0000 0.0000	</row2>
					<row3>	-0.8804 0.2832 -0.9534 1.0000	</row3>
				</transform>
			</node>
			<node>
				<identifier>	HP_FX_Fire_5	</identifier>
				<transform>
					<row0>	1.0000 0.0000 0.0000 0.0000	</row0>
					<row1>	0.0000 1.0000 0.0000 0.0000	</row1>
					<row2>	0.0000 0.0000 1.0000 0.0000	</row2>
					<row3>	0.0000 0.7631 0.7260 1.0000	</row3>
				</transform>
			</node>
			<node>
				<identifier>	HP_FX_Fire_5_2	</identifier>
				<transform>
					<row0>	1.0000 0.0000 0.0000 0.0000	</row0>
					<row1>	0.0000 1.0000 0.0000 0.0000	</row1>
					<row2>	0.0000 0.0000 1.0000 0.0000	</row2>
					<row3>	0.0000 0.4928 -0.0868 1.0000	</row3>
				</transform>
			</node>
			<node>
				<identifier>	HP_FX_FloodLight_left_1	</identifier>
				<transform>
					<row0>	-1.0000 0.0000 0.0000 0.0000	</row0>
					<row1>	0.0000 1.0000 0.0000 0.0000	</row1>
					<row2>	0.0000 0.0000 -1.0000 0.0000	</row2>
					<row3>	-0.1690 1.4150 0.2610 1.0000	</row3>
				</transform>
			</node>
			<node>
				<identifier>	HP_FX_FloodLight_right_1	</identifier>
				<transform>
					<row0>	0.9754 0.0000 -0.2206 0.0000	</row0>
					<row1>	0.0000 1.0000 0.0000 0.0000	</row1>
					<row2>	0.2206 0.0000 0.9754 0.0000	</row2>
					<row3>	0.1690 1.4150 0.2610 1.0000	</row3>
				</transform>
			</node>
			<node>
				<identifier>	HP_FX_Flood_steam_1	</identifier>
				<transform>
					<row0>	1.0000 0.0000 0.0000 0.0000	</row0>
					<row1>	0.0000 1.0000 0.0000 0.0000	</row1>
					<row2>	0.0000 0.0000 1.0000 0.0000	</row2>
					<row3>	0.1503 1.6960 0.3475 1.0000	</row3>
				</transform>
			</node>
			<node>
				<identifier>	HP_FX_Flood_steam_exhaust_1	</identifier>
				<transform>
					<row0>	0.8710 0.0000 -0.4913 0.0000	</row0>
					<row1>	-0.2727 0.8318 -0.4834 0.0000	</row1>
					<row2>	0.4087 0.5550 0.7245 0.0000	</row2>
					<row3>	-0.0370 1.5900 0.0140 1.0000	</row3>
				</transform>
			</node>
			<node>
				<identifier>	HP_FX_Flood_steam_exhaust_2	</identifier>
				<transform>
					<row0>	0.8928 0.0000 0.4505 0.0000	</row0>
					<row1>	0.3085 0.7286 -0.6115 0.0000	</row1>
					<row2>	-0.3282 0.6849 0.6505 0.0000	</row2>
					<row3>	0.0370 1.5870 0.0110 1.0000	</row3>
				</transform>
			</node>
			<node>
				<identifier>	HP_FX_Flood_steam_left	</identifier>
				<transform>
					<row0>	-0.9911 0.0000 0.1330 0.0000	</row0>
					<row1>	0.0000 1.0000 0.0000 0.0000	</row1>
					<row2>	-0.1330 0.0000 -0.9911 0.0000	</row2>
					<row3>	-0.5482 0.4076 4.5184 1.0000	</row3>
				</transform>
			</node>
			<node>
				<identifier>	HP_FX_Flood_water_left_3	</identifier>
				<transform>
					<row0>	-0.9896 0.0000 0.1437 0.0000	</row0>
					<row1>	0.0000 1.0000 0.0000 0.0000	</row1>
					<row2>	-0.1437 0.0000 -0.9896 0.0000	</row2>
					<row3>	-1.0194 0.0250 1.7114 1.0000	</row3>
				</transform>
			</node>
			<node>
				<identifier>	HP_FX_Flood_water_right_3	</identifier>
				<transform>
					<row0>	1.0000 0.0000 0.0000 0.0000	</row0>
					<row1>	0.0000 1.0000 0.0000 0.0000	</row1>
					<row2>	0.0000 0.0000 1.0000 0.0000	</row2>
					<row3>	1.0194 0.0247 1.7118 1.0000	</row3>
				</transform>
			</node>
			<node>
				<identifier>	HP_FX_RepairLight_left_1	</identifier>
				<transform>
					<row0>	-0.0204 0.0000 0.9998 0.0000	</row0>
					<row1>	0.0000 1.0000 0.0000 0.0000	</row1>
					<row2>	-0.9998 0.0000 -0.0204 0.0000	</row2>
					<row3>	-0.6812 0.4408 3.5679 1.0000	</row3>
				</transform>
			</node>
			<node>
				<identifier>	HP_FX_RepairLight_right_1	</identifier>
				<transform>
					<row0>	0.0183 0.0000 -0.9998 0.0000	</row0>
					<row1>	0.0017 1.0000 0.0000 0.0000	</row1>
					<row2>	0.9998 -0.0017 0.0183 0.0000	</row2>
					<row3>	0.5557 0.4474 4.1149 1.0000	</row3>
				</transform>
			</node>
			<node>
				<identifier>	HP_FX_Smoke_1	</identifier>
				<transform>
					<row0>	1.0000 0.0000 0.0000 0.0000	</row0>
					<row1>	0.0000 1.0000 0.0000 0.0000	</row1>
					<row2>	0.0000 0.0000 1.0000 0.0000	</row2>
					<row3>	0.0000 1.6114 0.2739 1.0000	</row3>
				</transform>
			</node>
			<node>
				<identifier>	HP_JD_1	</identifier>
				<transform>
					<row0>	0.0000 0.0000 1.0000 0.0000	</row0>
					<row1>	0.0000 1.0000 0.0000 0.0000	</row1>
					<row2>	-1.0000 0.0000 0.0000 0.0000	</row2>
					<row3>	-0.1618 2.1332 2.1381 1.0000	</row3>
				</transform>
			</node>
			<node>
				<identifier>	HP_JD_2	</identifier>
				<transform>
					<row0>	0.0000 0.0000 -1.0000 0.0000	</row0>
					<row1>	0.0000 1.0000 0.0000 0.0000	</row1>
					<row2>	1.0000 0.0000 0.0000 0.0000	</row2>
					<row3>	0.1618 2.1332 2.1381 1.0000	</row3>
				</transform>
			</node>
			<node>
				<identifier>	HP_JD_3	</identifier>
				<transform>
					<row0>	1.0000 0.0000 0.0000 0.0000	</row0>
					<row1>	0.0000 1.0000 0.0000 0.0000	</row1>
					<row2>	0.0000 0.0000 1.0000 0.0000	</row2>
					<row3>	0.0000 2.4001 2.1313 1.0000	</row3>
				</transform>
			</node>
			<node>
				<identifier>	HP_JD_4	</identifier>
				<transform>
					<row0>	0.0000 0.0000 1.0000 0.0000	</row0>
					<row1>	0.0000 1.0000 0.0000 0.0000	</row1>
					<row2>	-1.0000 0.0000 0.0000 0.0000	</row2>
					<row3>	-0.1733 2.3011 1.9354 1.0000	</row3>
				</transform>
			</node>
			<node>
				<identifier>	HP_JD_5	</identifier>
				<transform>
					<row0>	0.0000 0.0000 -1.0000 0.0000	</row0>
					<row1>	0.0000 1.0000 0.0000 0.0000	</row1>
					<row2>	1.0000 0.0000 0.0000 0.0000	</row2>
					<row3>	0.1733 2.3011 1.9354 1.0000	</row3>
				</transform>
			</node>
			<node>
				<identifier>	HP_JD_6	</identifier>
				<transform>
					<row0>	0.0000 0.0000 1.0000 0.0000	</row0>
					<row1>	0.0000 1.0000 0.0000 0.0000	</row1>
					<row2>	-1.0000 0.0000 0.0000 0.0000	</row2>
					<row3>	-0.4875 1.2352 1.7675 1.0000	</row3>
				</transform>
			</node>
			<node>
				<identifier>	HP_JD_7	</identifier>
				<transform>
					<row0>	0.0000 0.0000 -1.0000 0.0000	</row0>
					<row1>	0.0000 1.0000 0.0000 0.0000	</row1>
					<row2>	1.0000 0.0000 0.0000 0.0000	</row2>
					<row3>	0.4875 1.2352 1.7675 1.0000	</row3>
				</transform>
			</node>
			<node>
				<identifier>	HP_JD_8	</identifier>
				<transform>
					<row0>	0.0000 0.0000 1.0000 0.0000	</row0>
					<row1>	0.0000 1.0000 0.0000 0.0000	</row1>
					<row2>	-1.0000 0.0000 0.0000 0.0000	</row2>
					<row3>	-0.2395 1.2722 -0.3030 1.0000	</row3>
				</transform>
			</node>
			<node>
				<identifier>	HP_JD_9	</identifier>
				<transform>
					<row0>	0.0000 0.0000 -1.0000 0.0000	</row0>
					<row1>	0.0000 1.0000 0.0000 0.0000	</row1>
					<row2>	1.0000 0.0000 0.0000 0.0000	</row2>
					<row3>	0.2395 1.2722 -0.3030 1.0000	</row3>
				</transform>
			</node>
			<node>
				<identifier>	HP_JF_1	</identifier>
				<transform>
					<row0>	1.0000 0.0000 0.0000 0.0000	</row0>
					<row1>	0.0000 1.0000 0.0000 0.0000	</row1>
					<row2>	0.0000 0.0000 1.0000 0.0000	</row2>
					<row3>	-0.1210 1.1889 2.7573 1.0000	</row3>
				</transform>
			</node>
			<node>
				<identifier>	HP_JF_2	</identifier>
				<transform>
					<row0>	1.0000 0.0000 0.0000 0.0000	</row0>
					<row1>	0.0000 1.0000 0.0000 0.0000	</row1>
					<row2>	0.0000 0.0000 1.0000 0.0000	</row2>
					<row3>	0.1210 1.1489 2.7573 1.0000	</row3>
				</transform>
			</node>
			<node>
				<identifier>	HP_JF_3	</identifier>
				<transform>
					<row0>	0.0000 0.0000 1.0000 0.0000	</row0>
					<row1>	0.0000 1.0000 0.0000 0.0000	</row1>
					<row2>	-1.0000 0.0000 0.0000 0.0000	</row2>
					<row3>	-0.1942 1.5121 2.0885 1.0000	</row3>
				</transform>
			</node>
			<node>
				<identifier>	HP_JF_4	</identifier>
				<transform>
					<row0>	0.0000 0.0000 -1.0000 0.0000	</row0>
					<row1>	0.0000 1.0000 0.0000 0.0000	</row1>
					<row2>	1.0000 0.0000 0.0000 0.0000	</row2>
					<row3>	0.1942 1.5121 2.0885 1.0000	</row3>
				</transform>
			</node>
			<node>
				<identifier>	HP_JF_5	</identifier>
				<transform>
					<row0>	1.0000 0.0000 0.0000 0.0000	</row0>
					<row1>	0.0000 1.0000 0.0000 0.0000	</row1>
					<row2>	0.0000 0.0000 1.0000 0.0000	</row2>
					<row3>	0.0000 2.4755 1.8719 1.0000	</row3>
				</transform>
			</node>
			<node>
				<identifier>	HP_JF_6	</identifier>
				<transform>
					<row0>	0.0000 0.0000 1.0000 0.0000	</row0>
					<row1>	0.0000 1.0000 0.0000 0.0000	</row1>
					<row2>	-1.0000 0.0000 0.0000 0.0000	</row2>
					<row3>	-0.4071 1.4574 1.7675 1.0000	</row3>
				</transform>
			</node>
			<node>
				<identifier>	HP_JF_7	</identifier>
				<transform>
					<row0>	0.0000 0.0000 -1.0000 0.0000	</row0>
					<row1>	0.0000 1.0000 0.0000 0.0000	</row1>
					<row2>	1.0000 0.0000 0.0000 0.0000	</row2>
					<row3>	0.4071 1.4574 1.7675 1.0000	</row3>
				</transform>
			</node>
			<node>
				<identifier>	HP_JGA_1	</identifier>
				<transform>
					<row0>	0.6428 0.0000 0.7660 0.0000	</row0>
					<row1>	0.0000 1.0000 0.0000 0.0000	</row1>
					<row2>	-0.7660 0.0000 0.6428 0.0000	</row2>
					<row3>	-0.1449 1.3938 2.2640 1.0000	</row3>
				</transform>
			</node>
			<node>
				<identifier>	HP_JGA_2	</identifier>
				<transform>
					<row0>	0.6428 0.0000 -0.7660 0.0000	</row0>
					<row1>	0.0000 1.0000 0.0000 0.0000	</row1>
					<row2>	0.7660 0.0000 0.6428 0.0000	</row2>
					<row3>	0.1449 1.3938 2.2640 1.0000	</row3>
				</transform>
			</node>
			<node>
				<identifier>	HP_JGA_3	</identifier>
				<transform>
					<row0>	0.0000 0.0000 1.0000 0.0000	</row0>
					<row1>	0.0000 1.0000 0.0000 0.0000	</row1>
					<row2>	-1.0000 0.0000 0.0000 0.0000	</row2>
					<row3>	-0.2014 1.7609 1.6943 1.0000	</row3>
				</transform>
			</node>
			<node>
				<identifier>	HP_JGA_4	</identifier>
				<transform>
					<row0>	0.0000 0.0000 -1.0000 0.0000	</row0>
					<row1>	0.0000 1.0000 0.0000 0.0000	</row1>
					<row2>	1.0000 0.0000 0.0000 0.0000	</row2>
					<row3>	0.2014 1.7609 1.6943 1.0000	</row3>
				</transform>
			</node>
			<node>
				<identifier>	HP_JGA_5	</identifier>
				<transform>
					<row0>	0.0000 0.0000 1.0000 0.0000	</row0>
					<row1>	0.0000 1.0000 0.0000 0.0000	</row1>
					<row2>	-1.0000 0.0000 0.0000 0.0000	</row2>
					<row3>	-0.2729 1.1486 0.4945 1.0000	</row3>
				</transform>
			</node>
			<node>
				<identifier>	HP_JGA_6	</identifier>
				<transform>
					<row0>	0.0000 0.0000 -1.0000 0.0000	</row0>
					<row1>	0.0000 1.0000 0.0000 0.0000	</row1>
					<row2>	1.0000 0.0000 0.0000 0.0000	</row2>
					<row3>	0.2729 1.1486 0.4945 1.0000	</row3>
				</transform>
			</node>
			<node>
				<identifier>	HP_JGA_7	</identifier>
				<transform>
					<row0>	0.0000 0.0000 1.0000 0.0000	</row0>
					<row1>	0.0000 1.0000 0.0000 0.0000	</row1>
					<row2>	-1.0000 0.0000 0.0000 0.0000	</row2>
					<row3>	-0.3306 1.1658 -0.1307 1.0000	</row3>
				</transform>
			</node>
			<node>
				<identifier>	HP_JGA_8	</identifier>
				<transform>
					<row0>	0.0000 0.0000 -1.0000 0.0000	</row0>
					<row1>	0.0000 1.0000 0.0000 0.0000	</row1>
					<row2>	1.0000 0.0000 0.0000 0.0000	</row2>
					<row3>	0.3306 1.1661 -0.1307 1.0000	</row3>
				</transform>
			</node>
			<node>
				<identifier>	HP_JGM_1	</identifier>
				<transform>
					<row0>	1.0000 0.0000 0.0000 0.0000	</row0>
					<row1>	0.0000 1.0000 0.0000 0.0000	</row1>
					<row2>	0.0000 0.0000 1.0000 0.0000	</row2>
					<row3>	0.0000 0.5388 4.1018 1.0000	</row3>
				</transform>
			</node>
			<node>
				<identifier>	HP_JGM_2	</identifier>
				<transform>
					<row0>	1.0000 0.0000 0.0000 0.0000	</row0>
					<row1>	0.0000 1.0000 0.0000 0.0000	</row1>
					<row2>	0.0000 0.0000 1.0000 0.0000	</row2>
					<row3>	0.0000 0.7435 3.2449 1.0000	</row3>
				</transform>
			</node>
			<node>
				<identifier>	HP_JGM_3	</identifier>
				<transform>
					<row0>	-1.0000 0.0000 0.0000 0.0000	</row0>
					<row1>	0.0000 1.0000 0.0000 0.0000	</row1>
					<row2>	0.0000 0.0000 -1.0000 0.0000	</row2>
					<row3>	0.0000 0.6098 -0.6335 1.0000	</row3>
				</transform>
			</node>
			<node>
				<identifier>	HP_JGM_4	</identifier>
				<transform>
					<row0>	-1.0000 0.0000 0.0000 0.0000	</row0>
					<row1>	0.0000 1.0000 0.0000 0.0000	</row1>
					<row2>	0.0000 0.0000 -1.0000 0.0000	</row2>
					<row3>	0.0000 0.4051 -1.4706 1.0000	</row3>
				</transform>
			</node>
			<node>
				<identifier>	HP_JGS_1	</identifier>
				<transform>
					<row0>	1.0000 0.0000 0.0000 0.0000	</row0>
					<row1>	0.0000 1.0000 0.0000 0.0000	</row1>
					<row2>	0.0000 0.0000 1.0000 0.0000	</row2>
					<row3>	-0.5837 0.3476 3.7159 1.0000	</row3>
				</transform>
			</node>
			<node>
				<identifier>	HP_JGS_10	</identifier>
				<transform>
					<row0>	0.0000 0.0000 -1.0000 0.0000	</row0>
					<row1>	0.0000 1.0000 0.0000 0.0000	</row1>
					<row2>	1.0000 0.0000 0.0000 0.0000	</row2>
					<row3>	0.2516 0.8164 2.1699 1.0000	</row3>
				</transform>
			</node>
			<node>
				<identifier>	HP_JGS_11	</identifier>
				<transform>
					<row0>	0.9781 0.0000 0.2083 0.0000	</row0>
					<row1>	0.0000 1.0000 0.0000 0.0000	</row1>
					<row2>	-0.2083 0.0000 0.9781 0.0000	</row2>
					<row3>	-0.8280 0.3476 1.8198 1.0000	</row3>
				</transform>
			</node>
			<node>
				<identifier>	HP_JGS_12	</identifier>
				<transform>
					<row0>	0.9781 0.0000 -0.2083 0.0000	</row0>
					<row1>	0.0000 1.0000 0.0000 0.0000	</row1>
					<row2>	0.2083 0.0000 0.9781 0.0000	</row2>
					<row3>	0.8280 0.3476 1.8198 1.0000	</row3>
				</transform>
			</node>
			<node>
				<identifier>	HP_JGS_13	</identifier>
				<transform>
					<row0>	0.0000 0.0000 1.0000 0.0000	</row0>
					<row1>	0.0000 1.0000 0.0000 0.0000	</row1>
					<row2>	-1.0000 0.0000 0.0000 0.0000	</row2>
					<row3>	-0.7329 0.4756 1.5661 1.0000	</row3>
				</transform>
			</node>
			<node>
				<identifier>	HP_JGS_14	</identifier>
				<transform>
					<row0>	0.0000 0.0000 -1.0000 0.0000	</row0>
					<row1>	0.0000 1.0000 0.0000 0.0000	</row1>
					<row2>	1.0000 0.0000 0.0000 0.0000	</row2>
					<row3>	0.7329 0.4756 1.5661 1.0000	</row3>
				</transform>
			</node>
			<node>
				<identifier>	HP_JGS_15	</identifier>
				<transform>
					<row0>	0.9407 0.0000 0.3393 0.0000	</row0>
					<row1>	0.0000 1.0000 0.0000 0.0000	</row1>
					<row2>	-0.3393 0.0000 0.9407 0.0000	</row2>
					<row3>	-0.8393 0.3476 1.3336 1.0000	</row3>
				</transform>
			</node>
			<node>
				<identifier>	HP_JGS_16	</identifier>
				<transform>
					<row0>	0.9407 0.0000 -0.3393 0.0000	</row0>
					<row1>	0.0000 1.0000 0.0000 0.0000	</row1>
					<row2>	0.3393 0.0000 0.9407 0.0000	</row2>
					<row3>	0.8393 0.3476 1.3336 1.0000	</row3>
				</transform>
			</node>
			<node>
				<identifier>	HP_JGS_17	</identifier>
				<transform>
					<row0>	-0.9934 0.0000 0.1144 0.0000	</row0>
					<row1>	0.0000 1.0000 0.0000 0.0000	</row1>
					<row2>	-0.1144 0.0000 -0.9934 0.0000	</row2>
					<row3>	-0.8437 0.3476 0.7187 1.0000	</row3>
				</transform>
			</node>
			<node>
				<identifier>	HP_JGS_18	</identifier>
				<transform>
					<row0>	-0.9934 0.0000 -0.1144 0.0000	</row0>
					<row1>	0.0000 1.0000 0.0000 0.0000	</row1>
					<row2>	0.1144 0.0000 -0.9934 0.0000	</row2>
					<row3>	0.8437 0.3476 0.7187 1.0000	</row3>
				</transform>
			</node>
			<node>
				<identifier>	HP_JGS_19	</identifier>
				<transform>
					<row0>	-0.9944 0.0000 0.1055 0.0000	</row0>
					<row1>	0.0000 1.0000 0.0000 0.0000	</row1>
					<row2>	-0.1055 0.0000 -0.9944 0.0000	</row2>
					<row3>	-0.7483 0.3476 0.3695 1.0000	</row3>
				</transform>
			</node>
			<node>
				<identifier>	HP_JGS_2	</identifier>
				<transform>
					<row0>	1.0000 0.0000 0.0000 0.0000	</row0>
					<row1>	0.0000 1.0000 0.0000 0.0000	</row1>
					<row2>	0.0000 0.0000 1.0000 0.0000	</row2>
					<row3>	0.5837 0.3476 3.7159 1.0000	</row3>
				</transform>
			</node>
			<node>
				<identifier>	HP_JGS_20	</identifier>
				<transform>
					<row0>	-0.9944 0.0000 -0.1055 0.0000	</row0>
					<row1>	0.0000 1.0000 0.0000 0.0000	</row1>
					<row2>	0.1055 0.0000 -0.9944 0.0000	</row2>
					<row3>	0.7483 0.3476 0.3695 1.0000	</row3>
				</transform>
			</node>
			<node>
				<identifier>	HP_JGS_3	</identifier>
				<transform>
					<row0>	0.9986 0.0000 0.0520 0.0000	</row0>
					<row1>	0.0000 1.0000 0.0000 0.0000	</row1>
					<row2>	-0.0520 0.0000 0.9986 0.0000	</row2>
					<row3>	-0.6939 0.3476 3.3288 1.0000	</row3>
				</transform>
			</node>
			<node>
				<identifier>	HP_JGS_4	</identifier>
				<transform>
					<row0>	0.9986 0.0000 -0.0520 0.0000	</row0>
					<row1>	0.0000 1.0000 0.0000 0.0000	</row1>
					<row2>	0.0520 0.0000 0.9986 0.0000	</row2>
					<row3>	0.6939 0.3476 3.3288 1.0000	</row3>
				</transform>
			</node>
			<node>
				<identifier>	HP_JGS_5	</identifier>
				<transform>
					<row0>	0.9781 0.0000 0.2083 0.0000	</row0>
					<row1>	0.0000 1.0000 0.0000 0.0000	</row1>
					<row2>	-0.2083 0.0000 0.9781 0.0000	</row2>
					<row3>	-0.7612 0.3476 2.8028 1.0000	</row3>
				</transform>
			</node>
			<node>
				<identifier>	HP_JGS_6	</identifier>
				<transform>
					<row0>	0.9781 0.0000 -0.2083 0.0000	</row0>
					<row1>	0.0000 1.0000 0.0000 0.0000	</row1>
					<row2>	0.2083 0.0000 0.9781 0.0000	</row2>
					<row3>	0.7612 0.3476 2.8028 1.0000	</row3>
				</transform>
			</node>
			<node>
				<identifier>	HP_JGS_7	</identifier>
				<transform>
					<row0>	0.9781 0.0000 0.2083 0.0000	</row0>
					<row1>	0.0000 1.0000 0.0000 0.0000	</row1>
					<row2>	-0.2083 0.0000 0.9781 0.0000	</row2>
					<row3>	-0.8024 0.3476 2.3378 1.0000	</row3>
				</transform>
			</node>
			<node>
				<identifier>	HP_JGS_8	</identifier>
				<transform>
					<row0>	0.9781 0.0000 -0.2083 0.0000	</row0>
					<row1>	0.0000 1.0000 0.0000 0.0000	</row1>
					<row2>	0.2083 0.0000 0.9781 0.0000	</row2>
					<row3>	0.8024 0.3476 2.3378 1.0000	</row3>
				</transform>
			</node>
			<node>
				<identifier>	HP_JGS_9	</identifier>
				<transform>
					<row0>	0.0000 0.0000 1.0000 0.0000	</row0>
					<row1>	0.0000 1.0000 0.0000 0.0000	</row1>
					<row2>	-1.0000 0.0000 0.0000 0.0000	</row2>
					<row3>	-0.2516 0.8164 2.1699 1.0000	</row3>
				</transform>
			</node>
			<node>
				<identifier>	HP_Ship_death_2	</identifier>
				<transform>
					<row0>	1.0000 0.0000 0.0000 0.0000	</row0>
					<row1>	0.0000 1.0000 0.0000 0.0000	</row1>
					<row2>	0.0000 0.0000 1.0000 0.0000	</row2>
					<row3>	0.0000 0.0000 -1.9381 1.0000	</row3>
				</transform>
			</node>
			<node>
				<identifier>	HP_flag_1	</identifier>
				<transform>
					<row0>	0.9947 -0.1030 0.0011 0.0000	</row0>
					<row1>	0.1030 0.9944 -0.0220 0.0000	</row1>
					<row2>	0.0011 0.0220 0.9998 0.0000	</row2>
					<row3>	0.4919 2.0808 1.5423 1.0000	</row3>
				</transform>
			</node>
			<node>
				<identifier>	HP_flag_2	</identifier>
				<transform>
					<row0>	0.9947 0.1030 -0.0011 0.0000	</row0>
					<row1>	-0.1030 0.9944 -0.0220 0.0000	</row1>
					<row2>	-0.0011 0.0220 0.9998 0.0000	</row2>
					<row3>	-0.4930 2.0806 1.5424 1.0000	</row3>
				</transform>
			</node>
			<node>
				<identifier>	HP_flag_3	</identifier>
				<transform>
					<row0>	0.9993 0.0363 0.0018 0.0000	</row0>
					<row1>	-0.0363 0.9942 0.1010 0.0000	</row1>
					<row2>	0.0018 -0.1010 0.9949 0.0000	</row2>
					<row3>	0.3254 2.0778 1.6370 1.0000	</row3>
				</transform>
			</node>
			<node>
				<identifier>	HP_flag_4	</identifier>
				<transform>
					<row0>	0.9993 -0.0363 -0.0018 0.0000	</row0>
					<row1>	0.0363 0.9942 0.1010 0.0000	</row1>
					<row2>	-0.0018 -0.1010 0.9949 0.0000	</row2>
					<row3>	-0.3265 2.0776 1.6371 1.0000	</row3>
				</transform>
			</node>
			<node>
				<identifier>	HP_flag_courtesy	</identifier>
				<transform>
					<row0>	0.9880 -0.1538 0.0142 0.0000	</row0>
					<row1>	0.1538 0.9713 -0.1816 0.0000	</row1>
					<row2>	0.0142 0.1816 0.9833 0.0000	</row2>
					<row3>	0.6625 2.1152 1.4471 1.0000	</row3>
				</transform>
			</node>
			<node>
				<identifier>	HP_flag_house	</identifier>
				<transform>
					<row0>	0.9880 0.1538 -0.0142 0.0000	</row0>
					<row1>	-0.1538 0.9713 -0.1816 0.0000	</row1>
					<row2>	-0.0142 0.1816 0.9833 0.0000	</row2>
					<row3>	-0.6625 2.1152 1.4471 1.0000	</row3>
				</transform>
			</node>
			<node>
				<identifier>	MP_CM011_Fire_Fighting_Gear	</identifier>
				<transform>
					<row0>	-0.9572 0.0000 0.2893 0.0000	</row0>
					<row1>	0.0000 1.0000 0.0000 0.0000	</row1>
					<row2>	-0.2893 0.0000 -0.9572 0.0000	</row2>
					<row3>	0.0790 0.4635 3.5669 1.0000	</row3>
				</transform>
			</node>
			<node>
				<identifier>	MP_CM011_Fire_Fighting_Gear_INDEX_1	</identifier>
				<transform>
					<row0>	1.0000 0.0000 0.0000 0.0000	</row0>
					<row1>	0.0000 1.0000 0.0000 0.0000	</row1>
					<row2>	0.0000 0.0000 1.0000 0.0000	</row2>
					<row3>	0.5727 0.4443 1.9230 1.0000	</row3>
				</transform>
			</node>
			<node>
				<identifier>	MP_CM011_Fire_Fighting_Gear_INDEX_2	</identifier>
				<transform>
					<row0>	1.0000 0.0000 0.0000 0.0000	</row0>
					<row1>	0.0000 1.0000 0.0000 0.0000	</row1>
					<row2>	0.0000 0.0000 1.0000 0.0000	</row2>
					<row3>	-0.5727 0.4443 1.9230 1.0000	</row3>
				</transform>
			</node>
			<node>
				<identifier>	MP_CM011_Fire_Fighting_Gear_INDEX_3	</identifier>
				<transform>
					<row0>	0.0000 0.0000 1.0000 0.0000	</row0>
					<row1>	0.0000 1.0000 0.0000 0.0000	</row1>
					<row2>	-1.0000 0.0000 0.0000 0.0000	</row2>
					<row3>	0.6101 0.4446 0.9498 1.0000	</row3>
				</transform>
			</node>
			<node>
				<identifier>	MP_CM011_Fire_Fighting_Gear_INDEX_4	</identifier>
				<transform>
					<row0>	0.0000 0.0000 -1.0000 0.0000	</row0>
					<row1>	0.0000 1.0000 0.0000 0.0000	</row1>
					<row2>	1.0000 0.0000 0.0000 0.0000	</row2>
					<row3>	-0.5928 0.4446 0.9498 1.0000	</row3>
				</transform>
			</node>
			<node>
				<identifier>	MP_CM013_Fire_Hose_Rack_2	</identifier>
				<transform>
					<row0>	-0.2893 0.0000 -0.9572 0.0000	</row0>
					<row1>	0.0000 1.0000 0.0000 0.0000	</row1>
					<row2>	0.9572 0.0000 -0.2893 0.0000	</row2>
					<row3>	0.0906 0.5300 3.5498 1.0000	</row3>
				</transform>
			</node>
			<node>
				<identifier>	MP_CM013_Fire_Hose_Rack_2_INDEX_1	</identifier>
				<transform>
					<row0>	0.0000 0.0000 1.0000 0.0000	</row0>
					<row1>	0.0000 1.0000 0.0000 0.0000	</row1>
					<row2>	-1.0000 0.0000 0.0000 0.0000	</row2>
					<row3>	0.5566 0.4979 1.9331 1.0000	</row3>
				</transform>
			</node>
			<node>
				<identifier>	MP_CM013_Fire_Hose_Rack_2_INDEX_2	</identifier>
				<transform>
					<row0>	0.0000 0.0000 1.0000 0.0000	</row0>
					<row1>	0.0000 1.0000 0.0000 0.0000	</row1>
					<row2>	-1.0000 0.0000 0.0000 0.0000	</row2>
					<row3>	-0.5566 0.4979 1.9331 1.0000	</row3>
				</transform>
			</node>
			<node>
				<identifier>	MP_CM013_Fire_Hose_Rack_2_INDEX_3	</identifier>
				<transform>
					<row0>	-1.0000 0.0000 0.0000 0.0000	</row0>
					<row1>	0.0000 1.0000 0.0000 0.0000	</row1>
					<row2>	0.0000 0.0000 -1.0000 0.0000	</row2>
					<row3>	0.5847 0.5095 0.9582 1.0000	</row3>
				</transform>
			</node>
			<node>
				<identifier>	MP_CM013_Fire_Hose_Rack_2_INDEX_4	</identifier>
				<transform>
					<row0>	1.0000 0.0000 0.0000 0.0000	</row0>
					<row1>	0.0000 1.0000 0.0000 0.0000	</row1>
					<row2>	0.0000 0.0000 1.0000 0.0000	</row2>
					<row3>	-0.5847 0.5095 0.9526 1.0000	</row3>
				</transform>
			</node>
			<node>
				<identifier>	MP_CM029_Emergency_Box	</identifier>
				<transform>
					<row0>	0.0000 0.0000 1.0000 0.0000	</row0>
					<row1>	0.0000 1.0000 0.0000 0.0000	</row1>
					<row2>	-1.0000 0.0000 0.0000 0.0000	</row2>
					<row3>	0.5960 0.5288 1.9972 1.0000	</row3>
				</transform>
			</node>
			<node>
				<identifier>	MP_CM029_Emergency_Box_INDEX_1	</identifier>
				<transform>
					<row0>	0.0000 0.0000 -1.0000 0.0000	</row0>
					<row1>	0.0000 1.0000 0.0000 0.0000	</row1>
					<row2>	1.0000 0.0000 0.0000 0.0000	</row2>
					<row3>	-0.5961 0.5288 1.9972 1.0000	</row3>
				</transform>
			</node>
			<node>
				<identifier>	MP_CM029_Emergency_Box_INDEX_2	</identifier>
				<transform>
					<row0>	0.0000 0.0000 1.0000 0.0000	</row0>
					<row1>	0.0000 1.0000 0.0000 0.0000	</row1>
					<row2>	-1.0000 0.0000 0.0000 0.0000	</row2>
					<row3>	0.5927 0.4863 0.8079 1.0000	</row3>
				</transform>
			</node>
			<node>
				<identifier>	MP_CM029_Emergency_Box_INDEX_3	</identifier>
				<transform>
					<row0>	0.0000 0.0000 -1.0000 0.0000	</row0>
					<row1>	0.0000 1.0000 0.0000 0.0000	</row1>
					<row2>	1.0000 0.0000 0.0000 0.0000	</row2>
					<row3>	-0.5927 0.4863 0.8081 1.0000	</row3>
				</transform>
			</node>
			<node>
				<identifier>	MP_CM030_Swab_Rack_2	</identifier>
				<transform>
					<row0>	-1.0000 0.0000 0.0000 0.0000	</row0>
					<row1>	0.0000 1.0000 0.0000 0.0000	</row1>
					<row2>	0.0000 0.0000 -1.0000 0.0000	</row2>
					<row3>	0.0008 0.2988 -0.9490 1.0000	</row3>
				</transform>
			</node>
			<node>
				<identifier>	MP_CM030_Swab_Rack_2_INDEX_1	</identifier>
				<transform>
					<row0>	0.0000 0.0000 -1.0000 0.0000	</row0>
					<row1>	0.0000 1.0000 0.0000 0.0000	</row1>
					<row2>	1.0000 0.0000 0.0000 0.0000	</row2>
					<row3>	0.5864 0.4421 1.1800 1.0000	</row3>
				</transform>
			</node>
			<node>
				<identifier>	MP_CM030_Swab_Rack_2_INDEX_2	</identifier>
				<transform>
					<row0>	0.0000 0.0000 1.0000 0.0000	</row0>
					<row1>	0.0000 1.0000 0.0000 0.0000	</row1>
					<row2>	-1.0000 0.0000 0.0000 0.0000	</row2>
					<row3>	-0.5864 0.4421 1.1102 1.0000	</row3>
				</transform>
			</node>
			<node>
				<identifier>	MP_CM030_Swab_Rack_2_INDEX_3	</identifier>
				<transform>
					<row0>	0.9572 0.0000 0.2895 0.0000	</row0>
					<row1>	0.0000 1.0000 0.0000 0.0000	</row1>
					<row2>	-0.2895 0.0000 0.9572 0.0000	</row2>
					<row3>	-0.0922 0.4625 3.5493 1.0000	</row3>
				</transform>
			</node>
			<node>
				<identifier>	MP_CM052_Fender	</identifier>
				<transform>
					<row0>	0.0000 0.0000 0.7000 0.0000	</row0>
					<row1>	0.0000 0.7000 0.0000 0.0000	</row1>
					<row2>	-0.7000 0.0000 0.0000 0.0000	</row2>
					<row3>	-0.6120 0.4482 2.4776 1.0000	</row3>
				</transform>
			</node>
			<node>
				<identifier>	MP_CM052_Fender_INDEX_1	</identifier>
				<transform>
					<row0>	0.0000 0.0000 -0.7000 0.0000	</row0>
					<row1>	0.0000 0.7000 0.0000 0.0000	</row1>
					<row2>	0.7000 0.0000 0.0000 0.0000	</row2>
					<row3>	0.6121 0.4482 2.4776 1.0000	</row3>
				</transform>
			</node>
			<node>
				<identifier>	MP_CM052_Fender_INDEX_2	</identifier>
				<transform>
					<row0>	0.0070 0.0000 -0.7000 0.0000	</row0>
					<row1>	0.0000 0.7000 0.0000 0.0000	</row1>
					<row2>	0.7000 0.0000 0.0070 0.0000	</row2>
					<row3>	0.9490 0.2835 0.8761 1.0000	</row3>
				</transform>
			</node>
			<node>
				<identifier>	MP_CM052_Fender_INDEX_3	</identifier>
				<transform>
					<row0>	0.0070 0.0000 0.7000 0.0000	</row0>
					<row1>	0.0000 0.7000 0.0000 0.0000	</row1>
					<row2>	-0.7000 0.0000 0.0070 0.0000	</row2>
					<row3>	-0.9490 0.2835 0.8761 1.0000	</row3>
				</transform>
			</node>
			<node>
				<identifier>	MP_CM060_Flag_Box	</identifier>
				<transform>
					<row0>	0.4400 0.0000 0.3821 0.0000	</row0>
					<row1>	0.0000 0.8000 0.0000 0.0000	</row1>
					<row2>	-0.3821 0.0000 0.4400 0.0000	</row2>
					<row3>	0.4168 1.1704 1.5840 1.0000	</row3>
				</transform>
			</node>
			<node>
				<identifier>	MP_CM060_Flag_Box_INDEX_1	</identifier>
				<transform>
					<row0>	0.4400 0.0000 -0.3821 0.0000	</row0>
					<row1>	0.0000 0.8000 0.0000 0.0000	</row1>
					<row2>	0.3821 0.0000 0.4400 0.0000	</row2>
					<row3>	-0.4168 1.1704 1.5840 1.0000	</row3>
				</transform>
			</node>
			<node>
				<identifier>	MP_CM092_Siren	</identifier>
				<transform>
					<row0>	1.4892 0.0000 0.0000 0.0000	</row0>
					<row1>	0.0000 1.4892 0.0000 0.0000	</row1>
					<row2>	0.0000 0.0000 1.4892 0.0000	</row2>
					<row3>	0.1302 1.5116 0.3920 1.0000	</row3>
				</transform>
			</node>
			<node>
				<identifier>	MP_CM092_Siren_INDEX_1	</identifier>
				<transform>
					<row0>	1.4892 0.0000 0.0000 0.0000	</row0>
					<row1>	0.0000 1.4892 0.0000 0.0000	</row1>
					<row2>	0.0000 0.0000 1.4892 0.0000	</row2>
					<row3>	-0.1302 1.5116 0.3920 1.0000	</row3>
				</transform>
			</node>
			<node>
				<identifier>	MP_JM002_Paravane	</identifier>
				<transform>
					<row0>	0.9000 0.0000 0.0000 0.0000	</row0>
					<row1>	0.0000 0.9000 0.0000 0.0000	</row1>
					<row2>	0.0000 0.0000 0.9000 0.0000	</row2>
					<row3>	0.3274 0.6015 2.9695 1.0000	</row3>
				</transform>
			</node>
			<node>
				<identifier>	MP_JM002_Paravane_INDEX_1	</identifier>
				<transform>
					<row0>	-0.9000 0.0000 0.0000 0.0000	</row0>
					<row1>	0.0000 0.9000 -0.0087 0.0000	</row1>
					<row2>	0.0000 -0.0087 -0.9000 0.0000	</row2>
					<row3>	-0.2155 0.4627 3.7141 1.0000	</row3>
				</transform>
			</node>
			<node>
				<identifier>	MP_JM002_Paravane_INDEX_2	</identifier>
				<transform>
					<row0>	0.9000 0.0000 0.0000 0.0000	</row0>
					<row1>	0.0000 0.9000 -0.0087 0.0000	</row1>
					<row2>	0.0000 0.0087 0.9000 0.0000	</row2>
					<row3>	0.2155 0.4628 3.7152 1.0000	</row3>
				</transform>
			</node>
			<node>
				<identifier>	MP_JM002_Paravane_INDEX_3	</identifier>
				<transform>
					<row0>	-0.9000 0.0000 0.0000 0.0000	</row0>
					<row1>	0.0000 0.9000 0.0000 0.0000	</row1>
					<row2>	0.0000 0.0000 -0.9000 0.0000	</row2>
					<row3>	-0.3274 0.6015 2.9695 1.0000	</row3>
				</transform>
			</node>
			<node>
				<identifier>	MP_JM006_Binocular_1	</identifier>
				<transform>
					<row0>	0.8113 0.0000 0.5846 0.0000	</row0>
					<row1>	0.0000 1.0000 0.0000 0.0000	</row1>
					<row2>	-0.5846 0.0000 0.8113 0.0000	</row2>
					<row3>	0.1680 2.3004 2.2348 1.0000	</row3>
				</transform>
			</node>
			<node>
				<identifier>	MP_JM006_Binocular_1_INDEX_1	</identifier>
				<transform>
					<row0>	-0.8113 0.0000 0.5846 0.0000	</row0>
					<row1>	0.0000 1.0000 0.0000 0.0000	</row1>
					<row2>	-0.5846 0.0000 -0.8113 0.0000	</row2>
					<row3>	-0.1680 2.3004 2.2348 1.0000	</row3>
				</transform>
			</node>
			<node>
				<identifier>	MP_JM006_Binocular_1_INDEX_2	</identifier>
				<transform>
					<row0>	1.0000 0.0000 0.0000 0.0000	</row0>
					<row1>	0.0000 1.0000 0.0000 0.0000	</row1>
					<row2>	0.0000 0.0000 1.0000 0.0000	</row2>
					<row3>	0.1779 2.1334 1.9250 1.0000	</row3>
				</transform>
			</node>
			<node>
				<identifier>	MP_JM006_Binocular_1_INDEX_3	</identifier>
				<transform>
					<row0>	-1.0000 0.0000 0.0000 0.0000	</row0>
					<row1>	0.0000 1.0000 0.0000 0.0000	</row1>
					<row2>	0.0000 0.0000 -1.0000 0.0000	</row2>
					<row3>	-0.1779 2.1334 1.9250 1.0000	</row3>
				</transform>
			</node>
			<node>
				<identifier>	MP_JM006_Binocular_1_INDEX_4	</identifier>
				<transform>
					<row0>	0.0000 0.0000 1.0000 0.0000	</row0>
					<row1>	0.0000 1.0000 0.0000 0.0000	</row1>
					<row2>	-1.0000 0.0000 0.0000 0.0000	</row2>
					<row3>	0.0665 2.1339 2.3322 1.0000	</row3>
				</transform>
			</node>
			<node>
				<identifier>	MP_JM006_Binocular_1_INDEX_5	</identifier>
				<transform>
					<row0>	0.0000 0.0000 1.0000 0.0000	</row0>
					<row1>	0.0000 1.0000 0.0000 0.0000	</row1>
					<row2>	-1.0000 0.0000 0.0000 0.0000	</row2>
					<row3>	-0.0665 2.1339 2.3322 1.0000	</row3>
				</transform>
			</node>
			<node>
				<identifier>	MP_JM006_Binocular_1_INDEX_6	</identifier>
				<transform>
					<row0>	0.0000 0.0000 1.0000 0.0000	</row0>
					<row1>	0.0000 1.0000 0.0000 0.0000	</row1>
					<row2>	-1.0000 0.0000 0.0000 0.0000	</row2>
					<row3>	0.0000 1.5468 2.3836 1.0000	</row3>
				</transform>
			</node>
			<node>
				<identifier>	MP_JM008_Searchlight	</identifier>
				<transform>
					<row0>	0.0000 0.0000 1.0000 0.0000	</row0>
					<row1>	0.0000 1.0000 0.0000 0.0000	</row1>
					<row2>	-1.0000 0.0000 0.0000 0.0000	</row2>
					<row3>	0.2697 1.2126 0.2588 1.0000	</row3>
				</transform>
			</node>
			<node>
				<identifier>	MP_JM008_Searchlight_INDEX_1	</identifier>
				<transform>
					<row0>	0.0000 0.0000 1.0000 0.0000	</row0>
					<row1>	0.0000 1.0000 0.0000 0.0000	</row1>
					<row2>	-1.0000 0.0000 0.0000 0.0000	</row2>
					<row3>	0.1350 1.3246 -0.1244 1.0000	</row3>
				</transform>
			</node>
			<node>
				<identifier>	MP_JM008_Searchlight_INDEX_2	</identifier>
				<transform>
					<row0>	0.0000 0.0000 -1.0000 0.0000	</row0>
					<row1>	0.0000 1.0000 0.0000 0.0000	</row1>
					<row2>	1.0000 0.0000 0.0000 0.0000	</row2>
					<row3>	-0.1350 1.3246 -0.1244 1.0000	</row3>
				</transform>
			</node>
			<node>
				<identifier>	MP_JM008_Searchlight_INDEX_3	</identifier>
				<transform>
					<row0>	0.0000 0.0000 1.0000 0.0000	</row0>
					<row1>	0.0000 1.0000 0.0000 0.0000	</row1>
					<row2>	-1.0000 0.0000 0.0000 0.0000	</row2>
					<row3>	0.1340 1.3246 0.6083 1.0000	</row3>
				</transform>
			</node>
			<node>
				<identifier>	MP_JM008_Searchlight_INDEX_4	</identifier>
				<transform>
					<row0>	0.0000 0.0000 -1.0000 0.0000	</row0>
					<row1>	0.0000 1.0000 0.0000 0.0000	</row1>
					<row2>	1.0000 0.0000 0.0000 0.0000	</row2>
					<row3>	-0.1340 1.3246 0.6083 1.0000	</row3>
				</transform>
			</node>
			<node>
				<identifier>	MP_JM008_Searchlight_INDEX_5	</identifier>
				<transform>
					<row0>	0.0000 0.0000 -1.0000 0.0000	</row0>
					<row1>	0.0000 1.0000 0.0000 0.0000	</row1>
					<row2>	1.0000 0.0000 0.0000 0.0000	</row2>
					<row3>	-0.2697 1.2126 0.2588 1.0000	</row3>
				</transform>
			</node>
			<node>
				<identifier>	MP_JM008_Searchlight_INDEX_6	</identifier>
				<transform>
					<row0>	0.0000 0.0000 1.0000 0.0000	</row0>
					<row1>	0.0000 1.0000 0.0000 0.0000	</row1>
					<row2>	-1.0000 0.0000 0.0000 0.0000	</row2>
					<row3>	0.2377 1.5734 1.7463 1.0000	</row3>
				</transform>
			</node>
			<node>
				<identifier>	MP_JM008_Searchlight_INDEX_7	</identifier>
				<transform>
					<row0>	0.0000 0.0000 -1.0000 0.0000	</row0>
					<row1>	0.0000 1.0000 0.0000 0.0000	</row1>
					<row2>	1.0000 0.0000 0.0000 0.0000	</row2>
					<row3>	-0.2377 1.5734 1.7463 1.0000	</row3>
				</transform>
			</node>
			<node>
				<identifier>	MP_JM010_Deck_Lamp	</identifier>
				<transform>
					<row0>	-0.7526 0.0000 -0.6585 0.0000	</row0>
					<row1>	0.0000 1.0000 0.0000 0.0000	</row1>
					<row2>	0.6585 0.0000 -0.7526 0.0000	</row2>
					<row3>	0.4588 1.1364 1.5540 1.0000	</row3>
				</transform>
			</node>
			<node>
				<identifier>	MP_JM010_Deck_Lamp_INDEX_1	</identifier>
				<transform>
					<row0>	-0.7526 0.0000 0.6585 0.0000	</row0>
					<row1>	0.0000 1.0000 0.0000 0.0000	</row1>
					<row2>	-0.6585 0.0000 -0.7526 0.0000	</row2>
					<row3>	-0.4588 1.1364 1.5540 1.0000	</row3>
				</transform>
			</node>
			<node>
				<identifier>	MP_JM011_Day_Light	</identifier>
				<transform>
					<row0>	1.0000 0.0000 0.0000 0.0000	</row0>
					<row1>	0.0000 1.0000 0.0000 0.0000	</row1>
					<row2>	0.0000 0.0000 1.0000 0.0000	</row2>
					<row3>	0.3393 2.1341 1.6514 1.0000	</row3>
				</transform>
			</node>
			<node>
				<identifier>	MP_JM011_Day_Light_INDEX_1	</identifier>
				<transform>
					<row0>	1.0000 0.0000 0.0000 0.0000	</row0>
					<row1>	0.0000 1.0000 0.0000 0.0000	</row1>
					<row2>	0.0000 0.0000 1.0000 0.0000	</row2>
					<row3>	-0.3393 2.1341 1.6514 1.0000	</row3>
				</transform>
			</node>
			<node>
				<identifier>	MP_JM013_Reels_1	</identifier>
				<transform>
					<row0>	0.0000 0.0078 0.8981 0.0000	</row0>
					<row1>	0.0000 0.8981 -0.0078 0.0000	</row1>
					<row2>	-0.8981 0.0000 0.0000 0.0000	</row2>
					<row3>	0.0000 0.4714 4.8398 1.0000	</row3>
				</transform>
			</node>
			<node>
				<identifier>	MP_JM013_Reels_1_INDEX_1	</identifier>
				<transform>
					<row0>	0.8981 0.0000 0.0000 0.0000	</row0>
					<row1>	0.0000 0.8980 -0.0097 0.0000	</row1>
					<row2>	0.0000 0.0097 0.8980 0.0000	</row2>
					<row3>	-0.1564 0.4712 4.7909 1.0000	</row3>
				</transform>
			</node>
			<node>
				<identifier>	MP_JM013_Reels_1_INDEX_2	</identifier>
				<transform>
					<row0>	0.9000 0.0000 0.0078 0.0000	</row0>
					<row1>	0.0000 0.9000 -0.0078 0.0000	</row1>
					<row2>	-0.0078 0.0078 0.8999 0.0000	</row2>
					<row3>	0.1324 0.4679 4.6330 1.0000	</row3>
				</transform>
			</node>
			<node>
				<identifier>	MP_JM014_Reels_2	</identifier>
				<transform>
					<row0>	0.7071 0.0000 0.7071 0.0000	</row0>
					<row1>	0.0000 1.0000 0.0000 0.0000	</row1>
					<row2>	-0.7071 0.0000 0.7071 0.0000	</row2>
					<row3>	0.2327 0.2943 -0.9107 1.0000	</row3>
				</transform>
			</node>
			<node>
				<identifier>	MP_JM014_Reels_2_INDEX_1	</identifier>
				<transform>
					<row0>	0.7071 0.0000 -0.7071 0.0000	</row0>
					<row1>	0.0000 1.0000 0.0000 0.0000	</row1>
					<row2>	0.7071 0.0000 0.7071 0.0000	</row2>
					<row3>	-0.2327 0.2943 -0.9107 1.0000	</row3>
				</transform>
			</node>
			<node>
				<identifier>	MP_JM014_Reels_2_INDEX_2	</identifier>
				<transform>
					<row0>	0.3581 0.0000 -0.6202 0.0000	</row0>
					<row1>	-0.6202 0.0000 -0.3581 0.0000	</row1>
					<row2>	0.0000 0.7162 0.0000 0.0000	</row2>
					<row3>	-0.5582 0.5969 0.6807 1.0000	</row3>
				</transform>
			</node>
			<node>
				<identifier>	MP_JM014_Reels_2_INDEX_3	</identifier>
				<transform>
					<row0>	0.3581 0.0000 -0.6202 0.0000	</row0>
					<row1>	-0.6202 0.0000 -0.3581 0.0000	</row1>
					<row2>	0.0000 0.7162 0.0000 0.0000	</row2>
					<row3>	-0.5296 0.5969 0.6312 1.0000	</row3>
				</transform>
			</node>
			<node>
				<identifier>	MP_JM014_Reels_2_INDEX_4	</identifier>
				<transform>
					<row0>	0.0000 0.0000 -0.6800 0.0000	</row0>
					<row1>	-0.6800 0.0000 0.0000 0.0000	</row1>
					<row2>	0.0000 0.6800 0.0000 0.0000	</row2>
					<row3>	-0.5891 0.5788 2.5909 1.0000	</row3>
				</transform>
			</node>
			<node>
				<identifier>	MP_JM014_Reels_2_INDEX_5	</identifier>
				<transform>
					<row0>	0.0000 0.0000 -0.6800 0.0000	</row0>
					<row1>	-0.6800 0.0000 0.0000 0.0000	</row1>
					<row2>	0.0000 0.6800 0.0000 0.0000	</row2>
					<row3>	-0.5891 0.5788 2.5370 1.0000	</row3>
				</transform>
			</node>
			<node>
				<identifier>	MP_JM014_Reels_2_INDEX_6	</identifier>
				<transform>
					<row0>	0.0000 0.0000 0.6800 0.0000	</row0>
