<ASB047_Oklahoma_1941_MidFront_ports.visual>
	<node>
		<identifier>	Scene Root	</identifier>
		<transform>
			<row0>	1.0000 0.0000 0.0000 0.0000	</row0>
			<row1>	0.0000 1.0000 0.0000 0.0000	</row1>
			<row2>	0.0000 0.0000 1.0000 0.0000	</row2>
			<row3>	0.0000 0.0000 0.0000 1.0000	</row3>
		</transform>
		<node>
			<identifier>	MidFront_ports	</identifier>
			<transform>
				<row0>	1.0000 0.0000 0.0000 0.0000	</row0>
				<row1>	0.0000 1.0000 0.0000 0.0000	</row1>
				<row2>	0.0000 0.0000 1.0000 0.0000	</row2>
				<row3>	0.0000 0.0000 0.0000 1.0000	</row3>
			</transform>
			<node>
				<identifier>	HP_AD_1	</identifier>
				<transform>
					<row0>	-1.0000 0.0000 0.0000 0.0000	</row0>
					<row1>	0.0000 1.0000 0.0000 0.0000	</row1>
					<row2>	0.0000 0.0000 -1.0000 0.0000	</row2>
					<row3>	0.0000 2.2619 0.9932 1.0000	</row3>
				</transform>
			</node>
			<node>
				<identifier>	HP_AD_2	</identifier>
				<transform>
					<row0>	0.0000 0.0000 1.0000 0.0000	</row0>
					<row1>	0.0000 1.0000 0.0000 0.0000	</row1>
					<row2>	-1.0000 0.0000 0.0000 0.0000	</row2>
					<row3>	-0.1699 2.0264 0.9927 1.0000	</row3>
				</transform>
			</node>
			<node>
				<identifier>	HP_AD_3	</identifier>
				<transform>
					<row0>	0.0000 0.0000 -1.0000 0.0000	</row0>
					<row1>	0.0000 1.0000 0.0000 0.0000	</row1>
					<row2>	1.0000 0.0000 0.0000 0.0000	</row2>
					<row3>	0.1699 2.0264 0.9927 1.0000	</row3>
				</transform>
			</node>
			<node>
				<identifier>	HP_AD_4	</identifier>
				<transform>
					<row0>	0.0000 0.0000 1.0000 0.0000	</row0>
					<row1>	0.0000 1.0000 0.0000 0.0000	</row1>
					<row2>	-1.0000 0.0000 0.0000 0.0000	</row2>
					<row3>	-0.4043 1.2993 0.7014 1.0000	</row3>
				</transform>
			</node>
			<node>
				<identifier>	HP_AD_5	</identifier>
				<transform>
					<row0>	0.0000 0.0000 -1.0000 0.0000	</row0>
					<row1>	0.0000 1.0000 0.0000 0.0000	</row1>
					<row2>	1.0000 0.0000 0.0000 0.0000	</row2>
					<row3>	0.4043 1.2993 0.7014 1.0000	</row3>
				</transform>
			</node>
			<node>
				<identifier>	HP_AF_1	</identifier>
				<transform>
					<row0>	1.0000 0.0000 0.0000 0.0000	</row0>
					<row1>	0.0000 1.0000 0.0000 0.0000	</row1>
					<row2>	0.0000 0.0000 1.0000 0.0000	</row2>
					<row3>	0.0000 1.2943 1.3520 1.0000	</row3>
				</transform>
			</node>
			<node>
				<identifier>	HP_AGA_1	</identifier>
				<transform>
					<row0>	0.7071 0.0000 0.7071 0.0000	</row0>
					<row1>	0.0000 1.0000 0.0000 0.0000	</row1>
					<row2>	-0.7071 0.0000 0.7071 0.0000	</row2>
					<row3>	-0.3927 0.6633 1.6766 1.0000	</row3>
				</transform>
			</node>
			<node>
				<identifier>	HP_AGA_2	</identifier>
				<transform>
					<row0>	0.7071 0.0000 -0.7071 0.0000	</row0>
					<row1>	0.0000 1.0000 0.0000 0.0000	</row1>
					<row2>	0.7071 0.0000 0.7071 0.0000	</row2>
					<row3>	0.3927 0.6633 1.6766 1.0000	</row3>
				</transform>
			</node>
			<node>
				<identifier>	HP_AGA_3	</identifier>
				<transform>
					<row0>	0.7071 0.0000 0.7071 0.0000	</row0>
					<row1>	0.0000 1.0000 0.0000 0.0000	</row1>
					<row2>	-0.7071 0.0000 0.7071 0.0000	</row2>
					<row3>	-0.1363 1.7124 1.1323 1.0000	</row3>
				</transform>
			</node>
			<node>
				<identifier>	HP_AGA_4	</identifier>
				<transform>
					<row0>	0.7071 0.0000 -0.7071 0.0000	</row0>
					<row1>	0.0000 1.0000 0.0000 0.0000	</row1>
					<row2>	0.7071 0.0000 0.7071 0.0000	</row2>
					<row3>	0.1363 1.7124 1.1323 1.0000	</row3>
				</transform>
			</node>
			<node>
				<identifier>	HP_AGA_5	</identifier>
				<transform>
					<row0>	-0.8660 0.0000 0.5000 0.0000	</row0>
					<row1>	0.0000 1.0000 0.0000 0.0000	</row1>
					<row2>	-0.5000 0.0000 -0.8660 0.0000	</row2>
					<row3>	-0.1744 1.7124 0.7130 1.0000	</row3>
				</transform>
			</node>
			<node>
				<identifier>	HP_AGA_6	</identifier>
				<transform>
					<row0>	0.5000 0.0000 -0.8660 0.0000	</row0>
					<row1>	0.0000 1.0000 0.0000 0.0000	</row1>
					<row2>	0.8660 0.0000 0.5000 0.0000	</row2>
					<row3>	0.1744 1.7124 0.7130 1.0000	</row3>
				</transform>
			</node>
			<node>
				<identifier>	HP_AGM_2	</identifier>
				<transform>
					<row0>	1.0000 0.0000 0.0000 0.0000	</row0>
					<row1>	0.0000 1.0000 0.0000 0.0000	</row1>
					<row2>	0.0000 0.0000 1.0000 0.0000	</row2>
					<row3>	0.0000 0.7974 2.2003 1.0000	</row3>
				</transform>
			</node>
			<node>
				<identifier>	HP_AGS_1	</identifier>
				<transform>
					<row0>	1.0000 0.0000 0.0000 0.0000	</row0>
					<row1>	0.0000 1.0000 0.0000 0.0000	</row1>
					<row2>	0.0000 0.0000 1.0000 0.0000	</row2>
					<row3>	-0.4063 0.4927 1.7893 1.0000	</row3>
				</transform>
			</node>
			<node>
				<identifier>	HP_AGS_10	</identifier>
				<transform>
					<row0>	0.9945 0.0000 -0.1045 0.0000	</row0>
					<row1>	0.0000 1.0000 0.0000 0.0000	</row1>
					<row2>	0.1045 0.0000 0.9945 0.0000	</row2>
					<row3>	0.7941 0.4927 0.4704 1.0000	</row3>
				</transform>
			</node>
			<node>
				<identifier>	HP_AGS_2	</identifier>
				<transform>
					<row0>	1.0000 0.0000 0.0000 0.0000	</row0>
					<row1>	0.0000 1.0000 0.0000 0.0000	</row1>
					<row2>	0.0000 0.0000 1.0000 0.0000	</row2>
					<row3>	0.4063 0.4927 1.7893 1.0000	</row3>
				</transform>
			</node>
			<node>
				<identifier>	HP_AGS_3	</identifier>
				<transform>
					<row0>	0.9945 0.0000 0.1045 0.0000	</row0>
					<row1>	0.0000 1.0000 0.0000 0.0000	</row1>
					<row2>	-0.1045 0.0000 0.9945 0.0000	</row2>
					<row3>	-0.6488 0.4927 1.1534 1.0000	</row3>
				</transform>
			</node>
			<node>
				<identifier>	HP_AGS_4	</identifier>
				<transform>
					<row0>	0.9945 0.0000 -0.1045 0.0000	</row0>
					<row1>	0.0000 1.0000 0.0000 0.0000	</row1>
					<row2>	0.1045 0.0000 0.9945 0.0000	</row2>
					<row3>	0.6488 0.4927 1.1534 1.0000	</row3>
				</transform>
			</node>
			<node>
				<identifier>	HP_AGS_5	</identifier>
				<transform>
					<row0>	1.0000 0.0000 0.0000 0.0000	</row0>
					<row1>	0.0000 1.0000 0.0000 0.0000	</row1>
					<row2>	0.0000 0.0000 1.0000 0.0000	</row2>
					<row3>	-0.5980 0.6633 1.1423 1.0000	</row3>
				</transform>
			</node>
			<node>
				<identifier>	HP_AGS_6	</identifier>
				<transform>
					<row0>	1.0000 0.0000 0.0000 0.0000	</row0>
					<row1>	0.0000 1.0000 0.0000 0.0000	</row1>
					<row2>	0.0000 0.0000 1.0000 0.0000	</row2>
					<row3>	0.5980 0.6633 1.1423 1.0000	</row3>
				</transform>
			</node>
			<node>
				<identifier>	HP_AGS_7	</identifier>
				<transform>
					<row0>	1.0000 0.0000 0.0000 0.0000	</row0>
					<row1>	0.0000 1.0000 0.0000 0.0000	</row1>
					<row2>	0.0000 0.0000 1.0000 0.0000	</row2>
					<row3>	-0.6517 0.6633 0.5577 1.0000	</row3>
				</transform>
			</node>
			<node>
				<identifier>	HP_AGS_8	</identifier>
				<transform>
					<row0>	1.0000 0.0000 0.0000 0.0000	</row0>
					<row1>	0.0000 1.0000 0.0000 0.0000	</row1>
					<row2>	0.0000 0.0000 1.0000 0.0000	</row2>
					<row3>	0.6517 0.6633 0.5577 1.0000	</row3>
				</transform>
			</node>
			<node>
				<identifier>	HP_AGS_9	</identifier>
				<transform>
					<row0>	0.9945 0.0000 0.1045 0.0000	</row0>
					<row1>	0.0000 1.0000 0.0000 0.0000	</row1>
					<row2>	-0.1045 0.0000 0.9945 0.0000	</row2>
					<row3>	-0.7941 0.4927 0.4704 1.0000	</row3>
				</transform>
			</node>
			<node>
				<identifier>	HP_FX_Fire_2	</identifier>
				<transform>
					<row0>	1.0000 0.0000 0.0000 0.0000	</row0>
					<row1>	0.0000 1.0000 0.0000 0.0000	</row1>
					<row2>	0.0000 0.0000 1.0000 0.0000	</row2>
					<row3>	0.0325 0.9327 1.3532 1.0000	</row3>
				</transform>
			</node>
			<node>
				<identifier>	HP_FX_Fire_2_side_1	</identifier>
				<transform>
					<row0>	1.0000 0.0000 0.0000 0.0000	</row0>
					<row1>	0.0000 1.0000 0.0000 0.0000	</row1>
					<row2>	0.0000 0.0000 1.0000 0.0000	</row2>
					<row3>	-0.7601 0.4980 2.1412 1.0000	</row3>
				</transform>
			</node>
			<node>
				<identifier>	HP_FX_Fire_2_side_2	</identifier>
				<transform>
					<row0>	1.0000 0.0000 0.0000 0.0000	</row0>
					<row1>	0.0000 1.0000 0.0000 0.0000	</row1>
					<row2>	0.0000 0.0000 1.0000 0.0000	</row2>
					<row3>	0.6410 0.7304 1.1900 1.0000	</row3>
				</transform>
			</node>
			<node>
				<identifier>	HP_FX_Flood_steam_left	</identifier>
				<transform>
					<row0>	-0.9965 0.0000 0.0840 0.0000	</row0>
					<row1>	0.0000 1.0000 0.0000 0.0000	</row1>
					<row2>	-0.0840 0.0000 -0.9965 0.0000	</row2>
					<row3>	-0.8765 0.4372 2.0435 1.0000	</row3>
				</transform>
			</node>
			<node>
				<identifier>	HP_Ship_death_2	</identifier>
				<transform>
					<row0>	1.0000 0.0000 0.0000 0.0000	</row0>
					<row1>	0.0000 1.0000 0.0000 0.0000	</row1>
					<row2>	0.0000 0.0000 1.0000 0.0000	</row2>
					<row3>	0.0000 0.0000 0.4035 1.0000	</row3>
				</transform>
			</node>
			<node>
				<identifier>	HP_flag_1	</identifier>
				<transform>
					<row0>	0.9437 -0.3308 -0.0092 0.0000	</row0>
					<row1>	0.3308 0.9421 0.0542 0.0000	</row1>
					<row2>	-0.0092 -0.0542 0.9985 0.0000	</row2>
					<row3>	0.6689 1.9980 1.0616 1.0000	</row3>
				</transform>
			</node>
			<node>
				<identifier>	HP_flag_2	</identifier>
				<transform>
					<row0>	0.9828 0.1849 0.0008 0.0000	</row0>
					<row1>	-0.1849 0.9827 0.0087 0.0000	</row1>
					<row2>	0.0008 -0.0087 1.0000 0.0000	</row2>
					<row3>	-0.5025 1.9967 1.0628 1.0000	</row3>
				</transform>
			</node>
			<node>
				<identifier>	HP_flag_3	</identifier>
				<transform>
					<row0>	0.9828 -0.1849 -0.0008 0.0000	</row0>
					<row1>	0.1849 0.9827 0.0087 0.0000	</row1>
					<row2>	-0.0008 -0.0087 1.0000 0.0000	</row2>
					<row3>	0.5014 1.9969 1.0628 1.0000	</row3>
				</transform>
			</node>
			<node>
				<identifier>	HP_flag_4	</identifier>
				<transform>
					<row0>	0.9437 0.3308 0.0092 0.0000	</row0>
					<row1>	-0.3308 0.9421 0.0542 0.0000	</row1>
					<row2>	0.0092 -0.0542 0.9985 0.0000	</row2>
					<row3>	-0.6700 1.9977 1.0616 1.0000	</row3>
				</transform>
			</node>
			<node>
				<identifier>	HP_flag_rank	</identifier>
				<transform>
					<row0>	1.0000 0.0000 0.0000 0.0000	</row0>
					<row1>	0.0000 1.0000 0.0000 0.0000	</row1>
					<row2>	0.0000 0.0000 1.0000 0.0000	</row2>
					<row3>	0.0000 2.8237 0.8222 1.0000	</row3>
				</transform>
			</node>
			<node>
				<identifier>	MP_AM018_Compass_Binnacle	</identifier>
				<transform>
					<row0>	1.0000 0.0000 0.0000 0.0000	</row0>
					<row1>	0.0000 1.0000 0.0000 0.0000	</row1>
					<row2>	0.0000 0.0000 1.0000 0.0000	</row2>
					<row3>	0.0000 0.8991 0.7361 1.0000	</row3>
				</transform>
			</node>
			<node>
				<identifier>	MP_AM018_Compass_Binnacle_INDEX_1	</identifier>
				<transform>
					<row0>	1.0000 0.0000 0.0000 0.0000	</row0>
					<row1>	0.0000 1.0000 0.0000 0.0000	</row1>
					<row2>	0.0000 0.0000 1.0000 0.0000	</row2>
					<row3>	0.0000 1.0822 1.1611 1.0000	</row3>
				</transform>
			</node>
			<node>
				<identifier>	MP_AM036_Range_Concentration_Dia	</identifier>
				<transform>
					<row0>	1.0000 0.0000 0.0000 0.0000	</row0>
					<row1>	0.0000 1.0000 0.0000 0.0000	</row1>
					<row2>	0.0000 0.0000 1.0000 0.0000	</row2>
					<row3>	0.0000 1.9447 1.1447 1.0000	</row3>
				</transform>
			</node>
			<node>
				<identifier>	MP_AM047_Running_Lights_R	</identifier>
				<transform>
					<row0>	1.1616 0.0000 0.0000 0.0000	</row0>
					<row1>	0.0000 1.1616 0.0000 0.0000	</row1>
					<row2>	0.0000 0.0000 1.1616 0.0000	</row2>
					<row3>	0.4680 1.1199 0.5911 1.0000	</row3>
				</transform>
			</node>
			<node>
				<identifier>	MP_AM047_Running_Lights_R_INDEX_1	</identifier>
				<transform>
					<row0>	1.0000 0.0000 0.0000 0.0000	</row0>
					<row1>	0.0000 1.0000 0.0000 0.0000	</row1>
					<row2>	0.0000 0.0000 1.0000 0.0000	</row2>
					<row3>	0.4680 1.0532 0.5911 1.0000	</row3>
				</transform>
			</node>
			<node>
				<identifier>	MP_AM048_Running_Lights_L	</identifier>
				<transform>
					<row0>	1.1620 0.0000 0.0000 0.0000	</row0>
					<row1>	0.0000 1.1620 0.0000 0.0000	</row1>
					<row2>	0.0000 0.0000 1.1620 0.0000	</row2>
					<row3>	-0.4680 1.1199 0.5911 1.0000	</row3>
				</transform>
			</node>
			<node>
				<identifier>	MP_AM048_Running_Lights_L_INDEX_1	</identifier>
				<transform>
					<row0>	1.0000 0.0000 0.0000 0.0000	</row0>
					<row1>	0.0000 1.0000 0.0000 0.0000	</row1>
					<row2>	0.0000 0.0000 1.0000 0.0000	</row2>
					<row3>	-0.4680 1.0532 0.5911 1.0000	</row3>
				</transform>
			</node>
			<node>
				<identifier>	MP_AM049_Signal_Lamp_1	</identifier>
				<transform>
					<row0>	1.1712 0.0000 0.0000 0.0000	</row0>
					<row1>	0.0000 1.1712 0.0000 0.0000	</row1>
					<row2>	0.0000 0.0000 1.1712 0.0000	</row2>
					<row3>	0.7148 2.0253 1.0633 1.0000	</row3>
				</transform>
			</node>
			<node>
				<identifier>	MP_AM049_Signal_Lamp_1_INDEX_1	</identifier>
				<transform>
					<row0>	1.1712 0.0000 0.0000 0.0000	</row0>
					<row1>	0.0000 1.1712 0.0000 0.0000	</row1>
					<row2>	0.0000 0.0000 1.1712 0.0000	</row2>
					<row3>	-0.7148 2.0253 1.0633 1.0000	</row3>
				</transform>
			</node>
			<node>
				<identifier>	MP_AM071_Signal_Lamp_2	</identifier>
				<transform>
					<row0>	1.0000 0.0000 0.0000 0.0000	</row0>
					<row1>	0.0000 1.0000 0.0000 0.0000	</row1>
					<row2>	0.0000 0.0000 1.0000 0.0000	</row2>
					<row3>	0.0000 2.8250 0.8254 1.0000	</row3>
				</transform>
			</node>
			<node>
				<identifier>	MP_AM077_Paravane	</identifier>
				<transform>
					<row0>	0.0000 1.0000 0.0000 0.0000	</row0>
					<row1>	-0.9994 0.0000 -0.0346 0.0000	</row1>
					<row2>	-0.0346 0.0000 0.9994 0.0000	</row2>
					<row3>	-0.3031 0.5962 2.1837 1.0000	</row3>
				</transform>
			</node>
			<node>
				<identifier>	MP_AM077_Paravane_INDEX_1	</identifier>
				<transform>
					<row0>	0.0000 -1.0000 0.0000 0.0000	</row0>
					<row1>	0.9994 0.0000 -0.0346 0.0000	</row1>
					<row2>	0.0346 0.0000 0.9994 0.0000	</row2>
					<row3>	0.3031 0.5962 2.1837 1.0000	</row3>
				</transform>
			</node>
			<node>
				<identifier>	MP_AM079_24in_SearchLight	</identifier>
				<transform>
					<row0>	0.0000 0.0000 1.0000 0.0000	</row0>
					<row1>	0.0000 1.0000 0.0000 0.0000	</row1>
					<row2>	-1.0000 0.0000 0.0000 0.0000	</row2>
					<row3>	-0.4241 0.9433 0.4925 1.0000	</row3>
				</transform>
			</node>
			<node>
				<identifier>	MP_AM079_24in_SearchLight_INDEX_1	</identifier>
				<transform>
					<row0>	0.0000 0.0000 -1.0000 0.0000	</row0>
					<row1>	0.0000 1.0000 0.0000 0.0000	</row1>
					<row2>	1.0000 0.0000 0.0000 0.0000	</row2>
					<row3>	0.4241 0.9433 0.4925 1.0000	</row3>
				</transform>
			</node>
			<node>
				<identifier>	MP_AM079_24in_SearchLight_INDEX_2	</identifier>
				<transform>
					<row0>	0.0000 0.0000 -1.0000 0.0000	</row0>
					<row1>	0.0000 1.0000 0.0000 0.0000	</row1>
					<row2>	1.0000 0.0000 0.0000 0.0000	</row2>
					<row3>	0.2546 1.0019 1.2695 1.0000	</row3>
				</transform>
			</node>
			<node>
				<identifier>	MP_AM079_24in_SearchLight_INDEX_3	</identifier>
				<transform>
					<row0>	0.0000 0.0000 1.0000 0.0000	</row0>
					<row1>	0.0000 1.0000 0.0000 0.0000	</row1>
					<row2>	-1.0000 0.0000 0.0000 0.0000	</row2>
					<row3>	-0.2546 1.0019 1.2695 1.0000	</row3>
				</transform>
			</node>
			<node>
				<identifier>	MP_AM150_Telegraph_Engine	</identifier>
				<transform>
					<row0>	0.8122 0.0000 -0.5833 0.0000	</row0>
					<row1>	0.0000 1.0000 0.0000 0.0000	</row1>
					<row2>	0.5833 0.0000 0.8122 0.0000	</row2>
					<row3>	0.1002 1.0732 1.1419 1.0000	</row3>
				</transform>
			</node>
			<node>
				<identifier>	MP_AM151_Gyro_Repeater	</identifier>
				<transform>
					<row0>	1.0000 0.0000 0.0000 0.0000	</row0>
					<row1>	0.0000 1.0000 0.0000 0.0000	</row1>
					<row2>	0.0000 0.0000 1.0000 0.0000	</row2>
					<row3>	0.0465 1.0822 1.1456 1.0000	</row3>
				</transform>
			</node>
			<node>
				<identifier>	MP_AM157_Telephone	</identifier>
				<transform>
					<row0>	-1.0000 0.0000 0.0000 0.0000	</row0>
					<row1>	0.0000 1.0000 0.0000 0.0000	</row1>
					<row2>	0.0000 0.0000 -1.0000 0.0000	</row2>
					<row3>	0.0646 1.1760 0.9461 1.0000	</row3>
				</transform>
			</node>
			<node>
				<identifier>	MP_AM157_Telephone_INDEX_1	</identifier>
				<transform>
					<row0>	0.2588 0.0000 0.9659 0.0000	</row0>
					<row1>	0.0000 1.0000 0.0000 0.0000	</row1>
					<row2>	-0.9659 0.0000 0.2588 0.0000	</row2>
					<row3>	0.0260 2.1369 1.0185 1.0000	</row3>
				</transform>
			</node>
			<node>
				<identifier>	MP_AM157_Telephone_INDEX_2	</identifier>
				<transform>
					<row0>	0.2588 0.0000 -0.9659 0.0000	</row0>
					<row1>	0.0000 1.0000 0.0000 0.0000	</row1>
					<row2>	0.9659 0.0000 0.2588 0.0000	</row2>
					<row3>	-0.0260 2.1369 1.0185 1.0000	</row3>
				</transform>
			</node>
			<node>
				<identifier>	MP_AM157_Telephone_INDEX_3	</identifier>
				<transform>
					<row0>	-0.7071 0.0000 0.7071 0.0000	</row0>
					<row1>	0.0000 1.0000 0.0000 0.0000	</row1>
					<row2>	-0.7071 0.0000 -0.7071 0.0000	</row2>
					<row3>	0.0189 1.1760 1.0459 1.0000	</row3>
				</transform>
			</node>
			<node>
				<identifier>	MP_AM157_Telephone_INDEX_4	</identifier>
				<transform>
					<row0>	0.6088 0.0000 -0.7934 0.0000	</row0>
					<row1>	0.0000 1.0000 0.0000 0.0000	</row1>
					<row2>	0.7934 0.0000 0.6088 0.0000	</row2>
					<row3>	-0.0933 2.2962 0.9241 1.0000	</row3>
				</transform>
			</node>
			<node>
				<identifier>	MP_AM157_Telephone_INDEX_5	</identifier>
				<transform>
					<row0>	-0.6088 0.0000 -0.7934 0.0000	</row0>
					<row1>	0.0000 1.0000 0.0000 0.0000	</row1>
					<row2>	0.7934 0.0000 -0.6088 0.0000	</row2>
					<row3>	-0.0933 2.2962 1.0626 1.0000	</row3>
				</transform>
			</node>
			<node>
				<identifier>	MP_AM157_Telephone_INDEX_6	</identifier>
				<transform>
					<row0>	-0.6088 0.0000 0.7934 0.0000	</row0>
					<row1>	0.0000 1.0000 0.0000 0.0000	</row1>
					<row2>	-0.7934 0.0000 -0.6088 0.0000	</row2>
					<row3>	0.0933 2.2962 1.0626 1.0000	</row3>
				</transform>
			</node>
			<node>
				<identifier>	MP_AM157_Telephone_INDEX_7	</identifier>
				<transform>
					<row0>	0.6088 0.0000 0.7934 0.0000	</row0>
					<row1>	0.0000 1.0000 0.0000 0.0000	</row1>
					<row2>	-0.7934 0.0000 0.6088 0.0000	</row2>
					<row3>	0.0933 2.2962 0.9241 1.0000	</row3>
				</transform>
			</node>
			<node>
				<identifier>	MP_AM158_Turning_Indicator	</identifier>
				<transform>
					<row0>	0.9239 0.0000 0.3827 0.0000	</row0>
					<row1>	0.0000 1.0000 0.0000 0.0000	</row1>
					<row2>	-0.3827 0.0000 0.9239 0.0000	</row2>
					<row3>	-0.0608 1.0822 1.1326 1.0000	</row3>
				</transform>
			</node>
			<node>
				<identifier>	MP_AM219_Bollard	</identifier>
				<transform>
					<row0>	1.4924 0.0000 -0.0404 0.0000	</row0>
					<row1>	0.0000 1.4929 0.0000 0.0000	</row1>
					<row2>	0.0404 0.0000 1.4924 0.0000	</row2>
					<row3>	-0.8532 0.4740 1.0295 1.0000	</row3>
				</transform>
			</node>
			<node>
				<identifier>	MP_AM219_Bollard_INDEX_1	</identifier>
				<transform>
					<row0>	1.4924 0.0000 0.0404 0.0000	</row0>
					<row1>	0.0000 1.4929 0.0000 0.0000	</row1>
					<row2>	-0.0404 0.0000 1.4924 0.0000	</row2>
					<row3>	0.8532 0.4740 1.0295 1.0000	</row3>
				</transform>
			</node>
			<node>
				<identifier>	MP_AM219_Bollard_INDEX_2	</identifier>
				<transform>
					<row0>	1.4911 0.0000 -0.0739 0.0000	</row0>
					<row1>	0.0000 1.4929 0.0000 0.0000	</row1>
					<row2>	0.0739 0.0000 1.4911 0.0000	</row2>
					<row3>	-0.7775 0.4745 2.2431 1.0000	</row3>
				</transform>
			</node>
			<node>
				<identifier>	MP_AM219_Bollard_INDEX_3	</identifier>
				<transform>
					<row0>	1.4911 0.0000 0.0739 0.0000	</row0>
					<row1>	0.0000 1.4929 0.0000 0.0000	</row1>
					<row2>	-0.0739 0.0000 1.4911 0.0000	</row2>
					<row3>	0.7775 0.4745 2.2431 1.0000	</row3>
				</transform>
			</node>
			<node>
				<identifier>	MP_AM317_Running_Lights_F	</identifier>
				<transform>
					<row0>	1.0000 0.0000 0.0000 0.0000	</row0>
					<row1>	0.0000 1.0000 0.0000 0.0000	</row1>
					<row2>	0.0000 0.0000 1.0000 0.0000	</row2>
					<row3>	0.0000 1.8567 1.1579 1.0000	</row3>
				</transform>
			</node>
			<node>
				<identifier>	MP_AM319_Hatch	</identifier>
				<transform>
					<row0>	1.0000 0.0000 0.0000 0.0000	</row0>
					<row1>	0.0000 1.0000 0.0000 0.0000	</row1>
					<row2>	0.0000 0.0000 1.0000 0.0000	</row2>
					<row3>	0.3360 0.4738 2.0467 1.0000	</row3>
				</transform>
			</node>
			<node>
				<identifier>	MP_AM319_Hatch_INDEX_1	</identifier>
				<transform>
					<row0>	1.0000 0.0000 0.0000 0.0000	</row0>
					<row1>	0.0000 1.0000 0.0000 0.0000	</row1>
					<row2>	0.0000 0.0000 1.0000 0.0000	</row2>
					<row3>	-0.3360 0.4738 2.0467 1.0000	</row3>
				</transform>
			</node>
			<node>
				<identifier>	MP_AM386_Telescope	</identifier>
				<transform>
					<row0>	0.0000 0.0000 1.0000 0.0000	</row0>
					<row1>	0.0000 1.0000 0.0000 0.0000	</row1>
					<row2>	-1.0000 0.0000 0.0000 0.0000	</row2>
					<row3>	-0.2780 0.8991 0.9547 1.0000	</row3>
				</transform>
			</node>
			<node>
				<identifier>	MP_AM386_Telescope_INDEX_1	</identifier>
				<transform>
					<row0>	0.0000 0.0000 -1.0000 0.0000	</row0>
					<row1>	0.0000 1.0000 0.0000 0.0000	</row1>
					<row2>	1.0000 0.0000 0.0000 0.0000	</row2>
					<row3>	0.2780 0.8991 0.9547 1.0000	</row3>
				</transform>
			</node>
			<node>
				<identifier>	MP_AM438_Speakerphone	</identifier>
				<transform>
					<row0>	1.0000 0.0000 0.0000 0.0000	</row0>
					<row1>	0.0000 1.0000 0.0000 0.0000	</row1>
					<row2>	0.0000 0.0000 1.0000 0.0000	</row2>
					<row3>	-0.0309 2.1010 0.8408 1.0000	</row3>
				</transform>
			</node>
			<node>
				<identifier>	MP_AM442_Multipole_Switch	</identifier>
				<transform>
					<row0>	-1.0000 0.0000 0.0000 0.0000	</row0>
					<row1>	0.0000 1.0000 0.0000 0.0000	</row1>
					<row2>	0.0000 0.0000 -1.0000 0.0000	</row2>
					<row3>	-0.2827 0.9453 1.3659 1.0000	</row3>
				</transform>
			</node>
			<node>
				<identifier>	MP_AM442_Multipole_Switch_INDEX_1	</identifier>
				<transform>
					<row0>	-1.0000 0.0000 0.0000 0.0000	</row0>
					<row1>	0.0000 1.0000 0.0000 0.0000	</row1>
					<row2>	0.0000 0.0000 -1.0000 0.0000	</row2>
					<row3>	0.2827 0.9453 1.3659 1.0000	</row3>
				</transform>
			</node>
			<node>
				<identifier>	MP_AM442_Multipole_Switch_INDEX_2	</identifier>
				<transform>
					<row0>	-0.2588 0.0000 -0.9659 0.0000	</row0>
					<row1>	0.0000 1.0000 0.0000 0.0000	</row1>
					<row2>	0.9659 0.0000 -0.2588 0.0000	</row2>
					<row3>	0.0000 2.1142 1.0634 1.0000	</row3>
				</transform>
			</node>
			<node>
				<identifier>	MP_AM449_Binoculars	</identifier>
				<transform>
					<row0>	0.5000 0.0000 0.8660 0.0000	</row0>
					<row1>	0.0000 1.0000 0.0000 0.0000	</row1>
					<row2>	-0.8660 0.0000 0.5000 0.0000	</row2>
					<row3>	-0.1521 2.2794 1.1069 1.0000	</row3>
				</transform>
			</node>
			<node>
				<identifier>	MP_AM449_Binoculars_INDEX_1	</identifier>
				<transform>
					<row0>	0.8660 0.0000 -0.5000 0.0000	</row0>
					<row1>	0.0000 1.0000 0.0000 0.0000	</row1>
					<row2>	0.5000 0.0000 0.8660 0.0000	</row2>
					<row3>	0.1521 2.2794 1.1069 1.0000	</row3>
				</transform>
			</node>
			<node>
				<identifier>	MP_AM449_Binoculars_INDEX_2	</identifier>
				<transform>
					<row0>	-0.7071 0.0000 -0.7071 0.0000	</row0>
					<row1>	0.0000 1.0000 0.0000 0.0000	</row1>
					<row2>	0.7071 0.0000 -0.7071 0.0000	</row2>
					<row3>	0.1521 2.2794 0.8780 1.0000	</row3>
				</transform>
			</node>
			<node>
				<identifier>	MP_AM449_Binoculars_INDEX_3	</identifier>
				<transform>
					<row0>	-0.9239 0.0000 0.3827 0.0000	</row0>
					<row1>	0.0000 1.0000 0.0000 0.0000	</row1>
					<row2>	-0.3827 0.0000 -0.9239 0.0000	</row2>
					<row3>	-0.1521 2.2794 0.8780 1.0000	</row3>
				</transform>
			</node>
			<node>
				<identifier>	MP_AM461_6pdr_Saluting_Gun	</identifier>
				<transform>
					<row0>	0.0000 0.0000 -1.0000 0.0000	</row0>
					<row1>	0.0000 1.0000 0.0000 0.0000	</row1>
					<row2>	1.0000 0.0000 0.0000 0.0000	</row2>
					<row3>	0.3112 0.9656 0.7463 1.0000	</row3>
				</transform>
			</node>
			<node>
				<identifier>	MP_AM461_6pdr_Saluting_Gun_INDEX_1	</identifier>
				<transform>
					<row0>	0.0000 0.0000 1.0000 0.0000	</row0>
					<row1>	0.0000 1.0000 0.0000 0.0000	</row1>
					<row2>	-1.0000 0.0000 0.0000 0.0000	</row2>
					<row3>	-0.3112 0.9656 0.7463 1.0000	</row3>
				</transform>
			</node>
			<node>
				<identifier>	MP_AM465_Fire_Extinguisher	</identifier>
				<transform>
					<row0>	0.3746 0.0000 -0.9272 0.0000	</row0>
					<row1>	0.0000 1.0000 0.0000 0.0000	</row1>
					<row2>	0.9272 0.0000 0.3746 0.0000	</row2>
					<row3>	-0.0186 2.1228 1.0533 1.0000	</row3>
				</transform>
			</node>
			<node>
				<identifier>	MP_AM465_Fire_Extinguisher_INDEX_1	</identifier>
				<transform>
					<row0>	0.0087 0.0000 1.0000 0.0000	</row0>
					<row1>	0.0000 1.0000 0.0000 0.0000	</row1>
					<row2>	-1.0000 0.0000 0.0087 0.0000	</row2>
					<row3>	0.0786 0.9681 0.9308 1.0000	</row3>
				</transform>
			</node>
			<node>
				<identifier>	MP_AM465_Fire_Extinguisher_INDEX_2	</identifier>
				<transform>
					<row0>	1.0000 0.0000 0.0000 0.0000	</row0>
					<row1>	0.0000 1.0000 0.0000 0.0000	</row1>
					<row2>	0.0000 0.0000 1.0000 0.0000	</row2>
					<row3>	0.1023 2.2758 0.9870 1.0000	</row3>
				</transform>
			</node>
			<node>
				<identifier>	MP_AM465_Fire_Extinguisher_INDEX_3	</identifier>
				<transform>
					<row0>	0.0087 0.0000 1.0000 0.0000	</row0>
					<row1>	0.0000 1.0000 0.0000 0.0000	</row1>
					<row2>	-1.0000 0.0000 0.0087 0.0000	</row2>
					<row3>	0.0974 0.9681 0.9308 1.0000	</row3>
				</transform>
			</node>
			<node>
				<identifier>	MP_AM476_Kingpost	</identifier>
				<transform>
					<row0>	0.0000 0.0000 -1.0000 0.0000	</row0>
					<row1>	0.0000 1.0000 0.0000 0.0000	</row1>
					<row2>	1.0000 0.0000 0.0000 0.0000	</row2>
					<row3>	0.6318 0.5567 1.3947 1.0000	</row3>
				</transform>
			</node>
			<node>
				<identifier>	MP_AM476_Kingpost_INDEX_1	</identifier>
				<transform>
					<row0>	0.0000 0.0000 1.0000 0.0000	</row0>
					<row1>	0.0000 1.0000 0.0000 0.0000	</row1>
					<row2>	-1.0000 0.0000 0.0000 0.0000	</row2>
					<row3>	-0.6318 0.5567 1.3947 1.0000	</row3>
				</transform>
			</node>
			<node>
				<identifier>	MP_AM508_5in_Ammo_Hoist	</identifier>
				<transform>
					<row0>	0.0000 0.0000 1.0000 0.0000	</row0>
					<row1>	0.0000 1.0000 0.0000 0.0000	</row1>
					<row2>	-1.0000 0.0000 0.0000 0.0000	</row2>
					<row3>	-0.0388 0.4735 1.7165 1.0000	</row3>
				</transform>
			</node>
			<node>
				<identifier>	MP_AM508_5in_Ammo_Hoist_INDEX_1	</identifier>
				<transform>
					<row0>	0.0000 0.0000 -1.0000 0.0000	</row0>
					<row1>	0.0000 1.0000 0.0000 0.0000	</row1>
					<row2>	1.0000 0.0000 0.0000 0.0000	</row2>
					<row3>	0.4246 0.4735 0.6466 1.0000	</row3>
				</transform>
			</node>
			<node>
				<identifier>	MP_AM508_5in_Ammo_Hoist_INDEX_2	</identifier>
				<transform>
					<row0>	0.0000 0.0000 1.0000 0.0000	</row0>
					<row1>	0.0000 1.0000 0.0000 0.0000	</row1>
					<row2>	-1.0000 0.0000 0.0000 0.0000	</row2>
					<row3>	-0.4246 0.4735 0.6466 1.0000	</row3>
				</transform>
			</node>
			<node>
				<identifier>	MP_AM508_5in_Ammo_Hoist_INDEX_3	</identifier>
				<transform>
					<row0>	0.0000 0.0000 1.0000 0.0000	</row0>
					<row1>	0.0000 1.0000 0.0000 0.0000	</row1>
					<row2>	-1.0000 0.0000 0.0000 0.0000	</row2>
					<row3>	0.4000 0.4735 0.7925 1.0000	</row3>
				</transform>
			</node>
			<node>
				<identifier>	MP_AM508_5in_Ammo_Hoist_INDEX_4	</identifier>
				<transform>
					<row0>	0.0000 0.0000 -1.0000 0.0000	</row0>
					<row1>	0.0000 1.0000 0.0000 0.0000	</row1>
					<row2>	1.0000 0.0000 0.0000 0.0000	</row2>
					<row3>	0.0388 0.4735 1.7165 1.0000	</row3>
				</transform>
			</node>
			<node>
				<identifier>	MP_AM508_5in_Ammo_Hoist_INDEX_5	</identifier>
				<transform>
					<row0>	0.0000 0.0000 -1.0000 0.0000	</row0>
					<row1>	0.0000 1.0000 0.0000 0.0000	</row1>
					<row2>	1.0000 0.0000 0.0000 0.0000	</row2>
					<row3>	-0.4000 0.4735 0.7925 1.0000	</row3>
				</transform>
			</node>
			<node>
				<identifier>	MP_AM524_Telephone	</identifier>
				<transform>
					<row0>	0.0000 0.0000 -1.0000 0.0000	</row0>
					<row1>	0.0000 1.0000 0.0000 0.0000	</row1>
					<row2>	1.0000 0.0000 0.0000 0.0000	</row2>
					<row3>	-0.0375 1.7123 1.0258 1.0000	</row3>
				</transform>
			</node>
			<node>
				<identifier>	MP_AM524_Telephone_INDEX_1	</identifier>
				<transform>
					<row0>	0.0000 0.0000 -1.0000 0.0000	</row0>
					<row1>	0.0000 1.0000 0.0000 0.0000	</row1>
					<row2>	1.0000 0.0000 0.0000 0.0000	</row2>
					<row3>	0.0954 2.2607 0.9985 1.0000	</row3>
				</transform>
			</node>
			<node>
				<identifier>	MP_AM524_Telephone_INDEX_2	</identifier>
				<transform>
					<row0>	1.0000 0.0000 0.0000 0.0000	</row0>
					<row1>	0.0000 1.0000 0.0000 0.0000	</row1>
					<row2>	0.0000 0.0000 1.0000 0.0000	</row2>
					<row3>	0.0488 0.8991 0.7361 1.0000	</row3>
				</transform>
			</node>
			<node>
				<identifier>	MP_AM535_Elec_Panel	</identifier>
				<transform>
					<row0>	-1.0000 0.0000 0.0000 0.0000	</row0>
					<row1>	0.0000 1.0000 0.0000 0.0000	</row1>
					<row2>	0.0000 0.0000 -1.0000 0.0000	</row2>
					<row3>	0.0298 2.0872 0.8408 1.0000	</row3>
				</transform>
			</node>
			<node>
				<identifier>	MP_AM609_Towing_Light	</identifier>
				<transform>
					<row0>	1.0000 0.0000 0.0000 0.0000	</row0>
					<row1>	0.0000 1.0000 0.0000 0.0000	</row1>
					<row2>	0.0000 0.0000 1.0000 0.0000	</row2>
					<row3>	0.0000 1.6224 1.1095 1.0000	</row3>
				</transform>
			</node>
			<node>
				<identifier>	MP_AM609_Towing_Light_INDEX_1	</identifier>
				<transform>
					<row0>	1.0000 0.0000 0.0000 0.0000	</row0>
					<row1>	0.0000 1.0000 0.0000 0.0000	</row1>
					<row2>	0.0000 0.0000 1.0000 0.0000	</row2>
					<row3>	0.0000 1.5042 1.1095 1.0000	</row3>
				</transform>
			</node>
			<node>
				<identifier>	MP_AM712_Pelorus	</identifier>
				<transform>
					<row0>	0.0000 0.0000 -1.0000 0.0000	</row0>
					<row1>	0.0000 1.0000 0.0000 0.0000	</row1>
					<row2>	1.0000 0.0000 0.0000 0.0000	</row2>
					<row3>	0.4488 1.0732 0.6270 1.0000	</row3>
				</transform>
			</node>
			<node>
				<identifier>	MP_AM712_Pelorus_INDEX_1	</identifier>
				<transform>
					<row0>	0.0000 0.0000 1.0000 0.0000	</row0>
					<row1>	0.0000 1.0000 0.0000 0.0000	</row1>
					<row2>	-1.0000 0.0000 0.0000 0.0000	</row2>
					<row3>	-0.4488 1.0732 0.6270 1.0000	</row3>
				</transform>
			</node>
			<node>
				<identifier>	MP_AM719_RDF	</identifier>
				<transform>
					<row0>	0.0000 0.0000 -1.0000 0.0000	</row0>
					<row1>	0.0000 1.0000 0.0000 0.0000	</row1>
					<row2>	1.0000 0.0000 0.0000 0.0000	</row2>
					<row3>	0.0000 1.2474 0.7783 1.0000	</row3>
				</transform>
			</node>
			<node>
				<identifier>	MP_AM720_Helmets_Rack	</identifier>
				<transform>
					<row0>	0.0000 0.0000 -1.0000 0.0000	</row0>
					<row1>	0.0000 1.0000 0.0000 0.0000	</row1>
					<row2>	1.0000 0.0000 0.0000 0.0000	</row2>
					<row3>	0.0770 1.3120 1.0210 1.0000	</row3>
				</transform>
			</node>
			<node>
				<identifier>	MP_AM720_Helmets_Rack_INDEX_1	</identifier>
				<transform>
					<row0>	-1.0000 0.0000 0.0000 0.0000	</row0>
					<row1>	0.0000 1.0000 0.0000 0.0000	</row1>
					<row2>	0.0000 0.0000 -1.0000 0.0000	</row2>
					<row3>	-0.0106 0.9492 0.9358 1.0000	</row3>
				</transform>
			</node>
			<node>
				<identifier>	MP_AM720_Helmets_Rack_INDEX_2	</identifier>
				<transform>
					<row0>	0.0000 0.0000 -1.0000 0.0000	</row0>
					<row1>	0.0000 1.0000 0.0000 0.0000	</row1>
					<row2>	1.0000 0.0000 0.0000 0.0000	</row2>
					<row3>	0.0278 1.7535 1.0268 1.0000	</row3>
				</transform>
			</node>
			<node>
				<identifier>	MP_AM720_Helmets_Rack_INDEX_3	</identifier>
				<transform>
					<row0>	-0.9992 0.0000 -0.0404 0.0000	</row0>
					<row1>	0.0000 1.0000 0.0000 0.0000	</row1>
					<row2>	0.0404 0.0000 -0.9992 0.0000	</row2>
					<row3>	0.6277 0.6900 0.8139 1.0000	</row3>
				</transform>
			</node>
			<node>
				<identifier>	MP_AM720_Helmets_Rack_INDEX_4	</identifier>
				<transform>
					<row0>	0.9131 0.0000 -0.4078 0.0000	</row0>
					<row1>	0.0000 1.0000 0.0000 0.0000	</row1>
					<row2>	0.4078 0.0000 0.9131 0.0000	</row2>
					<row3>	0.4998 0.6900 0.9228 1.0000	</row3>
				</transform>
			</node>
			<node>
				<identifier>	MP_AM720_Helmets_Rack_INDEX_5	</identifier>
				<transform>
					<row0>	0.9999 0.0000 0.0116 0.0000	</row0>
					<row1>	0.0000 1.0000 0.0000 0.0000	</row1>
					<row2>	-0.0116 0.0000 0.9999 0.0000	</row2>
					<row3>	-0.5813 0.6900 0.9039 1.0000	</row3>
				</transform>
			</node>
			<node>
				<identifier>	MP_AM720_Helmets_Rack_INDEX_6	</identifier>
				<transform>
					<row0>	-0.9074 0.0000 0.4202 0.0000	</row0>
					<row1>	0.0000 1.0000 0.0000 0.0000	</row1>
					<row2>	-0.4202 0.0000 -0.9074 0.0000	</row2>
					<row3>	-0.5468 0.6900 0.7908 1.0000	</row3>
				</transform>
			</node>
			<node>
				<identifier>	MP_AM720_Helmets_Rack_INDEX_7	</identifier>
				<transform>
					<row0>	0.9889 0.0000 0.1485 0.0000	</row0>
					<row1>	0.0000 1.0000 0.0000 0.0000	</row1>
					<row2>	-0.1485 0.0000 0.9889 0.0000	</row2>
					<row3>	0.4125 0.6900 1.5389 1.0000	</row3>
				</transform>
			</node>
			<node>
				<identifier>	MP_AM720_Helmets_Rack_INDEX_8	</identifier>
				<transform>
					<row0>	0.9889 0.0000 -0.1485 0.0000	</row0>
					<row1>	0.0000 1.0000 0.0000 0.0000	</row1>
					<row2>	0.1485 0.0000 0.9889 0.0000	</row2>
					<row3>	-0.4125 0.6900 1.5389 1.0000	</row3>
				</transform>
			</node>
			<node>
				<identifier>	MP_AM721_Talker_Helmets_Rack	</identifier>
				<transform>
					<row0>	0.9700 0.0000 -0.2433 0.0000	</row0>
					<row1>	0.0000 1.0000 0.0000 0.0000	</row1>
					<row2>	0.2433 0.0000 0.9700 0.0000	</row2>
					<row3>	0.5430 0.6900 0.9097 1.0000	</row3>
				</transform>
			</node>
			<node>
				<identifier>	MP_AM721_Talker_Helmets_Rack_INDEX_1	</identifier>
				<transform>
					<row0>	-0.9722 0.0000 -0.2342 0.0000	</row0>
					<row1>	0.0000 1.0000 0.0000 0.0000	</row1>
					<row2>	0.2342 0.0000 -0.9722 0.0000	</row2>
					<row3>	0.5894 0.6900 0.8062 1.0000	</row3>
				</transform>
			</node>
			<node>
				<identifier>	MP_AM721_Talker_Helmets_Rack_INDEX_2	</identifier>
				<transform>
					<row0>	0.9700 0.0000 0.2433 0.0000	</row0>
					<row1>	0.0000 1.0000 0.0000 0.0000	</row1>
					<row2>	-0.2433 0.0000 0.9700 0.0000	</row2>
					<row3>	-0.5430 0.6900 0.9097 1.0000	</row3>
				</transform>
			</node>
			<node>
				<identifier>	MP_AM721_Talker_Helmets_Rack_INDEX_3	</identifier>
				<transform>
					<row0>	0.7866 0.0000 -0.6175 0.0000	</row0>
					<row1>	0.0000 1.0000 0.0000 0.0000	</row1>
					<row2>	0.6175 0.0000 0.7866 0.0000	</row2>
					<row3>	-0.4769 0.6900 1.5666 1.0000	</row3>
				</transform>
			</node>
			<node>
				<identifier>	MP_AM721_Talker_Helmets_Rack_INDEX_4	</identifier>
				<transform>
					<row0>	0.7866 0.0000 0.6175 0.0000	</row0>
					<row1>	0.0000 1.0000 0.0000 0.0000	</row1>
					<row2>	-0.6175 0.0000 0.7866 0.0000	</row2>
					<row3>	0.4769 0.6900 1.5666 1.0000	</row3>
				</transform>
			</node>
			<node>
				<identifier>	MP_AM721_Talker_Helmets_Rack_INDEX_5	</identifier>
				<transform>
					<row0>	-0.9722 0.0000 0.2342 0.0000	</row0>
					<row1>	0.0000 1.0000 0.0000 0.0000	</row1>
					<row2>	-0.2342 0.0000 -0.9722 0.0000	</row2>
					<row3>	-0.5894 0.6900 0.8062 1.0000	</row3>
				</transform>
			</node>
			<node>
				<identifier>	MP_AM722_Ammobox_big	</identifier>
				<transform>
					<row0>	0.4559 0.0000 -0.8900 0.0000	</row0>
					<row1>	0.0000 1.0000 0.0000 0.0000	</row1>
					<row2>	0.8900 0.0000 0.4559 0.0000	</row2>
					<row3>	0.1241 1.7124 0.9360 1.0000	</row3>
				</transform>
			</node>
			<node>
				<identifier>	MP_AM722_Ammobox_big_INDEX_1	</identifier>
				<transform>
					<row0>	1.0000 0.0000 0.0000 0.0000	</row0>
					<row1>	0.0000 1.0000 0.0000 0.0000	</row1>
					<row2>	0.0000 0.0000 1.0000 0.0000	</row2>
					<row3>	0.0000 1.7124 0.9710 1.0000	</row3>
				</transform>
			</node>
			<node>
				<identifier>	MP_AM722_Ammobox_big_INDEX_2	</identifier>
				<transform>
					<row0>	0.4559 0.0000 0.8900 0.0000	</row0>
					<row1>	0.0000 1.0000 0.0000 0.0000	</row1>
					<row2>	-0.8900 0.0000 0.4559 0.0000	</row2>
					<row3>	-0.1241 1.7124 0.9360 1.0000	</row3>
				</transform>
			</node>
			<node>
				<identifier>	MP_AM722_Ammobox_big_INDEX_3	</identifier>
				<transform>
					<row0>	1.0000 0.0000 0.0000 0.0000	</row0>
					<row1>	0.0000 1.0000 0.0000 0.0000	</row1>
					<row2>	0.0000 0.0000 1.0000 0.0000	</row2>
					<row3>	0.0000 1.7124 1.1186 1.0000	</row3>
				</transform>
			</node>
			<node>
				<identifier>	MP_AM727_Hatch	</identifier>
				<transform>
					<row0>	1.2678 0.0000 0.0000 0.0000	</row0>
					<row1>	0.0000 1.2678 0.0000 0.0000	</row1>
					<row2>	0.0000 0.0000 1.2678 0.0000	</row2>
					<row3>	0.5066 0.6615 0.3593 1.0000	</row3>
				</transform>
			</node>
			<node>
				<identifier>	MP_AM727_Hatch_INDEX_1	</identifier>
				<transform>
					<row0>	1.2678 0.0000 0.0000 0.0000	</row0>
					<row1>	0.0000 1.2678 0.0000 0.0000	</row1>
					<row2>	0.0000 0.0000 1.2678 0.0000	</row2>
					<row3>	0.3933 0.6615 0.9594 1.0000	</row3>
				</transform>
			</node>
			<node>
				<identifier>	MP_AM727_Hatch_INDEX_2	</identifier>
				<transform>
					<row0>	1.2678 0.0000 0.0000 0.0000	</row0>
					<row1>	0.0000 1.2678 0.0000 0.0000	</row1>
					<row2>	0.0000 0.0000 1.2678 0.0000	</row2>
					<row3>	-0.5066 0.6615 0.3593 1.0000	</row3>
				</transform>
			</node>
			<node>
				<identifier>	MP_AM727_Hatch_INDEX_3	</identifier>
				<transform>
					<row0>	1.2678 0.0000 0.0000 0.0000	</row0>
					<row1>	0.0000 1.2678 0.0000 0.0000	</row1>
					<row2>	0.0000 0.0000 1.2678 0.0000	</row2>
					<row3>	-0.3933 0.6615 0.9594 1.0000	</row3>
				</transform>
			</node>
			<node>
				<identifier>	MP_AM729_Searchlight_12inch	</identifier>
				<transform>
					<row0>	0.0000 0.0000 1.0000 0.0000	</row0>
					<row1>	0.0000 1.0000 0.0000 0.0000	</row1>
					<row2>	-1.0000 0.0000 0.0000 0.0000	</row2>
					<row3>	-0.3153 0.9674 1.3101 1.0000	</row3>
				</transform>
			</node>
			<node>
				<identifier>	MP_AM729_Searchlight_12inch_INDEX_1	</identifier>
				<transform>
					<row0>	0.0000 0.0000 -1.0000 0.0000	</row0>
					<row1>	0.0000 1.0000 0.0000 0.0000	</row1>
					<row2>	1.0000 0.0000 0.0000 0.0000	</row2>
					<row3>	0.3153 0.9674 1.3101 1.0000	</row3>
				</transform>
			</node>
			<node>
				<identifier>	MP_AM742_Sounding_machine	</identifier>
				<transform>
					<row0>	0.0000 0.0000 1.0000 0.0000	</row0>
					<row1>	0.0000 1.0000 0.0000 0.0000	</row1>
					<row2>	-1.0000 0.0000 0.0000 0.0000	</row2>
					<row3>	-0.8450 0.6632 0.4376 1.0000	</row3>
				</transform>
			</node>
			<node>
				<identifier>	MP_CM011_Fire_Fighting_Gear	</identifier>
				<transform>
					<row0>	0.0000 0.0000 -1.0000 0.0000	</row0>
					<row1>	0.0000 1.0000 0.0000 0.0000	</row1>
					<row2>	1.0000 0.0000 0.0000 0.0000	</row2>
					<row3>	-0.3631 0.6661 1.0501 1.0000	</row3>
				</transform>
			</node>
			<node>
				<identifier>	MP_CM011_Fire_Fighting_Gear_INDEX_1	</identifier>
				<transform>
					<row0>	0.0000 0.0000 1.0000 0.0000	</row0>
					<row1>	0.0000 1.0000 0.0000 0.0000	</row1>
					<row2>	-1.0000 0.0000 0.0000 0.0000	</row2>
					<row3>	0.3631 0.6661 1.0501 1.0000	</row3>
				</transform>
			</node>
			<node>
				<identifier>	MP_CM011_Fire_Fighting_Gear_INDEX_2	</identifier>
				<transform>
					<row0>	-0.8660 0.0000 0.5000 0.0000	</row0>
					<row1>	0.0000 1.0000 0.0000 0.0000	</row1>
					<row2>	-0.5000 0.0000 -0.8660 0.0000	</row2>
					<row3>	0.6349 0.4787 1.5486 1.0000	</row3>
				</transform>
			</node>
			<node>
				<identifier>	MP_CM011_Fire_Fighting_Gear_INDEX_3	</identifier>
				<transform>
					<row0>	-0.8660 0.0000 -0.5000 0.0000	</row0>
					<row1>	0.0000 1.0000 0.0000 0.0000	</row1>
					<row2>	0.5000 0.0000 -0.8660 0.0000	</row2>
					<row3>	-0.6352 0.4787 1.5490 1.0000	</row3>
				</transform>
			</node>
			<node>
				<identifier>	MP_CM011_Fire_Fighting_Gear_INDEX_4	</identifier>
				<transform>
					<row0>	1.0000 0.0000 0.0000 0.0000	</row0>
					<row1>	0.0000 1.0000 0.0000 0.0000	</row1>
