<HSD001_Friesland_1956_Bow_ports.visual>
	<node>
		<identifier>	Scene Root	</identifier>
		<transform>
			<row0>	1.0000 0.0000 0.0000 0.0000	</row0>
			<row1>	0.0000 1.0000 0.0000 0.0000	</row1>
			<row2>	0.0000 0.0000 1.0000 0.0000	</row2>
			<row3>	0.0000 0.0000 0.0000 1.0000	</row3>
		</transform>
		<node>
			<identifier>	Bow_ports	</identifier>
			<transform>
				<row0>	1.0000 0.0000 0.0000 0.0000	</row0>
				<row1>	0.0000 1.0000 0.0000 0.0000	</row1>
				<row2>	0.0000 0.0000 1.0000 0.0000	</row2>
				<row3>	0.0000 0.0000 0.0000 1.0000	</row3>
			</transform>
			<node>
				<identifier>	HP_FX_Fire_1	</identifier>
				<transform>
					<row0>	1.0000 0.0000 0.0000 0.0000	</row0>
					<row1>	0.0000 1.0000 0.0000 0.0000	</row1>
					<row2>	0.0000 0.0000 1.0000 0.0000	</row2>
					<row3>	0.0000 0.3618 3.3383 1.0000	</row3>
				</transform>
			</node>
			<node>
				<identifier>	HP_FX_WakeTrace	</identifier>
				<transform>
					<row0>	1.0000 0.0000 0.0000 0.0000	</row0>
					<row1>	0.0000 1.0000 0.0000 0.0000	</row1>
					<row2>	0.0000 0.0000 1.0000 0.0000	</row2>
					<row3>	0.0000 0.0000 3.7623 1.0000	</row3>
				</transform>
			</node>
			<node>
				<identifier>	HP_HGB_1	</identifier>
				<transform>
					<row0>	1.0000 0.0000 0.0000 0.0000	</row0>
					<row1>	0.0000 1.0000 0.0000 0.0000	</row1>
					<row2>	0.0000 0.0000 1.0000 0.0000	</row2>
					<row3>	-0.2185 0.4693 2.0727 1.0000	</row3>
				</transform>
			</node>
			<node>
				<identifier>	HP_HGB_2	</identifier>
				<transform>
					<row0>	1.0000 0.0000 0.0000 0.0000	</row0>
					<row1>	0.0000 1.0000 0.0000 0.0000	</row1>
					<row2>	0.0000 0.0000 1.0000 0.0000	</row2>
					<row3>	0.2185 0.4693 2.0727 1.0000	</row3>
				</transform>
			</node>
			<node>
				<identifier>	HP_HGM_1	</identifier>
				<transform>
					<row0>	1.0000 0.0000 0.0000 0.0000	</row0>
					<row1>	0.0000 1.0000 0.0000 0.0000	</row1>
					<row2>	0.0000 0.0000 1.0000 0.0000	</row2>
					<row3>	0.0000 0.3676 2.6671 1.0000	</row3>
				</transform>
			</node>
			<node>
				<identifier>	HP_Ship_death_1	</identifier>
				<transform>
					<row0>	1.0000 0.0000 0.0000 0.0000	</row0>
					<row1>	0.0000 1.0000 0.0000 0.0000	</row1>
					<row2>	0.0000 0.0000 1.0000 0.0000	</row2>
					<row3>	0.0000 0.0000 2.3262 1.0000	</row3>
				</transform>
			</node>
			<node>
				<identifier>	MP_CM029_Emergency_Box	</identifier>
				<transform>
					<row0>	0.0000 0.0000 1.0000 0.0000	</row0>
					<row1>	0.0000 1.0000 0.0000 0.0000	</row1>
					<row2>	-1.0000 0.0000 0.0000 0.0000	</row2>
					<row3>	0.2850 0.3629 1.9672 1.0000	</row3>
				</transform>
			</node>
			<node>
				<identifier>	MP_CM029_Emergency_Box_INDEX_1	</identifier>
				<transform>
					<row0>	0.0000 0.0000 -1.0000 0.0000	</row0>
					<row1>	0.0000 1.0000 0.0000 0.0000	</row1>
					<row2>	1.0000 0.0000 0.0000 0.0000	</row2>
					<row3>	-0.2850 0.3629 1.9672 1.0000	</row3>
				</transform>
			</node>
			<node>
				<identifier>	MP_HM001_Anchor_down	</identifier>
				<transform>
					<row0>	0.9225 0.3286 -0.2024 0.0000	</row0>
					<row1>	-0.3491 0.4868 -0.8007 0.0000	</row1>
					<row2>	-0.1646 0.8093 0.5638 0.0000	</row2>
					<row3>	-0.1078 0.3039 3.7267 1.0000	</row3>
				</transform>
			</node>
			<node>
				<identifier>	MP_HM001_Anchor_down_INDEX_1	</identifier>
				<transform>
					<row0>	0.9225 -0.3286 0.2024 0.0000	</row0>
					<row1>	0.3491 0.4868 -0.8007 0.0000	</row1>
					<row2>	0.1646 0.8093 0.5638 0.0000	</row2>
					<row3>	0.1078 0.3039 3.7267 1.0000	</row3>
				</transform>
			</node>
			<node>
				<identifier>	MP_HM002_Anchor_up	</identifier>
				<transform>
					<row0>	0.9751 -0.0473 -0.2167 0.0000	</row0>
					<row1>	-0.1487 0.5855 -0.7970 0.0000	</row1>
					<row2>	0.1646 0.8093 0.5638 0.0000	</row2>
					<row3>	0.1078 0.3039 3.7267 1.0000	</row3>
				</transform>
			</node>
			<node>
				<identifier>	MP_HM002_Anchor_up_INDEX_1	</identifier>
				<transform>
					<row0>	0.9751 0.0473 0.2167 0.0000	</row0>
					<row1>	0.1487 0.5855 -0.7970 0.0000	</row1>
					<row2>	-0.1646 0.8093 0.5638 0.0000	</row2>
					<row3>	-0.1078 0.3039 3.7267 1.0000	</row3>
				</transform>
			</node>
			<node>
				<identifier>	MP_HM004_Loudspeaker	</identifier>
				<transform>
					<row0>	0.8945 0.0000 0.0000 0.0000	</row0>
					<row1>	0.0000 0.8945 0.0000 0.0000	</row1>
					<row2>	0.0000 0.0000 0.8945 0.0000	</row2>
					<row3>	-0.1090 0.5024 2.1706 1.0000	</row3>
				</transform>
			</node>
			<node>
				<identifier>	MP_HM004_Loudspeaker_INDEX_1	</identifier>
				<transform>
					<row0>	0.8945 0.0000 0.0000 0.0000	</row0>
					<row1>	0.0000 0.8945 0.0000 0.0000	</row1>
					<row2>	0.0000 0.0000 0.8945 0.0000	</row2>
					<row3>	0.1090 0.5024 2.1706 1.0000	</row3>
				</transform>
			</node>
			<node>
				<identifier>	MP_HM007_Lifebuoy	</identifier>
				<transform>
					<row0>	-0.0380 0.0000 -0.9993 0.0000	</row0>
					<row1>	0.0000 1.0000 0.0000 0.0000	</row1>
					<row2>	0.9993 0.0000 -0.0380 0.0000	</row2>
					<row3>	-0.3564 0.3715 2.4803 1.0000	</row3>
				</transform>
			</node>
			<node>
				<identifier>	MP_HM007_Lifebuoy_INDEX_1	</identifier>
				<transform>
					<row0>	-0.0380 0.0000 0.9993 0.0000	</row0>
					<row1>	0.0000 1.0000 0.0000 0.0000	</row1>
					<row2>	-0.9993 0.0000 -0.0380 0.0000	</row2>
					<row3>	0.3564 0.3715 2.4803 1.0000	</row3>
				</transform>
			</node>
			<node>
				<identifier>	MP_HM750_Hatch	</identifier>
				<transform>
					<row0>	0.7071 0.0000 0.7071 0.0000	</row0>
					<row1>	0.0000 1.0000 0.0000 0.0000	</row1>
					<row2>	-0.7071 0.0000 0.7071 0.0000	</row2>
					<row3>	0.1897 0.3162 2.3273 1.0000	</row3>
				</transform>
			</node>
			<node>
				<identifier>	MP_HM750_Hatch_INDEX_1	</identifier>
				<transform>
					<row0>	0.7071 0.0000 -0.7071 0.0000	</row0>
					<row1>	0.0000 1.0000 0.0000 0.0000	</row1>
					<row2>	0.7071 0.0000 0.7071 0.0000	</row2>
					<row3>	-0.1897 0.3162 2.3273 1.0000	</row3>
				</transform>
			</node>
			<node>
				<identifier>	MP_HM950_Capstan	</identifier>
				<transform>
					<row0>	1.0000 0.0000 0.0000 0.0000	</row0>
					<row1>	0.0000 1.0000 0.0000 0.0000	</row1>
					<row2>	0.0000 0.0000 1.0000 0.0000	</row2>
					<row3>	0.0619 0.3699 3.2890 1.0000	</row3>
				</transform>
			</node>
			<node>
				<identifier>	MP_HM950_Capstan_INDEX_1	</identifier>
				<transform>
					<row0>	1.0000 0.0000 0.0000 0.0000	</row0>
					<row1>	0.0000 1.0000 0.0000 0.0000	</row1>
					<row2>	0.0000 0.0000 1.0000 0.0000	</row2>
					<row3>	-0.0619 0.3699 3.2890 1.0000	</row3>
				</transform>
			</node>
			<node>
				<identifier>	MP_HM957_Bollard	</identifier>
				<transform>
					<row0>	0.9706 0.0139 -0.2403 0.0000	</row0>
					<row1>	-0.0412 0.9932 -0.1091 0.0000	</row1>
					<row2>	0.2371 0.1158 0.9646 0.0000	</row2>
					<row3>	-0.2049 0.3735 3.4292 1.0000	</row3>
				</transform>
			</node>
			<node>
				<identifier>	MP_HM957_Bollard_INDEX_1	</identifier>
				<transform>
					<row0>	0.9838 0.0199 -0.1782 0.0000	</row0>
					<row1>	-0.0359 0.9956 -0.0865 0.0000	</row1>
					<row2>	0.1757 0.0915 0.9802 0.0000	</row2>
					<row3>	-0.2527 0.3487 3.1984 1.0000	</row3>
				</transform>
			</node>
			<node>
				<identifier>	MP_HM957_Bollard_INDEX_2	</identifier>
				<transform>
					<row0>	0.9706 -0.0139 0.2403 0.0000	</row0>
					<row1>	0.0412 0.9932 -0.1091 0.0000	</row1>
					<row2>	-0.2371 0.1158 0.9646 0.0000	</row2>
					<row3>	0.2049 0.3735 3.4292 1.0000	</row3>
				</transform>
			</node>
			<node>
				<identifier>	MP_HM957_Bollard_INDEX_3	</identifier>
				<transform>
					<row0>	0.9838 -0.0199 0.1782 0.0000	</row0>
					<row1>	0.0359 0.9956 -0.0865 0.0000	</row1>
					<row2>	-0.1757 0.0915 0.9802 0.0000	</row2>
					<row3>	0.2527 0.3487 3.1984 1.0000	</row3>
				</transform>
			</node>
			<node>
				<identifier>	MP_HM959_Reel	</identifier>
				<transform>
					<row0>	-0.7460 0.0000 0.0000 0.0000	</row0>
					<row1>	0.0000 1.1520 0.0000 0.0000	</row1>
					<row2>	0.0000 0.0000 -1.1520 0.0000	</row2>
					<row3>	0.0463 0.4693 2.0769 1.0000	</row3>
				</transform>
			</node>
			<node>
				<identifier>	MP_HM959_Reel_INDEX_1	</identifier>
				<transform>
					<row0>	0.7463 0.0000 0.0000 0.0000	</row0>
					<row1>	0.0000 1.1520 0.0000 0.0000	</row1>
					<row2>	0.0000 0.0000 1.1520 0.0000	</row2>
					<row3>	-0.0474 0.4693 2.0769 1.0000	</row3>
				</transform>
			</node>
			<node>
				<identifier>	MP_HM961_Fairlead	</identifier>
				<transform>
					<row0>	0.9577 -0.0141 -0.2874 0.0000	</row0>
					<row1>	-0.0201 0.9931 -0.1156 0.0000	</row1>
					<row2>	0.2871 0.1164 0.9508 0.0000	</row2>
					<row3>	-0.2025 0.3909 3.5623 1.0000	</row3>
				</transform>
			</node>
			<node>
				<identifier>	MP_HM961_Fairlead_INDEX_1	</identifier>
				<transform>
					<row0>	0.9577 0.0141 0.2874 0.0000	</row0>
					<row1>	0.0201 0.9931 -0.1156 0.0000	</row1>
					<row2>	-0.2871 0.1164 0.9508 0.0000	</row2>
					<row3>	0.2025 0.3909 3.5623 1.0000	</row3>
				</transform>
			</node>
			<node>
				<identifier>	MP_HM961_Fairlead_INDEX_2	</identifier>
				<transform>
					<row0>	0.9908 0.0007 0.1353 0.0000	</row0>
					<row1>	0.0110 0.9963 -0.0853 0.0000	</row1>
					<row2>	-0.1349 0.0860 0.9871 0.0000	</row2>
					<row3>	0.3058 0.3363 3.0480 1.0000	</row3>
				</transform>
			</node>
			<node>
				<identifier>	MP_HM961_Fairlead_INDEX_3	</identifier>
				<transform>
					<row0>	0.9908 -0.0007 -0.1353 0.0000	</row0>
					<row1>	-0.0110 0.9963 -0.0853 0.0000	</row1>
					<row2>	0.1349 0.0860 0.9871 0.0000	</row2>
					<row3>	-0.3058 0.3363 3.0480 1.0000	</row3>
				</transform>
			</node>
		</node>
	</node>
	<boundingBox>
		<min>	-0.0667 -0.0667 -0.0667	</min>
		<max>	0.0667 0.0667 0.0667	</max>
	</boundingBox>
</HSD001_Friesland_1956_Bow_ports.visual>
