<RSB016_Poltava_1942_MidBack_ports.visual>
	<node>
		<identifier>	Scene Root	</identifier>
		<transform>
			<row0>	1.0000 0.0000 0.0000 0.0000	</row0>
			<row1>	0.0000 1.0000 0.0000 0.0000	</row1>
			<row2>	0.0000 0.0000 1.0000 0.0000	</row2>
			<row3>	0.0000 0.0000 0.0000 1.0000	</row3>
		</transform>
		<node>
			<identifier>	MidBack_ports	</identifier>
			<transform>
				<row0>	1.0000 0.0000 0.0000 0.0000	</row0>
				<row1>	0.0000 1.0000 0.0000 0.0000	</row1>
				<row2>	0.0000 0.0000 1.0000 0.0000	</row2>
				<row3>	0.0000 0.0000 0.0000 1.0000	</row3>
			</transform>
			<node>
				<identifier>	HP_FX_Death_2	</identifier>
				<transform>
					<row0>	1.0000 0.0000 0.0000 0.0000	</row0>
					<row1>	0.0000 1.0000 0.0000 0.0000	</row1>
					<row2>	0.0000 0.0000 1.0000 0.0000	</row2>
					<row3>	0.0000 0.0000 -0.7919 1.0000	</row3>
				</transform>
			</node>
			<node>
				<identifier>	HP_FX_Fire_3	</identifier>
				<transform>
					<row0>	1.0000 0.0000 0.0000 0.0000	</row0>
					<row1>	0.0000 1.0000 0.0000 0.0000	</row1>
					<row2>	0.0000 0.0000 1.0000 0.0000	</row2>
					<row3>	0.0000 0.6208 -2.7210 1.0000	</row3>
				</transform>
			</node>
			<node>
				<identifier>	HP_FX_Fire_3_side_1	</identifier>
				<transform>
					<row0>	0.9981 0.0000 -0.0623 0.0000	</row0>
					<row1>	0.0000 1.0000 0.0000 0.0000	</row1>
					<row2>	0.0623 0.0000 0.9981 0.0000	</row2>
					<row3>	0.6130 0.3681 -1.0876 1.0000	</row3>
				</transform>
			</node>
			<node>
				<identifier>	HP_FX_Fire_3_side_2	</identifier>
				<transform>
					<row0>	0.9981 0.0000 0.0623 0.0000	</row0>
					<row1>	0.0000 1.0000 0.0000 0.0000	</row1>
					<row2>	-0.0623 0.0000 0.9981 0.0000	</row2>
					<row3>	-0.4477 0.9070 -1.5940 1.0000	</row3>
				</transform>
			</node>
			<node>
				<identifier>	HP_FX_Fire_3_side_3	</identifier>
				<transform>
					<row0>	0.9981 0.0000 0.0623 0.0000	</row0>
					<row1>	0.0000 1.0000 0.0000 0.0000	</row1>
					<row2>	-0.0623 0.0000 0.9981 0.0000	</row2>
					<row3>	-0.8109 0.3327 -3.2535 1.0000	</row3>
				</transform>
			</node>
			<node>
				<identifier>	HP_FX_Fire_5_2	</identifier>
				<transform>
					<row0>	1.0000 0.0000 0.0000 0.0000	</row0>
					<row1>	0.0000 1.0000 0.0000 0.0000	</row1>
					<row2>	0.0000 0.0000 1.0000 0.0000	</row2>
					<row3>	-0.1367 0.5737 -0.6529 1.0000	</row3>
				</transform>
			</node>
			<node>
				<identifier>	HP_FX_FloodLight_left_2	</identifier>
				<transform>
					<row0>	-1.0000 0.0000 0.0000 0.0000	</row0>
					<row1>	0.0000 1.0000 0.0000 0.0000	</row1>
					<row2>	0.0000 0.0000 -1.0000 0.0000	</row2>
					<row3>	-0.4132 0.4267 -3.2164 1.0000	</row3>
				</transform>
			</node>
			<node>
				<identifier>	HP_FX_FloodLight_right_2	</identifier>
				<transform>
					<row0>	1.0000 0.0000 0.0000 0.0000	</row0>
					<row1>	0.0000 1.0000 0.0000 0.0000	</row1>
					<row2>	0.0000 0.0000 1.0000 0.0000	</row2>
					<row3>	0.4143 0.4268 -3.2187 1.0000	</row3>
				</transform>
			</node>
			<node>
				<identifier>	HP_FX_Flood_steam_2	</identifier>
				<transform>
					<row0>	1.0000 0.0000 0.0000 0.0000	</row0>
					<row1>	0.0000 0.9813 -0.1927 0.0000	</row1>
					<row2>	0.0000 0.1927 0.9813 0.0000	</row2>
					<row3>	0.0000 1.2712 -1.9296 1.0000	</row3>
				</transform>
			</node>
			<node>
				<identifier>	HP_FX_Flood_steam_right	</identifier>
				<transform>
					<row0>	1.0000 0.0000 0.0000 0.0000	</row0>
					<row1>	0.0000 1.0000 0.0000 0.0000	</row1>
					<row2>	0.0000 0.0000 1.0000 0.0000	</row2>
					<row3>	0.7505 0.2441 -4.7987 1.0000	</row3>
				</transform>
			</node>
			<node>
				<identifier>	HP_FX_Flood_water_left_2	</identifier>
				<transform>
					<row0>	-1.0000 0.0000 0.0000 0.0000	</row0>
					<row1>	0.0000 1.0000 0.0000 0.0000	</row1>
					<row2>	0.0000 0.0000 -1.0000 0.0000	</row2>
					<row3>	-0.9362 0.1388 -2.7269 1.0000	</row3>
				</transform>
			</node>
			<node>
				<identifier>	HP_FX_Flood_water_right_2	</identifier>
				<transform>
					<row0>	1.0000 0.0000 0.0000 0.0000	</row0>
					<row1>	0.0000 1.0000 0.0000 0.0000	</row1>
					<row2>	0.0000 0.0000 1.0000 0.0000	</row2>
					<row3>	0.9362 0.1389 -2.7269 1.0000	</row3>
				</transform>
			</node>
			<node>
				<identifier>	HP_FX_RepairLight_left_2	</identifier>
				<transform>
					<row0>	-0.0868 0.0000 0.9962 0.0000	</row0>
					<row1>	0.0000 1.0000 0.0000 0.0000	</row1>
					<row2>	-0.9962 0.0000 -0.0868 0.0000	</row2>
					<row3>	-0.8383 0.2838 -3.8404 1.0000	</row3>
				</transform>
			</node>
			<node>
				<identifier>	HP_FX_RepairLight_right_2	</identifier>
				<transform>
					<row0>	-0.1108 0.0000 -0.9938 0.0000	</row0>
					<row1>	0.0005 1.0000 0.0000 0.0000	</row1>
					<row2>	0.9938 -0.0005 -0.1108 0.0000	</row2>
					<row3>	0.7820 0.2779 -4.4177 1.0000	</row3>
				</transform>
			</node>
			<node>
				<identifier>	HP_FX_Smoke_2	</identifier>
				<transform>
					<row0>	1.0000 0.0000 0.0000 0.0000	</row0>
					<row1>	0.0000 1.0000 0.0000 0.0000	</row1>
					<row2>	0.0000 0.0000 1.0000 0.0000	</row2>
					<row3>	0.0000 1.2888 -1.6184 1.0000	</row3>
				</transform>
			</node>
			<node>
				<identifier>	HP_Flagpole	</identifier>
				<transform>
					<row0>	-0.7000 0.0000 0.0000 0.0000	</row0>
					<row1>	0.0000 0.7000 0.0000 0.0000	</row1>
					<row2>	0.0000 0.0000 -0.7000 0.0000	</row2>
					<row3>	0.0000 1.9737 -1.0232 1.0000	</row3>
				</transform>
			</node>
			<node>
				<identifier>	HP_RF_3	</identifier>
				<transform>
					<row0>	0.0000 0.0000 1.0000 0.0000	</row0>
					<row1>	0.0000 1.0000 0.0000 0.0000	</row1>
					<row2>	-1.0000 0.0000 0.0000 0.0000	</row2>
					<row3>	-0.8948 0.5464 -0.6507 1.0000	</row3>
				</transform>
			</node>
			<node>
				<identifier>	HP_RF_4	</identifier>
				<transform>
					<row0>	0.0000 0.0000 -1.0000 0.0000	</row0>
					<row1>	0.0000 1.0000 0.0000 0.0000	</row1>
					<row2>	1.0000 0.0000 0.0000 0.0000	</row2>
					<row3>	0.8948 0.5465 -0.6507 1.0000	</row3>
				</transform>
			</node>
			<node>
				<identifier>	HP_RF_5	</identifier>
				<transform>
					<row0>	-1.0000 0.0000 0.0000 0.0000	</row0>
					<row1>	0.0000 1.0000 0.0000 0.0000	</row1>
					<row2>	0.0000 0.0000 -1.0000 0.0000	</row2>
					<row3>	-0.4292 0.7342 -1.6003 1.0000	</row3>
				</transform>
			</node>
			<node>
				<identifier>	HP_RF_6	</identifier>
				<transform>
					<row0>	-1.0000 0.0000 0.0000 0.0000	</row0>
					<row1>	0.0000 1.0000 0.0000 0.0000	</row1>
					<row2>	0.0000 0.0000 -1.0000 0.0000	</row2>
					<row3>	0.4292 0.7342 -1.6003 1.0000	</row3>
				</transform>
			</node>
			<node>
				<identifier>	HP_RF_7	</identifier>
				<transform>
					<row0>	-1.0000 0.0000 0.0000 0.0000	</row0>
					<row1>	0.0000 1.0000 0.0000 0.0000	</row1>
					<row2>	0.0000 0.0000 -1.0000 0.0000	</row2>
					<row3>	0.0000 0.8885 -2.8002 1.0000	</row3>
				</transform>
			</node>
			<node>
				<identifier>	HP_RF_8	</identifier>
				<transform>
					<row0>	-1.0000 0.0000 0.0000 0.0000	</row0>
					<row1>	0.0000 1.0000 0.0000 0.0000	</row1>
					<row2>	0.0000 0.0000 -1.0000 0.0000	</row2>
					<row3>	0.0000 0.7898 -3.2504 1.0000	</row3>
				</transform>
			</node>
			<node>
				<identifier>	HP_RGA_10	</identifier>
				<transform>
					<row0>	-0.7071 0.0000 -0.7071 0.0000	</row0>
					<row1>	0.0000 1.0000 0.0000 0.0000	</row1>
					<row2>	0.7071 0.0000 -0.7071 0.0000	</row2>
					<row3>	0.3686 0.6114 -0.6263 1.0000	</row3>
				</transform>
			</node>
			<node>
				<identifier>	HP_RGA_11	</identifier>
				<transform>
					<row0>	0.0000 0.0000 1.0000 0.0000	</row0>
					<row1>	0.0000 1.0000 0.0000 0.0000	</row1>
					<row2>	-1.0000 0.0000 0.0000 0.0000	</row2>
					<row3>	-0.3696 0.6339 -2.2001 1.0000	</row3>
				</transform>
			</node>
			<node>
				<identifier>	HP_RGA_12	</identifier>
				<transform>
					<row0>	0.0000 0.0000 -1.0000 0.0000	</row0>
					<row1>	0.0000 1.0000 0.0000 0.0000	</row1>
					<row2>	1.0000 0.0000 0.0000 0.0000	</row2>
					<row3>	0.3696 0.6339 -2.2001 1.0000	</row3>
				</transform>
			</node>
			<node>
				<identifier>	HP_RGA_13	</identifier>
				<transform>
					<row0>	0.0000 0.0000 1.0000 0.0000	</row0>
					<row1>	0.0000 1.0000 0.0000 0.0000	</row1>
					<row2>	-1.0000 0.0000 0.0000 0.0000	</row2>
					<row3>	-0.3427 0.4839 -2.6999 1.0000	</row3>
				</transform>
			</node>
			<node>
				<identifier>	HP_RGA_14	</identifier>
				<transform>
					<row0>	0.0000 0.0000 -1.0000 0.0000	</row0>
					<row1>	0.0000 1.0000 0.0000 0.0000	</row1>
					<row2>	1.0000 0.0000 0.0000 0.0000	</row2>
					<row3>	0.3427 0.4839 -2.6999 1.0000	</row3>
				</transform>
			</node>
			<node>
				<identifier>	HP_RGA_5	</identifier>
				<transform>
					<row0>	0.0000 0.0000 1.0000 0.0000	</row0>
					<row1>	0.0000 1.0000 0.0000 0.0000	</row1>
					<row2>	-1.0000 0.0000 0.0000 0.0000	</row2>
					<row3>	-0.4958 0.6114 -0.4931 1.0000	</row3>
				</transform>
			</node>
			<node>
				<identifier>	HP_RGA_6	</identifier>
				<transform>
					<row0>	0.0000 0.0000 -1.0000 0.0000	</row0>
					<row1>	0.0000 1.0000 0.0000 0.0000	</row1>
					<row2>	1.0000 0.0000 0.0000 0.0000	</row2>
					<row3>	0.4958 0.6114 -0.4931 1.0000	</row3>
				</transform>
			</node>
			<node>
				<identifier>	HP_RGA_7	</identifier>
				<transform>
					<row0>	0.0000 0.0000 -1.0000 0.0000	</row0>
					<row1>	0.0000 1.0000 0.0000 0.0000	</row1>
					<row2>	1.0000 0.0000 0.0000 0.0000	</row2>
					<row3>	0.4958 0.6114 -0.6073 1.0000	</row3>
				</transform>
			</node>
			<node>
				<identifier>	HP_RGA_8	</identifier>
				<transform>
					<row0>	0.0000 0.0000 1.0000 0.0000	</row0>
					<row1>	0.0000 1.0000 0.0000 0.0000	</row1>
					<row2>	-1.0000 0.0000 0.0000 0.0000	</row2>
					<row3>	-0.4958 0.6114 -0.6162 1.0000	</row3>
				</transform>
			</node>
			<node>
				<identifier>	HP_RGA_9	</identifier>
				<transform>
					<row0>	-0.7071 0.0000 0.7071 0.0000	</row0>
					<row1>	0.0000 1.0000 0.0000 0.0000	</row1>
					<row2>	-0.7071 0.0000 -0.7071 0.0000	</row2>
					<row3>	-0.3686 0.6114 -0.6263 1.0000	</row3>
				</transform>
			</node>
			<node>
				<identifier>	HP_RGM_3	</identifier>
				<transform>
					<row0>	-1.0000 0.0000 0.0000 0.0000	</row0>
					<row1>	0.0000 1.0000 0.0000 0.0000	</row1>
					<row2>	0.0000 0.0000 -1.0000 0.0000	</row2>
					<row3>	0.0000 0.5059 -4.0974 1.0000	</row3>
				</transform>
			</node>
			<node>
				<identifier>	HP_RGS_5	</identifier>
				<transform>
					<row0>	-1.0000 0.0000 0.0000 0.0000	</row0>
					<row1>	0.0000 1.0000 0.0000 0.0000	</row1>
					<row2>	0.0000 0.0000 -1.0000 0.0000	</row2>
					<row3>	-0.7565 0.4452 -1.9002 1.0000	</row3>
				</transform>
			</node>
			<node>
				<identifier>	HP_RGS_6	</identifier>
				<transform>
					<row0>	-1.0000 0.0000 0.0000 0.0000	</row0>
					<row1>	0.0000 1.0000 0.0000 0.0000	</row1>
					<row2>	0.0000 0.0000 -1.0000 0.0000	</row2>
					<row3>	0.7565 0.4452 -1.9002 1.0000	</row3>
				</transform>
			</node>
			<node>
				<identifier>	HP_RGS_7	</identifier>
				<transform>
					<row0>	-1.0000 0.0000 0.0000 0.0000	</row0>
					<row1>	0.0000 1.0000 0.0000 0.0000	</row1>
					<row2>	0.0000 0.0000 -1.0000 0.0000	</row2>
					<row3>	-0.7241 0.3035 -2.6000 1.0000	</row3>
				</transform>
			</node>
			<node>
				<identifier>	HP_RGS_8	</identifier>
				<transform>
					<row0>	-1.0000 0.0000 0.0000 0.0000	</row0>
					<row1>	0.0000 1.0000 0.0000 0.0000	</row1>
					<row2>	0.0000 0.0000 -1.0000 0.0000	</row2>
					<row3>	0.7241 0.3035 -2.6000 1.0000	</row3>
				</transform>
			</node>
			<node>
				<identifier>	HP_Ship_death_2	</identifier>
				<transform>
					<row0>	1.0000 0.0000 0.0000 0.0000	</row0>
					<row1>	0.0000 1.0000 0.0000 0.0000	</row1>
					<row2>	0.0000 0.0000 1.0000 0.0000	</row2>
					<row3>	0.0000 0.0000 -0.3896 1.0000	</row3>
				</transform>
			</node>
			<node>
				<identifier>	HP_flag_nation	</identifier>
				<transform>
					<row0>	0.9901 0.1403 -0.0051 0.0000	</row0>
					<row1>	-0.1403 0.9875 -0.0720 0.0000	</row1>
					<row2>	-0.0051 0.0720 0.9974 0.0000	</row2>
					<row3>	0.0010 2.0329 -1.2655 1.0000	</row3>
				</transform>
			</node>
			<node>
				<identifier>	HP_flag_rank	</identifier>
				<transform>
					<row0>	0.9901 0.1403 -0.0051 0.0000	</row0>
					<row1>	-0.1403 0.9875 -0.0720 0.0000	</row1>
					<row2>	-0.0051 0.0720 0.9974 0.0000	</row2>
					<row3>	0.0380 1.7728 -1.2465 1.0000	</row3>
				</transform>
			</node>
			<node>
				<identifier>	MP_CM011_Fire_Fighting_Gear	</identifier>
				<transform>
					<row0>	0.0761 0.0000 0.9971 0.0000	</row0>
					<row1>	0.0000 1.0000 0.0000 0.0000	</row1>
					<row2>	-0.9971 0.0000 0.0761 0.0000	</row2>
					<row3>	0.3799 0.2819 -3.6221 1.0000	</row3>
				</transform>
			</node>
			<node>
				<identifier>	MP_CM011_Fire_Fighting_Gear_INDEX_1	</identifier>
				<transform>
					<row0>	-0.7071 0.0000 0.7071 0.0000	</row0>
					<row1>	0.0000 1.0000 0.0000 0.0000	</row1>
					<row2>	-0.7071 0.0000 -0.7071 0.0000	</row2>
					<row3>	0.3893 0.2809 -4.4798 1.0000	</row3>
				</transform>
			</node>
			<node>
				<identifier>	MP_CM011_Fire_Fighting_Gear_INDEX_10	</identifier>
				<transform>
					<row0>	0.0000 0.0000 1.0000 0.0000	</row0>
					<row1>	0.0000 1.0000 0.0000 0.0000	</row1>
					<row2>	-1.0000 0.0000 0.0000 0.0000	</row2>
					<row3>	0.5077 0.2816 -0.6815 1.0000	</row3>
				</transform>
			</node>
			<node>
				<identifier>	MP_CM011_Fire_Fighting_Gear_INDEX_11	</identifier>
				<transform>
					<row0>	0.0761 0.0000 -0.9971 0.0000	</row0>
					<row1>	0.0000 1.0000 0.0000 0.0000	</row1>
					<row2>	0.9971 0.0000 0.0761 0.0000	</row2>
					<row3>	-0.3799 0.2819 -3.6221 1.0000	</row3>
				</transform>
			</node>
			<node>
				<identifier>	MP_CM011_Fire_Fighting_Gear_INDEX_12	</identifier>
				<transform>
					<row0>	0.0000 0.0000 -1.0000 0.0000	</row0>
					<row1>	0.0000 1.0000 0.0000 0.0000	</row1>
					<row2>	1.0000 0.0000 0.0000 0.0000	</row2>
					<row3>	-0.5077 0.2816 -0.6815 1.0000	</row3>
				</transform>
			</node>
			<node>
				<identifier>	MP_CM011_Fire_Fighting_Gear_INDEX_13	</identifier>
				<transform>
					<row0>	0.0000 0.0000 1.0000 0.0000	</row0>
					<row1>	0.0000 1.0000 0.0000 0.0000	</row1>
					<row2>	-1.0000 0.0000 0.0000 0.0000	</row2>
					<row3>	0.2067 0.4629 -1.2339 1.0000	</row3>
				</transform>
			</node>
			<node>
				<identifier>	MP_CM011_Fire_Fighting_Gear_INDEX_2	</identifier>
				<transform>
					<row0>	0.0000 0.0000 1.0000 0.0000	</row0>
					<row1>	0.0000 1.0000 0.0000 0.0000	</row1>
					<row2>	-1.0000 0.0000 0.0000 0.0000	</row2>
					<row3>	0.0523 0.6122 -1.8990 1.0000	</row3>
				</transform>
			</node>
			<node>
				<identifier>	MP_CM011_Fire_Fighting_Gear_INDEX_3	</identifier>
				<transform>
					<row0>	0.0565 0.0000 -0.9984 0.0000	</row0>
					<row1>	0.0000 1.0000 0.0000 0.0000	</row1>
					<row2>	0.9984 0.0000 0.0565 0.0000	</row2>
					<row3>	-0.1263 0.4629 -3.0084 1.0000	</row3>
				</transform>
			</node>
			<node>
				<identifier>	MP_CM011_Fire_Fighting_Gear_INDEX_4	</identifier>
				<transform>
					<row0>	-0.7071 0.0000 -0.7071 0.0000	</row0>
					<row1>	0.0000 1.0000 0.0000 0.0000	</row1>
					<row2>	0.7071 0.0000 -0.7071 0.0000	</row2>
					<row3>	-0.3922 0.2809 -4.4828 1.0000	</row3>
				</transform>
			</node>
			<node>
				<identifier>	MP_CM011_Fire_Fighting_Gear_INDEX_5	</identifier>
				<transform>
					<row0>	0.0000 0.0000 -1.0000 0.0000	</row0>
					<row1>	0.0000 1.0000 0.0000 0.0000	</row1>
					<row2>	1.0000 0.0000 0.0000 0.0000	</row2>
					<row3>	-0.2067 0.4629 -1.2339 1.0000	</row3>
				</transform>
			</node>
			<node>
				<identifier>	MP_CM011_Fire_Fighting_Gear_INDEX_6	</identifier>
				<transform>
					<row0>	0.0394 0.0000 -0.9992 0.0000	</row0>
					<row1>	0.0000 1.0000 0.0000 0.0000	</row1>
					<row2>	0.9992 0.0000 0.0394 0.0000	</row2>
					<row3>	-0.4666 0.2809 -2.3381 1.0000	</row3>
				</transform>
			</node>
			<node>
				<identifier>	MP_CM011_Fire_Fighting_Gear_INDEX_7	</identifier>
				<transform>
					<row0>	0.0394 0.0000 0.9992 0.0000	</row0>
					<row1>	0.0000 1.0000 0.0000 0.0000	</row1>
					<row2>	-0.9992 0.0000 0.0394 0.0000	</row2>
					<row3>	0.4666 0.2809 -2.3381 1.0000	</row3>
				</transform>
			</node>
			<node>
				<identifier>	MP_CM011_Fire_Fighting_Gear_INDEX_8	</identifier>
				<transform>
					<row0>	0.0000 0.0000 -1.0000 0.0000	</row0>
					<row1>	0.0000 1.0000 0.0000 0.0000	</row1>
					<row2>	1.0000 0.0000 0.0000 0.0000	</row2>
					<row3>	-0.0523 0.6122 -1.8990 1.0000	</row3>
				</transform>
			</node>
			<node>
				<identifier>	MP_CM011_Fire_Fighting_Gear_INDEX_9	</identifier>
				<transform>
					<row0>	0.0565 0.0000 0.9984 0.0000	</row0>
					<row1>	0.0000 1.0000 0.0000 0.0000	</row1>
					<row2>	-0.9984 0.0000 0.0565 0.0000	</row2>
					<row3>	0.1263 0.4629 -3.0084 1.0000	</row3>
				</transform>
			</node>
			<node>
				<identifier>	MP_CM029_Emergency_Box	</identifier>
				<transform>
					<row0>	0.0000 0.0000 -1.0000 0.0000	</row0>
					<row1>	0.0000 1.0000 0.0000 0.0000	</row1>
					<row2>	1.0000 0.0000 0.0000 0.0000	</row2>
					<row3>	-0.5069 0.3478 -0.7320 1.0000	</row3>
				</transform>
			</node>
			<node>
				<identifier>	MP_CM029_Emergency_Box_INDEX_1	</identifier>
				<transform>
					<row0>	1.0000 0.0000 0.0000 0.0000	</row0>
					<row1>	0.0000 1.0000 0.0000 0.0000	</row1>
					<row2>	0.0000 0.0000 1.0000 0.0000	</row2>
					<row3>	-0.0284 0.6817 -2.6560 1.0000	</row3>
				</transform>
			</node>
			<node>
				<identifier>	MP_CM029_Emergency_Box_INDEX_10	</identifier>
				<transform>
					<row0>	0.0354 0.0000 -0.9994 0.0000	</row0>
					<row1>	0.0000 1.0000 0.0000 0.0000	</row1>
					<row2>	0.9994 0.0000 0.0354 0.0000	</row2>
					<row3>	-0.2053 0.5292 -1.3903 1.0000	</row3>
				</transform>
			</node>
			<node>
				<identifier>	MP_CM029_Emergency_Box_INDEX_11	</identifier>
				<transform>
					<row0>	0.0000 0.0000 1.0000 0.0000	</row0>
					<row1>	0.0000 1.0000 0.0000 0.0000	</row1>
					<row2>	-1.0000 0.0000 0.0000 0.0000	</row2>
					<row3>	0.2058 0.4981 -0.3977 1.0000	</row3>
				</transform>
			</node>
			<node>
				<identifier>	MP_CM029_Emergency_Box_INDEX_12	</identifier>
				<transform>
					<row0>	0.0394 0.0000 0.9992 0.0000	</row0>
					<row1>	0.0000 1.0000 0.0000 0.0000	</row1>
					<row2>	-0.9992 0.0000 0.0394 0.0000	</row2>
					<row3>	0.4589 0.3472 -2.4708 1.0000	</row3>
				</transform>
			</node>
			<node>
				<identifier>	MP_CM029_Emergency_Box_INDEX_13	</identifier>
				<transform>
					<row0>	0.0394 0.0000 -0.9992 0.0000	</row0>
					<row1>	0.0000 1.0000 0.0000 0.0000	</row1>
					<row2>	0.9992 0.0000 0.0394 0.0000	</row2>
					<row3>	-0.4589 0.3472 -2.4708 1.0000	</row3>
				</transform>
			</node>
			<node>
				<identifier>	MP_CM029_Emergency_Box_INDEX_2	</identifier>
				<transform>
					<row0>	1.0000 0.0000 0.0000 0.0000	</row0>
					<row1>	0.0000 1.0000 0.0000 0.0000	</row1>
					<row2>	0.0000 0.0000 1.0000 0.0000	</row2>
					<row3>	0.0532 0.6773 -0.7997 1.0000	</row3>
				</transform>
			</node>
			<node>
				<identifier>	MP_CM029_Emergency_Box_INDEX_3	</identifier>
				<transform>
					<row0>	0.0565 0.0000 -0.9984 0.0000	</row0>
					<row1>	0.0000 1.0000 0.0000 0.0000	</row1>
					<row2>	0.9984 0.0000 0.0565 0.0000	</row2>
					<row3>	-0.1357 0.5292 -2.8580 1.0000	</row3>
				</transform>
			</node>
			<node>
				<identifier>	MP_CM029_Emergency_Box_INDEX_4	</identifier>
				<transform>
					<row0>	0.0761 0.0000 0.9971 0.0000	</row0>
					<row1>	0.0000 1.0000 0.0000 0.0000	</row1>
					<row2>	-0.9971 0.0000 0.0761 0.0000	</row2>
					<row3>	0.4175 0.3482 -3.1412 1.0000	</row3>
				</transform>
			</node>
			<node>
				<identifier>	MP_CM029_Emergency_Box_INDEX_5	</identifier>
				<transform>
					<row0>	0.0565 0.0000 0.9984 0.0000	</row0>
					<row1>	0.0000 1.0000 0.0000 0.0000	</row1>
					<row2>	-0.9984 0.0000 0.0565 0.0000	</row2>
					<row3>	0.1357 0.5292 -2.8580 1.0000	</row3>
				</transform>
			</node>
			<node>
				<identifier>	MP_CM029_Emergency_Box_INDEX_6	</identifier>
				<transform>
					<row0>	0.0761 0.0000 -0.9971 0.0000	</row0>
					<row1>	0.0000 1.0000 0.0000 0.0000	</row1>
					<row2>	0.9971 0.0000 0.0761 0.0000	</row2>
					<row3>	-0.3783 0.3482 -3.6327 1.0000	</row3>
				</transform>
			</node>
			<node>
				<identifier>	MP_CM029_Emergency_Box_INDEX_7	</identifier>
				<transform>
					<row0>	0.0000 0.0000 -1.0000 0.0000	</row0>
					<row1>	0.0000 1.0000 0.0000 0.0000	</row1>
					<row2>	1.0000 0.0000 0.0000 0.0000	</row2>
					<row3>	-0.2058 0.4981 -0.3977 1.0000	</row3>
				</transform>
			</node>
			<node>
				<identifier>	MP_CM029_Emergency_Box_INDEX_8	</identifier>
				<transform>
					<row0>	0.0000 0.0000 1.0000 0.0000	</row0>
					<row1>	0.0000 1.0000 0.0000 0.0000	</row1>
					<row2>	-1.0000 0.0000 0.0000 0.0000	</row2>
					<row3>	0.5069 0.3478 -0.7320 1.0000	</row3>
				</transform>
			</node>
			<node>
				<identifier>	MP_CM029_Emergency_Box_INDEX_9	</identifier>
				<transform>
					<row0>	0.0354 0.0000 0.9994 0.0000	</row0>
					<row1>	0.0000 1.0000 0.0000 0.0000	</row1>
					<row2>	-0.9994 0.0000 0.0354 0.0000	</row2>
					<row3>	0.2052 0.5292 -1.3903 1.0000	</row3>
				</transform>
			</node>
			<node>
				<identifier>	MP_CM030_Swab_Rack_2	</identifier>
				<transform>
					<row0>	-1.0000 0.0000 0.0000 0.0000	</row0>
					<row1>	0.0000 1.0000 0.0000 0.0000	</row1>
					<row2>	0.0000 0.0000 -1.0000 0.0000	</row2>
					<row3>	0.0000 0.4596 -0.9503 1.0000	</row3>
				</transform>
			</node>
			<node>
				<identifier>	MP_CM030_Swab_Rack_2_INDEX_1	</identifier>
				<transform>
					<row0>	-0.6236 0.0000 -0.7817 0.0000	</row0>
					<row1>	0.0000 1.0000 0.0000 0.0000	</row1>
					<row2>	0.7817 0.0000 -0.6236 0.0000	</row2>
					<row3>	0.2815 0.2779 -4.3199 1.0000	</row3>
				</transform>
			</node>
			<node>
				<identifier>	MP_CM030_Swab_Rack_2_INDEX_2	</identifier>
				<transform>
					<row0>	-1.0000 0.0000 0.0000 0.0000	</row0>
					<row1>	0.0000 1.0000 0.0000 0.0000	</row1>
					<row2>	0.0000 0.0000 -1.0000 0.0000	</row2>
					<row3>	0.7144 0.2796 -0.6500 1.0000	</row3>
				</transform>
			</node>
			<node>
				<identifier>	MP_CM052_Fender	</identifier>
				<transform>
					<row0>	0.5622 0.0000 0.5691 0.0000	</row0>
					<row1>	0.0000 0.8000 0.0000 0.0000	</row1>
					<row2>	-0.5691 0.0000 0.5622 0.0000	</row2>
					<row3>	-0.3110 0.3069 -4.3753 1.0000	</row3>
				</transform>
			</node>
			<node>
				<identifier>	MP_CM052_Fender_INDEX_1	</identifier>
				<transform>
					<row0>	-0.2322 0.0000 0.7656 0.0000	</row0>
					<row1>	0.0000 0.8000 0.0000 0.0000	</row1>
					<row2>	-0.7656 0.0000 -0.2322 0.0000	</row2>
					<row3>	-0.3698 0.3069 -4.1986 1.0000	</row3>
				</transform>
			</node>
			<node>
				<identifier>	MP_CM052_Fender_INDEX_2	</identifier>
				<transform>
					<row0>	0.5622 0.0000 -0.5691 0.0000	</row0>
					<row1>	0.0000 0.8000 0.0000 0.0000	</row1>
					<row2>	0.5691 0.0000 0.5622 0.0000	</row2>
					<row3>	0.3110 0.3069 -4.3753 1.0000	</row3>
				</transform>
			</node>
			<node>
				<identifier>	MP_CM052_Fender_INDEX_3	</identifier>
				<transform>
					<row0>	-0.2322 0.0000 -0.7656 0.0000	</row0>
					<row1>	0.0000 0.8000 0.0000 0.0000	</row1>
					<row2>	0.7656 0.0000 -0.2322 0.0000	</row2>
					<row3>	0.3698 0.3069 -4.1986 1.0000	</row3>
				</transform>
			</node>
			<node>
				<identifier>	MP_CM056_Ships_bell	</identifier>
				<transform>
					<row0>	0.0000 0.0000 0.6841 0.0000	</row0>
					<row1>	0.0000 0.6841 0.0000 0.0000	</row1>
					<row2>	-0.6841 0.0000 0.0000 0.0000	</row2>
					<row3>	0.0386 0.7480 -2.4188 1.0000	</row3>
				</transform>
			</node>
			<node>
				<identifier>	MP_CM109_Leadsman_Platform	</identifier>
				<transform>
					<row0>	0.0000 -1.1796 0.0000 0.0000	</row0>
					<row1>	1.0544 0.0000 -0.0919 0.0000	</row1>
					<row2>	0.0968 0.0000 1.1109 0.0000	</row2>
					<row3>	0.8885 0.2748 -3.4246 1.0000	</row3>
				</transform>
			</node>
			<node>
				<identifier>	MP_CM109_Leadsman_Platform_INDEX_1	</identifier>
				<transform>
					<row0>	0.0000 -1.1796 0.0000 0.0000	</row0>
					<row1>	-1.0544 0.0000 -0.0919 0.0000	</row1>
					<row2>	0.0968 0.0000 -1.1109 0.0000	</row2>
					<row3>	-0.8885 0.2748 -3.4246 1.0000	</row3>
				</transform>
			</node>
			<node>
				<identifier>	MP_CM126_Cleat	</identifier>
				<transform>
					<row0>	-0.6894 0.0000 -0.1216 0.0000	</row0>
					<row1>	0.1216 0.0000 -0.6894 0.0000	</row1>
					<row2>	0.0000 -0.7000 0.0000 0.0000	</row2>
					<row3>	-0.8588 0.3467 -0.7440 1.0000	</row3>
				</transform>
			</node>
			<node>
				<identifier>	MP_CM126_Cleat_INDEX_1	</identifier>
				<transform>
					<row0>	0.3500 0.0000 -0.6062 0.0000	</row0>
					<row1>	0.6062 0.0000 0.3500 0.0000	</row1>
					<row2>	0.0000 -0.7000 0.0000 0.0000	</row2>
					<row3>	0.9675 0.5073 -0.5826 1.0000	</row3>
				</transform>
			</node>
			<node>
				<identifier>	MP_CM126_Cleat_INDEX_2	</identifier>
				<transform>
					<row0>	-0.6894 0.0000 0.1216 0.0000	</row0>
					<row1>	-0.1216 0.0000 -0.6894 0.0000	</row1>
					<row2>	0.0000 -0.7000 0.0000 0.0000	</row2>
					<row3>	0.8588 0.3467 -0.7440 1.0000	</row3>
				</transform>
			</node>
			<node>
				<identifier>	MP_CM126_Cleat_INDEX_3	</identifier>
				<transform>
					<row0>	0.3500 0.0000 0.6062 0.0000	</row0>
					<row1>	-0.6062 0.0000 0.3500 0.0000	</row1>
					<row2>	0.0000 -0.7000 0.0000 0.0000	</row2>
					<row3>	-0.9675 0.5073 -0.5826 1.0000	</row3>
				</transform>
			</node>
			<node>
				<identifier>	MP_RM028_Signal_Lamp	</identifier>
				<transform>
					<row0>	0.0000 0.0000 -1.2071 0.0000	</row0>
					<row1>	0.0000 -1.2071 0.0000 0.0000	</row1>
					<row2>	-1.2071 0.0000 0.0000 0.0000	</row2>
					<row3>	0.0000 1.9553 -1.0045 1.0000	</row3>
				</transform>
			</node>
			<node>
				<identifier>	MP_RM029_Signal_Lamp	</identifier>
				<transform>
					<row0>	-1.8000 0.0000 0.0000 0.0000	</row0>
					<row1>	0.0000 1.8000 0.0000 0.0000	</row1>
					<row2>	0.0000 0.0000 -1.8000 0.0000	</row2>
					<row3>	0.0000 2.0070 -1.0393 1.0000	</row3>
				</transform>
			</node>
			<node>
				<identifier>	MP_RM054_Life_buoy	</identifier>
				<transform>
					<row0>	0.0872 0.0000 0.9962 0.0000	</row0>
					<row1>	0.0000 1.0000 0.0000 0.0000	</row1>
					<row2>	-0.9962 0.0000 0.0872 0.0000	</row2>
					<row3>	0.6909 0.3224 -5.1930 1.0000	</row3>
				</transform>
			</node>
			<node>
				<identifier>	MP_RM054_Life_buoy_INDEX_1	</identifier>
				<transform>
					<row0>	0.0872 0.0000 0.9962 0.0000	</row0>
					<row1>	0.0000 1.0000 0.0000 0.0000	</row1>
					<row2>	-0.9962 0.0000 0.0872 0.0000	</row2>
					<row3>	0.8864 0.3224 -3.2886 1.0000	</row3>
				</transform>
			</node>
			<node>
				<identifier>	MP_RM054_Life_buoy_INDEX_2	</identifier>
				<transform>
					<row0>	0.0872 0.0000 -0.9962 0.0000	</row0>
					<row1>	0.0000 1.0000 0.0000 0.0000	</row1>
					<row2>	0.9962 0.0000 0.0872 0.0000	</row2>
					<row3>	-0.8864 0.3224 -3.2886 1.0000	</row3>
				</transform>
			</node>
			<node>
				<identifier>	MP_RM054_Life_buoy_INDEX_3	</identifier>
				<transform>
					<row0>	0.0872 0.0000 -0.9962 0.0000	</row0>
					<row1>	0.0000 1.0000 0.0000 0.0000	</row1>
					<row2>	0.9962 0.0000 0.0872 0.0000	</row2>
					<row3>	-0.6909 0.3224 -5.1930 1.0000	</row3>
				</transform>
			</node>
			<node>
				<identifier>	MP_RM059_Fairlead	</identifier>
				<transform>
					<row0>	1.1279 -0.0006 -0.0480 0.0000	</row0>
					<row1>	0.0007 1.1289 0.0005 0.0000	</row1>
					<row2>	0.0480 -0.0006 1.1279 0.0000	</row2>
					<row3>	0.9309 0.2869 -2.3489 1.0000	</row3>
				</transform>
			</node>
			<node>
				<identifier>	MP_RM059_Fairlead_INDEX_1	</identifier>
				<transform>
					<row0>	1.1199 -0.0006 -0.1425 0.0000	</row0>
					<row1>	0.0007 1.1289 0.0005 0.0000	</row1>
					<row2>	0.1425 -0.0006 1.1199 0.0000	</row2>
					<row3>	0.6943 0.2870 -5.0498 1.0000	</row3>
				</transform>
			</node>
			<node>
				<identifier>	MP_RM059_Fairlead_INDEX_2	</identifier>
				<transform>
					<row0>	1.1279 0.0006 0.0480 0.0000	</row0>
					<row1>	-0.0007 1.1289 0.0005 0.0000	</row1>
					<row2>	-0.0480 -0.0006 1.1279 0.0000	</row2>
					<row3>	-0.9309 0.2869 -2.3489 1.0000	</row3>
				</transform>
			</node>
			<node>
				<identifier>	MP_RM059_Fairlead_INDEX_3	</identifier>
				<transform>
					<row0>	1.1199 0.0006 0.1425 0.0000	</row0>
					<row1>	-0.0007 1.1289 0.0005 0.0000	</row1>
					<row2>	-0.1425 -0.0006 1.1199 0.0000	</row2>
					<row3>	-0.6943 0.2870 -5.0498 1.0000	</row3>
				</transform>
			</node>
			<node>
				<identifier>	MP_RM065_Ammunition_Box	</identifier>
				<transform>
					<row0>	0.0000 0.0000 1.0000 0.0000	</row0>
					<row1>	0.0000 1.0000 0.0000 0.0000	</row1>
					<row2>	-1.0000 0.0000 0.0000 0.0000	</row2>
					<row3>	0.0221 0.6087 -2.3116 1.0000	</row3>
				</transform>
			</node>
			<node>
				<identifier>	MP_RM065_Ammunition_Box_INDEX_1	</identifier>
				<transform>
					<row0>	0.0000 0.0000 1.0000 0.0000	</row0>
					<row1>	0.0000 1.0000 0.0000 0.0000	</row1>
					<row2>	-1.0000 0.0000 0.0000 0.0000	</row2>
					<row3>	0.0221 0.6087 -2.3526 1.0000	</row3>
				</transform>
			</node>
			<node>
				<identifier>	MP_RM096_Paravane	</identifier>
				<transform>
					<row0>	0.0000 1.0000 0.0000 0.0000	</row0>
					<row1>	-0.9987 0.0000 -0.0518 0.0000	</row1>
					<row2>	-0.0518 0.0000 0.9987 0.0000	</row2>
					<row3>	-0.4400 0.3576 -2.9547 1.0000	</row3>
				</transform>
			</node>
			<node>
				<identifier>	MP_RM096_Paravane_INDEX_1	</identifier>
				<transform>
					<row0>	0.0000 -1.0000 0.0000 0.0000	</row0>
					<row1>	0.9987 0.0000 -0.0518 0.0000	</row1>
					<row2>	0.0518 0.0000 0.9987 0.0000	</row2>
					<row3>	0.4400 0.3576 -2.9547 1.0000	</row3>
				</transform>
			</node>
			<node>
				<identifier>	MP_RM139_Insulator	</identifier>
				<transform>
					<row0>	0.0000 -1.0000 0.0000 0.0000	</row0>
					<row1>	0.7254 0.0000 -0.0459 0.0000	</row1>
					<row2>	0.0632 0.0000 0.9980 0.0000	</row2>
					<row3>	0.1448 0.5908 -2.5946 1.0000	</row3>
				</transform>
			</node>
			<node>
				<identifier>	MP_RM139_Insulator_INDEX_1	</identifier>
				<transform>
					<row0>	0.0000 -1.0000 0.0000 0.0000	</row0>
					<row1>	0.7254 0.0000 -0.0459 0.0000	</row1>
					<row2>	0.0632 0.0000 0.9980 0.0000	</row2>
					<row3>	0.1423 0.5908 -2.6344 1.0000	</row3>
				</transform>
			</node>
			<node>
				<identifier>	MP_RM139_Insulator_INDEX_2	</identifier>
				<transform>
					<row0>	0.0000 1.0000 0.0000 0.0000	</row0>
					<row1>	-0.7254 0.0000 -0.0459 0.0000	</row1>
					<row2>	-0.0632 0.0000 0.9980 0.0000	</row2>
					<row3>	-0.1423 0.5908 -2.6344 1.0000	</row3>
				</transform>
			</node>
			<node>
				<identifier>	MP_RM139_Insulator_INDEX_3	</identifier>
				<transform>
					<row0>	0.0000 1.0000 0.0000 0.0000	</row0>
					<row1>	-0.7254 0.0000 -0.0459 0.0000	</row1>
					<row2>	-0.0632 0.0000 0.9980 0.0000	</row2>
					<row3>	-0.1448 0.5908 -2.5946 1.0000	</row3>
				</transform>
			</node>
			<node>
				<identifier>	MP_RM145_Turtles_Box	</identifier>
				<transform>
					<row0>	-0.1110 0.0000 0.9938 0.0000	</row0>
					<row1>	0.0000 1.0000 0.0000 0.0000	</row1>
					<row2>	-0.9938 0.0000 -0.1110 0.0000	</row2>
					<row3>	-0.3742 0.3070 -4.6481 1.0000	</row3>
				</transform>
			</node>
			<node>
				<identifier>	MP_RM145_Turtles_Box_INDEX_1	</identifier>
				<transform>
					<row0>	0.0000 0.0000 -1.0000 0.0000	</row0>
					<row1>	0.0000 1.0000 0.0000 0.0000	</row1>
					<row2>	1.0000 0.0000 0.0000 0.0000	</row2>
					<row3>	0.5032 0.3122 -1.2199 1.0000	</row3>
				</transform>
			</node>
			<node>
				<identifier>	MP_RM145_Turtles_Box_INDEX_2	</identifier>
				<transform>
					<row0>	-0.0657 0.0000 0.9978 0.0000	</row0>
					<row1>	0.0000 1.0000 0.0000 0.0000	</row1>
					<row2>	-0.9978 0.0000 -0.0657 0.0000	</row2>
					<row3>	-0.4011 0.3119 -3.3150 1.0000	</row3>
				</transform>
			</node>
			<node>
				<identifier>	MP_RM145_Turtles_Box_INDEX_3	</identifier>
				<transform>
					<row0>	-0.0657 0.0000 -0.9978 0.0000	</row0>
					<row1>	0.0000 1.0000 0.0000 0.0000	</row1>
					<row2>	0.9978 0.0000 -0.0657 0.0000	</row2>
					<row3>	0.4011 0.3119 -3.3150 1.0000	</row3>
				</transform>
			</node>
			<node>
				<identifier>	MP_RM145_Turtles_Box_INDEX_4	</identifier>
				<transform>
					<row0>	0.0000 0.0000 1.0000 0.0000	</row0>
					<row1>	0.0000 1.0000 0.0000 0.0000	</row1>
					<row2>	-1.0000 0.0000 0.0000 0.0000	</row2>
					<row3>	-0.1519 0.4820 -3.1569 1.0000	</row3>
				</transform>
			</node>
			<node>
				<identifier>	MP_RM145_Turtles_Box_INDEX_5	</identifier>
				<transform>
					<row0>	0.0000 0.0000 1.0000 0.0000	</row0>
					<row1>	0.0000 1.0000 0.0000 0.0000	</row1>
					<row2>	-1.0000 0.0000 0.0000 0.0000	</row2>
					<row3>	-0.5032 0.3122 -1.2199 1.0000	</row3>
				</transform>
			</node>
			<node>
				<identifier>	MP_RM145_Turtles_Box_INDEX_6	</identifier>
				<transform>
					<row0>	-1.0000 0.0000 0.0000 0.0000	</row0>
					<row1>	0.0000 1.0000 0.0000 0.0000	</row1>
					<row2>	0.0000 0.0000 -1.0000 0.0000	</row2>
					<row3>	0.0155 0.6341 -2.6506 1.0000	</row3>
				</transform>
			</node>
			<node>
				<identifier>	MP_RM145_Turtles_Box_INDEX_7	</identifier>
				<transform>
					<row0>	-0.1110 0.0000 -0.9938 0.0000	</row0>
					<row1>	0.0000 1.0000 0.0000 0.0000	</row1>
					<row2>	0.9938 0.0000 -0.1110 0.0000	</row2>
					<row3>	0.3742 0.3070 -4.6479 1.0000	</row3>
				</transform>
			</node>
			<node>
				<identifier>	MP_RM145_Turtles_Box_INDEX_8	</identifier>
				<transform>
					<row0>	0.0000 0.0000 -1.0000 0.0000	</row0>
					<row1>	0.0000 1.0000 0.0000 0.0000	</row1>
					<row2>	1.0000 0.0000 0.0000 0.0000	</row2>
					<row3>	0.1519 0.4820 -3.1569 1.0000	</row3>
				</transform>
			</node>
			<node>
				<identifier>	MP_RM148_Ammunition_Box	</identifier>
				<transform>
					<row0>	0.0901 0.0000 1.1966 0.0000	</row0>
					<row1>	0.0000 1.2000 0.0000 0.0000	</row1>
					<row2>	-1.1966 0.0000 0.0901 0.0000	</row2>
					<row3>	0.4183 0.2794 -3.3727 1.0000	</row3>
				</transform>
			</node>
			<node>
				<identifier>	MP_RM148_Ammunition_Box_INDEX_1	</identifier>
				<transform>
					<row0>	0.0901 0.0000 -1.1966 0.0000	</row0>
					<row1>	0.0000 1.2000 0.0000 0.0000	</row1>
					<row2>	1.1966 0.0000 0.0901 0.0000	</row2>
					<row3>	-0.4183 0.2794 -3.3727 1.0000	</row3>
				</transform>
			</node>
			<node>
				<identifier>	MP_RM148_Ammunition_Box_INDEX_10	</identifier>
				<transform>
					<row0>	0.0000 0.0000 -1.2000 0.0000	</row0>
					<row1>	0.0000 1.2000 0.0000 0.0000	</row1>
					<row2>	1.2000 0.0000 0.0000 0.0000	</row2>
					<row3>	-0.1727 0.4605 -3.2091 1.0000	</row3>
				</transform>
			</node>
			<node>
				<identifier>	MP_RM148_Ammunition_Box_INDEX_11	</identifier>
				<transform>
					<row0>	0.0440 0.0000 0.9990 0.0000	</row0>
					<row1>	0.0000 1.0000 0.0000 0.0000	</row1>
					<row2>	-0.9990 0.0000 0.0440 0.0000	</row2>
					<row3>	0.2179 0.4594 -1.3988 1.0000	</row3>
				</transform>
			</node>
			<node>
				<identifier>	MP_RM148_Ammunition_Box_INDEX_2	</identifier>
				<transform>
					<row0>	0.0440 0.0000 0.9990 0.0000	</row0>
					<row1>	0.0000 1.0000 0.0000 0.0000	</row1>
					<row2>	-0.9990 0.0000 0.0440 0.0000	</row2>
					<row3>	0.1957 0.4594 -1.9867 1.0000	</row3>
				</transform>
			</node>
			<node>
				<identifier>	MP_RM148_Ammunition_Box_INDEX_3	</identifier>
				<transform>
					<row0>	0.0000 0.0000 1.2000 0.0000	</row0>
					<row1>	0.0000 1.2000 0.0000 0.0000	</row1>
					<row2>	-1.2000 0.0000 0.0000 0.0000	</row2>
					<row3>	0.1727 0.4605 -3.2091 1.0000	</row3>
				</transform>
			</node>
			<node>
				<identifier>	MP_RM148_Ammunition_Box_INDEX_4	</identifier>
				<transform>
					<row0>	0.0000 0.0000 -1.2000 0.0000	</row0>
					<row1>	0.0000 1.2000 0.0000 0.0000	</row1>
					<row2>	1.2000 0.0000 0.0000 0.0000	</row2>
					<row3>	-0.0233 0.6097 -1.2460 1.0000	</row3>
				</transform>
			</node>
			<node>
				<identifier>	MP_RM148_Ammunition_Box_INDEX_5	</identifier>
				<transform>
					<row0>	0.0440 0.0000 -0.9990 0.0000	</row0>
					<row1>	0.0000 1.0000 0.0000 0.0000	</row1>
					<row2>	0.9990 0.0000 0.0440 0.0000	</row2>
					<row3>	-0.1957 0.4594 -1.9867 1.0000	</row3>
				</transform>
			</node>
			<node>
				<identifier>	MP_RM148_Ammunition_Box_INDEX_6	</identifier>
				<transform>
					<row0>	0.0000 0.0000 1.2000 0.0000	</row0>
					<row1>	0.0000 1.2000 0.0000 0.0000	</row1>
					<row2>	-1.2000 0.0000 0.0000 0.0000	</row2>
					<row3>	0.0233 0.6097 -1.2460 1.0000	</row3>
				</transform>
			</node>
			<node>
				<identifier>	MP_RM148_Ammunition_Box_INDEX_7	</identifier>
				<transform>
					<row0>	0.0440 0.0000 -0.9990 0.0000	</row0>
					<row1>	0.0000 1.0000 0.0000 0.0000	</row1>
					<row2>	0.9990 0.0000 0.0440 0.0000	</row2>
					<row3>	-0.2179 0.4594 -1.3988 1.0000	</row3>
				</transform>
			</node>
			<node>
				<identifier>	MP_RM148_Ammunition_Box_INDEX_8	</identifier>
				<transform>
					<row0>	0.0440 0.0000 0.9990 0.0000	</row0>
					<row1>	0.0000 1.0000 0.0000 0.0000	</row1>
					<row2>	-0.9990 0.0000 0.0440 0.0000	</row2>
					<row3>	0.1764 0.4594 -2.3947 1.0000	</row3>
				</transform>
			</node>
			<node>
				<identifier>	MP_RM148_Ammunition_Box_INDEX_9	</identifier>
				<transform>
					<row0>	0.0440 0.0000 -0.9990 0.0000	</row0>
					<row1>	0.0000 1.0000 0.0000 0.0000	</row1>
					<row2>	0.9990 0.0000 0.0440 0.0000	</row2>
					<row3>	-0.1764 0.4594 -2.3947 1.0000	</row3>
				</transform>
			</node>
			<node>
				<identifier>	MP_RM164_Lifeboat_5_5m	</identifier>
				<transform>
					<row0>	0.9901 0.0000 0.1404 0.0000	</row0>
					<row1>	0.0000 1.0000 0.0000 0.0000	</row1>
					<row2>	-0.1404 0.0000 0.9901 0.0000	</row2>
					<row3>	-0.7601 0.3295 -3.6167 1.0000	</row3>
				</transform>
			</node>
			<node>
				<identifier>	MP_RM164_Lifeboat_5_5m_INDEX_1	</identifier>
				<transform>
					<row0>	0.9901 0.0000 -0.1404 0.0000	</row0>
					<row1>	0.0000 1.0000 0.0000 0.0000	</row1>
					<row2>	0.1404 0.0000 0.9901 0.0000	</row2>
					<row3>	0.7601 0.3295 -3.6167 1.0000	</row3>
				</transform>
			</node>
			<node>
				<identifier>	MP_RM169_20_Oar_Longboat	</identifier>
				<transform>
					<row0>	0.9994 0.0000 -0.0352 0.0000	</row0>
					<row1>	0.0000 1.0000 0.0000 0.0000	</row1>
					<row2>	0.0352 0.0000 0.9994 0.0000	</row2>
					<row3>	0.8675 0.2815 -1.2359 1.0000	</row3>
				</transform>
			</node>
			<node>
				<identifier>	MP_RM169_20_Oar_Longboat_INDEX_1	</identifier>
				<transform>
					<row0>	0.9994 0.0000 0.0352 0.0000	</row0>
					<row1>	0.0000 1.0000 0.0000 0.0000	</row1>
					<row2>	-0.0352 0.0000 0.9994 0.0000	</row2>
					<row3>	-0.8675 0.2815 -1.2359 1.0000	</row3>
				</transform>
			</node>
			<node>
				<identifier>	MP_RM173_Signal_lanp_450mm_MSPl452	</identifier>
				<transform>
					<row0>	0.0000 0.0000 1.0000 0.0000	</row0>
					<row1>	0.0000 1.0000 0.0000 0.0000	</row1>
					<row2>	-1.0000 0.0000 0.0000 0.0000	</row2>
					<row3>	-0.1101 0.6159 -2.6892 1.0000	</row3>
				</transform>
			</node>
			<node>
				<identifier>	MP_RM173_Signal_lanp_450mm_MSPl452_INDEX_1	</identifier>
				<transform>
					<row0>	0.0000 0.0000 -1.0000 0.0000	</row0>
					<row1>	0.0000 1.0000 0.0000 0.0000	</row1>
					<row2>	1.0000 0.0000 0.0000 0.0000	</row2>
					<row3>	0.1101 0.6159 -2.6892 1.0000	</row3>
				</transform>
			</node>
			<node>
				<identifier>	MP_RM175_Searchlight_900mm_MPE9	</identifier>
				<transform>
					<row0>	1.0000 0.0000 0.0000 0.0000	</row0>
					<row1>	0.0000 1.0000 0.0000 0.0000	</row1>
					<row2>	0.0000 0.0000 1.0000 0.0000	</row2>
					<row3>	0.0000 0.7785 -2.5505 1.0000	</row3>
				</transform>
			</node>
			<node>
				<identifier>	MP_RM198_Manipulator_Searchlight	</identifier>
				<transform>
					<row0>	-0.6428 0.0000 0.7660 0.0000	</row0>
					<row1>	0.0000 1.0000 0.0000 0.0000	</row1>
					<row2>	-0.7660 0.0000 -0.6428 0.0000	</row2>
					<row3>	0.0436 1.3596 -1.1508 1.0000	</row3>
				</transform>
			</node>
			<node>
				<identifier>	MP_RM198_Manipulator_Searchlight_INDEX_1	</identifier>
				<transform>
					<row0>	-0.6428 0.0000 -0.7660 0.0000	</row0>
