<FSC030_Toulon_1940_Stern_ports.visual>
	<node>
		<identifier>	Scene Root	</identifier>
		<transform>
			<row0>	1.0000 0.0000 0.0000 0.0000	</row0>
			<row1>	0.0000 1.0000 0.0000 0.0000	</row1>
			<row2>	0.0000 0.0000 1.0000 0.0000	</row2>
			<row3>	0.0000 0.0000 0.0000 1.0000	</row3>
		</transform>
		<node>
			<identifier>	Stern_ports	</identifier>
			<transform>
				<row0>	1.0000 0.0000 0.0000 0.0000	</row0>
				<row1>	0.0000 1.0000 0.0000 0.0000	</row1>
				<row2>	0.0000 0.0000 1.0000 0.0000	</row2>
				<row3>	0.0000 0.0000 0.0000 1.0000	</row3>
			</transform>
			<node>
				<identifier>	HP_FGA_21	</identifier>
				<transform>
					<row0>	0.0000 0.0000 1.0000 0.0000	</row0>
					<row1>	0.0000 1.0000 0.0000 0.0000	</row1>
					<row2>	-1.0000 0.0000 0.0000 0.0000	</row2>
					<row3>	-0.4672 0.3280 -4.9331 1.0000	</row3>
				</transform>
			</node>
			<node>
				<identifier>	HP_FGA_22	</identifier>
				<transform>
					<row0>	0.0000 0.0000 -1.0000 0.0000	</row0>
					<row1>	0.0000 1.0000 0.0000 0.0000	</row1>
					<row2>	1.0000 0.0000 0.0000 0.0000	</row2>
					<row3>	0.4672 0.3280 -4.9331 1.0000	</row3>
				</transform>
			</node>
			<node>
				<identifier>	HP_FGA_23	</identifier>
				<transform>
					<row0>	-0.7071 0.0000 0.7071 0.0000	</row0>
					<row1>	0.0000 1.0000 0.0000 0.0000	</row1>
					<row2>	-0.7071 0.0000 -0.7071 0.0000	</row2>
					<row3>	-0.3736 0.3352 -5.6670 1.0000	</row3>
				</transform>
			</node>
			<node>
				<identifier>	HP_FGA_24	</identifier>
				<transform>
					<row0>	-0.7071 0.0000 -0.7071 0.0000	</row0>
					<row1>	0.0000 1.0000 0.0000 0.0000	</row1>
					<row2>	0.7071 0.0000 -0.7071 0.0000	</row2>
					<row3>	0.3736 0.3352 -5.6670 1.0000	</row3>
				</transform>
			</node>
			<node>
				<identifier>	HP_FGA_25	</identifier>
				<transform>
					<row0>	-1.0000 0.0000 0.0000 0.0000	</row0>
					<row1>	0.0000 1.0000 0.0000 0.0000	</row1>
					<row2>	0.0000 0.0000 -1.0000 0.0000	</row2>
					<row3>	-0.2902 0.3424 -6.0006 1.0000	</row3>
				</transform>
			</node>
			<node>
				<identifier>	HP_FGA_26	</identifier>
				<transform>
					<row0>	-1.0000 0.0000 0.0000 0.0000	</row0>
					<row1>	0.0000 1.0000 0.0000 0.0000	</row1>
					<row2>	0.0000 0.0000 -1.0000 0.0000	</row2>
					<row3>	0.2902 0.3424 -6.0006 1.0000	</row3>
				</transform>
			</node>
			<node>
				<identifier>	HP_FGS_8	</identifier>
				<transform>
					<row0>	-1.0000 0.0000 0.0000 0.0000	</row0>
					<row1>	0.0000 1.0000 0.0000 0.0000	</row1>
					<row2>	0.0000 0.0000 -1.0000 0.0000	</row2>
					<row3>	0.0000 0.3605 -4.6000 1.0000	</row3>
				</transform>
			</node>
			<node>
				<identifier>	HP_FX_Fire_4	</identifier>
				<transform>
					<row0>	1.0000 0.0000 0.0000 0.0000	</row0>
					<row1>	0.0000 1.0000 0.0000 0.0000	</row1>
					<row2>	0.0000 0.0000 1.0000 0.0000	</row2>
					<row3>	0.0000 0.3331 -5.3900 1.0000	</row3>
				</transform>
			</node>
			<node>
				<identifier>	HP_FX_RepairLight_left_2	</identifier>
				<transform>
					<row0>	-0.0774 0.0000 0.9970 0.0000	</row0>
					<row1>	0.0000 1.0000 0.0000 0.0000	</row1>
					<row2>	-0.9970 0.0000 -0.0774 0.0000	</row2>
					<row3>	-0.7066 0.3117 -4.4196 1.0000	</row3>
				</transform>
			</node>
			<node>
				<identifier>	HP_FX_WakeTraceBack	</identifier>
				<transform>
					<row0>	1.0000 0.0000 0.0000 0.0000	</row0>
					<row1>	0.0000 1.0000 0.0000 0.0000	</row1>
					<row2>	0.0000 0.0000 1.0000 0.0000	</row2>
					<row3>	0.0000 0.0000 -6.7452 1.0000	</row3>
				</transform>
			</node>
			<node>
				<identifier>	HP_FX_WakeTrace_screw_1	</identifier>
				<transform>
					<row0>	1.0000 0.0000 0.0000 0.0000	</row0>
					<row1>	0.0000 1.0000 0.0000 0.0000	</row1>
					<row2>	0.0000 0.0000 1.0000 0.0000	</row2>
					<row3>	-0.4560 -0.4330 -4.3940 1.0000	</row3>
				</transform>
			</node>
			<node>
				<identifier>	HP_FX_WakeTrace_screw_2	</identifier>
				<transform>
					<row0>	1.0000 0.0000 0.0000 0.0000	</row0>
					<row1>	0.0000 1.0000 0.0000 0.0000	</row1>
					<row2>	0.0000 0.0000 1.0000 0.0000	</row2>
					<row3>	-0.1799 -0.4222 -5.1967 1.0000	</row3>
				</transform>
			</node>
			<node>
				<identifier>	HP_FX_WakeTrace_screw_3	</identifier>
				<transform>
					<row0>	1.0000 0.0000 0.0000 0.0000	</row0>
					<row1>	0.0000 1.0000 0.0000 0.0000	</row1>
					<row2>	0.0000 0.0000 1.0000 0.0000	</row2>
					<row3>	0.1800 -0.4235 -5.1967 1.0000	</row3>
				</transform>
			</node>
			<node>
				<identifier>	HP_FX_WakeTrace_screw_4	</identifier>
				<transform>
					<row0>	1.0000 0.0000 0.0000 0.0000	</row0>
					<row1>	0.0000 1.0000 0.0000 0.0000	</row1>
					<row2>	0.0000 0.0000 1.0000 0.0000	</row2>
					<row3>	0.4560 -0.4330 -4.3940 1.0000	</row3>
				</transform>
			</node>
			<node>
				<identifier>	HP_Ship_death_3	</identifier>
				<transform>
					<row0>	1.0000 0.0000 0.0000 0.0000	</row0>
					<row1>	0.0000 1.0000 0.0000 0.0000	</row1>
					<row2>	0.0000 0.0000 1.0000 0.0000	</row2>
					<row3>	0.0000 0.0000 -4.2093 1.0000	</row3>
				</transform>
			</node>
			<node>
				<identifier>	MP_CM011_Fire_Fighting_Gear	</identifier>
				<transform>
					<row0>	0.0000 0.0000 -1.0000 0.0000	</row0>
					<row1>	0.0000 1.0000 0.0000 0.0000	</row1>
					<row2>	1.0000 0.0000 0.0000 0.0000	</row2>
					<row3>	-0.3190 0.3323 -5.1669 1.0000	</row3>
				</transform>
			</node>
			<node>
				<identifier>	MP_CM011_Fire_Fighting_Gear_INDEX_1	</identifier>
				<transform>
					<row0>	0.0000 0.0000 1.0000 0.0000	</row0>
					<row1>	0.0000 1.0000 0.0000 0.0000	</row1>
					<row2>	-1.0000 0.0000 0.0000 0.0000	</row2>
					<row3>	0.3190 0.3323 -5.1669 1.0000	</row3>
				</transform>
			</node>
			<node>
				<identifier>	MP_CM013_Fire_Hose_Rack_2	</identifier>
				<transform>
					<row0>	-0.9574 0.0000 0.0000 0.0000	</row0>
					<row1>	0.0000 0.9574 0.0000 0.0000	</row1>
					<row2>	0.0000 0.0000 -0.9574 0.0000	</row2>
					<row3>	0.0424 0.3509 -5.2289 1.0000	</row3>
				</transform>
			</node>
			<node>
				<identifier>	MP_CM013_Fire_Hose_Rack_2_INDEX_1	</identifier>
				<transform>
					<row0>	0.9574 0.0000 0.0000 0.0000	</row0>
					<row1>	0.0000 0.9574 0.0000 0.0000	</row1>
					<row2>	0.0000 0.0000 0.9574 0.0000	</row2>
					<row3>	-0.0424 0.3509 -5.2289 1.0000	</row3>
				</transform>
			</node>
			<node>
				<identifier>	MP_CM161_Propeller_4_8m_BB_R	</identifier>
				<transform>
					<row0>	0.9129 0.0006 0.0453 0.0000	</row0>
					<row1>	0.0006 0.9136 -0.0253 0.0000	</row1>
					<row2>	-0.0453 0.0253 0.9125 0.0000	</row2>
					<row3>	0.4562 -0.4327 -4.3942 1.0000	</row3>
				</transform>
			</node>
			<node>
				<identifier>	MP_CM161_Propeller_4_8m_BB_R_INDEX_1	</identifier>
				<transform>
					<row0>	0.9136 0.0000 0.0000 0.0000	</row0>
					<row1>	0.0000 0.9129 -0.0364 0.0000	</row1>
					<row2>	0.0000 0.0364 0.9129 0.0000	</row2>
					<row3>	0.1802 -0.4234 -5.1967 1.0000	</row3>
				</transform>
			</node>
			<node>
				<identifier>	MP_CM162_Propeller_4_8m_BB_L	</identifier>
				<transform>
					<row0>	0.9129 -0.0006 -0.0453 0.0000	</row0>
					<row1>	-0.0006 0.9136 -0.0253 0.0000	</row1>
					<row2>	0.0453 0.0253 0.9125 0.0000	</row2>
					<row3>	-0.4562 -0.4327 -4.3942 1.0000	</row3>
				</transform>
			</node>
			<node>
				<identifier>	MP_CM162_Propeller_4_8m_BB_L_INDEX_1	</identifier>
				<transform>
					<row0>	0.9136 0.0000 0.0000 0.0000	</row0>
					<row1>	0.0000 0.9129 -0.0364 0.0000	</row1>
					<row2>	0.0000 0.0364 0.9129 0.0000	</row2>
					<row3>	-0.1802 -0.4234 -5.1967 1.0000	</row3>
				</transform>
			</node>
			<node>
				<identifier>	MP_FM015_Life_Buoy	</identifier>
				<transform>
					<row0>	0.0696 0.0000 -0.9976 0.0000	</row0>
					<row1>	0.0000 1.0000 0.0000 0.0000	</row1>
					<row2>	0.9976 0.0000 0.0696 0.0000	</row2>
					<row3>	-0.6818 0.3792 -4.6895 1.0000	</row3>
				</transform>
			</node>
			<node>
				<identifier>	MP_FM015_Life_Buoy_INDEX_1	</identifier>
				<transform>
					<row0>	0.0696 0.0000 0.9976 0.0000	</row0>
					<row1>	0.0000 1.0000 0.0000 0.0000	</row1>
					<row2>	-0.9976 0.0000 0.0696 0.0000	</row2>
					<row3>	0.6818 0.3792 -4.6895 1.0000	</row3>
				</transform>
			</node>
			<node>
				<identifier>	MP_FM016_Reels	</identifier>
				<transform>
					<row0>	0.0000 0.0000 -0.7761 0.0000	</row0>
					<row1>	0.0000 0.7761 0.0000 0.0000	</row1>
					<row2>	0.7761 0.0000 0.0000 0.0000	</row2>
					<row3>	-0.3771 0.3252 -4.5313 1.0000	</row3>
				</transform>
			</node>
			<node>
				<identifier>	MP_FM016_Reels_INDEX_1	</identifier>
				<transform>
					<row0>	0.0000 0.0000 0.7761 0.0000	</row0>
					<row1>	0.0000 0.7761 0.0000 0.0000	</row1>
					<row2>	-0.7761 0.0000 0.0000 0.0000	</row2>
					<row3>	0.3771 0.3252 -4.5313 1.0000	</row3>
				</transform>
			</node>
			<node>
				<identifier>	MP_FM019_Life_Bouy	</identifier>
				<transform>
					<row0>	0.9423 0.0000 -0.3346 0.0000	</row0>
					<row1>	0.0000 1.0000 0.0000 0.0000	</row1>
					<row2>	0.3346 0.0000 0.9423 0.0000	</row2>
					<row3>	0.5559 0.3090 -5.9544 1.0000	</row3>
				</transform>
			</node>
			<node>
				<identifier>	MP_FM019_Life_Bouy_INDEX_1	</identifier>
				<transform>
					<row0>	0.9423 0.0000 0.3346 0.0000	</row0>
					<row1>	0.0000 1.0000 0.0000 0.0000	</row1>
					<row2>	-0.3346 0.0000 0.9423 0.0000	</row2>
					<row3>	-0.5559 0.3090 -5.9544 1.0000	</row3>
				</transform>
			</node>
			<node>
				<identifier>	MP_FM707_Locker	</identifier>
				<transform>
					<row0>	-0.0055 0.0148 -0.9999 0.0000	</row0>
					<row1>	0.0008 0.9999 0.0148 0.0000	</row1>
					<row2>	1.0000 -0.0007 -0.0055 0.0000	</row2>
					<row3>	-0.2245 0.3384 -5.7765 1.0000	</row3>
				</transform>
			</node>
			<node>
				<identifier>	MP_FM707_Locker_INDEX_1	</identifier>
				<transform>
					<row0>	-0.0055 0.0148 -0.9999 0.0000	</row0>
					<row1>	0.0008 0.9999 0.0148 0.0000	</row1>
					<row2>	1.0000 -0.0007 -0.0055 0.0000	</row2>
					<row3>	-0.2245 0.3377 -5.7257 1.0000	</row3>
				</transform>
			</node>
			<node>
				<identifier>	MP_FM707_Locker_INDEX_10	</identifier>
				<transform>
					<row0>	-0.0006 0.0056 -1.0000 0.0000	</row0>
					<row1>	0.0002 1.0000 0.0056 0.0000	</row1>
					<row2>	1.0000 -0.0002 -0.0006 0.0000	</row2>
					<row3>	-0.3178 0.3298 -4.8749 1.0000	</row3>
				</transform>
			</node>
			<node>
				<identifier>	MP_FM707_Locker_INDEX_11	</identifier>
				<transform>
					<row0>	0.0055 -0.0148 0.9999 0.0000	</row0>
					<row1>	0.0008 0.9999 0.0148 0.0000	</row1>
					<row2>	-1.0000 0.0007 0.0055 0.0000	</row2>
					<row3>	0.2245 0.3377 -5.7257 1.0000	</row3>
				</transform>
			</node>
			<node>
				<identifier>	MP_FM707_Locker_INDEX_12	</identifier>
				<transform>
					<row0>	-0.0006 0.0056 -1.0000 0.0000	</row0>
					<row1>	0.0002 1.0000 0.0056 0.0000	</row1>
					<row2>	1.0000 -0.0002 -0.0006 0.0000	</row2>
					<row3>	-0.3178 0.3295 -4.8241 1.0000	</row3>
				</transform>
			</node>
			<node>
				<identifier>	MP_FM707_Locker_INDEX_13	</identifier>
				<transform>
					<row0>	0.0055 -0.0148 0.9999 0.0000	</row0>
					<row1>	0.0008 0.9999 0.0148 0.0000	</row1>
					<row2>	-1.0000 0.0007 0.0055 0.0000	</row2>
					<row3>	0.2245 0.3384 -5.7765 1.0000	</row3>
				</transform>
			</node>
			<node>
				<identifier>	MP_FM707_Locker_INDEX_14	</identifier>
				<transform>
					<row0>	0.0006 -0.0056 1.0000 0.0000	</row0>
					<row1>	0.0002 1.0000 0.0056 0.0000	</row1>
					<row2>	-1.0000 0.0002 0.0006 0.0000	</row2>
					<row3>	0.3178 0.3295 -4.8241 1.0000	</row3>
				</transform>
			</node>
			<node>
				<identifier>	MP_FM707_Locker_INDEX_15	</identifier>
				<transform>
					<row0>	0.0006 -0.0056 1.0000 0.0000	</row0>
					<row1>	0.0002 1.0000 0.0056 0.0000	</row1>
					<row2>	-1.0000 0.0002 0.0006 0.0000	</row2>
					<row3>	0.3178 0.3298 -4.8749 1.0000	</row3>
				</transform>
			</node>
			<node>
				<identifier>	MP_FM707_Locker_INDEX_16	</identifier>
				<transform>
					<row0>	0.0026 -0.0120 0.9999 0.0000	</row0>
					<row1>	-0.0012 0.9999 0.0121 0.0000	</row1>
					<row2>	-1.0000 -0.0012 0.0026 0.0000	</row2>
					<row3>	0.1582 0.3414 -5.9776 1.0000	</row3>
				</transform>
			</node>
			<node>
				<identifier>	MP_FM707_Locker_INDEX_17	</identifier>
				<transform>
					<row0>	-0.0026 0.0120 -0.9999 0.0000	</row0>
					<row1>	-0.0012 0.9999 0.0121 0.0000	</row1>
					<row2>	1.0000 0.0012 -0.0026 0.0000	</row2>
					<row3>	-0.1582 0.3414 -5.9776 1.0000	</row3>
				</transform>
			</node>
			<node>
				<identifier>	MP_FM707_Locker_INDEX_18	</identifier>
				<transform>
					<row0>	-0.0040 0.0119 -0.9999 0.0000	</row0>
					<row1>	0.0007 0.9999 0.0119 0.0000	</row1>
					<row2>	1.0000 -0.0006 -0.0040 0.0000	</row2>
					<row3>	-0.2245 0.3363 -5.6086 1.0000	</row3>
				</transform>
			</node>
			<node>
				<identifier>	MP_FM707_Locker_INDEX_19	</identifier>
				<transform>
					<row0>	0.0040 -0.0119 0.9999 0.0000	</row0>
					<row1>	0.0007 0.9999 0.0119 0.0000	</row1>
					<row2>	-1.0000 0.0006 0.0040 0.0000	</row2>
					<row3>	0.2245 0.3363 -5.6086 1.0000	</row3>
				</transform>
			</node>
			<node>
				<identifier>	MP_FM707_Locker_INDEX_2	</identifier>
				<transform>
					<row0>	0.0026 -0.0120 0.9999 0.0000	</row0>
					<row1>	-0.0012 0.9999 0.0121 0.0000	</row1>
					<row2>	-1.0000 -0.0012 0.0026 0.0000	</row2>
					<row3>	0.1582 0.3419 -6.0284 1.0000	</row3>
				</transform>
			</node>
			<node>
				<identifier>	MP_FM707_Locker_INDEX_3	</identifier>
				<transform>
					<row0>	0.0040 -0.0119 0.9999 0.0000	</row0>
					<row1>	0.0007 0.9999 0.0119 0.0000	</row1>
					<row2>	-1.0000 0.0006 0.0040 0.0000	</row2>
					<row3>	0.2245 0.3359 -5.5578 1.0000	</row3>
				</transform>
			</node>
			<node>
				<identifier>	MP_FM707_Locker_INDEX_4	</identifier>
				<transform>
					<row0>	-0.0040 0.0119 -0.9999 0.0000	</row0>
					<row1>	0.0007 0.9999 0.0119 0.0000	</row1>
					<row2>	1.0000 -0.0006 -0.0040 0.0000	</row2>
					<row3>	-0.2245 0.3359 -5.5578 1.0000	</row3>
				</transform>
			</node>
			<node>
				<identifier>	MP_FM707_Locker_INDEX_5	</identifier>
				<transform>
					<row0>	0.0000 0.0000 1.0000 0.0000	</row0>
					<row1>	0.0000 1.0000 0.0000 0.0000	</row1>
					<row2>	-1.0000 0.0000 0.0000 0.0000	</row2>
					<row3>	0.3178 0.3310 -4.9920 1.0000	</row3>
				</transform>
			</node>
			<node>
				<identifier>	MP_FM707_Locker_INDEX_6	</identifier>
				<transform>
					<row0>	0.0000 0.0000 -1.0000 0.0000	</row0>
					<row1>	0.0000 1.0000 0.0000 0.0000	</row1>
					<row2>	1.0000 0.0000 0.0000 0.0000	</row2>
					<row3>	-0.3178 0.3310 -4.9920 1.0000	</row3>
				</transform>
			</node>
			<node>
				<identifier>	MP_FM707_Locker_INDEX_7	</identifier>
				<transform>
					<row0>	-0.0026 0.0120 -0.9999 0.0000	</row0>
					<row1>	-0.0012 0.9999 0.0121 0.0000	</row1>
					<row2>	1.0000 0.0012 -0.0026 0.0000	</row2>
					<row3>	-0.1582 0.3419 -6.0284 1.0000	</row3>
				</transform>
			</node>
			<node>
				<identifier>	MP_FM707_Locker_INDEX_8	</identifier>
				<transform>
					<row0>	0.0000 0.0000 1.0000 0.0000	</row0>
					<row1>	0.0000 1.0000 0.0000 0.0000	</row1>
					<row2>	-1.0000 0.0000 0.0000 0.0000	</row2>
					<row3>	0.3178 0.3313 -5.0429 1.0000	</row3>
				</transform>
			</node>
			<node>
				<identifier>	MP_FM707_Locker_INDEX_9	</identifier>
				<transform>
					<row0>	0.0000 0.0000 -1.0000 0.0000	</row0>
					<row1>	0.0000 1.0000 0.0000 0.0000	</row1>
					<row2>	1.0000 0.0000 0.0000 0.0000	</row2>
					<row3>	-0.3178 0.3313 -5.0429 1.0000	</row3>
				</transform>
			</node>
			<node>
				<identifier>	MP_FM860_Running_Lights_Back	</identifier>
				<transform>
					<row0>	-1.0000 0.0000 0.0000 0.0000	</row0>
					<row1>	0.0000 1.0000 0.0000 0.0000	</row1>
					<row2>	0.0000 0.0000 -1.0000 0.0000	</row2>
					<row3>	0.0000 0.5160 -6.6834 1.0000	</row3>
				</transform>
			</node>
			<node>
				<identifier>	MP_FM860_Running_Lights_Back_INDEX_1	</identifier>
				<transform>
					<row0>	-1.0000 0.0000 0.0000 0.0000	</row0>
					<row1>	0.0000 1.0000 0.0000 0.0000	</row1>
					<row2>	0.0000 0.0000 -1.0000 0.0000	</row2>
					<row3>	0.0000 0.4430 -6.6834 1.0000	</row3>
				</transform>
			</node>
			<node>
				<identifier>	MP_FM950_Anchor_bottom	</identifier>
				<transform>
					<row0>	0.5568 0.0000 0.0000 0.0000	</row0>
					<row1>	0.0000 0.4817 0.2792 0.0000	</row1>
					<row2>	0.0000 -0.2792 0.4817 0.0000	</row2>
					<row3>	0.0000 0.2170 -6.7652 1.0000	</row3>
				</transform>
			</node>
			<node>
				<identifier>	MP_FM951_Anchor_up	</identifier>
				<transform>
					<row0>	0.5570 0.0000 0.0000 0.0000	</row0>
					<row1>	0.0000 0.4464 0.3331 0.0000	</row1>
					<row2>	0.0000 -0.3331 0.4464 0.0000	</row2>
					<row3>	0.0000 0.2170 -6.7652 1.0000	</row3>
				</transform>
			</node>
			<node>
				<identifier>	MP_FM953_Anchor_Capstan	</identifier>
				<transform>
					<row0>	1.0000 0.0000 0.0000 0.0000	</row0>
					<row1>	0.0000 1.0000 0.0000 0.0000	</row1>
					<row2>	0.0000 0.0000 1.0000 0.0000	</row2>
					<row3>	0.0000 0.3368 -5.5336 1.0000	</row3>
				</transform>
			</node>
		</node>
	</node>
	<boundingBox>
		<min>	-0.0667 -0.0667 -0.0667	</min>
		<max>	0.0667 0.0667 0.0667	</max>
	</boundingBox>
</FSC030_Toulon_1940_Stern_ports.visual>
