<GSB008_Friedrich_der_Grosse_1940_Bow_ports.visual>
	<node>
		<identifier>	Scene Root	</identifier>
		<transform>
			<row0>	1.0000 0.0000 0.0000 0.0000	</row0>
			<row1>	0.0000 1.0000 0.0000 0.0000	</row1>
			<row2>	0.0000 0.0000 1.0000 0.0000	</row2>
			<row3>	0.0000 0.0000 0.0000 1.0000	</row3>
		</transform>
		<node>
			<identifier>	Bow_ports	</identifier>
			<transform>
				<row0>	1.0000 0.0000 0.0000 0.0000	</row0>
				<row1>	0.0000 1.0000 0.0000 0.0000	</row1>
				<row2>	0.0000 0.0000 1.0000 0.0000	</row2>
				<row3>	0.0000 0.0000 0.0000 1.0000	</row3>
			</transform>
			<node>
				<identifier>	HP_FX_Death_1	</identifier>
				<transform>
					<row0>	1.0000 0.0000 0.0000 0.0000	</row0>
					<row1>	0.0000 1.0000 0.0000 0.0000	</row1>
					<row2>	0.0000 0.0000 1.0000 0.0000	</row2>
					<row3>	0.0000 0.0000 4.8213 1.0000	</row3>
				</transform>
			</node>
			<node>
				<identifier>	HP_FX_Fire_1	</identifier>
				<transform>
					<row0>	1.0000 0.0000 0.0000 0.0000	</row0>
					<row1>	0.0000 1.0000 0.0000 0.0000	</row1>
					<row2>	0.0000 0.0000 1.0000 0.0000	</row2>
					<row3>	0.0000 0.4894 6.5571 1.0000	</row3>
				</transform>
			</node>
			<node>
				<identifier>	HP_FX_WakeTrace	</identifier>
				<transform>
					<row0>	1.0000 0.0000 0.0000 0.0000	</row0>
					<row1>	0.0000 1.0000 0.0000 0.0000	</row1>
					<row2>	0.0000 0.0000 1.0000 0.0000	</row2>
					<row3>	0.0000 0.0000 8.8650 1.0000	</row3>
				</transform>
			</node>
			<node>
				<identifier>	HP_GGA_1	</identifier>
				<transform>
					<row0>	1.0000 0.0000 0.0000 0.0000	</row0>
					<row1>	0.0000 1.0000 0.0000 0.0000	</row1>
					<row2>	0.0000 0.0000 1.0000 0.0000	</row2>
					<row3>	-0.4636 0.4187 6.2069 1.0000	</row3>
				</transform>
			</node>
			<node>
				<identifier>	HP_GGA_2	</identifier>
				<transform>
					<row0>	1.0000 0.0000 0.0000 0.0000	</row0>
					<row1>	0.0000 1.0000 0.0000 0.0000	</row1>
					<row2>	0.0000 0.0000 1.0000 0.0000	</row2>
					<row3>	0.4636 0.4187 6.2069 1.0000	</row3>
				</transform>
			</node>
			<node>
				<identifier>	HP_Ship_death_1	</identifier>
				<transform>
					<row0>	1.0000 0.0000 0.0000 0.0000	</row0>
					<row1>	0.0000 1.0000 0.0000 0.0000	</row1>
					<row2>	0.0000 0.0000 1.0000 0.0000	</row2>
					<row3>	0.0000 0.0000 4.8213 1.0000	</row3>
				</transform>
			</node>
			<node>
				<identifier>	MP_CM109_Leadsman_Platform	</identifier>
				<transform>
					<row0>	-0.0115 -0.9983 0.0575 0.0000	</row0>
					<row1>	-0.9708 -0.0026 -0.2400 0.0000	</row1>
					<row2>	0.2398 -0.0586 -0.9691 0.0000	</row2>
					<row3>	0.4455 0.5051 7.9155 1.0000	</row3>
				</transform>
			</node>
			<node>
				<identifier>	MP_CM109_Leadsman_Platform_INDEX_1	</identifier>
				<transform>
					<row0>	0.0216 -0.9982 0.0552 0.0000	</row0>
					<row1>	0.9711 0.0078 -0.2384 0.0000	</row1>
					<row2>	0.2375 0.0588 0.9696 0.0000	</row2>
					<row3>	-0.4455 0.5064 7.9155 1.0000	</row3>
				</transform>
			</node>
			<node>
				<identifier>	MP_GM007_LifeBuoy	</identifier>
				<transform>
					<row0>	0.9812 0.0000 0.1929 0.0000	</row0>
					<row1>	0.0000 1.0000 0.0000 0.0000	</row1>
					<row2>	-0.1929 0.0000 0.9812 0.0000	</row2>
					<row3>	0.6764 0.4933 6.9138 1.0000	</row3>
				</transform>
			</node>
			<node>
				<identifier>	MP_GM007_LifeBuoy_INDEX_1	</identifier>
				<transform>
					<row0>	0.9807 0.0000 -0.1955 0.0000	</row0>
					<row1>	0.0000 1.0000 0.0000 0.0000	</row1>
					<row2>	0.1955 0.0000 0.9807 0.0000	</row2>
					<row3>	-0.6761 0.4933 6.9138 1.0000	</row3>
				</transform>
			</node>
			<node>
				<identifier>	MP_GM701_AmmoBox	</identifier>
				<transform>
					<row0>	0.0000 0.0305 0.9995 0.0000	</row0>
					<row1>	0.0000 0.9995 -0.0305 0.0000	</row1>
					<row2>	-1.0000 0.0000 0.0000 0.0000	</row2>
					<row3>	0.0318 0.4064 5.8190 1.0000	</row3>
				</transform>
			</node>
			<node>
				<identifier>	MP_GM701_AmmoBox_INDEX_1	</identifier>
				<transform>
					<row0>	0.0000 -0.0305 -0.9995 0.0000	</row0>
					<row1>	0.0000 0.9995 -0.0305 0.0000	</row1>
					<row2>	1.0000 0.0000 0.0000 0.0000	</row2>
					<row3>	-0.0318 0.4064 5.8190 1.0000	</row3>
				</transform>
			</node>
			<node>
				<identifier>	SP_YMS001_YHBM_M_1	</identifier>
				<transform>
					<row0>	1.2000 0.0000 0.0000 0.0000	</row0>
					<row1>	0.0000 1.1958 -0.1009 0.0000	</row1>
					<row2>	0.0000 0.1009 1.1958 0.0000	</row2>
					<row3>	0.0000 0.6161 9.3067 1.0000	</row3>
				</transform>
			</node>
			<node>
				<identifier>	SP_YMS002_YHBL_M_1	</identifier>
				<transform>
					<row0>	0.9926 0.0000 -0.1218 0.0000	</row0>
					<row1>	-0.0096 0.9969 -0.0780 0.0000	</row1>
					<row2>	0.1214 0.0786 0.9895 0.0000	</row2>
					<row3>	0.0000 0.6161 9.3056 1.0000	</row3>
				</transform>
			</node>
			<node>
				<identifier>	SP_YMS003_YHBR_M_1	</identifier>
				<transform>
					<row0>	0.9926 0.0000 0.1218 0.0000	</row0>
					<row1>	0.0096 0.9969 -0.0780 0.0000	</row1>
					<row2>	-0.1214 0.0786 0.9895 0.0000	</row2>
					<row3>	0.0000 0.6161 9.3056 1.0000	</row3>
				</transform>
			</node>
			<node>
				<identifier>	SP_YMS010_YHWM_L_1	</identifier>
				<transform>
					<row0>	0.9000 0.0000 0.0000 0.0000	</row0>
					<row1>	0.0000 0.9000 0.0000 0.0000	</row1>
					<row2>	0.0000 0.0000 0.9000 0.0000	</row2>
					<row3>	0.0000 0.0000 9.1057 1.0000	</row3>
				</transform>
			</node>
			<node>
				<identifier>	SP_YMS011_YHWL_M_1	</identifier>
				<transform>
					<row0>	1.1791 0.4890 -0.2460 0.0000	</row0>
					<row1>	-0.4787 1.2045 0.0998 0.0000	</row1>
					<row2>	0.2655 0.0000 1.2726 0.0000	</row2>
					<row3>	-0.3200 0.0000 7.3373 1.0000	</row3>
				</transform>
			</node>
			<node>
				<identifier>	SP_YMS011_YHWL_M_1_INDEX_1	</identifier>
				<transform>
					<row0>	1.1500 0.5637 -0.2230 0.0000	</row0>
					<row1>	-0.5524 1.1714 0.1124 0.0000	</row1>
					<row2>	0.2497 -0.0046 1.2758 0.0000	</row2>
					<row3>	-0.5342 0.0000 6.2547 1.0000	</row3>
				</transform>
			</node>
			<node>
				<identifier>	SP_YMS011_YHWL_M_1_INDEX_2	</identifier>
				<transform>
					<row0>	1.1552 0.5607 -0.2029 0.0000	</row0>
					<row1>	-0.5524 1.1729 0.0963 0.0000	</row1>
					<row2>	0.2245 0.0007 1.2805 0.0000	</row2>
					<row3>	-0.7407 0.0000 5.1710 1.0000	</row3>
				</transform>
			</node>
			<node>
				<identifier>	SP_YMS012_YHWR_M_1	</identifier>
				<transform>
					<row0>	1.1791 -0.4890 0.2460 0.0000	</row0>
					<row1>	0.4787 1.2045 0.0998 0.0000	</row1>
					<row2>	-0.2655 0.0000 1.2726 0.0000	</row2>
					<row3>	0.3200 0.0000 7.3373 1.0000	</row3>
				</transform>
			</node>
			<node>
				<identifier>	SP_YMS012_YHWR_M_1_INDEX_1	</identifier>
				<transform>
					<row0>	1.1500 -0.5637 0.2230 0.0000	</row0>
					<row1>	0.5524 1.1714 0.1124 0.0000	</row1>
					<row2>	-0.2497 -0.0046 1.2758 0.0000	</row2>
					<row3>	0.5342 0.0000 6.2547 1.0000	</row3>
				</transform>
			</node>
			<node>
				<identifier>	SP_YMS012_YHWR_M_1_INDEX_2	</identifier>
				<transform>
					<row0>	1.1552 -0.5607 0.2029 0.0000	</row0>
					<row1>	0.5524 1.1729 0.0963 0.0000	</row1>
					<row2>	-0.2245 0.0007 1.2805 0.0000	</row2>
					<row3>	0.7407 0.0000 5.1710 1.0000	</row3>
				</transform>
			</node>
			<node>
				<identifier>	SP_YMS020_YHBU_M_1	</identifier>
				<transform>
					<row0>	1.6943 0.0000 0.0000 0.0000	</row0>
					<row1>	0.0000 1.6943 0.0000 0.0000	</row1>
					<row2>	0.0000 0.0000 1.6943 0.0000	</row2>
					<row3>	0.0000 0.0000 8.6987 1.0000	</row3>
				</transform>
			</node>
			<node>
				<identifier>	SP_YMS051_YHDL_L_1	</identifier>
				<transform>
					<row0>	0.9852 -0.0066 -0.1715 0.0000	</row0>
					<row1>	0.0000 0.9993 -0.0382 0.0000	</row1>
					<row2>	0.1716 0.0376 0.9844 0.0000	</row2>
					<row3>	-0.7424 0.4446 6.7856 1.0000	</row3>
				</transform>
			</node>
			<node>
				<identifier>	SP_YMS052_YHDR_L_1	</identifier>
				<transform>
					<row0>	0.9852 0.0066 0.1715 0.0000	</row0>
					<row1>	0.0000 0.9993 -0.0382 0.0000	</row1>
					<row2>	-0.1716 0.0376 0.9844 0.0000	</row2>
					<row3>	0.7424 0.4446 6.7856 1.0000	</row3>
				</transform>
			</node>
			<node>
				<identifier>	SP_YMS071_YHHC_S_1	</identifier>
				<transform>
					<row0>	1.0000 0.0000 0.0000 0.0000	</row0>
					<row1>	0.0000 0.9983 -0.0577 0.0000	</row1>
					<row2>	0.0000 0.0577 0.9983 0.0000	</row2>
					<row3>	0.0000 0.4787 7.2303 1.0000	</row3>
				</transform>
			</node>
			<node>
				<identifier>	SP_YMS080_YHSL_M_1	</identifier>
				<transform>
					<row0>	0.8197 0.5337 -0.2079 0.0000	</row0>
					<row1>	-0.5174 0.8457 0.1312 0.0000	</row1>
					<row2>	0.2458 0.0000 0.9693 0.0000	</row2>
					<row3>	-0.3402 0.2378 7.5908 1.0000	</row3>
				</transform>
			</node>
			<node>
				<identifier>	SP_YMS080_YHSL_M_1_INDEX_1	</identifier>
				<transform>
					<row0>	0.7951 0.5888 -0.1453 0.0000	</row0>
					<row1>	-0.5820 0.8082 0.0898 0.0000	</row1>
					<row2>	0.1703 0.0131 0.9853 0.0000	</row2>
					<row3>	-0.6954 0.2100 5.9026 1.0000	</row3>
				</transform>
			</node>
			<node>
				<identifier>	SP_YMS081_YHSR_M_1	</identifier>
				<transform>
					<row0>	0.8197 -0.5337 0.2079 0.0000	</row0>
					<row1>	0.5174 0.8457 0.1312 0.0000	</row1>
					<row2>	-0.2458 0.0000 0.9693 0.0000	</row2>
					<row3>	0.3402 0.2378 7.5908 1.0000	</row3>
				</transform>
			</node>
			<node>
				<identifier>	SP_YMS081_YHSR_M_1_INDEX_1	</identifier>
				<transform>
					<row0>	0.7951 -0.5888 0.1453 0.0000	</row0>
					<row1>	0.5820 0.8082 0.0898 0.0000	</row1>
					<row2>	-0.1703 0.0131 0.9853 0.0000	</row2>
					<row3>	0.6954 0.2100 5.9026 1.0000	</row3>
				</transform>
			</node>
		</node>
	</node>
	<boundingBox>
		<min>	-0.0667 -0.0667 -0.0667	</min>
		<max>	0.0667 0.0667 0.0667	</max>
	</boundingBox>
</GSB008_Friedrich_der_Grosse_1940_Bow_ports.visual>
