<ASB007_Texas_1944_Stern_ports.visual>
	<node>
		<identifier>	Scene Root	</identifier>
		<transform>
			<row0>	1.0000 0.0000 0.0000 0.0000	</row0>
			<row1>	0.0000 1.0000 0.0000 0.0000	</row1>
			<row2>	0.0000 0.0000 1.0000 0.0000	</row2>
			<row3>	0.0000 0.0000 0.0000 1.0000	</row3>
		</transform>
		<node>
			<identifier>	Stern_ports	</identifier>
			<transform>
				<row0>	1.0000 0.0000 0.0000 0.0000	</row0>
				<row1>	0.0000 1.0000 0.0000 0.0000	</row1>
				<row2>	0.0000 0.0000 1.0000 0.0000	</row2>
				<row3>	0.0000 0.0000 0.0000 1.0000	</row3>
			</transform>
			<node>
				<identifier>	HP_AD_19	</identifier>
				<transform>
					<row0>	-1.0000 0.0000 0.0000 0.0000	</row0>
					<row1>	0.0000 1.0000 0.0000 0.0000	</row1>
					<row2>	0.0000 0.0000 -1.0000 0.0000	</row2>
					<row3>	-0.1008 0.4067 -4.8676 1.0000	</row3>
				</transform>
			</node>
			<node>
				<identifier>	HP_AD_20	</identifier>
				<transform>
					<row0>	-1.0000 0.0000 0.0000 0.0000	</row0>
					<row1>	0.0000 1.0000 0.0000 0.0000	</row1>
					<row2>	0.0000 0.0000 -1.0000 0.0000	</row2>
					<row3>	0.1008 0.4067 -4.8676 1.0000	</row3>
				</transform>
			</node>
			<node>
				<identifier>	HP_AGA_41	</identifier>
				<transform>
					<row0>	-0.7071 0.0000 0.7071 0.0000	</row0>
					<row1>	0.0000 1.0000 0.0000 0.0000	</row1>
					<row2>	-0.7071 0.0000 -0.7071 0.0000	</row2>
					<row3>	-0.5990 0.3742 -3.8439 1.0000	</row3>
				</transform>
			</node>
			<node>
				<identifier>	HP_AGA_42	</identifier>
				<transform>
					<row0>	-0.7071 0.0000 -0.7071 0.0000	</row0>
					<row1>	0.0000 1.0000 0.0000 0.0000	</row1>
					<row2>	0.7071 0.0000 -0.7071 0.0000	</row2>
					<row3>	0.5990 0.3742 -3.8439 1.0000	</row3>
				</transform>
			</node>
			<node>
				<identifier>	HP_AGA_43	</identifier>
				<transform>
					<row0>	-0.7071 0.0000 0.7071 0.0000	</row0>
					<row1>	0.0000 1.0000 0.0000 0.0000	</row1>
					<row2>	-0.7071 0.0000 -0.7071 0.0000	</row2>
					<row3>	-0.5402 0.3732 -4.0525 1.0000	</row3>
				</transform>
			</node>
			<node>
				<identifier>	HP_AGA_44	</identifier>
				<transform>
					<row0>	-0.7071 0.0000 -0.7071 0.0000	</row0>
					<row1>	0.0000 1.0000 0.0000 0.0000	</row1>
					<row2>	0.7071 0.0000 -0.7071 0.0000	</row2>
					<row3>	0.5402 0.3732 -4.0525 1.0000	</row3>
				</transform>
			</node>
			<node>
				<identifier>	HP_AGA_45	</identifier>
				<transform>
					<row0>	-0.7071 0.0000 0.7071 0.0000	</row0>
					<row1>	0.0000 1.0000 0.0000 0.0000	</row1>
					<row2>	-0.7071 0.0000 -0.7071 0.0000	</row2>
					<row3>	-0.3877 0.3728 -4.2047 1.0000	</row3>
				</transform>
			</node>
			<node>
				<identifier>	HP_AGA_46	</identifier>
				<transform>
					<row0>	-0.7071 0.0000 -0.7071 0.0000	</row0>
					<row1>	0.0000 1.0000 0.0000 0.0000	</row1>
					<row2>	0.7071 0.0000 -0.7071 0.0000	</row2>
					<row3>	0.3877 0.3728 -4.2047 1.0000	</row3>
				</transform>
			</node>
			<node>
				<identifier>	HP_AGA_47	</identifier>
				<transform>
					<row0>	-0.7071 0.0000 0.7071 0.0000	</row0>
					<row1>	0.0000 1.0000 0.0000 0.0000	</row1>
					<row2>	-0.7071 0.0000 -0.7071 0.0000	</row2>
					<row3>	-0.3648 0.3732 -4.5222 1.0000	</row3>
				</transform>
			</node>
			<node>
				<identifier>	HP_AGA_48	</identifier>
				<transform>
					<row0>	-0.7071 0.0000 -0.7071 0.0000	</row0>
					<row1>	0.0000 1.0000 0.0000 0.0000	</row1>
					<row2>	0.7071 0.0000 -0.7071 0.0000	</row2>
					<row3>	0.3648 0.3732 -4.5222 1.0000	</row3>
				</transform>
			</node>
			<node>
				<identifier>	HP_AGA_49	</identifier>
				<transform>
					<row0>	-0.7071 0.0000 0.7071 0.0000	</row0>
					<row1>	0.0000 1.0000 0.0000 0.0000	</row1>
					<row2>	-0.7071 0.0000 -0.7071 0.0000	</row2>
					<row3>	-0.2413 0.3715 -4.7360 1.0000	</row3>
				</transform>
			</node>
			<node>
				<identifier>	HP_AGA_50	</identifier>
				<transform>
					<row0>	-0.7071 0.0000 -0.7071 0.0000	</row0>
					<row1>	0.0000 1.0000 0.0000 0.0000	</row1>
					<row2>	0.7071 0.0000 -0.7071 0.0000	</row2>
					<row3>	0.2413 0.3715 -4.7360 1.0000	</row3>
				</transform>
			</node>
			<node>
				<identifier>	HP_AGA_51	</identifier>
				<transform>
					<row0>	-0.7071 0.0000 0.7071 0.0000	</row0>
					<row1>	0.0000 1.0000 0.0000 0.0000	</row1>
					<row2>	-0.7071 0.0000 -0.7071 0.0000	</row2>
					<row3>	-0.1829 0.3642 -5.1241 1.0000	</row3>
				</transform>
			</node>
			<node>
				<identifier>	HP_AGA_52	</identifier>
				<transform>
					<row0>	-0.7071 0.0000 -0.7071 0.0000	</row0>
					<row1>	0.0000 1.0000 0.0000 0.0000	</row1>
					<row2>	0.7071 0.0000 -0.7071 0.0000	</row2>
					<row3>	0.1829 0.3642 -5.1241 1.0000	</row3>
				</transform>
			</node>
			<node>
				<identifier>	HP_AGM_5	</identifier>
				<transform>
					<row0>	-1.0000 0.0000 0.0000 0.0000	</row0>
					<row1>	0.0000 1.0000 0.0000 0.0000	</row1>
					<row2>	0.0000 0.0000 -1.0000 0.0000	</row2>
					<row3>	0.0000 0.4571 -3.8412 1.0000	</row3>
				</transform>
			</node>
			<node>
				<identifier>	HP_FX_Fire_4	</identifier>
				<transform>
					<row0>	1.0000 0.0000 0.0000 0.0000	</row0>
					<row1>	0.0000 1.0000 0.0000 0.0000	</row1>
					<row2>	0.0000 0.0000 1.0000 0.0000	</row2>
					<row3>	0.0000 0.3856 -4.8071 1.0000	</row3>
				</transform>
			</node>
			<node>
				<identifier>	HP_FX_Flood_water_left	</identifier>
				<transform>
					<row0>	-0.9462 0.0000 -0.3235 0.0000	</row0>
					<row1>	0.0000 1.0000 0.0000 0.0000	</row1>
					<row2>	0.3235 0.0000 -0.9462 0.0000	</row2>
					<row3>	-0.7846 0.0560 -4.0160 1.0000	</row3>
				</transform>
			</node>
			<node>
				<identifier>	HP_FX_Flood_water_right	</identifier>
				<transform>
					<row0>	0.9588 0.0000 -0.2842 0.0000	</row0>
					<row1>	0.0000 1.0000 0.0000 0.0000	</row1>
					<row2>	0.2842 0.0000 0.9588 0.0000	</row2>
					<row3>	0.7846 0.0560 -4.0127 1.0000	</row3>
				</transform>
			</node>
			<node>
				<identifier>	HP_FX_RepairLight_right_2	</identifier>
				<transform>
					<row0>	-0.1181 0.0000 -0.9930 0.0000	</row0>
					<row1>	0.0172 0.9999 -0.0020 0.0000	</row1>
					<row2>	0.9928 -0.0173 -0.1181 0.0000	</row2>
					<row3>	0.6280 0.3880 -4.5070 1.0000	</row3>
				</transform>
			</node>
			<node>
				<identifier>	HP_FX_WakeTraceBack	</identifier>
				<transform>
					<row0>	1.0000 0.0000 0.0000 0.0000	</row0>
					<row1>	0.0000 1.0000 0.0000 0.0000	</row1>
					<row2>	0.0000 0.0000 1.0000 0.0000	</row2>
					<row3>	0.0000 0.0000 -5.7509 1.0000	</row3>
				</transform>
			</node>
			<node>
				<identifier>	HP_FX_WakeTrace_screw_1	</identifier>
				<transform>
					<row0>	1.0000 0.0000 0.0000 0.0000	</row0>
					<row1>	0.0000 1.0000 0.0000 0.0000	</row1>
					<row2>	0.0000 0.0000 1.0000 0.0000	</row2>
					<row3>	-0.3002 -0.3915 -5.2009 1.0000	</row3>
				</transform>
			</node>
			<node>
				<identifier>	HP_FX_WakeTrace_screw_2	</identifier>
				<transform>
					<row0>	1.0000 0.0000 0.0000 0.0000	</row0>
					<row1>	0.0000 1.0000 0.0000 0.0000	</row1>
					<row2>	0.0000 0.0000 1.0000 0.0000	</row2>
					<row3>	0.3002 -0.3915 -5.2009 1.0000	</row3>
				</transform>
			</node>
			<node>
				<identifier>	HP_Ship_death_3	</identifier>
				<transform>
					<row0>	1.0000 0.0000 0.0000 0.0000	</row0>
					<row1>	0.0000 1.0000 0.0000 0.0000	</row1>
					<row2>	0.0000 0.0000 1.0000 0.0000	</row2>
					<row3>	0.0000 0.0000 -3.4711 1.0000	</row3>
				</transform>
			</node>
			<node>
				<identifier>	MP_AM023_Hatch_1	</identifier>
				<transform>
					<row0>	1.0000 0.0000 0.0000 0.0000	</row0>
					<row1>	0.0000 1.0000 0.0000 0.0000	</row1>
					<row2>	0.0000 0.0000 1.0000 0.0000	</row2>
					<row3>	0.0000 0.3711 -4.2221 1.0000	</row3>
				</transform>
			</node>
			<node>
				<identifier>	MP_AM029_Ammunition_Box3	</identifier>
				<transform>
					<row0>	-0.8000 0.0000 0.0000 0.0000	</row0>
					<row1>	0.0000 0.8000 0.0000 0.0000	</row1>
					<row2>	0.0000 0.0000 -0.8000 0.0000	</row2>
					<row3>	-0.2800 0.3701 -4.8667 1.0000	</row3>
				</transform>
			</node>
			<node>
				<identifier>	MP_AM029_Ammunition_Box3_INDEX_1	</identifier>
				<transform>
					<row0>	-0.8000 0.0000 0.0000 0.0000	</row0>
					<row1>	0.0000 0.8000 0.0000 0.0000	</row1>
					<row2>	0.0000 0.0000 -0.8000 0.0000	</row2>
					<row3>	0.2267 0.3701 -4.8667 1.0000	</row3>
				</transform>
			</node>
			<node>
				<identifier>	MP_AM046_Running_Lights_B	</identifier>
				<transform>
					<row0>	-1.0000 0.0000 0.0000 0.0000	</row0>
					<row1>	0.0000 1.0000 0.0000 0.0000	</row1>
					<row2>	0.0000 0.0000 -1.0000 0.0000	</row2>
					<row3>	0.0000 0.5239 -5.6027 1.0000	</row3>
				</transform>
			</node>
			<node>
				<identifier>	MP_AM046_Running_Lights_B_INDEX_1	</identifier>
				<transform>
					<row0>	-1.0000 0.0000 0.0000 0.0000	</row0>
					<row1>	0.0000 1.0000 0.0000 0.0000	</row1>
					<row2>	0.0000 0.0000 -1.0000 0.0000	</row2>
					<row3>	0.0000 0.4991 -5.6031 1.0000	</row3>
				</transform>
			</node>
			<node>
				<identifier>	MP_AM129_Turtles_box	</identifier>
				<transform>
					<row0>	-1.0000 0.0000 0.0000 0.0000	</row0>
					<row1>	0.0000 1.0000 0.0000 0.0000	</row1>
					<row2>	0.0000 0.0000 -1.0000 0.0000	</row2>
					<row3>	-0.1008 0.4112 -4.9412 1.0000	</row3>
				</transform>
			</node>
			<node>
				<identifier>	MP_AM129_Turtles_box_INDEX_1	</identifier>
				<transform>
					<row0>	-1.0000 0.0000 0.0000 0.0000	</row0>
					<row1>	0.0000 1.0000 0.0000 0.0000	</row1>
					<row2>	0.0000 0.0000 -1.0000 0.0000	</row2>
					<row3>	0.1008 0.4112 -4.9412 1.0000	</row3>
				</transform>
			</node>
			<node>
				<identifier>	MP_AM201_Ventilation_6	</identifier>
				<transform>
					<row0>	0.7500 0.0000 0.0000 0.0000	</row0>
					<row1>	0.0000 0.7500 0.0000 0.0000	</row1>
					<row2>	0.0000 0.0000 0.7500 0.0000	</row2>
					<row3>	-0.0667 0.3321 -4.7733 1.0000	</row3>
				</transform>
			</node>
			<node>
				<identifier>	MP_AM201_Ventilation_6_INDEX_1	</identifier>
				<transform>
					<row0>	0.7500 0.0000 0.0000 0.0000	</row0>
					<row1>	0.0000 0.7500 0.0000 0.0000	</row1>
					<row2>	0.0000 0.0000 0.7500 0.0000	</row2>
					<row3>	0.1545 0.3274 -4.3851 1.0000	</row3>
				</transform>
			</node>
			<node>
				<identifier>	MP_AM201_Ventilation_6_INDEX_2	</identifier>
				<transform>
					<row0>	0.7500 0.0000 0.0000 0.0000	</row0>
					<row1>	0.0000 0.7500 0.0000 0.0000	</row1>
					<row2>	0.0000 0.0000 0.7500 0.0000	</row2>
					<row3>	0.0667 0.3321 -4.7733 1.0000	</row3>
				</transform>
			</node>
			<node>
				<identifier>	MP_AM201_Ventilation_6_INDEX_3	</identifier>
				<transform>
					<row0>	1.0000 0.0000 0.0000 0.0000	</row0>
					<row1>	0.0000 1.0000 0.0000 0.0000	</row1>
					<row2>	0.0000 0.0000 1.0000 0.0000	</row2>
					<row3>	0.4955 0.2924 -3.5745 1.0000	</row3>
				</transform>
			</node>
			<node>
				<identifier>	MP_AM201_Ventilation_6_INDEX_4	</identifier>
				<transform>
					<row0>	1.0000 0.0000 0.0000 0.0000	</row0>
					<row1>	0.0000 1.0000 0.0000 0.0000	</row1>
					<row2>	0.0000 0.0000 1.0000 0.0000	</row2>
					<row3>	-0.5133 0.2924 -3.4953 1.0000	</row3>
				</transform>
			</node>
			<node>
				<identifier>	MP_AM201_Ventilation_6_INDEX_5	</identifier>
				<transform>
					<row0>	0.7500 0.0000 0.0000 0.0000	</row0>
					<row1>	0.0000 0.7500 0.0000 0.0000	</row1>
					<row2>	0.0000 0.0000 0.7500 0.0000	</row2>
					<row3>	-0.1828 0.3274 -4.3851 1.0000	</row3>
				</transform>
			</node>
			<node>
				<identifier>	MP_AM218_Hatch	</identifier>
				<transform>
					<row0>	-1.0000 0.0000 0.0000 0.0000	</row0>
					<row1>	0.0000 1.0000 0.0016 0.0000	</row1>
					<row2>	0.0000 0.0016 -1.0000 0.0000	</row2>
					<row3>	0.2150 0.3736 -4.2178 1.0000	</row3>
				</transform>
			</node>
			<node>
				<identifier>	MP_AM218_Hatch_INDEX_1	</identifier>
				<transform>
					<row0>	-1.0000 0.0000 0.0000 0.0000	</row0>
					<row1>	0.0000 1.0000 0.0016 0.0000	</row1>
					<row2>	0.0000 0.0016 -1.0000 0.0000	</row2>
					<row3>	-0.2150 0.3736 -4.2178 1.0000	</row3>
				</transform>
			</node>
			<node>
				<identifier>	MP_AM219_Bollard	</identifier>
				<transform>
					<row0>	0.9830 0.0000 -0.6883 0.0000	</row0>
					<row1>	0.0000 1.2000 0.0000 0.0000	</row1>
					<row2>	0.6883 0.0000 0.9830 0.0000	</row2>
					<row3>	0.1400 0.3612 -5.4593 1.0000	</row3>
				</transform>
			</node>
			<node>
				<identifier>	MP_AM219_Bollard_INDEX_1	</identifier>
				<transform>
					<row0>	0.9830 0.0000 0.6883 0.0000	</row0>
					<row1>	0.0000 1.2000 0.0000 0.0000	</row1>
					<row2>	-0.6883 0.0000 0.9830 0.0000	</row2>
					<row3>	-0.1400 0.3612 -5.4593 1.0000	</row3>
				</transform>
			</node>
			<node>
				<identifier>	MP_AM219_Bollard_INDEX_2	</identifier>
				<transform>
					<row0>	1.0876 0.0000 -0.5071 0.0000	</row0>
					<row1>	-0.0096 1.1998 -0.0206 0.0000	</row1>
					<row2>	0.5070 0.0228 1.0874 0.0000	</row2>
					<row3>	0.4009 0.3693 -4.9537 1.0000	</row3>
				</transform>
			</node>
			<node>
				<identifier>	MP_AM219_Bollard_INDEX_3	</identifier>
				<transform>
					<row0>	1.0876 0.0000 0.5071 0.0000	</row0>
					<row1>	0.0096 1.1998 -0.0206 0.0000	</row1>
					<row2>	-0.5070 0.0228 1.0874 0.0000	</row2>
					<row3>	-0.4009 0.3693 -4.9537 1.0000	</row3>
				</transform>
			</node>
			<node>
				<identifier>	MP_AM308_Fairlead	</identifier>
				<transform>
					<row0>	0.9930 0.0000 -0.1181 0.0000	</row0>
					<row1>	-0.0005 1.0000 -0.0039 0.0000	</row1>
					<row2>	0.1417 0.0047 1.1916 0.0000	</row2>
					<row3>	0.8191 0.3722 -3.5507 1.0000	</row3>
				</transform>
			</node>
			<node>
				<identifier>	MP_AM308_Fairlead_INDEX_1	</identifier>
				<transform>
					<row0>	-0.9930 0.0000 -0.1181 0.0000	</row0>
					<row1>	0.0005 1.0000 -0.0039 0.0000	</row1>
					<row2>	0.1417 -0.0047 -1.1916 0.0000	</row2>
					<row3>	-0.8191 0.3722 -3.5507 1.0000	</row3>
				</transform>
			</node>
			<node>
				<identifier>	MP_AM308_Fairlead_INDEX_2	</identifier>
				<transform>
					<row0>	0.9713 0.0000 -0.2378 0.0000	</row0>
					<row1>	-0.0016 1.0000 -0.0064 0.0000	</row1>
					<row2>	0.2853 0.0079 1.1656 0.0000	</row2>
					<row3>	0.6049 0.3703 -4.5471 1.0000	</row3>
				</transform>
			</node>
			<node>
				<identifier>	MP_AM308_Fairlead_INDEX_3	</identifier>
				<transform>
					<row0>	-0.9713 0.0000 -0.2378 0.0000	</row0>
					<row1>	0.0016 1.0000 -0.0064 0.0000	</row1>
					<row2>	0.2853 -0.0079 -1.1656 0.0000	</row2>
					<row3>	-0.6049 0.3703 -4.5471 1.0000	</row3>
				</transform>
			</node>
			<node>
				<identifier>	MP_AM329_Ventilation	</identifier>
				<transform>
					<row0>	1.0000 0.0000 0.0000 0.0000	</row0>
					<row1>	0.0000 1.0000 0.0000 0.0000	</row1>
					<row2>	0.0000 0.0000 1.0000 0.0000	</row2>
					<row3>	-0.0368 0.2177 -5.2747 1.0000	</row3>
				</transform>
			</node>
			<node>
				<identifier>	MP_AM377_Ventilators	</identifier>
				<transform>
					<row0>	1.0000 0.0000 0.0000 0.0000	</row0>
					<row1>	0.0000 1.0000 0.0000 0.0000	</row1>
					<row2>	0.0000 0.0000 1.0000 0.0000	</row2>
					<row3>	-0.4803 0.3738 -3.7063 1.0000	</row3>
				</transform>
			</node>
			<node>
				<identifier>	MP_AM377_Ventilators_INDEX_1	</identifier>
				<transform>
					<row0>	1.0000 0.0000 0.0000 0.0000	</row0>
					<row1>	0.0000 1.0000 0.0000 0.0000	</row1>
					<row2>	0.0000 0.0000 1.0000 0.0000	</row2>
					<row3>	-0.3806 0.3738 -3.4701 1.0000	</row3>
				</transform>
			</node>
			<node>
				<identifier>	MP_AM377_Ventilators_INDEX_2	</identifier>
				<transform>
					<row0>	1.0000 0.0000 0.0000 0.0000	</row0>
					<row1>	0.0000 1.0000 0.0000 0.0000	</row1>
					<row2>	0.0000 0.0000 1.0000 0.0000	</row2>
					<row3>	0.4264 0.3752 -3.4970 1.0000	</row3>
				</transform>
			</node>
			<node>
				<identifier>	MP_AM442_Multipole_Switch	</identifier>
				<transform>
					<row0>	0.5000 0.0000 0.8660 0.0000	</row0>
					<row1>	0.0000 1.0000 0.0000 0.0000	</row1>
					<row2>	-0.8660 0.0000 0.5000 0.0000	</row2>
					<row3>	0.1123 0.4210 -5.3127 1.0000	</row3>
				</transform>
			</node>
			<node>
				<identifier>	MP_AM442_Multipole_Switch_INDEX_1	</identifier>
				<transform>
					<row0>	0.5000 0.0000 -0.8660 0.0000	</row0>
					<row1>	0.0000 1.0000 0.0000 0.0000	</row1>
					<row2>	0.8660 0.0000 0.5000 0.0000	</row2>
					<row3>	-0.1123 0.4210 -5.3127 1.0000	</row3>
				</transform>
			</node>
			<node>
				<identifier>	MP_CM001_Propeller3_L	</identifier>
				<transform>
					<row0>	1.0550 -0.0042 -0.0077 0.0000	</row0>
					<row1>	0.0042 1.0550 -0.0056 0.0000	</row1>
					<row2>	0.0077 0.0055 1.0550 0.0000	</row2>
					<row3>	-0.3002 -0.3915 -5.2009 1.0000	</row3>
				</transform>
			</node>
			<node>
				<identifier>	MP_CM011_Fire_Fighting_Gear	</identifier>
				<transform>
					<row0>	1.0000 0.0000 0.0000 0.0000	</row0>
					<row1>	0.0000 1.0000 0.0000 0.0000	</row1>
					<row2>	0.0000 0.0000 1.0000 0.0000	</row2>
					<row3>	-0.3094 0.3750 -3.7885 1.0000	</row3>
				</transform>
			</node>
			<node>
				<identifier>	MP_CM011_Fire_Fighting_Gear_INDEX_1	</identifier>
				<transform>
					<row0>	1.0000 0.0000 0.0000 0.0000	</row0>
					<row1>	0.0000 1.0000 0.0000 0.0000	</row1>
					<row2>	0.0000 0.0000 1.0000 0.0000	</row2>
					<row3>	0.3093 0.3750 -3.7885 1.0000	</row3>
				</transform>
			</node>
			<node>
				<identifier>	MP_CM032_Propeller3_R	</identifier>
				<transform>
					<row0>	1.0550 0.0042 0.0077 0.0000	</row0>
					<row1>	-0.0042 1.0550 -0.0056 0.0000	</row1>
					<row2>	-0.0077 0.0055 1.0550 0.0000	</row2>
					<row3>	0.3002 -0.3915 -5.2009 1.0000	</row3>
				</transform>
			</node>
		</node>
	</node>
	<boundingBox>
		<min>	-0.0667 -0.0667 -0.0667	</min>
		<max>	0.0667 0.0667 0.0667	</max>
	</boundingBox>
</ASB007_Texas_1944_Stern_ports.visual>
