<RSB015_Sovetskaya_Rossiya_1953_Bow_ports.visual>
	<node>
		<identifier>	Scene Root	</identifier>
		<transform>
			<row0>	1.0000 0.0000 0.0000 0.0000	</row0>
			<row1>	0.0000 1.0000 0.0000 0.0000	</row1>
			<row2>	0.0000 0.0000 1.0000 0.0000	</row2>
			<row3>	0.0000 0.0000 0.0000 1.0000	</row3>
		</transform>
		<node>
			<identifier>	Bow_ports	</identifier>
			<transform>
				<row0>	1.0000 0.0000 0.0000 0.0000	</row0>
				<row1>	0.0000 1.0000 0.0000 0.0000	</row1>
				<row2>	0.0000 0.0000 1.0000 0.0000	</row2>
				<row3>	0.0000 0.0000 0.0000 1.0000	</row3>
			</transform>
			<node>
				<identifier>	HP_FX_Death_1	</identifier>
				<transform>
					<row0>	1.0000 0.0000 0.0000 0.0000	</row0>
					<row1>	0.0000 1.0000 0.0000 0.0000	</row1>
					<row2>	0.0000 0.0000 1.0000 0.0000	</row2>
					<row3>	0.0000 0.0000 5.7957 1.0000	</row3>
				</transform>
			</node>
			<node>
				<identifier>	HP_FX_Fire_1	</identifier>
				<transform>
					<row0>	1.0000 0.0000 0.0000 0.0000	</row0>
					<row1>	0.0000 1.0000 0.0000 0.0000	</row1>
					<row2>	0.0000 0.0000 1.0000 0.0000	</row2>
					<row3>	0.0000 0.6304 7.6683 1.0000	</row3>
				</transform>
			</node>
			<node>
				<identifier>	HP_FX_Flood_steam_left	</identifier>
				<transform>
					<row0>	-1.0000 0.0000 0.0000 0.0000	</row0>
					<row1>	0.0000 1.0000 0.0000 0.0000	</row1>
					<row2>	0.0000 0.0000 -1.0000 0.0000	</row2>
					<row3>	-0.8370 0.3680 5.1750 1.0000	</row3>
				</transform>
			</node>
			<node>
				<identifier>	HP_FX_Flood_water_left_4	</identifier>
				<transform>
					<row0>	-1.0000 0.0000 0.0000 0.0000	</row0>
					<row1>	0.0000 1.0000 0.0000 0.0000	</row1>
					<row2>	0.0000 0.0000 -1.0000 0.0000	</row2>
					<row3>	-0.9897 0.0155 3.6521 1.0000	</row3>
				</transform>
			</node>
			<node>
				<identifier>	HP_FX_Flood_water_right_4	</identifier>
				<transform>
					<row0>	1.0000 0.0000 0.0000 0.0000	</row0>
					<row1>	0.0000 1.0000 0.0000 0.0000	</row1>
					<row2>	0.0000 0.0000 1.0000 0.0000	</row2>
					<row3>	0.9853 0.0187 3.6952 1.0000	</row3>
				</transform>
			</node>
			<node>
				<identifier>	HP_FX_RepairLight_left_1	</identifier>
				<transform>
					<row0>	0.1421 0.0000 0.9899 0.0000	</row0>
					<row1>	-0.1034 0.9945 0.0148 0.0000	</row1>
					<row2>	-0.9844 -0.1045 0.1413 0.0000	</row2>
					<row3>	-0.8925 0.3827 4.5911 1.0000	</row3>
				</transform>
			</node>
			<node>
				<identifier>	HP_FX_RepairLight_right_1	</identifier>
				<transform>
					<row0>	0.1421 0.0000 -0.9899 0.0000	</row0>
					<row1>	0.1034 0.9945 0.0148 0.0000	</row1>
					<row2>	0.9844 -0.1045 0.1413 0.0000	</row2>
					<row3>	0.8934 0.3864 4.5870 1.0000	</row3>
				</transform>
			</node>
			<node>
				<identifier>	HP_FX_WakeTrace	</identifier>
				<transform>
					<row0>	1.0000 0.0000 0.0000 0.0000	</row0>
					<row1>	0.0000 1.0000 0.0000 0.0000	</row1>
					<row2>	0.0000 0.0000 1.0000 0.0000	</row2>
					<row3>	0.0000 0.0000 9.3857 1.0000	</row3>
				</transform>
			</node>
			<node>
				<identifier>	HP_RGA_1	</identifier>
				<transform>
					<row0>	1.0000 0.0000 0.0000 0.0000	</row0>
					<row1>	0.0000 1.0000 0.0000 0.0000	</row1>
					<row2>	0.0000 0.0000 1.0000 0.0000	</row2>
					<row3>	-0.3997 0.5559 7.0512 1.0000	</row3>
				</transform>
			</node>
			<node>
				<identifier>	HP_RGA_2	</identifier>
				<transform>
					<row0>	1.0000 0.0000 0.0000 0.0000	</row0>
					<row1>	0.0000 1.0000 0.0000 0.0000	</row1>
					<row2>	0.0000 0.0000 1.0000 0.0000	</row2>
					<row3>	0.3997 0.5559 7.0512 1.0000	</row3>
				</transform>
			</node>
			<node>
				<identifier>	HP_RGM_1	</identifier>
				<transform>
					<row0>	1.0000 0.0000 0.0000 0.0000	</row0>
					<row1>	0.0000 1.0000 0.0000 0.0000	</row1>
					<row2>	0.0000 0.0000 1.0000 0.0000	</row2>
					<row3>	0.0000 0.5037 4.5784 1.0000	</row3>
				</transform>
			</node>
			<node>
				<identifier>	HP_Ship_death_1	</identifier>
				<transform>
					<row0>	1.0000 0.0000 0.0000 0.0000	</row0>
					<row1>	0.0000 1.0000 0.0000 0.0000	</row1>
					<row2>	0.0000 0.0000 1.0000 0.0000	</row2>
					<row3>	0.0000 0.0000 3.2077 1.0000	</row3>
				</transform>
			</node>
			<node>
				<identifier>	MP_CM029_Emergency_Box	</identifier>
				<transform>
					<row0>	-0.1916 0.0000 0.9815 0.0000	</row0>
					<row1>	0.0000 1.0000 0.0000 0.0000	</row1>
					<row2>	-0.9815 0.0000 -0.1916 0.0000	</row2>
					<row3>	0.2538 0.5961 7.0216 1.0000	</row3>
				</transform>
			</node>
			<node>
				<identifier>	MP_CM029_Emergency_Box_INDEX_1	</identifier>
				<transform>
					<row0>	-0.1916 0.0000 -0.9815 0.0000	</row0>
					<row1>	0.0000 1.0000 0.0000 0.0000	</row1>
					<row2>	0.9815 0.0000 -0.1916 0.0000	</row2>
					<row3>	-0.2538 0.5961 7.0216 1.0000	</row3>
				</transform>
			</node>
			<node>
				<identifier>	MP_CM137_Anchor_Up	</identifier>
				<transform>
					<row0>	-0.3816 0.9175 0.1122 0.0000	</row0>
					<row1>	0.3682 0.2622 -0.8920 0.0000	</row1>
					<row2>	-0.8478 -0.2991 -0.4378 0.0000	</row2>
					<row3>	-0.4150 0.5782 8.4563 1.0000	</row3>
				</transform>
			</node>
			<node>
				<identifier>	MP_CM137_Anchor_Up_INDEX_1	</identifier>
				<transform>
					<row0>	-0.2750 -0.9292 -0.2467 0.0000	</row0>
					<row1>	-0.2896 0.3248 -0.9004 0.0000	</row1>
					<row2>	0.9168 -0.1762 -0.3584 0.0000	</row2>
					<row3>	0.3600 0.5993 8.8489 1.0000	</row3>
				</transform>
			</node>
			<node>
				<identifier>	MP_CM137_Anchor_Up_INDEX_2	</identifier>
				<transform>
					<row0>	-0.3816 -0.9175 -0.1122 0.0000	</row0>
					<row1>	-0.3682 0.2622 -0.8920 0.0000	</row1>
					<row2>	0.8478 -0.2991 -0.4378 0.0000	</row2>
					<row3>	0.4150 0.5782 8.4563 1.0000	</row3>
				</transform>
			</node>
			<node>
				<identifier>	MP_CM138_Anchor_Bottom	</identifier>
				<transform>
					<row0>	-0.2750 -0.9292 -0.2467 0.0000	</row0>
					<row1>	0.0431 0.2444 -0.9687 0.0000	</row1>
					<row2>	0.9605 -0.2771 -0.0272 0.0000	</row2>
					<row3>	0.3600 0.5993 8.8489 1.0000	</row3>
				</transform>
			</node>
			<node>
				<identifier>	MP_CM138_Anchor_Bottom_INDEX_1	</identifier>
				<transform>
					<row0>	-0.3816 0.9175 0.1122 0.0000	</row0>
					<row1>	-0.0011 0.1209 -0.9927 0.0000	</row1>
					<row2>	-0.9243 -0.3789 -0.0452 0.0000	</row2>
					<row3>	-0.4150 0.5782 8.4563 1.0000	</row3>
				</transform>
			</node>
			<node>
				<identifier>	MP_CM138_Anchor_Bottom_INDEX_2	</identifier>
				<transform>
					<row0>	-0.3816 -0.9175 -0.1122 0.0000	</row0>
					<row1>	0.0011 0.1209 -0.9927 0.0000	</row1>
					<row2>	0.9243 -0.3789 -0.0452 0.0000	</row2>
					<row3>	0.4150 0.5782 8.4563 1.0000	</row3>
				</transform>
			</node>
			<node>
				<identifier>	MP_RM021_Screened_speed_light	</identifier>
				<transform>
					<row0>	-0.7000 0.0000 0.0000 0.0000	</row0>
					<row1>	0.0000 0.7000 0.0000 0.0000	</row1>
					<row2>	0.0000 0.0000 -0.7000 0.0000	</row2>
					<row3>	0.0000 0.8127 9.8647 1.0000	</row3>
				</transform>
			</node>
			<node>
				<identifier>	MP_RM141_Signal_Lamp	</identifier>
				<transform>
					<row0>	1.0000 0.0000 0.0000 0.0000	</row0>
					<row1>	0.0000 1.0000 0.0000 0.0000	</row1>
					<row2>	0.0000 0.0000 1.0000 0.0000	</row2>
					<row3>	0.0000 1.1118 9.8754 1.0000	</row3>
				</transform>
			</node>
			<node>
				<identifier>	MP_RM145_Turtles_Box	</identifier>
				<transform>
					<row0>	-0.9817 0.0000 0.1905 0.0000	</row0>
					<row1>	0.0000 1.0000 0.0000 0.0000	</row1>
					<row2>	-0.1905 0.0000 -0.9817 0.0000	</row2>
					<row3>	0.3643 0.5625 6.8966 1.0000	</row3>
				</transform>
			</node>
			<node>
				<identifier>	MP_RM145_Turtles_Box_INDEX_1	</identifier>
				<transform>
					<row0>	-0.9817 0.0000 -0.1905 0.0000	</row0>
					<row1>	0.0000 1.0000 0.0000 0.0000	</row1>
					<row2>	0.1905 0.0000 -0.9817 0.0000	</row2>
					<row3>	-0.3637 0.5633 6.8956 1.0000	</row3>
				</transform>
			</node>
			<node>
				<identifier>	MP_RM209_Red_Star	</identifier>
				<transform>
					<row0>	0.1610 0.0019 -0.9869 0.0000	</row0>
					<row1>	0.3278 0.9431 0.0553 0.0000	</row1>
					<row2>	0.9309 -0.3324 0.1513 0.0000	</row2>
					<row3>	0.2101 0.6226 9.5068 1.0000	</row3>
				</transform>
			</node>
			<node>
				<identifier>	MP_RM209_Red_Star_INDEX_1	</identifier>
				<transform>
					<row0>	0.1610 -0.0019 0.9869 0.0000	</row0>
					<row1>	-0.3278 0.9431 0.0553 0.0000	</row1>
					<row2>	-0.9309 -0.3324 0.1513 0.0000	</row2>
					<row3>	-0.2101 0.6226 9.5068 1.0000	</row3>
				</transform>
			</node>
			<node>
				<identifier>	MP_RM214_Life_Buoy	</identifier>
				<transform>
					<row0>	-0.1493 0.0000 0.9888 0.0000	</row0>
					<row1>	0.0000 1.0000 0.0000 0.0000	</row1>
					<row2>	-0.9888 0.0000 -0.1493 0.0000	</row2>
					<row3>	0.8023 0.4823 5.1909 1.0000	</row3>
				</transform>
			</node>
			<node>
				<identifier>	MP_RM214_Life_Buoy_INDEX_1	</identifier>
				<transform>
					<row0>	-0.1493 0.0000 -0.9888 0.0000	</row0>
					<row1>	0.0000 1.0000 0.0000 0.0000	</row1>
					<row2>	0.9888 0.0000 -0.1493 0.0000	</row2>
					<row3>	-0.8023 0.4823 5.1909 1.0000	</row3>
				</transform>
			</node>
			<node>
				<identifier>	MP_RM273_Fire_Hose_Rack_box	</identifier>
				<transform>
					<row0>	-0.5278 0.0000 0.8493 0.0000	</row0>
					<row1>	0.0000 1.0000 0.0000 0.0000	</row1>
					<row2>	-0.8493 0.0000 -0.5278 0.0000	</row2>
					<row3>	-0.4057 0.4359 4.2901 1.0000	</row3>
				</transform>
			</node>
			<node>
				<identifier>	MP_RM273_Fire_Hose_Rack_box_INDEX_1	</identifier>
				<transform>
					<row0>	-0.5278 0.0000 -0.8493 0.0000	</row0>
					<row1>	0.0000 1.0000 0.0000 0.0000	</row1>
					<row2>	0.8493 0.0000 -0.5278 0.0000	</row2>
					<row3>	0.4057 0.4359 4.2901 1.0000	</row3>
				</transform>
			</node>
			<node>
				<identifier>	MP_RM278_Ammunition_Box	</identifier>
				<transform>
					<row0>	-0.9953 -0.0017 -0.0970 0.0000	</row0>
					<row1>	0.0030 0.9988 -0.0487 0.0000	</row1>
					<row2>	0.0970 -0.0487 -0.9941 0.0000	</row2>
					<row3>	0.4129 0.5195 6.8761 1.0000	</row3>
				</transform>
			</node>
			<node>
				<identifier>	MP_RM278_Ammunition_Box_INDEX_1	</identifier>
				<transform>
					<row0>	-0.9272 -0.0057 -0.3746 0.0000	</row0>
					<row1>	0.0133 0.9988 -0.0480 0.0000	</row1>
					<row2>	0.3744 -0.0495 -0.9259 0.0000	</row2>
					<row3>	0.4641 0.5200 6.8881 1.0000	</row3>
				</transform>
			</node>
			<node>
				<identifier>	MP_RM278_Ammunition_Box_INDEX_2	</identifier>
				<transform>
					<row0>	-0.9272 0.0057 0.3746 0.0000	</row0>
					<row1>	-0.0133 0.9988 -0.0480 0.0000	</row1>
					<row2>	-0.3744 -0.0495 -0.9259 0.0000	</row2>
					<row3>	-0.4641 0.5200 6.8881 1.0000	</row3>
				</transform>
			</node>
			<node>
				<identifier>	MP_RM278_Ammunition_Box_INDEX_3	</identifier>
				<transform>
					<row0>	-0.9953 0.0017 0.0970 0.0000	</row0>
					<row1>	-0.0030 0.9988 -0.0487 0.0000	</row1>
					<row2>	-0.0970 -0.0487 -0.9941 0.0000	</row2>
					<row3>	-0.4129 0.5195 6.8761 1.0000	</row3>
				</transform>
			</node>
			<node>
				<identifier>	MP_RM300_Winch_Provisions	</identifier>
				<transform>
					<row0>	0.6701 0.0250 0.7419 0.0000	</row0>
					<row1>	0.0006 0.9994 -0.0342 0.0000	</row1>
					<row2>	-0.7423 0.0233 0.6697 0.0000	</row2>
					<row3>	0.5375 0.3786 4.3340 1.0000	</row3>
				</transform>
			</node>
			<node>
				<identifier>	MP_RM300_Winch_Provisions_INDEX_1	</identifier>
				<transform>
					<row0>	0.6347 -0.0305 -0.7722 0.0000	</row0>
					<row1>	0.0014 0.9993 -0.0384 0.0000	</row1>
					<row2>	0.7728 0.0233 0.6343 0.0000	</row2>
					<row3>	-0.5375 0.3782 4.3317 1.0000	</row3>
				</transform>
			</node>
			<node>
				<identifier>	SP_YMS001_YHBM_M_1	</identifier>
				<transform>
					<row0>	1.2937 0.0000 0.0000 0.0000	</row0>
					<row1>	0.0000 1.2937 0.0000 0.0000	</row1>
					<row2>	0.0000 0.0000 1.2937 0.0000	</row2>
					<row3>	0.0000 0.7128 9.8840 1.0000	</row3>
				</transform>
			</node>
			<node>
				<identifier>	SP_YMS002_YHBL_M_1	</identifier>
				<transform>
					<row0>	0.9911 0.0000 0.0000 0.0000	</row0>
					<row1>	0.0000 0.9890 -0.0635 0.0000	</row1>
					<row2>	0.0000 0.0635 0.9890 0.0000	</row2>
					<row3>	0.0000 0.7128 9.8840 1.0000	</row3>
				</transform>
			</node>
			<node>
				<identifier>	SP_YMS003_YHBR_M_1	</identifier>
				<transform>
					<row0>	0.9911 0.0000 0.0000 0.0000	</row0>
					<row1>	0.0000 0.9890 -0.0635 0.0000	</row1>
					<row2>	0.0000 0.0635 0.9890 0.0000	</row2>
					<row3>	0.0000 0.7128 9.8840 1.0000	</row3>
				</transform>
			</node>
			<node>
				<identifier>	SP_YMS004_YHXL_L_1	</identifier>
				<transform>
					<row0>	0.6622 0.3225 -0.1059 0.0000	</row0>
					<row1>	-0.3246 0.6695 0.0094 0.0000	</row1>
					<row2>	0.0993 0.0378 0.7365 0.0000	</row2>
					<row3>	-0.2742 0.4875 8.7250 1.0000	</row3>
				</transform>
			</node>
			<node>
				<identifier>	SP_YMS005_YHXR_L_1	</identifier>
				<transform>
					<row0>	0.6056 -0.2942 0.0478 0.0000	</row0>
					<row1>	0.2921 0.6073 0.0383 0.0000	</row1>
					<row2>	-0.0597 -0.0137 0.6722 0.0000	</row2>
					<row3>	0.2635 0.4653 8.7247 1.0000	</row3>
				</transform>
			</node>
			<node>
				<identifier>	SP_YMS010_YHWM_L_1	</identifier>
				<transform>
					<row0>	0.9868 0.0000 0.0000 0.0000	</row0>
					<row1>	0.0000 0.9868 0.0000 0.0000	</row1>
					<row2>	0.0000 0.0000 0.9868 0.0000	</row2>
					<row3>	0.0000 -0.0010 9.6182 1.0000	</row3>
				</transform>
			</node>
			<node>
				<identifier>	SP_YMS011_YHWL_M_1	</identifier>
				<transform>
					<row0>	1.3374 0.2956 -0.2249 0.0000	</row0>
					<row1>	-0.2915 1.3561 0.0490 0.0000	</row1>
					<row2>	0.2302 0.0000 1.3688 0.0000	</row2>
					<row3>	-0.2248 0.0000 7.8220 1.0000	</row3>
				</transform>
			</node>
			<node>
				<identifier>	SP_YMS011_YHWL_M_1_INDEX_1	</identifier>
				<transform>
					<row0>	1.3206 0.3374 -0.2619 0.0000	</row0>
					<row1>	-0.3310 1.3463 0.0656 0.0000	</row1>
					<row2>	0.2700 0.0000 1.3615 0.0000	</row2>
					<row3>	-0.4271 0.0000 6.6700 1.0000	</row3>
				</transform>
			</node>
			<node>
				<identifier>	SP_YMS011_YHWL_M_1_INDEX_2	</identifier>
				<transform>
					<row0>	1.3038 0.3971 -0.2627 0.0000	</row0>
					<row1>	-0.3893 1.3300 0.0784 0.0000	</row1>
					<row2>	0.2742 0.0000 1.3606 0.0000	</row2>
					<row3>	-0.6565 0.0000 5.5191 1.0000	</row3>
				</transform>
			</node>
			<node>
				<identifier>	SP_YMS011_YHWL_M_1_INDEX_3	</identifier>
				<transform>
					<row0>	1.3069 0.4152 -0.2150 0.0000	</row0>
					<row1>	-0.4097 1.3244 0.0674 0.0000	</row1>
					<row2>	0.2253 0.0000 1.3696 0.0000	</row2>
					<row3>	-0.8769 0.0000 4.3666 1.0000	</row3>
				</transform>
			</node>
			<node>
				<identifier>	SP_YMS012_YHWR_M_1	</identifier>
				<transform>
					<row0>	1.3374 -0.2956 0.2249 0.0000	</row0>
					<row1>	0.2915 1.3561 0.0490 0.0000	</row1>
					<row2>	-0.2302 0.0000 1.3688 0.0000	</row2>
					<row3>	0.2248 0.0000 7.8220 1.0000	</row3>
				</transform>
			</node>
			<node>
				<identifier>	SP_YMS012_YHWR_M_1_INDEX_1	</identifier>
				<transform>
					<row0>	1.3206 -0.3374 0.2619 0.0000	</row0>
					<row1>	0.3310 1.3463 0.0656 0.0000	</row1>
					<row2>	-0.2700 0.0000 1.3615 0.0000	</row2>
					<row3>	0.4271 0.0000 6.6700 1.0000	</row3>
				</transform>
			</node>
			<node>
				<identifier>	SP_YMS012_YHWR_M_1_INDEX_2	</identifier>
				<transform>
					<row0>	1.3038 -0.3971 0.2627 0.0000	</row0>
					<row1>	0.3893 1.3300 0.0784 0.0000	</row1>
					<row2>	-0.2742 0.0000 1.3606 0.0000	</row2>
					<row3>	0.6565 0.0000 5.5191 1.0000	</row3>
				</transform>
			</node>
			<node>
				<identifier>	SP_YMS012_YHWR_M_1_INDEX_3	</identifier>
				<transform>
					<row0>	1.3069 -0.4152 0.2150 0.0000	</row0>
					<row1>	0.4097 1.3244 0.0674 0.0000	</row1>
					<row2>	-0.2253 0.0000 1.3696 0.0000	</row2>
					<row3>	0.8769 0.0000 4.3666 1.0000	</row3>
				</transform>
			</node>
			<node>
				<identifier>	SP_YMS020_YHBU_M_1	</identifier>
				<transform>
					<row0>	1.4714 0.0000 0.0000 0.0000	</row0>
					<row1>	0.0000 1.4686 -0.0904 0.0000	</row1>
					<row2>	0.0000 0.0904 1.4686 0.0000	</row2>
					<row3>	0.0000 -0.2255 9.0812 1.0000	</row3>
				</transform>
			</node>
			<node>
				<identifier>	SP_YMS022_YHUS_L_1	</identifier>
				<transform>
					<row0>	-0.3199 0.0000 -1.5698 0.0000	</row0>
					<row1>	0.0000 1.6021 0.0000 0.0000	</row1>
					<row2>	1.5698 0.0000 -0.3199 0.0000	</row2>
					<row3>	-0.6853 -0.7086 5.2731 1.0000	</row3>
				</transform>
			</node>
			<node>
				<identifier>	SP_YMS022_YHUS_L_1_INDEX_1	</identifier>
				<transform>
					<row0>	-0.3199 0.0000 1.5698 0.0000	</row0>
					<row1>	0.0000 1.6021 0.0000 0.0000	</row1>
					<row2>	-1.5698 0.0000 -0.3199 0.0000	</row2>
					<row3>	0.6853 -0.7086 5.2731 1.0000	</row3>
				</transform>
			</node>
			<node>
				<identifier>	SP_YMS022_YHUS_L_1_INDEX_2	</identifier>
				<transform>
					<row0>	-0.2821 0.0000 -1.5770 0.0000	</row0>
					<row1>	0.0000 1.6021 0.0000 0.0000	</row1>
					<row2>	1.5770 0.0000 -0.2821 0.0000	</row2>
					<row3>	-0.9008 -0.7086 4.1439 1.0000	</row3>
				</transform>
			</node>
			<node>
				<identifier>	SP_YMS022_YHUS_L_1_INDEX_3	</identifier>
				<transform>
					<row0>	-0.2821 0.0000 1.5770 0.0000	</row0>
					<row1>	0.0000 1.6021 0.0000 0.0000	</row1>
					<row2>	-1.5770 0.0000 -0.2821 0.0000	</row2>
					<row3>	0.9008 -0.7086 4.1439 1.0000	</row3>
				</transform>
			</node>
			<node>
				<identifier>	SP_YMS051_YHDL_L_1	</identifier>
				<transform>
					<row0>	0.8764 0.0003 -0.1166 0.0000	</row0>
					<row1>	-0.0072 0.8825 -0.0525 0.0000	</row1>
					<row2>	0.1164 0.0530 0.8748 0.0000	</row2>
					<row3>	-0.6788 0.4779 6.2775 1.0000	</row3>
				</transform>
			</node>
			<node>
				<identifier>	SP_YMS052_YHDR_L_1	</identifier>
				<transform>
					<row0>	0.8764 -0.0003 0.1166 0.0000	</row0>
					<row1>	0.0072 0.8825 -0.0525 0.0000	</row1>
					<row2>	-0.1164 0.0530 0.8748 0.0000	</row2>
					<row3>	0.6788 0.4779 6.2775 1.0000	</row3>
				</transform>
			</node>
			<node>
				<identifier>	SP_YMS053_YHDC_S_1	</identifier>
				<transform>
					<row0>	1.4610 0.0000 0.0000 0.0000	</row0>
					<row1>	0.0000 1.4582 -0.0900 0.0000	</row1>
					<row2>	0.0000 0.0900 1.4582 0.0000	</row2>
					<row3>	-0.3427 0.4694 6.1336 1.0000	</row3>
				</transform>
			</node>
			<node>
				<identifier>	SP_YMS053_YHDC_S_1_INDEX_1	</identifier>
				<transform>
					<row0>	1.4610 0.0000 0.0000 0.0000	</row0>
					<row1>	0.0000 1.4582 -0.0900 0.0000	</row1>
					<row2>	0.0000 0.0900 1.4582 0.0000	</row2>
					<row3>	0.3427 0.4694 6.1336 1.0000	</row3>
				</transform>
			</node>
			<node>
				<identifier>	SP_YMS053_YHDC_S_1_INDEX_2	</identifier>
				<transform>
					<row0>	1.4610 0.0000 0.0000 0.0000	</row0>
					<row1>	0.0000 1.4602 -0.0471 0.0000	</row1>
					<row2>	0.0000 0.0471 1.4602 0.0000	</row2>
					<row3>	-0.6045 0.3537 3.6138 1.0000	</row3>
				</transform>
			</node>
			<node>
				<identifier>	SP_YMS053_YHDC_S_1_INDEX_3	</identifier>
				<transform>
					<row0>	1.4610 0.0000 0.0000 0.0000	</row0>
					<row1>	0.0000 1.4602 -0.0471 0.0000	</row1>
					<row2>	0.0000 0.0471 1.4602 0.0000	</row2>
					<row3>	0.6045 0.3537 3.6138 1.0000	</row3>
				</transform>
			</node>
			<node>
				<identifier>	SP_YMS072_YHHC_M_1	</identifier>
				<transform>
					<row0>	-0.1084 0.0000 -0.8006 0.0000	</row0>
					<row1>	0.0000 0.8079 0.0000 0.0000	</row1>
					<row2>	0.8006 0.0000 -0.1084 0.0000	</row2>
					<row3>	-1.0314 0.2545 3.6025 1.0000	</row3>
				</transform>
			</node>
			<node>
				<identifier>	SP_YMS072_YHHC_M_1_INDEX_1	</identifier>
				<transform>
					<row0>	-0.1084 0.0000 0.8006 0.0000	</row0>
					<row1>	0.0000 0.8079 0.0000 0.0000	</row1>
					<row2>	-0.8006 0.0000 -0.1084 0.0000	</row2>
					<row3>	1.0314 0.2545 3.6025 1.0000	</row3>
				</transform>
			</node>
			<node>
				<identifier>	SP_YMS080_YHSL_M_1	</identifier>
				<transform>
					<row0>	0.8685 0.4762 -0.1374 0.0000	</row0>
					<row1>	-0.4720 0.8793 0.0637 0.0000	</row1>
					<row2>	0.1511 0.0095 0.9885 0.0000	</row2>
					<row3>	-0.3527 0.3815 7.8243 1.0000	</row3>
				</transform>
			</node>
			<node>
				<identifier>	SP_YMS080_YHSL_M_1_INDEX_1	</identifier>
				<transform>
					<row0>	0.8926 0.4284 -0.1406 0.0000	</row0>
					<row1>	-0.4248 0.9035 0.0562 0.0000	</row1>
					<row2>	0.1511 0.0095 0.9885 0.0000	</row2>
					<row3>	-0.5222 0.2193 6.4775 1.0000	</row3>
				</transform>
			</node>
			<node>
				<identifier>	SP_YMS081_YHSR_M_1	</identifier>
				<transform>
					<row0>	0.8685 -0.4762 0.1374 0.0000	</row0>
					<row1>	0.4720 0.8793 0.0637 0.0000	</row1>
					<row2>	-0.1511 0.0095 0.9885 0.0000	</row2>
					<row3>	0.3527 0.3815 7.8243 1.0000	</row3>
				</transform>
			</node>
			<node>
				<identifier>	SP_YMS081_YHSR_M_1_INDEX_1	</identifier>
				<transform>
					<row0>	0.8926 -0.4284 0.1406 0.0000	</row0>
					<row1>	0.4248 0.9035 0.0562 0.0000	</row1>
					<row2>	-0.1511 0.0095 0.9885 0.0000	</row2>
					<row3>	0.5222 0.2193 6.4775 1.0000	</row3>
				</transform>
			</node>
			<node>
				<identifier>	SP_YMS083_YHSC_L_1	</identifier>
				<transform>
					<row0>	-0.1151 -0.0380 -0.7819 0.0000	</row0>
					<row1>	-0.1319 0.7800 -0.0185 0.0000	</row1>
					<row2>	0.7716 0.1276 -0.1198 0.0000	</row2>
					<row3>	-0.7768 0.4270 5.3939 1.0000	</row3>
				</transform>
			</node>
			<node>
				<identifier>	SP_YMS083_YHSC_L_1_INDEX_1	</identifier>
				<transform>
					<row0>	-0.1151 0.0380 0.7819 0.0000	</row0>
					<row1>	0.1319 0.7800 -0.0185 0.0000	</row1>
					<row2>	-0.7716 0.1276 -0.1198 0.0000	</row2>
					<row3>	0.7768 0.4270 5.3939 1.0000	</row3>
				</transform>
			</node>
			<node>
				<identifier>	SP_YMS083_YHSC_L_1_INDEX_2	</identifier>
				<transform>
					<row0>	-0.1151 -0.0380 -0.7819 0.0000	</row0>
					<row1>	-0.0881 0.7859 -0.0253 0.0000	</row1>
					<row2>	0.7779 0.0833 -0.1186 0.0000	</row2>
					<row3>	-0.8593 0.3997 4.8331 1.0000	</row3>
				</transform>
			</node>
			<node>
				<identifier>	SP_YMS083_YHSC_L_1_INDEX_3	</identifier>
				<transform>
					<row0>	-0.1151 0.0380 0.7819 0.0000	</row0>
					<row1>	0.0881 0.7859 -0.0253 0.0000	</row1>
					<row2>	-0.7779 0.0833 -0.1186 0.0000	</row2>
					<row3>	0.8593 0.3997 4.8331 1.0000	</row3>
				</transform>
			</node>
			<node>
				<identifier>	SP_YMS083_YHSC_L_1_INDEX_4	</identifier>
				<transform>
					<row0>	-0.1162 -0.0313 -0.7820 0.0000	</row0>
					<row1>	-0.0589 0.7887 -0.0228 0.0000	</row1>
					<row2>	0.7804 0.0549 -0.1182 0.0000	</row2>
					<row3>	-0.9393 0.3755 4.2701 1.0000	</row3>
				</transform>
			</node>
			<node>
				<identifier>	SP_YMS083_YHSC_L_1_INDEX_5	</identifier>
				<transform>
					<row0>	-0.1162 0.0313 0.7820 0.0000	</row0>
					<row1>	0.0589 0.7887 -0.0228 0.0000	</row1>
					<row2>	-0.7804 0.0549 -0.1182 0.0000	</row2>
					<row3>	0.9393 0.3755 4.2701 1.0000	</row3>
				</transform>
			</node>
		</node>
	</node>
	<boundingBox>
		<min>	-0.0667 -0.0667 -0.0667	</min>
		<max>	0.0667 0.0667 0.0667	</max>
	</boundingBox>
</RSB015_Sovetskaya_Rossiya_1953_Bow_ports.visual>
