<BSC021_Devonshire_1945_Bow_ports.visual>
	<node>
		<identifier>	Scene Root	</identifier>
		<transform>
			<row0>	1.0000 0.0000 0.0000 0.0000	</row0>
			<row1>	0.0000 1.0000 0.0000 0.0000	</row1>
			<row2>	0.0000 0.0000 1.0000 0.0000	</row2>
			<row3>	0.0000 0.0000 0.0000 1.0000	</row3>
		</transform>
		<node>
			<identifier>	Bow_ports	</identifier>
			<transform>
				<row0>	1.0000 0.0000 0.0000 0.0000	</row0>
				<row1>	0.0000 1.0000 0.0000 0.0000	</row1>
				<row2>	0.0000 0.0000 1.0000 0.0000	</row2>
				<row3>	0.0000 0.0000 0.0000 1.0000	</row3>
			</transform>
			<node>
				<identifier>	HP_BGM_1	</identifier>
				<transform>
					<row0>	1.0000 0.0000 0.0000 0.0000	</row0>
					<row1>	0.0000 1.0000 0.0000 0.0000	</row1>
					<row2>	0.0000 0.0000 1.0000 0.0000	</row2>
					<row3>	0.0000 0.5727 4.3498 1.0000	</row3>
				</transform>
			</node>
			<node>
				<identifier>	HP_FX_Fire_1	</identifier>
				<transform>
					<row0>	1.0000 0.0000 0.0000 0.0000	</row0>
					<row1>	0.0000 1.0000 0.0000 0.0000	</row1>
					<row2>	0.0000 0.0000 1.0000 0.0000	</row2>
					<row3>	0.0000 0.4937 5.2937 1.0000	</row3>
				</transform>
			</node>
			<node>
				<identifier>	HP_FX_Flood_water_left_3	</identifier>
				<transform>
					<row0>	-0.9919 0.0000 0.1272 0.0000	</row0>
					<row1>	0.0000 1.0000 0.0000 0.0000	</row1>
					<row2>	-0.1272 0.0000 -0.9919 0.0000	</row2>
					<row3>	-0.3638 0.2059 4.6550 1.0000	</row3>
				</transform>
			</node>
			<node>
				<identifier>	HP_FX_Flood_water_right_3	</identifier>
				<transform>
					<row0>	0.9885 0.0000 0.1511 0.0000	</row0>
					<row1>	0.0000 1.0000 0.0000 0.0000	</row1>
					<row2>	-0.1511 0.0000 0.9885 0.0000	</row2>
					<row3>	0.3576 0.2035 4.6533 1.0000	</row3>
				</transform>
			</node>
			<node>
				<identifier>	HP_FX_RepairLight_left_1	</identifier>
				<transform>
					<row0>	0.0591 0.0000 0.9983 0.0000	</row0>
					<row1>	-0.0883 0.9961 0.0052 0.0000	</row1>
					<row2>	-0.9943 -0.0885 0.0589 0.0000	</row2>
					<row3>	-0.4038 0.5035 4.9608 1.0000	</row3>
				</transform>
			</node>
			<node>
				<identifier>	HP_FX_WakeTrace	</identifier>
				<transform>
					<row0>	1.0000 0.0000 0.0000 0.0000	</row0>
					<row1>	0.0000 1.0000 0.0000 0.0000	</row1>
					<row2>	0.0000 0.0000 1.0000 0.0000	</row2>
					<row3>	0.0000 0.0000 6.3479 1.0000	</row3>
				</transform>
			</node>
			<node>
				<identifier>	HP_Ship_death_1	</identifier>
				<transform>
					<row0>	1.0000 0.0000 0.0000 0.0000	</row0>
					<row1>	0.0000 1.0000 0.0000 0.0000	</row1>
					<row2>	0.0000 0.0000 1.0000 0.0000	</row2>
					<row3>	0.0000 0.0000 4.0514 1.0000	</row3>
				</transform>
			</node>
			<node>
				<identifier>	MP_BM004_Reels	</identifier>
				<transform>
					<row0>	0.0000 0.0325 0.8502 0.0000	</row0>
					<row1>	0.0000 0.8502 -0.0325 0.0000	</row1>
					<row2>	-0.8508 0.0000 0.0000 0.0000	</row2>
					<row3>	-0.1115 0.4818 4.5784 1.0000	</row3>
				</transform>
			</node>
			<node>
				<identifier>	MP_BM800_Ventilators_mushroom	</identifier>
				<transform>
					<row0>	-1.0000 0.0000 0.0000 0.0000	</row0>
					<row1>	0.0000 1.0000 0.0000 0.0000	</row1>
					<row2>	0.0000 0.0000 -1.0000 0.0000	</row2>
					<row3>	-0.1951 0.4889 4.7788 1.0000	</row3>
				</transform>
			</node>
			<node>
				<identifier>	MP_BM800_Ventilators_mushroom_INDEX_1	</identifier>
				<transform>
					<row0>	-1.2073 0.0000 0.0000 0.0000	</row0>
					<row1>	0.0000 1.2073 0.0000 0.0000	</row1>
					<row2>	0.0000 0.0000 -1.2073 0.0000	</row2>
					<row3>	0.1353 0.4826 4.5548 1.0000	</row3>
				</transform>
			</node>
			<node>
				<identifier>	MP_BM800_Ventilators_mushroom_INDEX_2	</identifier>
				<transform>
					<row0>	-1.2322 0.0000 0.0000 0.0000	</row0>
					<row1>	0.0000 1.2322 0.0000 0.0000	</row1>
					<row2>	0.0000 0.0000 -1.2322 0.0000	</row2>
					<row3>	0.0003 0.4693 4.0791 1.0000	</row3>
				</transform>
			</node>
			<node>
				<identifier>	MP_BM800_Ventilators_mushroom_INDEX_3	</identifier>
				<transform>
					<row0>	-1.0000 0.0000 0.0000 0.0000	</row0>
					<row1>	0.0000 1.0000 0.0000 0.0000	</row1>
					<row2>	0.0000 0.0000 -1.0000 0.0000	</row2>
					<row3>	0.1726 0.4889 4.8043 1.0000	</row3>
				</transform>
			</node>
			<node>
				<identifier>	MP_BM800_Ventilators_mushroom_INDEX_4	</identifier>
				<transform>
					<row0>	-1.1790 0.0000 0.0000 0.0000	</row0>
					<row1>	0.0000 1.1790 0.0000 0.0000	</row1>
					<row2>	0.0000 0.0000 -1.1790 0.0000	</row2>
					<row3>	0.2207 0.4879 4.7428 1.0000	</row3>
				</transform>
			</node>
			<node>
				<identifier>	MP_BM800_Ventilators_mushroom_INDEX_5	</identifier>
				<transform>
					<row0>	-1.0000 0.0000 0.0000 0.0000	</row0>
					<row1>	0.0000 1.0000 0.0000 0.0000	</row1>
					<row2>	0.0000 0.0000 -1.0000 0.0000	</row2>
					<row3>	0.0865 0.4842 4.6205 1.0000	</row3>
				</transform>
			</node>
			<node>
				<identifier>	MP_BM801_Ventilators_mushroom	</identifier>
				<transform>
					<row0>	-1.4204 0.0000 0.0000 0.0000	</row0>
					<row1>	0.0000 1.4204 0.0000 0.0000	</row1>
					<row2>	0.0000 0.0000 -1.4204 0.0000	</row2>
					<row3>	0.1250 0.4885 4.8529 1.0000	</row3>
				</transform>
			</node>
			<node>
				<identifier>	MP_BM801_Ventilators_mushroom_INDEX_1	</identifier>
				<transform>
					<row0>	-1.0000 0.0000 0.0000 0.0000	</row0>
					<row1>	0.0000 1.0000 0.0000 0.0000	</row1>
					<row2>	0.0000 0.0000 -1.0000 0.0000	</row2>
					<row3>	-0.2347 0.4722 4.2247 1.0000	</row3>
				</transform>
			</node>
			<node>
				<identifier>	MP_BM943_Anchor_up	</identifier>
				<transform>
					<row0>	-0.1126 0.8086 0.5775 0.0000	</row0>
					<row1>	-0.3312 0.5174 -0.7890 0.0000	</row1>
					<row2>	-0.9368 -0.2801 0.2096 0.0000	</row2>
					<row3>	0.1557 0.4502 6.1283 1.0000	</row3>
				</transform>
			</node>
			<node>
				<identifier>	MP_BM943_Anchor_up_INDEX_1	</identifier>
				<transform>
					<row0>	-0.1126 -0.8086 -0.5775 0.0000	</row0>
					<row1>	0.3312 0.5174 -0.7890 0.0000	</row1>
					<row2>	0.9368 -0.2801 0.2096 0.0000	</row2>
					<row3>	-0.1557 0.4502 6.1283 1.0000	</row3>
				</transform>
			</node>
			<node>
				<identifier>	MP_BM944_Anchor_bottom	</identifier>
				<transform>
					<row0>	-0.1126 0.8086 0.5775 0.0000	</row0>
					<row1>	0.1586 0.5883 -0.7929 0.0000	</row1>
					<row2>	-0.9809 0.0023 -0.1945 0.0000	</row2>
					<row3>	0.1541 0.4465 6.1330 1.0000	</row3>
				</transform>
			</node>
			<node>
				<identifier>	MP_BM944_Anchor_bottom_INDEX_1	</identifier>
				<transform>
					<row0>	-0.1126 -0.8086 -0.5775 0.0000	</row0>
					<row1>	-0.1586 0.5883 -0.7929 0.0000	</row1>
					<row2>	0.9809 0.0023 -0.1945 0.0000	</row2>
					<row3>	-0.1541 0.4465 6.1330 1.0000	</row3>
				</transform>
			</node>
			<node>
				<identifier>	MP_CM011_Fire_Fighting_Gear	</identifier>
				<transform>
					<row0>	-1.0000 0.0000 0.0000 0.0000	</row0>
					<row1>	0.0000 1.0000 0.0000 0.0000	</row1>
					<row2>	0.0000 0.0000 -1.0000 0.0000	</row2>
					<row3>	-0.0151 0.4944 4.8980 1.0000	</row3>
				</transform>
			</node>
			<node>
				<identifier>	MP_CM012_Fire_Hose_Rack_1	</identifier>
				<transform>
					<row0>	-0.1320 0.0000 -0.9913 0.0000	</row0>
					<row1>	0.0000 1.0000 0.0000 0.0000	</row1>
					<row2>	0.9913 0.0000 -0.1320 0.0000	</row2>
					<row3>	0.0260 0.5352 4.5523 1.0000	</row3>
				</transform>
			</node>
			<node>
				<identifier>	MP_CM104_Life_Buoy	</identifier>
				<transform>
					<row0>	-0.0873 0.0000 -0.9962 0.0000	</row0>
					<row1>	0.0000 1.0000 0.0000 0.0000	</row1>
					<row2>	0.9962 0.0000 -0.0873 0.0000	</row2>
					<row3>	-0.4912 0.5340 4.0924 1.0000	</row3>
				</transform>
			</node>
			<node>
				<identifier>	MP_CM104_Life_Buoy_INDEX_1	</identifier>
				<transform>
					<row0>	-0.0873 0.0000 0.9962 0.0000	</row0>
					<row1>	0.0000 1.0000 0.0000 0.0000	</row1>
					<row2>	-0.9962 0.0000 -0.0873 0.0000	</row2>
					<row3>	0.4912 0.5340 4.0926 1.0000	</row3>
				</transform>
			</node>
		</node>
	</node>
	<boundingBox>
		<min>	-0.0667 -0.0667 -0.0667	</min>
		<max>	0.0667 0.0667 0.0667	</max>
	</boundingBox>
</BSC021_Devonshire_1945_Bow_ports.visual>
