<RSB029_Navarin_1944_Bow_ports.visual>
	<node>
		<identifier>	Scene Root	</identifier>
		<transform>
			<row0>	1.0000 0.0000 0.0000 0.0000	</row0>
			<row1>	0.0000 1.0000 0.0000 0.0000	</row1>
			<row2>	0.0000 0.0000 1.0000 0.0000	</row2>
			<row3>	0.0000 0.0000 0.0000 1.0000	</row3>
		</transform>
		<node>
			<identifier>	Bow_ports	</identifier>
			<transform>
				<row0>	1.0000 0.0000 0.0000 0.0000	</row0>
				<row1>	0.0000 1.0000 0.0000 0.0000	</row1>
				<row2>	0.0000 0.0000 1.0000 0.0000	</row2>
				<row3>	0.0000 0.0000 0.0000 1.0000	</row3>
			</transform>
			<node>
				<identifier>	HP_FX_Fire_1	</identifier>
				<transform>
					<row0>	1.0000 0.0000 0.0000 0.0000	</row0>
					<row1>	0.0000 1.0000 0.0000 0.0000	</row1>
					<row2>	0.0000 0.0000 1.0000 0.0000	</row2>
					<row3>	0.0000 0.5088 5.4982 1.0000	</row3>
				</transform>
			</node>
			<node>
				<identifier>	HP_FX_Flood_steam_left	</identifier>
				<transform>
					<row0>	-1.0000 0.0000 0.0000 0.0000	</row0>
					<row1>	0.0000 1.0000 0.0000 0.0000	</row1>
					<row2>	0.0000 0.0000 -1.0000 0.0000	</row2>
					<row3>	-0.5815 0.4403 4.9533 1.0000	</row3>
				</transform>
			</node>
			<node>
				<identifier>	HP_FX_Flood_water_left_2	</identifier>
				<transform>
					<row0>	-0.9035 -0.3734 0.2106 0.0000	</row0>
					<row1>	-0.3821 0.9241 -0.0006 0.0000	</row1>
					<row2>	-0.1944 -0.0810 -0.9776 0.0000	</row2>
					<row3>	-0.5340 0.1780 4.8050 1.0000	</row3>
				</transform>
			</node>
			<node>
				<identifier>	HP_FX_Flood_water_right_2	</identifier>
				<transform>
					<row0>	0.8964 -0.3725 0.2403 0.0000	</row0>
					<row1>	0.3868 0.9220 -0.0135 0.0000	</row1>
					<row2>	-0.2165 0.1051 0.9706 0.0000	</row2>
					<row3>	0.5340 0.1790 4.8060 1.0000	</row3>
				</transform>
			</node>
			<node>
				<identifier>	HP_FX_RepairLight_left_1	</identifier>
				<transform>
					<row0>	0.0002 0.0000 1.0000 0.0000	</row0>
					<row1>	0.0000 1.0000 0.0000 0.0000	</row1>
					<row2>	-1.0000 0.0000 0.0002 0.0000	</row2>
					<row3>	-0.5797 0.5077 5.1828 1.0000	</row3>
				</transform>
			</node>
			<node>
				<identifier>	HP_FX_RepairLight_right_1	</identifier>
				<transform>
					<row0>	0.0002 0.0000 -1.0000 0.0000	</row0>
					<row1>	0.0000 1.0000 0.0000 0.0000	</row1>
					<row2>	1.0000 0.0000 0.0002 0.0000	</row2>
					<row3>	0.5797 0.5072 4.8812 1.0000	</row3>
				</transform>
			</node>
			<node>
				<identifier>	HP_FX_WakeTrace	</identifier>
				<transform>
					<row0>	1.0000 0.0000 0.0000 0.0000	</row0>
					<row1>	0.0000 1.0000 0.0000 0.0000	</row1>
					<row2>	0.0000 0.0000 1.0000 0.0000	</row2>
					<row3>	0.0000 0.0000 6.8647 1.0000	</row3>
				</transform>
			</node>
			<node>
				<identifier>	HP_RGA_1	</identifier>
				<transform>
					<row0>	1.0000 0.0000 0.0000 0.0000	</row0>
					<row1>	0.0000 1.0000 0.0000 0.0000	</row1>
					<row2>	0.0000 0.0000 1.0000 0.0000	</row2>
					<row3>	0.0000 0.5957 6.5955 1.0000	</row3>
				</transform>
			</node>
			<node>
				<identifier>	HP_RGA_2	</identifier>
				<transform>
					<row0>	1.0000 0.0000 0.0000 0.0000	</row0>
					<row1>	0.0000 1.0000 0.0000 0.0000	</row1>
					<row2>	0.0000 0.0000 1.0000 0.0000	</row2>
					<row3>	0.0000 0.5957 6.1434 1.0000	</row3>
				</transform>
			</node>
			<node>
				<identifier>	HP_Ship_death_1	</identifier>
				<transform>
					<row0>	1.0000 0.0000 0.0000 0.0000	</row0>
					<row1>	0.0000 1.0000 0.0000 0.0000	</row1>
					<row2>	0.0000 0.0000 1.0000 0.0000	</row2>
					<row3>	0.0000 0.0000 4.4169 1.0000	</row3>
				</transform>
			</node>
			<node>
				<identifier>	MP_CM011_Fire_Fighting_Gear	</identifier>
				<transform>
					<row0>	1.0000 0.0000 0.0000 0.0000	</row0>
					<row1>	0.0000 1.0000 0.0000 0.0000	</row1>
					<row2>	0.0000 0.0000 1.0000 0.0000	</row2>
					<row3>	-0.1845 0.5096 5.7629 1.0000	</row3>
				</transform>
			</node>
			<node>
				<identifier>	MP_CM011_Fire_Fighting_Gear_INDEX_1	</identifier>
				<transform>
					<row0>	1.0000 0.0000 0.0000 0.0000	</row0>
					<row1>	0.0000 1.0000 0.0000 0.0000	</row1>
					<row2>	0.0000 0.0000 1.0000 0.0000	</row2>
					<row3>	-0.2896 0.5121 4.4748 1.0000	</row3>
				</transform>
			</node>
			<node>
				<identifier>	MP_CM011_Fire_Fighting_Gear_INDEX_2	</identifier>
				<transform>
					<row0>	1.0000 0.0000 0.0000 0.0000	</row0>
					<row1>	0.0000 1.0000 0.0000 0.0000	</row1>
					<row2>	0.0000 0.0000 1.0000 0.0000	</row2>
					<row3>	0.1845 0.5096 5.7629 1.0000	</row3>
				</transform>
			</node>
			<node>
				<identifier>	MP_CM011_Fire_Fighting_Gear_INDEX_3	</identifier>
				<transform>
					<row0>	1.0000 0.0000 0.0000 0.0000	</row0>
					<row1>	0.0000 1.0000 0.0000 0.0000	</row1>
					<row2>	0.0000 0.0000 1.0000 0.0000	</row2>
					<row3>	0.2896 0.5121 4.4748 1.0000	</row3>
				</transform>
			</node>
			<node>
				<identifier>	MP_CM011_Fire_Fighting_Gear_INDEX_4	</identifier>
				<transform>
					<row0>	0.0000 0.0000 -1.0000 0.0000	</row0>
					<row1>	0.0000 1.0000 0.0000 0.0000	</row1>
					<row2>	1.0000 0.0000 0.0000 0.0000	</row2>
					<row3>	-0.2896 0.5121 4.6296 1.0000	</row3>
				</transform>
			</node>
			<node>
				<identifier>	MP_CM011_Fire_Fighting_Gear_INDEX_5	</identifier>
				<transform>
					<row0>	0.0000 0.0000 1.0000 0.0000	</row0>
					<row1>	0.0000 1.0000 0.0000 0.0000	</row1>
					<row2>	-1.0000 0.0000 0.0000 0.0000	</row2>
					<row3>	0.2896 0.5121 4.6296 1.0000	</row3>
				</transform>
			</node>
			<node>
				<identifier>	MP_CM029_Emergency_Box	</identifier>
				<transform>
					<row0>	-0.6052 0.0000 -0.7961 0.0000	</row0>
					<row1>	0.0000 1.0000 0.0000 0.0000	</row1>
					<row2>	0.7961 0.0000 -0.6052 0.0000	</row2>
					<row3>	-0.1297 0.6392 6.2423 1.0000	</row3>
				</transform>
			</node>
			<node>
				<identifier>	MP_CM137_Anchor_Up	</identifier>
				<transform>
					<row0>	-0.0594 0.6136 0.7874 0.0000	</row0>
					<row1>	0.0416 0.7896 -0.6122 0.0000	</row1>
					<row2>	-0.9974 -0.0036 -0.0725 0.0000	</row2>
					<row3>	-0.1907 0.3150 6.5420 1.0000	</row3>
				</transform>
			</node>
			<node>
				<identifier>	MP_CM137_Anchor_Up_INDEX_1	</identifier>
				<transform>
					<row0>	-0.1063 -0.6351 -0.7651 0.0000	</row0>
					<row1>	-0.0285 0.7711 -0.6361 0.0000	</row1>
					<row2>	0.9939 -0.0458 -0.1000 0.0000	</row2>
					<row3>	0.3010 0.3173 6.1215 1.0000	</row3>
				</transform>
			</node>
			<node>
				<identifier>	MP_CM137_Anchor_Up_INDEX_2	</identifier>
				<transform>
					<row0>	-0.0594 -0.6136 -0.7874 0.0000	</row0>
					<row1>	-0.0416 0.7896 -0.6122 0.0000	</row1>
					<row2>	0.9974 -0.0036 -0.0725 0.0000	</row2>
					<row3>	0.1907 0.3150 6.5420 1.0000	</row3>
				</transform>
			</node>
			<node>
				<identifier>	MP_CM138_Anchor_Bottom	</identifier>
				<transform>
					<row0>	-0.0594 -0.6136 -0.7874 0.0000	</row0>
					<row1>	0.2411 0.7566 -0.6078 0.0000	</row1>
					<row2>	0.9687 -0.2259 0.1029 0.0000	</row2>
					<row3>	0.1907 0.3151 6.5419 1.0000	</row3>
				</transform>
			</node>
			<node>
				<identifier>	MP_CM138_Anchor_Bottom_INDEX_1	</identifier>
				<transform>
					<row0>	-0.1063 -0.6351 -0.7651 0.0000	</row0>
					<row1>	0.2662 0.7232 -0.6372 0.0000	</row1>
					<row2>	0.9580 -0.2714 0.0922 0.0000	</row2>
					<row3>	0.3010 0.3173 6.1215 1.0000	</row3>
				</transform>
			</node>
			<node>
				<identifier>	MP_CM138_Anchor_Bottom_INDEX_2	</identifier>
				<transform>
					<row0>	-0.0594 0.6136 0.7874 0.0000	</row0>
					<row1>	-0.2411 0.7566 -0.6078 0.0000	</row1>
					<row2>	-0.9687 -0.2259 0.1029 0.0000	</row2>
					<row3>	-0.1907 0.3151 6.5419 1.0000	</row3>
				</transform>
			</node>
			<node>
				<identifier>	MP_RM028_Signal_Lamp	</identifier>
				<transform>
					<row0>	1.0000 0.0000 0.0000 0.0000	</row0>
					<row1>	0.0000 1.0000 0.0000 0.0000	</row1>
					<row2>	0.0000 0.0000 1.0000 0.0000	</row2>
					<row3>	0.0000 0.8779 7.1667 1.0000	</row3>
				</transform>
			</node>
			<node>
				<identifier>	MP_RM141_Signal_Lamp	</identifier>
				<transform>
					<row0>	1.0000 0.0000 0.0000 0.0000	</row0>
					<row1>	0.0000 1.0000 0.0000 0.0000	</row1>
					<row2>	0.0000 0.0000 1.0000 0.0000	</row2>
					<row3>	0.0000 1.0823 7.1810 1.0000	</row3>
				</transform>
			</node>
			<node>
				<identifier>	MP_RM145_Turtles_Box	</identifier>
				<transform>
					<row0>	0.1260 0.0000 -0.9920 0.0000	</row0>
					<row1>	0.0000 1.0000 0.0000 0.0000	</row1>
					<row2>	0.9920 0.0000 0.1260 0.0000	</row2>
					<row3>	-0.1480 0.6048 6.5764 1.0000	</row3>
				</transform>
			</node>
			<node>
				<identifier>	MP_RM145_Turtles_Box_INDEX_1	</identifier>
				<transform>
					<row0>	0.1260 0.0000 -0.9920 0.0000	</row0>
					<row1>	0.0000 1.0000 0.0000 0.0000	</row1>
					<row2>	0.9920 0.0000 0.1260 0.0000	</row2>
					<row3>	-0.1480 0.6055 6.1238 1.0000	</row3>
				</transform>
			</node>
			<node>
				<identifier>	MP_RM209_Red_Star	</identifier>
				<transform>
					<row0>	0.4431 0.0044 -1.4331 0.0000	</row0>
					<row1>	0.6377 1.3427 0.2013 0.0000	</row1>
					<row2>	1.2834 -0.6687 0.3947 0.0000	</row2>
					<row3>	0.1282 0.4621 6.8671 1.0000	</row3>
				</transform>
			</node>
			<node>
				<identifier>	MP_RM209_Red_Star_INDEX_1	</identifier>
				<transform>
					<row0>	0.4431 -0.0044 1.4331 0.0000	</row0>
					<row1>	-0.6377 1.3427 0.2013 0.0000	</row1>
					<row2>	-1.2834 -0.6687 0.3947 0.0000	</row2>
					<row3>	-0.1282 0.4621 6.8671 1.0000	</row3>
				</transform>
			</node>
			<node>
				<identifier>	MP_RM278_Ammunition_Box	</identifier>
				<transform>
					<row0>	-0.9249 0.0000 0.3801 0.0000	</row0>
					<row1>	0.0000 1.0000 0.0000 0.0000	</row1>
					<row2>	-0.3801 0.0000 -0.9249 0.0000	</row2>
					<row3>	-0.0692 0.5921 5.9818 1.0000	</row3>
				</transform>
			</node>
			<node>
				<identifier>	MP_RM278_Ammunition_Box_INDEX_1	</identifier>
				<transform>
					<row0>	-0.7868 0.0000 -0.6173 0.0000	</row0>
					<row1>	0.0000 1.0000 0.0000 0.0000	</row1>
					<row2>	0.6173 0.0000 -0.7868 0.0000	</row2>
					<row3>	0.1136 0.5921 6.4608 1.0000	</row3>
				</transform>
			</node>
			<node>
				<identifier>	MP_RM278_Ammunition_Box_INDEX_2	</identifier>
				<transform>
					<row0>	-0.7868 0.0000 -0.6173 0.0000	</row0>
					<row1>	0.0000 1.0000 0.0000 0.0000	</row1>
					<row2>	0.6173 0.0000 -0.7868 0.0000	</row2>
					<row3>	0.1136 0.5921 6.0091 1.0000	</row3>
				</transform>
			</node>
			<node>
				<identifier>	MP_RM278_Ammunition_Box_INDEX_3	</identifier>
				<transform>
					<row0>	-0.9249 0.0000 0.3801 0.0000	</row0>
					<row1>	0.0000 1.0000 0.0000 0.0000	</row1>
					<row2>	-0.3801 0.0000 -0.9249 0.0000	</row2>
					<row3>	-0.0692 0.5921 6.4336 1.0000	</row3>
				</transform>
			</node>
			<node>
				<identifier>	MP_RM278_Ammunition_Box_INDEX_4	</identifier>
				<transform>
					<row0>	-0.9249 0.0000 -0.3801 0.0000	</row0>
					<row1>	0.0000 1.0000 0.0000 0.0000	</row1>
					<row2>	0.3801 0.0000 -0.9249 0.0000	</row2>
					<row3>	0.0692 0.5921 6.4336 1.0000	</row3>
				</transform>
			</node>
			<node>
				<identifier>	MP_RM278_Ammunition_Box_INDEX_5	</identifier>
				<transform>
					<row0>	-0.9249 0.0000 -0.3801 0.0000	</row0>
					<row1>	0.0000 1.0000 0.0000 0.0000	</row1>
					<row2>	0.3801 0.0000 -0.9249 0.0000	</row2>
					<row3>	0.0692 0.5921 5.9818 1.0000	</row3>
				</transform>
			</node>
			<node>
				<identifier>	MP_RM282_Fairlead	</identifier>
				<transform>
					<row0>	-1.4455 0.0000 0.0000 0.0000	</row0>
					<row1>	0.0000 1.4455 0.0000 0.0000	</row1>
					<row2>	0.0000 0.0000 -1.4455 0.0000	</row2>
					<row3>	0.5537 0.5053 5.2497 1.0000	</row3>
				</transform>
			</node>
			<node>
				<identifier>	MP_RM282_Fairlead_INDEX_1	</identifier>
				<transform>
					<row0>	-1.4455 0.0000 0.0000 0.0000	</row0>
					<row1>	0.0000 1.4455 0.0000 0.0000	</row1>
					<row2>	0.0000 0.0000 -1.4455 0.0000	</row2>
					<row3>	-0.5538 0.5059 4.5960 1.0000	</row3>
				</transform>
			</node>
			<node>
				<identifier>	MP_RM282_Fairlead_INDEX_2	</identifier>
				<transform>
					<row0>	-1.4455 0.0000 0.0000 0.0000	</row0>
					<row1>	0.0000 1.4455 0.0000 0.0000	</row1>
					<row2>	0.0000 0.0000 -1.4455 0.0000	</row2>
					<row3>	-0.5537 0.5053 5.2497 1.0000	</row3>
				</transform>
			</node>
			<node>
				<identifier>	MP_RM282_Fairlead_INDEX_3	</identifier>
				<transform>
					<row0>	-1.4455 0.0000 0.0000 0.0000	</row0>
					<row1>	0.0000 1.4455 0.0000 0.0000	</row1>
					<row2>	0.0000 0.0000 -1.4455 0.0000	</row2>
					<row3>	0.5538 0.5059 4.5960 1.0000	</row3>
				</transform>
			</node>
			<node>
				<identifier>	MP_RM284_Hatch	</identifier>
				<transform>
					<row0>	1.0000 0.0000 0.0000 0.0000	</row0>
					<row1>	0.0000 1.0000 0.0000 0.0000	</row1>
					<row2>	0.0000 0.0000 1.0000 0.0000	</row2>
					<row3>	-0.0332 0.5086 4.4819 1.0000	</row3>
				</transform>
			</node>
			<node>
				<identifier>	MP_RM286_Hatch	</identifier>
				<transform>
					<row0>	-1.0000 0.0000 0.0000 0.0000	</row0>
					<row1>	0.0000 1.0000 0.0000 0.0000	</row1>
					<row2>	0.0000 0.0000 -1.0000 0.0000	</row2>
					<row3>	0.1184 0.5059 5.2696 1.0000	</row3>
				</transform>
			</node>
			<node>
				<identifier>	MP_RM286_Hatch_INDEX_1	</identifier>
				<transform>
					<row0>	-1.0000 0.0000 0.0000 0.0000	</row0>
					<row1>	0.0000 1.0000 0.0000 0.0000	</row1>
					<row2>	0.0000 0.0000 -1.0000 0.0000	</row2>
					<row3>	0.0000 0.5898 6.3539 1.0000	</row3>
				</transform>
			</node>
			<node>
				<identifier>	MP_RM286_Hatch_INDEX_2	</identifier>
				<transform>
					<row0>	-1.0000 0.0000 0.0000 0.0000	</row0>
					<row1>	0.0000 1.0000 0.0000 0.0000	</row1>
					<row2>	0.0000 0.0000 -1.0000 0.0000	</row2>
					<row3>	-0.1184 0.5059 5.2696 1.0000	</row3>
				</transform>
			</node>
			<node>
				<identifier>	MP_RM286_Hatch_INDEX_3	</identifier>
				<transform>
					<row0>	-1.0000 0.0000 0.0000 0.0000	</row0>
					<row1>	0.0000 1.0000 0.0000 0.0000	</row1>
					<row2>	0.0000 0.0000 -1.0000 0.0000	</row2>
					<row3>	0.3623 0.5062 4.7029 1.0000	</row3>
				</transform>
			</node>
			<node>
				<identifier>	MP_RM286_Hatch_INDEX_4	</identifier>
				<transform>
					<row0>	-1.0000 0.0000 0.0000 0.0000	</row0>
					<row1>	0.0000 1.0000 0.0000 0.0000	</row1>
					<row2>	0.0000 0.0000 -1.0000 0.0000	</row2>
					<row3>	-0.3623 0.5062 4.7029 1.0000	</row3>
				</transform>
			</node>
			<node>
				<identifier>	MP_RM289_Reel	</identifier>
				<transform>
					<row0>	1.0000 0.0000 0.0000 0.0000	</row0>
					<row1>	0.0000 1.0000 0.0000 0.0000	</row1>
					<row2>	0.0000 0.0000 1.0000 0.0000	</row2>
					<row3>	0.2444 0.5099 4.7086 1.0000	</row3>
				</transform>
			</node>
			<node>
				<identifier>	MP_RM289_Reel_INDEX_1	</identifier>
				<transform>
					<row0>	1.0000 0.0000 0.0000 0.0000	</row0>
					<row1>	0.0000 1.0000 0.0000 0.0000	</row1>
					<row2>	0.0000 0.0000 1.0000 0.0000	</row2>
					<row3>	-0.2444 0.5099 4.7086 1.0000	</row3>
				</transform>
			</node>
			<node>
				<identifier>	MP_RM289_Reel_INDEX_2	</identifier>
				<transform>
					<row0>	1.0000 0.0000 0.0000 0.0000	</row0>
					<row1>	0.0000 1.0000 0.0000 0.0000	</row1>
					<row2>	0.0000 0.0000 1.0000 0.0000	</row2>
					<row3>	0.2979 0.5095 4.4083 1.0000	</row3>
				</transform>
			</node>
			<node>
				<identifier>	MP_RM335_Fire_Hose_Rack_box	</identifier>
				<transform>
					<row0>	0.8427 -0.0071 0.5383 0.0000	</row0>
					<row1>	0.1399 -0.9627 -0.2317 0.0000	</row1>
					<row2>	0.5199 0.2706 -0.8102 0.0000	</row2>
					<row3>	-0.3444 0.5594 4.5599 1.0000	</row3>
				</transform>
			</node>
			<node>
				<identifier>	MP_RM335_Fire_Hose_Rack_box_INDEX_1	</identifier>
				<transform>
					<row0>	0.8427 0.0071 -0.5383 0.0000	</row0>
					<row1>	-0.1399 -0.9627 -0.2317 0.0000	</row1>
					<row2>	-0.5199 0.2706 -0.8102 0.0000	</row2>
					<row3>	0.3444 0.5594 4.5599 1.0000	</row3>
				</transform>
			</node>
			<node>
				<identifier>	MP_RM335_Fire_Hose_Rack_box_INDEX_2	</identifier>
				<transform>
					<row0>	0.9996 0.0233 0.0187 0.0000	</row0>
					<row1>	-0.0298 0.7191 0.6943 0.0000	</row1>
					<row2>	0.0027 -0.6945 0.7195 0.0000	</row2>
					<row3>	-0.2179 0.5360 5.8173 1.0000	</row3>
				</transform>
			</node>
			<node>
				<identifier>	MP_RM335_Fire_Hose_Rack_box_INDEX_3	</identifier>
				<transform>
					<row0>	0.8484 0.0000 0.5293 0.0000	</row0>
					<row1>	0.0000 1.0000 0.0000 0.0000	</row1>
					<row2>	-0.5293 0.0000 0.8484 0.0000	</row2>
					<row3>	-0.3233 0.5410 4.4915 1.0000	</row3>
				</transform>
			</node>
			<node>
				<identifier>	MP_RM335_Fire_Hose_Rack_box_INDEX_4	</identifier>
				<transform>
					<row0>	0.8484 0.0000 -0.5293 0.0000	</row0>
					<row1>	0.0000 1.0000 0.0000 0.0000	</row1>
					<row2>	0.5293 0.0000 0.8484 0.0000	</row2>
					<row3>	0.3233 0.5410 4.4915 1.0000	</row3>
				</transform>
			</node>
			<node>
				<identifier>	MP_RM335_Fire_Hose_Rack_box_INDEX_5	</identifier>
				<transform>
					<row0>	0.9996 -0.0233 -0.0187 0.0000	</row0>
					<row1>	0.0298 0.7191 0.6943 0.0000	</row1>
					<row2>	-0.0027 -0.6945 0.7195 0.0000	</row2>
					<row3>	0.2179 0.5360 5.8173 1.0000	</row3>
				</transform>
			</node>
			<node>
				<identifier>	SP_YMS001_YHBM_M_1	</identifier>
				<transform>
					<row0>	1.0000 0.0000 0.0000 0.0000	</row0>
					<row1>	0.0000 1.0000 0.0000 0.0000	</row1>
					<row2>	0.0000 0.0000 1.0000 0.0000	</row2>
					<row3>	0.0000 0.6353 7.2035 1.0000	</row3>
				</transform>
			</node>
			<node>
				<identifier>	SP_YMS002_YHBL_M_1	</identifier>
				<transform>
					<row0>	0.9848 0.0000 -0.1736 0.0000	</row0>
					<row1>	0.0000 1.0000 0.0000 0.0000	</row1>
					<row2>	0.1736 0.0000 0.9848 0.0000	</row2>
					<row3>	0.0000 0.6015 7.1941 1.0000	</row3>
				</transform>
			</node>
			<node>
				<identifier>	SP_YMS003_YHBR_M_1	</identifier>
				<transform>
					<row0>	0.9848 0.0000 0.1736 0.0000	</row0>
					<row1>	0.0000 1.0000 0.0000 0.0000	</row1>
					<row2>	-0.1736 0.0000 0.9848 0.0000	</row2>
					<row3>	0.0000 0.6015 7.1941 1.0000	</row3>
				</transform>
			</node>
			<node>
				<identifier>	SP_YMS004_YHXL_L_1	</identifier>
				<transform>
					<row0>	0.7922 0.4885 -0.2123 0.0000	</row0>
					<row1>	-0.4719 0.8201 0.1264 0.0000	</row1>
					<row2>	0.2471 0.0000 0.9221 0.0000	</row2>
					<row3>	-0.1863 0.4195 6.5571 1.0000	</row3>
				</transform>
			</node>
			<node>
				<identifier>	SP_YMS004_YHXL_L_1_INDEX_1	</identifier>
				<transform>
					<row0>	0.7579 0.5494 -0.2031 0.0000	</row0>
					<row1>	-0.5307 0.7846 0.1422 0.0000	</row1>
					<row2>	0.2479 0.0000 0.9252 0.0000	</row2>
					<row3>	-0.3592 0.4422 6.0170 1.0000	</row3>
				</transform>
			</node>
			<node>
				<identifier>	SP_YMS005_YHXR_L_1	</identifier>
				<transform>
					<row0>	0.7912 -0.5736 0.2120 0.0000	</row0>
					<row1>	0.5540 0.8192 0.1485 0.0000	</row1>
					<row2>	-0.2588 0.0000 0.9659 0.0000	</row2>
					<row3>	0.3333 0.3646 5.9805 1.0000	</row3>
				</transform>
			</node>
			<node>
				<identifier>	SP_YMS005_YHXR_L_1_INDEX_1	</identifier>
				<transform>
					<row0>	0.8127 -0.3715 0.2178 0.0000	</row0>
					<row1>	0.3588 0.8414 0.0961 0.0000	</row1>
					<row2>	-0.2380 0.0000 0.8884 0.0000	</row2>
					<row3>	0.1863 0.4195 6.5571 1.0000	</row3>
				</transform>
			</node>
			<node>
				<identifier>	SP_YMS010_YHWM_L_1	</identifier>
				<transform>
					<row0>	0.8560 0.0000 0.0000 0.0000	</row0>
					<row1>	0.0000 0.8560 0.0000 0.0000	</row1>
					<row2>	0.0000 0.0000 0.8560 0.0000	</row2>
					<row3>	0.0038 0.0000 6.9570 1.0000	</row3>
				</transform>
			</node>
			<node>
				<identifier>	SP_YMS011_YHWL_M_1_INDEX_1	</identifier>
				<transform>
					<row0>	0.9545 0.1732 -0.2430 0.0000	</row0>
					<row1>	-0.1686 0.9849 0.0396 0.0000	</row1>
					<row2>	0.2462 0.0031 0.9692 0.0000	</row2>
					<row3>	-0.5275 0.0000 4.6825 1.0000	</row3>
				</transform>
			</node>
			<node>
				<identifier>	SP_YMS011_YHWL_M_1_INDEX_9	</identifier>
				<transform>
					<row0>	0.9392 0.2620 -0.2220 0.0000	</row0>
					<row1>	-0.2565 0.9651 0.0537 0.0000	</row1>
					<row2>	0.2283 0.0065 0.9736 0.0000	</row2>
					<row3>	-0.3236 0.0000 5.4926 1.0000	</row3>
				</transform>
			</node>
			<node>
				<identifier>	SP_YMS012_YHWR_M_1	</identifier>
				<transform>
					<row0>	0.9392 -0.2620 0.2220 0.0000	</row0>
					<row1>	0.2565 0.9651 0.0537 0.0000	</row1>
					<row2>	-0.2283 0.0065 0.9736 0.0000	</row2>
					<row3>	0.3236 0.0000 5.4926 1.0000	</row3>
				</transform>
			</node>
			<node>
				<identifier>	SP_YMS012_YHWR_M_1_INDEX_1	</identifier>
				<transform>
					<row0>	0.9545 -0.1732 0.2430 0.0000	</row0>
					<row1>	0.1686 0.9849 0.0396 0.0000	</row1>
					<row2>	-0.2462 0.0031 0.9692 0.0000	</row2>
					<row3>	0.5275 0.0000 4.6825 1.0000	</row3>
				</transform>
			</node>
			<node>
				<identifier>	SP_YMS020_YHBU_M_1	</identifier>
				<transform>
					<row0>	1.4742 0.0000 0.0000 0.0000	</row0>
					<row1>	0.0000 1.4742 0.0000 0.0000	</row1>
					<row2>	0.0000 0.0000 1.4742 0.0000	</row2>
					<row3>	0.0038 -0.1091 6.5918 1.0000	</row3>
				</transform>
			</node>
			<node>
				<identifier>	SP_YMS053_YHDC_S_1_INDEX_1	</identifier>
				<transform>
					<row0>	1.0000 0.0000 0.0000 0.0000	</row0>
					<row1>	0.0000 1.0000 0.0000 0.0000	</row1>
					<row2>	0.0000 0.0000 1.0000 0.0000	</row2>
					<row3>	-0.1668 0.5191 5.5514 1.0000	</row3>
				</transform>
			</node>
			<node>
				<identifier>	SP_YMS053_YHDC_S_1_INDEX_4	</identifier>
				<transform>
					<row0>	1.0000 0.0000 0.0000 0.0000	</row0>
					<row1>	0.0000 1.0000 0.0000 0.0000	</row1>
					<row2>	0.0000 0.0000 1.0000 0.0000	</row2>
					<row3>	0.1668 0.5191 5.5514 1.0000	</row3>
				</transform>
			</node>
			<node>
				<identifier>	SP_YMS063_YHGQ_S_1	</identifier>
				<transform>
					<row0>	-0.0480 0.0000 -0.7742 0.0000	</row0>
					<row1>	0.0000 0.7757 0.0000 0.0000	</row1>
					<row2>	0.7742 0.0000 -0.0480 0.0000	</row2>
					<row3>	-0.0377 0.6763 6.6020 1.0000	</row3>
				</transform>
			</node>
			<node>
				<identifier>	SP_YMS063_YHGQ_S_1_INDEX_1	</identifier>
				<transform>
					<row0>	0.0872 0.0000 -0.7708 0.0000	</row0>
					<row1>	0.0000 0.7757 0.0000 0.0000	</row1>
					<row2>	0.7708 0.0000 0.0872 0.0000	</row2>
					<row3>	-0.0402 0.6773 6.1347 1.0000	</row3>
				</transform>
			</node>
			<node>
				<identifier>	SP_YMS063_YHGQ_S_1_INDEX_11	</identifier>
				<transform>
					<row0>	0.0872 0.0000 0.7708 0.0000	</row0>
					<row1>	0.0000 0.7757 0.0000 0.0000	</row1>
					<row2>	-0.7708 0.0000 0.0872 0.0000	</row2>
					<row3>	0.0402 0.6773 6.1347 1.0000	</row3>
				</transform>
			</node>
			<node>
				<identifier>	SP_YMS063_YHGQ_S_1_INDEX_2	</identifier>
				<transform>
					<row0>	-0.0480 0.0000 0.7742 0.0000	</row0>
					<row1>	0.0000 0.7757 0.0000 0.0000	</row1>
					<row2>	-0.7742 0.0000 -0.0480 0.0000	</row2>
					<row3>	0.0377 0.6763 6.6020 1.0000	</row3>
				</transform>
			</node>
			<node>
				<identifier>	SP_YMS080_YHSL_M_1	</identifier>
				<transform>
					<row0>	0.7454 0.4652 -0.1947 0.0000	</row0>
					<row1>	-0.4779 0.7626 -0.0075 0.0000	</row1>
					<row2>	0.1611 0.1096 0.8786 0.0000	</row2>
					<row3>	-0.4233 0.2975 5.4287 1.0000	</row3>
				</transform>
			</node>
			<node>
				<identifier>	SP_YMS081_YHSR_M_1	</identifier>
				<transform>
					<row0>	0.7454 -0.4652 0.1947 0.0000	</row0>
					<row1>	0.4779 0.7626 -0.0075 0.0000	</row1>
					<row2>	-0.1611 0.1096 0.8786 0.0000	</row2>
					<row3>	0.4233 0.2975 5.4287 1.0000	</row3>
				</transform>
			</node>
			<node>
				<identifier>	SP_YMS095_YHZC_M_1_INDEX_3	</identifier>
				<transform>
					<row0>	0.0000 0.0000 0.9265 0.0000	</row0>
					<row1>	0.0000 0.9265 0.0000 0.0000	</row1>
					<row2>	-0.9265 0.0000 0.0000 0.0000	</row2>
					<row3>	0.5734 0.5038 4.8033 1.0000	</row3>
				</transform>
			</node>
			<node>
				<identifier>	SP_YMS095_YHZC_M_1_INDEX_4	</identifier>
				<transform>
					<row0>	0.0000 0.0000 -0.9265 0.0000	</row0>
					<row1>	0.0000 0.9265 0.0000 0.0000	</row1>
					<row2>	0.9265 0.0000 0.0000 0.0000	</row2>
					<row3>	-0.5734 0.5038 4.7914 1.0000	</row3>
				</transform>
			</node>
		</node>
	</node>
	<boundingBox>
		<min>	-0.0667 -0.0667 -0.0667	</min>
		<max>	0.0667 0.0667 0.0667	</max>
	</boundingBox>
</RSB029_Navarin_1944_Bow_ports.visual>
