<AGM049_14in50_3Gun_Turret.visual>
	<node>
		<identifier>	Scene Root	</identifier>
		<transform>
			<row0>	1.0000 0.0000 0.0000 0.0000	</row0>
			<row1>	0.0000 1.0000 0.0000 0.0000	</row1>
			<row2>	0.0000 0.0000 1.0000 0.0000	</row2>
			<row3>	0.0000 0.0000 0.0000 1.0000	</row3>
		</transform>
		<node>
			<identifier>	Root	</identifier>
			<transform>
				<row0>	1.0000 0.0000 0.0000 0.0000	</row0>
				<row1>	0.0000 1.0000 0.0000 0.0000	</row1>
				<row2>	0.0000 0.0000 1.0000 0.0000	</row2>
				<row3>	0.0000 0.0000 0.0000 1.0000	</row3>
			</transform>
			<node>
				<identifier>	Root_BlendBone	</identifier>
				<transform>
					<row0>	1.0000 0.0000 0.0000 0.0000	</row0>
					<row1>	0.0000 1.0000 0.0000 0.0000	</row1>
					<row2>	0.0000 0.0000 -1.0000 0.0000	</row2>
					<row3>	0.0000 0.0000 0.0000 1.0000	</row3>
				</transform>
			</node>
			<node>
				<identifier>	Rotate_Y	</identifier>
				<transform>
					<row0>	1.0000 0.0000 0.0000 0.0000	</row0>
					<row1>	0.0000 1.0000 0.0000 0.0000	</row1>
					<row2>	0.0000 0.0000 1.0000 0.0000	</row2>
					<row3>	0.0000 0.0320 0.0000 1.0000	</row3>
				</transform>
				<node>
					<identifier>	HP_AGA_1	</identifier>
					<transform>
						<row0>	0.0000 0.0000 1.0000 0.0000	</row0>
						<row1>	0.0000 1.0000 0.0000 0.0000	</row1>
						<row2>	-1.0000 0.0000 0.0000 0.0000	</row2>
						<row3>	-0.2644 0.1415 -0.0822 1.0000	</row3>
					</transform>
				</node>
				<node>
					<identifier>	HP_AGA_2	</identifier>
					<transform>
						<row0>	0.0000 0.0000 -1.0000 0.0000	</row0>
						<row1>	0.0000 1.0000 0.0000 0.0000	</row1>
						<row2>	1.0000 0.0000 0.0000 0.0000	</row2>
						<row3>	0.2644 0.1415 -0.0822 1.0000	</row3>
					</transform>
				</node>
				<node>
					<identifier>	HP_AGA_3	</identifier>
					<transform>
						<row0>	0.0000 0.0000 1.0000 0.0000	</row0>
						<row1>	0.0000 1.0000 0.0000 0.0000	</row1>
						<row2>	-1.0000 0.0000 0.0000 0.0000	</row2>
						<row3>	-0.2072 0.1581 -0.3453 1.0000	</row3>
					</transform>
				</node>
				<node>
					<identifier>	HP_AGA_4	</identifier>
					<transform>
						<row0>	0.0000 0.0000 -1.0000 0.0000	</row0>
						<row1>	0.0000 1.0000 0.0000 0.0000	</row1>
						<row2>	1.0000 0.0000 0.0000 0.0000	</row2>
						<row3>	0.2072 0.1581 -0.3453 1.0000	</row3>
					</transform>
				</node>
				<node>
					<identifier>	MP_AM054_Boat_6	</identifier>
					<transform>
						<row0>	-0.3164 0.9452 0.0800 0.0000	</row0>
						<row1>	0.9167 0.3264 -0.2306 0.0000	</row1>
						<row2>	-0.2441 0.0004 -0.9697 0.0000	</row2>
						<row3>	0.2688 0.0061 -0.3899 1.0000	</row3>
					</transform>
				</node>
				<node>
					<identifier>	MP_AM054_Boat_6_INDEX_1	</identifier>
					<transform>
						<row0>	0.0000 -0.0624 0.9981 0.0000	</row0>
						<row1>	0.0000 0.9981 0.0624 0.0000	</row1>
						<row2>	-1.0000 0.0000 0.0000 0.0000	</row2>
						<row3>	0.1063 0.1259 0.0870 1.0000	</row3>
					</transform>
				</node>
				<node>
					<identifier>	MP_AM054_Boat_6_INDEX_10	</identifier>
					<transform>
						<row0>	0.3377 0.9377 0.0819 0.0000	</row0>
						<row1>	-0.9090 0.3474 -0.2302 0.0000	</row1>
						<row2>	-0.2443 0.0033 0.9697 0.0000	</row2>
						<row3>	-0.2986 0.0470 -0.1852 1.0000	</row3>
					</transform>
				</node>
				<node>
					<identifier>	MP_AM054_Boat_6_INDEX_11	</identifier>
					<transform>
						<row0>	-0.4597 0.8706 -0.1753 0.0000	</row0>
						<row1>	0.8054 0.4918 0.3307 0.0000	</row1>
						<row2>	0.3742 0.0108 -0.9273 0.0000	</row2>
						<row3>	0.2721 0.0417 0.0640 1.0000	</row3>
					</transform>
				</node>
				<node>
					<identifier>	MP_AM054_Boat_6_INDEX_2	</identifier>
					<transform>
						<row0>	0.0000 0.0608 -0.9982 0.0000	</row0>
						<row1>	0.0000 0.9982 0.0608 0.0000	</row1>
						<row2>	1.0000 0.0000 0.0000 0.0000	</row2>
						<row3>	0.0000 0.1325 -0.0263 1.0000	</row3>
					</transform>
				</node>
				<node>
					<identifier>	MP_AM054_Boat_6_INDEX_3	</identifier>
					<transform>
						<row0>	0.4646 0.8707 -0.1611 0.0000	</row0>
						<row1>	-0.8074 0.4913 0.3268 0.0000	</row1>
						<row2>	0.3637 -0.0217 0.9313 0.0000	</row2>
						<row3>	-0.2720 0.0415 0.0639 1.0000	</row3>
					</transform>
				</node>
				<node>
					<identifier>	MP_AM054_Boat_6_INDEX_4	</identifier>
					<transform>
						<row0>	-0.3401 0.9364 0.0860 0.0000	</row0>
						<row1>	0.9081 0.3508 -0.2285 0.0000	</row1>
						<row2>	-0.2441 0.0004 -0.9697 0.0000	</row2>
						<row3>	0.2992 0.0454 -0.1838 1.0000	</row3>
					</transform>
				</node>
				<node>
					<identifier>	MP_AM054_Boat_6_INDEX_5	</identifier>
					<transform>
						<row0>	0.0000 0.0624 -0.9981 0.0000	</row0>
						<row1>	0.0000 0.9981 0.0624 0.0000	</row1>
						<row2>	1.0000 0.0000 0.0000 0.0000	</row2>
						<row3>	-0.1063 0.1259 0.0870 1.0000	</row3>
					</transform>
				</node>
				<node>
					<identifier>	MP_AM054_Boat_6_INDEX_6	</identifier>
					<transform>
						<row0>	0.0000 0.0635 -0.9980 0.0000	</row0>
						<row1>	0.0000 0.9980 0.0635 0.0000	</row1>
						<row2>	1.0000 0.0000 0.0000 0.0000	</row2>
						<row3>	0.0000 0.1397 -0.1422 1.0000	</row3>
					</transform>
				</node>
				<node>
					<identifier>	MP_AM054_Boat_6_INDEX_7	</identifier>
					<transform>
						<row0>	-0.3401 0.9364 0.0860 0.0000	</row0>
						<row1>	0.9081 0.3508 -0.2285 0.0000	</row1>
						<row2>	-0.2441 0.0004 -0.9697 0.0000	</row2>
						<row3>	0.2466 0.0455 -0.3928 1.0000	</row3>
					</transform>
				</node>
				<node>
					<identifier>	MP_AM054_Boat_6_INDEX_8	</identifier>
					<transform>
						<row0>	-0.3164 -0.9452 -0.0800 0.0000	</row0>
						<row1>	-0.9167 0.3264 -0.2306 0.0000	</row1>
						<row2>	0.2441 0.0004 -0.9697 0.0000	</row2>
						<row3>	-0.2688 0.0061 -0.3899 1.0000	</row3>
					</transform>
				</node>
				<node>
					<identifier>	MP_AM054_Boat_6_INDEX_9	</identifier>
					<transform>
						<row0>	-0.3137 -0.9462 -0.0793 0.0000	</row0>
						<row1>	-0.9183 0.3236 -0.2283 0.0000	</row1>
						<row2>	0.2417 0.0012 -0.9704 0.0000	</row2>
						<row3>	-0.2451 0.0483 -0.4002 1.0000	</row3>
					</transform>
				</node>
				<node>
					<identifier>	MP_AM250_Ammunition_Box	</identifier>
					<transform>
						<row0>	-0.9871 -0.0112 0.1596 0.0000	</row0>
						<row1>	-0.0025 0.9985 0.0546 0.0000	</row1>
						<row2>	-0.1600 0.0535 -0.9857 0.0000	</row2>
						<row3>	0.2114 0.1501 -0.2013 1.0000	</row3>
					</transform>
				</node>
				<node>
					<identifier>	MP_AM250_Ammunition_Box_INDEX_1	</identifier>
					<transform>
						<row0>	0.1645 0.0536 -0.9849 0.0000	</row0>
						<row1>	-0.0088 0.9986 0.0529 0.0000	</row1>
						<row2>	0.9863 0.0000 0.1647 0.0000	</row2>
						<row3>	-0.1181 0.1494 -0.2075 1.0000	</row3>
					</transform>
				</node>
				<node>
					<identifier>	MP_AM250_Ammunition_Box_INDEX_2	</identifier>
					<transform>
						<row0>	-0.9871 0.0112 -0.1596 0.0000	</row0>
						<row1>	0.0025 0.9985 0.0546 0.0000	</row1>
						<row2>	0.1600 0.0535 -0.9857 0.0000	</row2>
						<row3>	-0.2114 0.1501 -0.2013 1.0000	</row3>
					</transform>
				</node>
				<node>
					<identifier>	MP_AM250_Ammunition_Box_INDEX_3	</identifier>
					<transform>
						<row0>	-0.9871 0.0112 -0.1596 0.0000	</row0>
						<row1>	0.0025 0.9985 0.0546 0.0000	</row1>
						<row2>	0.1600 0.0535 -0.9857 0.0000	</row2>
						<row3>	-0.2052 0.1522 -0.2399 1.0000	</row3>
					</transform>
				</node>
				<node>
					<identifier>	MP_AM250_Ammunition_Box_INDEX_4	</identifier>
					<transform>
						<row0>	-0.7353 0.0330 -0.6770 0.0000	</row0>
						<row1>	0.0030 0.9990 0.0454 0.0000	</row1>
						<row2>	0.6778 0.0314 -0.7346 0.0000	</row2>
						<row3>	-0.1252 0.1653 -0.4535 1.0000	</row3>
					</transform>
				</node>
				<node>
					<identifier>	MP_AM250_Ammunition_Box_INDEX_5	</identifier>
					<transform>
						<row0>	-0.7353 -0.0330 0.6770 0.0000	</row0>
						<row1>	-0.0030 0.9990 0.0454 0.0000	</row1>
						<row2>	-0.6778 0.0314 -0.7346 0.0000	</row2>
						<row3>	0.1252 0.1653 -0.4535 1.0000	</row3>
					</transform>
				</node>
				<node>
					<identifier>	MP_AM250_Ammunition_Box_INDEX_6	</identifier>
					<transform>
						<row0>	0.1645 -0.0522 0.9850 0.0000	</row0>
						<row1>	0.0086 0.9986 0.0515 0.0000	</row1>
						<row2>	-0.9863 0.0000 0.1647 0.0000	</row2>
						<row3>	0.1179 0.1494 -0.2086 1.0000	</row3>
					</transform>
				</node>
				<node>
					<identifier>	MP_AM250_Ammunition_Box_INDEX_7	</identifier>
					<transform>
						<row0>	-0.9871 -0.0112 0.1596 0.0000	</row0>
						<row1>	-0.0025 0.9985 0.0546 0.0000	</row1>
						<row2>	-0.1600 0.0535 -0.9857 0.0000	</row2>
						<row3>	0.2052 0.1522 -0.2399 1.0000	</row3>
					</transform>
				</node>
				<node>
					<identifier>	MP_AM650_Radar_Mk27	</identifier>
					<transform>
						<row0>	0.8660 0.0000 0.5000 0.0000	</row0>
						<row1>	0.0000 1.0000 0.0000 0.0000	</row1>
						<row2>	-0.5000 0.0000 0.8660 0.0000	</row2>
						<row3>	-0.3528 0.0254 -0.0400 1.0000	</row3>
					</transform>
				</node>
				<node>
					<identifier>	MP_AM650_Radar_Mk27_INDEX_1	</identifier>
					<transform>
						<row0>	0.8660 0.0000 -0.5000 0.0000	</row0>
						<row1>	0.0000 1.0000 0.0000 0.0000	</row1>
						<row2>	0.5000 0.0000 0.8660 0.0000	</row2>
						<row3>	0.3529 0.0254 -0.0393 1.0000	</row3>
					</transform>
				</node>
				<node>
					<identifier>	MP_AM707_Periscope_short	</identifier>
					<transform>
						<row0>	1.0000 0.0000 0.0000 0.0000	</row0>
						<row1>	0.0000 1.0000 0.0000 0.0000	</row1>
						<row2>	0.0000 0.0000 1.0000 0.0000	</row2>
						<row3>	-0.0698 0.1548 -0.4564 1.0000	</row3>
					</transform>
				</node>
				<node>
					<identifier>	MP_AM707_Periscope_short_INDEX_1	</identifier>
					<transform>
						<row0>	1.0000 0.0000 0.0000 0.0000	</row0>
						<row1>	0.0000 1.0000 0.0000 0.0000	</row1>
						<row2>	0.0000 0.0000 1.0000 0.0000	</row2>
						<row3>	0.0698 0.1548 -0.4564 1.0000	</row3>
					</transform>
				</node>
				<node>
					<identifier>	MP_AM708_Periscope_tall	</identifier>
					<transform>
						<row0>	1.0000 0.0000 0.0000 0.0000	</row0>
						<row1>	0.0000 1.0000 0.0000 0.0000	</row1>
						<row2>	0.0000 0.0000 1.0000 0.0000	</row2>
						<row3>	-0.0474 0.1520 -0.3962 1.0000	</row3>
					</transform>
				</node>
				<node>
					<identifier>	MP_AM708_Periscope_tall_INDEX_1	</identifier>
					<transform>
						<row0>	1.0000 0.0000 0.0000 0.0000	</row0>
						<row1>	0.0000 1.0000 0.0000 0.0000	</row1>
						<row2>	0.0000 0.0000 1.0000 0.0000	</row2>
						<row3>	-0.0698 0.1548 -0.4564 1.0000	</row3>
					</transform>
				</node>
				<node>
					<identifier>	MP_AM708_Periscope_tall_INDEX_2	</identifier>
					<transform>
						<row0>	1.0000 0.0000 0.0000 0.0000	</row0>
						<row1>	0.0000 1.0000 0.0000 0.0000	</row1>
						<row2>	0.0000 0.0000 1.0000 0.0000	</row2>
						<row3>	0.0698 0.1548 -0.4564 1.0000	</row3>
					</transform>
				</node>
				<node>
					<identifier>	MP_AM708_Periscope_tall_INDEX_3	</identifier>
					<transform>
						<row0>	1.0000 0.0000 0.0000 0.0000	</row0>
						<row1>	0.0000 1.0000 0.0000 0.0000	</row1>
						<row2>	0.0000 0.0000 1.0000 0.0000	</row2>
						<row3>	0.0569 0.1488 -0.3270 1.0000	</row3>
					</transform>
				</node>
				<node>
					<identifier>	MP_AM790_Gun_Deck	</identifier>
					<transform>
						<row0>	1.0000 0.0000 0.0000 0.0000	</row0>
						<row1>	0.0000 1.0000 0.0000 0.0000	</row1>
						<row2>	0.0000 0.0000 1.0000 0.0000	</row2>
						<row3>	0.0000 -0.0320 0.0000 1.0000	</row3>
					</transform>
				</node>
				<node>
					<identifier>	MP_AM795_Rangefinder	</identifier>
					<transform>
						<row0>	1.0000 0.0000 0.0000 0.0000	</row0>
						<row1>	0.0000 1.0000 0.0000 0.0000	</row1>
						<row2>	0.0000 0.0000 1.0000 0.0000	</row2>
						<row3>	0.0000 -0.0320 0.0000 1.0000	</row3>
					</transform>
				</node>
				<node>
					<identifier>	MP_AM796_Ventilation	</identifier>
					<transform>
						<row0>	1.0000 0.0000 0.0000 0.0000	</row0>
						<row1>	0.0000 1.0000 0.0000 0.0000	</row1>
						<row2>	0.0000 0.0000 1.0000 0.0000	</row2>
						<row3>	0.0000 -0.0320 0.0000 1.0000	</row3>
					</transform>
				</node>
				<node>
					<identifier>	MP_AM797_RLS_place	</identifier>
					<transform>
						<row0>	1.0000 0.0000 0.0000 0.0000	</row0>
						<row1>	0.0000 1.0000 0.0000 0.0000	</row1>
						<row2>	0.0000 0.0000 1.0000 0.0000	</row2>
						<row3>	0.0000 -0.0320 0.0000 1.0000	</row3>
					</transform>
				</node>
				<node>
					<identifier>	MP_AM798_Ladder_1	</identifier>
					<transform>
						<row0>	1.0000 0.0000 0.0000 0.0000	</row0>
						<row1>	0.0000 1.0000 0.0000 0.0000	</row1>
						<row2>	0.0000 0.0000 1.0000 0.0000	</row2>
						<row3>	0.0000 -0.0320 0.0000 1.0000	</row3>
					</transform>
				</node>
				<node>
					<identifier>	MP_AM799_Ladder_2	</identifier>
					<transform>
						<row0>	1.0000 0.0000 0.0000 0.0000	</row0>
						<row1>	0.0000 1.0000 0.0000 0.0000	</row1>
						<row2>	0.0000 0.0000 1.0000 0.0000	</row2>
						<row3>	0.0000 -0.0320 0.0000 1.0000	</row3>
					</transform>
				</node>
				<node>
					<identifier>	Rotate_X	</identifier>
					<transform>
						<row0>	1.0000 0.0000 0.0000 0.0000	</row0>
						<row1>	0.0000 1.0000 0.0000 0.0000	</row1>
						<row2>	0.0000 0.0000 1.0000 0.0000	</row2>
						<row3>	0.0000 0.0309 0.1833 1.0000	</row3>
					</transform>
					<node>
						<identifier>	HP_gunFireEffect	</identifier>
						<transform>
							<row0>	1.0000 0.0000 0.0000 0.0000	</row0>
							<row1>	0.0000 1.0000 0.0000 0.0000	</row1>
							<row2>	0.0000 0.0000 1.0000 0.0000	</row2>
							<row3>	0.0000 0.0000 0.8666 1.0000	</row3>
						</transform>
					</node>
					<node>
						<identifier>	Roll_Back1	</identifier>
						<transform>
							<row0>	1.0000 0.0000 0.0000 0.0000	</row0>
							<row1>	0.0000 1.0000 0.0000 0.0000	</row1>
							<row2>	0.0000 0.0000 1.0000 0.0000	</row2>
							<row3>	0.0000 0.0000 0.8664 1.0000	</row3>
						</transform>
						<node>
							<identifier>	HP_gunFire1	</identifier>
							<transform>
								<row0>	1.0000 0.0000 0.0000 0.0000	</row0>
								<row1>	0.0000 1.0000 0.0000 0.0000	</row1>
								<row2>	0.0000 0.0000 1.0000 0.0000	</row2>
								<row3>	0.1209 0.0000 0.0001 1.0000	</row3>
							</transform>
						</node>
						<node>
							<identifier>	HP_gunFire2	</identifier>
							<transform>
								<row0>	1.0000 0.0000 0.0000 0.0000	</row0>
								<row1>	0.0000 1.0000 0.0000 0.0000	</row1>
								<row2>	0.0000 0.0000 1.0000 0.0000	</row2>
								<row3>	0.0000 0.0000 0.0001 1.0000	</row3>
							</transform>
						</node>
						<node>
							<identifier>	HP_gunFire3	</identifier>
							<transform>
								<row0>	1.0000 0.0000 0.0000 0.0000	</row0>
								<row1>	0.0000 1.0000 0.0000 0.0000	</row1>
								<row2>	0.0000 0.0000 1.0000 0.0000	</row2>
								<row3>	-0.1209 0.0000 0.0001 1.0000	</row3>
							</transform>
						</node>
						<node>
							<identifier>	Roll_Back1_BlendBone	</identifier>
							<transform>
								<row0>	1.0000 0.0000 0.0000 0.0000	</row0>
								<row1>	0.0000 1.0000 0.0000 0.0000	</row1>
								<row2>	0.0000 0.0000 -1.0000 0.0000	</row2>
								<row3>	0.0000 -0.0629 -1.0497 1.0000	</row3>
							</transform>
						</node>
					</node>
					<node>
						<identifier>	Rotate_X_BlendBone	</identifier>
						<transform>
							<row0>	1.0000 0.0000 0.0000 0.0000	</row0>
							<row1>	0.0000 1.0000 0.0000 0.0000	</row1>
							<row2>	0.0000 0.0000 -1.0000 0.0000	</row2>
							<row3>	0.0000 -0.0629 -0.1833 1.0000	</row3>
						</transform>
					</node>
				</node>
				<node>
					<identifier>	Rotate_Y_BlendBone	</identifier>
					<transform>
						<row0>	1.0000 0.0000 0.0000 0.0000	</row0>
						<row1>	0.0000 1.0000 0.0000 0.0000	</row1>
						<row2>	0.0000 0.0000 -1.0000 0.0000	</row2>
						<row3>	0.0000 -0.0320 0.0000 1.0000	</row3>
					</transform>
				</node>
			</node>
		</node>
		<node>
			<identifier>	Turret	</identifier>
			<transform>
				<row0>	1.0000 0.0000 0.0000 0.0000	</row0>
				<row1>	0.0000 1.0000 0.0000 0.0000	</row1>
				<row2>	0.0000 0.0000 1.0000 0.0000	</row2>
				<row3>	0.0000 0.0000 0.0000 1.0000	</row3>
			</transform>
		</node>
	</node>
	<renderSet>
		<treatAsWorldSpaceObject>	true	</treatAsWorldSpaceObject>
		<node>	Rotate_Y_BlendBone	</node>
		<node>	Rotate_X_BlendBone	</node>
		<node>	Roll_Back1_BlendBone	</node>
		<geometry>
			<vertices>	TurretShape.vertices	</vertices>
			<primitive>	TurretShape.indices	</primitive>
			<primitiveGroup>	0
				<material>
					<identifier>	TL2_SHIPMAT_PBS_Gun_skinned	</identifier>
					<mfm>	PnFMods/ModsSDK.zip/ASB707_California/gun/AGM049_14in50_3Gun_Turret_skinned.mfm	</mfm>
				</material>
			</primitiveGroup>
		</geometry>
	</renderSet>
	<boundingBox>
		<min>	-0.3553 0.0000 -0.5554	</min>
		<max>	0.3553 0.1962 1.0532	</max>
	</boundingBox>
</AGM049_14in50_3Gun_Turret.visual>
