<HSC010_Gouden_Leeuw_1948_MidFront_ports.visual>
	<node>
		<identifier>	Scene Root	</identifier>
		<transform>
			<row0>	1.0000 0.0000 0.0000 0.0000	</row0>
			<row1>	0.0000 1.0000 0.0000 0.0000	</row1>
			<row2>	0.0000 0.0000 1.0000 0.0000	</row2>
			<row3>	0.0000 0.0000 0.0000 1.0000	</row3>
		</transform>
		<node>
			<identifier>	MidFront_ports	</identifier>
			<transform>
				<row0>	1.0000 0.0000 0.0000 0.0000	</row0>
				<row1>	0.0000 1.0000 0.0000 0.0000	</row1>
				<row2>	0.0000 0.0000 1.0000 0.0000	</row2>
				<row3>	0.0000 0.0000 0.0000 1.0000	</row3>
			</transform>
			<node>
				<identifier>	HP_FX_Death_1	</identifier>
				<transform>
					<row0>	1.0000 0.0000 0.0000 0.0000	</row0>
					<row1>	0.0000 1.0000 0.0000 0.0000	</row1>
					<row2>	0.0000 0.0000 1.0000 0.0000	</row2>
					<row3>	0.0000 0.0000 4.3615 1.0000	</row3>
				</transform>
			</node>
			<node>
				<identifier>	HP_FX_Death_2	</identifier>
				<transform>
					<row0>	1.0000 0.0000 0.0000 0.0000	</row0>
					<row1>	0.0000 1.0000 0.0000 0.0000	</row1>
					<row2>	0.0000 0.0000 1.0000 0.0000	</row2>
					<row3>	0.0000 0.0000 0.1424 1.0000	</row3>
				</transform>
			</node>
			<node>
				<identifier>	HP_FX_Fire_2	</identifier>
				<transform>
					<row0>	1.0000 0.0000 0.0000 0.0000	</row0>
					<row1>	0.0000 1.0000 0.0000 0.0000	</row1>
					<row2>	0.0000 0.0000 1.0000 0.0000	</row2>
					<row3>	0.0000 0.8594 0.1935 1.0000	</row3>
				</transform>
			</node>
			<node>
				<identifier>	HP_FX_Fire_2_side_1	</identifier>
				<transform>
					<row0>	0.9978 0.0000 -0.0670 0.0000	</row0>
					<row1>	0.0000 1.0000 0.0000 0.0000	</row1>
					<row2>	0.0670 0.0000 0.9978 0.0000	</row2>
					<row3>	-0.7565 0.4173 1.9328 1.0000	</row3>
				</transform>
			</node>
			<node>
				<identifier>	HP_FX_Fire_2_side_2	</identifier>
				<transform>
					<row0>	0.9978 0.0000 0.0670 0.0000	</row0>
					<row1>	0.0000 1.0000 0.0000 0.0000	</row1>
					<row2>	-0.0670 0.0000 0.9978 0.0000	</row2>
					<row3>	0.4719 0.6511 1.4150 1.0000	</row3>
				</transform>
			</node>
			<node>
				<identifier>	HP_FX_Fire_2_side_3	</identifier>
				<transform>
					<row0>	1.0000 0.0000 0.0000 0.0000	</row0>
					<row1>	0.0000 1.0000 0.0000 0.0000	</row1>
					<row2>	0.0000 0.0000 1.0000 0.0000	</row2>
					<row3>	-0.3355 0.9946 0.7178 1.0000	</row3>
				</transform>
			</node>
			<node>
				<identifier>	HP_FX_FloodLight_left_1	</identifier>
				<transform>
					<row0>	-1.0000 0.0000 0.0000 0.0000	</row0>
					<row1>	0.0000 1.0000 0.0000 0.0000	</row1>
					<row2>	0.0000 0.0000 -1.0000 0.0000	</row2>
					<row3>	-0.1220 1.4060 0.5710 1.0000	</row3>
				</transform>
			</node>
			<node>
				<identifier>	HP_FX_FloodLight_right_1	</identifier>
				<transform>
					<row0>	1.0000 0.0000 0.0000 0.0000	</row0>
					<row1>	0.0000 1.0000 0.0000 0.0000	</row1>
					<row2>	0.0000 0.0000 1.0000 0.0000	</row2>
					<row3>	0.1220 1.4060 0.5710 1.0000	</row3>
				</transform>
			</node>
			<node>
				<identifier>	HP_FX_Flood_steam_1	</identifier>
				<transform>
					<row0>	0.7350 0.1130 -0.6686 0.0000	</row0>
					<row1>	-0.3252 0.9240 -0.2014 0.0000	</row1>
					<row2>	0.5949 0.3654 0.7159 0.0000	</row2>
					<row3>	-0.1172 1.6200 0.4682 1.0000	</row3>
				</transform>
			</node>
			<node>
				<identifier>	HP_FX_Flood_steam_2	</identifier>
				<transform>
					<row0>	0.7239 -0.1264 0.6783 0.0000	</row0>
					<row1>	0.3471 0.9163 -0.1997 0.0000	</row1>
					<row2>	-0.5963 0.3800 0.7072 0.0000	</row2>
					<row3>	0.1182 1.6200 0.4684 1.0000	</row3>
				</transform>
			</node>
			<node>
				<identifier>	HP_FX_Flood_steam_left	</identifier>
				<transform>
					<row0>	-1.0000 0.0000 0.0000 0.0000	</row0>
					<row1>	0.0000 1.0000 0.0000 0.0000	</row1>
					<row2>	0.0000 0.0000 -1.0000 0.0000	</row2>
					<row3>	-0.5431 0.5372 1.3167 1.0000	</row3>
				</transform>
			</node>
			<node>
				<identifier>	HP_FX_Flood_water_left_1	</identifier>
				<transform>
					<row0>	-1.0000 0.0000 0.0000 0.0000	</row0>
					<row1>	0.0000 1.0000 0.0000 0.0000	</row1>
					<row2>	0.0000 0.0000 -1.0000 0.0000	</row2>
					<row3>	-0.8446 0.0635 1.8628 1.0000	</row3>
				</transform>
			</node>
			<node>
				<identifier>	HP_FX_Flood_water_right_1	</identifier>
				<transform>
					<row0>	1.0000 0.0000 0.0000 0.0000	</row0>
					<row1>	0.0000 1.0000 0.0000 0.0000	</row1>
					<row2>	0.0000 0.0000 1.0000 0.0000	</row2>
					<row3>	0.8446 0.0636 1.8632 1.0000	</row3>
				</transform>
			</node>
			<node>
				<identifier>	HP_FX_RepairLight_left_1	</identifier>
				<transform>
					<row0>	0.1100 0.0000 0.9939 0.0000	</row0>
					<row1>	-0.2285 0.9732 0.0253 0.0000	</row1>
					<row2>	-0.9673 -0.2299 0.1070 0.0000	</row2>
					<row3>	-0.7186 0.4234 3.7918 1.0000	</row3>
				</transform>
			</node>
			<node>
				<identifier>	HP_FX_RepairLight_right_1	</identifier>
				<transform>
					<row0>	0.0874 0.0000 -0.9962 0.0000	</row0>
					<row1>	0.2609 0.9651 0.0229 0.0000	</row1>
					<row2>	0.9614 -0.2619 0.0843 0.0000	</row2>
					<row3>	0.7809 0.4221 3.0914 1.0000	</row3>
				</transform>
			</node>
			<node>
				<identifier>	HP_FX_Smoke_1	</identifier>
				<transform>
					<row0>	1.0000 0.0000 0.0000 0.0000	</row0>
					<row1>	0.0000 0.9478 -0.3188 0.0000	</row1>
					<row2>	0.0000 0.3188 0.9478 0.0000	</row2>
					<row3>	0.0000 1.6679 0.5509 1.0000	</row3>
				</transform>
			</node>
			<node>
				<identifier>	HP_Flagpole	</identifier>
				<transform>
					<row0>	0.4515 0.0000 0.0000 0.0000	</row0>
					<row1>	0.0000 0.4512 -0.0158 0.0000	</row1>
					<row2>	0.0000 0.0158 0.4512 0.0000	</row2>
					<row3>	0.0000 2.1786 1.0288 1.0000	</row3>
				</transform>
			</node>
			<node>
				<identifier>	HP_HD_1	</identifier>
				<transform>
					<row0>	0.0000 0.0000 1.0000 0.0000	</row0>
					<row1>	0.0000 1.0000 0.0000 0.0000	</row1>
					<row2>	-1.0000 0.0000 0.0000 0.0000	</row2>
					<row3>	-0.3270 0.9075 0.7163 1.0000	</row3>
				</transform>
			</node>
			<node>
				<identifier>	HP_HD_2	</identifier>
				<transform>
					<row0>	0.0000 0.0000 -1.0000 0.0000	</row0>
					<row1>	0.0000 1.0000 0.0000 0.0000	</row1>
					<row2>	1.0000 0.0000 0.0000 0.0000	</row2>
					<row3>	0.3270 0.9075 0.7163 1.0000	</row3>
				</transform>
			</node>
			<node>
				<identifier>	HP_HD_3	</identifier>
				<transform>
					<row0>	0.0000 0.0000 1.0000 0.0000	</row0>
					<row1>	0.0000 1.0000 0.0000 0.0000	</row1>
					<row2>	-1.0000 0.0000 0.0000 0.0000	</row2>
					<row3>	-0.4678 0.9190 -0.0848 1.0000	</row3>
				</transform>
			</node>
			<node>
				<identifier>	HP_HD_4	</identifier>
				<transform>
					<row0>	0.0000 0.0000 -1.0000 0.0000	</row0>
					<row1>	0.0000 1.0000 0.0000 0.0000	</row1>
					<row2>	1.0000 0.0000 0.0000 0.0000	</row2>
					<row3>	0.4678 0.9190 -0.0848 1.0000	</row3>
				</transform>
			</node>
			<node>
				<identifier>	HP_HF_1	</identifier>
				<transform>
					<row0>	1.0000 0.0000 0.0000 0.0000	</row0>
					<row1>	0.0000 1.0000 0.0000 0.0000	</row1>
					<row2>	0.0000 0.0000 1.0000 0.0000	</row2>
					<row3>	0.0000 1.6738 1.5162 1.0000	</row3>
				</transform>
			</node>
			<node>
				<identifier>	HP_HGA_1	</identifier>
				<transform>
					<row0>	0.0000 0.0000 1.0000 0.0000	</row0>
					<row1>	0.0000 1.0000 0.0000 0.0000	</row1>
					<row2>	-1.0000 0.0000 0.0000 0.0000	</row2>
					<row3>	-0.4676 0.7678 0.8911 1.0000	</row3>
				</transform>
			</node>
			<node>
				<identifier>	HP_HGA_2	</identifier>
				<transform>
					<row0>	0.0000 0.0000 -1.0000 0.0000	</row0>
					<row1>	0.0000 1.0000 0.0000 0.0000	</row1>
					<row2>	1.0000 0.0000 0.0000 0.0000	</row2>
					<row3>	0.4676 0.7678 0.8911 1.0000	</row3>
				</transform>
			</node>
			<node>
				<identifier>	HP_HGA_3	</identifier>
				<transform>
					<row0>	0.0000 0.0000 1.0000 0.0000	</row0>
					<row1>	0.0000 1.0000 0.0000 0.0000	</row1>
					<row2>	-1.0000 0.0000 0.0000 0.0000	</row2>
					<row3>	-0.4676 0.7660 0.5411 1.0000	</row3>
				</transform>
			</node>
			<node>
				<identifier>	HP_HGA_4	</identifier>
				<transform>
					<row0>	0.0000 0.0000 -1.0000 0.0000	</row0>
					<row1>	0.0000 1.0000 0.0000 0.0000	</row1>
					<row2>	1.0000 0.0000 0.0000 0.0000	</row2>
					<row3>	0.4676 0.7660 0.5411 1.0000	</row3>
				</transform>
			</node>
			<node>
				<identifier>	HP_HGM_1	</identifier>
				<transform>
					<row0>	1.0000 0.0000 0.0000 0.0000	</row0>
					<row1>	0.0000 1.0000 0.0000 0.0000	</row1>
					<row2>	0.0000 0.0000 1.0000 0.0000	</row2>
					<row3>	0.0000 0.4781 3.7180 1.0000	</row3>
				</transform>
			</node>
			<node>
				<identifier>	HP_HGM_2	</identifier>
				<transform>
					<row0>	1.0000 0.0000 0.0000 0.0000	</row0>
					<row1>	0.0000 1.0000 0.0000 0.0000	</row1>
					<row2>	0.0000 0.0000 1.0000 0.0000	</row2>
					<row3>	0.0000 0.6786 2.4668 1.0000	</row3>
				</transform>
			</node>
			<node>
				<identifier>	HP_HGS_1	</identifier>
				<transform>
					<row0>	1.0000 0.0000 0.0000 0.0000	</row0>
					<row1>	0.0000 1.0000 0.0000 0.0000	</row1>
					<row2>	0.0000 0.0000 1.0000 0.0000	</row2>
					<row3>	-0.7437 0.4372 0.6914 1.0000	</row3>
				</transform>
			</node>
			<node>
				<identifier>	HP_HGS_2	</identifier>
				<transform>
					<row0>	1.0000 0.0000 0.0000 0.0000	</row0>
					<row1>	0.0000 1.0000 0.0000 0.0000	</row1>
					<row2>	0.0000 0.0000 1.0000 0.0000	</row2>
					<row3>	0.7437 0.4372 0.6914 1.0000	</row3>
				</transform>
			</node>
			<node>
				<identifier>	HP_HGS_3	</identifier>
				<transform>
					<row0>	1.0000 0.0000 0.0000 0.0000	</row0>
					<row1>	0.0000 1.0000 0.0000 0.0000	</row1>
					<row2>	0.0000 0.0000 1.0000 0.0000	</row2>
					<row3>	-0.6974 0.6153 0.1911 1.0000	</row3>
				</transform>
			</node>
			<node>
				<identifier>	HP_HGS_4	</identifier>
				<transform>
					<row0>	1.0000 0.0000 0.0000 0.0000	</row0>
					<row1>	0.0000 1.0000 0.0000 0.0000	</row1>
					<row2>	0.0000 0.0000 1.0000 0.0000	</row2>
					<row3>	0.6974 0.6153 0.1911 1.0000	</row3>
				</transform>
			</node>
			<node>
				<identifier>	HP_HRS_1	</identifier>
				<transform>
					<row0>	1.0000 0.0000 0.0000 0.0000	</row0>
					<row1>	0.0000 1.0000 0.0000 0.0000	</row1>
					<row2>	0.0000 0.0000 1.0000 0.0000	</row2>
					<row3>	0.0000 1.0601 1.8156 1.0000	</row3>
				</transform>
			</node>
			<node>
				<identifier>	HP_HRS_2	</identifier>
				<transform>
					<row0>	1.0000 0.0000 0.0000 0.0000	</row0>
					<row1>	0.0000 1.0000 0.0000 0.0000	</row1>
					<row2>	0.0000 0.0000 1.0000 0.0000	</row2>
					<row3>	0.0000 1.8396 1.2404 1.0000	</row3>
				</transform>
			</node>
			<node>
				<identifier>	HP_HRS_3	</identifier>
				<transform>
					<row0>	1.0000 0.0000 0.0000 0.0000	</row0>
					<row1>	0.0000 1.0000 0.0000 0.0000	</row1>
					<row2>	0.0000 0.0000 1.0000 0.0000	</row2>
					<row3>	0.0000 2.0401 1.2274 1.0000	</row3>
				</transform>
			</node>
			<node>
				<identifier>	HP_HRS_4	</identifier>
				<transform>
					<row0>	1.0000 0.0000 0.0000 0.0000	</row0>
					<row1>	0.0000 1.0000 0.0000 0.0000	</row1>
					<row2>	0.0000 0.0000 1.0000 0.0000	</row2>
					<row3>	0.0000 2.1336 1.1534 1.0000	</row3>
				</transform>
			</node>
			<node>
				<identifier>	HP_flag_1	</identifier>
				<transform>
					<row0>	0.9712 -0.2381 0.0059 0.0000	</row0>
					<row1>	0.2381 0.9700 -0.0490 0.0000	</row1>
					<row2>	0.0059 0.0490 0.9988 0.0000	</row2>
					<row3>	0.4215 1.6109 0.8732 1.0000	</row3>
				</transform>
			</node>
			<node>
				<identifier>	HP_flag_2	</identifier>
				<transform>
					<row0>	0.9712 0.2381 -0.0059 0.0000	</row0>
					<row1>	-0.2381 0.9700 -0.0490 0.0000	</row1>
					<row2>	-0.0059 0.0490 0.9988 0.0000	</row2>
					<row3>	-0.4215 1.6109 0.8720 1.0000	</row3>
				</transform>
			</node>
			<node>
				<identifier>	HP_flag_3	</identifier>
				<transform>
					<row0>	0.9974 -0.0716 0.0000 0.0000	</row0>
					<row1>	0.0716 0.9974 -0.0001 0.0000	</row1>
					<row2>	0.0000 0.0001 1.0000 0.0000	</row2>
					<row3>	0.3119 1.6095 0.9390 1.0000	</row3>
				</transform>
			</node>
			<node>
				<identifier>	HP_flag_4	</identifier>
				<transform>
					<row0>	0.9974 0.0716 0.0000 0.0000	</row0>
					<row1>	-0.0716 0.9974 -0.0001 0.0000	</row1>
					<row2>	0.0000 0.0001 1.0000 0.0000	</row2>
					<row3>	-0.3119 1.6095 0.9379 1.0000	</row3>
				</transform>
			</node>
			<node>
				<identifier>	HP_flag_nation	</identifier>
				<transform>
					<row0>	1.0000 0.0083 -0.0003 0.0000	</row0>
					<row1>	-0.0083 0.9974 -0.0717 0.0000	</row1>
					<row2>	-0.0003 0.0717 0.9974 0.0000	</row2>
					<row3>	0.0001 2.2441 0.9240 1.0000	</row3>
				</transform>
			</node>
			<node>
				<identifier>	HP_flag_rank	</identifier>
				<transform>
					<row0>	1.0000 0.0083 -0.0003 0.0000	</row0>
					<row1>	-0.0083 0.9974 -0.0717 0.0000	</row1>
					<row2>	-0.0003 0.0717 0.9974 0.0000	</row2>
					<row3>	0.0017 2.0558 0.9375 1.0000	</row3>
				</transform>
			</node>
			<node>
				<identifier>	MP_CM011_Fire_Fighting_Gear	</identifier>
				<transform>
					<row0>	0.0000 0.0000 1.0000 0.0000	</row0>
					<row1>	0.0000 1.0000 0.0000 0.0000	</row1>
					<row2>	-1.0000 0.0000 0.0000 0.0000	</row2>
					<row3>	0.6574 0.4220 -0.3508 1.0000	</row3>
				</transform>
			</node>
			<node>
				<identifier>	MP_CM011_Fire_Fighting_Gear_INDEX_1	</identifier>
				<transform>
					<row0>	0.0000 0.0000 1.0000 0.0000	</row0>
					<row1>	0.0000 1.0000 0.0000 0.0000	</row1>
					<row2>	-1.0000 0.0000 0.0000 0.0000	</row2>
					<row3>	0.1412 0.6012 1.8039 1.0000	</row3>
				</transform>
			</node>
			<node>
				<identifier>	MP_CM011_Fire_Fighting_Gear_INDEX_10	</identifier>
				<transform>
					<row0>	0.0000 0.0000 -1.0000 0.0000	</row0>
					<row1>	0.0000 1.0000 0.0000 0.0000	</row1>
					<row2>	1.0000 0.0000 0.0000 0.0000	</row2>
					<row3>	0.0226 0.4424 4.5003 1.0000	</row3>
				</transform>
			</node>
			<node>
				<identifier>	MP_CM011_Fire_Fighting_Gear_INDEX_11	</identifier>
				<transform>
					<row0>	0.0000 0.0000 -1.0000 0.0000	</row0>
					<row1>	0.0000 1.0000 0.0000 0.0000	</row1>
					<row2>	1.0000 0.0000 0.0000 0.0000	</row2>
					<row3>	0.4000 0.4322 4.2834 1.0000	</row3>
				</transform>
			</node>
			<node>
				<identifier>	MP_CM011_Fire_Fighting_Gear_INDEX_12	</identifier>
				<transform>
					<row0>	0.0000 0.0000 1.0000 0.0000	</row0>
					<row1>	0.0000 1.0000 0.0000 0.0000	</row1>
					<row2>	-1.0000 0.0000 0.0000 0.0000	</row2>
					<row3>	0.3361 0.4305 2.6518 1.0000	</row3>
				</transform>
			</node>
			<node>
				<identifier>	MP_CM011_Fire_Fighting_Gear_INDEX_13	</identifier>
				<transform>
					<row0>	0.0000 0.0000 -1.0000 0.0000	</row0>
					<row1>	0.0000 1.0000 0.0000 0.0000	</row1>
					<row2>	1.0000 0.0000 0.0000 0.0000	</row2>
					<row3>	-0.3366 0.4302 2.6511 1.0000	</row3>
				</transform>
			</node>
			<node>
				<identifier>	MP_CM011_Fire_Fighting_Gear_INDEX_14	</identifier>
				<transform>
					<row0>	0.0000 0.0000 -1.0000 0.0000	</row0>
					<row1>	0.0000 1.0000 0.0000 0.0000	</row1>
					<row2>	1.0000 0.0000 0.0000 0.0000	</row2>
					<row3>	0.0958 0.4473 4.7573 1.0000	</row3>
				</transform>
			</node>
			<node>
				<identifier>	MP_CM011_Fire_Fighting_Gear_INDEX_15	</identifier>
				<transform>
					<row0>	0.0000 0.0000 -1.0000 0.0000	</row0>
					<row1>	0.0000 1.0000 0.0000 0.0000	</row1>
					<row2>	1.0000 0.0000 0.0000 0.0000	</row2>
					<row3>	-0.1432 0.6014 1.8039 1.0000	</row3>
				</transform>
			</node>
			<node>
				<identifier>	MP_CM011_Fire_Fighting_Gear_INDEX_16	</identifier>
				<transform>
					<row0>	0.0000 0.0000 1.0000 0.0000	</row0>
					<row1>	0.0000 1.0000 0.0000 0.0000	</row1>
					<row2>	-1.0000 0.0000 0.0000 0.0000	</row2>
					<row3>	-0.4010 0.4318 4.2830 1.0000	</row3>
				</transform>
			</node>
			<node>
				<identifier>	MP_CM011_Fire_Fighting_Gear_INDEX_17	</identifier>
				<transform>
					<row0>	0.0000 0.0000 1.0000 0.0000	</row0>
					<row1>	0.0000 1.0000 0.0000 0.0000	</row1>
					<row2>	-1.0000 0.0000 0.0000 0.0000	</row2>
					<row3>	-0.4014 0.4288 3.2770 1.0000	</row3>
				</transform>
			</node>
			<node>
				<identifier>	MP_CM011_Fire_Fighting_Gear_INDEX_18	</identifier>
				<transform>
					<row0>	0.0000 0.0000 1.0000 0.0000	</row0>
					<row1>	0.0000 1.0000 0.0000 0.0000	</row1>
					<row2>	-1.0000 0.0000 0.0000 0.0000	</row2>
					<row3>	0.2948 0.6012 1.1479 1.0000	</row3>
				</transform>
			</node>
			<node>
				<identifier>	MP_CM011_Fire_Fighting_Gear_INDEX_19	</identifier>
				<transform>
					<row0>	0.0000 0.0000 1.0000 0.0000	</row0>
					<row1>	0.0000 1.0000 0.0000 0.0000	</row1>
					<row2>	-1.0000 0.0000 0.0000 0.0000	</row2>
					<row3>	0.5708 0.4236 0.3499 1.0000	</row3>
				</transform>
			</node>
			<node>
				<identifier>	MP_CM011_Fire_Fighting_Gear_INDEX_2	</identifier>
				<transform>
					<row0>	0.0000 0.0000 -1.0000 0.0000	</row0>
					<row1>	0.0000 1.0000 0.0000 0.0000	</row1>
					<row2>	1.0000 0.0000 0.0000 0.0000	</row2>
					<row3>	0.3997 0.4286 3.2759 1.0000	</row3>
				</transform>
			</node>
			<node>
				<identifier>	MP_CM011_Fire_Fighting_Gear_INDEX_20	</identifier>
				<transform>
					<row0>	0.0000 0.0000 -1.0000 0.0000	</row0>
					<row1>	0.0000 1.0000 0.0000 0.0000	</row1>
					<row2>	1.0000 0.0000 0.0000 0.0000	</row2>
					<row3>	-0.2948 0.6012 1.1479 1.0000	</row3>
				</transform>
			</node>
			<node>
				<identifier>	MP_CM011_Fire_Fighting_Gear_INDEX_21	</identifier>
				<transform>
					<row0>	0.0000 0.0000 1.0000 0.0000	</row0>
					<row1>	0.0000 1.0000 0.0000 0.0000	</row1>
					<row2>	-1.0000 0.0000 0.0000 0.0000	</row2>
					<row3>	0.1441 0.9079 1.0818 1.0000	</row3>
				</transform>
			</node>
			<node>
				<identifier>	MP_CM011_Fire_Fighting_Gear_INDEX_3	</identifier>
				<transform>
					<row0>	0.0000 0.0000 1.0000 0.0000	</row0>
					<row1>	0.0000 1.0000 0.0000 0.0000	</row1>
					<row2>	-1.0000 0.0000 0.0000 0.0000	</row2>
					<row3>	0.4319 0.4272 1.9510 1.0000	</row3>
				</transform>
			</node>
			<node>
				<identifier>	MP_CM011_Fire_Fighting_Gear_INDEX_4	</identifier>
				<transform>
					<row0>	0.0000 0.0000 -1.0000 0.0000	</row0>
					<row1>	0.0000 1.0000 0.0000 0.0000	</row1>
					<row2>	1.0000 0.0000 0.0000 0.0000	</row2>
					<row3>	-0.5708 0.4236 0.3499 1.0000	</row3>
				</transform>
			</node>
			<node>
				<identifier>	MP_CM011_Fire_Fighting_Gear_INDEX_5	</identifier>
				<transform>
					<row0>	0.0000 0.0000 -1.0000 0.0000	</row0>
					<row1>	0.0000 1.0000 0.0000 0.0000	</row1>
					<row2>	1.0000 0.0000 0.0000 0.0000	</row2>
					<row3>	-0.1440 0.9079 1.0818 1.0000	</row3>
				</transform>
			</node>
			<node>
				<identifier>	MP_CM011_Fire_Fighting_Gear_INDEX_6	</identifier>
				<transform>
					<row0>	0.0000 0.0000 -1.0000 0.0000	</row0>
					<row1>	0.0000 1.0000 0.0000 0.0000	</row1>
					<row2>	1.0000 0.0000 0.0000 0.0000	</row2>
					<row3>	-0.6574 0.4220 -0.3508 1.0000	</row3>
				</transform>
			</node>
			<node>
				<identifier>	MP_CM011_Fire_Fighting_Gear_INDEX_7	</identifier>
				<transform>
					<row0>	0.0000 0.0000 1.0000 0.0000	</row0>
					<row1>	0.0000 1.0000 0.0000 0.0000	</row1>
					<row2>	-1.0000 0.0000 0.0000 0.0000	</row2>
					<row3>	0.5703 0.4227 1.1512 1.0000	</row3>
				</transform>
			</node>
			<node>
				<identifier>	MP_CM011_Fire_Fighting_Gear_INDEX_8	</identifier>
				<transform>
					<row0>	0.0000 0.0000 -1.0000 0.0000	</row0>
					<row1>	0.0000 1.0000 0.0000 0.0000	</row1>
					<row2>	1.0000 0.0000 0.0000 0.0000	</row2>
					<row3>	-0.5703 0.4227 1.1512 1.0000	</row3>
				</transform>
			</node>
			<node>
				<identifier>	MP_CM011_Fire_Fighting_Gear_INDEX_9	</identifier>
				<transform>
					<row0>	0.0000 0.0000 -1.0000 0.0000	</row0>
					<row1>	0.0000 1.0000 0.0000 0.0000	</row1>
					<row2>	1.0000 0.0000 0.0000 0.0000	</row2>
					<row3>	-0.4319 0.4274 1.9510 1.0000	</row3>
				</transform>
			</node>
			<node>
				<identifier>	MP_CM012_Fire_Hose_Rack_1	</identifier>
				<transform>
					<row0>	-0.8453 0.0000 -0.5343 0.0000	</row0>
					<row1>	0.0000 1.0000 0.0000 0.0000	</row1>
					<row2>	0.5343 0.0000 -0.8453 0.0000	</row2>
					<row3>	0.3044 0.4729 2.6796 1.0000	</row3>
				</transform>
			</node>
			<node>
				<identifier>	MP_CM012_Fire_Hose_Rack_1_INDEX_1	</identifier>
				<transform>
					<row0>	-1.0000 0.0000 0.0000 0.0000	</row0>
					<row1>	0.0000 1.0000 0.0000 0.0000	</row1>
					<row2>	0.0000 0.0000 -1.0000 0.0000	</row2>
					<row3>	0.5589 0.4729 0.3882 1.0000	</row3>
				</transform>
			</node>
			<node>
				<identifier>	MP_CM012_Fire_Hose_Rack_1_INDEX_10	</identifier>
				<transform>
					<row0>	-1.0000 0.0000 0.0043 0.0000	</row0>
					<row1>	0.0000 1.0000 0.0000 0.0000	</row1>
					<row2>	-0.0043 0.0000 -1.0000 0.0000	</row2>
					<row3>	0.5597 0.4891 1.1198 1.0000	</row3>
				</transform>
			</node>
			<node>
				<identifier>	MP_CM012_Fire_Hose_Rack_1_INDEX_11	</identifier>
				<transform>
					<row0>	1.0000 0.0000 0.0014 0.0000	</row0>
					<row1>	0.0000 1.0000 0.0000 0.0000	</row1>
					<row2>	-0.0014 0.0000 1.0000 0.0000	</row2>
					<row3>	-0.5597 0.4891 1.1198 1.0000	</row3>
				</transform>
			</node>
			<node>
				<identifier>	MP_CM012_Fire_Hose_Rack_1_INDEX_12	</identifier>
				<transform>
					<row0>	1.0000 0.0000 -0.0029 0.0000	</row0>
					<row1>	0.0000 1.0000 0.0000 0.0000	</row1>
					<row2>	0.0029 0.0000 1.0000 0.0000	</row2>
					<row3>	-0.5589 0.4729 0.3882 1.0000	</row3>
				</transform>
			</node>
			<node>
				<identifier>	MP_CM012_Fire_Hose_Rack_1_INDEX_13	</identifier>
				<transform>
					<row0>	-0.9417 0.0000 -0.3363 0.0000	</row0>
					<row1>	0.0000 1.0000 0.0000 0.0000	</row1>
					<row2>	0.3363 0.0000 -0.9417 0.0000	</row2>
					<row3>	0.3430 0.4729 2.6107 1.0000	</row3>
				</transform>
			</node>
			<node>
				<identifier>	MP_CM012_Fire_Hose_Rack_1_INDEX_14	</identifier>
				<transform>
					<row0>	0.0000 0.0000 1.0000 0.0000	</row0>
					<row1>	0.0000 1.0000 0.0000 0.0000	</row1>
					<row2>	-1.0000 0.0000 0.0000 0.0000	</row2>
					<row3>	-0.0143 0.9648 1.0917 1.0000	</row3>
				</transform>
			</node>
			<node>
				<identifier>	MP_CM012_Fire_Hose_Rack_1_INDEX_15	</identifier>
				<transform>
					<row0>	-1.0000 0.0000 -0.0014 0.0000	</row0>
					<row1>	0.0000 1.0000 0.0000 0.0000	</row1>
					<row2>	0.0014 0.0000 -1.0000 0.0000	</row2>
					<row3>	0.4204 0.4753 1.9833 1.0000	</row3>
				</transform>
			</node>
			<node>
				<identifier>	MP_CM012_Fire_Hose_Rack_1_INDEX_16	</identifier>
				<transform>
					<row0>	0.8455 0.0000 -0.5340 0.0000	</row0>
					<row1>	0.0000 1.0000 0.0000 0.0000	</row1>
					<row2>	0.5340 0.0000 0.8455 0.0000	</row2>
					<row3>	-0.3044 0.4729 2.6796 1.0000	</row3>
				</transform>
			</node>
			<node>
				<identifier>	MP_CM012_Fire_Hose_Rack_1_INDEX_17	</identifier>
				<transform>
					<row0>	0.8191 0.0000 -0.5736 0.0000	</row0>
					<row1>	0.0000 1.0000 0.0000 0.0000	</row1>
					<row2>	0.5736 0.0000 0.8191 0.0000	</row2>
					<row3>	-0.1552 0.6609 1.7696 1.0000	</row3>
				</transform>
			</node>
			<node>
				<identifier>	MP_CM012_Fire_Hose_Rack_1_INDEX_2	</identifier>
				<transform>
					<row0>	-1.0000 0.0000 0.0000 0.0000	</row0>
					<row1>	0.0000 1.0000 0.0000 0.0000	</row1>
					<row2>	0.0000 0.0000 -1.0000 0.0000	</row2>
					<row3>	0.5601 0.4729 -0.4254 1.0000	</row3>
				</transform>
			</node>
			<node>
				<identifier>	MP_CM012_Fire_Hose_Rack_1_INDEX_3	</identifier>
				<transform>
					<row0>	-0.8173 0.0000 -0.5762 0.0000	</row0>
					<row1>	0.0000 1.0000 0.0000 0.0000	</row1>
					<row2>	0.5762 0.0000 -0.8173 0.0000	</row2>
					<row3>	0.1545 0.6608 1.7706 1.0000	</row3>
				</transform>
			</node>
			<node>
				<identifier>	MP_CM012_Fire_Hose_Rack_1_INDEX_4	</identifier>
				<transform>
					<row0>	1.0000 0.0000 -0.0029 0.0000	</row0>
					<row1>	0.0000 1.0000 0.0000 0.0000	</row1>
					<row2>	0.0029 0.0000 1.0000 0.0000	</row2>
					<row3>	-0.5601 0.4729 -0.4254 1.0000	</row3>
				</transform>
			</node>
			<node>
				<identifier>	MP_CM012_Fire_Hose_Rack_1_INDEX_5	</identifier>
				<transform>
					<row0>	1.0000 0.0000 0.0000 0.0000	</row0>
					<row1>	0.0000 1.0000 0.0000 0.0000	</row1>
					<row2>	0.0000 0.0000 1.0000 0.0000	</row2>
					<row3>	-0.2799 0.6608 1.1727 1.0000	</row3>
				</transform>
			</node>
			<node>
				<identifier>	MP_CM012_Fire_Hose_Rack_1_INDEX_6	</identifier>
				<transform>
					<row0>	1.0000 0.0000 -0.0043 0.0000	</row0>
					<row1>	0.0000 1.0000 0.0000 0.0000	</row1>
					<row2>	0.0043 0.0000 1.0000 0.0000	</row2>
					<row3>	-0.4204 0.4753 1.9833 1.0000	</row3>
				</transform>
			</node>
			<node>
				<identifier>	MP_CM012_Fire_Hose_Rack_1_INDEX_7	</identifier>
				<transform>
					<row0>	0.9428 0.0000 -0.3334 0.0000	</row0>
					<row1>	0.0000 1.0000 0.0000 0.0000	</row1>
					<row2>	0.3334 0.0000 0.9428 0.0000	</row2>
					<row3>	-0.3433 0.4729 2.6099 1.0000	</row3>
				</transform>
			</node>
			<node>
				<identifier>	MP_CM012_Fire_Hose_Rack_1_INDEX_8	</identifier>
				<transform>
					<row0>	-1.0000 0.0000 0.0000 0.0000	</row0>
					<row1>	0.0000 1.0000 0.0000 0.0000	</row1>
					<row2>	0.0000 0.0000 -1.0000 0.0000	</row2>
					<row3>	0.2799 0.6608 1.1727 1.0000	</row3>
				</transform>
			</node>
			<node>
				<identifier>	MP_CM012_Fire_Hose_Rack_1_INDEX_9	</identifier>
				<transform>
					<row0>	0.0000 0.0000 1.0000 0.0000	</row0>
					<row1>	0.0000 1.0000 0.0000 0.0000	</row1>
					<row2>	-1.0000 0.0000 0.0000 0.0000	</row2>
					<row3>	-0.0545 0.9648 1.0913 1.0000	</row3>
				</transform>
			</node>
			<node>
				<identifier>	MP_CM013_Fire_Hose_Rack_2	</identifier>
				<transform>
					<row0>	0.4110 -0.2629 0.8729 0.0000	</row0>
					<row1>	0.1170 0.9648 0.2355 0.0000	</row1>
					<row2>	-0.9041 0.0054 0.4273 0.0000	</row2>
					<row3>	0.2112 0.4703 4.4712 1.0000	</row3>
				</transform>
			</node>
			<node>
				<identifier>	MP_CM013_Fire_Hose_Rack_2_INDEX_1	</identifier>
				<transform>
					<row0>	0.3043 -0.2605 0.9162 0.0000	</row0>
					<row1>	0.1170 0.9648 0.2355 0.0000	</row1>
					<row2>	-0.9454 0.0356 0.3241 0.0000	</row2>
					<row3>	0.1664 0.4710 4.4904 1.0000	</row3>
				</transform>
			</node>
			<node>
				<identifier>	MP_CM013_Fire_Hose_Rack_2_INDEX_2	</identifier>
				<transform>
					<row0>	-0.0695 -0.2607 0.9629 0.0000	</row0>
					<row1>	-0.0595 0.9646 0.2568 0.0000	</row1>
					<row2>	-0.9958 -0.0395 -0.0825 0.0000	</row2>
					<row3>	-0.0220 0.4745 4.5206 1.0000	</row3>
				</transform>
			</node>
			<node>
				<identifier>	MP_CM013_Fire_Hose_Rack_2_INDEX_3	</identifier>
				<transform>
					<row0>	-0.4127 -0.2629 0.8721 0.0000	</row0>
					<row1>	-0.1170 0.9648 0.2355 0.0000	</row1>
					<row2>	-0.9033 -0.0049 -0.4290 0.0000	</row2>
					<row3>	-0.2112 0.4703 4.4712 1.0000	</row3>
				</transform>
			</node>
			<node>
				<identifier>	MP_CM013_Fire_Hose_Rack_2_INDEX_4	</identifier>
				<transform>
					<row0>	-0.6536 -0.3535 0.6692 0.0000	</row0>
					<row1>	-0.2708 0.9349 0.2293 0.0000	</row1>
					<row2>	-0.7068 -0.0314 -0.7068 0.0000	</row2>
					<row3>	-0.3752 0.4507 3.3295 1.0000	</row3>
				</transform>
			</node>
			<node>
				<identifier>	MP_CM013_Fire_Hose_Rack_2_INDEX_5	</identifier>
				<transform>
					<row0>	-0.3061 -0.2606 0.9156 0.0000	</row0>
					<row1>	-0.1170 0.9648 0.2355 0.0000	</row1>
					<row2>	-0.9448 -0.0351 -0.3258 0.0000	</row2>
					<row3>	-0.1664 0.4710 4.4904 1.0000	</row3>
				</transform>
			</node>
			<node>
				<identifier>	MP_CM013_Fire_Hose_Rack_2_INDEX_6	</identifier>
				<transform>
					<row0>	0.6492 -0.3533 0.6736 0.0000	</row0>
					<row1>	0.2708 0.9349 0.2293 0.0000	</row1>
					<row2>	-0.7108 0.0335 0.7026 0.0000	</row2>
					<row3>	0.3752 0.4507 3.3295 1.0000	</row3>
				</transform>
			</node>
			<node>
				<identifier>	MP_CM013_Fire_Hose_Rack_2_INDEX_7	</identifier>
				<transform>
					<row0>	-0.1981 -0.2550 0.9464 0.0000	</row0>
					<row1>	-0.0589 0.9669 0.2482 0.0000	</row1>
					<row2>	-0.9784 -0.0066 -0.2065 0.0000	</row2>
					<row3>	-0.0937 0.4727 4.5109 1.0000	</row3>
				</transform>
			</node>
			<node>
				<identifier>	MP_CM014_Fuel_Oil_Hose	</identifier>
				<transform>
					<row0>	-0.9945 -0.0065 -0.1045 0.0000	</row0>
					<row1>	0.0065 -1.0000 0.0007 0.0000	</row1>
					<row2>	-0.1045 0.0000 0.9945 0.0000	</row2>
					<row3>	0.5438 0.4859 1.3060 1.0000	</row3>
				</transform>
			</node>
			<node>
				<identifier>	MP_CM014_Fuel_Oil_Hose_INDEX_1	</identifier>
				<transform>
					<row0>	0.9944 0.0125 -0.1045 0.0000	</row0>
					<row1>	-0.0124 0.9999 0.0013 0.0000	</row1>
					<row2>	0.1045 0.0000 0.9945 0.0000	</row2>
					<row3>	-0.5438 0.4859 1.3060 1.0000	</row3>
				</transform>
			</node>
			<node>
				<identifier>	MP_CM014_Fuel_Oil_Hose_INDEX_2	</identifier>
				<transform>
					<row0>	-0.9945 -0.0065 -0.1045 0.0000	</row0>
					<row1>	0.0065 -1.0000 0.0007 0.0000	</row1>
					<row2>	-0.1045 0.0000 0.9945 0.0000	</row2>
					<row3>	0.5268 0.4859 1.4664 1.0000	</row3>
				</transform>
			</node>
			<node>
				<identifier>	MP_CM014_Fuel_Oil_Hose_INDEX_3	</identifier>
				<transform>
					<row0>	0.9944 0.0125 -0.1045 0.0000	</row0>
					<row1>	-0.0124 0.9999 0.0013 0.0000	</row1>
					<row2>	0.1045 0.0000 0.9945 0.0000	</row2>
					<row3>	-0.5268 0.4859 1.4664 1.0000	</row3>
				</transform>
			</node>
			<node>
				<identifier>	MP_CM029_Emergency_Box	</identifier>
				<transform>
					<row0>	0.0000 0.0000 1.0000 0.0000	</row0>
					<row1>	0.0000 1.0000 0.0000 0.0000	</row1>
					<row2>	-1.0000 0.0000 0.0000 0.0000	</row2>
					<row3>	0.1927 0.8278 0.3744 1.0000	</row3>
				</transform>
			</node>
			<node>
				<identifier>	MP_CM029_Emergency_Box_INDEX_1	</identifier>
				<transform>
					<row0>	1.0000 0.0000 0.0000 0.0000	</row0>
					<row1>	0.0000 1.0000 0.0000 0.0000	</row1>
					<row2>	0.0000 0.0000 1.0000 0.0000	</row2>
					<row3>	-0.1430 0.9897 1.0845 1.0000	</row3>
				</transform>
			</node>
			<node>
				<identifier>	MP_CM029_Emergency_Box_INDEX_2	</identifier>
				<transform>
					<row0>	0.0000 0.0000 -1.0000 0.0000	</row0>
					<row1>	0.0000 1.0000 0.0000 0.0000	</row1>
					<row2>	1.0000 0.0000 0.0000 0.0000	</row2>
					<row3>	-0.1927 0.8278 0.3744 1.0000	</row3>
				</transform>
			</node>
			<node>
				<identifier>	MP_CM029_Emergency_Box_INDEX_3	</identifier>
				<transform>
					<row0>	1.0000 0.0000 0.0000 0.0000	</row0>
					<row1>	0.0000 1.0000 0.0000 0.0000	</row1>
					<row2>	0.0000 0.0000 1.0000 0.0000	</row2>
					<row3>	0.1430 0.9897 1.0845 1.0000	</row3>
				</transform>
			</node>
			<node>
				<identifier>	MP_CM043_Accommodation_Ladder	</identifier>
				<transform>
					<row0>	0.9970 0.0000 -0.0771 0.0000	</row0>
					<row1>	0.0000 1.0000 0.0000 0.0000	</row1>
					<row2>	0.0771 0.0000 0.9970 0.0000	</row2>
					<row3>	-0.8223 0.4329 2.6941 1.0000	</row3>
				</transform>
			</node>
			<node>
				<identifier>	MP_CM043_Accommodation_Ladder_INDEX_1	</identifier>
				<transform>
					<row0>	0.9970 0.0000 0.0771 0.0000	</row0>
					<row1>	0.0000 1.0000 0.0000 0.0000	</row1>
					<row2>	-0.0771 0.0000 0.9970 0.0000	</row2>
					<row3>	0.8083 0.4329 2.6930 1.0000	</row3>
				</transform>
			</node>
			<node>
				<identifier>	MP_CM052_Fender	</identifier>
				<transform>
					<row0>	0.9903 0.0000 0.1392 0.0000	</row0>
					<row1>	0.0000 1.0000 0.0000 0.0000	</row1>
					<row2>	-0.1392 0.0000 0.9903 0.0000	</row2>
					<row3>	-0.0380 0.4349 2.8696 1.0000	</row3>
				</transform>
			</node>
			<node>
				<identifier>	MP_CM052_Fender_INDEX_1	</identifier>
				<transform>
					<row0>	0.9903 0.0000 -0.1392 0.0000	</row0>
					<row1>	0.0000 1.0000 0.0000 0.0000	</row1>
					<row2>	0.1392 0.0000 0.9903 0.0000	</row2>
					<row3>	0.0380 0.4349 2.8696 1.0000	</row3>
				</transform>
			</node>
			<node>
				<identifier>	MP_CM052_Fender_INDEX_2	</identifier>
				<transform>
					<row0>	0.9423 0.0000 0.3347 0.0000	</row0>
					<row1>	0.0000 1.0000 0.0000 0.0000	</row1>
					<row2>	-0.3347 0.0000 0.9423 0.0000	</row2>
					<row3>	-0.1089 0.4339 2.8567 1.0000	</row3>
				</transform>
			</node>
			<node>
				<identifier>	MP_CM052_Fender_INDEX_3	</identifier>
				<transform>
					<row0>	0.9423 0.0000 -0.3347 0.0000	</row0>
					<row1>	0.0000 1.0000 0.0000 0.0000	</row1>
					<row2>	0.3347 0.0000 0.9423 0.0000	</row2>
					<row3>	0.1089 0.4339 2.8567 1.0000	</row3>
				</transform>
			</node>
			<node>
				<identifier>	MP_CM082_Rope	</identifier>
				<transform>
					<row0>	-0.5063 0.0000 0.0000 0.0000	</row0>
					<row1>	0.0000 0.4833 0.0000 0.0000	</row1>
					<row2>	0.0000 0.0000 -0.4000 0.0000	</row2>
					<row3>	-0.2670 0.9807 0.9205 1.0000	</row3>
				</transform>
			</node>
			<node>
				<identifier>	MP_CM082_Rope_INDEX_1	</identifier>
				<transform>
					<row0>	-0.4161 0.0000 0.0000 0.0000	</row0>
					<row1>	0.0000 0.3983 0.0000 0.0000	</row1>
					<row2>	0.0000 0.0000 -0.4804 0.0000	</row2>
					<row3>	-0.2670 0.9807 0.9728 1.0000	</row3>
				</transform>
			</node>
			<node>
				<identifier>	MP_CM082_Rope_INDEX_10	</identifier>
				<transform>
					<row0>	-0.5063 0.0000 0.0000 0.0000	</row0>
					<row1>	0.0000 0.5063 0.0000 0.0000	</row1>
					<row2>	0.0000 0.0000 -0.5063 0.0000	</row2>
					<row3>	0.2670 0.9807 0.9025 1.0000	</row3>
				</transform>
			</node>
			<node>
				<identifier>	MP_CM082_Rope_INDEX_2	</identifier>
				<transform>
					<row0>	0.0000 0.0000 0.5063 0.0000	</row0>
					<row1>	0.0000 0.4833 0.0000 0.0000	</row1>
					<row2>	-0.4000 0.0000 0.0000 0.0000	</row2>
					<row3>	0.0070 1.4383 0.9830 1.0000	</row3>
				</transform>
			</node>
			<node>
				<identifier>	MP_CM082_Rope_INDEX_3	</identifier>
				<transform>
					<row0>	-0.5063 0.0000 0.0000 0.0000	</row0>
					<row1>	0.0000 0.4833 0.0000 0.0000	</row1>
					<row2>	0.0000 0.0000 -0.4000 0.0000	</row2>
					<row3>	0.2670 0.9807 0.9205 1.0000	</row3>
				</transform>
			</node>
			<node>
				<identifier>	MP_CM082_Rope_INDEX_4	</identifier>
				<transform>
					<row0>	-0.4161 0.0000 0.0000 0.0000	</row0>
					<row1>	0.0000 0.3983 0.0000 0.0000	</row1>
					<row2>	0.0000 0.0000 -0.3287 0.0000	</row2>
					<row3>	-0.2670 0.9807 0.9382 1.0000	</row3>
				</transform>
			</node>
			<node>
				<identifier>	MP_CM082_Rope_INDEX_5	</identifier>
				<transform>
					<row0>	-0.5063 0.0000 0.0000 0.0000	</row0>
					<row1>	0.0000 0.4566 0.0000 0.0000	</row1>
					<row2>	0.0000 0.0000 -0.4000 0.0000	</row2>
					<row3>	0.2670 0.9807 0.9565 1.0000	</row3>
				</transform>
			</node>
			<node>
				<identifier>	MP_CM082_Rope_INDEX_6	</identifier>
				<transform>
					<row0>	-0.5063 0.0000 0.0000 0.0000	</row0>
					<row1>	0.0000 0.5063 0.0000 0.0000	</row1>
					<row2>	0.0000 0.0000 -0.5063 0.0000	</row2>
					<row3>	-0.2670 0.9807 0.9025 1.0000	</row3>
				</transform>
			</node>
			<node>
				<identifier>	MP_CM082_Rope_INDEX_7	</identifier>
				<transform>
					<row0>	-0.4161 0.0000 0.0000 0.0000	</row0>
					<row1>	0.0000 0.3983 0.0000 0.0000	</row1>
					<row2>	0.0000 0.0000 -0.4804 0.0000	</row2>
					<row3>	0.2670 0.9807 0.9728 1.0000	</row3>
				</transform>
			</node>
			<node>
				<identifier>	MP_CM082_Rope_INDEX_8	</identifier>
				<transform>
					<row0>	-0.4161 0.0000 0.0000 0.0000	</row0>
					<row1>	0.0000 0.3983 0.0000 0.0000	</row1>
					<row2>	0.0000 0.0000 -0.3287 0.0000	</row2>
					<row3>	0.2670 0.9807 0.9382 1.0000	</row3>
				</transform>
			</node>
			<node>
				<identifier>	MP_CM082_Rope_INDEX_9	</identifier>
				<transform>
					<row0>	-0.5063 0.0000 0.0000 0.0000	</row0>
					<row1>	0.0000 0.4566 0.0000 0.0000	</row1>
					<row2>	0.0000 0.0000 -0.4000 0.0000	</row2>
					<row3>	-0.2670 0.9807 0.9565 1.0000	</row3>
				</transform>
			</node>
			<node>
				<identifier>	MP_CM109_Leadsman_Platform	</identifier>
				<transform>
					<row0>	0.0002 -1.0000 0.0000 0.0000	</row0>
					<row1>	-0.9960 -0.0002 -0.0898 0.0000	</row1>
					<row2>	0.0898 0.0000 -0.9960 0.0000	</row2>
					<row3>	0.7854 0.4296 3.0620 1.0000	</row3>
				</transform>
			</node>
			<node>
				<identifier>	MP_CM109_Leadsman_Platform_INDEX_1	</identifier>
				<transform>
					<row0>	-0.0056 -1.0000 0.0005 0.0000	</row0>
					<row1>	0.9961 -0.0057 -0.0883 0.0000	</row1>
					<row2>	0.0883 0.0000 0.9961 0.0000	</row2>
					<row3>	-0.7854 0.4296 3.0620 1.0000	</row3>
				</transform>
			</node>
			<node>
				<identifier>	MP_CM126_Cleat	</identifier>
				<transform>
					<row0>	-0.0373 -0.0082 -0.9993 0.0000	</row0>
					<row1>	-0.9657 -0.2570 0.0381 0.0000	</row1>
					<row2>	-0.2571 0.9664 0.0017 0.0000	</row2>
					<row3>	-0.9146 0.4201 0.8628 1.0000	</row3>
				</transform>
			</node>
			<node>
				<identifier>	MP_CM126_Cleat_INDEX_1	</identifier>
				<transform>
					<row0>	-0.0373 -0.0082 -0.9993 0.0000	</row0>
					<row1>	-0.9657 -0.2570 0.0381 0.0000	</row1>
					<row2>	-0.2571 0.9664 0.0017 0.0000	</row2>
					<row3>	-0.8751 0.4195 1.7553 1.0000	</row3>
				</transform>
			</node>
			<node>
				<identifier>	MP_CM126_Cleat_INDEX_2	</identifier>
				<transform>
					<row0>	-0.0373 0.0082 0.9993 0.0000	</row0>
					<row1>	0.9657 -0.2570 0.0381 0.0000	</row1>
					<row2>	0.2571 0.9664 0.0017 0.0000	</row2>
					<row3>	0.8630 0.4211 1.9753 1.0000	</row3>
				</transform>
			</node>
			<node>
				<identifier>	MP_CM126_Cleat_INDEX_3	</identifier>
				<transform>
					<row0>	-0.0373 0.0082 0.9993 0.0000	</row0>
					<row1>	0.9657 -0.2570 0.0381 0.0000	</row1>
					<row2>	0.2571 0.9664 0.0017 0.0000	</row2>
					<row3>	0.8751 0.4195 1.7553 1.0000	</row3>
				</transform>
			</node>
			<node>
				<identifier>	MP_CM126_Cleat_INDEX_4	</identifier>
				<transform>
					<row0>	-0.0373 -0.0082 -0.9993 0.0000	</row0>
					<row1>	-0.9657 -0.2570 0.0381 0.0000	</row1>
					<row2>	-0.2571 0.9664 0.0017 0.0000	</row2>
					<row3>	-0.8630 0.4211 1.9753 1.0000	</row3>
				</transform>
			</node>
			<node>
				<identifier>	MP_CM126_Cleat_INDEX_5	</identifier>
				<transform>
					<row0>	-0.0373 0.0082 0.9993 0.0000	</row0>
					<row1>	0.9657 -0.2570 0.0381 0.0000	</row1>
					<row2>	0.2571 0.9664 0.0017 0.0000	</row2>
					<row3>	0.9146 0.4201 0.8628 1.0000	</row3>
				</transform>
			</node>
			<node>
				<identifier>	MP_CM127_Jacobs_ladder	</identifier>
				<transform>
					<row0>	1.1853 0.0330 -1.2128 0.0000	</row0>
					<row1>	-0.0517 1.6953 -0.0044 0.0000	</row1>
					<row2>	0.7147 0.0236 0.6991 0.0000	</row2>
					<row3>	-0.6209 0.4467 1.9725 1.0000	</row3>
				</transform>
			</node>
			<node>
				<identifier>	MP_CM127_Jacobs_ladder_INDEX_1	</identifier>
				<transform>
					<row0>	1.1853 -0.0330 1.2128 0.0000	</row0>
					<row1>	0.0517 1.6953 -0.0044 0.0000	</row1>
					<row2>	-0.7147 0.0236 0.6991 0.0000	</row2>
					<row3>	0.6209 0.4467 1.9725 1.0000	</row3>
				</transform>
			</node>
			<node>
				<identifier>	MP_CM150_Compass	</identifier>
				<transform>
					<row0>	-1.0000 0.0000 0.0000 0.0000	</row0>
					<row1>	0.0000 1.0000 0.0000 0.0000	</row1>
					<row2>	0.0000 0.0000 -1.0000 0.0000	</row2>
					<row3>	0.0000 0.9062 0.9663 1.0000	</row3>
				</transform>
			</node>
			<node>
				<identifier>	MP_HM004_Loudspeaker	</identifier>
				<transform>
					<row0>	0.2339 0.0000 0.9723 0.0000	</row0>
					<row1>	0.0000 1.0000 0.0000 0.0000	</row1>
					<row2>	-0.9723 0.0000 0.2339 0.0000	</row2>
					<row3>	-0.1856 1.0303 1.3994 1.0000	</row3>
				</transform>
			</node>
			<node>
				<identifier>	MP_HM004_Loudspeaker_INDEX_1	</identifier>
				<transform>
					<row0>	-0.8906 0.0000 -0.4548 0.0000	</row0>
					<row1>	0.0000 1.0000 0.0000 0.0000	</row1>
					<row2>	0.4548 0.0000 -0.8906 0.0000	</row2>
					<row3>	0.0343 1.1534 0.3977 1.0000	</row3>
				</transform>
			</node>
			<node>
				<identifier>	MP_HM004_Loudspeaker_INDEX_2	</identifier>
				<transform>
					<row0>	-0.9873 0.0000 0.1588 0.0000	</row0>
					<row1>	0.0000 1.0000 0.0000 0.0000	</row1>
					<row2>	-0.1588 0.0000 -0.9873 0.0000	</row2>
					<row3>	-0.0051 1.5204 1.3403 1.0000	</row3>
				</transform>
			</node>
			<node>
				<identifier>	MP_HM004_Loudspeaker_INDEX_3	</identifier>
				<transform>
					<row0>	0.2339 0.0000 -0.9723 0.0000	</row0>
