<HSC010_Gouden_Leeuw_1948_Stern_ports.visual>
	<node>
		<identifier>	Scene Root	</identifier>
		<transform>
			<row0>	1.0000 0.0000 0.0000 0.0000	</row0>
			<row1>	0.0000 1.0000 0.0000 0.0000	</row1>
			<row2>	0.0000 0.0000 1.0000 0.0000	</row2>
			<row3>	0.0000 0.0000 0.0000 1.0000	</row3>
		</transform>
		<node>
			<identifier>	Stern_ports	</identifier>
			<transform>
				<row0>	1.0000 0.0000 0.0000 0.0000	</row0>
				<row1>	0.0000 1.0000 0.0000 0.0000	</row1>
				<row2>	0.0000 0.0000 1.0000 0.0000	</row2>
				<row3>	0.0000 0.0000 0.0000 1.0000	</row3>
			</transform>
			<node>
				<identifier>	HP_FX_Death_3	</identifier>
				<transform>
					<row0>	1.0000 0.0000 0.0000 0.0000	</row0>
					<row1>	0.0000 1.0000 0.0000 0.0000	</row1>
					<row2>	0.0000 0.0000 1.0000 0.0000	</row2>
					<row3>	0.0000 0.0000 -4.2170 1.0000	</row3>
				</transform>
			</node>
			<node>
				<identifier>	HP_FX_Fire_4	</identifier>
				<transform>
					<row0>	1.0000 0.0000 0.0000 0.0000	</row0>
					<row1>	0.0000 1.0000 0.0000 0.0000	</row1>
					<row2>	0.0000 0.0000 1.0000 0.0000	</row2>
					<row3>	0.0000 0.4594 -5.5670 1.0000	</row3>
				</transform>
			</node>
			<node>
				<identifier>	HP_FX_Flood_water_left_2	</identifier>
				<transform>
					<row0>	-0.9876 0.0000 -0.1572 0.0000	</row0>
					<row1>	0.0000 1.0000 0.0000 0.0000	</row1>
					<row2>	0.1572 0.0000 -0.9876 0.0000	</row2>
					<row3>	-0.6980 0.0592 -4.0871 1.0000	</row3>
				</transform>
			</node>
			<node>
				<identifier>	HP_FX_Flood_water_left_3	</identifier>
				<transform>
					<row0>	-0.9792 0.0000 -0.2031 0.0000	</row0>
					<row1>	0.0000 1.0000 0.0000 0.0000	</row1>
					<row2>	0.2031 0.0000 -0.9792 0.0000	</row2>
					<row3>	-0.4358 0.0603 -5.8876 1.0000	</row3>
				</transform>
			</node>
			<node>
				<identifier>	HP_FX_Flood_water_right_2	</identifier>
				<transform>
					<row0>	0.9895 0.0000 -0.1444 0.0000	</row0>
					<row1>	0.0000 1.0000 0.0000 0.0000	</row1>
					<row2>	0.1444 0.0000 0.9895 0.0000	</row2>
					<row3>	0.6979 0.0530 -4.0862 1.0000	</row3>
				</transform>
			</node>
			<node>
				<identifier>	HP_FX_Flood_water_right_3	</identifier>
				<transform>
					<row0>	0.9854 0.0000 -0.1702 0.0000	</row0>
					<row1>	0.0000 1.0000 0.0000 0.0000	</row1>
					<row2>	0.1702 0.0000 0.9854 0.0000	</row2>
					<row3>	0.4352 0.0542 -5.8881 1.0000	</row3>
				</transform>
			</node>
			<node>
				<identifier>	HP_FX_RepairLight_left_2	</identifier>
				<transform>
					<row0>	-0.1174 0.0000 0.9931 0.0000	</row0>
					<row1>	-0.2411 0.9701 -0.0285 0.0000	</row1>
					<row2>	-0.9634 -0.2428 -0.1139 0.0000	</row2>
					<row3>	-0.7050 0.4280 -4.2133 1.0000	</row3>
				</transform>
			</node>
			<node>
				<identifier>	HP_FX_RepairLight_right_2	</identifier>
				<transform>
					<row0>	-0.1569 0.0000 -0.9876 0.0000	</row0>
					<row1>	0.1727 0.9846 -0.0274 0.0000	</row1>
					<row2>	0.9724 -0.1748 -0.1545 0.0000	</row2>
					<row3>	0.6681 0.4261 -4.5223 1.0000	</row3>
				</transform>
			</node>
			<node>
				<identifier>	HP_FX_WakeTraceBack	</identifier>
				<transform>
					<row0>	1.0000 0.0000 0.0000 0.0000	</row0>
					<row1>	0.0000 1.0000 0.0000 0.0000	</row1>
					<row2>	0.0000 0.0000 1.0000 0.0000	</row2>
					<row3>	0.0000 0.0000 -7.4352 1.0000	</row3>
				</transform>
			</node>
			<node>
				<identifier>	HP_FX_WakeTrace_screw_1	</identifier>
				<transform>
					<row0>	1.0000 0.0000 0.0000 0.0000	</row0>
					<row1>	0.0000 1.0000 0.0000 0.0000	</row1>
					<row2>	0.0000 0.0000 1.0000 0.0000	</row2>
					<row3>	-0.4428 -0.3321 -5.4957 1.0000	</row3>
				</transform>
			</node>
			<node>
				<identifier>	HP_FX_WakeTrace_screw_2	</identifier>
				<transform>
					<row0>	1.0000 0.0000 0.0000 0.0000	</row0>
					<row1>	0.0000 1.0000 0.0000 0.0000	</row1>
					<row2>	0.0000 0.0000 1.0000 0.0000	</row2>
					<row3>	-0.1947 -0.3453 -6.2215 1.0000	</row3>
				</transform>
			</node>
			<node>
				<identifier>	HP_FX_WakeTrace_screw_3	</identifier>
				<transform>
					<row0>	1.0000 0.0000 0.0000 0.0000	</row0>
					<row1>	0.0000 1.0000 0.0000 0.0000	</row1>
					<row2>	0.0000 0.0000 1.0000 0.0000	</row2>
					<row3>	0.1950 -0.3450 -6.2220 1.0000	</row3>
				</transform>
			</node>
			<node>
				<identifier>	HP_FX_WakeTrace_screw_4	</identifier>
				<transform>
					<row0>	1.0000 0.0000 0.0000 0.0000	</row0>
					<row1>	0.0000 1.0000 0.0000 0.0000	</row1>
					<row2>	0.0000 0.0000 1.0000 0.0000	</row2>
					<row3>	0.4430 -0.3320 -5.4960 1.0000	</row3>
				</transform>
			</node>
			<node>
				<identifier>	HP_HGB_1	</identifier>
				<transform>
					<row0>	-0.1736 0.0000 0.9848 0.0000	</row0>
					<row1>	0.0000 1.0000 0.0000 0.0000	</row1>
					<row2>	-0.9848 0.0000 -0.1736 0.0000	</row2>
					<row3>	-0.2658 0.4262 -6.0250 1.0000	</row3>
				</transform>
			</node>
			<node>
				<identifier>	HP_HGB_2	</identifier>
				<transform>
					<row0>	-0.1736 0.0000 -0.9848 0.0000	</row0>
					<row1>	0.0000 1.0000 0.0000 0.0000	</row1>
					<row2>	0.9848 0.0000 -0.1736 0.0000	</row2>
					<row3>	0.2658 0.4262 -6.0250 1.0000	</row3>
				</transform>
			</node>
			<node>
				<identifier>	HP_HGB_3	</identifier>
				<transform>
					<row0>	-0.1736 0.0000 0.9848 0.0000	</row0>
					<row1>	0.0000 1.0000 0.0000 0.0000	</row1>
					<row2>	-0.9848 0.0000 -0.1736 0.0000	</row2>
					<row3>	-0.1950 0.4282 -6.4246 1.0000	</row3>
				</transform>
			</node>
			<node>
				<identifier>	HP_HGB_4	</identifier>
				<transform>
					<row0>	-0.1736 0.0000 -0.9848 0.0000	</row0>
					<row1>	0.0000 1.0000 0.0000 0.0000	</row1>
					<row2>	0.9848 0.0000 -0.1736 0.0000	</row2>
					<row3>	0.1950 0.4282 -6.4246 1.0000	</row3>
				</transform>
			</node>
			<node>
				<identifier>	HP_HGM_3	</identifier>
				<transform>
					<row0>	-1.0000 0.0000 0.0000 0.0000	</row0>
					<row1>	0.0000 1.0000 0.0000 0.0000	</row1>
					<row2>	0.0000 0.0000 -1.0000 0.0000	</row2>
					<row3>	0.0000 0.4774 -3.9370 1.0000	</row3>
				</transform>
			</node>
			<node>
				<identifier>	HP_Ship_death_3	</identifier>
				<transform>
					<row0>	1.0000 0.0000 0.0000 0.0000	</row0>
					<row1>	0.0000 1.0000 0.0000 0.0000	</row1>
					<row2>	0.0000 0.0000 1.0000 0.0000	</row2>
					<row3>	0.0000 0.0000 -3.3624 1.0000	</row3>
				</transform>
			</node>
			<node>
				<identifier>	MP_CM011_Fire_Fighting_Gear	</identifier>
				<transform>
					<row0>	0.0000 0.0000 -1.0000 0.0000	</row0>
					<row1>	0.0000 1.0000 0.0000 0.0000	</row1>
					<row2>	1.0000 0.0000 0.0000 0.0000	</row2>
					<row3>	-0.2500 0.4274 -4.2260 1.0000	</row3>
				</transform>
			</node>
			<node>
				<identifier>	MP_CM011_Fire_Fighting_Gear_INDEX_1	</identifier>
				<transform>
					<row0>	0.0000 0.0000 -1.0000 0.0000	</row0>
					<row1>	0.0000 1.0000 0.0000 0.0000	</row1>
					<row2>	1.0000 0.0000 0.0000 0.0000	</row2>
					<row3>	0.0630 0.4313 -4.9023 1.0000	</row3>
				</transform>
			</node>
			<node>
				<identifier>	MP_CM011_Fire_Fighting_Gear_INDEX_2	</identifier>
				<transform>
					<row0>	0.0000 0.0000 -1.0000 0.0000	</row0>
					<row1>	0.0000 1.0000 0.0000 0.0000	</row1>
					<row2>	1.0000 0.0000 0.0000 0.0000	</row2>
					<row3>	0.0636 0.4320 -7.2024 1.0000	</row3>
				</transform>
			</node>
			<node>
				<identifier>	MP_CM011_Fire_Fighting_Gear_INDEX_3	</identifier>
				<transform>
					<row0>	0.0000 0.0000 -1.0000 0.0000	</row0>
					<row1>	0.0000 1.0000 0.0000 0.0000	</row1>
					<row2>	1.0000 0.0000 0.0000 0.0000	</row2>
					<row3>	0.0657 0.4313 -5.4039 1.0000	</row3>
				</transform>
			</node>
			<node>
				<identifier>	MP_CM011_Fire_Fighting_Gear_INDEX_4	</identifier>
				<transform>
					<row0>	0.0000 0.0000 -1.0000 0.0000	</row0>
					<row1>	0.0000 1.0000 0.0000 0.0000	</row1>
					<row2>	1.0000 0.0000 0.0000 0.0000	</row2>
					<row3>	0.0632 0.4316 -5.7535 1.0000	</row3>
				</transform>
			</node>
			<node>
				<identifier>	MP_CM011_Fire_Fighting_Gear_INDEX_5	</identifier>
				<transform>
					<row0>	0.0000 0.0000 1.0000 0.0000	</row0>
					<row1>	0.0000 1.0000 0.0000 0.0000	</row1>
					<row2>	-1.0000 0.0000 0.0000 0.0000	</row2>
					<row3>	0.2500 0.4274 -4.2260 1.0000	</row3>
				</transform>
			</node>
			<node>
				<identifier>	MP_CM013_Fire_Hose_Rack_2	</identifier>
				<transform>
					<row0>	-0.3294 0.0000 0.9442 0.0000	</row0>
					<row1>	0.0000 1.0000 0.0000 0.0000	</row1>
					<row2>	-0.9442 0.0000 -0.3294 0.0000	</row2>
					<row3>	0.1059 0.4534 -4.2934 1.0000	</row3>
				</transform>
			</node>
			<node>
				<identifier>	MP_CM013_Fire_Hose_Rack_2_INDEX_1	</identifier>
				<transform>
					<row0>	-0.3294 0.0000 0.9442 0.0000	</row0>
					<row1>	0.0000 1.0000 0.0000 0.0000	</row1>
					<row2>	-0.9442 0.0000 -0.3294 0.0000	</row2>
					<row3>	0.1397 0.4534 -4.2814 1.0000	</row3>
				</transform>
			</node>
			<node>
				<identifier>	MP_CM013_Fire_Hose_Rack_2_INDEX_2	</identifier>
				<transform>
					<row0>	0.3326 0.0000 0.9431 0.0000	</row0>
					<row1>	0.0000 1.0000 0.0000 0.0000	</row1>
					<row2>	-0.9431 0.0000 0.3326 0.0000	</row2>
					<row3>	-0.1397 0.4534 -4.2814 1.0000	</row3>
				</transform>
			</node>
			<node>
				<identifier>	MP_CM013_Fire_Hose_Rack_2_INDEX_3	</identifier>
				<transform>
					<row0>	0.3326 0.0000 0.9431 0.0000	</row0>
					<row1>	0.0000 1.0000 0.0000 0.0000	</row1>
					<row2>	-0.9431 0.0000 0.3326 0.0000	</row2>
					<row3>	-0.1059 0.4534 -4.2934 1.0000	</row3>
				</transform>
			</node>
			<node>
				<identifier>	MP_CM013_Fire_Hose_Rack_2_INDEX_4	</identifier>
				<transform>
					<row0>	0.1114 0.0000 0.9938 0.0000	</row0>
					<row1>	0.0000 1.0000 0.0000 0.0000	</row1>
					<row2>	-0.9938 0.0000 0.1114 0.0000	</row2>
					<row3>	-0.0249 0.4534 -4.3076 1.0000	</row3>
				</transform>
			</node>
			<node>
				<identifier>	MP_CM013_Fire_Hose_Rack_2_INDEX_5	</identifier>
				<transform>
					<row0>	-0.1079 0.0000 0.9942 0.0000	</row0>
					<row1>	0.0000 1.0000 0.0000 0.0000	</row1>
					<row2>	-0.9942 0.0000 -0.1079 0.0000	</row2>
					<row3>	0.0249 0.4534 -4.3076 1.0000	</row3>
				</transform>
			</node>
			<node>
				<identifier>	MP_CM161_Propeller_4_8m_BB_R	</identifier>
				<transform>
					<row0>	0.9997 0.0010 0.0261 0.0000	</row0>
					<row1>	-0.0004 0.9997 -0.0224 0.0000	</row1>
					<row2>	-0.0261 0.0224 0.9994 0.0000	</row2>
					<row3>	0.4438 -0.3321 -5.4991 1.0000	</row3>
				</transform>
			</node>
			<node>
				<identifier>	MP_CM161_Propeller_4_8m_BB_R_INDEX_1	</identifier>
				<transform>
					<row0>	1.0000 0.0000 0.0000 0.0000	</row0>
					<row1>	0.0000 0.9993 -0.0382 0.0000	</row1>
					<row2>	0.0000 0.0382 0.9993 0.0000	</row2>
					<row3>	0.1950 -0.3463 -6.2223 1.0000	</row3>
				</transform>
			</node>
			<node>
				<identifier>	MP_CM162_Propeller_4_8m_BB_L	</identifier>
				<transform>
					<row0>	1.0000 0.0000 0.0000 0.0000	</row0>
					<row1>	0.0000 0.9993 -0.0382 0.0000	</row1>
					<row2>	0.0000 0.0382 0.9993 0.0000	</row2>
					<row3>	-0.1950 -0.3463 -6.2223 1.0000	</row3>
				</transform>
			</node>
			<node>
				<identifier>	MP_CM162_Propeller_4_8m_BB_L_INDEX_1	</identifier>
				<transform>
					<row0>	0.9997 -0.0010 -0.0261 0.0000	</row0>
					<row1>	0.0004 0.9997 -0.0224 0.0000	</row1>
					<row2>	0.0261 0.0224 0.9994 0.0000	</row2>
					<row3>	-0.4438 -0.3321 -5.4991 1.0000	</row3>
				</transform>
			</node>
			<node>
				<identifier>	MP_HM001_Anchor_down	</identifier>
				<transform>
					<row0>	1.1690 0.1180 -0.2439 0.0000	</row0>
					<row1>	-0.0268 1.1252 0.4161 0.0000	</row1>
					<row2>	0.2696 -0.3999 1.0988 0.0000	</row2>
					<row3>	0.2119 0.1796 -7.0901 1.0000	</row3>
				</transform>
			</node>
			<node>
				<identifier>	MP_HM002_Anchor_up	</identifier>
				<transform>
					<row0>	1.0501 0.5789 -0.0470 0.0000	</row0>
					<row1>	-0.5144 0.9721 0.4800 0.0000	</row1>
					<row2>	0.2696 -0.3999 1.0988 0.0000	</row2>
					<row3>	0.2105 0.1821 -7.0888 1.0000	</row3>
				</transform>
			</node>
			<node>
				<identifier>	MP_HM007_Lifebuoy	</identifier>
				<transform>
					<row0>	-0.1941 0.0000 0.9810 0.0000	</row0>
					<row1>	0.0000 1.0000 0.0000 0.0000	</row1>
					<row2>	-0.9810 0.0000 -0.1941 0.0000	</row2>
					<row3>	-0.4153 0.4885 -6.0124 1.0000	</row3>
				</transform>
			</node>
			<node>
				<identifier>	MP_HM007_Lifebuoy_INDEX_1	</identifier>
				<transform>
					<row0>	-0.1941 0.0000 -0.9810 0.0000	</row0>
					<row1>	0.0000 1.0000 0.0000 0.0000	</row1>
					<row2>	0.9810 0.0000 -0.1941 0.0000	</row2>
					<row3>	0.4153 0.4885 -6.0124 1.0000	</row3>
				</transform>
			</node>
			<node>
				<identifier>	MP_HM007_Lifebuoy_INDEX_2	</identifier>
				<transform>
					<row0>	-0.1151 0.0000 -0.9934 0.0000	</row0>
					<row1>	0.0000 1.0000 0.0000 0.0000	</row1>
					<row2>	0.9934 0.0000 -0.1151 0.0000	</row2>
					<row3>	0.6887 0.4836 -4.3113 1.0000	</row3>
				</transform>
			</node>
			<node>
				<identifier>	MP_HM007_Lifebuoy_INDEX_3	</identifier>
				<transform>
					<row0>	-0.1151 0.0000 0.9934 0.0000	</row0>
					<row1>	0.0000 1.0000 0.0000 0.0000	</row1>
					<row2>	-0.9934 0.0000 -0.1151 0.0000	</row2>
					<row3>	-0.6887 0.4836 -4.3113 1.0000	</row3>
				</transform>
			</node>
			<node>
				<identifier>	MP_HM021_Rope_dryer	</identifier>
				<transform>
					<row0>	-0.0093 0.0007 1.0000 0.0000	</row0>
					<row1>	0.0123 0.9999 -0.0005 0.0000	</row1>
					<row2>	-0.9999 0.0122 -0.0093 0.0000	</row2>
					<row3>	0.0764 0.4306 -4.7843 1.0000	</row3>
				</transform>
			</node>
			<node>
				<identifier>	MP_HM021_Rope_dryer_INDEX_1	</identifier>
				<transform>
					<row0>	0.9999 0.0154 0.0000 0.0000	</row0>
					<row1>	-0.0154 0.9999 0.0000 0.0000	</row1>
					<row2>	0.0000 0.0000 1.0000 0.0000	</row2>
					<row3>	-0.0739 0.4308 -5.0865 1.0000	</row3>
				</transform>
			</node>
			<node>
				<identifier>	MP_HM402_Bench_closed	</identifier>
				<transform>
					<row0>	0.1922 0.0043 -0.9814 0.0000	</row0>
					<row1>	-0.0007 1.0000 0.0043 0.0000	</row1>
					<row2>	0.9814 0.0000 0.1922 0.0000	</row2>
					<row3>	-0.3055 0.4592 -6.5621 1.0000	</row3>
				</transform>
			</node>
			<node>
				<identifier>	MP_HM402_Bench_closed_INDEX_1	</identifier>
				<transform>
					<row0>	0.1730 0.0043 -0.9849 0.0000	</row0>
					<row1>	-0.0007 1.0000 0.0043 0.0000	</row1>
					<row2>	0.9849 0.0000 0.1730 0.0000	</row2>
					<row3>	-0.4745 0.4562 -5.6652 1.0000	</row3>
				</transform>
			</node>
			<node>
				<identifier>	MP_HM402_Bench_closed_INDEX_2	</identifier>
				<transform>
					<row0>	0.1141 -0.0043 0.9935 0.0000	</row0>
					<row1>	0.0007 1.0000 0.0043 0.0000	</row1>
					<row2>	-0.9935 0.0003 0.1141 0.0000	</row2>
					<row3>	0.7163 0.4495 -4.0603 1.0000	</row3>
				</transform>
			</node>
			<node>
				<identifier>	MP_HM402_Bench_closed_INDEX_3	</identifier>
				<transform>
					<row0>	0.1922 -0.0043 0.9814 0.0000	</row0>
					<row1>	0.0007 1.0000 0.0043 0.0000	</row1>
					<row2>	-0.9814 0.0000 0.1922 0.0000	</row2>
					<row3>	0.3055 0.4592 -6.5621 1.0000	</row3>
				</transform>
			</node>
			<node>
				<identifier>	MP_HM402_Bench_closed_INDEX_4	</identifier>
				<transform>
					<row0>	0.0976 0.0043 -0.9952 0.0000	</row0>
					<row1>	-0.0007 1.0000 0.0043 0.0000	</row1>
					<row2>	0.9952 0.0003 0.0976 0.0000	</row2>
					<row3>	-0.7811 0.4478 -3.4543 1.0000	</row3>
				</transform>
			</node>
			<node>
				<identifier>	MP_HM402_Bench_closed_INDEX_5	</identifier>
				<transform>
					<row0>	0.0976 -0.0043 0.9952 0.0000	</row0>
					<row1>	0.0007 1.0000 0.0043 0.0000	</row1>
					<row2>	-0.9952 0.0003 0.0976 0.0000	</row2>
					<row3>	0.7811 0.4478 -3.4543 1.0000	</row3>
				</transform>
			</node>
			<node>
				<identifier>	MP_HM402_Bench_closed_INDEX_6	</identifier>
				<transform>
					<row0>	0.1730 -0.0043 0.9849 0.0000	</row0>
					<row1>	0.0007 1.0000 0.0043 0.0000	</row1>
					<row2>	-0.9849 0.0000 0.1730 0.0000	</row2>
					<row3>	0.4745 0.4562 -5.6652 1.0000	</row3>
				</transform>
			</node>
			<node>
				<identifier>	MP_HM402_Bench_closed_INDEX_7	</identifier>
				<transform>
					<row0>	0.1141 0.0043 -0.9935 0.0000	</row0>
					<row1>	-0.0007 1.0000 0.0043 0.0000	</row1>
					<row2>	0.9935 0.0003 0.1141 0.0000	</row2>
					<row3>	-0.7163 0.4495 -4.0603 1.0000	</row3>
				</transform>
			</node>
			<node>
				<identifier>	MP_HM520_Life_Boat_3	</identifier>
				<transform>
					<row0>	0.0000 0.0000 1.0000 0.0000	</row0>
					<row1>	-0.0183 0.9998 0.0000 0.0000	</row1>
					<row2>	-0.9998 -0.0183 0.0000 0.0000	</row2>
					<row3>	-0.0621 0.4309 -5.2747 1.0000	</row3>
				</transform>
			</node>
			<node>
				<identifier>	MP_HM520_Life_Boat_3_INDEX_1	</identifier>
				<transform>
					<row0>	0.0000 0.0000 -1.0000 0.0000	</row0>
					<row1>	0.0183 0.9998 0.0000 0.0000	</row1>
					<row2>	0.9998 -0.0183 0.0000 0.0000	</row2>
					<row3>	0.0621 0.4309 -5.2747 1.0000	</row3>
				</transform>
			</node>
			<node>
				<identifier>	MP_HM520_Life_Boat_3_INDEX_2	</identifier>
				<transform>
					<row0>	0.0000 0.0000 1.0000 0.0000	</row0>
					<row1>	-0.0151 0.9999 0.0000 0.0000	</row1>
					<row2>	-0.9999 -0.0151 0.0000 0.0000	</row2>
					<row3>	-0.0621 0.4309 -5.6397 1.0000	</row3>
				</transform>
			</node>
			<node>
				<identifier>	MP_HM520_Life_Boat_3_INDEX_3	</identifier>
				<transform>
					<row0>	0.0000 0.0000 -1.0000 0.0000	</row0>
					<row1>	0.0151 0.9999 0.0000 0.0000	</row1>
					<row2>	0.9999 -0.0151 0.0000 0.0000	</row2>
					<row3>	0.0621 0.4309 -5.6397 1.0000	</row3>
				</transform>
			</node>
			<node>
				<identifier>	MP_HM620_Depth_Charge_Stowage	</identifier>
				<transform>
					<row0>	-0.9848 0.0000 0.1736 0.0000	</row0>
					<row1>	0.0000 1.0000 0.0000 0.0000	</row1>
					<row2>	-0.1736 0.0000 -0.9848 0.0000	</row2>
					<row3>	0.2851 0.4259 -6.0920 1.0000	</row3>
				</transform>
			</node>
			<node>
				<identifier>	MP_HM620_Depth_Charge_Stowage_INDEX_1	</identifier>
				<transform>
					<row0>	0.9848 0.0000 -0.1736 0.0000	</row0>
					<row1>	0.0000 1.0000 0.0000 0.0000	</row1>
					<row2>	0.1736 0.0000 0.9848 0.0000	</row2>
					<row3>	0.3069 0.4259 -5.9686 1.0000	</row3>
				</transform>
			</node>
			<node>
				<identifier>	MP_HM620_Depth_Charge_Stowage_INDEX_2	</identifier>
				<transform>
					<row0>	0.9848 0.0000 -0.1736 0.0000	</row0>
					<row1>	0.0000 1.0000 0.0000 0.0000	</row1>
					<row2>	0.1736 0.0000 0.9848 0.0000	</row2>
					<row3>	0.2361 0.4279 -6.3682 1.0000	</row3>
				</transform>
			</node>
			<node>
				<identifier>	MP_HM620_Depth_Charge_Stowage_INDEX_3	</identifier>
				<transform>
					<row0>	-0.9848 0.0000 0.1736 0.0000	</row0>
					<row1>	0.0000 1.0000 0.0000 0.0000	</row1>
					<row2>	-0.1736 0.0000 -0.9848 0.0000	</row2>
					<row3>	0.2143 0.4279 -6.4917 1.0000	</row3>
				</transform>
			</node>
			<node>
				<identifier>	MP_HM620_Depth_Charge_Stowage_INDEX_4	</identifier>
				<transform>
					<row0>	-0.9848 0.0000 -0.1736 0.0000	</row0>
					<row1>	0.0000 1.0000 0.0000 0.0000	</row1>
					<row2>	0.1736 0.0000 -0.9848 0.0000	</row2>
					<row3>	-0.2851 0.4259 -6.0920 1.0000	</row3>
				</transform>
			</node>
			<node>
				<identifier>	MP_HM620_Depth_Charge_Stowage_INDEX_5	</identifier>
				<transform>
					<row0>	0.9848 0.0000 0.1736 0.0000	</row0>
					<row1>	0.0000 1.0000 0.0000 0.0000	</row1>
					<row2>	-0.1736 0.0000 0.9848 0.0000	</row2>
					<row3>	-0.3069 0.4259 -5.9686 1.0000	</row3>
				</transform>
			</node>
			<node>
				<identifier>	MP_HM620_Depth_Charge_Stowage_INDEX_6	</identifier>
				<transform>
					<row0>	0.9848 0.0000 0.1736 0.0000	</row0>
					<row1>	0.0000 1.0000 0.0000 0.0000	</row1>
					<row2>	-0.1736 0.0000 0.9848 0.0000	</row2>
					<row3>	-0.2361 0.4279 -6.3682 1.0000	</row3>
				</transform>
			</node>
			<node>
				<identifier>	MP_HM620_Depth_Charge_Stowage_INDEX_7	</identifier>
				<transform>
					<row0>	-0.9848 0.0000 -0.1736 0.0000	</row0>
					<row1>	0.0000 1.0000 0.0000 0.0000	</row1>
					<row2>	0.1736 0.0000 -0.9848 0.0000	</row2>
					<row3>	-0.2143 0.4279 -6.4917 1.0000	</row3>
				</transform>
			</node>
			<node>
				<identifier>	MP_HM621_Depth_Charge	</identifier>
				<transform>
					<row0>	0.9848 0.0000 -0.1736 0.0000	</row0>
					<row1>	-0.1736 0.0000 -0.9848 0.0000	</row1>
					<row2>	0.0000 1.0000 0.0000 0.0000	</row2>
					<row3>	0.2401 0.4597 -6.3455 1.0000	</row3>
				</transform>
			</node>
			<node>
				<identifier>	MP_HM621_Depth_Charge_INDEX_1	</identifier>
				<transform>
					<row0>	-0.9848 0.0000 0.1736 0.0000	</row0>
					<row1>	0.1736 0.0000 0.9848 0.0000	</row1>
					<row2>	0.0000 1.0000 0.0000 0.0000	</row2>
					<row3>	0.2103 0.4597 -6.5144 1.0000	</row3>
				</transform>
			</node>
			<node>
				<identifier>	MP_HM621_Depth_Charge_INDEX_2	</identifier>
				<transform>
					<row0>	0.9848 0.0000 -0.1736 0.0000	</row0>
					<row1>	-0.1736 0.0000 -0.9848 0.0000	</row1>
					<row2>	0.0000 1.0000 0.0000 0.0000	</row2>
					<row3>	0.3109 0.4577 -5.9459 1.0000	</row3>
				</transform>
			</node>
			<node>
				<identifier>	MP_HM621_Depth_Charge_INDEX_3	</identifier>
				<transform>
					<row0>	-0.9848 0.0000 0.1736 0.0000	</row0>
					<row1>	0.1736 0.0000 0.9848 0.0000	</row1>
					<row2>	0.0000 1.0000 0.0000 0.0000	</row2>
					<row3>	0.2811 0.4577 -6.1148 1.0000	</row3>
				</transform>
			</node>
			<node>
				<identifier>	MP_HM621_Depth_Charge_INDEX_4	</identifier>
				<transform>
					<row0>	0.9848 0.0000 0.1736 0.0000	</row0>
					<row1>	0.1736 0.0000 -0.9848 0.0000	</row1>
					<row2>	0.0000 1.0000 0.0000 0.0000	</row2>
					<row3>	-0.2401 0.4597 -6.3455 1.0000	</row3>
				</transform>
			</node>
			<node>
				<identifier>	MP_HM621_Depth_Charge_INDEX_5	</identifier>
				<transform>
					<row0>	-0.9848 0.0000 -0.1736 0.0000	</row0>
					<row1>	-0.1736 0.0000 0.9848 0.0000	</row1>
					<row2>	0.0000 1.0000 0.0000 0.0000	</row2>
					<row3>	-0.2103 0.4597 -6.5144 1.0000	</row3>
				</transform>
			</node>
			<node>
				<identifier>	MP_HM621_Depth_Charge_INDEX_6	</identifier>
				<transform>
					<row0>	0.9848 0.0000 0.1736 0.0000	</row0>
					<row1>	0.1736 0.0000 -0.9848 0.0000	</row1>
					<row2>	0.0000 1.0000 0.0000 0.0000	</row2>
					<row3>	-0.3109 0.4577 -5.9459 1.0000	</row3>
				</transform>
			</node>
			<node>
				<identifier>	MP_HM621_Depth_Charge_INDEX_7	</identifier>
				<transform>
					<row0>	-0.9848 0.0000 -0.1736 0.0000	</row0>
					<row1>	-0.1736 0.0000 0.9848 0.0000	</row1>
					<row2>	0.0000 1.0000 0.0000 0.0000	</row2>
					<row3>	-0.2811 0.4577 -6.1148 1.0000	</row3>
				</transform>
			</node>
			<node>
				<identifier>	MP_HM751_Hatch	</identifier>
				<transform>
					<row0>	0.9115 0.0000 0.0000 0.0000	</row0>
					<row1>	0.0000 0.9115 0.0000 0.0000	</row1>
					<row2>	0.0000 0.0000 0.9115 0.0000	</row2>
					<row3>	0.0727 0.4069 -7.2387 1.0000	</row3>
				</transform>
			</node>
			<node>
				<identifier>	MP_HM751_Hatch_INDEX_1	</identifier>
				<transform>
					<row0>	0.9115 0.0000 0.0000 0.0000	</row0>
					<row1>	0.0000 0.9115 0.0000 0.0000	</row1>
					<row2>	0.0000 0.0000 0.9115 0.0000	</row2>
					<row3>	0.0727 0.4314 -5.7869 1.0000	</row3>
				</transform>
			</node>
			<node>
				<identifier>	MP_HM751_Hatch_INDEX_2	</identifier>
				<transform>
					<row0>	0.9115 0.0000 0.0000 0.0000	</row0>
					<row1>	0.0000 0.9115 0.0000 0.0000	</row1>
					<row2>	0.0000 0.0000 0.9115 0.0000	</row2>
					<row3>	0.1168 0.4309 -4.5888 1.0000	</row3>
				</transform>
			</node>
			<node>
				<identifier>	MP_HM751_Hatch_INDEX_3	</identifier>
				<transform>
					<row0>	0.9115 0.0000 0.0000 0.0000	</row0>
					<row1>	0.0000 0.9115 0.0000 0.0000	</row1>
					<row2>	0.0000 0.0000 0.9115 0.0000	</row2>
					<row3>	-0.4230 0.4225 -3.8360 1.0000	</row3>
				</transform>
			</node>
			<node>
				<identifier>	MP_HM751_Hatch_INDEX_4	</identifier>
				<transform>
					<row0>	0.9115 0.0000 0.0000 0.0000	</row0>
					<row1>	0.0000 0.9115 0.0000 0.0000	</row1>
					<row2>	0.0000 0.0000 0.9115 0.0000	</row2>
					<row3>	0.0727 0.4319 -5.4379 1.0000	</row3>
				</transform>
			</node>
			<node>
				<identifier>	MP_HM751_Hatch_INDEX_5	</identifier>
				<transform>
					<row0>	0.9115 0.0000 0.0000 0.0000	</row0>
					<row1>	0.0000 0.9115 0.0000 0.0000	</row1>
					<row2>	0.0000 0.0000 0.9115 0.0000	</row2>
					<row3>	0.4230 0.4225 -3.8360 1.0000	</row3>
				</transform>
			</node>
			<node>
				<identifier>	MP_HM751_Hatch_INDEX_6	</identifier>
				<transform>
					<row0>	0.9115 0.0000 0.0000 0.0000	</row0>
					<row1>	0.0000 0.9115 0.0000 0.0000	</row1>
					<row2>	0.0000 0.0000 0.9115 0.0000	</row2>
					<row3>	-0.1168 0.4309 -4.5888 1.0000	</row3>
				</transform>
			</node>
			<node>
				<identifier>	MP_HM751_Hatch_INDEX_7	</identifier>
				<transform>
					<row0>	0.9115 0.0000 0.0000 0.0000	</row0>
					<row1>	0.0000 0.9115 0.0000 0.0000	</row1>
					<row2>	0.0000 0.0000 0.9115 0.0000	</row2>
					<row3>	0.0727 0.4320 -4.9376 1.0000	</row3>
				</transform>
			</node>
			<node>
				<identifier>	MP_HM859_Steern_Light	</identifier>
				<transform>
					<row0>	-1.2546 0.0000 0.0000 0.0000	</row0>
					<row1>	0.0000 1.2546 0.0000 0.0000	</row1>
					<row2>	0.0000 0.0000 -1.2546 0.0000	</row2>
					<row3>	0.0000 0.6226 -7.4698 1.0000	</row3>
				</transform>
			</node>
			<node>
				<identifier>	MP_HM950_Capstan	</identifier>
				<transform>
					<row0>	1.1730 0.0000 0.0000 0.0000	</row0>
					<row1>	0.0000 1.1730 0.0000 0.0000	</row1>
					<row2>	0.0000 0.0000 1.1730 0.0000	</row2>
					<row3>	0.0002 0.4469 -6.2876 1.0000	</row3>
				</transform>
			</node>
			<node>
				<identifier>	MP_HM957_Bollard	</identifier>
				<transform>
					<row0>	1.8632 0.0000 -0.3019 0.0000	</row0>
					<row1>	0.0000 1.8875 0.0000 0.0000	</row1>
					<row2>	0.3019 0.0000 1.8632 0.0000	</row2>
					<row3>	0.1731 0.4286 -6.6912 1.0000	</row3>
				</transform>
			</node>
			<node>
				<identifier>	MP_HM957_Bollard_INDEX_1	</identifier>
				<transform>
					<row0>	1.8632 0.0000 0.3019 0.0000	</row0>
					<row1>	0.0000 1.8875 0.0000 0.0000	</row1>
					<row2>	-0.3019 0.0000 1.8632 0.0000	</row2>
					<row3>	-0.1731 0.4286 -6.6912 1.0000	</row3>
				</transform>
			</node>
			<node>
				<identifier>	MP_HM957_Bollard_INDEX_2	</identifier>
				<transform>
					<row0>	1.3829 0.0000 0.2240 0.0000	</row0>
					<row1>	0.0000 1.4009 0.0000 0.0000	</row1>
					<row2>	-0.2240 0.0000 1.3829 0.0000	</row2>
					<row3>	-0.3368 0.4264 -5.7889 1.0000	</row3>
				</transform>
			</node>
			<node>
				<identifier>	MP_HM957_Bollard_INDEX_3	</identifier>
				<transform>
					<row0>	1.3933 0.0680 0.1293 0.0000	</row0>
					<row1>	-0.0677 1.3993 -0.0063 0.0000	</row1>
					<row2>	-0.1295 0.0000 1.3949 0.0000	</row2>
					<row3>	-0.6823 0.4195 -3.4365 1.0000	</row3>
				</transform>
			</node>
			<node>
				<identifier>	MP_HM957_Bollard_INDEX_4	</identifier>
				<transform>
					<row0>	1.3933 -0.0680 -0.1293 0.0000	</row0>
					<row1>	0.0677 1.3993 -0.0063 0.0000	</row1>
					<row2>	0.1295 0.0000 1.3949 0.0000	</row2>
					<row3>	0.6823 0.4195 -3.4365 1.0000	</row3>
				</transform>
			</node>
			<node>
				<identifier>	MP_HM957_Bollard_INDEX_5	</identifier>
				<transform>
					<row0>	1.3829 0.0000 -0.2240 0.0000	</row0>
					<row1>	0.0000 1.4009 0.0000 0.0000	</row1>
					<row2>	0.2240 0.0000 1.3829 0.0000	</row2>
					<row3>	0.3368 0.4264 -5.7889 1.0000	</row3>
				</transform>
			</node>
			<node>
				<identifier>	MP_HM959_Reel	</identifier>
				<transform>
					<row0>	2.0562 0.0360 0.0000 0.0000	</row0>
					<row1>	-0.0360 2.0562 0.0000 0.0000	</row1>
					<row2>	0.0000 0.0000 2.0565 0.0000	</row2>
					<row3>	-0.1998 0.4312 -5.3373 1.0000	</row3>
				</transform>
			</node>
			<node>
				<identifier>	MP_HM959_Reel_INDEX_1	</identifier>
				<transform>
					<row0>	2.0562 -0.0360 0.0000 0.0000	</row0>
					<row1>	0.0360 2.0562 0.0000 0.0000	</row1>
					<row2>	0.0000 0.0000 2.0565 0.0000	</row2>
					<row3>	0.1998 0.4312 -5.3373 1.0000	</row3>
				</transform>
			</node>
			<node>
				<identifier>	MP_HM960_Reel	</identifier>
				<transform>
					<row0>	1.1607 -0.0188 0.0000 0.0000	</row0>
					<row1>	0.0188 1.1607 0.0000 0.0000	</row1>
					<row2>	0.0000 0.0000 1.1609 0.0000	</row2>
					<row3>	0.1347 0.4294 -5.9372 1.0000	</row3>
				</transform>
			</node>
			<node>
				<identifier>	MP_HM960_Reel_INDEX_1	</identifier>
				<transform>
					<row0>	1.1607 0.0188 0.0000 0.0000	</row0>
					<row1>	-0.0188 1.1607 0.0000 0.0000	</row1>
					<row2>	0.0000 0.0000 1.1609 0.0000	</row2>
					<row3>	-0.1347 0.4294 -5.9372 1.0000	</row3>
				</transform>
			</node>
			<node>
				<identifier>	SP_YMS011_YHWL_M_1_INDEX_14	</identifier>
				<transform>
					<row0>	0.7957 0.4532 0.1901 0.0000	</row0>
					<row1>	-0.4398 0.8181 -0.1093 0.0000	</row1>
					<row2>	-0.2192 0.0036 0.9091 0.0000	</row2>
					<row3>	-0.1767 0.0054 -7.0170 1.0000	</row3>
				</transform>
			</node>
			<node>
				<identifier>	SP_YMS011_YHWL_M_1_INDEX_17	</identifier>
				<transform>
					<row0>	0.7129 0.5931 0.1207 0.0000	</row0>
					<row1>	-0.5829 0.7230 -0.1097 0.0000	</row1>
					<row2>	-0.1629 0.0084 0.9209 0.0000	</row2>
					<row3>	-0.3320 0.0089 -6.2669 1.0000	</row3>
				</transform>
			</node>
			<node>
				<identifier>	SP_YMS011_YHWL_M_1_INDEX_18	</identifier>
				<transform>
					<row0>	0.8584 0.3892 0.1484 0.0000	</row0>
					<row1>	-0.3856 0.8710 -0.0539 0.0000	</row1>
					<row2>	-0.1575 -0.0115 0.9409 0.0000	</row2>
					<row3>	-0.4778 -0.0002 -5.5020 1.0000	</row3>
				</transform>
			</node>
			<node>
				<identifier>	SP_YMS011_YHWL_M_1_INDEX_2	</identifier>
				<transform>
					<row0>	0.9911 0.0403 0.1270 0.0000	</row0>
					<row1>	-0.0400 0.9992 -0.0048 0.0000	</row1>
					<row2>	-0.1271 -0.0003 0.9919 0.0000	</row2>
					<row3>	-0.7369 0.0000 -3.8653 1.0000	</row3>
				</transform>
			</node>
			<node>
				<identifier>	SP_YMS011_YHWL_M_1_INDEX_3	</identifier>
				<transform>
					<row0>	0.9763 0.1678 0.1478 0.0000	</row0>
					<row1>	-0.1659 0.9874 -0.0251 0.0000	</row1>
					<row2>	-0.1499 0.0000 0.9903 0.0000	</row2>
					<row3>	-0.6085 0.0000 -4.6977 1.0000	</row3>
				</transform>
			</node>
			<node>
				<identifier>	SP_YMS012_YHWR_M_1	</identifier>
				<transform>
					<row0>	0.9763 -0.1678 -0.1478 0.0000	</row0>
					<row1>	0.1659 0.9874 -0.0251 0.0000	</row1>
					<row2>	0.1499 0.0000 0.9903 0.0000	</row2>
					<row3>	0.6085 0.0000 -4.6977 1.0000	</row3>
				</transform>
			</node>
			<node>
				<identifier>	SP_YMS012_YHWR_M_1_INDEX_15	</identifier>
				<transform>
					<row0>	0.7129 -0.5931 -0.1207 0.0000	</row0>
					<row1>	0.5829 0.7230 -0.1097 0.0000	</row1>
					<row2>	0.1629 0.0084 0.9209 0.0000	</row2>
					<row3>	0.3320 0.0089 -6.2669 1.0000	</row3>
				</transform>
			</node>
			<node>
				<identifier>	SP_YMS012_YHWR_M_1_INDEX_16	</identifier>
				<transform>
					<row0>	0.8584 -0.3892 -0.1484 0.0000	</row0>
					<row1>	0.3856 0.8710 -0.0539 0.0000	</row1>
					<row2>	0.1575 -0.0115 0.9409 0.0000	</row2>
					<row3>	0.4778 -0.0002 -5.5020 1.0000	</row3>
				</transform>
			</node>
			<node>
				<identifier>	SP_YMS012_YHWR_M_1_INDEX_19	</identifier>
				<transform>
					<row0>	0.7957 -0.4532 -0.1901 0.0000	</row0>
					<row1>	0.4398 0.8181 -0.1093 0.0000	</row1>
					<row2>	0.2192 0.0036 0.9091 0.0000	</row2>
					<row3>	0.1767 0.0054 -7.0170 1.0000	</row3>
				</transform>
			</node>
			<node>
				<identifier>	SP_YMS012_YHWR_M_1_INDEX_7	</identifier>
				<transform>
					<row0>	0.9911 -0.0403 -0.1270 0.0000	</row0>
					<row1>	0.0400 0.9992 -0.0048 0.0000	</row1>
					<row2>	0.1271 -0.0003 0.9919 0.0000	</row2>
					<row3>	0.7369 0.0000 -3.8653 1.0000	</row3>
				</transform>
			</node>
			<node>
				<identifier>	SP_YMS023_YHUC_L_1	</identifier>
				<transform>
					<row0>	0.0000 0.7495 -0.0287 0.0000	</row0>
					<row1>	-0.7500 0.0000 0.0000 0.0000	</row1>
					<row2>	0.0000 0.0287 0.7495 0.0000	</row2>
					<row3>	0.1950 -0.3451 -6.1906 1.0000	</row3>
				</transform>
			</node>
			<node>
				<identifier>	SP_YMS023_YHUC_L_1_INDEX_1	</identifier>
				<transform>
					<row0>	0.0000 -0.7495 0.0287 0.0000	</row0>
					<row1>	0.7500 0.0000 0.0000 0.0000	</row1>
					<row2>	0.0000 0.0287 0.7495 0.0000	</row2>
					<row3>	-0.1950 -0.3451 -6.1906 1.0000	</row3>
				</transform>
			</node>
			<node>
				<identifier>	SP_YMS023_YHUC_L_1_INDEX_2	</identifier>
				<transform>
					<row0>	0.7497 0.0007 0.0196 0.0000	</row0>
					<row1>	-0.0003 0.7498 -0.0168 0.0000	</row1>
					<row2>	-0.0196 0.0168 0.7496 0.0000	</row2>
					<row3>	0.4457 -0.3337 -5.5729 1.0000	</row3>
				</transform>
			</node>
			<node>
				<identifier>	SP_YMS023_YHUC_L_1_INDEX_3	</identifier>
				<transform>
					<row0>	0.7497 -0.0007 -0.0196 0.0000	</row0>
					<row1>	0.0003 0.7498 -0.0168 0.0000	</row1>
					<row2>	0.0196 0.0168 0.7496 0.0000	</row2>
					<row3>	-0.4457 -0.3337 -5.5729 1.0000	</row3>
				</transform>
			</node>
			<node>
				<identifier>	SP_YMS030_YHAM_M_1	</identifier>
				<transform>
					<row0>	0.9037 0.0000 0.0000 0.0000	</row0>
					<row1>	0.0000 0.9037 0.0000 0.0000	</row1>
					<row2>	0.0000 0.0000 0.9037 0.0000	</row2>
					<row3>	0.0000 0.2350 -7.5156 1.0000	</row3>
				</transform>
			</node>
			<node>
				<identifier>	SP_YMS031_YHAL_M_1	</identifier>
				<transform>
					<row0>	0.9903 -0.0787 0.1149 0.0000	</row0>
					<row1>	0.0790 0.9969 0.0013 0.0000	</row1>
					<row2>	-0.1147 0.0078 0.9934 0.0000	</row2>
					<row3>	-0.2694 0.3063 -6.8222 1.0000	</row3>
				</transform>
			</node>
			<node>
				<identifier>	SP_YMS032_YHAR_M_1	</identifier>
				<transform>
					<row0>	0.9903 0.0787 -0.1148 0.0000	</row0>
					<row1>	-0.0790 0.9969 0.0013 0.0000	</row1>
					<row2>	0.1145 0.0077 0.9934 0.0000	</row2>
					<row3>	0.2694 0.3063 -6.8222 1.0000	</row3>
				</transform>
			</node>
			<node>
				<identifier>	SP_YMS051_YHDL_L_1_INDEX_1	</identifier>
				<transform>
					<row0>	0.9848 0.0000 0.1735 0.0000	</row0>
					<row1>	0.0000 1.0000 0.0000 0.0000	</row1>
					<row2>	-0.1735 0.0000 0.9848 0.0000	</row2>
					<row3>	-0.4782 0.4243 -5.7394 1.0000	</row3>
				</transform>
			</node>
			<node>
				<identifier>	SP_YMS052_YHDR_L_1	</identifier>
				<transform>
					<row0>	0.9848 0.0000 -0.1735 0.0000	</row0>
					<row1>	0.0000 1.0000 0.0000 0.0000	</row1>
					<row2>	0.1735 0.0000 0.9848 0.0000	</row2>
					<row3>	0.4782 0.4243 -5.7394 1.0000	</row3>
				</transform>
			</node>
			<node>
				<identifier>	SP_YMS053_YHDC_S_1_INDEX_3	</identifier>
				<transform>
					<row0>	0.0000 0.0000 1.0000 0.0000	</row0>
					<row1>	0.0000 1.0000 0.0000 0.0000	</row1>
					<row2>	-1.0000 0.0000 0.0000 0.0000	</row2>
					<row3>	-0.4140 0.4391 -5.0407 1.0000	</row3>
				</transform>
			</node>
			<node>
				<identifier>	SP_YMS053_YHDC_S_1_INDEX_4	</identifier>
				<transform>
					<row0>	0.0000 0.0000 -1.0000 0.0000	</row0>
					<row1>	0.0000 1.0000 0.0000 0.0000	</row1>
					<row2>	1.0000 0.0000 0.0000 0.0000	</row2>
					<row3>	0.4140 0.4391 -5.0407 1.0000	</row3>
				</transform>
			</node>
			<node>
				<identifier>	SP_YMS080_YHSL_M_1_INDEX_1	</identifier>
				<transform>
					<row0>	0.9862 0.0393 0.1608 0.0000	</row0>
					<row1>	-0.0388 0.9992 -0.0066 0.0000	</row1>
					<row2>	-0.1609 0.0003 0.9870 0.0000	</row2>
					<row3>	-0.5935 0.2603 -4.9628 1.0000	</row3>
				</transform>
			</node>
			<node>
				<identifier>	SP_YMS081_YHSR_M_1_INDEX_2	</identifier>
				<transform>
					<row0>	0.9862 -0.0393 -0.1608 0.0000	</row0>
					<row1>	0.0388 0.9992 -0.0066 0.0000	</row1>
					<row2>	0.1609 0.0003 0.9870 0.0000	</row2>
					<row3>	0.5935 0.2603 -4.9628 1.0000	</row3>
				</transform>
			</node>
			<node>
				<identifier>	SP_YMS083_YHSC_L_1_INDEX_4	</identifier>
				<transform>
					<row0>	0.1222 0.0051 1.0609 0.0000	</row0>
					<row1>	0.1016 1.0630 -0.0168 0.0000	</row1>
					<row2>	-1.0561 0.1029 0.1212 0.0000	</row2>
					<row3>	0.7014 0.4034 -4.1864 1.0000	</row3>
				</transform>
			</node>
			<node>
				<identifier>	SP_YMS083_YHSC_L_1_INDEX_8	</identifier>
				<transform>
					<row0>	0.1222 -0.0051 -1.0609 0.0000	</row0>
					<row1>	-0.1016 1.0630 -0.0168 0.0000	</row1>
					<row2>	1.0561 0.1029 0.1212 0.0000	</row2>
					<row3>	-0.7014 0.4034 -4.1864 1.0000	</row3>
				</transform>
			</node>
			<node>
				<identifier>	SP_YMS084_YHSC_L_2_INDEX_1	</identifier>
				<transform>
					<row0>	0.1000 -0.0010 1.0264 0.0000	</row0>
					<row1>	0.0537 1.0299 -0.0043 0.0000	</row1>
					<row2>	-1.0250 0.0539 0.1000 0.0000	</row2>
					<row3>	0.7799 0.3939 -3.4380 1.0000	</row3>
				</transform>
			</node>
			<node>
				<identifier>	SP_YMS084_YHSC_L_2_INDEX_2	</identifier>
				<transform>
					<row0>	0.1000 0.0010 -1.0264 0.0000	</row0>
					<row1>	-0.0537 1.0299 -0.0043 0.0000	</row1>
					<row2>	1.0250 0.0539 0.1000 0.0000	</row2>
					<row3>	-0.7799 0.3939 -3.4380 1.0000	</row3>
				</transform>
			</node>
		</node>
	</node>
	<boundingBox>
		<min>	-0.0667 -0.0667 -0.0667	</min>
		<max>	0.0667 0.0667 0.0667	</max>
	</boundingBox>
</HSC010_Gouden_Leeuw_1948_Stern_ports.visual>
