<JSC001_Katori_1940_MidBack_ports.visual>
	<node>
		<identifier>	Scene Root	</identifier>
		<transform>
			<row0>	1.0000 0.0000 0.0000 0.0000	</row0>
			<row1>	0.0000 1.0000 0.0000 0.0000	</row1>
			<row2>	0.0000 0.0000 1.0000 0.0000	</row2>
			<row3>	0.0000 0.0000 0.0000 1.0000	</row3>
		</transform>
		<node>
			<identifier>	MidBack_ports	</identifier>
			<transform>
				<row0>	1.0000 0.0000 0.0000 0.0000	</row0>
				<row1>	0.0000 1.0000 0.0000 0.0000	</row1>
				<row2>	0.0000 0.0000 1.0000 0.0000	</row2>
				<row3>	0.0000 0.0000 0.0000 1.0000	</row3>
			</transform>
			<node>
				<identifier>	HP_FX_Death_2	</identifier>
				<transform>
					<row0>	1.0000 0.0000 0.0000 0.0000	</row0>
					<row1>	0.0000 1.0000 0.0000 0.0000	</row1>
					<row2>	0.0000 0.0000 1.0000 0.0000	</row2>
					<row3>	0.0000 0.0000 -0.4029 1.0000	</row3>
				</transform>
			</node>
			<node>
				<identifier>	HP_FX_Fire_3	</identifier>
				<transform>
					<row0>	1.0000 0.0000 0.0000 0.0000	</row0>
					<row1>	0.0000 1.0000 0.0000 0.0000	</row1>
					<row2>	0.0000 0.0000 1.0000 0.0000	</row2>
					<row3>	0.0000 0.5240 -1.8565 1.0000	</row3>
				</transform>
			</node>
			<node>
				<identifier>	HP_FX_Fire_3_side_1	</identifier>
				<transform>
					<row0>	1.0000 0.0000 0.0000 0.0000	</row0>
					<row1>	0.0000 1.0000 0.0000 0.0000	</row1>
					<row2>	0.0000 0.0000 1.0000 0.0000	</row2>
					<row3>	0.4061 0.3160 -2.0475 1.0000	</row3>
				</transform>
			</node>
			<node>
				<identifier>	HP_FX_FloodLight_left_2	</identifier>
				<transform>
					<row0>	-1.0000 0.0000 0.0000 0.0000	</row0>
					<row1>	0.0000 1.0000 0.0000 0.0000	</row1>
					<row2>	0.0000 0.0000 -1.0000 0.0000	</row2>
					<row3>	-0.2309 0.6907 -1.6292 1.0000	</row3>
				</transform>
			</node>
			<node>
				<identifier>	HP_FX_FloodLight_right_1	</identifier>
				<transform>
					<row0>	1.0000 0.0000 0.0000 0.0000	</row0>
					<row1>	0.0000 1.0000 0.0000 0.0000	</row1>
					<row2>	0.0000 0.0000 1.0000 0.0000	</row2>
					<row3>	0.2309 0.6907 -1.6292 1.0000	</row3>
				</transform>
			</node>
			<node>
				<identifier>	HP_FX_Flood_water_left	</identifier>
				<transform>
					<row0>	-1.0000 0.0000 0.0000 0.0000	</row0>
					<row1>	0.0000 1.0000 0.0000 0.0000	</row1>
					<row2>	0.0000 0.0000 -1.0000 0.0000	</row2>
					<row3>	-0.4878 0.0692 -1.8873 1.0000	</row3>
				</transform>
			</node>
			<node>
				<identifier>	HP_FX_Flood_water_right	</identifier>
				<transform>
					<row0>	1.0000 0.0000 0.0000 0.0000	</row0>
					<row1>	0.0000 1.0000 0.0000 0.0000	</row1>
					<row2>	0.0000 0.0000 1.0000 0.0000	</row2>
					<row3>	0.4919 0.0675 -1.8902 1.0000	</row3>
				</transform>
			</node>
			<node>
				<identifier>	HP_JC_1	</identifier>
				<transform>
					<row0>	0.0000 0.0000 1.0000 0.0000	</row0>
					<row1>	0.0000 1.0000 0.0000 0.0000	</row1>
					<row2>	-1.0000 0.0000 0.0000 0.0000	</row2>
					<row3>	0.0000 0.5267 -0.6585 1.0000	</row3>
				</transform>
			</node>
			<node>
				<identifier>	HP_JD_4	</identifier>
				<transform>
					<row0>	-1.0000 0.0000 0.0000 0.0000	</row0>
					<row1>	0.0000 1.0000 0.0000 0.0000	</row1>
					<row2>	0.0000 0.0000 -1.0000 0.0000	</row2>
					<row3>	0.0000 0.8461 -1.8139 1.0000	</row3>
				</transform>
			</node>
			<node>
				<identifier>	HP_JF_3	</identifier>
				<transform>
					<row0>	-1.0000 0.0000 0.0000 0.0000	</row0>
					<row1>	0.0000 1.0000 0.0000 0.0000	</row1>
					<row2>	0.0000 0.0000 -1.0000 0.0000	</row2>
					<row3>	0.0000 1.0381 -1.7170 1.0000	</row3>
				</transform>
			</node>
			<node>
				<identifier>	HP_JGM_2	</identifier>
				<transform>
					<row0>	-1.0000 0.0000 0.0000 0.0000	</row0>
					<row1>	0.0000 1.0000 0.0000 0.0000	</row1>
					<row2>	0.0000 0.0000 -1.0000 0.0000	</row2>
					<row3>	0.0000 0.3177 -2.5801 1.0000	</row3>
				</transform>
			</node>
			<node>
				<identifier>	HP_JGS_1	</identifier>
				<transform>
					<row0>	-1.0000 0.0000 0.0000 0.0000	</row0>
					<row1>	0.0000 1.0000 0.0000 0.0000	</row1>
					<row2>	0.0000 0.0000 -1.0000 0.0000	</row2>
					<row3>	0.0000 0.4710 -2.0445 1.0000	</row3>
				</transform>
			</node>
			<node>
				<identifier>	HP_Ship_death_3	</identifier>
				<transform>
					<row0>	1.0000 0.0000 0.0000 0.0000	</row0>
					<row1>	0.0000 1.0000 0.0000 0.0000	</row1>
					<row2>	0.0000 0.0000 1.0000 0.0000	</row2>
					<row3>	0.0000 0.0000 -2.8016 1.0000	</row3>
				</transform>
			</node>
			<node>
				<identifier>	HP_flag_courtesy	</identifier>
				<transform>
					<row0>	0.9950 -0.0998 0.0009 0.0000	</row0>
					<row1>	0.0998 0.9949 -0.0179 0.0000	</row1>
					<row2>	0.0009 0.0179 0.9998 0.0000	</row2>
					<row3>	0.2747 1.4990 -1.5491 1.0000	</row3>
				</transform>
			</node>
			<node>
				<identifier>	HP_flag_house	</identifier>
				<transform>
					<row0>	0.9950 0.0996 -0.0009 0.0000	</row0>
					<row1>	-0.0996 0.9949 -0.0179 0.0000	</row1>
					<row2>	-0.0009 0.0179 0.9998 0.0000	</row2>
					<row3>	-0.2759 1.5002 -1.5491 1.0000	</row3>
				</transform>
			</node>
			<node>
				<identifier>	HP_flag_nation	</identifier>
				<transform>
					<row0>	0.9940 0.1094 0.0043 0.0000	</row0>
					<row1>	-0.1094 0.9909 0.0779 0.0000	</row1>
					<row2>	0.0043 -0.0779 0.9969 0.0000	</row2>
					<row3>	0.0004 1.7020 -1.7348 1.0000	</row3>
				</transform>
			</node>
			<node>
				<identifier>	HP_flag_rank	</identifier>
				<transform>
					<row0>	0.9940 0.1094 0.0043 0.0000	</row0>
					<row1>	-0.1094 0.9909 0.0779 0.0000	</row1>
					<row2>	0.0043 -0.0779 0.9969 0.0000	</row2>
					<row3>	0.0274 1.4577 -1.7540 1.0000	</row3>
				</transform>
			</node>
			<node>
				<identifier>	MP_CM011_Fire_Fighting_Gear	</identifier>
				<transform>
					<row0>	0.0000 0.0000 1.0000 0.0000	</row0>
					<row1>	0.0000 1.0000 0.0000 0.0000	</row1>
					<row2>	-1.0000 0.0000 0.0000 0.0000	</row2>
					<row3>	0.1561 0.3161 -2.1735 1.0000	</row3>
				</transform>
			</node>
			<node>
				<identifier>	MP_CM011_Fire_Fighting_Gear_INDEX_1	</identifier>
				<transform>
					<row0>	0.0000 0.0000 -1.0000 0.0000	</row0>
					<row1>	0.0000 1.0000 0.0000 0.0000	</row1>
					<row2>	1.0000 0.0000 0.0000 0.0000	</row2>
					<row3>	-0.1579 0.3160 -2.1790 1.0000	</row3>
				</transform>
			</node>
			<node>
				<identifier>	MP_CM011_Fire_Fighting_Gear_INDEX_2	</identifier>
				<transform>
					<row0>	0.0000 0.0000 -1.0000 0.0000	</row0>
					<row1>	0.0000 1.0000 0.0000 0.0000	</row1>
					<row2>	1.0000 0.0000 0.0000 0.0000	</row2>
					<row3>	-0.3570 0.3161 -1.7418 1.0000	</row3>
				</transform>
			</node>
			<node>
				<identifier>	MP_CM011_Fire_Fighting_Gear_INDEX_3	</identifier>
				<transform>
					<row0>	0.0000 0.0000 1.0000 0.0000	</row0>
					<row1>	0.0000 1.0000 0.0000 0.0000	</row1>
					<row2>	-1.0000 0.0000 0.0000 0.0000	</row2>
					<row3>	0.3552 0.3162 -1.7525 1.0000	</row3>
				</transform>
			</node>
			<node>
				<identifier>	MP_CM011_Fire_Fighting_Gear_INDEX_4	</identifier>
				<transform>
					<row0>	-1.0000 0.0000 0.0000 0.0000	</row0>
					<row1>	0.0000 1.0000 0.0000 0.0000	</row1>
					<row2>	0.0000 0.0000 -1.0000 0.0000	</row2>
					<row3>	-0.1934 0.3161 -1.5261 1.0000	</row3>
				</transform>
			</node>
			<node>
				<identifier>	MP_CM012_Fire_Hose_Rack_1	</identifier>
				<transform>
					<row0>	0.9784 0.0000 0.2067 0.0000	</row0>
					<row1>	0.0000 1.0000 0.0000 0.0000	</row1>
					<row2>	-0.2067 0.0000 0.9784 0.0000	</row2>
					<row3>	-0.3462 0.3936 -1.7406 1.0000	</row3>
				</transform>
			</node>
			<node>
				<identifier>	MP_CM012_Fire_Hose_Rack_1_INDEX_1	</identifier>
				<transform>
					<row0>	-0.9798 0.0000 0.2002 0.0000	</row0>
					<row1>	0.0000 1.0000 0.0000 0.0000	</row1>
					<row2>	-0.2002 0.0000 -0.9798 0.0000	</row2>
					<row3>	0.3496 0.3846 -1.7295 1.0000	</row3>
				</transform>
			</node>
			<node>
				<identifier>	MP_CM012_Fire_Hose_Rack_1_INDEX_2	</identifier>
				<transform>
					<row0>	0.0000 0.0000 -1.0000 0.0000	</row0>
					<row1>	0.0000 1.0000 0.0000 0.0000	</row1>
					<row2>	1.0000 0.0000 0.0000 0.0000	</row2>
					<row3>	-0.2241 0.3914 -1.5350 1.0000	</row3>
				</transform>
			</node>
			<node>
				<identifier>	MP_CM013_Fire_Hose_Rack_2	</identifier>
				<transform>
					<row0>	0.9657 0.0000 0.2597 0.0000	</row0>
					<row1>	0.0000 1.0000 0.0000 0.0000	</row1>
					<row2>	-0.2597 0.0000 0.9657 0.0000	</row2>
					<row3>	-0.1437 0.3859 -2.1781 1.0000	</row3>
				</transform>
			</node>
			<node>
				<identifier>	MP_CM013_Fire_Hose_Rack_2_INDEX_1	</identifier>
				<transform>
					<row0>	-0.9846 0.0000 0.1747 0.0000	</row0>
					<row1>	0.0000 1.0000 0.0000 0.0000	</row1>
					<row2>	-0.1747 0.0000 -0.9846 0.0000	</row2>
					<row3>	0.1467 0.3841 -2.1715 1.0000	</row3>
				</transform>
			</node>
			<node>
				<identifier>	MP_CM014_Fuel_Oil_Hose	</identifier>
				<transform>
					<row0>	0.0000 0.0000 1.0000 0.0000	</row0>
					<row1>	0.0000 1.0000 0.0000 0.0000	</row1>
					<row2>	-1.0000 0.0000 0.0000 0.0000	</row2>
					<row3>	0.0000 0.3605 -2.2402 1.0000	</row3>
				</transform>
			</node>
			<node>
				<identifier>	MP_CM014_Fuel_Oil_Hose_INDEX_1	</identifier>
				<transform>
					<row0>	-0.8544 0.0000 0.5196 0.0000	</row0>
					<row1>	0.0000 1.0000 0.0000 0.0000	</row1>
					<row2>	-0.5196 0.0000 -0.8544 0.0000	</row2>
					<row3>	0.1996 0.3565 -2.0231 1.0000	</row3>
				</transform>
			</node>
			<node>
				<identifier>	MP_CM014_Fuel_Oil_Hose_INDEX_2	</identifier>
				<transform>
					<row0>	0.8377 0.0000 0.5462 0.0000	</row0>
					<row1>	0.0000 1.0000 0.0000 0.0000	</row1>
					<row2>	-0.5462 0.0000 0.8377 0.0000	</row2>
					<row3>	-0.2130 0.3595 -2.0117 1.0000	</row3>
				</transform>
			</node>
			<node>
				<identifier>	MP_CM017_Boat_Stowage_3	</identifier>
				<transform>
					<row0>	0.9971 0.0000 -0.0759 0.0000	</row0>
					<row1>	0.0000 1.0000 0.0000 0.0000	</row1>
					<row2>	0.0759 0.0000 0.9971 0.0000	</row2>
					<row3>	0.2934 0.3160 -1.3366 1.0000	</row3>
				</transform>
			</node>
			<node>
				<identifier>	MP_CM017_Boat_Stowage_3_INDEX_1	</identifier>
				<transform>
					<row0>	0.9922 0.0000 -0.1248 0.0000	</row0>
					<row1>	0.0000 1.0000 0.0000 0.0000	</row1>
					<row2>	0.1248 0.0000 0.9922 0.0000	</row2>
					<row3>	-0.3135 0.3163 -1.2826 1.0000	</row3>
				</transform>
			</node>
			<node>
				<identifier>	MP_CM017_Boat_Stowage_3_INDEX_2	</identifier>
				<transform>
					<row0>	0.9890 0.0000 -0.1478 0.0000	</row0>
					<row1>	0.0000 1.0000 0.0000 0.0000	</row1>
					<row2>	0.1478 0.0000 0.9890 0.0000	</row2>
					<row3>	-0.3495 0.3183 -0.5279 1.0000	</row3>
				</transform>
			</node>
			<node>
				<identifier>	MP_CM017_Boat_Stowage_3_INDEX_3	</identifier>
				<transform>
					<row0>	0.9927 0.0000 -0.1203 0.0000	</row0>
					<row1>	0.0000 1.0000 0.0000 0.0000	</row1>
					<row2>	0.1203 0.0000 0.9927 0.0000	</row2>
					<row3>	0.3194 0.3147 -0.9119 1.0000	</row3>
				</transform>
			</node>
			<node>
				<identifier>	MP_CM017_Boat_Stowage_3_INDEX_4	</identifier>
				<transform>
					<row0>	0.9763 0.0000 -0.2165 0.0000	</row0>
					<row1>	0.0000 1.0000 0.0000 0.0000	</row1>
					<row2>	0.2165 0.0000 0.9763 0.0000	</row2>
					<row3>	0.2038 0.3163 -0.6805 1.0000	</row3>
				</transform>
			</node>
			<node>
				<identifier>	MP_CM017_Boat_Stowage_3_INDEX_5	</identifier>
				<transform>
					<row0>	0.9862 0.0000 -0.1653 0.0000	</row0>
					<row1>	0.0000 1.0000 0.0000 0.0000	</row1>
					<row2>	0.1653 0.0000 0.9862 0.0000	</row2>
					<row3>	-0.2544 0.3160 -0.8726 1.0000	</row3>
				</transform>
			</node>
			<node>
				<identifier>	MP_CM023_Accommodation_Ladder_Closed	</identifier>
				<transform>
					<row0>	1.0000 0.0000 0.0000 0.0000	</row0>
					<row1>	0.0000 1.0000 0.0000 0.0000	</row1>
					<row2>	0.0000 0.0000 1.0000 0.0000	</row2>
					<row3>	0.1966 0.3156 -2.3516 1.0000	</row3>
				</transform>
			</node>
			<node>
				<identifier>	MP_CM029_Emergency_Box	</identifier>
				<transform>
					<row0>	-1.0000 0.0000 0.0000 0.0000	</row0>
					<row1>	0.0000 1.0000 0.0000 0.0000	</row1>
					<row2>	0.0000 0.0000 -1.0000 0.0000	</row2>
					<row3>	-0.1644 0.3969 -1.5308 1.0000	</row3>
				</transform>
			</node>
			<node>
				<identifier>	MP_CM029_Emergency_Box_INDEX_1	</identifier>
				<transform>
					<row0>	1.0000 0.0000 0.0000 0.0000	</row0>
					<row1>	0.0000 1.0000 0.0000 0.0000	</row1>
					<row2>	0.0000 0.0000 1.0000 0.0000	</row2>
					<row3>	-0.0949 0.3969 -2.2433 1.0000	</row3>
				</transform>
			</node>
			<node>
				<identifier>	MP_CM029_Emergency_Box_INDEX_2	</identifier>
				<transform>
					<row0>	1.0000 0.0000 0.0000 0.0000	</row0>
					<row1>	0.0000 1.0000 0.0000 0.0000	</row1>
					<row2>	0.0000 0.0000 1.0000 0.0000	</row2>
					<row3>	-0.0894 0.5626 -1.8197 1.0000	</row3>
				</transform>
			</node>
			<node>
				<identifier>	MP_CM029_Emergency_Box_INDEX_3	</identifier>
				<transform>
					<row0>	1.0000 0.0000 0.0000 0.0000	</row0>
					<row1>	0.0000 1.0000 0.0000 0.0000	</row1>
					<row2>	0.0000 0.0000 1.0000 0.0000	</row2>
					<row3>	-0.0466 0.8932 -1.6800 1.0000	</row3>
				</transform>
			</node>
			<node>
				<identifier>	MP_CM029_Emergency_Box_INDEX_4	</identifier>
				<transform>
					<row0>	-1.0000 0.0000 0.0000 0.0000	</row0>
					<row1>	0.0000 1.0000 0.0000 0.0000	</row1>
					<row2>	0.0000 0.0000 -1.0000 0.0000	</row2>
					<row3>	0.1644 0.3969 -1.5308 1.0000	</row3>
				</transform>
			</node>
			<node>
				<identifier>	MP_CM035_Accommodation_Ladder_Closed_L	</identifier>
				<transform>
					<row0>	1.0000 0.0000 0.0000 0.0000	</row0>
					<row1>	0.0000 1.0000 0.0000 0.0000	</row1>
					<row2>	0.0000 0.0000 1.0000 0.0000	</row2>
					<row3>	-0.1922 0.3152 -2.3516 1.0000	</row3>
				</transform>
			</node>
			<node>
				<identifier>	MP_JM010_Deck_Lamp	</identifier>
				<transform>
					<row0>	1.0000 0.0000 0.0000 0.0000	</row0>
					<row1>	0.0000 1.0000 0.0000 0.0000	</row1>
					<row2>	0.0000 0.0000 1.0000 0.0000	</row2>
					<row3>	0.0000 1.4962 -1.4504 1.0000	</row3>
				</transform>
			</node>
			<node>
				<identifier>	MP_JM010_Deck_Lamp_INDEX_1	</identifier>
				<transform>
					<row0>	0.0000 0.0000 1.0000 0.0000	</row0>
					<row1>	0.0000 1.0000 0.0000 0.0000	</row1>
					<row2>	-1.0000 0.0000 0.0000 0.0000	</row2>
					<row3>	-0.0806 0.9904 -1.6996 1.0000	</row3>
				</transform>
			</node>
			<node>
				<identifier>	MP_JM010_Deck_Lamp_INDEX_2	</identifier>
				<transform>
					<row0>	0.0000 0.0000 -1.0000 0.0000	</row0>
					<row1>	0.0000 1.0000 0.0000 0.0000	</row1>
					<row2>	1.0000 0.0000 0.0000 0.0000	</row2>
					<row3>	0.0806 0.9904 -1.6996 1.0000	</row3>
				</transform>
			</node>
			<node>
				<identifier>	MP_JM011_Day_Light	</identifier>
				<transform>
					<row0>	1.0000 0.0000 0.0000 0.0000	</row0>
					<row1>	0.0000 1.0000 0.0000 0.0000	</row1>
					<row2>	0.0000 0.0000 1.0000 0.0000	</row2>
					<row3>	0.0000 1.6273 -1.5230 1.0000	</row3>
				</transform>
			</node>
			<node>
				<identifier>	MP_JM011_Day_Light_INDEX_1	</identifier>
				<transform>
					<row0>	1.0000 0.0000 0.0000 0.0000	</row0>
					<row1>	0.0000 1.0000 0.0000 0.0000	</row1>
					<row2>	0.0000 0.0000 1.0000 0.0000	</row2>
					<row3>	0.0000 2.2937 -1.5679 1.0000	</row3>
				</transform>
			</node>
			<node>
				<identifier>	MP_JM018_Ventilators_2	</identifier>
				<transform>
					<row0>	1.0000 0.0000 0.0000 0.0000	</row0>
					<row1>	0.0000 1.0000 0.0000 0.0000	</row1>
					<row2>	0.0000 0.0000 1.0000 0.0000	</row2>
					<row3>	-0.0092 0.3135 -1.3433 1.0000	</row3>
				</transform>
			</node>
			<node>
				<identifier>	MP_JM026_Bollards	</identifier>
				<transform>
					<row0>	0.0719 0.0000 -0.8439 0.0000	</row0>
					<row1>	0.0000 0.8470 0.0000 0.0000	</row1>
					<row2>	0.8439 0.0000 0.0719 0.0000	</row2>
					<row3>	-0.4170 0.3065 -2.6583 1.0000	</row3>
				</transform>
			</node>
			<node>
				<identifier>	MP_JM026_Bollards_INDEX_1	</identifier>
				<transform>
					<row0>	0.0492 0.0000 0.8456 0.0000	</row0>
					<row1>	0.0000 0.8470 0.0000 0.0000	</row1>
					<row2>	-0.8456 0.0000 0.0492 0.0000	</row2>
					<row3>	0.4121 0.3064 -2.6578 1.0000	</row3>
				</transform>
			</node>
			<node>
				<identifier>	MP_JM028_Deck_Winch_1	</identifier>
				<transform>
					<row0>	0.6623 0.0000 0.2962 0.0000	</row0>
					<row1>	0.0000 0.7255 0.0000 0.0000	</row1>
					<row2>	-0.2962 0.0000 0.6623 0.0000	</row2>
					<row3>	-0.3855 0.4738 -1.6993 1.0000	</row3>
				</transform>
			</node>
			<node>
				<identifier>	MP_JM028_Deck_Winch_1_INDEX_1	</identifier>
				<transform>
					<row0>	0.6160 0.0000 0.3834 0.0000	</row0>
					<row1>	0.0000 0.7255 0.0000 0.0000	</row1>
					<row2>	-0.3834 0.0000 0.6160 0.0000	</row2>
					<row3>	-0.3394 0.4738 -1.8010 1.0000	</row3>
				</transform>
			</node>
			<node>
				<identifier>	MP_JM032_Electric_Deck_Winch	</identifier>
				<transform>
					<row0>	-0.8299 0.0000 -0.5580 0.0000	</row0>
					<row1>	0.0000 1.0000 0.0000 0.0000	</row1>
					<row2>	0.5580 0.0000 -0.8299 0.0000	</row2>
					<row3>	-0.0949 0.3117 -1.2872 1.0000	</row3>
				</transform>
			</node>
			<node>
				<identifier>	MP_JM032_Electric_Deck_Winch_INDEX_1	</identifier>
				<transform>
					<row0>	0.8826 0.0000 -0.4702 0.0000	</row0>
					<row1>	0.0000 1.0000 0.0000 0.0000	</row1>
					<row2>	0.4702 0.0000 0.8826 0.0000	</row2>
					<row3>	0.0624 0.3108 -1.2878 1.0000	</row3>
				</transform>
			</node>
			<node>
				<identifier>	MP_JM034_Davit_4	</identifier>
				<transform>
					<row0>	-0.0040 0.8640 -0.5034 0.0000	</row0>
					<row1>	0.0000 0.5034 0.8640 0.0000	</row1>
					<row2>	1.0000 0.0034 -0.0020 0.0000	</row2>
					<row3>	0.4396 0.3161 -2.5798 1.0000	</row3>
				</transform>
			</node>
			<node>
				<identifier>	MP_JM034_Davit_4_INDEX_1	</identifier>
				<transform>
					<row0>	0.0000 0.8640 -0.5034 0.0000	</row0>
					<row1>	0.0000 0.5034 0.8640 0.0000	</row1>
					<row2>	1.0000 0.0000 0.0000 0.0000	</row2>
					<row3>	-0.4396 0.3161 -2.5798 1.0000	</row3>
				</transform>
			</node>
			<node>
				<identifier>	MP_JM040_Motor_Launch_Hangar_12m	</identifier>
				<transform>
					<row0>	0.9979 0.0018 -0.0644 0.0000	</row0>
					<row1>	0.0000 0.9996 0.0285 0.0000	</row1>
					<row2>	0.0644 -0.0285 0.9975 0.0000	</row2>
					<row3>	0.3053 0.3211 -1.0938 1.0000	</row3>
				</transform>
			</node>
			<node>
				<identifier>	MP_JM060_Deck_Hatch_9	</identifier>
				<transform>
					<row0>	1.0000 0.0000 0.0000 0.0000	</row0>
					<row1>	0.0000 1.0000 0.0000 0.0000	</row1>
					<row2>	0.0000 0.0000 1.0000 0.0000	</row2>
					<row3>	0.2323 0.4718 -1.9290 1.0000	</row3>
				</transform>
			</node>
			<node>
				<identifier>	MP_JM060_Deck_Hatch_9_INDEX_1	</identifier>
				<transform>
					<row0>	1.0000 0.0000 0.0000 0.0000	</row0>
					<row1>	0.0000 1.0000 0.0000 0.0000	</row1>
					<row2>	0.0000 0.0000 1.0000 0.0000	</row2>
					<row3>	-0.2338 0.4706 -1.9281 1.0000	</row3>
				</transform>
			</node>
			<node>
				<identifier>	MP_JM060_Deck_Hatch_9_INDEX_2	</identifier>
				<transform>
					<row0>	1.0000 0.0000 0.0000 0.0000	</row0>
					<row1>	0.0000 1.0000 0.0000 0.0000	</row1>
					<row2>	0.0000 0.0000 1.0000 0.0000	</row2>
					<row3>	-0.2343 0.4705 -1.8656 1.0000	</row3>
				</transform>
			</node>
			<node>
				<identifier>	MP_JM060_Deck_Hatch_9_INDEX_3	</identifier>
				<transform>
					<row0>	1.0000 0.0000 0.0000 0.0000	</row0>
					<row1>	0.0000 1.0000 0.0000 0.0000	</row1>
					<row2>	0.0000 0.0000 1.0000 0.0000	</row2>
					<row3>	0.2324 0.4715 -1.8659 1.0000	</row3>
				</transform>
			</node>
			<node>
				<identifier>	MP_JM072_Crane_Small_1	</identifier>
				<transform>
					<row0>	0.0000 0.0000 1.0000 0.0000	</row0>
					<row1>	0.0000 1.0000 0.0000 0.0000	</row1>
					<row2>	-1.0000 0.0000 0.0000 0.0000	</row2>
					<row3>	-0.4551 0.3141 -2.0400 1.0000	</row3>
				</transform>
			</node>
			<node>
				<identifier>	MP_JM072_Crane_Small_1_INDEX_1	</identifier>
				<transform>
					<row0>	0.0000 0.0000 1.0000 0.0000	</row0>
					<row1>	0.0000 1.0000 0.0000 0.0000	</row1>
					<row2>	-1.0000 0.0000 0.0000 0.0000	</row2>
					<row3>	0.4561 0.3138 -2.0399 1.0000	</row3>
				</transform>
			</node>
			<node>
				<identifier>	MP_JM078_Deck_Winch_2	</identifier>
				<transform>
					<row0>	0.0000 0.0000 -0.7115 0.0000	</row0>
					<row1>	0.0000 0.7115 0.0000 0.0000	</row1>
					<row2>	0.7115 0.0000 0.0000 0.0000	</row2>
					<row3>	-0.4047 0.4740 -1.5982 1.0000	</row3>
				</transform>
			</node>
			<node>
				<identifier>	MP_JM107_Binocular_2	</identifier>
				<transform>
					<row0>	1.0000 0.0000 0.0000 0.0000	</row0>
					<row1>	0.0000 1.0000 0.0000 0.0000	</row1>
					<row2>	0.0000 0.0000 1.0000 0.0000	</row2>
					<row3>	0.1968 0.7883 -1.6164 1.0000	</row3>
				</transform>
			</node>
			<node>
				<identifier>	MP_JM107_Binocular_2_INDEX_1	</identifier>
				<transform>
					<row0>	0.0000 0.0000 -1.0000 0.0000	</row0>
					<row1>	0.0000 1.0000 0.0000 0.0000	</row1>
					<row2>	1.0000 0.0000 0.0000 0.0000	</row2>
					<row3>	-0.1550 0.7878 -1.7360 1.0000	</row3>
				</transform>
			</node>
			<node>
				<identifier>	MP_JM107_Binocular_2_INDEX_2	</identifier>
				<transform>
					<row0>	0.0000 0.0000 -1.0000 0.0000	</row0>
					<row1>	0.0000 1.0000 0.0000 0.0000	</row1>
					<row2>	1.0000 0.0000 0.0000 0.0000	</row2>
					<row3>	0.1531 0.7875 -1.7389 1.0000	</row3>
				</transform>
			</node>
			<node>
				<identifier>	MP_JM107_Binocular_2_INDEX_3	</identifier>
				<transform>
					<row0>	-1.0000 0.0000 0.0000 0.0000	</row0>
					<row1>	0.0000 1.0000 0.0000 0.0000	</row1>
					<row2>	0.0000 0.0000 -1.0000 0.0000	</row2>
					<row3>	-0.1892 0.7882 -1.6147 1.0000	</row3>
				</transform>
			</node>
			<node>
				<identifier>	MP_JM109_Deck_Hatch_11	</identifier>
				<transform>
					<row0>	0.0000 0.0000 1.0000 0.0000	</row0>
					<row1>	0.0000 1.0000 0.0000 0.0000	</row1>
					<row2>	-1.0000 0.0000 0.0000 0.0000	</row2>
					<row3>	-0.1016 0.3124 -1.4138 1.0000	</row3>
				</transform>
			</node>
			<node>
				<identifier>	MP_JM135_Runway_Lights_Back	</identifier>
				<transform>
					<row0>	1.0000 0.0000 0.0000 0.0000	</row0>
					<row1>	0.0000 1.0000 0.0000 0.0000	</row1>
					<row2>	0.0000 0.0000 1.0000 0.0000	</row2>
					<row3>	0.0000 1.3871 -1.6110 1.0000	</row3>
				</transform>
			</node>
			<node>
				<identifier>	MP_JM148_Motor_Boats_12m	</identifier>
				<transform>
					<row0>	0.9889 -0.0005 -0.1483 0.0000	</row0>
					<row1>	0.0030 0.9999 0.0163 0.0000	</row1>
					<row2>	0.1483 -0.0166 0.9888 0.0000	</row2>
					<row3>	-0.2850 0.3161 -1.0840 1.0000	</row3>
				</transform>
			</node>
			<node>
				<identifier>	MP_JM148_Motor_Boats_12m_INDEX_1	</identifier>
				<transform>
					<row0>	0.9691 0.0055 -0.2467 0.0000	</row0>
					<row1>	-0.0011 0.9998 0.0178 0.0000	</row1>
					<row2>	0.2467 -0.0170 0.9689 0.0000	</row2>
					<row3>	0.2527 0.3195 -0.5026 1.0000	</row3>
				</transform>
			</node>
			<node>
				<identifier>	MP_JM166_Voice_Tube	</identifier>
				<transform>
					<row0>	-0.7071 0.0000 -0.7071 0.0000	</row0>
					<row1>	0.0000 1.0000 0.0000 0.0000	</row1>
					<row2>	0.7071 0.0000 -0.7071 0.0000	</row2>
					<row3>	0.1884 0.7875 -1.7466 1.0000	</row3>
				</transform>
			</node>
			<node>
				<identifier>	MP_JM166_Voice_Tube_INDEX_1	</identifier>
				<transform>
					<row0>	0.0000 0.0000 1.0000 0.0000	</row0>
					<row1>	0.0000 1.0000 0.0000 0.0000	</row1>
					<row2>	-1.0000 0.0000 0.0000 0.0000	</row2>
					<row3>	-0.2106 0.7875 -1.5887 1.0000	</row3>
				</transform>
			</node>
			<node>
				<identifier>	MP_JM166_Voice_Tube_INDEX_2	</identifier>
				<transform>
					<row0>	-0.7071 0.0000 0.7071 0.0000	</row0>
					<row1>	0.0000 1.0000 0.0000 0.0000	</row1>
					<row2>	-0.7071 0.0000 -0.7071 0.0000	</row2>
					<row3>	-0.1884 0.7875 -1.7466 1.0000	</row3>
				</transform>
			</node>
			<node>
				<identifier>	MP_JM166_Voice_Tube_INDEX_3	</identifier>
				<transform>
					<row0>	0.0000 0.0000 -1.0000 0.0000	</row0>
					<row1>	0.0000 1.0000 0.0000 0.0000	</row1>
					<row2>	1.0000 0.0000 0.0000 0.0000	</row2>
					<row3>	0.2106 0.7875 -1.5887 1.0000	</row3>
				</transform>
			</node>
		</node>
	</node>
	<boundingBox>
		<min>	-0.0667 -0.0667 -0.0667	</min>
		<max>	0.0667 0.0667 0.0667	</max>
	</boundingBox>
</JSC001_Katori_1940_MidBack_ports.visual>
