<ISC019_Gorizia_1935_Bow_ports.visual>
	<node>
		<identifier>	Scene Root	</identifier>
		<transform>
			<row0>	1.0000 0.0000 0.0000 0.0000	</row0>
			<row1>	0.0000 1.0000 0.0000 0.0000	</row1>
			<row2>	0.0000 0.0000 1.0000 0.0000	</row2>
			<row3>	0.0000 0.0000 0.0000 1.0000	</row3>
		</transform>
		<node>
			<identifier>	Bow_ports	</identifier>
			<transform>
				<row0>	1.0000 0.0000 0.0000 0.0000	</row0>
				<row1>	0.0000 1.0000 0.0000 0.0000	</row1>
				<row2>	0.0000 0.0000 1.0000 0.0000	</row2>
				<row3>	0.0000 0.0000 0.0000 1.0000	</row3>
			</transform>
			<node>
				<identifier>	HP_FX_Death_1	</identifier>
				<transform>
					<row0>	0.9976 -0.0696 0.0000 0.0000	</row0>
					<row1>	0.0696 0.9976 0.0000 0.0000	</row1>
					<row2>	0.0000 0.0000 1.0000 0.0000	</row2>
					<row3>	0.0000 0.0000 4.1314 1.0000	</row3>
				</transform>
			</node>
			<node>
				<identifier>	HP_FX_Fire_1	</identifier>
				<transform>
					<row0>	1.0000 0.0000 0.0000 0.0000	</row0>
					<row1>	0.0000 1.0000 0.0000 0.0000	</row1>
					<row2>	0.0000 0.0000 1.0000 0.0000	</row2>
					<row3>	0.0000 0.4861 4.2452 1.0000	</row3>
				</transform>
			</node>
			<node>
				<identifier>	HP_FX_Flood_steam_left	</identifier>
				<transform>
					<row0>	-0.9960 0.0000 0.0891 0.0000	</row0>
					<row1>	0.0000 1.0000 0.0000 0.0000	</row1>
					<row2>	-0.0891 0.0000 -0.9960 0.0000	</row2>
					<row3>	-0.6074 0.4022 3.0257 1.0000	</row3>
				</transform>
			</node>
			<node>
				<identifier>	HP_FX_WakeTrace	</identifier>
				<transform>
					<row0>	1.0000 0.0000 0.0000 0.0000	</row0>
					<row1>	0.0000 1.0000 0.0000 0.0000	</row1>
					<row2>	0.0000 0.0000 1.0000 0.0000	</row2>
					<row3>	0.0000 0.0000 5.9944 1.0000	</row3>
				</transform>
			</node>
			<node>
				<identifier>	HP_IC_1	</identifier>
				<transform>
					<row0>	1.0000 0.0000 0.0000 0.0000	</row0>
					<row1>	0.0000 1.0000 -0.0051 0.0000	</row1>
					<row2>	0.0000 0.0051 1.0000 0.0000	</row2>
					<row3>	0.0000 0.4594 4.2157 1.0000	</row3>
				</transform>
			</node>
			<node>
				<identifier>	HP_Ship_death_1	</identifier>
				<transform>
					<row0>	1.0000 0.0000 0.0000 0.0000	</row0>
					<row1>	0.0000 1.0000 0.0000 0.0000	</row1>
					<row2>	0.0000 0.0000 1.0000 0.0000	</row2>
					<row3>	0.0000 0.0000 2.9182 1.0000	</row3>
				</transform>
			</node>
			<node>
				<identifier>	MP_IM026_Reels	</identifier>
				<transform>
					<row0>	1.0000 0.0000 0.0000 0.0000	</row0>
					<row1>	0.0000 1.0000 0.0000 0.0000	</row1>
					<row2>	0.0000 0.0000 1.0000 0.0000	</row2>
					<row3>	-0.1231 0.4572 4.3798 1.0000	</row3>
				</transform>
			</node>
			<node>
				<identifier>	MP_IM026_Reels_INDEX_1	</identifier>
				<transform>
					<row0>	1.0000 0.0000 0.0000 0.0000	</row0>
					<row1>	0.0000 1.0000 0.0000 0.0000	</row1>
					<row2>	0.0000 0.0000 1.0000 0.0000	</row2>
					<row3>	0.1231 0.4572 4.3798 1.0000	</row3>
				</transform>
			</node>
			<node>
				<identifier>	MP_IM031_Fire_Fighting	</identifier>
				<transform>
					<row0>	-1.0000 0.0000 0.0000 0.0000	</row0>
					<row1>	0.0000 1.0000 0.0000 0.0000	</row1>
					<row2>	0.0000 0.0000 -1.0000 0.0000	</row2>
					<row3>	0.1616 0.4547 4.0124 1.0000	</row3>
				</transform>
			</node>
			<node>
				<identifier>	MP_IM034_Gerb_Gorizia	</identifier>
				<transform>
					<row0>	1.0000 0.0000 0.0000 0.0000	</row0>
					<row1>	0.0000 0.9135 0.4067 0.0000	</row1>
					<row2>	0.0000 -0.4067 0.9135 0.0000	</row2>
					<row3>	0.0000 0.3765 6.0755 1.0000	</row3>
				</transform>
			</node>
			<node>
				<identifier>	MP_IM951_Anchor_up	</identifier>
				<transform>
					<row0>	0.9784 0.0169 -0.2059 0.0000	</row0>
					<row1>	-0.2047 0.2119 -0.9556 0.0000	</row1>
					<row2>	0.0275 0.9772 0.2108 0.0000	</row2>
					<row3>	0.2645 0.4505 5.6663 1.0000	</row3>
				</transform>
			</node>
			<node>
				<identifier>	MP_IM951_Anchor_up_INDEX_1	</identifier>
				<transform>
					<row0>	0.9784 -0.0169 0.2059 0.0000	</row0>
					<row1>	0.2047 0.2119 -0.9556 0.0000	</row1>
					<row2>	-0.0275 0.9772 0.2108 0.0000	</row2>
					<row3>	-0.2645 0.4505 5.6663 1.0000	</row3>
				</transform>
			</node>
			<node>
				<identifier>	MP_IM952_Anchor_Bottom	</identifier>
				<transform>
					<row0>	0.9596 -0.0870 0.2677 0.0000	</row0>
					<row1>	0.2799 0.1939 -0.9402 0.0000	</row1>
					<row2>	0.0299 0.9772 0.2104 0.0000	</row2>
					<row3>	0.2645 0.4517 5.6664 1.0000	</row3>
				</transform>
			</node>
			<node>
				<identifier>	MP_IM952_Anchor_Bottom_INDEX_1	</identifier>
				<transform>
					<row0>	0.9596 0.0870 -0.2677 0.0000	</row0>
					<row1>	-0.2799 0.1939 -0.9402 0.0000	</row1>
					<row2>	-0.0299 0.9772 0.2104 0.0000	</row2>
					<row3>	-0.2645 0.4505 5.6663 1.0000	</row3>
				</transform>
			</node>
		</node>
	</node>
	<boundingBox>
		<min>	-0.0667 -0.0667 -0.0667	</min>
		<max>	0.0667 0.0667 0.0667	</max>
	</boundingBox>
</ISC019_Gorizia_1935_Bow_ports.visual>
