<BSC008_Exeter_1942_Bow_ports.visual>
	<node>
		<identifier>	Scene Root	</identifier>
		<transform>
			<row0>	1.0000 0.0000 0.0000 0.0000	</row0>
			<row1>	0.0000 1.0000 0.0000 0.0000	</row1>
			<row2>	0.0000 0.0000 1.0000 0.0000	</row2>
			<row3>	0.0000 0.0000 0.0000 1.0000	</row3>
		</transform>
		<node>
			<identifier>	Bow_ports	</identifier>
			<transform>
				<row0>	1.0000 0.0000 0.0000 0.0000	</row0>
				<row1>	0.0000 1.0000 0.0000 0.0000	</row1>
				<row2>	0.0000 0.0000 1.0000 0.0000	</row2>
				<row3>	0.0000 0.0000 0.0000 1.0000	</row3>
			</transform>
			<node>
				<identifier>	HP_BGM_1	</identifier>
				<transform>
					<row0>	1.0000 0.0000 0.0000 0.0000	</row0>
					<row1>	0.0000 1.0000 0.0000 0.0000	</row1>
					<row2>	0.0000 0.0000 1.0000 0.0000	</row2>
					<row3>	0.0000 0.5059 3.5781 1.0000	</row3>
				</transform>
			</node>
			<node>
				<identifier>	HP_FX_Death_1	</identifier>
				<transform>
					<row0>	1.0000 0.0000 0.0000 0.0000	</row0>
					<row1>	0.0000 1.0000 0.0000 0.0000	</row1>
					<row2>	0.0000 0.0000 1.0000 0.0000	</row2>
					<row3>	0.0000 0.0000 3.5202 1.0000	</row3>
				</transform>
			</node>
			<node>
				<identifier>	HP_FX_Fire_1	</identifier>
				<transform>
					<row0>	1.0000 0.0000 0.0000 0.0000	</row0>
					<row1>	0.0000 1.0000 0.0000 0.0000	</row1>
					<row2>	0.0000 0.0000 1.0000 0.0000	</row2>
					<row3>	0.0000 0.4636 4.4915 1.0000	</row3>
				</transform>
			</node>
			<node>
				<identifier>	HP_FX_RepairLight_left_1	</identifier>
				<transform>
					<row0>	0.0591 0.0000 0.9983 0.0000	</row0>
					<row1>	-0.0883 0.9961 0.0052 0.0000	</row1>
					<row2>	-0.9943 -0.0885 0.0589 0.0000	</row2>
					<row3>	-0.4148 0.4482 3.9046 1.0000	</row3>
				</transform>
			</node>
			<node>
				<identifier>	HP_FX_WakeTrace	</identifier>
				<transform>
					<row0>	1.0000 0.0000 0.0000 0.0000	</row0>
					<row1>	0.0000 1.0000 0.0000 0.0000	</row1>
					<row2>	0.0000 0.0000 1.0000 0.0000	</row2>
					<row3>	0.0000 0.0000 5.7856 1.0000	</row3>
				</transform>
			</node>
			<node>
				<identifier>	HP_Ship_death_1	</identifier>
				<transform>
					<row0>	1.0000 0.0000 0.0000 0.0000	</row0>
					<row1>	0.0000 1.0000 0.0000 0.0000	</row1>
					<row2>	0.0000 0.0000 1.0000 0.0000	</row2>
					<row3>	0.0000 0.0000 3.3213 1.0000	</row3>
				</transform>
			</node>
			<node>
				<identifier>	MP_BM957_Anchor_Capstan_big	</identifier>
				<transform>
					<row0>	0.5500 0.0000 0.0000 0.0000	</row0>
					<row1>	0.0000 0.5500 0.0000 0.0000	</row1>
					<row2>	0.0000 0.0000 0.5500 0.0000	</row2>
					<row3>	0.0000 0.4983 4.8353 1.0000	</row3>
				</transform>
			</node>
			<node>
				<identifier>	MP_BM959_Anchor_WW2_top	</identifier>
				<transform>
					<row0>	0.9714 0.2080 -0.1144 0.0000	</row0>
					<row1>	-0.2123 0.5453 -0.8109 0.0000	</row1>
					<row2>	-0.1063 0.8120 0.5739 0.0000	</row2>
					<row3>	0.1326 0.4374 5.6490 1.0000	</row3>
				</transform>
			</node>
			<node>
				<identifier>	MP_BM959_Anchor_WW2_top_INDEX_1	</identifier>
				<transform>
					<row0>	0.9714 -0.2080 0.1144 0.0000	</row0>
					<row1>	0.2123 0.5453 -0.8109 0.0000	</row1>
					<row2>	0.1063 0.8120 0.5739 0.0000	</row2>
					<row3>	-0.1326 0.4374 5.6490 1.0000	</row3>
				</transform>
			</node>
			<node>
				<identifier>	MP_BM959_Anchor_WW2_top_INDEX_2	</identifier>
				<transform>
					<row0>	0.9615 0.2253 -0.1573 0.0000	</row0>
					<row1>	-0.2661 0.6211 -0.7372 0.0000	</row1>
					<row2>	-0.0684 0.7507 0.6571 0.0000	</row2>
					<row3>	0.2028 0.4089 5.4022 1.0000	</row3>
				</transform>
			</node>
			<node>
				<identifier>	MP_BM960_Anchor_WW2_down	</identifier>
				<transform>
					<row0>	0.9980 -0.0156 0.0617 0.0000	</row0>
					<row1>	0.0557 0.6830 -0.7283 0.0000	</row1>
					<row2>	-0.0308 0.7303 0.6825 0.0000	</row2>
					<row3>	0.2029 0.4024 5.4094 1.0000	</row3>
				</transform>
			</node>
			<node>
				<identifier>	MP_BM960_Anchor_WW2_down_INDEX_1	</identifier>
				<transform>
					<row0>	0.9921 0.0090 0.1255 0.0000	</row0>
					<row1>	0.0951 0.5993 -0.7949 0.0000	</row1>
					<row2>	-0.0823 0.8005 0.5937 0.0000	</row2>
					<row3>	0.1327 0.4327 5.6550 1.0000	</row3>
				</transform>
			</node>
			<node>
				<identifier>	MP_BM960_Anchor_WW2_down_INDEX_2	</identifier>
				<transform>
					<row0>	0.9921 -0.0090 -0.1255 0.0000	</row0>
					<row1>	-0.0951 0.5992 -0.7949 0.0000	</row1>
					<row2>	0.0823 0.8005 0.5936 0.0000	</row2>
					<row3>	-0.1327 0.4328 5.6553 1.0000	</row3>
				</transform>
			</node>
		</node>
	</node>
	<boundingBox>
		<min>	-0.0667 -0.0667 -0.0667	</min>
		<max>	0.0667 0.0667 0.0667	</max>
	</boundingBox>
</BSC008_Exeter_1942_Bow_ports.visual>
