<JSS005_I_56_1944_MidBack_ports.visual>
	<node>
		<identifier>	Scene Root	</identifier>
		<transform>
			<row0>	1.0000 0.0000 0.0000 0.0000	</row0>
			<row1>	0.0000 1.0000 0.0000 0.0000	</row1>
			<row2>	0.0000 0.0000 1.0000 0.0000	</row2>
			<row3>	0.0000 0.0000 0.0000 1.0000	</row3>
		</transform>
		<node>
			<identifier>	MidBack_ports	</identifier>
			<transform>
				<row0>	1.0000 0.0000 0.0000 0.0000	</row0>
				<row1>	0.0000 1.0000 0.0000 0.0000	</row1>
				<row2>	0.0000 0.0000 1.0000 0.0000	</row2>
				<row3>	0.0000 0.0000 0.0000 1.0000	</row3>
			</transform>
			<node>
				<identifier>	HP_FX_Death_2	</identifier>
				<transform>
					<row0>	1.0000 0.0000 0.0000 0.0000	</row0>
					<row1>	0.0000 1.0000 0.0000 0.0000	</row1>
					<row2>	0.0000 0.0000 1.0000 0.0000	</row2>
					<row3>	0.0000 0.0000 -0.3475 1.0000	</row3>
				</transform>
			</node>
			<node>
				<identifier>	HP_FX_Death_3	</identifier>
				<transform>
					<row0>	1.0000 0.0000 0.0000 0.0000	</row0>
					<row1>	0.0000 1.0000 0.0000 0.0000	</row1>
					<row2>	0.0000 0.0000 1.0000 0.0000	</row2>
					<row3>	0.0000 0.0000 -1.4253 1.0000	</row3>
				</transform>
			</node>
			<node>
				<identifier>	HP_FX_Descent_1	</identifier>
				<transform>
					<row0>	-0.6905 -0.7233 0.0000 0.0000	</row0>
					<row1>	0.7233 -0.6905 0.0000 0.0000	</row1>
					<row2>	0.0000 0.0000 1.0000 0.0000	</row2>
					<row3>	0.1770 -0.2498 -1.4134 1.0000	</row3>
				</transform>
			</node>
			<node>
				<identifier>	HP_FX_Descent_3	</identifier>
				<transform>
					<row0>	0.5517 -0.8340 0.0000 0.0000	</row0>
					<row1>	-0.8340 -0.5517 0.0000 0.0000	</row1>
					<row2>	0.0000 0.0000 -1.0000 0.0000	</row2>
					<row3>	-0.1694 -0.2472 -1.4917 1.0000	</row3>
				</transform>
			</node>
			<node>
				<identifier>	HP_FX_Fire_1	</identifier>
				<transform>
					<row0>	1.0000 0.0000 0.0000 0.0000	</row0>
					<row1>	0.0000 1.0000 0.0000 0.0000	</row1>
					<row2>	0.0000 0.0000 1.0000 0.0000	</row2>
					<row3>	0.0000 0.3890 0.1259 1.0000	</row3>
				</transform>
			</node>
			<node>
				<identifier>	HP_FX_Fire_2	</identifier>
				<transform>
					<row0>	1.0000 0.0000 0.0000 0.0000	</row0>
					<row1>	0.0000 1.0000 0.0000 0.0000	</row1>
					<row2>	0.0000 0.0000 1.0000 0.0000	</row2>
					<row3>	0.0000 0.3987 -0.2061 1.0000	</row3>
				</transform>
			</node>
			<node>
				<identifier>	HP_FX_Flood_water_left	</identifier>
				<transform>
					<row0>	-0.9430 -0.3327 0.0000 0.0000	</row0>
					<row1>	-0.3327 0.9430 0.0000 0.0000	</row1>
					<row2>	0.0000 0.0000 -1.0000 0.0000	</row2>
					<row3>	-0.2404 0.0617 -1.4946 1.0000	</row3>
				</transform>
			</node>
			<node>
				<identifier>	HP_FX_Flood_water_right	</identifier>
				<transform>
					<row0>	0.9412 -0.3352 -0.0416 0.0000	</row0>
					<row1>	0.3355 0.9420 0.0000 0.0000	</row1>
					<row2>	0.0392 -0.0140 0.9991 0.0000	</row2>
					<row3>	0.2413 0.0586 -1.4914 1.0000	</row3>
				</transform>
			</node>
			<node>
				<identifier>	HP_FX_Runoff_deluge_left_10	</identifier>
				<transform>
					<row0>	-0.9965 -0.0436 0.0719 0.0000	</row0>
					<row1>	-0.0469 0.9979 -0.0450 0.0000	</row1>
					<row2>	-0.0698 -0.0482 -0.9964 0.0000	</row2>
					<row3>	-0.2336 0.0869 -0.3771 1.0000	</row3>
				</transform>
			</node>
			<node>
				<identifier>	HP_FX_Runoff_deluge_left_11	</identifier>
				<transform>
					<row0>	-0.9991 0.0431 0.0023 0.0000	</row0>
					<row1>	0.0431 0.9991 0.0000 0.0000	</row1>
					<row2>	-0.0023 0.0001 -1.0000 0.0000	</row2>
					<row3>	-0.2324 0.0831 -0.6542 1.0000	</row3>
				</transform>
			</node>
			<node>
				<identifier>	HP_FX_Runoff_deluge_left_12	</identifier>
				<transform>
					<row0>	-0.9991 0.0431 0.0023 0.0000	</row0>
					<row1>	0.0431 0.9991 0.0000 0.0000	</row1>
					<row2>	-0.0023 0.0001 -1.0000 0.0000	</row2>
					<row3>	-0.2182 0.0830 -0.9408 1.0000	</row3>
				</transform>
			</node>
			<node>
				<identifier>	HP_FX_Runoff_deluge_left_13	</identifier>
				<transform>
					<row0>	-0.9988 0.0431 -0.0217 0.0000	</row0>
					<row1>	0.0431 0.9991 0.0010 0.0000	</row1>
					<row2>	0.0218 0.0001 -0.9998 0.0000	</row2>
					<row3>	-0.2092 0.0830 -1.2683 1.0000	</row3>
				</transform>
			</node>
			<node>
				<identifier>	HP_FX_Runoff_deluge_left_14	</identifier>
				<transform>
					<row0>	-0.9988 0.0431 -0.0217 0.0000	</row0>
					<row1>	0.0431 0.9991 0.0010 0.0000	</row1>
					<row2>	0.0218 0.0001 -0.9998 0.0000	</row2>
					<row3>	-0.1985 0.0818 -1.5368 1.0000	</row3>
				</transform>
			</node>
			<node>
				<identifier>	HP_FX_Runoff_deluge_left_15	</identifier>
				<transform>
					<row0>	-0.9988 0.0431 -0.0217 0.0000	</row0>
					<row1>	0.0431 0.9991 0.0010 0.0000	</row1>
					<row2>	0.0218 0.0001 -0.9998 0.0000	</row2>
					<row3>	-0.1860 0.0820 -1.7411 1.0000	</row3>
				</transform>
			</node>
			<node>
				<identifier>	HP_FX_Runoff_deluge_left_16	</identifier>
				<transform>
					<row0>	-0.9988 0.0431 -0.0217 0.0000	</row0>
					<row1>	0.0431 0.9991 0.0010 0.0000	</row1>
					<row2>	0.0218 0.0001 -0.9998 0.0000	</row2>
					<row3>	-0.1844 0.0787 -1.9627 1.0000	</row3>
				</transform>
			</node>
			<node>
				<identifier>	HP_FX_Runoff_deluge_left_8	</identifier>
				<transform>
					<row0>	-0.9936 -0.1086 0.0311 0.0000	</row0>
					<row1>	-0.1074 0.9935 0.0389 0.0000	</row1>
					<row2>	-0.0351 0.0353 -0.9988 0.0000	</row2>
					<row3>	-0.2158 0.1055 0.1350 1.0000	</row3>
				</transform>
			</node>
			<node>
				<identifier>	HP_FX_Runoff_deluge_left_9	</identifier>
				<transform>
					<row0>	-0.9984 -0.0464 0.0311 0.0000	</row0>
					<row1>	-0.0452 0.9982 0.0389 0.0000	</row1>
					<row2>	-0.0328 0.0374 -0.9988 0.0000	</row2>
					<row3>	-0.2150 0.1066 -0.0970 1.0000	</row3>
				</transform>
			</node>
			<node>
				<identifier>	HP_FX_Runoff_deluge_right_10	</identifier>
				<transform>
					<row0>	0.9965 -0.0436 0.0718 0.0000	</row0>
					<row1>	0.0469 0.9979 -0.0450 0.0000	</row1>
					<row2>	-0.0697 0.0482 0.9964 0.0000	</row2>
					<row3>	0.2339 0.0870 -0.3768 1.0000	</row3>
				</transform>
			</node>
			<node>
				<identifier>	HP_FX_Runoff_deluge_right_11	</identifier>
				<transform>
					<row0>	0.9991 0.0431 0.0026 0.0000	</row0>
					<row1>	-0.0431 0.9991 0.0000 0.0000	</row1>
					<row2>	-0.0026 -0.0001 1.0000 0.0000	</row2>
					<row3>	0.2319 0.0830 -0.6537 1.0000	</row3>
				</transform>
			</node>
			<node>
				<identifier>	HP_FX_Runoff_deluge_right_12	</identifier>
				<transform>
					<row0>	0.9991 0.0431 0.0026 0.0000	</row0>
					<row1>	-0.0431 0.9991 0.0000 0.0000	</row1>
					<row2>	-0.0026 -0.0001 1.0000 0.0000	</row2>
					<row3>	0.2179 0.0830 -0.9405 1.0000	</row3>
				</transform>
			</node>
			<node>
				<identifier>	HP_FX_Runoff_deluge_right_13	</identifier>
				<transform>
					<row0>	0.9988 0.0431 -0.0218 0.0000	</row0>
					<row1>	-0.0431 0.9991 0.0010 0.0000	</row1>
					<row2>	0.0218 -0.0001 0.9998 0.0000	</row2>
					<row3>	0.2089 0.0830 -1.2684 1.0000	</row3>
				</transform>
			</node>
			<node>
				<identifier>	HP_FX_Runoff_deluge_right_14	</identifier>
				<transform>
					<row0>	0.9988 0.0431 -0.0218 0.0000	</row0>
					<row1>	-0.0431 0.9991 0.0010 0.0000	</row1>
					<row2>	0.0218 -0.0001 0.9998 0.0000	</row2>
					<row3>	0.1989 0.0820 -1.5372 1.0000	</row3>
				</transform>
			</node>
			<node>
				<identifier>	HP_FX_Runoff_deluge_right_15	</identifier>
				<transform>
					<row0>	0.9988 0.0431 -0.0218 0.0000	</row0>
					<row1>	-0.0431 0.9991 0.0010 0.0000	</row1>
					<row2>	0.0218 -0.0001 0.9998 0.0000	</row2>
					<row3>	0.1859 0.0820 -1.7411 1.0000	</row3>
				</transform>
			</node>
			<node>
				<identifier>	HP_FX_Runoff_deluge_right_16	</identifier>
				<transform>
					<row0>	0.9988 0.0431 -0.0218 0.0000	</row0>
					<row1>	-0.0431 0.9991 0.0010 0.0000	</row1>
					<row2>	0.0218 -0.0001 0.9998 0.0000	</row2>
					<row3>	0.1849 0.0790 -1.9630 1.0000	</row3>
				</transform>
			</node>
			<node>
				<identifier>	HP_FX_Runoff_deluge_right_8	</identifier>
				<transform>
					<row0>	0.9936 -0.1086 0.0309 0.0000	</row0>
					<row1>	0.1074 0.9935 0.0388 0.0000	</row1>
					<row2>	-0.0349 -0.0353 0.9988 0.0000	</row2>
					<row3>	0.2159 0.1059 0.1349 1.0000	</row3>
				</transform>
			</node>
			<node>
				<identifier>	HP_FX_Runoff_deluge_right_9	</identifier>
				<transform>
					<row0>	0.9984 -0.0464 0.0314 0.0000	</row0>
					<row1>	0.0452 0.9982 0.0389 0.0000	</row1>
					<row2>	-0.0331 -0.0374 0.9988 0.0000	</row2>
					<row3>	0.2149 0.1069 -0.0970 1.0000	</row3>
				</transform>
			</node>
			<node>
				<identifier>	HP_FX_Runoff_left_2	</identifier>
				<transform>
					<row0>	-0.7973 0.6035 -0.0010 0.0000	</row0>
					<row1>	0.6033 0.7971 0.0276 0.0000	</row1>
					<row2>	0.0174 0.0214 -0.9996 0.0000	</row2>
					<row3>	-0.1619 0.1969 -1.3423 1.0000	</row3>
				</transform>
			</node>
			<node>
				<identifier>	HP_FX_Runoff_right_2	</identifier>
				<transform>
					<row0>	0.7973 0.6035 0.0002 0.0000	</row0>
					<row1>	-0.6033 0.7971 0.0267 0.0000	</row1>
					<row2>	0.0159 -0.0214 0.9996 0.0000	</row2>
					<row3>	0.1619 0.1969 -1.3423 1.0000	</row3>
				</transform>
			</node>
			<node>
				<identifier>	HP_FX_Runoff_tower_left_1	</identifier>
				<transform>
					<row0>	-0.9032 0.0000 -0.4293 0.0000	</row0>
					<row1>	0.0000 1.0000 0.0000 0.0000	</row1>
					<row2>	0.4293 0.0000 -0.9032 0.0000	</row2>
					<row3>	-0.0652 0.3813 -0.3698 1.0000	</row3>
				</transform>
			</node>
			<node>
				<identifier>	HP_FX_Runoff_tower_right_1	</identifier>
				<transform>
					<row0>	-0.9032 0.0000 0.4293 0.0000	</row0>
					<row1>	0.0000 1.0000 0.0000 0.0000	</row1>
					<row2>	-0.4293 0.0000 -0.9032 0.0000	</row2>
					<row3>	0.0650 0.3818 -0.3698 1.0000	</row3>
				</transform>
			</node>
			<node>
				<identifier>	HP_FX_Runoff_up_left_2	</identifier>
				<transform>
					<row0>	-1.0000 -0.0015 -0.0043 0.0000	</row0>
					<row1>	-0.0015 1.0000 0.0000 0.0000	</row1>
					<row2>	0.0043 0.0000 -1.0000 0.0000	</row2>
					<row3>	-0.1389 0.2149 -1.0690 1.0000	</row3>
				</transform>
			</node>
			<node>
				<identifier>	HP_FX_Runoff_up_right_2	</identifier>
				<transform>
					<row0>	1.0000 -0.0013 -0.0044 0.0000	</row0>
					<row1>	0.0013 1.0000 0.0000 0.0000	</row1>
					<row2>	0.0044 0.0000 1.0000 0.0000	</row2>
					<row3>	0.1389 0.2149 -1.0690 1.0000	</row3>
				</transform>
			</node>
			<node>
				<identifier>	HP_FX_Smoke	</identifier>
				<transform>
					<row0>	0.0168 -0.9999 0.0000 0.0000	</row0>
					<row1>	0.9999 0.0168 0.0000 0.0000	</row1>
					<row2>	0.0000 0.0000 1.0000 0.0000	</row2>
					<row3>	0.1569 0.1679 -1.9220 1.0000	</row3>
				</transform>
			</node>
			<node>
				<identifier>	HP_FX_Smoke_1	</identifier>
				<transform>
					<row0>	0.0168 0.9999 0.0000 0.0000	</row0>
					<row1>	-0.9999 0.0168 0.0000 0.0000	</row1>
					<row2>	0.0000 0.0000 1.0000 0.0000	</row2>
					<row3>	-0.1569 0.1679 -1.9220 1.0000	</row3>
				</transform>
			</node>
			<node>
				<identifier>	HP_FX_WakeTraceBack_tower	</identifier>
				<transform>
					<row0>	1.0000 0.0000 0.0000 0.0000	</row0>
					<row1>	0.0000 1.0000 0.0000 0.0000	</row1>
					<row2>	0.0000 0.0000 1.0000 0.0000	</row2>
					<row3>	0.0021 0.2252 -0.4766 1.0000	</row3>
				</transform>
			</node>
			<node>
				<identifier>	HP_FX_WakeTrace_periscope_2	</identifier>
				<transform>
					<row0>	1.0000 0.0000 0.0000 0.0000	</row0>
					<row1>	0.0000 1.0000 0.0000 0.0000	</row1>
					<row2>	0.0000 0.0000 1.0000 0.0000	</row2>
					<row3>	-0.1169 0.5381 -0.1219 1.0000	</row3>
				</transform>
			</node>
			<node>
				<identifier>	HP_Ship_death_1	</identifier>
				<transform>
					<row0>	1.0000 0.0000 0.0000 0.0000	</row0>
					<row1>	0.0000 1.0000 0.0000 0.0000	</row1>
					<row2>	0.0000 0.0000 1.0000 0.0000	</row2>
					<row3>	0.0000 0.0000 2.1838 1.0000	</row3>
				</transform>
			</node>
			<node>
				<identifier>	HP_Ship_death_2	</identifier>
				<transform>
					<row0>	1.0000 0.0000 0.0000 0.0000	</row0>
					<row1>	0.0000 1.0000 0.0000 0.0000	</row1>
					<row2>	0.0000 0.0000 1.0000 0.0000	</row2>
					<row3>	0.0000 0.0000 0.1624 1.0000	</row3>
				</transform>
			</node>
			<node>
				<identifier>	HP_Ship_death_3	</identifier>
				<transform>
					<row0>	1.0000 0.0000 0.0000 0.0000	</row0>
					<row1>	0.0000 1.0000 0.0000 0.0000	</row1>
					<row2>	0.0000 0.0000 1.0000 0.0000	</row2>
					<row3>	0.0000 0.0000 -2.0552 1.0000	</row3>
				</transform>
			</node>
		</node>
	</node>
	<boundingBox>
		<min>	-0.0667 -0.0667 -0.0667	</min>
		<max>	0.0667 0.0667 0.0667	</max>
	</boundingBox>
</JSS005_I_56_1944_MidBack_ports.visual>
