<JSS005_I_56_1944_Bow_ports.visual>
	<node>
		<identifier>	Scene Root	</identifier>
		<transform>
			<row0>	1.0000 0.0000 0.0000 0.0000	</row0>
			<row1>	0.0000 1.0000 0.0000 0.0000	</row1>
			<row2>	0.0000 0.0000 1.0000 0.0000	</row2>
			<row3>	0.0000 0.0000 0.0000 1.0000	</row3>
		</transform>
		<node>
			<identifier>	Bow_ports	</identifier>
			<transform>
				<row0>	1.0000 0.0000 0.0000 0.0000	</row0>
				<row1>	0.0000 1.0000 0.0000 0.0000	</row1>
				<row2>	0.0000 0.0000 1.0000 0.0000	</row2>
				<row3>	0.0000 0.0000 0.0000 1.0000	</row3>
			</transform>
			<node>
				<identifier>	HP_Camera	</identifier>
				<transform>
					<row0>	1.0000 0.0000 0.0000 0.0000	</row0>
					<row1>	0.0000 1.0000 0.0000 0.0000	</row1>
					<row2>	0.0000 0.0000 1.0000 0.0000	</row2>
					<row3>	0.0000 0.5578 0.3063 1.0000	</row3>
				</transform>
			</node>
			<node>
				<identifier>	HP_FX_Descent_2	</identifier>
				<transform>
					<row0>	0.0417 -0.9991 0.0000 0.0000	</row0>
					<row1>	-0.9991 -0.0417 0.0000 0.0000	</row1>
					<row2>	0.0000 0.0000 -1.0000 0.0000	</row2>
					<row3>	-0.1409 -0.0579 2.5277 1.0000	</row3>
				</transform>
			</node>
			<node>
				<identifier>	HP_FX_Flood_steam_1	</identifier>
				<transform>
					<row0>	0.1887 0.9820 0.0000 0.0000	</row0>
					<row1>	-0.9820 0.1887 0.0000 0.0000	</row1>
					<row2>	0.0000 0.0000 1.0000 0.0000	</row2>
					<row3>	-0.1184 0.1746 2.6907 1.0000	</row3>
				</transform>
			</node>
			<node>
				<identifier>	HP_FX_Flood_water_left_2	</identifier>
				<transform>
					<row0>	-0.9975 0.0000 0.0712 0.0000	</row0>
					<row1>	0.0000 1.0000 0.0000 0.0000	</row1>
					<row2>	-0.0712 0.0000 -0.9975 0.0000	</row2>
					<row3>	-0.0794 0.0215 3.0408 1.0000	</row3>
				</transform>
			</node>
			<node>
				<identifier>	HP_FX_Flood_water_right_2	</identifier>
				<transform>
					<row0>	1.0000 0.0000 0.0000 0.0000	</row0>
					<row1>	0.0000 1.0000 0.0000 0.0000	</row1>
					<row2>	0.0000 0.0000 1.0000 0.0000	</row2>
					<row3>	0.0779 0.0226 3.0441 1.0000	</row3>
				</transform>
			</node>
			<node>
				<identifier>	HP_FX_Runoff_deluge_left	</identifier>
				<transform>
					<row0>	-0.9975 0.0018 0.0701 0.0000	</row0>
					<row1>	0.0000 0.9997 -0.0262 0.0000	</row1>
					<row2>	-0.0701 -0.0262 -0.9972 0.0000	</row2>
					<row3>	-0.1352 0.0910 2.3280 1.0000	</row3>
				</transform>
			</node>
			<node>
				<identifier>	HP_FX_Runoff_deluge_right	</identifier>
				<transform>
					<row0>	0.9975 0.0018 0.0701 0.0000	</row0>
					<row1>	0.0000 0.9997 -0.0262 0.0000	</row1>
					<row2>	-0.0701 0.0262 0.9972 0.0000	</row2>
					<row3>	0.1349 0.0910 2.3278 1.0000	</row3>
				</transform>
			</node>
			<node>
				<identifier>	HP_FX_Runoff_up_left	</identifier>
				<transform>
					<row0>	-0.9980 -0.0003 0.0623 0.0000	</row0>
					<row1>	-0.0021 0.9996 -0.0290 0.0000	</row1>
					<row2>	-0.0623 -0.0291 -0.9976 0.0000	</row2>
					<row3>	-0.1023 0.2389 2.3082 1.0000	</row3>
				</transform>
			</node>
			<node>
				<identifier>	HP_FX_Runoff_up_right	</identifier>
				<transform>
					<row0>	0.9980 -0.0003 0.0628 0.0000	</row0>
					<row1>	0.0022 0.9996 -0.0290 0.0000	</row1>
					<row2>	-0.0628 0.0291 0.9976 0.0000	</row2>
					<row3>	0.1019 0.2389 2.3078 1.0000	</row3>
				</transform>
			</node>
			<node>
				<identifier>	HP_FX_WakeTrace	</identifier>
				<transform>
					<row0>	1.0000 0.0000 0.0000 0.0000	</row0>
					<row1>	0.0000 1.0000 0.0000 0.0000	</row1>
					<row2>	0.0000 0.0000 1.0000 0.0000	</row2>
					<row3>	0.0000 0.0000 3.5022 1.0000	</row3>
				</transform>
			</node>
			<node>
				<identifier>	HP_JGM_1	</identifier>
				<transform>
					<row0>	-1.0000 0.0000 0.0000 0.0000	</row0>
					<row1>	0.0000 1.0000 0.0000 0.0000	</row1>
					<row2>	0.0000 0.0000 -1.0000 0.0000	</row2>
					<row3>	0.0000 0.2137 -0.7968 1.0000	</row3>
				</transform>
			</node>
			<node>
				<identifier>	HP_JGT_1	</identifier>
				<transform>
					<row0>	1.0000 0.0000 0.0000 0.0000	</row0>
					<row1>	0.0000 0.9988 0.0491 0.0000	</row1>
					<row2>	0.0000 -0.0491 0.9988 0.0000	</row2>
					<row3>	-0.0447 -0.0155 2.4472 1.0000	</row3>
				</transform>
			</node>
			<node>
				<identifier>	HP_JGT_2	</identifier>
				<transform>
					<row0>	1.0000 0.0000 0.0035 0.0000	</row0>
					<row1>	-0.0002 0.9986 0.0524 0.0000	</row1>
					<row2>	-0.0035 -0.0524 0.9986 0.0000	</row2>
					<row3>	0.0454 -0.0155 2.4472 1.0000	</row3>
				</transform>
			</node>
			<node>
				<identifier>	HP_JGT_3	</identifier>
				<transform>
					<row0>	1.0000 0.0000 0.0000 0.0000	</row0>
					<row1>	0.0000 0.9986 0.0524 0.0000	</row1>
					<row2>	0.0000 -0.0524 0.9986 0.0000	</row2>
					<row3>	-0.0447 -0.0722 2.4470 1.0000	</row3>
				</transform>
			</node>
			<node>
				<identifier>	HP_JGT_4	</identifier>
				<transform>
					<row0>	1.0000 0.0000 0.0000 0.0000	</row0>
					<row1>	0.0000 0.9986 0.0524 0.0000	</row1>
					<row2>	0.0000 -0.0524 0.9986 0.0000	</row2>
					<row3>	0.0447 -0.0722 2.4470 1.0000	</row3>
				</transform>
			</node>
			<node>
				<identifier>	HP_JGT_5	</identifier>
				<transform>
					<row0>	1.0000 0.0000 0.0000 0.0000	</row0>
					<row1>	0.0000 0.9988 0.0491 0.0000	</row1>
					<row2>	0.0000 -0.0491 0.9988 0.0000	</row2>
					<row3>	-0.0449 -0.1298 2.4469 1.0000	</row3>
				</transform>
			</node>
			<node>
				<identifier>	HP_JGT_6	</identifier>
				<transform>
					<row0>	1.0000 0.0000 0.0000 0.0000	</row0>
					<row1>	0.0000 0.9986 0.0524 0.0000	</row1>
					<row2>	0.0000 -0.0524 0.9986 0.0000	</row2>
					<row3>	0.0434 -0.1298 2.4469 1.0000	</row3>
				</transform>
			</node>
			<node>
				<identifier>	HP_JRS_1	</identifier>
				<transform>
					<row0>	1.0000 0.0000 0.0000 0.0000	</row0>
					<row1>	0.0000 1.0000 0.0000 0.0000	</row1>
					<row2>	0.0000 0.0000 1.0000 0.0000	</row2>
					<row3>	0.0000 0.3733 0.4408 1.0000	</row3>
				</transform>
			</node>
			<node>
				<identifier>	HP_JRS_2	</identifier>
				<transform>
					<row0>	0.9205 0.0000 -0.3907 0.0000	</row0>
					<row1>	0.0000 1.0000 0.0000 0.0000	</row1>
					<row2>	0.3907 0.0000 0.9205 0.0000	</row2>
					<row3>	0.0344 0.4313 -0.3901 1.0000	</row3>
				</transform>
			</node>
			<node>
				<identifier>	HP_Torp_Cap_1	</identifier>
				<transform>
					<row0>	1.0000 0.0000 0.0000 0.0000	</row0>
					<row1>	0.0000 0.9988 0.0491 0.0000	</row1>
					<row2>	0.0000 -0.0491 0.9988 0.0000	</row2>
					<row3>	-0.0447 -0.0468 3.0631 1.0000	</row3>
				</transform>
			</node>
			<node>
				<identifier>	HP_Torp_Cap_2	</identifier>
				<transform>
					<row0>	1.0000 0.0000 0.0000 0.0000	</row0>
					<row1>	0.0000 0.9988 0.0491 0.0000	</row1>
					<row2>	0.0000 -0.0491 0.9988 0.0000	</row2>
					<row3>	0.0447 -0.0468 3.0631 1.0000	</row3>
				</transform>
			</node>
			<node>
				<identifier>	HP_Torp_Cap_3	</identifier>
				<transform>
					<row0>	1.0000 0.0000 0.0000 0.0000	</row0>
					<row1>	0.0000 0.9988 0.0491 0.0000	</row1>
					<row2>	0.0000 -0.0491 0.9988 0.0000	</row2>
					<row3>	-0.0450 -0.1035 3.0677 1.0000	</row3>
				</transform>
			</node>
			<node>
				<identifier>	HP_Torp_Cap_4	</identifier>
				<transform>
					<row0>	1.0000 0.0000 0.0000 0.0000	</row0>
					<row1>	0.0000 0.9988 0.0491 0.0000	</row1>
					<row2>	0.0000 -0.0491 0.9988 0.0000	</row2>
					<row3>	0.0447 -0.1035 3.0677 1.0000	</row3>
				</transform>
			</node>
			<node>
				<identifier>	HP_Torp_Cap_5	</identifier>
				<transform>
					<row0>	1.0000 0.0000 0.0000 0.0000	</row0>
					<row1>	0.0000 0.9988 0.0491 0.0000	</row1>
					<row2>	0.0000 -0.0491 0.9988 0.0000	</row2>
					<row3>	-0.0449 -0.1601 3.0680 1.0000	</row3>
				</transform>
			</node>
			<node>
				<identifier>	HP_Torp_Cap_6	</identifier>
				<transform>
					<row0>	1.0000 0.0000 0.0000 0.0000	</row0>
					<row1>	0.0000 0.9988 0.0491 0.0000	</row1>
					<row2>	0.0000 -0.0491 0.9988 0.0000	</row2>
					<row3>	0.0449 -0.1601 3.0680 1.0000	</row3>
				</transform>
			</node>
			<node>
				<identifier>	MP_GM043_Antenna_FuMB_Ant3_Bali	</identifier>
				<transform>
					<row0>	1.0000 0.0000 0.0000 0.0000	</row0>
					<row1>	0.0000 1.0000 0.0000 0.0000	</row1>
					<row2>	0.0000 0.0000 1.0000 0.0000	</row2>
					<row3>	0.0000 0.5647 0.1319 1.0000	</row3>
				</transform>
			</node>
			<node>
				<identifier>	MP_JM2038_Radar_Type_A6	</identifier>
				<transform>
					<row0>	0.9205 0.0000 -0.3907 0.0000	</row0>
					<row1>	0.0000 1.0000 0.0000 0.0000	</row1>
					<row2>	0.3907 0.0000 0.9205 0.0000	</row2>
					<row3>	0.0344 0.4313 -0.3901 1.0000	</row3>
				</transform>
			</node>
			<node>
				<identifier>	MP_JM350_25mm_Type96_double_inactive	</identifier>
				<transform>
					<row0>	1.0000 0.0000 0.0000 0.0000	</row0>
					<row1>	0.0000 1.0000 0.0000 0.0000	</row1>
					<row2>	0.0000 0.0000 1.0000 0.0000	</row2>
					<row3>	0.0000 0.3968 -0.2605 1.0000	</row3>
				</transform>
			</node>
			<node>
				<identifier>	MP_JM350_25mm_Type96_double_inactive_INDEX_1	</identifier>
				<transform>
					<row0>	1.0000 0.0000 0.0000 0.0000	</row0>
					<row1>	0.0000 1.0000 0.0000 0.0000	</row1>
					<row2>	0.0000 0.0000 1.0000 0.0000	</row2>
					<row3>	0.0000 0.2130 1.0462 1.0000	</row3>
				</transform>
			</node>
			<node>
				<identifier>	MP_JM408_Type97_Submarine_Binocular	</identifier>
				<transform>
					<row0>	0.0000 0.0000 0.9000 0.0000	</row0>
					<row1>	0.0000 0.9000 0.0000 0.0000	</row1>
					<row2>	-0.9000 0.0000 0.0000 0.0000	</row2>
					<row3>	-0.0757 0.4511 0.0692 1.0000	</row3>
				</transform>
			</node>
			<node>
				<identifier>	MP_JM408_Type97_Submarine_Binocular_INDEX_1	</identifier>
				<transform>
					<row0>	-0.9000 0.0000 0.0000 0.0000	</row0>
					<row1>	0.0000 0.9000 0.0000 0.0000	</row1>
					<row2>	0.0000 0.0000 -0.9000 0.0000	</row2>
					<row3>	0.0000 0.4657 -0.1169 1.0000	</row3>
				</transform>
			</node>
			<node>
				<identifier>	MP_JM408_Type97_Submarine_Binocular_INDEX_2	</identifier>
				<transform>
					<row0>	0.0000 0.0000 -0.9000 0.0000	</row0>
					<row1>	0.0000 0.9000 0.0000 0.0000	</row1>
					<row2>	0.9000 0.0000 0.0000 0.0000	</row2>
					<row3>	0.0757 0.4511 0.0692 1.0000	</row3>
				</transform>
			</node>
			<node>
				<identifier>	MP_JM409_Propeller_R	</identifier>
				<transform>
					<row0>	0.9999 0.0143 0.0000 0.0000	</row0>
					<row1>	-0.0143 0.9999 0.0000 0.0000	</row1>
					<row2>	0.0000 0.0000 1.0000 0.0000	</row2>
					<row3>	0.1173 -0.1648 -3.0852 1.0000	</row3>
				</transform>
			</node>
			<node>
				<identifier>	MP_JM410_Propeller_L	</identifier>
				<transform>
					<row0>	1.0000 0.0000 0.0000 0.0000	</row0>
					<row1>	0.0000 1.0000 0.0000 0.0000	</row1>
					<row2>	0.0000 0.0000 1.0000 0.0000	</row2>
					<row3>	-0.1173 -0.1648 -3.0852 1.0000	</row3>
				</transform>
			</node>
			<node>
				<identifier>	MP_JM519_I56_Banner	</identifier>
				<transform>
					<row0>	1.0000 0.0000 0.0000 0.0000	</row0>
					<row1>	0.0000 1.0000 0.0000 0.0000	</row1>
					<row2>	0.0000 0.0000 1.0000 0.0000	</row2>
					<row3>	0.0000 0.0000 0.0000 1.0000	</row3>
				</transform>
			</node>
			<node>
				<identifier>	SP_YMS002_YHBL_M_1	</identifier>
				<transform>
					<row0>	0.4985 0.0000 0.0381 0.0000	</row0>
					<row1>	0.0000 0.5000 0.0000 0.0000	</row1>
					<row2>	-0.0381 0.0000 0.4985 0.0000	</row2>
					<row3>	0.0000 0.2533 3.6161 1.0000	</row3>
				</transform>
			</node>
			<node>
				<identifier>	SP_YMS003_YHBR_M_1	</identifier>
				<transform>
					<row0>	0.4985 0.0000 -0.0381 0.0000	</row0>
					<row1>	0.0000 0.5000 0.0000 0.0000	</row1>
					<row2>	0.0381 0.0000 0.4985 0.0000	</row2>
					<row3>	0.0000 0.2533 3.6161 1.0000	</row3>
				</transform>
			</node>
			<node>
				<identifier>	SP_YMS004_YHXL_L_1	</identifier>
				<transform>
					<row0>	0.4541 -0.0275 -0.0488 0.0000	</row0>
					<row1>	0.0277 0.4567 0.0012 0.0000	</row1>
					<row2>	0.0487 -0.0041 0.4550 0.0000	</row2>
					<row3>	-0.1282 0.1229 2.6040 1.0000	</row3>
				</transform>
			</node>
			<node>
				<identifier>	SP_YMS005_YHXR_L_1	</identifier>
				<transform>
					<row0>	0.4541 0.0275 0.0488 0.0000	</row0>
					<row1>	-0.0277 0.4567 0.0012 0.0000	</row1>
					<row2>	-0.0487 -0.0041 0.4550 0.0000	</row2>
					<row3>	0.1278 0.1229 2.6040 1.0000	</row3>
				</transform>
			</node>
			<node>
				<identifier>	SP_YMS009_YSBM_M_1	</identifier>
				<transform>
					<row0>	1.0000 0.0000 0.0000 0.0000	</row0>
					<row1>	0.0000 1.0000 0.0000 0.0000	</row1>
					<row2>	0.0000 0.0000 1.0000 0.0000	</row2>
					<row3>	0.0000 0.2533 3.6161 1.0000	</row3>
				</transform>
			</node>
			<node>
				<identifier>	SP_YMS011_YHWL_M_1_INDEX_1	</identifier>
				<transform>
					<row0>	0.5033 -0.1148 0.0006 0.0000	</row0>
					<row1>	0.1148 0.5033 0.0047 0.0000	</row1>
					<row2>	-0.0016 -0.0045 0.5162 0.0000	</row2>
					<row3>	-0.3068 0.0000 0.1496 1.0000	</row3>
				</transform>
			</node>
			<node>
				<identifier>	SP_YMS011_YHWL_M_1_INDEX_10	</identifier>
				<transform>
					<row0>	0.5032 -0.1148 0.0107 0.0000	</row0>
					<row1>	0.1148 0.5033 0.0016 0.0000	</row1>
					<row2>	-0.0108 0.0008 0.5161 0.0000	</row2>
					<row3>	-0.3048 0.0000 -0.7286 1.0000	</row3>
				</transform>
			</node>
			<node>
				<identifier>	SP_YMS011_YHWL_M_1_INDEX_11	</identifier>
				<transform>
					<row0>	0.5043 -0.1042 -0.0360 0.0000	</row0>
					<row1>	0.1038 0.5056 -0.0085 0.0000	</row1>
					<row2>	0.0370 0.0011 0.5149 0.0000	</row2>
					<row3>	-0.2582 0.0000 1.4643 1.0000	</row3>
				</transform>
			</node>
			<node>
				<identifier>	SP_YMS011_YHWL_M_1_INDEX_12	</identifier>
				<transform>
					<row0>	0.5033 -0.1148 0.0006 0.0000	</row0>
					<row1>	0.1148 0.5033 -0.0020 0.0000	</row1>
					<row2>	-0.0001 0.0020 0.5162 0.0000	</row2>
					<row3>	-0.3056 0.0000 -0.2898 1.0000	</row3>
				</transform>
			</node>
			<node>
				<identifier>	SP_YMS011_YHWL_M_1_INDEX_13	</identifier>
				<transform>
					<row0>	0.5051 -0.1041 -0.0235 0.0000	</row0>
					<row1>	0.1041 0.5056 -0.0025 0.0000	</row1>
					<row2>	0.0236 -0.0023 0.5157 0.0000	</row2>
					<row3>	-0.2851 0.0000 1.0267 1.0000	</row3>
				</transform>
			</node>
			<node>
				<identifier>	SP_YMS011_YHWL_M_1_INDEX_14	</identifier>
				<transform>
					<row0>	0.5054 -0.1042 -0.0136 0.0000	</row0>
					<row1>	0.1041 0.5056 -0.0025 0.0000	</row1>
					<row2>	0.0138 -0.0003 0.5161 0.0000	</row2>
					<row3>	-0.3016 0.0000 0.5885 1.0000	</row3>
				</transform>
			</node>
			<node>
				<identifier>	SP_YMS011_YHWL_M_1_INDEX_2	</identifier>
				<transform>
					<row0>	0.5120 0.0000 -0.0660 0.0000	</row0>
					<row1>	0.0000 0.5162 0.0000 0.0000	</row1>
					<row2>	0.0660 0.0000 0.5120 0.0000	</row2>
					<row3>	-0.1165 0.0000 2.7712 1.0000	</row3>
				</transform>
			</node>
			<node>
				<identifier>	SP_YMS011_YHWL_M_1_INDEX_3	</identifier>
				<transform>
					<row0>	0.5131 0.0000 -0.0571 0.0000	</row0>
					<row1>	0.0000 0.5162 0.0000 0.0000	</row1>
					<row2>	0.0571 0.0000 0.5131 0.0000	</row2>
					<row3>	-0.1724 0.0000 2.3367 1.0000	</row3>
				</transform>
			</node>
			<node>
				<identifier>	SP_YMS011_YHWL_M_1_INDEX_5	</identifier>
				<transform>
					<row0>	0.5028 -0.1147 0.0239 0.0000	</row0>
					<row1>	0.1145 0.5033 0.0070 0.0000	</row1>
					<row2>	-0.0249 -0.0015 0.5156 0.0000	</row2>
					<row3>	-0.2878 0.0000 -1.1675 1.0000	</row3>
				</transform>
			</node>
			<node>
				<identifier>	SP_YMS011_YHWL_M_1_INDEX_7	</identifier>
				<transform>
					<row0>	0.5071 -0.0822 -0.0511 0.0000	</row0>
					<row1>	0.0817 0.5097 -0.0091 0.0000	</row1>
					<row2>	0.0519 0.0009 0.5136 0.0000	</row2>
					<row3>	-0.2199 0.0000 1.9012 1.0000	</row3>
				</transform>
			</node>
			<node>
				<identifier>	SP_YMS011_YHWL_M_1_INDEX_8	</identifier>
				<transform>
					<row0>	0.5129 -0.0476 0.0338 0.0000	</row0>
					<row1>	0.0472 0.5140 0.0077 0.0000	</row1>
					<row2>	-0.0343 -0.0046 0.5151 0.0000	</row2>
					<row3>	-0.2445 0.0000 -2.0441 1.0000	</row3>
				</transform>
			</node>
			<node>
				<identifier>	SP_YMS011_YHWL_M_1_INDEX_9	</identifier>
				<transform>
					<row0>	0.5028 -0.1147 0.0239 0.0000	</row0>
					<row1>	0.1145 0.5033 0.0070 0.0000	</row1>
					<row2>	-0.0249 -0.0015 0.5156 0.0000	</row2>
					<row3>	-0.2691 0.0000 -1.6055 1.0000	</row3>
				</transform>
			</node>
			<node>
				<identifier>	SP_YMS012_YHWR_M_1	</identifier>
				<transform>
					<row0>	0.5129 0.0476 -0.0338 0.0000	</row0>
					<row1>	-0.0472 0.5140 0.0077 0.0000	</row1>
					<row2>	0.0343 -0.0046 0.5151 0.0000	</row2>
					<row3>	0.2445 0.0000 -2.0441 1.0000	</row3>
				</transform>
			</node>
			<node>
				<identifier>	SP_YMS012_YHWR_M_1_INDEX_10	</identifier>
				<transform>
					<row0>	0.5028 0.1147 -0.0239 0.0000	</row0>
					<row1>	-0.1145 0.5033 0.0070 0.0000	</row1>
					<row2>	0.0249 -0.0015 0.5156 0.0000	</row2>
					<row3>	0.2691 0.0000 -1.6055 1.0000	</row3>
				</transform>
			</node>
			<node>
				<identifier>	SP_YMS012_YHWR_M_1_INDEX_11	</identifier>
				<transform>
					<row0>	0.5120 0.0000 0.0660 0.0000	</row0>
					<row1>	0.0000 0.5162 0.0000 0.0000	</row1>
					<row2>	-0.0660 0.0000 0.5120 0.0000	</row2>
					<row3>	0.1165 0.0000 2.7712 1.0000	</row3>
				</transform>
			</node>
			<node>
				<identifier>	SP_YMS012_YHWR_M_1_INDEX_12	</identifier>
				<transform>
					<row0>	0.5131 0.0000 0.0571 0.0000	</row0>
					<row1>	0.0000 0.5162 0.0000 0.0000	</row1>
					<row2>	-0.0571 0.0000 0.5131 0.0000	</row2>
					<row3>	0.1724 0.0000 2.3367 1.0000	</row3>
				</transform>
			</node>
			<node>
				<identifier>	SP_YMS012_YHWR_M_1_INDEX_13	</identifier>
				<transform>
					<row0>	0.5071 0.0822 0.0511 0.0000	</row0>
					<row1>	-0.0817 0.5097 -0.0091 0.0000	</row1>
					<row2>	-0.0519 0.0009 0.5136 0.0000	</row2>
					<row3>	0.2199 0.0000 1.9012 1.0000	</row3>
				</transform>
			</node>
			<node>
				<identifier>	SP_YMS012_YHWR_M_1_INDEX_2	</identifier>
				<transform>
					<row0>	0.5043 0.1042 0.0360 0.0000	</row0>
					<row1>	-0.1038 0.5056 -0.0085 0.0000	</row1>
					<row2>	-0.0370 0.0011 0.5149 0.0000	</row2>
					<row3>	0.2582 0.0000 1.4643 1.0000	</row3>
				</transform>
			</node>
			<node>
				<identifier>	SP_YMS012_YHWR_M_1_INDEX_4	</identifier>
				<transform>
					<row0>	0.5054 0.1042 0.0136 0.0000	</row0>
					<row1>	-0.1041 0.5056 -0.0025 0.0000	</row1>
					<row2>	-0.0138 -0.0003 0.5161 0.0000	</row2>
					<row3>	0.3016 0.0000 0.5885 1.0000	</row3>
				</transform>
			</node>
			<node>
				<identifier>	SP_YMS012_YHWR_M_1_INDEX_5	</identifier>
				<transform>
					<row0>	0.5028 0.1147 -0.0239 0.0000	</row0>
					<row1>	-0.1145 0.5033 0.0070 0.0000	</row1>
					<row2>	0.0249 -0.0015 0.5156 0.0000	</row2>
					<row3>	0.2878 0.0000 -1.1675 1.0000	</row3>
				</transform>
			</node>
			<node>
				<identifier>	SP_YMS012_YHWR_M_1_INDEX_6	</identifier>
				<transform>
					<row0>	0.5051 0.1041 0.0235 0.0000	</row0>
					<row1>	-0.1041 0.5056 -0.0025 0.0000	</row1>
					<row2>	-0.0236 -0.0023 0.5157 0.0000	</row2>
					<row3>	0.2851 0.0000 1.0267 1.0000	</row3>
				</transform>
			</node>
			<node>
				<identifier>	SP_YMS012_YHWR_M_1_INDEX_7	</identifier>
				<transform>
					<row0>	0.5033 0.1148 -0.0006 0.0000	</row0>
					<row1>	-0.1148 0.5033 0.0047 0.0000	</row1>
					<row2>	0.0016 -0.0045 0.5162 0.0000	</row2>
					<row3>	0.3068 0.0000 0.1496 1.0000	</row3>
				</transform>
			</node>
			<node>
				<identifier>	SP_YMS012_YHWR_M_1_INDEX_8	</identifier>
				<transform>
					<row0>	0.5032 0.1148 -0.0107 0.0000	</row0>
					<row1>	-0.1148 0.5033 0.0016 0.0000	</row1>
					<row2>	0.0108 0.0008 0.5161 0.0000	</row2>
					<row3>	0.3048 0.0000 -0.7286 1.0000	</row3>
				</transform>
			</node>
			<node>
				<identifier>	SP_YMS012_YHWR_M_1_INDEX_9	</identifier>
				<transform>
					<row0>	0.5033 0.1148 -0.0006 0.0000	</row0>
					<row1>	-0.1148 0.5033 -0.0020 0.0000	</row1>
					<row2>	0.0001 0.0020 0.5162 0.0000	</row2>
					<row3>	0.3056 0.0000 -0.2898 1.0000	</row3>
				</transform>
			</node>
			<node>
				<identifier>	SP_YMS024_YSUS_L_1	</identifier>
				<transform>
					<row0>	-0.0477 0.0036 0.8560 0.0000	</row0>
					<row1>	0.1647 0.8413 0.0057 0.0000	</row1>
					<row2>	-0.8400 0.1647 -0.0475 0.0000	</row2>
					<row3>	0.2699 -0.0259 1.3660 1.0000	</row3>
				</transform>
			</node>
			<node>
				<identifier>	SP_YMS024_YSUS_L_1_INDEX_1	</identifier>
				<transform>
					<row0>	-0.0477 -0.0036 -0.8560 0.0000	</row0>
					<row1>	-0.1647 0.8413 0.0057 0.0000	</row1>
					<row2>	0.8400 0.1647 -0.0475 0.0000	</row2>
					<row3>	-0.2699 -0.0259 1.3660 1.0000	</row3>
				</transform>
			</node>
			<node>
				<identifier>	SP_YMS024_YSUS_L_1_INDEX_2	</identifier>
				<transform>
					<row0>	0.0805 -0.0003 0.8642 0.0000	</row0>
					<row1>	0.2353 0.8352 -0.0216 0.0000	</row1>
					<row2>	-0.8316 0.2363 0.0776 0.0000	</row2>
					<row3>	0.2707 -0.0259 -1.6244 1.0000	</row3>
				</transform>
			</node>
			<node>
				<identifier>	SP_YMS024_YSUS_L_1_INDEX_3	</identifier>
				<transform>
					<row0>	0.0805 0.0003 -0.8642 0.0000	</row0>
					<row1>	-0.2353 0.8352 -0.0216 0.0000	</row1>
					<row2>	0.8316 0.2363 0.0776 0.0000	</row2>
					<row3>	-0.2707 -0.0259 -1.6244 1.0000	</row3>
				</transform>
			</node>
			<node>
				<identifier>	SP_YMS025_YSUC_S_1	</identifier>
				<transform>
					<row0>	-0.5729 0.8194 -0.0182 0.0000	</row0>
					<row1>	-0.8101 -0.5695 -0.1396 0.0000	</row1>
					<row2>	-0.1248 -0.0652 0.9900 0.0000	</row2>
					<row3>	-0.1953 -0.1236 -2.1638 1.0000	</row3>
				</transform>
			</node>
			<node>
				<identifier>	SP_YMS025_YSUC_S_1_INDEX_1	</identifier>
				<transform>
					<row0>	-0.2313 -0.9729 0.0000 0.0000	</row0>
					<row1>	0.9729 -0.2313 0.0016 0.0000	</row1>
					<row2>	-0.0016 0.0004 1.0000 0.0000	</row2>
					<row3>	0.3035 -0.1236 -0.1446 1.0000	</row3>
				</transform>
			</node>
			<node>
				<identifier>	SP_YMS025_YSUC_S_1_INDEX_2	</identifier>
				<transform>
					<row0>	-0.2313 -0.9729 0.0000 0.0000	</row0>
					<row1>	0.9725 -0.2312 0.0283 0.0000	</row1>
					<row2>	-0.0275 0.0065 0.9996 0.0000	</row2>
					<row3>	0.2916 -0.1236 0.7761 1.0000	</row3>
				</transform>
			</node>
			<node>
				<identifier>	SP_YMS025_YSUC_S_1_INDEX_3	</identifier>
				<transform>
					<row0>	-0.2313 0.9729 0.0000 0.0000	</row0>
					<row1>	-0.9722 -0.2311 -0.0373 0.0000	</row1>
					<row2>	-0.0363 -0.0086 0.9993 0.0000	</row2>
					<row3>	-0.2875 -0.1236 -1.0364 1.0000	</row3>
				</transform>
			</node>
			<node>
				<identifier>	SP_YMS025_YSUC_S_1_INDEX_4	</identifier>
				<transform>
					<row0>	-0.2717 -0.9624 -0.0041 0.0000	</row0>
					<row1>	0.9576 -0.2707 0.0987 0.0000	</row1>
					<row2>	-0.0961 0.0228 0.9951 0.0000	</row2>
					<row3>	0.2006 -0.1236 1.9743 1.0000	</row3>
				</transform>
			</node>
			<node>
				<identifier>	SP_YMS025_YSUC_S_1_INDEX_5	</identifier>
				<transform>
					<row0>	-0.2313 0.9729 0.0000 0.0000	</row0>
					<row1>	-0.9725 -0.2312 0.0283 0.0000	</row1>
					<row2>	0.0275 0.0065 0.9996 0.0000	</row2>
					<row3>	-0.2916 -0.1236 0.7761 1.0000	</row3>
				</transform>
			</node>
			<node>
				<identifier>	SP_YMS025_YSUC_S_1_INDEX_6	</identifier>
				<transform>
					<row0>	-0.5729 -0.8194 0.0182 0.0000	</row0>
					<row1>	0.8101 -0.5695 -0.1396 0.0000	</row1>
					<row2>	0.1248 -0.0652 0.9900 0.0000	</row2>
					<row3>	0.1953 -0.1236 -2.1638 1.0000	</row3>
				</transform>
			</node>
			<node>
				<identifier>	SP_YMS025_YSUC_S_1_INDEX_7	</identifier>
				<transform>
					<row0>	-0.2313 0.9729 0.0000 0.0000	</row0>
					<row1>	-0.9729 -0.2313 0.0016 0.0000	</row1>
					<row2>	0.0016 0.0004 1.0000 0.0000	</row2>
					<row3>	-0.3035 -0.1236 -0.1446 1.0000	</row3>
				</transform>
			</node>
			<node>
				<identifier>	SP_YMS025_YSUC_S_1_INDEX_8	</identifier>
				<transform>
					<row0>	-0.2717 0.9624 0.0041 0.0000	</row0>
					<row1>	-0.9576 -0.2707 0.0987 0.0000	</row1>
					<row2>	0.0961 0.0228 0.9951 0.0000	</row2>
					<row3>	-0.2006 -0.1236 1.9743 1.0000	</row3>
				</transform>
			</node>
			<node>
				<identifier>	SP_YMS025_YSUC_S_1_INDEX_9	</identifier>
				<transform>
					<row0>	-0.2313 -0.9729 0.0000 0.0000	</row0>
					<row1>	0.9722 -0.2311 -0.0373 0.0000	</row1>
					<row2>	0.0363 -0.0086 0.9993 0.0000	</row2>
					<row3>	0.2875 -0.1236 -1.0364 1.0000	</row3>
				</transform>
			</node>
			<node>
				<identifier>	SP_YMS040_YHCC_M_1	</identifier>
				<transform>
					<row0>	0.0840 0.0000 0.5347 0.0000	</row0>
					<row1>	0.0000 0.5413 0.0000 0.0000	</row1>
					<row2>	-0.5347 0.0000 0.0840 0.0000	</row2>
					<row3>	-0.0742 0.4807 0.2362 1.0000	</row3>
				</transform>
			</node>
			<node>
				<identifier>	SP_YMS040_YHCC_M_1_INDEX_1	</identifier>
				<transform>
					<row0>	0.0840 0.0000 -0.5347 0.0000	</row0>
					<row1>	0.0000 0.5413 0.0000 0.0000	</row1>
					<row2>	0.5347 0.0000 0.0840 0.0000	</row2>
					<row3>	0.0742 0.4807 0.2362 1.0000	</row3>
				</transform>
			</node>
			<node>
				<identifier>	SP_YMS047_YSLC_L_1	</identifier>
				<transform>
					<row0>	0.0000 0.0000 0.4251 0.0000	</row0>
					<row1>	0.0000 0.4251 0.0000 0.0000	</row1>
					<row2>	-0.4251 0.0000 0.0000 0.0000	</row2>
					<row3>	0.0848 0.4146 0.0827 1.0000	</row3>
				</transform>
			</node>
			<node>
				<identifier>	SP_YMS047_YSLC_L_1_INDEX_1	</identifier>
				<transform>
					<row0>	0.0000 0.0000 -0.4251 0.0000	</row0>
					<row1>	0.0000 0.4251 0.0000 0.0000	</row1>
					<row2>	0.4251 0.0000 0.0000 0.0000	</row2>
					<row3>	-0.0848 0.4146 0.0827 1.0000	</row3>
				</transform>
			</node>
			<node>
				<identifier>	SP_YMS051_YHDL_L_1_INDEX_1	</identifier>
				<transform>
					<row0>	0.5578 -0.0015 -0.0224 0.0000	</row0>
					<row1>	0.0009 0.5580 -0.0148 0.0000	</row1>
					<row2>	0.0224 0.0147 0.5576 0.0000	</row2>
					<row3>	-0.1764 0.2165 2.1568 1.0000	</row3>
				</transform>
			</node>
			<node>
				<identifier>	SP_YMS052_YHDR_L_1_INDEX_1	</identifier>
				<transform>
					<row0>	0.5578 0.0015 0.0224 0.0000	</row0>
					<row1>	-0.0009 0.5580 -0.0148 0.0000	</row1>
					<row2>	-0.0224 0.0147 0.5576 0.0000	</row2>
					<row3>	0.1764 0.2165 2.1568 1.0000	</row3>
				</transform>
			</node>
			<node>
				<identifier>	SP_YMS061_YHGH_S_1	</identifier>
				<transform>
					<row0>	-0.2205 0.0000 0.0000 0.0000	</row0>
					<row1>	0.0000 0.2205 0.0000 0.0000	</row1>
					<row2>	0.0000 0.0000 -0.2205 0.0000	</row2>
					<row3>	0.0000 0.2371 0.4391 1.0000	</row3>
				</transform>
			</node>
			<node>
				<identifier>	SP_YMS062_YHGH_M_1	</identifier>
				<transform>
					<row0>	-0.2040 0.0000 0.0000 0.0000	</row0>
					<row1>	0.0000 0.2040 0.0000 0.0000	</row1>
					<row2>	0.0000 0.0000 -0.2040 0.0000	</row2>
					<row3>	0.0000 0.3539 0.4391 1.0000	</row3>
				</transform>
			</node>
			<node>
				<identifier>	SP_YMS071_YHHC_S_1	</identifier>
				<transform>
					<row0>	1.0000 0.0000 0.0000 0.0000	</row0>
					<row1>	0.0000 1.0000 0.0000 0.0000	</row1>
					<row2>	0.0000 0.0000 1.0000 0.0000	</row2>
					<row3>	0.0000 0.2293 0.7371 1.0000	</row3>
				</transform>
			</node>
			<node>
				<identifier>	SP_YMS071_YHHC_S_1_INDEX_1	</identifier>
				<transform>
					<row0>	1.0000 0.0000 0.0000 0.0000	</row0>
					<row1>	0.0000 0.9995 -0.0317 0.0000	</row1>
					<row2>	0.0000 0.0317 0.9995 0.0000	</row2>
					<row3>	0.0000 0.2362 1.9602 1.0000	</row3>
				</transform>
			</node>
			<node>
				<identifier>	SP_YMS071_YHHC_S_1_INDEX_2	</identifier>
				<transform>
					<row0>	1.0000 0.0000 0.0000 0.0000	</row0>
					<row1>	0.0000 1.0000 -0.0042 0.0000	</row1>
					<row2>	0.0000 0.0042 1.0000 0.0000	</row2>
					<row3>	0.0000 0.2237 -1.6200 1.0000	</row3>
				</transform>
			</node>
			<node>
				<identifier>	SP_YMS085_YHSC_S_1	</identifier>
				<transform>
					<row0>	0.0046 0.0000 -0.4709 0.0000	</row0>
					<row1>	0.1349 0.4512 0.0013 0.0000	</row1>
					<row2>	0.4512 -0.1349 0.0044 0.0000	</row2>
					<row3>	-0.1642 0.2005 0.2586 1.0000	</row3>
				</transform>
			</node>
			<node>
				<identifier>	SP_YMS085_YHSC_S_1_INDEX_1	</identifier>
				<transform>
					<row0>	0.0046 0.0000 0.4709 0.0000	</row0>
					<row1>	-0.1349 0.4512 0.0013 0.0000	</row1>
					<row2>	-0.4512 -0.1349 0.0044 0.0000	</row2>
					<row3>	0.1642 0.2005 0.2586 1.0000	</row3>
				</transform>
			</node>
			<node>
				<identifier>	SP_YMS086_YSSC_L_1	</identifier>
				<transform>
					<row0>	-0.0433 0.0104 1.3031 0.0000	</row0>
					<row1>	0.0868 1.3009 -0.0075 0.0000	</row1>
					<row2>	-1.3002 0.0865 -0.0439 0.0000	</row2>
					<row3>	0.1470 0.2127 1.3574 1.0000	</row3>
				</transform>
			</node>
			<node>
				<identifier>	SP_YMS086_YSSC_L_1_INDEX_1	</identifier>
				<transform>
					<row0>	0.0495 -0.0047 -1.3705 0.0000	</row0>
					<row1>	-0.0002 1.3714 -0.0047 0.0000	</row1>
					<row2>	1.3705 0.0004 0.0495 0.0000	</row2>
					<row3>	-0.1287 0.2152 -1.6137 1.0000	</row3>
				</transform>
			</node>
			<node>
				<identifier>	SP_YMS086_YSSC_L_1_INDEX_2	</identifier>
				<transform>
					<row0>	-0.0433 -0.0104 -1.3031 0.0000	</row0>
					<row1>	-0.0868 1.3009 -0.0075 0.0000	</row1>
					<row2>	1.3002 0.0865 -0.0439 0.0000	</row2>
					<row3>	-0.1470 0.2127 1.3574 1.0000	</row3>
				</transform>
			</node>
			<node>
				<identifier>	SP_YMS086_YSSC_L_1_INDEX_3	</identifier>
				<transform>
					<row0>	0.0495 0.0047 1.3705 0.0000	</row0>
					<row1>	0.0002 1.3714 -0.0047 0.0000	</row1>
					<row2>	-1.3705 0.0004 0.0495 0.0000	</row2>
					<row3>	0.1287 0.2152 -1.6137 1.0000	</row3>
				</transform>
			</node>
			<node>
				<identifier>	SP_YMS095_YHZC_M_1	</identifier>
				<transform>
					<row0>	0.0000 0.0000 0.6785 0.0000	</row0>
					<row1>	0.0000 0.6785 0.0000 0.0000	</row1>
					<row2>	-0.6785 0.0000 0.0000 0.0000	</row2>
					<row3>	0.0901 0.2852 0.0480 1.0000	</row3>
				</transform>
			</node>
			<node>
				<identifier>	SP_YMS096_YHZC_S_1	</identifier>
				<transform>
					<row0>	0.0000 0.0000 -0.6779 0.0000	</row0>
					<row1>	0.0000 0.6779 0.0000 0.0000	</row1>
					<row2>	0.6779 0.0000 0.0000 0.0000	</row2>
					<row3>	-0.0911 0.2852 0.1409 1.0000	</row3>
				</transform>
			</node>
		</node>
	</node>
	<boundingBox>
		<min>	-0.0667 -0.0667 -0.0667	</min>
		<max>	0.0667 0.0667 0.0667	</max>
	</boundingBox>
</JSS005_I_56_1944_Bow_ports.visual>
