<ZSS301_Xing_Zhong_Guo_1955_MidFront_ports.visual>
	<node>
		<identifier>	Scene Root	</identifier>
		<transform>
			<row0>	1.0000 0.0000 0.0000 0.0000	</row0>
			<row1>	0.0000 1.0000 0.0000 0.0000	</row1>
			<row2>	0.0000 0.0000 1.0000 0.0000	</row2>
			<row3>	0.0000 0.0000 0.0000 1.0000	</row3>
		</transform>
		<node>
			<identifier>	MidFront_ports	</identifier>
			<transform>
				<row0>	1.0000 0.0000 0.0000 0.0000	</row0>
				<row1>	0.0000 1.0000 0.0000 0.0000	</row1>
				<row2>	0.0000 0.0000 1.0000 0.0000	</row2>
				<row3>	0.0000 0.0000 0.0000 1.0000	</row3>
			</transform>
			<node>
				<identifier>	HP_FX_Descent_3	</identifier>
				<transform>
					<row0>	-0.4946 -0.8691 0.0000 0.0000	</row0>
					<row1>	-0.8691 0.4946 0.0000 0.0000	</row1>
					<row2>	0.0000 0.0000 -1.0000 0.0000	</row2>
					<row3>	-0.1578 -0.0102 1.1022 1.0000	</row3>
				</transform>
			</node>
			<node>
				<identifier>	HP_FX_Fire_1	</identifier>
				<transform>
					<row0>	1.0000 0.0000 0.0000 0.0000	</row0>
					<row1>	0.0000 1.0000 0.0000 0.0000	</row1>
					<row2>	0.0000 0.0000 1.0000 0.0000	</row2>
					<row3>	0.0000 0.2708 0.4494 1.0000	</row3>
				</transform>
			</node>
			<node>
				<identifier>	HP_FX_Fire_2	</identifier>
				<transform>
					<row0>	1.0000 0.0000 0.0000 0.0000	</row0>
					<row1>	0.0000 1.0000 0.0000 0.0000	</row1>
					<row2>	0.0000 0.0000 1.0000 0.0000	</row2>
					<row3>	0.0000 0.2306 0.3051 1.0000	</row3>
				</transform>
			</node>
			<node>
				<identifier>	HP_FX_FloodLight_left_1	</identifier>
				<transform>
					<row0>	-1.0000 0.0000 0.0000 0.0000	</row0>
					<row1>	0.0000 1.0000 0.0000 0.0000	</row1>
					<row2>	0.0000 0.0000 -1.0000 0.0000	</row2>
					<row3>	-0.0719 0.2655 0.4958 1.0000	</row3>
				</transform>
			</node>
			<node>
				<identifier>	HP_FX_FloodLight_right_1	</identifier>
				<transform>
					<row0>	1.0000 0.0000 0.0000 0.0000	</row0>
					<row1>	0.0000 1.0000 0.0000 0.0000	</row1>
					<row2>	0.0000 0.0000 1.0000 0.0000	</row2>
					<row3>	0.0730 0.2517 0.4518 1.0000	</row3>
				</transform>
			</node>
			<node>
				<identifier>	HP_FX_Flood_water_left_2	</identifier>
				<transform>
					<row0>	-0.9607 -0.2775 0.0000 0.0000	</row0>
					<row1>	-0.2775 0.9607 0.0000 0.0000	</row1>
					<row2>	0.0000 0.0000 -1.0000 0.0000	</row2>
					<row3>	-0.1112 0.0745 1.0652 1.0000	</row3>
				</transform>
			</node>
			<node>
				<identifier>	HP_FX_Flood_water_right_2	</identifier>
				<transform>
					<row0>	0.9765 -0.2154 0.0000 0.0000	</row0>
					<row1>	0.2154 0.9765 0.0000 0.0000	</row1>
					<row2>	0.0000 0.0000 1.0000 0.0000	</row2>
					<row3>	0.1049 0.0821 1.2992 1.0000	</row3>
				</transform>
			</node>
			<node>
				<identifier>	HP_FX_Runoff_deluge_left_2	</identifier>
				<transform>
					<row0>	-0.9986 0.0000 0.0536 0.0000	</row0>
					<row1>	0.0000 1.0000 0.0000 0.0000	</row1>
					<row2>	-0.0536 0.0000 -0.9986 0.0000	</row2>
					<row3>	-0.1308 0.0388 1.2315 1.0000	</row3>
				</transform>
			</node>
			<node>
				<identifier>	HP_FX_Runoff_deluge_left_3	</identifier>
				<transform>
					<row0>	-0.9986 0.0000 0.0536 0.0000	</row0>
					<row1>	0.0000 1.0000 0.0000 0.0000	</row1>
					<row2>	-0.0536 0.0000 -0.9986 0.0000	</row2>
					<row3>	-0.1412 0.0372 0.9648 1.0000	</row3>
				</transform>
			</node>
			<node>
				<identifier>	HP_FX_Runoff_deluge_left_4	</identifier>
				<transform>
					<row0>	-0.9986 0.0000 0.0536 0.0000	</row0>
					<row1>	0.0000 1.0000 0.0000 0.0000	</row1>
					<row2>	-0.0536 0.0000 -0.9986 0.0000	</row2>
					<row3>	-0.1552 0.0386 0.6981 1.0000	</row3>
				</transform>
			</node>
			<node>
				<identifier>	HP_FX_Runoff_deluge_left_5	</identifier>
				<transform>
					<row0>	-0.9995 0.0000 0.0302 0.0000	</row0>
					<row1>	0.0000 1.0000 0.0000 0.0000	</row1>
					<row2>	-0.0302 0.0000 -0.9995 0.0000	</row2>
					<row3>	-0.1670 0.0373 0.4305 1.0000	</row3>
				</transform>
			</node>
			<node>
				<identifier>	HP_FX_Runoff_deluge_right_2	</identifier>
				<transform>
					<row0>	0.9986 0.0000 0.0536 0.0000	</row0>
					<row1>	0.0000 1.0000 0.0000 0.0000	</row1>
					<row2>	-0.0536 0.0000 0.9986 0.0000	</row2>
					<row3>	0.1309 0.0390 1.2314 1.0000	</row3>
				</transform>
			</node>
			<node>
				<identifier>	HP_FX_Runoff_deluge_right_3	</identifier>
				<transform>
					<row0>	0.9986 0.0000 0.0536 0.0000	</row0>
					<row1>	0.0000 1.0000 0.0000 0.0000	</row1>
					<row2>	-0.0536 0.0000 0.9986 0.0000	</row2>
					<row3>	0.1409 0.0370 0.9645 1.0000	</row3>
				</transform>
			</node>
			<node>
				<identifier>	HP_FX_Runoff_deluge_right_4	</identifier>
				<transform>
					<row0>	0.9986 0.0000 0.0536 0.0000	</row0>
					<row1>	0.0000 1.0000 0.0000 0.0000	</row1>
					<row2>	-0.0536 0.0000 0.9986 0.0000	</row2>
					<row3>	0.1549 0.0390 0.6977 1.0000	</row3>
				</transform>
			</node>
			<node>
				<identifier>	HP_FX_Runoff_deluge_right_5	</identifier>
				<transform>
					<row0>	0.9998 0.0000 0.0197 0.0000	</row0>
					<row1>	0.0000 1.0000 0.0000 0.0000	</row1>
					<row2>	-0.0197 0.0000 0.9998 0.0000	</row2>
					<row3>	0.1669 0.0370 0.4308 1.0000	</row3>
				</transform>
			</node>
			<node>
				<identifier>	HP_FX_Runoff_left	</identifier>
				<transform>
					<row0>	-0.9031 0.4294 -0.0014 0.0000	</row0>
					<row1>	0.4292 0.9026 -0.0321 0.0000	</row1>
					<row2>	-0.0125 -0.0296 -0.9995 0.0000	</row2>
					<row3>	-0.0893 0.1212 1.3898 1.0000	</row3>
				</transform>
			</node>
			<node>
				<identifier>	HP_FX_Runoff_left_1	</identifier>
				<transform>
					<row0>	-0.6987 0.7154 0.0087 0.0000	</row0>
					<row1>	0.7153 0.6987 -0.0093 0.0000	</row1>
					<row2>	-0.0127 -0.0003 -0.9999 0.0000	</row2>
					<row3>	-0.1054 0.1049 0.3598 1.0000	</row3>
				</transform>
			</node>
			<node>
				<identifier>	HP_FX_Runoff_right	</identifier>
				<transform>
					<row0>	0.9031 0.4294 -0.0012 0.0000	</row0>
					<row1>	-0.4292 0.9026 -0.0322 0.0000	</row1>
					<row2>	-0.0127 0.0296 0.9995 0.0000	</row2>
					<row3>	0.0890 0.1209 1.3893 1.0000	</row3>
				</transform>
			</node>
			<node>
				<identifier>	HP_FX_Runoff_right_1	</identifier>
				<transform>
					<row0>	0.6987 0.7154 0.0087 0.0000	</row0>
					<row1>	-0.7153 0.6987 -0.0093 0.0000	</row1>
					<row2>	-0.0127 0.0003 0.9999 0.0000	</row2>
					<row3>	0.1059 0.1049 0.3598 1.0000	</row3>
				</transform>
			</node>
			<node>
				<identifier>	HP_FX_Runoff_tower_left_2	</identifier>
				<transform>
					<row0>	-0.9999 0.0000 0.0044 0.0000	</row0>
					<row1>	0.0000 1.0000 0.0000 0.0000	</row1>
					<row2>	-0.0044 0.0000 -0.9999 0.0000	</row2>
					<row3>	-0.0722 0.3324 0.4780 1.0000	</row3>
				</transform>
			</node>
			<node>
				<identifier>	HP_FX_Runoff_tower_right_2	</identifier>
				<transform>
					<row0>	-1.0000 0.0000 0.0044 0.0000	</row0>
					<row1>	0.0000 1.0000 0.0000 0.0000	</row1>
					<row2>	-0.0044 0.0000 -1.0000 0.0000	</row2>
					<row3>	0.0720 0.3328 0.4778 1.0000	</row3>
				</transform>
			</node>
			<node>
				<identifier>	HP_FX_WakeTrace_periscope	</identifier>
				<transform>
					<row0>	1.0000 0.0000 0.0000 0.0000	</row0>
					<row1>	0.0000 1.0000 0.0000 0.0000	</row1>
					<row2>	0.0000 0.0000 1.0000 0.0000	</row2>
					<row3>	0.0000 0.4164 0.5020 1.0000	</row3>
				</transform>
			</node>
			<node>
				<identifier>	HP_FX_WakeTrace_tower	</identifier>
				<transform>
					<row0>	1.0000 0.0000 0.0000 0.0000	</row0>
					<row1>	0.0000 1.0000 0.0000 0.0000	</row1>
					<row2>	0.0000 0.0000 1.0000 0.0000	</row2>
					<row3>	-0.0016 0.1091 0.6517 1.0000	</row3>
				</transform>
			</node>
			<node>
				<identifier>	HP_Flagpole	</identifier>
				<transform>
					<row0>	0.3610 0.0000 0.0000 0.0000	</row0>
					<row1>	0.0000 0.3610 0.0000 0.0000	</row1>
					<row2>	0.0000 0.0000 0.3610 0.0000	</row2>
					<row3>	-0.0548 0.6851 0.4219 1.0000	</row3>
				</transform>
			</node>
			<node>
				<identifier>	HP_flag_1	</identifier>
				<transform>
					<row0>	0.9969 0.0783 -0.0037 0.0000	</row0>
					<row1>	-0.0783 0.9926 -0.0929 0.0000	</row1>
					<row2>	-0.0037 0.0929 0.9957 0.0000	</row2>
					<row3>	-0.0882 0.6586 0.4307 1.0000	</row3>
				</transform>
			</node>
			<node>
				<identifier>	HP_flag_2	</identifier>
				<transform>
					<row0>	0.9948 -0.1022 0.0020 0.0000	</row0>
					<row1>	0.1022 0.9940 -0.0397 0.0000	</row1>
					<row2>	0.0020 0.0397 0.9992 0.0000	</row2>
					<row3>	-0.0232 0.6584 0.4298 1.0000	</row3>
				</transform>
			</node>
			<node>
				<identifier>	HP_flag_3	</identifier>
				<transform>
					<row0>	0.9993 0.0364 -0.0014 0.0000	</row0>
					<row1>	-0.0364 0.9965 -0.0759 0.0000	</row1>
					<row2>	-0.0014 0.0759 0.9971 0.0000	</row2>
					<row3>	-0.0730 0.6585 0.4308 1.0000	</row3>
				</transform>
			</node>
			<node>
				<identifier>	HP_flag_4	</identifier>
				<transform>
					<row0>	0.9980 -0.0628 0.0018 0.0000	</row0>
					<row1>	0.0628 0.9964 -0.0570 0.0000	</row1>
					<row2>	0.0018 0.0570 0.9984 0.0000	</row2>
					<row3>	-0.0374 0.6584 0.4302 1.0000	</row3>
				</transform>
			</node>
			<node>
				<identifier>	HP_flag_courtesy	</identifier>
				<transform>
					<row0>	0.9900 -0.1408 0.0016 0.0000	</row0>
					<row1>	0.1408 0.9898 -0.0227 0.0000	</row1>
					<row2>	0.0016 0.0227 0.9997 0.0000	</row2>
					<row3>	-0.0091 0.6586 0.4297 1.0000	</row3>
				</transform>
			</node>
			<node>
				<identifier>	HP_flag_house	</identifier>
				<transform>
					<row0>	0.9928 0.1192 -0.0064 0.0000	</row0>
					<row1>	-0.1192 0.9871 -0.1067 0.0000	</row1>
					<row2>	-0.0064 0.1067 0.9943 0.0000	</row2>
					<row3>	-0.1036 0.6584 0.4300 1.0000	</row3>
				</transform>
			</node>
			<node>
				<identifier>	HP_flag_nation	</identifier>
				<transform>
					<row0>	0.9993 0.0383 -0.0022 0.0000	</row0>
					<row1>	-0.0383 0.9924 -0.1171 0.0000	</row1>
					<row2>	-0.0022 0.1171 0.9931 0.0000	</row2>
					<row3>	0.0000 0.4016 0.1537 1.0000	</row3>
				</transform>
			</node>
			<node>
				<identifier>	HP_flag_rank	</identifier>
				<transform>
					<row0>	0.9993 0.0383 -0.0022 0.0000	</row0>
					<row1>	-0.0383 0.9924 -0.1171 0.0000	</row1>
					<row2>	-0.0022 0.1171 0.9931 0.0000	</row2>
					<row3>	0.0020 0.3480 0.1601 1.0000	</row3>
				</transform>
			</node>
		</node>
	</node>
	<boundingBox>
		<min>	-0.0667 -0.0667 -0.0667	</min>
		<max>	0.0667 0.0667 0.0667	</max>
	</boundingBox>
</ZSS301_Xing_Zhong_Guo_1955_MidFront_ports.visual>
