<ZSS301_Xing_Zhong_Guo_1955_Stern_ports.visual>
	<node>
		<identifier>	Scene Root	</identifier>
		<transform>
			<row0>	1.0000 0.0000 0.0000 0.0000	</row0>
			<row1>	0.0000 1.0000 0.0000 0.0000	</row1>
			<row2>	0.0000 0.0000 1.0000 0.0000	</row2>
			<row3>	0.0000 0.0000 0.0000 1.0000	</row3>
		</transform>
		<node>
			<identifier>	Stern_ports	</identifier>
			<transform>
				<row0>	1.0000 0.0000 0.0000 0.0000	</row0>
				<row1>	0.0000 1.0000 0.0000 0.0000	</row1>
				<row2>	0.0000 0.0000 1.0000 0.0000	</row2>
				<row3>	0.0000 0.0000 0.0000 1.0000	</row3>
			</transform>
			<node>
				<identifier>	HP_FX_Death_3	</identifier>
				<transform>
					<row0>	1.0000 0.0000 0.0000 0.0000	</row0>
					<row1>	0.0000 1.0000 0.0000 0.0000	</row1>
					<row2>	0.0000 0.0000 1.0000 0.0000	</row2>
					<row3>	0.0000 0.0000 -1.4253 1.0000	</row3>
				</transform>
			</node>
			<node>
				<identifier>	HP_FX_Flood_steam_2	</identifier>
				<transform>
					<row0>	0.5767 0.8169 0.0000 0.0000	</row0>
					<row1>	-0.8169 0.5767 0.0000 0.0000	</row1>
					<row2>	0.0000 0.0000 1.0000 0.0000	</row2>
					<row3>	-0.1125 0.0810 -1.3011 1.0000	</row3>
				</transform>
			</node>
			<node>
				<identifier>	HP_FX_Flood_water_left	</identifier>
				<transform>
					<row0>	-0.9795 -0.2015 0.0000 0.0000	</row0>
					<row1>	-0.2015 0.9795 0.0000 0.0000	</row1>
					<row2>	0.0000 0.0000 -1.0000 0.0000	</row2>
					<row3>	-0.0616 0.0596 -2.1656 1.0000	</row3>
				</transform>
			</node>
			<node>
				<identifier>	HP_FX_Oil	</identifier>
				<transform>
					<row0>	0.8046 -0.5938 0.0000 0.0000	</row0>
					<row1>	0.5938 0.8046 0.0000 0.0000	</row1>
					<row2>	0.0000 0.0000 1.0000 0.0000	</row2>
					<row3>	0.0596 0.0584 -2.1656 1.0000	</row3>
				</transform>
			</node>
			<node>
				<identifier>	HP_FX_Runoff_deluge_left_11	</identifier>
				<transform>
					<row0>	-0.9983 0.0000 -0.0579 0.0000	</row0>
					<row1>	0.0000 1.0000 0.0000 0.0000	</row1>
					<row2>	0.0579 0.0000 -0.9983 0.0000	</row2>
					<row3>	-0.1434 0.0382 -1.2682 1.0000	</row3>
				</transform>
			</node>
			<node>
				<identifier>	HP_FX_Runoff_deluge_left_12	</identifier>
				<transform>
					<row0>	-0.9969 0.0000 -0.0790 0.0000	</row0>
					<row1>	0.0000 1.0000 0.0000 0.0000	</row1>
					<row2>	0.0790 0.0000 -0.9969 0.0000	</row2>
					<row3>	-0.1094 0.0368 -1.7683 1.0000	</row3>
				</transform>
			</node>
			<node>
				<identifier>	HP_FX_Runoff_deluge_right_11	</identifier>
				<transform>
					<row0>	0.9983 0.0000 -0.0581 0.0000	</row0>
					<row1>	0.0000 1.0000 0.0000 0.0000	</row1>
					<row2>	0.0581 0.0000 0.9983 0.0000	</row2>
					<row3>	0.1439 0.0380 -1.2684 1.0000	</row3>
				</transform>
			</node>
			<node>
				<identifier>	HP_FX_Runoff_deluge_right_12	</identifier>
				<transform>
					<row0>	0.9969 0.0000 -0.0790 0.0000	</row0>
					<row1>	0.0000 1.0000 0.0000 0.0000	</row1>
					<row2>	0.0790 0.0000 0.9969 0.0000	</row2>
					<row3>	0.1089 0.0370 -1.7681 1.0000	</row3>
				</transform>
			</node>
			<node>
				<identifier>	HP_FX_Smoke	</identifier>
				<transform>
					<row0>	0.0000 -1.0000 0.0000 0.0000	</row0>
					<row1>	1.0000 0.0000 0.0000 0.0000	</row1>
					<row2>	0.0000 0.0000 1.0000 0.0000	</row2>
					<row3>	0.1079 0.0890 -1.1764 1.0000	</row3>
				</transform>
			</node>
			<node>
				<identifier>	HP_FX_Smoke_1	</identifier>
				<transform>
					<row0>	0.0000 1.0000 0.0000 0.0000	</row0>
					<row1>	-1.0000 0.0000 0.0000 0.0000	</row1>
					<row2>	0.0000 0.0000 1.0000 0.0000	</row2>
					<row3>	-0.1079 0.0890 -1.1754 1.0000	</row3>
				</transform>
			</node>
			<node>
				<identifier>	HP_FX_WakeTraceBack	</identifier>
				<transform>
					<row0>	1.0000 0.0000 0.0000 0.0000	</row0>
					<row1>	0.0000 1.0000 0.0000 0.0000	</row1>
					<row2>	0.0000 0.0000 1.0000 0.0000	</row2>
					<row3>	0.0000 0.0000 -2.5437 1.0000	</row3>
				</transform>
			</node>
			<node>
				<identifier>	HP_FX_WakeTrace_screw_1	</identifier>
				<transform>
					<row0>	1.0000 0.0000 0.0000 0.0000	</row0>
					<row1>	0.0000 1.0000 0.0000 0.0000	</row1>
					<row2>	0.0000 0.0000 1.0000 0.0000	</row2>
					<row3>	-0.0760 -0.1540 -1.9908 1.0000	</row3>
				</transform>
			</node>
			<node>
				<identifier>	HP_FX_WakeTrace_screw_2	</identifier>
				<transform>
					<row0>	1.0000 0.0000 0.0000 0.0000	</row0>
					<row1>	0.0000 1.0000 0.0000 0.0000	</row1>
					<row2>	0.0000 0.0000 1.0000 0.0000	</row2>
					<row3>	0.0760 -0.1540 -1.9908 1.0000	</row3>
				</transform>
			</node>
			<node>
				<identifier>	HP_Torp_Cap_5	</identifier>
				<transform>
					<row0>	1.0000 0.0000 0.0000 0.0000	</row0>
					<row1>	0.0000 1.0000 0.0000 0.0000	</row1>
					<row2>	0.0000 0.0000 1.0000 0.0000	</row2>
					<row3>	-0.0316 -0.0361 -2.2879 1.0000	</row3>
				</transform>
			</node>
			<node>
				<identifier>	HP_Torp_Cap_6	</identifier>
				<transform>
					<row0>	1.0000 0.0000 0.0000 0.0000	</row0>
					<row1>	0.0000 1.0000 0.0000 0.0000	</row1>
					<row2>	0.0000 0.0000 1.0000 0.0000	</row2>
					<row3>	0.0316 -0.0361 -2.2879 1.0000	</row3>
				</transform>
			</node>
			<node>
				<identifier>	HP_ZGT_5	</identifier>
				<transform>
					<row0>	-1.0000 0.0000 0.0000 0.0000	</row0>
					<row1>	0.0000 1.0000 0.0000 0.0000	</row1>
					<row2>	0.0000 0.0000 -1.0000 0.0000	</row2>
					<row3>	-0.0316 -0.0361 -1.7082 1.0000	</row3>
				</transform>
			</node>
			<node>
				<identifier>	HP_ZGT_6	</identifier>
				<transform>
					<row0>	-1.0000 0.0000 0.0000 0.0000	</row0>
					<row1>	0.0000 1.0000 0.0000 0.0000	</row1>
					<row2>	0.0000 0.0000 -1.0000 0.0000	</row2>
					<row3>	0.0316 -0.0361 -1.7082 1.0000	</row3>
				</transform>
			</node>
			<node>
				<identifier>	MP_ZM5002_21K_45mm_Sub	</identifier>
				<transform>
					<row0>	-1.0000 0.0000 0.0000 0.0000	</row0>
					<row1>	0.0000 1.0000 0.0000 0.0000	</row1>
					<row2>	0.0000 0.0000 -1.0000 0.0000	</row2>
					<row3>	0.0000 0.2360 0.2892 1.0000	</row3>
				</transform>
			</node>
			<node>
				<identifier>	MP_ZM5003_Gun_Cap	</identifier>
				<transform>
					<row0>	-0.5164 -0.0002 0.0008 0.0000	</row0>
					<row1>	0.0008 0.0365 0.5151 0.0000	</row1>
					<row2>	-0.0003 0.5151 -0.0365 0.0000	</row2>
					<row3>	0.0000 0.4097 0.3011 1.0000	</row3>
				</transform>
			</node>
			<node>
				<identifier>	MP_ZM852_Running_Lights_B	</identifier>
				<transform>
					<row0>	-1.1462 0.0000 0.0000 0.0000	</row0>
					<row1>	0.0000 1.1462 0.0000 0.0000	</row1>
					<row2>	0.0000 0.0000 -1.1462 0.0000	</row2>
					<row3>	0.0000 0.1909 0.2020 1.0000	</row3>
				</transform>
			</node>
		</node>
	</node>
	<boundingBox>
		<min>	-0.0667 -0.0667 -0.0667	</min>
		<max>	0.0667 0.0667 0.0667	</max>
	</boundingBox>
</ZSS301_Xing_Zhong_Guo_1955_Stern_ports.visual>
