<BSB017_Monarch_1945_MidBack_ports.visual>
	<node>
		<identifier>	Scene Root	</identifier>
		<transform>
			<row0>	1.0000 0.0000 0.0000 0.0000	</row0>
			<row1>	0.0000 1.0000 0.0000 0.0000	</row1>
			<row2>	0.0000 0.0000 1.0000 0.0000	</row2>
			<row3>	0.0000 0.0000 0.0000 1.0000	</row3>
		</transform>
		<node>
			<identifier>	MidBack_ports	</identifier>
			<transform>
				<row0>	1.0000 0.0000 0.0000 0.0000	</row0>
				<row1>	0.0000 1.0000 0.0000 0.0000	</row1>
				<row2>	0.0000 0.0000 1.0000 0.0000	</row2>
				<row3>	0.0000 0.0000 0.0000 1.0000	</row3>
			</transform>
			<node>
				<identifier>	HP_BD_19	</identifier>
				<transform>
					<row0>	-0.9848 0.0000 0.1736 0.0000	</row0>
					<row1>	0.0000 1.0000 0.0000 0.0000	</row1>
					<row2>	-0.1736 0.0000 -0.9848 0.0000	</row2>
					<row3>	-0.2529 0.9854 -2.8498 1.0000	</row3>
				</transform>
			</node>
			<node>
				<identifier>	HP_BD_20	</identifier>
				<transform>
					<row0>	-0.9848 0.0000 -0.1736 0.0000	</row0>
					<row1>	0.0000 1.0000 0.0000 0.0000	</row1>
					<row2>	0.1736 0.0000 -0.9848 0.0000	</row2>
					<row3>	0.2533 0.9854 -2.8498 1.0000	</row3>
				</transform>
			</node>
			<node>
				<identifier>	HP_BD_21	</identifier>
				<transform>
					<row0>	-1.0000 0.0000 0.0000 0.0000	</row0>
					<row1>	0.0000 1.0000 0.0000 0.0000	</row1>
					<row2>	0.0000 0.0000 -1.0000 0.0000	</row2>
					<row3>	0.0000 1.1332 -2.9799 1.0000	</row3>
				</transform>
			</node>
			<node>
				<identifier>	HP_BD_22	</identifier>
				<transform>
					<row0>	-1.0000 0.0000 0.0000 0.0000	</row0>
					<row1>	0.0000 1.0000 0.0000 0.0000	</row1>
					<row2>	0.0000 0.0000 -1.0000 0.0000	</row2>
					<row3>	0.0000 0.8189 -3.3041 1.0000	</row3>
				</transform>
			</node>
			<node>
				<identifier>	HP_BGA_30	</identifier>
				<transform>
					<row0>	0.0000 0.0000 1.0000 0.0000	</row0>
					<row1>	0.0000 1.0000 0.0000 0.0000	</row1>
					<row2>	-1.0000 0.0000 0.0000 0.0000	</row2>
					<row3>	-0.2804 0.9157 -1.4067 1.0000	</row3>
				</transform>
			</node>
			<node>
				<identifier>	HP_BGA_31	</identifier>
				<transform>
					<row0>	0.0000 0.0000 -1.0000 0.0000	</row0>
					<row1>	0.0000 1.0000 0.0000 0.0000	</row1>
					<row2>	1.0000 0.0000 0.0000 0.0000	</row2>
					<row3>	0.2804 0.9157 -1.4067 1.0000	</row3>
				</transform>
			</node>
			<node>
				<identifier>	HP_BGA_32	</identifier>
				<transform>
					<row0>	0.5736 0.0000 0.8192 0.0000	</row0>
					<row1>	0.0000 1.0000 0.0000 0.0000	</row1>
					<row2>	-0.8192 0.0000 0.5736 0.0000	</row2>
					<row3>	-0.1996 1.1568 -1.4576 1.0000	</row3>
				</transform>
			</node>
			<node>
				<identifier>	HP_BGA_33	</identifier>
				<transform>
					<row0>	0.5736 0.0000 -0.8192 0.0000	</row0>
					<row1>	0.0000 1.0000 0.0000 0.0000	</row1>
					<row2>	0.8192 0.0000 0.5736 0.0000	</row2>
					<row3>	0.1996 1.1568 -1.4576 1.0000	</row3>
				</transform>
			</node>
			<node>
				<identifier>	HP_BGA_34	</identifier>
				<transform>
					<row0>	-0.4226 0.0000 0.9063 0.0000	</row0>
					<row1>	0.0000 1.0000 0.0000 0.0000	</row1>
					<row2>	-0.9063 0.0000 -0.4226 0.0000	</row2>
					<row3>	-0.2778 0.6795 -3.0453 1.0000	</row3>
				</transform>
			</node>
			<node>
				<identifier>	HP_BGA_35	</identifier>
				<transform>
					<row0>	-0.4226 0.0000 -0.9063 0.0000	</row0>
					<row1>	0.0000 1.0000 0.0000 0.0000	</row1>
					<row2>	0.9063 0.0000 -0.4226 0.0000	</row2>
					<row3>	0.2778 0.6795 -3.0453 1.0000	</row3>
				</transform>
			</node>
			<node>
				<identifier>	HP_BGA_36	</identifier>
				<transform>
					<row0>	-0.7071 0.0000 0.7071 0.0000	</row0>
					<row1>	0.0000 1.0000 0.0000 0.0000	</row1>
					<row2>	-0.7071 0.0000 -0.7071 0.0000	</row2>
					<row3>	-0.7799 0.3359 -2.9273 1.0000	</row3>
				</transform>
			</node>
			<node>
				<identifier>	HP_BGA_37	</identifier>
				<transform>
					<row0>	-0.7071 0.0000 -0.7071 0.0000	</row0>
					<row1>	0.0000 1.0000 0.0000 0.0000	</row1>
					<row2>	0.7071 0.0000 -0.7071 0.0000	</row2>
					<row3>	0.7799 0.3359 -2.9273 1.0000	</row3>
				</transform>
			</node>
			<node>
				<identifier>	HP_BGA_38	</identifier>
				<transform>
					<row0>	-1.0000 0.0000 0.0000 0.0000	</row0>
					<row1>	0.0000 1.0000 0.0000 0.0000	</row1>
					<row2>	0.0000 0.0000 -1.0000 0.0000	</row2>
					<row3>	-0.6312 0.3465 -4.9279 1.0000	</row3>
				</transform>
			</node>
			<node>
				<identifier>	HP_BGA_39	</identifier>
				<transform>
					<row0>	-1.0000 0.0000 0.0000 0.0000	</row0>
					<row1>	0.0000 1.0000 0.0000 0.0000	</row1>
					<row2>	0.0000 0.0000 -1.0000 0.0000	</row2>
					<row3>	0.6312 0.3465 -4.9279 1.0000	</row3>
				</transform>
			</node>
			<node>
				<identifier>	HP_BGM_3	</identifier>
				<transform>
					<row0>	-1.0000 0.0000 0.0000 0.0000	</row0>
					<row1>	0.0000 1.0000 0.0000 0.0000	</row1>
					<row2>	0.0000 0.0000 -1.0000 0.0000	</row2>
					<row3>	0.0000 0.4023 -4.0421 1.0000	</row3>
				</transform>
			</node>
			<node>
				<identifier>	HP_BGS_5	</identifier>
				<transform>
					<row0>	-1.0000 0.0000 0.0000 0.0000	</row0>
					<row1>	0.0000 1.0000 0.0000 0.0000	</row1>
					<row2>	0.0000 0.0000 -1.0000 0.0000	</row2>
					<row3>	-0.8223 0.5013 -1.5337 1.0000	</row3>
				</transform>
			</node>
			<node>
				<identifier>	HP_BGS_6	</identifier>
				<transform>
					<row0>	-1.0000 0.0000 0.0000 0.0000	</row0>
					<row1>	0.0000 1.0000 0.0000 0.0000	</row1>
					<row2>	0.0000 0.0000 -1.0000 0.0000	</row2>
					<row3>	0.8223 0.5013 -1.5337 1.0000	</row3>
				</transform>
			</node>
			<node>
				<identifier>	HP_BGS_7	</identifier>
				<transform>
					<row0>	-1.0000 0.0000 0.0000 0.0000	</row0>
					<row1>	0.0000 1.0000 0.0000 0.0000	</row1>
					<row2>	0.0000 0.0000 -1.0000 0.0000	</row2>
					<row3>	-0.7684 0.3530 -2.2321 1.0000	</row3>
				</transform>
			</node>
			<node>
				<identifier>	HP_BGS_8	</identifier>
				<transform>
					<row0>	-1.0000 0.0000 0.0000 0.0000	</row0>
					<row1>	0.0000 1.0000 0.0000 0.0000	</row1>
					<row2>	0.0000 0.0000 -1.0000 0.0000	</row2>
					<row3>	0.7685 0.3530 -2.2321 1.0000	</row3>
				</transform>
			</node>
			<node>
				<identifier>	HP_BRS_3	</identifier>
				<transform>
					<row0>	-1.0000 0.0000 0.0000 0.0000	</row0>
					<row1>	0.0000 1.0000 0.0000 0.0000	</row1>
					<row2>	0.0000 0.0000 -1.0000 0.0000	</row2>
					<row3>	0.0000 2.3513 -2.6520 1.0000	</row3>
				</transform>
			</node>
			<node>
				<identifier>	HP_BRS_4	</identifier>
				<transform>
					<row0>	-1.0000 0.0000 0.0000 0.0000	</row0>
					<row1>	0.0000 1.0000 0.0000 0.0000	</row1>
					<row2>	0.0000 0.0000 -1.0000 0.0000	</row2>
					<row3>	0.0000 2.3710 -2.6520 1.0000	</row3>
				</transform>
			</node>
			<node>
				<identifier>	HP_FX_Death_3	</identifier>
				<transform>
					<row0>	1.0000 0.0000 0.0000 0.0000	</row0>
					<row1>	0.0000 1.0000 0.0000 0.0000	</row1>
					<row2>	0.0000 0.0000 1.0000 0.0000	</row2>
					<row3>	0.0000 0.0000 -5.0653 1.0000	</row3>
				</transform>
			</node>
			<node>
				<identifier>	HP_FX_Fire_3	</identifier>
				<transform>
					<row0>	1.0000 0.0000 0.0000 0.0000	</row0>
					<row1>	0.0000 1.0000 0.0000 0.0000	</row1>
					<row2>	0.0000 0.0000 1.0000 0.0000	</row2>
					<row3>	0.0000 0.6831 -3.0085 1.0000	</row3>
				</transform>
			</node>
			<node>
				<identifier>	HP_FX_Fire_3_side_1	</identifier>
				<transform>
					<row0>	0.9981 0.0000 -0.0623 0.0000	</row0>
					<row1>	0.0000 1.0000 0.0000 0.0000	</row1>
					<row2>	0.0623 0.0000 0.9981 0.0000	</row2>
					<row3>	0.9058 0.3974 -2.5730 1.0000	</row3>
				</transform>
			</node>
			<node>
				<identifier>	HP_FX_Fire_3_side_2	</identifier>
				<transform>
					<row0>	0.9981 0.0000 0.0623 0.0000	</row0>
					<row1>	0.0000 1.0000 0.0000 0.0000	</row1>
					<row2>	-0.0623 0.0000 0.9981 0.0000	</row2>
					<row3>	-0.7645 0.3446 -3.4325 1.0000	</row3>
				</transform>
			</node>
			<node>
				<identifier>	HP_FX_FloodLight_left_2	</identifier>
				<transform>
					<row0>	-1.0000 0.0000 0.0000 0.0000	</row0>
					<row1>	0.0000 1.0000 0.0000 0.0000	</row1>
					<row2>	0.0000 0.0000 -1.0000 0.0000	</row2>
					<row3>	-0.5597 0.5159 -2.6257 1.0000	</row3>
				</transform>
			</node>
			<node>
				<identifier>	HP_FX_FloodLight_right_2	</identifier>
				<transform>
					<row0>	1.0000 0.0000 0.0000 0.0000	</row0>
					<row1>	0.0000 1.0000 0.0000 0.0000	</row1>
					<row2>	0.0000 0.0000 1.0000 0.0000	</row2>
					<row3>	0.5597 0.5222 -2.6257 1.0000	</row3>
				</transform>
			</node>
			<node>
				<identifier>	HP_FX_Flood_steam_1	</identifier>
				<transform>
					<row0>	1.0000 0.0000 0.0000 0.0000	</row0>
					<row1>	0.0000 0.9841 -0.1774 0.0000	</row1>
					<row2>	0.0000 0.1774 0.9841 0.0000	</row2>
					<row3>	0.0000 1.5905 -1.7160 1.0000	</row3>
				</transform>
			</node>
			<node>
				<identifier>	HP_FX_Flood_steam_right	</identifier>
				<transform>
					<row0>	1.0000 0.0000 0.0000 0.0000	</row0>
					<row1>	0.0000 1.0000 0.0000 0.0000	</row1>
					<row2>	0.0000 0.0000 1.0000 0.0000	</row2>
					<row3>	0.8616 0.2809 -4.7226 1.0000	</row3>
				</transform>
			</node>
			<node>
				<identifier>	HP_FX_Flood_water_left	</identifier>
				<transform>
					<row0>	-1.0000 0.0000 0.0000 0.0000	</row0>
					<row1>	0.0000 1.0000 0.0000 0.0000	</row1>
					<row2>	0.0000 0.0000 -1.0000 0.0000	</row2>
					<row3>	-0.8423 0.0280 -4.1940 1.0000	</row3>
				</transform>
			</node>
			<node>
				<identifier>	HP_FX_Flood_water_left_4	</identifier>
				<transform>
					<row0>	-1.0000 0.0000 0.0000 0.0000	</row0>
					<row1>	0.0000 1.0000 0.0000 0.0000	</row1>
					<row2>	0.0000 0.0000 -1.0000 0.0000	</row2>
					<row3>	-0.9804 0.0267 -2.6284 1.0000	</row3>
				</transform>
			</node>
			<node>
				<identifier>	HP_FX_Flood_water_right	</identifier>
				<transform>
					<row0>	1.0000 0.0000 0.0000 0.0000	</row0>
					<row1>	0.0000 1.0000 0.0000 0.0000	</row1>
					<row2>	0.0000 0.0000 1.0000 0.0000	</row2>
					<row3>	0.8417 0.0256 -4.1935 1.0000	</row3>
				</transform>
			</node>
			<node>
				<identifier>	HP_FX_Flood_water_right_4	</identifier>
				<transform>
					<row0>	1.0000 0.0000 0.0000 0.0000	</row0>
					<row1>	0.0000 1.0000 0.0000 0.0000	</row1>
					<row2>	0.0000 0.0000 1.0000 0.0000	</row2>
					<row3>	0.9818 0.0257 -2.6282 1.0000	</row3>
				</transform>
			</node>
			<node>
				<identifier>	HP_FX_RepairLight_left_2	</identifier>
				<transform>
					<row0>	-0.1150 0.0000 0.9934 0.0000	</row0>
					<row1>	-0.4089 0.9114 -0.0474 0.0000	</row1>
					<row2>	-0.9053 -0.4116 -0.1048 0.0000	</row2>
					<row3>	-0.8373 0.3404 -4.9045 1.0000	</row3>
				</transform>
			</node>
			<node>
				<identifier>	HP_FX_RepairLight_right_2	</identifier>
				<transform>
					<row0>	-0.0677 0.0000 -0.9977 0.0000	</row0>
					<row1>	0.0084 1.0000 -0.0006 0.0000	</row1>
					<row2>	0.9977 -0.0084 -0.0677 0.0000	</row2>
					<row3>	0.9497 0.3338 -3.6558 1.0000	</row3>
				</transform>
			</node>
			<node>
				<identifier>	HP_FX_Smoke_2	</identifier>
				<transform>
					<row0>	1.0000 0.0000 0.0000 0.0000	</row0>
					<row1>	0.0000 1.0000 0.0000 0.0000	</row1>
					<row2>	0.0000 0.0000 1.0000 0.0000	</row2>
					<row3>	0.0000 1.5339 -1.5213 1.0000	</row3>
				</transform>
			</node>
			<node>
				<identifier>	HP_Ship_death_2	</identifier>
				<transform>
					<row0>	1.0000 0.0000 0.0000 0.0000	</row0>
					<row1>	0.0000 1.0000 0.0000 0.0000	</row1>
					<row2>	0.0000 0.0000 1.0000 0.0000	</row2>
					<row3>	0.0000 0.0000 -1.3556 1.0000	</row3>
				</transform>
			</node>
			<node>
				<identifier>	HP_flag_nation	</identifier>
				<transform>
					<row0>	0.9940 -0.1097 0.0051 0.0000	</row0>
					<row1>	0.1097 0.9896 -0.0928 0.0000	</row1>
					<row2>	0.0051 0.0928 0.9957 0.0000	</row2>
					<row3>	-0.0009 2.0769 -3.0871 1.0000	</row3>
				</transform>
			</node>
			<node>
				<identifier>	MP_BM004_Reels	</identifier>
				<transform>
					<row0>	-1.6000 0.0000 0.0000 0.0000	</row0>
					<row1>	0.0000 1.6000 0.0000 0.0000	</row1>
					<row2>	0.0000 0.0000 -1.6000 0.0000	</row2>
					<row3>	-0.7217 0.3307 -2.5454 1.0000	</row3>
				</transform>
			</node>
			<node>
				<identifier>	MP_BM004_Reels_INDEX_1	</identifier>
				<transform>
					<row0>	-1.0612 0.0000 -1.0601 0.0000	</row0>
					<row1>	1.0601 0.0000 -1.0612 0.0000	</row1>
					<row2>	0.0000 -1.5000 0.0000 0.0000	</row2>
					<row3>	0.4523 0.5369 -3.0149 1.0000	</row3>
				</transform>
			</node>
			<node>
				<identifier>	MP_BM004_Reels_INDEX_2	</identifier>
				<transform>
					<row0>	-1.0612 0.0000 1.0601 0.0000	</row0>
					<row1>	-1.0601 0.0000 -1.0612 0.0000	</row1>
					<row2>	0.0000 -1.5000 0.0000 0.0000	</row2>
					<row3>	-0.4523 0.5369 -3.0149 1.0000	</row3>
				</transform>
			</node>
			<node>
				<identifier>	MP_BM004_Reels_INDEX_3	</identifier>
				<transform>
					<row0>	-1.6000 0.0000 0.0000 0.0000	</row0>
					<row1>	0.0000 1.6000 0.0000 0.0000	</row1>
					<row2>	0.0000 0.0000 -1.6000 0.0000	</row2>
					<row3>	0.7322 0.3290 -2.5026 1.0000	</row3>
				</transform>
			</node>
			<node>
				<identifier>	MP_BM038_Helmets	</identifier>
				<transform>
					<row0>	0.0000 0.0000 -1.0000 0.0000	</row0>
					<row1>	0.0000 1.0000 0.0000 0.0000	</row1>
					<row2>	1.0000 0.0000 0.0000 0.0000	</row2>
					<row3>	-0.0956 1.1425 -3.0860 1.0000	</row3>
				</transform>
			</node>
			<node>
				<identifier>	MP_BM038_Helmets_INDEX_1	</identifier>
				<transform>
					<row0>	0.0000 0.0000 -1.0000 0.0000	</row0>
					<row1>	0.0000 1.0000 0.0000 0.0000	</row1>
					<row2>	1.0000 0.0000 0.0000 0.0000	</row2>
					<row3>	-0.0780 1.1705 -1.2433 1.0000	</row3>
				</transform>
			</node>
			<node>
				<identifier>	MP_BM420_Ammobox_for_BGM056	</identifier>
				<transform>
					<row0>	1.0000 0.0000 0.0000 0.0000	</row0>
					<row1>	0.0000 1.0000 0.0000 0.0000	</row1>
					<row2>	0.0000 0.0000 1.0000 0.0000	</row2>
					<row3>	0.5019 0.3379 -3.5603 1.0000	</row3>
				</transform>
			</node>
			<node>
				<identifier>	MP_BM502_Pinnace_45ft	</identifier>
				<transform>
					<row0>	0.9971 0.0000 -0.0764 0.0000	</row0>
					<row1>	0.0000 1.0000 0.0000 0.0000	</row1>
					<row2>	0.0764 0.0000 0.9971 0.0000	</row2>
					<row3>	0.4850 0.6870 -2.1426 1.0000	</row3>
				</transform>
			</node>
			<node>
				<identifier>	MP_BM504_Motor_Boat_45ft	</identifier>
				<transform>
					<row0>	0.9982 0.0000 -0.0600 0.0000	</row0>
					<row1>	0.0000 1.0000 0.0000 0.0000	</row1>
					<row2>	0.0600 0.0000 0.9982 0.0000	</row2>
					<row3>	-0.2874 0.6838 -2.0714 1.0000	</row3>
				</transform>
			</node>
			<node>
				<identifier>	MP_BM504_Motor_Boat_45ft_INDEX_1	</identifier>
				<transform>
					<row0>	0.9998 0.0000 0.0174 0.0000	</row0>
					<row1>	0.0000 1.0000 0.0000 0.0000	</row1>
					<row2>	-0.0174 0.0000 0.9998 0.0000	</row2>
					<row3>	-0.5211 0.6871 -2.1639 1.0000	</row3>
				</transform>
			</node>
			<node>
				<identifier>	MP_BM504_Motor_Boat_45ft_INDEX_2	</identifier>
				<transform>
					<row0>	1.0000 0.0000 0.0000 0.0000	</row0>
					<row1>	0.0000 1.0000 0.0000 0.0000	</row1>
					<row2>	0.0000 0.0000 1.0000 0.0000	</row2>
					<row3>	0.2403 0.6838 -2.0833 1.0000	</row3>
				</transform>
			</node>
			<node>
				<identifier>	MP_BM509_Liferaft_type_20_10ft	</identifier>
				<transform>
					<row0>	0.0000 -1.0000 0.0000 0.0000	</row0>
					<row1>	0.0000 0.0000 1.0000 0.0000	</row1>
					<row2>	-1.0000 0.0000 0.0000 0.0000	</row2>
					<row3>	-0.2825 0.5806 -1.2822 1.0000	</row3>
				</transform>
			</node>
			<node>
				<identifier>	MP_BM509_Liferaft_type_20_10ft_INDEX_1	</identifier>
				<transform>
					<row0>	0.0000 1.0000 0.0000 0.0000	</row0>
					<row1>	-0.7047 0.0000 -0.7095 0.0000	</row1>
					<row2>	-0.7095 0.0000 0.7047 0.0000	</row2>
					<row3>	-0.2876 0.5501 -3.1804 1.0000	</row3>
				</transform>
			</node>
			<node>
				<identifier>	MP_BM509_Liferaft_type_20_10ft_INDEX_10	</identifier>
				<transform>
					<row0>	-1.0000 0.0000 0.0000 0.0000	</row0>
					<row1>	0.0000 0.0000 1.0000 0.0000	</row1>
					<row2>	0.0000 1.0000 0.0000 0.0000	</row2>
					<row3>	-0.0691 0.5292 -1.2822 1.0000	</row3>
				</transform>
			</node>
			<node>
				<identifier>	MP_BM509_Liferaft_type_20_10ft_INDEX_2	</identifier>
				<transform>
					<row0>	0.0000 -1.0000 0.0000 0.0000	</row0>
					<row1>	0.7047 0.0000 -0.7095 0.0000	</row1>
					<row2>	0.7095 0.0000 0.7047 0.0000	</row2>
					<row3>	0.2877 0.5501 -3.1804 1.0000	</row3>
				</transform>
			</node>
			<node>
				<identifier>	MP_BM509_Liferaft_type_20_10ft_INDEX_3	</identifier>
				<transform>
					<row0>	0.0000 1.0000 0.0000 0.0000	</row0>
					<row1>	-1.0000 0.0000 0.0000 0.0000	</row1>
					<row2>	0.0000 0.0000 1.0000 0.0000	</row2>
					<row3>	-0.5500 0.5471 -2.7953 1.0000	</row3>
				</transform>
			</node>
			<node>
				<identifier>	MP_BM509_Liferaft_type_20_10ft_INDEX_4	</identifier>
				<transform>
					<row0>	0.0000 -1.0000 0.0000 0.0000	</row0>
					<row1>	0.6817 0.0000 -0.7316 0.0000	</row1>
					<row2>	0.7316 0.0000 0.6817 0.0000	</row2>
					<row3>	0.1914 0.8777 -2.9153 1.0000	</row3>
				</transform>
			</node>
			<node>
				<identifier>	MP_BM509_Liferaft_type_20_10ft_INDEX_5	</identifier>
				<transform>
					<row0>	0.0000 -1.0000 0.0000 0.0000	</row0>
					<row1>	1.0000 0.0000 0.0000 0.0000	</row1>
					<row2>	0.0000 0.0000 1.0000 0.0000	</row2>
					<row3>	0.5500 0.5471 -2.7953 1.0000	</row3>
				</transform>
			</node>
			<node>
				<identifier>	MP_BM509_Liferaft_type_20_10ft_INDEX_6	</identifier>
				<transform>
					<row0>	0.0000 -1.0000 0.0000 0.0000	</row0>
					<row1>	0.7047 0.0000 -0.7095 0.0000	</row1>
					<row2>	0.7095 0.0000 0.7047 0.0000	</row2>
					<row3>	0.1428 0.5501 -3.3242 1.0000	</row3>
				</transform>
			</node>
			<node>
				<identifier>	MP_BM509_Liferaft_type_20_10ft_INDEX_7	</identifier>
				<transform>
					<row0>	0.0000 1.0000 0.0000 0.0000	</row0>
					<row1>	-0.7047 0.0000 -0.7095 0.0000	</row1>
					<row2>	-0.7095 0.0000 0.7047 0.0000	</row2>
					<row3>	-0.1427 0.5501 -3.3242 1.0000	</row3>
				</transform>
			</node>
			<node>
				<identifier>	MP_BM509_Liferaft_type_20_10ft_INDEX_8	</identifier>
				<transform>
					<row0>	0.0000 1.0000 0.0000 0.0000	</row0>
					<row1>	0.0000 0.0000 1.0000 0.0000	</row1>
					<row2>	1.0000 0.0000 0.0000 0.0000	</row2>
					<row3>	0.2825 0.5806 -1.2822 1.0000	</row3>
				</transform>
			</node>
			<node>
				<identifier>	MP_BM509_Liferaft_type_20_10ft_INDEX_9	</identifier>
				<transform>
					<row0>	-1.0000 0.0000 0.0000 0.0000	</row0>
					<row1>	0.0000 0.0000 1.0000 0.0000	</row1>
					<row2>	0.0000 1.0000 0.0000 0.0000	</row2>
					<row3>	0.0691 0.5292 -1.2822 1.0000	</row3>
				</transform>
			</node>
			<node>
				<identifier>	MP_BM513_Motor_Boat_25ft	</identifier>
				<transform>
					<row0>	0.0285 0.0000 0.9996 0.0000	</row0>
					<row1>	0.0000 1.0000 0.0000 0.0000	</row1>
					<row2>	-0.9996 0.0000 0.0285 0.0000	</row2>
					<row3>	-0.3090 0.7328 -2.7060 1.0000	</row3>
				</transform>
			</node>
			<node>
				<identifier>	MP_BM513_Motor_Boat_25ft_INDEX_1	</identifier>
				<transform>
					<row0>	-0.9939 0.0000 0.1102 0.0000	</row0>
					<row1>	0.0000 1.0000 0.0000 0.0000	</row1>
					<row2>	-0.1102 0.0000 -0.9939 0.0000	</row2>
					<row3>	0.0242 0.7326 -2.4196 1.0000	</row3>
				</transform>
			</node>
			<node>
				<identifier>	MP_BM513_Motor_Boat_25ft_INDEX_2	</identifier>
				<transform>
					<row0>	0.5018 -0.0043 0.8650 0.0000	</row0>
					<row1>	0.0021 1.0000 0.0037 0.0000	</row1>
					<row2>	-0.8650 0.0000 0.5018 0.0000	</row2>
					<row3>	0.3359 0.7339 -2.7014 1.0000	</row3>
				</transform>
			</node>
			<node>
				<identifier>	MP_BM514_Motor_Boat_16ft	</identifier>
				<transform>
					<row0>	1.0000 0.0000 0.0000 0.0000	</row0>
					<row1>	0.0000 1.0000 0.0000 0.0000	</row1>
					<row2>	0.0000 0.0000 1.0000 0.0000	</row2>
					<row3>	0.0466 0.7084 -1.9917 1.0000	</row3>
				</transform>
			</node>
			<node>
				<identifier>	MP_BM519_Motor_Whaler_27ft	</identifier>
				<transform>
					<row0>	0.9988 0.0000 -0.0495 0.0000	</row0>
					<row1>	0.0000 1.0000 0.0000 0.0000	</row1>
					<row2>	0.0495 0.0000 0.9988 0.0000	</row2>
					<row3>	-0.1173 0.6907 -2.3133 1.0000	</row3>
				</transform>
			</node>
			<node>
				<identifier>	MP_BM519_Motor_Whaler_27ft_INDEX_1	</identifier>
				<transform>
					<row0>	0.9971 0.0000 -0.0764 0.0000	</row0>
					<row1>	0.0000 1.0000 0.0000 0.0000	</row1>
					<row2>	0.0764 0.0000 0.9971 0.0000	</row2>
					<row3>	0.4925 0.7987 -2.0754 1.0000	</row3>
				</transform>
			</node>
			<node>
				<identifier>	MP_BM520_Sailng_Dinghy_14ft	</identifier>
				<transform>
					<row0>	0.9988 0.0000 -0.0495 0.0000	</row0>
					<row1>	0.0000 1.0000 0.0000 0.0000	</row1>
					<row2>	0.0495 0.0000 0.9988 0.0000	</row2>
					<row3>	-0.1144 0.7511 -2.2539 1.0000	</row3>
				</transform>
			</node>
			<node>
				<identifier>	MP_BM603_Compass_Binnacle	</identifier>
				<transform>
					<row0>	0.8500 0.0000 0.0000 0.0000	</row0>
					<row1>	0.0000 0.8500 0.0000 0.0000	</row1>
					<row2>	0.0000 0.0000 0.8500 0.0000	</row2>
					<row3>	0.0000 1.1570 -1.1321 1.0000	</row3>
				</transform>
			</node>
			<node>
				<identifier>	MP_BM610_Speaker_2	</identifier>
				<transform>
					<row0>	-0.7000 0.0000 0.0000 0.0000	</row0>
					<row1>	0.0000 0.7000 0.0000 0.0000	</row1>
					<row2>	0.0000 0.0000 -0.7000 0.0000	</row2>
					<row3>	-0.0552 1.1947 -3.1720 1.0000	</row3>
				</transform>
			</node>
			<node>
				<identifier>	MP_BM611_Telephone	</identifier>
				<transform>
					<row0>	0.0000 0.0000 1.0000 0.0000	</row0>
					<row1>	0.0000 1.0000 0.0000 0.0000	</row1>
					<row2>	-1.0000 0.0000 0.0000 0.0000	</row2>
					<row3>	-0.0964 1.1817 -3.1322 1.0000	</row3>
				</transform>
			</node>
			<node>
				<identifier>	MP_BM611_Telephone_INDEX_1	</identifier>
				<transform>
					<row0>	0.0000 0.0000 -1.0000 0.0000	</row0>
					<row1>	0.0000 1.0000 0.0000 0.0000	</row1>
					<row2>	1.0000 0.0000 0.0000 0.0000	</row2>
					<row3>	0.0777 1.2090 -1.1923 1.0000	</row3>
				</transform>
			</node>
			<node>
				<identifier>	MP_BM611_Telephone_INDEX_2	</identifier>
				<transform>
					<row0>	0.0000 0.0000 1.0000 0.0000	</row0>
					<row1>	0.0000 1.0000 0.0000 0.0000	</row1>
					<row2>	-1.0000 0.0000 0.0000 0.0000	</row2>
					<row3>	0.1031 1.2467 -1.4658 1.0000	</row3>
				</transform>
			</node>
			<node>
				<identifier>	MP_BM611_Telephone_INDEX_3	</identifier>
				<transform>
					<row0>	0.0000 0.0000 -1.0000 0.0000	</row0>
					<row1>	0.0000 1.0000 0.0000 0.0000	</row1>
					<row2>	1.0000 0.0000 0.0000 0.0000	</row2>
					<row3>	-0.1031 1.2467 -1.4658 1.0000	</row3>
				</transform>
			</node>
			<node>
				<identifier>	MP_BM703_Locker	</identifier>
				<transform>
					<row0>	0.0000 0.0000 -1.3886 0.0000	</row0>
					<row1>	0.0000 1.3886 0.0000 0.0000	</row1>
					<row2>	1.3886 0.0000 0.0000 0.0000	</row2>
					<row3>	-0.3943 0.6797 -1.6065 1.0000	</row3>
				</transform>
			</node>
			<node>
				<identifier>	MP_BM703_Locker_INDEX_1	</identifier>
				<transform>
					<row0>	0.0000 0.0000 1.3886 0.0000	</row0>
					<row1>	0.0000 1.3886 0.0000 0.0000	</row1>
					<row2>	-1.3886 0.0000 0.0000 0.0000	</row2>
					<row3>	0.3943 0.6797 -1.6065 1.0000	</row3>
				</transform>
			</node>
			<node>
				<identifier>	MP_BM704_Locker	</identifier>
				<transform>
					<row0>	0.5539 0.0000 0.8326 0.0000	</row0>
					<row1>	0.0000 1.0000 0.0000 0.0000	</row1>
					<row2>	-0.8326 0.0000 0.5539 0.0000	</row2>
					<row3>	-0.1112 0.6808 -3.2294 1.0000	</row3>
				</transform>
			</node>
			<node>
				<identifier>	MP_BM704_Locker_INDEX_1	</identifier>
				<transform>
					<row0>	0.6633 0.0000 -0.7484 0.0000	</row0>
					<row1>	0.0000 1.0000 0.0000 0.0000	</row1>
					<row2>	0.7484 0.0000 0.6633 0.0000	</row2>
					<row3>	0.1263 1.1578 -1.3484 1.0000	</row3>
				</transform>
			</node>
			<node>
				<identifier>	MP_BM704_Locker_INDEX_2	</identifier>
				<transform>
					<row0>	0.5539 0.0000 -0.8326 0.0000	</row0>
					<row1>	0.0000 1.0000 0.0000 0.0000	</row1>
					<row2>	0.8326 0.0000 0.5539 0.0000	</row2>
					<row3>	0.1112 0.6808 -3.2294 1.0000	</row3>
				</transform>
			</node>
			<node>
				<identifier>	MP_BM704_Locker_INDEX_3	</identifier>
				<transform>
					<row0>	0.6633 0.0000 0.7484 0.0000	</row0>
					<row1>	0.0000 1.0000 0.0000 0.0000	</row1>
					<row2>	-0.7484 0.0000 0.6633 0.0000	</row2>
					<row3>	-0.1263 1.1578 -1.3484 1.0000	</row3>
				</transform>
			</node>
			<node>
				<identifier>	MP_BM704_Locker_INDEX_4	</identifier>
				<transform>
					<row0>	0.6633 0.0000 0.7484 0.0000	</row0>
					<row1>	0.0000 1.0000 0.0000 0.0000	</row1>
					<row2>	-0.7484 0.0000 0.6633 0.0000	</row2>
					<row3>	-0.1563 1.1578 -1.3818 1.0000	</row3>
				</transform>
			</node>
			<node>
				<identifier>	MP_BM704_Locker_INDEX_5	</identifier>
				<transform>
					<row0>	0.6633 0.0000 -0.7484 0.0000	</row0>
					<row1>	0.0000 1.0000 0.0000 0.0000	</row1>
					<row2>	0.7484 0.0000 0.6633 0.0000	</row2>
					<row3>	0.1563 1.1578 -1.3818 1.0000	</row3>
				</transform>
			</node>
			<node>
				<identifier>	MP_BM706_Ammunition_Box	</identifier>
				<transform>
					<row0>	0.0000 0.0000 1.0000 0.0000	</row0>
					<row1>	0.0000 1.0000 0.0000 0.0000	</row1>
					<row2>	-1.0000 0.0000 0.0000 0.0000	</row2>
					<row3>	0.5751 0.4920 -2.0014 1.0000	</row3>
				</transform>
			</node>
			<node>
				<identifier>	MP_BM706_Ammunition_Box_INDEX_1	</identifier>
				<transform>
					<row0>	0.0000 0.0000 -1.0000 0.0000	</row0>
					<row1>	0.0000 1.0000 0.0000 0.0000	</row1>
					<row2>	1.0000 0.0000 0.0000 0.0000	</row2>
					<row3>	-0.5751 0.4920 -2.0014 1.0000	</row3>
				</transform>
			</node>
			<node>
				<identifier>	MP_BM752_Deck_Hatch	</identifier>
				<transform>
					<row0>	-0.9178 0.0000 0.0000 0.0000	</row0>
					<row1>	0.0000 0.9178 0.0000 0.0000	</row1>
					<row2>	0.0000 0.0000 -0.9178 0.0000	</row2>
					<row3>	-0.4734 0.3395 -3.1973 1.0000	</row3>
				</transform>
			</node>
			<node>
				<identifier>	MP_BM752_Deck_Hatch_INDEX_1	</identifier>
				<transform>
					<row0>	-1.2083 0.0000 0.0000 0.0000	</row0>
					<row1>	0.0000 1.2083 0.0000 0.0000	</row1>
					<row2>	0.0000 0.0000 -1.2083 0.0000	</row2>
					<row3>	-0.2156 0.3496 -4.8750 1.0000	</row3>
				</transform>
			</node>
			<node>
				<identifier>	MP_BM752_Deck_Hatch_INDEX_2	</identifier>
				<transform>
					<row0>	-0.8873 0.0000 0.0000 0.0000	</row0>
					<row1>	0.0000 0.8873 0.0000 0.0000	</row1>
					<row2>	0.0000 0.0000 -0.8873 0.0000	</row2>
					<row3>	0.4638 0.3401 -3.1971 1.0000	</row3>
				</transform>
			</node>
			<node>
				<identifier>	MP_BM754_Deck_Hatch	</identifier>
				<transform>
					<row0>	0.0000 0.0000 -0.8004 0.0000	</row0>
					<row1>	0.0000 0.8004 0.0000 0.0000	</row1>
					<row2>	0.8004 0.0000 0.0000 0.0000	</row2>
					<row3>	-0.0453 0.3450 -4.6934 1.0000	</row3>
				</transform>
			</node>
			<node>
				<identifier>	MP_BM754_Deck_Hatch_INDEX_1	</identifier>
				<transform>
					<row0>	0.0000 0.0000 -0.8004 0.0000	</row0>
					<row1>	0.0000 0.8004 0.0000 0.0000	</row1>
					<row2>	0.8004 0.0000 0.0000 0.0000	</row2>
					<row3>	-0.0455 0.3438 -4.5398 1.0000	</row3>
				</transform>
			</node>
			<node>
				<identifier>	MP_BM754_Deck_Hatch_INDEX_2	</identifier>
				<transform>
					<row0>	0.9448 0.0000 0.0000 0.0000	</row0>
					<row1>	0.0000 0.9448 0.0000 0.0000	</row1>
					<row2>	0.0000 0.0000 0.9448 0.0000	</row2>
					<row3>	0.0363 0.3456 -4.8946 1.0000	</row3>
				</transform>
			</node>
			<node>
				<identifier>	MP_BM754_Deck_Hatch_INDEX_3	</identifier>
				<transform>
					<row0>	0.7017 0.0000 0.0000 0.0000	</row0>
					<row1>	0.0000 0.7017 0.0000 0.0000	</row1>
					<row2>	0.0000 0.0000 0.7017 0.0000	</row2>
					<row3>	-0.4316 0.3403 -3.6279 1.0000	</row3>
				</transform>
			</node>
			<node>
				<identifier>	MP_BM754_Deck_Hatch_INDEX_4	</identifier>
				<transform>
					<row0>	0.7017 0.0000 0.0000 0.0000	</row0>
					<row1>	0.0000 0.7017 0.0000 0.0000	</row1>
					<row2>	0.0000 0.0000 0.7017 0.0000	</row2>
					<row3>	0.3825 0.3424 -4.5526 1.0000	</row3>
				</transform>
			</node>
			<node>
				<identifier>	MP_BM800_Ventilators_mushroom	</identifier>
				<transform>
					<row0>	1.2684 0.0000 0.0000 0.0000	</row0>
					<row1>	0.0000 1.2684 0.0000 0.0000	</row1>
					<row2>	0.0000 0.0000 1.2684 0.0000	</row2>
					<row3>	0.5725 0.3387 -3.7753 1.0000	</row3>
				</transform>
			</node>
			<node>
				<identifier>	MP_BM800_Ventilators_mushroom_INDEX_1	</identifier>
				<transform>
					<row0>	1.2684 0.0000 0.0000 0.0000	</row0>
					<row1>	0.0000 1.2684 0.0000 0.0000	</row1>
					<row2>	0.0000 0.0000 1.2684 0.0000	</row2>
					<row3>	-0.5822 0.3387 -3.8313 1.0000	</row3>
				</transform>
			</node>
			<node>
				<identifier>	MP_BM800_Ventilators_mushroom_INDEX_2	</identifier>
				<transform>
					<row0>	1.2684 0.0000 0.0000 0.0000	</row0>
					<row1>	0.0000 1.2684 0.0000 0.0000	</row1>
					<row2>	0.0000 0.0000 1.2684 0.0000	</row2>
					<row3>	0.5861 0.3387 -3.8299 1.0000	</row3>
				</transform>
			</node>
			<node>
				<identifier>	MP_BM852_Searchlight_44in	</identifier>
				<transform>
					<row0>	0.0000 0.0000 1.0000 0.0000	</row0>
					<row1>	0.0000 1.0000 0.0000 0.0000	</row1>
					<row2>	-1.0000 0.0000 0.0000 0.0000	</row2>
					<row3>	-0.2125 1.1685 -1.5668 1.0000	</row3>
				</transform>
			</node>
			<node>
				<identifier>	MP_BM852_Searchlight_44in_INDEX_1	</identifier>
				<transform>
					<row0>	0.0000 0.0000 -1.0000 0.0000	</row0>
					<row1>	0.0000 1.0000 0.0000 0.0000	</row1>
					<row2>	1.0000 0.0000 0.0000 0.0000	</row2>
					<row3>	0.2125 1.1685 -1.5668 1.0000	</row3>
				</transform>
			</node>
			<node>
				<identifier>	MP_BM857_Fog_Light	</identifier>
				<transform>
					<row0>	-1.0000 0.0000 0.0000 0.0000	</row0>
					<row1>	0.0000 1.0000 0.0000 0.0000	</row1>
					<row2>	0.0000 0.0000 -1.0000 0.0000	</row2>
					<row3>	0.0000 1.1800 -3.1799 1.0000	</row3>
				</transform>
			</node>
			<node>
				<identifier>	MP_BM872_Running_Lights_B	</identifier>
				<transform>
					<row0>	-1.0000 0.0000 0.0000 0.0000	</row0>
					<row1>	0.0000 1.0000 0.0000 0.0000	</row1>
					<row2>	0.0000 0.0000 -1.0000 0.0000	</row2>
					<row3>	-0.0300 1.2014 -3.1818 1.0000	</row3>
				</transform>
			</node>
			<node>
				<identifier>	MP_BM910_Crane_R	</identifier>
				<transform>
					<row0>	0.9972 0.0000 -0.0746 0.0000	</row0>
					<row1>	0.0000 1.0000 0.0000 0.0000	</row1>
					<row2>	0.0746 0.0000 0.9972 0.0000	</row2>
					<row3>	0.5414 0.7067 -1.4175 1.0000	</row3>
				</transform>
			</node>
			<node>
				<identifier>	MP_BM913_Crane_L	</identifier>
				<transform>
					<row0>	0.9973 0.0000 0.0740 0.0000	</row0>
					<row1>	0.0000 1.0000 0.0000 0.0000	</row1>
					<row2>	-0.0740 0.0000 0.9973 0.0000	</row2>
					<row3>	-0.5414 0.7077 -1.4175 1.0000	</row3>
				</transform>
			</node>
			<node>
				<identifier>	MP_BM964_3ton_electrik_winch_R	</identifier>
				<transform>
					<row0>	0.7477 0.0000 0.6641 0.0000	</row0>
					<row1>	0.0000 1.0000 0.0000 0.0000	</row1>
					<row2>	-0.6641 0.0000 0.7477 0.0000	</row2>
					<row3>	-0.2703 0.3363 -3.2834 1.0000	</row3>
				</transform>
			</node>
			<node>
				<identifier>	MP_BM965_3ton_electrik_winch_L	</identifier>
				<transform>
					<row0>	0.7477 0.0000 -0.6641 0.0000	</row0>
					<row1>	0.0000 1.0000 0.0000 0.0000	</row1>
					<row2>	0.6641 0.0000 0.7477 0.0000	</row2>
					<row3>	0.2717 0.3363 -3.2847 1.0000	</row3>
				</transform>
			</node>
			<node>
				<identifier>	MP_BM967_Bollard	</identifier>
				<transform>
					<row0>	0.4331 0.0000 -0.0408 0.0000	</row0>
					<row1>	0.0000 0.4350 0.0000 0.0000	</row1>
					<row2>	0.0408 0.0000 0.4331 0.0000	</row2>
					<row3>	0.8591 0.3430 -4.5437 1.0000	</row3>
				</transform>
			</node>
			<node>
				<identifier>	MP_BM967_Bollard_INDEX_1	</identifier>
				<transform>
					<row0>	0.4331 0.0000 0.0408 0.0000	</row0>
					<row1>	0.0000 0.4350 0.0000 0.0000	</row1>
					<row2>	-0.0408 0.0000 0.4331 0.0000	</row2>
					<row3>	-0.8590 0.3430 -4.5437 1.0000	</row3>
				</transform>
			</node>
			<node>
				<identifier>	MP_CM011_Fire_Fighting_Gear	</identifier>
				<transform>
					<row0>	1.0000 0.0000 0.0000 0.0000	</row0>
					<row1>	0.0000 1.0000 0.0000 0.0000	</row1>
					<row2>	0.0000 0.0000 1.0000 0.0000	</row2>
					<row3>	0.0129 0.3383 -3.4072 1.0000	</row3>
				</transform>
			</node>
			<node>
				<identifier>	MP_CM013_Fire_Hose_Rack_2	</identifier>
				<transform>
					<row0>	0.0000 0.0000 1.2000 0.0000	</row0>
					<row1>	0.0000 1.2000 0.0000 0.0000	</row1>
					<row2>	-1.2000 0.0000 0.0000 0.0000	</row2>
					<row3>	-0.0251 0.4101 -3.3977 1.0000	</row3>
				</transform>
			</node>
			<node>
				<identifier>	MP_CM014_Fuel_Oil_Hose	</identifier>
				<transform>
					<row0>	-0.8000 0.0000 0.0000 0.0000	</row0>
					<row1>	0.0000 0.8000 0.0000 0.0000	</row1>
					<row2>	0.0000 0.0000 -0.8000 0.0000	</row2>
					<row3>	0.5127 0.3813 -1.9330 1.0000	</row3>
				</transform>
			</node>
			<node>
				<identifier>	MP_CM014_Fuel_Oil_Hose_INDEX_1	</identifier>
				<transform>
					<row0>	0.8000 0.0000 0.0000 0.0000	</row0>
					<row1>	0.0000 0.8000 0.0000 0.0000	</row1>
					<row2>	0.0000 0.0000 0.8000 0.0000	</row2>
					<row3>	-0.5127 0.3813 -1.9330 1.0000	</row3>
				</transform>
			</node>
			<node>
				<identifier>	MP_CM029_Emergency_Box	</identifier>
				<transform>
					<row0>	0.7071 0.0000 0.7071 0.0000	</row0>
					<row1>	0.0000 1.0000 0.0000 0.0000	</row1>
					<row2>	-0.7071 0.0000 0.7071 0.0000	</row2>
					<row3>	0.4900 0.4220 -2.9873 1.0000	</row3>
				</transform>
			</node>
			<node>
				<identifier>	MP_CM029_Emergency_Box_INDEX_1	</identifier>
				<transform>
					<row0>	0.0000 0.0000 -1.0000 0.0000	</row0>
					<row1>	0.0000 1.0000 0.0000 0.0000	</row1>
					<row2>	1.0000 0.0000 0.0000 0.0000	</row2>
					<row3>	-0.5553 0.4220 -2.8780 1.0000	</row3>
				</transform>
			</node>
			<node>
				<identifier>	MP_CM030_Swab_Rack_2	</identifier>
				<transform>
					<row0>	0.0000 0.0000 -1.0000 0.0000	</row0>
					<row1>	0.0000 1.0000 0.0000 0.0000	</row1>
					<row2>	1.0000 0.0000 0.0000 0.0000	</row2>
					<row3>	0.5489 0.3360 -2.7813 1.0000	</row3>
				</transform>
			</node>
			<node>
				<identifier>	MP_CM030_Swab_Rack_2_INDEX_1	</identifier>
				<transform>
					<row0>	0.0000 0.0000 1.0000 0.0000	</row0>
					<row1>	0.0000 1.0000 0.0000 0.0000	</row1>
					<row2>	-1.0000 0.0000 0.0000 0.0000	</row2>
					<row3>	-0.5489 0.3360 -2.7844 1.0000	</row3>
				</transform>
			</node>
			<node>
				<identifier>	MP_CM082_Rope	</identifier>
				<transform>
					<row0>	-0.5310 0.0000 0.5310 0.0000	</row0>
					<row1>	0.0000 0.7510 0.0000 0.0000	</row1>
					<row2>	-0.5310 0.0000 -0.5310 0.0000	</row2>
					<row3>	-0.0595 0.7923 -3.0463 1.0000	</row3>
				</transform>
			</node>
			<node>
				<identifier>	MP_CM090_Accommodation_Ladder	</identifier>
				<transform>
					<row0>	0.9585 0.0003 -0.2851 0.0000	</row0>
					<row1>	0.0016 1.0000 0.0065 0.0000	</row1>
					<row2>	0.2851 -0.0067 0.9585 0.0000	</row2>
					<row3>	0.7450 0.3435 -4.3440 1.0000	</row3>
				</transform>
			</node>
			<node>
				<identifier>	MP_CM090_Accommodation_Ladder_INDEX_1	</identifier>
				<transform>
					<row0>	0.9585 -0.0003 0.2851 0.0000	</row0>
					<row1>	-0.0016 1.0000 0.0065 0.0000	</row1>
					<row2>	-0.2851 -0.0067 0.9585 0.0000	</row2>
					<row3>	-0.7459 0.3435 -4.3443 1.0000	</row3>
				</transform>
			</node>
			<node>
				<identifier>	MP_CM104_Life_Buoy	</identifier>
				<transform>
					<row0>	0.1340 0.0000 -0.9910 0.0000	</row0>
					<row1>	0.0000 1.0000 0.0000 0.0000	</row1>
					<row2>	0.9910 0.0000 0.1340 0.0000	</row2>
					<row3>	-0.8006 0.4091 -5.0112 1.0000	</row3>
				</transform>
			</node>
			<node>
				<identifier>	MP_CM104_Life_Buoy_INDEX_1	</identifier>
				<transform>
					<row0>	0.1340 0.0000 0.9910 0.0000	</row0>
					<row1>	0.0000 1.0000 0.0000 0.0000	</row1>
					<row2>	-0.9910 0.0000 0.1340 0.0000	</row2>
					<row3>	0.8006 0.4091 -5.0112 1.0000	</row3>
				</transform>
			</node>
			<node>
				<identifier>	SP_YMS011_YHWL_M_1_INDEX_10	</identifier>
				<transform>
					<row0>	0.9976 0.0000 0.0691 0.0000	</row0>
					<row1>	0.0000 1.0000 0.0000 0.0000	</row1>
					<row2>	-0.0691 0.0000 0.9976 0.0000	</row2>
					<row3>	-0.9690 -0.1022 -2.7788 1.0000	</row3>
				</transform>
			</node>
			<node>
				<identifier>	SP_YMS011_YHWL_M_1_INDEX_11	</identifier>
				<transform>
					<row0>	0.9927 0.0000 0.1203 0.0000	</row0>
					<row1>	0.0000 1.0000 0.0000 0.0000	</row1>
					<row2>	-0.1203 0.0000 0.9927 0.0000	</row2>
					<row3>	-0.8826 -0.1022 -3.6323 1.0000	</row3>
				</transform>
			</node>
			<node>
				<identifier>	SP_YMS011_YHWL_M_1_INDEX_12	</identifier>
				<transform>
					<row0>	0.9867 0.0000 0.1625 0.0000	</row0>
					<row1>	0.0000 1.0000 0.0000 0.0000	</row1>
					<row2>	-0.1625 0.0000 0.9867 0.0000	</row2>
					<row3>	-0.7638 -0.1022 -4.4777 1.0000	</row3>
				</transform>
			</node>
			<node>
				<identifier>	SP_YMS011_YHWL_M_1_INDEX_9	</identifier>
				<transform>
					<row0>	0.9988 0.0000 0.0489 0.0000	</row0>
					<row1>	0.0000 1.0000 0.0000 0.0000	</row1>
					<row2>	-0.0489 0.0000 0.9988 0.0000	</row2>
					<row3>	-1.0168 -0.1022 -1.9205 1.0000	</row3>
				</transform>
			</node>
			<node>
				<identifier>	SP_YMS012_YHWR_M_1_INDEX_10	</identifier>
				<transform>
					<row0>	0.9976 0.0000 -0.0691 0.0000	</row0>
					<row1>	0.0000 1.0000 0.0000 0.0000	</row1>
					<row2>	0.0691 0.0000 0.9976 0.0000	</row2>
					<row3>	0.9690 -0.1022 -2.7788 1.0000	</row3>
				</transform>
			</node>
			<node>
				<identifier>	SP_YMS012_YHWR_M_1_INDEX_11	</identifier>
				<transform>
					<row0>	0.9927 0.0000 -0.1203 0.0000	</row0>
					<row1>	0.0000 1.0000 0.0000 0.0000	</row1>
					<row2>	0.1203 0.0000 0.9927 0.0000	</row2>
					<row3>	0.8826 -0.1022 -3.6323 1.0000	</row3>
				</transform>
			</node>
			<node>
				<identifier>	SP_YMS012_YHWR_M_1_INDEX_12	</identifier>
				<transform>
					<row0>	0.9867 0.0000 -0.1625 0.0000	</row0>
					<row1>	0.0000 1.0000 0.0000 0.0000	</row1>
					<row2>	0.1625 0.0000 0.9867 0.0000	</row2>
					<row3>	0.7638 -0.1022 -4.4777 1.0000	</row3>
				</transform>
			</node>
			<node>
				<identifier>	SP_YMS012_YHWR_M_1_INDEX_9	</identifier>
				<transform>
					<row0>	0.9988 0.0000 -0.0489 0.0000	</row0>
					<row1>	0.0000 1.0000 0.0000 0.0000	</row1>
					<row2>	0.0489 0.0000 0.9988 0.0000	</row2>
					<row3>	1.0168 -0.1022 -1.9205 1.0000	</row3>
				</transform>
			</node>
			<node>
				<identifier>	SP_YMS021_YHUC_S_1_INDEX_10	</identifier>
				<transform>
					<row0>	-1.5000 0.0000 0.0000 0.0000	</row0>
					<row1>	0.0000 -1.5000 0.0000 0.0000	</row1>
					<row2>	0.0000 0.0000 1.5000 0.0000	</row2>
					<row3>	-0.3426 -0.7148 -1.6370 1.0000	</row3>
				</transform>
			</node>
			<node>
				<identifier>	SP_YMS021_YHUC_S_1_INDEX_11	</identifier>
				<transform>
					<row0>	-1.5000 0.0000 0.0000 0.0000	</row0>
					<row1>	0.0000 -1.5000 0.0000 0.0000	</row1>
					<row2>	0.0000 0.0000 1.5000 0.0000	</row2>
					<row3>	0.3426 -0.7148 -1.6370 1.0000	</row3>
				</transform>
			</node>
			<node>
				<identifier>	SP_YMS021_YHUC_S_1_INDEX_12	</identifier>
				<transform>
					<row0>	-0.2155 1.4844 -0.0116 0.0000	</row0>
					<row1>	-1.4781 -0.2157 -0.1366 0.0000	</row1>
					<row2>	-0.1368 -0.0082 1.4937 0.0000	</row2>
					<row3>	-0.9860 -0.3933 -2.3719 1.0000	</row3>
				</transform>
			</node>
			<node>
				<identifier>	SP_YMS021_YHUC_S_1_INDEX_13	</identifier>
				<transform>
					<row0>	-0.2155 -1.4844 0.0116 0.0000	</row0>
					<row1>	1.4781 -0.2157 -0.1366 0.0000	</row1>
					<row2>	0.1368 -0.0082 1.4937 0.0000	</row2>
					<row3>	0.9860 -0.3933 -2.3719 1.0000	</row3>
				</transform>
			</node>
			<node>
				<identifier>	SP_YMS021_YHUC_S_1_INDEX_8	</identifier>
				<transform>
					<row0>	-0.0377 1.4995 -0.0017 0.0000	</row0>
					<row1>	-1.4980 -0.0377 -0.0685 0.0000	</row1>
					<row2>	-0.0686 0.0000 1.4984 0.0000	</row2>
