<ZSD006_Jian_Wei_1930_MidBack_ports.visual>
	<node>
		<identifier>	Scene Root	</identifier>
		<transform>
			<row0>	1.0000 0.0000 0.0000 0.0000	</row0>
			<row1>	0.0000 1.0000 0.0000 0.0000	</row1>
			<row2>	0.0000 0.0000 1.0000 0.0000	</row2>
			<row3>	0.0000 0.0000 0.0000 1.0000	</row3>
		</transform>
		<node>
			<identifier>	MidBack_ports	</identifier>
			<transform>
				<row0>	1.0000 0.0000 0.0000 0.0000	</row0>
				<row1>	0.0000 1.0000 0.0000 0.0000	</row1>
				<row2>	0.0000 0.0000 1.0000 0.0000	</row2>
				<row3>	0.0000 0.0000 0.0000 1.0000	</row3>
			</transform>
			<node>
				<identifier>	HP_FX_Death_3	</identifier>
				<transform>
					<row0>	1.0000 0.0000 0.0000 0.0000	</row0>
					<row1>	0.0000 1.0000 0.0000 0.0000	</row1>
					<row2>	0.0000 0.0000 1.0000 0.0000	</row2>
					<row3>	0.0000 0.0000 -2.7606 1.0000	</row3>
				</transform>
			</node>
			<node>
				<identifier>	HP_FX_Fire_3	</identifier>
				<transform>
					<row0>	1.0000 0.0000 0.0000 0.0000	</row0>
					<row1>	0.0000 1.0000 0.0000 0.0000	</row1>
					<row2>	0.0000 0.0000 1.0000 0.0000	</row2>
					<row3>	0.0000 0.2173 -1.3851 1.0000	</row3>
				</transform>
			</node>
			<node>
				<identifier>	HP_FX_Fire_3_side_1	</identifier>
				<transform>
					<row0>	1.0000 0.0000 0.0000 0.0000	</row0>
					<row1>	0.0000 1.0000 0.0000 0.0000	</row1>
					<row2>	0.0000 0.0000 1.0000 0.0000	</row2>
					<row3>	-0.2592 0.2043 -0.8697 1.0000	</row3>
				</transform>
			</node>
			<node>
				<identifier>	HP_FX_Fire_3_side_2	</identifier>
				<transform>
					<row0>	1.0000 0.0000 0.0000 0.0000	</row0>
					<row1>	0.0000 1.0000 0.0000 0.0000	</row1>
					<row2>	0.0000 0.0000 1.0000 0.0000	</row2>
					<row3>	0.1835 0.2129 -2.5209 1.0000	</row3>
				</transform>
			</node>
			<node>
				<identifier>	HP_FX_Flood_steam_right	</identifier>
				<transform>
					<row0>	1.0000 0.0000 0.0000 0.0000	</row0>
					<row1>	0.0000 1.0000 0.0000 0.0000	</row1>
					<row2>	0.0000 0.0000 1.0000 0.0000	</row2>
					<row3>	0.2972 0.1692 -2.2716 1.0000	</row3>
				</transform>
			</node>
			<node>
				<identifier>	HP_FX_Flood_water_left	</identifier>
				<transform>
					<row0>	-1.0000 0.0000 0.0000 0.0000	</row0>
					<row1>	0.0000 1.0000 0.0000 0.0000	</row1>
					<row2>	0.0000 0.0000 -1.0000 0.0000	</row2>
					<row3>	-0.3150 0.0120 -1.0150 1.0000	</row3>
				</transform>
			</node>
			<node>
				<identifier>	HP_FX_Flood_water_right	</identifier>
				<transform>
					<row0>	1.0000 0.0000 0.0000 0.0000	</row0>
					<row1>	0.0000 1.0000 0.0000 0.0000	</row1>
					<row2>	0.0000 0.0000 1.0000 0.0000	</row2>
					<row3>	0.3176 0.0160 -1.0153 1.0000	</row3>
				</transform>
			</node>
			<node>
				<identifier>	HP_Flagpole	</identifier>
				<transform>
					<row0>	0.4681 0.0000 0.0000 0.0000	</row0>
					<row1>	0.0000 0.4648 -0.0554 0.0000	</row1>
					<row2>	0.0000 0.0554 0.4648 0.0000	</row2>
					<row3>	0.0000 1.7817 0.9747 1.0000	</row3>
				</transform>
			</node>
			<node>
				<identifier>	HP_Ship_death_2	</identifier>
				<transform>
					<row0>	1.0000 0.0000 0.0000 0.0000	</row0>
					<row1>	0.0000 1.0000 0.0000 0.0000	</row1>
					<row2>	0.0000 0.0000 1.0000 0.0000	</row2>
					<row3>	0.0000 0.0000 -0.5113 1.0000	</row3>
				</transform>
			</node>
			<node>
				<identifier>	HP_ZGA_1	</identifier>
				<transform>
					<row0>	0.0000 0.0000 1.0000 0.0000	</row0>
					<row1>	0.0000 1.0000 0.0000 0.0000	</row1>
					<row2>	-1.0000 0.0000 0.0000 0.0000	</row2>
					<row3>	-0.1838 0.3572 -1.6447 1.0000	</row3>
				</transform>
			</node>
			<node>
				<identifier>	HP_ZGA_2	</identifier>
				<transform>
					<row0>	0.0000 0.0000 -1.0000 0.0000	</row0>
					<row1>	0.0000 1.0000 0.0000 0.0000	</row1>
					<row2>	1.0000 0.0000 0.0000 0.0000	</row2>
					<row3>	0.1838 0.3572 -1.6447 1.0000	</row3>
				</transform>
			</node>
			<node>
				<identifier>	HP_ZGA_3	</identifier>
				<transform>
					<row0>	1.0000 0.0000 0.0000 0.0000	</row0>
					<row1>	0.0000 1.0000 0.0000 0.0000	</row1>
					<row2>	0.0000 0.0000 1.0000 0.0000	</row2>
					<row3>	0.0000 0.3559 -1.6706 1.0000	</row3>
				</transform>
			</node>
			<node>
				<identifier>	HP_ZGB_1	</identifier>
				<transform>
					<row0>	0.0000 0.0000 1.0000 0.0000	</row0>
					<row1>	-0.0786 0.9969 0.0000 0.0000	</row1>
					<row2>	-0.9969 -0.0786 0.0000 0.0000	</row2>
					<row3>	-0.2375 0.2003 -1.6047 1.0000	</row3>
				</transform>
			</node>
			<node>
				<identifier>	HP_ZGB_2	</identifier>
				<transform>
					<row0>	0.0000 0.0000 -1.0000 0.0000	</row0>
					<row1>	0.0786 0.9969 0.0000 0.0000	</row1>
					<row2>	0.9969 -0.0786 0.0000 0.0000	</row2>
					<row3>	0.2375 0.2003 -1.6047 1.0000	</row3>
				</transform>
			</node>
			<node>
				<identifier>	HP_ZGB_3	</identifier>
				<transform>
					<row0>	0.0000 0.0000 1.0000 0.0000	</row0>
					<row1>	-0.0786 0.9969 0.0000 0.0000	</row1>
					<row2>	-0.9969 -0.0786 0.0000 0.0000	</row2>
					<row3>	-0.2375 0.2003 -1.8308 1.0000	</row3>
				</transform>
			</node>
			<node>
				<identifier>	HP_ZGB_4	</identifier>
				<transform>
					<row0>	0.0000 0.0000 -1.0000 0.0000	</row0>
					<row1>	0.0786 0.9969 0.0000 0.0000	</row1>
					<row2>	0.9969 -0.0786 0.0000 0.0000	</row2>
					<row3>	0.2375 0.2003 -1.8621 1.0000	</row3>
				</transform>
			</node>
			<node>
				<identifier>	HP_ZGM_4	</identifier>
				<transform>
					<row0>	-1.0000 0.0000 0.0000 0.0000	</row0>
					<row1>	0.0000 1.0000 0.0000 0.0000	</row1>
					<row2>	0.0000 0.0000 -1.0000 0.0000	</row2>
					<row3>	0.0000 0.3577 -2.1863 1.0000	</row3>
				</transform>
			</node>
			<node>
				<identifier>	HP_ZGM_5	</identifier>
				<transform>
					<row0>	-1.0000 0.0000 0.0000 0.0000	</row0>
					<row1>	0.0000 1.0000 0.0000 0.0000	</row1>
					<row2>	0.0000 0.0000 -1.0000 0.0000	</row2>
					<row3>	0.0000 0.2120 -2.6455 1.0000	</row3>
				</transform>
			</node>
			<node>
				<identifier>	HP_ZGT_1	</identifier>
				<transform>
					<row0>	-1.0000 0.0000 0.0000 0.0000	</row0>
					<row1>	0.0000 1.0000 0.0000 0.0000	</row1>
					<row2>	0.0000 0.0000 -1.0000 0.0000	</row2>
					<row3>	0.0000 0.2289 -0.5629 1.0000	</row3>
				</transform>
			</node>
			<node>
				<identifier>	HP_ZGT_2	</identifier>
				<transform>
					<row0>	-1.0000 0.0000 0.0000 0.0000	</row0>
					<row1>	0.0000 1.0000 0.0000 0.0000	</row1>
					<row2>	0.0000 0.0000 -1.0000 0.0000	</row2>
					<row3>	0.0000 0.2289 -1.2576 1.0000	</row3>
				</transform>
			</node>
			<node>
				<identifier>	HP_flag_nation	</identifier>
				<transform>
					<row0>	1.0000 0.0000 0.0000 0.0000	</row0>
					<row1>	0.0000 0.9447 -0.3280 0.0000	</row1>
					<row2>	0.0000 0.3280 0.9447 0.0000	</row2>
					<row3>	0.0000 0.8183 -2.0565 1.0000	</row3>
				</transform>
			</node>
			<node>
				<identifier>	MP_BM879_Searchlight_24in	</identifier>
				<transform>
					<row0>	-1.0000 0.0000 0.0000 0.0000	</row0>
					<row1>	0.0000 1.0000 0.0000 0.0000	</row1>
					<row2>	0.0000 0.0000 -1.0000 0.0000	</row2>
					<row3>	0.0000 0.4397 -0.9895 1.0000	</row3>
				</transform>
			</node>
			<node>
				<identifier>	MP_CM011_Fire_Fighting_Gear	</identifier>
				<transform>
					<row0>	-1.0000 0.0000 0.0000 0.0000	</row0>
					<row1>	0.0000 1.0000 0.0000 0.0000	</row1>
					<row2>	0.0000 0.0000 -1.0000 0.0000	</row2>
					<row3>	0.0796 0.2102 -1.7449 1.0000	</row3>
				</transform>
			</node>
			<node>
				<identifier>	MP_CM011_Fire_Fighting_Gear_INDEX_1	</identifier>
				<transform>
					<row0>	0.0000 0.0000 1.0000 0.0000	</row0>
					<row1>	0.0000 1.0000 0.0000 0.0000	</row1>
					<row2>	-1.0000 0.0000 0.0000 0.0000	</row2>
					<row3>	0.1420 0.2102 -2.2069 1.0000	</row3>
				</transform>
			</node>
			<node>
				<identifier>	MP_CM011_Fire_Fighting_Gear_INDEX_2	</identifier>
				<transform>
					<row0>	0.0000 0.0000 -1.0000 0.0000	</row0>
					<row1>	0.0000 1.0000 0.0000 0.0000	</row1>
					<row2>	1.0000 0.0000 0.0000 0.0000	</row2>
					<row3>	-0.1412 0.2102 -2.2069 1.0000	</row3>
				</transform>
			</node>
			<node>
				<identifier>	MP_CM013_Fire_Hose_Rack_2	</identifier>
				<transform>
					<row0>	1.0000 0.0000 0.0000 0.0000	</row0>
					<row1>	0.0000 1.0000 0.0000 0.0000	</row1>
					<row2>	0.0000 0.0000 1.0000 0.0000	</row2>
					<row3>	-0.1321 0.2430 -2.2331 1.0000	</row3>
				</transform>
			</node>
			<node>
				<identifier>	MP_CM013_Fire_Hose_Rack_2_INDEX_1	</identifier>
				<transform>
					<row0>	0.0000 0.0000 -1.0000 0.0000	</row0>
					<row1>	0.0000 1.0000 0.0000 0.0000	</row1>
					<row2>	1.0000 0.0000 0.0000 0.0000	</row2>
					<row3>	0.1084 0.2432 -1.7545 1.0000	</row3>
				</transform>
			</node>
			<node>
				<identifier>	MP_CM013_Fire_Hose_Rack_2_INDEX_2	</identifier>
				<transform>
					<row0>	-1.0000 0.0000 0.0000 0.0000	</row0>
					<row1>	0.0000 1.0000 0.0000 0.0000	</row1>
					<row2>	0.0000 0.0000 -1.0000 0.0000	</row2>
					<row3>	0.1321 0.2428 -2.2319 1.0000	</row3>
				</transform>
			</node>
			<node>
				<identifier>	MP_CM014_Fuel_Oil_Hose	</identifier>
				<transform>
					<row0>	0.0000 0.0000 -1.0000 0.0000	</row0>
					<row1>	0.0000 1.0000 0.0000 0.0000	</row1>
					<row2>	1.0000 0.0000 0.0000 0.0000	</row2>
					<row3>	-0.0618 0.2908 -1.7527 1.0000	</row3>
				</transform>
			</node>
			<node>
				<identifier>	MP_CM015_Bundle_1	</identifier>
				<transform>
					<row0>	1.0000 0.0000 0.0000 0.0000	</row0>
					<row1>	0.0000 1.0000 0.0000 0.0000	</row1>
					<row2>	0.0000 0.0000 1.0000 0.0000	</row2>
					<row3>	-0.1236 0.3580 -2.2984 1.0000	</row3>
				</transform>
			</node>
			<node>
				<identifier>	MP_CM015_Bundle_1_INDEX_1	</identifier>
				<transform>
					<row0>	1.0000 0.0000 0.0000 0.0000	</row0>
					<row1>	0.0000 1.0000 0.0000 0.0000	</row1>
					<row2>	0.0000 0.0000 1.0000 0.0000	</row2>
					<row3>	-0.1037 0.3580 -1.5693 1.0000	</row3>
				</transform>
			</node>
			<node>
				<identifier>	MP_CM019_Wood_Box_2	</identifier>
				<transform>
					<row0>	0.8660 0.0000 -0.5000 0.0000	</row0>
					<row1>	0.0000 1.0000 0.0000 0.0000	</row1>
					<row2>	0.5000 0.0000 0.8660 0.0000	</row2>
					<row3>	0.1414 0.3572 -2.2524 1.0000	</row3>
				</transform>
			</node>
			<node>
				<identifier>	MP_CM029_Emergency_Box	</identifier>
				<transform>
					<row0>	0.0000 0.0000 -1.0000 0.0000	</row0>
					<row1>	0.0000 1.0000 0.0000 0.0000	</row1>
					<row2>	1.0000 0.0000 0.0000 0.0000	</row2>
					<row3>	-0.1379 0.2507 -1.9537 1.0000	</row3>
				</transform>
			</node>
			<node>
				<identifier>	MP_CM029_Emergency_Box_INDEX_1	</identifier>
				<transform>
					<row0>	0.0000 0.0000 1.0000 0.0000	</row0>
					<row1>	0.0000 1.0000 0.0000 0.0000	</row1>
					<row2>	-1.0000 0.0000 0.0000 0.0000	</row2>
					<row3>	0.1379 0.2507 -1.9546 1.0000	</row3>
				</transform>
			</node>
			<node>
				<identifier>	MP_CM030_Swab_Rack_2	</identifier>
				<transform>
					<row0>	1.0000 0.0000 0.0000 0.0000	</row0>
					<row1>	0.0000 1.0000 0.0000 0.0000	</row1>
					<row2>	0.0000 0.0000 1.0000 0.0000	</row2>
					<row3>	0.0506 0.2082 -1.7549 1.0000	</row3>
				</transform>
			</node>
			<node>
				<identifier>	MP_CM040_Steering_Wheel	</identifier>
				<transform>
					<row0>	1.0000 0.0000 0.0000 0.0000	</row0>
					<row1>	0.0000 1.0000 0.0000 0.0000	</row1>
					<row2>	0.0000 0.0000 1.0000 0.0000	</row2>
					<row3>	0.0000 0.3836 -0.8636 1.0000	</row3>
				</transform>
			</node>
			<node>
				<identifier>	MP_CM052_Fender	</identifier>
				<transform>
					<row0>	0.0000 0.0000 -0.4500 0.0000	</row0>
					<row1>	0.0000 0.4500 0.0000 0.0000	</row1>
					<row2>	0.4500 0.0000 0.0000 0.0000	</row2>
					<row3>	0.1085 0.2194 -0.8647 1.0000	</row3>
				</transform>
			</node>
			<node>
				<identifier>	MP_CM052_Fender_INDEX_1	</identifier>
				<transform>
					<row0>	-0.1244 0.0000 0.4324 0.0000	</row0>
					<row1>	0.0000 0.4500 0.0000 0.0000	</row1>
					<row2>	-0.4324 0.0000 -0.1244 0.0000	</row2>
					<row3>	-0.1339 0.2090 -2.2883 1.0000	</row3>
				</transform>
			</node>
			<node>
				<identifier>	MP_CM052_Fender_INDEX_2	</identifier>
				<transform>
					<row0>	0.0000 0.0000 0.4500 0.0000	</row0>
					<row1>	0.0000 0.4500 0.0000 0.0000	</row1>
					<row2>	-0.4500 0.0000 0.0000 0.0000	</row2>
					<row3>	-0.1085 0.2062 -0.9662 1.0000	</row3>
				</transform>
			</node>
			<node>
				<identifier>	MP_CM052_Fender_INDEX_3	</identifier>
				<transform>
					<row0>	0.0000 0.0000 0.4500 0.0000	</row0>
					<row1>	0.0000 0.4500 0.0000 0.0000	</row1>
					<row2>	-0.4500 0.0000 0.0000 0.0000	</row2>
					<row3>	-0.1085 0.2062 -0.8647 1.0000	</row3>
				</transform>
			</node>
			<node>
				<identifier>	MP_CM052_Fender_INDEX_4	</identifier>
				<transform>
					<row0>	-0.1244 0.0000 -0.4324 0.0000	</row0>
					<row1>	0.0000 0.4500 0.0000 0.0000	</row1>
					<row2>	0.4324 0.0000 -0.1244 0.0000	</row2>
					<row3>	0.1339 0.2090 -2.2883 1.0000	</row3>
				</transform>
			</node>
			<node>
				<identifier>	MP_CM052_Fender_INDEX_5	</identifier>
				<transform>
					<row0>	0.0000 0.0000 -0.4500 0.0000	</row0>
					<row1>	0.0000 0.4500 0.0000 0.0000	</row1>
					<row2>	0.4500 0.0000 0.0000 0.0000	</row2>
					<row3>	0.1085 0.2194 -0.9662 1.0000	</row3>
				</transform>
			</node>
			<node>
				<identifier>	MP_CM112_Fire_Extinguisher	</identifier>
				<transform>
					<row0>	-0.9602 0.0000 -0.2794 0.0000	</row0>
					<row1>	0.0000 1.0000 0.0000 0.0000	</row1>
					<row2>	0.2794 0.0000 -0.9602 0.0000	</row2>
					<row3>	-0.0700 0.2636 -2.4248 1.0000	</row3>
				</transform>
			</node>
			<node>
				<identifier>	MP_CM122_Anvil	</identifier>
				<transform>
					<row0>	0.0000 0.0000 -1.0000 0.0000	</row0>
					<row1>	0.0000 1.0000 0.0000 0.0000	</row1>
					<row2>	1.0000 0.0000 0.0000 0.0000	</row2>
					<row3>	-0.0102 0.2117 -1.7206 1.0000	</row3>
				</transform>
			</node>
			<node>
				<identifier>	MP_CM123_Barrel	</identifier>
				<transform>
					<row0>	1.0000 0.0000 0.0000 0.0000	</row0>
					<row1>	0.0000 1.0000 0.0000 0.0000	</row1>
					<row2>	0.0000 0.0000 1.0000 0.0000	</row2>
					<row3>	-0.1227 0.2073 -1.7293 1.0000	</row3>
				</transform>
			</node>
			<node>
				<identifier>	MP_CM125_Tools	</identifier>
				<transform>
					<row0>	0.0000 0.0000 1.0000 0.0000	</row0>
					<row1>	0.0000 1.0000 0.0000 0.0000	</row1>
					<row2>	-1.0000 0.0000 0.0000 0.0000	</row2>
					<row3>	-0.0734 0.2582 -1.7542 1.0000	</row3>
				</transform>
			</node>
			<node>
				<identifier>	MP_ZM012_Depth_Charge_BB	</identifier>
				<transform>
					<row0>	0.9977 -0.0677 0.0000 0.0000	</row0>
					<row1>	0.0000 0.0000 -1.0000 0.0000	</row1>
					<row2>	0.0677 0.9977 0.0000 0.0000	</row2>
					<row3>	0.2596 0.2056 -1.7146 1.0000	</row3>
				</transform>
			</node>
			<node>
				<identifier>	MP_ZM012_Depth_Charge_BB_INDEX_1	</identifier>
				<transform>
					<row0>	0.9977 -0.0677 0.0000 0.0000	</row0>
					<row1>	0.0000 0.0000 -1.0000 0.0000	</row1>
					<row2>	0.0677 0.9977 0.0000 0.0000	</row2>
					<row3>	0.2596 0.2056 -1.7773 1.0000	</row3>
				</transform>
			</node>
			<node>
				<identifier>	MP_ZM012_Depth_Charge_BB_INDEX_2	</identifier>
				<transform>
					<row0>	0.9977 0.0677 0.0000 0.0000	</row0>
					<row1>	0.0000 0.0000 -1.0000 0.0000	</row1>
					<row2>	-0.0677 0.9977 0.0000 0.0000	</row2>
					<row3>	-0.2596 0.2056 -1.7128 1.0000	</row3>
				</transform>
			</node>
			<node>
				<identifier>	MP_ZM012_Depth_Charge_BB_INDEX_3	</identifier>
				<transform>
					<row0>	0.9977 0.0677 0.0000 0.0000	</row0>
					<row1>	0.0000 0.0000 -1.0000 0.0000	</row1>
					<row2>	-0.0677 0.9977 0.0000 0.0000	</row2>
					<row3>	-0.2596 0.2056 -1.6520 1.0000	</row3>
				</transform>
			</node>
			<node>
				<identifier>	MP_ZM012_Depth_Charge_BB_INDEX_4	</identifier>
				<transform>
					<row0>	0.9977 -0.0677 0.0000 0.0000	</row0>
					<row1>	0.0000 0.0000 -1.0000 0.0000	</row1>
					<row2>	0.0677 0.9977 0.0000 0.0000	</row2>
					<row3>	0.2596 0.2056 -1.6525 1.0000	</row3>
				</transform>
			</node>
			<node>
				<identifier>	MP_ZM024_Life_Buoy	</identifier>
				<transform>
					<row0>	0.0436 0.0000 -0.9990 0.0000	</row0>
					<row1>	0.0000 1.0000 0.0000 0.0000	</row1>
					<row2>	0.9990 0.0000 0.0436 0.0000	</row2>
					<row3>	-0.2717 0.2644 -2.2666 1.0000	</row3>
				</transform>
			</node>
			<node>
				<identifier>	MP_ZM024_Life_Buoy_INDEX_1	</identifier>
				<transform>
					<row0>	-0.2745 0.0000 0.9616 0.0000	</row0>
					<row1>	0.0000 1.0000 0.0000 0.0000	</row1>
					<row2>	-0.9616 0.0000 -0.2745 0.0000	</row2>
					<row3>	0.1833 0.4232 -2.0798 1.0000	</row3>
				</transform>
			</node>
			<node>
				<identifier>	MP_ZM024_Life_Buoy_INDEX_2	</identifier>
				<transform>
					<row0>	-0.2745 0.0000 -0.9616 0.0000	</row0>
					<row1>	0.0000 1.0000 0.0000 0.0000	</row1>
					<row2>	0.9616 0.0000 -0.2745 0.0000	</row2>
					<row3>	-0.1833 0.4232 -2.0798 1.0000	</row3>
				</transform>
			</node>
			<node>
				<identifier>	MP_ZM024_Life_Buoy_INDEX_3	</identifier>
				<transform>
					<row0>	0.0436 0.0000 0.9990 0.0000	</row0>
					<row1>	0.0000 1.0000 0.0000 0.0000	</row1>
					<row2>	-0.9990 0.0000 0.0436 0.0000	</row2>
					<row3>	0.2717 0.2644 -2.2666 1.0000	</row3>
				</transform>
			</node>
			<node>
				<identifier>	MP_ZM056_Artillery_shell	</identifier>
				<transform>
					<row0>	-0.9982 0.0000 -0.0596 0.0000	</row0>
					<row1>	0.0000 1.0000 0.0000 0.0000	</row1>
					<row2>	0.0596 0.0000 -0.9982 0.0000	</row2>
					<row3>	-0.2510 0.2022 -2.5212 1.0000	</row3>
				</transform>
			</node>
			<node>
				<identifier>	MP_ZM056_Artillery_shell_INDEX_1	</identifier>
				<transform>
					<row0>	-0.9982 0.0000 -0.0598 0.0000	</row0>
					<row1>	0.0000 1.0000 0.0000 0.0000	</row1>
					<row2>	0.0598 0.0000 -0.9982 0.0000	</row2>
					<row3>	-0.2429 0.2032 -2.6405 1.0000	</row3>
				</transform>
			</node>
			<node>
				<identifier>	MP_ZM056_Artillery_shell_INDEX_10	</identifier>
				<transform>
					<row0>	-0.9626 0.0000 0.2710 0.0000	</row0>
					<row1>	0.0000 1.0000 0.0000 0.0000	</row1>
					<row2>	-0.2710 0.0000 -0.9626 0.0000	</row2>
					<row3>	-0.1736 0.3569 -2.0670 1.0000	</row3>
				</transform>
			</node>
			<node>
				<identifier>	MP_ZM056_Artillery_shell_INDEX_11	</identifier>
				<transform>
					<row0>	-0.9993 0.0000 -0.0370 0.0000	</row0>
					<row1>	0.0000 1.0000 0.0000 0.0000	</row1>
					<row2>	0.0370 0.0000 -0.9993 0.0000	</row2>
					<row3>	-0.2668 0.2003 -2.2230 1.0000	</row3>
				</transform>
			</node>
			<node>
				<identifier>	MP_ZM056_Artillery_shell_INDEX_12	</identifier>
				<transform>
					<row0>	-0.9628 0.0000 0.2703 0.0000	</row0>
					<row1>	0.0000 1.0000 0.0000 0.0000	</row1>
					<row2>	-0.2703 0.0000 -0.9628 0.0000	</row2>
					<row3>	-0.1889 0.3569 -2.1216 1.0000	</row3>
				</transform>
			</node>
			<node>
				<identifier>	MP_ZM056_Artillery_shell_INDEX_13	</identifier>
				<transform>
					<row0>	-0.9987 0.0000 -0.0504 0.0000	</row0>
					<row1>	0.0000 1.0000 0.0000 0.0000	</row1>
					<row2>	0.0504 0.0000 -0.9987 0.0000	</row2>
					<row3>	-0.2549 0.2019 -2.4616 1.0000	</row3>
				</transform>
			</node>
			<node>
				<identifier>	MP_ZM056_Artillery_shell_INDEX_14	</identifier>
				<transform>
					<row0>	0.9956 0.0000 -0.0934 0.0000	</row0>
					<row1>	0.0000 1.0000 0.0000 0.0000	</row1>
					<row2>	0.0934 0.0000 0.9956 0.0000	</row2>
					<row3>	0.2364 0.2037 -2.7003 1.0000	</row3>
				</transform>
			</node>
			<node>
				<identifier>	MP_ZM056_Artillery_shell_INDEX_15	</identifier>
				<transform>
					<row0>	1.0000 0.0000 -0.0081 0.0000	</row0>
					<row1>	0.0000 1.0000 0.0000 0.0000	</row1>
					<row2>	0.0081 0.0000 1.0000 0.0000	</row2>
					<row3>	0.1984 0.3569 -2.1650 1.0000	</row3>
				</transform>
			</node>
			<node>
				<identifier>	MP_ZM056_Artillery_shell_INDEX_16	</identifier>
				<transform>
					<row0>	0.9982 0.0000 -0.0596 0.0000	</row0>
					<row1>	0.0000 1.0000 0.0000 0.0000	</row1>
					<row2>	0.0596 0.0000 0.9982 0.0000	</row2>
					<row3>	0.2510 0.2022 -2.5212 1.0000	</row3>
				</transform>
			</node>
			<node>
				<identifier>	MP_ZM056_Artillery_shell_INDEX_17	</identifier>
				<transform>
					<row0>	-0.9956 0.0000 -0.0934 0.0000	</row0>
					<row1>	0.0000 1.0000 0.0000 0.0000	</row1>
					<row2>	0.0934 0.0000 -0.9956 0.0000	</row2>
					<row3>	-0.2364 0.2037 -2.7003 1.0000	</row3>
				</transform>
			</node>
			<node>
				<identifier>	MP_ZM056_Artillery_shell_INDEX_18	</identifier>
				<transform>
					<row0>	0.9994 0.0000 -0.0358 0.0000	</row0>
					<row1>	0.0000 1.0000 0.0000 0.0000	</row1>
					<row2>	0.0358 0.0000 0.9994 0.0000	</row2>
					<row3>	0.2689 0.2000 -2.1633 1.0000	</row3>
				</transform>
			</node>
			<node>
				<identifier>	MP_ZM056_Artillery_shell_INDEX_19	</identifier>
				<transform>
					<row0>	0.8852 0.0000 -0.4653 0.0000	</row0>
					<row1>	0.0000 1.0000 0.0000 0.0000	</row1>
					<row2>	0.4653 0.0000 0.8852 0.0000	</row2>
					<row3>	0.1829 0.3569 -2.2459 1.0000	</row3>
				</transform>
			</node>
			<node>
				<identifier>	MP_ZM056_Artillery_shell_INDEX_2	</identifier>
				<transform>
					<row0>	-0.8852 0.0000 -0.4653 0.0000	</row0>
					<row1>	0.0000 1.0000 0.0000 0.0000	</row1>
					<row2>	0.4653 0.0000 -0.8852 0.0000	</row2>
					<row3>	-0.1829 0.3569 -2.2459 1.0000	</row3>
				</transform>
			</node>
			<node>
				<identifier>	MP_ZM056_Artillery_shell_INDEX_20	</identifier>
				<transform>
					<row0>	0.9993 0.0000 -0.0370 0.0000	</row0>
					<row1>	0.0000 1.0000 0.0000 0.0000	</row1>
					<row2>	0.0370 0.0000 0.9993 0.0000	</row2>
					<row3>	0.2668 0.2003 -2.2230 1.0000	</row3>
				</transform>
			</node>
			<node>
				<identifier>	MP_ZM056_Artillery_shell_INDEX_21	</identifier>
				<transform>
					<row0>	-0.8319 0.0000 -0.5549 0.0000	</row0>
					<row1>	0.0000 1.0000 0.0000 0.0000	</row1>
					<row2>	0.5549 0.0000 -0.8319 0.0000	</row2>
					<row3>	-0.1274 0.3569 -2.3324 1.0000	</row3>
				</transform>
			</node>
			<node>
				<identifier>	MP_ZM056_Artillery_shell_INDEX_22	</identifier>
				<transform>
					<row0>	-0.9957 0.0000 -0.0921 0.0000	</row0>
					<row1>	0.0000 1.0000 0.0000 0.0000	</row1>
					<row2>	0.0921 0.0000 -0.9957 0.0000	</row2>
					<row3>	-0.2299 0.2040 -2.7599 1.0000	</row3>
				</transform>
			</node>
			<node>
				<identifier>	MP_ZM056_Artillery_shell_INDEX_23	</identifier>
				<transform>
					<row0>	0.9957 0.0000 -0.0921 0.0000	</row0>
					<row1>	0.0000 1.0000 0.0000 0.0000	</row1>
					<row2>	0.0921 0.0000 0.9957 0.0000	</row2>
					<row3>	0.2299 0.2040 -2.7599 1.0000	</row3>
				</transform>
			</node>
			<node>
				<identifier>	MP_ZM056_Artillery_shell_INDEX_24	</identifier>
				<transform>
					<row0>	0.8319 0.0000 -0.5549 0.0000	</row0>
					<row1>	0.0000 1.0000 0.0000 0.0000	</row1>
					<row2>	0.5549 0.0000 0.8319 0.0000	</row2>
					<row3>	0.1274 0.3569 -2.3324 1.0000	</row3>
				</transform>
			</node>
			<node>
				<identifier>	MP_ZM056_Artillery_shell_INDEX_25	</identifier>
				<transform>
					<row0>	-0.8371 0.0000 -0.5470 0.0000	</row0>
					<row1>	0.0000 1.0000 0.0000 0.0000	</row1>
					<row2>	0.5470 0.0000 -0.8371 0.0000	</row2>
					<row3>	-0.1537 0.3569 -2.2917 1.0000	</row3>
				</transform>
			</node>
			<node>
				<identifier>	MP_ZM056_Artillery_shell_INDEX_26	</identifier>
				<transform>
					<row0>	0.8371 0.0000 -0.5470 0.0000	</row0>
					<row1>	0.0000 1.0000 0.0000 0.0000	</row1>
					<row2>	0.5470 0.0000 0.8371 0.0000	</row2>
					<row3>	0.1537 0.3569 -2.2917 1.0000	</row3>
				</transform>
			</node>
			<node>
				<identifier>	MP_ZM056_Artillery_shell_INDEX_27	</identifier>
				<transform>
					<row0>	-0.8319 0.0000 -0.5549 0.0000	</row0>
					<row1>	0.0000 1.0000 0.0000 0.0000	</row1>
					<row2>	0.5549 0.0000 -0.8319 0.0000	</row2>
					<row3>	-0.1006 0.3569 -2.3727 1.0000	</row3>
				</transform>
			</node>
			<node>
				<identifier>	MP_ZM056_Artillery_shell_INDEX_28	</identifier>
				<transform>
					<row0>	0.9628 0.0000 0.2703 0.0000	</row0>
					<row1>	0.0000 1.0000 0.0000 0.0000	</row1>
					<row2>	-0.2703 0.0000 0.9628 0.0000	</row2>
					<row3>	0.1889 0.3569 -2.1216 1.0000	</row3>
				</transform>
			</node>
			<node>
				<identifier>	MP_ZM056_Artillery_shell_INDEX_29	</identifier>
				<transform>
					<row0>	0.9988 0.0000 -0.0486 0.0000	</row0>
					<row1>	0.0000 1.0000 0.0000 0.0000	</row1>
					<row2>	0.0486 0.0000 0.9988 0.0000	</row2>
					<row3>	0.2613 0.2011 -2.3423 1.0000	</row3>
				</transform>
			</node>
			<node>
				<identifier>	MP_ZM056_Artillery_shell_INDEX_3	</identifier>
				<transform>
					<row0>	-0.9982 0.0000 -0.0607 0.0000	</row0>
					<row1>	0.0000 1.0000 0.0000 0.0000	</row1>
					<row2>	0.0607 0.0000 -0.9982 0.0000	</row2>
					<row3>	-0.2471 0.2026 -2.5809 1.0000	</row3>
				</transform>
			</node>
			<node>
				<identifier>	MP_ZM056_Artillery_shell_INDEX_30	</identifier>
				<transform>
					<row0>	0.9987 0.0000 -0.0504 0.0000	</row0>
					<row1>	0.0000 1.0000 0.0000 0.0000	</row1>
					<row2>	0.0504 0.0000 0.9987 0.0000	</row2>
					<row3>	0.2549 0.2019 -2.4616 1.0000	</row3>
				</transform>
			</node>
			<node>
				<identifier>	MP_ZM056_Artillery_shell_INDEX_31	</identifier>
				<transform>
					<row0>	-0.9988 0.0000 -0.0486 0.0000	</row0>
					<row1>	0.0000 1.0000 0.0000 0.0000	</row1>
					<row2>	0.0486 0.0000 -0.9988 0.0000	</row2>
					<row3>	-0.2613 0.2011 -2.3423 1.0000	</row3>
				</transform>
			</node>
			<node>
				<identifier>	MP_ZM056_Artillery_shell_INDEX_32	</identifier>
				<transform>
					<row0>	-0.9994 0.0000 -0.0358 0.0000	</row0>
					<row1>	0.0000 1.0000 0.0000 0.0000	</row1>
					<row2>	0.0358 0.0000 -0.9994 0.0000	</row2>
					<row3>	-0.2689 0.2000 -2.1633 1.0000	</row3>
				</transform>
			</node>
			<node>
				<identifier>	MP_ZM056_Artillery_shell_INDEX_33	</identifier>
				<transform>
					<row0>	0.8319 0.0000 -0.5549 0.0000	</row0>
					<row1>	0.0000 1.0000 0.0000 0.0000	</row1>
					<row2>	0.5549 0.0000 0.8319 0.0000	</row2>
					<row3>	0.1006 0.3569 -2.3727 1.0000	</row3>
				</transform>
			</node>
			<node>
				<identifier>	MP_ZM056_Artillery_shell_INDEX_4	</identifier>
				<transform>
					<row0>	0.9992 0.0000 -0.0408 0.0000	</row0>
					<row1>	0.0000 1.0000 0.0000 0.0000	</row1>
					<row2>	0.0408 0.0000 0.9992 0.0000	</row2>
					<row3>	0.2645 0.2008 -2.2826 1.0000	</row3>
				</transform>
			</node>
			<node>
				<identifier>	MP_ZM056_Artillery_shell_INDEX_5	</identifier>
				<transform>
					<row0>	0.9982 0.0000 -0.0598 0.0000	</row0>
					<row1>	0.0000 1.0000 0.0000 0.0000	</row1>
					<row2>	0.0598 0.0000 0.9982 0.0000	</row2>
					<row3>	0.2429 0.2032 -2.6405 1.0000	</row3>
				</transform>
			</node>
			<node>
				<identifier>	MP_ZM056_Artillery_shell_INDEX_6	</identifier>
				<transform>
					<row0>	0.9982 0.0000 -0.0607 0.0000	</row0>
					<row1>	0.0000 1.0000 0.0000 0.0000	</row1>
					<row2>	0.0607 0.0000 0.9982 0.0000	</row2>
					<row3>	0.2471 0.2026 -2.5809 1.0000	</row3>
				</transform>
			</node>
			<node>
				<identifier>	MP_ZM056_Artillery_shell_INDEX_7	</identifier>
				<transform>
					<row0>	0.9626 0.0000 0.2710 0.0000	</row0>
					<row1>	0.0000 1.0000 0.0000 0.0000	</row1>
					<row2>	-0.2710 0.0000 0.9626 0.0000	</row2>
					<row3>	0.1736 0.3569 -2.0670 1.0000	</row3>
				</transform>
			</node>
			<node>
				<identifier>	MP_ZM056_Artillery_shell_INDEX_8	</identifier>
				<transform>
					<row0>	-1.0000 0.0000 -0.0081 0.0000	</row0>
					<row1>	0.0000 1.0000 0.0000 0.0000	</row1>
					<row2>	0.0081 0.0000 -1.0000 0.0000	</row2>
					<row3>	-0.1984 0.3569 -2.1650 1.0000	</row3>
				</transform>
			</node>
			<node>
				<identifier>	MP_ZM056_Artillery_shell_INDEX_9	</identifier>
				<transform>
					<row0>	-0.9992 0.0000 -0.0408 0.0000	</row0>
					<row1>	0.0000 1.0000 0.0000 0.0000	</row1>
					<row2>	0.0408 0.0000 -0.9992 0.0000	</row2>
					<row3>	-0.2645 0.2008 -2.2826 1.0000	</row3>
				</transform>
			</node>
			<node>
				<identifier>	MP_ZM057_Smoke_floats	</identifier>
				<transform>
					<row0>	0.9554 0.0000 0.0000 0.0000	</row0>
					<row1>	0.0000 0.9554 0.0000 0.0000	</row1>
					<row2>	0.0000 0.0000 0.9554 0.0000	</row2>
					<row3>	-0.0242 0.3576 -2.3709 1.0000	</row3>
				</transform>
			</node>
			<node>
				<identifier>	MP_ZM057_Smoke_floats_INDEX_1	</identifier>
				<transform>
					<row0>	0.9554 0.0000 0.0000 0.0000	</row0>
					<row1>	0.0000 0.9554 0.0000 0.0000	</row1>
					<row2>	0.0000 0.0000 0.9554 0.0000	</row2>
					<row3>	-0.0731 0.3576 -2.3709 1.0000	</row3>
				</transform>
			</node>
			<node>
				<identifier>	MP_ZM057_Smoke_floats_INDEX_2	</identifier>
				<transform>
					<row0>	0.9554 0.0000 0.0000 0.0000	</row0>
					<row1>	0.0000 0.9554 0.0000 0.0000	</row1>
					<row2>	0.0000 0.0000 0.9554 0.0000	</row2>
					<row3>	0.0242 0.3576 -2.3709 1.0000	</row3>
				</transform>
			</node>
			<node>
				<identifier>	MP_ZM057_Smoke_floats_INDEX_3	</identifier>
				<transform>
					<row0>	0.9554 0.0000 0.0000 0.0000	</row0>
					<row1>	0.0000 0.9554 0.0000 0.0000	</row1>
					<row2>	0.0000 0.0000 0.9554 0.0000	</row2>
					<row3>	0.0731 0.3576 -2.3709 1.0000	</row3>
				</transform>
			</node>
			<node>
				<identifier>	MP_ZM513_Liferaft_type_20_10ft	</identifier>
				<transform>
					<row0>	0.0000 0.0000 1.0000 0.0000	</row0>
					<row1>	0.0000 1.0000 0.0000 0.0000	</row1>
					<row2>	-1.0000 0.0000 0.0000 0.0000	</row2>
					<row3>	-0.0114 0.2340 -1.6367 1.0000	</row3>
				</transform>
			</node>
			<node>
				<identifier>	MP_ZM513_Liferaft_type_20_10ft_INDEX_1	</identifier>
				<transform>
					<row0>	0.0000 0.0000 1.0000 0.0000	</row0>
					<row1>	0.0000 1.0000 0.0000 0.0000	</row1>
					<row2>	-1.0000 0.0000 0.0000 0.0000	</row2>
					<row3>	-0.0114 0.2094 -1.6367 1.0000	</row3>
				</transform>
			</node>
			<node>
				<identifier>	MP_ZM513_Liferaft_type_20_10ft_INDEX_2	</identifier>
				<transform>
					<row0>	0.0000 -1.0000 0.0000 0.0000	</row0>
					<row1>	1.0000 0.0000 0.0000 0.0000	</row1>
					<row2>	0.0000 0.0000 1.0000 0.0000	</row2>
					<row3>	0.1323 0.2628 -2.0817 1.0000	</row3>
				</transform>
			</node>
			<node>
				<identifier>	MP_ZM604_Voice_Tube	</identifier>
				<transform>
					<row0>	1.0000 0.0000 0.0000 0.0000	</row0>
					<row1>	0.0000 1.0000 0.0000 0.0000	</row1>
					<row2>	0.0000 0.0000 1.0000 0.0000	</row2>
					<row3>	-0.0191 0.3839 -0.7920 1.0000	</row3>
				</transform>
			</node>
			<node>
				<identifier>	MP_ZM604_Voice_Tube_INDEX_1	</identifier>
				<transform>
					<row0>	1.0000 0.0000 0.0000 0.0000	</row0>
					<row1>	0.0000 1.0000 0.0000 0.0000	</row1>
					<row2>	0.0000 0.0000 1.0000 0.0000	</row2>
					<row3>	0.0191 0.3839 -0.7920 1.0000	</row3>
				</transform>
			</node>
			<node>
				<identifier>	MP_ZM626_Compass_Binnacle	</identifier>
				<transform>
					<row0>	1.0000 0.0000 0.0000 0.0000	</row0>
					<row1>	0.0000 1.0000 0.0000 0.0000	</row1>
					<row2>	0.0000 0.0000 1.0000 0.0000	</row2>
					<row3>	0.0000 0.3828 -0.7793 1.0000	</row3>
				</transform>
			</node>
			<node>
				<identifier>	MP_ZM700_Ammunition_Box	</identifier>
				<transform>
					<row0>	0.7522 0.0000 0.6589 0.0000	</row0>
					<row1>	0.0000 1.0000 0.0000 0.0000	</row1>
					<row2>	-0.6589 0.0000 0.7522 0.0000	</row2>
					<row3>	0.1643 0.3562 -1.7547 1.0000	</row3>
				</transform>
			</node>
			<node>
				<identifier>	MP_ZM700_Ammunition_Box_INDEX_1	</identifier>
				<transform>
					<row0>	-0.2937 0.0000 -0.9559 0.0000	</row0>
					<row1>	0.0000 1.0000 0.0000 0.0000	</row1>
					<row2>	0.9559 0.0000 -0.2937 0.0000	</row2>
					<row3>	0.1199 0.2083 -2.3533 1.0000	</row3>
				</transform>
			</node>
			<node>
				<identifier>	MP_ZM700_Ammunition_Box_INDEX_2	</identifier>
				<transform>
					<row0>	-0.2937 0.0000 0.9559 0.0000	</row0>
					<row1>	0.0000 1.0000 0.0000 0.0000	</row1>
					<row2>	-0.9559 0.0000 -0.2937 0.0000	</row2>
					<row3>	-0.1199 0.2083 -2.3533 1.0000	</row3>
				</transform>
			</node>
			<node>
				<identifier>	MP_ZM700_Ammunition_Box_INDEX_3	</identifier>
				<transform>
					<row0>	0.7522 0.0000 -0.6589 0.0000	</row0>
					<row1>	0.0000 1.0000 0.0000 0.0000	</row1>
					<row2>	0.6589 0.0000 0.7522 0.0000	</row2>
					<row3>	-0.1643 0.3562 -1.7547 1.0000	</row3>
				</transform>
			</node>
			<node>
				<identifier>	MP_ZM711_Locker	</identifier>
				<transform>
					<row0>	0.8037 -0.0232 0.0000 0.0000	</row0>
					<row1>	0.0232 0.8037 0.0000 0.0000	</row1>
					<row2>	0.0000 0.0000 0.8040 0.0000	</row2>
					<row3>	0.1149 0.2069 -1.4102 1.0000	</row3>
				</transform>
			</node>
			<node>
				<identifier>	MP_ZM711_Locker_INDEX_1	</identifier>
				<transform>
					<row0>	0.8038 -0.0232 0.0000 0.0000	</row0>
					<row1>	0.0232 0.8038 0.0000 0.0000	</row1>
					<row2>	0.0000 0.0000 0.8042 0.0000	</row2>
					<row3>	0.1237 0.2050 -0.7619 1.0000	</row3>
				</transform>
			</node>
			<node>
				<identifier>	MP_ZM711_Locker_INDEX_2	</identifier>
				<transform>
					<row0>	0.8038 0.0232 0.0000 0.0000	</row0>
					<row1>	-0.0232 0.8038 0.0000 0.0000	</row1>
					<row2>	0.0000 0.0000 0.8042 0.0000	</row2>
					<row3>	-0.1237 0.2050 -0.7619 1.0000	</row3>
				</transform>
			</node>
			<node>
				<identifier>	MP_ZM711_Locker_INDEX_3	</identifier>
				<transform>
					<row0>	0.8037 0.0232 0.0000 0.0000	</row0>
					<row1>	-0.0232 0.8037 0.0000 0.0000	</row1>
					<row2>	0.0000 0.0000 0.8040 0.0000	</row2>
					<row3>	-0.1149 0.2069 -1.4102 1.0000	</row3>
				</transform>
			</node>
			<node>
				<identifier>	MP_ZM879_Signal_Lamp	</identifier>
				<transform>
					<row0>	1.0000 0.0000 0.0000 0.0000	</row0>
					<row1>	0.0000 0.9929 -0.1190 0.0000	</row1>
					<row2>	0.0000 0.1190 0.9929 0.0000	</row2>
					<row3>	0.0000 1.0777 -2.0030 1.0000	</row3>
				</transform>
			</node>
			<node>
				<identifier>	MP_ZM901_Crane	</identifier>
				<transform>
					<row0>	-1.0000 0.0000 0.0000 0.0000	</row0>
					<row1>	0.0000 1.0000 0.0000 0.0000	</row1>
					<row2>	0.0000 0.0000 -1.0000 0.0000	</row2>
					<row3>	-0.2632 0.1880 -0.8336 1.0000	</row3>
				</transform>
			</node>
			<node>
				<identifier>	MP_ZM901_Crane_INDEX_1	</identifier>
				<transform>
					<row0>	1.0000 0.0000 0.0000 0.0000	</row0>
					<row1>	0.0000 1.0000 0.0000 0.0000	</row1>
					<row2>	0.0000 0.0000 1.0700 0.0000	</row2>
					<row3>	0.2571 0.1900 -0.9973 1.0000	</row3>
				</transform>
			</node>
		</node>
	</node>
	<boundingBox>
		<min>	-0.0667 -0.0667 -0.0667	</min>
		<max>	0.0667 0.0667 0.0667	</max>
	</boundingBox>
</ZSD006_Jian_Wei_1930_MidBack_ports.visual>
