<ZSD006_Jian_Wei_1930_MidFront_ports.visual>
	<node>
		<identifier>	Scene Root	</identifier>
		<transform>
			<row0>	1.0000 0.0000 0.0000 0.0000	</row0>
			<row1>	0.0000 1.0000 0.0000 0.0000	</row1>
			<row2>	0.0000 0.0000 1.0000 0.0000	</row2>
			<row3>	0.0000 0.0000 0.0000 1.0000	</row3>
		</transform>
		<node>
			<identifier>	MidFront_ports	</identifier>
			<transform>
				<row0>	1.0000 0.0000 0.0000 0.0000	</row0>
				<row1>	0.0000 1.0000 0.0000 0.0000	</row1>
				<row2>	0.0000 0.0000 1.0000 0.0000	</row2>
				<row3>	0.0000 0.0000 0.0000 1.0000	</row3>
			</transform>
			<node>
				<identifier>	HP_FX_Death_2	</identifier>
				<transform>
					<row0>	1.0000 0.0000 0.0000 0.0000	</row0>
					<row1>	0.0000 1.0000 0.0000 0.0000	</row1>
					<row2>	0.0000 0.0000 1.0000 0.0000	</row2>
					<row3>	0.0000 0.0000 -0.5110 1.0000	</row3>
				</transform>
			</node>
			<node>
				<identifier>	HP_FX_Fire_2	</identifier>
				<transform>
					<row0>	1.0000 0.0000 0.0000 0.0000	</row0>
					<row1>	0.0000 1.0000 0.0000 0.0000	</row1>
					<row2>	0.0000 0.0000 1.0000 0.0000	</row2>
					<row3>	0.0000 0.2412 1.0872 1.0000	</row3>
				</transform>
			</node>
			<node>
				<identifier>	HP_FX_Fire_2_side_1	</identifier>
				<transform>
					<row0>	1.0000 0.0000 0.0000 0.0000	</row0>
					<row1>	0.0000 1.0000 0.0000 0.0000	</row1>
					<row2>	0.0000 0.0000 1.0000 0.0000	</row2>
					<row3>	-0.2266 0.3235 0.7152 1.0000	</row3>
				</transform>
			</node>
			<node>
				<identifier>	HP_FX_Fire_2_side_2	</identifier>
				<transform>
					<row0>	1.0000 0.0000 0.0000 0.0000	</row0>
					<row1>	0.0000 1.0000 0.0000 0.0000	</row1>
					<row2>	0.0000 0.0000 1.0000 0.0000	</row2>
					<row3>	0.2497 0.3832 -0.0498 1.0000	</row3>
				</transform>
			</node>
			<node>
				<identifier>	HP_FX_FloodLight_left_1	</identifier>
				<transform>
					<row0>	-1.0000 0.0000 0.0000 0.0000	</row0>
					<row1>	0.0000 1.0000 0.0000 0.0000	</row1>
					<row2>	0.0000 0.0000 -1.0000 0.0000	</row2>
					<row3>	-0.0670 0.6637 -0.1999 1.0000	</row3>
				</transform>
			</node>
			<node>
				<identifier>	HP_FX_FloodLight_left_2	</identifier>
				<transform>
					<row0>	-1.0000 0.0000 0.0000 0.0000	</row0>
					<row1>	0.0000 1.0000 0.0000 0.0000	</row1>
					<row2>	0.0000 0.0000 -1.0000 0.0000	</row2>
					<row3>	-0.0970 0.4028 1.5312 1.0000	</row3>
				</transform>
			</node>
			<node>
				<identifier>	HP_FX_FloodLight_right_1	</identifier>
				<transform>
					<row0>	1.0000 0.0000 0.0000 0.0000	</row0>
					<row1>	0.0000 1.0000 0.0000 0.0000	</row1>
					<row2>	0.0000 0.0000 1.0000 0.0000	</row2>
					<row3>	0.0670 0.6637 -0.1909 1.0000	</row3>
				</transform>
			</node>
			<node>
				<identifier>	HP_FX_FloodLight_right_2	</identifier>
				<transform>
					<row0>	1.0000 0.0000 0.0000 0.0000	</row0>
					<row1>	0.0000 1.0000 0.0000 0.0000	</row1>
					<row2>	0.0000 0.0000 1.0000 0.0000	</row2>
					<row3>	0.0940 0.3998 1.5292 1.0000	</row3>
				</transform>
			</node>
			<node>
				<identifier>	HP_FX_Flood_steam_1	</identifier>
				<transform>
					<row0>	1.0000 0.0000 0.0000 0.0000	</row0>
					<row1>	0.0000 0.9192 -0.3939 0.0000	</row1>
					<row2>	0.0000 0.3939 0.9192 0.0000	</row2>
					<row3>	0.0030 0.7574 0.5917 1.0000	</row3>
				</transform>
			</node>
			<node>
				<identifier>	HP_FX_Flood_steam_exhaust_1	</identifier>
				<transform>
					<row0>	1.0000 0.0000 0.0000 0.0000	</row0>
					<row1>	0.0000 0.9774 0.2113 0.0000	</row1>
					<row2>	0.0000 -0.2113 0.9774 0.0000	</row2>
					<row3>	-0.0020 0.7947 0.8866 1.0000	</row3>
				</transform>
			</node>
			<node>
				<identifier>	HP_FX_Flood_steam_exhaust_2	</identifier>
				<transform>
					<row0>	1.0000 0.0000 0.0000 0.0000	</row0>
					<row1>	0.0000 0.9839 0.1788 0.0000	</row1>
					<row2>	0.0000 -0.1788 0.9839 0.0000	</row2>
					<row3>	-0.0010 0.7630 -0.0722 1.0000	</row3>
				</transform>
			</node>
			<node>
				<identifier>	HP_FX_Flood_water_left_2	</identifier>
				<transform>
					<row0>	-1.0000 0.0000 0.0000 0.0000	</row0>
					<row1>	0.0000 1.0000 0.0000 0.0000	</row1>
					<row2>	0.0000 0.0000 -1.0000 0.0000	</row2>
					<row3>	-0.3186 0.0120 0.3673 1.0000	</row3>
				</transform>
			</node>
			<node>
				<identifier>	HP_FX_Flood_water_right_2	</identifier>
				<transform>
					<row0>	1.0000 0.0000 0.0000 0.0000	</row0>
					<row1>	0.0000 1.0000 0.0000 0.0000	</row1>
					<row2>	0.0000 0.0000 1.0000 0.0000	</row2>
					<row3>	0.3198 0.0137 0.3673 1.0000	</row3>
				</transform>
			</node>
			<node>
				<identifier>	HP_FX_Smoke_1	</identifier>
				<transform>
					<row0>	1.0000 0.0000 0.0000 0.0000	</row0>
					<row1>	0.0000 0.9931 -0.1170 0.0000	</row1>
					<row2>	0.0000 0.1170 0.9931 0.0000	</row2>
					<row3>	0.0000 0.8196 0.7372 1.0000	</row3>
				</transform>
			</node>
			<node>
				<identifier>	HP_FX_Smoke_2	</identifier>
				<transform>
					<row0>	1.0000 0.0000 0.0000 0.0000	</row0>
					<row1>	0.0000 0.9951 -0.0994 0.0000	</row1>
					<row2>	0.0000 0.0994 0.9951 0.0000	</row2>
					<row3>	0.0000 0.7833 -0.2210 1.0000	</row3>
				</transform>
			</node>
			<node>
				<identifier>	HP_ZD_1	</identifier>
				<transform>
					<row0>	1.0000 0.0000 0.0000 0.0000	</row0>
					<row1>	0.0000 1.0000 0.0000 0.0000	</row1>
					<row2>	0.0000 0.0000 1.0000 0.0000	</row2>
					<row3>	0.0000 0.7599 1.3808 1.0000	</row3>
				</transform>
			</node>
			<node>
				<identifier>	HP_ZF_1	</identifier>
				<transform>
					<row0>	1.0000 0.0000 0.0000 0.0000	</row0>
					<row1>	0.0000 1.0000 0.0000 0.0000	</row1>
					<row2>	0.0000 0.0000 1.0000 0.0000	</row2>
					<row3>	0.0000 0.8170 1.2814 1.0000	</row3>
				</transform>
			</node>
			<node>
				<identifier>	HP_ZGM_2	</identifier>
				<transform>
					<row0>	1.0000 0.0000 0.0000 0.0000	</row0>
					<row1>	0.0000 1.0000 0.0000 0.0000	</row1>
					<row2>	0.0000 0.0000 1.0000 0.0000	</row2>
					<row3>	0.0000 0.5091 1.8236 1.0000	</row3>
				</transform>
			</node>
			<node>
				<identifier>	HP_ZGM_3	</identifier>
				<transform>
					<row0>	1.0000 0.0000 0.0000 0.0000	</row0>
					<row1>	0.0000 1.0000 0.0000 0.0000	</row1>
					<row2>	0.0000 0.0000 1.0000 0.0000	</row2>
					<row3>	0.0000 0.3616 0.2872 1.0000	</row3>
				</transform>
			</node>
			<node>
				<identifier>	HP_flag_1	</identifier>
				<transform>
					<row0>	0.9988 0.0485 -0.0070 0.0000	</row0>
					<row1>	-0.0485 0.9585 -0.2810 0.0000	</row1>
					<row2>	-0.0070 0.2810 0.9597 0.0000	</row2>
					<row3>	0.2303 1.1846 1.1057 1.0000	</row3>
				</transform>
			</node>
			<node>
				<identifier>	HP_flag_2	</identifier>
				<transform>
					<row0>	0.9988 -0.0485 0.0070 0.0000	</row0>
					<row1>	0.0485 0.9585 -0.2810 0.0000	</row1>
					<row2>	0.0070 0.2810 0.9597 0.0000	</row2>
					<row3>	-0.2303 1.1846 1.1057 1.0000	</row3>
				</transform>
			</node>
			<node>
				<identifier>	HP_flag_3	</identifier>
				<transform>
					<row0>	0.9869 0.1599 -0.0228 0.0000	</row0>
					<row1>	-0.1599 0.9473 -0.2777 0.0000	</row1>
					<row2>	-0.0228 0.2777 0.9604 0.0000	</row2>
					<row3>	0.1142 1.1848 1.1056 1.0000	</row3>
				</transform>
			</node>
			<node>
				<identifier>	HP_flag_4	</identifier>
				<transform>
					<row0>	0.9869 -0.1599 0.0228 0.0000	</row0>
					<row1>	0.1599 0.9473 -0.2777 0.0000	</row1>
					<row2>	0.0228 0.2777 0.9604 0.0000	</row2>
					<row3>	-0.1142 1.1848 1.1056 1.0000	</row3>
				</transform>
			</node>
			<node>
				<identifier>	HP_flag_courtesy	</identifier>
				<transform>
					<row0>	0.9924 -0.1230 -0.0024 0.0000	</row0>
					<row1>	0.1230 0.9917 0.0386 0.0000	</row1>
					<row2>	-0.0024 -0.0386 0.9993 0.0000	</row2>
					<row3>	0.1683 1.4806 1.0624 1.0000	</row3>
				</transform>
			</node>
			<node>
				<identifier>	HP_flag_house	</identifier>
				<transform>
					<row0>	0.9924 0.1230 0.0024 0.0000	</row0>
					<row1>	-0.1230 0.9917 0.0386 0.0000	</row1>
					<row2>	0.0024 -0.0386 0.9993 0.0000	</row2>
					<row3>	-0.1683 1.4806 1.0624 1.0000	</row3>
				</transform>
			</node>
			<node>
				<identifier>	HP_flag_rank	</identifier>
				<transform>
					<row0>	1.0000 0.0000 0.0000 0.0000	</row0>
					<row1>	0.0000 0.9984 -0.0563 0.0000	</row1>
					<row2>	0.0000 0.0563 0.9984 0.0000	</row2>
					<row3>	0.0000 1.7293 0.9835 1.0000	</row3>
				</transform>
			</node>
			<node>
				<identifier>	MP_BM850_Signal_lamp_10in	</identifier>
				<transform>
					<row0>	0.0000 0.0000 -1.0000 0.0000	</row0>
					<row1>	0.0000 1.0000 0.0000 0.0000	</row1>
					<row2>	1.0000 0.0000 0.0000 0.0000	</row2>
					<row3>	-0.2308 0.6254 1.3444 1.0000	</row3>
				</transform>
			</node>
			<node>
				<identifier>	MP_BM850_Signal_lamp_10in_INDEX_1	</identifier>
				<transform>
					<row0>	0.0000 0.0000 1.0000 0.0000	</row0>
					<row1>	0.0000 1.0000 0.0000 0.0000	</row1>
					<row2>	-1.0000 0.0000 0.0000 0.0000	</row2>
					<row3>	0.2308 0.6254 1.3444 1.0000	</row3>
				</transform>
			</node>
			<node>
				<identifier>	MP_CM011_Fire_Fighting_Gear	</identifier>
				<transform>
					<row0>	0.0000 0.0000 -1.0000 0.0000	</row0>
					<row1>	0.0000 1.0000 0.0000 0.0000	</row1>
					<row2>	1.0000 0.0000 0.0000 0.0000	</row2>
					<row3>	-0.1231 0.2028 -0.0214 1.0000	</row3>
				</transform>
			</node>
			<node>
				<identifier>	MP_CM011_Fire_Fighting_Gear_INDEX_1	</identifier>
				<transform>
					<row0>	0.0000 0.0000 1.0000 0.0000	</row0>
					<row1>	0.0000 1.0000 0.0000 0.0000	</row1>
					<row2>	-1.0000 0.0000 0.0000 0.0000	</row2>
					<row3>	0.1706 0.3570 1.6210 1.0000	</row3>
				</transform>
			</node>
			<node>
				<identifier>	MP_CM011_Fire_Fighting_Gear_INDEX_2	</identifier>
				<transform>
					<row0>	0.0000 0.0000 1.0000 0.0000	</row0>
					<row1>	0.0000 1.0000 0.0000 0.0000	</row1>
					<row2>	-1.0000 0.0000 0.0000 0.0000	</row2>
					<row3>	0.1005 0.2474 0.1032 1.0000	</row3>
				</transform>
			</node>
			<node>
				<identifier>	MP_CM011_Fire_Fighting_Gear_INDEX_3	</identifier>
				<transform>
					<row0>	0.0000 0.0000 -1.0000 0.0000	</row0>
					<row1>	0.0000 1.0000 0.0000 0.0000	</row1>
					<row2>	1.0000 0.0000 0.0000 0.0000	</row2>
					<row3>	-0.1708 0.3570 1.6331 1.0000	</row3>
				</transform>
			</node>
			<node>
				<identifier>	MP_CM011_Fire_Fighting_Gear_INDEX_4	</identifier>
				<transform>
					<row0>	1.0000 0.0000 0.0000 0.0000	</row0>
					<row1>	0.0000 1.0000 0.0000 0.0000	</row1>
					<row2>	0.0000 0.0000 1.0000 0.0000	</row2>
					<row3>	0.0561 0.2470 1.1175 1.0000	</row3>
				</transform>
			</node>
			<node>
				<identifier>	MP_CM013_Fire_Hose_Rack_2	</identifier>
				<transform>
					<row0>	1.0000 0.0000 0.0000 0.0000	</row0>
					<row1>	0.0000 1.0000 0.0000 0.0000	</row1>
					<row2>	0.0000 0.0000 1.0000 0.0000	</row2>
					<row3>	-0.1601 0.3911 1.6131 1.0000	</row3>
				</transform>
			</node>
			<node>
				<identifier>	MP_CM013_Fire_Hose_Rack_2_INDEX_1	</identifier>
				<transform>
					<row0>	0.0000 0.0000 1.0000 0.0000	</row0>
					<row1>	0.0000 1.0000 0.0000 0.0000	</row1>
					<row2>	-1.0000 0.0000 0.0000 0.0000	</row2>
					<row3>	0.0854 0.2753 1.1285 1.0000	</row3>
				</transform>
			</node>
			<node>
				<identifier>	MP_CM013_Fire_Hose_Rack_2_INDEX_2	</identifier>
				<transform>
					<row0>	0.0000 0.0000 1.0000 0.0000	</row0>
					<row1>	0.0000 1.0000 0.0000 0.0000	</row1>
					<row2>	-1.0000 0.0000 0.0000 0.0000	</row2>
					<row3>	0.0745 0.2768 0.1138 1.0000	</row3>
				</transform>
			</node>
			<node>
				<identifier>	MP_CM013_Fire_Hose_Rack_2_INDEX_3	</identifier>
				<transform>
					<row0>	1.0000 0.0000 0.0000 0.0000	</row0>
					<row1>	0.0000 1.0000 0.0000 0.0000	</row1>
					<row2>	0.0000 0.0000 1.0000 0.0000	</row2>
					<row3>	-0.1130 0.2278 0.0091 1.0000	</row3>
				</transform>
			</node>
			<node>
				<identifier>	MP_CM013_Fire_Hose_Rack_2_INDEX_4	</identifier>
				<transform>
					<row0>	-1.0000 0.0000 0.0000 0.0000	</row0>
					<row1>	0.0000 1.0000 0.0000 0.0000	</row1>
					<row2>	0.0000 0.0000 -1.0000 0.0000	</row2>
					<row3>	0.1601 0.3899 1.6446 1.0000	</row3>
				</transform>
			</node>
			<node>
				<identifier>	MP_CM014_Fuel_Oil_Hose	</identifier>
				<transform>
					<row0>	0.9953 0.0000 0.0966 0.0000	</row0>
					<row1>	0.0000 1.0000 0.0000 0.0000	</row1>
					<row2>	-0.0966 0.0000 0.9953 0.0000	</row2>
					<row3>	-0.1031 0.2320 -0.1457 1.0000	</row3>
				</transform>
			</node>
			<node>
				<identifier>	MP_CM014_Fuel_Oil_Hose_INDEX_1	</identifier>
				<transform>
					<row0>	-1.0000 0.0000 0.0000 0.0000	</row0>
					<row1>	0.0000 -1.0000 0.0000 0.0000	</row1>
					<row2>	0.0000 0.0000 1.0000 0.0000	</row2>
					<row3>	0.1153 0.2329 0.7223 1.0000	</row3>
				</transform>
			</node>
			<node>
				<identifier>	MP_CM014_Fuel_Oil_Hose_INDEX_2	</identifier>
				<transform>
					<row0>	-1.0000 0.0000 0.0000 0.0000	</row0>
					<row1>	0.0000 -1.0000 0.0000 0.0000	</row1>
					<row2>	0.0000 0.0000 1.0000 0.0000	</row2>
					<row3>	0.1153 0.2329 0.5521 1.0000	</row3>
				</transform>
			</node>
			<node>
				<identifier>	MP_CM014_Fuel_Oil_Hose_INDEX_3	</identifier>
				<transform>
					<row0>	1.0000 0.0000 0.0000 0.0000	</row0>
					<row1>	0.0000 1.0000 0.0000 0.0000	</row1>
					<row2>	0.0000 0.0000 1.0000 0.0000	</row2>
					<row3>	-0.1147 0.2266 0.3860 1.0000	</row3>
				</transform>
			</node>
			<node>
				<identifier>	MP_CM015_Bundle_1	</identifier>
				<transform>
					<row0>	1.0000 0.0000 0.0000 0.0000	</row0>
					<row1>	0.0000 1.0000 0.0000 0.0000	</row1>
					<row2>	0.0000 0.0000 1.0000 0.0000	</row2>
					<row3>	-0.0636 0.5093 1.6324 1.0000	</row3>
				</transform>
			</node>
			<node>
				<identifier>	MP_CM015_Bundle_1_INDEX_1	</identifier>
				<transform>
					<row0>	1.0000 0.0000 0.0000 0.0000	</row0>
					<row1>	0.0000 1.0000 0.0000 0.0000	</row1>
					<row2>	0.0000 0.0000 1.0000 0.0000	</row2>
					<row3>	0.0018 0.2297 -0.3048 1.0000	</row3>
				</transform>
			</node>
			<node>
				<identifier>	MP_CM015_Bundle_1_INDEX_2	</identifier>
				<transform>
					<row0>	1.0000 0.0000 0.0000 0.0000	</row0>
					<row1>	0.0000 1.0000 0.0000 0.0000	</row1>
					<row2>	0.0000 0.0000 1.0000 0.0000	</row2>
					<row3>	0.1650 0.5082 1.7335 1.0000	</row3>
				</transform>
			</node>
			<node>
				<identifier>	MP_CM019_Wood_Box_2	</identifier>
				<transform>
					<row0>	1.0000 0.0000 0.0000 0.0000	</row0>
					<row1>	0.0000 1.0000 0.0000 0.0000	</row1>
					<row2>	0.0000 0.0000 1.0000 0.0000	</row2>
					<row3>	-0.0950 0.2462 0.5630 1.0000	</row3>
				</transform>
			</node>
			<node>
				<identifier>	MP_CM019_Wood_Box_2_INDEX_1	</identifier>
				<transform>
					<row0>	0.9953 0.0000 0.0971 0.0000	</row0>
					<row1>	0.0000 1.0000 0.0000 0.0000	</row1>
					<row2>	-0.0971 0.0000 0.9953 0.0000	</row2>
					<row3>	-0.0877 0.2462 -0.1400 1.0000	</row3>
				</transform>
			</node>
			<node>
				<identifier>	MP_CM019_Wood_Box_2_INDEX_2	</identifier>
				<transform>
					<row0>	0.9954 0.0000 -0.0954 0.0000	</row0>
					<row1>	0.0000 1.0000 0.0000 0.0000	</row1>
					<row2>	0.0954 0.0000 0.9954 0.0000	</row2>
					<row3>	0.0884 0.2462 -0.1344 1.0000	</row3>
				</transform>
			</node>
			<node>
				<identifier>	MP_CM029_Emergency_Box	</identifier>
				<transform>
					<row0>	0.0000 0.0000 1.0000 0.0000	</row0>
					<row1>	0.0000 1.0000 0.0000 0.0000	</row1>
					<row2>	-1.0000 0.0000 0.0000 0.0000	</row2>
					<row3>	0.1156 0.6414 1.3926 1.0000	</row3>
				</transform>
			</node>
			<node>
				<identifier>	MP_CM029_Emergency_Box_INDEX_1	</identifier>
				<transform>
					<row0>	-1.0000 0.0000 0.0000 0.0000	</row0>
					<row1>	0.0000 1.0000 0.0000 0.0000	</row1>
					<row2>	0.0000 0.0000 -1.0000 0.0000	</row2>
					<row3>	-0.0772 0.2813 0.4665 1.0000	</row3>
				</transform>
			</node>
			<node>
				<identifier>	MP_CM029_Emergency_Box_INDEX_2	</identifier>
				<transform>
					<row0>	0.0000 0.0000 -1.0000 0.0000	</row0>
					<row1>	0.0000 1.0000 0.0000 0.0000	</row1>
					<row2>	1.0000 0.0000 0.0000 0.0000	</row2>
					<row3>	-0.1189 0.2546 1.2089 1.0000	</row3>
				</transform>
			</node>
			<node>
				<identifier>	MP_CM029_Emergency_Box_INDEX_3	</identifier>
				<transform>
					<row0>	0.0000 0.0000 -1.0000 0.0000	</row0>
					<row1>	0.0000 1.0000 0.0000 0.0000	</row1>
					<row2>	1.0000 0.0000 0.0000 0.0000	</row2>
					<row3>	-0.1156 0.6417 1.3926 1.0000	</row3>
				</transform>
			</node>
			<node>
				<identifier>	MP_CM029_Emergency_Box_INDEX_4	</identifier>
				<transform>
					<row0>	0.0000 0.0000 1.0000 0.0000	</row0>
					<row1>	0.0000 1.0000 0.0000 0.0000	</row1>
					<row2>	-1.0000 0.0000 0.0000 0.0000	</row2>
					<row3>	0.1189 0.2546 1.1784 1.0000	</row3>
				</transform>
			</node>
			<node>
				<identifier>	MP_CM029_Emergency_Box_INDEX_5	</identifier>
				<transform>
					<row0>	-1.0000 0.0000 0.0000 0.0000	</row0>
					<row1>	0.0000 1.0000 0.0000 0.0000	</row1>
					<row2>	0.0000 0.0000 -1.0000 0.0000	</row2>
					<row3>	0.0000 0.4211 2.0467 1.0000	</row3>
				</transform>
			</node>
			<node>
				<identifier>	MP_CM030_Swab_Rack_2	</identifier>
				<transform>
					<row0>	-0.9909 -0.1347 0.0000 0.0000	</row0>
					<row1>	-0.1347 0.9909 0.0000 0.0000	</row1>
					<row2>	0.0000 0.0000 -1.0000 0.0000	</row2>
					<row3>	-0.2270 0.1888 1.1604 1.0000	</row3>
				</transform>
			</node>
			<node>
				<identifier>	MP_CM040_Steering_Wheel	</identifier>
				<transform>
					<row0>	1.0000 0.0000 0.0000 0.0000	</row0>
					<row1>	0.0000 1.0000 0.0000 0.0000	</row1>
					<row2>	0.0000 0.0000 1.0000 0.0000	</row2>
					<row3>	0.0000 0.5870 1.4842 1.0000	</row3>
				</transform>
			</node>
			<node>
				<identifier>	MP_CM052_Fender	</identifier>
				<transform>
					<row0>	-0.3506 0.0000 0.2821 0.0000	</row0>
					<row1>	0.0000 0.4500 0.0000 0.0000	</row1>
					<row2>	-0.2821 0.0000 -0.3506 0.0000	</row2>
					<row3>	-0.0912 0.3583 1.2144 1.0000	</row3>
				</transform>
			</node>
			<node>
				<identifier>	MP_CM052_Fender_INDEX_1	</identifier>
				<transform>
					<row0>	0.0000 0.0000 0.4500 0.0000	</row0>
					<row1>	0.0000 0.4500 0.0000 0.0000	</row1>
					<row2>	-0.4500 0.0000 0.0000 0.0000	</row2>
					<row3>	-0.1284 0.2015 1.1351 1.0000	</row3>
				</transform>
			</node>
			<node>
				<identifier>	MP_CM052_Fender_INDEX_2	</identifier>
				<transform>
					<row0>	0.0000 0.0000 -0.4500 0.0000	</row0>
					<row1>	0.0000 0.4500 0.0000 0.0000	</row1>
					<row2>	0.4500 0.0000 0.0000 0.0000	</row2>
					<row3>	0.1284 0.2015 1.2186 1.0000	</row3>
				</transform>
			</node>
			<node>
				<identifier>	MP_CM052_Fender_INDEX_3	</identifier>
				<transform>
					<row0>	-0.3506 0.0000 -0.2821 0.0000	</row0>
					<row1>	0.0000 0.4500 0.0000 0.0000	</row1>
					<row2>	0.2821 0.0000 -0.3506 0.0000	</row2>
					<row3>	0.0912 0.3583 1.2144 1.0000	</row3>
				</transform>
			</node>
			<node>
				<identifier>	MP_CM056_Ships_bell	</identifier>
				<transform>
					<row0>	1.0000 0.0000 0.0000 0.0000	</row0>
					<row1>	0.0000 1.0000 0.0000 0.0000	</row1>
					<row2>	0.0000 0.0000 1.0000 0.0000	</row2>
					<row3>	-0.0433 0.5458 1.1808 1.0000	</row3>
				</transform>
			</node>
			<node>
				<identifier>	MP_CM057_Accommodation_Ladder_Closed	</identifier>
				<transform>
					<row0>	0.0000 1.0000 0.0000 0.0000	</row0>
					<row1>	-1.0000 0.0000 0.0000 0.0000	</row1>
					<row2>	0.0000 0.0000 1.0000 0.0000	</row2>
					<row3>	0.0862 0.2877 0.9876 1.0000	</row3>
				</transform>
			</node>
			<node>
				<identifier>	MP_CM057_Accommodation_Ladder_Closed_INDEX_1	</identifier>
				<transform>
					<row0>	0.0000 1.0000 0.0000 0.0000	</row0>
					<row1>	-1.0000 0.0000 0.0000 0.0000	</row1>
					<row2>	0.0000 0.0000 1.0000 0.0000	</row2>
					<row3>	-0.1159 0.2417 0.8858 1.0000	</row3>
				</transform>
			</node>
			<node>
				<identifier>	MP_CM061_Barrel	</identifier>
				<transform>
					<row0>	1.0000 0.0000 0.0000 0.0000	</row0>
					<row1>	0.0000 1.0000 0.0000 0.0000	</row1>
					<row2>	0.0000 0.0000 1.0000 0.0000	</row2>
					<row3>	0.0268 0.2463 0.4148 1.0000	</row3>
				</transform>
			</node>
			<node>
				<identifier>	MP_CM061_Barrel_INDEX_1	</identifier>
				<transform>
					<row0>	1.0000 0.0000 0.0000 0.0000	</row0>
					<row1>	0.0000 1.0000 0.0000 0.0000	</row1>
					<row2>	0.0000 0.0000 1.0000 0.0000	</row2>
					<row3>	0.0268 0.2463 0.3823 1.0000	</row3>
				</transform>
			</node>
			<node>
				<identifier>	MP_CM061_Barrel_INDEX_2	</identifier>
				<transform>
					<row0>	1.0000 0.0000 0.0000 0.0000	</row0>
					<row1>	0.0000 1.0000 0.0000 0.0000	</row1>
					<row2>	0.0000 0.0000 1.0000 0.0000	</row2>
					<row3>	-0.0267 0.2463 0.4049 1.0000	</row3>
				</transform>
			</node>
			<node>
				<identifier>	MP_CM091_Semaphore	</identifier>
				<transform>
					<row0>	0.8365 0.0000 0.0000 0.0000	</row0>
					<row1>	0.0000 0.8365 0.0000 0.0000	</row1>
					<row2>	0.0000 0.0000 0.8365 0.0000	</row2>
					<row3>	-0.0964 0.7302 1.5214 1.0000	</row3>
				</transform>
			</node>
			<node>
				<identifier>	MP_CM091_Semaphore_INDEX_1	</identifier>
				<transform>
					<row0>	0.8365 0.0000 0.0000 0.0000	</row0>
					<row1>	0.0000 0.8365 0.0000 0.0000	</row1>
					<row2>	0.0000 0.0000 0.8365 0.0000	</row2>
					<row3>	0.2494 0.5731 1.2783 1.0000	</row3>
				</transform>
			</node>
			<node>
				<identifier>	MP_CM092_Siren	</identifier>
				<transform>
					<row0>	0.5012 0.0000 -0.8681 0.0000	</row0>
					<row1>	0.0000 1.0024 0.0000 0.0000	</row1>
					<row2>	0.8681 0.0000 0.5012 0.0000	</row2>
					<row3>	0.0802 0.6358 -0.1078 1.0000	</row3>
				</transform>
			</node>
			<node>
				<identifier>	MP_CM109_Leadsman_Platform	</identifier>
				<transform>
					<row0>	0.0000 -1.0000 0.0000 0.0000	</row0>
					<row1>	1.0000 0.0000 0.0000 0.0000	</row1>
					<row2>	0.0000 0.0000 1.0000 0.0000	</row2>
					<row3>	-0.3109 0.3478 1.6302 1.0000	</row3>
				</transform>
			</node>
			<node>
				<identifier>	MP_CM109_Leadsman_Platform_INDEX_1	</identifier>
				<transform>
					<row0>	0.0000 -1.0000 0.0000 0.0000	</row0>
					<row1>	-1.0000 0.0000 0.0000 0.0000	</row1>
					<row2>	0.0000 0.0000 -1.0000 0.0000	</row2>
					<row3>	0.3109 0.3478 1.6302 1.0000	</row3>
				</transform>
			</node>
			<node>
				<identifier>	MP_CM112_Fire_Extinguisher	</identifier>
				<transform>
					<row0>	-0.6268 0.0000 0.7792 0.0000	</row0>
					<row1>	0.0000 1.0000 0.0000 0.0000	</row1>
					<row2>	-0.7792 0.0000 -0.6268 0.0000	</row2>
					<row3>	-0.2561 0.6198 1.4391 1.0000	</row3>
				</transform>
			</node>
			<node>
				<identifier>	MP_CM112_Fire_Extinguisher_INDEX_1	</identifier>
				<transform>
					<row0>	0.6268 0.0000 0.7792 0.0000	</row0>
					<row1>	0.0000 1.0000 0.0000 0.0000	</row1>
					<row2>	-0.7792 0.0000 0.6268 0.0000	</row2>
					<row3>	0.2513 0.6198 1.4431 1.0000	</row3>
				</transform>
			</node>
			<node>
				<identifier>	MP_CM112_Fire_Extinguisher_INDEX_2	</identifier>
				<transform>
					<row0>	-0.5817 0.0000 -0.8134 0.0000	</row0>
					<row1>	0.0000 1.0000 0.0000 0.0000	</row1>
					<row2>	0.8134 0.0000 -0.5817 0.0000	</row2>
					<row3>	0.0584 0.5472 1.6084 1.0000	</row3>
				</transform>
			</node>
			<node>
				<identifier>	MP_CM112_Fire_Extinguisher_INDEX_3	</identifier>
				<transform>
					<row0>	-1.0000 0.0000 0.0000 0.0000	</row0>
					<row1>	0.0000 1.0000 0.0000 0.0000	</row1>
					<row2>	0.0000 0.0000 -1.0000 0.0000	</row2>
					<row3>	-0.1267 0.7981 1.2918 1.0000	</row3>
				</transform>
			</node>
			<node>
				<identifier>	MP_CM120_Chair_Captain	</identifier>
				<transform>
					<row0>	1.0000 0.0000 0.0000 0.0000	</row0>
					<row1>	0.0000 1.0000 0.0000 0.0000	</row1>
					<row2>	0.0000 0.0000 1.0000 0.0000	</row2>
					<row3>	0.0345 0.7426 1.4768 1.0000	</row3>
				</transform>
			</node>
			<node>
				<identifier>	MP_CM128_Barrel	</identifier>
				<transform>
					<row0>	-0.8660 0.0000 0.5000 0.0000	</row0>
					<row1>	0.0000 1.0000 0.0000 0.0000	</row1>
					<row2>	-0.5000 0.0000 -0.8660 0.0000	</row2>
					<row3>	-0.0316 0.2542 0.4307 1.0000	</row3>
				</transform>
			</node>
			<node>
				<identifier>	MP_ZM024_Life_Buoy	</identifier>
				<transform>
					<row0>	0.0000 0.0000 1.0000 0.0000	</row0>
					<row1>	0.0000 1.0000 0.0000 0.0000	</row1>
					<row2>	-1.0000 0.0000 0.0000 0.0000	</row2>
					<row3>	0.2725 0.6378 1.3502 1.0000	</row3>
				</transform>
			</node>
			<node>
				<identifier>	MP_ZM024_Life_Buoy_INDEX_1	</identifier>
				<transform>
					<row0>	0.0000 0.0000 -1.0000 0.0000	</row0>
					<row1>	0.0000 1.0000 0.0000 0.0000	</row1>
					<row2>	1.0000 0.0000 0.0000 0.0000	</row2>
					<row3>	-0.2725 0.6378 1.3501 1.0000	</row3>
				</transform>
			</node>
			<node>
				<identifier>	MP_ZM024_Life_Buoy_INDEX_2	</identifier>
				<transform>
					<row0>	0.0000 0.0000 1.0000 0.0000	</row0>
					<row1>	0.0000 1.0000 0.0000 0.0000	</row1>
					<row2>	-1.0000 0.0000 0.0000 0.0000	</row2>
					<row3>	0.2946 0.2421 -0.2188 1.0000	</row3>
				</transform>
			</node>
			<node>
				<identifier>	MP_ZM024_Life_Buoy_INDEX_3	</identifier>
				<transform>
					<row0>	-0.0114 0.0000 0.9999 0.0000	</row0>
					<row1>	0.0000 1.0000 0.0000 0.0000	</row1>
					<row2>	-0.9999 0.0000 -0.0114 0.0000	</row2>
					<row3>	0.3004 0.4129 1.7666 1.0000	</row3>
				</transform>
			</node>
			<node>
				<identifier>	MP_ZM024_Life_Buoy_INDEX_4	</identifier>
				<transform>
					<row0>	-0.0114 0.0000 -0.9999 0.0000	</row0>
					<row1>	0.0000 1.0000 0.0000 0.0000	</row1>
					<row2>	0.9999 0.0000 -0.0114 0.0000	</row2>
					<row3>	-0.3004 0.4129 1.7666 1.0000	</row3>
				</transform>
			</node>
			<node>
				<identifier>	MP_ZM024_Life_Buoy_INDEX_5	</identifier>
				<transform>
					<row0>	0.0000 0.0000 -1.0000 0.0000	</row0>
					<row1>	0.0000 1.0000 0.0000 0.0000	</row1>
					<row2>	1.0000 0.0000 0.0000 0.0000	</row2>
					<row3>	-0.2946 0.2421 -0.2188 1.0000	</row3>
				</transform>
			</node>
			<node>
				<identifier>	MP_ZM054_Reels_1	</identifier>
				<transform>
					<row0>	0.0000 0.0000 0.8000 0.0000	</row0>
					<row1>	0.0869 0.7953 0.0000 0.0000	</row1>
					<row2>	-0.7953 0.0869 0.0000 0.0000	</row2>
					<row3>	0.1939 0.1952 -0.2175 1.0000	</row3>
				</transform>
			</node>
			<node>
				<identifier>	MP_ZM054_Reels_1_INDEX_1	</identifier>
				<transform>
					<row0>	-0.0005 -0.0050 0.8000 0.0000	</row0>
					<row1>	0.0875 0.7952 0.0050 0.0000	</row1>
					<row2>	-0.7952 0.0875 0.0000 0.0000	</row2>
					<row3>	0.2358 0.1892 1.0120 1.0000	</row3>
				</transform>
			</node>
			<node>
				<identifier>	MP_ZM054_Reels_1_INDEX_2	</identifier>
				<transform>
					<row0>	-0.7953 0.0869 0.0000 0.0000	</row0>
					<row1>	0.0869 0.7953 0.0000 0.0000	</row1>
					<row2>	0.0000 0.0000 -0.8000 0.0000	</row2>
					<row3>	0.2109 0.1929 0.5693 1.0000	</row3>
				</transform>
			</node>
			<node>
				<identifier>	MP_ZM054_Reels_1_INDEX_3	</identifier>
				<transform>
					<row0>	-0.7953 -0.0869 0.0000 0.0000	</row0>
					<row1>	-0.0869 0.7953 0.0000 0.0000	</row1>
					<row2>	0.0000 0.0000 -0.8000 0.0000	</row2>
					<row3>	-0.2109 0.1929 0.5693 1.0000	</row3>
				</transform>
			</node>
			<node>
				<identifier>	MP_ZM054_Reels_1_INDEX_4	</identifier>
				<transform>
					<row0>	-0.0005 0.0050 -0.8000 0.0000	</row0>
					<row1>	-0.0875 0.7952 0.0050 0.0000	</row1>
					<row2>	0.7952 0.0875 0.0000 0.0000	</row2>
					<row3>	-0.2358 0.1892 1.0120 1.0000	</row3>
				</transform>
			</node>
			<node>
				<identifier>	MP_ZM056_Artillery_shell	</identifier>
				<transform>
					<row0>	-1.0000 0.0000 0.0081 0.0000	</row0>
					<row1>	0.0000 1.0000 0.0000 0.0000	</row1>
					<row2>	-0.0081 0.0000 -1.0000 0.0000	</row2>
					<row3>	-0.2860 0.3499 1.9393 1.0000	</row3>
				</transform>
			</node>
			<node>
				<identifier>	MP_ZM056_Artillery_shell_INDEX_1	</identifier>
				<transform>
					<row0>	-1.0000 0.0000 0.0081 0.0000	</row0>
					<row1>	0.0000 1.0000 0.0000 0.0000	</row1>
					<row2>	-0.0081 0.0000 -1.0000 0.0000	</row2>
					<row3>	-0.2013 0.5087 1.8228 1.0000	</row3>
				</transform>
			</node>
			<node>
				<identifier>	MP_ZM056_Artillery_shell_INDEX_10	</identifier>
				<transform>
					<row0>	0.7128 0.0000 -0.7014 0.0000	</row0>
					<row1>	0.0000 1.0000 0.0000 0.0000	</row1>
					<row2>	0.7014 0.0000 0.7128 0.0000	</row2>
					<row3>	0.1461 0.3610 0.1410 1.0000	</row3>
				</transform>
			</node>
			<node>
				<identifier>	MP_ZM056_Artillery_shell_INDEX_11	</identifier>
				<transform>
					<row0>	0.7895 0.0000 0.6138 0.0000	</row0>
					<row1>	0.0000 1.0000 0.0000 0.0000	</row1>
					<row2>	-0.6138 0.0000 0.7895 0.0000	</row2>
					<row3>	0.1488 0.5087 1.9281 1.0000	</row3>
				</transform>
			</node>
			<node>
				<identifier>	MP_ZM056_Artillery_shell_INDEX_12	</identifier>
				<transform>
					<row0>	0.2510 0.0000 0.9680 0.0000	</row0>
					<row1>	0.0000 1.0000 0.0000 0.0000	</row1>
					<row2>	-0.9680 0.0000 0.2510 0.0000	</row2>
					<row3>	0.0535 0.3610 0.4869 1.0000	</row3>
				</transform>
			</node>
			<node>
				<identifier>	MP_ZM056_Artillery_shell_INDEX_13	</identifier>
				<transform>
					<row0>	-0.9985 0.0000 0.0540 0.0000	</row0>
					<row1>	0.0000 1.0000 0.0000 0.0000	</row1>
					<row2>	-0.0540 0.0000 -0.9985 0.0000	</row2>
					<row3>	-0.2808 0.3514 2.0587 1.0000	</row3>
				</transform>
			</node>
			<node>
				<identifier>	MP_ZM056_Artillery_shell_INDEX_14	</identifier>
				<transform>
					<row0>	-0.9638 0.0000 0.2666 0.0000	</row0>
					<row1>	0.0000 1.0000 0.0000 0.0000	</row1>
					<row2>	-0.2666 0.0000 -0.9638 0.0000	</row2>
					<row3>	-0.1997 0.3610 0.3407 1.0000	</row3>
				</transform>
			</node>
			<node>
				<identifier>	MP_ZM056_Artillery_shell_INDEX_15	</identifier>
				<transform>
					<row0>	-0.2666 0.0000 -0.9638 0.0000	</row0>
					<row1>	0.0000 1.0000 0.0000 0.0000	</row1>
					<row2>	0.9638 0.0000 -0.2666 0.0000	</row2>
					<row3>	-0.0535 0.3610 0.0876 1.0000	</row3>
				</transform>
			</node>
			<node>
				<identifier>	MP_ZM056_Artillery_shell_INDEX_16	</identifier>
				<transform>
					<row0>	-0.5070 0.0000 -0.8620 0.0000	</row0>
					<row1>	0.0000 1.0000 0.0000 0.0000	</row1>
					<row2>	0.8620 0.0000 -0.5070 0.0000	</row2>
					<row3>	-0.1033 0.3610 0.1081 1.0000	</row3>
				</transform>
			</node>
			<node>
				<identifier>	MP_ZM056_Artillery_shell_INDEX_17	</identifier>
				<transform>
					<row0>	0.8700 0.0000 -0.4930 0.0000	</row0>
					<row1>	0.0000 1.0000 0.0000 0.0000	</row1>
					<row2>	0.4930 0.0000 0.8700 0.0000	</row2>
					<row3>	0.1790 0.3610 0.1838 1.0000	</row3>
				</transform>
			</node>
			<node>
				<identifier>	MP_ZM056_Artillery_shell_INDEX_18	</identifier>
				<transform>
					<row0>	0.9985 0.0000 0.0540 0.0000	</row0>
					<row1>	0.0000 1.0000 0.0000 0.0000	</row1>
					<row2>	-0.0540 0.0000 0.9985 0.0000	</row2>
					<row3>	0.2808 0.3514 2.0587 1.0000	</row3>
				</transform>
			</node>
			<node>
				<identifier>	MP_ZM056_Artillery_shell_INDEX_19	</identifier>
				<transform>
					<row0>	-1.0000 0.0000 0.0081 0.0000	</row0>
					<row1>	0.0000 1.0000 0.0000 0.0000	</row1>
					<row2>	-0.0081 0.0000 -1.0000 0.0000	</row2>
					<row3>	-0.2878 0.3492 1.7605 1.0000	</row3>
				</transform>
			</node>
			<node>
				<identifier>	MP_ZM056_Artillery_shell_INDEX_2	</identifier>
				<transform>
					<row0>	0.7895 0.0000 0.6138 0.0000	</row0>
					<row1>	0.0000 1.0000 0.0000 0.0000	</row1>
					<row2>	-0.6138 0.0000 0.7895 0.0000	</row2>
					<row3>	0.1166 0.5087 1.9689 1.0000	</row3>
				</transform>
			</node>
			<node>
				<identifier>	MP_ZM056_Artillery_shell_INDEX_20	</identifier>
				<transform>
					<row0>	0.8620 0.0000 0.5070 0.0000	</row0>
					<row1>	0.0000 1.0000 0.0000 0.0000	</row1>
					<row2>	-0.5070 0.0000 0.8620 0.0000	</row2>
					<row3>	0.1790 0.3610 0.3906 1.0000	</row3>
				</transform>
			</node>
			<node>
				<identifier>	MP_ZM056_Artillery_shell_INDEX_21	</identifier>
				<transform>
					<row0>	0.9985 0.0000 0.0540 0.0000	</row0>
					<row1>	0.0000 1.0000 0.0000 0.0000	</row1>
					<row2>	-0.0540 0.0000 0.9985 0.0000	</row2>
					<row3>	0.2840 0.3505 1.9991 1.0000	</row3>
				</transform>
			</node>
			<node>
				<identifier>	MP_ZM056_Artillery_shell_INDEX_22	</identifier>
				<transform>
					<row0>	1.0000 0.0000 0.0081 0.0000	</row0>
					<row1>	0.0000 1.0000 0.0000 0.0000	</row1>
					<row2>	-0.0081 0.0000 1.0000 0.0000	</row2>
					<row3>	0.2866 0.3497 1.8798 1.0000	</row3>
				</transform>
			</node>
			<node>
				<identifier>	MP_ZM056_Artillery_shell_INDEX_23	</identifier>
				<transform>
					<row0>	-0.9985 0.0000 0.0540 0.0000	</row0>
					<row1>	0.0000 1.0000 0.0000 0.0000	</row1>
					<row2>	-0.0540 0.0000 -0.9985 0.0000	</row2>
					<row3>	-0.2778 0.3525 2.1184 1.0000	</row3>
				</transform>
			</node>
			<node>
				<identifier>	MP_ZM056_Artillery_shell_INDEX_24	</identifier>
				<transform>
					<row0>	0.9638 0.0000 0.2666 0.0000	</row0>
					<row1>	0.0000 1.0000 0.0000 0.0000	</row1>
					<row2>	-0.2666 0.0000 0.9638 0.0000	</row2>
					<row3>	0.1997 0.3610 0.3407 1.0000	</row3>
				</transform>
			</node>
			<node>
				<identifier>	MP_ZM056_Artillery_shell_INDEX_25	</identifier>
				<transform>
					<row0>	0.0081 0.0000 1.0000 0.0000	</row0>
					<row1>	0.0000 1.0000 0.0000 0.0000	</row1>
					<row2>	-1.0000 0.0000 0.0081 0.0000	</row2>
					<row3>	0.0000 0.3610 0.4940 1.0000	</row3>
				</transform>
			</node>
			<node>
				<identifier>	MP_ZM056_Artillery_shell_INDEX_26	</identifier>
				<transform>
					<row0>	0.9985 0.0000 0.0540 0.0000	</row0>
					<row1>	0.0000 1.0000 0.0000 0.0000	</row1>
					<row2>	-0.0540 0.0000 0.9985 0.0000	</row2>
					<row3>	0.2778 0.3525 2.1184 1.0000	</row3>
				</transform>
			</node>
			<node>
				<identifier>	MP_ZM056_Artillery_shell_INDEX_27	</identifier>
				<transform>
					<row0>	-1.0000 0.0000 0.0081 0.0000	</row0>
					<row1>	0.0000 1.0000 0.0000 0.0000	</row1>
					<row2>	-0.0081 0.0000 -1.0000 0.0000	</row2>
					<row3>	-0.2866 0.3497 1.8798 1.0000	</row3>
				</transform>
			</node>
			<node>
				<identifier>	MP_ZM056_Artillery_shell_INDEX_28	</identifier>
				<transform>
					<row0>	-0.9985 0.0000 0.0540 0.0000	</row0>
					<row1>	0.0000 1.0000 0.0000 0.0000	</row1>
					<row2>	-0.0540 0.0000 -0.9985 0.0000	</row2>
					<row3>	-0.2840 0.3505 1.9991 1.0000	</row3>
				</transform>
			</node>
			<node>
				<identifier>	MP_ZM056_Artillery_shell_INDEX_29	</identifier>
				<transform>
					<row0>	1.0000 0.0000 0.0081 0.0000	</row0>
					<row1>	0.0000 1.0000 0.0000 0.0000	</row1>
					<row2>	-0.0081 0.0000 1.0000 0.0000	</row2>
					<row3>	0.2013 0.5087 1.8228 1.0000	</row3>
				</transform>
			</node>
			<node>
				<identifier>	MP_ZM056_Artillery_shell_INDEX_3	</identifier>
				<transform>
					<row0>	0.2666 0.0000 -0.9638 0.0000	</row0>
					<row1>	0.0000 1.0000 0.0000 0.0000	</row1>
					<row2>	0.9638 0.0000 0.2666 0.0000	</row2>
					<row3>	0.0535 0.3610 0.0876 1.0000	</row3>
				</transform>
			</node>
			<node>
				<identifier>	MP_ZM056_Artillery_shell_INDEX_30	</identifier>
				<transform>
					<row0>	-0.9680 0.0000 -0.2510 0.0000	</row0>
					<row1>	0.0000 1.0000 0.0000 0.0000	</row1>
					<row2>	0.2510 0.0000 -0.9680 0.0000	</row2>
					<row3>	-0.1997 0.3610 0.2337 1.0000	</row3>
				</transform>
			</node>
			<node>
				<identifier>	MP_ZM056_Artillery_shell_INDEX_31	</identifier>
				<transform>
					<row0>	-0.8700 0.0000 -0.4930 0.0000	</row0>
					<row1>	0.0000 1.0000 0.0000 0.0000	</row1>
					<row2>	0.4930 0.0000 -0.8700 0.0000	</row2>
					<row3>	-0.1790 0.3610 0.1838 1.0000	</row3>
				</transform>
			</node>
			<node>
				<identifier>	MP_ZM056_Artillery_shell_INDEX_32	</identifier>
				<transform>
					<row0>	-0.7128 0.0000 -0.7014 0.0000	</row0>
					<row1>	0.0000 1.0000 0.0000 0.0000	</row1>
					<row2>	0.7014 0.0000 -0.7128 0.0000	</row2>
					<row3>	-0.1461 0.3610 0.1410 1.0000	</row3>
				</transform>
			</node>
			<node>
				<identifier>	MP_ZM056_Artillery_shell_INDEX_33	</identifier>
				<transform>
					<row0>	0.8852 0.0000 0.4653 0.0000	</row0>
					<row1>	0.0000 1.0000 0.0000 0.0000	</row1>
					<row2>	-0.4653 0.0000 0.8852 0.0000	</row2>
					<row3>	0.1842 0.5087 1.8824 1.0000	</row3>
				</transform>
			</node>
			<node>
				<identifier>	MP_ZM056_Artillery_shell_INDEX_34	</identifier>
				<transform>
					<row0>	-0.8852 0.0000 0.4653 0.0000	</row0>
					<row1>	0.0000 1.0000 0.0000 0.0000	</row1>
					<row2>	-0.4653 0.0000 -0.8852 0.0000	</row2>
					<row3>	-0.1842 0.5087 1.8824 1.0000	</row3>
				</transform>
			</node>
			<node>
				<identifier>	MP_ZM056_Artillery_shell_INDEX_35	</identifier>
				<transform>
					<row0>	0.9767 0.0000 -0.2146 0.0000	</row0>
					<row1>	0.0000 1.0000 0.0000 0.0000	</row1>
					<row2>	0.2146 0.0000 0.9767 0.0000	</row2>
					<row3>	0.1788 0.5087 1.7035 1.0000	</row3>
				</transform>
			</node>
			<node>
				<identifier>	MP_ZM056_Artillery_shell_INDEX_36	</identifier>
				<transform>
					<row0>	0.9787 0.0000 -0.2051 0.0000	</row0>
					<row1>	0.0000 1.0000 0.0000 0.0000	</row1>
					<row2>	0.2051 0.0000 0.9787 0.0000	</row2>
					<row3>	0.1910 0.5087 1.7581 1.0000	</row3>
				</transform>
			</node>
			<node>
				<identifier>	MP_ZM056_Artillery_shell_INDEX_37	</identifier>
				<transform>
					<row0>	1.0000 0.0000 0.0081 0.0000	</row0>
					<row1>	0.0000 1.0000 0.0000 0.0000	</row1>
					<row2>	-0.0081 0.0000 1.0000 0.0000	</row2>
					<row3>	0.2872 0.3494 1.8202 1.0000	</row3>
				</transform>
			</node>
			<node>
				<identifier>	MP_ZM056_Artillery_shell_INDEX_38	</identifier>
				<transform>
					<row0>	1.0000 0.0000 0.0081 0.0000	</row0>
					<row1>	0.0000 1.0000 0.0000 0.0000	</row1>
					<row2>	-0.0081 0.0000 1.0000 0.0000	</row2>
					<row3>	0.2860 0.3499 1.9393 1.0000	</row3>
				</transform>
			</node>
			<node>
				<identifier>	MP_ZM056_Artillery_shell_INDEX_39	</identifier>
				<transform>
					<row0>	-1.0000 0.0000 0.0081 0.0000	</row0>
					<row1>	0.0000 1.0000 0.0000 0.0000	</row1>
					<row2>	-0.0081 0.0000 -1.0000 0.0000	</row2>
					<row3>	-0.2872 0.3494 1.8202 1.0000	</row3>
				</transform>
			</node>
			<node>
				<identifier>	MP_ZM056_Artillery_shell_INDEX_4	</identifier>
				<transform>
					<row0>	-0.2510 0.0000 0.9680 0.0000	</row0>
					<row1>	0.0000 1.0000 0.0000 0.0000	</row1>
					<row2>	-0.9680 0.0000 -0.2510 0.0000	</row2>
					<row3>	-0.0535 0.3610 0.4869 1.0000	</row3>
				</transform>
			</node>
			<node>
				<identifier>	MP_ZM056_Artillery_shell_INDEX_40	</identifier>
				<transform>
					<row0>	0.9680 0.0000 -0.2510 0.0000	</row0>
					<row1>	0.0000 1.0000 0.0000 0.0000	</row1>
					<row2>	0.2510 0.0000 0.9680 0.0000	</row2>
					<row3>	0.1997 0.3610 0.2337 1.0000	</row3>
				</transform>
			</node>
			<node>
				<identifier>	MP_ZM056_Artillery_shell_INDEX_41	</identifier>
				<transform>
					<row0>	1.0000 0.0000 0.0081 0.0000	</row0>
					<row1>	0.0000 1.0000 0.0000 0.0000	</row1>
					<row2>	-0.0081 0.0000 1.0000 0.0000	</row2>
					<row3>	0.2878 0.3492 1.7605 1.0000	</row3>
				</transform>
			</node>
			<node>
				<identifier>	MP_ZM056_Artillery_shell_INDEX_42	</identifier>
				<transform>
					<row0>	-0.9787 0.0000 -0.2051 0.0000	</row0>
					<row1>	0.0000 1.0000 0.0000 0.0000	</row1>
					<row2>	0.2051 0.0000 -0.9787 0.0000	</row2>
					<row3>	-0.1910 0.5087 1.7581 1.0000	</row3>
				</transform>
			</node>
			<node>
				<identifier>	MP_ZM056_Artillery_shell_INDEX_43	</identifier>
				<transform>
					<row0>	-0.7895 0.0000 0.6138 0.0000	</row0>
					<row1>	0.0000 1.0000 0.0000 0.0000	</row1>
					<row2>	-0.6138 0.0000 -0.7895 0.0000	</row2>
					<row3>	-0.1488 0.5087 1.9281 1.0000	</row3>
				</transform>
			</node>
			<node>
				<identifier>	MP_ZM056_Artillery_shell_INDEX_44	</identifier>
				<transform>
					<row0>	0.5070 0.0000 -0.8620 0.0000	</row0>
					<row1>	0.0000 1.0000 0.0000 0.0000	</row1>
					<row2>	0.8620 0.0000 0.5070 0.0000	</row2>
					<row3>	0.1033 0.3610 0.1081 1.0000	</row3>
				</transform>
			</node>
			<node>
				<identifier>	MP_ZM056_Artillery_shell_INDEX_45	</identifier>
				<transform>
					<row0>	-0.7895 0.0000 0.6138 0.0000	</row0>
					<row1>	0.0000 1.0000 0.0000 0.0000	</row1>
