<RSD025_Minsk_1943_MidFront_ports.visual>
	<node>
		<identifier>	Scene Root	</identifier>
		<transform>
			<row0>	1.0000 0.0000 0.0000 0.0000	</row0>
			<row1>	0.0000 1.0000 0.0000 0.0000	</row1>
			<row2>	0.0000 0.0000 1.0000 0.0000	</row2>
			<row3>	0.0000 0.0000 0.0000 1.0000	</row3>
		</transform>
		<node>
			<identifier>	MidFront_ports	</identifier>
			<transform>
				<row0>	1.0000 0.0000 0.0000 0.0000	</row0>
				<row1>	0.0000 1.0000 0.0000 0.0000	</row1>
				<row2>	0.0000 0.0000 1.0000 0.0000	</row2>
				<row3>	0.0000 0.0000 0.0000 1.0000	</row3>
			</transform>
			<node>
				<identifier>	HP_FX_Death_2	</identifier>
				<transform>
					<row0>	1.0000 0.0000 0.0000 0.0000	</row0>
					<row1>	0.0000 1.0000 0.0000 0.0000	</row1>
					<row2>	0.0000 0.0000 1.0000 0.0000	</row2>
					<row3>	0.0000 0.0000 0.2128 1.0000	</row3>
				</transform>
			</node>
			<node>
				<identifier>	HP_FX_Fire_2	</identifier>
				<transform>
					<row0>	1.0000 0.0000 0.0000 0.0000	</row0>
					<row1>	0.0000 1.0000 0.0000 0.0000	</row1>
					<row2>	0.0000 0.0000 1.0000 0.0000	</row2>
					<row3>	0.0000 0.7863 2.1418 1.0000	</row3>
				</transform>
			</node>
			<node>
				<identifier>	HP_FX_Fire_2_side_1	</identifier>
				<transform>
					<row0>	1.0000 0.0000 0.0000 0.0000	</row0>
					<row1>	0.0000 1.0000 0.0000 0.0000	</row1>
					<row2>	0.0000 0.0000 1.0000 0.0000	</row2>
					<row3>	-0.2639 0.3711 1.7299 1.0000	</row3>
				</transform>
			</node>
			<node>
				<identifier>	HP_FX_Fire_2_side_2	</identifier>
				<transform>
					<row0>	1.0000 0.0000 0.0000 0.0000	</row0>
					<row1>	0.0000 1.0000 0.0000 0.0000	</row1>
					<row2>	0.0000 0.0000 1.0000 0.0000	</row2>
					<row3>	0.2413 0.4295 0.7971 1.0000	</row3>
				</transform>
			</node>
			<node>
				<identifier>	HP_FX_Flood_steam_2	</identifier>
				<transform>
					<row0>	0.7024 -0.7118 0.0000 0.0000	</row0>
					<row1>	0.7118 0.7024 0.0000 0.0000	</row1>
					<row2>	0.0000 0.0000 1.0000 0.0000	</row2>
					<row3>	0.0834 0.8350 0.6760 1.0000	</row3>
				</transform>
			</node>
			<node>
				<identifier>	HP_FX_Flood_steam_3	</identifier>
				<transform>
					<row0>	0.7568 0.6536 0.0000 0.0000	</row0>
					<row1>	-0.6536 0.7568 0.0000 0.0000	</row1>
					<row2>	0.0000 0.0000 1.0000 0.0000	</row2>
					<row3>	-0.1208 0.8420 0.7673 1.0000	</row3>
				</transform>
			</node>
			<node>
				<identifier>	HP_FX_Flood_steam_left	</identifier>
				<transform>
					<row0>	-1.0000 0.0000 0.0000 0.0000	</row0>
					<row1>	0.0000 1.0000 0.0000 0.0000	</row1>
					<row2>	0.0000 0.0000 -1.0000 0.0000	</row2>
					<row3>	-0.1990 0.4186 2.2050 1.0000	</row3>
				</transform>
			</node>
			<node>
				<identifier>	HP_FX_Flood_water_left_2	</identifier>
				<transform>
					<row0>	-1.0000 0.0000 0.0000 0.0000	</row0>
					<row1>	0.0000 1.0000 0.0000 0.0000	</row1>
					<row2>	0.0000 0.0000 -1.0000 0.0000	</row2>
					<row3>	-0.3390 0.0070 1.0032 1.0000	</row3>
				</transform>
			</node>
			<node>
				<identifier>	HP_FX_Flood_water_right_2	</identifier>
				<transform>
					<row0>	1.0000 0.0000 0.0000 0.0000	</row0>
					<row1>	0.0000 1.0000 0.0000 0.0000	</row1>
					<row2>	0.0000 0.0000 1.0000 0.0000	</row2>
					<row3>	0.3389 0.0067 1.0035 1.0000	</row3>
				</transform>
			</node>
			<node>
				<identifier>	HP_FX_Smoke_1	</identifier>
				<transform>
					<row0>	1.0000 0.0000 0.0000 0.0000	</row0>
					<row1>	0.0000 0.9992 -0.0401 0.0000	</row1>
					<row2>	0.0000 0.0401 0.9992 0.0000	</row2>
					<row3>	0.0000 0.8369 0.8419 1.0000	</row3>
				</transform>
			</node>
			<node>
				<identifier>	HP_RD_1	</identifier>
				<transform>
					<row0>	1.0000 0.0000 0.0000 0.0000	</row0>
					<row1>	0.0000 1.0000 0.0000 0.0000	</row1>
					<row2>	0.0000 0.0000 1.0000 0.0000	</row2>
					<row3>	0.0000 0.7486 2.3919 1.0000	</row3>
				</transform>
			</node>
			<node>
				<identifier>	HP_RD_2	</identifier>
				<transform>
					<row0>	0.0000 0.0000 1.0000 0.0000	</row0>
					<row1>	0.0000 1.0000 0.0000 0.0000	</row1>
					<row2>	-1.0000 0.0000 0.0000 0.0000	</row2>
					<row3>	-0.1936 0.7358 2.1932 1.0000	</row3>
				</transform>
			</node>
			<node>
				<identifier>	HP_RD_3	</identifier>
				<transform>
					<row0>	0.0000 0.0000 -1.0000 0.0000	</row0>
					<row1>	0.0000 1.0000 0.0000 0.0000	</row1>
					<row2>	1.0000 0.0000 0.0000 0.0000	</row2>
					<row3>	0.1936 0.7358 2.1932 1.0000	</row3>
				</transform>
			</node>
			<node>
				<identifier>	HP_RF_1	</identifier>
				<transform>
					<row0>	0.0000 0.0000 1.0000 0.0000	</row0>
					<row1>	0.0000 1.0000 0.0000 0.0000	</row1>
					<row2>	-1.0000 0.0000 0.0000 0.0000	</row2>
					<row3>	-0.2165 0.7503 2.0944 1.0000	</row3>
				</transform>
			</node>
			<node>
				<identifier>	HP_RF_2	</identifier>
				<transform>
					<row0>	0.0000 0.0000 -1.0000 0.0000	</row0>
					<row1>	0.0000 1.0000 0.0000 0.0000	</row1>
					<row2>	1.0000 0.0000 0.0000 0.0000	</row2>
					<row3>	0.2165 0.7503 2.0944 1.0000	</row3>
				</transform>
			</node>
			<node>
				<identifier>	HP_RF_3	</identifier>
				<transform>
					<row0>	1.0000 0.0000 0.0000 0.0000	</row0>
					<row1>	0.0000 1.0000 0.0000 0.0000	</row1>
					<row2>	0.0000 0.0000 1.0000 0.0000	</row2>
					<row3>	0.0000 0.8244 2.0325 1.0000	</row3>
				</transform>
			</node>
			<node>
				<identifier>	HP_RGA_1	</identifier>
				<transform>
					<row0>	0.4067 0.0000 0.9135 0.0000	</row0>
					<row1>	0.0000 1.0000 0.0000 0.0000	</row1>
					<row2>	-0.9135 0.0000 0.4067 0.0000	</row2>
					<row3>	-0.1945 0.4507 2.5081 1.0000	</row3>
				</transform>
			</node>
			<node>
				<identifier>	HP_RGA_2	</identifier>
				<transform>
					<row0>	0.4067 0.0000 -0.9135 0.0000	</row0>
					<row1>	0.0000 1.0000 0.0000 0.0000	</row1>
					<row2>	0.9135 0.0000 0.4067 0.0000	</row2>
					<row3>	0.1945 0.4507 2.5081 1.0000	</row3>
				</transform>
			</node>
			<node>
				<identifier>	HP_RGA_3	</identifier>
				<transform>
					<row0>	0.0000 0.0000 1.0000 0.0000	</row0>
					<row1>	0.0000 1.0000 0.0000 0.0000	</row1>
					<row2>	-1.0000 0.0000 0.0000 0.0000	</row2>
					<row3>	-0.2624 0.2999 1.7279 1.0000	</row3>
				</transform>
			</node>
			<node>
				<identifier>	HP_RGA_4	</identifier>
				<transform>
					<row0>	0.0000 0.0000 -1.0000 0.0000	</row0>
					<row1>	0.0000 1.0000 0.0000 0.0000	</row1>
					<row2>	1.0000 0.0000 0.0000 0.0000	</row2>
					<row3>	0.2624 0.2999 1.7279 1.0000	</row3>
				</transform>
			</node>
			<node>
				<identifier>	HP_RGM_2	</identifier>
				<transform>
					<row0>	1.0000 0.0000 0.0000 0.0000	</row0>
					<row1>	0.0000 1.0000 0.0000 0.0000	</row1>
					<row2>	0.0000 0.0000 1.0000 0.0000	</row2>
					<row3>	0.0000 0.4590 2.7375 1.0000	</row3>
				</transform>
			</node>
			<node>
				<identifier>	HP_RGM_3	</identifier>
				<transform>
					<row0>	-1.0000 0.0000 0.0000 0.0000	</row0>
					<row1>	0.0000 1.0000 0.0000 0.0000	</row1>
					<row2>	0.0000 0.0000 -1.0000 0.0000	</row2>
					<row3>	0.0000 0.3056 1.5568 1.0000	</row3>
				</transform>
			</node>
			<node>
				<identifier>	HP_RRS_1	</identifier>
				<transform>
					<row0>	1.0000 0.0000 0.0000 0.0000	</row0>
					<row1>	0.0000 1.0000 0.0000 0.0000	</row1>
					<row2>	0.0000 0.0000 1.0000 0.0000	</row2>
					<row3>	0.0000 1.4084 1.8701 1.0000	</row3>
				</transform>
			</node>
			<node>
				<identifier>	HP_RRS_2	</identifier>
				<transform>
					<row0>	-1.0000 0.0000 0.0000 0.0000	</row0>
					<row1>	0.0000 1.0000 0.0000 0.0000	</row1>
					<row2>	0.0000 0.0000 -1.0000 0.0000	</row2>
					<row3>	0.0000 1.4817 1.8247 1.0000	</row3>
				</transform>
			</node>
			<node>
				<identifier>	HP_flag_1	</identifier>
				<transform>
					<row0>	0.9845 -0.1746 -0.0132 0.0000	</row0>
					<row1>	0.1746 0.9733 0.1493 0.0000	</row1>
					<row2>	-0.0132 -0.1493 0.9887 0.0000	</row2>
					<row3>	0.1568 1.3739 1.8461 1.0000	</row3>
				</transform>
			</node>
			<node>
				<identifier>	HP_flag_2	</identifier>
				<transform>
					<row0>	0.9845 0.1746 0.0132 0.0000	</row0>
					<row1>	-0.1746 0.9733 0.1493 0.0000	</row1>
					<row2>	0.0132 -0.1493 0.9887 0.0000	</row2>
					<row3>	-0.1568 1.3739 1.8461 1.0000	</row3>
				</transform>
			</node>
			<node>
				<identifier>	HP_flag_3	</identifier>
				<transform>
					<row0>	0.9933 -0.1155 -0.0088 0.0000	</row0>
					<row1>	0.1155 0.9818 0.1506 0.0000	</row1>
					<row2>	-0.0088 -0.1506 0.9886 0.0000	</row2>
					<row3>	0.0903 1.3738 1.8461 1.0000	</row3>
				</transform>
			</node>
			<node>
				<identifier>	HP_flag_4	</identifier>
				<transform>
					<row0>	0.9931 0.1171 0.0089 0.0000	</row0>
					<row1>	-0.1171 0.9816 0.1506 0.0000	</row1>
					<row2>	0.0089 -0.1506 0.9886 0.0000	</row2>
					<row3>	-0.0912 1.3738 1.8461 1.0000	</row3>
				</transform>
			</node>
			<node>
				<identifier>	HP_flag_courtesy	</identifier>
				<transform>
					<row0>	0.9916 -0.1288 -0.0098 0.0000	</row0>
					<row1>	0.1288 0.9801 0.1511 0.0000	</row1>
					<row2>	-0.0098 -0.1511 0.9885 0.0000	</row2>
					<row3>	0.1536 1.1242 1.8464 1.0000	</row3>
				</transform>
			</node>
			<node>
				<identifier>	HP_flag_house	</identifier>
				<transform>
					<row0>	0.9916 0.1288 0.0098 0.0000	</row0>
					<row1>	-0.1288 0.9801 0.1511 0.0000	</row1>
					<row2>	0.0098 -0.1511 0.9885 0.0000	</row2>
					<row3>	-0.1536 1.1242 1.8464 1.0000	</row3>
				</transform>
			</node>
			<node>
				<identifier>	MP_CM011_Fire_Fighting_Gear	</identifier>
				<transform>
					<row0>	-0.9074 0.0000 0.4203 0.0000	</row0>
					<row1>	0.0000 1.0000 0.0000 0.0000	</row1>
					<row2>	-0.4203 0.0000 -0.9074 0.0000	</row2>
					<row3>	0.1978 0.1539 0.1807 1.0000	</row3>
				</transform>
			</node>
			<node>
				<identifier>	MP_CM011_Fire_Fighting_Gear_INDEX_1	</identifier>
				<transform>
					<row0>	0.9671 0.0000 -0.2543 0.0000	</row0>
					<row1>	0.0000 1.0000 0.0000 0.0000	</row1>
					<row2>	0.2543 0.0000 0.9671 0.0000	</row2>
					<row3>	-0.1832 0.3106 2.6288 1.0000	</row3>
				</transform>
			</node>
			<node>
				<identifier>	MP_CM011_Fire_Fighting_Gear_INDEX_2	</identifier>
				<transform>
					<row0>	0.9671 0.0000 0.2543 0.0000	</row0>
					<row1>	0.0000 1.0000 0.0000 0.0000	</row1>
					<row2>	-0.2543 0.0000 0.9671 0.0000	</row2>
					<row3>	0.1842 0.3106 2.6290 1.0000	</row3>
				</transform>
			</node>
			<node>
				<identifier>	MP_CM011_Fire_Fighting_Gear_INDEX_3	</identifier>
				<transform>
					<row0>	0.0000 0.0000 -1.0000 0.0000	</row0>
					<row1>	0.0000 1.0000 0.0000 0.0000	</row1>
					<row2>	1.0000 0.0000 0.0000 0.0000	</row2>
					<row3>	0.0064 0.4517 2.3975 1.0000	</row3>
				</transform>
			</node>
			<node>
				<identifier>	MP_CM014_Fuel_Oil_Hose	</identifier>
				<transform>
					<row0>	1.0000 0.0000 0.0000 0.0000	</row0>
					<row1>	0.0000 1.0000 0.0000 0.0000	</row1>
					<row2>	0.0000 0.0000 1.0000 0.0000	</row2>
					<row3>	-0.1861 0.3920 2.4168 1.0000	</row3>
				</transform>
			</node>
			<node>
				<identifier>	MP_CM018_Wood_Box_1	</identifier>
				<transform>
					<row0>	0.0000 0.0000 1.0000 0.0000	</row0>
					<row1>	0.0000 1.0000 0.0000 0.0000	</row1>
					<row2>	-1.0000 0.0000 0.0000 0.0000	</row2>
					<row3>	0.0000 0.2975 0.2435 1.0000	</row3>
				</transform>
			</node>
			<node>
				<identifier>	MP_CM018_Wood_Box_1_INDEX_1	</identifier>
				<transform>
					<row0>	0.0000 0.0000 1.0000 0.0000	</row0>
					<row1>	0.0000 1.0000 0.0000 0.0000	</row1>
					<row2>	-1.0000 0.0000 0.0000 0.0000	</row2>
					<row3>	0.0000 0.3188 0.2170 1.0000	</row3>
				</transform>
			</node>
			<node>
				<identifier>	MP_CM018_Wood_Box_1_INDEX_2	</identifier>
				<transform>
					<row0>	0.0000 0.0000 1.0000 0.0000	</row0>
					<row1>	0.0000 1.0000 0.0000 0.0000	</row1>
					<row2>	-1.0000 0.0000 0.0000 0.0000	</row2>
					<row3>	0.0000 0.2976 0.1851 1.0000	</row3>
				</transform>
			</node>
			<node>
				<identifier>	MP_CM029_Emergency_Box	</identifier>
				<transform>
					<row0>	0.0000 0.0000 -1.0000 0.0000	</row0>
					<row1>	0.0000 1.0000 0.0000 0.0000	</row1>
					<row2>	1.0000 0.0000 0.0000 0.0000	</row2>
					<row3>	-0.1171 0.5139 2.0922 1.0000	</row3>
				</transform>
			</node>
			<node>
				<identifier>	MP_CM029_Emergency_Box_INDEX_1	</identifier>
				<transform>
					<row0>	0.0000 0.0000 -1.0000 0.0000	</row0>
					<row1>	0.0000 1.0000 0.0000 0.0000	</row1>
					<row2>	1.0000 0.0000 0.0000 0.0000	</row2>
					<row3>	-0.1128 0.6562 2.2715 1.0000	</row3>
				</transform>
			</node>
			<node>
				<identifier>	MP_CM029_Emergency_Box_INDEX_2	</identifier>
				<transform>
					<row0>	1.0000 0.0000 0.0000 0.0000	</row0>
					<row1>	0.0000 1.0000 0.0000 0.0000	</row1>
					<row2>	0.0000 0.0000 1.0000 0.0000	</row2>
					<row3>	-0.2261 0.2129 1.5688 1.0000	</row3>
				</transform>
			</node>
			<node>
				<identifier>	MP_CM029_Emergency_Box_INDEX_3	</identifier>
				<transform>
					<row0>	1.0000 0.0000 0.0000 0.0000	</row0>
					<row1>	0.0000 1.0000 0.0000 0.0000	</row1>
					<row2>	0.0000 0.0000 1.0000 0.0000	</row2>
					<row3>	0.2261 0.2129 1.5688 1.0000	</row3>
				</transform>
			</node>
			<node>
				<identifier>	MP_CM029_Emergency_Box_INDEX_4	</identifier>
				<transform>
					<row0>	0.0000 0.0000 1.0000 0.0000	</row0>
					<row1>	0.0000 1.0000 0.0000 0.0000	</row1>
					<row2>	-1.0000 0.0000 0.0000 0.0000	</row2>
					<row3>	0.1128 0.6562 2.2715 1.0000	</row3>
				</transform>
			</node>
			<node>
				<identifier>	MP_CM029_Emergency_Box_INDEX_5	</identifier>
				<transform>
					<row0>	0.0000 0.0000 1.0000 0.0000	</row0>
					<row1>	0.0000 1.0000 0.0000 0.0000	</row1>
					<row2>	-1.0000 0.0000 0.0000 0.0000	</row2>
					<row3>	0.1171 0.5139 2.0922 1.0000	</row3>
				</transform>
			</node>
			<node>
				<identifier>	MP_CM029_Emergency_Box_INDEX_6	</identifier>
				<transform>
					<row0>	0.0000 0.0000 1.0000 0.0000	</row0>
					<row1>	0.0000 1.0000 0.0000 0.0000	</row1>
					<row2>	-1.0000 0.0000 0.0000 0.0000	</row2>
					<row3>	0.1853 0.3602 2.4669 1.0000	</row3>
				</transform>
			</node>
			<node>
				<identifier>	MP_CM029_Emergency_Box_INDEX_7	</identifier>
				<transform>
					<row0>	1.0000 0.0000 0.0000 0.0000	</row0>
					<row1>	0.0000 1.0000 0.0000 0.0000	</row1>
					<row2>	0.0000 0.0000 1.0000 0.0000	</row2>
					<row3>	-0.1860 0.2027 0.3218 1.0000	</row3>
				</transform>
			</node>
			<node>
				<identifier>	MP_CM052_Fender	</identifier>
				<transform>
					<row0>	0.0000 0.0000 0.7000 0.0000	</row0>
					<row1>	0.0000 0.7000 0.0000 0.0000	</row1>
					<row2>	-0.7000 0.0000 0.0000 0.0000	</row2>
					<row3>	-0.2073 0.3105 2.5766 1.0000	</row3>
				</transform>
			</node>
			<node>
				<identifier>	MP_CM052_Fender_INDEX_1	</identifier>
				<transform>
					<row0>	0.0000 0.0000 -0.7000 0.0000	</row0>
					<row1>	0.0000 0.7000 0.0000 0.0000	</row1>
					<row2>	0.7000 0.0000 0.0000 0.0000	</row2>
					<row3>	0.2067 0.3108 2.5496 1.0000	</row3>
				</transform>
			</node>
			<node>
				<identifier>	MP_CM056_Ships_bell	</identifier>
				<transform>
					<row0>	0.5302 0.0000 0.0000 0.0000	</row0>
					<row1>	0.0000 0.5302 0.0000 0.0000	</row1>
					<row2>	0.0000 0.0000 0.5302 0.0000	</row2>
					<row3>	-0.0885 0.4267 1.9082 1.0000	</row3>
				</transform>
			</node>
			<node>
				<identifier>	MP_CM057_Accommodation_Ladder_Closed	</identifier>
				<transform>
					<row0>	0.0000 1.0000 0.0000 0.0000	</row0>
					<row1>	-0.9993 0.0000 0.0385 0.0000	</row1>
					<row2>	0.0385 0.0000 0.9993 0.0000	</row2>
					<row3>	-0.3614 0.1943 0.8915 1.0000	</row3>
				</transform>
			</node>
			<node>
				<identifier>	MP_CM057_Accommodation_Ladder_Closed_INDEX_1	</identifier>
				<transform>
					<row0>	0.0000 -1.0000 0.0000 0.0000	</row0>
					<row1>	0.9987 0.0000 0.0500 0.0000	</row1>
					<row2>	-0.0500 0.0000 0.9987 0.0000	</row2>
					<row3>	0.3466 0.1918 1.2454 1.0000	</row3>
				</transform>
			</node>
			<node>
				<identifier>	MP_CM082_Rope	</identifier>
				<transform>
					<row0>	-0.3690 0.0000 -0.1352 0.0000	</row0>
					<row1>	0.0000 0.3930 0.0000 0.0000	</row1>
					<row2>	0.1352 0.0000 -0.3690 0.0000	</row2>
					<row3>	0.3400 0.3932 0.9475 1.0000	</row3>
				</transform>
			</node>
			<node>
				<identifier>	MP_CM082_Rope_INDEX_1	</identifier>
				<transform>
					<row0>	-0.3280 -0.0191 0.2156 0.0000	</row0>
					<row1>	-0.0160 0.3926 0.0105 0.0000	</row1>
					<row2>	-0.2159 0.0000 -0.3284 0.0000	</row2>
					<row3>	-0.3403 0.3930 0.9477 1.0000	</row3>
				</transform>
			</node>
			<node>
				<identifier>	MP_CM082_Rope_INDEX_2	</identifier>
				<transform>
					<row0>	0.3545 0.0000 -0.1696 0.0000	</row0>
					<row1>	0.0000 0.3930 0.0000 0.0000	</row1>
					<row2>	0.1696 0.0000 0.3545 0.0000	</row2>
					<row3>	0.3512 0.4225 0.4913 1.0000	</row3>
				</transform>
			</node>
			<node>
				<identifier>	MP_CM082_Rope_INDEX_3	</identifier>
				<transform>
					<row0>	0.3770 0.0000 0.1109 0.0000	</row0>
					<row1>	0.0000 0.3930 0.0000 0.0000	</row1>
					<row2>	-0.1109 0.0000 0.3770 0.0000	</row2>
					<row3>	-0.3511 0.4225 0.4913 1.0000	</row3>
				</transform>
			</node>
			<node>
				<identifier>	MP_CM088_Swab_Rack	</identifier>
				<transform>
					<row0>	-1.0000 0.0000 0.0000 0.0000	</row0>
					<row1>	0.0000 1.0000 0.0000 0.0000	</row1>
					<row2>	0.0000 0.0000 -1.0000 0.0000	</row2>
					<row3>	-0.2845 0.1495 1.5717 1.0000	</row3>
				</transform>
			</node>
			<node>
				<identifier>	MP_CM088_Swab_Rack_INDEX_1	</identifier>
				<transform>
					<row0>	-1.0000 0.0000 0.0000 0.0000	</row0>
					<row1>	0.0000 1.0000 0.0000 0.0000	</row1>
					<row2>	0.0000 0.0000 -1.0000 0.0000	</row2>
					<row3>	0.0460 0.2978 1.9199 1.0000	</row3>
				</transform>
			</node>
			<node>
				<identifier>	MP_CM112_Fire_Extinguisher	</identifier>
				<transform>
					<row0>	0.0000 0.0000 1.0000 0.0000	</row0>
					<row1>	0.0000 1.0000 0.0000 0.0000	</row1>
					<row2>	-1.0000 0.0000 0.0000 0.0000	</row2>
					<row3>	-0.0221 0.3376 1.9138 1.0000	</row3>
				</transform>
			</node>
			<node>
				<identifier>	MP_RM007_Compass_Binnacle	</identifier>
				<transform>
					<row0>	-1.0000 0.0000 0.0000 0.0000	</row0>
					<row1>	0.0000 1.0000 0.0000 0.0000	</row1>
					<row2>	0.0000 0.0000 -1.0000 0.0000	</row2>
					<row3>	0.0000 0.5934 2.3683 1.0000	</row3>
				</transform>
			</node>
			<node>
				<identifier>	MP_RM008_Voice_Tube	</identifier>
				<transform>
					<row0>	0.0000 0.0000 -1.0000 0.0000	</row0>
					<row1>	0.0000 1.0000 0.0000 0.0000	</row1>
					<row2>	1.0000 0.0000 0.0000 0.0000	</row2>
					<row3>	0.0955 0.5942 2.2435 1.0000	</row3>
				</transform>
			</node>
			<node>
				<identifier>	MP_RM008_Voice_Tube_INDEX_1	</identifier>
				<transform>
					<row0>	0.9492 0.0000 -0.3147 0.0000	</row0>
					<row1>	0.0000 1.0000 0.0000 0.0000	</row1>
					<row2>	0.3147 0.0000 0.9492 0.0000	</row2>
					<row3>	0.0924 0.7354 2.3570 1.0000	</row3>
				</transform>
			</node>
			<node>
				<identifier>	MP_RM008_Voice_Tube_INDEX_10	</identifier>
				<transform>
					<row0>	-0.5864 0.0000 -0.8100 0.0000	</row0>
					<row1>	0.0000 1.0000 0.0000 0.0000	</row1>
					<row2>	0.8100 0.0000 -0.5864 0.0000	</row2>
					<row3>	0.1746 0.2981 1.4691 1.0000	</row3>
				</transform>
			</node>
			<node>
				<identifier>	MP_RM008_Voice_Tube_INDEX_11	</identifier>
				<transform>
					<row0>	-0.5864 0.0000 0.8100 0.0000	</row0>
					<row1>	0.0000 1.0000 0.0000 0.0000	</row1>
					<row2>	-0.8100 0.0000 -0.5864 0.0000	</row2>
					<row3>	-0.1746 0.2981 1.4691 1.0000	</row3>
				</transform>
			</node>
			<node>
				<identifier>	MP_RM008_Voice_Tube_INDEX_12	</identifier>
				<transform>
					<row0>	-0.9138 0.0000 0.4061 0.0000	</row0>
					<row1>	0.0000 1.0000 0.0000 0.0000	</row1>
					<row2>	-0.4061 0.0000 -0.9138 0.0000	</row2>
					<row3>	-0.0229 1.2273 1.8308 1.0000	</row3>
				</transform>
			</node>
			<node>
				<identifier>	MP_RM008_Voice_Tube_INDEX_13	</identifier>
				<transform>
					<row0>	0.5133 0.0000 -0.8582 0.0000	</row0>
					<row1>	0.0000 1.0000 0.0000 0.0000	</row1>
					<row2>	0.8582 0.0000 0.5133 0.0000	</row2>
					<row3>	0.1711 0.4514 2.6275 1.0000	</row3>
				</transform>
			</node>
			<node>
				<identifier>	MP_RM008_Voice_Tube_INDEX_14	</identifier>
				<transform>
					<row0>	0.9492 0.0000 0.3147 0.0000	</row0>
					<row1>	0.0000 1.0000 0.0000 0.0000	</row1>
					<row2>	-0.3147 0.0000 0.9492 0.0000	</row2>
					<row3>	-0.0924 0.7354 2.3570 1.0000	</row3>
				</transform>
			</node>
			<node>
				<identifier>	MP_RM008_Voice_Tube_INDEX_15	</identifier>
				<transform>
					<row0>	0.0000 0.0000 1.0000 0.0000	</row0>
					<row1>	0.0000 1.0000 0.0000 0.0000	</row1>
					<row2>	-1.0000 0.0000 0.0000 0.0000	</row2>
					<row3>	-0.0955 0.5942 2.2588 1.0000	</row3>
				</transform>
			</node>
			<node>
				<identifier>	MP_RM008_Voice_Tube_INDEX_2	</identifier>
				<transform>
					<row0>	0.5736 0.0000 -0.8192 0.0000	</row0>
					<row1>	0.0000 1.0000 0.0000 0.0000	</row1>
					<row2>	0.8192 0.0000 0.5736 0.0000	</row2>
					<row3>	0.0943 0.5942 2.3055 1.0000	</row3>
				</transform>
			</node>
			<node>
				<identifier>	MP_RM008_Voice_Tube_INDEX_3	</identifier>
				<transform>
					<row0>	0.0000 0.0000 -1.0000 0.0000	</row0>
					<row1>	0.0000 1.0000 0.0000 0.0000	</row1>
					<row2>	1.0000 0.0000 0.0000 0.0000	</row2>
					<row3>	0.0955 0.5942 2.2275 1.0000	</row3>
				</transform>
			</node>
			<node>
				<identifier>	MP_RM008_Voice_Tube_INDEX_4	</identifier>
				<transform>
					<row0>	0.5736 0.0000 0.8192 0.0000	</row0>
					<row1>	0.0000 1.0000 0.0000 0.0000	</row1>
					<row2>	-0.8192 0.0000 0.5736 0.0000	</row2>
					<row3>	-0.0822 0.5942 2.3438 1.0000	</row3>
				</transform>
			</node>
			<node>
				<identifier>	MP_RM008_Voice_Tube_INDEX_5	</identifier>
				<transform>
					<row0>	0.0000 0.0000 1.0000 0.0000	</row0>
					<row1>	0.0000 1.0000 0.0000 0.0000	</row1>
					<row2>	-1.0000 0.0000 0.0000 0.0000	</row2>
					<row3>	-0.0955 0.5942 2.2435 1.0000	</row3>
				</transform>
			</node>
			<node>
				<identifier>	MP_RM008_Voice_Tube_INDEX_6	</identifier>
				<transform>
					<row0>	0.0000 0.0000 1.0000 0.0000	</row0>
					<row1>	0.0000 1.0000 0.0000 0.0000	</row1>
					<row2>	-1.0000 0.0000 0.0000 0.0000	</row2>
					<row3>	-0.0955 0.5942 2.2275 1.0000	</row3>
				</transform>
			</node>
			<node>
				<identifier>	MP_RM008_Voice_Tube_INDEX_7	</identifier>
				<transform>
					<row0>	0.5133 0.0000 0.8582 0.0000	</row0>
					<row1>	0.0000 1.0000 0.0000 0.0000	</row1>
					<row2>	-0.8582 0.0000 0.5133 0.0000	</row2>
					<row3>	-0.1722 0.4514 2.6277 1.0000	</row3>
				</transform>
			</node>
			<node>
				<identifier>	MP_RM008_Voice_Tube_INDEX_8	</identifier>
				<transform>
					<row0>	0.5736 0.0000 0.8192 0.0000	</row0>
					<row1>	0.0000 1.0000 0.0000 0.0000	</row1>
					<row2>	-0.8192 0.0000 0.5736 0.0000	</row2>
					<row3>	-0.0910 0.5942 2.3313 1.0000	</row3>
				</transform>
			</node>
			<node>
				<identifier>	MP_RM008_Voice_Tube_INDEX_9	</identifier>
				<transform>
					<row0>	0.0000 0.0000 -1.0000 0.0000	</row0>
					<row1>	0.0000 1.0000 0.0000 0.0000	</row1>
					<row2>	1.0000 0.0000 0.0000 0.0000	</row2>
					<row3>	0.0955 0.5942 2.2588 1.0000	</row3>
				</transform>
			</node>
			<node>
				<identifier>	MP_RM015_Bollard	</identifier>
				<transform>
					<row0>	0.9998 0.0000 -0.0176 0.0000	</row0>
					<row1>	0.0000 1.0000 0.0000 0.0000	</row1>
					<row2>	0.0176 0.0000 0.9998 0.0000	</row2>
					<row3>	-0.3612 0.1515 0.2385 1.0000	</row3>
				</transform>
			</node>
			<node>
				<identifier>	MP_RM015_Bollard_INDEX_1	</identifier>
				<transform>
					<row0>	0.9998 0.0000 0.0176 0.0000	</row0>
					<row1>	0.0000 1.0000 0.0000 0.0000	</row1>
					<row2>	-0.0176 0.0000 0.9998 0.0000	</row2>
					<row3>	0.3612 0.1515 0.2385 1.0000	</row3>
				</transform>
			</node>
			<node>
				<identifier>	MP_RM019_Reels	</identifier>
				<transform>
					<row0>	0.0000 0.3197 0.0000 0.0000	</row0>
					<row1>	0.0000 0.0000 0.3197 0.0000	</row1>
					<row2>	0.3197 0.0000 0.0000 0.0000	</row2>
					<row3>	0.3361 0.2870 1.5714 1.0000	</row3>
				</transform>
			</node>
			<node>
				<identifier>	MP_RM019_Reels_INDEX_1	</identifier>
				<transform>
					<row0>	0.0000 -0.3197 0.0000 0.0000	</row0>
					<row1>	0.0000 0.0000 0.3197 0.0000	</row1>
					<row2>	-0.3197 0.0000 0.0000 0.0000	</row2>
					<row3>	-0.3361 0.2870 1.5714 1.0000	</row3>
				</transform>
			</node>
			<node>
				<identifier>	MP_RM028_Signal_Lamp	</identifier>
				<transform>
					<row0>	0.8660 0.0000 0.5000 0.0000	</row0>
					<row1>	0.0000 1.0000 0.0000 0.0000	</row1>
					<row2>	-0.5000 0.0000 0.8660 0.0000	</row2>
					<row3>	0.0000 1.0268 1.8566 1.0000	</row3>
				</transform>
			</node>
			<node>
				<identifier>	MP_RM028_Signal_Lamp_INDEX_1	</identifier>
				<transform>
					<row0>	1.0000 0.0000 0.0000 0.0000	</row0>
					<row1>	0.0000 1.0000 0.0000 0.0000	</row1>
					<row2>	0.0000 0.0000 1.0000 0.0000	</row2>
					<row3>	0.0000 1.3496 1.8481 1.0000	</row3>
				</transform>
			</node>
			<node>
				<identifier>	MP_RM029_Signal_Lamp	</identifier>
				<transform>
					<row0>	2.2000 0.0000 0.0000 0.0000	</row0>
					<row1>	0.0000 2.2000 0.0000 0.0000	</row1>
					<row2>	0.0000 0.0000 2.2000 0.0000	</row2>
					<row3>	0.0000 1.4628 1.8334 1.0000	</row3>
				</transform>
			</node>
			<node>
				<identifier>	MP_RM058_Antenna	</identifier>
				<transform>
					<row0>	0.0000 0.0000 -1.0000 0.0000	</row0>
					<row1>	0.0000 1.0000 0.0000 0.0000	</row1>
					<row2>	1.0000 0.0000 0.0000 0.0000	</row2>
					<row3>	0.0381 1.2623 1.8437 1.0000	</row3>
				</transform>
			</node>
			<node>
				<identifier>	MP_RM058_Antenna_INDEX_1	</identifier>
				<transform>
					<row0>	0.0000 0.0000 1.0000 0.0000	</row0>
					<row1>	0.0000 1.0000 0.0000 0.0000	</row1>
					<row2>	-1.0000 0.0000 0.0000 0.0000	</row2>
					<row3>	-0.0381 1.2623 1.8437 1.0000	</row3>
				</transform>
			</node>
			<node>
				<identifier>	MP_RM060_Hatch	</identifier>
				<transform>
					<row0>	0.0000 0.0000 -1.0000 0.0000	</row0>
					<row1>	0.0000 1.0000 0.0000 0.0000	</row1>
					<row2>	1.0000 0.0000 0.0000 0.0000	</row2>
					<row3>	0.2486 0.1455 1.5434 1.0000	</row3>
				</transform>
			</node>
			<node>
				<identifier>	MP_RM061_Basket_Rope	</identifier>
				<transform>
					<row0>	0.3137 0.0000 -0.9495 0.0000	</row0>
					<row1>	0.0000 1.0000 0.0000 0.0000	</row1>
					<row2>	0.9495 0.0000 0.3137 0.0000	</row2>
					<row3>	0.1689 0.2978 0.5750 1.0000	</row3>
				</transform>
			</node>
			<node>
				<identifier>	MP_RM061_Basket_Rope_INDEX_1	</identifier>
				<transform>
					<row0>	0.9458 0.0000 0.3247 0.0000	</row0>
					<row1>	0.0000 1.0000 0.0000 0.0000	</row1>
					<row2>	-0.3247 0.0000 0.9458 0.0000	</row2>
					<row3>	-0.1738 0.2978 0.7121 1.0000	</row3>
				</transform>
			</node>
			<node>
				<identifier>	MP_RM064_Ventilators_1	</identifier>
				<transform>
					<row0>	1.0000 0.0000 0.0000 0.0000	</row0>
					<row1>	0.0000 1.0000 0.0000 0.0000	</row1>
					<row2>	0.0000 0.0000 1.0000 0.0000	</row2>
					<row3>	0.1630 0.2978 1.3983 1.0000	</row3>
				</transform>
			</node>
			<node>
				<identifier>	MP_RM064_Ventilators_1_INDEX_1	</identifier>
				<transform>
					<row0>	1.0000 0.0000 0.0000 0.0000	</row0>
					<row1>	0.0000 1.0000 0.0000 0.0000	</row1>
					<row2>	0.0000 0.0000 1.0000 0.0000	</row2>
					<row3>	-0.1630 0.2978 1.3983 1.0000	</row3>
				</transform>
			</node>
			<node>
				<identifier>	MP_RM065_Ammunition_Box	</identifier>
				<transform>
					<row0>	0.4384 0.0085 0.8987 0.0000	</row0>
					<row1>	0.0002 1.0000 -0.0096 0.0000	</row1>
					<row2>	-0.8988 0.0044 0.4384 0.0000	</row2>
					<row3>	0.1430 0.3021 1.9364 1.0000	</row3>
				</transform>
			</node>
			<node>
				<identifier>	MP_RM065_Ammunition_Box_INDEX_1	</identifier>
				<transform>
					<row0>	0.4384 -0.0085 -0.8987 0.0000	</row0>
					<row1>	-0.0002 1.0000 -0.0096 0.0000	</row1>
					<row2>	0.8988 0.0044 0.4384 0.0000	</row2>
					<row3>	-0.1430 0.3021 1.9364 1.0000	</row3>
				</transform>
			</node>
			<node>
				<identifier>	MP_RM066_Ammunition_Box	</identifier>
				<transform>
					<row0>	-0.2512 0.0000 -0.6534 0.0000	</row0>
					<row1>	0.0000 0.7000 0.0000 0.0000	</row1>
					<row2>	0.6534 0.0000 -0.2512 0.0000	</row2>
					<row3>	0.1018 0.4508 1.8693 1.0000	</row3>
				</transform>
			</node>
			<node>
				<identifier>	MP_RM066_Ammunition_Box_INDEX_1	</identifier>
				<transform>
					<row0>	-0.2512 0.0000 0.6534 0.0000	</row0>
					<row1>	0.0000 0.7000 0.0000 0.0000	</row1>
					<row2>	-0.6534 0.0000 -0.2512 0.0000	</row2>
					<row3>	-0.1018 0.4508 1.8693 1.0000	</row3>
				</transform>
			</node>
			<node>
				<identifier>	MP_RM069_Telegraph	</identifier>
				<transform>
					<row0>	-1.0000 0.0000 0.0000 0.0000	</row0>
					<row1>	0.0000 1.0000 0.0000 0.0000	</row1>
					<row2>	0.0000 0.0000 -1.0000 0.0000	</row2>
					<row3>	0.0354 0.5935 2.3222 1.0000	</row3>
				</transform>
			</node>
			<node>
				<identifier>	MP_RM084_Running_Lights_R	</identifier>
				<transform>
					<row0>	1.0000 0.0000 0.0000 0.0000	</row0>
					<row1>	0.0000 1.0000 0.0000 0.0000	</row1>
					<row2>	0.0000 0.0000 1.0000 0.0000	</row2>
					<row3>	0.2181 0.6270 2.0929 1.0000	</row3>
				</transform>
			</node>
			<node>
				<identifier>	MP_RM085_Running_Lights_L	</identifier>
				<transform>
					<row0>	1.0000 0.0000 0.0000 0.0000	</row0>
					<row1>	0.0000 1.0000 0.0000 0.0000	</row1>
					<row2>	0.0000 0.0000 1.0000 0.0000	</row2>
					<row3>	-0.2181 0.6270 2.0929 1.0000	</row3>
				</transform>
			</node>
			<node>
				<identifier>	MP_RM096_Paravane	</identifier>
				<transform>
					<row0>	0.0000 0.9685 0.2492 0.0000	</row0>
					<row1>	0.9809 0.0485 -0.1886 0.0000	</row1>
					<row2>	-0.1947 0.2444 -0.9499 0.0000	</row2>
					<row3>	-0.2468 0.2109 0.5768 1.0000	</row3>
				</transform>
			</node>
			<node>
				<identifier>	MP_RM096_Paravane_INDEX_1	</identifier>
				<transform>
					<row0>	0.0000 0.9685 -0.2492 0.0000	</row0>
					<row1>	-0.9809 0.0485 0.1886 0.0000	</row1>
					<row2>	0.1947 0.2444 0.9499 0.0000	</row2>
					<row3>	0.2468 0.2109 0.3655 1.0000	</row3>
				</transform>
			</node>
			<node>
				<identifier>	MP_RM096_Paravane_INDEX_2	</identifier>
				<transform>
					<row0>	0.0000 -0.9685 -0.2492 0.0000	</row0>
					<row1>	-0.9809 0.0485 -0.1886 0.0000	</row1>
					<row2>	0.1947 0.2444 -0.9499 0.0000	</row2>
					<row3>	0.2468 0.2109 0.5768 1.0000	</row3>
				</transform>
			</node>
			<node>
				<identifier>	MP_RM096_Paravane_INDEX_3	</identifier>
				<transform>
					<row0>	0.0000 -0.9685 0.2492 0.0000	</row0>
					<row1>	0.9809 0.0485 0.1886 0.0000	</row1>
					<row2>	-0.1947 0.2444 0.9499 0.0000	</row2>
					<row3>	-0.2468 0.2109 0.3655 1.0000	</row3>
				</transform>
			</node>
			<node>
				<identifier>	MP_RM113_Electric_Wheel	</identifier>
				<transform>
					<row0>	-1.0000 0.0000 0.0000 0.0000	</row0>
					<row1>	0.0000 1.0000 0.0000 0.0000	</row1>
					<row2>	0.0000 0.0000 -1.0000 0.0000	</row2>
					<row3>	-0.0481 0.5935 2.3427 1.0000	</row3>
				</transform>
			</node>
			<node>
				<identifier>	MP_RM139_Insulator	</identifier>
				<transform>
					<row0>	0.0000 -1.0000 0.0000 0.0000	</row0>
					<row1>	0.9999 0.0000 0.0162 0.0000	</row1>
					<row2>	-0.0162 0.0000 0.9999 0.0000	</row2>
					<row3>	0.1117 0.5631 2.0675 1.0000	</row3>
				</transform>
			</node>
			<node>
				<identifier>	MP_RM139_Insulator_INDEX_1	</identifier>
				<transform>
					<row0>	0.0000 1.0000 0.0000 0.0000	</row0>
					<row1>	-0.9999 0.0000 0.0162 0.0000	</row1>
					<row2>	0.0162 0.0000 0.9999 0.0000	</row2>
					<row3>	-0.1113 0.5631 2.0957 1.0000	</row3>
				</transform>
			</node>
			<node>
				<identifier>	MP_RM139_Insulator_INDEX_2	</identifier>
				<transform>
					<row0>	0.0000 1.0000 0.0000 0.0000	</row0>
					<row1>	-0.9999 0.0000 0.0162 0.0000	</row1>
					<row2>	0.0162 0.0000 0.9999 0.0000	</row2>
					<row3>	-0.1117 0.5631 2.0675 1.0000	</row3>
				</transform>
			</node>
			<node>
				<identifier>	MP_RM139_Insulator_INDEX_3	</identifier>
				<transform>
					<row0>	0.0000 -1.0000 0.0000 0.0000	</row0>
					<row1>	0.9999 0.0000 0.0162 0.0000	</row1>
					<row2>	-0.0162 0.0000 0.9999 0.0000	</row2>
					<row3>	0.1113 0.5631 2.0957 1.0000	</row3>
				</transform>
			</node>
			<node>
				<identifier>	MP_RM139_Insulator_INDEX_4	</identifier>
				<transform>
					<row0>	0.0000 1.0000 0.0000 0.0000	</row0>
					<row1>	-0.1663 0.0000 -0.9861 0.0000	</row1>
					<row2>	-0.9861 0.0000 0.1663 0.0000	</row2>
					<row3>	-0.0155 0.5656 1.9231 1.0000	</row3>
				</transform>
			</node>
			<node>
				<identifier>	MP_RM139_Insulator_INDEX_5	</identifier>
				<transform>
					<row0>	0.0000 -1.0000 0.0000 0.0000	</row0>
					<row1>	0.1663 0.0000 -0.9861 0.0000	</row1>
					<row2>	0.9861 0.0000 0.1663 0.0000	</row2>
					<row3>	0.0155 0.5656 1.9231 1.0000	</row3>
				</transform>
			</node>
			<node>
				<identifier>	MP_RM145_Turtles_Box	</identifier>
				<transform>
					<row0>	0.3379 0.0000 0.9412 0.0000	</row0>
					<row1>	0.0000 1.0000 0.0000 0.0000	</row1>
					<row2>	-0.9412 0.0000 0.3379 0.0000	</row2>
					<row3>	-0.1696 0.3112 2.6638 1.0000	</row3>
				</transform>
			</node>
			<node>
				<identifier>	MP_RM145_Turtles_Box_INDEX_1	</identifier>
				<transform>
					<row0>	1.0000 0.0000 0.0000 0.0000	</row0>
					<row1>	0.0000 1.0000 0.0000 0.0000	</row1>
					<row2>	0.0000 0.0000 1.0000 0.0000	</row2>
					<row3>	0.0430 0.4512 2.3941 1.0000	</row3>
				</transform>
			</node>
			<node>
				<identifier>	MP_RM145_Turtles_Box_INDEX_2	</identifier>
				<transform>
					<row0>	-1.0000 0.0000 0.0000 0.0000	</row0>
					<row1>	0.0000 1.0000 0.0000 0.0000	</row1>
					<row2>	0.0000 0.0000 -1.0000 0.0000	</row2>
					<row3>	-0.0720 0.3022 1.9182 1.0000	</row3>
				</transform>
			</node>
			<node>
				<identifier>	MP_RM145_Turtles_Box_INDEX_3	</identifier>
				<transform>
					<row0>	0.3379 0.0000 -0.9412 0.0000	</row0>
					<row1>	0.0000 1.0000 0.0000 0.0000	</row1>
					<row2>	0.9412 0.0000 0.3379 0.0000	</row2>
					<row3>	0.1696 0.3118 2.6638 1.0000	</row3>
				</transform>
			</node>
			<node>
				<identifier>	MP_RM148_Ammunition_Box	</identifier>
				<transform>
					<row0>	-0.6858 0.0000 -0.7278 0.0000	</row0>
					<row1>	0.0000 1.0000 0.0000 0.0000	</row1>
					<row2>	0.7278 0.0000 -0.6858 0.0000	</row2>
					<row3>	0.1010 0.2981 0.4480 1.0000	</row3>
				</transform>
			</node>
			<node>
				<identifier>	MP_RM148_Ammunition_Box_INDEX_1	</identifier>
				<transform>
					<row0>	0.0000 0.0000 1.0000 0.0000	</row0>
					<row1>	0.0000 1.0000 0.0000 0.0000	</row1>
					<row2>	-1.0000 0.0000 0.0000 0.0000	</row2>
					<row3>	-0.1747 0.2981 1.1704 1.0000	</row3>
				</transform>
			</node>
			<node>
				<identifier>	MP_RM148_Ammunition_Box_INDEX_2	</identifier>
				<transform>
					<row0>	0.0000 0.0000 1.0000 0.0000	</row0>
					<row1>	0.0000 1.0000 0.0000 0.0000	</row1>
					<row2>	-1.0000 0.0000 0.0000 0.0000	</row2>
					<row3>	-0.1747 0.2981 1.0978 1.0000	</row3>
				</transform>
			</node>
			<node>
				<identifier>	MP_RM148_Ammunition_Box_INDEX_3	</identifier>
				<transform>
					<row0>	-1.0000 0.0000 0.0000 0.0000	</row0>
					<row1>	0.0000 1.0000 0.0000 0.0000	</row1>
					<row2>	0.0000 0.0000 -1.0000 0.0000	</row2>
					<row3>	0.0308 0.2981 1.1296 1.0000	</row3>
				</transform>
			</node>
			<node>
				<identifier>	MP_RM148_Ammunition_Box_INDEX_4	</identifier>
				<transform>
					<row0>	-0.6858 0.0000 0.7278 0.0000	</row0>
					<row1>	0.0000 1.0000 0.0000 0.0000	</row1>
					<row2>	-0.7278 0.0000 -0.6858 0.0000	</row2>
					<row3>	-0.1010 0.2981 0.4480 1.0000	</row3>
				</transform>
			</node>
			<node>
				<identifier>	MP_RM148_Ammunition_Box_INDEX_5	</identifier>
				<transform>
					<row0>	-0.7386 0.0000 -0.6741 0.0000	</row0>
					<row1>	0.0000 1.0000 0.0000 0.0000	</row1>
					<row2>	0.6741 0.0000 -0.7386 0.0000	</row2>
					<row3>	-0.0989 0.4502 2.3861 1.0000	</row3>
				</transform>
			</node>
			<node>
				<identifier>	MP_RM148_Ammunition_Box_INDEX_6	</identifier>
				<transform>
					<row0>	0.0000 0.0000 1.0000 0.0000	</row0>
					<row1>	0.0000 1.0000 0.0000 0.0000	</row1>
					<row2>	-1.0000 0.0000 0.0000 0.0000	</row2>
					<row3>	-0.1747 0.2981 1.2437 1.0000	</row3>
				</transform>
			</node>
			<node>
				<identifier>	MP_RM148_Ammunition_Box_INDEX_7	</identifier>
				<transform>
					<row0>	-0.7386 0.0000 0.6741 0.0000	</row0>
					<row1>	0.0000 1.0000 0.0000 0.0000	</row1>
					<row2>	-0.6741 0.0000 -0.7386 0.0000	</row2>
					<row3>	0.0989 0.4502 2.3861 1.0000	</row3>
				</transform>
			</node>
			<node>
				<identifier>	MP_RM157_Freon_Cylinder_acetylene	</identifier>
				<transform>
					<row0>	0.2610 0.0093 0.9653 0.0000	</row0>
					<row1>	-0.0003 1.0000 -0.0096 0.0000	</row1>
					<row2>	-0.9653 0.0022 0.2610 0.0000	</row2>
					<row3>	-0.1677 0.3112 2.7213 1.0000	</row3>
				</transform>
			</node>
			<node>
				<identifier>	MP_RM157_Freon_Cylinder_acetylene_INDEX_1	</identifier>
				<transform>
					<row0>	0.2559 -0.0094 -0.9667 0.0000	</row0>
					<row1>	0.0003 1.0000 -0.0096 0.0000	</row1>
					<row2>	0.9667 0.0021 0.2559 0.0000	</row2>
					<row3>	0.1677 0.3112 2.7213 1.0000	</row3>
				</transform>
			</node>
			<node>
				<identifier>	MP_RM167_Motor_cutter_7_62m	</identifier>
				<transform>
					<row0>	1.0000 0.0000 0.0000 0.0000	</row0>
					<row1>	0.0000 1.0000 0.0000 0.0000	</row1>
					<row2>	0.0000 0.0000 1.0000 0.0000	</row2>
					<row3>	0.2341 0.3504 0.7167 1.0000	</row3>
				</transform>
			</node>
			<node>
				<identifier>	MP_RM167_Motor_cutter_7_62m_INDEX_1	</identifier>
				<transform>
					<row0>	1.0000 0.0000 0.0072 0.0000	</row0>
					<row1>	0.0000 1.0000 0.0000 0.0000	</row1>
					<row2>	-0.0072 0.0000 1.0000 0.0000	</row2>
					<row3>	-0.2322 0.3504 0.7167 1.0000	</row3>
				</transform>
			</node>
			<node>
				<identifier>	MP_RM173_Signal_lanp_450mm_MSPl452	</identifier>
				<transform>
					<row0>	1.0000 0.0000 0.0000 0.0000	</row0>
					<row1>	0.0000 1.0000 0.0000 0.0000	</row1>
					<row2>	0.0000 0.0000 1.0000 0.0000	</row2>
					<row3>	0.0000 1.2406 1.8760 1.0000	</row3>
				</transform>
			</node>
			<node>
				<identifier>	MP_RM194_Magnetic_Compass	</identifier>
				<transform>
					<row0>	-1.0000 0.0000 0.0000 0.0000	</row0>
					<row1>	0.0000 1.0000 0.0000 0.0000	</row1>
					<row2>	0.0000 0.0000 -1.0000 0.0000	</row2>
					<row3>	0.0000 0.7463 2.3248 1.0000	</row3>
				</transform>
			</node>
			<node>
				<identifier>	MP_RM196_Pelorus	</identifier>
				<transform>
					<row0>	0.0000 0.0000 -1.0000 0.0000	</row0>
					<row1>	0.0000 1.0000 0.0000 0.0000	</row1>
					<row2>	1.0000 0.0000 0.0000 0.0000	</row2>
					<row3>	0.1936 0.7476 2.2415 1.0000	</row3>
				</transform>
			</node>
			<node>
				<identifier>	MP_RM196_Pelorus_INDEX_1	</identifier>
				<transform>
					<row0>	0.0000 0.0000 -1.0000 0.0000	</row0>
					<row1>	0.0000 1.0000 0.0000 0.0000	</row1>
					<row2>	1.0000 0.0000 0.0000 0.0000	</row2>
					<row3>	0.1916 0.5930 2.1235 1.0000	</row3>
				</transform>
			</node>
			<node>
				<identifier>	MP_RM196_Pelorus_INDEX_2	</identifier>
				<transform>
					<row0>	0.0000 0.0000 1.0000 0.0000	</row0>
					<row1>	0.0000 1.0000 0.0000 0.0000	</row1>
					<row2>	-1.0000 0.0000 0.0000 0.0000	</row2>
					<row3>	-0.1916 0.5930 2.1235 1.0000	</row3>
				</transform>
			</node>
			<node>
				<identifier>	MP_RM196_Pelorus_INDEX_3	</identifier>
				<transform>
					<row0>	0.0000 0.0000 1.0000 0.0000	</row0>
					<row1>	0.0000 1.0000 0.0000 0.0000	</row1>
					<row2>	-1.0000 0.0000 0.0000 0.0000	</row2>
					<row3>	-0.1936 0.7476 2.2415 1.0000	</row3>
				</transform>
			</node>
			<node>
				<identifier>	MP_RM199_Running_Lights_F	</identifier>
				<transform>
					<row0>	1.0000 0.0000 0.0000 0.0000	</row0>
					<row1>	0.0000 1.0000 0.0000 0.0000	</row1>
					<row2>	0.0000 0.0000 1.0000 0.0000	</row2>
					<row3>	0.0000 1.1666 1.8523 1.0000	</row3>
				</transform>
			</node>
			<node>
				<identifier>	MP_RM208_Flag_Box	</identifier>
				<transform>
