<GSB041_Hannover_1945_Bow_ports.visual>
	<node>
		<identifier>	Scene Root	</identifier>
		<transform>
			<row0>	1.0000 0.0000 0.0000 0.0000	</row0>
			<row1>	0.0000 1.0000 0.0000 0.0000	</row1>
			<row2>	0.0000 0.0000 1.0000 0.0000	</row2>
			<row3>	0.0000 0.0000 0.0000 1.0000	</row3>
		</transform>
		<node>
			<identifier>	Bow_ports	</identifier>
			<transform>
				<row0>	1.0000 0.0000 0.0000 0.0000	</row0>
				<row1>	0.0000 1.0000 0.0000 0.0000	</row1>
				<row2>	0.0000 0.0000 1.0000 0.0000	</row2>
				<row3>	0.0000 0.0000 0.0000 1.0000	</row3>
			</transform>
			<node>
				<identifier>	HP_FX_Fire_1	</identifier>
				<transform>
					<row0>	1.0000 0.0000 0.0000 0.0000	</row0>
					<row1>	0.0000 1.0000 0.0000 0.0000	</row1>
					<row2>	0.0000 0.0000 1.0000 0.0000	</row2>
					<row3>	0.0000 0.5479 7.9153 1.0000	</row3>
				</transform>
			</node>
			<node>
				<identifier>	HP_FX_Flood_water_left_4	</identifier>
				<transform>
					<row0>	-1.0000 0.0000 0.0000 0.0000	</row0>
					<row1>	0.0000 1.0000 0.0000 0.0000	</row1>
					<row2>	0.0000 0.0000 -1.0000 0.0000	</row2>
					<row3>	-0.8960 0.0690 6.6940 1.0000	</row3>
				</transform>
			</node>
			<node>
				<identifier>	HP_FX_Flood_water_right_4	</identifier>
				<transform>
					<row0>	1.0000 0.0000 0.0000 0.0000	</row0>
					<row1>	0.0000 1.0000 0.0000 0.0000	</row1>
					<row2>	0.0000 0.0000 1.0000 0.0000	</row2>
					<row3>	0.8961 0.0693 6.6944 1.0000	</row3>
				</transform>
			</node>
			<node>
				<identifier>	HP_FX_RepairLight_right_1	</identifier>
				<transform>
					<row0>	0.0904 0.0000 -0.9959 0.0000	</row0>
					<row1>	-0.0020 1.0000 -0.0002 0.0000	</row1>
					<row2>	0.9959 0.0020 0.0904 0.0000	</row2>
					<row3>	1.3061 0.4797 5.5472 1.0000	</row3>
				</transform>
			</node>
			<node>
				<identifier>	HP_FX_WakeTrace	</identifier>
				<transform>
					<row0>	1.0000 0.0000 0.0000 0.0000	</row0>
					<row1>	0.0000 1.0000 0.0000 0.0000	</row1>
					<row2>	0.0000 0.0000 1.0000 0.0000	</row2>
					<row3>	0.0000 0.0000 11.2650 1.0000	</row3>
				</transform>
			</node>
			<node>
				<identifier>	HP_GGA_1	</identifier>
				<transform>
					<row0>	1.0000 0.0000 0.0000 0.0000	</row0>
					<row1>	0.0000 1.0000 0.0000 0.0000	</row1>
					<row2>	0.0000 0.0000 1.0000 0.0000	</row2>
					<row3>	0.0000 0.5521 8.3114 1.0000	</row3>
				</transform>
			</node>
			<node>
				<identifier>	HP_GGA_2	</identifier>
				<transform>
					<row0>	0.0000 0.0000 1.0000 0.0000	</row0>
					<row1>	0.0000 1.0000 0.0000 0.0000	</row1>
					<row2>	-1.0000 0.0000 0.0000 0.0000	</row2>
					<row3>	-0.8948 0.4866 5.8902 1.0000	</row3>
				</transform>
			</node>
			<node>
				<identifier>	HP_GGA_3	</identifier>
				<transform>
					<row0>	0.0000 0.0000 -1.0000 0.0000	</row0>
					<row1>	0.0000 1.0000 0.0000 0.0000	</row1>
					<row2>	1.0000 0.0000 0.0000 0.0000	</row2>
					<row3>	0.8948 0.4866 5.8902 1.0000	</row3>
				</transform>
			</node>
			<node>
				<identifier>	HP_GGM_1	</identifier>
				<transform>
					<row0>	1.0000 0.0000 0.0000 0.0000	</row0>
					<row1>	0.0000 1.0000 0.0000 0.0000	</row1>
					<row2>	0.0000 0.0000 1.0000 0.0000	</row2>
					<row3>	0.0000 0.5660 6.1998 1.0000	</row3>
				</transform>
			</node>
			<node>
				<identifier>	HP_Ship_death_1	</identifier>
				<transform>
					<row0>	1.0000 0.0000 0.0000 0.0000	</row0>
					<row1>	0.0000 1.0000 0.0000 0.0000	</row1>
					<row2>	0.0000 0.0000 1.0000 0.0000	</row2>
					<row3>	0.0000 0.0000 5.3462 1.0000	</row3>
				</transform>
			</node>
			<node>
				<identifier>	MP_CM011_Fire_Fighting_Gear	</identifier>
				<transform>
					<row0>	0.0000 0.0000 1.0000 0.0000	</row0>
					<row1>	0.0000 1.0000 0.0000 0.0000	</row1>
					<row2>	-1.0000 0.0000 0.0000 0.0000	</row2>
					<row3>	0.4976 0.4973 6.0820 1.0000	</row3>
				</transform>
			</node>
			<node>
				<identifier>	MP_CM011_Fire_Fighting_Gear_INDEX_1	</identifier>
				<transform>
					<row0>	0.0000 0.0000 1.0000 0.0000	</row0>
					<row1>	0.0000 1.0000 0.0000 0.0000	</row1>
					<row2>	-1.0000 0.0000 0.0000 0.0000	</row2>
					<row3>	-0.0148 0.5235 7.3179 1.0000	</row3>
				</transform>
			</node>
			<node>
				<identifier>	MP_CM011_Fire_Fighting_Gear_INDEX_2	</identifier>
				<transform>
					<row0>	0.0000 0.0000 -1.0000 0.0000	</row0>
					<row1>	0.0000 1.0000 0.0000 0.0000	</row1>
					<row2>	1.0000 0.0000 0.0000 0.0000	</row2>
					<row3>	-0.5076 0.4992 6.2686 1.0000	</row3>
				</transform>
			</node>
			<node>
				<identifier>	MP_CM029_Emergency_Box	</identifier>
				<transform>
					<row0>	-0.3827 0.0000 -0.9239 0.0000	</row0>
					<row1>	0.0000 1.0000 0.0000 0.0000	</row1>
					<row2>	0.9239 0.0000 -0.3827 0.0000	</row2>
					<row3>	-0.1612 0.6113 8.3755 1.0000	</row3>
				</transform>
			</node>
			<node>
				<identifier>	MP_CM109_Leadsman_Platform	</identifier>
				<transform>
					<row0>	-0.0558 -0.9975 0.0440 0.0000	</row0>
					<row1>	-0.9606 0.0416 -0.2748 0.0000	</row1>
					<row2>	0.2723 -0.0576 -0.9605 0.0000	</row2>
					<row3>	0.3277 0.6755 10.8678 1.0000	</row3>
				</transform>
			</node>
			<node>
				<identifier>	MP_CM109_Leadsman_Platform_INDEX_1	</identifier>
				<transform>
					<row0>	0.0573 -0.9974 0.0436 0.0000	</row0>
					<row1>	0.9605 0.0431 -0.2749 0.0000	</row1>
					<row2>	0.2723 0.0576 0.9605 0.0000	</row2>
					<row3>	-0.3277 0.6755 10.8678 1.0000	</row3>
				</transform>
			</node>
			<node>
				<identifier>	MP_GM007_LifeBuoy	</identifier>
				<transform>
					<row0>	0.9897 0.0000 -0.1430 0.0000	</row0>
					<row1>	0.0000 1.0000 0.0000 0.0000	</row1>
					<row2>	0.1430 0.0000 0.9897 0.0000	</row2>
					<row3>	-1.1070 0.5471 7.3028 1.0000	</row3>
				</transform>
			</node>
			<node>
				<identifier>	MP_GM007_LifeBuoy_INDEX_1	</identifier>
				<transform>
					<row0>	0.9897 0.0000 0.1430 0.0000	</row0>
					<row1>	0.0000 1.0000 0.0000 0.0000	</row1>
					<row2>	-0.1430 0.0000 0.9897 0.0000	</row2>
					<row3>	1.1070 0.5471 7.3028 1.0000	</row3>
				</transform>
			</node>
			<node>
				<identifier>	MP_GM007_LifeBuoy_INDEX_2	</identifier>
				<transform>
					<row0>	0.9601 0.0000 -0.2795 0.0000	</row0>
					<row1>	0.0000 1.0000 0.0000 0.0000	</row1>
					<row2>	0.2795 0.0000 0.9601 0.0000	</row2>
					<row3>	-0.2896 0.7262 11.0276 1.0000	</row3>
				</transform>
			</node>
			<node>
				<identifier>	MP_GM007_LifeBuoy_INDEX_3	</identifier>
				<transform>
					<row0>	0.9760 0.0000 -0.2180 0.0000	</row0>
					<row1>	0.0000 1.0000 0.0000 0.0000	</row1>
					<row2>	0.2180 0.0000 0.9760 0.0000	</row2>
					<row3>	-0.7378 0.6226 9.2849 1.0000	</row3>
				</transform>
			</node>
			<node>
				<identifier>	MP_GM007_LifeBuoy_INDEX_4	</identifier>
				<transform>
					<row0>	0.9601 0.0000 0.2795 0.0000	</row0>
					<row1>	0.0000 1.0000 0.0000 0.0000	</row1>
					<row2>	-0.2795 0.0000 0.9601 0.0000	</row2>
					<row3>	0.2896 0.7262 11.0276 1.0000	</row3>
				</transform>
			</node>
			<node>
				<identifier>	MP_GM007_LifeBuoy_INDEX_5	</identifier>
				<transform>
					<row0>	0.9897 0.0000 0.1430 0.0000	</row0>
					<row1>	0.0000 1.0000 0.0000 0.0000	</row1>
					<row2>	-0.1430 0.0000 0.9897 0.0000	</row2>
					<row3>	0.7378 0.6226 9.2849 1.0000	</row3>
				</transform>
			</node>
			<node>
				<identifier>	MP_GM016_Sleeve	</identifier>
				<transform>
					<row0>	-0.2903 0.0000 -0.9569 0.0000	</row0>
					<row1>	0.0000 1.0000 0.0000 0.0000	</row1>
					<row2>	0.9569 0.0000 -0.2903 0.0000	</row2>
					<row3>	0.4695 0.5427 6.0554 1.0000	</row3>
				</transform>
			</node>
			<node>
				<identifier>	MP_GM016_Sleeve_INDEX_1	</identifier>
				<transform>
					<row0>	-1.0000 0.0000 0.0000 0.0000	</row0>
					<row1>	0.0000 0.8564 0.5164 0.0000	</row1>
					<row2>	0.0000 0.5164 -0.8564 0.0000	</row2>
					<row3>	-0.0350 0.5645 7.3673 1.0000	</row3>
				</transform>
			</node>
			<node>
				<identifier>	MP_GM016_Sleeve_INDEX_2	</identifier>
				<transform>
					<row0>	0.0980 0.0000 0.9952 0.0000	</row0>
					<row1>	0.0000 1.0000 0.0000 0.0000	</row1>
					<row2>	-0.9952 0.0000 0.0980 0.0000	</row2>
					<row3>	-0.4888 0.5452 6.2484 1.0000	</row3>
				</transform>
			</node>
			<node>
				<identifier>	MP_GM034_Turtles_box	</identifier>
				<transform>
					<row0>	-0.9172 0.0000 -0.3984 0.0000	</row0>
					<row1>	0.0000 1.0000 0.0000 0.0000	</row1>
					<row2>	0.3984 0.0000 -0.9172 0.0000	</row2>
					<row3>	0.9507 0.4899 5.7464 1.0000	</row3>
				</transform>
			</node>
			<node>
				<identifier>	MP_GM034_Turtles_box_INDEX_1	</identifier>
				<transform>
					<row0>	-0.9172 0.0000 0.3984 0.0000	</row0>
					<row1>	0.0000 1.0000 0.0000 0.0000	</row1>
					<row2>	-0.3984 0.0000 -0.9172 0.0000	</row2>
					<row3>	-0.9507 0.4899 5.7464 1.0000	</row3>
				</transform>
			</node>
			<node>
				<identifier>	MP_GM034_Turtles_box_INDEX_2	</identifier>
				<transform>
					<row0>	-0.5951 0.0000 0.8037 0.0000	</row0>
					<row1>	0.0000 1.0000 0.0000 0.0000	</row1>
					<row2>	-0.8037 0.0000 -0.5951 0.0000	</row2>
					<row3>	-0.1321 0.5841 8.2056 1.0000	</row3>
				</transform>
			</node>
			<node>
				<identifier>	MP_GM700_AmmoBox	</identifier>
				<transform>
					<row0>	-1.0000 0.0000 0.0000 0.0000	</row0>
					<row1>	0.0000 1.0000 0.0000 0.0000	</row1>
					<row2>	0.0000 0.0000 -1.0000 0.0000	</row2>
					<row3>	0.8948 0.4810 5.7071 1.0000	</row3>
				</transform>
			</node>
			<node>
				<identifier>	MP_GM700_AmmoBox_INDEX_1	</identifier>
				<transform>
					<row0>	0.5736 0.0000 -0.8192 0.0000	</row0>
					<row1>	0.0000 1.0000 0.0000 0.0000	</row1>
					<row2>	0.8192 0.0000 0.5736 0.0000	</row2>
					<row3>	-0.7371 0.4888 5.9842 1.0000	</row3>
				</transform>
			</node>
			<node>
				<identifier>	MP_GM700_AmmoBox_INDEX_2	</identifier>
				<transform>
					<row0>	0.5736 0.0000 0.8192 0.0000	</row0>
					<row1>	0.0000 1.0000 0.0000 0.0000	</row1>
					<row2>	-0.8192 0.0000 0.5736 0.0000	</row2>
					<row3>	0.7371 0.4888 5.9842 1.0000	</row3>
				</transform>
			</node>
			<node>
				<identifier>	MP_GM700_AmmoBox_INDEX_3	</identifier>
				<transform>
					<row0>	-1.0000 0.0000 0.0000 0.0000	</row0>
					<row1>	0.0000 1.0000 0.0000 0.0000	</row1>
					<row2>	0.0000 0.0000 -1.0000 0.0000	</row2>
					<row3>	-0.8948 0.4810 5.7071 1.0000	</row3>
				</transform>
			</node>
			<node>
				<identifier>	MP_GM969_Anchor_up	</identifier>
				<transform>
					<row0>	1.4530 0.2740 0.0219 0.0000	</row0>
					<row1>	0.0210 0.0068 -1.4786 0.0000	</row1>
					<row2>	-0.2740 1.4531 0.0028 0.0000	</row2>
					<row3>	-0.3533 0.6551 10.6927 1.0000	</row3>
				</transform>
			</node>
			<node>
				<identifier>	MP_GM969_Anchor_up_INDEX_1	</identifier>
				<transform>
					<row0>	1.4530 -0.2740 -0.0219 0.0000	</row0>
					<row1>	-0.0210 0.0068 -1.4786 0.0000	</row1>
					<row2>	0.2740 1.4531 0.0028 0.0000	</row2>
					<row3>	0.3533 0.6551 10.6927 1.0000	</row3>
				</transform>
			</node>
			<node>
				<identifier>	MP_GM969_Anchor_up_INDEX_2	</identifier>
				<transform>
					<row0>	1.4787 0.0000 0.0000 0.0000	</row0>
					<row1>	0.0000 0.4010 -1.4233 0.0000	</row1>
					<row2>	0.0000 1.4233 0.4010 0.0000	</row2>
					<row3>	0.0000 0.6541 11.7719 1.0000	</row3>
				</transform>
			</node>
			<node>
				<identifier>	MP_GM970_Anchor_bottom	</identifier>
				<transform>
					<row0>	1.4533 -0.2740 -0.0219 0.0000	</row0>
					<row1>	0.0563 0.4119 -1.4194 0.0000	</row1>
					<row2>	0.2691 1.3939 0.4151 0.0000	</row2>
					<row3>	0.3533 0.6551 10.6927 1.0000	</row3>
				</transform>
			</node>
			<node>
				<identifier>	MP_GM970_Anchor_bottom_INDEX_1	</identifier>
				<transform>
					<row0>	1.4533 0.2740 0.0219 0.0000	</row0>
					<row1>	-0.0563 0.4119 -1.4194 0.0000	</row1>
					<row2>	-0.2691 1.3939 0.4151 0.0000	</row2>
					<row3>	-0.3533 0.6551 10.6927 1.0000	</row3>
				</transform>
			</node>
			<node>
				<identifier>	MP_GM970_Anchor_bottom_INDEX_2	</identifier>
				<transform>
					<row0>	1.4791 0.0000 0.0000 0.0000	</row0>
					<row1>	0.0000 -0.5866 -1.3578 0.0000	</row1>
					<row2>	0.0000 1.3578 -0.5866 0.0000	</row2>
					<row3>	0.0000 0.6541 11.7719 1.0000	</row3>
				</transform>
			</node>
			<node>
				<identifier>	MP_GM972_Fairlead	</identifier>
				<transform>
					<row0>	0.9910 0.0003 0.1340 0.0000	</row0>
					<row1>	0.0025 0.9998 -0.0205 0.0000	</row1>
					<row2>	-0.1340 0.0206 0.9908 0.0000	</row2>
					<row3>	1.1141 0.4968 7.0865 1.0000	</row3>
				</transform>
			</node>
			<node>
				<identifier>	MP_GM972_Fairlead_INDEX_1	</identifier>
				<transform>
					<row0>	0.9776 0.0034 0.2107 0.0000	</row0>
					<row1>	0.0051 0.9992 -0.0397 0.0000	</row1>
					<row2>	-0.2106 0.0399 0.9768 0.0000	</row2>
					<row3>	0.7798 0.5622 8.9951 1.0000	</row3>
				</transform>
			</node>
			<node>
				<identifier>	MP_GM972_Fairlead_INDEX_2	</identifier>
				<transform>
					<row0>	0.9719 0.0048 0.2352 0.0000	</row0>
					<row1>	0.0084 0.9985 -0.0548 0.0000	</row1>
					<row2>	-0.2351 0.0553 0.9704 0.0000	</row2>
					<row3>	0.5399 0.6163 10.0217 1.0000	</row3>
				</transform>
			</node>
			<node>
				<identifier>	MP_GM972_Fairlead_INDEX_3	</identifier>
				<transform>
					<row0>	0.9910 -0.0003 -0.1340 0.0000	</row0>
					<row1>	-0.0025 0.9998 -0.0205 0.0000	</row1>
					<row2>	0.1340 0.0206 0.9908 0.0000	</row2>
					<row3>	-1.1141 0.4968 7.0865 1.0000	</row3>
				</transform>
			</node>
			<node>
				<identifier>	MP_GM972_Fairlead_INDEX_4	</identifier>
				<transform>
					<row0>	0.9776 -0.0034 -0.2107 0.0000	</row0>
					<row1>	-0.0051 0.9992 -0.0397 0.0000	</row1>
					<row2>	0.2106 0.0399 0.9768 0.0000	</row2>
					<row3>	-0.7798 0.5622 8.9951 1.0000	</row3>
				</transform>
			</node>
			<node>
				<identifier>	MP_GM972_Fairlead_INDEX_5	</identifier>
				<transform>
					<row0>	0.9719 -0.0048 -0.2352 0.0000	</row0>
					<row1>	-0.0084 0.9985 -0.0548 0.0000	</row1>
					<row2>	0.2351 0.0553 0.9704 0.0000	</row2>
					<row3>	-0.5399 0.6163 10.0217 1.0000	</row3>
				</transform>
			</node>
			<node>
				<identifier>	SP_YMS001_YHBM_M_1	</identifier>
				<transform>
					<row0>	1.8277 0.0000 0.0000 0.0000	</row0>
					<row1>	0.0000 1.8237 0.1218 0.0000	</row1>
					<row2>	0.0000 -0.1218 1.8237 0.0000	</row2>
					<row3>	0.0000 0.7947 11.7508 1.0000	</row3>
				</transform>
			</node>
			<node>
				<identifier>	SP_YMS002_YHBL_M_1	</identifier>
				<transform>
					<row0>	1.0828 -0.0368 0.0171 0.0000	</row0>
					<row1>	0.0381 1.0786 -0.0967 0.0000	</row1>
					<row2>	-0.0137 0.0973 1.0791 0.0000	</row2>
					<row3>	0.0000 0.7965 11.9140 1.0000	</row3>
				</transform>
			</node>
			<node>
				<identifier>	SP_YMS003_YHBR_M_1	</identifier>
				<transform>
					<row0>	1.0828 0.0368 -0.0171 0.0000	</row0>
					<row1>	-0.0381 1.0786 -0.0967 0.0000	</row1>
					<row2>	0.0137 0.0973 1.0791 0.0000	</row2>
					<row3>	0.0000 0.7965 11.9140 1.0000	</row3>
				</transform>
			</node>
			<node>
				<identifier>	SP_YMS010_YHWM_L_1	</identifier>
				<transform>
					<row0>	1.2000 0.0000 0.0000 0.0000	</row0>
					<row1>	0.0000 1.2000 0.0000 0.0000	</row1>
					<row2>	0.0000 0.0000 1.2000 0.0000	</row2>
					<row3>	0.0000 0.0000 11.2907 1.0000	</row3>
				</transform>
			</node>
			<node>
				<identifier>	SP_YMS011_YHWL_M_1_INDEX_6	</identifier>
				<transform>
					<row0>	1.8750 0.0000 -0.3444 0.0000	</row0>
					<row1>	0.0000 1.9063 0.0000 0.0000	</row1>
					<row2>	0.3444 0.0000 1.8750 0.0000	</row2>
					<row3>	-0.7689 0.0000 7.1024 1.0000	</row3>
				</transform>
			</node>
			<node>
				<identifier>	SP_YMS011_YHWL_M_1_INDEX_8	</identifier>
				<transform>
					<row0>	1.8785 0.0000 -0.3246 0.0000	</row0>
					<row1>	0.0000 1.9063 0.0000 0.0000	</row1>
					<row2>	0.3246 0.0000 1.8785 0.0000	</row2>
					<row3>	-1.0415 0.0000 5.5542 1.0000	</row3>
				</transform>
			</node>
			<node>
				<identifier>	SP_YMS011_YHWL_M_1_INDEX_9	</identifier>
				<transform>
					<row0>	1.8723 0.0000 -0.3584 0.0000	</row0>
					<row1>	0.0000 1.9063 0.0000 0.0000	</row1>
					<row2>	0.3584 0.0000 1.8723 0.0000	</row2>
					<row3>	-0.4606 0.0000 8.6533 1.0000	</row3>
				</transform>
			</node>
			<node>
				<identifier>	SP_YMS012_YHWR_M_1	</identifier>
				<transform>
					<row0>	1.8723 0.0000 0.3584 0.0000	</row0>
					<row1>	0.0000 1.9063 0.0000 0.0000	</row1>
					<row2>	-0.3584 0.0000 1.8723 0.0000	</row2>
					<row3>	0.4606 0.0000 8.6533 1.0000	</row3>
				</transform>
			</node>
			<node>
				<identifier>	SP_YMS012_YHWR_M_1_INDEX_1	</identifier>
				<transform>
					<row0>	1.8750 0.0000 0.3444 0.0000	</row0>
					<row1>	0.0000 1.9063 0.0000 0.0000	</row1>
					<row2>	-0.3444 0.0000 1.8750 0.0000	</row2>
					<row3>	0.7689 0.0000 7.1024 1.0000	</row3>
				</transform>
			</node>
			<node>
				<identifier>	SP_YMS012_YHWR_M_1_INDEX_10	</identifier>
				<transform>
					<row0>	1.8785 0.0000 0.3246 0.0000	</row0>
					<row1>	0.0000 1.9063 0.0000 0.0000	</row1>
					<row2>	-0.3246 0.0000 1.8785 0.0000	</row2>
					<row3>	1.0415 0.0000 5.5542 1.0000	</row3>
				</transform>
			</node>
			<node>
				<identifier>	SP_YMS020_YHBU_M_1_INDEX_1	</identifier>
				<transform>
					<row0>	1.7120 0.0000 0.0000 0.0000	</row0>
					<row1>	0.0000 1.7120 0.0000 0.0000	</row1>
					<row2>	0.0000 0.0000 1.7120 0.0000	</row2>
					<row3>	0.0000 -0.1153 11.0188 1.0000	</row3>
				</transform>
			</node>
			<node>
				<identifier>	SP_YMS022_YHUS_L_1_INDEX_1	</identifier>
				<transform>
					<row0>	-0.2598 -0.0247 -1.7237 0.0000	</row0>
					<row1>	-0.9321 1.4684 0.1194 0.0000	</row1>
					<row2>	1.4502 0.9394 -0.2320 0.0000	</row2>
					<row3>	-0.3971 -0.7551 5.9565 1.0000	</row3>
				</transform>
			</node>
			<node>
				<identifier>	SP_YMS022_YHUS_L_1_INDEX_3	</identifier>
				<transform>
					<row0>	-0.2598 0.0247 1.7237 0.0000	</row0>
					<row1>	0.9321 1.4684 0.1194 0.0000	</row1>
					<row2>	-1.4502 0.9394 -0.2320 0.0000	</row2>
					<row3>	0.3971 -0.7551 5.9565 1.0000	</row3>
				</transform>
			</node>
			<node>
				<identifier>	SP_YMS051_YHDL_L_1	</identifier>
				<transform>
					<row0>	1.4006 -0.0034 -0.1896 0.0000	</row0>
					<row1>	-0.0005 1.4131 -0.0288 0.0000	</row1>
					<row2>	0.1896 0.0286 1.4003 0.0000	</row2>
					<row3>	-1.0459 0.5184 7.6184 1.0000	</row3>
				</transform>
			</node>
			<node>
				<identifier>	SP_YMS052_YHDR_L_1	</identifier>
				<transform>
					<row0>	1.4006 -0.0034 0.1896 0.0000	</row0>
					<row1>	0.0073 1.4131 -0.0288 0.0000	</row1>
					<row2>	-0.1895 0.0295 1.4003 0.0000	</row2>
					<row3>	1.0459 0.5184 7.6184 1.0000	</row3>
				</transform>
			</node>
			<node>
				<identifier>	SP_YMS053_YHDC_S_1_INDEX_1	</identifier>
				<transform>
					<row0>	1.5531 0.0000 0.0000 0.0000	</row0>
					<row1>	0.0000 1.5531 0.0000 0.0000	</row1>
					<row2>	0.0000 0.0000 1.5531 0.0000	</row2>
					<row3>	0.0000 0.5886 8.8978 1.0000	</row3>
				</transform>
			</node>
			<node>
				<identifier>	SP_YMS053_YHDC_S_1_INDEX_6	</identifier>
				<transform>
					<row0>	0.0000 0.0000 1.5531 0.0000	</row0>
					<row1>	0.0000 1.5531 0.0000 0.0000	</row1>
					<row2>	-1.5531 0.0000 0.0000 0.0000	</row2>
					<row3>	0.6077 0.5516 8.1585 1.0000	</row3>
				</transform>
			</node>
			<node>
				<identifier>	SP_YMS053_YHDC_S_1_INDEX_8	</identifier>
				<transform>
					<row0>	0.0000 0.0000 1.5531 0.0000	</row0>
					<row1>	0.0000 1.5531 0.0000 0.0000	</row1>
					<row2>	-1.5531 0.0000 0.0000 0.0000	</row2>
					<row3>	-0.6077 0.5516 8.1585 1.0000	</row3>
				</transform>
			</node>
			<node>
				<identifier>	SP_YMS061_YHGH_S_1_INDEX_2	</identifier>
				<transform>
					<row0>	-0.4936 0.0000 0.7742 0.0000	</row0>
					<row1>	0.0000 0.9181 0.0000 0.0000	</row1>
					<row2>	-0.7742 0.0000 -0.4936 0.0000	</row2>
					<row3>	0.8935 0.5765 5.8896 1.0000	</row3>
				</transform>
			</node>
			<node>
				<identifier>	SP_YMS061_YHGH_S_1_INDEX_5	</identifier>
				<transform>
					<row0>	-0.4936 0.0000 -0.7742 0.0000	</row0>
					<row1>	0.0000 0.9181 0.0000 0.0000	</row1>
					<row2>	0.7742 0.0000 -0.4936 0.0000	</row2>
					<row3>	-0.8935 0.5765 5.8896 1.0000	</row3>
				</transform>
			</node>
			<node>
				<identifier>	SP_YMS063_YHGQ_S_1_INDEX_1	</identifier>
				<transform>
					<row0>	-0.9680 0.0000 0.0000 0.0000	</row0>
					<row1>	0.0000 0.9680 0.0000 0.0000	</row1>
					<row2>	0.0000 0.0000 -0.9680 0.0000	</row2>
					<row3>	0.0000 0.6569 8.3114 1.0000	</row3>
				</transform>
			</node>
			<node>
				<identifier>	SP_YMS063_YHGQ_S_1_INDEX_10	</identifier>
				<transform>
					<row0>	0.1180 0.0000 -0.9608 0.0000	</row0>
					<row1>	0.0000 0.9680 0.0000 0.0000	</row1>
					<row2>	0.9608 0.0000 0.1180 0.0000	</row2>
					<row3>	0.0000 0.6569 8.3114 1.0000	</row3>
				</transform>
			</node>
			<node>
				<identifier>	SP_YMS063_YHGQ_S_1_INDEX_4	</identifier>
				<transform>
					<row0>	0.1180 0.0000 -0.9608 0.0000	</row0>
					<row1>	0.0000 0.9680 0.0000 0.0000	</row1>
					<row2>	0.9608 0.0000 0.1180 0.0000	</row2>
					<row3>	0.0000 0.6569 8.3114 1.0000	</row3>
				</transform>
			</node>
			<node>
				<identifier>	SP_YMS063_YHGQ_S_1_INDEX_5	</identifier>
				<transform>
					<row0>	-0.9680 0.0000 0.0000 0.0000	</row0>
					<row1>	0.0000 0.9680 0.0000 0.0000	</row1>
					<row2>	0.0000 0.0000 -0.9680 0.0000	</row2>
					<row3>	0.0000 0.6569 8.3114 1.0000	</row3>
				</transform>
			</node>
			<node>
				<identifier>	SP_YMS063_YHGQ_S_1_INDEX_6	</identifier>
				<transform>
					<row0>	0.1180 0.0000 0.9608 0.0000	</row0>
					<row1>	0.0000 0.9680 0.0000 0.0000	</row1>
					<row2>	-0.9608 0.0000 0.1180 0.0000	</row2>
					<row3>	0.0000 0.6569 8.3114 1.0000	</row3>
				</transform>
			</node>
			<node>
				<identifier>	SP_YMS063_YHGQ_S_1_INDEX_9	</identifier>
				<transform>
					<row0>	0.1180 0.0000 0.9608 0.0000	</row0>
					<row1>	0.0000 0.9680 0.0000 0.0000	</row1>
					<row2>	-0.9608 0.0000 0.1180 0.0000	</row2>
					<row3>	0.0000 0.6569 8.3114 1.0000	</row3>
				</transform>
			</node>
			<node>
				<identifier>	SP_YMS080_YHSL_M_1_INDEX_3	</identifier>
				<transform>
					<row0>	0.7649 0.6172 -0.1844 0.0000	</row0>
					<row1>	-0.6220 0.7821 0.0377 0.0000	</row1>
					<row2>	0.1675 0.0859 0.9821 0.0000	</row2>
					<row3>	-0.5684 0.3475 9.2979 1.0000	</row3>
				</transform>
			</node>
			<node>
				<identifier>	SP_YMS081_YHSR_M_1_INDEX_4	</identifier>
				<transform>
					<row0>	0.7649 -0.6172 0.1844 0.0000	</row0>
					<row1>	0.6220 0.7821 0.0377 0.0000	</row1>
					<row2>	-0.1675 0.0859 0.9821 0.0000	</row2>
					<row3>	0.5684 0.3475 9.2979 1.0000	</row3>
				</transform>
			</node>
		</node>
	</node>
	<boundingBox>
		<min>	-0.0667 -0.0667 -0.0667	</min>
		<max>	0.0667 0.0667 0.0667	</max>
	</boundingBox>
</GSB041_Hannover_1945_Bow_ports.visual>
