<RSD046_Yerevan_1952_MidFront_ports.visual>
	<node>
		<identifier>	Scene Root	</identifier>
		<transform>
			<row0>	1.0000 0.0000 0.0000 0.0000	</row0>
			<row1>	0.0000 1.0000 0.0000 0.0000	</row1>
			<row2>	0.0000 0.0000 1.0000 0.0000	</row2>
			<row3>	0.0000 0.0000 0.0000 1.0000	</row3>
		</transform>
		<node>
			<identifier>	MidFront_ports	</identifier>
			<transform>
				<row0>	1.0000 0.0000 0.0000 0.0000	</row0>
				<row1>	0.0000 1.0000 0.0000 0.0000	</row1>
				<row2>	0.0000 0.0000 1.0000 0.0000	</row2>
				<row3>	0.0000 0.0000 0.0000 1.0000	</row3>
			</transform>
			<node>
				<identifier>	HP_FX_Death_1	</identifier>
				<transform>
					<row0>	1.0000 0.0000 0.0000 0.0000	</row0>
					<row1>	0.0000 1.0000 0.0000 0.0000	</row1>
					<row2>	0.0000 0.0000 1.0000 0.0000	</row2>
					<row3>	0.0000 0.0000 2.6507 1.0000	</row3>
				</transform>
			</node>
			<node>
				<identifier>	HP_FX_Death_2	</identifier>
				<transform>
					<row0>	1.0000 0.0000 0.0000 0.0000	</row0>
					<row1>	0.0000 1.0000 0.0000 0.0000	</row1>
					<row2>	0.0000 0.0000 1.0000 0.0000	</row2>
					<row3>	0.0000 0.0000 -0.0671 1.0000	</row3>
				</transform>
			</node>
			<node>
				<identifier>	HP_FX_Fire_2	</identifier>
				<transform>
					<row0>	1.0000 0.0000 0.0000 0.0000	</row0>
					<row1>	0.0000 1.0000 0.0000 0.0000	</row1>
					<row2>	0.0000 0.0000 1.0000 0.0000	</row2>
					<row3>	0.0000 0.2989 0.7580 1.0000	</row3>
				</transform>
			</node>
			<node>
				<identifier>	HP_FX_Fire_2_side_1	</identifier>
				<transform>
					<row0>	1.0000 0.0000 0.0000 0.0000	</row0>
					<row1>	0.0000 1.0000 0.0000 0.0000	</row1>
					<row2>	0.0000 0.0000 1.0000 0.0000	</row2>
					<row3>	-0.3313 0.3121 2.1485 1.0000	</row3>
				</transform>
			</node>
			<node>
				<identifier>	HP_FX_Fire_2_side_2	</identifier>
				<transform>
					<row0>	1.0000 0.0000 0.0000 0.0000	</row0>
					<row1>	0.0000 1.0000 0.0000 0.0000	</row1>
					<row2>	0.0000 0.0000 1.0000 0.0000	</row2>
					<row3>	0.3511 0.3585 1.2279 1.0000	</row3>
				</transform>
			</node>
			<node>
				<identifier>	HP_FX_FloodLight_left_2	</identifier>
				<transform>
					<row0>	-1.0000 0.0000 0.0000 0.0000	</row0>
					<row1>	0.0000 1.0000 0.0000 0.0000	</row1>
					<row2>	0.0000 0.0000 -1.0000 0.0000	</row2>
					<row3>	-0.2942 0.4358 1.9077 1.0000	</row3>
				</transform>
			</node>
			<node>
				<identifier>	HP_FX_FloodLight_right_2	</identifier>
				<transform>
					<row0>	1.0000 0.0000 0.0000 0.0000	</row0>
					<row1>	0.0000 1.0000 0.0000 0.0000	</row1>
					<row2>	0.0000 0.0000 1.0000 0.0000	</row2>
					<row3>	0.2959 0.4347 1.8991 1.0000	</row3>
				</transform>
			</node>
			<node>
				<identifier>	HP_FX_Flood_steam_1	</identifier>
				<transform>
					<row0>	1.0000 0.0000 0.0000 0.0000	</row0>
					<row1>	0.0000 0.8722 -0.4892 0.0000	</row1>
					<row2>	0.0000 0.4892 0.8722 0.0000	</row2>
					<row3>	0.0010 0.8069 0.8394 1.0000	</row3>
				</transform>
			</node>
			<node>
				<identifier>	HP_FX_Flood_steam_2	</identifier>
				<transform>
					<row0>	1.0000 0.0000 0.0000 0.0000	</row0>
					<row1>	0.0000 0.9052 -0.4249 0.0000	</row1>
					<row2>	0.0000 0.4249 0.9052 0.0000	</row2>
					<row3>	0.0001 0.8068 -0.6502 1.0000	</row3>
				</transform>
			</node>
			<node>
				<identifier>	HP_FX_Flood_steam_left	</identifier>
				<transform>
					<row0>	-1.0000 0.0000 0.0000 0.0000	</row0>
					<row1>	0.0000 1.0000 0.0000 0.0000	</row1>
					<row2>	0.0000 0.0000 -1.0000 0.0000	</row2>
					<row3>	-0.2906 0.4279 2.2756 1.0000	</row3>
				</transform>
			</node>
			<node>
				<identifier>	HP_FX_Flood_water_left	</identifier>
				<transform>
					<row0>	-0.9969 0.0000 0.0788 0.0000	</row0>
					<row1>	0.0000 1.0000 0.0000 0.0000	</row1>
					<row2>	-0.0788 0.0000 -0.9969 0.0000	</row2>
					<row3>	-0.3670 0.0147 1.6654 1.0000	</row3>
				</transform>
			</node>
			<node>
				<identifier>	HP_FX_Flood_water_right	</identifier>
				<transform>
					<row0>	1.0000 0.0000 0.0000 0.0000	</row0>
					<row1>	0.0000 1.0000 0.0000 0.0000	</row1>
					<row2>	0.0000 0.0000 1.0000 0.0000	</row2>
					<row3>	0.3663 0.0149 1.6651 1.0000	</row3>
				</transform>
			</node>
			<node>
				<identifier>	HP_FX_RepairLight_right_2	</identifier>
				<transform>
					<row0>	0.1075 0.0000 -0.9942 0.0000	</row0>
					<row1>	0.5091 0.8589 0.0551 0.0000	</row1>
					<row2>	0.8540 -0.5121 0.0923 0.0000	</row2>
					<row3>	0.3767 0.3168 2.7227 1.0000	</row3>
				</transform>
			</node>
			<node>
				<identifier>	HP_FX_Smoke_1	</identifier>
				<transform>
					<row0>	1.0000 0.0000 0.0000 0.0000	</row0>
					<row1>	0.0000 0.9964 -0.0848 0.0000	</row1>
					<row2>	0.0000 0.0848 0.9964 0.0000	</row2>
					<row3>	0.0000 0.8968 1.0561 1.0000	</row3>
				</transform>
			</node>
			<node>
				<identifier>	HP_FX_Smoke_2	</identifier>
				<transform>
					<row0>	1.0000 0.0000 0.0000 0.0000	</row0>
					<row1>	0.0000 0.9975 -0.0711 0.0000	</row1>
					<row2>	0.0000 0.0711 0.9975 0.0000	</row2>
					<row3>	0.0000 0.8814 -0.4262 1.0000	</row3>
				</transform>
			</node>
			<node>
				<identifier>	HP_Flagpole	</identifier>
				<transform>
					<row0>	-0.4673 0.0000 0.0000 0.0000	</row0>
					<row1>	0.0000 0.4673 0.0000 0.0000	</row1>
					<row2>	0.0000 0.0000 -0.4673 0.0000	</row2>
					<row3>	0.0000 1.5972 1.2112 1.0000	</row3>
				</transform>
			</node>
			<node>
				<identifier>	HP_RD_1	</identifier>
				<transform>
					<row0>	0.0000 0.0000 1.0000 0.0000	</row0>
					<row1>	0.0000 1.0000 0.0000 0.0000	</row1>
					<row2>	-1.0000 0.0000 0.0000 0.0000	</row2>
					<row3>	-0.1667 0.8167 1.9131 1.0000	</row3>
				</transform>
			</node>
			<node>
				<identifier>	HP_RD_2	</identifier>
				<transform>
					<row0>	0.0000 0.0000 -1.0000 0.0000	</row0>
					<row1>	0.0000 1.0000 0.0000 0.0000	</row1>
					<row2>	1.0000 0.0000 0.0000 0.0000	</row2>
					<row3>	0.1645 0.8167 1.9131 1.0000	</row3>
				</transform>
			</node>
			<node>
				<identifier>	HP_RD_3	</identifier>
				<transform>
					<row0>	0.0000 0.0000 1.0000 0.0000	</row0>
					<row1>	0.0000 1.0000 0.0000 0.0000	</row1>
					<row2>	-1.0000 0.0000 0.0000 0.0000	</row2>
					<row3>	-0.1934 0.8172 1.7125 1.0000	</row3>
				</transform>
			</node>
			<node>
				<identifier>	HP_RD_4	</identifier>
				<transform>
					<row0>	0.0000 0.0000 -1.0000 0.0000	</row0>
					<row1>	0.0000 1.0000 0.0000 0.0000	</row1>
					<row2>	1.0000 0.0000 0.0000 0.0000	</row2>
					<row3>	0.1934 0.8172 1.7125 1.0000	</row3>
				</transform>
			</node>
			<node>
				<identifier>	HP_RF_1	</identifier>
				<transform>
					<row0>	1.0000 0.0000 0.0000 0.0000	</row0>
					<row1>	0.0000 1.0000 0.0000 0.0000	</row1>
					<row2>	0.0000 0.0000 1.0000 0.0000	</row2>
					<row3>	0.0000 1.0157 1.7310 1.0000	</row3>
				</transform>
			</node>
			<node>
				<identifier>	HP_RGA_1	</identifier>
				<transform>
					<row0>	0.0000 0.0000 1.0000 0.0000	</row0>
					<row1>	0.0000 1.0000 0.0000 0.0000	</row1>
					<row2>	-1.0000 0.0000 0.0000 0.0000	</row2>
					<row3>	-0.3007 0.6395 1.4926 1.0000	</row3>
				</transform>
			</node>
			<node>
				<identifier>	HP_RGA_2	</identifier>
				<transform>
					<row0>	0.0000 0.0000 -1.0000 0.0000	</row0>
					<row1>	0.0000 1.0000 0.0000 0.0000	</row1>
					<row2>	1.0000 0.0000 0.0000 0.0000	</row2>
					<row3>	0.3007 0.6395 1.4926 1.0000	</row3>
				</transform>
			</node>
			<node>
				<identifier>	HP_RGA_3	</identifier>
				<transform>
					<row0>	0.0000 0.0000 1.0000 0.0000	</row0>
					<row1>	0.0000 1.0000 0.0000 0.0000	</row1>
					<row2>	-1.0000 0.0000 0.0000 0.0000	</row2>
					<row3>	-0.3034 0.3235 -0.3749 1.0000	</row3>
				</transform>
			</node>
			<node>
				<identifier>	HP_RGA_4	</identifier>
				<transform>
					<row0>	0.0000 0.0000 -1.0000 0.0000	</row0>
					<row1>	0.0000 1.0000 0.0000 0.0000	</row1>
					<row2>	1.0000 0.0000 0.0000 0.0000	</row2>
					<row3>	0.3036 0.3235 -0.3748 1.0000	</row3>
				</transform>
			</node>
			<node>
				<identifier>	HP_RGT_1	</identifier>
				<transform>
					<row0>	1.0000 0.0000 0.0000 0.0000	</row0>
					<row1>	0.0000 1.0000 0.0000 0.0000	</row1>
					<row2>	0.0000 0.0000 1.0000 0.0000	</row2>
					<row3>	0.0000 0.3314 0.3921 1.0000	</row3>
				</transform>
			</node>
			<node>
				<identifier>	HP_RGT_2	</identifier>
				<transform>
					<row0>	1.0000 0.0000 0.0000 0.0000	</row0>
					<row1>	0.0000 1.0000 0.0000 0.0000	</row1>
					<row2>	0.0000 0.0000 1.0000 0.0000	</row2>
					<row3>	0.0000 0.3314 -1.0758 1.0000	</row3>
				</transform>
			</node>
			<node>
				<identifier>	HP_RRS_1	</identifier>
				<transform>
					<row0>	1.0000 0.0000 0.0000 0.0000	</row0>
					<row1>	0.0000 1.0000 0.0000 0.0000	</row1>
					<row2>	0.0000 0.0000 1.0000 0.0000	</row2>
					<row3>	0.0000 0.8692 2.1271 1.0000	</row3>
				</transform>
			</node>
			<node>
				<identifier>	HP_RRS_2	</identifier>
				<transform>
					<row0>	1.0000 0.0000 0.0000 0.0000	</row0>
					<row1>	0.0000 1.0000 0.0000 0.0000	</row1>
					<row2>	0.0000 0.0000 1.0000 0.0000	</row2>
					<row3>	0.0000 1.2277 1.5929 1.0000	</row3>
				</transform>
			</node>
			<node>
				<identifier>	HP_RRS_3	</identifier>
				<transform>
					<row0>	1.0000 0.0000 0.0000 0.0000	</row0>
					<row1>	0.0000 1.0000 0.0000 0.0000	</row1>
					<row2>	0.0000 0.0000 1.0000 0.0000	</row2>
					<row3>	0.0000 1.4551 1.4618 1.0000	</row3>
				</transform>
			</node>
			<node>
				<identifier>	HP_RRS_4	</identifier>
				<transform>
					<row0>	1.0000 0.0000 0.0000 0.0000	</row0>
					<row1>	0.0000 1.0000 0.0000 0.0000	</row1>
					<row2>	0.0000 0.0000 1.0000 0.0000	</row2>
					<row3>	0.0018 1.3278 1.3635 1.0000	</row3>
				</transform>
			</node>
			<node>
				<identifier>	HP_RRS_5	</identifier>
				<transform>
					<row0>	1.0000 0.0000 0.0000 0.0000	</row0>
					<row1>	0.0000 1.0000 0.0000 0.0000	</row1>
					<row2>	0.0000 0.0000 1.0000 0.0000	</row2>
					<row3>	0.0000 1.5581 1.3247 1.0000	</row3>
				</transform>
			</node>
			<node>
				<identifier>	HP_Ship_death_2	</identifier>
				<transform>
					<row0>	1.0000 0.0000 0.0000 0.0000	</row0>
					<row1>	0.0000 1.0000 0.0000 0.0000	</row1>
					<row2>	0.0000 0.0000 1.0000 0.0000	</row2>
					<row3>	0.0000 0.0000 -1.2206 1.0000	</row3>
				</transform>
			</node>
			<node>
				<identifier>	HP_flag_1	</identifier>
				<transform>
					<row0>	0.9928 -0.1198 -0.0026 0.0000	</row0>
					<row1>	0.1198 0.9919 0.0428 0.0000	</row1>
					<row2>	-0.0026 -0.0428 0.9991 0.0000	</row2>
					<row3>	0.2113 1.4761 1.4218 1.0000	</row3>
				</transform>
			</node>
			<node>
				<identifier>	HP_flag_2	</identifier>
				<transform>
					<row0>	0.9928 0.1198 0.0026 0.0000	</row0>
					<row1>	-0.1198 0.9919 0.0428 0.0000	</row1>
					<row2>	0.0026 -0.0428 0.9991 0.0000	</row2>
					<row3>	-0.2124 1.4760 1.4218 1.0000	</row3>
				</transform>
			</node>
			<node>
				<identifier>	HP_flag_3	</identifier>
				<transform>
					<row0>	0.9995 -0.0315 -0.0007 0.0000	</row0>
					<row1>	0.0315 0.9986 0.0431 0.0000	</row1>
					<row2>	-0.0007 -0.0431 0.9991 0.0000	</row2>
					<row3>	0.1126 1.4760 1.4218 1.0000	</row3>
				</transform>
			</node>
			<node>
				<identifier>	HP_flag_4	</identifier>
				<transform>
					<row0>	0.9995 0.0315 0.0007 0.0000	</row0>
					<row1>	-0.0315 0.9986 0.0431 0.0000	</row1>
					<row2>	0.0007 -0.0431 0.9991 0.0000	</row2>
					<row3>	-0.1115 1.4760 1.4218 1.0000	</row3>
				</transform>
			</node>
			<node>
				<identifier>	HP_flag_rank	</identifier>
				<transform>
					<row0>	1.0000 0.0000 0.0000 0.0000	</row0>
					<row1>	0.0000 0.9463 -0.3233 0.0000	</row1>
					<row2>	0.0000 0.3233 0.9463 0.0000	</row2>
					<row3>	-0.0006 1.4252 1.1415 1.0000	</row3>
				</transform>
			</node>
			<node>
				<identifier>	MP_CM011_Fire_Fighting_Gear	</identifier>
				<transform>
					<row0>	0.0000 0.0000 -1.0000 0.0000	</row0>
					<row1>	0.0000 1.0000 0.0000 0.0000	</row1>
					<row2>	1.0000 0.0000 0.0000 0.0000	</row2>
					<row3>	-0.2755 0.1712 1.4670 1.0000	</row3>
				</transform>
			</node>
			<node>
				<identifier>	MP_CM011_Fire_Fighting_Gear_INDEX_1	</identifier>
				<transform>
					<row0>	1.0000 0.0000 0.0000 0.0000	</row0>
					<row1>	0.0000 1.0000 0.0000 0.0000	</row1>
					<row2>	0.0000 0.0000 1.0000 0.0000	</row2>
					<row3>	-0.0198 0.3212 0.8527 1.0000	</row3>
				</transform>
			</node>
			<node>
				<identifier>	MP_CM011_Fire_Fighting_Gear_INDEX_2	</identifier>
				<transform>
					<row0>	0.0000 0.0000 1.0000 0.0000	</row0>
					<row1>	0.0000 1.0000 0.0000 0.0000	</row1>
					<row2>	-1.0000 0.0000 0.0000 0.0000	</row2>
					<row3>	0.2365 0.1755 -0.1835 1.0000	</row3>
				</transform>
			</node>
			<node>
				<identifier>	MP_CM011_Fire_Fighting_Gear_INDEX_3	</identifier>
				<transform>
					<row0>	0.0000 0.0000 1.0000 0.0000	</row0>
					<row1>	0.0000 1.0000 0.0000 0.0000	</row1>
					<row2>	-1.0000 0.0000 0.0000 0.0000	</row2>
					<row3>	0.2755 0.1712 1.5727 1.0000	</row3>
				</transform>
			</node>
			<node>
				<identifier>	MP_CM011_Fire_Fighting_Gear_INDEX_4	</identifier>
				<transform>
					<row0>	0.0000 0.0000 1.0000 0.0000	</row0>
					<row1>	0.0000 1.0000 0.0000 0.0000	</row1>
					<row2>	-1.0000 0.0000 0.0000 0.0000	</row2>
					<row3>	0.2334 0.1760 -1.1936 1.0000	</row3>
				</transform>
			</node>
			<node>
				<identifier>	MP_CM011_Fire_Fighting_Gear_INDEX_5	</identifier>
				<transform>
					<row0>	0.0000 0.0000 -1.0000 0.0000	</row0>
					<row1>	0.0000 1.0000 0.0000 0.0000	</row1>
					<row2>	1.0000 0.0000 0.0000 0.0000	</row2>
					<row3>	-0.2334 0.1760 -1.1936 1.0000	</row3>
				</transform>
			</node>
			<node>
				<identifier>	MP_CM014_Fuel_Oil_Hose	</identifier>
				<transform>
					<row0>	-1.0000 0.0000 0.0000 0.0000	</row0>
					<row1>	0.0000 1.0000 0.0000 0.0000	</row1>
					<row2>	0.0000 0.0000 -1.0000 0.0000	</row2>
					<row3>	0.2279 0.2292 -1.0427 1.0000	</row3>
				</transform>
			</node>
			<node>
				<identifier>	MP_CM014_Fuel_Oil_Hose_INDEX_1	</identifier>
				<transform>
					<row0>	1.0000 0.0000 0.0000 0.0000	</row0>
					<row1>	0.0000 1.0000 0.0000 0.0000	</row1>
					<row2>	0.0000 0.0000 1.0000 0.0000	</row2>
					<row3>	-0.2945 0.2292 -0.3748 1.0000	</row3>
				</transform>
			</node>
			<node>
				<identifier>	MP_CM014_Fuel_Oil_Hose_INDEX_10	</identifier>
				<transform>
					<row0>	1.0000 0.0000 0.0000 0.0000	</row0>
					<row1>	0.0000 1.0000 0.0000 0.0000	</row1>
					<row2>	0.0000 0.0000 1.0000 0.0000	</row2>
					<row3>	-0.2945 0.2011 -0.3748 1.0000	</row3>
				</transform>
			</node>
			<node>
				<identifier>	MP_CM014_Fuel_Oil_Hose_INDEX_11	</identifier>
				<transform>
					<row0>	1.0000 0.0000 0.0000 0.0000	</row0>
					<row1>	0.0000 1.0000 0.0000 0.0000	</row1>
					<row2>	0.0000 0.0000 1.0000 0.0000	</row2>
					<row3>	-0.2279 0.2580 -1.0427 1.0000	</row3>
				</transform>
			</node>
			<node>
				<identifier>	MP_CM014_Fuel_Oil_Hose_INDEX_2	</identifier>
				<transform>
					<row0>	-1.0000 0.0000 0.0000 0.0000	</row0>
					<row1>	0.0000 1.0000 0.0000 0.0000	</row1>
					<row2>	0.0000 0.0000 -1.0000 0.0000	</row2>
					<row3>	0.2945 0.2292 -0.3748 1.0000	</row3>
				</transform>
			</node>
			<node>
				<identifier>	MP_CM014_Fuel_Oil_Hose_INDEX_3	</identifier>
				<transform>
					<row0>	-1.0000 0.0000 0.0000 0.0000	</row0>
					<row1>	0.0000 1.0000 0.0000 0.0000	</row1>
					<row2>	0.0000 0.0000 -1.0000 0.0000	</row2>
					<row3>	0.2945 0.2011 -0.3748 1.0000	</row3>
				</transform>
			</node>
			<node>
				<identifier>	MP_CM014_Fuel_Oil_Hose_INDEX_4	</identifier>
				<transform>
					<row0>	-1.0000 0.0000 0.0000 0.0000	</row0>
					<row1>	0.0000 1.0000 0.0000 0.0000	</row1>
					<row2>	0.0000 0.0000 -1.0000 0.0000	</row2>
					<row3>	0.2279 0.2011 -1.0427 1.0000	</row3>
				</transform>
			</node>
			<node>
				<identifier>	MP_CM014_Fuel_Oil_Hose_INDEX_5	</identifier>
				<transform>
					<row0>	1.0000 0.0000 0.0000 0.0000	</row0>
					<row1>	0.0000 1.0000 0.0000 0.0000	</row1>
					<row2>	0.0000 0.0000 1.0000 0.0000	</row2>
					<row3>	-0.2945 0.2580 -0.3748 1.0000	</row3>
				</transform>
			</node>
			<node>
				<identifier>	MP_CM014_Fuel_Oil_Hose_INDEX_6	</identifier>
				<transform>
					<row0>	-1.0000 0.0000 0.0000 0.0000	</row0>
					<row1>	0.0000 1.0000 0.0000 0.0000	</row1>
					<row2>	0.0000 0.0000 -1.0000 0.0000	</row2>
					<row3>	0.2279 0.2580 -1.0427 1.0000	</row3>
				</transform>
			</node>
			<node>
				<identifier>	MP_CM014_Fuel_Oil_Hose_INDEX_7	</identifier>
				<transform>
					<row0>	1.0000 0.0000 0.0000 0.0000	</row0>
					<row1>	0.0000 1.0000 0.0000 0.0000	</row1>
					<row2>	0.0000 0.0000 1.0000 0.0000	</row2>
					<row3>	-0.2279 0.2011 -1.0427 1.0000	</row3>
				</transform>
			</node>
			<node>
				<identifier>	MP_CM014_Fuel_Oil_Hose_INDEX_8	</identifier>
				<transform>
					<row0>	-1.0000 0.0000 0.0000 0.0000	</row0>
					<row1>	0.0000 1.0000 0.0000 0.0000	</row1>
					<row2>	0.0000 0.0000 -1.0000 0.0000	</row2>
					<row3>	0.2945 0.2580 -0.3748 1.0000	</row3>
				</transform>
			</node>
			<node>
				<identifier>	MP_CM014_Fuel_Oil_Hose_INDEX_9	</identifier>
				<transform>
					<row0>	1.0000 0.0000 0.0000 0.0000	</row0>
					<row1>	0.0000 1.0000 0.0000 0.0000	</row1>
					<row2>	0.0000 0.0000 1.0000 0.0000	</row2>
					<row3>	-0.2279 0.2292 -1.0427 1.0000	</row3>
				</transform>
			</node>
			<node>
				<identifier>	MP_CM029_Emergency_Box	</identifier>
				<transform>
					<row0>	-0.4640 0.0000 -0.8858 0.0000	</row0>
					<row1>	0.0000 1.0000 0.0000 0.0000	</row1>
					<row2>	0.8858 0.0000 -0.4640 0.0000	</row2>
					<row3>	-0.1278 0.8769 1.7872 1.0000	</row3>
				</transform>
			</node>
			<node>
				<identifier>	MP_CM029_Emergency_Box_INDEX_1	</identifier>
				<transform>
					<row0>	0.4378 0.0000 -0.8991 0.0000	</row0>
					<row1>	0.1856 0.9785 0.0904 0.0000	</row1>
					<row2>	0.8797 -0.2064 0.4284 0.0000	</row2>
					<row3>	-0.2008 0.7161 1.6050 1.0000	</row3>
				</transform>
			</node>
			<node>
				<identifier>	MP_CM029_Emergency_Box_INDEX_2	</identifier>
				<transform>
					<row0>	0.4378 0.0000 0.8991 0.0000	</row0>
					<row1>	-0.1856 0.9785 0.0904 0.0000	</row1>
					<row2>	-0.8797 -0.2064 0.4284 0.0000	</row2>
					<row3>	0.1989 0.7184 1.6016 1.0000	</row3>
				</transform>
			</node>
			<node>
				<identifier>	MP_CM029_Emergency_Box_INDEX_3	</identifier>
				<transform>
					<row0>	0.7562 0.0000 0.6544 0.0000	</row0>
					<row1>	0.0000 1.0000 0.0000 0.0000	</row1>
					<row2>	-0.6544 0.0000 0.7562 0.0000	</row2>
					<row3>	0.0583 0.3894 -0.7162 1.0000	</row3>
				</transform>
			</node>
			<node>
				<identifier>	MP_CM029_Emergency_Box_INDEX_4	</identifier>
				<transform>
					<row0>	0.0000 0.0000 -1.0000 0.0000	</row0>
					<row1>	0.0000 1.0000 0.0000 0.0000	</row1>
					<row2>	1.0000 0.0000 0.0000 0.0000	</row2>
					<row3>	-0.2326 0.2591 -0.5943 1.0000	</row3>
				</transform>
			</node>
			<node>
				<identifier>	MP_CM030_Swab_Rack_2	</identifier>
				<transform>
					<row0>	-0.9983 -0.0575 0.0000 0.0000	</row0>
					<row1>	-0.0575 0.9983 0.0000 0.0000	</row1>
					<row2>	0.0000 0.0000 -1.0000 0.0000	</row2>
					<row3>	-0.3193 0.1671 1.6585 1.0000	</row3>
				</transform>
			</node>
			<node>
				<identifier>	MP_CM030_Swab_Rack_2_INDEX_1	</identifier>
				<transform>
					<row0>	-0.9980 0.0634 0.0000 0.0000	</row0>
					<row1>	0.0634 0.9980 0.0000 0.0000	</row1>
					<row2>	0.0000 0.0000 -1.0000 0.0000	</row2>
					<row3>	0.3185 0.1673 1.6585 1.0000	</row3>
				</transform>
			</node>
			<node>
				<identifier>	MP_CM030_Swab_Rack_2_INDEX_2	</identifier>
				<transform>
					<row0>	0.0000 0.0000 -1.0000 0.0000	</row0>
					<row1>	0.0000 1.0000 0.0000 0.0000	</row1>
					<row2>	1.0000 0.0000 0.0000 0.0000	</row2>
					<row3>	0.2929 0.1709 -0.5021 1.0000	</row3>
				</transform>
			</node>
			<node>
				<identifier>	MP_CM030_Swab_Rack_2_INDEX_3	</identifier>
				<transform>
					<row0>	0.0000 0.0000 1.0000 0.0000	</row0>
					<row1>	0.0000 1.0000 0.0000 0.0000	</row1>
					<row2>	-1.0000 0.0000 0.0000 0.0000	</row2>
					<row3>	-0.2929 0.1709 -0.5021 1.0000	</row3>
				</transform>
			</node>
			<node>
				<identifier>	MP_CM056_Ships_bell	</identifier>
				<transform>
					<row0>	0.8000 0.0000 0.0000 0.0000	</row0>
					<row1>	0.0000 0.8000 0.0000 0.0000	</row1>
					<row2>	0.0000 0.0000 0.8000 0.0000	</row2>
					<row3>	0.1158 0.8124 1.4780 1.0000	</row3>
				</transform>
			</node>
			<node>
				<identifier>	MP_CM082_Rope	</identifier>
				<transform>
					<row0>	0.0000 0.0000 0.8000 0.0000	</row0>
					<row1>	0.0000 0.8000 0.0000 0.0000	</row1>
					<row2>	-0.8000 0.0000 0.0000 0.0000	</row2>
					<row3>	0.0869 0.7074 1.3892 1.0000	</row3>
				</transform>
			</node>
			<node>
				<identifier>	MP_CM082_Rope_INDEX_1	</identifier>
				<transform>
					<row0>	0.0000 0.0000 -0.8000 0.0000	</row0>
					<row1>	0.0000 0.8000 0.0000 0.0000	</row1>
					<row2>	0.8000 0.0000 0.0000 0.0000	</row2>
					<row3>	-0.1169 0.7074 1.3892 1.0000	</row3>
				</transform>
			</node>
			<node>
				<identifier>	MP_CM082_Rope_INDEX_2	</identifier>
				<transform>
					<row0>	0.0000 0.0000 -0.8000 0.0000	</row0>
					<row1>	0.0000 0.8000 0.0000 0.0000	</row1>
					<row2>	0.8000 0.0000 0.0000 0.0000	</row2>
					<row3>	-0.0728 0.7074 1.3892 1.0000	</row3>
				</transform>
			</node>
			<node>
				<identifier>	MP_CM082_Rope_INDEX_3	</identifier>
				<transform>
					<row0>	0.0000 0.0000 0.8000 0.0000	</row0>
					<row1>	0.0000 0.8000 0.0000 0.0000	</row1>
					<row2>	-0.8000 0.0000 0.0000 0.0000	</row2>
					<row3>	0.0728 0.7074 1.3892 1.0000	</row3>
				</transform>
			</node>
			<node>
				<identifier>	MP_CM082_Rope_INDEX_4	</identifier>
				<transform>
					<row0>	0.0000 0.0000 0.8000 0.0000	</row0>
					<row1>	0.0000 0.8000 0.0000 0.0000	</row1>
					<row2>	-0.8000 0.0000 0.0000 0.0000	</row2>
					<row3>	0.1169 0.7074 1.3892 1.0000	</row3>
				</transform>
			</node>
			<node>
				<identifier>	MP_CM082_Rope_INDEX_5	</identifier>
				<transform>
					<row0>	0.0000 0.0000 -0.8000 0.0000	</row0>
					<row1>	0.0000 0.8000 0.0000 0.0000	</row1>
					<row2>	0.8000 0.0000 0.0000 0.0000	</row2>
					<row3>	-0.1034 0.7074 1.3892 1.0000	</row3>
				</transform>
			</node>
			<node>
				<identifier>	MP_CM082_Rope_INDEX_6	</identifier>
				<transform>
					<row0>	0.0799 0.0000 0.9968 0.0000	</row0>
					<row1>	0.0000 1.0000 0.0000 0.0000	</row1>
					<row2>	-0.9968 0.0000 0.0799 0.0000	</row2>
					<row3>	-0.0012 0.8811 1.3270 1.0000	</row3>
				</transform>
			</node>
			<node>
				<identifier>	MP_CM082_Rope_INDEX_7	</identifier>
				<transform>
					<row0>	0.0000 0.0000 0.8000 0.0000	</row0>
					<row1>	0.0000 0.8000 0.0000 0.0000	</row1>
					<row2>	-0.8000 0.0000 0.0000 0.0000	</row2>
					<row3>	0.1034 0.7074 1.3892 1.0000	</row3>
				</transform>
			</node>
			<node>
				<identifier>	MP_CM082_Rope_INDEX_8	</identifier>
				<transform>
					<row0>	0.0000 0.0000 -0.8000 0.0000	</row0>
					<row1>	0.0000 0.8000 0.0000 0.0000	</row1>
					<row2>	0.8000 0.0000 0.0000 0.0000	</row2>
					<row3>	-0.0869 0.7074 1.3892 1.0000	</row3>
				</transform>
			</node>
			<node>
				<identifier>	MP_CM112_Fire_Extinguisher	</identifier>
				<transform>
					<row0>	-0.8219 0.0000 -0.5696 0.0000	</row0>
					<row1>	0.0000 1.0000 0.0000 0.0000	</row1>
					<row2>	0.5696 0.0000 -0.8219 0.0000	</row2>
					<row3>	0.0628 0.3696 -0.0454 1.0000	</row3>
				</transform>
			</node>
			<node>
				<identifier>	MP_CM112_Fire_Extinguisher_INDEX_1	</identifier>
				<transform>
					<row0>	-1.0000 0.0000 0.0000 0.0000	</row0>
					<row1>	0.0000 1.0000 0.0000 0.0000	</row1>
					<row2>	0.0000 0.0000 -1.0000 0.0000	</row2>
					<row3>	-0.0545 0.8857 1.9977 1.0000	</row3>
				</transform>
			</node>
			<node>
				<identifier>	MP_CM112_Fire_Extinguisher_INDEX_2	</identifier>
				<transform>
					<row0>	-1.0000 0.0000 0.0000 0.0000	</row0>
					<row1>	0.0000 1.0000 0.0000 0.0000	</row1>
					<row2>	0.0000 0.0000 -1.0000 0.0000	</row2>
					<row3>	0.0545 0.8857 1.9977 1.0000	</row3>
				</transform>
			</node>
			<node>
				<identifier>	MP_CM112_Fire_Extinguisher_INDEX_3	</identifier>
				<transform>
					<row0>	0.9695 -0.2073 0.1307 0.0000	</row0>
					<row1>	0.2054 0.9783 0.0277 0.0000	</row1>
					<row2>	-0.1336 0.0000 0.9910 0.0000	</row2>
					<row3>	-0.2365 0.6995 1.7521 1.0000	</row3>
				</transform>
			</node>
			<node>
				<identifier>	MP_CM112_Fire_Extinguisher_INDEX_4	</identifier>
				<transform>
					<row0>	-0.9695 -0.2073 0.1307 0.0000	</row0>
					<row1>	-0.2054 0.9783 0.0277 0.0000	</row1>
					<row2>	-0.1336 0.0000 -0.9910 0.0000	</row2>
					<row3>	0.2365 0.6995 1.7521 1.0000	</row3>
				</transform>
			</node>
			<node>
				<identifier>	MP_RM003_Yawl_20ft	</identifier>
				<transform>
					<row0>	1.0000 0.0000 0.0000 0.0000	</row0>
					<row1>	0.0000 1.0000 0.0000 0.0000	</row1>
					<row2>	0.0000 0.0000 1.0000 0.0000	</row2>
					<row3>	0.3468 0.3426 1.2010 1.0000	</row3>
				</transform>
			</node>
			<node>
				<identifier>	MP_RM020_Speaker	</identifier>
				<transform>
					<row0>	-2.0000 0.0000 0.0000 0.0000	</row0>
					<row1>	0.0000 -1.9681 -0.3557 0.0000	</row1>
					<row2>	0.0000 -0.3557 1.9681 0.0000	</row2>
					<row3>	0.0000 0.8456 2.2608 1.0000	</row3>
				</transform>
			</node>
			<node>
				<identifier>	MP_RM029_Signal_Lamp	</identifier>
				<transform>
					<row0>	2.2000 0.0000 0.0000 0.0000	</row0>
					<row1>	0.0000 2.2000 0.0000 0.0000	</row1>
					<row2>	0.0000 0.0000 2.2000 0.0000	</row2>
					<row3>	0.1001 1.4828 1.4226 1.0000	</row3>
				</transform>
			</node>
			<node>
				<identifier>	MP_RM029_Signal_Lamp_INDEX_1	</identifier>
				<transform>
					<row0>	2.2000 0.0000 0.0000 0.0000	</row0>
					<row1>	0.0000 2.2000 0.0000 0.0000	</row1>
					<row2>	0.0000 0.0000 2.2000 0.0000	</row2>
					<row3>	-0.1001 1.4828 1.4226 1.0000	</row3>
				</transform>
			</node>
			<node>
				<identifier>	MP_RM043_Griping_Spar	</identifier>
				<transform>
					<row0>	0.9990 0.0000 -0.0440 0.0000	</row0>
					<row1>	0.0000 1.0000 0.0000 0.0000	</row1>
					<row2>	0.0440 0.0000 0.9990 0.0000	</row2>
					<row3>	-0.4137 0.3138 1.1926 1.0000	</row3>
				</transform>
			</node>
			<node>
				<identifier>	MP_RM043_Griping_Spar_INDEX_1	</identifier>
				<transform>
					<row0>	0.9990 0.0000 0.0440 0.0000	</row0>
					<row1>	0.0000 1.0000 0.0000 0.0000	</row1>
					<row2>	-0.0440 0.0000 0.9990 0.0000	</row2>
					<row3>	0.4137 0.3138 1.1926 1.0000	</row3>
				</transform>
			</node>
			<node>
				<identifier>	MP_RM061_Basket_Rope	</identifier>
				<transform>
					<row0>	0.9986 0.0526 0.0000 0.0000	</row0>
					<row1>	-0.0526 0.9986 0.0000 0.0000	</row1>
					<row2>	0.0000 0.0000 1.0000 0.0000	</row2>
					<row3>	-0.2485 0.3142 0.8845 1.0000	</row3>
				</transform>
			</node>
			<node>
				<identifier>	MP_RM061_Basket_Rope_INDEX_1	</identifier>
				<transform>
					<row0>	0.9988 -0.0493 0.0000 0.0000	</row0>
					<row1>	0.0493 0.9988 0.0000 0.0000	</row1>
					<row2>	0.0000 0.0000 1.0000 0.0000	</row2>
					<row3>	0.2694 0.3109 1.5615 1.0000	</row3>
				</transform>
			</node>
			<node>
				<identifier>	MP_RM061_Basket_Rope_INDEX_2	</identifier>
				<transform>
					<row0>	0.9986 -0.0526 0.0000 0.0000	</row0>
					<row1>	0.0526 0.9986 0.0000 0.0000	</row1>
					<row2>	0.0000 0.0000 1.0000 0.0000	</row2>
					<row3>	0.2485 0.3142 0.8845 1.0000	</row3>
				</transform>
			</node>
			<node>
				<identifier>	MP_RM061_Basket_Rope_INDEX_3	</identifier>
				<transform>
					<row0>	0.9988 0.0493 0.0000 0.0000	</row0>
					<row1>	-0.0493 0.9988 0.0000 0.0000	</row1>
					<row2>	0.0000 0.0000 1.0000 0.0000	</row2>
					<row3>	-0.2694 0.3109 1.5615 1.0000	</row3>
				</transform>
			</node>
			<node>
				<identifier>	MP_RM084_Running_Lights_R	</identifier>
				<transform>
					<row0>	1.0000 0.0000 0.0000 0.0000	</row0>
					<row1>	0.0000 1.0000 0.0000 0.0000	</row1>
					<row2>	0.0000 0.0000 1.0000 0.0000	</row2>
					<row3>	0.2330 0.8033 1.7515 1.0000	</row3>
				</transform>
			</node>
			<node>
				<identifier>	MP_RM085_Running_Lights_L	</identifier>
				<transform>
					<row0>	1.0000 0.0000 0.0000 0.0000	</row0>
					<row1>	0.0000 1.0000 0.0000 0.0000	</row1>
					<row2>	0.0000 0.0000 1.0000 0.0000	</row2>
					<row3>	-0.2330 0.8023 1.7515 1.0000	</row3>
				</transform>
			</node>
			<node>
				<identifier>	MP_RM092_Wind_Direction	</identifier>
				<transform>
					<row0>	0.0000 0.0000 -0.8000 0.0000	</row0>
					<row1>	0.0000 0.8000 0.0000 0.0000	</row1>
					<row2>	0.8000 0.0000 0.0000 0.0000	</row2>
					<row3>	0.1342 1.4827 1.4225 1.0000	</row3>
				</transform>
			</node>
			<node>
				<identifier>	MP_RM093_Wind_Intensity	</identifier>
				<transform>
					<row0>	0.8000 0.0000 0.0000 0.0000	</row0>
					<row1>	0.0000 0.8000 0.0000 0.0000	</row1>
					<row2>	0.0000 0.0000 0.8000 0.0000	</row2>
					<row3>	-0.1364 1.4827 1.4225 1.0000	</row3>
				</transform>
			</node>
			<node>
				<identifier>	MP_RM096_Paravane	</identifier>
				<transform>
					<row0>	-0.7435 0.6687 -0.0004 0.0000	</row0>
					<row1>	-0.6687 -0.7435 -0.0009 0.0000	</row1>
					<row2>	-0.0009 -0.0004 1.0000 0.0000	</row2>
					<row3>	-0.3505 0.2613 0.4708 1.0000	</row3>
				</transform>
			</node>
			<node>
				<identifier>	MP_RM096_Paravane_INDEX_1	</identifier>
				<transform>
					<row0>	0.7400 0.6727 -0.0004 0.0000	</row0>
					<row1>	-0.6727 0.7400 0.0009 0.0000	</row1>
					<row2>	0.0009 -0.0004 1.0000 0.0000	</row2>
					<row3>	0.3784 0.2308 0.4708 1.0000	</row3>
				</transform>
			</node>
			<node>
				<identifier>	MP_RM096_Paravane_INDEX_2	</identifier>
				<transform>
					<row0>	0.7151 0.6986 0.0239 0.0000	</row0>
					<row1>	-0.6982 0.7155 -0.0228 0.0000	</row1>
					<row2>	-0.0330 -0.0004 0.9995 0.0000	</row2>
					<row3>	0.4137 0.2267 0.7638 1.0000	</row3>
				</transform>
			</node>
			<node>
				<identifier>	MP_RM096_Paravane_INDEX_3	</identifier>
				<transform>
					<row0>	0.6977 -0.7160 -0.0231 0.0000	</row0>
					<row1>	0.7157 0.6981 -0.0230 0.0000	</row1>
					<row2>	0.0326 -0.0005 0.9995 0.0000	</row2>
					<row3>	-0.4144 0.2267 0.7636 1.0000	</row3>
				</transform>
			</node>
			<node>
				<identifier>	MP_RM116_Crane_Beam	</identifier>
				<transform>
					<row0>	-1.3306 0.0000 -0.0446 0.0000	</row0>
					<row1>	0.0000 1.3314 0.0000 0.0000	</row1>
					<row2>	0.0446 0.0000 -1.3306 0.0000	</row2>
					<row3>	0.4203 0.1520 1.6939 1.0000	</row3>
				</transform>
			</node>
			<node>
				<identifier>	MP_RM116_Crane_Beam_INDEX_1	</identifier>
				<transform>
					<row0>	-1.3306 0.0000 0.0446 0.0000	</row0>
					<row1>	0.0000 1.3314 0.0000 0.0000	</row1>
					<row2>	-0.0446 0.0000 -1.3306 0.0000	</row2>
					<row3>	-0.4203 0.1520 1.6939 1.0000	</row3>
				</transform>
			</node>
			<node>
				<identifier>	MP_RM129_Director_Train_Indicator	</identifier>
				<transform>
					<row0>	1.0000 0.0000 0.0000 0.0000	</row0>
					<row1>	0.0000 1.0000 0.0000 0.0000	</row1>
					<row2>	0.0000 0.0000 1.0000 0.0000	</row2>
					<row3>	-0.1398 0.8798 2.0539 1.0000	</row3>
				</transform>
			</node>
			<node>
				<identifier>	MP_RM129_Director_Train_Indicator_INDEX_1	</identifier>
				<transform>
					<row0>	0.8712 0.0000 0.4908 0.0000	</row0>
					<row1>	0.0000 1.0000 0.0000 0.0000	</row1>
					<row2>	-0.4908 0.0000 0.8712 0.0000	</row2>
					<row3>	-0.0696 0.7283 2.2479 1.0000	</row3>
				</transform>
			</node>
			<node>
				<identifier>	MP_RM129_Director_Train_Indicator_INDEX_2	</identifier>
				<transform>
					<row0>	0.8712 0.0000 -0.4908 0.0000	</row0>
					<row1>	0.0000 1.0000 0.0000 0.0000	</row1>
					<row2>	0.4908 0.0000 0.8712 0.0000	</row2>
					<row3>	0.0696 0.7202 2.2479 1.0000	</row3>
				</transform>
			</node>
			<node>
				<identifier>	MP_RM132_Seat	</identifier>
				<transform>
					<row0>	1.0000 0.0000 0.0000 0.0000	</row0>
					<row1>	0.0000 1.0000 0.0000 0.0000	</row1>
					<row2>	0.0000 0.0000 1.0000 0.0000	</row2>
					<row3>	-0.0528 0.6793 2.1683 1.0000	</row3>
				</transform>
			</node>
			<node>
				<identifier>	MP_RM145_Turtles_Box	</identifier>
				<transform>
					<row0>	-0.1686 0.0000 -0.9857 0.0000	</row0>
					<row1>	0.0000 1.0000 0.0000 0.0000	</row1>
					<row2>	0.9857 0.0000 -0.1686 0.0000	</row2>
					<row3>	0.1119 0.3570 -0.2337 1.0000	</row3>
				</transform>
			</node>
			<node>
				<identifier>	MP_RM145_Turtles_Box_INDEX_1	</identifier>
				<transform>
					<row0>	-0.1686 0.0000 0.9857 0.0000	</row0>
					<row1>	0.0000 1.0000 0.0000 0.0000	</row1>
					<row2>	-0.9857 0.0000 -0.1686 0.0000	</row2>
					<row3>	-0.1119 0.3570 -0.2337 1.0000	</row3>
				</transform>
			</node>
			<node>
				<identifier>	MP_RM145_Turtles_Box_INDEX_2	</identifier>
				<transform>
					<row0>	-1.0000 0.0000 0.0000 0.0000	</row0>
					<row1>	0.0000 0.9705 0.2411 0.0000	</row1>
					<row2>	0.0000 0.2411 -0.9705 0.0000	</row2>
					<row3>	-0.0214 0.6588 1.4664 1.0000	</row3>
				</transform>
			</node>
			<node>
				<identifier>	MP_RM145_Turtles_Box_INDEX_3	</identifier>
				<transform>
					<row0>	1.0000 0.0000 0.0000 0.0000	</row0>
					<row1>	0.0000 1.0000 0.0000 0.0000	</row1>
					<row2>	0.0000 0.0000 1.0000 0.0000	</row2>
					<row3>	-0.0410 0.8473 1.8294 1.0000	</row3>
				</transform>
			</node>
			<node>
				<identifier>	MP_RM145_Turtles_Box_INDEX_4	</identifier>
				<transform>
					<row0>	-0.9873 0.0383 -0.1540 0.0000	</row0>
					<row1>	0.0000 0.9705 0.2411 0.0000	</row1>
					<row2>	0.1587 0.2380 -0.9582 0.0000	</row2>
					<row3>	0.0216 0.6593 1.4655 1.0000	</row3>
				</transform>
			</node>
			<node>
				<identifier>	MP_RM147_Crane_TA	</identifier>
				<transform>
					<row0>	-1.0000 0.0000 0.0000 0.0000	</row0>
					<row1>	0.0000 1.0000 0.0000 0.0000	</row1>
					<row2>	0.0000 0.0000 -1.0000 0.0000	</row2>
					<row3>	0.0000 0.4868 -0.7063 1.0000	</row3>
				</transform>
			</node>
			<node>
				<identifier>	MP_RM147_Crane_TA_INDEX_1	</identifier>
				<transform>
					<row0>	1.0000 0.0000 0.0000 0.0000	</row0>
					<row1>	0.0000 1.0000 0.0000 0.0000	</row1>
					<row2>	0.0000 0.0000 1.0000 0.0000	</row2>
					<row3>	0.0000 0.4868 -0.0405 1.0000	</row3>
				</transform>
			</node>
			<node>
				<identifier>	MP_RM157_Freon_Cylinder_acetylene	</identifier>
				<transform>
					<row0>	0.0000 0.0000 -1.0000 0.0000	</row0>
					<row1>	0.0000 1.0000 0.0000 0.0000	</row1>
					<row2>	1.0000 0.0000 0.0000 0.0000	</row2>
					<row3>	0.2339 0.1756 0.5154 1.0000	</row3>
				</transform>
			</node>
			<node>
				<identifier>	MP_RM157_Freon_Cylinder_acetylene_INDEX_1	</identifier>
				<transform>
					<row0>	0.0000 0.0000 1.0000 0.0000	</row0>
					<row1>	0.0000 1.0000 0.0000 0.0000	</row1>
					<row2>	-1.0000 0.0000 0.0000 0.0000	</row2>
					<row3>	-0.2339 0.1756 0.5154 1.0000	</row3>
				</transform>
			</node>
			<node>
				<identifier>	MP_RM173_Signal_lanp_450mm_MSPl452	</identifier>
				<transform>
					<row0>	0.0000 0.0000 1.0000 0.0000	</row0>
					<row1>	0.0000 1.0000 0.0000 0.0000	</row1>
					<row2>	-1.0000 0.0000 0.0000 0.0000	</row2>
					<row3>	-0.1857 0.8256 1.8265 1.0000	</row3>
				</transform>
			</node>
			<node>
				<identifier>	MP_RM173_Signal_lanp_450mm_MSPl452_INDEX_1	</identifier>
				<transform>
					<row0>	0.0000 0.0000 -1.0000 0.0000	</row0>
					<row1>	0.0000 1.0000 0.0000 0.0000	</row1>
					<row2>	1.0000 0.0000 0.0000 0.0000	</row2>
					<row3>	0.1857 0.8256 1.8265 1.0000	</row3>
				</transform>
			</node>
			<node>
				<identifier>	MP_RM185_Fakel_MO	</identifier>
				<transform>
					<row0>	1.0000 0.0000 0.0000 0.0000	</row0>
					<row1>	0.0000 1.0000 0.0000 0.0000	</row1>
					<row2>	0.0000 0.0000 1.0000 0.0000	</row2>
					<row3>	0.0000 1.6946 1.1521 1.0000	</row3>
				</transform>
			</node>
			<node>
				<identifier>	MP_RM194_Magnetic_Compass	</identifier>
				<transform>
					<row0>	-1.0000 0.0000 0.0000 0.0000	</row0>
					<row1>	0.0000 1.0000 0.0000 0.0000	</row1>
					<row2>	0.0000 0.0000 -1.0000 0.0000	</row2>
					<row3>	0.0000 0.6395 2.2234 1.0000	</row3>
				</transform>
			</node>
			<node>
				<identifier>	MP_RM195_Electric_Telegraph	</identifier>
				<transform>
					<row0>	1.0000 0.0000 0.0000 0.0000	</row0>
					<row1>	0.0000 1.0000 0.0000 0.0000	</row1>
					<row2>	0.0000 0.0000 1.0000 0.0000	</row2>
					<row3>	0.1558 0.6395 2.1021 1.0000	</row3>
				</transform>
			</node>
			<node>
				<identifier>	MP_RM196_Pelorus	</identifier>
				<transform>
					<row0>	-0.1736 0.0000 0.9848 0.0000	</row0>
					<row1>	0.0000 1.0000 0.0000 0.0000	</row1>
					<row2>	-0.9848 0.0000 -0.1736 0.0000	</row2>
					<row3>	0.1784 0.6544 2.0028 1.0000	</row3>
				</transform>
			</node>
			<node>
				<identifier>	MP_RM196_Pelorus_INDEX_1	</identifier>
				<transform>
					<row0>	-0.1736 0.0000 -0.9848 0.0000	</row0>
					<row1>	0.0000 1.0000 0.0000 0.0000	</row1>
					<row2>	0.9848 0.0000 -0.1736 0.0000	</row2>
					<row3>	-0.1784 0.6544 2.0028 1.0000	</row3>
				</transform>
			</node>
			<node>
				<identifier>	MP_RM197_PUR	</identifier>
				<transform>
					<row0>	-1.0000 0.0000 0.0000 0.0000	</row0>
					<row1>	0.0000 1.0000 0.0000 0.0000	</row1>
					<row2>	0.0000 0.0000 -1.0000 0.0000	</row2>
					<row3>	0.0000 0.6395 2.1867 1.0000	</row3>
				</transform>
			</node>
			<node>
				<identifier>	MP_RM199_Running_Lights_F	</identifier>
				<transform>
					<row0>	-1.0000 0.0000 0.0000 0.0000	</row0>
					<row1>	0.0000 -1.0000 0.0000 0.0000	</row1>
					<row2>	0.0000 0.0000 1.0000 0.0000	</row2>
					<row3>	0.0000 1.2131 1.6440 1.0000	</row3>
				</transform>
			</node>
			<node>
				<identifier>	MP_RM201_Winch_for_Paravane_and_TA	</identifier>
				<transform>
					<row0>	0.9984 0.0564 0.0000 0.0000	</row0>
					<row1>	-0.0564 0.9984 0.0000 0.0000	</row1>
					<row2>	0.0000 0.0000 1.0000 0.0000	</row2>
					<row3>	-0.2976 0.1701 0.9319 1.0000	</row3>
				</transform>
			</node>
			<node>
				<identifier>	MP_RM201_Winch_for_Paravane_and_TA_INDEX_1	</identifier>
				<transform>
					<row0>	0.9984 -0.0564 0.0000 0.0000	</row0>
					<row1>	0.0564 0.9984 0.0000 0.0000	</row1>
					<row2>	0.0000 0.0000 1.0000 0.0000	</row2>
					<row3>	0.2901 0.1715 0.9319 1.0000	</row3>
				</transform>
			</node>
			<node>
				<identifier>	MP_RM203_Torpedo_Bogie	</identifier>
				<transform>
					<row0>	0.9986 -0.0521 0.0000 0.0000	</row0>
					<row1>	0.0521 0.9986 0.0000 0.0000	</row1>
					<row2>	0.0000 0.0000 1.0000 0.0000	</row2>
					<row3>	0.3602 0.1679 -1.1809 1.0000	</row3>
				</transform>
			</node>
			<node>
				<identifier>	MP_RM203_Torpedo_Bogie_INDEX_1	</identifier>
				<transform>
					<row0>	0.9986 0.0521 0.0000 0.0000	</row0>
					<row1>	-0.0521 0.9986 0.0000 0.0000	</row1>
					<row2>	0.0000 0.0000 1.0000 0.0000	</row2>
					<row3>	-0.3602 0.1677 -1.1809 1.0000	</row3>
				</transform>
			</node>
			<node>
				<identifier>	MP_RM203_Torpedo_Bogie_INDEX_2	</identifier>
				<transform>
					<row0>	0.9986 -0.0521 0.0000 0.0000	</row0>
					<row1>	0.0521 0.9986 0.0000 0.0000	</row1>
					<row2>	0.0000 0.0000 1.0000 0.0000	</row2>
					<row3>	0.3602 0.1679 -1.0866 1.0000	</row3>
				</transform>
			</node>
			<node>
				<identifier>	MP_RM203_Torpedo_Bogie_INDEX_3	</identifier>
				<transform>
					<row0>	0.9997 0.0230 0.0000 0.0000	</row0>
					<row1>	-0.0230 0.9997 0.0000 0.0000	</row1>
					<row2>	0.0000 0.0000 1.0000 0.0000	</row2>
					<row3>	-0.1809 0.3167 -0.0530 1.0000	</row3>
				</transform>
			</node>
			<node>
				<identifier>	MP_RM203_Torpedo_Bogie_INDEX_4	</identifier>
				<transform>
					<row0>	0.9997 -0.0230 0.0000 0.0000	</row0>
					<row1>	0.0230 0.9997 0.0000 0.0000	</row1>
					<row2>	0.0000 0.0000 1.0000 0.0000	</row2>
					<row3>	0.1808 0.3171 -0.0530 1.0000	</row3>
				</transform>
			</node>
			<node>
				<identifier>	MP_RM203_Torpedo_Bogie_INDEX_5	</identifier>
				<transform>
					<row0>	0.9986 0.0521 0.0000 0.0000	</row0>
					<row1>	-0.0521 0.9986 0.0000 0.0000	</row1>
					<row2>	0.0000 0.0000 1.0000 0.0000	</row2>
					<row3>	-0.3602 0.1677 -1.0866 1.0000	</row3>
				</transform>
			</node>
			<node>
