<RSD046_Yerevan_1952_Stern_ports.visual>
	<node>
		<identifier>	Scene Root	</identifier>
		<transform>
			<row0>	1.0000 0.0000 0.0000 0.0000	</row0>
			<row1>	0.0000 1.0000 0.0000 0.0000	</row1>
			<row2>	0.0000 0.0000 1.0000 0.0000	</row2>
			<row3>	0.0000 0.0000 0.0000 1.0000	</row3>
		</transform>
		<node>
			<identifier>	Stern_ports	</identifier>
			<transform>
				<row0>	1.0000 0.0000 0.0000 0.0000	</row0>
				<row1>	0.0000 1.0000 0.0000 0.0000	</row1>
				<row2>	0.0000 0.0000 1.0000 0.0000	</row2>
				<row3>	0.0000 0.0000 0.0000 1.0000	</row3>
			</transform>
			<node>
				<identifier>	HP_FX_Fire_4	</identifier>
				<transform>
					<row0>	1.0000 0.0000 0.0000 0.0000	</row0>
					<row1>	0.0000 1.0000 0.0000 0.0000	</row1>
					<row2>	0.0000 0.0000 1.0000 0.0000	</row2>
					<row3>	0.0000 0.1576 -3.9627 1.0000	</row3>
				</transform>
			</node>
			<node>
				<identifier>	HP_FX_WakeTraceBack	</identifier>
				<transform>
					<row0>	1.0000 0.0000 0.0000 0.0000	</row0>
					<row1>	0.0000 1.0000 0.0000 0.0000	</row1>
					<row2>	0.0000 0.0000 1.0000 0.0000	</row2>
					<row3>	0.0000 0.0000 -4.6161 1.0000	</row3>
				</transform>
			</node>
			<node>
				<identifier>	HP_FX_WakeTrace_screw_1	</identifier>
				<transform>
					<row0>	1.0000 0.0000 0.0000 0.0000	</row0>
					<row1>	0.0000 1.0000 0.0000 0.0000	</row1>
					<row2>	0.0000 0.0000 1.0000 0.0000	</row2>
					<row3>	-0.1875 -0.1897 -3.8655 1.0000	</row3>
				</transform>
			</node>
			<node>
				<identifier>	HP_FX_WakeTrace_screw_2	</identifier>
				<transform>
					<row0>	1.0000 0.0000 0.0000 0.0000	</row0>
					<row1>	0.0000 1.0000 0.0000 0.0000	</row1>
					<row2>	0.0000 0.0000 1.0000 0.0000	</row2>
					<row3>	0.0000 -0.1864 -4.1934 1.0000	</row3>
				</transform>
			</node>
			<node>
				<identifier>	HP_FX_WakeTrace_screw_3	</identifier>
				<transform>
					<row0>	1.0000 0.0000 0.0000 0.0000	</row0>
					<row1>	0.0000 1.0000 0.0000 0.0000	</row1>
					<row2>	0.0000 0.0000 1.0000 0.0000	</row2>
					<row3>	0.1875 -0.1897 -3.8655 1.0000	</row3>
				</transform>
			</node>
			<node>
				<identifier>	HP_RGB_1	</identifier>
				<transform>
					<row0>	0.0000 0.0000 1.0000 0.0000	</row0>
					<row1>	0.0000 1.0000 0.0000 0.0000	</row1>
					<row2>	-1.0000 0.0000 0.0000 0.0000	</row2>
					<row3>	-0.1186 0.1736 -3.4580 1.0000	</row3>
				</transform>
			</node>
			<node>
				<identifier>	HP_RGB_2	</identifier>
				<transform>
					<row0>	0.0000 0.0000 -1.0000 0.0000	</row0>
					<row1>	0.0000 1.0000 0.0000 0.0000	</row1>
					<row2>	1.0000 0.0000 0.0000 0.0000	</row2>
					<row3>	0.1186 0.1736 -3.4580 1.0000	</row3>
				</transform>
			</node>
			<node>
				<identifier>	HP_RGB_3	</identifier>
				<transform>
					<row0>	0.0000 0.0000 1.0000 0.0000	</row0>
					<row1>	0.0000 1.0000 0.0000 0.0000	</row1>
					<row2>	-1.0000 0.0000 0.0000 0.0000	</row2>
					<row3>	-0.1069 0.1736 -3.5727 1.0000	</row3>
				</transform>
			</node>
			<node>
				<identifier>	HP_RGB_4	</identifier>
				<transform>
					<row0>	0.0000 0.0000 -1.0000 0.0000	</row0>
					<row1>	0.0000 1.0000 0.0000 0.0000	</row1>
					<row2>	1.0000 0.0000 0.0000 0.0000	</row2>
					<row3>	0.1069 0.1736 -3.5727 1.0000	</row3>
				</transform>
			</node>
			<node>
				<identifier>	HP_RGB_5	</identifier>
				<transform>
					<row0>	0.0000 0.0000 1.0000 0.0000	</row0>
					<row1>	0.0000 1.0000 0.0000 0.0000	</row1>
					<row2>	-1.0000 0.0000 0.0000 0.0000	</row2>
					<row3>	-0.0947 0.1736 -3.6877 1.0000	</row3>
				</transform>
			</node>
			<node>
				<identifier>	HP_RGB_6	</identifier>
				<transform>
					<row0>	0.0000 0.0000 -1.0000 0.0000	</row0>
					<row1>	0.0000 1.0000 0.0000 0.0000	</row1>
					<row2>	1.0000 0.0000 0.0000 0.0000	</row2>
					<row3>	0.0947 0.1736 -3.6877 1.0000	</row3>
				</transform>
			</node>
			<node>
				<identifier>	HP_RGB_7	</identifier>
				<transform>
					<row0>	-1.0000 0.0000 0.0000 0.0000	</row0>
					<row1>	0.0000 0.9951 -0.0989 0.0000	</row1>
					<row2>	0.0000 -0.0989 -0.9951 0.0000	</row2>
					<row3>	-0.0857 0.1277 -4.5731 1.0000	</row3>
				</transform>
			</node>
			<node>
				<identifier>	HP_RGB_8	</identifier>
				<transform>
					<row0>	-1.0000 0.0000 0.0000 0.0000	</row0>
					<row1>	0.0000 0.9951 -0.0989 0.0000	</row1>
					<row2>	0.0000 -0.0989 -0.9951 0.0000	</row2>
					<row3>	0.0857 0.1277 -4.5731 1.0000	</row3>
				</transform>
			</node>
			<node>
				<identifier>	HP_RGM_3	</identifier>
				<transform>
					<row0>	-1.0000 0.0000 0.0000 0.0000	</row0>
					<row1>	0.0000 1.0000 0.0000 0.0000	</row1>
					<row2>	0.0000 0.0000 -1.0000 0.0000	</row2>
					<row3>	0.0000 0.1843 -2.9426 1.0000	</row3>
				</transform>
			</node>
			<node>
				<identifier>	HP_Ship_death_3	</identifier>
				<transform>
					<row0>	1.0000 0.0000 0.0000 0.0000	</row0>
					<row1>	0.0000 1.0000 0.0000 0.0000	</row1>
					<row2>	0.0000 0.0000 1.0000 0.0000	</row2>
					<row3>	0.0000 0.0000 -3.4217 1.0000	</row3>
				</transform>
			</node>
			<node>
				<identifier>	MP_CM001_Propeller3_L	</identifier>
				<transform>
					<row0>	0.6846 -0.2703 0.0059 0.0000	</row0>
					<row1>	0.2703 0.6844 -0.0142 0.0000	</row1>
					<row2>	-0.0002 0.0154 0.7358 0.0000	</row2>
					<row3>	-0.1875 -0.1897 -3.8655 1.0000	</row3>
				</transform>
			</node>
			<node>
				<identifier>	MP_CM032_Propeller3_R	</identifier>
				<transform>
					<row0>	0.6846 0.2703 -0.0059 0.0000	</row0>
					<row1>	-0.2703 0.6844 -0.0142 0.0000	</row1>
					<row2>	0.0002 0.0154 0.7358 0.0000	</row2>
					<row3>	0.1875 -0.1897 -3.8655 1.0000	</row3>
				</transform>
			</node>
			<node>
				<identifier>	MP_CM032_Propeller3_R_INDEX_1	</identifier>
				<transform>
					<row0>	0.7360 0.0000 0.0000 0.0000	</row0>
					<row1>	0.0000 0.7358 -0.0168 0.0000	</row1>
					<row2>	0.0000 0.0168 0.7358 0.0000	</row2>
					<row3>	0.0000 -0.1864 -4.1934 1.0000	</row3>
				</transform>
			</node>
			<node>
				<identifier>	MP_RM021_Screened_speed_light	</identifier>
				<transform>
					<row0>	-0.9000 0.0000 0.0000 0.0000	</row0>
					<row1>	0.0000 0.9000 0.0000 0.0000	</row1>
					<row2>	0.0000 0.0000 -0.9000 0.0000	</row2>
					<row3>	0.0000 0.4525 -4.7529 1.0000	</row3>
				</transform>
			</node>
			<node>
				<identifier>	MP_RM028_Signal_Lamp	</identifier>
				<transform>
					<row0>	-1.0000 0.0000 0.0000 0.0000	</row0>
					<row1>	0.0000 0.9621 -0.2726 0.0000	</row1>
					<row2>	0.0000 -0.2726 -0.9621 0.0000	</row2>
					<row3>	0.0000 0.6339 -4.7846 1.0000	</row3>
				</transform>
			</node>
			<node>
				<identifier>	MP_RM200_Running_Lights_B	</identifier>
				<transform>
					<row0>	-1.2000 0.0000 0.0000 0.0000	</row0>
					<row1>	0.0000 1.2000 0.0000 0.0000	</row1>
					<row2>	0.0000 0.0000 -1.2000 0.0000	</row2>
					<row3>	0.0000 0.2577 -4.6886 1.0000	</row3>
				</transform>
			</node>
			<node>
				<identifier>	MP_RM212_Anchor_Capstan_Stern	</identifier>
				<transform>
					<row0>	1.0000 0.0000 0.0000 0.0000	</row0>
					<row1>	0.0000 1.0000 0.0000 0.0000	</row1>
					<row2>	0.0000 0.0000 1.0000 0.0000	</row2>
					<row3>	0.0000 0.1709 -4.2662 1.0000	</row3>
				</transform>
			</node>
			<node>
				<identifier>	MP_RM214_Life_Buoy	</identifier>
				<transform>
					<row0>	0.1300 0.0000 -0.9915 0.0000	</row0>
					<row1>	0.0000 1.0000 0.0000 0.0000	</row1>
					<row2>	0.9915 0.0000 0.1300 0.0000	</row2>
					<row3>	-0.2547 0.2296 -4.1726 1.0000	</row3>
				</transform>
			</node>
			<node>
				<identifier>	MP_RM214_Life_Buoy_INDEX_1	</identifier>
				<transform>
					<row0>	0.0640 0.0000 0.9980 0.0000	</row0>
					<row1>	0.0000 1.0000 0.0000 0.0000	</row1>
					<row2>	-0.9980 0.0000 0.0640 0.0000	</row2>
					<row3>	0.3660 0.2244 -3.0100 1.0000	</row3>
				</transform>
			</node>
			<node>
				<identifier>	MP_RM214_Life_Buoy_INDEX_2	</identifier>
				<transform>
					<row0>	0.0640 0.0000 -0.9980 0.0000	</row0>
					<row1>	0.0000 1.0000 0.0000 0.0000	</row1>
					<row2>	0.9980 0.0000 0.0640 0.0000	</row2>
					<row3>	-0.3660 0.2292 -3.0100 1.0000	</row3>
				</transform>
			</node>
			<node>
				<identifier>	MP_RM214_Life_Buoy_INDEX_3	</identifier>
				<transform>
					<row0>	0.1300 0.0000 0.9915 0.0000	</row0>
					<row1>	0.0000 1.0000 0.0000 0.0000	</row1>
					<row2>	-0.9915 0.0000 0.1300 0.0000	</row2>
					<row3>	0.2548 0.2293 -4.1711 1.0000	</row3>
				</transform>
			</node>
			<node>
				<identifier>	MP_RM221_Ventilation_Mushroom	</identifier>
				<transform>
					<row0>	1.0000 0.0000 0.0000 0.0000	</row0>
					<row1>	0.0000 1.0000 0.0000 0.0000	</row1>
					<row2>	0.0000 0.0000 1.0000 0.0000	</row2>
					<row3>	-0.1478 0.1728 -3.2180 1.0000	</row3>
				</transform>
			</node>
			<node>
				<identifier>	MP_RM221_Ventilation_Mushroom_INDEX_1	</identifier>
				<transform>
					<row0>	1.0000 0.0000 0.0000 0.0000	</row0>
					<row1>	0.0000 1.0000 0.0000 0.0000	</row1>
					<row2>	0.0000 0.0000 1.0000 0.0000	</row2>
					<row3>	0.1478 0.1728 -3.2180 1.0000	</row3>
				</transform>
			</node>
			<node>
				<identifier>	MP_RM249_Coat_of_Arms_USSR	</identifier>
				<transform>
					<row0>	-1.0000 0.0000 0.0000 0.0000	</row0>
					<row1>	0.0000 0.9683 -0.2499 0.0000	</row1>
					<row2>	0.0000 -0.2499 -0.9683 0.0000	</row2>
					<row3>	0.0000 0.0915 -4.6511 1.0000	</row3>
				</transform>
			</node>
			<node>
				<identifier>	MP_RM271_Lifeboat_SPS18	</identifier>
				<transform>
					<row0>	-0.9966 0.0566 0.0595 0.0000	</row0>
					<row1>	0.0565 0.9984 -0.0034 0.0000	</row1>
					<row2>	-0.0596 0.0000 -0.9982 0.0000	</row2>
					<row3>	0.3030 0.1660 -3.0641 1.0000	</row3>
				</transform>
			</node>
			<node>
				<identifier>	MP_RM271_Lifeboat_SPS18_INDEX_1	</identifier>
				<transform>
					<row0>	-0.9966 -0.0566 -0.0595 0.0000	</row0>
					<row1>	-0.0565 0.9984 -0.0034 0.0000	</row1>
					<row2>	0.0596 0.0000 -0.9982 0.0000	</row2>
					<row3>	-0.3030 0.1660 -3.0641 1.0000	</row3>
				</transform>
			</node>
			<node>
				<identifier>	MP_RM282_Fairlead	</identifier>
				<transform>
					<row0>	0.7929 0.0584 0.0893 0.0000	</row0>
					<row1>	-0.0580 0.7979 -0.0065 0.0000	</row1>
					<row2>	-0.0896 0.0000 0.7950 0.0000	</row2>
					<row3>	-0.2537 0.1699 -4.0955 1.0000	</row3>
				</transform>
			</node>
			<node>
				<identifier>	MP_RM282_Fairlead_INDEX_1	</identifier>
				<transform>
					<row0>	0.7929 -0.0584 -0.0893 0.0000	</row0>
					<row1>	0.0580 0.7979 -0.0065 0.0000	</row1>
					<row2>	0.0896 0.0000 0.7950 0.0000	</row2>
					<row3>	0.2537 0.1709 -4.0955 1.0000	</row3>
				</transform>
			</node>
			<node>
				<identifier>	MP_RM286_Hatch	</identifier>
				<transform>
					<row0>	-1.0000 0.0000 0.0000 0.0000	</row0>
					<row1>	0.0000 1.0000 0.0000 0.0000	</row1>
					<row2>	0.0000 0.0000 -1.0000 0.0000	</row2>
					<row3>	0.0000 0.1691 -4.0882 1.0000	</row3>
				</transform>
			</node>
			<node>
				<identifier>	MP_RM286_Hatch_INDEX_1	</identifier>
				<transform>
					<row0>	-1.0000 0.0000 0.0000 0.0000	</row0>
					<row1>	0.0000 1.0000 0.0000 0.0000	</row1>
					<row2>	0.0000 0.0000 -1.0000 0.0000	</row2>
					<row3>	0.0000 0.1691 -3.9537 1.0000	</row3>
				</transform>
			</node>
			<node>
				<identifier>	MP_RM291_Reel	</identifier>
				<transform>
					<row0>	1.0000 -0.0013 0.0000 0.0000	</row0>
					<row1>	0.0013 1.0000 0.0000 0.0000	</row1>
					<row2>	0.0000 0.0000 1.0000 0.0000	</row2>
					<row3>	0.0421 0.1682 -3.2505 1.0000	</row3>
				</transform>
			</node>
			<node>
				<identifier>	MP_RM291_Reel_INDEX_1	</identifier>
				<transform>
					<row0>	1.0000 0.0013 0.0000 0.0000	</row0>
					<row1>	-0.0013 1.0000 0.0000 0.0000	</row1>
					<row2>	0.0000 0.0000 1.0000 0.0000	</row2>
					<row3>	-0.0421 0.1682 -3.2505 1.0000	</row3>
				</transform>
			</node>
			<node>
				<identifier>	MP_RM311_Barrel_DV	</identifier>
				<transform>
					<row0>	-0.1250 -0.0025 0.9922 0.0000	</row0>
					<row1>	-0.0202 0.9998 0.0000 0.0000	</row1>
					<row2>	-0.9919 -0.0200 -0.1250 0.0000	</row2>
					<row3>	-0.1978 0.1633 -4.4037 1.0000	</row3>
				</transform>
			</node>
			<node>
				<identifier>	MP_RM311_Barrel_DV_INDEX_1	</identifier>
				<transform>
					<row0>	-0.1250 -0.0025 0.9922 0.0000	</row0>
					<row1>	-0.0202 0.9998 0.0000 0.0000	</row1>
					<row2>	-0.9919 -0.0200 -0.1250 0.0000	</row2>
					<row3>	-0.1841 0.1636 -4.5082 1.0000	</row3>
				</transform>
			</node>
			<node>
				<identifier>	MP_RM311_Barrel_DV_INDEX_2	</identifier>
				<transform>
					<row0>	-0.1250 0.0025 -0.9922 0.0000	</row0>
					<row1>	0.0202 0.9998 0.0000 0.0000	</row1>
					<row2>	0.9919 -0.0200 -0.1250 0.0000	</row2>
					<row3>	0.1842 0.1636 -4.5082 1.0000	</row3>
				</transform>
			</node>
			<node>
				<identifier>	MP_RM311_Barrel_DV_INDEX_3	</identifier>
				<transform>
					<row0>	-0.1250 0.0025 -0.9922 0.0000	</row0>
					<row1>	0.0202 0.9998 0.0000 0.0000	</row1>
					<row2>	0.9919 -0.0200 -0.1250 0.0000	</row2>
					<row3>	0.1979 0.1633 -4.4037 1.0000	</row3>
				</transform>
			</node>
			<node>
				<identifier>	MP_RM317_Sbomb_ejector	</identifier>
				<transform>
					<row0>	0.0897 0.0033 -0.9960 0.0000	</row0>
					<row1>	-0.0479 0.9988 -0.0010 0.0000	</row1>
					<row2>	0.9948 0.0478 0.0898 0.0000	</row2>
					<row3>	-0.3275 0.1655 -3.2156 1.0000	</row3>
				</transform>
			</node>
			<node>
				<identifier>	MP_RM317_Sbomb_ejector_INDEX_1	</identifier>
				<transform>
					<row0>	0.9992 0.0390 0.0000 0.0000	</row0>
					<row1>	-0.0390 0.9992 0.0000 0.0000	</row1>
					<row2>	0.0000 0.0000 1.0000 0.0000	</row2>
					<row3>	-0.1605 0.1647 -4.6460 1.0000	</row3>
				</transform>
			</node>
			<node>
				<identifier>	MP_RM317_Sbomb_ejector_INDEX_2	</identifier>
				<transform>
					<row0>	0.9992 -0.0390 0.0000 0.0000	</row0>
					<row1>	0.0390 0.9992 0.0000 0.0000	</row1>
					<row2>	0.0000 0.0000 1.0000 0.0000	</row2>
					<row3>	0.1605 0.1647 -4.6460 1.0000	</row3>
				</transform>
			</node>
			<node>
				<identifier>	MP_RM317_Sbomb_ejector_INDEX_3	</identifier>
				<transform>
					<row0>	0.0897 0.0033 -0.9960 0.0000	</row0>
					<row1>	-0.0479 0.9988 -0.0010 0.0000	</row1>
					<row2>	0.9948 0.0478 0.0898 0.0000	</row2>
					<row3>	-0.3235 0.1656 -3.2606 1.0000	</row3>
				</transform>
			</node>
			<node>
				<identifier>	MP_RM317_Sbomb_ejector_INDEX_4	</identifier>
				<transform>
					<row0>	0.0897 -0.0033 0.9960 0.0000	</row0>
					<row1>	0.0479 0.9988 -0.0010 0.0000	</row1>
					<row2>	-0.9948 0.0478 0.0898 0.0000	</row2>
					<row3>	0.3194 0.1658 -3.3058 1.0000	</row3>
				</transform>
			</node>
			<node>
				<identifier>	MP_RM317_Sbomb_ejector_INDEX_5	</identifier>
				<transform>
					<row0>	0.0897 0.0033 -0.9960 0.0000	</row0>
					<row1>	-0.0479 0.9988 -0.0010 0.0000	</row1>
					<row2>	0.9948 0.0478 0.0898 0.0000	</row2>
					<row3>	-0.3194 0.1658 -3.3058 1.0000	</row3>
				</transform>
			</node>
			<node>
				<identifier>	MP_RM317_Sbomb_ejector_INDEX_6	</identifier>
				<transform>
					<row0>	0.0897 -0.0033 0.9960 0.0000	</row0>
					<row1>	0.0479 0.9988 -0.0010 0.0000	</row1>
					<row2>	-0.9948 0.0478 0.0898 0.0000	</row2>
					<row3>	0.1851 0.1656 -4.5950 1.0000	</row3>
				</transform>
			</node>
			<node>
				<identifier>	MP_RM317_Sbomb_ejector_INDEX_7	</identifier>
				<transform>
					<row0>	0.0897 -0.0033 0.9960 0.0000	</row0>
					<row1>	0.0479 0.9988 -0.0010 0.0000	</row1>
					<row2>	-0.9948 0.0478 0.0898 0.0000	</row2>
					<row3>	0.3275 0.1655 -3.2156 1.0000	</row3>
				</transform>
			</node>
			<node>
				<identifier>	MP_RM317_Sbomb_ejector_INDEX_8	</identifier>
				<transform>
					<row0>	0.0897 0.0033 -0.9960 0.0000	</row0>
					<row1>	-0.0479 0.9988 -0.0010 0.0000	</row1>
					<row2>	0.9948 0.0478 0.0898 0.0000	</row2>
					<row3>	-0.1851 0.1656 -4.5950 1.0000	</row3>
				</transform>
			</node>
			<node>
				<identifier>	MP_RM317_Sbomb_ejector_INDEX_9	</identifier>
				<transform>
					<row0>	0.0897 -0.0033 0.9960 0.0000	</row0>
					<row1>	0.0479 0.9988 -0.0010 0.0000	</row1>
					<row2>	-0.9948 0.0478 0.0898 0.0000	</row2>
					<row3>	0.3235 0.1656 -3.2606 1.0000	</row3>
				</transform>
			</node>
			<node>
				<identifier>	MP_RM912_Depth_Charge_BPS	</identifier>
				<transform>
					<row0>	0.0000 -1.0000 0.0000 0.0000	</row0>
					<row1>	0.9949 0.0000 -0.1012 0.0000	</row1>
					<row2>	0.1012 0.0000 0.9949 0.0000	</row2>
					<row3>	0.2410 0.1911 -3.5773 1.0000	</row3>
				</transform>
			</node>
			<node>
				<identifier>	MP_RM912_Depth_Charge_BPS_INDEX_1	</identifier>
				<transform>
					<row0>	0.0000 -1.0000 0.0000 0.0000	</row0>
					<row1>	0.9949 0.0000 -0.1006 0.0000	</row1>
					<row2>	0.1006 0.0000 0.9949 0.0000	</row2>
					<row3>	0.2239 0.1911 -3.7471 1.0000	</row3>
				</transform>
			</node>
			<node>
				<identifier>	MP_RM912_Depth_Charge_BPS_INDEX_10	</identifier>
				<transform>
					<row0>	0.0000 -1.0000 0.0000 0.0000	</row0>
					<row1>	0.9950 0.0000 -0.0994 0.0000	</row1>
					<row2>	0.0994 0.0000 0.9950 0.0000	</row2>
					<row3>	0.2269 0.1911 -3.7181 1.0000	</row3>
				</transform>
			</node>
			<node>
				<identifier>	MP_RM912_Depth_Charge_BPS_INDEX_11	</identifier>
				<transform>
					<row0>	0.0000 -1.0000 0.0000 0.0000	</row0>
					<row1>	0.9949 0.0000 -0.1006 0.0000	</row1>
					<row2>	0.1006 0.0000 0.9949 0.0000	</row2>
					<row3>	0.2464 0.1911 -3.5228 1.0000	</row3>
				</transform>
			</node>
			<node>
				<identifier>	MP_RM912_Depth_Charge_BPS_INDEX_12	</identifier>
				<transform>
					<row0>	0.0000 -1.0000 0.0000 0.0000	</row0>
					<row1>	0.9950 0.0000 -0.0994 0.0000	</row1>
					<row2>	0.0994 0.0000 0.9950 0.0000	</row2>
					<row3>	0.2493 0.1911 -3.4939 1.0000	</row3>
				</transform>
			</node>
			<node>
				<identifier>	MP_RM912_Depth_Charge_BPS_INDEX_13	</identifier>
				<transform>
					<row0>	0.0000 -1.0000 0.0000 0.0000	</row0>
					<row1>	0.9950 0.0000 -0.0994 0.0000	</row1>
					<row2>	0.0994 0.0000 0.9950 0.0000	</row2>
					<row3>	0.2381 0.1911 -3.6060 1.0000	</row3>
				</transform>
			</node>
			<node>
				<identifier>	MP_RM912_Depth_Charge_BPS_INDEX_14	</identifier>
				<transform>
					<row0>	0.0000 -1.0000 0.0000 0.0000	</row0>
					<row1>	0.9949 0.0000 -0.1006 0.0000	</row1>
					<row2>	0.1006 0.0000 0.9949 0.0000	</row2>
					<row3>	0.2351 0.1911 -3.6349 1.0000	</row3>
				</transform>
			</node>
			<node>
				<identifier>	MP_RM912_Depth_Charge_BPS_INDEX_15	</identifier>
				<transform>
					<row0>	0.0000 1.0000 0.0000 0.0000	</row0>
					<row1>	-0.9949 0.0000 -0.1006 0.0000	</row1>
					<row2>	-0.1006 0.0000 0.9949 0.0000	</row2>
					<row3>	-0.2351 0.1911 -3.6349 1.0000	</row3>
				</transform>
			</node>
			<node>
				<identifier>	MP_RM912_Depth_Charge_BPS_INDEX_16	</identifier>
				<transform>
					<row0>	0.0000 1.0000 0.0000 0.0000	</row0>
					<row1>	-0.9949 0.0000 -0.1006 0.0000	</row1>
					<row2>	-0.1006 0.0000 0.9949 0.0000	</row2>
					<row3>	-0.2239 0.1911 -3.7471 1.0000	</row3>
				</transform>
			</node>
			<node>
				<identifier>	MP_RM912_Depth_Charge_BPS_INDEX_17	</identifier>
				<transform>
					<row0>	0.0000 1.0000 0.0000 0.0000	</row0>
					<row1>	-0.9949 0.0000 -0.1006 0.0000	</row1>
					<row2>	-0.1006 0.0000 0.9949 0.0000	</row2>
					<row3>	-0.2464 0.1911 -3.5228 1.0000	</row3>
				</transform>
			</node>
			<node>
				<identifier>	MP_RM912_Depth_Charge_BPS_INDEX_2	</identifier>
				<transform>
					<row0>	0.0000 1.0000 0.0000 0.0000	</row0>
					<row1>	-0.9949 0.0000 -0.1012 0.0000	</row1>
					<row2>	-0.1012 0.0000 0.9949 0.0000	</row2>
					<row3>	-0.2522 0.1911 -3.4652 1.0000	</row3>
				</transform>
			</node>
			<node>
				<identifier>	MP_RM912_Depth_Charge_BPS_INDEX_3	</identifier>
				<transform>
					<row0>	0.0000 1.0000 0.0000 0.0000	</row0>
					<row1>	-0.9950 0.0000 -0.0994 0.0000	</row1>
					<row2>	-0.0994 0.0000 0.9950 0.0000	</row2>
					<row3>	-0.2269 0.1911 -3.7181 1.0000	</row3>
				</transform>
			</node>
			<node>
				<identifier>	MP_RM912_Depth_Charge_BPS_INDEX_4	</identifier>
				<transform>
					<row0>	0.0000 1.0000 0.0000 0.0000	</row0>
					<row1>	-0.9950 0.0000 -0.0994 0.0000	</row1>
					<row2>	-0.0994 0.0000 0.9950 0.0000	</row2>
					<row3>	-0.2381 0.1911 -3.6060 1.0000	</row3>
				</transform>
			</node>
			<node>
				<identifier>	MP_RM912_Depth_Charge_BPS_INDEX_5	</identifier>
				<transform>
					<row0>	0.0000 1.0000 0.0000 0.0000	</row0>
					<row1>	-0.9949 0.0000 -0.1012 0.0000	</row1>
					<row2>	-0.1012 0.0000 0.9949 0.0000	</row2>
					<row3>	-0.2410 0.1911 -3.5773 1.0000	</row3>
				</transform>
			</node>
			<node>
				<identifier>	MP_RM912_Depth_Charge_BPS_INDEX_6	</identifier>
				<transform>
					<row0>	0.0000 -1.0000 0.0000 0.0000	</row0>
					<row1>	0.9949 0.0000 -0.1012 0.0000	</row1>
					<row2>	0.1012 0.0000 0.9949 0.0000	</row2>
					<row3>	0.2522 0.1911 -3.4652 1.0000	</row3>
				</transform>
			</node>
			<node>
				<identifier>	MP_RM912_Depth_Charge_BPS_INDEX_7	</identifier>
				<transform>
					<row0>	0.0000 -1.0000 0.0000 0.0000	</row0>
					<row1>	0.9949 0.0000 -0.1012 0.0000	</row1>
					<row2>	0.1012 0.0000 0.9949 0.0000	</row2>
					<row3>	0.2298 0.1911 -3.6894 1.0000	</row3>
				</transform>
			</node>
			<node>
				<identifier>	MP_RM912_Depth_Charge_BPS_INDEX_8	</identifier>
				<transform>
					<row0>	0.0000 1.0000 0.0000 0.0000	</row0>
					<row1>	-0.9949 0.0000 -0.1012 0.0000	</row1>
					<row2>	-0.1012 0.0000 0.9949 0.0000	</row2>
					<row3>	-0.2298 0.1911 -3.6894 1.0000	</row3>
				</transform>
			</node>
			<node>
				<identifier>	MP_RM912_Depth_Charge_BPS_INDEX_9	</identifier>
				<transform>
					<row0>	0.0000 1.0000 0.0000 0.0000	</row0>
					<row1>	-0.9950 0.0000 -0.0994 0.0000	</row1>
					<row2>	-0.0994 0.0000 0.9950 0.0000	</row2>
					<row3>	-0.2493 0.1911 -3.4939 1.0000	</row3>
				</transform>
			</node>
		</node>
	</node>
	<boundingBox>
		<min>	-0.0667 -0.0667 -0.0667	</min>
		<max>	0.0667 0.0667 0.0667	</max>
	</boundingBox>
</RSD046_Yerevan_1952_Stern_ports.visual>
