<BAB712_Short_Sunderland_lod2.visual>
	<node>
		<identifier>	Scene Root	</identifier>
		<transform>
			<row0>	1.0000 0.0000 0.0000 0.0000	</row0>
			<row1>	0.0000 1.0000 0.0000 0.0000	</row1>
			<row2>	0.0000 0.0000 1.0000 0.0000	</row2>
			<row3>	0.0000 0.0000 0.0000 1.0000	</row3>
		</transform>
		<node>
			<identifier>	Hull	</identifier>
			<transform>
				<row0>	1.0000 0.0000 0.0000 0.0000	</row0>
				<row1>	0.0000 1.0000 0.0000 0.0000	</row1>
				<row2>	0.0000 0.0000 1.0000 0.0000	</row2>
				<row3>	0.0000 0.0000 0.0000 1.0000	</row3>
			</transform>
			<node>
				<identifier>	hull_wire	</identifier>
				<transform>
					<row0>	1.0000 0.0000 0.0000 0.0000	</row0>
					<row1>	0.0000 1.0000 0.0000 0.0000	</row1>
					<row2>	0.0000 0.0000 1.0000 0.0000	</row2>
					<row3>	0.0000 0.0000 0.0000 1.0000	</row3>
				</transform>
			</node>
			<node>
				<identifier>	propeller_mod	</identifier>
				<transform>
					<row0>	0.9959 0.0021 0.0909 0.0000	</row0>
					<row1>	0.0016 0.9992 -0.0403 0.0000	</row1>
					<row2>	-0.0909 0.0403 0.9950 0.0000	</row2>
					<row3>	-0.5458 0.3222 0.2571 1.0000	</row3>
				</transform>
				<node>
					<identifier>	disc	</identifier>
					<transform>
						<row0>	1.0000 0.0000 0.0000 0.0000	</row0>
						<row1>	0.0000 1.0000 0.0000 0.0000	</row1>
						<row2>	0.0000 0.0000 1.0000 0.0000	</row2>
						<row3>	0.0000 0.0000 0.0000 1.0000	</row3>
					</transform>
					<node>
						<identifier>	disc_cap	</identifier>
						<transform>
							<row0>	1.0000 0.0000 0.0000 0.0000	</row0>
							<row1>	0.0000 1.0000 0.0000 0.0000	</row1>
							<row2>	0.0000 0.0000 1.0000 0.0000	</row2>
							<row3>	0.0000 0.0000 0.0000 1.0000	</row3>
						</transform>
					</node>
				</node>
				<node>
					<identifier>	mod	</identifier>
					<transform>
						<row0>	1.0000 0.0000 0.0000 0.0000	</row0>
						<row1>	0.0000 1.0000 0.0000 0.0000	</row1>
						<row2>	0.0000 0.0000 1.0000 0.0000	</row2>
						<row3>	0.0000 0.0000 0.0000 1.0000	</row3>
					</transform>
				</node>
			</node>
			<node>
				<identifier>	propeller_mod_1	</identifier>
				<transform>
					<row0>	0.9959 0.0021 0.0909 0.0000	</row0>
					<row1>	0.0016 0.9992 -0.0403 0.0000	</row1>
					<row2>	-0.0909 0.0403 0.9950 0.0000	</row2>
					<row3>	-0.2773 0.3183 0.2947 1.0000	</row3>
				</transform>
				<node>
					<identifier>	disc_1	</identifier>
					<transform>
						<row0>	1.0000 0.0000 0.0000 0.0000	</row0>
						<row1>	0.0000 1.0000 0.0000 0.0000	</row1>
						<row2>	0.0000 0.0000 1.0000 0.0000	</row2>
						<row3>	0.0000 0.0000 0.0000 1.0000	</row3>
					</transform>
					<node>
						<identifier>	disc_cap_1	</identifier>
						<transform>
							<row0>	1.0000 0.0000 0.0000 0.0000	</row0>
							<row1>	0.0000 1.0000 0.0000 0.0000	</row1>
							<row2>	0.0000 0.0000 1.0000 0.0000	</row2>
							<row3>	0.0000 0.0000 0.0000 1.0000	</row3>
						</transform>
					</node>
				</node>
				<node>
					<identifier>	mod_1	</identifier>
					<transform>
						<row0>	1.0000 0.0000 0.0000 0.0000	</row0>
						<row1>	0.0000 1.0000 0.0000 0.0000	</row1>
						<row2>	0.0000 0.0000 1.0000 0.0000	</row2>
						<row3>	0.0000 0.0000 0.0000 1.0000	</row3>
					</transform>
				</node>
			</node>
			<node>
				<identifier>	propeller_mod_2	</identifier>
				<transform>
					<row0>	0.9955 0.0039 -0.0951 0.0000	</row0>
					<row1>	-0.0078 0.9991 -0.0407 0.0000	</row1>
					<row2>	0.0949 0.0412 0.9946 0.0000	</row2>
					<row3>	0.2776 0.3183 0.2946 1.0000	</row3>
				</transform>
				<node>
					<identifier>	disc_2	</identifier>
					<transform>
						<row0>	1.0000 0.0000 0.0000 0.0000	</row0>
						<row1>	0.0000 1.0000 0.0000 0.0000	</row1>
						<row2>	0.0000 0.0000 1.0000 0.0000	</row2>
						<row3>	0.0000 0.0000 0.0000 1.0000	</row3>
					</transform>
					<node>
						<identifier>	disc_cap_2	</identifier>
						<transform>
							<row0>	1.0000 0.0000 0.0000 0.0000	</row0>
							<row1>	0.0000 1.0000 0.0000 0.0000	</row1>
							<row2>	0.0000 0.0000 1.0000 0.0000	</row2>
							<row3>	0.0000 0.0000 0.0000 1.0000	</row3>
						</transform>
					</node>
				</node>
				<node>
					<identifier>	mod_2	</identifier>
					<transform>
						<row0>	1.0000 0.0000 0.0000 0.0000	</row0>
						<row1>	0.0000 1.0000 0.0000 0.0000	</row1>
						<row2>	0.0000 0.0000 1.0000 0.0000	</row2>
						<row3>	0.0000 0.0000 0.0000 1.0000	</row3>
					</transform>
				</node>
			</node>
			<node>
				<identifier>	propeller_mod_3	</identifier>
				<transform>
					<row0>	0.9970 -0.0015 -0.0779 0.0000	</row0>
					<row1>	-0.0015 0.9993 -0.0381 0.0000	</row1>
					<row2>	0.0779 0.0381 0.9962 0.0000	</row2>
					<row3>	0.5466 0.3222 0.2577 1.0000	</row3>
				</transform>
				<node>
					<identifier>	disc_3	</identifier>
					<transform>
						<row0>	1.0000 0.0000 0.0000 0.0000	</row0>
						<row1>	0.0000 1.0000 0.0000 0.0000	</row1>
						<row2>	0.0000 0.0000 1.0000 0.0000	</row2>
						<row3>	0.0000 0.0000 0.0000 1.0000	</row3>
					</transform>
					<node>
						<identifier>	disc_cap_3	</identifier>
						<transform>
							<row0>	1.0000 0.0000 0.0000 0.0000	</row0>
							<row1>	0.0000 1.0000 0.0000 0.0000	</row1>
							<row2>	0.0000 0.0000 1.0000 0.0000	</row2>
							<row3>	0.0000 0.0000 0.0000 1.0000	</row3>
						</transform>
					</node>
				</node>
				<node>
					<identifier>	mod_3	</identifier>
					<transform>
						<row0>	1.0000 0.0000 0.0000 0.0000	</row0>
						<row1>	0.0000 1.0000 0.0000 0.0000	</row1>
						<row2>	0.0000 0.0000 1.0000 0.0000	</row2>
						<row3>	0.0000 0.0000 0.0000 1.0000	</row3>
					</transform>
				</node>
			</node>
		</node>
		<node>
			<identifier>	Root	</identifier>
			<transform>
				<row0>	1.0000 0.0000 0.0000 0.0000	</row0>
				<row1>	0.0000 1.0000 0.0000 0.0000	</row1>
				<row2>	0.0000 0.0000 1.0000 0.0000	</row2>
				<row3>	0.0000 0.0000 0.0000 1.0000	</row3>
			</transform>
			<node>
				<identifier>	HP_Air_bomb_1	</identifier>
				<transform>
					<row0>	0.9959 -0.0901 0.0000 0.0000	</row0>
					<row1>	0.0901 0.9959 0.0000 0.0000	</row1>
					<row2>	0.0000 0.0000 1.0000 0.0000	</row2>
					<row3>	-0.1334 0.2336 -0.0374 1.0000	</row3>
				</transform>
			</node>
			<node>
				<identifier>	HP_Air_bomb_2	</identifier>
				<transform>
					<row0>	0.9959 0.0901 0.0000 0.0000	</row0>
					<row1>	-0.0901 0.9959 0.0000 0.0000	</row1>
					<row2>	0.0000 0.0000 1.0000 0.0000	</row2>
					<row3>	0.1334 0.2340 -0.0374 1.0000	</row3>
				</transform>
			</node>
			<node>
				<identifier>	HP_Air_bomb_3	</identifier>
				<transform>
					<row0>	0.9959 -0.0901 0.0000 0.0000	</row0>
					<row1>	0.0901 0.9959 0.0000 0.0000	</row1>
					<row2>	0.0000 0.0000 1.0000 0.0000	</row2>
					<row3>	-0.1542 0.2355 -0.0374 1.0000	</row3>
				</transform>
			</node>
			<node>
				<identifier>	HP_Air_bomb_4	</identifier>
				<transform>
					<row0>	0.9959 0.0901 0.0000 0.0000	</row0>
					<row1>	-0.0901 0.9959 0.0000 0.0000	</row1>
					<row2>	0.0000 0.0000 1.0000 0.0000	</row2>
					<row3>	0.1542 0.2358 -0.0374 1.0000	</row3>
				</transform>
			</node>
			<node>
				<identifier>	HP_Air_bomb_5	</identifier>
				<transform>
					<row0>	0.9959 -0.0901 0.0000 0.0000	</row0>
					<row1>	0.0901 0.9959 0.0000 0.0000	</row1>
					<row2>	0.0000 0.0000 1.0000 0.0000	</row2>
					<row3>	-0.1784 0.2377 -0.0374 1.0000	</row3>
				</transform>
			</node>
			<node>
				<identifier>	HP_Air_bomb_6	</identifier>
				<transform>
					<row0>	0.9959 0.0901 0.0000 0.0000	</row0>
					<row1>	-0.0901 0.9959 0.0000 0.0000	</row1>
					<row2>	0.0000 0.0000 1.0000 0.0000	</row2>
					<row3>	0.1785 0.2380 -0.0374 1.0000	</row3>
				</transform>
			</node>
			<node>
				<identifier>	HP_Air_bomb_7	</identifier>
				<transform>
					<row0>	0.9959 -0.0901 0.0000 0.0000	</row0>
					<row1>	0.0901 0.9959 0.0000 0.0000	</row1>
					<row2>	0.0000 0.0000 1.0000 0.0000	</row2>
					<row3>	-0.1993 0.2396 -0.0374 1.0000	</row3>
				</transform>
			</node>
			<node>
				<identifier>	HP_Air_bomb_8	</identifier>
				<transform>
					<row0>	0.9959 0.0901 0.0000 0.0000	</row0>
					<row1>	-0.0901 0.9959 0.0000 0.0000	</row1>
					<row2>	0.0000 0.0000 1.0000 0.0000	</row2>
					<row3>	0.1993 0.2399 -0.0374 1.0000	</row3>
				</transform>
			</node>
			<node>
				<identifier>	HP_Air_break_1	</identifier>
				<transform>
					<row0>	1.0000 0.0000 0.0000 0.0000	</row0>
					<row1>	0.0000 1.0000 0.0000 0.0000	</row1>
					<row2>	0.0000 0.0000 1.0000 0.0000	</row2>
					<row3>	-0.5246 0.2838 -0.0833 1.0000	</row3>
				</transform>
			</node>
			<node>
				<identifier>	HP_Air_break_2	</identifier>
				<transform>
					<row0>	1.0000 0.0000 0.0000 0.0000	</row0>
					<row1>	0.0000 1.0000 0.0000 0.0000	</row1>
					<row2>	0.0000 0.0000 1.0000 0.0000	</row2>
					<row3>	0.5236 0.2838 -0.0833 1.0000	</row3>
				</transform>
			</node>
			<node>
				<identifier>	HP_Air_death_1	</identifier>
				<transform>
					<row0>	1.0000 0.0000 0.0000 0.0000	</row0>
					<row1>	0.0000 1.0000 0.0000 0.0000	</row1>
					<row2>	0.0000 0.0000 1.0000 0.0000	</row2>
					<row3>	0.0000 0.3330 0.3612 1.0000	</row3>
				</transform>
			</node>
			<node>
				<identifier>	HP_Air_enginelight_1	</identifier>
				<transform>
					<row0>	0.9282 -0.3517 0.1215 0.0000	</row0>
					<row1>	0.3486 0.9361 0.0468 0.0000	</row1>
					<row2>	-0.1302 -0.0010 0.9915 0.0000	</row2>
					<row3>	-0.5150 0.3689 0.1426 1.0000	</row3>
				</transform>
			</node>
			<node>
				<identifier>	HP_Air_enginelight_2	</identifier>
				<transform>
					<row0>	0.9247 0.3773 0.0513 0.0000	</row0>
					<row1>	-0.3768 0.9261 -0.0196 0.0000	</row1>
					<row2>	-0.0549 -0.0012 0.9985 0.0000	</row2>
					<row3>	-0.5575 0.3687 0.1392 1.0000	</row3>
				</transform>
			</node>
			<node>
				<identifier>	HP_Air_enginelight_3	</identifier>
				<transform>
					<row0>	0.9317 0.3614 0.0374 0.0000	</row0>
					<row1>	-0.3618 0.9322 0.0046 0.0000	</row1>
					<row2>	-0.0332 -0.0178 0.9993 0.0000	</row2>
					<row3>	-0.2895 0.3652 0.1777 1.0000	</row3>
				</transform>
			</node>
			<node>
				<identifier>	HP_Air_enginelight_4	</identifier>
				<transform>
					<row0>	0.9915 0.0000 0.1302 0.0000	</row0>
					<row1>	-0.0001 1.0000 0.0010 0.0000	</row1>
					<row2>	-0.1302 -0.0010 0.9915 0.0000	</row2>
					<row3>	-0.2465 0.3652 0.1812 1.0000	</row3>
				</transform>
			</node>
			<node>
				<identifier>	HP_Air_enginelight_5	</identifier>
				<transform>
					<row0>	0.9244 0.3594 -0.1276 0.0000	</row0>
					<row1>	-0.3618 0.9322 0.0046 0.0000	</row1>
					<row2>	0.1206 0.0419 0.9918 0.0000	</row2>
					<row3>	0.2467 0.3655 0.1812 1.0000	</row3>
				</transform>
			</node>
			<node>
				<identifier>	HP_Air_enginelight_6	</identifier>
				<transform>
					<row0>	0.9346 -0.3526 -0.0461 0.0000	</row0>
					<row1>	0.3519 0.9358 -0.0232 0.0000	</row1>
					<row2>	0.0514 0.0055 0.9987 0.0000	</row2>
					<row3>	0.2893 0.3653 0.1779 1.0000	</row3>
				</transform>
			</node>
			<node>
				<identifier>	HP_Air_enginelight_7	</identifier>
				<transform>
					<row0>	0.9255 0.3598 -0.1181 0.0000	</row0>
					<row1>	-0.3618 0.9322 0.0046 0.0000	</row1>
					<row2>	0.1118 0.0385 0.9930 0.0000	</row2>
					<row3>	0.5149 0.3688 0.1429 1.0000	</row3>
				</transform>
			</node>
			<node>
				<identifier>	HP_Air_enginelight_8	</identifier>
				<transform>
					<row0>	0.9346 -0.3526 -0.0461 0.0000	</row0>
					<row1>	0.3519 0.9358 -0.0232 0.0000	</row1>
					<row2>	0.0514 0.0055 0.9987 0.0000	</row2>
					<row3>	0.5577 0.3689 0.1391 1.0000	</row3>
				</transform>
			</node>
			<node>
				<identifier>	HP_Air_fire_1	</identifier>
				<transform>
					<row0>	1.0000 0.0000 0.0000 0.0000	</row0>
					<row1>	0.0000 1.0000 0.0000 0.0000	</row1>
					<row2>	0.0000 0.0000 1.0000 0.0000	</row2>
					<row3>	-0.2893 0.3651 0.1808 1.0000	</row3>
				</transform>
			</node>
			<node>
				<identifier>	HP_Air_fire_2	</identifier>
				<transform>
					<row0>	1.0000 0.0000 0.0000 0.0000	</row0>
					<row1>	0.0000 1.0000 0.0000 0.0000	</row1>
					<row2>	0.0000 0.0000 1.0000 0.0000	</row2>
					<row3>	0.2893 0.3656 0.1813 1.0000	</row3>
				</transform>
			</node>
			<node>
				<identifier>	HP_Air_fire_3	</identifier>
				<transform>
					<row0>	1.0000 0.0000 0.0000 0.0000	</row0>
					<row1>	0.0000 1.0000 0.0000 0.0000	</row1>
					<row2>	0.0000 0.0000 1.0000 0.0000	</row2>
					<row3>	-0.1705 0.3386 0.0929 1.0000	</row3>
				</transform>
			</node>
			<node>
				<identifier>	HP_Air_fire_4	</identifier>
				<transform>
					<row0>	1.0000 0.0000 0.0000 0.0000	</row0>
					<row1>	0.0000 1.0000 0.0000 0.0000	</row1>
					<row2>	0.0000 0.0000 1.0000 0.0000	</row2>
					<row3>	0.1678 0.3390 0.0921 1.0000	</row3>
				</transform>
			</node>
			<node>
				<identifier>	HP_Air_fire_5	</identifier>
				<transform>
					<row0>	1.0000 0.0000 0.0000 0.0000	</row0>
					<row1>	0.0000 1.0000 0.0000 0.0000	</row1>
					<row2>	0.0000 0.0000 1.0000 0.0000	</row2>
					<row3>	-0.4553 0.3447 0.0648 1.0000	</row3>
				</transform>
			</node>
			<node>
				<identifier>	HP_Air_fire_6	</identifier>
				<transform>
					<row0>	1.0000 0.0000 0.0000 0.0000	</row0>
					<row1>	0.0000 1.0000 0.0000 0.0000	</row1>
					<row2>	0.0000 0.0000 1.0000 0.0000	</row2>
					<row3>	0.4515 0.3443 0.0679 1.0000	</row3>
				</transform>
			</node>
			<node>
				<identifier>	HP_Air_fire_7	</identifier>
				<transform>
					<row0>	1.0000 0.0000 0.0000 0.0000	</row0>
					<row1>	0.0000 1.0000 0.0000 0.0000	</row1>
					<row2>	0.0000 0.0000 1.0000 0.0000	</row2>
					<row3>	0.0000 0.2209 -0.9996 1.0000	</row3>
				</transform>
			</node>
			<node>
				<identifier>	HP_Air_flytrail_1	</identifier>
				<transform>
					<row0>	1.0000 0.0000 0.0000 0.0000	</row0>
					<row1>	0.0000 1.0000 0.0000 0.0000	</row1>
					<row2>	0.0000 0.0000 1.0000 0.0000	</row2>
					<row3>	-1.1465 0.3409 -0.0175 1.0000	</row3>
				</transform>
			</node>
			<node>
				<identifier>	HP_Air_flytrail_2	</identifier>
				<transform>
					<row0>	1.0000 0.0000 0.0000 0.0000	</row0>
					<row1>	0.0000 1.0000 0.0000 0.0000	</row1>
					<row2>	0.0000 0.0000 1.0000 0.0000	</row2>
					<row3>	1.1459 0.3324 -0.0172 1.0000	</row3>
				</transform>
			</node>
			<node>
				<identifier>	HP_Air_gunfire_1	</identifier>
				<transform>
					<row0>	1.0000 0.0000 0.0000 0.0000	</row0>
					<row1>	0.0000 0.9908 -0.1350 0.0000	</row1>
					<row2>	0.0000 0.1350 0.9908 0.0000	</row2>
					<row3>	0.0107 0.2488 0.6837 1.0000	</row3>
				</transform>
			</node>
			<node>
				<identifier>	HP_Air_gunfire_2	</identifier>
				<transform>
					<row0>	1.0000 0.0000 0.0000 0.0000	</row0>
					<row1>	0.0000 0.9908 -0.1350 0.0000	</row1>
					<row2>	0.0000 0.1350 0.9908 0.0000	</row2>
					<row3>	-0.0107 0.2488 0.6837 1.0000	</row3>
				</transform>
			</node>
			<node>
				<identifier>	HP_Air_gunfire_back_1	</identifier>
				<transform>
					<row0>	1.0000 0.0000 0.0000 0.0000	</row0>
					<row1>	0.0000 0.9654 0.2609 0.0000	</row1>
					<row2>	0.0000 -0.2609 0.9654 0.0000	</row2>
					<row3>	-0.0236 0.3022 -1.0979 1.0000	</row3>
				</transform>
			</node>
			<node>
				<identifier>	HP_Air_gunfire_back_2	</identifier>
				<transform>
					<row0>	1.0000 0.0000 0.0000 0.0000	</row0>
					<row1>	0.0000 0.9654 0.2609 0.0000	</row1>
					<row2>	0.0000 -0.2609 0.9654 0.0000	</row2>
					<row3>	-0.0180 0.3022 -1.0979 1.0000	</row3>
				</transform>
			</node>
			<node>
				<identifier>	HP_Air_gunfire_back_3	</identifier>
				<transform>
					<row0>	1.0000 0.0000 0.0000 0.0000	</row0>
					<row1>	0.0000 0.9654 0.2609 0.0000	</row1>
					<row2>	0.0000 -0.2609 0.9654 0.0000	</row2>
					<row3>	0.0175 0.3022 -1.0979 1.0000	</row3>
				</transform>
			</node>
			<node>
				<identifier>	HP_Air_gunfire_back_4	</identifier>
				<transform>
					<row0>	1.0000 0.0000 0.0000 0.0000	</row0>
					<row1>	0.0000 0.9654 0.2609 0.0000	</row1>
					<row2>	0.0000 -0.2609 0.9654 0.0000	</row2>
					<row3>	0.0232 0.3022 -1.0979 1.0000	</row3>
				</transform>
			</node>
			<node>
				<identifier>	HP_Air_ricochet_1	</identifier>
				<transform>
					<row0>	1.0000 0.0000 0.0000 0.0000	</row0>
					<row1>	0.0000 1.0000 0.0000 0.0000	</row1>
					<row2>	0.0000 0.0000 1.0000 0.0000	</row2>
					<row3>	-0.0880 0.2582 -0.3372 1.0000	</row3>
				</transform>
			</node>
			<node>
				<identifier>	HP_Air_ricochet_2	</identifier>
				<transform>
					<row0>	1.0000 0.0000 0.0000 0.0000	</row0>
					<row1>	0.0000 1.0000 0.0000 0.0000	</row1>
					<row2>	0.0000 0.0000 1.0000 0.0000	</row2>
					<row3>	-0.0822 0.2384 0.3896 1.0000	</row3>
				</transform>
			</node>
			<node>
				<identifier>	HP_Air_ricochet_3	</identifier>
				<transform>
					<row0>	1.0000 0.0000 0.0000 0.0000	</row0>
					<row1>	0.0000 1.0000 0.0000 0.0000	</row1>
					<row2>	0.0000 0.0000 1.0000 0.0000	</row2>
					<row3>	-0.0748 0.2095 -0.5776 1.0000	</row3>
				</transform>
			</node>
			<node>
				<identifier>	HP_Air_ricochet_4	</identifier>
				<transform>
					<row0>	1.0000 0.0000 0.0000 0.0000	</row0>
					<row1>	0.0000 1.0000 0.0000 0.0000	</row1>
					<row2>	0.0000 0.0000 1.0000 0.0000	</row2>
					<row3>	0.6231 0.3350 -0.0277 1.0000	</row3>
				</transform>
			</node>
			<node>
				<identifier>	HP_Air_ricochet_5	</identifier>
				<transform>
					<row0>	1.0000 0.0000 0.0000 0.0000	</row0>
					<row1>	0.0000 1.0000 0.0000 0.0000	</row1>
					<row2>	0.0000 0.0000 1.0000 0.0000	</row2>
					<row3>	0.0773 0.2724 -0.4765 1.0000	</row3>
				</transform>
			</node>
			<node>
				<identifier>	HP_Air_ricochet_6	</identifier>
				<transform>
					<row0>	1.0000 0.0000 0.0000 0.0000	</row0>
					<row1>	0.0000 1.0000 0.0000 0.0000	</row1>
					<row2>	0.0000 0.0000 1.0000 0.0000	</row2>
					<row3>	-0.4156 0.3301 -0.0210 1.0000	</row3>
				</transform>
			</node>
			<node>
				<identifier>	HP_gunFireBack	</identifier>
				<transform>
					<row0>	1.0000 0.0000 0.0000 0.0000	</row0>
					<row1>	0.0000 1.0000 0.0000 0.0000	</row1>
					<row2>	0.0000 0.0000 1.0000 0.0000	</row2>
					<row3>	0.0000 0.3196 -1.1623 1.0000	</row3>
				</transform>
			</node>
			<node>
				<identifier>	Root_BlendBone	</identifier>
				<transform>
					<row0>	1.0000 0.0000 0.0000 0.0000	</row0>
					<row1>	0.0000 1.0000 0.0000 0.0000	</row1>
					<row2>	0.0000 0.0000 -1.0000 0.0000	</row2>
					<row3>	0.0000 0.0000 0.0000 1.0000	</row3>
				</transform>
			</node>
			<node>
				<identifier>	elevator_1	</identifier>
				<transform>
					<row0>	0.9997 0.0000 0.0232 0.0000	</row0>
					<row1>	0.0000 1.0000 0.0000 0.0000	</row1>
					<row2>	-0.0232 0.0000 0.9997 0.0000	</row2>
					<row3>	-0.3209 0.2975 -0.9068 1.0000	</row3>
				</transform>
				<node>
					<identifier>	elevator_1_BlendBone	</identifier>
					<transform>
						<row0>	0.9997 0.0000 -0.0232 0.0000	</row0>
						<row1>	0.0000 1.0000 0.0000 0.0000	</row1>
						<row2>	-0.0232 0.0000 -0.9997 0.0000	</row2>
						<row3>	0.3418 -0.2975 0.8991 1.0000	</row3>
					</transform>
				</node>
			</node>
			<node>
				<identifier>	elevator_2	</identifier>
				<transform>
					<row0>	0.9998 0.0000 -0.0193 0.0000	</row0>
					<row1>	0.0000 1.0000 0.0000 0.0000	</row1>
					<row2>	0.0193 0.0000 0.9998 0.0000	</row2>
					<row3>	0.3214 0.2975 -0.9070 1.0000	</row3>
				</transform>
				<node>
					<identifier>	elevator_2_BlendBone	</identifier>
					<transform>
						<row0>	0.9998 0.0000 0.0193 0.0000	</row0>
						<row1>	0.0000 1.0000 0.0000 0.0000	</row1>
						<row2>	0.0193 0.0000 -0.9998 0.0000	</row2>
						<row3>	-0.3388 -0.2975 0.9007 1.0000	</row3>
					</transform>
				</node>
			</node>
			<node>
				<identifier>	l_ailerone_1	</identifier>
				<transform>
					<row0>	0.9974 -0.0663 -0.0266 0.0000	</row0>
					<row1>	0.0663 0.9978 0.0000 0.0000	</row1>
					<row2>	0.0265 -0.0018 0.9996 0.0000	</row2>
					<row3>	-0.7767 0.3124 -0.0898 1.0000	</row3>
				</transform>
				<node>
					<identifier>	l_ailerone_1_BlendBone	</identifier>
					<transform>
						<row0>	0.9974 0.0663 0.0265 0.0000	</row0>
						<row1>	-0.0663 0.9978 -0.0018 0.0000	</row1>
						<row2>	0.0266 0.0000 -0.9996 0.0000	</row2>
						<row3>	0.7931 -0.2602 0.1109 1.0000	</row3>
					</transform>
				</node>
			</node>
			<node>
				<identifier>	l_flaps_1	</identifier>
				<transform>
					<row0>	0.9956 -0.0800 -0.0489 0.0000	</row0>
					<row1>	0.0801 0.9968 0.0000 0.0000	</row1>
					<row2>	0.0488 -0.0039 0.9988 0.0000	</row2>
					<row3>	-0.5829 0.2884 -0.0804 1.0000	</row3>
				</transform>
				<node>
					<identifier>	l_flaps_1_BlendBone	</identifier>
					<transform>
						<row0>	0.9956 0.0801 0.0488 0.0000	</row0>
						<row1>	-0.0800 0.9968 -0.0039 0.0000	</row1>
						<row2>	0.0489 0.0000 -0.9988 0.0000	</row2>
						<row3>	0.5994 -0.2408 0.1099 1.0000	</row3>
					</transform>
				</node>
			</node>
			<node>
				<identifier>	r_ailerone_1	</identifier>
				<transform>
					<row0>	0.9976 0.0648 0.0262 0.0000	</row0>
					<row1>	-0.0648 0.9979 0.0000 0.0000	</row1>
					<row2>	-0.0261 -0.0017 0.9997 0.0000	</row2>
					<row3>	0.7664 0.3117 -0.0901 1.0000	</row3>
				</transform>
				<node>
					<identifier>	r_ailerone_1_BlendBone	</identifier>
					<transform>
						<row0>	0.9976 -0.0648 -0.0261 0.0000	</row0>
						<row1>	0.0648 0.9979 -0.0017 0.0000	</row1>
						<row2>	-0.0262 0.0000 -0.9997 0.0000	</row2>
						<row3>	-0.7824 -0.2614 0.1106 1.0000	</row3>
					</transform>
				</node>
			</node>
			<node>
				<identifier>	r_flaps_1	</identifier>
				<transform>
					<row0>	0.9956 0.0800 0.0489 0.0000	</row0>
					<row1>	-0.0801 0.9968 0.0000 0.0000	</row1>
					<row2>	-0.0488 -0.0039 0.9988 0.0000	</row2>
					<row3>	0.5829 0.2884 -0.0803 1.0000	</row3>
				</transform>
				<node>
					<identifier>	r_flaps_1_BlendBone	</identifier>
					<transform>
						<row0>	0.9956 -0.0801 -0.0488 0.0000	</row0>
						<row1>	0.0800 0.9968 -0.0039 0.0000	</row1>
						<row2>	-0.0489 0.0000 -0.9988 0.0000	</row2>
						<row3>	-0.5995 -0.2408 0.1098 1.0000	</row3>
					</transform>
				</node>
			</node>
			<node>
				<identifier>	rudder_Base_1	</identifier>
				<transform>
					<row0>	1.0000 -0.0006 0.0000 0.0000	</row0>
					<row1>	0.0006 0.9989 -0.0474 0.0000	</row1>
					<row2>	0.0000 0.0474 0.9989 0.0000	</row2>
					<row3>	0.0000 0.6410 -0.9153 1.0000	</row3>
				</transform>
				<node>
					<identifier>	rudder_1	</identifier>
					<transform>
						<row0>	1.0000 0.0000 0.0000 0.0000	</row0>
						<row1>	0.0000 1.0000 0.0000 0.0000	</row1>
						<row2>	0.0000 0.0000 1.0000 0.0000	</row2>
						<row3>	0.0000 0.0000 0.0000 1.0000	</row3>
					</transform>
					<node>
						<identifier>	rudder_1_BlendBone	</identifier>
						<transform>
							<row0>	1.0000 0.0006 0.0000 0.0000	</row0>
							<row1>	-0.0006 0.9989 0.0474 0.0000	</row1>
							<row2>	0.0000 0.0474 -0.9989 0.0000	</row2>
							<row3>	0.0004 -0.6836 0.8839 1.0000	</row3>
						</transform>
					</node>
				</node>
				<node>
					<identifier>	rudder_Base_1_BlendBone	</identifier>
					<transform>
						<row0>	1.0000 0.0006 0.0000 0.0000	</row0>
						<row1>	-0.0006 0.9989 0.0474 0.0000	</row1>
						<row2>	0.0000 0.0474 -0.9989 0.0000	</row2>
						<row3>	0.0004 -0.6836 0.8839 1.0000	</row3>
					</transform>
				</node>
			</node>
		</node>
	</node>
	<renderSet>
		<treatAsWorldSpaceObject>	true	</treatAsWorldSpaceObject>
		<node>	Root_BlendBone	</node>
		<node>	elevator_1_BlendBone	</node>
		<node>	elevator_2_BlendBone	</node>
		<node>	l_ailerone_1_BlendBone	</node>
		<node>	l_flaps_1_BlendBone	</node>
		<node>	r_ailerone_1_BlendBone	</node>
		<node>	r_flaps_1_BlendBone	</node>
		<node>	rudder_1_BlendBone	</node>
		<node>	rudder_Base_1_BlendBone	</node>
		<geometry>
			<vertices>	Hull_lod2Shape.vertices	</vertices>
			<primitive>	Hull_lod2Shape.indices	</primitive>
			<primitiveGroup>	0
				<material>
					<identifier>	TL2_SHIPMAT_PBS_Hull_skinned	</identifier>
					<mfm>	PnFMods/ModsSDK.zip/BSC206_Devonshire/aircraft/BAB712_Short_Sunderland_skinned.mfm	</mfm>
				</material>
			</primitiveGroup>
		</geometry>
	</renderSet>
	<renderSet>
		<treatAsWorldSpaceObject>	false	</treatAsWorldSpaceObject>
		<node>	disc_1	</node>
		<geometry>
			<vertices>	disc_1_lod2Shape.vertices	</vertices>
			<primitive>	disc_1_lod2Shape.indices	</primitive>
			<primitiveGroup>	0
				<material>
					<identifier>	PROPELLERMAT_propeller	</identifier>
					<mfm>	PnFMods/ModsSDK.zip/BSC206_Devonshire/aircraft/German_Disk_3Blade_03_alpha.mfm	</mfm>
				</material>
			</primitiveGroup>
		</geometry>
	</renderSet>
	<renderSet>
		<treatAsWorldSpaceObject>	false	</treatAsWorldSpaceObject>
		<node>	disc_2	</node>
		<geometry>
			<vertices>	disc_2_lod2Shape.vertices	</vertices>
			<primitive>	disc_2_lod2Shape.indices	</primitive>
			<primitiveGroup>	0
				<material>
					<identifier>	PROPELLERMAT_propeller	</identifier>
					<mfm>	PnFMods/ModsSDK.zip/BSC206_Devonshire/aircraft/German_Disk_3Blade_03_alpha.mfm	</mfm>
				</material>
			</primitiveGroup>
		</geometry>
	</renderSet>
	<renderSet>
		<treatAsWorldSpaceObject>	false	</treatAsWorldSpaceObject>
		<node>	disc_3	</node>
		<geometry>
			<vertices>	disc_3_lod2Shape.vertices	</vertices>
			<primitive>	disc_3_lod2Shape.indices	</primitive>
			<primitiveGroup>	0
				<material>
					<identifier>	PROPELLERMAT_propeller	</identifier>
					<mfm>	PnFMods/ModsSDK.zip/BSC206_Devonshire/aircraft/German_Disk_3Blade_03_alpha.mfm	</mfm>
				</material>
			</primitiveGroup>
		</geometry>
	</renderSet>
	<renderSet>
		<treatAsWorldSpaceObject>	false	</treatAsWorldSpaceObject>
		<node>	disc_cap_1	</node>
		<geometry>
			<vertices>	disc_cap_1_lod2Shape.vertices	</vertices>
			<primitive>	disc_cap_1_lod2Shape.indices	</primitive>
			<primitiveGroup>	0
				<material>
					<identifier>	TL2_SHIPMAT_PBS_Hull	</identifier>
					<mfm>	PnFMods/ModsSDK.zip/BSC206_Devonshire/aircraft/BAB712_Short_Sunderland.mfm	</mfm>
				</material>
			</primitiveGroup>
		</geometry>
	</renderSet>
	<renderSet>
		<treatAsWorldSpaceObject>	false	</treatAsWorldSpaceObject>
		<node>	disc_cap_2	</node>
		<geometry>
			<vertices>	disc_cap_2_lod2Shape.vertices	</vertices>
			<primitive>	disc_cap_2_lod2Shape.indices	</primitive>
			<primitiveGroup>	0
				<material>
					<identifier>	TL2_SHIPMAT_PBS_Hull	</identifier>
					<mfm>	PnFMods/ModsSDK.zip/BSC206_Devonshire/aircraft/BAB712_Short_Sunderland.mfm	</mfm>
				</material>
			</primitiveGroup>
		</geometry>
	</renderSet>
	<renderSet>
		<treatAsWorldSpaceObject>	false	</treatAsWorldSpaceObject>
		<node>	disc_cap_3	</node>
		<geometry>
			<vertices>	disc_cap_3_lod2Shape.vertices	</vertices>
			<primitive>	disc_cap_3_lod2Shape.indices	</primitive>
			<primitiveGroup>	0
				<material>
					<identifier>	TL2_SHIPMAT_PBS_Hull	</identifier>
					<mfm>	PnFMods/ModsSDK.zip/BSC206_Devonshire/aircraft/BAB712_Short_Sunderland.mfm	</mfm>
				</material>
			</primitiveGroup>
		</geometry>
	</renderSet>
	<renderSet>
		<treatAsWorldSpaceObject>	false	</treatAsWorldSpaceObject>
		<node>	disc_cap	</node>
		<geometry>
			<vertices>	disc_cap_lod2Shape.vertices	</vertices>
			<primitive>	disc_cap_lod2Shape.indices	</primitive>
			<primitiveGroup>	0
				<material>
					<identifier>	TL2_SHIPMAT_PBS_Hull	</identifier>
					<mfm>	PnFMods/ModsSDK.zip/BSC206_Devonshire/aircraft/BAB712_Short_Sunderland.mfm	</mfm>
				</material>
			</primitiveGroup>
		</geometry>
	</renderSet>
	<renderSet>
		<treatAsWorldSpaceObject>	false	</treatAsWorldSpaceObject>
		<node>	disc	</node>
		<geometry>
			<vertices>	disc_lod2Shape.vertices	</vertices>
			<primitive>	disc_lod2Shape.indices	</primitive>
			<primitiveGroup>	0
				<material>
					<identifier>	PROPELLERMAT_propeller	</identifier>
					<mfm>	PnFMods/ModsSDK.zip/BSC206_Devonshire/aircraft/German_Disk_3Blade_03_alpha.mfm	</mfm>
				</material>
			</primitiveGroup>
		</geometry>
	</renderSet>
	<renderSet>
		<treatAsWorldSpaceObject>	false	</treatAsWorldSpaceObject>
		<node>	hull_wire	</node>
		<geometry>
			<vertices>	hull_wire_lod2Shape.vertices	</vertices>
			<primitive>	hull_wire_lod2Shape.indices	</primitive>
			<primitiveGroup>	0
				<material>
					<identifier>	TL2_SHIPWIRE_PBS_Hull	</identifier>
					<mfm>	PnFMods/ModsSDK.zip/BSC206_Devonshire/aircraft/BAB712_Short_Sunderland_wire.mfm	</mfm>
				</material>
			</primitiveGroup>
		</geometry>
	</renderSet>
	<renderSet>
		<treatAsWorldSpaceObject>	false	</treatAsWorldSpaceObject>
		<node>	mod_1	</node>
		<geometry>
			<vertices>	mod_1_lod2Shape.vertices	</vertices>
			<primitive>	mod_1_lod2Shape.indices	</primitive>
			<primitiveGroup>	0
				<material>
					<identifier>	TL2_SHIPMAT_PBS_Hull	</identifier>
					<mfm>	PnFMods/ModsSDK.zip/BSC206_Devonshire/aircraft/BAB712_Short_Sunderland.mfm	</mfm>
				</material>
			</primitiveGroup>
		</geometry>
	</renderSet>
	<renderSet>
		<treatAsWorldSpaceObject>	false	</treatAsWorldSpaceObject>
		<node>	mod_2	</node>
		<geometry>
			<vertices>	mod_2_lod2Shape.vertices	</vertices>
			<primitive>	mod_2_lod2Shape.indices	</primitive>
			<primitiveGroup>	0
				<material>
					<identifier>	TL2_SHIPMAT_PBS_Hull	</identifier>
					<mfm>	PnFMods/ModsSDK.zip/BSC206_Devonshire/aircraft/BAB712_Short_Sunderland.mfm	</mfm>
				</material>
			</primitiveGroup>
		</geometry>
	</renderSet>
	<renderSet>
		<treatAsWorldSpaceObject>	false	</treatAsWorldSpaceObject>
		<node>	mod_3	</node>
		<geometry>
			<vertices>	mod_3_lod2Shape.vertices	</vertices>
			<primitive>	mod_3_lod2Shape.indices	</primitive>
			<primitiveGroup>	0
				<material>
					<identifier>	TL2_SHIPMAT_PBS_Hull	</identifier>
					<mfm>	PnFMods/ModsSDK.zip/BSC206_Devonshire/aircraft/BAB712_Short_Sunderland.mfm	</mfm>
				</material>
			</primitiveGroup>
		</geometry>
	</renderSet>
	<renderSet>
		<treatAsWorldSpaceObject>	false	</treatAsWorldSpaceObject>
		<node>	mod	</node>
		<geometry>
			<vertices>	mod_lod2Shape.vertices	</vertices>
			<primitive>	mod_lod2Shape.indices	</primitive>
			<primitiveGroup>	0
				<material>
					<identifier>	TL2_SHIPMAT_PBS_Hull	</identifier>
					<mfm>	PnFMods/ModsSDK.zip/BSC206_Devonshire/aircraft/BAB712_Short_Sunderland.mfm	</mfm>
				</material>
			</primitiveGroup>
		</geometry>
	</renderSet>
	<boundingBox>
		<min>	-1.1471 0.0000 -1.0985	</min>
		<max>	1.1463 0.6799 0.6838	</max>
	</boundingBox>
</BAB712_Short_Sunderland_lod2.visual>
