<ASC044_Marblehead_1924_MidFront_ports.visual>
	<node>
		<identifier>	Scene Root	</identifier>
		<transform>
			<row0>	1.0000 0.0000 0.0000 0.0000	</row0>
			<row1>	0.0000 1.0000 0.0000 0.0000	</row1>
			<row2>	0.0000 0.0000 1.0000 0.0000	</row2>
			<row3>	0.0000 0.0000 0.0000 1.0000	</row3>
		</transform>
		<node>
			<identifier>	MidFront_ports	</identifier>
			<transform>
				<row0>	1.0000 0.0000 0.0000 0.0000	</row0>
				<row1>	0.0000 1.0000 0.0000 0.0000	</row1>
				<row2>	0.0000 0.0000 1.0000 0.0000	</row2>
				<row3>	0.0000 0.0000 0.0000 1.0000	</row3>
			</transform>
			<node>
				<identifier>	HP_AD_1	</identifier>
				<transform>
					<row0>	1.0000 0.0000 0.0000 0.0000	</row0>
					<row1>	0.0000 1.0000 0.0000 0.0000	</row1>
					<row2>	0.0000 0.0000 1.0000 0.0000	</row2>
					<row3>	0.0000 1.7522 2.8075 1.0000	</row3>
				</transform>
			</node>
			<node>
				<identifier>	HP_AD_2	</identifier>
				<transform>
					<row0>	1.0000 0.0000 0.0000 0.0000	</row0>
					<row1>	0.0000 1.0000 0.0000 0.0000	</row1>
					<row2>	0.0000 0.0000 1.0000 0.0000	</row2>
					<row3>	0.0000 1.2125 2.6702 1.0000	</row3>
				</transform>
			</node>
			<node>
				<identifier>	HP_AF_1	</identifier>
				<transform>
					<row0>	1.0000 0.0000 0.0000 0.0000	</row0>
					<row1>	0.0000 1.0000 0.0000 0.0000	</row1>
					<row2>	0.0000 0.0000 1.0000 0.0000	</row2>
					<row3>	0.0000 1.1433 2.9942 1.0000	</row3>
				</transform>
			</node>
			<node>
				<identifier>	HP_AGA_1	</identifier>
				<transform>
					<row0>	0.0000 0.0000 1.0000 0.0000	</row0>
					<row1>	0.0000 1.0000 0.0000 0.0000	</row1>
					<row2>	-1.0000 0.0000 0.0000 0.0000	</row2>
					<row3>	-0.4636 0.3793 0.1031 1.0000	</row3>
				</transform>
			</node>
			<node>
				<identifier>	HP_AGA_2	</identifier>
				<transform>
					<row0>	0.0000 0.0000 -1.0000 0.0000	</row0>
					<row1>	0.0000 1.0000 0.0000 0.0000	</row1>
					<row2>	1.0000 0.0000 0.0000 0.0000	</row2>
					<row3>	0.4636 0.3795 0.1031 1.0000	</row3>
				</transform>
			</node>
			<node>
				<identifier>	HP_AGM_1	</identifier>
				<transform>
					<row0>	1.0000 0.0000 0.0000 0.0000	</row0>
					<row1>	0.0000 1.0000 0.0000 0.0000	</row1>
					<row2>	0.0000 0.0000 1.0000 0.0000	</row2>
					<row3>	0.0000 0.5417 4.1117 1.0000	</row3>
				</transform>
			</node>
			<node>
				<identifier>	HP_AGM_2	</identifier>
				<transform>
					<row0>	1.0000 0.0000 0.0000 0.0000	</row0>
					<row1>	0.0000 1.0000 0.0000 0.0000	</row1>
					<row2>	0.0000 0.0000 1.0000 0.0000	</row2>
					<row3>	-0.3668 0.6078 3.2977 1.0000	</row3>
				</transform>
			</node>
			<node>
				<identifier>	HP_AGM_3	</identifier>
				<transform>
					<row0>	1.0000 0.0000 0.0000 0.0000	</row0>
					<row1>	0.0000 1.0000 0.0000 0.0000	</row1>
					<row2>	0.0000 0.0000 1.0000 0.0000	</row2>
					<row3>	0.3668 0.6078 3.2977 1.0000	</row3>
				</transform>
			</node>
			<node>
				<identifier>	HP_AGM_4	</identifier>
				<transform>
					<row0>	1.0000 0.0000 0.0000 0.0000	</row0>
					<row1>	0.0000 1.0000 0.0000 0.0000	</row1>
					<row2>	0.0000 0.0000 1.0000 0.0000	</row2>
					<row3>	-0.2827 0.7719 3.2974 1.0000	</row3>
				</transform>
			</node>
			<node>
				<identifier>	HP_AGM_5	</identifier>
				<transform>
					<row0>	1.0000 0.0000 0.0000 0.0000	</row0>
					<row1>	0.0000 1.0000 0.0000 0.0000	</row1>
					<row2>	0.0000 0.0000 1.0000 0.0000	</row2>
					<row3>	0.2827 0.7719 3.2974 1.0000	</row3>
				</transform>
			</node>
			<node>
				<identifier>	HP_FX_Death_2	</identifier>
				<transform>
					<row0>	1.0000 0.0000 0.0000 0.0000	</row0>
					<row1>	0.0000 1.0000 0.0000 0.0000	</row1>
					<row2>	0.0000 0.0000 1.0000 0.0000	</row2>
					<row3>	0.0000 0.0000 0.0579 1.0000	</row3>
				</transform>
			</node>
			<node>
				<identifier>	HP_FX_Fire_2	</identifier>
				<transform>
					<row0>	1.0000 0.0000 0.0000 0.0000	</row0>
					<row1>	0.0000 1.0000 0.0000 0.0000	</row1>
					<row2>	0.0000 0.0000 1.0000 0.0000	</row2>
					<row3>	0.0000 0.4666 2.1107 1.0000	</row3>
				</transform>
			</node>
			<node>
				<identifier>	HP_FX_Fire_2_side_1	</identifier>
				<transform>
					<row0>	1.0000 0.0000 0.0000 0.0000	</row0>
					<row1>	0.0000 1.0000 0.0000 0.0000	</row1>
					<row2>	0.0000 0.0000 1.0000 0.0000	</row2>
					<row3>	-0.4059 0.6515 2.5238 1.0000	</row3>
				</transform>
			</node>
			<node>
				<identifier>	HP_FX_Fire_2_side_2	</identifier>
				<transform>
					<row0>	1.0000 0.0000 0.0000 0.0000	</row0>
					<row1>	0.0000 1.0000 0.0000 0.0000	</row1>
					<row2>	0.0000 0.0000 1.0000 0.0000	</row2>
					<row3>	0.4763 0.6416 1.0913 1.0000	</row3>
				</transform>
			</node>
			<node>
				<identifier>	HP_FX_FloodLight_left_1	</identifier>
				<transform>
					<row0>	-1.0000 0.0000 0.0000 0.0000	</row0>
					<row1>	0.0000 1.0000 0.0000 0.0000	</row1>
					<row2>	0.0000 0.0000 -1.0000 0.0000	</row2>
					<row3>	-0.1369 0.7836 2.8086 1.0000	</row3>
				</transform>
			</node>
			<node>
				<identifier>	HP_FX_FloodLight_left_2	</identifier>
				<transform>
					<row0>	-1.0000 0.0000 0.0000 0.0000	</row0>
					<row1>	0.0000 1.0000 0.0000 0.0000	</row1>
					<row2>	0.0000 0.0000 -1.0000 0.0000	</row2>
					<row3>	-0.2669 0.5447 0.4308 1.0000	</row3>
				</transform>
			</node>
			<node>
				<identifier>	HP_FX_FloodLight_right_1	</identifier>
				<transform>
					<row0>	1.0000 0.0000 0.0000 0.0000	</row0>
					<row1>	0.0000 1.0000 0.0000 0.0000	</row1>
					<row2>	0.0000 0.0000 1.0000 0.0000	</row2>
					<row3>	0.2659 0.5457 0.5317 1.0000	</row3>
				</transform>
			</node>
			<node>
				<identifier>	HP_FX_FloodLight_right_2	</identifier>
				<transform>
					<row0>	1.0000 0.0000 0.0000 0.0000	</row0>
					<row1>	0.0000 1.0000 0.0000 0.0000	</row1>
					<row2>	0.0000 0.0000 1.0000 0.0000	</row2>
					<row3>	0.1399 0.7866 2.7376 1.0000	</row3>
				</transform>
			</node>
			<node>
				<identifier>	HP_FX_Flood_steam_2	</identifier>
				<transform>
					<row0>	1.0000 0.0000 0.0000 0.0000	</row0>
					<row1>	0.0000 0.8765 -0.4814 0.0000	</row1>
					<row2>	0.0000 0.4814 0.8765 0.0000	</row2>
					<row3>	0.0000 1.1537 1.3970 1.0000	</row3>
				</transform>
			</node>
			<node>
				<identifier>	HP_FX_Flood_steam_3	</identifier>
				<transform>
					<row0>	1.0000 0.0000 0.0000 0.0000	</row0>
					<row1>	0.0000 0.6812 -0.7321 0.0000	</row1>
					<row2>	0.0000 0.7321 0.6812 0.0000	</row2>
					<row3>	0.0000 1.1430 0.7820 1.0000	</row3>
				</transform>
			</node>
			<node>
				<identifier>	HP_FX_Flood_steam_left	</identifier>
				<transform>
					<row0>	-1.0000 0.0000 0.0000 0.0000	</row0>
					<row1>	0.0000 1.0000 0.0000 0.0000	</row1>
					<row2>	0.0000 0.0000 -1.0000 0.0000	</row2>
					<row3>	-0.3713 0.4508 3.7911 1.0000	</row3>
				</transform>
			</node>
			<node>
				<identifier>	HP_FX_Flood_water_left_3	</identifier>
				<transform>
					<row0>	-1.0000 0.0000 0.0000 0.0000	</row0>
					<row1>	0.0000 1.0000 0.0000 0.0000	</row1>
					<row2>	0.0000 0.0000 -1.0000 0.0000	</row2>
					<row3>	-0.5157 0.1029 2.2589 1.0000	</row3>
				</transform>
			</node>
			<node>
				<identifier>	HP_FX_Flood_water_right_3	</identifier>
				<transform>
					<row0>	1.0000 0.0000 0.0000 0.0000	</row0>
					<row1>	0.0000 1.0000 0.0000 0.0000	</row1>
					<row2>	0.0000 0.0000 1.0000 0.0000	</row2>
					<row3>	0.5138 0.1020 2.2590 1.0000	</row3>
				</transform>
			</node>
			<node>
				<identifier>	HP_FX_Smoke_1	</identifier>
				<transform>
					<row0>	1.0000 0.0000 0.0000 0.0000	</row0>
					<row1>	0.0000 1.0000 0.0000 0.0000	</row1>
					<row2>	0.0000 0.0000 1.0000 0.0000	</row2>
					<row3>	0.0085 1.3361 1.5273 1.0000	</row3>
				</transform>
			</node>
			<node>
				<identifier>	HP_FX_Smoke_2	</identifier>
				<transform>
					<row0>	1.0000 0.0000 0.0000 0.0000	</row0>
					<row1>	0.0000 1.0000 0.0000 0.0000	</row1>
					<row2>	0.0000 0.0000 1.0000 0.0000	</row2>
					<row3>	0.0085 1.3329 0.9173 1.0000	</row3>
				</transform>
			</node>
			<node>
				<identifier>	HP_Flagpole	</identifier>
				<transform>
					<row0>	0.7465 0.0000 0.0000 0.0000	</row0>
					<row1>	0.0000 0.7448 -0.0504 0.0000	</row1>
					<row2>	0.0000 0.0504 0.7448 0.0000	</row2>
					<row3>	0.0000 3.6345 2.4876 1.0000	</row3>
				</transform>
			</node>
			<node>
				<identifier>	HP_flag_1	</identifier>
				<transform>
					<row0>	0.9954 -0.0950 0.0121 0.0000	</row0>
					<row1>	0.0924 0.9860 0.1388 0.0000	</row1>
					<row2>	-0.0251 -0.1371 0.9902 0.0000	</row2>
					<row3>	0.3642 2.6070 2.5746 1.0000	</row3>
				</transform>
			</node>
			<node>
				<identifier>	HP_flag_2	</identifier>
				<transform>
					<row0>	0.9957 0.0925 0.0055 0.0000	</row0>
					<row1>	-0.0924 0.9860 0.1388 0.0000	</row1>
					<row2>	0.0074 -0.1387 0.9903 0.0000	</row2>
					<row3>	-0.3642 2.6070 2.5746 1.0000	</row3>
				</transform>
			</node>
			<node>
				<identifier>	HP_flag_3	</identifier>
				<transform>
					<row0>	0.9982 -0.0591 -0.0113 0.0000	</row0>
					<row1>	0.0600 0.9913 0.1176 0.0000	</row1>
					<row2>	0.0042 -0.1180 0.9930 0.0000	</row2>
					<row3>	0.2071 2.6057 2.5402 1.0000	</row3>
				</transform>
			</node>
			<node>
				<identifier>	HP_flag_4	</identifier>
				<transform>
					<row0>	0.9981 0.0608 -0.0039 0.0000	</row0>
					<row1>	-0.0600 0.9913 0.1176 0.0000	</row1>
					<row2>	0.0110 -0.1171 0.9931 0.0000	</row2>
					<row3>	-0.2071 2.6057 2.5402 1.0000	</row3>
				</transform>
			</node>
			<node>
				<identifier>	MP_AM007_Reels_2	</identifier>
				<transform>
					<row0>	0.0000 -1.0000 0.0000 0.0000	</row0>
					<row1>	-1.0000 0.0000 0.0000 0.0000	</row1>
					<row2>	0.0000 0.0000 -1.0000 0.0000	</row2>
					<row3>	-0.4285 0.5126 2.4164 1.0000	</row3>
				</transform>
			</node>
			<node>
				<identifier>	MP_AM007_Reels_2_INDEX_1	</identifier>
				<transform>
					<row0>	0.0000 1.0000 0.0000 0.0000	</row0>
					<row1>	1.0000 0.0000 0.0000 0.0000	</row1>
					<row2>	0.0000 0.0000 -1.0000 0.0000	</row2>
					<row3>	0.4285 0.5126 2.4164 1.0000	</row3>
				</transform>
			</node>
			<node>
				<identifier>	MP_AM010_Speaker_1	</identifier>
				<transform>
					<row0>	-0.8242 0.0000 0.0000 0.0000	</row0>
					<row1>	0.0000 0.7737 0.2841 0.0000	</row1>
					<row2>	0.0000 0.2841 -0.7737 0.0000	</row2>
					<row3>	0.0000 0.9643 3.0788 1.0000	</row3>
				</transform>
			</node>
			<node>
				<identifier>	MP_AM046_Running_Lights_B	</identifier>
				<transform>
					<row0>	1.0000 0.0000 0.0000 0.0000	</row0>
					<row1>	0.0000 1.0000 0.0000 0.0000	</row1>
					<row2>	0.0000 0.0000 1.0000 0.0000	</row2>
					<row3>	-0.0005 1.4792 2.9647 1.0000	</row3>
				</transform>
			</node>
			<node>
				<identifier>	MP_AM047_Running_Lights_R	</identifier>
				<transform>
					<row0>	1.0000 0.0000 0.0000 0.0000	</row0>
					<row1>	0.0000 1.0000 0.0000 0.0000	</row1>
					<row2>	0.0000 0.0000 1.0000 0.0000	</row2>
					<row3>	0.3508 1.0097 2.3573 1.0000	</row3>
				</transform>
			</node>
			<node>
				<identifier>	MP_AM047_Running_Lights_R_INDEX_1	</identifier>
				<transform>
					<row0>	1.0000 0.0000 0.0000 0.0000	</row0>
					<row1>	0.0000 1.0000 0.0000 0.0000	</row1>
					<row2>	0.0000 0.0000 1.0000 0.0000	</row2>
					<row3>	0.3508 1.0494 2.3573 1.0000	</row3>
				</transform>
			</node>
			<node>
				<identifier>	MP_AM048_Running_Lights_L	</identifier>
				<transform>
					<row0>	1.0000 0.0000 0.0000 0.0000	</row0>
					<row1>	0.0000 1.0000 0.0000 0.0000	</row1>
					<row2>	0.0000 0.0000 1.0000 0.0000	</row2>
					<row3>	-0.3509 1.0108 2.3574 1.0000	</row3>
				</transform>
			</node>
			<node>
				<identifier>	MP_AM048_Running_Lights_L_INDEX_1	</identifier>
				<transform>
					<row0>	1.0000 0.0000 0.0000 0.0000	</row0>
					<row1>	0.0000 1.0000 0.0000 0.0000	</row1>
					<row2>	0.0000 0.0000 1.0000 0.0000	</row2>
					<row3>	-0.3509 1.0496 2.3574 1.0000	</row3>
				</transform>
			</node>
			<node>
				<identifier>	MP_AM049_Signal_Lamp_1	</identifier>
				<transform>
					<row0>	0.5163 0.0000 -0.1277 0.0000	</row0>
					<row1>	0.0000 0.5319 0.0000 0.0000	</row1>
					<row2>	0.1277 0.0000 0.5163 0.0000	</row2>
					<row3>	0.4027 2.6359 2.6063 1.0000	</row3>
				</transform>
			</node>
			<node>
				<identifier>	MP_AM049_Signal_Lamp_1_INDEX_1	</identifier>
				<transform>
					<row0>	0.5163 0.0000 0.1277 0.0000	</row0>
					<row1>	0.0000 0.5319 0.0000 0.0000	</row1>
					<row2>	-0.1277 0.0000 0.5163 0.0000	</row2>
					<row3>	-0.4027 2.6359 2.6063 1.0000	</row3>
				</transform>
			</node>
			<node>
				<identifier>	MP_AM072_Ships_bell	</identifier>
				<transform>
					<row0>	1.0000 0.0000 0.0000 0.0000	</row0>
					<row1>	0.0000 1.0000 0.0000 0.0000	</row1>
					<row2>	0.0000 0.0000 1.0000 0.0000	</row2>
					<row3>	0.0000 1.4826 2.9178 1.0000	</row3>
				</transform>
			</node>
			<node>
				<identifier>	MP_AM077_Paravane	</identifier>
				<transform>
					<row0>	0.9659 0.0000 0.2588 0.0000	</row0>
					<row1>	0.0000 1.0000 0.0000 0.0000	</row1>
					<row2>	-0.2588 0.0000 0.9659 0.0000	</row2>
					<row3>	0.2994 0.5296 3.6923 1.0000	</row3>
				</transform>
			</node>
			<node>
				<identifier>	MP_AM077_Paravane_INDEX_1	</identifier>
				<transform>
					<row0>	0.9659 0.0000 -0.2588 0.0000	</row0>
					<row1>	0.0000 1.0000 0.0000 0.0000	</row1>
					<row2>	0.2588 0.0000 0.9659 0.0000	</row2>
					<row3>	-0.2994 0.5296 3.6923 1.0000	</row3>
				</transform>
			</node>
			<node>
				<identifier>	MP_AM093_Motor_boat_35ft	</identifier>
				<transform>
					<row0>	-0.9981 0.0012 0.0619 0.0000	</row0>
					<row1>	0.0003 0.9999 -0.0147 0.0000	</row1>
					<row2>	-0.0619 -0.0146 -0.9980 0.0000	</row2>
					<row3>	-0.3967 0.5426 1.9492 1.0000	</row3>
				</transform>
			</node>
			<node>
				<identifier>	MP_AM093_Motor_boat_35ft_INDEX_1	</identifier>
				<transform>
					<row0>	-0.9981 -0.0012 -0.0619 0.0000	</row0>
					<row1>	-0.0003 0.9999 -0.0147 0.0000	</row1>
					<row2>	0.0619 -0.0146 -0.9980 0.0000	</row2>
					<row3>	0.3967 0.5426 1.9492 1.0000	</row3>
				</transform>
			</node>
			<node>
				<identifier>	MP_AM094_Motor_launch_36ft	</identifier>
				<transform>
					<row0>	-0.9598 -0.2747 -0.0570 0.0000	</row0>
					<row1>	-0.2735 0.9614 -0.0286 0.0000	</row1>
					<row2>	0.0627 -0.0119 -0.9980 0.0000	</row2>
					<row3>	0.4727 0.6088 1.0392 1.0000	</row3>
				</transform>
			</node>
			<node>
				<identifier>	MP_AM094_Motor_launch_36ft_INDEX_1	</identifier>
				<transform>
					<row0>	-0.9598 0.2747 0.0570 0.0000	</row0>
					<row1>	0.2735 0.9614 -0.0286 0.0000	</row1>
					<row2>	-0.0627 -0.0119 -0.9980 0.0000	</row2>
					<row3>	-0.4727 0.6088 1.0392 1.0000	</row3>
				</transform>
			</node>
			<node>
				<identifier>	MP_AM108_Reels_4	</identifier>
				<transform>
					<row0>	-1.0000 0.0000 0.0000 0.0000	</row0>
					<row1>	0.0000 1.0000 0.0000 0.0000	</row1>
					<row2>	0.0000 0.0000 -1.0000 0.0000	</row2>
					<row3>	-0.1411 0.5939 1.3008 1.0000	</row3>
				</transform>
			</node>
			<node>
				<identifier>	MP_AM108_Reels_4_INDEX_1	</identifier>
				<transform>
					<row0>	-1.0000 0.0000 0.0000 0.0000	</row0>
					<row1>	0.0000 1.0000 0.0000 0.0000	</row1>
					<row2>	0.0000 0.0000 -1.0000 0.0000	</row2>
					<row3>	0.1411 0.5939 1.3008 1.0000	</row3>
				</transform>
			</node>
			<node>
				<identifier>	MP_AM108_Reels_4_INDEX_2	</identifier>
				<transform>
					<row0>	0.6000 0.0000 0.0000 0.0000	</row0>
					<row1>	0.0000 0.6000 0.0000 0.0000	</row1>
					<row2>	0.0000 0.0000 0.6000 0.0000	</row2>
					<row3>	0.2356 0.5100 3.6262 1.0000	</row3>
				</transform>
			</node>
			<node>
				<identifier>	MP_AM132_Flag_Box	</identifier>
				<transform>
					<row0>	1.0748 0.0000 0.0000 0.0000	</row0>
					<row1>	0.0000 1.0748 0.0000 0.0000	</row1>
					<row2>	0.0000 0.0000 1.0748 0.0000	</row2>
					<row3>	-0.1573 1.0346 2.3232 1.0000	</row3>
				</transform>
			</node>
			<node>
				<identifier>	MP_AM132_Flag_Box_INDEX_1	</identifier>
				<transform>
					<row0>	1.0748 0.0000 0.0000 0.0000	</row0>
					<row1>	0.0000 1.0748 0.0000 0.0000	</row1>
					<row2>	0.0000 0.0000 1.0748 0.0000	</row2>
					<row3>	0.1573 1.0346 2.3232 1.0000	</row3>
				</transform>
			</node>
			<node>
				<identifier>	MP_AM142_Running_Lights_FW	</identifier>
				<transform>
					<row0>	1.0000 0.0000 0.0000 0.0000	</row0>
					<row1>	0.0000 1.0000 0.0000 0.0000	</row1>
					<row2>	0.0000 0.0000 1.0000 0.0000	</row2>
					<row3>	0.0000 1.9011 2.9631 1.0000	</row3>
				</transform>
			</node>
			<node>
				<identifier>	MP_AM143_Signal_Lamp_R	</identifier>
				<transform>
					<row0>	0.5196 0.0000 0.1137 0.0000	</row0>
					<row1>	0.0000 0.5319 0.0000 0.0000	</row1>
					<row2>	-0.1137 0.0000 0.5196 0.0000	</row2>
					<row3>	-0.2817 2.6359 2.6367 1.0000	</row3>
				</transform>
			</node>
			<node>
				<identifier>	MP_AM143_Signal_Lamp_R_INDEX_1	</identifier>
				<transform>
					<row0>	0.5196 0.0000 -0.1137 0.0000	</row0>
					<row1>	0.0000 0.5319 0.0000 0.0000	</row1>
					<row2>	0.1137 0.0000 0.5196 0.0000	</row2>
					<row3>	0.2817 2.6359 2.6367 1.0000	</row3>
				</transform>
			</node>
			<node>
				<identifier>	MP_AM144_Signal_Lamp_L	</identifier>
				<transform>
					<row0>	0.5189 0.0000 0.1166 0.0000	</row0>
					<row1>	0.0000 0.5319 0.0000 0.0000	</row1>
					<row2>	-0.1166 0.0000 0.5189 0.0000	</row2>
					<row3>	-0.3425 2.6359 2.6214 1.0000	</row3>
				</transform>
			</node>
			<node>
				<identifier>	MP_AM144_Signal_Lamp_L_INDEX_1	</identifier>
				<transform>
					<row0>	0.5189 0.0000 -0.1166 0.0000	</row0>
					<row1>	0.0000 0.5319 0.0000 0.0000	</row1>
					<row2>	0.1166 0.0000 0.5189 0.0000	</row2>
					<row3>	0.3425 2.6359 2.6214 1.0000	</row3>
				</transform>
			</node>
			<node>
				<identifier>	MP_AM156_Switch_Panel_3	</identifier>
				<transform>
					<row0>	0.0000 0.0000 -1.0000 0.0000	</row0>
					<row1>	0.0000 1.0000 0.0000 0.0000	</row1>
					<row2>	1.0000 0.0000 0.0000 0.0000	</row2>
					<row3>	0.0831 1.8218 2.8623 1.0000	</row3>
				</transform>
			</node>
			<node>
				<identifier>	MP_AM156_Switch_Panel_3_INDEX_1	</identifier>
				<transform>
					<row0>	1.0000 0.0000 0.0000 0.0000	</row0>
					<row1>	0.0000 1.0000 0.0000 0.0000	</row1>
					<row2>	0.0000 0.0000 1.0000 0.0000	</row2>
					<row3>	0.0000 1.8257 2.9411 1.0000	</row3>
				</transform>
			</node>
			<node>
				<identifier>	MP_AM159_Voice_Tube	</identifier>
				<transform>
					<row0>	-0.9914 0.0000 0.1309 0.0000	</row0>
					<row1>	0.0000 1.0000 0.0000 0.0000	</row1>
					<row2>	-0.1309 0.0000 -0.9914 0.0000	</row2>
					<row3>	0.0139 0.7723 3.0690 1.0000	</row3>
				</transform>
			</node>
			<node>
				<identifier>	MP_AM159_Voice_Tube_INDEX_1	</identifier>
				<transform>
					<row0>	-0.7770 0.0000 -0.6295 0.0000	</row0>
					<row1>	0.0000 1.0000 0.0000 0.0000	</row1>
					<row2>	0.6295 0.0000 -0.7770 0.0000	</row2>
					<row3>	-0.0942 1.4978 2.6052 1.0000	</row3>
				</transform>
			</node>
			<node>
				<identifier>	MP_AM159_Voice_Tube_INDEX_10	</identifier>
				<transform>
					<row0>	-0.5334 0.0000 0.8459 0.0000	</row0>
					<row1>	0.0000 1.0000 0.0000 0.0000	</row1>
					<row2>	-0.8459 0.0000 -0.5334 0.0000	</row2>
					<row3>	-0.0787 1.7523 2.7121 1.0000	</row3>
				</transform>
			</node>
			<node>
				<identifier>	MP_AM159_Voice_Tube_INDEX_11	</identifier>
				<transform>
					<row0>	0.9777 0.0000 0.2099 0.0000	</row0>
					<row1>	0.0000 1.0000 0.0000 0.0000	</row1>
					<row2>	-0.2099 0.0000 0.9777 0.0000	</row2>
					<row3>	-0.0084 1.4978 2.7538 1.0000	</row3>
				</transform>
			</node>
			<node>
				<identifier>	MP_AM159_Voice_Tube_INDEX_12	</identifier>
				<transform>
					<row0>	-0.5334 0.0000 -0.8459 0.0000	</row0>
					<row1>	0.0000 1.0000 0.0000 0.0000	</row1>
					<row2>	0.8459 0.0000 -0.5334 0.0000	</row2>
					<row3>	0.0787 1.7523 2.7983 1.0000	</row3>
				</transform>
			</node>
			<node>
				<identifier>	MP_AM159_Voice_Tube_INDEX_13	</identifier>
				<transform>
					<row0>	0.4305 0.0000 0.9026 0.0000	</row0>
					<row1>	0.0000 1.0000 0.0000 0.0000	</row1>
					<row2>	-0.9026 0.0000 0.4305 0.0000	</row2>
					<row3>	-0.4160 0.7723 3.0655 1.0000	</row3>
				</transform>
			</node>
			<node>
				<identifier>	MP_AM159_Voice_Tube_INDEX_14	</identifier>
				<transform>
					<row0>	-0.6200 0.0000 0.7846 0.0000	</row0>
					<row1>	0.0000 1.0000 0.0000 0.0000	</row1>
					<row2>	-0.7846 0.0000 -0.6200 0.0000	</row2>
					<row3>	0.0424 1.4978 2.6416 1.0000	</row3>
				</transform>
			</node>
			<node>
				<identifier>	MP_AM159_Voice_Tube_INDEX_15	</identifier>
				<transform>
					<row0>	-0.5334 0.0000 0.8459 0.0000	</row0>
					<row1>	0.0000 1.0000 0.0000 0.0000	</row1>
					<row2>	-0.8459 0.0000 -0.5334 0.0000	</row2>
					<row3>	-0.0787 1.7523 2.7253 1.0000	</row3>
				</transform>
			</node>
			<node>
				<identifier>	MP_AM159_Voice_Tube_INDEX_16	</identifier>
				<transform>
					<row0>	-0.5334 0.0000 -0.8459 0.0000	</row0>
					<row1>	0.0000 1.0000 0.0000 0.0000	</row1>
					<row2>	0.8459 0.0000 -0.5334 0.0000	</row2>
					<row3>	0.0787 1.7523 2.7371 1.0000	</row3>
				</transform>
			</node>
			<node>
				<identifier>	MP_AM159_Voice_Tube_INDEX_17	</identifier>
				<transform>
					<row0>	-0.5334 0.0000 -0.8459 0.0000	</row0>
					<row1>	0.0000 1.0000 0.0000 0.0000	</row1>
					<row2>	0.8459 0.0000 -0.5334 0.0000	</row2>
					<row3>	0.0787 1.7523 2.7827 1.0000	</row3>
				</transform>
			</node>
			<node>
				<identifier>	MP_AM159_Voice_Tube_INDEX_18	</identifier>
				<transform>
					<row0>	-0.5334 0.0000 -0.8459 0.0000	</row0>
					<row1>	0.0000 1.0000 0.0000 0.0000	</row1>
					<row2>	0.8459 0.0000 -0.5334 0.0000	</row2>
					<row3>	0.0787 1.7523 2.7529 1.0000	</row3>
				</transform>
			</node>
			<node>
				<identifier>	MP_AM159_Voice_Tube_INDEX_19	</identifier>
				<transform>
					<row0>	-1.0000 0.0000 0.0000 0.0000	</row0>
					<row1>	0.0000 1.0000 0.0000 0.0000	</row1>
					<row2>	0.0000 0.0000 -1.0000 0.0000	</row2>
					<row3>	0.0000 0.7723 3.0705 1.0000	</row3>
				</transform>
			</node>
			<node>
				<identifier>	MP_AM159_Voice_Tube_INDEX_2	</identifier>
				<transform>
					<row0>	0.9281 0.0000 0.3724 0.0000	</row0>
					<row1>	0.0000 1.0000 0.0000 0.0000	</row1>
					<row2>	-0.3724 0.0000 0.9281 0.0000	</row2>
					<row3>	0.1008 1.4981 2.7113 1.0000	</row3>
				</transform>
			</node>
			<node>
				<identifier>	MP_AM159_Voice_Tube_INDEX_20	</identifier>
				<transform>
					<row0>	0.4305 0.0000 0.9026 0.0000	</row0>
					<row1>	0.0000 1.0000 0.0000 0.0000	</row1>
					<row2>	-0.9026 0.0000 0.4305 0.0000	</row2>
					<row3>	-0.4251 0.7723 3.0490 1.0000	</row3>
				</transform>
			</node>
			<node>
				<identifier>	MP_AM159_Voice_Tube_INDEX_21	</identifier>
				<transform>
					<row0>	0.0000 0.0000 1.0000 0.0000	</row0>
					<row1>	0.0000 1.0000 0.0000 0.0000	</row1>
					<row2>	-1.0000 0.0000 0.0000 0.0000	</row2>
					<row3>	-0.1395 1.1423 2.8962 1.0000	</row3>
				</transform>
			</node>
			<node>
				<identifier>	MP_AM159_Voice_Tube_INDEX_22	</identifier>
				<transform>
					<row0>	0.9777 0.0000 -0.2099 0.0000	</row0>
					<row1>	0.0000 1.0000 0.0000 0.0000	</row1>
					<row2>	0.2099 0.0000 0.9777 0.0000	</row2>
					<row3>	0.0083 1.4978 2.7557 1.0000	</row3>
				</transform>
			</node>
			<node>
				<identifier>	MP_AM159_Voice_Tube_INDEX_23	</identifier>
				<transform>
					<row0>	1.0000 0.0000 0.0000 0.0000	</row0>
					<row1>	0.0000 1.0000 0.0000 0.0000	</row1>
					<row2>	0.0000 0.0000 1.0000 0.0000	</row2>
					<row3>	0.0242 1.7531 2.9364 1.0000	</row3>
				</transform>
			</node>
			<node>
				<identifier>	MP_AM159_Voice_Tube_INDEX_24	</identifier>
				<transform>
					<row0>	-0.5334 0.0000 0.8459 0.0000	</row0>
					<row1>	0.0000 1.0000 0.0000 0.0000	</row1>
					<row2>	-0.8459 0.0000 -0.5334 0.0000	</row2>
					<row3>	-0.0787 1.7523 2.6986 1.0000	</row3>
				</transform>
			</node>
			<node>
				<identifier>	MP_AM159_Voice_Tube_INDEX_25	</identifier>
				<transform>
					<row0>	-0.5334 0.0000 -0.8459 0.0000	</row0>
					<row1>	0.0000 1.0000 0.0000 0.0000	</row1>
					<row2>	0.8459 0.0000 -0.5334 0.0000	</row2>
					<row3>	0.0787 1.7523 2.8116 1.0000	</row3>
				</transform>
			</node>
			<node>
				<identifier>	MP_AM159_Voice_Tube_INDEX_26	</identifier>
				<transform>
					<row0>	-0.7770 0.0000 0.6295 0.0000	</row0>
					<row1>	0.0000 1.0000 0.0000 0.0000	</row1>
					<row2>	-0.6295 0.0000 -0.7770 0.0000	</row2>
					<row3>	0.0942 1.4978 2.6052 1.0000	</row3>
				</transform>
			</node>
			<node>
				<identifier>	MP_AM159_Voice_Tube_INDEX_27	</identifier>
				<transform>
					<row0>	1.0000 0.0000 0.0000 0.0000	</row0>
					<row1>	0.0000 1.0000 0.0000 0.0000	</row1>
					<row2>	0.0000 0.0000 1.0000 0.0000	</row2>
					<row3>	-0.0242 1.7531 2.9364 1.0000	</row3>
				</transform>
			</node>
			<node>
				<identifier>	MP_AM159_Voice_Tube_INDEX_28	</identifier>
				<transform>
					<row0>	0.9281 0.0000 -0.3724 0.0000	</row0>
					<row1>	0.0000 1.0000 0.0000 0.0000	</row1>
					<row2>	0.3724 0.0000 0.9281 0.0000	</row2>
					<row3>	-0.1008 1.4977 2.7113 1.0000	</row3>
				</transform>
			</node>
			<node>
				<identifier>	MP_AM159_Voice_Tube_INDEX_29	</identifier>
				<transform>
					<row0>	0.6572 0.0000 0.7537 0.0000	</row0>
					<row1>	0.0000 1.0000 0.0000 0.0000	</row1>
					<row2>	-0.7537 0.0000 0.6572 0.0000	</row2>
					<row3>	-0.0478 1.2116 2.6439 1.0000	</row3>
				</transform>
			</node>
			<node>
				<identifier>	MP_AM159_Voice_Tube_INDEX_3	</identifier>
				<transform>
					<row0>	0.4305 0.0000 -0.9026 0.0000	</row0>
					<row1>	0.0000 1.0000 0.0000 0.0000	</row1>
					<row2>	0.9026 0.0000 0.4305 0.0000	</row2>
					<row3>	0.4160 0.7723 3.0655 1.0000	</row3>
				</transform>
			</node>
			<node>
				<identifier>	MP_AM159_Voice_Tube_INDEX_4	</identifier>
				<transform>
					<row0>	-0.5334 0.0000 0.8459 0.0000	</row0>
					<row1>	0.0000 1.0000 0.0000 0.0000	</row1>
					<row2>	-0.8459 0.0000 -0.5334 0.0000	</row2>
					<row3>	-0.0787 1.7523 2.7545 1.0000	</row3>
				</transform>
			</node>
			<node>
				<identifier>	MP_AM159_Voice_Tube_INDEX_5	</identifier>
				<transform>
					<row0>	-0.9914 0.0000 -0.1309 0.0000	</row0>
					<row1>	0.0000 1.0000 0.0000 0.0000	</row1>
					<row2>	0.1309 0.0000 -0.9914 0.0000	</row2>
					<row3>	-0.0139 0.7723 3.0690 1.0000	</row3>
				</transform>
			</node>
			<node>
				<identifier>	MP_AM159_Voice_Tube_INDEX_6	</identifier>
				<transform>
					<row0>	0.0000 0.0000 -1.0000 0.0000	</row0>
					<row1>	0.0000 1.0000 0.0000 0.0000	</row1>
					<row2>	1.0000 0.0000 0.0000 0.0000	</row2>
					<row3>	0.1395 1.1423 2.8962 1.0000	</row3>
				</transform>
			</node>
			<node>
				<identifier>	MP_AM159_Voice_Tube_INDEX_7	</identifier>
				<transform>
					<row0>	-0.5334 0.0000 0.8459 0.0000	</row0>
					<row1>	0.0000 1.0000 0.0000 0.0000	</row1>
					<row2>	-0.8459 0.0000 -0.5334 0.0000	</row2>
					<row3>	-0.0787 1.7523 2.7401 1.0000	</row3>
				</transform>
			</node>
			<node>
				<identifier>	MP_AM159_Voice_Tube_INDEX_8	</identifier>
				<transform>
					<row0>	-0.5334 0.0000 -0.8459 0.0000	</row0>
					<row1>	0.0000 1.0000 0.0000 0.0000	</row1>
					<row2>	0.8459 0.0000 -0.5334 0.0000	</row2>
					<row3>	0.0787 1.7523 2.7668 1.0000	</row3>
				</transform>
			</node>
			<node>
				<identifier>	MP_AM159_Voice_Tube_INDEX_9	</identifier>
				<transform>
					<row0>	0.4305 0.0000 -0.9026 0.0000	</row0>
					<row1>	0.0000 1.0000 0.0000 0.0000	</row1>
					<row2>	0.9026 0.0000 0.4305 0.0000	</row2>
					<row3>	0.4251 0.7723 3.0490 1.0000	</row3>
				</transform>
			</node>
			<node>
				<identifier>	MP_AM173_Insulator_1	</identifier>
				<transform>
					<row0>	1.0000 0.0000 0.0000 0.0000	</row0>
					<row1>	0.0000 0.0000 1.0000 0.0000	</row1>
					<row2>	0.0000 -1.0000 0.0000 0.0000	</row2>
					<row3>	0.1750 0.5991 0.7691 1.0000	</row3>
				</transform>
			</node>
			<node>
				<identifier>	MP_AM173_Insulator_1_INDEX_1	</identifier>
				<transform>
					<row0>	1.0000 0.0000 0.0000 0.0000	</row0>
					<row1>	0.0000 0.0000 1.0000 0.0000	</row1>
					<row2>	0.0000 -1.0000 0.0000 0.0000	</row2>
					<row3>	-0.1750 0.5991 0.7691 1.0000	</row3>
				</transform>
			</node>
			<node>
				<identifier>	MP_AM219_Bollard	</identifier>
				<transform>
					<row0>	-0.9986 0.0018 0.0523 0.0000	</row0>
					<row1>	0.0000 0.9994 -0.0349 0.0000	</row1>
					<row2>	-0.0523 -0.0349 -0.9980 0.0000	</row2>
					<row3>	-0.4970 0.4178 1.4517 1.0000	</row3>
				</transform>
			</node>
			<node>
				<identifier>	MP_AM219_Bollard_INDEX_1	</identifier>
				<transform>
					<row0>	0.9952 -0.0031 -0.0975 0.0000	</row0>
					<row1>	0.0000 0.9995 -0.0315 0.0000	</row1>
					<row2>	0.0975 0.0314 0.9947 0.0000	</row2>
					<row3>	-0.2700 0.5457 4.3981 1.0000	</row3>
				</transform>
			</node>
			<node>
				<identifier>	MP_AM219_Bollard_INDEX_2	</identifier>
				<transform>
					<row0>	1.0000 0.0000 0.0000 0.0000	</row0>
					<row1>	0.0000 0.9994 -0.0349 0.0000	</row1>
					<row2>	0.0000 0.0349 0.9994 0.0000	</row2>
					<row3>	0.0000 0.5169 3.6968 1.0000	</row3>
				</transform>
			</node>
			<node>
				<identifier>	MP_AM219_Bollard_INDEX_3	</identifier>
				<transform>
					<row0>	-0.9986 -0.0018 -0.0523 0.0000	</row0>
					<row1>	0.0000 0.9994 -0.0349 0.0000	</row1>
					<row2>	0.0523 -0.0349 -0.9980 0.0000	</row2>
					<row3>	0.4970 0.4178 1.4517 1.0000	</row3>
				</transform>
			</node>
			<node>
				<identifier>	MP_AM223_Boat_Winch	</identifier>
				<transform>
					<row0>	0.0000 0.0399 1.1993 0.0000	</row0>
					<row1>	-0.0002 1.1993 -0.0399 0.0000	</row1>
					<row2>	-1.2000 -0.0002 0.0000 0.0000	</row2>
					<row3>	0.0000 0.4322 1.8554 1.0000	</row3>
				</transform>
			</node>
			<node>
				<identifier>	MP_AM224_Ammunition_Box	</identifier>
				<transform>
					<row0>	1.0000 0.0000 0.0000 0.0000	</row0>
					<row1>	0.0000 1.0000 0.0000 0.0000	</row1>
					<row2>	0.0000 0.0000 1.0000 0.0000	</row2>
					<row3>	-0.1372 0.4480 2.3928 1.0000	</row3>
				</transform>
			</node>
			<node>
				<identifier>	MP_AM224_Ammunition_Box_INDEX_1	</identifier>
				<transform>
					<row0>	1.0000 0.0000 0.0000 0.0000	</row0>
					<row1>	0.0000 1.0000 0.0000 0.0000	</row1>
					<row2>	0.0000 0.0000 1.0000 0.0000	</row2>
					<row3>	0.1637 0.6353 2.8769 1.0000	</row3>
				</transform>
			</node>
			<node>
				<identifier>	MP_AM224_Ammunition_Box_INDEX_2	</identifier>
				<transform>
					<row0>	0.0000 0.0000 -1.0000 0.0000	</row0>
					<row1>	0.0000 1.0000 0.0000 0.0000	</row1>
					<row2>	1.0000 0.0000 0.0000 0.0000	</row2>
					<row3>	-0.2804 0.3927 0.6575 1.0000	</row3>
				</transform>
			</node>
			<node>
				<identifier>	MP_AM224_Ammunition_Box_INDEX_3	</identifier>
				<transform>
					<row0>	1.0000 0.0000 0.0000 0.0000	</row0>
					<row1>	0.0000 1.0000 0.0000 0.0000	</row1>
					<row2>	0.0000 0.0000 1.0000 0.0000	</row2>
					<row3>	-0.1637 0.6353 2.8769 1.0000	</row3>
				</transform>
			</node>
			<node>
				<identifier>	MP_AM224_Ammunition_Box_INDEX_4	</identifier>
				<transform>
					<row0>	0.0000 0.0000 1.0000 0.0000	</row0>
					<row1>	0.0000 1.0000 0.0000 0.0000	</row1>
					<row2>	-1.0000 0.0000 0.0000 0.0000	</row2>
					<row3>	0.2786 0.3879 0.4262 1.0000	</row3>
				</transform>
			</node>
			<node>
				<identifier>	MP_AM233_Ammunition_Box	</identifier>
				<transform>
					<row0>	1.0000 0.0000 0.0000 0.0000	</row0>
					<row1>	0.0000 1.4000 0.0000 0.0000	</row1>
					<row2>	0.0000 0.0000 1.0000 0.0000	</row2>
					<row3>	0.1164 0.7725 3.5233 1.0000	</row3>
				</transform>
			</node>
			<node>
				<identifier>	MP_AM242_fairlead	</identifier>
				<transform>
					<row0>	0.7361 -0.0025 -0.0734 0.0000	</row0>
					<row1>	-0.0012 0.7389 -0.0363 0.0000	</row1>
					<row2>	0.0734 0.0362 0.7352 0.0000	</row2>
					<row3>	-0.3168 0.5456 4.2260 1.0000	</row3>
				</transform>
			</node>
			<node>
				<identifier>	MP_AM242_fairlead_INDEX_1	</identifier>
				<transform>
					<row0>	0.7361 0.0025 0.0734 0.0000	</row0>
					<row1>	0.0012 0.7389 -0.0363 0.0000	</row1>
					<row2>	-0.0734 0.0362 0.7352 0.0000	</row2>
					<row3>	0.3168 0.5471 4.2260 1.0000	</row3>
				</transform>
			</node>
			<node>
				<identifier>	MP_AM247_Ammunition_Box	</identifier>
				<transform>
					<row0>	0.0000 0.0000 -1.1722 0.0000	</row0>
					<row1>	0.0000 1.1722 0.0000 0.0000	</row1>
					<row2>	1.1722 0.0000 0.0000 0.0000	</row2>
					<row3>	0.1182 0.6099 0.7434 1.0000	</row3>
				</transform>
			</node>
			<node>
				<identifier>	MP_AM247_Ammunition_Box_INDEX_1	</identifier>
				<transform>
					<row0>	1.1722 0.0000 0.0000 0.0000	</row0>
					<row1>	0.0000 1.1722 0.0000 0.0000	</row1>
					<row2>	0.0000 0.0000 1.1722 0.0000	</row2>
					<row3>	-0.0034 0.6075 0.6040 1.0000	</row3>
				</transform>
			</node>
			<node>
				<identifier>	MP_AM249_Ammunition_Box	</identifier>
				<transform>
					<row0>	0.0000 0.0000 1.0000 0.0000	</row0>
					<row1>	0.0000 1.0000 0.0000 0.0000	</row1>
					<row2>	-1.0000 0.0000 0.0000 0.0000	</row2>
					<row3>	-0.0469 0.7731 3.4673 1.0000	</row3>
				</transform>
			</node>
			<node>
				<identifier>	MP_AM249_Ammunition_Box_INDEX_1	</identifier>
				<transform>
					<row0>	0.0000 0.0000 -1.0000 0.0000	</row0>
					<row1>	0.0000 1.0000 0.0000 0.0000	</row1>
					<row2>	1.0000 0.0000 0.0000 0.0000	</row2>
					<row3>	0.0461 0.7731 3.4673 1.0000	</row3>
				</transform>
			</node>
			<node>
				<identifier>	MP_AM332_Davit	</identifier>
				<transform>
					<row0>	0.0000 0.9998 -0.0209 0.0000	</row0>
					<row1>	0.0000 0.0209 0.9998 0.0000	</row1>
					<row2>	1.0000 0.0000 0.0000 0.0000	</row2>
					<row3>	-0.2659 0.6036 0.0766 1.0000	</row3>
				</transform>
			</node>
			<node>
				<identifier>	MP_AM332_Davit_INDEX_1	</identifier>
				<transform>
					<row0>	0.0000 1.0000 -0.0058 0.0000	</row0>
					<row1>	0.0000 -0.0058 -1.0000 0.0000	</row1>
					<row2>	-1.0000 0.0000 0.0000 0.0000	</row2>
					<row3>	0.2481 0.6064 0.2750 1.0000	</row3>
				</transform>
			</node>
			<node>
				<identifier>	MP_AM340_Whaleboat_16ft	</identifier>
				<transform>
					<row0>	0.9995 -0.0014 -0.0320 0.0000	</row0>
					<row1>	0.0010 0.9999 -0.0126 0.0000	</row1>
					<row2>	0.0320 0.0126 0.9994 0.0000	</row2>
					<row3>	-0.5115 0.4427 0.4714 1.0000	</row3>
				</transform>
			</node>
			<node>
				<identifier>	MP_AM340_Whaleboat_16ft_INDEX_1	</identifier>
				<transform>
					<row0>	0.9995 0.0014 0.0320 0.0000	</row0>
					<row1>	-0.0010 0.9999 -0.0126 0.0000	</row1>
					<row2>	-0.0320 0.0126 0.9994 0.0000	</row2>
					<row3>	0.5115 0.4427 0.4714 1.0000	</row3>
				</transform>
			</node>
			<node>
				<identifier>	MP_AM347_Fairlead	</identifier>
				<transform>
					<row0>	0.6417 0.0054 -0.0943 0.0000	</row0>
					<row1>	-0.0092 0.6480 -0.0258 0.0000	</row1>
					<row2>	0.0940 0.0268 0.6412 0.0000	</row2>
					<row3>	-0.3783 0.5154 3.5879 1.0000	</row3>
				</transform>
			</node>
			<node>
				<identifier>	MP_AM347_Fairlead_INDEX_1	</identifier>
				<transform>
					<row0>	0.6478 0.0000 -0.0329 0.0000	</row0>
					<row1>	-0.0013 0.6481 -0.0262 0.0000	</row1>
					<row2>	0.0329 0.0263 0.6472 0.0000	</row2>
					<row3>	-0.5105 0.4395 1.9167 1.0000	</row3>
				</transform>
			</node>
			<node>
				<identifier>	MP_AM347_Fairlead_INDEX_2	</identifier>
				<transform>
					<row0>	0.6484 0.0004 -0.0166 0.0000	</row0>
					<row1>	-0.0009 0.6484 -0.0182 0.0000	</row1>
					<row2>	0.0166 0.0182 0.6481 0.0000	</row2>
					<row3>	-0.5536 0.4078 0.9782 1.0000	</row3>
				</transform>
			</node>
			<node>
				<identifier>	MP_AM347_Fairlead_INDEX_3	</identifier>
				<transform>
					<row0>	0.6484 -0.0004 0.0166 0.0000	</row0>
					<row1>	0.0009 0.6484 -0.0182 0.0000	</row1>
					<row2>	-0.0166 0.0182 0.6481 0.0000	</row2>
					<row3>	0.5536 0.4078 0.9782 1.0000	</row3>
				</transform>
			</node>
			<node>
				<identifier>	MP_AM347_Fairlead_INDEX_4	</identifier>
				<transform>
					<row0>	0.6478 0.0000 0.0329 0.0000	</row0>
					<row1>	0.0013 0.6481 -0.0262 0.0000	</row1>
					<row2>	-0.0329 0.0263 0.6472 0.0000	</row2>
					<row3>	0.5105 0.4395 1.9167 1.0000	</row3>
				</transform>
			</node>
			<node>
				<identifier>	MP_AM347_Fairlead_INDEX_5	</identifier>
				<transform>
					<row0>	0.6486 0.0006 -0.0084 0.0000	</row0>
					<row1>	-0.0007 0.6485 -0.0132 0.0000	</row1>
					<row2>	0.0084 0.0132 0.6484 0.0000	</row2>
					<row3>	-0.5785 0.3844 0.1013 1.0000	</row3>
				</transform>
			</node>
			<node>
				<identifier>	MP_AM347_Fairlead_INDEX_6	</identifier>
				<transform>
					<row0>	0.6417 -0.0054 0.0943 0.0000	</row0>
					<row1>	0.0092 0.6480 -0.0258 0.0000	</row1>
					<row2>	-0.0940 0.0268 0.6412 0.0000	</row2>
					<row3>	0.3783 0.5166 3.5879 1.0000	</row3>
				</transform>
			</node>
			<node>
				<identifier>	MP_AM347_Fairlead_INDEX_7	</identifier>
				<transform>
					<row0>	0.6486 -0.0006 0.0084 0.0000	</row0>
					<row1>	0.0007 0.6485 -0.0132 0.0000	</row1>
					<row2>	-0.0084 0.0132 0.6484 0.0000	</row2>
					<row3>	0.5785 0.3844 0.1013 1.0000	</row3>
				</transform>
			</node>
			<node>
				<identifier>	MP_AM374_Fender	</identifier>
				<transform>
					<row0>	0.0000 0.0000 0.5000 0.0000	</row0>
					<row1>	0.0000 0.5000 0.0000 0.0000	</row1>
					<row2>	-0.5000 0.0000 0.0000 0.0000	</row2>
					<row3>	-0.2135 0.4280 1.2982 1.0000	</row3>
				</transform>
			</node>
			<node>
				<identifier>	MP_AM374_Fender_INDEX_1	</identifier>
				<transform>
					<row0>	0.0000 0.0000 -0.5000 0.0000	</row0>
					<row1>	0.0000 0.5000 0.0000 0.0000	</row1>
					<row2>	0.5000 0.0000 0.0000 0.0000	</row2>
					<row3>	0.2134 0.4280 1.2560 1.0000	</row3>
				</transform>
			</node>
			<node>
				<identifier>	MP_AM374_Fender_INDEX_2	</identifier>
				<transform>
					<row0>	-0.5000 0.0000 0.0000 0.0000	</row0>
					<row1>	0.0000 0.5000 0.0000 0.0000	</row1>
					<row2>	0.0000 0.0000 -0.5000 0.0000	</row2>
					<row3>	-0.3101 0.4676 2.3968 1.0000	</row3>
				</transform>
			</node>
			<node>
				<identifier>	MP_AM374_Fender_INDEX_3	</identifier>
				<transform>
					<row0>	0.0000 0.0000 -0.5000 0.0000	</row0>
					<row1>	0.0000 0.5000 0.0000 0.0000	</row1>
					<row2>	0.5000 0.0000 0.0000 0.0000	</row2>
					<row3>	0.2134 0.4280 1.2982 1.0000	</row3>
				</transform>
			</node>
			<node>
				<identifier>	MP_AM374_Fender_INDEX_4	</identifier>
				<transform>
					<row0>	-0.5000 0.0000 0.0000 0.0000	</row0>
					<row1>	0.0000 0.5000 0.0000 0.0000	</row1>
					<row2>	0.0000 0.0000 -0.5000 0.0000	</row2>
					<row3>	0.2769 0.4676 2.3968 1.0000	</row3>
				</transform>
			</node>
			<node>
				<identifier>	MP_AM442_Multipole_Switch	</identifier>
				<transform>
					<row0>	-0.9288 0.0000 0.3707 0.0000	</row0>
					<row1>	0.0000 1.0000 0.0000 0.0000	</row1>
					<row2>	-0.3707 0.0000 -0.9288 0.0000	</row2>
					<row3>	-0.0256 1.5390 2.8089 1.0000	</row3>
				</transform>
			</node>
			<node>
				<identifier>	MP_AM442_Multipole_Switch_INDEX_1	</identifier>
				<transform>
					<row0>	-1.0000 0.0000 0.0000 0.0000	</row0>
					<row1>	0.0000 1.0000 0.0000 0.0000	</row1>
					<row2>	0.0000 0.0000 -1.0000 0.0000	</row2>
					<row3>	0.2827 0.4412 0.1455 1.0000	</row3>
				</transform>
			</node>
			<node>
				<identifier>	MP_AM442_Multipole_Switch_INDEX_2	</identifier>
				<transform>
					<row0>	-1.0000 0.0000 0.0000 0.0000	</row0>
					<row1>	0.0000 1.0000 0.0000 0.0000	</row1>
					<row2>	0.0000 0.0000 -1.0000 0.0000	</row2>
					<row3>	-0.2841 0.4412 0.1455 1.0000	</row3>
				</transform>
			</node>
			<node>
				<identifier>	MP_AM456_Insulator	</identifier>
				<transform>
					<row0>	2.0344 0.0000 0.0000 0.0000	</row0>
					<row1>	0.0000 2.0344 0.0000 0.0000	</row1>
					<row2>	0.0000 0.0000 2.0344 0.0000	</row2>
					<row3>	0.0000 0.6046 0.7049 1.0000	</row3>
				</transform>
			</node>
			<node>
				<identifier>	MP_AM460_3pdr_Saluting_Gun	</identifier>
				<transform>
					<row0>	0.0000 0.0000 -1.0000 0.0000	</row0>
					<row1>	0.0000 1.0000 0.0000 0.0000	</row1>
					<row2>	1.0000 0.0000 0.0000 0.0000	</row2>
					<row3>	0.4443 0.6327 2.4920 1.0000	</row3>
				</transform>
			</node>
			<node>
