<BSC012_Leander_1943_MidBack_ports.visual>
	<node>
		<identifier>	Scene Root	</identifier>
		<transform>
			<row0>	1.0000 0.0000 0.0000 0.0000	</row0>
			<row1>	0.0000 1.0000 0.0000 0.0000	</row1>
			<row2>	0.0000 0.0000 1.0000 0.0000	</row2>
			<row3>	0.0000 0.0000 0.0000 1.0000	</row3>
		</transform>
		<node>
			<identifier>	MidBack_ports	</identifier>
			<transform>
				<row0>	1.0000 0.0000 0.0000 0.0000	</row0>
				<row1>	0.0000 1.0000 0.0000 0.0000	</row1>
				<row2>	0.0000 0.0000 1.0000 0.0000	</row2>
				<row3>	0.0000 0.0000 0.0000 1.0000	</row3>
			</transform>
			<node>
				<identifier>	HP_BC_1	</identifier>
				<transform>
					<row0>	0.0000 0.0000 -1.0000 0.0000	</row0>
					<row1>	0.0000 1.0000 0.0000 0.0000	</row1>
					<row2>	1.0000 0.0000 0.0000 0.0000	</row2>
					<row3>	-0.0036 0.4931 -0.6412 1.0000	</row3>
				</transform>
			</node>
			<node>
				<identifier>	HP_BD_10	</identifier>
				<transform>
					<row0>	0.0000 0.0000 -1.0000 0.0000	</row0>
					<row1>	0.0000 1.0000 0.0000 0.0000	</row1>
					<row2>	1.0000 0.0000 0.0000 0.0000	</row2>
					<row3>	0.0862 0.5921 -1.8208 1.0000	</row3>
				</transform>
			</node>
			<node>
				<identifier>	HP_BD_11	</identifier>
				<transform>
					<row0>	-1.0000 0.0000 0.0000 0.0000	</row0>
					<row1>	0.0000 1.0000 0.0000 0.0000	</row1>
					<row2>	0.0000 0.0000 -1.0000 0.0000	</row2>
					<row3>	0.0000 0.5938 -2.5197 1.0000	</row3>
				</transform>
			</node>
			<node>
				<identifier>	HP_BD_7	</identifier>
				<transform>
					<row0>	0.0000 0.0000 1.0000 0.0000	</row0>
					<row1>	0.0000 1.0000 0.0000 0.0000	</row1>
					<row2>	-1.0000 0.0000 0.0000 0.0000	</row2>
					<row3>	-0.2242 0.4839 -1.5823 1.0000	</row3>
				</transform>
			</node>
			<node>
				<identifier>	HP_BD_8	</identifier>
				<transform>
					<row0>	0.0000 0.0000 -1.0000 0.0000	</row0>
					<row1>	0.0000 1.0000 0.0000 0.0000	</row1>
					<row2>	1.0000 0.0000 0.0000 0.0000	</row2>
					<row3>	0.2242 0.4839 -1.5823 1.0000	</row3>
				</transform>
			</node>
			<node>
				<identifier>	HP_BD_9	</identifier>
				<transform>
					<row0>	0.0000 0.0000 1.0000 0.0000	</row0>
					<row1>	0.0000 1.0000 0.0000 0.0000	</row1>
					<row2>	-1.0000 0.0000 0.0000 0.0000	</row2>
					<row3>	-0.1637 0.5873 -1.8208 1.0000	</row3>
				</transform>
			</node>
			<node>
				<identifier>	HP_BGA_3	</identifier>
				<transform>
					<row0>	0.0000 0.0000 1.0000 0.0000	</row0>
					<row1>	0.0000 1.0000 0.0000 0.0000	</row1>
					<row2>	-1.0000 0.0000 0.0000 0.0000	</row2>
					<row3>	-0.2242 0.4842 -1.5823 1.0000	</row3>
				</transform>
			</node>
			<node>
				<identifier>	HP_BGA_4	</identifier>
				<transform>
					<row0>	0.0000 0.0000 -1.0000 0.0000	</row0>
					<row1>	0.0000 1.0000 0.0000 0.0000	</row1>
					<row2>	1.0000 0.0000 0.0000 0.0000	</row2>
					<row3>	0.2242 0.4842 -1.5823 1.0000	</row3>
				</transform>
			</node>
			<node>
				<identifier>	HP_BGA_5	</identifier>
				<transform>
					<row0>	0.0000 0.0000 1.0000 0.0000	</row0>
					<row1>	0.0000 1.0000 0.0000 0.0000	</row1>
					<row2>	-1.0000 0.0000 0.0000 0.0000	</row2>
					<row3>	-0.3671 0.4010 -1.8446 1.0000	</row3>
				</transform>
			</node>
			<node>
				<identifier>	HP_BGA_6	</identifier>
				<transform>
					<row0>	0.0000 0.0000 -1.0000 0.0000	</row0>
					<row1>	0.0000 1.0000 0.0000 0.0000	</row1>
					<row2>	1.0000 0.0000 0.0000 0.0000	</row2>
					<row3>	0.3671 0.4010 -1.8446 1.0000	</row3>
				</transform>
			</node>
			<node>
				<identifier>	HP_BGA_7	</identifier>
				<transform>
					<row0>	0.0000 0.0000 1.0000 0.0000	</row0>
					<row1>	0.0000 1.0000 0.0000 0.0000	</row1>
					<row2>	-1.0000 0.0000 0.0000 0.0000	</row2>
					<row3>	-0.2192 0.5743 -2.1200 1.0000	</row3>
				</transform>
			</node>
			<node>
				<identifier>	HP_BGA_8	</identifier>
				<transform>
					<row0>	0.0000 0.0000 -1.0000 0.0000	</row0>
					<row1>	0.0000 1.0000 0.0000 0.0000	</row1>
					<row2>	1.0000 0.0000 0.0000 0.0000	</row2>
					<row3>	0.2192 0.5743 -2.1200 1.0000	</row3>
				</transform>
			</node>
			<node>
				<identifier>	HP_BGA_9	</identifier>
				<transform>
					<row0>	-1.0000 0.0000 0.0000 0.0000	</row0>
					<row1>	0.0000 1.0000 0.0000 0.0000	</row1>
					<row2>	0.0000 0.0000 -1.0000 0.0000	</row2>
					<row3>	0.0000 0.7388 -2.4883 1.0000	</row3>
				</transform>
			</node>
			<node>
				<identifier>	HP_BGM_3	</identifier>
				<transform>
					<row0>	-1.0000 0.0000 0.0000 0.0000	</row0>
					<row1>	0.0000 1.0000 0.0000 0.0000	</row1>
					<row2>	0.0000 0.0000 -1.0000 0.0000	</row2>
					<row3>	0.0000 0.4949 -3.0248 1.0000	</row3>
				</transform>
			</node>
			<node>
				<identifier>	HP_BRS_2	</identifier>
				<transform>
					<row0>	1.0000 0.0000 0.0000 0.0000	</row0>
					<row1>	0.0000 1.0000 0.0000 0.0000	</row1>
					<row2>	0.0000 0.0000 1.0000 0.0000	</row2>
					<row3>	0.0113 1.9574 -2.1825 1.0000	</row3>
				</transform>
			</node>
			<node>
				<identifier>	HP_FX_Death_3	</identifier>
				<transform>
					<row0>	1.0000 0.0000 0.0000 0.0000	</row0>
					<row1>	0.0000 1.0000 0.0000 0.0000	</row1>
					<row2>	0.0000 0.0000 1.0000 0.0000	</row2>
					<row3>	0.0000 0.0000 -3.6643 1.0000	</row3>
				</transform>
			</node>
			<node>
				<identifier>	HP_FX_Fire_3	</identifier>
				<transform>
					<row0>	1.0000 0.0000 0.0000 0.0000	</row0>
					<row1>	0.0000 1.0000 0.0000 0.0000	</row1>
					<row2>	0.0000 0.0000 1.0000 0.0000	</row2>
					<row3>	0.0000 0.4178 -2.0566 1.0000	</row3>
				</transform>
			</node>
			<node>
				<identifier>	HP_FX_Fire_3_side_1	</identifier>
				<transform>
					<row0>	1.0000 0.0000 0.0000 0.0000	</row0>
					<row1>	0.0000 1.0000 0.0000 0.0000	</row1>
					<row2>	0.0000 0.0000 1.0000 0.0000	</row2>
					<row3>	0.4954 0.3636 -0.8119 1.0000	</row3>
				</transform>
			</node>
			<node>
				<identifier>	HP_FX_Fire_3_side_2	</identifier>
				<transform>
					<row0>	1.0000 0.0000 0.0000 0.0000	</row0>
					<row1>	0.0000 1.0000 0.0000 0.0000	</row1>
					<row2>	0.0000 0.0000 1.0000 0.0000	</row2>
					<row3>	-0.3938 0.2472 -3.3025 1.0000	</row3>
				</transform>
			</node>
			<node>
				<identifier>	HP_FX_Flood_water_left	</identifier>
				<transform>
					<row0>	-1.0000 0.0000 0.0000 0.0000	</row0>
					<row1>	0.0000 1.0000 0.0000 0.0000	</row1>
					<row2>	0.0000 0.0000 -1.0000 0.0000	</row2>
					<row3>	-0.5247 0.1829 -2.1693 1.0000	</row3>
				</transform>
			</node>
			<node>
				<identifier>	HP_FX_Flood_water_right	</identifier>
				<transform>
					<row0>	1.0000 0.0000 0.0000 0.0000	</row0>
					<row1>	0.0000 1.0000 0.0000 0.0000	</row1>
					<row2>	0.0000 0.0000 1.0000 0.0000	</row2>
					<row3>	0.5297 0.1849 -2.1739 1.0000	</row3>
				</transform>
			</node>
			<node>
				<identifier>	HP_FX_RepairLight_right_1	</identifier>
				<transform>
					<row0>	-0.0507 0.0000 -0.9987 0.0000	</row0>
					<row1>	0.0298 0.9996 -0.0015 0.0000	</row1>
					<row2>	0.9983 -0.0298 -0.0507 0.0000	</row2>
					<row3>	0.4749 0.2446 -3.3144 1.0000	</row3>
				</transform>
			</node>
			<node>
				<identifier>	HP_Ship_death_2	</identifier>
				<transform>
					<row0>	1.0000 0.0000 0.0000 0.0000	</row0>
					<row1>	0.0000 1.0000 0.0000 0.0000	</row1>
					<row2>	0.0000 0.0000 1.0000 0.0000	</row2>
					<row3>	0.0000 0.0000 -0.3103 1.0000	</row3>
				</transform>
			</node>
			<node>
				<identifier>	HP_flag_courtesy	</identifier>
				<transform>
					<row0>	0.9972 -0.0746 -0.0057 0.0000	</row0>
					<row1>	0.0746 0.9855 0.1523 0.0000	</row1>
					<row2>	-0.0057 -0.1523 0.9883 0.0000	</row2>
					<row3>	0.1989 1.8000 -2.1925 1.0000	</row3>
				</transform>
			</node>
			<node>
				<identifier>	HP_flag_house	</identifier>
				<transform>
					<row0>	0.9972 0.0746 0.0057 0.0000	</row0>
					<row1>	-0.0746 0.9855 0.1523 0.0000	</row1>
					<row2>	0.0057 -0.1523 0.9883 0.0000	</row2>
					<row3>	-0.1989 1.8000 -2.1925 1.0000	</row3>
				</transform>
			</node>
			<node>
				<identifier>	HP_flag_nation	</identifier>
				<transform>
					<row0>	0.9953 -0.0966 0.0034 0.0000	</row0>
					<row1>	0.0966 0.9928 -0.0709 0.0000	</row1>
					<row2>	0.0034 0.0709 0.9975 0.0000	</row2>
					<row3>	-0.0049 1.4314 -2.4193 1.0000	</row3>
				</transform>
			</node>
			<node>
				<identifier>	MP_BM004_Reels	</identifier>
				<transform>
					<row0>	1.0000 0.0000 0.0000 0.0000	</row0>
					<row1>	0.0000 1.0000 0.0000 0.0000	</row1>
					<row2>	0.0000 0.0000 1.0000 0.0000	</row2>
					<row3>	-0.4339 0.2341 -2.1295 1.0000	</row3>
				</transform>
			</node>
			<node>
				<identifier>	MP_BM004_Reels_INDEX_1	</identifier>
				<transform>
					<row0>	1.0000 0.0000 0.0000 0.0000	</row0>
					<row1>	0.0000 1.0000 0.0000 0.0000	</row1>
					<row2>	0.0000 0.0000 1.0000 0.0000	</row2>
					<row3>	0.4339 0.2341 -2.1295 1.0000	</row3>
				</transform>
			</node>
			<node>
				<identifier>	MP_BM004_Reels_INDEX_2	</identifier>
				<transform>
					<row0>	0.6684 0.0000 -0.9808 0.0000	</row0>
					<row1>	0.0000 1.1869 0.0000 0.0000	</row1>
					<row2>	0.9808 0.0000 0.6684 0.0000	</row2>
					<row3>	-0.2214 0.3976 -2.5166 1.0000	</row3>
				</transform>
			</node>
			<node>
				<identifier>	MP_BM019_Reels_1	</identifier>
				<transform>
					<row0>	0.4504 0.0000 0.6569 0.0000	</row0>
					<row1>	0.6569 0.0000 -0.4504 0.0000	</row1>
					<row2>	0.0000 0.7965 0.0000 0.0000	</row2>
					<row3>	0.2758 0.4881 -2.3644 1.0000	</row3>
				</transform>
			</node>
			<node>
				<identifier>	MP_BM019_Reels_1_INDEX_1	</identifier>
				<transform>
					<row0>	0.4504 0.0000 -0.6569 0.0000	</row0>
					<row1>	-0.6569 0.0000 -0.4504 0.0000	</row1>
					<row2>	0.0000 0.7965 0.0000 0.0000	</row2>
					<row3>	-0.2758 0.4881 -2.3644 1.0000	</row3>
				</transform>
			</node>
			<node>
				<identifier>	MP_BM019_Reels_1_INDEX_2	</identifier>
				<transform>
					<row0>	0.6222 0.0000 0.0000 0.0000	</row0>
					<row1>	0.0000 0.0000 -0.6222 0.0000	</row1>
					<row2>	0.0000 0.6222 0.0000 0.0000	</row2>
					<row3>	0.1015 0.4566 -2.5950 1.0000	</row3>
				</transform>
			</node>
			<node>
				<identifier>	MP_BM019_Reels_1_INDEX_3	</identifier>
				<transform>
					<row0>	0.6222 0.0000 0.0000 0.0000	</row0>
					<row1>	0.0000 0.0000 -0.6222 0.0000	</row1>
					<row2>	0.0000 0.6222 0.0000 0.0000	</row2>
					<row3>	0.1015 0.5145 -2.5950 1.0000	</row3>
				</transform>
			</node>
			<node>
				<identifier>	MP_BM022_Flotanet	</identifier>
				<transform>
					<row0>	-0.9034 0.4278 0.0285 0.0000	</row0>
					<row1>	0.4276 0.9039 -0.0135 0.0000	</row1>
					<row2>	-0.0315 0.0000 -0.9995 0.0000	</row2>
					<row3>	0.3291 0.4068 -2.7976 1.0000	</row3>
				</transform>
			</node>
			<node>
				<identifier>	MP_BM022_Flotanet_INDEX_1	</identifier>
				<transform>
					<row0>	0.9880 0.0000 0.1545 0.0000	</row0>
					<row1>	0.0000 1.0000 0.0000 0.0000	</row1>
					<row2>	-0.1545 0.0000 0.9880 0.0000	</row2>
					<row3>	-0.3143 0.4019 -2.9861 1.0000	</row3>
				</transform>
			</node>
			<node>
				<identifier>	MP_BM022_Flotanet_INDEX_2	</identifier>
				<transform>
					<row0>	-0.0582 0.9983 0.0043 0.0000	</row0>
					<row1>	0.9983 0.0582 -0.0041 0.0000	</row1>
					<row2>	-0.0044 0.0041 -1.0000 0.0000	</row2>
					<row3>	-0.3633 0.4188 -2.6245 1.0000	</row3>
				</transform>
			</node>
			<node>
				<identifier>	MP_BM022_Flotanet_INDEX_3	</identifier>
				<transform>
					<row0>	-0.9162 -0.4006 -0.0043 0.0000	</row0>
					<row1>	-0.4006 0.9162 -0.0041 0.0000	</row1>
					<row2>	0.0056 -0.0021 -1.0000 0.0000	</row2>
					<row3>	0.3443 0.4064 -2.6245 1.0000	</row3>
				</transform>
			</node>
			<node>
				<identifier>	MP_BM022_Flotanet_INDEX_4	</identifier>
				<transform>
					<row0>	-0.9970 0.0000 0.0776 0.0000	</row0>
					<row1>	0.0000 1.0000 0.0000 0.0000	</row1>
					<row2>	-0.0776 0.0000 -0.9970 0.0000	</row2>
					<row3>	0.3255 0.4019 -2.9805 1.0000	</row3>
				</transform>
			</node>
			<node>
				<identifier>	MP_BM022_Flotanet_INDEX_5	</identifier>
				<transform>
					<row0>	-0.9034 -0.4278 -0.0285 0.0000	</row0>
					<row1>	-0.4276 0.9039 -0.0135 0.0000	</row1>
					<row2>	0.0315 0.0000 -0.9995 0.0000	</row2>
					<row3>	-0.3291 0.4068 -2.8081 1.0000	</row3>
				</transform>
			</node>
			<node>
				<identifier>	MP_BM023_Deck	</identifier>
				<transform>
					<row0>	1.0000 0.0000 0.0000 0.0000	</row0>
					<row1>	0.0000 1.0000 0.0000 0.0000	</row1>
					<row2>	0.0000 0.0000 1.0000 0.0000	</row2>
					<row3>	0.0000 0.0000 0.0000 1.0000	</row3>
				</transform>
			</node>
			<node>
				<identifier>	MP_BM500_GIG_30ft	</identifier>
				<transform>
					<row0>	1.0000 0.0000 0.0000 0.0000	</row0>
					<row1>	0.0000 1.0000 0.0000 0.0000	</row1>
					<row2>	0.0000 0.0000 1.0000 0.0000	</row2>
					<row3>	0.2941 0.3961 -0.8415 1.0000	</row3>
				</transform>
			</node>
			<node>
				<identifier>	MP_BM501_Cutter_32ft	</identifier>
				<transform>
					<row0>	1.0000 0.0000 0.0000 0.0000	</row0>
					<row1>	0.0000 1.0000 0.0000 0.0000	</row1>
					<row2>	0.0000 0.0000 1.0000 0.0000	</row2>
					<row3>	-0.4439 0.3882 -0.8067 1.0000	</row3>
				</transform>
			</node>
			<node>
				<identifier>	MP_BM503_Motor_Boat_35ft	</identifier>
				<transform>
					<row0>	1.0000 0.0000 0.0000 0.0000	</row0>
					<row1>	0.0000 1.0000 0.0000 0.0000	</row1>
					<row2>	0.0000 0.0000 1.0000 0.0000	</row2>
					<row3>	0.4457 0.2450 -0.8993 1.0000	</row3>
				</transform>
			</node>
			<node>
				<identifier>	MP_BM505_Rubber_Boat	</identifier>
				<transform>
					<row0>	0.0000 0.0000 -1.0000 0.0000	</row0>
					<row1>	-0.5000 0.8660 0.0000 0.0000	</row1>
					<row2>	0.8660 0.5000 0.0000 0.0000	</row2>
					<row3>	-0.4230 0.4149 -2.2495 1.0000	</row3>
				</transform>
			</node>
			<node>
				<identifier>	MP_BM505_Rubber_Boat_INDEX_1	</identifier>
				<transform>
					<row0>	0.0000 0.0000 1.0000 0.0000	</row0>
					<row1>	0.5000 0.8660 0.0000 0.0000	</row1>
					<row2>	-0.8660 0.5000 0.0000 0.0000	</row2>
					<row3>	0.4230 0.4149 -2.2495 1.0000	</row3>
				</transform>
			</node>
			<node>
				<identifier>	MP_BM515_Balsa_Raft	</identifier>
				<transform>
					<row0>	0.6826 -0.1876 0.7063 0.0000	</row0>
					<row1>	0.1494 0.9819 0.1163 0.0000	</row1>
					<row2>	-0.7153 0.0261 0.6983 0.0000	</row2>
					<row3>	0.2556 0.4108 -0.4509 1.0000	</row3>
				</transform>
			</node>
			<node>
				<identifier>	MP_BM515_Balsa_Raft_INDEX_1	</identifier>
				<transform>
					<row0>	0.6814 0.1894 -0.7070 0.0000	</row0>
					<row1>	-0.1500 0.9816 0.1185 0.0000	</row1>
					<row2>	0.7164 0.0253 0.6973 0.0000	</row2>
					<row3>	-0.2558 0.4108 -0.4508 1.0000	</row3>
				</transform>
			</node>
			<node>
				<identifier>	MP_BM614_Switch_box	</identifier>
				<transform>
					<row0>	0.1773 0.0000 0.9842 0.0000	</row0>
					<row1>	0.0000 1.0000 0.0000 0.0000	</row1>
					<row2>	-0.9842 0.0000 0.1773 0.0000	</row2>
					<row3>	-0.2609 0.5304 -2.0524 1.0000	</row3>
				</transform>
			</node>
			<node>
				<identifier>	MP_BM625_Telephone	</identifier>
				<transform>
					<row0>	0.0000 0.0000 1.0000 0.0000	</row0>
					<row1>	0.0000 1.0000 0.0000 0.0000	</row1>
					<row2>	-1.0000 0.0000 0.0000 0.0000	</row2>
					<row3>	0.1427 0.5085 -1.7928 1.0000	</row3>
				</transform>
			</node>
			<node>
				<identifier>	MP_BM625_Telephone_INDEX_1	</identifier>
				<transform>
					<row0>	0.0000 0.0000 -1.0000 0.0000	</row0>
					<row1>	0.0000 1.0000 0.0000 0.0000	</row1>
					<row2>	1.0000 0.0000 0.0000 0.0000	</row2>
					<row3>	-0.1251 0.5085 -1.7154 1.0000	</row3>
				</transform>
			</node>
			<node>
				<identifier>	MP_BM625_Telephone_INDEX_2	</identifier>
				<transform>
					<row0>	0.0000 0.0000 1.0000 0.0000	</row0>
					<row1>	0.0000 1.0000 0.0000 0.0000	</row1>
					<row2>	-1.0000 0.0000 0.0000 0.0000	</row2>
					<row3>	0.0698 0.6549 -2.4390 1.0000	</row3>
				</transform>
			</node>
			<node>
				<identifier>	MP_BM703_Locker	</identifier>
				<transform>
					<row0>	0.5444 0.0000 0.8388 0.0000	</row0>
					<row1>	0.0000 1.0000 0.0000 0.0000	</row1>
					<row2>	-0.8388 0.0000 0.5444 0.0000	</row2>
					<row3>	0.2203 0.5726 -2.3984 1.0000	</row3>
				</transform>
			</node>
			<node>
				<identifier>	MP_BM703_Locker_INDEX_1	</identifier>
				<transform>
					<row0>	1.0000 0.0000 0.0000 0.0000	</row0>
					<row1>	0.0000 1.0000 0.0000 0.0000	</row1>
					<row2>	0.0000 0.0000 1.0000 0.0000	</row2>
					<row3>	-0.0372 0.4015 -3.2779 1.0000	</row3>
				</transform>
			</node>
			<node>
				<identifier>	MP_BM703_Locker_INDEX_2	</identifier>
				<transform>
					<row0>	0.5444 0.0000 -0.8388 0.0000	</row0>
					<row1>	0.0000 1.0000 0.0000 0.0000	</row1>
					<row2>	0.8388 0.0000 0.5444 0.0000	</row2>
					<row3>	-0.2651 0.5726 -2.3294 1.0000	</row3>
				</transform>
			</node>
			<node>
				<identifier>	MP_BM703_Locker_INDEX_3	</identifier>
				<transform>
					<row0>	0.5444 0.0000 -0.8388 0.0000	</row0>
					<row1>	0.0000 1.0000 0.0000 0.0000	</row1>
					<row2>	0.8388 0.0000 0.5444 0.0000	</row2>
					<row3>	-0.2203 0.5726 -2.3984 1.0000	</row3>
				</transform>
			</node>
			<node>
				<identifier>	MP_BM703_Locker_INDEX_4	</identifier>
				<transform>
					<row0>	0.5444 0.0000 0.8388 0.0000	</row0>
					<row1>	0.0000 1.0000 0.0000 0.0000	</row1>
					<row2>	-0.8388 0.0000 0.5444 0.0000	</row2>
					<row3>	0.2651 0.5726 -2.3294 1.0000	</row3>
				</transform>
			</node>
			<node>
				<identifier>	MP_BM704_Locker	</identifier>
				<transform>
					<row0>	0.5590 0.0000 0.8292 0.0000	</row0>
					<row1>	0.0000 1.0000 0.0000 0.0000	</row1>
					<row2>	-0.8292 0.0000 0.5590 0.0000	</row2>
					<row3>	0.2018 0.4026 -2.5092 1.0000	</row3>
				</transform>
			</node>
			<node>
				<identifier>	MP_BM704_Locker_INDEX_1	</identifier>
				<transform>
					<row0>	-0.4652 0.0000 -0.8852 0.0000	</row0>
					<row1>	0.0000 1.0000 0.0000 0.0000	</row1>
					<row2>	0.8852 0.0000 -0.4652 0.0000	</row2>
					<row3>	0.1190 0.8738 -2.3693 1.0000	</row3>
				</transform>
			</node>
			<node>
				<identifier>	MP_BM704_Locker_INDEX_10	</identifier>
				<transform>
					<row0>	-0.7074 0.0000 0.7069 0.0000	</row0>
					<row1>	0.0000 1.0000 0.0000 0.0000	</row1>
					<row2>	-0.7069 0.0000 -0.7074 0.0000	</row2>
					<row3>	0.0880 0.7391 -2.4043 1.0000	</row3>
				</transform>
			</node>
			<node>
				<identifier>	MP_BM704_Locker_INDEX_11	</identifier>
				<transform>
					<row0>	-0.5521 0.0000 0.8338 0.0000	</row0>
					<row1>	0.0000 1.0000 0.0000 0.0000	</row1>
					<row2>	-0.8338 0.0000 -0.5521 0.0000	</row2>
					<row3>	0.3170 0.5032 -1.5182 1.0000	</row3>
				</transform>
			</node>
			<node>
				<identifier>	MP_BM704_Locker_INDEX_2	</identifier>
				<transform>
					<row0>	-0.1935 0.0000 0.9811 0.0000	</row0>
					<row1>	0.0000 1.0000 0.0000 0.0000	</row1>
					<row2>	-0.9811 0.0000 -0.1935 0.0000	</row2>
					<row3>	0.3347 0.5032 -1.5615 1.0000	</row3>
				</transform>
			</node>
			<node>
				<identifier>	MP_BM704_Locker_INDEX_3	</identifier>
				<transform>
					<row0>	0.5590 0.0000 0.8292 0.0000	</row0>
					<row1>	0.0000 1.0000 0.0000 0.0000	</row1>
					<row2>	-0.8292 0.0000 0.5590 0.0000	</row2>
					<row3>	0.1738 0.4026 -2.5507 1.0000	</row3>
				</transform>
			</node>
			<node>
				<identifier>	MP_BM704_Locker_INDEX_4	</identifier>
				<transform>
					<row0>	-0.4652 0.0000 0.8852 0.0000	</row0>
					<row1>	0.0000 1.0000 0.0000 0.0000	</row1>
					<row2>	-0.8852 0.0000 -0.4652 0.0000	</row2>
					<row3>	-0.1190 0.8738 -2.3693 1.0000	</row3>
				</transform>
			</node>
			<node>
				<identifier>	MP_BM704_Locker_INDEX_5	</identifier>
				<transform>
					<row0>	-0.7074 0.0000 -0.7069 0.0000	</row0>
					<row1>	0.0000 1.0000 0.0000 0.0000	</row1>
					<row2>	0.7069 0.0000 -0.7074 0.0000	</row2>
					<row3>	-0.0880 0.7391 -2.4043 1.0000	</row3>
				</transform>
			</node>
			<node>
				<identifier>	MP_BM704_Locker_INDEX_6	</identifier>
				<transform>
					<row0>	-0.5521 0.0000 -0.8338 0.0000	</row0>
					<row1>	0.0000 1.0000 0.0000 0.0000	</row1>
					<row2>	0.8338 0.0000 -0.5521 0.0000	</row2>
					<row3>	-0.3170 0.5032 -1.5182 1.0000	</row3>
				</transform>
			</node>
			<node>
				<identifier>	MP_BM704_Locker_INDEX_7	</identifier>
				<transform>
					<row0>	0.5590 0.0000 0.8292 0.0000	</row0>
					<row1>	0.0000 1.0000 0.0000 0.0000	</row1>
					<row2>	-0.8292 0.0000 0.5590 0.0000	</row2>
					<row3>	0.2292 0.4026 -2.4685 1.0000	</row3>
				</transform>
			</node>
			<node>
				<identifier>	MP_BM704_Locker_INDEX_8	</identifier>
				<transform>
					<row0>	0.5590 0.0000 0.8292 0.0000	</row0>
					<row1>	0.0000 1.0000 0.0000 0.0000	</row1>
					<row2>	-0.8292 0.0000 0.5590 0.0000	</row2>
					<row3>	0.2572 0.4026 -2.4270 1.0000	</row3>
				</transform>
			</node>
			<node>
				<identifier>	MP_BM704_Locker_INDEX_9	</identifier>
				<transform>
					<row0>	-0.1935 0.0000 -0.9811 0.0000	</row0>
					<row1>	0.0000 1.0000 0.0000 0.0000	</row1>
					<row2>	0.9811 0.0000 -0.1935 0.0000	</row2>
					<row3>	-0.3347 0.5032 -1.5615 1.0000	</row3>
				</transform>
			</node>
			<node>
				<identifier>	MP_BM705_Ammunition_Box	</identifier>
				<transform>
					<row0>	0.9784 0.0000 -0.2067 0.0000	</row0>
					<row1>	0.0000 1.0000 0.0000 0.0000	</row1>
					<row2>	0.2067 0.0000 0.9784 0.0000	</row2>
					<row3>	-0.2785 0.5726 -2.2449 1.0000	</row3>
				</transform>
			</node>
			<node>
				<identifier>	MP_BM705_Ammunition_Box_INDEX_1	</identifier>
				<transform>
					<row0>	0.9784 0.0000 0.2067 0.0000	</row0>
					<row1>	0.0000 1.0000 0.0000 0.0000	</row1>
					<row2>	-0.2067 0.0000 0.9784 0.0000	</row2>
					<row3>	0.2785 0.5726 -2.2449 1.0000	</row3>
				</transform>
			</node>
			<node>
				<identifier>	MP_BM706_Ammunition_Box	</identifier>
				<transform>
					<row0>	0.0000 0.0000 1.0000 0.0000	</row0>
					<row1>	0.0000 1.0000 0.0000 0.0000	</row1>
					<row2>	-1.0000 0.0000 0.0000 0.0000	</row2>
					<row3>	-0.2507 0.3989 -2.7428 1.0000	</row3>
				</transform>
			</node>
			<node>
				<identifier>	MP_BM706_Ammunition_Box_INDEX_1	</identifier>
				<transform>
					<row0>	1.0000 0.0000 0.0000 0.0000	</row0>
					<row1>	0.0000 1.0000 0.0000 0.0000	</row1>
					<row2>	0.0000 0.0000 1.0000 0.0000	</row2>
					<row3>	-0.0418 0.3989 -2.6206 1.0000	</row3>
				</transform>
			</node>
			<node>
				<identifier>	MP_BM752_Deck_Hatch	</identifier>
				<transform>
					<row0>	-1.0473 0.0000 0.0000 0.0000	</row0>
					<row1>	0.0000 1.0473 0.0000 0.0000	</row1>
					<row2>	0.0000 0.0000 -1.0473 0.0000	</row2>
					<row3>	-0.0834 0.4019 -2.6978 1.0000	</row3>
				</transform>
			</node>
			<node>
				<identifier>	MP_BM752_Deck_Hatch_INDEX_1	</identifier>
				<transform>
					<row0>	-0.9358 0.0000 0.0000 0.0000	</row0>
					<row1>	0.0000 0.9358 0.0000 0.0000	</row1>
					<row2>	0.0000 0.0000 -0.9358 0.0000	</row2>
					<row3>	-0.0011 0.2464 -3.3554 1.0000	</row3>
				</transform>
			</node>
			<node>
				<identifier>	MP_BM753_Deck_Hatch	</identifier>
				<transform>
					<row0>	-1.0000 0.0000 0.0000 0.0000	</row0>
					<row1>	0.0000 1.0000 0.0000 0.0000	</row1>
					<row2>	0.0000 0.0000 -1.0000 0.0000	</row2>
					<row3>	0.1482 0.2372 -1.1914 1.0000	</row3>
				</transform>
			</node>
			<node>
				<identifier>	MP_BM753_Deck_Hatch_INDEX_1	</identifier>
				<transform>
					<row0>	0.0000 0.0000 -1.0000 0.0000	</row0>
					<row1>	0.0000 1.0000 0.0000 0.0000	</row1>
					<row2>	1.0000 0.0000 0.0000 0.0000	</row2>
					<row3>	-0.1472 0.2477 -3.4507 1.0000	</row3>
				</transform>
			</node>
			<node>
				<identifier>	MP_BM753_Deck_Hatch_INDEX_2	</identifier>
				<transform>
					<row0>	-1.2260 0.0000 0.0000 0.0000	</row0>
					<row1>	0.0000 1.0000 0.0000 0.0000	</row1>
					<row2>	0.0000 0.0000 -1.2260 0.0000	</row2>
					<row3>	0.2120 0.4056 -2.8454 1.0000	</row3>
				</transform>
			</node>
			<node>
				<identifier>	MP_BM800_Ventilators_mushroom	</identifier>
				<transform>
					<row0>	-0.8626 0.0000 -0.0013 0.0000	</row0>
					<row1>	0.0000 0.8626 0.0000 0.0000	</row1>
					<row2>	0.0013 0.0000 -0.8626 0.0000	</row2>
					<row3>	0.0684 0.4003 -3.2702 1.0000	</row3>
				</transform>
			</node>
			<node>
				<identifier>	MP_BM800_Ventilators_mushroom_INDEX_1	</identifier>
				<transform>
					<row0>	0.5092 0.0000 0.0000 0.0000	</row0>
					<row1>	0.0000 0.5092 0.0000 0.0000	</row1>
					<row2>	0.0000 0.0000 0.5092 0.0000	</row2>
					<row3>	-0.1084 0.5619 -1.7295 1.0000	</row3>
				</transform>
			</node>
			<node>
				<identifier>	MP_BM801_Ventilators_mushroom	</identifier>
				<transform>
					<row0>	-0.5833 0.0000 -0.0009 0.0000	</row0>
					<row1>	0.0000 0.5833 0.0000 0.0000	</row1>
					<row2>	0.0009 0.0000 -0.5833 0.0000	</row2>
					<row3>	0.0312 0.4003 -3.2703 1.0000	</row3>
				</transform>
			</node>
			<node>
				<identifier>	MP_BM803_Ventilation_box	</identifier>
				<transform>
					<row0>	0.0000 0.0000 0.4225 0.0000	</row0>
					<row1>	0.0000 0.4225 0.0000 0.0000	</row1>
					<row2>	-0.4225 0.0000 0.0000 0.0000	</row2>
					<row3>	0.0964 0.5723 -2.5268 1.0000	</row3>
				</transform>
			</node>
			<node>
				<identifier>	MP_BM803_Ventilation_box_INDEX_1	</identifier>
				<transform>
					<row0>	0.0000 0.0000 0.6283 0.0000	</row0>
					<row1>	0.0000 0.6283 0.0000 0.0000	</row1>
					<row2>	-0.6283 0.0000 0.0000 0.0000	</row2>
					<row3>	0.1265 0.5723 -2.4946 1.0000	</row3>
				</transform>
			</node>
			<node>
				<identifier>	MP_BM857_Fog_Light	</identifier>
				<transform>
					<row0>	-0.8610 0.0000 0.0000 0.0000	</row0>
					<row1>	0.0000 0.8610 0.0000 0.0000	</row1>
					<row2>	0.0000 0.0000 -0.8610 0.0000	</row2>
					<row3>	0.0000 0.7817 -2.5991 1.0000	</row3>
				</transform>
			</node>
			<node>
				<identifier>	MP_BM858_Signal_Lamp	</identifier>
				<transform>
					<row0>	0.5847 0.0000 0.0000 0.0000	</row0>
					<row1>	0.0000 0.5847 0.0000 0.0000	</row1>
					<row2>	0.0000 0.0000 0.5847 0.0000	</row2>
					<row3>	0.0000 2.0463 -2.1523 1.0000	</row3>
				</transform>
			</node>
			<node>
				<identifier>	MP_BM869_Searchlight_36in	</identifier>
				<transform>
					<row0>	-1.0000 0.0000 0.0000 0.0000	</row0>
					<row1>	0.0000 1.0000 0.0000 0.0000	</row1>
					<row2>	0.0000 0.0000 -1.0000 0.0000	</row2>
					<row3>	0.0000 0.8738 -2.2802 1.0000	</row3>
				</transform>
			</node>
			<node>
				<identifier>	MP_BM872_Running_Lights_B	</identifier>
				<transform>
					<row0>	-1.0000 0.0000 0.0000 0.0000	</row0>
					<row1>	0.0000 1.0000 0.0000 0.0000	</row1>
					<row2>	0.0000 0.0000 -1.0000 0.0000	</row2>
					<row3>	0.0000 1.1231 -2.1814 1.0000	</row3>
				</transform>
			</node>
			<node>
				<identifier>	MP_BM872_Running_Lights_B_INDEX_1	</identifier>
				<transform>
					<row0>	-1.0000 0.0000 0.0000 0.0000	</row0>
					<row1>	0.0000 1.0000 0.0000 0.0000	</row1>
					<row2>	0.0000 0.0000 -1.0000 0.0000	</row2>
					<row3>	0.0000 0.9031 -2.3877 1.0000	</row3>
				</transform>
			</node>
			<node>
				<identifier>	MP_BM907_Cran_6_7_ton_Down	</identifier>
				<transform>
					<row0>	1.0000 0.0000 0.0000 0.0000	</row0>
					<row1>	0.0000 1.0000 0.0000 0.0000	</row1>
					<row2>	0.0000 0.0000 1.0000 0.0000	</row2>
					<row3>	0.0021 0.2367 -1.3776 1.0000	</row3>
				</transform>
			</node>
			<node>
				<identifier>	MP_BM908_Cran_6_7_ton_Up	</identifier>
				<transform>
					<row0>	1.0000 0.0000 0.0000 0.0000	</row0>
					<row1>	0.0000 0.8783 -0.4781 0.0000	</row1>
					<row2>	0.0000 0.4781 0.8783 0.0000	</row2>
					<row3>	-0.0568 0.3613 -1.3179 1.0000	</row3>
				</transform>
			</node>
			<node>
				<identifier>	MP_BM952_Bollard	</identifier>
				<transform>
					<row0>	0.7838 0.0007 -0.0188 0.0000	</row0>
					<row1>	-0.0008 0.7840 -0.0037 0.0000	</row1>
					<row2>	0.0188 0.0037 0.7838 0.0000	</row2>
					<row3>	0.4555 0.2388 -2.6649 1.0000	</row3>
				</transform>
			</node>
			<node>
				<identifier>	MP_BM952_Bollard_INDEX_1	</identifier>
				<transform>
					<row0>	0.7838 -0.0007 0.0188 0.0000	</row0>
					<row1>	0.0008 0.7840 -0.0037 0.0000	</row1>
					<row2>	-0.0188 0.0037 0.7838 0.0000	</row2>
					<row3>	-0.4555 0.2388 -2.6649 1.0000	</row3>
				</transform>
			</node>
			<node>
				<identifier>	MP_BM964_3ton_electrik_winch_R	</identifier>
				<transform>
					<row0>	-0.8770 0.0000 -0.4805 0.0000	</row0>
					<row1>	0.0000 1.0000 0.0000 0.0000	</row1>
					<row2>	0.4805 0.0000 -0.8770 0.0000	</row2>
					<row3>	-0.2053 0.4012 -3.1860 1.0000	</row3>
				</transform>
			</node>
			<node>
				<identifier>	MP_BM965_3ton_electrik_winch_L	</identifier>
				<transform>
					<row0>	-0.8770 0.0000 0.4805 0.0000	</row0>
					<row1>	0.0000 1.0000 0.0000 0.0000	</row1>
					<row2>	-0.4805 0.0000 -0.8770 0.0000	</row2>
					<row3>	0.2053 0.4012 -3.1860 1.0000	</row3>
				</transform>
			</node>
			<node>
				<identifier>	MP_CM011_Fire_Fighting_Gear	</identifier>
				<transform>
					<row0>	0.0000 0.0000 1.0000 0.0000	</row0>
					<row1>	0.0000 1.0000 0.0000 0.0000	</row1>
					<row2>	-1.0000 0.0000 0.0000 0.0000	</row2>
					<row3>	0.2330 0.2359 -1.5156 1.0000	</row3>
				</transform>
			</node>
			<node>
				<identifier>	MP_CM011_Fire_Fighting_Gear_INDEX_1	</identifier>
				<transform>
					<row0>	0.0000 0.0000 -1.0000 0.0000	</row0>
					<row1>	0.0000 1.0000 0.0000 0.0000	</row1>
					<row2>	1.0000 0.0000 0.0000 0.0000	</row2>
					<row3>	-0.2330 0.2359 -1.5156 1.0000	</row3>
				</transform>
			</node>
			<node>
				<identifier>	MP_CM011_Fire_Fighting_Gear_INDEX_2	</identifier>
				<transform>
					<row0>	1.0000 0.0000 0.0000 0.0000	</row0>
					<row1>	0.0000 1.0000 0.0000 0.0000	</row1>
					<row2>	0.0000 0.0000 1.0000 0.0000	</row2>
					<row3>	0.0865 0.2441 -3.3237 1.0000	</row3>
				</transform>
			</node>
			<node>
				<identifier>	MP_CM011_Fire_Fighting_Gear_INDEX_3	</identifier>
				<transform>
					<row0>	0.5631 0.0000 -0.8264 0.0000	</row0>
					<row1>	0.0000 1.0000 0.0000 0.0000	</row1>
					<row2>	0.8264 0.0000 0.5631 0.0000	</row2>
					<row3>	-0.1468 0.4037 -2.5816 1.0000	</row3>
				</transform>
			</node>
			<node>
				<identifier>	MP_CM012_Fire_Hose_Rack_1	</identifier>
				<transform>
					<row0>	-1.0000 0.0000 0.0000 0.0000	</row0>
					<row1>	0.0000 1.0000 0.0000 0.0000	</row1>
					<row2>	0.0000 0.0000 -1.0000 0.0000	</row2>
					<row3>	0.2265 0.3152 -1.5283 1.0000	</row3>
				</transform>
			</node>
			<node>
				<identifier>	MP_CM012_Fire_Hose_Rack_1_INDEX_1	</identifier>
				<transform>
					<row0>	0.8277 0.0000 0.5612 0.0000	</row0>
					<row1>	0.0000 1.0000 0.0000 0.0000	</row1>
					<row2>	-0.5612 0.0000 0.8277 0.0000	</row2>
					<row3>	-0.1437 0.5151 -2.5687 1.0000	</row3>
				</transform>
			</node>
			<node>
				<identifier>	MP_CM012_Fire_Hose_Rack_1_INDEX_2	</identifier>
				<transform>
					<row0>	1.0000 0.0000 0.0000 0.0000	</row0>
					<row1>	0.0000 1.0000 0.0000 0.0000	</row1>
					<row2>	0.0000 0.0000 1.0000 0.0000	</row2>
					<row3>	-0.2265 0.3152 -1.5283 1.0000	</row3>
				</transform>
			</node>
			<node>
				<identifier>	MP_CM012_Fire_Hose_Rack_1_INDEX_3	</identifier>
				<transform>
					<row0>	0.0000 0.0000 1.0000 0.0000	</row0>
					<row1>	0.0000 1.0000 0.0000 0.0000	</row1>
					<row2>	-1.0000 0.0000 0.0000 0.0000	</row2>
					<row3>	0.1121 0.3200 -3.3160 1.0000	</row3>
				</transform>
			</node>
			<node>
				<identifier>	MP_CM012_Fire_Hose_Rack_1_INDEX_4	</identifier>
				<transform>
					<row0>	0.0000 0.0000 1.0000 0.0000	</row0>
					<row1>	0.0000 1.0000 0.0000 0.0000	</row1>
					<row2>	-1.0000 0.0000 0.0000 0.0000	</row2>
					<row3>	0.0610 0.3200 -3.3160 1.0000	</row3>
				</transform>
			</node>
			<node>
				<identifier>	MP_CM014_Fuel_Oil_Hose	</identifier>
				<transform>
					<row0>	-0.8246 0.0000 0.5657 0.0000	</row0>
					<row1>	0.0000 1.0000 0.0000 0.0000	</row1>
					<row2>	-0.5657 0.0000 -0.8246 0.0000	</row2>
					<row3>	0.2645 0.2841 -3.1831 1.0000	</row3>
				</transform>
			</node>
			<node>
				<identifier>	MP_CM014_Fuel_Oil_Hose_INDEX_1	</identifier>
				<transform>
					<row0>	0.8196 0.0000 0.5729 0.0000	</row0>
					<row1>	0.0000 1.0000 0.0000 0.0000	</row1>
					<row2>	-0.5729 0.0000 0.8196 0.0000	</row2>
					<row3>	-0.2645 0.2841 -3.1831 1.0000	</row3>
				</transform>
			</node>
			<node>
				<identifier>	MP_CM029_Emergency_Box	</identifier>
				<transform>
					<row0>	0.0000 0.0000 1.0000 0.0000	</row0>
					<row1>	0.0000 1.0000 0.0000 0.0000	</row1>
					<row2>	-1.0000 0.0000 0.0000 0.0000	</row2>
					<row3>	0.2310 0.3142 -1.6862 1.0000	</row3>
				</transform>
			</node>
			<node>
				<identifier>	MP_CM029_Emergency_Box_INDEX_1	</identifier>
				<transform>
					<row0>	-1.0000 0.0000 0.0000 0.0000	</row0>
					<row1>	0.0000 1.0000 0.0000 0.0000	</row1>
					<row2>	0.0000 0.0000 -1.0000 0.0000	</row2>
					<row3>	0.0000 0.4881 -2.0021 1.0000	</row3>
				</transform>
			</node>
			<node>
				<identifier>	MP_CM029_Emergency_Box_INDEX_2	</identifier>
				<transform>
					<row0>	-1.0000 0.0000 0.0000 0.0000	</row0>
					<row1>	0.0000 1.0000 0.0000 0.0000	</row1>
					<row2>	0.0000 0.0000 -1.0000 0.0000	</row2>
					<row3>	0.0468 0.6524 -2.4133 1.0000	</row3>
				</transform>
			</node>
			<node>
				<identifier>	MP_CM029_Emergency_Box_INDEX_3	</identifier>
				<transform>
					<row0>	0.0000 0.0000 -1.0000 0.0000	</row0>
					<row1>	0.0000 1.0000 0.0000 0.0000	</row1>
					<row2>	1.0000 0.0000 0.0000 0.0000	</row2>
					<row3>	-0.2310 0.3142 -1.6862 1.0000	</row3>
				</transform>
			</node>
			<node>
				<identifier>	MP_CM052_Fender	</identifier>
				<transform>
					<row0>	0.1057 0.0000 0.9059 0.0000	</row0>
					<row1>	0.0000 0.9121 0.0000 0.0000	</row1>
					<row2>	-0.9059 0.0000 0.1057 0.0000	</row2>
					<row3>	-0.1335 0.2346 -0.4635 1.0000	</row3>
				</transform>
			</node>
			<node>
				<identifier>	MP_CM052_Fender_INDEX_1	</identifier>
				<transform>
					<row0>	0.1057 0.0000 -0.9059 0.0000	</row0>
					<row1>	0.0000 0.9121 0.0000 0.0000	</row1>
					<row2>	0.9059 0.0000 0.1057 0.0000	</row2>
					<row3>	0.1335 0.2346 -0.4635 1.0000	</row3>
				</transform>
			</node>
			<node>
				<identifier>	MP_CM056_Ships_bell	</identifier>
				<transform>
					<row0>	1.0000 0.0000 0.0000 0.0000	</row0>
					<row1>	0.0000 1.0000 0.0000 0.0000	</row1>
					<row2>	0.0000 0.0000 1.0000 0.0000	</row2>
					<row3>	-0.3547 0.3958 -1.7511 1.0000	</row3>
				</transform>
			</node>
			<node>
				<identifier>	MP_CM081_Life_Buoy	</identifier>
				<transform>
					<row0>	-0.0590 0.0000 -0.9983 0.0000	</row0>
					<row1>	0.0000 1.0000 0.0000 0.0000	</row1>
					<row2>	0.9983 0.0000 -0.0590 0.0000	</row2>
					<row3>	0.3711 0.4576 -2.7566 1.0000	</row3>
				</transform>
			</node>
			<node>
				<identifier>	MP_CM081_Life_Buoy_INDEX_1	</identifier>
				<transform>
					<row0>	-0.0590 0.0000 0.9983 0.0000	</row0>
					<row1>	0.0000 1.0000 0.0000 0.0000	</row1>
					<row2>	-0.9983 0.0000 -0.0590 0.0000	</row2>
					<row3>	-0.3711 0.4576 -2.7566 1.0000	</row3>
				</transform>
			</node>
		</node>
	</node>
	<boundingBox>
		<min>	-0.0667 -0.0667 -0.0667	</min>
		<max>	0.0667 0.0667 0.0667	</max>
	</boundingBox>
</BSC012_Leander_1943_MidBack_ports.visual>
