<ASD043_Nicholas_1938_MidBack_ports.visual>
	<node>
		<identifier>	Scene Root	</identifier>
		<transform>
			<row0>	1.0000 0.0000 0.0000 0.0000	</row0>
			<row1>	0.0000 1.0000 0.0000 0.0000	</row1>
			<row2>	0.0000 0.0000 1.0000 0.0000	</row2>
			<row3>	0.0000 0.0000 0.0000 1.0000	</row3>
		</transform>
		<node>
			<identifier>	MidBack_ports	</identifier>
			<transform>
				<row0>	1.0000 0.0000 0.0000 0.0000	</row0>
				<row1>	0.0000 1.0000 0.0000 0.0000	</row1>
				<row2>	0.0000 0.0000 1.0000 0.0000	</row2>
				<row3>	0.0000 0.0000 0.0000 1.0000	</row3>
			</transform>
			<node>
				<identifier>	HP_AD_6	</identifier>
				<transform>
					<row0>	1.0000 0.0000 0.0000 0.0000	</row0>
					<row1>	0.0000 1.0000 0.0000 0.0000	</row1>
					<row2>	0.0000 0.0000 1.0000 0.0000	</row2>
					<row3>	0.0000 0.5946 -0.5964 1.0000	</row3>
				</transform>
			</node>
			<node>
				<identifier>	HP_AGA_10	</identifier>
				<transform>
					<row0>	0.0000 0.0000 -1.0000 0.0000	</row0>
					<row1>	0.0000 1.0000 0.0000 0.0000	</row1>
					<row2>	1.0000 0.0000 0.0000 0.0000	</row2>
					<row3>	0.2445 0.3624 -1.3209 1.0000	</row3>
				</transform>
			</node>
			<node>
				<identifier>	HP_AGA_7	</identifier>
				<transform>
					<row0>	0.0000 0.0000 1.0000 0.0000	</row0>
					<row1>	0.0000 1.0000 0.0000 0.0000	</row1>
					<row2>	-1.0000 0.0000 0.0000 0.0000	</row2>
					<row3>	-0.2445 0.3624 -1.1161 1.0000	</row3>
				</transform>
			</node>
			<node>
				<identifier>	HP_AGA_8	</identifier>
				<transform>
					<row0>	0.0000 0.0000 -1.0000 0.0000	</row0>
					<row1>	0.0000 1.0000 0.0000 0.0000	</row1>
					<row2>	1.0000 0.0000 0.0000 0.0000	</row2>
					<row3>	0.2445 0.3624 -1.1161 1.0000	</row3>
				</transform>
			</node>
			<node>
				<identifier>	HP_AGA_9	</identifier>
				<transform>
					<row0>	0.0000 0.0000 1.0000 0.0000	</row0>
					<row1>	0.0000 1.0000 0.0000 0.0000	</row1>
					<row2>	-1.0000 0.0000 0.0000 0.0000	</row2>
					<row3>	-0.2445 0.3624 -1.3209 1.0000	</row3>
				</transform>
			</node>
			<node>
				<identifier>	HP_AGB_1	</identifier>
				<transform>
					<row0>	0.0000 0.0000 1.0000 0.0000	</row0>
					<row1>	0.0000 1.0000 0.0000 0.0000	</row1>
					<row2>	-1.0000 0.0000 0.0000 0.0000	</row2>
					<row3>	-0.2725 0.1880 -2.0683 1.0000	</row3>
				</transform>
			</node>
			<node>
				<identifier>	HP_AGB_2	</identifier>
				<transform>
					<row0>	0.0000 0.0000 -1.0000 0.0000	</row0>
					<row1>	0.0000 1.0000 0.0000 0.0000	</row1>
					<row2>	1.0000 0.0000 0.0000 0.0000	</row2>
					<row3>	0.2725 0.1880 -2.0683 1.0000	</row3>
				</transform>
			</node>
			<node>
				<identifier>	HP_AGB_3	</identifier>
				<transform>
					<row0>	0.0000 0.0000 1.0000 0.0000	</row0>
					<row1>	0.0000 1.0000 0.0000 0.0000	</row1>
					<row2>	-1.0000 0.0000 0.0000 0.0000	</row2>
					<row3>	-0.2603 0.1843 -2.3650 1.0000	</row3>
				</transform>
			</node>
			<node>
				<identifier>	HP_AGB_4	</identifier>
				<transform>
					<row0>	0.0000 0.0000 -1.0000 0.0000	</row0>
					<row1>	0.0000 1.0000 0.0000 0.0000	</row1>
					<row2>	1.0000 0.0000 0.0000 0.0000	</row2>
					<row3>	0.2603 0.1843 -2.3650 1.0000	</row3>
				</transform>
			</node>
			<node>
				<identifier>	HP_AGB_5	</identifier>
				<transform>
					<row0>	-0.9816 0.0000 0.1908 0.0000	</row0>
					<row1>	0.0000 1.0000 0.0000 0.0000	</row1>
					<row2>	-0.1908 0.0000 -0.9816 0.0000	</row2>
					<row3>	-0.1111 0.1733 -3.5762 1.0000	</row3>
				</transform>
			</node>
			<node>
				<identifier>	HP_AGB_6	</identifier>
				<transform>
					<row0>	-0.9816 0.0000 -0.1908 0.0000	</row0>
					<row1>	0.0000 1.0000 0.0000 0.0000	</row1>
					<row2>	0.1908 0.0000 -0.9816 0.0000	</row2>
					<row3>	0.1111 0.1733 -3.5762 1.0000	</row3>
				</transform>
			</node>
			<node>
				<identifier>	HP_AGM_3	</identifier>
				<transform>
					<row0>	-1.0000 0.0000 0.0000 0.0000	</row0>
					<row1>	0.0000 1.0000 0.0000 0.0000	</row1>
					<row2>	0.0000 0.0000 -1.0000 0.0000	</row2>
					<row3>	0.0000 0.4337 -2.0445 1.0000	</row3>
				</transform>
			</node>
			<node>
				<identifier>	HP_AGM_4	</identifier>
				<transform>
					<row0>	-1.0000 0.0000 0.0000 0.0000	</row0>
					<row1>	0.0000 1.0000 0.0000 0.0000	</row1>
					<row2>	0.0000 0.0000 -1.0000 0.0000	</row2>
					<row3>	0.0000 0.2554 -2.5988 1.0000	</row3>
				</transform>
			</node>
			<node>
				<identifier>	HP_AGT_3	</identifier>
				<transform>
					<row0>	-1.0000 0.0000 0.0000 0.0000	</row0>
					<row1>	0.0000 1.0000 0.0000 0.0000	</row1>
					<row2>	0.0000 0.0000 -1.0000 0.0000	</row2>
					<row3>	-0.2598 0.2131 -1.5917 1.0000	</row3>
				</transform>
			</node>
			<node>
				<identifier>	HP_AGT_4	</identifier>
				<transform>
					<row0>	-1.0000 0.0000 0.0000 0.0000	</row0>
					<row1>	0.0000 1.0000 0.0000 0.0000	</row1>
					<row2>	0.0000 0.0000 -1.0000 0.0000	</row2>
					<row3>	0.2598 0.2131 -1.5917 1.0000	</row3>
				</transform>
			</node>
			<node>
				<identifier>	HP_FX_Fire_3	</identifier>
				<transform>
					<row0>	1.0000 0.0000 0.0000 0.0000	</row0>
					<row1>	0.0000 1.0000 0.0000 0.0000	</row1>
					<row2>	0.0000 0.0000 1.0000 0.0000	</row2>
					<row3>	0.0000 0.1975 -1.3826 1.0000	</row3>
				</transform>
			</node>
			<node>
				<identifier>	HP_FX_Fire_3_side_1	</identifier>
				<transform>
					<row0>	1.0000 0.0000 0.0000 0.0000	</row0>
					<row1>	0.0000 1.0000 0.0000 0.0000	</row1>
					<row2>	0.0000 0.0000 1.0000 0.0000	</row2>
					<row3>	0.2154 0.4608 -0.7382 1.0000	</row3>
				</transform>
			</node>
			<node>
				<identifier>	HP_FX_FloodLight_left_2	</identifier>
				<transform>
					<row0>	-0.6635 0.0000 -0.7481 0.0000	</row0>
					<row1>	0.0000 1.0000 0.0000 0.0000	</row1>
					<row2>	0.7481 0.0000 -0.6635 0.0000	</row2>
					<row3>	-0.1093 0.4755 -1.2237 1.0000	</row3>
				</transform>
			</node>
			<node>
				<identifier>	HP_FX_FloodLight_right_2	</identifier>
				<transform>
					<row0>	0.6478 0.0000 -0.7618 0.0000	</row0>
					<row1>	0.0000 1.0000 0.0000 0.0000	</row1>
					<row2>	0.7618 0.0000 0.6478 0.0000	</row2>
					<row3>	0.1200 0.4770 -1.2140 1.0000	</row3>
				</transform>
			</node>
			<node>
				<identifier>	HP_flag_nation	</identifier>
				<transform>
					<row0>	0.9999 0.0110 -0.0012 0.0000	</row0>
					<row1>	-0.0110 0.9769 -0.2133 0.0000	</row1>
					<row2>	-0.0012 0.2133 0.9770 0.0000	</row2>
					<row3>	0.0000 1.0700 -1.4489 1.0000	</row3>
				</transform>
			</node>
			<node>
				<identifier>	HP_flag_rank	</identifier>
				<transform>
					<row0>	1.0000 0.0000 0.0000 0.0000	</row0>
					<row1>	0.0000 0.9986 -0.0525 0.0000	</row1>
					<row2>	0.0000 0.0525 0.9986 0.0000	</row2>
					<row3>	-0.0124 1.6495 -1.3468 1.0000	</row3>
				</transform>
			</node>
			<node>
				<identifier>	MP_AM006_Reels_1	</identifier>
				<transform>
					<row0>	0.0000 -1.0000 0.0000 0.0000	</row0>
					<row1>	0.0000 0.0000 1.0000 0.0000	</row1>
					<row2>	-1.0000 0.0000 0.0000 0.0000	</row2>
					<row3>	0.1041 0.2881 -1.1182 1.0000	</row3>
				</transform>
			</node>
			<node>
				<identifier>	MP_AM006_Reels_1_INDEX_1	</identifier>
				<transform>
					<row0>	1.0000 0.0000 0.0028 0.0000	</row0>
					<row1>	0.0000 0.9999 -0.0121 0.0000	</row1>
					<row2>	-0.0028 0.0121 0.9999 0.0000	</row2>
					<row3>	-0.0780 0.1887 -3.0627 1.0000	</row3>
				</transform>
			</node>
			<node>
				<identifier>	MP_AM006_Reels_1_INDEX_2	</identifier>
				<transform>
					<row0>	0.0000 1.0000 0.0000 0.0000	</row0>
					<row1>	0.0000 0.0000 1.0000 0.0000	</row1>
					<row2>	1.0000 0.0000 0.0000 0.0000	</row2>
					<row3>	-0.1041 0.2881 -1.1182 1.0000	</row3>
				</transform>
			</node>
			<node>
				<identifier>	MP_AM010_Speaker_1	</identifier>
				<transform>
					<row0>	-1.0000 0.0000 0.0000 0.0000	</row0>
					<row1>	0.0000 1.0000 0.0000 0.0000	</row1>
					<row2>	0.0000 0.0000 -1.0000 0.0000	</row2>
					<row3>	0.0000 0.4860 -1.1021 1.0000	</row3>
				</transform>
			</node>
			<node>
				<identifier>	MP_AM010_Speaker_1_INDEX_1	</identifier>
				<transform>
					<row0>	-1.0000 0.0000 0.0000 0.0000	</row0>
					<row1>	0.0000 0.9633 0.2683 0.0000	</row1>
					<row2>	0.0000 0.2683 -0.9633 0.0000	</row2>
					<row3>	0.0000 0.4047 -1.7312 1.0000	</row3>
				</transform>
			</node>
			<node>
				<identifier>	MP_AM010_Speaker_1_INDEX_2	</identifier>
				<transform>
					<row0>	1.0000 0.0000 0.0000 0.0000	</row0>
					<row1>	0.0000 0.9633 -0.2683 0.0000	</row1>
					<row2>	0.0000 0.2683 0.9633 0.0000	</row2>
					<row3>	0.0000 0.4167 -2.4211 1.0000	</row3>
				</transform>
			</node>
			<node>
				<identifier>	MP_AM018_Compass_Binnacle	</identifier>
				<transform>
					<row0>	1.0000 0.0000 0.0000 0.0000	</row0>
					<row1>	0.0000 1.0000 0.0000 0.0000	</row1>
					<row2>	0.0000 0.0000 1.0000 0.0000	</row2>
					<row3>	0.0000 0.5218 -1.1304 1.0000	</row3>
				</transform>
			</node>
			<node>
				<identifier>	MP_AM046_Running_Lights_B	</identifier>
				<transform>
					<row0>	-1.0000 0.0000 0.0000 0.0000	</row0>
					<row1>	0.0000 1.0000 0.0000 0.0000	</row1>
					<row2>	0.0000 0.0000 -1.0000 0.0000	</row2>
					<row3>	0.0000 0.3235 -3.7532 1.0000	</row3>
				</transform>
			</node>
			<node>
				<identifier>	MP_AM049_Signal_Lamp_1	</identifier>
				<transform>
					<row0>	1.0000 0.0000 0.0000 0.0000	</row0>
					<row1>	0.0000 0.9767 -0.2147 0.0000	</row1>
					<row2>	0.0000 0.2147 0.9767 0.0000	</row2>
					<row3>	0.0000 0.4935 -3.7744 1.0000	</row3>
				</transform>
			</node>
			<node>
				<identifier>	MP_AM055_Boat_1	</identifier>
				<transform>
					<row0>	0.0012 0.2560 -0.9667 0.0000	</row0>
					<row1>	0.0000 0.9667 0.2560 0.0000	</row1>
					<row2>	1.0000 -0.0003 0.0012 0.0000	</row2>
					<row3>	0.0030 0.4503 -2.3937 1.0000	</row3>
				</transform>
			</node>
			<node>
				<identifier>	MP_AM055_Boat_1_INDEX_1	</identifier>
				<transform>
					<row0>	0.0000 0.9999 -0.0156 0.0000	</row0>
					<row1>	1.0000 -0.0001 -0.0094 0.0000	</row1>
					<row2>	-0.0094 -0.0156 -0.9998 0.0000	</row2>
					<row3>	0.2993 0.2983 -0.7105 1.0000	</row3>
				</transform>
			</node>
			<node>
				<identifier>	MP_AM055_Boat_1_INDEX_2	</identifier>
				<transform>
					<row0>	0.0000 -0.9999 0.0156 0.0000	</row0>
					<row1>	-1.0000 -0.0001 -0.0094 0.0000	</row1>
					<row2>	0.0094 -0.0156 -0.9998 0.0000	</row2>
					<row3>	-0.2993 0.2983 -0.7105 1.0000	</row3>
				</transform>
			</node>
			<node>
				<identifier>	MP_AM071_Signal_Lamp_2	</identifier>
				<transform>
					<row0>	1.0000 0.0000 0.0000 0.0000	</row0>
					<row1>	0.0000 1.0000 0.0000 0.0000	</row1>
					<row2>	0.0000 0.0000 1.0000 0.0000	</row2>
					<row3>	0.0000 0.8566 -1.3253 1.0000	</row3>
				</transform>
			</node>
			<node>
				<identifier>	MP_AM071_Signal_Lamp_2_INDEX_1	</identifier>
				<transform>
					<row0>	1.0000 0.0000 0.0000 0.0000	</row0>
					<row1>	0.0000 1.0000 0.0000 0.0000	</row1>
					<row2>	0.0000 0.0000 1.0000 0.0000	</row2>
					<row3>	0.0000 0.8148 -1.3235 1.0000	</row3>
				</transform>
			</node>
			<node>
				<identifier>	MP_AM071_Signal_Lamp_2_INDEX_2	</identifier>
				<transform>
					<row0>	1.0000 0.0000 0.0000 0.0000	</row0>
					<row1>	0.0000 1.0000 0.0000 0.0000	</row1>
					<row2>	0.0000 0.0000 1.0000 0.0000	</row2>
					<row3>	0.0000 0.8978 -1.3271 1.0000	</row3>
				</transform>
			</node>
			<node>
				<identifier>	MP_AM091_Whaleboat_26ft	</identifier>
				<transform>
					<row0>	-1.0000 0.0000 0.0000 0.0000	</row0>
					<row1>	0.0000 0.9997 0.0231 0.0000	</row1>
					<row2>	0.0000 0.0231 -0.9997 0.0000	</row2>
					<row3>	0.2161 0.4256 -0.7322 1.0000	</row3>
				</transform>
			</node>
			<node>
				<identifier>	MP_AM157_Telephone	</identifier>
				<transform>
					<row0>	-0.6878 0.0000 0.7259 0.0000	</row0>
					<row1>	0.0000 1.0000 0.0000 0.0000	</row1>
					<row2>	-0.7259 0.0000 -0.6878 0.0000	</row2>
					<row3>	0.0959 0.2972 -1.8672 1.0000	</row3>
				</transform>
			</node>
			<node>
				<identifier>	MP_AM157_Telephone_INDEX_1	</identifier>
				<transform>
					<row0>	1.0000 0.0000 0.0000 0.0000	</row0>
					<row1>	0.0000 1.0000 0.0000 0.0000	</row1>
					<row2>	0.0000 0.0000 1.0000 0.0000	</row2>
					<row3>	0.0394 0.4534 -1.2646 1.0000	</row3>
				</transform>
			</node>
			<node>
				<identifier>	MP_AM157_Telephone_INDEX_2	</identifier>
				<transform>
					<row0>	0.0000 0.0000 1.0000 0.0000	</row0>
					<row1>	0.0000 1.0000 0.0000 0.0000	</row1>
					<row2>	-1.0000 0.0000 0.0000 0.0000	</row2>
					<row3>	0.0396 0.3560 -2.3705 1.0000	</row3>
				</transform>
			</node>
			<node>
				<identifier>	MP_AM159_Voice_Tube	</identifier>
				<transform>
					<row0>	1.0000 0.0000 0.0000 0.0000	</row0>
					<row1>	0.0000 1.0000 0.0000 0.0000	</row1>
					<row2>	0.0000 0.0000 1.0000 0.0000	</row2>
					<row3>	0.0418 0.5225 -1.1304 1.0000	</row3>
				</transform>
			</node>
			<node>
				<identifier>	MP_AM159_Voice_Tube_INDEX_1	</identifier>
				<transform>
					<row0>	1.0000 0.0000 0.0000 0.0000	</row0>
					<row1>	0.0000 1.0000 0.0000 0.0000	</row1>
					<row2>	0.0000 0.0000 1.0000 0.0000	</row2>
					<row3>	0.0669 0.5225 -1.1304 1.0000	</row3>
				</transform>
			</node>
			<node>
				<identifier>	MP_AM159_Voice_Tube_INDEX_2	</identifier>
				<transform>
					<row0>	0.0086 0.0000 -1.0000 0.0000	</row0>
					<row1>	0.0000 1.0000 0.0000 0.0000	</row1>
					<row2>	1.0000 0.0000 0.0086 0.0000	</row2>
					<row3>	0.0381 0.5947 -0.6310 1.0000	</row3>
				</transform>
			</node>
			<node>
				<identifier>	MP_AM200_Screened_speed_light	</identifier>
				<transform>
					<row0>	0.6175 0.0000 0.0000 0.0000	</row0>
					<row1>	0.0000 0.6175 0.0000 0.0000	</row1>
					<row2>	0.0000 0.0000 0.6175 0.0000	</row2>
					<row3>	0.0000 0.7123 -1.8453 1.0000	</row3>
				</transform>
			</node>
			<node>
				<identifier>	MP_AM219_Bollard	</identifier>
				<transform>
					<row0>	0.5060 -0.0566 -0.0171 0.0000	</row0>
					<row1>	0.0563 0.5063 -0.0092 0.0000	</row1>
					<row2>	0.0180 0.0073 0.5091 0.0000	</row2>
					<row3>	0.2198 0.1806 -2.9191 1.0000	</row3>
				</transform>
			</node>
			<node>
				<identifier>	MP_AM219_Bollard_INDEX_1	</identifier>
				<transform>
					<row0>	0.5076 0.0433 0.0075 0.0000	</row0>
					<row1>	-0.0432 0.5076 -0.0079 0.0000	</row1>
					<row2>	-0.0081 0.0073 0.5093 0.0000	</row2>
					<row3>	-0.3030 0.2058 -0.8162 1.0000	</row3>
				</transform>
			</node>
			<node>
				<identifier>	MP_AM219_Bollard_INDEX_2	</identifier>
				<transform>
					<row0>	0.5060 0.0566 0.0171 0.0000	</row0>
					<row1>	-0.0563 0.5063 -0.0092 0.0000	</row1>
					<row2>	-0.0180 0.0073 0.5091 0.0000	</row2>
					<row3>	-0.2185 0.1807 -2.9191 1.0000	</row3>
				</transform>
			</node>
			<node>
				<identifier>	MP_AM219_Bollard_INDEX_3	</identifier>
				<transform>
					<row0>	0.5001 -0.0678 -0.0695 0.0000	</row0>
					<row1>	0.0665 0.5049 -0.0138 0.0000	</row1>
					<row2>	0.0707 0.0045 0.5045 0.0000	</row2>
					<row3>	0.1967 0.1726 -3.4039 1.0000	</row3>
				</transform>
			</node>
			<node>
				<identifier>	MP_AM219_Bollard_INDEX_4	</identifier>
				<transform>
					<row0>	0.5076 -0.0433 -0.0075 0.0000	</row0>
					<row1>	0.0432 0.5076 -0.0079 0.0000	</row1>
					<row2>	0.0081 0.0073 0.5093 0.0000	</row2>
					<row3>	0.3030 0.2058 -0.8162 1.0000	</row3>
				</transform>
			</node>
			<node>
				<identifier>	MP_AM219_Bollard_INDEX_5	</identifier>
				<transform>
					<row0>	0.5001 0.0678 0.0695 0.0000	</row0>
					<row1>	-0.0665 0.5049 -0.0138 0.0000	</row1>
					<row2>	-0.0707 0.0045 0.5045 0.0000	</row2>
					<row3>	-0.1967 0.1726 -3.4039 1.0000	</row3>
				</transform>
			</node>
			<node>
				<identifier>	MP_AM246_Hatch	</identifier>
				<transform>
					<row0>	0.9989 0.0467 -0.0013 0.0000	</row0>
					<row1>	-0.0467 0.9988 -0.0159 0.0000	</row1>
					<row2>	0.0006 0.0159 0.9999 0.0000	</row2>
					<row3>	-0.0485 0.1872 -3.3625 1.0000	</row3>
				</transform>
			</node>
			<node>
				<identifier>	MP_AM246_Hatch_INDEX_1	</identifier>
				<transform>
					<row0>	0.9988 0.0482 -0.0002 0.0000	</row0>
					<row1>	-0.0482 0.9988 -0.0107 0.0000	</row1>
					<row2>	-0.0003 0.0107 0.9999 0.0000	</row2>
					<row3>	-0.1542 0.2070 -1.6003 1.0000	</row3>
				</transform>
			</node>
			<node>
				<identifier>	MP_AM246_Hatch_INDEX_2	</identifier>
				<transform>
					<row0>	1.0000 0.0000 0.0000 0.0000	</row0>
					<row1>	0.0000 1.0000 -0.0067 0.0000	</row1>
					<row2>	0.0000 0.0067 1.0000 0.0000	</row2>
					<row3>	0.0000 0.2257 -0.4791 1.0000	</row3>
				</transform>
			</node>
			<node>
				<identifier>	MP_AM246_Hatch_INDEX_3	</identifier>
				<transform>
					<row0>	0.9995 0.0319 0.0000 0.0000	</row0>
					<row1>	-0.0319 0.9994 -0.0107 0.0000	</row1>
					<row2>	-0.0003 0.0107 0.9999 0.0000	</row2>
					<row3>	-0.1014 0.2096 -1.5167 1.0000	</row3>
				</transform>
			</node>
			<node>
				<identifier>	MP_AM246_Hatch_INDEX_4	</identifier>
				<transform>
					<row0>	0.9959 -0.0901 0.0013 0.0000	</row0>
					<row1>	0.0902 0.9959 -0.0107 0.0000	</row1>
					<row2>	-0.0003 0.0107 0.9999 0.0000	</row2>
					<row3>	0.1977 0.2055 -1.4917 1.0000	</row3>
				</transform>
			</node>
			<node>
				<identifier>	MP_AM246_Hatch_INDEX_5	</identifier>
				<transform>
					<row0>	0.9993 -0.0362 0.0000 0.0000	</row0>
					<row1>	0.0362 0.9992 -0.0159 0.0000	</row1>
					<row2>	0.0006 0.0159 0.9999 0.0000	</row2>
					<row3>	0.1162 0.1902 -2.9505 1.0000	</row3>
				</transform>
			</node>
			<node>
				<identifier>	MP_AM374_Fender	</identifier>
				<transform>
					<row0>	0.0000 0.0000 -0.6000 0.0000	</row0>
					<row1>	-0.0398 0.5987 0.0000 0.0000	</row1>
					<row2>	0.5987 0.0398 0.0000 0.0000	</row2>
					<row3>	0.0940 0.2227 -0.6101 1.0000	</row3>
				</transform>
			</node>
			<node>
				<identifier>	MP_AM374_Fender_INDEX_1	</identifier>
				<transform>
					<row0>	0.0000 0.0000 0.6000 0.0000	</row0>
					<row1>	0.0398 0.5987 0.0000 0.0000	</row1>
					<row2>	-0.5987 0.0398 0.0000 0.0000	</row2>
					<row3>	-0.0940 0.2232 -0.5662 1.0000	</row3>
				</transform>
			</node>
			<node>
				<identifier>	MP_AM374_Fender_INDEX_2	</identifier>
				<transform>
					<row0>	0.0000 0.0000 -0.6000 0.0000	</row0>
					<row1>	-0.0398 0.5987 0.0000 0.0000	</row1>
					<row2>	0.5987 0.0398 0.0000 0.0000	</row2>
					<row3>	0.0940 0.2232 -0.5662 1.0000	</row3>
				</transform>
			</node>
			<node>
				<identifier>	MP_AM374_Fender_INDEX_3	</identifier>
				<transform>
					<row0>	0.0000 0.0000 0.6000 0.0000	</row0>
					<row1>	0.0398 0.5987 0.0000 0.0000	</row1>
					<row2>	-0.5987 0.0398 0.0000 0.0000	</row2>
					<row3>	-0.0940 0.2227 -0.6101 1.0000	</row3>
				</transform>
			</node>
			<node>
				<identifier>	MP_AM451_Signal_Lamp	</identifier>
				<transform>
					<row0>	1.0000 0.0000 0.0000 0.0000	</row0>
					<row1>	0.0000 0.9984 -0.0560 0.0000	</row1>
					<row2>	0.0000 0.0560 0.9984 0.0000	</row2>
					<row3>	0.0000 1.2472 -1.3225 1.0000	</row3>
				</transform>
			</node>
			<node>
				<identifier>	MP_AM531_Stretcher	</identifier>
				<transform>
					<row0>	0.0000 0.0424 -0.9991 0.0000	</row0>
					<row1>	0.0000 0.9991 0.0424 0.0000	</row1>
					<row2>	1.0000 0.0000 0.0000 0.0000	</row2>
					<row3>	0.0000 0.2747 -0.6593 1.0000	</row3>
				</transform>
			</node>
			<node>
				<identifier>	MP_AM531_Stretcher_INDEX_1	</identifier>
				<transform>
					<row0>	0.0000 0.0424 -0.9991 0.0000	</row0>
					<row1>	0.0000 0.9991 0.0424 0.0000	</row1>
					<row2>	1.0000 0.0000 0.0000 0.0000	</row2>
					<row3>	0.0000 0.3207 -0.6557 1.0000	</row3>
				</transform>
			</node>
			<node>
				<identifier>	MP_AM549_Life_Buoy	</identifier>
				<transform>
					<row0>	0.9935 0.0068 -0.1138 0.0000	</row0>
					<row1>	-0.0067 1.0000 0.0012 0.0000	</row1>
					<row2>	0.1138 -0.0005 0.9935 0.0000	</row2>
					<row3>	0.2386 0.2146 -3.3165 1.0000	</row3>
				</transform>
			</node>
			<node>
				<identifier>	MP_AM549_Life_Buoy_INDEX_1	</identifier>
				<transform>
					<row0>	0.9981 -0.0006 0.0622 0.0000	</row0>
					<row1>	0.0006 1.0000 0.0000 0.0000	</row1>
					<row2>	-0.0622 0.0000 0.9981 0.0000	</row2>
					<row3>	-0.2492 0.4810 -2.1991 1.0000	</row3>
				</transform>
			</node>
			<node>
				<identifier>	MP_AM549_Life_Buoy_INDEX_2	</identifier>
				<transform>
					<row0>	-0.9981 0.0004 0.0622 0.0000	</row0>
					<row1>	0.0004 1.0000 -0.0002 0.0000	</row1>
					<row2>	-0.0622 -0.0002 -0.9981 0.0000	</row2>
					<row3>	0.2492 0.4810 -2.1991 1.0000	</row3>
				</transform>
			</node>
			<node>
				<identifier>	MP_AM549_Life_Buoy_INDEX_3	</identifier>
				<transform>
					<row0>	-0.9935 0.0068 -0.1138 0.0000	</row0>
					<row1>	0.0067 1.0000 0.0012 0.0000	</row1>
					<row2>	0.1138 0.0005 -0.9935 0.0000	</row2>
					<row3>	-0.2386 0.2146 -3.3169 1.0000	</row3>
				</transform>
			</node>
			<node>
				<identifier>	MP_AM558_Telegraph	</identifier>
				<transform>
					<row0>	1.0000 0.0000 0.0000 0.0000	</row0>
					<row1>	0.0000 1.0000 0.0000 0.0000	</row1>
					<row2>	0.0000 0.0000 1.0000 0.0000	</row2>
					<row3>	-0.0531 0.5218 -1.1471 1.0000	</row3>
				</transform>
			</node>
			<node>
				<identifier>	MP_AM682_36in_Searchlight	</identifier>
				<transform>
					<row0>	-1.0000 0.0000 0.0000 0.0000	</row0>
					<row1>	0.0000 1.0000 0.0000 0.0000	</row1>
					<row2>	0.0000 0.0000 -1.0000 0.0000	</row2>
					<row3>	0.0000 0.6761 -1.7436 1.0000	</row3>
				</transform>
			</node>
			<node>
				<identifier>	MP_AM722_Ammobox_big	</identifier>
				<transform>
					<row0>	-1.0000 0.0000 0.0000 0.0000	</row0>
					<row1>	0.0000 1.0000 0.0000 0.0000	</row1>
					<row2>	0.0000 0.0000 -1.0000 0.0000	</row2>
					<row3>	-0.0681 0.4343 -2.3018 1.0000	</row3>
				</transform>
			</node>
			<node>
				<identifier>	MP_AM723_Ammobox	</identifier>
				<transform>
					<row0>	-1.0000 0.0000 0.0000 0.0000	</row0>
					<row1>	0.0000 1.0000 0.0000 0.0000	</row1>
					<row2>	0.0000 0.0000 -1.0000 0.0000	</row2>
					<row3>	0.0727 0.4343 -2.3012 1.0000	</row3>
				</transform>
			</node>
			<node>
				<identifier>	MP_AM724_Ammobox_big	</identifier>
				<transform>
					<row0>	0.0000 0.0000 -1.0000 0.0000	</row0>
					<row1>	0.0000 1.0000 0.0000 0.0000	</row1>
					<row2>	1.0000 0.0000 0.0000 0.0000	</row2>
					<row3>	0.3088 0.3624 -1.2185 1.0000	</row3>
				</transform>
			</node>
			<node>
				<identifier>	MP_AM724_Ammobox_big_INDEX_1	</identifier>
				<transform>
					<row0>	-1.0000 0.0000 0.0000 0.0000	</row0>
					<row1>	0.0000 1.0000 0.0000 0.0000	</row1>
					<row2>	0.0000 0.0000 -1.0000 0.0000	</row2>
					<row3>	0.0681 0.2567 -2.7560 1.0000	</row3>
				</transform>
			</node>
			<node>
				<identifier>	MP_AM724_Ammobox_big_INDEX_2	</identifier>
				<transform>
					<row0>	-1.0000 0.0000 0.0000 0.0000	</row0>
					<row1>	0.0000 1.0000 0.0000 0.0000	</row1>
					<row2>	0.0000 0.0000 -1.0000 0.0000	</row2>
					<row3>	-0.0681 0.2567 -2.7560 1.0000	</row3>
				</transform>
			</node>
			<node>
				<identifier>	MP_AM724_Ammobox_big_INDEX_3	</identifier>
				<transform>
					<row0>	0.0000 0.0000 1.0000 0.0000	</row0>
					<row1>	0.0000 1.0000 0.0000 0.0000	</row1>
					<row2>	-1.0000 0.0000 0.0000 0.0000	</row2>
					<row3>	-0.3088 0.3624 -1.2185 1.0000	</row3>
				</transform>
			</node>
			<node>
				<identifier>	MP_AM725_Ammobox	</identifier>
				<transform>
					<row0>	-0.4654 0.0000 0.8851 0.0000	</row0>
					<row1>	0.0000 1.0000 0.0000 0.0000	</row1>
					<row2>	-0.8851 0.0000 -0.4654 0.0000	</row2>
					<row3>	-0.1835 0.2567 -2.6728 1.0000	</row3>
				</transform>
			</node>
			<node>
				<identifier>	MP_AM736_24ft_motor_launch	</identifier>
				<transform>
					<row0>	1.0000 0.0000 0.0000 0.0000	</row0>
					<row1>	0.0000 1.0000 0.0000 0.0000	</row1>
					<row2>	0.0000 0.0000 1.0000 0.0000	</row2>
					<row3>	-0.2161 0.4437 -0.7322 1.0000	</row3>
				</transform>
			</node>
			<node>
				<identifier>	MP_AM746_Depth_Charge_MK6_Arbor	</identifier>
				<transform>
					<row0>	0.9989 0.0000 0.0465 0.0000	</row0>
					<row1>	0.0132 0.9589 -0.2835 0.0000	</row1>
					<row2>	-0.0446 0.2838 0.9578 0.0000	</row2>
					<row3>	-0.2770 0.2411 -2.2514 1.0000	</row3>
				</transform>
			</node>
			<node>
				<identifier>	MP_AM746_Depth_Charge_MK6_Arbor_INDEX_1	</identifier>
				<transform>
					<row0>	0.9989 0.0000 0.0465 0.0000	</row0>
					<row1>	0.0132 0.9589 -0.2835 0.0000	</row1>
					<row2>	-0.0446 0.2838 0.9578 0.0000	</row2>
					<row3>	-0.2797 0.2411 -2.1934 1.0000	</row3>
				</transform>
			</node>
			<node>
				<identifier>	MP_AM746_Depth_Charge_MK6_Arbor_INDEX_10	</identifier>
				<transform>
					<row0>	0.9989 0.0000 -0.0465 0.0000	</row0>
					<row1>	-0.0132 0.9589 -0.2835 0.0000	</row1>
					<row2>	0.0446 0.2838 0.9578 0.0000	</row2>
					<row3>	0.2810 0.2411 -2.1643 1.0000	</row3>
				</transform>
			</node>
			<node>
				<identifier>	MP_AM746_Depth_Charge_MK6_Arbor_INDEX_11	</identifier>
				<transform>
					<row0>	0.9989 0.0000 -0.0465 0.0000	</row0>
					<row1>	-0.0132 0.9589 -0.2835 0.0000	</row1>
					<row2>	0.0446 0.2838 0.9578 0.0000	</row2>
					<row3>	0.2770 0.2411 -2.2514 1.0000	</row3>
				</transform>
			</node>
			<node>
				<identifier>	MP_AM746_Depth_Charge_MK6_Arbor_INDEX_2	</identifier>
				<transform>
					<row0>	0.9989 0.0000 0.0465 0.0000	</row0>
					<row1>	0.0132 0.9589 -0.2835 0.0000	</row1>
					<row2>	-0.0446 0.2838 0.9578 0.0000	</row2>
					<row3>	-0.2756 0.2411 -2.2803 1.0000	</row3>
				</transform>
			</node>
			<node>
				<identifier>	MP_AM746_Depth_Charge_MK6_Arbor_INDEX_3	</identifier>
				<transform>
					<row0>	0.9989 0.0000 -0.0465 0.0000	</row0>
					<row1>	-0.0132 0.9589 -0.2835 0.0000	</row1>
					<row2>	0.0446 0.2838 0.9578 0.0000	</row2>
					<row3>	0.2797 0.2411 -2.1934 1.0000	</row3>
				</transform>
			</node>
			<node>
				<identifier>	MP_AM746_Depth_Charge_MK6_Arbor_INDEX_4	</identifier>
				<transform>
					<row0>	0.9989 0.0000 0.0465 0.0000	</row0>
					<row1>	0.0132 0.9589 -0.2835 0.0000	</row1>
					<row2>	-0.0446 0.2838 0.9578 0.0000	</row2>
					<row3>	-0.2783 0.2411 -2.2224 1.0000	</row3>
				</transform>
			</node>
			<node>
				<identifier>	MP_AM746_Depth_Charge_MK6_Arbor_INDEX_5	</identifier>
				<transform>
					<row0>	0.9989 0.0000 -0.0465 0.0000	</row0>
					<row1>	-0.0132 0.9589 -0.2835 0.0000	</row1>
					<row2>	0.0446 0.2838 0.9578 0.0000	</row2>
					<row3>	0.2783 0.2411 -2.2224 1.0000	</row3>
				</transform>
			</node>
			<node>
				<identifier>	MP_AM746_Depth_Charge_MK6_Arbor_INDEX_6	</identifier>
				<transform>
					<row0>	0.9989 0.0000 0.0465 0.0000	</row0>
					<row1>	0.0132 0.9589 -0.2835 0.0000	</row1>
					<row2>	-0.0446 0.2838 0.9578 0.0000	</row2>
					<row3>	-0.2810 0.2411 -2.1643 1.0000	</row3>
				</transform>
			</node>
			<node>
				<identifier>	MP_AM746_Depth_Charge_MK6_Arbor_INDEX_7	</identifier>
				<transform>
					<row0>	0.9989 0.0000 -0.0465 0.0000	</row0>
					<row1>	-0.0132 0.9589 -0.2835 0.0000	</row1>
					<row2>	0.0446 0.2838 0.9578 0.0000	</row2>
					<row3>	0.2756 0.2411 -2.2803 1.0000	</row3>
				</transform>
			</node>
			<node>
				<identifier>	MP_AM746_Depth_Charge_MK6_Arbor_INDEX_8	</identifier>
				<transform>
					<row0>	0.9989 0.0000 0.0465 0.0000	</row0>
					<row1>	0.0132 0.9589 -0.2835 0.0000	</row1>
					<row2>	-0.0446 0.2838 0.9578 0.0000	</row2>
					<row3>	-0.2824 0.2411 -2.1353 1.0000	</row3>
				</transform>
			</node>
			<node>
				<identifier>	MP_AM746_Depth_Charge_MK6_Arbor_INDEX_9	</identifier>
				<transform>
					<row0>	0.9989 0.0000 -0.0465 0.0000	</row0>
					<row1>	-0.0132 0.9589 -0.2835 0.0000	</row1>
					<row2>	0.0446 0.2838 0.9578 0.0000	</row2>
					<row3>	0.2824 0.2411 -2.1353 1.0000	</row3>
				</transform>
			</node>
			<node>
				<identifier>	MP_CM011_Fire_Fighting_Gear	</identifier>
				<transform>
					<row0>	0.0756 0.0000 0.9971 0.0000	</row0>
					<row1>	0.0000 1.0000 0.0000 0.0000	</row1>
					<row2>	-0.9971 0.0000 0.0756 0.0000	</row2>
					<row3>	0.1997 0.1939 -2.2503 1.0000	</row3>
				</transform>
			</node>
			<node>
				<identifier>	MP_CM011_Fire_Fighting_Gear_INDEX_1	</identifier>
				<transform>
					<row0>	-0.0157 0.0000 0.9999 0.0000	</row0>
					<row1>	0.0000 1.0000 0.0000 0.0000	</row1>
					<row2>	-0.9999 0.0000 -0.0157 0.0000	</row2>
					<row3>	0.1786 0.2101 -1.2765 1.0000	</row3>
				</transform>
			</node>
			<node>
				<identifier>	MP_CM011_Fire_Fighting_Gear_INDEX_2	</identifier>
				<transform>
					<row0>	0.0756 0.0000 -0.9971 0.0000	</row0>
					<row1>	0.0000 1.0000 0.0000 0.0000	</row1>
					<row2>	0.9971 0.0000 0.0756 0.0000	</row2>
					<row3>	-0.1997 0.1939 -2.2503 1.0000	</row3>
				</transform>
			</node>
			<node>
				<identifier>	MP_CM012_Fire_Hose_Rack_1	</identifier>
				<transform>
					<row0>	0.9960 0.0000 0.0893 0.0000	</row0>
					<row1>	0.0000 1.0000 0.0000 0.0000	</row1>
					<row2>	-0.0893 0.0000 0.9960 0.0000	</row2>
					<row3>	-0.1932 0.2657 -2.2252 1.0000	</row3>
				</transform>
			</node>
			<node>
				<identifier>	MP_CM012_Fire_Hose_Rack_1_INDEX_1	</identifier>
				<transform>
					<row0>	-0.9960 0.0000 0.0893 0.0000	</row0>
					<row1>	0.0000 1.0000 0.0000 0.0000	</row1>
					<row2>	-0.0893 0.0000 -0.9960 0.0000	</row2>
					<row3>	0.1932 0.2657 -2.2252 1.0000	</row3>
				</transform>
			</node>
			<node>
				<identifier>	MP_CM012_Fire_Hose_Rack_1_INDEX_2	</identifier>
				<transform>
					<row0>	-0.9999 0.0000 -0.0157 0.0000	</row0>
					<row1>	0.0000 1.0000 0.0000 0.0000	</row1>
					<row2>	0.0157 0.0000 -0.9999 0.0000	</row2>
					<row3>	0.1725 0.2434 -1.2491 1.0000	</row3>
				</transform>
			</node>
			<node>
				<identifier>	MP_CM014_Fuel_Oil_Hose	</identifier>
				<transform>
					<row0>	0.9958 0.0000 0.0916 0.0000	</row0>
					<row1>	0.0000 1.0000 0.0000 0.0000	</row1>
					<row2>	-0.0916 0.0000 0.9958 0.0000	</row2>
					<row3>	-0.2084 0.3702 -2.0723 1.0000	</row3>
				</transform>
			</node>
			<node>
				<identifier>	MP_CM014_Fuel_Oil_Hose_INDEX_1	</identifier>
				<transform>
					<row0>	0.9958 0.0000 0.0916 0.0000	</row0>
					<row1>	0.0000 1.0000 0.0000 0.0000	</row1>
					<row2>	-0.0916 0.0000 0.9958 0.0000	</row2>
					<row3>	-0.2084 0.4021 -2.0723 1.0000	</row3>
				</transform>
			</node>
			<node>
				<identifier>	MP_CM014_Fuel_Oil_Hose_INDEX_2	</identifier>
				<transform>
					<row0>	-0.9958 0.0000 0.0916 0.0000	</row0>
					<row1>	0.0000 -1.0000 0.0000 0.0000	</row1>
					<row2>	0.0916 0.0000 0.9958 0.0000	</row2>
					<row3>	0.1933 0.4021 -2.2383 1.0000	</row3>
				</transform>
			</node>
			<node>
				<identifier>	MP_CM014_Fuel_Oil_Hose_INDEX_3	</identifier>
				<transform>
					<row0>	-0.9958 0.0000 0.0916 0.0000	</row0>
					<row1>	0.0000 -1.0000 0.0000 0.0000	</row1>
					<row2>	0.0916 0.0000 0.9958 0.0000	</row2>
					<row3>	0.2086 0.4021 -2.0713 1.0000	</row3>
				</transform>
			</node>
			<node>
				<identifier>	MP_CM014_Fuel_Oil_Hose_INDEX_4	</identifier>
				<transform>
					<row0>	-0.9958 0.0000 0.0916 0.0000	</row0>
					<row1>	0.0000 -1.0000 0.0000 0.0000	</row1>
					<row2>	0.0916 0.0000 0.9958 0.0000	</row2>
					<row3>	0.1933 0.3702 -2.2383 1.0000	</row3>
				</transform>
			</node>
			<node>
				<identifier>	MP_CM014_Fuel_Oil_Hose_INDEX_5	</identifier>
				<transform>
					<row0>	0.9958 0.0000 0.0916 0.0000	</row0>
					<row1>	0.0000 1.0000 0.0000 0.0000	</row1>
					<row2>	-0.0916 0.0000 0.9958 0.0000	</row2>
					<row3>	-0.1932 0.4021 -2.2377 1.0000	</row3>
				</transform>
			</node>
			<node>
				<identifier>	MP_CM014_Fuel_Oil_Hose_INDEX_6	</identifier>
				<transform>
					<row0>	0.9958 0.0000 0.0916 0.0000	</row0>
					<row1>	0.0000 1.0000 0.0000 0.0000	</row1>
					<row2>	-0.0916 0.0000 0.9958 0.0000	</row2>
					<row3>	-0.1932 0.3702 -2.2377 1.0000	</row3>
				</transform>
			</node>
			<node>
				<identifier>	MP_CM014_Fuel_Oil_Hose_INDEX_7	</identifier>
				<transform>
					<row0>	-0.9958 0.0000 0.0916 0.0000	</row0>
					<row1>	0.0000 -1.0000 0.0000 0.0000	</row1>
					<row2>	0.0916 0.0000 0.9958 0.0000	</row2>
					<row3>	0.2086 0.3702 -2.0713 1.0000	</row3>
				</transform>
			</node>
			<node>
				<identifier>	MP_CM028_Swab_Rack	</identifier>
				<transform>
					<row0>	1.0000 0.0000 0.0000 0.0000	</row0>
					<row1>	0.0000 1.0000 0.0000 0.0000	</row1>
					<row2>	0.0000 0.0000 1.0000 0.0000	</row2>
					<row3>	-0.0278 0.2124 -1.3214 1.0000	</row3>
				</transform>
			</node>
			<node>
				<identifier>	MP_CM029_Emergency_Box	</identifier>
				<transform>
					<row0>	0.0903 0.0000 -0.9959 0.0000	</row0>
					<row1>	0.0000 1.0000 0.0000 0.0000	</row1>
					<row2>	0.9959 0.0000 0.0903 0.0000	</row2>
					<row3>	-0.2174 0.2607 -2.0313 1.0000	</row3>
				</transform>
			</node>
			<node>
				<identifier>	MP_CM029_Emergency_Box_INDEX_1	</identifier>
				<transform>
					<row0>	0.7690 0.0000 -0.6392 0.0000	</row0>
					<row1>	0.0000 1.0000 0.0000 0.0000	</row1>
					<row2>	0.6392 0.0000 0.7690 0.0000	</row2>
					<row3>	-0.1212 0.4286 -1.2155 1.0000	</row3>
				</transform>
			</node>
			<node>
				<identifier>	MP_CM029_Emergency_Box_INDEX_2	</identifier>
				<transform>
					<row0>	0.0000 0.0000 -1.0000 0.0000	</row0>
					<row1>	0.0000 1.0000 0.0000 0.0000	</row1>
					<row2>	1.0000 0.0000 0.0000 0.0000	</row2>
					<row3>	-0.0344 0.4692 -1.8400 1.0000	</row3>
				</transform>
			</node>
			<node>
				<identifier>	MP_CM029_Emergency_Box_INDEX_3	</identifier>
				<transform>
					<row0>	0.0000 0.0000 1.0000 0.0000	</row0>
					<row1>	0.0000 1.0000 0.0000 0.0000	</row1>
					<row2>	-1.0000 0.0000 0.0000 0.0000	</row2>
					<row3>	0.1788 0.2927 -1.2496 1.0000	</row3>
				</transform>
			</node>
			<node>
				<identifier>	MP_CM029_Emergency_Box_INDEX_4	</identifier>
				<transform>
					<row0>	0.0903 0.0000 0.9959 0.0000	</row0>
					<row1>	0.0000 1.0000 0.0000 0.0000	</row1>
					<row2>	-0.9959 0.0000 0.0903 0.0000	</row2>
					<row3>	0.2174 0.2607 -2.0313 1.0000	</row3>
				</transform>
			</node>
			<node>
				<identifier>	MP_CM040_Steering_Wheel	</identifier>
				<transform>
					<row0>	1.0000 0.0000 0.0000 0.0000	</row0>
					<row1>	0.0000 1.0000 0.0000 0.0000	</row1>
					<row2>	0.0000 0.0000 1.0000 0.0000	</row2>
					<row3>	0.0000 0.5225 -1.1751 1.0000	</row3>
				</transform>
			</node>
			<node>
				<identifier>	MP_CM079_Fender	</identifier>
				<transform>
					<row0>	-0.6000 0.0000 -0.0016 0.0000	</row0>
					<row1>	0.0000 0.6000 0.0000 0.0000	</row1>
					<row2>	0.0016 0.0000 -0.6000 0.0000	</row2>
					<row3>	0.0865 0.2335 -2.7846 1.0000	</row3>
				</transform>
			</node>
			<node>
				<identifier>	MP_CM079_Fender_INDEX_1	</identifier>
				<transform>
					<row0>	-0.6000 0.0000 0.0016 0.0000	</row0>
					<row1>	0.0000 0.6000 0.0000 0.0000	</row1>
					<row2>	-0.0016 0.0000 -0.6000 0.0000	</row2>
					<row3>	-0.0865 0.2335 -2.7846 1.0000	</row3>
				</transform>
			</node>
			<node>
				<identifier>	MP_CM082_Rope	</identifier>
				<transform>
					<row0>	-0.0334 0.0001 -0.4416 0.0000	</row0>
					<row1>	0.0392 0.4411 -0.0029 0.0000	</row1>
					<row2>	0.4399 -0.0393 -0.0333 0.0000	</row2>
					<row3>	-0.0913 0.4301 -1.3092 1.0000	</row3>
				</transform>
			</node>
			<node>
				<identifier>	MP_CM082_Rope_INDEX_1	</identifier>
				<transform>
					<row0>	0.0312 0.0015 0.4418 0.0000	</row0>
					<row1>	-0.0402 0.4410 0.0013 0.0000	</row1>
					<row2>	-0.4399 -0.0402 0.0312 0.0000	</row2>
					<row3>	0.0916 0.4303 -1.3087 1.0000	</row3>
				</transform>
			</node>
			<node>
				<identifier>	MP_CM082_Rope_INDEX_2	</identifier>
				<transform>
					<row0>	-0.0358 0.0000 -0.4414 0.0000	</row0>
					<row1>	0.0000 0.4429 0.0000 0.0000	</row1>
					<row2>	0.4414 0.0000 -0.0358 0.0000	</row2>
					<row3>	0.0078 0.4302 -1.3093 1.0000	</row3>
				</transform>
			</node>
			<node>
				<identifier>	MP_CM126_Cleat	</identifier>
				<transform>
					<row0>	-0.5331 0.0000 0.0000 0.0000	</row0>
					<row1>	0.0000 0.0000 -0.5331 0.0000	</row1>
					<row2>	0.0000 -0.5331 0.0000 0.0000	</row2>
					<row3>	0.2434 0.2383 -2.3195 1.0000	</row3>
				</transform>
			</node>
			<node>
				<identifier>	MP_CM126_Cleat_INDEX_1	</identifier>
				<transform>
					<row0>	-0.7914 0.0000 0.6113 0.0000	</row0>
					<row1>	-0.6113 0.0000 -0.7914 0.0000	</row1>
					<row2>	0.0000 -1.0000 0.0000 0.0000	</row2>
					<row3>	-0.3076 0.3959 -0.4933 1.0000	</row3>
				</transform>
			</node>
			<node>
				<identifier>	MP_CM126_Cleat_INDEX_2	</identifier>
				<transform>
					<row0>	0.7071 0.0000 -0.7071 0.0000	</row0>
					<row1>	0.7071 0.0000 0.7071 0.0000	</row1>
					<row2>	0.0000 -1.0000 0.0000 0.0000	</row2>
					<row3>	0.3008 0.3898 -0.9999 1.0000	</row3>
				</transform>
			</node>
			<node>
				<identifier>	MP_CM126_Cleat_INDEX_3	</identifier>
				<transform>
					<row0>	0.5331 0.0000 0.0000 0.0000	</row0>
					<row1>	0.0000 0.0000 0.5331 0.0000	</row1>
					<row2>	0.0000 -0.5331 0.0000 0.0000	</row2>
					<row3>	0.2523 0.2383 -2.1013 1.0000	</row3>
				</transform>
			</node>
			<node>
				<identifier>	MP_CM126_Cleat_INDEX_4	</identifier>
				<transform>
					<row0>	0.7071 0.0000 0.7071 0.0000	</row0>
					<row1>	-0.7071 0.0000 0.7071 0.0000	</row1>
					<row2>	0.0000 -1.0000 0.0000 0.0000	</row2>
					<row3>	-0.3008 0.3898 -0.9999 1.0000	</row3>
				</transform>
			</node>
			<node>
				<identifier>	MP_CM126_Cleat_INDEX_5	</identifier>
				<transform>
					<row0>	-0.5331 0.0000 0.0000 0.0000	</row0>
					<row1>	0.0000 0.0000 -0.5331 0.0000	</row1>
					<row2>	0.0000 -0.5331 0.0000 0.0000	</row2>
					<row3>	-0.2434 0.2383 -2.3195 1.0000	</row3>
				</transform>
			</node>
			<node>
				<identifier>	MP_CM126_Cleat_INDEX_6	</identifier>
				<transform>
					<row0>	0.5331 0.0000 0.0000 0.0000	</row0>
					<row1>	0.0000 0.0000 0.5331 0.0000	</row1>
					<row2>	0.0000 -0.5331 0.0000 0.0000	</row2>
					<row3>	-0.2523 0.2383 -2.1013 1.0000	</row3>
				</transform>
			</node>
			<node>
				<identifier>	MP_CM126_Cleat_INDEX_7	</identifier>
				<transform>
					<row0>	-0.7914 0.0000 -0.6113 0.0000	</row0>
					<row1>	0.6113 0.0000 -0.7914 0.0000	</row1>
					<row2>	0.0000 -1.0000 0.0000 0.0000	</row2>
					<row3>	0.3076 0.3959 -0.4933 1.0000	</row3>
				</transform>
			</node>
			<node>
				<identifier>	MP_CM166_Propeller4_R	</identifier>
				<transform>
					<row0>	0.4339 0.0008 0.0092 0.0000	</row0>
					<row1>	-0.0004 0.4337 -0.0173 0.0000	</row1>
					<row2>	-0.0092 0.0173 0.4336 0.0000	</row2>
					<row3>	0.1980 -0.1885 -3.1292 1.0000	</row3>
				</transform>
			</node>
			<node>
				<identifier>	MP_CM167_Propeller4_L	</identifier>
				<transform>
					<row0>	0.4343 0.0000 -0.0099 0.0000	</row0>
					<row1>	-0.0004 0.4341 -0.0172 0.0000	</row1>
					<row2>	0.0099 0.0172 0.4340 0.0000	</row2>
					<row3>	-0.1980 -0.1884 -3.1292 1.0000	</row3>
				</transform>
			</node>
		</node>
	</node>
	<boundingBox>
		<min>	-0.0667 -0.0667 -0.0667	</min>
		<max>	0.0667 0.0667 0.0667	</max>
	</boundingBox>
</ASD043_Nicholas_1938_MidBack_ports.visual>
