<ASB078_Wisconsin_1945_Stern_ports.visual>
	<node>
		<identifier>	Scene Root	</identifier>
		<transform>
			<row0>	1.0000 0.0000 0.0000 0.0000	</row0>
			<row1>	0.0000 1.0000 0.0000 0.0000	</row1>
			<row2>	0.0000 0.0000 1.0000 0.0000	</row2>
			<row3>	0.0000 0.0000 0.0000 1.0000	</row3>
		</transform>
		<node>
			<identifier>	Stern_ports	</identifier>
			<transform>
				<row0>	1.0000 0.0000 0.0000 0.0000	</row0>
				<row1>	0.0000 1.0000 0.0000 0.0000	</row1>
				<row2>	0.0000 0.0000 1.0000 0.0000	</row2>
				<row3>	0.0000 0.0000 0.0000 1.0000	</row3>
			</transform>
			<node>
				<identifier>	HP_AC_1	</identifier>
				<transform>
					<row0>	0.7660 0.0000 0.6428 0.0000	</row0>
					<row1>	0.0000 1.0000 0.0000 0.0000	</row1>
					<row2>	-0.6428 0.0000 0.7660 0.0000	</row2>
					<row3>	-0.5718 0.4008 -7.6312 1.0000	</row3>
				</transform>
			</node>
			<node>
				<identifier>	HP_AC_2	</identifier>
				<transform>
					<row0>	0.7660 0.0000 -0.6428 0.0000	</row0>
					<row1>	0.0000 1.0000 0.0000 0.0000	</row1>
					<row2>	0.6428 0.0000 0.7660 0.0000	</row2>
					<row3>	0.5730 0.4008 -7.6312 1.0000	</row3>
				</transform>
			</node>
			<node>
				<identifier>	HP_AD_31	</identifier>
				<transform>
					<row0>	-1.0000 0.0000 0.0000 0.0000	</row0>
					<row1>	0.0000 1.0000 0.0000 0.0000	</row1>
					<row2>	0.0000 0.0000 -1.0000 0.0000	</row2>
					<row3>	-0.2556 0.4005 -8.3573 1.0000	</row3>
				</transform>
			</node>
			<node>
				<identifier>	HP_AD_32	</identifier>
				<transform>
					<row0>	-1.0000 0.0000 0.0000 0.0000	</row0>
					<row1>	0.0000 1.0000 0.0000 0.0000	</row1>
					<row2>	0.0000 0.0000 -1.0000 0.0000	</row2>
					<row3>	0.2556 0.4005 -8.3573 1.0000	</row3>
				</transform>
			</node>
			<node>
				<identifier>	HP_AGA_53	</identifier>
				<transform>
					<row0>	-0.7071 0.0000 0.7071 0.0000	</row0>
					<row1>	0.0000 1.0000 0.0000 0.0000	</row1>
					<row2>	-0.7071 0.0000 -0.7071 0.0000	</row2>
					<row3>	-0.8927 0.3103 -4.1327 1.0000	</row3>
				</transform>
			</node>
			<node>
				<identifier>	HP_AGA_54	</identifier>
				<transform>
					<row0>	-0.7071 0.0000 -0.7071 0.0000	</row0>
					<row1>	0.0000 1.0000 0.0000 0.0000	</row1>
					<row2>	0.7071 0.0000 -0.7071 0.0000	</row2>
					<row3>	0.8927 0.3103 -4.1327 1.0000	</row3>
				</transform>
			</node>
			<node>
				<identifier>	HP_AGA_55	</identifier>
				<transform>
					<row0>	-0.7071 0.0000 0.7071 0.0000	</row0>
					<row1>	0.0000 1.0000 0.0000 0.0000	</row1>
					<row2>	-0.7071 0.0000 -0.7071 0.0000	</row2>
					<row3>	-0.8927 0.3103 -4.3277 1.0000	</row3>
				</transform>
			</node>
			<node>
				<identifier>	HP_AGA_56	</identifier>
				<transform>
					<row0>	-0.7071 0.0000 -0.7071 0.0000	</row0>
					<row1>	0.0000 1.0000 0.0000 0.0000	</row1>
					<row2>	0.7071 0.0000 -0.7071 0.0000	</row2>
					<row3>	0.8927 0.3103 -4.3277 1.0000	</row3>
				</transform>
			</node>
			<node>
				<identifier>	HP_AGA_57	</identifier>
				<transform>
					<row0>	-0.7071 0.0000 0.7071 0.0000	</row0>
					<row1>	0.0000 1.0000 0.0000 0.0000	</row1>
					<row2>	-0.7071 0.0000 -0.7071 0.0000	</row2>
					<row3>	-0.4886 0.3137 -5.3328 1.0000	</row3>
				</transform>
			</node>
			<node>
				<identifier>	HP_AGA_58	</identifier>
				<transform>
					<row0>	-0.7071 0.0000 -0.7071 0.0000	</row0>
					<row1>	0.0000 1.0000 0.0000 0.0000	</row1>
					<row2>	0.7071 0.0000 -0.7071 0.0000	</row2>
					<row3>	0.4886 0.3137 -5.3328 1.0000	</row3>
				</transform>
			</node>
			<node>
				<identifier>	HP_AGA_59	</identifier>
				<transform>
					<row0>	-0.7071 0.0000 0.7071 0.0000	</row0>
					<row1>	0.0000 1.0000 0.0000 0.0000	</row1>
					<row2>	-0.7071 0.0000 -0.7071 0.0000	</row2>
					<row3>	-0.3412 0.3143 -5.4671 1.0000	</row3>
				</transform>
			</node>
			<node>
				<identifier>	HP_AGA_60	</identifier>
				<transform>
					<row0>	-0.7071 0.0000 -0.7071 0.0000	</row0>
					<row1>	0.0000 1.0000 0.0000 0.0000	</row1>
					<row2>	0.7071 0.0000 -0.7071 0.0000	</row2>
					<row3>	0.3412 0.3143 -5.4671 1.0000	</row3>
				</transform>
			</node>
			<node>
				<identifier>	HP_AGA_61	</identifier>
				<transform>
					<row0>	-0.7071 0.0000 -0.7071 0.0000	</row0>
					<row1>	0.0000 1.0000 0.0000 0.0000	</row1>
					<row2>	0.7071 0.0000 -0.7071 0.0000	</row2>
					<row3>	0.3509 0.3142 -5.6933 1.0000	</row3>
				</transform>
			</node>
			<node>
				<identifier>	HP_AGA_62	</identifier>
				<transform>
					<row0>	-0.7071 0.0000 0.7071 0.0000	</row0>
					<row1>	0.0000 1.0000 0.0000 0.0000	</row1>
					<row2>	-0.7071 0.0000 -0.7071 0.0000	</row2>
					<row3>	-0.1038 0.3158 -5.8667 1.0000	</row3>
				</transform>
			</node>
			<node>
				<identifier>	HP_AGA_63	</identifier>
				<transform>
					<row0>	-0.7071 0.0000 -0.7071 0.0000	</row0>
					<row1>	0.0000 1.0000 0.0000 0.0000	</row1>
					<row2>	0.7071 0.0000 -0.7071 0.0000	</row2>
					<row3>	0.1038 0.3158 -5.8667 1.0000	</row3>
				</transform>
			</node>
			<node>
				<identifier>	HP_AGA_64	</identifier>
				<transform>
					<row0>	-0.7071 0.0000 0.7071 0.0000	</row0>
					<row1>	0.0000 1.0000 0.0000 0.0000	</row1>
					<row2>	-0.7071 0.0000 -0.7071 0.0000	</row2>
					<row3>	-0.3509 0.3142 -5.8923 1.0000	</row3>
				</transform>
			</node>
			<node>
				<identifier>	HP_AGA_65	</identifier>
				<transform>
					<row0>	-0.7071 0.0000 -0.7071 0.0000	</row0>
					<row1>	0.0000 1.0000 0.0000 0.0000	</row1>
					<row2>	0.7071 0.0000 -0.7071 0.0000	</row2>
					<row3>	0.3509 0.3142 -5.8923 1.0000	</row3>
				</transform>
			</node>
			<node>
				<identifier>	HP_AGA_66	</identifier>
				<transform>
					<row0>	-0.9998 0.0000 0.0197 0.0000	</row0>
					<row1>	0.0000 1.0000 0.0000 0.0000	</row1>
					<row2>	-0.0197 0.0000 -0.9998 0.0000	</row2>
					<row3>	-0.3017 0.3035 -8.6140 1.0000	</row3>
				</transform>
			</node>
			<node>
				<identifier>	HP_AGA_67	</identifier>
				<transform>
					<row0>	-0.9998 0.0000 -0.0197 0.0000	</row0>
					<row1>	0.0000 1.0000 0.0000 0.0000	</row1>
					<row2>	0.0197 0.0000 -0.9998 0.0000	</row2>
					<row3>	0.3017 0.3035 -8.6140 1.0000	</row3>
				</transform>
			</node>
			<node>
				<identifier>	HP_AGM_3	</identifier>
				<transform>
					<row0>	-1.0000 0.0000 0.0000 0.0000	</row0>
					<row1>	0.0000 1.0000 0.0000 0.0000	</row1>
					<row2>	0.0000 0.0000 -1.0000 0.0000	</row2>
					<row3>	0.0000 0.3998 -4.2932 1.0000	</row3>
				</transform>
			</node>
			<node>
				<identifier>	HP_FX_Death_3	</identifier>
				<transform>
					<row0>	1.0000 0.0000 0.0000 0.0000	</row0>
					<row1>	0.0000 1.0000 0.0000 0.0000	</row1>
					<row2>	0.0000 0.0000 1.0000 0.0000	</row2>
					<row3>	0.0000 0.0000 -5.0000 1.0000	</row3>
				</transform>
			</node>
			<node>
				<identifier>	HP_FX_Fire_4	</identifier>
				<transform>
					<row0>	1.0000 0.0000 0.0000 0.0000	</row0>
					<row1>	0.0000 1.0000 0.0000 0.0000	</row1>
					<row2>	0.0000 0.0000 1.0000 0.0000	</row2>
					<row3>	0.0000 0.4038 -6.1686 1.0000	</row3>
				</transform>
			</node>
			<node>
				<identifier>	HP_FX_Flood_water_left_3	</identifier>
				<transform>
					<row0>	-0.9972 0.0000 -0.0752 0.0000	</row0>
					<row1>	0.0000 1.0000 0.0000 0.0000	</row1>
					<row2>	0.0752 0.0000 -0.9972 0.0000	</row2>
					<row3>	-1.0058 0.0289 -4.8633 1.0000	</row3>
				</transform>
			</node>
			<node>
				<identifier>	HP_FX_Flood_water_right_3	</identifier>
				<transform>
					<row0>	1.0000 0.0000 0.0000 0.0000	</row0>
					<row1>	0.0000 1.0000 0.0000 0.0000	</row1>
					<row2>	0.0000 0.0000 1.0000 0.0000	</row2>
					<row3>	1.0066 0.0328 -4.8632 1.0000	</row3>
				</transform>
			</node>
			<node>
				<identifier>	HP_FX_RepairLight_left_2	</identifier>
				<transform>
					<row0>	-0.0356 0.0000 0.9994 0.0000	</row0>
					<row1>	-0.0959 0.9954 -0.0034 0.0000	</row1>
					<row2>	-0.9948 -0.0960 -0.0354 0.0000	</row2>
					<row3>	-1.0512 0.3229 -5.3237 1.0000	</row3>
				</transform>
			</node>
			<node>
				<identifier>	HP_FX_RepairLight_right_1	</identifier>
				<transform>
					<row0>	-0.0674 -0.0064 -0.9977 0.0000	</row0>
					<row1>	0.0010 1.0000 -0.0065 0.0000	</row1>
					<row2>	0.9978 -0.0015 -0.0674 0.0000	</row2>
					<row3>	1.0538 0.3243 -5.3043 1.0000	</row3>
				</transform>
			</node>
			<node>
				<identifier>	HP_FX_WakeTraceBack	</identifier>
				<transform>
					<row0>	1.0000 0.0000 0.0000 0.0000	</row0>
					<row1>	0.0000 1.0000 0.0000 0.0000	</row1>
					<row2>	0.0000 0.0000 1.0000 0.0000	</row2>
					<row3>	0.0000 0.0000 -8.7896 1.0000	</row3>
				</transform>
			</node>
			<node>
				<identifier>	HP_FX_WakeTrace_screw_1	</identifier>
				<transform>
					<row0>	1.0000 0.0000 0.0000 0.0000	</row0>
					<row1>	0.0000 1.0000 0.0000 0.0000	</row1>
					<row2>	0.0000 0.0000 1.0000 0.0000	</row2>
					<row3>	-0.2510 -0.5568 -7.2590 1.0000	</row3>
				</transform>
			</node>
			<node>
				<identifier>	HP_FX_WakeTrace_screw_2	</identifier>
				<transform>
					<row0>	0.9982 0.0000 -0.0595 0.0000	</row0>
					<row1>	0.0000 1.0000 0.0000 0.0000	</row1>
					<row2>	0.0595 0.0000 0.9982 0.0000	</row2>
					<row3>	-0.6708 -0.5187 -6.6273 1.0000	</row3>
				</transform>
			</node>
			<node>
				<identifier>	HP_FX_WakeTrace_screw_3	</identifier>
				<transform>
					<row0>	1.0000 0.0000 0.0000 0.0000	</row0>
					<row1>	0.0000 1.0000 0.0000 0.0000	</row1>
					<row2>	0.0000 0.0000 1.0000 0.0000	</row2>
					<row3>	0.2325 -0.5592 -7.2548 1.0000	</row3>
				</transform>
			</node>
			<node>
				<identifier>	HP_FX_WakeTrace_screw_4	</identifier>
				<transform>
					<row0>	0.9986 0.0000 0.0533 0.0000	</row0>
					<row1>	0.0000 1.0000 0.0000 0.0000	</row1>
					<row2>	-0.0533 0.0000 0.9986 0.0000	</row2>
					<row3>	0.6681 -0.5267 -6.6130 1.0000	</row3>
				</transform>
			</node>
			<node>
				<identifier>	HP_Ship_death_3	</identifier>
				<transform>
					<row0>	1.0000 0.0000 0.0000 0.0000	</row0>
					<row1>	0.0000 1.0000 0.0000 0.0000	</row1>
					<row2>	0.0000 0.0000 1.0000 0.0000	</row2>
					<row3>	0.0000 0.0000 -3.9336 1.0000	</row3>
				</transform>
			</node>
			<node>
				<identifier>	MP_AM006_Reels_1	</identifier>
				<transform>
					<row0>	0.7055 0.0000 -0.7088 0.0000	</row0>
					<row1>	0.0000 1.0000 0.0000 0.0000	</row1>
					<row2>	0.7088 0.0000 0.7055 0.0000	</row2>
					<row3>	0.5905 0.3102 -5.2157 1.0000	</row3>
				</transform>
			</node>
			<node>
				<identifier>	MP_AM006_Reels_1_INDEX_1	</identifier>
				<transform>
					<row0>	0.7055 0.0000 0.7088 0.0000	</row0>
					<row1>	0.0000 1.0000 0.0000 0.0000	</row1>
					<row2>	-0.7088 0.0000 0.7055 0.0000	</row2>
					<row3>	-0.6015 0.3102 -5.2322 1.0000	</row3>
				</transform>
			</node>
			<node>
				<identifier>	MP_AM021_Ventilators_3	</identifier>
				<transform>
					<row0>	1.4765 0.0000 0.0000 0.0000	</row0>
					<row1>	0.0000 1.4765 0.0000 0.0000	</row1>
					<row2>	0.0000 0.0000 1.4765 0.0000	</row2>
					<row3>	0.7238 0.2612 -3.9385 1.0000	</row3>
				</transform>
			</node>
			<node>
				<identifier>	MP_AM021_Ventilators_3_INDEX_1	</identifier>
				<transform>
					<row0>	1.1926 0.0000 0.0000 0.0000	</row0>
					<row1>	0.0000 1.1926 0.0000 0.0000	</row1>
					<row2>	0.0000 0.0000 1.1926 0.0000	</row2>
					<row3>	-0.7250 0.2684 -3.9445 1.0000	</row3>
				</transform>
			</node>
			<node>
				<identifier>	MP_AM021_Ventilators_3_INDEX_10	</identifier>
				<transform>
					<row0>	0.7723 0.0000 0.0000 0.0000	</row0>
					<row1>	0.0000 0.7723 0.0000 0.0000	</row1>
					<row2>	0.0000 0.0000 0.7723 0.0000	</row2>
					<row3>	0.3604 0.3573 -8.3772 1.0000	</row3>
				</transform>
			</node>
			<node>
				<identifier>	MP_AM021_Ventilators_3_INDEX_11	</identifier>
				<transform>
					<row0>	1.4364 0.0000 0.0000 0.0000	</row0>
					<row1>	0.0000 1.4364 0.0000 0.0000	</row1>
					<row2>	0.0000 0.0000 1.4364 0.0000	</row2>
					<row3>	-0.4248 0.2612 -5.0403 1.0000	</row3>
				</transform>
			</node>
			<node>
				<identifier>	MP_AM021_Ventilators_3_INDEX_2	</identifier>
				<transform>
					<row0>	0.6380 0.0000 0.0000 0.0000	</row0>
					<row1>	0.0000 0.6380 0.0000 0.0000	</row1>
					<row2>	0.0000 0.0000 0.6380 0.0000	</row2>
					<row3>	-0.7234 0.3112 -4.4916 1.0000	</row3>
				</transform>
			</node>
			<node>
				<identifier>	MP_AM021_Ventilators_3_INDEX_3	</identifier>
				<transform>
					<row0>	0.8527 0.0000 0.0000 0.0000	</row0>
					<row1>	0.0000 0.8527 0.0000 0.0000	</row1>
					<row2>	0.0000 0.0000 0.8527 0.0000	</row2>
					<row3>	-0.4547 0.3134 -4.1658 1.0000	</row3>
				</transform>
			</node>
			<node>
				<identifier>	MP_AM021_Ventilators_3_INDEX_4	</identifier>
				<transform>
					<row0>	1.1978 0.0000 0.0000 0.0000	</row0>
					<row1>	0.0000 1.1978 0.0000 0.0000	</row1>
					<row2>	0.0000 0.0000 1.1978 0.0000	</row2>
					<row3>	0.0433 0.3112 -6.2597 1.0000	</row3>
				</transform>
			</node>
			<node>
				<identifier>	MP_AM021_Ventilators_3_INDEX_5	</identifier>
				<transform>
					<row0>	1.5157 0.0000 0.0000 0.0000	</row0>
					<row1>	0.0000 1.5157 0.0000 0.0000	</row1>
					<row2>	0.0000 0.0000 1.5157 0.0000	</row2>
					<row3>	-0.2505 0.2447 -6.5935 1.0000	</row3>
				</transform>
			</node>
			<node>
				<identifier>	MP_AM021_Ventilators_3_INDEX_6	</identifier>
				<transform>
					<row0>	1.1550 0.0000 0.0000 0.0000	</row0>
					<row1>	0.0000 1.1550 0.0000 0.0000	</row1>
					<row2>	0.0000 0.0000 1.1550 0.0000	</row2>
					<row3>	0.1743 0.3398 -8.1963 1.0000	</row3>
				</transform>
			</node>
			<node>
				<identifier>	MP_AM021_Ventilators_3_INDEX_7	</identifier>
				<transform>
					<row0>	0.7000 0.0000 0.0000 0.0000	</row0>
					<row1>	0.0000 0.7000 0.0000 0.0000	</row1>
					<row2>	0.0000 0.0000 0.7000 0.0000	</row2>
					<row3>	-0.3099 0.3545 -8.2030 1.0000	</row3>
				</transform>
			</node>
			<node>
				<identifier>	MP_AM021_Ventilators_3_INDEX_8	</identifier>
				<transform>
					<row0>	0.6000 0.0000 0.0000 0.0000	</row0>
					<row1>	0.0000 0.6000 0.0000 0.0000	</row1>
					<row2>	0.0000 0.0000 0.6000 0.0000	</row2>
					<row3>	-0.3526 0.3593 -8.3831 1.0000	</row3>
				</transform>
			</node>
			<node>
				<identifier>	MP_AM021_Ventilators_3_INDEX_9	</identifier>
				<transform>
					<row0>	0.6886 0.0000 0.0000 0.0000	</row0>
					<row1>	0.0000 0.6886 0.0000 0.0000	</row1>
					<row2>	0.0000 0.0000 0.6886 0.0000	</row2>
					<row3>	0.3725 0.3565 -8.2795 1.0000	</row3>
				</transform>
			</node>
			<node>
				<identifier>	MP_AM022_Ventilators_4	</identifier>
				<transform>
					<row0>	0.0000 0.0000 -1.4396 0.0000	</row0>
					<row1>	0.0000 1.4396 0.0000 0.0000	</row1>
					<row2>	1.4396 0.0000 0.0000 0.0000	</row2>
					<row3>	-0.3245 0.3125 -4.7528 1.0000	</row3>
				</transform>
			</node>
			<node>
				<identifier>	MP_AM022_Ventilators_4_INDEX_1	</identifier>
				<transform>
					<row0>	1.2158 0.0000 0.0000 0.0000	</row0>
					<row1>	0.0000 1.2158 0.0000 0.0000	</row1>
					<row2>	0.0000 0.0000 1.2158 0.0000	</row2>
					<row3>	-0.3540 0.3133 -5.1536 1.0000	</row3>
				</transform>
			</node>
			<node>
				<identifier>	MP_AM022_Ventilators_4_INDEX_2	</identifier>
				<transform>
					<row0>	1.1317 0.0000 0.0000 0.0000	</row0>
					<row1>	0.0000 1.1317 0.0000 0.0000	</row1>
					<row2>	0.0000 0.0000 1.1317 0.0000	</row2>
					<row3>	0.3337 0.3140 -5.2490 1.0000	</row3>
				</transform>
			</node>
			<node>
				<identifier>	MP_AM022_Ventilators_4_INDEX_3	</identifier>
				<transform>
					<row0>	-1.2158 0.0000 0.0000 0.0000	</row0>
					<row1>	0.0000 1.2158 0.0000 0.0000	</row1>
					<row2>	0.0000 0.0000 -1.2158 0.0000	</row2>
					<row3>	-0.5462 0.3133 -5.1966 1.0000	</row3>
				</transform>
			</node>
			<node>
				<identifier>	MP_AM022_Ventilators_4_INDEX_4	</identifier>
				<transform>
					<row0>	1.2158 0.0000 0.0000 0.0000	</row0>
					<row1>	0.0000 1.2158 0.0000 0.0000	</row1>
					<row2>	0.0000 0.0000 1.2158 0.0000	</row2>
					<row3>	-0.0277 0.3146 -4.7440 1.0000	</row3>
				</transform>
			</node>
			<node>
				<identifier>	MP_AM022_Ventilators_4_INDEX_5	</identifier>
				<transform>
					<row0>	0.0000 0.0000 -1.2158 0.0000	</row0>
					<row1>	0.0000 1.2158 0.0000 0.0000	</row1>
					<row2>	1.2158 0.0000 0.0000 0.0000	</row2>
					<row3>	-0.3486 0.3132 -4.5922 1.0000	</row3>
				</transform>
			</node>
			<node>
				<identifier>	MP_AM023_Hatch_1	</identifier>
				<transform>
					<row0>	-1.0853 0.0000 0.0000 0.0000	</row0>
					<row1>	0.0000 1.0853 0.0000 0.0000	</row1>
					<row2>	0.0000 0.0000 -1.0853 0.0000	</row2>
					<row3>	0.4741 0.3216 -7.2359 1.0000	</row3>
				</transform>
			</node>
			<node>
				<identifier>	MP_AM023_Hatch_1_INDEX_1	</identifier>
				<transform>
					<row0>	0.0000 0.0000 1.0640 0.0000	</row0>
					<row1>	0.0000 1.0640 0.0000 0.0000	</row1>
					<row2>	-1.0640 0.0000 0.0000 0.0000	</row2>
					<row3>	-0.0362 0.3563 -8.2896 1.0000	</row3>
				</transform>
			</node>
			<node>
				<identifier>	MP_AM046_Running_Lights_B	</identifier>
				<transform>
					<row0>	-0.7561 0.0000 0.0000 0.0000	</row0>
					<row1>	0.0000 0.7561 0.0000 0.0000	</row1>
					<row2>	0.0000 0.0000 -0.7561 0.0000	</row2>
					<row3>	0.0000 0.3887 -8.8756 1.0000	</row3>
				</transform>
			</node>
			<node>
				<identifier>	MP_AM046_Running_Lights_B_INDEX_1	</identifier>
				<transform>
					<row0>	-0.7560 0.0000 0.0000 0.0000	</row0>
					<row1>	0.0000 0.7560 0.0000 0.0000	</row1>
					<row2>	0.0000 0.0000 -0.7560 0.0000	</row2>
					<row3>	0.0000 0.4054 -8.8756 1.0000	</row3>
				</transform>
			</node>
			<node>
				<identifier>	MP_AM049_Signal_Lamp_1	</identifier>
				<transform>
					<row0>	1.0000 0.0000 0.0000 0.0000	</row0>
					<row1>	0.0000 1.0000 0.0000 0.0000	</row1>
					<row2>	0.0000 0.0000 1.0000 0.0000	</row2>
					<row3>	0.0000 0.4440 -8.8660 1.0000	</row3>
				</transform>
			</node>
			<node>
				<identifier>	MP_AM076_Aircfaft_Crane_1	</identifier>
				<transform>
					<row0>	1.0000 0.0000 0.0000 0.0000	</row0>
					<row1>	0.0000 1.0000 0.0000 0.0000	</row1>
					<row2>	0.0000 0.0000 1.0000 0.0000	</row2>
					<row3>	0.0000 0.3698 -8.7025 1.0000	</row3>
				</transform>
			</node>
			<node>
				<identifier>	MP_AM101_Cooling_tube	</identifier>
				<transform>
					<row0>	0.2772 0.9199 -0.2772 0.0000	</row0>
					<row1>	0.6505 -0.3920 -0.6505 0.0000	</row1>
					<row2>	-0.7071 0.0000 -0.7071 0.0000	</row2>
					<row3>	0.5030 0.3286 -5.1857 1.0000	</row3>
				</transform>
			</node>
			<node>
				<identifier>	MP_AM101_Cooling_tube_INDEX_1	</identifier>
				<transform>
					<row0>	0.2198 0.9496 0.2236 0.0000	</row0>
					<row1>	0.6656 -0.3136 0.6772 0.0000	</row1>
					<row2>	0.7132 0.0000 -0.7010 0.0000	</row2>
					<row3>	0.4572 0.3448 -5.4897 1.0000	</row3>
				</transform>
			</node>
			<node>
				<identifier>	MP_AM101_Cooling_tube_INDEX_2	</identifier>
				<transform>
					<row0>	0.0000 0.9301 0.3674 0.0000	</row0>
					<row1>	0.0000 -0.3674 0.9301 0.0000	</row1>
					<row2>	1.0000 0.0000 0.0000 0.0000	</row2>
					<row3>	0.4487 0.3412 -5.7100 1.0000	</row3>
				</transform>
			</node>
			<node>
				<identifier>	MP_AM101_Cooling_tube_INDEX_3	</identifier>
				<transform>
					<row0>	0.0000 0.9614 0.2750 0.0000	</row0>
					<row1>	0.0000 -0.2750 0.9614 0.0000	</row1>
					<row2>	1.0000 0.0000 0.0000 0.0000	</row2>
					<row3>	0.4487 0.3412 -5.8779 1.0000	</row3>
				</transform>
			</node>
			<node>
				<identifier>	MP_AM101_Cooling_tube_INDEX_4	</identifier>
				<transform>
					<row0>	0.3010 0.9536 0.0000 0.0000	</row0>
					<row1>	0.9536 -0.3010 0.0000 0.0000	</row1>
					<row2>	0.0000 0.0000 -1.0000 0.0000	</row2>
					<row3>	0.0744 0.3412 -5.9658 1.0000	</row3>
				</transform>
			</node>
			<node>
				<identifier>	MP_AM101_Cooling_tube_INDEX_5	</identifier>
				<transform>
					<row0>	0.3134 0.9496 0.0000 0.0000	</row0>
					<row1>	0.9496 -0.3134 0.0000 0.0000	</row1>
					<row2>	0.0000 0.0000 -1.0000 0.0000	</row2>
					<row3>	-0.1479 0.3412 -5.9658 1.0000	</row3>
				</transform>
			</node>
			<node>
				<identifier>	MP_AM101_Cooling_tube_INDEX_6	</identifier>
				<transform>
					<row0>	0.0000 0.1524 0.9883 0.0000	</row0>
					<row1>	0.0000 0.9883 -0.1524 0.0000	</row1>
					<row2>	-1.0000 0.0000 0.0000 0.0000	</row2>
					<row3>	-0.4487 0.3412 -5.8851 1.0000	</row3>
				</transform>
			</node>
			<node>
				<identifier>	MP_AM101_Cooling_tube_INDEX_7	</identifier>
				<transform>
					<row0>	-0.6928 0.1524 0.7049 0.0000	</row0>
					<row1>	0.1068 0.9883 -0.1087 0.0000	</row1>
					<row2>	-0.7132 0.0000 -0.7010 0.0000	</row2>
					<row3>	-0.4743 0.3412 -5.4721 1.0000	</row3>
				</transform>
			</node>
			<node>
				<identifier>	MP_AM101_Cooling_tube_INDEX_8	</identifier>
				<transform>
					<row0>	-0.6522 0.3863 -0.6522 0.0000	</row0>
					<row1>	0.2732 0.9224 0.2732 0.0000	</row1>
					<row2>	0.7071 0.0000 -0.7071 0.0000	</row2>
					<row3>	-0.4769 0.3245 -5.1596 1.0000	</row3>
				</transform>
			</node>
			<node>
				<identifier>	MP_AM108_Reels_4	</identifier>
				<transform>
					<row0>	1.0000 0.0000 0.0000 0.0000	</row0>
					<row1>	0.0000 1.0000 0.0000 0.0000	</row1>
					<row2>	0.0000 0.0000 1.0000 0.0000	</row2>
					<row3>	0.3684 0.3146 -4.9587 1.0000	</row3>
				</transform>
			</node>
			<node>
				<identifier>	MP_AM108_Reels_4_INDEX_1	</identifier>
				<transform>
					<row0>	1.0000 0.0000 0.0000 0.0000	</row0>
					<row1>	0.0000 1.0000 0.0000 0.0000	</row1>
					<row2>	0.0000 0.0000 1.0000 0.0000	</row2>
					<row3>	-0.2527 0.3151 -5.0535 1.0000	</row3>
				</transform>
			</node>
			<node>
				<identifier>	MP_AM136_Boat_10	</identifier>
				<transform>
					<row0>	-0.2622 0.0243 -0.9647 0.0000	</row0>
					<row1>	0.0045 0.9997 0.0240 0.0000	</row1>
					<row2>	0.9650 0.0020 -0.2622 0.0000	</row2>
					<row3>	0.5242 0.3460 -7.8382 1.0000	</row3>
				</transform>
			</node>
			<node>
				<identifier>	MP_AM136_Boat_10_INDEX_1	</identifier>
				<transform>
					<row0>	-0.2622 0.0243 -0.9647 0.0000	</row0>
					<row1>	0.0036 0.9997 0.0243 0.0000	</row1>
					<row2>	0.9650 0.0029 -0.2622 0.0000	</row2>
					<row3>	0.4865 0.3496 -7.9770 1.0000	</row3>
				</transform>
			</node>
			<node>
				<identifier>	MP_AM136_Boat_10_INDEX_2	</identifier>
				<transform>
					<row0>	-0.2622 -0.0243 0.9647 0.0000	</row0>
					<row1>	-0.0045 0.9997 0.0240 0.0000	</row1>
					<row2>	-0.9650 0.0020 -0.2622 0.0000	</row2>
					<row3>	-0.5242 0.3460 -7.8382 1.0000	</row3>
				</transform>
			</node>
			<node>
				<identifier>	MP_AM136_Boat_10_INDEX_3	</identifier>
				<transform>
					<row0>	-0.2622 -0.0243 0.9647 0.0000	</row0>
					<row1>	-0.0036 0.9997 0.0243 0.0000	</row1>
					<row2>	-0.9650 0.0029 -0.2622 0.0000	</row2>
					<row3>	-0.4865 0.3496 -7.9770 1.0000	</row3>
				</transform>
			</node>
			<node>
				<identifier>	MP_AM157_Telephone	</identifier>
				<transform>
					<row0>	0.8878 0.0000 -0.4602 0.0000	</row0>
					<row1>	0.0000 1.0000 0.0000 0.0000	</row1>
					<row2>	0.4602 0.0000 0.8878 0.0000	</row2>
					<row3>	0.3045 0.3827 -5.9814 1.0000	</row3>
				</transform>
			</node>
			<node>
				<identifier>	MP_AM157_Telephone_INDEX_1	</identifier>
				<transform>
					<row0>	0.8878 0.0000 0.4602 0.0000	</row0>
					<row1>	0.0000 1.0000 0.0000 0.0000	</row1>
					<row2>	-0.4602 0.0000 0.8878 0.0000	</row2>
					<row3>	-0.3045 0.3827 -5.9814 1.0000	</row3>
				</transform>
			</node>
			<node>
				<identifier>	MP_AM157_Telephone_INDEX_2	</identifier>
				<transform>
					<row0>	0.8835 0.0000 0.4684 0.0000	</row0>
					<row1>	0.0000 1.0000 0.0000 0.0000	</row1>
					<row2>	-0.4684 0.0000 0.8835 0.0000	</row2>
					<row3>	0.2051 0.3711 -8.4544 1.0000	</row3>
				</transform>
			</node>
			<node>
				<identifier>	MP_AM157_Telephone_INDEX_3	</identifier>
				<transform>
					<row0>	-0.2581 0.0000 -0.9661 0.0000	</row0>
					<row1>	0.0000 1.0000 0.0000 0.0000	</row1>
					<row2>	0.9661 0.0000 -0.2581 0.0000	</row2>
					<row3>	-0.1905 0.4709 -8.3884 1.0000	</row3>
				</transform>
			</node>
			<node>
				<identifier>	MP_AM157_Telephone_INDEX_4	</identifier>
				<transform>
					<row0>	0.8835 0.0000 -0.4684 0.0000	</row0>
					<row1>	0.0000 1.0000 0.0000 0.0000	</row1>
					<row2>	0.4684 0.0000 0.8835 0.0000	</row2>
					<row3>	-0.2051 0.3711 -8.4544 1.0000	</row3>
				</transform>
			</node>
			<node>
				<identifier>	MP_AM157_Telephone_INDEX_5	</identifier>
				<transform>
					<row0>	-0.2581 0.0000 0.9661 0.0000	</row0>
					<row1>	0.0000 1.0000 0.0000 0.0000	</row1>
					<row2>	-0.9661 0.0000 -0.2581 0.0000	</row2>
					<row3>	0.1905 0.4709 -8.3884 1.0000	</row3>
				</transform>
			</node>
			<node>
				<identifier>	MP_AM2021_28ft_Personnel_boat	</identifier>
				<transform>
					<row0>	1.0000 0.0000 0.0000 0.0000	</row0>
					<row1>	0.0000 1.0000 0.0000 0.0000	</row1>
					<row2>	0.0000 0.0000 1.0000 0.0000	</row2>
					<row3>	0.2982 0.3920 -6.3169 1.0000	</row3>
				</transform>
			</node>
			<node>
				<identifier>	MP_AM219_Bollard	</identifier>
				<transform>
					<row0>	-1.1717 0.0096 0.0113 0.0000	</row0>
					<row1>	0.0096 1.1718 -0.0003 0.0000	</row1>
					<row2>	-0.0113 -0.0002 -1.1718 0.0000	</row2>
					<row3>	1.0365 0.3089 -4.5446 1.0000	</row3>
				</transform>
			</node>
			<node>
				<identifier>	MP_AM219_Bollard_INDEX_1	</identifier>
				<transform>
					<row0>	1.1653 -0.0082 -0.1235 0.0000	</row0>
					<row1>	0.0095 1.1717 0.0119 0.0000	</row1>
					<row2>	0.1234 -0.0128 1.1653 0.0000	</row2>
					<row3>	0.9365 0.3124 -6.1588 1.0000	</row3>
				</transform>
			</node>
			<node>
				<identifier>	MP_AM219_Bollard_INDEX_2	</identifier>
				<transform>
					<row0>	-1.2778 0.0006 0.0025 0.0000	</row0>
					<row1>	0.0007 1.2771 0.0401 0.0000	</row1>
					<row2>	-0.0025 0.0401 -1.2771 0.0000	</row2>
					<row3>	0.1027 0.3587 -8.3324 1.0000	</row3>
				</transform>
			</node>
			<node>
				<identifier>	MP_AM219_Bollard_INDEX_3	</identifier>
				<transform>
					<row0>	-1.2778 -0.0006 -0.0025 0.0000	</row0>
					<row1>	-0.0007 1.2771 0.0401 0.0000	</row1>
					<row2>	0.0025 0.0401 -1.2771 0.0000	</row2>
					<row3>	-0.1027 0.3587 -8.3324 1.0000	</row3>
				</transform>
			</node>
			<node>
				<identifier>	MP_AM219_Bollard_INDEX_4	</identifier>
				<transform>
					<row0>	-1.1717 -0.0096 -0.0113 0.0000	</row0>
					<row1>	-0.0096 1.1718 -0.0003 0.0000	</row1>
					<row2>	0.0113 -0.0002 -1.1718 0.0000	</row2>
					<row3>	-1.0365 0.3089 -4.5446 1.0000	</row3>
				</transform>
			</node>
			<node>
				<identifier>	MP_AM219_Bollard_INDEX_5	</identifier>
				<transform>
					<row0>	1.1653 0.0082 0.1235 0.0000	</row0>
					<row1>	-0.0095 1.1717 0.0119 0.0000	</row1>
					<row2>	-0.1234 -0.0128 1.1653 0.0000	</row2>
					<row3>	-0.9365 0.3124 -6.1588 1.0000	</row3>
				</transform>
			</node>
			<node>
				<identifier>	MP_AM246_Hatch	</identifier>
				<transform>
					<row0>	1.0000 0.0000 0.0000 0.0000	</row0>
					<row1>	0.0000 1.0000 0.0000 0.0000	</row1>
					<row2>	0.0000 0.0000 1.0000 0.0000	</row2>
					<row3>	-0.2489 0.3658 -7.8778 1.0000	</row3>
				</transform>
			</node>
			<node>
				<identifier>	MP_AM407_Crane_controls	</identifier>
				<transform>
					<row0>	1.0000 0.0000 0.0000 0.0000	</row0>
					<row1>	0.0000 1.0000 0.0000 0.0000	</row1>
					<row2>	0.0000 0.0000 1.0000 0.0000	</row2>
					<row3>	0.1412 0.3698 -8.7883 1.0000	</row3>
				</transform>
			</node>
			<node>
				<identifier>	MP_AM442_Multipole_Switch	</identifier>
				<transform>
					<row0>	-0.9569 0.0000 0.2904 0.0000	</row0>
					<row1>	0.0000 1.0000 0.0000 0.0000	</row1>
					<row2>	-0.2904 0.0000 -0.9569 0.0000	</row2>
					<row3>	-0.2449 0.3711 -8.4365 1.0000	</row3>
				</transform>
			</node>
			<node>
				<identifier>	MP_AM442_Multipole_Switch_INDEX_1	</identifier>
				<transform>
					<row0>	-0.9569 0.0000 -0.2904 0.0000	</row0>
					<row1>	0.0000 1.0000 0.0000 0.0000	</row1>
					<row2>	0.2904 0.0000 -0.9569 0.0000	</row2>
					<row3>	0.2449 0.3711 -8.4365 1.0000	</row3>
				</transform>
			</node>
			<node>
				<identifier>	MP_AM442_Multipole_Switch_INDEX_2	</identifier>
				<transform>
					<row0>	0.7014 0.0000 0.7128 0.0000	</row0>
					<row1>	0.0000 1.0000 0.0000 0.0000	</row1>
					<row2>	-0.7128 0.0000 0.7014 0.0000	</row2>
					<row3>	-0.2074 0.4658 -8.4095 1.0000	</row3>
				</transform>
			</node>
			<node>
				<identifier>	MP_AM442_Multipole_Switch_INDEX_3	</identifier>
				<transform>
					<row0>	-0.9541 0.0000 -0.2994 0.0000	</row0>
					<row1>	0.0000 1.0000 0.0000 0.0000	</row1>
					<row2>	0.2994 0.0000 -0.9541 0.0000	</row2>
					<row3>	0.7799 0.3496 -4.0613 1.0000	</row3>
				</transform>
			</node>
			<node>
				<identifier>	MP_AM442_Multipole_Switch_INDEX_4	</identifier>
				<transform>
					<row0>	-0.9541 0.0000 0.2994 0.0000	</row0>
					<row1>	0.0000 1.0000 0.0000 0.0000	</row1>
					<row2>	-0.2994 0.0000 -0.9541 0.0000	</row2>
					<row3>	-0.7799 0.3496 -4.0613 1.0000	</row3>
				</transform>
			</node>
			<node>
				<identifier>	MP_AM442_Multipole_Switch_INDEX_5	</identifier>
				<transform>
					<row0>	0.7014 0.0000 -0.7128 0.0000	</row0>
					<row1>	0.0000 1.0000 0.0000 0.0000	</row1>
					<row2>	0.7128 0.0000 0.7014 0.0000	</row2>
					<row3>	0.2074 0.4658 -8.4095 1.0000	</row3>
				</transform>
			</node>
			<node>
				<identifier>	MP_AM605_Floater_Net_Basket	</identifier>
				<transform>
					<row0>	0.7031 0.0000 0.7111 0.0000	</row0>
					<row1>	0.0000 1.0000 0.0000 0.0000	</row1>
					<row2>	-0.7111 0.0000 0.7031 0.0000	</row2>
					<row3>	0.5573 0.3213 -5.4726 1.0000	</row3>
				</transform>
			</node>
			<node>
				<identifier>	MP_AM605_Floater_Net_Basket_INDEX_1	</identifier>
				<transform>
					<row0>	0.0000 0.0000 -1.0000 0.0000	</row0>
					<row1>	0.0000 1.0000 0.0000 0.0000	</row1>
					<row2>	1.0000 0.0000 0.0000 0.0000	</row2>
					<row3>	0.4758 0.3218 -5.7525 1.0000	</row3>
				</transform>
			</node>
			<node>
				<identifier>	MP_AM605_Floater_Net_Basket_INDEX_2	</identifier>
				<transform>
					<row0>	0.0000 0.0000 1.0000 0.0000	</row0>
					<row1>	0.0000 1.0000 0.0000 0.0000	</row1>
					<row2>	-1.0000 0.0000 0.0000 0.0000	</row2>
					<row3>	-0.4758 0.3218 -5.7525 1.0000	</row3>
				</transform>
			</node>
			<node>
				<identifier>	MP_AM605_Floater_Net_Basket_INDEX_3	</identifier>
				<transform>
					<row0>	0.7031 0.0000 -0.7111 0.0000	</row0>
					<row1>	0.0000 1.0000 0.0000 0.0000	</row1>
					<row2>	0.7111 0.0000 0.7031 0.0000	</row2>
					<row3>	-0.5573 0.3213 -5.4726 1.0000	</row3>
				</transform>
			</node>
			<node>
				<identifier>	MP_AM608_Wake_Light	</identifier>
				<transform>
					<row0>	-0.7318 0.0000 0.0000 0.0000	</row0>
					<row1>	0.0000 0.7034 0.2017 0.0000	</row1>
					<row2>	0.0000 0.2017 -0.7034 0.0000	</row2>
					<row3>	0.0000 0.4468 -8.8782 1.0000	</row3>
				</transform>
			</node>
			<node>
				<identifier>	MP_AM720_Helmets_Rack	</identifier>
				<transform>
					<row0>	-0.7717 0.0000 -0.6360 0.0000	</row0>
					<row1>	0.0000 1.0000 0.0000 0.0000	</row1>
					<row2>	0.6360 0.0000 -0.7717 0.0000	</row2>
					<row3>	0.1859 0.3307 -8.4692 1.0000	</row3>
				</transform>
			</node>
			<node>
				<identifier>	MP_AM720_Helmets_Rack_INDEX_1	</identifier>
				<transform>
					<row0>	-0.7717 0.0000 0.6360 0.0000	</row0>
					<row1>	0.0000 1.0000 0.0000 0.0000	</row1>
					<row2>	-0.6360 0.0000 -0.7717 0.0000	</row2>
					<row3>	-0.1859 0.3307 -8.4692 1.0000	</row3>
				</transform>
			</node>
			<node>
				<identifier>	MP_AM720_Helmets_Rack_INDEX_10	</identifier>
				<transform>
					<row0>	0.0000 0.0000 1.0000 0.0000	</row0>
					<row1>	0.0000 1.0000 0.0000 0.0000	</row1>
					<row2>	-1.0000 0.0000 0.0000 0.0000	</row2>
					<row3>	0.4552 0.3420 -5.7704 1.0000	</row3>
				</transform>
			</node>
			<node>
				<identifier>	MP_AM720_Helmets_Rack_INDEX_11	</identifier>
				<transform>
					<row0>	0.0000 0.0000 1.0000 0.0000	</row0>
					<row1>	0.0000 1.0000 0.0000 0.0000	</row1>
					<row2>	-1.0000 0.0000 0.0000 0.0000	</row2>
					<row3>	0.4552 0.3420 -5.5451 1.0000	</row3>
				</transform>
			</node>
			<node>
				<identifier>	MP_AM720_Helmets_Rack_INDEX_2	</identifier>
				<transform>
					<row0>	1.0000 0.0000 0.0000 0.0000	</row0>
					<row1>	0.0000 1.0000 0.0000 0.0000	</row1>
					<row2>	0.0000 0.0000 1.0000 0.0000	</row2>
					<row3>	0.8091 0.3157 -4.4264 1.0000	</row3>
				</transform>
			</node>
			<node>
				<identifier>	MP_AM720_Helmets_Rack_INDEX_3	</identifier>
				<transform>
					<row0>	1.0000 0.0000 0.0000 0.0000	</row0>
					<row1>	0.0000 1.0000 0.0000 0.0000	</row1>
					<row2>	0.0000 0.0000 1.0000 0.0000	</row2>
					<row3>	-0.8091 0.3157 -4.4264 1.0000	</row3>
				</transform>
			</node>
			<node>
				<identifier>	MP_AM720_Helmets_Rack_INDEX_4	</identifier>
				<transform>
					<row0>	1.0000 0.0000 0.0000 0.0000	</row0>
					<row1>	0.0000 1.0000 0.0000 0.0000	</row1>
					<row2>	0.0000 0.0000 1.0000 0.0000	</row2>
					<row3>	-0.0158 0.3420 -5.9723 1.0000	</row3>
				</transform>
			</node>
			<node>
				<identifier>	MP_AM720_Helmets_Rack_INDEX_5	</identifier>
				<transform>
					<row0>	0.0000 0.0000 -1.0000 0.0000	</row0>
					<row1>	0.0000 1.0000 0.0000 0.0000	</row1>
					<row2>	1.0000 0.0000 0.0000 0.0000	</row2>
					<row3>	-0.4552 0.3420 -5.5451 1.0000	</row3>
				</transform>
			</node>
			<node>
				<identifier>	MP_AM720_Helmets_Rack_INDEX_6	</identifier>
				<transform>
					<row0>	0.7026 0.0000 0.7116 0.0000	</row0>
					<row1>	0.0000 1.0000 0.0000 0.0000	</row1>
					<row2>	-0.7116 0.0000 0.7026 0.0000	</row2>
					<row3>	0.5157 0.3420 -5.4396 1.0000	</row3>
				</transform>
			</node>
			<node>
				<identifier>	MP_AM720_Helmets_Rack_INDEX_7	</identifier>
				<transform>
					<row0>	-0.4576 0.0000 -0.8892 0.0000	</row0>
					<row1>	0.0000 1.0000 0.0000 0.0000	</row1>
					<row2>	0.8892 0.0000 -0.4576 0.0000	</row2>
					<row3>	-0.5760 0.3420 -5.2772 1.0000	</row3>
				</transform>
			</node>
			<node>
				<identifier>	MP_AM720_Helmets_Rack_INDEX_8	</identifier>
				<transform>
					<row0>	1.0000 0.0000 0.0000 0.0000	</row0>
					<row1>	0.0000 1.0000 0.0000 0.0000	</row1>
					<row2>	0.0000 0.0000 1.0000 0.0000	</row2>
					<row3>	-0.2750 0.3420 -5.9723 1.0000	</row3>
				</transform>
			</node>
			<node>
				<identifier>	MP_AM720_Helmets_Rack_INDEX_9	</identifier>
				<transform>
					<row0>	1.0000 0.0000 0.0000 0.0000	</row0>
					<row1>	0.0000 1.0000 0.0000 0.0000	</row1>
					<row2>	0.0000 0.0000 1.0000 0.0000	</row2>
					<row3>	0.0157 0.3420 -5.9723 1.0000	</row3>
				</transform>
			</node>
			<node>
				<identifier>	MP_AM721_Talker_Helmets_Rack	</identifier>
				<transform>
					<row0>	1.0000 0.0000 0.0000 0.0000	</row0>
					<row1>	0.0000 1.0000 0.0000 0.0000	</row1>
					<row2>	0.0000 0.0000 1.0000 0.0000	</row2>
					<row3>	-0.1704 0.3536 -5.9723 1.0000	</row3>
				</transform>
			</node>
			<node>
				<identifier>	MP_AM724_Ammobox_big	</identifier>
				<transform>
					<row0>	0.0000 0.0000 1.0000 0.0000	</row0>
					<row1>	0.0000 1.0000 0.0000 0.0000	</row1>
					<row2>	-1.0000 0.0000 0.0000 0.0000	</row2>
					<row3>	0.7656 0.3121 -4.3629 1.0000	</row3>
				</transform>
			</node>
			<node>
				<identifier>	MP_AM724_Ammobox_big_INDEX_1	</identifier>
				<transform>
					<row0>	0.0000 0.0000 1.0000 0.0000	</row0>
					<row1>	0.0000 1.0000 0.0000 0.0000	</row1>
					<row2>	-1.0000 0.0000 0.0000 0.0000	</row2>
					<row3>	0.7656 0.3121 -4.2490 1.0000	</row3>
				</transform>
			</node>
			<node>
				<identifier>	MP_AM724_Ammobox_big_INDEX_10	</identifier>
				<transform>
					<row0>	0.7098 0.0000 -0.7044 0.0000	</row0>
					<row1>	0.0000 1.0000 0.0000 0.0000	</row1>
					<row2>	0.7044 0.0000 0.7098 0.0000	</row2>
					<row3>	-0.2295 0.3143 -5.4107 1.0000	</row3>
				</transform>
			</node>
			<node>
				<identifier>	MP_AM724_Ammobox_big_INDEX_11	</identifier>
				<transform>
					<row0>	0.7098 0.0000 -0.7044 0.0000	</row0>
					<row1>	0.0000 1.0000 0.0000 0.0000	</row1>
					<row2>	0.7044 0.0000 0.7098 0.0000	</row2>
					<row3>	-0.3504 0.3143 -5.2907 1.0000	</row3>
				</transform>
			</node>
			<node>
				<identifier>	MP_AM724_Ammobox_big_INDEX_12	</identifier>
				<transform>
					<row0>	0.7098 0.0000 -0.7044 0.0000	</row0>
					<row1>	0.0000 1.0000 0.0000 0.0000	</row1>
					<row2>	0.7044 0.0000 0.7098 0.0000	</row2>
					<row3>	-0.4313 0.3143 -5.2104 1.0000	</row3>
				</transform>
			</node>
			<node>
				<identifier>	MP_AM724_Ammobox_big_INDEX_13	</identifier>
				<transform>
					<row0>	0.0000 0.0000 -1.0000 0.0000	</row0>
					<row1>	0.0000 1.0000 0.0000 0.0000	</row1>
					<row2>	1.0000 0.0000 0.0000 0.0000	</row2>
					<row3>	-0.7656 0.3121 -4.3629 1.0000	</row3>
				</transform>
			</node>
			<node>
				<identifier>	MP_AM724_Ammobox_big_INDEX_14	</identifier>
				<transform>
					<row0>	0.0000 0.0000 -1.0000 0.0000	</row0>
					<row1>	0.0000 1.0000 0.0000 0.0000	</row1>
					<row2>	1.0000 0.0000 0.0000 0.0000	</row2>
					<row3>	-0.7656 0.3121 -4.2490 1.0000	</row3>
				</transform>
			</node>
			<node>
				<identifier>	MP_AM724_Ammobox_big_INDEX_15	</identifier>
				<transform>
					<row0>	1.0000 0.0000 0.0000 0.0000	</row0>
					<row1>	0.0000 1.0000 0.0000 0.0000	</row1>
					<row2>	0.0000 0.0000 1.0000 0.0000	</row2>
					<row3>	-0.0608 0.3154 -5.7498 1.0000	</row3>
				</transform>
			</node>
			<node>
				<identifier>	MP_AM724_Ammobox_big_INDEX_16	</identifier>
				<transform>
					<row0>	-1.0000 0.0000 0.0000 0.0000	</row0>
					<row1>	0.0000 1.0000 0.0000 0.0000	</row1>
					<row2>	0.0000 0.0000 -1.0000 0.0000	</row2>
					<row3>	-0.0608 0.3154 -5.6968 1.0000	</row3>
				</transform>
			</node>
			<node>
				<identifier>	MP_AM724_Ammobox_big_INDEX_17	</identifier>
				<transform>
					<row0>	0.0000 0.0000 1.0000 0.0000	</row0>
					<row1>	0.0000 1.0000 0.0000 0.0000	</row1>
					<row2>	-1.0000 0.0000 0.0000 0.0000	</row2>
					<row3>	-0.4327 0.3146 -5.6458 1.0000	</row3>
				</transform>
			</node>
			<node>
				<identifier>	MP_AM724_Ammobox_big_INDEX_18	</identifier>
				<transform>
					<row0>	0.0000 0.0000 1.0000 0.0000	</row0>
					<row1>	0.0000 1.0000 0.0000 0.0000	</row1>
					<row2>	-1.0000 0.0000 0.0000 0.0000	</row2>
					<row3>	-0.4327 0.3146 -5.7675 1.0000	</row3>
				</transform>
			</node>
			<node>
				<identifier>	MP_AM724_Ammobox_big_INDEX_2	</identifier>
				<transform>
					<row0>	0.7098 0.0000 0.7044 0.0000	</row0>
					<row1>	0.0000 1.0000 0.0000 0.0000	</row1>
					<row2>	-0.7044 0.0000 0.7098 0.0000	</row2>
					<row3>	0.4313 0.3143 -5.2104 1.0000	</row3>
				</transform>
			</node>
			<node>
				<identifier>	MP_AM724_Ammobox_big_INDEX_3	</identifier>
				<transform>
					<row0>	0.7098 0.0000 0.7044 0.0000	</row0>
					<row1>	0.0000 1.0000 0.0000 0.0000	</row1>
					<row2>	-0.7044 0.0000 0.7098 0.0000	</row2>
					<row3>	0.3504 0.3143 -5.2907 1.0000	</row3>
				</transform>
			</node>
			<node>
				<identifier>	MP_AM724_Ammobox_big_INDEX_4	</identifier>
				<transform>
					<row0>	0.7098 0.0000 0.7044 0.0000	</row0>
					<row1>	0.0000 1.0000 0.0000 0.0000	</row1>
					<row2>	-0.7044 0.0000 0.7098 0.0000	</row2>
					<row3>	0.2295 0.3143 -5.4107 1.0000	</row3>
				</transform>
			</node>
			<node>
				<identifier>	MP_AM724_Ammobox_big_INDEX_5	</identifier>
				<transform>
					<row0>	0.0000 0.0000 -1.0000 0.0000	</row0>
					<row1>	0.0000 1.0000 0.0000 0.0000	</row1>
					<row2>	1.0000 0.0000 0.0000 0.0000	</row2>
					<row3>	0.2252 0.3154 -5.9136 1.0000	</row3>
				</transform>
			</node>
			<node>
				<identifier>	MP_AM724_Ammobox_big_INDEX_6	</identifier>
				<transform>
					<row0>	0.0000 0.0000 -1.0000 0.0000	</row0>
					<row1>	0.0000 1.0000 0.0000 0.0000	</row1>
					<row2>	1.0000 0.0000 0.0000 0.0000	</row2>
					<row3>	0.2252 0.3154 -5.7947 1.0000	</row3>
				</transform>
			</node>
			<node>
				<identifier>	MP_AM724_Ammobox_big_INDEX_7	</identifier>
				<transform>
					<row0>	0.0000 0.0000 1.0000 0.0000	</row0>
					<row1>	0.0000 1.0000 0.0000 0.0000	</row1>
					<row2>	-1.0000 0.0000 0.0000 0.0000	</row2>
					<row3>	0.2252 0.3154 -5.6755 1.0000	</row3>
				</transform>
			</node>
			<node>
				<identifier>	MP_AM724_Ammobox_big_INDEX_8	</identifier>
				<transform>
