<RSC026_Molotov_1943_Stern_ports.visual>
	<node>
		<identifier>	Scene Root	</identifier>
		<transform>
			<row0>	1.0000 0.0000 0.0000 0.0000	</row0>
			<row1>	0.0000 1.0000 0.0000 0.0000	</row1>
			<row2>	0.0000 0.0000 1.0000 0.0000	</row2>
			<row3>	0.0000 0.0000 0.0000 1.0000	</row3>
		</transform>
		<node>
			<identifier>	Stern_ports	</identifier>
			<transform>
				<row0>	1.0000 0.0000 0.0000 0.0000	</row0>
				<row1>	0.0000 1.0000 0.0000 0.0000	</row1>
				<row2>	0.0000 0.0000 1.0000 0.0000	</row2>
				<row3>	0.0000 0.0000 0.0000 1.0000	</row3>
			</transform>
			<node>
				<identifier>	HP_FX_Fire_4	</identifier>
				<transform>
					<row0>	1.0000 0.0000 0.0000 0.0000	</row0>
					<row1>	0.0000 1.0000 0.0000 0.0000	</row1>
					<row2>	0.0000 0.0000 1.0000 0.0000	</row2>
					<row3>	0.0000 0.3459 -5.3720 1.0000	</row3>
				</transform>
			</node>
			<node>
				<identifier>	HP_FX_Flood_water_left_4	</identifier>
				<transform>
					<row0>	0.0000 0.0000 -1.0000 0.0000	</row0>
					<row1>	0.0000 1.0000 0.0000 0.0000	</row1>
					<row2>	1.0000 0.0000 0.0000 0.0000	</row2>
					<row3>	-0.1080 0.1050 -6.2790 1.0000	</row3>
				</transform>
			</node>
			<node>
				<identifier>	HP_FX_Flood_water_right_4	</identifier>
				<transform>
					<row0>	0.0000 0.0000 -1.0000 0.0000	</row0>
					<row1>	0.0000 1.0000 0.0000 0.0000	</row1>
					<row2>	1.0000 0.0000 0.0000 0.0000	</row2>
					<row3>	0.1140 0.1050 -6.2790 1.0000	</row3>
				</transform>
			</node>
			<node>
				<identifier>	HP_FX_WakeTraceBack	</identifier>
				<transform>
					<row0>	1.0000 0.0000 0.0000 0.0000	</row0>
					<row1>	0.0000 1.0000 0.0000 0.0000	</row1>
					<row2>	0.0000 0.0000 1.0000 0.0000	</row2>
					<row3>	0.0000 0.0000 -6.2469 1.0000	</row3>
				</transform>
			</node>
			<node>
				<identifier>	HP_FX_WakeTrace_screw_1	</identifier>
				<transform>
					<row0>	1.0000 0.0000 0.0000 0.0000	</row0>
					<row1>	0.0000 1.0000 0.0000 0.0000	</row1>
					<row2>	0.0000 0.0000 1.0000 0.0000	</row2>
					<row3>	-0.2174 -0.2867 -5.1956 1.0000	</row3>
				</transform>
			</node>
			<node>
				<identifier>	HP_FX_WakeTrace_screw_2	</identifier>
				<transform>
					<row0>	1.0000 0.0000 0.0000 0.0000	</row0>
					<row1>	0.0000 1.0000 0.0000 0.0000	</row1>
					<row2>	0.0000 0.0000 1.0000 0.0000	</row2>
					<row3>	0.2174 -0.2867 -5.1956 1.0000	</row3>
				</transform>
			</node>
			<node>
				<identifier>	HP_RGB_1	</identifier>
				<transform>
					<row0>	-0.0014 0.0185 0.9998 0.0000	</row0>
					<row1>	-0.0880 0.9959 -0.0186 0.0000	</row1>
					<row2>	-0.9961 -0.0880 0.0002 0.0000	</row2>
					<row3>	-0.2404 0.3333 -5.1593 1.0000	</row3>
				</transform>
			</node>
			<node>
				<identifier>	HP_RGB_2	</identifier>
				<transform>
					<row0>	-0.0014 -0.0185 -0.9998 0.0000	</row0>
					<row1>	0.0880 0.9959 -0.0186 0.0000	</row1>
					<row2>	0.9961 -0.0880 0.0002 0.0000	</row2>
					<row3>	0.2404 0.3333 -5.1593 1.0000	</row3>
				</transform>
			</node>
			<node>
				<identifier>	HP_RGB_3	</identifier>
				<transform>
					<row0>	-0.0016 0.0271 0.9996 0.0000	</row0>
					<row1>	-0.0378 0.9989 -0.0271 0.0000	</row1>
					<row2>	-0.9993 -0.0378 -0.0006 0.0000	</row2>
					<row3>	-0.1954 0.3275 -5.6492 1.0000	</row3>
				</transform>
			</node>
			<node>
				<identifier>	HP_RGB_4	</identifier>
				<transform>
					<row0>	-0.0016 -0.0271 -0.9996 0.0000	</row0>
					<row1>	0.0378 0.9989 -0.0271 0.0000	</row1>
					<row2>	0.9993 -0.0378 -0.0006 0.0000	</row2>
					<row3>	0.1954 0.3275 -5.6492 1.0000	</row3>
				</transform>
			</node>
			<node>
				<identifier>	HP_Ship_death_3	</identifier>
				<transform>
					<row0>	1.0000 0.0000 0.0000 0.0000	</row0>
					<row1>	0.0000 1.0000 0.0000 0.0000	</row1>
					<row2>	0.0000 0.0000 1.0000 0.0000	</row2>
					<row3>	0.0000 0.0000 -4.3264 1.0000	</row3>
				</transform>
			</node>
			<node>
				<identifier>	MP_CM001_Propeller3_L	</identifier>
				<transform>
					<row0>	1.0501 0.0000 -0.0189 0.0000	</row0>
					<row1>	-0.0007 1.0496 -0.0373 0.0000	</row1>
					<row2>	0.0189 0.0373 1.0495 0.0000	</row2>
					<row3>	-0.2174 -0.2867 -5.1956 1.0000	</row3>
				</transform>
			</node>
			<node>
				<identifier>	MP_CM011_Fire_Fighting_Gear	</identifier>
				<transform>
					<row0>	-0.1280 0.0000 -0.9918 0.0000	</row0>
					<row1>	0.0000 1.0000 0.0000 0.0000	</row1>
					<row2>	0.9918 0.0000 -0.1280 0.0000	</row2>
					<row3>	0.3495 0.3200 -5.7436 1.0000	</row3>
				</transform>
			</node>
			<node>
				<identifier>	MP_CM011_Fire_Fighting_Gear_INDEX_1	</identifier>
				<transform>
					<row0>	-0.1280 0.0000 0.9918 0.0000	</row0>
					<row1>	0.0000 1.0000 0.0000 0.0000	</row1>
					<row2>	-0.9918 0.0000 -0.1280 0.0000	</row2>
					<row3>	-0.3495 0.3194 -5.7436 1.0000	</row3>
				</transform>
			</node>
			<node>
				<identifier>	MP_CM032_Propeller3_R	</identifier>
				<transform>
					<row0>	1.0501 0.0000 0.0189 0.0000	</row0>
					<row1>	0.0007 1.0496 -0.0373 0.0000	</row1>
					<row2>	-0.0189 0.0373 1.0495 0.0000	</row2>
					<row3>	0.2174 -0.2867 -5.1956 1.0000	</row3>
				</transform>
			</node>
			<node>
				<identifier>	MP_CM086_Anchor_top	</identifier>
				<transform>
					<row0>	-1.1019 0.0000 0.0000 0.0000	</row0>
					<row1>	0.0000 0.9938 0.6843 0.0000	</row1>
					<row2>	0.0000 0.6250 -0.9076 0.0000	</row2>
					<row3>	-0.0005 0.1862 -6.3291 1.0000	</row3>
				</transform>
			</node>
			<node>
				<identifier>	MP_CM087_Anchor_down	</identifier>
				<transform>
					<row0>	-1.2832 0.0000 0.0000 0.0000	</row0>
					<row1>	0.0000 1.2832 -0.0006 0.0000	</row1>
					<row2>	0.0000 -0.0006 -1.2832 0.0000	</row2>
					<row3>	-0.0004 0.1824 -6.3287 1.0000	</row3>
				</transform>
			</node>
			<node>
				<identifier>	MP_CM109_Leadsman_Platform	</identifier>
				<transform>
					<row0>	0.0062 -1.0000 0.0000 0.0000	</row0>
					<row1>	-0.9881 -0.0061 -0.1534 0.0000	</row1>
					<row2>	0.1534 0.0009 -0.9882 0.0000	</row2>
					<row3>	-0.2901 0.3129 -6.3006 1.0000	</row3>
				</transform>
			</node>
			<node>
				<identifier>	MP_CM109_Leadsman_Platform_INDEX_1	</identifier>
				<transform>
					<row0>	0.0121 -0.9999 -0.0038 0.0000	</row0>
					<row1>	0.9891 0.0125 -0.1469 0.0000	</row1>
					<row2>	0.1469 -0.0019 0.9891 0.0000	</row2>
					<row3>	0.2901 0.3129 -6.3006 1.0000	</row3>
				</transform>
			</node>
			<node>
				<identifier>	MP_RM021_Screened_speed_light	</identifier>
				<transform>
					<row0>	-0.5892 0.0000 0.0000 0.0000	</row0>
					<row1>	0.0000 0.5892 0.0000 0.0000	</row1>
					<row2>	0.0000 0.0000 -0.5892 0.0000	</row2>
					<row3>	0.0000 0.3834 -6.3674 1.0000	</row3>
				</transform>
			</node>
			<node>
				<identifier>	MP_RM054_Life_buoy	</identifier>
				<transform>
					<row0>	0.0855 0.0000 0.9963 0.0000	</row0>
					<row1>	0.0000 1.0000 0.0000 0.0000	</row1>
					<row2>	-0.9963 0.0000 0.0855 0.0000	</row2>
					<row3>	0.4447 0.3477 -4.7633 1.0000	</row3>
				</transform>
			</node>
			<node>
				<identifier>	MP_RM054_Life_buoy_INDEX_1	</identifier>
				<transform>
					<row0>	0.0855 0.0000 -0.9963 0.0000	</row0>
					<row1>	0.0000 1.0000 0.0000 0.0000	</row1>
					<row2>	0.9963 0.0000 0.0855 0.0000	</row2>
					<row3>	-0.4447 0.3477 -4.7633 1.0000	</row3>
				</transform>
			</node>
			<node>
				<identifier>	MP_RM075_Fairlead	</identifier>
				<transform>
					<row0>	0.9962 0.0000 -0.0873 0.0000	</row0>
					<row1>	0.0000 1.0000 0.0000 0.0000	</row1>
					<row2>	0.0873 0.0000 0.9962 0.0000	</row2>
					<row3>	0.4202 0.3089 -4.8296 1.0000	</row3>
				</transform>
			</node>
			<node>
				<identifier>	MP_RM075_Fairlead_INDEX_1	</identifier>
				<transform>
					<row0>	0.9963 0.0000 0.0854 0.0000	</row0>
					<row1>	0.0000 1.0000 0.0000 0.0000	</row1>
					<row2>	-0.0854 0.0000 0.9963 0.0000	</row2>
					<row3>	-0.4201 0.3089 -4.8296 1.0000	</row3>
				</transform>
			</node>
			<node>
				<identifier>	MP_RM111_Bollard	</identifier>
				<transform>
					<row0>	0.8966 0.0784 0.0000 0.0000	</row0>
					<row1>	-0.0784 0.8966 0.0000 0.0000	</row1>
					<row2>	0.0000 0.0000 0.9000 0.0000	</row2>
					<row3>	-0.2738 0.3197 -4.8713 1.0000	</row3>
				</transform>
			</node>
			<node>
				<identifier>	MP_RM111_Bollard_INDEX_1	</identifier>
				<transform>
					<row0>	0.9995 0.0310 0.0004 0.0000	</row0>
					<row1>	-0.0310 0.9993 -0.0186 0.0000	</row1>
					<row2>	-0.0009 0.0186 0.9998 0.0000	</row2>
					<row3>	-0.0556 0.3372 -5.3133 1.0000	</row3>
				</transform>
			</node>
			<node>
				<identifier>	MP_RM111_Bollard_INDEX_2	</identifier>
				<transform>
					<row0>	0.8966 -0.0784 0.0000 0.0000	</row0>
					<row1>	0.0784 0.8966 0.0000 0.0000	</row1>
					<row2>	0.0000 0.0000 0.9000 0.0000	</row2>
					<row3>	0.2738 0.3197 -4.8713 1.0000	</row3>
				</transform>
			</node>
			<node>
				<identifier>	MP_RM111_Bollard_INDEX_3	</identifier>
				<transform>
					<row0>	0.9995 -0.0310 -0.0004 0.0000	</row0>
					<row1>	0.0310 0.9993 -0.0186 0.0000	</row1>
					<row2>	0.0009 0.0186 0.9998 0.0000	</row2>
					<row3>	0.0556 0.3372 -5.3133 1.0000	</row3>
				</transform>
			</node>
			<node>
				<identifier>	MP_RM182_Depth_Charge_BB1	</identifier>
				<transform>
					<row0>	0.0021 0.1269 0.9919 0.0000	</row0>
					<row1>	0.9999 -0.0150 -0.0002 0.0000	</row1>
					<row2>	0.0149 0.9918 -0.1269 0.0000	</row2>
					<row3>	0.0876 0.3004 -6.2072 1.0000	</row3>
				</transform>
			</node>
			<node>
				<identifier>	MP_RM182_Depth_Charge_BB1_INDEX_1	</identifier>
				<transform>
					<row0>	0.0021 0.1269 0.9919 0.0000	</row0>
					<row1>	0.9999 -0.0150 -0.0002 0.0000	</row1>
					<row2>	0.0149 0.9918 -0.1269 0.0000	</row2>
					<row3>	0.0876 0.2931 -6.2641 1.0000	</row3>
				</transform>
			</node>
			<node>
				<identifier>	MP_RM182_Depth_Charge_BB1_INDEX_10	</identifier>
				<transform>
					<row0>	0.0021 0.1269 0.9919 0.0000	</row0>
					<row1>	0.9999 -0.0150 -0.0002 0.0000	</row1>
					<row2>	0.0149 0.9918 -0.1269 0.0000	</row2>
					<row3>	0.0877 0.3077 -6.1501 1.0000	</row3>
				</transform>
			</node>
			<node>
				<identifier>	MP_RM182_Depth_Charge_BB1_INDEX_11	</identifier>
				<transform>
					<row0>	0.0021 -0.1269 -0.9919 0.0000	</row0>
					<row1>	-0.9999 -0.0150 -0.0002 0.0000	</row1>
					<row2>	-0.0149 0.9918 -0.1269 0.0000	</row2>
					<row3>	-0.0876 0.3004 -6.2072 1.0000	</row3>
				</transform>
			</node>
			<node>
				<identifier>	MP_RM182_Depth_Charge_BB1_INDEX_12	</identifier>
				<transform>
					<row0>	0.0021 0.1269 0.9919 0.0000	</row0>
					<row1>	0.9999 -0.0150 -0.0002 0.0000	</row1>
					<row2>	0.0149 0.9918 -0.1269 0.0000	</row2>
					<row3>	0.0876 0.2967 -6.2356 1.0000	</row3>
				</transform>
			</node>
			<node>
				<identifier>	MP_RM182_Depth_Charge_BB1_INDEX_13	</identifier>
				<transform>
					<row0>	0.0021 0.1269 0.9919 0.0000	</row0>
					<row1>	0.9999 -0.0150 -0.0002 0.0000	</row1>
					<row2>	0.0149 0.9918 -0.1269 0.0000	</row2>
					<row3>	0.0877 0.3150 -6.0930 1.0000	</row3>
				</transform>
			</node>
			<node>
				<identifier>	MP_RM182_Depth_Charge_BB1_INDEX_14	</identifier>
				<transform>
					<row0>	0.0021 -0.1269 -0.9919 0.0000	</row0>
					<row1>	-0.9999 -0.0150 -0.0002 0.0000	</row1>
					<row2>	-0.0149 0.9918 -0.1269 0.0000	</row2>
					<row3>	-0.0877 0.3040 -6.1787 1.0000	</row3>
				</transform>
			</node>
			<node>
				<identifier>	MP_RM182_Depth_Charge_BB1_INDEX_15	</identifier>
				<transform>
					<row0>	0.0021 -0.1269 -0.9919 0.0000	</row0>
					<row1>	-0.9999 -0.0150 -0.0002 0.0000	</row1>
					<row2>	-0.0149 0.9918 -0.1269 0.0000	</row2>
					<row3>	-0.0877 0.3077 -6.1501 1.0000	</row3>
				</transform>
			</node>
			<node>
				<identifier>	MP_RM182_Depth_Charge_BB1_INDEX_16	</identifier>
				<transform>
					<row0>	-0.7053 0.0125 0.7088 0.0000	</row0>
					<row1>	-0.0002 0.9998 -0.0178 0.0000	</row1>
					<row2>	-0.7089 -0.0126 -0.7052 0.0000	</row2>
					<row3>	0.0565 0.3491 -5.5356 1.0000	</row3>
				</transform>
			</node>
			<node>
				<identifier>	MP_RM182_Depth_Charge_BB1_INDEX_17	</identifier>
				<transform>
					<row0>	0.7089 0.0126 0.7052 0.0000	</row0>
					<row1>	-0.0002 0.9998 -0.0178 0.0000	</row1>
					<row2>	-0.7053 0.0125 0.7088 0.0000	</row2>
					<row3>	0.0379 0.3492 -5.5293 1.0000	</row3>
				</transform>
			</node>
			<node>
				<identifier>	MP_RM182_Depth_Charge_BB1_INDEX_18	</identifier>
				<transform>
					<row0>	-0.7053 0.0125 0.7088 0.0000	</row0>
					<row1>	-0.0002 0.9998 -0.0178 0.0000	</row1>
					<row2>	-0.7089 -0.0126 -0.7052 0.0000	</row2>
					<row3>	0.0285 0.3491 -5.5356 1.0000	</row3>
				</transform>
			</node>
			<node>
				<identifier>	MP_RM182_Depth_Charge_BB1_INDEX_19	</identifier>
				<transform>
					<row0>	0.7089 0.0126 0.7052 0.0000	</row0>
					<row1>	-0.0002 0.9998 -0.0178 0.0000	</row1>
					<row2>	-0.7053 0.0125 0.7088 0.0000	</row2>
					<row3>	0.0099 0.3492 -5.5293 1.0000	</row3>
				</transform>
			</node>
			<node>
				<identifier>	MP_RM182_Depth_Charge_BB1_INDEX_2	</identifier>
				<transform>
					<row0>	0.0021 -0.1269 -0.9919 0.0000	</row0>
					<row1>	-0.9999 -0.0150 -0.0002 0.0000	</row1>
					<row2>	-0.0149 0.9918 -0.1269 0.0000	</row2>
					<row3>	-0.0876 0.2931 -6.2641 1.0000	</row3>
				</transform>
			</node>
			<node>
				<identifier>	MP_RM182_Depth_Charge_BB1_INDEX_20	</identifier>
				<transform>
					<row0>	-0.7053 0.0125 0.7088 0.0000	</row0>
					<row1>	-0.0002 0.9998 -0.0178 0.0000	</row1>
					<row2>	-0.7089 -0.0126 -0.7052 0.0000	</row2>
					<row3>	0.0005 0.3491 -5.5356 1.0000	</row3>
				</transform>
			</node>
			<node>
				<identifier>	MP_RM182_Depth_Charge_BB1_INDEX_21	</identifier>
				<transform>
					<row0>	0.0115 -0.0178 -0.9998 0.0000	</row0>
					<row1>	-0.0002 0.9998 -0.0178 0.0000	</row1>
					<row2>	0.9999 0.0004 0.0115 0.0000	</row2>
					<row3>	-0.0494 0.3507 -5.5324 1.0000	</row3>
				</transform>
			</node>
			<node>
				<identifier>	MP_RM182_Depth_Charge_BB1_INDEX_3	</identifier>
				<transform>
					<row0>	0.0021 0.1269 0.9919 0.0000	</row0>
					<row1>	0.9999 -0.0150 -0.0002 0.0000	</row1>
					<row2>	0.0149 0.9918 -0.1269 0.0000	</row2>
					<row3>	0.0877 0.3113 -6.1216 1.0000	</row3>
				</transform>
			</node>
			<node>
				<identifier>	MP_RM182_Depth_Charge_BB1_INDEX_4	</identifier>
				<transform>
					<row0>	0.0021 -0.1269 -0.9919 0.0000	</row0>
					<row1>	-0.9999 -0.0150 -0.0002 0.0000	</row1>
					<row2>	-0.0149 0.9918 -0.1269 0.0000	</row2>
					<row3>	-0.0876 0.2895 -6.2926 1.0000	</row3>
				</transform>
			</node>
			<node>
				<identifier>	MP_RM182_Depth_Charge_BB1_INDEX_5	</identifier>
				<transform>
					<row0>	0.0021 -0.1269 -0.9919 0.0000	</row0>
					<row1>	-0.9999 -0.0150 -0.0002 0.0000	</row1>
					<row2>	-0.0149 0.9918 -0.1269 0.0000	</row2>
					<row3>	-0.0877 0.3150 -6.0930 1.0000	</row3>
				</transform>
			</node>
			<node>
				<identifier>	MP_RM182_Depth_Charge_BB1_INDEX_6	</identifier>
				<transform>
					<row0>	0.0021 0.1269 0.9919 0.0000	</row0>
					<row1>	0.9999 -0.0150 -0.0002 0.0000	</row1>
					<row2>	0.0149 0.9918 -0.1269 0.0000	</row2>
					<row3>	0.0876 0.2895 -6.2926 1.0000	</row3>
				</transform>
			</node>
			<node>
				<identifier>	MP_RM182_Depth_Charge_BB1_INDEX_7	</identifier>
				<transform>
					<row0>	0.0021 -0.1269 -0.9919 0.0000	</row0>
					<row1>	-0.9999 -0.0150 -0.0002 0.0000	</row1>
					<row2>	-0.0149 0.9918 -0.1269 0.0000	</row2>
					<row3>	-0.0876 0.2967 -6.2356 1.0000	</row3>
				</transform>
			</node>
			<node>
				<identifier>	MP_RM182_Depth_Charge_BB1_INDEX_8	</identifier>
				<transform>
					<row0>	0.0021 -0.1269 -0.9919 0.0000	</row0>
					<row1>	-0.9999 -0.0150 -0.0002 0.0000	</row1>
					<row2>	-0.0149 0.9918 -0.1269 0.0000	</row2>
					<row3>	-0.0877 0.3113 -6.1216 1.0000	</row3>
				</transform>
			</node>
			<node>
				<identifier>	MP_RM182_Depth_Charge_BB1_INDEX_9	</identifier>
				<transform>
					<row0>	0.0021 0.1269 0.9919 0.0000	</row0>
					<row1>	0.9999 -0.0150 -0.0002 0.0000	</row1>
					<row2>	0.0149 0.9918 -0.1269 0.0000	</row2>
					<row3>	0.0877 0.3040 -6.1787 1.0000	</row3>
				</transform>
			</node>
			<node>
				<identifier>	MP_RM183_Depth_Charge_BM1	</identifier>
				<transform>
					<row0>	0.9923 0.0000 0.1235 0.0000	</row0>
					<row1>	0.0000 1.0000 0.0000 0.0000	</row1>
					<row2>	-0.1235 0.0000 0.9923 0.0000	</row2>
					<row3>	-0.3781 0.3203 -5.4600 1.0000	</row3>
				</transform>
			</node>
			<node>
				<identifier>	MP_RM183_Depth_Charge_BM1_INDEX_1	</identifier>
				<transform>
					<row0>	0.9923 0.0000 0.1235 0.0000	</row0>
					<row1>	0.0000 1.0000 0.0000 0.0000	</row1>
					<row2>	-0.1235 0.0000 0.9923 0.0000	</row2>
					<row3>	-0.3531 0.3196 -5.6643 1.0000	</row3>
				</transform>
			</node>
			<node>
				<identifier>	MP_RM183_Depth_Charge_BM1_INDEX_10	</identifier>
				<transform>
					<row0>	0.9923 0.0000 -0.1235 0.0000	</row0>
					<row1>	0.0000 1.0000 0.0000 0.0000	</row1>
					<row2>	0.1235 0.0000 0.9923 0.0000	</row2>
					<row3>	0.3531 0.3196 -5.6643 1.0000	</row3>
				</transform>
			</node>
			<node>
				<identifier>	MP_RM183_Depth_Charge_BM1_INDEX_11	</identifier>
				<transform>
					<row0>	0.9923 0.0000 0.1235 0.0000	</row0>
					<row1>	0.0000 1.0000 0.0000 0.0000	</row1>
					<row2>	-0.1235 0.0000 0.9923 0.0000	</row2>
					<row3>	-0.3505 0.3196 -5.6854 1.0000	</row3>
				</transform>
			</node>
			<node>
				<identifier>	MP_RM183_Depth_Charge_BM1_INDEX_12	</identifier>
				<transform>
					<row0>	0.9923 0.0000 -0.1235 0.0000	</row0>
					<row1>	0.0000 1.0000 0.0000 0.0000	</row1>
					<row2>	0.1235 0.0000 0.9923 0.0000	</row2>
					<row3>	0.3505 0.3196 -5.6854 1.0000	</row3>
				</transform>
			</node>
			<node>
				<identifier>	MP_RM183_Depth_Charge_BM1_INDEX_13	</identifier>
				<transform>
					<row0>	0.9922 0.0000 0.1248 0.0000	</row0>
					<row1>	0.0000 1.0000 0.0000 0.0000	</row1>
					<row2>	-0.1248 0.0000 0.9922 0.0000	</row2>
					<row3>	-0.3113 0.3181 -5.9893 1.0000	</row3>
				</transform>
			</node>
			<node>
				<identifier>	MP_RM183_Depth_Charge_BM1_INDEX_14	</identifier>
				<transform>
					<row0>	0.9923 0.0000 0.1235 0.0000	</row0>
					<row1>	0.0000 1.0000 0.0000 0.0000	</row1>
					<row2>	-0.1235 0.0000 0.9923 0.0000	</row2>
					<row3>	-0.3558 0.3196 -5.6433 1.0000	</row3>
				</transform>
			</node>
			<node>
				<identifier>	MP_RM183_Depth_Charge_BM1_INDEX_15	</identifier>
				<transform>
					<row0>	0.9923 0.0000 -0.1235 0.0000	</row0>
					<row1>	0.0000 1.0000 0.0000 0.0000	</row1>
					<row2>	0.1235 0.0000 0.9923 0.0000	</row2>
					<row3>	0.3755 0.3203 -5.4810 1.0000	</row3>
				</transform>
			</node>
			<node>
				<identifier>	MP_RM183_Depth_Charge_BM1_INDEX_16	</identifier>
				<transform>
					<row0>	0.9922 0.0000 -0.1248 0.0000	</row0>
					<row1>	0.0000 1.0000 0.0000 0.0000	</row1>
					<row2>	0.1248 0.0000 0.9922 0.0000	</row2>
					<row3>	0.3113 0.3192 -5.9893 1.0000	</row3>
				</transform>
			</node>
			<node>
				<identifier>	MP_RM183_Depth_Charge_BM1_INDEX_17	</identifier>
				<transform>
					<row0>	0.9923 0.0000 -0.1235 0.0000	</row0>
					<row1>	0.0000 1.0000 0.0000 0.0000	</row1>
					<row2>	0.1235 0.0000 0.9923 0.0000	</row2>
					<row3>	0.3781 0.3203 -5.4600 1.0000	</row3>
				</transform>
			</node>
			<node>
				<identifier>	MP_RM183_Depth_Charge_BM1_INDEX_2	</identifier>
				<transform>
					<row0>	0.9922 0.0000 -0.1248 0.0000	</row0>
					<row1>	0.0000 1.0000 0.0000 0.0000	</row1>
					<row2>	0.1248 0.0000 0.9922 0.0000	</row2>
					<row3>	0.3060 0.3192 -6.0313 1.0000	</row3>
				</transform>
			</node>
			<node>
				<identifier>	MP_RM183_Depth_Charge_BM1_INDEX_3	</identifier>
				<transform>
					<row0>	0.9922 0.0000 0.1248 0.0000	</row0>
					<row1>	0.0000 1.0000 0.0000 0.0000	</row1>
					<row2>	-0.1248 0.0000 0.9922 0.0000	</row2>
					<row3>	-0.3060 0.3181 -6.0313 1.0000	</row3>
				</transform>
			</node>
			<node>
				<identifier>	MP_RM183_Depth_Charge_BM1_INDEX_4	</identifier>
				<transform>
					<row0>	0.9923 0.0000 -0.1235 0.0000	</row0>
					<row1>	0.0000 1.0000 0.0000 0.0000	</row1>
					<row2>	0.1235 0.0000 0.9923 0.0000	</row2>
					<row3>	0.3558 0.3196 -5.6433 1.0000	</row3>
				</transform>
			</node>
			<node>
				<identifier>	MP_RM183_Depth_Charge_BM1_INDEX_5	</identifier>
				<transform>
					<row0>	0.9922 0.0000 -0.1248 0.0000	</row0>
					<row1>	0.0000 1.0000 0.0000 0.0000	</row1>
					<row2>	0.1248 0.0000 0.9922 0.0000	</row2>
					<row3>	0.3087 0.3192 -6.0103 1.0000	</row3>
				</transform>
			</node>
			<node>
				<identifier>	MP_RM183_Depth_Charge_BM1_INDEX_6	</identifier>
				<transform>
					<row0>	0.9923 0.0000 0.1235 0.0000	</row0>
					<row1>	0.0000 1.0000 0.0000 0.0000	</row1>
					<row2>	-0.1235 0.0000 0.9923 0.0000	</row2>
					<row3>	-0.3755 0.3203 -5.4810 1.0000	</row3>
				</transform>
			</node>
			<node>
				<identifier>	MP_RM183_Depth_Charge_BM1_INDEX_7	</identifier>
				<transform>
					<row0>	0.9922 0.0000 0.1248 0.0000	</row0>
					<row1>	0.0000 1.0000 0.0000 0.0000	</row1>
					<row2>	-0.1248 0.0000 0.9922 0.0000	</row2>
					<row3>	-0.3087 0.3181 -6.0103 1.0000	</row3>
				</transform>
			</node>
			<node>
				<identifier>	MP_RM183_Depth_Charge_BM1_INDEX_8	</identifier>
				<transform>
					<row0>	0.9923 0.0000 -0.1235 0.0000	</row0>
					<row1>	0.0000 1.0000 0.0000 0.0000	</row1>
					<row2>	0.1235 0.0000 0.9923 0.0000	</row2>
					<row3>	0.3729 0.3203 -5.5020 1.0000	</row3>
				</transform>
			</node>
			<node>
				<identifier>	MP_RM183_Depth_Charge_BM1_INDEX_9	</identifier>
				<transform>
					<row0>	0.9923 0.0000 0.1235 0.0000	</row0>
					<row1>	0.0000 1.0000 0.0000 0.0000	</row1>
					<row2>	-0.1235 0.0000 0.9923 0.0000	</row2>
					<row3>	-0.3729 0.3203 -5.5020 1.0000	</row3>
				</transform>
			</node>
			<node>
				<identifier>	MP_RM200_Running_Lights_B	</identifier>
				<transform>
					<row0>	-1.4040 0.0000 0.0000 0.0000	</row0>
					<row1>	0.0000 1.4040 0.0000 0.0000	</row1>
					<row2>	0.0000 0.0000 -1.4040 0.0000	</row2>
					<row3>	0.0000 0.3567 -6.3574 1.0000	</row3>
				</transform>
			</node>
			<node>
				<identifier>	MP_RM202_Screen_Smoke_DA2	</identifier>
				<transform>
					<row0>	-0.1800 0.0000 0.9837 0.0000	</row0>
					<row1>	0.0000 1.0000 0.0000 0.0000	</row1>
					<row2>	-0.9837 0.0000 -0.1800 0.0000	</row2>
					<row3>	-0.2765 0.3163 -6.2464 1.0000	</row3>
				</transform>
			</node>
			<node>
				<identifier>	MP_RM202_Screen_Smoke_DA2_INDEX_1	</identifier>
				<transform>
					<row0>	-0.1800 0.0000 -0.9837 0.0000	</row0>
					<row1>	0.0000 1.0000 0.0000 0.0000	</row1>
					<row2>	0.9837 0.0000 -0.1800 0.0000	</row2>
					<row3>	0.2765 0.3163 -6.2464 1.0000	</row3>
				</transform>
			</node>
			<node>
				<identifier>	MP_RM215_Deck_Hatch	</identifier>
				<transform>
					<row0>	0.0000 0.0000 0.7023 0.0000	</row0>
					<row1>	0.0000 0.8280 0.0000 0.0000	</row1>
					<row2>	-0.8280 0.0000 0.0000 0.0000	</row2>
					<row3>	-0.1049 0.3257 -4.7859 1.0000	</row3>
				</transform>
			</node>
			<node>
				<identifier>	MP_RM215_Deck_Hatch_INDEX_1	</identifier>
				<transform>
					<row0>	0.0000 0.0000 0.7023 0.0000	</row0>
					<row1>	0.0000 0.8280 0.0000 0.0000	</row1>
					<row2>	-0.8280 0.0000 0.0000 0.0000	</row2>
					<row3>	0.1049 0.3257 -4.7859 1.0000	</row3>
				</transform>
			</node>
			<node>
				<identifier>	MP_RM219_Fairlead	</identifier>
				<transform>
					<row0>	1.4866 -0.0604 -0.1907 0.0000	</row0>
					<row1>	0.0599 1.4988 -0.0077 0.0000	</row1>
					<row2>	0.1909 0.0000 1.4878 0.0000	</row2>
					<row3>	0.3393 0.3283 -5.8107 1.0000	</row3>
				</transform>
			</node>
			<node>
				<identifier>	MP_RM219_Fairlead_INDEX_1	</identifier>
				<transform>
					<row0>	1.4866 0.0604 0.1907 0.0000	</row0>
					<row1>	-0.0599 1.4988 -0.0077 0.0000	</row1>
					<row2>	-0.1909 0.0000 1.4878 0.0000	</row2>
					<row3>	-0.3393 0.3283 -5.8107 1.0000	</row3>
				</transform>
			</node>
			<node>
				<identifier>	MP_RM239_Bomb_Bogie	</identifier>
				<transform>
					<row0>	0.0024 0.0160 0.9299 0.0000	</row0>
					<row1>	-0.0002 0.9999 -0.0172 0.0000	</row1>
					<row2>	-1.0000 -0.0001 0.0026 0.0000	</row2>
					<row3>	0.0000 0.3352 -5.5322 1.0000	</row3>
				</transform>
			</node>
			<node>
				<identifier>	MP_RM249_Coat_of_Arms_USSR	</identifier>
				<transform>
					<row0>	-1.1503 0.0000 0.0000 0.0000	</row0>
					<row1>	0.0000 1.0806 -0.3945 0.0000	</row1>
					<row2>	0.0000 -0.3945 -1.0806 0.0000	</row2>
					<row3>	0.0000 0.2832 -6.3339 1.0000	</row3>
				</transform>
			</node>
			<node>
				<identifier>	MP_RM287_Hatch	</identifier>
				<transform>
					<row0>	-1.0000 0.0000 0.0000 0.0000	</row0>
					<row1>	0.0000 1.0000 0.0000 0.0000	</row1>
					<row2>	0.0000 0.0000 -1.0000 0.0000	</row2>
					<row3>	0.0425 0.3217 -5.9914 1.0000	</row3>
				</transform>
			</node>
			<node>
				<identifier>	MP_RM287_Hatch_INDEX_1	</identifier>
				<transform>
					<row0>	-1.0000 0.0000 0.0000 0.0000	</row0>
					<row1>	0.0000 1.0000 0.0000 0.0000	</row1>
					<row2>	0.0000 0.0000 -1.0000 0.0000	</row2>
					<row3>	-0.0361 0.3276 -5.7882 1.0000	</row3>
				</transform>
			</node>
			<node>
				<identifier>	MP_RM295_Ventilation	</identifier>
				<transform>
					<row0>	-1.2800 0.0000 0.0000 0.0000	</row0>
					<row1>	0.0000 1.2800 0.0000 0.0000	</row1>
					<row2>	0.0000 0.0000 -1.2800 0.0000	</row2>
					<row3>	-0.0201 0.3178 -4.6512 1.0000	</row3>
				</transform>
			</node>
			<node>
				<identifier>	MP_RM295_Ventilation_INDEX_1	</identifier>
				<transform>
					<row0>	-1.2800 0.0000 0.0000 0.0000	</row0>
					<row1>	0.0000 1.2800 0.0000 0.0000	</row1>
					<row2>	0.0000 0.0000 -1.2800 0.0000	</row2>
					<row3>	-0.0503 0.3158 -4.5597 1.0000	</row3>
				</transform>
			</node>
			<node>
				<identifier>	MP_RM295_Ventilation_INDEX_2	</identifier>
				<transform>
					<row0>	1.4341 0.0000 0.0000 0.0000	</row0>
					<row1>	0.0000 1.4341 0.0000 0.0000	</row1>
					<row2>	0.0000 0.0000 1.4341 0.0000	</row2>
					<row3>	0.0538 0.3167 -5.7333 1.0000	</row3>
				</transform>
			</node>
			<node>
				<identifier>	MP_RM312_Depth_Charge_Shelving_BB	</identifier>
				<transform>
					<row0>	1.0000 -0.0057 0.0000 0.0000	</row0>
					<row1>	0.0057 0.9919 -0.1269 0.0000	</row1>
					<row2>	0.0007 0.1269 0.9919 0.0000	</row2>
					<row3>	0.1114 0.2993 -6.2013 1.0000	</row3>
				</transform>
			</node>
			<node>
				<identifier>	MP_RM312_Depth_Charge_Shelving_BB_INDEX_1	</identifier>
				<transform>
					<row0>	1.0000 0.0057 0.0000 0.0000	</row0>
					<row1>	-0.0057 0.9919 -0.1269 0.0000	</row1>
					<row2>	-0.0007 0.1269 0.9919 0.0000	</row2>
					<row3>	-0.1114 0.2993 -6.2013 1.0000	</row3>
				</transform>
			</node>
			<node>
				<identifier>	MP_RM320_Rescue_Eggs	</identifier>
				<transform>
					<row0>	-0.1176 0.0000 -0.9931 0.0000	</row0>
					<row1>	0.0000 1.0000 0.0000 0.0000	</row1>
					<row2>	0.9931 0.0000 -0.1176 0.0000	</row2>
					<row3>	0.3506 0.3624 -5.9310 1.0000	</row3>
				</transform>
			</node>
			<node>
				<identifier>	MP_RM320_Rescue_Eggs_INDEX_1	</identifier>
				<transform>
					<row0>	-0.1176 0.0000 0.9931 0.0000	</row0>
					<row1>	0.0000 1.0000 0.0000 0.0000	</row1>
					<row2>	-0.9931 0.0000 -0.1176 0.0000	</row2>
					<row3>	-0.3506 0.3624 -5.9310 1.0000	</row3>
				</transform>
			</node>
		</node>
	</node>
	<boundingBox>
		<min>	-0.0667 -0.0667 -0.0667	</min>
		<max>	0.0667 0.0667 0.0667	</max>
	</boundingBox>
</RSC026_Molotov_1943_Stern_ports.visual>
