<GSB043_Preussen_1945_MidFront_ports.visual>
	<node>
		<identifier>	Scene Root	</identifier>
		<transform>
			<row0>	1.0000 0.0000 0.0000 0.0000	</row0>
			<row1>	0.0000 1.0000 0.0000 0.0000	</row1>
			<row2>	0.0000 0.0000 1.0000 0.0000	</row2>
			<row3>	0.0000 0.0000 0.0000 1.0000	</row3>
		</transform>
		<node>
			<identifier>	MidFront_ports	</identifier>
			<transform>
				<row0>	1.0000 0.0000 0.0000 0.0000	</row0>
				<row1>	0.0000 1.0000 0.0000 0.0000	</row1>
				<row2>	0.0000 0.0000 1.0000 0.0000	</row2>
				<row3>	0.0000 0.0000 0.0000 1.0000	</row3>
			</transform>
			<node>
				<identifier>	HP_FX_Death_2	</identifier>
				<transform>
					<row0>	1.0000 0.0000 0.0000 0.0000	</row0>
					<row1>	0.0000 1.0000 0.0000 0.0000	</row1>
					<row2>	0.0000 0.0000 1.0000 0.0000	</row2>
					<row3>	0.0000 0.0000 0.0000 1.0000	</row3>
				</transform>
			</node>
			<node>
				<identifier>	HP_FX_Fire_2	</identifier>
				<transform>
					<row0>	0.9947 0.0000 -0.1032 0.0000	</row0>
					<row1>	0.0000 1.0000 0.0000 0.0000	</row1>
					<row2>	0.1032 0.0000 0.9947 0.0000	</row2>
					<row3>	0.0000 1.1245 1.7520 1.0000	</row3>
				</transform>
			</node>
			<node>
				<identifier>	HP_FX_Fire_2_side_1	</identifier>
				<transform>
					<row0>	1.0000 0.0000 0.0000 0.0000	</row0>
					<row1>	0.0000 1.0000 0.0000 0.0000	</row1>
					<row2>	0.0000 0.0000 1.0000 0.0000	</row2>
					<row3>	-1.1260 0.3733 2.5563 1.0000	</row3>
				</transform>
			</node>
			<node>
				<identifier>	HP_FX_Fire_2_side_2	</identifier>
				<transform>
					<row0>	0.8235 0.0000 0.5674 0.0000	</row0>
					<row1>	0.0000 1.0000 0.0000 0.0000	</row1>
					<row2>	-0.5674 0.0000 0.8235 0.0000	</row2>
					<row3>	1.0616 0.3740 1.7975 1.0000	</row3>
				</transform>
			</node>
			<node>
				<identifier>	HP_FX_Fire_2_side_3	</identifier>
				<transform>
					<row0>	0.6228 0.0000 -0.7824 0.0000	</row0>
					<row1>	0.0000 1.0000 0.0000 0.0000	</row1>
					<row2>	0.7824 0.0000 0.6228 0.0000	</row2>
					<row3>	-0.6329 0.8045 0.2179 1.0000	</row3>
				</transform>
			</node>
			<node>
				<identifier>	HP_FX_FloodLight_left_2	</identifier>
				<transform>
					<row0>	-1.0000 0.0000 0.0000 0.0000	</row0>
					<row1>	0.0000 1.0000 0.0000 0.0000	</row1>
					<row2>	0.0000 0.0000 -1.0000 0.0000	</row2>
					<row3>	-0.5423 0.4950 3.0968 1.0000	</row3>
				</transform>
			</node>
			<node>
				<identifier>	HP_FX_FloodLight_right_2	</identifier>
				<transform>
					<row0>	1.0000 0.0000 0.0000 0.0000	</row0>
					<row1>	0.0000 1.0000 0.0000 0.0000	</row1>
					<row2>	0.0000 0.0000 1.0000 0.0000	</row2>
					<row3>	0.5412 0.4921 3.0976 1.0000	</row3>
				</transform>
			</node>
			<node>
				<identifier>	HP_FX_Flood_steam_1	</identifier>
				<transform>
					<row0>	0.4439 0.8961 0.0000 0.0000	</row0>
					<row1>	-0.8961 0.4439 0.0000 0.0000	</row1>
					<row2>	0.0000 0.0000 1.0000 0.0000	</row2>
					<row3>	-0.1561 1.7726 -0.3129 1.0000	</row3>
				</transform>
			</node>
			<node>
				<identifier>	HP_FX_Flood_steam_2	</identifier>
				<transform>
					<row0>	0.4439 -0.8961 0.0000 0.0000	</row0>
					<row1>	0.8961 0.4439 0.0000 0.0000	</row1>
					<row2>	0.0000 0.0000 1.0000 0.0000	</row2>
					<row3>	0.1550 1.7726 -0.3125 1.0000	</row3>
				</transform>
			</node>
			<node>
				<identifier>	HP_FX_Flood_steam_left	</identifier>
				<transform>
					<row0>	-1.0000 0.0000 0.0000 0.0000	</row0>
					<row1>	0.0000 1.0000 0.0000 0.0000	</row1>
					<row2>	0.0000 0.0000 -1.0000 0.0000	</row2>
					<row3>	-0.5425 0.8136 1.4556 1.0000	</row3>
				</transform>
			</node>
			<node>
				<identifier>	HP_FX_RepairLight_left_1	</identifier>
				<transform>
					<row0>	0.0533 0.0000 0.9986 0.0000	</row0>
					<row1>	0.0002 1.0000 0.0000 0.0000	</row1>
					<row2>	-0.9986 0.0002 0.0533 0.0000	</row2>
					<row3>	-1.2460 0.3776 3.9248 1.0000	</row3>
				</transform>
			</node>
			<node>
				<identifier>	HP_FX_Smoke_1	</identifier>
				<transform>
					<row0>	0.9986 -0.0533 0.0000 0.0000	</row0>
					<row1>	0.0533 0.9986 0.0000 0.0000	</row1>
					<row2>	0.0000 0.0000 1.0000 0.0000	</row2>
					<row3>	0.0000 1.7435 -0.2871 1.0000	</row3>
				</transform>
			</node>
			<node>
				<identifier>	HP_GD_1	</identifier>
				<transform>
					<row0>	0.9987 0.0000 -0.0505 0.0000	</row0>
					<row1>	0.0000 1.0000 0.0000 0.0000	</row1>
					<row2>	0.0505 0.0000 0.9987 0.0000	</row2>
					<row3>	-0.3055 1.2117 1.8799 1.0000	</row3>
				</transform>
			</node>
			<node>
				<identifier>	HP_GD_2	</identifier>
				<transform>
					<row0>	0.9987 0.0000 0.0505 0.0000	</row0>
					<row1>	0.0000 1.0000 0.0000 0.0000	</row1>
					<row2>	-0.0505 0.0000 0.9987 0.0000	</row2>
					<row3>	0.3055 1.2117 1.8799 1.0000	</row3>
				</transform>
			</node>
			<node>
				<identifier>	HP_GD_3	</identifier>
				<transform>
					<row0>	1.0000 0.0000 0.0000 0.0000	</row0>
					<row1>	0.0000 1.0000 0.0000 0.0000	</row1>
					<row2>	0.0000 0.0000 1.0000 0.0000	</row2>
					<row3>	-0.2737 2.1733 0.7908 1.0000	</row3>
				</transform>
			</node>
			<node>
				<identifier>	HP_GD_4	</identifier>
				<transform>
					<row0>	1.0000 0.0000 0.0000 0.0000	</row0>
					<row1>	0.0000 1.0000 0.0000 0.0000	</row1>
					<row2>	0.0000 0.0000 1.0000 0.0000	</row2>
					<row3>	0.2737 2.1733 0.7908 1.0000	</row3>
				</transform>
			</node>
			<node>
				<identifier>	HP_GD_5	</identifier>
				<transform>
					<row0>	1.0000 0.0000 0.0000 0.0000	</row0>
					<row1>	0.0000 1.0000 0.0000 0.0000	</row1>
					<row2>	0.0000 0.0000 1.0000 0.0000	</row2>
					<row3>	-0.2737 2.1733 0.5445 1.0000	</row3>
				</transform>
			</node>
			<node>
				<identifier>	HP_GD_6	</identifier>
				<transform>
					<row0>	1.0000 0.0000 0.0000 0.0000	</row0>
					<row1>	0.0000 1.0000 0.0000 0.0000	</row1>
					<row2>	0.0000 0.0000 1.0000 0.0000	</row2>
					<row3>	0.2737 2.1733 0.5445 1.0000	</row3>
				</transform>
			</node>
			<node>
				<identifier>	HP_GF_1	</identifier>
				<transform>
					<row0>	1.0000 0.0000 0.0000 0.0000	</row0>
					<row1>	0.0000 1.0000 0.0000 0.0000	</row1>
					<row2>	0.0000 0.0000 1.0000 0.0000	</row2>
					<row3>	0.0000 1.4285 1.5600 1.0000	</row3>
				</transform>
			</node>
			<node>
				<identifier>	HP_GF_2	</identifier>
				<transform>
					<row0>	1.0000 0.0000 0.0000 0.0000	</row0>
					<row1>	0.0000 1.0000 0.0000 0.0000	</row1>
					<row2>	0.0000 0.0000 1.0000 0.0000	</row2>
					<row3>	-0.4766 1.7531 0.9554 1.0000	</row3>
				</transform>
			</node>
			<node>
				<identifier>	HP_GF_3	</identifier>
				<transform>
					<row0>	1.0000 0.0000 0.0000 0.0000	</row0>
					<row1>	0.0000 1.0000 0.0000 0.0000	</row1>
					<row2>	0.0000 0.0000 1.0000 0.0000	</row2>
					<row3>	0.4766 1.7531 0.9554 1.0000	</row3>
				</transform>
			</node>
			<node>
				<identifier>	HP_GF_4	</identifier>
				<transform>
					<row0>	1.0000 0.0000 0.0000 0.0000	</row0>
					<row1>	0.0000 1.0000 0.0000 0.0000	</row1>
					<row2>	0.0000 0.0000 1.0000 0.0000	</row2>
					<row3>	0.0000 2.3631 0.7400 1.0000	</row3>
				</transform>
			</node>
			<node>
				<identifier>	HP_GF_5	</identifier>
				<transform>
					<row0>	0.0000 0.0000 1.0000 0.0000	</row0>
					<row1>	0.0000 1.0000 0.0000 0.0000	</row1>
					<row2>	-1.0000 0.0000 0.0000 0.0000	</row2>
					<row3>	-0.4780 1.3583 0.3576 1.0000	</row3>
				</transform>
			</node>
			<node>
				<identifier>	HP_GF_6	</identifier>
				<transform>
					<row0>	0.0000 0.0000 -1.0000 0.0000	</row0>
					<row1>	0.0000 1.0000 0.0000 0.0000	</row1>
					<row2>	1.0000 0.0000 0.0000 0.0000	</row2>
					<row3>	0.4779 1.3583 0.3576 1.0000	</row3>
				</transform>
			</node>
			<node>
				<identifier>	HP_GGA_1	</identifier>
				<transform>
					<row0>	0.0000 0.0000 1.0000 0.0000	</row0>
					<row1>	0.0000 1.0000 0.0000 0.0000	</row1>
					<row2>	-1.0000 0.0000 0.0000 0.0000	</row2>
					<row3>	-0.5395 0.5412 2.3530 1.0000	</row3>
				</transform>
			</node>
			<node>
				<identifier>	HP_GGA_10	</identifier>
				<transform>
					<row0>	0.0000 0.0000 -1.0000 0.0000	</row0>
					<row1>	0.0000 1.0000 0.0000 0.0000	</row1>
					<row2>	1.0000 0.0000 0.0000 0.0000	</row2>
					<row3>	0.2955 1.3366 -0.5130 1.0000	</row3>
				</transform>
			</node>
			<node>
				<identifier>	HP_GGA_11	</identifier>
				<transform>
					<row0>	-0.7071 0.0000 0.7071 0.0000	</row0>
					<row1>	0.0000 1.0000 0.0000 0.0000	</row1>
					<row2>	-0.7071 0.0000 -0.7071 0.0000	</row2>
					<row3>	-0.1959 1.3367 -0.7930 1.0000	</row3>
				</transform>
			</node>
			<node>
				<identifier>	HP_GGA_12	</identifier>
				<transform>
					<row0>	-0.7071 0.0000 -0.7071 0.0000	</row0>
					<row1>	0.0000 1.0000 0.0000 0.0000	</row1>
					<row2>	0.7071 0.0000 -0.7071 0.0000	</row2>
					<row3>	0.1959 1.3367 -0.7930 1.0000	</row3>
				</transform>
			</node>
			<node>
				<identifier>	HP_GGA_2	</identifier>
				<transform>
					<row0>	0.0000 0.0000 -1.0000 0.0000	</row0>
					<row1>	0.0000 1.0000 0.0000 0.0000	</row1>
					<row2>	1.0000 0.0000 0.0000 0.0000	</row2>
					<row3>	0.5395 0.5412 2.3530 1.0000	</row3>
				</transform>
			</node>
			<node>
				<identifier>	HP_GGA_3	</identifier>
				<transform>
					<row0>	0.0000 0.0000 1.0000 0.0000	</row0>
					<row1>	0.0000 1.0000 0.0000 0.0000	</row1>
					<row2>	-1.0000 0.0000 0.0000 0.0000	</row2>
					<row3>	-0.3844 1.2104 1.1908 1.0000	</row3>
				</transform>
			</node>
			<node>
				<identifier>	HP_GGA_4	</identifier>
				<transform>
					<row0>	0.0000 0.0000 -1.0000 0.0000	</row0>
					<row1>	0.0000 1.0000 0.0000 0.0000	</row1>
					<row2>	1.0000 0.0000 0.0000 0.0000	</row2>
					<row3>	0.3844 1.2104 1.1908 1.0000	</row3>
				</transform>
			</node>
			<node>
				<identifier>	HP_GGA_5	</identifier>
				<transform>
					<row0>	0.0000 0.0000 1.0000 0.0000	</row0>
					<row1>	0.0000 1.0000 0.0000 0.0000	</row1>
					<row2>	-1.0000 0.0000 0.0000 0.0000	</row2>
					<row3>	-0.3023 1.9006 0.9554 1.0000	</row3>
				</transform>
			</node>
			<node>
				<identifier>	HP_GGA_6	</identifier>
				<transform>
					<row0>	0.0000 0.0000 -1.0000 0.0000	</row0>
					<row1>	0.0000 1.0000 0.0000 0.0000	</row1>
					<row2>	1.0000 0.0000 0.0000 0.0000	</row2>
					<row3>	0.3023 1.9006 0.9554 1.0000	</row3>
				</transform>
			</node>
			<node>
				<identifier>	HP_GGA_7	</identifier>
				<transform>
					<row0>	0.0000 0.0000 1.0000 0.0000	</row0>
					<row1>	0.0000 1.0000 0.0000 0.0000	</row1>
					<row2>	-1.0000 0.0000 0.0000 0.0000	</row2>
					<row3>	-0.5815 1.0578 0.6875 1.0000	</row3>
				</transform>
			</node>
			<node>
				<identifier>	HP_GGA_8	</identifier>
				<transform>
					<row0>	0.0000 0.0000 -1.0000 0.0000	</row0>
					<row1>	0.0000 1.0000 0.0000 0.0000	</row1>
					<row2>	1.0000 0.0000 0.0000 0.0000	</row2>
					<row3>	0.5815 1.0578 0.6875 1.0000	</row3>
				</transform>
			</node>
			<node>
				<identifier>	HP_GGA_9	</identifier>
				<transform>
					<row0>	0.0000 0.0000 1.0000 0.0000	</row0>
					<row1>	0.0000 1.0000 0.0000 0.0000	</row1>
					<row2>	-1.0000 0.0000 0.0000 0.0000	</row2>
					<row3>	-0.2955 1.3366 -0.5130 1.0000	</row3>
				</transform>
			</node>
			<node>
				<identifier>	HP_GGM_2	</identifier>
				<transform>
					<row0>	1.0000 0.0000 0.0000 0.0000	</row0>
					<row1>	0.0000 1.0000 0.0000 0.0000	</row1>
					<row2>	0.0000 0.0000 1.0000 0.0000	</row2>
					<row3>	0.0000 0.7568 3.2105 1.0000	</row3>
				</transform>
			</node>
			<node>
				<identifier>	HP_GGS_1	</identifier>
				<transform>
					<row0>	1.0000 0.0000 0.0000 0.0000	</row0>
					<row1>	0.0000 1.0000 0.0000 0.0000	</row1>
					<row2>	0.0000 0.0000 1.0000 0.0000	</row2>
					<row3>	-0.6573 0.3973 1.4524 1.0000	</row3>
				</transform>
			</node>
			<node>
				<identifier>	HP_GGS_2	</identifier>
				<transform>
					<row0>	1.0000 0.0000 0.0000 0.0000	</row0>
					<row1>	0.0000 1.0000 0.0000 0.0000	</row1>
					<row2>	0.0000 0.0000 1.0000 0.0000	</row2>
					<row3>	0.6573 0.3973 1.4524 1.0000	</row3>
				</transform>
			</node>
			<node>
				<identifier>	HP_GGS_3	</identifier>
				<transform>
					<row0>	1.0000 0.0000 0.0000 0.0000	</row0>
					<row1>	0.0000 1.0000 0.0000 0.0000	</row1>
					<row2>	0.0000 0.0000 1.0000 0.0000	</row2>
					<row3>	-0.8418 0.5664 0.7315 1.0000	</row3>
				</transform>
			</node>
			<node>
				<identifier>	HP_GGS_4	</identifier>
				<transform>
					<row0>	1.0000 0.0000 0.0000 0.0000	</row0>
					<row1>	0.0000 1.0000 0.0000 0.0000	</row1>
					<row2>	0.0000 0.0000 1.0000 0.0000	</row2>
					<row3>	0.8418 0.5664 0.7315 1.0000	</row3>
				</transform>
			</node>
			<node>
				<identifier>	HP_GGS_5	</identifier>
				<transform>
					<row0>	1.0000 0.0000 0.0000 0.0000	</row0>
					<row1>	0.0000 1.0000 0.0000 0.0000	</row1>
					<row2>	0.0000 0.0000 1.0000 0.0000	</row2>
					<row3>	-1.1067 0.3997 0.0538 1.0000	</row3>
				</transform>
			</node>
			<node>
				<identifier>	HP_GGS_6	</identifier>
				<transform>
					<row0>	1.0000 0.0000 0.0000 0.0000	</row0>
					<row1>	0.0000 1.0000 0.0000 0.0000	</row1>
					<row2>	0.0000 0.0000 1.0000 0.0000	</row2>
					<row3>	1.1067 0.3997 0.0538 1.0000	</row3>
				</transform>
			</node>
			<node>
				<identifier>	HP_GGS_7	</identifier>
				<transform>
					<row0>	1.0000 0.0000 0.0000 0.0000	</row0>
					<row1>	0.0000 1.0000 0.0000 0.0000	</row1>
					<row2>	0.0000 0.0000 1.0000 0.0000	</row2>
					<row3>	-0.8399 0.5416 -0.5559 1.0000	</row3>
				</transform>
			</node>
			<node>
				<identifier>	HP_GGS_8	</identifier>
				<transform>
					<row0>	1.0000 0.0000 0.0000 0.0000	</row0>
					<row1>	0.0000 1.0000 0.0000 0.0000	</row1>
					<row2>	0.0000 0.0000 1.0000 0.0000	</row2>
					<row3>	0.8399 0.5416 -0.5559 1.0000	</row3>
				</transform>
			</node>
			<node>
				<identifier>	HP_flag_courtesy	</identifier>
				<transform>
					<row0>	0.9992 -0.0401 0.0021 0.0000	</row0>
					<row1>	0.0401 0.9938 -0.1039 0.0000	</row1>
					<row2>	0.0021 0.1039 0.9946 0.0000	</row2>
					<row3>	0.1138 2.8783 -0.0993 1.0000	</row3>
				</transform>
			</node>
			<node>
				<identifier>	HP_flag_house	</identifier>
				<transform>
					<row0>	0.9992 0.0401 -0.0021 0.0000	</row0>
					<row1>	-0.0401 0.9938 -0.1039 0.0000	</row1>
					<row2>	-0.0021 0.1039 0.9946 0.0000	</row2>
					<row3>	-0.1138 2.8783 -0.0993 1.0000	</row3>
				</transform>
			</node>
			<node>
				<identifier>	HP_flag_rank	</identifier>
				<transform>
					<row0>	1.0000 0.0007 0.0000 0.0000	</row0>
					<row1>	-0.0007 0.9852 -0.1714 0.0000	</row1>
					<row2>	0.0000 0.1714 0.9852 0.0000	</row2>
					<row3>	0.0002 3.1464 -0.1972 1.0000	</row3>
				</transform>
			</node>
			<node>
				<identifier>	MP_CM011_Fire_Fighting_Gear	</identifier>
				<transform>
					<row0>	0.0000 0.0000 1.0000 0.0000	</row0>
					<row1>	0.0000 1.0000 0.0000 0.0000	</row1>
					<row2>	-1.0000 0.0000 0.0000 0.0000	</row2>
					<row3>	0.5443 0.3740 1.1363 1.0000	</row3>
				</transform>
			</node>
			<node>
				<identifier>	MP_CM011_Fire_Fighting_Gear_INDEX_1	</identifier>
				<transform>
					<row0>	0.0000 0.0000 -1.0000 0.0000	</row0>
					<row1>	0.0000 1.0000 0.0000 0.0000	</row1>
					<row2>	1.0000 0.0000 0.0000 0.0000	</row2>
					<row3>	-0.5443 0.5416 0.7187 1.0000	</row3>
				</transform>
			</node>
			<node>
				<identifier>	MP_CM011_Fire_Fighting_Gear_INDEX_2	</identifier>
				<transform>
					<row0>	0.0000 0.0000 1.0000 0.0000	</row0>
					<row1>	0.0000 1.0000 0.0000 0.0000	</row1>
					<row2>	-1.0000 0.0000 0.0000 0.0000	</row2>
					<row3>	0.1862 0.5417 -0.4586 1.0000	</row3>
				</transform>
			</node>
			<node>
				<identifier>	MP_CM011_Fire_Fighting_Gear_INDEX_3	</identifier>
				<transform>
					<row0>	0.0000 0.0000 1.0000 0.0000	</row0>
					<row1>	0.0000 1.0000 0.0000 0.0000	</row1>
					<row2>	-1.0000 0.0000 0.0000 0.0000	</row2>
					<row3>	1.0659 0.3741 -0.4055 1.0000	</row3>
				</transform>
			</node>
			<node>
				<identifier>	MP_CM011_Fire_Fighting_Gear_INDEX_4	</identifier>
				<transform>
					<row0>	0.0000 0.0000 1.0000 0.0000	</row0>
					<row1>	0.0000 1.0000 0.0000 0.0000	</row1>
					<row2>	-1.0000 0.0000 0.0000 0.0000	</row2>
					<row3>	0.5445 0.3733 2.2961 1.0000	</row3>
				</transform>
			</node>
			<node>
				<identifier>	MP_CM011_Fire_Fighting_Gear_INDEX_5	</identifier>
				<transform>
					<row0>	0.0000 0.0000 -1.0000 0.0000	</row0>
					<row1>	0.0000 1.0000 0.0000 0.0000	</row1>
					<row2>	1.0000 0.0000 0.0000 0.0000	</row2>
					<row3>	-0.5443 0.3740 1.1363 1.0000	</row3>
				</transform>
			</node>
			<node>
				<identifier>	MP_CM011_Fire_Fighting_Gear_INDEX_6	</identifier>
				<transform>
					<row0>	0.0000 0.0000 -1.0000 0.0000	</row0>
					<row1>	0.0000 1.0000 0.0000 0.0000	</row1>
					<row2>	1.0000 0.0000 0.0000 0.0000	</row2>
					<row3>	-0.1862 0.5417 -0.4586 1.0000	</row3>
				</transform>
			</node>
			<node>
				<identifier>	MP_CM011_Fire_Fighting_Gear_INDEX_7	</identifier>
				<transform>
					<row0>	0.0000 0.0000 -1.0000 0.0000	</row0>
					<row1>	0.0000 1.0000 0.0000 0.0000	</row1>
					<row2>	1.0000 0.0000 0.0000 0.0000	</row2>
					<row3>	-0.5446 0.3733 2.2961 1.0000	</row3>
				</transform>
			</node>
			<node>
				<identifier>	MP_CM011_Fire_Fighting_Gear_INDEX_8	</identifier>
				<transform>
					<row0>	0.0000 0.0000 1.0000 0.0000	</row0>
					<row1>	0.0000 1.0000 0.0000 0.0000	</row1>
					<row2>	-1.0000 0.0000 0.0000 0.0000	</row2>
					<row3>	0.5443 0.5416 0.7187 1.0000	</row3>
				</transform>
			</node>
			<node>
				<identifier>	MP_CM011_Fire_Fighting_Gear_INDEX_9	</identifier>
				<transform>
					<row0>	0.0000 0.0000 -1.0000 0.0000	</row0>
					<row1>	0.0000 1.0000 0.0000 0.0000	</row1>
					<row2>	1.0000 0.0000 0.0000 0.0000	</row2>
					<row3>	-1.0659 0.3741 -0.4055 1.0000	</row3>
				</transform>
			</node>
			<node>
				<identifier>	MP_CM014_Fuel_Oil_Hose	</identifier>
				<transform>
					<row0>	0.0000 0.0000 -1.0000 0.0000	</row0>
					<row1>	0.0000 1.0000 0.0000 0.0000	</row1>
					<row2>	1.0000 0.0000 0.0000 0.0000	</row2>
					<row3>	-0.7745 0.4579 0.3600 1.0000	</row3>
				</transform>
			</node>
			<node>
				<identifier>	MP_CM014_Fuel_Oil_Hose_INDEX_1	</identifier>
				<transform>
					<row0>	0.0000 0.0000 -1.0000 0.0000	</row0>
					<row1>	0.0000 1.0000 0.0000 0.0000	</row1>
					<row2>	1.0000 0.0000 0.0000 0.0000	</row2>
					<row3>	-0.7745 0.4833 0.3600 1.0000	</row3>
				</transform>
			</node>
			<node>
				<identifier>	MP_CM014_Fuel_Oil_Hose_INDEX_2	</identifier>
				<transform>
					<row0>	0.0000 0.0000 -1.0000 0.0000	</row0>
					<row1>	0.0000 1.0000 0.0000 0.0000	</row1>
					<row2>	1.0000 0.0000 0.0000 0.0000	</row2>
					<row3>	0.7745 0.4579 0.3600 1.0000	</row3>
				</transform>
			</node>
			<node>
				<identifier>	MP_CM014_Fuel_Oil_Hose_INDEX_3	</identifier>
				<transform>
					<row0>	0.0000 0.0000 -1.0000 0.0000	</row0>
					<row1>	0.0000 1.0000 0.0000 0.0000	</row1>
					<row2>	1.0000 0.0000 0.0000 0.0000	</row2>
					<row3>	0.7745 0.4833 0.3600 1.0000	</row3>
				</transform>
			</node>
			<node>
				<identifier>	MP_CM029_Emergency_Box	</identifier>
				<transform>
					<row0>	-0.7005 0.0000 0.7137 0.0000	</row0>
					<row1>	0.0000 1.0000 0.0000 0.0000	</row1>
					<row2>	-0.7137 0.0000 -0.7005 0.0000	</row2>
					<row3>	0.0969 1.7580 1.0474 1.0000	</row3>
				</transform>
			</node>
			<node>
				<identifier>	MP_CM029_Emergency_Box_INDEX_1	</identifier>
				<transform>
					<row0>	0.0000 0.0000 1.0000 0.0000	</row0>
					<row1>	0.0000 1.0000 0.0000 0.0000	</row1>
					<row2>	-1.0000 0.0000 0.0000 0.0000	</row2>
					<row3>	0.2027 1.2771 0.9158 1.0000	</row3>
				</transform>
			</node>
			<node>
				<identifier>	MP_CM029_Emergency_Box_INDEX_2	</identifier>
				<transform>
					<row0>	0.0000 0.0000 1.0000 0.0000	</row0>
					<row1>	0.0000 1.0000 0.0000 0.0000	</row1>
					<row2>	-1.0000 0.0000 0.0000 0.0000	</row2>
					<row3>	0.1355 1.9587 0.8223 1.0000	</row3>
				</transform>
			</node>
			<node>
				<identifier>	MP_CM029_Emergency_Box_INDEX_3	</identifier>
				<transform>
					<row0>	0.0000 0.0000 -1.0000 0.0000	</row0>
					<row1>	0.0000 1.0000 0.0000 0.0000	</row1>
					<row2>	1.0000 0.0000 0.0000 0.0000	</row2>
					<row3>	-0.1355 1.9587 0.8223 1.0000	</row3>
				</transform>
			</node>
			<node>
				<identifier>	MP_CM029_Emergency_Box_INDEX_4	</identifier>
				<transform>
					<row0>	-0.7005 0.0000 -0.7137 0.0000	</row0>
					<row1>	0.0000 1.0000 0.0000 0.0000	</row1>
					<row2>	0.7137 0.0000 -0.7005 0.0000	</row2>
					<row3>	-0.0969 1.7580 1.0474 1.0000	</row3>
				</transform>
			</node>
			<node>
				<identifier>	MP_CM029_Emergency_Box_INDEX_5	</identifier>
				<transform>
					<row0>	0.0000 0.0000 -1.0000 0.0000	</row0>
					<row1>	0.0000 1.0000 0.0000 0.0000	</row1>
					<row2>	1.0000 0.0000 0.0000 0.0000	</row2>
					<row3>	-0.2027 1.2771 0.9158 1.0000	</row3>
				</transform>
			</node>
			<node>
				<identifier>	MP_CM029_Emergency_Box_INDEX_6	</identifier>
				<transform>
					<row0>	-0.5893 0.0000 0.8079 0.0000	</row0>
					<row1>	0.0000 1.0000 0.0000 0.0000	</row1>
					<row2>	-0.8079 0.0000 -0.5893 0.0000	</row2>
					<row3>	0.3244 0.5809 2.1063 1.0000	</row3>
				</transform>
			</node>
			<node>
				<identifier>	MP_CM029_Emergency_Box_INDEX_7	</identifier>
				<transform>
					<row0>	-0.5893 0.0000 -0.8079 0.0000	</row0>
					<row1>	0.0000 1.0000 0.0000 0.0000	</row1>
					<row2>	0.8079 0.0000 -0.5893 0.0000	</row2>
					<row3>	-0.3248 0.5805 2.1069 1.0000	</row3>
				</transform>
			</node>
			<node>
				<identifier>	MP_CM052_Fender	</identifier>
				<transform>
					<row0>	-0.6067 0.0028 -0.4974 0.0000	</row0>
					<row1>	-0.2653 0.6618 0.3272 0.0000	</row1>
					<row2>	0.4208 0.4212 -0.5109 0.0000	</row2>
					<row3>	-0.7177 0.3836 2.9632 1.0000	</row3>
				</transform>
			</node>
			<node>
				<identifier>	MP_CM052_Fender_INDEX_1	</identifier>
				<transform>
					<row0>	-0.7845 0.0000 0.0000 0.0000	</row0>
					<row1>	0.0000 0.7845 0.0000 0.0000	</row1>
					<row2>	0.0000 0.0000 -0.7845 0.0000	</row2>
					<row3>	-0.9711 0.4048 -0.7369 1.0000	</row3>
				</transform>
			</node>
			<node>
				<identifier>	MP_CM052_Fender_INDEX_2	</identifier>
				<transform>
					<row0>	-0.6067 -0.0028 0.4974 0.0000	</row0>
					<row1>	0.2653 0.6618 0.3272 0.0000	</row1>
					<row2>	-0.4208 0.4212 -0.5109 0.0000	</row2>
					<row3>	0.7649 0.3836 2.9246 1.0000	</row3>
				</transform>
			</node>
			<node>
				<identifier>	MP_CM052_Fender_INDEX_3	</identifier>
				<transform>
					<row0>	-0.6067 0.0028 -0.4974 0.0000	</row0>
					<row1>	-0.2653 0.6618 0.3272 0.0000	</row1>
					<row2>	0.4208 0.4212 -0.5109 0.0000	</row2>
					<row3>	-0.7644 0.3836 2.9251 1.0000	</row3>
				</transform>
			</node>
			<node>
				<identifier>	MP_CM052_Fender_INDEX_4	</identifier>
				<transform>
					<row0>	-0.7845 0.0000 0.0000 0.0000	</row0>
					<row1>	0.0000 0.7845 0.0000 0.0000	</row1>
					<row2>	0.0000 0.0000 -0.7845 0.0000	</row2>
					<row3>	-1.0293 0.4048 -0.7369 1.0000	</row3>
				</transform>
			</node>
			<node>
				<identifier>	MP_CM052_Fender_INDEX_5	</identifier>
				<transform>
					<row0>	-0.6067 -0.0028 0.4974 0.0000	</row0>
					<row1>	0.2653 0.6618 0.3272 0.0000	</row1>
					<row2>	-0.4208 0.4212 -0.5109 0.0000	</row2>
					<row3>	0.7190 0.3837 2.9621 1.0000	</row3>
				</transform>
			</node>
			<node>
				<identifier>	MP_CM052_Fender_INDEX_6	</identifier>
				<transform>
					<row0>	-0.7845 0.0000 0.0000 0.0000	</row0>
					<row1>	0.0000 0.7845 0.0000 0.0000	</row1>
					<row2>	0.0000 0.0000 -0.7845 0.0000	</row2>
					<row3>	1.0293 0.4048 -0.7369 1.0000	</row3>
				</transform>
			</node>
			<node>
				<identifier>	MP_CM052_Fender_INDEX_7	</identifier>
				<transform>
					<row0>	-0.7845 0.0000 0.0000 0.0000	</row0>
					<row1>	0.0000 0.7845 0.0000 0.0000	</row1>
					<row2>	0.0000 0.0000 -0.7845 0.0000	</row2>
					<row3>	0.9711 0.4048 -0.7369 1.0000	</row3>
				</transform>
			</node>
			<node>
				<identifier>	MP_CM056_Ships_bell	</identifier>
				<transform>
					<row0>	1.0000 0.0000 0.0000 0.0000	</row0>
					<row1>	0.0000 1.0000 0.0000 0.0000	</row1>
					<row2>	0.0000 0.0000 1.0000 0.0000	</row2>
					<row3>	-0.0148 0.7501 -0.7120 1.0000	</row3>
				</transform>
			</node>
			<node>
				<identifier>	MP_CM097_Stairway	</identifier>
				<transform>
					<row0>	0.0000 1.0000 0.0000 0.0000	</row0>
					<row1>	-0.4947 0.0000 -0.8691 0.0000	</row1>
					<row2>	-0.8691 0.0000 0.4947 0.0000	</row2>
					<row3>	0.7917 0.4128 0.9614 1.0000	</row3>
				</transform>
			</node>
			<node>
				<identifier>	MP_CM097_Stairway_INDEX_1	</identifier>
				<transform>
					<row0>	0.0000 -1.0000 0.0000 0.0000	</row0>
					<row1>	0.4947 0.0000 -0.8691 0.0000	</row1>
					<row2>	0.8691 0.0000 0.4947 0.0000	</row2>
					<row3>	-0.7917 0.4128 0.9614 1.0000	</row3>
				</transform>
			</node>
			<node>
				<identifier>	MP_CM109_Leadsman_Platform	</identifier>
				<transform>
					<row0>	0.0000 1.0000 0.0000 0.0000	</row0>
					<row1>	0.5148 0.0000 -0.8573 0.0000	</row1>
					<row2>	-0.8573 0.0000 -0.5148 0.0000	</row2>
					<row3>	-0.7354 0.4422 0.9757 1.0000	</row3>
				</transform>
			</node>
			<node>
				<identifier>	MP_CM109_Leadsman_Platform_INDEX_1	</identifier>
				<transform>
					<row0>	0.0000 1.0000 0.0000 0.0000	</row0>
					<row1>	-0.5000 0.0000 -0.8660 0.0000	</row1>
					<row2>	-0.8660 0.0000 0.5000 0.0000	</row2>
					<row3>	0.6653 0.4422 1.0158 1.0000	</row3>
				</transform>
			</node>
			<node>
				<identifier>	MP_GM001_Paravane	</identifier>
				<transform>
					<row0>	0.0000 1.0000 0.0000 0.0000	</row0>
					<row1>	-0.6063 0.0000 -0.7953 0.0000	</row1>
					<row2>	-0.7953 0.0000 0.6063 0.0000	</row2>
					<row3>	0.3134 0.4428 3.6423 1.0000	</row3>
				</transform>
			</node>
			<node>
				<identifier>	MP_GM001_Paravane_INDEX_1	</identifier>
				<transform>
					<row0>	0.0000 -1.0000 0.0000 0.0000	</row0>
					<row1>	0.6063 0.0000 -0.7953 0.0000	</row1>
					<row2>	0.7953 0.0000 0.6063 0.0000	</row2>
					<row3>	-0.3134 0.4428 3.6423 1.0000	</row3>
				</transform>
			</node>
			<node>
				<identifier>	MP_GM001_Paravane_INDEX_2	</identifier>
				<transform>
					<row0>	0.0000 1.0000 0.0000 0.0000	</row0>
					<row1>	-0.2027 0.0000 -0.9792 0.0000	</row1>
					<row2>	-0.9792 0.0000 0.2027 0.0000	</row2>
					<row3>	0.0983 0.4428 3.7329 1.0000	</row3>
				</transform>
			</node>
			<node>
				<identifier>	MP_GM001_Paravane_INDEX_3	</identifier>
				<transform>
					<row0>	0.0000 -1.0000 0.0000 0.0000	</row0>
					<row1>	0.2027 0.0000 -0.9792 0.0000	</row1>
					<row2>	0.9792 0.0000 0.2027 0.0000	</row2>
					<row3>	-0.0983 0.4428 3.7329 1.0000	</row3>
				</transform>
			</node>
			<node>
				<identifier>	MP_GM002_Fog_Horn	</identifier>
				<transform>
					<row0>	1.0000 0.0000 0.0000 0.0000	</row0>
					<row1>	0.0000 1.0000 0.0000 0.0000	</row1>
					<row2>	0.0000 0.0000 1.0000 0.0000	</row2>
					<row3>	0.2050 1.6415 1.0451 1.0000	</row3>
				</transform>
			</node>
			<node>
				<identifier>	MP_GM003_Reels_1	</identifier>
				<transform>
					<row0>	1.0000 0.0000 0.0000 0.0000	</row0>
					<row1>	0.0000 1.0000 0.0000 0.0000	</row1>
					<row2>	0.0000 0.0000 1.0000 0.0000	</row2>
					<row3>	-0.2233 0.5425 2.4567 1.0000	</row3>
				</transform>
			</node>
			<node>
				<identifier>	MP_GM003_Reels_1_INDEX_1	</identifier>
				<transform>
					<row0>	1.0000 0.0000 0.0000 0.0000	</row0>
					<row1>	0.0000 1.0000 0.0000 0.0000	</row1>
					<row2>	0.0000 0.0000 1.0000 0.0000	</row2>
					<row3>	0.2233 0.5425 2.4567 1.0000	</row3>
				</transform>
			</node>
			<node>
				<identifier>	MP_GM003_Reels_1_INDEX_2	</identifier>
				<transform>
					<row0>	0.0000 0.0000 -1.0000 0.0000	</row0>
					<row1>	0.0000 1.0000 0.0000 0.0000	</row1>
					<row2>	1.0000 0.0000 0.0000 0.0000	</row2>
					<row3>	1.2767 0.3743 -0.3233 1.0000	</row3>
				</transform>
			</node>
			<node>
				<identifier>	MP_GM003_Reels_1_INDEX_3	</identifier>
				<transform>
					<row0>	0.0000 0.0000 1.0000 0.0000	</row0>
					<row1>	0.0000 1.0000 0.0000 0.0000	</row1>
					<row2>	-1.0000 0.0000 0.0000 0.0000	</row2>
					<row3>	-1.2767 0.3743 -0.3233 1.0000	</row3>
				</transform>
			</node>
			<node>
				<identifier>	MP_GM005_Reels_3	</identifier>
				<transform>
					<row0>	0.9318 0.0000 -0.3629 0.0000	</row0>
					<row1>	0.0000 1.0000 0.0000 0.0000	</row1>
					<row2>	0.3629 0.0000 0.9318 0.0000	</row2>
					<row3>	-0.5314 0.3794 3.3947 1.0000	</row3>
				</transform>
			</node>
			<node>
				<identifier>	MP_GM005_Reels_3_INDEX_1	</identifier>
				<transform>
					<row0>	1.0000 0.0000 0.0000 0.0000	</row0>
					<row1>	0.0000 1.0000 0.0000 0.0000	</row1>
					<row2>	0.0000 0.0000 1.0000 0.0000	</row2>
					<row3>	-0.6147 0.3794 1.9781 1.0000	</row3>
				</transform>
			</node>
			<node>
				<identifier>	MP_GM005_Reels_3_INDEX_2	</identifier>
				<transform>
					<row0>	1.0000 0.0000 0.0000 0.0000	</row0>
					<row1>	0.0000 1.0000 0.0000 0.0000	</row1>
					<row2>	0.0000 0.0000 1.0000 0.0000	</row2>
					<row3>	0.6147 0.3794 1.9781 1.0000	</row3>
				</transform>
			</node>
			<node>
				<identifier>	MP_GM005_Reels_3_INDEX_3	</identifier>
				<transform>
					<row0>	0.9318 0.0000 0.3629 0.0000	</row0>
					<row1>	0.0000 1.0000 0.0000 0.0000	</row1>
					<row2>	-0.3629 0.0000 0.9318 0.0000	</row2>
					<row3>	0.5314 0.3794 3.3947 1.0000	</row3>
				</transform>
			</node>
			<node>
				<identifier>	MP_GM007_LifeBuoy	</identifier>
				<transform>
					<row0>	0.6532 0.0000 0.7572 0.0000	</row0>
					<row1>	0.0000 1.0000 0.0000 0.0000	</row1>
					<row2>	-0.7572 0.0000 0.6532 0.0000	</row2>
					<row3>	0.9757 0.4244 -0.3202 1.0000	</row3>
				</transform>
			</node>
			<node>
				<identifier>	MP_GM007_LifeBuoy_INDEX_1	</identifier>
				<transform>
					<row0>	1.0000 0.0000 0.0020 0.0000	</row0>
					<row1>	0.0000 1.0000 0.0000 0.0000	</row1>
					<row2>	-0.0020 0.0000 1.0000 0.0000	</row2>
					<row3>	0.5447 0.4238 1.8445 1.0000	</row3>
				</transform>
			</node>
			<node>
				<identifier>	MP_GM007_LifeBuoy_INDEX_2	</identifier>
				<transform>
					<row0>	0.9991 0.0000 -0.0431 0.0000	</row0>
					<row1>	0.0000 1.0000 0.0000 0.0000	</row1>
					<row2>	0.0431 0.0000 0.9991 0.0000	</row2>
					<row3>	-1.3309 0.4194 2.0080 1.0000	</row3>
				</transform>
			</node>
			<node>
				<identifier>	MP_GM007_LifeBuoy_INDEX_3	</identifier>
				<transform>
					<row0>	0.6532 0.0000 -0.7572 0.0000	</row0>
					<row1>	0.0000 1.0000 0.0000 0.0000	</row1>
					<row2>	0.7572 0.0000 0.6532 0.0000	</row2>
					<row3>	-0.9784 0.4244 -0.3227 1.0000	</row3>
				</transform>
			</node>
			<node>
				<identifier>	MP_GM007_LifeBuoy_INDEX_4	</identifier>
				<transform>
					<row0>	1.0000 0.0000 -0.0020 0.0000	</row0>
					<row1>	0.0000 1.0000 0.0000 0.0000	</row1>
					<row2>	0.0020 0.0000 1.0000 0.0000	</row2>
					<row3>	-0.5445 0.4238 1.8445 1.0000	</row3>
				</transform>
			</node>
			<node>
				<identifier>	MP_GM007_LifeBuoy_INDEX_5	</identifier>
				<transform>
					<row0>	0.9991 0.0000 0.0431 0.0000	</row0>
					<row1>	0.0000 1.0000 0.0000 0.0000	</row1>
					<row2>	-0.0431 0.0000 0.9991 0.0000	</row2>
					<row3>	1.3309 0.4194 2.0080 1.0000	</row3>
				</transform>
			</node>
			<node>
				<identifier>	MP_GM008_Loudspeaker	</identifier>
				<transform>
					<row0>	-1.0000 0.0000 0.0000 0.0000	</row0>
					<row1>	0.0000 1.0000 0.0000 0.0000	</row1>
					<row2>	0.0000 0.0000 -1.0000 0.0000	</row2>
					<row3>	-0.1967 1.3235 0.9334 1.0000	</row3>
				</transform>
			</node>
			<node>
				<identifier>	MP_GM008_Loudspeaker_INDEX_1	</identifier>
				<transform>
					<row0>	1.0000 0.0000 0.0000 0.0000	</row0>
					<row1>	0.0000 1.0000 0.0000 0.0000	</row1>
					<row2>	0.0000 0.0000 1.0000 0.0000	</row2>
					<row3>	0.5392 0.5341 2.7520 1.0000	</row3>
				</transform>
			</node>
			<node>
				<identifier>	MP_GM008_Loudspeaker_INDEX_2	</identifier>
				<transform>
					<row0>	1.0000 0.0000 0.0000 0.0000	</row0>
					<row1>	0.0000 1.0000 0.0000 0.0000	</row1>
					<row2>	0.0000 0.0000 1.0000 0.0000	</row2>
					<row3>	0.5389 0.6475 0.5475 1.0000	</row3>
				</transform>
			</node>
			<node>
				<identifier>	MP_GM008_Loudspeaker_INDEX_3	</identifier>
				<transform>
					<row0>	-1.0000 0.0000 0.0000 0.0000	</row0>
					<row1>	0.0000 1.0000 0.0000 0.0000	</row1>
					<row2>	0.0000 0.0000 -1.0000 0.0000	</row2>
					<row3>	-0.5392 0.5341 2.7520 1.0000	</row3>
				</transform>
			</node>
			<node>
				<identifier>	MP_GM008_Loudspeaker_INDEX_4	</identifier>
				<transform>
					<row0>	1.0000 0.0000 0.0000 0.0000	</row0>
					<row1>	0.0000 1.0000 0.0000 0.0000	</row1>
					<row2>	0.0000 0.0000 1.0000 0.0000	</row2>
					<row3>	0.1967 1.3235 0.9334 1.0000	</row3>
				</transform>
			</node>
			<node>
				<identifier>	MP_GM008_Loudspeaker_INDEX_5	</identifier>
				<transform>
					<row0>	-1.0000 0.0000 0.0000 0.0000	</row0>
					<row1>	0.0000 1.0000 0.0000 0.0000	</row1>
					<row2>	0.0000 0.0000 -1.0000 0.0000	</row2>
					<row3>	-0.5389 0.6475 0.5475 1.0000	</row3>
				</transform>
			</node>
			<node>
				<identifier>	MP_GM009_Siren	</identifier>
				<transform>
					<row0>	-0.1408 0.0000 0.9900 0.0000	</row0>
					<row1>	0.0000 1.0000 0.0000 0.0000	</row1>
					<row2>	-0.9900 0.0000 -0.1408 0.0000	</row2>
					<row3>	-0.0393 1.5836 0.0639 1.0000	</row3>
				</transform>
			</node>
			<node>
				<identifier>	MP_GM009_Siren_INDEX_1	</identifier>
				<transform>
					<row0>	-0.1615 0.0000 -0.9869 0.0000	</row0>
					<row1>	0.0000 1.0000 0.0000 0.0000	</row1>
					<row2>	0.9869 0.0000 -0.1615 0.0000	</row2>
					<row3>	-0.0357 1.5836 -0.6596 1.0000	</row3>
				</transform>
			</node>
			<node>
				<identifier>	MP_GM010_Binocular	</identifier>
				<transform>
					<row0>	0.0000 0.0000 1.0000 0.0000	</row0>
					<row1>	0.0000 1.0000 0.0000 0.0000	</row1>
					<row2>	-1.0000 0.0000 0.0000 0.0000	</row2>
					<row3>	0.2662 1.6866 1.1498 1.0000	</row3>
				</transform>
			</node>
			<node>
				<identifier>	MP_GM010_Binocular_INDEX_1	</identifier>
				<transform>
					<row0>	0.0000 0.0000 1.0000 0.0000	</row0>
					<row1>	0.0000 1.0000 0.0000 0.0000	</row1>
					<row2>	-1.0000 0.0000 0.0000 0.0000	</row2>
					<row3>	-0.2662 1.6866 1.1498 1.0000	</row3>
				</transform>
			</node>
			<node>
				<identifier>	MP_GM010_Binocular_INDEX_2	</identifier>
				<transform>
					<row0>	0.0000 0.0000 1.0000 0.0000	</row0>
					<row1>	0.0000 1.0000 0.0000 0.0000	</row1>
					<row2>	-1.0000 0.0000 0.0000 0.0000	</row2>
					<row3>	-0.1596 1.6854 1.1720 1.0000	</row3>
				</transform>
			</node>
			<node>
				<identifier>	MP_GM010_Binocular_INDEX_3	</identifier>
				<transform>
					<row0>	0.0000 0.0000 1.0000 0.0000	</row0>
					<row1>	0.0000 1.0000 0.0000 0.0000	</row1>
					<row2>	-1.0000 0.0000 0.0000 0.0000	</row2>
					<row3>	0.1596 1.6854 1.1720 1.0000	</row3>
				</transform>
			</node>
			<node>
				<identifier>	MP_GM011_Pelorus	</identifier>
				<transform>
					<row0>	1.0000 0.0000 0.0000 0.0000	</row0>
					<row1>	0.0000 1.0000 0.0000 0.0000	</row1>
					<row2>	0.0000 0.0000 1.0000 0.0000	</row2>
					<row3>	-0.3414 1.6864 1.1102 1.0000	</row3>
				</transform>
			</node>
			<node>
				<identifier>	MP_GM011_Pelorus_INDEX_1	</identifier>
				<transform>
					<row0>	1.0000 0.0000 0.0000 0.0000	</row0>
					<row1>	0.0000 1.0000 0.0000 0.0000	</row1>
					<row2>	0.0000 0.0000 1.0000 0.0000	</row2>
					<row3>	-0.1061 1.6838 1.1931 1.0000	</row3>
				</transform>
			</node>
			<node>
				<identifier>	MP_GM011_Pelorus_INDEX_2	</identifier>
				<transform>
					<row0>	1.0000 0.0000 0.0000 0.0000	</row0>
					<row1>	0.0000 1.0000 0.0000 0.0000	</row1>
					<row2>	0.0000 0.0000 1.0000 0.0000	</row2>
					<row3>	-0.2057 1.3145 1.4885 1.0000	</row3>
				</transform>
			</node>
			<node>
				<identifier>	MP_GM011_Pelorus_INDEX_3	</identifier>
				<transform>
					<row0>	1.0000 0.0000 0.0000 0.0000	</row0>
					<row1>	0.0000 1.0000 0.0000 0.0000	</row1>
					<row2>	0.0000 0.0000 1.0000 0.0000	</row2>
					<row3>	0.2057 1.3145 1.4885 1.0000	</row3>
				</transform>
			</node>
			<node>
				<identifier>	MP_GM011_Pelorus_INDEX_4	</identifier>
				<transform>
					<row0>	1.0000 0.0000 0.0000 0.0000	</row0>
					<row1>	0.0000 1.0000 0.0000 0.0000	</row1>
					<row2>	0.0000 0.0000 1.0000 0.0000	</row2>
					<row3>	0.1061 1.6838 1.1931 1.0000	</row3>
				</transform>
			</node>
			<node>
				<identifier>	MP_GM011_Pelorus_INDEX_5	</identifier>
				<transform>
					<row0>	1.0000 0.0000 0.0000 0.0000	</row0>
					<row1>	0.0000 1.0000 0.0000 0.0000	</row1>
					<row2>	0.0000 0.0000 1.0000 0.0000	</row2>
					<row3>	-0.5061 1.0576 1.7980 1.0000	</row3>
				</transform>
			</node>
			<node>
				<identifier>	MP_GM011_Pelorus_INDEX_6	</identifier>
				<transform>
					<row0>	1.0000 0.0000 0.0000 0.0000	</row0>
					<row1>	0.0000 1.0000 0.0000 0.0000	</row1>
					<row2>	0.0000 0.0000 1.0000 0.0000	</row2>
					<row3>	0.5061 1.0576 1.7980 1.0000	</row3>
				</transform>
			</node>
			<node>
				<identifier>	MP_GM011_Pelorus_INDEX_7	</identifier>
				<transform>
					<row0>	1.0000 0.0000 0.0000 0.0000	</row0>
					<row1>	0.0000 1.0000 0.0000 0.0000	</row1>
					<row2>	0.0000 0.0000 1.0000 0.0000	</row2>
					<row3>	0.3414 1.6864 1.1102 1.0000	</row3>
				</transform>
			</node>
			<node>
				<identifier>	MP_GM013_Siren	</identifier>
				<transform>
					<row0>	0.2138 0.0000 -1.4509 0.0000	</row0>
					<row1>	0.0000 1.4665 0.0000 0.0000	</row1>
					<row2>	1.4509 0.0000 0.2138 0.0000	</row2>
					<row3>	0.1948 1.3194 0.9845 1.0000	</row3>
				</transform>
			</node>
			<node>
				<identifier>	MP_GM013_Siren_INDEX_1	</identifier>
				<transform>
					<row0>	-0.9591 0.0000 0.2832 0.0000	</row0>
					<row1>	0.0000 1.0000 0.0000 0.0000	</row1>
					<row2>	-0.2832 0.0000 -0.9591 0.0000	</row2>
					<row3>	0.2155 1.9494 1.1952 1.0000	</row3>
				</transform>
			</node>
			<node>
				<identifier>	MP_GM013_Siren_INDEX_2	</identifier>
				<transform>
					<row0>	-0.9084 0.0000 0.4180 0.0000	</row0>
					<row1>	0.0000 1.0000 0.0000 0.0000	</row1>
					<row2>	-0.4180 0.0000 -0.9084 0.0000	</row2>
					<row3>	0.1682 1.2631 2.0734 1.0000	</row3>
				</transform>
			</node>
			<node>
				<identifier>	MP_GM013_Siren_INDEX_3	</identifier>
				<transform>
					<row0>	-0.8908 0.0000 0.4543 0.0000	</row0>
					<row1>	0.0000 1.0000 0.0000 0.0000	</row1>
					<row2>	-0.4543 0.0000 -0.8908 0.0000	</row2>
					<row3>	-0.0697 1.4453 -0.6359 1.0000	</row3>
				</transform>
			</node>
			<node>
				<identifier>	MP_GM013_Siren_INDEX_4	</identifier>
				<transform>
					<row0>	-0.8398 0.0000 -0.5429 0.0000	</row0>
					<row1>	0.0000 1.0000 0.0000 0.0000	</row1>
					<row2>	0.5429 0.0000 -0.8398 0.0000	</row2>
					<row3>	-0.2073 1.2631 2.0534 1.0000	</row3>
				</transform>
			</node>
			<node>
				<identifier>	MP_GM013_Siren_INDEX_5	</identifier>
				<transform>
					<row0>	-0.9659 0.0000 -0.2588 0.0000	</row0>
					<row1>	0.0000 1.0000 0.0000 0.0000	</row1>
					<row2>	0.2588 0.0000 -0.9659 0.0000	</row2>
					<row3>	-0.2124 1.9494 1.1962 1.0000	</row3>
				</transform>
			</node>
			<node>
				<identifier>	MP_GM013_Siren_INDEX_6	</identifier>
				<transform>
					<row0>	-0.0028 0.0000 1.4665 0.0000	</row0>
					<row1>	0.0000 1.4665 0.0000 0.0000	</row1>
					<row2>	-1.4665 0.0000 -0.0028 0.0000	</row2>
					<row3>	-0.5394 0.5024 2.9422 1.0000	</row3>
				</transform>
			</node>
			<node>
				<identifier>	MP_GM013_Siren_INDEX_7	</identifier>
				<transform>
					<row0>	-0.0028 0.0000 -1.4665 0.0000	</row0>
					<row1>	0.0000 1.4665 0.0000 0.0000	</row1>
					<row2>	1.4665 0.0000 -0.0028 0.0000	</row2>
					<row3>	0.5396 0.5024 2.9422 1.0000	</row3>
				</transform>
			</node>
			<node>
				<identifier>	MP_GM013_Siren_INDEX_8	</identifier>
				<transform>
					<row0>	0.2488 0.0000 1.4453 0.0000	</row0>
					<row1>	0.0000 1.4665 0.0000 0.0000	</row1>
					<row2>	-1.4453 0.0000 0.2488 0.0000	</row2>
					<row3>	-0.1948 1.3194 0.9845 1.0000	</row3>
				</transform>
			</node>
			<node>
				<identifier>	MP_GM013_Siren_INDEX_9	</identifier>
				<transform>
					<row0>	0.8893 0.0000 0.4573 0.0000	</row0>
