<USC003_Brisbane_1950_Bow_ports.visual>
	<node>
		<identifier>	Scene Root	</identifier>
		<transform>
			<row0>	1.0000 0.0000 0.0000 0.0000	</row0>
			<row1>	0.0000 1.0000 0.0000 0.0000	</row1>
			<row2>	0.0000 0.0000 1.0000 0.0000	</row2>
			<row3>	0.0000 0.0000 0.0000 1.0000	</row3>
		</transform>
		<node>
			<identifier>	Bow_ports	</identifier>
			<transform>
				<row0>	1.0000 0.0000 0.0000 0.0000	</row0>
				<row1>	0.0000 1.0000 0.0000 0.0000	</row1>
				<row2>	0.0000 0.0000 1.0000 0.0000	</row2>
				<row3>	0.0000 0.0000 0.0000 1.0000	</row3>
			</transform>
			<node>
				<identifier>	HP_BGM_1	</identifier>
				<transform>
					<row0>	1.0000 0.0000 0.0000 0.0000	</row0>
					<row1>	0.0000 1.0000 0.0000 0.0000	</row1>
					<row2>	0.0000 0.0000 1.0000 0.0000	</row2>
					<row3>	0.0000 0.4997 4.1316 1.0000	</row3>
				</transform>
			</node>
			<node>
				<identifier>	HP_FX_Death_1	</identifier>
				<transform>
					<row0>	1.0000 0.0000 0.0000 0.0000	</row0>
					<row1>	0.0000 1.0000 0.0000 0.0000	</row1>
					<row2>	0.0000 0.0000 1.0000 0.0000	</row2>
					<row3>	0.0000 0.0000 4.0120 1.0000	</row3>
				</transform>
			</node>
			<node>
				<identifier>	HP_FX_Fire_1	</identifier>
				<transform>
					<row0>	1.0000 0.0000 0.0000 0.0000	</row0>
					<row1>	0.0000 1.0000 0.0000 0.0000	</row1>
					<row2>	0.0000 0.0000 1.0000 0.0000	</row2>
					<row3>	0.0000 0.4646 5.0707 1.0000	</row3>
				</transform>
			</node>
			<node>
				<identifier>	HP_FX_Flood_water_left_3	</identifier>
				<transform>
					<row0>	-0.9881 0.0000 0.1538 0.0000	</row0>
					<row1>	0.0000 1.0000 0.0000 0.0000	</row1>
					<row2>	-0.1538 0.0000 -0.9881 0.0000	</row2>
					<row3>	-0.3765 0.0381 4.5101 1.0000	</row3>
				</transform>
			</node>
			<node>
				<identifier>	HP_FX_Flood_water_right_3	</identifier>
				<transform>
					<row0>	0.9862 0.0000 0.1657 0.0000	</row0>
					<row1>	0.0000 1.0000 0.0000 0.0000	</row1>
					<row2>	-0.1657 0.0000 0.9862 0.0000	</row2>
					<row3>	0.3765 0.0384 4.5107 1.0000	</row3>
				</transform>
			</node>
			<node>
				<identifier>	HP_FX_RepairLight_left_1	</identifier>
				<transform>
					<row0>	0.1527 0.0000 0.9883 0.0000	</row0>
					<row1>	0.0000 1.0000 0.0000 0.0000	</row1>
					<row2>	-0.9883 0.0000 0.1527 0.0000	</row2>
					<row3>	-0.6456 0.4309 4.0069 1.0000	</row3>
				</transform>
			</node>
			<node>
				<identifier>	HP_FX_WakeTrace	</identifier>
				<transform>
					<row0>	1.0000 0.0000 0.0000 0.0000	</row0>
					<row1>	0.0000 1.0000 0.0000 0.0000	</row1>
					<row2>	0.0000 0.0000 1.0000 0.0000	</row2>
					<row3>	0.0000 0.0000 6.2316 1.0000	</row3>
				</transform>
			</node>
			<node>
				<identifier>	HP_Ship_death_1	</identifier>
				<transform>
					<row0>	1.0000 0.0000 0.0000 0.0000	</row0>
					<row1>	0.0000 1.0000 0.0000 0.0000	</row1>
					<row2>	0.0000 0.0000 1.0000 0.0000	</row2>
					<row3>	0.0000 0.0000 3.4689 1.0000	</row3>
				</transform>
			</node>
			<node>
				<identifier>	MP_BM004_Reels	</identifier>
				<transform>
					<row0>	0.9682 0.0282 0.7083 0.0000	</row0>
					<row1>	-0.0008 1.1991 -0.0467 0.0000	</row1>
					<row2>	-0.7089 0.0372 0.9675 0.0000	</row2>
					<row3>	-0.2137 0.4514 4.6842 1.0000	</row3>
				</transform>
			</node>
			<node>
				<identifier>	MP_BM004_Reels_INDEX_1	</identifier>
				<transform>
					<row0>	0.9682 -0.0282 -0.7083 0.0000	</row0>
					<row1>	0.0008 1.1991 -0.0467 0.0000	</row1>
					<row2>	0.7089 0.0372 0.9675 0.0000	</row2>
					<row3>	0.2137 0.4514 4.6842 1.0000	</row3>
				</transform>
			</node>
			<node>
				<identifier>	MP_BM752_Deck_Hatch	</identifier>
				<transform>
					<row0>	-1.0000 0.0000 0.0000 0.0000	</row0>
					<row1>	0.0000 1.0000 0.0000 0.0000	</row1>
					<row2>	0.0000 0.0000 -1.0000 0.0000	</row2>
					<row3>	-0.1874 0.4252 3.8581 1.0000	</row3>
				</transform>
			</node>
			<node>
				<identifier>	MP_BM752_Deck_Hatch_INDEX_1	</identifier>
				<transform>
					<row0>	-1.0000 0.0000 0.0000 0.0000	</row0>
					<row1>	0.0000 1.0000 0.0000 0.0000	</row1>
					<row2>	0.0000 0.0000 -1.0000 0.0000	</row2>
					<row3>	0.1874 0.4252 3.8581 1.0000	</row3>
				</transform>
			</node>
			<node>
				<identifier>	MP_BM753_Deck_Hatch	</identifier>
				<transform>
					<row0>	1.0000 0.0000 0.0000 0.0000	</row0>
					<row1>	0.0000 1.0000 0.0000 0.0000	</row1>
					<row2>	0.0000 0.0000 1.0000 0.0000	</row2>
					<row3>	0.0000 0.4234 3.6691 1.0000	</row3>
				</transform>
			</node>
			<node>
				<identifier>	MP_BM753_Deck_Hatch_INDEX_1	</identifier>
				<transform>
					<row0>	1.0000 0.0000 0.0000 0.0000	</row0>
					<row1>	0.0000 1.0000 0.0000 0.0000	</row1>
					<row2>	0.0000 0.0000 1.0000 0.0000	</row2>
					<row3>	0.0000 0.4476 4.5503 1.0000	</row3>
				</transform>
			</node>
			<node>
				<identifier>	MP_BM800_Ventilators_mushroom	</identifier>
				<transform>
					<row0>	-1.5000 0.0000 0.0000 0.0000	</row0>
					<row1>	0.0000 1.5000 0.0000 0.0000	</row1>
					<row2>	0.0000 0.0000 -1.5000 0.0000	</row2>
					<row3>	0.1923 0.4154 3.7328 1.0000	</row3>
				</transform>
			</node>
			<node>
				<identifier>	MP_BM800_Ventilators_mushroom_INDEX_1	</identifier>
				<transform>
					<row0>	-1.5000 0.0000 0.0000 0.0000	</row0>
					<row1>	0.0000 1.5000 0.0000 0.0000	</row1>
					<row2>	0.0000 0.0000 -1.5000 0.0000	</row2>
					<row3>	0.0921 0.4504 4.7506 1.0000	</row3>
				</transform>
			</node>
			<node>
				<identifier>	MP_BM800_Ventilators_mushroom_INDEX_2	</identifier>
				<transform>
					<row0>	-1.5000 0.0000 0.0000 0.0000	</row0>
					<row1>	0.0000 1.5000 0.0000 0.0000	</row1>
					<row2>	0.0000 0.0000 -1.5000 0.0000	</row2>
					<row3>	-0.0921 0.4504 4.7506 1.0000	</row3>
				</transform>
			</node>
			<node>
				<identifier>	MP_BM800_Ventilators_mushroom_INDEX_3	</identifier>
				<transform>
					<row0>	-1.0000 0.0000 0.0000 0.0000	</row0>
					<row1>	0.0000 1.0000 0.0000 0.0000	</row1>
					<row2>	0.0000 0.0000 -1.0000 0.0000	</row2>
					<row3>	-0.2964 0.4788 5.3563 1.0000	</row3>
				</transform>
			</node>
			<node>
				<identifier>	MP_BM800_Ventilators_mushroom_INDEX_4	</identifier>
				<transform>
					<row0>	-1.0000 0.0000 0.0000 0.0000	</row0>
					<row1>	0.0000 1.0000 0.0000 0.0000	</row1>
					<row2>	0.0000 0.0000 -1.0000 0.0000	</row2>
					<row3>	0.2964 0.4788 5.3563 1.0000	</row3>
				</transform>
			</node>
			<node>
				<identifier>	MP_BM800_Ventilators_mushroom_INDEX_5	</identifier>
				<transform>
					<row0>	-1.5000 0.0000 0.0000 0.0000	</row0>
					<row1>	0.0000 1.5000 0.0000 0.0000	</row1>
					<row2>	0.0000 0.0000 -1.5000 0.0000	</row2>
					<row3>	-0.1923 0.4154 3.7328 1.0000	</row3>
				</transform>
			</node>
			<node>
				<identifier>	MP_BM858_Signal_Lamp	</identifier>
				<transform>
					<row0>	0.8660 0.0000 -0.5000 0.0000	</row0>
					<row1>	0.0000 1.0000 0.0000 0.0000	</row1>
					<row2>	0.5000 0.0000 0.8660 0.0000	</row2>
					<row3>	0.0194 1.0014 6.3364 1.0000	</row3>
				</transform>
			</node>
			<node>
				<identifier>	MP_BM862_Signal_Lamp	</identifier>
				<transform>
					<row0>	1.0000 0.0000 0.0000 0.0000	</row0>
					<row1>	0.0000 1.0000 0.0000 0.0000	</row1>
					<row2>	0.0000 0.0000 1.0000 0.0000	</row2>
					<row3>	0.0194 0.8951 6.3207 1.0000	</row3>
				</transform>
			</node>
			<node>
				<identifier>	MP_BM952_Bollard	</identifier>
				<transform>
					<row0>	1.0000 0.0000 0.0000 0.0000	</row0>
					<row1>	0.0000 0.9988 -0.0484 0.0000	</row1>
					<row2>	0.0000 0.0484 0.9988 0.0000	</row2>
					<row3>	0.0000 0.4763 5.0775 1.0000	</row3>
				</transform>
			</node>
			<node>
				<identifier>	MP_BM952_Bollard_INDEX_1	</identifier>
				<transform>
					<row0>	0.9680 -0.0121 -0.2506 0.0000	</row0>
					<row1>	0.0000 0.9988 -0.0484 0.0000	</row1>
					<row2>	0.2509 0.0469 0.9669 0.0000	</row2>
					<row3>	-0.4070 0.4809 5.2051 1.0000	</row3>
				</transform>
			</node>
			<node>
				<identifier>	MP_BM952_Bollard_INDEX_2	</identifier>
				<transform>
					<row0>	0.9680 0.0121 0.2506 0.0000	</row0>
					<row1>	0.0000 0.9988 -0.0484 0.0000	</row1>
					<row2>	-0.2509 0.0469 0.9669 0.0000	</row2>
					<row3>	0.4070 0.4809 5.2051 1.0000	</row3>
				</transform>
			</node>
			<node>
				<identifier>	MP_BM957_Anchor_Capstan_big	</identifier>
				<transform>
					<row0>	0.6384 0.0000 0.0000 0.0000	</row0>
					<row1>	0.0000 0.6384 0.0000 0.0000	</row1>
					<row2>	0.0000 0.0000 0.6384 0.0000	</row2>
					<row3>	0.0000 0.4893 5.3573 1.0000	</row3>
				</transform>
			</node>
			<node>
				<identifier>	MP_BM959_Anchor_WW2_top	</identifier>
				<transform>
					<row0>	0.9969 0.0781 -0.0005 0.0000	</row0>
					<row1>	-0.0486 0.6156 -0.7866 0.0000	</row1>
					<row2>	-0.0611 0.7842 0.6175 0.0000	</row2>
					<row3>	0.1650 0.3938 6.0871 1.0000	</row3>
				</transform>
			</node>
			<node>
				<identifier>	MP_BM959_Anchor_WW2_top_INDEX_1	</identifier>
				<transform>
					<row0>	0.9969 -0.0781 0.0005 0.0000	</row0>
					<row1>	0.0487 0.6163 -0.7860 0.0000	</row1>
					<row2>	0.0610 0.7837 0.6182 0.0000	</row2>
					<row3>	-0.1650 0.3938 6.0871 1.0000	</row3>
				</transform>
			</node>
			<node>
				<identifier>	MP_BM960_Anchor_WW2_down	</identifier>
				<transform>
					<row0>	0.9558 0.1170 -0.2696 0.0000	</row0>
					<row1>	-0.2845 0.5990 -0.7485 0.0000	</row1>
					<row2>	0.0739 0.7921 0.6059 0.0000	</row2>
					<row3>	-0.1651 0.3937 6.0870 1.0000	</row3>
				</transform>
			</node>
			<node>
				<identifier>	MP_BM960_Anchor_WW2_down_INDEX_1	</identifier>
				<transform>
					<row0>	0.9558 -0.1170 0.2696 0.0000	</row0>
					<row1>	0.2844 0.5995 -0.7481 0.0000	</row1>
					<row2>	-0.0741 0.7918 0.6063 0.0000	</row2>
					<row3>	0.1651 0.3937 6.0870 1.0000	</row3>
				</transform>
			</node>
			<node>
				<identifier>	MP_BM961_Anchor_Capstan_Cruiser_WW2_Bow	</identifier>
				<transform>
					<row0>	0.7071 0.0000 -0.7071 0.0000	</row0>
					<row1>	0.0000 1.0000 0.0000 0.0000	</row1>
					<row2>	0.7071 0.0000 0.7071 0.0000	</row2>
					<row3>	-0.1576 0.5045 5.2527 1.0000	</row3>
				</transform>
			</node>
			<node>
				<identifier>	MP_BM961_Anchor_Capstan_Cruiser_WW2_Bow_INDEX_1	</identifier>
				<transform>
					<row0>	0.7071 0.0000 0.7071 0.0000	</row0>
					<row1>	0.0000 1.0000 0.0000 0.0000	</row1>
					<row2>	-0.7071 0.0000 0.7071 0.0000	</row2>
					<row3>	0.1576 0.5045 5.2527 1.0000	</row3>
				</transform>
			</node>
			<node>
				<identifier>	MP_BM962_Chain_Fairlead	</identifier>
				<transform>
					<row0>	0.9832 0.0000 0.1827 0.0000	</row0>
					<row1>	0.0000 1.0000 0.0000 0.0000	</row1>
					<row2>	-0.1827 0.0000 0.9832 0.0000	</row2>
					<row3>	0.0945 0.4952 5.5048 1.0000	</row3>
				</transform>
			</node>
			<node>
				<identifier>	MP_BM962_Chain_Fairlead_INDEX_1	</identifier>
				<transform>
					<row0>	0.9832 0.0000 -0.1827 0.0000	</row0>
					<row1>	0.0000 1.0000 0.0000 0.0000	</row1>
					<row2>	0.1827 0.0000 0.9832 0.0000	</row2>
					<row3>	-0.0945 0.4952 5.5048 1.0000	</row3>
				</transform>
			</node>
			<node>
				<identifier>	MP_CM011_Fire_Fighting_Gear	</identifier>
				<transform>
					<row0>	-1.0000 0.0000 0.0000 0.0000	</row0>
					<row1>	0.0000 1.0000 0.0000 0.0000	</row1>
					<row2>	0.0000 0.0000 -1.0000 0.0000	</row2>
					<row3>	-0.1248 0.4634 4.8790 1.0000	</row3>
				</transform>
			</node>
			<node>
				<identifier>	MP_CM011_Fire_Fighting_Gear_INDEX_1	</identifier>
				<transform>
					<row0>	0.0000 0.0000 -1.0000 0.0000	</row0>
					<row1>	0.0000 1.0000 0.0000 0.0000	</row1>
					<row2>	1.0000 0.0000 0.0000 0.0000	</row2>
					<row3>	-0.2025 0.4303 3.9430 1.0000	</row3>
				</transform>
			</node>
			<node>
				<identifier>	MP_CM013_Fire_Hose_Rack_2	</identifier>
				<transform>
					<row0>	0.0000 -0.3938 0.9192 0.0000	</row0>
					<row1>	0.0000 0.9192 0.3938 0.0000	</row1>
					<row2>	-1.0000 0.0000 0.0000 0.0000	</row2>
					<row3>	-0.1317 0.4980 4.7953 1.0000	</row3>
				</transform>
			</node>
			<node>
				<identifier>	SP_YMS001_YHBM_M_1	</identifier>
				<transform>
					<row0>	1.0158 0.0000 0.0000 0.0000	</row0>
					<row1>	0.0000 0.9886 -0.2335 0.0000	</row1>
					<row2>	0.0000 0.2335 0.9886 0.0000	</row2>
					<row3>	0.0000 0.5466 6.3392 1.0000	</row3>
				</transform>
			</node>
			<node>
				<identifier>	SP_YMS002_YHBL_M_1	</identifier>
				<transform>
					<row0>	1.0510 -0.1026 -0.1525 0.0000	</row0>
					<row1>	0.0899 1.0591 -0.0929 0.0000	</row1>
					<row2>	0.1603 0.0787 1.0519 0.0000	</row2>
					<row3>	0.0000 0.5496 6.3507 1.0000	</row3>
				</transform>
			</node>
			<node>
				<identifier>	SP_YMS003_YHBR_M_1	</identifier>
				<transform>
					<row0>	1.0510 0.1026 0.1525 0.0000	</row0>
					<row1>	-0.0899 1.0591 -0.0929 0.0000	</row1>
					<row2>	-0.1603 0.0787 1.0519 0.0000	</row2>
					<row3>	0.0000 0.5496 6.3507 1.0000	</row3>
				</transform>
			</node>
			<node>
				<identifier>	SP_YMS004_YHXL_L_1	</identifier>
				<transform>
					<row0>	0.8590 0.3683 -0.3556 0.0000	</row0>
					<row1>	-0.3553 0.9290 0.1039 0.0000	</row1>
					<row2>	0.3686 0.0371 0.9288 0.0000	</row2>
					<row3>	-0.1662 0.3826 5.9968 1.0000	</row3>
				</transform>
			</node>
			<node>
				<identifier>	SP_YMS005_YHXR_L_1	</identifier>
				<transform>
					<row0>	0.8590 -0.3683 0.3556 0.0000	</row0>
					<row1>	0.3553 0.9290 0.1039 0.0000	</row1>
					<row2>	-0.3686 0.0371 0.9288 0.0000	</row2>
					<row3>	0.1662 0.3826 5.9968 1.0000	</row3>
				</transform>
			</node>
			<node>
				<identifier>	SP_YMS010_YHWM_L_1	</identifier>
				<transform>
					<row0>	0.6904 0.0000 0.0000 0.0000	</row0>
					<row1>	0.0000 0.6904 0.0000 0.0000	</row1>
					<row2>	0.0000 0.0000 0.6904 0.0000	</row2>
					<row3>	0.0000 0.0000 6.3041 1.0000	</row3>
				</transform>
			</node>
			<node>
				<identifier>	SP_YMS011_YHWL_M_1	</identifier>
				<transform>
					<row0>	0.9352 0.3024 -0.1841 0.0000	</row0>
					<row1>	-0.2972 0.9532 0.0560 0.0000	</row1>
					<row2>	0.1924 0.0023 0.9813 0.0000	</row2>
					<row3>	-0.2689 0.0000 5.0455 1.0000	</row3>
				</transform>
			</node>
			<node>
				<identifier>	SP_YMS011_YHWL_M_1_INDEX_1	</identifier>
				<transform>
					<row0>	0.9373 0.3158 -0.1477 0.0000	</row0>
					<row1>	-0.3122 0.9488 0.0476 0.0000	</row1>
					<row2>	0.1551 0.0015 0.9879 0.0000	</row2>
					<row3>	-0.4151 -0.0002 4.2138 1.0000	</row3>
				</transform>
			</node>
			<node>
				<identifier>	SP_YMS012_YHWR_M_1	</identifier>
				<transform>
					<row0>	0.9352 -0.3024 0.1841 0.0000	</row0>
					<row1>	0.2972 0.9532 0.0560 0.0000	</row1>
					<row2>	-0.1924 0.0023 0.9813 0.0000	</row2>
					<row3>	0.2689 0.0000 5.0455 1.0000	</row3>
				</transform>
			</node>
			<node>
				<identifier>	SP_YMS012_YHWR_M_1_INDEX_1	</identifier>
				<transform>
					<row0>	0.9373 -0.3158 0.1477 0.0000	</row0>
					<row1>	0.3122 0.9488 0.0476 0.0000	</row1>
					<row2>	-0.1551 0.0015 0.9879 0.0000	</row2>
					<row3>	0.4151 0.0000 4.2142 1.0000	</row3>
				</transform>
			</node>
			<node>
				<identifier>	SP_YMS020_YHBU_M_1	</identifier>
				<transform>
					<row0>	1.0207 0.0000 0.0000 0.0000	</row0>
					<row1>	0.0000 1.0207 0.0000 0.0000	</row1>
					<row2>	0.0000 0.0000 1.0207 0.0000	</row2>
					<row3>	0.0000 -0.0912 6.1605 1.0000	</row3>
				</transform>
			</node>
			<node>
				<identifier>	SP_YMS022_YHUS_L_1_INDEX_2	</identifier>
				<transform>
					<row0>	-0.1680 0.0051 1.1638 0.0000	</row0>
					<row1>	0.4872 1.0681 0.0657 0.0000	</row1>
					<row2>	-1.0569 0.4915 -0.1547 0.0000	</row2>
					<row3>	0.2925 -0.3959 3.8338 1.0000	</row3>
				</transform>
			</node>
			<node>
				<identifier>	SP_YMS022_YHUS_L_1_INDEX_3	</identifier>
				<transform>
					<row0>	-0.1680 -0.0051 -1.1638 0.0000	</row0>
					<row1>	-0.4872 1.0681 0.0657 0.0000	</row1>
					<row2>	1.0569 0.4915 -0.1547 0.0000	</row2>
					<row3>	-0.2925 -0.3959 3.8338 1.0000	</row3>
				</transform>
			</node>
			<node>
				<identifier>	SP_YMS051_YHDL_L_1	</identifier>
				<transform>
					<row0>	0.7948 -0.0056 -0.1209 0.0000	</row0>
					<row1>	0.0029 0.8038 -0.0180 0.0000	</row1>
					<row2>	0.1210 0.0174 0.7946 0.0000	</row2>
					<row3>	-0.5423 0.4484 4.7090 1.0000	</row3>
				</transform>
			</node>
			<node>
				<identifier>	SP_YMS052_YHDR_L_1	</identifier>
				<transform>
					<row0>	0.7948 0.0056 0.1209 0.0000	</row0>
					<row1>	-0.0029 0.8038 -0.0180 0.0000	</row1>
					<row2>	-0.1210 0.0174 0.7946 0.0000	</row2>
					<row3>	0.5423 0.4484 4.7090 1.0000	</row3>
				</transform>
			</node>
			<node>
				<identifier>	SP_YMS053_YHDC_S_1	</identifier>
				<transform>
					<row0>	1.0000 0.0000 0.0000 0.0000	</row0>
					<row1>	0.0000 1.0000 0.0000 0.0000	</row1>
					<row2>	0.0000 0.0000 1.0000 0.0000	</row2>
					<row3>	-0.3844 0.4384 4.3180 1.0000	</row3>
				</transform>
			</node>
			<node>
				<identifier>	SP_YMS053_YHDC_S_1_INDEX_1	</identifier>
				<transform>
					<row0>	1.0000 0.0000 0.0000 0.0000	</row0>
					<row1>	0.0000 1.0000 0.0000 0.0000	</row1>
					<row2>	0.0000 0.0000 1.0000 0.0000	</row2>
					<row3>	0.3844 0.4384 4.3180 1.0000	</row3>
				</transform>
			</node>
			<node>
				<identifier>	SP_YMS053_YHDC_S_1_INDEX_2	</identifier>
				<transform>
					<row0>	1.0000 0.0000 0.0000 0.0000	</row0>
					<row1>	0.0000 1.0000 0.0000 0.0000	</row1>
					<row2>	0.0000 0.0000 1.0000 0.0000	</row2>
					<row3>	-0.4118 0.4224 3.7601 1.0000	</row3>
				</transform>
			</node>
			<node>
				<identifier>	SP_YMS053_YHDC_S_1_INDEX_3	</identifier>
				<transform>
					<row0>	1.0000 0.0000 0.0000 0.0000	</row0>
					<row1>	0.0000 1.0000 0.0000 0.0000	</row1>
					<row2>	0.0000 0.0000 1.0000 0.0000	</row2>
					<row3>	0.4118 0.4224 3.7601 1.0000	</row3>
				</transform>
			</node>
			<node>
				<identifier>	SP_YMS080_YHSL_M_1	</identifier>
				<transform>
					<row0>	0.8247 0.4045 -0.1161 0.0000	</row0>
					<row1>	-0.4002 0.8328 0.0592 0.0000	</row1>
					<row2>	0.1303 -0.0026 0.9167 0.0000	</row2>
					<row3>	-0.3373 0.2098 5.0849 1.0000	</row3>
				</transform>
			</node>
			<node>
				<identifier>	SP_YMS080_YHSL_M_1_INDEX_1	</identifier>
				<transform>
					<row0>	0.8837 0.4572 -0.1008 0.0000	</row0>
					<row1>	-0.4515 0.8891 0.0746 0.0000	</row1>
					<row2>	0.1237 -0.0204 0.9921 0.0000	</row2>
					<row3>	-0.5038 0.2286 4.1471 1.0000	</row3>
				</transform>
			</node>
			<node>
				<identifier>	SP_YMS081_YHSR_M_1	</identifier>
				<transform>
					<row0>	0.8247 -0.4045 0.1161 0.0000	</row0>
					<row1>	0.4002 0.8328 0.0592 0.0000	</row1>
					<row2>	-0.1303 -0.0026 0.9167 0.0000	</row2>
					<row3>	0.3373 0.2098 5.0849 1.0000	</row3>
				</transform>
			</node>
			<node>
				<identifier>	SP_YMS081_YHSR_M_1_INDEX_1	</identifier>
				<transform>
					<row0>	0.8837 -0.4572 0.1008 0.0000	</row0>
					<row1>	0.4515 0.8891 0.0746 0.0000	</row1>
					<row2>	-0.1237 -0.0204 0.9921 0.0000	</row2>
					<row3>	0.5038 0.2286 4.1471 1.0000	</row3>
				</transform>
			</node>
		</node>
	</node>
	<boundingBox>
		<min>	-0.0667 -0.0667 -0.0667	</min>
		<max>	0.0667 0.0667 0.0667	</max>
	</boundingBox>
</USC003_Brisbane_1950_Bow_ports.visual>
