<SSC011_Castilla_1944_MidFront_ports.visual>
	<node>
		<identifier>	Scene Root	</identifier>
		<transform>
			<row0>	1.0000 0.0000 0.0000 0.0000	</row0>
			<row1>	0.0000 1.0000 0.0000 0.0000	</row1>
			<row2>	0.0000 0.0000 1.0000 0.0000	</row2>
			<row3>	0.0000 0.0000 0.0000 1.0000	</row3>
		</transform>
		<node>
			<identifier>	MidFront_ports	</identifier>
			<transform>
				<row0>	1.0000 0.0000 0.0000 0.0000	</row0>
				<row1>	0.0000 1.0000 0.0000 0.0000	</row1>
				<row2>	0.0000 0.0000 1.0000 0.0000	</row2>
				<row3>	0.0000 0.0000 0.0000 1.0000	</row3>
			</transform>
			<node>
				<identifier>	HP_FX_Death_1	</identifier>
				<transform>
					<row0>	1.0000 0.0000 0.0000 0.0000	</row0>
					<row1>	0.0000 1.0000 0.0000 0.0000	</row1>
					<row2>	0.0000 0.0000 1.0000 0.0000	</row2>
					<row3>	0.0000 0.0000 4.4072 1.0000	</row3>
				</transform>
			</node>
			<node>
				<identifier>	HP_FX_Death_2	</identifier>
				<transform>
					<row0>	1.0000 0.0000 0.0000 0.0000	</row0>
					<row1>	0.0000 1.0000 0.0000 0.0000	</row1>
					<row2>	0.0000 0.0000 1.0000 0.0000	</row2>
					<row3>	0.0000 0.0000 -0.0598 1.0000	</row3>
				</transform>
			</node>
			<node>
				<identifier>	HP_FX_Fire_2	</identifier>
				<transform>
					<row0>	1.0000 0.0000 0.0000 0.0000	</row0>
					<row1>	0.0000 1.0000 0.0000 0.0000	</row1>
					<row2>	0.0000 0.0000 1.0000 0.0000	</row2>
					<row3>	0.0000 1.1393 2.3273 1.0000	</row3>
				</transform>
			</node>
			<node>
				<identifier>	HP_FX_Fire_2_side_1	</identifier>
				<transform>
					<row0>	1.0000 0.0000 0.0000 0.0000	</row0>
					<row1>	0.0000 1.0000 0.0000 0.0000	</row1>
					<row2>	0.0000 0.0000 1.0000 0.0000	</row2>
					<row3>	-0.6020 0.4522 3.7121 1.0000	</row3>
				</transform>
			</node>
			<node>
				<identifier>	HP_FX_Fire_2_side_2	</identifier>
				<transform>
					<row0>	1.0000 0.0000 0.0000 0.0000	</row0>
					<row1>	0.0000 1.0000 0.0000 0.0000	</row1>
					<row2>	0.0000 0.0000 1.0000 0.0000	</row2>
					<row3>	0.6725 0.4187 2.8679 1.0000	</row3>
				</transform>
			</node>
			<node>
				<identifier>	HP_FX_Fire_2_side_3	</identifier>
				<transform>
					<row0>	1.0000 0.0000 0.0000 0.0000	</row0>
					<row1>	0.0000 1.0000 0.0000 0.0000	</row1>
					<row2>	0.0000 0.0000 1.0000 0.0000	</row2>
					<row3>	-0.5016 0.6323 -0.2040 1.0000	</row3>
				</transform>
			</node>
			<node>
				<identifier>	HP_FX_FloodLight_left_1	</identifier>
				<transform>
					<row0>	-1.0000 0.0000 0.0000 0.0000	</row0>
					<row1>	0.0000 1.0000 0.0000 0.0000	</row1>
					<row2>	0.0000 0.0000 -1.0000 0.0000	</row2>
					<row3>	-0.1076 0.8763 1.2390 1.0000	</row3>
				</transform>
			</node>
			<node>
				<identifier>	HP_FX_FloodLight_right_2	</identifier>
				<transform>
					<row0>	1.0000 0.0000 0.0000 0.0000	</row0>
					<row1>	0.0000 1.0000 0.0000 0.0000	</row1>
					<row2>	0.0000 0.0000 1.0000 0.0000	</row2>
					<row3>	0.1076 0.8751 1.2384 1.0000	</row3>
				</transform>
			</node>
			<node>
				<identifier>	HP_FX_Flood_steam_1	</identifier>
				<transform>
					<row0>	1.0000 0.0000 0.0000 0.0000	</row0>
					<row1>	0.0000 0.9438 -0.3305 0.0000	</row1>
					<row2>	0.0000 0.3305 0.9438 0.0000	</row2>
					<row3>	0.0148 1.4489 0.6972 1.0000	</row3>
				</transform>
			</node>
			<node>
				<identifier>	HP_FX_Flood_steam_2	</identifier>
				<transform>
					<row0>	1.0000 0.0000 0.0000 0.0000	</row0>
					<row1>	0.0000 0.9414 -0.3373 0.0000	</row1>
					<row2>	0.0000 0.3373 0.9414 0.0000	</row2>
					<row3>	-0.0180 1.4323 -0.5462 1.0000	</row3>
				</transform>
			</node>
			<node>
				<identifier>	HP_FX_Flood_steam_left	</identifier>
				<transform>
					<row0>	-1.0000 0.0000 0.0000 0.0000	</row0>
					<row1>	0.0000 1.0000 0.0000 0.0000	</row1>
					<row2>	0.0000 0.0000 -1.0000 0.0000	</row2>
					<row3>	-0.2330 0.6674 1.4042 1.0000	</row3>
				</transform>
			</node>
			<node>
				<identifier>	HP_FX_RepairLight_left_1	</identifier>
				<transform>
					<row0>	0.0863 0.0000 0.9963 0.0000	</row0>
					<row1>	-0.1159 0.9932 0.0100 0.0000	</row1>
					<row2>	-0.9895 -0.1164 0.0857 0.0000	</row2>
					<row3>	-0.7392 0.4455 4.1451 1.0000	</row3>
				</transform>
			</node>
			<node>
				<identifier>	HP_FX_RepairLight_right_2	</identifier>
				<transform>
					<row0>	0.1144 0.0000 -0.9934 0.0000	</row0>
					<row1>	0.3511 0.9355 0.0404 0.0000	</row1>
					<row2>	0.9293 -0.3534 0.1071 0.0000	</row2>
					<row3>	0.7328 0.4489 4.2455 1.0000	</row3>
				</transform>
			</node>
			<node>
				<identifier>	HP_FX_Smoke_1	</identifier>
				<transform>
					<row0>	1.0000 0.0000 0.0000 0.0000	</row0>
					<row1>	0.0000 0.9663 -0.2575 0.0000	</row1>
					<row2>	0.0000 0.2575 0.9663 0.0000	</row2>
					<row3>	0.0021 1.5391 0.8859 1.0000	</row3>
				</transform>
			</node>
			<node>
				<identifier>	HP_FX_Smoke_2	</identifier>
				<transform>
					<row0>	1.0000 0.0000 0.0000 0.0000	</row0>
					<row1>	0.0000 0.9708 -0.2399 0.0000	</row1>
					<row2>	0.0000 0.2399 0.9708 0.0000	</row2>
					<row3>	0.0059 1.5410 -0.3622 1.0000	</row3>
				</transform>
			</node>
			<node>
				<identifier>	HP_SC_1	</identifier>
				<transform>
					<row0>	0.0000 0.0000 1.0000 0.0000	</row0>
					<row1>	0.0000 1.0000 0.0000 0.0000	</row1>
					<row2>	-1.0000 0.0000 0.0000 0.0000	</row2>
					<row3>	0.0000 0.6455 -1.2648 1.0000	</row3>
				</transform>
			</node>
			<node>
				<identifier>	HP_SD_1	</identifier>
				<transform>
					<row0>	1.0000 0.0000 0.0000 0.0000	</row0>
					<row1>	0.0000 1.0000 0.0000 0.0000	</row1>
					<row2>	0.0000 0.0000 1.0000 0.0000	</row2>
					<row3>	0.0000 1.2394 2.4549 1.0000	</row3>
				</transform>
			</node>
			<node>
				<identifier>	HP_SD_2	</identifier>
				<transform>
					<row0>	0.0000 0.0000 1.0000 0.0000	</row0>
					<row1>	0.0000 1.0000 0.0000 0.0000	</row1>
					<row2>	-1.0000 0.0000 0.0000 0.0000	</row2>
					<row3>	-0.2251 1.0693 1.9148 1.0000	</row3>
				</transform>
			</node>
			<node>
				<identifier>	HP_SD_3	</identifier>
				<transform>
					<row0>	0.0000 0.0000 -1.0000 0.0000	</row0>
					<row1>	0.0000 1.0000 0.0000 0.0000	</row1>
					<row2>	1.0000 0.0000 0.0000 0.0000	</row2>
					<row3>	0.2251 1.0693 1.9148 1.0000	</row3>
				</transform>
			</node>
			<node>
				<identifier>	HP_SD_4	</identifier>
				<transform>
					<row0>	1.0000 0.0000 0.0000 0.0000	</row0>
					<row1>	0.0000 1.0000 0.0000 0.0000	</row1>
					<row2>	0.0000 0.0000 1.0000 0.0000	</row2>
					<row3>	0.0000 1.8656 1.8858 1.0000	</row3>
				</transform>
			</node>
			<node>
				<identifier>	HP_SD_5	</identifier>
				<transform>
					<row0>	0.0000 0.0000 1.0000 0.0000	</row0>
					<row1>	0.0000 1.0000 0.0000 0.0000	</row1>
					<row2>	-1.0000 0.0000 0.0000 0.0000	</row2>
					<row3>	-0.2147 1.5402 1.7345 1.0000	</row3>
				</transform>
			</node>
			<node>
				<identifier>	HP_SD_6	</identifier>
				<transform>
					<row0>	0.0000 0.0000 -1.0000 0.0000	</row0>
					<row1>	0.0000 1.0000 0.0000 0.0000	</row1>
					<row2>	1.0000 0.0000 0.0000 0.0000	</row2>
					<row3>	0.2147 1.5402 1.7345 1.0000	</row3>
				</transform>
			</node>
			<node>
				<identifier>	HP_SF_1	</identifier>
				<transform>
					<row0>	0.0000 0.0000 1.0000 0.0000	</row0>
					<row1>	0.0000 1.0000 0.0000 0.0000	</row1>
					<row2>	-1.0000 0.0000 0.0000 0.0000	</row2>
					<row3>	-0.4696 0.9677 0.9555 1.0000	</row3>
				</transform>
			</node>
			<node>
				<identifier>	HP_SF_2	</identifier>
				<transform>
					<row0>	0.0000 0.0000 -1.0000 0.0000	</row0>
					<row1>	0.0000 1.0000 0.0000 0.0000	</row1>
					<row2>	1.0000 0.0000 0.0000 0.0000	</row2>
					<row3>	0.4696 0.9677 0.9555 1.0000	</row3>
				</transform>
			</node>
			<node>
				<identifier>	HP_SGA_10	</identifier>
				<transform>
					<row0>	0.0000 0.0000 -1.0000 0.0000	</row0>
					<row1>	0.0000 1.0000 0.0000 0.0000	</row1>
					<row2>	1.0000 0.0000 0.0000 0.0000	</row2>
					<row3>	0.6870 0.5685 0.2946 1.0000	</row3>
				</transform>
			</node>
			<node>
				<identifier>	HP_SGA_11	</identifier>
				<transform>
					<row0>	0.0000 0.0000 1.0000 0.0000	</row0>
					<row1>	0.0000 1.0000 0.0000 0.0000	</row1>
					<row2>	-1.0000 0.0000 0.0000 0.0000	</row2>
					<row3>	-0.3154 1.0689 -0.1846 1.0000	</row3>
				</transform>
			</node>
			<node>
				<identifier>	HP_SGA_12	</identifier>
				<transform>
					<row0>	0.0000 0.0000 -1.0000 0.0000	</row0>
					<row1>	0.0000 1.0000 0.0000 0.0000	</row1>
					<row2>	1.0000 0.0000 0.0000 0.0000	</row2>
					<row3>	0.3154 1.0689 -0.1846 1.0000	</row3>
				</transform>
			</node>
			<node>
				<identifier>	HP_SGA_13	</identifier>
				<transform>
					<row0>	0.0000 0.0000 1.0000 0.0000	</row0>
					<row1>	0.0000 1.0000 0.0000 0.0000	</row1>
					<row2>	-1.0000 0.0000 0.0000 0.0000	</row2>
					<row3>	-0.2554 1.0689 -0.5446 1.0000	</row3>
				</transform>
			</node>
			<node>
				<identifier>	HP_SGA_14	</identifier>
				<transform>
					<row0>	0.0000 0.0000 -1.0000 0.0000	</row0>
					<row1>	0.0000 1.0000 0.0000 0.0000	</row1>
					<row2>	1.0000 0.0000 0.0000 0.0000	</row2>
					<row3>	0.2554 1.0689 -0.5446 1.0000	</row3>
				</transform>
			</node>
			<node>
				<identifier>	HP_SGA_3	</identifier>
				<transform>
					<row0>	0.0000 0.0000 1.0000 0.0000	</row0>
					<row1>	0.0000 1.0000 0.0000 0.0000	</row1>
					<row2>	-1.0000 0.0000 0.0000 0.0000	</row2>
					<row3>	-0.3565 0.5685 1.7649 1.0000	</row3>
				</transform>
			</node>
			<node>
				<identifier>	HP_SGA_4	</identifier>
				<transform>
					<row0>	0.0000 0.0000 -1.0000 0.0000	</row0>
					<row1>	0.0000 1.0000 0.0000 0.0000	</row1>
					<row2>	1.0000 0.0000 0.0000 0.0000	</row2>
					<row3>	0.3565 0.5685 1.7649 1.0000	</row3>
				</transform>
			</node>
			<node>
				<identifier>	HP_SGA_5	</identifier>
				<transform>
					<row0>	0.0000 0.0000 1.0000 0.0000	</row0>
					<row1>	0.0000 1.0000 0.0000 0.0000	</row1>
					<row2>	-1.0000 0.0000 0.0000 0.0000	</row2>
					<row3>	-0.2864 0.9006 1.6151 1.0000	</row3>
				</transform>
			</node>
			<node>
				<identifier>	HP_SGA_6	</identifier>
				<transform>
					<row0>	0.0000 0.0000 -1.0000 0.0000	</row0>
					<row1>	0.0000 1.0000 0.0000 0.0000	</row1>
					<row2>	1.0000 0.0000 0.0000 0.0000	</row2>
					<row3>	0.2864 0.9006 1.6151 1.0000	</row3>
				</transform>
			</node>
			<node>
				<identifier>	HP_SGA_7	</identifier>
				<transform>
					<row0>	0.0000 0.0000 1.0000 0.0000	</row0>
					<row1>	0.0000 1.0000 0.0000 0.0000	</row1>
					<row2>	-1.0000 0.0000 0.0000 0.0000	</row2>
					<row3>	-0.6870 0.5685 0.7141 1.0000	</row3>
				</transform>
			</node>
			<node>
				<identifier>	HP_SGA_8	</identifier>
				<transform>
					<row0>	0.0000 0.0000 -1.0000 0.0000	</row0>
					<row1>	0.0000 1.0000 0.0000 0.0000	</row1>
					<row2>	1.0000 0.0000 0.0000 0.0000	</row2>
					<row3>	0.6870 0.5685 0.7141 1.0000	</row3>
				</transform>
			</node>
			<node>
				<identifier>	HP_SGA_9	</identifier>
				<transform>
					<row0>	0.0000 0.0000 1.0000 0.0000	</row0>
					<row1>	0.0000 1.0000 0.0000 0.0000	</row1>
					<row2>	-1.0000 0.0000 0.0000 0.0000	</row2>
					<row3>	-0.6870 0.5685 0.2946 1.0000	</row3>
				</transform>
			</node>
			<node>
				<identifier>	HP_SGM_1	</identifier>
				<transform>
					<row0>	1.0000 0.0000 0.0000 0.0000	</row0>
					<row1>	0.0000 1.0000 0.0000 0.0000	</row1>
					<row2>	0.0000 0.0000 1.0000 0.0000	</row2>
					<row3>	0.0008 0.5408 4.3155 1.0000	</row3>
				</transform>
			</node>
			<node>
				<identifier>	HP_SGM_2	</identifier>
				<transform>
					<row0>	1.0000 0.0000 0.0000 0.0000	</row0>
					<row1>	0.0000 1.0000 0.0000 0.0000	</row1>
					<row2>	0.0000 0.0000 1.0000 0.0000	</row2>
					<row3>	0.0008 0.7836 3.2355 1.0000	</row3>
				</transform>
			</node>
			<node>
				<identifier>	HP_SGS_1	</identifier>
				<transform>
					<row0>	1.0000 0.0000 0.0000 0.0000	</row0>
					<row1>	0.0000 1.0000 0.0000 0.0000	</row1>
					<row2>	0.0000 0.0000 1.0000 0.0000	</row2>
					<row3>	-0.4374 0.4017 2.2153 1.0000	</row3>
				</transform>
			</node>
			<node>
				<identifier>	HP_SGS_2	</identifier>
				<transform>
					<row0>	1.0000 0.0000 0.0000 0.0000	</row0>
					<row1>	0.0000 1.0000 0.0000 0.0000	</row1>
					<row2>	0.0000 0.0000 1.0000 0.0000	</row2>
					<row3>	0.4374 0.4017 2.2153 1.0000	</row3>
				</transform>
			</node>
			<node>
				<identifier>	HP_SGS_3	</identifier>
				<transform>
					<row0>	1.0000 0.0000 0.0000 0.0000	</row0>
					<row1>	0.0000 1.0000 0.0000 0.0000	</row1>
					<row2>	0.0000 0.0000 1.0000 0.0000	</row2>
					<row3>	-0.6149 0.4111 1.4351 1.0000	</row3>
				</transform>
			</node>
			<node>
				<identifier>	HP_SGS_4	</identifier>
				<transform>
					<row0>	1.0000 0.0000 0.0000 0.0000	</row0>
					<row1>	0.0000 1.0000 0.0000 0.0000	</row1>
					<row2>	0.0000 0.0000 1.0000 0.0000	</row2>
					<row3>	0.6149 0.4111 1.4351 1.0000	</row3>
				</transform>
			</node>
			<node>
				<identifier>	HP_SGT_1	</identifier>
				<transform>
					<row0>	1.0000 0.0000 0.0000 0.0000	</row0>
					<row1>	0.0000 1.0000 0.0000 0.0000	</row1>
					<row2>	0.0000 0.0000 1.0000 0.0000	</row2>
					<row3>	-0.6843 0.3652 -0.4544 1.0000	</row3>
				</transform>
			</node>
			<node>
				<identifier>	HP_SGT_2	</identifier>
				<transform>
					<row0>	1.0000 0.0000 0.0000 0.0000	</row0>
					<row1>	0.0000 1.0000 0.0000 0.0000	</row1>
					<row2>	0.0000 0.0000 1.0000 0.0000	</row2>
					<row3>	0.6843 0.3721 -0.4544 1.0000	</row3>
				</transform>
			</node>
			<node>
				<identifier>	HP_Ship_death_2	</identifier>
				<transform>
					<row0>	1.0000 0.0000 0.0000 0.0000	</row0>
					<row1>	0.0000 1.0000 0.0000 0.0000	</row1>
					<row2>	0.0000 0.0000 1.0000 0.0000	</row2>
					<row3>	0.0000 0.0000 -1.1297 1.0000	</row3>
				</transform>
			</node>
			<node>
				<identifier>	HP_flag_1	</identifier>
				<transform>
					<row0>	0.9898 -0.1413 0.0187 0.0000	</row0>
					<row1>	0.1413 0.9554 -0.2592 0.0000	</row1>
					<row2>	0.0187 0.2592 0.9657 0.0000	</row2>
					<row3>	0.1710 1.7667 1.4838 1.0000	</row3>
				</transform>
			</node>
			<node>
				<identifier>	HP_flag_2	</identifier>
				<transform>
					<row0>	0.9891 0.1459 -0.0193 0.0000	</row0>
					<row1>	-0.1459 0.9551 -0.2580 0.0000	</row1>
					<row2>	-0.0193 0.2580 0.9660 0.0000	</row2>
					<row3>	-0.1693 1.7665 1.4838 1.0000	</row3>
				</transform>
			</node>
			<node>
				<identifier>	HP_flag_3	</identifier>
				<transform>
					<row0>	0.9922 -0.1239 0.0139 0.0000	</row0>
					<row1>	0.1239 0.9675 -0.2205 0.0000	</row1>
					<row2>	0.0139 0.2205 0.9753 0.0000	</row2>
					<row3>	0.1254 1.7639 1.5030 1.0000	</row3>
				</transform>
			</node>
			<node>
				<identifier>	HP_flag_4	</identifier>
				<transform>
					<row0>	0.9922 0.1239 -0.0139 0.0000	</row0>
					<row1>	-0.1239 0.9675 -0.2205 0.0000	</row1>
					<row2>	-0.0139 0.2205 0.9753 0.0000	</row2>
					<row3>	-0.1237 1.7640 1.5030 1.0000	</row3>
				</transform>
			</node>
			<node>
				<identifier>	HP_flag_courtesy	</identifier>
				<transform>
					<row0>	0.9906 -0.1355 0.0210 0.0000	</row0>
					<row1>	0.1355 0.9440 -0.3007 0.0000	</row1>
					<row2>	0.0210 0.3007 0.9535 0.0000	</row2>
					<row3>	0.2120 1.7705 1.4662 1.0000	</row3>
				</transform>
			</node>
			<node>
				<identifier>	HP_flag_house	</identifier>
				<transform>
					<row0>	0.9906 0.1355 -0.0210 0.0000	</row0>
					<row1>	-0.1355 0.9440 -0.3007 0.0000	</row1>
					<row2>	-0.0210 0.3007 0.9535 0.0000	</row2>
					<row3>	-0.2103 1.7706 1.4662 1.0000	</row3>
				</transform>
			</node>
			<node>
				<identifier>	MP_CM014_Fuel_Oil_Hose	</identifier>
				<transform>
					<row0>	-1.0000 0.0000 -0.0011 0.0000	</row0>
					<row1>	0.0000 1.0000 0.0000 0.0000	</row1>
					<row2>	0.0011 0.0000 -1.0000 0.0000	</row2>
					<row3>	0.3468 0.4334 2.7164 1.0000	</row3>
				</transform>
			</node>
			<node>
				<identifier>	MP_CM014_Fuel_Oil_Hose_INDEX_1	</identifier>
				<transform>
					<row0>	1.0000 0.0000 0.0000 0.0000	</row0>
					<row1>	0.0000 1.0000 0.0000 0.0000	</row1>
					<row2>	0.0000 0.0000 1.0000 0.0000	</row2>
					<row3>	-0.4153 0.4407 -0.9336 1.0000	</row3>
				</transform>
			</node>
			<node>
				<identifier>	MP_CM014_Fuel_Oil_Hose_INDEX_2	</identifier>
				<transform>
					<row0>	1.0000 0.0000 0.0000 0.0000	</row0>
					<row1>	0.0000 1.0000 0.0000 0.0000	</row1>
					<row2>	0.0000 0.0000 1.0000 0.0000	</row2>
					<row3>	-0.3470 0.4650 2.7164 1.0000	</row3>
				</transform>
			</node>
			<node>
				<identifier>	MP_CM014_Fuel_Oil_Hose_INDEX_3	</identifier>
				<transform>
					<row0>	1.0000 0.0000 0.0000 0.0000	</row0>
					<row1>	0.0000 1.0000 0.0000 0.0000	</row1>
					<row2>	0.0000 0.0000 1.0000 0.0000	</row2>
					<row3>	-0.4153 0.4091 -0.9336 1.0000	</row3>
				</transform>
			</node>
			<node>
				<identifier>	MP_CM014_Fuel_Oil_Hose_INDEX_4	</identifier>
				<transform>
					<row0>	-1.0000 0.0000 -0.0011 0.0000	</row0>
					<row1>	0.0000 1.0000 0.0000 0.0000	</row1>
					<row2>	0.0011 0.0000 -1.0000 0.0000	</row2>
					<row3>	0.4154 0.4091 -0.9336 1.0000	</row3>
				</transform>
			</node>
			<node>
				<identifier>	MP_CM014_Fuel_Oil_Hose_INDEX_5	</identifier>
				<transform>
					<row0>	-1.0000 0.0000 -0.0011 0.0000	</row0>
					<row1>	0.0000 1.0000 0.0000 0.0000	</row1>
					<row2>	0.0011 0.0000 -1.0000 0.0000	</row2>
					<row3>	0.3468 0.4650 2.7164 1.0000	</row3>
				</transform>
			</node>
			<node>
				<identifier>	MP_CM014_Fuel_Oil_Hose_INDEX_6	</identifier>
				<transform>
					<row0>	1.0000 0.0000 0.0000 0.0000	</row0>
					<row1>	0.0000 1.0000 0.0000 0.0000	</row1>
					<row2>	0.0000 0.0000 1.0000 0.0000	</row2>
					<row3>	-0.3470 0.4334 2.7164 1.0000	</row3>
				</transform>
			</node>
			<node>
				<identifier>	MP_CM014_Fuel_Oil_Hose_INDEX_7	</identifier>
				<transform>
					<row0>	-1.0000 0.0000 -0.0011 0.0000	</row0>
					<row1>	0.0000 1.0000 0.0000 0.0000	</row1>
					<row2>	0.0011 0.0000 -1.0000 0.0000	</row2>
					<row3>	0.4154 0.4407 -0.9336 1.0000	</row3>
				</transform>
			</node>
			<node>
				<identifier>	MP_CM029_Emergency_Box	</identifier>
				<transform>
					<row0>	-0.2273 0.0000 -0.9738 0.0000	</row0>
					<row1>	0.0000 1.0000 0.0000 0.0000	</row1>
					<row2>	0.9738 0.0000 -0.2273 0.0000	</row2>
					<row3>	-0.3089 0.4585 1.3743 1.0000	</row3>
				</transform>
			</node>
			<node>
				<identifier>	MP_CM029_Emergency_Box_INDEX_1	</identifier>
				<transform>
					<row0>	0.0000 0.0000 -1.0000 0.0000	</row0>
					<row1>	0.0000 1.0000 0.0000 0.0000	</row1>
					<row2>	1.0000 0.0000 0.0000 0.0000	</row2>
					<row3>	-0.4204 0.4585 -0.8124 1.0000	</row3>
				</transform>
			</node>
			<node>
				<identifier>	MP_CM029_Emergency_Box_INDEX_2	</identifier>
				<transform>
					<row0>	0.0000 0.0000 1.0000 0.0000	</row0>
					<row1>	0.0000 1.0000 0.0000 0.0000	</row1>
					<row2>	-1.0000 0.0000 0.0000 0.0000	</row2>
					<row3>	0.3516 0.4585 2.5407 1.0000	</row3>
				</transform>
			</node>
			<node>
				<identifier>	MP_CM029_Emergency_Box_INDEX_3	</identifier>
				<transform>
					<row0>	0.0000 0.0000 -1.0000 0.0000	</row0>
					<row1>	0.0000 1.0000 0.0000 0.0000	</row1>
					<row2>	1.0000 0.0000 0.0000 0.0000	</row2>
					<row3>	-0.3521 0.4585 2.5407 1.0000	</row3>
				</transform>
			</node>
			<node>
				<identifier>	MP_CM029_Emergency_Box_INDEX_4	</identifier>
				<transform>
					<row0>	0.0000 0.0000 1.0000 0.0000	</row0>
					<row1>	0.0000 1.0000 0.0000 0.0000	</row1>
					<row2>	-1.0000 0.0000 0.0000 0.0000	</row2>
					<row3>	0.4203 0.4585 -0.8124 1.0000	</row3>
				</transform>
			</node>
			<node>
				<identifier>	MP_CM029_Emergency_Box_INDEX_5	</identifier>
				<transform>
					<row0>	-0.2273 0.0000 0.9738 0.0000	</row0>
					<row1>	0.0000 1.0000 0.0000 0.0000	</row1>
					<row2>	-0.9738 0.0000 -0.2273 0.0000	</row2>
					<row3>	0.3088 0.4585 1.3743 1.0000	</row3>
				</transform>
			</node>
			<node>
				<identifier>	MP_CM040_Steering_Wheel	</identifier>
				<transform>
					<row0>	1.0000 0.0000 0.0000 0.0000	</row0>
					<row1>	0.0000 1.0000 0.0000 0.0000	</row1>
					<row2>	0.0000 0.0000 1.0000 0.0000	</row2>
					<row3>	0.0000 1.3795 2.0975 1.0000	</row3>
				</transform>
			</node>
			<node>
				<identifier>	MP_CM052_Fender	</identifier>
				<transform>
					<row0>	0.7701 0.0175 0.6376 0.0000	</row0>
					<row1>	0.0012 0.9996 -0.0289 0.0000	</row1>
					<row2>	-0.6379 0.0231 0.7698 0.0000	</row2>
					<row3>	-0.6815 0.3805 1.0083 1.0000	</row3>
				</transform>
			</node>
			<node>
				<identifier>	MP_CM052_Fender_INDEX_1	</identifier>
				<transform>
					<row0>	-0.5170 0.0254 0.8556 0.0000	</row0>
					<row1>	0.0012 0.9996 -0.0289 0.0000	</row1>
					<row2>	-0.8560 -0.0139 -0.5169 0.0000	</row2>
					<row3>	-0.3112 0.4194 3.0466 1.0000	</row3>
				</transform>
			</node>
			<node>
				<identifier>	MP_CM052_Fender_INDEX_2	</identifier>
				<transform>
					<row0>	0.7701 -0.0175 -0.6376 0.0000	</row0>
					<row1>	-0.0012 0.9996 -0.0289 0.0000	</row1>
					<row2>	0.6379 0.0231 0.7698 0.0000	</row2>
					<row3>	0.6815 0.3804 1.0083 1.0000	</row3>
				</transform>
			</node>
			<node>
				<identifier>	MP_CM052_Fender_INDEX_3	</identifier>
				<transform>
					<row0>	-0.8239 -0.0174 -0.5664 0.0000	</row0>
					<row1>	-0.0012 0.9996 -0.0289 0.0000	</row1>
					<row2>	0.5667 -0.0231 -0.8236 0.0000	</row2>
					<row3>	0.6980 0.3730 0.0396 1.0000	</row3>
				</transform>
			</node>
			<node>
				<identifier>	MP_CM052_Fender_INDEX_4	</identifier>
				<transform>
					<row0>	-0.8239 0.0174 0.5664 0.0000	</row0>
					<row1>	0.0012 0.9996 -0.0289 0.0000	</row1>
					<row2>	-0.5667 -0.0231 -0.8236 0.0000	</row2>
					<row3>	-0.6980 0.3730 0.0396 1.0000	</row3>
				</transform>
			</node>
			<node>
				<identifier>	MP_CM052_Fender_INDEX_5	</identifier>
				<transform>
					<row0>	-0.5170 -0.0254 -0.8556 0.0000	</row0>
					<row1>	-0.0012 0.9996 -0.0289 0.0000	</row1>
					<row2>	0.8560 -0.0139 -0.5169 0.0000	</row2>
					<row3>	0.3110 0.4194 3.0468 1.0000	</row3>
				</transform>
			</node>
			<node>
				<identifier>	MP_CM056_Ships_bell	</identifier>
				<transform>
					<row0>	0.0000 0.0000 1.0000 0.0000	</row0>
					<row1>	0.0000 1.0000 0.0000 0.0000	</row1>
					<row2>	-1.0000 0.0000 0.0000 0.0000	</row2>
					<row3>	0.0000 0.5994 3.6047 1.0000	</row3>
				</transform>
			</node>
			<node>
				<identifier>	MP_CM093_Rope	</identifier>
				<transform>
					<row0>	0.2320 0.0000 0.5700 0.0000	</row0>
					<row1>	0.0000 0.6154 0.0000 0.0000	</row1>
					<row2>	-0.5700 0.0000 0.2320 0.0000	</row2>
					<row3>	-0.0645 1.1181 1.6573 1.0000	</row3>
				</transform>
			</node>
			<node>
				<identifier>	MP_CM093_Rope_INDEX_1	</identifier>
				<transform>
					<row0>	0.2482 0.0000 0.5631 0.0000	</row0>
					<row1>	0.0000 0.6154 0.0000 0.0000	</row1>
					<row2>	-0.5631 0.0000 0.2482 0.0000	</row2>
					<row3>	-0.0943 1.1181 1.6666 1.0000	</row3>
				</transform>
			</node>
			<node>
				<identifier>	MP_CM093_Rope_INDEX_2	</identifier>
				<transform>
					<row0>	0.1657 0.0000 -0.5927 0.0000	</row0>
					<row1>	0.0000 0.6154 0.0000 0.0000	</row1>
					<row2>	0.5927 0.0000 0.1657 0.0000	</row2>
					<row3>	0.0943 1.1181 1.6660 1.0000	</row3>
				</transform>
			</node>
			<node>
				<identifier>	MP_CM093_Rope_INDEX_3	</identifier>
				<transform>
					<row0>	0.1657 0.0000 -0.5927 0.0000	</row0>
					<row1>	0.0000 0.6154 0.0000 0.0000	</row1>
					<row2>	0.5927 0.0000 0.1657 0.0000	</row2>
					<row3>	0.1167 1.1181 1.6731 1.0000	</row3>
				</transform>
			</node>
			<node>
				<identifier>	MP_CM093_Rope_INDEX_4	</identifier>
				<transform>
					<row0>	0.1657 0.0000 -0.5927 0.0000	</row0>
					<row1>	0.0000 0.6154 0.0000 0.0000	</row1>
					<row2>	0.5927 0.0000 0.1657 0.0000	</row2>
					<row3>	0.0418 1.1181 1.6494 1.0000	</row3>
				</transform>
			</node>
			<node>
				<identifier>	MP_CM093_Rope_INDEX_5	</identifier>
				<transform>
					<row0>	0.2186 0.0000 0.5753 0.0000	</row0>
					<row1>	0.0000 0.6154 0.0000 0.0000	</row1>
					<row2>	-0.5753 0.0000 0.2186 0.0000	</row2>
					<row3>	-0.0418 1.1181 1.6504 1.0000	</row3>
				</transform>
			</node>
			<node>
				<identifier>	MP_CM093_Rope_INDEX_6	</identifier>
				<transform>
					<row0>	0.1657 0.0000 -0.5927 0.0000	</row0>
					<row1>	0.0000 0.6154 0.0000 0.0000	</row1>
					<row2>	0.5927 0.0000 0.1657 0.0000	</row2>
					<row3>	0.0645 1.1181 1.6570 1.0000	</row3>
				</transform>
			</node>
			<node>
				<identifier>	MP_CM093_Rope_INDEX_7	</identifier>
				<transform>
					<row0>	0.1999 0.0000 0.5820 0.0000	</row0>
					<row1>	0.0000 0.6154 0.0000 0.0000	</row1>
					<row2>	-0.5820 0.0000 0.1999 0.0000	</row2>
					<row3>	-0.1167 1.1181 1.6740 1.0000	</row3>
				</transform>
			</node>
			<node>
				<identifier>	MP_CM126_Cleat	</identifier>
				<transform>
					<row0>	1.0000 0.0000 0.0000 0.0000	</row0>
					<row1>	0.0000 1.0000 0.0000 0.0000	</row1>
					<row2>	0.0000 0.0000 1.0000 0.0000	</row2>
					<row3>	0.2725 0.5692 0.1674 1.0000	</row3>
				</transform>
			</node>
			<node>
				<identifier>	MP_CM126_Cleat_INDEX_1	</identifier>
				<transform>
					<row0>	1.0000 0.0000 0.0000 0.0000	</row0>
					<row1>	0.0000 1.0000 0.0000 0.0000	</row1>
					<row2>	0.0000 0.0000 1.0000 0.0000	</row2>
					<row3>	-0.2734 0.5692 0.1658 1.0000	</row3>
				</transform>
			</node>
			<node>
				<identifier>	MP_CM126_Cleat_INDEX_2	</identifier>
				<transform>
					<row0>	1.0000 0.0000 0.0000 0.0000	</row0>
					<row1>	0.0000 1.0000 0.0000 0.0000	</row1>
					<row2>	0.0000 0.0000 1.0000 0.0000	</row2>
					<row3>	-0.0255 0.5692 0.0718 1.0000	</row3>
				</transform>
			</node>
			<node>
				<identifier>	MP_CM126_Cleat_INDEX_3	</identifier>
				<transform>
					<row0>	1.0000 0.0000 0.0000 0.0000	</row0>
					<row1>	0.0000 1.0000 0.0000 0.0000	</row1>
					<row2>	0.0000 0.0000 1.0000 0.0000	</row2>
					<row3>	-0.2339 0.5692 -0.0263 1.0000	</row3>
				</transform>
			</node>
			<node>
				<identifier>	MP_CM126_Cleat_INDEX_4	</identifier>
				<transform>
					<row0>	1.0000 0.0000 0.0000 0.0000	</row0>
					<row1>	0.0000 1.0000 0.0000 0.0000	</row1>
					<row2>	0.0000 0.0000 1.0000 0.0000	</row2>
					<row3>	0.0255 0.5692 0.0718 1.0000	</row3>
				</transform>
			</node>
			<node>
				<identifier>	MP_CM126_Cleat_INDEX_5	</identifier>
				<transform>
					<row0>	1.0000 0.0000 0.0000 0.0000	</row0>
					<row1>	0.0000 1.0000 0.0000 0.0000	</row1>
					<row2>	0.0000 0.0000 1.0000 0.0000	</row2>
					<row3>	0.2339 0.5692 -0.0263 1.0000	</row3>
				</transform>
			</node>
			<node>
				<identifier>	MP_SM012_Liferaft_type_20_10ft	</identifier>
				<transform>
					<row0>	0.0000 1.0000 0.0000 0.0000	</row0>
					<row1>	-1.0000 0.0000 0.0000 0.0000	</row1>
					<row2>	0.0000 0.0000 1.0000 0.0000	</row2>
					<row3>	-0.2042 0.7905 1.1039 1.0000	</row3>
				</transform>
			</node>
			<node>
				<identifier>	MP_SM012_Liferaft_type_20_10ft_INDEX_1	</identifier>
				<transform>
					<row0>	0.0000 -1.0000 0.0000 0.0000	</row0>
					<row1>	1.0000 0.0000 0.0000 0.0000	</row1>
					<row2>	0.0000 0.0000 1.0000 0.0000	</row2>
					<row3>	0.2042 0.7905 1.1039 1.0000	</row3>
				</transform>
			</node>
			<node>
				<identifier>	MP_SM016_Reels	</identifier>
				<transform>
					<row0>	1.0000 0.0000 0.0000 0.0000	</row0>
					<row1>	0.0000 1.0000 0.0000 0.0000	</row1>
					<row2>	0.0000 0.0000 1.0000 0.0000	</row2>
					<row3>	0.3548 0.4677 4.7358 1.0000	</row3>
				</transform>
			</node>
			<node>
				<identifier>	MP_SM016_Reels_INDEX_1	</identifier>
				<transform>
					<row0>	1.0000 0.0000 0.0000 0.0000	</row0>
					<row1>	0.0000 1.0000 0.0000 0.0000	</row1>
					<row2>	0.0000 0.0000 1.0000 0.0000	</row2>
					<row3>	-0.3541 0.4677 4.7358 1.0000	</row3>
				</transform>
			</node>
			<node>
				<identifier>	MP_SM016_Reels_INDEX_2	</identifier>
				<transform>
					<row0>	-0.7463 0.0000 -0.6656 0.0000	</row0>
					<row1>	0.0000 1.0000 0.0000 0.0000	</row1>
					<row2>	0.6656 0.0000 -0.7463 0.0000	</row2>
					<row3>	0.2677 0.5690 2.9372 1.0000	</row3>
				</transform>
			</node>
			<node>
				<identifier>	MP_SM016_Reels_INDEX_3	</identifier>
				<transform>
					<row0>	-0.7463 0.0000 0.6656 0.0000	</row0>
					<row1>	0.0000 1.0000 0.0000 0.0000	</row1>
					<row2>	-0.6656 0.0000 -0.7463 0.0000	</row2>
					<row3>	-0.2677 0.5690 2.9372 1.0000	</row3>
				</transform>
			</node>
			<node>
				<identifier>	MP_SM017_Telegraph_Engine_L	</identifier>
				<transform>
					<row0>	1.0000 0.0000 0.0000 0.0000	</row0>
					<row1>	0.0000 1.0000 0.0000 0.0000	</row1>
					<row2>	0.0000 0.0000 1.0000 0.0000	</row2>
					<row3>	-0.0394 1.3795 2.1137 1.0000	</row3>
				</transform>
			</node>
			<node>
				<identifier>	MP_SM018_Running_Light_L	</identifier>
				<transform>
					<row0>	1.0000 0.0000 0.0000 0.0000	</row0>
					<row1>	0.0000 1.0000 0.0000 0.0000	</row1>
					<row2>	0.0000 0.0000 1.0000 0.0000	</row2>
					<row3>	-0.2457 1.0565 2.3384 1.0000	</row3>
				</transform>
			</node>
			<node>
				<identifier>	MP_SM022_Running_Light_R_a	</identifier>
				<transform>
					<row0>	1.0000 0.0000 0.0000 0.0000	</row0>
					<row1>	0.0000 1.0000 0.0000 0.0000	</row1>
					<row2>	0.0000 0.0000 1.0000 0.0000	</row2>
					<row3>	0.2457 1.0565 2.3384 1.0000	</row3>
				</transform>
			</node>
			<node>
				<identifier>	MP_SM023_Telegraph_Engine_R	</identifier>
				<transform>
					<row0>	1.0000 0.0000 0.0000 0.0000	</row0>
					<row1>	0.0000 1.0000 0.0000 0.0000	</row1>
					<row2>	0.0000 0.0000 1.0000 0.0000	</row2>
					<row3>	0.0394 1.3795 2.1137 1.0000	</row3>
				</transform>
			</node>
			<node>
				<identifier>	MP_SM024_Compass_Binnacle	</identifier>
				<transform>
					<row0>	1.0000 0.0000 0.0000 0.0000	</row0>
					<row1>	0.0000 1.0000 0.0000 0.0000	</row1>
					<row2>	0.0000 0.0000 1.0000 0.0000	</row2>
					<row3>	0.0000 1.3795 2.1391 1.0000	</row3>
				</transform>
			</node>
			<node>
				<identifier>	MP_SM029_Torpedo_Cart	</identifier>
				<transform>
					<row0>	1.0000 0.0000 0.0000 0.0000	</row0>
					<row1>	0.0000 1.0000 0.0000 0.0000	</row1>
					<row2>	0.0000 0.0000 1.0000 0.0000	</row2>
					<row3>	-0.7794 0.3642 -1.0589 1.0000	</row3>
				</transform>
			</node>
			<node>
				<identifier>	MP_SM029_Torpedo_Cart_INDEX_1	</identifier>
				<transform>
					<row0>	1.0000 0.0000 0.0000 0.0000	</row0>
					<row1>	0.0000 1.0000 0.0000 0.0000	</row1>
					<row2>	0.0000 0.0000 1.0000 0.0000	</row2>
					<row3>	0.7794 0.3642 -1.0589 1.0000	</row3>
				</transform>
			</node>
			<node>
				<identifier>	MP_SM033_Paramine_Tipo_C	</identifier>
				<transform>
					<row0>	0.0389 0.0019 0.9992 0.0000	</row0>
					<row1>	0.0000 1.0000 -0.0019 0.0000	</row1>
					<row2>	-0.9992 0.0000 0.0389 0.0000	</row2>
					<row3>	0.3632 0.4505 3.5459 1.0000	</row3>
				</transform>
			</node>
			<node>
				<identifier>	MP_SM033_Paramine_Tipo_C_INDEX_1	</identifier>
				<transform>
					<row0>	-0.0016 -1.0000 0.0016 0.0000	</row0>
					<row1>	0.5443 -0.0023 -0.8389 0.0000	</row1>
					<row2>	0.8389 -0.0005 0.5443 0.0000	</row2>
					<row3>	-0.1864 0.5246 3.5698 1.0000	</row3>
				</transform>
			</node>
			<node>
				<identifier>	MP_SM033_Paramine_Tipo_C_INDEX_2	</identifier>
				<transform>
					<row0>	0.0389 -0.0019 -0.9992 0.0000	</row0>
					<row1>	0.0000 1.0000 -0.0019 0.0000	</row1>
					<row2>	0.9992 0.0000 0.0389 0.0000	</row2>
					<row3>	-0.3632 0.4505 3.5459 1.0000	</row3>
				</transform>
			</node>
			<node>
				<identifier>	MP_SM033_Paramine_Tipo_C_INDEX_3	</identifier>
				<transform>
					<row0>	-0.0016 1.0000 -0.0016 0.0000	</row0>
					<row1>	-0.5443 -0.0023 -0.8389 0.0000	</row1>
					<row2>	-0.8389 -0.0005 0.5443 0.0000	</row2>
					<row3>	0.1864 0.5246 3.5698 1.0000	</row3>
				</transform>
			</node>
			<node>
				<identifier>	MP_SM042_Turtle	</identifier>
				<transform>
					<row0>	-0.2255 0.0000 -0.9742 0.0000	</row0>
					<row1>	0.0000 1.0000 0.0000 0.0000	</row1>
					<row2>	0.9742 0.0000 -0.2255 0.0000	</row2>
					<row3>	0.1191 1.1363 -0.4225 1.0000	</row3>
				</transform>
			</node>
			<node>
				<identifier>	MP_SM042_Turtle_INDEX_1	</identifier>
				<transform>
					<row0>	-0.1742 0.0000 -0.9847 0.0000	</row0>
					<row1>	0.0000 1.0000 0.0000 0.0000	</row1>
					<row2>	0.9847 0.0000 -0.1742 0.0000	</row2>
					<row3>	0.1270 1.1363 -0.3885 1.0000	</row3>
				</transform>
			</node>
			<node>
				<identifier>	MP_SM042_Turtle_INDEX_10	</identifier>
				<transform>
					<row0>	-0.0130 0.0000 -0.9999 0.0000	</row0>
					<row1>	0.0000 1.0000 0.0000 0.0000	</row1>
					<row2>	0.9999 0.0000 -0.0130 0.0000	</row2>
					<row3>	0.1827 0.9737 1.8338 1.0000	</row3>
				</transform>
			</node>
			<node>
				<identifier>	MP_SM042_Turtle_INDEX_11	</identifier>
				<transform>
					<row0>	-0.1977 0.0000 -0.9803 0.0000	</row0>
					<row1>	0.0000 1.0000 0.0000 0.0000	</row1>
					<row2>	0.9803 0.0000 -0.1977 0.0000	</row2>
					<row3>	0.1230 1.1363 -0.4053 1.0000	</row3>
				</transform>
			</node>
			<node>
				<identifier>	MP_SM042_Turtle_INDEX_12	</identifier>
				<transform>
					<row0>	-0.0130 0.0000 0.9999 0.0000	</row0>
					<row1>	0.0000 1.0000 0.0000 0.0000	</row1>
					<row2>	-0.9999 0.0000 -0.0130 0.0000	</row2>
					<row3>	-0.1827 0.9540 1.7984 1.0000	</row3>
				</transform>
			</node>
			<node>
				<identifier>	MP_SM042_Turtle_INDEX_13	</identifier>
				<transform>
					<row0>	-0.0130 0.0000 0.9999 0.0000	</row0>
					<row1>	0.0000 1.0000 0.0000 0.0000	</row1>
					<row2>	-0.9999 0.0000 -0.0130 0.0000	</row2>
					<row3>	-0.1827 0.9737 1.8338 1.0000	</row3>
				</transform>
			</node>
			<node>
				<identifier>	MP_SM042_Turtle_INDEX_14	</identifier>
				<transform>
					<row0>	-0.1977 0.0000 0.9803 0.0000	</row0>
					<row1>	0.0000 1.0000 0.0000 0.0000	</row1>
					<row2>	-0.9803 0.0000 -0.1977 0.0000	</row2>
					<row3>	-0.1230 1.1561 -0.4053 1.0000	</row3>
				</transform>
			</node>
			<node>
				<identifier>	MP_SM042_Turtle_INDEX_15	</identifier>
				<transform>
					<row0>	-0.0130 0.0000 0.9999 0.0000	</row0>
					<row1>	0.0000 1.0000 0.0000 0.0000	</row1>
					<row2>	-0.9999 0.0000 -0.0130 0.0000	</row2>
					<row3>	-0.1827 0.9737 1.7984 1.0000	</row3>
				</transform>
			</node>
			<node>
				<identifier>	MP_SM042_Turtle_INDEX_16	</identifier>
				<transform>
					<row0>	-0.0130 0.0000 -0.9999 0.0000	</row0>
					<row1>	0.0000 1.0000 0.0000 0.0000	</row1>
					<row2>	0.9999 0.0000 -0.0130 0.0000	</row2>
					<row3>	0.1827 0.9737 1.7984 1.0000	</row3>
				</transform>
			</node>
			<node>
				<identifier>	MP_SM042_Turtle_INDEX_17	</identifier>
				<transform>
					<row0>	-0.2255 0.0000 0.9742 0.0000	</row0>
					<row1>	0.0000 1.0000 0.0000 0.0000	</row1>
					<row2>	-0.9742 0.0000 -0.2255 0.0000	</row2>
					<row3>	-0.1191 1.1363 -0.4225 1.0000	</row3>
				</transform>
			</node>
			<node>
				<identifier>	MP_SM042_Turtle_INDEX_18	</identifier>
				<transform>
					<row0>	-0.1742 0.0000 0.9847 0.0000	</row0>
					<row1>	0.0000 1.0000 0.0000 0.0000	</row1>
					<row2>	-0.9847 0.0000 -0.1742 0.0000	</row2>
					<row3>	-0.1270 1.1561 -0.3885 1.0000	</row3>
				</transform>
			</node>
			<node>
				<identifier>	MP_SM042_Turtle_INDEX_19	</identifier>
				<transform>
					<row0>	-0.1977 0.0000 0.9803 0.0000	</row0>
					<row1>	0.0000 1.0000 0.0000 0.0000	</row1>
					<row2>	-0.9803 0.0000 -0.1977 0.0000	</row2>
					<row3>	-0.1230 1.1363 -0.4053 1.0000	</row3>
				</transform>
			</node>
			<node>
				<identifier>	MP_SM042_Turtle_INDEX_2	</identifier>
				<transform>
					<row0>	-0.0130 0.0000 -0.9999 0.0000	</row0>
					<row1>	0.0000 1.0000 0.0000 0.0000	</row1>
					<row2>	0.9999 0.0000 -0.0130 0.0000	</row2>
					<row3>	0.1827 0.9540 1.8338 1.0000	</row3>
				</transform>
			</node>
			<node>
				<identifier>	MP_SM042_Turtle_INDEX_20	</identifier>
				<transform>
					<row0>	-0.0130 0.0000 -0.9999 0.0000	</row0>
					<row1>	0.0000 1.0000 0.0000 0.0000	</row1>
					<row2>	0.9999 0.0000 -0.0130 0.0000	</row2>
					<row3>	0.1827 0.9540 1.7984 1.0000	</row3>
				</transform>
			</node>
			<node>
				<identifier>	MP_SM042_Turtle_INDEX_21	</identifier>
				<transform>
					<row0>	-0.1742 0.0000 -0.9847 0.0000	</row0>
					<row1>	0.0000 1.0000 0.0000 0.0000	</row1>
					<row2>	0.9847 0.0000 -0.1742 0.0000	</row2>
					<row3>	0.1270 1.1561 -0.3885 1.0000	</row3>
				</transform>
			</node>
			<node>
				<identifier>	MP_SM042_Turtle_INDEX_22	</identifier>
				<transform>
					<row0>	-0.0130 0.0000 0.9999 0.0000	</row0>
					<row1>	0.0000 1.0000 0.0000 0.0000	</row1>
					<row2>	-0.9999 0.0000 -0.0130 0.0000	</row2>
					<row3>	-0.1827 0.9540 1.8338 1.0000	</row3>
				</transform>
			</node>
			<node>
				<identifier>	MP_SM042_Turtle_INDEX_23	</identifier>
				<transform>
					<row0>	-0.0130 0.0000 -0.9999 0.0000	</row0>
					<row1>	0.0000 1.0000 0.0000 0.0000	</row1>
					<row2>	0.9999 0.0000 -0.0130 0.0000	</row2>
					<row3>	0.1827 0.9540 1.8163 1.0000	</row3>
				</transform>
			</node>
			<node>
				<identifier>	MP_SM042_Turtle_INDEX_3	</identifier>
				<transform>
					<row0>	-0.2255 0.0000 0.9742 0.0000	</row0>
					<row1>	0.0000 1.0000 0.0000 0.0000	</row1>
					<row2>	-0.9742 0.0000 -0.2255 0.0000	</row2>
					<row3>	-0.1191 1.1561 -0.4225 1.0000	</row3>
				</transform>
			</node>
			<node>
				<identifier>	MP_SM042_Turtle_INDEX_4	</identifier>
				<transform>
					<row0>	-0.0130 0.0000 -0.9999 0.0000	</row0>
					<row1>	0.0000 1.0000 0.0000 0.0000	</row1>
					<row2>	0.9999 0.0000 -0.0130 0.0000	</row2>
					<row3>	0.1827 0.9737 1.8163 1.0000	</row3>
				</transform>
			</node>
			<node>
				<identifier>	MP_SM042_Turtle_INDEX_5	</identifier>
				<transform>
					<row0>	-0.1977 0.0000 -0.9803 0.0000	</row0>
					<row1>	0.0000 1.0000 0.0000 0.0000	</row1>
					<row2>	0.9803 0.0000 -0.1977 0.0000	</row2>
					<row3>	0.1230 1.1561 -0.4053 1.0000	</row3>
				</transform>
			</node>
			<node>
				<identifier>	MP_SM042_Turtle_INDEX_6	</identifier>
				<transform>
					<row0>	-0.0130 0.0000 0.9999 0.0000	</row0>
					<row1>	0.0000 1.0000 0.0000 0.0000	</row1>
					<row2>	-0.9999 0.0000 -0.0130 0.0000	</row2>
					<row3>	-0.1827 0.9737 1.8163 1.0000	</row3>
				</transform>
			</node>
			<node>
				<identifier>	MP_SM042_Turtle_INDEX_7	</identifier>
				<transform>
					<row0>	-0.0130 0.0000 0.9999 0.0000	</row0>
					<row1>	0.0000 1.0000 0.0000 0.0000	</row1>
					<row2>	-0.9999 0.0000 -0.0130 0.0000	</row2>
					<row3>	-0.1827 0.9540 1.8163 1.0000	</row3>
				</transform>
			</node>
			<node>
				<identifier>	MP_SM042_Turtle_INDEX_8	</identifier>
				<transform>
					<row0>	-0.1742 0.0000 0.9847 0.0000	</row0>
					<row1>	0.0000 1.0000 0.0000 0.0000	</row1>
					<row2>	-0.9847 0.0000 -0.1742 0.0000	</row2>
					<row3>	-0.1270 1.1363 -0.3885 1.0000	</row3>
				</transform>
			</node>
			<node>
				<identifier>	MP_SM042_Turtle_INDEX_9	</identifier>
				<transform>
					<row0>	-0.2255 0.0000 -0.9742 0.0000	</row0>
					<row1>	0.0000 1.0000 0.0000 0.0000	</row1>
					<row2>	0.9742 0.0000 -0.2255 0.0000	</row2>
					<row3>	0.1191 1.1561 -0.4225 1.0000	</row3>
				</transform>
			</node>
			<node>
				<identifier>	MP_SM047_Fire_Fighting	</identifier>
				<transform>
					<row0>	0.1457 0.0000 -0.9893 0.0000	</row0>
					<row1>	0.0000 1.0000 0.0000 0.0000	</row1>
					<row2>	0.9893 0.0000 0.1457 0.0000	</row2>
					<row3>	-0.1480 0.5691 -0.3356 1.0000	</row3>
				</transform>
			</node>
			<node>
				<identifier>	MP_SM047_Fire_Fighting_INDEX_1	</identifier>
				<transform>
					<row0>	0.0000 0.0000 -1.0000 0.0000	</row0>
					<row1>	0.0000 1.0000 0.0000 0.0000	</row1>
					<row2>	1.0000 0.0000 0.0000 0.0000	</row2>
					<row3>	-0.3434 0.4552 4.2879 1.0000	</row3>
				</transform>
			</node>
			<node>
				<identifier>	MP_SM047_Fire_Fighting_INDEX_10	</identifier>
				<transform>
					<row0>	1.0000 0.0000 -0.0017 0.0000	</row0>
					<row1>	0.0000 1.0000 0.0000 0.0000	</row1>
					<row2>	0.0017 0.0000 1.0000 0.0000	</row2>
					<row3>	0.0002 0.9020 1.6640 1.0000	</row3>
				</transform>
			</node>
			<node>
				<identifier>	MP_SM047_Fire_Fighting_INDEX_11	</identifier>
				<transform>
					<row0>	0.0000 0.0000 1.0000 0.0000	</row0>
