<BSS005_Sturdy_1943_Stern_ports.visual>
	<node>
		<identifier>	Scene Root	</identifier>
		<transform>
			<row0>	1.0000 0.0000 0.0000 0.0000	</row0>
			<row1>	0.0000 1.0000 0.0000 0.0000	</row1>
			<row2>	0.0000 0.0000 1.0000 0.0000	</row2>
			<row3>	0.0000 0.0000 0.0000 1.0000	</row3>
		</transform>
		<node>
			<identifier>	Stern_ports	</identifier>
			<transform>
				<row0>	1.0000 0.0000 0.0000 0.0000	</row0>
				<row1>	0.0000 1.0000 0.0000 0.0000	</row1>
				<row2>	0.0000 0.0000 1.0000 0.0000	</row2>
				<row3>	0.0000 0.0000 0.0000 1.0000	</row3>
			</transform>
			<node>
				<identifier>	HP_BGT_7	</identifier>
				<transform>
					<row0>	-1.0000 0.0000 0.0000 0.0000	</row0>
					<row1>	0.0000 0.9991 -0.0428 0.0000	</row1>
					<row2>	0.0000 -0.0428 -0.9991 0.0000	</row2>
					<row3>	0.0000 0.0875 -1.5201 1.0000	</row3>
				</transform>
			</node>
			<node>
				<identifier>	HP_FX_Death_3	</identifier>
				<transform>
					<row0>	1.0000 0.0000 0.0000 0.0000	</row0>
					<row1>	0.0000 1.0000 0.0000 0.0000	</row1>
					<row2>	0.0000 0.0000 1.0000 0.0000	</row2>
					<row3>	0.0000 0.0000 -1.1712 1.0000	</row3>
				</transform>
			</node>
			<node>
				<identifier>	HP_FX_Descent_2	</identifier>
				<transform>
					<row0>	0.2671 -0.9636 0.0000 0.0000	</row0>
					<row1>	0.9636 0.2671 0.0000 0.0000	</row1>
					<row2>	0.0000 0.0000 1.0000 0.0000	</row2>
					<row3>	0.0815 -0.0156 -1.7427 1.0000	</row3>
				</transform>
			</node>
			<node>
				<identifier>	HP_FX_Descent_4	</identifier>
				<transform>
					<row0>	0.4341 -0.9009 0.0000 0.0000	</row0>
					<row1>	-0.9009 -0.4341 0.0000 0.0000	</row1>
					<row2>	0.0000 0.0000 -1.0000 0.0000	</row2>
					<row3>	-0.1156 -0.0863 -1.4293 1.0000	</row3>
				</transform>
			</node>
			<node>
				<identifier>	HP_FX_Flood_steam_2	</identifier>
				<transform>
					<row0>	0.6893 0.7244 0.0000 0.0000	</row0>
					<row1>	-0.7244 0.6893 0.0000 0.0000	</row1>
					<row2>	0.0000 0.0000 1.0000 0.0000	</row2>
					<row3>	-0.0397 0.0578 -1.3177 1.0000	</row3>
				</transform>
			</node>
			<node>
				<identifier>	HP_FX_Flood_water_left	</identifier>
				<transform>
					<row0>	-0.9575 -0.2884 0.0000 0.0000	</row0>
					<row1>	-0.2884 0.9575 0.0000 0.0000	</row1>
					<row2>	0.0000 0.0000 -1.0000 0.0000	</row2>
					<row3>	-0.0494 0.0481 -1.7405 1.0000	</row3>
				</transform>
			</node>
			<node>
				<identifier>	HP_FX_Flood_water_right	</identifier>
				<transform>
					<row0>	0.9362 -0.3514 0.0000 0.0000	</row0>
					<row1>	0.3514 0.9362 0.0000 0.0000	</row1>
					<row2>	0.0000 0.0000 1.0000 0.0000	</row2>
					<row3>	0.0353 0.0437 -1.7791 1.0000	</row3>
				</transform>
			</node>
			<node>
				<identifier>	HP_FX_Oil	</identifier>
				<transform>
					<row0>	0.7790 -0.6270 0.0000 0.0000	</row0>
					<row1>	0.6270 0.7790 0.0000 0.0000	</row1>
					<row2>	0.0000 0.0000 1.0000 0.0000	</row2>
					<row3>	0.0508 0.0530 -1.2122 1.0000	</row3>
				</transform>
			</node>
			<node>
				<identifier>	HP_FX_Runoff_deluge_left_10	</identifier>
				<transform>
					<row0>	-0.9961 -0.0884 0.0023 0.0000	</row0>
					<row1>	-0.0884 0.9938 -0.0670 0.0000	</row1>
					<row2>	0.0036 -0.0668 -0.9977 0.0000	</row2>
					<row3>	-0.0350 0.0407 -1.8736 1.0000	</row3>
				</transform>
			</node>
			<node>
				<identifier>	HP_FX_Runoff_deluge_right_10	</identifier>
				<transform>
					<row0>	0.9960 -0.0883 0.0129 0.0000	</row0>
					<row1>	0.0873 0.9938 0.0683 0.0000	</row1>
					<row2>	-0.0188 -0.0669 0.9976 0.0000	</row2>
					<row3>	0.0357 0.0549 -1.4518 1.0000	</row3>
				</transform>
			</node>
			<node>
				<identifier>	HP_FX_WakeTraceBack	</identifier>
				<transform>
					<row0>	1.0000 0.0000 0.0000 0.0000	</row0>
					<row1>	0.0000 1.0000 0.0000 0.0000	</row1>
					<row2>	0.0000 0.0000 1.0000 0.0000	</row2>
					<row3>	0.0000 0.0000 -2.1306 1.0000	</row3>
				</transform>
			</node>
			<node>
				<identifier>	HP_FX_WakeTrace_screw_1	</identifier>
				<transform>
					<row0>	1.0000 0.0000 0.0000 0.0000	</row0>
					<row1>	0.0000 1.0000 0.0000 0.0000	</row1>
					<row2>	0.0000 0.0000 1.0000 0.0000	</row2>
					<row3>	-0.0633 -0.1447 -1.8594 1.0000	</row3>
				</transform>
			</node>
			<node>
				<identifier>	HP_FX_WakeTrace_screw_2	</identifier>
				<transform>
					<row0>	1.0000 0.0000 0.0000 0.0000	</row0>
					<row1>	0.0000 1.0000 0.0000 0.0000	</row1>
					<row2>	0.0000 0.0000 1.0000 0.0000	</row2>
					<row3>	0.0621 -0.1434 -1.8594 1.0000	</row3>
				</transform>
			</node>
			<node>
				<identifier>	HP_Ship_death_3	</identifier>
				<transform>
					<row0>	1.0000 0.0000 0.0000 0.0000	</row0>
					<row1>	0.0000 1.0000 0.0000 0.0000	</row1>
					<row2>	0.0000 0.0000 1.0000 0.0000	</row2>
					<row3>	0.0000 0.0000 -1.0602 1.0000	</row3>
				</transform>
			</node>
			<node>
				<identifier>	HP_Torp_Cap_7	</identifier>
				<transform>
					<row0>	1.0000 0.0000 0.0000 0.0000	</row0>
					<row1>	0.0000 1.0000 0.0000 0.0000	</row1>
					<row2>	0.0000 0.0000 1.0000 0.0000	</row2>
					<row3>	0.0000 0.0679 -1.9879 1.0000	</row3>
				</transform>
			</node>
			<node>
				<identifier>	MP_JM409_Propeller_R	</identifier>
				<transform>
					<row0>	0.7295 -0.1901 0.0104 0.0000	</row0>
					<row1>	0.1901 0.7296 -0.0034 0.0000	</row1>
					<row2>	-0.0092 0.0059 0.7539 0.0000	</row2>
					<row3>	0.0625 -0.1449 -1.8594 1.0000	</row3>
				</transform>
			</node>
			<node>
				<identifier>	MP_JM410_Propeller_L	</identifier>
				<transform>
					<row0>	0.7295 0.1901 -0.0104 0.0000	</row0>
					<row1>	-0.1901 0.7296 -0.0034 0.0000	</row1>
					<row2>	0.0092 0.0059 0.7539 0.0000	</row2>
					<row3>	-0.0628 -0.1450 -1.8594 1.0000	</row3>
				</transform>
			</node>
		</node>
	</node>
	<boundingBox>
		<min>	-0.0667 -0.0667 -0.0667	</min>
		<max>	0.0667 0.0667 0.0667	</max>
	</boundingBox>
</BSS005_Sturdy_1943_Stern_ports.visual>
