<BGM142_16_5in_45_MkIII_twin_lod1.visual>
	<node>
		<identifier>	Scene Root	</identifier>
		<transform>
			<row0>	1.0000 0.0000 0.0000 0.0000	</row0>
			<row1>	0.0000 1.0000 0.0000 0.0000	</row1>
			<row2>	0.0000 0.0000 1.0000 0.0000	</row2>
			<row3>	0.0000 0.0000 0.0000 1.0000	</row3>
		</transform>
		<node>
			<identifier>	Root	</identifier>
			<transform>
				<row0>	1.0000 0.0000 0.0000 0.0000	</row0>
				<row1>	0.0000 1.0000 0.0000 0.0000	</row1>
				<row2>	0.0000 0.0000 1.0000 0.0000	</row2>
				<row3>	0.0000 0.0000 0.0000 1.0000	</row3>
			</transform>
			<node>
				<identifier>	Root_BlendBone	</identifier>
				<transform>
					<row0>	1.0000 0.0000 0.0000 0.0000	</row0>
					<row1>	0.0000 1.0000 0.0000 0.0000	</row1>
					<row2>	0.0000 0.0000 -1.0000 0.0000	</row2>
					<row3>	0.0000 0.0000 0.0000 1.0000	</row3>
				</transform>
			</node>
			<node>
				<identifier>	Rotate_Y	</identifier>
				<transform>
					<row0>	1.0000 0.0000 0.0000 0.0000	</row0>
					<row1>	0.0000 1.0000 0.0000 0.0000	</row1>
					<row2>	0.0000 0.0000 1.0000 0.0000	</row2>
					<row3>	0.0000 0.0000 0.0000 1.0000	</row3>
				</transform>
				<node>
					<identifier>	HP_BGA_1	</identifier>
					<transform>
						<row0>	1.0000 0.0000 0.0000 0.0000	</row0>
						<row1>	0.0000 1.0000 0.0000 0.0000	</row1>
						<row2>	0.0000 0.0000 1.0000 0.0000	</row2>
						<row3>	0.0000 0.2030 0.1178 1.0000	</row3>
					</transform>
				</node>
				<node>
					<identifier>	HP_BGA_2	</identifier>
					<transform>
						<row0>	1.0000 0.0000 0.0000 0.0000	</row0>
						<row1>	0.0000 1.0000 0.0000 0.0000	</row1>
						<row2>	0.0000 0.0000 1.0000 0.0000	</row2>
						<row3>	-0.1846 0.1965 -0.1675 1.0000	</row3>
					</transform>
				</node>
				<node>
					<identifier>	HP_BGA_3	</identifier>
					<transform>
						<row0>	1.0000 0.0000 0.0000 0.0000	</row0>
						<row1>	0.0000 1.0000 0.0000 0.0000	</row1>
						<row2>	0.0000 0.0000 1.0000 0.0000	</row2>
						<row3>	0.1846 0.1965 -0.1675 1.0000	</row3>
					</transform>
				</node>
				<node>
					<identifier>	HP_BGA_4	</identifier>
					<transform>
						<row0>	1.0000 0.0000 0.0000 0.0000	</row0>
						<row1>	0.0000 1.0000 0.0000 0.0000	</row1>
						<row2>	0.0000 0.0000 1.0000 0.0000	</row2>
						<row3>	0.0000 0.2030 -0.3881 1.0000	</row3>
					</transform>
				</node>
				<node>
					<identifier>	MP_BM1508_Gun_Deck	</identifier>
					<transform>
						<row0>	1.0000 0.0000 0.0000 0.0000	</row0>
						<row1>	0.0000 1.0000 0.0000 0.0000	</row1>
						<row2>	0.0000 0.0000 1.0000 0.0000	</row2>
						<row3>	0.0000 0.2048 0.0000 1.0000	</row3>
					</transform>
				</node>
				<node>
					<identifier>	MP_BM509_Liferaft_type_20_10ft	</identifier>
					<transform>
						<row0>	1.0000 0.0000 0.0000 0.0000	</row0>
						<row1>	0.0000 1.0000 0.0000 0.0000	</row1>
						<row2>	0.0000 0.0000 1.0000 0.0000	</row2>
						<row3>	0.0000 0.2048 -0.3273 1.0000	</row3>
					</transform>
				</node>
				<node>
					<identifier>	MP_BM509_Liferaft_type_20_10ft_INDEX_1	</identifier>
					<transform>
						<row0>	0.9994 0.0343 0.0000 0.0000	</row0>
						<row1>	-0.0343 0.9994 0.0000 0.0000	</row1>
						<row2>	0.0000 0.0000 1.0000 0.0000	</row2>
						<row3>	-0.1151 0.2007 -0.3273 1.0000	</row3>
					</transform>
				</node>
				<node>
					<identifier>	MP_BM509_Liferaft_type_20_10ft_INDEX_2	</identifier>
					<transform>
						<row0>	0.9994 -0.0343 0.0000 0.0000	</row0>
						<row1>	0.0343 0.9994 0.0000 0.0000	</row1>
						<row2>	0.0000 0.0000 1.0000 0.0000	</row2>
						<row3>	0.1151 0.2007 -0.3273 1.0000	</row3>
					</transform>
				</node>
				<node>
					<identifier>	MP_BM509_Liferaft_type_20_10ft_INDEX_3	</identifier>
					<transform>
						<row0>	0.9874 0.0000 -0.1581 0.0000	</row0>
						<row1>	-0.1581 0.0000 -0.9874 0.0000	</row1>
						<row2>	0.0000 1.0000 0.0000 0.0000	</row2>
						<row3>	-0.0852 0.1054 -0.5351 1.0000	</row3>
					</transform>
				</node>
				<node>
					<identifier>	MP_BM509_Liferaft_type_20_10ft_INDEX_4	</identifier>
					<transform>
						<row0>	0.9063 0.0000 0.4226 0.0000	</row0>
						<row1>	0.4226 0.0000 -0.9063 0.0000	</row1>
						<row2>	0.0000 1.0000 0.0000 0.0000	</row2>
						<row3>	0.2247 0.1054 -0.4933 1.0000	</row3>
					</transform>
				</node>
				<node>
					<identifier>	MP_BM509_Liferaft_type_20_10ft_INDEX_5	</identifier>
					<transform>
						<row0>	0.9063 0.0000 -0.4226 0.0000	</row0>
						<row1>	-0.4226 0.0000 -0.9063 0.0000	</row1>
						<row2>	0.0000 1.0000 0.0000 0.0000	</row2>
						<row3>	-0.2247 0.1054 -0.4933 1.0000	</row3>
					</transform>
				</node>
				<node>
					<identifier>	MP_BM509_Liferaft_type_20_10ft_INDEX_6	</identifier>
					<transform>
						<row0>	0.9874 0.0000 0.1581 0.0000	</row0>
						<row1>	0.1581 0.0000 -0.9874 0.0000	</row1>
						<row2>	0.0000 1.0000 0.0000 0.0000	</row2>
						<row3>	0.0852 0.1054 -0.5351 1.0000	</row3>
					</transform>
				</node>
				<node>
					<identifier>	MP_BM527_Liferaft_type_20_8ft	</identifier>
					<transform>
						<row0>	-0.9639 0.0000 0.2664 0.0000	</row0>
						<row1>	-0.2664 0.0000 -0.9639 0.0000	</row1>
						<row2>	0.0000 -1.0000 0.0000 0.0000	</row2>
						<row3>	-0.1533 0.1027 -0.5239 1.0000	</row3>
					</transform>
				</node>
				<node>
					<identifier>	MP_BM527_Liferaft_type_20_8ft_INDEX_1	</identifier>
					<transform>
						<row0>	-0.8935 0.0000 0.4490 0.0000	</row0>
						<row1>	-0.4490 0.0000 -0.8935 0.0000	</row1>
						<row2>	0.0000 -1.0000 0.0000 0.0000	</row2>
						<row3>	-0.2481 0.1027 -0.4866 1.0000	</row3>
					</transform>
				</node>
				<node>
					<identifier>	MP_BM527_Liferaft_type_20_8ft_INDEX_2	</identifier>
					<transform>
						<row0>	-0.9926 0.0000 0.1211 0.0000	</row0>
						<row1>	-0.1211 0.0000 -0.9926 0.0000	</row1>
						<row2>	0.0000 -1.0000 0.0000 0.0000	</row2>
						<row3>	-0.0519 0.1027 -0.5433 1.0000	</row3>
					</transform>
				</node>
				<node>
					<identifier>	MP_BM527_Liferaft_type_20_8ft_INDEX_3	</identifier>
					<transform>
						<row0>	-0.9926 0.0000 -0.1211 0.0000	</row0>
						<row1>	0.1211 0.0000 -0.9926 0.0000	</row1>
						<row2>	0.0000 -1.0000 0.0000 0.0000	</row2>
						<row3>	0.0519 0.1027 -0.5433 1.0000	</row3>
					</transform>
				</node>
				<node>
					<identifier>	MP_BM527_Liferaft_type_20_8ft_INDEX_4	</identifier>
					<transform>
						<row0>	-0.9639 0.0000 -0.2664 0.0000	</row0>
						<row1>	0.2664 0.0000 -0.9639 0.0000	</row1>
						<row2>	0.0000 -1.0000 0.0000 0.0000	</row2>
						<row3>	0.1533 0.1027 -0.5239 1.0000	</row3>
					</transform>
				</node>
				<node>
					<identifier>	MP_BM527_Liferaft_type_20_8ft_INDEX_5	</identifier>
					<transform>
						<row0>	-0.8935 0.0000 -0.4490 0.0000	</row0>
						<row1>	0.4490 0.0000 -0.8935 0.0000	</row1>
						<row2>	0.0000 -1.0000 0.0000 0.0000	</row2>
						<row3>	0.2481 0.1027 -0.4866 1.0000	</row3>
					</transform>
				</node>
				<node>
					<identifier>	MP_BM705_Ammunition_Box	</identifier>
					<transform>
						<row0>	0.0000 0.0000 1.0000 0.0000	</row0>
						<row1>	0.0000 1.0000 0.0000 0.0000	</row1>
						<row2>	-1.0000 0.0000 0.0000 0.0000	</row2>
						<row3>	0.1770 0.1973 -0.3337 1.0000	</row3>
					</transform>
				</node>
				<node>
					<identifier>	MP_BM705_Ammunition_Box_INDEX_1	</identifier>
					<transform>
						<row0>	0.0000 0.0000 1.0000 0.0000	</row0>
						<row1>	0.0000 1.0000 0.0000 0.0000	</row1>
						<row2>	-1.0000 0.0000 0.0000 0.0000	</row2>
						<row3>	0.0000 0.2036 -0.0535 1.0000	</row3>
					</transform>
				</node>
				<node>
					<identifier>	MP_BM705_Ammunition_Box_INDEX_2	</identifier>
					<transform>
						<row0>	0.0000 0.0000 1.0000 0.0000	</row0>
						<row1>	0.0000 1.0000 0.0000 0.0000	</row1>
						<row2>	-1.0000 0.0000 0.0000 0.0000	</row2>
						<row3>	0.0000 0.2037 -0.5165 1.0000	</row3>
					</transform>
				</node>
				<node>
					<identifier>	MP_BM705_Ammunition_Box_INDEX_3	</identifier>
					<transform>
						<row0>	0.0000 0.0000 -1.0000 0.0000	</row0>
						<row1>	0.0000 1.0000 0.0000 0.0000	</row1>
						<row2>	1.0000 0.0000 0.0000 0.0000	</row2>
						<row3>	-0.1770 0.1973 -0.3337 1.0000	</row3>
					</transform>
				</node>
				<node>
					<identifier>	Rotate_X	</identifier>
					<transform>
						<row0>	1.0000 0.0000 0.0000 0.0000	</row0>
						<row1>	0.0000 1.0000 0.0000 0.0000	</row1>
						<row2>	0.0000 0.0000 1.0000 0.0000	</row2>
						<row3>	0.0000 0.0747 0.2293 1.0000	</row3>
					</transform>
					<node>
						<identifier>	HP_gunFireEffect	</identifier>
						<transform>
							<row0>	1.0000 0.0000 0.0000 0.0000	</row0>
							<row1>	0.0000 1.0000 0.0000 0.0000	</row1>
							<row2>	0.0000 0.0000 1.0000 0.0000	</row2>
							<row3>	0.0000 0.0000 0.8904 1.0000	</row3>
						</transform>
					</node>
					<node>
						<identifier>	Roll_Back1	</identifier>
						<transform>
							<row0>	1.0000 0.0000 0.0000 0.0000	</row0>
							<row1>	0.0000 1.0000 0.0000 0.0000	</row1>
							<row2>	0.0000 0.0000 1.0000 0.0000	</row2>
							<row3>	0.0000 0.0000 0.8886 1.0000	</row3>
						</transform>
						<node>
							<identifier>	HP_gunFire1	</identifier>
							<transform>
								<row0>	1.0000 0.0000 0.0000 0.0000	</row0>
								<row1>	0.0000 1.0000 0.0000 0.0000	</row1>
								<row2>	0.0000 0.0000 1.0000 0.0000	</row2>
								<row3>	-0.0881 0.0000 0.0018 1.0000	</row3>
							</transform>
						</node>
						<node>
							<identifier>	HP_gunFire2	</identifier>
							<transform>
								<row0>	1.0000 0.0000 0.0000 0.0000	</row0>
								<row1>	0.0000 1.0000 0.0000 0.0000	</row1>
								<row2>	0.0000 0.0000 1.0000 0.0000	</row2>
								<row3>	0.0881 0.0000 0.0018 1.0000	</row3>
							</transform>
						</node>
						<node>
							<identifier>	Roll_Back1_BlendBone	</identifier>
							<transform>
								<row0>	1.0000 0.0000 0.0000 0.0000	</row0>
								<row1>	0.0000 1.0000 0.0000 0.0000	</row1>
								<row2>	0.0000 0.0000 -1.0000 0.0000	</row2>
								<row3>	0.0000 -0.0747 -1.1178 1.0000	</row3>
							</transform>
						</node>
					</node>
					<node>
						<identifier>	Rotate_X_BlendBone	</identifier>
						<transform>
							<row0>	1.0000 0.0000 0.0000 0.0000	</row0>
							<row1>	0.0000 1.0000 0.0000 0.0000	</row1>
							<row2>	0.0000 0.0000 -1.0000 0.0000	</row2>
							<row3>	0.0000 -0.0747 -0.2293 1.0000	</row3>
						</transform>
					</node>
				</node>
				<node>
					<identifier>	Rotate_Y_BlendBone	</identifier>
					<transform>
						<row0>	1.0000 0.0000 0.0000 0.0000	</row0>
						<row1>	0.0000 1.0000 0.0000 0.0000	</row1>
						<row2>	0.0000 0.0000 -1.0000 0.0000	</row2>
						<row3>	0.0000 0.0000 0.0000 1.0000	</row3>
					</transform>
				</node>
			</node>
		</node>
		<node>
			<identifier>	Turret	</identifier>
			<transform>
				<row0>	1.0000 0.0000 0.0000 0.0000	</row0>
				<row1>	0.0000 1.0000 0.0000 0.0000	</row1>
				<row2>	0.0000 0.0000 1.0000 0.0000	</row2>
				<row3>	0.0000 0.0000 0.0000 1.0000	</row3>
			</transform>
		</node>
	</node>
	<renderSet>
		<treatAsWorldSpaceObject>	true	</treatAsWorldSpaceObject>
		<node>	Roll_Back1_BlendBone	</node>
		<node>	Rotate_X_BlendBone	</node>
		<node>	Rotate_Y_BlendBone	</node>
		<geometry>
			<vertices>	Turret_lod1Shape.vertices	</vertices>
			<primitive>	Turret_lod1Shape.indices	</primitive>
			<primitiveGroup>	0
				<material>
					<identifier>	TL2_SHIPMAT_PBS_Gun_skinned	</identifier>
					<mfm>	PnFMods/ModsSDK.zip/BSB537_Collingwood/gun/BGM142_16_5in_45_MkIII_twin_skinned.mfm	</mfm>
				</material>
			</primitiveGroup>
		</geometry>
	</renderSet>
	<boundingBox>
		<min>	-0.3830 -0.0134 -0.5417	</min>
		<max>	0.3830 0.2222 1.1196	</max>
	</boundingBox>
</BGM142_16_5in_45_MkIII_twin_lod1.visual>
