<RGA081_12mm62_HI.visual>
	<node>
		<identifier>	Scene Root	</identifier>
		<transform>
			<row0>	1.0000 0.0000 0.0000 0.0000	</row0>
			<row1>	0.0000 1.0000 0.0000 0.0000	</row1>
			<row2>	0.0000 0.0000 1.0000 0.0000	</row2>
			<row3>	0.0000 0.0000 0.0000 1.0000	</row3>
		</transform>
		<node>
			<identifier>	RGA081	</identifier>
			<transform>
				<row0>	1.0000 0.0000 0.0000 0.0000	</row0>
				<row1>	0.0000 1.0000 0.0000 0.0000	</row1>
				<row2>	0.0000 0.0000 1.0000 0.0000	</row2>
				<row3>	0.0000 0.0000 0.0000 1.0000	</row3>
			</transform>
			<node>
				<identifier>	HP_gunFire1	</identifier>
				<transform>
					<row0>	1.0000 0.0000 0.0000 0.0000	</row0>
					<row1>	0.0000 0.7071 -0.7071 0.0000	</row1>
					<row2>	0.0000 0.7071 0.7071 0.0000	</row2>
					<row3>	0.0000 0.1293 0.0373 1.0000	</row3>
				</transform>
			</node>
			<node>
				<identifier>	HP_gunFire2	</identifier>
				<transform>
					<row0>	1.0000 0.0000 0.0000 0.0000	</row0>
					<row1>	0.0000 0.7071 -0.7071 0.0000	</row1>
					<row2>	0.0000 0.7071 0.7071 0.0000	</row2>
					<row3>	0.0000 0.1154 0.0512 1.0000	</row3>
				</transform>
			</node>
			<node>
				<identifier>	HP_gunFire3	</identifier>
				<transform>
					<row0>	1.0000 0.0000 0.0000 0.0000	</row0>
					<row1>	0.0000 0.7071 -0.7071 0.0000	</row1>
					<row2>	0.0000 0.7071 0.7071 0.0000	</row2>
					<row3>	0.0000 0.1016 0.0650 1.0000	</row3>
				</transform>
			</node>
			<node>
				<identifier>	HP_gunFire4	</identifier>
				<transform>
					<row0>	1.0000 0.0000 0.0000 0.0000	</row0>
					<row1>	0.0000 0.7071 -0.7071 0.0000	</row1>
					<row2>	0.0000 0.7071 0.7071 0.0000	</row2>
					<row3>	0.0000 0.0877 0.0789 1.0000	</row3>
				</transform>
			</node>
		</node>
	</node>
	<renderSet>
		<treatAsWorldSpaceObject>	false	</treatAsWorldSpaceObject>
		<node>	RGA081	</node>
		<geometry>
			<vertices>	RGA081Shape.vertices	</vertices>
			<primitive>	RGA081Shape.indices	</primitive>
			<primitiveGroup>	0
				<material>
					<identifier>	TL2_SHIPMAT_PBS_Gun	</identifier>
					<mfm>	PnFMods/ModsSDK.zip/RSB505_Oktyabrskaya_Revolutsiya/gun/RGA081_12mm62_HI.mfm	</mfm>
				</material>
			</primitiveGroup>
		</geometry>
	</renderSet>
	<boundingBox>
		<min>	-0.0667 -0.0066 -0.0666	</min>
		<max>	0.0667 0.2236 0.1732	</max>
	</boundingBox>
</RGA081_12mm62_HI.visual>
