<ZSB005_Sun_Yat_Sen_1955_MidFront_ports.visual>
	<node>
		<identifier>	Scene Root	</identifier>
		<transform>
			<row0>	1.0000 0.0000 0.0000 0.0000	</row0>
			<row1>	0.0000 1.0000 0.0000 0.0000	</row1>
			<row2>	0.0000 0.0000 1.0000 0.0000	</row2>
			<row3>	0.0000 0.0000 0.0000 1.0000	</row3>
		</transform>
		<node>
			<identifier>	MidFront_ports	</identifier>
			<transform>
				<row0>	1.0000 0.0000 0.0000 0.0000	</row0>
				<row1>	0.0000 1.0000 0.0000 0.0000	</row1>
				<row2>	0.0000 0.0000 1.0000 0.0000	</row2>
				<row3>	0.0000 0.0000 0.0000 1.0000	</row3>
			</transform>
			<node>
				<identifier>	HP_FX_Death_1	</identifier>
				<transform>
					<row0>	1.0000 0.0000 0.0000 0.0000	</row0>
					<row1>	0.0000 1.0000 0.0000 0.0000	</row1>
					<row2>	0.0000 0.0000 1.0000 0.0000	</row2>
					<row3>	0.0000 0.0000 5.0320 1.0000	</row3>
				</transform>
			</node>
			<node>
				<identifier>	HP_FX_Fire_2	</identifier>
				<transform>
					<row0>	1.0000 0.0000 0.0000 0.0000	</row0>
					<row1>	0.0000 1.0000 0.0000 0.0000	</row1>
					<row2>	0.0000 0.0000 1.0000 0.0000	</row2>
					<row3>	0.0000 1.0522 0.9717 1.0000	</row3>
				</transform>
			</node>
			<node>
				<identifier>	HP_FX_Fire_2_side_1	</identifier>
				<transform>
					<row0>	1.0000 0.0000 0.0000 0.0000	</row0>
					<row1>	0.0000 1.0000 0.0000 0.0000	</row1>
					<row2>	0.0000 0.0000 1.0000 0.0000	</row2>
					<row3>	-0.9532 0.4767 3.0224 1.0000	</row3>
				</transform>
			</node>
			<node>
				<identifier>	HP_FX_Fire_2_side_2	</identifier>
				<transform>
					<row0>	1.0000 0.0000 0.0000 0.0000	</row0>
					<row1>	0.0000 1.0000 0.0000 0.0000	</row1>
					<row2>	0.0000 0.0000 1.0000 0.0000	</row2>
					<row3>	0.8552 0.4999 2.0039 1.0000	</row3>
				</transform>
			</node>
			<node>
				<identifier>	HP_FX_Fire_2_side_3	</identifier>
				<transform>
					<row0>	1.0000 0.0000 0.0000 0.0000	</row0>
					<row1>	0.0000 1.0000 0.0000 0.0000	</row1>
					<row2>	0.0000 0.0000 1.0000 0.0000	</row2>
					<row3>	-1.0409 0.4795 0.7183 1.0000	</row3>
				</transform>
			</node>
			<node>
				<identifier>	HP_FX_FloodLight_left_2	</identifier>
				<transform>
					<row0>	-1.0000 0.0000 0.0000 0.0000	</row0>
					<row1>	0.0000 1.0000 0.0000 0.0000	</row1>
					<row2>	0.0000 0.0000 -1.0000 0.0000	</row2>
					<row3>	-0.1908 1.0744 0.4244 1.0000	</row3>
				</transform>
			</node>
			<node>
				<identifier>	HP_FX_FloodLight_right_2	</identifier>
				<transform>
					<row0>	1.0000 0.0000 0.0000 0.0000	</row0>
					<row1>	0.0000 1.0000 0.0000 0.0000	</row1>
					<row2>	0.0000 0.0000 1.0000 0.0000	</row2>
					<row3>	0.1910 1.0773 0.4216 1.0000	</row3>
				</transform>
			</node>
			<node>
				<identifier>	HP_FX_Flood_steam_left	</identifier>
				<transform>
					<row0>	-1.0000 0.0000 0.0000 0.0000	</row0>
					<row1>	0.0000 1.0000 0.0000 0.0000	</row1>
					<row2>	0.0000 0.0000 -1.0000 0.0000	</row2>
					<row3>	-1.1335 0.3986 2.9270 1.0000	</row3>
				</transform>
			</node>
			<node>
				<identifier>	HP_FX_Flood_water_left_3	</identifier>
				<transform>
					<row0>	-1.0000 0.0000 0.0000 0.0000	</row0>
					<row1>	0.0000 1.0000 0.0000 0.0000	</row1>
					<row2>	0.0000 0.0000 -1.0000 0.0000	</row2>
					<row3>	-1.1919 0.3161 1.5487 1.0000	</row3>
				</transform>
			</node>
			<node>
				<identifier>	HP_FX_Flood_water_left_4	</identifier>
				<transform>
					<row0>	-0.9953 0.0000 0.0971 0.0000	</row0>
					<row1>	0.0000 1.0000 0.0000 0.0000	</row1>
					<row2>	-0.0971 0.0000 -0.9953 0.0000	</row2>
					<row3>	-0.8154 0.3075 5.2026 1.0000	</row3>
				</transform>
			</node>
			<node>
				<identifier>	HP_FX_Flood_water_right_3	</identifier>
				<transform>
					<row0>	1.0000 0.0000 0.0000 0.0000	</row0>
					<row1>	0.0000 1.0000 0.0000 0.0000	</row1>
					<row2>	0.0000 0.0000 1.0000 0.0000	</row2>
					<row3>	1.1919 0.3177 1.5486 1.0000	</row3>
				</transform>
			</node>
			<node>
				<identifier>	HP_FX_Flood_water_right_4	</identifier>
				<transform>
					<row0>	0.9976 0.0000 0.0696 0.0000	</row0>
					<row1>	0.0000 1.0000 0.0000 0.0000	</row1>
					<row2>	-0.0696 0.0000 0.9976 0.0000	</row2>
					<row3>	0.8158 0.3087 5.2031 1.0000	</row3>
				</transform>
			</node>
			<node>
				<identifier>	HP_FX_RepairLight_left_1	</identifier>
				<transform>
					<row0>	0.1178 0.0000 0.9930 0.0000	</row0>
					<row1>	-0.1147 0.9933 0.0136 0.0000	</row1>
					<row2>	-0.9864 -0.1155 0.1170 0.0000	</row2>
					<row3>	-0.9872 0.4641 4.1969 1.0000	</row3>
				</transform>
			</node>
			<node>
				<identifier>	HP_FX_RepairLight_right_1	</identifier>
				<transform>
					<row0>	0.0570 0.0000 -0.9984 0.0000	</row0>
					<row1>	0.0011 1.0000 0.0000 0.0000	</row1>
					<row2>	0.9984 -0.0011 0.0570 0.0000	</row2>
					<row3>	1.1944 0.4557 1.4174 1.0000	</row3>
				</transform>
			</node>
			<node>
				<identifier>	HP_Flagpole	</identifier>
				<transform>
					<row0>	0.3000 0.0000 0.0000 0.0000	</row0>
					<row1>	0.0000 0.3000 0.0000 0.0000	</row1>
					<row2>	0.0000 0.0000 0.3000 0.0000	</row2>
					<row3>	0.0000 2.5568 -0.3077 1.0000	</row3>
				</transform>
			</node>
			<node>
				<identifier>	HP_Ship_death_2	</identifier>
				<transform>
					<row0>	1.0000 0.0000 0.0000 0.0000	</row0>
					<row1>	0.0000 1.0000 0.0000 0.0000	</row1>
					<row2>	0.0000 0.0000 1.0000 0.0000	</row2>
					<row3>	0.0000 0.0000 -0.4203 1.0000	</row3>
				</transform>
			</node>
			<node>
				<identifier>	HP_ZF_1	</identifier>
				<transform>
					<row0>	1.0000 0.0000 0.0000 0.0000	</row0>
					<row1>	0.0000 1.0000 0.0000 0.0000	</row1>
					<row2>	0.0000 0.0000 1.0000 0.0000	</row2>
					<row3>	0.0000 1.3365 1.4627 1.0000	</row3>
				</transform>
			</node>
			<node>
				<identifier>	HP_ZF_2	</identifier>
				<transform>
					<row0>	1.0000 0.0000 0.0000 0.0000	</row0>
					<row1>	0.0000 1.0000 0.0000 0.0000	</row1>
					<row2>	0.0000 0.0000 1.0000 0.0000	</row2>
					<row3>	0.0000 1.4328 0.6665 1.0000	</row3>
				</transform>
			</node>
			<node>
				<identifier>	HP_ZF_3	</identifier>
				<transform>
					<row0>	1.0000 0.0000 0.0000 0.0000	</row0>
					<row1>	0.0000 1.0000 0.0000 0.0000	</row1>
					<row2>	0.0000 0.0000 1.0000 0.0000	</row2>
					<row3>	0.0000 2.1200 0.3147 1.0000	</row3>
				</transform>
			</node>
			<node>
				<identifier>	HP_ZGA_1	</identifier>
				<transform>
					<row0>	0.0000 0.0000 1.0000 0.0000	</row0>
					<row1>	0.0000 1.0000 0.0000 0.0000	</row1>
					<row2>	-1.0000 0.0000 0.0000 0.0000	</row2>
					<row3>	-0.7732 0.4442 1.3673 1.0000	</row3>
				</transform>
			</node>
			<node>
				<identifier>	HP_ZGA_2	</identifier>
				<transform>
					<row0>	0.0000 0.0000 -1.0000 0.0000	</row0>
					<row1>	0.0000 1.0000 0.0000 0.0000	</row1>
					<row2>	1.0000 0.0000 0.0000 0.0000	</row2>
					<row3>	0.7732 0.4442 1.3673 1.0000	</row3>
				</transform>
			</node>
			<node>
				<identifier>	HP_ZGA_3	</identifier>
				<transform>
					<row0>	0.7071 0.0000 0.7071 0.0000	</row0>
					<row1>	0.0000 1.0000 0.0000 0.0000	</row1>
					<row2>	-0.7071 0.0000 0.7071 0.0000	</row2>
					<row3>	-0.4161 0.8744 0.6607 1.0000	</row3>
				</transform>
			</node>
			<node>
				<identifier>	HP_ZGA_4	</identifier>
				<transform>
					<row0>	0.7071 0.0000 -0.7071 0.0000	</row0>
					<row1>	0.0000 1.0000 0.0000 0.0000	</row1>
					<row2>	0.7071 0.0000 0.7071 0.0000	</row2>
					<row3>	0.4161 0.8744 0.6607 1.0000	</row3>
				</transform>
			</node>
			<node>
				<identifier>	HP_ZGM_1	</identifier>
				<transform>
					<row0>	1.0000 0.0000 0.0000 0.0000	</row0>
					<row1>	0.0000 1.0000 0.0000 0.0000	</row1>
					<row2>	0.0000 0.0000 1.0000 0.0000	</row2>
					<row3>	0.0000 0.4953 4.3973 1.0000	</row3>
				</transform>
			</node>
			<node>
				<identifier>	HP_ZGM_2	</identifier>
				<transform>
					<row0>	1.0000 0.0000 0.0000 0.0000	</row0>
					<row1>	0.0000 1.0000 0.0000 0.0000	</row1>
					<row2>	0.0000 0.0000 1.0000 0.0000	</row2>
					<row3>	0.0000 0.7303 2.7407 1.0000	</row3>
				</transform>
			</node>
			<node>
				<identifier>	HP_ZGS_1	</identifier>
				<transform>
					<row0>	1.0000 0.0000 0.0000 0.0000	</row0>
					<row1>	0.0000 1.0000 0.0000 0.0000	</row1>
					<row2>	0.0000 0.0000 1.0000 0.0000	</row2>
					<row3>	-0.9955 0.4912 -0.1913 1.0000	</row3>
				</transform>
			</node>
			<node>
				<identifier>	HP_ZGS_2	</identifier>
				<transform>
					<row0>	1.0000 0.0000 0.0000 0.0000	</row0>
					<row1>	0.0000 1.0000 0.0000 0.0000	</row1>
					<row2>	0.0000 0.0000 1.0000 0.0000	</row2>
					<row3>	0.9955 0.4912 -0.1913 1.0000	</row3>
				</transform>
			</node>
			<node>
				<identifier>	HP_ZRS_1	</identifier>
				<transform>
					<row0>	1.0000 0.0000 0.0000 0.0000	</row0>
					<row1>	0.0000 1.0000 0.0000 0.0000	</row1>
					<row2>	0.0000 0.0000 1.0000 0.0000	</row2>
					<row3>	0.0000 1.5775 0.8684 1.0000	</row3>
				</transform>
			</node>
			<node>
				<identifier>	HP_ZRS_2	</identifier>
				<transform>
					<row0>	0.0000 0.0000 1.0000 0.0000	</row0>
					<row1>	0.0000 1.0000 0.0000 0.0000	</row1>
					<row2>	-1.0000 0.0000 0.0000 0.0000	</row2>
					<row3>	-0.3658 1.0408 0.1400 1.0000	</row3>
				</transform>
			</node>
			<node>
				<identifier>	HP_ZRS_3	</identifier>
				<transform>
					<row0>	0.0000 0.0000 -1.0000 0.0000	</row0>
					<row1>	0.0000 1.0000 0.0000 0.0000	</row1>
					<row2>	1.0000 0.0000 0.0000 0.0000	</row2>
					<row3>	0.3658 1.0408 0.1400 1.0000	</row3>
				</transform>
			</node>
			<node>
				<identifier>	HP_ZRS_4	</identifier>
				<transform>
					<row0>	1.0000 0.0000 0.0000 0.0000	</row0>
					<row1>	0.0000 1.0000 0.0000 0.0000	</row1>
					<row2>	0.0000 0.0000 1.0000 0.0000	</row2>
					<row3>	0.0000 2.5525 -0.0240 1.0000	</row3>
				</transform>
			</node>
			<node>
				<identifier>	HP_flag_1	</identifier>
				<transform>
					<row0>	0.9138 -0.3964 0.0885 0.0000	</row0>
					<row1>	0.3964 0.8229 -0.4070 0.0000	</row1>
					<row2>	0.0885 0.4070 0.9091 0.0000	</row2>
					<row3>	0.5157 1.9540 -0.2071 1.0000	</row3>
				</transform>
			</node>
			<node>
				<identifier>	HP_flag_2	</identifier>
				<transform>
					<row0>	0.9138 0.3964 -0.0885 0.0000	</row0>
					<row1>	-0.3964 0.8229 -0.4070 0.0000	</row1>
					<row2>	-0.0885 0.4070 0.9091 0.0000	</row2>
					<row3>	-0.5157 1.9540 -0.2071 1.0000	</row3>
				</transform>
			</node>
			<node>
				<identifier>	HP_flag_3	</identifier>
				<transform>
					<row0>	0.9264 -0.3701 0.0694 0.0000	</row0>
					<row1>	0.3701 0.8610 -0.3489 0.0000	</row1>
					<row2>	0.0694 0.3489 0.9346 0.0000	</row2>
					<row3>	0.4720 1.9482 -0.1639 1.0000	</row3>
				</transform>
			</node>
			<node>
				<identifier>	HP_flag_4	</identifier>
				<transform>
					<row0>	0.9264 0.3701 -0.0694 0.0000	</row0>
					<row1>	-0.3701 0.8610 -0.3489 0.0000	</row1>
					<row2>	-0.0694 0.3489 0.9346 0.0000	</row2>
					<row3>	-0.4720 1.9482 -0.1639 1.0000	</row3>
				</transform>
			</node>
			<node>
				<identifier>	HP_flag_rank	</identifier>
				<transform>
					<row0>	1.0000 0.0000 0.0000 0.0000	</row0>
					<row1>	0.0000 0.9786 -0.2056 0.0000	</row1>
					<row2>	0.0000 0.2056 0.9786 0.0000	</row2>
					<row3>	0.0000 2.5416 -0.3263 1.0000	</row3>
				</transform>
			</node>
			<node>
				<identifier>	MP_CM011_Fire_Fighting_Gear	</identifier>
				<transform>
					<row0>	-1.0000 0.0000 0.0000 0.0000	</row0>
					<row1>	0.0000 1.0000 0.0000 0.0000	</row1>
					<row2>	0.0000 0.0000 -1.0000 0.0000	</row2>
					<row3>	0.0266 0.4484 3.2147 1.0000	</row3>
				</transform>
			</node>
			<node>
				<identifier>	MP_CM011_Fire_Fighting_Gear_INDEX_1	</identifier>
				<transform>
					<row0>	-1.0000 0.0000 0.0000 0.0000	</row0>
					<row1>	0.0000 1.0000 0.0000 0.0000	</row1>
					<row2>	0.0000 0.0000 -1.0000 0.0000	</row2>
					<row3>	0.6263 0.4496 3.4494 1.0000	</row3>
				</transform>
			</node>
			<node>
				<identifier>	MP_CM011_Fire_Fighting_Gear_INDEX_2	</identifier>
				<transform>
					<row0>	0.0000 0.0000 1.0000 0.0000	</row0>
					<row1>	0.0000 1.0000 0.0000 0.0000	</row1>
					<row2>	-1.0000 0.0000 0.0000 0.0000	</row2>
					<row3>	0.2869 0.4484 1.6124 1.0000	</row3>
				</transform>
			</node>
			<node>
				<identifier>	MP_CM011_Fire_Fighting_Gear_INDEX_3	</identifier>
				<transform>
					<row0>	-1.0000 0.0000 0.0000 0.0000	</row0>
					<row1>	0.0000 1.0000 0.0000 0.0000	</row1>
					<row2>	0.0000 0.0000 -1.0000 0.0000	</row2>
					<row3>	-0.0266 0.4484 3.2147 1.0000	</row3>
				</transform>
			</node>
			<node>
				<identifier>	MP_CM011_Fire_Fighting_Gear_INDEX_4	</identifier>
				<transform>
					<row0>	-1.0000 0.0000 0.0000 0.0000	</row0>
					<row1>	0.0000 1.0000 0.0000 0.0000	</row1>
					<row2>	0.0000 0.0000 -1.0000 0.0000	</row2>
					<row3>	-0.1166 0.4484 1.7562 1.0000	</row3>
				</transform>
			</node>
			<node>
				<identifier>	MP_CM011_Fire_Fighting_Gear_INDEX_5	</identifier>
				<transform>
					<row0>	1.0000 0.0000 0.0000 0.0000	</row0>
					<row1>	0.0000 1.0000 0.0000 0.0000	</row1>
					<row2>	0.0000 0.0000 1.0000 0.0000	</row2>
					<row3>	0.2751 0.4557 5.4604 1.0000	</row3>
				</transform>
			</node>
			<node>
				<identifier>	MP_CM011_Fire_Fighting_Gear_INDEX_6	</identifier>
				<transform>
					<row0>	-1.0000 0.0000 0.0000 0.0000	</row0>
					<row1>	0.0000 1.0000 0.0000 0.0000	</row1>
					<row2>	0.0000 0.0000 -1.0000 0.0000	</row2>
					<row3>	0.0941 0.4557 5.6418 1.0000	</row3>
				</transform>
			</node>
			<node>
				<identifier>	MP_CM011_Fire_Fighting_Gear_INDEX_7	</identifier>
				<transform>
					<row0>	1.0000 0.0000 0.0000 0.0000	</row0>
					<row1>	0.0000 1.0000 0.0000 0.0000	</row1>
					<row2>	0.0000 0.0000 1.0000 0.0000	</row2>
					<row3>	-0.2751 0.4557 5.4604 1.0000	</row3>
				</transform>
			</node>
			<node>
				<identifier>	MP_CM011_Fire_Fighting_Gear_INDEX_8	</identifier>
				<transform>
					<row0>	-1.0000 0.0000 0.0000 0.0000	</row0>
					<row1>	0.0000 1.0000 0.0000 0.0000	</row1>
					<row2>	0.0000 0.0000 -1.0000 0.0000	</row2>
					<row3>	-0.0941 0.4557 5.6418 1.0000	</row3>
				</transform>
			</node>
			<node>
				<identifier>	MP_CM011_Fire_Fighting_Gear_INDEX_9	</identifier>
				<transform>
					<row0>	-1.0000 0.0000 0.0000 0.0000	</row0>
					<row1>	0.0000 1.0000 0.0000 0.0000	</row1>
					<row2>	0.0000 0.0000 -1.0000 0.0000	</row2>
					<row3>	-0.5083 0.4496 3.5099 1.0000	</row3>
				</transform>
			</node>
			<node>
				<identifier>	MP_CM012_Fire_Hose_Rack_1	</identifier>
				<transform>
					<row0>	-0.7941 0.0000 -0.6077 0.0000	</row0>
					<row1>	0.0000 1.0000 0.0000 0.0000	</row1>
					<row2>	0.6077 0.0000 -0.7941 0.0000	</row2>
					<row3>	0.2491 0.5367 1.6358 1.0000	</row3>
				</transform>
			</node>
			<node>
				<identifier>	MP_CM012_Fire_Hose_Rack_1_INDEX_1	</identifier>
				<transform>
					<row0>	-0.9989 -0.0476 0.0000 0.0000	</row0>
					<row1>	-0.0476 0.9989 0.0000 0.0000	</row1>
					<row2>	0.0000 0.0000 -1.0000 0.0000	</row2>
					<row3>	0.1890 1.0561 0.4590 1.0000	</row3>
				</transform>
			</node>
			<node>
				<identifier>	MP_CM012_Fire_Hose_Rack_1_INDEX_10	</identifier>
				<transform>
					<row0>	0.9989 -0.0476 0.0000 0.0000	</row0>
					<row1>	0.0476 0.9989 0.0000 0.0000	</row1>
					<row2>	0.0000 0.0000 1.0000 0.0000	</row2>
					<row3>	-0.1890 1.0561 0.4590 1.0000	</row3>
				</transform>
			</node>
			<node>
				<identifier>	MP_CM012_Fire_Hose_Rack_1_INDEX_11	</identifier>
				<transform>
					<row0>	0.3801 0.0000 -0.9249 0.0000	</row0>
					<row1>	0.0000 1.0000 0.0000 0.0000	</row1>
					<row2>	0.9249 0.0000 0.3801 0.0000	</row2>
					<row3>	-0.1362 0.5367 1.7276 1.0000	</row3>
				</transform>
			</node>
			<node>
				<identifier>	MP_CM012_Fire_Hose_Rack_1_INDEX_12	</identifier>
				<transform>
					<row0>	0.0972 0.0000 -0.9953 0.0000	</row0>
					<row1>	0.0000 1.0000 0.0000 0.0000	</row1>
					<row2>	0.9953 0.0000 0.0972 0.0000	</row2>
					<row3>	-0.0575 0.5134 5.6168 1.0000	</row3>
				</transform>
			</node>
			<node>
				<identifier>	MP_CM012_Fire_Hose_Rack_1_INDEX_13	</identifier>
				<transform>
					<row0>	-1.0000 0.0000 0.0000 0.0000	</row0>
					<row1>	0.0000 1.0000 0.0000 0.0000	</row1>
					<row2>	0.0000 0.0000 -1.0000 0.0000	</row2>
					<row3>	0.5590 0.5367 0.4828 1.0000	</row3>
				</transform>
			</node>
			<node>
				<identifier>	MP_CM012_Fire_Hose_Rack_1_INDEX_14	</identifier>
				<transform>
					<row0>	-1.0000 0.0000 0.0000 0.0000	</row0>
					<row1>	0.0000 1.0000 0.0000 0.0000	</row1>
					<row2>	0.0000 0.0000 -1.0000 0.0000	</row2>
					<row3>	0.3161 0.5367 1.2980 1.0000	</row3>
				</transform>
			</node>
			<node>
				<identifier>	MP_CM012_Fire_Hose_Rack_1_INDEX_15	</identifier>
				<transform>
					<row0>	0.1068 0.0000 -0.9943 0.0000	</row0>
					<row1>	0.0000 1.0000 0.0000 0.0000	</row1>
					<row2>	0.9943 0.0000 0.1068 0.0000	</row2>
					<row3>	-0.0511 0.5395 3.1945 1.0000	</row3>
				</transform>
			</node>
			<node>
				<identifier>	MP_CM012_Fire_Hose_Rack_1_INDEX_2	</identifier>
				<transform>
					<row0>	-0.0972 0.0000 -0.9953 0.0000	</row0>
					<row1>	0.0000 1.0000 0.0000 0.0000	</row1>
					<row2>	0.9953 0.0000 -0.0972 0.0000	</row2>
					<row3>	0.0575 0.5134 5.6168 1.0000	</row3>
				</transform>
			</node>
			<node>
				<identifier>	MP_CM012_Fire_Hose_Rack_1_INDEX_3	</identifier>
				<transform>
					<row0>	-0.1136 0.0000 -0.9935 0.0000	</row0>
					<row1>	0.0000 1.0000 0.0000 0.0000	</row1>
					<row2>	0.9935 0.0000 -0.1136 0.0000	</row2>
					<row3>	0.0503 0.5395 3.1945 1.0000	</row3>
				</transform>
			</node>
			<node>
				<identifier>	MP_CM012_Fire_Hose_Rack_1_INDEX_4	</identifier>
				<transform>
					<row0>	0.0000 -0.1291 -0.9916 0.0000	</row0>
					<row1>	0.0000 0.9916 -0.1291 0.0000	</row1>
					<row2>	1.0000 0.0000 0.0000 0.0000	</row2>
					<row3>	-0.0662 1.2090 0.5670 1.0000	</row3>
				</transform>
			</node>
			<node>
				<identifier>	MP_CM012_Fire_Hose_Rack_1_INDEX_5	</identifier>
				<transform>
					<row0>	0.0000 -0.1076 0.9942 0.0000	</row0>
					<row1>	0.0000 0.9942 0.1076 0.0000	</row1>
					<row2>	-1.0000 0.0000 0.0000 0.0000	</row2>
					<row3>	-0.0266 1.0561 0.0543 1.0000	</row3>
				</transform>
			</node>
			<node>
				<identifier>	MP_CM012_Fire_Hose_Rack_1_INDEX_6	</identifier>
				<transform>
					<row0>	-0.4455 0.0000 -0.8953 0.0000	</row0>
					<row1>	0.0000 1.0000 0.0000 0.0000	</row1>
					<row2>	0.8953 0.0000 -0.4455 0.0000	</row2>
					<row3>	0.6406 0.4972 3.4123 1.0000	</row3>
				</transform>
			</node>
			<node>
				<identifier>	MP_CM012_Fire_Hose_Rack_1_INDEX_7	</identifier>
				<transform>
					<row0>	0.4455 0.0000 -0.8953 0.0000	</row0>
					<row1>	0.0000 1.0000 0.0000 0.0000	</row1>
					<row2>	0.8953 0.0000 0.4455 0.0000	</row2>
					<row3>	-0.5254 0.4972 3.4697 1.0000	</row3>
				</transform>
			</node>
			<node>
				<identifier>	MP_CM012_Fire_Hose_Rack_1_INDEX_8	</identifier>
				<transform>
					<row0>	1.0000 0.0000 0.0000 0.0000	</row0>
					<row1>	0.0000 1.0000 0.0000 0.0000	</row1>
					<row2>	0.0000 0.0000 1.0000 0.0000	</row2>
					<row3>	-0.3161 0.5367 1.2980 1.0000	</row3>
				</transform>
			</node>
			<node>
				<identifier>	MP_CM012_Fire_Hose_Rack_1_INDEX_9	</identifier>
				<transform>
					<row0>	1.0000 0.0000 0.0000 0.0000	</row0>
					<row1>	0.0000 1.0000 0.0000 0.0000	</row1>
					<row2>	0.0000 0.0000 1.0000 0.0000	</row2>
					<row3>	-0.5590 0.5367 0.4828 1.0000	</row3>
				</transform>
			</node>
			<node>
				<identifier>	MP_CM014_Fuel_Oil_Hose	</identifier>
				<transform>
					<row0>	-0.3150 -0.0012 0.9491 0.0000	</row0>
					<row1>	-0.0007 1.0000 0.0010 0.0000	</row1>
					<row2>	-0.9491 -0.0004 -0.3150 0.0000	</row2>
					<row3>	0.1500 0.4873 2.3068 1.0000	</row3>
				</transform>
			</node>
			<node>
				<identifier>	MP_CM014_Fuel_Oil_Hose_INDEX_1	</identifier>
				<transform>
					<row0>	-0.3150 -0.0012 0.9491 0.0000	</row0>
					<row1>	-0.0007 1.0000 0.0010 0.0000	</row1>
					<row2>	-0.9491 -0.0004 -0.3150 0.0000	</row2>
					<row3>	0.1500 0.5131 2.3068 1.0000	</row3>
				</transform>
			</node>
			<node>
				<identifier>	MP_CM014_Fuel_Oil_Hose_INDEX_10	</identifier>
				<transform>
					<row0>	1.0000 0.0000 0.0000 0.0000	</row0>
					<row1>	0.0000 1.0000 0.0000 0.0000	</row1>
					<row2>	0.0000 0.0000 1.0000 0.0000	</row2>
					<row3>	-0.5608 0.4870 0.2178 1.0000	</row3>
				</transform>
			</node>
			<node>
				<identifier>	MP_CM014_Fuel_Oil_Hose_INDEX_11	</identifier>
				<transform>
					<row0>	-1.0000 0.0000 0.0000 0.0000	</row0>
					<row1>	0.0000 1.0000 0.0000 0.0000	</row1>
					<row2>	0.0000 0.0000 -1.0000 0.0000	</row2>
					<row3>	0.5608 0.4870 0.2178 1.0000	</row3>
				</transform>
			</node>
			<node>
				<identifier>	MP_CM014_Fuel_Oil_Hose_INDEX_2	</identifier>
				<transform>
					<row0>	0.3150 -0.0012 0.9491 0.0000	</row0>
					<row1>	0.0007 1.0000 0.0010 0.0000	</row1>
					<row2>	-0.9491 0.0004 0.3150 0.0000	</row2>
					<row3>	-0.1500 0.4873 2.3068 1.0000	</row3>
				</transform>
			</node>
			<node>
				<identifier>	MP_CM014_Fuel_Oil_Hose_INDEX_3	</identifier>
				<transform>
					<row0>	1.0000 0.0000 0.0000 0.0000	</row0>
					<row1>	0.0000 1.0000 0.0000 0.0000	</row1>
					<row2>	0.0000 0.0000 1.0000 0.0000	</row2>
					<row3>	-0.5607 0.5128 0.2179 1.0000	</row3>
				</transform>
			</node>
			<node>
				<identifier>	MP_CM014_Fuel_Oil_Hose_INDEX_4	</identifier>
				<transform>
					<row0>	-0.8277 -0.0012 0.5611 0.0000	</row0>
					<row1>	-0.0007 1.0000 0.0010 0.0000	</row1>
					<row2>	-0.5611 0.0004 -0.8277 0.0000	</row2>
					<row3>	0.4966 0.5131 -0.1185 1.0000	</row3>
				</transform>
			</node>
			<node>
				<identifier>	MP_CM014_Fuel_Oil_Hose_INDEX_5	</identifier>
				<transform>
					<row0>	-0.8277 -0.0012 0.5611 0.0000	</row0>
					<row1>	-0.0007 1.0000 0.0010 0.0000	</row1>
					<row2>	-0.5611 0.0004 -0.8277 0.0000	</row2>
					<row3>	0.4966 0.4873 -0.1185 1.0000	</row3>
				</transform>
			</node>
			<node>
				<identifier>	MP_CM014_Fuel_Oil_Hose_INDEX_6	</identifier>
				<transform>
					<row0>	0.8277 -0.0012 0.5611 0.0000	</row0>
					<row1>	0.0007 1.0000 0.0010 0.0000	</row1>
					<row2>	-0.5611 -0.0004 0.8277 0.0000	</row2>
					<row3>	-0.4966 0.4873 -0.1185 1.0000	</row3>
				</transform>
			</node>
			<node>
				<identifier>	MP_CM014_Fuel_Oil_Hose_INDEX_7	</identifier>
				<transform>
					<row0>	0.8277 -0.0012 0.5611 0.0000	</row0>
					<row1>	0.0007 1.0000 0.0010 0.0000	</row1>
					<row2>	-0.5611 -0.0004 0.8277 0.0000	</row2>
					<row3>	-0.4966 0.5131 -0.1185 1.0000	</row3>
				</transform>
			</node>
			<node>
				<identifier>	MP_CM014_Fuel_Oil_Hose_INDEX_8	</identifier>
				<transform>
					<row0>	0.3150 -0.0012 0.9491 0.0000	</row0>
					<row1>	0.0007 1.0000 0.0010 0.0000	</row1>
					<row2>	-0.9491 0.0004 0.3150 0.0000	</row2>
					<row3>	-0.1500 0.5131 2.3068 1.0000	</row3>
				</transform>
			</node>
			<node>
				<identifier>	MP_CM014_Fuel_Oil_Hose_INDEX_9	</identifier>
				<transform>
					<row0>	-1.0000 0.0000 0.0000 0.0000	</row0>
					<row1>	0.0000 1.0000 0.0000 0.0000	</row1>
					<row2>	0.0000 0.0000 -1.0000 0.0000	</row2>
					<row3>	0.5607 0.5128 0.2179 1.0000	</row3>
				</transform>
			</node>
			<node>
				<identifier>	MP_CM029_Emergency_Box	</identifier>
				<transform>
					<row0>	-1.0000 0.0000 0.0000 0.0000	</row0>
					<row1>	0.0000 1.0000 0.0000 0.0000	</row1>
					<row2>	0.0000 0.0000 -1.0000 0.0000	</row2>
					<row3>	0.0000 0.5391 3.2053 1.0000	</row3>
				</transform>
			</node>
			<node>
				<identifier>	MP_CM029_Emergency_Box_INDEX_1	</identifier>
				<transform>
					<row0>	1.0000 0.0000 0.0000 0.0000	</row0>
					<row1>	0.0000 1.0000 0.0000 0.0000	</row1>
					<row2>	0.0000 0.0000 1.0000 0.0000	</row2>
					<row3>	0.0290 1.0565 0.0520 1.0000	</row3>
				</transform>
			</node>
			<node>
				<identifier>	MP_CM029_Emergency_Box_INDEX_10	</identifier>
				<transform>
					<row0>	-0.3569 0.0000 0.9342 0.0000	</row0>
					<row1>	0.0000 1.0000 0.0000 0.0000	</row1>
					<row2>	-0.9342 0.0000 -0.3569 0.0000	</row2>
					<row3>	0.3370 0.5391 1.2170 1.0000	</row3>
				</transform>
			</node>
			<node>
				<identifier>	MP_CM029_Emergency_Box_INDEX_11	</identifier>
				<transform>
					<row0>	-1.0000 0.0000 0.0000 0.0000	</row0>
					<row1>	0.0000 1.0000 0.0000 0.0000	</row1>
					<row2>	0.0000 0.0000 -1.0000 0.0000	</row2>
					<row3>	0.0549 1.8135 0.4943 1.0000	</row3>
				</transform>
			</node>
			<node>
				<identifier>	MP_CM029_Emergency_Box_INDEX_12	</identifier>
				<transform>
					<row0>	-0.3569 0.0000 -0.9342 0.0000	</row0>
					<row1>	0.0000 1.0000 0.0000 0.0000	</row1>
					<row2>	0.9342 0.0000 -0.3569 0.0000	</row2>
					<row3>	-0.3370 0.5391 1.2170 1.0000	</row3>
				</transform>
			</node>
			<node>
				<identifier>	MP_CM029_Emergency_Box_INDEX_13	</identifier>
				<transform>
					<row0>	0.0000 0.0000 -1.0000 0.0000	</row0>
					<row1>	0.0000 1.0000 0.0000 0.0000	</row1>
					<row2>	1.0000 0.0000 0.0000 0.0000	</row2>
					<row3>	-0.1700 1.5259 0.1809 1.0000	</row3>
				</transform>
			</node>
			<node>
				<identifier>	MP_CM029_Emergency_Box_INDEX_14	</identifier>
				<transform>
					<row0>	1.0000 0.0000 0.0000 0.0000	</row0>
					<row1>	0.0000 1.0000 0.0000 0.0000	</row1>
					<row2>	0.0000 0.0000 1.0000 0.0000	</row2>
					<row3>	0.0549 1.8135 0.1361 1.0000	</row3>
				</transform>
			</node>
			<node>
				<identifier>	MP_CM029_Emergency_Box_INDEX_15	</identifier>
				<transform>
					<row0>	0.0000 0.0000 1.0000 0.0000	</row0>
					<row1>	0.0000 1.0000 0.0000 0.0000	</row1>
					<row2>	-1.0000 0.0000 0.0000 0.0000	</row2>
					<row3>	0.1933 1.0565 0.2646 1.0000	</row3>
				</transform>
			</node>
			<node>
				<identifier>	MP_CM029_Emergency_Box_INDEX_16	</identifier>
				<transform>
					<row0>	0.0000 0.0000 -1.0000 0.0000	</row0>
					<row1>	0.0000 1.0000 0.0000 0.0000	</row1>
					<row2>	1.0000 0.0000 0.0000 0.0000	</row2>
					<row3>	-0.1933 1.0565 0.2646 1.0000	</row3>
				</transform>
			</node>
			<node>
				<identifier>	MP_CM029_Emergency_Box_INDEX_2	</identifier>
				<transform>
					<row0>	0.0000 0.0000 -1.0000 0.0000	</row0>
					<row1>	0.0000 1.0000 0.0000 0.0000	</row1>
					<row2>	1.0000 0.0000 0.0000 0.0000	</row2>
					<row3>	-0.1616 1.6695 0.4005 1.0000	</row3>
				</transform>
			</node>
			<node>
				<identifier>	MP_CM029_Emergency_Box_INDEX_3	</identifier>
				<transform>
					<row0>	1.0000 0.0000 0.0000 0.0000	</row0>
					<row1>	0.0000 1.0000 0.0000 0.0000	</row1>
					<row2>	0.0000 0.0000 1.0000 0.0000	</row2>
					<row3>	-0.1435 1.0565 1.2059 1.0000	</row3>
				</transform>
			</node>
			<node>
				<identifier>	MP_CM029_Emergency_Box_INDEX_4	</identifier>
				<transform>
					<row0>	0.0000 0.0000 1.0000 0.0000	</row0>
					<row1>	0.0000 1.0000 0.0000 0.0000	</row1>
					<row2>	-1.0000 0.0000 0.0000 0.0000	</row2>
					<row3>	0.1700 1.5259 0.1809 1.0000	</row3>
				</transform>
			</node>
			<node>
				<identifier>	MP_CM029_Emergency_Box_INDEX_5	</identifier>
				<transform>
					<row0>	-1.0000 0.0000 0.0000 0.0000	</row0>
					<row1>	0.0000 1.0000 0.0000 0.0000	</row1>
					<row2>	0.0000 0.0000 -1.0000 0.0000	</row2>
					<row3>	0.0441 1.2093 0.5706 1.0000	</row3>
				</transform>
			</node>
			<node>
				<identifier>	MP_CM029_Emergency_Box_INDEX_6	</identifier>
				<transform>
					<row0>	0.0000 0.0000 1.0000 0.0000	</row0>
					<row1>	0.0000 1.0000 0.0000 0.0000	</row1>
					<row2>	-1.0000 0.0000 0.0000 0.0000	</row2>
					<row3>	0.1616 1.6695 0.4005 1.0000	</row3>
				</transform>
			</node>
			<node>
				<identifier>	MP_CM029_Emergency_Box_INDEX_7	</identifier>
				<transform>
					<row0>	1.0000 0.0000 0.0000 0.0000	</row0>
					<row1>	0.0000 1.0000 0.0000 0.0000	</row1>
					<row2>	0.0000 0.0000 1.0000 0.0000	</row2>
					<row3>	0.1435 1.0565 1.2059 1.0000	</row3>
				</transform>
			</node>
			<node>
				<identifier>	MP_CM029_Emergency_Box_INDEX_8	</identifier>
				<transform>
					<row0>	0.0000 0.0000 -1.0000 0.0000	</row0>
					<row1>	0.0000 1.0000 0.0000 0.0000	</row1>
					<row2>	1.0000 0.0000 0.0000 0.0000	</row2>
					<row3>	-0.5645 0.5391 0.4352 1.0000	</row3>
				</transform>
			</node>
			<node>
				<identifier>	MP_CM029_Emergency_Box_INDEX_9	</identifier>
				<transform>
					<row0>	0.0000 0.0000 1.0000 0.0000	</row0>
					<row1>	0.0000 1.0000 0.0000 0.0000	</row1>
					<row2>	-1.0000 0.0000 0.0000 0.0000	</row2>
					<row3>	0.5645 0.5391 0.4352 1.0000	</row3>
				</transform>
			</node>
			<node>
				<identifier>	MP_CM030_Swab_Rack_2	</identifier>
				<transform>
					<row0>	0.3585 0.0000 0.9335 0.0000	</row0>
					<row1>	0.0000 1.0000 0.0000 0.0000	</row1>
					<row2>	-0.9335 0.0000 0.3585 0.0000	</row2>
					<row3>	-0.4009 0.4422 1.0341 1.0000	</row3>
				</transform>
			</node>
			<node>
				<identifier>	MP_CM030_Swab_Rack_2_INDEX_1	</identifier>
				<transform>
					<row0>	0.3585 0.0000 -0.9335 0.0000	</row0>
					<row1>	0.0000 1.0000 0.0000 0.0000	</row1>
					<row2>	0.9335 0.0000 0.3585 0.0000	</row2>
					<row3>	0.4009 0.4422 1.0341 1.0000	</row3>
				</transform>
			</node>
			<node>
				<identifier>	MP_CM051_Fire_Fighting_Gear	</identifier>
				<transform>
					<row0>	0.0000 0.0000 -1.0000 0.0000	</row0>
					<row1>	-1.0000 0.0000 0.0000 0.0000	</row1>
					<row2>	0.0000 1.0000 0.0000 0.0000	</row2>
					<row3>	-0.0488 0.9720 0.0451 1.0000	</row3>
				</transform>
			</node>
			<node>
				<identifier>	MP_CM051_Fire_Fighting_Gear_INDEX_1	</identifier>
				<transform>
					<row0>	-1.0000 0.0000 0.0000 0.0000	</row0>
					<row1>	0.0000 0.0000 1.0000 0.0000	</row1>
					<row2>	0.0000 1.0000 0.0000 0.0000	</row2>
					<row3>	-0.1933 0.9720 0.4471 1.0000	</row3>
				</transform>
			</node>
			<node>
				<identifier>	MP_CM051_Fire_Fighting_Gear_INDEX_2	</identifier>
				<transform>
					<row0>	-1.0000 0.0000 0.0000 0.0000	</row0>
					<row1>	0.0000 0.0000 1.0000 0.0000	</row1>
					<row2>	0.0000 1.0000 0.0000 0.0000	</row2>
					<row3>	-0.5595 0.4519 0.5132 1.0000	</row3>
				</transform>
			</node>
			<node>
				<identifier>	MP_CM051_Fire_Fighting_Gear_INDEX_3	</identifier>
				<transform>
					<row0>	1.0000 0.0000 0.0000 0.0000	</row0>
					<row1>	0.0000 0.0000 -1.0000 0.0000	</row1>
					<row2>	0.0000 1.0000 0.0000 0.0000	</row2>
					<row3>	0.1933 0.9720 0.4471 1.0000	</row3>
				</transform>
			</node>
			<node>
				<identifier>	MP_CM051_Fire_Fighting_Gear_INDEX_4	</identifier>
				<transform>
					<row0>	1.0000 0.0000 0.0000 0.0000	</row0>
					<row1>	0.0000 0.0000 -1.0000 0.0000	</row1>
					<row2>	0.0000 1.0000 0.0000 0.0000	</row2>
					<row3>	0.5595 0.4519 0.5132 1.0000	</row3>
				</transform>
			</node>
			<node>
				<identifier>	MP_CM051_Fire_Fighting_Gear_INDEX_5	</identifier>
				<transform>
					<row0>	0.0000 0.0000 1.0000 0.0000	</row0>
					<row1>	1.0000 0.0000 0.0000 0.0000	</row1>
					<row2>	0.0000 1.0000 0.0000 0.0000	</row2>
					<row3>	-0.0618 1.1249 0.5773 1.0000	</row3>
				</transform>
			</node>
			<node>
				<identifier>	MP_CM051_Fire_Fighting_Gear_INDEX_6	</identifier>
				<transform>
					<row0>	-1.0000 0.0000 0.0000 0.0000	</row0>
					<row1>	0.0000 0.0000 1.0000 0.0000	</row1>
					<row2>	0.0000 1.0000 0.0000 0.0000	</row2>
					<row3>	-0.3167 0.4519 1.3485 1.0000	</row3>
				</transform>
			</node>
			<node>
				<identifier>	MP_CM051_Fire_Fighting_Gear_INDEX_7	</identifier>
				<transform>
					<row0>	1.0000 0.0000 0.0000 0.0000	</row0>
					<row1>	0.0000 0.0000 -1.0000 0.0000	</row1>
					<row2>	0.0000 1.0000 0.0000 0.0000	</row2>
					<row3>	0.3167 0.4519 1.3485 1.0000	</row3>
				</transform>
			</node>
			<node>
				<identifier>	MP_CM052_Fender	</identifier>
				<transform>
					<row0>	0.3584 0.0000 0.9336 0.0000	</row0>
					<row1>	0.0000 1.0000 0.0000 0.0000	</row1>
					<row2>	-0.9336 0.0000 0.3584 0.0000	</row2>
					<row3>	-0.5099 0.4437 0.8338 1.0000	</row3>
				</transform>
			</node>
			<node>
				<identifier>	MP_CM052_Fender_INDEX_1	</identifier>
				<transform>
					<row0>	0.3584 0.0000 -0.9336 0.0000	</row0>
					<row1>	0.0000 1.0000 0.0000 0.0000	</row1>
					<row2>	0.9336 0.0000 0.3584 0.0000	</row2>
					<row3>	0.5099 0.4437 0.8338 1.0000	</row3>
				</transform>
			</node>
			<node>
				<identifier>	MP_RM059_Fairlead	</identifier>
				<transform>
					<row0>	1.7160 0.0098 -0.0677 0.0000	</row0>
					<row1>	-0.0099 1.7173 -0.0028 0.0000	</row1>
					<row2>	0.0677 0.0032 1.7160 0.0000	</row2>
					<row3>	-1.1535 0.4421 2.0580 1.0000	</row3>
				</transform>
			</node>
			<node>
				<identifier>	MP_RM059_Fairlead_INDEX_1	</identifier>
				<transform>
					<row0>	1.7160 -0.0098 0.0677 0.0000	</row0>
					<row1>	0.0099 1.7173 -0.0028 0.0000	</row1>
					<row2>	-0.0677 0.0032 1.7160 0.0000	</row2>
					<row3>	1.1535 0.4421 2.0580 1.0000	</row3>
				</transform>
			</node>
			<node>
				<identifier>	MP_RM059_Fairlead_INDEX_2	</identifier>
				<transform>
					<row0>	1.7022 -0.0092 0.2274 0.0000	</row0>
					<row1>	0.0100 1.7173 -0.0049 0.0000	</row1>
					<row2>	-0.2274 0.0062 1.7022 0.0000	</row2>
					<row3>	0.9578 0.4475 4.2630 1.0000	</row3>
				</transform>
			</node>
			<node>
				<identifier>	MP_RM059_Fairlead_INDEX_3	</identifier>
				<transform>
					<row0>	1.7022 0.0092 -0.2274 0.0000	</row0>
					<row1>	-0.0100 1.7173 -0.0049 0.0000	</row1>
					<row2>	0.2274 0.0062 1.7022 0.0000	</row2>
					<row3>	-0.9578 0.4475 4.2630 1.0000	</row3>
				</transform>
			</node>
			<node>
				<identifier>	MP_RM113_Electric_Wheel	</identifier>
				<transform>
					<row0>	-1.0000 0.0000 0.0000 0.0000	</row0>
					<row1>	0.0000 1.0000 0.0000 0.0000	</row1>
					<row2>	0.0000 0.0000 -1.0000 0.0000	</row2>
					<row3>	0.0000 0.9620 1.6742 1.0000	</row3>
				</transform>
			</node>
			<node>
				<identifier>	MP_RM272_Lifeboat_SPS24	</identifier>
				<transform>
					<row0>	-0.1433 0.0000 0.9897 0.0000	</row0>
					<row1>	0.9897 0.0000 0.1433 0.0000	</row1>
					<row2>	0.0000 1.0000 0.0000 0.0000	</row2>
					<row3>	0.4504 0.5637 2.8294 1.0000	</row3>
				</transform>
			</node>
			<node>
				<identifier>	MP_RM272_Lifeboat_SPS24_INDEX_1	</identifier>
				<transform>
					<row0>	0.1132 0.0000 0.9936 0.0000	</row0>
					<row1>	0.9936 0.0000 -0.1132 0.0000	</row1>
					<row2>	0.0000 1.0000 0.0000 0.0000	</row2>
					<row3>	0.4541 0.5637 2.6896 1.0000	</row3>
				</transform>
			</node>
			<node>
				<identifier>	MP_RM272_Lifeboat_SPS24_INDEX_2	</identifier>
				<transform>
					<row0>	-0.3568 0.0000 0.9342 0.0000	</row0>
					<row1>	0.9342 0.0000 0.3568 0.0000	</row1>
					<row2>	0.0000 1.0000 0.0000 0.0000	</row2>
					<row3>	0.4366 0.5620 0.9424 1.0000	</row3>
				</transform>
			</node>
			<node>
				<identifier>	MP_RM272_Lifeboat_SPS24_INDEX_3	</identifier>
				<transform>
					<row0>	-0.5346 0.0000 -0.8451 0.0000	</row0>
					<row1>	-0.8451 0.0000 0.5346 0.0000	</row1>
					<row2>	0.0000 1.0000 0.0000 0.0000	</row2>
					<row3>	-0.4047 0.5641 2.9565 1.0000	</row3>
				</transform>
			</node>
			<node>
				<identifier>	MP_RM272_Lifeboat_SPS24_INDEX_4	</identifier>
				<transform>
					<row0>	-0.5346 0.0000 0.8451 0.0000	</row0>
					<row1>	0.8451 0.0000 0.5346 0.0000	</row1>
					<row2>	0.0000 1.0000 0.0000 0.0000	</row2>
					<row3>	0.4047 0.5641 2.9565 1.0000	</row3>
				</transform>
			</node>
			<node>
				<identifier>	MP_RM272_Lifeboat_SPS24_INDEX_5	</identifier>
				<transform>
					<row0>	-0.1433 0.0000 -0.9897 0.0000	</row0>
					<row1>	-0.9897 0.0000 0.1433 0.0000	</row1>
					<row2>	0.0000 1.0000 0.0000 0.0000	</row2>
					<row3>	-0.4504 0.5637 2.8294 1.0000	</row3>
				</transform>
			</node>
			<node>
				<identifier>	MP_RM272_Lifeboat_SPS24_INDEX_6	</identifier>
				<transform>
					<row0>	-0.3568 0.0000 -0.9342 0.0000	</row0>
					<row1>	-0.9342 0.0000 0.3568 0.0000	</row1>
					<row2>	0.0000 1.0000 0.0000 0.0000	</row2>
					<row3>	-0.4366 0.5620 0.9424 1.0000	</row3>
				</transform>
			</node>
			<node>
				<identifier>	MP_RM272_Lifeboat_SPS24_INDEX_7	</identifier>
				<transform>
					<row0>	-0.7071 0.0000 0.7071 0.0000	</row0>
					<row1>	0.7071 0.0000 0.7071 0.0000	</row1>
					<row2>	0.0000 1.0000 0.0000 0.0000	</row2>
					<row3>	0.3233 0.5637 3.0638 1.0000	</row3>
				</transform>
			</node>
			<node>
				<identifier>	MP_RM272_Lifeboat_SPS24_INDEX_8	</identifier>
				<transform>
					<row0>	-0.7071 0.0000 -0.7071 0.0000	</row0>
					<row1>	-0.7071 0.0000 0.7071 0.0000	</row1>
					<row2>	0.0000 1.0000 0.0000 0.0000	</row2>
					<row3>	-0.3233 0.5637 3.0638 1.0000	</row3>
				</transform>
			</node>
			<node>
				<identifier>	MP_RM272_Lifeboat_SPS24_INDEX_9	</identifier>
				<transform>
					<row0>	0.1132 0.0000 -0.9936 0.0000	</row0>
					<row1>	-0.9936 0.0000 -0.1132 0.0000	</row1>
					<row2>	0.0000 1.0000 0.0000 0.0000	</row2>
					<row3>	-0.4541 0.5637 2.6896 1.0000	</row3>
				</transform>
			</node>
			<node>
				<identifier>	MP_ZM016_Fakel_MO	</identifier>
				<transform>
					<row0>	1.0000 0.0000 0.0000 0.0000	</row0>
					<row1>	0.0000 1.0000 0.0000 0.0000	</row1>
					<row2>	0.0000 0.0000 1.0000 0.0000	</row2>
					<row3>	0.0000 2.9375 -0.2753 1.0000	</row3>
				</transform>
			</node>
			<node>
				<identifier>	MP_ZM018_Fakel_MZ	</identifier>
				<transform>
					<row0>	-0.4000 0.0000 0.0000 0.0000	</row0>
					<row1>	0.0000 0.4000 0.0000 0.0000	</row1>
					<row2>	0.0000 0.0000 -0.4000 0.0000	</row2>
					<row3>	0.0000 2.3482 -0.0379 1.0000	</row3>
				</transform>
			</node>
			<node>
				<identifier>	MP_ZM024_Life_Buoy	</identifier>
				<transform>
					<row0>	-0.0550 0.0000 -0.9985 0.0000	</row0>
					<row1>	0.0000 1.0000 0.0000 0.0000	</row1>
					<row2>	0.9985 0.0000 -0.0550 0.0000	</row2>
					<row3>	-1.1369 0.5084 2.8827 1.0000	</row3>
				</transform>
			</node>
			<node>
				<identifier>	MP_ZM024_Life_Buoy_INDEX_1	</identifier>
				<transform>
					<row0>	-0.0550 0.0000 0.9985 0.0000	</row0>
					<row1>	0.0000 1.0000 0.0000 0.0000	</row1>
					<row2>	-0.9985 0.0000 -0.0550 0.0000	</row2>
					<row3>	1.1369 0.5084 2.8827 1.0000	</row3>
				</transform>
			</node>
			<node>
				<identifier>	MP_ZM037_Wind_Intensity	</identifier>
				<transform>
					<row0>	0.0000 0.0000 -1.0000 0.0000	</row0>
					<row1>	0.0000 1.0000 0.0000 0.0000	</row1>
					<row2>	1.0000 0.0000 0.0000 0.0000	</row2>
					<row3>	0.4756 1.9606 -0.1665 1.0000	</row3>
				</transform>
			</node>
			<node>
				<identifier>	MP_ZM2959_Bollard	</identifier>
				<transform>
					<row0>	-1.3301 0.0044 0.0466 0.0000	</row0>
					<row1>	0.0044 1.3309 -0.0014 0.0000	</row1>
					<row2>	-0.0466 -0.0012 -1.3301 0.0000	</row2>
					<row3>	-1.1249 0.4431 2.2186 1.0000	</row3>
				</transform>
			</node>
			<node>
				<identifier>	MP_ZM2959_Bollard_INDEX_1	</identifier>
				<transform>
					<row0>	-1.3301 -0.0044 -0.0466 0.0000	</row0>
					<row1>	-0.0044 1.3309 -0.0014 0.0000	</row1>
					<row2>	0.0466 -0.0012 -1.3301 0.0000	</row2>
					<row3>	1.1249 0.4431 2.2186 1.0000	</row3>
				</transform>
			</node>
			<node>
				<identifier>	MP_ZM2959_Bollard_INDEX_2	</identifier>
				<transform>
					<row0>	-1.2236 -0.0062 -0.5235 0.0000	</row0>
					<row1>	-0.0042 1.3309 -0.0060 0.0000	</row1>
					<row2>	0.5236 -0.0038 -1.2236 0.0000	</row2>
					<row3>	0.8440 0.4489 4.4710 1.0000	</row3>
				</transform>
			</node>
			<node>
				<identifier>	MP_ZM2959_Bollard_INDEX_3	</identifier>
				<transform>
					<row0>	-1.2236 0.0062 0.5235 0.0000	</row0>
					<row1>	0.0042 1.3309 -0.0060 0.0000	</row1>
					<row2>	-0.5236 -0.0038 -1.2236 0.0000	</row2>
					<row3>	-0.8440 0.4489 4.4710 1.0000	</row3>
				</transform>
			</node>
			<node>
				<identifier>	MP_ZM500_Yawl_20ft	</identifier>
				<transform>
					<row0>	0.5549 0.0000 -0.8319 0.0000	</row0>
					<row1>	-0.0099 0.9999 -0.0066 0.0000	</row1>
					<row2>	0.8318 0.0119 0.5549 0.0000	</row2>
					<row3>	-0.6853 0.4993 5.1208 1.0000	</row3>
				</transform>
			</node>
			<node>
				<identifier>	MP_ZM500_Yawl_20ft_INDEX_1	</identifier>
				<transform>
					<row0>	0.5549 0.0000 0.8319 0.0000	</row0>
					<row1>	0.0099 0.9999 -0.0066 0.0000	</row1>
					<row2>	-0.8318 0.0119 0.5549 0.0000	</row2>
					<row3>	0.6853 0.4993 5.1208 1.0000	</row3>
				</transform>
			</node>
			<node>
