<ASD033_Monaghan_1942_Bow_ports.visual>
	<node>
		<identifier>	Scene Root	</identifier>
		<transform>
			<row0>	1.0000 0.0000 0.0000 0.0000	</row0>
			<row1>	0.0000 1.0000 0.0000 0.0000	</row1>
			<row2>	0.0000 0.0000 1.0000 0.0000	</row2>
			<row3>	0.0000 0.0000 0.0000 1.0000	</row3>
		</transform>
		<node>
			<identifier>	Bow_ports	</identifier>
			<transform>
				<row0>	1.0000 0.0000 0.0000 0.0000	</row0>
				<row1>	0.0000 1.0000 0.0000 0.0000	</row1>
				<row2>	0.0000 0.0000 1.0000 0.0000	</row2>
				<row3>	0.0000 0.0000 0.0000 1.0000	</row3>
			</transform>
			<node>
				<identifier>	HP_AGM_1	</identifier>
				<transform>
					<row0>	1.0000 0.0000 0.0000 0.0000	</row0>
					<row1>	0.0000 1.0000 0.0000 0.0000	</row1>
					<row2>	0.0000 0.0000 1.0000 0.0000	</row2>
					<row3>	0.0009 0.3608 2.3778 1.0000	</row3>
				</transform>
			</node>
			<node>
				<identifier>	HP_AGM_2	</identifier>
				<transform>
					<row0>	1.0000 0.0000 0.0000 0.0000	</row0>
					<row1>	0.0000 1.0000 0.0000 0.0000	</row1>
					<row2>	0.0000 0.0000 1.0000 0.0000	</row2>
					<row3>	0.0009 0.5047 1.9124 1.0000	</row3>
				</transform>
			</node>
			<node>
				<identifier>	HP_FX_Death_1	</identifier>
				<transform>
					<row0>	1.0000 0.0000 0.0000 0.0000	</row0>
					<row1>	0.0000 1.0000 0.0000 0.0000	</row1>
					<row2>	0.0000 0.0000 1.0000 0.0000	</row2>
					<row3>	0.0000 0.0000 1.6855 1.0000	</row3>
				</transform>
			</node>
			<node>
				<identifier>	HP_FX_Fire_1	</identifier>
				<transform>
					<row0>	1.0000 0.0000 0.0000 0.0000	</row0>
					<row1>	0.0000 1.0000 0.0000 0.0000	</row1>
					<row2>	0.0000 0.0000 1.0000 0.0000	</row2>
					<row3>	0.0000 0.3668 2.8970 1.0000	</row3>
				</transform>
			</node>
			<node>
				<identifier>	HP_FX_Flood_steam_left	</identifier>
				<transform>
					<row0>	-1.0000 0.0000 0.0000 0.0000	</row0>
					<row1>	0.0000 1.0000 0.0000 0.0000	</row1>
					<row2>	0.0000 0.0000 -1.0000 0.0000	</row2>
					<row3>	-0.2240 0.3060 2.5830 1.0000	</row3>
				</transform>
			</node>
			<node>
				<identifier>	HP_FX_WakeTrace	</identifier>
				<transform>
					<row0>	1.0000 0.0000 0.0000 0.0000	</row0>
					<row1>	0.0000 1.0000 0.0000 0.0000	</row1>
					<row2>	0.0000 0.0000 1.0000 0.0000	</row2>
					<row3>	0.0000 0.0000 3.3949 1.0000	</row3>
				</transform>
			</node>
			<node>
				<identifier>	HP_Ship_death_1	</identifier>
				<transform>
					<row0>	1.0000 0.0000 0.0000 0.0000	</row0>
					<row1>	0.0000 1.0000 0.0000 0.0000	</row1>
					<row2>	0.0000 0.0000 1.0000 0.0000	</row2>
					<row3>	0.0000 0.0000 1.6855 1.0000	</row3>
				</transform>
			</node>
			<node>
				<identifier>	MP_AM129_Turtles_box	</identifier>
				<transform>
					<row0>	1.0000 0.0000 0.0000 0.0000	</row0>
					<row1>	0.0000 1.0000 0.0000 0.0000	</row1>
					<row2>	0.0000 0.0000 1.0000 0.0000	</row2>
					<row3>	-0.0660 0.3767 2.0838 1.0000	</row3>
				</transform>
			</node>
			<node>
				<identifier>	MP_AM162_Anchor_down	</identifier>
				<transform>
					<row0>	0.5727 0.0121 0.0417 0.0000	</row0>
					<row1>	0.0222 0.3922 -0.4190 0.0000	</row1>
					<row2>	-0.0374 0.4194 0.3906 0.0000	</row2>
					<row3>	0.0817 0.3066 3.2557 1.0000	</row3>
				</transform>
			</node>
			<node>
				<identifier>	MP_AM162_Anchor_down_INDEX_1	</identifier>
				<transform>
					<row0>	0.5727 -0.0121 -0.0417 0.0000	</row0>
					<row1>	-0.0222 0.3922 -0.4190 0.0000	</row1>
					<row2>	0.0374 0.4194 0.3906 0.0000	</row2>
					<row3>	-0.0817 0.3066 3.2557 1.0000	</row3>
				</transform>
			</node>
			<node>
				<identifier>	MP_AM191_Ammunition_Box_11	</identifier>
				<transform>
					<row0>	-0.3719 0.0000 -0.9283 0.0000	</row0>
					<row1>	0.0000 1.0000 0.0000 0.0000	</row1>
					<row2>	0.9283 0.0000 -0.3719 0.0000	</row2>
					<row3>	-0.1865 0.3361 2.1289 1.0000	</row3>
				</transform>
			</node>
			<node>
				<identifier>	MP_AM191_Ammunition_Box_11_INDEX_1	</identifier>
				<transform>
					<row0>	-0.3719 0.0000 0.9283 0.0000	</row0>
					<row1>	0.0000 1.0000 0.0000 0.0000	</row1>
					<row2>	-0.9283 0.0000 -0.3719 0.0000	</row2>
					<row3>	0.1865 0.3361 2.1289 1.0000	</row3>
				</transform>
			</node>
			<node>
				<identifier>	MP_AM220_Fairlead	</identifier>
				<transform>
					<row0>	0.6404 0.0000 0.0886 0.0000	</row0>
					<row1>	0.0000 0.6465 0.0000 0.0000	</row1>
					<row2>	-0.0886 0.0000 0.6404 0.0000	</row2>
					<row3>	0.2035 0.3494 2.6298 1.0000	</row3>
				</transform>
			</node>
			<node>
				<identifier>	MP_AM220_Fairlead_INDEX_1	</identifier>
				<transform>
					<row0>	0.6402 0.0000 -0.0900 0.0000	</row0>
					<row1>	0.0000 0.6465 0.0000 0.0000	</row1>
					<row2>	0.0900 0.0000 0.6402 0.0000	</row2>
					<row3>	-0.2035 0.3494 2.6298 1.0000	</row3>
				</transform>
			</node>
			<node>
				<identifier>	MP_AM220_Fairlead_INDEX_2	</identifier>
				<transform>
					<row0>	0.6459 0.0000 0.0286 0.0000	</row0>
					<row1>	0.0000 0.6465 0.0000 0.0000	</row1>
					<row2>	-0.0286 0.0000 0.6459 0.0000	</row2>
					<row3>	0.2718 0.3256 1.8199 1.0000	</row3>
				</transform>
			</node>
			<node>
				<identifier>	MP_AM220_Fairlead_INDEX_3	</identifier>
				<transform>
					<row0>	0.6459 0.0000 -0.0286 0.0000	</row0>
					<row1>	0.0000 0.6465 0.0000 0.0000	</row1>
					<row2>	0.0286 0.0000 0.6459 0.0000	</row2>
					<row3>	-0.2718 0.3256 1.8199 1.0000	</row3>
				</transform>
			</node>
			<node>
				<identifier>	MP_AM485_Fairlead	</identifier>
				<transform>
					<row0>	0.9668 0.0000 0.2555 0.0000	</row0>
					<row1>	0.0000 1.0000 0.0000 0.0000	</row1>
					<row2>	-0.2555 0.0000 0.9668 0.0000	</row2>
					<row3>	0.1509 0.3538 2.9182 1.0000	</row3>
				</transform>
			</node>
			<node>
				<identifier>	MP_AM485_Fairlead_INDEX_1	</identifier>
				<transform>
					<row0>	0.9668 0.0000 -0.2555 0.0000	</row0>
					<row1>	0.0000 1.0000 0.0000 0.0000	</row1>
					<row2>	0.2555 0.0000 0.9668 0.0000	</row2>
					<row3>	-0.1509 0.3538 2.9182 1.0000	</row3>
				</transform>
			</node>
			<node>
				<identifier>	MP_AM485_Fairlead_INDEX_2	</identifier>
				<transform>
					<row0>	0.9974 0.0000 0.0723 0.0000	</row0>
					<row1>	0.0000 1.0000 0.0000 0.0000	</row1>
					<row2>	-0.0723 0.0000 0.9974 0.0000	</row2>
					<row3>	0.2602 0.3203 2.0927 1.0000	</row3>
				</transform>
			</node>
			<node>
				<identifier>	MP_AM485_Fairlead_INDEX_3	</identifier>
				<transform>
					<row0>	0.9974 0.0000 -0.0723 0.0000	</row0>
					<row1>	0.0000 1.0000 0.0000 0.0000	</row1>
					<row2>	0.0723 0.0000 0.9974 0.0000	</row2>
					<row3>	-0.2602 0.3203 2.0927 1.0000	</row3>
				</transform>
			</node>
			<node>
				<identifier>	MP_AM548_Break_Handwheel	</identifier>
				<transform>
					<row0>	-1.0000 0.0000 0.0000 0.0000	</row0>
					<row1>	0.0000 1.0000 0.0000 0.0000	</row1>
					<row2>	0.0000 0.0000 -1.0000 0.0000	</row2>
					<row3>	-0.0196 0.3687 2.8549 1.0000	</row3>
				</transform>
			</node>
			<node>
				<identifier>	MP_AM559_Alarm_Tool	</identifier>
				<transform>
					<row0>	1.0000 0.0000 0.0000 0.0000	</row0>
					<row1>	0.0000 1.0000 0.0000 0.0000	</row1>
					<row2>	0.0000 0.0000 1.0000 0.0000	</row2>
					<row3>	-0.0369 0.4672 2.0828 1.0000	</row3>
				</transform>
			</node>
			<node>
				<identifier>	MP_CM011_Fire_Fighting_Gear	</identifier>
				<transform>
					<row0>	-0.4519 0.0000 0.8921 0.0000	</row0>
					<row1>	0.0000 1.0000 0.0000 0.0000	</row1>
					<row2>	-0.8921 0.0000 -0.4519 0.0000	</row2>
					<row3>	0.1669 0.3429 1.9321 1.0000	</row3>
				</transform>
			</node>
			<node>
				<identifier>	MP_CM011_Fire_Fighting_Gear_INDEX_1	</identifier>
				<transform>
					<row0>	-0.4519 0.0000 -0.8921 0.0000	</row0>
					<row1>	0.0000 1.0000 0.0000 0.0000	</row1>
					<row2>	0.8921 0.0000 -0.4519 0.0000	</row2>
					<row3>	-0.1667 0.3429 1.9347 1.0000	</row3>
				</transform>
			</node>
			<node>
				<identifier>	MP_CM012_Fire_Hose_Rack_1	</identifier>
				<transform>
					<row0>	0.8953 0.0000 -0.4454 0.0000	</row0>
					<row1>	0.0000 1.0000 0.0000 0.0000	</row1>
					<row2>	0.4454 0.0000 0.8953 0.0000	</row2>
					<row3>	-0.1592 0.4088 1.9302 1.0000	</row3>
				</transform>
			</node>
			<node>
				<identifier>	MP_CM012_Fire_Hose_Rack_1_INDEX_1	</identifier>
				<transform>
					<row0>	-0.8960 0.0000 -0.4440 0.0000	</row0>
					<row1>	0.0000 1.0000 0.0000 0.0000	</row1>
					<row2>	0.4440 0.0000 -0.8960 0.0000	</row2>
					<row3>	0.1593 0.4088 1.9302 1.0000	</row3>
				</transform>
			</node>
		</node>
	</node>
	<boundingBox>
		<min>	-0.0667 -0.0667 -0.0667	</min>
		<max>	0.0667 0.0667 0.0667	</max>
	</boundingBox>
</ASD033_Monaghan_1942_Bow_ports.visual>
