<JSB023_Izumo_1945_MidFront_ports.visual>
	<node>
		<identifier>	Scene Root	</identifier>
		<transform>
			<row0>	1.0000 0.0000 0.0000 0.0000	</row0>
			<row1>	0.0000 1.0000 0.0000 0.0000	</row1>
			<row2>	0.0000 0.0000 1.0000 0.0000	</row2>
			<row3>	0.0000 0.0000 0.0000 1.0000	</row3>
		</transform>
		<node>
			<identifier>	MidFront_ports	</identifier>
			<transform>
				<row0>	1.0000 0.0000 0.0000 0.0000	</row0>
				<row1>	0.0000 1.0000 0.0000 0.0000	</row1>
				<row2>	0.0000 0.0000 1.0000 0.0000	</row2>
				<row3>	0.0000 0.0000 0.0000 1.0000	</row3>
			</transform>
			<node>
				<identifier>	HP_FX_Death_2	</identifier>
				<transform>
					<row0>	1.0000 0.0000 0.0000 0.0000	</row0>
					<row1>	0.0000 1.0000 0.0000 0.0000	</row1>
					<row2>	0.0000 0.0000 1.0000 0.0000	</row2>
					<row3>	0.0000 0.0000 0.1882 1.0000	</row3>
				</transform>
			</node>
			<node>
				<identifier>	HP_FX_Fire_2	</identifier>
				<transform>
					<row0>	1.0000 0.0000 0.0000 0.0000	</row0>
					<row1>	0.0000 1.0000 0.0000 0.0000	</row1>
					<row2>	0.0000 0.0000 1.0000 0.0000	</row2>
					<row3>	-0.7730 0.5687 1.8673 1.0000	</row3>
				</transform>
			</node>
			<node>
				<identifier>	HP_FX_Fire_2_side_1	</identifier>
				<transform>
					<row0>	1.0000 0.0000 0.0000 0.0000	</row0>
					<row1>	0.0000 1.0000 0.0000 0.0000	</row1>
					<row2>	0.0000 0.0000 1.0000 0.0000	</row2>
					<row3>	-1.0248 0.6543 1.0669 1.0000	</row3>
				</transform>
			</node>
			<node>
				<identifier>	HP_FX_Fire_2_side_2	</identifier>
				<transform>
					<row0>	1.0000 0.0000 0.0000 0.0000	</row0>
					<row1>	0.0000 1.0000 0.0000 0.0000	</row1>
					<row2>	0.0000 0.0000 1.0000 0.0000	</row2>
					<row3>	0.8616 0.4848 3.0697 1.0000	</row3>
				</transform>
			</node>
			<node>
				<identifier>	HP_FX_Flood_steam_left	</identifier>
				<transform>
					<row0>	-1.0000 0.0000 0.0000 0.0000	</row0>
					<row1>	0.0000 1.0000 0.0000 0.0000	</row1>
					<row2>	0.0000 0.0000 -1.0000 0.0000	</row2>
					<row3>	-1.0255 0.2319 3.5462 1.0000	</row3>
				</transform>
			</node>
			<node>
				<identifier>	HP_FX_Flood_water_left_3	</identifier>
				<transform>
					<row0>	-1.0000 0.0000 0.0000 0.0000	</row0>
					<row1>	0.0000 1.0000 0.0000 0.0000	</row1>
					<row2>	0.0000 0.0000 -1.0000 0.0000	</row2>
					<row3>	-1.2022 0.0639 1.6632 1.0000	</row3>
				</transform>
			</node>
			<node>
				<identifier>	HP_FX_Flood_water_right_3	</identifier>
				<transform>
					<row0>	1.0000 0.0000 0.0000 0.0000	</row0>
					<row1>	0.0000 1.0000 0.0000 0.0000	</row1>
					<row2>	0.0000 0.0000 1.0000 0.0000	</row2>
					<row3>	1.2027 0.0646 1.6632 1.0000	</row3>
				</transform>
			</node>
			<node>
				<identifier>	HP_FX_RepairLight_left_1	</identifier>
				<transform>
					<row0>	0.0968 0.0000 0.9953 0.0000	</row0>
					<row1>	0.0007 1.0000 0.0000 0.0000	</row1>
					<row2>	-0.9953 0.0007 0.0968 0.0000	</row2>
					<row3>	-1.0929 0.4619 2.9331 1.0000	</row3>
				</transform>
			</node>
			<node>
				<identifier>	HP_FX_RepairLight_right_2	</identifier>
				<transform>
					<row0>	0.0430 0.0000 -0.9991 0.0000	</row0>
					<row1>	-0.0002 1.0000 0.0000 0.0000	</row1>
					<row2>	0.9991 0.0002 0.0430 0.0000	</row2>
					<row3>	1.2242 0.6310 1.2203 1.0000	</row3>
				</transform>
			</node>
			<node>
				<identifier>	HP_JGA_15	</identifier>
				<transform>
					<row0>	0.7071 0.0000 0.7071 0.0000	</row0>
					<row1>	0.0000 1.0000 0.0000 0.0000	</row1>
					<row2>	-0.7071 0.0000 0.7071 0.0000	</row2>
					<row3>	-0.6560 0.4690 4.2187 1.0000	</row3>
				</transform>
			</node>
			<node>
				<identifier>	HP_JGA_16	</identifier>
				<transform>
					<row0>	0.7071 0.0000 -0.7071 0.0000	</row0>
					<row1>	0.0000 1.0000 0.0000 0.0000	</row1>
					<row2>	0.7071 0.0000 0.7071 0.0000	</row2>
					<row3>	0.6560 0.4690 4.2187 1.0000	</row3>
				</transform>
			</node>
			<node>
				<identifier>	HP_JGA_17	</identifier>
				<transform>
					<row0>	0.7071 0.0000 -0.7071 0.0000	</row0>
					<row1>	0.0000 1.0000 0.0000 0.0000	</row1>
					<row2>	0.7071 0.0000 0.7071 0.0000	</row2>
					<row3>	0.7996 0.4600 3.5798 1.0000	</row3>
				</transform>
			</node>
			<node>
				<identifier>	HP_JGA_18	</identifier>
				<transform>
					<row0>	0.7071 0.0000 0.7071 0.0000	</row0>
					<row1>	0.0000 1.0000 0.0000 0.0000	</row1>
					<row2>	-0.7071 0.0000 0.7071 0.0000	</row2>
					<row3>	-0.7996 0.4600 3.5774 1.0000	</row3>
				</transform>
			</node>
			<node>
				<identifier>	HP_JGA_19	</identifier>
				<transform>
					<row0>	0.7071 0.0000 0.7071 0.0000	</row0>
					<row1>	0.0000 1.0000 0.0000 0.0000	</row1>
					<row2>	-0.7071 0.0000 0.7071 0.0000	</row2>
					<row3>	-0.8541 0.4559 3.0542 1.0000	</row3>
				</transform>
			</node>
			<node>
				<identifier>	HP_JGA_20	</identifier>
				<transform>
					<row0>	0.7071 0.0000 -0.7071 0.0000	</row0>
					<row1>	0.0000 1.0000 0.0000 0.0000	</row1>
					<row2>	0.7071 0.0000 0.7071 0.0000	</row2>
					<row3>	0.8541 0.4559 3.0542 1.0000	</row3>
				</transform>
			</node>
			<node>
				<identifier>	HP_JGA_21	</identifier>
				<transform>
					<row0>	0.0000 0.0000 1.0000 0.0000	</row0>
					<row1>	0.0000 1.0000 0.0000 0.0000	</row1>
					<row2>	-1.0000 0.0000 0.0000 0.0000	</row2>
					<row3>	-0.9883 0.6260 1.5742 1.0000	</row3>
				</transform>
			</node>
			<node>
				<identifier>	HP_JGA_22	</identifier>
				<transform>
					<row0>	0.0000 0.0000 -1.0000 0.0000	</row0>
					<row1>	0.0000 1.0000 0.0000 0.0000	</row1>
					<row2>	1.0000 0.0000 0.0000 0.0000	</row2>
					<row3>	0.9883 0.6260 1.5742 1.0000	</row3>
				</transform>
			</node>
			<node>
				<identifier>	HP_JGA_23	</identifier>
				<transform>
					<row0>	0.0000 0.0000 1.0000 0.0000	</row0>
					<row1>	0.0000 1.0000 0.0000 0.0000	</row1>
					<row2>	-1.0000 0.0000 0.0000 0.0000	</row2>
					<row3>	-1.0167 0.6227 1.0661 1.0000	</row3>
				</transform>
			</node>
			<node>
				<identifier>	HP_JGA_24	</identifier>
				<transform>
					<row0>	0.0000 0.0000 -1.0000 0.0000	</row0>
					<row1>	0.0000 1.0000 0.0000 0.0000	</row1>
					<row2>	1.0000 0.0000 0.0000 0.0000	</row2>
					<row3>	1.0167 0.6227 1.0661 1.0000	</row3>
				</transform>
			</node>
			<node>
				<identifier>	HP_JGA_26	</identifier>
				<transform>
					<row0>	0.0000 0.0000 -1.0000 0.0000	</row0>
					<row1>	0.0000 1.0000 0.0000 0.0000	</row1>
					<row2>	1.0000 0.0000 0.0000 0.0000	</row2>
					<row3>	1.0333 0.6147 0.3994 1.0000	</row3>
				</transform>
			</node>
			<node>
				<identifier>	HP_JGM_1	</identifier>
				<transform>
					<row0>	1.0000 0.0000 0.0000 0.0000	</row0>
					<row1>	0.0000 1.0000 0.0000 0.0000	</row1>
					<row2>	0.0000 0.0000 1.0000 0.0000	</row2>
					<row3>	0.0000 0.6609 3.9856 1.0000	</row3>
				</transform>
			</node>
			<node>
				<identifier>	HP_JGM_2	</identifier>
				<transform>
					<row0>	1.0000 0.0000 0.0000 0.0000	</row0>
					<row1>	0.0000 1.0000 0.0000 0.0000	</row1>
					<row2>	0.0000 0.0000 1.0000 0.0000	</row2>
					<row3>	0.0000 0.9308 2.6219 1.0000	</row3>
				</transform>
			</node>
			<node>
				<identifier>	HP_JGM_3	</identifier>
				<transform>
					<row0>	-1.0000 0.0000 0.0000 0.0000	</row0>
					<row1>	0.0000 1.0000 0.0000 0.0000	</row1>
					<row2>	0.0000 0.0000 -1.0000 0.0000	</row2>
					<row3>	0.0000 0.6783 1.3434 1.0000	</row3>
				</transform>
			</node>
			<node>
				<identifier>	MP_CM004_Barbette_Out	</identifier>
				<transform>
					<row0>	5.0000 0.0000 0.0000 0.0000	</row0>
					<row1>	0.0000 3.2000 0.0000 0.0000	</row1>
					<row2>	0.0000 0.0000 5.0000 0.0000	</row2>
					<row3>	0.0000 0.6542 3.9856 1.0000	</row3>
				</transform>
			</node>
			<node>
				<identifier>	MP_CM004_Barbette_Out_INDEX_1	</identifier>
				<transform>
					<row0>	5.0000 0.0000 0.0000 0.0000	</row0>
					<row1>	0.0000 0.8000 0.0000 0.0000	</row1>
					<row2>	0.0000 0.0000 5.0000 0.0000	</row2>
					<row3>	0.0000 0.6716 1.3435 1.0000	</row3>
				</transform>
			</node>
			<node>
				<identifier>	MP_CM004_Barbette_Out_INDEX_2	</identifier>
				<transform>
					<row0>	5.0000 0.0000 0.0000 0.0000	</row0>
					<row1>	0.0000 5.0000 0.0000 0.0000	</row1>
					<row2>	0.0000 0.0000 5.0000 0.0000	</row2>
					<row3>	0.0000 0.9242 2.6220 1.0000	</row3>
				</transform>
			</node>
			<node>
				<identifier>	MP_CM008_Life_Buoy_1	</identifier>
				<transform>
					<row0>	0.0734 0.0000 -0.9973 0.0000	</row0>
					<row1>	0.0000 1.0000 0.0000 0.0000	</row1>
					<row2>	0.9973 0.0000 0.0734 0.0000	</row2>
					<row3>	1.2064 0.6743 1.7360 1.0000	</row3>
				</transform>
			</node>
			<node>
				<identifier>	MP_CM008_Life_Buoy_1_INDEX_1	</identifier>
				<transform>
					<row0>	0.1139 0.0000 0.9935 0.0000	</row0>
					<row1>	0.0000 1.0000 0.0000 0.0000	</row1>
					<row2>	-0.9935 0.0000 0.1139 0.0000	</row2>
					<row3>	-0.9780 0.5181 4.1252 1.0000	</row3>
				</transform>
			</node>
			<node>
				<identifier>	MP_CM008_Life_Buoy_1_INDEX_2	</identifier>
				<transform>
					<row0>	0.0734 0.0000 0.9973 0.0000	</row0>
					<row1>	0.0000 1.0000 0.0000 0.0000	</row1>
					<row2>	-0.9973 0.0000 0.0734 0.0000	</row2>
					<row3>	-1.2064 0.6743 1.7360 1.0000	</row3>
				</transform>
			</node>
			<node>
				<identifier>	MP_CM008_Life_Buoy_1_INDEX_3	</identifier>
				<transform>
					<row0>	0.1139 0.0000 -0.9935 0.0000	</row0>
					<row1>	0.0000 1.0000 0.0000 0.0000	</row1>
					<row2>	0.9935 0.0000 0.1139 0.0000	</row2>
					<row3>	0.9780 0.5181 4.1252 1.0000	</row3>
				</transform>
			</node>
			<node>
				<identifier>	MP_CM010_Fire_Hose_Reel	</identifier>
				<transform>
					<row0>	-0.6830 0.0000 -0.7304 0.0000	</row0>
					<row1>	0.0000 1.0000 0.0000 0.0000	</row1>
					<row2>	0.7304 0.0000 -0.6830 0.0000	</row2>
					<row3>	1.0392 0.5637 2.0502 1.0000	</row3>
				</transform>
			</node>
			<node>
				<identifier>	MP_CM010_Fire_Hose_Reel_INDEX_1	</identifier>
				<transform>
					<row0>	0.6830 0.0000 -0.7304 0.0000	</row0>
					<row1>	0.0000 1.0000 0.0000 0.0000	</row1>
					<row2>	0.7304 0.0000 0.6830 0.0000	</row2>
					<row3>	-1.0391 0.5637 2.0502 1.0000	</row3>
				</transform>
			</node>
			<node>
				<identifier>	MP_CM011_Fire_Fighting_Gear	</identifier>
				<transform>
					<row0>	-0.7269 0.0000 0.6868 0.0000	</row0>
					<row1>	0.0000 1.0000 0.0000 0.0000	</row1>
					<row2>	-0.6868 0.0000 -0.7269 0.0000	</row2>
					<row3>	1.0484 0.4501 2.0584 1.0000	</row3>
				</transform>
			</node>
			<node>
				<identifier>	MP_CM011_Fire_Fighting_Gear_INDEX_1	</identifier>
				<transform>
					<row0>	-0.7269 0.0000 -0.6868 0.0000	</row0>
					<row1>	0.0000 1.0000 0.0000 0.0000	</row1>
					<row2>	0.6868 0.0000 -0.7269 0.0000	</row2>
					<row3>	-1.0484 0.4501 2.0584 1.0000	</row3>
				</transform>
			</node>
			<node>
				<identifier>	MP_CM012_Fire_Hose_Rack_1	</identifier>
				<transform>
					<row0>	0.6859 0.0000 -0.7277 0.0000	</row0>
					<row1>	0.0000 1.0000 0.0000 0.0000	</row1>
					<row2>	0.7277 0.0000 0.6859 0.0000	</row2>
					<row3>	-1.0166 0.4980 2.0717 1.0000	</row3>
				</transform>
			</node>
			<node>
				<identifier>	MP_CM012_Fire_Hose_Rack_1_INDEX_1	</identifier>
				<transform>
					<row0>	-0.6858 0.0000 -0.7278 0.0000	</row0>
					<row1>	0.0000 1.0000 0.0000 0.0000	</row1>
					<row2>	0.7278 0.0000 -0.6858 0.0000	</row2>
					<row3>	1.0166 0.4980 2.0717 1.0000	</row3>
				</transform>
			</node>
			<node>
				<identifier>	MP_CM014_Fuel_Oil_Hose	</identifier>
				<transform>
					<row0>	-0.6854 0.0000 -0.7281 0.0000	</row0>
					<row1>	0.0000 1.0000 0.0000 0.0000	</row1>
					<row2>	0.7281 0.0000 -0.6854 0.0000	</row2>
					<row3>	0.9431 0.6045 2.1518 1.0000	</row3>
				</transform>
			</node>
			<node>
				<identifier>	MP_CM014_Fuel_Oil_Hose_INDEX_1	</identifier>
				<transform>
					<row0>	0.6854 0.0000 -0.7281 0.0000	</row0>
					<row1>	0.0000 1.0000 0.0000 0.0000	</row1>
					<row2>	0.7281 0.0000 0.6854 0.0000	</row2>
					<row3>	-0.9431 0.6045 2.1518 1.0000	</row3>
				</transform>
			</node>
			<node>
				<identifier>	MP_CM019_Wood_Box_2	</identifier>
				<transform>
					<row0>	0.0000 0.0000 -1.0000 0.0000	</row0>
					<row1>	0.0000 1.0000 0.0000 0.0000	</row1>
					<row2>	1.0000 0.0000 0.0000 0.0000	</row2>
					<row3>	0.0000 0.4847 4.4841 1.0000	</row3>
				</transform>
			</node>
			<node>
				<identifier>	MP_CM019_Wood_Box_2_INDEX_1	</identifier>
				<transform>
					<row0>	0.0000 0.0000 -1.0000 0.0000	</row0>
					<row1>	0.0000 1.0000 0.0000 0.0000	</row1>
					<row2>	1.0000 0.0000 0.0000 0.0000	</row2>
					<row3>	0.0000 0.4739 4.4727 1.0000	</row3>
				</transform>
			</node>
			<node>
				<identifier>	MP_CM019_Wood_Box_2_INDEX_2	</identifier>
				<transform>
					<row0>	0.0000 0.0000 -1.0000 0.0000	</row0>
					<row1>	0.0000 1.0000 0.0000 0.0000	</row1>
					<row2>	1.0000 0.0000 0.0000 0.0000	</row2>
					<row3>	0.0000 0.4739 4.4976 1.0000	</row3>
				</transform>
			</node>
			<node>
				<identifier>	MP_CM030_Swab_Rack_2	</identifier>
				<transform>
					<row0>	0.7280 0.0000 -0.6856 0.0000	</row0>
					<row1>	0.0000 1.0000 0.0000 0.0000	</row1>
					<row2>	0.6856 0.0000 0.7280 0.0000	</row2>
					<row3>	0.8627 0.4504 2.2167 1.0000	</row3>
				</transform>
			</node>
			<node>
				<identifier>	MP_CM030_Swab_Rack_2_INDEX_1	</identifier>
				<transform>
					<row0>	0.7280 0.0000 0.6856 0.0000	</row0>
					<row1>	0.0000 1.0000 0.0000 0.0000	</row1>
					<row2>	-0.6856 0.0000 0.7280 0.0000	</row2>
					<row3>	-0.8627 0.4504 2.2167 1.0000	</row3>
				</transform>
			</node>
			<node>
				<identifier>	MP_CM059_Ladder_Cruiser	</identifier>
				<transform>
					<row0>	0.9918 0.0020 0.1281 0.0000	</row0>
					<row1>	0.0000 0.9999 -0.0153 0.0000	</row1>
					<row2>	-0.1281 0.0152 0.9916 0.0000	</row2>
					<row3>	0.8174 0.4739 4.5597 1.0000	</row3>
				</transform>
			</node>
			<node>
				<identifier>	MP_CM059_Ladder_Cruiser_INDEX_1	</identifier>
				<transform>
					<row0>	0.9918 -0.0020 -0.1281 0.0000	</row0>
					<row1>	0.0000 0.9999 -0.0153 0.0000	</row1>
					<row2>	0.1281 0.0152 0.9916 0.0000	</row2>
					<row3>	-0.8173 0.4739 4.5597 1.0000	</row3>
				</transform>
			</node>
			<node>
				<identifier>	MP_CM062_Emergency_Box	</identifier>
				<transform>
					<row0>	-0.7309 0.0000 -0.6825 0.0000	</row0>
					<row1>	0.0000 1.0000 0.0000 0.0000	</row1>
					<row2>	0.6825 0.0000 -0.7309 0.0000	</row2>
					<row3>	-0.9981 0.5402 2.0980 1.0000	</row3>
				</transform>
			</node>
			<node>
				<identifier>	MP_CM062_Emergency_Box_INDEX_1	</identifier>
				<transform>
					<row0>	-0.7309 0.0000 0.6825 0.0000	</row0>
					<row1>	0.0000 1.0000 0.0000 0.0000	</row1>
					<row2>	-0.6825 0.0000 -0.7309 0.0000	</row2>
					<row3>	0.9981 0.5402 2.0980 1.0000	</row3>
				</transform>
			</node>
			<node>
				<identifier>	MP_JM002_Paravane	</identifier>
				<transform>
					<row0>	0.7269 0.0000 0.6868 0.0000	</row0>
					<row1>	-0.6868 0.0000 0.7269 0.0000	</row1>
					<row2>	0.0000 -1.0000 0.0000 0.0000	</row2>
					<row3>	-0.5513 0.5398 2.5093 1.0000	</row3>
				</transform>
			</node>
			<node>
				<identifier>	MP_JM002_Paravane_INDEX_1	</identifier>
				<transform>
					<row0>	-0.7263 0.0000 0.6874 0.0000	</row0>
					<row1>	0.6874 0.0000 0.7263 0.0000	</row1>
					<row2>	0.0000 1.0000 0.0000 0.0000	</row2>
					<row3>	0.5513 0.5398 2.5093 1.0000	</row3>
				</transform>
			</node>
			<node>
				<identifier>	MP_JM013_Reels_1	</identifier>
				<transform>
					<row0>	0.7988 0.0000 0.6016 0.0000	</row0>
					<row1>	0.0000 1.0000 0.0000 0.0000	</row1>
					<row2>	-0.6016 0.0000 0.7988 0.0000	</row2>
					<row3>	0.4140 0.4680 4.3036 1.0000	</row3>
				</transform>
			</node>
			<node>
				<identifier>	MP_JM013_Reels_1_INDEX_1	</identifier>
				<transform>
					<row0>	0.7988 0.0000 0.6016 0.0000	</row0>
					<row1>	0.0000 1.0000 0.0000 0.0000	</row1>
					<row2>	-0.6016 0.0000 0.7988 0.0000	</row2>
					<row3>	0.4140 0.4551 2.9436 1.0000	</row3>
				</transform>
			</node>
			<node>
				<identifier>	MP_JM027_Fairlead_2	</identifier>
				<transform>
					<row0>	0.7430 0.0005 0.1022 0.0000	</row0>
					<row1>	0.0006 0.7500 -0.0077 0.0000	</row1>
					<row2>	-0.1022 0.0077 0.7430 0.0000	</row2>
					<row3>	0.9319 0.4802 4.5015 1.0000	</row3>
				</transform>
			</node>
			<node>
				<identifier>	MP_JM027_Fairlead_2_INDEX_1	</identifier>
				<transform>
					<row0>	0.7483 0.0000 -0.0499 0.0000	</row0>
					<row1>	-0.0003 0.7500 -0.0042 0.0000	</row1>
					<row2>	0.0499 0.0042 0.7483 0.0000	</row2>
					<row3>	-1.2226 0.6288 1.5315 1.0000	</row3>
				</transform>
			</node>
			<node>
				<identifier>	MP_JM027_Fairlead_2_INDEX_2	</identifier>
				<transform>
					<row0>	0.7464 0.0000 0.0729 0.0000	</row0>
					<row1>	0.0004 0.7500 -0.0042 0.0000	</row1>
					<row2>	-0.0729 0.0042 0.7464 0.0000	</row2>
					<row3>	1.1221 0.4610 2.8082 1.0000	</row3>
				</transform>
			</node>
			<node>
				<identifier>	MP_JM027_Fairlead_2_INDEX_3	</identifier>
				<transform>
					<row0>	0.7430 -0.0005 -0.1022 0.0000	</row0>
					<row1>	-0.0006 0.7500 -0.0077 0.0000	</row1>
					<row2>	0.1022 0.0077 0.7430 0.0000	</row2>
					<row3>	-0.9319 0.4802 4.5015 1.0000	</row3>
				</transform>
			</node>
			<node>
				<identifier>	MP_JM027_Fairlead_2_INDEX_4	</identifier>
				<transform>
					<row0>	0.7464 0.0000 -0.0729 0.0000	</row0>
					<row1>	-0.0004 0.7500 -0.0042 0.0000	</row1>
					<row2>	0.0729 0.0042 0.7464 0.0000	</row2>
					<row3>	-1.1221 0.4610 2.8082 1.0000	</row3>
				</transform>
			</node>
			<node>
				<identifier>	MP_JM027_Fairlead_2_INDEX_5	</identifier>
				<transform>
					<row0>	0.7483 0.0000 0.0499 0.0000	</row0>
					<row1>	0.0003 0.7500 -0.0042 0.0000	</row1>
					<row2>	-0.0499 0.0042 0.7483 0.0000	</row2>
					<row3>	1.2226 0.6288 1.5315 1.0000	</row3>
				</transform>
			</node>
			<node>
				<identifier>	MP_JM032_Electric_Deck_Winch	</identifier>
				<transform>
					<row0>	0.0000 0.0000 -1.0000 0.0000	</row0>
					<row1>	0.0000 1.0000 0.0000 0.0000	</row1>
					<row2>	1.0000 0.0000 0.0000 0.0000	</row2>
					<row3>	0.5402 0.4596 3.7245 1.0000	</row3>
				</transform>
			</node>
			<node>
				<identifier>	MP_JM059_Deck_Hatch_8	</identifier>
				<transform>
					<row0>	0.1430 -0.0058 -0.9897 0.0000	</row0>
					<row1>	0.0008 1.0000 -0.0057 0.0000	</row1>
					<row2>	0.9897 0.0000 0.1430 0.0000	</row2>
					<row3>	0.4575 0.4545 2.7272 1.0000	</row3>
				</transform>
			</node>
			<node>
				<identifier>	MP_JM059_Deck_Hatch_8_INDEX_1	</identifier>
				<transform>
					<row0>	0.2058 0.0000 -0.9786 0.0000	</row0>
					<row1>	0.0000 1.0000 0.0000 0.0000	</row1>
					<row2>	0.9786 0.0000 0.2058 0.0000	</row2>
					<row3>	-0.4614 0.6205 1.2340 1.0000	</row3>
				</transform>
			</node>
			<node>
				<identifier>	MP_JM059_Deck_Hatch_8_INDEX_10	</identifier>
				<transform>
					<row0>	0.5169 0.0000 -0.8560 0.0000	</row0>
					<row1>	0.0000 1.0000 0.0000 0.0000	</row1>
					<row2>	0.8560 0.0000 0.5169 0.0000	</row2>
					<row3>	-0.4021 0.6199 1.0883 1.0000	</row3>
				</transform>
			</node>
			<node>
				<identifier>	MP_JM059_Deck_Hatch_8_INDEX_11	</identifier>
				<transform>
					<row0>	0.7071 0.0000 0.7071 0.0000	</row0>
					<row1>	0.0000 1.0000 0.0000 0.0000	</row1>
					<row2>	-0.7071 0.0000 0.7071 0.0000	</row2>
					<row3>	-0.8654 0.6220 1.4504 1.0000	</row3>
				</transform>
			</node>
			<node>
				<identifier>	MP_JM059_Deck_Hatch_8_INDEX_12	</identifier>
				<transform>
					<row0>	0.7071 0.0000 -0.7071 0.0000	</row0>
					<row1>	0.0000 1.0000 0.0000 0.0000	</row1>
					<row2>	0.7071 0.0000 0.7071 0.0000	</row2>
					<row3>	0.8654 0.6220 1.4504 1.0000	</row3>
				</transform>
			</node>
			<node>
				<identifier>	MP_JM059_Deck_Hatch_8_INDEX_2	</identifier>
				<transform>
					<row0>	0.1430 0.0058 0.9897 0.0000	</row0>
					<row1>	-0.0008 1.0000 -0.0057 0.0000	</row1>
					<row2>	-0.9897 0.0000 0.1430 0.0000	</row2>
					<row3>	-0.4575 0.4545 2.7272 1.0000	</row3>
				</transform>
			</node>
			<node>
				<identifier>	MP_JM059_Deck_Hatch_8_INDEX_3	</identifier>
				<transform>
					<row0>	0.3830 0.0000 -0.9238 0.0000	</row0>
					<row1>	0.0000 1.0000 0.0000 0.0000	</row1>
					<row2>	0.9238 0.0000 0.3830 0.0000	</row2>
					<row3>	-0.4382 0.6203 1.1587 1.0000	</row3>
				</transform>
			</node>
			<node>
				<identifier>	MP_JM059_Deck_Hatch_8_INDEX_4	</identifier>
				<transform>
					<row0>	0.3830 0.0000 0.9238 0.0000	</row0>
					<row1>	0.0000 1.0000 0.0000 0.0000	</row1>
					<row2>	-0.9238 0.0000 0.3830 0.0000	</row2>
					<row3>	0.4382 0.6203 1.1587 1.0000	</row3>
				</transform>
			</node>
			<node>
				<identifier>	MP_JM059_Deck_Hatch_8_INDEX_5	</identifier>
				<transform>
					<row0>	0.2058 0.0000 0.9786 0.0000	</row0>
					<row1>	0.0000 1.0000 0.0000 0.0000	</row1>
					<row2>	-0.9786 0.0000 0.2058 0.0000	</row2>
					<row3>	0.4614 0.6205 1.2340 1.0000	</row3>
				</transform>
			</node>
			<node>
				<identifier>	MP_JM059_Deck_Hatch_8_INDEX_6	</identifier>
				<transform>
					<row0>	0.7071 0.0000 0.7071 0.0000	</row0>
					<row1>	0.0000 1.0000 0.0000 0.0000	</row1>
					<row2>	-0.7071 0.0000 0.7071 0.0000	</row2>
					<row3>	0.8654 0.6232 1.7002 1.0000	</row3>
				</transform>
			</node>
			<node>
				<identifier>	MP_JM059_Deck_Hatch_8_INDEX_7	</identifier>
				<transform>
					<row0>	0.0000 0.0120 0.9999 0.0000	</row0>
					<row1>	0.0000 0.9999 -0.0120 0.0000	</row1>
					<row2>	-1.0000 0.0000 0.0000 0.0000	</row2>
					<row3>	-0.6888 0.4777 4.7223 1.0000	</row3>
				</transform>
			</node>
			<node>
				<identifier>	MP_JM059_Deck_Hatch_8_INDEX_8	</identifier>
				<transform>
					<row0>	0.7071 0.0000 -0.7071 0.0000	</row0>
					<row1>	0.0000 1.0000 0.0000 0.0000	</row1>
					<row2>	0.7071 0.0000 0.7071 0.0000	</row2>
					<row3>	-0.8654 0.6232 1.7002 1.0000	</row3>
				</transform>
			</node>
			<node>
				<identifier>	MP_JM059_Deck_Hatch_8_INDEX_9	</identifier>
				<transform>
					<row0>	0.5169 0.0000 0.8560 0.0000	</row0>
					<row1>	0.0000 1.0000 0.0000 0.0000	</row1>
					<row2>	-0.8560 0.0000 0.5169 0.0000	</row2>
					<row3>	0.4021 0.6199 1.0883 1.0000	</row3>
				</transform>
			</node>
			<node>
				<identifier>	MP_JM064_Bollards_2	</identifier>
				<transform>
					<row0>	0.0740 0.0000 0.9973 0.0000	</row0>
					<row1>	0.0000 1.0000 0.0000 0.0000	</row1>
					<row2>	-0.9973 0.0000 0.0740 0.0000	</row2>
					<row3>	-1.1076 0.4507 2.1610 1.0000	</row3>
				</transform>
			</node>
			<node>
				<identifier>	MP_JM064_Bollards_2_INDEX_1	</identifier>
				<transform>
					<row0>	0.1173 0.0000 -0.9931 0.0000	</row0>
					<row1>	0.0000 1.0000 0.0000 0.0000	</row1>
					<row2>	0.9931 0.0000 0.1173 0.0000	</row2>
					<row3>	0.9296 0.4659 3.9831 1.0000	</row3>
				</transform>
			</node>
			<node>
				<identifier>	MP_JM064_Bollards_2_INDEX_2	</identifier>
				<transform>
					<row0>	0.0740 0.0000 -0.9973 0.0000	</row0>
					<row1>	0.0000 1.0000 0.0000 0.0000	</row1>
					<row2>	0.9973 0.0000 0.0740 0.0000	</row2>
					<row3>	1.1076 0.4507 2.1610 1.0000	</row3>
				</transform>
			</node>
			<node>
				<identifier>	MP_JM064_Bollards_2_INDEX_3	</identifier>
				<transform>
					<row0>	-0.0175 0.0000 0.9998 0.0000	</row0>
					<row1>	0.0000 1.0000 0.0000 0.0000	</row1>
					<row2>	-0.9998 0.0000 -0.0175 0.0000	</row2>
					<row3>	1.1867 0.6180 0.7811 1.0000	</row3>
				</transform>
			</node>
			<node>
				<identifier>	MP_JM064_Bollards_2_INDEX_4	</identifier>
				<transform>
					<row0>	-0.0175 0.0000 -0.9998 0.0000	</row0>
					<row1>	0.0000 1.0000 0.0000 0.0000	</row1>
					<row2>	0.9998 0.0000 -0.0175 0.0000	</row2>
					<row3>	-1.1867 0.6180 0.7811 1.0000	</row3>
				</transform>
			</node>
			<node>
				<identifier>	MP_JM064_Bollards_2_INDEX_5	</identifier>
				<transform>
					<row0>	0.1173 0.0000 0.9931 0.0000	</row0>
					<row1>	0.0000 1.0000 0.0000 0.0000	</row1>
					<row2>	-0.9931 0.0000 0.1173 0.0000	</row2>
					<row3>	-0.9296 0.4659 3.9831 1.0000	</row3>
				</transform>
			</node>
			<node>
				<identifier>	MP_JM081_Gun_Deck_1	</identifier>
				<transform>
					<row0>	0.0000 -0.0062 -1.0296 0.0000	</row0>
					<row1>	0.0000 1.0296 -0.0062 0.0000	</row1>
					<row2>	1.0296 0.0000 0.0000 0.0000	</row2>
					<row3>	-0.9230 0.4560 3.0554 1.0000	</row3>
				</transform>
			</node>
			<node>
				<identifier>	MP_JM081_Gun_Deck_1_INDEX_1	</identifier>
				<transform>
					<row0>	0.0000 0.0062 1.0296 0.0000	</row0>
					<row1>	0.0000 1.0296 -0.0062 0.0000	</row1>
					<row2>	-1.0296 0.0000 0.0000 0.0000	</row2>
					<row3>	0.9230 0.4560 3.0554 1.0000	</row3>
				</transform>
			</node>
			<node>
				<identifier>	MP_JM110_Deck_Hatch_12	</identifier>
				<transform>
					<row0>	0.0000 0.0073 1.0000 0.0000	</row0>
					<row1>	0.0000 1.0000 -0.0073 0.0000	</row1>
					<row2>	-1.0000 0.0000 0.0000 0.0000	</row2>
					<row3>	0.0000 0.6180 0.6778 1.0000	</row3>
				</transform>
			</node>
			<node>
				<identifier>	MP_JM111_Deck_Hatch_13	</identifier>
				<transform>
					<row0>	1.0000 0.0000 0.0000 0.0000	</row0>
					<row1>	0.0000 1.0000 -0.0049 0.0000	</row1>
					<row2>	0.0000 0.0049 1.0000 0.0000	</row2>
					<row3>	0.4963 0.6240 1.9550 1.0000	</row3>
				</transform>
			</node>
			<node>
				<identifier>	MP_JM111_Deck_Hatch_13_INDEX_1	</identifier>
				<transform>
					<row0>	1.0000 0.0000 0.0000 0.0000	</row0>
					<row1>	0.0000 1.0000 -0.0049 0.0000	</row1>
					<row2>	0.0000 0.0049 1.0000 0.0000	</row2>
					<row3>	0.3380 0.4583 3.3345 1.0000	</row3>
				</transform>
			</node>
			<node>
				<identifier>	MP_JM111_Deck_Hatch_13_INDEX_2	</identifier>
				<transform>
					<row0>	1.0000 0.0000 0.0000 0.0000	</row0>
					<row1>	0.0000 1.0000 -0.0049 0.0000	</row1>
					<row2>	0.0000 0.0049 1.0000 0.0000	</row2>
					<row3>	-0.4963 0.6240 1.9550 1.0000	</row3>
				</transform>
			</node>
			<node>
				<identifier>	MP_JM111_Deck_Hatch_13_INDEX_3	</identifier>
				<transform>
					<row0>	1.0000 0.0000 0.0000 0.0000	</row0>
					<row1>	0.0000 1.0000 -0.0049 0.0000	</row1>
					<row2>	0.0000 0.0049 1.0000 0.0000	</row2>
					<row3>	-0.3380 0.4583 3.3345 1.0000	</row3>
				</transform>
			</node>
			<node>
				<identifier>	MP_JM147_Gun_Deck_4	</identifier>
				<transform>
					<row0>	0.0000 -0.0053 -1.0000 0.0000	</row0>
					<row1>	0.0000 1.0000 -0.0053 0.0000	</row1>
					<row2>	1.0000 0.0000 0.0000 0.0000	</row2>
					<row3>	1.0388 0.6232 1.5735 1.0000	</row3>
				</transform>
			</node>
			<node>
				<identifier>	MP_JM147_Gun_Deck_4_INDEX_1	</identifier>
				<transform>
					<row0>	0.0000 0.0053 1.0000 0.0000	</row0>
					<row1>	0.0000 1.0000 -0.0053 0.0000	</row1>
					<row2>	-1.0000 0.0000 0.0000 0.0000	</row2>
					<row3>	-1.0388 0.6232 1.5735 1.0000	</row3>
				</transform>
			</node>
			<node>
				<identifier>	MP_JM170_CraneL	</identifier>
				<transform>
					<row0>	-0.7649 0.0000 -0.6442 0.0000	</row0>
					<row1>	0.0000 1.0000 0.0000 0.0000	</row1>
					<row2>	0.6442 0.0000 -0.7649 0.0000	</row2>
					<row3>	0.6595 0.5726 2.4071 1.0000	</row3>
				</transform>
			</node>
			<node>
				<identifier>	MP_JM171_CraneR	</identifier>
				<transform>
					<row0>	-0.7649 0.0000 0.6442 0.0000	</row0>
					<row1>	0.0000 1.0000 0.0000 0.0000	</row1>
					<row2>	-0.6442 0.0000 -0.7649 0.0000	</row2>
					<row3>	-0.6594 0.5726 2.4071 1.0000	</row3>
				</transform>
			</node>
			<node>
				<identifier>	MP_JM202_Fender	</identifier>
				<transform>
					<row0>	-0.7071 0.0000 0.7071 0.0000	</row0>
					<row1>	0.0000 1.0000 0.0000 0.0000	</row1>
					<row2>	-0.7071 0.0000 -0.7071 0.0000	</row2>
					<row3>	-1.1402 0.4500 1.9873 1.0000	</row3>
				</transform>
			</node>
			<node>
				<identifier>	MP_JM202_Fender_INDEX_1	</identifier>
				<transform>
					<row0>	-0.7071 0.0000 0.7071 0.0000	</row0>
					<row1>	0.0000 1.0000 0.0000 0.0000	</row1>
					<row2>	-0.7071 0.0000 -0.7071 0.0000	</row2>
					<row3>	-1.0942 0.4503 2.0309 1.0000	</row3>
				</transform>
			</node>
			<node>
				<identifier>	MP_JM202_Fender_INDEX_2	</identifier>
				<transform>
					<row0>	0.6880 0.0000 0.7257 0.0000	</row0>
					<row1>	0.0000 1.0000 0.0000 0.0000	</row1>
					<row2>	-0.7257 0.0000 0.6880 0.0000	</row2>
					<row3>	1.0942 0.4503 2.0309 1.0000	</row3>
				</transform>
			</node>
			<node>
				<identifier>	MP_JM202_Fender_INDEX_3	</identifier>
				<transform>
					<row0>	0.6880 0.0000 0.7257 0.0000	</row0>
					<row1>	0.0000 1.0000 0.0000 0.0000	</row1>
					<row2>	-0.7257 0.0000 0.6880 0.0000	</row2>
					<row3>	1.1402 0.4500 1.9873 1.0000	</row3>
				</transform>
			</node>
			<node>
				<identifier>	SP_YMS011_YHWL_M_1_INDEX_3	</identifier>
				<transform>
					<row0>	1.2339 0.2611 -0.2298 0.0000	</row0>
					<row1>	-0.2567 1.2551 0.0478 0.0000	</row1>
					<row2>	0.2348 0.0000 1.2603 0.0000	</row2>
					<row3>	-0.8530 -0.0025 4.0871 1.0000	</row3>
				</transform>
			</node>
			<node>
				<identifier>	SP_YMS011_YHWL_M_1_INDEX_4	</identifier>
				<transform>
					<row0>	1.2413 0.2606 -0.1862 0.0000	</row0>
					<row1>	-0.2587 1.2552 0.0324 0.0000	</row1>
					<row2>	0.1889 0.0062 1.2680 0.0000	</row2>
					<row3>	-1.0357 -0.0049 3.0107 1.0000	</row3>
				</transform>
			</node>
			<node>
				<identifier>	SP_YMS011_YHWL_M_1_INDEX_5	</identifier>
				<transform>
					<row0>	1.2472 0.2718 -0.1194 0.0000	</row0>
					<row1>	-0.2713 1.2528 0.0183 0.0000	</row1>
					<row2>	0.1206 0.0074 1.2763 0.0000	</row2>
					<row3>	-1.1699 -0.0118 1.9301 1.0000	</row3>
				</transform>
			</node>
			<node>
				<identifier>	SP_YMS011_YHWL_M_1_INDEX_6	</identifier>
				<transform>
					<row0>	1.2547 0.2603 -0.0385 0.0000	</row0>
					<row1>	-0.2605 1.2553 -0.0007 0.0000	</row1>
					<row2>	0.0375 0.0085 1.2814 0.0000	</row2>
					<row3>	-1.2341 -0.0175 0.8440 1.0000	</row3>
				</transform>
			</node>
			<node>
				<identifier>	SP_YMS012_YHWR_M_1_INDEX_3	</identifier>
				<transform>
					<row0>	1.2339 -0.2611 0.2298 0.0000	</row0>
					<row1>	0.2567 1.2551 0.0478 0.0000	</row1>
					<row2>	-0.2348 0.0000 1.2603 0.0000	</row2>
					<row3>	0.8530 -0.0025 4.0871 1.0000	</row3>
				</transform>
			</node>
			<node>
				<identifier>	SP_YMS012_YHWR_M_1_INDEX_4	</identifier>
				<transform>
					<row0>	1.2413 -0.2606 0.1862 0.0000	</row0>
					<row1>	0.2587 1.2552 0.0324 0.0000	</row1>
					<row2>	-0.1889 0.0062 1.2680 0.0000	</row2>
					<row3>	1.0357 -0.0049 3.0107 1.0000	</row3>
				</transform>
			</node>
			<node>
				<identifier>	SP_YMS012_YHWR_M_1_INDEX_5	</identifier>
				<transform>
					<row0>	1.2472 -0.2718 0.1194 0.0000	</row0>
					<row1>	0.2713 1.2528 0.0183 0.0000	</row1>
					<row2>	-0.1206 0.0074 1.2763 0.0000	</row2>
					<row3>	1.1699 -0.0118 1.9301 1.0000	</row3>
				</transform>
			</node>
			<node>
				<identifier>	SP_YMS012_YHWR_M_1_INDEX_6	</identifier>
				<transform>
					<row0>	1.2547 -0.2603 0.0385 0.0000	</row0>
					<row1>	0.2605 1.2553 -0.0007 0.0000	</row1>
					<row2>	-0.0375 0.0085 1.2814 0.0000	</row2>
					<row3>	1.2341 -0.0175 0.8440 1.0000	</row3>
				</transform>
			</node>
			<node>
				<identifier>	SP_YMS021_YHUC_S_1	</identifier>
				<transform>
					<row0>	-0.2122 1.7938 0.0064 0.0000	</row0>
					<row1>	-1.7744 -0.2108 0.2645 0.0000	</row1>
					<row2>	0.2634 0.0248 1.7869 0.0000	</row2>
					<row3>	-1.1218 -0.3896 2.1447 1.0000	</row3>
				</transform>
			</node>
			<node>
				<identifier>	SP_YMS021_YHUC_S_1_INDEX_1	</identifier>
				<transform>
					<row0>	-0.2122 -1.7938 -0.0064 0.0000	</row0>
					<row1>	1.7744 -0.2108 0.2645 0.0000	</row1>
					<row2>	-0.2634 0.0248 1.7869 0.0000	</row2>
					<row3>	1.1218 -0.3896 2.1447 1.0000	</row3>
				</transform>
			</node>
			<node>
				<identifier>	SP_YMS021_YHUC_S_1_INDEX_2	</identifier>
				<transform>
					<row0>	-0.2279 1.7919 -0.0024 0.0000	</row0>
					<row1>	-1.7895 -0.2275 0.0941 0.0000	</row1>
					<row2>	0.0931 0.0143 1.8039 0.0000	</row2>
					<row3>	-1.2435 -0.3911 0.9135 1.0000	</row3>
				</transform>
			</node>
			<node>
				<identifier>	SP_YMS021_YHUC_S_1_INDEX_3	</identifier>
				<transform>
					<row0>	-0.2279 -1.7919 0.0024 0.0000	</row0>
					<row1>	1.7895 -0.2275 0.0941 0.0000	</row1>
					<row2>	-0.0931 0.0143 1.8039 0.0000	</row2>
					<row3>	1.2435 -0.3911 0.9135 1.0000	</row3>
				</transform>
			</node>
			<node>
				<identifier>	SP_YMS022_YHUS_L_1	</identifier>
				<transform>
					<row0>	-0.2392 -0.0011 -1.2387 0.0000	</row0>
					<row1>	-0.1945 1.2460 0.0364 0.0000	</row1>
					<row2>	1.2234 0.1979 -0.2364 0.0000	</row2>
					<row3>	-0.7425 -0.5122 4.0884 1.0000	</row3>
				</transform>
			</node>
			<node>
				<identifier>	SP_YMS022_YHUS_L_1_INDEX_1	</identifier>
				<transform>
					<row0>	-0.2392 0.0011 1.2387 0.0000	</row0>
					<row1>	0.1945 1.2460 0.0364 0.0000	</row1>
					<row2>	-1.2234 0.1979 -0.2364 0.0000	</row2>
					<row3>	0.7425 -0.5122 4.0884 1.0000	</row3>
				</transform>
			</node>
			<node>
				<identifier>	SP_YMS022_YHUS_L_1_INDEX_2	</identifier>
				<transform>
					<row0>	-0.2177 0.0012 -1.2427 0.0000	</row0>
					<row1>	-0.1379 1.2538 0.0254 0.0000	</row1>
					<row2>	1.2350 0.1402 -0.2162 0.0000	</row2>
					<row3>	-0.9233 -0.5146 3.1777 1.0000	</row3>
				</transform>
			</node>
			<node>
				<identifier>	SP_YMS022_YHUS_L_1_INDEX_3	</identifier>
				<transform>
					<row0>	-0.2177 -0.0012 1.2427 0.0000	</row0>
					<row1>	0.1379 1.2538 0.0254 0.0000	</row1>
					<row2>	-1.2350 0.1402 -0.2162 0.0000	</row2>
					<row3>	0.9233 -0.5146 3.1777 1.0000	</row3>
				</transform>
			</node>
			<node>
				<identifier>	SP_YMS053_YHDC_S_1_INDEX_3	</identifier>
				<transform>
					<row0>	1.5165 -0.0015 -0.0998 0.0000	</row0>
					<row1>	0.0007 1.5197 -0.0135 0.0000	</row1>
					<row2>	0.0998 0.0134 1.5165 0.0000	</row2>
					<row3>	-0.7326 0.4832 3.2715 1.0000	</row3>
				</transform>
			</node>
			<node>
				<identifier>	SP_YMS053_YHDC_S_1_INDEX_4	</identifier>
				<transform>
					<row0>	1.5165 0.0015 0.0998 0.0000	</row0>
					<row1>	-0.0007 1.5197 -0.0135 0.0000	</row1>
					<row2>	-0.0998 0.0134 1.5165 0.0000	</row2>
					<row3>	0.7326 0.4832 3.2715 1.0000	</row3>
				</transform>
			</node>
			<node>
				<identifier>	SP_YMS053_YHDC_S_1_INDEX_5	</identifier>
				<transform>
					<row0>	1.0778 0.0053 -0.0520 0.0000	</row0>
					<row1>	-0.0058 1.0790 -0.0092 0.0000	</row1>
					<row2>	0.0519 0.0094 1.0778 0.0000	</row2>
					<row3>	-0.6003 0.6430 1.7210 1.0000	</row3>
				</transform>
			</node>
			<node>
				<identifier>	SP_YMS053_YHDC_S_1_INDEX_6	</identifier>
				<transform>
					<row0>	1.0778 -0.0053 0.0520 0.0000	</row0>
					<row1>	0.0058 1.0790 -0.0092 0.0000	</row1>
					<row2>	-0.0519 0.0094 1.0778 0.0000	</row2>
					<row3>	0.6003 0.6430 1.7210 1.0000	</row3>
				</transform>
			</node>
			<node>
				<identifier>	SP_YMS061_YHGH_S_1	</identifier>
				<transform>
					<row0>	-2.4082 0.0000 0.0000 0.0000	</row0>
					<row1>	0.0000 2.4082 0.0000 0.0000	</row1>
					<row2>	0.0000 0.0000 -2.4082 0.0000	</row2>
					<row3>	0.0000 0.9363 2.6240 1.0000	</row3>
				</transform>
			</node>
			<node>
				<identifier>	SP_YMS083_YHSC_L_1_INDEX_4	</identifier>
				<transform>
					<row0>	-0.0728 0.0000 -1.3237 0.0000	</row0>
					<row1>	0.0000 1.3257 0.0000 0.0000	</row1>
					<row2>	1.3237 0.0000 -0.0728 0.0000	</row2>
					<row3>	-1.2422 0.5751 1.3232 1.0000	</row3>
				</transform>
			</node>
			<node>
				<identifier>	SP_YMS083_YHSC_L_1_INDEX_6	</identifier>
				<transform>
					<row0>	-0.0728 0.0000 1.3237 0.0000	</row0>
					<row1>	0.0000 1.3257 0.0000 0.0000	</row1>
					<row2>	-1.3237 0.0000 -0.0728 0.0000	</row2>
					<row3>	1.2422 0.5751 1.3232 1.0000	</row3>
				</transform>
			</node>
			<node>
				<identifier>	SP_YMS085_YHSC_S_1	</identifier>
				<transform>
					<row0>	-0.0888 -0.0086 -0.8342 0.0000	</row0>
					<row1>	0.0034 0.8389 -0.0090 0.0000	</row1>
					<row2>	0.8343 -0.0043 -0.0887 0.0000	</row2>
					<row3>	-1.0545 0.4206 3.4684 1.0000	</row3>
				</transform>
			</node>
			<node>
				<identifier>	SP_YMS085_YHSC_S_1_INDEX_1	</identifier>
				<transform>
					<row0>	-0.0888 0.0086 0.8342 0.0000	</row0>
					<row1>	-0.0034 0.8389 -0.0090 0.0000	</row1>
					<row2>	-0.8343 -0.0043 -0.0887 0.0000	</row2>
					<row3>	1.0545 0.4206 3.4684 1.0000	</row3>
				</transform>
			</node>
		</node>
	</node>
	<boundingBox>
		<min>	-0.0667 -0.0667 -0.0667	</min>
		<max>	0.0667 0.0667 0.0667	</max>
	</boundingBox>
</JSB023_Izumo_1945_MidFront_ports.visual>
