<GSB012_Kaiser_1936_Stern_ports.visual>
	<node>
		<identifier>	Scene Root	</identifier>
		<transform>
			<row0>	1.0000 0.0000 0.0000 0.0000	</row0>
			<row1>	0.0000 1.0000 0.0000 0.0000	</row1>
			<row2>	0.0000 0.0000 1.0000 0.0000	</row2>
			<row3>	0.0000 0.0000 0.0000 1.0000	</row3>
		</transform>
		<node>
			<identifier>	Stern_ports	</identifier>
			<transform>
				<row0>	1.0000 0.0000 0.0000 0.0000	</row0>
				<row1>	0.0000 1.0000 0.0000 0.0000	</row1>
				<row2>	0.0000 0.0000 1.0000 0.0000	</row2>
				<row3>	0.0000 0.0000 0.0000 1.0000	</row3>
			</transform>
			<node>
				<identifier>	HP_FX_Fire_4	</identifier>
				<transform>
					<row0>	1.0000 0.0000 0.0000 0.0000	</row0>
					<row1>	0.0000 1.0000 0.0019 0.0000	</row1>
					<row2>	0.0000 -0.0019 1.0000 0.0000	</row2>
					<row3>	0.0000 0.1709 -4.3778 1.0000	</row3>
				</transform>
			</node>
			<node>
				<identifier>	HP_FX_WakeTraceBack	</identifier>
				<transform>
					<row0>	1.0000 0.0000 0.0000 0.0000	</row0>
					<row1>	0.0000 1.0000 0.0000 0.0000	</row1>
					<row2>	0.0000 0.0000 1.0000 0.0000	</row2>
					<row3>	0.0000 0.0000 -5.7644 1.0000	</row3>
				</transform>
			</node>
			<node>
				<identifier>	HP_FX_WakeTrace_screw_1	</identifier>
				<transform>
					<row0>	1.0000 0.0000 0.0000 0.0000	</row0>
					<row1>	0.0000 1.0000 0.0000 0.0000	</row1>
					<row2>	0.0000 0.0000 1.0000 0.0000	</row2>
					<row3>	0.0000 -0.4456 -4.9466 1.0000	</row3>
				</transform>
			</node>
			<node>
				<identifier>	HP_FX_WakeTrace_screw_2	</identifier>
				<transform>
					<row0>	1.0000 0.0000 0.0000 0.0000	</row0>
					<row1>	0.0000 1.0000 0.0000 0.0000	</row1>
					<row2>	0.0000 0.0000 1.0000 0.0000	</row2>
					<row3>	-0.3149 -0.4428 -4.7856 1.0000	</row3>
				</transform>
			</node>
			<node>
				<identifier>	HP_FX_WakeTrace_screw_3	</identifier>
				<transform>
					<row0>	1.0000 0.0000 0.0000 0.0000	</row0>
					<row1>	0.0000 1.0000 0.0000 0.0000	</row1>
					<row2>	0.0000 0.0000 1.0000 0.0000	</row2>
					<row3>	0.3149 -0.4428 -4.7856 1.0000	</row3>
				</transform>
			</node>
			<node>
				<identifier>	HP_GGA_17	</identifier>
				<transform>
					<row0>	-0.7071 0.0000 0.7071 0.0000	</row0>
					<row1>	0.0000 1.0000 0.0000 0.0000	</row1>
					<row2>	-0.7071 0.0000 -0.7071 0.0000	</row2>
					<row3>	-0.4993 0.2265 -3.9563 1.0000	</row3>
				</transform>
			</node>
			<node>
				<identifier>	HP_GGA_18	</identifier>
				<transform>
					<row0>	-0.7071 0.0000 -0.7071 0.0000	</row0>
					<row1>	0.0000 1.0000 0.0000 0.0000	</row1>
					<row2>	0.7071 0.0000 -0.7071 0.0000	</row2>
					<row3>	0.4993 0.2265 -3.9563 1.0000	</row3>
				</transform>
			</node>
			<node>
				<identifier>	HP_GGA_19	</identifier>
				<transform>
					<row0>	-1.0000 0.0000 0.0000 0.0000	</row0>
					<row1>	0.0000 1.0000 0.0000 0.0000	</row1>
					<row2>	0.0000 0.0000 -1.0000 0.0000	</row2>
					<row3>	-0.2677 0.2265 -4.9954 1.0000	</row3>
				</transform>
			</node>
			<node>
				<identifier>	HP_GGA_20	</identifier>
				<transform>
					<row0>	-1.0000 0.0000 0.0000 0.0000	</row0>
					<row1>	0.0000 1.0000 0.0000 0.0000	</row1>
					<row2>	0.0000 0.0000 -1.0000 0.0000	</row2>
					<row3>	0.2668 0.2265 -4.9954 1.0000	</row3>
				</transform>
			</node>
			<node>
				<identifier>	HP_Ship_death_3	</identifier>
				<transform>
					<row0>	1.0000 0.0000 0.0000 0.0000	</row0>
					<row1>	0.0000 1.0000 0.0000 0.0000	</row1>
					<row2>	0.0000 0.0000 1.0000 0.0000	</row2>
					<row3>	0.0000 0.0000 -3.4987 1.0000	</row3>
				</transform>
			</node>
			<node>
				<identifier>	MP_CM094_Propeller3_L	</identifier>
				<transform>
					<row0>	0.8050 0.0000 0.0000 0.0000	</row0>
					<row1>	0.0000 0.8049 -0.0140 0.0000	</row1>
					<row2>	0.0000 0.0140 0.8049 0.0000	</row2>
					<row3>	0.0000 -0.4456 -4.9466 1.0000	</row3>
				</transform>
			</node>
			<node>
				<identifier>	MP_CM094_Propeller3_L_INDEX_1	</identifier>
				<transform>
					<row0>	0.7430 -0.3099 0.0061 0.0000	</row0>
					<row1>	0.3099 0.7428 -0.0140 0.0000	</row1>
					<row2>	-0.0002 0.0153 0.8049 0.0000	</row2>
					<row3>	-0.3149 -0.4428 -4.7856 1.0000	</row3>
				</transform>
			</node>
			<node>
				<identifier>	MP_CM095_Propeller3_R	</identifier>
				<transform>
					<row0>	0.7430 0.3099 -0.0061 0.0000	</row0>
					<row1>	-0.3099 0.7428 -0.0140 0.0000	</row1>
					<row2>	0.0002 0.0153 0.8049 0.0000	</row2>
					<row3>	0.3149 -0.4428 -4.7856 1.0000	</row3>
				</transform>
			</node>
			<node>
				<identifier>	MP_GM007_LifeBuoy	</identifier>
				<transform>
					<row0>	0.8833 0.0000 0.4689 0.0000	</row0>
					<row1>	0.4689 0.0013 -0.8833 0.0000	</row1>
					<row2>	-0.0006 1.0000 0.0011 0.0000	</row2>
					<row3>	-0.1928 0.2717 -5.5194 1.0000	</row3>
				</transform>
			</node>
			<node>
				<identifier>	MP_GM007_LifeBuoy_INDEX_1	</identifier>
				<transform>
					<row0>	0.8833 0.0000 -0.4689 0.0000	</row0>
					<row1>	-0.4689 0.0013 -0.8833 0.0000	</row1>
					<row2>	0.0006 1.0000 0.0011 0.0000	</row2>
					<row3>	0.1936 0.2717 -5.5186 1.0000	</row3>
				</transform>
			</node>
			<node>
				<identifier>	MP_GM029_Life_Buoy	</identifier>
				<transform>
					<row0>	-0.9495 0.0094 -0.3136 0.0000	</row0>
					<row1>	0.0094 1.0000 0.0015 0.0000	</row1>
					<row2>	0.3136 -0.0015 -0.9496 0.0000	</row2>
					<row3>	-0.3448 0.2117 -5.1301 1.0000	</row3>
				</transform>
			</node>
			<node>
				<identifier>	MP_GM029_Life_Buoy_INDEX_1	</identifier>
				<transform>
					<row0>	0.9510 0.0000 -0.3091 0.0000	</row0>
					<row1>	0.0000 1.0000 0.0000 0.0000	</row1>
					<row2>	0.3091 0.0000 0.9510 0.0000	</row2>
					<row3>	0.3448 0.2117 -5.1301 1.0000	</row3>
				</transform>
			</node>
			<node>
				<identifier>	MP_GM033_Lifesaving_Device	</identifier>
				<transform>
					<row0>	-0.9495 0.0094 -0.3136 0.0000	</row0>
					<row1>	0.0094 1.0000 0.0015 0.0000	</row1>
					<row2>	0.3136 -0.0015 -0.9496 0.0000	</row2>
					<row3>	-0.3716 0.2096 -5.0451 1.0000	</row3>
				</transform>
			</node>
			<node>
				<identifier>	MP_GM033_Lifesaving_Device_INDEX_1	</identifier>
				<transform>
					<row0>	0.9510 0.0000 -0.3091 0.0000	</row0>
					<row1>	0.0000 1.0000 0.0000 0.0000	</row1>
					<row2>	0.3091 0.0000 0.9510 0.0000	</row2>
					<row3>	0.3707 0.2096 -5.0491 1.0000	</row3>
				</transform>
			</node>
			<node>
				<identifier>	MP_GM065_Firelead	</identifier>
				<transform>
					<row0>	0.7730 0.0190 -0.2052 0.0000	</row0>
					<row1>	-0.0179 0.7998 0.0065 0.0000	</row1>
					<row2>	0.2052 -0.0017 0.7732 0.0000	</row2>
					<row3>	0.4148 0.2289 -4.8511 1.0000	</row3>
				</transform>
			</node>
			<node>
				<identifier>	MP_GM065_Firelead_INDEX_1	</identifier>
				<transform>
					<row0>	0.7730 -0.0190 0.2052 0.0000	</row0>
					<row1>	0.0179 0.7998 0.0065 0.0000	</row1>
					<row2>	-0.2052 -0.0017 0.7732 0.0000	</row2>
					<row3>	-0.4148 0.2289 -4.8511 1.0000	</row3>
				</transform>
			</node>
			<node>
				<identifier>	MP_GM123_Rhein_Monogramm	</identifier>
				<transform>
					<row0>	0.4809 0.0043 0.8768 0.0000	</row0>
					<row1>	-0.0628 0.9976 0.0295 0.0000	</row1>
					<row2>	-0.8745 -0.0692 0.4800 0.0000	</row2>
					<row3>	0.1821 0.1611 -5.5494 1.0000	</row3>
				</transform>
			</node>
			<node>
				<identifier>	MP_GM123_Rhein_Monogramm_INDEX_1	</identifier>
				<transform>
					<row0>	0.4809 -0.0043 -0.8768 0.0000	</row0>
					<row1>	0.0628 0.9976 0.0295 0.0000	</row1>
					<row2>	0.8745 -0.0692 0.4800 0.0000	</row2>
					<row3>	-0.1821 0.1611 -5.5494 1.0000	</row3>
				</transform>
			</node>
			<node>
				<identifier>	MP_GM702_AmmoBox	</identifier>
				<transform>
					<row0>	-0.2975 0.0000 -0.9547 0.0000	</row0>
					<row1>	0.0000 1.0000 0.0000 0.0000	</row1>
					<row2>	0.9547 0.0000 -0.2975 0.0000	</row2>
					<row3>	0.2118 0.2261 -5.1881 1.0000	</row3>
				</transform>
			</node>
			<node>
				<identifier>	MP_GM702_AmmoBox_INDEX_1	</identifier>
				<transform>
					<row0>	0.2975 0.0000 0.9547 0.0000	</row0>
					<row1>	0.0000 1.0000 0.0000 0.0000	</row1>
					<row2>	-0.9547 0.0000 0.2975 0.0000	</row2>
					<row3>	0.2390 0.2261 -5.1966 1.0000	</row3>
				</transform>
			</node>
			<node>
				<identifier>	MP_GM702_AmmoBox_INDEX_2	</identifier>
				<transform>
					<row0>	-0.2975 0.0000 0.9547 0.0000	</row0>
					<row1>	0.0000 1.0000 0.0000 0.0000	</row1>
					<row2>	-0.9547 0.0000 -0.2975 0.0000	</row2>
					<row3>	-0.2118 0.2261 -5.1881 1.0000	</row3>
				</transform>
			</node>
			<node>
				<identifier>	MP_GM702_AmmoBox_INDEX_3	</identifier>
				<transform>
					<row0>	0.0000 0.0000 -1.0000 0.0000	</row0>
					<row1>	0.0000 1.0000 0.0000 0.0000	</row1>
					<row2>	1.0000 0.0000 0.0000 0.0000	</row2>
					<row3>	-0.2564 0.2214 -4.0096 1.0000	</row3>
				</transform>
			</node>
			<node>
				<identifier>	MP_GM702_AmmoBox_INDEX_4	</identifier>
				<transform>
					<row0>	0.2975 0.0000 -0.9547 0.0000	</row0>
					<row1>	0.0000 1.0000 0.0000 0.0000	</row1>
					<row2>	0.9547 0.0000 0.2975 0.0000	</row2>
					<row3>	-0.2390 0.2261 -5.1966 1.0000	</row3>
				</transform>
			</node>
			<node>
				<identifier>	MP_GM702_AmmoBox_INDEX_5	</identifier>
				<transform>
					<row0>	0.0000 0.0000 1.0000 0.0000	</row0>
					<row1>	0.0000 1.0000 0.0000 0.0000	</row1>
					<row2>	-1.0000 0.0000 0.0000 0.0000	</row2>
					<row3>	0.2564 0.2214 -4.0096 1.0000	</row3>
				</transform>
			</node>
			<node>
				<identifier>	MP_GM702_AmmoBox_INDEX_6	</identifier>
				<transform>
					<row0>	0.0000 0.0000 1.0000 0.0000	</row0>
					<row1>	0.0000 1.0000 0.0000 0.0000	</row1>
					<row2>	-1.0000 0.0000 0.0000 0.0000	</row2>
					<row3>	0.2564 0.2214 -3.9097 1.0000	</row3>
				</transform>
			</node>
			<node>
				<identifier>	MP_GM702_AmmoBox_INDEX_7	</identifier>
				<transform>
					<row0>	0.0000 0.0000 -1.0000 0.0000	</row0>
					<row1>	0.0000 1.0000 0.0000 0.0000	</row1>
					<row2>	1.0000 0.0000 0.0000 0.0000	</row2>
					<row3>	-0.2564 0.2214 -3.9097 1.0000	</row3>
				</transform>
			</node>
			<node>
				<identifier>	MP_GM856_Mastheadlight	</identifier>
				<transform>
					<row0>	-0.8000 0.0000 0.0000 0.0000	</row0>
					<row1>	0.0000 0.8000 0.0000 0.0000	</row1>
					<row2>	0.0000 0.0000 -0.8000 0.0000	</row2>
					<row3>	0.0000 0.3104 -5.7601 1.0000	</row3>
				</transform>
			</node>
		</node>
	</node>
	<boundingBox>
		<min>	-0.0667 -0.0667 -0.0667	</min>
		<max>	0.0667 0.0667 0.0667	</max>
	</boundingBox>
</GSB012_Kaiser_1936_Stern_ports.visual>
