<JAD707_D4Y3_proto_lod1.visual>
	<node>
		<identifier>	Scene Root	</identifier>
		<transform>
			<row0>	1.0000 0.0000 0.0000 0.0000	</row0>
			<row1>	0.0000 1.0000 0.0000 0.0000	</row1>
			<row2>	0.0000 0.0000 1.0000 0.0000	</row2>
			<row3>	0.0000 0.0000 0.0000 1.0000	</row3>
		</transform>
		<node>
			<identifier>	Hull	</identifier>
			<transform>
				<row0>	1.0000 0.0000 0.0000 0.0000	</row0>
				<row1>	0.0000 1.0000 0.0000 0.0000	</row1>
				<row2>	0.0000 0.0000 1.0000 0.0000	</row2>
				<row3>	0.0000 0.0000 0.0000 1.0000	</row3>
			</transform>
			<node>
				<identifier>	chassis_off_hull	</identifier>
				<transform>
					<row0>	1.0000 0.0000 0.0000 0.0000	</row0>
					<row1>	0.0000 1.0000 0.0000 0.0000	</row1>
					<row2>	0.0000 0.0000 1.0000 0.0000	</row2>
					<row3>	0.0000 0.0000 0.0000 1.0000	</row3>
				</transform>
			</node>
			<node>
				<identifier>	chassis_on_hull	</identifier>
				<transform>
					<row0>	1.0000 0.0000 0.0000 0.0000	</row0>
					<row1>	0.0000 1.0000 0.0000 0.0000	</row1>
					<row2>	0.0000 0.0000 1.0000 0.0000	</row2>
					<row3>	0.0000 0.0000 0.0000 1.0000	</row3>
				</transform>
			</node>
			<node>
				<identifier>	hull_wire	</identifier>
				<transform>
					<row0>	1.0000 0.0000 0.0000 0.0000	</row0>
					<row1>	0.0000 1.0000 0.0000 0.0000	</row1>
					<row2>	0.0000 0.0000 1.0000 0.0000	</row2>
					<row3>	0.0000 0.0000 0.0000 1.0000	</row3>
				</transform>
			</node>
			<node>
				<identifier>	propeller_mod	</identifier>
				<transform>
					<row0>	1.0000 0.0000 0.0000 0.0000	</row0>
					<row1>	0.0000 1.0000 0.0000 0.0000	</row1>
					<row2>	0.0000 0.0000 1.0000 0.0000	</row2>
					<row3>	0.0000 0.1258 0.1540 1.0000	</row3>
				</transform>
				<node>
					<identifier>	disc	</identifier>
					<transform>
						<row0>	1.0000 0.0000 0.0000 0.0000	</row0>
						<row1>	0.0000 1.0000 0.0000 0.0000	</row1>
						<row2>	0.0000 0.0000 1.0000 0.0000	</row2>
						<row3>	0.0000 0.0000 0.0000 1.0000	</row3>
					</transform>
					<node>
						<identifier>	disc_cap	</identifier>
						<transform>
							<row0>	1.0000 0.0000 0.0000 0.0000	</row0>
							<row1>	0.0000 1.0000 0.0000 0.0000	</row1>
							<row2>	0.0000 0.0000 1.0000 0.0000	</row2>
							<row3>	0.0000 0.0000 0.0000 1.0000	</row3>
						</transform>
					</node>
				</node>
				<node>
					<identifier>	mod	</identifier>
					<transform>
						<row0>	1.0000 0.0000 0.0000 0.0000	</row0>
						<row1>	0.0000 1.0000 0.0000 0.0000	</row1>
						<row2>	0.0000 0.0000 1.0000 0.0000	</row2>
						<row3>	0.0000 0.0000 0.0000 1.0000	</row3>
					</transform>
				</node>
			</node>
		</node>
		<node>
			<identifier>	Root	</identifier>
			<transform>
				<row0>	1.0000 0.0000 0.0000 0.0000	</row0>
				<row1>	0.0000 1.0000 0.0000 0.0000	</row1>
				<row2>	0.0000 0.0000 1.0000 0.0000	</row2>
				<row3>	0.0000 0.0000 0.0000 1.0000	</row3>
			</transform>
			<node>
				<identifier>	HP_Air_bomb_1	</identifier>
				<transform>
					<row0>	1.0000 0.0000 0.0000 0.0000	</row0>
					<row1>	0.0000 1.0000 0.0000 0.0000	</row1>
					<row2>	0.0000 0.0000 1.0000 0.0000	</row2>
					<row3>	0.0000 0.0989 -0.0268 1.0000	</row3>
				</transform>
			</node>
			<node>
				<identifier>	HP_Air_break_1	</identifier>
				<transform>
					<row0>	0.9905 -0.0848 -0.1085 0.0000	</row0>
					<row1>	0.0853 0.9964 0.0000 0.0000	</row1>
					<row2>	0.1081 -0.0093 0.9941 0.0000	</row2>
					<row3>	-0.1279 0.1100 -0.0946 1.0000	</row3>
				</transform>
			</node>
			<node>
				<identifier>	HP_Air_break_2	</identifier>
				<transform>
					<row0>	0.9905 0.0848 0.1085 0.0000	</row0>
					<row1>	-0.0853 0.9964 0.0000 0.0000	</row1>
					<row2>	-0.1081 -0.0093 0.9941 0.0000	</row2>
					<row3>	0.1279 0.1100 -0.0946 1.0000	</row3>
				</transform>
			</node>
			<node>
				<identifier>	HP_Air_death_1	</identifier>
				<transform>
					<row0>	1.0000 0.0000 0.0000 0.0000	</row0>
					<row1>	0.0000 1.0000 0.0000 0.0000	</row1>
					<row2>	0.0000 0.0000 1.0000 0.0000	</row2>
					<row3>	0.0000 0.1444 0.0893 1.0000	</row3>
				</transform>
			</node>
			<node>
				<identifier>	HP_Air_enginelight_1	</identifier>
				<transform>
					<row0>	0.8372 0.5020 -0.2171 0.0000	</row0>
					<row1>	-0.5157 0.5922 -0.6191 0.0000	</row1>
					<row2>	-0.1822 0.6303 0.7547 0.0000	</row2>
					<row3>	0.0326 0.1470 0.0629 1.0000	</row3>
				</transform>
			</node>
			<node>
				<identifier>	HP_Air_enginelight_2	</identifier>
				<transform>
					<row0>	0.8372 0.5045 -0.2113 0.0000	</row0>
					<row1>	-0.5157 0.5993 -0.6123 0.0000	</row1>
					<row2>	-0.1822 0.6215 0.7619 0.0000	</row2>
					<row3>	0.0347 0.1369 0.0654 1.0000	</row3>
				</transform>
			</node>
			<node>
				<identifier>	HP_Air_enginelight_3	</identifier>
				<transform>
					<row0>	-0.8372 0.5039 -0.2126 0.0000	</row0>
					<row1>	-0.5377 -0.6871 0.4886 0.0000	</row1>
					<row2>	0.1001 0.5233 0.8462 0.0000	</row2>
					<row3>	-0.0326 0.1470 0.0629 1.0000	</row3>
				</transform>
			</node>
			<node>
				<identifier>	HP_Air_enginelight_4	</identifier>
				<transform>
					<row0>	-0.8372 0.5045 -0.2113 0.0000	</row0>
					<row1>	-0.5375 -0.6872 0.4887 0.0000	</row1>
					<row2>	0.1013 0.5227 0.8465 0.0000	</row2>
					<row3>	-0.0347 0.1369 0.0654 1.0000	</row3>
				</transform>
			</node>
			<node>
				<identifier>	HP_Air_fire_1	</identifier>
				<transform>
					<row0>	1.0000 0.0000 0.0000 0.0000	</row0>
					<row1>	0.0000 1.0000 0.0000 0.0000	</row1>
					<row2>	0.0000 0.0000 1.0000 0.0000	</row2>
					<row3>	-0.0328 0.1469 0.0629 1.0000	</row3>
				</transform>
			</node>
			<node>
				<identifier>	HP_Air_fire_2	</identifier>
				<transform>
					<row0>	1.0000 0.0000 0.0000 0.0000	</row0>
					<row1>	0.0000 1.0000 0.0000 0.0000	</row1>
					<row2>	0.0000 0.0000 1.0000 0.0000	</row2>
					<row3>	0.0325 0.1470 0.0629 1.0000	</row3>
				</transform>
			</node>
			<node>
				<identifier>	HP_Air_fire_3	</identifier>
				<transform>
					<row0>	1.0000 0.0000 0.0000 0.0000	</row0>
					<row1>	0.0000 1.0000 0.0000 0.0000	</row1>
					<row2>	0.0000 0.0000 1.0000 0.0000	</row2>
					<row3>	0.0961 0.1187 0.0126 1.0000	</row3>
				</transform>
			</node>
			<node>
				<identifier>	HP_Air_fire_4	</identifier>
				<transform>
					<row0>	1.0000 0.0000 0.0000 0.0000	</row0>
					<row1>	0.0000 1.0000 0.0000 0.0000	</row1>
					<row2>	0.0000 0.0000 1.0000 0.0000	</row2>
					<row3>	0.1897 0.1235 0.0063 1.0000	</row3>
				</transform>
			</node>
			<node>
				<identifier>	HP_Air_fire_5	</identifier>
				<transform>
					<row0>	1.0000 0.0000 0.0000 0.0000	</row0>
					<row1>	0.0000 1.0000 0.0000 0.0000	</row1>
					<row2>	0.0000 0.0000 1.0000 0.0000	</row2>
					<row3>	0.3073 0.1305 -0.0022 1.0000	</row3>
				</transform>
			</node>
			<node>
				<identifier>	HP_Air_fire_6	</identifier>
				<transform>
					<row0>	1.0000 0.0000 0.0000 0.0000	</row0>
					<row1>	0.0000 1.0000 0.0000 0.0000	</row1>
					<row2>	0.0000 0.0000 1.0000 0.0000	</row2>
					<row3>	-0.0961 0.1187 0.0126 1.0000	</row3>
				</transform>
			</node>
			<node>
				<identifier>	HP_Air_fire_7	</identifier>
				<transform>
					<row0>	1.0000 0.0000 0.0000 0.0000	</row0>
					<row1>	0.0000 1.0000 0.0000 0.0000	</row1>
					<row2>	0.0000 0.0000 1.0000 0.0000	</row2>
					<row3>	-0.3073 0.1305 -0.0022 1.0000	</row3>
				</transform>
			</node>
			<node>
				<identifier>	HP_Air_fire_8	</identifier>
				<transform>
					<row0>	1.0000 0.0000 0.0000 0.0000	</row0>
					<row1>	0.0000 1.0000 0.0000 0.0000	</row1>
					<row2>	0.0000 0.0000 1.0000 0.0000	</row2>
					<row3>	-0.1897 0.1235 0.0063 1.0000	</row3>
				</transform>
			</node>
			<node>
				<identifier>	HP_Air_fire_9	</identifier>
				<transform>
					<row0>	1.0000 0.0000 0.0000 0.0000	</row0>
					<row1>	0.0000 1.0000 0.0000 0.0000	</row1>
					<row2>	0.0000 0.0000 1.0000 0.0000	</row2>
					<row3>	0.0000 0.1287 -0.4204 1.0000	</row3>
				</transform>
			</node>
			<node>
				<identifier>	HP_Air_flytrail_1	</identifier>
				<transform>
					<row0>	1.0000 0.0000 0.0000 0.0000	</row0>
					<row1>	0.0000 1.0000 0.0000 0.0000	</row1>
					<row2>	0.0000 0.0000 1.0000 0.0000	</row2>
					<row3>	-0.3823 0.1335 -0.0399 1.0000	</row3>
				</transform>
			</node>
			<node>
				<identifier>	HP_Air_flytrail_2	</identifier>
				<transform>
					<row0>	1.0000 0.0000 0.0000 0.0000	</row0>
					<row1>	0.0000 1.0000 0.0000 0.0000	</row1>
					<row2>	0.0000 0.0000 1.0000 0.0000	</row2>
					<row3>	0.3822 0.1335 -0.0399 1.0000	</row3>
				</transform>
			</node>
			<node>
				<identifier>	HP_Air_gunfire_1	</identifier>
				<transform>
					<row0>	0.9971 0.0000 -0.0765 0.0000	</row0>
					<row1>	0.0023 0.9995 0.0306 0.0000	</row1>
					<row2>	0.0765 -0.0307 0.9966 0.0000	</row2>
					<row3>	-0.0181 0.1620 0.1296 1.0000	</row3>
				</transform>
			</node>
			<node>
				<identifier>	HP_Air_gunfire_2	</identifier>
				<transform>
					<row0>	0.9971 0.0000 0.0765 0.0000	</row0>
					<row1>	0.0023 0.9995 -0.0306 0.0000	</row1>
					<row2>	-0.0765 0.0307 0.9966 0.0000	</row2>
					<row3>	0.0180 0.1620 0.1296 1.0000	</row3>
				</transform>
			</node>
			<node>
				<identifier>	HP_Air_ricochet_1	</identifier>
				<transform>
					<row0>	1.0000 0.0000 0.0000 0.0000	</row0>
					<row1>	0.0000 1.0000 0.0000 0.0000	</row1>
					<row2>	0.0000 0.0000 1.0000 0.0000	</row2>
					<row3>	-0.2031 0.1240 -0.0581 1.0000	</row3>
				</transform>
			</node>
			<node>
				<identifier>	HP_Air_ricochet_2	</identifier>
				<transform>
					<row0>	1.0000 0.0000 0.0000 0.0000	</row0>
					<row1>	0.0000 1.0000 0.0000 0.0000	</row1>
					<row2>	0.0000 0.0000 1.0000 0.0000	</row2>
					<row3>	0.2031 0.1240 -0.0581 1.0000	</row3>
				</transform>
			</node>
			<node>
				<identifier>	HP_Air_ricochet_3	</identifier>
				<transform>
					<row0>	1.0000 0.0000 0.0000 0.0000	</row0>
					<row1>	0.0000 1.0000 0.0000 0.0000	</row1>
					<row2>	0.0000 0.0000 1.0000 0.0000	</row2>
					<row3>	0.0000 0.1260 -0.2918 1.0000	</row3>
				</transform>
			</node>
			<node>
				<identifier>	HP_Air_ricochet_4	</identifier>
				<transform>
					<row0>	1.0000 0.0000 0.0000 0.0000	</row0>
					<row1>	0.0000 1.0000 0.0000 0.0000	</row1>
					<row2>	0.0000 0.0000 1.0000 0.0000	</row2>
					<row3>	-0.0796 0.1463 -0.4120 1.0000	</row3>
				</transform>
			</node>
			<node>
				<identifier>	HP_Air_ricochet_5	</identifier>
				<transform>
					<row0>	1.0000 0.0000 0.0000 0.0000	</row0>
					<row1>	0.0000 1.0000 0.0000 0.0000	</row1>
					<row2>	0.0000 0.0000 1.0000 0.0000	</row2>
					<row3>	0.0796 0.1463 -0.4120 1.0000	</row3>
				</transform>
			</node>
			<node>
				<identifier>	HP_Air_ricochet_6	</identifier>
				<transform>
					<row0>	1.0000 0.0000 0.0000 0.0000	</row0>
					<row1>	0.0000 1.0000 0.0000 0.0000	</row1>
					<row2>	0.0000 0.0000 1.0000 0.0000	</row2>
					<row3>	0.0000 0.1467 -0.0420 1.0000	</row3>
				</transform>
			</node>
			<node>
				<identifier>	HP_Air_sleeve_1	</identifier>
				<transform>
					<row0>	1.0000 0.0000 0.0000 0.0000	</row0>
					<row1>	0.0000 1.0000 0.0000 0.0000	</row1>
					<row2>	0.0000 0.0000 1.0000 0.0000	</row2>
					<row3>	0.0319 0.0974 0.0000 1.0000	</row3>
				</transform>
			</node>
			<node>
				<identifier>	HP_Air_sleeve_2	</identifier>
				<transform>
					<row0>	1.0000 0.0000 0.0000 0.0000	</row0>
					<row1>	0.0000 1.0000 0.0000 0.0000	</row1>
					<row2>	0.0000 0.0000 1.0000 0.0000	</row2>
					<row3>	-0.0319 0.0974 0.0000 1.0000	</row3>
				</transform>
			</node>
			<node>
				<identifier>	HP_gunFireBack	</identifier>
				<transform>
					<row0>	1.0000 0.0000 0.0000 0.0000	</row0>
					<row1>	0.0000 1.0000 0.0000 0.0000	</row1>
					<row2>	0.0000 0.0000 1.0000 0.0000	</row2>
					<row3>	0.0000 0.1731 -0.2421 1.0000	</row3>
				</transform>
			</node>
			<node>
				<identifier>	HP_jato_1	</identifier>
				<transform>
					<row0>	0.6995 -0.7144 0.0196 0.0000	</row0>
					<row1>	0.7123 0.6991 0.0621 0.0000	</row1>
					<row2>	-0.0581 -0.0295 0.9979 0.0000	</row2>
					<row3>	-0.0226 0.0920 -0.1440 1.0000	</row3>
				</transform>
			</node>
			<node>
				<identifier>	HP_jato_2	</identifier>
				<transform>
					<row0>	0.6995 0.7144 0.0196 0.0000	</row0>
					<row1>	-0.7140 0.6974 0.0621 0.0000	</row1>
					<row2>	0.0307 -0.0575 0.9979 0.0000	</row2>
					<row3>	0.0227 0.0920 -0.1440 1.0000	</row3>
				</transform>
			</node>
			<node>
				<identifier>	Root_BlendBone	</identifier>
				<transform>
					<row0>	1.0000 0.0000 0.0000 0.0000	</row0>
					<row1>	0.0000 1.0000 0.0000 0.0000	</row1>
					<row2>	0.0000 0.0000 1.0000 0.0000	</row2>
					<row3>	0.0000 0.0000 0.0000 1.0000	</row3>
				</transform>
			</node>
			<node>
				<identifier>	chassis_off	</identifier>
				<transform>
					<row0>	1.0000 0.0000 0.0000 0.0000	</row0>
					<row1>	0.0000 1.0000 0.0000 0.0000	</row1>
					<row2>	0.0000 0.0000 1.0000 0.0000	</row2>
					<row3>	0.0000 0.0000 0.0000 1.0000	</row3>
				</transform>
				<node>
					<identifier>	chassis_off_BlendBone	</identifier>
					<transform>
						<row0>	1.0000 0.0000 0.0000 0.0000	</row0>
						<row1>	0.0000 1.0000 0.0000 0.0000	</row1>
						<row2>	0.0000 0.0000 1.0000 0.0000	</row2>
						<row3>	0.0000 0.0000 0.0000 1.0000	</row3>
					</transform>
				</node>
			</node>
			<node>
				<identifier>	chassis_on	</identifier>
				<transform>
					<row0>	1.0000 0.0000 0.0000 0.0000	</row0>
					<row1>	0.0000 1.0000 0.0000 0.0000	</row1>
					<row2>	0.0000 0.0000 1.0000 0.0000	</row2>
					<row3>	0.0000 0.0000 0.0000 1.0000	</row3>
				</transform>
				<node>
					<identifier>	chassis_on_BlendBone	</identifier>
					<transform>
						<row0>	1.0000 0.0000 0.0000 0.0000	</row0>
						<row1>	0.0000 1.0000 0.0000 0.0000	</row1>
						<row2>	0.0000 0.0000 1.0000 0.0000	</row2>
						<row3>	0.0000 0.0000 0.0000 1.0000	</row3>
					</transform>
				</node>
			</node>
			<node>
				<identifier>	elevator_1	</identifier>
				<transform>
					<row0>	1.0000 0.0064 0.0000 0.0000	</row0>
					<row1>	-0.0064 1.0000 0.0000 0.0000	</row1>
					<row2>	0.0000 0.0000 1.0000 0.0000	</row2>
					<row3>	0.1628 0.1443 -0.4388 1.0000	</row3>
				</transform>
				<node>
					<identifier>	elevator_1_BlendBone	</identifier>
					<transform>
						<row0>	1.0000 -0.0064 0.0000 0.0000	</row0>
						<row1>	0.0064 1.0000 0.0000 0.0000	</row1>
						<row2>	0.0000 0.0000 1.0000 0.0000	</row2>
						<row3>	-0.1637 -0.1433 0.4388 1.0000	</row3>
					</transform>
				</node>
			</node>
			<node>
				<identifier>	elevator_2	</identifier>
				<transform>
					<row0>	1.0000 -0.0064 0.0000 0.0000	</row0>
					<row1>	0.0064 1.0000 0.0000 0.0000	</row1>
					<row2>	0.0000 0.0000 1.0000 0.0000	</row2>
					<row3>	-0.1629 0.1443 -0.4388 1.0000	</row3>
				</transform>
				<node>
					<identifier>	elevator_2_BlendBone	</identifier>
					<transform>
						<row0>	1.0000 0.0064 0.0000 0.0000	</row0>
						<row1>	-0.0064 1.0000 0.0000 0.0000	</row1>
						<row2>	0.0000 0.0000 1.0000 0.0000	</row2>
						<row3>	0.1638 -0.1433 0.4388 1.0000	</row3>
					</transform>
				</node>
			</node>
			<node>
				<identifier>	l_ailerone_1	</identifier>
				<transform>
					<row0>	0.9900 -0.0644 -0.1253 0.0000	</row0>
					<row1>	0.0649 0.9979 0.0000 0.0000	</row1>
					<row2>	0.1251 -0.0081 0.9921 0.0000	</row2>
					<row3>	-0.3570 0.1324 -0.0796 1.0000	</row3>
				</transform>
				<node>
					<identifier>	l_ailerone_1_BlendBone	</identifier>
					<transform>
						<row0>	0.9900 0.0649 0.1251 0.0000	</row0>
						<row1>	-0.0644 0.9979 -0.0081 0.0000	</row1>
						<row2>	-0.1253 0.0000 0.9921 0.0000	</row2>
						<row3>	0.3519 -0.1089 0.1247 1.0000	</row3>
					</transform>
				</node>
			</node>
			<node>
				<identifier>	l_bombbay	</identifier>
				<transform>
					<row0>	1.0000 0.0000 0.0000 0.0000	</row0>
					<row1>	0.0000 1.0000 0.0000 0.0000	</row1>
					<row2>	0.0000 0.0000 1.0000 0.0000	</row2>
					<row3>	-0.0111 0.0898 -0.1130 1.0000	</row3>
				</transform>
				<node>
					<identifier>	l_bombbay_BlendBone	</identifier>
					<transform>
						<row0>	1.0000 0.0000 0.0000 0.0000	</row0>
						<row1>	0.0000 1.0000 0.0000 0.0000	</row1>
						<row2>	0.0000 0.0000 1.0000 0.0000	</row2>
						<row3>	0.0111 -0.0898 0.1130 1.0000	</row3>
					</transform>
				</node>
			</node>
			<node>
				<identifier>	l_flaps_1	</identifier>
				<transform>
					<row0>	0.9921 -0.0462 -0.1167 0.0000	</row0>
					<row1>	0.0465 0.9989 0.0000 0.0000	</row1>
					<row2>	0.1166 -0.0054 0.9932 0.0000	</row2>
					<row3>	-0.2299 0.1226 -0.0971 1.0000	</row3>
				</transform>
				<node>
					<identifier>	l_flaps_1_BlendBone	</identifier>
					<transform>
						<row0>	0.9921 0.0465 0.1166 0.0000	</row0>
						<row1>	-0.0462 0.9989 -0.0054 0.0000	</row1>
						<row2>	-0.1167 0.0000 0.9932 0.0000	</row2>
						<row3>	0.2224 -0.1118 0.1239 1.0000	</row3>
					</transform>
				</node>
			</node>
			<node>
				<identifier>	r_ailerone_1	</identifier>
				<transform>
					<row0>	0.9900 0.0644 0.1253 0.0000	</row0>
					<row1>	-0.0649 0.9979 0.0000 0.0000	</row1>
					<row2>	-0.1251 -0.0081 0.9921 0.0000	</row2>
					<row3>	0.3568 0.1324 -0.0796 1.0000	</row3>
				</transform>
				<node>
					<identifier>	r_ailerone_1_BlendBone	</identifier>
					<transform>
						<row0>	0.9900 -0.0649 -0.1251 0.0000	</row0>
						<row1>	0.0644 0.9979 -0.0081 0.0000	</row1>
						<row2>	0.1253 0.0000 0.9921 0.0000	</row2>
						<row3>	-0.3518 -0.1089 0.1247 1.0000	</row3>
					</transform>
				</node>
			</node>
			<node>
				<identifier>	r_bombbay	</identifier>
				<transform>
					<row0>	1.0000 0.0000 0.0000 0.0000	</row0>
					<row1>	0.0000 1.0000 0.0000 0.0000	</row1>
					<row2>	0.0000 0.0000 1.0000 0.0000	</row2>
					<row3>	0.0111 0.0898 -0.1130 1.0000	</row3>
				</transform>
				<node>
					<identifier>	r_bombbay_BlendBone	</identifier>
					<transform>
						<row0>	1.0000 0.0000 0.0000 0.0000	</row0>
						<row1>	0.0000 1.0000 0.0000 0.0000	</row1>
						<row2>	0.0000 0.0000 1.0000 0.0000	</row2>
						<row3>	-0.0111 -0.0898 0.1130 1.0000	</row3>
					</transform>
				</node>
			</node>
			<node>
				<identifier>	r_flaps_1	</identifier>
				<transform>
					<row0>	0.9921 0.0462 0.1167 0.0000	</row0>
					<row1>	-0.0465 0.9989 0.0000 0.0000	</row1>
					<row2>	-0.1166 -0.0054 0.9932 0.0000	</row2>
					<row3>	0.2310 0.1226 -0.0971 1.0000	</row3>
				</transform>
				<node>
					<identifier>	r_flaps_1_BlendBone	</identifier>
					<transform>
						<row0>	0.9921 -0.0465 -0.1166 0.0000	</row0>
						<row1>	0.0462 0.9989 -0.0054 0.0000	</row1>
						<row2>	0.1167 0.0000 0.9932 0.0000	</row2>
						<row3>	-0.2235 -0.1117 0.1241 1.0000	</row3>
					</transform>
				</node>
			</node>
			<node>
				<identifier>	rudder_1	</identifier>
				<transform>
					<row0>	1.0000 0.0000 0.0000 0.0000	</row0>
					<row1>	0.0000 1.0000 0.0000 0.0000	</row1>
					<row2>	0.0000 0.0000 1.0000 0.0000	</row2>
					<row3>	0.0004 0.2489 -0.4440 1.0000	</row3>
				</transform>
				<node>
					<identifier>	rudder_1_BlendBone	</identifier>
					<transform>
						<row0>	1.0000 0.0000 0.0000 0.0000	</row0>
						<row1>	0.0000 1.0000 0.0000 0.0000	</row1>
						<row2>	0.0000 0.0000 1.0000 0.0000	</row2>
						<row3>	-0.0004 -0.2489 0.4440 1.0000	</row3>
					</transform>
				</node>
			</node>
		</node>
	</node>
	<renderSet>
		<treatAsWorldSpaceObject>	true	</treatAsWorldSpaceObject>
		<node>	elevator_1_BlendBone	</node>
		<node>	r_flaps_1_BlendBone	</node>
		<node>	l_ailerone_1_BlendBone	</node>
		<node>	rudder_1_BlendBone	</node>
		<node>	Root_BlendBone	</node>
		<node>	l_bombbay_BlendBone	</node>
		<node>	r_bombbay_BlendBone	</node>
		<node>	l_flaps_1_BlendBone	</node>
		<node>	elevator_2_BlendBone	</node>
		<node>	r_ailerone_1_BlendBone	</node>
		<geometry>
			<vertices>	Hull_lod1Shape.vertices	</vertices>
			<primitive>	Hull_lod1Shape.indices	</primitive>
			<primitiveGroup>	0
				<material>
					<identifier>	TL2_SHIPMAT_PBS_Hull_skinned	</identifier>
					<mfm>	PnFMods/ModsSDK.zip/JSA518_Kaga/aircraft/JAD707_D4Y3_skinned.mfm	</mfm>
				</material>
			</primitiveGroup>
		</geometry>
	</renderSet>
	<renderSet>
		<treatAsWorldSpaceObject>	true	</treatAsWorldSpaceObject>
		<node>	chassis_off_BlendBone	</node>
		<geometry>
			<vertices>	chassis_off_hull_lod1Shape.vertices	</vertices>
			<primitive>	chassis_off_hull_lod1Shape.indices	</primitive>
			<primitiveGroup>	0
				<material>
					<identifier>	TL2_SHIPMAT_PBS_Hull_skinned	</identifier>
					<mfm>	PnFMods/ModsSDK.zip/JSA518_Kaga/aircraft/JAD707_D4Y3_skinned.mfm	</mfm>
				</material>
			</primitiveGroup>
		</geometry>
	</renderSet>
	<renderSet>
		<treatAsWorldSpaceObject>	true	</treatAsWorldSpaceObject>
		<node>	chassis_on_BlendBone	</node>
		<geometry>
			<vertices>	chassis_on_hull_lod1Shape.vertices	</vertices>
			<primitive>	chassis_on_hull_lod1Shape.indices	</primitive>
			<primitiveGroup>	0
				<material>
					<identifier>	TL2_SHIPMAT_PBS_Hull_skinned	</identifier>
					<mfm>	PnFMods/ModsSDK.zip/JSA518_Kaga/aircraft/JAD707_D4Y3_skinned.mfm	</mfm>
				</material>
			</primitiveGroup>
		</geometry>
	</renderSet>
	<renderSet>
		<treatAsWorldSpaceObject>	false	</treatAsWorldSpaceObject>
		<node>	disc_cap	</node>
		<geometry>
			<vertices>	disc_cap_lod1Shape.vertices	</vertices>
			<primitive>	disc_cap_lod1Shape.indices	</primitive>
			<primitiveGroup>	0
				<material>
					<identifier>	TL2_SHIPMAT_PBS_Other	</identifier>
					<mfm>	PnFMods/ModsSDK.zip/JSA518_Kaga/aircraft/JAD707_D4Y3.mfm	</mfm>
				</material>
			</primitiveGroup>
		</geometry>
	</renderSet>
	<renderSet>
		<treatAsWorldSpaceObject>	false	</treatAsWorldSpaceObject>
		<node>	disc	</node>
		<geometry>
			<vertices>	disc_lod1Shape.vertices	</vertices>
			<primitive>	disc_lod1Shape.indices	</primitive>
			<primitiveGroup>	0
				<material>
					<identifier>	PROPELLERMAT_propeller	</identifier>
					<mfm>	PnFMods/ModsSDK.zip/JSA518_Kaga/aircraft/Japan_Disk_3Blade_01_alpha.mfm	</mfm>
				</material>
			</primitiveGroup>
		</geometry>
	</renderSet>
	<renderSet>
		<treatAsWorldSpaceObject>	false	</treatAsWorldSpaceObject>
		<node>	hull_wire	</node>
		<geometry>
			<vertices>	hull_wire_lod1Shape.vertices	</vertices>
			<primitive>	hull_wire_lod1Shape.indices	</primitive>
			<primitiveGroup>	0
				<material>
					<identifier>	TL2_SHIPWIRE_PBS_Hull	</identifier>
					<mfm>	PnFMods/ModsSDK.zip/JSA518_Kaga/aircraft/JAD707_D4Y3_wire.mfm	</mfm>
				</material>
			</primitiveGroup>
		</geometry>
	</renderSet>
	<renderSet>
		<treatAsWorldSpaceObject>	false	</treatAsWorldSpaceObject>
		<node>	mod	</node>
		<geometry>
			<vertices>	mod_lod1Shape.vertices	</vertices>
			<primitive>	mod_lod1Shape.indices	</primitive>
			<primitiveGroup>	0
				<material>
					<identifier>	TL2_SHIPMAT_PBS_Other	</identifier>
					<mfm>	PnFMods/ModsSDK.zip/JSA518_Kaga/aircraft/JAD707_D4Y3.mfm	</mfm>
				</material>
			</primitiveGroup>
		</geometry>
	</renderSet>
	<boundingBox>
		<min>	-0.3813 -0.0031 -0.4926	</min>
		<max>	0.3812 0.2399 0.2206	</max>
	</boundingBox>
</JAD707_D4Y3_proto_lod1.visual>
