<JSB013_Amagi_1942_MidBack_ports.visual>
	<node>
		<identifier>	Scene Root	</identifier>
		<transform>
			<row0>	1.0000 0.0000 0.0000 0.0000	</row0>
			<row1>	0.0000 1.0000 0.0000 0.0000	</row1>
			<row2>	0.0000 0.0000 1.0000 0.0000	</row2>
			<row3>	0.0000 0.0000 0.0000 1.0000	</row3>
		</transform>
		<node>
			<identifier>	MidBack_ports	</identifier>
			<transform>
				<row0>	1.0000 0.0000 0.0000 0.0000	</row0>
				<row1>	0.0000 1.0000 0.0000 0.0000	</row1>
				<row2>	0.0000 0.0000 1.0000 0.0000	</row2>
				<row3>	0.0000 0.0000 0.0000 1.0000	</row3>
			</transform>
			<node>
				<identifier>	HP_FX_Death_3	</identifier>
				<transform>
					<row0>	1.0000 0.0000 0.0000 0.0000	</row0>
					<row1>	0.0000 1.0000 0.0000 0.0000	</row1>
					<row2>	0.0000 0.0000 1.0000 0.0000	</row2>
					<row3>	0.0000 0.0000 -4.5643 1.0000	</row3>
				</transform>
			</node>
			<node>
				<identifier>	HP_FX_Fire_3	</identifier>
				<transform>
					<row0>	1.0000 0.0000 0.0000 0.0000	</row0>
					<row1>	0.0000 1.0000 0.0000 0.0000	</row1>
					<row2>	0.0000 0.0000 1.0000 0.0000	</row2>
					<row3>	0.0000 0.4717 -2.7141 1.0000	</row3>
				</transform>
			</node>
			<node>
				<identifier>	HP_FX_Fire_3_side_1	</identifier>
				<transform>
					<row0>	1.0000 0.0000 0.0000 0.0000	</row0>
					<row1>	0.0000 1.0000 0.0000 0.0000	</row1>
					<row2>	0.0000 0.0000 1.0000 0.0000	</row2>
					<row3>	0.8931 0.5426 -0.8850 1.0000	</row3>
				</transform>
			</node>
			<node>
				<identifier>	HP_FX_Fire_3_side_2	</identifier>
				<transform>
					<row0>	1.0000 0.0000 0.0000 0.0000	</row0>
					<row1>	0.0000 1.0000 0.0000 0.0000	</row1>
					<row2>	0.0000 0.0000 1.0000 0.0000	</row2>
					<row3>	-0.7026 0.4518 -2.4711 1.0000	</row3>
				</transform>
			</node>
			<node>
				<identifier>	HP_FX_FloodLight_left_2	</identifier>
				<transform>
					<row0>	-0.8883 0.0000 -0.4593 0.0000	</row0>
					<row1>	0.0000 1.0000 0.0000 0.0000	</row1>
					<row2>	0.4593 0.0000 -0.8883 0.0000	</row2>
					<row3>	-0.3590 0.3930 -3.8980 1.0000	</row3>
				</transform>
			</node>
			<node>
				<identifier>	HP_FX_FloodLight_right_1	</identifier>
				<transform>
					<row0>	0.8704 0.0000 -0.4923 0.0000	</row0>
					<row1>	0.0000 1.0000 0.0000 0.0000	</row1>
					<row2>	0.4923 0.0000 0.8704 0.0000	</row2>
					<row3>	0.3590 0.3930 -3.8980 1.0000	</row3>
				</transform>
			</node>
			<node>
				<identifier>	HP_FX_Flood_water_left	</identifier>
				<transform>
					<row0>	-1.0000 0.0000 0.0000 0.0000	</row0>
					<row1>	0.0000 1.0000 0.0000 0.0000	</row1>
					<row2>	0.0000 0.0000 -1.0000 0.0000	</row2>
					<row3>	-1.0752 0.1170 -2.5848 1.0000	</row3>
				</transform>
			</node>
			<node>
				<identifier>	HP_FX_Flood_water_right	</identifier>
				<transform>
					<row0>	1.0000 0.0000 0.0000 0.0000	</row0>
					<row1>	0.0000 1.0000 0.0000 0.0000	</row1>
					<row2>	0.0000 0.0000 1.0000 0.0000	</row2>
					<row3>	1.0850 0.1242 -2.5848 1.0000	</row3>
				</transform>
			</node>
			<node>
				<identifier>	HP_FX_RepairLight_left_2	</identifier>
				<transform>
					<row0>	-0.0560 0.0000 0.9984 0.0000	</row0>
					<row1>	-0.0005 1.0000 0.0000 0.0000	</row1>
					<row2>	-0.9984 -0.0005 -0.0560 0.0000	</row2>
					<row3>	-0.9679 0.2486 -3.8792 1.0000	</row3>
				</transform>
			</node>
			<node>
				<identifier>	HP_FX_RepairLight_right_1	</identifier>
				<transform>
					<row0>	-0.0078 -0.0019 -1.0000 0.0000	</row0>
					<row1>	0.0092 0.9999 -0.0020 0.0000	</row1>
					<row2>	0.9999 -0.0092 -0.0078 0.0000	</row2>
					<row3>	0.9564 0.2568 -4.1634 1.0000	</row3>
				</transform>
			</node>
			<node>
				<identifier>	HP_Flagpole	</identifier>
				<transform>
					<row0>	1.0000 0.0000 0.0000 0.0000	</row0>
					<row1>	0.0000 1.0000 0.0000 0.0000	</row1>
					<row2>	0.0000 0.0000 1.0000 0.0000	</row2>
					<row3>	0.0000 3.0104 -0.8324 1.0000	</row3>
				</transform>
			</node>
			<node>
				<identifier>	HP_JD_8	</identifier>
				<transform>
					<row0>	-1.0000 0.0000 0.0000 0.0000	</row0>
					<row1>	0.0000 1.0000 0.0000 0.0000	</row1>
					<row2>	0.0000 0.0000 -1.0000 0.0000	</row2>
					<row3>	0.0000 1.4702 -1.0757 1.0000	</row3>
				</transform>
			</node>
			<node>
				<identifier>	HP_JF_10	</identifier>
				<transform>
					<row0>	0.0000 0.0000 1.0000 0.0000	</row0>
					<row1>	0.0000 1.0000 0.0000 0.0000	</row1>
					<row2>	-1.0000 0.0000 0.0000 0.0000	</row2>
					<row3>	-0.2481 1.2698 -0.8526 1.0000	</row3>
				</transform>
			</node>
			<node>
				<identifier>	HP_JF_11	</identifier>
				<transform>
					<row0>	0.0000 0.0000 -1.0000 0.0000	</row0>
					<row1>	0.0000 1.0000 0.0000 0.0000	</row1>
					<row2>	1.0000 0.0000 0.0000 0.0000	</row2>
					<row3>	0.2481 1.2698 -0.8529 1.0000	</row3>
				</transform>
			</node>
			<node>
				<identifier>	HP_JF_12	</identifier>
				<transform>
					<row0>	0.0000 0.0000 1.0000 0.0000	</row0>
					<row1>	0.0000 1.0000 0.0000 0.0000	</row1>
					<row2>	-1.0000 0.0000 0.0000 0.0000	</row2>
					<row3>	-0.2186 1.2190 -1.2028 1.0000	</row3>
				</transform>
			</node>
			<node>
				<identifier>	HP_JF_13	</identifier>
				<transform>
					<row0>	0.0000 0.0000 -1.0000 0.0000	</row0>
					<row1>	0.0000 1.0000 0.0000 0.0000	</row1>
					<row2>	1.0000 0.0000 0.0000 0.0000	</row2>
					<row3>	0.2186 1.2190 -1.2028 1.0000	</row3>
				</transform>
			</node>
			<node>
				<identifier>	HP_JF_8	</identifier>
				<transform>
					<row0>	1.0000 0.0000 0.0000 0.0000	</row0>
					<row1>	0.0000 1.0000 0.0000 0.0000	</row1>
					<row2>	0.0000 0.0000 1.0000 0.0000	</row2>
					<row3>	-0.1832 1.3723 -0.7048 1.0000	</row3>
				</transform>
			</node>
			<node>
				<identifier>	HP_JF_9	</identifier>
				<transform>
					<row0>	0.0000 0.0000 -1.0000 0.0000	</row0>
					<row1>	0.0000 1.0000 0.0000 0.0000	</row1>
					<row2>	1.0000 0.0000 0.0000 0.0000	</row2>
					<row3>	0.1837 1.3723 -0.7048 1.0000	</row3>
				</transform>
			</node>
			<node>
				<identifier>	HP_JGA_37	</identifier>
				<transform>
					<row0>	0.0000 0.0000 1.0000 0.0000	</row0>
					<row1>	0.0000 1.0000 0.0000 0.0000	</row1>
					<row2>	-1.0000 0.0000 0.0000 0.0000	</row2>
					<row3>	-0.9017 0.4553 -0.8928 1.0000	</row3>
				</transform>
			</node>
			<node>
				<identifier>	HP_JGA_38	</identifier>
				<transform>
					<row0>	0.0000 0.0000 -1.0000 0.0000	</row0>
					<row1>	0.0000 1.0000 0.0000 0.0000	</row1>
					<row2>	1.0000 0.0000 0.0000 0.0000	</row2>
					<row3>	0.9017 0.4553 -0.8928 1.0000	</row3>
				</transform>
			</node>
			<node>
				<identifier>	HP_JGM_3	</identifier>
				<transform>
					<row0>	-1.0000 0.0000 0.0000 0.0000	</row0>
					<row1>	0.0000 1.0000 0.0000 0.0000	</row1>
					<row2>	0.0000 0.0000 -1.0000 0.0000	</row2>
					<row3>	0.0000 0.5602 -1.8811 1.0000	</row3>
				</transform>
			</node>
			<node>
				<identifier>	HP_JGM_4	</identifier>
				<transform>
					<row0>	-1.0000 0.0000 0.0000 0.0000	</row0>
					<row1>	0.0000 1.0000 0.0000 0.0000	</row1>
					<row2>	0.0000 0.0000 -1.0000 0.0000	</row2>
					<row3>	0.0000 0.5602 -3.7227 1.0000	</row3>
				</transform>
			</node>
			<node>
				<identifier>	HP_JGS_15	</identifier>
				<transform>
					<row0>	0.9336 0.0000 0.3584 0.0000	</row0>
					<row1>	0.0000 1.0000 0.0000 0.0000	</row1>
					<row2>	-0.3584 0.0000 0.9336 0.0000	</row2>
					<row3>	-0.9313 0.2635 -0.6048 1.0000	</row3>
				</transform>
			</node>
			<node>
				<identifier>	HP_JGS_16	</identifier>
				<transform>
					<row0>	0.9336 0.0000 -0.3584 0.0000	</row0>
					<row1>	0.0000 1.0000 0.0000 0.0000	</row1>
					<row2>	0.3584 0.0000 0.9336 0.0000	</row2>
					<row3>	0.9313 0.2635 -0.6048 1.0000	</row3>
				</transform>
			</node>
			<node>
				<identifier>	HP_JGS_17	</identifier>
				<transform>
					<row0>	0.0000 0.0000 1.0000 0.0000	</row0>
					<row1>	0.0000 1.0000 0.0000 0.0000	</row1>
					<row2>	-1.0000 0.0000 0.0000 0.0000	</row2>
					<row3>	-0.4759 0.6053 -0.7335 1.0000	</row3>
				</transform>
			</node>
			<node>
				<identifier>	HP_JGS_18	</identifier>
				<transform>
					<row0>	0.0000 0.0000 -1.0000 0.0000	</row0>
					<row1>	0.0000 1.0000 0.0000 0.0000	</row1>
					<row2>	1.0000 0.0000 0.0000 0.0000	</row2>
					<row3>	0.4759 0.6053 -0.7335 1.0000	</row3>
				</transform>
			</node>
			<node>
				<identifier>	HP_JGS_19	</identifier>
				<transform>
					<row0>	0.9272 0.0000 0.3746 0.0000	</row0>
					<row1>	0.0000 1.0000 0.0000 0.0000	</row1>
					<row2>	-0.3746 0.0000 0.9272 0.0000	</row2>
					<row3>	-0.9320 0.2601 -1.3451 1.0000	</row3>
				</transform>
			</node>
			<node>
				<identifier>	HP_JGS_20	</identifier>
				<transform>
					<row0>	0.9272 0.0000 -0.3746 0.0000	</row0>
					<row1>	0.0000 1.0000 0.0000 0.0000	</row1>
					<row2>	0.3746 0.0000 0.9272 0.0000	</row2>
					<row3>	0.9320 0.2601 -1.3452 1.0000	</row3>
				</transform>
			</node>
			<node>
				<identifier>	HP_JGS_21	</identifier>
				<transform>
					<row0>	-1.0000 0.0000 0.0000 0.0000	</row0>
					<row1>	0.0000 1.0000 0.0000 0.0000	</row1>
					<row2>	0.0000 0.0000 -1.0000 0.0000	</row2>
					<row3>	-0.9215 0.2584 -2.0851 1.0000	</row3>
				</transform>
			</node>
			<node>
				<identifier>	HP_JGS_22	</identifier>
				<transform>
					<row0>	-1.0000 0.0000 0.0000 0.0000	</row0>
					<row1>	0.0000 1.0000 0.0000 0.0000	</row1>
					<row2>	0.0000 0.0000 -1.0000 0.0000	</row2>
					<row3>	0.9215 0.2584 -2.0851 1.0000	</row3>
				</transform>
			</node>
			<node>
				<identifier>	HP_JGS_23	</identifier>
				<transform>
					<row0>	-1.0000 0.0000 0.0000 0.0000	</row0>
					<row1>	0.0000 1.0000 0.0000 0.0000	</row1>
					<row2>	0.0000 0.0000 -1.0000 0.0000	</row2>
					<row3>	-0.8353 0.2567 -2.7114 1.0000	</row3>
				</transform>
			</node>
			<node>
				<identifier>	HP_JGS_24	</identifier>
				<transform>
					<row0>	-1.0000 0.0000 0.0000 0.0000	</row0>
					<row1>	0.0000 1.0000 0.0000 0.0000	</row1>
					<row2>	0.0000 0.0000 -1.0000 0.0000	</row2>
					<row3>	0.8353 0.2567 -2.7114 1.0000	</row3>
				</transform>
			</node>
			<node>
				<identifier>	HP_JRS_4	</identifier>
				<transform>
					<row0>	-0.5984 0.0000 0.8012 0.0000	</row0>
					<row1>	0.0000 1.0000 0.0000 0.0000	</row1>
					<row2>	-0.8012 0.0000 -0.5984 0.0000	</row2>
					<row3>	-0.1712 1.5808 -0.9629 1.0000	</row3>
				</transform>
			</node>
			<node>
				<identifier>	HP_JRS_5	</identifier>
				<transform>
					<row0>	-0.8012 0.0000 -0.5984 0.0000	</row0>
					<row1>	0.0000 1.0000 0.0000 0.0000	</row1>
					<row2>	0.5984 0.0000 -0.8012 0.0000	</row2>
					<row3>	0.1712 1.5808 -0.9629 1.0000	</row3>
				</transform>
			</node>
			<node>
				<identifier>	HP_Ship_death_2	</identifier>
				<transform>
					<row0>	1.0000 0.0000 0.0000 0.0000	</row0>
					<row1>	0.0000 1.0000 0.0000 0.0000	</row1>
					<row2>	0.0000 0.0000 1.0000 0.0000	</row2>
					<row3>	0.0000 0.0000 -0.3751 1.0000	</row3>
				</transform>
			</node>
			<node>
				<identifier>	HP_flag_courtesy	</identifier>
				<transform>
					<row0>	0.9850 -0.1726 -0.0007 0.0000	</row0>
					<row1>	0.1726 0.9850 0.0083 0.0000	</row1>
					<row2>	-0.0007 -0.0083 1.0000 0.0000	</row2>
					<row3>	0.3217 2.6604 -0.8379 1.0000	</row3>
				</transform>
			</node>
			<node>
				<identifier>	HP_flag_house	</identifier>
				<transform>
					<row0>	0.9850 0.1726 0.0007 0.0000	</row0>
					<row1>	-0.1726 0.9850 0.0083 0.0000	</row1>
					<row2>	0.0007 -0.0083 1.0000 0.0000	</row2>
					<row3>	-0.3217 2.6604 -0.8379 1.0000	</row3>
				</transform>
			</node>
			<node>
				<identifier>	HP_flag_nation	</identifier>
				<transform>
					<row0>	1.0000 0.0000 0.0000 0.0000	</row0>
					<row1>	0.0000 0.9736 -0.2283 0.0000	</row1>
					<row2>	0.0000 0.2283 0.9736 0.0000	</row2>
					<row3>	0.0005 2.7529 -1.0430 1.0000	</row3>
				</transform>
			</node>
			<node>
				<identifier>	HP_flag_rank	</identifier>
				<transform>
					<row0>	1.0000 0.0000 0.0000 0.0000	</row0>
					<row1>	0.0000 0.9736 -0.2283 0.0000	</row1>
					<row2>	0.0000 0.2283 0.9736 0.0000	</row2>
					<row3>	0.0005 2.5084 -0.9857 1.0000	</row3>
				</transform>
			</node>
			<node>
				<identifier>	MP_CM011_Fire_Fighting_Gear	</identifier>
				<transform>
					<row0>	0.5271 0.0000 0.8498 0.0000	</row0>
					<row1>	0.0000 1.0000 0.0000 0.0000	</row1>
					<row2>	-0.8498 0.0000 0.5271 0.0000	</row2>
					<row3>	0.4051 0.2541 -3.6775 1.0000	</row3>
				</transform>
			</node>
			<node>
				<identifier>	MP_CM011_Fire_Fighting_Gear_INDEX_1	</identifier>
				<transform>
					<row0>	0.8203 0.0000 -0.5719 0.0000	</row0>
					<row1>	0.0000 1.0000 0.0000 0.0000	</row1>
					<row2>	0.5719 0.0000 0.8203 0.0000	</row2>
					<row3>	-0.5090 0.4528 -0.9621 1.0000	</row3>
				</transform>
			</node>
			<node>
				<identifier>	MP_CM011_Fire_Fighting_Gear_INDEX_2	</identifier>
				<transform>
					<row0>	0.5271 0.0000 -0.8498 0.0000	</row0>
					<row1>	0.0000 1.0000 0.0000 0.0000	</row1>
					<row2>	0.8498 0.0000 0.5271 0.0000	</row2>
					<row3>	-0.4055 0.2541 -3.6790 1.0000	</row3>
				</transform>
			</node>
			<node>
				<identifier>	MP_CM011_Fire_Fighting_Gear_INDEX_3	</identifier>
				<transform>
					<row0>	0.8203 0.0000 0.5719 0.0000	</row0>
					<row1>	0.0000 1.0000 0.0000 0.0000	</row1>
					<row2>	-0.5719 0.0000 0.8203 0.0000	</row2>
					<row3>	0.5090 0.4528 -0.9621 1.0000	</row3>
				</transform>
			</node>
			<node>
				<identifier>	MP_CM012_Fire_Hose_Rack_1	</identifier>
				<transform>
					<row0>	-0.5721 0.0000 0.8202 0.0000	</row0>
					<row1>	0.0000 1.0000 0.0000 0.0000	</row1>
					<row2>	-0.8202 0.0000 -0.5721 0.0000	</row2>
					<row3>	0.4830 0.5048 -0.9699 1.0000	</row3>
				</transform>
			</node>
			<node>
				<identifier>	MP_CM012_Fire_Hose_Rack_1_INDEX_1	</identifier>
				<transform>
					<row0>	-0.8492 0.0000 0.5280 0.0000	</row0>
					<row1>	0.0000 1.0000 0.0000 0.0000	</row1>
					<row2>	-0.5280 0.0000 -0.8492 0.0000	</row2>
					<row3>	0.4079 0.3066 -3.6490 1.0000	</row3>
				</transform>
			</node>
			<node>
				<identifier>	MP_CM012_Fire_Hose_Rack_1_INDEX_2	</identifier>
				<transform>
					<row0>	0.8489 0.0000 0.5285 0.0000	</row0>
					<row1>	0.0000 1.0000 0.0000 0.0000	</row1>
					<row2>	-0.5285 0.0000 0.8489 0.0000	</row2>
					<row3>	-0.4079 0.3066 -3.6490 1.0000	</row3>
				</transform>
			</node>
			<node>
				<identifier>	MP_CM012_Fire_Hose_Rack_1_INDEX_3	</identifier>
				<transform>
					<row0>	0.5699 0.0000 0.8217 0.0000	</row0>
					<row1>	0.0000 1.0000 0.0000 0.0000	</row1>
					<row2>	-0.8217 0.0000 0.5699 0.0000	</row2>
					<row3>	-0.4830 0.5048 -0.9696 1.0000	</row3>
				</transform>
			</node>
			<node>
				<identifier>	MP_JM004_Searchlight_Control_2	</identifier>
				<transform>
					<row0>	0.0000 0.0000 -1.3700 0.0000	</row0>
					<row1>	0.0000 1.3700 0.0000 0.0000	</row1>
					<row2>	1.3700 0.0000 0.0000 0.0000	</row2>
					<row3>	-0.1558 1.4095 -0.9796 1.0000	</row3>
				</transform>
			</node>
			<node>
				<identifier>	MP_JM004_Searchlight_Control_2_INDEX_1	</identifier>
				<transform>
					<row0>	0.0000 0.0000 1.3700 0.0000	</row0>
					<row1>	0.0000 1.3700 0.0000 0.0000	</row1>
					<row2>	-1.3700 0.0000 0.0000 0.0000	</row2>
					<row3>	0.1558 1.4095 -0.9796 1.0000	</row3>
				</transform>
			</node>
			<node>
				<identifier>	MP_JM011_Day_Light	</identifier>
				<transform>
					<row0>	1.0000 0.0000 0.0000 0.0000	</row0>
					<row1>	0.0000 1.0000 0.0000 0.0000	</row1>
					<row2>	0.0000 0.0000 1.0000 0.0000	</row2>
					<row3>	0.2499 2.1233 -0.7306 1.0000	</row3>
				</transform>
			</node>
			<node>
				<identifier>	MP_JM011_Day_Light_INDEX_1	</identifier>
				<transform>
					<row0>	1.0000 0.0000 0.0000 0.0000	</row0>
					<row1>	0.0000 1.0000 0.0000 0.0000	</row1>
					<row2>	0.0000 0.0000 1.0000 0.0000	</row2>
					<row3>	-0.2499 2.1233 -0.7306 1.0000	</row3>
				</transform>
			</node>
			<node>
				<identifier>	MP_JM014_Reels_2	</identifier>
				<transform>
					<row0>	0.5679 0.0000 1.2797 0.0000	</row0>
					<row1>	0.0000 1.4000 0.0000 0.0000	</row1>
					<row2>	-1.2797 0.0000 0.5679 0.0000	</row2>
					<row3>	0.3882 0.2474 -3.9000 1.0000	</row3>
				</transform>
			</node>
			<node>
				<identifier>	MP_JM014_Reels_2_INDEX_1	</identifier>
				<transform>
					<row0>	0.3743 0.0000 -1.1401 0.0000	</row0>
					<row1>	0.0000 1.2000 0.0000 0.0000	</row1>
					<row2>	1.1401 0.0000 0.3743 0.0000	</row2>
					<row3>	-0.4114 0.2483 -3.8533 1.0000	</row3>
				</transform>
			</node>
			<node>
				<identifier>	MP_JM014_Reels_2_INDEX_2	</identifier>
				<transform>
					<row0>	0.0000 0.0000 1.2000 0.0000	</row0>
					<row1>	0.0000 1.2000 0.0000 0.0000	</row1>
					<row2>	-1.2000 0.0000 0.0000 0.0000	</row2>
					<row3>	0.3565 0.4374 -2.2061 1.0000	</row3>
				</transform>
			</node>
			<node>
				<identifier>	MP_JM014_Reels_2_INDEX_3	</identifier>
				<transform>
					<row0>	0.5000 0.0000 0.8660 0.0000	</row0>
					<row1>	0.0000 1.0000 0.0000 0.0000	</row1>
					<row2>	-0.8660 0.0000 0.5000 0.0000	</row2>
					<row3>	-0.4002 0.4369 -3.4778 1.0000	</row3>
				</transform>
			</node>
			<node>
				<identifier>	MP_JM014_Reels_2_INDEX_4	</identifier>
				<transform>
					<row0>	1.4000 0.0000 0.0000 0.0000	</row0>
					<row1>	0.0000 1.4000 0.0000 0.0000	</row1>
					<row2>	0.0000 0.0000 1.4000 0.0000	</row2>
					<row3>	-0.3564 0.4445 -1.2831 1.0000	</row3>
				</transform>
			</node>
			<node>
				<identifier>	MP_JM014_Reels_2_INDEX_5	</identifier>
				<transform>
					<row0>	0.5000 0.0000 -0.8660 0.0000	</row0>
					<row1>	0.0000 1.0000 0.0000 0.0000	</row1>
					<row2>	0.8660 0.0000 0.5000 0.0000	</row2>
					<row3>	0.4002 0.4369 -3.4778 1.0000	</row3>
				</transform>
			</node>
			<node>
				<identifier>	MP_JM018_Ventilators_2	</identifier>
				<transform>
					<row0>	0.0000 0.0000 0.8000 0.0000	</row0>
					<row1>	0.0000 0.8000 0.0000 0.0000	</row1>
					<row2>	-0.8000 0.0000 0.0000 0.0000	</row2>
					<row3>	-0.3914 0.4416 -2.0277 1.0000	</row3>
				</transform>
			</node>
			<node>
				<identifier>	MP_JM018_Ventilators_2_INDEX_1	</identifier>
				<transform>
					<row0>	0.0000 0.0000 0.5000 0.0000	</row0>
					<row1>	0.0000 0.5000 0.0000 0.0000	</row1>
					<row2>	-0.5000 0.0000 0.0000 0.0000	</row2>
					<row3>	-0.3706 0.4413 -2.1060 1.0000	</row3>
				</transform>
			</node>
			<node>
				<identifier>	MP_JM018_Ventilators_2_INDEX_2	</identifier>
				<transform>
					<row0>	0.0000 0.0000 -0.8000 0.0000	</row0>
					<row1>	0.0000 0.8000 0.0000 0.0000	</row1>
					<row2>	0.8000 0.0000 0.0000 0.0000	</row2>
					<row3>	0.3913 0.4417 -2.0277 1.0000	</row3>
				</transform>
			</node>
			<node>
				<identifier>	MP_JM022_Ventilators_6	</identifier>
				<transform>
					<row0>	0.4000 0.0000 0.0000 0.0000	</row0>
					<row1>	0.0000 0.4000 0.0000 0.0000	</row1>
					<row2>	0.0000 0.0000 0.4000 0.0000	</row2>
					<row3>	0.4235 0.2522 -3.7730 1.0000	</row3>
				</transform>
			</node>
			<node>
				<identifier>	MP_JM022_Ventilators_6_INDEX_1	</identifier>
				<transform>
					<row0>	0.4000 0.0000 0.0000 0.0000	</row0>
					<row1>	0.0000 0.4000 0.0000 0.0000	</row1>
					<row2>	0.0000 0.0000 0.4000 0.0000	</row2>
					<row3>	0.4867 0.2521 -3.8417 1.0000	</row3>
				</transform>
			</node>
			<node>
				<identifier>	MP_JM022_Ventilators_6_INDEX_2	</identifier>
				<transform>
					<row0>	0.4000 0.0000 0.0000 0.0000	</row0>
					<row1>	0.0000 0.4000 0.0000 0.0000	</row1>
					<row2>	0.0000 0.0000 0.4000 0.0000	</row2>
					<row3>	0.3116 0.4493 -1.3296 1.0000	</row3>
				</transform>
			</node>
			<node>
				<identifier>	MP_JM026_Bollards	</identifier>
				<transform>
					<row0>	0.0281 0.0000 0.5993 0.0000	</row0>
					<row1>	0.0000 0.7000 0.0000 0.0000	</row1>
					<row2>	-0.5993 0.0000 0.0281 0.0000	</row2>
					<row3>	0.9477 0.2514 -3.5115 1.0000	</row3>
				</transform>
			</node>
			<node>
				<identifier>	MP_JM026_Bollards_INDEX_1	</identifier>
				<transform>
					<row0>	0.0281 0.0000 -0.5993 0.0000	</row0>
					<row1>	0.0000 0.7000 0.0000 0.0000	</row1>
					<row2>	0.5993 0.0000 0.0281 0.0000	</row2>
					<row3>	-0.9477 0.2514 -3.5115 1.0000	</row3>
				</transform>
			</node>
			<node>
				<identifier>	MP_JM027_Fairlead_2	</identifier>
				<transform>
					<row0>	0.9984 0.0005 -0.0560 0.0000	</row0>
					<row1>	-0.0010 1.0000 -0.0088 0.0000	</row1>
					<row2>	0.0560 0.0088 0.9984 0.0000	</row2>
					<row3>	0.9470 0.2613 -3.9301 1.0000	</row3>
				</transform>
			</node>
			<node>
				<identifier>	MP_JM027_Fairlead_2_INDEX_1	</identifier>
				<transform>
					<row0>	0.9984 0.0005 0.0560 0.0000	</row0>
					<row1>	0.0000 1.0000 -0.0088 0.0000	</row1>
					<row2>	-0.0560 0.0088 0.9984 0.0000	</row2>
					<row3>	-0.9470 0.2613 -3.9301 1.0000	</row3>
				</transform>
			</node>
			<node>
				<identifier>	MP_JM030_Wind_Direction	</identifier>
				<transform>
					<row0>	-1.0000 0.0000 0.0000 0.0000	</row0>
					<row1>	0.0000 1.0000 0.0000 0.0000	</row1>
					<row2>	0.0000 0.0000 -1.0000 0.0000	</row2>
					<row3>	-0.2694 2.6966 -0.8368 1.0000	</row3>
				</transform>
			</node>
			<node>
				<identifier>	MP_JM031_Wind_Intensity	</identifier>
				<transform>
					<row0>	-1.0000 0.0000 0.0000 0.0000	</row0>
					<row1>	0.0000 1.0000 0.0000 0.0000	</row1>
					<row2>	0.0000 0.0000 -1.0000 0.0000	</row2>
					<row3>	0.2693 2.6966 -0.8368 1.0000	</row3>
				</transform>
			</node>
			<node>
				<identifier>	MP_JM032_Electric_Deck_Winch	</identifier>
				<transform>
					<row0>	0.4795 0.0000 -0.6403 0.0000	</row0>
					<row1>	0.0000 0.8000 0.0000 0.0000	</row1>
					<row2>	0.6403 0.0000 0.4795 0.0000	</row2>
					<row3>	-0.3357 0.2493 -3.9887 1.0000	</row3>
				</transform>
			</node>
			<node>
				<identifier>	MP_JM055_Deck_Hatch_4	</identifier>
				<transform>
					<row0>	1.0000 0.0000 0.0000 0.0000	</row0>
					<row1>	0.0000 1.0000 0.0000 0.0000	</row1>
					<row2>	0.0000 0.0000 1.0000 0.0000	</row2>
					<row3>	-0.2686 0.4379 -2.5805 1.0000	</row3>
				</transform>
			</node>
			<node>
				<identifier>	MP_JM055_Deck_Hatch_4_INDEX_1	</identifier>
				<transform>
					<row0>	0.0000 0.0000 1.0000 0.0000	</row0>
					<row1>	0.0000 1.0000 0.0000 0.0000	</row1>
					<row2>	-1.0000 0.0000 0.0000 0.0000	</row2>
					<row3>	0.5409 0.4423 -1.8810 1.0000	</row3>
				</transform>
			</node>
			<node>
				<identifier>	MP_JM055_Deck_Hatch_4_INDEX_2	</identifier>
				<transform>
					<row0>	0.0000 0.0000 1.0000 0.0000	</row0>
					<row1>	0.0000 1.0000 0.0000 0.0000	</row1>
					<row2>	-1.0000 0.0000 0.0000 0.0000	</row2>
					<row3>	-0.5409 0.4431 -1.8810 1.0000	</row3>
				</transform>
			</node>
			<node>
				<identifier>	MP_JM058_Deck_Hatch_7	</identifier>
				<transform>
					<row0>	0.0000 0.0000 -1.0000 0.0000	</row0>
					<row1>	0.0000 1.0000 0.0000 0.0000	</row1>
					<row2>	1.0000 0.0000 0.0000 0.0000	</row2>
					<row3>	0.7761 0.4502 -0.8873 1.0000	</row3>
				</transform>
			</node>
			<node>
				<identifier>	MP_JM058_Deck_Hatch_7_INDEX_1	</identifier>
				<transform>
					<row0>	0.0000 0.0000 1.0000 0.0000	</row0>
					<row1>	0.0000 1.0000 0.0000 0.0000	</row1>
					<row2>	-1.0000 0.0000 0.0000 0.0000	</row2>
					<row3>	-0.7760 0.4502 -0.8873 1.0000	</row3>
				</transform>
			</node>
			<node>
				<identifier>	MP_JM061_Deck_Hatch_10	</identifier>
				<transform>
					<row0>	1.0000 0.0000 0.0000 0.0000	</row0>
					<row1>	0.0000 1.0000 0.0000 0.0000	</row1>
					<row2>	0.0000 0.0000 1.0000 0.0000	</row2>
					<row3>	-0.2001 0.2502 -4.1959 1.0000	</row3>
				</transform>
			</node>
			<node>
				<identifier>	MP_JM061_Deck_Hatch_10_INDEX_1	</identifier>
				<transform>
					<row0>	1.0000 0.0000 0.0000 0.0000	</row0>
					<row1>	0.0000 1.0000 0.0000 0.0000	</row1>
					<row2>	0.0000 0.0000 1.0000 0.0000	</row2>
					<row3>	0.2001 0.2502 -4.1959 1.0000	</row3>
				</transform>
			</node>
			<node>
				<identifier>	MP_JM082_Gun_Deck_2	</identifier>
				<transform>
					<row0>	0.5000 0.0000 0.8660 0.0000	</row0>
					<row1>	0.0063 1.0000 -0.0036 0.0000	</row1>
					<row2>	-0.8660 0.0073 0.5000 0.0000	</row2>
					<row3>	0.9016 0.4535 -0.8865 1.0000	</row3>
				</transform>
			</node>
			<node>
				<identifier>	MP_JM082_Gun_Deck_2_INDEX_1	</identifier>
				<transform>
					<row0>	1.0000 0.0000 0.0000 0.0000	</row0>
					<row1>	0.0000 0.9999 -0.0116 0.0000	</row1>
					<row2>	0.0000 0.0116 0.9999 0.0000	</row2>
					<row3>	-0.9017 0.4535 -0.8866 1.0000	</row3>
				</transform>
			</node>
			<node>
				<identifier>	MP_JM105_Ventilators_9	</identifier>
				<transform>
					<row0>	0.0000 0.0000 1.0000 0.0000	</row0>
					<row1>	0.0000 1.2000 0.0000 0.0000	</row1>
					<row2>	-1.0000 0.0000 0.0000 0.0000	</row2>
					<row3>	0.4588 0.4476 -1.2389 1.0000	</row3>
				</transform>
			</node>
			<node>
				<identifier>	MP_JM105_Ventilators_9_INDEX_1	</identifier>
				<transform>
					<row0>	0.0000 0.0000 1.0000 0.0000	</row0>
					<row1>	0.0000 1.2000 0.0000 0.0000	</row1>
					<row2>	-1.0000 0.0000 0.0000 0.0000	</row2>
					<row3>	-0.1519 0.4476 -1.2389 1.0000	</row3>
				</transform>
			</node>
			<node>
				<identifier>	MP_JM125_Signal_Lamp_3	</identifier>
				<transform>
					<row0>	1.0000 0.0000 0.0000 0.0000	</row0>
					<row1>	0.0000 1.0000 0.0000 0.0000	</row1>
					<row2>	0.0000 0.0000 1.0000 0.0000	</row2>
					<row3>	0.3384 2.6979 -0.8372 1.0000	</row3>
				</transform>
			</node>
			<node>
				<identifier>	MP_JM125_Signal_Lamp_3_INDEX_1	</identifier>
				<transform>
					<row0>	1.0000 0.0000 0.0000 0.0000	</row0>
					<row1>	0.0000 1.0000 0.0000 0.0000	</row1>
					<row2>	0.0000 0.0000 1.0000 0.0000	</row2>
					<row3>	-0.3384 2.6979 -0.8372 1.0000	</row3>
				</transform>
			</node>
			<node>
				<identifier>	MP_JM125_Signal_Lamp_3_INDEX_2	</identifier>
				<transform>
					<row0>	0.0000 0.0000 1.0000 0.0000	</row0>
					<row1>	0.0000 1.0000 0.0000 0.0000	</row1>
					<row2>	-1.0000 0.0000 0.0000 0.0000	</row2>
					<row3>	0.0000 3.0694 -0.8150 1.0000	</row3>
				</transform>
			</node>
			<node>
				<identifier>	MP_JM168_Ventilation	</identifier>
				<transform>
					<row0>	0.5000 0.0000 0.0000 0.0000	</row0>
					<row1>	0.0000 0.5000 0.0000 0.0000	</row1>
					<row2>	0.0000 0.0000 0.5000 0.0000	</row2>
					<row3>	0.1850 0.4485 -1.2510 1.0000	</row3>
				</transform>
			</node>
			<node>
				<identifier>	MP_JM168_Ventilation_INDEX_1	</identifier>
				<transform>
					<row0>	-0.5000 0.0000 0.0000 0.0000	</row0>
					<row1>	0.0000 0.5000 0.0000 0.0000	</row1>
					<row2>	0.0000 0.0000 -0.5000 0.0000	</row2>
					<row3>	0.3125 0.2513 -4.0098 1.0000	</row3>
				</transform>
			</node>
			<node>
				<identifier>	MP_JM168_Ventilation_INDEX_2	</identifier>
				<transform>
					<row0>	-0.5000 0.0000 0.0000 0.0000	</row0>
					<row1>	0.0000 0.5000 0.0000 0.0000	</row1>
					<row2>	0.0000 0.0000 -0.5000 0.0000	</row2>
					<row3>	0.1850 0.4485 -1.3192 1.0000	</row3>
				</transform>
			</node>
			<node>
				<identifier>	SP_YMS011_YHWL_M_1_INDEX_10	</identifier>
				<transform>
					<row0>	1.0000 0.0000 0.0000 0.0000	</row0>
					<row1>	0.0000 1.0000 0.0000 0.0000	</row1>
					<row2>	0.0000 0.0000 1.0000 0.0000	</row2>
					<row3>	-1.1177 0.0000 -0.8943 1.0000	</row3>
				</transform>
			</node>
			<node>
				<identifier>	SP_YMS011_YHWL_M_1_INDEX_11	</identifier>
				<transform>
					<row0>	0.9998 0.0000 0.0213 0.0000	</row0>
					<row1>	0.0000 1.0000 0.0000 0.0000	</row1>
					<row2>	-0.0213 0.0000 0.9998 0.0000	</row2>
					<row3>	-1.1066 0.0000 -1.7412 1.0000	</row3>
				</transform>
			</node>
			<node>
				<identifier>	SP_YMS011_YHWL_M_1_INDEX_12	</identifier>
				<transform>
					<row0>	0.9988 0.0000 0.0488 0.0000	</row0>
					<row1>	0.0000 1.0000 0.0000 0.0000	</row1>
					<row2>	-0.0488 0.0000 0.9988 0.0000	</row2>
					<row3>	-1.0770 0.0000 -2.5892 1.0000	</row3>
				</transform>
			</node>
			<node>
				<identifier>	SP_YMS011_YHWL_M_1_INDEX_13	</identifier>
				<transform>
					<row0>	0.9968 0.0000 0.0802 0.0000	</row0>
					<row1>	0.0000 1.0000 0.0000 0.0000	</row1>
					<row2>	-0.0802 0.0000 0.9968 0.0000	</row2>
					<row3>	-1.0241 0.0000 -3.4372 1.0000	</row3>
				</transform>
			</node>
			<node>
				<identifier>	SP_YMS012_YHWR_M_1_INDEX_10	</identifier>
				<transform>
					<row0>	1.0000 0.0000 0.0000 0.0000	</row0>
					<row1>	0.0000 1.0000 0.0000 0.0000	</row1>
					<row2>	0.0000 0.0000 1.0000 0.0000	</row2>
					<row3>	1.1177 0.0000 -0.8943 1.0000	</row3>
				</transform>
			</node>
			<node>
				<identifier>	SP_YMS012_YHWR_M_1_INDEX_11	</identifier>
				<transform>
					<row0>	0.9998 0.0000 -0.0213 0.0000	</row0>
					<row1>	0.0000 1.0000 0.0000 0.0000	</row1>
					<row2>	0.0213 0.0000 0.9998 0.0000	</row2>
					<row3>	1.1066 0.0000 -1.7412 1.0000	</row3>
				</transform>
			</node>
			<node>
				<identifier>	SP_YMS012_YHWR_M_1_INDEX_12	</identifier>
				<transform>
					<row0>	0.9988 0.0000 -0.0488 0.0000	</row0>
					<row1>	0.0000 1.0000 0.0000 0.0000	</row1>
					<row2>	0.0488 0.0000 0.9988 0.0000	</row2>
					<row3>	1.0770 0.0000 -2.5892 1.0000	</row3>
				</transform>
			</node>
			<node>
				<identifier>	SP_YMS012_YHWR_M_1_INDEX_13	</identifier>
				<transform>
					<row0>	0.9968 0.0000 -0.0802 0.0000	</row0>
					<row1>	0.0000 1.0000 0.0000 0.0000	</row1>
					<row2>	0.0802 0.0000 0.9968 0.0000	</row2>
					<row3>	1.0241 0.0000 -3.4372 1.0000	</row3>
				</transform>
			</node>
			<node>
				<identifier>	SP_YMS021_YHUC_S_1_INDEX_6	</identifier>
				<transform>
					<row0>	-0.1404 0.9901 0.0000 0.0000	</row0>
					<row1>	-0.9901 -0.1404 -0.0078 0.0000	</row1>
					<row2>	-0.0077 -0.0011 1.0000 0.0000	</row2>
					<row3>	-1.1199 -0.3698 -1.3564 1.0000	</row3>
				</transform>
			</node>
			<node>
				<identifier>	SP_YMS021_YHUC_S_1_INDEX_7	</identifier>
				<transform>
					<row0>	-0.1404 -0.9901 0.0000 0.0000	</row0>
					<row1>	0.9901 -0.1404 -0.0078 0.0000	</row1>
					<row2>	0.0077 -0.0011 1.0000 0.0000	</row2>
					<row3>	1.1199 -0.3698 -1.3564 1.0000	</row3>
				</transform>
			</node>
			<node>
				<identifier>	SP_YMS022_YHUS_L_1_INDEX_4	</identifier>
				<transform>
					<row0>	0.0192 0.0033 -0.9998 0.0000	</row0>
					<row1>	-0.1689 0.9856 0.0000 0.0000	</row1>
					<row2>	0.9854 0.1689 0.0194 0.0000	</row2>
					<row3>	-1.0431 -0.5159 -2.0102 1.0000	</row3>
				</transform>
			</node>
			<node>
				<identifier>	SP_YMS022_YHUS_L_1_INDEX_5	</identifier>
				<transform>
					<row0>	0.0192 -0.0033 0.9998 0.0000	</row0>
					<row1>	0.1689 0.9856 0.0000 0.0000	</row1>
					<row2>	-0.9854 0.1689 0.0194 0.0000	</row2>
					<row3>	1.0431 -0.5159 -2.0102 1.0000	</row3>
				</transform>
			</node>
			<node>
				<identifier>	SP_YMS022_YHUS_L_1_INDEX_6	</identifier>
				<transform>
					<row0>	0.1194 0.0059 -0.9928 0.0000	</row0>
					<row1>	-0.2666 0.9635 -0.0263 0.0000	</row1>
					<row2>	0.9564 0.2678 0.1166 0.0000	</row2>
					<row3>	-0.8881 -0.5159 -3.7470 1.0000	</row3>
				</transform>
			</node>
			<node>
				<identifier>	SP_YMS022_YHUS_L_1_INDEX_7	</identifier>
				<transform>
					<row0>	0.1194 -0.0059 0.9928 0.0000	</row0>
					<row1>	0.2666 0.9635 -0.0263 0.0000	</row1>
					<row2>	-0.9564 0.2678 0.1166 0.0000	</row2>
					<row3>	0.8881 -0.5159 -3.7470 1.0000	</row3>
				</transform>
			</node>
			<node>
				<identifier>	SP_YMS050_YHDC_M_1_INDEX_4	</identifier>
				<transform>
					<row0>	0.3873 -0.0018 -0.6423 0.0000	</row0>
					<row1>	-0.0002 0.7500 -0.0022 0.0000	</row1>
					<row2>	0.6423 0.0014 0.3873 0.0000	</row2>
					<row3>	-0.6814 0.2562 -3.2030 1.0000	</row3>
				</transform>
			</node>
			<node>
				<identifier>	SP_YMS050_YHDC_M_1_INDEX_5	</identifier>
				<transform>
					<row0>	0.3873 0.0018 0.6423 0.0000	</row0>
					<row1>	0.0003 0.7500 -0.0022 0.0000	</row1>
					<row2>	-0.6423 0.0014 0.3873 0.0000	</row2>
					<row3>	0.6813 0.2562 -3.2031 1.0000	</row3>
				</transform>
			</node>
			<node>
				<identifier>	SP_YMS053_YHDC_S_1_INDEX_10	</identifier>
				<transform>
					<row0>	0.0000 0.0063 1.0000 0.0000	</row0>
					<row1>	0.0000 1.0000 -0.0063 0.0000	</row1>
					<row2>	-1.0000 0.0000 0.0000 0.0000	</row2>
					<row3>	0.4701 0.4417 -2.8728 1.0000	</row3>
				</transform>
			</node>
			<node>
				<identifier>	SP_YMS053_YHDC_S_1_INDEX_7	</identifier>
				<transform>
					<row0>	0.0000 -0.0063 -1.0000 0.0000	</row0>
					<row1>	0.0000 1.0000 -0.0063 0.0000	</row1>
					<row2>	1.0000 0.0000 0.0000 0.0000	</row2>
					<row3>	-0.7492 0.4514 -1.3359 1.0000	</row3>
				</transform>
			</node>
			<node>
				<identifier>	SP_YMS053_YHDC_S_1_INDEX_8	</identifier>
				<transform>
					<row0>	0.0000 0.0063 1.0000 0.0000	</row0>
					<row1>	0.0000 1.0000 -0.0063 0.0000	</row1>
					<row2>	-1.0000 0.0000 0.0000 0.0000	</row2>
					<row3>	0.7492 0.4514 -1.3359 1.0000	</row3>
				</transform>
			</node>
			<node>
				<identifier>	SP_YMS053_YHDC_S_1_INDEX_9	</identifier>
				<transform>
					<row0>	0.0000 -0.0063 -1.0000 0.0000	</row0>
					<row1>	0.0000 1.0000 -0.0063 0.0000	</row1>
					<row2>	1.0000 0.0000 0.0000 0.0000	</row2>
					<row3>	-0.4701 0.4417 -2.8728 1.0000	</row3>
				</transform>
			</node>
			<node>
				<identifier>	SP_YMS061_YHGH_S_1_INDEX_4	</identifier>
				<transform>
					<row0>	0.3294 0.0000 -0.3294 0.0000	</row0>
					<row1>	0.0000 0.4658 0.0000 0.0000	</row1>
					<row2>	0.3294 0.0000 0.3294 0.0000	</row2>
					<row3>	-0.2186 1.2192 -1.2028 1.0000	</row3>
				</transform>
			</node>
			<node>
				<identifier>	SP_YMS061_YHGH_S_1_INDEX_5	</identifier>
				<transform>
					<row0>	0.3294 0.0000 0.3294 0.0000	</row0>
					<row1>	0.0000 0.4658 0.0000 0.0000	</row1>
					<row2>	-0.3294 0.0000 0.3294 0.0000	</row2>
					<row3>	0.2186 1.2192 -1.2028 1.0000	</row3>
				</transform>
			</node>
			<node>
				<identifier>	SP_YMS062_YHGH_M_1_INDEX_10	</identifier>
				<transform>
					<row0>	0.0000 0.0000 0.4668 0.0000	</row0>
					<row1>	0.0000 0.4668 0.0000 0.0000	</row1>
					<row2>	-0.4668 0.0000 0.0000 0.0000	</row2>
					<row3>	0.2484 1.2695 -0.8526 1.0000	</row3>
				</transform>
			</node>
			<node>
				<identifier>	SP_YMS062_YHGH_M_1_INDEX_11	</identifier>
				<transform>
					<row0>	0.0000 0.0000 -0.4668 0.0000	</row0>
					<row1>	0.0000 0.4668 0.0000 0.0000	</row1>
					<row2>	0.4668 0.0000 0.0000 0.0000	</row2>
					<row3>	0.2484 1.2695 -0.8526 1.0000	</row3>
				</transform>
			</node>
			<node>
				<identifier>	SP_YMS062_YHGH_M_1_INDEX_12	</identifier>
				<transform>
					<row0>	0.0000 0.0000 -0.4590 0.0000	</row0>
					<row1>	0.0000 0.4590 0.0000 0.0000	</row1>
					<row2>	0.4590 0.0000 0.0000 0.0000	</row2>
					<row3>	0.0000 1.4706 -1.0757 1.0000	</row3>
				</transform>
			</node>
			<node>
				<identifier>	SP_YMS062_YHGH_M_1_INDEX_13	</identifier>
				<transform>
					<row0>	0.0000 0.0000 0.4590 0.0000	</row0>
					<row1>	0.0000 0.4590 0.0000 0.0000	</row1>
					<row2>	-0.4590 0.0000 0.0000 0.0000	</row2>
					<row3>	0.0000 1.4706 -1.0757 1.0000	</row3>
				</transform>
			</node>
			<node>
				<identifier>	SP_YMS062_YHGH_M_1_INDEX_4	</identifier>
				<transform>
					<row0>	0.0000 0.0000 -0.3714 0.0000	</row0>
					<row1>	0.0000 0.3714 0.0000 0.0000	</row1>
					<row2>	0.3714 0.0000 0.0000 0.0000	</row2>
					<row3>	-0.1832 1.3724 -0.7051 1.0000	</row3>
				</transform>
			</node>
			<node>
				<identifier>	SP_YMS062_YHGH_M_1_INDEX_5	</identifier>
				<transform>
					<row0>	0.0000 0.0000 0.3714 0.0000	</row0>
					<row1>	0.0000 0.3714 0.0000 0.0000	</row1>
					<row2>	-0.3714 0.0000 0.0000 0.0000	</row2>
					<row3>	-0.1832 1.3724 -0.7051 1.0000	</row3>
				</transform>
			</node>
			<node>
				<identifier>	SP_YMS062_YHGH_M_1_INDEX_6	</identifier>
				<transform>
					<row0>	0.0000 0.0000 0.3714 0.0000	</row0>
					<row1>	0.0000 0.3714 0.0000 0.0000	</row1>
					<row2>	-0.3714 0.0000 0.0000 0.0000	</row2>
					<row3>	0.1832 1.3724 -0.7051 1.0000	</row3>
				</transform>
			</node>
			<node>
				<identifier>	SP_YMS062_YHGH_M_1_INDEX_7	</identifier>
				<transform>
					<row0>	0.0000 0.0000 -0.3714 0.0000	</row0>
					<row1>	0.0000 0.3714 0.0000 0.0000	</row1>
					<row2>	0.3714 0.0000 0.0000 0.0000	</row2>
					<row3>	0.1832 1.3724 -0.7051 1.0000	</row3>
				</transform>
			</node>
			<node>
				<identifier>	SP_YMS062_YHGH_M_1_INDEX_8	</identifier>
				<transform>
					<row0>	0.0000 0.0000 -0.4668 0.0000	</row0>
					<row1>	0.0000 0.4668 0.0000 0.0000	</row1>
					<row2>	0.4668 0.0000 0.0000 0.0000	</row2>
					<row3>	-0.2484 1.2695 -0.8526 1.0000	</row3>
				</transform>
			</node>
			<node>
				<identifier>	SP_YMS062_YHGH_M_1_INDEX_9	</identifier>
				<transform>
					<row0>	0.0000 0.0000 0.4668 0.0000	</row0>
					<row1>	0.0000 0.4668 0.0000 0.0000	</row1>
					<row2>	-0.4668 0.0000 0.0000 0.0000	</row2>
					<row3>	-0.2484 1.2695 -0.8526 1.0000	</row3>
				</transform>
			</node>
			<node>
				<identifier>	SP_YMS063_YHGQ_S_1_INDEX_2	</identifier>
				<transform>
					<row0>	-0.4497 0.0000 -0.6710 0.0000	</row0>
					<row1>	0.0000 0.8078 0.0000 0.0000	</row1>
					<row2>	0.6710 0.0000 -0.4497 0.0000	</row2>
					<row3>	-0.5054 0.6791 -0.6634 1.0000	</row3>
				</transform>
			</node>
			<node>
				<identifier>	SP_YMS063_YHGQ_S_1_INDEX_3	</identifier>
				<transform>
					<row0>	-0.4497 0.0000 0.6710 0.0000	</row0>
					<row1>	0.0000 0.8078 0.0000 0.0000	</row1>
					<row2>	-0.6710 0.0000 -0.4497 0.0000	</row2>
					<row3>	0.5054 0.6791 -0.6634 1.0000	</row3>
				</transform>
			</node>
			<node>
				<identifier>	SP_YMS085_YHSC_S_1_INDEX_2	</identifier>
				<transform>
					<row0>	0.0149 0.0000 -0.6598 0.0000	</row0>
					<row1>	0.0000 0.6600 0.0000 0.0000	</row1>
					<row2>	0.6598 0.0000 0.0149 0.0000	</row2>
					<row3>	-1.0898 0.2090 -1.7922 1.0000	</row3>
				</transform>
			</node>
			<node>
				<identifier>	SP_YMS085_YHSC_S_1_INDEX_3	</identifier>
				<transform>
					<row0>	0.0149 0.0000 0.6598 0.0000	</row0>
					<row1>	0.0000 0.6600 0.0000 0.0000	</row1>
					<row2>	-0.6598 0.0000 0.0149 0.0000	</row2>
					<row3>	1.0898 0.2090 -1.7922 1.0000	</row3>
				</transform>
			</node>
			<node>
				<identifier>	SP_YMS096_YHZC_S_1_INDEX_21	</identifier>
				<transform>
					<row0>	-0.4194 0.0000 -0.8341 0.0000	</row0>
					<row1>	0.0000 0.9336 0.0000 0.0000	</row1>
					<row2>	0.8341 0.0000 -0.4194 0.0000	</row2>
					<row3>	-0.3110 0.8709 -0.8539 1.0000	</row3>
				</transform>
			</node>
			<node>
				<identifier>	SP_YMS096_YHZC_S_1_INDEX_22	</identifier>
				<transform>
					<row0>	-0.4194 0.0000 0.8341 0.0000	</row0>
					<row1>	0.0000 0.9336 0.0000 0.0000	</row1>
					<row2>	-0.8341 0.0000 -0.4194 0.0000	</row2>
					<row3>	0.3110 0.8709 -0.8539 1.0000	</row3>
				</transform>
			</node>
		</node>
	</node>
	<boundingBox>
		<min>	-0.0667 -0.0667 -0.0667	</min>
		<max>	0.0667 0.0667 0.0667	</max>
	</boundingBox>
</JSB013_Amagi_1942_MidBack_ports.visual>
