<GSC010_Yorck_1942_Stern_ports.visual>
	<node>
		<identifier>	Scene Root	</identifier>
		<transform>
			<row0>	1.0000 0.0000 0.0000 0.0000	</row0>
			<row1>	0.0000 1.0000 0.0000 0.0000	</row1>
			<row2>	0.0000 0.0000 1.0000 0.0000	</row2>
			<row3>	0.0000 0.0000 0.0000 1.0000	</row3>
		</transform>
		<node>
			<identifier>	Stern_ports	</identifier>
			<transform>
				<row0>	1.0000 0.0000 0.0000 0.0000	</row0>
				<row1>	0.0000 1.0000 0.0000 0.0000	</row1>
				<row2>	0.0000 0.0000 1.0000 0.0000	</row2>
				<row3>	0.0000 0.0000 0.0000 1.0000	</row3>
			</transform>
			<node>
				<identifier>	HP_FX_Fire_4	</identifier>
				<transform>
					<row0>	1.0000 0.0000 0.0000 0.0000	</row0>
					<row1>	0.0000 1.0000 0.0000 0.0000	</row1>
					<row2>	0.0000 0.0000 1.0000 0.0000	</row2>
					<row3>	0.0000 0.2517 -4.7283 1.0000	</row3>
				</transform>
			</node>
			<node>
				<identifier>	HP_FX_Flood_steam_right	</identifier>
				<transform>
					<row0>	1.0000 0.0000 0.0000 0.0000	</row0>
					<row1>	0.0000 1.0000 0.0000 0.0000	</row1>
					<row2>	0.0000 0.0000 1.0000 0.0000	</row2>
					<row3>	0.4370 0.1910 -4.1910 1.0000	</row3>
				</transform>
			</node>
			<node>
				<identifier>	HP_FX_WakeTraceBack	</identifier>
				<transform>
					<row0>	1.0000 0.0000 0.0000 0.0000	</row0>
					<row1>	0.0000 1.0000 0.0000 0.0000	</row1>
					<row2>	0.0000 0.0000 1.0000 0.0000	</row2>
					<row3>	0.0000 0.0000 -5.7359 1.0000	</row3>
				</transform>
			</node>
			<node>
				<identifier>	HP_FX_WakeTrace_screw_1	</identifier>
				<transform>
					<row0>	1.0000 0.0000 0.0000 0.0000	</row0>
					<row1>	0.0000 1.0000 0.0000 0.0000	</row1>
					<row2>	0.0000 0.0000 1.0000 0.0000	</row2>
					<row3>	-0.2858 -0.3023 -4.8880 1.0000	</row3>
				</transform>
			</node>
			<node>
				<identifier>	HP_FX_WakeTrace_screw_2	</identifier>
				<transform>
					<row0>	1.0000 0.0000 0.0000 0.0000	</row0>
					<row1>	0.0000 1.0000 0.0000 0.0000	</row1>
					<row2>	0.0000 0.0000 1.0000 0.0000	</row2>
					<row3>	0.2858 -0.3023 -4.8880 1.0000	</row3>
				</transform>
			</node>
			<node>
				<identifier>	HP_GGA_19	</identifier>
				<transform>
					<row0>	-0.7071 0.0000 0.7071 0.0000	</row0>
					<row1>	0.0000 1.0000 0.0000 0.0000	</row1>
					<row2>	-0.7071 0.0000 -0.7071 0.0000	</row2>
					<row3>	-0.2467 0.2418 -4.4750 1.0000	</row3>
				</transform>
			</node>
			<node>
				<identifier>	HP_GGA_20	</identifier>
				<transform>
					<row0>	-0.7071 0.0000 -0.7071 0.0000	</row0>
					<row1>	0.0000 1.0000 0.0000 0.0000	</row1>
					<row2>	0.7071 0.0000 -0.7071 0.0000	</row2>
					<row3>	0.2467 0.2418 -4.4750 1.0000	</row3>
				</transform>
			</node>
			<node>
				<identifier>	HP_GGA_21	</identifier>
				<transform>
					<row0>	-0.7071 0.0000 0.7071 0.0000	</row0>
					<row1>	0.0000 1.0000 0.0000 0.0000	</row1>
					<row2>	-0.7071 0.0000 -0.7071 0.0000	</row2>
					<row3>	-0.2182 0.2418 -4.6492 1.0000	</row3>
				</transform>
			</node>
			<node>
				<identifier>	HP_GGA_22	</identifier>
				<transform>
					<row0>	-0.7071 0.0000 -0.7071 0.0000	</row0>
					<row1>	0.0000 1.0000 0.0000 0.0000	</row1>
					<row2>	0.7071 0.0000 -0.7071 0.0000	</row2>
					<row3>	0.2182 0.2418 -4.6492 1.0000	</row3>
				</transform>
			</node>
			<node>
				<identifier>	HP_GGB_1	</identifier>
				<transform>
					<row0>	-0.0872 0.0000 0.9962 0.0000	</row0>
					<row1>	0.0000 1.0000 0.0000 0.0000	</row1>
					<row2>	-0.9962 0.0000 -0.0872 0.0000	</row2>
					<row3>	-0.1839 0.2400 -5.5368 1.0000	</row3>
				</transform>
			</node>
			<node>
				<identifier>	HP_GGB_2	</identifier>
				<transform>
					<row0>	-0.0872 0.0000 -0.9962 0.0000	</row0>
					<row1>	0.0000 1.0000 0.0000 0.0000	</row1>
					<row2>	0.9962 0.0000 -0.0872 0.0000	</row2>
					<row3>	0.1839 0.2400 -5.5368 1.0000	</row3>
				</transform>
			</node>
			<node>
				<identifier>	HP_GGM_4	</identifier>
				<transform>
					<row0>	-1.0000 0.0000 0.0000 0.0000	</row0>
					<row1>	0.0000 1.0000 0.0000 0.0000	</row1>
					<row2>	0.0000 0.0000 -1.0000 0.0000	</row2>
					<row3>	0.0000 0.2967 -3.7352 1.0000	</row3>
				</transform>
			</node>
			<node>
				<identifier>	HP_Ship_death_3	</identifier>
				<transform>
					<row0>	1.0000 0.0000 0.0000 0.0000	</row0>
					<row1>	0.0000 1.0000 0.0000 0.0000	</row1>
					<row2>	0.0000 0.0000 1.0000 0.0000	</row2>
					<row3>	0.0000 0.0000 -3.3784 1.0000	</row3>
				</transform>
			</node>
			<node>
				<identifier>	MP_CM011_Fire_Fighting_Gear	</identifier>
				<transform>
					<row0>	0.3905 0.0000 -0.9206 0.0000	</row0>
					<row1>	0.0000 1.0000 0.0000 0.0000	</row1>
					<row2>	0.9206 0.0000 0.3905 0.0000	</row2>
					<row3>	-0.2281 0.2414 -3.8053 1.0000	</row3>
				</transform>
			</node>
			<node>
				<identifier>	MP_CM011_Fire_Fighting_Gear_INDEX_1	</identifier>
				<transform>
					<row0>	0.3905 0.0000 0.9206 0.0000	</row0>
					<row1>	0.0000 1.0000 0.0000 0.0000	</row1>
					<row2>	-0.9206 0.0000 0.3905 0.0000	</row2>
					<row3>	0.2281 0.2414 -3.8053 1.0000	</row3>
				</transform>
			</node>
			<node>
				<identifier>	MP_CM094_Propeller3_L	</identifier>
				<transform>
					<row0>	-0.4462 -0.2249 0.0000 0.0000	</row0>
					<row1>	0.2249 -0.4461 0.0061 0.0000	</row1>
					<row2>	-0.0028 0.0055 0.4996 0.0000	</row2>
					<row3>	-0.2858 -0.3023 -4.8880 1.0000	</row3>
				</transform>
			</node>
			<node>
				<identifier>	MP_CM095_Propeller3_R	</identifier>
				<transform>
					<row0>	-0.4462 0.2249 0.0000 0.0000	</row0>
					<row1>	-0.2249 -0.4461 0.0061 0.0000	</row1>
					<row2>	0.0028 0.0055 0.4996 0.0000	</row2>
					<row3>	0.2858 -0.3023 -4.8880 1.0000	</row3>
				</transform>
			</node>
			<node>
				<identifier>	MP_GM007_LifeBuoy	</identifier>
				<transform>
					<row0>	0.9960 0.0000 0.0889 0.0000	</row0>
					<row1>	0.0000 1.0000 0.0000 0.0000	</row1>
					<row2>	-0.0889 0.0000 0.9960 0.0000	</row2>
					<row3>	-0.3054 0.2813 -5.3153 1.0000	</row3>
				</transform>
			</node>
			<node>
				<identifier>	MP_GM007_LifeBuoy_INDEX_1	</identifier>
				<transform>
					<row0>	0.9960 0.0000 -0.0889 0.0000	</row0>
					<row1>	0.0000 1.0000 0.0000 0.0000	</row1>
					<row2>	0.0889 0.0000 0.9960 0.0000	</row2>
					<row3>	0.3054 0.2813 -5.3153 1.0000	</row3>
				</transform>
			</node>
			<node>
				<identifier>	MP_GM008_Loudspeaker	</identifier>
				<transform>
					<row0>	1.5000 0.0000 0.0000 0.0000	</row0>
					<row1>	0.0000 1.5000 0.0000 0.0000	</row1>
					<row2>	0.0000 0.0000 1.5000 0.0000	</row2>
					<row3>	0.0000 0.2312 -4.0538 1.0000	</row3>
				</transform>
			</node>
			<node>
				<identifier>	MP_GM014_Sleeve	</identifier>
				<transform>
					<row0>	-0.5273 0.0000 0.6752 0.0000	</row0>
					<row1>	0.0000 0.8567 0.0000 0.0000	</row1>
					<row2>	-0.6752 0.0000 -0.5273 0.0000	</row2>
					<row3>	-0.1823 0.2640 -3.8788 1.0000	</row3>
				</transform>
			</node>
			<node>
				<identifier>	MP_GM016_Sleeve	</identifier>
				<transform>
					<row0>	-0.3905 0.0000 0.9206 0.0000	</row0>
					<row1>	0.0000 1.0000 0.0000 0.0000	</row1>
					<row2>	-0.9206 0.0000 -0.3905 0.0000	</row2>
					<row3>	-0.2138 0.2659 -3.8249 1.0000	</row3>
				</transform>
			</node>
			<node>
				<identifier>	MP_GM016_Sleeve_INDEX_1	</identifier>
				<transform>
					<row0>	-0.3825 0.0000 -0.9240 0.0000	</row0>
					<row1>	0.0000 1.0000 0.0000 0.0000	</row1>
					<row2>	0.9240 0.0000 -0.3825 0.0000	</row2>
					<row3>	0.2107 0.2656 -3.8325 1.0000	</row3>
				</transform>
			</node>
			<node>
				<identifier>	MP_GM017_Siren	</identifier>
				<transform>
					<row0>	0.1057 0.0000 -0.9944 0.0000	</row0>
					<row1>	0.0000 1.0000 0.0000 0.0000	</row1>
					<row2>	0.9944 0.0000 0.1057 0.0000	</row2>
					<row3>	-0.3203 0.2988 -4.6041 1.0000	</row3>
				</transform>
			</node>
			<node>
				<identifier>	MP_GM017_Siren_INDEX_1	</identifier>
				<transform>
					<row0>	0.1057 0.0000 0.9944 0.0000	</row0>
					<row1>	0.0000 1.0000 0.0000 0.0000	</row1>
					<row2>	-0.9944 0.0000 0.1057 0.0000	</row2>
					<row3>	0.3203 0.2988 -4.6032 1.0000	</row3>
				</transform>
			</node>
			<node>
				<identifier>	MP_GM073_Depth_Charge_Stowage	</identifier>
				<transform>
					<row0>	-0.0872 0.0000 -0.9962 0.0000	</row0>
					<row1>	0.0000 1.0000 0.0000 0.0000	</row1>
					<row2>	0.9962 0.0000 -0.0872 0.0000	</row2>
					<row3>	0.2378 0.2400 -5.6025 1.0000	</row3>
				</transform>
			</node>
			<node>
				<identifier>	MP_GM073_Depth_Charge_Stowage_INDEX_1	</identifier>
				<transform>
					<row0>	-0.0872 0.0000 -0.9962 0.0000	</row0>
					<row1>	0.0000 1.0000 0.0000 0.0000	</row1>
					<row2>	0.9962 0.0000 -0.0872 0.0000	</row2>
					<row3>	0.2484 0.2400 -5.4816 1.0000	</row3>
				</transform>
			</node>
			<node>
				<identifier>	MP_GM073_Depth_Charge_Stowage_INDEX_2	</identifier>
				<transform>
					<row0>	-0.0872 0.0000 0.9962 0.0000	</row0>
					<row1>	0.0000 1.0000 0.0000 0.0000	</row1>
					<row2>	-0.9962 0.0000 -0.0872 0.0000	</row2>
					<row3>	-0.2378 0.2400 -5.6025 1.0000	</row3>
				</transform>
			</node>
			<node>
				<identifier>	MP_GM073_Depth_Charge_Stowage_INDEX_3	</identifier>
				<transform>
					<row0>	-0.0872 0.0000 0.9962 0.0000	</row0>
					<row1>	0.0000 1.0000 0.0000 0.0000	</row1>
					<row2>	-0.9962 0.0000 -0.0872 0.0000	</row2>
					<row3>	-0.2484 0.2400 -5.4816 1.0000	</row3>
				</transform>
			</node>
			<node>
				<identifier>	MP_GM702_AmmoBox	</identifier>
				<transform>
					<row0>	1.0000 0.0000 0.0000 0.0000	</row0>
					<row1>	0.0000 1.0000 0.0000 0.0000	</row1>
					<row2>	0.0000 0.0000 1.0000 0.0000	</row2>
					<row3>	-0.0048 0.2394 -4.3703 1.0000	</row3>
				</transform>
			</node>
			<node>
				<identifier>	MP_GM702_AmmoBox_INDEX_1	</identifier>
				<transform>
					<row0>	0.1178 0.0000 0.9930 0.0000	</row0>
					<row1>	0.0000 1.0000 0.0000 0.0000	</row1>
					<row2>	-0.9930 0.0000 0.1178 0.0000	</row2>
					<row3>	0.3074 0.2352 -4.5707 1.0000	</row3>
				</transform>
			</node>
			<node>
				<identifier>	MP_GM702_AmmoBox_INDEX_2	</identifier>
				<transform>
					<row0>	0.1178 0.0000 -0.9930 0.0000	</row0>
					<row1>	0.0000 1.0000 0.0000 0.0000	</row1>
					<row2>	0.9930 0.0000 0.1178 0.0000	</row2>
					<row3>	-0.3074 0.2352 -4.5707 1.0000	</row3>
				</transform>
			</node>
			<node>
				<identifier>	MP_GM702_AmmoBox_INDEX_3	</identifier>
				<transform>
					<row0>	0.0000 0.0000 1.0000 0.0000	</row0>
					<row1>	0.0000 1.0000 0.0000 0.0000	</row1>
					<row2>	-1.0000 0.0000 0.0000 0.0000	</row2>
					<row3>	-0.0467 0.2394 -4.4354 1.0000	</row3>
				</transform>
			</node>
			<node>
				<identifier>	MP_GM800_Ventilators_1	</identifier>
				<transform>
					<row0>	1.0000 0.0000 0.0000 0.0000	</row0>
					<row1>	0.0000 1.0000 0.0000 0.0000	</row1>
					<row2>	0.0000 0.0000 1.0000 0.0000	</row2>
					<row3>	0.0527 0.2416 -5.0330 1.0000	</row3>
				</transform>
			</node>
			<node>
				<identifier>	MP_GM800_Ventilators_1_INDEX_1	</identifier>
				<transform>
					<row0>	1.0000 0.0000 0.0000 0.0000	</row0>
					<row1>	0.0000 1.0000 0.0000 0.0000	</row1>
					<row2>	0.0000 0.0000 1.0000 0.0000	</row2>
					<row3>	0.0532 0.2412 -5.3012 1.0000	</row3>
				</transform>
			</node>
			<node>
				<identifier>	MP_GM800_Ventilators_1_INDEX_2	</identifier>
				<transform>
					<row0>	1.0000 0.0000 0.0000 0.0000	</row0>
					<row1>	0.0000 1.0000 0.0000 0.0000	</row1>
					<row2>	0.0000 0.0000 1.0000 0.0000	</row2>
					<row3>	0.1984 0.2415 -3.9064 1.0000	</row3>
				</transform>
			</node>
			<node>
				<identifier>	MP_GM800_Ventilators_1_INDEX_3	</identifier>
				<transform>
					<row0>	1.0000 0.0000 0.0000 0.0000	</row0>
					<row1>	0.0000 1.0000 0.0000 0.0000	</row1>
					<row2>	0.0000 0.0000 1.0000 0.0000	</row2>
					<row3>	0.0776 0.2411 -4.3718 1.0000	</row3>
				</transform>
			</node>
			<node>
				<identifier>	MP_GM800_Ventilators_1_INDEX_4	</identifier>
				<transform>
					<row0>	1.0000 0.0000 0.0000 0.0000	</row0>
					<row1>	0.0000 1.0000 0.0000 0.0000	</row1>
					<row2>	0.0000 0.0000 1.0000 0.0000	</row2>
					<row3>	-0.1385 0.2415 -3.9651 1.0000	</row3>
				</transform>
			</node>
			<node>
				<identifier>	MP_GM952_Bollard	</identifier>
				<transform>
					<row0>	-1.1987 0.0558 0.0000 0.0000	</row0>
					<row1>	0.0558 1.1987 0.0021 0.0000	</row1>
					<row2>	0.0000 0.0021 -1.2000 0.0000	</row2>
					<row3>	0.2505 0.2392 -5.0386 1.0000	</row3>
				</transform>
			</node>
			<node>
				<identifier>	MP_GM952_Bollard_INDEX_1	</identifier>
				<transform>
					<row0>	-0.8990 0.0419 0.0000 0.0000	</row0>
					<row1>	0.0419 0.8990 0.0016 0.0000	</row1>
					<row2>	0.0000 0.0016 -0.9000 0.0000	</row2>
					<row3>	0.2530 0.2379 -4.1634 1.0000	</row3>
				</transform>
			</node>
			<node>
				<identifier>	MP_GM952_Bollard_INDEX_2	</identifier>
				<transform>
					<row0>	-1.1987 -0.0558 0.0000 0.0000	</row0>
					<row1>	-0.0558 1.1987 0.0021 0.0000	</row1>
					<row2>	0.0000 0.0021 -1.2000 0.0000	</row2>
					<row3>	-0.2505 0.2392 -5.0386 1.0000	</row3>
				</transform>
			</node>
			<node>
				<identifier>	MP_GM952_Bollard_INDEX_3	</identifier>
				<transform>
					<row0>	-0.8990 -0.0419 0.0000 0.0000	</row0>
					<row1>	-0.0419 0.8990 0.0016 0.0000	</row1>
					<row2>	0.0000 0.0016 -0.9000 0.0000	</row2>
					<row3>	-0.2530 0.2379 -4.1634 1.0000	</row3>
				</transform>
			</node>
		</node>
	</node>
	<boundingBox>
		<min>	-0.0667 -0.0667 -0.0667	</min>
		<max>	0.0667 0.0667 0.0667	</max>
	</boundingBox>
</GSC010_Yorck_1942_Stern_ports.visual>
