<BSB044_Renown_1945_Stern_ports.visual>
	<node>
		<identifier>	Scene Root	</identifier>
		<transform>
			<row0>	1.0000 0.0000 0.0000 0.0000	</row0>
			<row1>	0.0000 1.0000 0.0000 0.0000	</row1>
			<row2>	0.0000 0.0000 1.0000 0.0000	</row2>
			<row3>	0.0000 0.0000 0.0000 1.0000	</row3>
		</transform>
		<node>
			<identifier>	Stern_ports	</identifier>
			<transform>
				<row0>	1.0000 0.0000 0.0000 0.0000	</row0>
				<row1>	0.0000 1.0000 0.0000 0.0000	</row1>
				<row2>	0.0000 0.0000 1.0000 0.0000	</row2>
				<row3>	0.0000 0.0000 0.0000 1.0000	</row3>
			</transform>
			<node>
				<identifier>	HP_BGM_3	</identifier>
				<transform>
					<row0>	-1.0000 0.0000 0.0000 0.0000	</row0>
					<row1>	0.0000 1.0000 0.0000 0.0000	</row1>
					<row2>	0.0000 0.0000 -1.0000 0.0000	</row2>
					<row3>	0.0000 0.2844 -5.1859 1.0000	</row3>
				</transform>
			</node>
			<node>
				<identifier>	HP_FX_Death_3	</identifier>
				<transform>
					<row0>	1.0000 0.0000 0.0000 0.0000	</row0>
					<row1>	0.0000 1.0000 0.0000 0.0000	</row1>
					<row2>	0.0000 0.0000 1.0000 0.0000	</row2>
					<row3>	0.0000 0.0000 -4.4423 1.0000	</row3>
				</transform>
			</node>
			<node>
				<identifier>	HP_FX_Fire_4	</identifier>
				<transform>
					<row0>	1.0000 0.0000 0.0000 0.0000	</row0>
					<row1>	0.0000 1.0000 0.0000 0.0000	</row1>
					<row2>	0.0000 0.0000 1.0000 0.0000	</row2>
					<row3>	0.0000 0.3197 -6.4367 1.0000	</row3>
				</transform>
			</node>
			<node>
				<identifier>	HP_FX_RepairLight_left_2	</identifier>
				<transform>
					<row0>	-0.1143 0.0081 0.9934 0.0000	</row0>
					<row1>	-0.0161 0.9998 -0.0101 0.0000	</row1>
					<row2>	-0.9933 -0.0172 -0.1141 0.0000	</row2>
					<row3>	-0.3710 0.2253 -6.7329 1.0000	</row3>
				</transform>
			</node>
			<node>
				<identifier>	HP_FX_RepairLight_right_2	</identifier>
				<transform>
					<row0>	-0.1181 0.0000 -0.9930 0.0000	</row0>
					<row1>	0.0172 0.9999 -0.0020 0.0000	</row1>
					<row2>	0.9928 -0.0173 -0.1181 0.0000	</row2>
					<row3>	0.6992 0.1918 -4.6135 1.0000	</row3>
				</transform>
			</node>
			<node>
				<identifier>	HP_FX_WakeTraceBack	</identifier>
				<transform>
					<row0>	1.0000 0.0000 0.0000 0.0000	</row0>
					<row1>	0.0000 1.0000 0.0000 0.0000	</row1>
					<row2>	0.0000 0.0000 1.0000 0.0000	</row2>
					<row3>	0.0000 0.0000 -8.0005 1.0000	</row3>
				</transform>
			</node>
			<node>
				<identifier>	HP_FX_WakeTrace_screw_1	</identifier>
				<transform>
					<row0>	1.0000 0.0000 0.0000 0.0000	</row0>
					<row1>	0.0000 1.0000 0.0000 0.0000	</row1>
					<row2>	0.0000 0.0000 1.0000 0.0000	</row2>
					<row3>	-0.3784 -0.4407 -6.1540 1.0000	</row3>
				</transform>
			</node>
			<node>
				<identifier>	HP_FX_WakeTrace_screw_2	</identifier>
				<transform>
					<row0>	1.0000 0.0000 0.0000 0.0000	</row0>
					<row1>	0.0000 1.0000 0.0000 0.0000	</row1>
					<row2>	0.0000 0.0000 1.0000 0.0000	</row2>
					<row3>	-0.1668 -0.5035 -6.8595 1.0000	</row3>
				</transform>
			</node>
			<node>
				<identifier>	HP_FX_WakeTrace_screw_3	</identifier>
				<transform>
					<row0>	1.0000 0.0000 0.0000 0.0000	</row0>
					<row1>	0.0000 1.0000 0.0000 0.0000	</row1>
					<row2>	0.0000 0.0000 1.0000 0.0000	</row2>
					<row3>	0.1667 -0.5035 -6.8595 1.0000	</row3>
				</transform>
			</node>
			<node>
				<identifier>	HP_FX_WakeTrace_screw_4	</identifier>
				<transform>
					<row0>	1.0000 0.0000 0.0000 0.0000	</row0>
					<row1>	0.0000 1.0000 0.0000 0.0000	</row1>
					<row2>	0.0000 0.0000 1.0000 0.0000	</row2>
					<row3>	0.3783 -0.4407 -6.1540 1.0000	</row3>
				</transform>
			</node>
			<node>
				<identifier>	HP_Ship_death_3	</identifier>
				<transform>
					<row0>	1.0000 0.0000 0.0000 0.0000	</row0>
					<row1>	0.0000 1.0000 0.0000 0.0000	</row1>
					<row2>	0.0000 0.0000 1.0000 0.0000	</row2>
					<row3>	0.0000 0.0000 -4.3488 1.0000	</row3>
				</transform>
			</node>
			<node>
				<identifier>	MP_BM021_Crown	</identifier>
				<transform>
					<row0>	1.0000 0.0000 0.0000 0.0000	</row0>
					<row1>	0.0000 1.0000 0.0000 0.0000	</row1>
					<row2>	0.0000 0.0000 1.0000 0.0000	</row2>
					<row3>	0.0099 0.7854 -7.9594 1.0000	</row3>
				</transform>
			</node>
			<node>
				<identifier>	MP_BM872_Running_Lights_B	</identifier>
				<transform>
					<row0>	-1.4000 0.0000 0.0000 0.0000	</row0>
					<row1>	0.0000 1.4000 0.0000 0.0000	</row1>
					<row2>	0.0000 0.0000 -1.4000 0.0000	</row2>
					<row3>	0.0005 0.3270 -7.9713 1.0000	</row3>
				</transform>
			</node>
			<node>
				<identifier>	MP_BM959_Anchor_WW2_top	</identifier>
				<transform>
					<row0>	0.0000 0.6609 -0.7505 0.0000	</row0>
					<row1>	0.0000 0.7505 0.6609 0.0000	</row1>
					<row2>	1.0000 0.0000 0.0000 0.0000	</row2>
					<row3>	0.0000 0.0327 -8.0232 1.0000	</row3>
				</transform>
			</node>
			<node>
				<identifier>	MP_BM960_Anchor_WW2_down	</identifier>
				<transform>
					<row0>	0.0000 0.4733 -0.8809 0.0000	</row0>
					<row1>	0.0000 0.8809 0.4733 0.0000	</row1>
					<row2>	1.0000 0.0000 0.0000 0.0000	</row2>
					<row3>	0.0000 0.0303 -8.0241 1.0000	</row3>
				</transform>
			</node>
			<node>
				<identifier>	MP_CM001_Propeller3_L	</identifier>
				<transform>
					<row0>	1.3210 -0.0026 0.0484 0.0000	</row0>
					<row1>	0.0038 1.3216 -0.0310 0.0000	</row1>
					<row2>	-0.0484 0.0311 1.3207 0.0000	</row2>
					<row3>	-0.3784 -0.4407 -6.1540 1.0000	</row3>
				</transform>
			</node>
			<node>
				<identifier>	MP_CM001_Propeller3_L_INDEX_1	</identifier>
				<transform>
					<row0>	1.3219 -0.0029 0.0086 0.0000	</row0>
					<row1>	0.0032 1.3211 -0.0467 0.0000	</row1>
					<row2>	-0.0085 0.0467 1.3211 0.0000	</row2>
					<row3>	-0.1668 -0.5035 -6.8595 1.0000	</row3>
				</transform>
			</node>
			<node>
				<identifier>	MP_CM011_Fire_Fighting_Gear	</identifier>
				<transform>
					<row0>	1.0000 0.0000 0.0000 0.0000	</row0>
					<row1>	0.0000 1.0000 0.0000 0.0000	</row1>
					<row2>	0.0000 0.0000 1.0000 0.0000	</row2>
					<row3>	0.0248 0.2189 -6.2356 1.0000	</row3>
				</transform>
			</node>
			<node>
				<identifier>	MP_CM011_Fire_Fighting_Gear_INDEX_1	</identifier>
				<transform>
					<row0>	1.0000 0.0000 0.0000 0.0000	</row0>
					<row1>	0.0000 1.0000 0.0000 0.0000	</row1>
					<row2>	0.0000 0.0000 1.0000 0.0000	</row2>
					<row3>	-0.0248 0.2189 -6.2356 1.0000	</row3>
				</transform>
			</node>
			<node>
				<identifier>	MP_CM012_Fire_Hose_Rack_1	</identifier>
				<transform>
					<row0>	0.6356 0.0000 0.7720 0.0000	</row0>
					<row1>	0.0000 1.0000 0.0000 0.0000	</row1>
					<row2>	-0.7720 0.0000 0.6356 0.0000	</row2>
					<row3>	-0.2054 0.2462 -5.4343 1.0000	</row3>
				</transform>
			</node>
			<node>
				<identifier>	MP_CM012_Fire_Hose_Rack_1_INDEX_1	</identifier>
				<transform>
					<row0>	-0.6356 0.0000 0.7720 0.0000	</row0>
					<row1>	0.0000 1.0000 0.0000 0.0000	</row1>
					<row2>	-0.7720 0.0000 -0.6356 0.0000	</row2>
					<row3>	0.2048 0.2462 -5.4346 1.0000	</row3>
				</transform>
			</node>
			<node>
				<identifier>	MP_CM032_Propeller3_R	</identifier>
				<transform>
					<row0>	1.3210 -0.0008 -0.0507 0.0000	</row0>
					<row1>	-0.0004 1.3216 -0.0309 0.0000	</row1>
					<row2>	0.0507 0.0309 1.3206 0.0000	</row2>
					<row3>	0.3783 -0.4407 -6.1540 1.0000	</row3>
				</transform>
			</node>
			<node>
				<identifier>	MP_CM032_Propeller3_R_INDEX_1	</identifier>
				<transform>
					<row0>	1.3219 -0.0010 -0.0086 0.0000	</row0>
					<row1>	0.0007 1.3211 -0.0467 0.0000	</row1>
					<row2>	0.0086 0.0467 1.3211 0.0000	</row2>
					<row3>	0.1667 -0.5035 -6.8595 1.0000	</row3>
				</transform>
			</node>
			<node>
				<identifier>	MP_CM104_Life_Buoy	</identifier>
				<transform>
					<row0>	0.2682 0.0000 0.9634 0.0000	</row0>
					<row1>	0.0000 1.0000 0.0000 0.0000	</row1>
					<row2>	-0.9634 0.0000 0.2682 0.0000	</row2>
					<row3>	0.2204 0.2933 -7.3618 1.0000	</row3>
				</transform>
			</node>
			<node>
				<identifier>	MP_CM104_Life_Buoy_INDEX_1	</identifier>
				<transform>
					<row0>	0.1712 0.0000 0.9852 0.0000	</row0>
					<row1>	0.0000 1.0000 0.0000 0.0000	</row1>
					<row2>	-0.9852 0.0000 0.1712 0.0000	</row2>
					<row3>	0.4571 0.2682 -6.0812 1.0000	</row3>
				</transform>
			</node>
			<node>
				<identifier>	MP_CM104_Life_Buoy_INDEX_2	</identifier>
				<transform>
					<row0>	0.1712 0.0000 -0.9852 0.0000	</row0>
					<row1>	0.0000 1.0000 0.0000 0.0000	</row1>
					<row2>	0.9852 0.0000 0.1712 0.0000	</row2>
					<row3>	-0.4566 0.2682 -6.0811 1.0000	</row3>
				</transform>
			</node>
			<node>
				<identifier>	MP_CM104_Life_Buoy_INDEX_3	</identifier>
				<transform>
					<row0>	0.2682 0.0000 -0.9634 0.0000	</row0>
					<row1>	0.0000 1.0000 0.0000 0.0000	</row1>
					<row2>	0.9634 0.0000 0.2682 0.0000	</row2>
					<row3>	-0.2202 0.2933 -7.3619 1.0000	</row3>
				</transform>
			</node>
		</node>
	</node>
	<boundingBox>
		<min>	-0.0667 -0.0667 -0.0667	</min>
		<max>	0.0667 0.0667 0.0667	</max>
	</boundingBox>
</BSB044_Renown_1945_Stern_ports.visual>
