<HSD002_Groningen_1956_Bow_ports.visual>
	<node>
		<identifier>	Scene Root	</identifier>
		<transform>
			<row0>	1.0000 0.0000 0.0000 0.0000	</row0>
			<row1>	0.0000 1.0000 0.0000 0.0000	</row1>
			<row2>	0.0000 0.0000 1.0000 0.0000	</row2>
			<row3>	0.0000 0.0000 0.0000 1.0000	</row3>
		</transform>
		<node>
			<identifier>	Bow_ports	</identifier>
			<transform>
				<row0>	1.0000 0.0000 0.0000 0.0000	</row0>
				<row1>	0.0000 1.0000 0.0000 0.0000	</row1>
				<row2>	0.0000 0.0000 1.0000 0.0000	</row2>
				<row3>	0.0000 0.0000 0.0000 1.0000	</row3>
			</transform>
			<node>
				<identifier>	HP_FX_Fire_1	</identifier>
				<transform>
					<row0>	1.0000 0.0000 0.0000 0.0000	</row0>
					<row1>	0.0000 1.0000 0.0000 0.0000	</row1>
					<row2>	0.0000 0.0000 1.0000 0.0000	</row2>
					<row3>	0.0000 0.3714 3.3650 1.0000	</row3>
				</transform>
			</node>
			<node>
				<identifier>	HP_FX_WakeTrace	</identifier>
				<transform>
					<row0>	1.0000 0.0000 0.0000 0.0000	</row0>
					<row1>	0.0000 1.0000 0.0000 0.0000	</row1>
					<row2>	0.0000 0.0000 1.0000 0.0000	</row2>
					<row3>	0.0000 0.0000 3.7615 1.0000	</row3>
				</transform>
			</node>
			<node>
				<identifier>	HP_HGB_1	</identifier>
				<transform>
					<row0>	1.0000 0.0000 0.0000 0.0000	</row0>
					<row1>	0.0000 1.0000 0.0000 0.0000	</row1>
					<row2>	0.0000 0.0000 1.0000 0.0000	</row2>
					<row3>	-0.2186 0.4695 2.0737 1.0000	</row3>
				</transform>
			</node>
			<node>
				<identifier>	HP_HGB_2	</identifier>
				<transform>
					<row0>	1.0000 0.0000 0.0000 0.0000	</row0>
					<row1>	0.0000 1.0000 0.0000 0.0000	</row1>
					<row2>	0.0000 0.0000 1.0000 0.0000	</row2>
					<row3>	0.2186 0.4695 2.0737 1.0000	</row3>
				</transform>
			</node>
			<node>
				<identifier>	HP_HGM_1	</identifier>
				<transform>
					<row0>	1.0000 0.0000 0.0000 0.0000	</row0>
					<row1>	0.0000 1.0000 0.0000 0.0000	</row1>
					<row2>	0.0000 0.0000 1.0000 0.0000	</row2>
					<row3>	0.0000 0.3678 2.6684 1.0000	</row3>
				</transform>
			</node>
			<node>
				<identifier>	HP_Ship_death_1	</identifier>
				<transform>
					<row0>	1.0000 0.0000 0.0000 0.0000	</row0>
					<row1>	0.0000 1.0000 0.0000 0.0000	</row1>
					<row2>	0.0000 0.0000 1.0000 0.0000	</row2>
					<row3>	0.0000 0.0000 2.3274 1.0000	</row3>
				</transform>
			</node>
			<node>
				<identifier>	MP_CM029_Emergency_Box	</identifier>
				<transform>
					<row0>	0.0000 0.0000 1.0000 0.0000	</row0>
					<row1>	0.0000 1.0000 0.0000 0.0000	</row1>
					<row2>	-1.0000 0.0000 0.0000 0.0000	</row2>
					<row3>	0.2851 0.3631 1.9682 1.0000	</row3>
				</transform>
			</node>
			<node>
				<identifier>	MP_CM029_Emergency_Box_INDEX_1	</identifier>
				<transform>
					<row0>	0.0000 0.0000 -1.0000 0.0000	</row0>
					<row1>	0.0000 1.0000 0.0000 0.0000	</row1>
					<row2>	1.0000 0.0000 0.0000 0.0000	</row2>
					<row3>	-0.2851 0.3631 1.9682 1.0000	</row3>
				</transform>
			</node>
			<node>
				<identifier>	MP_HM001_Anchor_down	</identifier>
				<transform>
					<row0>	0.9225 0.3286 -0.2024 0.0000	</row0>
					<row1>	-0.3491 0.4868 -0.8007 0.0000	</row1>
					<row2>	-0.1646 0.8093 0.5638 0.0000	</row2>
					<row3>	-0.1079 0.3041 3.7286 1.0000	</row3>
				</transform>
			</node>
			<node>
				<identifier>	MP_HM001_Anchor_down_INDEX_1	</identifier>
				<transform>
					<row0>	0.9225 -0.3286 0.2024 0.0000	</row0>
					<row1>	0.3491 0.4868 -0.8007 0.0000	</row1>
					<row2>	0.1646 0.8093 0.5638 0.0000	</row2>
					<row3>	0.1079 0.3041 3.7286 1.0000	</row3>
				</transform>
			</node>
			<node>
				<identifier>	MP_HM002_Anchor_up	</identifier>
				<transform>
					<row0>	0.9751 -0.0473 -0.2167 0.0000	</row0>
					<row1>	-0.1487 0.5855 -0.7970 0.0000	</row1>
					<row2>	0.1646 0.8093 0.5638 0.0000	</row2>
					<row3>	0.1079 0.3041 3.7286 1.0000	</row3>
				</transform>
			</node>
			<node>
				<identifier>	MP_HM002_Anchor_up_INDEX_1	</identifier>
				<transform>
					<row0>	0.9751 0.0473 0.2167 0.0000	</row0>
					<row1>	0.1487 0.5855 -0.7970 0.0000	</row1>
					<row2>	-0.1646 0.8093 0.5638 0.0000	</row2>
					<row3>	-0.1079 0.3041 3.7286 1.0000	</row3>
				</transform>
			</node>
			<node>
				<identifier>	MP_HM004_Loudspeaker	</identifier>
				<transform>
					<row0>	0.8945 0.0000 0.0000 0.0000	</row0>
					<row1>	0.0000 0.8945 0.0000 0.0000	</row1>
					<row2>	0.0000 0.0000 0.8945 0.0000	</row2>
					<row3>	-0.1091 0.5027 2.1717 1.0000	</row3>
				</transform>
			</node>
			<node>
				<identifier>	MP_HM004_Loudspeaker_INDEX_1	</identifier>
				<transform>
					<row0>	0.8945 0.0000 0.0000 0.0000	</row0>
					<row1>	0.0000 0.8945 0.0000 0.0000	</row1>
					<row2>	0.0000 0.0000 0.8945 0.0000	</row2>
					<row3>	0.1091 0.5027 2.1717 1.0000	</row3>
				</transform>
			</node>
			<node>
				<identifier>	MP_HM007_Lifebuoy	</identifier>
				<transform>
					<row0>	-0.0380 0.0000 -0.9993 0.0000	</row0>
					<row1>	0.0000 1.0000 0.0000 0.0000	</row1>
					<row2>	0.9993 0.0000 -0.0380 0.0000	</row2>
					<row3>	-0.3566 0.3717 2.4815 1.0000	</row3>
				</transform>
			</node>
			<node>
				<identifier>	MP_HM007_Lifebuoy_INDEX_1	</identifier>
				<transform>
					<row0>	-0.0380 0.0000 0.9993 0.0000	</row0>
					<row1>	0.0000 1.0000 0.0000 0.0000	</row1>
					<row2>	-0.9993 0.0000 -0.0380 0.0000	</row2>
					<row3>	0.3566 0.3717 2.4815 1.0000	</row3>
				</transform>
			</node>
			<node>
				<identifier>	MP_HM750_Hatch	</identifier>
				<transform>
					<row0>	0.7071 0.0000 0.7071 0.0000	</row0>
					<row1>	0.0000 1.0000 0.0000 0.0000	</row1>
					<row2>	-0.7071 0.0000 0.7071 0.0000	</row2>
					<row3>	0.1898 0.3164 2.3285 1.0000	</row3>
				</transform>
			</node>
			<node>
				<identifier>	MP_HM750_Hatch_INDEX_1	</identifier>
				<transform>
					<row0>	0.7071 0.0000 -0.7071 0.0000	</row0>
					<row1>	0.0000 1.0000 0.0000 0.0000	</row1>
					<row2>	0.7071 0.0000 0.7071 0.0000	</row2>
					<row3>	-0.1898 0.3164 2.3285 1.0000	</row3>
				</transform>
			</node>
			<node>
				<identifier>	MP_HM950_Capstan	</identifier>
				<transform>
					<row0>	1.0000 0.0000 0.0000 0.0000	</row0>
					<row1>	0.0000 1.0000 0.0000 0.0000	</row1>
					<row2>	0.0000 0.0000 1.0000 0.0000	</row2>
					<row3>	0.0619 0.3701 3.2906 1.0000	</row3>
				</transform>
			</node>
			<node>
				<identifier>	MP_HM950_Capstan_INDEX_1	</identifier>
				<transform>
					<row0>	1.0000 0.0000 0.0000 0.0000	</row0>
					<row1>	0.0000 1.0000 0.0000 0.0000	</row1>
					<row2>	0.0000 0.0000 1.0000 0.0000	</row2>
					<row3>	-0.0619 0.3701 3.2906 1.0000	</row3>
				</transform>
			</node>
			<node>
				<identifier>	MP_HM957_Bollard	</identifier>
				<transform>
					<row0>	0.9706 0.0139 -0.2403 0.0000	</row0>
					<row1>	-0.0412 0.9932 -0.1091 0.0000	</row1>
					<row2>	0.2371 0.1158 0.9646 0.0000	</row2>
					<row3>	-0.2050 0.3737 3.4309 1.0000	</row3>
				</transform>
			</node>
			<node>
				<identifier>	MP_HM957_Bollard_INDEX_1	</identifier>
				<transform>
					<row0>	0.9838 0.0199 -0.1782 0.0000	</row0>
					<row1>	-0.0359 0.9956 -0.0865 0.0000	</row1>
					<row2>	0.1757 0.0915 0.9802 0.0000	</row2>
					<row3>	-0.2528 0.3489 3.2000 1.0000	</row3>
				</transform>
			</node>
			<node>
				<identifier>	MP_HM957_Bollard_INDEX_2	</identifier>
				<transform>
					<row0>	0.9706 -0.0139 0.2403 0.0000	</row0>
					<row1>	0.0412 0.9932 -0.1091 0.0000	</row1>
					<row2>	-0.2371 0.1158 0.9646 0.0000	</row2>
					<row3>	0.2050 0.3737 3.4309 1.0000	</row3>
				</transform>
			</node>
			<node>
				<identifier>	MP_HM957_Bollard_INDEX_3	</identifier>
				<transform>
					<row0>	0.9838 -0.0199 0.1782 0.0000	</row0>
					<row1>	0.0359 0.9956 -0.0865 0.0000	</row1>
					<row2>	-0.1757 0.0915 0.9802 0.0000	</row2>
					<row3>	0.2528 0.3489 3.2000 1.0000	</row3>
				</transform>
			</node>
			<node>
				<identifier>	MP_HM959_Reel	</identifier>
				<transform>
					<row0>	-0.7460 0.0000 0.0000 0.0000	</row0>
					<row1>	0.0000 1.1520 0.0000 0.0000	</row1>
					<row2>	0.0000 0.0000 -1.1520 0.0000	</row2>
					<row3>	0.0463 0.4695 2.0779 1.0000	</row3>
				</transform>
			</node>
			<node>
				<identifier>	MP_HM959_Reel_INDEX_1	</identifier>
				<transform>
					<row0>	0.7463 0.0000 0.0000 0.0000	</row0>
					<row1>	0.0000 1.1520 0.0000 0.0000	</row1>
					<row2>	0.0000 0.0000 1.1520 0.0000	</row2>
					<row3>	-0.0474 0.4695 2.0779 1.0000	</row3>
				</transform>
			</node>
			<node>
				<identifier>	MP_HM961_Fairlead	</identifier>
				<transform>
					<row0>	0.9577 -0.0141 -0.2874 0.0000	</row0>
					<row1>	-0.0201 0.9931 -0.1156 0.0000	</row1>
					<row2>	0.2871 0.1164 0.9508 0.0000	</row2>
					<row3>	-0.2026 0.3911 3.5641 1.0000	</row3>
				</transform>
			</node>
			<node>
				<identifier>	MP_HM961_Fairlead_INDEX_1	</identifier>
				<transform>
					<row0>	0.9577 0.0141 0.2874 0.0000	</row0>
					<row1>	0.0201 0.9931 -0.1156 0.0000	</row1>
					<row2>	-0.2871 0.1164 0.9508 0.0000	</row2>
					<row3>	0.2026 0.3911 3.5641 1.0000	</row3>
				</transform>
			</node>
			<node>
				<identifier>	MP_HM961_Fairlead_INDEX_2	</identifier>
				<transform>
					<row0>	0.9908 0.0007 0.1353 0.0000	</row0>
					<row1>	0.0110 0.9963 -0.0853 0.0000	</row1>
					<row2>	-0.1349 0.0860 0.9871 0.0000	</row2>
					<row3>	0.3060 0.3365 3.0495 1.0000	</row3>
				</transform>
			</node>
			<node>
				<identifier>	MP_HM961_Fairlead_INDEX_3	</identifier>
				<transform>
					<row0>	0.9908 -0.0007 -0.1353 0.0000	</row0>
					<row1>	-0.0110 0.9963 -0.0853 0.0000	</row1>
					<row2>	0.1349 0.0860 0.9871 0.0000	</row2>
					<row3>	-0.3060 0.3365 3.0495 1.0000	</row3>
				</transform>
			</node>
		</node>
	</node>
	<boundingBox>
		<min>	-0.0667 -0.0667 -0.0667	</min>
		<max>	0.0667 0.0667 0.0667	</max>
	</boundingBox>
</HSD002_Groningen_1956_Bow_ports.visual>
