<ASS008_Gato_1943_MidFront_ports.visual>
	<node>
		<identifier>	Scene Root	</identifier>
		<transform>
			<row0>	1.0000 0.0000 0.0000 0.0000	</row0>
			<row1>	0.0000 1.0000 0.0000 0.0000	</row1>
			<row2>	0.0000 0.0000 1.0000 0.0000	</row2>
			<row3>	0.0000 0.0000 0.0000 1.0000	</row3>
		</transform>
		<node>
			<identifier>	MidFront_ports	</identifier>
			<transform>
				<row0>	1.0000 0.0000 0.0000 0.0000	</row0>
				<row1>	0.0000 1.0000 0.0000 0.0000	</row1>
				<row2>	0.0000 0.0000 1.0000 0.0000	</row2>
				<row3>	0.0000 0.0000 0.0000 1.0000	</row3>
			</transform>
			<node>
				<identifier>	HP_AGS_1	</identifier>
				<transform>
					<row0>	1.0000 0.0000 0.0000 0.0000	</row0>
					<row1>	0.0000 1.0000 0.0000 0.0000	</row1>
					<row2>	0.0000 0.0000 1.0000 0.0000	</row2>
					<row3>	0.0000 0.1407 1.3104 1.0000	</row3>
				</transform>
			</node>
			<node>
				<identifier>	HP_FX_Death_1	</identifier>
				<transform>
					<row0>	1.0000 0.0000 0.0000 0.0000	</row0>
					<row1>	0.0000 1.0000 0.0000 0.0000	</row1>
					<row2>	0.0000 0.0000 1.0000 0.0000	</row2>
					<row3>	0.0000 0.0000 1.8967 1.0000	</row3>
				</transform>
			</node>
			<node>
				<identifier>	HP_FX_Death_2	</identifier>
				<transform>
					<row0>	1.0000 0.0000 0.0000 0.0000	</row0>
					<row1>	0.0000 1.0000 0.0000 0.0000	</row1>
					<row2>	0.0000 0.0000 1.0000 0.0000	</row2>
					<row3>	0.0000 0.0000 0.1042 1.0000	</row3>
				</transform>
			</node>
			<node>
				<identifier>	HP_FX_Descent_3	</identifier>
				<transform>
					<row0>	-0.4946 -0.8691 0.0000 0.0000	</row0>
					<row1>	-0.8691 0.4946 0.0000 0.0000	</row1>
					<row2>	0.0000 0.0000 -1.0000 0.0000	</row2>
					<row3>	-0.1835 0.1285 1.2494 1.0000	</row3>
				</transform>
			</node>
			<node>
				<identifier>	HP_FX_Fire_1	</identifier>
				<transform>
					<row0>	1.0000 0.0000 0.0000 0.0000	</row0>
					<row1>	0.0000 1.0000 0.0000 0.0000	</row1>
					<row2>	0.0000 0.0000 1.0000 0.0000	</row2>
					<row3>	0.0000 0.3013 0.7081 1.0000	</row3>
				</transform>
			</node>
			<node>
				<identifier>	HP_FX_Fire_2	</identifier>
				<transform>
					<row0>	1.0000 0.0000 0.0000 0.0000	</row0>
					<row1>	0.0000 1.0000 0.0000 0.0000	</row1>
					<row2>	0.0000 0.0000 1.0000 0.0000	</row2>
					<row3>	0.0000 0.2479 0.4628 1.0000	</row3>
				</transform>
			</node>
			<node>
				<identifier>	HP_FX_FloodLight_left_1	</identifier>
				<transform>
					<row0>	-1.0000 0.0000 0.0000 0.0000	</row0>
					<row1>	0.0000 1.0000 0.0000 0.0000	</row1>
					<row2>	0.0000 0.0000 -1.0000 0.0000	</row2>
					<row3>	-0.0851 0.2560 0.7551 1.0000	</row3>
				</transform>
			</node>
			<node>
				<identifier>	HP_FX_FloodLight_right_1	</identifier>
				<transform>
					<row0>	1.0000 0.0000 0.0000 0.0000	</row0>
					<row1>	0.0000 1.0000 0.0000 0.0000	</row1>
					<row2>	0.0000 0.0000 1.0000 0.0000	</row2>
					<row3>	0.0848 0.2768 0.7442 1.0000	</row3>
				</transform>
			</node>
			<node>
				<identifier>	HP_FX_Flood_water_right_2	</identifier>
				<transform>
					<row0>	1.0000 0.0000 0.0000 0.0000	</row0>
					<row1>	0.0000 1.0000 0.0000 0.0000	</row1>
					<row2>	0.0000 0.0000 1.0000 0.0000	</row2>
					<row3>	0.1829 0.1252 0.7925 1.0000	</row3>
				</transform>
			</node>
			<node>
				<identifier>	HP_FX_Runoff_deluge_left	</identifier>
				<transform>
					<row0>	-0.9957 0.0526 0.0757 0.0000	</row0>
					<row1>	0.0540 0.9984 0.0166 0.0000	</row1>
					<row2>	-0.0746 0.0206 -0.9970 0.0000	</row2>
					<row3>	-0.1393 0.0527 2.1486 1.0000	</row3>
				</transform>
			</node>
			<node>
				<identifier>	HP_FX_Runoff_deluge_left_1	</identifier>
				<transform>
					<row0>	-0.9948 0.0526 0.0862 0.0000	</row0>
					<row1>	0.0541 0.9984 0.0160 0.0000	</row1>
					<row2>	-0.0852 0.0206 -0.9962 0.0000	</row2>
					<row3>	-0.1538 0.0528 1.9068 1.0000	</row3>
				</transform>
			</node>
			<node>
				<identifier>	HP_FX_Runoff_deluge_left_2	</identifier>
				<transform>
					<row0>	-0.9972 0.0526 0.0522 0.0000	</row0>
					<row1>	0.0536 0.9984 0.0179 0.0000	</row1>
					<row2>	-0.0512 0.0206 -0.9985 0.0000	</row2>
					<row3>	-0.1790 0.0504 1.4026 1.0000	</row3>
				</transform>
			</node>
			<node>
				<identifier>	HP_FX_Runoff_deluge_left_3	</identifier>
				<transform>
					<row0>	-0.9724 -0.2328 -0.0043 0.0000	</row0>
					<row1>	-0.2329 0.9723 0.0209 0.0000	</row1>
					<row2>	-0.0006 0.0213 -0.9998 0.0000	</row2>
					<row3>	-0.1888 0.0273 0.9507 1.0000	</row3>
				</transform>
			</node>
			<node>
				<identifier>	HP_FX_Runoff_deluge_left_4	</identifier>
				<transform>
					<row0>	-0.9773 -0.2117 -0.0043 0.0000	</row0>
					<row1>	-0.2118 0.9771 0.0209 0.0000	</row1>
					<row2>	-0.0001 0.0213 -0.9998 0.0000	</row2>
					<row3>	-0.1680 0.0378 0.6819 1.0000	</row3>
				</transform>
			</node>
			<node>
				<identifier>	HP_FX_Runoff_deluge_left_5	</identifier>
				<transform>
					<row0>	-0.9941 -0.1081 -0.0043 0.0000	</row0>
					<row1>	-0.1082 0.9939 0.0209 0.0000	</row1>
					<row2>	0.0021 0.0212 -0.9998 0.0000	</row2>
					<row3>	-0.1777 0.0316 0.3868 1.0000	</row3>
				</transform>
			</node>
			<node>
				<identifier>	HP_FX_Runoff_deluge_left_6	</identifier>
				<transform>
					<row0>	-0.9941 -0.1081 -0.0043 0.0000	</row0>
					<row1>	-0.1082 0.9939 0.0209 0.0000	</row1>
					<row2>	0.0021 0.0212 -0.9998 0.0000	</row2>
					<row3>	-0.1818 0.0347 0.1288 1.0000	</row3>
				</transform>
			</node>
			<node>
				<identifier>	HP_FX_Runoff_deluge_right	</identifier>
				<transform>
					<row0>	0.9957 0.0526 0.0760 0.0000	</row0>
					<row1>	-0.0540 0.9984 0.0166 0.0000	</row1>
					<row2>	-0.0750 -0.0206 0.9970 0.0000	</row2>
					<row3>	0.1389 0.0530 2.1489 1.0000	</row3>
				</transform>
			</node>
			<node>
				<identifier>	HP_FX_Runoff_deluge_right_1	</identifier>
				<transform>
					<row0>	0.9949 0.0526 0.0864 0.0000	</row0>
					<row1>	-0.0542 0.9984 0.0160 0.0000	</row1>
					<row2>	-0.0854 -0.0206 0.9961 0.0000	</row2>
					<row3>	0.1539 0.0530 1.9070 1.0000	</row3>
				</transform>
			</node>
			<node>
				<identifier>	HP_FX_Runoff_deluge_right_2	</identifier>
				<transform>
					<row0>	0.9972 0.0526 0.0533 0.0000	</row0>
					<row1>	-0.0536 0.9984 0.0178 0.0000	</row1>
					<row2>	-0.0523 -0.0206 0.9984 0.0000	</row2>
					<row3>	0.1789 0.0500 1.4023 1.0000	</row3>
				</transform>
			</node>
			<node>
				<identifier>	HP_FX_Runoff_deluge_right_3	</identifier>
				<transform>
					<row0>	0.9725 -0.2328 -0.0044 0.0000	</row0>
					<row1>	0.2329 0.9723 0.0209 0.0000	</row1>
					<row2>	-0.0006 -0.0213 0.9998 0.0000	</row2>
					<row3>	0.1889 0.0270 0.9505 1.0000	</row3>
				</transform>
			</node>
			<node>
				<identifier>	HP_FX_Runoff_deluge_right_4	</identifier>
				<transform>
					<row0>	0.9773 -0.2117 -0.0045 0.0000	</row0>
					<row1>	0.2118 0.9771 0.0208 0.0000	</row1>
					<row2>	0.0000 -0.0213 0.9998 0.0000	</row2>
					<row3>	0.1679 0.0380 0.6817 1.0000	</row3>
				</transform>
			</node>
			<node>
				<identifier>	HP_FX_Runoff_deluge_right_5	</identifier>
				<transform>
					<row0>	0.9941 -0.1081 -0.0044 0.0000	</row0>
					<row1>	0.1082 0.9939 0.0209 0.0000	</row1>
					<row2>	0.0021 -0.0212 0.9998 0.0000	</row2>
					<row3>	0.1779 0.0320 0.3868 1.0000	</row3>
				</transform>
			</node>
			<node>
				<identifier>	HP_FX_Runoff_deluge_right_6	</identifier>
				<transform>
					<row0>	0.9941 -0.1081 -0.0044 0.0000	</row0>
					<row1>	0.1082 0.9939 0.0209 0.0000	</row1>
					<row2>	0.0021 -0.0212 0.9998 0.0000	</row2>
					<row3>	0.1819 0.0350 0.1289 1.0000	</row3>
				</transform>
			</node>
			<node>
				<identifier>	HP_FX_Runoff_left	</identifier>
				<transform>
					<row0>	-0.9982 -0.0420 0.0429 0.0000	</row0>
					<row1>	-0.0421 0.9991 -0.0007 0.0000	</row1>
					<row2>	-0.0428 -0.0025 -0.9991 0.0000	</row2>
					<row3>	-0.1748 0.1401 1.6922 1.0000	</row3>
				</transform>
			</node>
			<node>
				<identifier>	HP_FX_Runoff_left_1	</identifier>
				<transform>
					<row0>	-0.9999 -0.0004 -0.0018 0.0000	</row0>
					<row1>	-0.0005 0.9997 -0.0206 0.0000	</row1>
					<row2>	0.0018 -0.0205 -0.9997 0.0000	</row2>
					<row3>	-0.1936 0.1153 0.7974 1.0000	</row3>
				</transform>
			</node>
			<node>
				<identifier>	HP_FX_Runoff_right	</identifier>
				<transform>
					<row0>	0.9982 -0.0420 0.0428 0.0000	</row0>
					<row1>	0.0421 0.9991 -0.0007 0.0000	</row1>
					<row2>	-0.0427 0.0025 0.9991 0.0000	</row2>
					<row3>	0.1749 0.1399 1.6922 1.0000	</row3>
				</transform>
			</node>
			<node>
				<identifier>	HP_FX_Runoff_right_1	</identifier>
				<transform>
					<row0>	1.0000 0.0000 -0.0017 0.0000	</row0>
					<row1>	0.0000 0.9998 -0.0205 0.0000	</row1>
					<row2>	0.0017 0.0205 0.9998 0.0000	</row2>
					<row3>	0.1939 0.1149 0.7976 1.0000	</row3>
				</transform>
			</node>
			<node>
				<identifier>	HP_FX_Runoff_tower_left_1	</identifier>
				<transform>
					<row0>	-0.8990 0.0000 -0.4382 0.0000	</row0>
					<row1>	0.0000 1.0000 0.0000 0.0000	</row1>
					<row2>	0.4382 0.0000 -0.8990 0.0000	</row2>
					<row3>	-0.0921 0.2461 0.3684 1.0000	</row3>
				</transform>
			</node>
			<node>
				<identifier>	HP_FX_Runoff_tower_left_2	</identifier>
				<transform>
					<row0>	-0.9395 0.0000 0.3424 0.0000	</row0>
					<row1>	0.0000 1.0000 0.0000 0.0000	</row1>
					<row2>	-0.3424 0.0000 -0.9395 0.0000	</row2>
					<row3>	-0.0807 0.2378 1.0622 1.0000	</row3>
				</transform>
			</node>
			<node>
				<identifier>	HP_FX_Runoff_tower_left_3	</identifier>
				<transform>
					<row0>	-0.9887 0.1495 0.0017 0.0000	</row0>
					<row1>	0.1496 0.9888 0.0000 0.0000	</row1>
					<row2>	-0.0017 0.0003 -0.9999 0.0000	</row2>
					<row3>	-0.0780 0.3904 0.7576 1.0000	</row3>
				</transform>
			</node>
			<node>
				<identifier>	HP_FX_Runoff_tower_right_1	</identifier>
				<transform>
					<row0>	-0.8989 0.0000 0.4382 0.0000	</row0>
					<row1>	0.0000 1.0000 0.0000 0.0000	</row1>
					<row2>	-0.4382 0.0000 -0.8989 0.0000	</row2>
					<row3>	0.0920 0.2459 0.3688 1.0000	</row3>
				</transform>
			</node>
			<node>
				<identifier>	HP_FX_Runoff_tower_right_2	</identifier>
				<transform>
					<row0>	-0.9395 0.0000 -0.3425 0.0000	</row0>
					<row1>	0.0000 1.0000 0.0000 0.0000	</row1>
					<row2>	0.3425 0.0000 -0.9395 0.0000	</row2>
					<row3>	0.0810 0.2379 1.0625 1.0000	</row3>
				</transform>
			</node>
			<node>
				<identifier>	HP_FX_Runoff_tower_right_3	</identifier>
				<transform>
					<row0>	-0.9888 0.1496 -0.0016 0.0000	</row0>
					<row1>	0.1496 0.9888 0.0005 0.0000	</row1>
					<row2>	0.0017 0.0003 -1.0000 0.0000	</row2>
					<row3>	0.0780 0.3908 0.7576 1.0000	</row3>
				</transform>
			</node>
			<node>
				<identifier>	HP_FX_Runoff_up_left	</identifier>
				<transform>
					<row0>	-0.9995 0.0027 0.0312 0.0000	</row0>
					<row1>	0.0016 0.9993 -0.0371 0.0000	</row1>
					<row2>	-0.0313 -0.0370 -0.9988 0.0000	</row2>
					<row3>	-0.1140 0.1687 2.0930 1.0000	</row3>
				</transform>
			</node>
			<node>
				<identifier>	HP_FX_Runoff_up_left_2	</identifier>
				<transform>
					<row0>	-1.0000 0.0000 -0.0060 0.0000	</row0>
					<row1>	0.0000 0.9999 -0.0152 0.0000	</row1>
					<row2>	0.0060 -0.0152 -0.9999 0.0000	</row2>
					<row3>	-0.1648 0.1348 0.9480 1.0000	</row3>
				</transform>
			</node>
			<node>
				<identifier>	HP_FX_Runoff_up_right	</identifier>
				<transform>
					<row0>	0.9995 0.0027 0.0313 0.0000	</row0>
					<row1>	-0.0016 0.9993 -0.0371 0.0000	</row1>
					<row2>	-0.0314 0.0370 0.9988 0.0000	</row2>
					<row3>	0.1149 0.1689 2.0930 1.0000	</row3>
				</transform>
			</node>
			<node>
				<identifier>	HP_FX_Runoff_up_right_2	</identifier>
				<transform>
					<row0>	1.0000 0.0000 -0.0061 0.0000	</row0>
					<row1>	0.0000 0.9999 -0.0152 0.0000	</row1>
					<row2>	0.0061 0.0152 0.9999 0.0000	</row2>
					<row3>	0.1649 0.1349 0.9485 1.0000	</row3>
				</transform>
			</node>
			<node>
				<identifier>	HP_FX_WakeTraceBack_tower	</identifier>
				<transform>
					<row0>	1.0000 0.0000 0.0000 0.0000	</row0>
					<row1>	0.0000 1.0000 0.0000 0.0000	</row1>
					<row2>	0.0000 0.0000 1.0000 0.0000	</row2>
					<row3>	0.0012 0.1262 0.2658 1.0000	</row3>
				</transform>
			</node>
			<node>
				<identifier>	HP_FX_WakeTrace_periscope	</identifier>
				<transform>
					<row0>	1.0000 0.0000 0.0000 0.0000	</row0>
					<row1>	0.0000 1.0000 0.0000 0.0000	</row1>
					<row2>	0.0000 0.0000 1.0000 0.0000	</row2>
					<row3>	0.0000 0.6139 0.7231 1.0000	</row3>
				</transform>
			</node>
			<node>
				<identifier>	HP_FX_WakeTrace_tower	</identifier>
				<transform>
					<row0>	1.0000 0.0000 0.0000 0.0000	</row0>
					<row1>	0.0000 1.0000 0.0000 0.0000	</row1>
					<row2>	0.0000 0.0000 1.0000 0.0000	</row2>
					<row3>	-0.0016 0.1384 1.0712 1.0000	</row3>
				</transform>
			</node>
			<node>
				<identifier>	MP_AM700_20mm_Oerlikon_Sub	</identifier>
				<transform>
					<row0>	1.0000 0.0000 0.0000 0.0000	</row0>
					<row1>	0.0000 1.0000 0.0000 0.0000	</row1>
					<row2>	0.0000 0.0000 1.0000 0.0000	</row2>
					<row3>	0.0000 0.2408 1.0315 1.0000	</row3>
				</transform>
			</node>
		</node>
	</node>
	<boundingBox>
		<min>	-0.0667 -0.0667 -0.0667	</min>
		<max>	0.0667 0.0667 0.0667	</max>
	</boundingBox>
</ASS008_Gato_1943_MidFront_ports.visual>
