<RAF707_Lavochkin_La_9_lod2.visual>
	<node>
		<identifier>	Scene Root	</identifier>
		<transform>
			<row0>	1.0000 0.0000 0.0000 0.0000	</row0>
			<row1>	0.0000 1.0000 0.0000 0.0000	</row1>
			<row2>	0.0000 0.0000 1.0000 0.0000	</row2>
			<row3>	0.0000 0.0000 0.0000 1.0000	</row3>
		</transform>
		<node>
			<identifier>	Root	</identifier>
			<transform>
				<row0>	1.0000 0.0000 0.0000 0.0000	</row0>
				<row1>	0.0000 1.0000 0.0000 0.0000	</row1>
				<row2>	0.0000 0.0000 1.0000 0.0000	</row2>
				<row3>	0.0000 0.0000 0.0000 1.0000	</row3>
			</transform>
			<node>
				<identifier>	HP_Air_break_1	</identifier>
				<transform>
					<row0>	1.0000 0.0000 0.0000 0.0000	</row0>
					<row1>	0.0000 1.0000 0.0000 0.0000	</row1>
					<row2>	0.0000 0.0000 1.0000 0.0000	</row2>
					<row3>	-0.1551 0.0986 -0.0897 1.0000	</row3>
				</transform>
			</node>
			<node>
				<identifier>	HP_Air_break_2	</identifier>
				<transform>
					<row0>	1.0000 0.0000 0.0000 0.0000	</row0>
					<row1>	0.0000 1.0000 0.0000 0.0000	</row1>
					<row2>	0.0000 0.0000 1.0000 0.0000	</row2>
					<row3>	0.1551 0.0986 -0.0897 1.0000	</row3>
				</transform>
			</node>
			<node>
				<identifier>	HP_Air_break_3	</identifier>
				<transform>
					<row0>	1.0000 0.0000 0.0000 0.0000	</row0>
					<row1>	0.0000 1.0000 0.0000 0.0000	</row1>
					<row2>	0.0000 0.0000 1.0000 0.0000	</row2>
					<row3>	-0.0658 0.0889 -0.0972 1.0000	</row3>
				</transform>
			</node>
			<node>
				<identifier>	HP_Air_break_4	</identifier>
				<transform>
					<row0>	1.0000 0.0000 0.0000 0.0000	</row0>
					<row1>	0.0000 1.0000 0.0000 0.0000	</row1>
					<row2>	0.0000 0.0000 1.0000 0.0000	</row2>
					<row3>	0.0658 0.0888 -0.0972 1.0000	</row3>
				</transform>
			</node>
			<node>
				<identifier>	HP_Air_death_1	</identifier>
				<transform>
					<row0>	1.0000 0.0000 0.0000 0.0000	</row0>
					<row1>	0.0000 1.0000 0.0000 0.0000	</row1>
					<row2>	0.0000 0.0000 1.0000 0.0000	</row2>
					<row3>	0.0000 0.1276 0.0230 1.0000	</row3>
				</transform>
			</node>
			<node>
				<identifier>	HP_Air_enginelight_1	</identifier>
				<transform>
					<row0>	0.9914 0.0000 -0.1305 0.0000	</row0>
					<row1>	0.0000 1.0000 0.0000 0.0000	</row1>
					<row2>	0.1305 0.0000 0.9914 0.0000	</row2>
					<row3>	-0.0387 0.1328 0.0011 1.0000	</row3>
				</transform>
			</node>
			<node>
				<identifier>	HP_Air_enginelight_2	</identifier>
				<transform>
					<row0>	0.9914 0.0000 0.1305 0.0000	</row0>
					<row1>	0.0000 1.0000 0.0000 0.0000	</row1>
					<row2>	-0.1305 0.0000 0.9914 0.0000	</row2>
					<row3>	0.0388 0.1328 0.0011 1.0000	</row3>
				</transform>
			</node>
			<node>
				<identifier>	HP_Air_enginelight_3	</identifier>
				<transform>
					<row0>	0.9914 0.0000 -0.1305 0.0000	</row0>
					<row1>	0.0000 1.0000 0.0000 0.0000	</row1>
					<row2>	0.1305 0.0000 0.9914 0.0000	</row2>
					<row3>	-0.0387 0.1207 0.0011 1.0000	</row3>
				</transform>
			</node>
			<node>
				<identifier>	HP_Air_enginelight_4	</identifier>
				<transform>
					<row0>	0.9914 0.0000 0.1305 0.0000	</row0>
					<row1>	0.0000 1.0000 0.0000 0.0000	</row1>
					<row2>	-0.1305 0.0000 0.9914 0.0000	</row2>
					<row3>	0.0388 0.1209 0.0011 1.0000	</row3>
				</transform>
			</node>
			<node>
				<identifier>	HP_Air_fire_1	</identifier>
				<transform>
					<row0>	1.0000 0.0000 0.0000 0.0000	</row0>
					<row1>	0.0000 1.0000 0.0000 0.0000	</row1>
					<row2>	0.0000 0.0000 1.0000 0.0000	</row2>
					<row3>	-0.0387 0.1328 0.0011 1.0000	</row3>
				</transform>
			</node>
			<node>
				<identifier>	HP_Air_fire_2	</identifier>
				<transform>
					<row0>	1.0000 0.0000 0.0000 0.0000	</row0>
					<row1>	0.0000 1.0000 0.0000 0.0000	</row1>
					<row2>	0.0000 0.0000 1.0000 0.0000	</row2>
					<row3>	0.0388 0.1209 0.0011 1.0000	</row3>
				</transform>
			</node>
			<node>
				<identifier>	HP_Air_fire_3	</identifier>
				<transform>
					<row0>	1.0000 0.0000 0.0000 0.0000	</row0>
					<row1>	0.0000 1.0000 0.0000 0.0000	</row1>
					<row2>	0.0000 0.0000 1.0000 0.0000	</row2>
					<row3>	-0.0853 0.1085 -0.0469 1.0000	</row3>
				</transform>
			</node>
			<node>
				<identifier>	HP_Air_fire_4	</identifier>
				<transform>
					<row0>	1.0000 0.0000 0.0000 0.0000	</row0>
					<row1>	0.0000 1.0000 0.0000 0.0000	</row1>
					<row2>	0.0000 0.0000 1.0000 0.0000	</row2>
					<row3>	0.0122 0.1610 -0.0457 1.0000	</row3>
				</transform>
			</node>
			<node>
				<identifier>	HP_Air_fire_5	</identifier>
				<transform>
					<row0>	1.0000 0.0000 0.0000 0.0000	</row0>
					<row1>	0.0000 1.0000 0.0000 0.0000	</row1>
					<row2>	0.0000 0.0000 1.0000 0.0000	</row2>
					<row3>	0.1897 0.1014 -0.0481 1.0000	</row3>
				</transform>
			</node>
			<node>
				<identifier>	HP_Air_fire_6	</identifier>
				<transform>
					<row0>	1.0000 0.0000 0.0000 0.0000	</row0>
					<row1>	0.0000 1.0000 0.0000 0.0000	</row1>
					<row2>	0.0000 0.0000 1.0000 0.0000	</row2>
					<row3>	0.0000 0.0867 -0.1777 1.0000	</row3>
				</transform>
			</node>
			<node>
				<identifier>	HP_Air_fire_7	</identifier>
				<transform>
					<row0>	1.0000 0.0000 0.0000 0.0000	</row0>
					<row1>	0.0000 1.0000 0.0000 0.0000	</row1>
					<row2>	0.0000 0.0000 1.0000 0.0000	</row2>
					<row3>	0.0000 0.1320 -0.3539 1.0000	</row3>
				</transform>
			</node>
			<node>
				<identifier>	HP_Air_flytrail_1	</identifier>
				<transform>
					<row0>	1.0000 0.0000 0.0000 0.0000	</row0>
					<row1>	0.0000 1.0000 0.0000 0.0000	</row1>
					<row2>	0.0000 0.0000 1.0000 0.0000	</row2>
					<row3>	-0.3264 0.1209 -0.0503 1.0000	</row3>
				</transform>
			</node>
			<node>
				<identifier>	HP_Air_flytrail_2	</identifier>
				<transform>
					<row0>	1.0000 0.0000 0.0000 0.0000	</row0>
					<row1>	0.0000 1.0000 0.0000 0.0000	</row1>
					<row2>	0.0000 0.0000 1.0000 0.0000	</row2>
					<row3>	0.3264 0.1209 -0.0503 1.0000	</row3>
				</transform>
			</node>
			<node>
				<identifier>	HP_Air_gunfire_1	</identifier>
				<transform>
					<row0>	1.0000 0.0000 0.0000 0.0000	</row0>
					<row1>	0.0000 1.0000 0.0000 0.0000	</row1>
					<row2>	0.0000 0.0000 1.0000 0.0000	</row2>
					<row3>	-0.0173 0.1566 0.0819 1.0000	</row3>
				</transform>
			</node>
			<node>
				<identifier>	HP_Air_gunfire_2	</identifier>
				<transform>
					<row0>	1.0000 0.0000 0.0000 0.0000	</row0>
					<row1>	0.0000 1.0000 0.0000 0.0000	</row1>
					<row2>	0.0000 0.0000 1.0000 0.0000	</row2>
					<row3>	0.0173 0.1566 0.0819 1.0000	</row3>
				</transform>
			</node>
			<node>
				<identifier>	HP_Air_gunfire_3	</identifier>
				<transform>
					<row0>	1.0000 0.0000 0.0000 0.0000	</row0>
					<row1>	0.0000 1.0000 0.0000 0.0000	</row1>
					<row2>	0.0000 0.0000 1.0000 0.0000	</row2>
					<row3>	-0.0324 0.1432 0.0863 1.0000	</row3>
				</transform>
			</node>
			<node>
				<identifier>	HP_Air_gunfire_4	</identifier>
				<transform>
					<row0>	1.0000 0.0000 0.0000 0.0000	</row0>
					<row1>	0.0000 1.0000 0.0000 0.0000	</row1>
					<row2>	0.0000 0.0000 1.0000 0.0000	</row2>
					<row3>	0.0324 0.1432 0.0863 1.0000	</row3>
				</transform>
			</node>
			<node>
				<identifier>	HP_Air_ricochet_1	</identifier>
				<transform>
					<row0>	1.0000 0.0000 0.0000 0.0000	</row0>
					<row1>	0.0000 1.0000 0.0000 0.0000	</row1>
					<row2>	0.0000 0.0000 1.0000 0.0000	</row2>
					<row3>	-0.0369 0.1016 0.0537 1.0000	</row3>
				</transform>
			</node>
			<node>
				<identifier>	HP_Air_ricochet_2	</identifier>
				<transform>
					<row0>	1.0000 0.0000 0.0000 0.0000	</row0>
					<row1>	0.0000 1.0000 0.0000 0.0000	</row1>
					<row2>	0.0000 0.0000 1.0000 0.0000	</row2>
					<row3>	0.0296 0.1500 -0.0191 1.0000	</row3>
				</transform>
			</node>
			<node>
				<identifier>	HP_Air_ricochet_3	</identifier>
				<transform>
					<row0>	1.0000 0.0000 0.0000 0.0000	</row0>
					<row1>	0.0000 1.0000 0.0000 0.0000	</row1>
					<row2>	0.0000 0.0000 1.0000 0.0000	</row2>
					<row3>	-0.2731 0.1120 -0.0437 1.0000	</row3>
				</transform>
			</node>
			<node>
				<identifier>	HP_Air_ricochet_4	</identifier>
				<transform>
					<row0>	1.0000 0.0000 0.0000 0.0000	</row0>
					<row1>	0.0000 1.0000 0.0000 0.0000	</row1>
					<row2>	0.0000 0.0000 1.0000 0.0000	</row2>
					<row3>	0.1597 0.0984 -0.0784 1.0000	</row3>
				</transform>
			</node>
			<node>
				<identifier>	HP_Air_ricochet_5	</identifier>
				<transform>
					<row0>	1.0000 0.0000 0.0000 0.0000	</row0>
					<row1>	0.0000 1.0000 0.0000 0.0000	</row1>
					<row2>	0.0000 0.0000 1.0000 0.0000	</row2>
					<row3>	0.0141 0.1101 -0.2823 1.0000	</row3>
				</transform>
			</node>
			<node>
				<identifier>	HP_Air_ricochet_6	</identifier>
				<transform>
					<row0>	1.0000 0.0000 0.0000 0.0000	</row0>
					<row1>	0.0000 1.0000 0.0000 0.0000	</row1>
					<row2>	0.0000 0.0000 1.0000 0.0000	</row2>
					<row3>	-0.0612 0.1504 -0.3611 1.0000	</row3>
				</transform>
			</node>
			<node>
				<identifier>	HP_Air_ricochet_7	</identifier>
				<transform>
					<row0>	1.0000 0.0000 0.0000 0.0000	</row0>
					<row1>	0.0000 1.0000 0.0000 0.0000	</row1>
					<row2>	0.0000 0.0000 1.0000 0.0000	</row2>
					<row3>	0.0038 0.1842 -0.3834 1.0000	</row3>
				</transform>
			</node>
			<node>
				<identifier>	HP_Air_rocket_1	</identifier>
				<transform>
					<row0>	0.9949 0.1012 0.0000 0.0000	</row0>
					<row1>	-0.1012 0.9949 0.0000 0.0000	</row1>
					<row2>	0.0000 0.0000 1.0000 0.0000	</row2>
					<row3>	0.1620 0.0904 -0.0094 1.0000	</row3>
				</transform>
			</node>
			<node>
				<identifier>	HP_Air_rocket_2	</identifier>
				<transform>
					<row0>	0.9949 -0.1012 0.0000 0.0000	</row0>
					<row1>	0.1012 0.9949 0.0000 0.0000	</row1>
					<row2>	0.0000 0.0000 1.0000 0.0000	</row2>
					<row3>	-0.1620 0.0903 -0.0094 1.0000	</row3>
				</transform>
			</node>
			<node>
				<identifier>	HP_Air_rocket_3	</identifier>
				<transform>
					<row0>	0.9949 0.1012 0.0000 0.0000	</row0>
					<row1>	-0.1012 0.9949 0.0000 0.0000	</row1>
					<row2>	0.0000 0.0000 1.0000 0.0000	</row2>
					<row3>	0.1299 0.0867 -0.0094 1.0000	</row3>
				</transform>
			</node>
			<node>
				<identifier>	HP_Air_rocket_4	</identifier>
				<transform>
					<row0>	0.9949 -0.1012 0.0000 0.0000	</row0>
					<row1>	0.1012 0.9949 0.0000 0.0000	</row1>
					<row2>	0.0000 0.0000 1.0000 0.0000	</row2>
					<row3>	-0.1300 0.0863 -0.0094 1.0000	</row3>
				</transform>
			</node>
			<node>
				<identifier>	HP_jato_1	</identifier>
				<transform>
					<row0>	0.3837 -0.9228 0.0354 0.0000	</row0>
					<row1>	0.9228 0.3817 -0.0532 0.0000	</row1>
					<row2>	0.0356 0.0531 0.9980 0.0000	</row2>
					<row3>	-0.0227 0.1063 -0.2218 1.0000	</row3>
				</transform>
			</node>
			<node>
				<identifier>	HP_jato_2	</identifier>
				<transform>
					<row0>	0.3837 0.9228 -0.0354 0.0000	</row0>
					<row1>	-0.9228 0.3817 -0.0532 0.0000	</row1>
					<row2>	-0.0356 0.0531 0.9980 0.0000	</row2>
					<row3>	0.0227 0.1063 -0.2218 1.0000	</row3>
				</transform>
			</node>
			<node>
				<identifier>	Root_BlendBone	</identifier>
				<transform>
					<row0>	1.0000 0.0000 0.0000 0.0000	</row0>
					<row1>	0.0000 1.0000 0.0000 0.0000	</row1>
					<row2>	0.0000 0.0000 -1.0000 0.0000	</row2>
					<row3>	0.0000 0.0000 0.0000 1.0000	</row3>
				</transform>
			</node>
			<node>
				<identifier>	elevator_1	</identifier>
				<transform>
					<row0>	1.0000 0.0000 0.0000 0.0000	</row0>
					<row1>	0.0000 1.0000 0.0000 0.0000	</row1>
					<row2>	0.0000 0.0000 1.0000 0.0000	</row2>
					<row3>	0.0000 0.1530 -0.3793 1.0000	</row3>
				</transform>
				<node>
					<identifier>	elevator_1_BlendBone	</identifier>
					<transform>
						<row0>	1.0000 0.0000 0.0000 0.0000	</row0>
						<row1>	0.0000 1.0000 0.0000 0.0000	</row1>
						<row2>	0.0000 0.0000 -1.0000 0.0000	</row2>
						<row3>	0.0000 -0.1530 0.3793 1.0000	</row3>
					</transform>
				</node>
			</node>
			<node>
				<identifier>	l_ailerone_1	</identifier>
				<transform>
					<row0>	0.9898 -0.1062 -0.0949 0.0000	</row0>
					<row1>	0.1067 0.9943 0.0000 0.0000	</row1>
					<row2>	0.0943 -0.0101 0.9955 0.0000	</row2>
					<row3>	-0.2563 0.1124 -0.0876 1.0000	</row3>
				</transform>
				<node>
					<identifier>	l_ailerone_1_BlendBone	</identifier>
					<transform>
						<row0>	0.9898 0.1067 0.0943 0.0000	</row0>
						<row1>	-0.1062 0.9943 -0.0101 0.0000	</row1>
						<row2>	0.0949 0.0000 -0.9955 0.0000	</row2>
						<row3>	0.2573 -0.0844 0.1125 1.0000	</row3>
					</transform>
				</node>
			</node>
			<node>
				<identifier>	l_flaps_1	</identifier>
				<transform>
					<row0>	0.9906 -0.1156 -0.0729 0.0000	</row0>
					<row1>	0.1159 0.9933 0.0000 0.0000	</row1>
					<row2>	0.0724 -0.0084 0.9973 0.0000	</row2>
					<row3>	-0.1551 0.0986 -0.0897 1.0000	</row3>
				</transform>
				<node>
					<identifier>	l_flaps_1_BlendBone	</identifier>
					<transform>
						<row0>	0.9906 0.1159 0.0724 0.0000	</row0>
						<row1>	-0.1156 0.9933 -0.0084 0.0000	</row1>
						<row2>	0.0729 0.0000 -0.9973 0.0000	</row2>
						<row3>	0.1585 -0.0800 0.1015 1.0000	</row3>
					</transform>
				</node>
			</node>
			<node>
				<identifier>	l_flaps_2	</identifier>
				<transform>
					<row0>	0.9913 -0.1019 -0.0834 0.0000	</row0>
					<row1>	0.1023 0.9948 0.0000 0.0000	</row1>
					<row2>	0.0829 -0.0085 0.9965 0.0000	</row2>
					<row3>	-0.0658 0.0889 -0.0972 1.0000	</row3>
				</transform>
				<node>
					<identifier>	l_flaps_2_BlendBone	</identifier>
					<transform>
						<row0>	0.9913 0.1023 0.0829 0.0000	</row0>
						<row1>	-0.1019 0.9948 -0.0085 0.0000	</row1>
						<row2>	0.0834 0.0000 -0.9965 0.0000	</row2>
						<row3>	0.0661 -0.0817 0.1031 1.0000	</row3>
					</transform>
				</node>
			</node>
			<node>
				<identifier>	r_ailerone_1	</identifier>
				<transform>
					<row0>	0.9898 0.1062 0.0949 0.0000	</row0>
					<row1>	-0.1067 0.9943 0.0000 0.0000	</row1>
					<row2>	-0.0943 -0.0101 0.9955 0.0000	</row2>
					<row3>	0.2563 0.1124 -0.0876 1.0000	</row3>
				</transform>
				<node>
					<identifier>	r_ailerone_1_BlendBone	</identifier>
					<transform>
						<row0>	0.9898 -0.1067 -0.0943 0.0000	</row0>
						<row1>	0.1062 0.9943 -0.0101 0.0000	</row1>
						<row2>	-0.0949 0.0000 -0.9955 0.0000	</row2>
						<row3>	-0.2573 -0.0844 0.1125 1.0000	</row3>
					</transform>
				</node>
			</node>
			<node>
				<identifier>	r_flaps_1	</identifier>
				<transform>
					<row0>	0.9906 0.1156 0.0729 0.0000	</row0>
					<row1>	-0.1159 0.9933 0.0000 0.0000	</row1>
					<row2>	-0.0724 -0.0084 0.9973 0.0000	</row2>
					<row3>	0.1551 0.0986 -0.0897 1.0000	</row3>
				</transform>
				<node>
					<identifier>	r_flaps_1_BlendBone	</identifier>
					<transform>
						<row0>	0.9906 -0.1159 -0.0724 0.0000	</row0>
						<row1>	0.1156 0.9933 -0.0084 0.0000	</row1>
						<row2>	-0.0729 0.0000 -0.9973 0.0000	</row2>
						<row3>	-0.1585 -0.0800 0.1015 1.0000	</row3>
					</transform>
				</node>
			</node>
			<node>
				<identifier>	r_flaps_2	</identifier>
				<transform>
					<row0>	0.9913 0.1019 0.0834 0.0000	</row0>
					<row1>	-0.1023 0.9948 0.0000 0.0000	</row1>
					<row2>	-0.0829 -0.0085 0.9965 0.0000	</row2>
					<row3>	0.0658 0.0888 -0.0972 1.0000	</row3>
				</transform>
				<node>
					<identifier>	r_flaps_2_BlendBone	</identifier>
					<transform>
						<row0>	0.9913 -0.1023 -0.0829 0.0000	</row0>
						<row1>	0.1019 0.9948 -0.0085 0.0000	</row1>
						<row2>	-0.0834 0.0000 -0.9965 0.0000	</row2>
						<row3>	-0.0661 -0.0817 0.1031 1.0000	</row3>
					</transform>
				</node>
			</node>
			<node>
				<identifier>	rudder_1	</identifier>
				<transform>
					<row0>	1.0000 0.0000 0.0000 0.0000	</row0>
					<row1>	0.0000 1.0000 0.0000 0.0000	</row1>
					<row2>	0.0000 0.0000 1.0000 0.0000	</row2>
					<row3>	0.0000 0.1302 -0.3897 1.0000	</row3>
				</transform>
				<node>
					<identifier>	rudder_1_BlendBone	</identifier>
					<transform>
						<row0>	1.0000 0.0000 0.0000 0.0000	</row0>
						<row1>	0.0000 1.0000 0.0000 0.0000	</row1>
						<row2>	0.0000 0.0000 -1.0000 0.0000	</row2>
						<row3>	0.0000 -0.1302 0.3897 1.0000	</row3>
					</transform>
				</node>
			</node>
		</node>
		<node>
			<identifier>	hull	</identifier>
			<transform>
				<row0>	1.0000 0.0000 0.0000 0.0000	</row0>
				<row1>	0.0000 1.0000 0.0000 0.0000	</row1>
				<row2>	0.0000 0.0000 1.0000 0.0000	</row2>
				<row3>	0.0000 0.0000 0.0000 1.0000	</row3>
			</transform>
			<node>
				<identifier>	chassis_off_BlendBone	</identifier>
				<transform>
					<row0>	1.0000 0.0000 0.0000 0.0000	</row0>
					<row1>	0.0000 1.0000 0.0000 0.0000	</row1>
					<row2>	0.0000 0.0000 1.0000 0.0000	</row2>
					<row3>	0.0000 0.0000 0.0000 1.0000	</row3>
				</transform>
			</node>
			<node>
				<identifier>	chassis_on_BlendBone	</identifier>
				<transform>
					<row0>	1.0000 0.0000 0.0000 0.0000	</row0>
					<row1>	0.0000 1.0000 0.0000 0.0000	</row1>
					<row2>	0.0000 0.0000 1.0000 0.0000	</row2>
					<row3>	0.0000 0.0000 0.0000 1.0000	</row3>
				</transform>
			</node>
			<node>
				<identifier>	hull_wire	</identifier>
				<transform>
					<row0>	1.0000 0.0000 0.0000 0.0000	</row0>
					<row1>	0.0000 1.0000 0.0000 0.0000	</row1>
					<row2>	0.0000 0.0000 1.0000 0.0000	</row2>
					<row3>	0.0000 0.0000 0.0000 1.0000	</row3>
				</transform>
			</node>
			<node>
				<identifier>	propeller_mod	</identifier>
				<transform>
					<row0>	1.0000 0.0000 0.0000 0.0000	</row0>
					<row1>	0.0000 1.0000 0.0000 0.0000	</row1>
					<row2>	0.0000 0.0000 1.0000 0.0000	</row2>
					<row3>	0.0000 0.1208 0.1100 1.0000	</row3>
				</transform>
				<node>
					<identifier>	disc	</identifier>
					<transform>
						<row0>	1.0000 0.0000 0.0000 0.0000	</row0>
						<row1>	0.0000 1.0000 0.0000 0.0000	</row1>
						<row2>	0.0000 0.0000 1.0000 0.0000	</row2>
						<row3>	0.0000 0.0000 0.0000 1.0000	</row3>
					</transform>
					<node>
						<identifier>	disc_cap	</identifier>
						<transform>
							<row0>	1.0000 0.0000 0.0000 0.0000	</row0>
							<row1>	0.0000 1.0000 0.0000 0.0000	</row1>
							<row2>	0.0000 0.0000 1.0000 0.0000	</row2>
							<row3>	0.0000 0.0000 0.0000 1.0000	</row3>
						</transform>
					</node>
				</node>
				<node>
					<identifier>	mod	</identifier>
					<transform>
						<row0>	1.0000 0.0000 0.0000 0.0000	</row0>
						<row1>	0.0000 1.0000 0.0000 0.0000	</row1>
						<row2>	0.0000 0.0000 1.0000 0.0000	</row2>
						<row3>	0.0000 0.0000 0.0000 1.0000	</row3>
					</transform>
				</node>
			</node>
			<node>
				<identifier>	pylon_rocket_default_BlendBone	</identifier>
				<transform>
					<row0>	1.0000 0.0000 0.0000 0.0000	</row0>
					<row1>	0.0000 1.0000 0.0000 0.0000	</row1>
					<row2>	0.0000 0.0000 1.0000 0.0000	</row2>
					<row3>	0.0000 0.0000 0.0000 1.0000	</row3>
				</transform>
			</node>
		</node>
	</node>
	<renderSet>
		<treatAsWorldSpaceObject>	false	</treatAsWorldSpaceObject>
		<node>	chassis_off_BlendBone	</node>
		<geometry>
			<vertices>	chassis_off_BlendBone_lod2Shape.vertices	</vertices>
			<primitive>	chassis_off_BlendBone_lod2Shape.indices	</primitive>
			<primitiveGroup>	0
				<material>
					<identifier>	TL2_SHIPMAT_PBS_Hull	</identifier>
					<mfm>	PnFMods/ModsSDK.zip/RSA110_Admiral_Nakhimov/aircraft/RAF707_Lavochkin_La_9.mfm	</mfm>
				</material>
			</primitiveGroup>
		</geometry>
	</renderSet>
	<renderSet>
		<treatAsWorldSpaceObject>	false	</treatAsWorldSpaceObject>
		<node>	chassis_on_BlendBone	</node>
		<geometry>
			<vertices>	chassis_on_BlendBone_lod1Shape2.vertices	</vertices>
			<primitive>	chassis_on_BlendBone_lod1Shape2.indices	</primitive>
			<primitiveGroup>	0
				<material>
					<identifier>	TL2_SHIPMAT_PBS_Hull	</identifier>
					<mfm>	PnFMods/ModsSDK.zip/RSA110_Admiral_Nakhimov/aircraft/RAF707_Lavochkin_La_9.mfm	</mfm>
				</material>
			</primitiveGroup>
		</geometry>
	</renderSet>
	<renderSet>
		<treatAsWorldSpaceObject>	false	</treatAsWorldSpaceObject>
		<node>	disc_cap	</node>
		<geometry>
			<vertices>	disc_cap_lod2Shape.vertices	</vertices>
			<primitive>	disc_cap_lod2Shape.indices	</primitive>
			<primitiveGroup>	0
				<material>
					<identifier>	TL2_SHIPMAT_PBS_Hull	</identifier>
					<mfm>	PnFMods/ModsSDK.zip/RSA110_Admiral_Nakhimov/aircraft/RAF707_Lavochkin_La_9.mfm	</mfm>
				</material>
			</primitiveGroup>
		</geometry>
	</renderSet>
	<renderSet>
		<treatAsWorldSpaceObject>	false	</treatAsWorldSpaceObject>
		<node>	disc	</node>
		<geometry>
			<vertices>	disc_lod2Shape.vertices	</vertices>
			<primitive>	disc_lod2Shape.indices	</primitive>
			<primitiveGroup>	0
				<material>
					<identifier>	PROPELLERMAT_propeller	</identifier>
					<mfm>	PnFMods/ModsSDK.zip/RSA110_Admiral_Nakhimov/aircraft/Russia_Disk_3Blade_01_alpha.mfm	</mfm>
				</material>
			</primitiveGroup>
		</geometry>
	</renderSet>
	<renderSet>
		<treatAsWorldSpaceObject>	true	</treatAsWorldSpaceObject>
		<node>	Root_BlendBone	</node>
		<node>	r_flaps_1_BlendBone	</node>
		<node>	rudder_1_BlendBone	</node>
		<node>	r_ailerone_1_BlendBone	</node>
		<node>	l_ailerone_1_BlendBone	</node>
		<node>	l_flaps_2_BlendBone	</node>
		<node>	l_flaps_1_BlendBone	</node>
		<node>	elevator_1_BlendBone	</node>
		<node>	r_flaps_2_BlendBone	</node>
		<geometry>
			<vertices>	hull_lod2Shape.vertices	</vertices>
			<primitive>	hull_lod2Shape.indices	</primitive>
			<primitiveGroup>	0
				<material>
					<identifier>	TL2_SHIPMAT_PBS_Hull_skinned	</identifier>
					<mfm>	PnFMods/ModsSDK.zip/RSA110_Admiral_Nakhimov/aircraft/RAF707_Lavochkin_La_9_skinned.mfm	</mfm>
				</material>
			</primitiveGroup>
		</geometry>
	</renderSet>
	<renderSet>
		<treatAsWorldSpaceObject>	false	</treatAsWorldSpaceObject>
		<node>	hull_wire	</node>
		<geometry>
			<vertices>	hull_wire_lod2Shape.vertices	</vertices>
			<primitive>	hull_wire_lod2Shape.indices	</primitive>
			<primitiveGroup>	0
				<material>
					<identifier>	TL2_SHIPWIRE_PBS_Hull	</identifier>
					<mfm>	PnFMods/ModsSDK.zip/RSA110_Admiral_Nakhimov/aircraft/RAF707_Lavochkin_La_9_wire.mfm	</mfm>
				</material>
			</primitiveGroup>
		</geometry>
	</renderSet>
	<renderSet>
		<treatAsWorldSpaceObject>	false	</treatAsWorldSpaceObject>
		<node>	mod	</node>
		<geometry>
			<vertices>	mod_lod2Shape.vertices	</vertices>
			<primitive>	mod_lod2Shape.indices	</primitive>
			<primitiveGroup>	0
				<material>
					<identifier>	TL2_SHIPMAT_PBS_Hull	</identifier>
					<mfm>	PnFMods/ModsSDK.zip/RSA110_Admiral_Nakhimov/aircraft/RAF707_Lavochkin_La_9.mfm	</mfm>
				</material>
			</primitiveGroup>
		</geometry>
	</renderSet>
	<renderSet>
		<treatAsWorldSpaceObject>	false	</treatAsWorldSpaceObject>
		<node>	pylon_rocket_default_BlendBone	</node>
		<geometry>
			<vertices>	pylon_rocket_default_BlendBone_lod2Shape.vertices	</vertices>
			<primitive>	pylon_rocket_default_BlendBone_lod2Shape.indices	</primitive>
			<primitiveGroup>	0
				<material>
					<identifier>	TL2_SHIPMAT_PBS_Hull	</identifier>
					<mfm>	PnFMods/ModsSDK.zip/RSA110_Admiral_Nakhimov/aircraft/RAF707_Lavochkin_La_9.mfm	</mfm>
				</material>
			</primitiveGroup>
		</geometry>
	</renderSet>
	<boundingBox>
		<min>	-0.3261 0.0002 -0.4341	</min>
		<max>	0.3261 0.2389 0.1767	</max>
	</boundingBox>
</RAF707_Lavochkin_La_9_lod2.visual>
