<ISC009_Giussano_1938_MidFront_ports.visual>
	<node>
		<identifier>	Scene Root	</identifier>
		<transform>
			<row0>	1.0000 0.0000 0.0000 0.0000	</row0>
			<row1>	0.0000 1.0000 0.0000 0.0000	</row1>
			<row2>	0.0000 0.0000 1.0000 0.0000	</row2>
			<row3>	0.0000 0.0000 0.0000 1.0000	</row3>
		</transform>
		<node>
			<identifier>	MidFront_ports	</identifier>
			<transform>
				<row0>	1.0000 0.0000 0.0000 0.0000	</row0>
				<row1>	0.0000 1.0000 0.0000 0.0000	</row1>
				<row2>	0.0000 0.0000 1.0000 0.0000	</row2>
				<row3>	0.0000 0.0000 0.0000 1.0000	</row3>
			</transform>
			<node>
				<identifier>	HP_FX_Death_2	</identifier>
				<transform>
					<row0>	1.0000 0.0000 0.0000 0.0000	</row0>
					<row1>	0.0000 1.0000 0.0000 0.0000	</row1>
					<row2>	0.0000 0.0000 1.0000 0.0000	</row2>
					<row3>	0.0000 0.0000 -0.0645 1.0000	</row3>
				</transform>
			</node>
			<node>
				<identifier>	HP_FX_Fire_2	</identifier>
				<transform>
					<row0>	1.0000 0.0000 0.0000 0.0000	</row0>
					<row1>	0.0000 1.0000 0.0000 0.0000	</row1>
					<row2>	0.0000 0.0000 1.0000 0.0000	</row2>
					<row3>	0.0000 1.2136 1.9028 1.0000	</row3>
				</transform>
			</node>
			<node>
				<identifier>	HP_FX_Fire_2_side_1	</identifier>
				<transform>
					<row0>	1.0000 0.0000 0.0000 0.0000	</row0>
					<row1>	0.0000 1.0000 0.0000 0.0000	</row1>
					<row2>	0.0000 0.0000 1.0000 0.0000	</row2>
					<row3>	-0.3439 0.4635 2.4515 1.0000	</row3>
				</transform>
			</node>
			<node>
				<identifier>	HP_FX_Fire_2_side_2	</identifier>
				<transform>
					<row0>	1.0000 0.0000 0.0000 0.0000	</row0>
					<row1>	0.0000 1.0000 0.0000 0.0000	</row1>
					<row2>	0.0000 0.0000 1.0000 0.0000	</row2>
					<row3>	0.3439 0.5478 1.3266 1.0000	</row3>
				</transform>
			</node>
			<node>
				<identifier>	HP_FX_Fire_2_side_3	</identifier>
				<transform>
					<row0>	1.0000 0.0000 0.0000 0.0000	</row0>
					<row1>	0.0000 1.0000 0.0000 0.0000	</row1>
					<row2>	0.0000 0.0000 1.0000 0.0000	</row2>
					<row3>	-0.1988 0.3153 0.1768 1.0000	</row3>
				</transform>
			</node>
			<node>
				<identifier>	HP_FX_FloodLight_left_1	</identifier>
				<transform>
					<row0>	-1.0000 0.0000 0.0000 0.0000	</row0>
					<row1>	0.0000 1.0000 0.0000 0.0000	</row1>
					<row2>	0.0000 0.0000 -1.0000 0.0000	</row2>
					<row3>	-0.1141 0.8698 0.9945 1.0000	</row3>
				</transform>
			</node>
			<node>
				<identifier>	HP_FX_FloodLight_right_1	</identifier>
				<transform>
					<row0>	1.0000 0.0000 0.0000 0.0000	</row0>
					<row1>	0.0000 1.0000 0.0000 0.0000	</row1>
					<row2>	0.0000 0.0000 1.0000 0.0000	</row2>
					<row3>	0.1196 0.9091 0.9950 1.0000	</row3>
				</transform>
			</node>
			<node>
				<identifier>	HP_FX_Flood_steam_2	</identifier>
				<transform>
					<row0>	1.0000 0.0000 0.0000 0.0000	</row0>
					<row1>	0.0000 1.0000 0.0000 0.0000	</row1>
					<row2>	0.0000 0.0000 1.0000 0.0000	</row2>
					<row3>	-0.1340 1.1300 1.0560 1.0000	</row3>
				</transform>
			</node>
			<node>
				<identifier>	HP_FX_Flood_steam_left	</identifier>
				<transform>
					<row0>	-1.0000 0.0000 0.0000 0.0000	</row0>
					<row1>	0.0000 1.0000 0.0000 0.0000	</row1>
					<row2>	0.0000 0.0000 -1.0000 0.0000	</row2>
					<row3>	-0.4161 0.4277 3.3097 1.0000	</row3>
				</transform>
			</node>
			<node>
				<identifier>	HP_FX_Smoke_1	</identifier>
				<transform>
					<row0>	1.0000 0.0000 0.0000 0.0000	</row0>
					<row1>	0.0000 1.0000 0.0000 0.0000	</row1>
					<row2>	0.0000 0.0000 1.0000 0.0000	</row2>
					<row3>	0.0005 1.0257 0.9360 1.0000	</row3>
				</transform>
			</node>
			<node>
				<identifier>	HP_ID_1	</identifier>
				<transform>
					<row0>	1.0000 0.0000 0.0000 0.0000	</row0>
					<row1>	0.0000 1.0000 0.0000 0.0000	</row1>
					<row2>	0.0000 0.0000 1.0000 0.0000	</row2>
					<row3>	0.0000 0.9069 2.4180 1.0000	</row3>
				</transform>
			</node>
			<node>
				<identifier>	HP_ID_2	</identifier>
				<transform>
					<row0>	1.0000 0.0000 0.0000 0.0000	</row0>
					<row1>	0.0000 1.0000 0.0000 0.0000	</row1>
					<row2>	0.0000 0.0000 1.0000 0.0000	</row2>
					<row3>	0.0000 1.6689 1.8409 1.0000	</row3>
				</transform>
			</node>
			<node>
				<identifier>	HP_ID_3	</identifier>
				<transform>
					<row0>	1.0000 0.0000 0.0000 0.0000	</row0>
					<row1>	0.0000 1.0000 0.0000 0.0000	</row1>
					<row2>	0.0000 0.0000 1.0000 0.0000	</row2>
					<row3>	-0.1902 1.3413 1.6539 1.0000	</row3>
				</transform>
			</node>
			<node>
				<identifier>	HP_ID_4	</identifier>
				<transform>
					<row0>	1.0000 0.0000 0.0000 0.0000	</row0>
					<row1>	0.0000 1.0000 0.0000 0.0000	</row1>
					<row2>	0.0000 0.0000 1.0000 0.0000	</row2>
					<row3>	0.1901 1.3412 1.6539 1.0000	</row3>
				</transform>
			</node>
			<node>
				<identifier>	HP_IGA_1	</identifier>
				<transform>
					<row0>	0.3420 0.0000 0.9397 0.0000	</row0>
					<row1>	0.0000 1.0000 0.0000 0.0000	</row1>
					<row2>	-0.9397 0.0000 0.3420 0.0000	</row2>
					<row3>	-0.2384 0.7747 2.2055 1.0000	</row3>
				</transform>
			</node>
			<node>
				<identifier>	HP_IGA_2	</identifier>
				<transform>
					<row0>	0.4540 0.0000 -0.8910 0.0000	</row0>
					<row1>	0.0000 1.0000 0.0000 0.0000	</row1>
					<row2>	0.8910 0.0000 0.4540 0.0000	</row2>
					<row3>	0.2411 0.7747 2.2054 1.0000	</row3>
				</transform>
			</node>
			<node>
				<identifier>	HP_IGA_3	</identifier>
				<transform>
					<row0>	0.0523 0.0000 0.9986 0.0000	</row0>
					<row1>	0.0000 1.0000 0.0000 0.0000	</row1>
					<row2>	-0.9986 0.0000 0.0523 0.0000	</row2>
					<row3>	-0.3234 0.7759 1.6716 1.0000	</row3>
				</transform>
			</node>
			<node>
				<identifier>	HP_IGA_4	</identifier>
				<transform>
					<row0>	0.0000 0.0000 -1.0000 0.0000	</row0>
					<row1>	0.0000 1.0000 0.0000 0.0000	</row1>
					<row2>	1.0000 0.0000 0.0000 0.0000	</row2>
					<row3>	0.3234 0.7759 1.6716 1.0000	</row3>
				</transform>
			</node>
			<node>
				<identifier>	HP_IGM_1	</identifier>
				<transform>
					<row0>	1.0000 0.0000 0.0000 0.0000	</row0>
					<row1>	0.0000 1.0000 0.0000 0.0000	</row1>
					<row2>	0.0000 0.0000 1.0000 0.0000	</row2>
					<row3>	0.0000 0.4723 3.4523 1.0000	</row3>
				</transform>
			</node>
			<node>
				<identifier>	HP_IGM_2	</identifier>
				<transform>
					<row0>	1.0000 0.0000 0.0000 0.0000	</row0>
					<row1>	0.0000 1.0000 0.0000 0.0000	</row1>
					<row2>	0.0000 0.0000 1.0000 0.0000	</row2>
					<row3>	0.0000 0.6219 2.7907 1.0000	</row3>
				</transform>
			</node>
			<node>
				<identifier>	HP_IGS_1	</identifier>
				<transform>
					<row0>	1.0000 0.0000 0.0000 0.0000	</row0>
					<row1>	0.0000 1.0000 0.0000 0.0000	</row1>
					<row2>	0.0000 0.0000 1.0000 0.0000	</row2>
					<row3>	-0.3365 0.3102 0.4850 1.0000	</row3>
				</transform>
			</node>
			<node>
				<identifier>	HP_IGS_2	</identifier>
				<transform>
					<row0>	1.0000 0.0000 0.0000 0.0000	</row0>
					<row1>	0.0000 1.0000 0.0000 0.0000	</row1>
					<row2>	0.0000 0.0000 1.0000 0.0000	</row2>
					<row3>	0.3365 0.3102 0.4850 1.0000	</row3>
				</transform>
			</node>
			<node>
				<identifier>	HP_flag_courtesy	</identifier>
				<transform>
					<row0>	0.9996 0.0273 -0.0009 0.0000	</row0>
					<row1>	-0.0273 0.9977 -0.0626 0.0000	</row1>
					<row2>	-0.0009 0.0626 0.9980 0.0000	</row2>
					<row3>	0.2017 1.6076 1.5213 1.0000	</row3>
				</transform>
			</node>
			<node>
				<identifier>	HP_flag_house	</identifier>
				<transform>
					<row0>	0.9996 -0.0273 0.0009 0.0000	</row0>
					<row1>	0.0273 0.9977 -0.0626 0.0000	</row1>
					<row2>	0.0009 0.0626 0.9980 0.0000	</row2>
					<row3>	-0.2017 1.6076 1.5213 1.0000	</row3>
				</transform>
			</node>
			<node>
				<identifier>	MP_CM011_Fire_Fighting_Gear	</identifier>
				<transform>
					<row0>	0.7743 0.0000 0.6328 0.0000	</row0>
					<row1>	0.0000 1.0000 0.0000 0.0000	</row1>
					<row2>	-0.6328 0.0000 0.7743 0.0000	</row2>
					<row3>	0.2668 0.3051 0.8270 1.0000	</row3>
				</transform>
			</node>
			<node>
				<identifier>	MP_CM011_Fire_Fighting_Gear_INDEX_1	</identifier>
				<transform>
					<row0>	-0.3390 0.0000 0.9408 0.0000	</row0>
					<row1>	0.0000 1.0000 0.0000 0.0000	</row1>
					<row2>	-0.9408 0.0000 -0.3390 0.0000	</row2>
					<row3>	0.1640 0.4634 2.4567 1.0000	</row3>
				</transform>
			</node>
			<node>
				<identifier>	MP_CM011_Fire_Fighting_Gear_INDEX_2	</identifier>
				<transform>
					<row0>	-0.3390 0.0000 -0.9408 0.0000	</row0>
					<row1>	0.0000 1.0000 0.0000 0.0000	</row1>
					<row2>	0.9408 0.0000 -0.3390 0.0000	</row2>
					<row3>	-0.1640 0.4634 2.4567 1.0000	</row3>
				</transform>
			</node>
			<node>
				<identifier>	MP_CM011_Fire_Fighting_Gear_INDEX_3	</identifier>
				<transform>
					<row0>	0.7743 0.0000 -0.6328 0.0000	</row0>
					<row1>	0.0000 1.0000 0.0000 0.0000	</row1>
					<row2>	0.6328 0.0000 0.7743 0.0000	</row2>
					<row3>	-0.2668 0.3051 0.8270 1.0000	</row3>
				</transform>
			</node>
			<node>
				<identifier>	MP_CM011_Fire_Fighting_Gear_INDEX_4	</identifier>
				<transform>
					<row0>	1.0000 0.0000 0.0000 0.0000	</row0>
					<row1>	0.0000 1.0000 0.0000 0.0000	</row1>
					<row2>	0.0000 0.0000 1.0000 0.0000	</row2>
					<row3>	0.1219 0.4656 1.6488 1.0000	</row3>
				</transform>
			</node>
			<node>
				<identifier>	MP_CM011_Fire_Fighting_Gear_INDEX_5	</identifier>
				<transform>
					<row0>	1.0000 0.0000 0.0000 0.0000	</row0>
					<row1>	0.0000 1.0000 0.0000 0.0000	</row1>
					<row2>	0.0000 0.0000 1.0000 0.0000	</row2>
					<row3>	-0.1219 0.4656 1.6488 1.0000	</row3>
				</transform>
			</node>
			<node>
				<identifier>	MP_CM013_Fire_Hose_Rack_2	</identifier>
				<transform>
					<row0>	-0.6104 0.0000 0.7921 0.0000	</row0>
					<row1>	0.0000 1.0000 0.0000 0.0000	</row1>
					<row2>	-0.7921 0.0000 -0.6104 0.0000	</row2>
					<row3>	0.2676 0.3564 0.8472 1.0000	</row3>
				</transform>
			</node>
			<node>
				<identifier>	MP_CM013_Fire_Hose_Rack_2_INDEX_1	</identifier>
				<transform>
					<row0>	0.6016 0.0000 0.7988 0.0000	</row0>
					<row1>	0.0000 1.0000 0.0000 0.0000	</row1>
					<row2>	-0.7988 0.0000 0.6016 0.0000	</row2>
					<row3>	-0.2676 0.3564 0.8472 1.0000	</row3>
				</transform>
			</node>
			<node>
				<identifier>	MP_CM013_Fire_Hose_Rack_2_INDEX_2	</identifier>
				<transform>
					<row0>	-0.9382 0.0000 -0.3462 0.0000	</row0>
					<row1>	0.0000 1.0000 0.0000 0.0000	</row1>
					<row2>	0.3462 0.0000 -0.9382 0.0000	</row2>
					<row3>	0.1462 0.5192 2.4673 1.0000	</row3>
				</transform>
			</node>
			<node>
				<identifier>	MP_CM013_Fire_Hose_Rack_2_INDEX_3	</identifier>
				<transform>
					<row0>	0.9382 0.0000 -0.3460 0.0000	</row0>
					<row1>	0.0000 1.0000 0.0000 0.0000	</row1>
					<row2>	0.3460 0.0000 0.9382 0.0000	</row2>
					<row3>	-0.1462 0.5192 2.4673 1.0000	</row3>
				</transform>
			</node>
			<node>
				<identifier>	MP_CM013_Fire_Hose_Rack_2_INDEX_4	</identifier>
				<transform>
					<row0>	-0.3358 0.0000 0.9419 0.0000	</row0>
					<row1>	0.0000 1.0000 0.0000 0.0000	</row1>
					<row2>	-0.9419 0.0000 -0.3358 0.0000	</row2>
					<row3>	0.1419 0.5053 1.6615 1.0000	</row3>
				</transform>
			</node>
			<node>
				<identifier>	MP_CM013_Fire_Hose_Rack_2_INDEX_5	</identifier>
				<transform>
					<row0>	0.3438 0.0000 0.9390 0.0000	</row0>
					<row1>	0.0000 1.0000 0.0000 0.0000	</row1>
					<row2>	-0.9390 0.0000 0.3438 0.0000	</row2>
					<row3>	-0.1419 0.5053 1.6615 1.0000	</row3>
				</transform>
			</node>
			<node>
				<identifier>	MP_CM014_Fuel_Oil_Hose	</identifier>
				<transform>
					<row0>	-1.0000 0.0000 -0.0028 0.0000	</row0>
					<row1>	0.0000 -1.0000 0.0000 0.0000	</row1>
					<row2>	-0.0028 0.0000 1.0000 0.0000	</row2>
					<row3>	0.3320 0.3531 1.6562 1.0000	</row3>
				</transform>
			</node>
			<node>
				<identifier>	MP_CM014_Fuel_Oil_Hose_INDEX_1	</identifier>
				<transform>
					<row0>	1.0000 0.0000 -0.0013 0.0000	</row0>
					<row1>	0.0000 1.0000 0.0000 0.0000	</row1>
					<row2>	0.0013 0.0000 1.0000 0.0000	</row2>
					<row3>	-0.3318 0.3531 1.6562 1.0000	</row3>
				</transform>
			</node>
			<node>
				<identifier>	MP_CM029_Emergency_Box	</identifier>
				<transform>
					<row0>	0.0487 0.0000 0.9988 0.0000	</row0>
					<row1>	0.0000 1.0000 0.0000 0.0000	</row1>
					<row2>	-0.9988 0.0000 0.0487 0.0000	</row2>
					<row3>	0.1598 0.8326 1.9347 1.0000	</row3>
				</transform>
			</node>
			<node>
				<identifier>	MP_CM029_Emergency_Box_INDEX_1	</identifier>
				<transform>
					<row0>	0.0487 0.0000 -0.9988 0.0000	</row0>
					<row1>	0.0000 1.0000 0.0000 0.0000	</row1>
					<row2>	0.9988 0.0000 0.0487 0.0000	</row2>
					<row3>	-0.1598 0.8326 1.9347 1.0000	</row3>
				</transform>
			</node>
			<node>
				<identifier>	MP_CM029_Emergency_Box_INDEX_2	</identifier>
				<transform>
					<row0>	0.2028 0.0000 -0.9792 0.0000	</row0>
					<row1>	0.0000 1.0000 0.0000 0.0000	</row1>
					<row2>	0.9792 0.0000 0.2028 0.0000	</row2>
					<row3>	-0.1463 0.9804 1.8064 1.0000	</row3>
				</transform>
			</node>
			<node>
				<identifier>	MP_CM029_Emergency_Box_INDEX_3	</identifier>
				<transform>
					<row0>	0.2028 0.0000 0.9792 0.0000	</row0>
					<row1>	0.0000 1.0000 0.0000 0.0000	</row1>
					<row2>	-0.9792 0.0000 0.2028 0.0000	</row2>
					<row3>	0.1463 0.9804 1.8064 1.0000	</row3>
				</transform>
			</node>
			<node>
				<identifier>	MP_CM029_Emergency_Box_INDEX_4	</identifier>
				<transform>
					<row0>	0.0000 0.0000 1.0000 0.0000	</row0>
					<row1>	-0.1844 0.9829 0.0000 0.0000	</row1>
					<row2>	-0.9829 -0.1844 0.0000 0.0000	</row2>
					<row3>	0.0732 1.2848 1.8365 1.0000	</row3>
				</transform>
			</node>
			<node>
				<identifier>	MP_CM029_Emergency_Box_INDEX_5	</identifier>
				<transform>
					<row0>	0.0000 0.0000 1.0000 0.0000	</row0>
					<row1>	0.0000 1.0000 0.0000 0.0000	</row1>
					<row2>	-1.0000 0.0000 0.0000 0.0000	</row2>
					<row3>	0.3368 0.3666 1.9095 1.0000	</row3>
				</transform>
			</node>
			<node>
				<identifier>	MP_CM029_Emergency_Box_INDEX_6	</identifier>
				<transform>
					<row0>	0.0000 0.0000 -1.0000 0.0000	</row0>
					<row1>	0.0000 1.0000 0.0000 0.0000	</row1>
					<row2>	1.0000 0.0000 0.0000 0.0000	</row2>
					<row3>	-0.3368 0.3666 1.9095 1.0000	</row3>
				</transform>
			</node>
			<node>
				<identifier>	MP_CM030_Swab_Rack_2	</identifier>
				<transform>
					<row0>	0.0000 0.0000 1.0000 0.0000	</row0>
					<row1>	0.0000 1.0000 0.0000 0.0000	</row1>
					<row2>	-1.0000 0.0000 0.0000 0.0000	</row2>
					<row3>	-0.3286 0.3023 1.8388 1.0000	</row3>
				</transform>
			</node>
			<node>
				<identifier>	MP_CM030_Swab_Rack_2_INDEX_1	</identifier>
				<transform>
					<row0>	0.0000 0.0000 -1.0000 0.0000	</row0>
					<row1>	0.0000 1.0000 0.0000 0.0000	</row1>
					<row2>	1.0000 0.0000 0.0000 0.0000	</row2>
					<row3>	0.3286 0.3023 1.8388 1.0000	</row3>
				</transform>
			</node>
			<node>
				<identifier>	MP_CM040_Steering_Wheel	</identifier>
				<transform>
					<row0>	1.0000 0.0000 0.0000 0.0000	</row0>
					<row1>	0.0000 1.0000 0.0000 0.0000	</row1>
					<row2>	0.0000 0.0000 1.0000 0.0000	</row2>
					<row3>	-0.0480 1.0838 2.1104 1.0000	</row3>
				</transform>
			</node>
			<node>
				<identifier>	MP_CM052_Fender	</identifier>
				<transform>
					<row0>	0.0000 0.0000 -0.6571 0.0000	</row0>
					<row1>	0.0000 0.6571 0.0000 0.0000	</row1>
					<row2>	0.6571 0.0000 0.0000 0.0000	</row2>
					<row3>	0.3357 0.4634 1.7944 1.0000	</row3>
				</transform>
			</node>
			<node>
				<identifier>	MP_CM052_Fender_INDEX_1	</identifier>
				<transform>
					<row0>	0.0000 0.0000 -0.6571 0.0000	</row0>
					<row1>	0.0000 0.6571 0.0000 0.0000	</row1>
					<row2>	0.6571 0.0000 0.0000 0.0000	</row2>
					<row3>	0.3531 0.3044 0.9421 1.0000	</row3>
				</transform>
			</node>
			<node>
				<identifier>	MP_CM052_Fender_INDEX_2	</identifier>
				<transform>
					<row0>	0.0000 0.0000 0.6571 0.0000	</row0>
					<row1>	0.0000 0.6571 0.0000 0.0000	</row1>
					<row2>	-0.6571 0.0000 0.0000 0.0000	</row2>
					<row3>	-0.3531 0.3044 1.0388 1.0000	</row3>
				</transform>
			</node>
			<node>
				<identifier>	MP_CM052_Fender_INDEX_3	</identifier>
				<transform>
					<row0>	0.0000 0.0000 0.6571 0.0000	</row0>
					<row1>	0.0000 0.6571 0.0000 0.0000	</row1>
					<row2>	-0.6571 0.0000 0.0000 0.0000	</row2>
					<row3>	-0.3357 0.4634 1.7944 1.0000	</row3>
				</transform>
			</node>
			<node>
				<identifier>	MP_CM056_Ships_bell	</identifier>
				<transform>
					<row0>	1.0000 0.0000 0.0000 0.0000	</row0>
					<row1>	0.0000 1.0000 0.0000 0.0000	</row1>
					<row2>	0.0000 0.0000 1.0000 0.0000	</row2>
					<row3>	-0.0005 1.0481 2.1616 1.0000	</row3>
				</transform>
			</node>
			<node>
				<identifier>	MP_CM059_Ladder_Cruiser	</identifier>
				<transform>
					<row0>	0.0000 0.7878 0.0000 0.0000	</row0>
					<row1>	-0.7878 0.0000 -0.0031 0.0000	</row1>
					<row2>	-0.0031 0.0000 0.7878 0.0000	</row2>
					<row3>	-0.4489 0.3384 0.2196 1.0000	</row3>
				</transform>
			</node>
			<node>
				<identifier>	MP_CM092_Siren	</identifier>
				<transform>
					<row0>	1.0000 0.0000 0.0000 0.0000	</row0>
					<row1>	0.0000 1.0000 0.0000 0.0000	</row1>
					<row2>	0.0000 0.0000 1.0000 0.0000	</row2>
					<row3>	0.0274 0.9545 1.1544 1.0000	</row3>
				</transform>
			</node>
			<node>
				<identifier>	MP_CM120_Chair_Captain	</identifier>
				<transform>
					<row0>	1.0000 0.0000 0.0000 0.0000	</row0>
					<row1>	0.0000 1.0000 0.0000 0.0000	</row1>
					<row2>	0.0000 0.0000 1.0000 0.0000	</row2>
					<row3>	0.0601 1.0840 2.0657 1.0000	</row3>
				</transform>
			</node>
			<node>
				<identifier>	MP_CM149_Telegraph	</identifier>
				<transform>
					<row0>	0.0000 0.0000 1.0000 0.0000	</row0>
					<row1>	0.0000 1.0000 0.0000 0.0000	</row1>
					<row2>	-1.0000 0.0000 0.0000 0.0000	</row2>
					<row3>	0.0876 1.0840 2.0271 1.0000	</row3>
				</transform>
			</node>
			<node>
				<identifier>	MP_FM020_Siren	</identifier>
				<transform>
					<row0>	1.0000 0.0000 0.0000 0.0000	</row0>
					<row1>	0.0000 1.0000 0.0000 0.0000	</row1>
					<row2>	0.0000 0.0000 1.0000 0.0000	</row2>
					<row3>	-0.0274 0.9545 1.1544 1.0000	</row3>
				</transform>
			</node>
			<node>
				<identifier>	MP_IM001_Paramine_Tipo_C	</identifier>
				<transform>
					<row0>	0.0000 1.0000 0.0000 0.0000	</row0>
					<row1>	0.0000 0.0000 1.0000 0.0000	</row1>
					<row2>	1.0000 0.0000 0.0000 0.0000	</row2>
					<row3>	0.0000 0.5455 2.9925 1.0000	</row3>
				</transform>
			</node>
			<node>
				<identifier>	MP_IM001_Paramine_Tipo_C_INDEX_1	</identifier>
				<transform>
					<row0>	0.0000 1.0000 0.0000 0.0000	</row0>
					<row1>	0.9695 0.0000 0.2450 0.0000	</row1>
					<row2>	0.2450 0.0000 -0.9695 0.0000	</row2>
					<row3>	-0.2118 0.5455 2.6688 1.0000	</row3>
				</transform>
			</node>
			<node>
				<identifier>	MP_IM001_Paramine_Tipo_C_INDEX_2	</identifier>
				<transform>
					<row0>	0.0000 -1.0000 0.0000 0.0000	</row0>
					<row1>	-0.9695 0.0000 0.2450 0.0000	</row1>
					<row2>	-0.2450 0.0000 -0.9695 0.0000	</row2>
					<row3>	0.2117 0.5455 2.6688 1.0000	</row3>
				</transform>
			</node>
			<node>
				<identifier>	MP_IM010_Life_Jacket	</identifier>
				<transform>
					<row0>	0.5317 0.0000 -0.8469 0.0000	</row0>
					<row1>	-0.0294 0.9230 -0.0185 0.0000	</row1>
					<row2>	0.8463 0.0376 0.5313 0.0000	</row2>
					<row3>	-0.4564 0.3752 0.6396 1.0000	</row3>
				</transform>
			</node>
			<node>
				<identifier>	MP_IM010_Life_Jacket_INDEX_1	</identifier>
				<transform>
					<row0>	0.7606 0.0000 -0.6493 0.0000	</row0>
					<row1>	0.0000 1.0548 0.0000 0.0000	</row1>
					<row2>	0.6493 0.0000 0.7606 0.0000	</row2>
					<row3>	-0.4781 0.3730 0.6198 1.0000	</row3>
				</transform>
			</node>
			<node>
				<identifier>	MP_IM010_Life_Jacket_INDEX_10	</identifier>
				<transform>
					<row0>	0.7625 -0.0262 0.6465 0.0000	</row0>
					<row1>	0.0200 0.9997 0.0170 0.0000	</row1>
					<row2>	-0.6467 0.0000 0.7627 0.0000	</row2>
					<row3>	-0.4783 0.3743 0.3836 1.0000	</row3>
				</transform>
			</node>
			<node>
				<identifier>	MP_IM010_Life_Jacket_INDEX_11	</identifier>
				<transform>
					<row0>	0.5494 0.0000 0.8356 0.0000	</row0>
					<row1>	0.0456 1.0566 -0.0300 0.0000	</row1>
					<row2>	-0.8344 0.0516 0.5487 0.0000	</row2>
					<row3>	-0.4587 0.3736 0.3656 1.0000	</row3>
				</transform>
			</node>
			<node>
				<identifier>	MP_IM010_Life_Jacket_INDEX_12	</identifier>
				<transform>
					<row0>	-0.1025 0.0260 0.9944 0.0000	</row0>
					<row1>	0.0253 0.9994 -0.0235 0.0000	</row1>
					<row2>	-0.9944 0.0228 -0.1031 0.0000	</row2>
					<row3>	0.0161 0.5325 0.6455 1.0000	</row3>
				</transform>
			</node>
			<node>
				<identifier>	MP_IM010_Life_Jacket_INDEX_13	</identifier>
				<transform>
					<row0>	-0.3786 0.0000 0.9256 0.0000	</row0>
					<row1>	-0.0227 1.0534 -0.0093 0.0000	</row1>
					<row2>	-0.9253 -0.0233 -0.3785 0.0000	</row2>
					<row3>	0.0634 0.5325 0.6570 1.0000	</row3>
				</transform>
			</node>
			<node>
				<identifier>	MP_IM010_Life_Jacket_INDEX_14	</identifier>
				<transform>
					<row0>	-0.2266 -0.0326 0.9734 0.0000	</row0>
					<row1>	-0.0070 0.9448 0.0300 0.0000	</row1>
					<row2>	-0.9740 0.0000 -0.2268 0.0000	</row2>
					<row3>	0.0397 0.5325 0.6496 1.0000	</row3>
				</transform>
			</node>
			<node>
				<identifier>	MP_IM010_Life_Jacket_INDEX_15	</identifier>
				<transform>
					<row0>	-0.6737 0.0000 0.7390 0.0000	</row0>
					<row1>	-0.0412 0.9984 -0.0376 0.0000	</row1>
					<row2>	-0.7379 -0.0557 -0.6726 0.0000	</row2>
					<row3>	0.1293 0.5334 0.6989 1.0000	</row3>
				</transform>
			</node>
			<node>
				<identifier>	MP_IM010_Life_Jacket_INDEX_16	</identifier>
				<transform>
					<row0>	-0.5861 0.0000 0.8102 0.0000	</row0>
					<row1>	0.0000 1.0651 0.0000 0.0000	</row1>
					<row2>	-0.8102 0.0000 -0.5861 0.0000	</row2>
					<row3>	0.1115 0.5325 0.6844 1.0000	</row3>
				</transform>
			</node>
			<node>
				<identifier>	MP_IM010_Life_Jacket_INDEX_17	</identifier>
				<transform>
					<row0>	-0.9995 -0.0310 -0.0005 0.0000	</row0>
					<row1>	-0.0303 0.9772 0.0169 0.0000	</row1>
					<row2>	0.0000 0.0173 -0.9999 0.0000	</row2>
					<row3>	0.1826 0.5325 0.7231 1.0000	</row3>
				</transform>
			</node>
			<node>
				<identifier>	MP_IM010_Life_Jacket_INDEX_18	</identifier>
				<transform>
					<row0>	-1.0000 0.0000 0.0000 0.0000	</row0>
					<row1>	0.0000 0.9988 -0.0488 0.0000	</row1>
					<row2>	0.0000 -0.0488 -0.9988 0.0000	</row2>
					<row3>	0.1826 0.5327 0.7711 1.0000	</row3>
				</transform>
			</node>
			<node>
				<identifier>	MP_IM010_Life_Jacket_INDEX_19	</identifier>
				<transform>
					<row0>	-1.0000 0.0000 0.0000 0.0000	</row0>
					<row1>	0.0000 1.0443 0.0000 0.0000	</row1>
					<row2>	0.0000 0.0000 -1.0000 0.0000	</row2>
					<row3>	0.1826 0.5325 0.7470 1.0000	</row3>
				</transform>
			</node>
			<node>
				<identifier>	MP_IM010_Life_Jacket_INDEX_2	</identifier>
				<transform>
					<row0>	0.8931 -0.0534 -0.4467 0.0000	</row0>
					<row1>	0.0456 0.9548 -0.0228 0.0000	</row1>
					<row2>	0.4473 0.0000 0.8944 0.0000	</row2>
					<row3>	-0.4955 0.3744 0.5934 1.0000	</row3>
				</transform>
			</node>
			<node>
				<identifier>	MP_IM010_Life_Jacket_INDEX_20	</identifier>
				<transform>
					<row0>	-0.6203 0.0000 0.7844 0.0000	</row0>
					<row1>	0.0076 1.1005 0.0060 0.0000	</row1>
					<row2>	-0.7843 0.0089 -0.6203 0.0000	</row2>
					<row3>	0.1959 0.5331 0.7950 1.0000	</row3>
				</transform>
			</node>
			<node>
				<identifier>	MP_IM010_Life_Jacket_INDEX_21	</identifier>
				<transform>
					<row0>	-0.6197 -0.0454 0.7836 0.0000	</row0>
					<row1>	-0.0282 0.9990 0.0356 0.0000	</row1>
					<row2>	-0.7844 0.0000 -0.6203 0.0000	</row2>
					<row3>	0.2183 0.5325 0.8128 1.0000	</row3>
				</transform>
			</node>
			<node>
				<identifier>	MP_IM010_Life_Jacket_INDEX_22	</identifier>
				<transform>
					<row0>	-0.6203 0.0000 0.7844 0.0000	</row0>
					<row1>	0.0000 1.0329 0.0000 0.0000	</row1>
					<row2>	-0.7844 0.0000 -0.6203 0.0000	</row2>
					<row3>	0.2371 0.5336 0.8276 1.0000	</row3>
				</transform>
			</node>
			<node>
				<identifier>	MP_IM010_Life_Jacket_INDEX_23	</identifier>
				<transform>
					<row0>	-0.6168 -0.0751 0.7836 0.0000	</row0>
					<row1>	-0.0910 1.0617 0.0301 0.0000	</row1>
					<row2>	-0.7825 -0.0495 -0.6207 0.0000	</row2>
					<row3>	0.2581 0.5341 0.8443 1.0000	</row3>
				</transform>
			</node>
			<node>
				<identifier>	MP_IM010_Life_Jacket_INDEX_24	</identifier>
				<transform>
					<row0>	0.9975 0.0700 -0.0021 0.0000	</row0>
					<row1>	-0.0700 0.9971 -0.0295 0.0000	</row1>
					<row2>	0.0000 0.0296 0.9996 0.0000	</row2>
					<row3>	0.4441 0.3734 0.2660 1.0000	</row3>
				</transform>
			</node>
			<node>
				<identifier>	MP_IM010_Life_Jacket_INDEX_25	</identifier>
				<transform>
					<row0>	1.0000 0.0000 0.0000 0.0000	</row0>
					<row1>	0.0000 0.9664 0.0147 0.0000	</row1>
					<row2>	0.0000 -0.0152 0.9999 0.0000	</row2>
					<row3>	0.4441 0.3734 0.2416 1.0000	</row3>
				</transform>
			</node>
			<node>
				<identifier>	MP_IM010_Life_Jacket_INDEX_26	</identifier>
				<transform>
					<row0>	0.9995 0.0315 0.0000 0.0000	</row0>
					<row1>	-0.0332 1.0541 0.0000 0.0000	</row1>
					<row2>	0.0000 0.0000 1.0000 0.0000	</row2>
					<row3>	0.4441 0.3734 0.2173 1.0000	</row3>
				</transform>
			</node>
			<node>
				<identifier>	MP_IM010_Life_Jacket_INDEX_27	</identifier>
				<transform>
					<row0>	1.0000 0.0000 0.0000 0.0000	</row0>
					<row1>	0.0000 1.0000 0.0000 0.0000	</row1>
					<row2>	0.0000 0.0000 1.0000 0.0000	</row2>
					<row3>	0.4441 0.3743 0.1937 1.0000	</row3>
				</transform>
			</node>
			<node>
				<identifier>	MP_IM010_Life_Jacket_INDEX_28	</identifier>
				<transform>
					<row0>	1.0000 0.0000 0.0000 0.0000	</row0>
					<row1>	0.0000 1.0104 0.0332 0.0000	</row1>
					<row2>	0.0000 -0.0329 0.9995 0.0000	</row2>
					<row3>	0.4441 0.3738 0.1684 1.0000	</row3>
				</transform>
			</node>
			<node>
				<identifier>	MP_IM010_Life_Jacket_INDEX_29	</identifier>
				<transform>
					<row0>	1.0000 0.0000 0.0000 0.0000	</row0>
					<row1>	0.0000 0.9233 0.0000 0.0000	</row1>
					<row2>	0.0000 0.0000 1.0000 0.0000	</row2>
					<row3>	0.4441 0.3734 0.1205 1.0000	</row3>
				</transform>
			</node>
			<node>
				<identifier>	MP_IM010_Life_Jacket_INDEX_3	</identifier>
				<transform>
					<row0>	0.9667 -0.0224 -0.2550 0.0000	</row0>
					<row1>	0.0137 1.0338 -0.0386 0.0000	</row1>
					<row2>	0.2556 0.0327 0.9662 0.0000	</row2>
					<row3>	-0.5070 0.3738 0.5641 1.0000	</row3>
				</transform>
			</node>
			<node>
				<identifier>	MP_IM010_Life_Jacket_INDEX_30	</identifier>
				<transform>
					<row0>	0.9999 0.0120 0.0000 0.0000	</row0>
					<row1>	-0.0120 0.9999 0.0000 0.0000	</row1>
					<row2>	0.0000 0.0000 1.0000 0.0000	</row2>
					<row3>	0.4441 0.3734 0.1438 1.0000	</row3>
				</transform>
			</node>
			<node>
				<identifier>	MP_IM010_Life_Jacket_INDEX_31	</identifier>
				<transform>
					<row0>	1.0000 0.0000 0.0000 0.0000	</row0>
					<row1>	0.0000 1.0000 0.0000 0.0000	</row1>
					<row2>	0.0000 0.0000 1.0000 0.0000	</row2>
					<row3>	0.4441 0.3734 0.0933 1.0000	</row3>
				</transform>
			</node>
			<node>
				<identifier>	MP_IM010_Life_Jacket_INDEX_32	</identifier>
				<transform>
					<row0>	1.0000 0.0000 0.0000 0.0000	</row0>
					<row1>	0.0000 0.9994 0.0346 0.0000	</row1>
					<row2>	0.0000 -0.0346 0.9994 0.0000	</row2>
					<row3>	0.4441 0.3735 0.0653 1.0000	</row3>
				</transform>
			</node>
			<node>
				<identifier>	MP_IM010_Life_Jacket_INDEX_33	</identifier>
				<transform>
					<row0>	1.0000 0.0000 0.0000 0.0000	</row0>
					<row1>	0.0000 1.0549 -0.0081 0.0000	</row1>
					<row2>	0.0000 0.0077 1.0000 0.0000	</row2>
					<row3>	-0.4441 0.3739 0.3399 1.0000	</row3>
				</transform>
			</node>
			<node>
				<identifier>	MP_IM010_Life_Jacket_INDEX_34	</identifier>
				<transform>
					<row0>	1.0000 0.0000 0.0000 0.0000	</row0>
					<row1>	0.0000 1.0000 0.0000 0.0000	</row1>
					<row2>	0.0000 0.0000 1.0000 0.0000	</row2>
					<row3>	-0.4441 0.3734 0.3087 1.0000	</row3>
				</transform>
			</node>
			<node>
				<identifier>	MP_IM010_Life_Jacket_INDEX_35	</identifier>
				<transform>
					<row0>	1.0000 0.0000 0.0000 0.0000	</row0>
					<row1>	0.0000 0.9980 0.0631 0.0000	</row1>
					<row2>	0.0000 -0.0631 0.9980 0.0000	</row2>
					<row3>	-0.4422 0.3735 0.6639 1.0000	</row3>
				</transform>
			</node>
			<node>
				<identifier>	MP_IM010_Life_Jacket_INDEX_36	</identifier>
				<transform>
					<row0>	0.9995 -0.0324 0.0000 0.0000	</row0>
					<row1>	0.0335 1.0324 0.0000 0.0000	</row1>
					<row2>	0.0000 0.0000 1.0000 0.0000	</row2>
					<row3>	-0.4422 0.3736 0.6922 1.0000	</row3>
				</transform>
			</node>
			<node>
				<identifier>	MP_IM010_Life_Jacket_INDEX_37	</identifier>
				<transform>
					<row0>	0.9993 -0.0370 0.0017 0.0000	</row0>
					<row1>	0.0370 0.9983 -0.0453 0.0000	</row1>
					<row2>	0.0000 0.0453 0.9990 0.0000	</row2>
					<row3>	-0.4422 0.3736 0.7402 1.0000	</row3>
				</transform>
			</node>
			<node>
				<identifier>	MP_IM010_Life_Jacket_INDEX_38	</identifier>
				<transform>
					<row0>	1.0000 0.0000 0.0000 0.0000	</row0>
					<row1>	0.0000 0.8914 0.0171 0.0000	</row1>
					<row2>	0.0000 -0.0192 0.9998 0.0000	</row2>
					<row3>	-0.4422 0.3736 0.7160 1.0000	</row3>
				</transform>
			</node>
			<node>
				<identifier>	MP_IM010_Life_Jacket_INDEX_39	</identifier>
				<transform>
					<row0>	0.9997 -0.0263 0.0007 0.0000	</row0>
					<row1>	0.0278 1.0542 -0.0273 0.0000	</row1>
					<row2>	0.0000 0.0259 0.9997 0.0000	</row2>
					<row3>	-0.4422 0.3736 0.7698 1.0000	</row3>
				</transform>
			</node>
			<node>
				<identifier>	MP_IM010_Life_Jacket_INDEX_4	</identifier>
				<transform>
					<row0>	0.9843 -0.0445 -0.1709 0.0000	</row0>
					<row1>	0.0434 0.9880 -0.0075 0.0000	</row1>
					<row2>	0.1711 0.0000 0.9853 0.0000	</row2>
					<row3>	-0.5121 0.3739 0.5418 1.0000	</row3>
				</transform>
			</node>
			<node>
				<identifier>	MP_IM010_Life_Jacket_INDEX_40	</identifier>
				<transform>
					<row0>	1.0000 0.0000 0.0000 0.0000	</row0>
					<row1>	0.0000 1.0000 0.0000 0.0000	</row1>
					<row2>	0.0000 0.0000 1.0000 0.0000	</row2>
					<row3>	0.4422 0.3739 0.7964 1.0000	</row3>
				</transform>
			</node>
			<node>
				<identifier>	MP_IM010_Life_Jacket_INDEX_41	</identifier>
				<transform>
					<row0>	1.0000 0.0000 0.0000 0.0000	</row0>
					<row1>	0.0000 0.9980 0.0631 0.0000	</row1>
					<row2>	0.0000 -0.0631 0.9980 0.0000	</row2>
					<row3>	0.4422 0.3735 0.6639 1.0000	</row3>
				</transform>
			</node>
			<node>
				<identifier>	MP_IM010_Life_Jacket_INDEX_42	</identifier>
				<transform>
					<row0>	0.9995 0.0324 0.0000 0.0000	</row0>
					<row1>	-0.0335 1.0324 0.0000 0.0000	</row1>
					<row2>	0.0000 0.0000 1.0000 0.0000	</row2>
					<row3>	0.4422 0.3736 0.6922 1.0000	</row3>
				</transform>
			</node>
			<node>
				<identifier>	MP_IM010_Life_Jacket_INDEX_43	</identifier>
				<transform>
					<row0>	1.0000 0.0000 0.0000 0.0000	</row0>
					<row1>	0.0000 0.8914 0.0171 0.0000	</row1>
					<row2>	0.0000 -0.0192 0.9998 0.0000	</row2>
					<row3>	0.4422 0.3736 0.7160 1.0000	</row3>
				</transform>
			</node>
			<node>
				<identifier>	MP_IM010_Life_Jacket_INDEX_44	</identifier>
				<transform>
					<row0>	0.9993 0.0370 -0.0017 0.0000	</row0>
					<row1>	-0.0370 0.9983 -0.0453 0.0000	</row1>
					<row2>	0.0000 0.0453 0.9990 0.0000	</row2>
					<row3>	0.4422 0.3736 0.7402 1.0000	</row3>
				</transform>
			</node>
			<node>
				<identifier>	MP_IM010_Life_Jacket_INDEX_45	</identifier>
				<transform>
					<row0>	0.9997 0.0263 -0.0007 0.0000	</row0>
					<row1>	-0.0278 1.0542 -0.0273 0.0000	</row1>
					<row2>	0.0000 0.0259 0.9997 0.0000	</row2>
					<row3>	0.4422 0.3736 0.7698 1.0000	</row3>
				</transform>
			</node>
			<node>
				<identifier>	MP_IM010_Life_Jacket_INDEX_46	</identifier>
				<transform>
					<row0>	0.5317 0.0000 0.8469 0.0000	</row0>
					<row1>	0.0294 0.9230 -0.0185 0.0000	</row1>
					<row2>	-0.8463 0.0376 0.5313 0.0000	</row2>
					<row3>	0.4564 0.3752 0.6396 1.0000	</row3>
				</transform>
			</node>
			<node>
				<identifier>	MP_IM010_Life_Jacket_INDEX_47	</identifier>
				<transform>
					<row0>	0.7606 0.0000 0.6493 0.0000	</row0>
					<row1>	0.0000 1.0548 0.0000 0.0000	</row1>
					<row2>	-0.6493 0.0000 0.7606 0.0000	</row2>
					<row3>	0.4781 0.3730 0.6198 1.0000	</row3>
				</transform>
			</node>
			<node>
				<identifier>	MP_IM010_Life_Jacket_INDEX_48	</identifier>
				<transform>
					<row0>	0.8931 0.0534 0.4467 0.0000	</row0>
					<row1>	-0.0456 0.9548 -0.0228 0.0000	</row1>
					<row2>	-0.4473 0.0000 0.8944 0.0000	</row2>
					<row3>	0.4955 0.3744 0.5934 1.0000	</row3>
				</transform>
			</node>
			<node>
				<identifier>	MP_IM010_Life_Jacket_INDEX_49	</identifier>
				<transform>
					<row0>	0.9667 0.0224 0.2550 0.0000	</row0>
					<row1>	-0.0137 1.0338 -0.0386 0.0000	</row1>
					<row2>	-0.2556 0.0327 0.9662 0.0000	</row2>
					<row3>	0.5070 0.3738 0.5641 1.0000	</row3>
				</transform>
			</node>
			<node>
				<identifier>	MP_IM010_Life_Jacket_INDEX_5	</identifier>
				<transform>
					<row0>	0.9966 0.0000 -0.0825 0.0000	</row0>
					<row1>	0.0041 0.9988 0.0495 0.0000	</row1>
					<row2>	0.0824 -0.0497 0.9954 0.0000	</row2>
					<row3>	-0.5154 0.3739 0.5154 1.0000	</row3>
				</transform>
			</node>
			<node>
				<identifier>	MP_IM010_Life_Jacket_INDEX_50	</identifier>
				<transform>
					<row0>	0.9843 0.0445 0.1709 0.0000	</row0>
					<row1>	-0.0434 0.9880 -0.0075 0.0000	</row1>
					<row2>	-0.1711 0.0000 0.9853 0.0000	</row2>
					<row3>	0.5121 0.3739 0.5418 1.0000	</row3>
				</transform>
			</node>
			<node>
				<identifier>	MP_IM010_Life_Jacket_INDEX_51	</identifier>
				<transform>
					<row0>	0.9966 0.0000 0.0825 0.0000	</row0>
					<row1>	-0.0041 0.9988 0.0495 0.0000	</row1>
					<row2>	-0.0824 -0.0497 0.9954 0.0000	</row2>
					<row3>	0.5154 0.3739 0.5154 1.0000	</row3>
				</transform>
			</node>
			<node>
				<identifier>	MP_IM010_Life_Jacket_INDEX_52	</identifier>
				<transform>
					<row0>	0.9968 0.0000 -0.0795 0.0000	</row0>
					<row1>	-0.0022 1.0330 -0.0276 0.0000	</row1>
					<row2>	0.0795 0.0268 0.9965 0.0000	</row2>
					<row3>	0.5156 0.3736 0.4889 1.0000	</row3>
				</transform>
			</node>
			<node>
				<identifier>	MP_IM010_Life_Jacket_INDEX_53	</identifier>
				<transform>
					<row0>	0.9864 0.0000 -0.1641 0.0000	</row0>
					<row1>	0.0000 1.0000 0.0000 0.0000	</row1>
					<row2>	0.1641 0.0000 0.9864 0.0000	</row2>
					<row3>	0.5127 0.3740 0.4625 1.0000	</row3>
				</transform>
			</node>
			<node>
				<identifier>	MP_IM010_Life_Jacket_INDEX_54	</identifier>
				<transform>
					<row0>	0.9646 0.0000 -0.2637 0.0000	</row0>
					<row1>	0.0000 1.0000 0.0000 0.0000	</row1>
					<row2>	0.2637 0.0000 0.9646 0.0000	</row2>
					<row3>	0.5074 0.3730 0.4402 1.0000	</row3>
				</transform>
			</node>
			<node>
				<identifier>	MP_IM010_Life_Jacket_INDEX_55	</identifier>
				<transform>
					<row0>	0.8960 0.0000 -0.4440 0.0000	</row0>
					<row1>	0.0000 0.9672 0.0000 0.0000	</row1>
					<row2>	0.4440 0.0000 0.8960 0.0000	</row2>
					<row3>	0.4964 0.3744 0.4126 1.0000	</row3>
				</transform>
			</node>
			<node>
				<identifier>	MP_IM010_Life_Jacket_INDEX_56	</identifier>
				<transform>
					<row0>	0.7625 0.0262 -0.6465 0.0000	</row0>
					<row1>	-0.0200 0.9997 0.0170 0.0000	</row1>
					<row2>	0.6467 0.0000 0.7627 0.0000	</row2>
					<row3>	0.4783 0.3743 0.3836 1.0000	</row3>
				</transform>
			</node>
			<node>
				<identifier>	MP_IM010_Life_Jacket_INDEX_57	</identifier>
				<transform>
					<row0>	0.5494 0.0000 -0.8356 0.0000	</row0>
					<row1>	-0.0456 1.0566 -0.0300 0.0000	</row1>
					<row2>	0.8344 0.0516 0.5487 0.0000	</row2>
					<row3>	0.4587 0.3736 0.3656 1.0000	</row3>
				</transform>
			</node>
			<node>
				<identifier>	MP_IM010_Life_Jacket_INDEX_58	</identifier>
				<transform>
					<row0>	1.0000 0.0000 0.0000 0.0000	</row0>
					<row1>	0.0000 1.0549 -0.0081 0.0000	</row1>
					<row2>	0.0000 0.0077 1.0000 0.0000	</row2>
					<row3>	0.4441 0.3739 0.3399 1.0000	</row3>
				</transform>
			</node>
			<node>
				<identifier>	MP_IM010_Life_Jacket_INDEX_59	</identifier>
				<transform>
					<row0>	1.0000 0.0000 0.0000 0.0000	</row0>
					<row1>	0.0000 1.0000 0.0000 0.0000	</row1>
					<row2>	0.0000 0.0000 1.0000 0.0000	</row2>
					<row3>	0.4441 0.3734 0.3150 1.0000	</row3>
				</transform>
			</node>
			<node>
				<identifier>	MP_IM010_Life_Jacket_INDEX_6	</identifier>
				<transform>
					<row0>	0.9968 0.0000 0.0795 0.0000	</row0>
					<row1>	0.0022 1.0330 -0.0276 0.0000	</row1>
					<row2>	-0.0795 0.0268 0.9965 0.0000	</row2>
					<row3>	-0.5156 0.3736 0.4889 1.0000	</row3>
				</transform>
			</node>
			<node>
				<identifier>	MP_IM010_Life_Jacket_INDEX_60	</identifier>
				<transform>
					<row0>	1.0000 0.0000 0.0000 0.0000	</row0>
					<row1>	0.0000 1.0329 0.0000 0.0000	</row1>
					<row2>	0.0000 0.0000 1.0000 0.0000	</row2>
					<row3>	0.4441 0.3734 0.2915 1.0000	</row3>
				</transform>
			</node>
			<node>
				<identifier>	MP_IM010_Life_Jacket_INDEX_61	</identifier>
				<transform>
					<row0>	-0.9995 0.0310 0.0005 0.0000	</row0>
					<row1>	0.0303 0.9772 0.0169 0.0000	</row1>
					<row2>	0.0000 0.0173 -0.9999 0.0000	</row2>
					<row3>	-0.1826 0.5325 0.7231 1.0000	</row3>
				</transform>
			</node>
			<node>
				<identifier>	MP_IM010_Life_Jacket_INDEX_62	</identifier>
				<transform>
					<row0>	-1.0000 0.0000 0.0000 0.0000	</row0>
					<row1>	0.0000 1.0443 0.0000 0.0000	</row1>
					<row2>	0.0000 0.0000 -1.0000 0.0000	</row2>
					<row3>	-0.1826 0.5325 0.7470 1.0000	</row3>
				</transform>
			</node>
			<node>
				<identifier>	MP_IM010_Life_Jacket_INDEX_63	</identifier>
				<transform>
					<row0>	-1.0000 0.0000 0.0000 0.0000	</row0>
					<row1>	0.0000 0.9988 -0.0488 0.0000	</row1>
					<row2>	0.0000 -0.0488 -0.9988 0.0000	</row2>
					<row3>	-0.1826 0.5327 0.7711 1.0000	</row3>
				</transform>
			</node>
			<node>
				<identifier>	MP_IM010_Life_Jacket_INDEX_64	</identifier>
				<transform>
					<row0>	-0.6203 0.0000 -0.7844 0.0000	</row0>
					<row1>	-0.0076 1.1005 0.0060 0.0000	</row1>
					<row2>	0.7843 0.0089 -0.6203 0.0000	</row2>
					<row3>	-0.1959 0.5331 0.7950 1.0000	</row3>
				</transform>
			</node>
			<node>
				<identifier>	MP_IM010_Life_Jacket_INDEX_65	</identifier>
				<transform>
					<row0>	-0.6197 0.0454 -0.7836 0.0000	</row0>
					<row1>	0.0282 0.9990 0.0356 0.0000	</row1>
					<row2>	0.7844 0.0000 -0.6203 0.0000	</row2>
					<row3>	-0.2183 0.5325 0.8128 1.0000	</row3>
				</transform>
			</node>
			<node>
				<identifier>	MP_IM010_Life_Jacket_INDEX_66	</identifier>
				<transform>
					<row0>	-0.6203 0.0000 -0.7844 0.0000	</row0>
					<row1>	0.0000 1.0329 0.0000 0.0000	</row1>
					<row2>	0.7844 0.0000 -0.6203 0.0000	</row2>
					<row3>	-0.2371 0.5336 0.8276 1.0000	</row3>
				</transform>
			</node>
			<node>
				<identifier>	MP_IM010_Life_Jacket_INDEX_67	</identifier>
				<transform>
					<row0>	-0.6168 0.0751 -0.7836 0.0000	</row0>
					<row1>	0.0910 1.0617 0.0301 0.0000	</row1>
					<row2>	0.7825 -0.0495 -0.6207 0.0000	</row2>
					<row3>	-0.2581 0.5341 0.8443 1.0000	</row3>
				</transform>
			</node>
			<node>
				<identifier>	MP_IM010_Life_Jacket_INDEX_68	</identifier>
				<transform>
					<row0>	-0.6737 0.0000 -0.7390 0.0000	</row0>
					<row1>	0.0412 0.9984 -0.0376 0.0000	</row1>
					<row2>	0.7379 -0.0557 -0.6726 0.0000	</row2>
					<row3>	-0.1293 0.5334 0.6989 1.0000	</row3>
				</transform>
			</node>
			<node>
				<identifier>	MP_IM010_Life_Jacket_INDEX_69	</identifier>
				<transform>
					<row0>	-0.5861 0.0000 -0.8102 0.0000	</row0>
					<row1>	0.0000 1.0651 0.0000 0.0000	</row1>
					<row2>	0.8102 0.0000 -0.5861 0.0000	</row2>
					<row3>	-0.1115 0.5325 0.6844 1.0000	</row3>
				</transform>
			</node>
			<node>
				<identifier>	MP_IM010_Life_Jacket_INDEX_7	</identifier>
				<transform>
					<row0>	0.9864 0.0000 0.1641 0.0000	</row0>
					<row1>	0.0000 1.0000 0.0000 0.0000	</row1>
					<row2>	-0.1641 0.0000 0.9864 0.0000	</row2>
					<row3>	-0.5127 0.3740 0.4625 1.0000	</row3>
				</transform>
			</node>
			<node>
