<GSB004_Bayern_1941_MidBack_ports.visual>
	<node>
		<identifier>	Scene Root	</identifier>
		<transform>
			<row0>	1.0000 0.0000 0.0000 0.0000	</row0>
			<row1>	0.0000 1.0000 0.0000 0.0000	</row1>
			<row2>	0.0000 0.0000 1.0000 0.0000	</row2>
			<row3>	0.0000 0.0000 0.0000 1.0000	</row3>
		</transform>
		<node>
			<identifier>	MidBack_ports	</identifier>
			<transform>
				<row0>	1.0000 0.0000 0.0000 0.0000	</row0>
				<row1>	0.0000 1.0000 0.0000 0.0000	</row1>
				<row2>	0.0000 0.0000 1.0000 0.0000	</row2>
				<row3>	0.0000 0.0000 0.0000 1.0000	</row3>
			</transform>
			<node>
				<identifier>	HP_FX_Death_3	</identifier>
				<transform>
					<row0>	1.0000 0.0000 0.0000 0.0000	</row0>
					<row1>	0.0000 1.0000 0.0000 0.0000	</row1>
					<row2>	0.0000 0.0000 1.0000 0.0000	</row2>
					<row3>	0.0000 0.0000 -2.9653 1.0000	</row3>
				</transform>
			</node>
			<node>
				<identifier>	HP_FX_Fire_3	</identifier>
				<transform>
					<row0>	1.0000 0.0000 0.0000 0.0000	</row0>
					<row1>	0.0000 1.0000 0.0000 0.0000	</row1>
					<row2>	0.0000 0.0000 1.0000 0.0000	</row2>
					<row3>	0.0000 0.2323 -1.5692 1.0000	</row3>
				</transform>
			</node>
			<node>
				<identifier>	HP_FX_Fire_3_side_1	</identifier>
				<transform>
					<row0>	0.9981 0.0000 -0.0623 0.0000	</row0>
					<row1>	0.0000 1.0000 0.0000 0.0000	</row1>
					<row2>	0.0623 0.0000 0.9981 0.0000	</row2>
					<row3>	0.7169 0.3710 -1.4428 1.0000	</row3>
				</transform>
			</node>
			<node>
				<identifier>	HP_FX_Fire_3_side_2	</identifier>
				<transform>
					<row0>	0.9981 0.0000 0.0623 0.0000	</row0>
					<row1>	0.0000 1.0000 0.0000 0.0000	</row1>
					<row2>	-0.0623 0.0000 0.9981 0.0000	</row2>
					<row3>	-0.7527 0.2051 -2.6544 1.0000	</row3>
				</transform>
			</node>
			<node>
				<identifier>	HP_FX_Flood_water_left	</identifier>
				<transform>
					<row0>	-1.0000 0.0000 0.0000 0.0000	</row0>
					<row1>	0.0000 1.0000 0.0000 0.0000	</row1>
					<row2>	0.0000 0.0000 -1.0000 0.0000	</row2>
					<row3>	-0.9543 0.0278 -2.2430 1.0000	</row3>
				</transform>
			</node>
			<node>
				<identifier>	HP_FX_Flood_water_right	</identifier>
				<transform>
					<row0>	1.0000 0.0000 0.0000 0.0000	</row0>
					<row1>	0.0000 1.0000 0.0000 0.0000	</row1>
					<row2>	0.0000 0.0000 1.0000 0.0000	</row2>
					<row3>	0.9545 0.0260 -2.2418 1.0000	</row3>
				</transform>
			</node>
			<node>
				<identifier>	HP_FX_RepairLight_right_2	</identifier>
				<transform>
					<row0>	-0.1007 0.0000 -0.9949 0.0000	</row0>
					<row1>	0.0000 1.0000 0.0000 0.0000	</row1>
					<row2>	0.9949 0.0000 -0.1007 0.0000	</row2>
					<row3>	0.8790 0.2106 -2.8368 1.0000	</row3>
				</transform>
			</node>
			<node>
				<identifier>	HP_GC_1	</identifier>
				<transform>
					<row0>	0.0000 0.0000 -1.0000 0.0000	</row0>
					<row1>	0.0000 1.0000 0.0000 0.0000	</row1>
					<row2>	1.0000 0.0000 0.0000 0.0000	</row2>
					<row3>	0.7249 0.6510 -2.2596 1.0000	</row3>
				</transform>
			</node>
			<node>
				<identifier>	HP_GF_5	</identifier>
				<transform>
					<row0>	-1.0000 0.0000 0.0000 0.0000	</row0>
					<row1>	0.0000 1.0000 0.0000 0.0000	</row1>
					<row2>	0.0000 0.0000 -1.0000 0.0000	</row2>
					<row3>	0.0000 0.7894 -1.3181 1.0000	</row3>
				</transform>
			</node>
			<node>
				<identifier>	HP_GGA_10	</identifier>
				<transform>
					<row0>	-0.7071 0.0000 -0.7071 0.0000	</row0>
					<row1>	0.0000 1.0000 0.0000 0.0000	</row1>
					<row2>	0.7071 0.0000 -0.7071 0.0000	</row2>
					<row3>	0.6373 0.3710 -1.5277 1.0000	</row3>
				</transform>
			</node>
			<node>
				<identifier>	HP_GGA_11	</identifier>
				<transform>
					<row0>	-0.7071 0.0000 0.7071 0.0000	</row0>
					<row1>	0.0000 1.0000 0.0000 0.0000	</row1>
					<row2>	-0.7071 0.0000 -0.7071 0.0000	</row2>
					<row3>	-0.6533 0.2051 -2.7144 1.0000	</row3>
				</transform>
			</node>
			<node>
				<identifier>	HP_GGA_12	</identifier>
				<transform>
					<row0>	-0.7071 0.0000 -0.7071 0.0000	</row0>
					<row1>	0.0000 1.0000 0.0000 0.0000	</row1>
					<row2>	0.7071 0.0000 -0.7071 0.0000	</row2>
					<row3>	0.6533 0.2051 -2.7144 1.0000	</row3>
				</transform>
			</node>
			<node>
				<identifier>	HP_GGA_7	</identifier>
				<transform>
					<row0>	-0.7071 0.0000 0.7071 0.0000	</row0>
					<row1>	0.0000 1.0000 0.0000 0.0000	</row1>
					<row2>	-0.7071 0.0000 -0.7071 0.0000	</row2>
					<row3>	-0.2633 0.5382 -1.1926 1.0000	</row3>
				</transform>
			</node>
			<node>
				<identifier>	HP_GGA_8	</identifier>
				<transform>
					<row0>	-0.7071 0.0000 -0.7071 0.0000	</row0>
					<row1>	0.0000 1.0000 0.0000 0.0000	</row1>
					<row2>	0.7071 0.0000 -0.7071 0.0000	</row2>
					<row3>	0.2633 0.5382 -1.1926 1.0000	</row3>
				</transform>
			</node>
			<node>
				<identifier>	HP_GGA_9	</identifier>
				<transform>
					<row0>	-0.7071 0.0000 0.7071 0.0000	</row0>
					<row1>	0.0000 1.0000 0.0000 0.0000	</row1>
					<row2>	-0.7071 0.0000 -0.7071 0.0000	</row2>
					<row3>	-0.6373 0.3710 -1.5277 1.0000	</row3>
				</transform>
			</node>
			<node>
				<identifier>	HP_GGM_3	</identifier>
				<transform>
					<row0>	-1.0000 0.0000 0.0000 0.0000	</row0>
					<row1>	0.0000 1.0000 0.0000 0.0000	</row1>
					<row2>	0.0000 0.0000 -1.0000 0.0000	</row2>
					<row3>	0.0000 0.5160 -2.3145 1.0000	</row3>
				</transform>
			</node>
			<node>
				<identifier>	HP_GGS_13	</identifier>
				<transform>
					<row0>	-0.9840 0.0000 0.1782 0.0000	</row0>
					<row1>	0.0000 1.0000 0.0000 0.0000	</row1>
					<row2>	-0.1782 0.0000 -0.9840 0.0000	</row2>
					<row3>	-0.8160 0.2712 -1.2404 1.0000	</row3>
				</transform>
			</node>
			<node>
				<identifier>	HP_GGS_14	</identifier>
				<transform>
					<row0>	-0.9840 0.0000 -0.1782 0.0000	</row0>
					<row1>	0.0000 1.0000 0.0000 0.0000	</row1>
					<row2>	0.1782 0.0000 -0.9840 0.0000	</row2>
					<row3>	0.8159 0.2712 -1.2404 1.0000	</row3>
				</transform>
			</node>
			<node>
				<identifier>	HP_GGS_15	</identifier>
				<transform>
					<row0>	-1.0000 0.0000 0.0000 0.0000	</row0>
					<row1>	0.0000 1.0000 0.0000 0.0000	</row1>
					<row2>	0.0000 0.0000 -1.0000 0.0000	</row2>
					<row3>	-0.6086 0.2712 -1.8057 1.0000	</row3>
				</transform>
			</node>
			<node>
				<identifier>	HP_GGS_16	</identifier>
				<transform>
					<row0>	-1.0000 0.0000 -0.0067 0.0000	</row0>
					<row1>	0.0000 1.0000 0.0000 0.0000	</row1>
					<row2>	0.0067 0.0000 -1.0000 0.0000	</row2>
					<row3>	0.6086 0.2712 -1.8057 1.0000	</row3>
				</transform>
			</node>
			<node>
				<identifier>	HP_Ship_death_2	</identifier>
				<transform>
					<row0>	1.0000 0.0000 0.0000 0.0000	</row0>
					<row1>	0.0000 1.0000 0.0000 0.0000	</row1>
					<row2>	0.0000 0.0000 1.0000 0.0000	</row2>
					<row3>	0.0000 0.0000 -0.9386 1.0000	</row3>
				</transform>
			</node>
			<node>
				<identifier>	HP_flag_nation	</identifier>
				<transform>
					<row0>	1.0000 0.0000 0.0000 0.0000	</row0>
					<row1>	0.0000 0.9918 -0.1275 0.0000	</row1>
					<row2>	0.0000 0.1275 0.9918 0.0000	</row2>
					<row3>	0.0006 1.5575 -1.4919 1.0000	</row3>
				</transform>
			</node>
			<node>
				<identifier>	MP_CM011_Fire_Fighting_Gear	</identifier>
				<transform>
					<row0>	0.3468 0.0000 -0.9379 0.0000	</row0>
					<row1>	0.0000 1.0000 0.0000 0.0000	</row1>
					<row2>	0.9379 0.0000 0.3468 0.0000	</row2>
					<row3>	-0.7477 0.2051 -1.6807 1.0000	</row3>
				</transform>
			</node>
			<node>
				<identifier>	MP_CM011_Fire_Fighting_Gear_INDEX_1	</identifier>
				<transform>
					<row0>	0.9901 0.0000 -0.1400 0.0000	</row0>
					<row1>	0.0000 1.0000 0.0000 0.0000	</row1>
					<row2>	0.1400 0.0000 0.9901 0.0000	</row2>
					<row3>	-0.0081 0.2051 -2.6749 1.0000	</row3>
				</transform>
			</node>
			<node>
				<identifier>	MP_CM011_Fire_Fighting_Gear_INDEX_2	</identifier>
				<transform>
					<row0>	0.4525 0.0000 -0.8918 0.0000	</row0>
					<row1>	0.0000 1.0000 0.0000 0.0000	</row1>
					<row2>	0.8918 0.0000 0.4525 0.0000	</row2>
					<row3>	-0.3858 0.3704 -1.0881 1.0000	</row3>
				</transform>
			</node>
			<node>
				<identifier>	MP_CM011_Fire_Fighting_Gear_INDEX_3	</identifier>
				<transform>
					<row0>	0.3468 0.0000 0.9379 0.0000	</row0>
					<row1>	0.0000 1.0000 0.0000 0.0000	</row1>
					<row2>	-0.9379 0.0000 0.3468 0.0000	</row2>
					<row3>	0.7477 0.2051 -1.6807 1.0000	</row3>
				</transform>
			</node>
			<node>
				<identifier>	MP_CM011_Fire_Fighting_Gear_INDEX_4	</identifier>
				<transform>
					<row0>	0.4525 0.0000 0.8918 0.0000	</row0>
					<row1>	0.0000 1.0000 0.0000 0.0000	</row1>
					<row2>	-0.8918 0.0000 0.4525 0.0000	</row2>
					<row3>	0.3858 0.3704 -1.0881 1.0000	</row3>
				</transform>
			</node>
			<node>
				<identifier>	MP_CM014_Fuel_Oil_Hose	</identifier>
				<transform>
					<row0>	-0.9442 -0.0147 0.3290 0.0000	</row0>
					<row1>	-0.0139 0.9999 0.0048 0.0000	</row1>
					<row2>	-0.3291 0.0000 -0.9443 0.0000	</row2>
					<row3>	0.8710 0.2205 -1.3198 1.0000	</row3>
				</transform>
			</node>
			<node>
				<identifier>	MP_CM014_Fuel_Oil_Hose_INDEX_1	</identifier>
				<transform>
					<row0>	-0.9442 -0.0147 0.3290 0.0000	</row0>
					<row1>	-0.0139 0.9999 0.0048 0.0000	</row1>
					<row2>	-0.3291 0.0000 -0.9443 0.0000	</row2>
					<row3>	0.8710 0.2469 -1.3198 1.0000	</row3>
				</transform>
			</node>
			<node>
				<identifier>	MP_CM014_Fuel_Oil_Hose_INDEX_2	</identifier>
				<transform>
					<row0>	0.9443 0.0000 0.3291 0.0000	</row0>
					<row1>	0.0000 1.0000 0.0000 0.0000	</row1>
					<row2>	-0.3291 0.0000 0.9443 0.0000	</row2>
					<row3>	-0.8194 0.2469 -1.4686 1.0000	</row3>
				</transform>
			</node>
			<node>
				<identifier>	MP_CM014_Fuel_Oil_Hose_INDEX_3	</identifier>
				<transform>
					<row0>	0.9443 0.0000 0.3291 0.0000	</row0>
					<row1>	0.0000 1.0000 0.0000 0.0000	</row1>
					<row2>	-0.3291 0.0000 0.9443 0.0000	</row2>
					<row3>	-0.8194 0.2205 -1.4686 1.0000	</row3>
				</transform>
			</node>
			<node>
				<identifier>	MP_CM014_Fuel_Oil_Hose_INDEX_4	</identifier>
				<transform>
					<row0>	0.9443 0.0000 0.3291 0.0000	</row0>
					<row1>	0.0000 1.0000 0.0000 0.0000	</row1>
					<row2>	-0.3291 0.0000 0.9443 0.0000	</row2>
					<row3>	-0.8710 0.2205 -1.3198 1.0000	</row3>
				</transform>
			</node>
			<node>
				<identifier>	MP_CM014_Fuel_Oil_Hose_INDEX_5	</identifier>
				<transform>
					<row0>	0.9443 0.0000 0.3291 0.0000	</row0>
					<row1>	0.0000 1.0000 0.0000 0.0000	</row1>
					<row2>	-0.3291 0.0000 0.9443 0.0000	</row2>
					<row3>	-0.8710 0.2469 -1.3198 1.0000	</row3>
				</transform>
			</node>
			<node>
				<identifier>	MP_CM014_Fuel_Oil_Hose_INDEX_6	</identifier>
				<transform>
					<row0>	-0.9442 -0.0147 0.3290 0.0000	</row0>
					<row1>	-0.0139 0.9999 0.0048 0.0000	</row1>
					<row2>	-0.3291 0.0000 -0.9443 0.0000	</row2>
					<row3>	0.8194 0.2205 -1.4686 1.0000	</row3>
				</transform>
			</node>
			<node>
				<identifier>	MP_CM014_Fuel_Oil_Hose_INDEX_7	</identifier>
				<transform>
					<row0>	-0.9442 -0.0147 0.3290 0.0000	</row0>
					<row1>	-0.0139 0.9999 0.0048 0.0000	</row1>
					<row2>	-0.3291 0.0000 -0.9443 0.0000	</row2>
					<row3>	0.8194 0.2469 -1.4686 1.0000	</row3>
				</transform>
			</node>
			<node>
				<identifier>	MP_CM029_Emergency_Box	</identifier>
				<transform>
					<row0>	0.5680 0.0000 0.8231 0.0000	</row0>
					<row1>	0.0000 1.0000 0.0000 0.0000	</row1>
					<row2>	-0.8231 0.0000 0.5680 0.0000	</row2>
					<row3>	0.5435 0.2953 -2.0715 1.0000	</row3>
				</transform>
			</node>
			<node>
				<identifier>	MP_CM029_Emergency_Box_INDEX_1	</identifier>
				<transform>
					<row0>	0.5680 0.0000 -0.8231 0.0000	</row0>
					<row1>	0.0000 1.0000 0.0000 0.0000	</row1>
					<row2>	0.8231 0.0000 0.5680 0.0000	</row2>
					<row3>	-0.5435 0.2953 -2.0715 1.0000	</row3>
				</transform>
			</node>
			<node>
				<identifier>	MP_CM029_Emergency_Box_INDEX_2	</identifier>
				<transform>
					<row0>	0.4349 0.0000 0.9005 0.0000	</row0>
					<row1>	0.0000 1.0000 0.0000 0.0000	</row1>
					<row2>	-0.9005 0.0000 0.4349 0.0000	</row2>
					<row3>	0.3363 0.4615 -1.1920 1.0000	</row3>
				</transform>
			</node>
			<node>
				<identifier>	MP_CM029_Emergency_Box_INDEX_3	</identifier>
				<transform>
					<row0>	0.4349 0.0000 -0.9005 0.0000	</row0>
					<row1>	0.0000 1.0000 0.0000 0.0000	</row1>
					<row2>	0.9005 0.0000 0.4349 0.0000	</row2>
					<row3>	-0.3363 0.4615 -1.1920 1.0000	</row3>
				</transform>
			</node>
			<node>
				<identifier>	MP_CM052_Fender	</identifier>
				<transform>
					<row0>	-0.4407 0.0000 -0.6677 0.0000	</row0>
					<row1>	0.0000 0.8000 0.0000 0.0000	</row1>
					<row2>	0.6677 0.0000 -0.4407 0.0000	</row2>
					<row3>	0.3906 0.2161 -2.3316 1.0000	</row3>
				</transform>
			</node>
			<node>
				<identifier>	MP_CM052_Fender_INDEX_1	</identifier>
				<transform>
					<row0>	-0.4407 0.0000 0.6677 0.0000	</row0>
					<row1>	0.0000 0.8000 0.0000 0.0000	</row1>
					<row2>	-0.6677 0.0000 -0.4407 0.0000	</row2>
					<row3>	-0.3906 0.2161 -2.3316 1.0000	</row3>
				</transform>
			</node>
			<node>
				<identifier>	MP_CM097_Stairway	</identifier>
				<transform>
					<row0>	0.0000 -1.0000 0.0000 0.0000	</row0>
					<row1>	0.8320 0.0000 -0.5548 0.0000	</row1>
					<row2>	0.5548 0.0000 0.8320 0.0000	</row2>
					<row3>	0.5689 0.2433 -2.0312 1.0000	</row3>
				</transform>
			</node>
			<node>
				<identifier>	MP_CM097_Stairway_INDEX_1	</identifier>
				<transform>
					<row0>	0.0000 1.0000 0.0000 0.0000	</row0>
					<row1>	-0.8320 0.0000 -0.5548 0.0000	</row1>
					<row2>	-0.5548 0.0000 0.8320 0.0000	</row2>
					<row3>	-0.5689 0.2433 -2.0312 1.0000	</row3>
				</transform>
			</node>
			<node>
				<identifier>	MP_CM109_Leadsman_Platform	</identifier>
				<transform>
					<row0>	0.0000 -1.0000 0.0000 0.0000	</row0>
					<row1>	1.0000 0.0000 0.0000 0.0000	</row1>
					<row2>	0.0000 0.0000 1.0000 0.0000	</row2>
					<row3>	-0.9275 0.2093 -2.0051 1.0000	</row3>
				</transform>
			</node>
			<node>
				<identifier>	MP_CM109_Leadsman_Platform_INDEX_1	</identifier>
				<transform>
					<row0>	0.0000 -1.0000 0.0000 0.0000	</row0>
					<row1>	-0.9987 0.0000 0.0505 0.0000	</row1>
					<row2>	-0.0505 0.0000 -0.9987 0.0000	</row2>
					<row3>	0.9275 0.2093 -2.0051 1.0000	</row3>
				</transform>
			</node>
			<node>
				<identifier>	MP_GM001_Paravane	</identifier>
				<transform>
					<row0>	0.0000 -1.0000 0.0000 0.0000	</row0>
					<row1>	-0.3423 0.0000 -0.9396 0.0000	</row1>
					<row2>	0.9396 0.0000 -0.3423 0.0000	</row2>
					<row3>	0.1739 0.4263 -1.9717 1.0000	</row3>
				</transform>
			</node>
			<node>
				<identifier>	MP_GM001_Paravane_INDEX_1	</identifier>
				<transform>
					<row0>	0.0000 1.0000 0.0000 0.0000	</row0>
					<row1>	0.9084 0.0000 0.4181 0.0000	</row1>
					<row2>	0.4181 0.0000 -0.9084 0.0000	</row2>
					<row3>	-0.3137 0.4262 -1.2832 1.0000	</row3>
				</transform>
			</node>
			<node>
				<identifier>	MP_GM001_Paravane_INDEX_2	</identifier>
				<transform>
					<row0>	0.0000 -1.0000 0.0000 0.0000	</row0>
					<row1>	-0.9084 0.0000 0.4181 0.0000	</row1>
					<row2>	-0.4181 0.0000 -0.9084 0.0000	</row2>
					<row3>	0.3137 0.4262 -1.2832 1.0000	</row3>
				</transform>
			</node>
			<node>
				<identifier>	MP_GM001_Paravane_INDEX_3	</identifier>
				<transform>
					<row0>	0.0000 1.0000 0.0000 0.0000	</row0>
					<row1>	0.3423 0.0000 -0.9396 0.0000	</row1>
					<row2>	-0.9396 0.0000 -0.3423 0.0000	</row2>
					<row3>	-0.1739 0.4263 -1.9717 1.0000	</row3>
				</transform>
			</node>
			<node>
				<identifier>	MP_GM008_Loudspeaker	</identifier>
				<transform>
					<row0>	-0.8315 0.0000 -0.5555 0.0000	</row0>
					<row1>	0.0000 1.0000 0.0000 0.0000	</row1>
					<row2>	0.5555 0.0000 -0.8315 0.0000	</row2>
					<row3>	-0.4960 0.3627 -2.1299 1.0000	</row3>
				</transform>
			</node>
			<node>
				<identifier>	MP_GM008_Loudspeaker_INDEX_1	</identifier>
				<transform>
					<row0>	0.8315 0.0000 -0.5555 0.0000	</row0>
					<row1>	0.0000 1.0000 0.0000 0.0000	</row1>
					<row2>	0.5555 0.0000 0.8315 0.0000	</row2>
					<row3>	0.4960 0.3627 -2.1299 1.0000	</row3>
				</transform>
			</node>
			<node>
				<identifier>	MP_GM012_Reels_5	</identifier>
				<transform>
					<row0>	-0.5000 0.0000 -0.8660 0.0000	</row0>
					<row1>	0.0000 1.0000 0.0000 0.0000	</row1>
					<row2>	0.8660 0.0000 -0.5000 0.0000	</row2>
					<row3>	0.4839 0.2110 -2.5036 1.0000	</row3>
				</transform>
			</node>
			<node>
				<identifier>	MP_GM012_Reels_5_INDEX_1	</identifier>
				<transform>
					<row0>	-0.5000 0.0000 0.8660 0.0000	</row0>
					<row1>	0.0000 1.0000 0.0000 0.0000	</row1>
					<row2>	-0.8660 0.0000 -0.5000 0.0000	</row2>
					<row3>	-0.4839 0.2110 -2.5036 1.0000	</row3>
				</transform>
			</node>
			<node>
				<identifier>	MP_GM013_Siren	</identifier>
				<transform>
					<row0>	0.1306 0.0000 0.9914 0.0000	</row0>
					<row1>	0.0000 1.0000 0.0000 0.0000	</row1>
					<row2>	-0.9914 0.0000 0.1306 0.0000	</row2>
					<row3>	-0.1209 0.6334 -1.2873 1.0000	</row3>
				</transform>
			</node>
			<node>
				<identifier>	MP_GM013_Siren_INDEX_1	</identifier>
				<transform>
					<row0>	-0.4365 0.0000 -0.8997 0.0000	</row0>
					<row1>	0.0000 1.0000 0.0000 0.0000	</row1>
					<row2>	0.8997 0.0000 -0.4365 0.0000	</row2>
					<row3>	0.2603 0.5064 -1.3335 1.0000	</row3>
				</transform>
			</node>
			<node>
				<identifier>	MP_GM013_Siren_INDEX_2	</identifier>
				<transform>
					<row0>	-0.4365 0.0000 0.8997 0.0000	</row0>
					<row1>	0.0000 1.0000 0.0000 0.0000	</row1>
					<row2>	-0.8997 0.0000 -0.4365 0.0000	</row2>
					<row3>	-0.2603 0.5064 -1.3335 1.0000	</row3>
				</transform>
			</node>
			<node>
				<identifier>	MP_GM013_Siren_INDEX_3	</identifier>
				<transform>
					<row0>	0.3801 0.0000 0.9249 0.0000	</row0>
					<row1>	0.0000 1.0000 0.0000 0.0000	</row1>
					<row2>	-0.9249 0.0000 0.3801 0.0000	</row2>
					<row3>	0.1502 0.7436 -1.3637 1.0000	</row3>
				</transform>
			</node>
			<node>
				<identifier>	MP_GM013_Siren_INDEX_4	</identifier>
				<transform>
					<row0>	-0.5584 0.0000 0.8296 0.0000	</row0>
					<row1>	0.0000 1.0000 0.0000 0.0000	</row1>
					<row2>	-0.8296 0.0000 -0.5584 0.0000	</row2>
					<row3>	-0.5594 0.3231 -2.0370 1.0000	</row3>
				</transform>
			</node>
			<node>
				<identifier>	MP_GM013_Siren_INDEX_5	</identifier>
				<transform>
					<row0>	0.3801 0.0000 -0.9249 0.0000	</row0>
					<row1>	0.0000 1.0000 0.0000 0.0000	</row1>
					<row2>	0.9249 0.0000 0.3801 0.0000	</row2>
					<row3>	-0.1502 0.7436 -1.3638 1.0000	</row3>
				</transform>
			</node>
			<node>
				<identifier>	MP_GM013_Siren_INDEX_6	</identifier>
				<transform>
					<row0>	-0.5584 0.0000 -0.8296 0.0000	</row0>
					<row1>	0.0000 1.0000 0.0000 0.0000	</row1>
					<row2>	0.8296 0.0000 -0.5584 0.0000	</row2>
					<row3>	0.5594 0.3231 -2.0370 1.0000	</row3>
				</transform>
			</node>
			<node>
				<identifier>	MP_GM015_Clock	</identifier>
				<transform>
					<row0>	-0.4327 0.0000 0.9015 0.0000	</row0>
					<row1>	0.0000 1.0000 0.0000 0.0000	</row1>
					<row2>	-0.9015 0.0000 -0.4327 0.0000	</row2>
					<row3>	-0.2379 0.5155 -1.3777 1.0000	</row3>
				</transform>
			</node>
			<node>
				<identifier>	MP_GM015_Clock_INDEX_1	</identifier>
				<transform>
					<row0>	-0.5551 0.0000 -0.8318 0.0000	</row0>
					<row1>	0.0000 1.0000 0.0000 0.0000	</row1>
					<row2>	0.8318 0.0000 -0.5551 0.0000	</row2>
					<row3>	0.5345 0.3630 -2.0738 1.0000	</row3>
				</transform>
			</node>
			<node>
				<identifier>	MP_GM015_Clock_INDEX_2	</identifier>
				<transform>
					<row0>	-0.4327 0.0000 -0.9015 0.0000	</row0>
					<row1>	0.0000 1.0000 0.0000 0.0000	</row1>
					<row2>	0.9015 0.0000 -0.4327 0.0000	</row2>
					<row3>	0.2379 0.5155 -1.3777 1.0000	</row3>
				</transform>
			</node>
			<node>
				<identifier>	MP_GM015_Clock_INDEX_3	</identifier>
				<transform>
					<row0>	-0.5551 0.0000 0.8318 0.0000	</row0>
					<row1>	0.0000 1.0000 0.0000 0.0000	</row1>
					<row2>	-0.8318 0.0000 -0.5551 0.0000	</row2>
					<row3>	-0.5345 0.3630 -2.0738 1.0000	</row3>
				</transform>
			</node>
			<node>
				<identifier>	MP_GM016_Sleeve	</identifier>
				<transform>
					<row0>	-0.3534 0.0000 -0.9355 0.0000	</row0>
					<row1>	0.0000 1.0000 0.0000 0.0000	</row1>
					<row2>	0.9355 0.0000 -0.3534 0.0000	</row2>
					<row3>	0.7329 0.2505 -1.7058 1.0000	</row3>
				</transform>
			</node>
			<node>
				<identifier>	MP_GM016_Sleeve_INDEX_1	</identifier>
				<transform>
					<row0>	-0.4431 0.0000 -0.8965 0.0000	</row0>
					<row1>	0.0000 1.0000 0.0000 0.0000	</row1>
					<row2>	0.8965 0.0000 -0.4431 0.0000	</row2>
					<row3>	0.3912 0.4209 -1.0651 1.0000	</row3>
				</transform>
			</node>
			<node>
				<identifier>	MP_GM016_Sleeve_INDEX_2	</identifier>
				<transform>
					<row0>	-0.3534 0.0000 0.9355 0.0000	</row0>
					<row1>	0.0000 1.0000 0.0000 0.0000	</row1>
					<row2>	-0.9355 0.0000 -0.3534 0.0000	</row2>
					<row3>	-0.7329 0.2505 -1.7058 1.0000	</row3>
				</transform>
			</node>
			<node>
				<identifier>	MP_GM016_Sleeve_INDEX_3	</identifier>
				<transform>
					<row0>	-0.9908 0.0000 -0.1356 0.0000	</row0>
					<row1>	0.0000 1.0000 0.0000 0.0000	</row1>
					<row2>	0.1356 0.0000 -0.9908 0.0000	</row2>
					<row3>	0.0170 0.2454 -2.6684 1.0000	</row3>
				</transform>
			</node>
			<node>
				<identifier>	MP_GM016_Sleeve_INDEX_4	</identifier>
				<transform>
					<row0>	-0.4431 0.0000 0.8965 0.0000	</row0>
					<row1>	0.0000 1.0000 0.0000 0.0000	</row1>
					<row2>	-0.8965 0.0000 -0.4431 0.0000	</row2>
					<row3>	-0.3912 0.4209 -1.0651 1.0000	</row3>
				</transform>
			</node>
			<node>
				<identifier>	MP_GM025_Cooling_tube	</identifier>
				<transform>
					<row0>	-0.2879 0.8697 -0.4009 0.0000	</row0>
					<row1>	0.4432 0.4921 0.7493 0.0000	</row1>
					<row2>	0.8489 0.0381 -0.5272 0.0000	</row2>
					<row3>	0.3107 0.2186 -2.6318 1.0000	</row3>
				</transform>
			</node>
			<node>
				<identifier>	MP_GM025_Cooling_tube_INDEX_1	</identifier>
				<transform>
					<row0>	-0.4279 0.0000 -0.9038 0.0000	</row0>
					<row1>	0.0000 1.0000 0.0000 0.0000	</row1>
					<row2>	0.9038 0.0000 -0.4279 0.0000	</row2>
					<row3>	0.3813 0.4747 -1.0830 1.0000	</row3>
				</transform>
			</node>
			<node>
				<identifier>	MP_GM025_Cooling_tube_INDEX_2	</identifier>
				<transform>
					<row0>	-0.4279 0.0000 0.9038 0.0000	</row0>
					<row1>	0.0000 1.0000 0.0000 0.0000	</row1>
					<row2>	-0.9038 0.0000 -0.4279 0.0000	</row2>
					<row3>	-0.3813 0.4747 -1.0830 1.0000	</row3>
				</transform>
			</node>
			<node>
				<identifier>	MP_GM025_Cooling_tube_INDEX_3	</identifier>
				<transform>
					<row0>	-0.2879 -0.8697 0.4009 0.0000	</row0>
					<row1>	-0.4432 0.4921 0.7493 0.0000	</row1>
					<row2>	-0.8489 0.0381 -0.5272 0.0000	</row2>
					<row3>	-0.3107 0.2186 -2.6318 1.0000	</row3>
				</transform>
			</node>
			<node>
				<identifier>	MP_GM035_LifeBuoy_Mount	</identifier>
				<transform>
					<row0>	0.8263 0.0000 0.5633 0.0000	</row0>
					<row1>	0.0000 1.0000 0.0000 0.0000	</row1>
					<row2>	-0.5633 0.0000 0.8263 0.0000	</row2>
					<row3>	-0.5033 0.2953 -2.1198 1.0000	</row3>
				</transform>
			</node>
			<node>
				<identifier>	MP_GM035_LifeBuoy_Mount_INDEX_1	</identifier>
				<transform>
					<row0>	-0.8255 0.0000 0.5644 0.0000	</row0>
					<row1>	0.0000 1.0000 0.0000 0.0000	</row1>
					<row2>	-0.5644 0.0000 -0.8255 0.0000	</row2>
					<row3>	0.5033 0.2953 -2.1198 1.0000	</row3>
				</transform>
			</node>
			<node>
				<identifier>	MP_GM044_Antenna_FuME2_Wespe_G	</identifier>
				<transform>
					<row0>	1.0000 0.0000 0.0000 0.0000	</row0>
					<row1>	0.0000 1.0000 0.0000 0.0000	</row1>
					<row2>	0.0000 0.0000 1.0000 0.0000	</row2>
					<row3>	0.0000 1.7378 -1.3297 1.0000	</row3>
				</transform>
			</node>
			<node>
				<identifier>	MP_GM504_Cutter_8m	</identifier>
				<transform>
					<row0>	0.9410 0.0000 -0.3383 0.0000	</row0>
					<row1>	0.0000 1.0000 0.0000 0.0000	</row1>
					<row2>	0.3383 0.0000 0.9410 0.0000	</row2>
					<row3>	0.7333 0.3824 -1.0488 1.0000	</row3>
				</transform>
			</node>
			<node>
				<identifier>	MP_GM504_Cutter_8m_INDEX_1	</identifier>
				<transform>
					<row0>	0.9410 0.0000 0.3383 0.0000	</row0>
					<row1>	0.0000 1.0000 0.0000 0.0000	</row1>
					<row2>	-0.3383 0.0000 0.9410 0.0000	</row2>
					<row3>	-0.7333 0.3824 -1.0488 1.0000	</row3>
				</transform>
			</node>
			<node>
				<identifier>	MP_GM507_Boat	</identifier>
				<transform>
					<row0>	1.0000 0.0000 0.0000 0.0000	</row0>
					<row1>	0.0000 1.0000 0.0000 0.0000	</row1>
					<row2>	0.0000 0.0000 1.0000 0.0000	</row2>
					<row3>	0.9007 0.2051 -0.9776 1.0000	</row3>
				</transform>
			</node>
			<node>
				<identifier>	MP_GM507_Boat_INDEX_1	</identifier>
				<transform>
					<row0>	-1.0000 0.0000 0.0000 0.0000	</row0>
					<row1>	0.0000 1.0000 0.0000 0.0000	</row1>
					<row2>	0.0000 0.0000 -1.0000 0.0000	</row2>
					<row3>	-0.9007 0.2051 -0.9776 1.0000	</row3>
				</transform>
			</node>
			<node>
				<identifier>	MP_GM508_Boats	</identifier>
				<transform>
					<row0>	0.8890 0.0000 0.4579 0.0000	</row0>
					<row1>	0.0000 1.0000 0.0000 0.0000	</row1>
					<row2>	-0.4579 0.0000 0.8890 0.0000	</row2>
					<row3>	-0.5407 0.3710 -0.9756 1.0000	</row3>
				</transform>
			</node>
			<node>
				<identifier>	MP_GM600_Switch_Box_1	</identifier>
				<transform>
					<row0>	0.6087 0.0000 -0.7934 0.0000	</row0>
					<row1>	0.0000 1.0000 0.0000 0.0000	</row1>
					<row2>	0.7934 0.0000 0.6087 0.0000	</row2>
					<row3>	-0.1261 0.7375 -1.4101 1.0000	</row3>
				</transform>
			</node>
			<node>
				<identifier>	MP_GM600_Switch_Box_1_INDEX_1	</identifier>
				<transform>
					<row0>	0.6087 0.0000 -0.7934 0.0000	</row0>
					<row1>	0.0000 1.0000 0.0000 0.0000	</row1>
					<row2>	0.7934 0.0000 0.6087 0.0000	</row2>
					<row3>	-0.1331 0.7475 -1.4010 1.0000	</row3>
				</transform>
			</node>
			<node>
				<identifier>	MP_GM600_Switch_Box_1_INDEX_2	</identifier>
				<transform>
					<row0>	0.6087 0.0000 -0.7934 0.0000	</row0>
					<row1>	0.0000 1.0000 0.0000 0.0000	</row1>
					<row2>	0.7934 0.0000 0.6087 0.0000	</row2>
					<row3>	-0.1331 0.7295 -1.4009 1.0000	</row3>
				</transform>
			</node>
			<node>
				<identifier>	MP_GM600_Switch_Box_1_INDEX_3	</identifier>
				<transform>
					<row0>	0.6087 0.0000 -0.7934 0.0000	</row0>
					<row1>	0.0000 1.0000 0.0000 0.0000	</row1>
					<row2>	0.7934 0.0000 0.6087 0.0000	</row2>
					<row3>	-0.1261 0.7194 -1.4101 1.0000	</row3>
				</transform>
			</node>
			<node>
				<identifier>	MP_GM601_Switch_Box_2	</identifier>
				<transform>
					<row0>	0.7896 0.0000 -0.6137 0.0000	</row0>
					<row1>	0.0000 1.0000 0.0000 0.0000	</row1>
					<row2>	0.6137 0.0000 0.7896 0.0000	</row2>
					<row3>	-0.1053 0.7420 -1.4337 1.0000	</row3>
				</transform>
			</node>
			<node>
				<identifier>	MP_GM601_Switch_Box_2_INDEX_1	</identifier>
				<transform>
					<row0>	0.7896 0.0000 -0.6137 0.0000	</row0>
					<row1>	0.0000 1.0000 0.0000 0.0000	</row1>
					<row2>	0.6137 0.0000 0.7896 0.0000	</row2>
					<row3>	-0.0929 0.7420 -1.4433 1.0000	</row3>
				</transform>
			</node>
			<node>
				<identifier>	MP_GM602_Switch_Box_3	</identifier>
				<transform>
					<row0>	0.7932 0.0000 0.6090 0.0000	</row0>
					<row1>	0.0000 1.0000 0.0000 0.0000	</row1>
					<row2>	-0.6090 0.0000 0.7932 0.0000	</row2>
					<row3>	0.1044 0.7419 -1.4344 1.0000	</row3>
				</transform>
			</node>
			<node>
				<identifier>	MP_GM602_Switch_Box_3_INDEX_1	</identifier>
				<transform>
					<row0>	0.7932 0.0000 0.6090 0.0000	</row0>
					<row1>	0.0000 1.0000 0.0000 0.0000	</row1>
					<row2>	-0.6090 0.0000 0.7932 0.0000	</row2>
					<row3>	0.1044 0.7317 -1.4344 1.0000	</row3>
				</transform>
			</node>
			<node>
				<identifier>	MP_GM605_Indicator	</identifier>
				<transform>
					<row0>	0.9280 0.0000 0.3725 0.0000	</row0>
					<row1>	0.0000 1.0000 0.0000 0.0000	</row1>
					<row2>	-0.3725 0.0000 0.9280 0.0000	</row2>
					<row3>	0.0672 0.7437 -1.4589 1.0000	</row3>
				</transform>
			</node>
			<node>
				<identifier>	MP_GM605_Indicator_INDEX_1	</identifier>
				<transform>
					<row0>	0.9280 0.0000 0.3725 0.0000	</row0>
					<row1>	0.0000 1.0000 0.0000 0.0000	</row1>
					<row2>	-0.3725 0.0000 0.9280 0.0000	</row2>
					<row3>	0.0492 0.7437 -1.4663 1.0000	</row3>
				</transform>
			</node>
			<node>
				<identifier>	MP_GM606_MC_Box	</identifier>
				<transform>
					<row0>	0.9265 0.0000 -0.3762 0.0000	</row0>
					<row1>	0.0000 1.0000 0.0000 0.0000	</row1>
					<row2>	0.3762 0.0000 0.9265 0.0000	</row2>
					<row3>	-0.0599 0.7342 -1.4621 1.0000	</row3>
				</transform>
			</node>
			<node>
				<identifier>	MP_GM607_Manometer	</identifier>
				<transform>
					<row0>	0.7932 0.0000 0.6090 0.0000	</row0>
					<row1>	0.0000 1.0000 0.0000 0.0000	</row1>
					<row2>	-0.6090 0.0000 0.7932 0.0000	</row2>
					<row3>	0.0879 0.7393 -1.4478 1.0000	</row3>
				</transform>
			</node>
			<node>
				<identifier>	MP_GM608_Bell	</identifier>
				<transform>
					<row0>	1.0000 0.0000 0.0000 0.0000	</row0>
					<row1>	0.0000 1.0000 0.0000 0.0000	</row1>
					<row2>	0.0000 0.0000 1.0000 0.0000	</row2>
					<row3>	0.0000 0.7360 -1.4749 1.0000	</row3>
				</transform>
			</node>
			<node>
				<identifier>	MP_GM610_Switch_Box_6	</identifier>
				<transform>
					<row0>	0.5593 0.0000 -0.8290 0.0000	</row0>
					<row1>	0.0000 1.0000 0.0000 0.0000	</row1>
					<row2>	0.8290 0.0000 0.5593 0.0000	</row2>
					<row3>	0.0657 0.7366 -1.2744 1.0000	</row3>
				</transform>
			</node>
			<node>
				<identifier>	MP_GM610_Switch_Box_6_INDEX_1	</identifier>
				<transform>
					<row0>	-0.1980 0.0000 0.9802 0.0000	</row0>
					<row1>	0.0000 1.0000 0.0000 0.0000	</row1>
					<row2>	-0.9802 0.0000 -0.1980 0.0000	</row2>
					<row3>	-0.0773 0.7366 -1.3342 1.0000	</row3>
				</transform>
			</node>
			<node>
				<identifier>	MP_GM610_Switch_Box_6_INDEX_2	</identifier>
				<transform>
					<row0>	0.1963 0.0000 -0.9805 0.0000	</row0>
					<row1>	0.0000 1.0000 0.0000 0.0000	</row1>
					<row2>	0.9805 0.0000 0.1963 0.0000	</row2>
					<row3>	0.0773 0.7366 -1.3025 1.0000	</row3>
				</transform>
			</node>
			<node>
				<identifier>	MP_GM610_Switch_Box_6_INDEX_3	</identifier>
				<transform>
					<row0>	-0.1980 0.0000 -0.9802 0.0000	</row0>
					<row1>	0.0000 1.0000 0.0000 0.0000	</row1>
					<row2>	0.9802 0.0000 -0.1980 0.0000	</row2>
					<row3>	0.0773 0.7366 -1.3342 1.0000	</row3>
				</transform>
			</node>
			<node>
				<identifier>	MP_GM610_Switch_Box_6_INDEX_4	</identifier>
				<transform>
					<row0>	0.1963 0.0000 0.9805 0.0000	</row0>
					<row1>	0.0000 1.0000 0.0000 0.0000	</row1>
					<row2>	-0.9805 0.0000 0.1963 0.0000	</row2>
					<row3>	-0.0773 0.7366 -1.3025 1.0000	</row3>
				</transform>
			</node>
			<node>
				<identifier>	MP_GM610_Switch_Box_6_INDEX_5	</identifier>
				<transform>
					<row0>	0.5593 0.0000 0.8290 0.0000	</row0>
					<row1>	0.0000 1.0000 0.0000 0.0000	</row1>
					<row2>	-0.8290 0.0000 0.5593 0.0000	</row2>
					<row3>	-0.0657 0.7366 -1.2744 1.0000	</row3>
				</transform>
			</node>
			<node>
				<identifier>	MP_GM700_AmmoBox	</identifier>
				<transform>
					<row0>	-0.6116 0.0000 -0.7912 0.0000	</row0>
					<row1>	0.0000 1.0000 0.0000 0.0000	</row1>
					<row2>	0.7912 0.0000 -0.6116 0.0000	</row2>
					<row3>	-0.1217 0.5371 -1.2291 1.0000	</row3>
				</transform>
			</node>
			<node>
				<identifier>	MP_GM700_AmmoBox_INDEX_1	</identifier>
				<transform>
					<row0>	0.5629 0.0000 -0.8266 0.0000	</row0>
					<row1>	0.0000 1.0000 0.0000 0.0000	</row1>
					<row2>	0.8266 0.0000 0.5629 0.0000	</row2>
					<row3>	-0.4480 0.2051 -2.2465 1.0000	</row3>
				</transform>
			</node>
			<node>
				<identifier>	MP_GM700_AmmoBox_INDEX_2	</identifier>
				<transform>
					<row0>	-0.9217 0.0000 0.3878 0.0000	</row0>
					<row1>	0.0000 1.0000 0.0000 0.0000	</row1>
					<row2>	-0.3878 0.0000 -0.9217 0.0000	</row2>
					<row3>	0.0552 0.5371 -1.1778 1.0000	</row3>
				</transform>
			</node>
			<node>
				<identifier>	MP_GM700_AmmoBox_INDEX_3	</identifier>
				<transform>
					<row0>	-0.9217 0.0000 -0.3878 0.0000	</row0>
					<row1>	0.0000 1.0000 0.0000 0.0000	</row1>
					<row2>	0.3878 0.0000 -0.9217 0.0000	</row2>
					<row3>	-0.0552 0.5371 -1.1778 1.0000	</row3>
				</transform>
			</node>
			<node>
				<identifier>	MP_GM700_AmmoBox_INDEX_4	</identifier>
				<transform>
					<row0>	-0.6116 0.0000 0.7912 0.0000	</row0>
					<row1>	0.0000 1.0000 0.0000 0.0000	</row1>
					<row2>	-0.7912 0.0000 -0.6116 0.0000	</row2>
					<row3>	0.1217 0.5371 -1.2291 1.0000	</row3>
				</transform>
			</node>
			<node>
				<identifier>	MP_GM700_AmmoBox_INDEX_5	</identifier>
				<transform>
					<row0>	0.5629 0.0000 0.8266 0.0000	</row0>
					<row1>	0.0000 1.0000 0.0000 0.0000	</row1>
					<row2>	-0.8266 0.0000 0.5629 0.0000	</row2>
					<row3>	0.4480 0.2051 -2.2465 1.0000	</row3>
				</transform>
			</node>
			<node>
				<identifier>	MP_GM701_AmmoBox	</identifier>
				<transform>
					<row0>	-0.3878 0.0000 -0.9217 0.0000	</row0>
					<row1>	0.0000 1.0000 0.0000 0.0000	</row1>
					<row2>	0.9217 0.0000 -0.3878 0.0000	</row2>
					<row3>	-0.3514 0.3696 -2.1709 1.0000	</row3>
				</transform>
			</node>
			<node>
				<identifier>	MP_GM701_AmmoBox_INDEX_1	</identifier>
				<transform>
					<row0>	-0.6094 0.0000 -0.7928 0.0000	</row0>
					<row1>	0.0000 1.0000 0.0000 0.0000	</row1>
					<row2>	0.7928 0.0000 -0.6094 0.0000	</row2>
					<row3>	-0.2972 0.3696 -2.0795 1.0000	</row3>
				</transform>
			</node>
			<node>
				<identifier>	MP_GM701_AmmoBox_INDEX_2	</identifier>
				<transform>
					<row0>	-0.3878 0.0000 0.9217 0.0000	</row0>
					<row1>	0.0000 1.0000 0.0000 0.0000	</row1>
					<row2>	-0.9217 0.0000 -0.3878 0.0000	</row2>
					<row3>	0.3514 0.3696 -2.1709 1.0000	</row3>
				</transform>
			</node>
			<node>
				<identifier>	MP_GM701_AmmoBox_INDEX_3	</identifier>
				<transform>
					<row0>	-0.6094 0.0000 0.7928 0.0000	</row0>
					<row1>	0.0000 1.0000 0.0000 0.0000	</row1>
					<row2>	-0.7928 0.0000 -0.6094 0.0000	</row2>
					<row3>	0.2972 0.3696 -2.0795 1.0000	</row3>
				</transform>
			</node>
		</node>
	</node>
	<boundingBox>
		<min>	-0.0667 -0.0667 -0.0667	</min>
		<max>	0.0667 0.0667 0.0667	</max>
	</boundingBox>
</GSB004_Bayern_1941_MidBack_ports.visual>
