<BGM056_14in45_BL_MkVII_Quadro_lod1.visual>
	<node>
		<identifier>	Scene Root	</identifier>
		<transform>
			<row0>	1.0000 0.0000 0.0000 0.0000	</row0>
			<row1>	0.0000 1.0000 0.0000 0.0000	</row1>
			<row2>	0.0000 0.0000 1.0000 0.0000	</row2>
			<row3>	0.0000 0.0000 0.0000 1.0000	</row3>
		</transform>
		<node>
			<identifier>	Root	</identifier>
			<transform>
				<row0>	1.0000 0.0000 0.0000 0.0000	</row0>
				<row1>	0.0000 1.0000 0.0000 0.0000	</row1>
				<row2>	0.0000 0.0000 1.0000 0.0000	</row2>
				<row3>	0.0000 0.0000 0.0000 1.0000	</row3>
			</transform>
			<node>
				<identifier>	Root_BlendBone	</identifier>
				<transform>
					<row0>	1.0000 0.0000 0.0000 0.0000	</row0>
					<row1>	0.0000 1.0000 0.0000 0.0000	</row1>
					<row2>	0.0000 0.0000 -1.0000 0.0000	</row2>
					<row3>	0.0000 0.0000 0.0000 1.0000	</row3>
				</transform>
			</node>
			<node>
				<identifier>	Rotate_Y	</identifier>
				<transform>
					<row0>	1.0000 0.0000 0.0000 0.0000	</row0>
					<row1>	0.0000 1.0000 0.0000 0.0000	</row1>
					<row2>	0.0000 0.0000 1.0000 0.0000	</row2>
					<row3>	0.0000 0.0673 0.0000 1.0000	</row3>
				</transform>
				<node>
					<identifier>	HP_BGA_1	</identifier>
					<transform>
						<row0>	1.0000 0.0000 0.0000 0.0000	</row0>
						<row1>	0.0000 1.0000 0.0000 0.0000	</row1>
						<row2>	0.0000 0.0000 1.0000 0.0000	</row2>
						<row3>	-0.1934 0.1190 0.0047 1.0000	</row3>
					</transform>
				</node>
				<node>
					<identifier>	HP_BGA_2	</identifier>
					<transform>
						<row0>	1.0000 0.0000 0.0000 0.0000	</row0>
						<row1>	0.0000 1.0000 0.0000 0.0000	</row1>
						<row2>	0.0000 0.0000 1.0000 0.0000	</row2>
						<row3>	0.1934 0.1190 0.0047 1.0000	</row3>
					</transform>
				</node>
				<node>
					<identifier>	HP_BGA_3	</identifier>
					<transform>
						<row0>	1.0000 0.0000 0.0000 0.0000	</row0>
						<row1>	0.0000 1.0000 0.0000 0.0000	</row1>
						<row2>	0.0000 0.0000 1.0000 0.0000	</row2>
						<row3>	0.0000 0.1320 -0.3081 1.0000	</row3>
					</transform>
				</node>
				<node>
					<identifier>	MP_BM022_Flotanet	</identifier>
					<transform>
						<row0>	0.3813 0.7544 0.8640 0.0000	</row0>
						<row1>	0.3360 -0.9440 0.6760 0.0000	</row1>
						<row2>	1.0967 0.0269 -0.5075 0.0000	</row2>
						<row3>	-0.2044 0.1899 -0.0043 1.0000	</row3>
					</transform>
				</node>
				<node>
					<identifier>	MP_BM022_Flotanet_INDEX_1	</identifier>
					<transform>
						<row0>	0.3856 0.8405 -0.7784 0.0000	</row0>
						<row1>	0.3390 -0.8682 -0.7695 0.0000	</row1>
						<row2>	-1.0942 0.0272 -0.5127 0.0000	</row2>
						<row3>	0.1968 0.1890 0.0120 1.0000	</row3>
					</transform>
				</node>
				<node>
					<identifier>	MP_BM418_Leer_for_BGM056	</identifier>
					<transform>
						<row0>	1.0000 0.0000 0.0000 0.0000	</row0>
						<row1>	0.0000 1.0000 0.0000 0.0000	</row1>
						<row2>	0.0000 0.0000 1.0000 0.0000	</row2>
						<row3>	0.0000 -0.0673 0.0000 1.0000	</row3>
					</transform>
				</node>
				<node>
					<identifier>	MP_BM419_Leer_for_BGM056	</identifier>
					<transform>
						<row0>	1.0000 0.0000 0.0000 0.0000	</row0>
						<row1>	0.0000 1.0000 0.0000 0.0000	</row1>
						<row2>	0.0000 0.0000 1.0000 0.0000	</row2>
						<row3>	0.0000 -0.0673 0.0000 1.0000	</row3>
					</transform>
				</node>
				<node>
					<identifier>	MP_BM420_Ammobox_for_BGM056	</identifier>
					<transform>
						<row0>	0.3897 -0.1018 -1.4553 0.0000	</row0>
						<row1>	0.0000 1.5063 -0.1053 0.0000	</row1>
						<row2>	1.4588 0.0272 0.3887 0.0000	</row2>
						<row3>	0.1325 0.1001 -0.5102 1.0000	</row3>
					</transform>
				</node>
				<node>
					<identifier>	MP_BM420_Ammobox_for_BGM056_INDEX_1	</identifier>
					<transform>
						<row0>	-0.3765 -0.1020 -1.4587 0.0000	</row0>
						<row1>	0.0000 1.5063 -0.1053 0.0000	</row1>
						<row2>	1.4623 -0.0263 -0.3756 0.0000	</row2>
						<row3>	-0.1325 0.1001 -0.5102 1.0000	</row3>
					</transform>
				</node>
				<node>
					<identifier>	MP_BM422_Lifeboat_holder_for_BGM056	</identifier>
					<transform>
						<row0>	1.0000 0.0000 0.0000 0.0000	</row0>
						<row1>	0.0000 1.0000 0.0000 0.0000	</row1>
						<row2>	0.0000 0.0000 1.0000 0.0000	</row2>
						<row3>	0.0000 -0.0673 0.0000 1.0000	</row3>
					</transform>
				</node>
				<node>
					<identifier>	MP_BM444_misc_for_BGM056	</identifier>
					<transform>
						<row0>	1.0000 0.0000 0.0000 0.0000	</row0>
						<row1>	0.0000 0.9976 -0.0697 0.0000	</row1>
						<row2>	0.0000 0.0697 0.9976 0.0000	</row2>
						<row3>	-0.4358 0.1138 -0.3239 1.0000	</row3>
					</transform>
				</node>
				<node>
					<identifier>	MP_BM444_misc_for_BGM056_INDEX_1	</identifier>
					<transform>
						<row0>	1.0000 0.0000 0.0000 0.0000	</row0>
						<row1>	0.0000 0.9976 -0.0697 0.0000	</row1>
						<row2>	0.0000 0.0697 0.9976 0.0000	</row2>
						<row3>	0.4358 0.1138 -0.3239 1.0000	</row3>
					</transform>
				</node>
				<node>
					<identifier>	MP_BM444_misc_for_BGM056_INDEX_2	</identifier>
					<transform>
						<row0>	-1.0000 0.0000 0.0000 0.0000	</row0>
						<row1>	0.0000 0.9976 -0.0697 0.0000	</row1>
						<row2>	0.0000 -0.0697 -0.9976 0.0000	</row2>
						<row3>	0.4358 0.1138 -0.3239 1.0000	</row3>
					</transform>
				</node>
				<node>
					<identifier>	MP_BM444_misc_for_BGM056_INDEX_3	</identifier>
					<transform>
						<row0>	-1.0000 0.0000 0.0000 0.0000	</row0>
						<row1>	0.0000 0.9976 -0.0697 0.0000	</row1>
						<row2>	0.0000 -0.0697 -0.9976 0.0000	</row2>
						<row3>	-0.4358 0.1138 -0.3239 1.0000	</row3>
					</transform>
				</node>
				<node>
					<identifier>	MP_BM498_Stowage_BGM056	</identifier>
					<transform>
						<row0>	0.4226 0.0474 -0.9051 0.0000	</row0>
						<row1>	0.0000 0.9986 0.0523 0.0000	</row1>
						<row2>	0.9063 -0.0221 0.4220 0.0000	</row2>
						<row3>	0.2001 0.1270 0.0003 1.0000	</row3>
					</transform>
				</node>
				<node>
					<identifier>	MP_BM498_Stowage_BGM056_INDEX_1	</identifier>
					<transform>
						<row0>	0.4226 -0.0474 0.9051 0.0000	</row0>
						<row1>	0.0000 0.9986 0.0523 0.0000	</row1>
						<row2>	-0.9063 -0.0221 0.4220 0.0000	</row2>
						<row3>	-0.2001 0.1270 0.0003 1.0000	</row3>
					</transform>
				</node>
				<node>
					<identifier>	MP_BM498_Stowage_BGM056_INDEX_2	</identifier>
					<transform>
						<row0>	0.0000 -0.0523 0.9986 0.0000	</row0>
						<row1>	0.0000 0.9986 0.0523 0.0000	</row1>
						<row2>	-1.0000 0.0000 0.0000 0.0000	</row2>
						<row3>	0.0000 0.1270 0.0003 1.0000	</row3>
					</transform>
				</node>
				<node>
					<identifier>	MP_BM509_Liferaft_type_20_10ft	</identifier>
					<transform>
						<row0>	0.0000 0.0698 0.9976 0.0000	</row0>
						<row1>	0.0000 0.9976 -0.0698 0.0000	</row1>
						<row2>	-1.0000 0.0000 0.0000 0.0000	</row2>
						<row3>	0.1268 0.1168 -0.2822 1.0000	</row3>
					</transform>
				</node>
				<node>
					<identifier>	MP_BM509_Liferaft_type_20_10ft_INDEX_1	</identifier>
					<transform>
						<row0>	0.0000 -0.0523 0.9986 0.0000	</row0>
						<row1>	0.0000 0.9986 0.0523 0.0000	</row1>
						<row2>	-1.0000 0.0000 0.0000 0.0000	</row2>
						<row3>	-0.1268 0.1181 0.0567 1.0000	</row3>
					</transform>
				</node>
				<node>
					<identifier>	MP_BM509_Liferaft_type_20_10ft_INDEX_2	</identifier>
					<transform>
						<row0>	0.0000 -0.0523 0.9986 0.0000	</row0>
						<row1>	0.0000 0.9986 0.0523 0.0000	</row1>
						<row2>	-1.0000 0.0000 0.0000 0.0000	</row2>
						<row3>	0.1268 0.1181 0.0567 1.0000	</row3>
					</transform>
				</node>
				<node>
					<identifier>	MP_BM509_Liferaft_type_20_10ft_INDEX_3	</identifier>
					<transform>
						<row0>	0.0000 0.0698 0.9976 0.0000	</row0>
						<row1>	0.0000 0.9976 -0.0698 0.0000	</row1>
						<row2>	-1.0000 0.0000 0.0000 0.0000	</row2>
						<row3>	-0.1268 0.1168 -0.2822 1.0000	</row3>
					</transform>
				</node>
				<node>
					<identifier>	MP_BM509_Liferaft_type_20_10ft_INDEX_4	</identifier>
					<transform>
						<row0>	0.4226 -0.0474 0.9051 0.0000	</row0>
						<row1>	0.0000 0.9986 0.0523 0.0000	</row1>
						<row2>	-0.9063 -0.0221 0.4220 0.0000	</row2>
						<row3>	-0.2001 0.1270 0.0003 1.0000	</row3>
					</transform>
				</node>
				<node>
					<identifier>	MP_BM509_Liferaft_type_20_10ft_INDEX_5	</identifier>
					<transform>
						<row0>	0.4226 0.0474 -0.9051 0.0000	</row0>
						<row1>	0.0000 0.9986 0.0523 0.0000	</row1>
						<row2>	0.9063 -0.0221 0.4220 0.0000	</row2>
						<row3>	0.2001 0.1270 0.0003 1.0000	</row3>
					</transform>
				</node>
				<node>
					<identifier>	MP_BM509_Liferaft_type_20_10ft_INDEX_6	</identifier>
					<transform>
						<row0>	0.0000 -0.0523 0.9986 0.0000	</row0>
						<row1>	0.0000 0.9986 0.0523 0.0000	</row1>
						<row2>	-1.0000 0.0000 0.0000 0.0000	</row2>
						<row3>	0.0000 0.1270 0.0003 1.0000	</row3>
					</transform>
				</node>
				<node>
					<identifier>	MP_BM509_Liferaft_type_20_10ft_INDEX_7	</identifier>
					<transform>
						<row0>	0.0000 -0.0523 0.9986 0.0000	</row0>
						<row1>	0.0000 0.9986 0.0523 0.0000	</row1>
						<row2>	-1.0000 0.0000 0.0000 0.0000	</row2>
						<row3>	0.0000 0.1516 0.0016 1.0000	</row3>
					</transform>
				</node>
				<node>
					<identifier>	MP_BM705_Ammunition_Box	</identifier>
					<transform>
						<row0>	0.0000 0.0000 -0.7500 0.0000	</row0>
						<row1>	0.0000 0.7500 0.0000 0.0000	</row1>
						<row2>	0.7500 0.0000 0.0000 0.0000	</row2>
						<row3>	-0.0369 0.1234 -0.0554 1.0000	</row3>
					</transform>
				</node>
				<node>
					<identifier>	MP_BM705_Ammunition_Box_INDEX_1	</identifier>
					<transform>
						<row0>	0.0000 0.0000 0.7500 0.0000	</row0>
						<row1>	0.0000 0.7500 0.0000 0.0000	</row1>
						<row2>	-0.7500 0.0000 0.0000 0.0000	</row2>
						<row3>	0.0369 0.1234 -0.0554 1.0000	</row3>
					</transform>
				</node>
				<node>
					<identifier>	MP_BM706_Ammunition_Box	</identifier>
					<transform>
						<row0>	0.0000 0.0697 0.9976 0.0000	</row0>
						<row1>	0.0000 0.9976 -0.0697 0.0000	</row1>
						<row2>	-1.0000 0.0000 0.0000 0.0000	</row2>
						<row3>	-0.1958 0.1147 -0.3113 1.0000	</row3>
					</transform>
				</node>
				<node>
					<identifier>	MP_BM706_Ammunition_Box_INDEX_1	</identifier>
					<transform>
						<row0>	0.0000 -0.0697 -0.9976 0.0000	</row0>
						<row1>	0.0000 0.9976 -0.0697 0.0000	</row1>
						<row2>	1.0000 0.0000 0.0000 0.0000	</row2>
						<row3>	0.1958 0.1147 -0.3113 1.0000	</row3>
					</transform>
				</node>
				<node>
					<identifier>	Rotate_X	</identifier>
					<transform>
						<row0>	1.0000 0.0000 0.0000 0.0000	</row0>
						<row1>	0.0000 1.0000 0.0000 0.0000	</row1>
						<row2>	0.0000 0.0000 1.0000 0.0000	</row2>
						<row3>	0.0000 0.0000 0.1677 1.0000	</row3>
					</transform>
					<node>
						<identifier>	HP_gunFireEffect	</identifier>
						<transform>
							<row0>	1.0000 0.0000 0.0000 0.0000	</row0>
							<row1>	0.0000 1.0000 0.0000 0.0000	</row1>
							<row2>	0.0000 0.0000 1.0000 0.0000	</row2>
							<row3>	0.0000 0.0004 0.8617 1.0000	</row3>
						</transform>
					</node>
					<node>
						<identifier>	Roll_Back1	</identifier>
						<transform>
							<row0>	1.0000 0.0000 0.0000 0.0000	</row0>
							<row1>	0.0000 1.0000 0.0000 0.0000	</row1>
							<row2>	0.0000 0.0000 1.0000 0.0000	</row2>
							<row3>	0.0000 0.0000 0.8617 1.0000	</row3>
						</transform>
						<node>
							<identifier>	HP_gunFire1	</identifier>
							<transform>
								<row0>	1.0000 0.0000 0.0000 0.0000	</row0>
								<row1>	0.0000 1.0000 0.0000 0.0000	</row1>
								<row2>	0.0000 0.0000 1.0000 0.0000	</row2>
								<row3>	-0.2441 0.0004 0.0000 1.0000	</row3>
							</transform>
						</node>
						<node>
							<identifier>	HP_gunFire2	</identifier>
							<transform>
								<row0>	1.0000 0.0000 0.0000 0.0000	</row0>
								<row1>	0.0000 1.0000 0.0000 0.0000	</row1>
								<row2>	0.0000 0.0000 1.0000 0.0000	</row2>
								<row3>	-0.0814 0.0004 0.0000 1.0000	</row3>
							</transform>
						</node>
						<node>
							<identifier>	HP_gunFire3	</identifier>
							<transform>
								<row0>	1.0000 0.0000 0.0000 0.0000	</row0>
								<row1>	0.0000 1.0000 0.0000 0.0000	</row1>
								<row2>	0.0000 0.0000 1.0000 0.0000	</row2>
								<row3>	0.0814 0.0004 0.0000 1.0000	</row3>
							</transform>
						</node>
						<node>
							<identifier>	HP_gunFire4	</identifier>
							<transform>
								<row0>	1.0000 0.0000 0.0000 0.0000	</row0>
								<row1>	0.0000 1.0000 0.0000 0.0000	</row1>
								<row2>	0.0000 0.0000 1.0000 0.0000	</row2>
								<row3>	0.2441 0.0004 0.0000 1.0000	</row3>
							</transform>
						</node>
						<node>
							<identifier>	Roll_Back1_BlendBone	</identifier>
							<transform>
								<row0>	1.0000 0.0000 0.0000 0.0000	</row0>
								<row1>	0.0000 1.0000 0.0000 0.0000	</row1>
								<row2>	0.0000 0.0000 -1.0000 0.0000	</row2>
								<row3>	0.0000 -0.0673 -1.0293 1.0000	</row3>
							</transform>
						</node>
					</node>
					<node>
						<identifier>	Rotate_X_BlendBone	</identifier>
						<transform>
							<row0>	1.0000 0.0000 0.0000 0.0000	</row0>
							<row1>	0.0000 1.0000 0.0000 0.0000	</row1>
							<row2>	0.0000 0.0000 -1.0000 0.0000	</row2>
							<row3>	0.0000 -0.0673 -0.1677 1.0000	</row3>
						</transform>
					</node>
					<node>
						<identifier>	SP_YMS100_YGBS_M_1	</identifier>
						<transform>
							<row0>	1.1157 0.0000 0.0000 0.0000	</row0>
							<row1>	0.0000 1.1157 0.0000 0.0000	</row1>
							<row2>	0.0000 0.0000 1.1157 0.0000	</row2>
							<row3>	0.2441 0.0004 0.1343 1.0000	</row3>
						</transform>
					</node>
					<node>
						<identifier>	SP_YMS100_YGBS_M_1_INDEX_1	</identifier>
						<transform>
							<row0>	1.1157 0.0000 0.0000 0.0000	</row0>
							<row1>	0.0000 1.1157 0.0000 0.0000	</row1>
							<row2>	0.0000 0.0000 1.1157 0.0000	</row2>
							<row3>	-0.2441 0.0004 0.1343 1.0000	</row3>
						</transform>
					</node>
					<node>
						<identifier>	SP_YMS100_YGBS_M_1_INDEX_2	</identifier>
						<transform>
							<row0>	1.1157 0.0000 0.0000 0.0000	</row0>
							<row1>	0.0000 1.1157 0.0000 0.0000	</row1>
							<row2>	0.0000 0.0000 1.1157 0.0000	</row2>
							<row3>	-0.0814 0.0004 0.1343 1.0000	</row3>
						</transform>
					</node>
					<node>
						<identifier>	SP_YMS100_YGBS_M_1_INDEX_3	</identifier>
						<transform>
							<row0>	1.1157 0.0000 0.0000 0.0000	</row0>
							<row1>	0.0000 1.1157 0.0000 0.0000	</row1>
							<row2>	0.0000 0.0000 1.1157 0.0000	</row2>
							<row3>	0.0814 0.0004 0.1343 1.0000	</row3>
						</transform>
					</node>
					<node>
						<identifier>	SP_YMS104_YGRS_M_1	</identifier>
						<transform>
							<row0>	1.0625 0.0000 0.0000 0.0000	</row0>
							<row1>	0.0000 1.0625 0.0000 0.0000	</row1>
							<row2>	0.0000 0.0000 1.0000 0.0000	</row2>
							<row3>	0.2441 0.0004 0.8677 1.0000	</row3>
						</transform>
					</node>
					<node>
						<identifier>	SP_YMS104_YGRS_M_1_INDEX_1	</identifier>
						<transform>
							<row0>	1.0625 0.0000 0.0000 0.0000	</row0>
							<row1>	0.0000 1.0625 0.0000 0.0000	</row1>
							<row2>	0.0000 0.0000 1.0000 0.0000	</row2>
							<row3>	-0.0814 0.0004 0.8677 1.0000	</row3>
						</transform>
					</node>
					<node>
						<identifier>	SP_YMS104_YGRS_M_1_INDEX_2	</identifier>
						<transform>
							<row0>	1.0625 0.0000 0.0000 0.0000	</row0>
							<row1>	0.0000 1.0625 0.0000 0.0000	</row1>
							<row2>	0.0000 0.0000 1.0000 0.0000	</row2>
							<row3>	-0.2441 0.0004 0.8677 1.0000	</row3>
						</transform>
					</node>
					<node>
						<identifier>	SP_YMS104_YGRS_M_1_INDEX_3	</identifier>
						<transform>
							<row0>	1.0625 0.0000 0.0000 0.0000	</row0>
							<row1>	0.0000 1.0625 0.0000 0.0000	</row1>
							<row2>	0.0000 0.0000 1.0000 0.0000	</row2>
							<row3>	0.0814 0.0004 0.8677 1.0000	</row3>
						</transform>
					</node>
				</node>
				<node>
					<identifier>	Rotate_Y_BlendBone	</identifier>
					<transform>
						<row0>	1.0000 0.0000 0.0000 0.0000	</row0>
						<row1>	0.0000 1.0000 0.0000 0.0000	</row1>
						<row2>	0.0000 0.0000 -1.0000 0.0000	</row2>
						<row3>	0.0000 -0.0673 0.0000 1.0000	</row3>
					</transform>
				</node>
				<node>
					<identifier>	SP_YMS101_YGCS_M_1	</identifier>
					<transform>
						<row0>	1.0000 0.0000 0.0000 0.0000	</row0>
						<row1>	0.0000 1.0000 0.0000 0.0000	</row1>
						<row2>	0.0000 0.0000 1.0000 0.0000	</row2>
						<row3>	-0.0814 -0.0547 0.3913 1.0000	</row3>
					</transform>
				</node>
				<node>
					<identifier>	SP_YMS101_YGCS_M_1_INDEX_1	</identifier>
					<transform>
						<row0>	1.0000 0.0000 0.0000 0.0000	</row0>
						<row1>	0.0000 1.0000 0.0000 0.0000	</row1>
						<row2>	0.0000 0.0000 1.0000 0.0000	</row2>
						<row3>	0.2441 -0.0547 0.3913 1.0000	</row3>
					</transform>
				</node>
				<node>
					<identifier>	SP_YMS101_YGCS_M_1_INDEX_2	</identifier>
					<transform>
						<row0>	1.0000 0.0000 0.0000 0.0000	</row0>
						<row1>	0.0000 1.0000 0.0000 0.0000	</row1>
						<row2>	0.0000 0.0000 1.0000 0.0000	</row2>
						<row3>	-0.2441 -0.0547 0.3913 1.0000	</row3>
					</transform>
				</node>
				<node>
					<identifier>	SP_YMS101_YGCS_M_1_INDEX_3	</identifier>
					<transform>
						<row0>	1.0000 0.0000 0.0000 0.0000	</row0>
						<row1>	0.0000 1.0000 0.0000 0.0000	</row1>
						<row2>	0.0000 0.0000 1.0000 0.0000	</row2>
						<row3>	0.0814 -0.0547 0.3913 1.0000	</row3>
					</transform>
				</node>
				<node>
					<identifier>	SP_YMS102_YGFL_M_1	</identifier>
					<transform>
						<row0>	1.0000 0.0000 0.0000 0.0000	</row0>
						<row1>	0.0000 1.7544 0.0000 0.0000	</row1>
						<row2>	0.0000 0.0000 1.7544 0.0000	</row2>
						<row3>	0.3655 0.1428 -0.2915 1.0000	</row3>
					</transform>
				</node>
				<node>
					<identifier>	SP_YMS103_YGFR_M_1	</identifier>
					<transform>
						<row0>	1.0000 0.0000 0.0000 0.0000	</row0>
						<row1>	0.0000 1.7544 0.0000 0.0000	</row1>
						<row2>	0.0000 0.0000 1.7544 0.0000	</row2>
						<row3>	-0.3655 0.1428 -0.2915 1.0000	</row3>
					</transform>
				</node>
				<node>
					<identifier>	SP_YMS106_YGLL_M_1	</identifier>
					<transform>
						<row0>	0.9420 -0.3069 -0.1358 0.0000	</row0>
						<row1>	0.3069 0.9515 -0.0215 0.0000	</row1>
						<row2>	0.1358 -0.0215 0.9905 0.0000	</row2>
						<row3>	-0.3612 0.0201 0.1634 1.0000	</row3>
					</transform>
				</node>
				<node>
					<identifier>	SP_YMS107_YGLR_M_1	</identifier>
					<transform>
						<row0>	0.9420 0.3069 0.1358 0.0000	</row0>
						<row1>	-0.3069 0.9515 -0.0215 0.0000	</row1>
						<row2>	-0.1358 -0.0215 0.9905 0.0000	</row2>
						<row3>	0.3612 0.0201 0.1634 1.0000	</row3>
					</transform>
				</node>
			</node>
		</node>
		<node>
			<identifier>	Turret	</identifier>
			<transform>
				<row0>	1.0000 0.0000 0.0000 0.0000	</row0>
				<row1>	0.0000 1.0000 0.0000 0.0000	</row1>
				<row2>	0.0000 0.0000 1.0000 0.0000	</row2>
				<row3>	0.0000 0.0000 0.0000 1.0000	</row3>
			</transform>
		</node>
	</node>
	<renderSet>
		<treatAsWorldSpaceObject>	true	</treatAsWorldSpaceObject>
		<node>	Rotate_Y_BlendBone	</node>
		<node>	Rotate_X_BlendBone	</node>
		<node>	Roll_Back1_BlendBone	</node>
		<geometry>
			<vertices>	Turret_lod1Shape.vertices	</vertices>
			<primitive>	Turret_lod1Shape.indices	</primitive>
			<primitiveGroup>	0
				<material>
					<identifier>	SHIPMAT_PBS_Gun_skinned	</identifier>
					<mfm>	PnFMods/ModsSDK.zip/BSB107_King_George_V/gun/BGM056_14in45_BL_MkVII_Quadro_skinned.mfm	</mfm>
				</material>
			</primitiveGroup>
		</geometry>
	</renderSet>
	<boundingBox>
		<min>	-0.4706 -0.0050 -0.5874	</min>
		<max>	0.4706 0.1995 1.0293	</max>
	</boundingBox>
</BGM056_14in45_BL_MkVII_Quadro_lod1.visual>
