<GSB031_Von_der_Tann_1918_Stern_ports.visual>
	<node>
		<identifier>	Scene Root	</identifier>
		<transform>
			<row0>	1.0000 0.0000 0.0000 0.0000	</row0>
			<row1>	0.0000 1.0000 0.0000 0.0000	</row1>
			<row2>	0.0000 0.0000 1.0000 0.0000	</row2>
			<row3>	0.0000 0.0000 0.0000 1.0000	</row3>
		</transform>
		<node>
			<identifier>	Stern_ports	</identifier>
			<transform>
				<row0>	1.0000 0.0000 0.0000 0.0000	</row0>
				<row1>	0.0000 1.0000 0.0000 0.0000	</row1>
				<row2>	0.0000 0.0000 1.0000 0.0000	</row2>
				<row3>	0.0000 0.0000 0.0000 1.0000	</row3>
			</transform>
			<node>
				<identifier>	HP_FX_Fire_4	</identifier>
				<transform>
					<row0>	1.0000 0.0000 0.0000 0.0000	</row0>
					<row1>	0.0000 1.0000 0.0000 0.0000	</row1>
					<row2>	0.0000 0.0000 1.0000 0.0000	</row2>
					<row3>	0.0000 0.2808 -4.5872 1.0000	</row3>
				</transform>
			</node>
			<node>
				<identifier>	HP_FX_Flood_water_left	</identifier>
				<transform>
					<row0>	-0.9778 0.0000 -0.2095 0.0000	</row0>
					<row1>	0.0000 1.0000 0.0000 0.0000	</row1>
					<row2>	0.2095 0.0000 -0.9778 0.0000	</row2>
					<row3>	-0.4184 0.0338 -4.6043 1.0000	</row3>
				</transform>
			</node>
			<node>
				<identifier>	HP_FX_Flood_water_right	</identifier>
				<transform>
					<row0>	0.9779 0.0000 -0.2092 0.0000	</row0>
					<row1>	0.0000 1.0000 0.0000 0.0000	</row1>
					<row2>	0.2092 0.0000 0.9779 0.0000	</row2>
					<row3>	0.4192 0.0342 -4.6032 1.0000	</row3>
				</transform>
			</node>
			<node>
				<identifier>	HP_FX_WakeTraceBack	</identifier>
				<transform>
					<row0>	1.0000 0.0000 0.0000 0.0000	</row0>
					<row1>	0.0000 1.0000 0.0000 0.0000	</row1>
					<row2>	0.0000 0.0000 1.0000 0.0000	</row2>
					<row3>	0.0000 0.0000 -5.6431 1.0000	</row3>
				</transform>
			</node>
			<node>
				<identifier>	HP_FX_WakeTrace_screw_1	</identifier>
				<transform>
					<row0>	1.0000 0.0000 0.0000 0.0000	</row0>
					<row1>	0.0000 1.0000 0.0000 0.0000	</row1>
					<row2>	0.0000 0.0000 1.0000 0.0000	</row2>
					<row3>	-0.4378 -0.4158 -4.0970 1.0000	</row3>
				</transform>
			</node>
			<node>
				<identifier>	HP_FX_WakeTrace_screw_2	</identifier>
				<transform>
					<row0>	1.0000 0.0000 0.0000 0.0000	</row0>
					<row1>	0.0000 1.0000 0.0000 0.0000	</row1>
					<row2>	0.0000 0.0000 1.0000 0.0000	</row2>
					<row3>	-0.1869 -0.4648 -4.6307 1.0000	</row3>
				</transform>
			</node>
			<node>
				<identifier>	HP_FX_WakeTrace_screw_3	</identifier>
				<transform>
					<row0>	1.0000 0.0000 0.0000 0.0000	</row0>
					<row1>	0.0000 1.0000 0.0000 0.0000	</row1>
					<row2>	0.0000 0.0000 1.0000 0.0000	</row2>
					<row3>	0.1869 -0.4648 -4.6307 1.0000	</row3>
				</transform>
			</node>
			<node>
				<identifier>	HP_FX_WakeTrace_screw_4	</identifier>
				<transform>
					<row0>	1.0000 0.0000 0.0000 0.0000	</row0>
					<row1>	0.0000 1.0000 0.0000 0.0000	</row1>
					<row2>	0.0000 0.0000 1.0000 0.0000	</row2>
					<row3>	0.4378 -0.4158 -4.0970 1.0000	</row3>
				</transform>
			</node>
			<node>
				<identifier>	HP_Ship_death_3	</identifier>
				<transform>
					<row0>	1.0000 0.0000 0.0000 0.0000	</row0>
					<row1>	0.0000 1.0000 0.0000 0.0000	</row1>
					<row2>	0.0000 0.0000 1.0000 0.0000	</row2>
					<row3>	0.0000 0.0000 -4.0129 1.0000	</row3>
				</transform>
			</node>
			<node>
				<identifier>	MP_CM001_Propeller3_L	</identifier>
				<transform>
					<row0>	0.9899 -0.1417 0.0033 0.0000	</row0>
					<row1>	0.1417 0.9896 -0.0239 0.0000	</row1>
					<row2>	0.0002 0.0242 0.9997 0.0000	</row2>
					<row3>	-0.1826 -0.4632 -4.6299 1.0000	</row3>
				</transform>
			</node>
			<node>
				<identifier>	MP_CM032_Propeller3_R	</identifier>
				<transform>
					<row0>	0.9899 0.1417 -0.0033 0.0000	</row0>
					<row1>	-0.1417 0.9896 -0.0239 0.0000	</row1>
					<row2>	-0.0002 0.0242 0.9997 0.0000	</row2>
					<row3>	0.1826 -0.4632 -4.6299 1.0000	</row3>
				</transform>
			</node>
			<node>
				<identifier>	MP_CM126_Cleat	</identifier>
				<transform>
					<row0>	0.8775 0.0000 -0.4796 0.0000	</row0>
					<row1>	0.0000 1.0000 0.0000 0.0000	</row1>
					<row2>	0.4796 0.0000 0.8775 0.0000	</row2>
					<row3>	0.4098 0.2744 -4.4219 1.0000	</row3>
				</transform>
			</node>
			<node>
				<identifier>	MP_CM126_Cleat_INDEX_1	</identifier>
				<transform>
					<row0>	0.8775 0.0000 0.4796 0.0000	</row0>
					<row1>	0.0000 1.0000 0.0000 0.0000	</row1>
					<row2>	-0.4796 0.0000 0.8775 0.0000	</row2>
					<row3>	-0.4098 0.2744 -4.4219 1.0000	</row3>
				</transform>
			</node>
			<node>
				<identifier>	MP_GM029_Life_Buoy	</identifier>
				<transform>
					<row0>	-0.9227 0.1028 -0.3716 0.0000	</row0>
					<row1>	0.0954 0.9947 0.0384 0.0000	</row1>
					<row2>	0.3735 0.0000 -0.9276 0.0000	</row2>
					<row3>	-0.1551 0.1981 -5.4114 1.0000	</row3>
				</transform>
			</node>
			<node>
				<identifier>	MP_GM033_Lifesaving_Device	</identifier>
				<transform>
					<row0>	-0.8999 0.1517 -0.4089 0.0000	</row0>
					<row1>	0.1381 0.9884 0.0628 0.0000	</row1>
					<row2>	0.4137 0.0000 -0.9104 0.0000	</row2>
					<row3>	-0.1167 0.1935 -5.4964 1.0000	</row3>
				</transform>
			</node>
			<node>
				<identifier>	MP_GM035_LifeBuoy_Mount	</identifier>
				<transform>
					<row0>	0.9963 0.0000 0.0855 0.0000	</row0>
					<row1>	0.0000 1.0000 0.0000 0.0000	</row1>
					<row2>	-0.0855 0.0000 0.9963 0.0000	</row2>
					<row3>	-0.3775 0.3363 -4.5481 1.0000	</row3>
				</transform>
			</node>
			<node>
				<identifier>	MP_GM035_LifeBuoy_Mount_INDEX_1	</identifier>
				<transform>
					<row0>	-0.9963 0.0000 0.0855 0.0000	</row0>
					<row1>	0.0000 1.0000 0.0000 0.0000	</row1>
					<row2>	-0.0855 0.0000 -0.9963 0.0000	</row2>
					<row3>	0.3775 0.3363 -4.5481 1.0000	</row3>
				</transform>
			</node>
			<node>
				<identifier>	MP_GM065_Firelead	</identifier>
				<transform>
					<row0>	0.9776 0.0000 0.2105 0.0000	</row0>
					<row1>	0.0000 1.0000 0.0000 0.0000	</row1>
					<row2>	-0.2105 0.0000 0.9776 0.0000	</row2>
					<row3>	-0.4386 0.2721 -4.3292 1.0000	</row3>
				</transform>
			</node>
			<node>
				<identifier>	MP_GM065_Firelead_INDEX_1	</identifier>
				<transform>
					<row0>	0.9776 0.0000 -0.2105 0.0000	</row0>
					<row1>	0.0000 1.0000 0.0000 0.0000	</row1>
					<row2>	0.2105 0.0000 0.9776 0.0000	</row2>
					<row3>	0.4386 0.2721 -4.3292 1.0000	</row3>
				</transform>
			</node>
			<node>
				<identifier>	MP_GM863_Signal_White	</identifier>
				<transform>
					<row0>	-1.0000 0.0000 0.0000 0.0000	</row0>
					<row1>	0.0000 1.0000 0.0000 0.0000	</row1>
					<row2>	0.0000 0.0000 -1.0000 0.0000	</row2>
					<row3>	0.0000 0.3720 -5.6376 1.0000	</row3>
				</transform>
			</node>
			<node>
				<identifier>	MP_GM969_Anchor_up	</identifier>
				<transform>
					<row0>	0.2664 -0.3976 0.6411 0.0000	</row0>
					<row1>	-0.3298 0.5500 0.4782 0.0000	</row1>
					<row2>	-0.6784 -0.4236 0.0193 0.0000	</row2>
					<row3>	0.1496 0.1257 -5.5317 1.0000	</row3>
				</transform>
			</node>
			<node>
				<identifier>	MP_GM970_Anchor_bottom	</identifier>
				<transform>
					<row0>	0.3182 -0.3656 0.6364 0.0000	</row0>
					<row1>	-0.1744 0.6362 0.4527 0.0000	</row1>
					<row2>	-0.7130 -0.3188 0.1734 0.0000	</row2>
					<row3>	0.1450 0.1232 -5.5307 1.0000	</row3>
				</transform>
			</node>
		</node>
	</node>
	<boundingBox>
		<min>	-0.0667 -0.0667 -0.0667	</min>
		<max>	0.0667 0.0667 0.0667	</max>
	</boundingBox>
</GSB031_Von_der_Tann_1918_Stern_ports.visual>
