<ISC031_Piemonte_1964_Bow_ports.visual>
	<node>
		<identifier>	Scene Root	</identifier>
		<transform>
			<row0>	1.0000 0.0000 0.0000 0.0000	</row0>
			<row1>	0.0000 1.0000 0.0000 0.0000	</row1>
			<row2>	0.0000 0.0000 1.0000 0.0000	</row2>
			<row3>	0.0000 0.0000 0.0000 1.0000	</row3>
		</transform>
		<node>
			<identifier>	Bow_ports	</identifier>
			<transform>
				<row0>	1.0000 0.0000 0.0000 0.0000	</row0>
				<row1>	0.0000 1.0000 0.0000 0.0000	</row1>
				<row2>	0.0000 0.0000 1.0000 0.0000	</row2>
				<row3>	0.0000 0.0000 0.0000 1.0000	</row3>
			</transform>
			<node>
				<identifier>	HP_FX_Death_1	</identifier>
				<transform>
					<row0>	1.0000 0.0000 0.0000 0.0000	</row0>
					<row1>	0.0000 1.0000 0.0000 0.0000	</row1>
					<row2>	0.0000 0.0000 1.0000 0.0000	</row2>
					<row3>	0.0000 0.0000 4.3974 1.0000	</row3>
				</transform>
			</node>
			<node>
				<identifier>	HP_FX_Fire_1	</identifier>
				<transform>
					<row0>	1.0000 0.0000 0.0000 0.0000	</row0>
					<row1>	0.0000 1.0000 0.0000 0.0000	</row1>
					<row2>	0.0000 0.0000 1.0000 0.0000	</row2>
					<row3>	0.0000 0.4192 5.8020 1.0000	</row3>
				</transform>
			</node>
			<node>
				<identifier>	HP_FX_RepairLight_left_1	</identifier>
				<transform>
					<row0>	0.0878 0.0000 0.9961 0.0000	</row0>
					<row1>	-0.0823 0.9966 0.0073 0.0000	</row1>
					<row2>	-0.9927 -0.0827 0.0875 0.0000	</row2>
					<row3>	-0.6642 0.4507 4.1990 1.0000	</row3>
				</transform>
			</node>
			<node>
				<identifier>	HP_FX_WakeTrace	</identifier>
				<transform>
					<row0>	1.0000 0.0000 0.0000 0.0000	</row0>
					<row1>	0.0000 1.0000 0.0000 0.0000	</row1>
					<row2>	0.0000 0.0000 1.0000 0.0000	</row2>
					<row3>	0.0000 0.0000 8.2711 1.0000	</row3>
				</transform>
			</node>
			<node>
				<identifier>	HP_IGM_1	</identifier>
				<transform>
					<row0>	1.0000 0.0000 0.0000 0.0000	</row0>
					<row1>	0.0000 1.0000 0.0000 0.0000	</row1>
					<row2>	0.0000 0.0000 1.0000 0.0000	</row2>
					<row3>	0.0000 0.5090 4.3374 1.0000	</row3>
				</transform>
			</node>
			<node>
				<identifier>	HP_Ship_death_1	</identifier>
				<transform>
					<row0>	1.0000 0.0000 0.0000 0.0000	</row0>
					<row1>	0.0000 1.0000 0.0000 0.0000	</row1>
					<row2>	0.0000 0.0000 1.0000 0.0000	</row2>
					<row3>	0.0000 0.0000 3.7217 1.0000	</row3>
				</transform>
			</node>
			<node>
				<identifier>	MP_CM109_Leadsman_Platform	</identifier>
				<transform>
					<row0>	-0.9915 0.0898 0.0940 0.0000	</row0>
					<row1>	0.0893 0.9960 -0.0101 0.0000	</row1>
					<row2>	-0.0946 -0.0016 -0.9955 0.0000	</row2>
					<row3>	-0.6224 0.4544 4.5257 1.0000	</row3>
				</transform>
			</node>
			<node>
				<identifier>	MP_CM109_Leadsman_Platform_INDEX_1	</identifier>
				<transform>
					<row0>	0.9910 0.0935 0.0958 0.0000	</row0>
					<row1>	-0.0931 0.9956 -0.0090 0.0000	</row1>
					<row2>	-0.0962 0.0000 0.9954 0.0000	</row2>
					<row3>	0.6224 0.4547 4.5257 1.0000	</row3>
				</transform>
			</node>
			<node>
				<identifier>	MP_IM026_Reels	</identifier>
				<transform>
					<row0>	0.8881 0.0000 0.4596 0.0000	</row0>
					<row1>	0.0000 1.0000 0.0000 0.0000	</row1>
					<row2>	-0.4596 0.0000 0.8881 0.0000	</row2>
					<row3>	-0.1950 0.4595 5.2243 1.0000	</row3>
				</transform>
			</node>
			<node>
				<identifier>	MP_IM026_Reels_INDEX_1	</identifier>
				<transform>
					<row0>	0.8881 0.0000 -0.4596 0.0000	</row0>
					<row1>	0.0000 1.0000 0.0000 0.0000	</row1>
					<row2>	0.4596 0.0000 0.8881 0.0000	</row2>
					<row3>	0.1950 0.4595 5.2243 1.0000	</row3>
				</transform>
			</node>
			<node>
				<identifier>	MP_IM026_Reels_INDEX_2	</identifier>
				<transform>
					<row0>	1.0000 0.0000 0.0000 0.0000	</row0>
					<row1>	0.0000 1.0000 0.0000 0.0000	</row1>
					<row2>	0.0000 0.0000 1.0000 0.0000	</row2>
					<row3>	0.0000 0.4623 5.2242 1.0000	</row3>
				</transform>
			</node>
			<node>
				<identifier>	MP_IM031_Fire_Fighting	</identifier>
				<transform>
					<row0>	1.0000 0.0000 0.0000 0.0000	</row0>
					<row1>	0.0000 1.0000 0.0000 0.0000	</row1>
					<row2>	0.0000 0.0000 1.0000 0.0000	</row2>
					<row3>	0.1243 0.4582 4.6630 1.0000	</row3>
				</transform>
			</node>
			<node>
				<identifier>	MP_IM031_Fire_Fighting_INDEX_1	</identifier>
				<transform>
					<row0>	1.0000 0.0000 0.0000 0.0000	</row0>
					<row1>	0.0000 1.0000 0.0000 0.0000	</row1>
					<row2>	0.0000 0.0000 1.0000 0.0000	</row2>
					<row3>	-0.1243 0.4582 4.6630 1.0000	</row3>
				</transform>
			</node>
			<node>
				<identifier>	MP_IM031_Fire_Fighting_INDEX_2	</identifier>
				<transform>
					<row0>	0.0000 0.0000 1.0000 0.0000	</row0>
					<row1>	0.0000 1.0000 0.0000 0.0000	</row1>
					<row2>	-1.0000 0.0000 0.0000 0.0000	</row2>
					<row3>	-0.0120 0.5136 7.7833 1.0000	</row3>
				</transform>
			</node>
			<node>
				<identifier>	MP_IM031_Fire_Fighting_INDEX_3	</identifier>
				<transform>
					<row0>	1.0000 0.0000 0.0000 0.0000	</row0>
					<row1>	0.0000 1.0000 0.0000 0.0000	</row1>
					<row2>	0.0000 0.0000 1.0000 0.0000	</row2>
					<row3>	0.0125 0.4808 6.3794 1.0000	</row3>
				</transform>
			</node>
			<node>
				<identifier>	MP_IM032_Fire_Hose	</identifier>
				<transform>
					<row0>	0.8819 0.0000 -0.4714 0.0000	</row0>
					<row1>	0.0000 1.0000 0.0000 0.0000	</row1>
					<row2>	0.4714 0.0000 0.8819 0.0000	</row2>
					<row3>	0.1515 0.4819 4.6251 1.0000	</row3>
				</transform>
			</node>
			<node>
				<identifier>	MP_IM032_Fire_Hose_INDEX_1	</identifier>
				<transform>
					<row0>	0.8819 0.0000 0.4714 0.0000	</row0>
					<row1>	0.0000 1.0000 0.0000 0.0000	</row1>
					<row2>	-0.4714 0.0000 0.8819 0.0000	</row2>
					<row3>	-0.1515 0.4819 4.6251 1.0000	</row3>
				</transform>
			</node>
			<node>
				<identifier>	MP_IM480_Bow_star	</identifier>
				<transform>
					<row0>	1.0000 0.0000 0.0000 0.0000	</row0>
					<row1>	0.0000 0.9863 0.1652 0.0000	</row1>
					<row2>	0.0000 -0.1652 0.9863 0.0000	</row2>
					<row3>	0.0000 0.5155 8.5180 1.0000	</row3>
				</transform>
			</node>
			<node>
				<identifier>	MP_IM800_Ventilation	</identifier>
				<transform>
					<row0>	1.0000 0.0000 0.0000 0.0000	</row0>
					<row1>	0.0000 1.0000 0.0000 0.0000	</row1>
					<row2>	0.0000 0.0000 1.0000 0.0000	</row2>
					<row3>	-0.3112 0.4556 4.8727 1.0000	</row3>
				</transform>
			</node>
			<node>
				<identifier>	MP_IM800_Ventilation_INDEX_1	</identifier>
				<transform>
					<row0>	1.0000 0.0000 0.0000 0.0000	</row0>
					<row1>	0.0000 1.0000 0.0000 0.0000	</row1>
					<row2>	0.0000 0.0000 1.0000 0.0000	</row2>
					<row3>	0.2777 0.4556 4.9335 1.0000	</row3>
				</transform>
			</node>
			<node>
				<identifier>	MP_IM800_Ventilation_INDEX_10	</identifier>
				<transform>
					<row0>	1.0000 0.0000 0.0000 0.0000	</row0>
					<row1>	0.0000 1.0000 0.0000 0.0000	</row1>
					<row2>	0.0000 0.0000 1.0000 0.0000	</row2>
					<row3>	-0.2204 0.4569 5.0144 1.0000	</row3>
				</transform>
			</node>
			<node>
				<identifier>	MP_IM800_Ventilation_INDEX_11	</identifier>
				<transform>
					<row0>	1.0000 0.0000 0.0000 0.0000	</row0>
					<row1>	0.0000 1.0000 0.0000 0.0000	</row1>
					<row2>	0.0000 0.0000 1.0000 0.0000	</row2>
					<row3>	-0.2371 0.4563 4.0660 1.0000	</row3>
				</transform>
			</node>
			<node>
				<identifier>	MP_IM800_Ventilation_INDEX_12	</identifier>
				<transform>
					<row0>	1.0000 0.0000 0.0000 0.0000	</row0>
					<row1>	0.0000 1.0000 0.0000 0.0000	</row1>
					<row2>	0.0000 0.0000 1.0000 0.0000	</row2>
					<row3>	0.2882 0.4556 4.1208 1.0000	</row3>
				</transform>
			</node>
			<node>
				<identifier>	MP_IM800_Ventilation_INDEX_2	</identifier>
				<transform>
					<row0>	1.0000 0.0000 0.0000 0.0000	</row0>
					<row1>	0.0000 1.0000 0.0000 0.0000	</row1>
					<row2>	0.0000 0.0000 1.0000 0.0000	</row2>
					<row3>	-0.4240 0.4527 4.6221 1.0000	</row3>
				</transform>
			</node>
			<node>
				<identifier>	MP_IM800_Ventilation_INDEX_3	</identifier>
				<transform>
					<row0>	1.0000 0.0000 0.0000 0.0000	</row0>
					<row1>	0.0000 1.0000 0.0000 0.0000	</row1>
					<row2>	0.0000 0.0000 1.0000 0.0000	</row2>
					<row3>	-0.4189 0.4571 5.3270 1.0000	</row3>
				</transform>
			</node>
			<node>
				<identifier>	MP_IM800_Ventilation_INDEX_4	</identifier>
				<transform>
					<row0>	-1.0000 0.0000 0.0000 0.0000	</row0>
					<row1>	0.0000 1.0000 0.0000 0.0000	</row1>
					<row2>	0.0000 0.0000 -1.0000 0.0000	</row2>
					<row3>	-0.1069 0.4587 3.9937 1.0000	</row3>
				</transform>
			</node>
			<node>
				<identifier>	MP_IM800_Ventilation_INDEX_5	</identifier>
				<transform>
					<row0>	-1.0000 0.0000 0.0000 0.0000	</row0>
					<row1>	0.0000 1.0000 0.0000 0.0000	</row1>
					<row2>	0.0000 0.0000 -1.0000 0.0000	</row2>
					<row3>	0.4191 0.4530 4.6178 1.0000	</row3>
				</transform>
			</node>
			<node>
				<identifier>	MP_IM800_Ventilation_INDEX_6	</identifier>
				<transform>
					<row0>	-1.0000 0.0000 0.0000 0.0000	</row0>
					<row1>	0.0000 1.0000 0.0000 0.0000	</row1>
					<row2>	0.0000 0.0000 -1.0000 0.0000	</row2>
					<row3>	-0.0402 0.4600 3.9792 1.0000	</row3>
				</transform>
			</node>
			<node>
				<identifier>	MP_IM800_Ventilation_INDEX_7	</identifier>
				<transform>
					<row0>	1.0000 0.0000 0.0000 0.0000	</row0>
					<row1>	0.0000 1.0000 0.0000 0.0000	</row1>
					<row2>	0.0000 0.0000 1.0000 0.0000	</row2>
					<row3>	0.4189 0.4571 5.3270 1.0000	</row3>
				</transform>
			</node>
			<node>
				<identifier>	MP_IM800_Ventilation_INDEX_8	</identifier>
				<transform>
					<row0>	1.0000 0.0000 0.0000 0.0000	</row0>
					<row1>	0.0000 1.0000 0.0000 0.0000	</row1>
					<row2>	0.0000 0.0000 1.0000 0.0000	</row2>
					<row3>	0.3325 0.4556 4.8088 1.0000	</row3>
				</transform>
			</node>
			<node>
				<identifier>	MP_IM800_Ventilation_INDEX_9	</identifier>
				<transform>
					<row0>	-1.0000 0.0000 0.0000 0.0000	</row0>
					<row1>	0.0000 1.0000 0.0000 0.0000	</row1>
					<row2>	0.0000 0.0000 -1.0000 0.0000	</row2>
					<row3>	0.1299 0.4582 4.0011 1.0000	</row3>
				</transform>
			</node>
			<node>
				<identifier>	MP_IM951_Anchor_up	</identifier>
				<transform>
					<row0>	0.8020 -0.5049 -0.3192 0.0000	</row0>
					<row1>	-0.1844 0.2991 -0.9362 0.0000	</row1>
					<row2>	0.5682 0.8097 0.1468 0.0000	</row2>
					<row3>	0.2982 0.4627 7.5228 1.0000	</row3>
				</transform>
			</node>
			<node>
				<identifier>	MP_IM951_Anchor_up_INDEX_1	</identifier>
				<transform>
					<row0>	0.8020 -0.5049 -0.3192 0.0000	</row0>
					<row1>	-0.1844 0.2991 -0.9362 0.0000	</row1>
					<row2>	0.5682 0.8097 0.1468 0.0000	</row2>
					<row3>	0.2059 0.4821 8.0430 1.0000	</row3>
				</transform>
			</node>
			<node>
				<identifier>	MP_IM951_Anchor_up_INDEX_2	</identifier>
				<transform>
					<row0>	0.8020 0.5049 0.3192 0.0000	</row0>
					<row1>	0.1844 0.2991 -0.9362 0.0000	</row1>
					<row2>	-0.5682 0.8097 0.1468 0.0000	</row2>
					<row3>	-0.2059 0.4821 8.0430 1.0000	</row3>
				</transform>
			</node>
			<node>
				<identifier>	MP_IM952_Anchor_Bottom	</identifier>
				<transform>
					<row0>	0.8347 -0.5505 -0.0168 0.0000	</row0>
					<row1>	0.0389 0.0893 -0.9952 0.0000	</row1>
					<row2>	0.5494 0.8301 0.0959 0.0000	</row2>
					<row3>	0.2982 0.4627 7.5228 1.0000	</row3>
				</transform>
			</node>
			<node>
				<identifier>	MP_IM952_Anchor_Bottom_INDEX_1	</identifier>
				<transform>
					<row0>	0.8347 -0.5505 -0.0168 0.0000	</row0>
					<row1>	0.0389 0.0893 -0.9952 0.0000	</row1>
					<row2>	0.5494 0.8301 0.0959 0.0000	</row2>
					<row3>	0.2059 0.4821 8.0430 1.0000	</row3>
				</transform>
			</node>
			<node>
				<identifier>	MP_IM952_Anchor_Bottom_INDEX_2	</identifier>
				<transform>
					<row0>	0.8347 0.5505 0.0168 0.0000	</row0>
					<row1>	-0.0389 0.0893 -0.9952 0.0000	</row1>
					<row2>	-0.5494 0.8301 0.0959 0.0000	</row2>
					<row3>	-0.2059 0.4821 8.0430 1.0000	</row3>
				</transform>
			</node>
			<node>
				<identifier>	SP_YMS001_YHBM_M_1	</identifier>
				<transform>
					<row0>	1.0000 0.0000 0.0000 0.0000	</row0>
					<row1>	0.0000 1.0000 0.0000 0.0000	</row1>
					<row2>	0.0000 0.0000 1.0000 0.0000	</row2>
					<row3>	0.0000 0.5515 8.5536 1.0000	</row3>
				</transform>
			</node>
			<node>
				<identifier>	SP_YMS002_YHBL_M_1	</identifier>
				<transform>
					<row0>	0.9994 0.0000 -0.0334 0.0000	</row0>
					<row1>	-0.0012 0.9993 -0.0371 0.0000	</row1>
					<row2>	0.0334 0.0371 0.9988 0.0000	</row2>
					<row3>	0.0000 0.5440 8.5708 1.0000	</row3>
				</transform>
			</node>
			<node>
				<identifier>	SP_YMS003_YHBR_M_1	</identifier>
				<transform>
					<row0>	0.9994 0.0000 0.0334 0.0000	</row0>
					<row1>	0.0012 0.9993 -0.0371 0.0000	</row1>
					<row2>	-0.0334 0.0371 0.9988 0.0000	</row2>
					<row3>	0.0000 0.5440 8.5708 1.0000	</row3>
				</transform>
			</node>
			<node>
				<identifier>	SP_YMS004_YHXL_L_1	</identifier>
				<transform>
					<row0>	0.9413 0.3046 -0.1455 0.0000	</row0>
					<row1>	-0.3077 0.9515 0.0012 0.0000	</row1>
					<row2>	0.1388 0.0437 0.9894 0.0000	</row2>
					<row3>	-0.2809 0.2899 7.0671 1.0000	</row3>
				</transform>
			</node>
			<node>
				<identifier>	SP_YMS005_YHXR_L_1	</identifier>
				<transform>
					<row0>	0.9413 -0.3046 0.1455 0.0000	</row0>
					<row1>	0.3077 0.9515 0.0012 0.0000	</row1>
					<row2>	-0.1388 0.0437 0.9894 0.0000	</row2>
					<row3>	0.2809 0.2899 7.0671 1.0000	</row3>
				</transform>
			</node>
			<node>
				<identifier>	SP_YMS010_YHWM_L_1	</identifier>
				<transform>
					<row0>	0.8236 0.0000 0.0000 0.0000	</row0>
					<row1>	0.0000 0.8236 0.0000 0.0000	</row1>
					<row2>	0.0000 0.0000 0.8236 0.0000	</row2>
					<row3>	0.0000 0.0000 8.3043 1.0000	</row3>
				</transform>
			</node>
			<node>
				<identifier>	SP_YMS011_YHWL_M_1_INDEX_10	</identifier>
				<transform>
					<row0>	0.9752 0.1894 -0.1147 0.0000	</row0>
					<row1>	-0.1890 0.9819 0.0151 0.0000	</row1>
					<row2>	0.1155 0.0069 0.9933 0.0000	</row2>
					<row3>	-0.6032 0.0000 4.3432 1.0000	</row3>
				</transform>
			</node>
			<node>
				<identifier>	SP_YMS011_YHWL_M_1_INDEX_11	</identifier>
				<transform>
					<row0>	0.9689 0.1988 -0.1475 0.0000	</row0>
					<row1>	-0.1981 0.9800 0.0192 0.0000	</row1>
					<row2>	0.1483 0.0106 0.9889 0.0000	</row2>
					<row3>	-0.4896 0.0000 5.1870 1.0000	</row3>
				</transform>
			</node>
			<node>
				<identifier>	SP_YMS011_YHWL_M_1_INDEX_13	</identifier>
				<transform>
					<row0>	0.9659 0.2051 -0.1581 0.0000	</row0>
					<row1>	-0.2031 0.9787 0.0292 0.0000	</row1>
					<row2>	0.1607 0.0039 0.9870 0.0000	</row2>
					<row3>	-0.2248 0.0000 6.8631 1.0000	</row3>
				</transform>
			</node>
			<node>
				<identifier>	SP_YMS011_YHWL_M_1_INDEX_5	</identifier>
				<transform>
					<row0>	0.9675 0.2008 -0.1539 0.0000	</row0>
					<row1>	-0.1983 0.9796 0.0316 0.0000	</row1>
					<row2>	0.1571 0.0000 0.9876 0.0000	</row2>
					<row3>	-0.3599 0.0000 6.0220 1.0000	</row3>
				</transform>
			</node>
			<node>
				<identifier>	SP_YMS012_YHWR_M_1_INDEX_11	</identifier>
				<transform>
					<row0>	0.9752 -0.1894 0.1147 0.0000	</row0>
					<row1>	0.1890 0.9819 0.0151 0.0000	</row1>
					<row2>	-0.1155 0.0069 0.9933 0.0000	</row2>
					<row3>	0.6032 0.0000 4.3432 1.0000	</row3>
				</transform>
			</node>
			<node>
				<identifier>	SP_YMS012_YHWR_M_1_INDEX_12	</identifier>
				<transform>
					<row0>	0.9659 -0.2051 0.1581 0.0000	</row0>
					<row1>	0.2031 0.9787 0.0292 0.0000	</row1>
					<row2>	-0.1607 0.0039 0.9870 0.0000	</row2>
					<row3>	0.2248 0.0000 6.8631 1.0000	</row3>
				</transform>
			</node>
			<node>
				<identifier>	SP_YMS012_YHWR_M_1_INDEX_3	</identifier>
				<transform>
					<row0>	0.9689 -0.1988 0.1475 0.0000	</row0>
					<row1>	0.1981 0.9800 0.0192 0.0000	</row1>
					<row2>	-0.1483 0.0106 0.9889 0.0000	</row2>
					<row3>	0.4896 0.0000 5.1870 1.0000	</row3>
				</transform>
			</node>
			<node>
				<identifier>	SP_YMS012_YHWR_M_1_INDEX_9	</identifier>
				<transform>
					<row0>	0.9675 -0.2008 0.1539 0.0000	</row0>
					<row1>	0.1983 0.9796 0.0316 0.0000	</row1>
					<row2>	-0.1571 0.0000 0.9876 0.0000	</row2>
					<row3>	0.3599 0.0000 6.0220 1.0000	</row3>
				</transform>
			</node>
			<node>
				<identifier>	SP_YMS020_YHBU_M_1	</identifier>
				<transform>
					<row0>	1.0000 0.0000 0.0000 0.0000	</row0>
					<row1>	0.0000 1.0000 0.0000 0.0000	</row1>
					<row2>	0.0000 0.0000 1.0000 0.0000	</row2>
					<row3>	0.0000 -0.1055 8.0818 1.0000	</row3>
				</transform>
			</node>
			<node>
				<identifier>	SP_YMS022_YHUS_L_1	</identifier>
				<transform>
					<row0>	-0.1545 -0.0066 -1.4145 0.0000	</row0>
					<row1>	-0.8793 1.1150 0.0908 0.0000	</row1>
					<row2>	1.1080 0.8839 -0.1251 0.0000	</row2>
					<row3>	-0.2906 -0.3919 4.3374 1.0000	</row3>
				</transform>
			</node>
			<node>
				<identifier>	SP_YMS022_YHUS_L_1_INDEX_1	</identifier>
				<transform>
					<row0>	-0.1545 0.0066 1.4145 0.0000	</row0>
					<row1>	0.8793 1.1150 0.0908 0.0000	</row1>
					<row2>	-1.1080 0.8839 -0.1251 0.0000	</row2>
					<row3>	0.2906 -0.3919 4.3374 1.0000	</row3>
				</transform>
			</node>
			<node>
				<identifier>	SP_YMS053_YHDC_S_1	</identifier>
				<transform>
					<row0>	1.0000 0.0000 0.0000 0.0000	</row0>
					<row1>	0.0000 1.0000 0.0000 0.0000	</row1>
					<row2>	0.0000 0.0000 1.0000 0.0000	</row2>
					<row3>	0.0000 0.5313 7.8860 1.0000	</row3>
				</transform>
			</node>
			<node>
				<identifier>	SP_YMS053_YHDC_S_1_INDEX_1	</identifier>
				<transform>
					<row0>	0.0000 0.0000 -1.0000 0.0000	</row0>
					<row1>	0.0000 1.0000 0.0000 0.0000	</row1>
					<row2>	1.0000 0.0000 0.0000 0.0000	</row2>
					<row3>	-0.1177 0.4862 6.3347 1.0000	</row3>
				</transform>
			</node>
			<node>
				<identifier>	SP_YMS080_YHSL_M_1	</identifier>
				<transform>
					<row0>	0.9480 0.2846 -0.1423 0.0000	</row0>
					<row1>	-0.2867 0.9580 0.0053 0.0000	</row1>
					<row2>	0.1379 0.0358 0.9898 0.0000	</row2>
					<row3>	-0.3806 0.2490 6.3352 1.0000	</row3>
				</transform>
			</node>
			<node>
				<identifier>	SP_YMS081_YHSR_M_1	</identifier>
				<transform>
					<row0>	0.9480 -0.2846 0.1423 0.0000	</row0>
					<row1>	0.2867 0.9580 0.0053 0.0000	</row1>
					<row2>	-0.1379 0.0358 0.9898 0.0000	</row2>
					<row3>	0.3806 0.2490 6.3352 1.0000	</row3>
				</transform>
			</node>
			<node>
				<identifier>	SP_YMS085_YHSC_S_1	</identifier>
				<transform>
					<row0>	-0.0846 0.0000 -0.7955 0.0000	</row0>
					<row1>	-0.0559 0.7980 0.0059 0.0000	</row1>
					<row2>	0.7935 0.0562 -0.0844 0.0000	</row2>
					<row3>	-0.5807 0.4280 5.0097 1.0000	</row3>
				</transform>
			</node>
			<node>
				<identifier>	SP_YMS085_YHSC_S_1_INDEX_1	</identifier>
				<transform>
					<row0>	-0.0846 0.0000 0.7955 0.0000	</row0>
					<row1>	0.0559 0.7980 0.0059 0.0000	</row1>
					<row2>	-0.7935 0.0562 -0.0844 0.0000	</row2>
					<row3>	0.5807 0.4280 5.0097 1.0000	</row3>
				</transform>
			</node>
			<node>
				<identifier>	SP_YMS096_YHZC_S_1	</identifier>
				<transform>
					<row0>	-0.0957 -0.0197 -0.8052 0.0000	</row0>
					<row1>	0.0009 0.8109 -0.0199 0.0000	</row1>
					<row2>	0.8055 -0.0033 -0.0957 0.0000	</row2>
					<row3>	-0.4303 0.5411 6.2436 1.0000	</row3>
				</transform>
			</node>
			<node>
				<identifier>	SP_YMS096_YHZC_S_1_INDEX_1	</identifier>
				<transform>
					<row0>	-0.0957 0.0197 0.8052 0.0000	</row0>
					<row1>	-0.0009 0.8109 -0.0199 0.0000	</row1>
					<row2>	-0.8055 -0.0033 -0.0957 0.0000	</row2>
					<row3>	0.4299 0.5412 6.2471 1.0000	</row3>
				</transform>
			</node>
		</node>
	</node>
	<boundingBox>
		<min>	-0.0667 -0.0667 -0.0667	</min>
		<max>	0.0667 0.0667 0.0667	</max>
	</boundingBox>
</ISC031_Piemonte_1964_Bow_ports.visual>
