<ISC031_Piemonte_1964_Stern_ports.visual>
	<node>
		<identifier>	Scene Root	</identifier>
		<transform>
			<row0>	1.0000 0.0000 0.0000 0.0000	</row0>
			<row1>	0.0000 1.0000 0.0000 0.0000	</row1>
			<row2>	0.0000 0.0000 1.0000 0.0000	</row2>
			<row3>	0.0000 0.0000 0.0000 1.0000	</row3>
		</transform>
		<node>
			<identifier>	Stern_ports	</identifier>
			<transform>
				<row0>	1.0000 0.0000 0.0000 0.0000	</row0>
				<row1>	0.0000 1.0000 0.0000 0.0000	</row1>
				<row2>	0.0000 0.0000 1.0000 0.0000	</row2>
				<row3>	0.0000 0.0000 0.0000 1.0000	</row3>
			</transform>
			<node>
				<identifier>	HP_FX_Fire_4	</identifier>
				<transform>
					<row0>	1.0000 0.0000 0.0000 0.0000	</row0>
					<row1>	0.0000 1.0000 0.0000 0.0000	</row1>
					<row2>	0.0000 0.0000 1.0000 0.0000	</row2>
					<row3>	0.0000 0.3222 -6.5012 1.0000	</row3>
				</transform>
			</node>
			<node>
				<identifier>	HP_FX_Flood_water_left_1	</identifier>
				<transform>
					<row0>	-0.9981 0.0000 -0.0623 0.0000	</row0>
					<row1>	0.0000 1.0000 0.0000 0.0000	</row1>
					<row2>	0.0623 0.0000 -0.9981 0.0000	</row2>
					<row3>	-0.7438 0.0223 -4.8659 1.0000	</row3>
				</transform>
			</node>
			<node>
				<identifier>	HP_FX_Flood_water_right_1	</identifier>
				<transform>
					<row0>	0.9964 0.0000 -0.0844 0.0000	</row0>
					<row1>	0.0000 1.0000 0.0000 0.0000	</row1>
					<row2>	0.0844 0.0000 0.9964 0.0000	</row2>
					<row3>	0.7431 0.0229 -4.8655 1.0000	</row3>
				</transform>
			</node>
			<node>
				<identifier>	HP_FX_RepairLight_right_2	</identifier>
				<transform>
					<row0>	-0.0545 0.0000 -0.9986 0.0000	</row0>
					<row1>	-0.0002 1.0000 0.0000 0.0000	</row1>
					<row2>	0.9986 0.0002 -0.0545 0.0000	</row2>
					<row3>	0.7659 0.2915 -4.7996 1.0000	</row3>
				</transform>
			</node>
			<node>
				<identifier>	HP_FX_WakeTraceBack	</identifier>
				<transform>
					<row0>	1.0000 0.0000 0.0000 0.0000	</row0>
					<row1>	0.0000 1.0000 0.0000 0.0000	</row1>
					<row2>	0.0000 0.0000 1.0000 0.0000	</row2>
					<row3>	0.0000 0.0000 -8.2728 1.0000	</row3>
				</transform>
			</node>
			<node>
				<identifier>	HP_FX_WakeTrace_screw_1	</identifier>
				<transform>
					<row0>	1.0000 0.0000 0.0000 0.0000	</row0>
					<row1>	0.0000 1.0000 0.0000 0.0000	</row1>
					<row2>	0.0000 0.0000 1.0000 0.0000	</row2>
					<row3>	-0.5473 -0.4114 -6.2602 1.0000	</row3>
				</transform>
			</node>
			<node>
				<identifier>	HP_FX_WakeTrace_screw_2	</identifier>
				<transform>
					<row0>	1.0000 0.0000 0.0000 0.0000	</row0>
					<row1>	0.0000 1.0000 0.0000 0.0000	</row1>
					<row2>	0.0000 0.0000 1.0000 0.0000	</row2>
					<row3>	-0.2040 -0.3860 -7.1129 1.0000	</row3>
				</transform>
			</node>
			<node>
				<identifier>	HP_FX_WakeTrace_screw_3	</identifier>
				<transform>
					<row0>	1.0000 0.0000 0.0000 0.0000	</row0>
					<row1>	0.0000 1.0000 0.0000 0.0000	</row1>
					<row2>	0.0000 0.0000 1.0000 0.0000	</row2>
					<row3>	0.2040 -0.3860 -7.1129 1.0000	</row3>
				</transform>
			</node>
			<node>
				<identifier>	HP_FX_WakeTrace_screw_4	</identifier>
				<transform>
					<row0>	1.0000 0.0000 0.0000 0.0000	</row0>
					<row1>	0.0000 1.0000 0.0000 0.0000	</row1>
					<row2>	0.0000 0.0000 1.0000 0.0000	</row2>
					<row3>	0.5473 -0.4114 -6.2602 1.0000	</row3>
				</transform>
			</node>
			<node>
				<identifier>	HP_IGM_4	</identifier>
				<transform>
					<row0>	-1.0000 0.0000 0.0000 0.0000	</row0>
					<row1>	0.0000 1.0000 0.0000 0.0000	</row1>
					<row2>	0.0000 0.0000 -1.0000 0.0000	</row2>
					<row3>	0.0000 0.3761 -5.1004 1.0000	</row3>
				</transform>
			</node>
			<node>
				<identifier>	HP_Ship_death_3	</identifier>
				<transform>
					<row0>	1.0000 0.0000 0.0000 0.0000	</row0>
					<row1>	0.0000 1.0000 0.0000 0.0000	</row1>
					<row2>	0.0000 0.0000 1.0000 0.0000	</row2>
					<row3>	0.0000 0.0000 -4.5491 1.0000	</row3>
				</transform>
			</node>
			<node>
				<identifier>	MP_CM161_Propeller_4_8m_BB_R	</identifier>
				<transform>
					<row0>	1.0864 0.0000 0.0000 0.0000	</row0>
					<row1>	0.0000 1.0860 -0.0285 0.0000	</row1>
					<row2>	0.0000 0.0285 1.0860 0.0000	</row2>
					<row3>	0.2040 -0.3860 -7.1129 1.0000	</row3>
				</transform>
			</node>
			<node>
				<identifier>	MP_CM161_Propeller_4_8m_BB_R_INDEX_1	</identifier>
				<transform>
					<row0>	1.0859 0.0008 0.0335 0.0000	</row0>
					<row1>	0.0000 1.0861 -0.0256 0.0000	</row1>
					<row2>	-0.0335 0.0256 1.0856 0.0000	</row2>
					<row3>	0.5473 -0.4114 -6.2602 1.0000	</row3>
				</transform>
			</node>
			<node>
				<identifier>	MP_CM162_Propeller_4_8m_BB_L	</identifier>
				<transform>
					<row0>	1.0864 0.0000 0.0000 0.0000	</row0>
					<row1>	0.0000 1.0860 -0.0285 0.0000	</row1>
					<row2>	0.0000 0.0285 1.0860 0.0000	</row2>
					<row3>	-0.2040 -0.3860 -7.1129 1.0000	</row3>
				</transform>
			</node>
			<node>
				<identifier>	MP_CM162_Propeller_4_8m_BB_L_INDEX_1	</identifier>
				<transform>
					<row0>	1.0859 -0.0008 -0.0335 0.0000	</row0>
					<row1>	0.0000 1.0861 -0.0256 0.0000	</row1>
					<row2>	0.0335 0.0256 1.0856 0.0000	</row2>
					<row3>	-0.5473 -0.4114 -6.2602 1.0000	</row3>
				</transform>
			</node>
			<node>
				<identifier>	MP_IM005_Life_Buoy	</identifier>
				<transform>
					<row0>	-0.1401 -0.0225 0.9899 0.0000	</row0>
					<row1>	-0.1584 0.9874 0.0000 0.0000	</row1>
					<row2>	-0.9774 -0.1568 -0.1419 0.0000	</row2>
					<row3>	-0.5352 0.1806 -7.0626 1.0000	</row3>
				</transform>
			</node>
			<node>
				<identifier>	MP_IM005_Life_Buoy_INDEX_1	</identifier>
				<transform>
					<row0>	-0.0980 -0.0198 0.9950 0.0000	</row0>
					<row1>	-0.1323 0.9912 0.0067 0.0000	</row1>
					<row2>	-0.9864 -0.1310 -0.0998 0.0000	</row2>
					<row3>	-0.6162 0.1799 -6.3668 1.0000	</row3>
				</transform>
			</node>
			<node>
				<identifier>	MP_IM005_Life_Buoy_INDEX_2	</identifier>
				<transform>
					<row0>	-0.1401 0.0225 -0.9899 0.0000	</row0>
					<row1>	0.1584 0.9874 0.0000 0.0000	</row1>
					<row2>	0.9774 -0.1568 -0.1419 0.0000	</row2>
					<row3>	0.5352 0.1806 -7.0626 1.0000	</row3>
				</transform>
			</node>
			<node>
				<identifier>	MP_IM005_Life_Buoy_INDEX_3	</identifier>
				<transform>
					<row0>	-0.0980 0.0198 -0.9950 0.0000	</row0>
					<row1>	0.1323 0.9912 0.0067 0.0000	</row1>
					<row2>	0.9864 -0.1310 -0.0998 0.0000	</row2>
					<row3>	0.6162 0.1799 -6.3668 1.0000	</row3>
				</transform>
			</node>
			<node>
				<identifier>	MP_IM026_Reels	</identifier>
				<transform>
					<row0>	0.7073 0.0000 -0.7069 0.0000	</row0>
					<row1>	0.0000 1.0000 0.0000 0.0000	</row1>
					<row2>	0.7069 0.0000 0.7073 0.0000	</row2>
					<row3>	-0.3595 0.2924 -5.4167 1.0000	</row3>
				</transform>
			</node>
			<node>
				<identifier>	MP_IM026_Reels_INDEX_1	</identifier>
				<transform>
					<row0>	0.7073 0.0000 0.7069 0.0000	</row0>
					<row1>	0.0000 1.0000 0.0000 0.0000	</row1>
					<row2>	-0.7069 0.0000 0.7073 0.0000	</row2>
					<row3>	0.3595 0.2924 -5.4167 1.0000	</row3>
				</transform>
			</node>
			<node>
				<identifier>	MP_IM031_Fire_Fighting	</identifier>
				<transform>
					<row0>	1.0000 0.0000 0.0000 0.0000	</row0>
					<row1>	0.0000 1.0000 0.0000 0.0000	</row1>
					<row2>	0.0000 0.0000 1.0000 0.0000	</row2>
					<row3>	0.0738 0.3062 -7.5632 1.0000	</row3>
				</transform>
			</node>
			<node>
				<identifier>	MP_IM031_Fire_Fighting_INDEX_1	</identifier>
				<transform>
					<row0>	0.0000 0.0000 -1.0000 0.0000	</row0>
					<row1>	0.0000 1.0000 0.0000 0.0000	</row1>
					<row2>	1.0000 0.0000 0.0000 0.0000	</row2>
					<row3>	-0.0735 0.2984 -6.2194 1.0000	</row3>
				</transform>
			</node>
			<node>
				<identifier>	MP_IM031_Fire_Fighting_INDEX_2	</identifier>
				<transform>
					<row0>	-1.0000 0.0000 0.0000 0.0000	</row0>
					<row1>	0.0000 1.0000 0.0000 0.0000	</row1>
					<row2>	0.0000 0.0000 -1.0000 0.0000	</row2>
					<row3>	0.0161 0.2984 -5.4410 1.0000	</row3>
				</transform>
			</node>
			<node>
				<identifier>	MP_IM031_Fire_Fighting_INDEX_3	</identifier>
				<transform>
					<row0>	0.0000 0.0000 -1.0000 0.0000	</row0>
					<row1>	0.0000 1.0000 0.0000 0.0000	</row1>
					<row2>	1.0000 0.0000 0.0000 0.0000	</row2>
					<row3>	0.0738 0.2984 -6.2604 1.0000	</row3>
				</transform>
			</node>
			<node>
				<identifier>	MP_IM032_Fire_Hose	</identifier>
				<transform>
					<row0>	0.0000 0.0000 -1.0000 0.0000	</row0>
					<row1>	0.0000 1.0000 0.0000 0.0000	</row1>
					<row2>	1.0000 0.0000 0.0000 0.0000	</row2>
					<row3>	0.0646 0.3171 -5.7336 1.0000	</row3>
				</transform>
			</node>
			<node>
				<identifier>	MP_IM032_Fire_Hose_INDEX_1	</identifier>
				<transform>
					<row0>	0.0000 0.0000 1.0000 0.0000	</row0>
					<row1>	0.0000 1.0000 0.0000 0.0000	</row1>
					<row2>	-1.0000 0.0000 0.0000 0.0000	</row2>
					<row3>	-0.0650 0.3171 -5.7336 1.0000	</row3>
				</transform>
			</node>
			<node>
				<identifier>	MP_IM032_Fire_Hose_INDEX_2	</identifier>
				<transform>
					<row0>	0.0000 0.0000 1.0000 0.0000	</row0>
					<row1>	0.0000 1.0000 0.0000 0.0000	</row1>
					<row2>	-1.0000 0.0000 0.0000 0.0000	</row2>
					<row3>	0.0096 0.3252 -7.6332 1.0000	</row3>
				</transform>
			</node>
			<node>
				<identifier>	MP_IM032_Fire_Hose_INDEX_3	</identifier>
				<transform>
					<row0>	-0.9953 0.0000 0.0972 0.0000	</row0>
					<row1>	0.0000 1.0000 0.0000 0.0000	</row1>
					<row2>	-0.0972 0.0000 -0.9953 0.0000	</row2>
					<row3>	-0.0315 0.3435 -5.4236 1.0000	</row3>
				</transform>
			</node>
			<node>
				<identifier>	MP_IM033_Life_Buoy	</identifier>
				<transform>
					<row0>	0.2898 0.0000 -0.9571 0.0000	</row0>
					<row1>	0.0000 1.0000 0.0000 0.0000	</row1>
					<row2>	0.9571 0.0000 0.2898 0.0000	</row2>
					<row3>	-0.3094 0.3630 -5.1938 1.0000	</row3>
				</transform>
			</node>
			<node>
				<identifier>	MP_IM033_Life_Buoy_INDEX_1	</identifier>
				<transform>
					<row0>	0.2898 0.0000 0.9571 0.0000	</row0>
					<row1>	0.0000 1.0000 0.0000 0.0000	</row1>
					<row2>	-0.9571 0.0000 0.2898 0.0000	</row2>
					<row3>	0.3094 0.3630 -5.1938 1.0000	</row3>
				</transform>
			</node>
			<node>
				<identifier>	MP_IM506_Boat_8_6m	</identifier>
				<transform>
					<row0>	0.9976 0.0000 0.0698 0.0000	</row0>
					<row1>	0.0000 1.0000 0.0000 0.0000	</row1>
					<row2>	-0.0698 0.0000 0.9976 0.0000	</row2>
					<row3>	-0.6046 0.2939 -5.7092 1.0000	</row3>
				</transform>
			</node>
			<node>
				<identifier>	MP_IM506_Boat_8_6m_INDEX_1	</identifier>
				<transform>
					<row0>	0.9976 0.0000 -0.0698 0.0000	</row0>
					<row1>	0.0000 1.0000 0.0000 0.0000	</row1>
					<row2>	0.0698 0.0000 0.9976 0.0000	</row2>
					<row3>	0.6046 0.2939 -5.7092 1.0000	</row3>
				</transform>
			</node>
			<node>
				<identifier>	MP_IM514_Life_Boat_3_5m_monte	</identifier>
				<transform>
					<row0>	0.9954 0.0198 0.0939 0.0000	</row0>
					<row1>	-0.0200 0.9998 0.0016 0.0000	</row1>
					<row2>	-0.0938 -0.0035 0.9956 0.0000	</row2>
					<row3>	-0.5368 0.2901 -6.3658 1.0000	</row3>
				</transform>
			</node>
			<node>
				<identifier>	MP_IM514_Life_Boat_3_5m_monte_INDEX_1	</identifier>
				<transform>
					<row0>	0.9954 -0.0198 -0.0939 0.0000	</row0>
					<row1>	0.0200 0.9998 0.0016 0.0000	</row1>
					<row2>	0.0938 -0.0035 0.9956 0.0000	</row2>
					<row3>	0.5368 0.2898 -6.3658 1.0000	</row3>
				</transform>
			</node>
			<node>
				<identifier>	MP_IM514_Life_Boat_3_5m_monte_INDEX_2	</identifier>
				<transform>
					<row0>	0.9954 -0.0198 -0.0939 0.0000	</row0>
					<row1>	0.0200 0.9998 0.0016 0.0000	</row1>
					<row2>	0.0938 -0.0035 0.9956 0.0000	</row2>
					<row3>	0.5376 0.3298 -6.3657 1.0000	</row3>
				</transform>
			</node>
			<node>
				<identifier>	MP_IM514_Life_Boat_3_5m_monte_INDEX_3	</identifier>
				<transform>
					<row0>	0.9954 0.0198 0.0939 0.0000	</row0>
					<row1>	-0.0200 0.9998 0.0016 0.0000	</row1>
					<row2>	-0.0938 -0.0035 0.9956 0.0000	</row2>
					<row3>	-0.5376 0.3298 -6.3657 1.0000	</row3>
				</transform>
			</node>
			<node>
				<identifier>	MP_IM800_Ventilation	</identifier>
				<transform>
					<row0>	1.0000 0.0000 0.0000 0.0000	</row0>
					<row1>	0.0000 1.0000 0.0000 0.0000	</row1>
					<row2>	0.0000 0.0000 1.0000 0.0000	</row2>
					<row3>	0.3471 0.2928 -5.0133 1.0000	</row3>
				</transform>
			</node>
			<node>
				<identifier>	MP_IM800_Ventilation_INDEX_1	</identifier>
				<transform>
					<row0>	1.0000 0.0000 0.0000 0.0000	</row0>
					<row1>	0.0000 1.0000 0.0000 0.0000	</row1>
					<row2>	0.0000 0.0000 1.0000 0.0000	</row2>
					<row3>	0.2899 0.2936 -5.3098 1.0000	</row3>
				</transform>
			</node>
			<node>
				<identifier>	MP_IM800_Ventilation_INDEX_10	</identifier>
				<transform>
					<row0>	1.0000 0.0000 0.0000 0.0000	</row0>
					<row1>	0.0000 1.0000 0.0000 0.0000	</row1>
					<row2>	0.0000 0.0000 1.0000 0.0000	</row2>
					<row3>	0.1543 0.3093 -8.0325 1.0000	</row3>
				</transform>
			</node>
			<node>
				<identifier>	MP_IM800_Ventilation_INDEX_11	</identifier>
				<transform>
					<row0>	1.0000 0.0000 0.0000 0.0000	</row0>
					<row1>	0.0000 1.0000 0.0000 0.0000	</row1>
					<row2>	0.0000 0.0000 1.0000 0.0000	</row2>
					<row3>	-0.1124 0.3048 -7.2934 1.0000	</row3>
				</transform>
			</node>
			<node>
				<identifier>	MP_IM800_Ventilation_INDEX_12	</identifier>
				<transform>
					<row0>	1.0000 0.0000 0.0000 0.0000	</row0>
					<row1>	0.0000 1.0000 0.0000 0.0000	</row1>
					<row2>	0.0000 0.0000 1.0000 0.0000	</row2>
					<row3>	-0.1069 0.2988 -6.5149 1.0000	</row3>
				</transform>
			</node>
			<node>
				<identifier>	MP_IM800_Ventilation_INDEX_13	</identifier>
				<transform>
					<row0>	1.0000 0.0000 0.0000 0.0000	</row0>
					<row1>	0.0000 1.0000 0.0000 0.0000	</row1>
					<row2>	0.0000 0.0000 1.0000 0.0000	</row2>
					<row3>	-0.1120 0.2966 -5.4392 1.0000	</row3>
				</transform>
			</node>
			<node>
				<identifier>	MP_IM800_Ventilation_INDEX_14	</identifier>
				<transform>
					<row0>	1.0000 0.0000 0.0000 0.0000	</row0>
					<row1>	0.0000 1.0000 0.0000 0.0000	</row1>
					<row2>	0.0000 0.0000 1.0000 0.0000	</row2>
					<row3>	-0.2028 0.2947 -4.8077 1.0000	</row3>
				</transform>
			</node>
			<node>
				<identifier>	MP_IM800_Ventilation_INDEX_15	</identifier>
				<transform>
					<row0>	1.0000 0.0000 0.0000 0.0000	</row0>
					<row1>	0.0000 1.0000 0.0000 0.0000	</row1>
					<row2>	0.0000 0.0000 1.0000 0.0000	</row2>
					<row3>	0.1110 0.2987 -6.4706 1.0000	</row3>
				</transform>
			</node>
			<node>
				<identifier>	MP_IM800_Ventilation_INDEX_16	</identifier>
				<transform>
					<row0>	1.0000 0.0000 0.0000 0.0000	</row0>
					<row1>	0.0000 1.0000 0.0000 0.0000	</row1>
					<row2>	0.0000 0.0000 1.0000 0.0000	</row2>
					<row3>	-0.3209 0.2933 -4.9467 1.0000	</row3>
				</transform>
			</node>
			<node>
				<identifier>	MP_IM800_Ventilation_INDEX_2	</identifier>
				<transform>
					<row0>	1.0000 0.0000 0.0000 0.0000	</row0>
					<row1>	0.0000 1.0000 0.0000 0.0000	</row1>
					<row2>	0.0000 0.0000 1.0000 0.0000	</row2>
					<row3>	0.4240 0.2920 -6.4531 1.0000	</row3>
				</transform>
			</node>
			<node>
				<identifier>	MP_IM800_Ventilation_INDEX_3	</identifier>
				<transform>
					<row0>	1.0000 0.0000 0.0000 0.0000	</row0>
					<row1>	0.0000 1.0000 0.0000 0.0000	</row1>
					<row2>	0.0000 0.0000 1.0000 0.0000	</row2>
					<row3>	-0.4248 0.2919 -6.4529 1.0000	</row3>
				</transform>
			</node>
			<node>
				<identifier>	MP_IM800_Ventilation_INDEX_4	</identifier>
				<transform>
					<row0>	1.0000 0.0000 0.0000 0.0000	</row0>
					<row1>	0.0000 1.0000 0.0000 0.0000	</row1>
					<row2>	0.0000 0.0000 1.0000 0.0000	</row2>
					<row3>	0.2065 0.2947 -5.3931 1.0000	</row3>
				</transform>
			</node>
			<node>
				<identifier>	MP_IM800_Ventilation_INDEX_5	</identifier>
				<transform>
					<row0>	1.0000 0.0000 0.0000 0.0000	</row0>
					<row1>	0.0000 1.0000 0.0000 0.0000	</row1>
					<row2>	0.0000 0.0000 1.0000 0.0000	</row2>
					<row3>	0.1124 0.3048 -7.2934 1.0000	</row3>
				</transform>
			</node>
			<node>
				<identifier>	MP_IM800_Ventilation_INDEX_6	</identifier>
				<transform>
					<row0>	1.0000 0.0000 0.0000 0.0000	</row0>
					<row1>	0.0000 1.0000 0.0000 0.0000	</row1>
					<row2>	0.0000 0.0000 1.0000 0.0000	</row2>
					<row3>	-0.3451 0.2926 -5.1896 1.0000	</row3>
				</transform>
			</node>
			<node>
				<identifier>	MP_IM800_Ventilation_INDEX_7	</identifier>
				<transform>
					<row0>	1.0000 0.0000 0.0000 0.0000	</row0>
					<row1>	0.0000 1.0000 0.0000 0.0000	</row1>
					<row2>	0.0000 0.0000 1.0000 0.0000	</row2>
					<row3>	-0.1084 0.2969 -4.7592 1.0000	</row3>
				</transform>
			</node>
			<node>
				<identifier>	MP_IM800_Ventilation_INDEX_8	</identifier>
				<transform>
					<row0>	1.0000 0.0000 0.0000 0.0000	</row0>
					<row1>	0.0000 1.0000 0.0000 0.0000	</row1>
					<row2>	0.0000 0.0000 1.0000 0.0000	</row2>
					<row3>	0.2064 0.2956 -4.8077 1.0000	</row3>
				</transform>
			</node>
			<node>
				<identifier>	MP_IM800_Ventilation_INDEX_9	</identifier>
				<transform>
					<row0>	1.0000 0.0000 0.0000 0.0000	</row0>
					<row1>	0.0000 1.0000 0.0000 0.0000	</row1>
					<row2>	0.0000 0.0000 1.0000 0.0000	</row2>
					<row3>	-0.1547 0.3079 -7.9267 1.0000	</row3>
				</transform>
			</node>
			<node>
				<identifier>	SP_YMS011_YHWL_M_1_INDEX_12	</identifier>
				<transform>
					<row0>	0.9928 0.0885 0.0813 0.0000	</row0>
					<row1>	-0.0881 0.9961 -0.0084 0.0000	</row1>
					<row2>	-0.0817 0.0011 0.9967 0.0000	</row2>
					<row3>	-0.7418 0.0000 -5.0055 1.0000	</row3>
				</transform>
			</node>
			<node>
				<identifier>	SP_YMS011_YHWL_M_1_INDEX_8	</identifier>
				<transform>
					<row0>	0.7609 0.0899 0.0763 0.0000	</row0>
					<row1>	-0.0895 0.7647 -0.0076 0.0000	</row1>
					<row2>	-0.0767 -0.0013 0.7662 0.0000	</row2>
					<row3>	-0.6695 0.0000 -5.7570 1.0000	</row3>
				</transform>
			</node>
			<node>
				<identifier>	SP_YMS012_YHWR_M_1_INDEX_10	</identifier>
				<transform>
					<row0>	0.9755 -0.1675 -0.1424 0.0000	</row0>
					<row1>	0.1673 0.9858 -0.0135 0.0000	</row1>
					<row2>	0.1426 -0.0107 0.9897 0.0000	</row2>
					<row3>	0.5314 0.0000 -6.9373 1.0000	</row3>
				</transform>
			</node>
			<node>
				<identifier>	SP_YMS012_YHWR_M_1_INDEX_16	</identifier>
				<transform>
					<row0>	0.9392 -0.2516 -0.2338 0.0000	</row0>
					<row1>	0.2468 0.9678 -0.0501 0.0000	</row1>
					<row2>	0.2389 -0.0107 0.9710 0.0000	</row2>
					<row3>	0.3539 0.0127 -7.7347 1.0000	</row3>
				</transform>
			</node>
			<node>
				<identifier>	SP_YMS012_YHWR_M_1_INDEX_17	</identifier>
				<transform>
					<row0>	-0.9392 -0.2516 -0.2338 0.0000	</row0>
					<row1>	0.2468 -0.9678 0.0501 0.0000	</row1>
					<row2>	-0.2389 -0.0107 0.9710 0.0000	</row2>
					<row3>	-0.3539 0.0127 -7.7347 1.0000	</row3>
				</transform>
			</node>
			<node>
				<identifier>	SP_YMS012_YHWR_M_1_INDEX_18	</identifier>
				<transform>
					<row0>	-0.9755 -0.1675 -0.1424 0.0000	</row0>
					<row1>	0.1673 -0.9858 0.0135 0.0000	</row1>
					<row2>	-0.1426 -0.0107 0.9897 0.0000	</row2>
					<row3>	-0.5314 0.0000 -6.9373 1.0000	</row3>
				</transform>
			</node>
			<node>
				<identifier>	SP_YMS012_YHWR_M_1_INDEX_4	</identifier>
				<transform>
					<row0>	0.7609 -0.0899 -0.0763 0.0000	</row0>
					<row1>	0.0895 0.7647 -0.0076 0.0000	</row1>
					<row2>	0.0767 -0.0013 0.7662 0.0000	</row2>
					<row3>	0.6695 0.0000 -5.7570 1.0000	</row3>
				</transform>
			</node>
			<node>
				<identifier>	SP_YMS012_YHWR_M_1_INDEX_6	</identifier>
				<transform>
					<row0>	0.9928 -0.0885 -0.0813 0.0000	</row0>
					<row1>	0.0881 0.9961 -0.0084 0.0000	</row1>
					<row2>	0.0817 0.0011 0.9967 0.0000	</row2>
					<row3>	0.7418 0.0000 -5.0055 1.0000	</row3>
				</transform>
			</node>
			<node>
				<identifier>	SP_YMS023_YHUC_L_1	</identifier>
				<transform>
					<row0>	0.8619 -0.0007 -0.0266 0.0000	</row0>
					<row1>	0.0000 0.8620 -0.0203 0.0000	</row1>
					<row2>	0.0266 0.0203 0.8616 0.0000	</row2>
					<row3>	-0.5473 -0.4114 -6.2602 1.0000	</row3>
				</transform>
			</node>
			<node>
				<identifier>	SP_YMS023_YHUC_L_1_INDEX_1	</identifier>
				<transform>
					<row0>	0.8619 0.0007 0.0266 0.0000	</row0>
					<row1>	0.0000 0.8620 -0.0203 0.0000	</row1>
					<row2>	-0.0266 0.0203 0.8616 0.0000	</row2>
					<row3>	0.5473 -0.4114 -6.2602 1.0000	</row3>
				</transform>
			</node>
			<node>
				<identifier>	SP_YMS023_YHUC_L_1_INDEX_2	</identifier>
				<transform>
					<row0>	0.7487 0.0000 0.0000 0.0000	</row0>
					<row1>	0.0000 0.7484 -0.0197 0.0000	</row1>
					<row2>	0.0000 0.0197 0.7484 0.0000	</row2>
					<row3>	-0.2040 -0.3860 -7.1129 1.0000	</row3>
				</transform>
			</node>
			<node>
				<identifier>	SP_YMS023_YHUC_L_1_INDEX_3	</identifier>
				<transform>
					<row0>	0.7487 0.0000 0.0000 0.0000	</row0>
					<row1>	0.0000 0.7484 -0.0197 0.0000	</row1>
					<row2>	0.0000 0.0197 0.7484 0.0000	</row2>
					<row3>	0.2040 -0.3860 -7.1129 1.0000	</row3>
				</transform>
			</node>
			<node>
				<identifier>	SP_YMS030_YHAM_M_1	</identifier>
				<transform>
					<row0>	0.6879 0.0000 0.0000 0.0000	</row0>
					<row1>	0.0000 0.6879 0.0000 0.0000	</row1>
					<row2>	0.0000 0.0000 0.6879 0.0000	</row2>
					<row3>	0.0000 0.1510 -8.3569 1.0000	</row3>
				</transform>
			</node>
			<node>
				<identifier>	SP_YMS031_YHAL_M_1	</identifier>
				<transform>
					<row0>	0.8880 0.0000 0.1467 0.0000	</row0>
					<row1>	0.0000 0.9000 0.0000 0.0000	</row1>
					<row2>	-0.1467 0.0000 0.8880 0.0000	</row2>
					<row3>	-0.5141 0.1846 -7.3185 1.0000	</row3>
				</transform>
			</node>
			<node>
				<identifier>	SP_YMS032_YHAR_M_1	</identifier>
				<transform>
					<row0>	0.9866 0.0000 -0.1630 0.0000	</row0>
					<row1>	0.0000 1.0000 0.0000 0.0000	</row1>
					<row2>	0.1630 0.0000 0.9866 0.0000	</row2>
					<row3>	0.5141 0.1846 -7.3722 1.0000	</row3>
				</transform>
			</node>
			<node>
				<identifier>	SP_YMS041_YHCS_M_1_INDEX_2	</identifier>
				<transform>
					<row0>	-0.7389 -0.0093 -0.0457 0.0000	</row0>
					<row1>	-0.0114 0.7394 0.0345 0.0000	</row1>
					<row2>	0.0452 0.0351 -0.7381 0.0000	</row2>
					<row3>	-0.6010 0.3418 -5.7321 1.0000	</row3>
				</transform>
			</node>
			<node>
				<identifier>	SP_YMS041_YHCS_M_1_INDEX_3	</identifier>
				<transform>
					<row0>	-0.7389 0.0093 0.0457 0.0000	</row0>
					<row1>	0.0114 0.7394 0.0345 0.0000	</row1>
					<row2>	-0.0452 0.0351 -0.7381 0.0000	</row2>
					<row3>	0.6010 0.3418 -5.7321 1.0000	</row3>
				</transform>
			</node>
			<node>
				<identifier>	SP_YMS051_YHDL_L_1	</identifier>
				<transform>
					<row0>	0.7678 0.0004 0.0579 0.0000	</row0>
					<row1>	0.0000 0.7700 -0.0044 0.0000	</row1>
					<row2>	-0.0579 0.0044 0.7678 0.0000	</row2>
					<row3>	-0.7354 0.2717 -5.0667 1.0000	</row3>
				</transform>
			</node>
			<node>
				<identifier>	SP_YMS052_YHDR_L_1	</identifier>
				<transform>
					<row0>	0.7678 -0.0004 -0.0579 0.0000	</row0>
					<row1>	0.0000 0.7700 -0.0044 0.0000	</row1>
					<row2>	0.0579 0.0044 0.7678 0.0000	</row2>
					<row3>	0.7354 0.2717 -5.0667 1.0000	</row3>
				</transform>
			</node>
			<node>
				<identifier>	SP_YMS053_YHDC_S_1_INDEX_4	</identifier>
				<transform>
					<row0>	-1.0000 0.0000 0.0000 0.0000	</row0>
					<row1>	0.0000 1.0000 0.0000 0.0000	</row1>
					<row2>	0.0000 0.0000 -1.0000 0.0000	</row2>
					<row3>	0.4114 0.3098 -6.8583 1.0000	</row3>
				</transform>
			</node>
			<node>
				<identifier>	SP_YMS053_YHDC_S_1_INDEX_5	</identifier>
				<transform>
					<row0>	-1.0000 0.0000 0.0000 0.0000	</row0>
					<row1>	0.0000 1.0000 0.0000 0.0000	</row1>
					<row2>	0.0000 0.0000 -1.0000 0.0000	</row2>
					<row3>	-0.4114 0.3098 -6.8583 1.0000	</row3>
				</transform>
			</node>
			<node>
				<identifier>	SP_YMS070_YHHC_L_1	</identifier>
				<transform>
					<row0>	0.6715 0.0000 0.0000 0.0000	</row0>
					<row1>	0.0000 0.6715 0.0000 0.0000	</row1>
					<row2>	0.0000 0.0000 0.6715 0.0000	</row2>
					<row3>	0.0000 0.3777 -6.9054 1.0000	</row3>
				</transform>
			</node>
		</node>
	</node>
	<boundingBox>
		<min>	-0.0667 -0.0667 -0.0667	</min>
		<max>	0.0667 0.0667 0.0667	</max>
	</boundingBox>
</ISC031_Piemonte_1964_Stern_ports.visual>
