<HSC009_Johan_de_Witt_1945_Stern_ports_dock.visual>
	<node>
		<identifier>	Scene Root	</identifier>
		<transform>
			<row0>	1.0000 0.0000 0.0000 0.0000	</row0>
			<row1>	0.0000 1.0000 0.0000 0.0000	</row1>
			<row2>	0.0000 0.0000 1.0000 0.0000	</row2>
			<row3>	0.0000 0.0000 0.0000 1.0000	</row3>
		</transform>
		<node>
			<identifier>	Stern_ports_dock	</identifier>
			<transform>
				<row0>	1.0000 0.0000 0.0000 0.0000	</row0>
				<row1>	0.0000 1.0000 0.0000 0.0000	</row1>
				<row2>	0.0000 0.0000 1.0000 0.0000	</row2>
				<row3>	0.0000 0.0000 0.0000 1.0000	</row3>
			</transform>
			<node>
				<identifier>	MP_HM403_Bench_opened	</identifier>
				<transform>
					<row0>	0.1528 -0.0037 0.9882 0.0000	</row0>
					<row1>	0.0006 1.0000 0.0036 0.0000	</row1>
					<row2>	-0.9883 0.0000 0.1528 0.0000	</row2>
					<row3>	0.5754 0.3774 -4.5040 1.0000	</row3>
				</transform>
			</node>
			<node>
				<identifier>	MP_HM403_Bench_opened_INDEX_1	</identifier>
				<transform>
					<row0>	0.1528 -0.0042 0.9882 0.0000	</row0>
					<row1>	0.0006 1.0000 0.0041 0.0000	</row1>
					<row2>	-0.9883 0.0000 0.1528 0.0000	</row2>
					<row3>	0.5446 0.3782 -4.7039 1.0000	</row3>
				</transform>
			</node>
			<node>
				<identifier>	MP_HM403_Bench_opened_INDEX_2	</identifier>
				<transform>
					<row0>	0.1528 0.0042 -0.9882 0.0000	</row0>
					<row1>	-0.0006 1.0000 0.0041 0.0000	</row1>
					<row2>	0.9883 0.0000 0.1528 0.0000	</row2>
					<row3>	-0.5446 0.3782 -4.7039 1.0000	</row3>
				</transform>
			</node>
			<node>
				<identifier>	MP_HM403_Bench_opened_INDEX_3	</identifier>
				<transform>
					<row0>	0.1528 0.0037 -0.9882 0.0000	</row0>
					<row1>	-0.0006 1.0000 0.0036 0.0000	</row1>
					<row2>	0.9883 0.0000 0.1528 0.0000	</row2>
					<row3>	-0.5754 0.3774 -4.5040 1.0000	</row3>
				</transform>
			</node>
		</node>
	</node>
	<boundingBox>
		<min>	-0.0667 -0.0667 -0.0667	</min>
		<max>	0.0667 0.0667 0.0667	</max>
	</boundingBox>
</HSC009_Johan_de_Witt_1945_Stern_ports_dock.visual>
