<VSC010_Ignacio_Allende_1950_Bow_ports.visual>
	<node>
		<identifier>	Scene Root	</identifier>
		<transform>
			<row0>	1.0000 0.0000 0.0000 0.0000	</row0>
			<row1>	0.0000 1.0000 0.0000 0.0000	</row1>
			<row2>	0.0000 0.0000 1.0000 0.0000	</row2>
			<row3>	0.0000 0.0000 0.0000 1.0000	</row3>
		</transform>
		<node>
			<identifier>	Bow_ports	</identifier>
			<transform>
				<row0>	1.0000 0.0000 0.0000 0.0000	</row0>
				<row1>	0.0000 1.0000 0.0000 0.0000	</row1>
				<row2>	0.0000 0.0000 1.0000 0.0000	</row2>
				<row3>	0.0000 0.0000 0.0000 1.0000	</row3>
			</transform>
			<node>
				<identifier>	HP_FX_Fire_1	</identifier>
				<transform>
					<row0>	1.0000 0.0000 0.0000 0.0000	</row0>
					<row1>	0.0000 1.0000 0.0000 0.0000	</row1>
					<row2>	0.0000 0.0000 1.0000 0.0000	</row2>
					<row3>	0.0000 0.4688 4.9175 1.0000	</row3>
				</transform>
			</node>
			<node>
				<identifier>	HP_FX_WakeTrace	</identifier>
				<transform>
					<row0>	1.0000 0.0000 0.0000 0.0000	</row0>
					<row1>	0.0000 1.0000 0.0000 0.0000	</row1>
					<row2>	0.0000 0.0000 1.0000 0.0000	</row2>
					<row3>	0.0000 0.0000 6.1106 1.0000	</row3>
				</transform>
			</node>
			<node>
				<identifier>	HP_Ship_death_1	</identifier>
				<transform>
					<row0>	1.0000 0.0000 0.0000 0.0000	</row0>
					<row1>	0.0000 1.0000 0.0000 0.0000	</row1>
					<row2>	0.0000 0.0000 1.0000 0.0000	</row2>
					<row3>	0.0000 0.0000 4.1256 1.0000	</row3>
				</transform>
			</node>
			<node>
				<identifier>	HP_VGA_1	</identifier>
				<transform>
					<row0>	1.0000 0.0000 0.0000 0.0000	</row0>
					<row1>	0.0000 1.0000 0.0000 0.0000	</row1>
					<row2>	0.0000 0.0000 1.0000 0.0000	</row2>
					<row3>	0.0000 0.5044 5.8523 1.0000	</row3>
				</transform>
			</node>
			<node>
				<identifier>	HP_VGA_2	</identifier>
				<transform>
					<row0>	1.0000 0.0000 0.0000 0.0000	</row0>
					<row1>	0.0000 1.0000 0.0000 0.0000	</row1>
					<row2>	0.0000 0.0000 1.0000 0.0000	</row2>
					<row3>	-0.1012 0.5044 5.6963 1.0000	</row3>
				</transform>
			</node>
			<node>
				<identifier>	HP_VGA_3	</identifier>
				<transform>
					<row0>	1.0000 0.0000 0.0000 0.0000	</row0>
					<row1>	0.0000 1.0000 0.0000 0.0000	</row1>
					<row2>	0.0000 0.0000 1.0000 0.0000	</row2>
					<row3>	0.1012 0.5044 5.6963 1.0000	</row3>
				</transform>
			</node>
			<node>
				<identifier>	HP_VGA_4	</identifier>
				<transform>
					<row0>	0.7071 0.0000 0.7071 0.0000	</row0>
					<row1>	0.0000 1.0000 0.0000 0.0000	</row1>
					<row2>	-0.7071 0.0000 0.7071 0.0000	</row2>
					<row3>	-0.2398 0.4335 4.4660 1.0000	</row3>
				</transform>
			</node>
			<node>
				<identifier>	HP_VGA_5	</identifier>
				<transform>
					<row0>	0.7071 0.0000 -0.7071 0.0000	</row0>
					<row1>	0.0000 1.0000 0.0000 0.0000	</row1>
					<row2>	0.7071 0.0000 0.7071 0.0000	</row2>
					<row3>	0.2398 0.4335 4.4660 1.0000	</row3>
				</transform>
			</node>
			<node>
				<identifier>	HP_VGA_6	</identifier>
				<transform>
					<row0>	0.7071 0.0000 0.7071 0.0000	</row0>
					<row1>	0.0000 1.0000 0.0000 0.0000	</row1>
					<row2>	-0.7071 0.0000 0.7071 0.0000	</row2>
					<row3>	-0.2873 0.4244 4.2624 1.0000	</row3>
				</transform>
			</node>
			<node>
				<identifier>	HP_VGA_7	</identifier>
				<transform>
					<row0>	0.7071 0.0000 -0.7071 0.0000	</row0>
					<row1>	0.0000 1.0000 0.0000 0.0000	</row1>
					<row2>	0.7071 0.0000 0.7071 0.0000	</row2>
					<row3>	0.2873 0.4244 4.2624 1.0000	</row3>
				</transform>
			</node>
			<node>
				<identifier>	MP_CM010_Fire_Hose_Reel	</identifier>
				<transform>
					<row0>	0.0000 -0.9986 0.0526 0.0000	</row0>
					<row1>	0.0000 -0.0526 -0.9986 0.0000	</row1>
					<row2>	1.0000 0.0000 0.0000 0.0000	</row2>
					<row3>	0.0000 0.4708 4.9466 1.0000	</row3>
				</transform>
			</node>
			<node>
				<identifier>	MP_CM010_Fire_Hose_Reel_INDEX_1	</identifier>
				<transform>
					<row0>	0.0000 -0.9987 0.0507 0.0000	</row0>
					<row1>	0.0000 -0.0507 -0.9987 0.0000	</row1>
					<row2>	1.0000 0.0000 0.0000 0.0000	</row2>
					<row3>	0.0000 0.4788 5.0649 1.0000	</row3>
				</transform>
			</node>
			<node>
				<identifier>	MP_CM011_Fire_Fighting_Gear	</identifier>
				<transform>
					<row0>	-1.0000 0.0000 0.0000 0.0000	</row0>
					<row1>	0.0000 1.0000 0.0000 0.0000	</row1>
					<row2>	0.0000 0.0000 -1.0000 0.0000	</row2>
					<row3>	0.0000 0.4768 5.0218 1.0000	</row3>
				</transform>
			</node>
			<node>
				<identifier>	MP_CM011_Fire_Fighting_Gear_INDEX_1	</identifier>
				<transform>
					<row0>	1.0000 0.0000 0.0000 0.0000	</row0>
					<row1>	0.0000 1.0000 0.0000 0.0000	</row1>
					<row2>	0.0000 0.0000 1.0000 0.0000	</row2>
					<row3>	0.0000 0.4755 5.0031 1.0000	</row3>
				</transform>
			</node>
			<node>
				<identifier>	MP_CM029_Emergency_Box	</identifier>
				<transform>
					<row0>	0.9425 0.0000 -0.3341 0.0000	</row0>
					<row1>	0.0000 1.0000 0.0000 0.0000	</row1>
					<row2>	0.3341 0.0000 0.9425 0.0000	</row2>
					<row3>	0.0466 0.5427 5.9283 1.0000	</row3>
				</transform>
			</node>
			<node>
				<identifier>	MP_CM029_Emergency_Box_INDEX_1	</identifier>
				<transform>
					<row0>	-0.1857 0.0000 0.9826 0.0000	</row0>
					<row1>	0.0000 1.0000 0.0000 0.0000	</row1>
					<row2>	-0.9826 0.0000 -0.1857 0.0000	</row2>
					<row3>	0.1539 0.4696 4.4020 1.0000	</row3>
				</transform>
			</node>
			<node>
				<identifier>	MP_CM029_Emergency_Box_INDEX_2	</identifier>
				<transform>
					<row0>	-0.1857 0.0000 -0.9826 0.0000	</row0>
					<row1>	0.0000 1.0000 0.0000 0.0000	</row1>
					<row2>	0.9826 0.0000 -0.1857 0.0000	</row2>
					<row3>	-0.1539 0.4696 4.4020 1.0000	</row3>
				</transform>
			</node>
			<node>
				<identifier>	MP_VM002_Speaker	</identifier>
				<transform>
					<row0>	0.5000 0.0000 0.0000 0.0000	</row0>
					<row1>	0.0000 0.5000 0.0000 0.0000	</row1>
					<row2>	0.0000 0.0000 0.5000 0.0000	</row2>
					<row3>	0.0000 0.5576 5.9260 1.0000	</row3>
				</transform>
			</node>
			<node>
				<identifier>	MP_VM002_Speaker_INDEX_1	</identifier>
				<transform>
					<row0>	-0.1156 0.0000 -0.4865 0.0000	</row0>
					<row1>	0.0000 0.5000 0.0000 0.0000	</row1>
					<row2>	0.4865 0.0000 -0.1156 0.0000	</row2>
					<row3>	-0.1966 0.4882 4.2676 1.0000	</row3>
				</transform>
			</node>
			<node>
				<identifier>	MP_VM002_Speaker_INDEX_2	</identifier>
				<transform>
					<row0>	-0.1156 0.0000 0.4865 0.0000	</row0>
					<row1>	0.0000 0.5000 0.0000 0.0000	</row1>
					<row2>	-0.4865 0.0000 -0.1156 0.0000	</row2>
					<row3>	0.1966 0.4882 4.2676 1.0000	</row3>
				</transform>
			</node>
			<node>
				<identifier>	MP_VM052_Break_Handwheel	</identifier>
				<transform>
					<row0>	-1.0000 0.0000 0.0000 0.0000	</row0>
					<row1>	0.0000 1.0000 0.0000 0.0000	</row1>
					<row2>	0.0000 0.0000 -1.0000 0.0000	</row2>
					<row3>	-0.0343 0.4480 4.5999 1.0000	</row3>
				</transform>
			</node>
			<node>
				<identifier>	MP_VM052_Break_Handwheel_INDEX_1	</identifier>
				<transform>
					<row0>	-1.0000 0.0000 0.0000 0.0000	</row0>
					<row1>	0.0000 1.0000 0.0000 0.0000	</row1>
					<row2>	0.0000 0.0000 -1.0000 0.0000	</row2>
					<row3>	0.0928 0.4457 4.5761 1.0000	</row3>
				</transform>
			</node>
			<node>
				<identifier>	MP_VM052_Break_Handwheel_INDEX_2	</identifier>
				<transform>
					<row0>	-1.0000 0.0000 0.0000 0.0000	</row0>
					<row1>	0.0000 1.0000 0.0000 0.0000	</row1>
					<row2>	0.0000 0.0000 -1.0000 0.0000	</row2>
					<row3>	-0.0928 0.4457 4.5761 1.0000	</row3>
				</transform>
			</node>
			<node>
				<identifier>	MP_VM052_Break_Handwheel_INDEX_3	</identifier>
				<transform>
					<row0>	-1.0000 0.0000 0.0000 0.0000	</row0>
					<row1>	0.0000 1.0000 0.0000 0.0000	</row1>
					<row2>	0.0000 0.0000 -1.0000 0.0000	</row2>
					<row3>	0.0343 0.4480 4.5999 1.0000	</row3>
				</transform>
			</node>
			<node>
				<identifier>	MP_VM057_Helmets_Rack	</identifier>
				<transform>
					<row0>	-0.9914 0.0000 -0.1311 0.0000	</row0>
					<row1>	0.0000 1.0000 0.0000 0.0000	</row1>
					<row2>	0.1311 0.0000 -0.9914 0.0000	</row2>
					<row3>	-0.0251 0.5225 5.9388 1.0000	</row3>
				</transform>
			</node>
			<node>
				<identifier>	MP_VM058_Talker_Helmets_Rack	</identifier>
				<transform>
					<row0>	0.2376 0.0000 0.9714 0.0000	</row0>
					<row1>	0.0000 1.0000 0.0000 0.0000	</row1>
					<row2>	-0.9714 0.0000 0.2376 0.0000	</row2>
					<row3>	-0.1718 0.4599 4.3004 1.0000	</row3>
				</transform>
			</node>
			<node>
				<identifier>	MP_VM058_Talker_Helmets_Rack_INDEX_1	</identifier>
				<transform>
					<row0>	0.2376 0.0000 -0.9714 0.0000	</row0>
					<row1>	0.0000 1.0000 0.0000 0.0000	</row1>
					<row2>	0.9714 0.0000 0.2376 0.0000	</row2>
					<row3>	0.1718 0.4599 4.3004 1.0000	</row3>
				</transform>
			</node>
			<node>
				<identifier>	MP_VM602_Multiple_Switch	</identifier>
				<transform>
					<row0>	0.0000 0.0000 -1.0000 0.0000	</row0>
					<row1>	0.0000 1.0000 0.0000 0.0000	</row1>
					<row2>	1.0000 0.0000 0.0000 0.0000	</row2>
					<row3>	-0.1358 0.5568 5.5756 1.0000	</row3>
				</transform>
			</node>
			<node>
				<identifier>	MP_VM602_Multiple_Switch_INDEX_1	</identifier>
				<transform>
					<row0>	0.8695 0.0000 0.4940 0.0000	</row0>
					<row1>	0.0000 1.0000 0.0000 0.0000	</row1>
					<row2>	-0.4940 0.0000 0.8695 0.0000	</row2>
					<row3>	0.3322 0.4498 4.1701 1.0000	</row3>
				</transform>
			</node>
			<node>
				<identifier>	MP_VM602_Multiple_Switch_INDEX_2	</identifier>
				<transform>
					<row0>	-0.6009 0.0000 -0.7993 0.0000	</row0>
					<row1>	0.0000 1.0000 0.0000 0.0000	</row1>
					<row2>	0.7993 0.0000 -0.6009 0.0000	</row2>
					<row3>	0.1594 0.4742 4.5315 1.0000	</row3>
				</transform>
			</node>
			<node>
				<identifier>	MP_VM602_Multiple_Switch_INDEX_3	</identifier>
				<transform>
					<row0>	0.0000 0.0000 1.0000 0.0000	</row0>
					<row1>	0.0000 1.0000 0.0000 0.0000	</row1>
					<row2>	-1.0000 0.0000 0.0000 0.0000	</row2>
					<row3>	0.1358 0.5568 5.5756 1.0000	</row3>
				</transform>
			</node>
			<node>
				<identifier>	MP_VM602_Multiple_Switch_INDEX_4	</identifier>
				<transform>
					<row0>	-0.6009 0.0000 0.7993 0.0000	</row0>
					<row1>	0.0000 1.0000 0.0000 0.0000	</row1>
					<row2>	-0.7993 0.0000 -0.6009 0.0000	</row2>
					<row3>	-0.1594 0.4742 4.5315 1.0000	</row3>
				</transform>
			</node>
			<node>
				<identifier>	MP_VM602_Multiple_Switch_INDEX_5	</identifier>
				<transform>
					<row0>	0.8677 0.0000 -0.4970 0.0000	</row0>
					<row1>	0.0000 1.0000 0.0000 0.0000	</row1>
					<row2>	0.4970 0.0000 0.8677 0.0000	</row2>
					<row3>	-0.3322 0.4498 4.1701 1.0000	</row3>
				</transform>
			</node>
			<node>
				<identifier>	MP_VM713_Ammobox_big	</identifier>
				<transform>
					<row0>	0.2342 -0.0365 -0.9715 0.0000	</row0>
					<row1>	0.0202 0.9993 -0.0327 0.0000	</row1>
					<row2>	0.9720 -0.0119 0.2348 0.0000	</row2>
					<row3>	0.1609 0.4307 4.2453 1.0000	</row3>
				</transform>
			</node>
			<node>
				<identifier>	MP_VM713_Ammobox_big_INDEX_1	</identifier>
				<transform>
					<row0>	0.9999 0.0133 0.0000 0.0000	</row0>
					<row1>	-0.0132 0.9955 -0.0935 0.0000	</row1>
					<row2>	-0.0012 0.0935 0.9956 0.0000	</row2>
					<row3>	-0.0582 0.5114 5.4249 1.0000	</row3>
				</transform>
			</node>
			<node>
				<identifier>	MP_VM713_Ammobox_big_INDEX_2	</identifier>
				<transform>
					<row0>	0.9999 -0.0133 0.0000 0.0000	</row0>
					<row1>	0.0132 0.9955 -0.0935 0.0000	</row1>
					<row2>	0.0012 0.0935 0.9956 0.0000	</row2>
					<row3>	0.0582 0.5114 5.4249 1.0000	</row3>
				</transform>
			</node>
			<node>
				<identifier>	MP_VM713_Ammobox_big_INDEX_3	</identifier>
				<transform>
					<row0>	0.9997 0.0232 0.0000 0.0000	</row0>
					<row1>	-0.0232 0.9997 0.0000 0.0000	</row1>
					<row2>	0.0000 0.0000 1.0000 0.0000	</row2>
					<row3>	-0.0485 0.4304 4.1478 1.0000	</row3>
				</transform>
			</node>
			<node>
				<identifier>	MP_VM713_Ammobox_big_INDEX_4	</identifier>
				<transform>
					<row0>	0.2348 -0.0519 -0.9707 0.0000	</row0>
					<row1>	0.0180 0.9986 -0.0490 0.0000	</row1>
					<row2>	0.9719 -0.0060 0.2354 0.0000	</row2>
					<row3>	0.1130 0.4375 4.4438 1.0000	</row3>
				</transform>
			</node>
			<node>
				<identifier>	MP_VM713_Ammobox_big_INDEX_5	</identifier>
				<transform>
					<row0>	0.2342 0.0365 0.9715 0.0000	</row0>
					<row1>	-0.0202 0.9993 -0.0327 0.0000	</row1>
					<row2>	-0.9720 -0.0119 0.2348 0.0000	</row2>
					<row3>	-0.1609 0.4307 4.2453 1.0000	</row3>
				</transform>
			</node>
			<node>
				<identifier>	MP_VM759_Hatch	</identifier>
				<transform>
					<row0>	1.0000 0.0000 0.0000 0.0000	</row0>
					<row1>	0.0000 1.0000 0.0000 0.0000	</row1>
					<row2>	0.0000 0.0000 1.0000 0.0000	</row2>
					<row3>	0.0368 0.4350 4.3066 1.0000	</row3>
				</transform>
			</node>
			<node>
				<identifier>	MP_VM760_Hatch	</identifier>
				<transform>
					<row0>	-1.0000 0.0000 0.0000 0.0000	</row0>
					<row1>	0.0000 1.0000 0.0000 0.0000	</row1>
					<row2>	0.0000 0.0000 -1.0000 0.0000	</row2>
					<row3>	0.0000 0.5748 6.0707 1.0000	</row3>
				</transform>
			</node>
			<node>
				<identifier>	MP_VM761_Hatch	</identifier>
				<transform>
					<row0>	0.7604 0.0002 0.0000 0.0000	</row0>
					<row1>	-0.0002 0.7604 0.0002 0.0000	</row1>
					<row2>	0.0000 -0.0002 0.7604 0.0000	</row2>
					<row3>	0.0000 0.5563 5.9990 1.0000	</row3>
				</transform>
			</node>
			<node>
				<identifier>	MP_VM761_Hatch_INDEX_1	</identifier>
				<transform>
					<row0>	0.7600 0.0002 0.0000 0.0000	</row0>
					<row1>	-0.0002 0.7600 0.0002 0.0000	</row1>
					<row2>	0.0000 -0.0002 0.7600 0.0000	</row2>
					<row3>	0.0000 0.4767 5.1911 1.0000	</row3>
				</transform>
			</node>
			<node>
				<identifier>	MP_VM805_Ventilators_3	</identifier>
				<transform>
					<row0>	1.0000 0.0000 0.0000 0.0000	</row0>
					<row1>	0.0000 1.0000 0.0000 0.0000	</row1>
					<row2>	0.0000 0.0000 1.0000 0.0000	</row2>
					<row3>	0.1760 0.4252 4.1421 1.0000	</row3>
				</transform>
			</node>
			<node>
				<identifier>	MP_VM805_Ventilators_3_INDEX_1	</identifier>
				<transform>
					<row0>	1.0000 0.0000 0.0000 0.0000	</row0>
					<row1>	0.0000 1.0000 0.0000 0.0000	</row1>
					<row2>	0.0000 0.0000 1.0000 0.0000	</row2>
					<row3>	-0.0450 0.4370 4.4662 1.0000	</row3>
				</transform>
			</node>
			<node>
				<identifier>	MP_VM805_Ventilators_3_INDEX_2	</identifier>
				<transform>
					<row0>	0.6647 0.0000 0.0000 0.0000	</row0>
					<row1>	0.0000 0.6647 0.0000 0.0000	</row1>
					<row2>	0.0000 0.0000 0.6647 0.0000	</row2>
					<row3>	-0.0496 0.4929 5.2660 1.0000	</row3>
				</transform>
			</node>
			<node>
				<identifier>	MP_VM858_Signal_Lamp	</identifier>
				<transform>
					<row0>	1.0000 0.0000 0.0000 0.0000	</row0>
					<row1>	0.0000 1.0000 0.0000 0.0000	</row1>
					<row2>	0.0000 0.0000 1.0000 0.0000	</row2>
					<row3>	0.0000 0.9989 6.2138 1.0000	</row3>
				</transform>
			</node>
			<node>
				<identifier>	MP_VM970_Fairlead	</identifier>
				<transform>
					<row0>	0.9946 0.0002 0.1039 0.0000	</row0>
					<row1>	0.0015 0.9999 -0.0160 0.0000	</row1>
					<row2>	-0.1039 0.0161 0.9945 0.0000	</row2>
					<row3>	0.4070 0.4069 4.0982 1.0000	</row3>
				</transform>
			</node>
			<node>
				<identifier>	MP_VM970_Fairlead_INDEX_1	</identifier>
				<transform>
					<row0>	0.9968 0.0065 0.0793 0.0000	</row0>
					<row1>	0.0000 0.9967 -0.0812 0.0000	</row1>
					<row2>	-0.0795 0.0810 0.9935 0.0000	</row2>
					<row3>	0.3255 0.4501 4.8686 1.0000	</row3>
				</transform>
			</node>
			<node>
				<identifier>	MP_VM970_Fairlead_INDEX_2	</identifier>
				<transform>
					<row0>	1.0565 -0.0007 -0.1326 0.0000	</row0>
					<row1>	-0.0117 1.0601 -0.0989 0.0000	</row1>
					<row2>	0.1321 0.0995 1.0519 0.0000	</row2>
					<row3>	-0.2652 0.4990 5.4170 1.0000	</row3>
				</transform>
			</node>
			<node>
				<identifier>	MP_VM970_Fairlead_INDEX_3	</identifier>
				<transform>
					<row0>	1.0565 0.0007 0.1326 0.0000	</row0>
					<row1>	0.0117 1.0601 -0.0989 0.0000	</row1>
					<row2>	-0.1321 0.0995 1.0519 0.0000	</row2>
					<row3>	0.2652 0.4990 5.4170 1.0000	</row3>
				</transform>
			</node>
			<node>
				<identifier>	MP_VM970_Fairlead_INDEX_4	</identifier>
				<transform>
					<row0>	0.9946 -0.0002 -0.1039 0.0000	</row0>
					<row1>	-0.0015 0.9999 -0.0160 0.0000	</row1>
					<row2>	0.1039 0.0161 0.9945 0.0000	</row2>
					<row3>	-0.4070 0.4069 4.0982 1.0000	</row3>
				</transform>
			</node>
			<node>
				<identifier>	MP_VM970_Fairlead_INDEX_5	</identifier>
				<transform>
					<row0>	0.9968 -0.0065 -0.0793 0.0000	</row0>
					<row1>	0.0000 0.9967 -0.0812 0.0000	</row1>
					<row2>	0.0795 0.0810 0.9935 0.0000	</row2>
					<row3>	-0.3255 0.4501 4.8686 1.0000	</row3>
				</transform>
			</node>
			<node>
				<identifier>	SP_YMS001_YHBM_M_1	</identifier>
				<transform>
					<row0>	0.9426 0.0000 0.0000 0.0000	</row0>
					<row1>	0.0000 0.9411 -0.0543 0.0000	</row1>
					<row2>	0.0000 0.0543 0.9411 0.0000	</row2>
					<row3>	0.0000 0.6134 6.2824 1.0000	</row3>
				</transform>
			</node>
			<node>
				<identifier>	SP_YMS002_YHBL_M_1	</identifier>
				<transform>
					<row0>	1.1567 0.0000 0.0000 0.0000	</row0>
					<row1>	0.0000 1.1482 -0.1396 0.0000	</row1>
					<row2>	0.0000 0.1396 1.1482 0.0000	</row2>
					<row3>	-0.0558 0.6134 6.2204 1.0000	</row3>
				</transform>
			</node>
			<node>
				<identifier>	SP_YMS003_YHBR_M_1	</identifier>
				<transform>
					<row0>	1.1567 0.0000 0.0000 0.0000	</row0>
					<row1>	0.0000 1.1482 -0.1396 0.0000	</row1>
					<row2>	0.0000 0.1396 1.1482 0.0000	</row2>
					<row3>	0.0558 0.6134 6.2204 1.0000	</row3>
				</transform>
			</node>
			<node>
				<identifier>	SP_YMS004_YHXL_L_1	</identifier>
				<transform>
					<row0>	0.5711 0.2441 -0.0954 0.0000	</row0>
					<row1>	-0.2447 0.5785 0.0153 0.0000	</row1>
					<row2>	0.0938 0.0232 0.6209 0.0000	</row2>
					<row3>	-0.1357 0.3622 5.7470 1.0000	</row3>
				</transform>
			</node>
			<node>
				<identifier>	SP_YMS005_YHXR_L_1	</identifier>
				<transform>
					<row0>	0.5711 -0.2441 0.0954 0.0000	</row0>
					<row1>	0.2447 0.5785 0.0153 0.0000	</row1>
					<row2>	-0.0938 0.0232 0.6209 0.0000	</row2>
					<row3>	0.1357 0.3622 5.7470 1.0000	</row3>
				</transform>
			</node>
			<node>
				<identifier>	SP_YMS010_YHWM_L_1	</identifier>
				<transform>
					<row0>	0.8394 0.0000 0.0000 0.0000	</row0>
					<row1>	0.0000 0.8394 0.0000 0.0000	</row1>
					<row2>	0.0000 0.0000 0.8394 0.0000	</row2>
					<row3>	0.0000 0.0000 6.1410 1.0000	</row3>
				</transform>
			</node>
			<node>
				<identifier>	SP_YMS011_YHWL_M_1_INDEX_4	</identifier>
				<transform>
					<row0>	0.9691 0.0000 -0.1561 0.0000	</row0>
					<row1>	0.0000 0.9816 0.0000 0.0000	</row1>
					<row2>	0.1561 0.0000 0.9691 0.0000	</row2>
					<row3>	-0.2361 0.0000 4.6446 1.0000	</row3>
				</transform>
			</node>
			<node>
				<identifier>	SP_YMS012_YHWR_M_1_INDEX_11	</identifier>
				<transform>
					<row0>	0.9691 0.0000 0.1561 0.0000	</row0>
					<row1>	0.0000 0.9816 0.0000 0.0000	</row1>
					<row2>	-0.1561 0.0000 0.9691 0.0000	</row2>
					<row3>	0.2361 0.0000 4.6446 1.0000	</row3>
				</transform>
			</node>
			<node>
				<identifier>	SP_YMS020_YHBU_M_1	</identifier>
				<transform>
					<row0>	0.8598 0.0000 0.0000 0.0000	</row0>
					<row1>	0.0000 0.8560 0.0809 0.0000	</row1>
					<row2>	0.0000 -0.0809 0.8560 0.0000	</row2>
					<row3>	0.0000 -0.1762 6.0874 1.0000	</row3>
				</transform>
			</node>
			<node>
				<identifier>	SP_YMS053_YHDC_S_1_INDEX_1	</identifier>
				<transform>
					<row0>	0.7046 0.0373 -0.0018 0.0000	</row0>
					<row1>	-0.0374 0.7030 -0.0466 0.0000	</row1>
					<row2>	-0.0007 0.0466 0.7040 0.0000	</row2>
					<row3>	-0.2324 0.4721 4.8618 1.0000	</row3>
				</transform>
			</node>
			<node>
				<identifier>	SP_YMS053_YHDC_S_1_INDEX_5	</identifier>
				<transform>
					<row0>	0.7046 -0.0373 0.0018 0.0000	</row0>
					<row1>	0.0374 0.7030 -0.0466 0.0000	</row1>
					<row2>	0.0007 0.0466 0.7040 0.0000	</row2>
					<row3>	0.2324 0.4721 4.8618 1.0000	</row3>
				</transform>
			</node>
			<node>
				<identifier>	SP_YMS080_YHSL_M_1_INDEX_1	</identifier>
				<transform>
					<row0>	0.5856 0.2545 -0.0936 0.0000	</row0>
					<row1>	-0.2590 0.5909 -0.0142 0.0000	</row1>
					<row2>	0.0801 0.0504 0.6383 0.0000	</row2>
					<row3>	-0.2611 0.2336 4.5746 1.0000	</row3>
				</transform>
			</node>
			<node>
				<identifier>	SP_YMS081_YHSR_M_1_INDEX_1	</identifier>
				<transform>
					<row0>	0.5853 -0.2544 0.0935 0.0000	</row0>
					<row1>	0.2589 0.5906 -0.0142 0.0000	</row1>
					<row2>	-0.0800 0.0504 0.6380 0.0000	</row2>
					<row3>	0.2611 0.2336 4.5746 1.0000	</row3>
				</transform>
			</node>
		</node>
	</node>
	<boundingBox>
		<min>	-0.0667 -0.0667 -0.0667	</min>
		<max>	0.0667 0.0667 0.0667	</max>
	</boundingBox>
</VSC010_Ignacio_Allende_1950_Bow_ports.visual>
