<BSD003_Gallant_1940_Stern_ports.visual>
	<node>
		<identifier>	Scene Root	</identifier>
		<transform>
			<row0>	1.0000 0.0000 0.0000 0.0000	</row0>
			<row1>	0.0000 1.0000 0.0000 0.0000	</row1>
			<row2>	0.0000 0.0000 1.0000 0.0000	</row2>
			<row3>	0.0000 0.0000 0.0000 1.0000	</row3>
		</transform>
		<node>
			<identifier>	Stern_ports	</identifier>
			<transform>
				<row0>	1.0000 0.0000 0.0000 0.0000	</row0>
				<row1>	0.0000 1.0000 0.0000 0.0000	</row1>
				<row2>	0.0000 0.0000 1.0000 0.0000	</row2>
				<row3>	0.0000 0.0000 0.0000 1.0000	</row3>
			</transform>
			<node>
				<identifier>	HP_BGB_3	</identifier>
				<transform>
					<row0>	-1.0000 0.0000 0.0000 0.0000	</row0>
					<row1>	0.0000 1.0000 0.0000 0.0000	</row1>
					<row2>	0.0000 0.0000 -1.0000 0.0000	</row2>
					<row3>	-0.0003 0.1864 -3.2519 1.0000	</row3>
				</transform>
			</node>
			<node>
				<identifier>	HP_BGM_3	</identifier>
				<transform>
					<row0>	-1.0000 0.0000 0.0000 0.0000	</row0>
					<row1>	0.0000 1.0000 0.0000 0.0000	</row1>
					<row2>	0.0000 0.0000 -1.0000 0.0000	</row2>
					<row3>	0.0000 0.3522 -2.1989 1.0000	</row3>
				</transform>
			</node>
			<node>
				<identifier>	HP_BGM_4	</identifier>
				<transform>
					<row0>	-1.0000 0.0000 0.0000 0.0000	</row0>
					<row1>	0.0000 1.0000 0.0000 0.0000	</row1>
					<row2>	0.0000 0.0000 -1.0000 0.0000	</row2>
					<row3>	0.0000 0.1833 -2.6434 1.0000	</row3>
				</transform>
			</node>
			<node>
				<identifier>	HP_FX_Fire_4	</identifier>
				<transform>
					<row0>	1.0000 0.0000 0.0000 0.0000	</row0>
					<row1>	0.0000 1.0000 0.0000 0.0000	</row1>
					<row2>	0.0000 0.0000 1.0000 0.0000	</row2>
					<row3>	0.0000 0.2385 -3.0040 1.0000	</row3>
				</transform>
			</node>
			<node>
				<identifier>	HP_FX_FloodLight_left_1	</identifier>
				<transform>
					<row0>	-1.0000 0.0000 0.0000 0.0000	</row0>
					<row1>	0.0000 1.0000 0.0000 0.0000	</row1>
					<row2>	0.0000 0.0000 -1.0000 0.0000	</row2>
					<row3>	-0.1379 0.2379 -2.2209 1.0000	</row3>
				</transform>
			</node>
			<node>
				<identifier>	HP_FX_FloodLight_right_1	</identifier>
				<transform>
					<row0>	1.0000 0.0000 0.0000 0.0000	</row0>
					<row1>	0.0000 1.0000 0.0000 0.0000	</row1>
					<row2>	0.0000 0.0000 1.0000 0.0000	</row2>
					<row3>	0.1359 0.2339 -2.1259 1.0000	</row3>
				</transform>
			</node>
			<node>
				<identifier>	HP_FX_WakeTraceBack	</identifier>
				<transform>
					<row0>	1.0000 0.0000 0.0000 0.0000	</row0>
					<row1>	0.0000 1.0000 0.0000 0.0000	</row1>
					<row2>	0.0000 0.0000 1.0000 0.0000	</row2>
					<row3>	0.0000 0.0000 -3.2556 1.0000	</row3>
				</transform>
			</node>
			<node>
				<identifier>	HP_FX_WakeTrace_screw_1	</identifier>
				<transform>
					<row0>	1.0000 0.0000 0.0000 0.0000	</row0>
					<row1>	0.0000 1.0000 0.0000 0.0000	</row1>
					<row2>	0.0000 0.0000 1.0000 0.0000	</row2>
					<row3>	-0.1318 -0.1714 -2.8829 1.0000	</row3>
				</transform>
			</node>
			<node>
				<identifier>	HP_FX_WakeTrace_screw_2	</identifier>
				<transform>
					<row0>	1.0000 0.0000 0.0000 0.0000	</row0>
					<row1>	0.0000 1.0000 0.0000 0.0000	</row1>
					<row2>	0.0000 0.0000 1.0000 0.0000	</row2>
					<row3>	0.1318 -0.1714 -2.8829 1.0000	</row3>
				</transform>
			</node>
			<node>
				<identifier>	HP_Ship_death_3	</identifier>
				<transform>
					<row0>	1.0000 0.0000 0.0000 0.0000	</row0>
					<row1>	0.0000 1.0000 0.0000 0.0000	</row1>
					<row2>	0.0000 0.0000 1.0000 0.0000	</row2>
					<row3>	0.0000 0.0000 -2.1084 1.0000	</row3>
				</transform>
			</node>
			<node>
				<identifier>	MP_BM001_Paravane	</identifier>
				<transform>
					<row0>	-0.9803 0.0000 -0.1977 0.0000	</row0>
					<row1>	-0.0282 0.9898 0.1400 0.0000	</row1>
					<row2>	0.1956 0.1428 -0.9702 0.0000	</row2>
					<row3>	-0.1170 0.2271 -3.0488 1.0000	</row3>
				</transform>
			</node>
			<node>
				<identifier>	MP_BM001_Paravane_INDEX_1	</identifier>
				<transform>
					<row0>	-0.9803 0.0000 0.1977 0.0000	</row0>
					<row1>	0.0282 0.9898 0.1400 0.0000	</row1>
					<row2>	-0.1956 0.1428 -0.9702 0.0000	</row2>
					<row3>	0.1164 0.2271 -3.0488 1.0000	</row3>
				</transform>
			</node>
			<node>
				<identifier>	MP_BM009_Depth_Charge	</identifier>
				<transform>
					<row0>	-0.2588 0.0000 0.9659 0.0000	</row0>
					<row1>	0.9659 0.0000 0.2588 0.0000	</row1>
					<row2>	0.0000 1.0000 0.0000 0.0000	</row2>
					<row3>	-0.2183 0.1985 -3.0231 1.0000	</row3>
				</transform>
			</node>
			<node>
				<identifier>	MP_BM009_Depth_Charge_INDEX_1	</identifier>
				<transform>
					<row0>	-0.2588 0.0000 -0.9659 0.0000	</row0>
					<row1>	-0.9659 0.0000 0.2588 0.0000	</row1>
					<row2>	0.0000 1.0000 0.0000 0.0000	</row2>
					<row3>	0.2177 0.1985 -3.0231 1.0000	</row3>
				</transform>
			</node>
			<node>
				<identifier>	MP_BM009_Depth_Charge_INDEX_2	</identifier>
				<transform>
					<row0>	0.9998 0.0000 -0.0183 0.0000	</row0>
					<row1>	-0.0183 0.0000 -0.9998 0.0000	</row1>
					<row2>	0.0000 1.0000 0.0000 0.0000	</row2>
					<row3>	0.2577 0.1921 -2.2112 1.0000	</row3>
				</transform>
			</node>
			<node>
				<identifier>	MP_BM009_Depth_Charge_INDEX_3	</identifier>
				<transform>
					<row0>	1.0000 0.0000 0.0000 0.0000	</row0>
					<row1>	0.0000 0.0000 -1.0000 0.0000	</row1>
					<row2>	0.0000 1.0000 0.0000 0.0000	</row2>
					<row3>	0.2628 0.1922 -2.0890 1.0000	</row3>
				</transform>
			</node>
			<node>
				<identifier>	MP_BM009_Depth_Charge_INDEX_4	</identifier>
				<transform>
					<row0>	-0.2588 0.0000 -0.9659 0.0000	</row0>
					<row1>	-0.9659 0.0000 0.2588 0.0000	</row1>
					<row2>	0.0000 1.0000 0.0000 0.0000	</row2>
					<row3>	0.2092 0.1985 -3.0548 1.0000	</row3>
				</transform>
			</node>
			<node>
				<identifier>	MP_BM009_Depth_Charge_INDEX_5	</identifier>
				<transform>
					<row0>	0.9998 0.0000 -0.0183 0.0000	</row0>
					<row1>	-0.0183 0.0000 -0.9998 0.0000	</row1>
					<row2>	0.0000 1.0000 0.0000 0.0000	</row2>
					<row3>	0.2626 0.1921 -2.1397 1.0000	</row3>
				</transform>
			</node>
			<node>
				<identifier>	MP_BM009_Depth_Charge_INDEX_6	</identifier>
				<transform>
					<row0>	-0.2588 0.0000 0.9659 0.0000	</row0>
					<row1>	0.9659 0.0000 0.2588 0.0000	</row1>
					<row2>	0.0000 1.0000 0.0000 0.0000	</row2>
					<row3>	-0.2098 0.1985 -3.0548 1.0000	</row3>
				</transform>
			</node>
			<node>
				<identifier>	MP_BM021_Crown	</identifier>
				<transform>
					<row0>	1.0000 0.0000 0.0000 0.0000	</row0>
					<row1>	0.0000 0.9848 -0.1736 0.0000	</row1>
					<row2>	0.0000 0.1736 0.9848 0.0000	</row2>
					<row3>	-0.0003 0.5969 -3.1983 1.0000	</row3>
				</transform>
			</node>
			<node>
				<identifier>	MP_BM038_Helmets	</identifier>
				<transform>
					<row0>	-1.0000 0.0000 0.0000 0.0000	</row0>
					<row1>	0.0000 1.0000 0.0000 0.0000	</row1>
					<row2>	0.0000 0.0000 -1.0000 0.0000	</row2>
					<row3>	0.0072 0.2241 -2.3993 1.0000	</row3>
				</transform>
			</node>
			<node>
				<identifier>	MP_BM039_Artillery_shell	</identifier>
				<transform>
					<row0>	0.9962 0.0000 -0.0872 0.0000	</row0>
					<row1>	0.0000 1.0000 0.0000 0.0000	</row1>
					<row2>	0.0872 0.0000 0.9962 0.0000	</row2>
					<row3>	0.2369 0.1881 -2.8246 1.0000	</row3>
				</transform>
			</node>
			<node>
				<identifier>	MP_BM039_Artillery_shell_INDEX_1	</identifier>
				<transform>
					<row0>	0.0000 0.0000 -1.0000 0.0000	</row0>
					<row1>	0.0000 1.0000 0.0000 0.0000	</row1>
					<row2>	1.0000 0.0000 0.0000 0.0000	</row2>
					<row3>	0.0790 0.3654 -2.3592 1.0000	</row3>
				</transform>
			</node>
			<node>
				<identifier>	MP_BM039_Artillery_shell_INDEX_10	</identifier>
				<transform>
					<row0>	-0.9659 0.0000 -0.2588 0.0000	</row0>
					<row1>	0.0000 1.0000 0.0000 0.0000	</row1>
					<row2>	0.2588 0.0000 -0.9659 0.0000	</row2>
					<row3>	-0.1756 0.3640 -2.3520 1.0000	</row3>
				</transform>
			</node>
			<node>
				<identifier>	MP_BM039_Artillery_shell_INDEX_11	</identifier>
				<transform>
					<row0>	0.9659 0.0000 -0.2588 0.0000	</row0>
					<row1>	0.0000 1.0000 0.0000 0.0000	</row1>
					<row2>	0.2588 0.0000 0.9659 0.0000	</row2>
					<row3>	0.2089 0.3640 -2.2674 1.0000	</row3>
				</transform>
			</node>
			<node>
				<identifier>	MP_BM039_Artillery_shell_INDEX_12	</identifier>
				<transform>
					<row0>	0.9985 0.0000 0.0554 0.0000	</row0>
					<row1>	0.0000 1.0000 0.0000 0.0000	</row1>
					<row2>	-0.0554 0.0000 0.9985 0.0000	</row2>
					<row3>	0.2192 0.3640 -2.1834 1.0000	</row3>
				</transform>
			</node>
			<node>
				<identifier>	MP_BM039_Artillery_shell_INDEX_13	</identifier>
				<transform>
					<row0>	-0.9995 0.0000 -0.0318 0.0000	</row0>
					<row1>	0.0000 1.0000 0.0000 0.0000	</row1>
					<row2>	0.0318 0.0000 -0.9995 0.0000	</row2>
					<row3>	-0.2527 0.1868 -2.6215 1.0000	</row3>
				</transform>
			</node>
			<node>
				<identifier>	MP_BM039_Artillery_shell_INDEX_14	</identifier>
				<transform>
					<row0>	0.9962 0.0000 -0.0872 0.0000	</row0>
					<row1>	0.0000 1.0000 0.0000 0.0000	</row1>
					<row2>	0.0872 0.0000 0.9962 0.0000	</row2>
					<row3>	0.2264 0.1892 -2.9103 1.0000	</row3>
				</transform>
			</node>
			<node>
				<identifier>	MP_BM039_Artillery_shell_INDEX_15	</identifier>
				<transform>
					<row0>	-0.9929 0.0000 -0.1188 0.0000	</row0>
					<row1>	0.0000 1.0000 0.0000 0.0000	</row1>
					<row2>	0.1188 0.0000 -0.9929 0.0000	</row2>
					<row3>	-0.2375 0.1881 -2.8246 1.0000	</row3>
				</transform>
			</node>
			<node>
				<identifier>	MP_BM039_Artillery_shell_INDEX_16	</identifier>
				<transform>
					<row0>	0.0000 0.0000 -1.0000 0.0000	</row0>
					<row1>	0.0000 1.0000 0.0000 0.0000	</row1>
					<row2>	1.0000 0.0000 0.0000 0.0000	</row2>
					<row3>	0.0279 0.3737 -2.4090 1.0000	</row3>
				</transform>
			</node>
			<node>
				<identifier>	MP_BM039_Artillery_shell_INDEX_17	</identifier>
				<transform>
					<row0>	0.0000 0.0000 -1.0000 0.0000	</row0>
					<row1>	0.0000 1.0000 0.0000 0.0000	</row1>
					<row2>	1.0000 0.0000 0.0000 0.0000	</row2>
					<row3>	-0.0227 0.3737 -2.4100 1.0000	</row3>
				</transform>
			</node>
			<node>
				<identifier>	MP_BM039_Artillery_shell_INDEX_18	</identifier>
				<transform>
					<row0>	-0.9995 0.0000 -0.0318 0.0000	</row0>
					<row1>	0.0000 1.0000 0.0000 0.0000	</row1>
					<row2>	0.0318 0.0000 -0.9995 0.0000	</row2>
					<row3>	-0.2544 0.1862 -2.5772 1.0000	</row3>
				</transform>
			</node>
			<node>
				<identifier>	MP_BM039_Artillery_shell_INDEX_19	</identifier>
				<transform>
					<row0>	0.9659 0.0000 -0.2588 0.0000	</row0>
					<row1>	0.0000 1.0000 0.0000 0.0000	</row1>
					<row2>	0.2588 0.0000 0.9659 0.0000	</row2>
					<row3>	0.1769 0.3640 -2.3525 1.0000	</row3>
				</transform>
			</node>
			<node>
				<identifier>	MP_BM039_Artillery_shell_INDEX_2	</identifier>
				<transform>
					<row0>	-0.9929 0.0000 -0.1188 0.0000	</row0>
					<row1>	0.0000 1.0000 0.0000 0.0000	</row1>
					<row2>	0.1188 0.0000 -0.9929 0.0000	</row2>
					<row3>	-0.2270 0.1892 -2.9103 1.0000	</row3>
				</transform>
			</node>
			<node>
				<identifier>	MP_BM039_Artillery_shell_INDEX_20	</identifier>
				<transform>
					<row0>	-0.9659 0.0000 -0.2588 0.0000	</row0>
					<row1>	0.0000 1.0000 0.0000 0.0000	</row1>
					<row2>	0.2588 0.0000 -0.9659 0.0000	</row2>
					<row3>	-0.1870 0.3640 -2.3240 1.0000	</row3>
				</transform>
			</node>
			<node>
				<identifier>	MP_BM039_Artillery_shell_INDEX_21	</identifier>
				<transform>
					<row0>	0.0000 0.0000 -1.0000 0.0000	</row0>
					<row1>	0.0000 1.0000 0.0000 0.0000	</row1>
					<row2>	1.0000 0.0000 0.0000 0.0000	</row2>
					<row3>	0.0573 0.3872 -2.4925 1.0000	</row3>
				</transform>
			</node>
			<node>
				<identifier>	MP_BM039_Artillery_shell_INDEX_22	</identifier>
				<transform>
					<row0>	-0.9929 0.0000 -0.1188 0.0000	</row0>
					<row1>	0.0000 1.0000 0.0000 0.0000	</row1>
					<row2>	0.1188 0.0000 -0.9929 0.0000	</row2>
					<row3>	-0.2209 0.1892 -2.9495 1.0000	</row3>
				</transform>
			</node>
			<node>
				<identifier>	MP_BM039_Artillery_shell_INDEX_23	</identifier>
				<transform>
					<row0>	1.0000 0.0000 0.0000 0.0000	</row0>
					<row1>	0.0000 1.0000 0.0000 0.0000	</row1>
					<row2>	0.0000 0.0000 1.0000 0.0000	</row2>
					<row3>	0.2631 0.1862 -2.3720 1.0000	</row3>
				</transform>
			</node>
			<node>
				<identifier>	MP_BM039_Artillery_shell_INDEX_24	</identifier>
				<transform>
					<row0>	0.0000 0.0000 -1.0000 0.0000	</row0>
					<row1>	0.0000 1.0000 0.0000 0.0000	</row1>
					<row2>	1.0000 0.0000 0.0000 0.0000	</row2>
					<row3>	0.0897 0.3826 -2.4643 1.0000	</row3>
				</transform>
			</node>
			<node>
				<identifier>	MP_BM039_Artillery_shell_INDEX_25	</identifier>
				<transform>
					<row0>	-0.9995 0.0000 -0.0318 0.0000	</row0>
					<row1>	0.0000 1.0000 0.0000 0.0000	</row1>
					<row2>	0.0318 0.0000 -0.9995 0.0000	</row2>
					<row3>	-0.2637 0.1862 -2.3720 1.0000	</row3>
				</transform>
			</node>
			<node>
				<identifier>	MP_BM039_Artillery_shell_INDEX_26	</identifier>
				<transform>
					<row0>	-0.9995 0.0000 -0.0318 0.0000	</row0>
					<row1>	0.0000 1.0000 0.0000 0.0000	</row1>
					<row2>	0.0318 0.0000 -0.9995 0.0000	</row2>
					<row3>	-0.2567 0.1862 -2.5439 1.0000	</row3>
				</transform>
			</node>
			<node>
				<identifier>	MP_BM039_Artillery_shell_INDEX_27	</identifier>
				<transform>
					<row0>	-0.9985 0.0000 0.0554 0.0000	</row0>
					<row1>	0.0000 1.0000 0.0000 0.0000	</row1>
					<row2>	-0.0554 0.0000 -0.9985 0.0000	</row2>
					<row3>	-0.2208 0.3640 -2.1835 1.0000	</row3>
				</transform>
			</node>
			<node>
				<identifier>	MP_BM039_Artillery_shell_INDEX_28	</identifier>
				<transform>
					<row0>	1.0000 0.0000 0.0000 0.0000	</row0>
					<row1>	0.0000 1.0000 0.0000 0.0000	</row1>
					<row2>	0.0000 0.0000 1.0000 0.0000	</row2>
					<row3>	0.2608 0.1862 -2.4417 1.0000	</row3>
				</transform>
			</node>
			<node>
				<identifier>	MP_BM039_Artillery_shell_INDEX_29	</identifier>
				<transform>
					<row0>	1.0000 0.0000 0.0000 0.0000	</row0>
					<row1>	0.0000 1.0000 0.0000 0.0000	</row1>
					<row2>	0.0000 0.0000 1.0000 0.0000	</row2>
					<row3>	0.2578 0.1862 -2.5086 1.0000	</row3>
				</transform>
			</node>
			<node>
				<identifier>	MP_BM039_Artillery_shell_INDEX_3	</identifier>
				<transform>
					<row0>	0.9929 0.0000 -0.1188 0.0000	</row0>
					<row1>	0.0000 1.0000 0.0000 0.0000	</row1>
					<row2>	0.1188 0.0000 0.9929 0.0000	</row2>
					<row3>	0.2171 0.3640 -2.2283 1.0000	</row3>
				</transform>
			</node>
			<node>
				<identifier>	MP_BM039_Artillery_shell_INDEX_30	</identifier>
				<transform>
					<row0>	-0.9929 0.0000 -0.1188 0.0000	</row0>
					<row1>	0.0000 1.0000 0.0000 0.0000	</row1>
					<row2>	0.1188 0.0000 -0.9929 0.0000	</row2>
					<row3>	-0.2191 0.3640 -2.2285 1.0000	</row3>
				</transform>
			</node>
			<node>
				<identifier>	MP_BM039_Artillery_shell_INDEX_31	</identifier>
				<transform>
					<row0>	-0.9995 0.0000 -0.0318 0.0000	</row0>
					<row1>	0.0000 1.0000 0.0000 0.0000	</row1>
					<row2>	0.0318 0.0000 -0.9995 0.0000	</row2>
					<row3>	-0.2614 0.1862 -2.4417 1.0000	</row3>
				</transform>
			</node>
			<node>
				<identifier>	MP_BM039_Artillery_shell_INDEX_32	</identifier>
				<transform>
					<row0>	-0.9995 0.0000 -0.0318 0.0000	</row0>
					<row1>	0.0000 1.0000 0.0000 0.0000	</row1>
					<row2>	0.0318 0.0000 -0.9995 0.0000	</row2>
					<row3>	-0.2584 0.1862 -2.5086 1.0000	</row3>
				</transform>
			</node>
			<node>
				<identifier>	MP_BM039_Artillery_shell_INDEX_33	</identifier>
				<transform>
					<row0>	1.0000 0.0000 0.0000 0.0000	</row0>
					<row1>	0.0000 1.0000 0.0000 0.0000	</row1>
					<row2>	0.0000 0.0000 1.0000 0.0000	</row2>
					<row3>	0.2561 0.1862 -2.5439 1.0000	</row3>
				</transform>
			</node>
			<node>
				<identifier>	MP_BM039_Artillery_shell_INDEX_34	</identifier>
				<transform>
					<row0>	0.9962 0.0000 -0.0872 0.0000	</row0>
					<row1>	0.0000 1.0000 0.0000 0.0000	</row1>
					<row2>	0.0872 0.0000 0.9962 0.0000	</row2>
					<row3>	0.2203 0.1892 -2.9495 1.0000	</row3>
				</transform>
			</node>
			<node>
				<identifier>	MP_BM039_Artillery_shell_INDEX_35	</identifier>
				<transform>
					<row0>	0.0000 0.0000 -1.0000 0.0000	</row0>
					<row1>	0.0000 1.0000 0.0000 0.0000	</row1>
					<row2>	1.0000 0.0000 0.0000 0.0000	</row2>
					<row3>	-0.0589 0.3872 -2.4925 1.0000	</row3>
				</transform>
			</node>
			<node>
				<identifier>	MP_BM039_Artillery_shell_INDEX_36	</identifier>
				<transform>
					<row0>	0.0000 0.0000 -1.0000 0.0000	</row0>
					<row1>	0.0000 1.0000 0.0000 0.0000	</row1>
					<row2>	1.0000 0.0000 0.0000 0.0000	</row2>
					<row3>	-0.0903 0.3826 -2.4643 1.0000	</row3>
				</transform>
			</node>
			<node>
				<identifier>	MP_BM039_Artillery_shell_INDEX_4	</identifier>
				<transform>
					<row0>	0.9737 0.0000 0.2280 0.0000	</row0>
					<row1>	0.0000 1.0000 0.0000 0.0000	</row1>
					<row2>	-0.2280 0.0000 0.9737 0.0000	</row2>
					<row3>	0.2139 0.3640 -2.1455 1.0000	</row3>
				</transform>
			</node>
			<node>
				<identifier>	MP_BM039_Artillery_shell_INDEX_5	</identifier>
				<transform>
					<row0>	-0.9659 0.0000 -0.2588 0.0000	</row0>
					<row1>	0.0000 1.0000 0.0000 0.0000	</row1>
					<row2>	0.2588 0.0000 -0.9659 0.0000	</row2>
					<row3>	-0.2103 0.3640 -2.2674 1.0000	</row3>
				</transform>
			</node>
			<node>
				<identifier>	MP_BM039_Artillery_shell_INDEX_6	</identifier>
				<transform>
					<row0>	1.0000 0.0000 0.0000 0.0000	</row0>
					<row1>	0.0000 1.0000 0.0000 0.0000	</row1>
					<row2>	0.0000 0.0000 1.0000 0.0000	</row2>
					<row3>	0.2538 0.1862 -2.5772 1.0000	</row3>
				</transform>
			</node>
			<node>
				<identifier>	MP_BM039_Artillery_shell_INDEX_7	</identifier>
				<transform>
					<row0>	0.9659 0.0000 -0.2588 0.0000	</row0>
					<row1>	0.0000 1.0000 0.0000 0.0000	</row1>
					<row2>	0.2588 0.0000 0.9659 0.0000	</row2>
					<row3>	0.1883 0.3640 -2.3245 1.0000	</row3>
				</transform>
			</node>
			<node>
				<identifier>	MP_BM039_Artillery_shell_INDEX_8	</identifier>
				<transform>
					<row0>	-0.9580 0.0000 0.2867 0.0000	</row0>
					<row1>	0.0000 1.0000 0.0000 0.0000	</row1>
					<row2>	-0.2867 0.0000 -0.9580 0.0000	</row2>
					<row3>	-0.2149 0.3640 -2.1457 1.0000	</row3>
				</transform>
			</node>
			<node>
				<identifier>	MP_BM039_Artillery_shell_INDEX_9	</identifier>
				<transform>
					<row0>	0.0000 0.0000 -1.0000 0.0000	</row0>
					<row1>	0.0000 1.0000 0.0000 0.0000	</row1>
					<row2>	1.0000 0.0000 0.0000 0.0000	</row2>
					<row3>	-0.0796 0.3654 -2.3592 1.0000	</row3>
				</transform>
			</node>
			<node>
				<identifier>	MP_BM609_Speaker	</identifier>
				<transform>
					<row0>	-1.0000 0.0000 0.0000 0.0000	</row0>
					<row1>	0.0000 1.0000 0.0000 0.0000	</row1>
					<row2>	0.0000 0.0000 -1.0000 0.0000	</row2>
					<row3>	-0.0125 0.3354 -2.3987 1.0000	</row3>
				</transform>
			</node>
			<node>
				<identifier>	MP_BM715_Locker	</identifier>
				<transform>
					<row0>	0.0000 0.2045 -1.1598 0.0000	</row0>
					<row1>	0.0000 1.1598 0.2045 0.0000	</row1>
					<row2>	1.1777 0.0000 0.0000 0.0000	</row2>
					<row3>	-0.0003 0.3685 -2.3799 1.0000	</row3>
				</transform>
			</node>
			<node>
				<identifier>	MP_BM717_Locker	</identifier>
				<transform>
					<row0>	1.0000 0.0000 0.0000 0.0000	</row0>
					<row1>	0.0000 1.0000 0.0000 0.0000	</row1>
					<row2>	0.0000 0.0000 1.0000 0.0000	</row2>
					<row3>	0.1531 0.2430 -2.3302 1.0000	</row3>
				</transform>
			</node>
			<node>
				<identifier>	MP_BM717_Locker_INDEX_1	</identifier>
				<transform>
					<row0>	1.0000 0.0000 0.0000 0.0000	</row0>
					<row1>	0.0000 1.0000 0.0000 0.0000	</row1>
					<row2>	0.0000 0.0000 1.0000 0.0000	</row2>
					<row3>	-0.1537 0.2430 -2.3302 1.0000	</row3>
				</transform>
			</node>
			<node>
				<identifier>	MP_BM857_Fog_Light	</identifier>
				<transform>
					<row0>	-0.8856 0.0000 0.0000 0.0000	</row0>
					<row1>	0.0000 0.8856 0.0000 0.0000	</row1>
					<row2>	0.0000 0.0000 -0.8856 0.0000	</row2>
					<row3>	-0.0003 0.4221 -2.6002 1.0000	</row3>
				</transform>
			</node>
			<node>
				<identifier>	MP_BM872_Running_Lights_B	</identifier>
				<transform>
					<row0>	-1.4041 0.0000 0.0000 0.0000	</row0>
					<row1>	0.0000 1.4041 0.0000 0.0000	</row1>
					<row2>	0.0000 0.0000 -1.4041 0.0000	</row2>
					<row3>	-0.0003 0.3696 -3.1746 1.0000	</row3>
				</transform>
			</node>
			<node>
				<identifier>	MP_BM973_Fairlead	</identifier>
				<transform>
					<row0>	0.9892 -0.0544 -0.1358 0.0000	</row0>
					<row1>	0.0552 0.9985 0.0020 0.0000	</row1>
					<row2>	0.1355 -0.0094 0.9907 0.0000	</row2>
					<row3>	0.2459 0.1889 -2.8953 1.0000	</row3>
				</transform>
			</node>
			<node>
				<identifier>	MP_BM973_Fairlead_INDEX_1	</identifier>
				<transform>
					<row0>	0.9892 0.0544 0.1358 0.0000	</row0>
					<row1>	-0.0552 0.9985 0.0020 0.0000	</row1>
					<row2>	-0.1355 -0.0094 0.9907 0.0000	</row2>
					<row3>	-0.2465 0.1889 -2.8953 1.0000	</row3>
				</transform>
			</node>
			<node>
				<identifier>	MP_BM973_Fairlead_INDEX_2	</identifier>
				<transform>
					<row0>	0.4226 0.0000 -0.9063 0.0000	</row0>
					<row1>	0.0171 0.9998 0.0080 0.0000	</row1>
					<row2>	0.9061 -0.0188 0.4225 0.0000	</row2>
					<row3>	0.0932 0.1974 -3.2232 1.0000	</row3>
				</transform>
			</node>
			<node>
				<identifier>	MP_BM973_Fairlead_INDEX_3	</identifier>
				<transform>
					<row0>	0.4226 0.0000 0.9063 0.0000	</row0>
					<row1>	-0.0171 0.9998 0.0080 0.0000	</row1>
					<row2>	-0.9061 -0.0188 0.4225 0.0000	</row2>
					<row3>	-0.0938 0.1974 -3.2232 1.0000	</row3>
				</transform>
			</node>
			<node>
				<identifier>	MP_CM001_Propeller3_L	</identifier>
				<transform>
					<row0>	0.5994 -0.0146 0.0119 0.0000	</row0>
					<row1>	0.0154 0.5981 -0.0416 0.0000	</row1>
					<row2>	-0.0109 0.0419 0.5981 0.0000	</row2>
					<row3>	-0.1318 -0.1714 -2.8829 1.0000	</row3>
				</transform>
			</node>
			<node>
				<identifier>	MP_CM029_Emergency_Box	</identifier>
				<transform>
					<row0>	1.0000 0.0000 0.0000 0.0000	</row0>
					<row1>	0.0000 1.0000 0.0000 0.0000	</row1>
					<row2>	0.0000 0.0000 1.0000 0.0000	</row2>
					<row3>	0.1065 0.2532 -2.4055 1.0000	</row3>
				</transform>
			</node>
			<node>
				<identifier>	MP_CM032_Propeller3_R	</identifier>
				<transform>
					<row0>	0.5997 0.0146 -0.0119 0.0000	</row0>
					<row1>	-0.0154 0.5984 -0.0416 0.0000	</row1>
					<row2>	0.0109 0.0419 0.5984 0.0000	</row2>
					<row3>	0.1318 -0.1714 -2.8829 1.0000	</row3>
				</transform>
			</node>
			<node>
				<identifier>	MP_CM081_Life_Buoy	</identifier>
				<transform>
					<row0>	0.0948 0.0000 -0.9527 0.0000	</row0>
					<row1>	0.0000 0.9574 0.0000 0.0000	</row1>
					<row2>	0.9527 0.0000 0.0948 0.0000	</row2>
					<row3>	-0.2435 0.2571 -2.7905 1.0000	</row3>
				</transform>
			</node>
			<node>
				<identifier>	MP_CM081_Life_Buoy_INDEX_1	</identifier>
				<transform>
					<row0>	0.1005 0.0000 0.9521 0.0000	</row0>
					<row1>	0.0000 0.9574 0.0000 0.0000	</row1>
					<row2>	-0.9521 0.0000 0.1005 0.0000	</row2>
					<row3>	0.2442 0.2571 -2.7863 1.0000	</row3>
				</transform>
			</node>
			<node>
				<identifier>	MP_CM112_Fire_Extinguisher	</identifier>
				<transform>
					<row0>	0.0000 0.0000 -1.0000 0.0000	</row0>
					<row1>	0.0000 1.0000 0.0000 0.0000	</row1>
					<row2>	1.0000 0.0000 0.0000 0.0000	</row2>
					<row3>	0.1141 0.2082 -2.4034 1.0000	</row3>
				</transform>
			</node>
		</node>
	</node>
	<boundingBox>
		<min>	-0.0667 -0.0667 -0.0667	</min>
		<max>	0.0667 0.0667 0.0667	</max>
	</boundingBox>
</BSD003_Gallant_1940_Stern_ports.visual>
