<GSB052_Anhalt_1944_Bow_ports.visual>
	<node>
		<identifier>	Scene Root	</identifier>
		<transform>
			<row0>	1.0000 0.0000 0.0000 0.0000	</row0>
			<row1>	0.0000 1.0000 0.0000 0.0000	</row1>
			<row2>	0.0000 0.0000 1.0000 0.0000	</row2>
			<row3>	0.0000 0.0000 0.0000 1.0000	</row3>
		</transform>
		<node>
			<identifier>	Bow_ports	</identifier>
			<transform>
				<row0>	1.0000 0.0000 0.0000 0.0000	</row0>
				<row1>	0.0000 1.0000 0.0000 0.0000	</row1>
				<row2>	0.0000 0.0000 1.0000 0.0000	</row2>
				<row3>	0.0000 0.0000 0.0000 1.0000	</row3>
			</transform>
			<node>
				<identifier>	HP_FX_Death_1	</identifier>
				<transform>
					<row0>	1.0000 0.0000 0.0000 0.0000	</row0>
					<row1>	0.0000 1.0000 0.0000 0.0000	</row1>
					<row2>	0.0000 0.0000 1.0000 0.0000	</row2>
					<row3>	0.0000 0.0000 4.6873 1.0000	</row3>
				</transform>
			</node>
			<node>
				<identifier>	HP_FX_Fire_1	</identifier>
				<transform>
					<row0>	1.0000 0.0000 0.0000 0.0000	</row0>
					<row1>	0.0000 1.0000 0.0000 0.0000	</row1>
					<row2>	0.0000 0.0000 1.0000 0.0000	</row2>
					<row3>	0.0000 0.4477 6.5973 1.0000	</row3>
				</transform>
			</node>
			<node>
				<identifier>	HP_FX_Flood_steam_left	</identifier>
				<transform>
					<row0>	-0.9989 0.0449 0.0000 0.0000	</row0>
					<row1>	0.0449 0.9989 0.0000 0.0000	</row1>
					<row2>	0.0000 0.0000 -1.0000 0.0000	</row2>
					<row3>	-0.6675 0.3465 5.6921 1.0000	</row3>
				</transform>
			</node>
			<node>
				<identifier>	HP_FX_RepairLight_left_1	</identifier>
				<transform>
					<row0>	0.1167 0.0000 0.9932 0.0000	</row0>
					<row1>	-0.0121 0.9999 0.0014 0.0000	</row1>
					<row2>	-0.9931 -0.0122 0.1166 0.0000	</row2>
					<row3>	-0.8473 0.2516 4.6275 1.0000	</row3>
				</transform>
			</node>
			<node>
				<identifier>	HP_FX_WakeTrace	</identifier>
				<transform>
					<row0>	1.0000 0.0000 0.0000 0.0000	</row0>
					<row1>	0.0000 1.0000 0.0000 0.0000	</row1>
					<row2>	0.0000 0.0000 1.0000 0.0000	</row2>
					<row3>	0.0000 0.0000 8.5369 1.0000	</row3>
				</transform>
			</node>
			<node>
				<identifier>	HP_GGM_1	</identifier>
				<transform>
					<row0>	1.0000 0.0000 0.0000 0.0000	</row0>
					<row1>	0.0000 1.0000 0.0000 0.0000	</row1>
					<row2>	0.0000 0.0000 1.0000 0.0000	</row2>
					<row3>	0.0000 0.4845 5.0127 1.0000	</row3>
				</transform>
			</node>
			<node>
				<identifier>	HP_GGT_1	</identifier>
				<transform>
					<row0>	0.0000 0.0000 1.0000 0.0000	</row0>
					<row1>	0.0000 1.0000 0.0000 0.0000	</row1>
					<row2>	-1.0000 0.0000 0.0000 0.0000	</row2>
					<row3>	0.1534 -0.3674 6.0924 1.0000	</row3>
				</transform>
			</node>
			<node>
				<identifier>	HP_GGT_2	</identifier>
				<transform>
					<row0>	0.0000 0.0000 -1.0000 0.0000	</row0>
					<row1>	0.0000 1.0000 0.0000 0.0000	</row1>
					<row2>	1.0000 0.0000 0.0000 0.0000	</row2>
					<row3>	-0.2274 -0.3674 6.4129 1.0000	</row3>
				</transform>
			</node>
			<node>
				<identifier>	HP_Ship_death_1	</identifier>
				<transform>
					<row0>	1.0000 0.0000 0.0000 0.0000	</row0>
					<row1>	0.0000 1.0000 0.0000 0.0000	</row1>
					<row2>	0.0000 0.0000 1.0000 0.0000	</row2>
					<row3>	0.0000 0.0000 4.4842 1.0000	</row3>
				</transform>
			</node>
			<node>
				<identifier>	MP_CM011_Fire_Fighting_Gear	</identifier>
				<transform>
					<row0>	-0.2588 0.0000 0.9659 0.0000	</row0>
					<row1>	0.0000 1.0000 0.0000 0.0000	</row1>
					<row2>	-0.9659 0.0000 -0.2588 0.0000	</row2>
					<row3>	0.4467 0.4364 5.1066 1.0000	</row3>
				</transform>
			</node>
			<node>
				<identifier>	MP_CM011_Fire_Fighting_Gear_INDEX_1	</identifier>
				<transform>
					<row0>	-0.2588 0.0000 -0.9659 0.0000	</row0>
					<row1>	0.0000 1.0000 0.0000 0.0000	</row1>
					<row2>	0.9659 0.0000 -0.2588 0.0000	</row2>
					<row3>	-0.4467 0.4364 5.1066 1.0000	</row3>
				</transform>
			</node>
			<node>
				<identifier>	MP_CM029_Emergency_Box	</identifier>
				<transform>
					<row0>	-0.2929 0.0000 0.9562 0.0000	</row0>
					<row1>	0.0000 1.0000 0.0000 0.0000	</row1>
					<row2>	-0.9562 0.0000 -0.2929 0.0000	</row2>
					<row3>	0.4217 0.4602 5.1682 1.0000	</row3>
				</transform>
			</node>
			<node>
				<identifier>	MP_CM029_Emergency_Box_INDEX_1	</identifier>
				<transform>
					<row0>	-0.2929 0.0000 -0.9562 0.0000	</row0>
					<row1>	0.0000 1.0000 0.0000 0.0000	</row1>
					<row2>	0.9562 0.0000 -0.2929 0.0000	</row2>
					<row3>	-0.4217 0.4602 5.1682 1.0000	</row3>
				</transform>
			</node>
			<node>
				<identifier>	MP_CM109_Leadsman_Platform	</identifier>
				<transform>
					<row0>	0.9630 0.1482 0.2250 0.0000	</row0>
					<row1>	-0.1330 0.9878 -0.0814 0.0000	</row1>
					<row2>	-0.2343 0.0484 0.9710 0.0000	</row2>
					<row3>	0.2512 0.4794 8.1866 1.0000	</row3>
				</transform>
			</node>
			<node>
				<identifier>	MP_CM109_Leadsman_Platform_INDEX_1	</identifier>
				<transform>
					<row0>	-0.9666 0.1496 0.2080 0.0000	</row0>
					<row1>	0.1359 0.9876 -0.0789 0.0000	</row1>
					<row2>	-0.2172 -0.0480 -0.9749 0.0000	</row2>
					<row3>	-0.2512 0.4794 8.1866 1.0000	</row3>
				</transform>
			</node>
			<node>
				<identifier>	MP_CM109_Leadsman_Platform_INDEX_2	</identifier>
				<transform>
					<row0>	0.9795 0.1648 0.1156 0.0000	</row0>
					<row1>	-0.1638 0.9863 -0.0182 0.0000	</row1>
					<row2>	-0.1170 -0.0011 0.9931 0.0000	</row2>
					<row3>	0.8382 0.2552 4.6526 1.0000	</row3>
				</transform>
			</node>
			<node>
				<identifier>	MP_CM109_Leadsman_Platform_INDEX_3	</identifier>
				<transform>
					<row0>	-0.9794 0.1653 0.1161 0.0000	</row0>
					<row1>	0.1641 0.9862 -0.0200 0.0000	</row1>
					<row2>	-0.1179 -0.0005 -0.9930 0.0000	</row2>
					<row3>	-0.8384 0.2553 4.6526 1.0000	</row3>
				</transform>
			</node>
			<node>
				<identifier>	MP_GM003_Reels_1	</identifier>
				<transform>
					<row0>	1.0000 -0.0093 0.0000 0.0000	</row0>
					<row1>	0.0093 0.9999 -0.0040 0.0000	</row1>
					<row2>	0.0000 0.0040 1.0000 0.0000	</row2>
					<row3>	0.2194 0.4377 4.3736 1.0000	</row3>
				</transform>
			</node>
			<node>
				<identifier>	MP_GM003_Reels_1_INDEX_1	</identifier>
				<transform>
					<row0>	1.0000 0.0093 0.0000 0.0000	</row0>
					<row1>	-0.0093 0.9999 -0.0040 0.0000	</row1>
					<row2>	0.0000 0.0040 1.0000 0.0000	</row2>
					<row3>	-0.2194 0.4377 4.3736 1.0000	</row3>
				</transform>
			</node>
			<node>
				<identifier>	MP_GM016_Sleeve	</identifier>
				<transform>
					<row0>	0.0976 0.0000 0.9952 0.0000	</row0>
					<row1>	0.0000 1.0000 0.0000 0.0000	</row1>
					<row2>	-0.9952 0.0000 0.0976 0.0000	</row2>
					<row3>	-0.4400 0.4602 5.0590 1.0000	</row3>
				</transform>
			</node>
			<node>
				<identifier>	MP_GM016_Sleeve_INDEX_1	</identifier>
				<transform>
					<row0>	0.0976 0.0000 -0.9952 0.0000	</row0>
					<row1>	0.0000 1.0000 0.0000 0.0000	</row1>
					<row2>	0.9952 0.0000 0.0976 0.0000	</row2>
					<row3>	0.4400 0.4602 5.0590 1.0000	</row3>
				</transform>
			</node>
			<node>
				<identifier>	MP_GM182_Monogramm_Anhalt	</identifier>
				<transform>
					<row0>	0.2500 -0.0030 0.9682 0.0000	</row0>
					<row1>	-0.2984 0.9511 0.0800 0.0000	</row1>
					<row2>	-0.9211 -0.3089 0.2369 0.0000	</row2>
					<row3>	-0.1412 0.2827 8.3250 1.0000	</row3>
				</transform>
			</node>
			<node>
				<identifier>	MP_GM182_Monogramm_Anhalt_INDEX_1	</identifier>
				<transform>
					<row0>	0.2500 0.0030 -0.9682 0.0000	</row0>
					<row1>	0.2984 0.9511 0.0800 0.0000	</row1>
					<row2>	0.9211 -0.3089 0.2369 0.0000	</row2>
					<row3>	0.1412 0.2827 8.3250 1.0000	</row3>
				</transform>
			</node>
			<node>
				<identifier>	MP_GM918_Torpedo_crane	</identifier>
				<transform>
					<row0>	-1.0000 0.0000 0.0000 0.0000	</row0>
					<row1>	0.0000 1.0000 -0.0082 0.0000	</row1>
					<row2>	0.0000 -0.0082 -1.0000 0.0000	</row2>
					<row3>	-0.0035 0.4429 6.8111 1.0000	</row3>
				</transform>
			</node>
			<node>
				<identifier>	MP_GM966_Firelead	</identifier>
				<transform>
					<row0>	0.9760 -0.0315 0.2155 0.0000	</row0>
					<row1>	0.0352 0.9993 -0.0136 0.0000	</row1>
					<row2>	-0.2149 0.0209 0.9764 0.0000	</row2>
					<row3>	0.4244 0.4369 7.3292 1.0000	</row3>
				</transform>
			</node>
			<node>
				<identifier>	MP_GM966_Firelead_INDEX_1	</identifier>
				<transform>
					<row0>	0.9994 0.0354 0.0000 0.0000	</row0>
					<row1>	-0.0354 0.9994 0.0000 0.0000	</row1>
					<row2>	0.0000 0.0000 1.0000 0.0000	</row2>
					<row3>	-0.6444 0.4252 5.6530 1.0000	</row3>
				</transform>
			</node>
			<node>
				<identifier>	MP_GM966_Firelead_INDEX_2	</identifier>
				<transform>
					<row0>	0.9760 0.0315 -0.2155 0.0000	</row0>
					<row1>	-0.0352 0.9993 -0.0136 0.0000	</row1>
					<row2>	0.2149 0.0209 0.9764 0.0000	</row2>
					<row3>	-0.4244 0.4369 7.3292 1.0000	</row3>
				</transform>
			</node>
			<node>
				<identifier>	MP_GM966_Firelead_INDEX_3	</identifier>
				<transform>
					<row0>	0.9994 -0.0354 0.0000 0.0000	</row0>
					<row1>	0.0354 0.9994 0.0000 0.0000	</row1>
					<row2>	0.0000 0.0000 1.0000 0.0000	</row2>
					<row3>	0.6444 0.4252 5.6530 1.0000	</row3>
				</transform>
			</node>
			<node>
				<identifier>	MP_GM969_Anchor_up	</identifier>
				<transform>
					<row0>	0.9759 -0.2182 0.0056 0.0000	</row0>
					<row1>	0.0049 -0.0035 -1.0000 0.0000	</row1>
					<row2>	0.2182 0.9759 -0.0024 0.0000	</row2>
					<row3>	0.2270 0.4763 7.8507 1.0000	</row3>
				</transform>
			</node>
			<node>
				<identifier>	MP_GM969_Anchor_up_INDEX_1	</identifier>
				<transform>
					<row0>	1.0000 0.0000 0.0000 0.0000	</row0>
					<row1>	0.0000 0.4769 -0.8789 0.0000	</row1>
					<row2>	0.0000 0.8789 0.4769 0.0000	</row2>
					<row3>	0.0000 0.4214 8.8674 1.0000	</row3>
				</transform>
			</node>
			<node>
				<identifier>	MP_GM969_Anchor_up_INDEX_2	</identifier>
				<transform>
					<row0>	0.9759 0.2182 -0.0056 0.0000	</row0>
					<row1>	-0.0049 -0.0035 -1.0000 0.0000	</row1>
					<row2>	-0.2182 0.9759 -0.0024 0.0000	</row2>
					<row3>	-0.2270 0.4763 7.8507 1.0000	</row3>
				</transform>
			</node>
			<node>
				<identifier>	MP_GM970_Anchor_bottom	</identifier>
				<transform>
					<row0>	1.0000 0.0000 0.0000 0.0000	</row0>
					<row1>	0.0000 -0.2915 -0.9566 0.0000	</row1>
					<row2>	0.0000 0.9566 -0.2915 0.0000	</row2>
					<row3>	0.0000 0.4214 8.8674 1.0000	</row3>
				</transform>
			</node>
			<node>
				<identifier>	MP_GM970_Anchor_bottom_INDEX_1	</identifier>
				<transform>
					<row0>	0.9759 0.2182 -0.0056 0.0000	</row0>
					<row1>	-0.0029 -0.0124 -0.9999 0.0000	</row1>
					<row2>	-0.2183 0.9758 -0.0115 0.0000	</row2>
					<row3>	-0.2270 0.4763 7.8507 1.0000	</row3>
				</transform>
			</node>
			<node>
				<identifier>	MP_GM970_Anchor_bottom_INDEX_2	</identifier>
				<transform>
					<row0>	0.9759 -0.2182 0.0056 0.0000	</row0>
					<row1>	0.0029 -0.0124 -0.9999 0.0000	</row1>
					<row2>	0.2183 0.9758 -0.0115 0.0000	</row2>
					<row3>	0.2270 0.4763 7.8507 1.0000	</row3>
				</transform>
			</node>
			<node>
				<identifier>	SP_YMS001_YHBM_M_1	</identifier>
				<transform>
					<row0>	1.1454 0.0000 0.0000 0.0000	</row0>
					<row1>	0.0000 1.1454 0.0000 0.0000	</row1>
					<row2>	0.0000 0.0000 1.1454 0.0000	</row2>
					<row3>	0.0000 0.5168 8.9336 1.0000	</row3>
				</transform>
			</node>
			<node>
				<identifier>	SP_YMS002_YHBL_M_1	</identifier>
				<transform>
					<row0>	0.8703 0.0000 0.0000 0.0000	</row0>
					<row1>	0.0000 0.8675 -0.0699 0.0000	</row1>
					<row2>	0.0000 0.0699 0.8675 0.0000	</row2>
					<row3>	0.0000 0.5168 8.9336 1.0000	</row3>
				</transform>
			</node>
			<node>
				<identifier>	SP_YMS003_YHBR_M_1	</identifier>
				<transform>
					<row0>	0.8700 0.0000 0.0000 0.0000	</row0>
					<row1>	0.0000 0.8672 -0.0699 0.0000	</row1>
					<row2>	0.0000 0.0699 0.8672 0.0000	</row2>
					<row3>	0.0000 0.5168 8.9336 1.0000	</row3>
				</transform>
			</node>
			<node>
				<identifier>	SP_YMS010_YHWM_L_1	</identifier>
				<transform>
					<row0>	1.0000 0.0000 0.0000 0.0000	</row0>
					<row1>	0.0000 1.0000 0.0000 0.0000	</row1>
					<row2>	0.0000 0.0000 1.0000 0.0000	</row2>
					<row3>	0.0000 0.0000 9.0521 1.0000	</row3>
				</transform>
			</node>
			<node>
				<identifier>	SP_YMS011_YHWL_M_1	</identifier>
				<transform>
					<row0>	1.0531 0.2732 -0.2362 0.0000	</row0>
					<row1>	-0.2667 1.0793 0.0590 0.0000	</row1>
					<row2>	0.2435 0.0008 1.0864 0.0000	</row2>
					<row3>	-0.3010 0.0000 7.3435 1.0000	</row3>
				</transform>
			</node>
			<node>
				<identifier>	SP_YMS011_YHWL_M_1_INDEX_1	</identifier>
				<transform>
					<row0>	1.0522 0.2731 -0.2388 0.0000	</row0>
					<row1>	-0.2677 1.0790 0.0544 0.0000	</row1>
					<row2>	0.2449 0.0060 1.0857 0.0000	</row2>
					<row3>	-0.5188 0.0000 6.4231 1.0000	</row3>
				</transform>
			</node>
			<node>
				<identifier>	SP_YMS011_YHWL_M_1_INDEX_2	</identifier>
				<transform>
					<row0>	1.0858 0.1364 -0.2032 0.0000	</row0>
					<row1>	-0.1346 1.1046 0.0221 0.0000	</row1>
					<row2>	0.2044 0.0030 1.0941 0.0000	</row2>
					<row3>	-0.7076 0.0000 5.4932 1.0000	</row3>
				</transform>
			</node>
			<node>
				<identifier>	SP_YMS011_YHWL_M_1_INDEX_3	</identifier>
				<transform>
					<row0>	1.0950 0.1288 -0.1520 0.0000	</row0>
					<row1>	-0.1271 1.1055 0.0210 0.0000	</row1>
					<row2>	0.1534 -0.0033 1.1024 0.0000	</row2>
					<row3>	-0.8609 0.0000 4.5558 1.0000	</row3>
				</transform>
			</node>
			<node>
				<identifier>	SP_YMS012_YHWR_M_1_INDEX_14	</identifier>
				<transform>
					<row0>	1.0522 -0.2731 0.2388 0.0000	</row0>
					<row1>	0.2677 1.0790 0.0544 0.0000	</row1>
					<row2>	-0.2449 0.0060 1.0857 0.0000	</row2>
					<row3>	0.5188 0.0000 6.4231 1.0000	</row3>
				</transform>
			</node>
			<node>
				<identifier>	SP_YMS012_YHWR_M_1_INDEX_15	</identifier>
				<transform>
					<row0>	1.0528 -0.2731 0.2362 0.0000	</row0>
					<row1>	0.2667 1.0790 0.0590 0.0000	</row1>
					<row2>	-0.2434 0.0008 1.0861 0.0000	</row2>
					<row3>	0.3010 0.0000 7.3435 1.0000	</row3>
				</transform>
			</node>
			<node>
				<identifier>	SP_YMS012_YHWR_M_1_INDEX_16	</identifier>
				<transform>
					<row0>	1.0858 -0.1364 0.2032 0.0000	</row0>
					<row1>	0.1346 1.1046 0.0221 0.0000	</row1>
					<row2>	-0.2044 0.0030 1.0941 0.0000	</row2>
					<row3>	0.7076 0.0000 5.4932 1.0000	</row3>
				</transform>
			</node>
			<node>
				<identifier>	SP_YMS012_YHWR_M_1_INDEX_4	</identifier>
				<transform>
					<row0>	1.0950 -0.1288 0.1520 0.0000	</row0>
					<row1>	0.1271 1.1055 0.0210 0.0000	</row1>
					<row2>	-0.1534 -0.0033 1.1024 0.0000	</row2>
					<row3>	0.8609 0.0000 4.5558 1.0000	</row3>
				</transform>
			</node>
			<node>
				<identifier>	SP_YMS020_YHBU_M_1	</identifier>
				<transform>
					<row0>	1.2534 0.0000 0.0000 0.0000	</row0>
					<row1>	0.0000 1.2534 0.0000 0.0000	</row1>
					<row2>	0.0000 0.0000 1.2534 0.0000	</row2>
					<row3>	0.0000 -0.0966 8.4088 1.0000	</row3>
				</transform>
			</node>
			<node>
				<identifier>	SP_YMS022_YHUS_L_1	</identifier>
				<transform>
					<row0>	-0.2471 0.0000 -1.4990 0.0000	</row0>
					<row1>	-0.5285 1.4217 0.0870 0.0000	</row1>
					<row2>	1.4027 0.5356 -0.2312 0.0000	</row2>
					<row3>	-0.5852 -0.5061 5.0804 1.0000	</row3>
				</transform>
			</node>
			<node>
				<identifier>	SP_YMS022_YHUS_L_1_INDEX_3	</identifier>
				<transform>
					<row0>	-0.2471 0.0000 1.4990 0.0000	</row0>
					<row1>	0.5285 1.4217 0.0870 0.0000	</row1>
					<row2>	-1.4027 0.5356 -0.2312 0.0000	</row2>
					<row3>	0.5852 -0.5061 5.0804 1.0000	</row3>
				</transform>
			</node>
			<node>
				<identifier>	SP_YMS051_YHDL_L_1	</identifier>
				<transform>
					<row0>	0.9857 0.0000 -0.1687 0.0000	</row0>
					<row1>	0.0000 1.0000 0.0000 0.0000	</row1>
					<row2>	0.1687 0.0000 0.9857 0.0000	</row2>
					<row3>	-0.5542 0.4172 6.6587 1.0000	</row3>
				</transform>
			</node>
			<node>
				<identifier>	SP_YMS052_YHDR_L_1	</identifier>
				<transform>
					<row0>	0.9857 0.0000 0.1687 0.0000	</row0>
					<row1>	0.0000 1.0000 0.0000 0.0000	</row1>
					<row2>	-0.1687 0.0000 0.9857 0.0000	</row2>
					<row3>	0.5542 0.4172 6.6587 1.0000	</row3>
				</transform>
			</node>
			<node>
				<identifier>	SP_YMS053_YHDC_S_1	</identifier>
				<transform>
					<row0>	1.0000 0.0000 0.0000 0.0000	</row0>
					<row1>	0.0000 1.0000 0.0000 0.0000	</row1>
					<row2>	0.0000 0.0000 1.0000 0.0000	</row2>
					<row3>	0.0000 0.4640 7.2528 1.0000	</row3>
				</transform>
			</node>
			<node>
				<identifier>	SP_YMS072_YHHC_M_1	</identifier>
				<transform>
					<row0>	-0.0984 0.0000 0.6819 0.0000	</row0>
					<row1>	0.0000 0.6890 0.0000 0.0000	</row1>
					<row2>	-0.6819 0.0000 -0.0984 0.0000	</row2>
					<row3>	0.8271 0.1483 4.7752 1.0000	</row3>
				</transform>
			</node>
			<node>
				<identifier>	SP_YMS072_YHHC_M_1_INDEX_3	</identifier>
				<transform>
					<row0>	-0.0984 0.0000 -0.6819 0.0000	</row0>
					<row1>	0.0000 0.6890 0.0000 0.0000	</row1>
					<row2>	0.6819 0.0000 -0.0984 0.0000	</row2>
					<row3>	-0.8271 0.1483 4.7752 1.0000	</row3>
				</transform>
			</node>
			<node>
				<identifier>	SP_YMS080_YHSL_M_1	</identifier>
				<transform>
					<row0>	0.8237 0.0000 0.0000 0.0000	</row0>
					<row1>	0.0000 0.8237 0.0000 0.0000	</row1>
					<row2>	0.0000 0.0000 0.8237 0.0000	</row2>
					<row3>	-0.6870 0.3000 5.7969 1.0000	</row3>
				</transform>
			</node>
			<node>
				<identifier>	SP_YMS081_YHSR_M_1	</identifier>
				<transform>
					<row0>	0.8240 0.0000 0.0000 0.0000	</row0>
					<row1>	0.0000 0.8240 0.0000 0.0000	</row1>
					<row2>	0.0000 0.0000 0.8240 0.0000	</row2>
					<row3>	0.6870 0.3000 5.7969 1.0000	</row3>
				</transform>
			</node>
			<node>
				<identifier>	SP_YMS082_YHSC_M_1	</identifier>
				<transform>
					<row0>	-0.1466 0.0000 -0.9892 0.0000	</row0>
					<row1>	-0.1219 0.9924 0.0181 0.0000	</row1>
					<row2>	0.9817 0.1232 -0.1455 0.0000	</row2>
					<row3>	-0.7894 0.1780 5.1274 1.0000	</row3>
				</transform>
			</node>
			<node>
				<identifier>	SP_YMS082_YHSC_M_1_INDEX_1	</identifier>
				<transform>
					<row0>	-0.1466 0.0000 0.9892 0.0000	</row0>
					<row1>	0.1219 0.9924 0.0181 0.0000	</row1>
					<row2>	-0.9817 0.1232 -0.1455 0.0000	</row2>
					<row3>	0.7894 0.1780 5.1274 1.0000	</row3>
				</transform>
			</node>
			<node>
				<identifier>	SP_YMS096_YHZC_S_1_INDEX_10	</identifier>
				<transform>
					<row0>	0.0000 0.0000 0.6576 0.0000	</row0>
					<row1>	0.0000 0.6576 0.0000 0.0000	</row1>
					<row2>	-0.6576 0.0000 0.0000 0.0000	</row2>
					<row3>	0.6604 0.4975 5.3891 1.0000	</row3>
				</transform>
			</node>
			<node>
				<identifier>	SP_YMS097_YHZC_S_2_INDEX_3	</identifier>
				<transform>
					<row0>	0.0014 0.0000 0.6420 0.0000	</row0>
					<row1>	0.0000 0.6420 0.0000 0.0000	</row1>
					<row2>	-0.6420 0.0000 0.0014 0.0000	</row2>
					<row3>	0.6604 0.4977 4.5441 1.0000	</row3>
				</transform>
			</node>
		</node>
	</node>
	<boundingBox>
		<min>	-0.0667 -0.0667 -0.0667	</min>
		<max>	0.0667 0.0667 0.0667	</max>
	</boundingBox>
</GSB052_Anhalt_1944_Bow_ports.visual>
