<RAB707_Beriev_Be_6PLO_lod3.visual>
	<node>
		<identifier>	Scene Root	</identifier>
		<transform>
			<row0>	1.0000 0.0000 0.0000 0.0000	</row0>
			<row1>	0.0000 1.0000 0.0000 0.0000	</row1>
			<row2>	0.0000 0.0000 1.0000 0.0000	</row2>
			<row3>	0.0000 0.0000 0.0000 1.0000	</row3>
		</transform>
		<node>
			<identifier>	Root	</identifier>
			<transform>
				<row0>	1.0000 0.0000 0.0000 0.0000	</row0>
				<row1>	0.0000 1.0000 0.0000 0.0000	</row1>
				<row2>	0.0000 0.0000 1.0000 0.0000	</row2>
				<row3>	0.0000 0.0000 0.0000 1.0000	</row3>
			</transform>
			<node>
				<identifier>	HP_Air_bomb_1	</identifier>
				<transform>
					<row0>	1.0000 0.0000 0.0000 0.0000	</row0>
					<row1>	0.0000 0.9961 -0.0881 0.0000	</row1>
					<row2>	0.0000 0.0881 0.9961 0.0000	</row2>
					<row3>	-0.2913 0.2675 0.1012 1.0000	</row3>
				</transform>
			</node>
			<node>
				<identifier>	HP_Air_bomb_10	</identifier>
				<transform>
					<row0>	1.0000 0.0000 0.0000 0.0000	</row0>
					<row1>	0.0000 0.9961 -0.0881 0.0000	</row1>
					<row2>	0.0000 0.0881 0.9961 0.0000	</row2>
					<row3>	0.4541 0.2697 0.0789 1.0000	</row3>
				</transform>
			</node>
			<node>
				<identifier>	HP_Air_bomb_11	</identifier>
				<transform>
					<row0>	1.0000 0.0000 0.0000 0.0000	</row0>
					<row1>	0.0000 0.9961 -0.0881 0.0000	</row1>
					<row2>	0.0000 0.0881 0.9961 0.0000	</row2>
					<row3>	-0.4954 0.2702 0.0759 1.0000	</row3>
				</transform>
			</node>
			<node>
				<identifier>	HP_Air_bomb_12	</identifier>
				<transform>
					<row0>	1.0000 0.0000 0.0000 0.0000	</row0>
					<row1>	0.0000 0.9961 -0.0881 0.0000	</row1>
					<row2>	0.0000 0.0881 0.9961 0.0000	</row2>
					<row3>	0.4954 0.2702 0.0759 1.0000	</row3>
				</transform>
			</node>
			<node>
				<identifier>	HP_Air_bomb_2	</identifier>
				<transform>
					<row0>	1.0000 0.0000 0.0000 0.0000	</row0>
					<row1>	0.0000 0.9961 -0.0881 0.0000	</row1>
					<row2>	0.0000 0.0881 0.9961 0.0000	</row2>
					<row3>	0.2913 0.2675 0.1012 1.0000	</row3>
				</transform>
			</node>
			<node>
				<identifier>	HP_Air_bomb_3	</identifier>
				<transform>
					<row0>	1.0000 0.0000 0.0000 0.0000	</row0>
					<row1>	0.0000 0.9961 -0.0881 0.0000	</row1>
					<row2>	0.0000 0.0881 0.9961 0.0000	</row2>
					<row3>	-0.3321 0.2683 0.0941 1.0000	</row3>
				</transform>
			</node>
			<node>
				<identifier>	HP_Air_bomb_4	</identifier>
				<transform>
					<row0>	1.0000 0.0000 0.0000 0.0000	</row0>
					<row1>	0.0000 0.9961 -0.0881 0.0000	</row1>
					<row2>	0.0000 0.0881 0.9961 0.0000	</row2>
					<row3>	0.3321 0.2683 0.0941 1.0000	</row3>
				</transform>
			</node>
			<node>
				<identifier>	HP_Air_bomb_5	</identifier>
				<transform>
					<row0>	1.0000 0.0000 0.0000 0.0000	</row0>
					<row1>	0.0000 0.9961 -0.0881 0.0000	</row1>
					<row2>	0.0000 0.0881 0.9961 0.0000	</row2>
					<row3>	-0.3725 0.2687 0.0906 1.0000	</row3>
				</transform>
			</node>
			<node>
				<identifier>	HP_Air_bomb_6	</identifier>
				<transform>
					<row0>	1.0000 0.0000 0.0000 0.0000	</row0>
					<row1>	0.0000 0.9961 -0.0881 0.0000	</row1>
					<row2>	0.0000 0.0881 0.9961 0.0000	</row2>
					<row3>	0.3725 0.2687 0.0906 1.0000	</row3>
				</transform>
			</node>
			<node>
				<identifier>	HP_Air_bomb_7	</identifier>
				<transform>
					<row0>	1.0000 0.0000 0.0000 0.0000	</row0>
					<row1>	0.0000 0.9961 -0.0881 0.0000	</row1>
					<row2>	0.0000 0.0881 0.9961 0.0000	</row2>
					<row3>	-0.4131 0.2697 0.0857 1.0000	</row3>
				</transform>
			</node>
			<node>
				<identifier>	HP_Air_bomb_8	</identifier>
				<transform>
					<row0>	1.0000 0.0000 0.0000 0.0000	</row0>
					<row1>	0.0000 0.9961 -0.0881 0.0000	</row1>
					<row2>	0.0000 0.0881 0.9961 0.0000	</row2>
					<row3>	0.4131 0.2697 0.0857 1.0000	</row3>
				</transform>
			</node>
			<node>
				<identifier>	HP_Air_bomb_9	</identifier>
				<transform>
					<row0>	1.0000 0.0000 0.0000 0.0000	</row0>
					<row1>	0.0000 0.9961 -0.0881 0.0000	</row1>
					<row2>	0.0000 0.0881 0.9961 0.0000	</row2>
					<row3>	-0.4541 0.2697 0.0789 1.0000	</row3>
				</transform>
			</node>
			<node>
				<identifier>	HP_Air_break_1	</identifier>
				<transform>
					<row0>	1.0000 0.0000 0.0000 0.0000	</row0>
					<row1>	0.0000 1.0000 0.0000 0.0000	</row1>
					<row2>	0.0000 0.0000 1.0000 0.0000	</row2>
					<row3>	-0.3198 0.2767 -0.0394 1.0000	</row3>
				</transform>
			</node>
			<node>
				<identifier>	HP_Air_break_2	</identifier>
				<transform>
					<row0>	1.0000 0.0000 0.0000 0.0000	</row0>
					<row1>	0.0000 1.0000 0.0000 0.0000	</row1>
					<row2>	0.0000 0.0000 1.0000 0.0000	</row2>
					<row3>	-0.1557 0.2515 -0.0323 1.0000	</row3>
				</transform>
			</node>
			<node>
				<identifier>	HP_Air_break_3	</identifier>
				<transform>
					<row0>	1.0000 0.0000 0.0000 0.0000	</row0>
					<row1>	0.0000 1.0000 0.0000 0.0000	</row1>
					<row2>	0.0000 0.0000 1.0000 0.0000	</row2>
					<row3>	0.3198 0.2767 -0.0394 1.0000	</row3>
				</transform>
			</node>
			<node>
				<identifier>	HP_Air_break_4	</identifier>
				<transform>
					<row0>	1.0000 0.0000 0.0000 0.0000	</row0>
					<row1>	0.0000 1.0000 0.0000 0.0000	</row1>
					<row2>	0.0000 0.0000 1.0000 0.0000	</row2>
					<row3>	0.1557 0.2515 -0.0323 1.0000	</row3>
				</transform>
			</node>
			<node>
				<identifier>	HP_Air_death_1	</identifier>
				<transform>
					<row0>	1.0000 0.0000 0.0000 0.0000	</row0>
					<row1>	0.0000 1.0000 0.0000 0.0000	</row1>
					<row2>	0.0000 0.0000 1.0000 0.0000	</row2>
					<row3>	0.0000 0.2705 0.1533 1.0000	</row3>
				</transform>
			</node>
			<node>
				<identifier>	HP_Air_enginelight_1	</identifier>
				<transform>
					<row0>	0.9917 0.0920 0.0903 0.0000	</row0>
					<row1>	-0.0787 0.9868 -0.1419 0.0000	</row1>
					<row2>	-0.1021 0.1336 0.9858 0.0000	</row2>
					<row3>	-0.2694 0.3741 0.2272 1.0000	</row3>
				</transform>
			</node>
			<node>
				<identifier>	HP_Air_enginelight_2	</identifier>
				<transform>
					<row0>	0.9927 -0.0800 -0.0903 0.0000	</row0>
					<row1>	0.0667 0.9876 -0.1419 0.0000	</row1>
					<row2>	0.1005 0.1348 0.9858 0.0000	</row2>
					<row3>	-0.1881 0.3743 0.2268 1.0000	</row3>
				</transform>
			</node>
			<node>
				<identifier>	HP_Air_enginelight_3	</identifier>
				<transform>
					<row0>	0.9917 0.0920 0.0903 0.0000	</row0>
					<row1>	-0.0787 0.9868 -0.1419 0.0000	</row1>
					<row2>	-0.1021 0.1336 0.9858 0.0000	</row2>
					<row3>	0.1881 0.3741 0.2272 1.0000	</row3>
				</transform>
			</node>
			<node>
				<identifier>	HP_Air_enginelight_4	</identifier>
				<transform>
					<row0>	0.9927 -0.0800 -0.0903 0.0000	</row0>
					<row1>	0.0667 0.9876 -0.1419 0.0000	</row1>
					<row2>	0.1005 0.1348 0.9858 0.0000	</row2>
					<row3>	0.2693 0.3743 0.2268 1.0000	</row3>
				</transform>
			</node>
			<node>
				<identifier>	HP_Air_fire_1	</identifier>
				<transform>
					<row0>	1.0000 0.0000 0.0000 0.0000	</row0>
					<row1>	0.0000 1.0000 0.0000 0.0000	</row1>
					<row2>	0.0000 0.0000 1.0000 0.0000	</row2>
					<row3>	-0.2689 0.3749 0.2350 1.0000	</row3>
				</transform>
			</node>
			<node>
				<identifier>	HP_Air_fire_2	</identifier>
				<transform>
					<row0>	1.0000 0.0000 0.0000 0.0000	</row0>
					<row1>	0.0000 1.0000 0.0000 0.0000	</row1>
					<row2>	0.0000 0.0000 1.0000 0.0000	</row2>
					<row3>	0.1884 0.3749 0.2350 1.0000	</row3>
				</transform>
			</node>
			<node>
				<identifier>	HP_Air_fire_3	</identifier>
				<transform>
					<row0>	1.0000 0.0000 0.0000 0.0000	</row0>
					<row1>	0.0000 1.0000 0.0000 0.0000	</row1>
					<row2>	0.0000 0.0000 1.0000 0.0000	</row2>
					<row3>	0.3458 0.3186 0.1276 1.0000	</row3>
				</transform>
			</node>
			<node>
				<identifier>	HP_Air_fire_4	</identifier>
				<transform>
					<row0>	1.0000 0.0000 0.0000 0.0000	</row0>
					<row1>	0.0000 1.0000 0.0000 0.0000	</row1>
					<row2>	0.0000 0.0000 1.0000 0.0000	</row2>
					<row3>	-0.0613 0.2811 0.1276 1.0000	</row3>
				</transform>
			</node>
			<node>
				<identifier>	HP_Air_fire_5	</identifier>
				<transform>
					<row0>	1.0000 0.0000 0.0000 0.0000	</row0>
					<row1>	0.0000 1.0000 0.0000 0.0000	</row1>
					<row2>	0.0000 0.0000 1.0000 0.0000	</row2>
					<row3>	-0.2287 0.3831 0.2915 1.0000	</row3>
				</transform>
			</node>
			<node>
				<identifier>	HP_Air_fire_6	</identifier>
				<transform>
					<row0>	1.0000 0.0000 0.0000 0.0000	</row0>
					<row1>	0.0000 1.0000 0.0000 0.0000	</row1>
					<row2>	0.0000 0.0000 1.0000 0.0000	</row2>
					<row3>	-0.4940 0.3126 0.1074 1.0000	</row3>
				</transform>
			</node>
			<node>
				<identifier>	HP_Air_fire_7	</identifier>
				<transform>
					<row0>	1.0000 0.0000 0.0000 0.0000	</row0>
					<row1>	0.0000 1.0000 0.0000 0.0000	</row1>
					<row2>	0.0000 0.0000 1.0000 0.0000	</row2>
					<row3>	-0.0163 0.1209 -0.6186 1.0000	</row3>
				</transform>
			</node>
			<node>
				<identifier>	HP_Air_flytrail_1	</identifier>
				<transform>
					<row0>	1.0000 0.0000 0.0000 0.0000	</row0>
					<row1>	0.0000 1.0000 0.0000 0.0000	</row1>
					<row2>	0.0000 0.0000 1.0000 0.0000	</row2>
					<row3>	-1.1006 0.2955 0.0042 1.0000	</row3>
				</transform>
			</node>
			<node>
				<identifier>	HP_Air_flytrail_2	</identifier>
				<transform>
					<row0>	1.0000 0.0000 0.0000 0.0000	</row0>
					<row1>	0.0000 1.0000 0.0000 0.0000	</row1>
					<row2>	0.0000 0.0000 1.0000 0.0000	</row2>
					<row3>	1.1005 0.2955 0.0042 1.0000	</row3>
				</transform>
			</node>
			<node>
				<identifier>	HP_Air_gunfire_back_1	</identifier>
				<transform>
					<row0>	1.0000 0.0000 0.0000 0.0000	</row0>
					<row1>	0.0000 0.9891 0.1470 0.0000	</row1>
					<row2>	0.0000 -0.1470 0.9891 0.0000	</row2>
					<row3>	0.0092 0.2701 -0.3796 1.0000	</row3>
				</transform>
			</node>
			<node>
				<identifier>	HP_Air_gunfire_back_2	</identifier>
				<transform>
					<row0>	1.0000 0.0000 0.0000 0.0000	</row0>
					<row1>	0.0000 0.9891 0.1470 0.0000	</row1>
					<row2>	0.0000 -0.1470 0.9891 0.0000	</row2>
					<row3>	-0.0092 0.2701 -0.3796 1.0000	</row3>
				</transform>
			</node>
			<node>
				<identifier>	HP_Air_ricochet_1	</identifier>
				<transform>
					<row0>	1.0000 0.0000 0.0000 0.0000	</row0>
					<row1>	0.0000 1.0000 0.0000 0.0000	</row1>
					<row2>	0.0000 0.0000 1.0000 0.0000	</row2>
					<row3>	-0.7960 0.1087 0.1250 1.0000	</row3>
				</transform>
			</node>
			<node>
				<identifier>	HP_Air_ricochet_2	</identifier>
				<transform>
					<row0>	1.0000 0.0000 0.0000 0.0000	</row0>
					<row1>	0.0000 1.0000 0.0000 0.0000	</row1>
					<row2>	0.0000 0.0000 1.0000 0.0000	</row2>
					<row3>	-1.0738 0.2884 0.0362 1.0000	</row3>
				</transform>
			</node>
			<node>
				<identifier>	HP_Air_ricochet_3	</identifier>
				<transform>
					<row0>	1.0000 0.0000 0.0000 0.0000	</row0>
					<row1>	0.0000 1.0000 0.0000 0.0000	</row1>
					<row2>	0.0000 0.0000 1.0000 0.0000	</row2>
					<row3>	-0.0714 0.1336 -0.2811 1.0000	</row3>
				</transform>
			</node>
			<node>
				<identifier>	HP_Air_ricochet_4	</identifier>
				<transform>
					<row0>	1.0000 0.0000 0.0000 0.0000	</row0>
					<row1>	0.0000 1.0000 0.0000 0.0000	</row1>
					<row2>	0.0000 0.0000 1.0000 0.0000	</row2>
					<row3>	0.2798 0.4194 -0.6823 1.0000	</row3>
				</transform>
			</node>
			<node>
				<identifier>	HP_Air_ricochet_5	</identifier>
				<transform>
					<row0>	1.0000 0.0000 0.0000 0.0000	</row0>
					<row1>	0.0000 1.0000 0.0000 0.0000	</row1>
					<row2>	0.0000 0.0000 1.0000 0.0000	</row2>
					<row3>	-0.2779 0.2636 -0.6935 1.0000	</row3>
				</transform>
			</node>
			<node>
				<identifier>	HP_Air_ricochet_6	</identifier>
				<transform>
					<row0>	1.0000 0.0000 0.0000 0.0000	</row0>
					<row1>	0.0000 1.0000 0.0000 0.0000	</row1>
					<row2>	0.0000 0.0000 1.0000 0.0000	</row2>
					<row3>	0.0577 0.1754 -0.3898 1.0000	</row3>
				</transform>
			</node>
			<node>
				<identifier>	HP_Air_torpedo_1	</identifier>
				<transform>
					<row0>	1.0000 0.0000 0.0000 0.0000	</row0>
					<row1>	0.0000 0.9992 -0.0398 0.0000	</row1>
					<row2>	0.0000 0.0398 0.9992 0.0000	</row2>
					<row3>	-0.1683 0.2170 -0.0836 1.0000	</row3>
				</transform>
			</node>
			<node>
				<identifier>	HP_Air_torpedo_2	</identifier>
				<transform>
					<row0>	1.0000 0.0000 0.0000 0.0000	</row0>
					<row1>	0.0000 0.9992 -0.0398 0.0000	</row1>
					<row2>	0.0000 0.0398 0.9992 0.0000	</row2>
					<row3>	0.1683 0.2170 -0.0836 1.0000	</row3>
				</transform>
			</node>
			<node>
				<identifier>	HP_gunFireBack	</identifier>
				<transform>
					<row0>	1.0000 0.0000 0.0000 0.0000	</row0>
					<row1>	0.0000 0.9891 0.1470 0.0000	</row1>
					<row2>	0.0000 -0.1470 0.9891 0.0000	</row2>
					<row3>	0.0000 0.2701 -0.3796 1.0000	</row3>
				</transform>
			</node>
			<node>
				<identifier>	Root_BlendBone	</identifier>
				<transform>
					<row0>	1.0000 0.0000 0.0000 0.0000	</row0>
					<row1>	0.0000 1.0000 0.0000 0.0000	</row1>
					<row2>	0.0000 0.0000 -1.0000 0.0000	</row2>
					<row3>	0.0000 0.0000 0.0000 1.0000	</row3>
				</transform>
			</node>
			<node>
				<identifier>	elevator_1	</identifier>
				<transform>
					<row0>	0.9786 0.2057 0.0000 0.0000	</row0>
					<row1>	-0.2057 0.9786 0.0000 0.0000	</row1>
					<row2>	0.0000 0.0000 1.0000 0.0000	</row2>
					<row3>	0.2604 0.3223 -0.7405 1.0000	</row3>
				</transform>
				<rotate>
					<min>	-35.0000 0.0000 11.8700	</min>
					<max>	35.0000 0.0000 11.8700	</max>
				</rotate>
				<node>
					<identifier>	elevator_1_BlendBone	</identifier>
					<transform>
						<row0>	0.9786 -0.2057 0.0000 0.0000	</row0>
						<row1>	0.2057 0.9786 0.0000 0.0000	</row1>
						<row2>	0.0000 0.0000 -1.0000 0.0000	</row2>
						<row3>	-0.3211 -0.2618 0.7405 1.0000	</row3>
					</transform>
				</node>
			</node>
			<node>
				<identifier>	elevator_2	</identifier>
				<transform>
					<row0>	0.9786 -0.2057 0.0000 0.0000	</row0>
					<row1>	0.2057 0.9786 0.0000 0.0000	</row1>
					<row2>	0.0000 0.0000 1.0000 0.0000	</row2>
					<row3>	-0.2604 0.3223 -0.7405 1.0000	</row3>
				</transform>
				<rotate>
					<min>	-35.0000 0.0000 -11.8700	</min>
					<max>	35.0000 0.0000 -11.8700	</max>
				</rotate>
				<node>
					<identifier>	elevator_2_BlendBone	</identifier>
					<transform>
						<row0>	0.9786 0.2057 0.0000 0.0000	</row0>
						<row1>	-0.2057 0.9786 0.0000 0.0000	</row1>
						<row2>	0.0000 0.0000 -1.0000 0.0000	</row2>
						<row3>	0.3211 -0.2618 0.7405 1.0000	</row3>
					</transform>
				</node>
			</node>
			<node>
				<identifier>	l_ailerone_1	</identifier>
				<transform>
					<row0>	0.9999 -0.0105 0.0117 0.0000	</row0>
					<row1>	0.0105 0.9999 0.0000 0.0000	</row1>
					<row2>	-0.0117 0.0001 0.9999 0.0000	</row2>
					<row3>	-1.0447 0.2839 -0.0578 1.0000	</row3>
				</transform>
				<rotate>
					<min>	-30.0000 0.6700 -0.6000	</min>
					<max>	20.0000 0.6700 -0.6000	</max>
				</rotate>
				<node>
					<identifier>	l_ailerone_1_BlendBone	</identifier>
					<transform>
						<row0>	0.9999 0.0105 -0.0117 0.0000	</row0>
						<row1>	-0.0105 0.9999 0.0001 0.0000	</row1>
						<row2>	-0.0117 0.0000 -0.9999 0.0000	</row2>
						<row3>	1.0482 -0.2730 0.0455 1.0000	</row3>
					</transform>
				</node>
			</node>
			<node>
				<identifier>	l_flaps_1	</identifier>
				<transform>
					<row0>	0.9996 -0.0061 0.0265 0.0000	</row0>
					<row1>	0.0061 1.0000 0.0005 0.0000	</row1>
					<row2>	-0.0265 -0.0004 0.9996 0.0000	</row2>
					<row3>	-0.3198 0.2767 -0.0394 1.0000	</row3>
				</transform>
				<rotate>
					<min>	-0.0300 1.5200 -0.3500	</min>
					<max>	44.9700 1.5200 -0.3500	</max>
				</rotate>
				<node>
					<identifier>	l_flaps_1_BlendBone	</identifier>
					<transform>
						<row0>	0.9996 0.0061 -0.0265 0.0000	</row0>
						<row1>	-0.0061 1.0000 -0.0004 0.0000	</row1>
						<row2>	-0.0265 -0.0005 -0.9996 0.0000	</row2>
						<row3>	0.3225 -0.2747 0.0310 1.0000	</row3>
					</transform>
				</node>
			</node>
			<node>
				<identifier>	l_flaps_2	</identifier>
				<transform>
					<row0>	0.9564 -0.2909 0.0258 0.0000	</row0>
					<row1>	0.2908 0.9567 0.0082 0.0000	</row1>
					<row2>	-0.0271 -0.0003 0.9996 0.0000	</row2>
					<row3>	-0.1557 0.2515 -0.0323 1.0000	</row3>
				</transform>
				<rotate>
					<min>	-0.4700 1.4800 -16.9200	</min>
					<max>	54.5300 1.4800 -16.9200	</max>
				</rotate>
				<node>
					<identifier>	l_flaps_2_BlendBone	</identifier>
					<transform>
						<row0>	0.9564 0.2908 -0.0271 0.0000	</row0>
						<row1>	-0.2909 0.9567 -0.0003 0.0000	</row1>
						<row2>	-0.0258 -0.0082 -0.9996 0.0000	</row2>
						<row3>	0.2229 -0.1950 0.0282 1.0000	</row3>
					</transform>
				</node>
			</node>
			<node>
				<identifier>	r_ailerone_1	</identifier>
				<transform>
					<row0>	0.9999 0.0105 -0.0117 0.0000	</row0>
					<row1>	-0.0105 0.9999 0.0000 0.0000	</row1>
					<row2>	0.0117 0.0001 0.9999 0.0000	</row2>
					<row3>	1.0447 0.2839 -0.0578 1.0000	</row3>
				</transform>
				<rotate>
					<min>	-30.0000 -0.6700 0.6000	</min>
					<max>	20.0000 -0.6700 0.6000	</max>
				</rotate>
				<node>
					<identifier>	r_ailerone_1_BlendBone	</identifier>
					<transform>
						<row0>	0.9999 -0.0105 0.0117 0.0000	</row0>
						<row1>	0.0105 0.9999 0.0001 0.0000	</row1>
						<row2>	0.0117 0.0000 -0.9999 0.0000	</row2>
						<row3>	-1.0482 -0.2730 0.0455 1.0000	</row3>
					</transform>
				</node>
			</node>
			<node>
				<identifier>	r_flaps_1	</identifier>
				<transform>
					<row0>	0.9996 0.0061 -0.0265 0.0000	</row0>
					<row1>	-0.0061 1.0000 0.0005 0.0000	</row1>
					<row2>	0.0265 -0.0004 0.9996 0.0000	</row2>
					<row3>	0.3198 0.2767 -0.0394 1.0000	</row3>
				</transform>
				<rotate>
					<min>	-0.0300 -1.5200 0.3500	</min>
					<max>	44.9700 -1.5200 0.3500	</max>
				</rotate>
				<node>
					<identifier>	r_flaps_1_BlendBone	</identifier>
					<transform>
						<row0>	0.9996 -0.0061 0.0265 0.0000	</row0>
						<row1>	0.0061 1.0000 -0.0004 0.0000	</row1>
						<row2>	0.0265 -0.0005 -0.9996 0.0000	</row2>
						<row3>	-0.3224 -0.2747 0.0310 1.0000	</row3>
					</transform>
				</node>
			</node>
			<node>
				<identifier>	r_flaps_2	</identifier>
				<transform>
					<row0>	0.9564 0.2909 -0.0258 0.0000	</row0>
					<row1>	-0.2908 0.9567 0.0082 0.0000	</row1>
					<row2>	0.0271 -0.0003 0.9996 0.0000	</row2>
					<row3>	0.1557 0.2515 -0.0323 1.0000	</row3>
				</transform>
				<rotate>
					<min>	-0.4700 -1.4800 16.9200	</min>
					<max>	54.5300 -1.4800 16.9200	</max>
				</rotate>
				<node>
					<identifier>	r_flaps_2_BlendBone	</identifier>
					<transform>
						<row0>	0.9564 -0.2908 0.0271 0.0000	</row0>
						<row1>	0.2909 0.9567 -0.0003 0.0000	</row1>
						<row2>	0.0258 -0.0082 -0.9996 0.0000	</row2>
						<row3>	-0.2229 -0.1950 0.0282 1.0000	</row3>
					</transform>
				</node>
			</node>
			<node>
				<identifier>	rudder_1	</identifier>
				<transform>
					<row0>	1.0000 0.0000 0.0000 0.0000	</row0>
					<row1>	0.0000 1.0000 0.0000 0.0000	</row1>
					<row2>	0.0000 0.0000 1.0000 0.0000	</row2>
					<row3>	-0.2743 0.4971 -0.7427 1.0000	</row3>
				</transform>
				<rotate>
					<min>	0.0000 -30.0000 0.0000	</min>
					<max>	0.0000 30.0000 0.0000	</max>
				</rotate>
				<node>
					<identifier>	rudder_1_BlendBone	</identifier>
					<transform>
						<row0>	1.0000 0.0000 0.0000 0.0000	</row0>
						<row1>	0.0000 1.0000 0.0000 0.0000	</row1>
						<row2>	0.0000 0.0000 -1.0000 0.0000	</row2>
						<row3>	0.2743 -0.4971 0.7427 1.0000	</row3>
					</transform>
				</node>
			</node>
			<node>
				<identifier>	rudder_2	</identifier>
				<transform>
					<row0>	1.0000 0.0000 0.0000 0.0000	</row0>
					<row1>	0.0000 1.0000 0.0000 0.0000	</row1>
					<row2>	0.0000 0.0000 1.0000 0.0000	</row2>
					<row3>	0.2744 0.4971 -0.7427 1.0000	</row3>
				</transform>
				<rotate>
					<min>	0.0000 -30.0000 0.0000	</min>
					<max>	0.0000 30.0000 0.0000	</max>
				</rotate>
				<node>
					<identifier>	rudder_2_BlendBone	</identifier>
					<transform>
						<row0>	1.0000 0.0000 0.0000 0.0000	</row0>
						<row1>	0.0000 1.0000 0.0000 0.0000	</row1>
						<row2>	0.0000 0.0000 -1.0000 0.0000	</row2>
						<row3>	-0.2744 -0.4971 0.7427 1.0000	</row3>
					</transform>
				</node>
			</node>
		</node>
		<node>
			<identifier>	hull	</identifier>
			<transform>
				<row0>	1.0000 0.0000 0.0000 0.0000	</row0>
				<row1>	0.0000 1.0000 0.0000 0.0000	</row1>
				<row2>	0.0000 0.0000 1.0000 0.0000	</row2>
				<row3>	0.0000 0.0000 0.0000 1.0000	</row3>
			</transform>
			<node>
				<identifier>	chassis_off_BlendBone	</identifier>
				<transform>
					<row0>	1.0000 0.0000 0.0000 0.0000	</row0>
					<row1>	0.0000 1.0000 0.0000 0.0000	</row1>
					<row2>	0.0000 0.0000 1.0000 0.0000	</row2>
					<row3>	0.0000 0.0000 0.0000 1.0000	</row3>
				</transform>
			</node>
			<node>
				<identifier>	propeller_mod	</identifier>
				<transform>
					<row0>	1.0000 0.0000 0.0000 0.0000	</row0>
					<row1>	0.0000 0.9941 -0.1082 0.0000	</row1>
					<row2>	0.0000 0.1082 0.9941 0.0000	</row2>
					<row3>	0.2287 0.3290 0.3724 1.0000	</row3>
				</transform>
				<node>
					<identifier>	mod	</identifier>
					<transform>
						<row0>	1.0000 0.0000 0.0000 0.0000	</row0>
						<row1>	0.0000 1.0000 0.0000 0.0000	</row1>
						<row2>	0.0000 0.0000 1.0000 0.0000	</row2>
						<row3>	0.0000 0.0000 0.0000 1.0000	</row3>
					</transform>
				</node>
			</node>
			<node>
				<identifier>	propeller_mod_1	</identifier>
				<transform>
					<row0>	1.0000 0.0000 0.0000 0.0000	</row0>
					<row1>	0.0000 0.9941 -0.1082 0.0000	</row1>
					<row2>	0.0000 0.1082 0.9941 0.0000	</row2>
					<row3>	-0.2286 0.3290 0.3724 1.0000	</row3>
				</transform>
				<node>
					<identifier>	mod_1	</identifier>
					<transform>
						<row0>	1.0000 0.0000 0.0000 0.0000	</row0>
						<row1>	0.0000 1.0000 0.0000 0.0000	</row1>
						<row2>	0.0000 0.0000 1.0000 0.0000	</row2>
						<row3>	0.0000 0.0000 0.0000 1.0000	</row3>
					</transform>
				</node>
			</node>
		</node>
	</node>
	<renderSet>
		<treatAsWorldSpaceObject>	false	</treatAsWorldSpaceObject>
		<node>	chassis_off_BlendBone	</node>
		<geometry>
			<vertices>	chassis_off_BlendBone_lod3Shape.vertices	</vertices>
			<primitive>	chassis_off_BlendBone_lod3Shape.indices	</primitive>
			<primitiveGroup>	0
				<material>
					<identifier>	TL2_SHIPMAT_PBS_Hull	</identifier>
					<mfm>	PnFMods/ModsSDK.zip/RSB509_Navarin/aircraft/RAB707_Be_6PLO.mfm	</mfm>
				</material>
			</primitiveGroup>
		</geometry>
	</renderSet>
	<renderSet>
		<treatAsWorldSpaceObject>	true	</treatAsWorldSpaceObject>
		<node>	Root_BlendBone	</node>
		<node>	elevator_2_BlendBone	</node>
		<geometry>
			<vertices>	hull_lod3Shape.vertices	</vertices>
			<primitive>	hull_lod3Shape.indices	</primitive>
			<primitiveGroup>	0
				<material>
					<identifier>	TL2_SHIPMAT_PBS_Hull_skinned	</identifier>
					<mfm>	PnFMods/ModsSDK.zip/RSB509_Navarin/aircraft/RAB707_Be_6PLO_skinned.mfm	</mfm>
				</material>
			</primitiveGroup>
		</geometry>
	</renderSet>
	<renderSet>
		<treatAsWorldSpaceObject>	false	</treatAsWorldSpaceObject>
		<node>	mod_1	</node>
		<geometry>
			<vertices>	mod_1_lod3Shape.vertices	</vertices>
			<primitive>	mod_1_lod3Shape.indices	</primitive>
			<primitiveGroup>	0
				<material>
					<identifier>	TL2_SHIPMAT_PBS_Hull	</identifier>
					<mfm>	PnFMods/ModsSDK.zip/RSB509_Navarin/aircraft/RAB707_Be_6PLO.mfm	</mfm>
				</material>
			</primitiveGroup>
		</geometry>
	</renderSet>
	<renderSet>
		<treatAsWorldSpaceObject>	false	</treatAsWorldSpaceObject>
		<node>	mod	</node>
		<geometry>
			<vertices>	mod_lod3Shape.vertices	</vertices>
			<primitive>	mod_lod3Shape.indices	</primitive>
			<primitiveGroup>	0
				<material>
					<identifier>	TL2_SHIPMAT_PBS_Hull	</identifier>
					<mfm>	PnFMods/ModsSDK.zip/RSB509_Navarin/aircraft/RAB707_Be_6PLO.mfm	</mfm>
				</material>
			</primitiveGroup>
		</geometry>
	</renderSet>
	<boundingBox>
		<min>	-1.0989 -0.0034 -1.0412	</min>
		<max>	1.0989 0.5089 0.7181	</max>
	</boundingBox>
</RAB707_Beriev_Be_6PLO_lod3.visual>
