<SSB301_Victoria_1945_MidBack_ports.visual>
	<node>
		<identifier>	Scene Root	</identifier>
		<transform>
			<row0>	1.0000 0.0000 0.0000 0.0000	</row0>
			<row1>	0.0000 1.0000 0.0000 0.0000	</row1>
			<row2>	0.0000 0.0000 1.0000 0.0000	</row2>
			<row3>	0.0000 0.0000 0.0000 1.0000	</row3>
		</transform>
		<node>
			<identifier>	MidBack_ports	</identifier>
			<transform>
				<row0>	1.0000 0.0000 0.0000 0.0000	</row0>
				<row1>	0.0000 1.0000 0.0000 0.0000	</row1>
				<row2>	0.0000 0.0000 1.0000 0.0000	</row2>
				<row3>	0.0000 0.0000 0.0000 1.0000	</row3>
			</transform>
			<node>
				<identifier>	HP_FX_Death_3	</identifier>
				<transform>
					<row0>	1.0000 0.0000 0.0000 0.0000	</row0>
					<row1>	0.0000 1.0000 0.0000 0.0000	</row1>
					<row2>	0.0000 0.0000 1.0000 0.0000	</row2>
					<row3>	0.0000 0.0000 -4.3124 1.0000	</row3>
				</transform>
			</node>
			<node>
				<identifier>	HP_FX_Fire_3	</identifier>
				<transform>
					<row0>	1.0000 0.0000 0.0000 0.0000	</row0>
					<row1>	0.0000 1.0000 0.0000 0.0000	</row1>
					<row2>	0.0000 0.0000 1.0000 0.0000	</row2>
					<row3>	0.0000 0.8654 -2.2605 1.0000	</row3>
				</transform>
			</node>
			<node>
				<identifier>	HP_FX_Fire_3_side_1	</identifier>
				<transform>
					<row0>	0.7872 0.0000 -0.6168 0.0000	</row0>
					<row1>	0.0000 1.0000 0.0000 0.0000	</row1>
					<row2>	0.6168 0.0000 0.7872 0.0000	</row2>
					<row3>	-0.7204 0.4446 -1.7001 1.0000	</row3>
				</transform>
			</node>
			<node>
				<identifier>	HP_FX_Fire_3_side_2	</identifier>
				<transform>
					<row0>	0.7117 0.0000 0.7025 0.0000	</row0>
					<row1>	0.0000 1.0000 0.0000 0.0000	</row1>
					<row2>	-0.7025 0.0000 0.7117 0.0000	</row2>
					<row3>	0.3764 0.7920 -1.2866 1.0000	</row3>
				</transform>
			</node>
			<node>
				<identifier>	HP_FX_Fire_3_side_3	</identifier>
				<transform>
					<row0>	0.5216 0.0000 -0.8532 0.0000	</row0>
					<row1>	0.0000 1.0000 0.0000 0.0000	</row1>
					<row2>	0.8532 0.0000 0.5216 0.0000	</row2>
					<row3>	-0.6092 0.2955 -5.1079 1.0000	</row3>
				</transform>
			</node>
			<node>
				<identifier>	HP_FX_FloodLight_left_2	</identifier>
				<transform>
					<row0>	-0.7815 0.0000 -0.6239 0.0000	</row0>
					<row1>	0.0000 1.0000 0.0000 0.0000	</row1>
					<row2>	0.6239 0.0000 -0.7815 0.0000	</row2>
					<row3>	-0.4550 0.4984 -2.5671 1.0000	</row3>
				</transform>
			</node>
			<node>
				<identifier>	HP_FX_FloodLight_right_2	</identifier>
				<transform>
					<row0>	0.7779 0.0000 -0.6283 0.0000	</row0>
					<row1>	0.0000 1.0000 0.0000 0.0000	</row1>
					<row2>	0.6283 0.0000 0.7779 0.0000	</row2>
					<row3>	0.4540 0.4955 -2.5696 1.0000	</row3>
				</transform>
			</node>
			<node>
				<identifier>	HP_FX_Flood_steam_2	</identifier>
				<transform>
					<row0>	1.0000 0.0000 0.0000 0.0000	</row0>
					<row1>	0.0000 0.9691 -0.2467 0.0000	</row1>
					<row2>	0.0000 0.2467 0.9691 0.0000	</row2>
					<row3>	-0.0008 1.3530 -0.9457 1.0000	</row3>
				</transform>
			</node>
			<node>
				<identifier>	HP_FX_Flood_steam_right	</identifier>
				<transform>
					<row0>	0.9940 0.0000 -0.1092 0.0000	</row0>
					<row1>	0.0000 1.0000 0.0000 0.0000	</row1>
					<row2>	0.1092 0.0000 0.9940 0.0000	</row2>
					<row3>	0.8003 0.2136 -5.3702 1.0000	</row3>
				</transform>
			</node>
			<node>
				<identifier>	HP_FX_Flood_water_left	</identifier>
				<transform>
					<row0>	-0.9945 0.0000 -0.1050 0.0000	</row0>
					<row1>	0.0000 1.0000 0.0000 0.0000	</row1>
					<row2>	0.1050 0.0000 -0.9945 0.0000	</row2>
					<row3>	-0.8569 0.1204 -4.7794 1.0000	</row3>
				</transform>
			</node>
			<node>
				<identifier>	HP_FX_Flood_water_right	</identifier>
				<transform>
					<row0>	0.9985 0.0000 -0.0546 0.0000	</row0>
					<row1>	0.0000 1.0000 0.0000 0.0000	</row1>
					<row2>	0.0546 0.0000 0.9985 0.0000	</row2>
					<row3>	0.8588 0.1202 -4.7787 1.0000	</row3>
				</transform>
			</node>
			<node>
				<identifier>	HP_FX_RepairLight_left_2	</identifier>
				<transform>
					<row0>	-0.0500 0.0000 0.9987 0.0000	</row0>
					<row1>	0.0000 1.0000 0.0000 0.0000	</row1>
					<row2>	-0.9987 0.0000 -0.0500 0.0000	</row2>
					<row3>	-0.9061 0.4197 -4.0817 1.0000	</row3>
				</transform>
			</node>
			<node>
				<identifier>	HP_FX_RepairLight_right_2	</identifier>
				<transform>
					<row0>	-0.0838 0.0000 -0.9965 0.0000	</row0>
					<row1>	0.0000 1.0000 0.0000 0.0000	</row1>
					<row2>	0.9965 0.0000 -0.0838 0.0000	</row2>
					<row3>	0.9954 0.4179 -2.7062 1.0000	</row3>
				</transform>
			</node>
			<node>
				<identifier>	HP_FX_Smoke_2	</identifier>
				<transform>
					<row0>	1.0000 0.0000 0.0000 0.0000	</row0>
					<row1>	0.0000 0.9493 -0.3143 0.0000	</row1>
					<row2>	0.0000 0.3143 0.9493 0.0000	</row2>
					<row3>	0.0000 1.3795 -0.9559 1.0000	</row3>
				</transform>
			</node>
			<node>
				<identifier>	HP_FX_WakeTrace_screw_1	</identifier>
				<transform>
					<row0>	1.0000 0.0000 0.0000 0.0000	</row0>
					<row1>	0.0000 1.0000 0.0000 0.0000	</row1>
					<row2>	0.0000 0.0000 1.0000 0.0000	</row2>
					<row3>	-0.6040 -0.5332 -5.1018 1.0000	</row3>
				</transform>
			</node>
			<node>
				<identifier>	HP_FX_WakeTrace_screw_4	</identifier>
				<transform>
					<row0>	1.0000 0.0000 0.0000 0.0000	</row0>
					<row1>	0.0000 1.0000 0.0000 0.0000	</row1>
					<row2>	0.0000 0.0000 1.0000 0.0000	</row2>
					<row3>	0.6036 -0.5345 -5.1141 1.0000	</row3>
				</transform>
			</node>
			<node>
				<identifier>	HP_SD_9	</identifier>
				<transform>
					<row0>	-1.0000 0.0000 0.0000 0.0000	</row0>
					<row1>	0.0000 1.0000 0.0000 0.0000	</row1>
					<row2>	0.0000 0.0000 -1.0000 0.0000	</row2>
					<row3>	0.0000 1.1410 -1.9954 1.0000	</row3>
				</transform>
			</node>
			<node>
				<identifier>	HP_SGA_15	</identifier>
				<transform>
					<row0>	0.0000 0.0000 1.0000 0.0000	</row0>
					<row1>	0.0000 1.0000 0.0000 0.0000	</row1>
					<row2>	-1.0000 0.0000 0.0000 0.0000	</row2>
					<row3>	-0.6202 0.4048 -2.1443 1.0000	</row3>
				</transform>
			</node>
			<node>
				<identifier>	HP_SGA_16	</identifier>
				<transform>
					<row0>	0.0000 0.0000 -1.0000 0.0000	</row0>
					<row1>	0.0000 1.0000 0.0000 0.0000	</row1>
					<row2>	1.0000 0.0000 0.0000 0.0000	</row2>
					<row3>	0.5720 0.4048 -2.1443 1.0000	</row3>
				</transform>
			</node>
			<node>
				<identifier>	HP_SGA_17	</identifier>
				<transform>
					<row0>	0.0000 0.0000 1.0000 0.0000	</row0>
					<row1>	0.0000 1.0000 0.0000 0.0000	</row1>
					<row2>	-1.0000 0.0000 0.0000 0.0000	</row2>
					<row3>	-0.3823 0.5906 -2.5252 1.0000	</row3>
				</transform>
			</node>
			<node>
				<identifier>	HP_SGA_18	</identifier>
				<transform>
					<row0>	0.0000 0.0000 -1.0000 0.0000	</row0>
					<row1>	0.0000 1.0000 0.0000 0.0000	</row1>
					<row2>	1.0000 0.0000 0.0000 0.0000	</row2>
					<row3>	0.3823 0.5906 -2.5252 1.0000	</row3>
				</transform>
			</node>
			<node>
				<identifier>	HP_SGA_19	</identifier>
				<transform>
					<row0>	-0.7071 0.0000 0.7071 0.0000	</row0>
					<row1>	0.0000 1.0000 0.0000 0.0000	</row1>
					<row2>	-0.7071 0.0000 -0.7071 0.0000	</row2>
					<row3>	-0.3321 0.4048 -4.1756 1.0000	</row3>
				</transform>
			</node>
			<node>
				<identifier>	HP_SGA_20	</identifier>
				<transform>
					<row0>	-0.7071 0.0000 -0.7071 0.0000	</row0>
					<row1>	0.0000 1.0000 0.0000 0.0000	</row1>
					<row2>	0.7071 0.0000 -0.7071 0.0000	</row2>
					<row3>	0.3321 0.4048 -4.1756 1.0000	</row3>
				</transform>
			</node>
			<node>
				<identifier>	HP_SGA_21	</identifier>
				<transform>
					<row0>	-0.1736 0.0000 0.9848 0.0000	</row0>
					<row1>	0.0000 1.0000 0.0000 0.0000	</row1>
					<row2>	-0.9848 0.0000 -0.1736 0.0000	</row2>
					<row3>	-0.6470 0.2622 -5.0377 1.0000	</row3>
				</transform>
			</node>
			<node>
				<identifier>	HP_SGA_22	</identifier>
				<transform>
					<row0>	-0.1736 0.0000 -0.9848 0.0000	</row0>
					<row1>	0.0000 1.0000 0.0000 0.0000	</row1>
					<row2>	0.9848 0.0000 -0.1736 0.0000	</row2>
					<row3>	0.6470 0.2533 -5.0377 1.0000	</row3>
				</transform>
			</node>
			<node>
				<identifier>	HP_SGM_3	</identifier>
				<transform>
					<row0>	-1.0000 0.0000 0.0000 0.0000	</row0>
					<row1>	0.0000 1.0000 0.0000 0.0000	</row1>
					<row2>	0.0000 0.0000 -1.0000 0.0000	</row2>
					<row3>	0.0000 0.6403 -3.6973 1.0000	</row3>
				</transform>
			</node>
			<node>
				<identifier>	HP_SGS_13	</identifier>
				<transform>
					<row0>	-1.0000 0.0000 0.0000 0.0000	</row0>
					<row1>	0.0000 1.0000 0.0000 0.0000	</row1>
					<row2>	0.0000 0.0000 -1.0000 0.0000	</row2>
					<row3>	-0.6352 0.5859 -1.0649 1.0000	</row3>
				</transform>
			</node>
			<node>
				<identifier>	HP_SGS_14	</identifier>
				<transform>
					<row0>	-1.0000 0.0000 0.0000 0.0000	</row0>
					<row1>	0.0000 1.0000 0.0000 0.0000	</row1>
					<row2>	0.0000 0.0000 -1.0000 0.0000	</row2>
					<row3>	0.6352 0.5859 -1.0649 1.0000	</row3>
				</transform>
			</node>
			<node>
				<identifier>	HP_SGS_15	</identifier>
				<transform>
					<row0>	-1.0000 0.0000 0.0000 0.0000	</row0>
					<row1>	0.0000 1.0000 0.0000 0.0000	</row1>
					<row2>	0.0000 0.0000 -1.0000 0.0000	</row2>
					<row3>	-0.6729 0.4427 -3.0644 1.0000	</row3>
				</transform>
			</node>
			<node>
				<identifier>	HP_SGS_16	</identifier>
				<transform>
					<row0>	-1.0000 0.0000 0.0000 0.0000	</row0>
					<row1>	0.0000 1.0000 0.0000 0.0000	</row1>
					<row2>	0.0000 0.0000 -1.0000 0.0000	</row2>
					<row3>	0.6729 0.4427 -3.0644 1.0000	</row3>
				</transform>
			</node>
			<node>
				<identifier>	HP_Ship_death_2	</identifier>
				<transform>
					<row0>	1.0000 0.0000 0.0000 0.0000	</row0>
					<row1>	0.0000 1.0000 0.0000 0.0000	</row1>
					<row2>	0.0000 0.0000 1.0000 0.0000	</row2>
					<row3>	0.0000 0.0000 -0.7063 1.0000	</row3>
				</transform>
			</node>
			<node>
				<identifier>	HP_flag_nation	</identifier>
				<transform>
					<row0>	0.9972 -0.0749 0.0020 0.0000	</row0>
					<row1>	0.0749 0.9958 -0.0531 0.0000	</row1>
					<row2>	0.0020 0.0531 0.9986 0.0000	</row2>
					<row3>	-0.0042 1.7316 -2.2069 1.0000	</row3>
				</transform>
			</node>
			<node>
				<identifier>	HP_flag_rank	</identifier>
				<transform>
					<row0>	1.0000 0.0000 0.0000 0.0000	</row0>
					<row1>	0.0000 1.0000 0.0000 0.0000	</row1>
					<row2>	0.0000 0.0000 1.0000 0.0000	</row2>
					<row3>	0.0000 2.2222 -1.7965 1.0000	</row3>
				</transform>
			</node>
			<node>
				<identifier>	MP_BM012_Telpher	</identifier>
				<transform>
					<row0>	0.0000 0.0000 1.0000 0.0000	</row0>
					<row1>	0.0000 1.0000 0.0000 0.0000	</row1>
					<row2>	-1.0000 0.0000 0.0000 0.0000	</row2>
					<row3>	0.3440 0.5700 -2.7105 1.0000	</row3>
				</transform>
			</node>
			<node>
				<identifier>	MP_BM012_Telpher_INDEX_1	</identifier>
				<transform>
					<row0>	0.0000 0.0000 1.0000 0.0000	</row0>
					<row1>	0.0000 1.0000 0.0000 0.0000	</row1>
					<row2>	-1.0000 0.0000 0.0000 0.0000	</row2>
					<row3>	-0.3439 0.5701 -2.7105 1.0000	</row3>
				</transform>
			</node>
			<node>
				<identifier>	MP_CM001_Propeller3_L	</identifier>
				<transform>
					<row0>	0.9994 0.0000 -0.0349 0.0000	</row0>
					<row1>	-0.0009 0.9996 -0.0266 0.0000	</row1>
					<row2>	0.0349 0.0266 0.9990 0.0000	</row2>
					<row3>	-0.6012 -0.5388 -5.0665 1.0000	</row3>
				</transform>
			</node>
			<node>
				<identifier>	MP_CM011_Fire_Fighting_Gear	</identifier>
				<transform>
					<row0>	0.4713 0.0000 0.8820 0.0000	</row0>
					<row1>	0.0000 1.0000 0.0000 0.0000	</row1>
					<row2>	-0.8820 0.0000 0.4713 0.0000	</row2>
					<row3>	0.4195 0.4071 -3.8794 1.0000	</row3>
				</transform>
			</node>
			<node>
				<identifier>	MP_CM011_Fire_Fighting_Gear_INDEX_1	</identifier>
				<transform>
					<row0>	1.0000 0.0000 0.0000 0.0000	</row0>
					<row1>	0.0000 1.0000 0.0000 0.0000	</row1>
					<row2>	0.0000 0.0000 1.0000 0.0000	</row2>
					<row3>	-0.3641 0.4071 -2.6700 1.0000	</row3>
				</transform>
			</node>
			<node>
				<identifier>	MP_CM011_Fire_Fighting_Gear_INDEX_2	</identifier>
				<transform>
					<row0>	0.4713 0.0000 -0.8820 0.0000	</row0>
					<row1>	0.0000 1.0000 0.0000 0.0000	</row1>
					<row2>	0.8820 0.0000 0.4713 0.0000	</row2>
					<row3>	-0.4195 0.4071 -3.8794 1.0000	</row3>
				</transform>
			</node>
			<node>
				<identifier>	MP_CM011_Fire_Fighting_Gear_INDEX_3	</identifier>
				<transform>
					<row0>	1.0000 0.0000 0.0000 0.0000	</row0>
					<row1>	0.0000 1.0000 0.0000 0.0000	</row1>
					<row2>	0.0000 0.0000 1.0000 0.0000	</row2>
					<row3>	0.3641 0.4071 -2.6700 1.0000	</row3>
				</transform>
			</node>
			<node>
				<identifier>	MP_CM013_Fire_Hose_Rack_2	</identifier>
				<transform>
					<row0>	-0.7014 0.0000 0.7128 0.0000	</row0>
					<row1>	0.0000 1.0000 0.0000 0.0000	</row1>
					<row2>	-0.7128 0.0000 -0.7014 0.0000	</row2>
					<row3>	0.3823 0.4775 -2.6496 1.0000	</row3>
				</transform>
			</node>
			<node>
				<identifier>	MP_CM013_Fire_Hose_Rack_2_INDEX_1	</identifier>
				<transform>
					<row0>	0.8832 0.0000 0.4690 0.0000	</row0>
					<row1>	0.0000 1.0000 0.0000 0.0000	</row1>
					<row2>	-0.4690 0.0000 0.8832 0.0000	</row2>
					<row3>	-0.3978 0.4612 -3.9001 1.0000	</row3>
				</transform>
			</node>
			<node>
				<identifier>	MP_CM013_Fire_Hose_Rack_2_INDEX_2	</identifier>
				<transform>
					<row0>	-0.8820 0.0000 0.4713 0.0000	</row0>
					<row1>	0.0000 1.0000 0.0000 0.0000	</row1>
					<row2>	-0.4713 0.0000 -0.8820 0.0000	</row2>
					<row3>	0.3978 0.4612 -3.9001 1.0000	</row3>
				</transform>
			</node>
			<node>
				<identifier>	MP_CM013_Fire_Hose_Rack_2_INDEX_3	</identifier>
				<transform>
					<row0>	0.7056 0.0000 0.7086 0.0000	</row0>
					<row1>	0.0000 1.0000 0.0000 0.0000	</row1>
					<row2>	-0.7086 0.0000 0.7056 0.0000	</row2>
					<row3>	-0.3823 0.4775 -2.6496 1.0000	</row3>
				</transform>
			</node>
			<node>
				<identifier>	MP_CM029_Emergency_Box	</identifier>
				<transform>
					<row0>	1.0000 0.0000 0.0000 0.0000	</row0>
					<row1>	0.0000 1.0000 0.0000 0.0000	</row1>
					<row2>	0.0000 0.0000 1.0000 0.0000	</row2>
					<row3>	-0.3820 0.3298 -4.2021 1.0000	</row3>
				</transform>
			</node>
			<node>
				<identifier>	MP_CM029_Emergency_Box_INDEX_1	</identifier>
				<transform>
					<row0>	1.0000 0.0000 0.0000 0.0000	</row0>
					<row1>	0.0000 1.0000 0.0000 0.0000	</row1>
					<row2>	0.0000 0.0000 1.0000 0.0000	</row2>
					<row3>	0.3820 0.3298 -4.2021 1.0000	</row3>
				</transform>
			</node>
			<node>
				<identifier>	MP_CM029_Emergency_Box_INDEX_2	</identifier>
				<transform>
					<row0>	1.0000 0.0000 0.0000 0.0000	</row0>
					<row1>	0.0000 1.0000 0.0000 0.0000	</row1>
					<row2>	0.0000 0.0000 1.0000 0.0000	</row2>
					<row3>	0.2147 0.4875 -1.6987 1.0000	</row3>
				</transform>
			</node>
			<node>
				<identifier>	MP_CM029_Emergency_Box_INDEX_3	</identifier>
				<transform>
					<row0>	1.0000 0.0000 0.0000 0.0000	</row0>
					<row1>	0.0000 1.0000 0.0000 0.0000	</row1>
					<row2>	0.0000 0.0000 1.0000 0.0000	</row2>
					<row3>	-0.2301 0.4875 -1.6987 1.0000	</row3>
				</transform>
			</node>
			<node>
				<identifier>	MP_CM032_Propeller3_R	</identifier>
				<transform>
					<row0>	0.9994 0.0000 0.0349 0.0000	</row0>
					<row1>	0.0009 0.9996 -0.0266 0.0000	</row1>
					<row2>	-0.0349 0.0266 0.9990 0.0000	</row2>
					<row3>	0.6013 -0.5388 -5.0665 1.0000	</row3>
				</transform>
			</node>
			<node>
				<identifier>	MP_CM056_Ships_bell	</identifier>
				<transform>
					<row0>	0.8660 0.0000 0.5000 0.0000	</row0>
					<row1>	0.0000 1.0000 0.0000 0.0000	</row1>
					<row2>	-0.5000 0.0000 0.8660 0.0000	</row2>
					<row3>	0.0000 0.6001 -4.1662 1.0000	</row3>
				</transform>
			</node>
			<node>
				<identifier>	MP_SM010_Todo_Por_La_Patria_Motto	</identifier>
				<transform>
					<row0>	-1.0000 0.0000 0.0000 0.0000	</row0>
					<row1>	0.0000 1.0000 0.0000 0.0000	</row1>
					<row2>	0.0000 0.0000 -1.0000 0.0000	</row2>
					<row3>	0.0000 1.0260 -1.9706 1.0000	</row3>
				</transform>
			</node>
			<node>
				<identifier>	MP_SM016_Reels	</identifier>
				<transform>
					<row0>	1.3522 0.0000 0.0000 0.0000	</row0>
					<row1>	0.0000 0.0000 -0.9731 0.0000	</row1>
					<row2>	0.0000 0.9731 0.0000 0.0000	</row2>
					<row3>	-0.3111 0.3026 -4.1929 1.0000	</row3>
				</transform>
			</node>
			<node>
				<identifier>	MP_SM016_Reels_INDEX_1	</identifier>
				<transform>
					<row0>	1.3522 0.0000 0.0000 0.0000	</row0>
					<row1>	0.0000 0.0000 -0.9731 0.0000	</row1>
					<row2>	0.0000 0.9731 0.0000 0.0000	</row2>
					<row3>	-0.1642 0.2981 -4.1929 1.0000	</row3>
				</transform>
			</node>
			<node>
				<identifier>	MP_SM016_Reels_INDEX_10	</identifier>
				<transform>
					<row0>	0.0000 0.0000 -1.1468 0.0000	</row0>
					<row1>	0.0000 0.8253 0.0000 0.0000	</row1>
					<row2>	0.8253 0.0000 0.0000 0.0000	</row2>
					<row3>	0.0592 0.5919 -1.4839 1.0000	</row3>
				</transform>
			</node>
			<node>
				<identifier>	MP_SM016_Reels_INDEX_11	</identifier>
				<transform>
					<row0>	0.0000 0.0000 -1.3050 0.0000	</row0>
					<row1>	0.0000 0.9392 0.0000 0.0000	</row1>
					<row2>	0.9392 0.0000 0.0000 0.0000	</row2>
					<row3>	-0.0478 0.5919 -1.4839 1.0000	</row3>
				</transform>
			</node>
			<node>
				<identifier>	MP_SM016_Reels_INDEX_12	</identifier>
				<transform>
					<row0>	1.3522 0.0000 0.0000 0.0000	</row0>
					<row1>	0.0000 0.9731 0.0000 0.0000	</row1>
					<row2>	0.0000 0.0000 0.9731 0.0000	</row2>
					<row3>	0.3111 0.2599 -4.3564 1.0000	</row3>
				</transform>
			</node>
			<node>
				<identifier>	MP_SM016_Reels_INDEX_13	</identifier>
				<transform>
					<row0>	-0.3839 0.0000 0.8233 0.0000	</row0>
					<row1>	0.0000 0.6537 0.0000 0.0000	</row1>
					<row2>	-0.5925 0.0000 -0.2763 0.0000	</row2>
					<row3>	-0.1810 0.5916 -1.2390 1.0000	</row3>
				</transform>
			</node>
			<node>
				<identifier>	MP_SM016_Reels_INDEX_14	</identifier>
				<transform>
					<row0>	-0.3839 0.0000 -0.8233 0.0000	</row0>
					<row1>	0.0000 0.6537 0.0000 0.0000	</row1>
					<row2>	0.5925 0.0000 -0.2763 0.0000	</row2>
					<row3>	0.1810 0.5916 -1.2390 1.0000	</row3>
				</transform>
			</node>
			<node>
				<identifier>	MP_SM016_Reels_INDEX_2	</identifier>
				<transform>
					<row0>	1.3522 0.0000 0.0000 0.0000	</row0>
					<row1>	0.0000 0.9731 0.0000 0.0000	</row1>
					<row2>	0.0000 0.0000 0.9731 0.0000	</row2>
					<row3>	-0.3111 0.2599 -4.3564 1.0000	</row3>
				</transform>
			</node>
			<node>
				<identifier>	MP_SM016_Reels_INDEX_3	</identifier>
				<transform>
					<row0>	1.3522 0.0000 0.0000 0.0000	</row0>
					<row1>	0.0000 0.9731 0.0000 0.0000	</row1>
					<row2>	0.0000 0.0000 0.9731 0.0000	</row2>
					<row3>	-0.1642 0.2599 -4.3609 1.0000	</row3>
				</transform>
			</node>
			<node>
				<identifier>	MP_SM016_Reels_INDEX_4	</identifier>
				<transform>
					<row0>	1.3522 0.0000 0.0000 0.0000	</row0>
					<row1>	0.0000 0.0000 -0.9731 0.0000	</row1>
					<row2>	0.0000 0.9731 0.0000 0.0000	</row2>
					<row3>	0.1642 0.2981 -4.1929 1.0000	</row3>
				</transform>
			</node>
			<node>
				<identifier>	MP_SM016_Reels_INDEX_5	</identifier>
				<transform>
					<row0>	1.3522 0.0000 0.0000 0.0000	</row0>
					<row1>	0.0000 0.0000 -0.9731 0.0000	</row1>
					<row2>	0.0000 0.9731 0.0000 0.0000	</row2>
					<row3>	0.3111 0.3026 -4.1929 1.0000	</row3>
				</transform>
			</node>
			<node>
				<identifier>	MP_SM016_Reels_INDEX_6	</identifier>
				<transform>
					<row0>	1.3522 0.0000 0.0000 0.0000	</row0>
					<row1>	0.0000 0.9731 0.0000 0.0000	</row1>
					<row2>	0.0000 0.0000 0.9731 0.0000	</row2>
					<row3>	0.1642 0.2599 -4.3609 1.0000	</row3>
				</transform>
			</node>
			<node>
				<identifier>	MP_SM016_Reels_INDEX_7	</identifier>
				<transform>
					<row0>	-1.2156 0.0000 0.0000 0.0000	</row0>
					<row1>	0.0000 1.2010 0.0000 0.0000	</row1>
					<row2>	0.0000 0.0000 -1.2010 0.0000	</row2>
					<row3>	-0.1844 0.5919 -0.6320 1.0000	</row3>
				</transform>
			</node>
			<node>
				<identifier>	MP_SM016_Reels_INDEX_8	</identifier>
				<transform>
					<row0>	-1.2156 0.0000 0.0000 0.0000	</row0>
					<row1>	0.0000 1.2010 0.0000 0.0000	</row1>
					<row2>	0.0000 0.0000 -1.2010 0.0000	</row2>
					<row3>	0.1751 0.5919 -0.6056 1.0000	</row3>
				</transform>
			</node>
			<node>
				<identifier>	MP_SM016_Reels_INDEX_9	</identifier>
				<transform>
					<row0>	0.0000 0.0000 -1.3050 0.0000	</row0>
					<row1>	0.0000 0.9392 0.0000 0.0000	</row1>
					<row2>	0.9392 0.0000 0.0000 0.0000	</row2>
					<row3>	0.0000 0.6420 -2.4220 1.0000	</row3>
				</transform>
			</node>
			<node>
				<identifier>	MP_SM042_Turtle	</identifier>
				<transform>
					<row0>	0.0000 0.0000 1.0000 0.0000	</row0>
					<row1>	0.0000 1.0000 0.0000 0.0000	</row1>
					<row2>	-1.0000 0.0000 0.0000 0.0000	</row2>
					<row3>	-0.2557 0.6328 -2.2779 1.0000	</row3>
				</transform>
			</node>
			<node>
				<identifier>	MP_SM042_Turtle_INDEX_1	</identifier>
				<transform>
					<row0>	0.0000 0.0000 1.0000 0.0000	</row0>
					<row1>	0.0000 1.0000 0.0000 0.0000	</row1>
					<row2>	-1.0000 0.0000 0.0000 0.0000	</row2>
					<row3>	-0.2557 0.6328 -2.3113 1.0000	</row3>
				</transform>
			</node>
			<node>
				<identifier>	MP_SM042_Turtle_INDEX_10	</identifier>
				<transform>
					<row0>	0.0000 0.0000 -1.0000 0.0000	</row0>
					<row1>	0.0000 1.0000 0.0000 0.0000	</row1>
					<row2>	1.0000 0.0000 0.0000 0.0000	</row2>
					<row3>	0.2557 0.6328 -2.3613 1.0000	</row3>
				</transform>
			</node>
			<node>
				<identifier>	MP_SM042_Turtle_INDEX_11	</identifier>
				<transform>
					<row0>	0.0000 0.0000 1.0000 0.0000	</row0>
					<row1>	0.0000 1.0000 0.0000 0.0000	</row1>
					<row2>	-1.0000 0.0000 0.0000 0.0000	</row2>
					<row3>	-0.2557 0.6328 -2.3446 1.0000	</row3>
				</transform>
			</node>
			<node>
				<identifier>	MP_SM042_Turtle_INDEX_2	</identifier>
				<transform>
					<row0>	0.0000 0.0000 1.0000 0.0000	</row0>
					<row1>	0.0000 1.0000 0.0000 0.0000	</row1>
					<row2>	-1.0000 0.0000 0.0000 0.0000	</row2>
					<row3>	-0.2557 0.6328 -2.2946 1.0000	</row3>
				</transform>
			</node>
			<node>
				<identifier>	MP_SM042_Turtle_INDEX_3	</identifier>
				<transform>
					<row0>	0.0000 0.0000 1.0000 0.0000	</row0>
					<row1>	0.0000 1.0000 0.0000 0.0000	</row1>
					<row2>	-1.0000 0.0000 0.0000 0.0000	</row2>
					<row3>	-0.2557 0.6328 -2.3613 1.0000	</row3>
				</transform>
			</node>
			<node>
				<identifier>	MP_SM042_Turtle_INDEX_4	</identifier>
				<transform>
					<row0>	0.0000 0.0000 1.0000 0.0000	</row0>
					<row1>	0.0000 1.0000 0.0000 0.0000	</row1>
					<row2>	-1.0000 0.0000 0.0000 0.0000	</row2>
					<row3>	-0.2557 0.6328 -2.3279 1.0000	</row3>
				</transform>
			</node>
			<node>
				<identifier>	MP_SM042_Turtle_INDEX_5	</identifier>
				<transform>
					<row0>	0.0000 0.0000 -1.0000 0.0000	</row0>
					<row1>	0.0000 1.0000 0.0000 0.0000	</row1>
					<row2>	1.0000 0.0000 0.0000 0.0000	</row2>
					<row3>	0.2557 0.6328 -2.3113 1.0000	</row3>
				</transform>
			</node>
			<node>
				<identifier>	MP_SM042_Turtle_INDEX_6	</identifier>
				<transform>
					<row0>	0.0000 0.0000 -1.0000 0.0000	</row0>
					<row1>	0.0000 1.0000 0.0000 0.0000	</row1>
					<row2>	1.0000 0.0000 0.0000 0.0000	</row2>
					<row3>	0.2557 0.6328 -2.2779 1.0000	</row3>
				</transform>
			</node>
			<node>
				<identifier>	MP_SM042_Turtle_INDEX_7	</identifier>
				<transform>
					<row0>	0.0000 0.0000 -1.0000 0.0000	</row0>
					<row1>	0.0000 1.0000 0.0000 0.0000	</row1>
					<row2>	1.0000 0.0000 0.0000 0.0000	</row2>
					<row3>	0.2557 0.6328 -2.3279 1.0000	</row3>
				</transform>
			</node>
			<node>
				<identifier>	MP_SM042_Turtle_INDEX_8	</identifier>
				<transform>
					<row0>	0.0000 0.0000 -1.0000 0.0000	</row0>
					<row1>	0.0000 1.0000 0.0000 0.0000	</row1>
					<row2>	1.0000 0.0000 0.0000 0.0000	</row2>
					<row3>	0.2557 0.6328 -2.2946 1.0000	</row3>
				</transform>
			</node>
			<node>
				<identifier>	MP_SM042_Turtle_INDEX_9	</identifier>
				<transform>
					<row0>	0.0000 0.0000 -1.0000 0.0000	</row0>
					<row1>	0.0000 1.0000 0.0000 0.0000	</row1>
					<row2>	1.0000 0.0000 0.0000 0.0000	</row2>
					<row3>	0.2557 0.6328 -2.3446 1.0000	</row3>
				</transform>
			</node>
			<node>
				<identifier>	MP_SM050_Life_Buoy	</identifier>
				<transform>
					<row0>	-0.0929 0.0000 0.9957 0.0000	</row0>
					<row1>	0.0000 1.0000 0.0000 0.0000	</row1>
					<row2>	-0.9957 0.0000 -0.0929 0.0000	</row2>
					<row3>	-0.8870 0.2599 -4.5796 1.0000	</row3>
				</transform>
			</node>
			<node>
				<identifier>	MP_SM050_Life_Buoy_INDEX_1	</identifier>
				<transform>
					<row0>	-0.0929 0.0000 -0.9957 0.0000	</row0>
					<row1>	0.0000 1.0000 0.0000 0.0000	</row1>
					<row2>	0.9957 0.0000 -0.0929 0.0000	</row2>
					<row3>	0.8870 0.2599 -4.5796 1.0000	</row3>
				</transform>
			</node>
			<node>
				<identifier>	MP_SM081_Life_Buoy	</identifier>
				<transform>
					<row0>	0.1396 0.0000 -0.9902 0.0000	</row0>
					<row1>	0.0000 1.0000 0.0000 0.0000	</row1>
					<row2>	0.9902 0.0000 0.1396 0.0000	</row2>
					<row3>	-0.7254 0.3286 -5.8467 1.0000	</row3>
				</transform>
			</node>
			<node>
				<identifier>	MP_SM081_Life_Buoy_INDEX_1	</identifier>
				<transform>
					<row0>	0.0918 0.0000 0.9958 0.0000	</row0>
					<row1>	0.0000 1.0000 0.0000 0.0000	</row1>
					<row2>	-0.9958 0.0000 0.0918 0.0000	</row2>
					<row3>	0.8551 0.3279 -4.8949 1.0000	</row3>
				</transform>
			</node>
			<node>
				<identifier>	MP_SM081_Life_Buoy_INDEX_2	</identifier>
				<transform>
					<row0>	0.0804 0.0000 0.9968 0.0000	</row0>
					<row1>	0.0000 1.0000 0.0000 0.0000	</row1>
					<row2>	-0.9968 0.0000 0.0804 0.0000	</row2>
					<row3>	0.9320 0.4600 -3.5193 1.0000	</row3>
				</transform>
			</node>
			<node>
				<identifier>	MP_SM081_Life_Buoy_INDEX_3	</identifier>
				<transform>
					<row0>	0.1396 0.0000 0.9902 0.0000	</row0>
					<row1>	0.0000 1.0000 0.0000 0.0000	</row1>
					<row2>	-0.9902 0.0000 0.1396 0.0000	</row2>
					<row3>	0.7254 0.3286 -5.8467 1.0000	</row3>
				</transform>
			</node>
			<node>
				<identifier>	MP_SM081_Life_Buoy_INDEX_4	</identifier>
				<transform>
					<row0>	0.0804 0.0000 -0.9968 0.0000	</row0>
					<row1>	0.0000 1.0000 0.0000 0.0000	</row1>
					<row2>	0.9968 0.0000 0.0804 0.0000	</row2>
					<row3>	-0.9320 0.4600 -3.5193 1.0000	</row3>
				</transform>
			</node>
			<node>
				<identifier>	MP_SM081_Life_Buoy_INDEX_5	</identifier>
				<transform>
					<row0>	0.0918 0.0000 -0.9958 0.0000	</row0>
					<row1>	0.0000 1.0000 0.0000 0.0000	</row1>
					<row2>	0.9958 0.0000 0.0918 0.0000	</row2>
					<row3>	-0.8551 0.3279 -4.8949 1.0000	</row3>
				</transform>
			</node>
			<node>
				<identifier>	MP_SM532_Diesel_barch_12_25m	</identifier>
				<transform>
					<row0>	1.0000 0.0000 0.0000 0.0000	</row0>
					<row1>	0.0000 1.0000 0.0000 0.0000	</row1>
					<row2>	0.0000 0.0000 1.0000 0.0000	</row2>
					<row3>	-0.1831 0.6532 -2.5138 1.0000	</row3>
				</transform>
			</node>
			<node>
				<identifier>	MP_SM532_Diesel_barch_12_25m_INDEX_1	</identifier>
				<transform>
					<row0>	1.0000 0.0000 0.0000 0.0000	</row0>
					<row1>	0.0000 1.0000 0.0000 0.0000	</row1>
					<row2>	0.0000 0.0000 1.0000 0.0000	</row2>
					<row3>	0.1831 0.6532 -2.5138 1.0000	</row3>
				</transform>
			</node>
			<node>
				<identifier>	MP_SM533_Motoscafi_10m	</identifier>
				<transform>
					<row0>	1.0000 0.0000 0.0000 0.0000	</row0>
					<row1>	0.0000 1.0000 0.0000 0.0000	</row1>
					<row2>	0.0000 0.0000 1.0000 0.0000	</row2>
					<row3>	-0.3771 0.6989 -1.0518 1.0000	</row3>
				</transform>
			</node>
			<node>
				<identifier>	MP_SM533_Motoscafi_10m_INDEX_1	</identifier>
				<transform>
					<row0>	1.0000 0.0000 0.0000 0.0000	</row0>
					<row1>	0.0000 1.0000 0.0000 0.0000	</row1>
					<row2>	0.0000 0.0000 1.0000 0.0000	</row2>
					<row3>	0.3771 0.6989 -1.0518 1.0000	</row3>
				</transform>
			</node>
			<node>
				<identifier>	MP_SM637_Compass_Binnacle	</identifier>
				<transform>
					<row0>	-1.0000 0.0000 0.0000 0.0000	</row0>
					<row1>	0.0000 1.0000 0.0000 0.0000	</row1>
					<row2>	0.0000 0.0000 -1.0000 0.0000	</row2>
					<row3>	0.0000 1.1399 -1.5976 1.0000	</row3>
				</transform>
			</node>
			<node>
				<identifier>	MP_SM700_Ammunition_Box	</identifier>
				<transform>
					<row0>	0.9848 0.0000 -0.1736 0.0000	</row0>
					<row1>	0.0000 1.0000 0.0000 0.0000	</row1>
					<row2>	0.1736 0.0000 0.9848 0.0000	</row2>
					<row3>	0.6517 0.2604 -5.1563 1.0000	</row3>
				</transform>
			</node>
			<node>
				<identifier>	MP_SM700_Ammunition_Box_INDEX_1	</identifier>
				<transform>
					<row0>	0.9848 0.0000 0.1736 0.0000	</row0>
					<row1>	0.0000 1.0000 0.0000 0.0000	</row1>
					<row2>	-0.1736 0.0000 0.9848 0.0000	</row2>
					<row3>	-0.6527 0.2601 -5.1532 1.0000	</row3>
				</transform>
			</node>
			<node>
				<identifier>	MP_SM858_Searchlight	</identifier>
				<transform>
					<row0>	0.0000 0.0000 -1.1435 0.0000	</row0>
					<row1>	0.0000 1.1435 0.0000 0.0000	</row1>
					<row2>	1.1435 0.0000 0.0000 0.0000	</row2>
					<row3>	0.2532 1.1550 -1.6876 1.0000	</row3>
				</transform>
			</node>
			<node>
				<identifier>	MP_SM858_Searchlight_INDEX_1	</identifier>
				<transform>
					<row0>	0.0000 0.0000 1.1435 0.0000	</row0>
					<row1>	0.0000 1.1435 0.0000 0.0000	</row1>
					<row2>	-1.1435 0.0000 0.0000 0.0000	</row2>
					<row3>	-0.2532 1.1550 -1.6876 1.0000	</row3>
				</transform>
			</node>
			<node>
				<identifier>	MP_SM859_Semaphoro	</identifier>
				<transform>
					<row0>	-0.3420 0.0000 -0.9397 0.0000	</row0>
					<row1>	0.0000 1.0000 0.0000 0.0000	</row1>
					<row2>	0.9397 0.0000 -0.3420 0.0000	</row2>
					<row3>	0.2573 1.1744 -1.9079 1.0000	</row3>
				</transform>
			</node>
			<node>
				<identifier>	MP_SM859_Semaphoro_INDEX_1	</identifier>
				<transform>
					<row0>	-0.3420 0.0000 0.9397 0.0000	</row0>
					<row1>	0.0000 1.0000 0.0000 0.0000	</row1>
					<row2>	-0.9397 0.0000 -0.3420 0.0000	</row2>
					<row3>	-0.2573 1.1744 -1.9079 1.0000	</row3>
				</transform>
			</node>
			<node>
				<identifier>	MP_SM860_Searchlight_150mm	</identifier>
				<transform>
					<row0>	0.0000 0.0000 1.0000 0.0000	</row0>
					<row1>	0.0000 1.0000 0.0000 0.0000	</row1>
					<row2>	-1.0000 0.0000 0.0000 0.0000	</row2>
					<row3>	-0.1319 1.1934 -1.8474 1.0000	</row3>
				</transform>
			</node>
			<node>
				<identifier>	MP_SM860_Searchlight_150mm_INDEX_1	</identifier>
				<transform>
					<row0>	0.0000 0.0000 -1.0000 0.0000	</row0>
					<row1>	0.0000 1.0000 0.0000 0.0000	</row1>
					<row2>	1.0000 0.0000 0.0000 0.0000	</row2>
					<row3>	0.1319 1.1934 -1.8474 1.0000	</row3>
				</transform>
			</node>
			<node>
				<identifier>	MP_SM954_Winch_L	</identifier>
				<transform>
					<row0>	0.1736 0.0000 -0.9848 0.0000	</row0>
					<row1>	0.0000 1.0000 0.0000 0.0000	</row1>
					<row2>	0.9848 0.0000 0.1736 0.0000	</row2>
					<row3>	0.3691 0.5931 -1.7211 1.0000	</row3>
				</transform>
			</node>
			<node>
				<identifier>	MP_SM954_Winch_L_INDEX_1	</identifier>
				<transform>
					<row0>	1.0000 0.0000 0.0000 0.0000	</row0>
					<row1>	0.0000 1.0000 0.0000 0.0000	</row1>
					<row2>	0.0000 0.0000 1.0000 0.0000	</row2>
					<row3>	-0.1932 0.5931 -1.3775 1.0000	</row3>
				</transform>
			</node>
			<node>
				<identifier>	MP_SM955_Winch_R	</identifier>
				<transform>
					<row0>	1.0000 0.0000 0.0000 0.0000	</row0>
					<row1>	0.0000 1.0000 0.0000 0.0000	</row1>
					<row2>	0.0000 0.0000 1.0000 0.0000	</row2>
					<row3>	0.1933 0.5931 -1.3775 1.0000	</row3>
				</transform>
			</node>
			<node>
				<identifier>	MP_SM955_Winch_R_INDEX_1	</identifier>
				<transform>
					<row0>	0.1736 0.0000 0.9848 0.0000	</row0>
					<row1>	0.0000 1.0000 0.0000 0.0000	</row1>
					<row2>	-0.9848 0.0000 0.1736 0.0000	</row2>
					<row3>	-0.3691 0.5931 -1.7211 1.0000	</row3>
				</transform>
			</node>
			<node>
				<identifier>	SP_YMS011_YHWL_M_1_INDEX_10	</identifier>
				<transform>
					<row0>	1.2155 0.4514 0.1602 0.0000	</row0>
					<row1>	-0.4474 1.2260 -0.0599 0.0000	</row1>
					<row2>	-0.1710 0.0009 1.2952 0.0000	</row2>
					<row3>	-0.8212 0.0000 -4.9085 1.0000	</row3>
				</transform>
			</node>
			<node>
				<identifier>	SP_YMS011_YHWL_M_1_INDEX_7	</identifier>
				<transform>
					<row0>	1.2860 0.2265 0.0421 0.0000	</row0>
					<row1>	-0.2264 1.2867 -0.0073 0.0000	</row1>
					<row2>	-0.0427 -0.0001 1.3058 0.0000	</row2>
					<row3>	-1.0739 0.0000 -1.5948 1.0000	</row3>
				</transform>
			</node>
			<node>
				<identifier>	SP_YMS011_YHWL_M_1_INDEX_8	</identifier>
				<transform>
					<row0>	1.2849 0.2268 0.0678 0.0000	</row0>
					<row1>	-0.2264 1.2867 -0.0135 0.0000	</row1>
					<row2>	-0.0692 0.0015 1.3047 0.0000	</row2>
					<row3>	-1.0289 0.0000 -2.7036 1.0000	</row3>
				</transform>
			</node>
			<node>
				<identifier>	SP_YMS011_YHWL_M_1_INDEX_9	</identifier>
				<transform>
					<row0>	1.2777 0.2493 0.1103 0.0000	</row0>
					<row1>	-0.2484 1.2825 -0.0207 0.0000	</row1>
					<row2>	-0.1123 -0.0007 1.3017 0.0000	</row2>
					<row3>	-0.9511 0.0000 -3.8109 1.0000	</row3>
				</transform>
			</node>
			<node>
				<identifier>	SP_YMS012_YHWR_M_1_INDEX_10	</identifier>
				<transform>
					<row0>	1.2155 -0.4514 -0.1602 0.0000	</row0>
					<row1>	0.4474 1.2260 -0.0599 0.0000	</row1>
					<row2>	0.1710 0.0009 1.2952 0.0000	</row2>
					<row3>	0.8212 0.0000 -4.9085 1.0000	</row3>
				</transform>
			</node>
			<node>
				<identifier>	SP_YMS012_YHWR_M_1_INDEX_7	</identifier>
				<transform>
					<row0>	1.2860 -0.2265 -0.0421 0.0000	</row0>
					<row1>	0.2264 1.2867 -0.0073 0.0000	</row1>
					<row2>	0.0427 -0.0001 1.3058 0.0000	</row2>
					<row3>	1.0739 0.0000 -1.5948 1.0000	</row3>
				</transform>
			</node>
			<node>
				<identifier>	SP_YMS012_YHWR_M_1_INDEX_8	</identifier>
				<transform>
					<row0>	1.2849 -0.2268 -0.0678 0.0000	</row0>
					<row1>	0.2264 1.2867 -0.0135 0.0000	</row1>
					<row2>	0.0692 0.0015 1.3047 0.0000	</row2>
					<row3>	1.0289 0.0000 -2.7036 1.0000	</row3>
				</transform>
			</node>
			<node>
				<identifier>	SP_YMS012_YHWR_M_1_INDEX_9	</identifier>
				<transform>
					<row0>	1.2777 -0.2493 -0.1103 0.0000	</row0>
					<row1>	0.2484 1.2825 -0.0207 0.0000	</row1>
					<row2>	0.1123 -0.0007 1.3017 0.0000	</row2>
					<row3>	0.9511 0.0000 -3.8109 1.0000	</row3>
				</transform>
			</node>
			<node>
				<identifier>	SP_YMS021_YHUC_S_1_INDEX_10	</identifier>
				<transform>
					<row0>	-0.2528 1.5901 -0.0310 0.0000	</row0>
					<row1>	-1.5798 -0.2547 -0.1801 0.0000	</row1>
					<row2>	-0.1827 0.0021 1.5999 0.0000	</row2>
					<row3>	-0.9917 -0.3266 -2.6252 1.0000	</row3>
				</transform>
			</node>
			<node>
				<identifier>	SP_YMS021_YHUC_S_1_INDEX_11	</identifier>
				<transform>
					<row0>	-0.2528 -1.5901 0.0310 0.0000	</row0>
					<row1>	1.5798 -0.2547 -0.1801 0.0000	</row1>
					<row2>	0.1827 0.0021 1.5999 0.0000	</row2>
					<row3>	0.9917 -0.3266 -2.6252 1.0000	</row3>
				</transform>
			</node>
			<node>
				<identifier>	SP_YMS021_YHUC_S_1_INDEX_6	</identifier>
				<transform>
					<row0>	0.1494 1.6034 0.0012 0.0000	</row0>
					<row1>	-1.6016 0.1493 -0.0770 0.0000	</row1>
					<row2>	-0.0767 0.0059 1.6085 0.0000	</row2>
					<row3>	-1.0791 -0.3266 -1.0922 1.0000	</row3>
				</transform>
			</node>
			<node>
				<identifier>	SP_YMS021_YHUC_S_1_INDEX_7	</identifier>
				<transform>
					<row0>	0.1494 -1.6034 -0.0012 0.0000	</row0>
					<row1>	1.6016 0.1493 -0.0770 0.0000	</row1>
					<row2>	0.0767 0.0059 1.6085 0.0000	</row2>
					<row3>	1.0791 -0.3266 -1.0922 1.0000	</row3>
				</transform>
			</node>
			<node>
				<identifier>	SP_YMS021_YHUC_S_1_INDEX_8	</identifier>
				<transform>
					<row0>	0.0191 1.6102 -0.0112 0.0000	</row0>
					<row1>	-1.6061 0.0182 -0.1149 0.0000	</row1>
					<row2>	-0.1148 0.0125 1.6062 0.0000	</row2>
					<row3>	-1.0474 -0.3266 -1.8602 1.0000	</row3>
				</transform>
			</node>
			<node>
				<identifier>	SP_YMS021_YHUC_S_1_INDEX_9	</identifier>
				<transform>
					<row0>	0.0191 -1.6102 0.0112 0.0000	</row0>
					<row1>	1.6061 0.0182 -0.1149 0.0000	</row1>
					<row2>	0.1148 0.0125 1.6062 0.0000	</row2>
					<row3>	1.0474 -0.3266 -1.8602 1.0000	</row3>
				</transform>
			</node>
			<node>
				<identifier>	SP_YMS023_YHUC_L_1	</identifier>
				<transform>
					<row0>	0.8755 0.0000 -0.0306 0.0000	</row0>
					<row1>	-0.0008 0.8757 -0.0233 0.0000	</row1>
					<row2>	0.0306 0.0233 0.8752 0.0000	</row2>
					<row3>	-0.6012 -0.5388 -5.0665 1.0000	</row3>
				</transform>
			</node>
			<node>
				<identifier>	SP_YMS023_YHUC_L_1_INDEX_1	</identifier>
				<transform>
					<row0>	0.8755 0.0000 0.0306 0.0000	</row0>
					<row1>	0.0008 0.8757 -0.0233 0.0000	</row1>
					<row2>	-0.0306 0.0233 0.8752 0.0000	</row2>
					<row3>	0.6012 -0.5388 -5.0665 1.0000	</row3>
				</transform>
			</node>
			<node>
				<identifier>	SP_YMS042_YHPL_L_1_INDEX_1	</identifier>
				<transform>
					<row0>	1.1300 0.0000 0.0000 0.0000	</row0>
					<row1>	0.0000 1.1300 0.0000 0.0000	</row1>
					<row2>	0.0000 0.0000 1.1300 0.0000	</row2>
					<row3>	-0.0348 1.4897 -0.8037 1.0000	</row3>
				</transform>
			</node>
			<node>
				<identifier>	SP_YMS042_YHPL_L_1_INDEX_2	</identifier>
				<transform>
					<row0>	0.0000 0.0000 1.1300 0.0000	</row0>
					<row1>	0.0000 1.1300 0.0000 0.0000	</row1>
					<row2>	-1.1300 0.0000 0.0000 0.0000	</row2>
					<row3>	-0.0216 1.4897 -1.0842 1.0000	</row3>
				</transform>
			</node>
			<node>
				<identifier>	SP_YMS043_YHPR_L_1_INDEX_1	</identifier>
				<transform>
					<row0>	1.1300 0.0000 0.0000 0.0000	</row0>
					<row1>	0.0000 1.1300 0.0000 0.0000	</row1>
					<row2>	0.0000 0.0000 1.1300 0.0000	</row2>
					<row3>	0.0348 1.4897 -0.8037 1.0000	</row3>
				</transform>
			</node>
			<node>
				<identifier>	SP_YMS043_YHPR_L_1_INDEX_2	</identifier>
				<transform>
					<row0>	0.0000 0.0000 -1.1300 0.0000	</row0>
					<row1>	0.0000 1.1300 0.0000 0.0000	</row1>
					<row2>	1.1300 0.0000 0.0000 0.0000	</row2>
					<row3>	0.0216 1.4897 -1.0842 1.0000	</row3>
				</transform>
			</node>
			<node>
				<identifier>	SP_YMS071_YHHC_S_1_INDEX_6	</identifier>
				<transform>
					<row0>	1.0000 0.0000 0.0000 0.0000	</row0>
					<row1>	0.0000 1.0000 0.0000 0.0000	</row1>
					<row2>	0.0000 0.0000 1.0000 0.0000	</row2>
					<row3>	-0.6661 0.4214 -3.6195 1.0000	</row3>
				</transform>
			</node>
			<node>
				<identifier>	SP_YMS071_YHHC_S_1_INDEX_7	</identifier>
				<transform>
					<row0>	1.0000 0.0000 0.0000 0.0000	</row0>
					<row1>	0.0000 1.0000 0.0000 0.0000	</row1>
					<row2>	0.0000 0.0000 1.0000 0.0000	</row2>
					<row3>	0.6661 0.4214 -3.6195 1.0000	</row3>
				</transform>
			</node>
			<node>
				<identifier>	SP_YMS071_YHHC_S_1_INDEX_8	</identifier>
				<transform>
					<row0>	1.0000 0.0000 0.0000 0.0000	</row0>
					<row1>	0.0000 1.0000 0.0000 0.0000	</row1>
					<row2>	0.0000 0.0000 1.0000 0.0000	</row2>
					<row3>	-0.5095 0.2758 -4.7086 1.0000	</row3>
				</transform>
			</node>
			<node>
				<identifier>	SP_YMS071_YHHC_S_1_INDEX_9	</identifier>
				<transform>
					<row0>	1.0000 0.0000 0.0000 0.0000	</row0>
					<row1>	0.0000 1.0000 0.0000 0.0000	</row1>
					<row2>	0.0000 0.0000 1.0000 0.0000	</row2>
					<row3>	0.5095 0.2758 -4.7086 1.0000	</row3>
				</transform>
			</node>
			<node>
				<identifier>	SP_YMS072_YHHC_M_1_INDEX_2	</identifier>
				<transform>
					<row0>	0.0839 -0.0034 -0.7134 0.0000	</row0>
					<row1>	-0.0668 0.7152 -0.0113 0.0000	</row1>
					<row2>	0.7103 0.0676 0.0832 0.0000	</row2>
					<row3>	-0.8713 0.1622 -4.6968 1.0000	</row3>
				</transform>
			</node>
			<node>
				<identifier>	SP_YMS072_YHHC_M_1_INDEX_3	</identifier>
				<transform>
					<row0>	0.0839 0.0034 0.7134 0.0000	</row0>
					<row1>	0.0668 0.7152 -0.0113 0.0000	</row1>
					<row2>	-0.7103 0.0676 0.0832 0.0000	</row2>
					<row3>	0.8713 0.1622 -4.6968 1.0000	</row3>
				</transform>
			</node>
			<node>
				<identifier>	SP_YMS072_YHHC_M_1_INDEX_4	</identifier>
				<transform>
					<row0>	0.0897 0.0025 -0.7631 0.0000	</row0>
					<row1>	-0.1080 0.7607 -0.0102 0.0000	</row1>
					<row2>	0.7554 0.1084 0.0892 0.0000	</row2>
					<row3>	-0.8247 0.1575 -5.1091 1.0000	</row3>
