<ZSC002_Huang_he_1951_MidFront_ports.visual>
	<node>
		<identifier>	Scene Root	</identifier>
		<transform>
			<row0>	1.0000 0.0000 0.0000 0.0000	</row0>
			<row1>	0.0000 1.0000 0.0000 0.0000	</row1>
			<row2>	0.0000 0.0000 1.0000 0.0000	</row2>
			<row3>	0.0000 0.0000 0.0000 1.0000	</row3>
		</transform>
		<node>
			<identifier>	MidFront_ports	</identifier>
			<transform>
				<row0>	1.0000 0.0000 0.0000 0.0000	</row0>
				<row1>	0.0000 1.0000 0.0000 0.0000	</row1>
				<row2>	0.0000 0.0000 1.0000 0.0000	</row2>
				<row3>	0.0000 0.0000 0.0000 1.0000	</row3>
			</transform>
			<node>
				<identifier>	HP_FX_Death_2	</identifier>
				<transform>
					<row0>	1.0000 0.0000 0.0000 0.0000	</row0>
					<row1>	0.0000 1.0000 0.0000 0.0000	</row1>
					<row2>	0.0000 0.0000 1.0000 0.0000	</row2>
					<row3>	0.0000 0.0000 -0.0199 1.0000	</row3>
				</transform>
			</node>
			<node>
				<identifier>	HP_FX_Fire_2	</identifier>
				<transform>
					<row0>	1.0000 0.0000 0.0000 0.0000	</row0>
					<row1>	0.0000 1.0000 0.0000 0.0000	</row1>
					<row2>	0.0000 0.0000 1.0000 0.0000	</row2>
					<row3>	0.0000 0.9598 1.8024 1.0000	</row3>
				</transform>
			</node>
			<node>
				<identifier>	HP_FX_Fire_2_side_1	</identifier>
				<transform>
					<row0>	1.0000 0.0000 0.0000 0.0000	</row0>
					<row1>	0.0000 1.0000 0.0000 0.0000	</row1>
					<row2>	0.0000 0.0000 1.0000 0.0000	</row2>
					<row3>	0.3759 0.4502 0.9597 1.0000	</row3>
				</transform>
			</node>
			<node>
				<identifier>	HP_FX_FloodLight_left_2	</identifier>
				<transform>
					<row0>	-1.0000 0.0000 0.0000 0.0000	</row0>
					<row1>	0.0000 1.0000 0.0000 0.0000	</row1>
					<row2>	0.0000 0.0000 -1.0000 0.0000	</row2>
					<row3>	-0.2089 0.7346 1.8861 1.0000	</row3>
				</transform>
			</node>
			<node>
				<identifier>	HP_FX_FloodLight_right_2	</identifier>
				<transform>
					<row0>	1.0000 0.0000 0.0000 0.0000	</row0>
					<row1>	0.0000 1.0000 0.0000 0.0000	</row1>
					<row2>	0.0000 0.0000 1.0000 0.0000	</row2>
					<row3>	0.2109 0.7446 1.8881 1.0000	</row3>
				</transform>
			</node>
			<node>
				<identifier>	HP_FX_Flood_steam_1	</identifier>
				<transform>
					<row0>	1.0000 0.0000 0.0000 0.0000	</row0>
					<row1>	0.0000 0.9825 -0.1861 0.0000	</row1>
					<row2>	0.0000 0.1861 0.9825 0.0000	</row2>
					<row3>	-0.0010 1.1757 0.3431 1.0000	</row3>
				</transform>
			</node>
			<node>
				<identifier>	HP_FX_Flood_steam_left	</identifier>
				<transform>
					<row0>	-1.0000 0.0000 0.0000 0.0000	</row0>
					<row1>	0.0000 1.0000 0.0000 0.0000	</row1>
					<row2>	0.0000 0.0000 -1.0000 0.0000	</row2>
					<row3>	-0.4718 0.3668 2.3608 1.0000	</row3>
				</transform>
			</node>
			<node>
				<identifier>	HP_FX_Flood_water_left_3	</identifier>
				<transform>
					<row0>	-1.0000 0.0000 0.0000 0.0000	</row0>
					<row1>	0.0000 1.0000 0.0000 0.0000	</row1>
					<row2>	0.0000 0.0000 -1.0000 0.0000	</row2>
					<row3>	-0.3898 0.0620 2.7306 1.0000	</row3>
				</transform>
			</node>
			<node>
				<identifier>	HP_FX_Flood_water_right_3	</identifier>
				<transform>
					<row0>	1.0000 0.0000 0.0000 0.0000	</row0>
					<row1>	0.0000 1.0000 0.0000 0.0000	</row1>
					<row2>	0.0000 0.0000 1.0000 0.0000	</row2>
					<row3>	0.3948 0.0640 2.7236 1.0000	</row3>
				</transform>
			</node>
			<node>
				<identifier>	HP_FX_Smoke_1	</identifier>
				<transform>
					<row0>	1.0000 0.0000 0.0000 0.0000	</row0>
					<row1>	0.0000 1.0000 0.0000 0.0000	</row1>
					<row2>	0.0000 0.0000 1.0000 0.0000	</row2>
					<row3>	0.0000 1.1548 0.4582 1.0000	</row3>
				</transform>
			</node>
			<node>
				<identifier>	HP_Flagpole	</identifier>
				<transform>
					<row0>	0.0000 0.0000 0.5263 0.0000	</row0>
					<row1>	0.0000 0.5263 0.0000 0.0000	</row1>
					<row2>	-0.5263 0.0000 0.0000 0.0000	</row2>
					<row3>	0.0140 1.6433 1.1261 1.0000	</row3>
				</transform>
			</node>
			<node>
				<identifier>	HP_ZD_1	</identifier>
				<transform>
					<row0>	0.0000 0.0000 1.0000 0.0000	</row0>
					<row1>	0.0000 1.0000 0.0000 0.0000	</row1>
					<row2>	-1.0000 0.0000 0.0000 0.0000	</row2>
					<row3>	-0.1825 0.7427 1.7768 1.0000	</row3>
				</transform>
			</node>
			<node>
				<identifier>	HP_ZD_2	</identifier>
				<transform>
					<row0>	0.0000 0.0000 -1.0000 0.0000	</row0>
					<row1>	0.0000 1.0000 0.0000 0.0000	</row1>
					<row2>	1.0000 0.0000 0.0000 0.0000	</row2>
					<row3>	0.1825 0.7427 1.7768 1.0000	</row3>
				</transform>
			</node>
			<node>
				<identifier>	HP_ZD_3	</identifier>
				<transform>
					<row0>	1.0000 0.0000 0.0000 0.0000	</row0>
					<row1>	0.0000 1.0000 0.0000 0.0000	</row1>
					<row2>	0.0000 0.0000 1.0000 0.0000	</row2>
					<row3>	-0.1811 0.7363 1.7183 1.0000	</row3>
				</transform>
			</node>
			<node>
				<identifier>	HP_ZD_4	</identifier>
				<transform>
					<row0>	1.0000 0.0000 0.0000 0.0000	</row0>
					<row1>	0.0000 1.0000 0.0000 0.0000	</row1>
					<row2>	0.0000 0.0000 1.0000 0.0000	</row2>
					<row3>	0.1811 0.7363 1.7183 1.0000	</row3>
				</transform>
			</node>
			<node>
				<identifier>	HP_ZD_5	</identifier>
				<transform>
					<row0>	-0.4226 0.0000 0.9063 0.0000	</row0>
					<row1>	0.0000 1.0000 0.0000 0.0000	</row1>
					<row2>	-0.9063 0.0000 -0.4226 0.0000	</row2>
					<row3>	-0.1459 0.9036 1.6031 1.0000	</row3>
				</transform>
			</node>
			<node>
				<identifier>	HP_ZD_6	</identifier>
				<transform>
					<row0>	-0.4226 0.0000 -0.9063 0.0000	</row0>
					<row1>	0.0000 1.0000 0.0000 0.0000	</row1>
					<row2>	0.9063 0.0000 -0.4226 0.0000	</row2>
					<row3>	0.1459 0.9036 1.6031 1.0000	</row3>
				</transform>
			</node>
			<node>
				<identifier>	HP_ZF_1	</identifier>
				<transform>
					<row0>	1.0000 0.0000 0.0000 0.0000	</row0>
					<row1>	0.0000 1.0000 0.0000 0.0000	</row1>
					<row2>	0.0000 0.0000 1.0000 0.0000	</row2>
					<row3>	0.0000 1.0413 1.6010 1.0000	</row3>
				</transform>
			</node>
			<node>
				<identifier>	HP_ZF_2	</identifier>
				<transform>
					<row0>	0.0000 0.0000 1.0000 0.0000	</row0>
					<row1>	0.0000 1.0000 0.0000 0.0000	</row1>
					<row2>	-1.0000 0.0000 0.0000 0.0000	</row2>
					<row3>	-0.3254 0.6878 0.4229 1.0000	</row3>
				</transform>
			</node>
			<node>
				<identifier>	HP_ZF_3	</identifier>
				<transform>
					<row0>	0.0000 0.0000 -1.0000 0.0000	</row0>
					<row1>	0.0000 1.0000 0.0000 0.0000	</row1>
					<row2>	1.0000 0.0000 0.0000 0.0000	</row2>
					<row3>	0.3254 0.6878 0.4229 1.0000	</row3>
				</transform>
			</node>
			<node>
				<identifier>	HP_ZGA_1	</identifier>
				<transform>
					<row0>	0.0000 0.0000 1.0000 0.0000	</row0>
					<row1>	0.0000 1.0000 0.0000 0.0000	</row1>
					<row2>	-1.0000 0.0000 0.0000 0.0000	</row2>
					<row3>	-0.3004 0.5713 1.4849 1.0000	</row3>
				</transform>
			</node>
			<node>
				<identifier>	HP_ZGA_2	</identifier>
				<transform>
					<row0>	0.0000 0.0000 -1.0000 0.0000	</row0>
					<row1>	0.0000 1.0000 0.0000 0.0000	</row1>
					<row2>	1.0000 0.0000 0.0000 0.0000	</row2>
					<row3>	0.3004 0.5713 1.4849 1.0000	</row3>
				</transform>
			</node>
			<node>
				<identifier>	HP_ZGA_3	</identifier>
				<transform>
					<row0>	-0.3420 0.0000 0.9397 0.0000	</row0>
					<row1>	0.0000 1.0000 0.0000 0.0000	</row1>
					<row2>	-0.9397 0.0000 -0.3420 0.0000	</row2>
					<row3>	-0.3687 0.4003 1.3795 1.0000	</row3>
				</transform>
			</node>
			<node>
				<identifier>	HP_ZGA_4	</identifier>
				<transform>
					<row0>	-0.3420 0.0000 -0.9397 0.0000	</row0>
					<row1>	0.0000 1.0000 0.0000 0.0000	</row1>
					<row2>	0.9397 0.0000 -0.3420 0.0000	</row2>
					<row3>	0.3687 0.4003 1.3795 1.0000	</row3>
				</transform>
			</node>
			<node>
				<identifier>	HP_ZGA_5	</identifier>
				<transform>
					<row0>	0.0000 0.0000 1.0000 0.0000	</row0>
					<row1>	0.0000 1.0000 0.0000 0.0000	</row1>
					<row2>	-1.0000 0.0000 0.0000 0.0000	</row2>
					<row3>	-0.2046 0.5543 0.9865 1.0000	</row3>
				</transform>
			</node>
			<node>
				<identifier>	HP_ZGA_6	</identifier>
				<transform>
					<row0>	0.0000 0.0000 -1.0000 0.0000	</row0>
					<row1>	0.0000 1.0000 0.0000 0.0000	</row1>
					<row2>	1.0000 0.0000 0.0000 0.0000	</row2>
					<row3>	0.2046 0.5543 0.9865 1.0000	</row3>
				</transform>
			</node>
			<node>
				<identifier>	HP_ZGM_2	</identifier>
				<transform>
					<row0>	1.0000 0.0000 0.0000 0.0000	</row0>
					<row1>	0.0000 1.0000 0.0000 0.0000	</row1>
					<row2>	0.0000 0.0000 1.0000 0.0000	</row2>
					<row3>	0.0000 0.6616 2.7103 1.0000	</row3>
				</transform>
			</node>
			<node>
				<identifier>	HP_ZRS_1	</identifier>
				<transform>
					<row0>	1.0000 0.0000 0.0000 0.0000	</row0>
					<row1>	0.0000 1.0000 0.0000 0.0000	</row1>
					<row2>	0.0000 0.0000 1.0000 0.0000	</row2>
					<row3>	0.0000 1.3463 1.5500 1.0000	</row3>
				</transform>
			</node>
			<node>
				<identifier>	HP_ZRS_2	</identifier>
				<transform>
					<row0>	1.0000 0.0000 0.0000 0.0000	</row0>
					<row1>	0.0000 1.0000 0.0000 0.0000	</row1>
					<row2>	0.0000 0.0000 1.0000 0.0000	</row2>
					<row3>	-0.0865 1.3462 1.3967 1.0000	</row3>
				</transform>
			</node>
			<node>
				<identifier>	HP_ZRS_3	</identifier>
				<transform>
					<row0>	0.0000 0.0000 -1.0000 0.0000	</row0>
					<row1>	0.0000 1.0000 0.0000 0.0000	</row1>
					<row2>	1.0000 0.0000 0.0000 0.0000	</row2>
					<row3>	0.0865 1.3500 1.3967 1.0000	</row3>
				</transform>
			</node>
			<node>
				<identifier>	HP_ZRS_4	</identifier>
				<transform>
					<row0>	1.0000 0.0000 0.0000 0.0000	</row0>
					<row1>	0.0000 1.0000 0.0000 0.0000	</row1>
					<row2>	0.0000 0.0000 1.0000 0.0000	</row2>
					<row3>	0.0000 1.5667 1.3624 1.0000	</row3>
				</transform>
			</node>
			<node>
				<identifier>	HP_ZRS_5	</identifier>
				<transform>
					<row0>	1.0000 0.0000 0.0000 0.0000	</row0>
					<row1>	0.0000 1.0000 0.0000 0.0000	</row1>
					<row2>	0.0000 0.0000 1.0000 0.0000	</row2>
					<row3>	0.0000 1.6597 1.1989 1.0000	</row3>
				</transform>
			</node>
			<node>
				<identifier>	HP_flag_1	</identifier>
				<transform>
					<row0>	0.9987 -0.0516 -0.0057 0.0000	</row0>
					<row1>	0.0516 0.9743 0.2195 0.0000	</row1>
					<row2>	-0.0057 -0.2195 0.9756 0.0000	</row2>
					<row3>	0.1571 1.4150 1.2943 1.0000	</row3>
				</transform>
			</node>
			<node>
				<identifier>	HP_flag_2	</identifier>
				<transform>
					<row0>	0.9987 0.0516 0.0057 0.0000	</row0>
					<row1>	-0.0516 0.9743 0.2195 0.0000	</row1>
					<row2>	0.0057 -0.2195 0.9756 0.0000	</row2>
					<row3>	-0.1571 1.4150 1.2943 1.0000	</row3>
				</transform>
			</node>
			<node>
				<identifier>	HP_flag_3	</identifier>
				<transform>
					<row0>	0.9997 -0.0225 -0.0025 0.0000	</row0>
					<row1>	0.0225 0.9753 0.2197 0.0000	</row1>
					<row2>	-0.0025 -0.2197 0.9756 0.0000	</row2>
					<row3>	0.1139 1.4140 1.2940 1.0000	</row3>
				</transform>
			</node>
			<node>
				<identifier>	HP_flag_4	</identifier>
				<transform>
					<row0>	0.9997 0.0225 0.0025 0.0000	</row0>
					<row1>	-0.0225 0.9753 0.2197 0.0000	</row1>
					<row2>	0.0025 -0.2197 0.9756 0.0000	</row2>
					<row3>	-0.1150 1.4139 1.2941 1.0000	</row3>
				</transform>
			</node>
			<node>
				<identifier>	HP_flag_courtesy	</identifier>
				<transform>
					<row0>	0.9999 0.0113 -0.0005 0.0000	</row0>
					<row1>	-0.0113 0.9966 -0.0816 0.0000	</row1>
					<row2>	-0.0005 0.0816 0.9967 0.0000	</row2>
					<row3>	0.2241 1.5507 1.3272 1.0000	</row3>
				</transform>
			</node>
			<node>
				<identifier>	HP_flag_house	</identifier>
				<transform>
					<row0>	0.9999 -0.0113 0.0005 0.0000	</row0>
					<row1>	0.0113 0.9966 -0.0816 0.0000	</row1>
					<row2>	0.0005 0.0816 0.9967 0.0000	</row2>
					<row3>	-0.2241 1.5507 1.3272 1.0000	</row3>
				</transform>
			</node>
			<node>
				<identifier>	HP_flag_nation	</identifier>
				<transform>
					<row0>	0.9972 0.0744 -0.0018 0.0000	</row0>
					<row1>	-0.0744 0.9960 -0.0485 0.0000	</row1>
					<row2>	-0.0018 0.0485 0.9988 0.0000	</row2>
					<row3>	-0.0007 1.6470 1.0699 1.0000	</row3>
				</transform>
			</node>
			<node>
				<identifier>	HP_flag_rank	</identifier>
				<transform>
					<row0>	0.9972 0.0744 -0.0018 0.0000	</row0>
					<row1>	-0.0744 0.9960 -0.0485 0.0000	</row1>
					<row2>	-0.0018 0.0485 0.9988 0.0000	</row2>
					<row3>	0.0133 1.4593 1.0791 1.0000	</row3>
				</transform>
			</node>
			<node>
				<identifier>	MP_CM011_Fire_Fighting_Gear	</identifier>
				<transform>
					<row0>	0.6693 0.0000 0.7430 0.0000	</row0>
					<row1>	0.0000 1.0000 0.0000 0.0000	</row1>
					<row2>	-0.7430 0.0000 0.6693 0.0000	</row2>
					<row3>	0.2369 0.3979 1.5166 1.0000	</row3>
				</transform>
			</node>
			<node>
				<identifier>	MP_CM011_Fire_Fighting_Gear_INDEX_1	</identifier>
				<transform>
					<row0>	0.0000 0.0000 -1.0000 0.0000	</row0>
					<row1>	0.0000 1.0000 0.0000 0.0000	</row1>
					<row2>	1.0000 0.0000 0.0000 0.0000	</row2>
					<row3>	-0.2220 0.2394 1.2321 1.0000	</row3>
				</transform>
			</node>
			<node>
				<identifier>	MP_CM011_Fire_Fighting_Gear_INDEX_2	</identifier>
				<transform>
					<row0>	0.4226 0.0000 -0.9063 0.0000	</row0>
					<row1>	0.0000 1.0000 0.0000 0.0000	</row1>
					<row2>	0.9063 0.0000 0.4226 0.0000	</row2>
					<row3>	-0.1559 0.5732 1.5132 1.0000	</row3>
				</transform>
			</node>
			<node>
				<identifier>	MP_CM011_Fire_Fighting_Gear_INDEX_3	</identifier>
				<transform>
					<row0>	0.4226 0.0000 0.9063 0.0000	</row0>
					<row1>	0.0000 1.0000 0.0000 0.0000	</row1>
					<row2>	-0.9063 0.0000 0.4226 0.0000	</row2>
					<row3>	0.1559 0.5732 1.5132 1.0000	</row3>
				</transform>
			</node>
			<node>
				<identifier>	MP_CM011_Fire_Fighting_Gear_INDEX_4	</identifier>
				<transform>
					<row0>	0.0000 0.0000 -1.0000 0.0000	</row0>
					<row1>	0.0000 1.0000 0.0000 0.0000	</row1>
					<row2>	1.0000 0.0000 0.0000 0.0000	</row2>
					<row3>	-0.1907 0.2394 0.1583 1.0000	</row3>
				</transform>
			</node>
			<node>
				<identifier>	MP_CM011_Fire_Fighting_Gear_INDEX_5	</identifier>
				<transform>
					<row0>	1.0000 0.0000 0.0000 0.0000	</row0>
					<row1>	0.0000 1.0000 0.0000 0.0000	</row1>
					<row2>	0.0000 0.0000 1.0000 0.0000	</row2>
					<row3>	-0.2086 0.3979 1.4937 1.0000	</row3>
				</transform>
			</node>
			<node>
				<identifier>	MP_CM011_Fire_Fighting_Gear_INDEX_6	</identifier>
				<transform>
					<row0>	0.0000 0.0000 1.0000 0.0000	</row0>
					<row1>	0.0000 1.0000 0.0000 0.0000	</row1>
					<row2>	-1.0000 0.0000 0.0000 0.0000	</row2>
					<row3>	0.1907 0.2394 0.1583 1.0000	</row3>
				</transform>
			</node>
			<node>
				<identifier>	MP_CM011_Fire_Fighting_Gear_INDEX_7	</identifier>
				<transform>
					<row0>	-0.5735 0.0000 0.8192 0.0000	</row0>
					<row1>	0.0000 1.0000 0.0000 0.0000	</row1>
					<row2>	-0.8192 0.0000 -0.5735 0.0000	</row2>
					<row3>	0.2939 0.4023 2.7205 1.0000	</row3>
				</transform>
			</node>
			<node>
				<identifier>	MP_CM011_Fire_Fighting_Gear_INDEX_8	</identifier>
				<transform>
					<row0>	-0.5735 0.0000 -0.8192 0.0000	</row0>
					<row1>	0.0000 1.0000 0.0000 0.0000	</row1>
					<row2>	0.8192 0.0000 -0.5735 0.0000	</row2>
					<row3>	-0.2939 0.4023 2.7205 1.0000	</row3>
				</transform>
			</node>
			<node>
				<identifier>	MP_CM011_Fire_Fighting_Gear_INDEX_9	</identifier>
				<transform>
					<row0>	0.0000 0.0000 1.0000 0.0000	</row0>
					<row1>	0.0000 1.0000 0.0000 0.0000	</row1>
					<row2>	-1.0000 0.0000 0.0000 0.0000	</row2>
					<row3>	0.2220 0.2394 1.2321 1.0000	</row3>
				</transform>
			</node>
			<node>
				<identifier>	MP_CM012_Fire_Hose_Rack_1	</identifier>
				<transform>
					<row0>	-0.8192 0.0000 -0.5735 0.0000	</row0>
					<row1>	0.0000 1.0000 0.0000 0.0000	</row1>
					<row2>	0.5735 0.0000 -0.8192 0.0000	</row2>
					<row3>	0.2738 0.4535 2.7376 1.0000	</row3>
				</transform>
			</node>
			<node>
				<identifier>	MP_CM012_Fire_Hose_Rack_1_INDEX_1	</identifier>
				<transform>
					<row0>	0.9268 0.0000 0.3756 0.0000	</row0>
					<row1>	0.0001 1.0000 -0.0002 0.0000	</row1>
					<row2>	-0.3756 0.0002 0.9268 0.0000	</row2>
					<row3>	-0.1561 0.6642 1.5304 1.0000	</row3>
				</transform>
			</node>
			<node>
				<identifier>	MP_CM012_Fire_Hose_Rack_1_INDEX_2	</identifier>
				<transform>
					<row0>	0.8192 0.0000 -0.5735 0.0000	</row0>
					<row1>	0.0000 1.0000 0.0000 0.0000	</row1>
					<row2>	0.5735 0.0000 0.8192 0.0000	</row2>
					<row3>	-0.2738 0.4535 2.7376 1.0000	</row3>
				</transform>
			</node>
			<node>
				<identifier>	MP_CM012_Fire_Hose_Rack_1_INDEX_3	</identifier>
				<transform>
					<row0>	-1.0000 0.0000 0.0000 0.0000	</row0>
					<row1>	0.0000 1.0000 0.0000 0.0000	</row1>
					<row2>	0.0000 0.0000 -1.0000 0.0000	</row2>
					<row3>	0.2164 0.3110 1.2299 1.0000	</row3>
				</transform>
			</node>
			<node>
				<identifier>	MP_CM012_Fire_Hose_Rack_1_INDEX_4	</identifier>
				<transform>
					<row0>	-0.9268 0.0000 0.3756 0.0000	</row0>
					<row1>	0.0000 1.0000 0.0002 0.0000	</row1>
					<row2>	-0.3756 0.0002 -0.9268 0.0000	</row2>
					<row3>	0.1561 0.6642 1.5304 1.0000	</row3>
				</transform>
			</node>
			<node>
				<identifier>	MP_CM012_Fire_Hose_Rack_1_INDEX_5	</identifier>
				<transform>
					<row0>	0.0000 0.0000 1.0000 0.0000	</row0>
					<row1>	0.0000 1.0000 0.0000 0.0000	</row1>
					<row2>	-1.0000 0.0000 0.0000 0.0000	</row2>
					<row3>	0.1817 0.4535 1.5011 1.0000	</row3>
				</transform>
			</node>
			<node>
				<identifier>	MP_CM012_Fire_Hose_Rack_1_INDEX_6	</identifier>
				<transform>
					<row0>	-1.0000 0.0000 0.0000 0.0000	</row0>
					<row1>	0.0000 1.0000 0.0000 0.0000	</row1>
					<row2>	0.0000 0.0000 -1.0000 0.0000	</row2>
					<row3>	0.1850 0.3110 0.1562 1.0000	</row3>
				</transform>
			</node>
			<node>
				<identifier>	MP_CM012_Fire_Hose_Rack_1_INDEX_7	</identifier>
				<transform>
					<row0>	1.0000 0.0000 0.0000 0.0000	</row0>
					<row1>	0.0000 1.0000 0.0000 0.0000	</row1>
					<row2>	0.0000 0.0000 1.0000 0.0000	</row2>
					<row3>	-0.2164 0.3110 1.2299 1.0000	</row3>
				</transform>
			</node>
			<node>
				<identifier>	MP_CM012_Fire_Hose_Rack_1_INDEX_8	</identifier>
				<transform>
					<row0>	0.0000 0.0000 1.0000 0.0000	</row0>
					<row1>	0.0000 1.0000 0.0000 0.0000	</row1>
					<row2>	-1.0000 0.0000 0.0000 0.0000	</row2>
					<row3>	-0.1817 0.4535 1.5011 1.0000	</row3>
				</transform>
			</node>
			<node>
				<identifier>	MP_CM012_Fire_Hose_Rack_1_INDEX_9	</identifier>
				<transform>
					<row0>	1.0000 0.0000 0.0000 0.0000	</row0>
					<row1>	0.0000 1.0000 0.0000 0.0000	</row1>
					<row2>	0.0000 0.0000 1.0000 0.0000	</row2>
					<row3>	-0.1850 0.3110 0.1562 1.0000	</row3>
				</transform>
			</node>
			<node>
				<identifier>	MP_CM014_Fuel_Oil_Hose	</identifier>
				<transform>
					<row0>	1.0000 0.0000 0.0000 0.0000	</row0>
					<row1>	0.0000 1.0000 0.0000 0.0000	</row1>
					<row2>	0.0000 0.0000 1.0000 0.0000	</row2>
					<row3>	-0.2174 0.2620 1.3435 1.0000	</row3>
				</transform>
			</node>
			<node>
				<identifier>	MP_CM014_Fuel_Oil_Hose_INDEX_1	</identifier>
				<transform>
					<row0>	1.0000 0.0000 0.0000 0.0000	</row0>
					<row1>	0.0000 1.0000 0.0000 0.0000	</row1>
					<row2>	0.0000 0.0000 1.0000 0.0000	</row2>
					<row3>	-0.2174 0.2918 1.3435 1.0000	</row3>
				</transform>
			</node>
			<node>
				<identifier>	MP_CM014_Fuel_Oil_Hose_INDEX_2	</identifier>
				<transform>
					<row0>	-1.0000 0.0000 0.0000 0.0000	</row0>
					<row1>	0.0000 1.0000 0.0000 0.0000	</row1>
					<row2>	0.0000 0.0000 -1.0000 0.0000	</row2>
					<row3>	0.0978 0.2835 1.4108 1.0000	</row3>
				</transform>
			</node>
			<node>
				<identifier>	MP_CM014_Fuel_Oil_Hose_INDEX_3	</identifier>
				<transform>
					<row0>	-1.0000 0.0000 0.0000 0.0000	</row0>
					<row1>	0.0000 1.0000 0.0000 0.0000	</row1>
					<row2>	0.0000 0.0000 -1.0000 0.0000	</row2>
					<row3>	0.0978 0.3137 1.4108 1.0000	</row3>
				</transform>
			</node>
			<node>
				<identifier>	MP_CM019_Wood_Box_2	</identifier>
				<transform>
					<row0>	0.0872 0.0000 0.9962 0.0000	</row0>
					<row1>	0.0000 1.0000 0.0000 0.0000	</row1>
					<row2>	-0.9962 0.0000 0.0872 0.0000	</row2>
					<row3>	0.0001 0.7435 1.4497 1.0000	</row3>
				</transform>
			</node>
			<node>
				<identifier>	MP_CM019_Wood_Box_2_INDEX_1	</identifier>
				<transform>
					<row0>	0.1597 0.0000 0.9872 0.0000	</row0>
					<row1>	0.0000 1.0000 0.0000 0.0000	</row1>
					<row2>	-0.9872 0.0000 0.1597 0.0000	</row2>
					<row3>	0.0477 0.7435 1.4737 1.0000	</row3>
				</transform>
			</node>
			<node>
				<identifier>	MP_CM029_Emergency_Box	</identifier>
				<transform>
					<row0>	0.0000 0.0000 1.0000 0.0000	</row0>
					<row1>	0.0000 1.0000 0.0000 0.0000	</row1>
					<row2>	-1.0000 0.0000 0.0000 0.0000	</row2>
					<row3>	0.1914 0.3248 0.6127 1.0000	</row3>
				</transform>
			</node>
			<node>
				<identifier>	MP_CM029_Emergency_Box_INDEX_1	</identifier>
				<transform>
					<row0>	-0.5735 0.0000 -0.8192 0.0000	</row0>
					<row1>	0.0000 1.0000 0.0000 0.0000	</row1>
					<row2>	0.8192 0.0000 -0.5735 0.0000	</row2>
					<row3>	-0.1836 0.4658 2.8781 1.0000	</row3>
				</transform>
			</node>
			<node>
				<identifier>	MP_CM029_Emergency_Box_INDEX_2	</identifier>
				<transform>
					<row0>	-0.5735 0.0000 0.8192 0.0000	</row0>
					<row1>	0.0000 1.0000 0.0000 0.0000	</row1>
					<row2>	-0.8192 0.0000 -0.5735 0.0000	</row2>
					<row3>	0.1836 0.4658 2.8781 1.0000	</row3>
				</transform>
			</node>
			<node>
				<identifier>	MP_CM029_Emergency_Box_INDEX_3	</identifier>
				<transform>
					<row0>	0.6613 0.0000 0.7501 0.0000	</row0>
					<row1>	0.0000 1.0000 0.0000 0.0000	</row1>
					<row2>	-0.7501 0.0000 0.6613 0.0000	</row2>
					<row3>	0.3213 0.4535 1.6112 1.0000	</row3>
				</transform>
			</node>
			<node>
				<identifier>	MP_CM029_Emergency_Box_INDEX_4	</identifier>
				<transform>
					<row0>	0.6613 0.0000 -0.7501 0.0000	</row0>
					<row1>	0.0000 1.0000 0.0000 0.0000	</row1>
					<row2>	0.7501 0.0000 0.6613 0.0000	</row2>
					<row3>	-0.3213 0.4535 1.6112 1.0000	</row3>
				</transform>
			</node>
			<node>
				<identifier>	MP_CM029_Emergency_Box_INDEX_5	</identifier>
				<transform>
					<row0>	0.0000 0.0000 -1.0000 0.0000	</row0>
					<row1>	0.0000 1.0000 0.0000 0.0000	</row1>
					<row2>	1.0000 0.0000 0.0000 0.0000	</row2>
					<row3>	-0.1914 0.3248 0.6382 1.0000	</row3>
				</transform>
			</node>
			<node>
				<identifier>	MP_CM029_Emergency_Box_INDEX_6	</identifier>
				<transform>
					<row0>	1.0000 0.0000 0.0000 0.0000	</row0>
					<row1>	0.0000 1.0000 0.0000 0.0000	</row1>
					<row2>	0.0000 0.0000 1.0000 0.0000	</row2>
					<row3>	0.0272 0.5901 1.2084 1.0000	</row3>
				</transform>
			</node>
			<node>
				<identifier>	MP_CM029_Emergency_Box_INDEX_7	</identifier>
				<transform>
					<row0>	0.0000 0.0000 -1.0000 0.0000	</row0>
					<row1>	0.0000 1.0000 0.0000 0.0000	</row1>
					<row2>	1.0000 0.0000 0.0000 0.0000	</row2>
					<row3>	0.1522 0.6875 0.1725 1.0000	</row3>
				</transform>
			</node>
			<node>
				<identifier>	MP_CM029_Emergency_Box_INDEX_8	</identifier>
				<transform>
					<row0>	-1.0000 0.0000 0.0000 0.0000	</row0>
					<row1>	0.0000 1.0000 0.0000 0.0000	</row1>
					<row2>	0.0000 0.0000 -1.0000 0.0000	</row2>
					<row3>	0.0167 0.9523 1.7817 1.0000	</row3>
				</transform>
			</node>
			<node>
				<identifier>	MP_CM029_Emergency_Box_INDEX_9	</identifier>
				<transform>
					<row0>	0.0000 0.0000 1.0000 0.0000	</row0>
					<row1>	0.0000 1.0000 0.0000 0.0000	</row1>
					<row2>	-1.0000 0.0000 0.0000 0.0000	</row2>
					<row3>	-0.1522 0.6875 0.1725 1.0000	</row3>
				</transform>
			</node>
			<node>
				<identifier>	MP_CM030_Swab_Rack_2	</identifier>
				<transform>
					<row0>	-1.0000 0.0000 0.0000 0.0000	</row0>
					<row1>	0.0000 1.0000 0.0000 0.0000	</row1>
					<row2>	0.0000 0.0000 -1.0000 0.0000	</row2>
					<row3>	0.1614 0.3969 0.7060 1.0000	</row3>
				</transform>
			</node>
			<node>
				<identifier>	MP_CM056_Ships_bell	</identifier>
				<transform>
					<row0>	-0.8000 0.0000 0.0000 0.0000	</row0>
					<row1>	0.0000 0.8000 0.0000 0.0000	</row1>
					<row2>	0.0000 0.0000 -0.8000 0.0000	</row2>
					<row3>	-0.1842 0.5548 1.2224 1.0000	</row3>
				</transform>
			</node>
			<node>
				<identifier>	MP_CM092_Siren	</identifier>
				<transform>
					<row0>	1.1759 0.0000 0.0000 0.0000	</row0>
					<row1>	0.0000 1.1094 0.0000 0.0000	</row1>
					<row2>	0.0000 0.0000 1.1759 0.0000	</row2>
					<row3>	-0.1096 1.0810 0.6046 1.0000	</row3>
				</transform>
			</node>
			<node>
				<identifier>	MP_CM092_Siren_INDEX_1	</identifier>
				<transform>
					<row0>	1.1759 0.0000 0.0000 0.0000	</row0>
					<row1>	0.0000 1.1094 0.0000 0.0000	</row1>
					<row2>	0.0000 0.0000 1.1759 0.0000	</row2>
					<row3>	0.1096 1.0810 0.6046 1.0000	</row3>
				</transform>
			</node>
			<node>
				<identifier>	MP_CM109_Leadsman_Platform	</identifier>
				<transform>
					<row0>	0.1630 -1.1026 0.0023 0.0000	</row0>
					<row1>	0.9125 0.1349 0.0276 0.0000	</row1>
					<row2>	-0.0239 -0.0019 0.7982 0.0000	</row2>
					<row3>	0.4597 0.4067 2.3362 1.0000	</row3>
				</transform>
			</node>
			<node>
				<identifier>	MP_CM109_Leadsman_Platform_INDEX_1	</identifier>
				<transform>
					<row0>	-0.1630 -1.1026 0.0000 0.0000	</row0>
					<row1>	-0.9125 0.1349 0.0277 0.0000	</row1>
					<row2>	-0.0237 0.0035 -0.7986 0.0000	</row2>
					<row3>	-0.4597 0.4067 2.3362 1.0000	</row3>
				</transform>
			</node>
			<node>
				<identifier>	MP_CM120_Chair_Captain	</identifier>
				<transform>
					<row0>	1.0000 0.0000 0.0000 0.0000	</row0>
					<row1>	0.0000 1.0000 0.0000 0.0000	</row1>
					<row2>	0.0000 0.0000 1.0000 0.0000	</row2>
					<row3>	-0.0836 0.8965 2.0388 1.0000	</row3>
				</transform>
			</node>
			<node>
				<identifier>	MP_CM125_Tools	</identifier>
				<transform>
					<row0>	-1.0000 0.0000 0.0000 0.0000	</row0>
					<row1>	0.0000 1.0000 0.0000 0.0000	</row1>
					<row2>	0.0000 0.0000 -0.7537 0.0000	</row2>
					<row3>	-0.0214 0.6545 2.1891 1.0000	</row3>
				</transform>
			</node>
			<node>
				<identifier>	MP_CM125_Tools_INDEX_1	</identifier>
				<transform>
					<row0>	1.0000 0.0000 0.0000 0.0000	</row0>
					<row1>	0.0000 1.0000 0.0000 0.0000	</row1>
					<row2>	0.0000 0.0000 0.7537 0.0000	</row2>
					<row3>	0.0684 0.6545 2.1891 1.0000	</row3>
				</transform>
			</node>
			<node>
				<identifier>	MP_CM127_Jacobs_ladder	</identifier>
				<transform>
					<row0>	-1.0000 0.0000 0.0000 0.0000	</row0>
					<row1>	0.0000 1.0000 0.0000 0.0000	</row1>
					<row2>	0.0000 0.0000 -1.0000 0.0000	</row2>
					<row3>	-0.4667 0.2543 0.7659 1.0000	</row3>
				</transform>
			</node>
			<node>
				<identifier>	MP_CM127_Jacobs_ladder_INDEX_1	</identifier>
				<transform>
					<row0>	-1.0000 0.0000 0.0000 0.0000	</row0>
					<row1>	0.0000 1.0000 0.0000 0.0000	</row1>
					<row2>	0.0000 0.0000 -1.0000 0.0000	</row2>
					<row3>	-0.4600 0.2541 1.0915 1.0000	</row3>
				</transform>
			</node>
			<node>
				<identifier>	MP_CM127_Jacobs_ladder_INDEX_2	</identifier>
				<transform>
					<row0>	-1.0000 0.0000 0.0000 0.0000	</row0>
					<row1>	0.0000 1.0000 0.0000 0.0000	</row1>
					<row2>	0.0000 0.0000 -1.0000 0.0000	</row2>
					<row3>	0.4667 0.2543 0.7659 1.0000	</row3>
				</transform>
			</node>
			<node>
				<identifier>	MP_CM127_Jacobs_ladder_INDEX_3	</identifier>
				<transform>
					<row0>	-1.0000 0.0000 0.0000 0.0000	</row0>
					<row1>	0.0000 1.0000 0.0000 0.0000	</row1>
					<row2>	0.0000 0.0000 -1.0000 0.0000	</row2>
					<row3>	0.4600 0.2541 1.0915 1.0000	</row3>
				</transform>
			</node>
			<node>
				<identifier>	MP_CM129_Vice	</identifier>
				<transform>
					<row0>	1.0000 0.0000 0.0000 0.0000	</row0>
					<row1>	0.0000 1.0000 0.0000 0.0000	</row1>
					<row2>	0.0000 0.0000 1.0000 0.0000	</row2>
					<row3>	0.0540 0.6583 2.2260 1.0000	</row3>
				</transform>
			</node>
			<node>
				<identifier>	MP_CM129_Vice_INDEX_1	</identifier>
				<transform>
					<row0>	0.5686 0.0000 0.0000 0.0000	</row0>
					<row1>	0.0000 0.5686 0.0000 0.0000	</row1>
					<row2>	0.0000 0.0000 0.5686 0.0000	</row2>
					<row3>	-0.0151 0.6583 2.2260 1.0000	</row3>
				</transform>
			</node>
			<node>
				<identifier>	MP_RM227_Fire_control_station	</identifier>
				<transform>
					<row0>	0.3787 0.0000 -0.9255 0.0000	</row0>
					<row1>	0.0000 1.0000 0.0000 0.0000	</row1>
					<row2>	0.9255 0.0000 0.3787 0.0000	</row2>
					<row3>	-0.1917 0.8320 1.6348 1.0000	</row3>
				</transform>
			</node>
			<node>
				<identifier>	MP_RM227_Fire_control_station_INDEX_1	</identifier>
				<transform>
					<row0>	0.3787 0.0000 0.9255 0.0000	</row0>
					<row1>	0.0000 1.0000 0.0000 0.0000	</row1>
					<row2>	-0.9255 0.0000 0.3787 0.0000	</row2>
					<row3>	0.1917 0.8320 1.6348 1.0000	</row3>
				</transform>
			</node>
			<node>
				<identifier>	MP_ZM015_Speaker	</identifier>
				<transform>
					<row0>	0.0000 0.0000 1.0000 0.0000	</row0>
					<row1>	-0.2588 0.9659 0.0000 0.0000	</row1>
					<row2>	-0.9659 -0.2588 0.0000 0.0000	</row2>
					<row3>	-0.1458 0.7225 1.4677 1.0000	</row3>
				</transform>
			</node>
			<node>
				<identifier>	MP_ZM015_Speaker_INDEX_1	</identifier>
				<transform>
					<row0>	-0.6539 0.0000 -0.7565 0.0000	</row0>
					<row1>	0.1958 0.9659 -0.1693 0.0000	</row1>
					<row2>	0.7308 -0.2588 -0.6317 0.0000	</row2>
					<row3>	0.2435 0.5442 1.5279 1.0000	</row3>
				</transform>
			</node>
			<node>
				<identifier>	MP_ZM015_Speaker_INDEX_2	</identifier>
				<transform>
					<row0>	0.0000 0.0000 -1.0000 0.0000	</row0>
					<row1>	0.2588 0.9659 0.0000 0.0000	</row1>
					<row2>	0.9659 -0.2588 0.0000 0.0000	</row2>
					<row3>	0.1458 0.7225 1.4677 1.0000	</row3>
				</transform>
			</node>
			<node>
				<identifier>	MP_ZM015_Speaker_INDEX_3	</identifier>
				<transform>
					<row0>	-0.6539 0.0000 0.7565 0.0000	</row0>
					<row1>	-0.1958 0.9659 -0.1693 0.0000	</row1>
					<row2>	-0.7308 -0.2588 -0.6317 0.0000	</row2>
					<row3>	-0.2435 0.5442 1.5279 1.0000	</row3>
				</transform>
			</node>
			<node>
				<identifier>	MP_ZM015_Speaker_INDEX_4	</identifier>
				<transform>
					<row0>	-1.0000 0.0000 0.0000 0.0000	</row0>
					<row1>	0.0000 0.9659 -0.2588 0.0000	</row1>
					<row2>	0.0000 -0.2588 -0.9659 0.0000	</row2>
					<row3>	0.0000 0.6322 -0.0054 1.0000	</row3>
				</transform>
			</node>
			<node>
				<identifier>	MP_ZM015_Speaker_INDEX_5	</identifier>
				<transform>
					<row0>	1.0000 0.0000 0.0000 0.0000	</row0>
					<row1>	0.0000 0.9659 0.2588 0.0000	</row1>
					<row2>	0.0000 -0.2588 0.9659 0.0000	</row2>
					<row3>	0.0966 0.7152 2.1581 1.0000	</row3>
				</transform>
			</node>
			<node>
				<identifier>	MP_ZM015_Speaker_INDEX_6	</identifier>
				<transform>
					<row0>	1.0000 0.0000 0.0000 0.0000	</row0>
					<row1>	0.0000 0.9659 0.2588 0.0000	</row1>
					<row2>	0.0000 -0.2588 0.9659 0.0000	</row2>
					<row3>	-0.0468 1.0104 1.7777 1.0000	</row3>
				</transform>
			</node>
			<node>
				<identifier>	MP_ZM017_Fakel_MZ	</identifier>
				<transform>
					<row0>	0.0000 0.0000 -1.0000 0.0000	</row0>
					<row1>	0.0000 1.0000 0.0000 0.0000	</row1>
					<row2>	1.0000 0.0000 0.0000 0.0000	</row2>
					<row3>	-0.2010 1.5678 1.3268 1.0000	</row3>
				</transform>
			</node>
			<node>
				<identifier>	MP_ZM024_Life_Buoy	</identifier>
				<transform>
					<row0>	-0.0522 0.0000 0.9986 0.0000	</row0>
					<row1>	0.0000 1.0000 0.0000 0.0000	</row1>
					<row2>	-0.9986 0.0000 -0.0522 0.0000	</row2>
					<row3>	0.3128 0.6382 2.1467 1.0000	</row3>
				</transform>
			</node>
			<node>
				<identifier>	MP_ZM024_Life_Buoy_INDEX_1	</identifier>
				<transform>
					<row0>	-0.0522 0.0000 -0.9986 0.0000	</row0>
					<row1>	0.0000 1.0000 0.0000 0.0000	</row1>
					<row2>	0.9986 0.0000 -0.0522 0.0000	</row2>
					<row3>	-0.3128 0.6382 2.1467 1.0000	</row3>
				</transform>
			</node>
			<node>
				<identifier>	MP_ZM035_Fender	</identifier>
				<transform>
					<row0>	-0.8192 0.0000 0.5736 0.0000	</row0>
					<row1>	0.0000 1.0000 0.0000 0.0000	</row1>
					<row2>	-0.5736 0.0000 -0.8192 0.0000	</row2>
					<row3>	-0.2697 0.4032 2.7985 1.0000	</row3>
				</transform>
			</node>
			<node>
				<identifier>	MP_ZM035_Fender_INDEX_1	</identifier>
				<transform>
					<row0>	0.8192 0.0000 0.5736 0.0000	</row0>
					<row1>	0.0000 1.0000 0.0000 0.0000	</row1>
					<row2>	-0.5736 0.0000 0.8192 0.0000	</row2>
					<row3>	0.2697 0.4032 2.7985 1.0000	</row3>
				</transform>
			</node>
			<node>
				<identifier>	MP_ZM041_Filling_connection	</identifier>
				<transform>
					<row0>	-1.4046 0.0000 0.0278 0.0000	</row0>
					<row1>	0.0000 1.4048 0.0000 0.0000	</row1>
					<row2>	-0.0278 0.0000 -1.4046 0.0000	</row2>
					<row3>	-0.4660 0.3995 1.4882 1.0000	</row3>
				</transform>
			</node>
			<node>
				<identifier>	MP_ZM041_Filling_connection_INDEX_1	</identifier>
				<transform>
					<row0>	1.4046 0.0000 0.0278 0.0000	</row0>
					<row1>	0.0000 1.4048 0.0000 0.0000	</row1>
					<row2>	-0.0278 0.0000 1.4046 0.0000	</row2>
					<row3>	0.4664 0.3995 1.4882 1.0000	</row3>
				</transform>
			</node>
			<node>
				<identifier>	MP_ZM058_Reels_1	</identifier>
				<transform>
					<row0>	0.0000 0.0000 -0.6153 0.0000	</row0>
					<row1>	0.6153 0.0000 0.0000 0.0000	</row1>
					<row2>	0.0000 -0.6153 0.0000 0.0000	</row2>
					<row3>	0.1846 0.3416 0.7876 1.0000	</row3>
				</transform>
			</node>
			<node>
				<identifier>	MP_ZM058_Reels_1_INDEX_1	</identifier>
				<transform>
					<row0>	-0.5533 0.0000 -0.7904 0.0000	</row0>
					<row1>	-0.7326 0.0000 0.5129 0.0000	</row1>
					<row2>	0.0000 0.8943 0.0000 0.0000	</row2>
					<row3>	-0.1834 0.5471 2.8641 1.0000	</row3>
				</transform>
			</node>
			<node>
				<identifier>	MP_ZM058_Reels_1_INDEX_2	</identifier>
				<transform>
					<row0>	0.0000 0.0000 0.6153 0.0000	</row0>
					<row1>	-0.6153 0.0000 0.0000 0.0000	</row1>
					<row2>	0.0000 -0.6153 0.0000 0.0000	</row2>
					<row3>	-0.1846 0.3416 0.7876 1.0000	</row3>
				</transform>
			</node>
			<node>
				<identifier>	MP_ZM058_Reels_1_INDEX_3	</identifier>
				<transform>
					<row0>	-0.5533 0.0000 0.7904 0.0000	</row0>
					<row1>	0.7326 0.0000 0.5129 0.0000	</row1>
					<row2>	0.0000 0.8943 0.0000 0.0000	</row2>
					<row3>	0.2668 0.5471 2.7450 1.0000	</row3>
				</transform>
			</node>
			<node>
				<identifier>	MP_ZM058_Reels_1_INDEX_4	</identifier>
				<transform>
					<row0>	0.0000 0.0000 -0.9190 0.0000	</row0>
					<row1>	0.6153 0.0000 0.0000 0.0000	</row1>
					<row2>	0.0000 -0.6153 0.0000 0.0000	</row2>
					<row3>	0.1849 0.3816 0.4344 1.0000	</row3>
				</transform>
			</node>
			<node>
				<identifier>	MP_ZM058_Reels_1_INDEX_5	</identifier>
				<transform>
					<row0>	0.0000 0.0000 -0.6153 0.0000	</row0>
					<row1>	0.6153 0.0000 0.0000 0.0000	</row1>
					<row2>	0.0000 -0.6153 0.0000 0.0000	</row2>
					<row3>	0.2162 0.3809 1.1875 1.0000	</row3>
				</transform>
			</node>
			<node>
				<identifier>	MP_ZM058_Reels_1_INDEX_6	</identifier>
				<transform>
					<row0>	0.8943 0.0000 0.0000 0.0000	</row0>
					<row1>	0.0000 0.0000 0.8943 0.0000	</row1>
					<row2>	0.0000 -0.8943 0.0000 0.0000	</row2>
					<row3>	0.1048 0.5450 2.9052 1.0000	</row3>
				</transform>
			</node>
			<node>
				<identifier>	MP_ZM058_Reels_1_INDEX_7	</identifier>
				<transform>
					<row0>	0.0000 0.0000 0.9190 0.0000	</row0>
					<row1>	-0.6153 0.0000 0.0000 0.0000	</row1>
					<row2>	0.0000 -0.6153 0.0000 0.0000	</row2>
					<row3>	-0.1849 0.3816 0.4344 1.0000	</row3>
				</transform>
			</node>
			<node>
				<identifier>	MP_ZM058_Reels_1_INDEX_8	</identifier>
				<transform>
					<row0>	0.0000 0.0000 0.6153 0.0000	</row0>
					<row1>	-0.6153 0.0000 0.0000 0.0000	</row1>
					<row2>	0.0000 -0.6153 0.0000 0.0000	</row2>
					<row3>	-0.2162 0.3787 1.1875 1.0000	</row3>
				</transform>
			</node>
			<node>
				<identifier>	MP_ZM061_Sounding_Machine	</identifier>
				<transform>
					<row0>	1.0000 0.0000 0.0000 0.0000	</row0>
					<row1>	0.0000 1.0000 0.0000 0.0000	</row1>
					<row2>	0.0000 0.0000 1.0000 0.0000	</row2>
					<row3>	0.2902 0.5721 1.9381 1.0000	</row3>
				</transform>
			</node>
			<node>
				<identifier>	MP_ZM501_Captain_cutter_pr378_7_4m	</identifier>
				<transform>
					<row0>	1.0000 0.0000 0.0000 0.0000	</row0>
					<row1>	0.0000 1.0000 -0.0056 0.0000	</row1>
					<row2>	0.0000 0.0056 1.0000 0.0000	</row2>
					<row3>	0.3749 0.3941 0.1312 1.0000	</row3>
				</transform>
			</node>
			<node>
				<identifier>	MP_ZM501_Captain_cutter_pr378_7_4m_INDEX_1	</identifier>
				<transform>
					<row0>	1.0000 0.0000 0.0000 0.0000	</row0>
					<row1>	0.0000 1.0000 -0.0056 0.0000	</row1>
					<row2>	0.0000 0.0056 1.0000 0.0000	</row2>
					<row3>	-0.3749 0.3941 0.1312 1.0000	</row3>
				</transform>
			</node>
			<node>
				<identifier>	MP_ZM507_Cutter_7m	</identifier>
				<transform>
					<row0>	0.0000 0.0000 1.0000 0.0000	</row0>
					<row1>	0.0000 1.0000 0.0000 0.0000	</row1>
					<row2>	-1.0000 0.0000 0.0000 0.0000	</row2>
					<row3>	-0.3713 0.3915 0.8819 1.0000	</row3>
				</transform>
			</node>
			<node>
				<identifier>	MP_ZM507_Cutter_7m_INDEX_1	</identifier>
				<transform>
					<row0>	0.0000 0.0000 1.0000 0.0000	</row0>
					<row1>	0.0000 1.0000 0.0000 0.0000	</row1>
					<row2>	-1.0000 0.0000 0.0000 0.0000	</row2>
					<row3>	0.3713 0.3915 0.8819 1.0000	</row3>
				</transform>
			</node>
			<node>
				<identifier>	MP_ZM513_Liferaft_type_20_10ft	</identifier>
				<transform>
					<row0>	0.0000 0.0000 -1.0000 0.0000	</row0>
					<row1>	0.9063 0.4226 0.0000 0.0000	</row1>
					<row2>	0.4226 -0.9063 0.0000 0.0000	</row2>
					<row3>	0.4507 0.4127 0.5047 1.0000	</row3>
				</transform>
			</node>
			<node>
				<identifier>	MP_ZM513_Liferaft_type_20_10ft_INDEX_1	</identifier>
				<transform>
					<row0>	1.0000 0.0000 0.0000 0.0000	</row0>
					<row1>	0.0000 1.0000 0.0000 0.0000	</row1>
					<row2>	0.0000 0.0000 1.0000 0.0000	</row2>
					<row3>	0.0578 0.5549 0.7141 1.0000	</row3>
				</transform>
			</node>
			<node>
				<identifier>	MP_ZM513_Liferaft_type_20_10ft_INDEX_2	</identifier>
				<transform>
					<row0>	1.0000 0.0000 0.0000 0.0000	</row0>
					<row1>	0.0000 1.0000 0.0000 0.0000	</row1>
					<row2>	0.0000 0.0000 1.0000 0.0000	</row2>
					<row3>	-0.0578 0.5796 0.7141 1.0000	</row3>
				</transform>
			</node>
			<node>
				<identifier>	MP_ZM513_Liferaft_type_20_10ft_INDEX_3	</identifier>
				<transform>
					<row0>	1.0000 0.0000 0.0000 0.0000	</row0>
					<row1>	0.0000 1.0000 0.0000 0.0000	</row1>
					<row2>	0.0000 0.0000 1.0000 0.0000	</row2>
					<row3>	-0.0578 0.5549 0.7141 1.0000	</row3>
				</transform>
			</node>
			<node>
				<identifier>	MP_ZM513_Liferaft_type_20_10ft_INDEX_4	</identifier>
				<transform>
					<row0>	1.0000 0.0000 0.0000 0.0000	</row0>
					<row1>	0.0000 1.0000 0.0000 0.0000	</row1>
					<row2>	0.0000 0.0000 1.0000 0.0000	</row2>
					<row3>	0.0578 0.5796 0.7141 1.0000	</row3>
				</transform>
			</node>
			<node>
				<identifier>	MP_ZM513_Liferaft_type_20_10ft_INDEX_5	</identifier>
				<transform>
					<row0>	0.0000 0.0000 1.0000 0.0000	</row0>
					<row1>	-0.9063 0.4226 0.0000 0.0000	</row1>
					<row2>	-0.4226 -0.9063 0.0000 0.0000	</row2>
					<row3>	-0.4507 0.4127 0.5047 1.0000	</row3>
				</transform>
			</node>
			<node>
				<identifier>	MP_ZM610_Transmitter_Ttargeting	</identifier>
				<transform>
					<row0>	-1.0000 0.0000 0.0000 0.0000	</row0>
					<row1>	0.0000 1.0000 0.0000 0.0000	</row1>
					<row2>	0.0000 0.0000 -1.0000 0.0000	</row2>
					<row3>	-0.0862 0.9458 2.1528 1.0000	</row3>
				</transform>
			</node>
			<node>
				<identifier>	MP_ZM610_Transmitter_Ttargeting_INDEX_1	</identifier>
				<transform>
					<row0>	-1.0000 0.0000 0.0000 0.0000	</row0>
					<row1>	0.0000 1.0000 0.0000 0.0000	</row1>
					<row2>	0.0000 0.0000 -1.0000 0.0000	</row2>
					<row3>	0.0865 0.9458 2.1528 1.0000	</row3>
				</transform>
			</node>
			<node>
				<identifier>	MP_ZM611_Switch_GCL	</identifier>
				<transform>
					<row0>	-1.0000 0.0000 0.0000 0.0000	</row0>
					<row1>	0.0000 1.0000 0.0000 0.0000	</row1>
					<row2>	0.0000 0.0000 -1.0000 0.0000	</row2>
					<row3>	-0.0778 0.9258 2.1528 1.0000	</row3>
				</transform>
			</node>
			<node>
