<ASB010_Arkansas_1919_MidFront_ports.visual>
	<node>
		<identifier>	Scene Root	</identifier>
		<transform>
			<row0>	1.0000 0.0000 0.0000 0.0000	</row0>
			<row1>	0.0000 1.0000 0.0000 0.0000	</row1>
			<row2>	0.0000 0.0000 1.0000 0.0000	</row2>
			<row3>	0.0000 0.0000 0.0000 1.0000	</row3>
		</transform>
		<node>
			<identifier>	MidFront_ports	</identifier>
			<transform>
				<row0>	1.0000 0.0000 0.0000 0.0000	</row0>
				<row1>	0.0000 1.0000 0.0000 0.0000	</row1>
				<row2>	0.0000 0.0000 1.0000 0.0000	</row2>
				<row3>	0.0000 0.0000 0.0000 1.0000	</row3>
			</transform>
			<node>
				<identifier>	HP_AD_1	</identifier>
				<transform>
					<row0>	1.0000 0.0000 0.0000 0.0000	</row0>
					<row1>	0.0000 1.0000 0.0000 0.0000	</row1>
					<row2>	0.0000 0.0000 1.0000 0.0000	</row2>
					<row3>	-0.0005 2.3106 1.7531 1.0000	</row3>
				</transform>
			</node>
			<node>
				<identifier>	HP_AD_2	</identifier>
				<transform>
					<row0>	0.0000 0.0000 1.0000 0.0000	</row0>
					<row1>	0.0000 1.0000 0.0000 0.0000	</row1>
					<row2>	-1.0000 0.0000 0.0000 0.0000	</row2>
					<row3>	-0.6029 0.7490 1.5317 1.0000	</row3>
				</transform>
			</node>
			<node>
				<identifier>	HP_AD_3	</identifier>
				<transform>
					<row0>	0.0000 0.0000 -1.0000 0.0000	</row0>
					<row1>	0.0000 1.0000 0.0000 0.0000	</row1>
					<row2>	1.0000 0.0000 0.0000 0.0000	</row2>
					<row3>	0.6029 0.7490 1.5317 1.0000	</row3>
				</transform>
			</node>
			<node>
				<identifier>	HP_AD_4	</identifier>
				<transform>
					<row0>	1.0000 0.0000 0.0000 0.0000	</row0>
					<row1>	0.0000 1.0000 0.0000 0.0000	</row1>
					<row2>	0.0000 0.0000 1.0000 0.0000	</row2>
					<row3>	-0.0005 2.3113 -0.0165 1.0000	</row3>
				</transform>
			</node>
			<node>
				<identifier>	HP_AD_5	</identifier>
				<transform>
					<row0>	0.0000 0.0000 1.0000 0.0000	</row0>
					<row1>	0.0000 1.0000 0.0000 0.0000	</row1>
					<row2>	-1.0000 0.0000 0.0000 0.0000	</row2>
					<row3>	-0.4643 0.4897 -0.2061 1.0000	</row3>
				</transform>
			</node>
			<node>
				<identifier>	HP_AD_6	</identifier>
				<transform>
					<row0>	0.0000 0.0000 -1.0000 0.0000	</row0>
					<row1>	0.0000 1.0000 0.0000 0.0000	</row1>
					<row2>	1.0000 0.0000 0.0000 0.0000	</row2>
					<row3>	0.4643 0.4897 -0.2061 1.0000	</row3>
				</transform>
			</node>
			<node>
				<identifier>	HP_AF_1	</identifier>
				<transform>
					<row0>	1.0000 0.0000 0.0000 0.0000	</row0>
					<row1>	0.0000 1.0000 0.0000 0.0000	</row1>
					<row2>	0.0000 0.0000 1.0000 0.0000	</row2>
					<row3>	0.0000 0.9728 2.1288 1.0000	</row3>
				</transform>
			</node>
			<node>
				<identifier>	HP_AGA_1	</identifier>
				<transform>
					<row0>	0.7399 0.0000 0.6727 0.0000	</row0>
					<row1>	0.0000 1.0000 0.0000 0.0000	</row1>
					<row2>	-0.6727 0.0000 0.7399 0.0000	</row2>
					<row3>	-0.5487 0.4540 2.5278 1.0000	</row3>
				</transform>
			</node>
			<node>
				<identifier>	HP_AGA_2	</identifier>
				<transform>
					<row0>	0.7399 0.0000 -0.6727 0.0000	</row0>
					<row1>	0.0000 1.0000 0.0000 0.0000	</row1>
					<row2>	0.6727 0.0000 0.7399 0.0000	</row2>
					<row3>	0.5487 0.4540 2.5279 1.0000	</row3>
				</transform>
			</node>
			<node>
				<identifier>	HP_AGA_3	</identifier>
				<transform>
					<row0>	0.6765 0.0000 0.7365 0.0000	</row0>
					<row1>	0.0000 1.0000 0.0000 0.0000	</row1>
					<row2>	-0.7365 0.0000 0.6765 0.0000	</row2>
					<row3>	-0.5174 0.6018 2.2597 1.0000	</row3>
				</transform>
			</node>
			<node>
				<identifier>	HP_AGA_4	</identifier>
				<transform>
					<row0>	0.6765 0.0000 -0.7365 0.0000	</row0>
					<row1>	0.0000 1.0000 0.0000 0.0000	</row1>
					<row2>	0.7365 0.0000 0.6765 0.0000	</row2>
					<row3>	0.5174 0.6018 2.2597 1.0000	</row3>
				</transform>
			</node>
			<node>
				<identifier>	HP_AGA_5	</identifier>
				<transform>
					<row0>	0.0000 0.0000 1.0000 0.0000	</row0>
					<row1>	0.0000 1.0000 0.0000 0.0000	</row1>
					<row2>	-1.0000 0.0000 0.0000 0.0000	</row2>
					<row3>	-0.6191 1.1830 0.6631 1.0000	</row3>
				</transform>
			</node>
			<node>
				<identifier>	HP_AGA_6	</identifier>
				<transform>
					<row0>	0.0000 0.0000 -1.0000 0.0000	</row0>
					<row1>	0.0000 1.0000 0.0000 0.0000	</row1>
					<row2>	1.0000 0.0000 0.0000 0.0000	</row2>
					<row3>	0.6191 1.1830 0.6631 1.0000	</row3>
				</transform>
			</node>
			<node>
				<identifier>	HP_AGM_2	</identifier>
				<transform>
					<row0>	1.0000 0.0000 0.0000 0.0000	</row0>
					<row1>	0.0000 1.0000 0.0000 0.0000	</row1>
					<row2>	0.0000 0.0000 1.0000 0.0000	</row2>
					<row3>	0.0000 0.7165 2.6363 1.0000	</row3>
				</transform>
			</node>
			<node>
				<identifier>	HP_AGM_3	</identifier>
				<transform>
					<row0>	-1.0000 0.0000 0.0000 0.0000	</row0>
					<row1>	0.0000 1.0000 0.0000 0.0000	</row1>
					<row2>	0.0000 0.0000 -1.0000 0.0000	</row2>
					<row3>	0.0000 0.6524 -0.6850 1.0000	</row3>
				</transform>
			</node>
			<node>
				<identifier>	HP_AGS_1	</identifier>
				<transform>
					<row0>	0.9962 0.0000 0.0872 0.0000	</row0>
					<row1>	0.0000 1.0000 0.0000 0.0000	</row1>
					<row2>	-0.0872 0.0000 0.9962 0.0000	</row2>
					<row3>	-0.7642 0.3505 2.0200 1.0000	</row3>
				</transform>
			</node>
			<node>
				<identifier>	HP_AGS_10	</identifier>
				<transform>
					<row0>	-0.9501 0.0000 -0.3118 0.0000	</row0>
					<row1>	0.0000 1.0000 0.0000 0.0000	</row1>
					<row2>	0.3118 0.0000 -0.9501 0.0000	</row2>
					<row3>	0.8107 0.3254 0.3246 1.0000	</row3>
				</transform>
			</node>
			<node>
				<identifier>	HP_AGS_11	</identifier>
				<transform>
					<row0>	-0.9848 0.0000 0.1734 0.0000	</row0>
					<row1>	0.0000 1.0000 0.0000 0.0000	</row1>
					<row2>	-0.1734 0.0000 -0.9848 0.0000	</row2>
					<row3>	-0.8121 0.3166 -0.2488 1.0000	</row3>
				</transform>
			</node>
			<node>
				<identifier>	HP_AGS_12	</identifier>
				<transform>
					<row0>	-0.9845 0.0000 -0.1751 0.0000	</row0>
					<row1>	0.0000 1.0000 0.0000 0.0000	</row1>
					<row2>	0.1751 0.0000 -0.9845 0.0000	</row2>
					<row3>	0.8121 0.3166 -0.2488 1.0000	</row3>
				</transform>
			</node>
			<node>
				<identifier>	HP_AGS_2	</identifier>
				<transform>
					<row0>	0.9962 0.0000 -0.0872 0.0000	</row0>
					<row1>	0.0000 1.0000 0.0000 0.0000	</row1>
					<row2>	0.0872 0.0000 0.9962 0.0000	</row2>
					<row3>	0.7642 0.3505 2.0200 1.0000	</row3>
				</transform>
			</node>
			<node>
				<identifier>	HP_AGS_3	</identifier>
				<transform>
					<row0>	1.0000 0.0000 0.0000 0.0000	</row0>
					<row1>	0.0000 1.0000 0.0000 0.0000	</row1>
					<row2>	0.0000 0.0000 1.0000 0.0000	</row2>
					<row3>	-0.5098 0.7458 1.8076 1.0000	</row3>
				</transform>
			</node>
			<node>
				<identifier>	HP_AGS_4	</identifier>
				<transform>
					<row0>	1.0000 0.0000 0.0000 0.0000	</row0>
					<row1>	0.0000 1.0000 0.0000 0.0000	</row1>
					<row2>	0.0000 0.0000 1.0000 0.0000	</row2>
					<row3>	0.5098 0.7458 1.8076 1.0000	</row3>
				</transform>
			</node>
			<node>
				<identifier>	HP_AGS_5	</identifier>
				<transform>
					<row0>	0.9758 0.0000 0.2189 0.0000	</row0>
					<row1>	0.0000 1.0000 0.0000 0.0000	</row1>
					<row2>	-0.2189 0.0000 0.9758 0.0000	</row2>
					<row3>	-0.7895 0.3424 1.4471 1.0000	</row3>
				</transform>
			</node>
			<node>
				<identifier>	HP_AGS_6	</identifier>
				<transform>
					<row0>	0.9758 0.0000 -0.2188 0.0000	</row0>
					<row1>	0.0000 1.0000 0.0000 0.0000	</row1>
					<row2>	0.2188 0.0000 0.9758 0.0000	</row2>
					<row3>	0.7895 0.3424 1.4471 1.0000	</row3>
				</transform>
			</node>
			<node>
				<identifier>	HP_AGS_7	</identifier>
				<transform>
					<row0>	0.9550 0.0000 0.2967 0.0000	</row0>
					<row1>	0.0000 1.0000 0.0000 0.0000	</row1>
					<row2>	-0.2967 0.0000 0.9550 0.0000	</row2>
					<row3>	-0.8049 0.3341 0.8876 1.0000	</row3>
				</transform>
			</node>
			<node>
				<identifier>	HP_AGS_8	</identifier>
				<transform>
					<row0>	0.9546 0.0000 -0.2978 0.0000	</row0>
					<row1>	0.0000 1.0000 0.0000 0.0000	</row1>
					<row2>	0.2978 0.0000 0.9546 0.0000	</row2>
					<row3>	0.8049 0.3341 0.8876 1.0000	</row3>
				</transform>
			</node>
			<node>
				<identifier>	HP_AGS_9	</identifier>
				<transform>
					<row0>	-0.9493 0.0000 0.3144 0.0000	</row0>
					<row1>	0.0000 1.0000 0.0000 0.0000	</row1>
					<row2>	-0.3144 0.0000 -0.9493 0.0000	</row2>
					<row3>	-0.8107 0.3254 0.3246 1.0000	</row3>
				</transform>
			</node>
			<node>
				<identifier>	HP_FX_Death_2	</identifier>
				<transform>
					<row0>	1.0000 0.0000 0.0000 0.0000	</row0>
					<row1>	0.0000 1.0000 0.0000 0.0000	</row1>
					<row2>	0.0000 0.0000 1.0000 0.0000	</row2>
					<row3>	0.0000 0.0000 -0.8753 1.0000	</row3>
				</transform>
			</node>
			<node>
				<identifier>	HP_FX_Fire_2	</identifier>
				<transform>
					<row0>	1.0000 0.0000 0.0000 0.0000	</row0>
					<row1>	0.0000 1.0000 0.0000 0.0000	</row1>
					<row2>	0.0000 0.0000 1.0000 0.0000	</row2>
					<row3>	0.0000 0.4808 0.9062 1.0000	</row3>
				</transform>
			</node>
			<node>
				<identifier>	HP_FX_Fire_2_side_1	</identifier>
				<transform>
					<row0>	0.9986 0.0000 -0.0531 0.0000	</row0>
					<row1>	0.0000 1.0000 0.0000 0.0000	</row1>
					<row2>	0.0531 0.0000 0.9986 0.0000	</row2>
					<row3>	-0.7162 0.4702 2.1059 1.0000	</row3>
				</transform>
			</node>
			<node>
				<identifier>	HP_FX_Fire_2_side_2	</identifier>
				<transform>
					<row0>	1.0000 0.0000 0.0000 0.0000	</row0>
					<row1>	0.0000 1.0000 0.0000 0.0000	</row1>
					<row2>	0.0000 0.0000 1.0000 0.0000	</row2>
					<row3>	0.7497 0.5409 0.0881 1.0000	</row3>
				</transform>
			</node>
			<node>
				<identifier>	HP_FX_Fire_2_side_3	</identifier>
				<transform>
					<row0>	1.0000 0.0000 0.0000 0.0000	</row0>
					<row1>	0.0000 1.0000 0.0000 0.0000	</row1>
					<row2>	0.0000 0.0000 1.0000 0.0000	</row2>
					<row3>	-0.3506 0.9510 1.5805 1.0000	</row3>
				</transform>
			</node>
			<node>
				<identifier>	HP_FX_Fire_5	</identifier>
				<transform>
					<row0>	1.0000 0.0000 0.0000 0.0000	</row0>
					<row1>	0.0000 1.0000 0.0000 0.0000	</row1>
					<row2>	0.0000 0.0000 1.0000 0.0000	</row2>
					<row3>	-0.1368 0.5981 0.7618 1.0000	</row3>
				</transform>
			</node>
			<node>
				<identifier>	HP_FX_Fire_5_2	</identifier>
				<transform>
					<row0>	1.0000 0.0000 0.0000 0.0000	</row0>
					<row1>	0.0000 1.0000 0.0000 0.0000	</row1>
					<row2>	0.0000 0.0000 1.0000 0.0000	</row2>
					<row3>	-0.1368 0.5387 0.0232 1.0000	</row3>
				</transform>
			</node>
			<node>
				<identifier>	HP_FX_FloodLight_left_1	</identifier>
				<transform>
					<row0>	-1.0000 0.0000 0.0000 0.0000	</row0>
					<row1>	0.0000 1.0000 0.0000 0.0000	</row1>
					<row2>	0.0000 0.0000 -1.0000 0.0000	</row2>
					<row3>	-0.3960 0.5220 0.1340 1.0000	</row3>
				</transform>
			</node>
			<node>
				<identifier>	HP_FX_FloodLight_left_2	</identifier>
				<transform>
					<row0>	-1.0000 0.0000 0.0000 0.0000	</row0>
					<row1>	0.0000 1.0000 0.0000 0.0000	</row1>
					<row2>	0.0000 0.0000 -1.0000 0.0000	</row2>
					<row3>	-0.5880 0.5300 2.0610 1.0000	</row3>
				</transform>
			</node>
			<node>
				<identifier>	HP_FX_FloodLight_right_1	</identifier>
				<transform>
					<row0>	1.0000 0.0000 0.0000 0.0000	</row0>
					<row1>	0.0000 1.0000 0.0000 0.0000	</row1>
					<row2>	0.0000 0.0000 1.0000 0.0000	</row2>
					<row3>	0.3960 0.5420 0.1270 1.0000	</row3>
				</transform>
			</node>
			<node>
				<identifier>	HP_FX_FloodLight_right_2	</identifier>
				<transform>
					<row0>	1.0000 0.0000 0.0000 0.0000	</row0>
					<row1>	0.0000 1.0000 0.0000 0.0000	</row1>
					<row2>	0.0000 0.0000 1.0000 0.0000	</row2>
					<row3>	0.5910 0.5300 2.1340 1.0000	</row3>
				</transform>
			</node>
			<node>
				<identifier>	HP_FX_Flood_steam_1	</identifier>
				<transform>
					<row0>	1.0000 0.0000 0.0000 0.0000	</row0>
					<row1>	0.0000 0.9880 -0.1545 0.0000	</row1>
					<row2>	0.0000 0.1545 0.9880 0.0000	</row2>
					<row3>	0.0000 1.3500 1.0657 1.0000	</row3>
				</transform>
			</node>
			<node>
				<identifier>	HP_FX_Flood_steam_2	</identifier>
				<transform>
					<row0>	1.0000 0.0000 0.0000 0.0000	</row0>
					<row1>	0.0000 0.9653 -0.2613 0.0000	</row1>
					<row2>	0.0000 0.2613 0.9653 0.0000	</row2>
					<row3>	0.0000 1.3610 0.2437 1.0000	</row3>
				</transform>
			</node>
			<node>
				<identifier>	HP_FX_Flood_water_left_2	</identifier>
				<transform>
					<row0>	-1.0000 0.0000 0.0000 0.0000	</row0>
					<row1>	0.0000 1.0000 0.0000 0.0000	</row1>
					<row2>	0.0000 0.0000 -1.0000 0.0000	</row2>
					<row3>	-0.9310 0.1390 -0.4440 1.0000	</row3>
				</transform>
			</node>
			<node>
				<identifier>	HP_FX_Flood_water_left_3	</identifier>
				<transform>
					<row0>	-1.0000 0.0000 0.0000 0.0000	</row0>
					<row1>	0.0000 1.0000 0.0000 0.0000	</row1>
					<row2>	0.0000 0.0000 -1.0000 0.0000	</row2>
					<row3>	-0.7092 0.2360 2.9670 1.0000	</row3>
				</transform>
			</node>
			<node>
				<identifier>	HP_FX_Flood_water_right_2	</identifier>
				<transform>
					<row0>	1.0000 0.0000 0.0000 0.0000	</row0>
					<row1>	0.0000 1.0000 0.0000 0.0000	</row1>
					<row2>	0.0000 0.0000 1.0000 0.0000	</row2>
					<row3>	0.9250 0.1390 -0.4440 1.0000	</row3>
				</transform>
			</node>
			<node>
				<identifier>	HP_FX_Flood_water_right_3	</identifier>
				<transform>
					<row0>	1.0000 0.0000 0.0000 0.0000	</row0>
					<row1>	0.0000 1.0000 0.0000 0.0000	</row1>
					<row2>	0.0000 0.0000 1.0000 0.0000	</row2>
					<row3>	0.7101 0.2364 2.9670 1.0000	</row3>
				</transform>
			</node>
			<node>
				<identifier>	HP_FX_Smoke_1	</identifier>
				<transform>
					<row0>	1.0000 0.0000 0.0000 0.0000	</row0>
					<row1>	0.0000 1.0000 0.0000 0.0000	</row1>
					<row2>	0.0000 0.0000 1.0000 0.0000	</row2>
					<row3>	0.0000 1.4342 1.2348 1.0000	</row3>
				</transform>
			</node>
			<node>
				<identifier>	HP_FX_Smoke_2	</identifier>
				<transform>
					<row0>	1.0000 0.0000 0.0000 0.0000	</row0>
					<row1>	0.0000 1.0000 0.0000 0.0000	</row1>
					<row2>	0.0000 0.0000 1.0000 0.0000	</row2>
					<row3>	0.0000 1.4378 0.4141 1.0000	</row3>
				</transform>
			</node>
			<node>
				<identifier>	HP_Flagpole	</identifier>
				<transform>
					<row0>	1.1252 0.0000 0.0000 0.0000	</row0>
					<row1>	0.0000 1.0000 0.0000 0.0000	</row1>
					<row2>	0.0000 0.0000 1.1252 0.0000	</row2>
					<row3>	0.0000 2.9378 0.1065 1.0000	</row3>
				</transform>
			</node>
			<node>
				<identifier>	HP_flag_1	</identifier>
				<transform>
					<row0>	0.9972 -0.0745 -0.0053 0.0000	</row0>
					<row1>	0.0745 0.9873 0.1406 0.0000	</row1>
					<row2>	-0.0053 -0.1406 0.9901 0.0000	</row2>
					<row3>	0.6525 2.0763 1.7459 1.0000	</row3>
				</transform>
			</node>
			<node>
				<identifier>	HP_flag_2	</identifier>
				<transform>
					<row0>	0.9972 0.0746 0.0053 0.0000	</row0>
					<row1>	-0.0746 0.9873 0.1405 0.0000	</row1>
					<row2>	0.0053 -0.1405 0.9901 0.0000	</row2>
					<row3>	-0.6525 2.0763 1.7458 1.0000	</row3>
				</transform>
			</node>
			<node>
				<identifier>	HP_flag_3	</identifier>
				<transform>
					<row0>	0.9997 0.0242 0.0017 0.0000	</row0>
					<row1>	-0.0242 0.9898 0.1407 0.0000	</row1>
					<row2>	0.0017 -0.1407 0.9901 0.0000	</row2>
					<row3>	0.5121 2.0763 1.7457 1.0000	</row3>
				</transform>
			</node>
			<node>
				<identifier>	HP_flag_4	</identifier>
				<transform>
					<row0>	0.9997 -0.0242 -0.0017 0.0000	</row0>
					<row1>	0.0242 0.9898 0.1406 0.0000	</row1>
					<row2>	-0.0017 -0.1406 0.9901 0.0000	</row2>
					<row3>	-0.5121 2.0763 1.7456 1.0000	</row3>
				</transform>
			</node>
			<node>
				<identifier>	HP_flag_courtesy	</identifier>
				<transform>
					<row0>	0.9925 -0.1218 0.0047 0.0000	</row0>
					<row1>	0.1218 0.9896 -0.0761 0.0000	</row1>
					<row2>	0.0047 0.0761 0.9971 0.0000	</row2>
					<row3>	0.4588 2.0763 -0.0040 1.0000	</row3>
				</transform>
			</node>
			<node>
				<identifier>	HP_flag_house	</identifier>
				<transform>
					<row0>	0.9928 0.1197 -0.0046 0.0000	</row0>
					<row1>	-0.1197 0.9899 -0.0758 0.0000	</row1>
					<row2>	-0.0046 0.0758 0.9971 0.0000	</row2>
					<row3>	-0.4570 2.0763 -0.0036 1.0000	</row3>
				</transform>
			</node>
			<node>
				<identifier>	HP_flag_nation	</identifier>
				<transform>
					<row0>	0.9923 0.1235 -0.0055 0.0000	</row0>
					<row1>	-0.1235 0.9884 -0.0887 0.0000	</row1>
					<row2>	-0.0055 0.0887 0.9960 0.0000	</row2>
					<row3>	0.0014 2.1750 -0.3402 1.0000	</row3>
				</transform>
			</node>
			<node>
				<identifier>	HP_flag_rank	</identifier>
				<transform>
					<row0>	1.0000 0.0000 0.0000 0.0000	</row0>
					<row1>	0.0000 1.0000 0.0000 0.0000	</row1>
					<row2>	0.0000 0.0000 1.0000 0.0000	</row2>
					<row3>	0.0000 3.3468 1.6330 1.0000	</row3>
				</transform>
			</node>
			<node>
				<identifier>	MP_AM001_Bollard_2	</identifier>
				<transform>
					<row0>	1.3492 -0.0007 -0.0470 0.0000	</row0>
					<row1>	0.0000 1.3499 -0.0193 0.0000	</row1>
					<row2>	0.0470 0.0193 1.3490 0.0000	</row2>
					<row3>	-0.7776 0.4408 1.7234 1.0000	</row3>
				</transform>
			</node>
			<node>
				<identifier>	MP_AM001_Bollard_2_INDEX_1	</identifier>
				<transform>
					<row0>	1.3500 0.0000 -0.0010 0.0000	</row0>
					<row1>	0.0000 1.3499 -0.0151 0.0000	</row1>
					<row2>	0.0010 0.0151 1.3499 0.0000	</row2>
					<row3>	0.8138 0.4067 -0.5766 1.0000	</row3>
				</transform>
			</node>
			<node>
				<identifier>	MP_AM001_Bollard_2_INDEX_2	</identifier>
				<transform>
					<row0>	1.3492 0.0007 0.0470 0.0000	</row0>
					<row1>	0.0000 1.3499 -0.0193 0.0000	</row1>
					<row2>	-0.0470 0.0193 1.3490 0.0000	</row2>
					<row3>	0.7797 0.4408 1.7234 1.0000	</row3>
				</transform>
			</node>
			<node>
				<identifier>	MP_AM001_Bollard_2_INDEX_3	</identifier>
				<transform>
					<row0>	1.3500 0.0000 0.0010 0.0000	</row0>
					<row1>	0.0000 1.3499 -0.0151 0.0000	</row1>
					<row2>	-0.0010 0.0151 1.3499 0.0000	</row2>
					<row3>	-0.8138 0.4067 -0.5766 1.0000	</row3>
				</transform>
			</node>
			<node>
				<identifier>	MP_AM001_Bollard_2_INDEX_4	</identifier>
				<transform>
					<row0>	1.3500 0.0000 0.0010 0.0000	</row0>
					<row1>	0.0000 1.3499 -0.0193 0.0000	</row1>
					<row2>	-0.0010 0.0193 1.3499 0.0000	</row2>
					<row3>	-0.8098 0.4255 0.6625 1.0000	</row3>
				</transform>
			</node>
			<node>
				<identifier>	MP_AM001_Bollard_2_INDEX_5	</identifier>
				<transform>
					<row0>	1.3500 0.0000 -0.0010 0.0000	</row0>
					<row1>	0.0000 1.3499 -0.0193 0.0000	</row1>
					<row2>	0.0010 0.0193 1.3499 0.0000	</row2>
					<row3>	0.8098 0.4255 0.6625 1.0000	</row3>
				</transform>
			</node>
			<node>
				<identifier>	MP_AM018_Compass_Binnacle	</identifier>
				<transform>
					<row0>	1.0000 0.0000 0.0000 0.0000	</row0>
					<row1>	0.0000 1.0000 0.0000 0.0000	</row1>
					<row2>	0.0000 0.0000 1.0000 0.0000	</row2>
					<row3>	0.0000 1.1306 1.7590 1.0000	</row3>
				</transform>
			</node>
			<node>
				<identifier>	MP_AM018_Compass_Binnacle_INDEX_1	</identifier>
				<transform>
					<row0>	1.0000 0.0000 0.0000 0.0000	</row0>
					<row1>	0.0000 1.0000 0.0000 0.0000	</row1>
					<row2>	0.0000 0.0000 1.0000 0.0000	</row2>
					<row3>	0.0000 0.9311 1.7590 1.0000	</row3>
				</transform>
			</node>
			<node>
				<identifier>	MP_AM047_Running_Lights_R	</identifier>
				<transform>
					<row0>	1.0000 0.0000 0.0000 0.0000	</row0>
					<row1>	0.0000 1.0000 0.0000 0.0000	</row1>
					<row2>	0.0000 0.0000 1.0000 0.0000	</row2>
					<row3>	0.5861 0.8732 1.5911 1.0000	</row3>
				</transform>
			</node>
			<node>
				<identifier>	MP_AM048_Running_Lights_L	</identifier>
				<transform>
					<row0>	1.0000 0.0000 0.0000 0.0000	</row0>
					<row1>	0.0000 1.0000 0.0000 0.0000	</row1>
					<row2>	0.0000 0.0000 1.0000 0.0000	</row2>
					<row3>	-0.5862 0.8732 1.5911 1.0000	</row3>
				</transform>
			</node>
			<node>
				<identifier>	MP_AM049_Signal_Lamp_1	</identifier>
				<transform>
					<row0>	0.5096 0.0000 0.0000 0.0000	</row0>
					<row1>	0.0000 0.5096 0.0000 0.0000	</row1>
					<row2>	0.0000 0.0000 0.5096 0.0000	</row2>
					<row3>	0.4401 2.1763 1.7495 1.0000	</row3>
				</transform>
			</node>
			<node>
				<identifier>	MP_AM049_Signal_Lamp_1_INDEX_1	</identifier>
				<transform>
					<row0>	0.5096 0.0000 0.0000 0.0000	</row0>
					<row1>	0.0000 0.5096 0.0000 0.0000	</row1>
					<row2>	0.0000 0.0000 0.5096 0.0000	</row2>
					<row3>	0.4401 2.1763 -0.0063 1.0000	</row3>
				</transform>
			</node>
			<node>
				<identifier>	MP_AM049_Signal_Lamp_1_INDEX_2	</identifier>
				<transform>
					<row0>	0.5096 0.0000 0.0000 0.0000	</row0>
					<row1>	0.0000 0.5096 0.0000 0.0000	</row1>
					<row2>	0.0000 0.0000 0.5096 0.0000	</row2>
					<row3>	-0.4401 2.1763 1.7495 1.0000	</row3>
				</transform>
			</node>
			<node>
				<identifier>	MP_AM049_Signal_Lamp_1_INDEX_3	</identifier>
				<transform>
					<row0>	0.5096 0.0000 0.0000 0.0000	</row0>
					<row1>	0.0000 0.5096 0.0000 0.0000	</row1>
					<row2>	0.0000 0.0000 0.5096 0.0000	</row2>
					<row3>	-0.4401 2.1763 -0.0063 1.0000	</row3>
				</transform>
			</node>
			<node>
				<identifier>	MP_AM077_Paravane	</identifier>
				<transform>
					<row0>	0.8810 0.0000 0.7392 0.0000	</row0>
					<row1>	0.0000 1.1500 0.0000 0.0000	</row1>
					<row2>	-0.7392 0.0000 0.8810 0.0000	</row2>
					<row3>	0.2912 0.6322 2.2193 1.0000	</row3>
				</transform>
			</node>
			<node>
				<identifier>	MP_AM077_Paravane_INDEX_1	</identifier>
				<transform>
					<row0>	0.8810 0.0000 -0.7392 0.0000	</row0>
					<row1>	0.0000 1.1500 0.0000 0.0000	</row1>
					<row2>	0.7392 0.0000 0.8810 0.0000	</row2>
					<row3>	-0.2912 0.6322 2.2193 1.0000	</row3>
				</transform>
			</node>
			<node>
				<identifier>	MP_AM094_Motor_launch_36ft	</identifier>
				<transform>
					<row0>	-1.0000 0.0000 0.0000 0.0000	</row0>
					<row1>	0.0000 1.0000 0.0000 0.0000	</row1>
					<row2>	0.0000 0.0000 -1.0000 0.0000	</row2>
					<row3>	-0.3989 0.6782 1.1423 1.0000	</row3>
				</transform>
			</node>
			<node>
				<identifier>	MP_AM094_Motor_launch_36ft_INDEX_1	</identifier>
				<transform>
					<row0>	-1.0000 0.0000 0.0000 0.0000	</row0>
					<row1>	0.0000 1.0000 0.0000 0.0000	</row1>
					<row2>	0.0000 0.0000 -1.0000 0.0000	</row2>
					<row3>	0.3989 0.6782 1.1423 1.0000	</row3>
				</transform>
			</node>
			<node>
				<identifier>	MP_AM097_Motor_launch_50ft	</identifier>
				<transform>
					<row0>	-1.0000 0.0000 0.0000 0.0000	</row0>
					<row1>	0.0000 1.0000 0.0000 0.0000	</row1>
					<row2>	0.0000 0.0000 -1.0000 0.0000	</row2>
					<row3>	-0.7340 0.5087 0.1431 1.0000	</row3>
				</transform>
			</node>
			<node>
				<identifier>	MP_AM097_Motor_launch_50ft_INDEX_1	</identifier>
				<transform>
					<row0>	-1.0000 0.0000 0.0000 0.0000	</row0>
					<row1>	0.0000 1.0000 0.0000 0.0000	</row1>
					<row2>	0.0000 0.0000 -1.0000 0.0000	</row2>
					<row3>	0.7340 0.5087 0.1431 1.0000	</row3>
				</transform>
			</node>
			<node>
				<identifier>	MP_AM108_Reels_4	</identifier>
				<transform>
					<row0>	0.0000 0.0000 1.0000 0.0000	</row0>
					<row1>	0.0000 1.0000 0.0000 0.0000	</row1>
					<row2>	-1.0000 0.0000 0.0000 0.0000	</row2>
					<row3>	-0.3498 0.4519 2.7669 1.0000	</row3>
				</transform>
			</node>
			<node>
				<identifier>	MP_AM164_Signal_Lamp_4	</identifier>
				<transform>
					<row0>	0.0622 0.0000 0.9981 0.0000	</row0>
					<row1>	0.0000 1.0000 0.0000 0.0000	</row1>
					<row2>	-0.9981 0.0000 0.0622 0.0000	</row2>
					<row3>	-0.5750 0.9750 1.6413 1.0000	</row3>
				</transform>
			</node>
			<node>
				<identifier>	MP_AM164_Signal_Lamp_4_INDEX_1	</identifier>
				<transform>
					<row0>	0.7292 0.0000 0.6843 0.0000	</row0>
					<row1>	0.0000 1.0000 0.0000 0.0000	</row1>
					<row2>	-0.6843 0.0000 0.7292 0.0000	</row2>
					<row3>	-0.4561 0.9792 1.8106 1.0000	</row3>
				</transform>
			</node>
			<node>
				<identifier>	MP_AM164_Signal_Lamp_4_INDEX_2	</identifier>
				<transform>
					<row0>	0.0622 0.0000 -0.9981 0.0000	</row0>
					<row1>	0.0000 1.0000 0.0000 0.0000	</row1>
					<row2>	0.9981 0.0000 0.0622 0.0000	</row2>
					<row3>	0.5750 0.9750 1.6413 1.0000	</row3>
				</transform>
			</node>
			<node>
				<identifier>	MP_AM164_Signal_Lamp_4_INDEX_3	</identifier>
				<transform>
					<row0>	0.7292 0.0000 -0.6843 0.0000	</row0>
					<row1>	0.0000 1.0000 0.0000 0.0000	</row1>
					<row2>	0.6843 0.0000 0.7292 0.0000	</row2>
					<row3>	0.4568 0.9792 1.8098 1.0000	</row3>
				</transform>
			</node>
			<node>
				<identifier>	MP_AM170_Flag_Box_2	</identifier>
				<transform>
					<row0>	-0.9996 -0.0292 0.0000 0.0000	</row0>
					<row1>	-0.0292 0.9996 0.0000 0.0000	</row1>
					<row2>	0.0000 0.0000 -1.0000 0.0000	</row2>
					<row3>	-0.2903 0.8975 1.5478 1.0000	</row3>
				</transform>
			</node>
			<node>
				<identifier>	MP_AM170_Flag_Box_2_INDEX_1	</identifier>
				<transform>
					<row0>	-0.9996 0.0292 0.0000 0.0000	</row0>
					<row1>	0.0292 0.9996 0.0000 0.0000	</row1>
					<row2>	0.0000 0.0000 -1.0000 0.0000	</row2>
					<row3>	0.2903 0.8975 1.5478 1.0000	</row3>
				</transform>
			</node>
			<node>
				<identifier>	MP_AM173_Insulator_1	</identifier>
				<transform>
					<row0>	0.5000 0.0000 0.0000 0.0000	</row0>
					<row1>	0.0000 0.0000 0.5000 0.0000	</row1>
					<row2>	0.0000 -0.5000 0.0000 0.0000	</row2>
					<row3>	-0.0680 0.8073 2.1885 1.0000	</row3>
				</transform>
			</node>
			<node>
				<identifier>	MP_AM217_Hatch	</identifier>
				<transform>
					<row0>	0.0000 0.0000 -1.0000 0.0000	</row0>
					<row1>	0.0000 1.0000 0.0000 0.0000	</row1>
					<row2>	1.0000 0.0000 0.0000 0.0000	</row2>
					<row3>	-0.0989 0.4632 3.0371 1.0000	</row3>
				</transform>
			</node>
			<node>
				<identifier>	MP_AM218_Hatch	</identifier>
				<transform>
					<row0>	1.0000 0.0000 0.0000 0.0000	</row0>
					<row1>	0.0000 1.0000 0.0000 0.0000	</row1>
					<row2>	0.0000 0.0000 1.0000 0.0000	</row2>
					<row3>	0.4285 0.4108 -0.3653 1.0000	</row3>
				</transform>
			</node>
			<node>
				<identifier>	MP_AM218_Hatch_INDEX_1	</identifier>
				<transform>
					<row0>	1.0000 0.0000 0.0000 0.0000	</row0>
					<row1>	0.0000 1.0000 0.0000 0.0000	</row1>
					<row2>	0.0000 0.0000 1.0000 0.0000	</row2>
					<row3>	0.4271 0.4359 1.3585 1.0000	</row3>
				</transform>
			</node>
			<node>
				<identifier>	MP_AM218_Hatch_INDEX_2	</identifier>
				<transform>
					<row0>	1.0000 0.0000 0.0000 0.0000	</row0>
					<row1>	0.0000 1.0000 0.0000 0.0000	</row1>
					<row2>	0.0000 0.0000 1.0000 0.0000	</row2>
					<row3>	-0.4285 0.4108 -0.3653 1.0000	</row3>
				</transform>
			</node>
			<node>
				<identifier>	MP_AM218_Hatch_INDEX_3	</identifier>
				<transform>
					<row0>	0.0000 0.0000 1.0000 0.0000	</row0>
					<row1>	0.0000 1.0000 0.0000 0.0000	</row1>
					<row2>	-1.0000 0.0000 0.0000 0.0000	</row2>
					<row3>	0.0000 0.7469 1.8732 1.0000	</row3>
				</transform>
			</node>
			<node>
				<identifier>	MP_AM218_Hatch_INDEX_4	</identifier>
				<transform>
					<row0>	1.0000 0.0000 0.0000 0.0000	</row0>
					<row1>	0.0000 1.0000 0.0000 0.0000	</row1>
					<row2>	0.0000 0.0000 1.0000 0.0000	</row2>
					<row3>	-0.4271 0.4359 1.3585 1.0000	</row3>
				</transform>
			</node>
			<node>
				<identifier>	MP_AM218_Hatch_INDEX_5	</identifier>
				<transform>
					<row0>	1.0000 0.0000 0.0000 0.0000	</row0>
					<row1>	0.0000 1.0000 0.0000 0.0000	</row1>
					<row2>	0.0000 0.0000 1.0000 0.0000	</row2>
					<row3>	-0.2512 0.4634 3.0387 1.0000	</row3>
				</transform>
			</node>
			<node>
				<identifier>	MP_AM225_Searchlight_900mm	</identifier>
				<transform>
					<row0>	-0.7071 0.0000 -0.7071 0.0000	</row0>
					<row1>	0.0000 1.0000 0.0000 0.0000	</row1>
					<row2>	0.7071 0.0000 -0.7071 0.0000	</row2>
					<row3>	0.1196 1.5988 1.6279 1.0000	</row3>
				</transform>
			</node>
			<node>
				<identifier>	MP_AM225_Searchlight_900mm_INDEX_1	</identifier>
				<transform>
					<row0>	-0.7071 0.0000 -0.7071 0.0000	</row0>
					<row1>	0.0000 1.0000 0.0000 0.0000	</row1>
					<row2>	0.7071 0.0000 -0.7071 0.0000	</row2>
					<row3>	0.1498 1.0508 -0.1549 1.0000	</row3>
				</transform>
			</node>
			<node>
				<identifier>	MP_AM225_Searchlight_900mm_INDEX_2	</identifier>
				<transform>
					<row0>	0.7071 0.0000 0.7071 0.0000	</row0>
					<row1>	0.0000 1.0000 0.0000 0.0000	</row1>
					<row2>	-0.7071 0.0000 0.7071 0.0000	</row2>
					<row3>	-0.1520 1.0508 0.1476 1.0000	</row3>
				</transform>
			</node>
			<node>
				<identifier>	MP_AM225_Searchlight_900mm_INDEX_3	</identifier>
				<transform>
					<row0>	0.7071 0.0000 0.7071 0.0000	</row0>
					<row1>	0.0000 1.0000 0.0000 0.0000	</row1>
					<row2>	-0.7071 0.0000 0.7071 0.0000	</row2>
					<row3>	-0.1154 1.5988 1.8623 1.0000	</row3>
				</transform>
			</node>
			<node>
				<identifier>	MP_AM225_Searchlight_900mm_INDEX_4	</identifier>
				<transform>
					<row0>	0.7071 0.0000 -0.7071 0.0000	</row0>
					<row1>	0.0000 1.0000 0.0000 0.0000	</row1>
					<row2>	0.7071 0.0000 0.7071 0.0000	</row2>
					<row3>	0.1519 1.0508 0.1476 1.0000	</row3>
				</transform>
			</node>
			<node>
				<identifier>	MP_AM225_Searchlight_900mm_INDEX_5	</identifier>
				<transform>
					<row0>	0.7071 0.0000 -0.7071 0.0000	</row0>
					<row1>	0.0000 1.0000 0.0000 0.0000	</row1>
					<row2>	0.7071 0.0000 0.7071 0.0000	</row2>
					<row3>	0.1146 1.5988 1.8618 1.0000	</row3>
				</transform>
			</node>
			<node>
				<identifier>	MP_AM225_Searchlight_900mm_INDEX_6	</identifier>
				<transform>
					<row0>	-0.7071 0.0000 0.7071 0.0000	</row0>
					<row1>	0.0000 1.0000 0.0000 0.0000	</row1>
					<row2>	-0.7071 0.0000 -0.7071 0.0000	</row2>
					<row3>	-0.1195 1.5987 1.6279 1.0000	</row3>
				</transform>
			</node>
			<node>
				<identifier>	MP_AM225_Searchlight_900mm_INDEX_7	</identifier>
				<transform>
					<row0>	-0.7071 0.0000 0.7071 0.0000	</row0>
					<row1>	0.0000 1.0000 0.0000 0.0000	</row1>
					<row2>	-0.7071 0.0000 -0.7071 0.0000	</row2>
					<row3>	-0.1479 1.0508 -0.1544 1.0000	</row3>
				</transform>
			</node>
			<node>
				<identifier>	MP_AM230_Launch_40ft	</identifier>
				<transform>
					<row0>	1.0000 0.0000 0.0000 0.0000	</row0>
					<row1>	0.0000 1.0000 0.0000 0.0000	</row1>
					<row2>	0.0000 0.0000 1.0000 0.0000	</row2>
					<row3>	-0.7207 0.5081 1.1768 1.0000	</row3>
				</transform>
			</node>
			<node>
				<identifier>	MP_AM230_Launch_40ft_INDEX_1	</identifier>
				<transform>
					<row0>	1.0000 0.0000 0.0000 0.0000	</row0>
					<row1>	0.0000 1.0000 0.0000 0.0000	</row1>
					<row2>	0.0000 0.0000 1.0000 0.0000	</row2>
					<row3>	0.7207 0.5081 1.1768 1.0000	</row3>
				</transform>
			</node>
			<node>
				<identifier>	MP_AM247_Ammunition_Box	</identifier>
				<transform>
					<row0>	0.9793 0.0000 0.2025 0.0000	</row0>
					<row1>	0.0000 1.0000 0.0000 0.0000	</row1>
					<row2>	-0.2025 0.0000 0.9793 0.0000	</row2>
					<row3>	-0.3260 0.4031 -0.7622 1.0000	</row3>
				</transform>
			</node>
			<node>
				<identifier>	MP_AM247_Ammunition_Box_INDEX_1	</identifier>
				<transform>
					<row0>	0.9793 0.0000 -0.2025 0.0000	</row0>
					<row1>	0.0000 1.0000 0.0000 0.0000	</row1>
					<row2>	0.2025 0.0000 0.9793 0.0000	</row2>
					<row3>	0.3273 0.4031 -0.7624 1.0000	</row3>
				</transform>
			</node>
			<node>
				<identifier>	MP_AM247_Ammunition_Box_INDEX_2	</identifier>
				<transform>
					<row0>	1.0000 0.0000 0.0000 0.0000	</row0>
					<row1>	0.0000 1.0000 0.0000 0.0000	</row1>
					<row2>	0.0000 0.0000 1.0000 0.0000	</row2>
					<row3>	-0.3251 0.4555 2.6344 1.0000	</row3>
				</transform>
			</node>
			<node>
				<identifier>	MP_AM247_Ammunition_Box_INDEX_3	</identifier>
				<transform>
					<row0>	1.0000 0.0000 0.0000 0.0000	</row0>
					<row1>	0.0000 1.0000 0.0000 0.0000	</row1>
					<row2>	0.0000 0.0000 1.0000 0.0000	</row2>
					<row3>	0.3250 0.4555 2.6344 1.0000	</row3>
				</transform>
			</node>
			<node>
				<identifier>	MP_AM247_Ammunition_Box_INDEX_4	</identifier>
				<transform>
					<row0>	1.0000 0.0000 0.0000 0.0000	</row0>
					<row1>	0.0000 1.0000 0.0000 0.0000	</row1>
					<row2>	0.0000 0.0000 1.0000 0.0000	</row2>
					<row3>	0.5565 0.7452 1.6283 1.0000	</row3>
				</transform>
			</node>
			<node>
				<identifier>	MP_AM247_Ammunition_Box_INDEX_5	</identifier>
				<transform>
					<row0>	1.0000 0.0000 0.0000 0.0000	</row0>
					<row1>	0.0000 1.0000 0.0000 0.0000	</row1>
					<row2>	0.0000 0.0000 1.0000 0.0000	</row2>
					<row3>	-0.5568 0.7452 1.6283 1.0000	</row3>
				</transform>
			</node>
			<node>
				<identifier>	MP_AM261_Steam_Launch	</identifier>
				<transform>
					<row0>	1.0000 0.0000 0.0000 0.0000	</row0>
					<row1>	0.0000 1.0000 0.0000 0.0000	</row1>
					<row2>	0.0000 0.0000 1.0000 0.0000	</row2>
					<row3>	0.3975 0.6785 0.1720 1.0000	</row3>
				</transform>
			</node>
			<node>
				<identifier>	MP_AM261_Steam_Launch_INDEX_1	</identifier>
				<transform>
					<row0>	1.0000 0.0000 0.0000 0.0000	</row0>
					<row1>	0.0000 1.0000 0.0000 0.0000	</row1>
					<row2>	0.0000 0.0000 1.0000 0.0000	</row2>
					<row3>	-0.3975 0.6785 0.1720 1.0000	</row3>
				</transform>
			</node>
			<node>
				<identifier>	MP_AM288_Franklin_Life_Buoy	</identifier>
				<transform>
					<row0>	-0.9990 0.0000 0.0436 0.0000	</row0>
					<row1>	0.0000 1.0000 0.0000 0.0000	</row1>
					<row2>	-0.0436 0.0000 -0.9990 0.0000	</row2>
					<row3>	-0.8346 0.4648 1.8397 1.0000	</row3>
				</transform>
			</node>
			<node>
				<identifier>	MP_AM288_Franklin_Life_Buoy_INDEX_1	</identifier>
				<transform>
					<row0>	0.9990 0.0000 0.0436 0.0000	</row0>
					<row1>	0.0000 1.0000 0.0000 0.0000	</row1>
					<row2>	-0.0436 0.0000 0.9990 0.0000	</row2>
					<row3>	0.8346 0.4648 1.8397 1.0000	</row3>
				</transform>
			</node>
			<node>
				<identifier>	MP_AM347_Fairlead	</identifier>
				<transform>
					<row0>	1.1986 -0.0015 0.0570 0.0000	</row0>
					<row1>	0.0016 0.7999 -0.0124 0.0000	</row1>
					<row2>	-0.0475 0.0155 0.9988 0.0000	</row2>
					<row3>	0.8168 0.4575 1.9208 1.0000	</row3>
				</transform>
			</node>
			<node>
				<identifier>	MP_AM347_Fairlead_INDEX_1	</identifier>
				<transform>
					<row0>	1.2000 0.0000 0.0077 0.0000	</row0>
					<row1>	0.0000 0.7999 -0.0107 0.0000	</row1>
					<row2>	-0.0064 0.0134 0.9999 0.0000	</row2>
					<row3>	-0.8564 0.4141 -0.8721 1.0000	</row3>
				</transform>
			</node>
			<node>
				<identifier>	MP_AM347_Fairlead_INDEX_10	</identifier>
				<transform>
					<row0>	1.1999 0.0022 -0.0128 0.0000	</row0>
					<row1>	-0.0016 0.7999 -0.0124 0.0000	</row1>
					<row2>	0.0106 0.0155 0.9998 0.0000	</row2>
					<row3>	-0.8585 0.4237 -0.3554 1.0000	</row3>
				</transform>
			</node>
			<node>
				<identifier>	MP_AM347_Fairlead_INDEX_11	</identifier>
				<transform>
					<row0>	1.1901 0.0000 0.1541 0.0000	</row0>
					<row1>	0.0016 0.7999 -0.0124 0.0000	</row1>
					<row2>	-0.1284 0.0156 0.9916 0.0000	</row2>
					<row3>	0.7202 0.4766 3.0576 1.0000	</row3>
				</transform>
			</node>
			<node>
				<identifier>	MP_AM347_Fairlead_INDEX_12	</identifier>
				<transform>
					<row0>	1.1999 0.0022 -0.0128 0.0000	</row0>
					<row1>	-0.0016 0.7999 -0.0124 0.0000	</row1>
					<row2>	0.0106 0.0155 0.9998 0.0000	</row2>
					<row3>	-0.8550 0.4356 0.4573 1.0000	</row3>
				</transform>
			</node>
			<node>
				<identifier>	MP_AM347_Fairlead_INDEX_2	</identifier>
				<transform>
					<row0>	1.1999 -0.0022 0.0128 0.0000	</row0>
					<row1>	0.0016 0.7999 -0.0124 0.0000	</row1>
					<row2>	-0.0106 0.0155 0.9998 0.0000	</row2>
					<row3>	0.8500 0.4413 0.9276 1.0000	</row3>
				</transform>
			</node>
			<node>
				<identifier>	MP_AM347_Fairlead_INDEX_3	</identifier>
				<transform>
					<row0>	1.1986 -0.0015 0.0570 0.0000	</row0>
					<row1>	0.0016 0.7999 -0.0124 0.0000	</row1>
					<row2>	-0.0475 0.0155 0.9988 0.0000	</row2>
					<row3>	0.8380 0.4485 1.3850 1.0000	</row3>
				</transform>
			</node>
			<node>
				<identifier>	MP_AM347_Fairlead_INDEX_4	</identifier>
				<transform>
					<row0>	1.1999 -0.0022 0.0128 0.0000	</row0>
					<row1>	0.0016 0.7999 -0.0124 0.0000	</row1>
					<row2>	-0.0106 0.0155 0.9998 0.0000	</row2>
					<row3>	0.8585 0.4237 -0.3554 1.0000	</row3>
				</transform>
			</node>
			<node>
				<identifier>	MP_AM347_Fairlead_INDEX_5	</identifier>
				<transform>
					<row0>	1.1901 0.0000 -0.1541 0.0000	</row0>
					<row1>	-0.0016 0.7999 -0.0124 0.0000	</row1>
					<row2>	0.1284 0.0156 0.9916 0.0000	</row2>
					<row3>	-0.7202 0.4766 3.0576 1.0000	</row3>
				</transform>
			</node>
			<node>
				<identifier>	MP_AM347_Fairlead_INDEX_6	</identifier>
				<transform>
					<row0>	1.1999 -0.0022 0.0128 0.0000	</row0>
					<row1>	0.0016 0.7999 -0.0124 0.0000	</row1>
					<row2>	-0.0106 0.0155 0.9998 0.0000	</row2>
					<row3>	0.8550 0.4356 0.4573 1.0000	</row3>
				</transform>
			</node>
			<node>
				<identifier>	MP_AM347_Fairlead_INDEX_7	</identifier>
				<transform>
					<row0>	1.1986 0.0015 -0.0570 0.0000	</row0>
					<row1>	-0.0016 0.7999 -0.0124 0.0000	</row1>
					<row2>	0.0475 0.0155 0.9988 0.0000	</row2>
					<row3>	-0.8380 0.4485 1.3850 1.0000	</row3>
				</transform>
			</node>
			<node>
				<identifier>	MP_AM347_Fairlead_INDEX_8	</identifier>
				<transform>
					<row0>	1.1986 0.0015 -0.0570 0.0000	</row0>
					<row1>	-0.0016 0.7999 -0.0124 0.0000	</row1>
					<row2>	0.0475 0.0155 0.9988 0.0000	</row2>
					<row3>	-0.8168 0.4575 1.9208 1.0000	</row3>
				</transform>
			</node>
			<node>
				<identifier>	MP_AM347_Fairlead_INDEX_9	</identifier>
				<transform>
					<row0>	1.1999 0.0022 -0.0128 0.0000	</row0>
					<row1>	-0.0016 0.7999 -0.0124 0.0000	</row1>
					<row2>	0.0106 0.0155 0.9998 0.0000	</row2>
					<row3>	-0.8500 0.4413 0.9276 1.0000	</row3>
				</transform>
			</node>
			<node>
				<identifier>	MP_AM358_Signal_Lamp	</identifier>
				<transform>
					<row0>	1.0000 0.0000 0.0000 0.0000	</row0>
					<row1>	0.0000 1.0000 0.0000 0.0000	</row1>
					<row2>	0.0000 0.0000 1.0000 0.0000	</row2>
					<row3>	0.0000 3.0015 1.6215 1.0000	</row3>
				</transform>
			</node>
			<node>
				<identifier>	MP_AM358_Signal_Lamp_INDEX_1	</identifier>
				<transform>
					<row0>	1.0000 0.0000 0.0000 0.0000	</row0>
					<row1>	0.0000 1.0000 0.0000 0.0000	</row1>
					<row2>	0.0000 0.0000 1.0000 0.0000	</row2>
					<row3>	0.0000 3.0015 0.1209 1.0000	</row3>
				</transform>
			</node>
			<node>
				<identifier>	MP_AM378_Ammunition_box	</identifier>
				<transform>
					<row0>	1.0000 0.0000 0.0000 0.0000	</row0>
					<row1>	0.0000 1.0000 0.0000 0.0000	</row1>
					<row2>	0.0000 0.0000 1.0000 0.0000	</row2>
					<row3>	-0.1005 0.6167 2.2310 1.0000	</row3>
				</transform>
			</node>
			<node>
				<identifier>	MP_AM378_Ammunition_box_INDEX_1	</identifier>
				<transform>
					<row0>	-1.0000 0.0000 0.0000 0.0000	</row0>
					<row1>	0.0000 1.0000 0.0000 0.0000	</row1>
					<row2>	0.0000 0.0000 -1.0000 0.0000	</row2>
					<row3>	0.1005 0.6167 2.2310 1.0000	</row3>
				</transform>
			</node>
			<node>
				<identifier>	MP_AM399_Hatch	</identifier>
				<transform>
					<row0>	0.0000 0.0000 1.0000 0.0000	</row0>
					<row1>	0.0000 1.0000 0.0000 0.0000	</row1>
					<row2>	-1.0000 0.0000 0.0000 0.0000	</row2>
					<row3>	0.0000 0.4094 -0.3077 1.0000	</row3>
				</transform>
			</node>
			<node>
				<identifier>	MP_AM399_Hatch_INDEX_1	</identifier>
				<transform>
					<row0>	0.0000 0.0000 1.0000 0.0000	</row0>
					<row1>	0.0000 1.0000 0.0000 0.0000	</row1>
					<row2>	-1.0000 0.0000 0.0000 0.0000	</row2>
					<row3>	-0.1748 0.4095 -0.3077 1.0000	</row3>
				</transform>
			</node>
			<node>
				<identifier>	MP_AM399_Hatch_INDEX_2	</identifier>
				<transform>
					<row0>	0.0000 0.0000 1.0000 0.0000	</row0>
					<row1>	0.0000 1.0000 0.0000 0.0000	</row1>
					<row2>	-1.0000 0.0000 0.0000 0.0000	</row2>
					<row3>	0.1747 0.4095 -0.3077 1.0000	</row3>
				</transform>
			</node>
			<node>
				<identifier>	MP_AM428_Ammunition_box	</identifier>
				<transform>
					<row0>	0.0000 0.0000 -1.0000 0.0000	</row0>
					<row1>	0.0000 1.0000 0.0000 0.0000	</row1>
					<row2>	1.0000 0.0000 0.0000 0.0000	</row2>
					<row3>	0.2322 0.4276 0.7455 1.0000	</row3>
				</transform>
			</node>
			<node>
				<identifier>	MP_AM428_Ammunition_box_INDEX_1	</identifier>
				<transform>
