<RSC036_Tallinn_1953_Stern_ports.visual>
	<node>
		<identifier>	Scene Root	</identifier>
		<transform>
			<row0>	1.0000 0.0000 0.0000 0.0000	</row0>
			<row1>	0.0000 1.0000 0.0000 0.0000	</row1>
			<row2>	0.0000 0.0000 1.0000 0.0000	</row2>
			<row3>	0.0000 0.0000 0.0000 1.0000	</row3>
		</transform>
		<node>
			<identifier>	Stern_ports	</identifier>
			<transform>
				<row0>	1.0000 0.0000 0.0000 0.0000	</row0>
				<row1>	0.0000 1.0000 0.0000 0.0000	</row1>
				<row2>	0.0000 0.0000 1.0000 0.0000	</row2>
				<row3>	0.0000 0.0000 0.0000 1.0000	</row3>
			</transform>
			<node>
				<identifier>	HP_FX_Death_3	</identifier>
				<transform>
					<row0>	1.0000 0.0000 0.0000 0.0000	</row0>
					<row1>	0.0000 1.0000 0.0000 0.0000	</row1>
					<row2>	0.0000 0.0000 1.0000 0.0000	</row2>
					<row3>	0.0000 0.0000 -4.4792 1.0000	</row3>
				</transform>
			</node>
			<node>
				<identifier>	HP_FX_Fire_4	</identifier>
				<transform>
					<row0>	1.0000 0.0000 0.0000 0.0000	</row0>
					<row1>	0.0000 1.0000 0.0000 0.0000	</row1>
					<row2>	0.0000 0.0000 1.0000 0.0000	</row2>
					<row3>	0.0000 0.3460 -5.6000 1.0000	</row3>
				</transform>
			</node>
			<node>
				<identifier>	HP_FX_WakeTraceBack	</identifier>
				<transform>
					<row0>	1.0000 0.0000 0.0000 0.0000	</row0>
					<row1>	0.0000 1.0000 0.0000 0.0000	</row1>
					<row2>	0.0000 0.0000 1.0000 0.0000	</row2>
					<row3>	0.0000 0.0000 -6.8460 1.0000	</row3>
				</transform>
			</node>
			<node>
				<identifier>	HP_FX_WakeTrace_screw_1	</identifier>
				<transform>
					<row0>	1.0000 0.0000 0.0000 0.0000	</row0>
					<row1>	0.0000 1.0000 0.0000 0.0000	</row1>
					<row2>	0.0000 0.0000 1.0000 0.0000	</row2>
					<row3>	0.0000 -0.4370 -5.5869 1.0000	</row3>
				</transform>
			</node>
			<node>
				<identifier>	HP_FX_WakeTrace_screw_2	</identifier>
				<transform>
					<row0>	1.0000 0.0000 0.0000 0.0000	</row0>
					<row1>	0.0000 1.0000 0.0000 0.0000	</row1>
					<row2>	0.0000 0.0000 1.0000 0.0000	</row2>
					<row3>	-0.3808 -0.3708 -5.3999 1.0000	</row3>
				</transform>
			</node>
			<node>
				<identifier>	HP_FX_WakeTrace_screw_3	</identifier>
				<transform>
					<row0>	1.0000 0.0000 0.0000 0.0000	</row0>
					<row1>	0.0000 1.0000 0.0000 0.0000	</row1>
					<row2>	0.0000 0.0000 1.0000 0.0000	</row2>
					<row3>	0.3808 -0.3708 -5.3999 1.0000	</row3>
				</transform>
			</node>
			<node>
				<identifier>	HP_RGM_4	</identifier>
				<transform>
					<row0>	-1.0000 0.0000 0.0000 0.0000	</row0>
					<row1>	0.0000 1.0000 0.0000 0.0000	</row1>
					<row2>	0.0000 0.0000 -1.0000 0.0000	</row2>
					<row3>	0.0000 0.3920 -4.2694 1.0000	</row3>
				</transform>
			</node>
			<node>
				<identifier>	HP_Ship_death_3	</identifier>
				<transform>
					<row0>	1.0000 0.0000 0.0000 0.0000	</row0>
					<row1>	0.0000 1.0000 0.0000 0.0000	</row1>
					<row2>	0.0000 0.0000 1.0000 0.0000	</row2>
					<row3>	0.0000 0.0000 -4.1033 1.0000	</row3>
				</transform>
			</node>
			<node>
				<identifier>	MP_CM011_Fire_Fighting_Gear	</identifier>
				<transform>
					<row0>	1.0000 0.0000 0.0000 0.0000	</row0>
					<row1>	0.0000 1.0000 0.0000 0.0000	</row1>
					<row2>	0.0000 0.0000 1.0000 0.0000	</row2>
					<row3>	0.0094 0.3507 -6.0472 1.0000	</row3>
				</transform>
			</node>
			<node>
				<identifier>	MP_CM094_Propeller3_L	</identifier>
				<transform>
					<row0>	0.9532 0.0000 0.0000 0.0000	</row0>
					<row1>	0.0000 0.9515 -0.0569 0.0000	</row1>
					<row2>	0.0000 0.0569 0.9515 0.0000	</row2>
					<row3>	0.0000 -0.4370 -5.5869 1.0000	</row3>
				</transform>
			</node>
			<node>
				<identifier>	MP_CM094_Propeller3_L_INDEX_1	</identifier>
				<transform>
					<row0>	0.9527 0.0002 -0.0225 0.0000	</row0>
					<row1>	-0.0007 0.9527 -0.0229 0.0000	</row1>
					<row2>	0.0225 0.0229 0.9525 0.0000	</row2>
					<row3>	-0.3808 -0.3708 -5.3999 1.0000	</row3>
				</transform>
			</node>
			<node>
				<identifier>	MP_CM095_Propeller3_R	</identifier>
				<transform>
					<row0>	0.9527 -0.0002 0.0225 0.0000	</row0>
					<row1>	0.0007 0.9527 -0.0229 0.0000	</row1>
					<row2>	-0.0225 0.0229 0.9525 0.0000	</row2>
					<row3>	0.3808 -0.3708 -5.3999 1.0000	</row3>
				</transform>
			</node>
			<node>
				<identifier>	MP_CM126_Cleat	</identifier>
				<transform>
					<row0>	0.9947 -0.0310 -0.0985 0.0000	</row0>
					<row1>	0.0308 0.9995 -0.0030 0.0000	</row1>
					<row2>	0.0986 0.0000 0.9951 0.0000	</row2>
					<row3>	0.5201 0.3421 -4.7445 1.0000	</row3>
				</transform>
			</node>
			<node>
				<identifier>	MP_CM126_Cleat_INDEX_1	</identifier>
				<transform>
					<row0>	0.9947 -0.0310 -0.0985 0.0000	</row0>
					<row1>	0.0308 0.9995 -0.0030 0.0000	</row1>
					<row2>	0.0986 0.0000 0.9951 0.0000	</row2>
					<row3>	0.4368 0.3420 -5.5239 1.0000	</row3>
				</transform>
			</node>
			<node>
				<identifier>	MP_CM126_Cleat_INDEX_2	</identifier>
				<transform>
					<row0>	0.9947 -0.0310 -0.0985 0.0000	</row0>
					<row1>	0.0308 0.9995 -0.0030 0.0000	</row1>
					<row2>	0.0986 0.0000 0.9951 0.0000	</row2>
					<row3>	0.4215 0.3419 -5.6782 1.0000	</row3>
				</transform>
			</node>
			<node>
				<identifier>	MP_CM126_Cleat_INDEX_3	</identifier>
				<transform>
					<row0>	0.9947 0.0310 0.0985 0.0000	</row0>
					<row1>	-0.0308 0.9995 -0.0030 0.0000	</row1>
					<row2>	-0.0986 0.0000 0.9951 0.0000	</row2>
					<row3>	-0.5201 0.3421 -4.7445 1.0000	</row3>
				</transform>
			</node>
			<node>
				<identifier>	MP_CM126_Cleat_INDEX_4	</identifier>
				<transform>
					<row0>	0.9947 0.0310 0.0985 0.0000	</row0>
					<row1>	-0.0308 0.9995 -0.0030 0.0000	</row1>
					<row2>	-0.0986 0.0000 0.9951 0.0000	</row2>
					<row3>	-0.4368 0.3420 -5.5239 1.0000	</row3>
				</transform>
			</node>
			<node>
				<identifier>	MP_CM126_Cleat_INDEX_5	</identifier>
				<transform>
					<row0>	0.9947 0.0310 0.0985 0.0000	</row0>
					<row1>	-0.0308 0.9995 -0.0030 0.0000	</row1>
					<row2>	-0.0986 0.0000 0.9951 0.0000	</row2>
					<row3>	-0.4215 0.3419 -5.6782 1.0000	</row3>
				</transform>
			</node>
			<node>
				<identifier>	MP_CM159_Anchor_up	</identifier>
				<transform>
					<row0>	0.0909 0.5482 -0.4772 0.0000	</row0>
					<row1>	0.1688 0.4518 0.5512 0.0000	</row1>
					<row2>	0.7069 -0.1784 -0.0703 0.0000	</row2>
					<row3>	-0.1506 0.2455 -6.8961 1.0000	</row3>
				</transform>
			</node>
			<node>
				<identifier>	MP_CM160_Anchor_bottom	</identifier>
				<transform>
					<row0>	0.0909 0.5482 -0.4772 0.0000	</row0>
					<row1>	-0.3411 0.4568 0.4598 0.0000	</row1>
					<row2>	0.6418 0.1652 0.3120 0.0000	</row2>
					<row3>	-0.1506 0.2455 -6.8961 1.0000	</row3>
				</transform>
			</node>
			<node>
				<identifier>	MP_RM003_Yawl_20ft	</identifier>
				<transform>
					<row0>	0.9955 0.0000 -0.0952 0.0000	</row0>
					<row1>	0.0000 1.0000 0.0000 0.0000	</row1>
					<row2>	0.0952 0.0000 0.9955 0.0000	</row2>
					<row3>	0.4402 0.3815 -4.8700 1.0000	</row3>
				</transform>
			</node>
			<node>
				<identifier>	MP_RM003_Yawl_20ft_INDEX_1	</identifier>
				<transform>
					<row0>	0.9955 0.0000 0.0952 0.0000	</row0>
					<row1>	0.0000 1.0000 0.0000 0.0000	</row1>
					<row2>	-0.0952 0.0000 0.9955 0.0000	</row2>
					<row3>	-0.4402 0.3815 -4.8700 1.0000	</row3>
				</transform>
			</node>
			<node>
				<identifier>	MP_RM021_Screened_speed_light	</identifier>
				<transform>
					<row0>	-1.0000 0.0000 0.0000 0.0000	</row0>
					<row1>	0.0000 1.0000 0.0000 0.0000	</row1>
					<row2>	0.0000 0.0000 -1.0000 0.0000	</row2>
					<row3>	0.0000 0.4366 -7.0144 1.0000	</row3>
				</transform>
			</node>
			<node>
				<identifier>	MP_RM028_Signal_Lamp	</identifier>
				<transform>
					<row0>	1.0000 0.0000 0.0000 0.0000	</row0>
					<row1>	0.0000 1.0000 0.0000 0.0000	</row1>
					<row2>	0.0000 0.0000 1.0000 0.0000	</row2>
					<row3>	0.0000 0.8673 -7.0004 1.0000	</row3>
				</transform>
			</node>
			<node>
				<identifier>	MP_RM200_Running_Lights_B	</identifier>
				<transform>
					<row0>	-1.0000 0.0000 0.0000 0.0000	</row0>
					<row1>	0.0000 1.0000 0.0000 0.0000	</row1>
					<row2>	0.0000 0.0000 -1.0000 0.0000	</row2>
					<row3>	0.0000 0.4056 -7.0175 1.0000	</row3>
				</transform>
			</node>
			<node>
				<identifier>	MP_RM214_Life_Buoy	</identifier>
				<transform>
					<row0>	-0.1099 0.0000 -0.9939 0.0000	</row0>
					<row1>	0.0000 1.0000 0.0000 0.0000	</row1>
					<row2>	0.9939 0.0000 -0.1099 0.0000	</row2>
					<row3>	0.4899 0.4071 -5.3307 1.0000	</row3>
				</transform>
			</node>
			<node>
				<identifier>	MP_RM214_Life_Buoy_INDEX_1	</identifier>
				<transform>
					<row0>	-0.1099 0.0000 0.9939 0.0000	</row0>
					<row1>	0.0000 1.0000 0.0000 0.0000	</row1>
					<row2>	-0.9939 0.0000 -0.1099 0.0000	</row2>
					<row3>	-0.4899 0.4071 -5.3307 1.0000	</row3>
				</transform>
			</node>
			<node>
				<identifier>	MP_RM249_Coat_of_Arms_USSR	</identifier>
				<transform>
					<row0>	-1.0000 0.0000 0.0000 0.0000	</row0>
					<row1>	0.0000 0.9837 -0.1801 0.0000	</row1>
					<row2>	0.0000 -0.1801 -0.9837 0.0000	</row2>
					<row3>	0.0000 0.3012 -7.0000 1.0000	</row3>
				</transform>
			</node>
			<node>
				<identifier>	MP_RM273_Fire_Hose_Rack_box	</identifier>
				<transform>
					<row0>	0.0000 0.0000 1.0000 0.0000	</row0>
					<row1>	0.0000 1.0000 0.0000 0.0000	</row1>
					<row2>	-1.0000 0.0000 0.0000 0.0000	</row2>
					<row3>	-0.0312 0.3889 -5.8143 1.0000	</row3>
				</transform>
			</node>
			<node>
				<identifier>	MP_RM291_Reel	</identifier>
				<transform>
					<row0>	1.0000 0.0000 0.0000 0.0000	</row0>
					<row1>	0.0000 1.0000 0.0000 0.0000	</row1>
					<row2>	0.0000 0.0000 1.0000 0.0000	</row2>
					<row3>	0.1630 0.3477 -4.8598 1.0000	</row3>
				</transform>
			</node>
			<node>
				<identifier>	MP_RM291_Reel_INDEX_1	</identifier>
				<transform>
					<row0>	1.0000 0.0000 0.0000 0.0000	</row0>
					<row1>	0.0000 1.0000 0.0000 0.0000	</row1>
					<row2>	0.0000 0.0000 1.0000 0.0000	</row2>
					<row3>	-0.1630 0.3477 -4.8598 1.0000	</row3>
				</transform>
			</node>
			<node>
				<identifier>	MP_RM310_Crane_for_Ladder	</identifier>
				<transform>
					<row0>	0.9940 0.0000 -0.1091 0.0000	</row0>
					<row1>	0.0000 1.0000 0.0000 0.0000	</row1>
					<row2>	0.1091 0.0000 0.9940 0.0000	</row2>
					<row3>	0.5298 0.3338 -5.1167 1.0000	</row3>
				</transform>
			</node>
			<node>
				<identifier>	MP_RM310_Crane_for_Ladder_INDEX_1	</identifier>
				<transform>
					<row0>	0.9965 0.0000 -0.0832 0.0000	</row0>
					<row1>	0.0000 1.0000 0.0000 0.0000	</row1>
					<row2>	0.0832 0.0000 0.9965 0.0000	</row2>
					<row3>	0.5662 0.3338 -4.7146 1.0000	</row3>
				</transform>
			</node>
			<node>
				<identifier>	MP_RM310_Crane_for_Ladder_INDEX_2	</identifier>
				<transform>
					<row0>	0.9940 0.0000 0.1091 0.0000	</row0>
					<row1>	0.0000 1.0000 0.0000 0.0000	</row1>
					<row2>	-0.1091 0.0000 0.9940 0.0000	</row2>
					<row3>	-0.5298 0.3338 -5.1167 1.0000	</row3>
				</transform>
			</node>
			<node>
				<identifier>	MP_RM310_Crane_for_Ladder_INDEX_3	</identifier>
				<transform>
					<row0>	0.9965 0.0000 0.0832 0.0000	</row0>
					<row1>	0.0000 1.0000 0.0000 0.0000	</row1>
					<row2>	-0.0832 0.0000 0.9965 0.0000	</row2>
					<row3>	-0.5662 0.3338 -4.7146 1.0000	</row3>
				</transform>
			</node>
			<node>
				<identifier>	MP_RM311_Barrel_DV	</identifier>
				<transform>
					<row0>	-0.1873 0.0000 -0.9823 0.0000	</row0>
					<row1>	0.0000 1.0000 0.0000 0.0000	</row1>
					<row2>	0.9823 0.0000 -0.1873 0.0000	</row2>
					<row3>	0.3054 0.3411 -6.3926 1.0000	</row3>
				</transform>
			</node>
			<node>
				<identifier>	MP_RM311_Barrel_DV_INDEX_1	</identifier>
				<transform>
					<row0>	-0.1924 0.0000 -0.9813 0.0000	</row0>
					<row1>	0.0000 1.0000 0.0000 0.0000	</row1>
					<row2>	0.9813 0.0000 -0.1924 0.0000	</row2>
					<row3>	0.2850 0.3411 -6.4979 1.0000	</row3>
				</transform>
			</node>
			<node>
				<identifier>	MP_RM311_Barrel_DV_INDEX_2	</identifier>
				<transform>
					<row0>	-0.2657 0.0000 -0.9641 0.0000	</row0>
					<row1>	0.0000 1.0000 0.0000 0.0000	</row1>
					<row2>	0.9641 0.0000 -0.2657 0.0000	</row2>
					<row3>	0.2598 0.3411 -6.6056 1.0000	</row3>
				</transform>
			</node>
			<node>
				<identifier>	MP_RM311_Barrel_DV_INDEX_3	</identifier>
				<transform>
					<row0>	-0.2657 0.0000 0.9641 0.0000	</row0>
					<row1>	0.0000 1.0000 0.0000 0.0000	</row1>
					<row2>	-0.9641 0.0000 -0.2657 0.0000	</row2>
					<row3>	-0.2598 0.3411 -6.6056 1.0000	</row3>
				</transform>
			</node>
			<node>
				<identifier>	MP_RM311_Barrel_DV_INDEX_4	</identifier>
				<transform>
					<row0>	-0.1924 0.0000 0.9813 0.0000	</row0>
					<row1>	0.0000 1.0000 0.0000 0.0000	</row1>
					<row2>	-0.9813 0.0000 -0.1924 0.0000	</row2>
					<row3>	-0.2850 0.3411 -6.4979 1.0000	</row3>
				</transform>
			</node>
			<node>
				<identifier>	MP_RM311_Barrel_DV_INDEX_5	</identifier>
				<transform>
					<row0>	-0.1873 0.0000 0.9823 0.0000	</row0>
					<row1>	0.0000 1.0000 0.0000 0.0000	</row1>
					<row2>	-0.9823 0.0000 -0.1873 0.0000	</row2>
					<row3>	-0.3054 0.3411 -6.3926 1.0000	</row3>
				</transform>
			</node>
			<node>
				<identifier>	SP_YMS011_YHWL_M_1_INDEX_1	</identifier>
				<transform>
					<row0>	0.9896 -0.1082 0.0946 0.0000	</row0>
					<row1>	0.1072 0.9941 0.0154 0.0000	</row1>
					<row2>	-0.0957 -0.0051 0.9954 0.0000	</row2>
					<row3>	-0.5299 0.0074 -4.4778 1.0000	</row3>
				</transform>
			</node>
			<node>
				<identifier>	SP_YMS011_YHWL_M_1_INDEX_14	</identifier>
				<transform>
					<row0>	0.9380 0.2805 0.2038 0.0000	</row0>
					<row1>	-0.2739 0.9599 -0.0606 0.0000	</row1>
					<row2>	-0.2126 0.0011 0.9771 0.0000	</row2>
					<row3>	-0.2848 0.0020 -6.1460 1.0000	</row3>
				</transform>
			</node>
			<node>
				<identifier>	SP_YMS011_YHWL_M_1_INDEX_3	</identifier>
				<transform>
					<row0>	0.9897 -0.0075 0.1433 0.0000	</row0>
					<row1>	0.0082 1.0000 -0.0046 0.0000	</row1>
					<row2>	-0.1433 0.0057 0.9897 0.0000	</row2>
					<row3>	-0.4336 0.0045 -5.3199 1.0000	</row3>
				</transform>
			</node>
			<node>
				<identifier>	SP_YMS012_YHWR_M_1_INDEX_13	</identifier>
				<transform>
					<row0>	0.9896 0.1082 -0.0946 0.0000	</row0>
					<row1>	-0.1072 0.9941 0.0154 0.0000	</row1>
					<row2>	0.0957 -0.0051 0.9954 0.0000	</row2>
					<row3>	0.5299 0.0074 -4.4778 1.0000	</row3>
				</transform>
			</node>
			<node>
				<identifier>	SP_YMS012_YHWR_M_1_INDEX_14	</identifier>
				<transform>
					<row0>	0.9897 0.0075 -0.1433 0.0000	</row0>
					<row1>	-0.0082 1.0000 -0.0046 0.0000	</row1>
					<row2>	0.1433 0.0057 0.9897 0.0000	</row2>
					<row3>	0.4336 0.0045 -5.3199 1.0000	</row3>
				</transform>
			</node>
			<node>
				<identifier>	SP_YMS012_YHWR_M_1_INDEX_15	</identifier>
				<transform>
					<row0>	0.9380 -0.2805 -0.2038 0.0000	</row0>
					<row1>	0.2739 0.9598 -0.0606 0.0000	</row1>
					<row2>	0.2126 0.0011 0.9771 0.0000	</row2>
					<row3>	0.2848 0.0020 -6.1460 1.0000	</row3>
				</transform>
			</node>
			<node>
				<identifier>	SP_YMS023_YHUC_L_1	</identifier>
				<transform>
					<row0>	0.8800 0.0000 0.0000 0.0000	</row0>
					<row1>	0.0000 0.8784 -0.0525 0.0000	</row1>
					<row2>	0.0000 0.0525 0.8784 0.0000	</row2>
					<row3>	0.0000 -0.4370 -5.6503 1.0000	</row3>
				</transform>
			</node>
			<node>
				<identifier>	SP_YMS023_YHUC_L_1_INDEX_1	</identifier>
				<transform>
					<row0>	0.8795 -0.0002 0.0208 0.0000	</row0>
					<row1>	0.0007 0.8795 -0.0212 0.0000	</row1>
					<row2>	-0.0207 0.0212 0.8793 0.0000	</row2>
					<row3>	0.3834 -0.3743 -5.5493 1.0000	</row3>
				</transform>
			</node>
			<node>
				<identifier>	SP_YMS023_YHUC_L_1_INDEX_2	</identifier>
				<transform>
					<row0>	0.8795 0.0002 -0.0208 0.0000	</row0>
					<row1>	-0.0007 0.8795 -0.0212 0.0000	</row1>
					<row2>	0.0207 0.0212 0.8793 0.0000	</row2>
					<row3>	-0.3833 -0.3742 -5.5439 1.0000	</row3>
				</transform>
			</node>
			<node>
				<identifier>	SP_YMS030_YHAM_M_1	</identifier>
				<transform>
					<row0>	0.6299 0.0000 0.0000 0.0000	</row0>
					<row1>	0.0000 0.6299 0.0000 0.0000	</row1>
					<row2>	0.0000 0.0000 0.6299 0.0000	</row2>
					<row3>	0.0000 0.2746 -7.0064 1.0000	</row3>
				</transform>
			</node>
			<node>
				<identifier>	SP_YMS031_YHAL_M_1	</identifier>
				<transform>
					<row0>	0.8548 0.1805 0.2161 0.0000	</row0>
					<row1>	-0.1750 0.8817 -0.0443 0.0000	</row1>
					<row2>	-0.2206 0.0000 0.8725 0.0000	</row2>
					<row3>	-0.3286 0.2012 -6.5708 1.0000	</row3>
				</transform>
			</node>
			<node>
				<identifier>	SP_YMS032_YHAR_M_1	</identifier>
				<transform>
					<row0>	0.8268 -0.1746 -0.2091 0.0000	</row0>
					<row1>	0.1693 0.8528 -0.0428 0.0000	</row1>
					<row2>	0.2134 0.0000 0.8439 0.0000	</row2>
					<row3>	0.3286 0.2012 -6.5708 1.0000	</row3>
				</transform>
			</node>
			<node>
				<identifier>	SP_YMS051_YHDL_L_1_INDEX_1	</identifier>
				<transform>
					<row0>	-0.8414 -0.0016 0.1292 0.0000	</row0>
					<row1>	0.0007 0.8512 0.0149 0.0000	</row1>
					<row2>	-0.1292 0.0148 -0.8413 0.0000	</row2>
					<row3>	0.4807 0.3451 -5.5290 1.0000	</row3>
				</transform>
			</node>
			<node>
				<identifier>	SP_YMS052_YHDR_L_1	</identifier>
				<transform>
					<row0>	-0.8413 0.0016 -0.1292 0.0000	</row0>
					<row1>	-0.0007 0.8510 0.0149 0.0000	</row1>
					<row2>	0.1292 0.0148 -0.8412 0.0000	</row2>
					<row3>	-0.4807 0.3451 -5.5290 1.0000	</row3>
				</transform>
			</node>
			<node>
				<identifier>	SP_YMS053_YHDC_S_1_INDEX_6	</identifier>
				<transform>
					<row0>	1.0000 0.0000 0.0000 0.0000	</row0>
					<row1>	0.0000 1.0000 0.0000 0.0000	</row1>
					<row2>	0.0000 0.0000 1.0000 0.0000	</row2>
					<row3>	-0.2649 0.3622 -5.4078 1.0000	</row3>
				</transform>
			</node>
			<node>
				<identifier>	SP_YMS053_YHDC_S_1_INDEX_7	</identifier>
				<transform>
					<row0>	1.0000 0.0000 0.0000 0.0000	</row0>
					<row1>	0.0000 1.0000 0.0000 0.0000	</row1>
					<row2>	0.0000 0.0000 1.0000 0.0000	</row2>
					<row3>	0.2649 0.3622 -5.4078 1.0000	</row3>
				</transform>
			</node>
			<node>
				<identifier>	SP_YMS083_YHSC_L_1_INDEX_2	</identifier>
				<transform>
					<row0>	0.0593 0.0012 -0.7452 0.0000	</row0>
					<row1>	-0.1771 0.7262 -0.0129 0.0000	</row1>
					<row2>	0.7239 0.1775 0.0579 0.0000	</row2>
					<row3>	-0.5929 0.3234 -4.2090 1.0000	</row3>
				</transform>
			</node>
			<node>
				<identifier>	SP_YMS083_YHSC_L_1_INDEX_5	</identifier>
				<transform>
					<row0>	0.0593 -0.0012 0.7452 0.0000	</row0>
					<row1>	0.1771 0.7262 -0.0129 0.0000	</row1>
					<row2>	-0.7239 0.1775 0.0579 0.0000	</row2>
					<row3>	0.5929 0.3234 -4.2090 1.0000	</row3>
				</transform>
			</node>
			<node>
				<identifier>	SP_YMS084_YHSC_L_2_INDEX_1	</identifier>
				<transform>
					<row0>	0.0695 -0.0053 0.7389 0.0000	</row0>
					<row1>	0.1834 0.7191 -0.0121 0.0000	</row1>
					<row2>	-0.7158 0.1838 0.0686 0.0000	</row2>
					<row3>	0.5449 0.3247 -4.8217 1.0000	</row3>
				</transform>
			</node>
			<node>
				<identifier>	SP_YMS084_YHSC_L_2_INDEX_4	</identifier>
				<transform>
					<row0>	0.0695 0.0053 -0.7389 0.0000	</row0>
					<row1>	-0.1834 0.7191 -0.0121 0.0000	</row1>
					<row2>	0.7158 0.1838 0.0686 0.0000	</row2>
					<row3>	-0.5450 0.3247 -4.8217 1.0000	</row3>
				</transform>
			</node>
		</node>
	</node>
	<boundingBox>
		<min>	-0.0667 -0.0667 -0.0667	</min>
		<max>	0.0667 0.0667 0.0667	</max>
	</boundingBox>
</RSC036_Tallinn_1953_Stern_ports.visual>
