<BSD003_Gallant_1940_Stern_ports.visual>
	<node>
		<identifier>	Scene Root	</identifier>
		<transform>
			<row0>	1.0000 0.0000 0.0000 0.0000	</row0>
			<row1>	0.0000 1.0000 0.0000 0.0000	</row1>
			<row2>	0.0000 0.0000 1.0000 0.0000	</row2>
			<row3>	0.0000 0.0000 0.0000 1.0000	</row3>
		</transform>
		<node>
			<identifier>	Stern_ports	</identifier>
			<transform>
				<row0>	1.0000 0.0000 0.0000 0.0000	</row0>
				<row1>	0.0000 1.0000 0.0000 0.0000	</row1>
				<row2>	0.0000 0.0000 1.0000 0.0000	</row2>
				<row3>	0.0000 0.0000 0.0000 1.0000	</row3>
			</transform>
			<node>
				<identifier>	HP_BGB_3	</identifier>
				<transform>
					<row0>	-1.0000 0.0000 0.0000 0.0000	</row0>
					<row1>	0.0000 1.0000 0.0000 0.0000	</row1>
					<row2>	0.0000 0.0000 -1.0000 0.0000	</row2>
					<row3>	-0.0003 0.1865 -3.2535 1.0000	</row3>
				</transform>
			</node>
			<node>
				<identifier>	HP_BGM_3	</identifier>
				<transform>
					<row0>	-1.0000 0.0000 0.0000 0.0000	</row0>
					<row1>	0.0000 1.0000 0.0000 0.0000	</row1>
					<row2>	0.0000 0.0000 -1.0000 0.0000	</row2>
					<row3>	0.0000 0.3524 -2.2000 1.0000	</row3>
				</transform>
			</node>
			<node>
				<identifier>	HP_BGM_4	</identifier>
				<transform>
					<row0>	-1.0000 0.0000 0.0000 0.0000	</row0>
					<row1>	0.0000 1.0000 0.0000 0.0000	</row1>
					<row2>	0.0000 0.0000 -1.0000 0.0000	</row2>
					<row3>	0.0000 0.1834 -2.6447 1.0000	</row3>
				</transform>
			</node>
			<node>
				<identifier>	HP_FX_Fire_4	</identifier>
				<transform>
					<row0>	1.0000 0.0000 0.0000 0.0000	</row0>
					<row1>	0.0000 1.0000 0.0000 0.0000	</row1>
					<row2>	0.0000 0.0000 1.0000 0.0000	</row2>
					<row3>	0.0000 0.2386 -3.0055 1.0000	</row3>
				</transform>
			</node>
			<node>
				<identifier>	HP_FX_FloodLight_left_1	</identifier>
				<transform>
					<row0>	-1.0000 0.0000 0.0000 0.0000	</row0>
					<row1>	0.0000 1.0000 0.0000 0.0000	</row1>
					<row2>	0.0000 0.0000 -1.0000 0.0000	</row2>
					<row3>	-0.1380 0.2380 -2.2220 1.0000	</row3>
				</transform>
			</node>
			<node>
				<identifier>	HP_FX_FloodLight_right_1	</identifier>
				<transform>
					<row0>	1.0000 0.0000 0.0000 0.0000	</row0>
					<row1>	0.0000 1.0000 0.0000 0.0000	</row1>
					<row2>	0.0000 0.0000 1.0000 0.0000	</row2>
					<row3>	0.1360 0.2340 -2.1270 1.0000	</row3>
				</transform>
			</node>
			<node>
				<identifier>	HP_FX_WakeTraceBack	</identifier>
				<transform>
					<row0>	1.0000 0.0000 0.0000 0.0000	</row0>
					<row1>	0.0000 1.0000 0.0000 0.0000	</row1>
					<row2>	0.0000 0.0000 1.0000 0.0000	</row2>
					<row3>	0.0000 0.0000 -3.2572 1.0000	</row3>
				</transform>
			</node>
			<node>
				<identifier>	HP_FX_WakeTrace_screw_1	</identifier>
				<transform>
					<row0>	1.0000 0.0000 0.0000 0.0000	</row0>
					<row1>	0.0000 1.0000 0.0000 0.0000	</row1>
					<row2>	0.0000 0.0000 1.0000 0.0000	</row2>
					<row3>	-0.1319 -0.1715 -2.8843 1.0000	</row3>
				</transform>
			</node>
			<node>
				<identifier>	HP_FX_WakeTrace_screw_2	</identifier>
				<transform>
					<row0>	1.0000 0.0000 0.0000 0.0000	</row0>
					<row1>	0.0000 1.0000 0.0000 0.0000	</row1>
					<row2>	0.0000 0.0000 1.0000 0.0000	</row2>
					<row3>	0.1319 -0.1715 -2.8843 1.0000	</row3>
				</transform>
			</node>
			<node>
				<identifier>	HP_Ship_death_3	</identifier>
				<transform>
					<row0>	1.0000 0.0000 0.0000 0.0000	</row0>
					<row1>	0.0000 1.0000 0.0000 0.0000	</row1>
					<row2>	0.0000 0.0000 1.0000 0.0000	</row2>
					<row3>	0.0000 0.0000 -2.1095 1.0000	</row3>
				</transform>
			</node>
			<node>
				<identifier>	MP_BM001_Paravane	</identifier>
				<transform>
					<row0>	-0.9803 0.0000 -0.1977 0.0000	</row0>
					<row1>	-0.0282 0.9898 0.1400 0.0000	</row1>
					<row2>	0.1956 0.1428 -0.9702 0.0000	</row2>
					<row3>	-0.1171 0.2272 -3.0503 1.0000	</row3>
				</transform>
			</node>
			<node>
				<identifier>	MP_BM001_Paravane_INDEX_1	</identifier>
				<transform>
					<row0>	-0.9803 0.0000 0.1977 0.0000	</row0>
					<row1>	0.0282 0.9898 0.1400 0.0000	</row1>
					<row2>	-0.1956 0.1428 -0.9702 0.0000	</row2>
					<row3>	0.1165 0.2272 -3.0503 1.0000	</row3>
				</transform>
			</node>
			<node>
				<identifier>	MP_BM009_Depth_Charge	</identifier>
				<transform>
					<row0>	-0.2588 0.0000 0.9659 0.0000	</row0>
					<row1>	0.9659 0.0000 0.2588 0.0000	</row1>
					<row2>	0.0000 1.0000 0.0000 0.0000	</row2>
					<row3>	-0.2184 0.1986 -3.0246 1.0000	</row3>
				</transform>
			</node>
			<node>
				<identifier>	MP_BM009_Depth_Charge_INDEX_1	</identifier>
				<transform>
					<row0>	-0.2588 0.0000 -0.9659 0.0000	</row0>
					<row1>	-0.9659 0.0000 0.2588 0.0000	</row1>
					<row2>	0.0000 1.0000 0.0000 0.0000	</row2>
					<row3>	0.2178 0.1986 -3.0246 1.0000	</row3>
				</transform>
			</node>
			<node>
				<identifier>	MP_BM009_Depth_Charge_INDEX_2	</identifier>
				<transform>
					<row0>	0.9998 0.0000 -0.0183 0.0000	</row0>
					<row1>	-0.0183 0.0000 -0.9998 0.0000	</row1>
					<row2>	0.0000 1.0000 0.0000 0.0000	</row2>
					<row3>	0.2578 0.1922 -2.2123 1.0000	</row3>
				</transform>
			</node>
			<node>
				<identifier>	MP_BM009_Depth_Charge_INDEX_3	</identifier>
				<transform>
					<row0>	1.0000 0.0000 0.0000 0.0000	</row0>
					<row1>	0.0000 0.0000 -1.0000 0.0000	</row1>
					<row2>	0.0000 1.0000 0.0000 0.0000	</row2>
					<row3>	0.2629 0.1923 -2.0900 1.0000	</row3>
				</transform>
			</node>
			<node>
				<identifier>	MP_BM009_Depth_Charge_INDEX_4	</identifier>
				<transform>
					<row0>	-0.2588 0.0000 -0.9659 0.0000	</row0>
					<row1>	-0.9659 0.0000 0.2588 0.0000	</row1>
					<row2>	0.0000 1.0000 0.0000 0.0000	</row2>
					<row3>	0.2093 0.1986 -3.0563 1.0000	</row3>
				</transform>
			</node>
			<node>
				<identifier>	MP_BM009_Depth_Charge_INDEX_5	</identifier>
				<transform>
					<row0>	0.9998 0.0000 -0.0183 0.0000	</row0>
					<row1>	-0.0183 0.0000 -0.9998 0.0000	</row1>
					<row2>	0.0000 1.0000 0.0000 0.0000	</row2>
					<row3>	0.2627 0.1922 -2.1408 1.0000	</row3>
				</transform>
			</node>
			<node>
				<identifier>	MP_BM009_Depth_Charge_INDEX_6	</identifier>
				<transform>
					<row0>	-0.2588 0.0000 0.9659 0.0000	</row0>
					<row1>	0.9659 0.0000 0.2588 0.0000	</row1>
					<row2>	0.0000 1.0000 0.0000 0.0000	</row2>
					<row3>	-0.2099 0.1986 -3.0563 1.0000	</row3>
				</transform>
			</node>
			<node>
				<identifier>	MP_BM021_Crown	</identifier>
				<transform>
					<row0>	1.0000 0.0000 0.0000 0.0000	</row0>
					<row1>	0.0000 0.9848 -0.1736 0.0000	</row1>
					<row2>	0.0000 0.1736 0.9848 0.0000	</row2>
					<row3>	-0.0003 0.5972 -3.1999 1.0000	</row3>
				</transform>
			</node>
			<node>
				<identifier>	MP_BM038_Helmets	</identifier>
				<transform>
					<row0>	-1.0000 0.0000 0.0000 0.0000	</row0>
					<row1>	0.0000 1.0000 0.0000 0.0000	</row1>
					<row2>	0.0000 0.0000 -1.0000 0.0000	</row2>
					<row3>	0.0072 0.2242 -2.4005 1.0000	</row3>
				</transform>
			</node>
			<node>
				<identifier>	MP_BM039_Artillery_shell	</identifier>
				<transform>
					<row0>	0.9962 0.0000 -0.0872 0.0000	</row0>
					<row1>	0.0000 1.0000 0.0000 0.0000	</row1>
					<row2>	0.0872 0.0000 0.9962 0.0000	</row2>
					<row3>	0.2370 0.1882 -2.8260 1.0000	</row3>
				</transform>
			</node>
			<node>
				<identifier>	MP_BM039_Artillery_shell_INDEX_1	</identifier>
				<transform>
					<row0>	0.0000 0.0000 -1.0000 0.0000	</row0>
					<row1>	0.0000 1.0000 0.0000 0.0000	</row1>
					<row2>	1.0000 0.0000 0.0000 0.0000	</row2>
					<row3>	0.0790 0.3656 -2.3604 1.0000	</row3>
				</transform>
			</node>
			<node>
				<identifier>	MP_BM039_Artillery_shell_INDEX_10	</identifier>
				<transform>
					<row0>	-0.9659 0.0000 -0.2588 0.0000	</row0>
					<row1>	0.0000 1.0000 0.0000 0.0000	</row1>
					<row2>	0.2588 0.0000 -0.9659 0.0000	</row2>
					<row3>	-0.1757 0.3642 -2.3532 1.0000	</row3>
				</transform>
			</node>
			<node>
				<identifier>	MP_BM039_Artillery_shell_INDEX_11	</identifier>
				<transform>
					<row0>	0.9659 0.0000 -0.2588 0.0000	</row0>
					<row1>	0.0000 1.0000 0.0000 0.0000	</row1>
					<row2>	0.2588 0.0000 0.9659 0.0000	</row2>
					<row3>	0.2090 0.3642 -2.2685 1.0000	</row3>
				</transform>
			</node>
			<node>
				<identifier>	MP_BM039_Artillery_shell_INDEX_12	</identifier>
				<transform>
					<row0>	0.9985 0.0000 0.0554 0.0000	</row0>
					<row1>	0.0000 1.0000 0.0000 0.0000	</row1>
					<row2>	-0.0554 0.0000 0.9985 0.0000	</row2>
					<row3>	0.2193 0.3642 -2.1845 1.0000	</row3>
				</transform>
			</node>
			<node>
				<identifier>	MP_BM039_Artillery_shell_INDEX_13	</identifier>
				<transform>
					<row0>	-0.9995 0.0000 -0.0318 0.0000	</row0>
					<row1>	0.0000 1.0000 0.0000 0.0000	</row1>
					<row2>	0.0318 0.0000 -0.9995 0.0000	</row2>
					<row3>	-0.2528 0.1869 -2.6228 1.0000	</row3>
				</transform>
			</node>
			<node>
				<identifier>	MP_BM039_Artillery_shell_INDEX_14	</identifier>
				<transform>
					<row0>	0.9962 0.0000 -0.0872 0.0000	</row0>
					<row1>	0.0000 1.0000 0.0000 0.0000	</row1>
					<row2>	0.0872 0.0000 0.9962 0.0000	</row2>
					<row3>	0.2265 0.1893 -2.9118 1.0000	</row3>
				</transform>
			</node>
			<node>
				<identifier>	MP_BM039_Artillery_shell_INDEX_15	</identifier>
				<transform>
					<row0>	-0.9929 0.0000 -0.1188 0.0000	</row0>
					<row1>	0.0000 1.0000 0.0000 0.0000	</row1>
					<row2>	0.1188 0.0000 -0.9929 0.0000	</row2>
					<row3>	-0.2376 0.1882 -2.8260 1.0000	</row3>
				</transform>
			</node>
			<node>
				<identifier>	MP_BM039_Artillery_shell_INDEX_16	</identifier>
				<transform>
					<row0>	0.0000 0.0000 -1.0000 0.0000	</row0>
					<row1>	0.0000 1.0000 0.0000 0.0000	</row1>
					<row2>	1.0000 0.0000 0.0000 0.0000	</row2>
					<row3>	0.0279 0.3739 -2.4102 1.0000	</row3>
				</transform>
			</node>
			<node>
				<identifier>	MP_BM039_Artillery_shell_INDEX_17	</identifier>
				<transform>
					<row0>	0.0000 0.0000 -1.0000 0.0000	</row0>
					<row1>	0.0000 1.0000 0.0000 0.0000	</row1>
					<row2>	1.0000 0.0000 0.0000 0.0000	</row2>
					<row3>	-0.0227 0.3739 -2.4112 1.0000	</row3>
				</transform>
			</node>
			<node>
				<identifier>	MP_BM039_Artillery_shell_INDEX_18	</identifier>
				<transform>
					<row0>	-0.9995 0.0000 -0.0318 0.0000	</row0>
					<row1>	0.0000 1.0000 0.0000 0.0000	</row1>
					<row2>	0.0318 0.0000 -0.9995 0.0000	</row2>
					<row3>	-0.2545 0.1863 -2.5785 1.0000	</row3>
				</transform>
			</node>
			<node>
				<identifier>	MP_BM039_Artillery_shell_INDEX_19	</identifier>
				<transform>
					<row0>	0.9659 0.0000 -0.2588 0.0000	</row0>
					<row1>	0.0000 1.0000 0.0000 0.0000	</row1>
					<row2>	0.2588 0.0000 0.9659 0.0000	</row2>
					<row3>	0.1770 0.3642 -2.3537 1.0000	</row3>
				</transform>
			</node>
			<node>
				<identifier>	MP_BM039_Artillery_shell_INDEX_2	</identifier>
				<transform>
					<row0>	-0.9929 0.0000 -0.1188 0.0000	</row0>
					<row1>	0.0000 1.0000 0.0000 0.0000	</row1>
					<row2>	0.1188 0.0000 -0.9929 0.0000	</row2>
					<row3>	-0.2271 0.1893 -2.9118 1.0000	</row3>
				</transform>
			</node>
			<node>
				<identifier>	MP_BM039_Artillery_shell_INDEX_20	</identifier>
				<transform>
					<row0>	-0.9659 0.0000 -0.2588 0.0000	</row0>
					<row1>	0.0000 1.0000 0.0000 0.0000	</row1>
					<row2>	0.2588 0.0000 -0.9659 0.0000	</row2>
					<row3>	-0.1871 0.3642 -2.3252 1.0000	</row3>
				</transform>
			</node>
			<node>
				<identifier>	MP_BM039_Artillery_shell_INDEX_21	</identifier>
				<transform>
					<row0>	0.0000 0.0000 -1.0000 0.0000	</row0>
					<row1>	0.0000 1.0000 0.0000 0.0000	</row1>
					<row2>	1.0000 0.0000 0.0000 0.0000	</row2>
					<row3>	0.0573 0.3874 -2.4937 1.0000	</row3>
				</transform>
			</node>
			<node>
				<identifier>	MP_BM039_Artillery_shell_INDEX_22	</identifier>
				<transform>
					<row0>	-0.9929 0.0000 -0.1188 0.0000	</row0>
					<row1>	0.0000 1.0000 0.0000 0.0000	</row1>
					<row2>	0.1188 0.0000 -0.9929 0.0000	</row2>
					<row3>	-0.2210 0.1893 -2.9510 1.0000	</row3>
				</transform>
			</node>
			<node>
				<identifier>	MP_BM039_Artillery_shell_INDEX_23	</identifier>
				<transform>
					<row0>	1.0000 0.0000 0.0000 0.0000	</row0>
					<row1>	0.0000 1.0000 0.0000 0.0000	</row1>
					<row2>	0.0000 0.0000 1.0000 0.0000	</row2>
					<row3>	0.2632 0.1863 -2.3732 1.0000	</row3>
				</transform>
			</node>
			<node>
				<identifier>	MP_BM039_Artillery_shell_INDEX_24	</identifier>
				<transform>
					<row0>	0.0000 0.0000 -1.0000 0.0000	</row0>
					<row1>	0.0000 1.0000 0.0000 0.0000	</row1>
					<row2>	1.0000 0.0000 0.0000 0.0000	</row2>
					<row3>	0.0897 0.3828 -2.4655 1.0000	</row3>
				</transform>
			</node>
			<node>
				<identifier>	MP_BM039_Artillery_shell_INDEX_25	</identifier>
				<transform>
					<row0>	-0.9995 0.0000 -0.0318 0.0000	</row0>
					<row1>	0.0000 1.0000 0.0000 0.0000	</row1>
					<row2>	0.0318 0.0000 -0.9995 0.0000	</row2>
					<row3>	-0.2638 0.1863 -2.3732 1.0000	</row3>
				</transform>
			</node>
			<node>
				<identifier>	MP_BM039_Artillery_shell_INDEX_26	</identifier>
				<transform>
					<row0>	-0.9995 0.0000 -0.0318 0.0000	</row0>
					<row1>	0.0000 1.0000 0.0000 0.0000	</row1>
					<row2>	0.0318 0.0000 -0.9995 0.0000	</row2>
					<row3>	-0.2568 0.1863 -2.5452 1.0000	</row3>
				</transform>
			</node>
			<node>
				<identifier>	MP_BM039_Artillery_shell_INDEX_27	</identifier>
				<transform>
					<row0>	-0.9985 0.0000 0.0554 0.0000	</row0>
					<row1>	0.0000 1.0000 0.0000 0.0000	</row1>
					<row2>	-0.0554 0.0000 -0.9985 0.0000	</row2>
					<row3>	-0.2209 0.3642 -2.1846 1.0000	</row3>
				</transform>
			</node>
			<node>
				<identifier>	MP_BM039_Artillery_shell_INDEX_28	</identifier>
				<transform>
					<row0>	1.0000 0.0000 0.0000 0.0000	</row0>
					<row1>	0.0000 1.0000 0.0000 0.0000	</row1>
					<row2>	0.0000 0.0000 1.0000 0.0000	</row2>
					<row3>	0.2609 0.1863 -2.4429 1.0000	</row3>
				</transform>
			</node>
			<node>
				<identifier>	MP_BM039_Artillery_shell_INDEX_29	</identifier>
				<transform>
					<row0>	1.0000 0.0000 0.0000 0.0000	</row0>
					<row1>	0.0000 1.0000 0.0000 0.0000	</row1>
					<row2>	0.0000 0.0000 1.0000 0.0000	</row2>
					<row3>	0.2579 0.1863 -2.5099 1.0000	</row3>
				</transform>
			</node>
			<node>
				<identifier>	MP_BM039_Artillery_shell_INDEX_3	</identifier>
				<transform>
					<row0>	0.9929 0.0000 -0.1188 0.0000	</row0>
					<row1>	0.0000 1.0000 0.0000 0.0000	</row1>
					<row2>	0.1188 0.0000 0.9929 0.0000	</row2>
					<row3>	0.2172 0.3642 -2.2294 1.0000	</row3>
				</transform>
			</node>
			<node>
				<identifier>	MP_BM039_Artillery_shell_INDEX_30	</identifier>
				<transform>
					<row0>	-0.9929 0.0000 -0.1188 0.0000	</row0>
					<row1>	0.0000 1.0000 0.0000 0.0000	</row1>
					<row2>	0.1188 0.0000 -0.9929 0.0000	</row2>
					<row3>	-0.2192 0.3642 -2.2296 1.0000	</row3>
				</transform>
			</node>
			<node>
				<identifier>	MP_BM039_Artillery_shell_INDEX_31	</identifier>
				<transform>
					<row0>	-0.9995 0.0000 -0.0318 0.0000	</row0>
					<row1>	0.0000 1.0000 0.0000 0.0000	</row1>
					<row2>	0.0318 0.0000 -0.9995 0.0000	</row2>
					<row3>	-0.2615 0.1863 -2.4429 1.0000	</row3>
				</transform>
			</node>
			<node>
				<identifier>	MP_BM039_Artillery_shell_INDEX_32	</identifier>
				<transform>
					<row0>	-0.9995 0.0000 -0.0318 0.0000	</row0>
					<row1>	0.0000 1.0000 0.0000 0.0000	</row1>
					<row2>	0.0318 0.0000 -0.9995 0.0000	</row2>
					<row3>	-0.2585 0.1863 -2.5099 1.0000	</row3>
				</transform>
			</node>
			<node>
				<identifier>	MP_BM039_Artillery_shell_INDEX_33	</identifier>
				<transform>
					<row0>	1.0000 0.0000 0.0000 0.0000	</row0>
					<row1>	0.0000 1.0000 0.0000 0.0000	</row1>
					<row2>	0.0000 0.0000 1.0000 0.0000	</row2>
					<row3>	0.2562 0.1863 -2.5452 1.0000	</row3>
				</transform>
			</node>
			<node>
				<identifier>	MP_BM039_Artillery_shell_INDEX_34	</identifier>
				<transform>
					<row0>	0.9962 0.0000 -0.0872 0.0000	</row0>
					<row1>	0.0000 1.0000 0.0000 0.0000	</row1>
					<row2>	0.0872 0.0000 0.9962 0.0000	</row2>
					<row3>	0.2204 0.1893 -2.9510 1.0000	</row3>
				</transform>
			</node>
			<node>
				<identifier>	MP_BM039_Artillery_shell_INDEX_35	</identifier>
				<transform>
					<row0>	0.0000 0.0000 -1.0000 0.0000	</row0>
					<row1>	0.0000 1.0000 0.0000 0.0000	</row1>
					<row2>	1.0000 0.0000 0.0000 0.0000	</row2>
					<row3>	-0.0589 0.3874 -2.4937 1.0000	</row3>
				</transform>
			</node>
			<node>
				<identifier>	MP_BM039_Artillery_shell_INDEX_36	</identifier>
				<transform>
					<row0>	0.0000 0.0000 -1.0000 0.0000	</row0>
					<row1>	0.0000 1.0000 0.0000 0.0000	</row1>
					<row2>	1.0000 0.0000 0.0000 0.0000	</row2>
					<row3>	-0.0903 0.3828 -2.4655 1.0000	</row3>
				</transform>
			</node>
			<node>
				<identifier>	MP_BM039_Artillery_shell_INDEX_4	</identifier>
				<transform>
					<row0>	0.9737 0.0000 0.2280 0.0000	</row0>
					<row1>	0.0000 1.0000 0.0000 0.0000	</row1>
					<row2>	-0.2280 0.0000 0.9737 0.0000	</row2>
					<row3>	0.2140 0.3642 -2.1466 1.0000	</row3>
				</transform>
			</node>
			<node>
				<identifier>	MP_BM039_Artillery_shell_INDEX_5	</identifier>
				<transform>
					<row0>	-0.9659 0.0000 -0.2588 0.0000	</row0>
					<row1>	0.0000 1.0000 0.0000 0.0000	</row1>
					<row2>	0.2588 0.0000 -0.9659 0.0000	</row2>
					<row3>	-0.2104 0.3642 -2.2685 1.0000	</row3>
				</transform>
			</node>
			<node>
				<identifier>	MP_BM039_Artillery_shell_INDEX_6	</identifier>
				<transform>
					<row0>	1.0000 0.0000 0.0000 0.0000	</row0>
					<row1>	0.0000 1.0000 0.0000 0.0000	</row1>
					<row2>	0.0000 0.0000 1.0000 0.0000	</row2>
					<row3>	0.2539 0.1863 -2.5785 1.0000	</row3>
				</transform>
			</node>
			<node>
				<identifier>	MP_BM039_Artillery_shell_INDEX_7	</identifier>
				<transform>
					<row0>	0.9659 0.0000 -0.2588 0.0000	</row0>
					<row1>	0.0000 1.0000 0.0000 0.0000	</row1>
					<row2>	0.2588 0.0000 0.9659 0.0000	</row2>
					<row3>	0.1884 0.3642 -2.3257 1.0000	</row3>
				</transform>
			</node>
			<node>
				<identifier>	MP_BM039_Artillery_shell_INDEX_8	</identifier>
				<transform>
					<row0>	-0.9580 0.0000 0.2867 0.0000	</row0>
					<row1>	0.0000 1.0000 0.0000 0.0000	</row1>
					<row2>	-0.2867 0.0000 -0.9580 0.0000	</row2>
					<row3>	-0.2150 0.3642 -2.1468 1.0000	</row3>
				</transform>
			</node>
			<node>
				<identifier>	MP_BM039_Artillery_shell_INDEX_9	</identifier>
				<transform>
					<row0>	0.0000 0.0000 -1.0000 0.0000	</row0>
					<row1>	0.0000 1.0000 0.0000 0.0000	</row1>
					<row2>	1.0000 0.0000 0.0000 0.0000	</row2>
					<row3>	-0.0796 0.3656 -2.3604 1.0000	</row3>
				</transform>
			</node>
			<node>
				<identifier>	MP_BM609_Speaker	</identifier>
				<transform>
					<row0>	-1.0000 0.0000 0.0000 0.0000	</row0>
					<row1>	0.0000 1.0000 0.0000 0.0000	</row1>
					<row2>	0.0000 0.0000 -1.0000 0.0000	</row2>
					<row3>	-0.0125 0.3356 -2.3999 1.0000	</row3>
				</transform>
			</node>
			<node>
				<identifier>	MP_BM715_Locker	</identifier>
				<transform>
					<row0>	0.0000 0.2045 -1.1598 0.0000	</row0>
					<row1>	0.0000 1.1598 0.2045 0.0000	</row1>
					<row2>	1.1777 0.0000 0.0000 0.0000	</row2>
					<row3>	-0.0003 0.3687 -2.3811 1.0000	</row3>
				</transform>
			</node>
			<node>
				<identifier>	MP_BM717_Locker	</identifier>
				<transform>
					<row0>	1.0000 0.0000 0.0000 0.0000	</row0>
					<row1>	0.0000 1.0000 0.0000 0.0000	</row1>
					<row2>	0.0000 0.0000 1.0000 0.0000	</row2>
					<row3>	0.1532 0.2431 -2.3314 1.0000	</row3>
				</transform>
			</node>
			<node>
				<identifier>	MP_BM717_Locker_INDEX_1	</identifier>
				<transform>
					<row0>	1.0000 0.0000 0.0000 0.0000	</row0>
					<row1>	0.0000 1.0000 0.0000 0.0000	</row1>
					<row2>	0.0000 0.0000 1.0000 0.0000	</row2>
					<row3>	-0.1538 0.2431 -2.3314 1.0000	</row3>
				</transform>
			</node>
			<node>
				<identifier>	MP_BM857_Fog_Light	</identifier>
				<transform>
					<row0>	-0.8856 0.0000 0.0000 0.0000	</row0>
					<row1>	0.0000 0.8856 0.0000 0.0000	</row1>
					<row2>	0.0000 0.0000 -0.8856 0.0000	</row2>
					<row3>	-0.0003 0.4223 -2.6015 1.0000	</row3>
				</transform>
			</node>
			<node>
				<identifier>	MP_BM872_Running_Lights_B	</identifier>
				<transform>
					<row0>	-1.4041 0.0000 0.0000 0.0000	</row0>
					<row1>	0.0000 1.4041 0.0000 0.0000	</row1>
					<row2>	0.0000 0.0000 -1.4041 0.0000	</row2>
					<row3>	-0.0003 0.3698 -3.1762 1.0000	</row3>
				</transform>
			</node>
			<node>
				<identifier>	MP_BM973_Fairlead	</identifier>
				<transform>
					<row0>	0.9892 -0.0544 -0.1358 0.0000	</row0>
					<row1>	0.0552 0.9985 0.0020 0.0000	</row1>
					<row2>	0.1355 -0.0094 0.9907 0.0000	</row2>
					<row3>	0.2460 0.1890 -2.8967 1.0000	</row3>
				</transform>
			</node>
			<node>
				<identifier>	MP_BM973_Fairlead_INDEX_1	</identifier>
				<transform>
					<row0>	0.9892 0.0544 0.1358 0.0000	</row0>
					<row1>	-0.0552 0.9985 0.0020 0.0000	</row1>
					<row2>	-0.1355 -0.0094 0.9907 0.0000	</row2>
					<row3>	-0.2466 0.1890 -2.8967 1.0000	</row3>
				</transform>
			</node>
			<node>
				<identifier>	MP_BM973_Fairlead_INDEX_2	</identifier>
				<transform>
					<row0>	0.4226 0.0000 -0.9063 0.0000	</row0>
					<row1>	0.0171 0.9998 0.0080 0.0000	</row1>
					<row2>	0.9061 -0.0188 0.4225 0.0000	</row2>
					<row3>	0.0932 0.1975 -3.2248 1.0000	</row3>
				</transform>
			</node>
			<node>
				<identifier>	MP_BM973_Fairlead_INDEX_3	</identifier>
				<transform>
					<row0>	0.4226 0.0000 0.9063 0.0000	</row0>
					<row1>	-0.0171 0.9998 0.0080 0.0000	</row1>
					<row2>	-0.9061 -0.0188 0.4225 0.0000	</row2>
					<row3>	-0.0938 0.1975 -3.2248 1.0000	</row3>
				</transform>
			</node>
			<node>
				<identifier>	MP_CM001_Propeller3_L	</identifier>
				<transform>
					<row0>	0.5994 -0.0146 0.0119 0.0000	</row0>
					<row1>	0.0154 0.5981 -0.0416 0.0000	</row1>
					<row2>	-0.0109 0.0419 0.5981 0.0000	</row2>
					<row3>	-0.1319 -0.1715 -2.8843 1.0000	</row3>
				</transform>
			</node>
			<node>
				<identifier>	MP_CM029_Emergency_Box	</identifier>
				<transform>
					<row0>	1.0000 0.0000 0.0000 0.0000	</row0>
					<row1>	0.0000 1.0000 0.0000 0.0000	</row1>
					<row2>	0.0000 0.0000 1.0000 0.0000	</row2>
					<row3>	0.1066 0.2533 -2.4067 1.0000	</row3>
				</transform>
			</node>
			<node>
				<identifier>	MP_CM032_Propeller3_R	</identifier>
				<transform>
					<row0>	0.5997 0.0146 -0.0119 0.0000	</row0>
					<row1>	-0.0154 0.5984 -0.0416 0.0000	</row1>
					<row2>	0.0109 0.0419 0.5984 0.0000	</row2>
					<row3>	0.1319 -0.1715 -2.8843 1.0000	</row3>
				</transform>
			</node>
			<node>
				<identifier>	MP_CM081_Life_Buoy	</identifier>
				<transform>
					<row0>	0.0948 0.0000 -0.9527 0.0000	</row0>
					<row1>	0.0000 0.9574 0.0000 0.0000	</row1>
					<row2>	0.9527 0.0000 0.0948 0.0000	</row2>
					<row3>	-0.2436 0.2572 -2.7919 1.0000	</row3>
				</transform>
			</node>
			<node>
				<identifier>	MP_CM081_Life_Buoy_INDEX_1	</identifier>
				<transform>
					<row0>	0.1005 0.0000 0.9521 0.0000	</row0>
					<row1>	0.0000 0.9574 0.0000 0.0000	</row1>
					<row2>	-0.9521 0.0000 0.1005 0.0000	</row2>
					<row3>	0.2443 0.2572 -2.7877 1.0000	</row3>
				</transform>
			</node>
			<node>
				<identifier>	MP_CM112_Fire_Extinguisher	</identifier>
				<transform>
					<row0>	0.0000 0.0000 -1.0000 0.0000	</row0>
					<row1>	0.0000 1.0000 0.0000 0.0000	</row1>
					<row2>	1.0000 0.0000 0.0000 0.0000	</row2>
					<row3>	0.1142 0.2083 -2.4046 1.0000	</row3>
				</transform>
			</node>
		</node>
	</node>
	<boundingBox>
		<min>	-0.0667 -0.0667 -0.0667	</min>
		<max>	0.0667 0.0667 0.0667	</max>
	</boundingBox>
</BSD003_Gallant_1940_Stern_ports.visual>
