<HSC001_Van_Kinsbergen_1939_Bow_ports.visual>
	<node>
		<identifier>	Scene Root	</identifier>
		<transform>
			<row0>	1.0000 0.0000 0.0000 0.0000	</row0>
			<row1>	0.0000 1.0000 0.0000 0.0000	</row1>
			<row2>	0.0000 0.0000 1.0000 0.0000	</row2>
			<row3>	0.0000 0.0000 0.0000 1.0000	</row3>
		</transform>
		<node>
			<identifier>	Bow_ports	</identifier>
			<transform>
				<row0>	1.0000 0.0000 0.0000 0.0000	</row0>
				<row1>	0.0000 1.0000 0.0000 0.0000	</row1>
				<row2>	0.0000 0.0000 1.0000 0.0000	</row2>
				<row3>	0.0000 0.0000 0.0000 1.0000	</row3>
			</transform>
			<node>
				<identifier>	HP_FX_Fire_1	</identifier>
				<transform>
					<row0>	1.0000 0.0000 0.0000 0.0000	</row0>
					<row1>	0.0000 1.0000 0.0000 0.0000	</row1>
					<row2>	0.0000 0.0000 1.0000 0.0000	</row2>
					<row3>	0.0000 0.3828 2.7282 1.0000	</row3>
				</transform>
			</node>
			<node>
				<identifier>	HP_FX_WakeTrace	</identifier>
				<transform>
					<row0>	1.0000 0.0000 0.0000 0.0000	</row0>
					<row1>	0.0000 1.0000 0.0000 0.0000	</row1>
					<row2>	0.0000 0.0000 1.0000 0.0000	</row2>
					<row3>	0.0000 0.0000 3.3319 1.0000	</row3>
				</transform>
			</node>
			<node>
				<identifier>	HP_HGM_1	</identifier>
				<transform>
					<row0>	1.0000 0.0000 0.0000 0.0000	</row0>
					<row1>	0.0000 1.0000 0.0000 0.0000	</row1>
					<row2>	0.0000 0.0000 1.0000 0.0000	</row2>
					<row3>	0.0000 0.3683 2.1666 1.0000	</row3>
				</transform>
			</node>
			<node>
				<identifier>	HP_Ship_death_1	</identifier>
				<transform>
					<row0>	1.0000 0.0000 0.0000 0.0000	</row0>
					<row1>	0.0000 1.0000 0.0000 0.0000	</row1>
					<row2>	0.0000 0.0000 1.0000 0.0000	</row2>
					<row3>	0.0000 0.0000 2.1733 1.0000	</row3>
				</transform>
			</node>
			<node>
				<identifier>	MP_CM011_Fire_Fighting_Gear	</identifier>
				<transform>
					<row0>	1.0000 0.0000 0.0000 0.0000	</row0>
					<row1>	0.0000 1.0000 0.0000 0.0000	</row1>
					<row2>	0.0000 0.0000 1.0000 0.0000	</row2>
					<row3>	-0.1000 0.3666 2.4000 1.0000	</row3>
				</transform>
			</node>
			<node>
				<identifier>	MP_CM011_Fire_Fighting_Gear_INDEX_1	</identifier>
				<transform>
					<row0>	1.0000 0.0000 0.0000 0.0000	</row0>
					<row1>	0.0000 1.0000 0.0000 0.0000	</row1>
					<row2>	0.0000 0.0000 1.0000 0.0000	</row2>
					<row3>	0.1000 0.3666 2.4000 1.0000	</row3>
				</transform>
			</node>
			<node>
				<identifier>	MP_CM012_Fire_Hose_Rack_1	</identifier>
				<transform>
					<row0>	0.1428 -0.1581 0.9770 0.0000	</row0>
					<row1>	0.0232 0.9874 0.1564 0.0000	</row1>
					<row2>	-0.9895 0.0003 0.1446 0.0000	</row2>
					<row3>	0.0428 0.4067 2.4398 1.0000	</row3>
				</transform>
			</node>
			<node>
				<identifier>	MP_CM012_Fire_Hose_Rack_1_INDEX_1	</identifier>
				<transform>
					<row0>	-0.1428 -0.1581 0.9770 0.0000	</row0>
					<row1>	-0.0232 0.9874 0.1564 0.0000	</row1>
					<row2>	-0.9895 -0.0003 -0.1446 0.0000	</row2>
					<row3>	-0.0428 0.4067 2.4398 1.0000	</row3>
				</transform>
			</node>
			<node>
				<identifier>	MP_CM126_Cleat	</identifier>
				<transform>
					<row0>	0.6129 0.0000 0.1225 0.0000	</row0>
					<row1>	-0.1225 0.0000 0.6129 0.0000	</row1>
					<row2>	0.0000 -0.6250 0.0000 0.0000	</row2>
					<row3>	0.2405 0.4501 2.6949 1.0000	</row3>
				</transform>
			</node>
			<node>
				<identifier>	MP_CM126_Cleat_INDEX_1	</identifier>
				<transform>
					<row0>	0.6227 0.0000 -0.0534 0.0000	</row0>
					<row1>	0.0534 0.0000 0.6227 0.0000	</row1>
					<row2>	0.0000 -0.6250 0.0000 0.0000	</row2>
					<row3>	-0.2992 0.4333 2.2739 1.0000	</row3>
				</transform>
			</node>
			<node>
				<identifier>	MP_CM126_Cleat_INDEX_2	</identifier>
				<transform>
					<row0>	0.6129 0.0000 -0.1225 0.0000	</row0>
					<row1>	0.1225 0.0000 0.6129 0.0000	</row1>
					<row2>	0.0000 -0.6250 0.0000 0.0000	</row2>
					<row3>	-0.2405 0.4501 2.6949 1.0000	</row3>
				</transform>
			</node>
			<node>
				<identifier>	MP_CM126_Cleat_INDEX_3	</identifier>
				<transform>
					<row0>	0.6227 0.0000 0.0534 0.0000	</row0>
					<row1>	-0.0534 0.0000 0.6227 0.0000	</row1>
					<row2>	0.0000 -0.6250 0.0000 0.0000	</row2>
					<row3>	0.2992 0.4333 2.2739 1.0000	</row3>
				</transform>
			</node>
			<node>
				<identifier>	MP_HM001_Anchor_down	</identifier>
				<transform>
					<row0>	0.9798 -0.1808 0.0860 0.0000	</row0>
					<row1>	0.1730 0.5482 -0.8183 0.0000	</row1>
					<row2>	0.1008 0.8166 0.5684 0.0000	</row2>
					<row3>	0.1071 0.2942 3.1584 1.0000	</row3>
				</transform>
			</node>
			<node>
				<identifier>	MP_HM001_Anchor_down_INDEX_1	</identifier>
				<transform>
					<row0>	0.9798 0.1808 -0.0860 0.0000	</row0>
					<row1>	-0.1730 0.5482 -0.8183 0.0000	</row1>
					<row2>	-0.1008 0.8166 0.5684 0.0000	</row2>
					<row3>	-0.1071 0.2942 3.1584 1.0000	</row3>
				</transform>
			</node>
			<node>
				<identifier>	MP_HM002_Anchor_up	</identifier>
				<transform>
					<row0>	0.9622 -0.0692 0.2634 0.0000	</row0>
					<row1>	0.2554 0.5648 -0.7847 0.0000	</row1>
					<row2>	-0.0945 0.8223 0.5612 0.0000	</row2>
					<row3>	-0.1072 0.2941 3.1585 1.0000	</row3>
				</transform>
			</node>
			<node>
				<identifier>	MP_HM002_Anchor_up_INDEX_1	</identifier>
				<transform>
					<row0>	0.9645 0.0641 -0.2563 0.0000	</row0>
					<row1>	-0.2468 0.5654 -0.7870 0.0000	</row1>
					<row2>	0.0945 0.8223 0.5612 0.0000	</row2>
					<row3>	0.1072 0.2941 3.1585 1.0000	</row3>
				</transform>
			</node>
			<node>
				<identifier>	MP_HM959_Reel	</identifier>
				<transform>
					<row0>	-0.9166 0.0328 0.3984 0.0000	</row0>
					<row1>	0.0244 0.9994 -0.0259 0.0000	</row1>
					<row2>	-0.3990 -0.0140 -0.9168 0.0000	</row2>
					<row3>	0.1331 0.3665 2.3724 1.0000	</row3>
				</transform>
			</node>
			<node>
				<identifier>	MP_HM959_Reel_INDEX_1	</identifier>
				<transform>
					<row0>	0.9166 0.0328 0.3984 0.0000	</row0>
					<row1>	-0.0244 0.9994 -0.0259 0.0000	</row1>
					<row2>	-0.3990 0.0140 0.9168 0.0000	</row2>
					<row3>	-0.1331 0.3665 2.3724 1.0000	</row3>
				</transform>
			</node>
		</node>
	</node>
	<boundingBox>
		<min>	-0.0667 -0.0667 -0.0667	</min>
		<max>	0.0667 0.0667 0.0667	</max>
	</boundingBox>
</HSC001_Van_Kinsbergen_1939_Bow_ports.visual>
