<BSC037_Dido_1944_MidFront_ports.visual>
	<node>
		<identifier>	Scene Root	</identifier>
		<transform>
			<row0>	1.0000 0.0000 0.0000 0.0000	</row0>
			<row1>	0.0000 1.0000 0.0000 0.0000	</row1>
			<row2>	0.0000 0.0000 1.0000 0.0000	</row2>
			<row3>	0.0000 0.0000 0.0000 1.0000	</row3>
		</transform>
		<node>
			<identifier>	MidFront_ports	</identifier>
			<transform>
				<row0>	1.0000 0.0000 0.0000 0.0000	</row0>
				<row1>	0.0000 1.0000 0.0000 0.0000	</row1>
				<row2>	0.0000 0.0000 1.0000 0.0000	</row2>
				<row3>	0.0000 0.0000 0.0000 1.0000	</row3>
			</transform>
			<node>
				<identifier>	HP_BD_1	</identifier>
				<transform>
					<row0>	1.0000 0.0000 0.0000 0.0000	</row0>
					<row1>	0.0000 1.0000 0.0000 0.0000	</row1>
					<row2>	0.0000 0.0000 1.0000 0.0000	</row2>
					<row3>	0.0000 1.1572 1.3957 1.0000	</row3>
				</transform>
			</node>
			<node>
				<identifier>	HP_BD_2	</identifier>
				<transform>
					<row0>	0.0000 0.0000 -1.0000 0.0000	</row0>
					<row1>	0.0000 1.0000 0.0000 0.0000	</row1>
					<row2>	1.0000 0.0000 0.0000 0.0000	</row2>
					<row3>	-0.3202 0.8431 1.3473 1.0000	</row3>
				</transform>
			</node>
			<node>
				<identifier>	HP_BD_3	</identifier>
				<transform>
					<row0>	0.0000 0.0000 1.0000 0.0000	</row0>
					<row1>	0.0000 1.0000 0.0000 0.0000	</row1>
					<row2>	-1.0000 0.0000 0.0000 0.0000	</row2>
					<row3>	0.3202 0.8431 1.3473 1.0000	</row3>
				</transform>
			</node>
			<node>
				<identifier>	HP_BD_4	</identifier>
				<transform>
					<row0>	0.0000 0.0000 1.0000 0.0000	</row0>
					<row1>	0.0000 1.0000 0.0000 0.0000	</row1>
					<row2>	-1.0000 0.0000 0.0000 0.0000	</row2>
					<row3>	-0.2026 0.9878 1.2906 1.0000	</row3>
				</transform>
			</node>
			<node>
				<identifier>	HP_BD_5	</identifier>
				<transform>
					<row0>	0.0000 0.0000 -1.0000 0.0000	</row0>
					<row1>	0.0000 1.0000 0.0000 0.0000	</row1>
					<row2>	1.0000 0.0000 0.0000 0.0000	</row2>
					<row3>	0.2026 0.9878 1.2848 1.0000	</row3>
				</transform>
			</node>
			<node>
				<identifier>	HP_BD_6	</identifier>
				<transform>
					<row0>	1.0000 0.0000 0.0000 0.0000	</row0>
					<row1>	0.0000 1.0000 0.0000 0.0000	</row1>
					<row2>	0.0000 0.0000 1.0000 0.0000	</row2>
					<row3>	0.0000 1.2940 1.1068 1.0000	</row3>
				</transform>
			</node>
			<node>
				<identifier>	HP_BGA_1	</identifier>
				<transform>
					<row0>	0.0000 0.0000 1.0000 0.0000	</row0>
					<row1>	0.0000 1.0000 0.0000 0.0000	</row1>
					<row2>	-1.0000 0.0000 0.0000 0.0000	</row2>
					<row3>	-0.4269 0.3902 0.2034 1.0000	</row3>
				</transform>
			</node>
			<node>
				<identifier>	HP_BGA_2	</identifier>
				<transform>
					<row0>	0.0000 0.0000 -1.0000 0.0000	</row0>
					<row1>	0.0000 1.0000 0.0000 0.0000	</row1>
					<row2>	1.0000 0.0000 0.0000 0.0000	</row2>
					<row3>	0.4269 0.3902 0.2034 1.0000	</row3>
				</transform>
			</node>
			<node>
				<identifier>	HP_BGM_2	</identifier>
				<transform>
					<row0>	1.0000 0.0000 0.0000 0.0000	</row0>
					<row1>	0.0000 1.0000 0.0000 0.0000	</row1>
					<row2>	0.0000 0.0000 1.0000 0.0000	</row2>
					<row3>	0.0000 0.5436 3.0582 1.0000	</row3>
				</transform>
			</node>
			<node>
				<identifier>	HP_BGM_3	</identifier>
				<transform>
					<row0>	1.0000 0.0000 0.0000 0.0000	</row0>
					<row1>	0.0000 1.0000 0.0000 0.0000	</row1>
					<row2>	0.0000 0.0000 1.0000 0.0000	</row2>
					<row3>	0.0000 0.6937 2.4979 1.0000	</row3>
				</transform>
			</node>
			<node>
				<identifier>	HP_BRF_1	</identifier>
				<transform>
					<row0>	1.0000 0.0000 0.0000 0.0000	</row0>
					<row1>	0.0000 1.0000 0.0000 0.0000	</row1>
					<row2>	0.0000 0.0000 1.0000 0.0000	</row2>
					<row3>	-0.0151 1.9110 0.7617 1.0000	</row3>
				</transform>
			</node>
			<node>
				<identifier>	HP_BRS_1	</identifier>
				<transform>
					<row0>	1.0000 0.0000 0.0000 0.0000	</row0>
					<row1>	0.0000 1.0000 0.0000 0.0000	</row1>
					<row2>	0.0000 0.0000 1.0000 0.0000	</row2>
					<row3>	0.0000 2.1227 0.6337 1.0000	</row3>
				</transform>
			</node>
			<node>
				<identifier>	HP_FX_Death_2	</identifier>
				<transform>
					<row0>	1.0000 0.0000 0.0000 0.0000	</row0>
					<row1>	0.0000 1.0000 0.0000 0.0000	</row1>
					<row2>	0.0000 0.0000 1.0000 0.0000	</row2>
					<row3>	0.0000 0.0000 0.2798 1.0000	</row3>
				</transform>
			</node>
			<node>
				<identifier>	HP_FX_Fire_2	</identifier>
				<transform>
					<row0>	1.0000 0.0000 0.0000 0.0000	</row0>
					<row1>	0.0000 1.0000 0.0000 0.0000	</row1>
					<row2>	0.0000 0.0000 1.0000 0.0000	</row2>
					<row3>	0.0050 1.0521 1.5968 1.0000	</row3>
				</transform>
			</node>
			<node>
				<identifier>	HP_FX_Fire_2_side_1	</identifier>
				<transform>
					<row0>	1.0000 0.0000 0.0000 0.0000	</row0>
					<row1>	0.0000 1.0000 0.0000 0.0000	</row1>
					<row2>	0.0000 0.0000 1.0000 0.0000	</row2>
					<row3>	-0.3973 0.4117 2.3811 1.0000	</row3>
				</transform>
			</node>
			<node>
				<identifier>	HP_FX_Fire_2_side_2	</identifier>
				<transform>
					<row0>	1.0000 0.0000 0.0000 0.0000	</row0>
					<row1>	0.0000 1.0000 0.0000 0.0000	</row1>
					<row2>	0.0000 0.0000 1.0000 0.0000	</row2>
					<row3>	0.3960 0.4005 1.0559 1.0000	</row3>
				</transform>
			</node>
			<node>
				<identifier>	HP_FX_FloodLight_left_2	</identifier>
				<transform>
					<row0>	-1.0000 0.0000 0.0000 0.0000	</row0>
					<row1>	0.0000 1.0000 0.0000 0.0000	</row1>
					<row2>	0.0000 0.0000 -1.0000 0.0000	</row2>
					<row3>	-0.2997 0.5231 2.4612 1.0000	</row3>
				</transform>
			</node>
			<node>
				<identifier>	HP_FX_FloodLight_right_2	</identifier>
				<transform>
					<row0>	1.0000 0.0000 0.0000 0.0000	</row0>
					<row1>	0.0000 1.0000 0.0000 0.0000	</row1>
					<row2>	0.0000 0.0000 1.0000 0.0000	</row2>
					<row3>	0.2962 0.5014 2.5292 1.0000	</row3>
				</transform>
			</node>
			<node>
				<identifier>	HP_FX_Flood_steam_1	</identifier>
				<transform>
					<row0>	1.0000 0.0000 0.0000 0.0000	</row0>
					<row1>	0.0000 0.9844 -0.1758 0.0000	</row1>
					<row2>	0.0000 0.1758 0.9844 0.0000	</row2>
					<row3>	0.0000 1.1175 0.1400 1.0000	</row3>
				</transform>
			</node>
			<node>
				<identifier>	HP_FX_Flood_steam_left	</identifier>
				<transform>
					<row0>	-1.0000 0.0000 0.0000 0.0000	</row0>
					<row1>	0.0000 1.0000 0.0000 0.0000	</row1>
					<row2>	0.0000 0.0000 -1.0000 0.0000	</row2>
					<row3>	-0.4009 0.3393 3.2683 1.0000	</row3>
				</transform>
			</node>
			<node>
				<identifier>	HP_FX_Flood_water_left_2	</identifier>
				<transform>
					<row0>	-1.0000 0.0000 0.0000 0.0000	</row0>
					<row1>	0.0000 1.0000 0.0000 0.0000	</row1>
					<row2>	0.0000 0.0000 -1.0000 0.0000	</row2>
					<row3>	-0.5131 0.1014 0.3389 1.0000	</row3>
				</transform>
			</node>
			<node>
				<identifier>	HP_FX_Flood_water_right_2	</identifier>
				<transform>
					<row0>	1.0000 0.0000 0.0000 0.0000	</row0>
					<row1>	0.0000 1.0000 0.0000 0.0000	</row1>
					<row2>	0.0000 0.0000 1.0000 0.0000	</row2>
					<row3>	0.5131 0.1018 0.3367 1.0000	</row3>
				</transform>
			</node>
			<node>
				<identifier>	HP_FX_Smoke_1	</identifier>
				<transform>
					<row0>	1.0000 0.0000 0.0000 0.0000	</row0>
					<row1>	0.0000 0.9954 -0.0952 0.0000	</row1>
					<row2>	0.0000 0.0952 0.9954 0.0000	</row2>
					<row3>	0.0000 1.1348 0.3165 1.0000	</row3>
				</transform>
			</node>
			<node>
				<identifier>	HP_Flagpole	</identifier>
				<transform>
					<row0>	0.0000 0.0000 -0.4500 0.0000	</row0>
					<row1>	0.0000 0.4500 0.0000 0.0000	</row1>
					<row2>	0.4500 0.0000 0.0000 0.0000	</row2>
					<row3>	-0.0467 2.0984 0.5933 1.0000	</row3>
				</transform>
			</node>
			<node>
				<identifier>	HP_flag_1	</identifier>
				<transform>
					<row0>	0.9950 -0.0988 0.0135 0.0000	</row0>
					<row1>	0.0988 0.9586 -0.2672 0.0000	</row1>
					<row2>	0.0135 0.2672 0.9636 0.0000	</row2>
					<row3>	0.3117 1.6736 0.7256 1.0000	</row3>
				</transform>
			</node>
			<node>
				<identifier>	HP_flag_2	</identifier>
				<transform>
					<row0>	0.9986 0.0530 -0.0090 0.0000	</row0>
					<row1>	-0.0530 0.9421 -0.3311 0.0000	</row1>
					<row2>	-0.0090 0.3311 0.9435 0.0000	</row2>
					<row3>	-0.3149 1.6744 0.7287 1.0000	</row3>
				</transform>
			</node>
			<node>
				<identifier>	HP_flag_3	</identifier>
				<transform>
					<row0>	0.9999 -0.0111 0.0014 0.0000	</row0>
					<row1>	0.0111 0.9680 -0.2507 0.0000	</row1>
					<row2>	0.0014 0.2507 0.9681 0.0000	</row2>
					<row3>	0.2166 1.6724 0.7247 1.0000	</row3>
				</transform>
			</node>
			<node>
				<identifier>	HP_flag_4	</identifier>
				<transform>
					<row0>	0.9998 -0.0218 0.0033 0.0000	</row0>
					<row1>	0.0218 0.9542 -0.2982 0.0000	</row1>
					<row2>	0.0033 0.2982 0.9545 0.0000	</row2>
					<row3>	-0.2182 1.6731 0.7269 1.0000	</row3>
				</transform>
			</node>
			<node>
				<identifier>	HP_flag_courtesy	</identifier>
				<transform>
					<row0>	1.0000 0.0083 -0.0008 0.0000	</row0>
					<row1>	-0.0083 0.9809 -0.1946 0.0000	</row1>
					<row2>	-0.0008 0.1946 0.9809 0.0000	</row2>
					<row3>	0.1890 1.9599 0.7140 1.0000	</row3>
				</transform>
			</node>
			<node>
				<identifier>	HP_flag_house	</identifier>
				<transform>
					<row0>	0.9999 0.0136 -0.0011 0.0000	</row0>
					<row1>	-0.0136 0.9867 -0.1620 0.0000	</row1>
					<row2>	-0.0011 0.1620 0.9868 0.0000	</row2>
					<row3>	-0.1881 1.9598 0.7128 1.0000	</row3>
				</transform>
			</node>
			<node>
				<identifier>	HP_flag_nation	</identifier>
				<transform>
					<row0>	0.9997 0.0241 -0.0034 0.0000	</row0>
					<row1>	-0.0241 0.9597 -0.2798 0.0000	</row1>
					<row2>	-0.0034 0.2798 0.9600 0.0000	</row2>
					<row3>	0.0007 2.1739 0.4807 1.0000	</row3>
				</transform>
			</node>
			<node>
				<identifier>	MP_BM001_Paravane	</identifier>
				<transform>
					<row0>	-0.2163 0.9763 -0.0083 0.0000	</row0>
					<row1>	0.9756 0.2164 0.0375 0.0000	</row1>
					<row2>	0.0384 0.0000 -0.9993 0.0000	</row2>
					<row3>	0.3218 0.6070 2.2097 1.0000	</row3>
				</transform>
			</node>
			<node>
				<identifier>	MP_BM001_Paravane_INDEX_1	</identifier>
				<transform>
					<row0>	-0.2164 -0.9763 0.0000 0.0000	</row0>
					<row1>	-0.9763 0.2164 0.0000 0.0000	</row1>
					<row2>	0.0000 0.0000 -1.0000 0.0000	</row2>
					<row3>	-0.3359 0.6070 1.5173 1.0000	</row3>
				</transform>
			</node>
			<node>
				<identifier>	MP_BM001_Paravane_INDEX_2	</identifier>
				<transform>
					<row0>	-0.2163 -0.9763 0.0083 0.0000	</row0>
					<row1>	-0.9756 0.2164 0.0375 0.0000	</row1>
					<row2>	-0.0384 0.0000 -0.9993 0.0000	</row2>
					<row3>	-0.3218 0.6070 2.2097 1.0000	</row3>
				</transform>
			</node>
			<node>
				<identifier>	MP_BM001_Paravane_INDEX_3	</identifier>
				<transform>
					<row0>	-0.1822 0.9833 0.0000 0.0000	</row0>
					<row1>	0.9833 0.1822 0.0000 0.0000	</row1>
					<row2>	0.0000 0.0000 -1.0000 0.0000	</row2>
					<row3>	0.3357 0.5977 1.3919 1.0000	</row3>
				</transform>
			</node>
			<node>
				<identifier>	MP_BM004_Reels	</identifier>
				<transform>
					<row0>	0.6449 0.0256 0.7638 0.0000	</row0>
					<row1>	-0.0104 0.9996 -0.0248 0.0000	</row1>
					<row2>	-0.7642 0.0081 0.6449 0.0000	</row2>
					<row3>	-0.1641 0.4011 3.2694 1.0000	</row3>
				</transform>
			</node>
			<node>
				<identifier>	MP_BM004_Reels_INDEX_1	</identifier>
				<transform>
					<row0>	0.6434 -0.0191 -0.7653 0.0000	</row0>
					<row1>	0.0212 0.9998 -0.0071 0.0000	</row1>
					<row2>	0.7652 -0.0116 0.6437 0.0000	</row2>
					<row3>	0.2677 0.3976 3.1397 1.0000	</row3>
				</transform>
			</node>
			<node>
				<identifier>	MP_BM004_Reels_INDEX_2	</identifier>
				<transform>
					<row0>	0.6561 0.0000 0.7547 0.0000	</row0>
					<row1>	0.0000 1.0000 0.0000 0.0000	</row1>
					<row2>	-0.7547 0.0000 0.6561 0.0000	</row2>
					<row3>	-0.1969 0.5373 2.7023 1.0000	</row3>
				</transform>
			</node>
			<node>
				<identifier>	MP_BM004_Reels_INDEX_3	</identifier>
				<transform>
					<row0>	0.6449 -0.0256 -0.7638 0.0000	</row0>
					<row1>	0.0165 0.9997 -0.0196 0.0000	</row1>
					<row2>	0.7641 0.0000 0.6451 0.0000	</row2>
					<row3>	0.2063 0.3998 3.2194 1.0000	</row3>
				</transform>
			</node>
			<node>
				<identifier>	MP_BM019_Reels_1	</identifier>
				<transform>
					<row0>	0.0260 0.0000 -0.6695 0.0000	</row0>
					<row1>	0.7494 0.0000 0.0291 0.0000	</row1>
					<row2>	0.0000 -0.7500 0.0000 0.0000	</row2>
					<row3>	0.2971 0.5069 2.4185 1.0000	</row3>
				</transform>
			</node>
			<node>
				<identifier>	MP_BM019_Reels_1_INDEX_1	</identifier>
				<transform>
					<row0>	-0.5500 0.0000 0.0000 0.0000	</row0>
					<row1>	0.0000 0.0000 -0.4500 0.0000	</row1>
					<row2>	0.0000 -0.4500 0.0000 0.0000	</row2>
					<row3>	-0.3535 0.3769 0.0674 1.0000	</row3>
				</transform>
			</node>
			<node>
				<identifier>	MP_BM019_Reels_1_INDEX_10	</identifier>
				<transform>
					<row0>	0.2903 0.0000 -0.3438 0.0000	</row0>
					<row1>	0.3820 0.0000 0.3226 0.0000	</row1>
					<row2>	0.0000 -0.5000 0.0000 0.0000	</row2>
					<row3>	0.2425 0.4902 3.1219 1.0000	</row3>
				</transform>
			</node>
			<node>
				<identifier>	MP_BM019_Reels_1_INDEX_11	</identifier>
				<transform>
					<row0>	0.0000 0.0000 0.9000 0.0000	</row0>
					<row1>	-0.6700 0.0000 0.0000 0.0000	</row1>
					<row2>	0.0000 -0.6700 0.0000 0.0000	</row2>
					<row3>	-0.3195 0.5136 1.3974 1.0000	</row3>
				</transform>
			</node>
			<node>
				<identifier>	MP_BM019_Reels_1_INDEX_12	</identifier>
				<transform>
					<row0>	0.4500 0.0000 0.0000 0.0000	</row0>
					<row1>	0.0000 0.0000 0.3500 0.0000	</row1>
					<row2>	0.0000 -0.3500 0.0000 0.0000	</row2>
					<row3>	0.3535 0.3802 0.3328 1.0000	</row3>
				</transform>
			</node>
			<node>
				<identifier>	MP_BM019_Reels_1_INDEX_13	</identifier>
				<transform>
					<row0>	-0.4500 0.0000 0.0000 0.0000	</row0>
					<row1>	0.0000 0.0000 -0.3500 0.0000	</row1>
					<row2>	0.0000 -0.3500 0.0000 0.0000	</row2>
					<row3>	0.3702 0.3802 0.9678 1.0000	</row3>
				</transform>
			</node>
			<node>
				<identifier>	MP_BM019_Reels_1_INDEX_14	</identifier>
				<transform>
					<row0>	0.0349 0.0000 0.8993 0.0000	</row0>
					<row1>	-0.6695 0.0000 0.0260 0.0000	</row1>
					<row2>	0.0000 -0.6700 0.0000 0.0000	</row2>
					<row3>	-0.3132 0.5069 2.0037 1.0000	</row3>
				</transform>
			</node>
			<node>
				<identifier>	MP_BM019_Reels_1_INDEX_15	</identifier>
				<transform>
					<row0>	0.0174 0.0000 0.4497 0.0000	</row0>
					<row1>	-0.3997 0.0000 0.0155 0.0000	</row1>
					<row2>	0.0000 -0.4000 0.0000 0.0000	</row2>
					<row3>	-0.2793 0.4986 2.8950 1.0000	</row3>
				</transform>
			</node>
			<node>
				<identifier>	MP_BM019_Reels_1_INDEX_16	</identifier>
				<transform>
					<row0>	0.0119 0.0000 -0.3075 0.0000	</row0>
					<row1>	0.3997 0.0000 0.0155 0.0000	</row1>
					<row2>	0.0000 -0.4000 0.0000 0.0000	</row2>
					<row3>	0.2746 0.5114 2.9977 1.0000	</row3>
				</transform>
			</node>
			<node>
				<identifier>	MP_BM019_Reels_1_INDEX_17	</identifier>
				<transform>
					<row0>	0.0000 0.0000 -0.6700 0.0000	</row0>
					<row1>	0.7500 0.0000 0.0000 0.0000	</row1>
					<row2>	0.0000 -0.7500 0.0000 0.0000	</row2>
					<row3>	0.3195 0.5136 1.4007 1.0000	</row3>
				</transform>
			</node>
			<node>
				<identifier>	MP_BM019_Reels_1_INDEX_2	</identifier>
				<transform>
					<row0>	-0.4500 0.0000 0.0000 0.0000	</row0>
					<row1>	0.0000 0.0000 -0.3500 0.0000	</row1>
					<row2>	0.0000 -0.3500 0.0000 0.0000	</row2>
					<row3>	-0.3702 0.3802 0.9678 1.0000	</row3>
				</transform>
			</node>
			<node>
				<identifier>	MP_BM019_Reels_1_INDEX_3	</identifier>
				<transform>
					<row0>	0.4500 0.0000 0.0000 0.0000	</row0>
					<row1>	0.0000 0.0000 0.3500 0.0000	</row1>
					<row2>	0.0000 -0.3500 0.0000 0.0000	</row2>
					<row3>	-0.3535 0.3402 0.3328 1.0000	</row3>
				</transform>
			</node>
			<node>
				<identifier>	MP_BM019_Reels_1_INDEX_4	</identifier>
				<transform>
					<row0>	0.0119 0.0000 -0.3075 0.0000	</row0>
					<row1>	0.3997 0.0000 0.0155 0.0000	</row1>
					<row2>	0.0000 -0.4000 0.0000 0.0000	</row2>
					<row3>	0.2737 0.4850 3.0222 1.0000	</row3>
				</transform>
			</node>
			<node>
				<identifier>	MP_BM019_Reels_1_INDEX_5	</identifier>
				<transform>
					<row0>	0.4500 0.0000 0.0000 0.0000	</row0>
					<row1>	0.0000 0.0000 0.3500 0.0000	</row1>
					<row2>	0.0000 -0.3500 0.0000 0.0000	</row2>
					<row3>	-0.3535 0.3802 0.3328 1.0000	</row3>
				</transform>
			</node>
			<node>
				<identifier>	MP_BM019_Reels_1_INDEX_6	</identifier>
				<transform>
					<row0>	0.4500 0.0000 0.0000 0.0000	</row0>
					<row1>	0.0000 0.0000 0.3500 0.0000	</row1>
					<row2>	0.0000 -0.3500 0.0000 0.0000	</row2>
					<row3>	0.3535 0.3402 0.3328 1.0000	</row3>
				</transform>
			</node>
			<node>
				<identifier>	MP_BM019_Reels_1_INDEX_7	</identifier>
				<transform>
					<row0>	0.0174 0.0000 0.4497 0.0000	</row0>
					<row1>	-0.4996 0.0000 0.0194 0.0000	</row1>
					<row2>	0.0000 -0.5000 0.0000 0.0000	</row2>
					<row3>	-0.2729 0.5136 3.0611 1.0000	</row3>
				</transform>
			</node>
			<node>
				<identifier>	MP_BM019_Reels_1_INDEX_8	</identifier>
				<transform>
					<row0>	-0.5500 0.0000 0.0000 0.0000	</row0>
					<row1>	0.0000 0.0000 -0.4500 0.0000	</row1>
					<row2>	0.0000 -0.4500 0.0000 0.0000	</row2>
					<row3>	0.3535 0.3769 0.0674 1.0000	</row3>
				</transform>
			</node>
			<node>
				<identifier>	MP_BM019_Reels_1_INDEX_9	</identifier>
				<transform>
					<row0>	0.0174 0.0000 0.4497 0.0000	</row0>
					<row1>	-0.4996 0.0000 0.0194 0.0000	</row1>
					<row2>	0.0000 -0.5000 0.0000 0.0000	</row2>
					<row3>	-0.2729 0.4836 3.0611 1.0000	</row3>
				</transform>
			</node>
			<node>
				<identifier>	MP_BM022_Flotanet	</identifier>
				<transform>
					<row0>	0.0000 1.0000 0.0000 0.0000	</row0>
					<row1>	0.9992 0.0000 0.0387 0.0000	</row1>
					<row2>	0.0387 0.0000 -0.9992 0.0000	</row2>
					<row3>	0.2587 0.5975 2.7849 1.0000	</row3>
				</transform>
			</node>
			<node>
				<identifier>	MP_BM022_Flotanet_INDEX_1	</identifier>
				<transform>
					<row0>	0.0000 1.0000 0.0000 0.0000	</row0>
					<row1>	-0.9992 0.0000 0.0387 0.0000	</row1>
					<row2>	0.0349 0.0000 0.8993 0.0000	</row2>
					<row3>	-0.2727 0.7464 2.4331 1.0000	</row3>
				</transform>
			</node>
			<node>
				<identifier>	MP_BM022_Flotanet_INDEX_2	</identifier>
				<transform>
					<row0>	0.0000 1.0000 0.0000 0.0000	</row0>
					<row1>	0.9992 0.0000 0.0387 0.0000	</row1>
					<row2>	0.0349 0.0000 -0.8993 0.0000	</row2>
					<row3>	0.2788 0.7464 2.2753 1.0000	</row3>
				</transform>
			</node>
			<node>
				<identifier>	MP_BM022_Flotanet_INDEX_3	</identifier>
				<transform>
					<row0>	0.0000 1.0000 0.0000 0.0000	</row0>
					<row1>	0.9992 0.0000 0.0387 0.0000	</row1>
					<row2>	0.0349 0.0000 -0.8993 0.0000	</row2>
					<row3>	0.2727 0.7464 2.4331 1.0000	</row3>
				</transform>
			</node>
			<node>
				<identifier>	MP_BM022_Flotanet_INDEX_4	</identifier>
				<transform>
					<row0>	0.0000 1.0000 0.0000 0.0000	</row0>
					<row1>	-0.9992 0.0000 0.0387 0.0000	</row1>
					<row2>	0.0349 0.0000 0.8993 0.0000	</row2>
					<row3>	-0.2788 0.7464 2.2753 1.0000	</row3>
				</transform>
			</node>
			<node>
				<identifier>	MP_BM022_Flotanet_INDEX_5	</identifier>
				<transform>
					<row0>	0.0000 1.0000 0.0000 0.0000	</row0>
					<row1>	-0.9992 0.0000 0.0387 0.0000	</row1>
					<row2>	0.0387 0.0000 0.9992 0.0000	</row2>
					<row3>	-0.2572 0.5975 2.8050 1.0000	</row3>
				</transform>
			</node>
			<node>
				<identifier>	MP_BM038_Helmets	</identifier>
				<transform>
					<row0>	0.0000 0.0000 -1.0000 0.0000	</row0>
					<row1>	0.0000 1.0000 0.0000 0.0000	</row1>
					<row2>	1.0000 0.0000 0.0000 0.0000	</row2>
					<row3>	-0.2937 0.2869 0.2034 1.0000	</row3>
				</transform>
			</node>
			<node>
				<identifier>	MP_BM038_Helmets_INDEX_1	</identifier>
				<transform>
					<row0>	0.0606 0.0000 -0.9982 0.0000	</row0>
					<row1>	0.0000 1.0000 0.0000 0.0000	</row1>
					<row2>	0.9982 0.0000 0.0606 0.0000	</row2>
					<row3>	0.2175 0.7338 1.6066 1.0000	</row3>
				</transform>
			</node>
			<node>
				<identifier>	MP_BM038_Helmets_INDEX_2	</identifier>
				<transform>
					<row0>	1.0000 0.0000 0.0000 0.0000	</row0>
					<row1>	0.0000 1.0000 0.0000 0.0000	</row1>
					<row2>	0.0000 0.0000 1.0000 0.0000	</row2>
					<row3>	-0.1001 0.8904 1.3133 1.0000	</row3>
				</transform>
			</node>
			<node>
				<identifier>	MP_BM038_Helmets_INDEX_3	</identifier>
				<transform>
					<row0>	0.6451 0.0000 -0.7641 0.0000	</row0>
					<row1>	0.0000 1.0000 0.0000 0.0000	</row1>
					<row2>	0.7641 0.0000 0.6451 0.0000	</row2>
					<row3>	0.1446 0.4476 3.2385 1.0000	</row3>
				</transform>
			</node>
			<node>
				<identifier>	MP_BM038_Helmets_INDEX_4	</identifier>
				<transform>
					<row0>	0.6588 0.0000 -0.7523 0.0000	</row0>
					<row1>	0.0000 1.0000 0.0000 0.0000	</row1>
					<row2>	0.7523 0.0000 0.6588 0.0000	</row2>
					<row3>	0.1374 0.6010 2.7004 1.0000	</row3>
				</transform>
			</node>
			<node>
				<identifier>	MP_BM038_Helmets_INDEX_5	</identifier>
				<transform>
					<row0>	-1.0000 0.0000 0.0000 0.0000	</row0>
					<row1>	0.0000 1.0000 0.0000 0.0000	</row1>
					<row2>	0.0000 0.0000 -1.0000 0.0000	</row2>
					<row3>	0.0167 0.7337 1.1075 1.0000	</row3>
				</transform>
			</node>
			<node>
				<identifier>	MP_BM038_Helmets_INDEX_6	</identifier>
				<transform>
					<row0>	0.6451 0.0000 0.7641 0.0000	</row0>
					<row1>	0.0000 1.0000 0.0000 0.0000	</row1>
					<row2>	-0.7641 0.0000 0.6451 0.0000	</row2>
					<row3>	-0.2393 0.4476 3.1263 1.0000	</row3>
				</transform>
			</node>
			<node>
				<identifier>	MP_BM038_Helmets_INDEX_7	</identifier>
				<transform>
					<row0>	0.0000 0.0000 1.0000 0.0000	</row0>
					<row1>	0.0000 1.0000 0.0000 0.0000	</row1>
					<row2>	-1.0000 0.0000 0.0000 0.0000	</row2>
					<row3>	0.2937 0.2869 0.2034 1.0000	</row3>
				</transform>
			</node>
			<node>
				<identifier>	MP_BM038_Helmets_INDEX_8	</identifier>
				<transform>
					<row0>	1.0000 0.0000 0.0000 0.0000	</row0>
					<row1>	0.0000 1.0000 0.0000 0.0000	</row1>
					<row2>	0.0000 0.0000 1.0000 0.0000	</row2>
					<row3>	0.1001 0.8904 1.3133 1.0000	</row3>
				</transform>
			</node>
			<node>
				<identifier>	MP_BM038_Helmets_INDEX_9	</identifier>
				<transform>
					<row0>	0.0606 0.0000 0.9982 0.0000	</row0>
					<row1>	0.0000 1.0000 0.0000 0.0000	</row1>
					<row2>	-0.9982 0.0000 0.0606 0.0000	</row2>
					<row3>	-0.2175 0.7338 1.6066 1.0000	</row3>
				</transform>
			</node>
			<node>
				<identifier>	MP_BM134_Crest_Dido	</identifier>
				<transform>
					<row0>	1.0000 0.0000 0.0000 0.0000	</row0>
					<row1>	0.0000 1.0000 0.0000 0.0000	</row1>
					<row2>	0.0000 0.0000 1.0000 0.0000	</row2>
					<row3>	0.0000 1.0678 1.8966 1.0000	</row3>
				</transform>
			</node>
			<node>
				<identifier>	MP_BM135_Battle_Honours_Dido	</identifier>
				<transform>
					<row0>	-1.0000 0.0000 0.0000 0.0000	</row0>
					<row1>	0.0000 1.0000 0.0000 0.0000	</row1>
					<row2>	0.0000 0.0000 -1.0000 0.0000	</row2>
					<row3>	0.0000 0.5864 0.9442 1.0000	</row3>
				</transform>
			</node>
			<node>
				<identifier>	MP_BM507_Whaler_27ft	</identifier>
				<transform>
					<row0>	1.0000 0.0000 0.0000 0.0000	</row0>
					<row1>	0.0000 1.0000 0.0000 0.0000	</row1>
					<row2>	0.0000 0.0000 1.0000 0.0000	</row2>
					<row3>	-0.4235 0.3718 0.6437 1.0000	</row3>
				</transform>
			</node>
			<node>
				<identifier>	MP_BM507_Whaler_27ft_INDEX_1	</identifier>
				<transform>
					<row0>	1.0000 0.0000 0.0000 0.0000	</row0>
					<row1>	0.0000 1.0000 0.0000 0.0000	</row1>
					<row2>	0.0000 0.0000 1.0000 0.0000	</row2>
					<row3>	0.4235 0.3718 0.6437 1.0000	</row3>
				</transform>
			</node>
			<node>
				<identifier>	MP_BM509_Liferaft_type_20_10ft	</identifier>
				<transform>
					<row0>	0.0000 -1.0000 0.0000 0.0000	</row0>
					<row1>	1.0000 0.0000 0.0000 0.0000	</row1>
					<row2>	0.0000 0.0000 1.0000 0.0000	</row2>
					<row3>	0.0851 0.4711 0.4169 1.0000	</row3>
				</transform>
			</node>
			<node>
				<identifier>	MP_BM509_Liferaft_type_20_10ft_INDEX_1	</identifier>
				<transform>
					<row0>	0.0000 -1.0000 0.0000 0.0000	</row0>
					<row1>	1.0000 0.0000 0.0000 0.0000	</row1>
					<row2>	0.0000 0.0000 1.0000 0.0000	</row2>
					<row3>	0.3202 0.4485 1.5808 1.0000	</row3>
				</transform>
			</node>
			<node>
				<identifier>	MP_BM509_Liferaft_type_20_10ft_INDEX_2	</identifier>
				<transform>
					<row0>	0.0000 1.0000 0.0000 0.0000	</row0>
					<row1>	0.0000 0.0000 1.0000 0.0000	</row1>
					<row2>	1.0000 0.0000 0.0000 0.0000	</row2>
					<row3>	-0.0467 0.5913 2.7447 1.0000	</row3>
				</transform>
			</node>
			<node>
				<identifier>	MP_BM509_Liferaft_type_20_10ft_INDEX_3	</identifier>
				<transform>
					<row0>	0.0000 -1.0000 0.0000 0.0000	</row0>
					<row1>	1.0000 0.0000 0.0000 0.0000	</row1>
					<row2>	0.0000 0.0000 1.0000 0.0000	</row2>
					<row3>	0.1098 0.4711 0.4169 1.0000	</row3>
				</transform>
			</node>
			<node>
				<identifier>	MP_BM509_Liferaft_type_20_10ft_INDEX_4	</identifier>
				<transform>
					<row0>	0.0000 1.0000 0.0000 0.0000	</row0>
					<row1>	-1.0000 0.0000 0.0000 0.0000	</row1>
					<row2>	0.0000 0.0000 1.0000 0.0000	</row2>
					<row3>	-0.0851 0.4711 0.4169 1.0000	</row3>
				</transform>
			</node>
			<node>
				<identifier>	MP_BM509_Liferaft_type_20_10ft_INDEX_5	</identifier>
				<transform>
					<row0>	0.0000 1.0000 0.0000 0.0000	</row0>
					<row1>	-1.0000 0.0000 0.0000 0.0000	</row1>
					<row2>	0.0000 0.0000 1.0000 0.0000	</row2>
					<row3>	-0.3202 0.4485 1.5174 1.0000	</row3>
				</transform>
			</node>
			<node>
				<identifier>	MP_BM509_Liferaft_type_20_10ft_INDEX_6	</identifier>
				<transform>
					<row0>	0.0000 1.0000 0.0000 0.0000	</row0>
					<row1>	-1.0000 0.0000 0.0000 0.0000	</row1>
					<row2>	0.0000 0.0000 1.0000 0.0000	</row2>
					<row3>	-0.1098 0.4711 0.4169 1.0000	</row3>
				</transform>
			</node>
			<node>
				<identifier>	MP_BM509_Liferaft_type_20_10ft_INDEX_7	</identifier>
				<transform>
					<row0>	0.0000 1.0000 0.0000 0.0000	</row0>
					<row1>	0.0000 0.0000 1.0000 0.0000	</row1>
					<row2>	1.0000 0.0000 0.0000 0.0000	</row2>
					<row3>	-0.0467 0.5913 2.7694 1.0000	</row3>
				</transform>
			</node>
			<node>
				<identifier>	MP_BM520_Sailng_Dinghy_14ft	</identifier>
				<transform>
					<row0>	1.0000 0.0000 0.0000 0.0000	</row0>
					<row1>	0.0000 1.0000 0.0000 0.0000	</row1>
					<row2>	0.0000 0.0000 1.0000 0.0000	</row2>
					<row3>	0.4124 0.2638 0.6603 1.0000	</row3>
				</transform>
			</node>
			<node>
				<identifier>	MP_BM520_Sailng_Dinghy_14ft_INDEX_1	</identifier>
				<transform>
					<row0>	1.0000 0.0000 0.0000 0.0000	</row0>
					<row1>	0.0000 1.0000 0.0000 0.0000	</row1>
					<row2>	0.0000 0.0000 1.0000 0.0000	</row2>
					<row3>	-0.4124 0.2638 0.6603 1.0000	</row3>
				</transform>
			</node>
			<node>
				<identifier>	MP_BM600_Sky_lookout	</identifier>
				<transform>
					<row0>	0.8192 0.0000 0.5736 0.0000	</row0>
					<row1>	0.0000 1.0000 0.0000 0.0000	</row1>
					<row2>	-0.5736 0.0000 0.8192 0.0000	</row2>
					<row3>	-0.2274 0.9872 1.1737 1.0000	</row3>
				</transform>
			</node>
			<node>
				<identifier>	MP_BM600_Sky_lookout_INDEX_1	</identifier>
				<transform>
					<row0>	0.8192 0.0000 0.5736 0.0000	</row0>
					<row1>	0.0000 1.0000 0.0000 0.0000	</row1>
					<row2>	-0.5736 0.0000 0.8192 0.0000	</row2>
					<row3>	-0.1910 0.9872 1.1217 1.0000	</row3>
				</transform>
			</node>
			<node>
				<identifier>	MP_BM600_Sky_lookout_INDEX_2	</identifier>
				<transform>
					<row0>	1.0000 0.0000 0.0000 0.0000	</row0>
					<row1>	0.0000 1.0000 0.0000 0.0000	</row1>
					<row2>	0.0000 0.0000 1.0000 0.0000	</row2>
					<row3>	-0.2635 0.9872 1.2373 1.0000	</row3>
				</transform>
			</node>
			<node>
				<identifier>	MP_BM600_Sky_lookout_INDEX_3	</identifier>
				<transform>
					<row0>	-0.8192 0.0000 0.5736 0.0000	</row0>
					<row1>	0.0000 1.0000 0.0000 0.0000	</row1>
					<row2>	-0.5736 0.0000 -0.8192 0.0000	</row2>
					<row3>	0.1910 0.9872 1.1217 1.0000	</row3>
				</transform>
			</node>
			<node>
				<identifier>	MP_BM600_Sky_lookout_INDEX_4	</identifier>
				<transform>
					<row0>	-0.8192 0.0000 0.5736 0.0000	</row0>
					<row1>	0.0000 1.0000 0.0000 0.0000	</row1>
					<row2>	-0.5736 0.0000 -0.8192 0.0000	</row2>
					<row3>	0.2274 0.9872 1.1737 1.0000	</row3>
				</transform>
			</node>
			<node>
				<identifier>	MP_BM600_Sky_lookout_INDEX_5	</identifier>
				<transform>
					<row0>	-1.0000 0.0000 0.0000 0.0000	</row0>
					<row1>	0.0000 1.0000 0.0000 0.0000	</row1>
					<row2>	0.0000 0.0000 -1.0000 0.0000	</row2>
					<row3>	0.2635 0.9872 1.2373 1.0000	</row3>
				</transform>
			</node>
			<node>
				<identifier>	MP_BM602_Pelorus	</identifier>
				<transform>
					<row0>	0.0000 0.0000 -1.0000 0.0000	</row0>
					<row1>	0.0000 1.0000 0.0000 0.0000	</row1>
					<row2>	1.0000 0.0000 0.0000 0.0000	</row2>
					<row3>	0.0000 1.0078 1.8396 1.0000	</row3>
				</transform>
			</node>
			<node>
				<identifier>	MP_BM603_Compass_Binnacle	</identifier>
				<transform>
					<row0>	1.0000 0.0000 0.0000 0.0000	</row0>
					<row1>	0.0000 1.0000 0.0000 0.0000	</row1>
					<row2>	0.0000 0.0000 1.0000 0.0000	</row2>
					<row3>	0.0000 1.0078 1.7542 1.0000	</row3>
				</transform>
			</node>
			<node>
				<identifier>	MP_BM604_Voice_Tube	</identifier>
				<transform>
					<row0>	0.8660 0.0000 -0.5000 0.0000	</row0>
					<row1>	0.0000 1.0000 0.0000 0.0000	</row1>
					<row2>	0.5000 0.0000 0.8660 0.0000	</row2>
					<row3>	-0.1634 0.8438 1.7675 1.0000	</row3>
				</transform>
			</node>
			<node>
				<identifier>	MP_BM604_Voice_Tube_INDEX_1	</identifier>
				<transform>
					<row0>	0.0606 0.0000 -0.9982 0.0000	</row0>
					<row1>	0.0000 1.0000 0.0000 0.0000	</row1>
					<row2>	0.9982 0.0000 0.0606 0.0000	</row2>
					<row3>	0.1659 1.0085 1.7615 1.0000	</row3>
				</transform>
			</node>
			<node>
				<identifier>	MP_BM604_Voice_Tube_INDEX_10	</identifier>
				<transform>
					<row0>	1.0000 0.0000 0.0000 0.0000	</row0>
					<row1>	0.0000 1.0000 0.0000 0.0000	</row1>
					<row2>	0.0000 0.0000 1.0000 0.0000	</row2>
					<row3>	0.0200 1.0078 1.7442 1.0000	</row3>
				</transform>
			</node>
			<node>
				<identifier>	MP_BM604_Voice_Tube_INDEX_11	</identifier>
				<transform>
					<row0>	0.0606 0.0000 -0.9982 0.0000	</row0>
					<row1>	0.0000 1.0000 0.0000 0.0000	</row1>
					<row2>	0.9982 0.0000 0.0606 0.0000	</row2>
					<row3>	0.1497 0.9985 1.8306 1.0000	</row3>
				</transform>
			</node>
			<node>
				<identifier>	MP_BM604_Voice_Tube_INDEX_12	</identifier>
				<transform>
					<row0>	0.6428 0.0000 -0.7660 0.0000	</row0>
					<row1>	0.0000 1.0000 0.0000 0.0000	</row1>
					<row2>	0.7660 0.0000 0.6428 0.0000	</row2>
					<row3>	-0.3135 0.3919 0.2501 1.0000	</row3>
				</transform>
			</node>
			<node>
				<identifier>	MP_BM604_Voice_Tube_INDEX_13	</identifier>
				<transform>
					<row0>	0.0606 0.0000 -0.9982 0.0000	</row0>
					<row1>	0.0000 1.0000 0.0000 0.0000	</row1>
					<row2>	0.9982 0.0000 0.0606 0.0000	</row2>
					<row3>	0.1649 1.0085 1.7781 1.0000	</row3>
				</transform>
			</node>
			<node>
				<identifier>	MP_BM604_Voice_Tube_INDEX_14	</identifier>
				<transform>
					<row0>	0.0606 0.0000 -0.9982 0.0000	</row0>
					<row1>	0.0000 1.0000 0.0000 0.0000	</row1>
					<row2>	0.9982 0.0000 0.0606 0.0000	</row2>
					<row3>	0.1627 1.0085 1.8147 1.0000	</row3>
				</transform>
			</node>
			<node>
				<identifier>	MP_BM604_Voice_Tube_INDEX_15	</identifier>
				<transform>
					<row0>	0.0606 0.0000 0.9982 0.0000	</row0>
					<row1>	0.0000 1.0000 0.0000 0.0000	</row1>
					<row2>	-0.9982 0.0000 0.0606 0.0000	</row2>
					<row3>	-0.1518 0.9985 1.7967 1.0000	</row3>
				</transform>
			</node>
			<node>
				<identifier>	MP_BM604_Voice_Tube_INDEX_16	</identifier>
				<transform>
					<row0>	1.0000 0.0000 0.0000 0.0000	</row0>
					<row1>	0.0000 1.0000 0.0000 0.0000	</row1>
					<row2>	0.0000 0.0000 1.0000 0.0000	</row2>
					<row3>	-0.0200 1.0078 1.8346 1.0000	</row3>
				</transform>
			</node>
			<node>
				<identifier>	MP_BM604_Voice_Tube_INDEX_17	</identifier>
				<transform>
					<row0>	0.8660 0.0000 0.5000 0.0000	</row0>
					<row1>	0.0000 1.0000 0.0000 0.0000	</row1>
					<row2>	-0.5000 0.0000 0.8660 0.0000	</row2>
					<row3>	0.1634 0.8438 1.7675 1.0000	</row3>
				</transform>
			</node>
			<node>
				<identifier>	MP_BM604_Voice_Tube_INDEX_18	</identifier>
				<transform>
					<row0>	0.0606 0.0000 -0.9982 0.0000	</row0>
					<row1>	0.0000 1.0000 0.0000 0.0000	</row1>
					<row2>	0.9982 0.0000 0.0606 0.0000	</row2>
					<row3>	0.1617 1.0085 1.8314 1.0000	</row3>
				</transform>
			</node>
			<node>
				<identifier>	MP_BM604_Voice_Tube_INDEX_19	</identifier>
				<transform>
					<row0>	0.0606 0.0000 0.9982 0.0000	</row0>
					<row1>	0.0000 1.0000 0.0000 0.0000	</row1>
					<row2>	-0.9982 0.0000 0.0606 0.0000	</row2>
					<row3>	-0.1637 1.0085 1.7974 1.0000	</row3>
				</transform>
			</node>
			<node>
				<identifier>	MP_BM604_Voice_Tube_INDEX_2	</identifier>
				<transform>
					<row0>	0.5000 0.0000 0.8660 0.0000	</row0>
					<row1>	0.0000 1.0000 0.0000 0.0000	</row1>
					<row2>	-0.8660 0.0000 0.5000 0.0000	</row2>
					<row3>	-0.2001 0.9878 1.6492 1.0000	</row3>
				</transform>
			</node>
			<node>
				<identifier>	MP_BM604_Voice_Tube_INDEX_20	</identifier>
				<transform>
					<row0>	0.5000 0.0000 -0.8660 0.0000	</row0>
					<row1>	0.0000 1.0000 0.0000 0.0000	</row1>
					<row2>	0.8660 0.0000 0.5000 0.0000	</row2>
					<row3>	0.2001 0.9878 1.6492 1.0000	</row3>
				</transform>
			</node>
			<node>
				<identifier>	MP_BM604_Voice_Tube_INDEX_21	</identifier>
				<transform>
					<row0>	1.0000 0.0000 0.0000 0.0000	</row0>
					<row1>	0.0000 1.0000 0.0000 0.0000	</row1>
					<row2>	0.0000 0.0000 1.0000 0.0000	</row2>
					<row3>	-0.2935 0.6867 1.3340 1.0000	</row3>
				</transform>
			</node>
			<node>
				<identifier>	MP_BM604_Voice_Tube_INDEX_22	</identifier>
				<transform>
					<row0>	1.0000 0.0000 0.0000 0.0000	</row0>
					<row1>	0.0000 1.0000 0.0000 0.0000	</row1>
					<row2>	0.0000 0.0000 1.0000 0.0000	</row2>
					<row3>	0.2435 0.8438 1.4124 1.0000	</row3>
				</transform>
			</node>
			<node>
				<identifier>	MP_BM604_Voice_Tube_INDEX_23	</identifier>
				<transform>
					<row0>	-1.0000 0.0000 0.0000 0.0000	</row0>
					<row1>	0.0000 1.0000 0.0000 0.0000	</row1>
					<row2>	0.0000 0.0000 -1.0000 0.0000	</row2>
					<row3>	-0.0800 0.4029 3.3030 1.0000	</row3>
				</transform>
			</node>
			<node>
				<identifier>	MP_BM604_Voice_Tube_INDEX_24	</identifier>
				<transform>
					<row0>	0.0606 0.0000 -0.9982 0.0000	</row0>
					<row1>	0.0000 1.0000 0.0000 0.0000	</row1>
					<row2>	0.9982 0.0000 0.0606 0.0000	</row2>
					<row3>	0.1539 0.9985 1.7607 1.0000	</row3>
				</transform>
			</node>
			<node>
				<identifier>	MP_BM604_Voice_Tube_INDEX_25	</identifier>
				<transform>
					<row0>	1.0000 0.0000 0.0000 0.0000	</row0>
					<row1>	0.0000 1.0000 0.0000 0.0000	</row1>
					<row2>	0.0000 0.0000 1.0000 0.0000	</row2>
					<row3>	-0.2435 0.8438 1.4124 1.0000	</row3>
				</transform>
			</node>
			<node>
				<identifier>	MP_BM604_Voice_Tube_INDEX_26	</identifier>
				<transform>
					<row0>	0.0606 0.0000 0.9982 0.0000	</row0>
					<row1>	0.0000 1.0000 0.0000 0.0000	</row1>
					<row2>	-0.9982 0.0000 0.0606 0.0000	</row2>
					<row3>	-0.1528 0.9985 1.7800 1.0000	</row3>
				</transform>
			</node>
			<node>
				<identifier>	MP_BM604_Voice_Tube_INDEX_3	</identifier>
				<transform>
					<row0>	1.0000 0.0000 0.0000 0.0000	</row0>
					<row1>	0.0000 1.0000 0.0000 0.0000	</row1>
					<row2>	0.0000 0.0000 1.0000 0.0000	</row2>
					<row3>	0.0200 1.0078 1.8346 1.0000	</row3>
				</transform>
			</node>
			<node>
				<identifier>	MP_BM604_Voice_Tube_INDEX_4	</identifier>
				<transform>
					<row0>	1.0000 0.0000 0.0000 0.0000	</row0>
					<row1>	0.0000 1.0000 0.0000 0.0000	</row1>
					<row2>	0.0000 0.0000 1.0000 0.0000	</row2>
					<row3>	0.2935 0.6867 1.3340 1.0000	</row3>
				</transform>
			</node>
			<node>
				<identifier>	MP_BM604_Voice_Tube_INDEX_5	</identifier>
				<transform>
					<row0>	0.6428 0.0000 0.7660 0.0000	</row0>
					<row1>	0.0000 1.0000 0.0000 0.0000	</row1>
					<row2>	-0.7660 0.0000 0.6428 0.0000	</row2>
					<row3>	0.3135 0.3919 0.2501 1.0000	</row3>
				</transform>
			</node>
			<node>
				<identifier>	MP_BM604_Voice_Tube_INDEX_6	</identifier>
				<transform>
					<row0>	0.0606 0.0000 0.9982 0.0000	</row0>
					<row1>	0.0000 1.0000 0.0000 0.0000	</row1>
					<row2>	-0.9982 0.0000 0.0606 0.0000	</row2>
					<row3>	-0.1648 1.0085 1.7808 1.0000	</row3>
				</transform>
			</node>
			<node>
				<identifier>	MP_BM604_Voice_Tube_INDEX_7	</identifier>
				<transform>
					<row0>	1.0000 0.0000 0.0000 0.0000	</row0>
					<row1>	0.0000 1.0000 0.0000 0.0000	</row1>
					<row2>	0.0000 0.0000 1.0000 0.0000	</row2>
					<row3>	-0.0200 1.0078 1.7442 1.0000	</row3>
				</transform>
			</node>
			<node>
				<identifier>	MP_BM604_Voice_Tube_INDEX_8	</identifier>
				<transform>
					<row0>	1.0000 0.0000 0.0000 0.0000	</row0>
					<row1>	0.0000 1.0000 0.0000 0.0000	</row1>
					<row2>	0.0000 0.0000 1.0000 0.0000	</row2>
					<row3>	0.2034 0.9878 1.2490 1.0000	</row3>
				</transform>
			</node>
			<node>
				<identifier>	MP_BM604_Voice_Tube_INDEX_9	</identifier>
				<transform>
					<row0>	1.0000 0.0000 0.0000 0.0000	</row0>
					<row1>	0.0000 1.0000 0.0000 0.0000	</row1>
					<row2>	0.0000 0.0000 1.0000 0.0000	</row2>
					<row3>	-0.2034 0.9878 1.2490 1.0000	</row3>
				</transform>
			</node>
			<node>
				<identifier>	MP_BM605_Captain_sight	</identifier>
				<transform>
					<row0>	0.0000 0.0000 1.0000 0.0000	</row0>
					<row1>	0.0000 1.0000 0.0000 0.0000	</row1>
					<row2>	-1.0000 0.0000 0.0000 0.0000	</row2>
					<row3>	-0.1601 1.0072 1.6842 1.0000	</row3>
				</transform>
			</node>
			<node>
				<identifier>	MP_BM605_Captain_sight_INDEX_1	</identifier>
				<transform>
					<row0>	0.0000 0.0000 -1.0000 0.0000	</row0>
					<row1>	0.0000 1.0000 0.0000 0.0000	</row1>
					<row2>	1.0000 0.0000 0.0000 0.0000	</row2>
					<row3>	0.1601 1.0072 1.6842 1.0000	</row3>
				</transform>
			</node>
			<node>
				<identifier>	MP_BM606_Searchlight_sight	</identifier>
				<transform>
					<row0>	0.0000 0.0000 -1.0000 0.0000	</row0>
					<row1>	0.0000 1.0000 0.0000 0.0000	</row1>
					<row2>	1.0000 0.0000 0.0000 0.0000	</row2>
					<row3>	0.1980 1.0012 1.3673 1.0000	</row3>
				</transform>
			</node>
			<node>
				<identifier>	MP_BM606_Searchlight_sight_INDEX_1	</identifier>
				<transform>
					<row0>	0.0000 0.0000 -1.0000 0.0000	</row0>
					<row1>	0.0000 1.0000 0.0000 0.0000	</row1>
					<row2>	1.0000 0.0000 0.0000 0.0000	</row2>
					<row3>	0.1876 1.0012 1.5341 1.0000	</row3>
				</transform>
			</node>
			<node>
				<identifier>	MP_BM606_Searchlight_sight_INDEX_2	</identifier>
				<transform>
					<row0>	0.0000 0.0000 1.0000 0.0000	</row0>
					<row1>	0.0000 1.0000 0.0000 0.0000	</row1>
					<row2>	-1.0000 0.0000 0.0000 0.0000	</row2>
					<row3>	-0.1876 1.0012 1.5341 1.0000	</row3>
				</transform>
			</node>
			<node>
				<identifier>	MP_BM606_Searchlight_sight_INDEX_3	</identifier>
				<transform>
					<row0>	0.0000 0.0000 1.0000 0.0000	</row0>
					<row1>	0.0000 1.0000 0.0000 0.0000	</row1>
					<row2>	-1.0000 0.0000 0.0000 0.0000	</row2>
					<row3>	-0.1980 1.0012 1.3673 1.0000	</row3>
				</transform>
			</node>
			<node>
				<identifier>	MP_BM608_Compass_repeater	</identifier>
				<transform>
					<row0>	-0.0412 0.0000 -0.6687 0.0000	</row0>
					<row1>	0.0000 0.6700 0.0000 0.0000	</row1>
					<row2>	0.6687 0.0000 -0.0412 0.0000	</row2>
					<row3>	-0.2339 1.0789 1.3342 1.0000	</row3>
				</transform>
			</node>
			<node>
				<identifier>	MP_BM608_Compass_repeater_INDEX_1	</identifier>
				<transform>
					<row0>	0.0000 0.0000 0.6700 0.0000	</row0>
					<row1>	0.0000 0.6700 0.0000 0.0000	</row1>
					<row2>	-0.6700 0.0000 0.0000 0.0000	</row2>
					<row3>	0.2118 0.9105 1.6862 1.0000	</row3>
				</transform>
			</node>
			<node>
