<ISC032_Michelangelo_1941_Bow_ports.visual>
	<node>
		<identifier>	Scene Root	</identifier>
		<transform>
			<row0>	1.0000 0.0000 0.0000 0.0000	</row0>
			<row1>	0.0000 1.0000 0.0000 0.0000	</row1>
			<row2>	0.0000 0.0000 1.0000 0.0000	</row2>
			<row3>	0.0000 0.0000 0.0000 1.0000	</row3>
		</transform>
		<node>
			<identifier>	Bow_ports	</identifier>
			<transform>
				<row0>	1.0000 0.0000 0.0000 0.0000	</row0>
				<row1>	0.0000 1.0000 0.0000 0.0000	</row1>
				<row2>	0.0000 0.0000 1.0000 0.0000	</row2>
				<row3>	0.0000 0.0000 0.0000 1.0000	</row3>
			</transform>
			<node>
				<identifier>	HP_FX_Death_1	</identifier>
				<transform>
					<row0>	1.0000 0.0000 0.0000 0.0000	</row0>
					<row1>	0.0000 1.0000 0.0000 0.0000	</row1>
					<row2>	0.0000 0.0000 1.0000 0.0000	</row2>
					<row3>	0.0000 0.0000 5.0513 1.0000	</row3>
				</transform>
			</node>
			<node>
				<identifier>	HP_FX_Fire_1	</identifier>
				<transform>
					<row0>	1.0000 0.0000 0.0000 0.0000	</row0>
					<row1>	0.0000 1.0000 0.0000 0.0000	</row1>
					<row2>	0.0000 0.0000 1.0000 0.0000	</row2>
					<row3>	0.0000 0.4423 6.4208 1.0000	</row3>
				</transform>
			</node>
			<node>
				<identifier>	HP_FX_Flood_water_left_2	</identifier>
				<transform>
					<row0>	-0.9937 0.0000 0.1117 0.0000	</row0>
					<row1>	0.0000 1.0000 0.0000 0.0000	</row1>
					<row2>	-0.1117 0.0000 -0.9937 0.0000	</row2>
					<row3>	-0.4004 0.0593 6.0413 1.0000	</row3>
				</transform>
			</node>
			<node>
				<identifier>	HP_FX_Flood_water_right_2	</identifier>
				<transform>
					<row0>	0.9881 0.0000 0.1538 0.0000	</row0>
					<row1>	0.0000 1.0000 0.0000 0.0000	</row1>
					<row2>	-0.1538 0.0000 0.9881 0.0000	</row2>
					<row3>	0.4007 0.0600 6.0413 1.0000	</row3>
				</transform>
			</node>
			<node>
				<identifier>	HP_FX_WakeTrace	</identifier>
				<transform>
					<row0>	1.0000 0.0000 0.0000 0.0000	</row0>
					<row1>	0.0000 1.0000 0.0000 0.0000	</row1>
					<row2>	0.0000 0.0000 1.0000 0.0000	</row2>
					<row3>	0.0000 0.0000 8.6402 1.0000	</row3>
				</transform>
			</node>
			<node>
				<identifier>	HP_IGA_1	</identifier>
				<transform>
					<row0>	1.0000 0.0000 0.0000 0.0000	</row0>
					<row1>	0.0000 1.0000 0.0000 0.0000	</row1>
					<row2>	0.0000 0.0000 1.0000 0.0000	</row2>
					<row3>	-0.3930 0.5562 5.7883 1.0000	</row3>
				</transform>
			</node>
			<node>
				<identifier>	HP_IGA_2	</identifier>
				<transform>
					<row0>	1.0000 0.0000 0.0000 0.0000	</row0>
					<row1>	0.0000 1.0000 0.0000 0.0000	</row1>
					<row2>	0.0000 0.0000 1.0000 0.0000	</row2>
					<row3>	0.3930 0.5562 5.7883 1.0000	</row3>
				</transform>
			</node>
			<node>
				<identifier>	HP_Ship_death_1	</identifier>
				<transform>
					<row0>	1.0000 0.0000 0.0000 0.0000	</row0>
					<row1>	0.0000 1.0000 0.0000 0.0000	</row1>
					<row2>	0.0000 0.0000 1.0000 0.0000	</row2>
					<row3>	0.0000 0.0000 4.9833 1.0000	</row3>
				</transform>
			</node>
			<node>
				<identifier>	MP_CM029_Emergency_Box	</identifier>
				<transform>
					<row0>	0.0000 0.0000 1.0000 0.0000	</row0>
					<row1>	0.0000 1.0000 0.0000 0.0000	</row1>
					<row2>	-1.0000 0.0000 0.0000 0.0000	</row2>
					<row3>	-0.5189 0.5756 5.7214 1.0000	</row3>
				</transform>
			</node>
			<node>
				<identifier>	MP_CM029_Emergency_Box_INDEX_1	</identifier>
				<transform>
					<row0>	0.0000 0.0000 -1.0000 0.0000	</row0>
					<row1>	0.0000 1.0000 0.0000 0.0000	</row1>
					<row2>	1.0000 0.0000 0.0000 0.0000	</row2>
					<row3>	0.5189 0.5756 5.7214 1.0000	</row3>
				</transform>
			</node>
			<node>
				<identifier>	MP_IM026_Reels	</identifier>
				<transform>
					<row0>	1.0000 0.0000 0.0000 0.0000	</row0>
					<row1>	0.0000 1.0000 0.0000 0.0000	</row1>
					<row2>	0.0000 0.0000 1.0000 0.0000	</row2>
					<row3>	-0.2110 0.4557 5.3695 1.0000	</row3>
				</transform>
			</node>
			<node>
				<identifier>	MP_IM026_Reels_INDEX_1	</identifier>
				<transform>
					<row0>	0.8594 0.0000 0.5113 0.0000	</row0>
					<row1>	0.0000 1.0000 0.0000 0.0000	</row1>
					<row2>	-0.5113 0.0000 0.8594 0.0000	</row2>
					<row3>	-0.4980 0.4557 5.3057 1.0000	</row3>
				</transform>
			</node>
			<node>
				<identifier>	MP_IM026_Reels_INDEX_2	</identifier>
				<transform>
					<row0>	0.8594 0.0000 -0.5113 0.0000	</row0>
					<row1>	0.0000 1.0000 0.0000 0.0000	</row1>
					<row2>	0.5113 0.0000 0.8594 0.0000	</row2>
					<row3>	0.4980 0.4557 5.3057 1.0000	</row3>
				</transform>
			</node>
			<node>
				<identifier>	MP_IM026_Reels_INDEX_3	</identifier>
				<transform>
					<row0>	1.0000 0.0000 0.0000 0.0000	</row0>
					<row1>	0.0000 1.0000 0.0000 0.0000	</row1>
					<row2>	0.0000 0.0000 1.0000 0.0000	</row2>
					<row3>	0.2110 0.4557 5.3695 1.0000	</row3>
				</transform>
			</node>
			<node>
				<identifier>	MP_IM031_Fire_Fighting	</identifier>
				<transform>
					<row0>	0.0000 0.0000 1.0000 0.0000	</row0>
					<row1>	0.0000 1.0000 0.0000 0.0000	</row1>
					<row2>	-1.0000 0.0000 0.0000 0.0000	</row2>
					<row3>	0.0000 0.5049 7.7993 1.0000	</row3>
				</transform>
			</node>
			<node>
				<identifier>	MP_IM082_Arms_Michelangelo	</identifier>
				<transform>
					<row0>	1.0000 0.0000 0.0000 0.0000	</row0>
					<row1>	0.0000 1.0000 0.0000 0.0000	</row1>
					<row2>	0.0000 0.0000 1.0000 0.0000	</row2>
					<row3>	0.0000 0.5660 8.8760 1.0000	</row3>
				</transform>
			</node>
			<node>
				<identifier>	MP_IM805_Ventelation	</identifier>
				<transform>
					<row0>	0.8000 0.0000 0.0000 0.0000	</row0>
					<row1>	0.0000 0.8000 0.0000 0.0000	</row1>
					<row2>	0.0000 0.0000 0.8000 0.0000	</row2>
					<row3>	0.4823 0.4614 5.0996 1.0000	</row3>
				</transform>
			</node>
			<node>
				<identifier>	MP_IM805_Ventelation_INDEX_1	</identifier>
				<transform>
					<row0>	0.8000 0.0000 0.0000 0.0000	</row0>
					<row1>	0.0000 0.8000 0.0000 0.0000	</row1>
					<row2>	0.0000 0.0000 0.8000 0.0000	</row2>
					<row3>	-0.4823 0.4614 5.0996 1.0000	</row3>
				</transform>
			</node>
			<node>
				<identifier>	MP_IM805_Ventelation_INDEX_2	</identifier>
				<transform>
					<row0>	1.1000 0.0000 0.0000 0.0000	</row0>
					<row1>	0.0000 1.1000 0.0000 0.0000	</row1>
					<row2>	0.0000 0.0000 1.1000 0.0000	</row2>
					<row3>	0.2773 0.4618 5.2162 1.0000	</row3>
				</transform>
			</node>
			<node>
				<identifier>	MP_IM805_Ventelation_INDEX_3	</identifier>
				<transform>
					<row0>	1.1000 0.0000 0.0000 0.0000	</row0>
					<row1>	0.0000 1.1000 0.0000 0.0000	</row1>
					<row2>	0.0000 0.0000 1.1000 0.0000	</row2>
					<row3>	-0.2773 0.4618 5.2162 1.0000	</row3>
				</transform>
			</node>
			<node>
				<identifier>	MP_IM951_Anchor_up	</identifier>
				<transform>
					<row0>	0.9979 -0.0066 0.0647 0.0000	</row0>
					<row1>	0.0644 0.2406 -0.9685 0.0000	</row1>
					<row2>	-0.0092 0.9706 0.2405 0.0000	</row2>
					<row3>	-0.2312 0.5145 8.3574 1.0000	</row3>
				</transform>
			</node>
			<node>
				<identifier>	MP_IM951_Anchor_up_INDEX_1	</identifier>
				<transform>
					<row0>	0.9945 -0.0146 -0.1040 0.0000	</row0>
					<row1>	-0.0972 0.2474 -0.9640 0.0000	</row1>
					<row2>	0.0398 0.9688 0.2446 0.0000	</row2>
					<row3>	0.3232 0.4932 7.8532 1.0000	</row3>
				</transform>
			</node>
			<node>
				<identifier>	MP_IM951_Anchor_up_INDEX_2	</identifier>
				<transform>
					<row0>	0.9979 0.0066 -0.0647 0.0000	</row0>
					<row1>	-0.0644 0.2406 -0.9685 0.0000	</row1>
					<row2>	0.0092 0.9706 0.2405 0.0000	</row2>
					<row3>	0.2312 0.5145 8.3574 1.0000	</row3>
				</transform>
			</node>
			<node>
				<identifier>	MP_IM952_Anchor_Bottom	</identifier>
				<transform>
					<row0>	0.9137 0.1059 -0.3924 0.0000	</row0>
					<row1>	-0.4063 0.2161 -0.8878 0.0000	</row1>
					<row2>	-0.0092 0.9706 0.2405 0.0000	</row2>
					<row3>	-0.2312 0.5145 8.3574 1.0000	</row3>
				</transform>
			</node>
			<node>
				<identifier>	MP_IM952_Anchor_Bottom_INDEX_1	</identifier>
				<transform>
					<row0>	0.9137 -0.1059 0.3924 0.0000	</row0>
					<row1>	0.4063 0.2161 -0.8878 0.0000	</row1>
					<row2>	0.0092 0.9706 0.2405 0.0000	</row2>
					<row3>	0.2312 0.5145 8.3574 1.0000	</row3>
				</transform>
			</node>
			<node>
				<identifier>	MP_IM952_Anchor_Bottom_INDEX_2	</identifier>
				<transform>
					<row0>	0.9266 -0.1295 0.3530 0.0000	</row0>
					<row1>	0.3736 0.2113 -0.9032 0.0000	</row1>
					<row2>	0.0424 0.9688 0.2442 0.0000	</row2>
					<row3>	0.3235 0.4932 7.8528 1.0000	</row3>
				</transform>
			</node>
			<node>
				<identifier>	SP_YMS001_YHBM_M_1	</identifier>
				<transform>
					<row0>	1.1335 0.0000 0.0000 0.0000	</row0>
					<row1>	0.0000 1.1324 0.0511 0.0000	</row1>
					<row2>	0.0000 -0.0511 1.1324 0.0000	</row2>
					<row3>	0.0000 0.5657 8.8157 1.0000	</row3>
				</transform>
			</node>
			<node>
				<identifier>	SP_YMS002_YHBL_M_1	</identifier>
				<transform>
					<row0>	1.0000 0.0000 0.0000 0.0000	</row0>
					<row1>	0.0000 0.9967 -0.0810 0.0000	</row1>
					<row2>	0.0000 0.0810 0.9967 0.0000	</row2>
					<row3>	-0.0133 0.5751 8.8945 1.0000	</row3>
				</transform>
			</node>
			<node>
				<identifier>	SP_YMS003_YHBR_M_1_INDEX_1	</identifier>
				<transform>
					<row0>	1.0000 0.0000 0.0000 0.0000	</row0>
					<row1>	0.0000 0.9967 -0.0810 0.0000	</row1>
					<row2>	0.0000 0.0810 0.9967 0.0000	</row2>
					<row3>	0.0133 0.5751 8.8945 1.0000	</row3>
				</transform>
			</node>
			<node>
				<identifier>	SP_YMS010_YHWM_L_1	</identifier>
				<transform>
					<row0>	0.9344 0.0000 0.0000 0.0000	</row0>
					<row1>	0.0000 0.9344 0.0000 0.0000	</row1>
					<row2>	0.0000 0.0000 0.9344 0.0000	</row2>
					<row3>	0.0000 0.0000 8.8873 1.0000	</row3>
				</transform>
			</node>
			<node>
				<identifier>	SP_YMS011_YHWL_M_1_INDEX_18	</identifier>
				<transform>
					<row0>	0.9340 0.3349 -0.1247 0.0000	</row0>
					<row1>	-0.3326 0.9423 0.0394 0.0000	</row1>
					<row2>	0.1307 0.0047 0.9914 0.0000	</row2>
					<row3>	-0.2102 0.0000 7.3107 1.0000	</row3>
				</transform>
			</node>
			<node>
				<identifier>	SP_YMS011_YHWL_M_1_INDEX_19	</identifier>
				<transform>
					<row0>	0.9276 0.3356 -0.1643 0.0000	</row0>
					<row1>	-0.3310 0.9420 0.0554 0.0000	</row1>
					<row2>	0.1734 0.0030 0.9849 0.0000	</row2>
					<row3>	-0.4591 -0.0039 5.6272 1.0000	</row3>
				</transform>
			</node>
			<node>
				<identifier>	SP_YMS011_YHWL_M_1_INDEX_20	</identifier>
				<transform>
					<row0>	0.9317 0.3352 -0.1403 0.0000	</row0>
					<row1>	-0.3320 0.9421 0.0461 0.0000	</row1>
					<row2>	0.1476 0.0036 0.9890 0.0000	</row2>
					<row3>	-0.3295 -0.0036 6.4678 1.0000	</row3>
				</transform>
			</node>
			<node>
				<identifier>	SP_YMS012_YHWR_M_1_INDEX_11	</identifier>
				<transform>
					<row0>	0.9340 -0.3349 0.1247 0.0000	</row0>
					<row1>	0.3326 0.9423 0.0394 0.0000	</row1>
					<row2>	-0.1307 0.0047 0.9914 0.0000	</row2>
					<row3>	0.2102 0.0000 7.3107 1.0000	</row3>
				</transform>
			</node>
			<node>
				<identifier>	SP_YMS012_YHWR_M_1_INDEX_4	</identifier>
				<transform>
					<row0>	0.9276 -0.3356 0.1643 0.0000	</row0>
					<row1>	0.3310 0.9420 0.0554 0.0000	</row1>
					<row2>	-0.1734 0.0030 0.9849 0.0000	</row2>
					<row3>	0.4591 -0.0039 5.6272 1.0000	</row3>
				</transform>
			</node>
			<node>
				<identifier>	SP_YMS012_YHWR_M_1_INDEX_5	</identifier>
				<transform>
					<row0>	0.9317 -0.3352 0.1403 0.0000	</row0>
					<row1>	0.3320 0.9421 0.0461 0.0000	</row1>
					<row2>	-0.1476 0.0036 0.9890 0.0000	</row2>
					<row3>	0.3295 -0.0036 6.4678 1.0000	</row3>
				</transform>
			</node>
			<node>
				<identifier>	SP_YMS020_YHBU_M_1	</identifier>
				<transform>
					<row0>	1.5816 0.0000 0.0000 0.0000	</row0>
					<row1>	0.0000 1.5816 0.0000 0.0000	</row1>
					<row2>	0.0000 0.0000 1.5816 0.0000	</row2>
					<row3>	0.0000 0.0000 8.5223 1.0000	</row3>
				</transform>
			</node>
			<node>
				<identifier>	SP_YMS025_YSUC_S_1_INDEX_15	</identifier>
				<transform>
					<row0>	0.0000 0.0000 1.0000 0.0000	</row0>
					<row1>	0.0000 1.0000 0.0000 0.0000	</row1>
					<row2>	-1.0000 0.0000 0.0000 0.0000	</row2>
					<row3>	0.0000 0.4614 5.2938 1.0000	</row3>
				</transform>
			</node>
			<node>
				<identifier>	SP_YMS051_YHDL_L_1_INDEX_1	</identifier>
				<transform>
					<row0>	0.9910 0.0046 -0.1337 0.0000	</row0>
					<row1>	-0.0108 0.9989 -0.0458 0.0000	</row1>
					<row2>	0.1334 0.0468 0.9900 0.0000	</row2>
					<row3>	-0.4178 0.4671 7.0891 1.0000	</row3>
				</transform>
			</node>
			<node>
				<identifier>	SP_YMS052_YHDR_L_1	</identifier>
				<transform>
					<row0>	0.9910 -0.0046 0.1337 0.0000	</row0>
					<row1>	0.0108 0.9989 -0.0458 0.0000	</row1>
					<row2>	-0.1334 0.0468 0.9900 0.0000	</row2>
					<row3>	0.4178 0.4671 7.0894 1.0000	</row3>
				</transform>
			</node>
			<node>
				<identifier>	SP_YMS061_YHGH_S_1_INDEX_2	</identifier>
				<transform>
					<row0>	-0.8447 0.0000 0.0000 0.0000	</row0>
					<row1>	0.0000 0.8447 0.0000 0.0000	</row1>
					<row2>	0.0000 0.0000 -0.8447 0.0000	</row2>
					<row3>	-0.3931 0.6007 5.7884 1.0000	</row3>
				</transform>
			</node>
			<node>
				<identifier>	SP_YMS061_YHGH_S_1_INDEX_3	</identifier>
				<transform>
					<row0>	-0.8447 0.0000 0.0000 0.0000	</row0>
					<row1>	0.0000 0.8447 0.0000 0.0000	</row1>
					<row2>	0.0000 0.0000 -0.8447 0.0000	</row2>
					<row3>	0.3931 0.6007 5.7884 1.0000	</row3>
				</transform>
			</node>
			<node>
				<identifier>	SP_YMS072_YHHC_M_1_INDEX_13	</identifier>
				<transform>
					<row0>	-0.1447 0.0107 -0.9894 0.0000	</row0>
					<row1>	-0.2740 0.9604 0.0505 0.0000	</row1>
					<row2>	0.9508 0.2784 -0.1360 0.0000	</row2>
					<row3>	-0.5472 0.1889 5.3617 1.0000	</row3>
				</transform>
			</node>
			<node>
				<identifier>	SP_YMS072_YHHC_M_1_INDEX_14	</identifier>
				<transform>
					<row0>	-0.1447 -0.0107 0.9894 0.0000	</row0>
					<row1>	0.2740 0.9604 0.0505 0.0000	</row1>
					<row2>	-0.9508 0.2784 -0.1360 0.0000	</row2>
					<row3>	0.5472 0.1889 5.3617 1.0000	</row3>
				</transform>
			</node>
			<node>
				<identifier>	SP_YMS080_YHSL_M_1	</identifier>
				<transform>
					<row0>	0.7178 0.2263 -0.0874 0.0000	</row0>
					<row1>	-0.2255 0.7231 0.0202 0.0000	</row1>
					<row2>	0.0895 0.0069 0.7523 0.0000	</row2>
					<row3>	-0.4700 0.2130 5.9612 1.0000	</row3>
				</transform>
			</node>
			<node>
				<identifier>	SP_YMS080_YHSL_M_1_INDEX_2	</identifier>
				<transform>
					<row0>	0.7181 0.2264 -0.0875 0.0000	</row0>
					<row1>	-0.2256 0.7234 0.0202 0.0000	</row1>
					<row2>	0.0895 0.0069 0.7527 0.0000	</row2>
					<row3>	-0.3863 0.2057 6.4974 1.0000	</row3>
				</transform>
			</node>
			<node>
				<identifier>	SP_YMS081_YHSR_M_1	</identifier>
				<transform>
					<row0>	0.7178 -0.2263 0.0874 0.0000	</row0>
					<row1>	0.2255 0.7231 0.0202 0.0000	</row1>
					<row2>	-0.0895 0.0069 0.7523 0.0000	</row2>
					<row3>	0.4700 0.2130 5.9612 1.0000	</row3>
				</transform>
			</node>
			<node>
				<identifier>	SP_YMS081_YHSR_M_1_INDEX_1	</identifier>
				<transform>
					<row0>	0.7181 -0.2264 0.0875 0.0000	</row0>
					<row1>	0.2256 0.7234 0.0202 0.0000	</row1>
					<row2>	-0.0895 0.0069 0.7527 0.0000	</row2>
					<row3>	0.3863 0.2057 6.4974 1.0000	</row3>
				</transform>
			</node>
			<node>
				<identifier>	SP_YMS085_YHSC_S_1_INDEX_3	</identifier>
				<transform>
					<row0>	-0.0551 0.0000 -0.4888 0.0000	</row0>
					<row1>	0.0000 0.4919 0.0000 0.0000	</row1>
					<row2>	0.4888 0.0000 -0.0551 0.0000	</row2>
					<row3>	-0.5724 0.4327 5.8679 1.0000	</row3>
				</transform>
			</node>
			<node>
				<identifier>	SP_YMS085_YHSC_S_1_INDEX_4	</identifier>
				<transform>
					<row0>	-0.0551 0.0000 0.4888 0.0000	</row0>
					<row1>	0.0000 0.4919 0.0000 0.0000	</row1>
					<row2>	-0.4888 0.0000 -0.0551 0.0000	</row2>
					<row3>	0.5724 0.4327 5.8679 1.0000	</row3>
				</transform>
			</node>
		</node>
	</node>
	<boundingBox>
		<min>	-0.0667 -0.0667 -0.0667	</min>
		<max>	0.0667 0.0667 0.0667	</max>
	</boundingBox>
</ISC032_Michelangelo_1941_Bow_ports.visual>
