<WGB023_Depth_Charge_Roller_Track_R_SW.visual>
	<node>
		<identifier>	Scene Root	</identifier>
		<transform>
			<row0>	1.0000 0.0000 0.0000 0.0000	</row0>
			<row1>	0.0000 1.0000 0.0000 0.0000	</row1>
			<row2>	0.0000 0.0000 1.0000 0.0000	</row2>
			<row3>	0.0000 0.0000 0.0000 1.0000	</row3>
		</transform>
		<node>
			<identifier>	WGB022_Depth_Charge_Roller_Track	</identifier>
			<transform>
				<row0>	1.0000 0.0000 0.0000 0.0000	</row0>
				<row1>	0.0000 1.0000 0.0000 0.0000	</row1>
				<row2>	0.0000 0.0000 1.0000 0.0000	</row2>
				<row3>	0.0000 0.0000 0.0000 1.0000	</row3>
			</transform>
			<node>
				<identifier>	HP_Track_1	</identifier>
				<transform>
					<row0>	1.0000 0.0000 0.0000 0.0000	</row0>
					<row1>	0.0000 0.9811 0.1935 0.0000	</row1>
					<row2>	0.0000 -0.1935 0.9811 0.0000	</row2>
					<row3>	-0.0062 0.0355 0.0623 1.0000	</row3>
				</transform>
			</node>
			<node>
				<identifier>	HP_gunFire1	</identifier>
				<transform>
					<row0>	1.0000 0.0000 0.0000 0.0000	</row0>
					<row1>	0.0000 0.9811 0.1935 0.0000	</row1>
					<row2>	0.0000 -0.1935 0.9811 0.0000	</row2>
					<row3>	-0.0062 0.0415 0.0317 1.0000	</row3>
				</transform>
			</node>
			<node>
				<identifier>	HP_gunFire2	</identifier>
				<transform>
					<row0>	1.0000 0.0000 0.0000 0.0000	</row0>
					<row1>	0.0000 0.9811 0.1935 0.0000	</row1>
					<row2>	0.0000 -0.1935 0.9811 0.0000	</row2>
					<row3>	-0.0062 0.0480 0.0041 1.0000	</row3>
				</transform>
			</node>
			<node>
				<identifier>	HP_gunFire3	</identifier>
				<transform>
					<row0>	1.0000 0.0000 0.0000 0.0000	</row0>
					<row1>	0.0000 0.9811 0.1935 0.0000	</row1>
					<row2>	0.0000 -0.1935 0.9811 0.0000	</row2>
					<row3>	-0.0062 0.0545 -0.0235 1.0000	</row3>
				</transform>
			</node>
		</node>
	</node>
	<renderSet>
		<treatAsWorldSpaceObject>	false	</treatAsWorldSpaceObject>
		<node>	WGB022_Depth_Charge_Roller_Track	</node>
		<geometry>
			<vertices>	WGB022_Depth_Charge_Roller_TrackShape.vertices	</vertices>
			<primitive>	WGB022_Depth_Charge_Roller_TrackShape.indices	</primitive>
			<primitiveGroup>	0
				<material>
					<identifier>	TL2_SHIPMAT_PBS_Gun	</identifier>
					<mfm>	PnFMods/ModsSDK.zip/WSD107_Skane/gun/WGB022_Depth_Charge_Roller_Track_L_SW.mfm	</mfm>
				</material>
			</primitiveGroup>
		</geometry>
	</renderSet>
	<boundingBox>
		<min>	-0.0729 -0.0428 -0.1018	</min>
		<max>	0.0605 0.1328 0.1406	</max>
	</boundingBox>
</WGB023_Depth_Charge_Roller_Track_R_SW.visual>
