<BSA007_Indomitable_1944_Stern_ports.visual>
	<node>
		<identifier>	Scene Root	</identifier>
		<transform>
			<row0>	1.0000 0.0000 0.0000 0.0000	</row0>
			<row1>	0.0000 1.0000 0.0000 0.0000	</row1>
			<row2>	0.0000 0.0000 1.0000 0.0000	</row2>
			<row3>	0.0000 0.0000 0.0000 1.0000	</row3>
		</transform>
		<node>
			<identifier>	Stern_ports	</identifier>
			<transform>
				<row0>	1.0000 0.0000 0.0000 0.0000	</row0>
				<row1>	0.0000 1.0000 0.0000 0.0000	</row1>
				<row2>	0.0000 0.0000 1.0000 0.0000	</row2>
				<row3>	0.0000 0.0000 0.0000 1.0000	</row3>
			</transform>
			<node>
				<identifier>	HP_BGA_32	</identifier>
				<transform>
					<row0>	0.0000 0.0000 1.0000 0.0000	</row0>
					<row1>	0.0000 1.0000 0.0000 0.0000	</row1>
					<row2>	-1.0000 0.0000 0.0000 0.0000	</row2>
					<row3>	-0.5971 0.3278 -6.9399 1.0000	</row3>
				</transform>
			</node>
			<node>
				<identifier>	HP_BGA_33	</identifier>
				<transform>
					<row0>	0.0000 0.0000 -1.0000 0.0000	</row0>
					<row1>	0.0000 1.0000 0.0000 0.0000	</row1>
					<row2>	1.0000 0.0000 0.0000 0.0000	</row2>
					<row3>	0.5971 0.3278 -6.9399 1.0000	</row3>
				</transform>
			</node>
			<node>
				<identifier>	HP_BGA_34	</identifier>
				<transform>
					<row0>	0.0000 0.0000 1.0000 0.0000	</row0>
					<row1>	0.0000 1.0000 0.0000 0.0000	</row1>
					<row2>	-1.0000 0.0000 0.0000 0.0000	</row2>
					<row3>	-0.5681 0.3278 -7.1478 1.0000	</row3>
				</transform>
			</node>
			<node>
				<identifier>	HP_BGA_35	</identifier>
				<transform>
					<row0>	0.0000 0.0000 -1.0000 0.0000	</row0>
					<row1>	0.0000 1.0000 0.0000 0.0000	</row1>
					<row2>	1.0000 0.0000 0.0000 0.0000	</row2>
					<row3>	0.5681 0.3278 -7.1478 1.0000	</row3>
				</transform>
			</node>
			<node>
				<identifier>	HP_BGA_36	</identifier>
				<transform>
					<row0>	0.0000 0.0000 1.0000 0.0000	</row0>
					<row1>	0.0000 1.0000 0.0000 0.0000	</row1>
					<row2>	-1.0000 0.0000 0.0000 0.0000	</row2>
					<row3>	-0.5434 0.3278 -7.3083 1.0000	</row3>
				</transform>
			</node>
			<node>
				<identifier>	HP_BGA_37	</identifier>
				<transform>
					<row0>	0.0000 0.0000 -1.0000 0.0000	</row0>
					<row1>	0.0000 1.0000 0.0000 0.0000	</row1>
					<row2>	1.0000 0.0000 0.0000 0.0000	</row2>
					<row3>	0.5434 0.3278 -7.3083 1.0000	</row3>
				</transform>
			</node>
			<node>
				<identifier>	HP_BGA_38	</identifier>
				<transform>
					<row0>	-0.5000 0.0000 0.8660 0.0000	</row0>
					<row1>	0.0000 1.0000 0.0000 0.0000	</row1>
					<row2>	-0.8660 0.0000 -0.5000 0.0000	</row2>
					<row3>	-0.6938 0.7960 -7.5016 1.0000	</row3>
				</transform>
			</node>
			<node>
				<identifier>	HP_BGA_39	</identifier>
				<transform>
					<row0>	-0.5000 -0.0002 -0.8660 0.0000	</row0>
					<row1>	0.0000 1.0000 -0.0002 0.0000	</row1>
					<row2>	0.8660 0.0000 -0.5000 0.0000	</row2>
					<row3>	0.6938 0.7960 -7.5016 1.0000	</row3>
				</transform>
			</node>
			<node>
				<identifier>	HP_BGA_40	</identifier>
				<transform>
					<row0>	-0.5000 0.0000 0.8660 0.0000	</row0>
					<row1>	0.0000 1.0000 0.0000 0.0000	</row1>
					<row2>	-0.8660 0.0000 -0.5000 0.0000	</row2>
					<row3>	-0.6937 0.7960 -7.6860 1.0000	</row3>
				</transform>
			</node>
			<node>
				<identifier>	HP_BGA_41	</identifier>
				<transform>
					<row0>	-0.5000 -0.0002 -0.8660 0.0000	</row0>
					<row1>	0.0000 1.0000 -0.0002 0.0000	</row1>
					<row2>	0.8660 0.0000 -0.5000 0.0000	</row2>
					<row3>	0.6937 0.7960 -7.6860 1.0000	</row3>
				</transform>
			</node>
			<node>
				<identifier>	HP_BGA_42	</identifier>
				<transform>
					<row0>	-1.0000 0.0000 0.0000 0.0000	</row0>
					<row1>	0.0000 1.0000 0.0000 0.0000	</row1>
					<row2>	0.0000 0.0000 -1.0000 0.0000	</row2>
					<row3>	-0.3950 0.7062 -8.1173 1.0000	</row3>
				</transform>
			</node>
			<node>
				<identifier>	HP_BGA_43	</identifier>
				<transform>
					<row0>	-1.0000 0.0000 0.0000 0.0000	</row0>
					<row1>	0.0000 1.0000 0.0000 0.0000	</row1>
					<row2>	0.0000 0.0000 -1.0000 0.0000	</row2>
					<row3>	-0.2370 0.7062 -8.1173 1.0000	</row3>
				</transform>
			</node>
			<node>
				<identifier>	HP_BGA_44	</identifier>
				<transform>
					<row0>	-1.0000 0.0000 0.0000 0.0000	</row0>
					<row1>	0.0000 1.0000 0.0000 0.0000	</row1>
					<row2>	0.0000 0.0000 -1.0000 0.0000	</row2>
					<row3>	-0.0790 0.7062 -8.1173 1.0000	</row3>
				</transform>
			</node>
			<node>
				<identifier>	HP_BGA_45	</identifier>
				<transform>
					<row0>	-1.0000 0.0000 0.0000 0.0000	</row0>
					<row1>	0.0000 1.0000 0.0000 0.0000	</row1>
					<row2>	0.0000 0.0000 -1.0000 0.0000	</row2>
					<row3>	0.0791 0.7062 -8.1173 1.0000	</row3>
				</transform>
			</node>
			<node>
				<identifier>	HP_BGA_46	</identifier>
				<transform>
					<row0>	-1.0000 0.0000 0.0000 0.0000	</row0>
					<row1>	0.0000 1.0000 0.0000 0.0000	</row1>
					<row2>	0.0000 0.0000 -1.0000 0.0000	</row2>
					<row3>	0.2370 0.7062 -8.1173 1.0000	</row3>
				</transform>
			</node>
			<node>
				<identifier>	HP_BGA_47	</identifier>
				<transform>
					<row0>	-1.0000 0.0000 0.0000 0.0000	</row0>
					<row1>	0.0000 1.0000 0.0000 0.0000	</row1>
					<row2>	0.0000 0.0000 -1.0000 0.0000	</row2>
					<row3>	0.3950 0.7062 -8.1173 1.0000	</row3>
				</transform>
			</node>
			<node>
				<identifier>	HP_BGS_5	</identifier>
				<transform>
					<row0>	-1.0000 0.0000 0.0000 0.0000	</row0>
					<row1>	0.0000 1.0000 0.0000 0.0000	</row1>
					<row2>	0.0000 0.0000 -1.0000 0.0000	</row2>
					<row3>	-0.7917 0.8394 -5.2757 1.0000	</row3>
				</transform>
			</node>
			<node>
				<identifier>	HP_BGS_6	</identifier>
				<transform>
					<row0>	-1.0000 0.0000 0.0000 0.0000	</row0>
					<row1>	0.0000 1.0000 0.0000 0.0000	</row1>
					<row2>	0.0000 0.0000 -1.0000 0.0000	</row2>
					<row3>	0.7917 0.8394 -5.2757 1.0000	</row3>
				</transform>
			</node>
			<node>
				<identifier>	HP_BGS_7	</identifier>
				<transform>
					<row0>	-1.0000 0.0000 0.0000 0.0000	</row0>
					<row1>	0.0000 1.0000 0.0000 0.0000	</row1>
					<row2>	0.0000 0.0000 -1.0000 0.0000	</row2>
					<row3>	-0.7917 0.8394 -5.7636 1.0000	</row3>
				</transform>
			</node>
			<node>
				<identifier>	HP_BGS_8	</identifier>
				<transform>
					<row0>	-1.0000 0.0000 0.0000 0.0000	</row0>
					<row1>	0.0000 1.0000 0.0000 0.0000	</row1>
					<row2>	0.0000 0.0000 -1.0000 0.0000	</row2>
					<row3>	0.7917 0.8394 -5.7636 1.0000	</row3>
				</transform>
			</node>
			<node>
				<identifier>	HP_FX_Death_3	</identifier>
				<transform>
					<row0>	1.0000 0.0000 0.0000 0.0000	</row0>
					<row1>	0.0000 1.0000 0.0000 0.0000	</row1>
					<row2>	0.0000 0.0000 1.0000 0.0000	</row2>
					<row3>	0.0000 0.0000 -5.2326 1.0000	</row3>
				</transform>
			</node>
			<node>
				<identifier>	HP_FX_Fire_4	</identifier>
				<transform>
					<row0>	0.9200 0.1499 -0.3620 0.0000	</row0>
					<row1>	-0.1608 0.9870 0.0000 0.0000	</row1>
					<row2>	0.3573 0.0582 0.9322 0.0000	</row2>
					<row3>	-0.2528 0.9023 -6.9224 1.0000	</row3>
				</transform>
			</node>
			<node>
				<identifier>	HP_FX_Fire_4_side_1	</identifier>
				<transform>
					<row0>	1.0000 0.0000 0.0000 0.0000	</row0>
					<row1>	0.0000 1.0000 0.0000 0.0000	</row1>
					<row2>	0.0000 0.0000 1.0000 0.0000	</row2>
					<row3>	0.6694 0.8208 -7.5417 1.0000	</row3>
				</transform>
			</node>
			<node>
				<identifier>	HP_FX_Flood_steam_right	</identifier>
				<transform>
					<row0>	1.0000 0.0000 0.0000 0.0000	</row0>
					<row1>	0.0000 1.0000 0.0000 0.0000	</row1>
					<row2>	0.0000 0.0000 1.0000 0.0000	</row2>
					<row3>	0.7516 0.8786 -6.6097 1.0000	</row3>
				</transform>
			</node>
			<node>
				<identifier>	HP_FX_Flood_water_left	</identifier>
				<transform>
					<row0>	-1.0000 0.0000 0.0000 0.0000	</row0>
					<row1>	0.0000 1.0000 0.0000 0.0000	</row1>
					<row2>	0.0000 0.0000 -1.0000 0.0000	</row2>
					<row3>	-0.6345 0.0117 -5.2538 1.0000	</row3>
				</transform>
			</node>
			<node>
				<identifier>	HP_FX_Flood_water_right	</identifier>
				<transform>
					<row0>	1.0000 0.0000 0.0000 0.0000	</row0>
					<row1>	0.0000 1.0000 0.0000 0.0000	</row1>
					<row2>	0.0000 0.0000 1.0000 0.0000	</row2>
					<row3>	0.6345 0.0118 -5.2542 1.0000	</row3>
				</transform>
			</node>
			<node>
				<identifier>	HP_FX_WakeTraceBack	</identifier>
				<transform>
					<row0>	1.0000 0.0000 0.0000 0.0000	</row0>
					<row1>	0.0000 1.0000 0.0000 0.0000	</row1>
					<row2>	0.0000 0.0000 1.0000 0.0000	</row2>
					<row3>	0.0000 0.0000 -7.5860 1.0000	</row3>
				</transform>
			</node>
			<node>
				<identifier>	HP_FX_WakeTrace_screw_1	</identifier>
				<transform>
					<row0>	1.0000 0.0000 0.0000 0.0000	</row0>
					<row1>	0.0000 1.0000 0.0000 0.0000	</row1>
					<row2>	0.0000 0.0000 1.0000 0.0000	</row2>
					<row3>	-0.4214 -0.4101 -5.4892 1.0000	</row3>
				</transform>
			</node>
			<node>
				<identifier>	HP_FX_WakeTrace_screw_2	</identifier>
				<transform>
					<row0>	1.0000 0.0000 0.0000 0.0000	</row0>
					<row1>	0.0000 1.0000 0.0000 0.0000	</row1>
					<row2>	0.0000 0.0000 1.0000 0.0000	</row2>
					<row3>	0.0000 -0.4308 -6.3695 1.0000	</row3>
				</transform>
			</node>
			<node>
				<identifier>	HP_FX_WakeTrace_screw_3	</identifier>
				<transform>
					<row0>	1.0000 0.0000 0.0000 0.0000	</row0>
					<row1>	0.0000 1.0000 0.0000 0.0000	</row1>
					<row2>	0.0000 0.0000 1.0000 0.0000	</row2>
					<row3>	0.4214 -0.4101 -5.4892 1.0000	</row3>
				</transform>
			</node>
			<node>
				<identifier>	MP_BM004_Reels	</identifier>
				<transform>
					<row0>	-1.0000 0.0000 0.0000 0.0000	</row0>
					<row1>	0.0000 1.0000 0.0000 0.0000	</row1>
					<row2>	0.0000 0.0000 -1.0000 0.0000	</row2>
					<row3>	0.1152 0.3262 -6.6067 1.0000	</row3>
				</transform>
			</node>
			<node>
				<identifier>	MP_BM004_Reels_INDEX_1	</identifier>
				<transform>
					<row0>	-1.0000 0.0000 0.0000 0.0000	</row0>
					<row1>	0.0000 1.0000 0.0000 0.0000	</row1>
					<row2>	0.0000 0.0000 -1.0000 0.0000	</row2>
					<row3>	0.0025 0.3262 -6.6067 1.0000	</row3>
				</transform>
			</node>
			<node>
				<identifier>	MP_BM019_Reels_1	</identifier>
				<transform>
					<row0>	0.0000 0.0000 -1.0000 0.0000	</row0>
					<row1>	0.0000 1.0000 0.0000 0.0000	</row1>
					<row2>	1.0000 0.0000 0.0000 0.0000	</row2>
					<row3>	0.4401 0.3275 -6.5322 1.0000	</row3>
				</transform>
			</node>
			<node>
				<identifier>	MP_BM019_Reels_1_INDEX_1	</identifier>
				<transform>
					<row0>	0.0000 0.0000 1.0000 0.0000	</row0>
					<row1>	0.0000 1.0000 0.0000 0.0000	</row1>
					<row2>	-1.0000 0.0000 0.0000 0.0000	</row2>
					<row3>	-0.4401 0.3275 -6.2651 1.0000	</row3>
				</transform>
			</node>
			<node>
				<identifier>	MP_BM020_Smoke_floats	</identifier>
				<transform>
					<row0>	0.8000 0.0000 0.0000 0.0000	</row0>
					<row1>	0.0000 0.8000 0.0000 0.0000	</row1>
					<row2>	0.0000 0.0000 0.8000 0.0000	</row2>
					<row3>	0.4210 0.3431 -7.4319 1.0000	</row3>
				</transform>
			</node>
			<node>
				<identifier>	MP_BM020_Smoke_floats_INDEX_1	</identifier>
				<transform>
					<row0>	0.8000 0.0000 0.0000 0.0000	</row0>
					<row1>	0.0000 0.8000 0.0000 0.0000	</row1>
					<row2>	0.0000 0.0000 0.8000 0.0000	</row2>
					<row3>	0.3942 0.3431 -7.4971 1.0000	</row3>
				</transform>
			</node>
			<node>
				<identifier>	MP_BM020_Smoke_floats_INDEX_2	</identifier>
				<transform>
					<row0>	0.8000 0.0000 0.0000 0.0000	</row0>
					<row1>	0.0000 0.8000 0.0000 0.0000	</row1>
					<row2>	0.0000 0.0000 0.8000 0.0000	</row2>
					<row3>	-0.4074 0.3431 -7.4644 1.0000	</row3>
				</transform>
			</node>
			<node>
				<identifier>	MP_BM020_Smoke_floats_INDEX_3	</identifier>
				<transform>
					<row0>	0.8000 0.0000 0.0000 0.0000	</row0>
					<row1>	0.0000 0.8000 0.0000 0.0000	</row1>
					<row2>	0.0000 0.0000 0.8000 0.0000	</row2>
					<row3>	-0.3942 0.3431 -7.4971 1.0000	</row3>
				</transform>
			</node>
			<node>
				<identifier>	MP_BM020_Smoke_floats_INDEX_4	</identifier>
				<transform>
					<row0>	0.8000 0.0000 0.0000 0.0000	</row0>
					<row1>	0.0000 0.8000 0.0000 0.0000	</row1>
					<row2>	0.0000 0.0000 0.8000 0.0000	</row2>
					<row3>	-0.4210 0.3431 -7.4319 1.0000	</row3>
				</transform>
			</node>
			<node>
				<identifier>	MP_BM020_Smoke_floats_INDEX_5	</identifier>
				<transform>
					<row0>	0.8000 0.0000 0.0000 0.0000	</row0>
					<row1>	0.0000 0.8000 0.0000 0.0000	</row1>
					<row2>	0.0000 0.0000 0.8000 0.0000	</row2>
					<row3>	0.4075 0.3431 -7.4646 1.0000	</row3>
				</transform>
			</node>
			<node>
				<identifier>	MP_BM527_Liferaft_type_20_8ft	</identifier>
				<transform>
					<row0>	0.1281 0.0006 -0.9918 0.0000	</row0>
					<row1>	0.9274 0.3544 0.1200 0.0000	</row1>
					<row2>	0.3515 -0.9351 0.0448 0.0000	</row2>
					<row3>	-0.7947 0.6189 -6.2037 1.0000	</row3>
				</transform>
			</node>
			<node>
				<identifier>	MP_BM527_Liferaft_type_20_8ft_INDEX_1	</identifier>
				<transform>
					<row0>	0.1281 0.0006 -0.9918 0.0000	</row0>
					<row1>	0.9274 0.3544 0.1200 0.0000	</row1>
					<row2>	0.3515 -0.9351 0.0448 0.0000	</row2>
					<row3>	-0.8208 0.6186 -6.2071 1.0000	</row3>
				</transform>
			</node>
			<node>
				<identifier>	MP_BM527_Liferaft_type_20_8ft_INDEX_2	</identifier>
				<transform>
					<row0>	-0.1185 0.0033 0.9929 0.0000	</row0>
					<row1>	-0.9222 -0.3710 -0.1088 0.0000	</row1>
					<row2>	0.3681 -0.9286 0.0470 0.0000	</row2>
					<row3>	-0.7848 0.6242 -6.3675 1.0000	</row3>
				</transform>
			</node>
			<node>
				<identifier>	MP_BM527_Liferaft_type_20_8ft_INDEX_3	</identifier>
				<transform>
					<row0>	0.1281 -0.0006 0.9918 0.0000	</row0>
					<row1>	-0.9274 0.3544 0.1200 0.0000	</row1>
					<row2>	-0.3515 -0.9351 0.0448 0.0000	</row2>
					<row3>	0.7947 0.6189 -6.2037 1.0000	</row3>
				</transform>
			</node>
			<node>
				<identifier>	MP_BM527_Liferaft_type_20_8ft_INDEX_4	</identifier>
				<transform>
					<row0>	0.1281 -0.0006 0.9918 0.0000	</row0>
					<row1>	-0.9274 0.3544 0.1200 0.0000	</row1>
					<row2>	-0.3515 -0.9351 0.0448 0.0000	</row2>
					<row3>	0.8208 0.6186 -6.2071 1.0000	</row3>
				</transform>
			</node>
			<node>
				<identifier>	MP_BM527_Liferaft_type_20_8ft_INDEX_5	</identifier>
				<transform>
					<row0>	-0.1185 -0.0033 -0.9929 0.0000	</row0>
					<row1>	0.9222 -0.3710 -0.1088 0.0000	</row1>
					<row2>	-0.3681 -0.9286 0.0470 0.0000	</row2>
					<row3>	0.7585 0.6242 -6.3644 1.0000	</row3>
				</transform>
			</node>
			<node>
				<identifier>	MP_BM527_Liferaft_type_20_8ft_INDEX_6	</identifier>
				<transform>
					<row0>	-0.1185 0.0033 0.9929 0.0000	</row0>
					<row1>	-0.9222 -0.3710 -0.1088 0.0000	</row1>
					<row2>	0.3681 -0.9286 0.0470 0.0000	</row2>
					<row3>	-0.7585 0.6242 -6.3644 1.0000	</row3>
				</transform>
			</node>
			<node>
				<identifier>	MP_BM527_Liferaft_type_20_8ft_INDEX_7	</identifier>
				<transform>
					<row0>	-0.1185 -0.0033 -0.9929 0.0000	</row0>
					<row1>	0.9222 -0.3710 -0.1088 0.0000	</row1>
					<row2>	-0.3681 -0.9286 0.0470 0.0000	</row2>
					<row3>	0.7848 0.6242 -6.3675 1.0000	</row3>
				</transform>
			</node>
			<node>
				<identifier>	MP_BM532_Denton_raft	</identifier>
				<transform>
					<row0>	0.4698 0.0000 0.8828 0.0000	</row0>
					<row1>	0.0000 1.0000 0.0000 0.0000	</row1>
					<row2>	-0.8828 0.0000 0.4698 0.0000	</row2>
					<row3>	0.6264 0.7055 -7.8577 1.0000	</row3>
				</transform>
			</node>
			<node>
				<identifier>	MP_BM532_Denton_raft_INDEX_1	</identifier>
				<transform>
					<row0>	1.0000 0.0000 0.0000 0.0000	</row0>
					<row1>	0.0000 0.0000 1.0000 0.0000	</row1>
					<row2>	0.0000 -1.0000 0.0000 0.0000	</row2>
					<row3>	-0.1067 0.5088 -7.1290 1.0000	</row3>
				</transform>
			</node>
			<node>
				<identifier>	MP_BM532_Denton_raft_INDEX_10	</identifier>
				<transform>
					<row0>	1.0000 0.0000 0.0000 0.0000	</row0>
					<row1>	0.0000 0.0000 1.0000 0.0000	</row1>
					<row2>	0.0000 -1.0000 0.0000 0.0000	</row2>
					<row3>	0.0371 0.5238 -7.1290 1.0000	</row3>
				</transform>
			</node>
			<node>
				<identifier>	MP_BM532_Denton_raft_INDEX_11	</identifier>
				<transform>
					<row0>	1.0000 0.0000 0.0000 0.0000	</row0>
					<row1>	0.0000 0.0000 1.0000 0.0000	</row1>
					<row2>	0.0000 -1.0000 0.0000 0.0000	</row2>
					<row3>	0.1067 0.5238 -7.1290 1.0000	</row3>
				</transform>
			</node>
			<node>
				<identifier>	MP_BM532_Denton_raft_INDEX_12	</identifier>
				<transform>
					<row0>	0.4698 0.0000 -0.8828 0.0000	</row0>
					<row1>	0.0000 1.0000 0.0000 0.0000	</row1>
					<row2>	0.8828 0.0000 0.4698 0.0000	</row2>
					<row3>	-0.6264 0.7055 -7.8577 1.0000	</row3>
				</transform>
			</node>
			<node>
				<identifier>	MP_BM532_Denton_raft_INDEX_13	</identifier>
				<transform>
					<row0>	1.0000 0.0000 0.0000 0.0000	</row0>
					<row1>	0.0000 0.0000 1.0000 0.0000	</row1>
					<row2>	0.0000 -1.0000 0.0000 0.0000	</row2>
					<row3>	-0.1067 0.5238 -7.2129 1.0000	</row3>
				</transform>
			</node>
			<node>
				<identifier>	MP_BM532_Denton_raft_INDEX_14	</identifier>
				<transform>
					<row0>	0.4698 0.0000 -0.8828 0.0000	</row0>
					<row1>	0.0000 1.0000 0.0000 0.0000	</row1>
					<row2>	0.8828 0.0000 0.4698 0.0000	</row2>
					<row3>	-0.5394 0.7055 -8.0212 1.0000	</row3>
				</transform>
			</node>
			<node>
				<identifier>	MP_BM532_Denton_raft_INDEX_15	</identifier>
				<transform>
					<row0>	0.4698 0.0000 -0.8828 0.0000	</row0>
					<row1>	0.0000 1.0000 0.0000 0.0000	</row1>
					<row2>	0.8828 0.0000 0.4698 0.0000	</row2>
					<row3>	-0.5683 0.7055 -7.9669 1.0000	</row3>
				</transform>
			</node>
			<node>
				<identifier>	MP_BM532_Denton_raft_INDEX_16	</identifier>
				<transform>
					<row0>	0.4698 0.0000 0.8828 0.0000	</row0>
					<row1>	0.0000 1.0000 0.0000 0.0000	</row1>
					<row2>	-0.8828 0.0000 0.4698 0.0000	</row2>
					<row3>	0.5394 0.7055 -8.0212 1.0000	</row3>
				</transform>
			</node>
			<node>
				<identifier>	MP_BM532_Denton_raft_INDEX_17	</identifier>
				<transform>
					<row0>	1.0000 0.0000 0.0000 0.0000	</row0>
					<row1>	0.0000 0.0000 1.0000 0.0000	</row1>
					<row2>	0.0000 -1.0000 0.0000 0.0000	</row2>
					<row3>	-0.1067 0.5088 -7.2129 1.0000	</row3>
				</transform>
			</node>
			<node>
				<identifier>	MP_BM532_Denton_raft_INDEX_18	</identifier>
				<transform>
					<row0>	0.4698 0.0000 0.8828 0.0000	</row0>
					<row1>	0.0000 1.0000 0.0000 0.0000	</row1>
					<row2>	-0.8828 0.0000 0.4698 0.0000	</row2>
					<row3>	0.5683 0.7055 -7.9669 1.0000	</row3>
				</transform>
			</node>
			<node>
				<identifier>	MP_BM532_Denton_raft_INDEX_19	</identifier>
				<transform>
					<row0>	1.0000 0.0000 0.0000 0.0000	</row0>
					<row1>	0.0000 0.0000 1.0000 0.0000	</row1>
					<row2>	0.0000 -1.0000 0.0000 0.0000	</row2>
					<row3>	-0.0371 0.5088 -7.1290 1.0000	</row3>
				</transform>
			</node>
			<node>
				<identifier>	MP_BM532_Denton_raft_INDEX_2	</identifier>
				<transform>
					<row0>	1.0000 0.0000 0.0000 0.0000	</row0>
					<row1>	0.0000 0.0000 1.0000 0.0000	</row1>
					<row2>	0.0000 -1.0000 0.0000 0.0000	</row2>
					<row3>	0.1067 0.5088 -7.2129 1.0000	</row3>
				</transform>
			</node>
			<node>
				<identifier>	MP_BM532_Denton_raft_INDEX_3	</identifier>
				<transform>
					<row0>	0.4698 0.0000 0.8828 0.0000	</row0>
					<row1>	0.0000 1.0000 0.0000 0.0000	</row1>
					<row2>	-0.8828 0.0000 0.4698 0.0000	</row2>
					<row3>	0.5975 0.7055 -7.9120 1.0000	</row3>
				</transform>
			</node>
			<node>
				<identifier>	MP_BM532_Denton_raft_INDEX_4	</identifier>
				<transform>
					<row0>	1.0000 0.0000 0.0000 0.0000	</row0>
					<row1>	0.0000 0.0000 1.0000 0.0000	</row1>
					<row2>	0.0000 -1.0000 0.0000 0.0000	</row2>
					<row3>	0.1067 0.5238 -7.2129 1.0000	</row3>
				</transform>
			</node>
			<node>
				<identifier>	MP_BM532_Denton_raft_INDEX_5	</identifier>
				<transform>
					<row0>	1.0000 0.0000 0.0000 0.0000	</row0>
					<row1>	0.0000 0.0000 1.0000 0.0000	</row1>
					<row2>	0.0000 -1.0000 0.0000 0.0000	</row2>
					<row3>	-0.0371 0.5238 -7.1290 1.0000	</row3>
				</transform>
			</node>
			<node>
				<identifier>	MP_BM532_Denton_raft_INDEX_6	</identifier>
				<transform>
					<row0>	1.0000 0.0000 0.0000 0.0000	</row0>
					<row1>	0.0000 0.0000 1.0000 0.0000	</row1>
					<row2>	0.0000 -1.0000 0.0000 0.0000	</row2>
					<row3>	0.1067 0.5088 -7.1290 1.0000	</row3>
				</transform>
			</node>
			<node>
				<identifier>	MP_BM532_Denton_raft_INDEX_7	</identifier>
				<transform>
					<row0>	1.0000 0.0000 0.0000 0.0000	</row0>
					<row1>	0.0000 0.0000 1.0000 0.0000	</row1>
					<row2>	0.0000 -1.0000 0.0000 0.0000	</row2>
					<row3>	0.0371 0.5088 -7.1290 1.0000	</row3>
				</transform>
			</node>
			<node>
				<identifier>	MP_BM532_Denton_raft_INDEX_8	</identifier>
				<transform>
					<row0>	1.0000 0.0000 0.0000 0.0000	</row0>
					<row1>	0.0000 0.0000 1.0000 0.0000	</row1>
					<row2>	0.0000 -1.0000 0.0000 0.0000	</row2>
					<row3>	-0.1067 0.5238 -7.1290 1.0000	</row3>
				</transform>
			</node>
			<node>
				<identifier>	MP_BM532_Denton_raft_INDEX_9	</identifier>
				<transform>
					<row0>	0.4698 0.0000 -0.8828 0.0000	</row0>
					<row1>	0.0000 1.0000 0.0000 0.0000	</row1>
					<row2>	0.8828 0.0000 0.4698 0.0000	</row2>
					<row3>	-0.5975 0.7055 -7.9120 1.0000	</row3>
				</transform>
			</node>
			<node>
				<identifier>	MP_BM542_Liferaft_type_20_8ft	</identifier>
				<transform>
					<row0>	1.0000 0.0000 0.0000 0.0000	</row0>
					<row1>	0.0000 0.9281 0.3724 0.0000	</row1>
					<row2>	0.0000 -0.3724 0.9281 0.0000	</row2>
					<row3>	0.3877 0.6087 -8.1542 1.0000	</row3>
				</transform>
			</node>
			<node>
				<identifier>	MP_BM542_Liferaft_type_20_8ft_INDEX_1	</identifier>
				<transform>
					<row0>	1.0000 0.0000 0.0000 0.0000	</row0>
					<row1>	0.0000 0.9281 0.3724 0.0000	</row1>
					<row2>	0.0000 -0.3724 0.9281 0.0000	</row2>
					<row3>	-0.2860 0.6087 -8.1542 1.0000	</row3>
				</transform>
			</node>
			<node>
				<identifier>	MP_BM542_Liferaft_type_20_8ft_INDEX_2	</identifier>
				<transform>
					<row0>	1.0000 0.0000 0.0000 0.0000	</row0>
					<row1>	0.0000 0.9281 0.3724 0.0000	</row1>
					<row2>	0.0000 -0.3724 0.9281 0.0000	</row2>
					<row3>	0.1658 0.6087 -8.1542 1.0000	</row3>
				</transform>
			</node>
			<node>
				<identifier>	MP_BM542_Liferaft_type_20_8ft_INDEX_3	</identifier>
				<transform>
					<row0>	1.0000 0.0000 0.0000 0.0000	</row0>
					<row1>	0.0000 0.9281 0.3724 0.0000	</row1>
					<row2>	0.0000 -0.3724 0.9281 0.0000	</row2>
					<row3>	-0.0637 0.6087 -8.1542 1.0000	</row3>
				</transform>
			</node>
			<node>
				<identifier>	MP_BM542_Liferaft_type_20_8ft_INDEX_4	</identifier>
				<transform>
					<row0>	1.0000 0.0000 0.0000 0.0000	</row0>
					<row1>	0.0000 0.9281 0.3724 0.0000	</row1>
					<row2>	0.0000 -0.3724 0.9281 0.0000	</row2>
					<row3>	-0.1658 0.6087 -8.1542 1.0000	</row3>
				</transform>
			</node>
			<node>
				<identifier>	MP_BM542_Liferaft_type_20_8ft_INDEX_5	</identifier>
				<transform>
					<row0>	1.0000 0.0000 0.0000 0.0000	</row0>
					<row1>	0.0000 0.9281 0.3724 0.0000	</row1>
					<row2>	0.0000 -0.3724 0.9281 0.0000	</row2>
					<row3>	0.0637 0.6087 -8.1542 1.0000	</row3>
				</transform>
			</node>
			<node>
				<identifier>	MP_BM542_Liferaft_type_20_8ft_INDEX_6	</identifier>
				<transform>
					<row0>	1.0000 0.0000 0.0000 0.0000	</row0>
					<row1>	0.0000 0.9281 0.3724 0.0000	</row1>
					<row2>	0.0000 -0.3724 0.9281 0.0000	</row2>
					<row3>	0.2860 0.6087 -8.1542 1.0000	</row3>
				</transform>
			</node>
			<node>
				<identifier>	MP_BM542_Liferaft_type_20_8ft_INDEX_7	</identifier>
				<transform>
					<row0>	1.0000 0.0000 0.0000 0.0000	</row0>
					<row1>	0.0000 0.9281 0.3724 0.0000	</row1>
					<row2>	0.0000 -0.3724 0.9281 0.0000	</row2>
					<row3>	-0.3877 0.6087 -8.1542 1.0000	</row3>
				</transform>
			</node>
			<node>
				<identifier>	MP_BM543_Denton_raft	</identifier>
				<transform>
					<row0>	0.0000 0.0000 -1.0000 0.0000	</row0>
					<row1>	0.0000 1.0000 0.0000 0.0000	</row1>
					<row2>	1.0000 0.0000 0.0000 0.0000	</row2>
					<row3>	-1.0142 0.7208 -5.7159 1.0000	</row3>
				</transform>
			</node>
			<node>
				<identifier>	MP_BM543_Denton_raft_INDEX_1	</identifier>
				<transform>
					<row0>	0.0000 0.0000 -1.0000 0.0000	</row0>
					<row1>	0.0000 1.0000 0.0000 0.0000	</row1>
					<row2>	1.0000 0.0000 0.0000 0.0000	</row2>
					<row3>	-1.0142 0.7208 -5.5205 1.0000	</row3>
				</transform>
			</node>
			<node>
				<identifier>	MP_BM543_Denton_raft_INDEX_2	</identifier>
				<transform>
					<row0>	0.0000 0.0000 1.0000 0.0000	</row0>
					<row1>	0.0000 1.0000 0.0000 0.0000	</row1>
					<row2>	-1.0000 0.0000 0.0000 0.0000	</row2>
					<row3>	1.0142 0.7208 -5.1299 1.0000	</row3>
				</transform>
			</node>
			<node>
				<identifier>	MP_BM543_Denton_raft_INDEX_3	</identifier>
				<transform>
					<row0>	0.0000 0.0000 1.0000 0.0000	</row0>
					<row1>	0.0000 1.0000 0.0000 0.0000	</row1>
					<row2>	-1.0000 0.0000 0.0000 0.0000	</row2>
					<row3>	1.0142 0.7208 -5.3264 1.0000	</row3>
				</transform>
			</node>
			<node>
				<identifier>	MP_BM543_Denton_raft_INDEX_4	</identifier>
				<transform>
					<row0>	0.0000 0.0000 -1.0000 0.0000	</row0>
					<row1>	0.0000 1.0000 0.0000 0.0000	</row1>
					<row2>	1.0000 0.0000 0.0000 0.0000	</row2>
					<row3>	-1.0142 0.7208 -5.3264 1.0000	</row3>
				</transform>
			</node>
			<node>
				<identifier>	MP_BM543_Denton_raft_INDEX_5	</identifier>
				<transform>
					<row0>	0.0000 0.0000 -1.0000 0.0000	</row0>
					<row1>	0.0000 1.0000 0.0000 0.0000	</row1>
					<row2>	1.0000 0.0000 0.0000 0.0000	</row2>
					<row3>	-1.0142 0.7208 -5.1299 1.0000	</row3>
				</transform>
			</node>
			<node>
				<identifier>	MP_BM543_Denton_raft_INDEX_6	</identifier>
				<transform>
					<row0>	0.0000 0.0000 1.0000 0.0000	</row0>
					<row1>	0.0000 1.0000 0.0000 0.0000	</row1>
					<row2>	-1.0000 0.0000 0.0000 0.0000	</row2>
					<row3>	1.0142 0.7208 -5.7159 1.0000	</row3>
				</transform>
			</node>
			<node>
				<identifier>	MP_BM543_Denton_raft_INDEX_7	</identifier>
				<transform>
					<row0>	0.0000 0.0000 1.0000 0.0000	</row0>
					<row1>	0.0000 1.0000 0.0000 0.0000	</row1>
					<row2>	-1.0000 0.0000 0.0000 0.0000	</row2>
					<row3>	1.0142 0.7208 -5.5205 1.0000	</row3>
				</transform>
			</node>
			<node>
				<identifier>	MP_BM611_Telephone	</identifier>
				<transform>
					<row0>	1.0000 0.0000 0.0000 0.0000	</row0>
					<row1>	0.0000 1.0000 0.0000 0.0000	</row1>
					<row2>	0.0000 0.0000 1.0000 0.0000	</row2>
					<row3>	0.2236 0.4166 -6.5769 1.0000	</row3>
				</transform>
			</node>
			<node>
				<identifier>	MP_BM704_Locker	</identifier>
				<transform>
					<row0>	0.8951 0.0000 -0.4459 0.0000	</row0>
					<row1>	0.0000 1.0000 0.0000 0.0000	</row1>
					<row2>	0.4459 0.0000 0.8951 0.0000	</row2>
					<row3>	-0.4207 0.6933 -7.9817 1.0000	</row3>
				</transform>
			</node>
			<node>
				<identifier>	MP_BM704_Locker_INDEX_1	</identifier>
				<transform>
					<row0>	0.8951 0.0000 0.4459 0.0000	</row0>
					<row1>	0.0000 1.0000 0.0000 0.0000	</row1>
					<row2>	-0.4459 0.0000 0.8951 0.0000	</row2>
					<row3>	0.4207 0.6933 -7.9817 1.0000	</row3>
				</transform>
			</node>
			<node>
				<identifier>	MP_BM704_Locker_INDEX_10	</identifier>
				<transform>
					<row0>	0.1873 0.0000 0.9823 0.0000	</row0>
					<row1>	0.0000 1.0000 0.0000 0.0000	</row1>
					<row2>	-0.9823 0.0000 0.1873 0.0000	</row2>
					<row3>	0.4771 0.3283 -6.9910 1.0000	</row3>
				</transform>
			</node>
			<node>
				<identifier>	MP_BM704_Locker_INDEX_11	</identifier>
				<transform>
					<row0>	0.1873 0.0000 -0.9823 0.0000	</row0>
					<row1>	0.0000 1.0000 0.0000 0.0000	</row1>
					<row2>	0.9823 0.0000 0.1873 0.0000	</row2>
					<row3>	-0.4768 0.3283 -6.9914 1.0000	</row3>
				</transform>
			</node>
			<node>
				<identifier>	MP_BM704_Locker_INDEX_12	</identifier>
				<transform>
					<row0>	1.0000 0.0000 0.0000 0.0000	</row0>
					<row1>	0.0000 1.0000 0.0000 0.0000	</row1>
					<row2>	0.0000 0.0000 1.0000 0.0000	</row2>
					<row3>	-0.2145 0.6933 -7.9900 1.0000	</row3>
				</transform>
			</node>
			<node>
				<identifier>	MP_BM704_Locker_INDEX_13	</identifier>
				<transform>
					<row0>	0.0000 0.0000 -1.0000 0.0000	</row0>
					<row1>	0.0000 1.0000 0.0000 0.0000	</row1>
					<row2>	1.0000 0.0000 0.0000 0.0000	</row2>
					<row3>	-0.5656 0.7614 -7.4930 1.0000	</row3>
				</transform>
			</node>
			<node>
				<identifier>	MP_BM704_Locker_INDEX_14	</identifier>
				<transform>
					<row0>	0.1873 0.0000 -0.9823 0.0000	</row0>
					<row1>	0.0000 1.0000 0.0000 0.0000	</row1>
					<row2>	0.9823 0.0000 0.1873 0.0000	</row2>
					<row3>	-0.4570 0.3283 -7.0886 1.0000	</row3>
				</transform>
			</node>
			<node>
				<identifier>	MP_BM704_Locker_INDEX_15	</identifier>
				<transform>
					<row0>	0.0000 0.0000 1.0000 0.0000	</row0>
					<row1>	0.0000 1.0000 0.0000 0.0000	</row1>
					<row2>	-1.0000 0.0000 0.0000 0.0000	</row2>
					<row3>	0.5656 0.7614 -7.4930 1.0000	</row3>
				</transform>
			</node>
			<node>
				<identifier>	MP_BM704_Locker_INDEX_2	</identifier>
				<transform>
					<row0>	0.0000 0.0000 1.0000 0.0000	</row0>
					<row1>	0.0000 1.0000 0.0000 0.0000	</row1>
					<row2>	-1.0000 0.0000 0.0000 0.0000	</row2>
					<row3>	0.5656 0.7614 -7.5419 1.0000	</row3>
				</transform>
			</node>
			<node>
				<identifier>	MP_BM704_Locker_INDEX_3	</identifier>
				<transform>
					<row0>	0.1873 0.0000 0.9823 0.0000	</row0>
					<row1>	0.0000 1.0000 0.0000 0.0000	</row1>
					<row2>	-0.9823 0.0000 0.1873 0.0000	</row2>
					<row3>	0.4577 0.3283 -7.0887 1.0000	</row3>
				</transform>
			</node>
			<node>
				<identifier>	MP_BM704_Locker_INDEX_4	</identifier>
				<transform>
					<row0>	1.0000 0.0000 0.0000 0.0000	</row0>
					<row1>	0.0000 1.0000 0.0000 0.0000	</row1>
					<row2>	0.0000 0.0000 1.0000 0.0000	</row2>
					<row3>	0.1582 0.6933 -7.9900 1.0000	</row3>
				</transform>
			</node>
			<node>
				<identifier>	MP_BM704_Locker_INDEX_5	</identifier>
				<transform>
					<row0>	0.1873 0.0000 0.9823 0.0000	</row0>
					<row1>	0.0000 1.0000 0.0000 0.0000	</row1>
					<row2>	-0.9823 0.0000 0.1873 0.0000	</row2>
					<row3>	0.4915 0.3283 -6.9139 1.0000	</row3>
				</transform>
			</node>
			<node>
				<identifier>	MP_BM704_Locker_INDEX_6	</identifier>
				<transform>
					<row0>	0.0000 0.0000 -1.0000 0.0000	</row0>
					<row1>	0.0000 1.0000 0.0000 0.0000	</row1>
					<row2>	1.0000 0.0000 0.0000 0.0000	</row2>
					<row3>	-0.5656 0.7614 -7.5419 1.0000	</row3>
				</transform>
			</node>
			<node>
				<identifier>	MP_BM704_Locker_INDEX_7	</identifier>
				<transform>
					<row0>	1.0000 0.0000 0.0000 0.0000	</row0>
					<row1>	0.0000 1.0000 0.0000 0.0000	</row1>
					<row2>	0.0000 0.0000 1.0000 0.0000	</row2>
					<row3>	-0.1582 0.6933 -7.9900 1.0000	</row3>
				</transform>
			</node>
			<node>
				<identifier>	MP_BM704_Locker_INDEX_8	</identifier>
				<transform>
					<row0>	0.1873 0.0000 -0.9823 0.0000	</row0>
					<row1>	0.0000 1.0000 0.0000 0.0000	</row1>
					<row2>	0.9823 0.0000 0.1873 0.0000	</row2>
					<row3>	-0.4908 0.3283 -6.9138 1.0000	</row3>
				</transform>
			</node>
			<node>
				<identifier>	MP_BM704_Locker_INDEX_9	</identifier>
				<transform>
					<row0>	1.0000 0.0000 0.0000 0.0000	</row0>
					<row1>	0.0000 1.0000 0.0000 0.0000	</row1>
					<row2>	0.0000 0.0000 1.0000 0.0000	</row2>
					<row3>	0.2145 0.6933 -7.9900 1.0000	</row3>
				</transform>
			</node>
			<node>
				<identifier>	MP_BM754_Deck_Hatch	</identifier>
				<transform>
					<row0>	-1.0000 0.0000 0.0000 0.0000	</row0>
					<row1>	0.0000 1.0000 0.0000 0.0000	</row1>
					<row2>	0.0000 0.0000 -1.0000 0.0000	</row2>
					<row3>	0.9736 0.8400 -4.9013 1.0000	</row3>
				</transform>
			</node>
			<node>
				<identifier>	MP_BM754_Deck_Hatch_INDEX_1	</identifier>
				<transform>
					<row0>	1.0000 0.0000 0.0000 0.0000	</row0>
					<row1>	0.0000 1.0000 0.0000 0.0000	</row1>
					<row2>	0.0000 0.0000 1.0000 0.0000	</row2>
					<row3>	-0.9733 0.8400 -4.9013 1.0000	</row3>
				</transform>
			</node>
			<node>
				<identifier>	MP_BM760_Hatch	</identifier>
				<transform>
					<row0>	0.0000 0.0000 -1.3000 0.0000	</row0>
					<row1>	0.0000 1.3000 0.0000 0.0000	</row1>
					<row2>	1.3000 0.0000 0.0000 0.0000	</row2>
					<row3>	0.0025 0.3262 -6.8140 1.0000	</row3>
				</transform>
			</node>
			<node>
				<identifier>	MP_BM857_Fog_Light	</identifier>
				<transform>
					<row0>	-1.0000 0.0000 0.0000 0.0000	</row0>
					<row1>	0.0000 1.0000 0.0000 0.0000	</row1>
					<row2>	0.0000 0.0000 -1.0000 0.0000	</row2>
					<row3>	0.0921 0.7180 -8.1931 1.0000	</row3>
				</transform>
			</node>
			<node>
				<identifier>	MP_BM872_Running_Lights_B	</identifier>
				<transform>
					<row0>	-1.0000 0.0000 0.0000 0.0000	</row0>
					<row1>	0.0000 1.0000 0.0000 0.0000	</row1>
					<row2>	0.0000 0.0000 -1.0000 0.0000	</row2>
					<row3>	-0.0417 0.7121 -8.2058 1.0000	</row3>
				</transform>
			</node>
			<node>
				<identifier>	MP_BM952_Bollard	</identifier>
				<transform>
					<row0>	1.1000 0.0000 0.0000 0.0000	</row0>
					<row1>	0.0000 1.1000 0.0000 0.0000	</row1>
					<row2>	0.0000 0.0000 1.1000 0.0000	</row2>
					<row3>	-0.1441 0.3340 -7.0982 1.0000	</row3>
				</transform>
			</node>
			<node>
				<identifier>	MP_BM952_Bollard_INDEX_1	</identifier>
				<transform>
					<row0>	1.1000 0.0000 0.0000 0.0000	</row0>
					<row1>	0.0000 1.1000 0.0000 0.0000	</row1>
					<row2>	0.0000 0.0000 1.1000 0.0000	</row2>
					<row3>	0.1441 0.3340 -7.0982 1.0000	</row3>
				</transform>
			</node>
			<node>
				<identifier>	MP_BM974_Winch_for_provisions_R	</identifier>
				<transform>
					<row0>	-1.3000 0.0000 0.0000 0.0000	</row0>
					<row1>	0.0000 1.3000 0.0000 0.0000	</row1>
					<row2>	0.0000 0.0000 -1.3000 0.0000	</row2>
					<row3>	-0.4446 0.3275 -6.1352 1.0000	</row3>
				</transform>
			</node>
			<node>
				<identifier>	MP_BM975_Winch_for_provisions_L	</identifier>
				<transform>
					<row0>	-1.3000 0.0000 0.0000 0.0000	</row0>
					<row1>	0.0000 1.3000 0.0000 0.0000	</row1>
					<row2>	0.0000 0.0000 -1.3000 0.0000	</row2>
					<row3>	-0.2144 0.3275 -6.8057 1.0000	</row3>
				</transform>
			</node>
			<node>
				<identifier>	MP_BM975_Winch_for_provisions_L_INDEX_1	</identifier>
				<transform>
					<row0>	-1.3000 0.0000 0.0000 0.0000	</row0>
					<row1>	0.0000 1.3000 0.0000 0.0000	</row1>
					<row2>	0.0000 0.0000 -1.3000 0.0000	</row2>
					<row3>	0.4446 0.3275 -6.1352 1.0000	</row3>
				</transform>
			</node>
			<node>
				<identifier>	MP_CM001_Propeller3_L	</identifier>
				<transform>
					<row0>	1.1507 0.0000 0.0000 0.0000	</row0>
					<row1>	0.0000 1.1503 -0.0313 0.0000	</row1>
					<row2>	0.0000 0.0408 1.4994 0.0000	</row2>
					<row3>	-0.4214 -0.4101 -5.4892 1.0000	</row3>
				</transform>
			</node>
			<node>
				<identifier>	MP_CM011_Fire_Fighting_Gear	</identifier>
				<transform>
					<row0>	1.0000 0.0000 0.0000 0.0000	</row0>
					<row1>	0.0000 1.0000 0.0000 0.0000	</row1>
					<row2>	0.0000 0.0000 1.0000 0.0000	</row2>
					<row3>	0.3623 0.3302 -6.5916 1.0000	</row3>
				</transform>
			</node>
			<node>
				<identifier>	MP_CM011_Fire_Fighting_Gear_INDEX_1	</identifier>
				<transform>
					<row0>	1.0000 0.0000 0.0000 0.0000	</row0>
					<row1>	0.0000 1.0000 0.0000 0.0000	</row1>
					<row2>	0.0000 0.0000 1.0000 0.0000	</row2>
					<row3>	-0.2492 0.3302 -6.5916 1.0000	</row3>
				</transform>
			</node>
			<node>
				<identifier>	MP_CM011_Fire_Fighting_Gear_INDEX_2	</identifier>
				<transform>
					<row0>	0.5000 0.0000 0.8660 0.0000	</row0>
					<row1>	0.0000 1.0000 0.0000 0.0000	</row1>
					<row2>	-0.8660 0.0000 0.5000 0.0000	</row2>
					<row3>	0.8655 0.8408 -4.9899 1.0000	</row3>
				</transform>
			</node>
			<node>
				<identifier>	MP_CM011_Fire_Fighting_Gear_INDEX_3	</identifier>
				<transform>
					<row0>	0.5000 0.0000 -0.8660 0.0000	</row0>
					<row1>	0.0000 1.0000 0.0000 0.0000	</row1>
					<row2>	0.8660 0.0000 0.5000 0.0000	</row2>
					<row3>	-0.8655 0.8408 -4.9899 1.0000	</row3>
				</transform>
			</node>
			<node>
				<identifier>	MP_CM013_Fire_Hose_Rack_2	</identifier>
				<transform>
					<row0>	-0.8660 0.0000 0.5000 0.0000	</row0>
					<row1>	0.0000 1.0000 0.0000 0.0000	</row1>
					<row2>	-0.5000 0.0000 -0.8660 0.0000	</row2>
					<row3>	0.8456 0.8841 -5.0120 1.0000	</row3>
				</transform>
			</node>
			<node>
				<identifier>	MP_CM013_Fire_Hose_Rack_2_INDEX_1	</identifier>
				<transform>
					<row0>	0.0000 0.0000 1.0000 0.0000	</row0>
					<row1>	0.0000 1.0000 0.0000 0.0000	</row1>
					<row2>	-1.0000 0.0000 0.0000 0.0000	</row2>
					<row3>	-0.2152 0.3840 -6.5770 1.0000	</row3>
				</transform>
			</node>
			<node>
				<identifier>	MP_CM013_Fire_Hose_Rack_2_INDEX_2	</identifier>
				<transform>
					<row0>	0.8660 0.0000 0.5000 0.0000	</row0>
					<row1>	0.0000 1.0000 0.0000 0.0000	</row1>
					<row2>	-0.5000 0.0000 0.8660 0.0000	</row2>
					<row3>	-0.8463 0.8841 -5.0107 1.0000	</row3>
				</transform>
			</node>
			<node>
				<identifier>	MP_CM013_Fire_Hose_Rack_2_INDEX_3	</identifier>
				<transform>
					<row0>	0.0000 0.0000 1.0000 0.0000	</row0>
					<row1>	0.0000 1.0000 0.0000 0.0000	</row1>
					<row2>	-1.0000 0.0000 0.0000 0.0000	</row2>
					<row3>	0.3626 0.3840 -6.5770 1.0000	</row3>
				</transform>
			</node>
			<node>
				<identifier>	MP_CM029_Emergency_Box	</identifier>
				<transform>
					<row0>	0.0000 0.0000 1.0000 0.0000	</row0>
					<row1>	0.0000 1.0000 0.0000 0.0000	</row1>
					<row2>	-1.0000 0.0000 0.0000 0.0000	</row2>
					<row3>	0.5567 0.8296 -7.5193 1.0000	</row3>
				</transform>
			</node>
			<node>
				<identifier>	MP_CM029_Emergency_Box_INDEX_1	</identifier>
				<transform>
					<row0>	0.0000 0.0000 -1.0000 0.0000	</row0>
					<row1>	0.0000 1.0000 0.0000 0.0000	</row1>
					<row2>	1.0000 0.0000 0.0000 0.0000	</row2>
					<row3>	-0.5567 0.8296 -7.5193 1.0000	</row3>
				</transform>
			</node>
			<node>
				<identifier>	MP_CM029_Emergency_Box_INDEX_2	</identifier>
				<transform>
					<row0>	1.0000 0.0000 0.0000 0.0000	</row0>
					<row1>	0.0000 1.0000 0.0000 0.0000	</row1>
					<row2>	0.0000 0.0000 1.0000 0.0000	</row2>
					<row3>	0.1827 0.4096 -6.5820 1.0000	</row3>
				</transform>
			</node>
			<node>
				<identifier>	MP_CM029_Emergency_Box_INDEX_3	</identifier>
				<transform>
					<row0>	0.8635 0.0000 -0.5044 0.0000	</row0>
					<row1>	0.0000 1.0000 0.0000 0.0000	</row1>
					<row2>	0.5044 0.0000 0.8635 0.0000	</row2>
					<row3>	0.6109 0.8004 -7.7647 1.0000	</row3>
				</transform>
			</node>
			<node>
				<identifier>	MP_CM029_Emergency_Box_INDEX_4	</identifier>
				<transform>
					<row0>	0.8635 0.0000 0.5044 0.0000	</row0>
					<row1>	0.0000 1.0000 0.0000 0.0000	</row1>
					<row2>	-0.5044 0.0000 0.8635 0.0000	</row2>
					<row3>	-0.6109 0.8004 -7.7647 1.0000	</row3>
				</transform>
			</node>
			<node>
				<identifier>	MP_CM030_Swab_Rack_2	</identifier>
				<transform>
					<row0>	-1.0000 0.0000 0.0000 0.0000	</row0>
					<row1>	0.0000 1.0000 0.0000 0.0000	</row1>
					<row2>	0.0000 0.0000 -1.0000 0.0000	</row2>
					<row3>	-0.3632 0.3283 -6.5765 1.0000	</row3>
				</transform>
			</node>
			<node>
				<identifier>	MP_CM032_Propeller3_R	</identifier>
				<transform>
					<row0>	1.1507 0.0000 0.0000 0.0000	</row0>
					<row1>	0.0000 1.1503 -0.0313 0.0000	</row1>
					<row2>	0.0000 0.0408 1.4994 0.0000	</row2>
					<row3>	0.0000 -0.4308 -6.3695 1.0000	</row3>
				</transform>
			</node>
			<node>
				<identifier>	MP_CM032_Propeller3_R_INDEX_1	</identifier>
				<transform>
					<row0>	1.1507 0.0000 0.0000 0.0000	</row0>
					<row1>	0.0000 1.1503 -0.0313 0.0000	</row1>
					<row2>	0.0000 0.0408 1.4994 0.0000	</row2>
					<row3>	0.4214 -0.4101 -5.4892 1.0000	</row3>
				</transform>
			</node>
			<node>
				<identifier>	MP_CM043_Accommodation_Ladder	</identifier>
				<transform>
					<row0>	-1.0000 0.0000 0.0000 0.0000	</row0>
					<row1>	0.0000 1.0000 0.0000 0.0000	</row1>
					<row2>	0.0000 0.0000 -1.0000 0.0000	</row2>
					<row3>	-0.3906 0.3655 -6.5428 1.0000	</row3>
				</transform>
			</node>
			<node>
				<identifier>	MP_CM043_Accommodation_Ladder_INDEX_1	</identifier>
