<SSC008_Asturias_1941_Stern_ports_base_dock_AB.visual>
	<node>
		<identifier>	Scene Root	</identifier>
		<transform>
			<row0>	1.0000 0.0000 0.0000 0.0000	</row0>
			<row1>	0.0000 1.0000 0.0000 0.0000	</row1>
			<row2>	0.0000 0.0000 1.0000 0.0000	</row2>
			<row3>	0.0000 0.0000 0.0000 1.0000	</row3>
		</transform>
		<node>
			<identifier>	Stern_ports_base_dock_AB	</identifier>
			<transform>
				<row0>	1.0000 0.0000 0.0000 0.0000	</row0>
				<row1>	0.0000 1.0000 0.0000 0.0000	</row1>
				<row2>	0.0000 0.0000 1.0000 0.0000	</row2>
				<row3>	0.0000 0.0000 0.0000 1.0000	</row3>
			</transform>
			<node>
				<identifier>	MP_CM126_Cleat	</identifier>
				<transform>
					<row0>	-0.8368 0.0204 0.5472 0.0000	</row0>
					<row1>	-0.5466 0.0289 -0.8369 0.0000	</row1>
					<row2>	-0.0329 -0.9994 -0.0130 0.0000	</row2>
					<row3>	0.5904 0.4765 -4.7297 1.0000	</row3>
				</transform>
			</node>
			<node>
				<identifier>	MP_CM126_Cleat_INDEX_1	</identifier>
				<transform>
					<row0>	-0.9788 0.0385 -0.2013 0.0000	</row0>
					<row1>	0.2020 0.0158 -0.9793 0.0000	</row1>
					<row2>	-0.0346 -0.9991 -0.0233 0.0000	</row2>
					<row3>	0.6254 0.4785 -4.2722 1.0000	</row3>
				</transform>
			</node>
			<node>
				<identifier>	MP_CM126_Cleat_INDEX_2	</identifier>
				<transform>
					<row0>	-0.9788 -0.0385 0.2013 0.0000	</row0>
					<row1>	-0.2020 0.0158 -0.9793 0.0000	</row1>
					<row2>	0.0346 -0.9991 -0.0233 0.0000	</row2>
					<row3>	-0.6253 0.4785 -4.2725 1.0000	</row3>
				</transform>
			</node>
			<node>
				<identifier>	MP_CM126_Cleat_INDEX_3	</identifier>
				<transform>
					<row0>	-0.8368 -0.0204 -0.5472 0.0000	</row0>
					<row1>	0.5466 0.0289 -0.8369 0.0000	</row1>
					<row2>	0.0329 -0.9994 -0.0130 0.0000	</row2>
					<row3>	-0.5905 0.4764 -4.7296 1.0000	</row3>
				</transform>
			</node>
			<node>
				<identifier>	MP_SM001_Bench	</identifier>
				<transform>
					<row0>	0.0000 0.0113 0.9999 0.0000	</row0>
					<row1>	0.0215 0.9997 -0.0113 0.0000	</row1>
					<row2>	-0.9998 0.0215 -0.0002 0.0000	</row2>
					<row3>	0.1543 0.3750 -6.3301 1.0000	</row3>
				</transform>
			</node>
			<node>
				<identifier>	MP_SM001_Bench_INDEX_1	</identifier>
				<transform>
					<row0>	0.0000 -0.0113 -0.9999 0.0000	</row0>
					<row1>	-0.0215 0.9997 -0.0113 0.0000	</row1>
					<row2>	0.9998 0.0215 -0.0002 0.0000	</row2>
					<row3>	-0.1543 0.3750 -6.3301 1.0000	</row3>
				</transform>
			</node>
			<node>
				<identifier>	MP_SM001_Bench_INDEX_2	</identifier>
				<transform>
					<row0>	0.0000 -0.0010 -1.0000 0.0000	</row0>
					<row1>	-0.0348 0.9994 -0.0010 0.0000	</row1>
					<row2>	0.9994 0.0348 0.0000 0.0000	</row2>
					<row3>	-0.3311 0.3756 -3.6577 1.0000	</row3>
				</transform>
			</node>
			<node>
				<identifier>	MP_SM001_Bench_INDEX_3	</identifier>
				<transform>
					<row0>	0.0000 0.0010 1.0000 0.0000	</row0>
					<row1>	0.0348 0.9994 -0.0010 0.0000	</row1>
					<row2>	-0.9994 0.0348 0.0000 0.0000	</row2>
					<row3>	0.3311 0.3756 -3.6577 1.0000	</row3>
				</transform>
			</node>
			<node>
				<identifier>	MP_SM411_Port_davits_Asturias	</identifier>
				<transform>
					<row0>	1.0000 0.0000 0.0000 0.0000	</row0>
					<row1>	0.0000 1.0000 0.0000 0.0000	</row1>
					<row2>	0.0000 0.0000 1.0000 0.0000	</row2>
					<row3>	0.0000 0.3630 -4.5152 1.0000	</row3>
				</transform>
			</node>
			<node>
				<identifier>	MP_SM508_Boat_8_6m	</identifier>
				<transform>
					<row0>	0.9995 0.0000 -0.0301 0.0000	</row0>
					<row1>	0.0000 1.0000 0.0000 0.0000	</row1>
					<row2>	0.0301 0.0000 0.9995 0.0000	</row2>
					<row3>	0.5097 0.3791 -4.4596 1.0000	</row3>
				</transform>
			</node>
			<node>
				<identifier>	MP_SM508_Boat_8_6m_INDEX_1	</identifier>
				<transform>
					<row0>	0.9995 0.0000 0.0301 0.0000	</row0>
					<row1>	0.0000 1.0000 0.0000 0.0000	</row1>
					<row2>	-0.0301 0.0000 0.9995 0.0000	</row2>
					<row3>	-0.5097 0.3791 -4.4596 1.0000	</row3>
				</transform>
			</node>
			<node>
				<identifier>	SP_YMS041_YHCS_M_1_INDEX_6	</identifier>
				<transform>
					<row0>	-0.9948 0.0000 0.0355 0.0000	</row0>
					<row1>	0.0006 0.9953 0.0174 0.0000	</row1>
					<row2>	-0.0355 0.0174 -0.9946 0.0000	</row2>
					<row3>	0.5110 0.4333 -4.4512 1.0000	</row3>
				</transform>
			</node>
			<node>
				<identifier>	SP_YMS041_YHCS_M_1_INDEX_7	</identifier>
				<transform>
					<row0>	-0.9948 0.0000 -0.0355 0.0000	</row0>
					<row1>	-0.0006 0.9953 0.0174 0.0000	</row1>
					<row2>	0.0355 0.0174 -0.9946 0.0000	</row2>
					<row3>	-0.5110 0.4333 -4.4512 1.0000	</row3>
				</transform>
			</node>
		</node>
	</node>
	<boundingBox>
		<min>	-0.0667 -0.0667 -0.0667	</min>
		<max>	0.0667 0.0667 0.0667	</max>
	</boundingBox>
</SSC008_Asturias_1941_Stern_ports_base_dock_AB.visual>
