<JSD029_Kitakaze_1945_MidFront_ports.visual>
	<node>
		<identifier>	Scene Root	</identifier>
		<transform>
			<row0>	1.0000 0.0000 0.0000 0.0000	</row0>
			<row1>	0.0000 1.0000 0.0000 0.0000	</row1>
			<row2>	0.0000 0.0000 1.0000 0.0000	</row2>
			<row3>	0.0000 0.0000 0.0000 1.0000	</row3>
		</transform>
		<node>
			<identifier>	MidFront_ports	</identifier>
			<transform>
				<row0>	1.0000 0.0000 0.0000 0.0000	</row0>
				<row1>	0.0000 1.0000 0.0000 0.0000	</row1>
				<row2>	0.0000 0.0000 1.0000 0.0000	</row2>
				<row3>	0.0000 0.0000 0.0000 1.0000	</row3>
			</transform>
			<node>
				<identifier>	HP_FX_Death_2	</identifier>
				<transform>
					<row0>	1.0000 0.0000 0.0000 0.0000	</row0>
					<row1>	0.0000 1.0000 0.0000 0.0000	</row1>
					<row2>	0.0000 0.0000 1.0000 0.0000	</row2>
					<row3>	0.0000 0.0000 -0.4461 1.0000	</row3>
				</transform>
			</node>
			<node>
				<identifier>	HP_FX_Fire_2	</identifier>
				<transform>
					<row0>	1.0000 0.0000 0.0000 0.0000	</row0>
					<row1>	0.0000 1.0000 0.0000 0.0000	</row1>
					<row2>	0.0000 0.0000 1.0000 0.0000	</row2>
					<row3>	0.0000 0.4211 1.2379 1.0000	</row3>
				</transform>
			</node>
			<node>
				<identifier>	HP_FX_Fire_2_side_1	</identifier>
				<transform>
					<row0>	1.0000 0.0000 0.0000 0.0000	</row0>
					<row1>	0.0000 1.0000 0.0000 0.0000	</row1>
					<row2>	0.0000 0.0000 1.0000 0.0000	</row2>
					<row3>	-0.2480 0.3271 2.4421 1.0000	</row3>
				</transform>
			</node>
			<node>
				<identifier>	HP_FX_Fire_2_side_2	</identifier>
				<transform>
					<row0>	1.0000 0.0000 0.0000 0.0000	</row0>
					<row1>	0.0000 1.0000 0.0000 0.0000	</row1>
					<row2>	0.0000 0.0000 1.0000 0.0000	</row2>
					<row3>	0.2980 0.5737 1.5649 1.0000	</row3>
				</transform>
			</node>
			<node>
				<identifier>	HP_FX_Fire_2_side_3	</identifier>
				<transform>
					<row0>	1.0000 0.0000 0.0000 0.0000	</row0>
					<row1>	0.0000 1.0000 0.0000 0.0000	</row1>
					<row2>	0.0000 0.0000 1.0000 0.0000	</row2>
					<row3>	-0.2697 0.4931 -0.1543 1.0000	</row3>
				</transform>
			</node>
			<node>
				<identifier>	HP_FX_FloodLight_left_1	</identifier>
				<transform>
					<row0>	-1.0000 0.0000 0.0000 0.0000	</row0>
					<row1>	0.0000 1.0000 0.0000 0.0000	</row1>
					<row2>	0.0000 0.0000 -1.0000 0.0000	</row2>
					<row3>	-0.1779 0.6807 1.6822 1.0000	</row3>
				</transform>
			</node>
			<node>
				<identifier>	HP_FX_FloodLight_right_2	</identifier>
				<transform>
					<row0>	1.0000 0.0000 0.0000 0.0000	</row0>
					<row1>	0.0000 1.0000 0.0000 0.0000	</row1>
					<row2>	0.0000 0.0000 1.0000 0.0000	</row2>
					<row3>	0.1779 0.6767 1.6822 1.0000	</row3>
				</transform>
			</node>
			<node>
				<identifier>	HP_FX_Flood_steam_1	</identifier>
				<transform>
					<row0>	0.5064 -0.8623 0.0000 0.0000	</row0>
					<row1>	0.8623 0.5064 0.0000 0.0000	</row1>
					<row2>	0.0000 0.0000 1.0000 0.0000	</row2>
					<row3>	0.0596 0.6640 0.3948 1.0000	</row3>
				</transform>
			</node>
			<node>
				<identifier>	HP_FX_Flood_steam_2	</identifier>
				<transform>
					<row0>	0.3784 0.9256 0.0000 0.0000	</row0>
					<row1>	-0.9256 0.3784 0.0000 0.0000	</row1>
					<row2>	0.0000 0.0000 1.0000 0.0000	</row2>
					<row3>	0.0135 0.6586 0.3907 1.0000	</row3>
				</transform>
			</node>
			<node>
				<identifier>	HP_FX_Flood_steam_exhaust_1	</identifier>
				<transform>
					<row0>	1.0000 0.0000 0.0000 0.0000	</row0>
					<row1>	0.0000 1.0000 0.0000 0.0000	</row1>
					<row2>	0.0000 0.0000 1.0000 0.0000	</row2>
					<row3>	-0.0740 0.8575 0.6732 1.0000	</row3>
				</transform>
			</node>
			<node>
				<identifier>	HP_FX_Flood_steam_left	</identifier>
				<transform>
					<row0>	-1.0000 0.0000 0.0000 0.0000	</row0>
					<row1>	0.0000 1.0000 0.0000 0.0000	</row1>
					<row2>	0.0000 0.0000 -1.0000 0.0000	</row2>
					<row3>	-0.3561 0.2826 1.9622 1.0000	</row3>
				</transform>
			</node>
			<node>
				<identifier>	HP_FX_Smoke_1	</identifier>
				<transform>
					<row0>	1.0000 0.0000 0.0000 0.0000	</row0>
					<row1>	0.0000 0.9936 -0.1126 0.0000	</row1>
					<row2>	0.0000 0.1126 0.9936 0.0000	</row2>
					<row3>	0.0000 0.6999 0.5853 1.0000	</row3>
				</transform>
			</node>
			<node>
				<identifier>	HP_Flagpole	</identifier>
				<transform>
					<row0>	0.5574 0.0000 0.0000 0.0000	</row0>
					<row1>	0.0000 0.5566 -0.0310 0.0000	</row1>
					<row2>	0.0000 0.0310 0.5566 0.0000	</row2>
					<row3>	0.0014 1.4560 0.9959 1.0000	</row3>
				</transform>
			</node>
			<node>
				<identifier>	HP_JD_1	</identifier>
				<transform>
					<row0>	1.0000 0.0000 0.0000 0.0000	</row0>
					<row1>	0.0000 1.0000 0.0000 0.0000	</row1>
					<row2>	0.0000 0.0000 1.0000 0.0000	</row2>
					<row3>	0.0000 0.8307 1.4786 1.0000	</row3>
				</transform>
			</node>
			<node>
				<identifier>	HP_JF_1	</identifier>
				<transform>
					<row0>	1.0000 0.0000 0.0000 0.0000	</row0>
					<row1>	0.0000 1.0000 0.0000 0.0000	</row1>
					<row2>	0.0000 0.0000 1.0000 0.0000	</row2>
					<row3>	-0.1181 0.8554 1.5934 1.0000	</row3>
				</transform>
			</node>
			<node>
				<identifier>	HP_JF_2	</identifier>
				<transform>
					<row0>	1.0000 0.0000 0.0000 0.0000	</row0>
					<row1>	0.0000 1.0000 0.0000 0.0000	</row1>
					<row2>	0.0000 0.0000 1.0000 0.0000	</row2>
					<row3>	0.1181 0.8554 1.5935 1.0000	</row3>
				</transform>
			</node>
			<node>
				<identifier>	HP_JF_3	</identifier>
				<transform>
					<row0>	-1.0000 0.0000 0.0000 0.0000	</row0>
					<row1>	0.0000 1.0000 0.0000 0.0000	</row1>
					<row2>	0.0000 0.0000 -1.0000 0.0000	</row2>
					<row3>	0.0000 0.4714 -0.1509 1.0000	</row3>
				</transform>
			</node>
			<node>
				<identifier>	HP_JGA_1	</identifier>
				<transform>
					<row0>	0.7071 0.0000 0.7071 0.0000	</row0>
					<row1>	0.0000 1.0000 0.0000 0.0000	</row1>
					<row2>	-0.7071 0.0000 0.7071 0.0000	</row2>
					<row3>	-0.2633 0.3279 2.4805 1.0000	</row3>
				</transform>
			</node>
			<node>
				<identifier>	HP_JGA_10	</identifier>
				<transform>
					<row0>	0.0000 0.0000 -1.0000 0.0000	</row0>
					<row1>	0.0000 1.0000 0.0000 0.0000	</row1>
					<row2>	1.0000 0.0000 0.0000 0.0000	</row2>
					<row3>	0.2972 0.5001 1.5617 1.0000	</row3>
				</transform>
			</node>
			<node>
				<identifier>	HP_JGA_11	</identifier>
				<transform>
					<row0>	0.0000 0.0000 1.0000 0.0000	</row0>
					<row1>	0.0000 1.0000 0.0000 0.0000	</row1>
					<row2>	-1.0000 0.0000 0.0000 0.0000	</row2>
					<row3>	-0.2642 0.4202 -0.1613 1.0000	</row3>
				</transform>
			</node>
			<node>
				<identifier>	HP_JGA_12	</identifier>
				<transform>
					<row0>	0.0000 0.0000 -1.0000 0.0000	</row0>
					<row1>	0.0000 1.0000 0.0000 0.0000	</row1>
					<row2>	1.0000 0.0000 0.0000 0.0000	</row2>
					<row3>	0.2642 0.4202 -0.1613 1.0000	</row3>
				</transform>
			</node>
			<node>
				<identifier>	HP_JGA_2	</identifier>
				<transform>
					<row0>	0.7071 0.0000 -0.7071 0.0000	</row0>
					<row1>	0.0000 1.0000 0.0000 0.0000	</row1>
					<row2>	0.7071 0.0000 0.7071 0.0000	</row2>
					<row3>	0.2633 0.3279 2.4805 1.0000	</row3>
				</transform>
			</node>
			<node>
				<identifier>	HP_JGA_3	</identifier>
				<transform>
					<row0>	0.5000 0.0000 0.8660 0.0000	</row0>
					<row1>	0.0000 1.0000 0.0000 0.0000	</row1>
					<row2>	-0.8660 0.0000 0.5000 0.0000	</row2>
					<row3>	-0.2716 0.3279 2.3038 1.0000	</row3>
				</transform>
			</node>
			<node>
				<identifier>	HP_JGA_4	</identifier>
				<transform>
					<row0>	0.5000 0.0000 -0.8660 0.0000	</row0>
					<row1>	0.0000 1.0000 0.0000 0.0000	</row1>
					<row2>	0.8660 0.0000 0.5000 0.0000	</row2>
					<row3>	0.2716 0.3279 2.3038 1.0000	</row3>
				</transform>
			</node>
			<node>
				<identifier>	HP_JGA_5	</identifier>
				<transform>
					<row0>	0.2588 0.0000 0.9659 0.0000	</row0>
					<row1>	0.0000 1.0000 0.0000 0.0000	</row1>
					<row2>	-0.9659 0.0000 0.2588 0.0000	</row2>
					<row3>	-0.2716 0.3279 2.1278 1.0000	</row3>
				</transform>
			</node>
			<node>
				<identifier>	HP_JGA_6	</identifier>
				<transform>
					<row0>	0.2588 0.0000 -0.9659 0.0000	</row0>
					<row1>	0.0000 1.0000 0.0000 0.0000	</row1>
					<row2>	0.9659 0.0000 0.2588 0.0000	</row2>
					<row3>	0.2716 0.3279 2.1278 1.0000	</row3>
				</transform>
			</node>
			<node>
				<identifier>	HP_JGA_7	</identifier>
				<transform>
					<row0>	0.0000 0.0000 1.0000 0.0000	</row0>
					<row1>	0.0000 1.0000 0.0000 0.0000	</row1>
					<row2>	-1.0000 0.0000 0.0000 0.0000	</row2>
					<row3>	-0.2654 0.3278 1.9586 1.0000	</row3>
				</transform>
			</node>
			<node>
				<identifier>	HP_JGA_8	</identifier>
				<transform>
					<row0>	0.0000 0.0000 -1.0000 0.0000	</row0>
					<row1>	0.0000 1.0000 0.0000 0.0000	</row1>
					<row2>	1.0000 0.0000 0.0000 0.0000	</row2>
					<row3>	0.2654 0.3278 1.9586 1.0000	</row3>
				</transform>
			</node>
			<node>
				<identifier>	HP_JGA_9	</identifier>
				<transform>
					<row0>	0.0000 0.0000 1.0000 0.0000	</row0>
					<row1>	0.0000 1.0000 0.0000 0.0000	</row1>
					<row2>	-1.0000 0.0000 0.0000 0.0000	</row2>
					<row3>	-0.2972 0.5001 1.5617 1.0000	</row3>
				</transform>
			</node>
			<node>
				<identifier>	HP_JGM_1	</identifier>
				<transform>
					<row0>	1.0000 0.0000 0.0000 0.0000	</row0>
					<row1>	0.0000 1.0000 0.0000 0.0000	</row1>
					<row2>	0.0000 0.0000 1.0000 0.0000	</row2>
					<row3>	0.0000 0.3387 2.9346 1.0000	</row3>
				</transform>
			</node>
			<node>
				<identifier>	HP_JGM_2	</identifier>
				<transform>
					<row0>	1.0000 0.0000 0.0000 0.0000	</row0>
					<row1>	0.0000 1.0000 0.0000 0.0000	</row1>
					<row2>	0.0000 0.0000 1.0000 0.0000	</row2>
					<row3>	0.0000 0.4847 2.4696 1.0000	</row3>
				</transform>
			</node>
			<node>
				<identifier>	HP_JRS_1	</identifier>
				<transform>
					<row0>	1.0000 0.0000 0.0000 0.0000	</row0>
					<row1>	0.0000 1.0000 0.0000 0.0000	</row1>
					<row2>	0.0000 0.0000 1.0000 0.0000	</row2>
					<row3>	0.0000 1.0062 1.1901 1.0000	</row3>
				</transform>
			</node>
			<node>
				<identifier>	HP_JRS_2	</identifier>
				<transform>
					<row0>	-1.0000 0.0000 0.0000 0.0000	</row0>
					<row1>	0.0000 1.0000 0.0000 0.0000	</row1>
					<row2>	0.0000 0.0000 -1.0000 0.0000	</row2>
					<row3>	0.0000 1.2511 1.0451 1.0000	</row3>
				</transform>
			</node>
			<node>
				<identifier>	HP_flag_1	</identifier>
				<transform>
					<row0>	0.9860 -0.1585 0.0514 0.0000	</row0>
					<row1>	0.1585 0.7970 -0.5828 0.0000	</row1>
					<row2>	0.0514 0.5828 0.8110 0.0000	</row2>
					<row3>	0.2177 1.3285 0.9062 1.0000	</row3>
				</transform>
			</node>
			<node>
				<identifier>	HP_flag_2	</identifier>
				<transform>
					<row0>	0.9911 0.1281 -0.0351 0.0000	</row0>
					<row1>	-0.1281 0.8521 -0.5074 0.0000	</row1>
					<row2>	-0.0351 0.5074 0.8610 0.0000	</row2>
					<row3>	-0.1421 1.3008 0.9354 1.0000	</row3>
				</transform>
			</node>
			<node>
				<identifier>	HP_flag_3	</identifier>
				<transform>
					<row0>	0.9925 -0.1180 0.0321 0.0000	</row0>
					<row1>	0.1180 0.8550 -0.5050 0.0000	</row1>
					<row2>	0.0321 0.5050 0.8625 0.0000	</row2>
					<row3>	0.1422 1.3008 0.9354 1.0000	</row3>
				</transform>
			</node>
			<node>
				<identifier>	HP_flag_4	</identifier>
				<transform>
					<row0>	0.9860 0.1585 -0.0514 0.0000	</row0>
					<row1>	-0.1585 0.7970 -0.5828 0.0000	</row1>
					<row2>	-0.0514 0.5828 0.8110 0.0000	</row2>
					<row3>	-0.2183 1.3285 0.9072 1.0000	</row3>
				</transform>
			</node>
			<node>
				<identifier>	MP_BM608_Compass_repeater	</identifier>
				<transform>
					<row0>	-1.0000 0.0000 0.0000 0.0000	</row0>
					<row1>	0.0000 1.0000 0.0000 0.0000	</row1>
					<row2>	0.0000 0.0000 -1.0000 0.0000	</row2>
					<row3>	0.0000 0.8761 1.7020 1.0000	</row3>
				</transform>
			</node>
			<node>
				<identifier>	MP_CM004_Barbette_Out	</identifier>
				<transform>
					<row0>	1.7178 0.0000 0.0000 0.0000	</row0>
					<row1>	0.0000 0.1658 0.0000 0.0000	</row1>
					<row2>	0.0000 0.0000 1.7178 0.0000	</row2>
					<row3>	0.0000 0.3383 2.9344 1.0000	</row3>
				</transform>
			</node>
			<node>
				<identifier>	MP_CM004_Barbette_Out_INDEX_1	</identifier>
				<transform>
					<row0>	1.7178 0.0000 0.0000 0.0000	</row0>
					<row1>	0.0000 0.1494 0.0000 0.0000	</row1>
					<row2>	0.0000 0.0000 1.7178 0.0000	</row2>
					<row3>	0.0000 0.4840 2.4698 1.0000	</row3>
				</transform>
			</node>
			<node>
				<identifier>	MP_CM004_Barbette_Out_INDEX_2	</identifier>
				<transform>
					<row0>	0.9305 0.0000 0.0000 0.0000	</row0>
					<row1>	0.0000 0.5570 0.0000 0.0000	</row1>
					<row2>	0.0000 0.0000 0.9305 0.0000	</row2>
					<row3>	0.0000 0.8283 1.4786 1.0000	</row3>
				</transform>
			</node>
			<node>
				<identifier>	MP_CM011_Fire_Fighting_Gear	</identifier>
				<transform>
					<row0>	0.0000 0.0000 1.0000 0.0000	</row0>
					<row1>	0.0000 1.0000 0.0000 0.0000	</row1>
					<row2>	-1.0000 0.0000 0.0000 0.0000	</row2>
					<row3>	0.1967 0.3269 2.3679 1.0000	</row3>
				</transform>
			</node>
			<node>
				<identifier>	MP_CM011_Fire_Fighting_Gear_INDEX_1	</identifier>
				<transform>
					<row0>	0.0000 0.0000 1.0000 0.0000	</row0>
					<row1>	0.0000 1.0000 0.0000 0.0000	</row1>
					<row2>	-1.0000 0.0000 0.0000 0.0000	</row2>
					<row3>	0.0908 0.1948 0.7611 1.0000	</row3>
				</transform>
			</node>
			<node>
				<identifier>	MP_CM011_Fire_Fighting_Gear_INDEX_2	</identifier>
				<transform>
					<row0>	0.0000 0.0000 -1.0000 0.0000	</row0>
					<row1>	0.0000 1.0000 0.0000 0.0000	</row1>
					<row2>	1.0000 0.0000 0.0000 0.0000	</row2>
					<row3>	-0.1701 0.3269 1.7729 1.0000	</row3>
				</transform>
			</node>
			<node>
				<identifier>	MP_CM011_Fire_Fighting_Gear_INDEX_3	</identifier>
				<transform>
					<row0>	0.0000 0.0000 -1.0000 0.0000	</row0>
					<row1>	0.0000 1.0000 0.0000 0.0000	</row1>
					<row2>	1.0000 0.0000 0.0000 0.0000	</row2>
					<row3>	-0.0883 0.1948 0.7611 1.0000	</row3>
				</transform>
			</node>
			<node>
				<identifier>	MP_CM012_Fire_Hose_Rack_1	</identifier>
				<transform>
					<row0>	-1.0000 0.0000 0.0000 0.0000	</row0>
					<row1>	0.0000 1.0000 0.0000 0.0000	</row1>
					<row2>	0.0000 0.0000 -1.0000 0.0000	</row2>
					<row3>	0.1839 0.3777 2.3834 1.0000	</row3>
				</transform>
			</node>
			<node>
				<identifier>	MP_CM013_Fire_Hose_Rack_2	</identifier>
				<transform>
					<row0>	-1.0000 0.0000 0.0000 0.0000	</row0>
					<row1>	0.0000 1.0000 0.0000 0.0000	</row1>
					<row2>	0.0000 0.0000 -1.0000 0.0000	</row2>
					<row3>	0.0791 0.2912 0.7641 1.0000	</row3>
				</transform>
			</node>
			<node>
				<identifier>	MP_CM013_Fire_Hose_Rack_2_INDEX_1	</identifier>
				<transform>
					<row0>	1.0000 0.0000 0.0000 0.0000	</row0>
					<row1>	0.0000 1.0000 0.0000 0.0000	</row1>
					<row2>	0.0000 0.0000 1.0000 0.0000	</row2>
					<row3>	-0.0774 0.2912 0.7641 1.0000	</row3>
				</transform>
			</node>
			<node>
				<identifier>	MP_CM013_Fire_Hose_Rack_2_INDEX_2	</identifier>
				<transform>
					<row0>	0.7671 0.0000 -0.6416 0.0000	</row0>
					<row1>	0.0000 1.0000 0.0000 0.0000	</row1>
					<row2>	0.6416 0.0000 0.7671 0.0000	</row2>
					<row3>	-0.1559 0.4124 1.7648 1.0000	</row3>
				</transform>
			</node>
			<node>
				<identifier>	MP_CM019_Wood_Box_2	</identifier>
				<transform>
					<row0>	0.0000 0.0000 -1.0000 0.0000	</row0>
					<row1>	0.0000 1.0000 0.0000 0.0000	</row1>
					<row2>	1.0000 0.0000 0.0000 0.0000	</row2>
					<row3>	0.0438 0.3269 2.1262 1.0000	</row3>
				</transform>
			</node>
			<node>
				<identifier>	MP_CM029_Emergency_Box	</identifier>
				<transform>
					<row0>	0.2346 0.0000 -0.9721 0.0000	</row0>
					<row1>	0.0000 1.0000 0.0000 0.0000	</row1>
					<row2>	0.9721 0.0000 0.2346 0.0000	</row2>
					<row3>	-0.0872 0.7069 1.4615 1.0000	</row3>
				</transform>
			</node>
			<node>
				<identifier>	MP_CM029_Emergency_Box_INDEX_1	</identifier>
				<transform>
					<row0>	0.0445 0.0000 0.9990 0.0000	</row0>
					<row1>	0.0000 1.0000 0.0000 0.0000	</row1>
					<row2>	-0.9990 0.0000 0.0445 0.0000	</row2>
					<row3>	0.1801 0.5724 1.6665 1.0000	</row3>
				</transform>
			</node>
			<node>
				<identifier>	MP_CM029_Emergency_Box_INDEX_2	</identifier>
				<transform>
					<row0>	-0.5941 0.0000 0.8044 0.0000	</row0>
					<row1>	0.0000 1.0000 0.0000 0.0000	</row1>
					<row2>	-0.8044 0.0000 -0.5941 0.0000	</row2>
					<row3>	0.1562 0.4079 2.5835 1.0000	</row3>
				</transform>
			</node>
			<node>
				<identifier>	MP_CM029_Emergency_Box_INDEX_3	</identifier>
				<transform>
					<row0>	-1.0000 0.0000 0.0000 0.0000	</row0>
					<row1>	0.0000 1.0000 0.0000 0.0000	</row1>
					<row2>	0.0000 0.0000 -1.0000 0.0000	</row2>
					<row3>	-0.0239 0.3819 0.0119 1.0000	</row3>
				</transform>
			</node>
			<node>
				<identifier>	MP_CM030_Swab_Rack_2	</identifier>
				<transform>
					<row0>	-0.2458 0.0000 -0.9693 0.0000	</row0>
					<row1>	0.0000 1.0000 0.0000 0.0000	</row1>
					<row2>	0.9693 0.0000 -0.2458 0.0000	</row2>
					<row3>	0.1763 0.3244 1.5881 1.0000	</row3>
				</transform>
			</node>
			<node>
				<identifier>	MP_CM057_Accommodation_Ladder_Closed	</identifier>
				<transform>
					<row0>	1.0000 0.0000 0.0000 0.0000	</row0>
					<row1>	0.0000 1.0000 0.0066 0.0000	</row1>
					<row2>	0.0000 -0.0066 1.0000 0.0000	</row2>
					<row3>	-0.2993 0.1953 0.8214 1.0000	</row3>
				</transform>
			</node>
			<node>
				<identifier>	MP_CM057_Accommodation_Ladder_Closed_INDEX_1	</identifier>
				<transform>
					<row0>	1.0000 0.0000 0.0000 0.0000	</row0>
					<row1>	0.0000 1.0000 0.0066 0.0000	</row1>
					<row2>	0.0000 -0.0066 1.0000 0.0000	</row2>
					<row3>	0.2993 0.1953 0.8214 1.0000	</row3>
				</transform>
			</node>
			<node>
				<identifier>	MP_CM060_Flag_Box	</identifier>
				<transform>
					<row0>	0.1070 -0.0732 0.3784 0.0000	</row0>
					<row1>	0.0467 0.9216 0.1651 0.0000	</row1>
					<row2>	-0.9020 0.0000 0.2551 0.0000	</row2>
					<row3>	0.0567 0.6715 1.2800 1.0000	</row3>
				</transform>
			</node>
			<node>
				<identifier>	MP_CM060_Flag_Box_INDEX_1	</identifier>
				<transform>
					<row0>	0.1750 0.0000 -0.3597 0.0000	</row0>
					<row1>	0.0000 0.9374 0.0000 0.0000	</row1>
					<row2>	0.8430 0.0000 0.4101 0.0000	</row2>
					<row3>	-0.0817 0.6659 1.3414 1.0000	</row3>
				</transform>
			</node>
			<node>
				<identifier>	MP_CM060_Flag_Box_INDEX_2	</identifier>
				<transform>
					<row0>	0.1792 0.0000 0.3576 0.0000	</row0>
					<row1>	0.0000 0.9374 0.0000 0.0000	</row1>
					<row2>	-0.8381 0.0000 0.4200 0.0000	</row2>
					<row3>	0.0817 0.6659 1.3414 1.0000	</row3>
				</transform>
			</node>
			<node>
				<identifier>	MP_CM060_Flag_Box_INDEX_3	</identifier>
				<transform>
					<row0>	0.2053 0.0688 -0.3364 0.0000	</row0>
					<row1>	-0.0423 0.9222 0.1627 0.0000	</row1>
					<row2>	0.8034 -0.0479 0.4806 0.0000	</row2>
					<row3>	-0.0522 0.6707 1.2835 1.0000	</row3>
				</transform>
			</node>
			<node>
				<identifier>	MP_JM002_Paravane	</identifier>
				<transform>
					<row0>	0.1552 -0.0064 -0.5688 0.0000	</row0>
					<row1>	-0.5682 0.0268 -0.1553 0.0000	</row1>
					<row2>	0.0276 0.5890 0.0009 0.0000	</row2>
					<row3>	-0.1640 0.4459 1.5569 1.0000	</row3>
				</transform>
			</node>
			<node>
				<identifier>	MP_JM002_Paravane_INDEX_1	</identifier>
				<transform>
					<row0>	0.0000 0.5896 0.0000 0.0000	</row0>
					<row1>	0.5896 0.0000 0.0000 0.0000	</row1>
					<row2>	0.0000 0.0000 -0.5896 0.0000	</row2>
					<row3>	0.1804 0.4116 1.6568 1.0000	</row3>
				</transform>
			</node>
			<node>
				<identifier>	MP_JM010_Deck_Lamp	</identifier>
				<transform>
					<row0>	0.0000 0.0000 -1.0000 0.0000	</row0>
					<row1>	0.0000 1.0000 0.0000 0.0000	</row1>
					<row2>	1.0000 0.0000 0.0000 0.0000	</row2>
					<row3>	0.1851 0.8027 1.4295 1.0000	</row3>
				</transform>
			</node>
			<node>
				<identifier>	MP_JM010_Deck_Lamp_INDEX_1	</identifier>
				<transform>
					<row0>	0.0000 0.0000 1.0000 0.0000	</row0>
					<row1>	0.0000 1.0000 0.0000 0.0000	</row1>
					<row2>	-1.0000 0.0000 0.0000 0.0000	</row2>
					<row3>	-0.1850 0.8027 1.4295 1.0000	</row3>
				</transform>
			</node>
			<node>
				<identifier>	MP_JM011_Day_Light	</identifier>
				<transform>
					<row0>	0.5869 0.0000 0.0000 0.0000	</row0>
					<row1>	0.0000 0.5869 0.0000 0.0000	</row1>
					<row2>	0.0000 0.0000 0.5869 0.0000	</row2>
					<row3>	-0.0292 1.2165 1.0327 1.0000	</row3>
				</transform>
			</node>
			<node>
				<identifier>	MP_JM018_Ventilators_2	</identifier>
				<transform>
					<row0>	-0.8326 0.0000 0.0000 0.0000	</row0>
					<row1>	0.0000 0.8326 0.0000 0.0000	</row1>
					<row2>	0.0000 0.0000 -0.8326 0.0000	</row2>
					<row3>	0.0313 0.3285 3.2186 1.0000	</row3>
				</transform>
			</node>
			<node>
				<identifier>	MP_JM021_Ventilators_5	</identifier>
				<transform>
					<row0>	1.0000 0.0000 0.0000 0.0000	</row0>
					<row1>	0.0000 1.0000 0.0000 0.0000	</row1>
					<row2>	0.0000 0.0000 1.0000 0.0000	</row2>
					<row3>	0.2745 0.3253 1.5284 1.0000	</row3>
				</transform>
			</node>
			<node>
				<identifier>	MP_JM021_Ventilators_5_INDEX_1	</identifier>
				<transform>
					<row0>	1.0000 0.0000 0.0000 0.0000	</row0>
					<row1>	0.0000 1.0000 0.0000 0.0000	</row1>
					<row2>	0.0000 0.0000 1.0000 0.0000	</row2>
					<row3>	0.2745 0.3253 1.6051 1.0000	</row3>
				</transform>
			</node>
			<node>
				<identifier>	MP_JM021_Ventilators_5_INDEX_2	</identifier>
				<transform>
					<row0>	1.0000 0.0000 0.0000 0.0000	</row0>
					<row1>	0.0000 1.0000 0.0000 0.0000	</row1>
					<row2>	0.0000 0.0000 1.0000 0.0000	</row2>
					<row3>	0.2745 0.3253 1.6763 1.0000	</row3>
				</transform>
			</node>
			<node>
				<identifier>	MP_JM030_Wind_Direction	</identifier>
				<transform>
					<row0>	0.5469 0.0000 0.0000 0.0000	</row0>
					<row1>	0.0000 0.5469 0.0000 0.0000	</row1>
					<row2>	0.0000 0.0000 0.5469 0.0000	</row2>
					<row3>	0.0000 1.4671 0.9807 1.0000	</row3>
				</transform>
			</node>
			<node>
				<identifier>	MP_JM031_Wind_Intensity	</identifier>
				<transform>
					<row0>	0.8103 0.0000 0.0000 0.0000	</row0>
					<row1>	0.0000 0.8103 0.0000 0.0000	</row1>
					<row2>	0.0000 0.0000 0.8103 0.0000	</row2>
					<row3>	-0.0928 1.3712 0.9897 1.0000	</row3>
				</transform>
			</node>
			<node>
				<identifier>	MP_JM037_Cutter_9m	</identifier>
				<transform>
					<row0>	0.9997 0.0000 -0.0252 0.0000	</row0>
					<row1>	0.0000 1.0000 0.0000 0.0000	</row1>
					<row2>	0.0252 0.0000 0.9997 0.0000	</row2>
					<row3>	-0.2965 0.3096 1.0665 1.0000	</row3>
				</transform>
			</node>
			<node>
				<identifier>	MP_JM052_Deck_Hatch_1	</identifier>
				<transform>
					<row0>	0.0000 0.0000 1.0000 0.0000	</row0>
					<row1>	0.0000 1.0000 0.0000 0.0000	</row1>
					<row2>	-1.0000 0.0000 0.0000 0.0000	</row2>
					<row3>	0.2509 0.1922 -0.4719 1.0000	</row3>
				</transform>
			</node>
			<node>
				<identifier>	MP_JM058_Deck_Hatch_7	</identifier>
				<transform>
					<row0>	-1.2188 0.0000 0.0000 0.0000	</row0>
					<row1>	0.0000 1.2188 0.0000 0.0000	</row1>
					<row2>	0.0000 0.0000 -1.2188 0.0000	</row2>
					<row3>	0.0000 0.2793 0.0246 1.0000	</row3>
				</transform>
			</node>
			<node>
				<identifier>	MP_JM058_Deck_Hatch_7_INDEX_1	</identifier>
				<transform>
					<row0>	-1.2188 0.0000 0.0000 0.0000	</row0>
					<row1>	0.0000 1.2188 0.0000 0.0000	</row1>
					<row2>	0.0000 0.0000 -1.2188 0.0000	</row2>
					<row3>	0.0796 0.4227 -0.1821 1.0000	</row3>
				</transform>
			</node>
			<node>
				<identifier>	MP_JM058_Deck_Hatch_7_INDEX_2	</identifier>
				<transform>
					<row0>	0.2996 0.0000 -1.1814 0.0000	</row0>
					<row1>	0.0000 1.2188 0.0000 0.0000	</row1>
					<row2>	1.1814 0.0000 0.2996 0.0000	</row2>
					<row3>	-0.1644 0.5047 1.4895 1.0000	</row3>
				</transform>
			</node>
			<node>
				<identifier>	MP_JM058_Deck_Hatch_7_INDEX_3	</identifier>
				<transform>
					<row0>	0.2996 0.0000 1.1814 0.0000	</row0>
					<row1>	0.0000 1.2188 0.0000 0.0000	</row1>
					<row2>	-1.1814 0.0000 0.2996 0.0000	</row2>
					<row3>	0.1644 0.5047 1.4895 1.0000	</row3>
				</transform>
			</node>
			<node>
				<identifier>	MP_JM058_Deck_Hatch_7_INDEX_4	</identifier>
				<transform>
					<row0>	-1.2188 0.0000 0.0000 0.0000	</row0>
					<row1>	0.0000 1.2188 0.0000 0.0000	</row1>
					<row2>	0.0000 0.0000 -1.2188 0.0000	</row2>
					<row3>	-0.0850 0.4227 -0.1821 1.0000	</row3>
				</transform>
			</node>
			<node>
				<identifier>	MP_JM058_Deck_Hatch_7_INDEX_5	</identifier>
				<transform>
					<row0>	1.2188 0.0000 0.0000 0.0000	</row0>
					<row1>	0.0000 1.2188 0.0000 0.0000	</row1>
					<row2>	0.0000 0.0000 1.2188 0.0000	</row2>
					<row3>	0.0000 0.2918 0.1882 1.0000	</row3>
				</transform>
			</node>
			<node>
				<identifier>	MP_JM059_Deck_Hatch_8	</identifier>
				<transform>
					<row0>	0.0000 0.0000 1.0000 0.0000	</row0>
					<row1>	0.0000 1.0000 0.0000 0.0000	</row1>
					<row2>	-1.0000 0.0000 0.0000 0.0000	</row2>
					<row3>	-0.0241 0.3262 2.0825 1.0000	</row3>
				</transform>
			</node>
			<node>
				<identifier>	MP_JM059_Deck_Hatch_8_INDEX_1	</identifier>
				<transform>
					<row0>	-0.4323 0.0000 0.9017 0.0000	</row0>
					<row1>	0.0000 1.0000 0.0000 0.0000	</row1>
					<row2>	-0.9017 0.0000 -0.4323 0.0000	</row2>
					<row3>	-0.1699 0.3262 2.2140 1.0000	</row3>
				</transform>
			</node>
			<node>
				<identifier>	MP_JM059_Deck_Hatch_8_INDEX_2	</identifier>
				<transform>
					<row0>	0.2428 0.0000 0.9701 0.0000	</row0>
					<row1>	0.0000 1.0000 0.0000 0.0000	</row1>
					<row2>	-0.9701 0.0000 0.2428 0.0000	</row2>
					<row3>	-0.1898 0.3262 2.5480 1.0000	</row3>
				</transform>
			</node>
			<node>
				<identifier>	MP_JM059_Deck_Hatch_8_INDEX_3	</identifier>
				<transform>
					<row0>	0.4278 0.0000 0.9039 0.0000	</row0>
					<row1>	0.0000 1.0000 0.0000 0.0000	</row1>
					<row2>	-0.9039 0.0000 0.4278 0.0000	</row2>
					<row3>	0.1425 0.3262 2.1569 1.0000	</row3>
				</transform>
			</node>
			<node>
				<identifier>	MP_JM059_Deck_Hatch_8_INDEX_4	</identifier>
				<transform>
					<row0>	-0.2562 0.0000 0.9666 0.0000	</row0>
					<row1>	0.0000 1.0000 0.0000 0.0000	</row1>
					<row2>	-0.9666 0.0000 -0.2562 0.0000	</row2>
					<row3>	0.1898 0.3262 2.5480 1.0000	</row3>
				</transform>
			</node>
			<node>
				<identifier>	MP_JM059_Deck_Hatch_8_INDEX_5	</identifier>
				<transform>
					<row0>	0.4278 0.0000 0.9039 0.0000	</row0>
					<row1>	0.0000 1.0000 0.0000 0.0000	</row1>
					<row2>	-0.9039 0.0000 0.4278 0.0000	</row2>
					<row3>	0.1699 0.3262 2.2140 1.0000	</row3>
				</transform>
			</node>
			<node>
				<identifier>	MP_JM062_Deck_Hatch_11	</identifier>
				<transform>
					<row0>	-0.7363 0.0000 0.0000 0.0000	</row0>
					<row1>	0.0000 0.7363 0.0000 0.0000	</row1>
					<row2>	0.0000 0.0000 -0.7363 0.0000	</row2>
					<row3>	-0.1833 0.3256 2.1475 1.0000	</row3>
				</transform>
			</node>
			<node>
				<identifier>	MP_JM064_Bollards_2	</identifier>
				<transform>
					<row0>	-0.0284 0.0000 -0.5284 0.0000	</row0>
					<row1>	0.0000 0.5291 0.0000 0.0000	</row1>
					<row2>	0.5284 0.0000 -0.0284 0.0000	</row2>
					<row3>	-0.2981 0.3268 2.6503 1.0000	</row3>
				</transform>
			</node>
			<node>
				<identifier>	MP_JM064_Bollards_2_INDEX_1	</identifier>
				<transform>
					<row0>	0.0365 0.0000 -0.5279 0.0000	</row0>
					<row1>	0.0000 0.5291 0.0000 0.0000	</row1>
					<row2>	0.5279 0.0000 0.0365 0.0000	</row2>
					<row3>	0.2981 0.3268 2.6503 1.0000	</row3>
				</transform>
			</node>
			<node>
				<identifier>	MP_JM078_Deck_Winch_2	</identifier>
				<transform>
					<row0>	-0.2955 0.0000 -0.4507 0.0000	</row0>
					<row1>	0.0000 0.5389 0.0000 0.0000	</row1>
					<row2>	0.4507 0.0000 -0.2955 0.0000	</row2>
					<row3>	0.1355 0.3267 1.8305 1.0000	</row3>
				</transform>
			</node>
			<node>
				<identifier>	MP_JM078_Deck_Winch_2_INDEX_1	</identifier>
				<transform>
					<row0>	0.5389 0.0000 0.0000 0.0000	</row0>
					<row1>	0.0000 0.0000 -0.5389 0.0000	</row1>
					<row2>	0.0000 0.5389 0.0000 0.0000	</row2>
					<row3>	0.0392 0.4068 2.1418 1.0000	</row3>
				</transform>
			</node>
			<node>
				<identifier>	MP_JM078_Deck_Winch_2_INDEX_2	</identifier>
				<transform>
					<row0>	-0.0019 0.0000 -0.6612 0.0000	</row0>
					<row1>	0.0000 0.6612 0.0000 0.0000	</row1>
					<row2>	0.6612 0.0000 -0.0019 0.0000	</row2>
					<row3>	0.0000 0.3267 1.8531 1.0000	</row3>
				</transform>
			</node>
			<node>
				<identifier>	MP_JM078_Deck_Winch_2_INDEX_3	</identifier>
				<transform>
					<row0>	0.5389 0.0000 0.0000 0.0000	</row0>
					<row1>	0.0000 0.0000 -0.5389 0.0000	</row1>
					<row2>	0.0000 0.5389 0.0000 0.0000	</row2>
					<row3>	0.0864 0.4068 2.1418 1.0000	</row3>
				</transform>
			</node>
			<node>
				<identifier>	MP_JM078_Deck_Winch_2_INDEX_4	</identifier>
				<transform>
					<row0>	0.2777 0.0000 -0.4618 0.0000	</row0>
					<row1>	0.0000 0.5389 0.0000 0.0000	</row1>
					<row2>	0.4618 0.0000 0.2777 0.0000	</row2>
					<row3>	-0.1373 0.3267 1.8305 1.0000	</row3>
				</transform>
			</node>
			<node>
				<identifier>	MP_JM090_Signal_Platform_2	</identifier>
				<transform>
					<row0>	-0.9616 0.0000 -0.2743 0.0000	</row0>
					<row1>	0.0000 1.0000 0.0000 0.0000	</row1>
					<row2>	0.2743 0.0000 -0.9616 0.0000	</row2>
					<row3>	0.1399 0.7894 1.3866 1.0000	</row3>
				</transform>
			</node>
			<node>
				<identifier>	MP_JM090_Signal_Platform_2_INDEX_1	</identifier>
				<transform>
					<row0>	0.0000 0.0000 -1.0000 0.0000	</row0>
					<row1>	0.0000 1.0000 0.0000 0.0000	</row1>
					<row2>	1.0000 0.0000 0.0000 0.0000	</row2>
					<row3>	0.1598 0.7853 1.7289 1.0000	</row3>
				</transform>
			</node>
			<node>
				<identifier>	MP_JM090_Signal_Platform_2_INDEX_2	</identifier>
				<transform>
					<row0>	-0.1176 0.0000 0.9931 0.0000	</row0>
					<row1>	0.0000 1.0000 0.0000 0.0000	</row1>
					<row2>	-0.9931 0.0000 -0.1176 0.0000	</row2>
					<row3>	-0.1969 0.6213 1.5067 1.0000	</row3>
				</transform>
			</node>
			<node>
				<identifier>	MP_JM090_Signal_Platform_2_INDEX_3	</identifier>
				<transform>
					<row0>	-0.1176 0.0000 -0.9931 0.0000	</row0>
					<row1>	0.0000 1.0000 0.0000 0.0000	</row1>
					<row2>	0.9931 0.0000 -0.1176 0.0000	</row2>
					<row3>	0.1969 0.6213 1.5067 1.0000	</row3>
				</transform>
			</node>
			<node>
				<identifier>	MP_JM090_Signal_Platform_2_INDEX_4	</identifier>
				<transform>
					<row0>	-0.9676 0.0000 0.2523 0.0000	</row0>
					<row1>	0.0000 1.0000 0.0000 0.0000	</row1>
					<row2>	-0.2523 0.0000 -0.9676 0.0000	</row2>
					<row3>	-0.1398 0.7894 1.3866 1.0000	</row3>
				</transform>
			</node>
			<node>
				<identifier>	MP_JM090_Signal_Platform_2_INDEX_5	</identifier>
				<transform>
					<row0>	0.0000 0.0000 1.0000 0.0000	</row0>
					<row1>	0.0000 1.0000 0.0000 0.0000	</row1>
					<row2>	-1.0000 0.0000 0.0000 0.0000	</row2>
					<row3>	-0.1598 0.7853 1.7289 1.0000	</row3>
				</transform>
			</node>
			<node>
				<identifier>	MP_JM092_Running_Lights_R	</identifier>
				<transform>
					<row0>	0.7997 0.0000 -0.0267 0.0000	</row0>
					<row1>	0.0000 0.8001 0.0000 0.0000	</row1>
					<row2>	0.0267 0.0000 0.7997 0.0000	</row2>
					<row3>	0.1752 0.6822 1.6370 1.0000	</row3>
				</transform>
			</node>
			<node>
				<identifier>	MP_JM093_Running_Lights_L	</identifier>
				<transform>
					<row0>	0.8000 0.0000 0.0168 0.0000	</row0>
					<row1>	0.0000 0.8001 0.0000 0.0000	</row1>
					<row2>	-0.0168 0.0000 0.8000 0.0000	</row2>
					<row3>	-0.1729 0.6822 1.6370 1.0000	</row3>
				</transform>
			</node>
			<node>
				<identifier>	MP_JM107_Binocular_2	</identifier>
				<transform>
					<row0>	0.6563 0.0000 -0.7545 0.0000	</row0>
					<row1>	0.0000 1.0000 0.0000 0.0000	</row1>
					<row2>	0.7545 0.0000 0.6563 0.0000	</row2>
					<row3>	0.1452 0.7898 1.4301 1.0000	</row3>
				</transform>
			</node>
			<node>
				<identifier>	MP_JM107_Binocular_2_INDEX_1	</identifier>
				<transform>
					<row0>	0.8205 0.0000 0.5716 0.0000	</row0>
					<row1>	0.0000 1.0000 0.0000 0.0000	</row1>
					<row2>	-0.5716 0.0000 0.8205 0.0000	</row2>
					<row3>	0.1476 0.7894 1.5167 1.0000	</row3>
				</transform>
			</node>
			<node>
				<identifier>	MP_JM107_Binocular_2_INDEX_2	</identifier>
				<transform>
					<row0>	-0.6082 0.0000 -0.7938 0.0000	</row0>
					<row1>	0.0000 1.0000 0.0000 0.0000	</row1>
					<row2>	0.7938 0.0000 -0.6082 0.0000	</row2>
					<row3>	-0.1452 0.7898 1.4301 1.0000	</row3>
				</transform>
			</node>
			<node>
				<identifier>	MP_JM107_Binocular_2_INDEX_3	</identifier>
				<transform>
					<row0>	0.8205 0.0000 0.5716 0.0000	</row0>
					<row1>	0.0000 1.0000 0.0000 0.0000	</row1>
					<row2>	-0.5716 0.0000 0.8205 0.0000	</row2>
					<row3>	0.1765 0.6287 1.5498 1.0000	</row3>
				</transform>
			</node>
			<node>
				<identifier>	MP_JM107_Binocular_2_INDEX_4	</identifier>
				<transform>
					<row0>	-0.6959 0.0000 0.7181 0.0000	</row0>
					<row1>	0.0000 1.0000 0.0000 0.0000	</row1>
					<row2>	-0.7181 0.0000 -0.6959 0.0000	</row2>
					<row3>	-0.1774 0.6287 1.5498 1.0000	</row3>
				</transform>
			</node>
			<node>
				<identifier>	MP_JM107_Binocular_2_INDEX_5	</identifier>
				<transform>
					<row0>	-0.7209 0.0000 0.6930 0.0000	</row0>
					<row1>	0.0000 1.0000 0.0000 0.0000	</row1>
					<row2>	-0.6930 0.0000 -0.7209 0.0000	</row2>
					<row3>	-0.1469 0.7894 1.5167 1.0000	</row3>
				</transform>
			</node>
			<node>
				<identifier>	MP_JM107_Binocular_2_INDEX_6	</identifier>
				<transform>
					<row0>	0.0000 0.0000 1.0000 0.0000	</row0>
					<row1>	0.0000 1.0000 0.0000 0.0000	</row1>
					<row2>	-1.0000 0.0000 0.0000 0.0000	</row2>
					<row3>	0.0000 0.8067 1.6398 1.0000	</row3>
				</transform>
			</node>
			<node>
				<identifier>	MP_JM125_Signal_Lamp_3	</identifier>
				<transform>
					<row0>	1.0000 0.0000 0.0000 0.0000	</row0>
					<row1>	0.0000 1.0000 0.0000 0.0000	</row1>
					<row2>	0.0000 0.0000 1.0000 0.0000	</row2>
					<row3>	0.0000 1.4540 0.9814 1.0000	</row3>
				</transform>
			</node>
			<node>
				<identifier>	MP_JM144_Motor_Boats_8m	</identifier>
				<transform>
					<row0>	0.9996 0.0000 0.0277 0.0000	</row0>
					<row1>	0.0000 1.0000 0.0000 0.0000	</row1>
					<row2>	-0.0277 0.0000 0.9996 0.0000	</row2>
					<row3>	0.2980 0.3082 1.0570 1.0000	</row3>
				</transform>
			</node>
			<node>
				<identifier>	MP_JM158_Main_Wheel	</identifier>
				<transform>
					<row0>	1.0000 0.0000 0.0000 0.0000	</row0>
					<row1>	0.0000 1.0000 0.0000 0.0000	</row1>
					<row2>	0.0000 0.0000 1.0000 0.0000	</row2>
					<row3>	0.0000 0.6546 1.7382 1.0000	</row3>
				</transform>
			</node>
			<node>
				<identifier>	MP_JM164_Turning_Indicator	</identifier>
				<transform>
					<row0>	0.8660 0.0000 0.5000 0.0000	</row0>
					<row1>	0.0000 1.0000 0.0000 0.0000	</row1>
					<row2>	-0.5000 0.0000 0.8660 0.0000	</row2>
					<row3>	-0.0708 0.6523 1.7196 1.0000	</row3>
				</transform>
			</node>
			<node>
				<identifier>	MP_JM165_Telegraph_Engine	</identifier>
				<transform>
					<row0>	0.8660 0.0000 -0.5000 0.0000	</row0>
					<row1>	0.0000 1.0000 0.0000 0.0000	</row1>
					<row2>	0.5000 0.0000 0.8660 0.0000	</row2>
					<row3>	0.0707 0.6547 1.7196 1.0000	</row3>
				</transform>
			</node>
			<node>
				<identifier>	MP_JM166_Voice_Tube	</identifier>
				<transform>
					<row0>	0.0000 0.0000 -1.0000 0.0000	</row0>
					<row1>	0.0000 1.0000 0.0000 0.0000	</row1>
					<row2>	1.0000 0.0000 0.0000 0.0000	</row2>
					<row3>	0.1787 0.6279 1.4920 1.0000	</row3>
				</transform>
			</node>
			<node>
				<identifier>	MP_JM166_Voice_Tube_INDEX_1	</identifier>
				<transform>
					<row0>	0.0000 0.0000 1.0000 0.0000	</row0>
					<row1>	0.0000 1.0000 0.0000 0.0000	</row1>
					<row2>	-1.0000 0.0000 0.0000 0.0000	</row2>
					<row3>	-0.0497 0.6377 1.1420 1.0000	</row3>
				</transform>
			</node>
			<node>
				<identifier>	MP_JM166_Voice_Tube_INDEX_2	</identifier>
				<transform>
					<row0>	0.0000 0.0000 -1.0000 0.0000	</row0>
					<row1>	0.0000 1.0000 0.0000 0.0000	</row1>
					<row2>	1.0000 0.0000 0.0000 0.0000	</row2>
					<row3>	0.1533 0.7899 1.4662 1.0000	</row3>
				</transform>
			</node>
			<node>
				<identifier>	MP_JM166_Voice_Tube_INDEX_3	</identifier>
				<transform>
					<row0>	0.0000 0.0000 1.0000 0.0000	</row0>
					<row1>	0.0000 1.0000 0.0000 0.0000	</row1>
					<row2>	-1.0000 0.0000 0.0000 0.0000	</row2>
					<row3>	-0.1787 0.6279 1.4920 1.0000	</row3>
				</transform>
			</node>
			<node>
				<identifier>	MP_JM166_Voice_Tube_INDEX_4	</identifier>
				<transform>
					<row0>	0.0000 0.0000 1.0000 0.0000	</row0>
					<row1>	0.0000 1.0000 0.0000 0.0000	</row1>
					<row2>	-1.0000 0.0000 0.0000 0.0000	</row2>
					<row3>	-0.1534 0.7899 1.4662 1.0000	</row3>
				</transform>
			</node>
			<node>
				<identifier>	MP_JM166_Voice_Tube_INDEX_5	</identifier>
				<transform>
					<row0>	0.8660 0.0000 0.5000 0.0000	</row0>
					<row1>	0.0000 1.0000 0.0000 0.0000	</row1>
					<row2>	-0.5000 0.0000 0.8660 0.0000	</row2>
					<row3>	-0.0422 0.6551 1.7434 1.0000	</row3>
				</transform>
			</node>
			<node>
				<identifier>	MP_JM166_Voice_Tube_INDEX_6	</identifier>
				<transform>
					<row0>	0.4489 0.0000 0.8936 0.0000	</row0>
					<row1>	0.0000 1.0000 0.0000 0.0000	</row1>
					<row2>	-0.8936 0.0000 0.4489 0.0000	</row2>
					<row3>	-0.0422 0.7899 1.6698 1.0000	</row3>
				</transform>
			</node>
			<node>
				<identifier>	MP_JM168_Ventilation	</identifier>
				<transform>
					<row0>	-0.3720 0.0000 0.0000 0.0000	</row0>
					<row1>	0.0000 0.3720 0.0000 0.0000	</row1>
					<row2>	0.0000 0.0000 -0.3720 0.0000	</row2>
					<row3>	0.0228 0.3588 2.0700 1.0000	</row3>
				</transform>
			</node>
			<node>
				<identifier>	MP_JM178_Winch	</identifier>
				<transform>
					<row0>	1.0000 0.0000 0.0000 0.0000	</row0>
					<row1>	0.0000 1.0000 0.0000 0.0000	</row1>
					<row2>	0.0000 0.0000 1.0000 0.0000	</row2>
					<row3>	0.3283 0.1949 -0.1139 1.0000	</row3>
				</transform>
			</node>
			<node>
				<identifier>	MP_JM183_Table	</identifier>
				<transform>
					<row0>	1.0000 0.0000 0.0000 0.0000	</row0>
					<row1>	0.0000 1.0000 0.0000 0.0000	</row1>
					<row2>	0.0000 0.0000 1.0000 0.0000	</row2>
					<row3>	0.0458 0.6546 1.6037 1.0000	</row3>
				</transform>
			</node>
			<node>
				<identifier>	MP_JM190_Gyro_Repeater	</identifier>
				<transform>
					<row0>	0.9401 0.0000 0.3409 0.0000	</row0>
					<row1>	0.0000 1.0000 0.0000 0.0000	</row1>
					<row2>	-0.3409 0.0000 0.9401 0.0000	</row2>
					<row3>	-0.1617 0.6281 1.4575 1.0000	</row3>
				</transform>
			</node>
			<node>
				<identifier>	MP_JM190_Gyro_Repeater_INDEX_1	</identifier>
				<transform>
					<row0>	0.9401 0.0000 0.3409 0.0000	</row0>
					<row1>	0.0000 1.0000 0.0000 0.0000	</row1>
					<row2>	-0.3409 0.0000 0.9401 0.0000	</row2>
					<row3>	0.1628 0.6281 1.4575 1.0000	</row3>
				</transform>
			</node>
			<node>
				<identifier>	MP_JM202_Fender	</identifier>
				<transform>
					<row0>	0.8051 0.0000 0.5932 0.0000	</row0>
					<row1>	0.0000 1.0000 0.0000 0.0000	</row1>
					<row2>	-0.5932 0.0000 0.8051 0.0000	</row2>
					<row3>	0.1766 0.3266 1.7799 1.0000	</row3>
				</transform>
			</node>
			<node>
				<identifier>	MP_JM202_Fender_INDEX_1	</identifier>
				<transform>
					<row0>	-1.0000 0.0000 0.0000 0.0000	</row0>
					<row1>	0.0000 1.0000 0.0000 0.0000	</row1>
					<row2>	0.0000 0.0000 -1.0000 0.0000	</row2>
					<row3>	-0.1441 0.1953 0.6356 1.0000	</row3>
				</transform>
			</node>
			<node>
				<identifier>	MP_JM202_Fender_INDEX_2	</identifier>
				<transform>
					<row0>	1.0000 0.0000 0.0000 0.0000	</row0>
					<row1>	0.0000 1.0000 0.0000 0.0000	</row1>
					<row2>	0.0000 0.0000 1.0000 0.0000	</row2>
					<row3>	0.1441 0.1953 0.6356 1.0000	</row3>
				</transform>
			</node>
			<node>
				<identifier>	MP_JM208_Controler_Sl	</identifier>
				<transform>
					<row0>	1.0000 0.0000 0.0000 0.0000	</row0>
					<row1>	0.0000 1.0000 0.0000 0.0000	</row1>
					<row2>	0.0000 0.0000 1.0000 0.0000	</row2>
					<row3>	0.0000 0.6382 1.1504 1.0000	</row3>
				</transform>
			</node>
			<node>
				<identifier>	MP_JM303_Running_Lights_F	</identifier>
				<transform>
					<row0>	0.5869 0.0000 0.0000 0.0000	</row0>
					<row1>	0.0000 0.5869 0.0000 0.0000	</row1>
