<RSC044_Pr_84_Alexander_Nevsky_1959_Stern_ports.visual>
	<node>
		<identifier>	Scene Root	</identifier>
		<transform>
			<row0>	1.0000 0.0000 0.0000 0.0000	</row0>
			<row1>	0.0000 1.0000 0.0000 0.0000	</row1>
			<row2>	0.0000 0.0000 1.0000 0.0000	</row2>
			<row3>	0.0000 0.0000 0.0000 1.0000	</row3>
		</transform>
		<node>
			<identifier>	Stern_ports	</identifier>
			<transform>
				<row0>	1.0000 0.0000 0.0000 0.0000	</row0>
				<row1>	0.0000 1.0000 0.0000 0.0000	</row1>
				<row2>	0.0000 0.0000 1.0000 0.0000	</row2>
				<row3>	0.0000 0.0000 0.0000 1.0000	</row3>
			</transform>
			<node>
				<identifier>	HP_FX_Death_3	</identifier>
				<transform>
					<row0>	1.0000 0.0000 0.0000 0.0000	</row0>
					<row1>	0.0000 1.0000 0.0000 0.0000	</row1>
					<row2>	0.0000 0.0000 1.0000 0.0000	</row2>
					<row3>	0.0000 0.0000 -4.4770 1.0000	</row3>
				</transform>
			</node>
			<node>
				<identifier>	HP_FX_Fire_4	</identifier>
				<transform>
					<row0>	1.0000 0.0000 0.0000 0.0000	</row0>
					<row1>	0.0000 1.0000 0.0000 0.0000	</row1>
					<row2>	0.0000 0.0000 1.0000 0.0000	</row2>
					<row3>	0.0560 0.3032 -5.5848 1.0000	</row3>
				</transform>
			</node>
			<node>
				<identifier>	HP_FX_Flood_water_left	</identifier>
				<transform>
					<row0>	-1.0000 0.0000 0.0000 0.0000	</row0>
					<row1>	0.0000 1.0000 0.0000 0.0000	</row1>
					<row2>	0.0000 0.0000 -1.0000 0.0000	</row2>
					<row3>	-0.3457 0.0306 -6.5050 1.0000	</row3>
				</transform>
			</node>
			<node>
				<identifier>	HP_FX_Flood_water_right	</identifier>
				<transform>
					<row0>	1.0000 0.0000 0.0000 0.0000	</row0>
					<row1>	0.0000 1.0000 0.0000 0.0000	</row1>
					<row2>	0.0000 0.0000 1.0000 0.0000	</row2>
					<row3>	0.3455 0.0304 -6.5049 1.0000	</row3>
				</transform>
			</node>
			<node>
				<identifier>	HP_FX_RepairLight_left_2	</identifier>
				<transform>
					<row0>	-0.0988 0.0000 0.9951 0.0000	</row0>
					<row1>	-0.0829 0.9965 -0.0082 0.0000	</row1>
					<row2>	-0.9916 -0.0833 -0.0985 0.0000	</row2>
					<row3>	-0.6703 0.2914 -4.6188 1.0000	</row3>
				</transform>
			</node>
			<node>
				<identifier>	HP_FX_WakeTraceBack	</identifier>
				<transform>
					<row0>	1.0000 0.0000 0.0000 0.0000	</row0>
					<row1>	0.0000 1.0000 0.0000 0.0000	</row1>
					<row2>	0.0000 0.0000 1.0000 0.0000	</row2>
					<row3>	0.0000 0.0000 -7.4663 1.0000	</row3>
				</transform>
			</node>
			<node>
				<identifier>	HP_FX_WakeTrace_screw_1	</identifier>
				<transform>
					<row0>	1.0000 0.0000 0.0000 0.0000	</row0>
					<row1>	0.0000 1.0000 0.0000 0.0000	</row1>
					<row2>	0.0000 0.0000 1.0000 0.0000	</row2>
					<row3>	0.0000 -0.3600 -6.8770 1.0000	</row3>
				</transform>
			</node>
			<node>
				<identifier>	HP_FX_WakeTrace_screw_2	</identifier>
				<transform>
					<row0>	1.0000 0.0000 0.0000 0.0000	</row0>
					<row1>	0.0000 1.0000 0.0000 0.0000	</row1>
					<row2>	0.0000 0.0000 1.0000 0.0000	</row2>
					<row3>	-0.3047 -0.3604 -5.7986 1.0000	</row3>
				</transform>
			</node>
			<node>
				<identifier>	HP_FX_WakeTrace_screw_3	</identifier>
				<transform>
					<row0>	1.0000 0.0000 0.0000 0.0000	</row0>
					<row1>	0.0000 1.0000 0.0000 0.0000	</row1>
					<row2>	0.0000 0.0000 1.0000 0.0000	</row2>
					<row3>	0.3047 -0.3604 -5.7986 1.0000	</row3>
				</transform>
			</node>
			<node>
				<identifier>	HP_RGM_4	</identifier>
				<transform>
					<row0>	-1.0000 0.0000 0.0000 0.0000	</row0>
					<row1>	0.0000 1.0000 0.0000 0.0000	</row1>
					<row2>	0.0000 0.0000 -1.0000 0.0000	</row2>
					<row3>	0.0000 0.3785 -4.6995 1.0000	</row3>
				</transform>
			</node>
			<node>
				<identifier>	HP_Ship_death_3	</identifier>
				<transform>
					<row0>	1.0000 0.0000 0.0000 0.0000	</row0>
					<row1>	0.0000 1.0000 0.0000 0.0000	</row1>
					<row2>	0.0000 0.0000 1.0000 0.0000	</row2>
					<row3>	0.0000 0.0000 -4.0522 1.0000	</row3>
				</transform>
			</node>
			<node>
				<identifier>	MP_CM001_Propeller3_L	</identifier>
				<transform>
					<row0>	1.3427 0.0000 0.0000 0.0000	</row0>
					<row1>	0.0000 1.3427 0.0000 0.0000	</row1>
					<row2>	0.0000 0.0000 1.3427 0.0000	</row2>
					<row3>	0.0000 -0.3600 -6.8770 1.0000	</row3>
				</transform>
			</node>
			<node>
				<identifier>	MP_CM001_Propeller3_L_INDEX_1	</identifier>
				<transform>
					<row0>	1.3428 0.0000 -0.0256 0.0000	</row0>
					<row1>	0.0000 1.3430 0.0000 0.0000	</row1>
					<row2>	0.0256 0.0000 1.3428 0.0000	</row2>
					<row3>	-0.3047 -0.3604 -5.7986 1.0000	</row3>
				</transform>
			</node>
			<node>
				<identifier>	MP_CM011_Fire_Fighting_Gear	</identifier>
				<transform>
					<row0>	-1.0000 0.0000 0.0000 0.0000	</row0>
					<row1>	0.0000 1.0000 0.0000 0.0000	</row1>
					<row2>	0.0000 0.0000 -1.0000 0.0000	</row2>
					<row3>	0.0789 0.3344 -6.9245 1.0000	</row3>
				</transform>
			</node>
			<node>
				<identifier>	MP_CM032_Propeller3_R	</identifier>
				<transform>
					<row0>	1.3428 -0.0035 0.0256 0.0000	</row0>
					<row1>	0.0035 1.3430 0.0001 0.0000	</row1>
					<row2>	-0.0256 0.0000 1.3428 0.0000	</row2>
					<row3>	0.3047 -0.3604 -5.7986 1.0000	</row3>
				</transform>
			</node>
			<node>
				<identifier>	MP_RM017_Fairlead	</identifier>
				<transform>
					<row0>	0.9974 0.0059 0.0724 0.0000	</row0>
					<row1>	-0.0074 0.9998 0.0211 0.0000	</row1>
					<row2>	-0.0723 -0.0216 0.9972 0.0000	</row2>
					<row3>	-0.6774 0.2954 -4.3370 1.0000	</row3>
				</transform>
			</node>
			<node>
				<identifier>	MP_RM017_Fairlead_INDEX_1	</identifier>
				<transform>
					<row0>	0.9927 0.0048 0.1202 0.0000	</row0>
					<row1>	-0.0074 0.9998 0.0211 0.0000	</row1>
					<row2>	-0.1201 -0.0218 0.9925 0.0000	</row2>
					<row3>	-0.5649 0.3158 -5.4458 1.0000	</row3>
				</transform>
			</node>
			<node>
				<identifier>	MP_RM017_Fairlead_INDEX_2	</identifier>
				<transform>
					<row0>	0.9927 -0.0048 -0.1202 0.0000	</row0>
					<row1>	0.0074 0.9998 0.0211 0.0000	</row1>
					<row2>	0.1201 -0.0218 0.9925 0.0000	</row2>
					<row3>	0.5649 0.3158 -5.4458 1.0000	</row3>
				</transform>
			</node>
			<node>
				<identifier>	MP_RM017_Fairlead_INDEX_3	</identifier>
				<transform>
					<row0>	0.9974 -0.0059 -0.0724 0.0000	</row0>
					<row1>	0.0074 0.9998 0.0211 0.0000	</row1>
					<row2>	0.0723 -0.0216 0.9972 0.0000	</row2>
					<row3>	0.6774 0.2954 -4.3370 1.0000	</row3>
				</transform>
			</node>
			<node>
				<identifier>	MP_RM021_Screened_speed_light	</identifier>
				<transform>
					<row0>	-1.0000 0.0000 0.0000 0.0000	</row0>
					<row1>	0.0000 1.0000 0.0000 0.0000	</row1>
					<row2>	0.0000 0.0000 -1.0000 0.0000	</row2>
					<row3>	0.0000 0.6262 -7.5661 1.0000	</row3>
				</transform>
			</node>
			<node>
				<identifier>	MP_RM028_Signal_Lamp	</identifier>
				<transform>
					<row0>	-1.0000 0.0000 0.0000 0.0000	</row0>
					<row1>	0.0000 0.9596 -0.2815 0.0000	</row1>
					<row2>	0.0000 -0.2815 -0.9596 0.0000	</row2>
					<row3>	0.0000 0.8124 -7.5974 1.0000	</row3>
				</transform>
			</node>
			<node>
				<identifier>	MP_RM105_Signal_Lamp	</identifier>
				<transform>
					<row0>	-1.0000 0.0000 0.0000 0.0000	</row0>
					<row1>	0.0000 1.0000 0.0000 0.0000	</row1>
					<row2>	0.0000 0.0000 -1.0000 0.0000	</row2>
					<row3>	0.0665 0.3645 -5.5661 1.0000	</row3>
				</transform>
			</node>
			<node>
				<identifier>	MP_RM163_Antenna_UCV	</identifier>
				<transform>
					<row0>	1.0000 0.0000 0.0000 0.0000	</row0>
					<row1>	0.0000 1.0000 0.0000 0.0000	</row1>
					<row2>	0.0000 0.0000 1.0000 0.0000	</row2>
					<row3>	0.4775 0.3639 -6.0422 1.0000	</row3>
				</transform>
			</node>
			<node>
				<identifier>	MP_RM200_Running_Lights_B	</identifier>
				<transform>
					<row0>	-1.0000 0.0000 0.0000 0.0000	</row0>
					<row1>	0.0000 1.0000 0.0000 0.0000	</row1>
					<row2>	0.0000 0.0000 -1.0000 0.0000	</row2>
					<row3>	0.0000 0.4314 -7.5057 1.0000	</row3>
				</transform>
			</node>
			<node>
				<identifier>	MP_RM249_Coat_of_Arms_USSR	</identifier>
				<transform>
					<row0>	-1.0000 0.0000 0.0000 0.0000	</row0>
					<row1>	0.0000 0.9967 -0.0815 0.0000	</row1>
					<row2>	0.0000 -0.0815 -0.9967 0.0000	</row2>
					<row3>	0.0000 0.3152 -7.5150 1.0000	</row3>
				</transform>
			</node>
			<node>
				<identifier>	MP_RM254_Anchor_Capstan_Stern	</identifier>
				<transform>
					<row0>	1.0000 0.0000 0.0000 0.0000	</row0>
					<row1>	0.0000 0.9998 0.0176 0.0000	</row1>
					<row2>	0.0000 -0.0176 0.9998 0.0000	</row2>
					<row3>	0.1886 0.3111 -5.5664 1.0000	</row3>
				</transform>
			</node>
			<node>
				<identifier>	MP_RM254_Anchor_Capstan_Stern_INDEX_1	</identifier>
				<transform>
					<row0>	1.0000 0.0000 0.0000 0.0000	</row0>
					<row1>	0.0000 0.9998 0.0176 0.0000	</row1>
					<row2>	0.0000 -0.0176 0.9998 0.0000	</row2>
					<row3>	-0.1886 0.3111 -5.5664 1.0000	</row3>
				</transform>
			</node>
			<node>
				<identifier>	MP_RM256_Fairled	</identifier>
				<transform>
					<row0>	0.9997 -0.0031 0.0245 0.0000	</row0>
					<row1>	0.0028 1.0000 0.0085 0.0000	</row1>
					<row2>	-0.0245 -0.0085 0.9997 0.0000	</row2>
					<row3>	-0.1835 0.3400 -7.2718 1.0000	</row3>
				</transform>
			</node>
			<node>
				<identifier>	MP_RM281_Bollard	</identifier>
				<transform>
					<row0>	1.0000 0.0000 0.0000 0.0000	</row0>
					<row1>	0.0000 0.9998 0.0190 0.0000	</row1>
					<row2>	0.0000 -0.0190 0.9998 0.0000	</row2>
					<row3>	-0.4972 0.3075 -5.5982 1.0000	</row3>
				</transform>
			</node>
			<node>
				<identifier>	MP_RM281_Bollard_INDEX_1	</identifier>
				<transform>
					<row0>	1.0000 0.0000 0.0000 0.0000	</row0>
					<row1>	0.0000 0.9998 0.0190 0.0000	</row1>
					<row2>	0.0000 -0.0190 0.9998 0.0000	</row2>
					<row3>	0.4972 0.3075 -5.5982 1.0000	</row3>
				</transform>
			</node>
			<node>
				<identifier>	MP_RM281_Bollard_INDEX_2	</identifier>
				<transform>
					<row0>	1.0000 0.0000 0.0000 0.0000	</row0>
					<row1>	0.0000 0.9998 0.0190 0.0000	</row1>
					<row2>	0.0000 -0.0190 0.9998 0.0000	</row2>
					<row3>	-0.3276 0.3266 -6.6313 1.0000	</row3>
				</transform>
			</node>
			<node>
				<identifier>	MP_RM281_Bollard_INDEX_3	</identifier>
				<transform>
					<row0>	1.0000 0.0000 0.0000 0.0000	</row0>
					<row1>	0.0000 0.9998 0.0190 0.0000	</row1>
					<row2>	0.0000 -0.0190 0.9998 0.0000	</row2>
					<row3>	0.6338 0.2898 -4.5688 1.0000	</row3>
				</transform>
			</node>
			<node>
				<identifier>	MP_RM281_Bollard_INDEX_4	</identifier>
				<transform>
					<row0>	1.0000 0.0000 0.0000 0.0000	</row0>
					<row1>	0.0000 0.9998 0.0190 0.0000	</row1>
					<row2>	0.0000 -0.0190 0.9998 0.0000	</row2>
					<row3>	-0.6338 0.2898 -4.5688 1.0000	</row3>
				</transform>
			</node>
			<node>
				<identifier>	MP_RM281_Bollard_INDEX_5	</identifier>
				<transform>
					<row0>	1.0000 0.0000 0.0000 0.0000	</row0>
					<row1>	0.0000 0.9998 0.0190 0.0000	</row1>
					<row2>	0.0000 -0.0190 0.9998 0.0000	</row2>
					<row3>	0.3276 0.3266 -6.6313 1.0000	</row3>
				</transform>
			</node>
			<node>
				<identifier>	MP_RM282_Fairlead	</identifier>
				<transform>
					<row0>	0.9835 -0.0034 0.1808 0.0000	</row0>
					<row1>	0.0000 0.9998 0.0190 0.0000	</row1>
					<row2>	-0.1808 -0.0187 0.9833 0.0000	</row2>
					<row3>	-0.3249 0.3465 -7.0340 1.0000	</row3>
				</transform>
			</node>
			<node>
				<identifier>	MP_RM282_Fairlead_INDEX_1	</identifier>
				<transform>
					<row0>	0.9835 0.0034 -0.1808 0.0000	</row0>
					<row1>	0.0000 0.9998 0.0190 0.0000	</row1>
					<row2>	0.1808 -0.0187 0.9833 0.0000	</row2>
					<row3>	0.3249 0.3465 -7.0340 1.0000	</row3>
				</transform>
			</node>
			<node>
				<identifier>	MP_RM284_Hatch	</identifier>
				<transform>
					<row0>	1.0000 0.0000 0.0000 0.0000	</row0>
					<row1>	0.0000 1.0000 0.0000 0.0000	</row1>
					<row2>	0.0000 0.0000 1.0000 0.0000	</row2>
					<row3>	0.3007 0.3031 -5.4356 1.0000	</row3>
				</transform>
			</node>
			<node>
				<identifier>	MP_RM284_Hatch_INDEX_1	</identifier>
				<transform>
					<row0>	1.0000 0.0000 0.0000 0.0000	</row0>
					<row1>	0.0000 1.0000 0.0000 0.0000	</row1>
					<row2>	0.0000 0.0000 1.0000 0.0000	</row2>
					<row3>	-0.3007 0.3031 -5.4356 1.0000	</row3>
				</transform>
			</node>
			<node>
				<identifier>	MP_RM284_Hatch_INDEX_2	</identifier>
				<transform>
					<row0>	1.0000 0.0000 0.0000 0.0000	</row0>
					<row1>	0.0000 1.0000 0.0000 0.0000	</row1>
					<row2>	0.0000 0.0000 1.0000 0.0000	</row2>
					<row3>	-0.3675 0.2928 -4.9026 1.0000	</row3>
				</transform>
			</node>
			<node>
				<identifier>	MP_RM284_Hatch_INDEX_3	</identifier>
				<transform>
					<row0>	1.0000 0.0000 0.0000 0.0000	</row0>
					<row1>	0.0000 1.0000 0.0000 0.0000	</row1>
					<row2>	0.0000 0.0000 1.0000 0.0000	</row2>
					<row3>	0.3675 0.2928 -4.9026 1.0000	</row3>
				</transform>
			</node>
			<node>
				<identifier>	MP_RM284_Hatch_INDEX_4	</identifier>
				<transform>
					<row0>	1.0000 0.0000 0.0000 0.0000	</row0>
					<row1>	0.0000 1.0000 0.0000 0.0000	</row1>
					<row2>	0.0000 0.0000 1.0000 0.0000	</row2>
					<row3>	0.1670 0.3323 -7.1022 1.0000	</row3>
				</transform>
			</node>
			<node>
				<identifier>	MP_RM287_Hatch	</identifier>
				<transform>
					<row0>	-1.0000 0.0000 0.0000 0.0000	</row0>
					<row1>	0.0000 1.0000 0.0000 0.0000	</row1>
					<row2>	0.0000 0.0000 -1.0000 0.0000	</row2>
					<row3>	-0.1008 0.3343 -7.3323 1.0000	</row3>
				</transform>
			</node>
			<node>
				<identifier>	MP_RM287_Hatch_INDEX_1	</identifier>
				<transform>
					<row0>	-1.0000 0.0000 0.0000 0.0000	</row0>
					<row1>	0.0000 1.0000 0.0000 0.0000	</row1>
					<row2>	0.0000 0.0000 -1.0000 0.0000	</row2>
					<row3>	-0.2002 0.2819 -4.2656 1.0000	</row3>
				</transform>
			</node>
			<node>
				<identifier>	MP_RM287_Hatch_INDEX_2	</identifier>
				<transform>
					<row0>	-1.0000 0.0000 0.0000 0.0000	</row0>
					<row1>	0.0000 1.0000 0.0000 0.0000	</row1>
					<row2>	0.0000 0.0000 -1.0000 0.0000	</row2>
					<row3>	0.2999 0.3119 -5.9329 1.0000	</row3>
				</transform>
			</node>
			<node>
				<identifier>	MP_RM287_Hatch_INDEX_3	</identifier>
				<transform>
					<row0>	-1.0000 0.0000 0.0000 0.0000	</row0>
					<row1>	0.0000 1.0000 0.0000 0.0000	</row1>
					<row2>	0.0000 0.0000 -1.0000 0.0000	</row2>
					<row3>	0.0338 0.2982 -5.1996 1.0000	</row3>
				</transform>
			</node>
			<node>
				<identifier>	MP_RM287_Hatch_INDEX_4	</identifier>
				<transform>
					<row0>	-1.0000 0.0000 0.0000 0.0000	</row0>
					<row1>	0.0000 1.0000 0.0000 0.0000	</row1>
					<row2>	0.0000 0.0000 -1.0000 0.0000	</row2>
					<row3>	0.2999 0.2852 -4.4672 1.0000	</row3>
				</transform>
			</node>
			<node>
				<identifier>	MP_RM287_Hatch_INDEX_5	</identifier>
				<transform>
					<row0>	-1.0000 0.0000 0.0000 0.0000	</row0>
					<row1>	0.0000 1.0000 0.0000 0.0000	</row1>
					<row2>	0.0000 0.0000 -1.0000 0.0000	</row2>
					<row3>	-0.3006 0.3152 -6.1994 1.0000	</row3>
				</transform>
			</node>
			<node>
				<identifier>	MP_RM288_Hatch	</identifier>
				<transform>
					<row0>	-0.7000 0.0000 0.0000 0.0000	</row0>
					<row1>	0.0000 0.7000 0.0000 0.0000	</row1>
					<row2>	0.0000 0.0000 -0.7000 0.0000	</row2>
					<row3>	0.3164 0.2889 -4.6158 1.0000	</row3>
				</transform>
			</node>
			<node>
				<identifier>	MP_RM288_Hatch_INDEX_1	</identifier>
				<transform>
					<row0>	-0.7000 0.0000 0.0000 0.0000	</row0>
					<row1>	0.0000 0.7000 0.0000 0.0000	</row1>
					<row2>	0.0000 0.0000 -0.7000 0.0000	</row2>
					<row3>	-0.2836 0.2889 -4.5495 1.0000	</row3>
				</transform>
			</node>
			<node>
				<identifier>	MP_RM289_Reel	</identifier>
				<transform>
					<row0>	1.0000 0.0000 0.0000 0.0000	</row0>
					<row1>	0.0000 0.9998 0.0183 0.0000	</row1>
					<row2>	0.0000 -0.0183 0.9998 0.0000	</row2>
					<row3>	-0.1956 0.3002 -5.1126 1.0000	</row3>
				</transform>
			</node>
			<node>
				<identifier>	MP_RM289_Reel_INDEX_1	</identifier>
				<transform>
					<row0>	1.0000 0.0000 0.0000 0.0000	</row0>
					<row1>	0.0000 1.0000 0.0055 0.0000	</row1>
					<row2>	0.0000 -0.0055 1.0000 0.0000	</row2>
					<row3>	-0.1315 0.3034 -5.2972 1.0000	</row3>
				</transform>
			</node>
			<node>
				<identifier>	MP_RM289_Reel_INDEX_2	</identifier>
				<transform>
					<row0>	-1.0000 0.0000 0.0000 0.0000	</row0>
					<row1>	0.0000 1.0000 0.0082 0.0000	</row1>
					<row2>	0.0000 0.0082 -1.0000 0.0000	</row2>
					<row3>	0.1315 0.3033 -5.2972 1.0000	</row3>
				</transform>
			</node>
			<node>
				<identifier>	MP_RM289_Reel_INDEX_3	</identifier>
				<transform>
					<row0>	-1.0000 0.0000 0.0000 0.0000	</row0>
					<row1>	0.0000 0.9998 0.0179 0.0000	</row1>
					<row2>	0.0000 0.0179 -0.9998 0.0000	</row2>
					<row3>	0.1956 0.3002 -5.1127 1.0000	</row3>
				</transform>
			</node>
			<node>
				<identifier>	MP_RM295_Ventilation	</identifier>
				<transform>
					<row0>	0.7071 0.0000 0.7071 0.0000	</row0>
					<row1>	0.0000 1.0000 0.0000 0.0000	</row1>
					<row2>	-0.7071 0.0000 0.7071 0.0000	</row2>
					<row3>	-0.1797 0.2906 -4.9194 1.0000	</row3>
				</transform>
			</node>
			<node>
				<identifier>	MP_RM295_Ventilation_INDEX_1	</identifier>
				<transform>
					<row0>	0.7071 0.0000 0.7071 0.0000	</row0>
					<row1>	0.0000 1.0000 0.0000 0.0000	</row1>
					<row2>	-0.7071 0.0000 0.7071 0.0000	</row2>
					<row3>	0.2458 0.2906 -4.8441 1.0000	</row3>
				</transform>
			</node>
			<node>
				<identifier>	MP_RM295_Ventilation_INDEX_2	</identifier>
				<transform>
					<row0>	0.7071 0.0000 0.7071 0.0000	</row0>
					<row1>	0.0000 1.0000 0.0000 0.0000	</row1>
					<row2>	-0.7071 0.0000 0.7071 0.0000	</row2>
					<row3>	0.2794 0.2923 -4.7553 1.0000	</row3>
				</transform>
			</node>
			<node>
				<identifier>	MP_RM295_Ventilation_INDEX_3	</identifier>
				<transform>
					<row0>	1.0384 0.0000 1.0384 0.0000	</row0>
					<row1>	0.0000 1.4685 0.0000 0.0000	</row1>
					<row2>	-1.0384 0.0000 1.0384 0.0000	</row2>
					<row3>	0.1470 0.3323 -7.2862 1.0000	</row3>
				</transform>
			</node>
			<node>
				<identifier>	MP_RM295_Ventilation_INDEX_4	</identifier>
				<transform>
					<row0>	0.7071 0.0000 0.7071 0.0000	</row0>
					<row1>	0.0000 1.0000 0.0000 0.0000	</row1>
					<row2>	-0.7071 0.0000 0.7071 0.0000	</row2>
					<row3>	-0.0180 0.2906 -4.9832 1.0000	</row3>
				</transform>
			</node>
			<node>
				<identifier>	MP_RM295_Ventilation_INDEX_5	</identifier>
				<transform>
					<row0>	0.7071 0.0000 0.7071 0.0000	</row0>
					<row1>	0.0000 1.0000 0.0000 0.0000	</row1>
					<row2>	-0.7071 0.0000 0.7071 0.0000	</row2>
					<row3>	-0.1220 0.3305 -6.9155 1.0000	</row3>
				</transform>
			</node>
			<node>
				<identifier>	MP_RM300_Winch_Provisions	</identifier>
				<transform>
					<row0>	0.0000 -0.0129 0.9999 0.0000	</row0>
					<row1>	0.0000 0.9999 0.0129 0.0000	</row1>
					<row2>	-1.0000 0.0000 0.0000 0.0000	</row2>
					<row3>	0.3383 0.2824 -4.1655 1.0000	</row3>
				</transform>
			</node>
			<node>
				<identifier>	MP_RM300_Winch_Provisions_INDEX_1	</identifier>
				<transform>
					<row0>	0.0000 0.0129 -0.9999 0.0000	</row0>
					<row1>	0.0000 0.9999 0.0129 0.0000	</row1>
					<row2>	1.0000 0.0000 0.0000 0.0000	</row2>
					<row3>	-0.3383 0.2831 -4.1655 1.0000	</row3>
				</transform>
			</node>
			<node>
				<identifier>	MP_RM311_Barrel_DV	</identifier>
				<transform>
					<row0>	-0.1397 0.0167 -0.9901 0.0000	</row0>
					<row1>	-0.0032 0.9998 0.0173 0.0000	</row1>
					<row2>	0.9902 0.0056 -0.1396 0.0000	</row2>
					<row3>	0.4436 0.3204 -6.2333 1.0000	</row3>
				</transform>
			</node>
			<node>
				<identifier>	MP_RM311_Barrel_DV_INDEX_1	</identifier>
				<transform>
					<row0>	-0.1217 0.0168 -0.9924 0.0000	</row0>
					<row1>	-0.0032 0.9998 0.0173 0.0000	</row1>
					<row2>	0.9926 0.0053 -0.1217 0.0000	</row2>
					<row3>	0.5623 0.3043 -5.3256 1.0000	</row3>
				</transform>
			</node>
			<node>
				<identifier>	MP_RM311_Barrel_DV_INDEX_2	</identifier>
				<transform>
					<row0>	-0.1225 -0.0176 0.9923 0.0000	</row0>
					<row1>	-0.0032 0.9998 0.0173 0.0000	</row1>
					<row2>	-0.9925 -0.0011 -0.1226 0.0000	</row2>
					<row3>	-0.5623 0.3043 -5.3256 1.0000	</row3>
				</transform>
			</node>
			<node>
				<identifier>	MP_RM311_Barrel_DV_INDEX_3	</identifier>
				<transform>
					<row0>	-0.1339 0.0167 -0.9909 0.0000	</row0>
					<row1>	-0.0032 0.9998 0.0173 0.0000	</row1>
					<row2>	0.9910 0.0055 -0.1338 0.0000	</row2>
					<row3>	0.4582 0.3187 -6.1365 1.0000	</row3>
				</transform>
			</node>
			<node>
				<identifier>	MP_RM311_Barrel_DV_INDEX_4	</identifier>
				<transform>
					<row0>	-0.1397 -0.0167 0.9901 0.0000	</row0>
					<row1>	0.0032 0.9998 0.0173 0.0000	</row1>
					<row2>	-0.9902 0.0056 -0.1396 0.0000	</row2>
					<row3>	-0.4436 0.3204 -6.2333 1.0000	</row3>
				</transform>
			</node>
			<node>
				<identifier>	MP_RM311_Barrel_DV_INDEX_5	</identifier>
				<transform>
					<row0>	-0.1339 -0.0167 0.9909 0.0000	</row0>
					<row1>	0.0032 0.9998 0.0173 0.0000	</row1>
					<row2>	-0.9910 0.0055 -0.1338 0.0000	</row2>
					<row3>	-0.4582 0.3187 -6.1365 1.0000	</row3>
				</transform>
			</node>
			<node>
				<identifier>	MP_RM317_Sbomb_ejector	</identifier>
				<transform>
					<row0>	0.1418 -0.0237 0.9896 0.0000	</row0>
					<row1>	0.0034 0.9997 0.0235 0.0000	</row1>
					<row2>	-0.9899 0.0000 0.1418 0.0000	</row2>
					<row3>	0.4442 0.3221 -6.3043 1.0000	</row3>
				</transform>
			</node>
			<node>
				<identifier>	MP_RM317_Sbomb_ejector_INDEX_1	</identifier>
				<transform>
					<row0>	0.8394 -0.0109 0.5433 0.0000	</row0>
					<row1>	0.0015 0.9998 0.0176 0.0000	</row1>
					<row2>	-0.5435 -0.0139 0.8393 0.0000	</row2>
					<row3>	0.1609 0.3441 -7.4521 1.0000	</row3>
				</transform>
			</node>
			<node>
				<identifier>	MP_RM317_Sbomb_ejector_INDEX_10	</identifier>
				<transform>
					<row0>	0.8978 0.0088 -0.4404 0.0000	</row0>
					<row1>	-0.0012 0.9998 0.0176 0.0000	</row1>
					<row2>	0.4405 -0.0153 0.8976 0.0000	</row2>
					<row3>	-0.1242 0.3446 -7.4728 1.0000	</row3>
				</transform>
			</node>
			<node>
				<identifier>	MP_RM317_Sbomb_ejector_INDEX_11	</identifier>
				<transform>
					<row0>	0.1418 -0.0237 0.9896 0.0000	</row0>
					<row1>	0.0034 0.9997 0.0235 0.0000	</row1>
					<row2>	-0.9899 0.0000 0.1418 0.0000	</row2>
					<row3>	0.4330 0.3235 -6.3834 1.0000	</row3>
				</transform>
			</node>
			<node>
				<identifier>	MP_RM317_Sbomb_ejector_INDEX_12	</identifier>
				<transform>
					<row0>	0.1418 0.0237 -0.9896 0.0000	</row0>
					<row1>	-0.0034 0.9997 0.0235 0.0000	</row1>
					<row2>	0.9899 0.0000 0.1418 0.0000	</row2>
					<row3>	-0.4161 0.3256 -6.5027 1.0000	</row3>
				</transform>
			</node>
			<node>
				<identifier>	MP_RM317_Sbomb_ejector_INDEX_13	</identifier>
				<transform>
					<row0>	0.1418 0.0237 -0.9896 0.0000	</row0>
					<row1>	-0.0034 0.9997 0.0235 0.0000	</row1>
					<row2>	0.9899 0.0000 0.1418 0.0000	</row2>
					<row3>	-0.4218 0.3249 -6.4629 1.0000	</row3>
				</transform>
			</node>
			<node>
				<identifier>	MP_RM317_Sbomb_ejector_INDEX_14	</identifier>
				<transform>
					<row0>	0.1418 0.0237 -0.9896 0.0000	</row0>
					<row1>	-0.0034 0.9997 0.0235 0.0000	</row1>
					<row2>	0.9899 0.0000 0.1418 0.0000	</row2>
					<row3>	-0.4274 0.3242 -6.4236 1.0000	</row3>
				</transform>
			</node>
			<node>
				<identifier>	MP_RM317_Sbomb_ejector_INDEX_15	</identifier>
				<transform>
					<row0>	0.1418 0.0237 -0.9896 0.0000	</row0>
					<row1>	-0.0034 0.9997 0.0235 0.0000	</row1>
					<row2>	0.9899 0.0000 0.1418 0.0000	</row2>
					<row3>	-0.4330 0.3235 -6.3834 1.0000	</row3>
				</transform>
			</node>
			<node>
				<identifier>	MP_RM317_Sbomb_ejector_INDEX_16	</identifier>
				<transform>
					<row0>	0.1418 0.0237 -0.9896 0.0000	</row0>
					<row1>	-0.0034 0.9997 0.0235 0.0000	</row1>
					<row2>	0.9899 0.0000 0.1418 0.0000	</row2>
					<row3>	-0.4387 0.3228 -6.3435 1.0000	</row3>
				</transform>
			</node>
			<node>
				<identifier>	MP_RM317_Sbomb_ejector_INDEX_17	</identifier>
				<transform>
					<row0>	0.1418 0.0237 -0.9896 0.0000	</row0>
					<row1>	-0.0034 0.9997 0.0235 0.0000	</row1>
					<row2>	0.9899 0.0000 0.1418 0.0000	</row2>
					<row3>	-0.4442 0.3221 -6.3043 1.0000	</row3>
				</transform>
			</node>
			<node>
				<identifier>	MP_RM317_Sbomb_ejector_INDEX_2	</identifier>
				<transform>
					<row0>	0.1418 -0.0237 0.9896 0.0000	</row0>
					<row1>	0.0034 0.9997 0.0235 0.0000	</row1>
					<row2>	-0.9899 0.0000 0.1418 0.0000	</row2>
					<row3>	0.4274 0.3242 -6.4236 1.0000	</row3>
				</transform>
			</node>
			<node>
				<identifier>	MP_RM317_Sbomb_ejector_INDEX_3	</identifier>
				<transform>
					<row0>	0.8394 0.0109 -0.5433 0.0000	</row0>
					<row1>	-0.0015 0.9998 0.0176 0.0000	</row1>
					<row2>	0.5435 -0.0139 0.8393 0.0000	</row2>
					<row3>	-0.1608 0.3441 -7.4525 1.0000	</row3>
				</transform>
			</node>
			<node>
				<identifier>	MP_RM317_Sbomb_ejector_INDEX_4	</identifier>
				<transform>
					<row0>	0.9651 0.0064 -0.2618 0.0000	</row0>
					<row1>	-0.0019 0.9998 0.0176 0.0000	</row1>
					<row2>	0.2619 -0.0164 0.9650 0.0000	</row2>
					<row3>	-0.0829 0.3446 -7.4874 1.0000	</row3>
				</transform>
			</node>
			<node>
				<identifier>	MP_RM317_Sbomb_ejector_INDEX_5	</identifier>
				<transform>
					<row0>	0.8978 -0.0088 0.4404 0.0000	</row0>
					<row1>	0.0012 0.9998 0.0176 0.0000	</row1>
					<row2>	-0.4405 -0.0153 0.8976 0.0000	</row2>
					<row3>	0.1245 0.3446 -7.4719 1.0000	</row3>
				</transform>
			</node>
			<node>
				<identifier>	MP_RM317_Sbomb_ejector_INDEX_6	</identifier>
				<transform>
					<row0>	0.1418 -0.0237 0.9896 0.0000	</row0>
					<row1>	0.0034 0.9997 0.0235 0.0000	</row1>
					<row2>	-0.9899 0.0000 0.1418 0.0000	</row2>
					<row3>	0.4218 0.3249 -6.4629 1.0000	</row3>
				</transform>
			</node>
			<node>
				<identifier>	MP_RM317_Sbomb_ejector_INDEX_7	</identifier>
				<transform>
					<row0>	0.1418 -0.0237 0.9896 0.0000	</row0>
					<row1>	0.0034 0.9997 0.0235 0.0000	</row1>
					<row2>	-0.9899 0.0000 0.1418 0.0000	</row2>
					<row3>	0.4161 0.3256 -6.5027 1.0000	</row3>
				</transform>
			</node>
			<node>
				<identifier>	MP_RM317_Sbomb_ejector_INDEX_8	</identifier>
				<transform>
					<row0>	0.1418 -0.0237 0.9896 0.0000	</row0>
					<row1>	0.0034 0.9997 0.0235 0.0000	</row1>
					<row2>	-0.9899 0.0000 0.1418 0.0000	</row2>
					<row3>	0.4387 0.3228 -6.3435 1.0000	</row3>
				</transform>
			</node>
			<node>
				<identifier>	MP_RM317_Sbomb_ejector_INDEX_9	</identifier>
				<transform>
					<row0>	0.9651 -0.0064 0.2618 0.0000	</row0>
					<row1>	0.0019 0.9998 0.0176 0.0000	</row1>
					<row2>	-0.2619 -0.0164 0.9650 0.0000	</row2>
					<row3>	0.0828 0.3446 -7.4875 1.0000	</row3>
				</transform>
			</node>
			<node>
				<identifier>	SP_YMS011_YHWL_M_1_INDEX_13	</identifier>
				<transform>
					<row0>	0.9525 0.1767 0.0500 0.0000	</row0>
					<row1>	-0.1760 0.9537 -0.0170 0.0000	</row1>
					<row2>	-0.0522 0.0076 0.9686 0.0000	</row2>
					<row3>	-0.6435 0.0000 -4.3606 1.0000	</row3>
				</transform>
			</node>
			<node>
				<identifier>	SP_YMS011_YHWL_M_1_INDEX_14	</identifier>
				<transform>
					<row0>	0.8898 0.3686 0.1154 0.0000	</row0>
					<row1>	-0.3657 0.8972 -0.0465 0.0000	</row1>
					<row2>	-0.1244 -0.0008 0.9620 0.0000	</row2>
					<row3>	-0.5528 0.0000 -5.1517 1.0000	</row3>
				</transform>
			</node>
			<node>
				<identifier>	SP_YMS012_YHWR_M_1_INDEX_13	</identifier>
				<transform>
					<row0>	0.9525 -0.1767 -0.0500 0.0000	</row0>
					<row1>	0.1760 0.9537 -0.0170 0.0000	</row1>
					<row2>	0.0522 0.0076 0.9686 0.0000	</row2>
					<row3>	0.6435 0.0000 -4.3606 1.0000	</row3>
				</transform>
			</node>
			<node>
				<identifier>	SP_YMS012_YHWR_M_1_INDEX_14	</identifier>
				<transform>
					<row0>	0.8898 -0.3686 -0.1154 0.0000	</row0>
					<row1>	0.3657 0.8972 -0.0465 0.0000	</row1>
					<row2>	0.1244 -0.0008 0.9620 0.0000	</row2>
					<row3>	0.5528 0.0000 -5.1517 1.0000	</row3>
				</transform>
			</node>
			<node>
				<identifier>	SP_YMS023_YHUC_L_1	</identifier>
				<transform>
					<row0>	0.6747 0.0000 -0.0129 0.0000	</row0>
					<row1>	0.0000 0.6748 0.0000 0.0000	</row1>
					<row2>	0.0129 0.0000 0.6747 0.0000	</row2>
					<row3>	-0.3047 -0.3604 -5.7986 1.0000	</row3>
				</transform>
			</node>
			<node>
				<identifier>	SP_YMS023_YHUC_L_1_INDEX_1	</identifier>
				<transform>
					<row0>	0.6747 -0.0018 0.0129 0.0000	</row0>
					<row1>	0.0018 0.6748 0.0000 0.0000	</row1>
					<row2>	-0.0129 0.0000 0.6747 0.0000	</row2>
					<row3>	0.3047 -0.3604 -5.7986 1.0000	</row3>
				</transform>
			</node>
			<node>
				<identifier>	SP_YMS023_YHUC_L_1_INDEX_2	</identifier>
				<transform>
					<row0>	0.6748 0.0000 0.0000 0.0000	</row0>
					<row1>	0.0000 0.6748 0.0000 0.0000	</row1>
					<row2>	0.0000 0.0000 0.6748 0.0000	</row2>
					<row3>	0.0000 -0.3600 -6.8770 1.0000	</row3>
				</transform>
			</node>
			<node>
				<identifier>	SP_YMS030_YHAM_M_1	</identifier>
				<transform>
					<row0>	0.6350 0.0000 0.0000 0.0000	</row0>
					<row1>	0.0000 0.6350 0.0000 0.0000	</row1>
					<row2>	0.0000 0.0000 0.6350 0.0000	</row2>
					<row3>	0.0000 0.2337 -7.5276 1.0000	</row3>
				</transform>
			</node>
			<node>
				<identifier>	SP_YMS031_YHAL_M_1	</identifier>
				<transform>
					<row0>	1.1270 0.1676 0.2201 0.0000	</row0>
					<row1>	-0.1685 1.1482 -0.0114 0.0000	</row1>
					<row2>	-0.2194 -0.0209 1.1394 0.0000	</row2>
					<row3>	-0.3379 0.1859 -6.9722 1.0000	</row3>
				</transform>
			</node>
			<node>
				<identifier>	SP_YMS032_YHAR_M_1	</identifier>
				<transform>
					<row0>	1.1270 -0.1676 -0.2201 0.0000	</row0>
					<row1>	0.1685 1.1482 -0.0114 0.0000	</row1>
					<row2>	0.2194 -0.0209 1.1394 0.0000	</row2>
					<row3>	0.3379 0.1859 -6.9722 1.0000	</row3>
				</transform>
			</node>
			<node>
				<identifier>	SP_YMS053_YHDC_S_1_INDEX_10	</identifier>
				<transform>
					<row0>	0.8000 0.0000 0.0000 0.0000	</row0>
					<row1>	0.0000 0.8000 0.0076 0.0000	</row1>
					<row2>	0.0000 -0.0076 0.8000 0.0000	</row2>
					<row3>	0.0000 0.3500 -6.6091 1.0000	</row3>
				</transform>
			</node>
			<node>
				<identifier>	SP_YMS053_YHDC_S_1_INDEX_11	</identifier>
				<transform>
					<row0>	0.8000 0.0000 0.0000 0.0000	</row0>
					<row1>	0.0000 0.8000 0.0076 0.0000	</row1>
					<row2>	0.0000 -0.0076 0.8000 0.0000	</row2>
					<row3>	0.0000 0.3525 -6.7863 1.0000	</row3>
				</transform>
			</node>
			<node>
				<identifier>	SP_YMS053_YHDC_S_1_INDEX_7	</identifier>
				<transform>
					<row0>	1.0000 0.0000 0.0000 0.0000	</row0>
					<row1>	0.0000 1.0000 0.0095 0.0000	</row1>
					<row2>	0.0000 -0.0095 1.0000 0.0000	</row2>
					<row3>	-0.3526 0.3172 -5.6534 1.0000	</row3>
				</transform>
			</node>
			<node>
				<identifier>	SP_YMS053_YHDC_S_1_INDEX_8	</identifier>
				<transform>
					<row0>	1.0000 0.0000 0.0000 0.0000	</row0>
					<row1>	0.0000 1.0000 0.0095 0.0000	</row1>
					<row2>	0.0000 -0.0095 1.0000 0.0000	</row2>
					<row3>	0.3526 0.3172 -5.6534 1.0000	</row3>
				</transform>
			</node>
			<node>
				<identifier>	SP_YMS053_YHDC_S_1_INDEX_9	</identifier>
				<transform>
					<row0>	0.8000 0.0000 0.0000 0.0000	</row0>
					<row1>	0.0000 0.8000 0.0076 0.0000	</row1>
					<row2>	0.0000 -0.0076 0.8000 0.0000	</row2>
					<row3>	0.0000 0.3471 -6.4185 1.0000	</row3>
				</transform>
			</node>
			<node>
				<identifier>	SP_YMS080_YHSL_M_1_INDEX_3	</identifier>
				<transform>
					<row0>	0.6949 0.1145 0.0836 0.0000	</row0>
					<row1>	-0.1137 0.6999 -0.0138 0.0000	</row1>
					<row2>	-0.0847 0.0000 0.7041 0.0000	</row2>
					<row3>	-0.5324 0.1868 -5.6002 1.0000	</row3>
				</transform>
			</node>
			<node>
				<identifier>	SP_YMS080_YHSL_M_1_INDEX_4	</identifier>
				<transform>
					<row0>	0.6890 0.1288 0.1079 0.0000	</row0>
					<row1>	-0.1282 0.6974 -0.0138 0.0000	</row1>
					<row2>	-0.1086 -0.0061 0.7008 0.0000	</row2>
					<row3>	-0.4546 0.1868 -6.1784 1.0000	</row3>
				</transform>
			</node>
			<node>
				<identifier>	SP_YMS081_YHSR_M_1_INDEX_1	</identifier>
				<transform>
					<row0>	0.6949 -0.1145 -0.0836 0.0000	</row0>
					<row1>	0.1137 0.6999 -0.0138 0.0000	</row1>
					<row2>	0.0847 0.0000 0.7041 0.0000	</row2>
					<row3>	0.5324 0.1868 -5.6002 1.0000	</row3>
				</transform>
			</node>
			<node>
				<identifier>	SP_YMS081_YHSR_M_1_INDEX_2	</identifier>
				<transform>
					<row0>	0.6890 -0.1288 -0.1079 0.0000	</row0>
					<row1>	0.1282 0.6974 -0.0138 0.0000	</row1>
					<row2>	0.1086 -0.0061 0.7008 0.0000	</row2>
					<row3>	0.4546 0.1868 -6.1784 1.0000	</row3>
				</transform>
			</node>
			<node>
				<identifier>	SP_YMS082_YHSC_M_1_INDEX_10	</identifier>
				<transform>
					<row0>	0.1419 0.0063 -1.3928 0.0000	</row0>
					<row1>	-0.1427 1.3927 -0.0082 0.0000	</row1>
					<row2>	1.3855 0.1428 0.1418 0.0000	</row2>
					<row3>	-0.6133 0.1742 -4.9606 1.0000	</row3>
				</transform>
			</node>
			<node>
				<identifier>	SP_YMS082_YHSC_M_1_INDEX_11	</identifier>
				<transform>
					<row0>	0.1419 -0.0063 1.3928 0.0000	</row0>
					<row1>	0.1427 1.3927 -0.0082 0.0000	</row1>
					<row2>	-1.3855 0.1428 0.1418 0.0000	</row2>
					<row3>	0.6133 0.1742 -4.9606 1.0000	</row3>
				</transform>
			</node>
			<node>
				<identifier>	SP_YMS082_YHSC_M_1_INDEX_4	</identifier>
				<transform>
					<row0>	0.1332 -0.0054 1.3936 0.0000	</row0>
					<row1>	0.1150 1.3953 -0.0055 0.0000	</row1>
					<row2>	-1.3889 0.1150 0.1332 0.0000	</row2>
					<row3>	0.6718 0.1710 -4.3867 1.0000	</row3>
				</transform>
			</node>
			<node>
				<identifier>	SP_YMS082_YHSC_M_1_INDEX_9	</identifier>
				<transform>
					<row0>	0.1332 0.0054 -1.3936 0.0000	</row0>
					<row1>	-0.1150 1.3953 -0.0055 0.0000	</row1>
					<row2>	1.3889 0.1150 0.1332 0.0000	</row2>
					<row3>	-0.6718 0.1710 -4.3867 1.0000	</row3>
				</transform>
			</node>
		</node>
	</node>
	<boundingBox>
		<min>	-0.0667 -0.0667 -0.0667	</min>
		<max>	0.0667 0.0667 0.0667	</max>
	</boundingBox>
</RSC044_Pr_84_Alexander_Nevsky_1959_Stern_ports.visual>
