<ASB073_Nebraska_1944_MidFront_ports.visual>
	<node>
		<identifier>	Scene Root	</identifier>
		<transform>
			<row0>	1.0000 0.0000 0.0000 0.0000	</row0>
			<row1>	0.0000 1.0000 0.0000 0.0000	</row1>
			<row2>	0.0000 0.0000 1.0000 0.0000	</row2>
			<row3>	0.0000 0.0000 0.0000 1.0000	</row3>
		</transform>
		<node>
			<identifier>	MidFront_ports	</identifier>
			<transform>
				<row0>	1.0000 0.0000 0.0000 0.0000	</row0>
				<row1>	0.0000 1.0000 0.0000 0.0000	</row1>
				<row2>	0.0000 0.0000 1.0000 0.0000	</row2>
				<row3>	0.0000 0.0000 0.0000 1.0000	</row3>
			</transform>
			<node>
				<identifier>	HP_AGA_12	</identifier>
				<transform>
					<row0>	0.7071 0.0000 0.7071 0.0000	</row0>
					<row1>	0.0000 1.0000 0.0000 0.0000	</row1>
					<row2>	-0.7071 0.0000 0.7071 0.0000	</row2>
					<row3>	-0.4915 0.2939 2.4704 1.0000	</row3>
				</transform>
			</node>
			<node>
				<identifier>	HP_AGA_13	</identifier>
				<transform>
					<row0>	0.7071 0.0000 -0.7071 0.0000	</row0>
					<row1>	0.0000 1.0000 0.0000 0.0000	</row1>
					<row2>	0.7071 0.0000 0.7071 0.0000	</row2>
					<row3>	0.4915 0.2939 2.4704 1.0000	</row3>
				</transform>
			</node>
			<node>
				<identifier>	HP_AGA_14	</identifier>
				<transform>
					<row0>	0.7071 0.0000 0.7071 0.0000	</row0>
					<row1>	0.0000 1.0000 0.0000 0.0000	</row1>
					<row2>	-0.7071 0.0000 0.7071 0.0000	</row2>
					<row3>	-0.5440 0.2905 2.2286 1.0000	</row3>
				</transform>
			</node>
			<node>
				<identifier>	HP_AGA_15	</identifier>
				<transform>
					<row0>	0.7071 0.0000 -0.7071 0.0000	</row0>
					<row1>	0.0000 1.0000 0.0000 0.0000	</row1>
					<row2>	0.7071 0.0000 0.7071 0.0000	</row2>
					<row3>	0.5440 0.2905 2.2286 1.0000	</row3>
				</transform>
			</node>
			<node>
				<identifier>	HP_AGM_1	</identifier>
				<transform>
					<row0>	1.0000 0.0000 0.0000 0.0000	</row0>
					<row1>	0.0000 1.0000 0.0000 0.0000	</row1>
					<row2>	0.0000 0.0000 1.0000 0.0000	</row2>
					<row3>	0.0000 0.3533 3.6098 1.0000	</row3>
				</transform>
			</node>
			<node>
				<identifier>	HP_AGM_2	</identifier>
				<transform>
					<row0>	1.0000 0.0000 0.0000 0.0000	</row0>
					<row1>	0.0000 1.0000 0.0000 0.0000	</row1>
					<row2>	0.0000 0.0000 1.0000 0.0000	</row2>
					<row3>	0.0000 0.5130 2.2281 1.0000	</row3>
				</transform>
			</node>
			<node>
				<identifier>	HP_DeckStart	</identifier>
				<transform>
					<row0>	1.0000 0.0000 0.0000 0.0000	</row0>
					<row1>	0.0000 1.0000 0.0000 0.0000	</row1>
					<row2>	0.0000 0.0000 1.0000 0.0000	</row2>
					<row3>	0.0000 0.9012 -0.1904 1.0000	</row3>
				</transform>
			</node>
			<node>
				<identifier>	HP_Deck_07	</identifier>
				<transform>
					<row0>	1.0000 0.0000 0.0000 0.0000	</row0>
					<row1>	0.0000 1.0000 0.0000 0.0000	</row1>
					<row2>	0.0000 0.0000 1.0000 0.0000	</row2>
					<row3>	0.4203 0.9010 -3.5910 1.0000	</row3>
				</transform>
			</node>
			<node>
				<identifier>	HP_Deck_08	</identifier>
				<transform>
					<row0>	1.0000 0.0000 0.0000 0.0000	</row0>
					<row1>	0.0000 1.0000 0.0000 0.0000	</row1>
					<row2>	0.0000 0.0000 1.0000 0.0000	</row2>
					<row3>	-0.4134 0.9010 -3.2174 1.0000	</row3>
				</transform>
			</node>
			<node>
				<identifier>	HP_Deck_09	</identifier>
				<transform>
					<row0>	1.0000 0.0000 0.0000 0.0000	</row0>
					<row1>	0.0000 1.0000 0.0000 0.0000	</row1>
					<row2>	0.0000 0.0000 1.0000 0.0000	</row2>
					<row3>	0.4203 0.9010 -2.6705 1.0000	</row3>
				</transform>
			</node>
			<node>
				<identifier>	HP_Deck_10	</identifier>
				<transform>
					<row0>	1.0000 0.0000 0.0000 0.0000	</row0>
					<row1>	0.0000 1.0000 0.0000 0.0000	</row1>
					<row2>	0.0000 0.0000 1.0000 0.0000	</row2>
					<row3>	-0.4134 0.9010 -2.3400 1.0000	</row3>
				</transform>
			</node>
			<node>
				<identifier>	HP_Deck_11	</identifier>
				<transform>
					<row0>	0.8760 0.0000 0.4824 0.0000	</row0>
					<row1>	0.0000 1.0000 0.0000 0.0000	</row1>
					<row2>	-0.4824 0.0000 0.8760 0.0000	</row2>
					<row3>	0.1220 0.9010 -1.8206 1.0000	</row3>
				</transform>
			</node>
			<node>
				<identifier>	HP_Deck_12	</identifier>
				<transform>
					<row0>	0.7113 0.0000 -0.7029 0.0000	</row0>
					<row1>	0.0000 1.0000 0.0000 0.0000	</row1>
					<row2>	0.7029 0.0000 0.7113 0.0000	</row2>
					<row3>	-1.2714 0.9010 -1.6970 1.0000	</row3>
				</transform>
			</node>
			<node>
				<identifier>	HP_Deck_13	</identifier>
				<transform>
					<row0>	0.9730 0.0000 -0.2309 0.0000	</row0>
					<row1>	0.0000 1.0000 0.0000 0.0000	</row1>
					<row2>	0.2309 0.0000 0.9730 0.0000	</row2>
					<row3>	-0.5569 0.9010 -1.4522 1.0000	</row3>
				</transform>
			</node>
			<node>
				<identifier>	HP_Deck_14	</identifier>
				<transform>
					<row0>	0.9592 0.0000 0.2826 0.0000	</row0>
					<row1>	0.0000 1.0000 0.0000 0.0000	</row1>
					<row2>	-0.2826 0.0000 0.9592 0.0000	</row2>
					<row3>	-0.0711 0.9010 -0.9670 1.0000	</row3>
				</transform>
			</node>
			<node>
				<identifier>	HP_FX_Death_1	</identifier>
				<transform>
					<row0>	1.0000 0.0000 0.0000 0.0000	</row0>
					<row1>	0.0000 1.0000 0.0000 0.0000	</row1>
					<row2>	0.0000 0.0000 1.0000 0.0000	</row2>
					<row3>	0.0000 0.0000 3.7965 1.0000	</row3>
				</transform>
			</node>
			<node>
				<identifier>	HP_FX_Fire_2_side_1	</identifier>
				<transform>
					<row0>	1.0000 0.0000 0.0000 0.0000	</row0>
					<row1>	0.0000 1.0000 0.0000 0.0000	</row1>
					<row2>	0.0000 0.0000 1.0000 0.0000	</row2>
					<row3>	-0.7148 0.3219 3.0742 1.0000	</row3>
				</transform>
			</node>
			<node>
				<identifier>	HP_Ship_death_2	</identifier>
				<transform>
					<row0>	1.0000 0.0000 0.0000 0.0000	</row0>
					<row1>	0.0000 1.0000 0.0000 0.0000	</row1>
					<row2>	0.0000 0.0000 1.0000 0.0000	</row2>
					<row3>	0.0000 0.0000 2.0210 1.0000	</row3>
				</transform>
			</node>
			<node>
				<identifier>	MP_AM023_Hatch_1	</identifier>
				<transform>
					<row0>	0.0000 0.0000 1.0000 0.0000	</row0>
					<row1>	0.0000 1.0000 0.0000 0.0000	</row1>
					<row2>	-1.0000 0.0000 0.0000 0.0000	</row2>
					<row3>	0.0422 0.3293 4.0564 1.0000	</row3>
				</transform>
			</node>
			<node>
				<identifier>	MP_AM077_Paravane	</identifier>
				<transform>
					<row0>	0.6292 0.0000 0.7773 0.0000	</row0>
					<row1>	0.0000 1.0000 0.0000 0.0000	</row1>
					<row2>	-0.7773 0.0000 0.6292 0.0000	</row2>
					<row3>	0.3721 0.3425 4.1660 1.0000	</row3>
				</transform>
			</node>
			<node>
				<identifier>	MP_AM077_Paravane_INDEX_1	</identifier>
				<transform>
					<row0>	0.6292 0.0000 -0.7773 0.0000	</row0>
					<row1>	0.0000 1.0000 0.0000 0.0000	</row1>
					<row2>	0.7773 0.0000 0.6292 0.0000	</row2>
					<row3>	-0.3721 0.3425 4.1660 1.0000	</row3>
				</transform>
			</node>
			<node>
				<identifier>	MP_AM108_Reels_4	</identifier>
				<transform>
					<row0>	0.7500 0.0000 0.0000 0.0000	</row0>
					<row1>	0.0000 0.7499 -0.0131 0.0000	</row1>
					<row2>	0.0000 0.0131 0.7499 0.0000	</row2>
					<row3>	0.5484 0.3027 2.8591 1.0000	</row3>
				</transform>
			</node>
			<node>
				<identifier>	MP_AM108_Reels_4_INDEX_1	</identifier>
				<transform>
					<row0>	0.7500 0.0000 0.0000 0.0000	</row0>
					<row1>	0.0000 0.7499 -0.0131 0.0000	</row1>
					<row2>	0.0000 0.0131 0.7499 0.0000	</row2>
					<row3>	-0.5484 0.3027 2.8591 1.0000	</row3>
				</transform>
			</node>
			<node>
				<identifier>	MP_AM148_Hatch_8	</identifier>
				<transform>
					<row0>	1.0000 0.0000 0.0000 0.0000	</row0>
					<row1>	0.0000 0.9998 -0.0193 0.0000	</row1>
					<row2>	0.0000 0.0193 0.9998 0.0000	</row2>
					<row3>	0.1885 0.3068 3.0974 1.0000	</row3>
				</transform>
			</node>
			<node>
				<identifier>	MP_AM148_Hatch_8_INDEX_1	</identifier>
				<transform>
					<row0>	1.0000 0.0000 0.0000 0.0000	</row0>
					<row1>	0.0000 0.9998 -0.0193 0.0000	</row1>
					<row2>	0.0000 0.0193 0.9998 0.0000	</row2>
					<row3>	-0.1885 0.3068 3.0974 1.0000	</row3>
				</transform>
			</node>
			<node>
				<identifier>	MP_AM479_6_Fuel_at_sea_hose	</identifier>
				<transform>
					<row0>	-0.9942 0.0018 0.1079 0.0000	</row0>
					<row1>	0.0000 0.9999 -0.0164 0.0000	</row1>
					<row2>	-0.1079 -0.0163 -0.9940 0.0000	</row2>
					<row3>	-0.7879 0.2924 2.3867 1.0000	</row3>
				</transform>
			</node>
			<node>
				<identifier>	MP_AM479_6_Fuel_at_sea_hose_INDEX_1	</identifier>
				<transform>
					<row0>	-0.9942 -0.0018 -0.1079 0.0000	</row0>
					<row1>	0.0000 0.9999 -0.0164 0.0000	</row1>
					<row2>	0.1079 -0.0163 -0.9940 0.0000	</row2>
					<row3>	0.7879 0.2924 2.3867 1.0000	</row3>
				</transform>
			</node>
			<node>
				<identifier>	MP_AM720_Helmets_Rack	</identifier>
				<transform>
					<row0>	0.0974 0.0000 0.9952 0.0000	</row0>
					<row1>	0.0000 1.0000 0.0000 0.0000	</row1>
					<row2>	-0.9952 0.0000 0.0974 0.0000	</row2>
					<row3>	-0.4029 0.3086 2.2678 1.0000	</row3>
				</transform>
			</node>
			<node>
				<identifier>	MP_AM720_Helmets_Rack_INDEX_1	</identifier>
				<transform>
					<row0>	0.0974 0.0000 -0.9952 0.0000	</row0>
					<row1>	0.0000 1.0000 0.0000 0.0000	</row1>
					<row2>	0.9952 0.0000 0.0974 0.0000	</row2>
					<row3>	0.4029 0.3086 2.2678 1.0000	</row3>
				</transform>
			</node>
			<node>
				<identifier>	MP_AM725_Ammobox	</identifier>
				<transform>
					<row0>	0.0000 0.0194 0.9998 0.0000	</row0>
					<row1>	0.0000 0.9998 -0.0194 0.0000	</row1>
					<row2>	-1.0000 0.0000 0.0000 0.0000	</row2>
					<row3>	-0.4065 0.2971 2.5921 1.0000	</row3>
				</transform>
			</node>
			<node>
				<identifier>	MP_AM725_Ammobox_INDEX_1	</identifier>
				<transform>
					<row0>	0.0000 -0.0194 -0.9998 0.0000	</row0>
					<row1>	0.0000 0.9998 -0.0194 0.0000	</row1>
					<row2>	1.0000 0.0000 0.0000 0.0000	</row2>
					<row3>	0.4065 0.2971 2.5921 1.0000	</row3>
				</transform>
			</node>
			<node>
				<identifier>	MP_AM725_Ammobox_INDEX_2	</identifier>
				<transform>
					<row0>	0.0000 0.0150 0.9999 0.0000	</row0>
					<row1>	0.0000 0.9999 -0.0150 0.0000	</row1>
					<row2>	-1.0000 0.0000 0.0000 0.0000	</row2>
					<row3>	0.4887 0.2891 2.0932 1.0000	</row3>
				</transform>
			</node>
			<node>
				<identifier>	MP_AM725_Ammobox_INDEX_3	</identifier>
				<transform>
					<row0>	0.0000 -0.0150 -0.9999 0.0000	</row0>
					<row1>	0.0000 0.9999 -0.0150 0.0000	</row1>
					<row2>	1.0000 0.0000 0.0000 0.0000	</row2>
					<row3>	-0.4887 0.2891 2.0932 1.0000	</row3>
				</transform>
			</node>
			<node>
				<identifier>	MP_CM011_Fire_Fighting_Gear	</identifier>
				<transform>
					<row0>	0.0000 0.0000 1.0000 0.0000	</row0>
					<row1>	0.0000 1.0000 0.0000 0.0000	</row1>
					<row2>	-1.0000 0.0000 0.0000 0.0000	</row2>
					<row3>	0.1723 0.3016 2.7734 1.0000	</row3>
				</transform>
			</node>
			<node>
				<identifier>	MP_CM011_Fire_Fighting_Gear_INDEX_1	</identifier>
				<transform>
					<row0>	0.0000 0.0000 -1.0000 0.0000	</row0>
					<row1>	0.0000 1.0000 0.0000 0.0000	</row1>
					<row2>	1.0000 0.0000 0.0000 0.0000	</row2>
					<row3>	-0.0923 0.3016 2.7734 1.0000	</row3>
				</transform>
			</node>
			<node>
				<identifier>	MP_CM013_Fire_Hose_Rack_2	</identifier>
				<transform>
					<row0>	-1.0000 0.0000 0.0000 0.0000	</row0>
					<row1>	0.0000 1.0000 0.0000 0.0000	</row1>
					<row2>	0.0000 0.0000 -1.0000 0.0000	</row2>
					<row3>	0.1624 0.3684 2.7534 1.0000	</row3>
				</transform>
			</node>
			<node>
				<identifier>	MP_CM013_Fire_Hose_Rack_2_INDEX_1	</identifier>
				<transform>
					<row0>	1.0000 0.0000 0.0000 0.0000	</row0>
					<row1>	0.0000 1.0000 0.0000 0.0000	</row1>
					<row2>	0.0000 0.0000 1.0000 0.0000	</row2>
					<row3>	-0.0820 0.3684 2.7534 1.0000	</row3>
				</transform>
			</node>
			<node>
				<identifier>	MP_CM029_Emergency_Box	</identifier>
				<transform>
					<row0>	-0.2899 0.0000 0.9571 0.0000	</row0>
					<row1>	0.0000 1.0000 0.0000 0.0000	</row1>
					<row2>	-0.9571 0.0000 -0.2899 0.0000	</row2>
					<row3>	0.3932 0.3666 2.3457 1.0000	</row3>
				</transform>
			</node>
			<node>
				<identifier>	MP_CM029_Emergency_Box_INDEX_1	</identifier>
				<transform>
					<row0>	-0.2899 0.0000 -0.9571 0.0000	</row0>
					<row1>	0.0000 1.0000 0.0000 0.0000	</row1>
					<row2>	0.9571 0.0000 -0.2899 0.0000	</row2>
					<row3>	-0.3932 0.3666 2.3457 1.0000	</row3>
				</transform>
			</node>
			<node>
				<identifier>	MP_CM079_Fender	</identifier>
				<transform>
					<row0>	0.0000 0.0210 0.9998 0.0000	</row0>
					<row1>	1.0000 0.0000 0.0000 0.0000	</row1>
					<row2>	0.0000 0.9998 -0.0210 0.0000	</row2>
					<row3>	0.6736 0.3100 3.2394 1.0000	</row3>
				</transform>
			</node>
			<node>
				<identifier>	MP_CM079_Fender_INDEX_1	</identifier>
				<transform>
					<row0>	0.0000 0.0210 0.9998 0.0000	</row0>
					<row1>	1.0000 0.0000 0.0000 0.0000	</row1>
					<row2>	0.0000 0.9998 -0.0210 0.0000	</row2>
					<row3>	0.6092 0.3100 3.2394 1.0000	</row3>
				</transform>
			</node>
			<node>
				<identifier>	MP_CM079_Fender_INDEX_2	</identifier>
				<transform>
					<row0>	0.0000 -0.0210 -0.9998 0.0000	</row0>
					<row1>	-1.0000 0.0000 0.0000 0.0000	</row1>
					<row2>	0.0000 0.9998 -0.0210 0.0000	</row2>
					<row3>	-0.6092 0.3100 3.2394 1.0000	</row3>
				</transform>
			</node>
			<node>
				<identifier>	MP_CM079_Fender_INDEX_3	</identifier>
				<transform>
					<row0>	0.0000 -0.0210 -0.9998 0.0000	</row0>
					<row1>	-1.0000 0.0000 0.0000 0.0000	</row1>
					<row2>	0.0000 0.9998 -0.0210 0.0000	</row2>
					<row3>	-0.6736 0.3100 3.2394 1.0000	</row3>
				</transform>
			</node>
			<node>
				<identifier>	MP_CM104_Life_Buoy	</identifier>
				<transform>
					<row0>	-0.1231 0.0000 -0.9924 0.0000	</row0>
					<row1>	0.0000 1.0000 0.0000 0.0000	</row1>
					<row2>	0.9924 0.0000 -0.1231 0.0000	</row2>
					<row3>	-0.8663 0.3639 2.8400 1.0000	</row3>
				</transform>
			</node>
			<node>
				<identifier>	MP_CM104_Life_Buoy_INDEX_1	</identifier>
				<transform>
					<row0>	-0.1231 0.0000 0.9924 0.0000	</row0>
					<row1>	0.0000 1.0000 0.0000 0.0000	</row1>
					<row2>	-0.9924 0.0000 -0.1231 0.0000	</row2>
					<row3>	0.8663 0.3639 2.8400 1.0000	</row3>
				</transform>
			</node>
			<node>
				<identifier>	MP_CM109_Leadsman_Platform	</identifier>
				<transform>
					<row0>	-0.1323 -0.9911 0.0149 0.0000	</row0>
					<row1>	-0.9848 0.1331 0.1112 0.0000	</row1>
					<row2>	-0.1122 0.0000 -0.9937 0.0000	</row2>
					<row3>	-0.9165 0.3013 2.4807 1.0000	</row3>
				</transform>
			</node>
			<node>
				<identifier>	MP_CM109_Leadsman_Platform_INDEX_1	</identifier>
				<transform>
					<row0>	0.1323 -0.9911 0.0149 0.0000	</row0>
					<row1>	0.9848 0.1332 0.1112 0.0000	</row1>
					<row2>	-0.1122 0.0000 0.9937 0.0000	</row2>
					<row3>	0.9165 0.3013 2.4807 1.0000	</row3>
				</transform>
			</node>
			<node>
				<identifier>	SP_YMS011_YHWL_M_1	</identifier>
				<transform>
					<row0>	1.1756 0.1938 -0.2108 0.0000	</row0>
					<row1>	-0.1906 1.1944 0.0355 0.0000	</row1>
					<row2>	0.2137 -0.0013 1.1910 0.0000	</row2>
					<row3>	-0.7697 0.0000 3.5350 1.0000	</row3>
				</transform>
			</node>
			<node>
				<identifier>	SP_YMS011_YHWL_M_1_INDEX_3	</identifier>
				<transform>
					<row0>	1.1843 0.1938 -0.1545 0.0000	</row0>
					<row1>	-0.1926 1.1944 0.0223 0.0000	</row1>
					<row2>	0.1560 0.0028 1.1999 0.0000	</row2>
					<row3>	-0.9280 0.0000 2.5165 1.0000	</row3>
				</transform>
			</node>
			<node>
				<identifier>	SP_YMS011_YHWL_M_1_INDEX_8	</identifier>
				<transform>
					<row0>	1.1596 0.2229 -0.2639 0.0000	</row0>
					<row1>	-0.2177 1.1893 0.0480 0.0000	</row1>
					<row2>	0.2682 0.0015 1.1799 0.0000	</row2>
					<row3>	-0.5638 0.0000 4.5441 1.0000	</row3>
				</transform>
			</node>
			<node>
				<identifier>	SP_YMS012_YHWR_M_1_INDEX_1	</identifier>
				<transform>
					<row0>	1.1596 -0.2229 0.2639 0.0000	</row0>
					<row1>	0.2177 1.1893 0.0480 0.0000	</row1>
					<row2>	-0.2682 0.0015 1.1799 0.0000	</row2>
					<row3>	0.5638 0.0000 4.5441 1.0000	</row3>
				</transform>
			</node>
			<node>
				<identifier>	SP_YMS012_YHWR_M_1_INDEX_2	</identifier>
				<transform>
					<row0>	1.1756 -0.1938 0.2108 0.0000	</row0>
					<row1>	0.1906 1.1944 0.0355 0.0000	</row1>
					<row2>	-0.2137 -0.0013 1.1910 0.0000	</row2>
					<row3>	0.7697 0.0000 3.5350 1.0000	</row3>
				</transform>
			</node>
			<node>
				<identifier>	SP_YMS012_YHWR_M_1_INDEX_9	</identifier>
				<transform>
					<row0>	1.1843 -0.1938 0.1545 0.0000	</row0>
					<row1>	0.1926 1.1944 0.0223 0.0000	</row1>
					<row2>	-0.1560 0.0028 1.1999 0.0000	</row2>
					<row3>	0.9280 0.0000 2.5165 1.0000	</row3>
				</transform>
			</node>
			<node>
				<identifier>	SP_YMS022_YHUS_L_1	</identifier>
				<transform>
					<row0>	-0.2319 -0.0018 -1.7243 0.0000	</row0>
					<row1>	-0.4402 1.6822 0.0574 0.0000	</row1>
					<row2>	1.6673 0.4439 -0.2247 0.0000	</row2>
					<row3>	-0.7552 -0.6184 2.5125 1.0000	</row3>
				</transform>
			</node>
			<node>
				<identifier>	SP_YMS022_YHUS_L_1_INDEX_1	</identifier>
				<transform>
					<row0>	-0.3148 0.0000 1.7113 0.0000	</row0>
					<row1>	0.4366 1.6824 0.0803 0.0000	</row1>
					<row2>	-1.6546 0.4440 -0.3044 0.0000	</row2>
					<row3>	0.5429 -0.6184 3.7459 1.0000	</row3>
				</transform>
			</node>
			<node>
				<identifier>	SP_YMS022_YHUS_L_1_INDEX_2	</identifier>
				<transform>
					<row0>	-0.2319 0.0018 1.7243 0.0000	</row0>
					<row1>	0.4402 1.6822 0.0574 0.0000	</row1>
					<row2>	-1.6673 0.4439 -0.2247 0.0000	</row2>
					<row3>	0.7552 -0.6184 2.5125 1.0000	</row3>
				</transform>
			</node>
			<node>
				<identifier>	SP_YMS022_YHUS_L_1_INDEX_3	</identifier>
				<transform>
					<row0>	-0.3148 0.0000 -1.7113 0.0000	</row0>
					<row1>	-0.4366 1.6824 0.0803 0.0000	</row1>
					<row2>	1.6546 0.4440 -0.3044 0.0000	</row2>
					<row3>	-0.5429 -0.6184 3.7459 1.0000	</row3>
				</transform>
			</node>
			<node>
				<identifier>	SP_YMS050_YHDC_M_1_INDEX_2	</identifier>
				<transform>
					<row0>	-0.6221 0.0000 0.0000 0.0000	</row0>
					<row1>	0.0000 0.6221 0.0000 0.0000	</row1>
					<row2>	0.0000 0.0000 -0.6221 0.0000	</row2>
					<row3>	0.0398 0.3012 2.7979 1.0000	</row3>
				</transform>
			</node>
			<node>
				<identifier>	SP_YMS051_YHDL_L_1_INDEX_1	</identifier>
				<transform>
					<row0>	0.9914 0.0000 -0.1305 0.0000	</row0>
					<row1>	0.0000 1.0000 0.0000 0.0000	</row1>
					<row2>	0.1305 0.0000 0.9914 0.0000	</row2>
					<row3>	-0.7838 0.3294 3.8958 1.0000	</row3>
				</transform>
			</node>
			<node>
				<identifier>	SP_YMS052_YHDR_L_1_INDEX_1	</identifier>
				<transform>
					<row0>	0.9914 0.0000 0.1305 0.0000	</row0>
					<row1>	0.0000 1.0000 0.0000 0.0000	</row1>
					<row2>	-0.1305 0.0000 0.9914 0.0000	</row2>
					<row3>	0.7838 0.3294 3.8958 1.0000	</row3>
				</transform>
			</node>
			<node>
				<identifier>	SP_YMS083_YHSC_L_1	</identifier>
				<transform>
					<row0>	-0.0680 -0.0079 -0.4970 0.0000	</row0>
					<row1>	-0.0123 0.5015 -0.0063 0.0000	</row1>
					<row2>	0.4969 0.0113 -0.0681 0.0000	</row2>
					<row3>	-0.8793 0.2897 2.7648 1.0000	</row3>
				</transform>
			</node>
			<node>
				<identifier>	SP_YMS083_YHSC_L_1_INDEX_6	</identifier>
				<transform>
					<row0>	-0.0680 0.0079 0.4970 0.0000	</row0>
					<row1>	0.0123 0.5015 -0.0063 0.0000	</row1>
					<row2>	-0.4969 0.0113 -0.0681 0.0000	</row2>
					<row3>	0.8793 0.2897 2.7648 1.0000	</row3>
				</transform>
			</node>
			<node>
				<identifier>	SP_YMS084_YHSC_L_2	</identifier>
				<transform>
					<row0>	-0.0664 0.0090 0.5858 0.0000	</row0>
					<row1>	0.0097 0.5895 -0.0079 0.0000	</row1>
					<row2>	-0.5858 0.0087 -0.0665 0.0000	</row2>
					<row3>	0.9293 0.2832 2.3432 1.0000	</row3>
				</transform>
			</node>
			<node>
				<identifier>	SP_YMS084_YHSC_L_2_INDEX_6	</identifier>
				<transform>
					<row0>	-0.0664 -0.0090 -0.5858 0.0000	</row0>
					<row1>	-0.0097 0.5895 -0.0079 0.0000	</row1>
					<row2>	0.5858 0.0087 -0.0665 0.0000	</row2>
					<row3>	-0.9293 0.2832 2.3432 1.0000	</row3>
				</transform>
			</node>
		</node>
	</node>
	<boundingBox>
		<min>	-0.0667 -0.0667 -0.0667	</min>
		<max>	0.0667 0.0667 0.0667	</max>
	</boundingBox>
</ASB073_Nebraska_1944_MidFront_ports.visual>
