<GSC020_Emden_1908_Bow_ports.visual>
	<node>
		<identifier>	Scene Root	</identifier>
		<transform>
			<row0>	1.0000 0.0000 0.0000 0.0000	</row0>
			<row1>	0.0000 1.0000 0.0000 0.0000	</row1>
			<row2>	0.0000 0.0000 1.0000 0.0000	</row2>
			<row3>	0.0000 0.0000 0.0000 1.0000	</row3>
		</transform>
		<node>
			<identifier>	Bow_ports	</identifier>
			<transform>
				<row0>	1.0000 0.0000 0.0000 0.0000	</row0>
				<row1>	0.0000 1.0000 0.0000 0.0000	</row1>
				<row2>	0.0000 0.0000 1.0000 0.0000	</row2>
				<row3>	0.0000 0.0000 0.0000 1.0000	</row3>
			</transform>
			<node>
				<identifier>	HP_FX_Fire_1	</identifier>
				<transform>
					<row0>	1.0000 0.0000 0.0000 0.0000	</row0>
					<row1>	0.0000 1.0000 0.0000 0.0000	</row1>
					<row2>	0.0000 0.0000 1.0000 0.0000	</row2>
					<row3>	0.0000 0.3893 3.0280 1.0000	</row3>
				</transform>
			</node>
			<node>
				<identifier>	HP_FX_WakeTrace	</identifier>
				<transform>
					<row0>	1.0000 0.0000 0.0000 0.0000	</row0>
					<row1>	0.0000 1.0000 0.0000 0.0000	</row1>
					<row2>	0.0000 0.0000 1.0000 0.0000	</row2>
					<row3>	0.0000 0.0235 3.9358 1.0000	</row3>
				</transform>
			</node>
			<node>
				<identifier>	HP_GGM_1	</identifier>
				<transform>
					<row0>	1.0000 0.0000 0.0000 0.0000	</row0>
					<row1>	0.0000 1.0000 0.0000 0.0000	</row1>
					<row2>	0.0000 0.0000 1.0000 0.0000	</row2>
					<row3>	-0.1997 0.3652 2.5389 1.0000	</row3>
				</transform>
			</node>
			<node>
				<identifier>	HP_GGM_2	</identifier>
				<transform>
					<row0>	1.0000 0.0000 0.0000 0.0000	</row0>
					<row1>	0.0000 1.0000 0.0000 0.0000	</row1>
					<row2>	0.0000 0.0000 1.0000 0.0000	</row2>
					<row3>	0.1997 0.3652 2.5389 1.0000	</row3>
				</transform>
			</node>
			<node>
				<identifier>	HP_Ship_death_1	</identifier>
				<transform>
					<row0>	1.0000 0.0000 0.0000 0.0000	</row0>
					<row1>	0.0000 1.0000 0.0000 0.0000	</row1>
					<row2>	0.0000 0.0000 1.0000 0.0000	</row2>
					<row3>	0.0000 0.0000 2.4790 1.0000	</row3>
				</transform>
			</node>
			<node>
				<identifier>	MP_AM026_Break_Handwheel_1	</identifier>
				<transform>
					<row0>	0.6000 0.0000 0.0000 0.0000	</row0>
					<row1>	0.0000 0.6000 0.0000 0.0000	</row1>
					<row2>	0.0000 0.0000 0.6000 0.0000	</row2>
					<row3>	-0.0353 0.3666 2.7518 1.0000	</row3>
				</transform>
			</node>
			<node>
				<identifier>	MP_GM042_52mm_SK_L55	</identifier>
				<transform>
					<row0>	1.0000 0.0000 0.0000 0.0000	</row0>
					<row1>	0.0000 1.0000 0.0000 0.0000	</row1>
					<row2>	0.0000 0.0000 1.0000 0.0000	</row2>
					<row3>	0.1334 0.2754 3.2937 1.0000	</row3>
				</transform>
			</node>
			<node>
				<identifier>	MP_GM042_52mm_SK_L55_INDEX_1	</identifier>
				<transform>
					<row0>	0.9977 0.0000 0.0682 0.0000	</row0>
					<row1>	0.0000 1.0000 0.0000 0.0000	</row1>
					<row2>	-0.0682 0.0000 0.9977 0.0000	</row2>
					<row3>	-0.1292 0.2753 3.2936 1.0000	</row3>
				</transform>
			</node>
			<node>
				<identifier>	MP_GM061_Monogramm_Emden	</identifier>
				<transform>
					<row0>	-0.2457 0.0013 0.9693 0.0000	</row0>
					<row1>	0.1042 0.9942 0.0251 0.0000	</row1>
					<row2>	-0.9637 0.1072 -0.2445 0.0000	</row2>
					<row3>	0.0304 0.2989 3.7729 1.0000	</row3>
				</transform>
			</node>
			<node>
				<identifier>	MP_GM061_Monogramm_Emden_INDEX_1	</identifier>
				<transform>
					<row0>	-0.2457 -0.0013 -0.9693 0.0000	</row0>
					<row1>	-0.1042 0.9942 0.0251 0.0000	</row1>
					<row2>	0.9637 0.1072 -0.2445 0.0000	</row2>
					<row3>	-0.0304 0.2989 3.7729 1.0000	</row3>
				</transform>
			</node>
			<node>
				<identifier>	MP_GM950_Fairlead_1	</identifier>
				<transform>
					<row0>	0.9806 0.0000 0.1960 0.0000	</row0>
					<row1>	0.0070 0.9994 -0.0348 0.0000	</row1>
					<row2>	-0.1959 0.0355 0.9800 0.0000	</row2>
					<row3>	0.1766 0.3761 3.2094 1.0000	</row3>
				</transform>
			</node>
			<node>
				<identifier>	MP_GM950_Fairlead_1_INDEX_1	</identifier>
				<transform>
					<row0>	0.9806 0.0000 -0.1960 0.0000	</row0>
					<row1>	-0.0070 0.9994 -0.0348 0.0000	</row1>
					<row2>	0.1959 0.0355 0.9800 0.0000	</row2>
					<row3>	-0.1766 0.3761 3.2094 1.0000	</row3>
				</transform>
			</node>
			<node>
				<identifier>	MP_GM952_Bollard	</identifier>
				<transform>
					<row0>	0.9913 -0.0023 0.1314 0.0000	</row0>
					<row1>	0.0070 0.9994 -0.0348 0.0000	</row1>
					<row2>	-0.1312 0.0354 0.9907 0.0000	</row2>
					<row3>	0.1967 0.3660 2.9565 1.0000	</row3>
				</transform>
			</node>
			<node>
				<identifier>	MP_GM952_Bollard_INDEX_1	</identifier>
				<transform>
					<row0>	0.9913 0.0023 -0.1314 0.0000	</row0>
					<row1>	-0.0070 0.9994 -0.0348 0.0000	</row1>
					<row2>	0.1312 0.0354 0.9907 0.0000	</row2>
					<row3>	-0.1967 0.3660 2.9565 1.0000	</row3>
				</transform>
			</node>
		</node>
	</node>
	<boundingBox>
		<min>	-0.0667 -0.0667 -0.0667	</min>
		<max>	0.0667 0.0667 0.0667	</max>
	</boundingBox>
</GSC020_Emden_1908_Bow_ports.visual>
