<BSA010_Eagle_1956_Stern_ports.visual>
	<node>
		<identifier>	Scene Root	</identifier>
		<transform>
			<row0>	1.0000 0.0000 0.0000 0.0000	</row0>
			<row1>	0.0000 1.0000 0.0000 0.0000	</row1>
			<row2>	0.0000 0.0000 1.0000 0.0000	</row2>
			<row3>	0.0000 0.0000 0.0000 1.0000	</row3>
		</transform>
		<node>
			<identifier>	Stern_ports	</identifier>
			<transform>
				<row0>	1.0000 0.0000 0.0000 0.0000	</row0>
				<row1>	0.0000 1.0000 0.0000 0.0000	</row1>
				<row2>	0.0000 0.0000 1.0000 0.0000	</row2>
				<row3>	0.0000 0.0000 0.0000 1.0000	</row3>
			</transform>
			<node>
				<identifier>	HP_BD_11	</identifier>
				<transform>
					<row0>	-1.0000 0.0000 0.0000 0.0000	</row0>
					<row1>	0.0000 1.0000 0.0000 0.0000	</row1>
					<row2>	0.0000 0.0000 -1.0000 0.0000	</row2>
					<row3>	-0.2072 0.8092 -8.2580 1.0000	</row3>
				</transform>
			</node>
			<node>
				<identifier>	HP_BD_12	</identifier>
				<transform>
					<row0>	-1.0000 0.0000 0.0000 0.0000	</row0>
					<row1>	0.0000 1.0000 0.0000 0.0000	</row1>
					<row2>	0.0000 0.0000 -1.0000 0.0000	</row2>
					<row3>	0.2072 0.8092 -8.2580 1.0000	</row3>
				</transform>
			</node>
			<node>
				<identifier>	HP_BGA_14	</identifier>
				<transform>
					<row0>	-1.0000 0.0000 0.0000 0.0000	</row0>
					<row1>	0.0000 1.0000 0.0000 0.0000	</row1>
					<row2>	0.0000 0.0000 -1.0000 0.0000	</row2>
					<row3>	-0.4248 0.7480 -8.2010 1.0000	</row3>
				</transform>
			</node>
			<node>
				<identifier>	HP_BGA_15	</identifier>
				<transform>
					<row0>	-1.0000 0.0000 0.0000 0.0000	</row0>
					<row1>	0.0000 1.0000 0.0000 0.0000	</row1>
					<row2>	0.0000 0.0000 -1.0000 0.0000	</row2>
					<row3>	0.4248 0.7480 -8.2010 1.0000	</row3>
				</transform>
			</node>
			<node>
				<identifier>	HP_FX_Death_3	</identifier>
				<transform>
					<row0>	1.0000 0.0000 0.0000 0.0000	</row0>
					<row1>	0.0000 1.0000 0.0000 0.0000	</row1>
					<row2>	0.0000 0.0000 1.0000 0.0000	</row2>
					<row3>	0.0000 0.0000 -5.1335 1.0000	</row3>
				</transform>
			</node>
			<node>
				<identifier>	HP_FX_Fire_4	</identifier>
				<transform>
					<row0>	0.8944 0.0000 -0.4473 0.0000	</row0>
					<row1>	0.0000 1.0000 0.0000 0.0000	</row1>
					<row2>	0.4473 0.0000 0.8944 0.0000	</row2>
					<row3>	-0.2913 1.0573 -6.5166 1.0000	</row3>
				</transform>
			</node>
			<node>
				<identifier>	HP_FX_Fire_4_side_1	</identifier>
				<transform>
					<row0>	1.0000 0.0000 0.0000 0.0000	</row0>
					<row1>	0.0000 1.0000 0.0000 0.0000	</row1>
					<row2>	0.0000 0.0000 1.0000 0.0000	</row2>
					<row3>	0.4953 1.0755 -7.6415 1.0000	</row3>
				</transform>
			</node>
			<node>
				<identifier>	HP_FX_Flood_water_left	</identifier>
				<transform>
					<row0>	-1.0000 0.0000 0.0000 0.0000	</row0>
					<row1>	0.0000 1.0000 0.0000 0.0000	</row1>
					<row2>	0.0000 0.0000 -1.0000 0.0000	</row2>
					<row3>	-0.9527 0.2058 -4.8660 1.0000	</row3>
				</transform>
			</node>
			<node>
				<identifier>	HP_FX_Flood_water_right	</identifier>
				<transform>
					<row0>	1.0000 0.0000 0.0000 0.0000	</row0>
					<row1>	0.0000 1.0000 0.0000 0.0000	</row1>
					<row2>	0.0000 0.0000 1.0000 0.0000	</row2>
					<row3>	0.9185 0.2050 -5.1889 1.0000	</row3>
				</transform>
			</node>
			<node>
				<identifier>	HP_FX_WakeTraceBack	</identifier>
				<transform>
					<row0>	1.0000 0.0000 0.0000 0.0000	</row0>
					<row1>	0.0000 1.0000 0.0000 0.0000	</row1>
					<row2>	0.0000 0.0000 1.0000 0.0000	</row2>
					<row3>	0.0000 0.0000 -7.7118 1.0000	</row3>
				</transform>
			</node>
			<node>
				<identifier>	HP_FX_WakeTrace_screw_1	</identifier>
				<transform>
					<row0>	1.0000 0.0000 0.0000 0.0000	</row0>
					<row1>	0.0000 1.0000 0.0000 0.0000	</row1>
					<row2>	0.0000 0.0000 1.0000 0.0000	</row2>
					<row3>	-0.5692 -0.5431 -5.4429 1.0000	</row3>
				</transform>
			</node>
			<node>
				<identifier>	HP_FX_WakeTrace_screw_2	</identifier>
				<transform>
					<row0>	1.0000 0.0000 0.0000 0.0000	</row0>
					<row1>	0.0000 1.0000 0.0000 0.0000	</row1>
					<row2>	0.0000 0.0000 1.0000 0.0000	</row2>
					<row3>	-0.2654 -0.5431 -6.5663 1.0000	</row3>
				</transform>
			</node>
			<node>
				<identifier>	HP_FX_WakeTrace_screw_3	</identifier>
				<transform>
					<row0>	1.0000 0.0000 0.0000 0.0000	</row0>
					<row1>	0.0000 1.0000 0.0000 0.0000	</row1>
					<row2>	0.0000 0.0000 1.0000 0.0000	</row2>
					<row3>	0.2654 -0.5431 -6.5663 1.0000	</row3>
				</transform>
			</node>
			<node>
				<identifier>	HP_FX_WakeTrace_screw_4	</identifier>
				<transform>
					<row0>	1.0000 0.0000 0.0000 0.0000	</row0>
					<row1>	0.0000 1.0000 0.0000 0.0000	</row1>
					<row2>	0.0000 0.0000 1.0000 0.0000	</row2>
					<row3>	0.5692 -0.5431 -5.4429 1.0000	</row3>
				</transform>
			</node>
			<node>
				<identifier>	MP_BM004_Reels	</identifier>
				<transform>
					<row0>	-1.2729 0.0000 0.0000 0.0000	</row0>
					<row1>	0.0000 1.2729 0.0000 0.0000	</row1>
					<row2>	0.0000 0.0000 -1.2729 0.0000	</row2>
					<row3>	1.1973 0.7926 -4.6868 1.0000	</row3>
				</transform>
			</node>
			<node>
				<identifier>	MP_BM004_Reels_INDEX_1	</identifier>
				<transform>
					<row0>	1.6930 0.0000 0.0000 0.0000	</row0>
					<row1>	0.0000 1.6930 0.0000 0.0000	</row1>
					<row2>	0.0000 0.0000 1.6930 0.0000	</row2>
					<row3>	0.1710 0.3873 -6.8624 1.0000	</row3>
				</transform>
			</node>
			<node>
				<identifier>	MP_BM004_Reels_INDEX_2	</identifier>
				<transform>
					<row0>	-1.4361 0.0000 0.0000 0.0000	</row0>
					<row1>	0.0000 1.4361 0.0000 0.0000	</row1>
					<row2>	0.0000 0.0000 -1.4361 0.0000	</row2>
					<row3>	-1.1337 0.5913 -3.6744 1.0000	</row3>
				</transform>
			</node>
			<node>
				<identifier>	MP_BM004_Reels_INDEX_3	</identifier>
				<transform>
					<row0>	-1.4361 0.0000 0.0000 0.0000	</row0>
					<row1>	0.0000 1.4361 0.0000 0.0000	</row1>
					<row2>	0.0000 0.0000 -1.4361 0.0000	</row2>
					<row3>	1.1973 0.7480 -4.1156 1.0000	</row3>
				</transform>
			</node>
			<node>
				<identifier>	MP_BM004_Reels_INDEX_4	</identifier>
				<transform>
					<row0>	1.6930 0.0000 0.0000 0.0000	</row0>
					<row1>	0.0000 1.6930 0.0000 0.0000	</row1>
					<row2>	0.0000 0.0000 1.6930 0.0000	</row2>
					<row3>	-0.1710 0.3873 -6.8624 1.0000	</row3>
				</transform>
			</node>
			<node>
				<identifier>	MP_BM038_Helmets	</identifier>
				<transform>
					<row0>	0.0000 0.0000 -1.0000 0.0000	</row0>
					<row1>	0.0000 1.0000 0.0000 0.0000	</row1>
					<row2>	1.0000 0.0000 0.0000 0.0000	</row2>
					<row3>	1.1435 0.7615 -3.9023 1.0000	</row3>
				</transform>
			</node>
			<node>
				<identifier>	MP_BM503_Motor_Boat_35ft	</identifier>
				<transform>
					<row0>	1.0000 0.0000 0.0000 0.0000	</row0>
					<row1>	0.0000 1.0000 0.0000 0.0000	</row1>
					<row2>	0.0000 0.0000 1.0000 0.0000	</row2>
					<row3>	-1.2524 0.6170 -4.0637 1.0000	</row3>
				</transform>
			</node>
			<node>
				<identifier>	MP_BM507_Whaler_27ft	</identifier>
				<transform>
					<row0>	0.9591 0.0000 -0.2831 0.0000	</row0>
					<row1>	0.0000 1.0000 0.0000 0.0000	</row1>
					<row2>	0.2831 0.0000 0.9591 0.0000	</row2>
					<row3>	0.5553 0.4304 -7.1536 1.0000	</row3>
				</transform>
			</node>
			<node>
				<identifier>	MP_BM507_Whaler_27ft_INDEX_1	</identifier>
				<transform>
					<row0>	0.9591 0.0000 0.2831 0.0000	</row0>
					<row1>	0.0000 1.0000 0.0000 0.0000	</row1>
					<row2>	-0.2831 0.0000 0.9591 0.0000	</row2>
					<row3>	-0.5570 0.4304 -7.1541 1.0000	</row3>
				</transform>
			</node>
			<node>
				<identifier>	MP_BM523_Motor_Pinnace_35ft	</identifier>
				<transform>
					<row0>	1.0000 0.0000 0.0000 0.0000	</row0>
					<row1>	0.0000 1.0000 0.0000 0.0000	</row1>
					<row2>	0.0000 0.0000 1.0000 0.0000	</row2>
					<row3>	-1.0051 0.6170 -4.0875 1.0000	</row3>
				</transform>
			</node>
			<node>
				<identifier>	MP_BM527_Liferaft_type_20_8ft	</identifier>
				<transform>
					<row0>	-0.0341 0.0000 -0.9994 0.0000	</row0>
					<row1>	0.8783 -0.4771 -0.0300 0.0000	</row1>
					<row2>	-0.4769 -0.8788 0.0163 0.0000	</row2>
					<row3>	1.1760 0.5887 -5.7582 1.0000	</row3>
				</transform>
			</node>
			<node>
				<identifier>	MP_BM527_Liferaft_type_20_8ft_INDEX_1	</identifier>
				<transform>
					<row0>	-0.1563 0.0000 -0.9877 0.0000	</row0>
					<row1>	0.9785 -0.1365 -0.1549 0.0000	</row1>
					<row2>	-0.1348 -0.9906 0.0213 0.0000	</row2>
					<row3>	1.0752 0.5936 -6.3538 1.0000	</row3>
				</transform>
			</node>
			<node>
				<identifier>	MP_BM527_Liferaft_type_20_8ft_INDEX_10	</identifier>
				<transform>
					<row0>	-0.1563 0.0000 -0.9877 0.0000	</row0>
					<row1>	0.9785 -0.1365 -0.1549 0.0000	</row1>
					<row2>	-0.1348 -0.9906 0.0213 0.0000	</row2>
					<row3>	1.0519 0.6015 -6.3501 1.0000	</row3>
				</transform>
			</node>
			<node>
				<identifier>	MP_BM527_Liferaft_type_20_8ft_INDEX_11	</identifier>
				<transform>
					<row0>	-0.1563 0.0000 0.9877 0.0000	</row0>
					<row1>	-0.9785 -0.1365 -0.1549 0.0000	</row1>
					<row2>	0.1348 -0.9906 0.0213 0.0000	</row2>
					<row3>	-1.0152 0.6070 -6.5866 1.0000	</row3>
				</transform>
			</node>
			<node>
				<identifier>	MP_BM527_Liferaft_type_20_8ft_INDEX_12	</identifier>
				<transform>
					<row0>	-0.0341 0.0000 -0.9994 0.0000	</row0>
					<row1>	0.8783 -0.4771 -0.0300 0.0000	</row1>
					<row2>	-0.4769 -0.8788 0.0163 0.0000	</row2>
					<row3>	1.1511 0.6007 -5.8770 1.0000	</row3>
				</transform>
			</node>
			<node>
				<identifier>	MP_BM527_Liferaft_type_20_8ft_INDEX_13	</identifier>
				<transform>
					<row0>	0.0000 0.0000 1.0000 0.0000	</row0>
					<row1>	0.9886 -0.1505 0.0000 0.0000	</row1>
					<row2>	0.1505 0.9886 0.0000 0.0000	</row2>
					<row3>	1.2754 0.5801 -4.3467 1.0000	</row3>
				</transform>
			</node>
			<node>
				<identifier>	MP_BM527_Liferaft_type_20_8ft_INDEX_14	</identifier>
				<transform>
					<row0>	-0.1563 0.0000 -0.9877 0.0000	</row0>
					<row1>	0.9785 -0.1365 -0.1549 0.0000	</row1>
					<row2>	-0.1348 -0.9906 0.0213 0.0000	</row2>
					<row3>	1.0378 0.5936 -6.5901 1.0000	</row3>
				</transform>
			</node>
			<node>
				<identifier>	MP_BM527_Liferaft_type_20_8ft_INDEX_15	</identifier>
				<transform>
					<row0>	-0.1563 0.0000 -0.9877 0.0000	</row0>
					<row1>	0.9785 -0.1365 -0.1549 0.0000	</row1>
					<row2>	-0.1348 -0.9906 0.0213 0.0000	</row2>
					<row3>	1.0191 0.5936 -6.7083 1.0000	</row3>
				</transform>
			</node>
			<node>
				<identifier>	MP_BM527_Liferaft_type_20_8ft_INDEX_16	</identifier>
				<transform>
					<row0>	-0.0341 0.0000 -0.9994 0.0000	</row0>
					<row1>	0.8783 -0.4771 -0.0300 0.0000	</row1>
					<row2>	-0.4769 -0.8788 0.0163 0.0000	</row2>
					<row3>	1.1869 0.5887 -5.3994 1.0000	</row3>
				</transform>
			</node>
			<node>
				<identifier>	MP_BM527_Liferaft_type_20_8ft_INDEX_17	</identifier>
				<transform>
					<row0>	-0.0341 0.0000 -0.9994 0.0000	</row0>
					<row1>	0.8783 -0.4771 -0.0300 0.0000	</row1>
					<row2>	-0.4769 -0.8788 0.0163 0.0000	</row2>
					<row3>	1.2013 0.5887 -4.9211 1.0000	</row3>
				</transform>
			</node>
			<node>
				<identifier>	MP_BM527_Liferaft_type_20_8ft_INDEX_18	</identifier>
				<transform>
					<row0>	-0.1563 0.0000 -0.9877 0.0000	</row0>
					<row1>	0.9785 -0.1365 -0.1549 0.0000	</row1>
					<row2>	-0.1348 -0.9906 0.0213 0.0000	</row2>
					<row3>	1.0710 0.6045 -6.2320 1.0000	</row3>
				</transform>
			</node>
			<node>
				<identifier>	MP_BM527_Liferaft_type_20_8ft_INDEX_19	</identifier>
				<transform>
					<row0>	0.0000 0.0000 1.0000 0.0000	</row0>
					<row1>	0.9886 -0.1505 0.0000 0.0000	</row1>
					<row2>	0.1505 0.9886 0.0000 0.0000	</row2>
					<row3>	1.2753 0.5801 -3.8681 1.0000	</row3>
				</transform>
			</node>
			<node>
				<identifier>	MP_BM527_Liferaft_type_20_8ft_INDEX_2	</identifier>
				<transform>
					<row0>	0.0000 0.0000 1.0000 0.0000	</row0>
					<row1>	0.9886 -0.1505 0.0000 0.0000	</row1>
					<row2>	0.1505 0.9886 0.0000 0.0000	</row2>
					<row3>	1.2527 0.5953 -3.9878 1.0000	</row3>
				</transform>
			</node>
			<node>
				<identifier>	MP_BM527_Liferaft_type_20_8ft_INDEX_20	</identifier>
				<transform>
					<row0>	0.0000 0.0000 1.0000 0.0000	</row0>
					<row1>	0.9886 -0.1505 0.0000 0.0000	</row1>
					<row2>	0.1505 0.9886 0.0000 0.0000	</row2>
					<row3>	1.2527 0.5953 -3.8681 1.0000	</row3>
				</transform>
			</node>
			<node>
				<identifier>	MP_BM527_Liferaft_type_20_8ft_INDEX_21	</identifier>
				<transform>
					<row0>	0.0000 0.0000 1.0000 0.0000	</row0>
					<row1>	0.9886 -0.1505 0.0000 0.0000	</row1>
					<row2>	0.1505 0.9886 0.0000 0.0000	</row2>
					<row3>	1.2754 0.5801 -4.2271 1.0000	</row3>
				</transform>
			</node>
			<node>
				<identifier>	MP_BM527_Liferaft_type_20_8ft_INDEX_22	</identifier>
				<transform>
					<row0>	-0.0341 0.0000 -0.9994 0.0000	</row0>
					<row1>	0.8783 -0.4771 -0.0300 0.0000	</row1>
					<row2>	-0.4769 -0.8788 0.0163 0.0000	</row2>
					<row3>	1.1977 0.5887 -5.0407 1.0000	</row3>
				</transform>
			</node>
			<node>
				<identifier>	MP_BM527_Liferaft_type_20_8ft_INDEX_23	</identifier>
				<transform>
					<row0>	-0.0341 0.0000 -0.9994 0.0000	</row0>
					<row1>	0.8783 -0.4771 -0.0300 0.0000	</row1>
					<row2>	-0.4769 -0.8788 0.0163 0.0000	</row2>
					<row3>	1.1941 0.5887 -5.1602 1.0000	</row3>
				</transform>
			</node>
			<node>
				<identifier>	MP_BM527_Liferaft_type_20_8ft_INDEX_24	</identifier>
				<transform>
					<row0>	-0.1563 0.0000 0.9877 0.0000	</row0>
					<row1>	-0.9785 -0.1365 -0.1549 0.0000	</row1>
					<row2>	0.1348 -0.9906 0.0213 0.0000	</row2>
					<row3>	-1.1084 0.6043 -5.9956 1.0000	</row3>
				</transform>
			</node>
			<node>
				<identifier>	MP_BM527_Liferaft_type_20_8ft_INDEX_25	</identifier>
				<transform>
					<row0>	-0.1563 0.0000 -0.9877 0.0000	</row0>
					<row1>	0.9785 -0.1365 -0.1549 0.0000	</row1>
					<row2>	-0.1348 -0.9906 0.0213 0.0000	</row2>
					<row3>	0.9971 0.6110 -6.7048 1.0000	</row3>
				</transform>
			</node>
			<node>
				<identifier>	MP_BM527_Liferaft_type_20_8ft_INDEX_26	</identifier>
				<transform>
					<row0>	0.0000 0.0000 1.0000 0.0000	</row0>
					<row1>	0.9886 -0.1505 0.0000 0.0000	</row1>
					<row2>	0.1505 0.9886 0.0000 0.0000	</row2>
					<row3>	1.2754 0.5801 -4.4663 1.0000	</row3>
				</transform>
			</node>
			<node>
				<identifier>	MP_BM527_Liferaft_type_20_8ft_INDEX_27	</identifier>
				<transform>
					<row0>	0.0000 0.0000 1.0000 0.0000	</row0>
					<row1>	0.9886 -0.1505 0.0000 0.0000	</row1>
					<row2>	0.1505 0.9886 0.0000 0.0000	</row2>
					<row3>	1.2527 0.5953 -4.1074 1.0000	</row3>
				</transform>
			</node>
			<node>
				<identifier>	MP_BM527_Liferaft_type_20_8ft_INDEX_28	</identifier>
				<transform>
					<row0>	-0.1563 0.0000 -0.9877 0.0000	</row0>
					<row1>	0.9785 -0.1365 -0.1549 0.0000	</row1>
					<row2>	-0.1348 -0.9906 0.0213 0.0000	</row2>
					<row3>	1.0565 0.5936 -6.4720 1.0000	</row3>
				</transform>
			</node>
			<node>
				<identifier>	MP_BM527_Liferaft_type_20_8ft_INDEX_29	</identifier>
				<transform>
					<row0>	-0.1563 0.0000 0.9877 0.0000	</row0>
					<row1>	-0.9785 -0.1365 -0.1549 0.0000	</row1>
					<row2>	0.1348 -0.9906 0.0213 0.0000	</row2>
					<row3>	-1.1313 0.5936 -5.9993 1.0000	</row3>
				</transform>
			</node>
			<node>
				<identifier>	MP_BM527_Liferaft_type_20_8ft_INDEX_3	</identifier>
				<transform>
					<row0>	-0.0341 0.0000 -0.9994 0.0000	</row0>
					<row1>	0.8783 -0.4771 -0.0300 0.0000	</row1>
					<row2>	-0.4769 -0.8788 0.0163 0.0000	</row2>
					<row3>	1.1742 0.6032 -5.1596 1.0000	</row3>
				</transform>
			</node>
			<node>
				<identifier>	MP_BM527_Liferaft_type_20_8ft_INDEX_30	</identifier>
				<transform>
					<row0>	-0.1563 0.0000 -0.9877 0.0000	</row0>
					<row1>	0.9785 -0.1365 -0.1549 0.0000	</row1>
					<row2>	-0.1348 -0.9906 0.0213 0.0000	</row2>
					<row3>	1.0939 0.5936 -6.2356 1.0000	</row3>
				</transform>
			</node>
			<node>
				<identifier>	MP_BM527_Liferaft_type_20_8ft_INDEX_31	</identifier>
				<transform>
					<row0>	-0.1563 0.0000 0.9877 0.0000	</row0>
					<row1>	-0.9785 -0.1365 -0.1549 0.0000	</row1>
					<row2>	0.1348 -0.9906 0.0213 0.0000	</row2>
					<row3>	-0.9971 0.6110 -6.7048 1.0000	</row3>
				</transform>
			</node>
			<node>
				<identifier>	MP_BM527_Liferaft_type_20_8ft_INDEX_32	</identifier>
				<transform>
					<row0>	-0.1563 0.0000 0.9877 0.0000	</row0>
					<row1>	-0.9785 -0.1365 -0.1549 0.0000	</row1>
					<row2>	0.1348 -0.9906 0.0213 0.0000	</row2>
					<row3>	-1.0565 0.5936 -6.4720 1.0000	</row3>
				</transform>
			</node>
			<node>
				<identifier>	MP_BM527_Liferaft_type_20_8ft_INDEX_33	</identifier>
				<transform>
					<row0>	-0.0341 0.0000 -0.9994 0.0000	</row0>
					<row1>	0.8783 -0.4771 -0.0300 0.0000	</row1>
					<row2>	-0.4769 -0.8788 0.0163 0.0000	</row2>
					<row3>	1.1751 0.5916 -4.9202 1.0000	</row3>
				</transform>
			</node>
			<node>
				<identifier>	MP_BM527_Liferaft_type_20_8ft_INDEX_34	</identifier>
				<transform>
					<row0>	-0.1563 0.0000 0.9877 0.0000	</row0>
					<row1>	-0.9785 -0.1365 -0.1549 0.0000	</row1>
					<row2>	0.1348 -0.9906 0.0213 0.0000	</row2>
					<row3>	-1.0710 0.6045 -6.2320 1.0000	</row3>
				</transform>
			</node>
			<node>
				<identifier>	MP_BM527_Liferaft_type_20_8ft_INDEX_35	</identifier>
				<transform>
					<row0>	0.0000 0.0000 1.0000 0.0000	</row0>
					<row1>	0.9886 -0.1505 0.0000 0.0000	</row1>
					<row2>	0.1505 0.9886 0.0000 0.0000	</row2>
					<row3>	1.2754 0.5801 -4.5860 1.0000	</row3>
				</transform>
			</node>
			<node>
				<identifier>	MP_BM527_Liferaft_type_20_8ft_INDEX_36	</identifier>
				<transform>
					<row0>	0.0000 0.0000 1.0000 0.0000	</row0>
					<row1>	0.9886 -0.1505 0.0000 0.0000	</row1>
					<row2>	0.1505 0.9886 0.0000 0.0000	</row2>
					<row3>	1.2753 0.5801 -4.1074 1.0000	</row3>
				</transform>
			</node>
			<node>
				<identifier>	MP_BM527_Liferaft_type_20_8ft_INDEX_37	</identifier>
				<transform>
					<row0>	-0.0341 0.0000 -0.9994 0.0000	</row0>
					<row1>	0.8783 -0.4771 -0.0300 0.0000	</row1>
					<row2>	-0.4769 -0.8788 0.0163 0.0000	</row2>
					<row3>	1.1599 0.6036 -5.6379 1.0000	</row3>
				</transform>
			</node>
			<node>
				<identifier>	MP_BM527_Liferaft_type_20_8ft_INDEX_38	</identifier>
				<transform>
					<row0>	0.0000 0.0000 1.0000 0.0000	</row0>
					<row1>	0.9886 -0.1505 0.0000 0.0000	</row1>
					<row2>	0.1505 0.9886 0.0000 0.0000	</row2>
					<row3>	1.2527 0.5953 -4.3467 1.0000	</row3>
				</transform>
			</node>
			<node>
				<identifier>	MP_BM527_Liferaft_type_20_8ft_INDEX_39	</identifier>
				<transform>
					<row0>	-0.0341 0.0000 -0.9994 0.0000	</row0>
					<row1>	0.8783 -0.4771 -0.0300 0.0000	</row1>
					<row2>	-0.4769 -0.8788 0.0163 0.0000	</row2>
					<row3>	1.1796 0.5887 -5.6386 1.0000	</row3>
				</transform>
			</node>
			<node>
				<identifier>	MP_BM527_Liferaft_type_20_8ft_INDEX_4	</identifier>
				<transform>
					<row0>	-0.1563 0.0000 0.9877 0.0000	</row0>
					<row1>	-0.9785 -0.1365 -0.1549 0.0000	</row1>
					<row2>	0.1348 -0.9906 0.0213 0.0000	</row2>
					<row3>	-1.0350 0.6145 -6.4685 1.0000	</row3>
				</transform>
			</node>
			<node>
				<identifier>	MP_BM527_Liferaft_type_20_8ft_INDEX_40	</identifier>
				<transform>
					<row0>	-0.1563 0.0000 -0.9877 0.0000	</row0>
					<row1>	0.9785 -0.1365 -0.1549 0.0000	</row1>
					<row2>	-0.1348 -0.9906 0.0213 0.0000	</row2>
					<row3>	1.0350 0.6145 -6.4685 1.0000	</row3>
				</transform>
			</node>
			<node>
				<identifier>	MP_BM527_Liferaft_type_20_8ft_INDEX_41	</identifier>
				<transform>
					<row0>	-0.0341 0.0000 -0.9994 0.0000	</row0>
					<row1>	0.8783 -0.4771 -0.0300 0.0000	</row1>
					<row2>	-0.4769 -0.8788 0.0163 0.0000	</row2>
					<row3>	1.1619 0.5940 -5.3986 1.0000	</row3>
				</transform>
			</node>
			<node>
				<identifier>	MP_BM527_Liferaft_type_20_8ft_INDEX_42	</identifier>
				<transform>
					<row0>	-0.1563 0.0000 0.9877 0.0000	</row0>
					<row1>	-0.9785 -0.1365 -0.1549 0.0000	</row1>
					<row2>	0.1348 -0.9906 0.0213 0.0000	</row2>
					<row3>	-1.0897 0.6044 -6.1138 1.0000	</row3>
				</transform>
			</node>
			<node>
				<identifier>	MP_BM527_Liferaft_type_20_8ft_INDEX_43	</identifier>
				<transform>
					<row0>	-0.1563 0.0000 -0.9877 0.0000	</row0>
					<row1>	0.9785 -0.1365 -0.1549 0.0000	</row1>
					<row2>	-0.1348 -0.9906 0.0213 0.0000	</row2>
					<row3>	1.1313 0.5936 -5.9993 1.0000	</row3>
				</transform>
			</node>
			<node>
				<identifier>	MP_BM527_Liferaft_type_20_8ft_INDEX_44	</identifier>
				<transform>
					<row0>	-0.1563 0.0000 -0.9877 0.0000	</row0>
					<row1>	0.9785 -0.1365 -0.1549 0.0000	</row1>
					<row2>	-0.1348 -0.9906 0.0213 0.0000	</row2>
					<row3>	1.1084 0.6043 -5.9956 1.0000	</row3>
				</transform>
			</node>
			<node>
				<identifier>	MP_BM527_Liferaft_type_20_8ft_INDEX_45	</identifier>
				<transform>
					<row0>	-0.0341 0.0000 -0.9994 0.0000	</row0>
					<row1>	0.8783 -0.4771 -0.0300 0.0000	</row1>
					<row2>	-0.4769 -0.8788 0.0163 0.0000	</row2>
					<row3>	1.1665 0.5958 -5.2790 1.0000	</row3>
				</transform>
			</node>
			<node>
				<identifier>	MP_BM527_Liferaft_type_20_8ft_INDEX_46	</identifier>
				<transform>
					<row0>	-0.1563 0.0000 0.9877 0.0000	</row0>
					<row1>	-0.9785 -0.1365 -0.1549 0.0000	</row1>
					<row2>	0.1348 -0.9906 0.0213 0.0000	</row2>
					<row3>	-1.0191 0.5936 -6.7083 1.0000	</row3>
				</transform>
			</node>
			<node>
				<identifier>	MP_BM527_Liferaft_type_20_8ft_INDEX_47	</identifier>
				<transform>
					<row0>	-0.0341 0.0000 -0.9994 0.0000	</row0>
					<row1>	0.8783 -0.4771 -0.0300 0.0000	</row1>
					<row2>	-0.4769 -0.8788 0.0163 0.0000	</row2>
					<row3>	1.1833 0.5887 -5.5190 1.0000	</row3>
				</transform>
			</node>
			<node>
				<identifier>	MP_BM527_Liferaft_type_20_8ft_INDEX_48	</identifier>
				<transform>
					<row0>	-0.1563 0.0000 -0.9877 0.0000	</row0>
					<row1>	0.9785 -0.1365 -0.1549 0.0000	</row1>
					<row2>	-0.1348 -0.9906 0.0213 0.0000	</row2>
					<row3>	1.0897 0.6044 -6.1138 1.0000	</row3>
				</transform>
			</node>
			<node>
				<identifier>	MP_BM527_Liferaft_type_20_8ft_INDEX_49	</identifier>
				<transform>
					<row0>	0.0000 1.0000 0.0000 0.0000	</row0>
					<row1>	-0.9999 0.0000 -0.0126 0.0000	</row1>
					<row2>	-0.0126 0.0000 0.9999 0.0000	</row2>
					<row3>	-1.0274 0.8295 -6.9217 1.0000	</row3>
				</transform>
			</node>
			<node>
				<identifier>	MP_BM527_Liferaft_type_20_8ft_INDEX_5	</identifier>
				<transform>
					<row0>	0.0000 0.0000 1.0000 0.0000	</row0>
					<row1>	0.9886 -0.1505 0.0000 0.0000	</row1>
					<row2>	0.1505 0.9886 0.0000 0.0000	</row2>
					<row3>	1.2527 0.5953 -4.5860 1.0000	</row3>
				</transform>
			</node>
			<node>
				<identifier>	MP_BM527_Liferaft_type_20_8ft_INDEX_50	</identifier>
				<transform>
					<row0>	-0.1563 0.0000 -0.9877 0.0000	</row0>
					<row1>	0.9785 -0.1365 -0.1549 0.0000	</row1>
					<row2>	-0.1348 -0.9906 0.0213 0.0000	</row2>
					<row3>	1.0152 0.6070 -6.5866 1.0000	</row3>
				</transform>
			</node>
			<node>
				<identifier>	MP_BM527_Liferaft_type_20_8ft_INDEX_51	</identifier>
				<transform>
					<row0>	-0.0341 0.0000 -0.9994 0.0000	</row0>
					<row1>	0.8783 -0.4771 -0.0300 0.0000	</row1>
					<row2>	-0.4769 -0.8788 0.0163 0.0000	</row2>
					<row3>	1.1724 0.5887 -5.8778 1.0000	</row3>
				</transform>
			</node>
			<node>
				<identifier>	MP_BM527_Liferaft_type_20_8ft_INDEX_52	</identifier>
				<transform>
					<row0>	-0.1563 0.0000 0.9877 0.0000	</row0>
					<row1>	-0.9785 -0.1365 -0.1549 0.0000	</row1>
					<row2>	0.1348 -0.9906 0.0213 0.0000	</row2>
					<row3>	-1.0752 0.5936 -6.3538 1.0000	</row3>
				</transform>
			</node>
			<node>
				<identifier>	MP_BM527_Liferaft_type_20_8ft_INDEX_53	</identifier>
				<transform>
					<row0>	-0.0341 0.0000 -0.9994 0.0000	</row0>
					<row1>	0.8783 -0.4771 -0.0300 0.0000	</row1>
					<row2>	-0.4769 -0.8788 0.0163 0.0000	</row2>
					<row3>	1.1764 0.6007 -5.0399 1.0000	</row3>
				</transform>
			</node>
			<node>
				<identifier>	MP_BM527_Liferaft_type_20_8ft_INDEX_54	</identifier>
				<transform>
					<row0>	-0.0341 0.0000 -0.9994 0.0000	</row0>
					<row1>	0.8783 -0.4771 -0.0300 0.0000	</row1>
					<row2>	-0.4769 -0.8788 0.0163 0.0000	</row2>
					<row3>	1.1527 0.5971 -5.7574 1.0000	</row3>
				</transform>
			</node>
			<node>
				<identifier>	MP_BM527_Liferaft_type_20_8ft_INDEX_55	</identifier>
				<transform>
					<row0>	-0.1563 0.0000 0.9877 0.0000	</row0>
					<row1>	-0.9785 -0.1365 -0.1549 0.0000	</row1>
					<row2>	0.1348 -0.9906 0.0213 0.0000	</row2>
					<row3>	-1.1126 0.5936 -6.1174 1.0000	</row3>
				</transform>
			</node>
			<node>
				<identifier>	MP_BM527_Liferaft_type_20_8ft_INDEX_56	</identifier>
				<transform>
					<row0>	0.0000 0.0000 1.0000 0.0000	</row0>
					<row1>	0.9886 -0.1505 0.0000 0.0000	</row1>
					<row2>	0.1505 0.9886 0.0000 0.0000	</row2>
					<row3>	1.2753 0.5801 -3.9878 1.0000	</row3>
				</transform>
			</node>
			<node>
				<identifier>	MP_BM527_Liferaft_type_20_8ft_INDEX_57	</identifier>
				<transform>
					<row0>	-0.0341 0.0000 -0.9994 0.0000	</row0>
					<row1>	0.8783 -0.4771 -0.0300 0.0000	</row1>
					<row2>	-0.4769 -0.8788 0.0163 0.0000	</row2>
					<row3>	1.1905 0.5887 -5.2798 1.0000	</row3>
				</transform>
			</node>
			<node>
				<identifier>	MP_BM527_Liferaft_type_20_8ft_INDEX_58	</identifier>
				<transform>
					<row0>	-0.1563 0.0000 0.9877 0.0000	</row0>
					<row1>	-0.9785 -0.1365 -0.1549 0.0000	</row1>
					<row2>	0.1348 -0.9906 0.0213 0.0000	</row2>
					<row3>	-1.0939 0.5936 -6.2356 1.0000	</row3>
				</transform>
			</node>
			<node>
				<identifier>	MP_BM527_Liferaft_type_20_8ft_INDEX_59	</identifier>
				<transform>
					<row0>	0.0000 0.0000 1.0000 0.0000	</row0>
					<row1>	0.9886 -0.1505 0.0000 0.0000	</row1>
					<row2>	0.1505 0.9886 0.0000 0.0000	</row2>
					<row3>	1.2527 0.5953 -4.4663 1.0000	</row3>
				</transform>
			</node>
			<node>
				<identifier>	MP_BM527_Liferaft_type_20_8ft_INDEX_6	</identifier>
				<transform>
					<row0>	-0.1563 0.0000 -0.9877 0.0000	</row0>
					<row1>	0.9785 -0.1365 -0.1549 0.0000	</row1>
					<row2>	-0.1348 -0.9906 0.0213 0.0000	</row2>
					<row3>	1.1126 0.5936 -6.1174 1.0000	</row3>
				</transform>
			</node>
			<node>
				<identifier>	MP_BM527_Liferaft_type_20_8ft_INDEX_60	</identifier>
				<transform>
					<row0>	-0.1563 0.0000 0.9877 0.0000	</row0>
					<row1>	-0.9785 -0.1365 -0.1549 0.0000	</row1>
					<row2>	0.1348 -0.9906 0.0213 0.0000	</row2>
					<row3>	-1.0519 0.6015 -6.3501 1.0000	</row3>
				</transform>
			</node>
			<node>
				<identifier>	MP_BM527_Liferaft_type_20_8ft_INDEX_7	</identifier>
				<transform>
					<row0>	-0.1563 0.0000 0.9877 0.0000	</row0>
					<row1>	-0.9785 -0.1365 -0.1549 0.0000	</row1>
					<row2>	0.1348 -0.9906 0.0213 0.0000	</row2>
					<row3>	-1.0378 0.5936 -6.5901 1.0000	</row3>
				</transform>
			</node>
			<node>
				<identifier>	MP_BM527_Liferaft_type_20_8ft_INDEX_8	</identifier>
				<transform>
					<row0>	-0.0341 0.0000 -0.9994 0.0000	</row0>
					<row1>	0.8783 -0.4771 -0.0300 0.0000	</row1>
					<row2>	-0.4769 -0.8788 0.0163 0.0000	</row2>
					<row3>	1.1619 0.6007 -5.5183 1.0000	</row3>
				</transform>
			</node>
			<node>
				<identifier>	MP_BM527_Liferaft_type_20_8ft_INDEX_9	</identifier>
				<transform>
					<row0>	0.0000 0.0000 1.0000 0.0000	</row0>
					<row1>	0.9886 -0.1505 0.0000 0.0000	</row1>
					<row2>	0.1505 0.9886 0.0000 0.0000	</row2>
					<row3>	1.2527 0.5953 -4.2271 1.0000	</row3>
				</transform>
			</node>
			<node>
				<identifier>	MP_BM532_Denton_raft	</identifier>
				<transform>
					<row0>	1.0000 0.0000 0.0000 0.0000	</row0>
					<row1>	0.0000 0.0000 1.0000 0.0000	</row1>
					<row2>	0.0000 -1.0000 0.0000 0.0000	</row2>
					<row3>	-0.0407 0.6017 -7.3515 1.0000	</row3>
				</transform>
			</node>
			<node>
				<identifier>	MP_BM532_Denton_raft_INDEX_1	</identifier>
				<transform>
					<row0>	-1.0000 0.0000 0.0000 0.0000	</row0>
					<row1>	0.0000 1.0000 0.0000 0.0000	</row1>
					<row2>	0.0000 0.0000 -1.0000 0.0000	</row2>
					<row3>	0.3381 0.4300 -6.8140 1.0000	</row3>
				</transform>
			</node>
			<node>
				<identifier>	MP_BM532_Denton_raft_INDEX_10	</identifier>
				<transform>
					<row0>	-1.0000 0.0000 0.0000 0.0000	</row0>
					<row1>	0.0000 1.0000 0.0000 0.0000	</row1>
					<row2>	0.0000 0.0000 -1.0000 0.0000	</row2>
					<row3>	0.4892 0.4300 -6.8140 1.0000	</row3>
				</transform>
			</node>
			<node>
				<identifier>	MP_BM532_Denton_raft_INDEX_11	</identifier>
				<transform>
					<row0>	1.0000 0.0000 0.0000 0.0000	</row0>
					<row1>	0.0000 0.0000 1.0000 0.0000	</row1>
					<row2>	0.0000 -1.0000 0.0000 0.0000	</row2>
					<row3>	-0.1223 0.6017 -7.4452 1.0000	</row3>
				</transform>
			</node>
			<node>
				<identifier>	MP_BM532_Denton_raft_INDEX_12	</identifier>
				<transform>
					<row0>	1.0000 0.0000 0.0000 0.0000	</row0>
					<row1>	0.0000 0.0000 1.0000 0.0000	</row1>
					<row2>	0.0000 -1.0000 0.0000 0.0000	</row2>
					<row3>	-0.0407 0.5867 -7.3515 1.0000	</row3>
				</transform>
			</node>
			<node>
				<identifier>	MP_BM532_Denton_raft_INDEX_13	</identifier>
				<transform>
					<row0>	-1.0000 0.0000 0.0000 0.0000	</row0>
					<row1>	0.0000 1.0000 0.0000 0.0000	</row1>
					<row2>	0.0000 0.0000 -1.0000 0.0000	</row2>
					<row3>	-0.4139 0.4300 -6.8140 1.0000	</row3>
				</transform>
			</node>
			<node>
				<identifier>	MP_BM532_Denton_raft_INDEX_14	</identifier>
				<transform>
					<row0>	0.7417 0.0000 0.6707 0.0000	</row0>
					<row1>	0.0000 1.0000 0.0000 0.0000	</row1>
					<row2>	-0.6707 0.0000 0.7417 0.0000	</row2>
					<row3>	-1.1353 0.6033 -4.6385 1.0000	</row3>
				</transform>
			</node>
			<node>
				<identifier>	MP_BM532_Denton_raft_INDEX_15	</identifier>
				<transform>
					<row0>	-0.0167 0.0000 0.9999 0.0000	</row0>
					<row1>	0.0000 1.0000 0.0000 0.0000	</row1>
					<row2>	-0.9999 0.0000 -0.0167 0.0000	</row2>
					<row3>	-0.9327 0.9545 -7.3201 1.0000	</row3>
				</transform>
			</node>
			<node>
				<identifier>	MP_BM532_Denton_raft_INDEX_16	</identifier>
				<transform>
					<row0>	1.0000 0.0000 0.0000 0.0000	</row0>
					<row1>	0.0000 0.0000 1.0000 0.0000	</row1>
					<row2>	0.0000 -1.0000 0.0000 0.0000	</row2>
					<row3>	0.0407 0.6017 -7.3515 1.0000	</row3>
				</transform>
			</node>
			<node>
				<identifier>	MP_BM532_Denton_raft_INDEX_17	</identifier>
				<transform>
					<row0>	-0.0167 0.0000 0.9999 0.0000	</row0>
					<row1>	0.0000 1.0000 0.0000 0.0000	</row1>
					<row2>	-0.9999 0.0000 -0.0167 0.0000	</row2>
					<row3>	-0.9339 0.9545 -7.2521 1.0000	</row3>
				</transform>
			</node>
			<node>
				<identifier>	MP_BM532_Denton_raft_INDEX_18	</identifier>
				<transform>
					<row0>	1.0000 0.0000 0.0000 0.0000	</row0>
					<row1>	0.0000 0.0000 1.0000 0.0000	</row1>
					<row2>	0.0000 -1.0000 0.0000 0.0000	</row2>
					<row3>	-0.1223 0.5867 -7.3515 1.0000	</row3>
				</transform>
			</node>
			<node>
				<identifier>	MP_BM532_Denton_raft_INDEX_19	</identifier>
				<transform>
					<row0>	1.0000 0.0000 0.0000 0.0000	</row0>
					<row1>	0.0000 0.0000 1.0000 0.0000	</row1>
					<row2>	0.0000 -1.0000 0.0000 0.0000	</row2>
					<row3>	0.1223 0.5867 -7.4452 1.0000	</row3>
				</transform>
			</node>
			<node>
				<identifier>	MP_BM532_Denton_raft_INDEX_2	</identifier>
				<transform>
					<row0>	1.0000 0.0000 0.0000 0.0000	</row0>
					<row1>	0.0000 0.0000 1.0000 0.0000	</row1>
					<row2>	0.0000 -1.0000 0.0000 0.0000	</row2>
					<row3>	-0.1223 0.5867 -7.4452 1.0000	</row3>
				</transform>
			</node>
			<node>
				<identifier>	MP_BM532_Denton_raft_INDEX_20	</identifier>
				<transform>
					<row0>	-1.0000 0.0000 0.0000 0.0000	</row0>
					<row1>	0.0000 1.0000 0.0000 0.0000	</row1>
					<row2>	0.0000 0.0000 -1.0000 0.0000	</row2>
					<row3>	-0.4892 0.4300 -6.8140 1.0000	</row3>
				</transform>
			</node>
			<node>
				<identifier>	MP_BM532_Denton_raft_INDEX_21	</identifier>
				<transform>
					<row0>	1.0000 0.0000 0.0000 0.0000	</row0>
					<row1>	0.0000 0.0000 1.0000 0.0000	</row1>
					<row2>	0.0000 -1.0000 0.0000 0.0000	</row2>
					<row3>	0.1223 0.6017 -7.3515 1.0000	</row3>
				</transform>
			</node>
			<node>
				<identifier>	MP_BM532_Denton_raft_INDEX_22	</identifier>
				<transform>
					<row0>	1.0000 0.0000 0.0000 0.0000	</row0>
					<row1>	0.0000 0.0000 1.0000 0.0000	</row1>
					<row2>	0.0000 -1.0000 0.0000 0.0000	</row2>
					<row3>	0.0407 0.5867 -7.3515 1.0000	</row3>
				</transform>
			</node>
			<node>
				<identifier>	MP_BM532_Denton_raft_INDEX_23	</identifier>
				<transform>
					<row0>	1.0000 0.0000 0.0000 0.0000	</row0>
					<row1>	0.0000 0.0000 1.0000 0.0000	</row1>
					<row2>	0.0000 -1.0000 0.0000 0.0000	</row2>
					<row3>	0.1223 0.5867 -7.3515 1.0000	</row3>
				</transform>
			</node>
			<node>
				<identifier>	MP_BM532_Denton_raft_INDEX_24	</identifier>
				<transform>
					<row0>	0.0000 0.0000 -1.0000 0.0000	</row0>
					<row1>	0.0000 1.0000 0.0000 0.0000	</row1>
					<row2>	1.0000 0.0000 0.0000 0.0000	</row2>
					<row3>	1.0265 0.6033 -3.7481 1.0000	</row3>
				</transform>
			</node>
			<node>
				<identifier>	MP_BM532_Denton_raft_INDEX_3	</identifier>
				<transform>
					<row0>	-0.0167 0.0000 -0.9999 0.0000	</row0>
					<row1>	0.0000 1.0000 0.0000 0.0000	</row1>
					<row2>	0.9999 0.0000 -0.0167 0.0000	</row2>
					<row3>	0.9505 0.8180 -6.3446 1.0000	</row3>
				</transform>
			</node>
			<node>
				<identifier>	MP_BM532_Denton_raft_INDEX_4	</identifier>
				<transform>
					<row0>	0.7417 0.0000 0.6707 0.0000	</row0>
					<row1>	0.0000 1.0000 0.0000 0.0000	</row1>
					<row2>	-0.6707 0.0000 0.7417 0.0000	</row2>
					<row3>	-1.0845 0.6033 -4.5926 1.0000	</row3>
				</transform>
			</node>
			<node>
				<identifier>	MP_BM532_Denton_raft_INDEX_5	</identifier>
				<transform>
					<row0>	1.0000 0.0000 0.0000 0.0000	</row0>
					<row1>	0.0000 0.0000 1.0000 0.0000	</row1>
					<row2>	0.0000 -1.0000 0.0000 0.0000	</row2>
					<row3>	0.1223 0.6017 -7.4452 1.0000	</row3>
				</transform>
			</node>
			<node>
				<identifier>	MP_BM532_Denton_raft_INDEX_6	</identifier>
				<transform>
					<row0>	1.0000 0.0000 0.0000 0.0000	</row0>
					<row1>	0.0000 0.0000 1.0000 0.0000	</row1>
					<row2>	0.0000 -1.0000 0.0000 0.0000	</row2>
					<row3>	-0.1223 0.6017 -7.3515 1.0000	</row3>
				</transform>
			</node>
			<node>
				<identifier>	MP_BM532_Denton_raft_INDEX_7	</identifier>
				<transform>
					<row0>	-0.0008 0.0000 1.0000 0.0000	</row0>
					<row1>	0.0000 1.0000 0.0000 0.0000	</row1>
					<row2>	-1.0000 0.0000 -0.0008 0.0000	</row2>
					<row3>	-1.0260 0.8099 -4.6584 1.0000	</row3>
				</transform>
			</node>
			<node>
				<identifier>	MP_BM532_Denton_raft_INDEX_8	</identifier>
				<transform>
					<row0>	-0.0167 0.0000 -0.9999 0.0000	</row0>
					<row1>	0.0000 1.0000 0.0000 0.0000	</row1>
					<row2>	0.9999 0.0000 -0.0167 0.0000	</row2>
					<row3>	0.9543 0.8180 -6.1527 1.0000	</row3>
				</transform>
			</node>
			<node>
				<identifier>	MP_BM532_Denton_raft_INDEX_9	</identifier>
				<transform>
					<row0>	-0.0008 0.0000 1.0000 0.0000	</row0>
					<row1>	0.0000 1.0000 0.0000 0.0000	</row1>
					<row2>	-1.0000 0.0000 -0.0008 0.0000	</row2>
					<row3>	-1.0260 0.8099 -4.7286 1.0000	</row3>
				</transform>
			</node>
			<node>
				<identifier>	MP_BM600_Sky_lookout	</identifier>
				<transform>
					<row0>	0.0000 0.0000 1.0000 0.0000	</row0>
					<row1>	0.0000 1.0000 0.0000 0.0000	</row1>
					<row2>	-1.0000 0.0000 0.0000 0.0000	</row2>
					<row3>	0.0958 0.7545 -8.2895 1.0000	</row3>
				</transform>
			</node>
			<node>
				<identifier>	MP_BM609_Speaker	</identifier>
				<transform>
					<row0>	0.0000 0.0000 1.0000 0.0000	</row0>
					<row1>	0.0000 1.0000 0.0000 0.0000	</row1>
					<row2>	-1.0000 0.0000 0.0000 0.0000	</row2>
					<row3>	-0.9332 1.0328 -7.2828 1.0000	</row3>
				</transform>
			</node>
			<node>
				<identifier>	MP_BM609_Speaker_INDEX_1	</identifier>
				<transform>
					<row0>	0.0000 0.0000 -1.0000 0.0000	</row0>
					<row1>	0.0000 1.0000 0.0000 0.0000	</row1>
					<row2>	1.0000 0.0000 0.0000 0.0000	</row2>
					<row3>	0.9761 1.0323 -5.4864 1.0000	</row3>
				</transform>
			</node>
			<node>
				<identifier>	MP_BM609_Speaker_INDEX_2	</identifier>
				<transform>
					<row0>	0.0000 0.0000 -1.0000 0.0000	</row0>
					<row1>	0.0000 1.0000 0.0000 0.0000	</row1>
					<row2>	1.0000 0.0000 0.0000 0.0000	</row2>
					<row3>	0.9388 1.0475 -6.9755 1.0000	</row3>
				</transform>
			</node>
			<node>
				<identifier>	MP_BM609_Speaker_INDEX_3	</identifier>
				<transform>
					<row0>	0.0000 0.0000 1.0000 0.0000	</row0>
					<row1>	0.0000 1.0000 0.0000 0.0000	</row1>
					<row2>	-1.0000 0.0000 0.0000 0.0000	</row2>
					<row3>	-0.9761 1.0323 -5.4864 1.0000	</row3>
				</transform>
			</node>
			<node>
				<identifier>	MP_BM612_Switch_Panel	</identifier>
				<transform>
					<row0>	0.0120 0.0000 -0.7548 0.0000	</row0>
					<row1>	0.0000 0.7549 0.0000 0.0000	</row1>
					<row2>	0.7548 0.0000 0.0120 0.0000	</row2>
					<row3>	-0.9297 1.0397 -7.4902 1.0000	</row3>
				</transform>
			</node>
			<node>
				<identifier>	MP_BM613_Switch_Panel	</identifier>
				<transform>
					<row0>	0.0120 0.0000 -0.7549 0.0000	</row0>
					<row1>	0.0000 0.7550 0.0000 0.0000	</row1>
					<row2>	0.7549 0.0000 0.0120 0.0000	</row2>
					<row3>	-0.9300 1.0398 -7.4614 1.0000	</row3>
				</transform>
			</node>
			<node>
				<identifier>	MP_BM615_Director_Station	</identifier>
				<transform>
					<row0>	0.0158 0.0000 -0.9999 0.0000	</row0>
					<row1>	0.0000 1.0000 0.0000 0.0000	</row1>
					<row2>	0.9999 0.0000 0.0158 0.0000	</row2>
					<row3>	-0.9318 0.9948 -7.3781 1.0000	</row3>
				</transform>
			</node>
			<node>
				<identifier>	MP_BM700_Locker	</identifier>
				<transform>
					<row0>	1.0000 0.0000 0.0000 0.0000	</row0>
					<row1>	0.0000 1.0000 0.0000 0.0000	</row1>
					<row2>	0.0000 0.0000 1.0000 0.0000	</row2>
					<row3>	-0.0321 0.3939 -6.8863 1.0000	</row3>
				</transform>
			</node>
			<node>
				<identifier>	MP_BM700_Locker_INDEX_1	</identifier>
				<transform>
					<row0>	-1.0000 0.0000 0.0000 0.0000	</row0>
					<row1>	0.0000 1.0000 0.0000 0.0000	</row1>
					<row2>	0.0000 0.0000 -1.0000 0.0000	</row2>
					<row3>	0.0321 0.3939 -6.8863 1.0000	</row3>
				</transform>
			</node>
			<node>
				<identifier>	MP_BM700_Locker_INDEX_2	</identifier>
				<transform>
					<row0>	0.0000 0.0000 1.0000 0.0000	</row0>
					<row1>	0.0000 1.0000 0.0000 0.0000	</row1>
					<row2>	-1.0000 0.0000 0.0000 0.0000	</row2>
					<row3>	0.0000 0.7572 -8.0676 1.0000	</row3>
				</transform>
			</node>
			<node>
				<identifier>	MP_BM701_Locker	</identifier>
				<transform>
					<row0>	0.0000 0.0000 -1.0000 0.0000	</row0>
					<row1>	0.0000 1.0000 0.0000 0.0000	</row1>
					<row2>	1.0000 0.0000 0.0000 0.0000	</row2>
					<row3>	0.8925 0.3853 -4.6700 1.0000	</row3>
				</transform>
			</node>
			<node>
				<identifier>	MP_BM701_Locker_INDEX_1	</identifier>
				<transform>
					<row0>	0.0000 0.0000 1.0000 0.0000	</row0>
					<row1>	0.0000 1.0000 0.0000 0.0000	</row1>
					<row2>	-1.0000 0.0000 0.0000 0.0000	</row2>
					<row3>	-0.8248 0.5912 -4.4930 1.0000	</row3>
				</transform>
			</node>
			<node>
				<identifier>	MP_BM701_Locker_INDEX_2	</identifier>
				<transform>
					<row0>	0.0000 0.0000 -1.0000 0.0000	</row0>
					<row1>	0.0000 1.0000 0.0000 0.0000	</row1>
					<row2>	1.0000 0.0000 0.0000 0.0000	</row2>
					<row3>	1.0579 0.7927 -4.5923 1.0000	</row3>
				</transform>
			</node>
			<node>
				<identifier>	MP_BM704_Locker	</identifier>
				<transform>
					<row0>	0.0000 0.0000 1.0000 0.0000	</row0>
					<row1>	0.0000 1.0000 0.0000 0.0000	</row1>
					<row2>	-1.0000 0.0000 0.0000 0.0000	</row2>
					<row3>	1.0405 0.7490 -4.1123 1.0000	</row3>
				</transform>
			</node>
			<node>
				<identifier>	MP_BM704_Locker_INDEX_1	</identifier>
				<transform>
					<row0>	1.0000 0.0000 0.0000 0.0000	</row0>
					<row1>	0.0000 1.0000 0.0000 0.0000	</row1>
					<row2>	0.0000 0.0000 1.0000 0.0000	</row2>
					<row3>	0.4563 0.7554 -8.0658 1.0000	</row3>
				</transform>
			</node>
			<node>
				<identifier>	MP_BM704_Locker_INDEX_10	</identifier>
