<ISC016_Genova_1925_Bow_ports.visual>
	<node>
		<identifier>	Scene Root	</identifier>
		<transform>
			<row0>	1.0000 0.0000 0.0000 0.0000	</row0>
			<row1>	0.0000 1.0000 0.0000 0.0000	</row1>
			<row2>	0.0000 0.0000 1.0000 0.0000	</row2>
			<row3>	0.0000 0.0000 0.0000 1.0000	</row3>
		</transform>
		<node>
			<identifier>	Bow_ports	</identifier>
			<transform>
				<row0>	1.0000 0.0000 0.0000 0.0000	</row0>
				<row1>	0.0000 1.0000 0.0000 0.0000	</row1>
				<row2>	0.0000 0.0000 1.0000 0.0000	</row2>
				<row3>	0.0000 0.0000 0.0000 1.0000	</row3>
			</transform>
			<node>
				<identifier>	HP_FX_Death_1	</identifier>
				<transform>
					<row0>	1.0000 0.0000 0.0000 0.0000	</row0>
					<row1>	0.0000 1.0000 0.0000 0.0000	</row1>
					<row2>	0.0000 0.0000 1.0000 0.0000	</row2>
					<row3>	0.0000 0.0000 4.1335 1.0000	</row3>
				</transform>
			</node>
			<node>
				<identifier>	HP_FX_Fire_1	</identifier>
				<transform>
					<row0>	1.0000 0.0000 0.0000 0.0000	</row0>
					<row1>	0.0000 1.0000 0.0000 0.0000	</row1>
					<row2>	0.0000 0.0000 1.0000 0.0000	</row2>
					<row3>	0.0000 0.5077 4.9487 1.0000	</row3>
				</transform>
			</node>
			<node>
				<identifier>	HP_FX_Flood_water_left_1	</identifier>
				<transform>
					<row0>	-1.0000 0.0000 0.0000 0.0000	</row0>
					<row1>	0.0000 1.0000 0.0000 0.0000	</row1>
					<row2>	0.0000 0.0000 -1.0000 0.0000	</row2>
					<row3>	-0.3327 0.0400 3.9042 1.0000	</row3>
				</transform>
			</node>
			<node>
				<identifier>	HP_FX_Flood_water_right_1	</identifier>
				<transform>
					<row0>	1.0000 0.0000 0.0000 0.0000	</row0>
					<row1>	0.0000 1.0000 0.0000 0.0000	</row1>
					<row2>	0.0000 0.0000 1.0000 0.0000	</row2>
					<row3>	0.3349 0.0394 3.9039 1.0000	</row3>
				</transform>
			</node>
			<node>
				<identifier>	HP_FX_WakeTrace	</identifier>
				<transform>
					<row0>	1.0000 0.0000 0.0000 0.0000	</row0>
					<row1>	0.0000 1.0000 0.0000 0.0000	</row1>
					<row2>	0.0000 0.0000 1.0000 0.0000	</row2>
					<row3>	0.0000 0.0000 6.4033 1.0000	</row3>
				</transform>
			</node>
			<node>
				<identifier>	HP_Ship_death_1	</identifier>
				<transform>
					<row0>	1.0000 0.0000 0.0000 0.0000	</row0>
					<row1>	0.0000 1.0000 0.0000 0.0000	</row1>
					<row2>	0.0000 0.0000 1.0000 0.0000	</row2>
					<row3>	0.0000 0.0000 3.9022 1.0000	</row3>
				</transform>
			</node>
			<node>
				<identifier>	MP_IM044_Bow_Star	</identifier>
				<transform>
					<row0>	1.3446 0.0000 0.0000 0.0000	</row0>
					<row1>	0.0000 1.2414 0.5166 0.0000	</row1>
					<row2>	0.0000 -0.5166 1.2414 0.0000	</row2>
					<row3>	0.0000 0.4661 6.4123 1.0000	</row3>
				</transform>
			</node>
			<node>
				<identifier>	MP_IM951_Anchor_up	</identifier>
				<transform>
					<row0>	0.8387 -0.1817 -0.5133 0.0000	</row0>
					<row1>	-0.3652 0.5114 -0.7778 0.0000	</row1>
					<row2>	0.4039 0.8399 0.3626 0.0000	</row2>
					<row3>	0.2168 0.3811 5.7245 1.0000	</row3>
				</transform>
			</node>
			<node>
				<identifier>	MP_IM951_Anchor_up_INDEX_1	</identifier>
				<transform>
					<row0>	0.8299 0.0883 0.5509 0.0000	</row0>
					<row1>	0.4336 0.5192 -0.7365 0.0000	</row1>
					<row2>	-0.3510 0.8501 0.3926 0.0000	</row2>
					<row3>	-0.1780 0.3835 5.9443 1.0000	</row3>
				</transform>
			</node>
			<node>
				<identifier>	MP_IM951_Anchor_up_INDEX_2	</identifier>
				<transform>
					<row0>	0.8299 -0.0883 -0.5509 0.0000	</row0>
					<row1>	-0.4336 0.5192 -0.7365 0.0000	</row1>
					<row2>	0.3510 0.8501 0.3926 0.0000	</row2>
					<row3>	0.1780 0.3835 5.9443 1.0000	</row3>
				</transform>
			</node>
			<node>
				<identifier>	MP_IM952_Anchor_Bottom	</identifier>
				<transform>
					<row0>	0.8995 -0.4368 0.0097 0.0000	</row0>
					<row1>	0.1666 0.3222 -0.9319 0.0000	</row1>
					<row2>	0.4039 0.8399 0.3626 0.0000	</row2>
					<row3>	0.2168 0.3811 5.7245 1.0000	</row3>
				</transform>
			</node>
			<node>
				<identifier>	MP_IM952_Anchor_Bottom_INDEX_1	</identifier>
				<transform>
					<row0>	0.9139 0.4023 -0.0539 0.0000	</row0>
					<row1>	-0.2038 0.3400 -0.9181 0.0000	</row1>
					<row2>	-0.3510 0.8500 0.3928 0.0000	</row2>
					<row3>	-0.1780 0.3835 5.9443 1.0000	</row3>
				</transform>
			</node>
			<node>
				<identifier>	MP_IM952_Anchor_Bottom_INDEX_2	</identifier>
				<transform>
					<row0>	0.9139 -0.4023 0.0539 0.0000	</row0>
					<row1>	0.2038 0.3400 -0.9181 0.0000	</row1>
					<row2>	0.3510 0.8500 0.3928 0.0000	</row2>
					<row3>	0.1780 0.3835 5.9443 1.0000	</row3>
				</transform>
			</node>
			<node>
				<identifier>	MP_IM953_Bollard	</identifier>
				<transform>
					<row0>	0.8438 -0.0001 0.1028 0.0000	</row0>
					<row1>	0.0019 0.8499 -0.0148 0.0000	</row1>
					<row2>	-0.1027 0.0150 0.8436 0.0000	</row2>
					<row3>	0.2856 0.4881 5.2853 1.0000	</row3>
				</transform>
			</node>
			<node>
				<identifier>	MP_IM953_Bollard_INDEX_1	</identifier>
				<transform>
					<row0>	0.8474 -0.0008 0.0664 0.0000	</row0>
					<row1>	0.0019 0.8499 -0.0148 0.0000	</row1>
					<row2>	-0.0664 0.0149 0.8473 0.0000	</row2>
					<row3>	0.3947 0.4641 4.1636 1.0000	</row3>
				</transform>
			</node>
			<node>
				<identifier>	MP_IM953_Bollard_INDEX_2	</identifier>
				<transform>
					<row0>	0.8474 0.0008 -0.0664 0.0000	</row0>
					<row1>	-0.0019 0.8499 -0.0148 0.0000	</row1>
					<row2>	0.0664 0.0149 0.8473 0.0000	</row2>
					<row3>	-0.3947 0.4641 4.1636 1.0000	</row3>
				</transform>
			</node>
			<node>
				<identifier>	MP_IM953_Bollard_INDEX_3	</identifier>
				<transform>
					<row0>	0.8438 0.0001 -0.1028 0.0000	</row0>
					<row1>	-0.0019 0.8499 -0.0148 0.0000	</row1>
					<row2>	0.1027 0.0150 0.8436 0.0000	</row2>
					<row3>	-0.2856 0.4881 5.2853 1.0000	</row3>
				</transform>
			</node>
		</node>
	</node>
	<boundingBox>
		<min>	-0.0667 -0.0667 -0.0667	</min>
		<max>	0.0667 0.0667 0.0667	</max>
	</boundingBox>
</ISC016_Genova_1925_Bow_ports.visual>
