<WSD016_Velos_1960_MidFront_ports.visual>
	<node>
		<identifier>	Scene Root	</identifier>
		<transform>
			<row0>	1.0000 0.0000 0.0000 0.0000	</row0>
			<row1>	0.0000 1.0000 0.0000 0.0000	</row1>
			<row2>	0.0000 0.0000 1.0000 0.0000	</row2>
			<row3>	0.0000 0.0000 0.0000 1.0000	</row3>
		</transform>
		<node>
			<identifier>	MidFront_ports	</identifier>
			<transform>
				<row0>	1.0000 0.0000 0.0000 0.0000	</row0>
				<row1>	0.0000 1.0000 0.0000 0.0000	</row1>
				<row2>	0.0000 0.0000 1.0000 0.0000	</row2>
				<row3>	0.0000 0.0000 0.0000 1.0000	</row3>
			</transform>
			<node>
				<identifier>	HP_FX_Death_1	</identifier>
				<transform>
					<row0>	1.0000 0.0000 0.0000 0.0000	</row0>
					<row1>	0.0000 1.0000 0.0000 0.0000	</row1>
					<row2>	0.0000 0.0000 1.0000 0.0000	</row2>
					<row3>	0.0000 0.0000 2.4257 1.0000	</row3>
				</transform>
			</node>
			<node>
				<identifier>	HP_FX_Death_2	</identifier>
				<transform>
					<row0>	1.0000 0.0000 0.0000 0.0000	</row0>
					<row1>	0.0000 1.0000 0.0000 0.0000	</row1>
					<row2>	0.0000 0.0000 1.0000 0.0000	</row2>
					<row3>	0.0000 0.0000 -0.1366 1.0000	</row3>
				</transform>
			</node>
			<node>
				<identifier>	HP_FX_Fire_2	</identifier>
				<transform>
					<row0>	1.0000 0.0000 0.0000 0.0000	</row0>
					<row1>	0.0000 1.0000 0.0000 0.0000	</row1>
					<row2>	0.0000 0.0000 1.0000 0.0000	</row2>
					<row3>	0.0000 0.7171 1.2276 1.0000	</row3>
				</transform>
			</node>
			<node>
				<identifier>	HP_FX_Fire_2_side_1	</identifier>
				<transform>
					<row0>	1.0000 0.0000 0.0000 0.0000	</row0>
					<row1>	0.0000 1.0000 0.0000 0.0000	</row1>
					<row2>	0.0000 0.0000 1.0000 0.0000	</row2>
					<row3>	-0.2153 0.4169 -0.0737 1.0000	</row3>
				</transform>
			</node>
			<node>
				<identifier>	HP_FX_Fire_2_side_2	</identifier>
				<transform>
					<row0>	1.0000 0.0000 0.0000 0.0000	</row0>
					<row1>	0.0000 1.0000 0.0000 0.0000	</row1>
					<row2>	0.0000 0.0000 1.0000 0.0000	</row2>
					<row3>	0.3112 0.4834 0.9869 1.0000	</row3>
				</transform>
			</node>
			<node>
				<identifier>	HP_FX_FloodLight_left_1	</identifier>
				<transform>
					<row0>	-1.0000 0.0000 0.0000 0.0000	</row0>
					<row1>	0.0000 1.0000 0.0000 0.0000	</row1>
					<row2>	0.0000 0.0000 -1.0000 0.0000	</row2>
					<row3>	-0.1726 0.5019 1.3118 1.0000	</row3>
				</transform>
			</node>
			<node>
				<identifier>	HP_FX_FloodLight_right_2	</identifier>
				<transform>
					<row0>	1.0000 0.0000 0.0000 0.0000	</row0>
					<row1>	0.0000 1.0000 0.0000 0.0000	</row1>
					<row2>	0.0000 0.0000 1.0000 0.0000	</row2>
					<row3>	0.1696 0.4866 1.3054 1.0000	</row3>
				</transform>
			</node>
			<node>
				<identifier>	HP_FX_Flood_steam_1	</identifier>
				<transform>
					<row0>	1.0000 0.0000 0.0000 0.0000	</row0>
					<row1>	0.0000 0.8515 -0.5243 0.0000	</row1>
					<row2>	0.0000 0.5243 0.8515 0.0000	</row2>
					<row3>	0.0160 0.7984 0.4852 1.0000	</row3>
				</transform>
			</node>
			<node>
				<identifier>	HP_FX_Flood_steam_left	</identifier>
				<transform>
					<row0>	-1.0000 0.0000 0.0000 0.0000	</row0>
					<row1>	0.0000 1.0000 0.0000 0.0000	</row1>
					<row2>	0.0000 0.0000 -1.0000 0.0000	</row2>
					<row3>	-0.0945 0.5559 0.6796 1.0000	</row3>
				</transform>
			</node>
			<node>
				<identifier>	HP_FX_Flood_steam_right	</identifier>
				<transform>
					<row0>	1.0000 0.0000 0.0000 0.0000	</row0>
					<row1>	0.0000 1.0000 0.0000 0.0000	</row1>
					<row2>	0.0000 0.0000 1.0000 0.0000	</row2>
					<row3>	0.0977 0.5132 -0.2447 1.0000	</row3>
				</transform>
			</node>
			<node>
				<identifier>	HP_FX_Flood_water_left_1	</identifier>
				<transform>
					<row0>	-1.0000 0.0000 0.0000 0.0000	</row0>
					<row1>	0.0000 1.0000 0.0000 0.0000	</row1>
					<row2>	0.0000 0.0000 -1.0000 0.0000	</row2>
					<row3>	-0.3529 0.1198 1.2181 1.0000	</row3>
				</transform>
			</node>
			<node>
				<identifier>	HP_FX_Flood_water_right_1	</identifier>
				<transform>
					<row0>	1.0000 0.0000 0.0000 0.0000	</row0>
					<row1>	0.0000 1.0000 0.0000 0.0000	</row1>
					<row2>	0.0000 0.0000 1.0000 0.0000	</row2>
					<row3>	0.3470 0.1840 1.4199 1.0000	</row3>
				</transform>
			</node>
			<node>
				<identifier>	HP_FX_RepairLight_left_2	</identifier>
				<transform>
					<row0>	0.0483 0.0000 0.9988 0.0000	</row0>
					<row1>	0.0000 1.0000 0.0000 0.0000	</row1>
					<row2>	-0.9988 0.0000 0.0483 0.0000	</row2>
					<row3>	-0.3486 0.2729 1.5800 1.0000	</row3>
				</transform>
			</node>
			<node>
				<identifier>	HP_FX_RepairLight_right_2	</identifier>
				<transform>
					<row0>	0.0301 0.0000 -0.9995 0.0000	</row0>
					<row1>	0.0341 0.9994 0.0010 0.0000	</row1>
					<row2>	0.9990 -0.0341 0.0301 0.0000	</row2>
					<row3>	0.3276 0.2943 1.9662 1.0000	</row3>
				</transform>
			</node>
			<node>
				<identifier>	HP_FX_Smoke_1	</identifier>
				<transform>
					<row0>	1.0000 0.0000 0.0000 0.0000	</row0>
					<row1>	0.0000 0.9055 -0.4244 0.0000	</row1>
					<row2>	0.0000 0.4244 0.9055 0.0000	</row2>
					<row3>	0.0000 0.8884 0.5895 1.0000	</row3>
				</transform>
			</node>
			<node>
				<identifier>	HP_FX_Smoke_2	</identifier>
				<transform>
					<row0>	1.0000 0.0000 0.0000 0.0000	</row0>
					<row1>	0.0000 0.9055 -0.4244 0.0000	</row1>
					<row2>	0.0000 0.4244 0.9055 0.0000	</row2>
					<row3>	-0.0008 0.8362 -0.3465 1.0000	</row3>
				</transform>
			</node>
			<node>
				<identifier>	HP_Flagpole	</identifier>
				<transform>
					<row0>	1.0000 0.0000 0.0000 0.0000	</row0>
					<row1>	0.0000 1.0000 0.0000 0.0000	</row1>
					<row2>	0.0000 0.0000 1.0000 0.0000	</row2>
					<row3>	0.0000 2.0243 0.7470 1.0000	</row3>
				</transform>
			</node>
			<node>
				<identifier>	HP_Ship_death_2	</identifier>
				<transform>
					<row0>	1.0000 0.0000 0.0000 0.0000	</row0>
					<row1>	0.0000 1.0000 0.0000 0.0000	</row1>
					<row2>	0.0000 0.0000 1.0000 0.0000	</row2>
					<row3>	0.0000 0.0000 -0.9339 1.0000	</row3>
				</transform>
			</node>
			<node>
				<identifier>	HP_WD_1	</identifier>
				<transform>
					<row0>	1.0000 0.0000 0.0000 0.0000	</row0>
					<row1>	0.0000 1.0000 0.0000 0.0000	</row1>
					<row2>	0.0000 0.0000 1.0000 0.0000	</row2>
					<row3>	0.0000 0.7939 1.3589 1.0000	</row3>
				</transform>
			</node>
			<node>
				<identifier>	HP_WD_2	</identifier>
				<transform>
					<row0>	0.0000 0.0000 1.0000 0.0000	</row0>
					<row1>	0.0000 1.0000 0.0000 0.0000	</row1>
					<row2>	-1.0000 0.0000 0.0000 0.0000	</row2>
					<row3>	-0.1388 0.6059 0.3488 1.0000	</row3>
				</transform>
			</node>
			<node>
				<identifier>	HP_WD_3	</identifier>
				<transform>
					<row0>	0.0000 0.0000 -1.0000 0.0000	</row0>
					<row1>	0.0000 1.0000 0.0000 0.0000	</row1>
					<row2>	1.0000 0.0000 0.0000 0.0000	</row2>
					<row3>	0.1388 0.6059 0.3488 1.0000	</row3>
				</transform>
			</node>
			<node>
				<identifier>	HP_WD_4	</identifier>
				<transform>
					<row0>	1.0000 0.0000 0.0000 0.0000	</row0>
					<row1>	0.0000 1.0000 0.0000 0.0000	</row1>
					<row2>	0.0000 0.0000 1.0000 0.0000	</row2>
					<row3>	0.0000 0.6287 -0.4665 1.0000	</row3>
				</transform>
			</node>
			<node>
				<identifier>	HP_WGA_1	</identifier>
				<transform>
					<row0>	0.0000 0.0000 1.0000 0.0000	</row0>
					<row1>	0.0000 1.0000 0.0000 0.0000	</row1>
					<row2>	-1.0000 0.0000 0.0000 0.0000	</row2>
					<row3>	-0.1902 0.3756 0.0737 1.0000	</row3>
				</transform>
			</node>
			<node>
				<identifier>	HP_WGA_2	</identifier>
				<transform>
					<row0>	0.0000 0.0000 -1.0000 0.0000	</row0>
					<row1>	0.0000 1.0000 0.0000 0.0000	</row1>
					<row2>	1.0000 0.0000 0.0000 0.0000	</row2>
					<row3>	0.1902 0.3756 0.0737 1.0000	</row3>
				</transform>
			</node>
			<node>
				<identifier>	HP_WGM_2	</identifier>
				<transform>
					<row0>	1.0000 0.0000 0.0000 0.0000	</row0>
					<row1>	0.0000 1.0000 0.0000 0.0000	</row1>
					<row2>	0.0000 0.0000 1.0000 0.0000	</row2>
					<row3>	0.0000 0.4755 2.1196 1.0000	</row3>
				</transform>
			</node>
			<node>
				<identifier>	HP_WGT_1	</identifier>
				<transform>
					<row0>	-1.0000 0.0000 0.0000 0.0000	</row0>
					<row1>	0.0000 1.0000 0.0000 0.0000	</row1>
					<row2>	0.0000 0.0000 -1.0000 0.0000	</row2>
					<row3>	0.0000 0.3638 -0.7360 1.0000	</row3>
				</transform>
			</node>
			<node>
				<identifier>	HP_WRS_1	</identifier>
				<transform>
					<row0>	1.0000 0.0000 0.0000 0.0000	</row0>
					<row1>	0.0000 1.0000 0.0000 0.0000	</row1>
					<row2>	0.0000 0.0000 1.0000 0.0000	</row2>
					<row3>	0.0000 1.5127 1.1395 1.0000	</row3>
				</transform>
			</node>
			<node>
				<identifier>	HP_WRS_2	</identifier>
				<transform>
					<row0>	1.0000 0.0000 0.0000 0.0000	</row0>
					<row1>	0.0000 1.0000 0.0000 0.0000	</row1>
					<row2>	0.0000 0.0000 1.0000 0.0000	</row2>
					<row3>	0.0000 1.7910 0.8840 1.0000	</row3>
				</transform>
			</node>
			<node>
				<identifier>	HP_flag_1	</identifier>
				<transform>
					<row0>	0.9982 -0.0590 0.0050 0.0000	</row0>
					<row1>	0.0590 0.9842 -0.1670 0.0000	</row1>
					<row2>	0.0050 0.1670 0.9859 0.0000	</row2>
					<row3>	0.2171 1.4045 0.9662 1.0000	</row3>
				</transform>
			</node>
			<node>
				<identifier>	HP_flag_2	</identifier>
				<transform>
					<row0>	0.9982 0.0590 -0.0050 0.0000	</row0>
					<row1>	-0.0590 0.9842 -0.1670 0.0000	</row1>
					<row2>	-0.0050 0.1670 0.9859 0.0000	</row2>
					<row3>	-0.2171 1.4045 0.9662 1.0000	</row3>
				</transform>
			</node>
			<node>
				<identifier>	HP_flag_3	</identifier>
				<transform>
					<row0>	0.9993 -0.0383 0.0033 0.0000	</row0>
					<row1>	0.0383 0.9850 -0.1684 0.0000	</row1>
					<row2>	0.0033 0.1684 0.9857 0.0000	</row2>
					<row3>	0.1335 1.4056 0.9650 1.0000	</row3>
				</transform>
			</node>
			<node>
				<identifier>	HP_flag_4	</identifier>
				<transform>
					<row0>	0.9993 0.0383 -0.0033 0.0000	</row0>
					<row1>	-0.0383 0.9850 -0.1684 0.0000	</row1>
					<row2>	-0.0033 0.1684 0.9857 0.0000	</row2>
					<row3>	-0.1335 1.4056 0.9650 1.0000	</row3>
				</transform>
			</node>
			<node>
				<identifier>	HP_flag_courtesy	</identifier>
				<transform>
					<row0>	0.9989 -0.0469 0.0039 0.0000	</row0>
					<row1>	0.0469 0.9848 -0.1671 0.0000	</row1>
					<row2>	0.0039 0.1671 0.9859 0.0000	</row2>
					<row3>	0.2405 1.4090 0.9651 1.0000	</row3>
				</transform>
			</node>
			<node>
				<identifier>	HP_flag_house	</identifier>
				<transform>
					<row0>	0.9983 0.0586 -0.0049 0.0000	</row0>
					<row1>	-0.0586 0.9842 -0.1670 0.0000	</row1>
					<row2>	-0.0049 0.1670 0.9859 0.0000	</row2>
					<row3>	-0.2401 1.4090 0.9651 1.0000	</row3>
				</transform>
			</node>
			<node>
				<identifier>	HP_flag_nation	</identifier>
				<transform>
					<row0>	0.9974 0.0712 -0.0119 0.0000	</row0>
					<row1>	-0.0712 0.9428 -0.3258 0.0000	</row1>
					<row2>	-0.0119 0.3258 0.9454 0.0000	</row2>
					<row3>	0.0406 1.8003 0.6932 1.0000	</row3>
				</transform>
			</node>
			<node>
				<identifier>	HP_flag_rank	</identifier>
				<transform>
					<row0>	0.9974 -0.0712 0.0119 0.0000	</row0>
					<row1>	0.0712 0.9428 -0.3258 0.0000	</row1>
					<row2>	0.0119 0.3258 0.9454 0.0000	</row2>
					<row3>	-0.0520 1.6492 0.7449 1.0000	</row3>
				</transform>
			</node>
			<node>
				<identifier>	MP_AM374_Fender	</identifier>
				<transform>
					<row0>	0.0000 0.0000 -0.5000 0.0000	</row0>
					<row1>	0.0000 0.5000 0.0000 0.0000	</row1>
					<row2>	0.5000 0.0000 0.0000 0.0000	</row2>
					<row3>	0.2659 0.2656 1.3773 1.0000	</row3>
				</transform>
			</node>
			<node>
				<identifier>	MP_AM374_Fender_INDEX_1	</identifier>
				<transform>
					<row0>	0.0000 0.0000 -0.5000 0.0000	</row0>
					<row1>	0.0000 0.5000 0.0000 0.0000	</row1>
					<row2>	0.5000 0.0000 0.0000 0.0000	</row2>
					<row3>	0.2679 0.2632 1.3361 1.0000	</row3>
				</transform>
			</node>
			<node>
				<identifier>	MP_AM374_Fender_INDEX_2	</identifier>
				<transform>
					<row0>	0.0000 0.0000 0.5000 0.0000	</row0>
					<row1>	0.0000 0.5000 0.0000 0.0000	</row1>
					<row2>	-0.5000 0.0000 0.0000 0.0000	</row2>
					<row3>	-0.2425 0.2913 1.8533 1.0000	</row3>
				</transform>
			</node>
			<node>
				<identifier>	MP_AM374_Fender_INDEX_3	</identifier>
				<transform>
					<row0>	0.0000 0.0000 0.5000 0.0000	</row0>
					<row1>	0.0000 0.5000 0.0000 0.0000	</row1>
					<row2>	-0.5000 0.0000 0.0000 0.0000	</row2>
					<row3>	-0.2449 0.2894 1.8136 1.0000	</row3>
				</transform>
			</node>
			<node>
				<identifier>	MP_AM572_Telpher	</identifier>
				<transform>
					<row0>	-1.0000 0.0000 0.0000 0.0000	</row0>
					<row1>	0.0000 1.0000 0.0000 0.0000	</row1>
					<row2>	0.0000 0.0000 -1.0000 0.0000	</row2>
					<row3>	0.1889 0.3884 -0.9041 1.0000	</row3>
				</transform>
			</node>
			<node>
				<identifier>	MP_CM011_Fire_Fighting_Gear	</identifier>
				<transform>
					<row0>	0.0000 0.0000 1.0000 0.0000	</row0>
					<row1>	0.0000 1.0000 0.0000 0.0000	</row1>
					<row2>	-1.0000 0.0000 0.0000 0.0000	</row2>
					<row3>	0.2077 0.2103 -0.0401 1.0000	</row3>
				</transform>
			</node>
			<node>
				<identifier>	MP_CM011_Fire_Fighting_Gear_INDEX_1	</identifier>
				<transform>
					<row0>	1.0000 0.0000 0.0000 0.0000	</row0>
					<row1>	0.0000 1.0000 0.0000 0.0000	</row1>
					<row2>	0.0000 0.0000 1.0000 0.0000	</row2>
					<row3>	0.1089 0.2015 -0.4273 1.0000	</row3>
				</transform>
			</node>
			<node>
				<identifier>	MP_CM011_Fire_Fighting_Gear_INDEX_10	</identifier>
				<transform>
					<row0>	0.0000 0.0000 -1.0000 0.0000	</row0>
					<row1>	0.0000 1.0000 0.0000 0.0000	</row1>
					<row2>	1.0000 0.0000 0.0000 0.0000	</row2>
					<row3>	-0.1684 0.6060 1.3725 1.0000	</row3>
				</transform>
			</node>
			<node>
				<identifier>	MP_CM011_Fire_Fighting_Gear_INDEX_2	</identifier>
				<transform>
					<row0>	0.0000 0.0000 1.0000 0.0000	</row0>
					<row1>	0.0000 1.0000 0.0000 0.0000	</row1>
					<row2>	-1.0000 0.0000 0.0000 0.0000	</row2>
					<row3>	0.2134 0.2353 0.5392 1.0000	</row3>
				</transform>
			</node>
			<node>
				<identifier>	MP_CM011_Fire_Fighting_Gear_INDEX_3	</identifier>
				<transform>
					<row0>	0.0000 0.0000 -1.0000 0.0000	</row0>
					<row1>	0.0000 1.0000 0.0000 0.0000	</row1>
					<row2>	1.0000 0.0000 0.0000 0.0000	</row2>
					<row3>	-0.1671 0.2491 0.9181 1.0000	</row3>
				</transform>
			</node>
			<node>
				<identifier>	MP_CM011_Fire_Fighting_Gear_INDEX_4	</identifier>
				<transform>
					<row0>	0.0000 0.0000 -1.0000 0.0000	</row0>
					<row1>	0.0000 1.0000 0.0000 0.0000	</row1>
					<row2>	1.0000 0.0000 0.0000 0.0000	</row2>
					<row3>	-0.3151 0.2094 0.0240 1.0000	</row3>
				</transform>
			</node>
			<node>
				<identifier>	MP_CM011_Fire_Fighting_Gear_INDEX_5	</identifier>
				<transform>
					<row0>	-1.0000 0.0000 0.0000 0.0000	</row0>
					<row1>	0.0000 1.0000 0.0000 0.0000	</row1>
					<row2>	0.0000 0.0000 -1.0000 0.0000	</row2>
					<row3>	0.1132 0.3201 2.2642 1.0000	</row3>
				</transform>
			</node>
			<node>
				<identifier>	MP_CM011_Fire_Fighting_Gear_INDEX_6	</identifier>
				<transform>
					<row0>	-1.0000 0.0000 0.0000 0.0000	</row0>
					<row1>	0.0000 1.0000 0.0000 0.0000	</row1>
					<row2>	0.0000 0.0000 -1.0000 0.0000	</row2>
					<row3>	-0.1132 0.3201 2.2642 1.0000	</row3>
				</transform>
			</node>
			<node>
				<identifier>	MP_CM011_Fire_Fighting_Gear_INDEX_7	</identifier>
				<transform>
					<row0>	0.0000 0.0000 1.0000 0.0000	</row0>
					<row1>	0.0000 1.0000 0.0000 0.0000	</row1>
					<row2>	-1.0000 0.0000 0.0000 0.0000	</row2>
					<row3>	0.1734 0.4254 1.3988 1.0000	</row3>
				</transform>
			</node>
			<node>
				<identifier>	MP_CM011_Fire_Fighting_Gear_INDEX_8	</identifier>
				<transform>
					<row0>	0.0000 0.0000 -1.0000 0.0000	</row0>
					<row1>	0.0000 1.0000 0.0000 0.0000	</row1>
					<row2>	1.0000 0.0000 0.0000 0.0000	</row2>
					<row3>	-0.1734 0.4224 1.2993 1.0000	</row3>
				</transform>
			</node>
			<node>
				<identifier>	MP_CM011_Fire_Fighting_Gear_INDEX_9	</identifier>
				<transform>
					<row0>	-1.0000 0.0000 0.0000 0.0000	</row0>
					<row1>	0.0000 1.0000 0.0000 0.0000	</row1>
					<row2>	0.0000 0.0000 -1.0000 0.0000	</row2>
					<row3>	-0.0258 0.3659 3.0851 1.0000	</row3>
				</transform>
			</node>
			<node>
				<identifier>	MP_CM012_Fire_Hose_Rack_1	</identifier>
				<transform>
					<row0>	0.0000 0.0000 -1.0000 0.0000	</row0>
					<row1>	0.0000 1.0000 0.0000 0.0000	</row1>
					<row2>	1.0000 0.0000 0.0000 0.0000	</row2>
					<row3>	0.0316 0.4019 2.2559 1.0000	</row3>
				</transform>
			</node>
			<node>
				<identifier>	MP_CM012_Fire_Hose_Rack_1_INDEX_1	</identifier>
				<transform>
					<row0>	0.0000 0.0000 -1.0000 0.0000	</row0>
					<row1>	0.0000 1.0000 0.0000 0.0000	</row1>
					<row2>	1.0000 0.0000 0.0000 0.0000	</row2>
					<row3>	0.0860 0.4024 2.2559 1.0000	</row3>
				</transform>
			</node>
			<node>
				<identifier>	MP_CM012_Fire_Hose_Rack_1_INDEX_10	</identifier>
				<transform>
					<row0>	1.0000 0.0000 0.0000 0.0000	</row0>
					<row1>	0.0000 1.0000 0.0000 0.0000	</row1>
					<row2>	0.0000 0.0000 1.0000 0.0000	</row2>
					<row3>	-0.1625 0.7020 1.3651 1.0000	</row3>
				</transform>
			</node>
			<node>
				<identifier>	MP_CM012_Fire_Hose_Rack_1_INDEX_2	</identifier>
				<transform>
					<row0>	-1.0000 0.0000 0.0000 0.0000	</row0>
					<row1>	0.0000 1.0000 0.0000 0.0000	</row1>
					<row2>	0.0000 0.0000 -1.0000 0.0000	</row2>
					<row3>	0.0963 0.2815 -0.6668 1.0000	</row3>
				</transform>
			</node>
			<node>
				<identifier>	MP_CM012_Fire_Hose_Rack_1_INDEX_3	</identifier>
				<transform>
					<row0>	0.0000 0.0000 1.0000 0.0000	</row0>
					<row1>	0.0000 1.0000 0.0000 0.0000	</row1>
					<row2>	-1.0000 0.0000 0.0000 0.0000	</row2>
					<row3>	0.1157 0.2694 -0.6083 1.0000	</row3>
				</transform>
			</node>
			<node>
				<identifier>	MP_CM012_Fire_Hose_Rack_1_INDEX_4	</identifier>
				<transform>
					<row0>	-0.8317 0.0000 -0.5553 0.0000	</row0>
					<row1>	0.0000 1.0000 0.0000 0.0000	</row1>
					<row2>	0.5553 0.0000 -0.8317 0.0000	</row2>
					<row3>	0.1385 0.3818 2.2379 1.0000	</row3>
				</transform>
			</node>
			<node>
				<identifier>	MP_CM012_Fire_Hose_Rack_1_INDEX_5	</identifier>
				<transform>
					<row0>	0.8317 0.0000 -0.5553 0.0000	</row0>
					<row1>	0.0000 1.0000 0.0000 0.0000	</row1>
					<row2>	0.5553 0.0000 0.8317 0.0000	</row2>
					<row3>	-0.1384 0.3818 2.2379 1.0000	</row3>
				</transform>
			</node>
			<node>
				<identifier>	MP_CM012_Fire_Hose_Rack_1_INDEX_6	</identifier>
				<transform>
					<row0>	-1.0000 0.0000 0.0000 0.0000	</row0>
					<row1>	0.0000 1.0000 0.0000 0.0000	</row1>
					<row2>	0.0000 0.0000 -1.0000 0.0000	</row2>
					<row3>	0.2048 0.3039 0.5620 1.0000	</row3>
				</transform>
			</node>
			<node>
				<identifier>	MP_CM012_Fire_Hose_Rack_1_INDEX_7	</identifier>
				<transform>
					<row0>	-1.0000 0.0000 0.0000 0.0000	</row0>
					<row1>	0.0000 1.0000 0.0000 0.0000	</row1>
					<row2>	0.0000 0.0000 -1.0000 0.0000	</row2>
					<row3>	0.2048 0.3093 0.4613 1.0000	</row3>
				</transform>
			</node>
			<node>
				<identifier>	MP_CM012_Fire_Hose_Rack_1_INDEX_8	</identifier>
				<transform>
					<row0>	-1.0000 0.0000 0.0000 0.0000	</row0>
					<row1>	0.0000 1.0000 0.0000 0.0000	</row1>
					<row2>	0.0000 0.0000 -1.0000 0.0000	</row2>
					<row3>	0.1673 0.4977 1.4277 1.0000	</row3>
				</transform>
			</node>
			<node>
				<identifier>	MP_CM012_Fire_Hose_Rack_1_INDEX_9	</identifier>
				<transform>
					<row0>	1.0000 0.0000 0.0000 0.0000	</row0>
					<row1>	0.0000 1.0000 0.0000 0.0000	</row1>
					<row2>	0.0000 0.0000 1.0000 0.0000	</row2>
					<row3>	-0.1673 0.5267 1.2550 1.0000	</row3>
				</transform>
			</node>
			<node>
				<identifier>	MP_CM014_Fuel_Oil_Hose	</identifier>
				<transform>
					<row0>	1.0000 0.0000 0.0000 0.0000	</row0>
					<row1>	0.0000 1.0000 0.0000 0.0000	</row1>
					<row2>	0.0000 0.0000 1.0000 0.0000	</row2>
					<row3>	-0.0940 0.3267 -0.5961 1.0000	</row3>
				</transform>
			</node>
			<node>
				<identifier>	MP_CM014_Fuel_Oil_Hose_INDEX_1	</identifier>
				<transform>
					<row0>	1.0000 0.0000 0.0000 0.0000	</row0>
					<row1>	0.0000 1.0000 0.0000 0.0000	</row1>
					<row2>	0.0000 0.0000 1.0000 0.0000	</row2>
					<row3>	-0.0940 0.2962 -0.5961 1.0000	</row3>
				</transform>
			</node>
			<node>
				<identifier>	MP_CM029_Emergency_Box	</identifier>
				<transform>
					<row0>	0.0000 0.0000 -1.0000 0.0000	</row0>
					<row1>	0.0000 1.0000 0.0000 0.0000	</row1>
					<row2>	1.0000 0.0000 0.0000 0.0000	</row2>
					<row3>	-0.0988 0.2683 -0.7174 1.0000	</row3>
				</transform>
			</node>
			<node>
				<identifier>	MP_CM029_Emergency_Box_INDEX_1	</identifier>
				<transform>
					<row0>	0.7209 0.0000 -0.6930 0.0000	</row0>
					<row1>	0.0000 1.0000 0.0000 0.0000	</row1>
					<row2>	0.6930 0.0000 0.7209 0.0000	</row2>
					<row3>	0.3302 0.4139 0.2345 1.0000	</row3>
				</transform>
			</node>
			<node>
				<identifier>	MP_CM029_Emergency_Box_INDEX_2	</identifier>
				<transform>
					<row0>	0.0000 0.0000 1.0000 0.0000	</row0>
					<row1>	0.0000 1.0000 0.0000 0.0000	</row1>
					<row2>	-1.0000 0.0000 0.0000 0.0000	</row2>
					<row3>	0.1021 0.2738 -0.7354 1.0000	</row3>
				</transform>
			</node>
			<node>
				<identifier>	MP_CM029_Emergency_Box_INDEX_3	</identifier>
				<transform>
					<row0>	0.0000 0.0000 -1.0000 0.0000	</row0>
					<row1>	0.0000 1.0000 0.0000 0.0000	</row1>
					<row2>	1.0000 0.0000 0.0000 0.0000	</row2>
					<row3>	-0.1684 0.6928 1.4195 1.0000	</row3>
				</transform>
			</node>
			<node>
				<identifier>	MP_CM029_Emergency_Box_INDEX_4	</identifier>
				<transform>
					<row0>	-0.3910 0.0000 0.9204 0.0000	</row0>
					<row1>	0.0000 1.0000 0.0000 0.0000	</row1>
					<row2>	-0.9204 0.0000 -0.3910 0.0000	</row2>
					<row3>	0.0630 0.5090 1.6671 1.0000	</row3>
				</transform>
			</node>
			<node>
				<identifier>	MP_CM029_Emergency_Box_INDEX_5	</identifier>
				<transform>
					<row0>	0.0000 0.0000 1.0000 0.0000	</row0>
					<row1>	0.0000 1.0000 0.0000 0.0000	</row1>
					<row2>	-1.0000 0.0000 0.0000 0.0000	</row2>
					<row3>	0.1685 0.7007 1.4195 1.0000	</row3>
				</transform>
			</node>
			<node>
				<identifier>	MP_CM029_Emergency_Box_INDEX_6	</identifier>
				<transform>
					<row0>	0.6780 0.0000 0.7351 0.0000	</row0>
					<row1>	0.0000 1.0000 0.0000 0.0000	</row1>
					<row2>	-0.7351 0.0000 0.6780 0.0000	</row2>
					<row3>	-0.3421 0.4139 0.2237 1.0000	</row3>
				</transform>
			</node>
			<node>
				<identifier>	MP_CM056_Ships_bell	</identifier>
				<transform>
					<row0>	0.5130 0.0000 0.0000 0.0000	</row0>
					<row1>	0.0000 0.5130 0.0000 0.0000	</row1>
					<row2>	0.0000 0.0000 0.5130 0.0000	</row2>
					<row3>	0.0000 0.7354 1.0998 1.0000	</row3>
				</transform>
			</node>
			<node>
				<identifier>	MP_CM088_Swab_Rack	</identifier>
				<transform>
					<row0>	0.0000 0.0000 -1.0000 0.0000	</row0>
					<row1>	0.0000 1.0000 0.0000 0.0000	</row1>
					<row2>	1.0000 0.0000 0.0000 0.0000	</row2>
					<row3>	0.0960 0.1971 -0.5326 1.0000	</row3>
				</transform>
			</node>
			<node>
				<identifier>	MP_CM126_Cleat	</identifier>
				<transform>
					<row0>	-0.6367 0.0002 -0.0204 0.0000	</row0>
					<row1>	0.0011 0.6364 -0.0278 0.0000	</row1>
					<row2>	0.0203 -0.0278 -0.6361 0.0000	</row2>
					<row3>	0.3883 0.2850 0.2313 1.0000	</row3>
				</transform>
			</node>
			<node>
				<identifier>	MP_CM126_Cleat_INDEX_1	</identifier>
				<transform>
					<row0>	-0.6367 0.0002 -0.0204 0.0000	</row0>
					<row1>	0.0011 0.6364 -0.0278 0.0000	</row1>
					<row2>	0.0203 -0.0278 -0.6361 0.0000	</row2>
					<row3>	0.3841 0.2923 0.3969 1.0000	</row3>
				</transform>
			</node>
			<node>
				<identifier>	MP_CM169_Oxygen_Bottle	</identifier>
				<transform>
					<row0>	1.0000 0.0000 0.0000 0.0000	</row0>
					<row1>	0.0000 1.0000 0.0000 0.0000	</row1>
					<row2>	0.0000 0.0000 1.0000 0.0000	</row2>
					<row3>	0.2556 0.2138 -0.5026 1.0000	</row3>
				</transform>
			</node>
			<node>
				<identifier>	MP_CM169_Oxygen_Bottle_INDEX_1	</identifier>
				<transform>
					<row0>	1.0000 0.0000 0.0000 0.0000	</row0>
					<row1>	0.0000 1.0000 0.0000 0.0000	</row1>
					<row2>	0.0000 0.0000 1.0000 0.0000	</row2>
					<row3>	0.2556 0.2138 -0.4778 1.0000	</row3>
				</transform>
			</node>
			<node>
				<identifier>	MP_WM004_Life_buoy	</identifier>
				<transform>
					<row0>	0.0000 0.0000 -0.9000 0.0000	</row0>
					<row1>	0.0000 0.9000 0.0000 0.0000	</row1>
					<row2>	0.9000 0.0000 0.0000 0.0000	</row2>
					<row3>	-0.3316 0.4274 -0.1610 1.0000	</row3>
				</transform>
			</node>
			<node>
				<identifier>	MP_WM004_Life_buoy_INDEX_1	</identifier>
				<transform>
					<row0>	0.7575 0.0000 0.4859 0.0000	</row0>
					<row1>	0.0000 0.9000 0.0000 0.0000	</row1>
					<row2>	-0.4859 0.0000 0.7575 0.0000	</row2>
					<row3>	0.3164 0.4439 -0.1200 1.0000	</row3>
				</transform>
			</node>
			<node>
				<identifier>	MP_WM004_Life_buoy_INDEX_2	</identifier>
				<transform>
					<row0>	0.0000 0.0000 -0.9000 0.0000	</row0>
					<row1>	0.0000 0.9000 0.0000 0.0000	</row1>
					<row2>	0.9000 0.0000 0.0000 0.0000	</row2>
					<row3>	-0.2666 0.6750 1.2883 1.0000	</row3>
				</transform>
			</node>
			<node>
				<identifier>	MP_WM004_Life_buoy_INDEX_3	</identifier>
				<transform>
					<row0>	0.0000 0.0000 0.9000 0.0000	</row0>
					<row1>	0.0000 0.9000 0.0000 0.0000	</row1>
					<row2>	-0.9000 0.0000 0.0000 0.0000	</row2>
					<row3>	0.2666 0.6750 1.2883 1.0000	</row3>
				</transform>
			</node>
			<node>
				<identifier>	MP_WM004_Life_buoy_INDEX_4	</identifier>
				<transform>
					<row0>	0.9000 0.0000 0.0000 0.0000	</row0>
					<row1>	0.0000 0.9000 0.0000 0.0000	</row1>
					<row2>	0.0000 0.0000 0.9000 0.0000	</row2>
					<row3>	0.0000 0.5299 1.1890 1.0000	</row3>
				</transform>
			</node>
			<node>
				<identifier>	MP_WM004_Life_buoy_INDEX_5	</identifier>
				<transform>
					<row0>	0.0000 0.0000 0.9000 0.0000	</row0>
					<row1>	0.0000 0.9000 0.0000 0.0000	</row1>
					<row2>	-0.9000 0.0000 0.0000 0.0000	</row2>
					<row3>	-0.3794 0.2475 -1.0236 1.0000	</row3>
				</transform>
			</node>
			<node>
				<identifier>	MP_WM064_Loading_Machine	</identifier>
				<transform>
					<row0>	1.0000 0.0000 0.0000 0.0000	</row0>
					<row1>	0.0000 1.0000 0.0000 0.0000	</row1>
					<row2>	0.0000 0.0000 1.0000 0.0000	</row2>
					<row3>	-0.2392 0.1917 -0.7003 1.0000	</row3>
				</transform>
			</node>
			<node>
				<identifier>	MP_WM065_Loading_Machine_L	</identifier>
				<transform>
					<row0>	1.0000 0.0000 0.0000 0.0000	</row0>
					<row1>	0.0000 1.0000 0.0000 0.0000	</row1>
					<row2>	0.0000 0.0000 1.0000 0.0000	</row2>
					<row3>	0.2207 0.2016 -0.7348 1.0000	</row3>
				</transform>
			</node>
			<node>
				<identifier>	MP_WM066_MK10_Hedgehog_Projector	</identifier>
				<transform>
					<row0>	0.9922 0.0048 0.1244 0.0000	</row0>
					<row1>	0.0000 0.9993 -0.0384 0.0000	</row1>
					<row2>	-0.1245 0.0381 0.9915 0.0000	</row2>
					<row3>	-0.2326 0.4358 1.7146 1.0000	</row3>
				</transform>
			</node>
			<node>
				<identifier>	MP_WM066_MK10_Hedgehog_Projector_INDEX_1	</identifier>
				<transform>
					<row0>	0.9922 -0.0048 -0.1244 0.0000	</row0>
					<row1>	0.0000 0.9993 -0.0384 0.0000	</row1>
					<row2>	0.1245 0.0381 0.9915 0.0000	</row2>
					<row3>	0.2326 0.4358 1.7146 1.0000	</row3>
				</transform>
			</node>
			<node>
				<identifier>	MP_WM068_Turtle	</identifier>
				<transform>
					<row0>	-0.8228 0.0000 -0.5683 0.0000	</row0>
					<row1>	0.0000 1.0000 0.0000 0.0000	</row1>
					<row2>	0.5683 0.0000 -0.8228 0.0000	</row2>
					<row3>	-0.2427 0.6520 1.5909 1.0000	</row3>
				</transform>
			</node>
			<node>
				<identifier>	MP_WM068_Turtle_INDEX_1	</identifier>
				<transform>
					<row0>	-0.8228 0.0000 -0.5683 0.0000	</row0>
					<row1>	0.0000 1.0000 0.0000 0.0000	</row1>
					<row2>	0.5683 0.0000 -0.8228 0.0000	</row2>
					<row3>	-0.2198 0.6520 1.6069 1.0000	</row3>
				</transform>
			</node>
			<node>
				<identifier>	MP_WM068_Turtle_INDEX_2	</identifier>
				<transform>
					<row0>	-0.8146 0.0000 -0.5800 0.0000	</row0>
					<row1>	0.0000 1.0000 0.0000 0.0000	</row1>
					<row2>	0.5800 0.0000 -0.8146 0.0000	</row2>
					<row3>	-0.1723 0.6520 1.6409 1.0000	</row3>
				</transform>
			</node>
			<node>
				<identifier>	MP_WM068_Turtle_INDEX_3	</identifier>
				<transform>
					<row0>	-0.8228 0.0000 0.5683 0.0000	</row0>
					<row1>	0.0000 1.0000 0.0000 0.0000	</row1>
					<row2>	-0.5683 0.0000 -0.8228 0.0000	</row2>
					<row3>	0.2427 0.6520 1.5909 1.0000	</row3>
				</transform>
			</node>
			<node>
				<identifier>	MP_WM068_Turtle_INDEX_4	</identifier>
				<transform>
					<row0>	-0.8228 0.0000 0.5683 0.0000	</row0>
					<row1>	0.0000 1.0000 0.0000 0.0000	</row1>
					<row2>	-0.5683 0.0000 -0.8228 0.0000	</row2>
					<row3>	0.2198 0.6520 1.6069 1.0000	</row3>
				</transform>
			</node>
			<node>
				<identifier>	MP_WM068_Turtle_INDEX_5	</identifier>
				<transform>
					<row0>	-0.8146 0.0000 0.5800 0.0000	</row0>
					<row1>	0.0000 1.0000 0.0000 0.0000	</row1>
					<row2>	-0.5800 0.0000 -0.8146 0.0000	</row2>
					<row3>	0.1723 0.6520 1.6409 1.0000	</row3>
				</transform>
			</node>
			<node>
				<identifier>	MP_WM069_Talker_Helmets_Rack	</identifier>
				<transform>
					<row0>	0.6678 0.0000 -0.4314 0.0000	</row0>
					<row1>	0.0000 0.7950 0.0000 0.0000	</row1>
					<row2>	0.4314 0.0000 0.6678 0.0000	</row2>
					<row3>	0.1341 0.5171 1.6005 1.0000	</row3>
				</transform>
			</node>
			<node>
				<identifier>	MP_WM070_Reels_2	</identifier>
				<transform>
					<row0>	-1.0000 0.0000 0.0000 0.0000	</row0>
					<row1>	0.0000 -1.0000 0.0000 0.0000	</row1>
					<row2>	0.0000 0.0000 1.0000 0.0000	</row2>
					<row3>	-0.0726 0.4071 2.2547 1.0000	</row3>
				</transform>
			</node>
			<node>
				<identifier>	MP_WM071_Telpher	</identifier>
				<transform>
					<row0>	-1.0000 0.0000 0.0000 0.0000	</row0>
					<row1>	0.0000 1.0000 0.0000 0.0000	</row1>
					<row2>	0.0000 0.0000 -1.0000 0.0000	</row2>
					<row3>	0.1889 0.3884 -0.9041 1.0000	</row3>
				</transform>
			</node>
			<node>
				<identifier>	MP_WM532_Whaleboat_26ft	</identifier>
				<transform>
					<row0>	0.9970 0.0000 0.0777 0.0000	</row0>
					<row1>	0.0000 1.0000 0.0000 0.0000	</row1>
					<row2>	-0.0777 0.0000 0.9970 0.0000	</row2>
					<row3>	-0.2987 0.4460 0.9034 1.0000	</row3>
				</transform>
			</node>
			<node>
				<identifier>	MP_WM532_Whaleboat_26ft_INDEX_1	</identifier>
				<transform>
					<row0>	0.9970 0.0000 -0.0777 0.0000	</row0>
					<row1>	0.0000 1.0000 0.0000 0.0000	</row1>
					<row2>	0.0777 0.0000 0.9970 0.0000	</row2>
					<row3>	0.2985 0.4460 0.9034 1.0000	</row3>
				</transform>
			</node>
			<node>
				<identifier>	MP_WM534_Boat_6	</identifier>
				<transform>
					<row0>	-0.0036 0.8991 -0.0393 0.0000	</row0>
					<row1>	-0.8988 -0.0016 0.0471 0.0000	</row1>
					<row2>	0.0469 0.0394 0.8979 0.0000	</row2>
					<row3>	-0.3196 0.3596 1.7234 1.0000	</row3>
				</transform>
			</node>
			<node>
				<identifier>	MP_WM534_Boat_6_INDEX_1	</identifier>
				<transform>
					<row0>	-0.0036 -0.8991 0.0393 0.0000	</row0>
					<row1>	0.8988 -0.0016 0.0471 0.0000	</row1>
					<row2>	-0.0469 0.0394 0.8979 0.0000	</row2>
					<row3>	0.3196 0.3596 1.7234 1.0000	</row3>
				</transform>
			</node>
			<node>
				<identifier>	MP_WM534_Boat_6_INDEX_2	</identifier>
				<transform>
					<row0>	-0.0032 0.8996 -0.0275 0.0000	</row0>
					<row1>	-0.8990 -0.0019 0.0418 0.0000	</row1>
					<row2>	0.0417 0.0276 0.8986 0.0000	</row2>
					<row3>	-0.3302 0.3508 1.5291 1.0000	</row3>
				</transform>
			</node>
			<node>
				<identifier>	MP_WM534_Boat_6_INDEX_3	</identifier>
				<transform>
					<row0>	-0.0032 -0.8996 0.0275 0.0000	</row0>
					<row1>	0.8990 -0.0019 0.0418 0.0000	</row1>
					<row2>	-0.0417 0.0276 0.8986 0.0000	</row2>
					<row3>	0.3302 0.3508 1.5291 1.0000	</row3>
				</transform>
			</node>
			<node>
				<identifier>	MP_WM618_Voice_Tube	</identifier>
				<transform>
					<row0>	0.0000 0.0000 1.0000 0.0000	</row0>
					<row1>	0.0000 1.0000 0.0000 0.0000	</row1>
					<row2>	-1.0000 0.0000 0.0000 0.0000	</row2>
					<row3>	-0.2969 0.6030 1.4777 1.0000	</row3>
				</transform>
			</node>
			<node>
				<identifier>	MP_WM618_Voice_Tube_INDEX_1	</identifier>
				<transform>
					<row0>	0.0000 0.0000 -1.0000 0.0000	</row0>
					<row1>	0.0000 1.0000 0.0000 0.0000	</row1>
					<row2>	1.0000 0.0000 0.0000 0.0000	</row2>
					<row3>	0.2969 0.6030 1.4777 1.0000	</row3>
				</transform>
			</node>
			<node>
				<identifier>	MP_WM618_Voice_Tube_INDEX_2	</identifier>
				<transform>
					<row0>	1.0000 0.0000 0.0000 0.0000	</row0>
					<row1>	0.0000 1.0000 0.0000 0.0000	</row1>
					<row2>	0.0000 0.0000 1.0000 0.0000	</row2>
					<row3>	0.0222 0.6030 1.7108 1.0000	</row3>
				</transform>
			</node>
			<node>
				<identifier>	MP_WM622_Helmet_shelf	</identifier>
				<transform>
					<row0>	-0.7229 0.0000 0.6910 0.0000	</row0>
					<row1>	0.0000 1.0000 0.0000 0.0000	</row1>
					<row2>	-0.6910 0.0000 -0.7229 0.0000	</row2>
					<row3>	-0.0968 0.2123 -0.8956 1.0000	</row3>
				</transform>
			</node>
			<node>
				<identifier>	MP_WM622_Helmet_shelf_INDEX_1	</identifier>
				<transform>
					<row0>	-0.7229 0.0000 -0.6910 0.0000	</row0>
					<row1>	0.0000 1.0000 0.0000 0.0000	</row1>
					<row2>	0.6910 0.0000 -0.7229 0.0000	</row2>
					<row3>	0.1007 0.2123 -0.8959 1.0000	</row3>
				</transform>
			</node>
			<node>
				<identifier>	MP_WM622_Helmet_shelf_INDEX_2	</identifier>
				<transform>
					<row0>	-0.8961 0.0000 -0.4438 0.0000	</row0>
					<row1>	0.0000 1.0000 0.0000 0.0000	</row1>
					<row2>	0.4438 0.0000 -0.8961 0.0000	</row2>
					<row3>	-0.3225 0.2815 1.1394 1.0000	</row3>
				</transform>
			</node>
			<node>
				<identifier>	MP_WM622_Helmet_shelf_INDEX_3	</identifier>
				<transform>
					<row0>	-0.8961 0.0000 0.4438 0.0000	</row0>
					<row1>	0.0000 1.0000 0.0000 0.0000	</row1>
					<row2>	-0.4438 0.0000 -0.8961 0.0000	</row2>
					<row3>	0.3225 0.2815 1.1394 1.0000	</row3>
				</transform>
			</node>
			<node>
				<identifier>	MP_WM622_Helmet_shelf_INDEX_4	</identifier>
				<transform>
					<row0>	-1.0000 0.0000 0.0000 0.0000	</row0>
					<row1>	0.0000 1.0000 0.0000 0.0000	</row1>
					<row2>	0.0000 0.0000 -1.0000 0.0000	</row2>
					<row3>	0.2248 0.2744 1.1760 1.0000	</row3>
				</transform>
			</node>
			<node>
				<identifier>	MP_WM623_Compass_Binnacle	</identifier>
				<transform>
					<row0>	1.0000 0.0000 0.0000 0.0000	</row0>
					<row1>	0.0000 1.0000 0.0000 0.0000	</row1>
					<row2>	0.0000 0.0000 1.0000 0.0000	</row2>
					<row3>	0.0000 0.6024 1.5930 1.0000	</row3>
				</transform>
			</node>
			<node>
				<identifier>	MP_WM623_Compass_Binnacle_INDEX_1	</identifier>
				<transform>
					<row0>	1.0000 0.0000 0.0000 0.0000	</row0>
					<row1>	0.0000 1.0000 0.0000 0.0000	</row1>
					<row2>	0.0000 0.0000 1.0000 0.0000	</row2>
					<row3>	0.0000 0.5551 0.4638 1.0000	</row3>
				</transform>
			</node>
			<node>
				<identifier>	MP_WM624_Pelorus_Mk7	</identifier>
				<transform>
					<row0>	0.0000 0.0000 1.0000 0.0000	</row0>
					<row1>	0.0000 1.0000 0.0000 0.0000	</row1>
					<row2>	-1.0000 0.0000 0.0000 0.0000	</row2>
					<row3>	-0.2815 0.6117 1.5210 1.0000	</row3>
				</transform>
			</node>
			<node>
				<identifier>	MP_WM624_Pelorus_Mk7_INDEX_1	</identifier>
				<transform>
					<row0>	0.0000 0.0000 -1.0000 0.0000	</row0>
					<row1>	0.0000 1.0000 0.0000 0.0000	</row1>
					<row2>	1.0000 0.0000 0.0000 0.0000	</row2>
					<row3>	0.2815 0.6117 1.5210 1.0000	</row3>
				</transform>
			</node>
			<node>
				<identifier>	MP_WM625_Pelorus	</identifier>
				<transform>
					<row0>	0.0000 0.0000 1.0000 0.0000	</row0>
					<row1>	0.0000 1.0000 0.0000 0.0000	</row1>
					<row2>	-1.0000 0.0000 0.0000 0.0000	</row2>
					<row3>	0.0486 0.6224 0.4887 1.0000	</row3>
				</transform>
			</node>
			<node>
				<identifier>	MP_WM625_Pelorus_INDEX_1	</identifier>
				<transform>
					<row0>	0.0000 0.0000 1.0000 0.0000	</row0>
					<row1>	0.0000 1.0000 0.0000 0.0000	</row1>
					<row2>	-1.0000 0.0000 0.0000 0.0000	</row2>
					<row3>	0.0000 0.6966 1.7235 1.0000	</row3>
				</transform>
			</node>
			<node>
				<identifier>	MP_WM626_Seat	</identifier>
				<transform>
					<row0>	0.9659 0.0000 0.2588 0.0000	</row0>
					<row1>	0.0000 1.0000 0.0000 0.0000	</row1>
					<row2>	-0.2588 0.0000 0.9659 0.0000	</row2>
					<row3>	0.1143 0.6460 1.5353 1.0000	</row3>
				</transform>
			</node>
			<node>
				<identifier>	MP_WM626_Seat_INDEX_1	</identifier>
				<transform>
					<row0>	0.5748 0.0000 -0.8183 0.0000	</row0>
					<row1>	0.0000 1.0000 0.0000 0.0000	</row1>
					<row2>	0.8183 0.0000 0.5748 0.0000	</row2>
					<row3>	-0.0660 0.6522 1.6805 1.0000	</row3>
				</transform>
			</node>
			<node>
				<identifier>	MP_WM627_Elec_Panel	</identifier>
				<transform>
					<row0>	1.0000 0.0000 0.0000 0.0000	</row0>
					<row1>	0.0000 1.0000 0.0000 0.0000	</row1>
					<row2>	0.0000 0.0000 1.0000 0.0000	</row2>
					<row3>	0.0549 0.7792 1.6147 1.0000	</row3>
				</transform>
			</node>
			<node>
				<identifier>	MP_WM627_Elec_Panel_INDEX_1	</identifier>
				<transform>
					<row0>	1.0000 0.0000 0.0000 0.0000	</row0>
					<row1>	0.0000 1.0000 0.0000 0.0000	</row1>
					<row2>	0.0000 0.0000 1.0000 0.0000	</row2>
					<row3>	-0.0527 0.5985 0.4864 1.0000	</row3>
				</transform>
			</node>
			<node>
				<identifier>	MP_WM627_Elec_Panel_INDEX_2	</identifier>
				<transform>
					<row0>	-0.7289 0.0000 0.6847 0.0000	</row0>
					<row1>	0.0000 1.0000 0.0000 0.0000	</row1>
					<row2>	-0.6847 0.0000 -0.7289 0.0000	</row2>
					<row3>	-0.0579 0.7792 1.0876 1.0000	</row3>
				</transform>
			</node>
			<node>
				<identifier>	MP_WM628_Elec_Panel	</identifier>
				<transform>
					<row0>	1.0000 0.0000 0.0000 0.0000	</row0>
					<row1>	0.0000 1.0000 0.0000 0.0000	</row1>
					<row2>	0.0000 0.0000 1.0000 0.0000	</row2>
					<row3>	-0.0585 0.7805 1.6146 1.0000	</row3>
				</transform>
			</node>
			<node>
				<identifier>	MP_WM629_Telegraph_Engine	</identifier>
				<transform>
					<row0>	1.0000 0.0000 0.0000 0.0000	</row0>
					<row1>	0.0000 1.0000 0.0000 0.0000	</row1>
					<row2>	0.0000 0.0000 1.0000 0.0000	</row2>
					<row3>	0.0560 0.6025 1.5544 1.0000	</row3>
				</transform>
			</node>
			<node>
				<identifier>	MP_WM630_Steering_Column	</identifier>
				<transform>
					<row0>	1.0000 0.0000 0.0000 0.0000	</row0>
					<row1>	0.0000 1.0000 0.0000 0.0000	</row1>
					<row2>	0.0000 0.0000 1.0000 0.0000	</row2>
					<row3>	-0.0176 0.6019 1.5544 1.0000	</row3>
				</transform>
			</node>
			<node>
				<identifier>	MP_WM631_Multipole_Switch	</identifier>
				<transform>
					<row0>	0.0000 0.0000 1.0000 0.0000	</row0>
					<row1>	0.0000 1.0000 0.0000 0.0000	</row1>
					<row2>	-1.0000 0.0000 0.0000 0.0000	</row2>
					<row3>	-0.0768 0.6392 0.3282 1.0000	</row3>
				</transform>
			</node>
			<node>
				<identifier>	MP_WM631_Multipole_Switch_INDEX_1	</identifier>
				<transform>
					<row0>	0.0000 0.0000 -1.0000 0.0000	</row0>
					<row1>	0.0000 1.0000 0.0000 0.0000	</row1>
					<row2>	1.0000 0.0000 0.0000 0.0000	</row2>
					<row3>	0.0768 0.6392 0.3282 1.0000	</row3>
				</transform>
			</node>
			<node>
				<identifier>	MP_WM631_Multipole_Switch_INDEX_2	</identifier>
				<transform>
					<row0>	0.5000 0.0000 0.8660 0.0000	</row0>
					<row1>	0.0000 1.0000 0.0000 0.0000	</row1>
					<row2>	-0.8660 0.0000 0.5000 0.0000	</row2>
					<row3>	0.3847 0.4244 -0.0429 1.0000	</row3>
				</transform>
			</node>
			<node>
				<identifier>	MP_WM631_Multipole_Switch_INDEX_3	</identifier>
				<transform>
					<row0>	0.3336 0.0000 -0.9427 0.0000	</row0>
					<row1>	0.0000 1.0000 0.0000 0.0000	</row1>
					<row2>	0.9427 0.0000 0.3336 0.0000	</row2>
					<row3>	-0.3879 0.4244 -0.0473 1.0000	</row3>
				</transform>
			</node>
			<node>
				<identifier>	MP_WM631_Multipole_Switch_INDEX_4	</identifier>
				<transform>
					<row0>	1.0000 0.0000 0.0000 0.0000	</row0>
					<row1>	0.0000 1.0000 0.0000 0.0000	</row1>
					<row2>	0.0000 0.0000 1.0000 0.0000	</row2>
					<row3>	-0.0230 0.6399 1.6194 1.0000	</row3>
				</transform>
			</node>
			<node>
