<VSC004_Almirante_Barroso_1897_MidBack_ports.visual>
	<node>
		<identifier>	Scene Root	</identifier>
		<transform>
			<row0>	1.0000 0.0000 0.0000 0.0000	</row0>
			<row1>	0.0000 1.0000 0.0000 0.0000	</row1>
			<row2>	0.0000 0.0000 1.0000 0.0000	</row2>
			<row3>	0.0000 0.0000 0.0000 1.0000	</row3>
		</transform>
		<node>
			<identifier>	MidBack_ports	</identifier>
			<transform>
				<row0>	1.0000 0.0000 0.0000 0.0000	</row0>
				<row1>	0.0000 1.0000 0.0000 0.0000	</row1>
				<row2>	0.0000 0.0000 1.0000 0.0000	</row2>
				<row3>	0.0000 0.0000 0.0000 1.0000	</row3>
			</transform>
			<node>
				<identifier>	HP_FX_Fire_3	</identifier>
				<transform>
					<row0>	1.0000 0.0000 0.0000 0.0000	</row0>
					<row1>	0.0000 1.0000 0.0000 0.0000	</row1>
					<row2>	0.0000 0.0000 1.0000 0.0000	</row2>
					<row3>	0.0000 0.2512 -0.7296 1.0000	</row3>
				</transform>
			</node>
			<node>
				<identifier>	HP_FX_Fire_3_side_1	</identifier>
				<transform>
					<row0>	1.0000 0.0000 0.0000 0.0000	</row0>
					<row1>	0.0000 1.0000 0.0000 0.0000	</row1>
					<row2>	0.0000 0.0000 1.0000 0.0000	</row2>
					<row3>	0.2978 0.4119 -0.0225 1.0000	</row3>
				</transform>
			</node>
			<node>
				<identifier>	HP_FX_FloodLight_left_2	</identifier>
				<transform>
					<row0>	-1.0000 0.0000 0.0000 0.0000	</row0>
					<row1>	0.0000 1.0000 0.0000 0.0000	</row1>
					<row2>	0.0000 0.0000 -1.0000 0.0000	</row2>
					<row3>	-0.0832 0.5817 -0.0044 1.0000	</row3>
				</transform>
			</node>
			<node>
				<identifier>	HP_FX_FloodLight_right_1	</identifier>
				<transform>
					<row0>	1.0000 0.0000 0.0000 0.0000	</row0>
					<row1>	0.0000 1.0000 0.0000 0.0000	</row1>
					<row2>	0.0000 0.0000 1.0000 0.0000	</row2>
					<row3>	0.0820 0.5817 0.0040 1.0000	</row3>
				</transform>
			</node>
			<node>
				<identifier>	HP_FX_Flood_steam_2	</identifier>
				<transform>
					<row0>	1.0000 0.0000 0.0000 0.0000	</row0>
					<row1>	0.0000 0.9612 -0.2759 0.0000	</row1>
					<row2>	0.0000 0.2759 0.9612 0.0000	</row2>
					<row3>	0.0000 0.9414 -0.1002 1.0000	</row3>
				</transform>
			</node>
			<node>
				<identifier>	HP_FX_Flood_water_left	</identifier>
				<transform>
					<row0>	-0.9929 0.0000 -0.1192 0.0000	</row0>
					<row1>	0.0000 1.0000 0.0000 0.0000	</row1>
					<row2>	0.1192 0.0000 -0.9929 0.0000	</row2>
					<row3>	-0.3513 0.0209 -1.7648 1.0000	</row3>
				</transform>
			</node>
			<node>
				<identifier>	HP_FX_Flood_water_right	</identifier>
				<transform>
					<row0>	0.9912 0.0000 -0.1321 0.0000	</row0>
					<row1>	0.0000 1.0000 0.0000 0.0000	</row1>
					<row2>	0.1321 0.0000 0.9912 0.0000	</row2>
					<row3>	0.3513 0.0209 -1.7643 1.0000	</row3>
				</transform>
			</node>
			<node>
				<identifier>	HP_FX_Smoke_2	</identifier>
				<transform>
					<row0>	0.9986 -0.0521 0.0000 0.0000	</row0>
					<row1>	0.0521 0.9986 0.0000 0.0000	</row1>
					<row2>	0.0000 0.0000 1.0000 0.0000	</row2>
					<row3>	0.0000 1.0381 -0.0025 1.0000	</row3>
				</transform>
			</node>
			<node>
				<identifier>	HP_Flagpole	</identifier>
				<transform>
					<row0>	0.8000 0.0000 0.0000 0.0000	</row0>
					<row1>	0.0000 0.8000 -0.0033 0.0000	</row1>
					<row2>	0.0000 0.0033 0.8000 0.0000	</row2>
					<row3>	0.0000 1.9145 -1.2196 1.0000	</row3>
				</transform>
			</node>
			<node>
				<identifier>	HP_VGM_4	</identifier>
				<transform>
					<row0>	-0.7071 0.0000 0.7071 0.0000	</row0>
					<row1>	0.0000 1.0000 0.0000 0.0000	</row1>
					<row2>	-0.7071 0.0000 -0.7071 0.0000	</row2>
					<row3>	-0.2926 0.1842 -1.4023 1.0000	</row3>
				</transform>
			</node>
			<node>
				<identifier>	HP_VGM_5	</identifier>
				<transform>
					<row0>	-0.7071 0.0000 -0.7071 0.0000	</row0>
					<row1>	0.0000 1.0000 0.0000 0.0000	</row1>
					<row2>	0.7071 0.0000 -0.7071 0.0000	</row2>
					<row3>	0.2926 0.1842 -1.4023 1.0000	</row3>
				</transform>
			</node>
			<node>
				<identifier>	HP_VGS_3	</identifier>
				<transform>
					<row0>	0.0000 0.0000 1.0000 0.0000	</row0>
					<row1>	0.0000 1.0000 0.0000 0.0000	</row1>
					<row2>	-1.0000 0.0000 0.0000 0.0000	</row2>
					<row3>	-0.3375 0.1829 -0.4868 1.0000	</row3>
				</transform>
			</node>
			<node>
				<identifier>	HP_VGS_4	</identifier>
				<transform>
					<row0>	0.0000 0.0000 -1.0000 0.0000	</row0>
					<row1>	0.0000 1.0000 0.0000 0.0000	</row1>
					<row2>	1.0000 0.0000 0.0000 0.0000	</row2>
					<row3>	0.3375 0.1829 -0.4868 1.0000	</row3>
				</transform>
			</node>
			<node>
				<identifier>	HP_flag_nation	</identifier>
				<transform>
					<row0>	0.9934 0.1142 0.0110 0.0000	</row0>
					<row1>	-0.1142 0.9751 0.1903 0.0000	</row1>
					<row2>	0.0110 -0.1903 0.9817 0.0000	</row2>
					<row3>	0.0050 1.2820 -1.7180 1.0000	</row3>
				</transform>
			</node>
			<node>
				<identifier>	MP_AM368_Compass_Binnacle	</identifier>
				<transform>
					<row0>	1.0000 0.0000 0.0000 0.0000	</row0>
					<row1>	0.0000 1.0000 -0.0041 0.0000	</row1>
					<row2>	0.0000 0.0041 1.0000 0.0000	</row2>
					<row3>	0.0467 0.1842 -1.5817 1.0000	</row3>
				</transform>
			</node>
			<node>
				<identifier>	MP_AM368_Compass_Binnacle_INDEX_1	</identifier>
				<transform>
					<row0>	1.0000 0.0000 0.0000 0.0000	</row0>
					<row1>	0.0000 1.0000 -0.0041 0.0000	</row1>
					<row2>	0.0000 0.0041 1.0000 0.0000	</row2>
					<row3>	-0.0467 0.1842 -1.5817 1.0000	</row3>
				</transform>
			</node>
			<node>
				<identifier>	MP_AM374_Fender	</identifier>
				<transform>
					<row0>	0.0000 0.0020 0.5000 0.0000	</row0>
					<row1>	0.0000 0.5000 -0.0020 0.0000	</row1>
					<row2>	-0.5000 0.0000 0.0000 0.0000	</row2>
					<row3>	-0.1680 0.1895 0.1176 1.0000	</row3>
				</transform>
			</node>
			<node>
				<identifier>	MP_AM374_Fender_INDEX_1	</identifier>
				<transform>
					<row0>	0.5000 0.0000 0.0000 0.0000	</row0>
					<row1>	0.0000 0.5000 -0.0020 0.0000	</row1>
					<row2>	0.0000 0.0020 0.5000 0.0000	</row2>
					<row3>	-0.2542 0.1797 -1.5869 1.0000	</row3>
				</transform>
			</node>
			<node>
				<identifier>	MP_AM374_Fender_INDEX_2	</identifier>
				<transform>
					<row0>	0.5000 0.0000 0.0000 0.0000	</row0>
					<row1>	0.0000 0.5000 -0.0020 0.0000	</row1>
					<row2>	0.0000 0.0020 0.5000 0.0000	</row2>
					<row3>	0.2542 0.1797 -1.5869 1.0000	</row3>
				</transform>
			</node>
			<node>
				<identifier>	MP_AM374_Fender_INDEX_3	</identifier>
				<transform>
					<row0>	0.0000 -0.0020 -0.5000 0.0000	</row0>
					<row1>	0.0000 0.5000 -0.0020 0.0000	</row1>
					<row2>	0.5000 0.0000 0.0000 0.0000	</row2>
					<row3>	0.1680 0.1895 0.1176 1.0000	</row3>
				</transform>
			</node>
			<node>
				<identifier>	MP_CM011_Fire_Fighting_Gear	</identifier>
				<transform>
					<row0>	-1.0000 0.0000 0.0000 0.0000	</row0>
					<row1>	0.0000 1.0000 -0.0041 0.0000	</row1>
					<row2>	0.0000 -0.0041 -1.0000 0.0000	</row2>
					<row3>	0.2147 0.1801 -1.5857 1.0000	</row3>
				</transform>
			</node>
			<node>
				<identifier>	MP_CM011_Fire_Fighting_Gear_INDEX_1	</identifier>
				<transform>
					<row0>	1.0000 0.0000 0.0000 0.0000	</row0>
					<row1>	0.0000 1.0000 -0.0041 0.0000	</row1>
					<row2>	0.0000 0.0041 1.0000 0.0000	</row2>
					<row3>	-0.0233 0.1889 -0.4270 1.0000	</row3>
				</transform>
			</node>
			<node>
				<identifier>	MP_CM011_Fire_Fighting_Gear_INDEX_2	</identifier>
				<transform>
					<row0>	-1.0000 0.0000 0.0000 0.0000	</row0>
					<row1>	0.0000 1.0000 -0.0041 0.0000	</row1>
					<row2>	0.0000 -0.0041 -1.0000 0.0000	</row2>
					<row3>	-0.2147 0.1802 -1.5857 1.0000	</row3>
				</transform>
			</node>
			<node>
				<identifier>	MP_CM013_Fire_Hose_Rack_2	</identifier>
				<transform>
					<row0>	0.0000 0.0041 1.0000 0.0000	</row0>
					<row1>	0.0000 1.0000 -0.0041 0.0000	</row1>
					<row2>	-1.0000 0.0000 0.0000 0.0000	</row2>
					<row3>	-0.0233 0.2743 -0.4154 1.0000	</row3>
				</transform>
			</node>
			<node>
				<identifier>	MP_CM013_Fire_Hose_Rack_2_INDEX_1	</identifier>
				<transform>
					<row0>	0.0000 -0.0041 -1.0000 0.0000	</row0>
					<row1>	0.0000 1.0000 -0.0041 0.0000	</row1>
					<row2>	1.0000 0.0000 0.0000 0.0000	</row2>
					<row3>	0.2147 0.2695 -1.6034 1.0000	</row3>
				</transform>
			</node>
			<node>
				<identifier>	MP_CM013_Fire_Hose_Rack_2_INDEX_2	</identifier>
				<transform>
					<row0>	0.0000 -0.0041 -1.0000 0.0000	</row0>
					<row1>	0.0000 1.0000 -0.0041 0.0000	</row1>
					<row2>	1.0000 0.0000 0.0000 0.0000	</row2>
					<row3>	-0.2147 0.2695 -1.6034 1.0000	</row3>
				</transform>
			</node>
			<node>
				<identifier>	MP_CM013_Fire_Hose_Rack_2_INDEX_3	</identifier>
				<transform>
					<row0>	0.0000 -1.0000 0.0041 0.0000	</row0>
					<row1>	-1.0000 0.0000 0.0000 0.0000	</row1>
					<row2>	0.0000 -0.0041 -1.0000 0.0000	</row2>
					<row3>	-0.1001 0.3256 -1.6827 1.0000	</row3>
				</transform>
			</node>
			<node>
				<identifier>	MP_CM030_Swab_Rack_2	</identifier>
				<transform>
					<row0>	-1.0000 0.0000 0.0000 0.0000	</row0>
					<row1>	0.0000 1.0000 -0.0041 0.0000	</row1>
					<row2>	0.0000 -0.0041 -1.0000 0.0000	</row2>
					<row3>	-0.0020 0.1909 0.3080 1.0000	</row3>
				</transform>
			</node>
			<node>
				<identifier>	MP_CM030_Swab_Rack_2_INDEX_1	</identifier>
				<transform>
					<row0>	0.0000 0.0041 1.0000 0.0000	</row0>
					<row1>	0.0000 1.0000 -0.0041 0.0000	</row1>
					<row2>	-1.0000 0.0000 0.0000 0.0000	</row2>
					<row3>	-0.1528 0.1871 -0.2520 1.0000	</row3>
				</transform>
			</node>
			<node>
				<identifier>	MP_CM082_Rope	</identifier>
				<transform>
					<row0>	-0.1261 0.0041 0.9920 0.0000	</row0>
					<row1>	0.0000 1.0000 -0.0041 0.0000	</row1>
					<row2>	-0.9920 -0.0005 -0.1261 0.0000	</row2>
					<row3>	0.0000 0.4378 -1.8906 1.0000	</row3>
				</transform>
			</node>
			<node>
				<identifier>	MP_CM082_Rope_INDEX_1	</identifier>
				<transform>
					<row0>	-0.9920 -0.0005 -0.1261 0.0000	</row0>
					<row1>	0.0000 1.0000 -0.0041 0.0000	</row1>
					<row2>	0.1261 -0.0040 -0.9920 0.0000	</row2>
					<row3>	-0.0003 0.2967 -1.3857 1.0000	</row3>
				</transform>
			</node>
			<node>
				<identifier>	MP_CM089_Anchor	</identifier>
				<transform>
					<row0>	0.9025 0.0000 -0.0010 0.0000	</row0>
					<row1>	0.0010 0.0037 0.9025 0.0000	</row1>
					<row2>	0.0000 -0.9025 0.0037 0.0000	</row2>
					<row3>	0.4338 0.2228 0.2203 1.0000	</row3>
				</transform>
			</node>
			<node>
				<identifier>	MP_CM126_Cleat	</identifier>
				<transform>
					<row0>	-0.9806 -0.0002 -0.1363 0.0000	</row0>
					<row1>	0.1363 -0.0070 -0.9805 0.0000	</row1>
					<row2>	-0.0008 -0.9900 0.0069 0.0000	</row2>
					<row3>	0.4216 0.3152 -0.7018 1.0000	</row3>
				</transform>
			</node>
			<node>
				<identifier>	MP_CM126_Cleat_INDEX_1	</identifier>
				<transform>
					<row0>	0.9898 -0.0211 0.0000 0.0000	</row0>
					<row1>	0.0000 0.0040 0.9900 0.0000	</row1>
					<row2>	-0.0211 -0.9898 0.0040 0.0000	</row2>
					<row3>	0.4295 0.3151 -0.2993 1.0000	</row3>
				</transform>
			</node>
			<node>
				<identifier>	MP_CM126_Cleat_INDEX_10	</identifier>
				<transform>
					<row0>	0.9990 -0.0002 -0.0456 0.0000	</row0>
					<row1>	0.0000 1.0000 -0.0041 0.0000	</row1>
					<row2>	0.0456 0.0041 0.9989 0.0000	</row2>
					<row3>	0.4020 0.2714 -0.6461 1.0000	</row3>
				</transform>
			</node>
			<node>
				<identifier>	MP_CM126_Cleat_INDEX_11	</identifier>
				<transform>
					<row0>	0.9998 0.0000 0.0213 0.0000	</row0>
					<row1>	0.0000 1.0000 -0.0041 0.0000	</row1>
					<row2>	-0.0213 0.0041 0.9998 0.0000	</row2>
					<row3>	-0.4103 0.2753 0.3172 1.0000	</row3>
				</transform>
			</node>
			<node>
				<identifier>	MP_CM126_Cleat_INDEX_12	</identifier>
				<transform>
					<row0>	1.0000 0.0000 0.0033 0.0000	</row0>
					<row1>	0.0000 1.0000 -0.0041 0.0000	</row1>
					<row2>	-0.0033 0.0041 1.0000 0.0000	</row2>
					<row3>	0.4104 0.2726 -0.3340 1.0000	</row3>
				</transform>
			</node>
			<node>
				<identifier>	MP_CM126_Cleat_INDEX_13	</identifier>
				<transform>
					<row0>	1.0000 0.0000 0.0033 0.0000	</row0>
					<row1>	0.0000 1.0000 -0.0041 0.0000	</row1>
					<row2>	-0.0033 0.0041 1.0000 0.0000	</row2>
					<row3>	-0.4104 0.2726 -0.3340 1.0000	</row3>
				</transform>
			</node>
			<node>
				<identifier>	MP_CM126_Cleat_INDEX_14	</identifier>
				<transform>
					<row0>	1.0000 0.0000 0.0033 0.0000	</row0>
					<row1>	0.0000 1.0000 -0.0041 0.0000	</row1>
					<row2>	-0.0033 0.0041 1.0000 0.0000	</row2>
					<row3>	0.3502 0.2729 -0.2637 1.0000	</row3>
				</transform>
			</node>
			<node>
				<identifier>	MP_CM126_Cleat_INDEX_15	</identifier>
				<transform>
					<row0>	1.0000 0.0000 0.0033 0.0000	</row0>
					<row1>	0.0000 1.0000 -0.0041 0.0000	</row1>
					<row2>	-0.0033 0.0041 1.0000 0.0000	</row2>
					<row3>	-0.3502 0.2729 -0.2637 1.0000	</row3>
				</transform>
			</node>
			<node>
				<identifier>	MP_CM126_Cleat_INDEX_2	</identifier>
				<transform>
					<row0>	-0.9898 -0.0211 0.0000 0.0000	</row0>
					<row1>	0.0000 -0.0040 -0.9900 0.0000	</row1>
					<row2>	0.0211 -0.9898 0.0040 0.0000	</row2>
					<row3>	0.4297 0.3175 0.2768 1.0000	</row3>
				</transform>
			</node>
			<node>
				<identifier>	MP_CM126_Cleat_INDEX_3	</identifier>
				<transform>
					<row0>	-0.9898 -0.0211 0.0000 0.0000	</row0>
					<row1>	0.0000 -0.0040 -0.9900 0.0000	</row1>
					<row2>	0.0211 -0.9898 0.0040 0.0000	</row2>
					<row3>	-0.4297 0.3175 0.2768 1.0000	</row3>
				</transform>
			</node>
			<node>
				<identifier>	MP_CM126_Cleat_INDEX_4	</identifier>
				<transform>
					<row0>	-0.9793 0.0010 0.1448 0.0000	</row0>
					<row1>	-0.1448 -0.0070 -0.9793 0.0000	</row1>
					<row2>	0.0000 -0.9900 0.0070 0.0000	</row2>
					<row3>	-0.4216 0.3152 -0.7018 1.0000	</row3>
				</transform>
			</node>
			<node>
				<identifier>	MP_CM126_Cleat_INDEX_5	</identifier>
				<transform>
					<row0>	0.9998 0.0000 0.0213 0.0000	</row0>
					<row1>	0.0000 1.0000 -0.0041 0.0000	</row1>
					<row2>	-0.0213 0.0041 0.9998 0.0000	</row2>
					<row3>	0.4103 0.2753 0.3172 1.0000	</row3>
				</transform>
			</node>
			<node>
				<identifier>	MP_CM126_Cleat_INDEX_6	</identifier>
				<transform>
					<row0>	0.9898 -0.0211 0.0000 0.0000	</row0>
					<row1>	0.0000 0.0040 0.9900 0.0000	</row1>
					<row2>	-0.0211 -0.9898 0.0040 0.0000	</row2>
					<row3>	-0.4295 0.3151 -0.2993 1.0000	</row3>
				</transform>
			</node>
			<node>
				<identifier>	MP_CM126_Cleat_INDEX_7	</identifier>
				<transform>
					<row0>	0.9696 -0.0005 -0.1998 0.0000	</row0>
					<row1>	0.1998 0.0010 0.9696 0.0000	</row1>
					<row2>	-0.0002 -0.9900 0.0010 0.0000	</row2>
					<row3>	0.3976 0.3134 -1.1412 1.0000	</row3>
				</transform>
			</node>
			<node>
				<identifier>	MP_CM126_Cleat_INDEX_8	</identifier>
				<transform>
					<row0>	0.9983 0.0002 0.0590 0.0000	</row0>
					<row1>	0.0000 1.0000 -0.0041 0.0000	</row1>
					<row2>	-0.0590 0.0041 0.9982 0.0000	</row2>
					<row3>	-0.4020 0.2714 -0.6461 1.0000	</row3>
				</transform>
			</node>
			<node>
				<identifier>	MP_CM126_Cleat_INDEX_9	</identifier>
				<transform>
					<row0>	0.9707 0.0012 0.1943 0.0000	</row0>
					<row1>	-0.1943 0.0010 0.9707 0.0000	</row1>
					<row2>	0.0009 -0.9900 0.0012 0.0000	</row2>
					<row3>	-0.3976 0.3134 -1.1412 1.0000	</row3>
				</transform>
			</node>
			<node>
				<identifier>	MP_VM006_Life_Buoy	</identifier>
				<transform>
					<row0>	-0.0007 0.0041 1.0000 0.0000	</row0>
					<row1>	0.0000 1.0000 -0.0041 0.0000	</row1>
					<row2>	-1.0000 0.0000 -0.0007 0.0000	</row2>
					<row3>	0.0563 0.3747 -1.6045 1.0000	</row3>
				</transform>
			</node>
			<node>
				<identifier>	MP_VM006_Life_Buoy_INDEX_1	</identifier>
				<transform>
					<row0>	-0.0007 0.0041 1.0000 0.0000	</row0>
					<row1>	0.0000 1.0000 -0.0041 0.0000	</row1>
					<row2>	-1.0000 0.0000 -0.0007 0.0000	</row2>
					<row3>	0.2311 0.3700 -1.6045 1.0000	</row3>
				</transform>
			</node>
			<node>
				<identifier>	MP_VM006_Life_Buoy_INDEX_2	</identifier>
				<transform>
					<row0>	-0.0007 0.0041 1.0000 0.0000	</row0>
					<row1>	0.0000 1.0000 -0.0041 0.0000	</row1>
					<row2>	-1.0000 0.0000 -0.0007 0.0000	</row2>
					<row3>	-0.2311 0.3700 -1.6045 1.0000	</row3>
				</transform>
			</node>
			<node>
				<identifier>	MP_VM006_Life_Buoy_INDEX_3	</identifier>
				<transform>
					<row0>	-0.0007 0.0041 1.0000 0.0000	</row0>
					<row1>	0.0000 1.0000 -0.0041 0.0000	</row1>
					<row2>	-1.0000 0.0000 -0.0007 0.0000	</row2>
					<row3>	-0.1077 0.3754 -1.6045 1.0000	</row3>
				</transform>
			</node>
			<node>
				<identifier>	MP_VM018_Barrel	</identifier>
				<transform>
					<row0>	1.0000 0.0000 0.0000 0.0000	</row0>
					<row1>	0.0000 1.0000 -0.0041 0.0000	</row1>
					<row2>	0.0000 0.0041 1.0000 0.0000	</row2>
					<row3>	0.0400 0.3389 -0.3796 1.0000	</row3>
				</transform>
			</node>
			<node>
				<identifier>	MP_VM018_Barrel_INDEX_1	</identifier>
				<transform>
					<row0>	1.0000 0.0000 0.0000 0.0000	</row0>
					<row1>	0.0000 1.0000 -0.0041 0.0000	</row1>
					<row2>	0.0000 0.0041 1.0000 0.0000	</row2>
					<row3>	-0.0400 0.3392 -0.3129 1.0000	</row3>
				</transform>
			</node>
			<node>
				<identifier>	MP_VM018_Barrel_INDEX_2	</identifier>
				<transform>
					<row0>	-1.0000 0.0000 0.0000 0.0000	</row0>
					<row1>	0.0000 1.0000 -0.0041 0.0000	</row1>
					<row2>	0.0000 -0.0041 -1.0000 0.0000	</row2>
					<row3>	-0.0400 0.3389 -0.3796 1.0000	</row3>
				</transform>
			</node>
			<node>
				<identifier>	MP_VM018_Barrel_INDEX_3	</identifier>
				<transform>
					<row0>	-1.0000 0.0000 0.0000 0.0000	</row0>
					<row1>	0.0000 1.0000 -0.0041 0.0000	</row1>
					<row2>	0.0000 -0.0041 -1.0000 0.0000	</row2>
					<row3>	0.0400 0.3392 -0.3129 1.0000	</row3>
				</transform>
			</node>
			<node>
				<identifier>	MP_VM019_Barrel	</identifier>
				<transform>
					<row0>	-0.1952 -0.0040 -0.9808 0.0000	</row0>
					<row1>	0.0000 1.0000 -0.0041 0.0000	</row1>
					<row2>	0.9808 -0.0008 -0.1952 0.0000	</row2>
					<row3>	-0.1006 0.3270 -1.6401 1.0000	</row3>
				</transform>
			</node>
			<node>
				<identifier>	MP_VM019_Barrel_INDEX_1	</identifier>
				<transform>
					<row0>	0.9675 0.0010 0.2530 0.0000	</row0>
					<row1>	0.0000 1.0000 -0.0041 0.0000	</row1>
					<row2>	-0.2530 0.0040 0.9674 0.0000	</row2>
					<row3>	0.0655 0.3277 -1.6401 1.0000	</row3>
				</transform>
			</node>
			<node>
				<identifier>	MP_VM019_Barrel_INDEX_2	</identifier>
				<transform>
					<row0>	0.9991 0.0434 -0.0002 0.0000	</row0>
					<row1>	-0.0434 0.9990 -0.0041 0.0000	</row1>
					<row2>	0.0000 0.0041 1.0000 0.0000	</row2>
					<row3>	-0.2212 0.3221 -1.6542 1.0000	</row3>
				</transform>
			</node>
			<node>
				<identifier>	MP_VM019_Barrel_INDEX_3	</identifier>
				<transform>
					<row0>	0.7515 -0.0027 -0.6597 0.0000	</row0>
					<row1>	0.0000 1.0000 -0.0041 0.0000	</row1>
					<row2>	0.6597 0.0031 0.7515 0.0000	</row2>
					<row3>	0.1002 0.3271 -1.6414 1.0000	</row3>
				</transform>
			</node>
			<node>
				<identifier>	MP_VM019_Barrel_INDEX_4	</identifier>
				<transform>
					<row0>	0.9991 0.0434 -0.0002 0.0000	</row0>
					<row1>	-0.0434 0.9990 -0.0041 0.0000	</row1>
					<row2>	0.0000 0.0041 1.0000 0.0000	</row2>
					<row3>	-0.2382 0.3211 -1.6817 1.0000	</row3>
				</transform>
			</node>
			<node>
				<identifier>	MP_VM019_Barrel_INDEX_5	</identifier>
				<transform>
					<row0>	1.0000 0.0000 0.0000 0.0000	</row0>
					<row1>	0.0000 1.0000 -0.0041 0.0000	</row1>
					<row2>	0.0000 0.0041 1.0000 0.0000	</row2>
					<row3>	-0.0033 0.3288 -1.6401 1.0000	</row3>
				</transform>
			</node>
			<node>
				<identifier>	MP_VM019_Barrel_INDEX_6	</identifier>
				<transform>
					<row0>	0.9657 -0.0011 -0.2596 0.0000	</row0>
					<row1>	0.0000 1.0000 -0.0041 0.0000	</row1>
					<row2>	0.2596 0.0039 0.9657 0.0000	</row2>
					<row3>	0.0313 0.3283 -1.6408 1.0000	</row3>
				</transform>
			</node>
			<node>
				<identifier>	MP_VM020_Life_Buoy	</identifier>
				<transform>
					<row0>	-0.0473 0.0047 0.9989 0.0000	</row0>
					<row1>	0.1126 0.9936 0.0006 0.0000	</row1>
					<row2>	-0.9925 0.1125 -0.0476 0.0000	</row2>
					<row3>	-0.4029 0.2465 -0.7821 1.0000	</row3>
				</transform>
			</node>
			<node>
				<identifier>	MP_VM020_Life_Buoy_INDEX_1	</identifier>
				<transform>
					<row0>	-0.0477 -0.0034 -0.9989 0.0000	</row0>
					<row1>	-0.1125 0.9936 0.0020 0.0000	</row1>
					<row2>	0.9925 0.1125 -0.0478 0.0000	</row2>
					<row3>	0.4029 0.2465 -0.7821 1.0000	</row3>
				</transform>
			</node>
			<node>
				<identifier>	MP_VM021_6pdr_Mk1	</identifier>
				<transform>
					<row0>	-0.0238 0.0000 0.9997 0.0000	</row0>
					<row1>	0.0000 1.0000 0.0000 0.0000	</row1>
					<row2>	-0.9997 0.0000 -0.0238 0.0000	</row2>
					<row3>	-0.2555 0.3211 -1.7490 1.0000	</row3>
				</transform>
			</node>
			<node>
				<identifier>	MP_VM021_6pdr_Mk1_INDEX_1	</identifier>
				<transform>
					<row0>	-0.0234 0.0000 -0.9997 0.0000	</row0>
					<row1>	0.0000 1.0000 0.0000 0.0000	</row1>
					<row2>	0.9997 0.0000 -0.0234 0.0000	</row2>
					<row3>	0.2555 0.3211 -1.7490 1.0000	</row3>
				</transform>
			</node>
			<node>
				<identifier>	MP_VM021_6pdr_Mk1_INDEX_2	</identifier>
				<transform>
					<row0>	0.0281 0.0000 -0.9996 0.0000	</row0>
					<row1>	0.0000 1.0000 0.0000 0.0000	</row1>
					<row2>	0.9996 0.0000 0.0281 0.0000	</row2>
					<row3>	0.3741 0.1806 -0.0085 1.0000	</row3>
				</transform>
			</node>
			<node>
				<identifier>	MP_VM021_6pdr_Mk1_INDEX_3	</identifier>
				<transform>
					<row0>	-0.0281 0.0000 0.9996 0.0000	</row0>
					<row1>	0.0000 1.0000 0.0000 0.0000	</row1>
					<row2>	-0.9996 0.0000 -0.0281 0.0000	</row2>
					<row3>	-0.3741 0.1806 -0.0085 1.0000	</row3>
				</transform>
			</node>
			<node>
				<identifier>	MP_VM023_1pdr_Mk1	</identifier>
				<transform>
					<row0>	-0.2587 0.0068 -0.9659 0.0000	</row0>
					<row1>	0.0192 0.9998 0.0019 0.0000	</row1>
					<row2>	0.9658 -0.0180 -0.2588 0.0000	</row2>
					<row3>	0.0989 0.6281 -1.2681 1.0000	</row3>
				</transform>
			</node>
			<node>
				<identifier>	MP_VM023_1pdr_Mk1_INDEX_1	</identifier>
				<transform>
					<row0>	-0.2588 0.0176 0.9658 0.0000	</row0>
					<row1>	-0.0031 0.9998 -0.0190 0.0000	</row1>
					<row2>	-0.9659 -0.0079 -0.2587 0.0000	</row2>
					<row3>	-0.0989 0.6281 -1.2681 1.0000	</row3>
				</transform>
			</node>
			<node>
				<identifier>	MP_VM026_Reels	</identifier>
				<transform>
					<row0>	0.0000 0.0029 0.7000 0.0000	</row0>
					<row1>	0.0203 0.6997 -0.0029 0.0000	</row1>
					<row2>	-0.6997 0.0203 0.0000 0.0000	</row2>
					<row3>	0.1820 0.1831 -1.1301 1.0000	</row3>
				</transform>
			</node>
			<node>
				<identifier>	MP_VM026_Reels_INDEX_1	</identifier>
				<transform>
					<row0>	0.0000 0.0029 0.7000 0.0000	</row0>
					<row1>	-0.0243 0.6996 -0.0029 0.0000	</row1>
					<row2>	-0.6996 -0.0243 0.0000 0.0000	</row2>
					<row3>	-0.1820 0.1831 -1.1301 1.0000	</row3>
				</transform>
			</node>
			<node>
				<identifier>	MP_VM501_Whaleboat_24ft	</identifier>
				<transform>
					<row0>	-0.9845 -0.0860 0.0589 0.0000	</row0>
					<row1>	-0.0861 0.9862 0.0011 0.0000	</row1>
					<row2>	-0.0587 -0.0040 -0.9882 0.0000	</row2>
					<row3>	0.3135 0.3814 -0.9215 1.0000	</row3>
				</transform>
			</node>
			<node>
				<identifier>	MP_VM501_Whaleboat_24ft_INDEX_1	</identifier>
				<transform>
					<row0>	-0.9845 0.0860 -0.0589 0.0000	</row0>
					<row1>	0.0861 0.9862 0.0011 0.0000	</row1>
					<row2>	0.0588 -0.0040 -0.9882 0.0000	</row2>
					<row3>	-0.3135 0.3814 -0.9215 1.0000	</row3>
				</transform>
			</node>
			<node>
				<identifier>	MP_VM510_Whaleboat_33ft	</identifier>
				<transform>
					<row0>	1.0000 0.0000 0.0020 0.0000	</row0>
					<row1>	0.0000 1.0000 -0.0025 0.0000	</row1>
					<row2>	-0.0020 0.0025 1.0000 0.0000	</row2>
					<row3>	-0.2976 0.3388 0.0039 1.0000	</row3>
				</transform>
			</node>
			<node>
				<identifier>	MP_VM510_Whaleboat_33ft_INDEX_1	</identifier>
				<transform>
					<row0>	1.0000 0.0000 0.0000 0.0000	</row0>
					<row1>	0.0000 1.0000 -0.0022 0.0000	</row1>
					<row2>	0.0000 0.0022 1.0000 0.0000	</row2>
					<row3>	0.2972 0.3389 0.0039 1.0000	</row3>
				</transform>
			</node>
			<node>
				<identifier>	MP_VM705_Ammunition_Box	</identifier>
				<transform>
					<row0>	-0.5183 0.0035 0.8552 0.0000	</row0>
					<row1>	0.0000 1.0000 -0.0041 0.0000	</row1>
					<row2>	-0.8552 -0.0021 -0.5183 0.0000	</row2>
					<row3>	-0.0568 0.6286 -1.1535 1.0000	</row3>
				</transform>
			</node>
			<node>
				<identifier>	MP_VM705_Ammunition_Box_INDEX_1	</identifier>
				<transform>
					<row0>	0.4814 0.0036 0.8765 0.0000	</row0>
					<row1>	0.0000 1.0000 -0.0041 0.0000	</row1>
					<row2>	-0.8765 0.0020 0.4814 0.0000	</row2>
					<row3>	0.0556 0.6286 -1.1531 1.0000	</row3>
				</transform>
			</node>
			<node>
				<identifier>	MP_VM705_Ammunition_Box_INDEX_2	</identifier>
				<transform>
					<row0>	0.9998 0.0000 0.0213 0.0000	</row0>
					<row1>	0.0000 1.0000 -0.0041 0.0000	</row1>
					<row2>	-0.0213 0.0041 0.9998 0.0000	</row2>
					<row3>	0.1988 0.1878 0.0543 1.0000	</row3>
				</transform>
			</node>
			<node>
				<identifier>	MP_VM705_Ammunition_Box_INDEX_3	</identifier>
				<transform>
					<row0>	0.9998 0.0000 0.0213 0.0000	</row0>
					<row1>	0.0000 1.0000 -0.0041 0.0000	</row1>
					<row2>	-0.0213 0.0041 0.9998 0.0000	</row2>
					<row3>	-0.1723 0.1889 0.0543 1.0000	</row3>
				</transform>
			</node>
			<node>
				<identifier>	MP_VM705_Ammunition_Box_INDEX_4	</identifier>
				<transform>
					<row0>	-0.0213 0.0041 0.9998 0.0000	</row0>
					<row1>	0.0000 1.0000 -0.0041 0.0000	</row1>
					<row2>	-0.9998 0.0000 -0.0213 0.0000	</row2>
					<row3>	0.1263 0.3251 -1.8414 1.0000	</row3>
				</transform>
			</node>
			<node>
				<identifier>	MP_VM705_Ammunition_Box_INDEX_5	</identifier>
				<transform>
					<row0>	-0.0213 0.0041 0.9998 0.0000	</row0>
					<row1>	0.0000 1.0000 -0.0041 0.0000	</row1>
					<row2>	-0.9998 0.0000 -0.0213 0.0000	</row2>
					<row3>	-0.1263 0.3251 -1.8414 1.0000	</row3>
				</transform>
			</node>
			<node>
				<identifier>	MP_VM753_Hatch	</identifier>
				<transform>
					<row0>	1.0000 0.0000 0.0000 0.0000	</row0>
					<row1>	0.0000 1.0000 -0.0041 0.0000	</row1>
					<row2>	0.0000 0.0041 1.0000 0.0000	</row2>
					<row3>	0.0000 0.1875 -1.0429 1.0000	</row3>
				</transform>
			</node>
			<node>
				<identifier>	MP_VM863_Searchlight	</identifier>
				<transform>
					<row0>	-1.0000 0.0000 0.0000 0.0000	</row0>
					<row1>	0.0000 1.0000 -0.0041 0.0000	</row1>
					<row2>	0.0000 -0.0041 -1.0000 0.0000	</row2>
					<row3>	0.0000 1.1719 -1.2948 1.0000	</row3>
				</transform>
			</node>
			<node>
				<identifier>	MP_VM864_Signal_Lamp	</identifier>
				<transform>
					<row0>	1.0000 0.0000 0.0000 0.0000	</row0>
					<row1>	0.0000 1.0000 -0.0041 0.0000	</row1>
					<row2>	0.0000 0.0041 1.0000 0.0000	</row2>
					<row3>	0.0000 1.9815 -1.2031 1.0000	</row3>
				</transform>
			</node>
			<node>
				<identifier>	MP_VM975_Belliss_Steam_Winch	</identifier>
				<transform>
					<row0>	1.0000 0.0000 0.0000 0.0000	</row0>
					<row1>	0.0000 1.0000 -0.0041 0.0000	</row1>
					<row2>	0.0000 0.0041 1.0000 0.0000	</row2>
					<row3>	0.1269 0.1911 0.2169 1.0000	</row3>
				</transform>
			</node>
			<node>
				<identifier>	MP_VM975_Belliss_Steam_Winch_INDEX_1	</identifier>
				<transform>
					<row0>	-1.0000 0.0000 0.0000 0.0000	</row0>
					<row1>	0.0000 1.0000 -0.0041 0.0000	</row1>
					<row2>	0.0000 -0.0041 -1.0000 0.0000	</row2>
					<row3>	-0.1269 0.1912 0.2537 1.0000	</row3>
				</transform>
			</node>
		</node>
	</node>
	<boundingBox>
		<min>	-0.0667 -0.0667 -0.0667	</min>
		<max>	0.0667 0.0667 0.0667	</max>
	</boundingBox>
</VSC004_Almirante_Barroso_1897_MidBack_ports.visual>
