<GSC037_Clausewitz_1945_Stern_ports.visual>
	<node>
		<identifier>	Scene Root	</identifier>
		<transform>
			<row0>	1.0000 0.0000 0.0000 0.0000	</row0>
			<row1>	0.0000 1.0000 0.0000 0.0000	</row1>
			<row2>	0.0000 0.0000 1.0000 0.0000	</row2>
			<row3>	0.0000 0.0000 0.0000 1.0000	</row3>
		</transform>
		<node>
			<identifier>	Stern_ports	</identifier>
			<transform>
				<row0>	1.0000 0.0000 0.0000 0.0000	</row0>
				<row1>	0.0000 1.0000 0.0000 0.0000	</row1>
				<row2>	0.0000 0.0000 1.0000 0.0000	</row2>
				<row3>	0.0000 0.0000 0.0000 1.0000	</row3>
			</transform>
			<node>
				<identifier>	HP_FX_Death_3	</identifier>
				<transform>
					<row0>	1.0000 0.0000 0.0000 0.0000	</row0>
					<row1>	0.0000 1.0000 0.0000 0.0000	</row1>
					<row2>	0.0000 0.0000 1.0000 0.0000	</row2>
					<row3>	0.0000 0.0000 -5.2207 1.0000	</row3>
				</transform>
			</node>
			<node>
				<identifier>	HP_FX_Fire_4	</identifier>
				<transform>
					<row0>	1.0000 0.0000 0.0000 0.0000	</row0>
					<row1>	0.0000 1.0000 0.0000 0.0000	</row1>
					<row2>	0.0000 0.0000 1.0000 0.0000	</row2>
					<row3>	0.0000 0.3175 -5.8564 1.0000	</row3>
				</transform>
			</node>
			<node>
				<identifier>	HP_FX_RepairLight_left_2	</identifier>
				<transform>
					<row0>	-0.0864 0.0000 0.9963 0.0000	</row0>
					<row1>	0.0394 0.9992 0.0034 0.0000	</row1>
					<row2>	-0.9955 0.0395 -0.0863 0.0000	</row2>
					<row3>	-0.6539 0.3207 -5.0471 1.0000	</row3>
				</transform>
			</node>
			<node>
				<identifier>	HP_FX_WakeTraceBack	</identifier>
				<transform>
					<row0>	1.0000 0.0000 0.0000 0.0000	</row0>
					<row1>	0.0000 1.0000 0.0000 0.0000	</row1>
					<row2>	0.0000 0.0000 1.0000 0.0000	</row2>
					<row3>	0.0000 0.0000 -7.4410 1.0000	</row3>
				</transform>
			</node>
			<node>
				<identifier>	HP_FX_WakeTrace_screw_1	</identifier>
				<transform>
					<row0>	1.0000 0.0000 0.0000 0.0000	</row0>
					<row1>	0.0000 1.0000 0.0000 0.0000	</row1>
					<row2>	0.0000 0.0000 1.0000 0.0000	</row2>
					<row3>	-0.3949 -0.3860 -5.8992 1.0000	</row3>
				</transform>
			</node>
			<node>
				<identifier>	HP_FX_WakeTrace_screw_2	</identifier>
				<transform>
					<row0>	1.0000 0.0000 0.0000 0.0000	</row0>
					<row1>	0.0000 1.0000 0.0000 0.0000	</row1>
					<row2>	0.0000 0.0000 1.0000 0.0000	</row2>
					<row3>	-0.0013 -0.4540 -6.1106 1.0000	</row3>
				</transform>
			</node>
			<node>
				<identifier>	HP_FX_WakeTrace_screw_3	</identifier>
				<transform>
					<row0>	1.0000 0.0000 0.0000 0.0000	</row0>
					<row1>	0.0000 1.0000 0.0000 0.0000	</row1>
					<row2>	0.0000 0.0000 1.0000 0.0000	</row2>
					<row3>	0.3935 -0.3856 -5.8992 1.0000	</row3>
				</transform>
			</node>
			<node>
				<identifier>	HP_GGA_21	</identifier>
				<transform>
					<row0>	-1.0000 0.0000 0.0000 0.0000	</row0>
					<row1>	0.0000 1.0000 0.0000 0.0000	</row1>
					<row2>	0.0000 0.0000 -1.0000 0.0000	</row2>
					<row3>	-0.3417 0.3180 -5.9729 1.0000	</row3>
				</transform>
			</node>
			<node>
				<identifier>	HP_GGA_22	</identifier>
				<transform>
					<row0>	-1.0000 0.0000 0.0000 0.0000	</row0>
					<row1>	0.0000 1.0000 0.0000 0.0000	</row1>
					<row2>	0.0000 0.0000 -1.0000 0.0000	</row2>
					<row3>	0.3417 0.3180 -5.9729 1.0000	</row3>
				</transform>
			</node>
			<node>
				<identifier>	HP_GGA_23	</identifier>
				<transform>
					<row0>	-1.0000 0.0000 0.0000 0.0000	</row0>
					<row1>	0.0000 1.0000 0.0000 0.0000	</row1>
					<row2>	0.0000 0.0000 -1.0000 0.0000	</row2>
					<row3>	-0.2010 0.3214 -6.5366 1.0000	</row3>
				</transform>
			</node>
			<node>
				<identifier>	HP_GGA_24	</identifier>
				<transform>
					<row0>	-1.0000 0.0000 0.0000 0.0000	</row0>
					<row1>	0.0000 1.0000 0.0000 0.0000	</row1>
					<row2>	0.0000 0.0000 -1.0000 0.0000	</row2>
					<row3>	0.2010 0.3214 -6.5366 1.0000	</row3>
				</transform>
			</node>
			<node>
				<identifier>	HP_GGM_4	</identifier>
				<transform>
					<row0>	-1.0000 0.0000 0.0000 0.0000	</row0>
					<row1>	0.0000 1.0000 0.0000 0.0000	</row1>
					<row2>	0.0000 0.0000 -1.0000 0.0000	</row2>
					<row3>	0.0000 0.3762 -4.8652 1.0000	</row3>
				</transform>
			</node>
			<node>
				<identifier>	HP_Ship_death_3	</identifier>
				<transform>
					<row0>	1.0000 0.0000 0.0000 0.0000	</row0>
					<row1>	0.0000 1.0000 0.0000 0.0000	</row1>
					<row2>	0.0000 0.0000 1.0000 0.0000	</row2>
					<row3>	0.0000 0.0000 -4.2607 1.0000	</row3>
				</transform>
			</node>
			<node>
				<identifier>	MP_CM011_Fire_Fighting_Gear	</identifier>
				<transform>
					<row0>	1.0000 0.0000 0.0000 0.0000	</row0>
					<row1>	0.0000 1.0000 0.0000 0.0000	</row1>
					<row2>	0.0000 0.0000 1.0000 0.0000	</row2>
					<row3>	-0.1380 0.3232 -6.7191 1.0000	</row3>
				</transform>
			</node>
			<node>
				<identifier>	MP_CM011_Fire_Fighting_Gear_INDEX_1	</identifier>
				<transform>
					<row0>	1.0000 0.0000 0.0000 0.0000	</row0>
					<row1>	0.0000 1.0000 0.0000 0.0000	</row1>
					<row2>	0.0000 0.0000 1.0000 0.0000	</row2>
					<row3>	-0.0274 0.3174 -5.1672 1.0000	</row3>
				</transform>
			</node>
			<node>
				<identifier>	MP_CM011_Fire_Fighting_Gear_INDEX_2	</identifier>
				<transform>
					<row0>	1.0000 0.0000 0.0000 0.0000	</row0>
					<row1>	0.0000 1.0000 0.0000 0.0000	</row1>
					<row2>	0.0000 0.0000 1.0000 0.0000	</row2>
					<row3>	0.1380 0.3232 -6.7191 1.0000	</row3>
				</transform>
			</node>
			<node>
				<identifier>	MP_CM029_Emergency_Box	</identifier>
				<transform>
					<row0>	-0.9211 0.0000 -0.3892 0.0000	</row0>
					<row1>	0.0000 1.0000 0.0000 0.0000	</row1>
					<row2>	0.3892 0.0000 -0.9211 0.0000	</row2>
					<row3>	-0.1394 0.3636 -6.6791 1.0000	</row3>
				</transform>
			</node>
			<node>
				<identifier>	MP_CM029_Emergency_Box_INDEX_1	</identifier>
				<transform>
					<row0>	-0.9211 0.0000 0.3892 0.0000	</row0>
					<row1>	0.0000 1.0000 0.0000 0.0000	</row1>
					<row2>	-0.3892 0.0000 -0.9211 0.0000	</row2>
					<row3>	0.2809 0.3636 -6.1157 1.0000	</row3>
				</transform>
			</node>
			<node>
				<identifier>	MP_CM029_Emergency_Box_INDEX_2	</identifier>
				<transform>
					<row0>	-0.9211 0.0000 0.3892 0.0000	</row0>
					<row1>	0.0000 1.0000 0.0000 0.0000	</row1>
					<row2>	-0.3892 0.0000 -0.9211 0.0000	</row2>
					<row3>	0.1394 0.3636 -6.6791 1.0000	</row3>
				</transform>
			</node>
			<node>
				<identifier>	MP_CM029_Emergency_Box_INDEX_3	</identifier>
				<transform>
					<row0>	-0.9211 0.0000 -0.3892 0.0000	</row0>
					<row1>	0.0000 1.0000 0.0000 0.0000	</row1>
					<row2>	0.3892 0.0000 -0.9211 0.0000	</row2>
					<row3>	-0.2809 0.3636 -6.1157 1.0000	</row3>
				</transform>
			</node>
			<node>
				<identifier>	MP_CM126_Cleat	</identifier>
				<transform>
					<row0>	0.9888 0.0043 0.1492 0.0000	</row0>
					<row1>	-0.0045 1.0000 0.0012 0.0000	</row1>
					<row2>	-0.1492 -0.0019 0.9888 0.0000	</row2>
					<row3>	-0.5147 0.3189 -6.1969 1.0000	</row3>
				</transform>
			</node>
			<node>
				<identifier>	MP_CM126_Cleat_INDEX_1	</identifier>
				<transform>
					<row0>	0.9927 0.0043 0.1209 0.0000	</row0>
					<row1>	-0.0045 1.0000 0.0012 0.0000	</row1>
					<row2>	-0.1209 -0.0017 0.9927 0.0000	</row2>
					<row3>	-0.6171 0.3174 -5.3692 1.0000	</row3>
				</transform>
			</node>
			<node>
				<identifier>	MP_CM126_Cleat_INDEX_10	</identifier>
				<transform>
					<row0>	0.9759 -0.0063 -0.2180 0.0000	</row0>
					<row1>	0.0019 0.9998 -0.0204 0.0000	</row1>
					<row2>	0.2181 0.0195 0.9757 0.0000	</row2>
					<row3>	0.3853 0.3241 -6.9541 1.0000	</row3>
				</transform>
			</node>
			<node>
				<identifier>	MP_CM126_Cleat_INDEX_11	</identifier>
				<transform>
					<row0>	0.9759 0.0063 0.2180 0.0000	</row0>
					<row1>	-0.0019 0.9998 -0.0204 0.0000	</row1>
					<row2>	-0.2181 0.0195 0.9757 0.0000	</row2>
					<row3>	-0.3853 0.3241 -6.9541 1.0000	</row3>
				</transform>
			</node>
			<node>
				<identifier>	MP_CM126_Cleat_INDEX_2	</identifier>
				<transform>
					<row0>	0.9888 0.0043 0.1492 0.0000	</row0>
					<row1>	-0.0045 1.0000 0.0012 0.0000	</row1>
					<row2>	-0.1492 -0.0019 0.9888 0.0000	</row2>
					<row3>	-0.5099 0.3189 -6.2254 1.0000	</row3>
				</transform>
			</node>
			<node>
				<identifier>	MP_CM126_Cleat_INDEX_3	</identifier>
				<transform>
					<row0>	0.9410 0.0087 0.3382 0.0000	</row0>
					<row1>	-0.0019 0.9998 -0.0204 0.0000	</row1>
					<row2>	-0.3383 0.0186 0.9409 0.0000	</row2>
					<row3>	-0.2960 0.3249 -7.3098 1.0000	</row3>
				</transform>
			</node>
			<node>
				<identifier>	MP_CM126_Cleat_INDEX_4	</identifier>
				<transform>
					<row0>	0.9410 -0.0087 -0.3382 0.0000	</row0>
					<row1>	0.0019 0.9998 -0.0204 0.0000	</row1>
					<row2>	0.3383 0.0186 0.9409 0.0000	</row2>
					<row3>	0.2960 0.3249 -7.3098 1.0000	</row3>
				</transform>
			</node>
			<node>
				<identifier>	MP_CM126_Cleat_INDEX_5	</identifier>
				<transform>
					<row0>	0.9888 -0.0043 -0.1492 0.0000	</row0>
					<row1>	0.0045 1.0000 0.0012 0.0000	</row1>
					<row2>	0.1492 -0.0019 0.9888 0.0000	</row2>
					<row3>	0.5099 0.3189 -6.2254 1.0000	</row3>
				</transform>
			</node>
			<node>
				<identifier>	MP_CM126_Cleat_INDEX_6	</identifier>
				<transform>
					<row0>	0.9888 -0.0043 -0.1492 0.0000	</row0>
					<row1>	0.0045 1.0000 0.0012 0.0000	</row1>
					<row2>	0.1492 -0.0019 0.9888 0.0000	</row2>
					<row3>	0.5319 0.3189 -6.0614 1.0000	</row3>
				</transform>
			</node>
			<node>
				<identifier>	MP_CM126_Cleat_INDEX_7	</identifier>
				<transform>
					<row0>	0.9888 -0.0043 -0.1492 0.0000	</row0>
					<row1>	0.0045 1.0000 0.0012 0.0000	</row1>
					<row2>	0.1492 -0.0019 0.9888 0.0000	</row2>
					<row3>	0.5147 0.3189 -6.1969 1.0000	</row3>
				</transform>
			</node>
			<node>
				<identifier>	MP_CM126_Cleat_INDEX_8	</identifier>
				<transform>
					<row0>	0.9888 0.0043 0.1492 0.0000	</row0>
					<row1>	-0.0045 1.0000 0.0012 0.0000	</row1>
					<row2>	-0.1492 -0.0019 0.9888 0.0000	</row2>
					<row3>	-0.5319 0.3189 -6.0614 1.0000	</row3>
				</transform>
			</node>
			<node>
				<identifier>	MP_CM126_Cleat_INDEX_9	</identifier>
				<transform>
					<row0>	0.9927 -0.0043 -0.1209 0.0000	</row0>
					<row1>	0.0045 1.0000 0.0012 0.0000	</row1>
					<row2>	0.1209 -0.0017 0.9927 0.0000	</row2>
					<row3>	0.6171 0.3174 -5.3692 1.0000	</row3>
				</transform>
			</node>
			<node>
				<identifier>	MP_CM161_Propeller_4_8m_BB_R	</identifier>
				<transform>
					<row0>	0.9999 0.0000 0.0142 0.0000	</row0>
					<row1>	0.0000 1.0000 0.0000 0.0000	</row1>
					<row2>	-0.0142 0.0000 0.9999 0.0000	</row2>
					<row3>	0.3942 -0.3865 -5.8992 1.0000	</row3>
				</transform>
			</node>
			<node>
				<identifier>	MP_CM161_Propeller_4_8m_BB_R_INDEX_1	</identifier>
				<transform>
					<row0>	0.9968 0.0000 0.0000 0.0000	</row0>
					<row1>	0.0000 0.9968 0.0000 0.0000	</row1>
					<row2>	0.0000 0.0000 0.9968 0.0000	</row2>
					<row3>	0.0000 -0.4543 -6.1106 1.0000	</row3>
				</transform>
			</node>
			<node>
				<identifier>	MP_CM162_Propeller_4_8m_BB_L	</identifier>
				<transform>
					<row0>	0.9997 0.0000 -0.0227 0.0000	</row0>
					<row1>	0.0000 1.0000 0.0000 0.0000	</row1>
					<row2>	0.0227 0.0000 0.9997 0.0000	</row2>
					<row3>	-0.3942 -0.3866 -5.8992 1.0000	</row3>
				</transform>
			</node>
			<node>
				<identifier>	MP_GM003_Reels_1	</identifier>
				<transform>
					<row0>	1.0000 0.0000 0.0000 0.0000	</row0>
					<row1>	0.0000 1.0000 0.0000 0.0000	</row1>
					<row2>	0.0000 0.0000 1.0000 0.0000	</row2>
					<row3>	-0.1982 0.3173 -5.2773 1.0000	</row3>
				</transform>
			</node>
			<node>
				<identifier>	MP_GM003_Reels_1_INDEX_1	</identifier>
				<transform>
					<row0>	1.0000 0.0000 0.0000 0.0000	</row0>
					<row1>	0.0000 1.0000 0.0000 0.0000	</row1>
					<row2>	0.0000 0.0000 1.0000 0.0000	</row2>
					<row3>	0.1982 0.3173 -5.2773 1.0000	</row3>
				</transform>
			</node>
			<node>
				<identifier>	MP_GM012_Reels_5	</identifier>
				<transform>
					<row0>	1.0000 0.0000 0.0000 0.0000	</row0>
					<row1>	0.0000 1.0000 0.0000 0.0000	</row1>
					<row2>	0.0000 0.0000 1.0000 0.0000	</row2>
					<row3>	0.0000 0.3254 -6.0741 1.0000	</row3>
				</transform>
			</node>
			<node>
				<identifier>	MP_GM016_Sleeve	</identifier>
				<transform>
					<row0>	-0.9916 0.0000 0.1295 0.0000	</row0>
					<row1>	0.0000 1.0000 0.0000 0.0000	</row1>
					<row2>	-0.1295 0.0000 -0.9916 0.0000	</row2>
					<row3>	0.1792 0.3556 -6.7016 1.0000	</row3>
				</transform>
			</node>
			<node>
				<identifier>	MP_GM016_Sleeve_INDEX_1	</identifier>
				<transform>
					<row0>	-1.0000 0.0000 0.0000 0.0000	</row0>
					<row1>	0.0000 1.0000 0.0000 0.0000	</row1>
					<row2>	0.0000 0.0000 -1.0000 0.0000	</row2>
					<row3>	0.0000 0.3556 -5.1519 1.0000	</row3>
				</transform>
			</node>
			<node>
				<identifier>	MP_GM016_Sleeve_INDEX_2	</identifier>
				<transform>
					<row0>	-0.9916 0.0000 -0.1295 0.0000	</row0>
					<row1>	0.0000 1.0000 0.0000 0.0000	</row1>
					<row2>	0.1295 0.0000 -0.9916 0.0000	</row2>
					<row3>	-0.1792 0.3556 -6.7016 1.0000	</row3>
				</transform>
			</node>
			<node>
				<identifier>	MP_GM535_Life_Boat_2	</identifier>
				<transform>
					<row0>	-0.9645 0.0000 0.2642 0.0000	</row0>
					<row1>	0.0000 1.0000 0.0000 0.0000	</row1>
					<row2>	-0.2642 0.0000 -0.9645 0.0000	</row2>
					<row3>	0.2972 0.3244 -7.1047 1.0000	</row3>
				</transform>
			</node>
			<node>
				<identifier>	MP_GM535_Life_Boat_2_INDEX_1	</identifier>
				<transform>
					<row0>	0.0000 0.0000 1.0000 0.0000	</row0>
					<row1>	0.0000 1.0000 0.0000 0.0000	</row1>
					<row2>	-1.0000 0.0000 0.0000 0.0000	</row2>
					<row3>	0.4133 0.3160 -4.8678 1.0000	</row3>
				</transform>
			</node>
			<node>
				<identifier>	MP_GM535_Life_Boat_2_INDEX_10	</identifier>
				<transform>
					<row0>	0.0000 0.0000 1.0000 0.0000	</row0>
					<row1>	0.0000 1.0000 0.0000 0.0000	</row1>
					<row2>	-1.0000 0.0000 0.0000 0.0000	</row2>
					<row3>	0.2905 0.3178 -5.5269 1.0000	</row3>
				</transform>
			</node>
			<node>
				<identifier>	MP_GM535_Life_Boat_2_INDEX_11	</identifier>
				<transform>
					<row0>	1.0000 0.0000 0.0000 0.0000	</row0>
					<row1>	0.0000 1.0000 0.0000 0.0000	</row1>
					<row2>	0.0000 0.0000 1.0000 0.0000	</row2>
					<row3>	-0.4133 0.3160 -4.8678 1.0000	</row3>
				</transform>
			</node>
			<node>
				<identifier>	MP_GM535_Life_Boat_2_INDEX_2	</identifier>
				<transform>
					<row0>	0.0000 0.0000 1.0000 0.0000	</row0>
					<row1>	0.0000 1.0000 0.0000 0.0000	</row1>
					<row2>	-1.0000 0.0000 0.0000 0.0000	</row2>
					<row3>	-0.2905 0.3178 -5.5269 1.0000	</row3>
				</transform>
			</node>
			<node>
				<identifier>	MP_GM535_Life_Boat_2_INDEX_3	</identifier>
				<transform>
					<row0>	-0.9645 0.0000 -0.2642 0.0000	</row0>
					<row1>	0.0000 1.0000 0.0000 0.0000	</row1>
					<row2>	0.2642 0.0000 -0.9645 0.0000	</row2>
					<row3>	-0.2972 0.3244 -7.1047 1.0000	</row3>
				</transform>
			</node>
			<node>
				<identifier>	MP_GM535_Life_Boat_2_INDEX_4	</identifier>
				<transform>
					<row0>	0.0000 0.0000 1.0000 0.0000	</row0>
					<row1>	0.0000 1.0000 0.0000 0.0000	</row1>
					<row2>	-1.0000 0.0000 0.0000 0.0000	</row2>
					<row3>	0.4007 0.3178 -5.5269 1.0000	</row3>
				</transform>
			</node>
			<node>
				<identifier>	MP_GM535_Life_Boat_2_INDEX_5	</identifier>
				<transform>
					<row0>	0.0000 0.0000 1.0000 0.0000	</row0>
					<row1>	0.0000 1.0000 0.0000 0.0000	</row1>
					<row2>	-1.0000 0.0000 0.0000 0.0000	</row2>
					<row3>	0.5232 0.3160 -4.8678 1.0000	</row3>
				</transform>
			</node>
			<node>
				<identifier>	MP_GM535_Life_Boat_2_INDEX_6	</identifier>
				<transform>
					<row0>	0.0000 0.0000 1.0000 0.0000	</row0>
					<row1>	0.0000 1.0000 0.0000 0.0000	</row1>
					<row2>	-1.0000 0.0000 0.0000 0.0000	</row2>
					<row3>	-0.4007 0.3178 -5.5269 1.0000	</row3>
				</transform>
			</node>
			<node>
				<identifier>	MP_GM535_Life_Boat_2_INDEX_7	</identifier>
				<transform>
					<row0>	-0.9636 0.0000 0.2675 0.0000	</row0>
					<row1>	0.0000 1.0000 0.0000 0.0000	</row1>
					<row2>	-0.2675 0.0000 -0.9636 0.0000	</row2>
					<row3>	0.2675 0.3244 -7.2156 1.0000	</row3>
				</transform>
			</node>
			<node>
				<identifier>	MP_GM535_Life_Boat_2_INDEX_8	</identifier>
				<transform>
					<row0>	-0.9636 0.0000 -0.2675 0.0000	</row0>
					<row1>	0.0000 1.0000 0.0000 0.0000	</row1>
					<row2>	0.2675 0.0000 -0.9636 0.0000	</row2>
					<row3>	-0.2675 0.3244 -7.2156 1.0000	</row3>
				</transform>
			</node>
			<node>
				<identifier>	MP_GM535_Life_Boat_2_INDEX_9	</identifier>
				<transform>
					<row0>	1.0000 0.0000 0.0000 0.0000	</row0>
					<row1>	0.0000 1.0000 0.0000 0.0000	</row1>
					<row2>	0.0000 0.0000 1.0000 0.0000	</row2>
					<row3>	-0.5232 0.3160 -4.8678 1.0000	</row3>
				</transform>
			</node>
			<node>
				<identifier>	MP_GM701_AmmoBox	</identifier>
				<transform>
					<row0>	-0.2841 0.0000 0.9588 0.0000	</row0>
					<row1>	0.0000 1.0000 0.0000 0.0000	</row1>
					<row2>	-0.9588 0.0000 -0.2841 0.0000	</row2>
					<row3>	-0.1521 0.3180 -5.9219 1.0000	</row3>
				</transform>
			</node>
			<node>
				<identifier>	MP_GM701_AmmoBox_INDEX_1	</identifier>
				<transform>
					<row0>	-0.2772 0.0000 -0.9608 0.0000	</row0>
					<row1>	0.0000 1.0000 0.0000 0.0000	</row1>
					<row2>	0.9608 0.0000 -0.2772 0.0000	</row2>
					<row3>	-0.3903 0.3210 -6.4872 1.0000	</row3>
				</transform>
			</node>
			<node>
				<identifier>	MP_GM701_AmmoBox_INDEX_2	</identifier>
				<transform>
					<row0>	-0.2841 0.0000 -0.9588 0.0000	</row0>
					<row1>	0.0000 1.0000 0.0000 0.0000	</row1>
					<row2>	0.9588 0.0000 -0.2841 0.0000	</row2>
					<row3>	0.1521 0.3180 -5.9219 1.0000	</row3>
				</transform>
			</node>
			<node>
				<identifier>	MP_GM701_AmmoBox_INDEX_3	</identifier>
				<transform>
					<row0>	0.3632 0.0000 0.9317 0.0000	</row0>
					<row1>	0.0000 1.0000 0.0000 0.0000	</row1>
					<row2>	-0.9317 0.0000 0.3632 0.0000	</row2>
					<row3>	0.3852 0.3222 -6.6009 1.0000	</row3>
				</transform>
			</node>
			<node>
				<identifier>	MP_GM701_AmmoBox_INDEX_4	</identifier>
				<transform>
					<row0>	0.3632 0.0000 -0.9317 0.0000	</row0>
					<row1>	0.0000 1.0000 0.0000 0.0000	</row1>
					<row2>	0.9317 0.0000 0.3632 0.0000	</row2>
					<row3>	-0.3852 0.3222 -6.6009 1.0000	</row3>
				</transform>
			</node>
			<node>
				<identifier>	MP_GM701_AmmoBox_INDEX_5	</identifier>
				<transform>
					<row0>	0.3733 0.0000 0.9277 0.0000	</row0>
					<row1>	0.0000 1.0000 0.0000 0.0000	</row1>
					<row2>	-0.9277 0.0000 0.3733 0.0000	</row2>
					<row3>	-0.1565 0.3184 -6.0376 1.0000	</row3>
				</transform>
			</node>
			<node>
				<identifier>	MP_GM701_AmmoBox_INDEX_6	</identifier>
				<transform>
					<row0>	0.3733 0.0000 -0.9277 0.0000	</row0>
					<row1>	0.0000 1.0000 0.0000 0.0000	</row1>
					<row2>	0.9277 0.0000 0.3733 0.0000	</row2>
					<row3>	0.1565 0.3184 -6.0376 1.0000	</row3>
				</transform>
			</node>
			<node>
				<identifier>	MP_GM701_AmmoBox_INDEX_7	</identifier>
				<transform>
					<row0>	-0.2772 0.0000 0.9608 0.0000	</row0>
					<row1>	0.0000 1.0000 0.0000 0.0000	</row1>
					<row2>	-0.9608 0.0000 -0.2772 0.0000	</row2>
					<row3>	0.3903 0.3210 -6.4872 1.0000	</row3>
				</transform>
			</node>
			<node>
				<identifier>	MP_GM757_Hatch	</identifier>
				<transform>
					<row0>	-1.0000 0.0000 0.0000 0.0000	</row0>
					<row1>	0.0000 1.0000 0.0000 0.0000	</row1>
					<row2>	0.0000 0.0000 -1.0000 0.0000	</row2>
					<row3>	-0.0011 0.3186 -5.5199 1.0000	</row3>
				</transform>
			</node>
			<node>
				<identifier>	MP_GM757_Hatch_INDEX_1	</identifier>
				<transform>
					<row0>	-1.0000 0.0000 0.0000 0.0000	</row0>
					<row1>	0.0000 1.0000 0.0000 0.0000	</row1>
					<row2>	0.0000 0.0000 -1.0000 0.0000	</row2>
					<row3>	0.3500 0.3176 -5.0830 1.0000	</row3>
				</transform>
			</node>
			<node>
				<identifier>	MP_GM757_Hatch_INDEX_2	</identifier>
				<transform>
					<row0>	-1.0000 0.0000 0.0000 0.0000	</row0>
					<row1>	0.0000 1.0000 0.0000 0.0000	</row1>
					<row2>	0.0000 0.0000 -1.0000 0.0000	</row2>
					<row3>	0.1399 0.3243 -6.8400 1.0000	</row3>
				</transform>
			</node>
			<node>
				<identifier>	MP_GM856_Mastheadlight	</identifier>
				<transform>
					<row0>	-1.0000 0.0000 0.0000 0.0000	</row0>
					<row1>	0.0000 1.0000 0.0000 0.0000	</row1>
					<row2>	0.0000 0.0000 -1.0000 0.0000	</row2>
					<row3>	0.0000 0.3855 -7.6807 1.0000	</row3>
				</transform>
			</node>
			<node>
				<identifier>	SP_YMS011_YHWL_M_1_INDEX_1	</identifier>
				<transform>
					<row0>	0.8381 0.4021 0.2316 0.0000	</row0>
					<row1>	-0.3843 0.8695 -0.1187 0.0000	</row1>
					<row2>	-0.2601 0.0109 0.9220 0.0000	</row2>
					<row3>	-0.2322 0.0000 -7.1386 1.0000	</row3>
				</transform>
			</node>
			<node>
				<identifier>	SP_YMS011_YHWL_M_1_INDEX_2	</identifier>
				<transform>
					<row0>	0.8856 0.3289 0.1589 0.0000	</row0>
					<row1>	-0.3237 0.8998 -0.0581 0.0000	</row1>
					<row2>	-0.1691 0.0000 0.9429 0.0000	</row2>
					<row3>	-0.4201 0.0011 -6.3539 1.0000	</row3>
				</transform>
			</node>
			<node>
				<identifier>	SP_YMS011_YHWL_M_1_INDEX_6	</identifier>
				<transform>
					<row0>	0.9516 0.0649 0.0898 0.0000	</row0>
					<row1>	-0.0647 0.9558 -0.0058 0.0000	</row1>
					<row2>	-0.0900 -0.0003 0.9538 0.0000	</row2>
					<row3>	-0.6276 -0.0003 -4.7438 1.0000	</row3>
				</transform>
			</node>
			<node>
				<identifier>	SP_YMS011_YHWL_M_1_INDEX_8	</identifier>
				<transform>
					<row0>	0.9455 0.1211 0.0956 0.0000	</row0>
					<row1>	-0.1207 0.9503 -0.0108 0.0000	</row1>
					<row2>	-0.0962 -0.0014 0.9532 0.0000	</row2>
					<row3>	-0.5491 0.0003 -5.5529 1.0000	</row3>
				</transform>
			</node>
			<node>
				<identifier>	SP_YMS012_YHWR_M_1	</identifier>
				<transform>
					<row0>	0.8381 -0.4021 -0.2316 0.0000	</row0>
					<row1>	0.3843 0.8695 -0.1187 0.0000	</row1>
					<row2>	0.2601 0.0109 0.9220 0.0000	</row2>
					<row3>	0.2322 0.0000 -7.1386 1.0000	</row3>
				</transform>
			</node>
			<node>
				<identifier>	SP_YMS012_YHWR_M_1_INDEX_4	</identifier>
				<transform>
					<row0>	0.9455 -0.1211 -0.0956 0.0000	</row0>
					<row1>	0.1207 0.9503 -0.0108 0.0000	</row1>
					<row2>	0.0962 -0.0014 0.9532 0.0000	</row2>
					<row3>	0.5491 0.0003 -5.5529 1.0000	</row3>
				</transform>
			</node>
			<node>
				<identifier>	SP_YMS012_YHWR_M_1_INDEX_7	</identifier>
				<transform>
					<row0>	0.9516 -0.0649 -0.0898 0.0000	</row0>
					<row1>	0.0647 0.9558 -0.0058 0.0000	</row1>
					<row2>	0.0900 -0.0003 0.9538 0.0000	</row2>
					<row3>	0.6276 -0.0003 -4.7438 1.0000	</row3>
				</transform>
			</node>
			<node>
				<identifier>	SP_YMS012_YHWR_M_1_INDEX_9	</identifier>
				<transform>
					<row0>	0.8856 -0.3289 -0.1589 0.0000	</row0>
					<row1>	0.3237 0.8998 -0.0581 0.0000	</row1>
					<row2>	0.1691 0.0000 0.9429 0.0000	</row2>
					<row3>	0.4201 0.0011 -6.3539 1.0000	</row3>
				</transform>
			</node>
			<node>
				<identifier>	SP_YMS023_YHUC_L_1	</identifier>
				<transform>
					<row0>	0.9614 -0.1522 0.0218 0.0000	</row0>
					<row1>	0.1521 0.9616 0.0034 0.0000	</row1>
					<row2>	-0.0221 0.0000 0.9733 0.0000	</row2>
					<row3>	0.3942 -0.3866 -5.9984 1.0000	</row3>
				</transform>
			</node>
			<node>
				<identifier>	SP_YMS023_YHUC_L_1_INDEX_1	</identifier>
				<transform>
					<row0>	0.9321 0.0000 0.0000 0.0000	</row0>
					<row1>	0.0000 0.9321 0.0000 0.0000	</row1>
					<row2>	0.0000 0.0000 0.9321 0.0000	</row2>
					<row3>	0.0000 -0.4543 -6.1688 1.0000	</row3>
				</transform>
			</node>
			<node>
				<identifier>	SP_YMS023_YHUC_L_1_INDEX_2	</identifier>
				<transform>
					<row0>	0.9614 0.1522 -0.0218 0.0000	</row0>
					<row1>	-0.1521 0.9616 0.0034 0.0000	</row1>
					<row2>	0.0221 0.0000 0.9733 0.0000	</row2>
					<row3>	-0.3942 -0.3866 -5.9984 1.0000	</row3>
				</transform>
			</node>
			<node>
				<identifier>	SP_YMS031_YHAL_M_1	</identifier>
				<transform>
					<row0>	0.8846 0.2724 0.3785 0.0000	</row0>
					<row1>	-0.2504 0.9622 -0.1071 0.0000	</row1>
					<row2>	-0.3934 0.0000 0.9194 0.0000	</row2>
					<row3>	-0.3263 0.1638 -7.2847 1.0000	</row3>
				</transform>
			</node>
			<node>
				<identifier>	SP_YMS032_YHAR_M_1	</identifier>
				<transform>
					<row0>	0.8846 -0.2724 -0.3785 0.0000	</row0>
					<row1>	0.2504 0.9622 -0.1071 0.0000	</row1>
					<row2>	0.3934 0.0000 0.9194 0.0000	</row2>
					<row3>	0.3263 0.1638 -7.2847 1.0000	</row3>
				</transform>
			</node>
			<node>
				<identifier>	SP_YMS033_YHAM_S_1	</identifier>
				<transform>
					<row0>	0.7088 0.0000 0.0000 0.0000	</row0>
					<row1>	0.0000 0.7088 0.0000 0.0000	</row1>
					<row2>	0.0000 0.0000 0.7088 0.0000	</row2>
					<row3>	0.0000 0.1669 -7.6486 1.0000	</row3>
				</transform>
			</node>
			<node>
				<identifier>	SP_YMS053_YHDC_S_1_INDEX_6	</identifier>
				<transform>
					<row0>	0.0000 0.0000 1.0000 0.0000	</row0>
					<row1>	0.0000 1.0000 0.0000 0.0000	</row1>
					<row2>	-1.0000 0.0000 0.0000 0.0000	</row2>
					<row3>	0.0000 0.3385 -7.3947 1.0000	</row3>
				</transform>
			</node>
			<node>
				<identifier>	SP_YMS063_YHGQ_S_1	</identifier>
				<transform>
					<row0>	0.9836 0.0000 0.0000 0.0000	</row0>
					<row1>	0.0000 0.9836 0.0000 0.0000	</row1>
					<row2>	0.0000 0.0000 0.9836 0.0000	</row2>
					<row3>	-0.2010 0.4292 -6.5366 1.0000	</row3>
				</transform>
			</node>
			<node>
				<identifier>	SP_YMS063_YHGQ_S_1_INDEX_1	</identifier>
				<transform>
					<row0>	0.9836 0.0000 0.0000 0.0000	</row0>
					<row1>	0.0000 0.9836 0.0000 0.0000	</row1>
					<row2>	0.0000 0.0000 0.9836 0.0000	</row2>
					<row3>	0.2010 0.4292 -6.5366 1.0000	</row3>
				</transform>
			</node>
			<node>
				<identifier>	SP_YMS063_YHGQ_S_1_INDEX_3	</identifier>
				<transform>
					<row0>	0.9880 0.0000 -0.1017 0.0000	</row0>
					<row1>	0.0000 0.9932 0.0000 0.0000	</row1>
					<row2>	0.1017 0.0000 0.9880 0.0000	</row2>
					<row3>	-0.3417 0.4262 -5.9729 1.0000	</row3>
				</transform>
			</node>
			<node>
				<identifier>	SP_YMS063_YHGQ_S_1_INDEX_6	</identifier>
				<transform>
					<row0>	0.9880 0.0000 0.1017 0.0000	</row0>
					<row1>	0.0000 0.9932 0.0000 0.0000	</row1>
					<row2>	-0.1017 0.0000 0.9880 0.0000	</row2>
					<row3>	0.3417 0.4262 -5.9729 1.0000	</row3>
				</transform>
			</node>
			<node>
				<identifier>	SP_YMS080_YHSL_M_1	</identifier>
				<transform>
					<row0>	0.7722 0.2286 0.0679 0.0000	</row0>
					<row1>	-0.2287 0.7751 -0.0083 0.0000	</row1>
					<row2>	-0.0674 -0.0112 0.8053 0.0000	</row2>
					<row3>	-0.6652 0.2048 -4.7624 1.0000	</row3>
				</transform>
			</node>
			<node>
				<identifier>	SP_YMS080_YHSL_M_1_INDEX_3	</identifier>
				<transform>
					<row0>	0.7002 0.2074 0.0724 0.0000	</row0>
					<row1>	-0.2077 0.7038 -0.0076 0.0000	</row1>
					<row2>	-0.0716 -0.0133 0.7302 0.0000	</row2>
					<row3>	-0.6082 0.2237 -5.4154 1.0000	</row3>
				</transform>
			</node>
			<node>
				<identifier>	SP_YMS081_YHSR_M_1_INDEX_1	</identifier>
				<transform>
					<row0>	0.7002 -0.2074 -0.0724 0.0000	</row0>
					<row1>	0.2077 0.7038 -0.0076 0.0000	</row1>
					<row2>	0.0716 -0.0133 0.7302 0.0000	</row2>
					<row3>	0.6089 0.2237 -5.4152 1.0000	</row3>
				</transform>
			</node>
			<node>
				<identifier>	SP_YMS081_YHSR_M_1_INDEX_3	</identifier>
				<transform>
					<row0>	0.7722 -0.2286 -0.0679 0.0000	</row0>
					<row1>	0.2287 0.7751 -0.0083 0.0000	</row1>
					<row2>	0.0674 -0.0112 0.8053 0.0000	</row2>
					<row3>	0.6655 0.2049 -4.7624 1.0000	</row3>
				</transform>
			</node>
		</node>
	</node>
	<boundingBox>
		<min>	-0.0667 -0.0667 -0.0667	</min>
		<max>	0.0667 0.0667 0.0667	</max>
	</boundingBox>
</GSC037_Clausewitz_1945_Stern_ports.visual>
