<GSA004_Parseval_1945_Stern_ports.visual>
	<node>
		<identifier>	Scene Root	</identifier>
		<transform>
			<row0>	1.0000 0.0000 0.0000 0.0000	</row0>
			<row1>	0.0000 1.0000 0.0000 0.0000	</row1>
			<row2>	0.0000 0.0000 1.0000 0.0000	</row2>
			<row3>	0.0000 0.0000 0.0000 1.0000	</row3>
		</transform>
		<node>
			<identifier>	Stern_ports	</identifier>
			<transform>
				<row0>	1.0000 0.0000 0.0000 0.0000	</row0>
				<row1>	0.0000 1.0000 0.0000 0.0000	</row1>
				<row2>	0.0000 0.0000 1.0000 0.0000	</row2>
				<row3>	0.0000 0.0000 0.0000 1.0000	</row3>
			</transform>
			<node>
				<identifier>	HP_DeckLand	</identifier>
				<transform>
					<row0>	1.0000 0.0000 0.0000 0.0000	</row0>
					<row1>	0.0000 1.0000 0.0000 0.0000	</row1>
					<row2>	0.0000 0.0000 1.0000 0.0000	</row2>
					<row3>	0.0041 1.0152 -9.1583 1.0000	</row3>
				</transform>
			</node>
			<node>
				<identifier>	HP_Deck_00	</identifier>
				<transform>
					<row0>	1.0000 0.0000 0.0000 0.0000	</row0>
					<row1>	0.0000 1.0000 0.0000 0.0000	</row1>
					<row2>	0.0000 0.0000 1.0000 0.0000	</row2>
					<row3>	-0.4242 0.9068 -6.5417 1.0000	</row3>
				</transform>
			</node>
			<node>
				<identifier>	HP_Deck_01	</identifier>
				<transform>
					<row0>	1.0000 0.0000 0.0000 0.0000	</row0>
					<row1>	0.0000 1.0000 0.0000 0.0000	</row1>
					<row2>	0.0000 0.0000 1.0000 0.0000	</row2>
					<row3>	0.3217 0.9082 -5.9451 1.0000	</row3>
				</transform>
			</node>
			<node>
				<identifier>	HP_Deck_02	</identifier>
				<transform>
					<row0>	1.0000 0.0000 0.0000 0.0000	</row0>
					<row1>	0.0000 1.0000 0.0000 0.0000	</row1>
					<row2>	0.0000 0.0000 1.0000 0.0000	</row2>
					<row3>	-0.3561 0.9081 -5.3397 1.0000	</row3>
				</transform>
			</node>
			<node>
				<identifier>	HP_Deck_03	</identifier>
				<transform>
					<row0>	1.0000 0.0000 0.0000 0.0000	</row0>
					<row1>	0.0000 1.0000 0.0000 0.0000	</row1>
					<row2>	0.0000 0.0000 1.0000 0.0000	</row2>
					<row3>	0.4009 0.9079 -4.6323 1.0000	</row3>
				</transform>
			</node>
			<node>
				<identifier>	HP_Deck_04	</identifier>
				<transform>
					<row0>	1.0000 0.0000 0.0000 0.0000	</row0>
					<row1>	0.0000 1.0000 0.0000 0.0000	</row1>
					<row2>	0.0000 0.0000 1.0000 0.0000	</row2>
					<row3>	-0.4474 0.9073 -3.9652 1.0000	</row3>
				</transform>
			</node>
			<node>
				<identifier>	HP_Deck_05	</identifier>
				<transform>
					<row0>	1.0000 0.0000 0.0000 0.0000	</row0>
					<row1>	0.0000 1.0000 0.0000 0.0000	</row1>
					<row2>	0.0000 0.0000 1.0000 0.0000	</row2>
					<row3>	0.3501 0.9086 -3.3155 1.0000	</row3>
				</transform>
			</node>
			<node>
				<identifier>	HP_Deck_06	</identifier>
				<transform>
					<row0>	1.0000 0.0000 0.0000 0.0000	</row0>
					<row1>	0.0000 1.0000 0.0000 0.0000	</row1>
					<row2>	0.0000 0.0000 1.0000 0.0000	</row2>
					<row3>	-0.4559 0.9083 -2.6924 1.0000	</row3>
				</transform>
			</node>
			<node>
				<identifier>	HP_Deck_07	</identifier>
				<transform>
					<row0>	1.0000 0.0000 0.0000 0.0000	</row0>
					<row1>	0.0000 1.0000 0.0000 0.0000	</row1>
					<row2>	0.0000 0.0000 1.0000 0.0000	</row2>
					<row3>	0.2714 0.9084 -1.9564 1.0000	</row3>
				</transform>
			</node>
			<node>
				<identifier>	HP_Deck_08	</identifier>
				<transform>
					<row0>	1.0000 0.0000 0.0000 0.0000	</row0>
					<row1>	0.0000 1.0000 0.0000 0.0000	</row1>
					<row2>	0.0000 0.0000 1.0000 0.0000	</row2>
					<row3>	-0.4643 0.9086 -1.3187 1.0000	</row3>
				</transform>
			</node>
			<node>
				<identifier>	HP_Deck_09	</identifier>
				<transform>
					<row0>	1.0000 0.0000 0.0000 0.0000	</row0>
					<row1>	0.0000 1.0000 0.0000 0.0000	</row1>
					<row2>	0.0000 0.0000 1.0000 0.0000	</row2>
					<row3>	-0.1736 0.9077 -0.4115 1.0000	</row3>
				</transform>
			</node>
			<node>
				<identifier>	HP_DisappearPoint	</identifier>
				<transform>
					<row0>	1.0000 0.0000 0.0000 0.0000	</row0>
					<row1>	0.0000 1.0000 0.0000 0.0000	</row1>
					<row2>	0.0000 0.0000 1.0000 0.0000	</row2>
					<row3>	0.0041 0.9139 -8.3355 1.0000	</row3>
				</transform>
			</node>
			<node>
				<identifier>	HP_FX_Death_3	</identifier>
				<transform>
					<row0>	1.0000 0.0000 0.0000 0.0000	</row0>
					<row1>	0.0000 1.0000 0.0000 0.0000	</row1>
					<row2>	0.0000 0.0000 1.0000 0.0000	</row2>
					<row3>	0.0000 0.0000 -5.2446 1.0000	</row3>
				</transform>
			</node>
			<node>
				<identifier>	HP_FX_Fire_4	</identifier>
				<transform>
					<row0>	1.0000 0.0000 0.0000 0.0000	</row0>
					<row1>	0.0000 1.0000 0.0000 0.0000	</row1>
					<row2>	0.0000 0.0000 1.0000 0.0000	</row2>
					<row3>	-0.5441 0.9088 -6.5127 1.0000	</row3>
				</transform>
			</node>
			<node>
				<identifier>	HP_FX_Fire_4_side_1	</identifier>
				<transform>
					<row0>	1.0000 0.0000 0.0000 0.0000	</row0>
					<row1>	0.0000 1.0000 0.0000 0.0000	</row1>
					<row2>	0.0000 0.0000 1.0000 0.0000	</row2>
					<row3>	0.8307 0.7854 -7.1189 1.0000	</row3>
				</transform>
			</node>
			<node>
				<identifier>	HP_FX_FloodLight_left_1	</identifier>
				<transform>
					<row0>	-1.0000 0.0000 0.0000 0.0000	</row0>
					<row1>	0.0000 1.0000 0.0000 0.0000	</row1>
					<row2>	0.0000 0.0000 -1.0000 0.0000	</row2>
					<row3>	-0.7250 0.5077 -6.4777 1.0000	</row3>
				</transform>
			</node>
			<node>
				<identifier>	HP_FX_FloodLight_right_1	</identifier>
				<transform>
					<row0>	1.0000 0.0000 0.0000 0.0000	</row0>
					<row1>	0.0000 1.0000 0.0000 0.0000	</row1>
					<row2>	0.0000 0.0000 1.0000 0.0000	</row2>
					<row3>	0.7222 0.5112 -6.4726 1.0000	</row3>
				</transform>
			</node>
			<node>
				<identifier>	HP_FX_WakeTraceBack	</identifier>
				<transform>
					<row0>	1.0000 0.0000 0.0000 0.0000	</row0>
					<row1>	0.0000 1.0000 0.0000 0.0000	</row1>
					<row2>	0.0000 0.0000 1.0000 0.0000	</row2>
					<row3>	0.0000 0.0000 -8.3658 1.0000	</row3>
				</transform>
			</node>
			<node>
				<identifier>	HP_FX_WakeTrace_screw_1	</identifier>
				<transform>
					<row0>	1.0000 0.0000 0.0000 0.0000	</row0>
					<row1>	0.0000 1.0000 0.0000 0.0000	</row1>
					<row2>	0.0000 0.0000 1.0000 0.0000	</row2>
					<row3>	-0.3437 -0.4310 -6.4326 1.0000	</row3>
				</transform>
			</node>
			<node>
				<identifier>	HP_FX_WakeTrace_screw_2	</identifier>
				<transform>
					<row0>	1.0000 0.0000 0.0000 0.0000	</row0>
					<row1>	0.0000 1.0000 0.0000 0.0000	</row1>
					<row2>	0.0000 0.0000 1.0000 0.0000	</row2>
					<row3>	0.3437 -0.4310 -6.4326 1.0000	</row3>
				</transform>
			</node>
			<node>
				<identifier>	HP_FX_WakeTrace_screw_3	</identifier>
				<transform>
					<row0>	1.0000 0.0000 0.0000 0.0000	</row0>
					<row1>	0.0000 1.0000 0.0000 0.0000	</row1>
					<row2>	0.0000 0.0000 1.0000 0.0000	</row2>
					<row3>	0.0020 -0.4677 -7.1921 1.0000	</row3>
				</transform>
			</node>
			<node>
				<identifier>	HP_GGA_19	</identifier>
				<transform>
					<row0>	0.0000 0.0000 -1.0000 0.0000	</row0>
					<row1>	0.0000 1.0000 0.0000 0.0000	</row1>
					<row2>	1.0000 0.0000 0.0000 0.0000	</row2>
					<row3>	0.8949 0.7264 -6.2433 1.0000	</row3>
				</transform>
			</node>
			<node>
				<identifier>	HP_GGA_20	</identifier>
				<transform>
					<row0>	0.0000 0.0000 1.0000 0.0000	</row0>
					<row1>	0.0000 1.0000 0.0000 0.0000	</row1>
					<row2>	-1.0000 0.0000 0.0000 0.0000	</row2>
					<row3>	-0.9987 0.7385 -6.2446 1.0000	</row3>
				</transform>
			</node>
			<node>
				<identifier>	HP_GGA_21	</identifier>
				<transform>
					<row0>	0.0000 0.0000 -1.0000 0.0000	</row0>
					<row1>	0.0000 1.0000 0.0000 0.0000	</row1>
					<row2>	1.0000 0.0000 0.0000 0.0000	</row2>
					<row3>	0.8267 0.7243 -7.1097 1.0000	</row3>
				</transform>
			</node>
			<node>
				<identifier>	HP_GGA_22	</identifier>
				<transform>
					<row0>	0.0000 0.0000 1.0000 0.0000	</row0>
					<row1>	0.0000 1.0000 0.0000 0.0000	</row1>
					<row2>	-1.0000 0.0000 0.0000 0.0000	</row2>
					<row3>	-0.9329 0.7221 -7.1115 1.0000	</row3>
				</transform>
			</node>
			<node>
				<identifier>	HP_Ship_death_3	</identifier>
				<transform>
					<row0>	1.0000 0.0000 0.0000 0.0000	</row0>
					<row1>	0.0000 1.0000 0.0000 0.0000	</row1>
					<row2>	0.0000 0.0000 1.0000 0.0000	</row2>
					<row3>	0.0000 0.0000 -4.9518 1.0000	</row3>
				</transform>
			</node>
			<node>
				<identifier>	MP_CM011_Fire_Fighting_Gear	</identifier>
				<transform>
					<row0>	1.0000 0.0000 0.0000 0.0000	</row0>
					<row1>	0.0000 1.0000 0.0000 0.0000	</row1>
					<row2>	0.0000 0.0000 1.0000 0.0000	</row2>
					<row3>	0.0915 0.4105 -7.5876 1.0000	</row3>
				</transform>
			</node>
			<node>
				<identifier>	MP_CM028_Swab_Rack	</identifier>
				<transform>
					<row0>	0.0986 0.0163 -0.9950 0.0000	</row0>
					<row1>	0.0033 0.9999 0.0167 0.0000	</row1>
					<row2>	0.9951 -0.0049 0.0986 0.0000	</row2>
					<row3>	-0.4298 0.4060 -7.1517 1.0000	</row3>
				</transform>
			</node>
			<node>
				<identifier>	MP_CM029_Emergency_Box	</identifier>
				<transform>
					<row0>	0.0627 -0.0073 0.9980 0.0000	</row0>
					<row1>	0.0788 0.9969 0.0023 0.0000	</row1>
					<row2>	-0.9949 0.0785 0.0631 0.0000	</row2>
					<row3>	0.7565 0.8663 -6.6128 1.0000	</row3>
				</transform>
			</node>
			<node>
				<identifier>	MP_CM029_Emergency_Box_INDEX_1	</identifier>
				<transform>
					<row0>	0.0802 -0.0039 -0.9968 0.0000	</row0>
					<row1>	-0.4306 0.9018 -0.0382 0.0000	</row1>
					<row2>	0.8990 0.4322 0.0706 0.0000	</row2>
					<row3>	-0.8319 0.8480 -6.8270 1.0000	</row3>
				</transform>
			</node>
			<node>
				<identifier>	MP_CM029_Emergency_Box_INDEX_2	</identifier>
				<transform>
					<row0>	0.0629 -0.0045 0.9980 0.0000	</row0>
					<row1>	0.0346 0.9994 0.0023 0.0000	</row1>
					<row2>	-0.9974 0.0344 0.0631 0.0000	</row2>
					<row3>	0.8162 0.8793 -5.8526 1.0000	</row3>
				</transform>
			</node>
			<node>
				<identifier>	MP_CM029_Emergency_Box_INDEX_3	</identifier>
				<transform>
					<row0>	1.0000 0.0000 0.0000 0.0000	</row0>
					<row1>	0.0000 1.0000 0.0000 0.0000	</row1>
					<row2>	0.0000 0.0000 1.0000 0.0000	</row2>
					<row3>	-0.3532 0.4910 -7.5777 1.0000	</row3>
				</transform>
			</node>
			<node>
				<identifier>	MP_CM094_Propeller3_L	</identifier>
				<transform>
					<row0>	0.8896 -0.5994 -0.0358 0.0000	</row0>
					<row1>	0.5983 0.8903 -0.0377 0.0000	</row1>
					<row2>	0.0507 0.0113 1.0721 0.0000	</row2>
					<row3>	-0.3437 -0.4310 -6.4326 1.0000	</row3>
				</transform>
			</node>
			<node>
				<identifier>	MP_CM095_Propeller3_R	</identifier>
				<transform>
					<row0>	0.8785 0.6156 0.0351 0.0000	</row0>
					<row1>	-0.6145 0.8792 -0.0384 0.0000	</row1>
					<row2>	-0.0507 0.0113 1.0721 0.0000	</row2>
					<row3>	0.3437 -0.4310 -6.4326 1.0000	</row3>
				</transform>
			</node>
			<node>
				<identifier>	MP_GM003_Reels_1	</identifier>
				<transform>
					<row0>	-1.0000 0.0000 0.0000 0.0000	</row0>
					<row1>	0.0000 1.0000 0.0000 0.0000	</row1>
					<row2>	0.0000 0.0000 -1.0000 0.0000	</row2>
					<row3>	-0.2228 0.4063 -7.6192 1.0000	</row3>
				</transform>
			</node>
			<node>
				<identifier>	MP_GM003_Reels_1_INDEX_1	</identifier>
				<transform>
					<row0>	0.1382 0.0000 0.9904 0.0000	</row0>
					<row1>	0.0000 1.0000 0.0000 0.0000	</row1>
					<row2>	-0.9904 0.0000 0.1382 0.0000	</row2>
					<row3>	0.5216 0.4079 -7.2481 1.0000	</row3>
				</transform>
			</node>
			<node>
				<identifier>	MP_GM003_Reels_1_INDEX_2	</identifier>
				<transform>
					<row0>	-1.0000 0.0000 0.0000 0.0000	</row0>
					<row1>	0.0000 1.0000 0.0000 0.0000	</row1>
					<row2>	0.0000 0.0000 -1.0000 0.0000	</row2>
					<row3>	-0.3072 0.4063 -7.6183 1.0000	</row3>
				</transform>
			</node>
			<node>
				<identifier>	MP_GM003_Reels_1_INDEX_3	</identifier>
				<transform>
					<row0>	0.1382 0.0000 -0.9904 0.0000	</row0>
					<row1>	0.0000 1.0000 0.0000 0.0000	</row1>
					<row2>	0.9904 0.0000 0.1382 0.0000	</row2>
					<row3>	-0.5216 0.4055 -7.2481 1.0000	</row3>
				</transform>
			</node>
			<node>
				<identifier>	MP_GM013_Siren	</identifier>
				<transform>
					<row0>	-0.0931 0.0057 -0.9956 0.0000	</row0>
					<row1>	0.0470 0.9989 0.0013 0.0000	</row1>
					<row2>	0.9945 -0.0467 -0.0933 0.0000	</row2>
					<row3>	0.7617 0.9024 -6.4987 1.0000	</row3>
				</transform>
			</node>
			<node>
				<identifier>	MP_GM013_Siren_INDEX_1	</identifier>
				<transform>
					<row0>	0.0069 0.0000 1.0000 0.0000	</row0>
					<row1>	0.0136 0.9999 0.0000 0.0000	</row1>
					<row2>	-0.9999 0.0136 0.0069 0.0000	</row2>
					<row3>	-0.8963 0.8893 -6.5721 1.0000	</row3>
				</transform>
			</node>
			<node>
				<identifier>	MP_GM016_Sleeve	</identifier>
				<transform>
					<row0>	-1.0000 0.0000 0.0000 0.0000	</row0>
					<row1>	0.0000 1.0000 0.0000 0.0000	</row1>
					<row2>	0.0000 0.0000 -1.0000 0.0000	</row2>
					<row3>	0.0658 0.4689 -7.5729 1.0000	</row3>
				</transform>
			</node>
			<node>
				<identifier>	MP_GM034_Turtles_box	</identifier>
				<transform>
					<row0>	-1.0000 0.0040 0.0000 0.0000	</row0>
					<row1>	0.0040 1.0000 0.0000 0.0000	</row1>
					<row2>	0.0000 0.0000 -1.0000 0.0000	</row2>
					<row3>	-0.0343 0.4130 -7.5746 1.0000	</row3>
				</transform>
			</node>
			<node>
				<identifier>	MP_GM034_Turtles_box_INDEX_1	</identifier>
				<transform>
					<row0>	0.0000 0.0000 1.0000 0.0000	</row0>
					<row1>	0.0292 0.9996 0.0000 0.0000	</row1>
					<row2>	-0.9996 0.0292 0.0000 0.0000	</row2>
					<row3>	-0.8110 0.7476 -6.1136 1.0000	</row3>
				</transform>
			</node>
			<node>
				<identifier>	MP_GM034_Turtles_box_INDEX_2	</identifier>
				<transform>
					<row0>	0.0000 0.0000 -1.0000 0.0000	</row0>
					<row1>	-0.0040 1.0000 0.0000 0.0000	</row1>
					<row2>	1.0000 0.0040 0.0000 0.0000	</row2>
					<row3>	0.7097 0.7335 -6.0784 1.0000	</row3>
				</transform>
			</node>
			<node>
				<identifier>	MP_GM034_Turtles_box_INDEX_3	</identifier>
				<transform>
					<row0>	0.0000 0.0000 -1.0000 0.0000	</row0>
					<row1>	-0.0040 1.0000 0.0000 0.0000	</row1>
					<row2>	1.0000 0.0040 0.0000 0.0000	</row2>
					<row3>	0.6620 0.7333 -6.9410 1.0000	</row3>
				</transform>
			</node>
			<node>
				<identifier>	MP_GM034_Turtles_box_INDEX_4	</identifier>
				<transform>
					<row0>	0.0000 0.0000 1.0000 0.0000	</row0>
					<row1>	0.0040 1.0000 0.0000 0.0000	</row1>
					<row2>	-1.0000 0.0040 0.0000 0.0000	</row2>
					<row3>	-0.7235 0.7322 -6.9795 1.0000	</row3>
				</transform>
			</node>
			<node>
				<identifier>	MP_GM035_LifeBuoy_Mount	</identifier>
				<transform>
					<row0>	0.9804 0.0000 0.1973 0.0000	</row0>
					<row1>	0.0000 1.0000 0.0000 0.0000	</row1>
					<row2>	-0.1973 0.0000 0.9804 0.0000	</row2>
					<row3>	-0.5076 0.4559 -7.7974 1.0000	</row3>
				</transform>
			</node>
			<node>
				<identifier>	MP_GM035_LifeBuoy_Mount_INDEX_1	</identifier>
				<transform>
					<row0>	-0.9761 0.0000 0.2172 0.0000	</row0>
					<row1>	0.0000 1.0000 0.0000 0.0000	</row1>
					<row2>	-0.2172 0.0000 -0.9761 0.0000	</row2>
					<row3>	0.4883 0.4559 -7.8128 1.0000	</row3>
				</transform>
			</node>
			<node>
				<identifier>	MP_GM117_Propeller	</identifier>
				<transform>
					<row0>	1.8521 0.0000 0.0000 0.0000	</row0>
					<row1>	0.0000 1.8521 0.0000 0.0000	</row1>
					<row2>	0.0000 0.0000 1.8521 0.0000	</row2>
					<row3>	0.0000 -0.4605 -7.1758 1.0000	</row3>
				</transform>
			</node>
			<node>
				<identifier>	MP_GM130_Anlasswagen	</identifier>
				<transform>
					<row0>	0.2230 0.0000 0.9748 0.0000	</row0>
					<row1>	0.0483 0.9988 -0.0111 0.0000	</row1>
					<row2>	-0.9736 0.0496 0.2228 0.0000	</row2>
					<row3>	0.6288 0.9034 -6.9893 1.0000	</row3>
				</transform>
			</node>
			<node>
				<identifier>	MP_GM532_Float	</identifier>
				<transform>
					<row0>	-0.0587 0.0034 -0.9983 0.0000	</row0>
					<row1>	0.1399 0.9902 -0.0049 0.0000	</row1>
					<row2>	0.9884 -0.1400 -0.0586 0.0000	</row2>
					<row3>	0.9299 0.7526 -5.6180 1.0000	</row3>
				</transform>
			</node>
			<node>
				<identifier>	MP_GM532_Float_INDEX_1	</identifier>
				<transform>
					<row0>	-0.0252 -0.0010 0.9997 0.0000	</row0>
					<row1>	-0.0008 1.0000 0.0010 0.0000	</row1>
					<row2>	-0.9997 -0.0008 -0.0252 0.0000	</row2>
					<row3>	-1.0567 0.7517 -5.0499 1.0000	</row3>
				</transform>
			</node>
			<node>
				<identifier>	MP_GM532_Float_INDEX_10	</identifier>
				<transform>
					<row0>	-0.0589 0.0067 -0.9982 0.0000	</row0>
					<row1>	0.1301 0.9915 -0.0011 0.0000	</row1>
					<row2>	0.9897 -0.1300 -0.0593 0.0000	</row2>
					<row3>	0.9063 0.7531 -5.9052 1.0000	</row3>
				</transform>
			</node>
			<node>
				<identifier>	MP_GM532_Float_INDEX_11	</identifier>
				<transform>
					<row0>	-0.0771 -0.0072 0.9970 0.0000	</row0>
					<row1>	-0.0477 0.9989 0.0035 0.0000	</row1>
					<row2>	-0.9959 -0.0473 -0.0774 0.0000	</row2>
					<row3>	-1.0299 0.7515 -5.4778 1.0000	</row3>
				</transform>
			</node>
			<node>
				<identifier>	MP_GM532_Float_INDEX_12	</identifier>
				<transform>
					<row0>	-0.0655 -0.0068 0.9978 0.0000	</row0>
					<row1>	-0.0094 0.9999 0.0062 0.0000	</row1>
					<row2>	-0.9978 -0.0090 -0.0655 0.0000	</row2>
					<row3>	-0.9980 0.7531 -5.9088 1.0000	</row3>
				</transform>
			</node>
			<node>
				<identifier>	MP_GM532_Float_INDEX_13	</identifier>
				<transform>
					<row0>	-0.0682 -0.0024 0.9977 0.0000	</row0>
					<row1>	-0.0089 1.0000 0.0018 0.0000	</row1>
					<row2>	-0.9976 -0.0088 -0.0682 0.0000	</row2>
					<row3>	-1.0092 0.7498 -5.7649 1.0000	</row3>
				</transform>
			</node>
			<node>
				<identifier>	MP_GM532_Float_INDEX_2	</identifier>
				<transform>
					<row0>	-0.0333 -0.0071 0.9994 0.0000	</row0>
					<row1>	-0.0077 0.9999 0.0069 0.0000	</row1>
					<row2>	-0.9994 -0.0075 -0.0334 0.0000	</row2>
					<row3>	-1.0521 0.7536 -5.1937 1.0000	</row3>
				</transform>
			</node>
			<node>
				<identifier>	MP_GM532_Float_INDEX_3	</identifier>
				<transform>
					<row0>	-0.0375 0.0015 -0.9993 0.0000	</row0>
					<row1>	0.0398 0.9992 0.0000 0.0000	</row1>
					<row2>	0.9985 -0.0397 -0.0375 0.0000	</row2>
					<row3>	0.9706 0.7515 -5.0465 1.0000	</row3>
				</transform>
			</node>
			<node>
				<identifier>	MP_GM532_Float_INDEX_4	</identifier>
				<transform>
					<row0>	-0.0588 0.0015 -0.9983 0.0000	</row0>
					<row1>	0.0398 0.9992 -0.0008 0.0000	</row1>
					<row2>	0.9975 -0.0397 -0.0588 0.0000	</row2>
					<row3>	0.9184 0.7527 -5.7613 1.0000	</row3>
				</transform>
			</node>
			<node>
				<identifier>	MP_GM532_Float_INDEX_5	</identifier>
				<transform>
					<row0>	-0.0535 0.0078 -0.9985 0.0000	</row0>
					<row1>	0.2013 0.9795 -0.0032 0.0000	</row1>
					<row2>	0.9781 -0.2012 -0.0539 0.0000	</row2>
					<row3>	0.9500 0.7555 -5.1895 1.0000	</row3>
				</transform>
			</node>
			<node>
				<identifier>	MP_GM532_Float_INDEX_6	</identifier>
				<transform>
					<row0>	-0.0588 0.0015 -0.9983 0.0000	</row0>
					<row1>	0.0398 0.9992 -0.0008 0.0000	</row1>
					<row2>	0.9975 -0.0397 -0.0588 0.0000	</row2>
					<row3>	0.9462 0.7524 -5.3320 1.0000	</row3>
				</transform>
			</node>
			<node>
				<identifier>	MP_GM532_Float_INDEX_7	</identifier>
				<transform>
					<row0>	-0.0326 -0.0022 0.9995 0.0000	</row0>
					<row1>	-0.0951 0.9955 -0.0009 0.0000	</row1>
					<row2>	-0.9949 -0.0951 -0.0327 0.0000	</row2>
					<row3>	-1.0190 0.7512 -5.6214 1.0000	</row3>
				</transform>
			</node>
			<node>
				<identifier>	MP_GM532_Float_INDEX_8	</identifier>
				<transform>
					<row0>	-0.0740 -0.0014 0.9973 0.0000	</row0>
					<row1>	0.0116 0.9999 0.0023 0.0000	</row1>
					<row2>	-0.9972 0.0118 -0.0740 0.0000	</row2>
					<row3>	-1.0434 0.7524 -5.3359 1.0000	</row3>
				</transform>
			</node>
			<node>
				<identifier>	MP_GM532_Float_INDEX_9	</identifier>
				<transform>
					<row0>	-0.0585 0.0052 -0.9983 0.0000	</row0>
					<row1>	0.1033 0.9946 -0.0008 0.0000	</row1>
					<row2>	0.9929 -0.1032 -0.0588 0.0000	</row2>
					<row3>	0.9404 0.7523 -5.4743 1.0000	</row3>
				</transform>
			</node>
			<node>
				<identifier>	MP_GM536_Life_Boat_3	</identifier>
				<transform>
					<row0>	0.8534 0.5011 0.1437 0.0000	</row0>
					<row1>	-0.4948 0.8654 -0.0794 0.0000	</row1>
					<row2>	-0.1642 -0.0033 0.9864 0.0000	</row2>
					<row3>	-0.4246 0.5016 -7.9381 1.0000	</row3>
				</transform>
			</node>
			<node>
				<identifier>	MP_GM536_Life_Boat_3_INDEX_1	</identifier>
				<transform>
					<row0>	0.8501 -0.4881 -0.1977 0.0000	</row0>
					<row1>	0.4771 0.8728 -0.1033 0.0000	</row1>
					<row2>	0.2230 -0.0065 0.9748 0.0000	</row2>
					<row3>	0.4031 0.5007 -7.9466 1.0000	</row3>
				</transform>
			</node>
			<node>
				<identifier>	MP_GM602_Switch_Box_3	</identifier>
				<transform>
					<row0>	0.0000 0.0000 1.0000 0.0000	</row0>
					<row1>	0.0000 1.0000 0.0000 0.0000	</row1>
					<row2>	-1.0000 0.0000 0.0000 0.0000	</row2>
					<row3>	-0.8082 0.8157 -6.1667 1.0000	</row3>
				</transform>
			</node>
			<node>
				<identifier>	MP_GM602_Switch_Box_3_INDEX_1	</identifier>
				<transform>
					<row0>	-1.0000 0.0000 0.0000 0.0000	</row0>
					<row1>	0.0000 1.0000 0.0000 0.0000	</row1>
					<row2>	0.0000 0.0000 -1.0000 0.0000	</row2>
					<row3>	-0.0131 0.4910 -7.5723 1.0000	</row3>
				</transform>
			</node>
			<node>
				<identifier>	MP_GM602_Switch_Box_3_INDEX_2	</identifier>
				<transform>
					<row0>	0.0000 0.0000 1.0000 0.0000	</row0>
					<row1>	0.0000 1.0000 0.0000 0.0000	</row1>
					<row2>	-1.0000 0.0000 0.0000 0.0000	</row2>
					<row3>	-0.7219 0.8112 -7.0326 1.0000	</row3>
				</transform>
			</node>
			<node>
				<identifier>	MP_GM602_Switch_Box_3_INDEX_3	</identifier>
				<transform>
					<row0>	0.0000 0.0000 -1.0000 0.0000	</row0>
					<row1>	0.0000 1.0000 0.0000 0.0000	</row1>
					<row2>	1.0000 0.0000 0.0000 0.0000	</row2>
					<row3>	0.6600 0.8198 -6.9593 1.0000	</row3>
				</transform>
			</node>
			<node>
				<identifier>	MP_GM602_Switch_Box_3_INDEX_4	</identifier>
				<transform>
					<row0>	0.0000 0.0000 -1.0000 0.0000	</row0>
					<row1>	0.0000 1.0000 0.0000 0.0000	</row1>
					<row2>	1.0000 0.0000 0.0000 0.0000	</row2>
					<row3>	0.7072 0.8198 -6.0967 1.0000	</row3>
				</transform>
			</node>
			<node>
				<identifier>	MP_GM604_Switch_Box_5	</identifier>
				<transform>
					<row0>	0.0000 0.0000 -1.0000 0.0000	</row0>
					<row1>	0.0000 1.0000 0.0000 0.0000	</row1>
					<row2>	1.0000 0.0000 0.0000 0.0000	</row2>
					<row3>	0.6600 0.8163 -6.9376 1.0000	</row3>
				</transform>
			</node>
			<node>
				<identifier>	MP_GM604_Switch_Box_5_INDEX_1	</identifier>
				<transform>
					<row0>	-1.0000 0.0000 0.0000 0.0000	</row0>
					<row1>	0.0000 1.0000 0.0000 0.0000	</row1>
					<row2>	0.0000 0.0000 -1.0000 0.0000	</row2>
					<row3>	-0.0325 0.4875 -7.5721 1.0000	</row3>
				</transform>
			</node>
			<node>
				<identifier>	MP_GM604_Switch_Box_5_INDEX_2	</identifier>
				<transform>
					<row0>	0.0000 0.0000 1.0000 0.0000	</row0>
					<row1>	0.0000 1.0000 0.0000 0.0000	</row1>
					<row2>	-1.0000 0.0000 0.0000 0.0000	</row2>
					<row3>	-0.7219 0.8077 -7.0109 1.0000	</row3>
				</transform>
			</node>
			<node>
				<identifier>	MP_GM604_Switch_Box_5_INDEX_3	</identifier>
				<transform>
					<row0>	0.0000 0.0000 1.0000 0.0000	</row0>
					<row1>	0.0000 1.0000 0.0000 0.0000	</row1>
					<row2>	-1.0000 0.0000 0.0000 0.0000	</row2>
					<row3>	-0.8082 0.8122 -6.1450 1.0000	</row3>
				</transform>
			</node>
			<node>
				<identifier>	MP_GM604_Switch_Box_5_INDEX_4	</identifier>
				<transform>
					<row0>	0.0000 0.0000 -1.0000 0.0000	</row0>
					<row1>	0.0000 1.0000 0.0000 0.0000	</row1>
					<row2>	1.0000 0.0000 0.0000 0.0000	</row2>
					<row3>	0.7072 0.8163 -6.0750 1.0000	</row3>
				</transform>
			</node>
			<node>
				<identifier>	MP_GM606_MC_Box	</identifier>
				<transform>
					<row0>	-1.0000 0.0000 0.0000 0.0000	</row0>
					<row1>	0.0000 1.0000 0.0000 0.0000	</row1>
					<row2>	0.0000 0.0000 -1.0000 0.0000	</row2>
					<row3>	0.0196 0.4910 -7.5725 1.0000	</row3>
				</transform>
			</node>
			<node>
				<identifier>	MP_GM700_AmmoBox	</identifier>
				<transform>
					<row0>	0.0000 0.0000 1.0000 0.0000	</row0>
					<row1>	0.0000 1.0000 0.0000 0.0000	</row1>
					<row2>	-1.0000 0.0000 0.0000 0.0000	</row2>
					<row3>	0.0375 0.4051 -8.0892 1.0000	</row3>
				</transform>
			</node>
			<node>
				<identifier>	MP_GM702_AmmoBox	</identifier>
				<transform>
					<row0>	-0.0872 0.0000 0.9962 0.0000	</row0>
					<row1>	0.0000 1.0000 0.0000 0.0000	</row1>
					<row2>	-0.9962 0.0000 -0.0872 0.0000	</row2>
					<row3>	-0.9067 0.8080 -5.8701 1.0000	</row3>
				</transform>
			</node>
			<node>
				<identifier>	MP_GM702_AmmoBox_INDEX_1	</identifier>
				<transform>
					<row0>	-0.0872 0.0003 0.9962 0.0000	</row0>
					<row1>	0.0040 1.0000 0.0000 0.0000	</row1>
					<row2>	-0.9962 0.0040 -0.0872 0.0000	</row2>
					<row3>	-0.8452 0.8074 -6.7602 1.0000	</row3>
				</transform>
			</node>
			<node>
				<identifier>	MP_GM702_AmmoBox_INDEX_2	</identifier>
				<transform>
					<row0>	-0.0872 -0.0003 -0.9962 0.0000	</row0>
					<row1>	-0.0040 1.0000 0.0000 0.0000	</row1>
					<row2>	0.9962 0.0040 -0.0872 0.0000	</row2>
					<row3>	0.7471 0.8073 -6.7811 1.0000	</row3>
				</transform>
			</node>
			<node>
				<identifier>	MP_GM702_AmmoBox_INDEX_3	</identifier>
				<transform>
					<row0>	-0.0720 -0.0003 -0.9974 0.0000	</row0>
					<row1>	-0.0040 1.0000 0.0000 0.0000	</row1>
					<row2>	0.9974 0.0040 -0.0720 0.0000	</row2>
					<row3>	0.8204 0.8073 -5.8796 1.0000	</row3>
				</transform>
			</node>
			<node>
				<identifier>	MP_GM751_Hatch	</identifier>
				<transform>
					<row0>	2.0000 0.0000 0.0000 0.0000	</row0>
					<row1>	0.0000 2.0000 0.0000 0.0000	</row1>
					<row2>	0.0000 0.0000 2.0000 0.0000	</row2>
					<row3>	0.1058 0.4051 -8.0892 1.0000	</row3>
				</transform>
			</node>
			<node>
				<identifier>	MP_GM751_Hatch_INDEX_1	</identifier>
				<transform>
					<row0>	2.0000 0.0000 0.0000 0.0000	</row0>
					<row1>	0.0000 2.0000 0.0000 0.0000	</row1>
					<row2>	0.0000 0.0000 2.0000 0.0000	</row2>
					<row3>	-0.0327 0.4051 -8.0892 1.0000	</row3>
				</transform>
			</node>
			<node>
				<identifier>	MP_GM856_Mastheadlight	</identifier>
				<transform>
					<row0>	-1.0000 0.0000 0.0000 0.0000	</row0>
					<row1>	0.0000 1.0000 0.0000 0.0000	</row1>
					<row2>	0.0000 0.0000 -1.0000 0.0000	</row2>
					<row3>	0.0000 0.6186 -8.6692 1.0000	</row3>
				</transform>
			</node>
			<node>
				<identifier>	MP_GM969_Anchor_up	</identifier>
				<transform>
					<row0>	0.0209 0.8107 -0.4705 0.0000	</row0>
					<row1>	-0.1181 0.4691 0.8031 0.0000	</row1>
					<row2>	0.9299 0.0413 0.1126 0.0000	</row2>
					<row3>	-0.1885 0.3007 -8.4774 1.0000	</row3>
				</transform>
			</node>
			<node>
				<identifier>	MP_GM970_Anchor_bottom	</identifier>
				<transform>
					<row0>	0.0209 0.8107 -0.4705 0.0000	</row0>
					<row1>	-0.6665 0.3438 0.5627 0.0000	</row1>
					<row2>	0.6591 0.3219 0.5840 0.0000	</row2>
					<row3>	-0.1885 0.3007 -8.4774 1.0000	</row3>
				</transform>
			</node>
			<node>
				<identifier>	SP_YMS011_YHWL_M_1_INDEX_1	</identifier>
				<transform>
					<row0>	0.9418 0.2985 0.1548 0.0000	</row0>
					<row1>	-0.2967 0.9543 -0.0354 0.0000	</row1>
					<row2>	-0.1583 -0.0126 0.9873 0.0000	</row2>
					<row3>	-0.5356 0.0000 -6.8593 1.0000	</row3>
				</transform>
			</node>
			<node>
				<identifier>	SP_YMS011_YHWL_M_1_INDEX_11	</identifier>
				<transform>
					<row0>	0.9768 0.1736 0.1251 0.0000	</row0>
					<row1>	-0.1727 0.9848 -0.0182 0.0000	</row1>
					<row2>	-0.1263 -0.0038 0.9920 0.0000	</row2>
					<row3>	-0.7612 0.0000 -5.1771 1.0000	</row3>
				</transform>
			</node>
			<node>
				<identifier>	SP_YMS011_YHWL_M_1_INDEX_2	</identifier>
				<transform>
					<row0>	0.7993 0.5794 0.1595 0.0000	</row0>
					<row1>	-0.5685 0.8150 -0.1117 0.0000	</row1>
					<row2>	-0.1947 -0.0015 0.9809 0.0000	</row2>
					<row3>	-0.3809 0.0000 -7.6932 1.0000	</row3>
				</transform>
			</node>
			<node>
				<identifier>	SP_YMS011_YHWL_M_1_INDEX_6	</identifier>
				<transform>
					<row0>	0.9551 0.2619 0.1382 0.0000	</row0>
					<row1>	-0.2604 0.9651 -0.0294 0.0000	</row1>
					<row2>	-0.1411 -0.0079 0.9900 0.0000	</row2>
					<row3>	-0.6591 0.0000 -6.0198 1.0000	</row3>
				</transform>
			</node>
			<node>
				<identifier>	SP_YMS012_YHWR_M_1_INDEX_11	</identifier>
				<transform>
					<row0>	0.9551 -0.2619 -0.1382 0.0000	</row0>
					<row1>	0.2604 0.9651 -0.0294 0.0000	</row1>
					<row2>	0.1411 -0.0079 0.9900 0.0000	</row2>
					<row3>	0.6591 0.0000 -6.0198 1.0000	</row3>
				</transform>
			</node>
			<node>
				<identifier>	SP_YMS012_YHWR_M_1_INDEX_13	</identifier>
				<transform>
					<row0>	0.9768 -0.1736 -0.1251 0.0000	</row0>
					<row1>	0.1727 0.9848 -0.0182 0.0000	</row1>
					<row2>	0.1263 -0.0038 0.9920 0.0000	</row2>
					<row3>	0.7612 0.0000 -5.1771 1.0000	</row3>
				</transform>
			</node>
			<node>
				<identifier>	SP_YMS012_YHWR_M_1_INDEX_14	</identifier>
				<transform>
					<row0>	0.7993 -0.5794 -0.1595 0.0000	</row0>
					<row1>	0.5685 0.8150 -0.1117 0.0000	</row1>
					<row2>	0.1947 -0.0015 0.9809 0.0000	</row2>
					<row3>	0.3809 0.0000 -7.6932 1.0000	</row3>
				</transform>
			</node>
			<node>
				<identifier>	SP_YMS012_YHWR_M_1_INDEX_15	</identifier>
				<transform>
					<row0>	0.9418 -0.2985 -0.1548 0.0000	</row0>
					<row1>	0.2967 0.9543 -0.0354 0.0000	</row1>
					<row2>	0.1583 -0.0126 0.9873 0.0000	</row2>
					<row3>	0.5356 0.0000 -6.8593 1.0000	</row3>
				</transform>
			</node>
			<node>
				<identifier>	SP_YMS023_YHUC_L_1_INDEX_4	</identifier>
				<transform>
					<row0>	0.7000 0.0000 0.0000 0.0000	</row0>
					<row1>	0.0000 0.7000 0.0000 0.0000	</row1>
					<row2>	0.0000 0.0000 0.7000 0.0000	</row2>
					<row3>	0.0000 -0.4605 -7.1758 1.0000	</row3>
				</transform>
			</node>
			<node>
				<identifier>	SP_YMS023_YHUC_L_1_INDEX_5	</identifier>
				<transform>
					<row0>	0.6999 -0.0073 0.0057 0.0000	</row0>
					<row1>	0.0074 0.6999 -0.0070 0.0000	</row1>
					<row2>	-0.0056 0.0071 0.6999 0.0000	</row2>
					<row3>	0.3437 -0.4310 -6.4326 1.0000	</row3>
				</transform>
			</node>
			<node>
				<identifier>	SP_YMS023_YHUC_L_1_INDEX_6	</identifier>
				<transform>
					<row0>	0.6999 0.0073 -0.0057 0.0000	</row0>
					<row1>	-0.0074 0.6999 -0.0070 0.0000	</row1>
					<row2>	0.0056 0.0071 0.6999 0.0000	</row2>
					<row3>	-0.3437 -0.4310 -6.4326 1.0000	</row3>
				</transform>
			</node>
			<node>
				<identifier>	SP_YMS030_YHAM_M_1	</identifier>
				<transform>
					<row0>	0.8359 0.0000 0.0000 0.0000	</row0>
					<row1>	0.0000 0.8359 0.0000 0.0000	</row1>
					<row2>	0.0000 0.0000 0.8359 0.0000	</row2>
					<row3>	0.0000 0.2498 -8.5829 1.0000	</row3>
				</transform>
			</node>
			<node>
				<identifier>	SP_YMS031_YHAL_M_1	</identifier>
				<transform>
					<row0>	0.7897 0.1599 0.4783 0.0000	</row0>
					<row1>	-0.1609 0.9221 -0.0426 0.0000	</row1>
					<row2>	-0.4780 -0.0463 0.8046 0.0000	</row2>
					<row3>	-0.2904 0.2371 -8.3518 1.0000	</row3>
				</transform>
			</node>
			<node>
				<identifier>	SP_YMS032_YHAR_M_1	</identifier>
				<transform>
					<row0>	0.7897 -0.1599 -0.4783 0.0000	</row0>
					<row1>	0.1609 0.9221 -0.0426 0.0000	</row1>
					<row2>	0.4780 -0.0463 0.8046 0.0000	</row2>
					<row3>	0.2904 0.2371 -8.3518 1.0000	</row3>
				</transform>
			</node>
			<node>
				<identifier>	SP_YMS054_YHDA_M_1	</identifier>
				<transform>
					<row0>	0.6600 0.0000 0.0000 0.0000	</row0>
					<row1>	0.0000 1.0000 0.0000 0.0000	</row1>
					<row2>	0.0000 0.0000 0.6600 0.0000	</row2>
					<row3>	0.0153 0.9083 -6.4136 1.0000	</row3>
				</transform>
			</node>
			<node>
				<identifier>	SP_YMS057_YHDH_M_1_INDEX_2	</identifier>
				<transform>
					<row0>	0.9025 0.0000 0.0000 0.0000	</row0>
					<row1>	0.0000 0.9025 0.0000 0.0000	</row1>
					<row2>	0.0000 0.0000 0.9025 0.0000	</row2>
					<row3>	-0.0076 0.9083 -5.7685 1.0000	</row3>
				</transform>
			</node>
			<node>
				<identifier>	SP_YMS061_YHGH_S_1_INDEX_12	</identifier>
				<transform>
					<row0>	0.0000 0.0000 -1.0171 0.0000	</row0>
					<row1>	0.0000 1.0171 0.0000 0.0000	</row1>
					<row2>	1.0171 0.0000 0.0000 0.0000	</row2>
					<row3>	-0.8861 0.7907 -7.1108 1.0000	</row3>
				</transform>
			</node>
			<node>
				<identifier>	SP_YMS061_YHGH_S_1_INDEX_13	</identifier>
				<transform>
					<row0>	0.0000 0.0000 1.0171 0.0000	</row0>
					<row1>	0.0000 1.0171 0.0000 0.0000	</row1>
					<row2>	-1.0171 0.0000 0.0000 0.0000	</row2>
					<row3>	0.8085 0.7916 -7.1100 1.0000	</row3>
				</transform>
			</node>
			<node>
				<identifier>	SP_YMS061_YHGH_S_1_INDEX_14	</identifier>
				<transform>
					<row0>	0.0000 0.0000 1.0171 0.0000	</row0>
					<row1>	0.0000 1.0171 0.0000 0.0000	</row1>
					<row2>	-1.0171 0.0000 0.0000 0.0000	</row2>
					<row3>	0.8775 0.7912 -6.2436 1.0000	</row3>
				</transform>
			</node>
			<node>
				<identifier>	SP_YMS061_YHGH_S_1_INDEX_3	</identifier>
				<transform>
					<row0>	0.0000 0.0000 -1.0171 0.0000	</row0>
					<row1>	0.0000 1.0171 0.0000 0.0000	</row1>
					<row2>	1.0171 0.0000 0.0000 0.0000	</row2>
					<row3>	-0.9749 0.8104 -6.2437 1.0000	</row3>
				</transform>
			</node>
			<node>
				<identifier>	SP_YMS080_YHSL_M_1	</identifier>
				<transform>
					<row0>	0.9543 0.2730 0.1214 0.0000	</row0>
					<row1>	-0.2769 0.9608 0.0160 0.0000	</row1>
					<row2>	-0.1122 -0.0489 0.9925 0.0000	</row2>
					<row3>	-0.7023 0.3924 -6.2009 1.0000	</row3>
				</transform>
			</node>
			<node>
				<identifier>	SP_YMS081_YHSR_M_1	</identifier>
				<transform>
					<row0>	0.9543 -0.2730 -0.1214 0.0000	</row0>
					<row1>	0.2769 0.9608 0.0160 0.0000	</row1>
					<row2>	0.1122 -0.0489 0.9925 0.0000	</row2>
					<row3>	0.7023 0.3802 -6.1597 1.0000	</row3>
				</transform>
			</node>
			<node>
				<identifier>	SP_YMS082_YHSC_M_1	</identifier>
				<transform>
					<row0>	0.1430 -0.0008 -1.1411 0.0000	</row0>
					<row1>	-0.2441 1.1234 -0.0313 0.0000	</row1>
					<row2>	1.1147 0.2461 0.1395 0.0000	</row2>
					<row3>	-0.6238 0.3265 -6.9149 1.0000	</row3>
				</transform>
			</node>
			<node>
				<identifier>	SP_YMS082_YHSC_M_1_INDEX_2	</identifier>
				<transform>
					<row0>	0.1430 0.0008 1.1411 0.0000	</row0>
					<row1>	0.3018 1.1090 -0.0385 0.0000	</row1>
					<row2>	-1.1004 0.3043 0.1377 0.0000	</row2>
					<row3>	0.6306 0.3339 -6.8903 1.0000	</row3>
				</transform>
			</node>
			<node>
				<identifier>	SP_YMS084_YHSC_L_2	</identifier>
				<transform>
					<row0>	0.1258 0.0028 1.1934 0.0000	</row0>
					<row1>	0.2098 1.1813 -0.0249 0.0000	</row1>
					<row2>	-1.1748 0.2112 0.1234 0.0000	</row2>
					<row3>	0.7933 0.4551 -5.1662 1.0000	</row3>
				</transform>
			</node>
			<node>
				<identifier>	SP_YMS084_YHSC_L_2_INDEX_1	</identifier>
				<transform>
					<row0>	0.1233 0.0164 -1.1935 0.0000	</row0>
					<row1>	-0.1584 1.1895 0.0000 0.0000	</row1>
					<row2>	1.1831 0.1576 0.1244 0.0000	</row2>
					<row3>	-0.8186 0.4512 -5.1848 1.0000	</row3>
				</transform>
			</node>
			<node>
				<identifier>	SP_YMS401_YHFA_M_1	</identifier>
				<transform>
					<row0>	-0.4000 0.0000 0.0000 0.0000	</row0>
					<row1>	0.0000 0.4000 0.0000 0.0000	</row1>
					<row2>	0.0000 0.0000 -0.4000 0.0000	</row2>
					<row3>	-0.0349 0.7862 -8.5080 1.0000	</row3>
				</transform>
			</node>
		</node>
	</node>
	<boundingBox>
		<min>	-0.0667 -0.0667 -0.0667	</min>
		<max>	0.0667 0.0667 0.0667	</max>
	</boundingBox>
</GSA004_Parseval_1945_Stern_ports.visual>
