<HSC009_Johan_de_Witt_1945_MidBack_ports_dock.visual>
	<node>
		<identifier>	Scene Root	</identifier>
		<transform>
			<row0>	1.0000 0.0000 0.0000 0.0000	</row0>
			<row1>	0.0000 1.0000 0.0000 0.0000	</row1>
			<row2>	0.0000 0.0000 1.0000 0.0000	</row2>
			<row3>	0.0000 0.0000 0.0000 1.0000	</row3>
		</transform>
		<node>
			<identifier>	MidBack_ports_dock	</identifier>
			<transform>
				<row0>	1.0000 0.0000 0.0000 0.0000	</row0>
				<row1>	0.0000 1.0000 0.0000 0.0000	</row1>
				<row2>	0.0000 0.0000 1.0000 0.0000	</row2>
				<row3>	0.0000 0.0000 0.0000 1.0000	</row3>
			</transform>
			<node>
				<identifier>	MP_HM403_Bench_opened	</identifier>
				<transform>
					<row0>	0.1181 -0.0039 0.9930 0.0000	</row0>
					<row1>	0.0005 1.0000 0.0038 0.0000	</row1>
					<row2>	-0.9930 0.0000 0.1181 0.0000	</row2>
					<row3>	0.6761 0.3746 -3.7528 1.0000	</row3>
				</transform>
			</node>
			<node>
				<identifier>	MP_HM403_Bench_opened_INDEX_1	</identifier>
				<transform>
					<row0>	0.1268 0.0039 -0.9919 0.0000	</row0>
					<row1>	-0.0005 1.0000 0.0038 0.0000	</row1>
					<row2>	0.9919 0.0000 0.1268 0.0000	</row2>
					<row3>	-0.6275 0.3760 -4.1538 1.0000	</row3>
				</transform>
			</node>
			<node>
				<identifier>	MP_HM403_Bench_opened_INDEX_2	</identifier>
				<transform>
					<row0>	0.1181 -0.0039 0.9930 0.0000	</row0>
					<row1>	0.0005 1.0000 0.0038 0.0000	</row1>
					<row2>	-0.9930 0.0000 0.1181 0.0000	</row2>
					<row3>	0.6521 0.3753 -3.9532 1.0000	</row3>
				</transform>
			</node>
			<node>
				<identifier>	MP_HM403_Bench_opened_INDEX_3	</identifier>
				<transform>
					<row0>	0.1181 0.0039 -0.9930 0.0000	</row0>
					<row1>	-0.0005 1.0000 0.0038 0.0000	</row1>
					<row2>	0.9930 0.0000 0.1181 0.0000	</row2>
					<row3>	-0.6761 0.3746 -3.7528 1.0000	</row3>
				</transform>
			</node>
			<node>
				<identifier>	MP_HM403_Bench_opened_INDEX_4	</identifier>
				<transform>
					<row0>	0.1181 0.0039 -0.9930 0.0000	</row0>
					<row1>	-0.0005 1.0000 0.0038 0.0000	</row1>
					<row2>	0.9930 0.0000 0.1181 0.0000	</row2>
					<row3>	-0.6521 0.3753 -3.9532 1.0000	</row3>
				</transform>
			</node>
			<node>
				<identifier>	MP_HM403_Bench_opened_INDEX_5	</identifier>
				<transform>
					<row0>	0.1268 -0.0039 0.9919 0.0000	</row0>
					<row1>	0.0005 1.0000 0.0038 0.0000	</row1>
					<row2>	-0.9919 0.0000 0.1268 0.0000	</row2>
					<row3>	0.6275 0.3760 -4.1538 1.0000	</row3>
				</transform>
			</node>
		</node>
	</node>
	<boundingBox>
		<min>	-0.0667 -0.0667 -0.0667	</min>
		<max>	0.0667 0.0667 0.0667	</max>
	</boundingBox>
</HSC009_Johan_de_Witt_1945_MidBack_ports_dock.visual>
