<VSC008_Almirante_Cochrane_1939_MidFront_ports.visual>
	<node>
		<identifier>	Scene Root	</identifier>
		<transform>
			<row0>	1.0000 0.0000 0.0000 0.0000	</row0>
			<row1>	0.0000 1.0000 0.0000 0.0000	</row1>
			<row2>	0.0000 0.0000 1.0000 0.0000	</row2>
			<row3>	0.0000 0.0000 0.0000 1.0000	</row3>
		</transform>
		<node>
			<identifier>	MidFront_ports	</identifier>
			<transform>
				<row0>	1.0000 0.0000 0.0000 0.0000	</row0>
				<row1>	0.0000 1.0000 0.0000 0.0000	</row1>
				<row2>	0.0000 0.0000 1.0000 0.0000	</row2>
				<row3>	0.0000 0.0000 0.0000 1.0000	</row3>
			</transform>
			<node>
				<identifier>	HP_FX_Death_2	</identifier>
				<transform>
					<row0>	1.0000 0.0000 0.0000 0.0000	</row0>
					<row1>	0.0000 1.0000 0.0000 0.0000	</row1>
					<row2>	0.0000 0.0000 1.0000 0.0000	</row2>
					<row3>	0.0000 0.0000 0.2698 1.0000	</row3>
				</transform>
			</node>
			<node>
				<identifier>	HP_FX_Fire_2	</identifier>
				<transform>
					<row0>	1.0000 0.0000 0.0000 0.0000	</row0>
					<row1>	0.0000 1.0000 0.0000 0.0000	</row1>
					<row2>	0.0000 0.0000 1.0000 0.0000	</row2>
					<row3>	0.0000 0.6256 0.8997 1.0000	</row3>
				</transform>
			</node>
			<node>
				<identifier>	HP_FX_Fire_2_side_1	</identifier>
				<transform>
					<row0>	1.0000 0.0000 0.0000 0.0000	</row0>
					<row1>	0.0000 1.0000 0.0000 0.0000	</row1>
					<row2>	0.0000 0.0000 1.0000 0.0000	</row2>
					<row3>	-0.4924 0.4815 2.7061 1.0000	</row3>
				</transform>
			</node>
			<node>
				<identifier>	HP_FX_Fire_2_side_2	</identifier>
				<transform>
					<row0>	1.0000 0.0000 0.0000 0.0000	</row0>
					<row1>	0.0000 1.0000 0.0000 0.0000	</row1>
					<row2>	0.0000 0.0000 1.0000 0.0000	</row2>
					<row3>	0.3821 0.4667 1.5253 1.0000	</row3>
				</transform>
			</node>
			<node>
				<identifier>	HP_FX_FloodLight_left_1	</identifier>
				<transform>
					<row0>	-1.0000 0.0000 0.0000 0.0000	</row0>
					<row1>	0.0000 1.0000 0.0000 0.0000	</row1>
					<row2>	0.0000 0.0000 -1.0000 0.0000	</row2>
					<row3>	-0.2386 0.5969 2.0361 1.0000	</row3>
				</transform>
			</node>
			<node>
				<identifier>	HP_FX_FloodLight_right_2	</identifier>
				<transform>
					<row0>	1.0000 0.0000 0.0000 0.0000	</row0>
					<row1>	0.0000 1.0000 0.0000 0.0000	</row1>
					<row2>	0.0000 0.0000 1.0000 0.0000	</row2>
					<row3>	0.2391 0.5949 2.0244 1.0000	</row3>
				</transform>
			</node>
			<node>
				<identifier>	HP_FX_Flood_steam_1	</identifier>
				<transform>
					<row0>	0.7977 0.6031 0.0000 0.0000	</row0>
					<row1>	-0.6031 0.7977 0.0000 0.0000	</row1>
					<row2>	0.0000 0.0000 1.0000 0.0000	</row2>
					<row3>	-0.1270 1.1000 0.6160 1.0000	</row3>
				</transform>
			</node>
			<node>
				<identifier>	HP_FX_Flood_steam_2	</identifier>
				<transform>
					<row0>	0.8914 -0.4531 0.0000 0.0000	</row0>
					<row1>	0.4531 0.8914 0.0000 0.0000	</row1>
					<row2>	0.0000 0.0000 1.0000 0.0000	</row2>
					<row3>	0.1270 1.1000 0.6160 1.0000	</row3>
				</transform>
			</node>
			<node>
				<identifier>	HP_FX_Flood_steam_left	</identifier>
				<transform>
					<row0>	-1.0000 0.0000 0.0000 0.0000	</row0>
					<row1>	0.0000 1.0000 0.0000 0.0000	</row1>
					<row2>	0.0000 0.0000 -1.0000 0.0000	</row2>
					<row3>	-0.5475 0.4172 2.4725 1.0000	</row3>
				</transform>
			</node>
			<node>
				<identifier>	HP_FX_Flood_water_left_3	</identifier>
				<transform>
					<row0>	-1.0000 0.0000 0.0000 0.0000	</row0>
					<row1>	0.0000 1.0000 0.0000 0.0000	</row1>
					<row2>	0.0000 0.0000 -1.0000 0.0000	</row2>
					<row3>	-0.3946 0.0361 3.1100 1.0000	</row3>
				</transform>
			</node>
			<node>
				<identifier>	HP_FX_Flood_water_right_3	</identifier>
				<transform>
					<row0>	0.9960 0.0000 0.0897 0.0000	</row0>
					<row1>	0.0000 1.0000 0.0000 0.0000	</row1>
					<row2>	-0.0897 0.0000 0.9960 0.0000	</row2>
					<row3>	0.3945 0.0356 3.1101 1.0000	</row3>
				</transform>
			</node>
			<node>
				<identifier>	HP_FX_RepairLight_left_1	</identifier>
				<transform>
					<row0>	0.0384 0.0000 0.9993 0.0000	</row0>
					<row1>	0.0000 1.0000 0.0000 0.0000	</row1>
					<row2>	-0.9993 0.0000 0.0384 0.0000	</row2>
					<row3>	-0.5493 0.4662 2.7027 1.0000	</row3>
				</transform>
			</node>
			<node>
				<identifier>	HP_FX_RepairLight_right_1	</identifier>
				<transform>
					<row0>	0.0346 0.0000 -0.9994 0.0000	</row0>
					<row1>	0.0000 1.0000 0.0000 0.0000	</row1>
					<row2>	0.9994 0.0000 0.0346 0.0000	</row2>
					<row3>	0.5757 0.4468 1.7796 1.0000	</row3>
				</transform>
			</node>
			<node>
				<identifier>	HP_FX_Smoke_1	</identifier>
				<transform>
					<row0>	0.9989 0.0466 0.0000 0.0000	</row0>
					<row1>	-0.0466 0.9989 0.0000 0.0000	</row1>
					<row2>	0.0000 0.0000 1.0000 0.0000	</row2>
					<row3>	0.0000 1.1319 0.5823 1.0000	</row3>
				</transform>
			</node>
			<node>
				<identifier>	HP_VD_1	</identifier>
				<transform>
					<row0>	1.0000 0.0000 0.0000 0.0000	</row0>
					<row1>	0.0000 1.0000 0.0000 0.0000	</row1>
					<row2>	0.0000 0.0000 1.0000 0.0000	</row2>
					<row3>	0.0000 1.2624 1.6877 1.0000	</row3>
				</transform>
			</node>
			<node>
				<identifier>	HP_VD_2	</identifier>
				<transform>
					<row0>	0.0000 0.0000 -1.0000 0.0000	</row0>
					<row1>	0.0000 1.0000 0.0000 0.0000	</row1>
					<row2>	1.0000 0.0000 0.0000 0.0000	</row2>
					<row3>	-0.2535 0.7792 1.3859 1.0000	</row3>
				</transform>
			</node>
			<node>
				<identifier>	HP_VD_3	</identifier>
				<transform>
					<row0>	0.0000 0.0000 1.0000 0.0000	</row0>
					<row1>	0.0000 1.0000 0.0000 0.0000	</row1>
					<row2>	-1.0000 0.0000 0.0000 0.0000	</row2>
					<row3>	0.2535 0.7792 1.3859 1.0000	</row3>
				</transform>
			</node>
			<node>
				<identifier>	HP_VD_4	</identifier>
				<transform>
					<row0>	0.0000 0.0000 1.0000 0.0000	</row0>
					<row1>	0.0000 1.0000 0.0000 0.0000	</row1>
					<row2>	-1.0000 0.0000 0.0000 0.0000	</row2>
					<row3>	-0.4597 0.7348 0.7442 1.0000	</row3>
				</transform>
			</node>
			<node>
				<identifier>	HP_VD_5	</identifier>
				<transform>
					<row0>	0.0000 0.0000 -1.0000 0.0000	</row0>
					<row1>	0.0000 1.0000 0.0000 0.0000	</row1>
					<row2>	1.0000 0.0000 0.0000 0.0000	</row2>
					<row3>	0.4597 0.7348 0.7442 1.0000	</row3>
				</transform>
			</node>
			<node>
				<identifier>	HP_VGA_1	</identifier>
				<transform>
					<row0>	0.0000 0.0000 1.0000 0.0000	</row0>
					<row1>	0.0000 1.0000 0.0000 0.0000	</row1>
					<row2>	-1.0000 0.0000 0.0000 0.0000	</row2>
					<row3>	-0.2094 0.8733 1.0709 1.0000	</row3>
				</transform>
			</node>
			<node>
				<identifier>	HP_VGA_2	</identifier>
				<transform>
					<row0>	0.0000 0.0000 -1.0000 0.0000	</row0>
					<row1>	0.0000 1.0000 0.0000 0.0000	</row1>
					<row2>	1.0000 0.0000 0.0000 0.0000	</row2>
					<row3>	0.2094 0.8733 1.0709 1.0000	</row3>
				</transform>
			</node>
			<node>
				<identifier>	HP_VGA_3	</identifier>
				<transform>
					<row0>	0.0000 0.0000 1.0000 0.0000	</row0>
					<row1>	0.0000 1.0000 0.0000 0.0000	</row1>
					<row2>	-1.0000 0.0000 0.0000 0.0000	</row2>
					<row3>	-0.2340 0.8787 0.5726 1.0000	</row3>
				</transform>
			</node>
			<node>
				<identifier>	HP_VGA_4	</identifier>
				<transform>
					<row0>	0.0000 0.0000 -1.0000 0.0000	</row0>
					<row1>	0.0000 1.0000 0.0000 0.0000	</row1>
					<row2>	1.0000 0.0000 0.0000 0.0000	</row2>
					<row3>	0.2340 0.8787 0.5726 1.0000	</row3>
				</transform>
			</node>
			<node>
				<identifier>	HP_VGM_1	</identifier>
				<transform>
					<row0>	1.0000 0.0000 0.0000 0.0000	</row0>
					<row1>	0.0000 1.0000 0.0000 0.0000	</row1>
					<row2>	0.0000 0.0000 1.0000 0.0000	</row2>
					<row3>	0.0000 0.5116 2.9983 1.0000	</row3>
				</transform>
			</node>
			<node>
				<identifier>	HP_VGM_2	</identifier>
				<transform>
					<row0>	1.0000 0.0000 0.0000 0.0000	</row0>
					<row1>	0.0000 1.0000 0.0000 0.0000	</row1>
					<row2>	0.0000 0.0000 1.0000 0.0000	</row2>
					<row3>	0.0000 0.6859 2.3582 1.0000	</row3>
				</transform>
			</node>
			<node>
				<identifier>	HP_VGS_1	</identifier>
				<transform>
					<row0>	1.0000 0.0000 0.0000 0.0000	</row0>
					<row1>	0.0000 1.0000 0.0000 0.0000	</row1>
					<row2>	0.0000 0.0000 1.0000 0.0000	</row2>
					<row3>	-0.4913 0.4559 1.1856 1.0000	</row3>
				</transform>
			</node>
			<node>
				<identifier>	HP_VGS_2	</identifier>
				<transform>
					<row0>	1.0000 0.0000 0.0000 0.0000	</row0>
					<row1>	0.0000 1.0000 0.0000 0.0000	</row1>
					<row2>	0.0000 0.0000 1.0000 0.0000	</row2>
					<row3>	0.4913 0.4559 1.1856 1.0000	</row3>
				</transform>
			</node>
			<node>
				<identifier>	HP_VGT_1	</identifier>
				<transform>
					<row0>	1.0000 0.0000 0.0000 0.0000	</row0>
					<row1>	0.0000 1.0000 0.0000 0.0000	</row1>
					<row2>	0.0000 0.0000 1.0000 0.0000	</row2>
					<row3>	-0.5251 0.2947 0.2360 1.0000	</row3>
				</transform>
			</node>
			<node>
				<identifier>	HP_VGT_2	</identifier>
				<transform>
					<row0>	1.0000 0.0000 0.0000 0.0000	</row0>
					<row1>	0.0000 1.0000 0.0000 0.0000	</row1>
					<row2>	0.0000 0.0000 1.0000 0.0000	</row2>
					<row3>	0.5251 0.2947 0.2360 1.0000	</row3>
				</transform>
			</node>
			<node>
				<identifier>	HP_flag_rank	</identifier>
				<transform>
					<row0>	1.0000 0.0000 0.0000 0.0000	</row0>
					<row1>	0.0000 1.0000 0.0000 0.0000	</row1>
					<row2>	0.0000 0.0000 1.0000 0.0000	</row2>
					<row3>	0.0000 1.6692 1.4236 1.0000	</row3>
				</transform>
			</node>
			<node>
				<identifier>	MP_CM011_Fire_Fighting_Gear	</identifier>
				<transform>
					<row0>	0.0000 0.0000 -1.0000 0.0000	</row0>
					<row1>	0.0000 1.0000 0.0000 0.0000	</row1>
					<row2>	1.0000 0.0000 0.0000 0.0000	</row2>
					<row3>	-0.2450 0.4658 1.1686 1.0000	</row3>
				</transform>
			</node>
			<node>
				<identifier>	MP_CM011_Fire_Fighting_Gear_INDEX_1	</identifier>
				<transform>
					<row0>	0.0000 0.0000 1.0000 0.0000	</row0>
					<row1>	0.0000 1.0000 0.0000 0.0000	</row1>
					<row2>	-1.0000 0.0000 0.0000 0.0000	</row2>
					<row3>	0.3185 0.4623 1.0000 1.0000	</row3>
				</transform>
			</node>
			<node>
				<identifier>	MP_CM011_Fire_Fighting_Gear_INDEX_2	</identifier>
				<transform>
					<row0>	0.0000 0.0000 1.0000 0.0000	</row0>
					<row1>	0.0000 1.0000 0.0000 0.0000	</row1>
					<row2>	-1.0000 0.0000 0.0000 0.0000	</row2>
					<row3>	0.2478 0.4750 1.9790 1.0000	</row3>
				</transform>
			</node>
			<node>
				<identifier>	MP_CM011_Fire_Fighting_Gear_INDEX_3	</identifier>
				<transform>
					<row0>	0.0000 0.0000 1.0000 0.0000	</row0>
					<row1>	0.0000 1.0000 0.0000 0.0000	</row1>
					<row2>	-1.0000 0.0000 0.0000 0.0000	</row2>
					<row3>	0.1643 0.6337 1.6107 1.0000	</row3>
				</transform>
			</node>
			<node>
				<identifier>	MP_CM011_Fire_Fighting_Gear_INDEX_4	</identifier>
				<transform>
					<row0>	0.0000 0.0000 -1.0000 0.0000	</row0>
					<row1>	0.0000 1.0000 0.0000 0.0000	</row1>
					<row2>	1.0000 0.0000 0.0000 0.0000	</row2>
					<row3>	-0.1643 0.6337 1.6107 1.0000	</row3>
				</transform>
			</node>
			<node>
				<identifier>	MP_CM011_Fire_Fighting_Gear_INDEX_5	</identifier>
				<transform>
					<row0>	0.0000 0.0000 -1.0000 0.0000	</row0>
					<row1>	0.0000 1.0000 0.0000 0.0000	</row1>
					<row2>	1.0000 0.0000 0.0000 0.0000	</row2>
					<row3>	-0.3185 0.4623 0.9990 1.0000	</row3>
				</transform>
			</node>
			<node>
				<identifier>	MP_CM011_Fire_Fighting_Gear_INDEX_6	</identifier>
				<transform>
					<row0>	0.0000 0.0000 -1.0000 0.0000	</row0>
					<row1>	0.0000 1.0000 0.0000 0.0000	</row1>
					<row2>	1.0000 0.0000 0.0000 0.0000	</row2>
					<row3>	-0.2478 0.4750 1.9790 1.0000	</row3>
				</transform>
			</node>
			<node>
				<identifier>	MP_CM011_Fire_Fighting_Gear_INDEX_7	</identifier>
				<transform>
					<row0>	0.0000 0.0000 1.0000 0.0000	</row0>
					<row1>	0.0000 1.0000 0.0000 0.0000	</row1>
					<row2>	-1.0000 0.0000 0.0000 0.0000	</row2>
					<row3>	0.2466 0.4658 1.1696 1.0000	</row3>
				</transform>
			</node>
			<node>
				<identifier>	MP_CM014_Fuel_Oil_Hose	</identifier>
				<transform>
					<row0>	1.0000 0.0000 0.0000 0.0000	</row0>
					<row1>	0.0000 1.0000 0.0000 0.0000	</row1>
					<row2>	0.0000 0.0000 1.0000 0.0000	</row2>
					<row3>	-0.3121 0.5089 0.9500 1.0000	</row3>
				</transform>
			</node>
			<node>
				<identifier>	MP_CM014_Fuel_Oil_Hose_INDEX_1	</identifier>
				<transform>
					<row0>	-1.0000 0.0000 0.0000 0.0000	</row0>
					<row1>	0.0000 -1.0000 0.0000 0.0000	</row1>
					<row2>	0.0000 0.0000 1.0000 0.0000	</row2>
					<row3>	0.3121 0.5089 0.9500 1.0000	</row3>
				</transform>
			</node>
			<node>
				<identifier>	MP_CM029_Emergency_Box	</identifier>
				<transform>
					<row0>	0.9505 0.0000 0.3108 0.0000	</row0>
					<row1>	0.0000 1.0000 0.0000 0.0000	</row1>
					<row2>	-0.3108 0.0000 0.9505 0.0000	</row2>
					<row3>	0.0601 0.8515 1.5202 1.0000	</row3>
				</transform>
			</node>
			<node>
				<identifier>	MP_CM029_Emergency_Box_INDEX_1	</identifier>
				<transform>
					<row0>	0.0000 0.0000 -1.0000 0.0000	</row0>
					<row1>	0.0000 1.0000 0.0000 0.0000	</row1>
					<row2>	1.0000 0.0000 0.0000 0.0000	</row2>
					<row3>	-0.2425 0.5353 1.4307 1.0000	</row3>
				</transform>
			</node>
			<node>
				<identifier>	MP_CM029_Emergency_Box_INDEX_10	</identifier>
				<transform>
					<row0>	-0.5686 0.0000 -0.8226 0.0000	</row0>
					<row1>	0.0000 1.0000 0.0000 0.0000	</row1>
					<row2>	0.8226 0.0000 -0.5686 0.0000	</row2>
					<row3>	-0.1444 0.8515 1.7913 1.0000	</row3>
				</transform>
			</node>
			<node>
				<identifier>	MP_CM029_Emergency_Box_INDEX_11	</identifier>
				<transform>
					<row0>	-0.5686 0.0000 0.8226 0.0000	</row0>
					<row1>	0.0000 1.0000 0.0000 0.0000	</row1>
					<row2>	-0.8226 0.0000 -0.5686 0.0000	</row2>
					<row3>	0.1444 0.8515 1.7913 1.0000	</row3>
				</transform>
			</node>
			<node>
				<identifier>	MP_CM029_Emergency_Box_INDEX_12	</identifier>
				<transform>
					<row0>	0.0000 0.0000 -1.0000 0.0000	</row0>
					<row1>	0.0000 1.0000 0.0000 0.0000	</row1>
					<row2>	1.0000 0.0000 0.0000 0.0000	</row2>
					<row3>	-0.1655 0.7010 1.3328 1.0000	</row3>
				</transform>
			</node>
			<node>
				<identifier>	MP_CM029_Emergency_Box_INDEX_13	</identifier>
				<transform>
					<row0>	0.5243 -0.0349 0.8508 0.0000	</row0>
					<row1>	-0.1291 0.9844 0.1199 0.0000	</row1>
					<row2>	-0.8417 -0.1727 0.5116 0.0000	</row2>
					<row3>	0.1314 1.0662 1.6058 1.0000	</row3>
				</transform>
			</node>
			<node>
				<identifier>	MP_CM029_Emergency_Box_INDEX_14	</identifier>
				<transform>
					<row0>	0.0000 0.0000 -1.0000 0.0000	</row0>
					<row1>	0.0000 1.0000 0.0000 0.0000	</row1>
					<row2>	1.0000 0.0000 0.0000 0.0000	</row2>
					<row3>	-0.2425 0.5353 1.9090 1.0000	</row3>
				</transform>
			</node>
			<node>
				<identifier>	MP_CM029_Emergency_Box_INDEX_15	</identifier>
				<transform>
					<row0>	0.0000 0.0000 1.0000 0.0000	</row0>
					<row1>	0.0000 1.0000 0.0000 0.0000	</row1>
					<row2>	-1.0000 0.0000 0.0000 0.0000	</row2>
					<row3>	0.2425 0.5353 1.9090 1.0000	</row3>
				</transform>
			</node>
			<node>
				<identifier>	MP_CM029_Emergency_Box_INDEX_16	</identifier>
				<transform>
					<row0>	0.0000 0.0000 1.0000 0.0000	</row0>
					<row1>	0.0000 1.0000 0.0000 0.0000	</row1>
					<row2>	-1.0000 0.0000 0.0000 0.0000	</row2>
					<row3>	0.3142 0.5353 1.0051 1.0000	</row3>
				</transform>
			</node>
			<node>
				<identifier>	MP_CM029_Emergency_Box_INDEX_17	</identifier>
				<transform>
					<row0>	0.0000 0.0000 1.0000 0.0000	</row0>
					<row1>	0.0000 1.0000 0.0000 0.0000	</row1>
					<row2>	-1.0000 0.0000 0.0000 0.0000	</row2>
					<row3>	0.2425 0.5353 1.4307 1.0000	</row3>
				</transform>
			</node>
			<node>
				<identifier>	MP_CM029_Emergency_Box_INDEX_2	</identifier>
				<transform>
					<row0>	0.0000 0.0000 1.0000 0.0000	</row0>
					<row1>	0.0000 1.0000 0.0000 0.0000	</row1>
					<row2>	-1.0000 0.0000 0.0000 0.0000	</row2>
					<row3>	0.3154 0.5380 0.4984 1.0000	</row3>
				</transform>
			</node>
			<node>
				<identifier>	MP_CM029_Emergency_Box_INDEX_3	</identifier>
				<transform>
					<row0>	0.0000 0.0000 -1.0000 0.0000	</row0>
					<row1>	0.0000 1.0000 0.0000 0.0000	</row1>
					<row2>	1.0000 0.0000 0.0000 0.0000	</row2>
					<row3>	-0.3143 0.5353 1.0051 1.0000	</row3>
				</transform>
			</node>
			<node>
				<identifier>	MP_CM029_Emergency_Box_INDEX_4	</identifier>
				<transform>
					<row0>	0.9936 -0.0345 -0.1074 0.0000	</row0>
					<row1>	0.0511 0.9864 0.1564 0.0000	</row1>
					<row2>	0.1006 -0.1609 0.9818 0.0000	</row2>
					<row3>	-0.0185 1.0646 1.5324 1.0000	</row3>
				</transform>
			</node>
			<node>
				<identifier>	MP_CM029_Emergency_Box_INDEX_5	</identifier>
				<transform>
					<row0>	0.9505 0.0000 -0.3108 0.0000	</row0>
					<row1>	0.0000 1.0000 0.0000 0.0000	</row1>
					<row2>	0.3108 0.0000 0.9505 0.0000	</row2>
					<row3>	-0.0601 0.8515 1.5202 1.0000	</row3>
				</transform>
			</node>
			<node>
				<identifier>	MP_CM029_Emergency_Box_INDEX_6	</identifier>
				<transform>
					<row0>	0.0000 0.0000 -1.0000 0.0000	</row0>
					<row1>	0.0000 1.0000 0.0000 0.0000	</row1>
					<row2>	1.0000 0.0000 0.0000 0.0000	</row2>
					<row3>	-0.3154 0.5380 0.4984 1.0000	</row3>
				</transform>
			</node>
			<node>
				<identifier>	MP_CM029_Emergency_Box_INDEX_7	</identifier>
				<transform>
					<row0>	0.0000 0.0000 -1.0000 0.0000	</row0>
					<row1>	0.0000 1.0000 0.0000 0.0000	</row1>
					<row2>	1.0000 0.0000 0.0000 0.0000	</row2>
					<row3>	-0.3185 0.3638 0.7785 1.0000	</row3>
				</transform>
			</node>
			<node>
				<identifier>	MP_CM029_Emergency_Box_INDEX_8	</identifier>
				<transform>
					<row0>	0.0000 0.0000 1.0000 0.0000	</row0>
					<row1>	0.0000 1.0000 0.0000 0.0000	</row1>
					<row2>	-1.0000 0.0000 0.0000 0.0000	</row2>
					<row3>	0.1655 0.7010 1.3328 1.0000	</row3>
				</transform>
			</node>
			<node>
				<identifier>	MP_CM029_Emergency_Box_INDEX_9	</identifier>
				<transform>
					<row0>	0.0000 0.0000 1.0000 0.0000	</row0>
					<row1>	0.0000 1.0000 0.0000 0.0000	</row1>
					<row2>	-1.0000 0.0000 0.0000 0.0000	</row2>
					<row3>	0.3185 0.3638 0.7785 1.0000	</row3>
				</transform>
			</node>
			<node>
				<identifier>	MP_CM051_Fire_Fighting_Gear	</identifier>
				<transform>
					<row0>	0.7071 0.0000 -0.7071 0.0000	</row0>
					<row1>	0.0000 1.0000 0.0000 0.0000	</row1>
					<row2>	0.7071 0.0000 0.7071 0.0000	</row2>
					<row3>	0.1140 1.0520 1.5874 1.0000	</row3>
				</transform>
			</node>
			<node>
				<identifier>	MP_CM051_Fire_Fighting_Gear_INDEX_1	</identifier>
				<transform>
					<row0>	0.7071 0.0000 -0.7071 0.0000	</row0>
					<row1>	0.0000 -1.0000 0.0000 0.0000	</row1>
					<row2>	-0.7071 0.0000 -0.7071 0.0000	</row2>
					<row3>	0.1046 0.8214 1.5503 1.0000	</row3>
				</transform>
			</node>
			<node>
				<identifier>	MP_CM051_Fire_Fighting_Gear_INDEX_2	</identifier>
				<transform>
					<row0>	0.8660 0.0000 0.5000 0.0000	</row0>
					<row1>	0.0000 -1.0000 0.0000 0.0000	</row1>
					<row2>	0.5000 0.0000 -0.8660 0.0000	</row2>
					<row3>	0.1448 0.8214 1.7811 1.0000	</row3>
				</transform>
			</node>
			<node>
				<identifier>	MP_CM051_Fire_Fighting_Gear_INDEX_3	</identifier>
				<transform>
					<row0>	-0.5000 0.0000 -0.8660 0.0000	</row0>
					<row1>	0.0000 1.0000 0.0000 0.0000	</row1>
					<row2>	0.8660 0.0000 -0.5000 0.0000	</row2>
					<row3>	-0.0861 0.8214 1.5426 1.0000	</row3>
				</transform>
			</node>
			<node>
				<identifier>	MP_CM051_Fire_Fighting_Gear_INDEX_4	</identifier>
				<transform>
					<row0>	-0.8660 0.0000 0.5000 0.0000	</row0>
					<row1>	0.0000 1.0000 0.0000 0.0000	</row1>
					<row2>	-0.5000 0.0000 -0.8660 0.0000	</row2>
					<row3>	-0.1448 0.8214 1.7811 1.0000	</row3>
				</transform>
			</node>
			<node>
				<identifier>	MP_CM051_Fire_Fighting_Gear_INDEX_5	</identifier>
				<transform>
					<row0>	-0.6901 0.0000 -0.7237 0.0000	</row0>
					<row1>	0.0000 1.0000 0.0000 0.0000	</row1>
					<row2>	0.7237 0.0000 -0.6901 0.0000	</row2>
					<row3>	-0.1193 1.0520 1.5917 1.0000	</row3>
				</transform>
			</node>
			<node>
				<identifier>	MP_CM052_Fender	</identifier>
				<transform>
					<row0>	-0.5000 0.0000 0.0000 0.0000	</row0>
					<row1>	0.0000 0.5000 0.0000 0.0000	</row1>
					<row2>	0.0000 0.0000 -0.5000 0.0000	</row2>
					<row3>	0.5359 0.4492 0.6018 1.0000	</row3>
				</transform>
			</node>
			<node>
				<identifier>	MP_CM052_Fender_INDEX_1	</identifier>
				<transform>
					<row0>	-0.5000 0.0000 0.0000 0.0000	</row0>
					<row1>	0.0000 0.5000 0.0000 0.0000	</row1>
					<row2>	0.0000 0.0000 -0.5000 0.0000	</row2>
					<row3>	-0.5359 0.4492 0.6018 1.0000	</row3>
				</transform>
			</node>
			<node>
				<identifier>	MP_CM052_Fender_INDEX_2	</identifier>
				<transform>
					<row0>	0.0000 0.0000 0.5000 0.0000	</row0>
					<row1>	0.0000 0.5000 0.0000 0.0000	</row1>
					<row2>	-0.5000 0.0000 0.0000 0.0000	</row2>
					<row3>	-0.2537 0.4724 1.8148 1.0000	</row3>
				</transform>
			</node>
			<node>
				<identifier>	MP_CM052_Fender_INDEX_3	</identifier>
				<transform>
					<row0>	0.0000 0.0000 -0.5000 0.0000	</row0>
					<row1>	0.0000 0.5000 0.0000 0.0000	</row1>
					<row2>	0.5000 0.0000 0.0000 0.0000	</row2>
					<row3>	0.2537 0.4724 1.8148 1.0000	</row3>
				</transform>
			</node>
			<node>
				<identifier>	MP_CM056_Ships_bell	</identifier>
				<transform>
					<row0>	1.0000 0.0000 0.0000 0.0000	</row0>
					<row1>	0.0000 1.0000 0.0000 0.0000	</row1>
					<row2>	0.0000 0.0000 1.0000 0.0000	</row2>
					<row3>	0.0000 0.8152 0.9855 1.0000	</row3>
				</transform>
			</node>
			<node>
				<identifier>	MP_CM144_Bollard	</identifier>
				<transform>
					<row0>	0.6257 0.0376 -0.0820 0.0000	</row0>
					<row1>	-0.0393 0.6308 -0.0101 0.0000	</row1>
					<row2>	0.0813 0.0151 0.6267 0.0000	</row2>
					<row3>	-0.5496 0.4500 1.4036 1.0000	</row3>
				</transform>
			</node>
			<node>
				<identifier>	MP_CM144_Bollard_INDEX_1	</identifier>
				<transform>
					<row0>	0.6257 -0.0376 0.0820 0.0000	</row0>
					<row1>	0.0393 0.6308 -0.0101 0.0000	</row1>
					<row2>	-0.0813 0.0151 0.6267 0.0000	</row2>
					<row3>	0.5496 0.4500 1.4036 1.0000	</row3>
				</transform>
			</node>
			<node>
				<identifier>	MP_IM601_Compass	</identifier>
				<transform>
					<row0>	0.3013 0.0000 -0.9535 0.0000	</row0>
					<row1>	0.0000 1.0000 0.0000 0.0000	</row1>
					<row2>	0.9535 0.0000 0.3013 0.0000	</row2>
					<row3>	0.3205 0.8511 1.4825 1.0000	</row3>
				</transform>
			</node>
			<node>
				<identifier>	MP_IM601_Compass_INDEX_1	</identifier>
				<transform>
					<row0>	0.3013 0.0000 0.9535 0.0000	</row0>
					<row1>	0.0000 1.0000 0.0000 0.0000	</row1>
					<row2>	-0.9535 0.0000 0.3013 0.0000	</row2>
					<row3>	-0.3205 0.8511 1.4825 1.0000	</row3>
				</transform>
			</node>
			<node>
				<identifier>	MP_VM006_Life_Buoy	</identifier>
				<transform>
					<row0>	0.8080 0.0000 -0.5891 0.0000	</row0>
					<row1>	0.0000 1.0000 0.0000 0.0000	</row1>
					<row2>	0.5891 0.0000 0.8080 0.0000	</row2>
					<row3>	0.1698 1.0664 1.4956 1.0000	</row3>
				</transform>
			</node>
			<node>
				<identifier>	MP_VM006_Life_Buoy_INDEX_1	</identifier>
				<transform>
					<row0>	-0.8080 0.0000 -0.5891 0.0000	</row0>
					<row1>	0.0000 1.0000 0.0000 0.0000	</row1>
					<row2>	0.5891 0.0000 -0.8080 0.0000	</row2>
					<row3>	-0.1698 1.0664 1.4956 1.0000	</row3>
				</transform>
			</node>
			<node>
				<identifier>	MP_VM068_Paramine_Tipo_C	</identifier>
				<transform>
					<row0>	0.0000 -1.0000 0.0000 0.0000	</row0>
					<row1>	-0.9879 0.0000 -0.1551 0.0000	</row1>
					<row2>	0.1551 0.0000 -0.9879 0.0000	</row2>
					<row3>	0.2578 0.6091 2.2943 1.0000	</row3>
				</transform>
			</node>
			<node>
				<identifier>	MP_VM068_Paramine_Tipo_C_INDEX_1	</identifier>
				<transform>
					<row0>	0.0000 1.0000 0.0000 0.0000	</row0>
					<row1>	0.9879 0.0000 -0.1551 0.0000	</row1>
					<row2>	-0.1551 0.0000 -0.9879 0.0000	</row2>
					<row3>	-0.2578 0.6091 2.2943 1.0000	</row3>
				</transform>
			</node>
			<node>
				<identifier>	MP_VM068_Paramine_Tipo_C_INDEX_2	</identifier>
				<transform>
					<row0>	0.0000 -0.5824 0.8129 0.0000	</row0>
					<row1>	0.0000 0.8129 0.5824 0.0000	</row1>
					<row2>	-1.0000 0.0000 0.0000 0.0000	</row2>
					<row3>	0.0000 0.6756 0.8660 1.0000	</row3>
				</transform>
			</node>
			<node>
				<identifier>	MP_VM070_Turtle	</identifier>
				<transform>
					<row0>	-0.8660 0.0000 -0.5000 0.0000	</row0>
					<row1>	0.0000 1.0000 0.0000 0.0000	</row1>
					<row2>	0.5000 0.0000 -0.8660 0.0000	</row2>
					<row3>	0.1016 0.8596 1.5489 1.0000	</row3>
				</transform>
			</node>
			<node>
				<identifier>	MP_VM070_Turtle_INDEX_1	</identifier>
				<transform>
					<row0>	-0.8660 0.0000 -0.5000 0.0000	</row0>
					<row1>	0.0000 1.0000 0.0000 0.0000	</row1>
					<row2>	0.5000 0.0000 -0.8660 0.0000	</row2>
					<row3>	0.0864 0.8596 1.5401 1.0000	</row3>
				</transform>
			</node>
			<node>
				<identifier>	MP_VM070_Turtle_INDEX_2	</identifier>
				<transform>
					<row0>	-0.8932 0.0000 0.4496 0.0000	</row0>
					<row1>	0.0000 1.0000 0.0000 0.0000	</row1>
					<row2>	-0.4496 0.0000 -0.8932 0.0000	</row2>
					<row3>	-0.0755 0.8363 1.5327 1.0000	</row3>
				</transform>
			</node>
			<node>
				<identifier>	MP_VM070_Turtle_INDEX_3	</identifier>
				<transform>
					<row0>	-0.9484 0.0000 0.3170 0.0000	</row0>
					<row1>	0.0000 1.0000 0.0000 0.0000	</row1>
					<row2>	-0.3170 0.0000 -0.9484 0.0000	</row2>
					<row3>	-0.0599 0.8363 1.5266 1.0000	</row3>
				</transform>
			</node>
			<node>
				<identifier>	MP_VM070_Turtle_INDEX_4	</identifier>
				<transform>
					<row0>	-0.7148 0.0000 -0.6993 0.0000	</row0>
					<row1>	0.0000 1.0000 0.0000 0.0000	</row1>
					<row2>	0.6993 0.0000 -0.7148 0.0000	</row2>
					<row3>	0.1143 0.8596 1.5594 1.0000	</row3>
				</transform>
			</node>
			<node>
				<identifier>	MP_VM070_Turtle_INDEX_5	</identifier>
				<transform>
					<row0>	-0.9564 0.0000 0.2919 0.0000	</row0>
					<row1>	0.0000 1.0000 0.0000 0.0000	</row1>
					<row2>	-0.2919 0.0000 -0.9564 0.0000	</row2>
					<row3>	-0.0433 0.8363 1.5210 1.0000	</row3>
				</transform>
			</node>
			<node>
				<identifier>	MP_VM071_Reels	</identifier>
				<transform>
					<row0>	0.2610 0.0000 -0.6316 0.0000	</row0>
					<row1>	0.0000 0.6834 0.0000 0.0000	</row1>
					<row2>	0.6316 0.0000 0.2610 0.0000	</row2>
					<row3>	0.2105 0.4786 2.4343 1.0000	</row3>
				</transform>
			</node>
			<node>
				<identifier>	MP_VM071_Reels_INDEX_1	</identifier>
				<transform>
					<row0>	0.2610 0.0000 0.6316 0.0000	</row0>
					<row1>	0.0000 0.6834 0.0000 0.0000	</row1>
					<row2>	-0.6316 0.0000 0.2610 0.0000	</row2>
					<row3>	-0.2149 0.4786 2.4343 1.0000	</row3>
				</transform>
			</node>
			<node>
				<identifier>	MP_VM530_Life_Boat	</identifier>
				<transform>
					<row0>	0.8124 0.0000 0.5831 0.0000	</row0>
					<row1>	0.0000 1.0000 0.0000 0.0000	</row1>
					<row2>	-0.5831 0.0000 0.8124 0.0000	</row2>
					<row3>	0.1045 0.8701 0.9069 1.0000	</row3>
				</transform>
			</node>
			<node>
				<identifier>	MP_VM530_Life_Boat_INDEX_1	</identifier>
				<transform>
					<row0>	0.0000 -1.0000 0.0000 0.0000	</row0>
					<row1>	1.0000 0.0000 0.0000 0.0000	</row1>
					<row2>	0.0000 0.0000 1.0000 0.0000	</row2>
					<row3>	0.5889 0.5055 0.7438 1.0000	</row3>
				</transform>
			</node>
			<node>
				<identifier>	MP_VM530_Life_Boat_INDEX_2	</identifier>
				<transform>
					<row0>	0.0000 -1.0000 0.0000 0.0000	</row0>
					<row1>	1.0000 0.0000 0.0000 0.0000	</row1>
					<row2>	0.0000 0.0000 1.0000 0.0000	</row2>
					<row3>	0.2740 0.7744 1.0782 1.0000	</row3>
				</transform>
			</node>
			<node>
				<identifier>	MP_VM530_Life_Boat_INDEX_3	</identifier>
				<transform>
					<row0>	0.8124 0.0000 -0.5831 0.0000	</row0>
					<row1>	0.0000 1.0000 0.0000 0.0000	</row1>
					<row2>	0.5831 0.0000 0.8124 0.0000	</row2>
					<row3>	-0.1045 0.8701 0.9069 1.0000	</row3>
				</transform>
			</node>
			<node>
				<identifier>	MP_VM530_Life_Boat_INDEX_4	</identifier>
				<transform>
					<row0>	0.0000 1.0000 0.0000 0.0000	</row0>
					<row1>	-1.0000 0.0000 0.0000 0.0000	</row1>
					<row2>	0.0000 0.0000 1.0000 0.0000	</row2>
					<row3>	-0.2740 0.7744 1.0782 1.0000	</row3>
				</transform>
			</node>
			<node>
				<identifier>	MP_VM530_Life_Boat_INDEX_5	</identifier>
				<transform>
					<row0>	0.0000 1.0000 0.0000 0.0000	</row0>
					<row1>	-1.0000 0.0000 0.0000 0.0000	</row1>
					<row2>	0.0000 0.0000 1.0000 0.0000	</row2>
					<row3>	-0.5889 0.5055 0.7438 1.0000	</row3>
				</transform>
			</node>
			<node>
				<identifier>	MP_VM533_Baltello_M4_5	</identifier>
				<transform>
					<row0>	0.9998 0.0000 0.0221 0.0000	</row0>
					<row1>	0.0000 1.0000 0.0000 0.0000	</row1>
					<row2>	-0.0221 0.0000 0.9998 0.0000	</row2>
					<row3>	0.4941 0.4748 1.5285 1.0000	</row3>
				</transform>
			</node>
			<node>
				<identifier>	MP_VM533_Baltello_M4_5_INDEX_1	</identifier>
				<transform>
					<row0>	0.9998 0.0000 -0.0221 0.0000	</row0>
					<row1>	0.0000 1.0000 0.0000 0.0000	</row1>
					<row2>	0.0221 0.0000 0.9998 0.0000	</row2>
					<row3>	-0.4941 0.4748 1.5285 1.0000	</row3>
				</transform>
			</node>
			<node>
				<identifier>	MP_VM653_Binocular	</identifier>
				<transform>
					<row0>	0.3061 0.0000 0.9520 0.0000	</row0>
					<row1>	0.0000 1.0000 0.0000 0.0000	</row1>
					<row2>	-0.9520 0.0000 0.3061 0.0000	</row2>
					<row3>	-0.3057 0.8314 1.5383 1.0000	</row3>
				</transform>
			</node>
			<node>
				<identifier>	MP_VM653_Binocular_INDEX_1	</identifier>
				<transform>
					<row0>	0.3061 0.0000 0.9520 0.0000	</row0>
					<row1>	0.0000 1.0000 0.0000 0.0000	</row1>
					<row2>	-0.9520 0.0000 0.3061 0.0000	</row2>
					<row3>	-0.2673 0.8314 1.6598 1.0000	</row3>
				</transform>
			</node>
			<node>
				<identifier>	MP_VM653_Binocular_INDEX_2	</identifier>
				<transform>
					<row0>	0.3061 0.0000 -0.9520 0.0000	</row0>
					<row1>	0.0000 1.0000 0.0000 0.0000	</row1>
					<row2>	0.9520 0.0000 0.3061 0.0000	</row2>
					<row3>	0.2306 0.8314 1.7757 1.0000	</row3>
				</transform>
			</node>
			<node>
				<identifier>	MP_VM653_Binocular_INDEX_3	</identifier>
				<transform>
					<row0>	0.3061 0.0000 -0.9520 0.0000	</row0>
					<row1>	0.0000 1.0000 0.0000 0.0000	</row1>
					<row2>	0.9520 0.0000 0.3061 0.0000	</row2>
					<row3>	0.2495 0.8314 1.7162 1.0000	</row3>
				</transform>
			</node>
			<node>
				<identifier>	MP_VM653_Binocular_INDEX_4	</identifier>
				<transform>
					<row0>	0.3061 0.0000 0.9520 0.0000	</row0>
					<row1>	0.0000 1.0000 0.0000 0.0000	</row1>
					<row2>	-0.9520 0.0000 0.3061 0.0000	</row2>
					<row3>	-0.2306 0.8314 1.7757 1.0000	</row3>
				</transform>
			</node>
			<node>
				<identifier>	MP_VM653_Binocular_INDEX_5	</identifier>
				<transform>
					<row0>	0.3061 0.0000 -0.9520 0.0000	</row0>
					<row1>	0.0000 1.0000 0.0000 0.0000	</row1>
					<row2>	0.9520 0.0000 0.3061 0.0000	</row2>
					<row3>	0.3057 0.8314 1.5383 1.0000	</row3>
				</transform>
			</node>
			<node>
				<identifier>	MP_VM653_Binocular_INDEX_6	</identifier>
				<transform>
					<row0>	0.3061 0.0000 0.9520 0.0000	</row0>
					<row1>	0.0000 1.0000 0.0000 0.0000	</row1>
					<row2>	-0.9520 0.0000 0.3061 0.0000	</row2>
					<row3>	-0.2495 0.8314 1.7162 1.0000	</row3>
				</transform>
			</node>
			<node>
				<identifier>	MP_VM653_Binocular_INDEX_7	</identifier>
				<transform>
					<row0>	0.3061 0.0000 -0.9520 0.0000	</row0>
					<row1>	0.0000 1.0000 0.0000 0.0000	</row1>
					<row2>	0.9520 0.0000 0.3061 0.0000	</row2>
					<row3>	0.2673 0.8314 1.6598 1.0000	</row3>
				</transform>
			</node>
			<node>
				<identifier>	MP_VM654_Director	</identifier>
				<transform>
					<row0>	-1.0000 0.0000 0.0000 0.0000	</row0>
					<row1>	0.0000 1.0000 0.0000 0.0000	</row1>
					<row2>	0.0000 0.0000 -1.0000 0.0000	</row2>
					<row3>	0.0000 0.8792 0.2927 1.0000	</row3>
				</transform>
			</node>
			<node>
				<identifier>	MP_VM654_Director_INDEX_1	</identifier>
				<transform>
					<row0>	-1.0000 0.0000 0.0000 0.0000	</row0>
					<row1>	0.0000 1.0000 0.0000 0.0000	</row1>
					<row2>	0.0000 0.0000 -1.0000 0.0000	</row2>
					<row3>	-0.2313 0.7804 1.5091 1.0000	</row3>
				</transform>
			</node>
			<node>
				<identifier>	MP_VM654_Director_INDEX_2	</identifier>
				<transform>
					<row0>	1.0000 0.0000 0.0000 0.0000	</row0>
					<row1>	0.0000 1.0000 0.0000 0.0000	</row1>
					<row2>	0.0000 0.0000 1.0000 0.0000	</row2>
					<row3>	0.2313 0.7804 1.5091 1.0000	</row3>
				</transform>
			</node>
			<node>
				<identifier>	MP_VM655_Director_Torpedo	</identifier>
				<transform>
					<row0>	0.3061 0.0000 -0.9520 0.0000	</row0>
					<row1>	0.0000 1.0000 0.0000 0.0000	</row1>
					<row2>	0.9520 0.0000 0.3061 0.0000	</row2>
					<row3>	0.2621 0.7800 1.5968 1.0000	</row3>
				</transform>
			</node>
			<node>
				<identifier>	MP_VM655_Director_Torpedo_INDEX_1	</identifier>
				<transform>
					<row0>	0.3061 0.0000 0.9520 0.0000	</row0>
					<row1>	0.0000 1.0000 0.0000 0.0000	</row1>
					<row2>	-0.9520 0.0000 0.3061 0.0000	</row2>
					<row3>	-0.2621 0.7800 1.5968 1.0000	</row3>
				</transform>
			</node>
			<node>
				<identifier>	MP_VM656_Antenna	</identifier>
				<transform>
					<row0>	1.0000 0.0000 0.0000 0.0000	</row0>
					<row1>	0.0000 1.0000 0.0000 0.0000	</row1>
					<row2>	0.0000 0.0000 1.0000 0.0000	</row2>
					<row3>	0.0000 1.0266 2.0286 1.0000	</row3>
				</transform>
			</node>
			<node>
				<identifier>	MP_VM657_Anemometer	</identifier>
				<transform>
					<row0>	1.0000 0.0000 0.0000 0.0000	</row0>
					<row1>	0.0000 1.0000 0.0000 0.0000	</row1>
					<row2>	0.0000 0.0000 1.0000 0.0000	</row2>
					<row3>	0.0000 1.4298 1.4521 1.0000	</row3>
				</transform>
			</node>
			<node>
				<identifier>	MP_VM658_Compass_Binnacle	</identifier>
				<transform>
					<row0>	1.0000 0.0000 0.0000 0.0000	</row0>
					<row1>	0.0000 1.0000 0.0000 0.0000	</row1>
					<row2>	0.0000 0.0000 1.0000 0.0000	</row2>
					<row3>	0.0000 0.8737 1.0960 1.0000	</row3>
				</transform>
			</node>
			<node>
				<identifier>	MP_VM659_Compass_Binnacle	</identifier>
				<transform>
					<row0>	1.0000 0.0000 0.0000 0.0000	</row0>
					<row1>	0.0000 1.0000 0.0000 0.0000	</row1>
					<row2>	0.0000 0.0000 1.0000 0.0000	</row2>
					<row3>	0.0000 1.0283 1.9752 1.0000	</row3>
				</transform>
			</node>
			<node>
				<identifier>	MP_VM700_Ammunition_Box	</identifier>
				<transform>
					<row0>	0.5300 0.0000 0.0000 0.0000	</row0>
					<row1>	0.0000 0.5300 0.0000 0.0000	</row1>
					<row2>	0.0000 0.0000 0.5300 0.0000	</row2>
					<row3>	-0.0804 0.8737 1.1344 1.0000	</row3>
				</transform>
			</node>
			<node>
				<identifier>	MP_VM700_Ammunition_Box_INDEX_1	</identifier>
				<transform>
					<row0>	0.5300 0.0000 0.0000 0.0000	</row0>
					<row1>	0.0000 0.5300 0.0000 0.0000	</row1>
					<row2>	0.0000 0.0000 0.5300 0.0000	</row2>
					<row3>	-0.0167 0.8737 1.1344 1.0000	</row3>
				</transform>
			</node>
			<node>
				<identifier>	MP_VM700_Ammunition_Box_INDEX_10	</identifier>
				<transform>
					<row0>	0.9500 0.0000 0.0000 0.0000	</row0>
					<row1>	0.0000 0.9500 0.0000 0.0000	</row1>
					<row2>	0.0000 0.0000 0.9500 0.0000	</row2>
					<row3>	0.1534 0.8798 0.3693 1.0000	</row3>
				</transform>
			</node>
			<node>
				<identifier>	MP_VM700_Ammunition_Box_INDEX_11	</identifier>
				<transform>
					<row0>	0.9500 0.0000 0.0000 0.0000	</row0>
					<row1>	0.0000 0.9500 0.0000 0.0000	</row1>
					<row2>	0.0000 0.0000 0.9500 0.0000	</row2>
					<row3>	0.2089 0.8798 0.3693 1.0000	</row3>
				</transform>
			</node>
			<node>
				<identifier>	MP_VM700_Ammunition_Box_INDEX_12	</identifier>
				<transform>
					<row0>	0.9500 0.0000 0.0000 0.0000	</row0>
					<row1>	0.0000 0.9500 0.0000 0.0000	</row1>
					<row2>	0.0000 0.0000 0.9500 0.0000	</row2>
					<row3>	-0.2089 0.8798 0.3693 1.0000	</row3>
				</transform>
			</node>
			<node>
				<identifier>	MP_VM700_Ammunition_Box_INDEX_13	</identifier>
				<transform>
					<row0>	0.9500 0.0000 0.0000 0.0000	</row0>
					<row1>	0.0000 0.9500 0.0000 0.0000	</row1>
					<row2>	0.0000 0.0000 0.9500 0.0000	</row2>
					<row3>	-0.3189 0.8798 0.3693 1.0000	</row3>
				</transform>
			</node>
			<node>
				<identifier>	MP_VM700_Ammunition_Box_INDEX_14	</identifier>
				<transform>
					<row0>	0.9500 0.0000 0.0000 0.0000	</row0>
					<row1>	0.0000 0.9500 0.0000 0.0000	</row1>
					<row2>	0.0000 0.0000 0.9500 0.0000	</row2>
					<row3>	0.2640 0.8798 0.3693 1.0000	</row3>
				</transform>
			</node>
			<node>
				<identifier>	MP_VM700_Ammunition_Box_INDEX_15	</identifier>
				<transform>
					<row0>	0.9500 0.0000 0.0000 0.0000	</row0>
					<row1>	0.0000 0.9500 0.0000 0.0000	</row1>
					<row2>	0.0000 0.0000 0.9500 0.0000	</row2>
					<row3>	-0.2640 0.8798 0.3693 1.0000	</row3>
				</transform>
			</node>
			<node>
				<identifier>	MP_VM700_Ammunition_Box_INDEX_16	</identifier>
				<transform>
					<row0>	0.0000 0.0000 -0.6000 0.0000	</row0>
					<row1>	0.0000 0.6000 0.0000 0.0000	</row1>
					<row2>	0.6000 0.0000 0.0000 0.0000	</row2>
					<row3>	0.1478 0.6333 0.6699 1.0000	</row3>
				</transform>
			</node>
			<node>
				<identifier>	MP_VM700_Ammunition_Box_INDEX_2	</identifier>
				<transform>
					<row0>	0.5300 0.0000 0.0000 0.0000	</row0>
					<row1>	0.0000 0.5300 0.0000 0.0000	</row1>
					<row2>	0.0000 0.0000 0.5300 0.0000	</row2>
					<row3>	-0.0485 0.8737 1.1344 1.0000	</row3>
				</transform>
			</node>
			<node>
				<identifier>	MP_VM700_Ammunition_Box_INDEX_3	</identifier>
				<transform>
					<row0>	0.5300 0.0000 0.0000 0.0000	</row0>
					<row1>	0.0000 0.5300 0.0000 0.0000	</row1>
					<row2>	0.0000 0.0000 0.5300 0.0000	</row2>
					<row3>	0.0485 0.8737 1.1345 1.0000	</row3>
				</transform>
			</node>
			<node>
				<identifier>	MP_VM700_Ammunition_Box_INDEX_4	</identifier>
				<transform>
					<row0>	0.5300 0.0000 0.0000 0.0000	</row0>
					<row1>	0.0000 0.5300 0.0000 0.0000	</row1>
					<row2>	0.0000 0.0000 0.5300 0.0000	</row2>
					<row3>	0.0167 0.8737 1.1345 1.0000	</row3>
				</transform>
			</node>
			<node>
				<identifier>	MP_VM700_Ammunition_Box_INDEX_5	</identifier>
				<transform>
					<row0>	0.5300 0.0000 0.0000 0.0000	</row0>
					<row1>	0.0000 0.5300 0.0000 0.0000	</row1>
					<row2>	0.0000 0.0000 0.5300 0.0000	</row2>
					<row3>	0.0804 0.8737 1.1344 1.0000	</row3>
				</transform>
			</node>
			<node>
				<identifier>	MP_VM700_Ammunition_Box_INDEX_6	</identifier>
				<transform>
					<row0>	0.5300 0.0000 0.0000 0.0000	</row0>
					<row1>	0.0000 0.5300 0.0000 0.0000	</row1>
					<row2>	0.0000 0.0000 0.5300 0.0000	</row2>
					<row3>	-0.1128 0.8737 1.1343 1.0000	</row3>
				</transform>
			</node>
			<node>
				<identifier>	MP_VM700_Ammunition_Box_INDEX_7	</identifier>
				<transform>
					<row0>	0.5300 0.0000 0.0000 0.0000	</row0>
					<row1>	0.0000 0.5300 0.0000 0.0000	</row1>
					<row2>	0.0000 0.0000 0.5300 0.0000	</row2>
					<row3>	0.1128 0.8737 1.1344 1.0000	</row3>
				</transform>
			</node>
			<node>
				<identifier>	MP_VM700_Ammunition_Box_INDEX_8	</identifier>
				<transform>
					<row0>	0.9500 0.0000 0.0000 0.0000	</row0>
					<row1>	0.0000 0.9500 0.0000 0.0000	</row1>
					<row2>	0.0000 0.0000 0.9500 0.0000	</row2>
					<row3>	-0.1534 0.8798 0.3693 1.0000	</row3>
				</transform>
			</node>
			<node>
				<identifier>	MP_VM700_Ammunition_Box_INDEX_9	</identifier>
				<transform>
					<row0>	0.9500 0.0000 0.0000 0.0000	</row0>
					<row1>	0.0000 0.9500 0.0000 0.0000	</row1>
					<row2>	0.0000 0.0000 0.9500 0.0000	</row2>
					<row3>	0.3189 0.8798 0.3693 1.0000	</row3>
				</transform>
			</node>
			<node>
				<identifier>	MP_VM704_Ammunition_Box	</identifier>
				<transform>
					<row0>	0.5635 0.0000 -0.3144 0.0000	</row0>
					<row1>	0.0000 0.6453 0.0000 0.0000	</row1>
					<row2>	0.3144 0.0000 0.5635 0.0000	</row2>
					<row3>	0.0855 0.6334 1.8591 1.0000	</row3>
				</transform>
			</node>
			<node>
				<identifier>	MP_VM704_Ammunition_Box_INDEX_1	</identifier>
				<transform>
					<row0>	0.5635 0.0000 0.3144 0.0000	</row0>
					<row1>	0.0000 0.6453 0.0000 0.0000	</row1>
					<row2>	-0.3144 0.0000 0.5635 0.0000	</row2>
