<USC002_Hector_1945_Bow_ports.visual>
	<node>
		<identifier>	Scene Root	</identifier>
		<transform>
			<row0>	1.0000 0.0000 0.0000 0.0000	</row0>
			<row1>	0.0000 1.0000 0.0000 0.0000	</row1>
			<row2>	0.0000 0.0000 1.0000 0.0000	</row2>
			<row3>	0.0000 0.0000 0.0000 1.0000	</row3>
		</transform>
		<node>
			<identifier>	Bow_ports	</identifier>
			<transform>
				<row0>	1.0000 0.0000 0.0000 0.0000	</row0>
				<row1>	0.0000 1.0000 0.0000 0.0000	</row1>
				<row2>	0.0000 0.0000 1.0000 0.0000	</row2>
				<row3>	0.0000 0.0000 0.0000 1.0000	</row3>
			</transform>
			<node>
				<identifier>	HP_BGM_1	</identifier>
				<transform>
					<row0>	1.0000 0.0000 0.0000 0.0000	</row0>
					<row1>	0.0000 1.0000 0.0000 0.0000	</row1>
					<row2>	0.0000 0.0000 1.0000 0.0000	</row2>
					<row3>	0.0000 0.5065 4.3390 1.0000	</row3>
				</transform>
			</node>
			<node>
				<identifier>	HP_FX_Fire_1	</identifier>
				<transform>
					<row0>	1.0000 0.0000 0.0000 0.0000	</row0>
					<row1>	0.0000 1.0000 0.0000 0.0000	</row1>
					<row2>	0.0000 0.0000 1.0000 0.0000	</row2>
					<row3>	0.0000 0.5211 4.9595 1.0000	</row3>
				</transform>
			</node>
			<node>
				<identifier>	HP_FX_Flood_water_left_3	</identifier>
				<transform>
					<row0>	-1.0000 0.0000 0.0000 0.0000	</row0>
					<row1>	0.0000 1.0000 0.0000 0.0000	</row1>
					<row2>	0.0000 0.0000 -1.0000 0.0000	</row2>
					<row3>	-0.3148 0.1109 4.5517 1.0000	</row3>
				</transform>
			</node>
			<node>
				<identifier>	HP_FX_Flood_water_right_3	</identifier>
				<transform>
					<row0>	1.0000 0.0000 0.0000 0.0000	</row0>
					<row1>	0.0000 1.0000 0.0000 0.0000	</row1>
					<row2>	0.0000 0.0000 1.0000 0.0000	</row2>
					<row3>	0.3150 0.1129 4.5523 1.0000	</row3>
				</transform>
			</node>
			<node>
				<identifier>	HP_FX_RepairLight_left_1	</identifier>
				<transform>
					<row0>	0.1527 0.0000 0.9883 0.0000	</row0>
					<row1>	0.0000 1.0000 0.0000 0.0000	</row1>
					<row2>	-0.9883 0.0000 0.1527 0.0000	</row2>
					<row3>	-0.4979 0.4862 4.4447 1.0000	</row3>
				</transform>
			</node>
			<node>
				<identifier>	HP_FX_RepairLight_right_1	</identifier>
				<transform>
					<row0>	0.2533 0.0000 -0.9674 0.0000	</row0>
					<row1>	0.0000 1.0000 0.0000 0.0000	</row1>
					<row2>	0.9674 0.0000 0.2533 0.0000	</row2>
					<row3>	0.3141 0.5343 5.4705 1.0000	</row3>
				</transform>
			</node>
			<node>
				<identifier>	HP_FX_WakeTrace	</identifier>
				<transform>
					<row0>	1.0000 0.0000 0.0000 0.0000	</row0>
					<row1>	0.0000 1.0000 0.0000 0.0000	</row1>
					<row2>	0.0000 0.0000 1.0000 0.0000	</row2>
					<row3>	0.0000 0.0000 6.1785 1.0000	</row3>
				</transform>
			</node>
			<node>
				<identifier>	HP_Ship_death_1	</identifier>
				<transform>
					<row0>	1.0000 0.0000 0.0000 0.0000	</row0>
					<row1>	0.0000 1.0000 0.0000 0.0000	</row1>
					<row2>	0.0000 0.0000 1.0000 0.0000	</row2>
					<row3>	0.0000 0.0000 4.1100 1.0000	</row3>
				</transform>
			</node>
			<node>
				<identifier>	MP_BM019_Reels_1	</identifier>
				<transform>
					<row0>	0.7350 -0.0190 -0.6778 0.0000	</row0>
					<row1>	-0.0031 0.9995 -0.0313 0.0000	</row1>
					<row2>	0.6781 0.0251 0.7346 0.0000	</row2>
					<row3>	0.2909 0.4825 4.6000 1.0000	</row3>
				</transform>
			</node>
			<node>
				<identifier>	MP_BM019_Reels_1_INDEX_1	</identifier>
				<transform>
					<row0>	0.7350 0.0190 0.6778 0.0000	</row0>
					<row1>	0.0031 0.9995 -0.0313 0.0000	</row1>
					<row2>	-0.6781 0.0251 0.7346 0.0000	</row2>
					<row3>	-0.2909 0.4825 4.6000 1.0000	</row3>
				</transform>
			</node>
			<node>
				<identifier>	MP_BM019_Reels_1_INDEX_2	</identifier>
				<transform>
					<row0>	0.7350 -0.0190 -0.6778 0.0000	</row0>
					<row1>	-0.0031 0.9995 -0.0313 0.0000	</row1>
					<row2>	0.6781 0.0251 0.7346 0.0000	</row2>
					<row3>	0.2284 0.4892 4.7751 1.0000	</row3>
				</transform>
			</node>
			<node>
				<identifier>	MP_BM019_Reels_1_INDEX_3	</identifier>
				<transform>
					<row0>	0.7350 0.0190 0.6778 0.0000	</row0>
					<row1>	0.0031 0.9995 -0.0313 0.0000	</row1>
					<row2>	-0.6781 0.0251 0.7346 0.0000	</row2>
					<row3>	-0.2284 0.4892 4.7751 1.0000	</row3>
				</transform>
			</node>
			<node>
				<identifier>	MP_BM021_Crown	</identifier>
				<transform>
					<row0>	1.0000 0.0000 0.0000 0.0000	</row0>
					<row1>	0.0000 1.0000 0.0000 0.0000	</row1>
					<row2>	0.0000 0.0000 1.0000 0.0000	</row2>
					<row3>	0.0186 1.0226 6.2679 1.0000	</row3>
				</transform>
			</node>
			<node>
				<identifier>	MP_BM751_Deck_Hatch	</identifier>
				<transform>
					<row0>	0.0000 0.0000 -1.0000 0.0000	</row0>
					<row1>	0.0000 1.0000 0.0000 0.0000	</row1>
					<row2>	1.0000 0.0000 0.0000 0.0000	</row2>
					<row3>	0.3042 0.4714 4.2379 1.0000	</row3>
				</transform>
			</node>
			<node>
				<identifier>	MP_BM751_Deck_Hatch_INDEX_1	</identifier>
				<transform>
					<row0>	0.0000 0.0000 1.0000 0.0000	</row0>
					<row1>	0.0000 1.0000 0.0000 0.0000	</row1>
					<row2>	-1.0000 0.0000 0.0000 0.0000	</row2>
					<row3>	-0.3041 0.4714 4.2379 1.0000	</row3>
				</transform>
			</node>
			<node>
				<identifier>	MP_BM767_Deck_Hatch	</identifier>
				<transform>
					<row0>	1.0000 0.0000 0.0000 0.0000	</row0>
					<row1>	0.0000 0.9988 -0.0487 0.0000	</row1>
					<row2>	0.0000 0.0487 0.9988 0.0000	</row2>
					<row3>	0.2666 0.5060 5.1102 1.0000	</row3>
				</transform>
			</node>
			<node>
				<identifier>	MP_BM767_Deck_Hatch_INDEX_1	</identifier>
				<transform>
					<row0>	1.0000 0.0000 0.0000 0.0000	</row0>
					<row1>	0.0000 0.9988 -0.0487 0.0000	</row1>
					<row2>	0.0000 0.0487 0.9988 0.0000	</row2>
					<row3>	-0.2666 0.5060 5.1102 1.0000	</row3>
				</transform>
			</node>
			<node>
				<identifier>	MP_BM767_Deck_Hatch_INDEX_2	</identifier>
				<transform>
					<row0>	0.0000 0.0354 0.9994 0.0000	</row0>
					<row1>	0.0000 0.9994 -0.0354 0.0000	</row1>
					<row2>	-1.0000 0.0000 0.0000 0.0000	</row2>
					<row3>	0.0974 0.4844 4.6118 1.0000	</row3>
				</transform>
			</node>
			<node>
				<identifier>	MP_BM767_Deck_Hatch_INDEX_3	</identifier>
				<transform>
					<row0>	0.0000 -0.0354 -0.9994 0.0000	</row0>
					<row1>	0.0000 0.9994 -0.0354 0.0000	</row1>
					<row2>	1.0000 0.0000 0.0000 0.0000	</row2>
					<row3>	-0.0974 0.4844 4.6118 1.0000	</row3>
				</transform>
			</node>
			<node>
				<identifier>	MP_BM800_Ventilators_mushroom	</identifier>
				<transform>
					<row0>	-1.0000 0.0000 0.0000 0.0000	</row0>
					<row1>	0.0000 1.0000 0.0000 0.0000	</row1>
					<row2>	0.0000 0.0000 -1.0000 0.0000	</row2>
					<row3>	0.3391 0.5110 5.2047 1.0000	</row3>
				</transform>
			</node>
			<node>
				<identifier>	MP_BM800_Ventilators_mushroom_INDEX_1	</identifier>
				<transform>
					<row0>	-1.0000 0.0000 0.0000 0.0000	</row0>
					<row1>	0.0000 1.0000 0.0000 0.0000	</row1>
					<row2>	0.0000 0.0000 -1.0000 0.0000	</row2>
					<row3>	0.2693 0.5290 5.5198 1.0000	</row3>
				</transform>
			</node>
			<node>
				<identifier>	MP_BM800_Ventilators_mushroom_INDEX_2	</identifier>
				<transform>
					<row0>	-1.0000 0.0000 0.0000 0.0000	</row0>
					<row1>	0.0000 1.0000 0.0000 0.0000	</row1>
					<row2>	0.0000 0.0000 -1.0000 0.0000	</row2>
					<row3>	-0.2294 0.4842 4.6209 1.0000	</row3>
				</transform>
			</node>
			<node>
				<identifier>	MP_BM800_Ventilators_mushroom_INDEX_3	</identifier>
				<transform>
					<row0>	-1.0000 0.0000 0.0000 0.0000	</row0>
					<row1>	0.0000 1.0000 0.0000 0.0000	</row1>
					<row2>	0.0000 0.0000 -1.0000 0.0000	</row2>
					<row3>	0.4175 0.4938 4.8410 1.0000	</row3>
				</transform>
			</node>
			<node>
				<identifier>	MP_BM800_Ventilators_mushroom_INDEX_4	</identifier>
				<transform>
					<row0>	-1.0000 0.0000 0.0000 0.0000	</row0>
					<row1>	0.0000 1.0000 0.0000 0.0000	</row1>
					<row2>	0.0000 0.0000 -1.0000 0.0000	</row2>
					<row3>	-0.4173 0.4938 4.8407 1.0000	</row3>
				</transform>
			</node>
			<node>
				<identifier>	MP_BM800_Ventilators_mushroom_INDEX_5	</identifier>
				<transform>
					<row0>	-1.0000 0.0000 0.0000 0.0000	</row0>
					<row1>	0.0000 1.0000 0.0000 0.0000	</row1>
					<row2>	0.0000 0.0000 -1.0000 0.0000	</row2>
					<row3>	-0.2684 0.5275 5.5189 1.0000	</row3>
				</transform>
			</node>
			<node>
				<identifier>	MP_BM800_Ventilators_mushroom_INDEX_6	</identifier>
				<transform>
					<row0>	-1.0000 0.0000 0.0000 0.0000	</row0>
					<row1>	0.0000 1.0000 0.0000 0.0000	</row1>
					<row2>	0.0000 0.0000 -1.0000 0.0000	</row2>
					<row3>	0.2294 0.4842 4.6209 1.0000	</row3>
				</transform>
			</node>
			<node>
				<identifier>	MP_BM800_Ventilators_mushroom_INDEX_7	</identifier>
				<transform>
					<row0>	-1.0000 0.0000 0.0000 0.0000	</row0>
					<row1>	0.0000 1.0000 0.0000 0.0000	</row1>
					<row2>	0.0000 0.0000 -1.0000 0.0000	</row2>
					<row3>	0.1879 0.5003 4.9756 1.0000	</row3>
				</transform>
			</node>
			<node>
				<identifier>	MP_BM800_Ventilators_mushroom_INDEX_8	</identifier>
				<transform>
					<row0>	-1.0000 0.0000 0.0000 0.0000	</row0>
					<row1>	0.0000 1.0000 0.0000 0.0000	</row1>
					<row2>	0.0000 0.0000 -1.0000 0.0000	</row2>
					<row3>	-0.1875 0.5003 4.9762 1.0000	</row3>
				</transform>
			</node>
			<node>
				<identifier>	MP_BM800_Ventilators_mushroom_INDEX_9	</identifier>
				<transform>
					<row0>	-1.0000 0.0000 0.0000 0.0000	</row0>
					<row1>	0.0000 1.0000 0.0000 0.0000	</row1>
					<row2>	0.0000 0.0000 -1.0000 0.0000	</row2>
					<row3>	-0.3388 0.5110 5.2055 1.0000	</row3>
				</transform>
			</node>
			<node>
				<identifier>	MP_BM803_Ventilation_box	</identifier>
				<transform>
					<row0>	0.0000 0.0000 -1.0000 0.0000	</row0>
					<row1>	0.0000 1.0000 0.0000 0.0000	</row1>
					<row2>	1.0000 0.0000 0.0000 0.0000	</row2>
					<row3>	0.1186 0.4874 4.7342 1.0000	</row3>
				</transform>
			</node>
			<node>
				<identifier>	MP_BM803_Ventilation_box_INDEX_1	</identifier>
				<transform>
					<row0>	0.0000 0.0000 1.0000 0.0000	</row0>
					<row1>	0.0000 1.0000 0.0000 0.0000	</row1>
					<row2>	-1.0000 0.0000 0.0000 0.0000	</row2>
					<row3>	-0.1186 0.4874 4.7342 1.0000	</row3>
				</transform>
			</node>
			<node>
				<identifier>	MP_BM803_Ventilation_box_INDEX_2	</identifier>
				<transform>
					<row0>	0.0000 0.0000 -1.0000 0.0000	</row0>
					<row1>	0.0000 1.0000 0.0000 0.0000	</row1>
					<row2>	1.0000 0.0000 0.0000 0.0000	</row2>
					<row3>	0.1723 0.4670 4.1166 1.0000	</row3>
				</transform>
			</node>
			<node>
				<identifier>	MP_BM871_Running_Lights_F	</identifier>
				<transform>
					<row0>	-1.0000 0.0000 0.0000 0.0000	</row0>
					<row1>	0.0000 1.0000 0.0000 0.0000	</row1>
					<row2>	0.0000 0.0000 -1.0000 0.0000	</row2>
					<row3>	0.0000 0.8491 6.2569 1.0000	</row3>
				</transform>
			</node>
			<node>
				<identifier>	MP_BM952_Bollard	</identifier>
				<transform>
					<row0>	1.0000 0.0000 0.0000 0.0000	</row0>
					<row1>	0.0000 0.9990 -0.0440 0.0000	</row1>
					<row2>	0.0000 0.0440 0.9990 0.0000	</row2>
					<row3>	-0.0002 0.5051 4.9589 1.0000	</row3>
				</transform>
			</node>
			<node>
				<identifier>	MP_BM959_Anchor_WW2_top	</identifier>
				<transform>
					<row0>	0.9872 -0.1576 0.0240 0.0000	</row0>
					<row1>	0.1084 0.5533 -0.8259 0.0000	</row1>
					<row2>	0.1169 0.8179 0.5633 0.0000	</row2>
					<row3>	-0.1376 0.4333 6.0462 1.0000	</row3>
				</transform>
			</node>
			<node>
				<identifier>	MP_BM959_Anchor_WW2_top_INDEX_1	</identifier>
				<transform>
					<row0>	0.9872 0.1576 -0.0240 0.0000	</row0>
					<row1>	-0.1084 0.5533 -0.8259 0.0000	</row1>
					<row2>	-0.1169 0.8179 0.5633 0.0000	</row2>
					<row3>	0.1375 0.4332 6.0461 1.0000	</row3>
				</transform>
			</node>
			<node>
				<identifier>	MP_BM960_Anchor_WW2_down	</identifier>
				<transform>
					<row0>	0.9792 0.0002 0.2030 0.0000	</row0>
					<row1>	0.1664 0.5725 -0.8028 0.0000	</row1>
					<row2>	-0.1164 0.8199 0.5606 0.0000	</row2>
					<row3>	0.1367 0.4328 6.0462 1.0000	</row3>
				</transform>
			</node>
			<node>
				<identifier>	MP_BM960_Anchor_WW2_down_INDEX_1	</identifier>
				<transform>
					<row0>	0.9792 -0.0002 -0.2030 0.0000	</row0>
					<row1>	-0.1664 0.5725 -0.8028 0.0000	</row1>
					<row2>	0.1164 0.8199 0.5606 0.0000	</row2>
					<row3>	-0.1368 0.4328 6.0463 1.0000	</row3>
				</transform>
			</node>
			<node>
				<identifier>	MP_BM962_Chain_Fairlead	</identifier>
				<transform>
					<row0>	1.0000 0.0000 0.0000 0.0000	</row0>
					<row1>	0.0000 1.0000 0.0000 0.0000	</row1>
					<row2>	0.0000 0.0000 1.0000 0.0000	</row2>
					<row3>	0.0765 0.5234 5.3939 1.0000	</row3>
				</transform>
			</node>
			<node>
				<identifier>	MP_BM962_Chain_Fairlead_INDEX_1	</identifier>
				<transform>
					<row0>	1.0000 0.0000 0.0000 0.0000	</row0>
					<row1>	0.0000 1.0000 0.0000 0.0000	</row1>
					<row2>	0.0000 0.0000 1.0000 0.0000	</row2>
					<row3>	-0.0765 0.5234 5.3939 1.0000	</row3>
				</transform>
			</node>
			<node>
				<identifier>	MP_BM967_Bollard	</identifier>
				<transform>
					<row0>	0.9843 -0.0003 0.1763 0.0000	</row0>
					<row1>	0.0078 0.9991 -0.0416 0.0000	</row1>
					<row2>	-0.1761 0.0423 0.9835 0.0000	</row2>
					<row3>	0.3565 0.4989 4.9542 1.0000	</row3>
				</transform>
			</node>
			<node>
				<identifier>	MP_BM967_Bollard_INDEX_1	</identifier>
				<transform>
					<row0>	0.9843 0.0003 -0.1763 0.0000	</row0>
					<row1>	-0.0078 0.9991 -0.0416 0.0000	</row1>
					<row2>	0.1761 0.0423 0.9835 0.0000	</row2>
					<row3>	-0.3565 0.4989 4.9542 1.0000	</row3>
				</transform>
			</node>
			<node>
				<identifier>	MP_CM011_Fire_Fighting_Gear	</identifier>
				<transform>
					<row0>	1.0000 0.0000 0.0000 0.0000	</row0>
					<row1>	0.0000 1.0000 0.0000 0.0000	</row1>
					<row2>	0.0000 0.0000 1.0000 0.0000	</row2>
					<row3>	-0.2156 0.4898 4.6924 1.0000	</row3>
				</transform>
			</node>
			<node>
				<identifier>	MP_CM011_Fire_Fighting_Gear_INDEX_1	</identifier>
				<transform>
					<row0>	1.0000 0.0000 0.0000 0.0000	</row0>
					<row1>	0.0000 1.0000 0.0000 0.0000	</row1>
					<row2>	0.0000 0.0000 1.0000 0.0000	</row2>
					<row3>	0.2156 0.4898 4.6924 1.0000	</row3>
				</transform>
			</node>
			<node>
				<identifier>	MP_CM013_Fire_Hose_Rack_2	</identifier>
				<transform>
					<row0>	-0.1314 0.0000 0.9913 0.0000	</row0>
					<row1>	0.0000 1.0000 0.0000 0.0000	</row1>
					<row2>	-0.9913 0.0000 -0.1314 0.0000	</row2>
					<row3>	0.0208 0.4889 4.1838 1.0000	</row3>
				</transform>
			</node>
			<node>
				<identifier>	MP_CM013_Fire_Hose_Rack_2_INDEX_1	</identifier>
				<transform>
					<row0>	-0.6392 -0.3370 0.6913 0.0000	</row0>
					<row1>	-0.2401 0.9414 0.2369 0.0000	</row1>
					<row2>	-0.7306 -0.0146 -0.6827 0.0000	</row2>
					<row3>	-0.1977 0.5128 4.7468 1.0000	</row3>
				</transform>
			</node>
			<node>
				<identifier>	MP_CM013_Fire_Hose_Rack_2_INDEX_2	</identifier>
				<transform>
					<row0>	0.1307 0.0000 0.9914 0.0000	</row0>
					<row1>	0.0000 1.0000 0.0000 0.0000	</row1>
					<row2>	-0.9914 0.0000 0.1307 0.0000	</row2>
					<row3>	-0.0208 0.4889 4.1839 1.0000	</row3>
				</transform>
			</node>
			<node>
				<identifier>	MP_CM013_Fire_Hose_Rack_2_INDEX_3	</identifier>
				<transform>
					<row0>	0.6352 -0.3369 0.6950 0.0000	</row0>
					<row1>	0.2401 0.9414 0.2369 0.0000	</row1>
					<row2>	-0.7340 0.0164 0.6789 0.0000	</row2>
					<row3>	0.1977 0.5128 4.7468 1.0000	</row3>
				</transform>
			</node>
			<node>
				<identifier>	SP_YMS001_YHBM_M_1	</identifier>
				<transform>
					<row0>	1.0000 0.0000 0.0000 0.0000	</row0>
					<row1>	0.0000 1.0000 0.0000 0.0000	</row1>
					<row2>	0.0000 0.0000 1.0000 0.0000	</row2>
					<row3>	0.0000 0.5865 6.3199 1.0000	</row3>
				</transform>
			</node>
			<node>
				<identifier>	SP_YMS002_YHBL_M_1	</identifier>
				<transform>
					<row0>	0.9862 -0.0125 -0.1649 0.0000	</row0>
					<row1>	0.0007 0.9975 -0.0713 0.0000	</row1>
					<row2>	0.1653 0.0702 0.9837 0.0000	</row2>
					<row3>	0.0314 0.5997 6.3202 1.0000	</row3>
				</transform>
			</node>
			<node>
				<identifier>	SP_YMS003_YHBR_M_1	</identifier>
				<transform>
					<row0>	0.9862 0.0125 0.1649 0.0000	</row0>
					<row1>	-0.0007 0.9975 -0.0713 0.0000	</row1>
					<row2>	-0.1653 0.0702 0.9837 0.0000	</row2>
					<row3>	-0.0314 0.5997 6.3202 1.0000	</row3>
				</transform>
			</node>
			<node>
				<identifier>	SP_YMS003_YHBR_M_1_INDEX_1	</identifier>
				<transform>
					<row0>	0.9862 0.0125 0.1649 0.0000	</row0>
					<row1>	-0.0007 0.9975 -0.0713 0.0000	</row1>
					<row2>	-0.1653 0.0702 0.9837 0.0000	</row2>
					<row3>	-0.0314 0.5997 6.3202 1.0000	</row3>
				</transform>
			</node>
			<node>
				<identifier>	SP_YMS010_YHWM_L_1	</identifier>
				<transform>
					<row0>	0.7088 0.0000 0.0000 0.0000	</row0>
					<row1>	0.0000 0.7088 0.0000 0.0000	</row1>
					<row2>	0.0000 0.0000 0.7088 0.0000	</row2>
					<row3>	0.0000 0.0000 6.1514 1.0000	</row3>
				</transform>
			</node>
			<node>
				<identifier>	SP_YMS011_YHWL_M_1_INDEX_4	</identifier>
				<transform>
					<row0>	0.9541 0.2618 -0.1453 0.0000	</row0>
					<row1>	-0.2585 0.9651 0.0418 0.0000	</row1>
					<row2>	0.1512 -0.0023 0.9885 0.0000	</row2>
					<row3>	-0.2539 -0.0031 4.8314 1.0000	</row3>
				</transform>
			</node>
			<node>
				<identifier>	SP_YMS012_YHWR_M_1	</identifier>
				<transform>
					<row0>	0.9541 -0.2618 0.1453 0.0000	</row0>
					<row1>	0.2585 0.9651 0.0418 0.0000	</row1>
					<row2>	-0.1512 -0.0023 0.9885 0.0000	</row2>
					<row3>	0.2539 -0.0031 4.8314 1.0000	</row3>
				</transform>
			</node>
			<node>
				<identifier>	SP_YMS020_YHBU_M_1	</identifier>
				<transform>
					<row0>	0.7460 0.0000 0.0000 0.0000	</row0>
					<row1>	0.0000 0.7460 0.0000 0.0000	</row1>
					<row2>	0.0000 0.0000 0.7460 0.0000	</row2>
					<row3>	0.0000 -0.1317 6.0868 1.0000	</row3>
				</transform>
			</node>
			<node>
				<identifier>	SP_YMS022_YHUS_L_1	</identifier>
				<transform>
					<row0>	-0.1180 0.0118 -1.1290 0.0000	</row0>
					<row1>	-0.5576 0.9865 0.0685 0.0000	</row1>
					<row2>	0.9818 0.5617 -0.0967 0.0000	</row2>
					<row3>	-0.0801 -0.3591 4.4324 1.0000	</row3>
				</transform>
			</node>
			<node>
				<identifier>	SP_YMS022_YHUS_L_1_INDEX_6	</identifier>
				<transform>
					<row0>	-0.1180 -0.0118 1.1290 0.0000	</row0>
					<row1>	0.5576 0.9865 0.0685 0.0000	</row1>
					<row2>	-0.9818 0.5617 -0.0967 0.0000	</row2>
					<row3>	0.0801 -0.3591 4.4324 1.0000	</row3>
				</transform>
			</node>
			<node>
				<identifier>	SP_YMS051_YHDL_L_1	</identifier>
				<transform>
					<row0>	0.9924 0.0000 -0.1233 0.0000	</row0>
					<row1>	-0.0039 0.9995 -0.0317 0.0000	</row1>
					<row2>	0.1233 0.0320 0.9919 0.0000	</row2>
					<row3>	-0.4983 0.4666 4.4136 1.0000	</row3>
				</transform>
			</node>
			<node>
				<identifier>	SP_YMS052_YHDR_L_1	</identifier>
				<transform>
					<row0>	0.9924 0.0000 0.1233 0.0000	</row0>
					<row1>	0.0039 0.9995 -0.0317 0.0000	</row1>
					<row2>	-0.1233 0.0320 0.9919 0.0000	</row2>
					<row3>	0.4983 0.4666 4.4136 1.0000	</row3>
				</transform>
			</node>
			<node>
				<identifier>	SP_YMS053_YHDC_S_1	</identifier>
				<transform>
					<row0>	1.0000 0.0000 0.0000 0.0000	</row0>
					<row1>	0.0000 0.9991 -0.0424 0.0000	</row1>
					<row2>	0.0000 0.0424 0.9991 0.0000	</row2>
					<row3>	0.3371 0.4882 4.4075 1.0000	</row3>
				</transform>
			</node>
			<node>
				<identifier>	SP_YMS053_YHDC_S_1_INDEX_4	</identifier>
				<transform>
					<row0>	1.0000 0.0000 0.0000 0.0000	</row0>
					<row1>	0.0000 0.9991 -0.0424 0.0000	</row1>
					<row2>	0.0000 0.0424 0.9991 0.0000	</row2>
					<row3>	-0.3371 0.4882 4.4075 1.0000	</row3>
				</transform>
			</node>
			<node>
				<identifier>	SP_YMS080_YHSL_M_1	</identifier>
				<transform>
					<row0>	0.8112 0.5735 -0.1143 0.0000	</row0>
					<row1>	-0.5688 0.8192 0.0735 0.0000	</row1>
					<row2>	0.1358 0.0054 0.9907 0.0000	</row2>
					<row3>	-0.2996 0.2408 4.8657 1.0000	</row3>
				</transform>
			</node>
			<node>
				<identifier>	SP_YMS081_YHSR_M_1_INDEX_1	</identifier>
				<transform>
					<row0>	0.8112 -0.5735 0.1143 0.0000	</row0>
					<row1>	0.5688 0.8192 0.0735 0.0000	</row1>
					<row2>	-0.1358 0.0054 0.9907 0.0000	</row2>
					<row3>	0.2996 0.2408 4.8657 1.0000	</row3>
				</transform>
			</node>
		</node>
	</node>
	<boundingBox>
		<min>	-0.0667 -0.0667 -0.0667	</min>
		<max>	0.0667 0.0667 0.0667	</max>
	</boundingBox>
</USC002_Hector_1945_Bow_ports.visual>
