<ASB074_Delaware_1949_Bow_ports.visual>
	<node>
		<identifier>	Scene Root	</identifier>
		<transform>
			<row0>	1.0000 0.0000 0.0000 0.0000	</row0>
			<row1>	0.0000 1.0000 0.0000 0.0000	</row1>
			<row2>	0.0000 0.0000 1.0000 0.0000	</row2>
			<row3>	0.0000 0.0000 0.0000 1.0000	</row3>
		</transform>
		<node>
			<identifier>	Bow_ports	</identifier>
			<transform>
				<row0>	1.0000 0.0000 0.0000 0.0000	</row0>
				<row1>	0.0000 1.0000 0.0000 0.0000	</row1>
				<row2>	0.0000 0.0000 1.0000 0.0000	</row2>
				<row3>	0.0000 0.0000 0.0000 1.0000	</row3>
			</transform>
			<node>
				<identifier>	HP_AD_1	</identifier>
				<transform>
					<row0>	1.0000 0.0000 0.0000 0.0000	</row0>
					<row1>	0.0000 1.0000 0.0000 0.0000	</row1>
					<row2>	0.0000 0.0000 1.0000 0.0000	</row2>
					<row3>	0.0000 0.7586 8.4345 1.0000	</row3>
				</transform>
			</node>
			<node>
				<identifier>	HP_AD_2	</identifier>
				<transform>
					<row0>	0.7071 0.0000 0.7071 0.0000	</row0>
					<row1>	0.0000 1.0000 0.0000 0.0000	</row1>
					<row2>	-0.7071 0.0000 0.7071 0.0000	</row2>
					<row3>	-0.1357 0.5322 5.7832 1.0000	</row3>
				</transform>
			</node>
			<node>
				<identifier>	HP_AD_3	</identifier>
				<transform>
					<row0>	0.7071 0.0000 -0.7071 0.0000	</row0>
					<row1>	0.0000 1.0000 0.0000 0.0000	</row1>
					<row2>	0.7071 0.0000 0.7071 0.0000	</row2>
					<row3>	0.1357 0.5322 5.7832 1.0000	</row3>
				</transform>
			</node>
			<node>
				<identifier>	HP_AGA_1	</identifier>
				<transform>
					<row0>	1.0000 0.0000 0.0000 0.0000	</row0>
					<row1>	0.0000 1.0000 0.0000 0.0000	</row1>
					<row2>	0.0000 0.0000 1.0000 0.0000	</row2>
					<row3>	-0.1150 0.6799 9.0549 1.0000	</row3>
				</transform>
			</node>
			<node>
				<identifier>	HP_AGA_2	</identifier>
				<transform>
					<row0>	1.0000 0.0000 0.0000 0.0000	</row0>
					<row1>	0.0000 1.0000 0.0000 0.0000	</row1>
					<row2>	0.0000 0.0000 1.0000 0.0000	</row2>
					<row3>	0.1150 0.6799 9.0549 1.0000	</row3>
				</transform>
			</node>
			<node>
				<identifier>	HP_AGA_3	</identifier>
				<transform>
					<row0>	1.0000 0.0000 0.0000 0.0000	</row0>
					<row1>	0.0000 1.0000 0.0000 0.0000	</row1>
					<row2>	0.0000 0.0000 1.0000 0.0000	</row2>
					<row3>	-0.2552 0.4516 6.5421 1.0000	</row3>
				</transform>
			</node>
			<node>
				<identifier>	HP_AGA_4	</identifier>
				<transform>
					<row0>	1.0000 0.0000 0.0000 0.0000	</row0>
					<row1>	0.0000 1.0000 0.0000 0.0000	</row1>
					<row2>	0.0000 0.0000 1.0000 0.0000	</row2>
					<row3>	0.2552 0.4516 6.5421 1.0000	</row3>
				</transform>
			</node>
			<node>
				<identifier>	HP_AGA_5	</identifier>
				<transform>
					<row0>	0.7071 0.0000 0.7071 0.0000	</row0>
					<row1>	0.0000 1.0000 0.0000 0.0000	</row1>
					<row2>	-0.7071 0.0000 0.7071 0.0000	</row2>
					<row3>	-0.2948 0.4108 5.9551 1.0000	</row3>
				</transform>
			</node>
			<node>
				<identifier>	HP_AGA_6	</identifier>
				<transform>
					<row0>	0.7071 0.0000 -0.7071 0.0000	</row0>
					<row1>	0.0000 1.0000 0.0000 0.0000	</row1>
					<row2>	0.7071 0.0000 0.7071 0.0000	</row2>
					<row3>	0.2948 0.4108 5.9551 1.0000	</row3>
				</transform>
			</node>
			<node>
				<identifier>	HP_FX_Fire_1	</identifier>
				<transform>
					<row0>	1.0000 0.0000 0.0000 0.0000	</row0>
					<row1>	0.0000 1.0000 0.0000 0.0000	</row1>
					<row2>	0.0000 0.0000 1.0000 0.0000	</row2>
					<row3>	0.0000 0.4580 7.1507 1.0000	</row3>
				</transform>
			</node>
			<node>
				<identifier>	HP_FX_Flood_water_left_4	</identifier>
				<transform>
					<row0>	-0.9919 0.0000 0.1272 0.0000	</row0>
					<row1>	0.0000 1.0000 0.0000 0.0000	</row1>
					<row2>	-0.1272 0.0000 -0.9919 0.0000	</row2>
					<row3>	-0.4209 0.1422 5.7723 1.0000	</row3>
				</transform>
			</node>
			<node>
				<identifier>	HP_FX_Flood_water_right_4	</identifier>
				<transform>
					<row0>	0.9905 0.0000 0.1373 0.0000	</row0>
					<row1>	0.0000 1.0000 0.0000 0.0000	</row1>
					<row2>	-0.1373 0.0000 0.9905 0.0000	</row2>
					<row3>	0.4212 0.1437 5.7700 1.0000	</row3>
				</transform>
			</node>
			<node>
				<identifier>	HP_FX_WakeTrace	</identifier>
				<transform>
					<row0>	1.0000 0.0000 0.0000 0.0000	</row0>
					<row1>	0.0000 1.0000 0.0000 0.0000	</row1>
					<row2>	0.0000 0.0000 1.0000 0.0000	</row2>
					<row3>	0.0000 0.0000 8.7564 1.0000	</row3>
				</transform>
			</node>
			<node>
				<identifier>	HP_Ship_death_1	</identifier>
				<transform>
					<row0>	1.0000 0.0000 0.0000 0.0000	</row0>
					<row1>	0.0000 1.0000 0.0000 0.0000	</row1>
					<row2>	0.0000 0.0000 1.0000 0.0000	</row2>
					<row3>	0.0000 0.0000 5.4739 1.0000	</row3>
				</transform>
			</node>
			<node>
				<identifier>	MP_AM010_Speaker_1	</identifier>
				<transform>
					<row0>	1.0000 0.0000 0.0000 0.0000	</row0>
					<row1>	0.0000 1.0000 0.0000 0.0000	</row1>
					<row2>	0.0000 0.0000 1.0000 0.0000	</row2>
					<row3>	0.2948 0.5099 5.7555 1.0000	</row3>
				</transform>
			</node>
			<node>
				<identifier>	MP_AM010_Speaker_1_INDEX_1	</identifier>
				<transform>
					<row0>	1.0000 0.0000 0.0000 0.0000	</row0>
					<row1>	0.0000 1.0000 0.0000 0.0000	</row1>
					<row2>	0.0000 0.0000 1.0000 0.0000	</row2>
					<row3>	-0.2948 0.5099 5.7555 1.0000	</row3>
				</transform>
			</node>
			<node>
				<identifier>	MP_AM021_Ventilators_3	</identifier>
				<transform>
					<row0>	1.0000 0.0000 0.0000 0.0000	</row0>
					<row1>	0.0000 1.0000 0.0000 0.0000	</row1>
					<row2>	0.0000 0.0000 1.0000 0.0000	</row2>
					<row3>	-0.0405 0.4363 6.3588 1.0000	</row3>
				</transform>
			</node>
			<node>
				<identifier>	MP_AM021_Ventilators_3_INDEX_1	</identifier>
				<transform>
					<row0>	0.8426 0.0000 0.0000 0.0000	</row0>
					<row1>	0.0000 0.8426 0.0000 0.0000	</row1>
					<row2>	0.0000 0.0000 0.8426 0.0000	</row2>
					<row3>	0.1443 0.4225 6.1337 1.0000	</row3>
				</transform>
			</node>
			<node>
				<identifier>	MP_AM021_Ventilators_3_INDEX_2	</identifier>
				<transform>
					<row0>	0.5322 0.0000 0.0000 0.0000	</row0>
					<row1>	0.0000 0.5322 0.0000 0.0000	</row1>
					<row2>	0.0000 0.0000 0.5322 0.0000	</row2>
					<row3>	0.0815 0.4340 6.2858 1.0000	</row3>
				</transform>
			</node>
			<node>
				<identifier>	MP_AM023_Hatch_1	</identifier>
				<transform>
					<row0>	0.0000 0.0000 -1.0000 0.0000	</row0>
					<row1>	0.0000 1.0000 0.0000 0.0000	</row1>
					<row2>	1.0000 0.0000 0.0000 0.0000	</row2>
					<row3>	0.1199 0.5477 7.8355 1.0000	</row3>
				</transform>
			</node>
			<node>
				<identifier>	MP_AM023_Hatch_1_INDEX_1	</identifier>
				<transform>
					<row0>	0.0000 0.0000 -1.0000 0.0000	</row0>
					<row1>	0.0000 1.0000 0.0000 0.0000	</row1>
					<row2>	1.0000 0.0000 0.0000 0.0000	</row2>
					<row3>	0.0460 0.4496 6.5275 1.0000	</row3>
				</transform>
			</node>
			<node>
				<identifier>	MP_AM023_Hatch_1_INDEX_2	</identifier>
				<transform>
					<row0>	0.0000 0.0000 -1.0000 0.0000	</row0>
					<row1>	0.0000 1.0000 0.0000 0.0000	</row1>
					<row2>	1.0000 0.0000 0.0000 0.0000	</row2>
					<row3>	-0.1376 0.5884 8.3239 1.0000	</row3>
				</transform>
			</node>
			<node>
				<identifier>	MP_AM077_Paravane	</identifier>
				<transform>
					<row0>	1.0000 0.0000 0.0000 0.0000	</row0>
					<row1>	0.0000 1.0000 0.0000 0.0000	</row1>
					<row2>	0.0000 0.0000 1.0000 0.0000	</row2>
					<row3>	-0.3290 0.4084 5.6622 1.0000	</row3>
				</transform>
			</node>
			<node>
				<identifier>	MP_AM077_Paravane_INDEX_1	</identifier>
				<transform>
					<row0>	1.0000 0.0000 0.0000 0.0000	</row0>
					<row1>	0.0000 1.0000 0.0000 0.0000	</row1>
					<row2>	0.0000 0.0000 1.0000 0.0000	</row2>
					<row3>	0.3290 0.4084 5.6622 1.0000	</row3>
				</transform>
			</node>
			<node>
				<identifier>	MP_AM101_Cooling_tube	</identifier>
				<transform>
					<row0>	-0.2356 0.9709 -0.0431 0.0000	</row0>
					<row1>	-0.9613 -0.2393 -0.1364 0.0000	</row1>
					<row2>	-0.1428 0.0093 0.9897 0.0000	</row2>
					<row3>	-0.0348 0.6854 9.1560 1.0000	</row3>
				</transform>
			</node>
			<node>
				<identifier>	MP_AM101_Cooling_tube_INDEX_1	</identifier>
				<transform>
					<row0>	0.4064 0.9137 0.0000 0.0000	</row0>
					<row1>	-0.9137 0.4064 0.0000 0.0000	</row1>
					<row2>	0.0000 0.0000 1.0000 0.0000	</row2>
					<row3>	-0.1229 0.4474 6.4337 1.0000	</row3>
				</transform>
			</node>
			<node>
				<identifier>	MP_AM101_Cooling_tube_INDEX_2	</identifier>
				<transform>
					<row0>	0.4064 0.9137 0.0000 0.0000	</row0>
					<row1>	-0.9137 0.4064 0.0000 0.0000	</row1>
					<row2>	0.0000 0.0000 1.0000 0.0000	</row2>
					<row3>	-0.1494 0.4474 6.4337 1.0000	</row3>
				</transform>
			</node>
			<node>
				<identifier>	MP_AM101_Cooling_tube_INDEX_3	</identifier>
				<transform>
					<row0>	0.4064 0.9137 0.0000 0.0000	</row0>
					<row1>	-0.9137 0.4064 0.0000 0.0000	</row1>
					<row2>	0.0000 0.0000 1.0000 0.0000	</row2>
					<row3>	0.1228 0.4474 6.4337 1.0000	</row3>
				</transform>
			</node>
			<node>
				<identifier>	MP_AM101_Cooling_tube_INDEX_4	</identifier>
				<transform>
					<row0>	0.8464 0.5173 -0.1261 0.0000	</row0>
					<row1>	-0.5102 0.8557 0.0863 0.0000	</row1>
					<row2>	0.1526 -0.0087 0.9883 0.0000	</row2>
					<row3>	0.0349 0.6853 9.1560 1.0000	</row3>
				</transform>
			</node>
			<node>
				<identifier>	MP_AM101_Cooling_tube_INDEX_5	</identifier>
				<transform>
					<row0>	0.4064 0.9137 0.0000 0.0000	</row0>
					<row1>	-0.9137 0.4064 0.0000 0.0000	</row1>
					<row2>	0.0000 0.0000 1.0000 0.0000	</row2>
					<row3>	0.1494 0.4474 6.4337 1.0000	</row3>
				</transform>
			</node>
			<node>
				<identifier>	MP_AM161_Anchor_top	</identifier>
				<transform>
					<row0>	0.9171 0.0782 0.3936 0.0000	</row0>
					<row1>	0.2730 0.5984 -0.7550 0.0000	</row1>
					<row2>	-0.3784 1.0275 0.6775 0.0000	</row2>
					<row3>	-0.1580 0.4987 8.9975 1.0000	</row3>
				</transform>
			</node>
			<node>
				<identifier>	MP_AM161_Anchor_top_INDEX_1	</identifier>
				<transform>
					<row0>	0.9171 -0.0782 -0.3936 0.0000	</row0>
					<row1>	-0.2730 0.5984 -0.7550 0.0000	</row1>
					<row2>	0.3784 1.0275 0.6775 0.0000	</row2>
					<row3>	0.1580 0.4987 8.9975 1.0000	</row3>
				</transform>
			</node>
			<node>
				<identifier>	MP_AM162_Anchor_down	</identifier>
				<transform>
					<row0>	1.2073 0.4474 -0.0043 0.0000	</row0>
					<row1>	-0.2388 0.6340 -1.0949 0.0000	</row1>
					<row2>	-0.3784 1.0275 0.6775 0.0000	</row2>
					<row3>	-0.1581 0.5085 8.9824 1.0000	</row3>
				</transform>
			</node>
			<node>
				<identifier>	MP_AM162_Anchor_down_INDEX_1	</identifier>
				<transform>
					<row0>	1.2073 -0.4474 0.0043 0.0000	</row0>
					<row1>	0.2388 0.6340 -1.0949 0.0000	</row1>
					<row2>	0.3784 1.0275 0.6775 0.0000	</row2>
					<row3>	0.1581 0.5085 8.9824 1.0000	</row3>
				</transform>
			</node>
			<node>
				<identifier>	MP_AM219_Bollard	</identifier>
				<transform>
					<row0>	1.1677 0.0035 0.0987 0.0000	</row0>
					<row1>	0.0039 1.1685 -0.0884 0.0000	</row1>
					<row2>	-0.0987 0.0884 1.1643 0.0000	</row2>
					<row3>	0.3029 0.4895 7.0479 1.0000	</row3>
				</transform>
			</node>
			<node>
				<identifier>	MP_AM219_Bollard_INDEX_1	</identifier>
				<transform>
					<row0>	1.1677 -0.0035 -0.0987 0.0000	</row0>
					<row1>	-0.0039 1.1685 -0.0884 0.0000	</row1>
					<row2>	0.0987 0.0884 1.1643 0.0000	</row2>
					<row3>	-0.3029 0.4895 7.0479 1.0000	</row3>
				</transform>
			</node>
			<node>
				<identifier>	MP_AM219_Bollard_INDEX_2	</identifier>
				<transform>
					<row0>	-1.1690 -0.0072 -0.0806 0.0000	</row0>
					<row1>	0.0000 1.1672 -0.1043 0.0000	</row1>
					<row2>	0.0809 -0.1041 -1.1644 0.0000	</row2>
					<row3>	0.1799 0.6093 8.5128 1.0000	</row3>
				</transform>
			</node>
			<node>
				<identifier>	MP_AM219_Bollard_INDEX_3	</identifier>
				<transform>
					<row0>	-1.1690 0.0072 0.0806 0.0000	</row0>
					<row1>	0.0000 1.1672 -0.1043 0.0000	</row1>
					<row2>	-0.0809 -0.1041 -1.1644 0.0000	</row2>
					<row3>	-0.1799 0.6093 8.5128 1.0000	</row3>
				</transform>
			</node>
			<node>
				<identifier>	MP_AM442_Multipole_Switch	</identifier>
				<transform>
					<row0>	-0.6769 0.0000 -0.7361 0.0000	</row0>
					<row1>	0.0000 1.0000 0.0000 0.0000	</row1>
					<row2>	0.7361 0.0000 -0.6769 0.0000	</row2>
					<row3>	0.1246 0.5709 5.8444 1.0000	</row3>
				</transform>
			</node>
			<node>
				<identifier>	MP_AM442_Multipole_Switch_INDEX_1	</identifier>
				<transform>
					<row0>	-0.6769 0.0000 0.7361 0.0000	</row0>
					<row1>	0.0000 1.0000 0.0000 0.0000	</row1>
					<row2>	-0.7361 0.0000 -0.6769 0.0000	</row2>
					<row3>	-0.1246 0.5709 5.8444 1.0000	</row3>
				</transform>
			</node>
			<node>
				<identifier>	MP_AM442_Multipole_Switch_INDEX_2	</identifier>
				<transform>
					<row0>	0.5556 0.0000 -0.8314 0.0000	</row0>
					<row1>	0.0000 1.0000 0.0000 0.0000	</row1>
					<row2>	0.8314 0.0000 0.5556 0.0000	</row2>
					<row3>	-0.0474 0.7247 8.4028 1.0000	</row3>
				</transform>
			</node>
			<node>
				<identifier>	MP_AM442_Multipole_Switch_INDEX_3	</identifier>
				<transform>
					<row0>	0.1305 0.0000 -0.9914 0.0000	</row0>
					<row1>	0.0000 1.0000 0.0000 0.0000	</row1>
					<row2>	0.9914 0.0000 0.1305 0.0000	</row2>
					<row3>	0.1125 0.4681 5.9405 1.0000	</row3>
				</transform>
			</node>
			<node>
				<identifier>	MP_AM442_Multipole_Switch_INDEX_4	</identifier>
				<transform>
					<row0>	0.1305 0.0000 0.9914 0.0000	</row0>
					<row1>	0.0000 1.0000 0.0000 0.0000	</row1>
					<row2>	-0.9914 0.0000 0.1305 0.0000	</row2>
					<row3>	-0.1125 0.4681 5.9405 1.0000	</row3>
				</transform>
			</node>
			<node>
				<identifier>	MP_AM684_Chain_Fairlead	</identifier>
				<transform>
					<row0>	-1.0883 0.0003 0.0168 0.0000	</row0>
					<row1>	-0.0008 1.0861 -0.0708 0.0000	</row1>
					<row2>	-0.0168 -0.0708 -1.0860 0.0000	</row2>
					<row3>	0.1165 0.4954 7.0040 1.0000	</row3>
				</transform>
			</node>
			<node>
				<identifier>	MP_AM684_Chain_Fairlead_INDEX_1	</identifier>
				<transform>
					<row0>	-1.0883 -0.0003 -0.0168 0.0000	</row0>
					<row1>	0.0008 1.0861 -0.0708 0.0000	</row1>
					<row2>	0.0168 -0.0708 -1.0860 0.0000	</row2>
					<row3>	-0.1165 0.4954 7.0040 1.0000	</row3>
				</transform>
			</node>
			<node>
				<identifier>	MP_AM720_Helmets_Rack	</identifier>
				<transform>
					<row0>	-0.9911 0.0000 0.1329 0.0000	</row0>
					<row1>	0.0000 1.0000 0.0000 0.0000	</row1>
					<row2>	-0.1329 0.0000 -0.9911 0.0000	</row2>
					<row3>	0.2612 0.4660 5.7724 1.0000	</row3>
				</transform>
			</node>
			<node>
				<identifier>	MP_AM720_Helmets_Rack_INDEX_1	</identifier>
				<transform>
					<row0>	-0.9911 0.0000 -0.1329 0.0000	</row0>
					<row1>	0.0000 1.0000 0.0000 0.0000	</row1>
					<row2>	0.1329 0.0000 -0.9911 0.0000	</row2>
					<row3>	-0.2612 0.4660 5.7724 1.0000	</row3>
				</transform>
			</node>
			<node>
				<identifier>	MP_AM720_Helmets_Rack_INDEX_2	</identifier>
				<transform>
					<row0>	0.3029 0.0000 -0.9530 0.0000	</row0>
					<row1>	0.0000 1.0000 0.0000 0.0000	</row1>
					<row2>	0.9530 0.0000 0.3029 0.0000	</row2>
					<row3>	-0.1765 0.6855 8.9690 1.0000	</row3>
				</transform>
			</node>
			<node>
				<identifier>	MP_AM720_Helmets_Rack_INDEX_3	</identifier>
				<transform>
					<row0>	1.0000 0.0000 0.0000 0.0000	</row0>
					<row1>	0.0000 1.0000 0.0000 0.0000	</row1>
					<row2>	0.0000 0.0000 1.0000 0.0000	</row2>
					<row3>	-0.1738 0.4623 6.4450 1.0000	</row3>
				</transform>
			</node>
			<node>
				<identifier>	MP_AM720_Helmets_Rack_INDEX_4	</identifier>
				<transform>
					<row0>	1.0000 0.0000 0.0000 0.0000	</row0>
					<row1>	0.0000 1.0000 0.0000 0.0000	</row1>
					<row2>	0.0000 0.0000 1.0000 0.0000	</row2>
					<row3>	0.1738 0.4623 6.4450 1.0000	</row3>
				</transform>
			</node>
			<node>
				<identifier>	MP_AM721_Talker_Helmets_Rack	</identifier>
				<transform>
					<row0>	-0.9272 0.0000 -0.3745 0.0000	</row0>
					<row1>	0.0000 1.0000 0.0000 0.0000	</row1>
					<row2>	0.3745 0.0000 -0.9272 0.0000	</row2>
					<row3>	-0.2321 0.4816 5.7801 1.0000	</row3>
				</transform>
			</node>
			<node>
				<identifier>	MP_AM721_Talker_Helmets_Rack_INDEX_1	</identifier>
				<transform>
					<row0>	-0.9272 0.0000 0.3745 0.0000	</row0>
					<row1>	0.0000 1.0000 0.0000 0.0000	</row1>
					<row2>	-0.3745 0.0000 -0.9272 0.0000	</row2>
					<row3>	0.2321 0.4816 5.7801 1.0000	</row3>
				</transform>
			</node>
			<node>
				<identifier>	MP_AM723_Ammobox	</identifier>
				<transform>
					<row0>	1.0000 0.0000 0.0000 0.0000	</row0>
					<row1>	0.0000 1.0000 0.0000 0.0000	</row1>
					<row2>	0.0000 0.0000 1.0000 0.0000	</row2>
					<row3>	-0.1246 0.6799 8.9185 1.0000	</row3>
				</transform>
			</node>
			<node>
				<identifier>	MP_AM723_Ammobox_INDEX_1	</identifier>
				<transform>
					<row0>	-1.0000 0.0000 0.0000 0.0000	</row0>
					<row1>	0.0000 1.0000 0.0000 0.0000	</row1>
					<row2>	0.0000 0.0000 -1.0000 0.0000	</row2>
					<row3>	-0.2233 0.4618 6.6670 1.0000	</row3>
				</transform>
			</node>
			<node>
				<identifier>	MP_AM723_Ammobox_INDEX_2	</identifier>
				<transform>
					<row0>	1.0000 0.0000 0.0000 0.0000	</row0>
					<row1>	0.0000 1.0000 0.0000 0.0000	</row1>
					<row2>	0.0000 0.0000 1.0000 0.0000	</row2>
					<row3>	-0.2567 0.4443 6.4165 1.0000	</row3>
				</transform>
			</node>
			<node>
				<identifier>	MP_AM723_Ammobox_INDEX_3	</identifier>
				<transform>
					<row0>	1.0000 0.0000 0.0000 0.0000	</row0>
					<row1>	0.0000 1.0000 0.0000 0.0000	</row1>
					<row2>	0.0000 0.0000 1.0000 0.0000	</row2>
					<row3>	0.2567 0.4443 6.4165 1.0000	</row3>
				</transform>
			</node>
			<node>
				<identifier>	MP_AM723_Ammobox_INDEX_4	</identifier>
				<transform>
					<row0>	0.0000 0.0654 0.9979 0.0000	</row0>
					<row1>	0.0000 0.9979 -0.0654 0.0000	</row1>
					<row2>	-1.0000 0.0000 0.0000 0.0000	</row2>
					<row3>	0.1343 0.4539 6.5632 1.0000	</row3>
				</transform>
			</node>
			<node>
				<identifier>	MP_AM723_Ammobox_INDEX_5	</identifier>
				<transform>
					<row0>	0.0000 -0.0654 -0.9979 0.0000	</row0>
					<row1>	0.0000 0.9979 -0.0654 0.0000	</row1>
					<row2>	1.0000 0.0000 0.0000 0.0000	</row2>
					<row3>	-0.1343 0.4539 6.5632 1.0000	</row3>
				</transform>
			</node>
			<node>
				<identifier>	MP_AM723_Ammobox_INDEX_6	</identifier>
				<transform>
					<row0>	-1.0000 0.0000 0.0000 0.0000	</row0>
					<row1>	0.0000 1.0000 0.0000 0.0000	</row1>
					<row2>	0.0000 0.0000 -1.0000 0.0000	</row2>
					<row3>	0.2233 0.4618 6.6670 1.0000	</row3>
				</transform>
			</node>
			<node>
				<identifier>	MP_AM723_Ammobox_INDEX_7	</identifier>
				<transform>
					<row0>	1.0000 0.0000 0.0000 0.0000	</row0>
					<row1>	0.0000 1.0000 0.0000 0.0000	</row1>
					<row2>	0.0000 0.0000 1.0000 0.0000	</row2>
					<row3>	0.1246 0.6799 8.9185 1.0000	</row3>
				</transform>
			</node>
			<node>
				<identifier>	MP_AM724_Ammobox_big	</identifier>
				<transform>
					<row0>	-0.9425 0.0000 0.3343 0.0000	</row0>
					<row1>	0.0000 1.0000 0.0000 0.0000	</row1>
					<row2>	-0.3343 0.0000 -0.9425 0.0000	</row2>
					<row3>	-0.2371 0.4262 6.1678 1.0000	</row3>
				</transform>
			</node>
			<node>
				<identifier>	MP_AM724_Ammobox_big_INDEX_1	</identifier>
				<transform>
					<row0>	-0.9425 0.0000 -0.3343 0.0000	</row0>
					<row1>	0.0000 1.0000 0.0000 0.0000	</row1>
					<row2>	0.3343 0.0000 -0.9425 0.0000	</row2>
					<row3>	0.2371 0.4262 6.1678 1.0000	</row3>
				</transform>
			</node>
			<node>
				<identifier>	MP_AM749_Hatch	</identifier>
				<transform>
					<row0>	1.0000 0.0000 0.0000 0.0000	</row0>
					<row1>	0.0000 1.0000 0.0000 0.0000	</row1>
					<row2>	0.0000 0.0000 1.0000 0.0000	</row2>
					<row3>	-0.0508 0.4213 6.2524 1.0000	</row3>
				</transform>
			</node>
			<node>
				<identifier>	MP_CM011_Fire_Fighting_Gear	</identifier>
				<transform>
					<row0>	-1.0000 0.0000 0.0000 0.0000	</row0>
					<row1>	0.0000 1.0000 0.0000 0.0000	</row1>
					<row2>	0.0000 0.0000 -1.0000 0.0000	</row2>
					<row3>	-0.1579 0.5973 8.3724 1.0000	</row3>
				</transform>
			</node>
			<node>
				<identifier>	MP_CM011_Fire_Fighting_Gear_INDEX_1	</identifier>
				<transform>
					<row0>	-1.0000 0.0000 0.0000 0.0000	</row0>
					<row1>	0.0000 1.0000 0.0000 0.0000	</row1>
					<row2>	0.0000 0.0000 -1.0000 0.0000	</row2>
					<row3>	0.0971 0.5555 7.8794 1.0000	</row3>
				</transform>
			</node>
			<node>
				<identifier>	SP_YMS001_YHBM_M_1	</identifier>
				<transform>
					<row0>	1.1500 0.0000 0.0000 0.0000	</row0>
					<row1>	0.0000 1.1476 0.0736 0.0000	</row1>
					<row2>	0.0000 -0.0736 1.1476 0.0000	</row2>
					<row3>	0.0000 0.6178 9.2230 1.0000	</row3>
				</transform>
			</node>
			<node>
				<identifier>	SP_YMS004_YHXL_L_1	</identifier>
				<transform>
					<row0>	0.8247 0.5612 -0.0702 0.0000	</row0>
					<row1>	-0.5656 0.8182 -0.1036 0.0000	</row1>
					<row2>	-0.0007 0.1251 0.9921 0.0000	</row2>
					<row3>	-0.0940 0.5090 8.8507 1.0000	</row3>
				</transform>
			</node>
			<node>
				<identifier>	SP_YMS005_YHXR_L_1	</identifier>
				<transform>
					<row0>	0.8247 -0.5612 0.0702 0.0000	</row0>
					<row1>	0.5655 0.8164 -0.1168 0.0000	</row1>
					<row2>	0.0083 0.1360 0.9907 0.0000	</row2>
					<row3>	0.0943 0.5067 8.8508 1.0000	</row3>
				</transform>
			</node>
			<node>
				<identifier>	SP_YMS007_YHBL_L_1	</identifier>
				<transform>
					<row0>	1.0030 -0.0901 0.0774 0.0000	</row0>
					<row1>	0.1002 0.9952 -0.1401 0.0000	</row1>
					<row2>	-0.0638 0.1468 0.9972 0.0000	</row2>
					<row3>	-0.0303 0.6302 8.9747 1.0000	</row3>
				</transform>
			</node>
			<node>
				<identifier>	SP_YMS008_YHBR_L_1	</identifier>
				<transform>
					<row0>	1.0070 0.0573 -0.0519 0.0000	</row0>
					<row1>	-0.0635 0.9999 -0.1276 0.0000	</row1>
					<row2>	0.0441 0.1305 1.0006 0.0000	</row2>
					<row3>	0.0246 0.6271 8.9747 1.0000	</row3>
				</transform>
			</node>
			<node>
				<identifier>	SP_YMS010_YHWM_L_1	</identifier>
				<transform>
					<row0>	1.0000 0.0000 0.0000 0.0000	</row0>
					<row1>	0.0000 1.0000 0.0000 0.0000	</row1>
					<row2>	0.0000 0.0000 1.0000 0.0000	</row2>
					<row3>	0.0000 0.0000 8.8491 1.0000	</row3>
				</transform>
			</node>
			<node>
				<identifier>	SP_YMS011_YHWL_M_1	</identifier>
				<transform>
					<row0>	1.4858 -0.0265 -0.2350 0.0000	</row0>
					<row1>	0.0265 1.5043 -0.0021 0.0000	</row1>
					<row2>	0.2350 -0.0021 1.4860 0.0000	</row2>
					<row3>	-0.2132 0.0000 7.0039 1.0000	</row3>
				</transform>
			</node>
			<node>
				<identifier>	SP_YMS011_YHWL_M_1_INDEX_1	</identifier>
				<transform>
					<row0>	1.4371 0.3412 -0.2860 0.0000	</row0>
					<row1>	-0.3355 1.4653 0.0619 0.0000	</row1>
					<row2>	0.2926 0.0046 1.4758 0.0000	</row2>
					<row3>	-0.4107 0.0000 5.7734 1.0000	</row3>
				</transform>
			</node>
			<node>
				<identifier>	SP_YMS012_YHWR_M_1	</identifier>
				<transform>
					<row0>	1.4858 0.0265 0.2350 0.0000	</row0>
					<row1>	-0.0265 1.5043 -0.0021 0.0000	</row1>
					<row2>	-0.2350 -0.0021 1.4860 0.0000	</row2>
					<row3>	0.2173 -0.0005 6.9995 1.0000	</row3>
				</transform>
			</node>
			<node>
				<identifier>	SP_YMS012_YHWR_M_1_INDEX_1	</identifier>
				<transform>
					<row0>	1.4611 -0.2210 0.2827 0.0000	</row0>
					<row1>	0.2174 1.4882 0.0398 0.0000	</row1>
					<row2>	-0.2854 0.0021 1.4772 0.0000	</row2>
					<row3>	0.4246 0.0030 5.7699 1.0000	</row3>
				</transform>
			</node>
			<node>
				<identifier>	SP_YMS020_YHBU_M_1	</identifier>
				<transform>
					<row0>	1.0814 0.0000 0.0000 0.0000	</row0>
					<row1>	0.0000 1.0814 0.0000 0.0000	</row1>
					<row2>	0.0000 0.0000 1.0814 0.0000	</row2>
					<row3>	0.0000 -0.3422 8.7066 1.0000	</row3>
				</transform>
			</node>
			<node>
				<identifier>	SP_YMS051_YHDL_L_1	</identifier>
				<transform>
					<row0>	1.0697 -0.0233 -0.1247 0.0000	</row0>
					<row1>	0.0148 1.0745 -0.0743 0.0000	</row1>
					<row2>	0.1260 0.0720 1.0673 0.0000	</row2>
					<row3>	-0.4413 0.4441 6.6686 1.0000	</row3>
				</transform>
			</node>
			<node>
				<identifier>	SP_YMS052_YHDR_L_1	</identifier>
				<transform>
					<row0>	1.0697 0.0233 0.1247 0.0000	</row0>
					<row1>	-0.0148 1.0745 -0.0743 0.0000	</row1>
					<row2>	-0.1260 0.0720 1.0673 0.0000	</row2>
					<row3>	0.4407 0.4483 6.6637 1.0000	</row3>
				</transform>
			</node>
			<node>
				<identifier>	SP_YMS062_YHGH_M_1	</identifier>
				<transform>
					<row0>	0.2208 0.0000 0.2208 0.0000	</row0>
					<row1>	0.0000 0.3122 0.0000 0.0000	</row1>
					<row2>	-0.2208 0.0000 0.2208 0.0000	</row2>
					<row3>	-0.1291 0.6039 5.7769 1.0000	</row3>
				</transform>
			</node>
			<node>
				<identifier>	SP_YMS062_YHGH_M_1_INDEX_1	</identifier>
				<transform>
					<row0>	0.2208 0.0000 -0.2208 0.0000	</row0>
					<row1>	0.0000 0.3122 0.0000 0.0000	</row1>
					<row2>	0.2208 0.0000 0.2208 0.0000	</row2>
					<row3>	0.1285 0.6059 5.7770 1.0000	</row3>
				</transform>
			</node>
			<node>
				<identifier>	SP_YMS080_YHSL_M_1	</identifier>
				<transform>
					<row0>	0.7299 0.2931 -0.1201 0.0000	</row0>
					<row1>	-0.2946 0.7391 0.0134 0.0000	</row1>
					<row2>	0.1165 0.0322 0.7865 0.0000	</row2>
					<row3>	-0.4408 0.2883 5.9030 1.0000	</row3>
				</transform>
			</node>
			<node>
				<identifier>	SP_YMS081_YHSR_M_1	</identifier>
				<transform>
					<row0>	0.7299 -0.2931 0.1201 0.0000	</row0>
					<row1>	0.2946 0.7391 0.0134 0.0000	</row1>
					<row2>	-0.1165 0.0322 0.7865 0.0000	</row2>
					<row3>	0.4408 0.2883 5.9030 1.0000	</row3>
				</transform>
			</node>
		</node>
	</node>
	<boundingBox>
		<min>	-0.0667 -0.0667 -0.0667	</min>
		<max>	0.0667 0.0667 0.0667	</max>
	</boundingBox>
</ASB074_Delaware_1949_Bow_ports.visual>
