<ASC022_Seattle_1945_Bow_ports.visual>
	<node>
		<identifier>	Scene Root	</identifier>
		<transform>
			<row0>	1.0000 0.0000 0.0000 0.0000	</row0>
			<row1>	0.0000 1.0000 0.0000 0.0000	</row1>
			<row2>	0.0000 0.0000 1.0000 0.0000	</row2>
			<row3>	0.0000 0.0000 0.0000 1.0000	</row3>
		</transform>
		<node>
			<identifier>	Bow_ports	</identifier>
			<transform>
				<row0>	1.0000 0.0000 0.0000 0.0000	</row0>
				<row1>	0.0000 1.0000 0.0000 0.0000	</row1>
				<row2>	0.0000 0.0000 1.0000 0.0000	</row2>
				<row3>	0.0000 0.0000 0.0000 1.0000	</row3>
			</transform>
			<node>
				<identifier>	HP_AGA_1	</identifier>
				<transform>
					<row0>	1.0000 0.0000 0.0000 0.0000	</row0>
					<row1>	0.0000 1.0000 0.0000 0.0000	</row1>
					<row2>	0.0000 0.0000 1.0000 0.0000	</row2>
					<row3>	-0.1399 0.5568 6.4428 1.0000	</row3>
				</transform>
			</node>
			<node>
				<identifier>	HP_AGA_2	</identifier>
				<transform>
					<row0>	1.0000 0.0000 0.0000 0.0000	</row0>
					<row1>	0.0000 1.0000 0.0000 0.0000	</row1>
					<row2>	0.0000 0.0000 1.0000 0.0000	</row2>
					<row3>	0.1399 0.5568 6.4428 1.0000	</row3>
				</transform>
			</node>
			<node>
				<identifier>	HP_AGA_3	</identifier>
				<transform>
					<row0>	1.0000 0.0000 0.0000 0.0000	</row0>
					<row1>	0.0000 1.0000 0.0000 0.0000	</row1>
					<row2>	0.0000 0.0000 1.0000 0.0000	</row2>
					<row3>	-0.2688 0.4388 5.0393 1.0000	</row3>
				</transform>
			</node>
			<node>
				<identifier>	HP_AGA_4	</identifier>
				<transform>
					<row0>	1.0000 0.0000 0.0000 0.0000	</row0>
					<row1>	0.0000 1.0000 0.0000 0.0000	</row1>
					<row2>	0.0000 0.0000 1.0000 0.0000	</row2>
					<row3>	0.2688 0.4388 5.0393 1.0000	</row3>
				</transform>
			</node>
			<node>
				<identifier>	HP_AGA_5	</identifier>
				<transform>
					<row0>	1.0000 0.0000 0.0000 0.0000	</row0>
					<row1>	0.0000 1.0000 0.0000 0.0000	</row1>
					<row2>	0.0000 0.0000 1.0000 0.0000	</row2>
					<row3>	-0.2847 0.4302 4.7945 1.0000	</row3>
				</transform>
			</node>
			<node>
				<identifier>	HP_AGA_6	</identifier>
				<transform>
					<row0>	1.0000 0.0000 0.0000 0.0000	</row0>
					<row1>	0.0000 1.0000 0.0000 0.0000	</row1>
					<row2>	0.0000 0.0000 1.0000 0.0000	</row2>
					<row3>	0.2847 0.4302 4.7945 1.0000	</row3>
				</transform>
			</node>
			<node>
				<identifier>	HP_AGM_1	</identifier>
				<transform>
					<row0>	1.0000 0.0000 0.0000 0.0000	</row0>
					<row1>	0.0000 1.0000 0.0000 0.0000	</row1>
					<row2>	0.0000 0.0000 1.0000 0.0000	</row2>
					<row3>	0.0000 0.4435 3.8990 1.0000	</row3>
				</transform>
			</node>
			<node>
				<identifier>	HP_FX_Death_1	</identifier>
				<transform>
					<row0>	1.0000 0.0000 0.0000 0.0000	</row0>
					<row1>	0.0000 1.0000 0.0000 0.0000	</row1>
					<row2>	0.0000 0.0000 1.0000 0.0000	</row2>
					<row3>	0.0000 0.0000 3.4453 1.0000	</row3>
				</transform>
			</node>
			<node>
				<identifier>	HP_FX_Fire_1	</identifier>
				<transform>
					<row0>	1.0000 0.0000 0.0000 0.0000	</row0>
					<row1>	0.0000 1.0000 0.0000 0.0000	</row1>
					<row2>	0.0000 0.0000 1.0000 0.0000	</row2>
					<row3>	0.0000 0.4654 5.0856 1.0000	</row3>
				</transform>
			</node>
			<node>
				<identifier>	HP_FX_Flood_water_left	</identifier>
				<transform>
					<row0>	-0.9924 0.0000 0.1233 0.0000	</row0>
					<row1>	0.0000 1.0000 0.0000 0.0000	</row1>
					<row2>	-0.1233 0.0000 -0.9924 0.0000	</row2>
					<row3>	-0.4667 0.0823 3.4960 1.0000	</row3>
				</transform>
			</node>
			<node>
				<identifier>	HP_FX_Flood_water_right	</identifier>
				<transform>
					<row0>	1.0000 0.0000 0.0000 0.0000	</row0>
					<row1>	0.0000 1.0000 0.0000 0.0000	</row1>
					<row2>	0.0000 0.0000 1.0000 0.0000	</row2>
					<row3>	0.4704 0.0861 3.4954 1.0000	</row3>
				</transform>
			</node>
			<node>
				<identifier>	HP_FX_RepairLight_left_2	</identifier>
				<transform>
					<row0>	0.0897 0.0000 0.9960 0.0000	</row0>
					<row1>	0.0544 0.9985 -0.0049 0.0000	</row1>
					<row2>	-0.9945 0.0546 0.0896 0.0000	</row2>
					<row3>	-0.5313 0.3550 3.4952 1.0000	</row3>
				</transform>
			</node>
			<node>
				<identifier>	HP_FX_WakeTrace	</identifier>
				<transform>
					<row0>	1.0000 0.0000 0.0000 0.0000	</row0>
					<row1>	0.0000 1.0000 0.0000 0.0000	</row1>
					<row2>	0.0000 0.0000 1.0000 0.0000	</row2>
					<row3>	0.0000 0.0000 6.7403 1.0000	</row3>
				</transform>
			</node>
			<node>
				<identifier>	HP_Ship_death_1	</identifier>
				<transform>
					<row0>	1.0000 0.0000 0.0000 0.0000	</row0>
					<row1>	0.0000 1.0000 0.0000 0.0000	</row1>
					<row2>	0.0000 0.0000 1.0000 0.0000	</row2>
					<row3>	0.0000 0.0000 3.4453 1.0000	</row3>
				</transform>
			</node>
			<node>
				<identifier>	MP_AM005_Bollard_1	</identifier>
				<transform>
					<row0>	1.4954 0.0048 0.1169 0.0000	</row0>
					<row1>	0.0006 1.4984 -0.0698 0.0000	</row1>
					<row2>	-0.1170 0.0696 1.4938 0.0000	</row2>
					<row3>	0.2760 0.4662 5.6607 1.0000	</row3>
				</transform>
			</node>
			<node>
				<identifier>	MP_AM005_Bollard_1_INDEX_1	</identifier>
				<transform>
					<row0>	1.4954 -0.0048 -0.1169 0.0000	</row0>
					<row1>	-0.0006 1.4984 -0.0698 0.0000	</row1>
					<row2>	0.1170 0.0696 1.4938 0.0000	</row2>
					<row3>	-0.2760 0.4663 5.6607 1.0000	</row3>
				</transform>
			</node>
			<node>
				<identifier>	MP_AM005_Bollard_1_INDEX_2	</identifier>
				<transform>
					<row0>	1.4925 0.0014 0.1494 0.0000	</row0>
					<row1>	0.0012 1.4998 -0.0268 0.0000	</row1>
					<row2>	-0.1494 0.0268 1.4923 0.0000	</row2>
					<row3>	0.4374 0.3929 4.0049 1.0000	</row3>
				</transform>
			</node>
			<node>
				<identifier>	MP_AM005_Bollard_1_INDEX_3	</identifier>
				<transform>
					<row0>	1.4925 -0.0014 -0.1494 0.0000	</row0>
					<row1>	-0.0012 1.4998 -0.0268 0.0000	</row1>
					<row2>	0.1494 0.0268 1.4923 0.0000	</row2>
					<row3>	-0.4374 0.3929 4.0049 1.0000	</row3>
				</transform>
			</node>
			<node>
				<identifier>	MP_AM021_Ventilators_3	</identifier>
				<transform>
					<row0>	-1.0000 0.0000 0.0000 0.0000	</row0>
					<row1>	0.0000 1.0000 0.0000 0.0000	</row1>
					<row2>	0.0000 0.0000 -1.0000 0.0000	</row2>
					<row3>	-0.1046 0.4283 4.9859 1.0000	</row3>
				</transform>
			</node>
			<node>
				<identifier>	MP_AM021_Ventilators_3_INDEX_1	</identifier>
				<transform>
					<row0>	-1.0000 0.0000 0.0000 0.0000	</row0>
					<row1>	0.0000 1.0000 0.0000 0.0000	</row1>
					<row2>	0.0000 0.0000 -1.0000 0.0000	</row2>
					<row3>	0.1046 0.4283 4.9859 1.0000	</row3>
				</transform>
			</node>
			<node>
				<identifier>	MP_AM022_Ventilators_4	</identifier>
				<transform>
					<row0>	1.0000 0.0000 0.0000 0.0000	</row0>
					<row1>	0.0000 1.0000 0.0000 0.0000	</row1>
					<row2>	0.0000 0.0000 1.0000 0.0000	</row2>
					<row3>	0.0743 0.4843 6.2139 1.0000	</row3>
				</transform>
			</node>
			<node>
				<identifier>	MP_AM022_Ventilators_4_INDEX_1	</identifier>
				<transform>
					<row0>	1.0000 0.0000 0.0000 0.0000	</row0>
					<row1>	0.0000 1.0000 0.0000 0.0000	</row1>
					<row2>	0.0000 0.0000 1.0000 0.0000	</row2>
					<row3>	-0.0777 0.4753 6.1334 1.0000	</row3>
				</transform>
			</node>
			<node>
				<identifier>	MP_AM023_Hatch_1	</identifier>
				<transform>
					<row0>	0.0000 0.1006 0.9949 0.0000	</row0>
					<row1>	0.0000 0.9949 -0.1006 0.0000	</row1>
					<row2>	-1.0000 0.0000 0.0000 0.0000	</row2>
					<row3>	-0.0634 0.5004 6.2135 1.0000	</row3>
				</transform>
			</node>
			<node>
				<identifier>	MP_AM023_Hatch_1_INDEX_1	</identifier>
				<transform>
					<row0>	0.0000 0.0396 0.9992 0.0000	</row0>
					<row1>	0.0000 0.9992 -0.0396 0.0000	</row1>
					<row2>	-1.0000 0.0000 0.0000 0.0000	</row2>
					<row3>	0.0211 0.4687 5.7261 1.0000	</row3>
				</transform>
			</node>
			<node>
				<identifier>	MP_AM024_Hatch_2	</identifier>
				<transform>
					<row0>	1.0000 0.0000 0.0000 0.0000	</row0>
					<row1>	0.0000 0.9993 -0.0387 0.0000	</row1>
					<row2>	0.0000 0.0387 0.9993 0.0000	</row2>
					<row3>	-0.0621 0.4173 4.6694 1.0000	</row3>
				</transform>
			</node>
			<node>
				<identifier>	MP_AM030_Ammunition_Box4	</identifier>
				<transform>
					<row0>	-0.4078 -0.0392 -0.9122 0.0000	</row0>
					<row1>	-0.0160 0.9992 -0.0358 0.0000	</row1>
					<row2>	0.9129 0.0000 -0.4081 0.0000	</row2>
					<row3>	-0.1914 0.4201 4.7272 1.0000	</row3>
				</transform>
			</node>
			<node>
				<identifier>	MP_AM030_Ammunition_Box4_INDEX_1	</identifier>
				<transform>
					<row0>	0.0000 0.0478 0.9989 0.0000	</row0>
					<row1>	0.0000 0.9989 -0.0478 0.0000	</row1>
					<row2>	-1.0000 0.0000 0.0000 0.0000	</row2>
					<row3>	0.1756 0.4289 4.9115 1.0000	</row3>
				</transform>
			</node>
			<node>
				<identifier>	MP_AM030_Ammunition_Box4_INDEX_2	</identifier>
				<transform>
					<row0>	0.9458 0.0000 0.3249 0.0000	</row0>
					<row1>	0.0000 1.0000 0.0000 0.0000	</row1>
					<row2>	-0.3249 0.0000 0.9458 0.0000	</row2>
					<row3>	-0.0941 0.5568 6.3100 1.0000	</row3>
				</transform>
			</node>
			<node>
				<identifier>	MP_AM030_Ammunition_Box4_INDEX_3	</identifier>
				<transform>
					<row0>	-0.4078 0.0392 0.9122 0.0000	</row0>
					<row1>	0.0160 0.9992 -0.0358 0.0000	</row1>
					<row2>	-0.9129 0.0000 -0.4081 0.0000	</row2>
					<row3>	0.1914 0.4200 4.7272 1.0000	</row3>
				</transform>
			</node>
			<node>
				<identifier>	MP_AM030_Ammunition_Box4_INDEX_4	</identifier>
				<transform>
					<row0>	0.0000 -0.0478 -0.9989 0.0000	</row0>
					<row1>	0.0000 0.9989 -0.0478 0.0000	</row1>
					<row2>	1.0000 0.0000 0.0000 0.0000	</row2>
					<row3>	-0.1756 0.4289 4.9115 1.0000	</row3>
				</transform>
			</node>
			<node>
				<identifier>	MP_AM030_Ammunition_Box4_INDEX_5	</identifier>
				<transform>
					<row0>	0.9458 0.0000 -0.3249 0.0000	</row0>
					<row1>	0.0000 1.0000 0.0000 0.0000	</row1>
					<row2>	0.3249 0.0000 0.9458 0.0000	</row2>
					<row3>	0.0941 0.5568 6.3100 1.0000	</row3>
				</transform>
			</node>
			<node>
				<identifier>	MP_AM049_Signal_Lamp_1	</identifier>
				<transform>
					<row0>	1.5000 0.0000 0.0000 0.0000	</row0>
					<row1>	0.0000 1.5000 0.0000 0.0000	</row1>
					<row2>	0.0000 0.0000 1.5000 0.0000	</row2>
					<row3>	0.0000 0.9523 6.8611 1.0000	</row3>
				</transform>
			</node>
			<node>
				<identifier>	MP_AM088_Capstan_1	</identifier>
				<transform>
					<row0>	-1.0000 0.0000 0.0000 0.0000	</row0>
					<row1>	0.0000 0.9988 -0.0480 0.0000	</row1>
					<row2>	0.0000 -0.0480 -0.9988 0.0000	</row2>
					<row3>	0.1822 0.4496 5.3144 1.0000	</row3>
				</transform>
			</node>
			<node>
				<identifier>	MP_AM088_Capstan_1_INDEX_1	</identifier>
				<transform>
					<row0>	-1.0000 0.0000 0.0000 0.0000	</row0>
					<row1>	0.0000 0.9988 -0.0480 0.0000	</row1>
					<row2>	0.0000 -0.0480 -0.9988 0.0000	</row2>
					<row3>	-0.1822 0.4496 5.3144 1.0000	</row3>
				</transform>
			</node>
			<node>
				<identifier>	MP_AM101_Cooling_tube	</identifier>
				<transform>
					<row0>	0.1246 0.0979 0.9874 0.0000	</row0>
					<row1>	0.0000 0.9951 -0.0987 0.0000	</row1>
					<row2>	-0.9922 0.0123 0.1240 0.0000	</row2>
					<row3>	-0.3723 0.4595 4.9337 1.0000	</row3>
				</transform>
			</node>
			<node>
				<identifier>	MP_AM101_Cooling_tube_INDEX_1	</identifier>
				<transform>
					<row0>	0.1145 0.8235 -0.5557 0.0000	</row0>
					<row1>	0.1661 -0.5674 -0.8065 0.0000	</row1>
					<row2>	-0.9794 0.0000 -0.2017 0.0000	</row2>
					<row3>	0.2080 0.6054 6.5026 1.0000	</row3>
				</transform>
			</node>
			<node>
				<identifier>	MP_AM101_Cooling_tube_INDEX_2	</identifier>
				<transform>
					<row0>	0.1095 0.1332 0.9850 0.0000	</row0>
					<row1>	0.0000 0.9910 -0.1340 0.0000	</row1>
					<row2>	-0.9940 0.0147 0.1085 0.0000	</row2>
					<row3>	-0.3789 0.4579 4.8659 1.0000	</row3>
				</transform>
			</node>
			<node>
				<identifier>	MP_AM101_Cooling_tube_INDEX_3	</identifier>
				<transform>
					<row0>	-0.0707 0.8235 0.5630 0.0000	</row0>
					<row1>	-0.1026 -0.5674 0.8170 0.0000	</row1>
					<row2>	0.9922 0.0000 0.1246 0.0000	</row2>
					<row3>	0.3712 0.4574 4.9353 1.0000	</row3>
				</transform>
			</node>
			<node>
				<identifier>	MP_AM101_Cooling_tube_INDEX_4	</identifier>
				<transform>
					<row0>	-0.1863 0.1587 -0.9696 0.0000	</row0>
					<row1>	0.0304 0.9873 0.1557 0.0000	</row1>
					<row2>	0.9820 -0.0005 -0.1888 0.0000	</row2>
					<row3>	-0.2085 0.6051 6.5023 1.0000	</row3>
				</transform>
			</node>
			<node>
				<identifier>	MP_AM101_Cooling_tube_INDEX_5	</identifier>
				<transform>
					<row0>	-0.0707 0.8235 0.5630 0.0000	</row0>
					<row1>	-0.1026 -0.5674 0.8170 0.0000	</row1>
					<row2>	0.9922 0.0000 0.1246 0.0000	</row2>
					<row3>	0.3798 0.4574 4.8662 1.0000	</row3>
				</transform>
			</node>
			<node>
				<identifier>	MP_AM129_Turtles_box	</identifier>
				<transform>
					<row0>	0.6628 0.0029 0.7488 0.0000	</row0>
					<row1>	-0.0043 1.0000 0.0000 0.0000	</row1>
					<row2>	-0.7488 -0.0032 0.6628 0.0000	</row2>
					<row3>	0.2113 0.5809 6.3704 1.0000	</row3>
				</transform>
			</node>
			<node>
				<identifier>	MP_AM129_Turtles_box_INDEX_1	</identifier>
				<transform>
					<row0>	0.6628 -0.0029 -0.7488 0.0000	</row0>
					<row1>	0.0043 1.0000 0.0000 0.0000	</row1>
					<row2>	0.7488 -0.0032 0.6628 0.0000	</row2>
					<row3>	-0.2113 0.5809 6.3704 1.0000	</row3>
				</transform>
			</node>
			<node>
				<identifier>	MP_AM129_Turtles_box_INDEX_2	</identifier>
				<transform>
					<row0>	-0.0064 0.0000 -1.0000 0.0000	</row0>
					<row1>	-0.0043 1.0000 0.0000 0.0000	</row1>
					<row2>	1.0000 0.0043 -0.0064 0.0000	</row2>
					<row3>	0.1555 0.4437 4.8462 1.0000	</row3>
				</transform>
			</node>
			<node>
				<identifier>	MP_AM129_Turtles_box_INDEX_3	</identifier>
				<transform>
					<row0>	-0.0064 0.0000 1.0000 0.0000	</row0>
					<row1>	0.0043 1.0000 0.0000 0.0000	</row1>
					<row2>	-1.0000 0.0043 -0.0064 0.0000	</row2>
					<row3>	-0.1555 0.4437 4.8462 1.0000	</row3>
				</transform>
			</node>
			<node>
				<identifier>	MP_AM148_Hatch_8	</identifier>
				<transform>
					<row0>	1.0000 0.0000 0.0000 0.0000	</row0>
					<row1>	0.0000 0.9993 -0.0387 0.0000	</row1>
					<row2>	0.0000 0.0387 0.9993 0.0000	</row2>
					<row3>	0.1198 0.3974 4.1863 1.0000	</row3>
				</transform>
			</node>
			<node>
				<identifier>	MP_AM148_Hatch_8_INDEX_1	</identifier>
				<transform>
					<row0>	1.0000 0.0000 0.0000 0.0000	</row0>
					<row1>	0.0000 0.9999 -0.0156 0.0000	</row1>
					<row2>	0.0000 0.0156 0.9999 0.0000	</row2>
					<row3>	-0.1846 0.3832 3.5377 1.0000	</row3>
				</transform>
			</node>
			<node>
				<identifier>	MP_AM169_Ventilation_5	</identifier>
				<transform>
					<row0>	1.0000 0.0000 0.0000 0.0000	</row0>
					<row1>	0.0000 0.9992 -0.0389 0.0000	</row1>
					<row2>	0.0000 0.0389 0.9992 0.0000	</row2>
					<row3>	-0.1215 0.4037 4.3460 1.0000	</row3>
				</transform>
			</node>
			<node>
				<identifier>	MP_AM415_Hatch	</identifier>
				<transform>
					<row0>	-1.0000 0.0000 0.0000 0.0000	</row0>
					<row1>	0.0000 0.9955 -0.0951 0.0000	</row1>
					<row2>	0.0000 -0.0951 -0.9955 0.0000	</row2>
					<row3>	0.0138 0.5394 6.6187 1.0000	</row3>
				</transform>
			</node>
			<node>
				<identifier>	MP_AM415_Hatch_INDEX_1	</identifier>
				<transform>
					<row0>	-1.0000 0.0000 0.0000 0.0000	</row0>
					<row1>	0.0000 1.0000 0.0000 0.0000	</row1>
					<row2>	0.0000 0.0000 -1.0000 0.0000	</row2>
					<row3>	-0.0170 0.4604 5.5649 1.0000	</row3>
				</transform>
			</node>
			<node>
				<identifier>	MP_AM485_Fairlead	</identifier>
				<transform>
					<row0>	1.8892 -0.0058 -0.2022 0.0000	</row0>
					<row1>	0.0025 1.8997 -0.0312 0.0000	</row1>
					<row2>	0.2023 0.0308 1.8890 0.0000	</row2>
					<row3>	-0.5081 0.3680 3.5934 1.0000	</row3>
				</transform>
			</node>
			<node>
				<identifier>	MP_AM485_Fairlead_INDEX_1	</identifier>
				<transform>
					<row0>	1.8922 -0.0133 -0.1713 0.0000	</row0>
					<row1>	-0.0020 1.8925 -0.1689 0.0000	</row1>
					<row2>	0.1718 0.1684 1.8847 0.0000	</row2>
					<row3>	-0.2463 0.4885 6.0895 1.0000	</row3>
				</transform>
			</node>
			<node>
				<identifier>	MP_AM485_Fairlead_INDEX_2	</identifier>
				<transform>
					<row0>	1.8922 0.0133 0.1713 0.0000	</row0>
					<row1>	0.0020 1.8925 -0.1689 0.0000	</row1>
					<row2>	-0.1718 0.1684 1.8847 0.0000	</row2>
					<row3>	0.2463 0.4885 6.0895 1.0000	</row3>
				</transform>
			</node>
			<node>
				<identifier>	MP_AM485_Fairlead_INDEX_3	</identifier>
				<transform>
					<row0>	1.8922 -0.0042 -0.1718 0.0000	</row0>
					<row1>	-0.0046 1.8975 -0.0970 0.0000	</row1>
					<row2>	0.1718 0.0970 1.8897 0.0000	</row2>
					<row3>	-0.3353 0.4290 5.2458 1.0000	</row3>
				</transform>
			</node>
			<node>
				<identifier>	MP_AM485_Fairlead_INDEX_4	</identifier>
				<transform>
					<row0>	1.8892 0.0058 0.2022 0.0000	</row0>
					<row1>	-0.0025 1.8997 -0.0312 0.0000	</row1>
					<row2>	-0.2023 0.0308 1.8890 0.0000	</row2>
					<row3>	0.5081 0.3680 3.5934 1.0000	</row3>
				</transform>
			</node>
			<node>
				<identifier>	MP_AM485_Fairlead_INDEX_5	</identifier>
				<transform>
					<row0>	1.8892 -0.0058 -0.2022 0.0000	</row0>
					<row1>	-0.0016 1.8987 -0.0694 0.0000	</row1>
					<row2>	0.2023 0.0692 1.8879 0.0000	</row2>
					<row3>	-0.4182 0.3908 4.4431 1.0000	</row3>
				</transform>
			</node>
			<node>
				<identifier>	MP_AM485_Fairlead_INDEX_6	</identifier>
				<transform>
					<row0>	1.8922 0.0042 0.1718 0.0000	</row0>
					<row1>	0.0046 1.8975 -0.0970 0.0000	</row1>
					<row2>	-0.1718 0.0970 1.8897 0.0000	</row2>
					<row3>	0.3353 0.4290 5.2458 1.0000	</row3>
				</transform>
			</node>
			<node>
				<identifier>	MP_AM485_Fairlead_INDEX_7	</identifier>
				<transform>
					<row0>	1.8892 0.0058 0.2022 0.0000	</row0>
					<row1>	0.0016 1.8987 -0.0694 0.0000	</row1>
					<row2>	-0.2023 0.0692 1.8879 0.0000	</row2>
					<row3>	0.4182 0.3908 4.4431 1.0000	</row3>
				</transform>
			</node>
			<node>
				<identifier>	MP_AM548_Break_Handwheel	</identifier>
				<transform>
					<row0>	-1.0000 0.0000 0.0000 0.0000	</row0>
					<row1>	0.0000 1.0000 0.0000 0.0000	</row1>
					<row2>	0.0000 0.0000 -1.0000 0.0000	</row2>
					<row3>	-0.0885 0.4497 5.3144 1.0000	</row3>
				</transform>
			</node>
			<node>
				<identifier>	MP_AM548_Break_Handwheel_INDEX_1	</identifier>
				<transform>
					<row0>	-1.0000 0.0000 0.0000 0.0000	</row0>
					<row1>	0.0000 1.0000 0.0000 0.0000	</row1>
					<row2>	0.0000 0.0000 -1.0000 0.0000	</row2>
					<row3>	-0.0885 0.4524 5.3705 1.0000	</row3>
				</transform>
			</node>
			<node>
				<identifier>	MP_AM548_Break_Handwheel_INDEX_2	</identifier>
				<transform>
					<row0>	-1.0000 0.0000 0.0000 0.0000	</row0>
					<row1>	0.0000 1.0000 0.0000 0.0000	</row1>
					<row2>	0.0000 0.0000 -1.0000 0.0000	</row2>
					<row3>	0.0885 0.4497 5.3144 1.0000	</row3>
				</transform>
			</node>
			<node>
				<identifier>	MP_AM548_Break_Handwheel_INDEX_3	</identifier>
				<transform>
					<row0>	-1.0000 0.0000 0.0000 0.0000	</row0>
					<row1>	0.0000 1.0000 0.0000 0.0000	</row1>
					<row2>	0.0000 0.0000 -1.0000 0.0000	</row2>
					<row3>	0.0885 0.4524 5.3705 1.0000	</row3>
				</transform>
			</node>
			<node>
				<identifier>	MP_AM684_Chain_Fairlead	</identifier>
				<transform>
					<row0>	-1.0000 0.0000 0.0000 0.0000	</row0>
					<row1>	0.0000 0.9995 -0.0331 0.0000	</row1>
					<row2>	0.0000 -0.0331 -0.9995 0.0000	</row2>
					<row3>	0.1408 0.4655 5.5396 1.0000	</row3>
				</transform>
			</node>
			<node>
				<identifier>	MP_AM684_Chain_Fairlead_INDEX_1	</identifier>
				<transform>
					<row0>	-1.0000 0.0000 0.0000 0.0000	</row0>
					<row1>	0.0000 0.9995 -0.0331 0.0000	</row1>
					<row2>	0.0000 -0.0331 -0.9995 0.0000	</row2>
					<row3>	-0.1408 0.4655 5.5396 1.0000	</row3>
				</transform>
			</node>
			<node>
				<identifier>	MP_CM011_Fire_Fighting_Gear	</identifier>
				<transform>
					<row0>	1.0000 0.0000 0.0000 0.0000	</row0>
					<row1>	0.0000 0.9993 -0.0387 0.0000	</row1>
					<row2>	0.0000 0.0387 0.9993 0.0000	</row2>
					<row3>	-0.0208 0.3877 3.5567 1.0000	</row3>
				</transform>
			</node>
			<node>
				<identifier>	MP_CM011_Fire_Fighting_Gear_INDEX_1	</identifier>
				<transform>
					<row0>	1.0000 0.0000 0.0000 0.0000	</row0>
					<row1>	0.0000 0.9993 -0.0387 0.0000	</row1>
					<row2>	0.0000 0.0387 0.9993 0.0000	</row2>
					<row3>	-0.2894 0.4213 4.6769 1.0000	</row3>
				</transform>
			</node>
			<node>
				<identifier>	MP_CM011_Fire_Fighting_Gear_INDEX_2	</identifier>
				<transform>
					<row0>	1.0000 0.0000 0.0000 0.0000	</row0>
					<row1>	0.0000 0.9993 -0.0387 0.0000	</row1>
					<row2>	0.0000 0.0387 0.9993 0.0000	</row2>
					<row3>	0.2894 0.4213 4.6769 1.0000	</row3>
				</transform>
			</node>
			<node>
				<identifier>	MP_CM012_Fire_Hose_Rack_1	</identifier>
				<transform>
					<row0>	0.4121 0.0000 0.9111 0.0000	</row0>
					<row1>	0.0000 1.0000 0.0000 0.0000	</row1>
					<row2>	-0.9111 0.0000 0.4121 0.0000	</row2>
					<row3>	-0.2209 0.4786 4.6794 1.0000	</row3>
				</transform>
			</node>
			<node>
				<identifier>	MP_CM012_Fire_Hose_Rack_1_INDEX_1	</identifier>
				<transform>
					<row0>	-0.4121 0.0000 0.9111 0.0000	</row0>
					<row1>	0.0000 1.0000 0.0000 0.0000	</row1>
					<row2>	-0.9111 0.0000 -0.4121 0.0000	</row2>
					<row3>	0.2209 0.4786 4.6794 1.0000	</row3>
				</transform>
			</node>
			<node>
				<identifier>	SP_YMS001_YHBM_M_1	</identifier>
				<transform>
					<row0>	1.1685 0.0000 0.0000 0.0000	</row0>
					<row1>	0.0000 1.1685 0.0000 0.0000	</row1>
					<row2>	0.0000 0.0000 1.1685 0.0000	</row2>
					<row3>	0.0000 0.6303 6.9208 1.0000	</row3>
				</transform>
			</node>
			<node>
				<identifier>	SP_YMS002_YHBL_M_1	</identifier>
				<transform>
					<row0>	1.1676 0.0000 -0.0466 0.0000	</row0>
					<row1>	-0.0063 1.1579 -0.1568 0.0000	</row1>
					<row2>	0.0462 0.1569 1.1570 0.0000	</row2>
					<row3>	0.0000 0.6303 6.9208 1.0000	</row3>
				</transform>
			</node>
			<node>
				<identifier>	SP_YMS003_YHBR_M_1	</identifier>
				<transform>
					<row0>	1.1676 0.0000 0.0466 0.0000	</row0>
					<row1>	0.0063 1.1579 -0.1568 0.0000	</row1>
					<row2>	-0.0462 0.1569 1.1570 0.0000	</row2>
					<row3>	0.0000 0.6303 6.9208 1.0000	</row3>
				</transform>
			</node>
			<node>
				<identifier>	SP_YMS004_YHXL_L_1	</identifier>
				<transform>
					<row0>	0.9050 0.3856 -0.1798 0.0000	</row0>
					<row1>	-0.3782 0.9227 0.0751 0.0000	</row1>
					<row2>	0.1948 0.0000 0.9808 0.0000	</row2>
					<row3>	-0.1537 0.3961 6.4433 1.0000	</row3>
				</transform>
			</node>
			<node>
				<identifier>	SP_YMS005_YHXR_L_1	</identifier>
				<transform>
					<row0>	0.9050 -0.3856 0.1798 0.0000	</row0>
					<row1>	0.3782 0.9227 0.0751 0.0000	</row1>
					<row2>	-0.1948 0.0000 0.9808 0.0000	</row2>
					<row3>	0.1537 0.3961 6.4433 1.0000	</row3>
				</transform>
			</node>
			<node>
				<identifier>	SP_YMS010_YHWM_L_1	</identifier>
				<transform>
					<row0>	0.6233 0.0000 0.0000 0.0000	</row0>
					<row1>	0.0000 0.6233 0.0000 0.0000	</row1>
					<row2>	0.0000 0.0000 0.6233 0.0000	</row2>
					<row3>	0.0000 0.0000 6.8004 1.0000	</row3>
				</transform>
			</node>
			<node>
				<identifier>	SP_YMS011_YHWL_M_1	</identifier>
				<transform>
					<row0>	0.9880 0.0000 -0.1547 0.0000	</row0>
					<row1>	0.0000 1.0000 0.0000 0.0000	</row1>
					<row2>	0.1547 0.0000 0.9880 0.0000	</row2>
					<row3>	-0.1600 0.0000 5.6228 1.0000	</row3>
				</transform>
			</node>
			<node>
				<identifier>	SP_YMS011_YHWL_M_1_INDEX_1	</identifier>
				<transform>
					<row0>	0.9890 0.0000 -0.1478 0.0000	</row0>
					<row1>	0.0000 1.0000 0.0000 0.0000	</row1>
					<row2>	0.1478 0.0000 0.9890 0.0000	</row2>
					<row3>	-0.2871 0.0000 4.7879 1.0000	</row3>
				</transform>
			</node>
			<node>
				<identifier>	SP_YMS011_YHWL_M_1_INDEX_2	</identifier>
				<transform>
					<row0>	0.9910 0.0000 -0.1335 0.0000	</row0>
					<row1>	0.0000 1.0000 0.0000 0.0000	</row1>
					<row2>	0.1335 0.0000 0.9910 0.0000	</row2>
					<row3>	-0.4078 0.0000 3.9560 1.0000	</row3>
				</transform>
			</node>
			<node>
				<identifier>	SP_YMS012_YHWR_M_1	</identifier>
				<transform>
					<row0>	0.9880 0.0000 0.1547 0.0000	</row0>
					<row1>	0.0000 1.0000 0.0000 0.0000	</row1>
					<row2>	-0.1547 0.0000 0.9880 0.0000	</row2>
					<row3>	0.1600 0.0000 5.6228 1.0000	</row3>
				</transform>
			</node>
			<node>
				<identifier>	SP_YMS012_YHWR_M_1_INDEX_1	</identifier>
				<transform>
					<row0>	0.9890 0.0000 0.1478 0.0000	</row0>
					<row1>	0.0000 1.0000 0.0000 0.0000	</row1>
					<row2>	-0.1478 0.0000 0.9890 0.0000	</row2>
					<row3>	0.2871 0.0000 4.7879 1.0000	</row3>
				</transform>
			</node>
			<node>
				<identifier>	SP_YMS012_YHWR_M_1_INDEX_2	</identifier>
				<transform>
					<row0>	0.9910 0.0000 0.1335 0.0000	</row0>
					<row1>	0.0000 1.0000 0.0000 0.0000	</row1>
					<row2>	-0.1335 0.0000 0.9910 0.0000	</row2>
					<row3>	0.4078 0.0000 3.9560 1.0000	</row3>
				</transform>
			</node>
			<node>
				<identifier>	SP_YMS020_YHBU_M_1	</identifier>
				<transform>
					<row0>	1.1402 0.0000 0.0000 0.0000	</row0>
					<row1>	0.0000 1.1402 0.0000 0.0000	</row1>
					<row2>	0.0000 0.0000 1.1402 0.0000	</row2>
					<row3>	0.0000 -0.0765 6.6868 1.0000	</row3>
				</transform>
			</node>
			<node>
				<identifier>	SP_YMS053_YHDC_S_1	</identifier>
				<transform>
					<row0>	1.0000 0.0000 0.0000 0.0000	</row0>
					<row1>	0.0000 1.0000 0.0000 0.0000	</row1>
					<row2>	0.0000 0.0000 1.0000 0.0000	</row2>
					<row3>	0.0000 0.4410 4.8856 1.0000	</row3>
				</transform>
			</node>
			<node>
				<identifier>	SP_YMS072_YHHC_M_1	</identifier>
				<transform>
					<row0>	-0.1504 -0.0107 -0.9518 0.0000	</row0>
					<row1>	-0.3981 0.8760 0.0530 0.0000	</row1>
					<row2>	0.8646 0.4015 -0.1411 0.0000	</row2>
					<row3>	-0.2196 0.2019 5.4067 1.0000	</row3>
				</transform>
			</node>
			<node>
				<identifier>	SP_YMS072_YHHC_M_1_INDEX_1	</identifier>
				<transform>
					<row0>	-0.1504 0.0107 0.9518 0.0000	</row0>
					<row1>	0.3981 0.8760 0.0530 0.0000	</row1>
					<row2>	-0.8646 0.4015 -0.1411 0.0000	</row2>
					<row3>	0.2196 0.2019 5.4067 1.0000	</row3>
				</transform>
			</node>
			<node>
				<identifier>	SP_YMS072_YHHC_M_1_INDEX_2	</identifier>
				<transform>
					<row0>	-0.1178 -0.0068 -0.9564 0.0000	</row0>
					<row1>	-0.3768 0.8861 0.0401 0.0000	</row1>
					<row2>	0.8791 0.3789 -0.1109 0.0000	</row2>
					<row3>	-0.3173 0.2007 4.7512 1.0000	</row3>
				</transform>
			</node>
			<node>
				<identifier>	SP_YMS072_YHHC_M_1_INDEX_3	</identifier>
				<transform>
					<row0>	-0.1178 0.0068 0.9564 0.0000	</row0>
					<row1>	0.3768 0.8861 0.0401 0.0000	</row1>
					<row2>	-0.8791 0.3789 -0.1109 0.0000	</row2>
					<row3>	0.3173 0.2007 4.7512 1.0000	</row3>
				</transform>
			</node>
			<node>
				<identifier>	SP_YMS080_YHSL_M_1	</identifier>
				<transform>
					<row0>	0.8550 0.2644 -0.0954 0.0000	</row0>
					<row1>	-0.2685 0.8586 -0.0277 0.0000	</row1>
					<row2>	0.0829 0.0548 0.8945 0.0000	</row2>
					<row3>	-0.4208 0.2209 4.0134 1.0000	</row3>
				</transform>
			</node>
			<node>
				<identifier>	SP_YMS081_YHSR_M_1	</identifier>
				<transform>
					<row0>	0.8550 -0.2644 0.0954 0.0000	</row0>
					<row1>	0.2685 0.8586 -0.0277 0.0000	</row1>
					<row2>	-0.0829 0.0548 0.8945 0.0000	</row2>
					<row3>	0.4208 0.2209 4.0134 1.0000	</row3>
				</transform>
			</node>
			<node>
				<identifier>	SP_YMS096_YHZC_S_1	</identifier>
				<transform>
					<row0>	-0.1035 0.0000 -0.9946 0.0000	</row0>
					<row1>	0.0000 1.0000 0.0000 0.0000	</row1>
					<row2>	0.9946 0.0000 -0.1035 0.0000	</row2>
					<row3>	-0.3822 0.5413 4.9101 1.0000	</row3>
				</transform>
			</node>
			<node>
				<identifier>	SP_YMS096_YHZC_S_1_INDEX_1	</identifier>
				<transform>
					<row0>	-0.1035 0.0000 0.9946 0.0000	</row0>
					<row1>	0.0000 1.0000 0.0000 0.0000	</row1>
					<row2>	-0.9946 0.0000 -0.1035 0.0000	</row2>
					<row3>	0.3822 0.5413 4.9101 1.0000	</row3>
				</transform>
			</node>
		</node>
	</node>
	<boundingBox>
		<min>	-0.0667 -0.0667 -0.0667	</min>
		<max>	0.0667 0.0667 0.0667	</max>
	</boundingBox>
</ASC022_Seattle_1945_Bow_ports.visual>
