<GSC029_Munchen_1944_Bow_ports.visual>
	<node>
		<identifier>	Scene Root	</identifier>
		<transform>
			<row0>	1.0000 0.0000 0.0000 0.0000	</row0>
			<row1>	0.0000 1.0000 0.0000 0.0000	</row1>
			<row2>	0.0000 0.0000 1.0000 0.0000	</row2>
			<row3>	0.0000 0.0000 0.0000 1.0000	</row3>
		</transform>
		<node>
			<identifier>	Bow_ports	</identifier>
			<transform>
				<row0>	1.0000 0.0000 0.0000 0.0000	</row0>
				<row1>	0.0000 1.0000 0.0000 0.0000	</row1>
				<row2>	0.0000 0.0000 1.0000 0.0000	</row2>
				<row3>	0.0000 0.0000 0.0000 1.0000	</row3>
			</transform>
			<node>
				<identifier>	HP_FX_Death_1	</identifier>
				<transform>
					<row0>	1.0000 0.0000 0.0000 0.0000	</row0>
					<row1>	0.0000 1.0000 0.0000 0.0000	</row1>
					<row2>	0.0000 0.0000 1.0000 0.0000	</row2>
					<row3>	0.0000 0.0000 4.0023 1.0000	</row3>
				</transform>
			</node>
			<node>
				<identifier>	HP_FX_Fire_1	</identifier>
				<transform>
					<row0>	1.0000 0.0000 0.0000 0.0000	</row0>
					<row1>	0.0000 1.0000 0.0000 0.0000	</row1>
					<row2>	0.0000 0.0000 1.0000 0.0000	</row2>
					<row3>	0.0000 0.4343 4.5286 1.0000	</row3>
				</transform>
			</node>
			<node>
				<identifier>	HP_FX_Flood_water_left_3	</identifier>
				<transform>
					<row0>	-0.9954 -0.0953 0.0000 0.0000	</row0>
					<row1>	-0.0953 0.9954 0.0000 0.0000	</row1>
					<row2>	0.0000 0.0000 -1.0000 0.0000	</row2>
					<row3>	-0.2682 0.0491 3.8650 1.0000	</row3>
				</transform>
			</node>
			<node>
				<identifier>	HP_FX_Flood_water_right_3	</identifier>
				<transform>
					<row0>	0.9954 -0.0953 0.0000 0.0000	</row0>
					<row1>	0.0953 0.9954 0.0000 0.0000	</row1>
					<row2>	0.0000 0.0000 1.0000 0.0000	</row2>
					<row3>	0.2680 0.0489 3.8659 1.0000	</row3>
				</transform>
			</node>
			<node>
				<identifier>	HP_FX_WakeTrace	</identifier>
				<transform>
					<row0>	1.0000 0.0000 0.0000 0.0000	</row0>
					<row1>	0.0000 1.0000 0.0000 0.0000	</row1>
					<row2>	0.0000 0.0000 1.0000 0.0000	</row2>
					<row3>	0.0000 0.0000 5.9398 1.0000	</row3>
				</transform>
			</node>
			<node>
				<identifier>	HP_GGM_1	</identifier>
				<transform>
					<row0>	1.0000 0.0000 0.0000 0.0000	</row0>
					<row1>	0.0000 1.0000 0.0000 0.0000	</row1>
					<row2>	0.0000 0.0000 1.0000 0.0000	</row2>
					<row3>	0.0000 0.4382 3.6327 1.0000	</row3>
				</transform>
			</node>
			<node>
				<identifier>	MP_CM011_Fire_Fighting_Gear	</identifier>
				<transform>
					<row0>	1.0000 0.0000 0.0000 0.0000	</row0>
					<row1>	0.0000 1.0000 0.0000 0.0000	</row1>
					<row2>	0.0000 0.0000 1.0000 0.0000	</row2>
					<row3>	-0.0015 0.4687 5.6716 1.0000	</row3>
				</transform>
			</node>
			<node>
				<identifier>	MP_CM011_Fire_Fighting_Gear_INDEX_1	</identifier>
				<transform>
					<row0>	-1.0000 0.0000 0.0000 0.0000	</row0>
					<row1>	0.0000 1.0000 0.0000 0.0000	</row1>
					<row2>	0.0000 0.0000 -1.0000 0.0000	</row2>
					<row3>	-0.0526 0.4192 3.9954 1.0000	</row3>
				</transform>
			</node>
			<node>
				<identifier>	MP_CM109_Leadsman_Platform	</identifier>
				<transform>
					<row0>	0.1712 -0.9831 0.0654 0.0000	</row0>
					<row1>	-0.9750 -0.1785 -0.1320 0.0000	</row1>
					<row2>	0.1414 -0.0412 -0.9891 0.0000	</row2>
					<row3>	0.3131 0.4433 5.0372 1.0000	</row3>
				</transform>
			</node>
			<node>
				<identifier>	MP_CM109_Leadsman_Platform_INDEX_1	</identifier>
				<transform>
					<row0>	-0.1648 -0.9842 0.0645 0.0000	</row0>
					<row1>	0.9761 -0.1721 -0.1324 0.0000	</row1>
					<row2>	0.1414 0.0412 0.9891 0.0000	</row2>
					<row3>	-0.3134 0.4427 5.0372 1.0000	</row3>
				</transform>
			</node>
			<node>
				<identifier>	MP_GM065_Firelead	</identifier>
				<transform>
					<row0>	0.5959 -0.0174 0.0681 0.0000	</row0>
					<row1>	0.0198 0.5993 -0.0203 0.0000	</row1>
					<row2>	-0.0674 0.0224 0.5958 0.0000	</row2>
					<row3>	0.3339 0.4248 4.7823 1.0000	</row3>
				</transform>
			</node>
			<node>
				<identifier>	MP_GM065_Firelead_INDEX_1	</identifier>
				<transform>
					<row0>	0.5959 0.0174 -0.0681 0.0000	</row0>
					<row1>	-0.0198 0.5993 -0.0203 0.0000	</row1>
					<row2>	0.0674 0.0224 0.5958 0.0000	</row2>
					<row3>	-0.3339 0.4248 4.7823 1.0000	</row3>
				</transform>
			</node>
			<node>
				<identifier>	MP_GM139_Munchen_Arms	</identifier>
				<transform>
					<row0>	0.8543 -0.4979 0.1493 0.0000	</row0>
					<row1>	0.4940 0.8671 0.0647 0.0000	</row1>
					<row2>	-0.1616 0.0185 0.9867 0.0000	</row2>
					<row3>	0.1509 0.3259 5.3511 1.0000	</row3>
				</transform>
			</node>
			<node>
				<identifier>	MP_GM139_Munchen_Arms_INDEX_1	</identifier>
				<transform>
					<row0>	-0.8477 -0.5068 0.1566 0.0000	</row0>
					<row1>	-0.5017 0.8619 0.0735 0.0000	</row1>
					<row2>	-0.1722 -0.0163 -0.9849 0.0000	</row2>
					<row3>	-0.1514 0.3262 5.3523 1.0000	</row3>
				</transform>
			</node>
		</node>
	</node>
	<boundingBox>
		<min>	-0.0667 -0.0667 -0.0667	</min>
		<max>	0.0667 0.0667 0.0667	</max>
	</boundingBox>
</GSC029_Munchen_1944_Bow_ports.visual>
