<GSC029_Munchen_1944_MidBack_ports.visual>
	<node>
		<identifier>	Scene Root	</identifier>
		<transform>
			<row0>	1.0000 0.0000 0.0000 0.0000	</row0>
			<row1>	0.0000 1.0000 0.0000 0.0000	</row1>
			<row2>	0.0000 0.0000 1.0000 0.0000	</row2>
			<row3>	0.0000 0.0000 0.0000 1.0000	</row3>
		</transform>
		<node>
			<identifier>	MidBack_ports	</identifier>
			<transform>
				<row0>	1.0000 0.0000 0.0000 0.0000	</row0>
				<row1>	0.0000 1.0000 0.0000 0.0000	</row1>
				<row2>	0.0000 0.0000 1.0000 0.0000	</row2>
				<row3>	0.0000 0.0000 0.0000 1.0000	</row3>
			</transform>
			<node>
				<identifier>	HP_FX_Death_2	</identifier>
				<transform>
					<row0>	1.0000 0.0000 0.0000 0.0000	</row0>
					<row1>	0.0000 1.0000 0.0000 0.0000	</row1>
					<row2>	0.0000 0.0000 1.0000 0.0000	</row2>
					<row3>	0.0000 0.0000 -0.2374 1.0000	</row3>
				</transform>
			</node>
			<node>
				<identifier>	HP_FX_Fire_3	</identifier>
				<transform>
					<row0>	1.0000 0.0000 0.0000 0.0000	</row0>
					<row1>	0.0000 1.0000 0.0000 0.0000	</row1>
					<row2>	0.0000 0.0000 1.0000 0.0000	</row2>
					<row3>	0.0000 0.4592 -1.5390 1.0000	</row3>
				</transform>
			</node>
			<node>
				<identifier>	HP_FX_Fire_3_side_1	</identifier>
				<transform>
					<row0>	1.0000 0.0000 0.0000 0.0000	</row0>
					<row1>	0.0000 1.0000 0.0000 0.0000	</row1>
					<row2>	0.0000 0.0000 1.0000 0.0000	</row2>
					<row3>	-0.4861 0.4698 -0.5013 1.0000	</row3>
				</transform>
			</node>
			<node>
				<identifier>	HP_FX_Fire_3_side_2	</identifier>
				<transform>
					<row0>	1.0000 0.0000 0.0000 0.0000	</row0>
					<row1>	0.0000 1.0000 0.0000 0.0000	</row1>
					<row2>	0.0000 0.0000 1.0000 0.0000	</row2>
					<row3>	0.4071 0.3744 -2.4348 1.0000	</row3>
				</transform>
			</node>
			<node>
				<identifier>	HP_FX_FloodLight_left_1	</identifier>
				<transform>
					<row0>	-0.8006 0.0000 -0.5992 0.0000	</row0>
					<row1>	0.0000 1.0000 0.0000 0.0000	</row1>
					<row2>	0.5992 0.0000 -0.8006 0.0000	</row2>
					<row3>	-0.2320 0.5030 -1.8130 1.0000	</row3>
				</transform>
			</node>
			<node>
				<identifier>	HP_FX_FloodLight_right_2	</identifier>
				<transform>
					<row0>	0.8233 0.0000 -0.5676 0.0000	</row0>
					<row1>	0.0000 1.0000 0.0000 0.0000	</row1>
					<row2>	0.5676 0.0000 0.8233 0.0000	</row2>
					<row3>	0.2320 0.5030 -1.8130 1.0000	</row3>
				</transform>
			</node>
			<node>
				<identifier>	HP_FX_Flood_steam_3	</identifier>
				<transform>
					<row0>	1.0000 0.0000 0.0000 0.0000	</row0>
					<row1>	0.0000 0.9838 -0.1795 0.0000	</row1>
					<row2>	0.0000 0.1795 0.9838 0.0000	</row2>
					<row3>	0.0000 1.0832 -1.0744 1.0000	</row3>
				</transform>
			</node>
			<node>
				<identifier>	HP_FX_Flood_steam_right	</identifier>
				<transform>
					<row0>	1.0000 0.0000 0.0000 0.0000	</row0>
					<row1>	0.0000 1.0000 0.0000 0.0000	</row1>
					<row2>	0.0000 0.0000 1.0000 0.0000	</row2>
					<row3>	0.3844 0.4831 -1.3507 1.0000	</row3>
				</transform>
			</node>
			<node>
				<identifier>	HP_FX_Flood_water_left_1	</identifier>
				<transform>
					<row0>	-0.9894 -0.1453 0.0000 0.0000	</row0>
					<row1>	-0.1453 0.9894 0.0000 0.0000	</row1>
					<row2>	0.0000 0.0000 -1.0000 0.0000	</row2>
					<row3>	-0.5319 0.0444 -2.0994 1.0000	</row3>
				</transform>
			</node>
			<node>
				<identifier>	HP_FX_Flood_water_left_2	</identifier>
				<transform>
					<row0>	-0.9997 -0.0231 0.0000 0.0000	</row0>
					<row1>	-0.0231 0.9997 0.0000 0.0000	</row1>
					<row2>	0.0000 0.0000 -1.0000 0.0000	</row2>
					<row3>	-0.5619 0.0456 0.3305 1.0000	</row3>
				</transform>
			</node>
			<node>
				<identifier>	HP_FX_Flood_water_right_1	</identifier>
				<transform>
					<row0>	0.9894 -0.1453 0.0000 0.0000	</row0>
					<row1>	0.1453 0.9894 0.0000 0.0000	</row1>
					<row2>	0.0000 0.0000 1.0000 0.0000	</row2>
					<row3>	0.5319 0.0442 -2.0990 1.0000	</row3>
				</transform>
			</node>
			<node>
				<identifier>	HP_FX_Flood_water_right_2	</identifier>
				<transform>
					<row0>	0.9997 -0.0231 0.0000 0.0000	</row0>
					<row1>	0.0231 0.9997 0.0000 0.0000	</row1>
					<row2>	0.0000 0.0000 1.0000 0.0000	</row2>
					<row3>	0.5619 0.0451 0.3313 1.0000	</row3>
				</transform>
			</node>
			<node>
				<identifier>	HP_FX_Smoke_1	</identifier>
				<transform>
					<row0>	1.0000 0.0000 0.0000 0.0000	</row0>
					<row1>	0.0000 0.9957 -0.0927 0.0000	</row1>
					<row2>	0.0000 0.0927 0.9957 0.0000	</row2>
					<row3>	0.0004 0.9744 -1.1853 1.0000	</row3>
				</transform>
			</node>
			<node>
				<identifier>	HP_GC_1	</identifier>
				<transform>
					<row0>	0.7071 0.0000 0.7071 0.0000	</row0>
					<row1>	0.0000 1.0000 0.0000 0.0000	</row1>
					<row2>	-0.7071 0.0000 0.7071 0.0000	</row2>
					<row3>	0.0000 0.5582 -0.4620 1.0000	</row3>
				</transform>
			</node>
			<node>
				<identifier>	HP_GD_3	</identifier>
				<transform>
					<row0>	0.0000 0.0000 1.0000 0.0000	</row0>
					<row1>	0.0000 1.0000 0.0000 0.0000	</row1>
					<row2>	-1.0000 0.0000 0.0000 0.0000	</row2>
					<row3>	-0.3434 0.5556 -1.4369 1.0000	</row3>
				</transform>
			</node>
			<node>
				<identifier>	HP_GD_4	</identifier>
				<transform>
					<row0>	0.0000 0.0000 -1.0000 0.0000	</row0>
					<row1>	0.0000 1.0000 0.0000 0.0000	</row1>
					<row2>	1.0000 0.0000 0.0000 0.0000	</row2>
					<row3>	0.3434 0.5556 -1.4369 1.0000	</row3>
				</transform>
			</node>
			<node>
				<identifier>	HP_GD_5	</identifier>
				<transform>
					<row0>	-1.0000 0.0000 0.0000 0.0000	</row0>
					<row1>	0.0000 1.0000 0.0000 0.0000	</row1>
					<row2>	0.0000 0.0000 -1.0000 0.0000	</row2>
					<row3>	0.0000 0.5634 -2.1143 1.0000	</row3>
				</transform>
			</node>
			<node>
				<identifier>	HP_GF_5	</identifier>
				<transform>
					<row0>	-1.0000 0.0000 0.0000 0.0000	</row0>
					<row1>	0.0000 1.0000 0.0000 0.0000	</row1>
					<row2>	0.0000 0.0000 -1.0000 0.0000	</row2>
					<row3>	0.0000 0.6183 -1.8701 1.0000	</row3>
				</transform>
			</node>
			<node>
				<identifier>	HP_GGA_5	</identifier>
				<transform>
					<row0>	0.0000 0.0000 1.0000 0.0000	</row0>
					<row1>	0.0000 1.0000 0.0000 0.0000	</row1>
					<row2>	-1.0000 0.0000 0.0000 0.0000	</row2>
					<row3>	-0.4543 0.3741 0.4360 1.0000	</row3>
				</transform>
			</node>
			<node>
				<identifier>	HP_GGA_6	</identifier>
				<transform>
					<row0>	0.0000 0.0000 -1.0000 0.0000	</row0>
					<row1>	0.0000 1.0000 0.0000 0.0000	</row1>
					<row2>	1.0000 0.0000 0.0000 0.0000	</row2>
					<row3>	0.4543 0.3741 0.4360 1.0000	</row3>
				</transform>
			</node>
			<node>
				<identifier>	HP_GGA_7	</identifier>
				<transform>
					<row0>	0.0000 0.0000 1.0000 0.0000	</row0>
					<row1>	0.0000 1.0000 0.0000 0.0000	</row1>
					<row2>	-1.0000 0.0000 0.0000 0.0000	</row2>
					<row3>	-0.3430 0.5551 -0.9461 1.0000	</row3>
				</transform>
			</node>
			<node>
				<identifier>	HP_GGA_8	</identifier>
				<transform>
					<row0>	0.0000 0.0000 -1.0000 0.0000	</row0>
					<row1>	0.0000 1.0000 0.0000 0.0000	</row1>
					<row2>	1.0000 0.0000 0.0000 0.0000	</row2>
					<row3>	0.3430 0.5551 -0.9461 1.0000	</row3>
				</transform>
			</node>
			<node>
				<identifier>	HP_GGM_3	</identifier>
				<transform>
					<row0>	-1.0000 0.0000 0.0000 0.0000	</row0>
					<row1>	0.0000 1.0000 0.0000 0.0000	</row1>
					<row2>	0.0000 0.0000 -1.0000 0.0000	</row2>
					<row3>	0.0000 0.4187 -3.2990 1.0000	</row3>
				</transform>
			</node>
			<node>
				<identifier>	HP_GGS_1	</identifier>
				<transform>
					<row0>	-1.0000 0.0000 0.0000 0.0000	</row0>
					<row1>	0.0000 1.0000 0.0000 0.0000	</row1>
					<row2>	0.0000 0.0000 -1.0000 0.0000	</row2>
					<row3>	-0.3987 0.3709 -1.9638 1.0000	</row3>
				</transform>
			</node>
			<node>
				<identifier>	HP_GGS_2	</identifier>
				<transform>
					<row0>	-1.0000 0.0000 0.0000 0.0000	</row0>
					<row1>	0.0000 1.0000 0.0000 0.0000	</row1>
					<row2>	0.0000 0.0000 -1.0000 0.0000	</row2>
					<row3>	0.3987 0.3709 -1.9638 1.0000	</row3>
				</transform>
			</node>
			<node>
				<identifier>	HP_GGT_1	</identifier>
				<transform>
					<row0>	1.0000 0.0000 0.0000 0.0000	</row0>
					<row1>	0.0000 1.0000 0.0000 0.0000	</row1>
					<row2>	0.0000 0.0000 1.0000 0.0000	</row2>
					<row3>	-0.4543 0.2305 -0.1267 1.0000	</row3>
				</transform>
			</node>
			<node>
				<identifier>	HP_GGT_2	</identifier>
				<transform>
					<row0>	1.0000 0.0000 0.0000 0.0000	</row0>
					<row1>	0.0000 1.0000 0.0000 0.0000	</row1>
					<row2>	0.0000 0.0000 1.0000 0.0000	</row2>
					<row3>	0.4543 0.2305 -0.1267 1.0000	</row3>
				</transform>
			</node>
			<node>
				<identifier>	HP_flag_1	</identifier>
				<transform>
					<row0>	0.9938 -0.1114 -0.0009 0.0000	</row0>
					<row1>	0.1114 0.9936 0.0165 0.0000	</row1>
					<row2>	-0.0009 -0.0165 0.9999 0.0000	</row2>
					<row3>	0.2906 1.4770 -1.5124 1.0000	</row3>
				</transform>
			</node>
			<node>
				<identifier>	HP_flag_2	</identifier>
				<transform>
					<row0>	0.9938 0.1114 0.0009 0.0000	</row0>
					<row1>	-0.1114 0.9936 0.0165 0.0000	</row1>
					<row2>	0.0009 -0.0165 0.9999 0.0000	</row2>
					<row3>	-0.2906 1.4770 -1.5124 1.0000	</row3>
				</transform>
			</node>
			<node>
				<identifier>	HP_flag_3	</identifier>
				<transform>
					<row0>	1.0000 0.0010 0.0000 0.0000	</row0>
					<row1>	-0.0010 0.9999 0.0169 0.0000	</row1>
					<row2>	0.0000 -0.0169 0.9999 0.0000	</row2>
					<row3>	0.1371 1.4757 -1.5123 1.0000	</row3>
				</transform>
			</node>
			<node>
				<identifier>	HP_flag_4	</identifier>
				<transform>
					<row0>	1.0000 -0.0010 0.0000 0.0000	</row0>
					<row1>	0.0010 0.9999 0.0169 0.0000	</row1>
					<row2>	0.0000 -0.0169 0.9999 0.0000	</row2>
					<row3>	-0.1364 1.4759 -1.5132 1.0000	</row3>
				</transform>
			</node>
			<node>
				<identifier>	HP_flag_nation	</identifier>
				<transform>
					<row0>	0.9940 -0.1089 0.0091 0.0000	</row0>
					<row1>	0.1089 0.9803 -0.1646 0.0000	</row1>
					<row2>	0.0091 0.1646 0.9863 0.0000	</row2>
					<row3>	-0.0025 1.5267 -1.6823 1.0000	</row3>
				</transform>
			</node>
			<node>
				<identifier>	MP_CM011_Fire_Fighting_Gear	</identifier>
				<transform>
					<row0>	-1.0000 0.0000 0.0000 0.0000	</row0>
					<row1>	0.0000 1.0000 0.0000 0.0000	</row1>
					<row2>	0.0000 0.0000 -1.0000 0.0000	</row2>
					<row3>	-0.0971 0.5336 -0.9007 1.0000	</row3>
				</transform>
			</node>
			<node>
				<identifier>	MP_CM011_Fire_Fighting_Gear_INDEX_1	</identifier>
				<transform>
					<row0>	1.0000 0.0000 0.0000 0.0000	</row0>
					<row1>	0.0000 1.0000 0.0000 0.0000	</row1>
					<row2>	0.0000 0.0000 1.0000 0.0000	</row2>
					<row3>	-0.1286 0.5466 -1.2239 1.0000	</row3>
				</transform>
			</node>
			<node>
				<identifier>	MP_CM014_Fuel_Oil_Hose	</identifier>
				<transform>
					<row0>	1.0000 0.0000 0.0000 0.0000	</row0>
					<row1>	0.0000 1.0000 0.0000 0.0000	</row1>
					<row2>	0.0000 0.0000 1.0000 0.0000	</row2>
					<row3>	-0.3847 0.4086 -1.2027 1.0000	</row3>
				</transform>
			</node>
			<node>
				<identifier>	MP_CM014_Fuel_Oil_Hose_INDEX_1	</identifier>
				<transform>
					<row0>	1.0000 0.0000 0.0000 0.0000	</row0>
					<row1>	0.0000 1.0000 0.0000 0.0000	</row1>
					<row2>	0.0000 0.0000 1.0000 0.0000	</row2>
					<row3>	-0.3847 0.4084 -1.0367 1.0000	</row3>
				</transform>
			</node>
			<node>
				<identifier>	MP_CM014_Fuel_Oil_Hose_INDEX_2	</identifier>
				<transform>
					<row0>	-1.0000 0.0000 0.0000 0.0000	</row0>
					<row1>	0.0000 1.0000 0.0000 0.0000	</row1>
					<row2>	0.0000 0.0000 -1.0000 0.0000	</row2>
					<row3>	0.3847 0.4076 -1.3689 1.0000	</row3>
				</transform>
			</node>
			<node>
				<identifier>	MP_CM014_Fuel_Oil_Hose_INDEX_3	</identifier>
				<transform>
					<row0>	1.0000 0.0000 0.0097 0.0000	</row0>
					<row1>	0.0000 1.0000 0.0000 0.0000	</row1>
					<row2>	-0.0097 0.0000 1.0000 0.0000	</row2>
					<row3>	-0.3099 0.2487 -3.0145 1.0000	</row3>
				</transform>
			</node>
			<node>
				<identifier>	MP_CM014_Fuel_Oil_Hose_INDEX_4	</identifier>
				<transform>
					<row0>	1.0000 0.0000 0.0097 0.0000	</row0>
					<row1>	0.0000 1.0000 0.0000 0.0000	</row1>
					<row2>	-0.0097 0.0000 1.0000 0.0000	</row2>
					<row3>	-0.3099 0.2753 -3.0145 1.0000	</row3>
				</transform>
			</node>
			<node>
				<identifier>	MP_CM014_Fuel_Oil_Hose_INDEX_5	</identifier>
				<transform>
					<row0>	-1.0000 0.0000 0.0000 0.0000	</row0>
					<row1>	0.0000 1.0000 0.0000 0.0000	</row1>
					<row2>	0.0000 0.0000 -1.0000 0.0000	</row2>
					<row3>	0.3847 0.4077 -1.2054 1.0000	</row3>
				</transform>
			</node>
			<node>
				<identifier>	MP_CM029_Emergency_Box	</identifier>
				<transform>
					<row0>	1.0000 0.0000 0.0091 0.0000	</row0>
					<row1>	0.0000 1.0000 0.0000 0.0000	</row1>
					<row2>	-0.0091 0.0000 1.0000 0.0000	</row2>
					<row3>	0.4235 0.2822 -2.7901 1.0000	</row3>
				</transform>
			</node>
			<node>
				<identifier>	MP_CM029_Emergency_Box_INDEX_1	</identifier>
				<transform>
					<row0>	1.0000 0.0000 -0.0091 0.0000	</row0>
					<row1>	0.0000 1.0000 0.0000 0.0000	</row1>
					<row2>	0.0091 0.0000 1.0000 0.0000	</row2>
					<row3>	-0.4235 0.2822 -2.7901 1.0000	</row3>
				</transform>
			</node>
			<node>
				<identifier>	MP_CM029_Emergency_Box_INDEX_2	</identifier>
				<transform>
					<row0>	1.0000 0.0000 0.0091 0.0000	</row0>
					<row1>	0.0000 1.0000 0.0000 0.0000	</row1>
					<row2>	-0.0091 0.0000 1.0000 0.0000	</row2>
					<row3>	-0.0449 0.4541 -2.0720 1.0000	</row3>
				</transform>
			</node>
			<node>
				<identifier>	MP_CM029_Emergency_Box_INDEX_3	</identifier>
				<transform>
					<row0>	1.0000 0.0000 0.0091 0.0000	</row0>
					<row1>	0.0000 1.0000 0.0000 0.0000	</row1>
					<row2>	-0.0091 0.0000 1.0000 0.0000	</row2>
					<row3>	0.1429 0.5870 -1.2210 1.0000	</row3>
				</transform>
			</node>
			<node>
				<identifier>	MP_CM040_Steering_Wheel	</identifier>
				<transform>
					<row0>	1.0000 0.0000 0.0000 0.0000	</row0>
					<row1>	0.0000 1.0000 0.0000 0.0000	</row1>
					<row2>	0.0000 0.0000 1.0000 0.0000	</row2>
					<row3>	0.0000 0.5444 -1.4657 1.0000	</row3>
				</transform>
			</node>
			<node>
				<identifier>	MP_CM051_Fire_Fighting_Gear	</identifier>
				<transform>
					<row0>	-1.0000 0.0000 -0.0054 0.0000	</row0>
					<row1>	0.0000 -1.0000 0.0000 0.0000	</row1>
					<row2>	-0.0054 0.0000 1.0000 0.0000	</row2>
					<row3>	-0.3078 0.2449 -3.1517 1.0000	</row3>
				</transform>
			</node>
			<node>
				<identifier>	MP_CM051_Fire_Fighting_Gear_INDEX_1	</identifier>
				<transform>
					<row0>	1.0000 0.0000 0.0000 0.0000	</row0>
					<row1>	0.0000 -1.0000 0.0000 0.0000	</row1>
					<row2>	0.0000 0.0000 -1.0000 0.0000	</row2>
					<row3>	0.3832 0.3959 -1.4576 1.0000	</row3>
				</transform>
			</node>
			<node>
				<identifier>	MP_CM051_Fire_Fighting_Gear_INDEX_2	</identifier>
				<transform>
					<row0>	-1.0000 0.0000 0.0000 0.0000	</row0>
					<row1>	0.0000 1.0000 0.0000 0.0000	</row1>
					<row2>	0.0000 0.0000 -1.0000 0.0000	</row2>
					<row3>	-0.3825 0.3938 -1.4436 1.0000	</row3>
				</transform>
			</node>
			<node>
				<identifier>	MP_CM051_Fire_Fighting_Gear_INDEX_3	</identifier>
				<transform>
					<row0>	0.8901 0.0000 -0.4558 0.0000	</row0>
					<row1>	0.0000 1.0000 0.0000 0.0000	</row1>
					<row2>	0.4558 0.0000 0.8901 0.0000	</row2>
					<row3>	0.2378 0.2449 -3.3063 1.0000	</row3>
				</transform>
			</node>
			<node>
				<identifier>	MP_CM052_Fender	</identifier>
				<transform>
					<row0>	-0.8000 0.0000 0.0000 0.0000	</row0>
					<row1>	0.0000 0.8000 0.0000 0.0000	</row1>
					<row2>	0.0000 0.0000 -0.8000 0.0000	</row2>
					<row3>	0.4701 0.2250 -2.8096 1.0000	</row3>
				</transform>
			</node>
			<node>
				<identifier>	MP_CM052_Fender_INDEX_1	</identifier>
				<transform>
					<row0>	-0.0191 0.0000 -0.7998 0.0000	</row0>
					<row1>	0.0000 0.8000 0.0000 0.0000	</row1>
					<row2>	0.7998 0.0000 -0.0191 0.0000	</row2>
					<row3>	0.4101 0.3740 -1.5233 1.0000	</row3>
				</transform>
			</node>
			<node>
				<identifier>	MP_CM052_Fender_INDEX_2	</identifier>
				<transform>
					<row0>	-0.0191 0.0000 0.7998 0.0000	</row0>
					<row1>	0.0000 0.8000 0.0000 0.0000	</row1>
					<row2>	-0.7998 0.0000 -0.0191 0.0000	</row2>
					<row3>	-0.4106 0.3740 -1.5174 1.0000	</row3>
				</transform>
			</node>
			<node>
				<identifier>	MP_CM052_Fender_INDEX_3	</identifier>
				<transform>
					<row0>	-0.8000 0.0000 0.0000 0.0000	</row0>
					<row1>	0.0000 0.8000 0.0000 0.0000	</row1>
					<row2>	0.0000 0.0000 -0.8000 0.0000	</row2>
					<row3>	-0.4701 0.2250 -2.8096 1.0000	</row3>
				</transform>
			</node>
			<node>
				<identifier>	MP_CM056_Ships_bell	</identifier>
				<transform>
					<row0>	0.8000 0.0000 0.0000 0.0000	</row0>
					<row1>	0.0000 0.8000 0.0000 0.0000	</row1>
					<row2>	0.0000 0.0000 0.8000 0.0000	</row2>
					<row3>	0.0000 0.5324 -2.1872 1.0000	</row3>
				</transform>
			</node>
			<node>
				<identifier>	MP_GM003_Reels_1	</identifier>
				<transform>
					<row0>	1.3252 0.0000 0.0000 0.0000	</row0>
					<row1>	0.0000 0.0000 -1.3252 0.0000	</row1>
					<row2>	0.0000 1.3252 0.0000 0.0000	</row2>
					<row3>	0.0000 0.3344 -3.4630 1.0000	</row3>
				</transform>
			</node>
			<node>
				<identifier>	MP_GM008_Loudspeaker	</identifier>
				<transform>
					<row0>	0.0000 0.0000 -1.0000 0.0000	</row0>
					<row1>	0.0000 1.0000 0.0000 0.0000	</row1>
					<row2>	1.0000 0.0000 0.0000 0.0000	</row2>
					<row3>	0.0000 0.5851 -2.2004 1.0000	</row3>
				</transform>
			</node>
			<node>
				<identifier>	MP_GM011_Pelorus	</identifier>
				<transform>
					<row0>	0.0000 0.0000 -1.0000 0.0000	</row0>
					<row1>	0.0000 1.0000 0.0000 0.0000	</row1>
					<row2>	1.0000 0.0000 0.0000 0.0000	</row2>
					<row3>	-0.3363 0.5436 -1.5706 1.0000	</row3>
				</transform>
			</node>
			<node>
				<identifier>	MP_GM011_Pelorus_INDEX_1	</identifier>
				<transform>
					<row0>	0.0000 0.0000 1.0000 0.0000	</row0>
					<row1>	0.0000 1.0000 0.0000 0.0000	</row1>
					<row2>	-1.0000 0.0000 0.0000 0.0000	</row2>
					<row3>	0.3363 0.5436 -1.5706 1.0000	</row3>
				</transform>
			</node>
			<node>
				<identifier>	MP_GM016_Sleeve	</identifier>
				<transform>
					<row0>	-0.5000 0.0000 -0.8660 0.0000	</row0>
					<row1>	0.0000 1.0000 0.0000 0.0000	</row1>
					<row2>	0.8660 0.0000 -0.5000 0.0000	</row2>
					<row3>	0.2435 0.3120 -3.2947 1.0000	</row3>
				</transform>
			</node>
			<node>
				<identifier>	MP_GM016_Sleeve_INDEX_1	</identifier>
				<transform>
					<row0>	-1.0000 0.0000 0.0000 0.0000	</row0>
					<row1>	0.0000 1.0000 0.0000 0.0000	</row1>
					<row2>	0.0000 0.0000 -1.0000 0.0000	</row2>
					<row3>	-0.1702 0.5922 -1.2147 1.0000	</row3>
				</transform>
			</node>
			<node>
				<identifier>	MP_GM016_Sleeve_INDEX_2	</identifier>
				<transform>
					<row0>	0.0000 0.0000 -1.0000 0.0000	</row0>
					<row1>	0.0000 1.0000 0.0000 0.0000	</row1>
					<row2>	1.0000 0.0000 0.0000 0.0000	</row2>
					<row3>	-0.1539 0.6125 -0.9104 1.0000	</row3>
				</transform>
			</node>
			<node>
				<identifier>	MP_GM016_Sleeve_INDEX_3	</identifier>
				<transform>
					<row0>	0.0000 0.0000 1.0000 0.0000	</row0>
					<row1>	0.0000 1.0000 0.0000 0.0000	</row1>
					<row2>	-1.0000 0.0000 0.0000 0.0000	</row2>
					<row3>	-0.3075 0.3092 -3.1379 1.0000	</row3>
				</transform>
			</node>
			<node>
				<identifier>	MP_GM016_Sleeve_INDEX_4	</identifier>
				<transform>
					<row0>	0.0000 0.0000 1.0000 0.0000	</row0>
					<row1>	0.0000 1.0000 0.0000 0.0000	</row1>
					<row2>	-1.0000 0.0000 0.0000 0.0000	</row2>
					<row3>	-0.3832 0.4591 -1.4580 1.0000	</row3>
				</transform>
			</node>
			<node>
				<identifier>	MP_GM016_Sleeve_INDEX_5	</identifier>
				<transform>
					<row0>	0.0000 0.0000 -1.0000 0.0000	</row0>
					<row1>	0.0000 1.0000 0.0000 0.0000	</row1>
					<row2>	1.0000 0.0000 0.0000 0.0000	</row2>
					<row3>	0.3832 0.4575 -1.4688 1.0000	</row3>
				</transform>
			</node>
			<node>
				<identifier>	MP_GM018_Siren	</identifier>
				<transform>
					<row0>	-0.6150 0.0000 0.7885 0.0000	</row0>
					<row1>	0.0000 1.0000 0.0000 0.0000	</row1>
					<row2>	-0.7885 0.0000 -0.6150 0.0000	</row2>
					<row3>	-0.2705 0.5016 -1.7492 1.0000	</row3>
				</transform>
			</node>
			<node>
				<identifier>	MP_GM018_Siren_INDEX_1	</identifier>
				<transform>
					<row0>	-0.6150 0.0000 -0.7885 0.0000	</row0>
					<row1>	0.0000 1.0000 0.0000 0.0000	</row1>
					<row2>	0.7885 0.0000 -0.6150 0.0000	</row2>
					<row3>	0.2705 0.5016 -1.7492 1.0000	</row3>
				</transform>
			</node>
			<node>
				<identifier>	MP_GM018_Siren_INDEX_2	</identifier>
				<transform>
					<row0>	-0.5688 -0.0254 0.8221 0.0000	</row0>
					<row1>	-0.0882 0.9956 -0.0303 0.0000	</row1>
					<row2>	-0.8177 -0.0898 -0.5685 0.0000	</row2>
					<row3>	-0.0847 0.7414 -1.2759 1.0000	</row3>
				</transform>
			</node>
			<node>
				<identifier>	MP_GM018_Siren_INDEX_3	</identifier>
				<transform>
					<row0>	-0.5688 0.0254 -0.8221 0.0000	</row0>
					<row1>	0.0882 0.9956 -0.0303 0.0000	</row1>
					<row2>	0.8177 -0.0898 -0.5685 0.0000	</row2>
					<row3>	0.0851 0.7397 -1.2750 1.0000	</row3>
				</transform>
			</node>
			<node>
				<identifier>	MP_GM019_Loading_machine	</identifier>
				<transform>
					<row0>	-1.0000 0.0000 0.0000 0.0000	</row0>
					<row1>	0.0000 1.0000 0.0000 0.0000	</row1>
					<row2>	0.0000 0.0000 -1.0000 0.0000	</row2>
					<row3>	0.0177 0.3889 -2.6629 1.0000	</row3>
				</transform>
			</node>
			<node>
				<identifier>	MP_GM022_Freon_Cylinder_acetylene	</identifier>
				<transform>
					<row0>	-0.4074 0.0000 0.9132 0.0000	</row0>
					<row1>	0.0000 1.0000 0.0000 0.0000	</row1>
					<row2>	-0.9132 0.0000 -0.4074 0.0000	</row2>
					<row3>	0.2579 0.3817 -0.5650 1.0000	</row3>
				</transform>
			</node>
			<node>
				<identifier>	MP_GM022_Freon_Cylinder_acetylene_INDEX_1	</identifier>
				<transform>
					<row0>	-0.4074 0.0000 -0.9132 0.0000	</row0>
					<row1>	0.0000 1.0000 0.0000 0.0000	</row1>
					<row2>	0.9132 0.0000 -0.4074 0.0000	</row2>
					<row3>	-0.3289 0.3777 -0.7255 1.0000	</row3>
				</transform>
			</node>
			<node>
				<identifier>	MP_GM022_Freon_Cylinder_acetylene_INDEX_2	</identifier>
				<transform>
					<row0>	-0.4074 0.0000 0.9132 0.0000	</row0>
					<row1>	0.0000 1.0000 0.0000 0.0000	</row1>
					<row2>	-0.9132 0.0000 -0.4074 0.0000	</row2>
					<row3>	0.2824 0.3817 -0.6199 1.0000	</row3>
				</transform>
			</node>
			<node>
				<identifier>	MP_GM022_Freon_Cylinder_acetylene_INDEX_3	</identifier>
				<transform>
					<row0>	-0.4074 0.0000 -0.9132 0.0000	</row0>
					<row1>	0.0000 1.0000 0.0000 0.0000	</row1>
					<row2>	0.9132 0.0000 -0.4074 0.0000	</row2>
					<row3>	-0.3542 0.3764 -0.7811 1.0000	</row3>
				</transform>
			</node>
			<node>
				<identifier>	MP_GM023_Acetylen_Cylinder	</identifier>
				<transform>
					<row0>	-1.0000 0.0000 0.0000 0.0000	</row0>
					<row1>	0.0000 1.0000 0.0000 0.0000	</row1>
					<row2>	0.0000 0.0000 -1.0000 0.0000	</row2>
					<row3>	0.1805 0.3846 -0.3591 1.0000	</row3>
				</transform>
			</node>
			<node>
				<identifier>	MP_GM024_Night_Indicator	</identifier>
				<transform>
					<row0>	-1.0000 0.0000 0.0000 0.0000	</row0>
					<row1>	0.0000 1.0000 0.0000 0.0000	</row1>
					<row2>	0.0000 0.0000 -1.0000 0.0000	</row2>
					<row3>	0.0000 0.9867 -1.4171 1.0000	</row3>
				</transform>
			</node>
			<node>
				<identifier>	MP_GM028_Compass_Binnacle	</identifier>
				<transform>
					<row0>	1.0000 0.0000 0.0000 0.0000	</row0>
					<row1>	0.0000 1.0000 0.0000 0.0000	</row1>
					<row2>	0.0000 0.0000 1.0000 0.0000	</row2>
					<row3>	0.0000 0.5418 -1.4257 1.0000	</row3>
				</transform>
			</node>
			<node>
				<identifier>	MP_GM035_LifeBuoy_Mount	</identifier>
				<transform>
					<row0>	-0.9106 0.0000 -0.4134 0.0000	</row0>
					<row1>	0.0000 1.0000 0.0000 0.0000	</row1>
					<row2>	0.4134 0.0000 -0.9106 0.0000	</row2>
					<row3>	0.3598 0.4614 -0.8170 1.0000	</row3>
				</transform>
			</node>
			<node>
				<identifier>	MP_GM035_LifeBuoy_Mount_INDEX_1	</identifier>
				<transform>
					<row0>	1.0000 0.0000 0.0033 0.0000	</row0>
					<row1>	0.0000 1.0000 0.0000 0.0000	</row1>
					<row2>	-0.0033 0.0000 1.0000 0.0000	</row2>
					<row3>	-0.3095 0.2955 -2.8902 1.0000	</row3>
				</transform>
			</node>
			<node>
				<identifier>	MP_GM035_LifeBuoy_Mount_INDEX_2	</identifier>
				<transform>
					<row0>	-1.0000 0.0000 0.0056 0.0000	</row0>
					<row1>	0.0000 1.0000 0.0000 0.0000	</row1>
					<row2>	-0.0056 0.0000 -1.0000 0.0000	</row2>
					<row3>	0.3095 0.2954 -2.8901 1.0000	</row3>
				</transform>
			</node>
			<node>
				<identifier>	MP_GM035_LifeBuoy_Mount_INDEX_3	</identifier>
				<transform>
					<row0>	1.0000 0.0000 0.0000 0.0000	</row0>
					<row1>	0.0000 1.0000 0.0000 0.0000	</row1>
					<row2>	0.0000 0.0000 1.0000 0.0000	</row2>
					<row3>	-0.3835 0.4536 -1.3146 1.0000	</row3>
				</transform>
			</node>
			<node>
				<identifier>	MP_GM127_Helmet	</identifier>
				<transform>
					<row0>	0.6606 0.0027 0.7507 0.0000	</row0>
					<row1>	0.7489 0.0668 -0.6593 0.0000	</row1>
					<row2>	-0.0519 0.9978 0.0421 0.0000	</row2>
					<row3>	0.2023 0.5973 -1.6452 1.0000	</row3>
				</transform>
			</node>
			<node>
				<identifier>	MP_GM127_Helmet_INDEX_1	</identifier>
				<transform>
					<row0>	0.6606 -0.0027 -0.7507 0.0000	</row0>
					<row1>	-0.7489 0.0668 -0.6593 0.0000	</row1>
					<row2>	0.0519 0.9978 0.0421 0.0000	</row2>
					<row3>	-0.2143 0.5973 -1.6307 1.0000	</row3>
				</transform>
			</node>
			<node>
				<identifier>	MP_GM127_Helmet_INDEX_10	</identifier>
				<transform>
					<row0>	0.5896 -0.0027 -0.8077 0.0000	</row0>
					<row1>	-0.8058 0.0668 -0.5884 0.0000	</row1>
					<row2>	0.0555 0.9978 0.0372 0.0000	</row2>
					<row3>	-0.3028 0.4285 -1.7043 1.0000	</row3>
				</transform>
			</node>
			<node>
				<identifier>	MP_GM127_Helmet_INDEX_11	</identifier>
				<transform>
					<row0>	0.5896 0.0027 0.8077 0.0000	</row0>
					<row1>	0.8058 0.0668 -0.5884 0.0000	</row1>
					<row2>	-0.0555 0.9978 0.0372 0.0000	</row2>
					<row3>	0.3029 0.4285 -1.7044 1.0000	</row3>
				</transform>
			</node>
			<node>
				<identifier>	MP_GM127_Helmet_INDEX_2	</identifier>
				<transform>
					<row0>	0.5896 -0.0027 -0.8077 0.0000	</row0>
					<row1>	-0.8058 0.0668 -0.5884 0.0000	</row1>
					<row2>	0.0555 0.9978 0.0372 0.0000	</row2>
					<row3>	-0.3135 0.4285 -1.6889 1.0000	</row3>
				</transform>
			</node>
			<node>
				<identifier>	MP_GM127_Helmet_INDEX_3	</identifier>
				<transform>
					<row0>	0.5896 -0.0027 -0.8077 0.0000	</row0>
					<row1>	-0.8058 0.0668 -0.5884 0.0000	</row1>
					<row2>	0.0555 0.9978 0.0372 0.0000	</row2>
					<row3>	-0.3135 0.4605 -1.6889 1.0000	</row3>
				</transform>
			</node>
			<node>
				<identifier>	MP_GM127_Helmet_INDEX_4	</identifier>
				<transform>
					<row0>	0.5896 0.0027 0.8077 0.0000	</row0>
					<row1>	0.8058 0.0668 -0.5884 0.0000	</row1>
					<row2>	-0.0555 0.9978 0.0372 0.0000	</row2>
					<row3>	0.3029 0.4605 -1.7044 1.0000	</row3>
				</transform>
			</node>
			<node>
				<identifier>	MP_GM127_Helmet_INDEX_5	</identifier>
				<transform>
					<row0>	0.5896 -0.0027 -0.8077 0.0000	</row0>
					<row1>	-0.8058 0.0668 -0.5884 0.0000	</row1>
					<row2>	0.0555 0.9978 0.0372 0.0000	</row2>
					<row3>	-0.3028 0.4605 -1.7043 1.0000	</row3>
				</transform>
			</node>
			<node>
				<identifier>	MP_GM127_Helmet_INDEX_6	</identifier>
				<transform>
					<row0>	0.5896 0.0027 0.8077 0.0000	</row0>
					<row1>	0.8058 0.0668 -0.5884 0.0000	</row1>
					<row2>	-0.0555 0.9978 0.0372 0.0000	</row2>
					<row3>	0.3135 0.4605 -1.6889 1.0000	</row3>
				</transform>
			</node>
			<node>
				<identifier>	MP_GM127_Helmet_INDEX_7	</identifier>
				<transform>
					<row0>	0.6606 -0.0027 -0.7507 0.0000	</row0>
					<row1>	-0.7489 0.0668 -0.6593 0.0000	</row1>
					<row2>	0.0519 0.9978 0.0421 0.0000	</row2>
					<row3>	-0.2037 0.5973 -1.6462 1.0000	</row3>
				</transform>
			</node>
			<node>
				<identifier>	MP_GM127_Helmet_INDEX_8	</identifier>
				<transform>
					<row0>	0.5896 0.0027 0.8077 0.0000	</row0>
					<row1>	0.8058 0.0668 -0.5884 0.0000	</row1>
					<row2>	-0.0555 0.9978 0.0372 0.0000	</row2>
					<row3>	0.3135 0.4285 -1.6889 1.0000	</row3>
				</transform>
			</node>
			<node>
				<identifier>	MP_GM127_Helmet_INDEX_9	</identifier>
				<transform>
					<row0>	0.6606 0.0027 0.7507 0.0000	</row0>
					<row1>	0.7489 0.0668 -0.6593 0.0000	</row1>
					<row2>	-0.0519 0.9978 0.0421 0.0000	</row2>
					<row3>	0.2143 0.5973 -1.6307 1.0000	</row3>
				</transform>
			</node>
			<node>
				<identifier>	MP_GM510_Motordingi	</identifier>
				<transform>
					<row0>	1.0000 0.0000 0.0000 0.0000	</row0>
					<row1>	0.0000 1.0000 0.0000 0.0000	</row1>
					<row2>	0.0000 0.0000 1.0000 0.0000	</row2>
					<row3>	-0.4917 0.4215 -0.4829 1.0000	</row3>
				</transform>
			</node>
			<node>
				<identifier>	MP_GM514_Motorpinasse_9_2m	</identifier>
				<transform>
					<row0>	1.0000 0.0000 0.0000 0.0000	</row0>
					<row1>	0.0000 1.0000 0.0000 0.0000	</row1>
					<row2>	0.0000 0.0000 1.0000 0.0000	</row2>
					<row3>	0.4823 0.4355 -0.5126 1.0000	</row3>
				</transform>
			</node>
			<node>
				<identifier>	MP_GM534_Life_Boat	</identifier>
				<transform>
					<row0>	0.4127 0.0000 -0.9108 0.0000	</row0>
					<row1>	0.0000 1.0000 0.0000 0.0000	</row1>
					<row2>	0.9108 0.0000 0.4127 0.0000	</row2>
					<row3>	0.2276 0.5311 -0.6857 1.0000	</row3>
				</transform>
			</node>
			<node>
				<identifier>	MP_GM534_Life_Boat_INDEX_1	</identifier>
				<transform>
					<row0>	-0.9108 0.0000 -0.4127 0.0000	</row0>
					<row1>	0.0000 1.0000 0.0000 0.0000	</row1>
					<row2>	0.4127 0.0000 -0.9108 0.0000	</row2>
					<row3>	0.2276 0.5577 -0.6857 1.0000	</row3>
				</transform>
			</node>
			<node>
				<identifier>	MP_GM534_Life_Boat_INDEX_2	</identifier>
				<transform>
					<row0>	0.0000 0.0000 1.0000 0.0000	</row0>
					<row1>	0.0000 1.0000 0.0000 0.0000	</row1>
					<row2>	-1.0000 0.0000 0.0000 0.0000	</row2>
					<row3>	0.0829 0.5577 -0.8220 1.0000	</row3>
				</transform>
			</node>
			<node>
				<identifier>	MP_GM534_Life_Boat_INDEX_3	</identifier>
				<transform>
					<row0>	1.0000 0.0000 0.0000 0.0000	</row0>
					<row1>	0.0000 1.0000 0.0000 0.0000	</row1>
					<row2>	0.0000 0.0000 1.0000 0.0000	</row2>
					<row3>	-0.0326 0.5311 -0.8220 1.0000	</row3>
				</transform>
			</node>
			<node>
				<identifier>	MP_GM534_Life_Boat_INDEX_4	</identifier>
				<transform>
					<row0>	0.0000 0.0000 1.0000 0.0000	</row0>
					<row1>	0.0000 1.0000 0.0000 0.0000	</row1>
					<row2>	-1.0000 0.0000 0.0000 0.0000	</row2>
					<row3>	-0.0326 0.5577 -0.8220 1.0000	</row3>
				</transform>
			</node>
			<node>
				<identifier>	MP_GM534_Life_Boat_INDEX_5	</identifier>
				<transform>
					<row0>	1.0000 0.0000 0.0000 0.0000	</row0>
					<row1>	0.0000 1.0000 0.0000 0.0000	</row1>
					<row2>	0.0000 0.0000 1.0000 0.0000	</row2>
					<row3>	0.0829 0.5311 -0.8220 1.0000	</row3>
				</transform>
			</node>
			<node>
				<identifier>	MP_GM601_Switch_Box_2	</identifier>
				<transform>
					<row0>	0.4068 0.0000 -0.9135 0.0000	</row0>
					<row1>	0.0000 1.0000 0.0000 0.0000	</row1>
					<row2>	0.9135 0.0000 0.4068 0.0000	</row2>
					<row3>	-0.0754 0.5872 -2.1342 1.0000	</row3>
				</transform>
			</node>
			<node>
				<identifier>	MP_GM601_Switch_Box_2_INDEX_1	</identifier>
				<transform>
					<row0>	-0.4809 0.0000 0.8768 0.0000	</row0>
					<row1>	0.0000 1.0000 0.0000 0.0000	</row1>
					<row2>	-0.8768 0.0000 -0.4809 0.0000	</row2>
					<row3>	-0.2553 0.2897 -3.2731 1.0000	</row3>
				</transform>
			</node>
			<node>
				<identifier>	MP_GM601_Switch_Box_2_INDEX_2	</identifier>
				<transform>
					<row0>	0.4068 0.0000 0.9135 0.0000	</row0>
					<row1>	0.0000 1.0000 0.0000 0.0000	</row1>
					<row2>	-0.9135 0.0000 0.4068 0.0000	</row2>
					<row3>	0.0754 0.5872 -2.1342 1.0000	</row3>
				</transform>
			</node>
			<node>
				<identifier>	MP_GM602_Switch_Box_3	</identifier>
				<transform>
					<row0>	0.4068 0.0000 -0.9135 0.0000	</row0>
					<row1>	0.0000 1.0000 0.0000 0.0000	</row1>
					<row2>	0.9135 0.0000 0.4068 0.0000	</row2>
					<row3>	-0.0754 0.6049 -2.1342 1.0000	</row3>
				</transform>
			</node>
			<node>
				<identifier>	MP_GM602_Switch_Box_3_INDEX_1	</identifier>
				<transform>
					<row0>	0.4068 0.0000 0.9135 0.0000	</row0>
					<row1>	0.0000 1.0000 0.0000 0.0000	</row1>
					<row2>	-0.9135 0.0000 0.4068 0.0000	</row2>
					<row3>	0.0754 0.6049 -2.1342 1.0000	</row3>
				</transform>
			</node>
			<node>
				<identifier>	MP_GM608_Bell	</identifier>
				<transform>
					<row0>	-0.5049 0.0000 0.9206 0.0000	</row0>
					<row1>	0.0000 1.0500 0.0000 0.0000	</row1>
					<row2>	-0.9206 0.0000 -0.5049 0.0000	</row2>
					<row3>	-0.2561 0.3423 -3.2737 1.0000	</row3>
				</transform>
			</node>
			<node>
				<identifier>	MP_GM608_Bell_INDEX_1	</identifier>
				<transform>
					<row0>	-0.5049 0.0000 -0.9206 0.0000	</row0>
					<row1>	0.0000 1.0500 0.0000 0.0000	</row1>
					<row2>	0.9206 0.0000 -0.5049 0.0000	</row2>
					<row3>	0.2356 0.3468 -3.3101 1.0000	</row3>
				</transform>
			</node>
			<node>
				<identifier>	MP_GM610_Switch_Box_6	</identifier>
				<transform>
					<row0>	-1.0000 0.0000 0.0000 0.0000	</row0>
					<row1>	0.0000 1.0000 0.0000 0.0000	</row1>
					<row2>	0.0000 0.0000 -1.0000 0.0000	</row2>
					<row3>	-0.3912 0.2688 -2.7816 1.0000	</row3>
				</transform>
			</node>
			<node>
				<identifier>	MP_GM610_Switch_Box_6_INDEX_1	</identifier>
				<transform>
					<row0>	0.4028 0.0000 0.9153 0.0000	</row0>
					<row1>	0.0000 1.0000 0.0000 0.0000	</row1>
					<row2>	-0.9153 0.0000 0.4028 0.0000	</row2>
					<row3>	0.0998 0.5778 -2.0769 1.0000	</row3>
				</transform>
			</node>
			<node>
				<identifier>	MP_GM610_Switch_Box_6_INDEX_2	</identifier>
				<transform>
					<row0>	-1.0000 0.0000 0.0000 0.0000	</row0>
					<row1>	0.0000 1.0000 0.0000 0.0000	</row1>
					<row2>	0.0000 0.0000 -1.0000 0.0000	</row2>
					<row3>	0.3920 0.2688 -2.7816 1.0000	</row3>
				</transform>
			</node>
			<node>
				<identifier>	MP_GM611_Headlights_straightener	</identifier>
				<transform>
					<row0>	0.0000 0.0000 1.0000 0.0000	</row0>
					<row1>	0.0000 1.0000 0.0000 0.0000	</row1>
					<row2>	-1.0000 0.0000 0.0000 0.0000	</row2>
					<row3>	-0.3649 0.5451 -1.3609 1.0000	</row3>
				</transform>
			</node>
			<node>
				<identifier>	MP_GM611_Headlights_straightener_INDEX_1	</identifier>
				<transform>
					<row0>	0.0000 0.0000 -1.0000 0.0000	</row0>
					<row1>	0.0000 1.0000 0.0000 0.0000	</row1>
					<row2>	1.0000 0.0000 0.0000 0.0000	</row2>
					<row3>	0.3649 0.5451 -1.3609 1.0000	</row3>
				</transform>
			</node>
			<node>
				<identifier>	MP_GM700_AmmoBox	</identifier>
				<transform>
					<row0>	0.0000 0.0000 1.0000 0.0000	</row0>
					<row1>	0.0000 1.0000 0.0000 0.0000	</row1>
					<row2>	-1.0000 0.0000 0.0000 0.0000	</row2>
					<row3>	0.2521 0.5436 -1.1631 1.0000	</row3>
				</transform>
			</node>
			<node>
				<identifier>	MP_GM700_AmmoBox_INDEX_1	</identifier>
				<transform>
					<row0>	0.0000 0.0000 -1.0000 0.0000	</row0>
					<row1>	0.0000 1.0000 0.0000 0.0000	</row1>
					<row2>	1.0000 0.0000 0.0000 0.0000	</row2>
					<row3>	-0.2521 0.5436 -1.1631 1.0000	</row3>
				</transform>
			</node>
			<node>
				<identifier>	MP_GM702_AmmoBox	</identifier>
				<transform>
					<row0>	1.0000 0.0000 0.0000 0.0000	</row0>
					<row1>	0.0000 1.0000 0.0000 0.0000	</row1>
					<row2>	0.0000 0.0000 1.0000 0.0000	</row2>
					<row3>	0.0845 0.3885 0.4620 1.0000	</row3>
				</transform>
			</node>
			<node>
				<identifier>	MP_GM702_AmmoBox_INDEX_1	</identifier>
				<transform>
					<row0>	0.0000 0.0000 1.0000 0.0000	</row0>
					<row1>	0.0000 1.0000 0.0000 0.0000	</row1>
					<row2>	-1.0000 0.0000 0.0000 0.0000	</row2>
					<row3>	-0.3699 0.5435 -1.1202 1.0000	</row3>
				</transform>
			</node>
			<node>
				<identifier>	MP_GM702_AmmoBox_INDEX_2	</identifier>
				<transform>
					<row0>	0.0000 0.0000 1.0000 0.0000	</row0>
					<row1>	0.0000 1.0000 0.0000 0.0000	</row1>
					<row2>	-1.0000 0.0000 0.0000 0.0000	</row2>
					<row3>	-0.3699 0.5435 -1.2236 1.0000	</row3>
				</transform>
			</node>
			<node>
				<identifier>	MP_GM702_AmmoBox_INDEX_3	</identifier>
				<transform>
					<row0>	0.0000 0.0000 -1.0000 0.0000	</row0>
					<row1>	0.0000 1.0000 0.0000 0.0000	</row1>
					<row2>	1.0000 0.0000 0.0000 0.0000	</row2>
					<row3>	0.3699 0.5435 -1.1202 1.0000	</row3>
				</transform>
			</node>
			<node>
				<identifier>	MP_GM702_AmmoBox_INDEX_4	</identifier>
				<transform>
					<row0>	1.0000 0.0000 0.0000 0.0000	</row0>
					<row1>	0.0000 1.0000 0.0000 0.0000	</row1>
					<row2>	0.0000 0.0000 1.0000 0.0000	</row2>
					<row3>	-0.0845 0.3885 0.4620 1.0000	</row3>
				</transform>
			</node>
			<node>
				<identifier>	MP_GM702_AmmoBox_INDEX_5	</identifier>
				<transform>
					<row0>	0.0000 0.0000 -1.0000 0.0000	</row0>
					<row1>	0.0000 1.0000 0.0000 0.0000	</row1>
					<row2>	1.0000 0.0000 0.0000 0.0000	</row2>
					<row3>	0.3699 0.5435 -1.2236 1.0000	</row3>
				</transform>
			</node>
			<node>
				<identifier>	MP_GM870_Signal_Lamp	</identifier>
				<transform>
					<row0>	0.0000 0.0000 1.0000 0.0000	</row0>
					<row1>	0.0000 1.0000 0.0000 0.0000	</row1>
					<row2>	-1.0000 0.0000 0.0000 0.0000	</row2>
					<row3>	-0.2393 0.7672 -1.1928 1.0000	</row3>
				</transform>
			</node>
			<node>
				<identifier>	MP_GM870_Signal_Lamp_INDEX_1	</identifier>
				<transform>
					<row0>	0.0000 0.0000 -1.0000 0.0000	</row0>
					<row1>	0.0000 1.0000 0.0000 0.0000	</row1>
					<row2>	1.0000 0.0000 0.0000 0.0000	</row2>
					<row3>	0.2393 0.7672 -1.1928 1.0000	</row3>
				</transform>
			</node>
		</node>
	</node>
	<boundingBox>
		<min>	-0.0667 -0.0667 -0.0667	</min>
		<max>	0.0667 0.0667 0.0667	</max>
	</boundingBox>
</GSC029_Munchen_1944_MidBack_ports.visual>
