<ZSC007_Wukong_1945_Stern_ports.visual>
	<node>
		<identifier>	Scene Root	</identifier>
		<transform>
			<row0>	1.0000 0.0000 0.0000 0.0000	</row0>
			<row1>	0.0000 1.0000 0.0000 0.0000	</row1>
			<row2>	0.0000 0.0000 1.0000 0.0000	</row2>
			<row3>	0.0000 0.0000 0.0000 1.0000	</row3>
		</transform>
		<node>
			<identifier>	Stern_ports	</identifier>
			<transform>
				<row0>	1.0000 0.0000 0.0000 0.0000	</row0>
				<row1>	0.0000 1.0000 0.0000 0.0000	</row1>
				<row2>	0.0000 0.0000 1.0000 0.0000	</row2>
				<row3>	0.0000 0.0000 0.0000 1.0000	</row3>
			</transform>
			<node>
				<identifier>	HP_FX_Fire_4	</identifier>
				<transform>
					<row0>	1.0000 0.0000 0.0000 0.0000	</row0>
					<row1>	0.0000 1.0000 0.0000 0.0000	</row1>
					<row2>	0.0000 0.0000 1.0000 0.0000	</row2>
					<row3>	0.0000 0.3351 -4.8178 1.0000	</row3>
				</transform>
			</node>
			<node>
				<identifier>	HP_FX_WakeTraceBack	</identifier>
				<transform>
					<row0>	1.0000 0.0000 0.0000 0.0000	</row0>
					<row1>	0.0000 1.0000 0.0000 0.0000	</row1>
					<row2>	0.0000 0.0000 1.0000 0.0000	</row2>
					<row3>	0.0000 0.0000 -6.2736 1.0000	</row3>
				</transform>
			</node>
			<node>
				<identifier>	HP_FX_WakeTrace_screw_1	</identifier>
				<transform>
					<row0>	1.0000 0.0000 0.0000 0.0000	</row0>
					<row1>	0.0000 1.0000 0.0000 0.0000	</row1>
					<row2>	0.0000 0.0000 1.0000 0.0000	</row2>
					<row3>	-0.4548 -0.3503 -4.4353 1.0000	</row3>
				</transform>
			</node>
			<node>
				<identifier>	HP_FX_WakeTrace_screw_2	</identifier>
				<transform>
					<row0>	1.0000 0.0000 0.0000 0.0000	</row0>
					<row1>	0.0000 1.0000 0.0000 0.0000	</row1>
					<row2>	0.0000 0.0000 1.0000 0.0000	</row2>
					<row3>	-0.2125 -0.3454 -5.3617 1.0000	</row3>
				</transform>
			</node>
			<node>
				<identifier>	HP_FX_WakeTrace_screw_3	</identifier>
				<transform>
					<row0>	1.0000 0.0000 0.0000 0.0000	</row0>
					<row1>	0.0000 1.0000 0.0000 0.0000	</row1>
					<row2>	0.0000 0.0000 1.0000 0.0000	</row2>
					<row3>	0.2125 -0.3454 -5.3617 1.0000	</row3>
				</transform>
			</node>
			<node>
				<identifier>	HP_FX_WakeTrace_screw_4	</identifier>
				<transform>
					<row0>	1.0000 0.0000 0.0000 0.0000	</row0>
					<row1>	0.0000 1.0000 0.0000 0.0000	</row1>
					<row2>	0.0000 0.0000 1.0000 0.0000	</row2>
					<row3>	0.4548 -0.3503 -4.4353 1.0000	</row3>
				</transform>
			</node>
			<node>
				<identifier>	HP_Flagpole	</identifier>
				<transform>
					<row0>	0.8000 0.0000 0.0000 0.0000	</row0>
					<row1>	0.0000 0.8000 0.0000 0.0000	</row1>
					<row2>	0.0000 0.0000 0.8000 0.0000	</row2>
					<row3>	0.0000 0.6842 -4.8787 1.0000	</row3>
				</transform>
			</node>
			<node>
				<identifier>	HP_Ship_death_3	</identifier>
				<transform>
					<row0>	1.0000 0.0000 0.0000 0.0000	</row0>
					<row1>	0.0000 1.0000 0.0000 0.0000	</row1>
					<row2>	0.0000 0.0000 1.0000 0.0000	</row2>
					<row3>	0.0000 0.0000 -4.0443 1.0000	</row3>
				</transform>
			</node>
			<node>
				<identifier>	HP_ZD_10	</identifier>
				<transform>
					<row0>	-0.7071 0.0000 -0.7071 0.0000	</row0>
					<row1>	0.0000 1.0000 0.0000 0.0000	</row1>
					<row2>	0.7071 0.0000 -0.7071 0.0000	</row2>
					<row3>	0.1421 0.4347 -4.9414 1.0000	</row3>
				</transform>
			</node>
			<node>
				<identifier>	HP_ZD_9	</identifier>
				<transform>
					<row0>	-0.7071 0.0000 0.7071 0.0000	</row0>
					<row1>	0.0000 1.0000 0.0000 0.0000	</row1>
					<row2>	-0.7071 0.0000 -0.7071 0.0000	</row2>
					<row3>	-0.1421 0.4347 -4.9414 1.0000	</row3>
				</transform>
			</node>
			<node>
				<identifier>	HP_ZGA_19	</identifier>
				<transform>
					<row0>	-0.7071 0.0000 0.7071 0.0000	</row0>
					<row1>	0.0000 1.0000 0.0000 0.0000	</row1>
					<row2>	-0.7071 0.0000 -0.7071 0.0000	</row2>
					<row3>	-0.1923 0.3346 -5.2565 1.0000	</row3>
				</transform>
			</node>
			<node>
				<identifier>	HP_ZGA_20	</identifier>
				<transform>
					<row0>	-0.7071 0.0000 -0.7071 0.0000	</row0>
					<row1>	0.0000 1.0000 0.0000 0.0000	</row1>
					<row2>	0.7071 0.0000 -0.7071 0.0000	</row2>
					<row3>	0.1923 0.3346 -5.2565 1.0000	</row3>
				</transform>
			</node>
			<node>
				<identifier>	HP_ZRS_3	</identifier>
				<transform>
					<row0>	1.0000 0.0000 0.0000 0.0000	</row0>
					<row1>	0.0000 1.0000 0.0000 0.0000	</row1>
					<row2>	0.0000 0.0000 1.0000 0.0000	</row2>
					<row3>	0.0000 0.4341 -4.9411 1.0000	</row3>
				</transform>
			</node>
			<node>
				<identifier>	MP_CM001_Propeller3_L	</identifier>
				<transform>
					<row0>	1.0000 -0.0003 -0.0087 0.0000	</row0>
					<row1>	0.0000 0.9994 -0.0349 0.0000	</row1>
					<row2>	0.0087 0.0349 0.9994 0.0000	</row2>
					<row3>	-0.4548 -0.3503 -4.4353 1.0000	</row3>
				</transform>
			</node>
			<node>
				<identifier>	MP_CM001_Propeller3_L_INDEX_1	</identifier>
				<transform>
					<row0>	1.0000 -0.0003 -0.0087 0.0000	</row0>
					<row1>	0.0000 0.9994 -0.0349 0.0000	</row1>
					<row2>	0.0087 0.0349 0.9994 0.0000	</row2>
					<row3>	-0.2125 -0.3454 -5.3617 1.0000	</row3>
				</transform>
			</node>
			<node>
				<identifier>	MP_CM029_Emergency_Box	</identifier>
				<transform>
					<row0>	0.0000 0.0000 -1.0000 0.0000	</row0>
					<row1>	0.0000 1.0000 0.0000 0.0000	</row1>
					<row2>	1.0000 0.0000 0.0000 0.0000	</row2>
					<row3>	0.0634 0.3955 -5.4544 1.0000	</row3>
				</transform>
			</node>
			<node>
				<identifier>	MP_CM029_Emergency_Box_INDEX_1	</identifier>
				<transform>
					<row0>	0.0000 0.0000 1.0000 0.0000	</row0>
					<row1>	0.0000 1.0000 0.0000 0.0000	</row1>
					<row2>	-1.0000 0.0000 0.0000 0.0000	</row2>
					<row3>	-0.0634 0.3955 -5.4544 1.0000	</row3>
				</transform>
			</node>
			<node>
				<identifier>	MP_CM032_Propeller3_R	</identifier>
				<transform>
					<row0>	1.0000 0.0003 0.0087 0.0000	</row0>
					<row1>	0.0000 0.9994 -0.0349 0.0000	</row1>
					<row2>	-0.0087 0.0349 0.9994 0.0000	</row2>
					<row3>	0.2125 -0.3454 -5.3617 1.0000	</row3>
				</transform>
			</node>
			<node>
				<identifier>	MP_CM032_Propeller3_R_INDEX_1	</identifier>
				<transform>
					<row0>	1.0000 0.0003 0.0087 0.0000	</row0>
					<row1>	0.0000 0.9994 -0.0349 0.0000	</row1>
					<row2>	-0.0087 0.0349 0.9994 0.0000	</row2>
					<row3>	0.4548 -0.3503 -4.4353 1.0000	</row3>
				</transform>
			</node>
			<node>
				<identifier>	MP_FM601_Multipole_Switch	</identifier>
				<transform>
					<row0>	0.9822 0.0000 -0.1877 0.0000	</row0>
					<row1>	0.0000 1.0000 0.0000 0.0000	</row1>
					<row2>	0.1877 0.0000 0.9822 0.0000	</row2>
					<row3>	0.1704 0.3744 -5.4497 1.0000	</row3>
				</transform>
			</node>
			<node>
				<identifier>	MP_FM601_Multipole_Switch_INDEX_1	</identifier>
				<transform>
					<row0>	0.9822 0.0000 0.1877 0.0000	</row0>
					<row1>	0.0000 1.0000 0.0000 0.0000	</row1>
					<row2>	-0.1877 0.0000 0.9822 0.0000	</row2>
					<row3>	-0.1704 0.3744 -5.4497 1.0000	</row3>
				</transform>
			</node>
			<node>
				<identifier>	MP_FM851_Mastheadlight	</identifier>
				<transform>
					<row0>	-1.0000 0.0000 0.0000 0.0000	</row0>
					<row1>	0.0000 1.0000 0.0000 0.0000	</row1>
					<row2>	0.0000 0.0000 -1.0000 0.0000	</row2>
					<row3>	0.0000 0.4386 -6.2526 1.0000	</row3>
				</transform>
			</node>
			<node>
				<identifier>	MP_FM950_Anchor_bottom	</identifier>
				<transform>
					<row0>	0.4071 -0.0076 0.3697 0.0000	</row0>
					<row1>	-0.1373 0.5074 0.1617 0.0000	</row1>
					<row2>	-0.3433 -0.2120 0.3737 0.0000	</row2>
					<row3>	0.1267 0.2404 -6.2292 1.0000	</row3>
				</transform>
			</node>
			<node>
				<identifier>	MP_FM951_Anchor_up	</identifier>
				<transform>
					<row0>	0.4071 -0.0076 0.3697 0.0000	</row0>
					<row1>	-0.2070 0.4510 0.2372 0.0000	</row1>
					<row2>	-0.3064 -0.3147 0.3310 0.0000	</row2>
					<row3>	0.1267 0.2404 -6.2292 1.0000	</row3>
				</transform>
			</node>
			<node>
				<identifier>	MP_FM954_Anchor_Capstan_Back	</identifier>
				<transform>
					<row0>	1.0000 0.0000 0.0000 0.0000	</row0>
					<row1>	0.0000 1.0000 0.0000 0.0000	</row1>
					<row2>	0.0000 0.0000 1.0000 0.0000	</row2>
					<row3>	0.0000 0.3575 -5.6110 1.0000	</row3>
				</transform>
			</node>
			<node>
				<identifier>	MP_ZM024_Life_Buoy	</identifier>
				<transform>
					<row0>	0.4379 0.0000 0.8990 0.0000	</row0>
					<row1>	0.0000 1.0000 0.0000 0.0000	</row1>
					<row2>	-0.8990 0.0000 0.4379 0.0000	</row2>
					<row3>	0.2497 0.4282 -6.0016 1.0000	</row3>
				</transform>
			</node>
			<node>
				<identifier>	MP_ZM024_Life_Buoy_INDEX_1	</identifier>
				<transform>
					<row0>	0.3437 0.0000 -0.9391 0.0000	</row0>
					<row1>	0.0000 1.0000 0.0000 0.0000	</row1>
					<row2>	0.9391 0.0000 0.3437 0.0000	</row2>
					<row3>	-0.2666 0.4264 -5.9621 1.0000	</row3>
				</transform>
			</node>
			<node>
				<identifier>	MP_ZM044_Reels	</identifier>
				<transform>
					<row0>	-0.7071 0.0000 -0.7071 0.0000	</row0>
					<row1>	0.0000 1.0000 0.0000 0.0000	</row1>
					<row2>	0.7071 0.0000 -0.7071 0.0000	</row2>
					<row3>	-0.1470 0.3269 -4.7474 1.0000	</row3>
				</transform>
			</node>
			<node>
				<identifier>	MP_ZM044_Reels_INDEX_1	</identifier>
				<transform>
					<row0>	-0.7071 0.0000 0.7071 0.0000	</row0>
					<row1>	0.0000 1.0000 0.0000 0.0000	</row1>
					<row2>	-0.7071 0.0000 -0.7071 0.0000	</row2>
					<row3>	0.1470 0.3269 -4.7474 1.0000	</row3>
				</transform>
			</node>
			<node>
				<identifier>	MP_ZM601_Turtles_box	</identifier>
				<transform>
					<row0>	0.0000 0.0000 -1.0000 0.0000	</row0>
					<row1>	0.0000 1.0000 0.0000 0.0000	</row1>
					<row2>	1.0000 0.0000 0.0000 0.0000	</row2>
					<row3>	-0.0694 0.3581 -5.4221 1.0000	</row3>
				</transform>
			</node>
			<node>
				<identifier>	MP_ZM601_Turtles_box_INDEX_1	</identifier>
				<transform>
					<row0>	0.0000 0.0000 1.0000 0.0000	</row0>
					<row1>	0.0000 1.0000 0.0000 0.0000	</row1>
					<row2>	-1.0000 0.0000 0.0000 0.0000	</row2>
					<row3>	0.0694 0.3581 -5.4221 1.0000	</row3>
				</transform>
			</node>
			<node>
				<identifier>	MP_ZM992_Bollard	</identifier>
				<transform>
					<row0>	0.9965 -0.0016 0.0837 0.0000	</row0>
					<row1>	-0.0003 0.9997 0.0234 0.0000	</row1>
					<row2>	-0.0838 -0.0234 0.9962 0.0000	</row2>
					<row3>	-0.3793 0.3297 -5.0035 1.0000	</row3>
				</transform>
			</node>
			<node>
				<identifier>	MP_ZM992_Bollard_INDEX_1	</identifier>
				<transform>
					<row0>	1.4981 0.0013 -0.0756 0.0000	</row0>
					<row1>	0.0000 1.4998 0.0258 0.0000	</row1>
					<row2>	0.0756 -0.0257 1.4979 0.0000	</row2>
					<row3>	0.3599 0.3202 -4.4894 1.0000	</row3>
				</transform>
			</node>
			<node>
				<identifier>	MP_ZM992_Bollard_INDEX_2	</identifier>
				<transform>
					<row0>	0.9965 0.0016 -0.0837 0.0000	</row0>
					<row1>	0.0003 0.9997 0.0234 0.0000	</row1>
					<row2>	0.0838 -0.0234 0.9962 0.0000	</row2>
					<row3>	0.3793 0.3297 -5.0035 1.0000	</row3>
				</transform>
			</node>
			<node>
				<identifier>	MP_ZM992_Bollard_INDEX_3	</identifier>
				<transform>
					<row0>	1.4981 -0.0013 0.0756 0.0000	</row0>
					<row1>	0.0000 1.4998 0.0258 0.0000	</row1>
					<row2>	-0.0756 -0.0257 1.4979 0.0000	</row2>
					<row3>	-0.3599 0.3202 -4.4894 1.0000	</row3>
				</transform>
			</node>
			<node>
				<identifier>	SP_YMS011_YHWL_M_1_INDEX_15	</identifier>
				<transform>
					<row0>	0.7286 0.1675 0.0601 0.0000	</row0>
					<row1>	-0.1670 0.7311 -0.0138 0.0000	</row1>
					<row2>	-0.0616 0.0000 0.7475 0.0000	</row2>
					<row3>	-0.4907 0.0000 -4.1801 1.0000	</row3>
				</transform>
			</node>
			<node>
				<identifier>	SP_YMS011_YHWL_M_1_INDEX_16	</identifier>
				<transform>
					<row0>	0.6907 0.2841 0.0686 0.0000	</row0>
					<row1>	-0.2821 0.6941 -0.0340 0.0000	</row1>
					<row2>	-0.0763 0.0055 0.7461 0.0000	</row2>
					<row3>	-0.4211 0.0000 -4.8097 1.0000	</row3>
				</transform>
			</node>
			<node>
				<identifier>	SP_YMS011_YHWL_M_1_INDEX_17	</identifier>
				<transform>
					<row0>	0.6291 0.3922 0.1137 0.0000	</row0>
					<row1>	-0.3912 0.6387 -0.0387 0.0000	</row1>
					<row2>	-0.1171 -0.0268 0.7403 0.0000	</row2>
					<row3>	-0.3368 0.0089 -5.4421 1.0000	</row3>
				</transform>
			</node>
			<node>
				<identifier>	SP_YMS012_YHWR_M_1_INDEX_15	</identifier>
				<transform>
					<row0>	0.7286 -0.1675 -0.0601 0.0000	</row0>
					<row1>	0.1670 0.7311 -0.0138 0.0000	</row1>
					<row2>	0.0616 0.0000 0.7475 0.0000	</row2>
					<row3>	0.4907 0.0000 -4.1801 1.0000	</row3>
				</transform>
			</node>
			<node>
				<identifier>	SP_YMS012_YHWR_M_1_INDEX_16	</identifier>
				<transform>
					<row0>	0.6907 -0.2841 -0.0686 0.0000	</row0>
					<row1>	0.2821 0.6941 -0.0340 0.0000	</row1>
					<row2>	0.0763 0.0055 0.7461 0.0000	</row2>
					<row3>	0.4211 0.0000 -4.8097 1.0000	</row3>
				</transform>
			</node>
			<node>
				<identifier>	SP_YMS012_YHWR_M_1_INDEX_17	</identifier>
				<transform>
					<row0>	0.6291 -0.3922 -0.1137 0.0000	</row0>
					<row1>	0.3912 0.6387 -0.0387 0.0000	</row1>
					<row2>	0.1171 -0.0268 0.7403 0.0000	</row2>
					<row3>	0.3368 0.0089 -5.4421 1.0000	</row3>
				</transform>
			</node>
			<node>
				<identifier>	SP_YMS023_YHUC_L_1	</identifier>
				<transform>
					<row0>	0.7561 -0.0001 -0.0041 0.0000	</row0>
					<row1>	0.0000 0.7556 -0.0253 0.0000	</row1>
					<row2>	0.0041 0.0253 0.7556 0.0000	</row2>
					<row3>	-0.4534 -0.3517 -4.5055 1.0000	</row3>
				</transform>
			</node>
			<node>
				<identifier>	SP_YMS023_YHUC_L_1_INDEX_1	</identifier>
				<transform>
					<row0>	0.7561 0.0001 0.0041 0.0000	</row0>
					<row1>	0.0000 0.7556 -0.0253 0.0000	</row1>
					<row2>	-0.0041 0.0253 0.7556 0.0000	</row2>
					<row3>	0.4534 -0.3517 -4.5055 1.0000	</row3>
				</transform>
			</node>
			<node>
				<identifier>	SP_YMS023_YHUC_L_1_INDEX_2	</identifier>
				<transform>
					<row0>	0.7560 -0.0002 -0.0061 0.0000	</row0>
					<row1>	0.0000 0.7555 -0.0300 0.0000	</row1>
					<row2>	0.0061 0.0300 0.7554 0.0000	</row2>
					<row3>	-0.2123 -0.3512 -5.4083 1.0000	</row3>
				</transform>
			</node>
			<node>
				<identifier>	SP_YMS023_YHUC_L_1_INDEX_3	</identifier>
				<transform>
					<row0>	0.7560 0.0002 0.0061 0.0000	</row0>
					<row1>	0.0000 0.7555 -0.0300 0.0000	</row1>
					<row2>	-0.0061 0.0300 0.7554 0.0000	</row2>
					<row3>	0.2123 -0.3512 -5.4083 1.0000	</row3>
				</transform>
			</node>
			<node>
				<identifier>	SP_YMS030_YHAM_M_1	</identifier>
				<transform>
					<row0>	0.5944 0.0000 0.0000 0.0000	</row0>
					<row1>	0.0000 0.5944 0.0000 0.0000	</row1>
					<row2>	0.0000 0.0000 0.5944 0.0000	</row2>
					<row3>	0.0000 0.1647 -6.3528 1.0000	</row3>
				</transform>
			</node>
			<node>
				<identifier>	SP_YMS031_YHAL_M_1	</identifier>
				<transform>
					<row0>	0.9700 0.0000 0.2431 0.0000	</row0>
					<row1>	0.0000 1.0000 0.0000 0.0000	</row1>
					<row2>	-0.2431 0.0000 0.9700 0.0000	</row2>
					<row3>	-0.2701 0.1981 -5.9508 1.0000	</row3>
				</transform>
			</node>
			<node>
				<identifier>	SP_YMS032_YHAR_M_1	</identifier>
				<transform>
					<row0>	0.9700 0.0000 -0.2431 0.0000	</row0>
					<row1>	0.0000 1.0000 0.0000 0.0000	</row1>
					<row2>	0.2431 0.0000 0.9700 0.0000	</row2>
					<row3>	0.2701 0.1981 -5.9508 1.0000	</row3>
				</transform>
			</node>
			<node>
				<identifier>	SP_YMS053_YHDC_S_1_INDEX_9	</identifier>
				<transform>
					<row0>	1.0000 0.0000 0.0000 0.0000	</row0>
					<row1>	0.0000 1.0000 0.0000 0.0000	</row1>
					<row2>	0.0000 0.0000 1.0000 0.0000	</row2>
					<row3>	0.0000 0.3508 -5.1113 1.0000	</row3>
				</transform>
			</node>
			<node>
				<identifier>	SP_YMS071_YHHC_S_1_INDEX_6	</identifier>
				<transform>
					<row0>	0.0387 0.9992 -0.0053 0.0000	</row0>
					<row1>	-0.9934 0.0379 -0.1078 0.0000	</row1>
					<row2>	-0.1076 0.0094 0.9942 0.0000	</row2>
					<row3>	-0.3939 0.1767 -5.3904 1.0000	</row3>
				</transform>
			</node>
			<node>
				<identifier>	SP_YMS071_YHHC_S_1_INDEX_7	</identifier>
				<transform>
					<row0>	0.0387 -0.9992 0.0053 0.0000	</row0>
					<row1>	0.9934 0.0379 -0.1078 0.0000	</row1>
					<row2>	0.1076 0.0094 0.9942 0.0000	</row2>
					<row3>	0.3939 0.1767 -5.3904 1.0000	</row3>
				</transform>
			</node>
			<node>
				<identifier>	SP_YMS082_YHSC_M_1_INDEX_6	</identifier>
				<transform>
					<row0>	0.0820 0.0000 -0.8903 0.0000	</row0>
					<row1>	0.0447 0.8929 0.0041 0.0000	</row1>
					<row2>	0.8891 -0.0449 0.0819 0.0000	</row2>
					<row3>	-0.4312 0.1881 -4.9194 1.0000	</row3>
				</transform>
			</node>
			<node>
				<identifier>	SP_YMS082_YHSC_M_1_INDEX_7	</identifier>
				<transform>
					<row0>	0.0820 0.0000 0.8903 0.0000	</row0>
					<row1>	-0.0447 0.8929 0.0041 0.0000	</row1>
					<row2>	-0.8891 -0.0449 0.0819 0.0000	</row2>
					<row3>	0.4312 0.1881 -4.9194 1.0000	</row3>
				</transform>
			</node>
		</node>
	</node>
	<boundingBox>
		<min>	-0.0667 -0.0667 -0.0667	</min>
		<max>	0.0667 0.0667 0.0667	</max>
	</boundingBox>
</ZSC007_Wukong_1945_Stern_ports.visual>
