<ASD047_Mahan_1942_MidBack_ports.visual>
	<node>
		<identifier>	Scene Root	</identifier>
		<transform>
			<row0>	1.0000 0.0000 0.0000 0.0000	</row0>
			<row1>	0.0000 1.0000 0.0000 0.0000	</row1>
			<row2>	0.0000 0.0000 1.0000 0.0000	</row2>
			<row3>	0.0000 0.0000 0.0000 1.0000	</row3>
		</transform>
		<node>
			<identifier>	MidBack_ports	</identifier>
			<transform>
				<row0>	1.0000 0.0000 0.0000 0.0000	</row0>
				<row1>	0.0000 1.0000 0.0000 0.0000	</row1>
				<row2>	0.0000 0.0000 1.0000 0.0000	</row2>
				<row3>	0.0000 0.0000 0.0000 1.0000	</row3>
			</transform>
			<node>
				<identifier>	HP_AGA_7	</identifier>
				<transform>
					<row0>	-0.7071 0.0000 -0.7071 0.0000	</row0>
					<row1>	0.0000 1.0000 0.0000 0.0000	</row1>
					<row2>	0.7071 0.0000 -0.7071 0.0000	</row2>
					<row3>	0.0923 0.4547 -1.6232 1.0000	</row3>
				</transform>
			</node>
			<node>
				<identifier>	HP_AGA_8	</identifier>
				<transform>
					<row0>	-0.7071 0.0000 0.7071 0.0000	</row0>
					<row1>	0.0000 1.0000 0.0000 0.0000	</row1>
					<row2>	-0.7071 0.0000 -0.7071 0.0000	</row2>
					<row3>	-0.0865 0.4547 -1.6233 1.0000	</row3>
				</transform>
			</node>
			<node>
				<identifier>	HP_AGB_1	</identifier>
				<transform>
					<row0>	0.0000 0.0000 1.0000 0.0000	</row0>
					<row1>	0.0000 1.0000 0.0000 0.0000	</row1>
					<row2>	-1.0000 0.0000 0.0000 0.0000	</row2>
					<row3>	-0.2627 0.1333 -1.7099 1.0000	</row3>
				</transform>
			</node>
			<node>
				<identifier>	HP_AGB_2	</identifier>
				<transform>
					<row0>	0.0000 0.0000 -1.0000 0.0000	</row0>
					<row1>	0.0000 1.0000 0.0000 0.0000	</row1>
					<row2>	1.0000 0.0000 0.0000 0.0000	</row2>
					<row3>	0.2627 0.1333 -1.7099 1.0000	</row3>
				</transform>
			</node>
			<node>
				<identifier>	HP_AGB_3	</identifier>
				<transform>
					<row0>	-1.0000 0.0000 -0.0009 0.0000	</row0>
					<row1>	0.0000 0.9997 0.0234 0.0000	</row1>
					<row2>	0.0009 0.0234 -0.9997 0.0000	</row2>
					<row3>	-0.0761 0.1602 -3.2634 1.0000	</row3>
				</transform>
			</node>
			<node>
				<identifier>	HP_AGB_4	</identifier>
				<transform>
					<row0>	-1.0000 0.0000 0.0009 0.0000	</row0>
					<row1>	0.0000 0.9997 0.0234 0.0000	</row1>
					<row2>	-0.0009 0.0234 -0.9997 0.0000	</row2>
					<row3>	0.0761 0.1602 -3.2634 1.0000	</row3>
				</transform>
			</node>
			<node>
				<identifier>	HP_AGM_3	</identifier>
				<transform>
					<row0>	1.0000 0.0000 0.0000 0.0000	</row0>
					<row1>	0.0000 1.0000 0.0000 0.0000	</row1>
					<row2>	0.0000 0.0000 1.0000 0.0000	</row2>
					<row3>	0.0000 0.3016 -1.0255 1.0000	</row3>
				</transform>
			</node>
			<node>
				<identifier>	HP_AGM_4	</identifier>
				<transform>
					<row0>	-1.0000 0.0000 0.0000 0.0000	</row0>
					<row1>	0.0000 1.0000 0.0000 0.0000	</row1>
					<row2>	0.0000 0.0000 -1.0000 0.0000	</row2>
					<row3>	0.0000 0.3017 -1.9500 1.0000	</row3>
				</transform>
			</node>
			<node>
				<identifier>	HP_AGM_5	</identifier>
				<transform>
					<row0>	-1.0000 0.0000 0.0000 0.0000	</row0>
					<row1>	0.0000 1.0000 0.0000 0.0000	</row1>
					<row2>	0.0000 0.0000 -1.0000 0.0000	</row2>
					<row3>	0.0000 0.1541 -2.5142 1.0000	</row3>
				</transform>
			</node>
			<node>
				<identifier>	HP_FX_Death_3	</identifier>
				<transform>
					<row0>	1.0000 0.0000 0.0000 0.0000	</row0>
					<row1>	0.0000 1.0000 0.0000 0.0000	</row1>
					<row2>	0.0000 0.0000 1.0000 0.0000	</row2>
					<row3>	0.0000 0.0000 -2.0247 1.0000	</row3>
				</transform>
			</node>
			<node>
				<identifier>	HP_FX_Fire_3	</identifier>
				<transform>
					<row0>	1.0000 0.0000 0.0000 0.0000	</row0>
					<row1>	0.0000 1.0000 0.0000 0.0000	</row1>
					<row2>	0.0000 0.0000 1.0000 0.0000	</row2>
					<row3>	0.0000 0.3419 -1.4148 1.0000	</row3>
				</transform>
			</node>
			<node>
				<identifier>	HP_FX_Fire_3_side_1	</identifier>
				<transform>
					<row0>	1.0000 0.0000 0.0000 0.0000	</row0>
					<row1>	0.0000 1.0000 0.0000 0.0000	</row1>
					<row2>	0.0000 0.0000 1.0000 0.0000	</row2>
					<row3>	0.2762 0.1584 -1.2582 1.0000	</row3>
				</transform>
			</node>
			<node>
				<identifier>	HP_FX_FloodLight_left_2	</identifier>
				<transform>
					<row0>	-1.0000 0.0000 0.0000 0.0000	</row0>
					<row1>	0.0000 1.0000 0.0000 0.0000	</row1>
					<row2>	0.0000 0.0000 -1.0000 0.0000	</row2>
					<row3>	-0.1435 0.1944 -1.8712 1.0000	</row3>
				</transform>
			</node>
			<node>
				<identifier>	HP_FX_FloodLight_right_1	</identifier>
				<transform>
					<row0>	1.0000 0.0000 0.0000 0.0000	</row0>
					<row1>	0.0000 1.0000 0.0000 0.0000	</row1>
					<row2>	0.0000 0.0000 1.0000 0.0000	</row2>
					<row3>	0.1468 0.1948 -1.8816 1.0000	</row3>
				</transform>
			</node>
			<node>
				<identifier>	HP_FX_Flood_water_left_2	</identifier>
				<transform>
					<row0>	-1.0000 0.0000 0.0000 0.0000	</row0>
					<row1>	0.0000 1.0000 0.0000 0.0000	</row1>
					<row2>	0.0000 0.0000 -1.0000 0.0000	</row2>
					<row3>	-0.3381 0.0140 -1.8059 1.0000	</row3>
				</transform>
			</node>
			<node>
				<identifier>	HP_FX_Flood_water_right_2	</identifier>
				<transform>
					<row0>	1.0000 0.0000 0.0000 0.0000	</row0>
					<row1>	0.0000 1.0000 0.0000 0.0000	</row1>
					<row2>	0.0000 0.0000 1.0000 0.0000	</row2>
					<row3>	0.3380 0.0150 -1.8060 1.0000	</row3>
				</transform>
			</node>
			<node>
				<identifier>	HP_flag_nation	</identifier>
				<transform>
					<row0>	0.9888 0.1481 -0.0173 0.0000	</row0>
					<row1>	-0.1481 0.9620 -0.2296 0.0000	</row1>
					<row2>	-0.0173 0.2296 0.9731 0.0000	</row2>
					<row3>	0.0021 0.7654 -1.3478 1.0000	</row3>
				</transform>
			</node>
			<node>
				<identifier>	MP_AM007_Reels_2	</identifier>
				<transform>
					<row0>	-0.9097 0.0000 0.0000 0.0000	</row0>
					<row1>	0.0000 0.5837 -0.6978 0.0000	</row1>
					<row2>	0.0000 -0.6978 -0.5837 0.0000	</row2>
					<row3>	-0.0358 0.3213 -2.2882 1.0000	</row3>
				</transform>
			</node>
			<node>
				<identifier>	MP_AM007_Reels_2_INDEX_1	</identifier>
				<transform>
					<row0>	-0.9097 0.0000 0.0000 0.0000	</row0>
					<row1>	0.0000 -0.5837 0.6978 0.0000	</row1>
					<row2>	0.0000 0.6978 0.5837 0.0000	</row2>
					<row3>	0.0000 0.3486 -2.3216 1.0000	</row3>
				</transform>
			</node>
			<node>
				<identifier>	MP_AM010_Speaker_1	</identifier>
				<transform>
					<row0>	-0.7000 0.0000 0.0000 0.0000	</row0>
					<row1>	0.0000 0.7000 0.0000 0.0000	</row1>
					<row2>	0.0000 0.0000 -0.7000 0.0000	</row2>
					<row3>	-0.0257 0.4558 -1.2529 1.0000	</row3>
				</transform>
			</node>
			<node>
				<identifier>	MP_AM010_Speaker_1_INDEX_1	</identifier>
				<transform>
					<row0>	0.7000 0.0000 0.0000 0.0000	</row0>
					<row1>	0.0000 0.7000 0.0000 0.0000	</row1>
					<row2>	0.0000 0.0000 0.7000 0.0000	</row2>
					<row3>	0.0463 0.2843 -2.2795 1.0000	</row3>
				</transform>
			</node>
			<node>
				<identifier>	MP_AM011_Smoke_Defence	</identifier>
				<transform>
					<row0>	1.0000 0.0000 0.0000 0.0000	</row0>
					<row1>	0.0000 1.0000 0.0000 0.0000	</row1>
					<row2>	0.0000 0.0000 1.0000 0.0000	</row2>
					<row3>	-0.1555 0.1620 -3.3226 1.0000	</row3>
				</transform>
			</node>
			<node>
				<identifier>	MP_AM018_Compass_Binnacle	</identifier>
				<transform>
					<row0>	1.0000 0.0000 0.0000 0.0000	</row0>
					<row1>	0.0000 1.0000 0.0000 0.0000	</row1>
					<row2>	0.0000 0.0000 1.0000 0.0000	</row2>
					<row3>	0.0000 0.4540 -1.2981 1.0000	</row3>
				</transform>
			</node>
			<node>
				<identifier>	MP_AM046_Running_Lights_B	</identifier>
				<transform>
					<row0>	-1.0000 0.0000 0.0000 0.0000	</row0>
					<row1>	0.0000 1.0000 0.0000 0.0000	</row1>
					<row2>	0.0000 0.0000 -1.0000 0.0000	</row2>
					<row3>	0.0000 0.2245 -3.4513 1.0000	</row3>
				</transform>
			</node>
			<node>
				<identifier>	MP_AM049_Signal_Lamp_1	</identifier>
				<transform>
					<row0>	0.7774 0.0000 0.0000 0.0000	</row0>
					<row1>	0.0000 0.7774 0.0000 0.0000	</row1>
					<row2>	0.0000 0.0000 0.7774 0.0000	</row2>
					<row3>	0.0000 0.2479 -3.4403 1.0000	</row3>
				</transform>
			</node>
			<node>
				<identifier>	MP_AM055_Boat_1	</identifier>
				<transform>
					<row0>	0.0090 1.0000 0.0002 0.0000	</row0>
					<row1>	-0.9998 0.0090 -0.0168 0.0000	</row1>
					<row2>	-0.0168 0.0000 0.9999 0.0000	</row2>
					<row3>	-0.3145 0.1892 -1.5027 1.0000	</row3>
				</transform>
			</node>
			<node>
				<identifier>	MP_AM055_Boat_1_INDEX_1	</identifier>
				<transform>
					<row0>	0.0090 -1.0000 -0.0002 0.0000	</row0>
					<row1>	0.9998 0.0090 -0.0168 0.0000	</row1>
					<row2>	0.0168 0.0000 0.9999 0.0000	</row2>
					<row3>	0.2975 0.1907 -1.5027 1.0000	</row3>
				</transform>
			</node>
			<node>
				<identifier>	MP_AM055_Boat_1_INDEX_2	</identifier>
				<transform>
					<row0>	0.0090 -1.0000 -0.0002 0.0000	</row0>
					<row1>	0.9998 0.0090 -0.0168 0.0000	</row1>
					<row2>	0.0168 0.0000 0.9999 0.0000	</row2>
					<row3>	0.3145 0.1892 -1.5027 1.0000	</row3>
				</transform>
			</node>
			<node>
				<identifier>	MP_AM055_Boat_1_INDEX_3	</identifier>
				<transform>
					<row0>	0.0090 1.0000 0.0002 0.0000	</row0>
					<row1>	-0.9998 0.0090 -0.0168 0.0000	</row1>
					<row2>	-0.0168 0.0000 0.9999 0.0000	</row2>
					<row3>	-0.2975 0.1907 -1.5027 1.0000	</row3>
				</transform>
			</node>
			<node>
				<identifier>	MP_AM056_Boat_2	</identifier>
				<transform>
					<row0>	0.9513 -0.3083 0.0000 0.0000	</row0>
					<row1>	0.3083 0.9513 0.0000 0.0000	</row1>
					<row2>	0.0000 0.0000 1.0000 0.0000	</row2>
					<row3>	0.2603 0.2814 -1.5085 1.0000	</row3>
				</transform>
			</node>
			<node>
				<identifier>	MP_AM056_Boat_2_INDEX_1	</identifier>
				<transform>
					<row0>	0.9513 0.3083 0.0000 0.0000	</row0>
					<row1>	-0.3083 0.9513 0.0000 0.0000	</row1>
					<row2>	0.0000 0.0000 1.0000 0.0000	</row2>
					<row3>	-0.2603 0.2814 -1.5085 1.0000	</row3>
				</transform>
			</node>
			<node>
				<identifier>	MP_AM153_Steering_Column	</identifier>
				<transform>
					<row0>	1.0000 0.0000 0.0000 0.0000	</row0>
					<row1>	0.0000 1.0000 0.0000 0.0000	</row1>
					<row2>	0.0000 0.0000 1.0000 0.0000	</row2>
					<row3>	0.0000 0.4521 -1.3314 1.0000	</row3>
				</transform>
			</node>
			<node>
				<identifier>	MP_AM157_Telephone	</identifier>
				<transform>
					<row0>	1.0000 0.0000 0.0000 0.0000	</row0>
					<row1>	0.0000 1.0000 0.0000 0.0000	</row1>
					<row2>	0.0000 0.0000 1.0000 0.0000	</row2>
					<row3>	0.0641 0.5019 -1.2715 1.0000	</row3>
				</transform>
			</node>
			<node>
				<identifier>	MP_AM173_Insulator_1	</identifier>
				<transform>
					<row0>	-0.8256 -0.0080 0.0000 0.0000	</row0>
					<row1>	-0.0075 0.7837 0.2597 0.0000	</row1>
					<row2>	-0.0025 0.2597 -0.7837 0.0000	</row2>
					<row3>	-0.0554 0.3573 -0.7079 1.0000	</row3>
				</transform>
			</node>
			<node>
				<identifier>	MP_AM200_Screened_speed_light	</identifier>
				<transform>
					<row0>	0.8500 0.0000 0.0000 0.0000	</row0>
					<row1>	0.0000 0.8500 0.0000 0.0000	</row1>
					<row2>	0.0000 0.0000 0.8500 0.0000	</row2>
					<row3>	0.0000 0.6730 -1.2705 1.0000	</row3>
				</transform>
			</node>
			<node>
				<identifier>	MP_AM374_Fender	</identifier>
				<transform>
					<row0>	0.0000 0.0000 -0.5000 0.0000	</row0>
					<row1>	0.0000 0.5000 0.0000 0.0000	</row1>
					<row2>	0.5000 0.0000 0.0000 0.0000	</row2>
					<row3>	0.1560 0.1479 -2.0384 1.0000	</row3>
				</transform>
			</node>
			<node>
				<identifier>	MP_AM374_Fender_INDEX_1	</identifier>
				<transform>
					<row0>	0.0000 0.0000 0.5000 0.0000	</row0>
					<row1>	0.0000 0.5000 0.0000 0.0000	</row1>
					<row2>	-0.5000 0.0000 0.0000 0.0000	</row2>
					<row3>	-0.1560 0.1477 -2.0384 1.0000	</row3>
				</transform>
			</node>
			<node>
				<identifier>	MP_AM374_Fender_INDEX_2	</identifier>
				<transform>
					<row0>	0.5000 0.0000 0.0000 0.0000	</row0>
					<row1>	0.0000 0.5000 0.0000 0.0000	</row1>
					<row2>	0.0000 0.0000 0.5000 0.0000	</row2>
					<row3>	-0.0377 0.1520 -0.8287 1.0000	</row3>
				</transform>
			</node>
			<node>
				<identifier>	MP_AM374_Fender_INDEX_3	</identifier>
				<transform>
					<row0>	0.5000 0.0000 0.0000 0.0000	</row0>
					<row1>	0.0000 0.5000 0.0000 0.0000	</row1>
					<row2>	0.0000 0.0000 0.5000 0.0000	</row2>
					<row3>	0.0005 0.1520 -0.8287 1.0000	</row3>
				</transform>
			</node>
			<node>
				<identifier>	MP_AM435_Rudder_Ind	</identifier>
				<transform>
					<row0>	-0.7071 0.0000 -0.7071 0.0000	</row0>
					<row1>	0.0000 1.0000 0.0000 0.0000	</row1>
					<row2>	0.7071 0.0000 -0.7071 0.0000	</row2>
					<row3>	-0.0453 0.4540 -1.3021 1.0000	</row3>
				</transform>
			</node>
			<node>
				<identifier>	MP_AM435_Rudder_Ind_INDEX_1	</identifier>
				<transform>
					<row0>	-0.7071 0.0000 0.7071 0.0000	</row0>
					<row1>	0.0000 1.0000 0.0000 0.0000	</row1>
					<row2>	-0.7071 0.0000 -0.7071 0.0000	</row2>
					<row3>	0.0453 0.4540 -1.3021 1.0000	</row3>
				</transform>
			</node>
			<node>
				<identifier>	MP_AM442_Multipole_Switch	</identifier>
				<transform>
					<row0>	-0.6000 0.0000 0.0000 0.0000	</row0>
					<row1>	0.0000 0.6000 0.0000 0.0000	</row1>
					<row2>	0.0000 0.0000 -0.6000 0.0000	</row2>
					<row3>	-0.0478 0.4833 -1.2715 1.0000	</row3>
				</transform>
			</node>
			<node>
				<identifier>	MP_AM481_Depth_Charge_Stowage	</identifier>
				<transform>
					<row0>	1.0000 0.0000 0.0000 0.0000	</row0>
					<row1>	0.0000 1.0000 0.0000 0.0000	</row1>
					<row2>	0.0000 0.0000 1.0000 0.0000	</row2>
					<row3>	0.3141 0.1311 -1.7900 1.0000	</row3>
				</transform>
			</node>
			<node>
				<identifier>	MP_AM481_Depth_Charge_Stowage_INDEX_1	</identifier>
				<transform>
					<row0>	1.0000 0.0000 0.0000 0.0000	</row0>
					<row1>	0.0000 1.0000 0.0000 0.0000	</row1>
					<row2>	0.0000 0.0000 1.0000 0.0000	</row2>
					<row3>	-0.2805 0.1316 -1.8017 1.0000	</row3>
				</transform>
			</node>
			<node>
				<identifier>	MP_AM481_Depth_Charge_Stowage_INDEX_2	</identifier>
				<transform>
					<row0>	1.0000 0.0000 0.0000 0.0000	</row0>
					<row1>	0.0000 1.0000 0.0000 0.0000	</row1>
					<row2>	0.0000 0.0000 1.0000 0.0000	</row2>
					<row3>	-0.2467 0.1331 -1.7899 1.0000	</row3>
				</transform>
			</node>
			<node>
				<identifier>	MP_AM481_Depth_Charge_Stowage_INDEX_3	</identifier>
				<transform>
					<row0>	1.0000 0.0000 0.0000 0.0000	</row0>
					<row1>	0.0000 1.0000 0.0000 0.0000	</row1>
					<row2>	0.0000 0.0000 1.0000 0.0000	</row2>
					<row3>	0.2467 0.1331 -1.7899 1.0000	</row3>
				</transform>
			</node>
			<node>
				<identifier>	MP_AM481_Depth_Charge_Stowage_INDEX_4	</identifier>
				<transform>
					<row0>	1.0000 0.0000 0.0000 0.0000	</row0>
					<row1>	0.0000 1.0000 0.0000 0.0000	</row1>
					<row2>	0.0000 0.0000 1.0000 0.0000	</row2>
					<row3>	0.2805 0.1316 -1.8017 1.0000	</row3>
				</transform>
			</node>
			<node>
				<identifier>	MP_AM481_Depth_Charge_Stowage_INDEX_5	</identifier>
				<transform>
					<row0>	1.0000 0.0000 0.0000 0.0000	</row0>
					<row1>	0.0000 1.0000 0.0000 0.0000	</row1>
					<row2>	0.0000 0.0000 1.0000 0.0000	</row2>
					<row3>	-0.3141 0.1311 -1.7900 1.0000	</row3>
				</transform>
			</node>
			<node>
				<identifier>	MP_AM509_Voice_Tube_2	</identifier>
				<transform>
					<row0>	1.0000 0.0000 0.0000 0.0000	</row0>
					<row1>	0.0000 1.0000 0.0000 0.0000	</row1>
					<row2>	0.0000 0.0000 1.0000 0.0000	</row2>
					<row3>	0.0562 0.4543 -1.3237 1.0000	</row3>
				</transform>
			</node>
			<node>
				<identifier>	MP_AM531_Stretcher	</identifier>
				<transform>
					<row0>	0.0000 -0.7352 -0.6778 0.0000	</row0>
					<row1>	0.0015 -0.6778 0.7352 0.0000	</row1>
					<row2>	-1.0000 -0.0010 0.0010 0.0000	</row2>
					<row3>	0.0018 0.3430 -2.3300 1.0000	</row3>
				</transform>
			</node>
			<node>
				<identifier>	MP_AM572_Telpher	</identifier>
				<transform>
					<row0>	1.0000 0.0000 0.0000 0.0000	</row0>
					<row1>	0.0000 1.0000 0.0000 0.0000	</row1>
					<row2>	0.0000 0.0000 1.0000 0.0000	</row2>
					<row3>	0.2559 0.2637 -0.9828 1.0000	</row3>
				</transform>
			</node>
			<node>
				<identifier>	MP_AM572_Telpher_INDEX_1	</identifier>
				<transform>
					<row0>	1.0000 0.0000 0.0000 0.0000	</row0>
					<row1>	0.0000 1.0000 0.0000 0.0000	</row1>
					<row2>	0.0000 0.0000 1.0000 0.0000	</row2>
					<row3>	-0.2559 0.2637 -0.9828 1.0000	</row3>
				</transform>
			</node>
			<node>
				<identifier>	MP_AM606_Floater_Net_Basket	</identifier>
				<transform>
					<row0>	-0.0215 0.0000 0.9998 0.0000	</row0>
					<row1>	0.0000 1.0000 0.0000 0.0000	</row1>
					<row2>	-0.9998 0.0000 -0.0215 0.0000	</row2>
					<row3>	-0.3124 0.1413 -1.2491 1.0000	</row3>
				</transform>
			</node>
			<node>
				<identifier>	MP_AM606_Floater_Net_Basket_INDEX_1	</identifier>
				<transform>
					<row0>	-0.0215 0.0000 -0.9998 0.0000	</row0>
					<row1>	0.0000 1.0000 0.0000 0.0000	</row1>
					<row2>	0.9998 0.0000 -0.0215 0.0000	</row2>
					<row3>	0.3124 0.1413 -1.2491 1.0000	</row3>
				</transform>
			</node>
			<node>
				<identifier>	MP_AM717_Depth_Charge_MK6	</identifier>
				<transform>
					<row0>	0.0000 0.9998 0.0187 0.0000	</row0>
					<row1>	-1.0000 0.0000 0.0000 0.0000	</row1>
					<row2>	0.0000 -0.0187 0.9998 0.0000	</row2>
					<row3>	-0.2751 0.1805 -3.0513 1.0000	</row3>
				</transform>
			</node>
			<node>
				<identifier>	MP_AM717_Depth_Charge_MK6_INDEX_1	</identifier>
				<transform>
					<row0>	0.0000 0.0000 1.0000 0.0000	</row0>
					<row1>	-0.0028 -1.0000 0.0000 0.0000	</row1>
					<row2>	1.0000 -0.0028 0.0000 0.0000	</row2>
					<row3>	0.2805 0.1784 -1.8018 1.0000	</row3>
				</transform>
			</node>
			<node>
				<identifier>	MP_AM717_Depth_Charge_MK6_INDEX_2	</identifier>
				<transform>
					<row0>	0.0000 0.0000 -1.0000 0.0000	</row0>
					<row1>	-0.9992 0.0412 0.0000 0.0000	</row1>
					<row2>	0.0412 0.9992 0.0000 0.0000	</row2>
					<row3>	-0.2467 0.1799 -1.7893 1.0000	</row3>
				</transform>
			</node>
			<node>
				<identifier>	MP_AM717_Depth_Charge_MK6_INDEX_3	</identifier>
				<transform>
					<row0>	0.0000 0.9998 0.0187 0.0000	</row0>
					<row1>	-1.0000 0.0000 0.0000 0.0000	</row1>
					<row2>	0.0000 -0.0187 0.9998 0.0000	</row2>
					<row3>	-0.2718 0.1814 -3.0833 1.0000	</row3>
				</transform>
			</node>
			<node>
				<identifier>	MP_AM717_Depth_Charge_MK6_INDEX_4	</identifier>
				<transform>
					<row0>	0.0000 0.0000 -1.0000 0.0000	</row0>
					<row1>	-1.0000 0.0010 0.0000 0.0000	</row1>
					<row2>	0.0010 1.0000 0.0000 0.0000	</row2>
					<row3>	-0.2805 0.1784 -1.8006 1.0000	</row3>
				</transform>
			</node>
			<node>
				<identifier>	MP_AM717_Depth_Charge_MK6_INDEX_5	</identifier>
				<transform>
					<row0>	0.0000 0.0000 -1.0000 0.0000	</row0>
					<row1>	-0.9992 0.0408 0.0000 0.0000	</row1>
					<row2>	0.0408 0.9992 0.0000 0.0000	</row2>
					<row3>	-0.3141 0.1777 -1.7894 1.0000	</row3>
				</transform>
			</node>
			<node>
				<identifier>	MP_AM717_Depth_Charge_MK6_INDEX_6	</identifier>
				<transform>
					<row0>	0.0000 0.0000 1.0000 0.0000	</row0>
					<row1>	0.0374 -0.9993 0.0000 0.0000	</row1>
					<row2>	0.9993 0.0374 0.0000 0.0000	</row2>
					<row3>	0.2467 0.1799 -1.7906 1.0000	</row3>
				</transform>
			</node>
			<node>
				<identifier>	MP_AM717_Depth_Charge_MK6_INDEX_7	</identifier>
				<transform>
					<row0>	0.0000 0.9998 0.0187 0.0000	</row0>
					<row1>	-1.0000 0.0000 0.0000 0.0000	</row1>
					<row2>	0.0000 -0.0187 0.9998 0.0000	</row2>
					<row3>	-0.2689 0.1820 -3.1147 1.0000	</row3>
				</transform>
			</node>
			<node>
				<identifier>	MP_AM717_Depth_Charge_MK6_INDEX_8	</identifier>
				<transform>
					<row0>	0.0000 0.0000 1.0000 0.0000	</row0>
					<row1>	0.0370 -0.9993 0.0000 0.0000	</row1>
					<row2>	0.9993 0.0370 0.0000 0.0000	</row2>
					<row3>	0.3141 0.1777 -1.7906 1.0000	</row3>
				</transform>
			</node>
			<node>
				<identifier>	MP_AM720_Helmets_Rack	</identifier>
				<transform>
					<row0>	-0.3690 0.0000 -0.9294 0.0000	</row0>
					<row1>	0.0000 1.0000 0.0000 0.0000	</row1>
					<row2>	0.9294 0.0000 -0.3690 0.0000	</row2>
					<row3>	-0.0842 0.4622 -1.2969 1.0000	</row3>
				</transform>
			</node>
			<node>
				<identifier>	MP_AM720_Helmets_Rack_INDEX_1	</identifier>
				<transform>
					<row0>	-0.5209 0.0000 -0.8536 0.0000	</row0>
					<row1>	0.0000 1.0000 0.0000 0.0000	</row1>
					<row2>	0.8536 0.0000 -0.5209 0.0000	</row2>
					<row3>	0.0802 0.3243 -1.6818 1.0000	</row3>
				</transform>
			</node>
			<node>
				<identifier>	MP_AM720_Helmets_Rack_INDEX_2	</identifier>
				<transform>
					<row0>	-0.4078 0.0000 -0.9131 0.0000	</row0>
					<row1>	0.0000 1.0000 0.0000 0.0000	</row1>
					<row2>	0.9131 0.0000 -0.4078 0.0000	</row2>
					<row3>	0.1237 0.1794 -2.1753 1.0000	</row3>
				</transform>
			</node>
			<node>
				<identifier>	MP_AM720_Helmets_Rack_INDEX_3	</identifier>
				<transform>
					<row0>	0.2989 0.0000 -0.9543 0.0000	</row0>
					<row1>	0.0000 1.0000 0.0000 0.0000	</row1>
					<row2>	0.9543 0.0000 0.2989 0.0000	</row2>
					<row3>	0.1320 0.1595 -0.9288 1.0000	</row3>
				</transform>
			</node>
			<node>
				<identifier>	MP_AM720_Helmets_Rack_INDEX_4	</identifier>
				<transform>
					<row0>	0.2995 0.0000 0.9541 0.0000	</row0>
					<row1>	0.0000 1.0000 0.0000 0.0000	</row1>
					<row2>	-0.9541 0.0000 0.2995 0.0000	</row2>
					<row3>	-0.1316 0.1595 -0.9280 1.0000	</row3>
				</transform>
			</node>
			<node>
				<identifier>	MP_AM720_Helmets_Rack_INDEX_5	</identifier>
				<transform>
					<row0>	0.3640 0.0000 0.9314 0.0000	</row0>
					<row1>	0.0000 1.0000 0.0000 0.0000	</row1>
					<row2>	-0.9314 0.0000 0.3640 0.0000	</row2>
					<row3>	-0.0902 0.3265 -1.2948 1.0000	</row3>
				</transform>
			</node>
			<node>
				<identifier>	MP_AM721_Talker_Helmets_Rack	</identifier>
				<transform>
					<row0>	-0.3818 0.0000 -0.9242 0.0000	</row0>
					<row1>	0.0000 1.0000 0.0000 0.0000	</row1>
					<row2>	0.9242 0.0000 -0.3818 0.0000	</row2>
					<row3>	-0.0944 0.4755 -1.3237 1.0000	</row3>
				</transform>
			</node>
			<node>
				<identifier>	MP_AM721_Talker_Helmets_Rack_INDEX_1	</identifier>
				<transform>
					<row0>	-0.5209 0.0000 -0.8536 0.0000	</row0>
					<row1>	0.0000 1.0000 0.0000 0.0000	</row1>
					<row2>	0.8536 0.0000 -0.5209 0.0000	</row2>
					<row3>	0.0947 0.3343 -1.6597 1.0000	</row3>
				</transform>
			</node>
			<node>
				<identifier>	MP_AM721_Talker_Helmets_Rack_INDEX_2	</identifier>
				<transform>
					<row0>	-0.4262 0.0000 -0.9046 0.0000	</row0>
					<row1>	0.0000 1.0000 0.0000 0.0000	</row1>
					<row2>	0.9046 0.0000 -0.4262 0.0000	</row2>
					<row3>	0.1110 0.1794 -2.2040 1.0000	</row3>
				</transform>
			</node>
			<node>
				<identifier>	MP_AM721_Talker_Helmets_Rack_INDEX_3	</identifier>
				<transform>
					<row0>	0.3640 0.0000 0.9314 0.0000	</row0>
					<row1>	0.0000 1.0000 0.0000 0.0000	</row1>
					<row2>	-0.9314 0.0000 0.3640 0.0000	</row2>
					<row3>	-0.1005 0.3398 -1.3213 1.0000	</row3>
				</transform>
			</node>
			<node>
				<identifier>	MP_AM722_Ammobox_big	</identifier>
				<transform>
					<row0>	0.8347 0.0000 -0.5507 0.0000	</row0>
					<row1>	0.0000 1.0000 0.0000 0.0000	</row1>
					<row2>	0.5507 0.0000 0.8347 0.0000	</row2>
					<row3>	0.1110 0.3022 -0.8486 1.0000	</row3>
				</transform>
			</node>
			<node>
				<identifier>	MP_AM722_Ammobox_big_INDEX_1	</identifier>
				<transform>
					<row0>	0.0000 0.0000 -1.0000 0.0000	</row0>
					<row1>	0.0000 1.0000 0.0000 0.0000	</row1>
					<row2>	1.0000 0.0000 0.0000 0.0000	</row2>
					<row3>	0.1021 0.4534 -1.4977 1.0000	</row3>
				</transform>
			</node>
			<node>
				<identifier>	MP_AM723_Ammobox	</identifier>
				<transform>
					<row0>	1.1492 -0.0264 0.0000 0.0000	</row0>
					<row1>	0.0264 1.1492 0.0000 0.0000	</row1>
					<row2>	0.0000 0.0000 1.1495 0.0000	</row2>
					<row3>	0.1497 0.1577 -3.3103 1.0000	</row3>
				</transform>
			</node>
			<node>
				<identifier>	MP_AM724_Ammobox_big	</identifier>
				<transform>
					<row0>	-0.0013 -0.0212 0.9998 0.0000	</row0>
					<row1>	0.0600 0.9980 0.0212 0.0000	</row1>
					<row2>	-0.9982 0.0601 0.0000 0.0000	</row2>
					<row3>	0.1560 0.1571 -3.2112 1.0000	</row3>
				</transform>
			</node>
			<node>
				<identifier>	MP_AM724_Ammobox_big_INDEX_1	</identifier>
				<transform>
					<row0>	0.0000 0.0000 1.0000 0.0000	</row0>
					<row1>	0.0000 1.0000 0.0000 0.0000	</row1>
					<row2>	-1.0000 0.0000 0.0000 0.0000	</row2>
					<row3>	-0.1021 0.4534 -1.4977 1.0000	</row3>
				</transform>
			</node>
			<node>
				<identifier>	MP_AM725_Ammobox	</identifier>
				<transform>
					<row0>	0.0080 0.0000 -0.9243 0.0000	</row0>
					<row1>	0.0000 0.9243 0.0000 0.0000	</row1>
					<row2>	0.9243 0.0000 0.0080 0.0000	</row2>
					<row3>	-0.0487 0.3017 -2.2220 1.0000	</row3>
				</transform>
			</node>
			<node>
				<identifier>	MP_AM725_Ammobox_INDEX_1	</identifier>
				<transform>
					<row0>	0.0000 0.0000 -1.0000 0.0000	</row0>
					<row1>	0.0000 1.0000 0.0000 0.0000	</row1>
					<row2>	1.0000 0.0000 0.0000 0.0000	</row2>
					<row3>	-0.0912 0.1523 -2.7606 1.0000	</row3>
				</transform>
			</node>
			<node>
				<identifier>	MP_AM727_Hatch	</identifier>
				<transform>
					<row0>	1.0000 0.0000 0.0000 0.0000	</row0>
					<row1>	0.0000 1.0000 0.0000 0.0000	</row1>
					<row2>	0.0000 0.0000 1.0000 0.0000	</row2>
					<row3>	-0.0366 0.1557 -2.7766 1.0000	</row3>
				</transform>
			</node>
			<node>
				<identifier>	MP_CM001_Propeller3_L	</identifier>
				<transform>
					<row0>	-0.6764 0.0018 0.0032 0.0000	</row0>
					<row1>	-0.0016 -0.6753 0.0371 0.0000	</row1>
					<row2>	0.0033 0.0371 0.6753 0.0000	</row2>
					<row3>	-0.1757 -0.2337 -3.0058 1.0000	</row3>
				</transform>
			</node>
			<node>
				<identifier>	MP_CM011_Fire_Fighting_Gear	</identifier>
				<transform>
					<row0>	0.0000 0.0000 1.0000 0.0000	</row0>
					<row1>	0.0000 1.0000 0.0000 0.0000	</row1>
					<row2>	-1.0000 0.0000 0.0000 0.0000	</row2>
					<row3>	0.1512 0.1493 -2.1276 1.0000	</row3>
				</transform>
			</node>
			<node>
				<identifier>	MP_CM011_Fire_Fighting_Gear_INDEX_1	</identifier>
				<transform>
					<row0>	0.0000 0.0000 1.0000 0.0000	</row0>
					<row1>	0.0000 1.0000 0.0000 0.0000	</row1>
					<row2>	-1.0000 0.0000 0.0000 0.0000	</row2>
					<row3>	0.1471 0.1462 -1.5046 1.0000	</row3>
				</transform>
			</node>
			<node>
				<identifier>	MP_CM011_Fire_Fighting_Gear_INDEX_2	</identifier>
				<transform>
					<row0>	0.0000 0.0000 -1.0000 0.0000	</row0>
					<row1>	0.0000 1.0000 0.0000 0.0000	</row1>
					<row2>	1.0000 0.0000 0.0000 0.0000	</row2>
					<row3>	-0.1471 0.1461 -1.5046 1.0000	</row3>
				</transform>
			</node>
			<node>
				<identifier>	MP_CM011_Fire_Fighting_Gear_INDEX_3	</identifier>
				<transform>
					<row0>	0.0000 0.0000 -1.0000 0.0000	</row0>
					<row1>	0.0000 1.0000 0.0000 0.0000	</row1>
					<row2>	1.0000 0.0000 0.0000 0.0000	</row2>
					<row3>	-0.1512 0.1494 -2.1276 1.0000	</row3>
				</transform>
			</node>
			<node>
				<identifier>	MP_CM011_Fire_Fighting_Gear_INDEX_4	</identifier>
				<transform>
					<row0>	0.0000 0.0000 1.0000 0.0000	</row0>
					<row1>	0.0000 1.0000 0.0000 0.0000	</row1>
					<row2>	-1.0000 0.0000 0.0000 0.0000	</row2>
					<row3>	0.1130 0.1481 -0.8456 1.0000	</row3>
				</transform>
			</node>
			<node>
				<identifier>	MP_CM011_Fire_Fighting_Gear_INDEX_5	</identifier>
				<transform>
					<row0>	1.0000 0.0000 0.0000 0.0000	</row0>
					<row1>	0.0000 1.0000 0.0000 0.0000	</row1>
					<row2>	0.0000 0.0000 1.0000 0.0000	</row2>
					<row3>	-0.0625 0.3023 -1.7004 1.0000	</row3>
				</transform>
			</node>
			<node>
				<identifier>	MP_CM011_Fire_Fighting_Gear_INDEX_6	</identifier>
				<transform>
					<row0>	-1.0000 0.0000 0.0000 0.0000	</row0>
					<row1>	0.0000 1.0000 0.0000 0.0000	</row1>
					<row2>	0.0000 0.0000 -1.0000 0.0000	</row2>
					<row3>	0.0538 0.3023 -1.2597 1.0000	</row3>
				</transform>
			</node>
			<node>
				<identifier>	MP_CM011_Fire_Fighting_Gear_INDEX_7	</identifier>
				<transform>
					<row0>	0.0000 0.0000 -1.0000 0.0000	</row0>
					<row1>	0.0000 1.0000 0.0000 0.0000	</row1>
					<row2>	1.0000 0.0000 0.0000 0.0000	</row2>
					<row3>	-0.1125 0.1481 -0.8456 1.0000	</row3>
				</transform>
			</node>
			<node>
				<identifier>	MP_CM013_Fire_Hose_Rack_2	</identifier>
				<transform>
					<row0>	-0.9556 0.0000 -0.2948 0.0000	</row0>
					<row1>	0.0000 1.0000 0.0000 0.0000	</row1>
					<row2>	0.2948 0.0000 -0.9556 0.0000	</row2>
					<row3>	0.1147 0.2407 -0.8752 1.0000	</row3>
				</transform>
			</node>
			<node>
				<identifier>	MP_CM013_Fire_Hose_Rack_2_INDEX_1	</identifier>
				<transform>
					<row0>	-1.0000 0.0000 0.0000 0.0000	</row0>
					<row1>	0.0000 1.0000 0.0000 0.0000	</row1>
					<row2>	0.0000 0.0000 -1.0000 0.0000	</row2>
					<row3>	0.1413 0.2367 -2.1204 1.0000	</row3>
				</transform>
			</node>
			<node>
				<identifier>	MP_CM013_Fire_Hose_Rack_2_INDEX_2	</identifier>
				<transform>
					<row0>	-1.0000 0.0000 0.0000 0.0000	</row0>
					<row1>	0.0000 1.0000 0.0000 0.0000	</row1>
					<row2>	0.0000 0.0000 -1.0000 0.0000	</row2>
					<row3>	0.1413 0.2367 -1.5002 1.0000	</row3>
				</transform>
			</node>
			<node>
				<identifier>	MP_CM013_Fire_Hose_Rack_2_INDEX_3	</identifier>
				<transform>
					<row0>	0.0000 0.0000 1.0000 0.0000	</row0>
					<row1>	0.0000 1.0000 0.0000 0.0000	</row1>
					<row2>	-1.0000 0.0000 0.0000 0.0000	</row2>
					<row3>	-0.0479 0.3797 -1.6944 1.0000	</row3>
				</transform>
			</node>
			<node>
				<identifier>	MP_CM013_Fire_Hose_Rack_2_INDEX_4	</identifier>
				<transform>
					<row0>	0.9504 0.0000 -0.3111 0.0000	</row0>
					<row1>	0.0000 1.0000 0.0000 0.0000	</row1>
					<row2>	0.3111 0.0000 0.9504 0.0000	</row2>
					<row3>	-0.1277 0.2469 -0.9146 1.0000	</row3>
				</transform>
			</node>
			<node>
				<identifier>	MP_CM013_Fire_Hose_Rack_2_INDEX_5	</identifier>
				<transform>
					<row0>	1.0000 0.0000 0.0000 0.0000	</row0>
					<row1>	0.0000 1.0000 0.0000 0.0000	</row1>
					<row2>	0.0000 0.0000 1.0000 0.0000	</row2>
					<row3>	-0.1415 0.2367 -1.5002 1.0000	</row3>
				</transform>
			</node>
			<node>
				<identifier>	MP_CM013_Fire_Hose_Rack_2_INDEX_6	</identifier>
				<transform>
					<row0>	0.0000 0.0000 -1.0000 0.0000	</row0>
					<row1>	0.0000 1.0000 0.0000 0.0000	</row1>
					<row2>	1.0000 0.0000 0.0000 0.0000	</row2>
					<row3>	0.0521 0.3718 -1.2650 1.0000	</row3>
				</transform>
			</node>
			<node>
				<identifier>	MP_CM013_Fire_Hose_Rack_2_INDEX_7	</identifier>
				<transform>
					<row0>	0.0000 0.0000 1.0000 0.0000	</row0>
					<row1>	0.0000 1.0000 0.0000 0.0000	</row1>
					<row2>	-1.0000 0.0000 0.0000 0.0000	</row2>
					<row3>	0.0635 0.2632 -2.2621 1.0000	</row3>
				</transform>
			</node>
			<node>
				<identifier>	MP_CM013_Fire_Hose_Rack_2_INDEX_8	</identifier>
				<transform>
					<row0>	1.0000 0.0000 0.0000 0.0000	</row0>
					<row1>	0.0000 1.0000 0.0000 0.0000	</row1>
					<row2>	0.0000 0.0000 1.0000 0.0000	</row2>
					<row3>	-0.1413 0.2367 -2.1204 1.0000	</row3>
				</transform>
			</node>
			<node>
				<identifier>	MP_CM014_Fuel_Oil_Hose	</identifier>
				<transform>
					<row0>	0.0000 1.0000 0.0000 0.0000	</row0>
					<row1>	-1.0000 0.0000 0.0000 0.0000	</row1>
					<row2>	0.0000 0.0000 1.0000 0.0000	</row2>
					<row3>	-0.1848 0.2888 -1.9212 1.0000	</row3>
				</transform>
			</node>
			<node>
				<identifier>	MP_CM014_Fuel_Oil_Hose_INDEX_1	</identifier>
				<transform>
					<row0>	0.0000 1.0000 0.0000 0.0000	</row0>
					<row1>	-1.0000 0.0000 0.0000 0.0000	</row1>
					<row2>	0.0000 0.0000 1.0000 0.0000	</row2>
					<row3>	0.1894 0.2888 -1.9212 1.0000	</row3>
				</transform>
			</node>
			<node>
				<identifier>	MP_CM029_Emergency_Box	</identifier>
				<transform>
					<row0>	0.5199 0.0000 0.8543 0.0000	</row0>
					<row1>	0.0000 1.0000 0.0000 0.0000	</row1>
					<row2>	-0.8543 0.0000 0.5199 0.0000	</row2>
					<row3>	0.0997 0.3950 -1.6618 1.0000	</row3>
				</transform>
			</node>
			<node>
				<identifier>	MP_CM029_Emergency_Box_INDEX_1	</identifier>
				<transform>
					<row0>	0.4195 0.0000 0.9078 0.0000	</row0>
					<row1>	0.0000 1.0000 0.0000 0.0000	</row1>
					<row2>	-0.9078 0.0000 0.4195 0.0000	</row2>
					<row3>	0.1032 0.2190 -2.2348 1.0000	</row3>
				</transform>
			</node>
			<node>
				<identifier>	MP_CM029_Emergency_Box_INDEX_2	</identifier>
				<transform>
					<row0>	0.0000 0.0000 -1.0000 0.0000	</row0>
					<row1>	0.0000 1.0000 0.0000 0.0000	</row1>
					<row2>	1.0000 0.0000 0.0000 0.0000	</row2>
					<row3>	-0.1454 0.2320 -1.6984 1.0000	</row3>
				</transform>
			</node>
			<node>
				<identifier>	MP_CM029_Emergency_Box_INDEX_3	</identifier>
				<transform>
					<row0>	-0.9999 0.0000 0.0109 0.0000	</row0>
					<row1>	0.0000 1.0000 0.0000 0.0000	</row1>
					<row2>	-0.0109 0.0000 -0.9999 0.0000	</row2>
					<row3>	0.0506 0.4043 -1.2601 1.0000	</row3>
				</transform>
			</node>
			<node>
				<identifier>	MP_CM029_Emergency_Box_INDEX_4	</identifier>
				<transform>
					<row0>	0.0000 0.0000 1.0000 0.0000	</row0>
					<row1>	0.0000 1.0000 0.0000 0.0000	</row1>
					<row2>	-1.0000 0.0000 0.0000 0.0000	</row2>
					<row3>	0.1454 0.2320 -1.0096 1.0000	</row3>
				</transform>
			</node>
			<node>
				<identifier>	MP_CM032_Propeller3_R	</identifier>
				<transform>
					<row0>	0.6764 0.0000 0.0029 0.0000	</row0>
					<row1>	0.0000 0.6754 -0.0367 0.0000	</row1>
					<row2>	-0.0029 0.0367 0.6754 0.0000	</row2>
					<row3>	0.1757 -0.2337 -3.0058 1.0000	</row3>
				</transform>
			</node>
			<node>
				<identifier>	MP_CM156_Fire_Fighting_Gear	</identifier>
				<transform>
					<row0>	1.0000 0.0000 0.0000 0.0000	</row0>
					<row1>	0.0000 1.0000 0.0000 0.0000	</row1>
					<row2>	0.0000 0.0000 1.0000 0.0000	</row2>
					<row3>	-0.0710 0.1523 -2.2727 1.0000	</row3>
				</transform>
			</node>
		</node>
	</node>
	<boundingBox>
		<min>	-0.0667 -0.0667 -0.0667	</min>
		<max>	0.0667 0.0667 0.0667	</max>
	</boundingBox>
</ASD047_Mahan_1942_MidBack_ports.visual>
