<VSC010_Ignacio_Allende_1950_Bow_ports.visual>
	<node>
		<identifier>	Scene Root	</identifier>
		<transform>
			<row0>	1.0000 0.0000 0.0000 0.0000	</row0>
			<row1>	0.0000 1.0000 0.0000 0.0000	</row1>
			<row2>	0.0000 0.0000 1.0000 0.0000	</row2>
			<row3>	0.0000 0.0000 0.0000 1.0000	</row3>
		</transform>
		<node>
			<identifier>	Bow_ports	</identifier>
			<transform>
				<row0>	1.0000 0.0000 0.0000 0.0000	</row0>
				<row1>	0.0000 1.0000 0.0000 0.0000	</row1>
				<row2>	0.0000 0.0000 1.0000 0.0000	</row2>
				<row3>	0.0000 0.0000 0.0000 1.0000	</row3>
			</transform>
			<node>
				<identifier>	HP_FX_Fire_1	</identifier>
				<transform>
					<row0>	1.0000 0.0000 0.0000 0.0000	</row0>
					<row1>	0.0000 1.0000 0.0000 0.0000	</row1>
					<row2>	0.0000 0.0000 1.0000 0.0000	</row2>
					<row3>	0.0000 0.4690 4.9200 1.0000	</row3>
				</transform>
			</node>
			<node>
				<identifier>	HP_FX_WakeTrace	</identifier>
				<transform>
					<row0>	1.0000 0.0000 0.0000 0.0000	</row0>
					<row1>	0.0000 1.0000 0.0000 0.0000	</row1>
					<row2>	0.0000 0.0000 1.0000 0.0000	</row2>
					<row3>	0.0000 0.0000 6.1137 1.0000	</row3>
				</transform>
			</node>
			<node>
				<identifier>	HP_Ship_death_1	</identifier>
				<transform>
					<row0>	1.0000 0.0000 0.0000 0.0000	</row0>
					<row1>	0.0000 1.0000 0.0000 0.0000	</row1>
					<row2>	0.0000 0.0000 1.0000 0.0000	</row2>
					<row3>	0.0000 0.0000 4.1277 1.0000	</row3>
				</transform>
			</node>
			<node>
				<identifier>	HP_VGA_1	</identifier>
				<transform>
					<row0>	1.0000 0.0000 0.0000 0.0000	</row0>
					<row1>	0.0000 1.0000 0.0000 0.0000	</row1>
					<row2>	0.0000 0.0000 1.0000 0.0000	</row2>
					<row3>	0.0000 0.5047 5.8552 1.0000	</row3>
				</transform>
			</node>
			<node>
				<identifier>	HP_VGA_2	</identifier>
				<transform>
					<row0>	1.0000 0.0000 0.0000 0.0000	</row0>
					<row1>	0.0000 1.0000 0.0000 0.0000	</row1>
					<row2>	0.0000 0.0000 1.0000 0.0000	</row2>
					<row3>	-0.1013 0.5047 5.6991 1.0000	</row3>
				</transform>
			</node>
			<node>
				<identifier>	HP_VGA_3	</identifier>
				<transform>
					<row0>	1.0000 0.0000 0.0000 0.0000	</row0>
					<row1>	0.0000 1.0000 0.0000 0.0000	</row1>
					<row2>	0.0000 0.0000 1.0000 0.0000	</row2>
					<row3>	0.1013 0.5047 5.6991 1.0000	</row3>
				</transform>
			</node>
			<node>
				<identifier>	HP_VGA_4	</identifier>
				<transform>
					<row0>	0.7071 0.0000 0.7071 0.0000	</row0>
					<row1>	0.0000 1.0000 0.0000 0.0000	</row1>
					<row2>	-0.7071 0.0000 0.7071 0.0000	</row2>
					<row3>	-0.2399 0.4337 4.4682 1.0000	</row3>
				</transform>
			</node>
			<node>
				<identifier>	HP_VGA_5	</identifier>
				<transform>
					<row0>	0.7071 0.0000 -0.7071 0.0000	</row0>
					<row1>	0.0000 1.0000 0.0000 0.0000	</row1>
					<row2>	0.7071 0.0000 0.7071 0.0000	</row2>
					<row3>	0.2399 0.4337 4.4682 1.0000	</row3>
				</transform>
			</node>
			<node>
				<identifier>	HP_VGA_6	</identifier>
				<transform>
					<row0>	0.7071 0.0000 0.7071 0.0000	</row0>
					<row1>	0.0000 1.0000 0.0000 0.0000	</row1>
					<row2>	-0.7071 0.0000 0.7071 0.0000	</row2>
					<row3>	-0.2874 0.4246 4.2645 1.0000	</row3>
				</transform>
			</node>
			<node>
				<identifier>	HP_VGA_7	</identifier>
				<transform>
					<row0>	0.7071 0.0000 -0.7071 0.0000	</row0>
					<row1>	0.0000 1.0000 0.0000 0.0000	</row1>
					<row2>	0.7071 0.0000 0.7071 0.0000	</row2>
					<row3>	0.2874 0.4246 4.2645 1.0000	</row3>
				</transform>
			</node>
			<node>
				<identifier>	MP_CM010_Fire_Hose_Reel	</identifier>
				<transform>
					<row0>	0.0000 -0.9986 0.0526 0.0000	</row0>
					<row1>	0.0000 -0.0526 -0.9986 0.0000	</row1>
					<row2>	1.0000 0.0000 0.0000 0.0000	</row2>
					<row3>	0.0000 0.4710 4.9491 1.0000	</row3>
				</transform>
			</node>
			<node>
				<identifier>	MP_CM010_Fire_Hose_Reel_INDEX_1	</identifier>
				<transform>
					<row0>	0.0000 -0.9987 0.0507 0.0000	</row0>
					<row1>	0.0000 -0.0507 -0.9987 0.0000	</row1>
					<row2>	1.0000 0.0000 0.0000 0.0000	</row2>
					<row3>	0.0000 0.4790 5.0674 1.0000	</row3>
				</transform>
			</node>
			<node>
				<identifier>	MP_CM011_Fire_Fighting_Gear	</identifier>
				<transform>
					<row0>	-1.0000 0.0000 0.0000 0.0000	</row0>
					<row1>	0.0000 1.0000 0.0000 0.0000	</row1>
					<row2>	0.0000 0.0000 -1.0000 0.0000	</row2>
					<row3>	0.0000 0.4770 5.0243 1.0000	</row3>
				</transform>
			</node>
			<node>
				<identifier>	MP_CM011_Fire_Fighting_Gear_INDEX_1	</identifier>
				<transform>
					<row0>	1.0000 0.0000 0.0000 0.0000	</row0>
					<row1>	0.0000 1.0000 0.0000 0.0000	</row1>
					<row2>	0.0000 0.0000 1.0000 0.0000	</row2>
					<row3>	0.0000 0.4757 5.0056 1.0000	</row3>
				</transform>
			</node>
			<node>
				<identifier>	MP_CM029_Emergency_Box	</identifier>
				<transform>
					<row0>	0.9425 0.0000 -0.3341 0.0000	</row0>
					<row1>	0.0000 1.0000 0.0000 0.0000	</row1>
					<row2>	0.3341 0.0000 0.9425 0.0000	</row2>
					<row3>	0.0466 0.5430 5.9313 1.0000	</row3>
				</transform>
			</node>
			<node>
				<identifier>	MP_CM029_Emergency_Box_INDEX_1	</identifier>
				<transform>
					<row0>	-0.1857 0.0000 0.9826 0.0000	</row0>
					<row1>	0.0000 1.0000 0.0000 0.0000	</row1>
					<row2>	-0.9826 0.0000 -0.1857 0.0000	</row2>
					<row3>	0.1540 0.4698 4.4042 1.0000	</row3>
				</transform>
			</node>
			<node>
				<identifier>	MP_CM029_Emergency_Box_INDEX_2	</identifier>
				<transform>
					<row0>	-0.1857 0.0000 -0.9826 0.0000	</row0>
					<row1>	0.0000 1.0000 0.0000 0.0000	</row1>
					<row2>	0.9826 0.0000 -0.1857 0.0000	</row2>
					<row3>	-0.1540 0.4698 4.4042 1.0000	</row3>
				</transform>
			</node>
			<node>
				<identifier>	MP_VM002_Speaker	</identifier>
				<transform>
					<row0>	0.5000 0.0000 0.0000 0.0000	</row0>
					<row1>	0.0000 0.5000 0.0000 0.0000	</row1>
					<row2>	0.0000 0.0000 0.5000 0.0000	</row2>
					<row3>	-0.0001 0.5579 5.9290 1.0000	</row3>
				</transform>
			</node>
			<node>
				<identifier>	MP_VM002_Speaker_INDEX_1	</identifier>
				<transform>
					<row0>	-0.1156 0.0000 -0.4865 0.0000	</row0>
					<row1>	0.0000 0.5000 0.0000 0.0000	</row1>
					<row2>	0.4865 0.0000 -0.1156 0.0000	</row2>
					<row3>	-0.1967 0.4884 4.2697 1.0000	</row3>
				</transform>
			</node>
			<node>
				<identifier>	MP_VM002_Speaker_INDEX_2	</identifier>
				<transform>
					<row0>	-0.1156 0.0000 0.4865 0.0000	</row0>
					<row1>	0.0000 0.5000 0.0000 0.0000	</row1>
					<row2>	-0.4865 0.0000 -0.1156 0.0000	</row2>
					<row3>	0.1967 0.4884 4.2697 1.0000	</row3>
				</transform>
			</node>
			<node>
				<identifier>	MP_VM052_Break_Handwheel	</identifier>
				<transform>
					<row0>	-1.0000 0.0000 0.0000 0.0000	</row0>
					<row1>	0.0000 1.0000 0.0000 0.0000	</row1>
					<row2>	0.0000 0.0000 -1.0000 0.0000	</row2>
					<row3>	-0.0343 0.4482 4.6022 1.0000	</row3>
				</transform>
			</node>
			<node>
				<identifier>	MP_VM052_Break_Handwheel_INDEX_1	</identifier>
				<transform>
					<row0>	-1.0000 0.0000 0.0000 0.0000	</row0>
					<row1>	0.0000 1.0000 0.0000 0.0000	</row1>
					<row2>	0.0000 0.0000 -1.0000 0.0000	</row2>
					<row3>	0.0928 0.4459 4.5784 1.0000	</row3>
				</transform>
			</node>
			<node>
				<identifier>	MP_VM052_Break_Handwheel_INDEX_2	</identifier>
				<transform>
					<row0>	-1.0000 0.0000 0.0000 0.0000	</row0>
					<row1>	0.0000 1.0000 0.0000 0.0000	</row1>
					<row2>	0.0000 0.0000 -1.0000 0.0000	</row2>
					<row3>	-0.0928 0.4459 4.5784 1.0000	</row3>
				</transform>
			</node>
			<node>
				<identifier>	MP_VM052_Break_Handwheel_INDEX_3	</identifier>
				<transform>
					<row0>	-1.0000 0.0000 0.0000 0.0000	</row0>
					<row1>	0.0000 1.0000 0.0000 0.0000	</row1>
					<row2>	0.0000 0.0000 -1.0000 0.0000	</row2>
					<row3>	0.0343 0.4482 4.6022 1.0000	</row3>
				</transform>
			</node>
			<node>
				<identifier>	MP_VM057_Helmets_Rack	</identifier>
				<transform>
					<row0>	-0.9914 0.0000 -0.1311 0.0000	</row0>
					<row1>	0.0000 1.0000 0.0000 0.0000	</row1>
					<row2>	0.1311 0.0000 -0.9914 0.0000	</row2>
					<row3>	-0.0251 0.5228 5.9418 1.0000	</row3>
				</transform>
			</node>
			<node>
				<identifier>	MP_VM058_Talker_Helmets_Rack	</identifier>
				<transform>
					<row0>	0.2376 0.0000 0.9714 0.0000	</row0>
					<row1>	0.0000 1.0000 0.0000 0.0000	</row1>
					<row2>	-0.9714 0.0000 0.2376 0.0000	</row2>
					<row3>	-0.1719 0.4601 4.3026 1.0000	</row3>
				</transform>
			</node>
			<node>
				<identifier>	MP_VM058_Talker_Helmets_Rack_INDEX_1	</identifier>
				<transform>
					<row0>	0.2376 0.0000 -0.9714 0.0000	</row0>
					<row1>	0.0000 1.0000 0.0000 0.0000	</row1>
					<row2>	0.9714 0.0000 0.2376 0.0000	</row2>
					<row3>	0.1719 0.4601 4.3026 1.0000	</row3>
				</transform>
			</node>
			<node>
				<identifier>	MP_VM602_Multiple_Switch	</identifier>
				<transform>
					<row0>	0.0000 0.0000 -1.0000 0.0000	</row0>
					<row1>	0.0000 1.0000 0.0000 0.0000	</row1>
					<row2>	1.0000 0.0000 0.0000 0.0000	</row2>
					<row3>	-0.1359 0.5571 5.5784 1.0000	</row3>
				</transform>
			</node>
			<node>
				<identifier>	MP_VM602_Multiple_Switch_INDEX_1	</identifier>
				<transform>
					<row0>	0.8695 0.0000 0.4940 0.0000	</row0>
					<row1>	0.0000 1.0000 0.0000 0.0000	</row1>
					<row2>	-0.4940 0.0000 0.8695 0.0000	</row2>
					<row3>	0.3324 0.4500 4.1722 1.0000	</row3>
				</transform>
			</node>
			<node>
				<identifier>	MP_VM602_Multiple_Switch_INDEX_2	</identifier>
				<transform>
					<row0>	-0.6009 0.0000 -0.7993 0.0000	</row0>
					<row1>	0.0000 1.0000 0.0000 0.0000	</row1>
					<row2>	0.7993 0.0000 -0.6009 0.0000	</row2>
					<row3>	0.1595 0.4744 4.5338 1.0000	</row3>
				</transform>
			</node>
			<node>
				<identifier>	MP_VM602_Multiple_Switch_INDEX_3	</identifier>
				<transform>
					<row0>	0.0000 0.0000 1.0000 0.0000	</row0>
					<row1>	0.0000 1.0000 0.0000 0.0000	</row1>
					<row2>	-1.0000 0.0000 0.0000 0.0000	</row2>
					<row3>	0.1359 0.5571 5.5784 1.0000	</row3>
				</transform>
			</node>
			<node>
				<identifier>	MP_VM602_Multiple_Switch_INDEX_4	</identifier>
				<transform>
					<row0>	-0.6009 0.0000 0.7993 0.0000	</row0>
					<row1>	0.0000 1.0000 0.0000 0.0000	</row1>
					<row2>	-0.7993 0.0000 -0.6009 0.0000	</row2>
					<row3>	-0.1595 0.4744 4.5338 1.0000	</row3>
				</transform>
			</node>
			<node>
				<identifier>	MP_VM602_Multiple_Switch_INDEX_5	</identifier>
				<transform>
					<row0>	0.8677 0.0000 -0.4970 0.0000	</row0>
					<row1>	0.0000 1.0000 0.0000 0.0000	</row1>
					<row2>	0.4970 0.0000 0.8677 0.0000	</row2>
					<row3>	-0.3324 0.4500 4.1722 1.0000	</row3>
				</transform>
			</node>
			<node>
				<identifier>	MP_VM713_Ammobox_big	</identifier>
				<transform>
					<row0>	0.2342 -0.0365 -0.9715 0.0000	</row0>
					<row1>	0.0202 0.9993 -0.0327 0.0000	</row1>
					<row2>	0.9720 -0.0119 0.2348 0.0000	</row2>
					<row3>	0.1610 0.4309 4.2474 1.0000	</row3>
				</transform>
			</node>
			<node>
				<identifier>	MP_VM713_Ammobox_big_INDEX_1	</identifier>
				<transform>
					<row0>	0.9999 0.0133 0.0000 0.0000	</row0>
					<row1>	-0.0132 0.9955 -0.0935 0.0000	</row1>
					<row2>	-0.0012 0.0935 0.9956 0.0000	</row2>
					<row3>	-0.0582 0.5117 5.4276 1.0000	</row3>
				</transform>
			</node>
			<node>
				<identifier>	MP_VM713_Ammobox_big_INDEX_2	</identifier>
				<transform>
					<row0>	0.9999 -0.0133 0.0000 0.0000	</row0>
					<row1>	0.0132 0.9955 -0.0935 0.0000	</row1>
					<row2>	0.0012 0.0935 0.9956 0.0000	</row2>
					<row3>	0.0582 0.5117 5.4276 1.0000	</row3>
				</transform>
			</node>
			<node>
				<identifier>	MP_VM713_Ammobox_big_INDEX_3	</identifier>
				<transform>
					<row0>	0.9997 0.0232 0.0000 0.0000	</row0>
					<row1>	-0.0232 0.9997 0.0000 0.0000	</row1>
					<row2>	0.0000 0.0000 1.0000 0.0000	</row2>
					<row3>	-0.0485 0.4306 4.1499 1.0000	</row3>
				</transform>
			</node>
			<node>
				<identifier>	MP_VM713_Ammobox_big_INDEX_4	</identifier>
				<transform>
					<row0>	0.2348 -0.0519 -0.9707 0.0000	</row0>
					<row1>	0.0180 0.9986 -0.0490 0.0000	</row1>
					<row2>	0.9719 -0.0060 0.2354 0.0000	</row2>
					<row3>	0.1131 0.4377 4.4460 1.0000	</row3>
				</transform>
			</node>
			<node>
				<identifier>	MP_VM713_Ammobox_big_INDEX_5	</identifier>
				<transform>
					<row0>	0.2342 0.0365 0.9715 0.0000	</row0>
					<row1>	-0.0202 0.9993 -0.0327 0.0000	</row1>
					<row2>	-0.9720 -0.0119 0.2348 0.0000	</row2>
					<row3>	-0.1610 0.4309 4.2474 1.0000	</row3>
				</transform>
			</node>
			<node>
				<identifier>	MP_VM759_Hatch	</identifier>
				<transform>
					<row0>	1.0000 0.0000 0.0000 0.0000	</row0>
					<row1>	0.0000 1.0000 0.0000 0.0000	</row1>
					<row2>	0.0000 0.0000 1.0000 0.0000	</row2>
					<row3>	0.0368 0.4352 4.3088 1.0000	</row3>
				</transform>
			</node>
			<node>
				<identifier>	MP_VM760_Hatch	</identifier>
				<transform>
					<row0>	-1.0000 0.0000 0.0000 0.0000	</row0>
					<row1>	0.0000 1.0000 0.0000 0.0000	</row1>
					<row2>	0.0000 0.0000 -1.0000 0.0000	</row2>
					<row3>	0.0000 0.5751 6.0737 1.0000	</row3>
				</transform>
			</node>
			<node>
				<identifier>	MP_VM761_Hatch	</identifier>
				<transform>
					<row0>	0.7604 0.0002 0.0000 0.0000	</row0>
					<row1>	-0.0002 0.7604 0.0002 0.0000	</row1>
					<row2>	0.0000 -0.0002 0.7604 0.0000	</row2>
					<row3>	-0.0001 0.5566 6.0020 1.0000	</row3>
				</transform>
			</node>
			<node>
				<identifier>	MP_VM761_Hatch_INDEX_1	</identifier>
				<transform>
					<row0>	0.7600 0.0002 0.0000 0.0000	</row0>
					<row1>	-0.0002 0.7600 0.0002 0.0000	</row1>
					<row2>	0.0000 -0.0002 0.7600 0.0000	</row2>
					<row3>	0.0000 0.4769 5.1937 1.0000	</row3>
				</transform>
			</node>
			<node>
				<identifier>	MP_VM805_Ventilators_3	</identifier>
				<transform>
					<row0>	1.0000 0.0000 0.0000 0.0000	</row0>
					<row1>	0.0000 1.0000 0.0000 0.0000	</row1>
					<row2>	0.0000 0.0000 1.0000 0.0000	</row2>
					<row3>	0.1761 0.4254 4.1442 1.0000	</row3>
				</transform>
			</node>
			<node>
				<identifier>	MP_VM805_Ventilators_3_INDEX_1	</identifier>
				<transform>
					<row0>	1.0000 0.0000 0.0000 0.0000	</row0>
					<row1>	0.0000 1.0000 0.0000 0.0000	</row1>
					<row2>	0.0000 0.0000 1.0000 0.0000	</row2>
					<row3>	-0.0450 0.4372 4.4684 1.0000	</row3>
				</transform>
			</node>
			<node>
				<identifier>	MP_VM805_Ventilators_3_INDEX_2	</identifier>
				<transform>
					<row0>	0.6647 0.0000 0.0000 0.0000	</row0>
					<row1>	0.0000 0.6647 0.0000 0.0000	</row1>
					<row2>	0.0000 0.0000 0.6647 0.0000	</row2>
					<row3>	-0.0496 0.4931 5.2686 1.0000	</row3>
				</transform>
			</node>
			<node>
				<identifier>	MP_VM858_Signal_Lamp	</identifier>
				<transform>
					<row0>	1.0000 0.0000 0.0000 0.0000	</row0>
					<row1>	0.0000 1.0000 0.0000 0.0000	</row1>
					<row2>	0.0000 0.0000 1.0000 0.0000	</row2>
					<row3>	0.0000 0.9994 6.2169 1.0000	</row3>
				</transform>
			</node>
			<node>
				<identifier>	MP_VM970_Fairlead	</identifier>
				<transform>
					<row0>	0.9946 0.0002 0.1039 0.0000	</row0>
					<row1>	0.0015 0.9999 -0.0160 0.0000	</row1>
					<row2>	-0.1039 0.0161 0.9945 0.0000	</row2>
					<row3>	0.4072 0.4071 4.1002 1.0000	</row3>
				</transform>
			</node>
			<node>
				<identifier>	MP_VM970_Fairlead_INDEX_1	</identifier>
				<transform>
					<row0>	0.9968 0.0065 0.0793 0.0000	</row0>
					<row1>	0.0000 0.9967 -0.0812 0.0000	</row1>
					<row2>	-0.0795 0.0810 0.9935 0.0000	</row2>
					<row3>	0.3257 0.4503 4.8710 1.0000	</row3>
				</transform>
			</node>
			<node>
				<identifier>	MP_VM970_Fairlead_INDEX_2	</identifier>
				<transform>
					<row0>	1.0565 -0.0007 -0.1326 0.0000	</row0>
					<row1>	-0.0117 1.0601 -0.0989 0.0000	</row1>
					<row2>	0.1321 0.0995 1.0519 0.0000	</row2>
					<row3>	-0.2653 0.4992 5.4197 1.0000	</row3>
				</transform>
			</node>
			<node>
				<identifier>	MP_VM970_Fairlead_INDEX_3	</identifier>
				<transform>
					<row0>	1.0565 0.0007 0.1326 0.0000	</row0>
					<row1>	0.0117 1.0601 -0.0989 0.0000	</row1>
					<row2>	-0.1321 0.0995 1.0519 0.0000	</row2>
					<row3>	0.2653 0.4992 5.4197 1.0000	</row3>
				</transform>
			</node>
			<node>
				<identifier>	MP_VM970_Fairlead_INDEX_4	</identifier>
				<transform>
					<row0>	0.9946 -0.0002 -0.1039 0.0000	</row0>
					<row1>	-0.0015 0.9999 -0.0160 0.0000	</row1>
					<row2>	0.1039 0.0161 0.9945 0.0000	</row2>
					<row3>	-0.4072 0.4071 4.1002 1.0000	</row3>
				</transform>
			</node>
			<node>
				<identifier>	MP_VM970_Fairlead_INDEX_5	</identifier>
				<transform>
					<row0>	0.9968 -0.0065 -0.0793 0.0000	</row0>
					<row1>	0.0000 0.9967 -0.0812 0.0000	</row1>
					<row2>	0.0795 0.0810 0.9935 0.0000	</row2>
					<row3>	-0.3257 0.4503 4.8710 1.0000	</row3>
				</transform>
			</node>
			<node>
				<identifier>	SP_YMS001_YHBM_M_1	</identifier>
				<transform>
					<row0>	0.9426 0.0000 0.0000 0.0000	</row0>
					<row1>	0.0000 0.9411 -0.0543 0.0000	</row1>
					<row2>	0.0000 0.0543 0.9411 0.0000	</row2>
					<row3>	0.0000 0.6137 6.2855 1.0000	</row3>
				</transform>
			</node>
			<node>
				<identifier>	SP_YMS002_YHBL_M_1	</identifier>
				<transform>
					<row0>	1.1567 0.0000 0.0000 0.0000	</row0>
					<row1>	0.0000 1.1482 -0.1396 0.0000	</row1>
					<row2>	0.0000 0.1396 1.1482 0.0000	</row2>
					<row3>	-0.0558 0.6137 6.2235 1.0000	</row3>
				</transform>
			</node>
			<node>
				<identifier>	SP_YMS003_YHBR_M_1	</identifier>
				<transform>
					<row0>	1.1567 0.0000 0.0000 0.0000	</row0>
					<row1>	0.0000 1.1482 -0.1396 0.0000	</row1>
					<row2>	0.0000 0.1396 1.1482 0.0000	</row2>
					<row3>	0.0558 0.6137 6.2235 1.0000	</row3>
				</transform>
			</node>
			<node>
				<identifier>	SP_YMS004_YHXL_L_1	</identifier>
				<transform>
					<row0>	0.5711 0.2441 -0.0954 0.0000	</row0>
					<row1>	-0.2447 0.5785 0.0153 0.0000	</row1>
					<row2>	0.0938 0.0232 0.6209 0.0000	</row2>
					<row3>	-0.1358 0.3624 5.7499 1.0000	</row3>
				</transform>
			</node>
			<node>
				<identifier>	SP_YMS005_YHXR_L_1	</identifier>
				<transform>
					<row0>	0.5711 -0.2441 0.0954 0.0000	</row0>
					<row1>	0.2447 0.5785 0.0153 0.0000	</row1>
					<row2>	-0.0938 0.0232 0.6209 0.0000	</row2>
					<row3>	0.1358 0.3624 5.7499 1.0000	</row3>
				</transform>
			</node>
			<node>
				<identifier>	SP_YMS010_YHWM_L_1	</identifier>
				<transform>
					<row0>	0.8394 0.0000 0.0000 0.0000	</row0>
					<row1>	0.0000 0.8394 0.0000 0.0000	</row1>
					<row2>	0.0000 0.0000 0.8394 0.0000	</row2>
					<row3>	0.0000 0.0000 6.1441 1.0000	</row3>
				</transform>
			</node>
			<node>
				<identifier>	SP_YMS011_YHWL_M_1_INDEX_4	</identifier>
				<transform>
					<row0>	0.9691 0.0000 -0.1561 0.0000	</row0>
					<row1>	0.0000 0.9816 0.0000 0.0000	</row1>
					<row2>	0.1561 0.0000 0.9691 0.0000	</row2>
					<row3>	-0.2362 0.0000 4.6469 1.0000	</row3>
				</transform>
			</node>
			<node>
				<identifier>	SP_YMS012_YHWR_M_1_INDEX_11	</identifier>
				<transform>
					<row0>	0.9691 0.0000 0.1561 0.0000	</row0>
					<row1>	0.0000 0.9816 0.0000 0.0000	</row1>
					<row2>	-0.1561 0.0000 0.9691 0.0000	</row2>
					<row3>	0.2362 0.0000 4.6469 1.0000	</row3>
				</transform>
			</node>
			<node>
				<identifier>	SP_YMS020_YHBU_M_1	</identifier>
				<transform>
					<row0>	0.8598 0.0000 0.0000 0.0000	</row0>
					<row1>	0.0000 0.8560 0.0809 0.0000	</row1>
					<row2>	0.0000 -0.0809 0.8560 0.0000	</row2>
					<row3>	0.0000 -0.1763 6.0904 1.0000	</row3>
				</transform>
			</node>
			<node>
				<identifier>	SP_YMS053_YHDC_S_1_INDEX_1	</identifier>
				<transform>
					<row0>	0.7046 0.0373 -0.0018 0.0000	</row0>
					<row1>	-0.0374 0.7030 -0.0466 0.0000	</row1>
					<row2>	-0.0007 0.0466 0.7040 0.0000	</row2>
					<row3>	-0.2325 0.4723 4.8642 1.0000	</row3>
				</transform>
			</node>
			<node>
				<identifier>	SP_YMS053_YHDC_S_1_INDEX_5	</identifier>
				<transform>
					<row0>	0.7046 -0.0373 0.0018 0.0000	</row0>
					<row1>	0.0374 0.7030 -0.0466 0.0000	</row1>
					<row2>	0.0007 0.0466 0.7040 0.0000	</row2>
					<row3>	0.2325 0.4723 4.8642 1.0000	</row3>
				</transform>
			</node>
			<node>
				<identifier>	SP_YMS080_YHSL_M_1_INDEX_1	</identifier>
				<transform>
					<row0>	0.5856 0.2545 -0.0936 0.0000	</row0>
					<row1>	-0.2590 0.5909 -0.0142 0.0000	</row1>
					<row2>	0.0801 0.0504 0.6383 0.0000	</row2>
					<row3>	-0.2612 0.2337 4.5769 1.0000	</row3>
				</transform>
			</node>
			<node>
				<identifier>	SP_YMS081_YHSR_M_1_INDEX_1	</identifier>
				<transform>
					<row0>	0.5853 -0.2544 0.0935 0.0000	</row0>
					<row1>	0.2589 0.5906 -0.0142 0.0000	</row1>
					<row2>	-0.0800 0.0504 0.6380 0.0000	</row2>
					<row3>	0.2612 0.2337 4.5769 1.0000	</row3>
				</transform>
			</node>
		</node>
	</node>
	<boundingBox>
		<min>	-0.0667 -0.0667 -0.0667	</min>
		<max>	0.0667 0.0667 0.0667	</max>
	</boundingBox>
</VSC010_Ignacio_Allende_1950_Bow_ports.visual>
