<RSC044_Pr_84_Alexander_Nevsky_1959_Bow_ports.visual>
	<node>
		<identifier>	Scene Root	</identifier>
		<transform>
			<row0>	1.0000 0.0000 0.0000 0.0000	</row0>
			<row1>	0.0000 1.0000 0.0000 0.0000	</row1>
			<row2>	0.0000 0.0000 1.0000 0.0000	</row2>
			<row3>	0.0000 0.0000 0.0000 1.0000	</row3>
		</transform>
		<node>
			<identifier>	Bow_ports	</identifier>
			<transform>
				<row0>	1.0000 0.0000 0.0000 0.0000	</row0>
				<row1>	0.0000 1.0000 0.0000 0.0000	</row1>
				<row2>	0.0000 0.0000 1.0000 0.0000	</row2>
				<row3>	0.0000 0.0000 0.0000 1.0000	</row3>
			</transform>
			<node>
				<identifier>	HP_FX_Death_1	</identifier>
				<transform>
					<row0>	1.0000 0.0000 0.0000 0.0000	</row0>
					<row1>	0.0000 1.0000 0.0000 0.0000	</row1>
					<row2>	0.0000 0.0000 1.0000 0.0000	</row2>
					<row3>	0.0000 0.0000 4.9010 1.0000	</row3>
				</transform>
			</node>
			<node>
				<identifier>	HP_FX_Fire_1	</identifier>
				<transform>
					<row0>	1.0000 0.0000 0.0000 0.0000	</row0>
					<row1>	0.0000 1.0000 0.0000 0.0000	</row1>
					<row2>	0.0000 0.0000 1.0000 0.0000	</row2>
					<row3>	0.0560 0.3684 4.8534 1.0000	</row3>
				</transform>
			</node>
			<node>
				<identifier>	HP_FX_Flood_water_left_3	</identifier>
				<transform>
					<row0>	-0.9863 -0.1647 0.0000 0.0000	</row0>
					<row1>	-0.1647 0.9863 0.0000 0.0000	</row1>
					<row2>	0.0000 0.0000 -1.0000 0.0000	</row2>
					<row3>	-0.5185 0.1271 4.2644 1.0000	</row3>
				</transform>
			</node>
			<node>
				<identifier>	HP_FX_Flood_water_left_4	</identifier>
				<transform>
					<row0>	-0.9907 -0.1359 0.0000 0.0000	</row0>
					<row1>	-0.1359 0.9907 0.0000 0.0000	</row1>
					<row2>	0.0000 0.0000 -1.0000 0.0000	</row2>
					<row3>	-0.1918 0.0822 6.2673 1.0000	</row3>
				</transform>
			</node>
			<node>
				<identifier>	HP_FX_Flood_water_right_3	</identifier>
				<transform>
					<row0>	0.9863 -0.1647 0.0000 0.0000	</row0>
					<row1>	0.1647 0.9863 0.0000 0.0000	</row1>
					<row2>	0.0000 0.0000 1.0000 0.0000	</row2>
					<row3>	0.5188 0.1275 4.2634 1.0000	</row3>
				</transform>
			</node>
			<node>
				<identifier>	HP_FX_Flood_water_right_4	</identifier>
				<transform>
					<row0>	0.9907 -0.1359 0.0000 0.0000	</row0>
					<row1>	0.1359 0.9907 0.0000 0.0000	</row1>
					<row2>	0.0000 0.0000 1.0000 0.0000	</row2>
					<row3>	0.1923 0.0849 6.2662 1.0000	</row3>
				</transform>
			</node>
			<node>
				<identifier>	HP_FX_RepairLight_left_1	</identifier>
				<transform>
					<row0>	0.0740 0.0000 0.9973 0.0000	</row0>
					<row1>	0.0000 1.0000 0.0000 0.0000	</row1>
					<row2>	-0.9973 0.0000 0.0740 0.0000	</row2>
					<row3>	-0.6433 0.3361 3.8993 1.0000	</row3>
				</transform>
			</node>
			<node>
				<identifier>	HP_FX_WakeTrace	</identifier>
				<transform>
					<row0>	1.0000 0.0000 0.0000 0.0000	</row0>
					<row1>	0.0000 1.0000 0.0000 0.0000	</row1>
					<row2>	0.0000 0.0000 1.0000 0.0000	</row2>
					<row3>	0.0000 0.0000 7.3699 1.0000	</row3>
				</transform>
			</node>
			<node>
				<identifier>	HP_RGB_1	</identifier>
				<transform>
					<row0>	1.0000 0.0000 0.0000 0.0000	</row0>
					<row1>	0.0000 1.0000 0.0000 0.0000	</row1>
					<row2>	0.0000 0.0000 1.0000 0.0000	</row2>
					<row3>	-0.1053 0.3912 5.3939 1.0000	</row3>
				</transform>
			</node>
			<node>
				<identifier>	HP_RGB_2	</identifier>
				<transform>
					<row0>	1.0000 0.0000 0.0000 0.0000	</row0>
					<row1>	0.0000 1.0000 0.0000 0.0000	</row1>
					<row2>	0.0000 0.0000 1.0000 0.0000	</row2>
					<row3>	0.1053 0.3912 5.3939 1.0000	</row3>
				</transform>
			</node>
			<node>
				<identifier>	HP_RGM_1	</identifier>
				<transform>
					<row0>	1.0000 0.0000 0.0000 0.0000	</row0>
					<row1>	0.0000 1.0000 0.0000 0.0000	</row1>
					<row2>	0.0000 0.0000 1.0000 0.0000	</row2>
					<row3>	0.0000 0.3791 3.9010 1.0000	</row3>
				</transform>
			</node>
			<node>
				<identifier>	HP_Ship_death_1	</identifier>
				<transform>
					<row0>	1.0000 0.0000 0.0000 0.0000	</row0>
					<row1>	0.0000 1.0000 0.0000 0.0000	</row1>
					<row2>	0.0000 0.0000 1.0000 0.0000	</row2>
					<row3>	0.0000 0.0000 3.3279 1.0000	</row3>
				</transform>
			</node>
			<node>
				<identifier>	MP_CM011_Fire_Fighting_Gear	</identifier>
				<transform>
					<row0>	1.0000 0.0000 0.0000 0.0000	</row0>
					<row1>	0.0000 1.0000 0.0000 0.0000	</row1>
					<row2>	0.0000 0.0000 1.0000 0.0000	</row2>
					<row3>	0.0115 0.3345 4.3568 1.0000	</row3>
				</transform>
			</node>
			<node>
				<identifier>	MP_CM011_Fire_Fighting_Gear_INDEX_1	</identifier>
				<transform>
					<row0>	1.0000 0.0000 0.0000 0.0000	</row0>
					<row1>	0.0000 1.0000 0.0000 0.0000	</row1>
					<row2>	0.0000 0.0000 1.0000 0.0000	</row2>
					<row3>	0.1552 0.4074 5.6728 1.0000	</row3>
				</transform>
			</node>
			<node>
				<identifier>	MP_CM013_Fire_Hose_Rack_2	</identifier>
				<transform>
					<row0>	0.0826 -0.2579 0.9626 0.0000	</row0>
					<row1>	0.0000 0.9659 0.2588 0.0000	</row1>
					<row2>	-0.9966 -0.0214 0.0798 0.0000	</row2>
					<row3>	0.0480 0.3846 4.3842 1.0000	</row3>
				</transform>
			</node>
			<node>
				<identifier>	MP_CM013_Fire_Hose_Rack_2_INDEX_1	</identifier>
				<transform>
					<row0>	0.6464 0.0000 0.7630 0.0000	</row0>
					<row1>	0.0000 1.0000 0.0000 0.0000	</row1>
					<row2>	-0.7630 0.0000 0.6464 0.0000	</row2>
					<row3>	0.1314 0.4414 5.7139 1.0000	</row3>
				</transform>
			</node>
			<node>
				<identifier>	MP_RM017_Fairlead	</identifier>
				<transform>
					<row0>	0.9521 -0.0189 -0.3053 0.0000	</row0>
					<row1>	-0.0009 0.9979 -0.0644 0.0000	</row1>
					<row2>	0.3059 0.0616 0.9501 0.0000	</row2>
					<row3>	-0.1677 0.5161 7.3940 1.0000	</row3>
				</transform>
			</node>
			<node>
				<identifier>	MP_RM017_Fairlead_INDEX_1	</identifier>
				<transform>
					<row0>	0.9521 0.0189 0.3053 0.0000	</row0>
					<row1>	0.0009 0.9979 -0.0644 0.0000	</row1>
					<row2>	-0.3059 0.0616 0.9501 0.0000	</row2>
					<row3>	0.1677 0.5161 7.3940 1.0000	</row3>
				</transform>
			</node>
			<node>
				<identifier>	MP_RM017_Fairlead_INDEX_2	</identifier>
				<transform>
					<row0>	0.9941 0.0069 0.1080 0.0000	</row0>
					<row1>	0.0000 0.9979 -0.0644 0.0000	</row1>
					<row2>	-0.1082 0.0641 0.9921 0.0000	</row2>
					<row3>	0.4651 0.4180 5.7365 1.0000	</row3>
				</transform>
			</node>
			<node>
				<identifier>	MP_RM017_Fairlead_INDEX_3	</identifier>
				<transform>
					<row0>	0.9941 0.0069 0.1080 0.0000	</row0>
					<row1>	0.0000 0.9979 -0.0644 0.0000	</row1>
					<row2>	-0.1082 0.0641 0.9921 0.0000	</row2>
					<row3>	0.5090 0.3940 5.3291 1.0000	</row3>
				</transform>
			</node>
			<node>
				<identifier>	MP_RM017_Fairlead_INDEX_4	</identifier>
				<transform>
					<row0>	0.9941 -0.0069 -0.1080 0.0000	</row0>
					<row1>	0.0000 0.9979 -0.0644 0.0000	</row1>
					<row2>	0.1082 0.0641 0.9921 0.0000	</row2>
					<row3>	-0.4649 0.4180 5.7365 1.0000	</row3>
				</transform>
			</node>
			<node>
				<identifier>	MP_RM017_Fairlead_INDEX_5	</identifier>
				<transform>
					<row0>	0.9941 -0.0069 -0.1080 0.0000	</row0>
					<row1>	0.0000 0.9979 -0.0644 0.0000	</row1>
					<row2>	0.1082 0.0641 0.9921 0.0000	</row2>
					<row3>	-0.5090 0.3940 5.3291 1.0000	</row3>
				</transform>
			</node>
			<node>
				<identifier>	MP_RM021_Screened_speed_light	</identifier>
				<transform>
					<row0>	-1.0000 0.0000 0.0000 0.0000	</row0>
					<row1>	0.0000 1.0000 0.0000 0.0000	</row1>
					<row2>	0.0000 0.0000 -1.0000 0.0000	</row2>
					<row3>	0.0000 0.6946 7.7281 1.0000	</row3>
				</transform>
			</node>
			<node>
				<identifier>	MP_RM096_Paravane	</identifier>
				<transform>
					<row0>	0.0000 1.0000 0.0000 0.0000	</row0>
					<row1>	0.5884 0.0000 0.8086 0.0000	</row1>
					<row2>	0.8086 0.0000 -0.5884 0.0000	</row2>
					<row3>	0.3018 0.4106 4.3694 1.0000	</row3>
				</transform>
			</node>
			<node>
				<identifier>	MP_RM096_Paravane_INDEX_1	</identifier>
				<transform>
					<row0>	0.0000 -1.0000 0.0000 0.0000	</row0>
					<row1>	-0.5884 0.0000 0.8086 0.0000	</row1>
					<row2>	-0.8086 0.0000 -0.5884 0.0000	</row2>
					<row3>	-0.3018 0.4106 4.3694 1.0000	</row3>
				</transform>
			</node>
			<node>
				<identifier>	MP_RM141_Signal_Lamp	</identifier>
				<transform>
					<row0>	1.0000 0.0000 0.0000 0.0000	</row0>
					<row1>	0.0000 1.0000 0.0000 0.0000	</row1>
					<row2>	0.0000 0.0000 1.0000 0.0000	</row2>
					<row3>	0.0000 0.9279 7.7483 1.0000	</row3>
				</transform>
			</node>
			<node>
				<identifier>	MP_RM163_Antenna_UCV	</identifier>
				<transform>
					<row0>	1.0000 0.0000 0.0000 0.0000	</row0>
					<row1>	0.0000 1.0000 0.0000 0.0000	</row1>
					<row2>	0.0000 0.0000 1.0000 0.0000	</row2>
					<row3>	-0.4434 0.4348 5.4009 1.0000	</row3>
				</transform>
			</node>
			<node>
				<identifier>	MP_RM180_Anchor_Detector	</identifier>
				<transform>
					<row0>	-1.0000 0.0000 0.0000 0.0000	</row0>
					<row1>	0.0000 1.0000 0.0000 0.0000	</row1>
					<row2>	0.0000 0.0000 -1.0000 0.0000	</row2>
					<row3>	-0.0335 0.4071 5.6996 1.0000	</row3>
				</transform>
			</node>
			<node>
				<identifier>	MP_RM180_Anchor_Detector_INDEX_1	</identifier>
				<transform>
					<row0>	-1.0000 0.0000 0.0000 0.0000	</row0>
					<row1>	0.0000 1.0000 0.0000 0.0000	</row1>
					<row2>	0.0000 0.0000 -1.0000 0.0000	</row2>
					<row3>	0.0335 0.4071 5.6996 1.0000	</row3>
				</transform>
			</node>
			<node>
				<identifier>	MP_RM209_Red_Star	</identifier>
				<transform>
					<row0>	0.4630 -0.0553 -1.5060 0.0000	</row0>
					<row1>	0.9253 1.2540 0.2385 0.0000	</row1>
					<row2>	1.1895 -0.9539 0.4007 0.0000	</row2>
					<row3>	0.0705 0.4029 7.5042 1.0000	</row3>
				</transform>
			</node>
			<node>
				<identifier>	MP_RM209_Red_Star_INDEX_1	</identifier>
				<transform>
					<row0>	0.4630 0.0553 1.5060 0.0000	</row0>
					<row1>	-0.9253 1.2540 0.2385 0.0000	</row1>
					<row2>	-1.1895 -0.9539 0.4007 0.0000	</row2>
					<row3>	-0.0705 0.4029 7.5042 1.0000	</row3>
				</transform>
			</node>
			<node>
				<identifier>	MP_RM214_Life_Buoy	</identifier>
				<transform>
					<row0>	-0.0804 0.0000 -0.9968 0.0000	</row0>
					<row1>	0.0000 1.0000 0.0000 0.0000	</row1>
					<row2>	0.9968 0.0000 -0.0804 0.0000	</row2>
					<row3>	-0.5870 0.4190 4.5663 1.0000	</row3>
				</transform>
			</node>
			<node>
				<identifier>	MP_RM214_Life_Buoy_INDEX_1	</identifier>
				<transform>
					<row0>	-0.1250 0.0000 -0.9922 0.0000	</row0>
					<row1>	0.0000 1.0000 0.0000 0.0000	</row1>
					<row2>	0.9922 0.0000 -0.1250 0.0000	</row2>
					<row3>	-0.4335 0.5063 6.0768 1.0000	</row3>
				</transform>
			</node>
			<node>
				<identifier>	MP_RM214_Life_Buoy_INDEX_2	</identifier>
				<transform>
					<row0>	-0.1962 0.0000 -0.9806 0.0000	</row0>
					<row1>	0.0000 1.0000 0.0000 0.0000	</row1>
					<row2>	0.9806 0.0000 -0.1962 0.0000	</row2>
					<row3>	-0.3024 0.5551 6.8983 1.0000	</row3>
				</transform>
			</node>
			<node>
				<identifier>	MP_RM214_Life_Buoy_INDEX_3	</identifier>
				<transform>
					<row0>	-0.0804 0.0000 0.9968 0.0000	</row0>
					<row1>	0.0000 1.0000 0.0000 0.0000	</row1>
					<row2>	-0.9968 0.0000 -0.0804 0.0000	</row2>
					<row3>	0.5870 0.4190 4.5663 1.0000	</row3>
				</transform>
			</node>
			<node>
				<identifier>	MP_RM214_Life_Buoy_INDEX_4	</identifier>
				<transform>
					<row0>	-0.1250 0.0000 0.9922 0.0000	</row0>
					<row1>	0.0000 1.0000 0.0000 0.0000	</row1>
					<row2>	-0.9922 0.0000 -0.1250 0.0000	</row2>
					<row3>	0.4335 0.5063 6.0768 1.0000	</row3>
				</transform>
			</node>
			<node>
				<identifier>	MP_RM214_Life_Buoy_INDEX_5	</identifier>
				<transform>
					<row0>	-0.1962 0.0000 0.9806 0.0000	</row0>
					<row1>	0.0000 1.0000 0.0000 0.0000	</row1>
					<row2>	-0.9806 0.0000 -0.1962 0.0000	</row2>
					<row3>	0.3024 0.5551 6.8983 1.0000	</row3>
				</transform>
			</node>
			<node>
				<identifier>	MP_RM254_Anchor_Capstan_Stern	</identifier>
				<transform>
					<row0>	1.0000 0.0000 0.0000 0.0000	</row0>
					<row1>	0.0000 0.9984 -0.0570 0.0000	</row1>
					<row2>	0.0000 0.0570 0.9984 0.0000	</row2>
					<row3>	0.1998 0.3746 5.0999 1.0000	</row3>
				</transform>
			</node>
			<node>
				<identifier>	MP_RM254_Anchor_Capstan_Stern_INDEX_1	</identifier>
				<transform>
					<row0>	1.0000 0.0000 0.0000 0.0000	</row0>
					<row1>	0.0000 0.9984 -0.0570 0.0000	</row1>
					<row2>	0.0000 0.0570 0.9984 0.0000	</row2>
					<row3>	-0.1998 0.3746 5.0999 1.0000	</row3>
				</transform>
			</node>
			<node>
				<identifier>	MP_RM281_Bollard	</identifier>
				<transform>
					<row0>	1.0000 0.0000 0.0000 0.0000	</row0>
					<row1>	0.0000 0.9980 -0.0636 0.0000	</row1>
					<row2>	0.0000 0.0636 0.9980 0.0000	</row2>
					<row3>	-0.0665 0.4837 7.0350 1.0000	</row3>
				</transform>
			</node>
			<node>
				<identifier>	MP_RM281_Bollard_INDEX_1	</identifier>
				<transform>
					<row0>	1.0000 0.0000 0.0000 0.0000	</row0>
					<row1>	0.0000 0.9980 -0.0636 0.0000	</row1>
					<row2>	0.0000 0.0636 0.9980 0.0000	</row2>
					<row3>	0.0665 0.4837 7.0350 1.0000	</row3>
				</transform>
			</node>
			<node>
				<identifier>	MP_RM281_Bollard_INDEX_2	</identifier>
				<transform>
					<row0>	1.0000 0.0000 0.0000 0.0000	</row0>
					<row1>	0.0000 0.9980 -0.0636 0.0000	</row1>
					<row2>	0.0000 0.0636 0.9980 0.0000	</row2>
					<row3>	0.5033 0.3459 4.7024 1.0000	</row3>
				</transform>
			</node>
			<node>
				<identifier>	MP_RM281_Bollard_INDEX_3	</identifier>
				<transform>
					<row0>	1.0000 0.0000 0.0000 0.0000	</row0>
					<row1>	0.0000 0.9980 -0.0636 0.0000	</row1>
					<row2>	0.0000 0.0636 0.9980 0.0000	</row2>
					<row3>	-0.5001 0.3458 4.7017 1.0000	</row3>
				</transform>
			</node>
			<node>
				<identifier>	MP_RM281_Bollard_INDEX_4	</identifier>
				<transform>
					<row0>	1.0000 0.0000 0.0000 0.0000	</row0>
					<row1>	0.0000 0.9980 -0.0636 0.0000	</row1>
					<row2>	0.0000 0.0636 0.9980 0.0000	</row2>
					<row3>	0.3993 0.4176 5.9002 1.0000	</row3>
				</transform>
			</node>
			<node>
				<identifier>	MP_RM281_Bollard_INDEX_5	</identifier>
				<transform>
					<row0>	1.0000 0.0000 0.0000 0.0000	</row0>
					<row1>	0.0000 0.9980 -0.0636 0.0000	</row1>
					<row2>	0.0000 0.0636 0.9980 0.0000	</row2>
					<row3>	-0.3993 0.4176 5.9002 1.0000	</row3>
				</transform>
			</node>
			<node>
				<identifier>	MP_RM282_Fairlead	</identifier>
				<transform>
					<row0>	0.9975 -0.0073 0.0700 0.0000	</row0>
					<row1>	0.0070 1.0000 0.0045 0.0000	</row1>
					<row2>	-0.0700 -0.0040 0.9975 0.0000	</row2>
					<row3>	0.5894 0.3434 4.3741 1.0000	</row3>
				</transform>
			</node>
			<node>
				<identifier>	MP_RM282_Fairlead_INDEX_1	</identifier>
				<transform>
					<row0>	0.9975 0.0073 -0.0700 0.0000	</row0>
					<row1>	-0.0070 1.0000 0.0045 0.0000	</row1>
					<row2>	0.0700 -0.0040 0.9975 0.0000	</row2>
					<row3>	-0.5894 0.3433 4.3741 1.0000	</row3>
				</transform>
			</node>
			<node>
				<identifier>	MP_RM282_Fairlead_INDEX_2	</identifier>
				<transform>
					<row0>	0.9918 0.0016 -0.1278 0.0000	</row0>
					<row1>	-0.0101 0.9978 -0.0662 0.0000	</row1>
					<row2>	0.1274 0.0670 0.9896 0.0000	</row2>
					<row3>	-0.4000 0.4506 6.2326 1.0000	</row3>
				</transform>
			</node>
			<node>
				<identifier>	MP_RM282_Fairlead_INDEX_3	</identifier>
				<transform>
					<row0>	0.9918 -0.0016 0.1278 0.0000	</row0>
					<row1>	0.0101 0.9978 -0.0662 0.0000	</row1>
					<row2>	-0.1274 0.0670 0.9896 0.0000	</row2>
					<row3>	0.4000 0.4506 6.2326 1.0000	</row3>
				</transform>
			</node>
			<node>
				<identifier>	MP_RM284_Hatch	</identifier>
				<transform>
					<row0>	1.0000 0.0000 0.0000 0.0000	</row0>
					<row1>	0.0000 1.0000 0.0000 0.0000	</row1>
					<row2>	0.0000 0.0000 1.0000 0.0000	</row2>
					<row3>	-0.1000 0.3547 4.8990 1.0000	</row3>
				</transform>
			</node>
			<node>
				<identifier>	MP_RM284_Hatch_INDEX_1	</identifier>
				<transform>
					<row0>	1.0000 0.0000 0.0000 0.0000	</row0>
					<row1>	0.0000 1.0000 0.0000 0.0000	</row1>
					<row2>	0.0000 0.0000 1.0000 0.0000	</row2>
					<row3>	0.0997 0.3465 4.7628 1.0000	</row3>
				</transform>
			</node>
			<node>
				<identifier>	MP_RM287_Hatch	</identifier>
				<transform>
					<row0>	-1.0000 0.0000 0.0000 0.0000	</row0>
					<row1>	0.0000 1.0000 0.0000 0.0000	</row1>
					<row2>	0.0000 0.0000 -1.0000 0.0000	</row2>
					<row3>	-0.1016 0.3280 4.2662 1.0000	</row3>
				</transform>
			</node>
			<node>
				<identifier>	MP_RM287_Hatch_INDEX_1	</identifier>
				<transform>
					<row0>	-1.0000 0.0000 0.0000 0.0000	</row0>
					<row1>	0.0000 1.0000 0.0000 0.0000	</row1>
					<row2>	0.0000 0.0000 -1.0000 0.0000	</row2>
					<row3>	-0.1006 0.4000 5.6678 1.0000	</row3>
				</transform>
			</node>
			<node>
				<identifier>	MP_RM287_Hatch_INDEX_2	</identifier>
				<transform>
					<row0>	-1.0000 0.0000 0.0000 0.0000	</row0>
					<row1>	0.0000 1.0000 0.0000 0.0000	</row1>
					<row2>	0.0000 0.0000 -1.0000 0.0000	</row2>
					<row3>	0.1016 0.3916 5.5343 1.0000	</row3>
				</transform>
			</node>
			<node>
				<identifier>	MP_RM287_Hatch_INDEX_3	</identifier>
				<transform>
					<row0>	-1.0000 0.0000 0.0000 0.0000	</row0>
					<row1>	0.0000 1.0000 0.0000 0.0000	</row1>
					<row2>	0.0000 0.0000 -1.0000 0.0000	</row2>
					<row3>	-0.1676 0.3286 3.4669 1.0000	</row3>
				</transform>
			</node>
			<node>
				<identifier>	MP_RM287_Hatch_INDEX_4	</identifier>
				<transform>
					<row0>	-1.0000 0.0000 0.0000 0.0000	</row0>
					<row1>	0.0000 1.0000 0.0000 0.0000	</row1>
					<row2>	0.0000 0.0000 -1.0000 0.0000	</row2>
					<row3>	0.3335 0.3282 3.6654 1.0000	</row3>
				</transform>
			</node>
			<node>
				<identifier>	MP_RM287_Hatch_INDEX_5	</identifier>
				<transform>
					<row0>	-1.0000 0.0000 0.0000 0.0000	</row0>
					<row1>	0.0000 1.0000 0.0000 0.0000	</row1>
					<row2>	0.0000 0.0000 -1.0000 0.0000	</row2>
					<row3>	-0.0339 0.4326 6.1990 1.0000	</row3>
				</transform>
			</node>
			<node>
				<identifier>	MP_RM288_Hatch	</identifier>
				<transform>
					<row0>	-0.7000 0.0000 0.0000 0.0000	</row0>
					<row1>	0.0000 0.7000 0.0000 0.0000	</row1>
					<row2>	0.0000 0.0000 -0.7000 0.0000	</row2>
					<row3>	0.3165 0.3289 3.7822 1.0000	</row3>
				</transform>
			</node>
			<node>
				<identifier>	MP_RM288_Hatch_INDEX_1	</identifier>
				<transform>
					<row0>	-0.7000 0.0000 0.0000 0.0000	</row0>
					<row1>	0.0000 0.7000 0.0000 0.0000	</row1>
					<row2>	0.0000 0.0000 -0.7000 0.0000	</row2>
					<row3>	-0.2858 0.3295 3.7160 1.0000	</row3>
				</transform>
			</node>
			<node>
				<identifier>	MP_RM289_Reel	</identifier>
				<transform>
					<row0>	-0.7432 0.0404 0.6679 0.0000	</row0>
					<row1>	0.0017 0.9983 -0.0585 0.0000	</row1>
					<row2>	-0.6691 -0.0423 -0.7420 0.0000	</row2>
					<row3>	0.3908 0.3905 5.4318 1.0000	</row3>
				</transform>
			</node>
			<node>
				<identifier>	MP_RM289_Reel_INDEX_1	</identifier>
				<transform>
					<row0>	-1.0000 0.0000 0.0000 0.0000	</row0>
					<row1>	0.0000 0.9979 -0.0646 0.0000	</row1>
					<row2>	0.0000 -0.0646 -0.9979 0.0000	</row2>
					<row3>	0.1999 0.3441 4.6347 1.0000	</row3>
				</transform>
			</node>
			<node>
				<identifier>	MP_RM289_Reel_INDEX_2	</identifier>
				<transform>
					<row0>	-1.0000 0.0000 0.0000 0.0000	</row0>
					<row1>	0.0000 0.9979 -0.0646 0.0000	</row1>
					<row2>	0.0000 -0.0646 -0.9979 0.0000	</row2>
					<row3>	-0.1999 0.3441 4.6347 1.0000	</row3>
				</transform>
			</node>
			<node>
				<identifier>	MP_RM291_Reel	</identifier>
				<transform>
					<row0>	0.7595 0.0362 0.6495 0.0000	</row0>
					<row1>	0.0053 0.9981 -0.0619 0.0000	</row1>
					<row2>	-0.6504 0.0504 0.7579 0.0000	</row2>
					<row3>	-0.3725 0.3906 5.4628 1.0000	</row3>
				</transform>
			</node>
			<node>
				<identifier>	MP_RM295_Ventilation	</identifier>
				<transform>
					<row0>	-1.0000 0.0000 0.0000 0.0000	</row0>
					<row1>	0.0000 1.0000 0.0000 0.0000	</row1>
					<row2>	0.0000 0.0000 -1.0000 0.0000	</row2>
					<row3>	-0.1488 0.3272 4.1479 1.0000	</row3>
				</transform>
			</node>
			<node>
				<identifier>	MP_RM295_Ventilation_INDEX_1	</identifier>
				<transform>
					<row0>	-1.0000 0.0000 0.0000 0.0000	</row0>
					<row1>	0.0000 1.0000 0.0000 0.0000	</row1>
					<row2>	0.0000 0.0000 -1.0000 0.0000	</row2>
					<row3>	0.1148 0.3295 4.1795 1.0000	</row3>
				</transform>
			</node>
			<node>
				<identifier>	MP_RM295_Ventilation_INDEX_2	</identifier>
				<transform>
					<row0>	-1.0000 0.0000 0.0000 0.0000	</row0>
					<row1>	0.0000 1.0000 0.0000 0.0000	</row1>
					<row2>	0.0000 0.0000 -1.0000 0.0000	</row2>
					<row3>	0.2899 0.3284 3.9516 1.0000	</row3>
				</transform>
			</node>
			<node>
				<identifier>	MP_RM295_Ventilation_INDEX_3	</identifier>
				<transform>
					<row0>	-1.0000 0.0000 0.0000 0.0000	</row0>
					<row1>	0.0000 1.0000 0.0000 0.0000	</row1>
					<row2>	0.0000 0.0000 -1.0000 0.0000	</row2>
					<row3>	0.2548 0.3284 4.0199 1.0000	</row3>
				</transform>
			</node>
			<node>
				<identifier>	MP_RM295_Ventilation_INDEX_4	</identifier>
				<transform>
					<row0>	-1.0000 0.0000 0.0000 0.0000	</row0>
					<row1>	0.0000 1.0000 0.0000 0.0000	</row1>
					<row2>	0.0000 0.0000 -1.0000 0.0000	</row2>
					<row3>	-0.2845 0.3282 3.8518 1.0000	</row3>
				</transform>
			</node>
			<node>
				<identifier>	MP_RM299_Cart_for_Paravane	</identifier>
				<transform>
					<row0>	-0.5884 0.0000 0.8086 0.0000	</row0>
					<row1>	0.0000 1.0000 0.0000 0.0000	</row1>
					<row2>	-0.8086 0.0000 -0.5884 0.0000	</row2>
					<row3>	-0.3173 0.3327 4.3839 1.0000	</row3>
				</transform>
			</node>
			<node>
				<identifier>	MP_RM299_Cart_for_Paravane_INDEX_1	</identifier>
				<transform>
					<row0>	-0.5884 0.0000 -0.8086 0.0000	</row0>
					<row1>	0.0000 1.0000 0.0000 0.0000	</row1>
					<row2>	0.8086 0.0000 -0.5884 0.0000	</row2>
					<row3>	0.3173 0.3327 4.3839 1.0000	</row3>
				</transform>
			</node>
			<node>
				<identifier>	SP_YMS001_YHBM_M_1	</identifier>
				<transform>
					<row0>	1.0240 0.0000 0.0000 0.0000	</row0>
					<row1>	0.0000 1.0222 0.0609 0.0000	</row1>
					<row2>	0.0000 -0.0609 1.0222 0.0000	</row2>
					<row3>	0.0000 0.5394 7.7496 1.0000	</row3>
				</transform>
			</node>
			<node>
				<identifier>	SP_YMS002_YHBL_M_1	</identifier>
				<transform>
					<row0>	1.0161 -0.0021 -0.1254 0.0000	</row0>
					<row1>	-0.0072 1.0210 -0.0752 0.0000	</row1>
					<row2>	0.1253 0.0755 1.0133 0.0000	</row2>
					<row3>	0.0000 0.5394 7.7496 1.0000	</row3>
				</transform>
			</node>
			<node>
				<identifier>	SP_YMS003_YHBR_M_1	</identifier>
				<transform>
					<row0>	1.0161 0.0021 0.1254 0.0000	</row0>
					<row1>	0.0072 1.0210 -0.0752 0.0000	</row1>
					<row2>	-0.1253 0.0755 1.0133 0.0000	</row2>
					<row3>	0.0000 0.5394 7.7496 1.0000	</row3>
				</transform>
			</node>
			<node>
				<identifier>	SP_YMS004_YHXL_L_1_INDEX_1	</identifier>
				<transform>
					<row0>	0.4173 0.5219 -0.0805 0.0000	</row0>
					<row1>	-0.5249 0.4212 0.0089 0.0000	</row1>
					<row2>	0.0573 0.0573 0.6681 0.0000	</row2>
					<row3>	-0.2331 0.3966 6.7975 1.0000	</row3>
				</transform>
			</node>
			<node>
				<identifier>	SP_YMS005_YHXR_L_1	</identifier>
				<transform>
					<row0>	0.4173 -0.5219 0.0805 0.0000	</row0>
					<row1>	0.5249 0.4212 0.0089 0.0000	</row1>
					<row2>	-0.0573 0.0573 0.6681 0.0000	</row2>
					<row3>	0.2331 0.3966 6.7975 1.0000	</row3>
				</transform>
			</node>
			<node>
				<identifier>	SP_YMS010_YHWM_L_1	</identifier>
				<transform>
					<row0>	0.8280 0.0000 0.0000 0.0000	</row0>
					<row1>	0.0000 0.8280 0.0000 0.0000	</row1>
					<row2>	0.0000 0.0000 0.8280 0.0000	</row2>
					<row3>	0.0000 0.0000 7.4932 1.0000	</row3>
				</transform>
			</node>
			<node>
				<identifier>	SP_YMS011_YHWL_M_1	</identifier>
				<transform>
					<row0>	0.9421 0.1711 -0.1552 0.0000	</row0>
					<row1>	-0.1685 0.9548 0.0299 0.0000	</row1>
					<row2>	0.1581 -0.0021 0.9570 0.0000	</row2>
					<row3>	-0.2182 0.0000 6.0695 1.0000	</row3>
				</transform>
			</node>
			<node>
				<identifier>	SP_YMS011_YHWL_M_1_INDEX_1	</identifier>
				<transform>
					<row0>	0.9398 0.1931 -0.1426 0.0000	</row0>
					<row1>	-0.1908 0.9506 0.0297 0.0000	</row1>
					<row2>	0.1457 -0.0007 0.9590 0.0000	</row2>
					<row3>	-0.3454 0.0000 5.2688 1.0000	</row3>
				</transform>
			</node>
			<node>
				<identifier>	SP_YMS011_YHWL_M_1_INDEX_2	</identifier>
				<transform>
					<row0>	0.9416 0.1931 -0.1304 0.0000	</row0>
					<row1>	-0.1911 0.9506 0.0272 0.0000	</row1>
					<row2>	0.1332 -0.0007 0.9608 0.0000	</row2>
					<row3>	-0.4635 0.0000 4.4674 1.0000	</row3>
				</transform>
			</node>
			<node>
				<identifier>	SP_YMS011_YHWL_M_1_INDEX_3	</identifier>
				<transform>
					<row0>	0.9506 0.1599 -0.1082 0.0000	</row0>
					<row1>	-0.1590 0.9567 0.0172 0.0000	</row1>
					<row2>	0.1096 0.0009 0.9638 0.0000	</row2>
					<row3>	-0.5649 0.0000 3.6693 1.0000	</row3>
				</transform>
			</node>
			<node>
				<identifier>	SP_YMS012_YHWR_M_1	</identifier>
				<transform>
					<row0>	0.9421 -0.1711 0.1552 0.0000	</row0>
					<row1>	0.1685 0.9548 0.0299 0.0000	</row1>
					<row2>	-0.1581 -0.0021 0.9570 0.0000	</row2>
					<row3>	0.2182 0.0000 6.0695 1.0000	</row3>
				</transform>
			</node>
			<node>
				<identifier>	SP_YMS012_YHWR_M_1_INDEX_1	</identifier>
				<transform>
					<row0>	0.9398 -0.1931 0.1426 0.0000	</row0>
					<row1>	0.1908 0.9506 0.0297 0.0000	</row1>
					<row2>	-0.1457 -0.0007 0.9590 0.0000	</row2>
					<row3>	0.3454 0.0000 5.2688 1.0000	</row3>
				</transform>
			</node>
			<node>
				<identifier>	SP_YMS012_YHWR_M_1_INDEX_2	</identifier>
				<transform>
					<row0>	0.9416 -0.1931 0.1304 0.0000	</row0>
					<row1>	0.1911 0.9506 0.0272 0.0000	</row1>
					<row2>	-0.1332 -0.0007 0.9608 0.0000	</row2>
					<row3>	0.4635 0.0000 4.4674 1.0000	</row3>
				</transform>
			</node>
			<node>
				<identifier>	SP_YMS012_YHWR_M_1_INDEX_3	</identifier>
				<transform>
					<row0>	0.9506 -0.1599 0.1082 0.0000	</row0>
					<row1>	0.1590 0.9567 0.0172 0.0000	</row1>
					<row2>	-0.1096 0.0009 0.9638 0.0000	</row2>
					<row3>	0.5649 0.0000 3.6693 1.0000	</row3>
				</transform>
			</node>
			<node>
				<identifier>	SP_YMS020_YHBU_M_1	</identifier>
				<transform>
					<row0>	1.4300 0.0000 0.0000 0.0000	</row0>
					<row1>	0.0000 1.4300 0.0000 0.0000	</row1>
					<row2>	0.0000 0.0000 1.4300 0.0000	</row2>
					<row3>	0.0000 0.0000 7.1566 1.0000	</row3>
				</transform>
			</node>
			<node>
				<identifier>	SP_YMS022_YHUS_L_1_INDEX_1	</identifier>
				<transform>
					<row0>	-0.1642 -0.0124 -1.3453 0.0000	</row0>
					<row1>	-0.7468 1.1282 0.0808 0.0000	</row1>
					<row2>	1.1191 0.7510 -0.1435 0.0000	</row2>
					<row3>	-0.2714 -0.4189 3.9428 1.0000	</row3>
				</transform>
			</node>
			<node>
				<identifier>	SP_YMS022_YHUS_L_1_INDEX_3	</identifier>
				<transform>
					<row0>	-0.1642 0.0124 1.3453 0.0000	</row0>
					<row1>	0.7468 1.1282 0.0808 0.0000	</row1>
					<row2>	-1.1191 0.7510 -0.1435 0.0000	</row2>
					<row3>	0.2714 -0.4189 3.9428 1.0000	</row3>
				</transform>
			</node>
			<node>
				<identifier>	SP_YMS053_YHDC_S_1	</identifier>
				<transform>
					<row0>	1.0000 0.0000 0.0000 0.0000	</row0>
					<row1>	0.0000 0.9985 -0.0551 0.0000	</row1>
					<row2>	0.0000 0.0551 0.9985 0.0000	</row2>
					<row3>	0.0000 0.4340 6.0763 1.0000	</row3>
				</transform>
			</node>
			<node>
				<identifier>	SP_YMS053_YHDC_S_1_INDEX_1	</identifier>
				<transform>
					<row0>	1.0000 0.0000 0.0000 0.0000	</row0>
					<row1>	0.0000 0.9985 -0.0551 0.0000	</row1>
					<row2>	0.0000 0.0551 0.9985 0.0000	</row2>
					<row3>	-0.3748 0.3519 4.6651 1.0000	</row3>
				</transform>
			</node>
			<node>
				<identifier>	SP_YMS053_YHDC_S_1_INDEX_2	</identifier>
				<transform>
					<row0>	1.0000 0.0000 0.0000 0.0000	</row0>
					<row1>	0.0000 0.9985 -0.0551 0.0000	</row1>
					<row2>	0.0000 0.0551 0.9985 0.0000	</row2>
					<row3>	0.3748 0.3519 4.6651 1.0000	</row3>
				</transform>
			</node>
			<node>
				<identifier>	SP_YMS080_YHSL_M_1	</identifier>
				<transform>
					<row0>	0.4752 0.3508 -0.1054 0.0000	</row0>
					<row1>	-0.3500 0.4858 0.0390 0.0000	</row1>
					<row2>	0.1082 0.0306 0.5894 0.0000	</row2>
					<row3>	-0.2970 0.3116 6.2124 1.0000	</row3>
				</transform>
			</node>
			<node>
				<identifier>	SP_YMS080_YHSL_M_1_INDEX_1	</identifier>
				<transform>
					<row0>	0.4879 0.2372 -0.0902 0.0000	</row0>
					<row1>	-0.2354 0.4961 0.0314 0.0000	</row1>
					<row2>	0.0949 0.0107 0.5416 0.0000	</row2>
					<row3>	-0.3069 0.2144 5.8235 1.0000	</row3>
				</transform>
			</node>
			<node>
				<identifier>	SP_YMS080_YHSL_M_1_INDEX_2	</identifier>
				<transform>
					<row0>	0.5001 0.2227 -0.0532 0.0000	</row0>
					<row1>	-0.2224 0.5028 0.0136 0.0000	</row1>
					<row2>	0.0542 0.0091 0.5473 0.0000	</row2>
					<row3>	-0.5528 0.1868 4.1452 1.0000	</row3>
				</transform>
			</node>
			<node>
				<identifier>	SP_YMS081_YHSR_M_1	</identifier>
				<transform>
					<row0>	0.5001 -0.2227 0.0532 0.0000	</row0>
					<row1>	0.2224 0.5028 0.0136 0.0000	</row1>
					<row2>	-0.0542 0.0091 0.5473 0.0000	</row2>
					<row3>	0.5528 0.1868 4.1452 1.0000	</row3>
				</transform>
			</node>
			<node>
				<identifier>	SP_YMS081_YHSR_M_1_INDEX_3	</identifier>
				<transform>
					<row0>	0.4752 -0.3508 0.1054 0.0000	</row0>
					<row1>	0.3500 0.4858 0.0390 0.0000	</row1>
					<row2>	-0.1082 0.0306 0.5894 0.0000	</row2>
					<row3>	0.2970 0.3116 6.2124 1.0000	</row3>
				</transform>
			</node>
			<node>
				<identifier>	SP_YMS081_YHSR_M_1_INDEX_4	</identifier>
				<transform>
					<row0>	0.4879 -0.2372 0.0902 0.0000	</row0>
					<row1>	0.2354 0.4961 0.0314 0.0000	</row1>
					<row2>	-0.0949 0.0107 0.5416 0.0000	</row2>
					<row3>	0.3069 0.2144 5.8235 1.0000	</row3>
				</transform>
			</node>
			<node>
				<identifier>	SP_YMS083_YHSC_L_1	</identifier>
				<transform>
					<row0>	-0.0953 -0.0339 -0.8943 0.0000	</row0>
					<row1>	-0.4645 0.7706 0.0203 0.0000	</row1>
					<row2>	0.7650 0.4637 -0.0991 0.0000	</row2>
					<row3>	-0.5940 0.3487 4.6333 1.0000	</row3>
				</transform>
			</node>
			<node>
				<identifier>	SP_YMS083_YHSC_L_1_INDEX_1	</identifier>
				<transform>
					<row0>	-0.0953 0.0339 0.8943 0.0000	</row0>
					<row1>	0.4645 0.7706 0.0203 0.0000	</row1>
					<row2>	-0.7650 0.4637 -0.0991 0.0000	</row2>
					<row3>	0.5940 0.3487 4.6333 1.0000	</row3>
				</transform>
			</node>
			<node>
				<identifier>	SP_YMS083_YHSC_L_1_INDEX_2	</identifier>
				<transform>
					<row0>	-0.1062 -0.0339 -0.8931 0.0000	</row0>
					<row1>	-0.4642 0.7706 0.0260 0.0000	</row1>
					<row2>	0.7637 0.4637 -0.1084 0.0000	</row2>
					<row3>	-0.5302 0.3731 5.2781 1.0000	</row3>
				</transform>
			</node>
			<node>
				<identifier>	SP_YMS083_YHSC_L_1_INDEX_3	</identifier>
				<transform>
					<row0>	-0.1062 0.0339 0.8931 0.0000	</row0>
					<row1>	0.4642 0.7706 0.0260 0.0000	</row1>
					<row2>	-0.7637 0.4637 -0.1084 0.0000	</row2>
					<row3>	0.5302 0.3731 5.2781 1.0000	</row3>
				</transform>
			</node>
		</node>
	</node>
	<boundingBox>
		<min>	-0.0667 -0.0667 -0.0667	</min>
		<max>	0.0667 0.0667 0.0667	</max>
	</boundingBox>
</RSC044_Pr_84_Alexander_Nevsky_1959_Bow_ports.visual>
