<RSC041_Petr_Bagration_1952_Bow_ports.visual>
	<node>
		<identifier>	Scene Root	</identifier>
		<transform>
			<row0>	1.0000 0.0000 0.0000 0.0000	</row0>
			<row1>	0.0000 1.0000 0.0000 0.0000	</row1>
			<row2>	0.0000 0.0000 1.0000 0.0000	</row2>
			<row3>	0.0000 0.0000 0.0000 1.0000	</row3>
		</transform>
		<node>
			<identifier>	Bow_ports	</identifier>
			<transform>
				<row0>	1.0000 0.0000 0.0000 0.0000	</row0>
				<row1>	0.0000 1.0000 0.0000 0.0000	</row1>
				<row2>	0.0000 0.0000 1.0000 0.0000	</row2>
				<row3>	0.0000 0.0000 0.0000 1.0000	</row3>
			</transform>
			<node>
				<identifier>	HP_FX_Death_1	</identifier>
				<transform>
					<row0>	1.0000 0.0000 0.0000 0.0000	</row0>
					<row1>	0.0000 1.0000 0.0000 0.0000	</row1>
					<row2>	0.0000 0.0000 1.0000 0.0000	</row2>
					<row3>	0.0000 0.0000 4.7839 1.0000	</row3>
				</transform>
			</node>
			<node>
				<identifier>	HP_FX_Fire_1	</identifier>
				<transform>
					<row0>	1.0000 0.0000 0.0000 0.0000	</row0>
					<row1>	0.0000 1.0000 0.0000 0.0000	</row1>
					<row2>	0.0000 0.0000 1.0000 0.0000	</row2>
					<row3>	0.0200 0.4333 5.5224 1.0000	</row3>
				</transform>
			</node>
			<node>
				<identifier>	HP_FX_RepairLight_right_2	</identifier>
				<transform>
					<row0>	0.0749 0.0000 -0.9972 0.0000	</row0>
					<row1>	0.0000 1.0000 0.0000 0.0000	</row1>
					<row2>	0.9972 0.0000 0.0749 0.0000	</row2>
					<row3>	0.5323 0.3896 4.2626 1.0000	</row3>
				</transform>
			</node>
			<node>
				<identifier>	HP_FX_WakeTrace	</identifier>
				<transform>
					<row0>	1.0000 0.0000 0.0000 0.0000	</row0>
					<row1>	0.0000 1.0000 0.0000 0.0000	</row1>
					<row2>	0.0000 0.0000 1.0000 0.0000	</row2>
					<row3>	0.0000 0.0000 6.8071 1.0000	</row3>
				</transform>
			</node>
			<node>
				<identifier>	HP_RGM_1	</identifier>
				<transform>
					<row0>	1.0000 0.0000 0.0000 0.0000	</row0>
					<row1>	0.0000 1.0000 0.0000 0.0000	</row1>
					<row2>	0.0000 0.0000 1.0000 0.0000	</row2>
					<row3>	0.0000 0.4198 4.4664 1.0000	</row3>
				</transform>
			</node>
			<node>
				<identifier>	HP_Ship_death_1	</identifier>
				<transform>
					<row0>	1.0000 0.0000 0.0000 0.0000	</row0>
					<row1>	0.0000 1.0000 0.0000 0.0000	</row1>
					<row2>	0.0000 0.0000 1.0000 0.0000	</row2>
					<row3>	0.0000 0.0000 4.1200 1.0000	</row3>
				</transform>
			</node>
			<node>
				<identifier>	MP_CM011_Fire_Fighting_Gear	</identifier>
				<transform>
					<row0>	1.0000 0.0000 0.0000 0.0000	</row0>
					<row1>	0.0000 1.0000 0.0000 0.0000	</row1>
					<row2>	0.0000 0.0000 1.0000 0.0000	</row2>
					<row3>	0.0505 0.4452 6.0501 1.0000	</row3>
				</transform>
			</node>
			<node>
				<identifier>	MP_CM011_Fire_Fighting_Gear_INDEX_1	</identifier>
				<transform>
					<row0>	0.0000 0.0000 -1.0000 0.0000	</row0>
					<row1>	0.0000 1.0000 0.0000 0.0000	</row1>
					<row2>	1.0000 0.0000 0.0000 0.0000	</row2>
					<row3>	-0.1247 0.4118 5.0835 1.0000	</row3>
				</transform>
			</node>
			<node>
				<identifier>	MP_CM011_Fire_Fighting_Gear_INDEX_2	</identifier>
				<transform>
					<row0>	0.0000 0.0000 1.0000 0.0000	</row0>
					<row1>	0.0000 1.0000 0.0000 0.0000	</row1>
					<row2>	-1.0000 0.0000 0.0000 0.0000	</row2>
					<row3>	0.1247 0.4118 5.0835 1.0000	</row3>
				</transform>
			</node>
			<node>
				<identifier>	MP_CM011_Fire_Fighting_Gear_INDEX_3	</identifier>
				<transform>
					<row0>	1.0000 0.0000 0.0000 0.0000	</row0>
					<row1>	0.0000 1.0000 0.0000 0.0000	</row1>
					<row2>	0.0000 0.0000 1.0000 0.0000	</row2>
					<row3>	-0.0505 0.4452 6.0501 1.0000	</row3>
				</transform>
			</node>
			<node>
				<identifier>	MP_CM137_Anchor_Up	</identifier>
				<transform>
					<row0>	-0.2264 -0.8748 -0.4283 0.0000	</row0>
					<row1>	-0.0559 0.4507 -0.8909 0.0000	</row1>
					<row2>	0.9724 -0.1777 -0.1509 0.0000	</row2>
					<row3>	0.2389 0.3555 6.4846 1.0000	</row3>
				</transform>
			</node>
			<node>
				<identifier>	MP_CM137_Anchor_Up_INDEX_1	</identifier>
				<transform>
					<row0>	-0.2264 0.8748 0.4283 0.0000	</row0>
					<row1>	0.0559 0.4507 -0.8909 0.0000	</row1>
					<row2>	-0.9724 -0.1777 -0.1509 0.0000	</row2>
					<row3>	-0.2389 0.3555 6.4846 1.0000	</row3>
				</transform>
			</node>
			<node>
				<identifier>	MP_CM138_Anchor_Bottom	</identifier>
				<transform>
					<row0>	-0.2290 0.8742 0.4282 0.0000	</row0>
					<row1>	-0.1940 0.3901 -0.9001 0.0000	</row1>
					<row2>	-0.9539 -0.2892 0.0803 0.0000	</row2>
					<row3>	-0.2389 0.3555 6.4846 1.0000	</row3>
				</transform>
			</node>
			<node>
				<identifier>	MP_CM138_Anchor_Bottom_INDEX_1	</identifier>
				<transform>
					<row0>	-0.2290 -0.8742 -0.4282 0.0000	</row0>
					<row1>	0.1940 0.3901 -0.9001 0.0000	</row1>
					<row2>	0.9539 -0.2892 0.0803 0.0000	</row2>
					<row3>	0.2389 0.3555 6.4846 1.0000	</row3>
				</transform>
			</node>
			<node>
				<identifier>	MP_RM021_Screened_speed_light	</identifier>
				<transform>
					<row0>	-1.0000 0.0000 0.0000 0.0000	</row0>
					<row1>	0.0000 1.0000 0.0000 0.0000	</row1>
					<row2>	0.0000 0.0000 -1.0000 0.0000	</row2>
					<row3>	0.0000 0.6659 6.9530 1.0000	</row3>
				</transform>
			</node>
			<node>
				<identifier>	MP_RM028_Signal_Lamp	</identifier>
				<transform>
					<row0>	1.0000 0.0000 0.0000 0.0000	</row0>
					<row1>	0.0000 1.0000 0.0000 0.0000	</row1>
					<row2>	0.0000 0.0000 1.0000 0.0000	</row2>
					<row3>	0.0000 0.7953 6.9641 1.0000	</row3>
				</transform>
			</node>
			<node>
				<identifier>	MP_RM059_Fairlead	</identifier>
				<transform>
					<row0>	0.9962 0.0015 0.0871 0.0000	</row0>
					<row1>	0.0000 0.9998 -0.0175 0.0000	</row1>
					<row2>	-0.0872 0.0174 0.9960 0.0000	</row2>
					<row3>	0.4821 0.4065 4.6768 1.0000	</row3>
				</transform>
			</node>
			<node>
				<identifier>	MP_RM059_Fairlead_INDEX_1	</identifier>
				<transform>
					<row0>	0.9962 -0.0015 -0.0871 0.0000	</row0>
					<row1>	0.0000 0.9998 -0.0175 0.0000	</row1>
					<row2>	0.0872 0.0174 0.9960 0.0000	</row2>
					<row3>	-0.4821 0.4065 4.6768 1.0000	</row3>
				</transform>
			</node>
			<node>
				<identifier>	MP_RM180_Anchor_Detector	</identifier>
				<transform>
					<row0>	1.0000 0.0000 0.0000 0.0000	</row0>
					<row1>	0.0000 1.0000 0.0000 0.0000	</row1>
					<row2>	0.0000 0.0000 1.0000 0.0000	</row2>
					<row3>	-0.1192 0.4045 4.8962 1.0000	</row3>
				</transform>
			</node>
			<node>
				<identifier>	MP_RM180_Anchor_Detector_INDEX_1	</identifier>
				<transform>
					<row0>	1.0000 0.0000 0.0000 0.0000	</row0>
					<row1>	0.0000 1.0000 0.0000 0.0000	</row1>
					<row2>	0.0000 0.0000 1.0000 0.0000	</row2>
					<row3>	0.1192 0.4045 4.8962 1.0000	</row3>
				</transform>
			</node>
			<node>
				<identifier>	MP_RM209_Red_Star	</identifier>
				<transform>
					<row0>	0.3316 -0.0096 -0.9434 0.0000	</row0>
					<row1>	0.5621 0.8051 0.1894 0.0000	</row1>
					<row2>	0.7577 -0.5931 0.2723 0.0000	</row2>
					<row3>	0.1293 0.4167 6.7491 1.0000	</row3>
				</transform>
			</node>
			<node>
				<identifier>	MP_RM209_Red_Star_INDEX_1	</identifier>
				<transform>
					<row0>	0.3316 0.0096 0.9434 0.0000	</row0>
					<row1>	-0.5621 0.8051 0.1894 0.0000	</row1>
					<row2>	-0.7577 -0.5931 0.2723 0.0000	</row2>
					<row3>	-0.1293 0.4167 6.7491 1.0000	</row3>
				</transform>
			</node>
			<node>
				<identifier>	MP_RM214_Life_Buoy	</identifier>
				<transform>
					<row0>	-0.1735 0.0000 -0.9848 0.0000	</row0>
					<row1>	0.0000 1.0000 0.0000 0.0000	</row1>
					<row2>	0.9848 0.0000 -0.1735 0.0000	</row2>
					<row3>	-0.3417 0.5124 5.9051 1.0000	</row3>
				</transform>
			</node>
			<node>
				<identifier>	MP_RM214_Life_Buoy_INDEX_1	</identifier>
				<transform>
					<row0>	-0.1164 0.0000 0.9932 0.0000	</row0>
					<row1>	0.0000 1.0000 0.0000 0.0000	</row1>
					<row2>	-0.9932 0.0000 -0.1164 0.0000	</row2>
					<row3>	0.4502 0.4843 5.1081 1.0000	</row3>
				</transform>
			</node>
			<node>
				<identifier>	MP_RM214_Life_Buoy_INDEX_2	</identifier>
				<transform>
					<row0>	-0.1735 0.0000 0.9848 0.0000	</row0>
					<row1>	0.0000 1.0000 0.0000 0.0000	</row1>
					<row2>	-0.9848 0.0000 -0.1735 0.0000	</row2>
					<row3>	0.3417 0.5124 5.9052 1.0000	</row3>
				</transform>
			</node>
			<node>
				<identifier>	MP_RM214_Life_Buoy_INDEX_3	</identifier>
				<transform>
					<row0>	-0.1164 0.0000 -0.9932 0.0000	</row0>
					<row1>	0.0000 1.0000 0.0000 0.0000	</row1>
					<row2>	0.9932 0.0000 -0.1164 0.0000	</row2>
					<row3>	-0.4503 0.4843 5.1078 1.0000	</row3>
				</transform>
			</node>
			<node>
				<identifier>	MP_RM256_Fairled	</identifier>
				<transform>
					<row0>	0.8383 0.0016 0.1430 0.0000	</row0>
					<row1>	0.0037 0.8498 -0.0309 0.0000	</row1>
					<row2>	-0.1429 0.0311 0.8377 0.0000	</row2>
					<row3>	0.0756 0.4652 6.5424 1.0000	</row3>
				</transform>
			</node>
			<node>
				<identifier>	MP_RM256_Fairled_INDEX_1	</identifier>
				<transform>
					<row0>	0.8383 -0.0016 -0.1430 0.0000	</row0>
					<row1>	-0.0037 0.8498 -0.0309 0.0000	</row1>
					<row2>	0.1429 0.0311 0.8377 0.0000	</row2>
					<row3>	-0.0756 0.4652 6.5424 1.0000	</row3>
				</transform>
			</node>
			<node>
				<identifier>	MP_RM256_Fairled_INDEX_2	</identifier>
				<transform>
					<row0>	-0.9930 0.0000 -0.1180 0.0000	</row0>
					<row1>	0.0043 0.9993 -0.0363 0.0000	</row1>
					<row2>	0.1180 -0.0366 -0.9923 0.0000	</row2>
					<row3>	0.0422 0.4432 5.9667 1.0000	</row3>
				</transform>
			</node>
			<node>
				<identifier>	MP_RM256_Fairled_INDEX_3	</identifier>
				<transform>
					<row0>	-0.9846 0.0021 0.1746 0.0000	</row0>
					<row1>	-0.0043 0.9993 -0.0363 0.0000	</row1>
					<row2>	-0.1745 -0.0365 -0.9840 0.0000	</row2>
					<row3>	-0.0503 0.4387 5.8598 1.0000	</row3>
				</transform>
			</node>
			<node>
				<identifier>	MP_RM273_Fire_Hose_Rack_box	</identifier>
				<transform>
					<row0>	0.8113 -0.0049 -0.5846 0.0000	</row0>
					<row1>	0.1234 0.9789 0.1630 0.0000	</row1>
					<row2>	0.5715 -0.2044 0.7948 0.0000	</row2>
					<row3>	0.1668 0.4504 4.9736 1.0000	</row3>
				</transform>
			</node>
			<node>
				<identifier>	MP_RM273_Fire_Hose_Rack_box_INDEX_1	</identifier>
				<transform>
					<row0>	0.8113 0.0049 0.5846 0.0000	</row0>
					<row1>	-0.1234 0.9789 0.1630 0.0000	</row1>
					<row2>	-0.5715 -0.2044 0.7948 0.0000	</row2>
					<row3>	-0.1668 0.4504 4.9736 1.0000	</row3>
				</transform>
			</node>
			<node>
				<identifier>	MP_RM281_Bollard	</identifier>
				<transform>
					<row0>	-1.0000 -0.0045 -0.0056 0.0000	</row0>
					<row1>	-0.0043 0.9993 -0.0363 0.0000	</row1>
					<row2>	0.0058 -0.0363 -0.9993 0.0000	</row2>
					<row3>	0.3853 0.4007 4.8839 1.0000	</row3>
				</transform>
			</node>
			<node>
				<identifier>	MP_RM281_Bollard_INDEX_1	</identifier>
				<transform>
					<row0>	-1.0000 -0.0045 -0.0056 0.0000	</row0>
					<row1>	-0.0043 0.9993 -0.0363 0.0000	</row1>
					<row2>	0.0058 -0.0363 -0.9993 0.0000	</row2>
					<row3>	0.0522 0.4498 6.1896 1.0000	</row3>
				</transform>
			</node>
			<node>
				<identifier>	MP_RM281_Bollard_INDEX_2	</identifier>
				<transform>
					<row0>	-1.0000 0.0045 0.0056 0.0000	</row0>
					<row1>	0.0043 0.9993 -0.0363 0.0000	</row1>
					<row2>	-0.0058 -0.0363 -0.9993 0.0000	</row2>
					<row3>	-0.3853 0.4007 4.8839 1.0000	</row3>
				</transform>
			</node>
			<node>
				<identifier>	MP_RM281_Bollard_INDEX_3	</identifier>
				<transform>
					<row0>	-1.0000 0.0045 0.0056 0.0000	</row0>
					<row1>	0.0043 0.9993 -0.0363 0.0000	</row1>
					<row2>	-0.0058 -0.0363 -0.9993 0.0000	</row2>
					<row3>	-0.0522 0.4498 6.1896 1.0000	</row3>
				</transform>
			</node>
			<node>
				<identifier>	MP_RM282_Fairlead	</identifier>
				<transform>
					<row0>	0.9637 0.0002 0.2670 0.0000	</row0>
					<row1>	0.0088 0.9994 -0.0324 0.0000	</row1>
					<row2>	-0.2669 0.0336 0.9631 0.0000	</row2>
					<row3>	0.1736 0.4741 6.6296 1.0000	</row3>
				</transform>
			</node>
			<node>
				<identifier>	MP_RM282_Fairlead_INDEX_1	</identifier>
				<transform>
					<row0>	0.9637 -0.0002 -0.2670 0.0000	</row0>
					<row1>	-0.0088 0.9994 -0.0324 0.0000	</row1>
					<row2>	0.2669 0.0336 0.9631 0.0000	</row2>
					<row3>	-0.1736 0.4741 6.6296 1.0000	</row3>
				</transform>
			</node>
			<node>
				<identifier>	MP_RM284_Hatch	</identifier>
				<transform>
					<row0>	1.0000 0.0000 0.0000 0.0000	</row0>
					<row1>	0.0000 1.0000 0.0000 0.0000	</row1>
					<row2>	0.0000 0.0000 1.0000 0.0000	</row2>
					<row3>	0.1305 0.3957 4.7863 1.0000	</row3>
				</transform>
			</node>
			<node>
				<identifier>	MP_RM284_Hatch_INDEX_1	</identifier>
				<transform>
					<row0>	1.0000 0.0000 0.0000 0.0000	</row0>
					<row1>	0.0000 1.0000 0.0000 0.0000	</row1>
					<row2>	0.0000 0.0000 1.0000 0.0000	</row2>
					<row3>	-0.1305 0.3957 4.7863 1.0000	</row3>
				</transform>
			</node>
			<node>
				<identifier>	MP_RM286_Hatch	</identifier>
				<transform>
					<row0>	-1.0000 0.0000 0.0000 0.0000	</row0>
					<row1>	0.0000 1.0000 0.0000 0.0000	</row1>
					<row2>	0.0000 0.0000 -1.0000 0.0000	</row2>
					<row3>	0.3617 0.3931 4.1707 1.0000	</row3>
				</transform>
			</node>
			<node>
				<identifier>	MP_RM286_Hatch_INDEX_1	</identifier>
				<transform>
					<row0>	-1.0000 0.0000 0.0000 0.0000	</row0>
					<row1>	0.0000 1.0000 0.0000 0.0000	</row1>
					<row2>	0.0000 0.0000 -1.0000 0.0000	</row2>
					<row3>	-0.3617 0.3931 4.1707 1.0000	</row3>
				</transform>
			</node>
			<node>
				<identifier>	MP_RM288_Hatch	</identifier>
				<transform>
					<row0>	-1.0000 0.0000 0.0000 0.0000	</row0>
					<row1>	0.0000 1.0000 0.0000 0.0000	</row1>
					<row2>	0.0000 0.0000 -1.0000 0.0000	</row2>
					<row3>	-0.3114 0.4078 5.0361 1.0000	</row3>
				</transform>
			</node>
			<node>
				<identifier>	MP_RM288_Hatch_INDEX_1	</identifier>
				<transform>
					<row0>	-1.0000 0.0000 0.0000 0.0000	</row0>
					<row1>	0.0000 1.0000 0.0000 0.0000	</row1>
					<row2>	0.0000 0.0000 -1.0000 0.0000	</row2>
					<row3>	-0.0521 0.4078 5.1225 1.0000	</row3>
				</transform>
			</node>
			<node>
				<identifier>	MP_RM288_Hatch_INDEX_2	</identifier>
				<transform>
					<row0>	-1.0000 0.0000 0.0000 0.0000	</row0>
					<row1>	0.0000 1.0000 0.0000 0.0000	</row1>
					<row2>	0.0000 0.0000 -1.0000 0.0000	</row2>
					<row3>	-0.1700 0.3937 4.1579 1.0000	</row3>
				</transform>
			</node>
			<node>
				<identifier>	MP_RM288_Hatch_INDEX_3	</identifier>
				<transform>
					<row0>	-1.0000 0.0000 0.0000 0.0000	</row0>
					<row1>	0.0000 1.0000 0.0000 0.0000	</row1>
					<row2>	0.0000 0.0000 -1.0000 0.0000	</row2>
					<row3>	0.0000 0.4311 5.7101 1.0000	</row3>
				</transform>
			</node>
			<node>
				<identifier>	MP_RM288_Hatch_INDEX_4	</identifier>
				<transform>
					<row0>	-1.0000 0.0000 0.0000 0.0000	</row0>
					<row1>	0.0000 1.0000 0.0000 0.0000	</row1>
					<row2>	0.0000 0.0000 -1.0000 0.0000	</row2>
					<row3>	0.1700 0.3937 4.1579 1.0000	</row3>
				</transform>
			</node>
			<node>
				<identifier>	MP_RM288_Hatch_INDEX_5	</identifier>
				<transform>
					<row0>	-1.0000 0.0000 0.0000 0.0000	</row0>
					<row1>	0.0000 1.0000 0.0000 0.0000	</row1>
					<row2>	0.0000 0.0000 -1.0000 0.0000	</row2>
					<row3>	0.3114 0.4078 5.0361 1.0000	</row3>
				</transform>
			</node>
			<node>
				<identifier>	MP_RM289_Reel	</identifier>
				<transform>
					<row0>	1.0000 0.0000 0.0000 0.0000	</row0>
					<row1>	0.0000 1.0000 0.0000 0.0000	</row1>
					<row2>	0.0000 0.0000 1.0000 0.0000	</row2>
					<row3>	0.0000 0.4051 4.8827 1.0000	</row3>
				</transform>
			</node>
			<node>
				<identifier>	MP_RM291_Reel	</identifier>
				<transform>
					<row0>	0.0000 0.0000 1.0000 0.0000	</row0>
					<row1>	0.0000 1.0000 0.0000 0.0000	</row1>
					<row2>	-1.0000 0.0000 0.0000 0.0000	</row2>
					<row3>	0.4509 0.3870 4.3908 1.0000	</row3>
				</transform>
			</node>
			<node>
				<identifier>	MP_RM291_Reel_INDEX_1	</identifier>
				<transform>
					<row0>	0.0000 0.0000 -1.0000 0.0000	</row0>
					<row1>	0.0000 1.0000 0.0000 0.0000	</row1>
					<row2>	1.0000 0.0000 0.0000 0.0000	</row2>
					<row3>	-0.4509 0.3870 4.3908 1.0000	</row3>
				</transform>
			</node>
			<node>
				<identifier>	MP_RM295_Ventilation	</identifier>
				<transform>
					<row0>	1.0000 0.0000 0.0000 0.0000	</row0>
					<row1>	0.0000 1.0000 0.0000 0.0000	</row1>
					<row2>	0.0000 0.0000 1.0000 0.0000	</row2>
					<row3>	0.2970 0.3838 4.4075 1.0000	</row3>
				</transform>
			</node>
			<node>
				<identifier>	MP_RM295_Ventilation_INDEX_1	</identifier>
				<transform>
					<row0>	1.0000 0.0000 0.0000 0.0000	</row0>
					<row1>	0.0000 1.0000 0.0000 0.0000	</row1>
					<row2>	0.0000 0.0000 1.0000 0.0000	</row2>
					<row3>	0.2558 0.3838 4.6268 1.0000	</row3>
				</transform>
			</node>
			<node>
				<identifier>	MP_RM295_Ventilation_INDEX_2	</identifier>
				<transform>
					<row0>	1.0000 0.0000 0.0000 0.0000	</row0>
					<row1>	0.0000 1.0000 0.0000 0.0000	</row1>
					<row2>	0.0000 0.0000 1.0000 0.0000	</row2>
					<row3>	-0.0969 0.3777 4.1185 1.0000	</row3>
				</transform>
			</node>
			<node>
				<identifier>	MP_RM295_Ventilation_INDEX_3	</identifier>
				<transform>
					<row0>	1.0000 0.0000 0.0000 0.0000	</row0>
					<row1>	0.0000 1.0000 0.0000 0.0000	</row1>
					<row2>	0.0000 0.0000 1.0000 0.0000	</row2>
					<row3>	0.2951 0.3838 4.5304 1.0000	</row3>
				</transform>
			</node>
			<node>
				<identifier>	MP_RM295_Ventilation_INDEX_4	</identifier>
				<transform>
					<row0>	1.0000 0.0000 0.0000 0.0000	</row0>
					<row1>	0.0000 1.0000 0.0000 0.0000	</row1>
					<row2>	0.0000 0.0000 1.0000 0.0000	</row2>
					<row3>	-0.2970 0.3838 4.4075 1.0000	</row3>
				</transform>
			</node>
			<node>
				<identifier>	MP_RM295_Ventilation_INDEX_5	</identifier>
				<transform>
					<row0>	1.0000 0.0000 0.0000 0.0000	</row0>
					<row1>	0.0000 1.0000 0.0000 0.0000	</row1>
					<row2>	0.0000 0.0000 1.0000 0.0000	</row2>
					<row3>	0.0969 0.3777 4.1185 1.0000	</row3>
				</transform>
			</node>
			<node>
				<identifier>	MP_RM295_Ventilation_INDEX_6	</identifier>
				<transform>
					<row0>	1.0000 0.0000 0.0000 0.0000	</row0>
					<row1>	0.0000 1.0000 0.0000 0.0000	</row1>
					<row2>	0.0000 0.0000 1.0000 0.0000	</row2>
					<row3>	-0.2558 0.3838 4.6268 1.0000	</row3>
				</transform>
			</node>
			<node>
				<identifier>	MP_RM295_Ventilation_INDEX_7	</identifier>
				<transform>
					<row0>	1.0000 0.0000 0.0000 0.0000	</row0>
					<row1>	0.0000 1.0000 0.0000 0.0000	</row1>
					<row2>	0.0000 0.0000 1.0000 0.0000	</row2>
					<row3>	-0.2951 0.3838 4.5304 1.0000	</row3>
				</transform>
			</node>
			<node>
				<identifier>	SP_YMS001_YHBM_M_1	</identifier>
				<transform>
					<row0>	1.0500 0.0000 0.0000 0.0000	</row0>
					<row1>	0.0000 1.0500 0.0000 0.0000	</row1>
					<row2>	0.0000 0.0000 1.0500 0.0000	</row2>
					<row3>	0.0000 0.4624 7.0000 1.0000	</row3>
				</transform>
			</node>
			<node>
				<identifier>	SP_YMS002_YHBL_M_1_INDEX_1	</identifier>
				<transform>
					<row0>	1.0824 0.0000 0.0000 0.0000	</row0>
					<row1>	0.0000 1.0812 -0.0500 0.0000	</row1>
					<row2>	0.0000 0.0500 1.0812 0.0000	</row2>
					<row3>	0.0000 0.4842 7.0549 1.0000	</row3>
				</transform>
			</node>
			<node>
				<identifier>	SP_YMS003_YHBR_M_1	</identifier>
				<transform>
					<row0>	1.0824 0.0000 0.0000 0.0000	</row0>
					<row1>	0.0000 1.0812 -0.0500 0.0000	</row1>
					<row2>	0.0000 0.0500 1.0812 0.0000	</row2>
					<row3>	0.0000 0.4842 7.0549 1.0000	</row3>
				</transform>
			</node>
			<node>
				<identifier>	SP_YMS004_YHXL_L_1	</identifier>
				<transform>
					<row0>	0.5828 0.2866 -0.1174 0.0000	</row0>
					<row1>	-0.2919 0.5919 -0.0041 0.0000	</row1>
					<row2>	0.1035 0.0555 0.6495 0.0000	</row2>
					<row3>	-0.0798 0.2974 6.6879 1.0000	</row3>
				</transform>
			</node>
			<node>
				<identifier>	SP_YMS005_YHXR_L_1_INDEX_2	</identifier>
				<transform>
					<row0>	0.5826 -0.2865 0.1174 0.0000	</row0>
					<row1>	0.2918 0.5917 -0.0041 0.0000	</row1>
					<row2>	-0.1035 0.0555 0.6492 0.0000	</row2>
					<row3>	0.0798 0.2974 6.6879 1.0000	</row3>
				</transform>
			</node>
			<node>
				<identifier>	SP_YMS010_YHWM_L_1	</identifier>
				<transform>
					<row0>	0.6661 0.0000 0.0000 0.0000	</row0>
					<row1>	0.0000 0.6661 0.0000 0.0000	</row1>
					<row2>	0.0000 0.0000 0.6661 0.0000	</row2>
					<row3>	0.0000 0.0000 6.8130 1.0000	</row3>
				</transform>
			</node>
			<node>
				<identifier>	SP_YMS011_YHWL_M_1_INDEX_10	</identifier>
				<transform>
					<row0>	0.9881 0.0000 -0.1537 0.0000	</row0>
					<row1>	0.0000 1.0000 0.0000 0.0000	</row1>
					<row2>	0.1537 0.0000 0.9881 0.0000	</row2>
					<row3>	-0.2143 0.0000 5.5626 1.0000	</row3>
				</transform>
			</node>
			<node>
				<identifier>	SP_YMS011_YHWL_M_1_INDEX_12	</identifier>
				<transform>
					<row0>	0.9890 0.0000 -0.1479 0.0000	</row0>
					<row1>	0.0000 1.0000 0.0000 0.0000	</row1>
					<row2>	0.1479 0.0000 0.9890 0.0000	</row2>
					<row3>	-0.3543 0.0000 4.7216 1.0000	</row3>
				</transform>
			</node>
			<node>
				<identifier>	SP_YMS012_YHWR_M_1_INDEX_2	</identifier>
				<transform>
					<row0>	0.9876 0.0000 0.1570 0.0000	</row0>
					<row1>	0.0000 1.0000 0.0000 0.0000	</row1>
					<row2>	-0.1570 0.0000 0.9876 0.0000	</row2>
					<row3>	0.3599 0.0000 4.7216 1.0000	</row3>
				</transform>
			</node>
			<node>
				<identifier>	SP_YMS012_YHWR_M_1_INDEX_5	</identifier>
				<transform>
					<row0>	0.9881 0.0000 0.1537 0.0000	</row0>
					<row1>	0.0000 1.0000 0.0000 0.0000	</row1>
					<row2>	-0.1537 0.0000 0.9881 0.0000	</row2>
					<row3>	0.2222 0.0000 5.5626 1.0000	</row3>
				</transform>
			</node>
			<node>
				<identifier>	SP_YMS020_YHBU_M_1	</identifier>
				<transform>
					<row0>	1.1025 0.0000 0.0000 0.0000	</row0>
					<row1>	0.0000 1.1025 0.0000 0.0000	</row1>
					<row2>	0.0000 0.0000 1.1025 0.0000	</row2>
					<row3>	0.0000 -0.0786 6.6230 1.0000	</row3>
				</transform>
			</node>
			<node>
				<identifier>	SP_YMS022_YHUS_L_1_INDEX_1	</identifier>
				<transform>
					<row0>	-0.1060 0.0079 0.9943 0.0000	</row0>
					<row1>	0.3430 0.9389 0.0291 0.0000	</row1>
					<row2>	-0.9333 0.3441 -0.1022 0.0000	</row2>
					<row3>	0.2183 -0.3434 4.4589 1.0000	</row3>
				</transform>
			</node>
			<node>
				<identifier>	SP_YMS022_YHUS_L_1_INDEX_2	</identifier>
				<transform>
					<row0>	-0.1060 -0.0079 -0.9943 0.0000	</row0>
					<row1>	-0.3430 0.9389 0.0291 0.0000	</row1>
					<row2>	0.9333 0.3441 -0.1022 0.0000	</row2>
					<row3>	-0.2183 -0.3434 4.4589 1.0000	</row3>
				</transform>
			</node>
			<node>
				<identifier>	SP_YMS022_YHUS_L_1_INDEX_3	</identifier>
				<transform>
					<row0>	-0.0900 -0.0001 0.9959 0.0000	</row0>
					<row1>	0.4194 0.9070 0.0381 0.0000	</row1>
					<row2>	-0.9033 0.4211 -0.0816 0.0000	</row2>
					<row3>	0.2967 -0.3347 3.7305 1.0000	</row3>
				</transform>
			</node>
			<node>
				<identifier>	SP_YMS022_YHUS_L_1_INDEX_5	</identifier>
				<transform>
					<row0>	-0.0900 0.0001 -0.9959 0.0000	</row0>
					<row1>	-0.4194 0.9070 0.0381 0.0000	</row1>
					<row2>	0.9033 0.4211 -0.0816 0.0000	</row2>
					<row3>	-0.2967 -0.3347 3.7305 1.0000	</row3>
				</transform>
			</node>
			<node>
				<identifier>	SP_YMS051_YHDL_L_1	</identifier>
				<transform>
					<row0>	0.9218 0.0008 -0.1153 0.0000	</row0>
					<row1>	-0.0027 0.9289 -0.0151 0.0000	</row1>
					<row2>	0.1153 0.0153 0.9217 0.0000	</row2>
					<row3>	-0.4750 0.3969 5.4038 1.0000	</row3>
				</transform>
			</node>
			<node>
				<identifier>	SP_YMS052_YHDR_L_1	</identifier>
				<transform>
					<row0>	0.9218 -0.0008 0.1153 0.0000	</row0>
					<row1>	0.0027 0.9289 -0.0151 0.0000	</row1>
					<row2>	-0.1153 0.0153 0.9217 0.0000	</row2>
					<row3>	0.4602 0.3980 5.3921 1.0000	</row3>
				</transform>
			</node>
			<node>
				<identifier>	SP_YMS053_YHDC_S_1_INDEX_14	</identifier>
				<transform>
					<row0>	1.0000 0.0000 0.0000 0.0000	</row0>
					<row1>	0.0000 1.0000 0.0000 0.0000	</row1>
					<row2>	0.0000 0.0000 1.0000 0.0000	</row2>
					<row3>	-0.3639 0.4061 3.9911 1.0000	</row3>
				</transform>
			</node>
			<node>
				<identifier>	SP_YMS053_YHDC_S_1_INDEX_2	</identifier>
				<transform>
					<row0>	1.0000 0.0000 0.0000 0.0000	</row0>
					<row1>	0.0000 1.0000 0.0000 0.0000	</row1>
					<row2>	0.0000 0.0000 1.0000 0.0000	</row2>
					<row3>	0.1788 0.4247 5.2625 1.0000	</row3>
				</transform>
			</node>
			<node>
				<identifier>	SP_YMS053_YHDC_S_1_INDEX_3	</identifier>
				<transform>
					<row0>	1.0000 0.0000 0.0000 0.0000	</row0>
					<row1>	0.0000 1.0000 0.0000 0.0000	</row1>
					<row2>	0.0000 0.0000 1.0000 0.0000	</row2>
					<row3>	0.3639 0.4061 3.9911 1.0000	</row3>
				</transform>
			</node>
			<node>
				<identifier>	SP_YMS053_YHDC_S_1_INDEX_8	</identifier>
				<transform>
					<row0>	1.0000 0.0000 0.0000 0.0000	</row0>
					<row1>	0.0000 0.9989 -0.0460 0.0000	</row1>
					<row2>	0.0000 0.0460 0.9989 0.0000	</row2>
					<row3>	0.0000 0.4681 6.4002 1.0000	</row3>
				</transform>
			</node>
			<node>
				<identifier>	SP_YMS053_YHDC_S_1_INDEX_9	</identifier>
				<transform>
					<row0>	1.0000 0.0000 0.0000 0.0000	</row0>
					<row1>	0.0000 1.0000 0.0000 0.0000	</row1>
					<row2>	0.0000 0.0000 1.0000 0.0000	</row2>
					<row3>	-0.1788 0.4247 5.2625 1.0000	</row3>
				</transform>
			</node>
			<node>
				<identifier>	SP_YMS083_YHSC_L_1_INDEX_1	</identifier>
				<transform>
					<row0>	-0.0761 -0.0048 0.9893 0.0000	</row0>
					<row1>	0.2786 0.9520 0.0261 0.0000	</row1>
					<row2>	-0.9493 0.2798 -0.0717 0.0000	</row2>
					<row3>	0.5357 0.4019 4.1078 1.0000	</row3>
				</transform>
			</node>
			<node>
				<identifier>	SP_YMS083_YHSC_L_1_INDEX_5	</identifier>
				<transform>
					<row0>	-0.0760 0.0048 -0.9871 0.0000	</row0>
					<row1>	-0.2780 0.9498 0.0260 0.0000	</row1>
					<row2>	0.9471 0.2791 -0.0715 0.0000	</row2>
					<row3>	-0.5357 0.4019 4.1078 1.0000	</row3>
				</transform>
			</node>
		</node>
	</node>
	<boundingBox>
		<min>	-0.0667 -0.0667 -0.0667	</min>
		<max>	0.0667 0.0667 0.0667	</max>
	</boundingBox>
</RSC041_Petr_Bagration_1952_Bow_ports.visual>
