<RSD011_Pr_35_Udaloy_1945_MidFront_ports.visual>
	<node>
		<identifier>	Scene Root	</identifier>
		<transform>
			<row0>	1.0000 0.0000 0.0000 0.0000	</row0>
			<row1>	0.0000 1.0000 0.0000 0.0000	</row1>
			<row2>	0.0000 0.0000 1.0000 0.0000	</row2>
			<row3>	0.0000 0.0000 0.0000 1.0000	</row3>
		</transform>
		<node>
			<identifier>	MidFront_ports	</identifier>
			<transform>
				<row0>	1.0000 0.0000 0.0000 0.0000	</row0>
				<row1>	0.0000 1.0000 0.0000 0.0000	</row1>
				<row2>	0.0000 0.0000 1.0000 0.0000	</row2>
				<row3>	0.0000 0.0000 0.0000 1.0000	</row3>
			</transform>
			<node>
				<identifier>	HP_FX_Death_1	</identifier>
				<transform>
					<row0>	1.0000 0.0000 0.0000 0.0000	</row0>
					<row1>	0.0000 1.0000 0.0000 0.0000	</row1>
					<row2>	0.0000 0.0000 1.0000 0.0000	</row2>
					<row3>	0.0000 0.0000 2.2814 1.0000	</row3>
				</transform>
			</node>
			<node>
				<identifier>	HP_FX_Death_2	</identifier>
				<transform>
					<row0>	1.0000 0.0000 0.0000 0.0000	</row0>
					<row1>	0.0000 1.0000 0.0000 0.0000	</row1>
					<row2>	0.0000 0.0000 1.0000 0.0000	</row2>
					<row3>	0.0000 0.0000 -0.0507 1.0000	</row3>
				</transform>
			</node>
			<node>
				<identifier>	HP_FX_Fire_2	</identifier>
				<transform>
					<row0>	1.0000 0.0000 0.0000 0.0000	</row0>
					<row1>	0.0000 1.0000 0.0000 0.0000	</row1>
					<row2>	0.0000 0.0000 1.0000 0.0000	</row2>
					<row3>	0.0000 0.7709 1.3776 1.0000	</row3>
				</transform>
			</node>
			<node>
				<identifier>	HP_FX_Fire_2_side_1	</identifier>
				<transform>
					<row0>	1.0000 0.0000 0.0000 0.0000	</row0>
					<row1>	0.0000 1.0000 0.0000 0.0000	</row1>
					<row2>	0.0000 0.0000 1.0000 0.0000	</row2>
					<row3>	-0.3191 0.3167 2.1163 1.0000	</row3>
				</transform>
			</node>
			<node>
				<identifier>	HP_FX_Fire_2_side_2	</identifier>
				<transform>
					<row0>	1.0000 0.0000 0.0000 0.0000	</row0>
					<row1>	0.0000 1.0000 0.0000 0.0000	</row1>
					<row2>	0.0000 0.0000 1.0000 0.0000	</row2>
					<row3>	0.3066 0.4529 0.6020 1.0000	</row3>
				</transform>
			</node>
			<node>
				<identifier>	HP_FX_FloodLight_left_2	</identifier>
				<transform>
					<row0>	-1.0000 0.0000 0.0000 0.0000	</row0>
					<row1>	0.0000 1.0000 0.0000 0.0000	</row1>
					<row2>	0.0000 0.0000 -1.0000 0.0000	</row2>
					<row3>	-0.2090 0.6340 1.3610 1.0000	</row3>
				</transform>
			</node>
			<node>
				<identifier>	HP_FX_FloodLight_right_2	</identifier>
				<transform>
					<row0>	1.0000 0.0000 0.0000 0.0000	</row0>
					<row1>	0.0000 1.0000 0.0000 0.0000	</row1>
					<row2>	0.0000 0.0000 1.0000 0.0000	</row2>
					<row3>	0.2070 0.6440 1.3720 1.0000	</row3>
				</transform>
			</node>
			<node>
				<identifier>	HP_FX_Flood_steam_1	</identifier>
				<transform>
					<row0>	0.8258 0.5640 0.0000 0.0000	</row0>
					<row1>	-0.5640 0.8258 0.0000 0.0000	</row1>
					<row2>	0.0000 0.0000 1.0000 0.0000	</row2>
					<row3>	-0.0810 0.7390 0.1640 1.0000	</row3>
				</transform>
			</node>
			<node>
				<identifier>	HP_FX_Flood_steam_exhaust_1	</identifier>
				<transform>
					<row0>	0.9919 -0.1271 0.0000 0.0000	</row0>
					<row1>	0.1271 0.9919 0.0000 0.0000	</row1>
					<row2>	0.0000 0.0000 1.0000 0.0000	</row2>
					<row3>	0.0780 0.7310 0.1500 1.0000	</row3>
				</transform>
			</node>
			<node>
				<identifier>	HP_FX_Flood_steam_left	</identifier>
				<transform>
					<row0>	-1.0000 0.0000 0.0000 0.0000	</row0>
					<row1>	0.0000 1.0000 0.0000 0.0000	</row1>
					<row2>	0.0000 0.0000 -1.0000 0.0000	</row2>
					<row3>	-0.2540 0.4350 1.9700 1.0000	</row3>
				</transform>
			</node>
			<node>
				<identifier>	HP_FX_Flood_water_left	</identifier>
				<transform>
					<row0>	-1.0000 0.0000 0.0000 0.0000	</row0>
					<row1>	0.0000 1.0000 0.0000 0.0000	</row1>
					<row2>	0.0000 0.0000 -1.0000 0.0000	</row2>
					<row3>	-0.3668 0.0199 0.3851 1.0000	</row3>
				</transform>
			</node>
			<node>
				<identifier>	HP_FX_Flood_water_right	</identifier>
				<transform>
					<row0>	1.0000 0.0000 0.0000 0.0000	</row0>
					<row1>	0.0000 1.0000 0.0000 0.0000	</row1>
					<row2>	0.0000 0.0000 1.0000 0.0000	</row2>
					<row3>	0.3666 0.0191 0.3849 1.0000	</row3>
				</transform>
			</node>
			<node>
				<identifier>	HP_FX_RepairLight_left_2	</identifier>
				<transform>
					<row0>	0.0541 0.0000 0.9985 0.0000	</row0>
					<row1>	-0.7058 0.7073 0.0382 0.0000	</row1>
					<row2>	-0.7063 -0.7069 0.0382 0.0000	</row2>
					<row3>	-0.3965 0.3128 1.8481 1.0000	</row3>
				</transform>
			</node>
			<node>
				<identifier>	HP_FX_RepairLight_right_2	</identifier>
				<transform>
					<row0>	0.0062 0.0000 -1.0000 0.0000	</row0>
					<row1>	0.1941 0.9810 0.0012 0.0000	</row1>
					<row2>	0.9810 -0.1941 0.0061 0.0000	</row2>
					<row3>	0.4030 0.3151 1.3105 1.0000	</row3>
				</transform>
			</node>
			<node>
				<identifier>	HP_FX_Smoke_1	</identifier>
				<transform>
					<row0>	1.0000 0.0000 0.0000 0.0000	</row0>
					<row1>	0.0000 0.9996 -0.0274 0.0000	</row1>
					<row2>	0.0000 0.0274 0.9996 0.0000	</row2>
					<row3>	0.0000 0.7972 0.2854 1.0000	</row3>
				</transform>
			</node>
			<node>
				<identifier>	HP_Flagpole	</identifier>
				<transform>
					<row0>	0.0212 0.0006 0.0000 0.0000	</row0>
					<row1>	-0.0006 0.0209 -0.0037 0.0000	</row1>
					<row2>	0.0000 0.0037 0.0209 0.0000	</row2>
					<row3>	-0.0059 1.3292 0.4459 1.0000	</row3>
				</transform>
			</node>
			<node>
				<identifier>	HP_RD_1	</identifier>
				<transform>
					<row0>	1.0000 0.0000 0.0000 0.0000	</row0>
					<row1>	0.0000 1.0000 0.0000 0.0000	</row1>
					<row2>	0.0000 0.0000 1.0000 0.0000	</row2>
					<row3>	0.0000 0.7410 1.4761 1.0000	</row3>
				</transform>
			</node>
			<node>
				<identifier>	HP_RD_10	</identifier>
				<transform>
					<row0>	0.0000 0.0000 -1.0000 0.0000	</row0>
					<row1>	0.0000 1.0000 0.0000 0.0000	</row1>
					<row2>	1.0000 0.0000 0.0000 0.0000	</row2>
					<row3>	0.0763 1.0537 0.6742 1.0000	</row3>
				</transform>
			</node>
			<node>
				<identifier>	HP_RD_3	</identifier>
				<transform>
					<row0>	0.0000 0.0000 1.0000 0.0000	</row0>
					<row1>	0.0000 1.0000 0.0000 0.0000	</row1>
					<row2>	-1.0000 0.0000 0.0000 0.0000	</row2>
					<row3>	-0.1806 0.6808 1.3452 1.0000	</row3>
				</transform>
			</node>
			<node>
				<identifier>	HP_RD_4	</identifier>
				<transform>
					<row0>	0.0000 0.0000 -1.0000 0.0000	</row0>
					<row1>	0.0000 1.0000 0.0000 0.0000	</row1>
					<row2>	1.0000 0.0000 0.0000 0.0000	</row2>
					<row3>	0.1806 0.6808 1.3452 1.0000	</row3>
				</transform>
			</node>
			<node>
				<identifier>	HP_RD_5	</identifier>
				<transform>
					<row0>	0.0000 0.0000 1.0000 0.0000	</row0>
					<row1>	0.0000 1.0000 0.0000 0.0000	</row1>
					<row2>	-1.0000 0.0000 0.0000 0.0000	</row2>
					<row3>	-0.1798 0.6798 1.2664 1.0000	</row3>
				</transform>
			</node>
			<node>
				<identifier>	HP_RD_6	</identifier>
				<transform>
					<row0>	0.0000 0.0000 -1.0000 0.0000	</row0>
					<row1>	0.0000 1.0000 0.0000 0.0000	</row1>
					<row2>	1.0000 0.0000 0.0000 0.0000	</row2>
					<row3>	0.1798 0.6798 1.2664 1.0000	</row3>
				</transform>
			</node>
			<node>
				<identifier>	HP_RD_7	</identifier>
				<transform>
					<row0>	0.0000 0.0000 1.0000 0.0000	</row0>
					<row1>	0.0000 1.0000 0.0000 0.0000	</row1>
					<row2>	-1.0000 0.0000 0.0000 0.0000	</row2>
					<row3>	-0.1530 0.7426 1.1010 1.0000	</row3>
				</transform>
			</node>
			<node>
				<identifier>	HP_RD_8	</identifier>
				<transform>
					<row0>	0.0000 0.0000 -1.0000 0.0000	</row0>
					<row1>	0.0000 1.0000 0.0000 0.0000	</row1>
					<row2>	1.0000 0.0000 0.0000 0.0000	</row2>
					<row3>	0.1530 0.7426 1.1010 1.0000	</row3>
				</transform>
			</node>
			<node>
				<identifier>	HP_RD_9	</identifier>
				<transform>
					<row0>	0.0000 0.0000 1.0000 0.0000	</row0>
					<row1>	0.0000 1.0000 0.0000 0.0000	</row1>
					<row2>	-1.0000 0.0000 0.0000 0.0000	</row2>
					<row3>	-0.0858 1.0537 0.6834 1.0000	</row3>
				</transform>
			</node>
			<node>
				<identifier>	HP_RF_1	</identifier>
				<transform>
					<row0>	1.0000 0.0000 0.0000 0.0000	</row0>
					<row1>	0.0000 1.0000 0.0000 0.0000	</row1>
					<row2>	0.0000 0.0000 1.0000 0.0000	</row2>
					<row3>	0.0000 0.8227 1.3051 1.0000	</row3>
				</transform>
			</node>
			<node>
				<identifier>	HP_RF_2	</identifier>
				<transform>
					<row0>	1.0000 0.0000 0.0000 0.0000	</row0>
					<row1>	0.0000 1.0000 0.0000 0.0000	</row1>
					<row2>	0.0000 0.0000 1.0000 0.0000	</row2>
					<row3>	0.0000 1.1123 0.8012 1.0000	</row3>
				</transform>
			</node>
			<node>
				<identifier>	HP_RGA_1	</identifier>
				<transform>
					<row0>	1.0000 0.0000 0.0000 0.0000	</row0>
					<row1>	0.0000 1.0000 0.0000 0.0000	</row1>
					<row2>	0.0000 0.0000 1.0000 0.0000	</row2>
					<row3>	0.0000 0.6207 1.8693 1.0000	</row3>
				</transform>
			</node>
			<node>
				<identifier>	HP_RGA_2	</identifier>
				<transform>
					<row0>	0.7071 0.0000 0.7071 0.0000	</row0>
					<row1>	0.0000 1.0000 0.0000 0.0000	</row1>
					<row2>	-0.7071 0.0000 0.7071 0.0000	</row2>
					<row3>	-0.2576 0.4985 1.7599 1.0000	</row3>
				</transform>
			</node>
			<node>
				<identifier>	HP_RGA_3	</identifier>
				<transform>
					<row0>	0.7071 0.0000 -0.7071 0.0000	</row0>
					<row1>	0.0000 1.0000 0.0000 0.0000	</row1>
					<row2>	0.7071 0.0000 0.7071 0.0000	</row2>
					<row3>	0.2575 0.4985 1.7599 1.0000	</row3>
				</transform>
			</node>
			<node>
				<identifier>	HP_RGA_4	</identifier>
				<transform>
					<row0>	0.7071 0.0000 0.7071 0.0000	</row0>
					<row1>	0.0000 1.0000 0.0000 0.0000	</row1>
					<row2>	-0.7071 0.0000 0.7071 0.0000	</row2>
					<row3>	-0.3450 0.4254 1.3073 1.0000	</row3>
				</transform>
			</node>
			<node>
				<identifier>	HP_RGA_5	</identifier>
				<transform>
					<row0>	0.7071 0.0000 -0.7071 0.0000	</row0>
					<row1>	0.0000 1.0000 0.0000 0.0000	</row1>
					<row2>	0.7071 0.0000 0.7071 0.0000	</row2>
					<row3>	0.3450 0.4254 1.3072 1.0000	</row3>
				</transform>
			</node>
			<node>
				<identifier>	HP_RGM_1	</identifier>
				<transform>
					<row0>	1.0000 0.0000 0.0000 0.0000	</row0>
					<row1>	0.0000 1.0000 0.0000 0.0000	</row1>
					<row2>	0.0000 0.0000 1.0000 0.0000	</row2>
					<row3>	0.0000 0.3702 2.6747 1.0000	</row3>
				</transform>
			</node>
			<node>
				<identifier>	HP_RGM_2	</identifier>
				<transform>
					<row0>	1.0000 0.0000 0.0000 0.0000	</row0>
					<row1>	0.0000 1.0000 0.0000 0.0000	</row1>
					<row2>	0.0000 0.0000 1.0000 0.0000	</row2>
					<row3>	0.0000 0.4919 2.2408 1.0000	</row3>
				</transform>
			</node>
			<node>
				<identifier>	HP_RRS_1	</identifier>
				<transform>
					<row0>	1.0000 0.0000 0.0000 0.0000	</row0>
					<row1>	0.0000 1.0000 0.0000 0.0000	</row1>
					<row2>	0.0000 0.0000 1.0000 0.0000	</row2>
					<row3>	0.0000 1.3729 0.4995 1.0000	</row3>
				</transform>
			</node>
			<node>
				<identifier>	HP_flag_1	</identifier>
				<transform>
					<row0>	0.9860 -0.1665 0.0039 0.0000	</row0>
					<row1>	0.1665 0.9850 -0.0462 0.0000	</row1>
					<row2>	0.0039 0.0462 0.9989 0.0000	</row2>
					<row3>	0.2476 1.1573 0.7536 1.0000	</row3>
				</transform>
			</node>
			<node>
				<identifier>	HP_flag_2	</identifier>
				<transform>
					<row0>	0.9860 0.1665 -0.0039 0.0000	</row0>
					<row1>	-0.1665 0.9850 -0.0462 0.0000	</row1>
					<row2>	-0.0039 0.0462 0.9989 0.0000	</row2>
					<row3>	-0.2475 1.1574 0.7536 1.0000	</row3>
				</transform>
			</node>
			<node>
				<identifier>	HP_flag_3	</identifier>
				<transform>
					<row0>	0.9998 -0.0193 0.0016 0.0000	</row0>
					<row1>	0.0193 0.9860 -0.1656 0.0000	</row1>
					<row2>	0.0016 0.1656 0.9862 0.0000	</row2>
					<row3>	0.1674 1.1576 0.6731 1.0000	</row3>
				</transform>
			</node>
			<node>
				<identifier>	HP_flag_4	</identifier>
				<transform>
					<row0>	0.9998 0.0193 -0.0016 0.0000	</row0>
					<row1>	-0.0193 0.9860 -0.1656 0.0000	</row1>
					<row2>	-0.0016 0.1656 0.9862 0.0000	</row2>
					<row3>	-0.1675 1.1576 0.6731 1.0000	</row3>
				</transform>
			</node>
			<node>
				<identifier>	MP_CM011_Fire_Fighting_Gear	</identifier>
				<transform>
					<row0>	-1.0000 0.0000 0.0000 0.0000	</row0>
					<row1>	0.0000 1.0000 0.0000 0.0000	</row1>
					<row2>	0.0000 0.0000 -1.0000 0.0000	</row2>
					<row3>	0.0406 0.3348 2.3885 1.0000	</row3>
				</transform>
			</node>
			<node>
				<identifier>	MP_CM011_Fire_Fighting_Gear_INDEX_1	</identifier>
				<transform>
					<row0>	-0.4176 0.0000 0.9086 0.0000	</row0>
					<row1>	0.0000 1.0000 0.0000 0.0000	</row1>
					<row2>	-0.9086 0.0000 -0.4176 0.0000	</row2>
					<row3>	0.1412 0.4680 1.8613 1.0000	</row3>
				</transform>
			</node>
			<node>
				<identifier>	MP_CM011_Fire_Fighting_Gear_INDEX_2	</identifier>
				<transform>
					<row0>	-0.4176 0.0000 -0.9086 0.0000	</row0>
					<row1>	0.0000 1.0000 0.0000 0.0000	</row1>
					<row2>	0.9086 0.0000 -0.4176 0.0000	</row2>
					<row3>	-0.1412 0.4680 1.8613 1.0000	</row3>
				</transform>
			</node>
			<node>
				<identifier>	MP_CM011_Fire_Fighting_Gear_INDEX_3	</identifier>
				<transform>
					<row0>	-0.0002 0.0000 1.0000 0.0000	</row0>
					<row1>	0.0000 1.0000 0.0000 0.0000	</row1>
					<row2>	-1.0000 0.0000 -0.0002 0.0000	</row2>
					<row3>	0.1195 0.4696 0.9154 1.0000	</row3>
				</transform>
			</node>
			<node>
				<identifier>	MP_CM011_Fire_Fighting_Gear_INDEX_4	</identifier>
				<transform>
					<row0>	-0.1560 0.0000 -0.9878 0.0000	</row0>
					<row1>	0.0000 1.0000 0.0000 0.0000	</row1>
					<row2>	0.9878 0.0000 -0.1560 0.0000	</row2>
					<row3>	-0.2324 0.3225 2.1316 1.0000	</row3>
				</transform>
			</node>
			<node>
				<identifier>	MP_CM011_Fire_Fighting_Gear_INDEX_5	</identifier>
				<transform>
					<row0>	-0.1865 0.0000 0.9825 0.0000	</row0>
					<row1>	0.0000 1.0000 0.0000 0.0000	</row1>
					<row2>	-0.9825 0.0000 -0.1865 0.0000	</row2>
					<row3>	0.2315 0.3226 2.1343 1.0000	</row3>
				</transform>
			</node>
			<node>
				<identifier>	MP_CM011_Fire_Fighting_Gear_INDEX_6	</identifier>
				<transform>
					<row0>	1.0000 0.0000 0.0000 0.0000	</row0>
					<row1>	0.0000 1.0000 0.0000 0.0000	</row1>
					<row2>	0.0000 0.0000 1.0000 0.0000	</row2>
					<row3>	0.1632 0.3219 0.8441 1.0000	</row3>
				</transform>
			</node>
			<node>
				<identifier>	MP_CM014_Fuel_Oil_Hose	</identifier>
				<transform>
					<row0>	1.0000 0.0000 -0.0072 0.0000	</row0>
					<row1>	0.0000 1.0000 0.0000 0.0000	</row1>
					<row2>	0.0072 0.0000 1.0000 0.0000	</row2>
					<row3>	-0.2460 0.3974 1.8962 1.0000	</row3>
				</transform>
			</node>
			<node>
				<identifier>	MP_CM014_Fuel_Oil_Hose_INDEX_1	</identifier>
				<transform>
					<row0>	-1.0000 0.0000 -0.0072 0.0000	</row0>
					<row1>	0.0000 1.0000 0.0000 0.0000	</row1>
					<row2>	0.0072 0.0000 -1.0000 0.0000	</row2>
					<row3>	0.2460 0.3974 1.8962 1.0000	</row3>
				</transform>
			</node>
			<node>
				<identifier>	MP_CM029_Emergency_Box	</identifier>
				<transform>
					<row0>	0.0450 0.0000 0.9990 0.0000	</row0>
					<row1>	0.0000 1.0000 0.0000 0.0000	</row1>
					<row2>	-0.9990 0.0000 0.0450 0.0000	</row2>
					<row3>	0.2374 0.3815 1.6723 1.0000	</row3>
				</transform>
			</node>
			<node>
				<identifier>	MP_CM029_Emergency_Box_INDEX_1	</identifier>
				<transform>
					<row0>	-1.0000 0.0000 0.0000 0.0000	</row0>
					<row1>	0.0000 1.0000 0.0000 0.0000	</row1>
					<row2>	0.0000 0.0000 -1.0000 0.0000	</row2>
					<row3>	-0.0212 0.8181 0.9725 1.0000	</row3>
				</transform>
			</node>
			<node>
				<identifier>	MP_CM029_Emergency_Box_INDEX_2	</identifier>
				<transform>
					<row0>	-1.0000 0.0000 0.0000 0.0000	</row0>
					<row1>	0.0000 1.0000 0.0000 0.0000	</row1>
					<row2>	0.0000 0.0000 -1.0000 0.0000	</row2>
					<row3>	0.0000 0.6717 1.1063 1.0000	</row3>
				</transform>
			</node>
			<node>
				<identifier>	MP_CM029_Emergency_Box_INDEX_3	</identifier>
				<transform>
					<row0>	0.0912 0.0000 -0.9958 0.0000	</row0>
					<row1>	0.0000 1.0000 0.0000 0.0000	</row1>
					<row2>	0.9958 0.0000 0.0912 0.0000	</row2>
					<row3>	-0.2242 0.3815 1.5399 1.0000	</row3>
				</transform>
			</node>
			<node>
				<identifier>	MP_CM051_Fire_Fighting_Gear	</identifier>
				<transform>
					<row0>	-1.0000 0.0000 0.0000 0.0000	</row0>
					<row1>	0.0000 0.0000 1.0000 0.0000	</row1>
					<row2>	0.0000 1.0000 0.0000 0.0000	</row2>
					<row3>	-0.1005 0.6454 0.8112 1.0000	</row3>
				</transform>
			</node>
			<node>
				<identifier>	MP_CM051_Fire_Fighting_Gear_INDEX_1	</identifier>
				<transform>
					<row0>	1.0000 0.0000 0.0000 0.0000	</row0>
					<row1>	0.0000 0.0000 -1.0000 0.0000	</row1>
					<row2>	0.0000 1.0000 0.0000 0.0000	</row2>
					<row3>	0.1005 0.6454 0.8112 1.0000	</row3>
				</transform>
			</node>
			<node>
				<identifier>	MP_CM056_Ships_bell	</identifier>
				<transform>
					<row0>	1.0000 0.0000 0.0000 0.0000	</row0>
					<row1>	0.0000 1.0000 0.0000 0.0000	</row1>
					<row2>	0.0000 0.0000 1.0000 0.0000	</row2>
					<row3>	-0.1912 0.7351 1.1018 1.0000	</row3>
				</transform>
			</node>
			<node>
				<identifier>	MP_CM076_Fender	</identifier>
				<transform>
					<row0>	0.0000 0.0000 0.5000 0.0000	</row0>
					<row1>	0.0000 0.5000 0.0000 0.0000	</row1>
					<row2>	-0.5000 0.0000 0.0000 0.0000	</row2>
					<row3>	-0.2538 0.3208 1.9861 1.0000	</row3>
				</transform>
			</node>
			<node>
				<identifier>	MP_CM076_Fender_INDEX_1	</identifier>
				<transform>
					<row0>	0.0000 0.0000 -0.5000 0.0000	</row0>
					<row1>	0.0000 0.5000 0.0000 0.0000	</row1>
					<row2>	0.5000 0.0000 0.0000 0.0000	</row2>
					<row3>	0.2538 0.3211 1.9914 1.0000	</row3>
				</transform>
			</node>
			<node>
				<identifier>	MP_RM008_Voice_Tube	</identifier>
				<transform>
					<row0>	-1.0000 0.0000 0.0000 0.0000	</row0>
					<row1>	0.0000 1.0000 0.0000 0.0000	</row1>
					<row2>	0.0000 0.0000 -1.0000 0.0000	</row2>
					<row3>	0.1426 0.7421 1.0416 1.0000	</row3>
				</transform>
			</node>
			<node>
				<identifier>	MP_RM008_Voice_Tube_INDEX_1	</identifier>
				<transform>
					<row0>	0.5156 0.0000 -0.8569 0.0000	</row0>
					<row1>	0.0000 1.0000 0.0000 0.0000	</row1>
					<row2>	0.8569 0.0000 0.5156 0.0000	</row2>
					<row3>	0.1124 1.0547 0.7194 1.0000	</row3>
				</transform>
			</node>
			<node>
				<identifier>	MP_RM008_Voice_Tube_INDEX_2	</identifier>
				<transform>
					<row0>	-1.0000 0.0000 0.0000 0.0000	</row0>
					<row1>	0.0000 1.0000 0.0000 0.0000	</row1>
					<row2>	0.0000 0.0000 -1.0000 0.0000	</row2>
					<row3>	0.0298 0.7410 0.9712 1.0000	</row3>
				</transform>
			</node>
			<node>
				<identifier>	MP_RM008_Voice_Tube_INDEX_3	</identifier>
				<transform>
					<row0>	0.8829 0.0000 0.4696 0.0000	</row0>
					<row1>	0.0000 1.0000 0.0000 0.0000	</row1>
					<row2>	-0.4696 0.0000 0.8829 0.0000	</row2>
					<row3>	-0.0240 0.9013 0.9624 1.0000	</row3>
				</transform>
			</node>
			<node>
				<identifier>	MP_RM008_Voice_Tube_INDEX_4	</identifier>
				<transform>
					<row0>	0.0000 0.0000 -1.0000 0.0000	</row0>
					<row1>	0.0000 1.0000 0.0000 0.0000	</row1>
					<row2>	1.0000 0.0000 0.0000 0.0000	</row2>
					<row3>	-0.1048 0.6798 1.2839 1.0000	</row3>
				</transform>
			</node>
			<node>
				<identifier>	MP_RM008_Voice_Tube_INDEX_5	</identifier>
				<transform>
					<row0>	-1.0000 0.0000 0.0000 0.0000	</row0>
					<row1>	0.0000 1.0000 0.0000 0.0000	</row1>
					<row2>	0.0000 0.0000 -1.0000 0.0000	</row2>
					<row3>	-0.1425 0.7421 1.0416 1.0000	</row3>
				</transform>
			</node>
			<node>
				<identifier>	MP_RM008_Voice_Tube_INDEX_6	</identifier>
				<transform>
					<row0>	0.5156 0.0000 0.8569 0.0000	</row0>
					<row1>	0.0000 1.0000 0.0000 0.0000	</row1>
					<row2>	-0.8569 0.0000 0.5156 0.0000	</row2>
					<row3>	-0.1124 1.0547 0.7194 1.0000	</row3>
				</transform>
			</node>
			<node>
				<identifier>	MP_RM008_Voice_Tube_INDEX_7	</identifier>
				<transform>
					<row0>	0.8829 0.0000 0.4696 0.0000	</row0>
					<row1>	0.0000 1.0000 0.0000 0.0000	</row1>
					<row2>	-0.4696 0.0000 0.8829 0.0000	</row2>
					<row3>	-0.0619 0.7422 1.4922 1.0000	</row3>
				</transform>
			</node>
			<node>
				<identifier>	MP_RM008_Voice_Tube_INDEX_8	</identifier>
				<transform>
					<row0>	0.0820 0.0000 0.9966 0.0000	</row0>
					<row1>	0.0000 1.0000 0.0000 0.0000	</row1>
					<row2>	-0.9966 0.0000 0.0820 0.0000	</row2>
					<row3>	0.1057 0.6798 1.3289 1.0000	</row3>
				</transform>
			</node>
			<node>
				<identifier>	MP_RM011_Insulator_2	</identifier>
				<transform>
					<row0>	0.0000 -1.0000 0.0000 0.0000	</row0>
					<row1>	0.8952 0.0000 -0.4457 0.0000	</row1>
					<row2>	0.4457 0.0000 0.8952 0.0000	</row2>
					<row3>	0.0928 0.7725 0.7613 1.0000	</row3>
				</transform>
			</node>
			<node>
				<identifier>	MP_RM011_Insulator_2_INDEX_1	</identifier>
				<transform>
					<row0>	0.0000 1.0000 0.0000 0.0000	</row0>
					<row1>	-0.8952 0.0000 -0.4457 0.0000	</row1>
					<row2>	-0.4457 0.0000 0.8952 0.0000	</row2>
					<row3>	-0.0928 0.7725 0.7613 1.0000	</row3>
				</transform>
			</node>
			<node>
				<identifier>	MP_RM017_Fairlead	</identifier>
				<transform>
					<row0>	0.6829 -0.0463 0.0179 0.0000	</row0>
					<row1>	0.0465 0.6831 -0.0056 0.0000	</row1>
					<row2>	-0.0175 0.0068 0.6847 0.0000	</row2>
					<row3>	0.3763 0.3132 2.0585 1.0000	</row3>
				</transform>
			</node>
			<node>
				<identifier>	MP_RM017_Fairlead_INDEX_1	</identifier>
				<transform>
					<row0>	0.6829 0.0463 -0.0179 0.0000	</row0>
					<row1>	-0.0465 0.6831 -0.0056 0.0000	</row1>
					<row2>	0.0175 0.0068 0.6847 0.0000	</row2>
					<row3>	-0.3763 0.3132 2.0585 1.0000	</row3>
				</transform>
			</node>
			<node>
				<identifier>	MP_RM019_Reels	</identifier>
				<transform>
					<row0>	0.7177 0.0000 -0.6964 0.0000	</row0>
					<row1>	-0.6964 0.0000 -0.7177 0.0000	</row1>
					<row2>	0.0000 1.0000 0.0000 0.0000	</row2>
					<row3>	0.1229 0.3850 2.3296 1.0000	</row3>
				</transform>
			</node>
			<node>
				<identifier>	MP_RM019_Reels_INDEX_1	</identifier>
				<transform>
					<row0>	0.7177 0.0000 0.6964 0.0000	</row0>
					<row1>	0.6964 0.0000 -0.7177 0.0000	</row1>
					<row2>	0.0000 1.0000 0.0000 0.0000	</row2>
					<row3>	-0.1229 0.3850 2.3296 1.0000	</row3>
				</transform>
			</node>
			<node>
				<identifier>	MP_RM019_Reels_INDEX_2	</identifier>
				<transform>
					<row0>	-0.0013 -0.0377 -1.2033 0.0000	</row0>
					<row1>	-0.0427 -1.2025 0.0377 0.0000	</row1>
					<row2>	-1.2031 0.0427 0.0000 0.0000	</row2>
					<row3>	0.0965 0.3477 2.9362 1.0000	</row3>
				</transform>
			</node>
			<node>
				<identifier>	MP_RM019_Reels_INDEX_3	</identifier>
				<transform>
					<row0>	-0.0013 0.0377 1.2033 0.0000	</row0>
					<row1>	0.0427 -1.2025 0.0377 0.0000	</row1>
					<row2>	1.2031 0.0427 0.0000 0.0000	</row2>
					<row3>	-0.0965 0.3477 2.9362 1.0000	</row3>
				</transform>
			</node>
			<node>
				<identifier>	MP_RM020_Speaker	</identifier>
				<transform>
					<row0>	0.5929 0.0000 -0.8053 0.0000	</row0>
					<row1>	0.1948 0.9703 0.1434 0.0000	</row1>
					<row2>	0.7814 -0.2419 0.5753 0.0000	</row2>
					<row3>	0.1086 0.5991 1.9087 1.0000	</row3>
				</transform>
			</node>
			<node>
				<identifier>	MP_RM020_Speaker_INDEX_1	</identifier>
				<transform>
					<row0>	0.0000 0.0000 -1.0000 0.0000	</row0>
					<row1>	0.2419 0.9703 0.0000 0.0000	</row1>
					<row2>	0.9703 -0.2419 0.0000 0.0000	</row2>
					<row3>	0.1065 0.7265 0.9145 1.0000	</row3>
				</transform>
			</node>
			<node>
				<identifier>	MP_RM020_Speaker_INDEX_2	</identifier>
				<transform>
					<row0>	0.0000 0.0000 1.0000 0.0000	</row0>
					<row1>	-0.2419 0.9703 0.0000 0.0000	</row1>
					<row2>	-0.9703 -0.2419 0.0000 0.0000	</row2>
					<row3>	-0.1066 0.7264 0.9145 1.0000	</row3>
				</transform>
			</node>
			<node>
				<identifier>	MP_RM020_Speaker_INDEX_3	</identifier>
				<transform>
					<row0>	-1.0000 0.0000 0.0000 0.0000	</row0>
					<row1>	0.0000 0.9812 -0.1932 0.0000	</row1>
					<row2>	0.0000 -0.1932 -0.9812 0.0000	</row2>
					<row3>	0.0000 0.5143 0.1675 1.0000	</row3>
				</transform>
			</node>
			<node>
				<identifier>	MP_RM020_Speaker_INDEX_4	</identifier>
				<transform>
					<row0>	0.5929 0.0000 0.8053 0.0000	</row0>
					<row1>	-0.1948 0.9703 0.1434 0.0000	</row1>
					<row2>	-0.7814 -0.2419 0.5753 0.0000	</row2>
					<row3>	-0.1086 0.5990 1.9087 1.0000	</row3>
				</transform>
			</node>
			<node>
				<identifier>	MP_RM025_Signal_Lamp	</identifier>
				<transform>
					<row0>	1.0000 0.0000 0.0000 0.0000	</row0>
					<row1>	0.0000 -1.0000 0.0000 0.0000	</row1>
					<row2>	0.0000 0.0000 -1.0000 0.0000	</row2>
					<row3>	0.0000 1.1166 1.0315 1.0000	</row3>
				</transform>
			</node>
			<node>
				<identifier>	MP_RM025_Signal_Lamp_INDEX_1	</identifier>
				<transform>
					<row0>	1.0000 0.0000 0.0000 0.0000	</row0>
					<row1>	0.0000 -1.0000 0.0000 0.0000	</row1>
					<row2>	0.0000 0.0000 -1.0000 0.0000	</row2>
					<row3>	0.0000 1.1638 1.0844 1.0000	</row3>
				</transform>
			</node>
			<node>
				<identifier>	MP_RM029_Signal_Lamp	</identifier>
				<transform>
					<row0>	1.0000 0.0000 0.0000 0.0000	</row0>
					<row1>	0.0000 1.0000 0.0000 0.0000	</row1>
					<row2>	0.0000 0.0000 1.0000 0.0000	</row2>
					<row3>	-0.0886 1.2828 0.4914 1.0000	</row3>
				</transform>
			</node>
			<node>
				<identifier>	MP_RM029_Signal_Lamp_INDEX_1	</identifier>
				<transform>
					<row0>	1.0000 0.0000 0.0000 0.0000	</row0>
					<row1>	0.0000 1.0000 0.0000 0.0000	</row1>
					<row2>	0.0000 0.0000 1.0000 0.0000	</row2>
					<row3>	0.0886 1.2828 0.4914 1.0000	</row3>
				</transform>
			</node>
			<node>
				<identifier>	MP_RM061_Basket_Rope	</identifier>
				<transform>
					<row0>	-0.0189 -0.0070 -0.9998 0.0000	</row0>
					<row1>	-0.0602 0.9982 -0.0058 0.0000	</row1>
					<row2>	0.9980 0.0601 -0.0193 0.0000	</row2>
					<row3>	-0.3635 0.3114 0.7520 1.0000	</row3>
				</transform>
			</node>
			<node>
				<identifier>	MP_RM069_Telegraph	</identifier>
				<transform>
					<row0>	1.0000 0.0000 0.0000 0.0000	</row0>
					<row1>	0.0000 1.0000 0.0000 0.0000	</row1>
					<row2>	0.0000 0.0000 1.0000 0.0000	</row2>
					<row3>	0.2191 0.6141 1.1185 1.0000	</row3>
				</transform>
			</node>
			<node>
				<identifier>	MP_RM084_Running_Lights_R	</identifier>
				<transform>
					<row0>	1.0000 0.0000 -0.0085 0.0000	</row0>
					<row1>	0.0000 1.0000 0.0000 0.0000	</row1>
					<row2>	0.0085 0.0000 1.0000 0.0000	</row2>
					<row3>	0.2960 0.6232 1.0771 1.0000	</row3>
				</transform>
			</node>
			<node>
				<identifier>	MP_RM085_Running_Lights_L	</identifier>
				<transform>
					<row0>	1.0000 0.0000 0.0085 0.0000	</row0>
					<row1>	0.0000 1.0000 0.0000 0.0000	</row1>
					<row2>	-0.0085 0.0000 1.0000 0.0000	</row2>
					<row3>	-0.2960 0.6232 1.0771 1.0000	</row3>
				</transform>
			</node>
			<node>
				<identifier>	MP_RM088_Anemometer	</identifier>
				<transform>
					<row0>	1.0000 0.0000 0.0000 0.0000	</row0>
					<row1>	0.0000 1.0000 0.0000 0.0000	</row1>
					<row2>	0.0000 0.0000 1.0000 0.0000	</row2>
					<row3>	-0.1577 1.1145 0.8011 1.0000	</row3>
				</transform>
			</node>
			<node>
				<identifier>	MP_RM096_Paravane	</identifier>
				<transform>
					<row0>	0.0000 -1.0000 0.0000 0.0000	</row0>
					<row1>	0.9809 0.0000 0.1947 0.0000	</row1>
					<row2>	-0.1947 0.0000 0.9809 0.0000	</row2>
					<row3>	-0.2032 0.3796 1.1888 1.0000	</row3>
				</transform>
			</node>
			<node>
				<identifier>	MP_RM096_Paravane_INDEX_1	</identifier>
				<transform>
					<row0>	0.0000 -1.0000 0.0000 0.0000	</row0>
					<row1>	1.0000 0.0000 0.0000 0.0000	</row1>
					<row2>	0.0000 0.0000 1.0000 0.0000	</row2>
					<row3>	0.3275 0.3858 1.0777 1.0000	</row3>
				</transform>
			</node>
			<node>
				<identifier>	MP_RM096_Paravane_INDEX_2	</identifier>
				<transform>
					<row0>	0.0000 1.0000 0.0000 0.0000	</row0>
					<row1>	-0.9809 0.0000 0.1947 0.0000	</row1>
					<row2>	0.1947 0.0000 0.9809 0.0000	</row2>
					<row3>	0.2032 0.3796 1.1888 1.0000	</row3>
				</transform>
			</node>
			<node>
				<identifier>	MP_RM096_Paravane_INDEX_3	</identifier>
				<transform>
					<row0>	0.0000 1.0000 0.0000 0.0000	</row0>
					<row1>	-1.0000 0.0000 0.0000 0.0000	</row1>
					<row2>	0.0000 0.0000 1.0000 0.0000	</row2>
					<row3>	-0.3275 0.3858 1.0777 1.0000	</row3>
				</transform>
			</node>
			<node>
				<identifier>	MP_RM157_Freon_Cylinder_acetylene	</identifier>
				<transform>
					<row0>	-0.0912 0.0000 0.9958 0.0000	</row0>
					<row1>	0.0000 1.0000 0.0000 0.0000	</row1>
					<row2>	-0.9958 0.0000 -0.0912 0.0000	</row2>
					<row3>	-0.2221 0.3180 1.4966 1.0000	</row3>
				</transform>
			</node>
			<node>
				<identifier>	MP_RM157_Freon_Cylinder_acetylene_INDEX_1	</identifier>
				<transform>
					<row0>	-0.0912 0.0000 -0.9958 0.0000	</row0>
					<row1>	0.0000 1.0000 0.0000 0.0000	</row1>
					<row2>	0.9958 0.0000 -0.0912 0.0000	</row2>
					<row3>	0.2244 0.3180 1.5186 1.0000	</row3>
				</transform>
			</node>
			<node>
				<identifier>	MP_RM168_Motor_Launch_7_5m	</identifier>
				<transform>
					<row0>	0.9998 0.0000 -0.0174 0.0000	</row0>
					<row1>	0.0000 1.0000 0.0000 0.0000	</row1>
					<row2>	0.0174 0.0000 0.9998 0.0000	</row2>
					<row3>	-0.3121 0.3203 0.5250 1.0000	</row3>
				</transform>
			</node>
			<node>
				<identifier>	MP_RM173_Signal_lanp_450mm_MSPl452	</identifier>
				<transform>
					<row0>	0.0000 0.0000 -1.0000 0.0000	</row0>
					<row1>	0.0000 1.0000 0.0000 0.0000	</row1>
					<row2>	1.0000 0.0000 0.0000 0.0000	</row2>
					<row3>	0.2621 0.6150 1.1639 1.0000	</row3>
				</transform>
			</node>
			<node>
				<identifier>	MP_RM173_Signal_lanp_450mm_MSPl452_INDEX_1	</identifier>
				<transform>
					<row0>	0.0000 0.0000 1.0000 0.0000	</row0>
					<row1>	0.0000 1.0000 0.0000 0.0000	</row1>
					<row2>	-1.0000 0.0000 0.0000 0.0000	</row2>
					<row3>	-0.2621 0.6150 1.1639 1.0000	</row3>
				</transform>
			</node>
			<node>
				<identifier>	MP_RM175_Searchlight_900mm_MPE9	</identifier>
				<transform>
					<row0>	0.0000 0.0000 -1.0000 0.0000	</row0>
					<row1>	0.0000 1.0000 0.0000 0.0000	</row1>
					<row2>	1.0000 0.0000 0.0000 0.0000	</row2>
					<row3>	0.1815 0.7632 0.4038 1.0000	</row3>
				</transform>
			</node>
			<node>
				<identifier>	MP_RM175_Searchlight_900mm_MPE9_INDEX_1	</identifier>
				<transform>
					<row0>	0.0000 0.0000 1.0000 0.0000	</row0>
					<row1>	0.0000 1.0000 0.0000 0.0000	</row1>
					<row2>	-1.0000 0.0000 0.0000 0.0000	</row2>
					<row3>	-0.1815 0.7632 0.4038 1.0000	</row3>
				</transform>
			</node>
			<node>
				<identifier>	MP_RM185_Fakel_MO	</identifier>
				<transform>
					<row0>	1.0000 0.0000 0.0000 0.0000	</row0>
					<row1>	0.0000 1.0000 0.0000 0.0000	</row1>
					<row2>	0.0000 0.0000 1.0000 0.0000	</row2>
					<row3>	-0.0059 1.3392 0.4448 1.0000	</row3>
				</transform>
			</node>
			<node>
				<identifier>	MP_RM186_Fakel_MZ	</identifier>
				<transform>
					<row0>	0.0000 0.0000 1.0000 0.0000	</row0>
					<row1>	0.0000 1.0000 0.0000 0.0000	</row1>
					<row2>	-1.0000 0.0000 0.0000 0.0000	</row2>
					<row3>	0.1101 1.2860 0.4913 1.0000	</row3>
				</transform>
			</node>
			<node>
				<identifier>	MP_RM186_Fakel_MZ_INDEX_1	</identifier>
				<transform>
					<row0>	0.0000 0.0000 -1.0000 0.0000	</row0>
					<row1>	0.0000 1.0000 0.0000 0.0000	</row1>
					<row2>	1.0000 0.0000 0.0000 0.0000	</row2>
					<row3>	-0.1101 1.2860 0.4913 1.0000	</row3>
				</transform>
			</node>
			<node>
				<identifier>	MP_RM188_Boat_ITL	</identifier>
				<transform>
					<row0>	0.0000 0.0000 -0.9126 0.0000	</row0>
					<row1>	0.0000 0.9126 0.0000 0.0000	</row1>
					<row2>	0.9126 0.0000 0.0000 0.0000	</row2>
					<row3>	0.0000 0.3529 0.1342 1.0000	</row3>
				</transform>
			</node>
			<node>
				<identifier>	MP_RM188_Boat_ITL_INDEX_1	</identifier>
				<transform>
					<row0>	0.0000 0.0000 -0.9126 0.0000	</row0>
					<row1>	0.0000 0.9126 0.0000 0.0000	</row1>
					<row2>	0.9126 0.0000 0.0000 0.0000	</row2>
					<row3>	0.0000 0.3235 0.1342 1.0000	</row3>
				</transform>
			</node>
			<node>
				<identifier>	MP_RM194_Magnetic_Compass	</identifier>
				<transform>
					<row0>	-1.0000 0.0000 0.0000 0.0000	</row0>
					<row1>	0.0000 1.0000 0.0000 0.0000	</row1>
					<row2>	0.0000 0.0000 -1.0000 0.0000	</row2>
					<row3>	0.0000 0.9079 0.9715 1.0000	</row3>
				</transform>
			</node>
			<node>
				<identifier>	MP_RM196_Pelorus	</identifier>
				<transform>
					<row0>	0.0000 0.0000 1.0000 0.0000	</row0>
					<row1>	0.0000 1.0000 0.0000 0.0000	</row1>
					<row2>	-1.0000 0.0000 0.0000 0.0000	</row2>
					<row3>	-0.1830 0.6808 1.4184 1.0000	</row3>
				</transform>
			</node>
			<node>
				<identifier>	MP_RM196_Pelorus_INDEX_1	</identifier>
				<transform>
					<row0>	0.0000 0.0000 -1.0000 0.0000	</row0>
					<row1>	0.0000 1.0000 0.0000 0.0000	</row1>
					<row2>	1.0000 0.0000 0.0000 0.0000	</row2>
					<row3>	0.1830 0.6808 1.4184 1.0000	</row3>
				</transform>
			</node>
			<node>
				<identifier>	MP_RM198_Manipulator_Searchlight	</identifier>
				<transform>
					<row0>	-1.0000 0.0000 0.0000 0.0000	</row0>
					<row1>	0.0000 1.0000 0.0000 0.0000	</row1>
					<row2>	0.0000 0.0000 -1.0000 0.0000	</row2>
					<row3>	-0.1023 0.6808 1.3787 1.0000	</row3>
				</transform>
			</node>
			<node>
				<identifier>	MP_RM198_Manipulator_Searchlight_INDEX_1	</identifier>
				<transform>
					<row0>	-1.0000 0.0000 0.0000 0.0000	</row0>
					<row1>	0.0000 1.0000 0.0000 0.0000	</row1>
					<row2>	0.0000 0.0000 -1.0000 0.0000	</row2>
					<row3>	0.1023 0.6808 1.3787 1.0000	</row3>
				</transform>
			</node>
			<node>
				<identifier>	MP_RM199_Running_Lights_F	</identifier>
				<transform>
					<row0>	1.0000 0.0000 0.0000 0.0000	</row0>
					<row1>	0.0000 1.0000 0.0000 0.0000	</row1>
					<row2>	0.0000 0.0000 1.0000 0.0000	</row2>
					<row3>	0.0000 1.1823 1.1017 1.0000	</row3>
				</transform>
			</node>
			<node>
				<identifier>	MP_RM205_Speaker	</identifier>
				<transform>
					<row0>	-0.9986 0.0000 -0.0523 0.0000	</row0>
					<row1>	0.0000 1.0000 0.0000 0.0000	</row1>
					<row2>	0.0523 0.0000 -0.9986 0.0000	</row2>
					<row3>	0.2806 0.6017 1.0679 1.0000	</row3>
				</transform>
			</node>
			<node>
				<identifier>	MP_RM205_Speaker_INDEX_1	</identifier>
				<transform>
					<row0>	-0.9986 0.0000 0.0523 0.0000	</row0>
					<row1>	0.0000 1.0000 0.0000 0.0000	</row1>
					<row2>	-0.0523 0.0000 -0.9986 0.0000	</row2>
					<row3>	-0.2811 0.6016 1.0678 1.0000	</row3>
				</transform>
			</node>
			<node>
				<identifier>	MP_RM208_Flag_Box	</identifier>
				<transform>
					<row0>	0.3618 0.0000 0.9323 0.0000	</row0>
					<row1>	0.0000 1.0000 0.0000 0.0000	</row1>
					<row2>	-0.9323 0.0000 0.3618 0.0000	</row2>
					<row3>	0.2519 0.6141 1.0429 1.0000	</row3>
				</transform>
			</node>
			<node>
				<identifier>	MP_RM208_Flag_Box_INDEX_1	</identifier>
				<transform>
					<row0>	0.3651 0.0000 0.9310 0.0000	</row0>
					<row1>	0.0000 0.9320 0.0000 0.0000	</row1>
					<row2>	-0.9310 0.0000 0.3651 0.0000	</row2>
					<row3>	0.1694 0.6127 0.7534 1.0000	</row3>
				</transform>
			</node>
			<node>
				<identifier>	MP_RM208_Flag_Box_INDEX_2	</identifier>
				<transform>
					<row0>	0.3651 0.0000 -0.9310 0.0000	</row0>
					<row1>	0.0000 0.9320 0.0000 0.0000	</row1>
					<row2>	0.9310 0.0000 0.3651 0.0000	</row2>
					<row3>	-0.1700 0.6127 0.7549 1.0000	</row3>
				</transform>
			</node>
			<node>
				<identifier>	MP_RM208_Flag_Box_INDEX_3	</identifier>
				<transform>
					<row0>	0.3642 0.0000 -0.9313 0.0000	</row0>
					<row1>	0.0000 1.0000 0.0000 0.0000	</row1>
					<row2>	0.9313 0.0000 0.3642 0.0000	</row2>
					<row3>	-0.2521 0.6141 1.0434 1.0000	</row3>
				</transform>
			</node>
			<node>
				<identifier>	MP_RM210_Electric_Deck_Winch	</identifier>
				<transform>
					<row0>	-0.5047 -0.0325 -0.6331 0.0000	</row0>
					<row1>	-0.0491 0.8088 -0.0024 0.0000	</row1>
					<row2>	0.6320 0.0369 -0.5057 0.0000	</row2>
					<row3>	-0.3175 0.3139 0.8974 1.0000	</row3>
				</transform>
			</node>
			<node>
				<identifier>	MP_RM210_Electric_Deck_Winch_INDEX_1	</identifier>
				<transform>
					<row0>	-0.5047 0.0325 0.6331 0.0000	</row0>
					<row1>	0.0491 0.8088 -0.0024 0.0000	</row1>
					<row2>	-0.6320 0.0369 -0.5057 0.0000	</row2>
					<row3>	0.3175 0.3139 0.8974 1.0000	</row3>
				</transform>
			</node>
			<node>
				<identifier>	MP_RM214_Life_Buoy	</identifier>
				<transform>
					<row0>	-0.0093 0.0000 -1.0000 0.0000	</row0>
					<row1>	0.0000 1.0000 0.0000 0.0000	</row1>
					<row2>	1.0000 0.0000 -0.0093 0.0000	</row2>
					<row3>	-0.4012 0.3749 0.8386 1.0000	</row3>
				</transform>
			</node>
			<node>
				<identifier>	MP_RM214_Life_Buoy_INDEX_1	</identifier>
				<transform>
					<row0>	-0.0549 0.0000 -0.9985 0.0000	</row0>
					<row1>	0.0000 1.0000 0.0000 0.0000	</row1>
					<row2>	0.9985 0.0000 -0.0549 0.0000	</row2>
					<row3>	-0.3653 0.3867 2.4368 1.0000	</row3>
				</transform>
			</node>
			<node>
				<identifier>	MP_RM214_Life_Buoy_INDEX_2	</identifier>
				<transform>
					<row0>	-0.0093 0.0000 1.0000 0.0000	</row0>
					<row1>	0.0000 1.0000 0.0000 0.0000	</row1>
					<row2>	-1.0000 0.0000 -0.0093 0.0000	</row2>
					<row3>	0.4012 0.3749 0.8386 1.0000	</row3>
				</transform>
			</node>
			<node>
				<identifier>	MP_RM214_Life_Buoy_INDEX_3	</identifier>
				<transform>
					<row0>	-0.0549 0.0000 0.9985 0.0000	</row0>
					<row1>	0.0000 1.0000 0.0000 0.0000	</row1>
					<row2>	-0.9985 0.0000 -0.0549 0.0000	</row2>
					<row3>	0.3653 0.3867 2.4368 1.0000	</row3>
				</transform>
			</node>
			<node>
				<identifier>	MP_RM216_Captain_cutter_pr378_7_4m	</identifier>
				<transform>
					<row0>	1.0000 0.0000 0.0021 0.0000	</row0>
					<row1>	0.0000 1.0000 0.0000 0.0000	</row1>
					<row2>	-0.0021 0.0000 1.0000 0.0000	</row2>
					<row3>	0.3045 0.3180 0.5432 1.0000	</row3>
				</transform>
			</node>
			<node>
				<identifier>	MP_RM217_Ventilation_Mushroom	</identifier>
				<transform>
					<row0>	0.0000 0.5298 0.0000 0.0000	</row0>
					<row1>	-0.5275 0.0000 -0.0498 0.0000	</row1>
					<row2>	-0.0498 0.0000 0.5275 0.0000	</row2>
					<row3>	-0.2069 0.4546 1.4174 1.0000	</row3>
				</transform>
			</node>
			<node>
				<identifier>	MP_RM217_Ventilation_Mushroom_INDEX_1	</identifier>
				<transform>
					<row0>	0.0000 0.6350 0.0000 0.0000	</row0>
					<row1>	-0.6349 0.0000 -0.0059 0.0000	</row1>
					<row2>	-0.0059 0.0000 0.6349 0.0000	</row2>
					<row3>	-0.1926 0.5907 1.5414 1.0000	</row3>
				</transform>
			</node>
			<node>
				<identifier>	MP_RM217_Ventilation_Mushroom_INDEX_10	</identifier>
				<transform>
					<row0>	0.0000 -0.5298 0.0000 0.0000	</row0>
					<row1>	0.5263 0.0000 -0.0607 0.0000	</row1>
					<row2>	0.0607 0.0000 0.5263 0.0000	</row2>
					<row3>	0.2100 0.4546 1.4403 1.0000	</row3>
				</transform>
			</node>
			<node>
				<identifier>	MP_RM217_Ventilation_Mushroom_INDEX_11	</identifier>
				<transform>
					<row0>	1.0334 0.0000 0.0000 0.0000	</row0>
					<row1>	0.0000 1.0334 0.0000 0.0000	</row1>
					<row2>	0.0000 0.0000 1.0334 0.0000	</row2>
					<row3>	-0.1850 0.3243 1.1970 1.0000	</row3>
				</transform>
			</node>
			<node>
				<identifier>	MP_RM217_Ventilation_Mushroom_INDEX_12	</identifier>
				<transform>
					<row0>	1.1680 0.0000 0.0000 0.0000	</row0>
					<row1>	0.0000 1.1680 0.0000 0.0000	</row1>
					<row2>	0.0000 0.0000 1.1680 0.0000	</row2>
					<row3>	-0.2611 0.3207 1.8368 1.0000	</row3>
				</transform>
			</node>
			<node>
				<identifier>	MP_RM217_Ventilation_Mushroom_INDEX_13	</identifier>
				<transform>
					<row0>	0.7875 0.0000 0.0000 0.0000	</row0>
					<row1>	0.0000 0.7875 0.0000 0.0000	</row1>
					<row2>	0.0000 0.0000 0.7875 0.0000	</row2>
					<row3>	0.1182 0.3236 0.3310 1.0000	</row3>
				</transform>
			</node>
			<node>
				<identifier>	MP_RM217_Ventilation_Mushroom_INDEX_14	</identifier>
				<transform>
					<row0>	0.0000 -0.5298 0.0000 0.0000	</row0>
					<row1>	0.5298 0.0000 0.0065 0.0000	</row1>
					<row2>	-0.0065 0.0000 0.5298 0.0000	</row2>
					<row3>	0.1567 0.4565 0.9588 1.0000	</row3>
				</transform>
			</node>
			<node>
				<identifier>	MP_RM217_Ventilation_Mushroom_INDEX_15	</identifier>
				<transform>
