<ASC055_Milwaukee_1917_MidFront_ports.visual>
	<node>
		<identifier>	Scene Root	</identifier>
		<transform>
			<row0>	1.0000 0.0000 0.0000 0.0000	</row0>
			<row1>	0.0000 1.0000 0.0000 0.0000	</row1>
			<row2>	0.0000 0.0000 1.0000 0.0000	</row2>
			<row3>	0.0000 0.0000 0.0000 1.0000	</row3>
		</transform>
		<node>
			<identifier>	MidFront_ports	</identifier>
			<transform>
				<row0>	1.0000 0.0000 0.0000 0.0000	</row0>
				<row1>	0.0000 1.0000 0.0000 0.0000	</row1>
				<row2>	0.0000 0.0000 1.0000 0.0000	</row2>
				<row3>	0.0000 0.0000 0.0000 1.0000	</row3>
			</transform>
			<node>
				<identifier>	HP_AF_1	</identifier>
				<transform>
					<row0>	1.0000 0.0000 0.0000 0.0000	</row0>
					<row1>	0.0000 1.0000 0.0000 0.0000	</row1>
					<row2>	0.0000 0.0000 1.0000 0.0000	</row2>
					<row3>	0.0000 1.1464 2.0724 1.0000	</row3>
				</transform>
			</node>
			<node>
				<identifier>	HP_AGA_1	</identifier>
				<transform>
					<row0>	0.5895 0.0000 -0.8078 0.0000	</row0>
					<row1>	0.0000 1.0000 0.0000 0.0000	</row1>
					<row2>	0.8078 0.0000 0.5895 0.0000	</row2>
					<row3>	0.2503 0.7065 2.1083 1.0000	</row3>
				</transform>
			</node>
			<node>
				<identifier>	HP_AGA_2	</identifier>
				<transform>
					<row0>	0.5895 0.0000 0.8078 0.0000	</row0>
					<row1>	0.0000 1.0000 0.0000 0.0000	</row1>
					<row2>	-0.8078 0.0000 0.5895 0.0000	</row2>
					<row3>	-0.2499 0.7065 2.1063 1.0000	</row3>
				</transform>
			</node>
			<node>
				<identifier>	HP_AGA_3	</identifier>
				<transform>
					<row0>	0.5895 0.0000 -0.8078 0.0000	</row0>
					<row1>	0.0000 1.0000 0.0000 0.0000	</row1>
					<row2>	0.8078 0.0000 0.5895 0.0000	</row2>
					<row3>	0.3437 0.7061 1.9720 1.0000	</row3>
				</transform>
			</node>
			<node>
				<identifier>	HP_AGA_4	</identifier>
				<transform>
					<row0>	0.5895 0.0000 0.8078 0.0000	</row0>
					<row1>	0.0000 1.0000 0.0000 0.0000	</row1>
					<row2>	-0.8078 0.0000 0.5895 0.0000	</row2>
					<row3>	-0.3422 0.7065 1.9702 1.0000	</row3>
				</transform>
			</node>
			<node>
				<identifier>	HP_AGM_2	</identifier>
				<transform>
					<row0>	0.9659 0.0000 0.2588 0.0000	</row0>
					<row1>	0.0000 1.0000 0.0000 0.0000	</row1>
					<row2>	-0.2588 0.0000 0.9659 0.0000	</row2>
					<row3>	-0.5837 0.2285 0.9930 1.0000	</row3>
				</transform>
			</node>
			<node>
				<identifier>	HP_AGM_3	</identifier>
				<transform>
					<row0>	0.9659 0.0000 0.2588 0.0000	</row0>
					<row1>	0.0000 1.0000 0.0000 0.0000	</row1>
					<row2>	-0.2588 0.0000 0.9659 0.0000	</row2>
					<row3>	-0.5837 0.3786 0.9930 1.0000	</row3>
				</transform>
			</node>
			<node>
				<identifier>	HP_AGM_4	</identifier>
				<transform>
					<row0>	0.9659 0.0000 -0.2588 0.0000	</row0>
					<row1>	0.0000 1.0000 0.0000 0.0000	</row1>
					<row2>	0.2588 0.0000 0.9659 0.0000	</row2>
					<row3>	0.5837 0.2285 0.9930 1.0000	</row3>
				</transform>
			</node>
			<node>
				<identifier>	HP_AGM_5	</identifier>
				<transform>
					<row0>	0.9659 0.0000 -0.2588 0.0000	</row0>
					<row1>	0.0000 1.0000 0.0000 0.0000	</row1>
					<row2>	0.2588 0.0000 0.9659 0.0000	</row2>
					<row3>	0.5837 0.3786 0.9930 1.0000	</row3>
				</transform>
			</node>
			<node>
				<identifier>	HP_AGM_6	</identifier>
				<transform>
					<row0>	0.9659 0.0000 0.2588 0.0000	</row0>
					<row1>	0.0000 1.0000 0.0000 0.0000	</row1>
					<row2>	-0.2588 0.0000 0.9659 0.0000	</row2>
					<row3>	-0.5456 0.2285 0.2693 1.0000	</row3>
				</transform>
			</node>
			<node>
				<identifier>	HP_AGM_7	</identifier>
				<transform>
					<row0>	0.9659 0.0000 -0.2588 0.0000	</row0>
					<row1>	0.0000 1.0000 0.0000 0.0000	</row1>
					<row2>	0.2588 0.0000 0.9659 0.0000	</row2>
					<row3>	0.5456 0.2285 0.2693 1.0000	</row3>
				</transform>
			</node>
			<node>
				<identifier>	HP_AGS_10	</identifier>
				<transform>
					<row0>	0.0000 0.0000 -1.0000 0.0000	</row0>
					<row1>	0.0000 1.0000 0.0000 0.0000	</row1>
					<row2>	1.0000 0.0000 0.0000 0.0000	</row2>
					<row3>	0.5391 0.3392 -0.0674 1.0000	</row3>
				</transform>
			</node>
			<node>
				<identifier>	HP_AGS_5	</identifier>
				<transform>
					<row0>	0.0000 0.0000 1.0000 0.0000	</row0>
					<row1>	0.0000 1.0000 0.0000 0.0000	</row1>
					<row2>	-1.0000 0.0000 0.0000 0.0000	</row2>
					<row3>	-0.4699 0.1868 2.0358 1.0000	</row3>
				</transform>
			</node>
			<node>
				<identifier>	HP_AGS_6	</identifier>
				<transform>
					<row0>	0.0000 0.0000 -1.0000 0.0000	</row0>
					<row1>	0.0000 1.0000 0.0000 0.0000	</row1>
					<row2>	1.0000 0.0000 0.0000 0.0000	</row2>
					<row3>	0.4699 0.1868 2.0358 1.0000	</row3>
				</transform>
			</node>
			<node>
				<identifier>	HP_AGS_7	</identifier>
				<transform>
					<row0>	0.0000 0.0000 1.0000 0.0000	</row0>
					<row1>	0.0000 1.0000 0.0000 0.0000	</row1>
					<row2>	-1.0000 0.0000 0.0000 0.0000	</row2>
					<row3>	-0.5391 0.3392 0.2918 1.0000	</row3>
				</transform>
			</node>
			<node>
				<identifier>	HP_AGS_8	</identifier>
				<transform>
					<row0>	0.0000 0.0000 -1.0000 0.0000	</row0>
					<row1>	0.0000 1.0000 0.0000 0.0000	</row1>
					<row2>	1.0000 0.0000 0.0000 0.0000	</row2>
					<row3>	0.5391 0.3392 0.2918 1.0000	</row3>
				</transform>
			</node>
			<node>
				<identifier>	HP_AGS_9	</identifier>
				<transform>
					<row0>	0.0000 0.0000 1.0000 0.0000	</row0>
					<row1>	0.0000 1.0000 0.0000 0.0000	</row1>
					<row2>	-1.0000 0.0000 0.0000 0.0000	</row2>
					<row3>	-0.5391 0.3392 -0.0674 1.0000	</row3>
				</transform>
			</node>
			<node>
				<identifier>	HP_FX_Fire_2	</identifier>
				<transform>
					<row0>	1.0000 0.0000 0.0000 0.0000	</row0>
					<row1>	0.0000 1.0000 0.0000 0.0000	</row1>
					<row2>	0.0000 0.0000 1.0000 0.0000	</row2>
					<row3>	0.0000 0.5054 1.6080 1.0000	</row3>
				</transform>
			</node>
			<node>
				<identifier>	HP_FX_Fire_2_side_1	</identifier>
				<transform>
					<row0>	1.0000 0.0000 0.0000 0.0000	</row0>
					<row1>	0.0000 1.0000 0.0000 0.0000	</row1>
					<row2>	0.0000 0.0000 1.0000 0.0000	</row2>
					<row3>	0.4038 0.6210 1.0643 1.0000	</row3>
				</transform>
			</node>
			<node>
				<identifier>	HP_FX_Fire_2_side_2	</identifier>
				<transform>
					<row0>	1.0000 0.0000 0.0000 0.0000	</row0>
					<row1>	0.0000 1.0000 0.0000 0.0000	</row1>
					<row2>	0.0000 0.0000 1.0000 0.0000	</row2>
					<row3>	-0.4145 0.5883 0.3491 1.0000	</row3>
				</transform>
			</node>
			<node>
				<identifier>	HP_FX_FloodLight_left_1	</identifier>
				<transform>
					<row0>	-0.7963 0.0000 0.6049 0.0000	</row0>
					<row1>	0.0000 1.0000 0.0000 0.0000	</row1>
					<row2>	-0.6049 0.0000 -0.7963 0.0000	</row2>
					<row3>	-0.3730 0.4780 1.9910 1.0000	</row3>
				</transform>
			</node>
			<node>
				<identifier>	HP_FX_FloodLight_right_2	</identifier>
				<transform>
					<row0>	0.8415 0.0000 0.5403 0.0000	</row0>
					<row1>	0.0000 1.0000 0.0000 0.0000	</row1>
					<row2>	-0.5403 0.0000 0.8415 0.0000	</row2>
					<row3>	0.3770 0.4880 1.9860 1.0000	</row3>
				</transform>
			</node>
			<node>
				<identifier>	HP_FX_Flood_steam_2	</identifier>
				<transform>
					<row0>	1.0000 0.0000 0.0000 0.0000	</row0>
					<row1>	0.0000 1.0000 0.0000 0.0000	</row1>
					<row2>	0.0000 0.0000 1.0000 0.0000	</row2>
					<row3>	0.0010 1.6040 1.1700 1.0000	</row3>
				</transform>
			</node>
			<node>
				<identifier>	HP_FX_Flood_steam_3	</identifier>
				<transform>
					<row0>	1.0000 0.0000 0.0000 0.0000	</row0>
					<row1>	0.0000 1.0000 0.0000 0.0000	</row1>
					<row2>	0.0000 0.0000 1.0000 0.0000	</row2>
					<row3>	-0.0270 1.5960 0.5220 1.0000	</row3>
				</transform>
			</node>
			<node>
				<identifier>	HP_FX_Flood_steam_4	</identifier>
				<transform>
					<row0>	1.0000 0.0000 0.0000 0.0000	</row0>
					<row1>	0.0000 1.0000 0.0000 0.0000	</row1>
					<row2>	0.0000 0.0000 1.0000 0.0000	</row2>
					<row3>	-0.0120 1.6160 -0.1250 1.0000	</row3>
				</transform>
			</node>
			<node>
				<identifier>	HP_FX_Flood_water_left_2	</identifier>
				<transform>
					<row0>	-0.9940 0.0000 0.1097 0.0000	</row0>
					<row1>	0.0000 1.0000 0.0000 0.0000	</row1>
					<row2>	-0.1097 0.0000 -0.9940 0.0000	</row2>
					<row3>	-0.5610 0.0626 1.8213 1.0000	</row3>
				</transform>
			</node>
			<node>
				<identifier>	HP_FX_Flood_water_right_2	</identifier>
				<transform>
					<row0>	0.9942 0.0000 0.1078 0.0000	</row0>
					<row1>	0.0000 1.0000 0.0000 0.0000	</row1>
					<row2>	-0.1078 0.0000 0.9942 0.0000	</row2>
					<row3>	0.5610 0.0620 1.8270 1.0000	</row3>
				</transform>
			</node>
			<node>
				<identifier>	HP_FX_Smoke_1	</identifier>
				<transform>
					<row0>	1.0000 0.0000 0.0000 0.0000	</row0>
					<row1>	0.0000 1.0000 0.0000 0.0000	</row1>
					<row2>	0.0000 0.0000 1.0000 0.0000	</row2>
					<row3>	0.0000 1.5717 1.2885 1.0000	</row3>
				</transform>
			</node>
			<node>
				<identifier>	HP_FX_Smoke_2	</identifier>
				<transform>
					<row0>	1.0000 0.0000 0.0000 0.0000	</row0>
					<row1>	0.0000 1.0000 0.0000 0.0000	</row1>
					<row2>	0.0000 0.0000 1.0000 0.0000	</row2>
					<row3>	0.0000 1.5738 0.6408 1.0000	</row3>
				</transform>
			</node>
			<node>
				<identifier>	HP_FX_Smoke_3	</identifier>
				<transform>
					<row0>	1.0000 0.0000 0.0000 0.0000	</row0>
					<row1>	0.0000 1.0000 0.0000 0.0000	</row1>
					<row2>	0.0000 0.0000 1.0000 0.0000	</row2>
					<row3>	0.0000 1.5749 0.0058 1.0000	</row3>
				</transform>
			</node>
			<node>
				<identifier>	HP_Flagpole	</identifier>
				<transform>
					<row0>	1.0000 0.0017 0.0000 0.0000	</row0>
					<row1>	-0.0017 1.0000 0.0088 0.0000	</row1>
					<row2>	0.0000 -0.0088 1.0000 0.0000	</row2>
					<row3>	0.0002 2.5714 1.9598 1.0000	</row3>
				</transform>
			</node>
			<node>
				<identifier>	HP_flag_1	</identifier>
				<transform>
					<row0>	0.9999 0.0140 0.0012 0.0000	</row0>
					<row1>	-0.0140 0.9862 0.1649 0.0000	</row1>
					<row2>	0.0012 -0.1649 0.9863 0.0000	</row2>
					<row3>	0.3293 2.2475 1.9760 1.0000	</row3>
				</transform>
			</node>
			<node>
				<identifier>	HP_flag_2	</identifier>
				<transform>
					<row0>	0.9999 -0.0140 -0.0012 0.0000	</row0>
					<row1>	0.0140 0.9862 0.1649 0.0000	</row1>
					<row2>	-0.0012 -0.1649 0.9863 0.0000	</row2>
					<row3>	-0.3282 2.2476 1.9760 1.0000	</row3>
				</transform>
			</node>
			<node>
				<identifier>	HP_flag_3	</identifier>
				<transform>
					<row0>	0.9886 0.1500 0.0124 0.0000	</row0>
					<row1>	-0.1500 0.9751 0.1631 0.0000	</row1>
					<row2>	0.0124 -0.1631 0.9865 0.0000	</row2>
					<row3>	0.1134 2.2323 1.9734 1.0000	</row3>
				</transform>
			</node>
			<node>
				<identifier>	HP_flag_4	</identifier>
				<transform>
					<row0>	0.9886 -0.1500 -0.0124 0.0000	</row0>
					<row1>	0.1500 0.9751 0.1631 0.0000	</row1>
					<row2>	-0.0124 -0.1631 0.9865 0.0000	</row2>
					<row3>	-0.1134 2.2323 1.9734 1.0000	</row3>
				</transform>
			</node>
			<node>
				<identifier>	MP_AM018_Compass_Binnacle	</identifier>
				<transform>
					<row0>	1.0000 0.0000 0.0000 0.0000	</row0>
					<row1>	0.0000 1.0000 0.0000 0.0000	</row1>
					<row2>	0.0000 0.0000 1.0000 0.0000	</row2>
					<row3>	-0.0041 0.8659 2.2566 1.0000	</row3>
				</transform>
			</node>
			<node>
				<identifier>	MP_AM047_Running_Lights_R	</identifier>
				<transform>
					<row0>	1.0000 0.0000 0.0000 0.0000	</row0>
					<row1>	0.0000 1.0000 0.0000 0.0000	</row1>
					<row2>	0.0000 0.0000 1.0000 0.0000	</row2>
					<row3>	0.6305 0.8667 1.7727 1.0000	</row3>
				</transform>
			</node>
			<node>
				<identifier>	MP_AM048_Running_Lights_L	</identifier>
				<transform>
					<row0>	1.0000 0.0000 0.0000 0.0000	</row0>
					<row1>	0.0000 1.0000 0.0000 0.0000	</row1>
					<row2>	0.0000 0.0000 1.0000 0.0000	</row2>
					<row3>	-0.6305 0.8667 1.7692 1.0000	</row3>
				</transform>
			</node>
			<node>
				<identifier>	MP_AM132_Flag_Box	</identifier>
				<transform>
					<row0>	0.7710 0.0000 0.0000 0.0000	</row0>
					<row1>	0.0000 0.7710 0.0000 0.0000	</row1>
					<row2>	0.0000 0.0000 0.7710 0.0000	</row2>
					<row3>	0.1225 0.8986 1.7142 1.0000	</row3>
				</transform>
			</node>
			<node>
				<identifier>	MP_AM132_Flag_Box_INDEX_1	</identifier>
				<transform>
					<row0>	0.7710 0.0000 0.0000 0.0000	</row0>
					<row1>	0.0000 0.7710 0.0000 0.0000	</row1>
					<row2>	0.0000 0.0000 0.7710 0.0000	</row2>
					<row3>	-0.1205 0.8986 1.7142 1.0000	</row3>
				</transform>
			</node>
			<node>
				<identifier>	MP_AM150_Telegraph_Engine	</identifier>
				<transform>
					<row0>	0.7277 0.0000 -0.6859 0.0000	</row0>
					<row1>	0.0000 1.0000 0.0000 0.0000	</row1>
					<row2>	0.6859 0.0000 0.7277 0.0000	</row2>
					<row3>	0.1150 0.8655 2.1483 1.0000	</row3>
				</transform>
			</node>
			<node>
				<identifier>	MP_AM150_Telegraph_Engine_INDEX_1	</identifier>
				<transform>
					<row0>	0.6176 0.0000 0.7865 0.0000	</row0>
					<row1>	0.0000 1.0000 0.0000 0.0000	</row1>
					<row2>	-0.7865 0.0000 0.6176 0.0000	</row2>
					<row3>	-0.1271 0.8661 2.1554 1.0000	</row3>
				</transform>
			</node>
			<node>
				<identifier>	MP_AM151_Gyro_Repeater	</identifier>
				<transform>
					<row0>	1.0000 0.0000 0.0000 0.0000	</row0>
					<row1>	0.0000 1.0000 0.0000 0.0000	</row1>
					<row2>	0.0000 0.0000 1.0000 0.0000	</row2>
					<row3>	0.0802 0.8662 2.2568 1.0000	</row3>
				</transform>
			</node>
			<node>
				<identifier>	MP_AM152_Log_Desk	</identifier>
				<transform>
					<row0>	0.0309 0.0000 0.9995 0.0000	</row0>
					<row1>	0.0000 1.0000 0.0000 0.0000	</row1>
					<row2>	-0.9995 0.0000 0.0309 0.0000	</row2>
					<row3>	-0.1841 0.7698 2.1966 1.0000	</row3>
				</transform>
			</node>
			<node>
				<identifier>	MP_AM152_Log_Desk_INDEX_1	</identifier>
				<transform>
					<row0>	0.1235 0.0000 -0.9923 0.0000	</row0>
					<row1>	0.0000 1.0000 0.0000 0.0000	</row1>
					<row2>	0.9923 0.0000 0.1235 0.0000	</row2>
					<row3>	0.1813 0.7698 2.1966 1.0000	</row3>
				</transform>
			</node>
			<node>
				<identifier>	MP_AM158_Turning_Indicator	</identifier>
				<transform>
					<row0>	0.9659 0.0000 0.2588 0.0000	</row0>
					<row1>	0.0000 1.0000 0.0000 0.0000	</row1>
					<row2>	-0.2588 0.0000 0.9659 0.0000	</row2>
					<row3>	-0.0871 0.8642 2.2567 1.0000	</row3>
				</transform>
			</node>
			<node>
				<identifier>	MP_AM218_Hatch	</identifier>
				<transform>
					<row0>	0.0000 0.0000 -1.0000 0.0000	</row0>
					<row1>	0.0000 1.0000 0.0000 0.0000	</row1>
					<row2>	1.0000 0.0000 0.0000 0.0000	</row2>
					<row3>	-0.1796 0.4955 1.0282 1.0000	</row3>
				</transform>
			</node>
			<node>
				<identifier>	MP_AM218_Hatch_INDEX_1	</identifier>
				<transform>
					<row0>	0.0000 0.0000 1.0000 0.0000	</row0>
					<row1>	0.0000 1.0000 0.0000 0.0000	</row1>
					<row2>	-1.0000 0.0000 0.0000 0.0000	</row2>
					<row3>	0.1796 0.4955 1.0290 1.0000	</row3>
				</transform>
			</node>
			<node>
				<identifier>	MP_AM225_Searchlight_900mm	</identifier>
				<transform>
					<row0>	1.0000 0.0000 0.0000 0.0000	</row0>
					<row1>	0.0000 1.0000 0.0000 0.0000	</row1>
					<row2>	0.0000 0.0000 1.0000 0.0000	</row2>
					<row3>	0.0000 1.5622 2.0463 1.0000	</row3>
				</transform>
			</node>
			<node>
				<identifier>	MP_AM225_Searchlight_900mm_INDEX_1	</identifier>
				<transform>
					<row0>	1.0000 0.0000 0.0000 0.0000	</row0>
					<row1>	0.0000 1.0000 0.0000 0.0000	</row1>
					<row2>	0.0000 0.0000 1.0000 0.0000	</row2>
					<row3>	0.0000 0.9727 2.1038 1.0000	</row3>
				</transform>
			</node>
			<node>
				<identifier>	MP_AM225_Searchlight_900mm_INDEX_2	</identifier>
				<transform>
					<row0>	1.0000 0.0000 0.0000 0.0000	</row0>
					<row1>	0.0000 1.0000 0.0000 0.0000	</row1>
					<row2>	0.0000 0.0000 1.0000 0.0000	</row2>
					<row3>	0.0000 0.9147 0.3198 1.0000	</row3>
				</transform>
			</node>
			<node>
				<identifier>	MP_AM230_Launch_40ft	</identifier>
				<transform>
					<row0>	0.9991 -0.0004 -0.0435 0.0000	</row0>
					<row1>	-0.0008 0.9997 -0.0263 0.0000	</row1>
					<row2>	0.0435 0.0263 0.9987 0.0000	</row2>
					<row3>	-0.3990 0.5908 1.2506 1.0000	</row3>
				</transform>
			</node>
			<node>
				<identifier>	MP_AM230_Launch_40ft_INDEX_1	</identifier>
				<transform>
					<row0>	0.9992 0.0003 0.0402 0.0000	</row0>
					<row1>	0.0008 0.9996 -0.0269 0.0000	</row1>
					<row2>	-0.0402 0.0269 0.9988 0.0000	</row2>
					<row3>	0.3988 0.5903 1.2506 1.0000	</row3>
				</transform>
			</node>
			<node>
				<identifier>	MP_AM238_Whaleboat_24ft	</identifier>
				<transform>
					<row0>	-1.0000 0.0000 0.0000 0.0000	</row0>
					<row1>	0.0000 1.0000 0.0000 0.0000	</row1>
					<row2>	0.0000 0.0000 -1.0000 0.0000	</row2>
					<row3>	0.4084 0.5751 0.3635 1.0000	</row3>
				</transform>
			</node>
			<node>
				<identifier>	MP_AM238_Whaleboat_24ft_INDEX_1	</identifier>
				<transform>
					<row0>	-1.0000 0.0000 0.0000 0.0000	</row0>
					<row1>	0.0000 1.0000 0.0000 0.0000	</row1>
					<row2>	0.0000 0.0000 -1.0000 0.0000	</row2>
					<row3>	-0.4087 0.5751 0.3635 1.0000	</row3>
				</transform>
			</node>
			<node>
				<identifier>	MP_AM261_Steam_Launch	</identifier>
				<transform>
					<row0>	1.0000 0.0000 0.0000 0.0000	</row0>
					<row1>	0.0000 0.9999 -0.0107 0.0000	</row1>
					<row2>	0.0000 0.0107 0.9999 0.0000	</row2>
					<row3>	0.4450 0.5941 -0.3000 1.0000	</row3>
				</transform>
			</node>
			<node>
				<identifier>	MP_AM261_Steam_Launch_INDEX_1	</identifier>
				<transform>
					<row0>	1.0000 0.0000 0.0000 0.0000	</row0>
					<row1>	0.0000 1.0000 -0.0050 0.0000	</row1>
					<row2>	0.0000 0.0050 1.0000 0.0000	</row2>
					<row3>	-0.4455 0.5935 -0.3164 1.0000	</row3>
				</transform>
			</node>
			<node>
				<identifier>	MP_AM266_Hatch	</identifier>
				<transform>
					<row0>	1.0000 0.0000 0.0000 0.0000	</row0>
					<row1>	0.0000 1.0000 0.0000 0.0000	</row1>
					<row2>	0.0000 0.0000 1.0000 0.0000	</row2>
					<row3>	-0.1906 0.4942 -0.0692 1.0000	</row3>
				</transform>
			</node>
			<node>
				<identifier>	MP_AM266_Hatch_INDEX_1	</identifier>
				<transform>
					<row0>	-1.0000 0.0000 0.0000 0.0000	</row0>
					<row1>	0.0000 1.0000 0.0000 0.0000	</row1>
					<row2>	0.0000 0.0000 -1.0000 0.0000	</row2>
					<row3>	0.1906 0.4942 0.5651 1.0000	</row3>
				</transform>
			</node>
			<node>
				<identifier>	MP_AM266_Hatch_INDEX_2	</identifier>
				<transform>
					<row0>	1.0000 0.0000 0.0000 0.0000	</row0>
					<row1>	0.0000 1.0000 0.0000 0.0000	</row1>
					<row2>	0.0000 0.0000 1.0000 0.0000	</row2>
					<row3>	-0.1905 0.4942 0.5651 1.0000	</row3>
				</transform>
			</node>
			<node>
				<identifier>	MP_AM266_Hatch_INDEX_3	</identifier>
				<transform>
					<row0>	-1.0000 0.0000 0.0000 0.0000	</row0>
					<row1>	0.0000 1.0000 0.0000 0.0000	</row1>
					<row2>	0.0000 0.0000 -1.0000 0.0000	</row2>
					<row3>	0.1906 0.4942 -0.0692 1.0000	</row3>
				</transform>
			</node>
			<node>
				<identifier>	MP_AM269_Fairlead	</identifier>
				<transform>
					<row0>	-0.9958 0.0030 -0.0918 0.0000	</row0>
					<row1>	0.0044 0.9999 -0.0146 0.0000	</row1>
					<row2>	0.0918 -0.0149 -0.9957 0.0000	</row2>
					<row3>	0.5145 0.3457 2.0360 1.0000	</row3>
				</transform>
			</node>
			<node>
				<identifier>	MP_AM269_Fairlead_INDEX_1	</identifier>
				<transform>
					<row0>	0.9958 0.0030 -0.0918 0.0000	</row0>
					<row1>	-0.0044 0.9999 -0.0146 0.0000	</row1>
					<row2>	0.0918 0.0149 0.9957 0.0000	</row2>
					<row3>	-0.5142 0.3455 2.0360 1.0000	</row3>
				</transform>
			</node>
			<node>
				<identifier>	MP_AM271_Crane_Beam	</identifier>
				<transform>
					<row0>	-0.9982 0.0000 -0.0599 0.0000	</row0>
					<row1>	0.0000 1.0000 0.0000 0.0000	</row1>
					<row2>	0.0599 0.0000 -0.9982 0.0000	</row2>
					<row3>	0.5614 0.3228 1.8363 1.0000	</row3>
				</transform>
			</node>
			<node>
				<identifier>	MP_AM271_Crane_Beam_INDEX_1	</identifier>
				<transform>
					<row0>	-0.9983 0.0000 0.0589 0.0000	</row0>
					<row1>	0.0000 1.0000 0.0000 0.0000	</row1>
					<row2>	-0.0589 0.0000 -0.9983 0.0000	</row2>
					<row3>	-0.5613 0.3232 1.8362 1.0000	</row3>
				</transform>
			</node>
			<node>
				<identifier>	MP_AM286_Ammunition_Box	</identifier>
				<transform>
					<row0>	1.0000 0.0000 0.0000 0.0000	</row0>
					<row1>	0.0000 0.9997 -0.0251 0.0000	</row1>
					<row2>	0.0000 0.0251 0.9997 0.0000	</row2>
					<row3>	0.2157 0.5131 1.8699 1.0000	</row3>
				</transform>
			</node>
			<node>
				<identifier>	MP_AM286_Ammunition_Box_INDEX_1	</identifier>
				<transform>
					<row0>	-1.0000 0.0000 0.0000 0.0000	</row0>
					<row1>	0.0000 1.0000 0.0000 0.0000	</row1>
					<row2>	0.0000 0.0000 -1.0000 0.0000	</row2>
					<row3>	0.0397 0.4948 0.9447 1.0000	</row3>
				</transform>
			</node>
			<node>
				<identifier>	MP_AM286_Ammunition_Box_INDEX_2	</identifier>
				<transform>
					<row0>	0.0000 0.0000 1.0000 0.0000	</row0>
					<row1>	0.0251 0.9997 0.0000 0.0000	</row1>
					<row2>	-0.9997 0.0251 0.0000 0.0000	</row2>
					<row3>	0.3486 0.7019 1.7704 1.0000	</row3>
				</transform>
			</node>
			<node>
				<identifier>	MP_AM286_Ammunition_Box_INDEX_3	</identifier>
				<transform>
					<row0>	-1.0000 0.0000 0.0000 0.0000	</row0>
					<row1>	0.0000 0.9999 -0.0109 0.0000	</row1>
					<row2>	0.0000 -0.0109 -0.9999 0.0000	</row2>
					<row3>	-0.2128 0.5128 1.8687 1.0000	</row3>
				</transform>
			</node>
			<node>
				<identifier>	MP_AM286_Ammunition_Box_INDEX_4	</identifier>
				<transform>
					<row0>	0.0000 0.0000 -1.0000 0.0000	</row0>
					<row1>	-0.0251 0.9997 0.0000 0.0000	</row1>
					<row2>	0.9997 0.0251 0.0000 0.0000	</row2>
					<row3>	-0.3556 0.7013 1.7711 1.0000	</row3>
				</transform>
			</node>
			<node>
				<identifier>	MP_AM286_Ammunition_Box_INDEX_5	</identifier>
				<transform>
					<row0>	1.0000 0.0000 0.0000 0.0000	</row0>
					<row1>	0.0000 1.0000 0.0000 0.0000	</row1>
					<row2>	0.0000 0.0000 1.0000 0.0000	</row2>
					<row3>	-0.0397 0.4951 0.9599 1.0000	</row3>
				</transform>
			</node>
			<node>
				<identifier>	MP_AM302_Semaphore	</identifier>
				<transform>
					<row0>	1.0000 0.0000 0.0000 0.0000	</row0>
					<row1>	0.0000 1.0000 0.0000 0.0000	</row1>
					<row2>	0.0000 0.0000 1.0000 0.0000	</row2>
					<row3>	0.4255 0.8667 1.7130 1.0000	</row3>
				</transform>
			</node>
			<node>
				<identifier>	MP_AM302_Semaphore_INDEX_1	</identifier>
				<transform>
					<row0>	-1.0000 0.0000 0.0000 0.0000	</row0>
					<row1>	0.0000 1.0000 0.0000 0.0000	</row1>
					<row2>	0.0000 0.0000 -1.0000 0.0000	</row2>
					<row3>	-0.4255 0.8667 1.7130 1.0000	</row3>
				</transform>
			</node>
			<node>
				<identifier>	MP_AM327_Ventilation	</identifier>
				<transform>
					<row0>	0.8500 0.0000 0.0000 0.0000	</row0>
					<row1>	0.0000 0.8500 0.0000 0.0000	</row1>
					<row2>	0.0000 0.0000 0.8500 0.0000	</row2>
					<row3>	0.1906 0.4613 0.6793 1.0000	</row3>
				</transform>
			</node>
			<node>
				<identifier>	MP_AM327_Ventilation_INDEX_1	</identifier>
				<transform>
					<row0>	0.8500 0.0000 0.0000 0.0000	</row0>
					<row1>	0.0000 0.8500 0.0000 0.0000	</row1>
					<row2>	0.0000 0.0000 0.8500 0.0000	</row2>
					<row3>	0.1906 0.4613 1.3261 1.0000	</row3>
				</transform>
			</node>
			<node>
				<identifier>	MP_AM327_Ventilation_INDEX_2	</identifier>
				<transform>
					<row0>	0.8500 0.0000 0.0000 0.0000	</row0>
					<row1>	0.0000 0.8500 0.0000 0.0000	</row1>
					<row2>	0.0000 0.0000 0.8500 0.0000	</row2>
					<row3>	-0.1906 0.4613 0.0417 1.0000	</row3>
				</transform>
			</node>
			<node>
				<identifier>	MP_AM327_Ventilation_INDEX_3	</identifier>
				<transform>
					<row0>	0.8500 0.0000 0.0000 0.0000	</row0>
					<row1>	0.0000 0.8500 0.0000 0.0000	</row1>
					<row2>	0.0000 0.0000 0.8500 0.0000	</row2>
					<row3>	-0.1906 0.4613 1.3262 1.0000	</row3>
				</transform>
			</node>
			<node>
				<identifier>	MP_AM327_Ventilation_INDEX_4	</identifier>
				<transform>
					<row0>	0.8504 0.0000 0.0000 0.0000	</row0>
					<row1>	0.0000 0.8504 0.0000 0.0000	</row1>
					<row2>	0.0000 0.0000 0.8504 0.0000	</row2>
					<row3>	-0.1906 0.4613 0.6793 1.0000	</row3>
				</transform>
			</node>
			<node>
				<identifier>	MP_AM327_Ventilation_INDEX_5	</identifier>
				<transform>
					<row0>	0.8500 0.0000 0.0000 0.0000	</row0>
					<row1>	0.0000 0.8500 0.0000 0.0000	</row1>
					<row2>	0.0000 0.0000 0.8500 0.0000	</row2>
					<row3>	0.1906 0.4613 0.0418 1.0000	</row3>
				</transform>
			</node>
			<node>
				<identifier>	MP_AM329_Ventilation	</identifier>
				<transform>
					<row0>	1.0000 0.0000 0.0000 0.0000	</row0>
					<row1>	0.0000 1.0000 0.0000 0.0000	</row1>
					<row2>	0.0000 0.0000 1.0000 0.0000	</row2>
					<row3>	-0.1553 0.4803 0.3437 1.0000	</row3>
				</transform>
			</node>
			<node>
				<identifier>	MP_AM329_Ventilation_INDEX_1	</identifier>
				<transform>
					<row0>	1.0000 0.0000 0.0000 0.0000	</row0>
					<row1>	0.0000 1.0000 0.0000 0.0000	</row1>
					<row2>	0.0000 0.0000 1.0000 0.0000	</row2>
					<row3>	0.1553 0.4803 0.3437 1.0000	</row3>
				</transform>
			</node>
			<node>
				<identifier>	MP_AM329_Ventilation_INDEX_2	</identifier>
				<transform>
					<row0>	0.5387 0.0000 0.0000 0.0000	</row0>
					<row1>	0.0000 0.5387 0.0000 0.0000	</row1>
					<row2>	0.0000 0.0000 0.5387 0.0000	</row2>
					<row3>	0.1914 0.4945 0.7650 1.0000	</row3>
				</transform>
			</node>
			<node>
				<identifier>	MP_AM329_Ventilation_INDEX_3	</identifier>
				<transform>
					<row0>	0.5387 0.0000 0.0000 0.0000	</row0>
					<row1>	0.0000 0.5387 0.0000 0.0000	</row1>
					<row2>	0.0000 0.0000 0.5387 0.0000	</row2>
					<row3>	-0.0040 0.4945 0.9593 1.0000	</row3>
				</transform>
			</node>
			<node>
				<identifier>	MP_AM329_Ventilation_INDEX_4	</identifier>
				<transform>
					<row0>	0.5387 0.0000 0.0000 0.0000	</row0>
					<row1>	0.0000 0.5387 0.0000 0.0000	</row1>
					<row2>	0.0000 0.0000 0.5387 0.0000	</row2>
					<row3>	0.1925 0.4945 0.1299 1.0000	</row3>
				</transform>
			</node>
			<node>
				<identifier>	MP_AM419_Boat_Winch	</identifier>
				<transform>
					<row0>	1.0000 0.0000 0.0000 0.0000	</row0>
					<row1>	0.0000 1.0000 0.0000 0.0000	</row1>
					<row2>	0.0000 0.0000 1.0000 0.0000	</row2>
					<row3>	0.2724 0.3481 2.3513 1.0000	</row3>
				</transform>
			</node>
			<node>
				<identifier>	MP_AM419_Boat_Winch_INDEX_1	</identifier>
				<transform>
					<row0>	1.0000 0.0000 0.0000 0.0000	</row0>
					<row1>	0.0000 1.0000 0.0000 0.0000	</row1>
					<row2>	0.0000 0.0000 1.0000 0.0000	</row2>
					<row3>	-0.2724 0.3481 2.3513 1.0000	</row3>
				</transform>
			</node>
			<node>
				<identifier>	MP_AM419_Boat_Winch_INDEX_2	</identifier>
				<transform>
					<row0>	1.0000 0.0000 0.0000 0.0000	</row0>
					<row1>	0.0000 1.0000 0.0000 0.0000	</row1>
					<row2>	0.0000 0.0000 1.0000 0.0000	</row2>
					<row3>	0.1804 0.4947 0.8889 1.0000	</row3>
				</transform>
			</node>
			<node>
				<identifier>	MP_AM419_Boat_Winch_INDEX_3	</identifier>
				<transform>
					<row0>	1.0000 0.0000 0.0000 0.0000	</row0>
					<row1>	0.0000 1.0000 0.0000 0.0000	</row1>
					<row2>	0.0000 0.0000 1.0000 0.0000	</row2>
					<row3>	-0.1804 0.4947 0.8889 1.0000	</row3>
				</transform>
			</node>
			<node>
				<identifier>	MP_AM493_3pdr_Mk5	</identifier>
				<transform>
					<row0>	0.0000 0.0000 1.0000 0.0000	</row0>
					<row1>	0.0000 1.0000 0.0000 0.0000	</row1>
					<row2>	-1.0000 0.0000 0.0000 0.0000	</row2>
					<row3>	-0.6128 0.4953 0.9047 1.0000	</row3>
				</transform>
			</node>
			<node>
				<identifier>	MP_AM493_3pdr_Mk5_INDEX_1	</identifier>
				<transform>
					<row0>	0.0000 0.0000 -1.0000 0.0000	</row0>
					<row1>	0.0000 1.0000 0.0000 0.0000	</row1>
					<row2>	1.0000 0.0000 0.0000 0.0000	</row2>
					<row3>	0.6128 0.4953 0.9047 1.0000	</row3>
				</transform>
			</node>
			<node>
				<identifier>	MP_AM498_Bollard	</identifier>
				<transform>
					<row0>	-1.8251 0.0138 -0.1458 0.0000	</row0>
					<row1>	0.0120 1.3207 -0.0249 0.0000	</row1>
					<row2>	0.1455 -0.0357 -1.8249 0.0000	</row2>
					<row3>	0.4442 0.3475 2.3135 1.0000	</row3>
				</transform>
			</node>
			<node>
				<identifier>	MP_AM498_Bollard_INDEX_1	</identifier>
				<transform>
					<row0>	1.8251 0.0138 -0.1458 0.0000	</row0>
					<row1>	-0.0120 1.3207 -0.0249 0.0000	</row1>
					<row2>	0.1455 0.0357 1.8249 0.0000	</row2>
					<row3>	-0.4442 0.3469 2.3135 1.0000	</row3>
				</transform>
			</node>
			<node>
				<identifier>	MP_AM509_Voice_Tube_2	</identifier>
				<transform>
					<row0>	1.0000 0.0000 0.0000 0.0000	</row0>
					<row1>	0.0000 1.0000 0.0000 0.0000	</row1>
					<row2>	0.0000 0.0000 1.0000 0.0000	</row2>
					<row3>	0.0481 0.8661 2.2245 1.0000	</row3>
				</transform>
			</node>
			<node>
				<identifier>	MP_AM510_Pelorus	</identifier>
				<transform>
					<row0>	1.0000 0.0000 0.0000 0.0000	</row0>
					<row1>	0.0000 1.0000 0.0000 0.0000	</row1>
					<row2>	0.0000 0.0000 1.0000 0.0000	</row2>
					<row3>	-0.5798 0.8659 1.8126 1.0000	</row3>
				</transform>
			</node>
			<node>
				<identifier>	MP_AM510_Pelorus_INDEX_1	</identifier>
				<transform>
					<row0>	-1.0000 0.0000 0.0000 0.0000	</row0>
					<row1>	0.0000 1.0000 0.0000 0.0000	</row1>
					<row2>	0.0000 0.0000 -1.0000 0.0000	</row2>
					<row3>	0.5868 0.8661 1.8126 1.0000	</row3>
				</transform>
			</node>
			<node>
				<identifier>	MP_AM549_Life_Buoy	</identifier>
				<transform>
					<row0>	1.2000 0.0000 0.0000 0.0000	</row0>
					<row1>	0.0000 1.2000 0.0000 0.0000	</row1>
					<row2>	0.0000 0.0000 1.2000 0.0000	</row2>
					<row3>	-0.6385 0.9145 1.8087 1.0000	</row3>
				</transform>
			</node>
			<node>
				<identifier>	MP_AM549_Life_Buoy_INDEX_1	</identifier>
				<transform>
					<row0>	1.2000 0.0000 0.0000 0.0000	</row0>
					<row1>	0.0000 1.2000 0.0000 0.0000	</row1>
					<row2>	0.0000 0.0000 1.2000 0.0000	</row2>
					<row3>	0.6305 0.9132 1.8087 1.0000	</row3>
				</transform>
			</node>
			<node>
				<identifier>	MP_AM580_Signal_Lamp	</identifier>
				<transform>
					<row0>	1.0000 0.0000 0.0000 0.0000	</row0>
					<row1>	0.0000 1.0000 0.0000 0.0000	</row1>
					<row2>	0.0000 0.0000 1.0000 0.0000	</row2>
					<row3>	0.0000 1.1607 2.1214 1.0000	</row3>
				</transform>
			</node>
			<node>
				<identifier>	MP_AM580_Signal_Lamp_INDEX_1	</identifier>
				<transform>
					<row0>	1.0000 0.0000 0.0000 0.0000	</row0>
					<row1>	0.0000 1.0000 0.0000 0.0000	</row1>
					<row2>	0.0000 0.0000 1.0000 0.0000	</row2>
					<row3>	-0.0001 1.3924 2.0951 1.0000	</row3>
				</transform>
			</node>
			<node>
				<identifier>	MP_AM580_Signal_Lamp_INDEX_2	</identifier>
				<transform>
					<row0>	0.4274 0.0000 -0.2596 0.0000	</row0>
					<row1>	0.0000 0.8000 0.0000 0.0000	</row1>
					<row2>	0.2596 0.0000 0.4274 0.0000	</row2>
					<row3>	0.0000 2.7525 1.9713 1.0000	</row3>
				</transform>
			</node>
			<node>
				<identifier>	MP_AM604_3pdr_Mk5	</identifier>
				<transform>
					<row0>	0.5706 0.0000 0.8212 0.0000	</row0>
					<row1>	0.0000 1.0000 0.0000 0.0000	</row1>
					<row2>	-0.8212 0.0000 0.5706 0.0000	</row2>
					<row3>	-0.3685 0.5641 1.9558 1.0000	</row3>
				</transform>
			</node>
			<node>
				<identifier>	MP_AM604_3pdr_Mk5_INDEX_1	</identifier>
				<transform>
					<row0>	0.5706 0.0000 -0.8212 0.0000	</row0>
					<row1>	0.0000 1.0000 0.0000 0.0000	</row1>
					<row2>	0.8212 0.0000 0.5706 0.0000	</row2>
					<row3>	0.3685 0.5641 1.9558 1.0000	</row3>
				</transform>
			</node>
			<node>
				<identifier>	MP_AM604_3pdr_Mk5_INDEX_2	</identifier>
				<transform>
					<row0>	0.5706 0.0000 -0.8212 0.0000	</row0>
					<row1>	0.0000 1.0000 0.0000 0.0000	</row1>
					<row2>	0.8212 0.0000 0.5706 0.0000	</row2>
					<row3>	0.2414 0.5647 2.1441 1.0000	</row3>
				</transform>
			</node>
			<node>
				<identifier>	MP_AM604_3pdr_Mk5_INDEX_3	</identifier>
				<transform>
					<row0>	0.5706 0.0000 0.8212 0.0000	</row0>
					<row1>	0.0000 1.0000 0.0000 0.0000	</row1>
					<row2>	-0.8212 0.0000 0.5706 0.0000	</row2>
					<row3>	-0.2414 0.5647 2.1441 1.0000	</row3>
				</transform>
			</node>
			<node>
				<identifier>	MP_CM011_Fire_Fighting_Gear	</identifier>
				<transform>
					<row0>	1.0000 0.0000 0.0000 0.0000	</row0>
					<row1>	0.0000 1.0000 0.0000 0.0000	</row1>
					<row2>	0.0000 0.0000 1.0000 0.0000	</row2>
					<row3>	-0.2790 0.3543 2.1723 1.0000	</row3>
				</transform>
			</node>
			<node>
				<identifier>	MP_CM011_Fire_Fighting_Gear_INDEX_1	</identifier>
				<transform>
					<row0>	1.0000 0.0000 0.0000 0.0000	</row0>
					<row1>	0.0000 1.0000 0.0000 0.0000	</row1>
					<row2>	0.0000 0.0000 1.0000 0.0000	</row2>
					<row3>	-0.0273 0.5184 1.7792 1.0000	</row3>
				</transform>
			</node>
			<node>
				<identifier>	MP_CM011_Fire_Fighting_Gear_INDEX_2	</identifier>
				<transform>
					<row0>	1.0000 0.0000 0.0000 0.0000	</row0>
					<row1>	0.0000 1.0000 0.0000 0.0000	</row1>
					<row2>	0.0000 0.0000 1.0000 0.0000	</row2>
					<row3>	-0.1558 0.5264 2.1270 1.0000	</row3>
				</transform>
			</node>
			<node>
				<identifier>	MP_CM011_Fire_Fighting_Gear_INDEX_3	</identifier>
				<transform>
					<row0>	1.0000 0.0000 0.0000 0.0000	</row0>
					<row1>	0.0000 1.0000 0.0000 0.0000	</row1>
					<row2>	0.0000 0.0000 1.0000 0.0000	</row2>
					<row3>	0.2798 0.3546 2.1723 1.0000	</row3>
				</transform>
			</node>
			<node>
				<identifier>	MP_CM011_Fire_Fighting_Gear_INDEX_4	</identifier>
				<transform>
					<row0>	1.0000 0.0000 0.0000 0.0000	</row0>
					<row1>	0.0000 1.0000 0.0000 0.0000	</row1>
					<row2>	0.0000 0.0000 1.0000 0.0000	</row2>
					<row3>	0.1472 0.5264 2.1270 1.0000	</row3>
				</transform>
			</node>
			<node>
				<identifier>	MP_CM012_Fire_Hose_Rack_1	</identifier>
				<transform>
					<row0>	0.3354 0.0000 -0.9421 0.0000	</row0>
					<row1>	0.0000 1.0000 0.0000 0.0000	</row1>
					<row2>	0.9421 0.0000 0.3354 0.0000	</row2>
					<row3>	-0.1504 0.5985 2.0915 1.0000	</row3>
				</transform>
			</node>
			<node>
				<identifier>	MP_CM012_Fire_Hose_Rack_1_INDEX_1	</identifier>
				<transform>
					<row0>	0.0000 0.0000 1.0000 0.0000	</row0>
					<row1>	0.0000 1.0000 0.0000 0.0000	</row1>
					<row2>	-1.0000 0.0000 0.0000 0.0000	</row2>
					<row3>	-0.0486 0.5992 1.8020 1.0000	</row3>
				</transform>
			</node>
			<node>
				<identifier>	MP_CM012_Fire_Hose_Rack_1_INDEX_2	</identifier>
				<transform>
					<row0>	0.7470 0.0000 -0.6649 0.0000	</row0>
					<row1>	0.0000 1.0000 0.0000 0.0000	</row1>
					<row2>	0.6649 0.0000 0.7470 0.0000	</row2>
					<row3>	-0.2234 0.4337 2.1958 1.0000	</row3>
				</transform>
			</node>
			<node>
				<identifier>	MP_CM012_Fire_Hose_Rack_1_INDEX_3	</identifier>
				<transform>
					<row0>	-0.8242 0.0000 -0.5663 0.0000	</row0>
					<row1>	0.0000 1.0000 0.0000 0.0000	</row1>
					<row2>	0.5663 0.0000 -0.8242 0.0000	</row2>
					<row3>	0.2273 0.4337 2.1905 1.0000	</row3>
				</transform>
			</node>
			<node>
				<identifier>	MP_CM012_Fire_Hose_Rack_1_INDEX_4	</identifier>
				<transform>
					<row0>	-0.3060 0.0000 -0.9520 0.0000	</row0>
					<row1>	0.0000 1.0000 0.0000 0.0000	</row1>
					<row2>	0.9520 0.0000 -0.3060 0.0000	</row2>
					<row3>	0.1459 0.5985 2.0915 1.0000	</row3>
				</transform>
			</node>
			<node>
				<identifier>	MP_CM019_Wood_Box_2	</identifier>
				<transform>
					<row0>	1.7925 0.0000 0.0000 0.0000	</row0>
					<row1>	0.0000 1.7925 0.0000 0.0000	</row1>
					<row2>	0.0000 0.0000 1.7925 0.0000	</row2>
					<row3>	0.0946 0.5038 0.3350 1.0000	</row3>
				</transform>
			</node>
			<node>
				<identifier>	MP_CM019_Wood_Box_2_INDEX_1	</identifier>
				<transform>
					<row0>	1.7314 0.0000 -0.4639 0.0000	</row0>
					<row1>	0.0000 1.7925 0.0000 0.0000	</row1>
					<row2>	0.4639 0.0000 1.7314 0.0000	</row2>
					<row3>	-0.1089 0.5038 0.2991 1.0000	</row3>
				</transform>
			</node>
			<node>
				<identifier>	MP_CM019_Wood_Box_2_INDEX_2	</identifier>
				<transform>
					<row0>	1.7314 0.0000 0.4639 0.0000	</row0>
					<row1>	0.0000 1.7925 0.0000 0.0000	</row1>
					<row2>	-0.4639 0.0000 1.7314 0.0000	</row2>
					<row3>	-0.0072 0.5038 0.3431 1.0000	</row3>
				</transform>
			</node>
			<node>
				<identifier>	MP_CM030_Swab_Rack_2	</identifier>
				<transform>
					<row0>	-1.0000 0.0000 0.0000 0.0000	</row0>
					<row1>	0.0000 1.0000 0.0000 0.0000	</row1>
					<row2>	0.0000 0.0000 -1.0000 0.0000	</row2>
					<row3>	0.0523 0.5113 1.8029 1.0000	</row3>
				</transform>
			</node>
			<node>
				<identifier>	MP_CM031_Bullet_shell	</identifier>
				<transform>
					<row0>	0.0418 -0.6644 -0.0724 0.0000	</row0>
					<row1>	0.4188 0.0000 0.2418 0.0000	</row1>
					<row2>	-0.3322 -0.0837 0.5754 0.0000	</row2>
					<row3>	-0.1105 0.3554 2.3575 1.0000	</row3>
				</transform>
			</node>
			<node>
				<identifier>	MP_CM031_Bullet_shell_INDEX_1	</identifier>
				<transform>
					<row0>	0.0727 -0.5928 0.3030 0.0000	</row0>
					<row1>	0.4671 -0.0067 -0.1252 0.0000	</row1>
					<row2>	0.1576 0.3114 0.5716 0.0000	</row2>
					<row3>	0.1188 0.3554 2.3575 1.0000	</row3>
				</transform>
			</node>
			<node>
				<identifier>	MP_CM040_Steering_Wheel	</identifier>
				<transform>
					<row0>	1.0000 0.0000 0.0000 0.0000	</row0>
					<row1>	0.0000 1.0000 0.0000 0.0000	</row1>
					<row2>	0.0000 0.0000 1.0000 0.0000	</row2>
					<row3>	0.0000 0.8659 2.2193 1.0000	</row3>
				</transform>
			</node>
			<node>
				<identifier>	MP_CM056_Ships_bell	</identifier>
				<transform>
					<row0>	1.5307 0.0000 0.0000 0.0000	</row0>
					<row1>	0.0000 1.5307 0.0000 0.0000	</row1>
					<row2>	0.0000 0.0000 1.5307 0.0000	</row2>
					<row3>	-0.0003 0.5463 2.3857 1.0000	</row3>
				</transform>
			</node>
		</node>
	</node>
	<boundingBox>
		<min>	-0.0667 -0.0667 -0.0667	</min>
		<max>	0.0667 0.0667 0.0667	</max>
	</boundingBox>
</ASC055_Milwaukee_1917_MidFront_ports.visual>
