<JSA032_Ryujo_1944_Bow_ports.visual>
	<node>
		<identifier>	Scene Root	</identifier>
		<transform>
			<row0>	1.0000 0.0000 0.0000 0.0000	</row0>
			<row1>	0.0000 1.0000 0.0000 0.0000	</row1>
			<row2>	0.0000 0.0000 1.0000 0.0000	</row2>
			<row3>	0.0000 0.0000 0.0000 1.0000	</row3>
		</transform>
		<node>
			<identifier>	Bow_ports	</identifier>
			<transform>
				<row0>	1.0000 0.0000 0.0000 0.0000	</row0>
				<row1>	0.0000 1.0000 0.0000 0.0000	</row1>
				<row2>	0.0000 0.0000 1.0000 0.0000	</row2>
				<row3>	0.0000 0.0000 0.0000 1.0000	</row3>
			</transform>
			<node>
				<identifier>	HP_FX_Fire_1	</identifier>
				<transform>
					<row0>	1.0000 0.0000 0.0000 0.0000	</row0>
					<row1>	0.0000 1.0000 0.0000 0.0000	</row1>
					<row2>	0.0000 0.0000 1.0000 0.0000	</row2>
					<row3>	0.0000 0.5570 5.7760 1.0000	</row3>
				</transform>
			</node>
			<node>
				<identifier>	HP_FX_WakeTrace	</identifier>
				<transform>
					<row0>	1.0000 0.0000 0.0000 0.0000	</row0>
					<row1>	0.0000 1.0000 0.0000 0.0000	</row1>
					<row2>	0.0000 0.0000 1.0000 0.0000	</row2>
					<row3>	0.0000 0.0000 5.8033 1.0000	</row3>
				</transform>
			</node>
			<node>
				<identifier>	HP_JGA_1	</identifier>
				<transform>
					<row0>	1.0000 0.0000 0.0000 0.0000	</row0>
					<row1>	0.0000 1.0000 0.0000 0.0000	</row1>
					<row2>	0.0000 0.0000 1.0000 0.0000	</row2>
					<row3>	0.0000 0.6665 5.6322 1.0000	</row3>
				</transform>
			</node>
			<node>
				<identifier>	HP_JGA_2	</identifier>
				<transform>
					<row0>	1.0000 0.0000 0.0000 0.0000	</row0>
					<row1>	0.0000 1.0000 0.0000 0.0000	</row1>
					<row2>	0.0000 0.0000 1.0000 0.0000	</row2>
					<row3>	0.0000 0.6665 5.1103 1.0000	</row3>
				</transform>
			</node>
			<node>
				<identifier>	HP_LiftOffPoint	</identifier>
				<transform>
					<row0>	1.0000 0.0000 0.0000 0.0000	</row0>
					<row1>	0.0000 1.0000 0.0000 0.0000	</row1>
					<row2>	0.0000 0.0000 1.0000 0.0000	</row2>
					<row3>	0.0042 1.1050 5.8024 1.0000	</row3>
				</transform>
			</node>
			<node>
				<identifier>	HP_Ship_death_1	</identifier>
				<transform>
					<row0>	1.0000 0.0000 0.0000 0.0000	</row0>
					<row1>	0.0000 1.0000 0.0000 0.0000	</row1>
					<row2>	0.0000 0.0000 1.0000 0.0000	</row2>
					<row3>	0.0000 0.0000 4.9012 1.0000	</row3>
				</transform>
			</node>
			<node>
				<identifier>	MP_CM005_Anchor_1	</identifier>
				<transform>
					<row0>	0.8396 -1.2451 -0.5442 0.0000	</row0>
					<row1>	0.1830 0.7374 -1.4051 0.0000	</row1>
					<row2>	1.3465 0.6762 0.5303 0.0000	</row2>
					<row3>	-0.2411 0.5328 5.4445 1.0000	</row3>
				</transform>
			</node>
			<node>
				<identifier>	MP_CM005_Anchor_1_INDEX_1	</identifier>
				<transform>
					<row0>	0.8396 1.2451 0.5442 0.0000	</row0>
					<row1>	-0.1830 0.7374 -1.4051 0.0000	</row1>
					<row2>	-1.3465 0.6762 0.5303 0.0000	</row2>
					<row3>	0.2411 0.5328 5.4445 1.0000	</row3>
				</transform>
			</node>
			<node>
				<identifier>	MP_JM018_Ventilators_2	</identifier>
				<transform>
					<row0>	1.0000 0.0000 0.0000 0.0000	</row0>
					<row1>	0.0000 0.9989 -0.0476 0.0000	</row1>
					<row2>	0.0000 0.0476 0.9989 0.0000	</row2>
					<row3>	0.1235 0.5533 5.7945 1.0000	</row3>
				</transform>
			</node>
			<node>
				<identifier>	MP_JM027_Fairlead_2	</identifier>
				<transform>
					<row0>	0.7882 0.0000 -0.1180 0.0000	</row0>
					<row1>	0.0000 0.7970 0.0000 0.0000	</row1>
					<row2>	0.1180 0.0000 0.7882 0.0000	</row2>
					<row3>	-0.4161 0.5377 4.8317 1.0000	</row3>
				</transform>
			</node>
			<node>
				<identifier>	MP_JM027_Fairlead_2_INDEX_1	</identifier>
				<transform>
					<row0>	0.7882 0.0000 0.1180 0.0000	</row0>
					<row1>	0.0000 0.7970 0.0000 0.0000	</row1>
					<row2>	-0.1180 0.0000 0.7882 0.0000	</row2>
					<row3>	0.4161 0.5377 4.8317 1.0000	</row3>
				</transform>
			</node>
			<node>
				<identifier>	MP_JM029_Leadsman_Platform	</identifier>
				<transform>
					<row0>	-0.6749 0.0240 0.2255 0.0000	</row0>
					<row1>	0.0041 0.7092 -0.0632 0.0000	</row1>
					<row2>	-0.2267 -0.0586 -0.6724 0.0000	</row2>
					<row3>	-0.2673 0.5509 5.7115 1.0000	</row3>
				</transform>
			</node>
			<node>
				<identifier>	MP_JM029_Leadsman_Platform_INDEX_1	</identifier>
				<transform>
					<row0>	0.6785 0.0213 0.2135 0.0000	</row0>
					<row1>	-0.0043 0.7094 -0.0569 0.0000	</row1>
					<row2>	-0.2145 0.0529 0.6765 0.0000	</row2>
					<row3>	0.2672 0.5509 5.7115 1.0000	</row3>
				</transform>
			</node>
			<node>
				<identifier>	MP_JM033_Roller_Fairled	</identifier>
				<transform>
					<row0>	0.1826 -0.0316 -0.9827 0.0000	</row0>
					<row1>	0.0058 0.9995 -0.0310 0.0000	</row1>
					<row2>	0.9832 0.0000 0.1827 0.0000	</row2>
					<row3>	0.3437 0.5415 5.3789 1.0000	</row3>
				</transform>
			</node>
			<node>
				<identifier>	MP_JM058_Deck_Hatch_7	</identifier>
				<transform>
					<row0>	-0.9178 0.0000 0.3971 0.0000	</row0>
					<row1>	0.0000 1.0000 0.0000 0.0000	</row1>
					<row2>	-0.3971 0.0000 -0.9178 0.0000	</row2>
					<row3>	-0.0474 0.6679 4.9990 1.0000	</row3>
				</transform>
			</node>
			<node>
				<identifier>	MP_JM058_Deck_Hatch_7_INDEX_1	</identifier>
				<transform>
					<row0>	-0.9178 0.0000 -0.3971 0.0000	</row0>
					<row1>	0.0000 1.0000 0.0000 0.0000	</row1>
					<row2>	0.3971 0.0000 -0.9178 0.0000	</row2>
					<row3>	0.0474 0.6679 4.9990 1.0000	</row3>
				</transform>
			</node>
			<node>
				<identifier>	MP_JM058_Deck_Hatch_7_INDEX_2	</identifier>
				<transform>
					<row0>	-0.9178 0.0000 0.3971 0.0000	</row0>
					<row1>	0.0000 1.0000 0.0000 0.0000	</row1>
					<row2>	-0.3971 0.0000 -0.9178 0.0000	</row2>
					<row3>	-0.0474 0.6679 5.5213 1.0000	</row3>
				</transform>
			</node>
			<node>
				<identifier>	MP_JM058_Deck_Hatch_7_INDEX_3	</identifier>
				<transform>
					<row0>	-0.9178 0.0000 -0.3971 0.0000	</row0>
					<row1>	0.0000 1.0000 0.0000 0.0000	</row1>
					<row2>	0.3971 0.0000 -0.9178 0.0000	</row2>
					<row3>	0.0474 0.6679 5.5213 1.0000	</row3>
				</transform>
			</node>
			<node>
				<identifier>	MP_JM064_Bollards_2	</identifier>
				<transform>
					<row0>	0.0000 0.0331 0.9995 0.0000	</row0>
					<row1>	0.0000 0.9995 -0.0331 0.0000	</row1>
					<row2>	-1.0000 0.0000 0.0000 0.0000	</row2>
					<row3>	0.0000 0.5380 5.3677 1.0000	</row3>
				</transform>
			</node>
			<node>
				<identifier>	MP_JM064_Bollards_2_INDEX_1	</identifier>
				<transform>
					<row0>	0.1717 0.0261 0.9848 0.0000	</row0>
					<row1>	-0.0029 0.9997 -0.0260 0.0000	</row1>
					<row2>	-0.9852 0.0016 0.1717 0.0000	</row2>
					<row3>	-0.3622 0.5328 5.0568 1.0000	</row3>
				</transform>
			</node>
			<node>
				<identifier>	MP_JM064_Bollards_2_INDEX_2	</identifier>
				<transform>
					<row0>	-0.1660 0.0261 0.9858 0.0000	</row0>
					<row1>	0.0060 0.9997 -0.0255 0.0000	</row1>
					<row2>	-0.9861 0.0016 -0.1661 0.0000	</row2>
					<row3>	0.3622 0.5328 5.0568 1.0000	</row3>
				</transform>
			</node>
			<node>
				<identifier>	MP_JM079_Roller_Fairled	</identifier>
				<transform>
					<row0>	-0.1918 -0.0317 -0.9809 0.0000	</row0>
					<row1>	0.0000 0.9995 -0.0323 0.0000	</row1>
					<row2>	0.9814 -0.0062 -0.1917 0.0000	</row2>
					<row3>	-0.3436 0.5415 5.3789 1.0000	</row3>
				</transform>
			</node>
			<node>
				<identifier>	MP_JM119_Gun_Deck_3	</identifier>
				<transform>
					<row0>	1.0000 0.0000 0.0000 0.0000	</row0>
					<row1>	0.0000 1.0000 0.0000 0.0000	</row1>
					<row2>	0.0000 0.0000 1.0000 0.0000	</row2>
					<row3>	0.0000 0.6627 5.6322 1.0000	</row3>
				</transform>
			</node>
			<node>
				<identifier>	MP_JM119_Gun_Deck_3_INDEX_1	</identifier>
				<transform>
					<row0>	1.0000 0.0000 0.0000 0.0000	</row0>
					<row1>	0.0000 1.0000 0.0000 0.0000	</row1>
					<row2>	0.0000 0.0000 1.0000 0.0000	</row2>
					<row3>	0.0000 0.6627 5.1102 1.0000	</row3>
				</transform>
			</node>
			<node>
				<identifier>	MP_JM125_Signal_Lamp_3	</identifier>
				<transform>
					<row0>	1.0000 0.0000 0.0000 0.0000	</row0>
					<row1>	0.0000 1.0000 0.0000 0.0000	</row1>
					<row2>	0.0000 0.0000 1.0000 0.0000	</row2>
					<row3>	0.0000 1.0382 6.0411 1.0000	</row3>
				</transform>
			</node>
			<node>
				<identifier>	MP_JM310_Chrysanthemum_full	</identifier>
				<transform>
					<row0>	1.0000 0.0000 0.0000 0.0000	</row0>
					<row1>	0.0000 1.0000 0.0000 0.0000	</row1>
					<row2>	0.0000 0.0000 1.0000 0.0000	</row2>
					<row3>	0.0000 0.6065 6.1095 1.0000	</row3>
				</transform>
			</node>
		</node>
	</node>
	<boundingBox>
		<min>	-0.0667 -0.0667 -0.0667	</min>
		<max>	0.0667 0.0667 0.0667	</max>
	</boundingBox>
</JSA032_Ryujo_1944_Bow_ports.visual>
