<BSB044_Renown_1945_MidBack_ports.visual>
	<node>
		<identifier>	Scene Root	</identifier>
		<transform>
			<row0>	1.0000 0.0000 0.0000 0.0000	</row0>
			<row1>	0.0000 1.0000 0.0000 0.0000	</row1>
			<row2>	0.0000 0.0000 1.0000 0.0000	</row2>
			<row3>	0.0000 0.0000 0.0000 1.0000	</row3>
		</transform>
		<node>
			<identifier>	MidBack_ports	</identifier>
			<transform>
				<row0>	1.0000 0.0000 0.0000 0.0000	</row0>
				<row1>	0.0000 1.0000 0.0000 0.0000	</row1>
				<row2>	0.0000 0.0000 1.0000 0.0000	</row2>
				<row3>	0.0000 0.0000 0.0000 1.0000	</row3>
			</transform>
			<node>
				<identifier>	HP_BD_10	</identifier>
				<transform>
					<row0>	-1.0000 0.0000 0.0000 0.0000	</row0>
					<row1>	0.0000 1.0000 0.0000 0.0000	</row1>
					<row2>	0.0000 0.0000 -1.0000 0.0000	</row2>
					<row3>	0.0000 0.9428 -2.8745 1.0000	</row3>
				</transform>
			</node>
			<node>
				<identifier>	HP_BD_11	</identifier>
				<transform>
					<row0>	-1.0000 0.0000 0.0000 0.0000	</row0>
					<row1>	0.0000 1.0000 0.0000 0.0000	</row1>
					<row2>	0.0000 0.0000 -1.0000 0.0000	</row2>
					<row3>	0.0000 0.7670 -3.7616 1.0000	</row3>
				</transform>
			</node>
			<node>
				<identifier>	HP_BD_8	</identifier>
				<transform>
					<row0>	-1.0000 0.0000 0.0000 0.0000	</row0>
					<row1>	0.0000 1.0000 0.0000 0.0000	</row1>
					<row2>	0.0000 0.0000 -1.0000 0.0000	</row2>
					<row3>	-0.2117 0.8781 -2.4252 1.0000	</row3>
				</transform>
			</node>
			<node>
				<identifier>	HP_BD_9	</identifier>
				<transform>
					<row0>	-1.0000 0.0000 0.0000 0.0000	</row0>
					<row1>	0.0000 1.0000 0.0000 0.0000	</row1>
					<row2>	0.0000 0.0000 -1.0000 0.0000	</row2>
					<row3>	0.2117 0.8781 -2.4252 1.0000	</row3>
				</transform>
			</node>
			<node>
				<identifier>	HP_BGA_41	</identifier>
				<transform>
					<row0>	0.0000 0.0000 1.0000 0.0000	</row0>
					<row1>	0.0000 1.0000 0.0000 0.0000	</row1>
					<row2>	-1.0000 0.0000 0.0000 0.0000	</row2>
					<row3>	-0.2228 0.6957 -2.8692 1.0000	</row3>
				</transform>
			</node>
			<node>
				<identifier>	HP_BGA_42	</identifier>
				<transform>
					<row0>	0.0000 0.0000 -1.0000 0.0000	</row0>
					<row1>	0.0000 1.0000 0.0000 0.0000	</row1>
					<row2>	1.0000 0.0000 0.0000 0.0000	</row2>
					<row3>	0.2224 0.6957 -2.8692 1.0000	</row3>
				</transform>
			</node>
			<node>
				<identifier>	HP_BGA_43	</identifier>
				<transform>
					<row0>	-0.7071 0.0000 0.7071 0.0000	</row0>
					<row1>	0.0000 1.0000 0.0000 0.0000	</row1>
					<row2>	-0.7071 0.0000 -0.7071 0.0000	</row2>
					<row3>	-0.2407 0.6943 -3.4250 1.0000	</row3>
				</transform>
			</node>
			<node>
				<identifier>	HP_BGA_44	</identifier>
				<transform>
					<row0>	-0.7071 0.0000 -0.7071 0.0000	</row0>
					<row1>	0.0000 1.0000 0.0000 0.0000	</row1>
					<row2>	0.7071 0.0000 -0.7071 0.0000	</row2>
					<row3>	0.2407 0.6943 -3.4250 1.0000	</row3>
				</transform>
			</node>
			<node>
				<identifier>	HP_BGA_45	</identifier>
				<transform>
					<row0>	0.0000 0.0000 1.0000 0.0000	</row0>
					<row1>	0.0000 1.0000 0.0000 0.0000	</row1>
					<row2>	-1.0000 0.0000 0.0000 0.0000	</row2>
					<row3>	-0.0934 0.8698 -3.4339 1.0000	</row3>
				</transform>
			</node>
			<node>
				<identifier>	HP_BGA_46	</identifier>
				<transform>
					<row0>	0.0000 0.0000 -1.0000 0.0000	</row0>
					<row1>	0.0000 1.0000 0.0000 0.0000	</row1>
					<row2>	1.0000 0.0000 0.0000 0.0000	</row2>
					<row3>	0.0934 0.8698 -3.4339 1.0000	</row3>
				</transform>
			</node>
			<node>
				<identifier>	HP_BGA_47	</identifier>
				<transform>
					<row0>	-0.7071 0.0000 0.7071 0.0000	</row0>
					<row1>	0.0000 1.0000 0.0000 0.0000	</row1>
					<row2>	-0.7071 0.0000 -0.7071 0.0000	</row2>
					<row3>	-0.2158 0.6222 -3.6411 1.0000	</row3>
				</transform>
			</node>
			<node>
				<identifier>	HP_BGA_48	</identifier>
				<transform>
					<row0>	-0.7071 0.0000 -0.7071 0.0000	</row0>
					<row1>	0.0000 1.0000 0.0000 0.0000	</row1>
					<row2>	0.7071 0.0000 -0.7071 0.0000	</row2>
					<row3>	0.2158 0.6222 -3.6411 1.0000	</row3>
				</transform>
			</node>
			<node>
				<identifier>	HP_BGA_49	</identifier>
				<transform>
					<row0>	-0.7071 0.0000 0.7071 0.0000	</row0>
					<row1>	0.0000 1.0000 0.0000 0.0000	</row1>
					<row2>	-0.7071 0.0000 -0.7071 0.0000	</row2>
					<row3>	-0.2875 0.5283 -3.8979 1.0000	</row3>
				</transform>
			</node>
			<node>
				<identifier>	HP_BGA_50	</identifier>
				<transform>
					<row0>	-1.0000 0.0000 0.0000 0.0000	</row0>
					<row1>	0.0000 1.0000 0.0000 0.0000	</row1>
					<row2>	0.0000 0.0000 -1.0000 0.0000	</row2>
					<row3>	0.0000 0.6978 -3.9678 1.0000	</row3>
				</transform>
			</node>
			<node>
				<identifier>	HP_BGA_51	</identifier>
				<transform>
					<row0>	-1.0000 0.0000 0.0000 0.0000	</row0>
					<row1>	0.0000 1.0000 0.0000 0.0000	</row1>
					<row2>	0.0000 0.0000 -1.0000 0.0000	</row2>
					<row3>	0.0000 0.5309 -4.2863 1.0000	</row3>
				</transform>
			</node>
			<node>
				<identifier>	HP_BGS_1	</identifier>
				<transform>
					<row0>	-1.0000 0.0000 0.0000 0.0000	</row0>
					<row1>	0.0000 1.0000 0.0000 0.0000	</row1>
					<row2>	0.0000 0.0000 -1.0000 0.0000	</row2>
					<row3>	-0.6425 0.5303 -2.6018 1.0000	</row3>
				</transform>
			</node>
			<node>
				<identifier>	HP_BGS_2	</identifier>
				<transform>
					<row0>	-1.0000 0.0000 0.0000 0.0000	</row0>
					<row1>	0.0000 1.0000 0.0000 0.0000	</row1>
					<row2>	0.0000 0.0000 -1.0000 0.0000	</row2>
					<row3>	0.6425 0.5303 -2.6018 1.0000	</row3>
				</transform>
			</node>
			<node>
				<identifier>	HP_BGS_3	</identifier>
				<transform>
					<row0>	-1.0000 0.0000 0.0000 0.0000	</row0>
					<row1>	0.0000 1.0000 0.0000 0.0000	</row1>
					<row2>	0.0000 0.0000 -1.0000 0.0000	</row2>
					<row3>	-0.6425 0.5303 -3.0528 1.0000	</row3>
				</transform>
			</node>
			<node>
				<identifier>	HP_BGS_4	</identifier>
				<transform>
					<row0>	-1.0000 0.0000 0.0000 0.0000	</row0>
					<row1>	0.0000 1.0000 0.0000 0.0000	</row1>
					<row2>	0.0000 0.0000 -1.0000 0.0000	</row2>
					<row3>	0.6425 0.5303 -3.0528 1.0000	</row3>
				</transform>
			</node>
			<node>
				<identifier>	HP_BGT_5	</identifier>
				<transform>
					<row0>	0.0000 0.0000 1.0000 0.0000	</row0>
					<row1>	0.0000 1.0000 0.0000 0.0000	</row1>
					<row2>	-1.0000 0.0000 0.0000 0.0000	</row2>
					<row3>	-0.2762 0.2390 -3.2525 1.0000	</row3>
				</transform>
			</node>
			<node>
				<identifier>	HP_BGT_6	</identifier>
				<transform>
					<row0>	0.0000 0.0000 -1.0000 0.0000	</row0>
					<row1>	0.0000 1.0000 0.0000 0.0000	</row1>
					<row2>	1.0000 0.0000 0.0000 0.0000	</row2>
					<row3>	0.2762 0.2390 -3.2525 1.0000	</row3>
				</transform>
			</node>
			<node>
				<identifier>	HP_BGT_7	</identifier>
				<transform>
					<row0>	0.0000 0.0000 1.0000 0.0000	</row0>
					<row1>	0.0000 1.0000 0.0000 0.0000	</row1>
					<row2>	-1.0000 0.0000 0.0000 0.0000	</row2>
					<row3>	-0.2762 0.2390 -3.3720 1.0000	</row3>
				</transform>
			</node>
			<node>
				<identifier>	HP_BGT_8	</identifier>
				<transform>
					<row0>	0.0000 0.0000 -1.0000 0.0000	</row0>
					<row1>	0.0000 1.0000 0.0000 0.0000	</row1>
					<row2>	1.0000 0.0000 0.0000 0.0000	</row2>
					<row3>	0.2762 0.2390 -3.3720 1.0000	</row3>
				</transform>
			</node>
			<node>
				<identifier>	HP_BRF_2	</identifier>
				<transform>
					<row0>	-0.7071 0.0000 0.7071 0.0000	</row0>
					<row1>	0.0000 1.0000 0.0000 0.0000	</row1>
					<row2>	-0.7071 0.0000 -0.7071 0.0000	</row2>
					<row3>	-0.0859 1.6096 -2.6104 1.0000	</row3>
				</transform>
			</node>
			<node>
				<identifier>	HP_BRS_2	</identifier>
				<transform>
					<row0>	1.0000 0.0000 0.0000 0.0000	</row0>
					<row1>	0.0000 1.0000 0.0000 0.0000	</row1>
					<row2>	0.0000 0.0000 1.0000 0.0000	</row2>
					<row3>	0.0000 2.1776 -2.5354 1.0000	</row3>
				</transform>
			</node>
			<node>
				<identifier>	HP_FX_Fire_3	</identifier>
				<transform>
					<row0>	1.0000 0.0000 0.0000 0.0000	</row0>
					<row1>	0.0000 1.0000 0.0000 0.0000	</row1>
					<row2>	0.0000 0.0000 1.0000 0.0000	</row2>
					<row3>	0.0000 0.7865 -3.1737 1.0000	</row3>
				</transform>
			</node>
			<node>
				<identifier>	HP_FX_Fire_3_side_1	</identifier>
				<transform>
					<row0>	0.9981 0.0000 -0.0623 0.0000	</row0>
					<row1>	0.0000 1.0000 0.0000 0.0000	</row1>
					<row2>	0.0623 0.0000 0.9981 0.0000	</row2>
					<row3>	0.4818 0.6035 -3.7801 1.0000	</row3>
				</transform>
			</node>
			<node>
				<identifier>	HP_FX_FloodLight_left_2	</identifier>
				<transform>
					<row0>	-1.0000 0.0000 0.0000 0.0000	</row0>
					<row1>	0.0000 1.0000 0.0000 0.0000	</row1>
					<row2>	0.0000 0.0000 -1.0000 0.0000	</row2>
					<row3>	-0.2637 0.6322 -3.0465 1.0000	</row3>
				</transform>
			</node>
			<node>
				<identifier>	HP_FX_FloodLight_right_2	</identifier>
				<transform>
					<row0>	1.0000 0.0000 0.0000 0.0000	</row0>
					<row1>	0.0000 1.0000 0.0000 0.0000	</row1>
					<row2>	0.0000 0.0000 1.0000 0.0000	</row2>
					<row3>	0.2644 0.6036 -3.1245 1.0000	</row3>
				</transform>
			</node>
			<node>
				<identifier>	HP_FX_Flood_steam_right	</identifier>
				<transform>
					<row0>	1.0000 0.0000 0.0000 0.0000	</row0>
					<row1>	0.0000 1.0000 0.0000 0.0000	</row1>
					<row2>	0.0000 0.0000 1.0000 0.0000	</row2>
					<row3>	0.8346 0.2926 -3.1525 1.0000	</row3>
				</transform>
			</node>
			<node>
				<identifier>	HP_FX_Flood_water_left	</identifier>
				<transform>
					<row0>	-0.9929 0.0000 -0.1186 0.0000	</row0>
					<row1>	0.0000 1.0000 0.0000 0.0000	</row1>
					<row2>	0.1186 0.0000 -0.9929 0.0000	</row2>
					<row3>	-0.7613 0.0272 -4.0241 1.0000	</row3>
				</transform>
			</node>
			<node>
				<identifier>	HP_FX_Flood_water_left_2	</identifier>
				<transform>
					<row0>	-0.9980 0.0000 -0.0635 0.0000	</row0>
					<row1>	0.0000 1.0000 0.0000 0.0000	</row1>
					<row2>	0.0635 0.0000 -0.9980 0.0000	</row2>
					<row3>	-0.8661 0.0218 -2.7242 1.0000	</row3>
				</transform>
			</node>
			<node>
				<identifier>	HP_FX_Flood_water_right	</identifier>
				<transform>
					<row0>	0.9965 0.0000 -0.0837 0.0000	</row0>
					<row1>	0.0000 1.0000 0.0000 0.0000	</row1>
					<row2>	0.0837 0.0000 0.9965 0.0000	</row2>
					<row3>	0.7610 0.0268 -4.0238 1.0000	</row3>
				</transform>
			</node>
			<node>
				<identifier>	HP_FX_Flood_water_right_2	</identifier>
				<transform>
					<row0>	0.9988 0.0000 -0.0491 0.0000	</row0>
					<row1>	0.0000 1.0000 0.0000 0.0000	</row1>
					<row2>	0.0491 0.0000 0.9988 0.0000	</row2>
					<row3>	0.8663 0.0224 -2.7234 1.0000	</row3>
				</transform>
			</node>
			<node>
				<identifier>	HP_flag_courtesy	</identifier>
				<transform>
					<row0>	1.0000 0.0000 0.0000 0.0000	</row0>
					<row1>	0.0000 0.9820 0.1888 0.0000	</row1>
					<row2>	0.0000 -0.1888 0.9820 0.0000	</row2>
					<row3>	0.1296 1.9383 -2.5155 1.0000	</row3>
				</transform>
			</node>
			<node>
				<identifier>	HP_flag_house	</identifier>
				<transform>
					<row0>	1.0000 0.0000 0.0000 0.0000	</row0>
					<row1>	0.0000 0.9820 0.1888 0.0000	</row1>
					<row2>	0.0000 -0.1888 0.9820 0.0000	</row2>
					<row3>	-0.1296 1.9383 -2.5155 1.0000	</row3>
				</transform>
			</node>
			<node>
				<identifier>	HP_flag_nation	</identifier>
				<transform>
					<row0>	1.0000 0.0000 0.0000 0.0000	</row0>
					<row1>	0.0000 0.9990 0.0451 0.0000	</row1>
					<row2>	0.0000 -0.0451 0.9990 0.0000	</row2>
					<row3>	0.0000 1.4426 -2.7057 1.0000	</row3>
				</transform>
			</node>
			<node>
				<identifier>	MP_AM063_Wind_Direction	</identifier>
				<transform>
					<row0>	0.0000 0.0000 -1.0000 0.0000	</row0>
					<row1>	0.0000 1.0000 0.0000 0.0000	</row1>
					<row2>	1.0000 0.0000 0.0000 0.0000	</row2>
					<row3>	0.0863 1.6035 -2.6094 1.0000	</row3>
				</transform>
			</node>
			<node>
				<identifier>	MP_BM003_Night_lifebuoy	</identifier>
				<transform>
					<row0>	0.9572 0.2814 -0.0683 0.0000	</row0>
					<row1>	-0.2807 0.9596 0.0200 0.0000	</row1>
					<row2>	0.0711 0.0000 0.9975 0.0000	</row2>
					<row3>	0.8216 0.4124 -3.3392 1.0000	</row3>
				</transform>
			</node>
			<node>
				<identifier>	MP_BM003_Night_lifebuoy_INDEX_1	</identifier>
				<transform>
					<row0>	-0.9572 0.2814 -0.0683 0.0000	</row0>
					<row1>	0.2807 0.9596 0.0200 0.0000	</row1>
					<row2>	0.0711 0.0000 -0.9975 0.0000	</row2>
					<row3>	-0.8214 0.4124 -3.3392 1.0000	</row3>
				</transform>
			</node>
			<node>
				<identifier>	MP_BM004_Reels	</identifier>
				<transform>
					<row0>	-0.7034 0.0000 -0.3811 0.0000	</row0>
					<row1>	-0.2858 0.0000 0.5275 0.0000	</row1>
					<row2>	0.0000 0.6000 0.0000 0.0000	</row2>
					<row3>	-0.1454 0.5747 -4.0221 1.0000	</row3>
				</transform>
			</node>
			<node>
				<identifier>	MP_BM004_Reels_INDEX_1	</identifier>
				<transform>
					<row0>	1.0000 0.0000 0.0000 0.0000	</row0>
					<row1>	0.0000 -0.8000 0.0000 0.0000	</row1>
					<row2>	0.0000 0.0000 -0.8000 0.0000	</row2>
					<row3>	-0.0003 0.8769 -2.4448 1.0000	</row3>
				</transform>
			</node>
			<node>
				<identifier>	MP_BM004_Reels_INDEX_2	</identifier>
				<transform>
					<row0>	0.4636 -0.0087 0.0000 0.0000	</row0>
					<row1>	0.0145 0.7726 0.0000 0.0000	</row1>
					<row2>	0.0000 0.0000 0.7728 0.0000	</row2>
					<row3>	0.4888 0.5257 -3.5962 1.0000	</row3>
				</transform>
			</node>
			<node>
				<identifier>	MP_BM004_Reels_INDEX_3	</identifier>
				<transform>
					<row0>	0.0000 0.0000 1.0000 0.0000	</row0>
					<row1>	0.8000 -0.0047 0.0000 0.0000	</row1>
					<row2>	0.0047 0.8000 0.0000 0.0000	</row2>
					<row3>	0.0983 0.6430 -3.9379 1.0000	</row3>
				</transform>
			</node>
			<node>
				<identifier>	MP_BM038_Helmets	</identifier>
				<transform>
					<row0>	0.0000 0.0000 1.0000 0.0000	</row0>
					<row1>	0.0000 1.0000 0.0000 0.0000	</row1>
					<row2>	-1.0000 0.0000 0.0000 0.0000	</row2>
					<row3>	-0.1113 0.7237 -3.4512 1.0000	</row3>
				</transform>
			</node>
			<node>
				<identifier>	MP_BM038_Helmets_INDEX_1	</identifier>
				<transform>
					<row0>	-1.0000 0.0000 0.0000 0.0000	</row0>
					<row1>	0.0000 1.0000 0.0000 0.0000	</row1>
					<row2>	0.0000 0.0000 -1.0000 0.0000	</row2>
					<row3>	0.0516 0.5473 -4.0316 1.0000	</row3>
				</transform>
			</node>
			<node>
				<identifier>	MP_BM512_Liferaft_type_18_14ft	</identifier>
				<transform>
					<row0>	0.9990 -0.0436 0.0013 0.0000	</row0>
					<row1>	0.0436 0.9990 0.0005 0.0000	</row1>
					<row2>	-0.0013 -0.0005 1.0000 0.0000	</row2>
					<row3>	0.6980 0.3905 -2.2212 1.0000	</row3>
				</transform>
			</node>
			<node>
				<identifier>	MP_BM512_Liferaft_type_18_14ft_INDEX_1	</identifier>
				<transform>
					<row0>	0.9998 0.0223 0.0000 0.0000	</row0>
					<row1>	-0.0223 0.9997 -0.0052 0.0000	</row1>
					<row2>	-0.0001 0.0052 1.0000 0.0000	</row2>
					<row3>	-0.4837 0.5273 -3.7033 1.0000	</row3>
				</transform>
			</node>
			<node>
				<identifier>	MP_BM512_Liferaft_type_18_14ft_INDEX_10	</identifier>
				<transform>
					<row0>	0.9990 -0.0436 0.0013 0.0000	</row0>
					<row1>	0.0436 0.9990 0.0005 0.0000	</row1>
					<row2>	-0.0013 -0.0005 1.0000 0.0000	</row2>
					<row3>	0.6995 0.4209 -2.2212 1.0000	</row3>
				</transform>
			</node>
			<node>
				<identifier>	MP_BM512_Liferaft_type_18_14ft_INDEX_11	</identifier>
				<transform>
					<row0>	0.9990 0.0436 -0.0013 0.0000	</row0>
					<row1>	-0.0436 0.9990 0.0005 0.0000	</row1>
					<row2>	0.0013 -0.0005 1.0000 0.0000	</row2>
					<row3>	-0.6980 0.3905 -2.2214 1.0000	</row3>
				</transform>
			</node>
			<node>
				<identifier>	MP_BM512_Liferaft_type_18_14ft_INDEX_2	</identifier>
				<transform>
					<row0>	0.8748 -0.0195 -0.4840 0.0000	</row0>
					<row1>	0.0184 0.9998 -0.0070 0.0000	</row1>
					<row2>	0.4841 -0.0028 0.8750 0.0000	</row2>
					<row3>	0.4549 0.5269 -3.7774 1.0000	</row3>
				</transform>
			</node>
			<node>
				<identifier>	MP_BM512_Liferaft_type_18_14ft_INDEX_3	</identifier>
				<transform>
					<row0>	0.9998 0.0223 0.0000 0.0000	</row0>
					<row1>	-0.0223 0.9997 -0.0052 0.0000	</row1>
					<row2>	-0.0001 0.0052 1.0000 0.0000	</row2>
					<row3>	-0.4823 0.5581 -3.7034 1.0000	</row3>
				</transform>
			</node>
			<node>
				<identifier>	MP_BM512_Liferaft_type_18_14ft_INDEX_4	</identifier>
				<transform>
					<row0>	0.9990 -0.0436 0.0013 0.0000	</row0>
					<row1>	0.0436 0.9990 0.0005 0.0000	</row1>
					<row2>	-0.0013 -0.0005 1.0000 0.0000	</row2>
					<row3>	0.6966 0.3596 -2.2212 1.0000	</row3>
				</transform>
			</node>
			<node>
				<identifier>	MP_BM512_Liferaft_type_18_14ft_INDEX_5	</identifier>
				<transform>
					<row0>	0.8748 -0.0195 -0.4840 0.0000	</row0>
					<row1>	0.0184 0.9998 -0.0070 0.0000	</row1>
					<row2>	0.4841 -0.0028 0.8750 0.0000	</row2>
					<row3>	0.4578 0.5881 -3.7777 1.0000	</row3>
				</transform>
			</node>
			<node>
				<identifier>	MP_BM512_Liferaft_type_18_14ft_INDEX_6	</identifier>
				<transform>
					<row0>	0.9990 0.0436 -0.0013 0.0000	</row0>
					<row1>	-0.0436 0.9990 0.0005 0.0000	</row1>
					<row2>	0.0013 -0.0005 1.0000 0.0000	</row2>
					<row3>	-0.6995 0.4209 -2.2216 1.0000	</row3>
				</transform>
			</node>
			<node>
				<identifier>	MP_BM512_Liferaft_type_18_14ft_INDEX_7	</identifier>
				<transform>
					<row0>	0.9990 0.0436 -0.0013 0.0000	</row0>
					<row1>	-0.0436 0.9990 0.0005 0.0000	</row1>
					<row2>	0.0013 -0.0005 1.0000 0.0000	</row2>
					<row3>	-0.6966 0.3596 -2.2212 1.0000	</row3>
				</transform>
			</node>
			<node>
				<identifier>	MP_BM512_Liferaft_type_18_14ft_INDEX_8	</identifier>
				<transform>
					<row0>	0.8748 -0.0195 -0.4840 0.0000	</row0>
					<row1>	0.0184 0.9998 -0.0070 0.0000	</row1>
					<row2>	0.4841 -0.0028 0.8750 0.0000	</row2>
					<row3>	0.4564 0.5577 -3.7776 1.0000	</row3>
				</transform>
			</node>
			<node>
				<identifier>	MP_BM512_Liferaft_type_18_14ft_INDEX_9	</identifier>
				<transform>
					<row0>	0.9998 0.0223 0.0000 0.0000	</row0>
					<row1>	-0.0223 0.9997 -0.0052 0.0000	</row1>
					<row2>	-0.0001 0.0052 1.0000 0.0000	</row2>
					<row3>	-0.4808 0.5885 -3.7036 1.0000	</row3>
				</transform>
			</node>
			<node>
				<identifier>	MP_BM527_Liferaft_type_20_8ft	</identifier>
				<transform>
					<row0>	0.1047 -0.9945 0.0000 0.0000	</row0>
					<row1>	0.9945 0.1047 0.0000 0.0000	</row1>
					<row2>	0.0000 0.0000 1.0000 0.0000	</row2>
					<row3>	0.2605 0.7259 -2.4882 1.0000	</row3>
				</transform>
			</node>
			<node>
				<identifier>	MP_BM527_Liferaft_type_20_8ft_INDEX_1	</identifier>
				<transform>
					<row0>	0.1047 0.9945 0.0000 0.0000	</row0>
					<row1>	-0.9945 0.1047 0.0000 0.0000	</row1>
					<row2>	0.0000 0.0000 1.0000 0.0000	</row2>
					<row3>	-0.2604 0.7259 -2.4882 1.0000	</row3>
				</transform>
			</node>
			<node>
				<identifier>	MP_BM622_Speed_Light_Ctrl	</identifier>
				<transform>
					<row0>	-1.0000 0.0000 0.0000 0.0000	</row0>
					<row1>	0.0000 1.0000 0.0000 0.0000	</row1>
					<row2>	0.0000 0.0000 -1.0000 0.0000	</row2>
					<row3>	-0.1284 0.6961 -3.4994 1.0000	</row3>
				</transform>
			</node>
			<node>
				<identifier>	MP_BM638_Navyphone	</identifier>
				<transform>
					<row0>	0.0000 0.0000 1.0000 0.0000	</row0>
					<row1>	0.0000 1.0000 0.0000 0.0000	</row1>
					<row2>	-1.0000 0.0000 0.0000 0.0000	</row2>
					<row3>	-0.0978 0.7799 -2.9321 1.0000	</row3>
				</transform>
			</node>
			<node>
				<identifier>	MP_BM638_Navyphone_INDEX_1	</identifier>
				<transform>
					<row0>	0.0000 0.0000 1.0000 0.0000	</row0>
					<row1>	0.0000 1.0000 0.0000 0.0000	</row1>
					<row2>	-1.0000 0.0000 0.0000 0.0000	</row2>
					<row3>	-0.1115 0.7828 -3.4767 1.0000	</row3>
				</transform>
			</node>
			<node>
				<identifier>	MP_BM638_Navyphone_INDEX_2	</identifier>
				<transform>
					<row0>	0.0000 0.0000 -1.0000 0.0000	</row0>
					<row1>	0.0000 1.0000 0.0000 0.0000	</row1>
					<row2>	1.0000 0.0000 0.0000 0.0000	</row2>
					<row3>	0.1115 0.7828 -3.3637 1.0000	</row3>
				</transform>
			</node>
			<node>
				<identifier>	MP_BM715_Locker	</identifier>
				<transform>
					<row0>	-0.8620 0.0003 -0.5069 0.0000	</row0>
					<row1>	-0.0114 0.9997 0.0200 0.0000	</row1>
					<row2>	0.5068 0.0231 -0.8618 0.0000	</row2>
					<row3>	-0.4465 0.1979 -4.0908 1.0000	</row3>
				</transform>
			</node>
			<node>
				<identifier>	MP_BM715_Locker_INDEX_1	</identifier>
				<transform>
					<row0>	-0.8684 0.0000 -0.4959 0.0000	</row0>
					<row1>	-0.0114 0.9997 0.0200 0.0000	</row1>
					<row2>	0.4958 0.0231 -0.8681 0.0000	</row2>
					<row3>	-0.1572 0.2008 -4.5922 1.0000	</row3>
				</transform>
			</node>
			<node>
				<identifier>	MP_BM715_Locker_INDEX_2	</identifier>
				<transform>
					<row0>	0.8684 0.0000 -0.4959 0.0000	</row0>
					<row1>	0.0114 0.9997 0.0200 0.0000	</row1>
					<row2>	0.4958 -0.0231 0.8681 0.0000	</row2>
					<row3>	0.2571 0.2013 -4.4040 1.0000	</row3>
				</transform>
			</node>
			<node>
				<identifier>	MP_BM715_Locker_INDEX_3	</identifier>
				<transform>
					<row0>	0.8684 0.0000 -0.4959 0.0000	</row0>
					<row1>	0.0076 0.9999 0.0133 0.0000	</row1>
					<row2>	0.4959 -0.0153 0.8683 0.0000	</row2>
					<row3>	0.4465 0.1970 -4.0948 1.0000	</row3>
				</transform>
			</node>
			<node>
				<identifier>	MP_BM857_Fog_Light	</identifier>
				<transform>
					<row0>	-1.0000 0.0000 0.0000 0.0000	</row0>
					<row1>	0.0000 1.0000 0.0000 0.0000	</row1>
					<row2>	0.0000 0.0000 -0.8000 0.0000	</row2>
					<row3>	-0.0254 0.5812 -4.5355 1.0000	</row3>
				</transform>
			</node>
			<node>
				<identifier>	MP_BM869_Searchlight_36in	</identifier>
				<transform>
					<row0>	0.0000 0.0000 1.0000 0.0000	</row0>
					<row1>	0.0000 1.0000 0.0000 0.0000	</row1>
					<row2>	-1.0000 0.0000 0.0000 0.0000	</row2>
					<row3>	-0.2290 0.6929 -3.2366 1.0000	</row3>
				</transform>
			</node>
			<node>
				<identifier>	MP_BM877_Running_Lights_B	</identifier>
				<transform>
					<row0>	1.0000 0.0000 0.0000 0.0000	</row0>
					<row1>	0.0000 1.0000 0.0000 0.0000	</row1>
					<row2>	0.0000 0.0000 1.0000 0.0000	</row2>
					<row3>	0.0000 1.5989 -2.5686 1.0000	</row3>
				</transform>
			</node>
			<node>
				<identifier>	MP_CM011_Fire_Fighting_Gear	</identifier>
				<transform>
					<row0>	0.5414 0.0000 -0.8408 0.0000	</row0>
					<row1>	0.0000 1.0000 0.0000 0.0000	</row1>
					<row2>	0.8408 0.0000 0.5414 0.0000	</row2>
					<row3>	-0.2685 0.2011 -4.3669 1.0000	</row3>
				</transform>
			</node>
			<node>
				<identifier>	MP_CM011_Fire_Fighting_Gear_INDEX_1	</identifier>
				<transform>
					<row0>	-0.0174 0.0000 0.9998 0.0000	</row0>
					<row1>	0.0000 1.0000 0.0000 0.0000	</row1>
					<row2>	-0.9998 0.0000 -0.0174 0.0000	</row2>
					<row3>	0.2684 0.5363 -2.8493 1.0000	</row3>
				</transform>
			</node>
			<node>
				<identifier>	MP_CM011_Fire_Fighting_Gear_INDEX_2	</identifier>
				<transform>
					<row0>	-1.0000 0.0000 0.0000 0.0000	</row0>
					<row1>	0.0000 1.0000 0.0000 0.0000	</row1>
					<row2>	0.0000 0.0000 -1.0000 0.0000	</row2>
					<row3>	-0.8398 0.3541 -2.3705 1.0000	</row3>
				</transform>
			</node>
			<node>
				<identifier>	MP_CM011_Fire_Fighting_Gear_INDEX_3	</identifier>
				<transform>
					<row0>	-0.0174 0.0000 -0.9998 0.0000	</row0>
					<row1>	0.0000 1.0000 0.0000 0.0000	</row1>
					<row2>	0.9998 0.0000 -0.0174 0.0000	</row2>
					<row3>	-0.2684 0.5363 -2.8493 1.0000	</row3>
				</transform>
			</node>
			<node>
				<identifier>	MP_CM011_Fire_Fighting_Gear_INDEX_4	</identifier>
				<transform>
					<row0>	0.5414 0.0000 0.8408 0.0000	</row0>
					<row1>	0.0000 1.0000 0.0000 0.0000	</row1>
					<row2>	-0.8408 0.0000 0.5414 0.0000	</row2>
					<row3>	0.4764 0.1984 -3.9954 1.0000	</row3>
				</transform>
			</node>
			<node>
				<identifier>	MP_CM011_Fire_Fighting_Gear_INDEX_5	</identifier>
				<transform>
					<row0>	-1.0000 0.0000 0.0000 0.0000	</row0>
					<row1>	0.0000 1.0000 0.0000 0.0000	</row1>
					<row2>	0.0000 0.0000 -1.0000 0.0000	</row2>
					<row3>	0.8398 0.3541 -2.3705 1.0000	</row3>
				</transform>
			</node>
			<node>
				<identifier>	MP_CM012_Fire_Hose_Rack_1	</identifier>
				<transform>
					<row0>	0.0000 0.0000 -1.0000 0.0000	</row0>
					<row1>	0.0000 1.0000 0.0000 0.0000	</row1>
					<row2>	1.0000 0.0000 0.0000 0.0000	</row2>
					<row3>	-0.8014 0.4109 -2.3777 1.0000	</row3>
				</transform>
			</node>
			<node>
				<identifier>	MP_CM012_Fire_Hose_Rack_1_INDEX_1	</identifier>
				<transform>
					<row0>	0.9998 0.0000 -0.0174 0.0000	</row0>
					<row1>	0.0000 1.0000 0.0000 0.0000	</row1>
					<row2>	0.0174 0.0000 0.9998 0.0000	</row2>
					<row3>	-0.2606 0.5998 -2.8735 1.0000	</row3>
				</transform>
			</node>
			<node>
				<identifier>	MP_CM012_Fire_Hose_Rack_1_INDEX_2	</identifier>
				<transform>
					<row0>	-0.9998 0.0000 -0.0174 0.0000	</row0>
					<row1>	0.0000 1.0000 0.0000 0.0000	</row1>
					<row2>	0.0174 0.0000 -0.9998 0.0000	</row2>
					<row3>	0.2607 0.5998 -2.8541 1.0000	</row3>
				</transform>
			</node>
			<node>
				<identifier>	MP_CM012_Fire_Hose_Rack_1_INDEX_3	</identifier>
				<transform>
					<row0>	-0.8589 0.0000 0.5121 0.0000	</row0>
					<row1>	0.0000 1.0000 0.0000 0.0000	</row1>
					<row2>	-0.5121 0.0000 -0.8589 0.0000	</row2>
					<row3>	0.4723 0.2704 -3.9901 1.0000	</row3>
				</transform>
			</node>
			<node>
				<identifier>	MP_CM012_Fire_Hose_Rack_1_INDEX_4	</identifier>
				<transform>
					<row0>	0.0000 0.0000 -1.0000 0.0000	</row0>
					<row1>	0.0000 1.0000 0.0000 0.0000	</row1>
					<row2>	1.0000 0.0000 0.0000 0.0000	</row2>
					<row3>	0.8014 0.4109 -2.3777 1.0000	</row3>
				</transform>
			</node>
			<node>
				<identifier>	MP_CM012_Fire_Hose_Rack_1_INDEX_5	</identifier>
				<transform>
					<row0>	0.8645 0.0000 0.5027 0.0000	</row0>
					<row1>	0.0000 1.0000 0.0000 0.0000	</row1>
					<row2>	-0.5027 0.0000 0.8645 0.0000	</row2>
					<row3>	-0.2731 0.2730 -4.3354 1.0000	</row3>
				</transform>
			</node>
			<node>
				<identifier>	MP_CM029_Emergency_Box	</identifier>
				<transform>
					<row0>	0.0000 0.0000 -1.0000 0.0000	</row0>
					<row1>	0.0000 1.0000 0.0000 0.0000	</row1>
					<row2>	1.0000 0.0000 0.0000 0.0000	</row2>
					<row3>	-0.0862 0.7466 -2.7392 1.0000	</row3>
				</transform>
			</node>
			<node>
				<identifier>	MP_CM029_Emergency_Box_INDEX_1	</identifier>
				<transform>
					<row0>	0.0000 0.0000 -1.0000 0.0000	</row0>
					<row1>	0.0000 1.0000 0.0000 0.0000	</row1>
					<row2>	1.0000 0.0000 0.0000 0.0000	</row2>
					<row3>	-0.2660 0.5967 -3.4331 1.0000	</row3>
				</transform>
			</node>
			<node>
				<identifier>	MP_CM029_Emergency_Box_INDEX_2	</identifier>
				<transform>
					<row0>	-1.0000 0.0000 0.0000 0.0000	</row0>
					<row1>	0.0000 1.0000 0.0000 0.0000	</row1>
					<row2>	0.0000 0.0000 -1.0000 0.0000	</row2>
					<row3>	-0.0899 0.7719 -3.3410 1.0000	</row3>
				</transform>
			</node>
			<node>
				<identifier>	MP_CM029_Emergency_Box_INDEX_3	</identifier>
				<transform>
					<row0>	0.0000 0.0000 -1.0000 0.0000	</row0>
					<row1>	0.0000 1.0000 0.0000 0.0000	</row1>
					<row2>	1.0000 0.0000 0.0000 0.0000	</row2>
					<row3>	-0.1075 0.5972 -3.9495 1.0000	</row3>
				</transform>
			</node>
			<node>
				<identifier>	MP_CM029_Emergency_Box_INDEX_4	</identifier>
				<transform>
					<row0>	0.0000 0.0000 1.0000 0.0000	</row0>
					<row1>	0.0000 1.0000 0.0000 0.0000	</row1>
					<row2>	-1.0000 0.0000 0.0000 0.0000	</row2>
					<row3>	0.2660 0.5967 -3.3692 1.0000	</row3>
				</transform>
			</node>
			<node>
				<identifier>	MP_CM052_Fender	</identifier>
				<transform>
					<row0>	-0.5127 0.0000 -0.8586 0.0000	</row0>
					<row1>	0.0000 1.0000 0.0000 0.0000	</row1>
					<row2>	0.8586 0.0000 -0.5127 0.0000	</row2>
					<row3>	0.5448 0.1962 -3.9268 1.0000	</row3>
				</transform>
			</node>
			<node>
				<identifier>	MP_CM052_Fender_INDEX_1	</identifier>
				<transform>
					<row0>	-0.5127 0.0000 0.8586 0.0000	</row0>
					<row1>	0.0000 1.0000 0.0000 0.0000	</row1>
					<row2>	-0.8586 0.0000 -0.5127 0.0000	</row2>
					<row3>	-0.5463 0.1958 -3.9244 1.0000	</row3>
				</transform>
			</node>
			<node>
				<identifier>	MP_CM088_Swab_Rack	</identifier>
				<transform>
					<row0>	-0.8839 0.0000 -0.4676 0.0000	</row0>
					<row1>	0.0000 1.0000 0.0000 0.0000	</row1>
					<row2>	0.4676 0.0000 -0.8839 0.0000	</row2>
					<row3>	-0.1367 0.5334 -4.0177 1.0000	</row3>
				</transform>
			</node>
			<node>
				<identifier>	MP_CM088_Swab_Rack_INDEX_1	</identifier>
				<transform>
					<row0>	-0.8782 0.0000 0.4782 0.0000	</row0>
					<row1>	0.0000 1.0000 0.0000 0.0000	</row1>
					<row2>	-0.4782 0.0000 -0.8782 0.0000	</row2>
					<row3>	0.1342 0.5323 -4.0165 1.0000	</row3>
				</transform>
			</node>
			<node>
				<identifier>	MP_CM088_Swab_Rack_INDEX_2	</identifier>
				<transform>
					<row0>	-1.0000 0.0000 0.0000 0.0000	</row0>
					<row1>	0.0000 1.0000 0.0000 0.0000	</row1>
					<row2>	0.0000 0.0000 -1.0000 0.0000	</row2>
					<row3>	0.0786 0.5329 -3.5186 1.0000	</row3>
				</transform>
			</node>
			<node>
				<identifier>	MP_CM104_Life_Buoy	</identifier>
				<transform>
					<row0>	0.0738 0.0000 0.9973 0.0000	</row0>
					<row1>	0.0000 1.0000 0.0000 0.0000	</row1>
					<row2>	-0.9973 0.0000 0.0738 0.0000	</row2>
					<row3>	0.7399 0.2509 -3.8442 1.0000	</row3>
				</transform>
			</node>
			<node>
				<identifier>	MP_CM104_Life_Buoy_INDEX_1	</identifier>
				<transform>
					<row0>	0.0738 0.0000 -0.9973 0.0000	</row0>
					<row1>	0.0000 1.0000 0.0000 0.0000	</row1>
					<row2>	0.9973 0.0000 0.0738 0.0000	</row2>
					<row3>	-0.7401 0.2509 -3.8442 1.0000	</row3>
				</transform>
			</node>
			<node>
				<identifier>	MP_CM126_Cleat	</identifier>
				<transform>
					<row0>	1.0000 0.0000 0.0000 0.0000	</row0>
					<row1>	0.0000 1.0000 0.0000 0.0000	</row1>
					<row2>	0.0000 0.0000 1.0000 0.0000	</row2>
					<row3>	0.0004 0.8108 -2.7336 1.0000	</row3>
				</transform>
			</node>
		</node>
	</node>
	<boundingBox>
		<min>	-0.0667 -0.0667 -0.0667	</min>
		<max>	0.0667 0.0667 0.0667	</max>
	</boundingBox>
</BSB044_Renown_1945_MidBack_ports.visual>
