<ISC015_Torino_1943_Bow_ports.visual>
	<node>
		<identifier>	Scene Root	</identifier>
		<transform>
			<row0>	1.0000 0.0000 0.0000 0.0000	</row0>
			<row1>	0.0000 1.0000 0.0000 0.0000	</row1>
			<row2>	0.0000 0.0000 1.0000 0.0000	</row2>
			<row3>	0.0000 0.0000 0.0000 1.0000	</row3>
		</transform>
		<node>
			<identifier>	Bow_ports	</identifier>
			<transform>
				<row0>	1.0000 0.0000 0.0000 0.0000	</row0>
				<row1>	0.0000 1.0000 0.0000 0.0000	</row1>
				<row2>	0.0000 0.0000 1.0000 0.0000	</row2>
				<row3>	0.0000 0.0000 0.0000 1.0000	</row3>
			</transform>
			<node>
				<identifier>	HP_FX_Death_1	</identifier>
				<transform>
					<row0>	1.0000 0.0000 0.0000 0.0000	</row0>
					<row1>	0.0000 1.0000 0.0000 0.0000	</row1>
					<row2>	0.0000 0.0000 1.0000 0.0000	</row2>
					<row3>	0.0000 0.0000 4.5125 1.0000	</row3>
				</transform>
			</node>
			<node>
				<identifier>	HP_FX_Fire_1	</identifier>
				<transform>
					<row0>	1.0000 0.0000 0.0000 0.0000	</row0>
					<row1>	0.0000 1.0000 0.0000 0.0000	</row1>
					<row2>	0.0000 0.0000 1.0000 0.0000	</row2>
					<row3>	0.0000 0.5702 5.9800 1.0000	</row3>
				</transform>
			</node>
			<node>
				<identifier>	HP_FX_WakeTrace	</identifier>
				<transform>
					<row0>	1.0000 0.0000 0.0000 0.0000	</row0>
					<row1>	0.0000 1.0000 0.0000 0.0000	</row1>
					<row2>	0.0000 0.0000 1.0000 0.0000	</row2>
					<row3>	0.0000 0.0000 7.4653 1.0000	</row3>
				</transform>
			</node>
			<node>
				<identifier>	HP_IGA_1	</identifier>
				<transform>
					<row0>	0.7071 0.0000 0.7071 0.0000	</row0>
					<row1>	0.0000 1.0000 0.0000 0.0000	</row1>
					<row2>	-0.7071 0.0000 0.7071 0.0000	</row2>
					<row3>	-0.4400 0.5500 4.2887 1.0000	</row3>
				</transform>
			</node>
			<node>
				<identifier>	HP_IGA_2	</identifier>
				<transform>
					<row0>	0.7071 0.0000 -0.7071 0.0000	</row0>
					<row1>	0.0000 1.0000 0.0000 0.0000	</row1>
					<row2>	0.7071 0.0000 0.7071 0.0000	</row2>
					<row3>	0.4400 0.5500 4.2887 1.0000	</row3>
				</transform>
			</node>
			<node>
				<identifier>	HP_Ship_death_1	</identifier>
				<transform>
					<row0>	1.0000 0.0000 0.0000 0.0000	</row0>
					<row1>	0.0000 1.0000 0.0000 0.0000	</row1>
					<row2>	0.0000 0.0000 1.0000 0.0000	</row2>
					<row3>	0.0000 0.0000 4.1248 1.0000	</row3>
				</transform>
			</node>
			<node>
				<identifier>	MP_CM011_Fire_Fighting_Gear	</identifier>
				<transform>
					<row0>	-1.0000 0.0000 0.0000 0.0000	</row0>
					<row1>	0.0000 1.0000 0.0000 0.0000	</row1>
					<row2>	0.0000 0.0000 -1.0000 0.0000	</row2>
					<row3>	0.0110 0.5799 7.0537 1.0000	</row3>
				</transform>
			</node>
			<node>
				<identifier>	MP_CM011_Fire_Fighting_Gear_INDEX_1	</identifier>
				<transform>
					<row0>	-1.0000 0.0000 0.0000 0.0000	</row0>
					<row1>	0.0000 1.0000 0.0000 0.0000	</row1>
					<row2>	0.0000 0.0000 -1.0000 0.0000	</row2>
					<row3>	0.0355 0.5711 5.7888 1.0000	</row3>
				</transform>
			</node>
			<node>
				<identifier>	MP_IM026_Reels	</identifier>
				<transform>
					<row0>	0.9998 -0.0175 0.0000 0.0000	</row0>
					<row1>	0.0175 0.9998 0.0000 0.0000	</row1>
					<row2>	0.0000 0.0000 1.0000 0.0000	</row2>
					<row3>	0.1762 0.5618 5.1259 1.0000	</row3>
				</transform>
			</node>
			<node>
				<identifier>	MP_IM026_Reels_INDEX_1	</identifier>
				<transform>
					<row0>	0.9994 0.0349 0.0000 0.0000	</row0>
					<row1>	-0.0349 0.9994 0.0000 0.0000	</row1>
					<row2>	0.0000 0.0000 1.0000 0.0000	</row2>
					<row3>	-0.0874 0.5676 5.6607 1.0000	</row3>
				</transform>
			</node>
			<node>
				<identifier>	MP_IM042_Star	</identifier>
				<transform>
					<row0>	0.3114 0.0000 0.0000 0.0000	</row0>
					<row1>	0.0000 0.3074 0.0495 0.0000	</row1>
					<row2>	0.0000 -0.0495 0.3074 0.0000	</row2>
					<row3>	0.0000 0.5521 7.7146 1.0000	</row3>
				</transform>
			</node>
			<node>
				<identifier>	MP_IM800_Ventilation	</identifier>
				<transform>
					<row0>	1.0000 0.0000 0.0000 0.0000	</row0>
					<row1>	0.0000 1.0000 0.0000 0.0000	</row1>
					<row2>	0.0000 0.0000 1.0000 0.0000	</row2>
					<row3>	0.5064 0.5422 4.4962 1.0000	</row3>
				</transform>
			</node>
			<node>
				<identifier>	MP_IM800_Ventilation_INDEX_1	</identifier>
				<transform>
					<row0>	1.0000 0.0000 0.0000 0.0000	</row0>
					<row1>	0.0000 1.0000 0.0000 0.0000	</row1>
					<row2>	0.0000 0.0000 1.0000 0.0000	</row2>
					<row3>	-0.3305 0.5553 4.8557 1.0000	</row3>
				</transform>
			</node>
			<node>
				<identifier>	MP_IM800_Ventilation_INDEX_2	</identifier>
				<transform>
					<row0>	1.0000 0.0000 0.0000 0.0000	</row0>
					<row1>	0.0000 1.0000 0.0000 0.0000	</row1>
					<row2>	0.0000 0.0000 1.0000 0.0000	</row2>
					<row3>	0.3305 0.5553 4.8557 1.0000	</row3>
				</transform>
			</node>
			<node>
				<identifier>	MP_IM800_Ventilation_INDEX_3	</identifier>
				<transform>
					<row0>	1.0000 0.0000 0.0000 0.0000	</row0>
					<row1>	0.0000 1.0000 0.0000 0.0000	</row1>
					<row2>	0.0000 0.0000 1.0000 0.0000	</row2>
					<row3>	-0.5064 0.5422 4.4962 1.0000	</row3>
				</transform>
			</node>
			<node>
				<identifier>	MP_IM800_Ventilation_INDEX_4	</identifier>
				<transform>
					<row0>	1.0000 0.0000 0.0000 0.0000	</row0>
					<row1>	0.0000 1.0000 0.0000 0.0000	</row1>
					<row2>	0.0000 0.0000 1.0000 0.0000	</row2>
					<row3>	-0.0202 0.5606 4.2565 1.0000	</row3>
				</transform>
			</node>
			<node>
				<identifier>	MP_IM800_Ventilation_INDEX_5	</identifier>
				<transform>
					<row0>	1.0000 0.0000 0.0000 0.0000	</row0>
					<row1>	0.0000 1.0000 0.0000 0.0000	</row1>
					<row2>	0.0000 0.0000 1.0000 0.0000	</row2>
					<row3>	0.0225 0.5617 4.4378 1.0000	</row3>
				</transform>
			</node>
			<node>
				<identifier>	MP_IM951_Anchor_up	</identifier>
				<transform>
					<row0>	0.9864 -0.0625 0.1523 0.0000	</row0>
					<row1>	0.1645 0.3351 -0.9277 0.0000	</row1>
					<row2>	0.0069 0.9401 0.3408 0.0000	</row2>
					<row3>	-0.2786 0.5533 7.2346 1.0000	</row3>
				</transform>
			</node>
			<node>
				<identifier>	MP_IM951_Anchor_up_INDEX_1	</identifier>
				<transform>
					<row0>	0.9864 0.0625 -0.1523 0.0000	</row0>
					<row1>	-0.1645 0.3351 -0.9277 0.0000	</row1>
					<row2>	-0.0069 0.9401 0.3408 0.0000	</row2>
					<row3>	0.2786 0.5533 7.2346 1.0000	</row3>
				</transform>
			</node>
			<node>
				<identifier>	MP_IM951_Anchor_up_INDEX_2	</identifier>
				<transform>
					<row0>	0.9907 0.0676 -0.1179 0.0000	</row0>
					<row1>	-0.1336 0.3274 -0.9354 0.0000	</row1>
					<row2>	-0.0246 0.9424 0.3334 0.0000	</row2>
					<row3>	0.3686 0.5468 6.7366 1.0000	</row3>
				</transform>
			</node>
			<node>
				<identifier>	MP_IM952_Anchor_Bottom	</identifier>
				<transform>
					<row0>	0.9255 -0.1310 0.3555 0.0000	</row0>
					<row1>	0.3788 0.3094 -0.8722 0.0000	</row1>
					<row2>	0.0042 0.9419 0.3359 0.0000	</row2>
					<row3>	0.3686 0.5466 6.7368 1.0000	</row3>
				</transform>
			</node>
			<node>
				<identifier>	MP_IM952_Anchor_Bottom_INDEX_1	</identifier>
				<transform>
					<row0>	0.9342 -0.1385 0.3288 0.0000	</row0>
					<row1>	0.3563 0.3123 -0.8806 0.0000	</row1>
					<row2>	0.0193 0.9398 0.3411 0.0000	</row2>
					<row3>	0.2786 0.5531 7.2347 1.0000	</row3>
				</transform>
			</node>
			<node>
				<identifier>	MP_IM952_Anchor_Bottom_INDEX_2	</identifier>
				<transform>
					<row0>	0.9342 0.1385 -0.3288 0.0000	</row0>
					<row1>	-0.3563 0.3123 -0.8806 0.0000	</row1>
					<row2>	-0.0193 0.9398 0.3411 0.0000	</row2>
					<row3>	-0.2786 0.5531 7.2347 1.0000	</row3>
				</transform>
			</node>
			<node>
				<identifier>	SP_YMS001_YHBM_M_1	</identifier>
				<transform>
					<row0>	1.0000 0.0000 0.0000 0.0000	</row0>
					<row1>	0.0000 1.0000 0.0000 0.0000	</row1>
					<row2>	0.0000 0.0000 1.0000 0.0000	</row2>
					<row3>	0.0000 0.5899 7.7342 1.0000	</row3>
				</transform>
			</node>
			<node>
				<identifier>	SP_YMS002_YHBL_M_1	</identifier>
				<transform>
					<row0>	0.9327 -0.0025 -0.1642 0.0000	</row0>
					<row1>	0.0000 0.9469 -0.0147 0.0000	</row1>
					<row2>	0.1642 0.0145 0.9326 0.0000	</row2>
					<row3>	0.0000 0.5899 7.7342 1.0000	</row3>
				</transform>
			</node>
			<node>
				<identifier>	SP_YMS003_YHBR_M_1	</identifier>
				<transform>
					<row0>	0.9389 0.0019 0.1236 0.0000	</row0>
					<row1>	0.0000 0.9469 -0.0147 0.0000	</row1>
					<row2>	-0.1236 0.0146 0.9388 0.0000	</row2>
					<row3>	0.0000 0.5899 7.7342 1.0000	</row3>
				</transform>
			</node>
			<node>
				<identifier>	SP_YMS010_YHWM_L_1	</identifier>
				<transform>
					<row0>	0.8000 0.0000 0.0000 0.0000	</row0>
					<row1>	0.0000 0.8000 0.0000 0.0000	</row1>
					<row2>	0.0000 0.0000 0.8000 0.0000	</row2>
					<row3>	0.0000 0.0000 7.5016 1.0000	</row3>
				</transform>
			</node>
			<node>
				<identifier>	SP_YMS011_YHWL_M_1	</identifier>
				<transform>
					<row0>	0.9743 0.1887 -0.1227 0.0000	</row0>
					<row1>	-0.1872 0.9820 0.0236 0.0000	</row1>
					<row2>	0.1249 0.0000 0.9922 0.0000	</row2>
					<row3>	-0.1611 0.0000 6.0947 1.0000	</row3>
				</transform>
			</node>
			<node>
				<identifier>	SP_YMS011_YHWL_M_1_INDEX_1	</identifier>
				<transform>
					<row0>	0.9664 0.2265 -0.1217 0.0000	</row0>
					<row1>	-0.2247 0.9740 0.0283 0.0000	</row1>
					<row2>	0.1249 0.0000 0.9922 0.0000	</row2>
					<row3>	-0.2655 0.0000 5.2660 1.0000	</row3>
				</transform>
			</node>
			<node>
				<identifier>	SP_YMS011_YHWL_M_1_INDEX_2	</identifier>
				<transform>
					<row0>	0.9545 0.2729 -0.1202 0.0000	</row0>
					<row1>	-0.2707 0.9621 0.0341 0.0000	</row1>
					<row2>	0.1249 0.0000 0.9922 0.0000	</row2>
					<row3>	-0.3690 0.0000 4.4433 1.0000	</row3>
				</transform>
			</node>
			<node>
				<identifier>	SP_YMS012_YHWR_M_1	</identifier>
				<transform>
					<row0>	0.9743 -0.1887 0.1227 0.0000	</row0>
					<row1>	0.1872 0.9820 0.0236 0.0000	</row1>
					<row2>	-0.1249 0.0000 0.9922 0.0000	</row2>
					<row3>	0.1611 0.0000 6.0947 1.0000	</row3>
				</transform>
			</node>
			<node>
				<identifier>	SP_YMS012_YHWR_M_1_INDEX_1	</identifier>
				<transform>
					<row0>	0.9664 -0.2265 0.1217 0.0000	</row0>
					<row1>	0.2247 0.9740 0.0283 0.0000	</row1>
					<row2>	-0.1249 0.0000 0.9922 0.0000	</row2>
					<row3>	0.2655 0.0000 5.2660 1.0000	</row3>
				</transform>
			</node>
			<node>
				<identifier>	SP_YMS012_YHWR_M_1_INDEX_2	</identifier>
				<transform>
					<row0>	0.9545 -0.2729 0.1202 0.0000	</row0>
					<row1>	0.2707 0.9621 0.0341 0.0000	</row1>
					<row2>	-0.1249 0.0000 0.9922 0.0000	</row2>
					<row3>	0.3690 0.0000 4.4433 1.0000	</row3>
				</transform>
			</node>
			<node>
				<identifier>	SP_YMS020_YHBU_M_1	</identifier>
				<transform>
					<row0>	1.2648 0.0000 0.0000 0.0000	</row0>
					<row1>	0.0000 1.2612 0.0954 0.0000	</row1>
					<row2>	0.0000 -0.0954 1.2612 0.0000	</row2>
					<row3>	0.0000 0.0333 7.2953 1.0000	</row3>
				</transform>
			</node>
			<node>
				<identifier>	SP_YMS053_YHDC_S_1	</identifier>
				<transform>
					<row0>	0.9998 0.0212 -0.0002 0.0000	</row0>
					<row1>	-0.0212 0.9997 -0.0112 0.0000	</row1>
					<row2>	0.0000 0.0112 0.9999 0.0000	</row2>
					<row3>	-0.2147 0.5808 5.8425 1.0000	</row3>
				</transform>
			</node>
			<node>
				<identifier>	SP_YMS053_YHDC_S_1_INDEX_1	</identifier>
				<transform>
					<row0>	1.0000 0.0000 0.0000 0.0000	</row0>
					<row1>	0.0000 1.0000 0.0000 0.0000	</row1>
					<row2>	0.0000 0.0000 1.0000 0.0000	</row2>
					<row3>	-0.3305 0.5704 5.1005 1.0000	</row3>
				</transform>
			</node>
			<node>
				<identifier>	SP_YMS053_YHDC_S_1_INDEX_2	</identifier>
				<transform>
					<row0>	0.9996 -0.0265 0.0000 0.0000	</row0>
					<row1>	0.0265 0.9996 0.0000 0.0000	</row1>
					<row2>	0.0000 0.0000 1.0000 0.0000	</row2>
					<row3>	0.2718 0.5709 4.6624 1.0000	</row3>
				</transform>
			</node>
			<node>
				<identifier>	SP_YMS080_YHSL_M_1	</identifier>
				<transform>
					<row0>	0.7158 0.4422 -0.1184 0.0000	</row0>
					<row1>	-0.4370 0.7255 0.0676 0.0000	</row1>
					<row2>	0.1363 0.0039 0.8387 0.0000	</row2>
					<row3>	-0.2217 0.4003 6.3058 1.0000	</row3>
				</transform>
			</node>
			<node>
				<identifier>	SP_YMS080_YHSL_M_1_INDEX_1	</identifier>
				<transform>
					<row0>	0.7219 0.2514 -0.0928 0.0000	</row0>
					<row1>	-0.2515 0.7276 0.0144 0.0000	</row1>
					<row2>	0.0924 0.0168 0.7643 0.0000	</row2>
					<row3>	-0.2299 0.2370 5.7823 1.0000	</row3>
				</transform>
			</node>
			<node>
				<identifier>	SP_YMS081_YHSR_M_1	</identifier>
				<transform>
					<row0>	0.7158 -0.4422 0.1184 0.0000	</row0>
					<row1>	0.4370 0.7255 0.0676 0.0000	</row1>
					<row2>	-0.1363 0.0039 0.8387 0.0000	</row2>
					<row3>	0.2217 0.4003 6.3058 1.0000	</row3>
				</transform>
			</node>
			<node>
				<identifier>	SP_YMS081_YHSR_M_1_INDEX_1	</identifier>
				<transform>
					<row0>	0.7219 -0.2514 0.0928 0.0000	</row0>
					<row1>	0.2515 0.7276 0.0144 0.0000	</row1>
					<row2>	-0.0924 0.0168 0.7643 0.0000	</row2>
					<row3>	0.2299 0.2370 5.7823 1.0000	</row3>
				</transform>
			</node>
			<node>
				<identifier>	SP_YMS083_YHSC_L_1_INDEX_4	</identifier>
				<transform>
					<row0>	-0.1308 0.0062 1.4365 0.0000	</row0>
					<row1>	0.6710 1.2757 0.0556 0.0000	</row1>
					<row2>	-1.2702 0.6733 -0.1185 0.0000	</row2>
					<row3>	0.5174 0.5186 4.7432 1.0000	</row3>
				</transform>
			</node>
			<node>
				<identifier>	SP_YMS083_YHSC_L_1_INDEX_5	</identifier>
				<transform>
					<row0>	-0.1308 -0.0062 -1.4365 0.0000	</row0>
					<row1>	-0.6710 1.2757 0.0556 0.0000	</row1>
					<row2>	1.2702 0.6733 -0.1185 0.0000	</row2>
					<row3>	-0.5174 0.5186 4.7432 1.0000	</row3>
				</transform>
			</node>
		</node>
	</node>
	<boundingBox>
		<min>	-0.0667 -0.0667 -0.0667	</min>
		<max>	0.0667 0.0667 0.0667	</max>
	</boundingBox>
</ISC015_Torino_1943_Bow_ports.visual>
