<JSD013_Fubuki_1942_MidFront_ports.visual>
	<node>
		<identifier>	Scene Root	</identifier>
		<transform>
			<row0>	1.0000 0.0000 0.0000 0.0000	</row0>
			<row1>	0.0000 1.0000 0.0000 0.0000	</row1>
			<row2>	0.0000 0.0000 1.0000 0.0000	</row2>
			<row3>	0.0000 0.0000 0.0000 1.0000	</row3>
		</transform>
		<node>
			<identifier>	MidFront_ports	</identifier>
			<transform>
				<row0>	1.0000 0.0000 0.0000 0.0000	</row0>
				<row1>	0.0000 1.0000 0.0000 0.0000	</row1>
				<row2>	0.0000 0.0000 1.0000 0.0000	</row2>
				<row3>	0.0000 0.0000 0.0000 1.0000	</row3>
			</transform>
			<node>
				<identifier>	HP_FX_Death_2	</identifier>
				<transform>
					<row0>	1.0000 0.0000 0.0000 0.0000	</row0>
					<row1>	0.0000 1.0000 0.0000 0.0000	</row1>
					<row2>	0.0000 0.0000 1.0000 0.0000	</row2>
					<row3>	0.0000 0.0000 -0.7575 1.0000	</row3>
				</transform>
			</node>
			<node>
				<identifier>	HP_FX_Fire_2	</identifier>
				<transform>
					<row0>	1.0000 0.0000 0.0000 0.0000	</row0>
					<row1>	0.0000 1.0000 0.0000 0.0000	</row1>
					<row2>	0.0000 0.0000 1.0000 0.0000	</row2>
					<row3>	0.0000 0.3461 0.5424 1.0000	</row3>
				</transform>
			</node>
			<node>
				<identifier>	HP_FX_Fire_2_side_1	</identifier>
				<transform>
					<row0>	1.0000 0.0000 0.0000 0.0000	</row0>
					<row1>	0.0000 1.0000 0.0000 0.0000	</row1>
					<row2>	0.0000 0.0000 1.0000 0.0000	</row2>
					<row3>	-0.2069 0.3905 1.4214 1.0000	</row3>
				</transform>
			</node>
			<node>
				<identifier>	HP_FX_Fire_2_side_2	</identifier>
				<transform>
					<row0>	1.0000 0.0000 0.0000 0.0000	</row0>
					<row1>	0.0000 1.0000 0.0000 0.0000	</row1>
					<row2>	0.0000 0.0000 1.0000 0.0000	</row2>
					<row3>	0.3155 0.4215 -0.3036 1.0000	</row3>
				</transform>
			</node>
			<node>
				<identifier>	HP_FX_FloodLight_left_1	</identifier>
				<transform>
					<row0>	-1.0000 0.0000 0.0000 0.0000	</row0>
					<row1>	0.0000 1.0000 0.0000 0.0000	</row1>
					<row2>	0.0000 0.0000 -1.0000 0.0000	</row2>
					<row3>	-0.0820 0.5520 -0.0850 1.0000	</row3>
				</transform>
			</node>
			<node>
				<identifier>	HP_FX_FloodLight_left_2	</identifier>
				<transform>
					<row0>	-1.0000 0.0000 0.0000 0.0000	</row0>
					<row1>	0.0000 1.0000 0.0000 0.0000	</row1>
					<row2>	0.0000 0.0000 -1.0000 0.0000	</row2>
					<row3>	-0.1080 0.4780 1.6540 1.0000	</row3>
				</transform>
			</node>
			<node>
				<identifier>	HP_FX_FloodLight_right_1	</identifier>
				<transform>
					<row0>	1.0000 0.0000 0.0000 0.0000	</row0>
					<row1>	0.0000 1.0000 0.0000 0.0000	</row1>
					<row2>	0.0000 0.0000 1.0000 0.0000	</row2>
					<row3>	0.0820 0.5520 -0.0850 1.0000	</row3>
				</transform>
			</node>
			<node>
				<identifier>	HP_FX_FloodLight_right_2	</identifier>
				<transform>
					<row0>	1.0000 0.0000 0.0000 0.0000	</row0>
					<row1>	0.0000 1.0000 0.0000 0.0000	</row1>
					<row2>	0.0000 0.0000 1.0000 0.0000	</row2>
					<row3>	0.1020 0.4520 1.5920 1.0000	</row3>
				</transform>
			</node>
			<node>
				<identifier>	HP_FX_Flood_steam_1	</identifier>
				<transform>
					<row0>	0.5735 -0.8192 0.0000 0.0000	</row0>
					<row1>	0.8192 0.5735 0.0000 0.0000	</row1>
					<row2>	0.0000 0.0000 1.0000 0.0000	</row2>
					<row3>	0.1170 0.7700 0.8980 1.0000	</row3>
				</transform>
			</node>
			<node>
				<identifier>	HP_FX_Flood_steam_2	</identifier>
				<transform>
					<row0>	0.7280 0.6856 0.0000 0.0000	</row0>
					<row1>	-0.6856 0.7280 0.0000 0.0000	</row1>
					<row2>	0.0000 0.0000 1.0000 0.0000	</row2>
					<row3>	-0.1130 0.7560 -0.2150 1.0000	</row3>
				</transform>
			</node>
			<node>
				<identifier>	HP_FX_Flood_steam_3	</identifier>
				<transform>
					<row0>	0.9579 -0.2870 0.0000 0.0000	</row0>
					<row1>	0.2870 0.9579 0.0000 0.0000	</row1>
					<row2>	0.0000 0.0000 1.0000 0.0000	</row2>
					<row3>	0.1247 0.8058 -0.0980 1.0000	</row3>
				</transform>
			</node>
			<node>
				<identifier>	HP_FX_Flood_steam_exhaust_1	</identifier>
				<transform>
					<row0>	1.0000 0.0000 0.0000 0.0000	</row0>
					<row1>	0.0000 0.9715 -0.2372 0.0000	</row1>
					<row2>	0.0000 0.2372 0.9715 0.0000	</row2>
					<row3>	-0.0980 0.9261 1.0395 1.0000	</row3>
				</transform>
			</node>
			<node>
				<identifier>	HP_FX_Flood_steam_left	</identifier>
				<transform>
					<row0>	-1.0000 0.0000 0.0000 0.0000	</row0>
					<row1>	0.0000 1.0000 0.0000 0.0000	</row1>
					<row2>	0.0000 0.0000 -1.0000 0.0000	</row2>
					<row3>	-0.3410 0.2910 1.4340 1.0000	</row3>
				</transform>
			</node>
			<node>
				<identifier>	HP_FX_Flood_water_left	</identifier>
				<transform>
					<row0>	-1.0000 0.0000 0.0000 0.0000	</row0>
					<row1>	0.0000 1.0000 0.0000 0.0000	</row1>
					<row2>	0.0000 0.0000 -1.0000 0.0000	</row2>
					<row3>	-0.3372 0.0671 -0.2068 1.0000	</row3>
				</transform>
			</node>
			<node>
				<identifier>	HP_FX_Flood_water_left_2	</identifier>
				<transform>
					<row0>	-1.0000 0.0000 0.0000 0.0000	</row0>
					<row1>	0.0000 1.0000 0.0000 0.0000	</row1>
					<row2>	0.0000 0.0000 -1.0000 0.0000	</row2>
					<row3>	-0.2865 0.1376 1.3665 1.0000	</row3>
				</transform>
			</node>
			<node>
				<identifier>	HP_FX_Flood_water_right	</identifier>
				<transform>
					<row0>	1.0000 0.0000 0.0000 0.0000	</row0>
					<row1>	0.0000 1.0000 0.0000 0.0000	</row1>
					<row2>	0.0000 0.0000 1.0000 0.0000	</row2>
					<row3>	0.3410 0.0703 -0.2030 1.0000	</row3>
				</transform>
			</node>
			<node>
				<identifier>	HP_FX_Flood_water_right_2	</identifier>
				<transform>
					<row0>	1.0000 0.0000 0.0000 0.0000	</row0>
					<row1>	0.0000 1.0000 0.0000 0.0000	</row1>
					<row2>	0.0000 0.0000 1.0000 0.0000	</row2>
					<row3>	0.2882 0.1409 1.3695 1.0000	</row3>
				</transform>
			</node>
			<node>
				<identifier>	HP_FX_Smoke_1	</identifier>
				<transform>
					<row0>	1.0000 0.0000 0.0000 0.0000	</row0>
					<row1>	0.0000 0.9895 -0.1448 0.0000	</row1>
					<row2>	0.0000 0.1448 0.9895 0.0000	</row2>
					<row3>	0.0000 0.8241 0.9634 1.0000	</row3>
				</transform>
			</node>
			<node>
				<identifier>	HP_FX_Smoke_2	</identifier>
				<transform>
					<row0>	1.0000 0.0000 0.0000 0.0000	</row0>
					<row1>	0.0000 0.9811 -0.1933 0.0000	</row1>
					<row2>	0.0000 0.1933 0.9811 0.0000	</row2>
					<row3>	0.0000 0.8185 -0.1559 1.0000	</row3>
				</transform>
			</node>
			<node>
				<identifier>	HP_Flagpole	</identifier>
				<transform>
					<row0>	0.5998 0.0000 0.0000 0.0000	</row0>
					<row1>	0.0000 0.5963 -0.0649 0.0000	</row1>
					<row2>	0.0000 0.0649 0.5963 0.0000	</row2>
					<row3>	0.0000 1.5904 1.2953 1.0000	</row3>
				</transform>
			</node>
			<node>
				<identifier>	HP_JD_1	</identifier>
				<transform>
					<row0>	-1.0000 0.0000 0.0000 0.0000	</row0>
					<row1>	0.0000 1.0000 0.0000 0.0000	</row1>
					<row2>	0.0000 0.0000 -1.0000 0.0000	</row2>
					<row3>	0.0000 0.7769 1.6908 1.0000	</row3>
				</transform>
			</node>
			<node>
				<identifier>	HP_JF_1	</identifier>
				<transform>
					<row0>	1.0000 0.0000 0.0000 0.0000	</row0>
					<row1>	0.0000 1.0000 0.0000 0.0000	</row1>
					<row2>	0.0000 0.0000 1.0000 0.0000	</row2>
					<row3>	-0.0730 0.8381 1.7579 1.0000	</row3>
				</transform>
			</node>
			<node>
				<identifier>	HP_JF_2	</identifier>
				<transform>
					<row0>	1.0000 0.0000 0.0000 0.0000	</row0>
					<row1>	0.0000 1.0000 0.0000 0.0000	</row1>
					<row2>	0.0000 0.0000 1.0000 0.0000	</row2>
					<row3>	0.0000 0.8288 1.5826 1.0000	</row3>
				</transform>
			</node>
			<node>
				<identifier>	HP_JGA_1	</identifier>
				<transform>
					<row0>	1.0000 0.0000 0.0000 0.0000	</row0>
					<row1>	0.0000 1.0000 0.0000 0.0000	</row1>
					<row2>	0.0000 0.0000 1.0000 0.0000	</row2>
					<row3>	0.0000 0.5524 0.1876 1.0000	</row3>
				</transform>
			</node>
			<node>
				<identifier>	HP_JGT_1	</identifier>
				<transform>
					<row0>	1.0000 0.0000 0.0000 0.0000	</row0>
					<row1>	0.0000 1.0000 0.0000 0.0000	</row1>
					<row2>	0.0000 0.0000 1.0000 0.0000	</row2>
					<row3>	0.0000 0.3367 0.5297 1.0000	</row3>
				</transform>
			</node>
			<node>
				<identifier>	HP_flag_1	</identifier>
				<transform>
					<row0>	0.9981 -0.0599 0.0126 0.0000	</row0>
					<row1>	0.0599 0.9130 -0.4035 0.0000	</row1>
					<row2>	0.0126 0.4035 0.9149 0.0000	</row2>
					<row3>	0.2593 1.2429 1.3357 1.0000	</row3>
				</transform>
			</node>
			<node>
				<identifier>	HP_flag_2	</identifier>
				<transform>
					<row0>	0.9981 0.0599 -0.0126 0.0000	</row0>
					<row1>	-0.0599 0.9130 -0.4035 0.0000	</row1>
					<row2>	-0.0126 0.4035 0.9149 0.0000	</row2>
					<row3>	-0.2605 1.2428 1.3358 1.0000	</row3>
				</transform>
			</node>
			<node>
				<identifier>	HP_flag_3	</identifier>
				<transform>
					<row0>	0.9883 0.1494 -0.0314 0.0000	</row0>
					<row1>	-0.1494 0.9042 -0.4001 0.0000	</row1>
					<row2>	-0.0314 0.4001 0.9159 0.0000	</row2>
					<row3>	0.1202 1.2420 1.3358 1.0000	</row3>
				</transform>
			</node>
			<node>
				<identifier>	HP_flag_4	</identifier>
				<transform>
					<row0>	0.9883 -0.1494 0.0314 0.0000	</row0>
					<row1>	0.1494 0.9042 -0.4001 0.0000	</row1>
					<row2>	0.0314 0.4001 0.9159 0.0000	</row2>
					<row3>	-0.1213 1.2421 1.3357 1.0000	</row3>
				</transform>
			</node>
			<node>
				<identifier>	HP_flag_courtesy	</identifier>
				<transform>
					<row0>	0.9856 -0.1691 0.0074 0.0000	</row0>
					<row1>	0.1691 0.9817 -0.0871 0.0000	</row1>
					<row2>	0.0074 0.0871 0.9962 0.0000	</row2>
					<row3>	0.2075 1.4321 1.1976 1.0000	</row3>
				</transform>
			</node>
			<node>
				<identifier>	HP_flag_house	</identifier>
				<transform>
					<row0>	0.9856 0.1691 -0.0074 0.0000	</row0>
					<row1>	-0.1691 0.9817 -0.0871 0.0000	</row1>
					<row2>	-0.0074 0.0871 0.9962 0.0000	</row2>
					<row3>	-0.2086 1.4319 1.1978 1.0000	</row3>
				</transform>
			</node>
			<node>
				<identifier>	HP_flag_rank	</identifier>
				<transform>
					<row0>	1.0000 0.0000 0.0000 0.0000	</row0>
					<row1>	0.0000 0.9941 -0.1083 0.0000	</row1>
					<row2>	0.0000 0.1083 0.9941 0.0000	</row2>
					<row3>	0.0000 1.5818 1.3018 1.0000	</row3>
				</transform>
			</node>
			<node>
				<identifier>	MP_CM011_Fire_Fighting_Gear	</identifier>
				<transform>
					<row0>	0.1470 0.0000 1.4928 0.0000	</row0>
					<row1>	0.0000 1.5000 0.0000 0.0000	</row1>
					<row2>	-1.4928 0.0000 0.1470 0.0000	</row2>
					<row3>	0.1245 0.3838 1.6100 1.0000	</row3>
				</transform>
			</node>
			<node>
				<identifier>	MP_CM011_Fire_Fighting_Gear_INDEX_1	</identifier>
				<transform>
					<row0>	0.0000 0.0000 -1.5000 0.0000	</row0>
					<row1>	0.0000 1.5000 0.0000 0.0000	</row1>
					<row2>	1.5000 0.0000 0.0000 0.0000	</row2>
					<row3>	-0.1971 0.2239 0.6320 1.0000	</row3>
				</transform>
			</node>
			<node>
				<identifier>	MP_CM013_Fire_Hose_Rack_2	</identifier>
				<transform>
					<row0>	-0.9928 0.0000 0.1199 0.0000	</row0>
					<row1>	0.0000 1.0000 0.0000 0.0000	</row1>
					<row2>	-0.1199 0.0000 -0.9928 0.0000	</row2>
					<row3>	0.1009 0.4424 1.6366 1.0000	</row3>
				</transform>
			</node>
			<node>
				<identifier>	MP_CM013_Fire_Hose_Rack_2_INDEX_1	</identifier>
				<transform>
					<row0>	1.0000 0.0000 0.0000 0.0000	</row0>
					<row1>	0.0000 1.0000 0.0000 0.0000	</row1>
					<row2>	0.0000 0.0000 1.0000 0.0000	</row2>
					<row3>	-0.1788 0.2873 0.5754 1.0000	</row3>
				</transform>
			</node>
			<node>
				<identifier>	MP_CM059_Ladder_Cruiser	</identifier>
				<transform>
					<row0>	0.0000 -1.0000 0.0000 0.0000	</row0>
					<row1>	0.9995 0.0000 -0.0304 0.0000	</row1>
					<row2>	0.0304 0.0000 0.9995 0.0000	</row2>
					<row3>	-0.2812 0.2574 1.2543 1.0000	</row3>
				</transform>
			</node>
			<node>
				<identifier>	MP_CM117_Ladder_Cruiser_L	</identifier>
				<transform>
					<row0>	0.0000 1.0000 0.0000 0.0000	</row0>
					<row1>	-0.9998 0.0000 -0.0209 0.0000	</row1>
					<row2>	-0.0209 0.0000 0.9998 0.0000	</row2>
					<row3>	0.2923 0.2575 1.2545 1.0000	</row3>
				</transform>
			</node>
			<node>
				<identifier>	MP_JM006_Binocular_1	</identifier>
				<transform>
					<row0>	0.0000 0.0000 1.3009 0.0000	</row0>
					<row1>	0.0000 1.3009 0.0000 0.0000	</row1>
					<row2>	-1.3009 0.0000 0.0000 0.0000	</row2>
					<row3>	0.0000 0.6485 1.3546 1.0000	</row3>
				</transform>
			</node>
			<node>
				<identifier>	MP_JM008_Searchlight	</identifier>
				<transform>
					<row0>	1.0000 0.0000 0.0000 0.0000	</row0>
					<row1>	0.0000 1.0000 0.0000 0.0000	</row1>
					<row2>	0.0000 0.0000 1.0000 0.0000	</row2>
					<row3>	0.0000 0.5774 -0.4283 1.0000	</row3>
				</transform>
			</node>
			<node>
				<identifier>	MP_JM010_Deck_Lamp	</identifier>
				<transform>
					<row0>	1.0000 0.0000 0.0000 0.0000	</row0>
					<row1>	0.0000 1.0000 0.0000 0.0000	</row1>
					<row2>	0.0000 0.0000 1.0000 0.0000	</row2>
					<row3>	0.1116 0.8023 1.6347 1.0000	</row3>
				</transform>
			</node>
			<node>
				<identifier>	MP_JM010_Deck_Lamp_INDEX_1	</identifier>
				<transform>
					<row0>	1.0000 0.0000 0.0000 0.0000	</row0>
					<row1>	0.0000 1.0000 0.0000 0.0000	</row1>
					<row2>	0.0000 0.0000 1.0000 0.0000	</row2>
					<row3>	-0.1125 0.8023 1.6347 1.0000	</row3>
				</transform>
			</node>
			<node>
				<identifier>	MP_JM031_Wind_Intensity	</identifier>
				<transform>
					<row0>	0.5000 0.0000 0.0000 0.0000	</row0>
					<row1>	0.0000 0.5000 0.0000 0.0000	</row1>
					<row2>	0.0000 0.0000 0.5000 0.0000	</row2>
					<row3>	0.0000 1.6329 1.3016 1.0000	</row3>
				</transform>
			</node>
			<node>
				<identifier>	MP_JM034_Davit_4	</identifier>
				<transform>
					<row0>	0.9997 0.0000 -0.0252 0.0000	</row0>
					<row1>	0.0000 1.0000 0.0000 0.0000	</row1>
					<row2>	0.0252 0.0000 0.9997 0.0000	</row2>
					<row3>	0.2876 0.3878 2.0309 1.0000	</row3>
				</transform>
			</node>
			<node>
				<identifier>	MP_JM034_Davit_4_INDEX_1	</identifier>
				<transform>
					<row0>	0.8660 0.0000 -0.5000 0.0000	</row0>
					<row1>	0.0000 1.0000 0.0000 0.0000	</row1>
					<row2>	0.5000 0.0000 0.8660 0.0000	</row2>
					<row3>	0.2932 0.3867 1.7208 1.0000	</row3>
				</transform>
			</node>
			<node>
				<identifier>	MP_JM034_Davit_4_INDEX_2	</identifier>
				<transform>
					<row0>	-0.9992 0.0001 -0.0409 0.0000	</row0>
					<row1>	0.0001 1.0000 0.0000 0.0000	</row1>
					<row2>	0.0409 0.0000 -0.9992 0.0000	</row2>
					<row3>	-0.2876 0.3878 2.0309 1.0000	</row3>
				</transform>
			</node>
			<node>
				<identifier>	MP_JM034_Davit_4_INDEX_3	</identifier>
				<transform>
					<row0>	-0.8660 0.0000 -0.5000 0.0000	</row0>
					<row1>	0.0000 1.0000 0.0000 0.0000	</row1>
					<row2>	0.5000 0.0000 -0.8660 0.0000	</row2>
					<row3>	-0.2932 0.3867 1.7208 1.0000	</row3>
				</transform>
			</node>
			<node>
				<identifier>	MP_JM037_Cutter_9m	</identifier>
				<transform>
					<row0>	0.7594 0.0000 0.0301 0.0000	</row0>
					<row1>	0.0000 0.7600 0.0000 0.0000	</row1>
					<row2>	-0.0305 0.0000 0.7694 0.0000	</row2>
					<row3>	0.2104 0.4285 1.9347 1.0000	</row3>
				</transform>
			</node>
			<node>
				<identifier>	MP_JM037_Cutter_9m_INDEX_1	</identifier>
				<transform>
					<row0>	0.7591 0.0000 -0.0242 0.0000	</row0>
					<row1>	0.0000 0.7595 0.0000 0.0000	</row1>
					<row2>	0.0248 0.0000 0.7762 0.0000	</row2>
					<row3>	-0.2114 0.4290 1.9340 1.0000	</row3>
				</transform>
			</node>
			<node>
				<identifier>	MP_JM038_Motor_Boats_11m	</identifier>
				<transform>
					<row0>	0.8998 0.0000 -0.0181 0.0000	</row0>
					<row1>	0.0000 0.9000 0.0000 0.0000	</row1>
					<row2>	0.0181 0.0000 0.8998 0.0000	</row2>
					<row3>	0.3074 0.3432 -0.4371 1.0000	</row3>
				</transform>
			</node>
			<node>
				<identifier>	MP_JM050_Davit_3	</identifier>
				<transform>
					<row0>	-1.2000 0.0000 0.0000 0.0000	</row0>
					<row1>	0.0000 1.2000 0.0000 0.0000	</row1>
					<row2>	0.0000 0.0000 -1.2000 0.0000	</row2>
					<row3>	0.2848 0.2246 -0.5928 1.0000	</row3>
				</transform>
			</node>
			<node>
				<identifier>	MP_JM050_Davit_3_INDEX_1	</identifier>
				<transform>
					<row0>	-1.2000 0.0000 0.0000 0.0000	</row0>
					<row1>	0.0000 1.2000 0.0000 0.0000	</row1>
					<row2>	0.0000 0.0000 -1.2000 0.0000	</row2>
					<row3>	0.2839 0.2253 -0.3174 1.0000	</row3>
				</transform>
			</node>
			<node>
				<identifier>	MP_JM058_Deck_Hatch_7	</identifier>
				<transform>
					<row0>	1.0000 0.0000 0.0000 0.0000	</row0>
					<row1>	0.0000 1.0000 0.0000 0.0000	</row1>
					<row2>	0.0000 0.0000 1.0000 0.0000	</row2>
					<row3>	0.0006 0.5528 0.2726 1.0000	</row3>
				</transform>
			</node>
			<node>
				<identifier>	MP_JM058_Deck_Hatch_7_INDEX_1	</identifier>
				<transform>
					<row0>	-1.0000 0.0000 0.0000 0.0000	</row0>
					<row1>	0.0000 1.0000 0.0000 0.0000	</row1>
					<row2>	0.0000 0.0000 -1.0000 0.0000	</row2>
					<row3>	0.0049 0.5528 0.1025 1.0000	</row3>
				</transform>
			</node>
			<node>
				<identifier>	MP_JM077_Antenna_1	</identifier>
				<transform>
					<row0>	1.0000 0.0000 0.0000 0.0000	</row0>
					<row1>	0.0000 1.0000 0.0000 0.0000	</row1>
					<row2>	0.0000 0.0000 1.0000 0.0000	</row2>
					<row3>	-0.0052 0.5825 -0.6526 1.0000	</row3>
				</transform>
			</node>
			<node>
				<identifier>	MP_JM092_Running_Lights_R	</identifier>
				<transform>
					<row0>	1.0000 0.0000 0.0000 0.0000	</row0>
					<row1>	0.0000 1.0000 0.0000 0.0000	</row1>
					<row2>	0.0000 0.0000 1.0000 0.0000	</row2>
					<row3>	0.1601 0.6688 1.8155 1.0000	</row3>
				</transform>
			</node>
			<node>
				<identifier>	MP_JM093_Running_Lights_L	</identifier>
				<transform>
					<row0>	1.0000 0.0000 0.0000 0.0000	</row0>
					<row1>	0.0000 1.0000 0.0000 0.0000	</row1>
					<row2>	0.0000 0.0000 1.0000 0.0000	</row2>
					<row3>	-0.1554 0.6688 1.8155 1.0000	</row3>
				</transform>
			</node>
			<node>
				<identifier>	MP_JM107_Binocular_2	</identifier>
				<transform>
					<row0>	0.0000 0.0000 1.0000 0.0000	</row0>
					<row1>	0.0000 1.0000 0.0000 0.0000	</row1>
					<row2>	-1.0000 0.0000 0.0000 0.0000	</row2>
					<row3>	0.0602 0.6474 1.9336 1.0000	</row3>
				</transform>
			</node>
			<node>
				<identifier>	MP_JM107_Binocular_2_INDEX_1	</identifier>
				<transform>
					<row0>	-1.0000 0.0000 0.0000 0.0000	</row0>
					<row1>	0.0000 1.0000 0.0000 0.0000	</row1>
					<row2>	0.0000 0.0000 -1.0000 0.0000	</row2>
					<row3>	-0.1020 0.6474 1.8824 1.0000	</row3>
				</transform>
			</node>
			<node>
				<identifier>	MP_JM107_Binocular_2_INDEX_2	</identifier>
				<transform>
					<row0>	0.0000 0.0000 1.0000 0.0000	</row0>
					<row1>	0.0000 1.0000 0.0000 0.0000	</row1>
					<row2>	-1.0000 0.0000 0.0000 0.0000	</row2>
					<row3>	-0.0605 0.6474 1.9334 1.0000	</row3>
				</transform>
			</node>
			<node>
				<identifier>	MP_JM107_Binocular_2_INDEX_3	</identifier>
				<transform>
					<row0>	1.0000 0.0000 0.0000 0.0000	</row0>
					<row1>	0.0000 1.0000 0.0000 0.0000	</row1>
					<row2>	0.0000 0.0000 1.0000 0.0000	</row2>
					<row3>	0.1025 0.6474 1.8829 1.0000	</row3>
				</transform>
			</node>
			<node>
				<identifier>	MP_JM113_Flag_Box	</identifier>
				<transform>
					<row0>	1.0000 0.0000 0.0000 0.0000	</row0>
					<row1>	0.0000 1.0000 0.0000 0.0000	</row1>
					<row2>	0.0000 0.0000 1.0000 0.0000	</row2>
					<row3>	0.0610 0.6487 1.2667 1.0000	</row3>
				</transform>
			</node>
			<node>
				<identifier>	MP_JM113_Flag_Box_INDEX_1	</identifier>
				<transform>
					<row0>	1.0000 0.0000 0.0000 0.0000	</row0>
					<row1>	0.0000 1.0000 0.0000 0.0000	</row1>
					<row2>	0.0000 0.0000 1.0000 0.0000	</row2>
					<row3>	-0.0610 0.6487 1.2667 1.0000	</row3>
				</transform>
			</node>
			<node>
				<identifier>	MP_JM194_Ventilation	</identifier>
				<transform>
					<row0>	0.4966 0.0000 -0.0582 0.0000	</row0>
					<row1>	0.0000 -0.5000 0.0000 0.0000	</row1>
					<row2>	-0.0582 0.0000 -0.4966 0.0000	</row2>
					<row3>	0.1152 0.4828 1.7681 1.0000	</row3>
				</transform>
			</node>
			<node>
				<identifier>	MP_JM219_Barbette_TA	</identifier>
				<transform>
					<row0>	1.0000 0.0000 0.0000 0.0000	</row0>
					<row1>	0.0000 1.0000 0.0000 0.0000	</row1>
					<row2>	0.0000 0.0000 1.0000 0.0000	</row2>
					<row3>	0.0000 0.3007 0.5297 1.0000	</row3>
				</transform>
			</node>
			<node>
				<identifier>	MP_JM243_Gyro_1	</identifier>
				<transform>
					<row0>	1.0000 0.0000 0.0000 0.0000	</row0>
					<row1>	0.0000 1.0000 0.0000 0.0000	</row1>
					<row2>	0.0000 0.0000 1.0000 0.0000	</row2>
					<row3>	0.0000 0.6473 1.8727 1.0000	</row3>
				</transform>
			</node>
			<node>
				<identifier>	MP_JM244_Gyro_2	</identifier>
				<transform>
					<row0>	1.0996 0.0000 0.0000 0.0000	</row0>
					<row1>	0.0000 1.0996 0.0000 0.0000	</row1>
					<row2>	0.0000 0.0000 1.0996 0.0000	</row2>
					<row3>	0.0000 0.6486 1.9373 1.0000	</row3>
				</transform>
			</node>
			<node>
				<identifier>	MP_JM255_Double_Gauge	</identifier>
				<transform>
					<row0>	0.1109 0.0000 -0.9938 0.0000	</row0>
					<row1>	0.0000 1.0000 0.0000 0.0000	</row1>
					<row2>	0.9938 0.0000 0.1109 0.0000	</row2>
					<row3>	0.1385 0.7132 1.8613 1.0000	</row3>
				</transform>
			</node>
			<node>
				<identifier>	MP_JM256_Gauge_7	</identifier>
				<transform>
					<row0>	1.0000 0.0000 0.0000 0.0000	</row0>
					<row1>	0.0000 0.9043 0.4268 0.0000	</row1>
					<row2>	0.0000 -0.4268 0.9043 0.0000	</row2>
					<row3>	0.0282 0.7064 1.9849 1.0000	</row3>
				</transform>
			</node>
			<node>
				<identifier>	MP_JM259_Gauge_8	</identifier>
				<transform>
					<row0>	1.0000 0.0000 0.0000 0.0000	</row0>
					<row1>	0.0000 0.9059 0.4235 0.0000	</row1>
					<row2>	0.0000 -0.4235 0.9059 0.0000	</row2>
					<row3>	-0.0273 0.7067 1.9850 1.0000	</row3>
				</transform>
			</node>
			<node>
				<identifier>	MP_JM263_Small_fuse_box	</identifier>
				<transform>
					<row0>	0.1393 0.0000 1.2141 0.0000	</row0>
					<row1>	0.0000 1.2221 0.0000 0.0000	</row1>
					<row2>	-1.2141 0.0000 0.1393 0.0000	</row2>
					<row3>	-0.1385 0.7076 1.8613 1.0000	</row3>
				</transform>
			</node>
			<node>
				<identifier>	MP_JM277_Binocular	</identifier>
				<transform>
					<row0>	1.0000 0.0000 0.0000 0.0000	</row0>
					<row1>	0.0000 1.0000 0.0000 0.0000	</row1>
					<row2>	0.0000 0.0000 1.0000 0.0000	</row2>
					<row3>	0.0738 0.8381 1.7579 1.0000	</row3>
				</transform>
			</node>
			<node>
				<identifier>	MP_JM297_Signal_platorm	</identifier>
				<transform>
					<row0>	0.0339 0.0000 -0.9994 0.0000	</row0>
					<row1>	0.0000 1.0000 0.0000 0.0000	</row1>
					<row2>	0.9994 0.0000 0.0339 0.0000	</row2>
					<row3>	0.1532 0.8006 1.7158 1.0000	</row3>
				</transform>
			</node>
			<node>
				<identifier>	MP_JM297_Signal_platorm_INDEX_1	</identifier>
				<transform>
					<row0>	0.0339 0.0000 0.9994 0.0000	</row0>
					<row1>	0.0000 1.0000 0.0000 0.0000	</row1>
					<row2>	-0.9994 0.0000 0.0339 0.0000	</row2>
					<row3>	-0.1532 0.8006 1.7158 1.0000	</row3>
				</transform>
			</node>
			<node>
				<identifier>	MP_JM368_Life_Buoy	</identifier>
				<transform>
					<row0>	0.1603 0.0000 -0.9871 0.0000	</row0>
					<row1>	0.0000 1.0000 0.0000 0.0000	</row1>
					<row2>	0.9871 0.0000 0.1603 0.0000	</row2>
					<row3>	-0.1433 0.7068 1.6626 1.0000	</row3>
				</transform>
			</node>
			<node>
				<identifier>	MP_JM368_Life_Buoy_INDEX_1	</identifier>
				<transform>
					<row0>	0.1603 0.0000 0.9871 0.0000	</row0>
					<row1>	0.0000 1.0000 0.0000 0.0000	</row1>
					<row2>	-0.9871 0.0000 0.1603 0.0000	</row2>
					<row3>	0.1433 0.7068 1.6626 1.0000	</row3>
				</transform>
			</node>
		</node>
	</node>
	<boundingBox>
		<min>	-0.0667 -0.0667 -0.0667	</min>
		<max>	0.0667 0.0667 0.0667	</max>
	</boundingBox>
</JSD013_Fubuki_1942_MidFront_ports.visual>
