<JSD015_Yugumo_1941_MidFront_ports.visual>
	<node>
		<identifier>	Scene Root	</identifier>
		<transform>
			<row0>	1.0000 0.0000 0.0000 0.0000	</row0>
			<row1>	0.0000 1.0000 0.0000 0.0000	</row1>
			<row2>	0.0000 0.0000 1.0000 0.0000	</row2>
			<row3>	0.0000 0.0000 0.0000 1.0000	</row3>
		</transform>
		<node>
			<identifier>	MidFront_ports	</identifier>
			<transform>
				<row0>	1.0000 0.0000 0.0000 0.0000	</row0>
				<row1>	0.0000 1.0000 0.0000 0.0000	</row1>
				<row2>	0.0000 0.0000 1.0000 0.0000	</row2>
				<row3>	0.0000 0.0000 0.0000 1.0000	</row3>
			</transform>
			<node>
				<identifier>	HP_FX_Death_2	</identifier>
				<transform>
					<row0>	1.0000 0.0000 0.0000 0.0000	</row0>
					<row1>	0.0000 1.0000 0.0000 0.0000	</row1>
					<row2>	0.0000 0.0000 1.0000 0.0000	</row2>
					<row3>	0.0000 0.0000 -0.4176 1.0000	</row3>
				</transform>
			</node>
			<node>
				<identifier>	HP_FX_Fire_2	</identifier>
				<transform>
					<row0>	1.0000 0.0000 0.0000 0.0000	</row0>
					<row1>	0.0000 1.0000 0.0000 0.0000	</row1>
					<row2>	0.0000 0.0000 1.0000 0.0000	</row2>
					<row3>	0.0000 0.6986 1.8204 1.0000	</row3>
				</transform>
			</node>
			<node>
				<identifier>	HP_FX_Fire_2_side_1	</identifier>
				<transform>
					<row0>	1.0000 0.0000 0.0000 0.0000	</row0>
					<row1>	0.0000 1.0000 0.0000 0.0000	</row1>
					<row2>	0.0000 0.0000 1.0000 0.0000	</row2>
					<row3>	-0.2615 0.4836 1.9084 1.0000	</row3>
				</transform>
			</node>
			<node>
				<identifier>	HP_FX_Fire_2_side_2	</identifier>
				<transform>
					<row0>	1.0000 0.0000 0.0000 0.0000	</row0>
					<row1>	0.0000 1.0000 0.0000 0.0000	</row1>
					<row2>	0.0000 0.0000 1.0000 0.0000	</row2>
					<row3>	0.1622 0.5324 0.7598 1.0000	</row3>
				</transform>
			</node>
			<node>
				<identifier>	HP_FX_Fire_2_side_3	</identifier>
				<transform>
					<row0>	1.0000 0.0000 0.0000 0.0000	</row0>
					<row1>	0.0000 1.0000 0.0000 0.0000	</row1>
					<row2>	0.0000 0.0000 1.0000 0.0000	</row2>
					<row3>	-0.3090 0.3784 -0.1680 1.0000	</row3>
				</transform>
			</node>
			<node>
				<identifier>	HP_FX_FloodLight_left_1	</identifier>
				<transform>
					<row0>	-1.0000 0.0000 0.0000 0.0000	</row0>
					<row1>	0.0000 1.0000 0.0000 0.0000	</row1>
					<row2>	0.0000 0.0000 -1.0000 0.0000	</row2>
					<row3>	-0.0570 0.5520 -0.0260 1.0000	</row3>
				</transform>
			</node>
			<node>
				<identifier>	HP_FX_FloodLight_left_2	</identifier>
				<transform>
					<row0>	-1.0000 0.0000 0.0000 0.0000	</row0>
					<row1>	0.0000 1.0000 0.0000 0.0000	</row1>
					<row2>	0.0000 0.0000 -1.0000 0.0000	</row2>
					<row3>	-0.1360 0.5380 1.9510 1.0000	</row3>
				</transform>
			</node>
			<node>
				<identifier>	HP_FX_FloodLight_right_1	</identifier>
				<transform>
					<row0>	1.0000 0.0000 0.0000 0.0000	</row0>
					<row1>	0.0000 1.0000 0.0000 0.0000	</row1>
					<row2>	0.0000 0.0000 1.0000 0.0000	</row2>
					<row3>	0.0570 0.5520 -0.0260 1.0000	</row3>
				</transform>
			</node>
			<node>
				<identifier>	HP_FX_FloodLight_right_2	</identifier>
				<transform>
					<row0>	1.0000 0.0000 0.0000 0.0000	</row0>
					<row1>	0.0000 1.0000 0.0000 0.0000	</row1>
					<row2>	0.0000 0.0000 1.0000 0.0000	</row2>
					<row3>	0.1360 0.5380 1.9590 1.0000	</row3>
				</transform>
			</node>
			<node>
				<identifier>	HP_FX_Flood_steam_1	</identifier>
				<transform>
					<row0>	0.5904 0.7677 0.2490 0.0000	</row0>
					<row1>	-0.7074 0.6408 -0.2983 0.0000	</row1>
					<row2>	-0.3886 0.0000 0.9214 0.0000	</row2>
					<row3>	0.0021 0.6980 0.8674 1.0000	</row3>
				</transform>
			</node>
			<node>
				<identifier>	HP_FX_Flood_steam_2	</identifier>
				<transform>
					<row0>	0.5871 -0.8095 0.0000 0.0000	</row0>
					<row1>	0.8095 0.5871 0.0000 0.0000	</row1>
					<row2>	0.0000 0.0000 1.0000 0.0000	</row2>
					<row3>	0.0581 0.6850 0.8973 1.0000	</row3>
				</transform>
			</node>
			<node>
				<identifier>	HP_FX_Flood_steam_3	</identifier>
				<transform>
					<row0>	0.6527 0.0000 -0.7576 0.0000	</row0>
					<row1>	-0.7546 0.0891 -0.6501 0.0000	</row1>
					<row2>	0.0675 0.9960 0.0582 0.0000	</row2>
					<row3>	-0.0670 0.6920 0.0390 1.0000	</row3>
				</transform>
			</node>
			<node>
				<identifier>	HP_FX_Flood_steam_4	</identifier>
				<transform>
					<row0>	0.6982 0.2867 -0.6560 0.0000	</row0>
					<row1>	0.5741 0.3232 0.7523 0.0000	</row1>
					<row2>	0.4277 -0.9018 0.0611 0.0000	</row2>
					<row3>	-0.0136 0.6981 0.0860 1.0000	</row3>
				</transform>
			</node>
			<node>
				<identifier>	HP_FX_Flood_steam_exhaust_1	</identifier>
				<transform>
					<row0>	1.0000 0.0000 0.0000 0.0000	</row0>
					<row1>	0.0000 1.0000 0.0000 0.0000	</row1>
					<row2>	0.0000 0.0000 1.0000 0.0000	</row2>
					<row3>	-0.1270 0.8898 1.0467 1.0000	</row3>
				</transform>
			</node>
			<node>
				<identifier>	HP_FX_Flood_steam_left	</identifier>
				<transform>
					<row0>	-1.0000 0.0000 0.0000 0.0000	</row0>
					<row1>	0.0000 1.0000 0.0000 0.0000	</row1>
					<row2>	0.0000 0.0000 -1.0000 0.0000	</row2>
					<row3>	-0.3600 0.2570 1.7110 1.0000	</row3>
				</transform>
			</node>
			<node>
				<identifier>	HP_FX_Flood_water_left_2	</identifier>
				<transform>
					<row0>	-1.0000 0.0000 0.0000 0.0000	</row0>
					<row1>	0.0000 1.0000 0.0000 0.0000	</row1>
					<row2>	0.0000 0.0000 -1.0000 0.0000	</row2>
					<row3>	-0.3583 0.0133 -0.2258 1.0000	</row3>
				</transform>
			</node>
			<node>
				<identifier>	HP_FX_Flood_water_right_2	</identifier>
				<transform>
					<row0>	1.0000 0.0000 0.0000 0.0000	</row0>
					<row1>	0.0000 1.0000 0.0000 0.0000	</row1>
					<row2>	0.0000 0.0000 1.0000 0.0000	</row2>
					<row3>	0.3582 0.0130 -0.2249 1.0000	</row3>
				</transform>
			</node>
			<node>
				<identifier>	HP_FX_Smoke_1	</identifier>
				<transform>
					<row0>	1.0000 0.0000 0.0000 0.0000	</row0>
					<row1>	0.0000 0.9970 -0.0777 0.0000	</row1>
					<row2>	0.0000 0.0777 0.9970 0.0000	</row2>
					<row3>	0.0000 0.7099 1.0234 1.0000	</row3>
				</transform>
			</node>
			<node>
				<identifier>	HP_FX_Smoke_2	</identifier>
				<transform>
					<row0>	1.0000 0.0000 0.0000 0.0000	</row0>
					<row1>	0.0000 0.9988 -0.0486 0.0000	</row1>
					<row2>	0.0000 0.0486 0.9988 0.0000	</row2>
					<row3>	0.0000 0.6557 -0.0307 1.0000	</row3>
				</transform>
			</node>
			<node>
				<identifier>	HP_Flagpole	</identifier>
				<transform>
					<row0>	0.5299 0.0000 0.0000 0.0000	</row0>
					<row1>	0.0000 0.5185 -0.1094 0.0000	</row1>
					<row2>	0.0000 0.1094 0.5185 0.0000	</row2>
					<row3>	0.0000 1.4135 1.3380 1.0000	</row3>
				</transform>
			</node>
			<node>
				<identifier>	HP_JD_1	</identifier>
				<transform>
					<row0>	1.0000 0.0000 0.0000 0.0000	</row0>
					<row1>	0.0000 1.0000 0.0000 0.0000	</row1>
					<row2>	0.0000 0.0000 1.0000 0.0000	</row2>
					<row3>	0.0000 0.7346 1.7049 1.0000	</row3>
				</transform>
			</node>
			<node>
				<identifier>	HP_JGA_1	</identifier>
				<transform>
					<row0>	0.7100 0.0308 0.7035 0.0000	</row0>
					<row1>	-0.0360 0.9993 -0.0074 0.0000	</row1>
					<row2>	-0.7033 -0.0201 0.7106 0.0000	</row2>
					<row3>	-0.1971 0.3269 2.3812 1.0000	</row3>
				</transform>
			</node>
			<node>
				<identifier>	HP_JGA_2	</identifier>
				<transform>
					<row0>	0.7100 -0.0308 -0.7035 0.0000	</row0>
					<row1>	0.0360 0.9993 -0.0074 0.0000	</row1>
					<row2>	0.7033 -0.0201 0.7106 0.0000	</row2>
					<row3>	0.1971 0.3269 2.3812 1.0000	</row3>
				</transform>
			</node>
			<node>
				<identifier>	HP_JGA_3	</identifier>
				<transform>
					<row0>	0.7100 0.0308 0.7035 0.0000	</row0>
					<row1>	-0.0360 0.9993 -0.0074 0.0000	</row1>
					<row2>	-0.7033 -0.0201 0.7106 0.0000	</row2>
					<row3>	-0.2310 0.3269 2.2156 1.0000	</row3>
				</transform>
			</node>
			<node>
				<identifier>	HP_JGA_4	</identifier>
				<transform>
					<row0>	0.7100 -0.0308 -0.7035 0.0000	</row0>
					<row1>	0.0360 0.9993 -0.0074 0.0000	</row1>
					<row2>	0.7033 -0.0201 0.7106 0.0000	</row2>
					<row3>	0.2310 0.3269 2.2156 1.0000	</row3>
				</transform>
			</node>
			<node>
				<identifier>	HP_JGA_5	</identifier>
				<transform>
					<row0>	1.0000 0.0000 0.0000 0.0000	</row0>
					<row1>	0.0000 1.0000 0.0000 0.0000	</row1>
					<row2>	0.0000 0.0000 1.0000 0.0000	</row2>
					<row3>	0.0000 0.4722 2.2048 1.0000	</row3>
				</transform>
			</node>
			<node>
				<identifier>	HP_JGA_6	</identifier>
				<transform>
					<row0>	0.0000 0.0000 1.0000 0.0000	</row0>
					<row1>	0.0000 1.0000 0.0000 0.0000	</row1>
					<row2>	-1.0000 0.0000 0.0000 0.0000	</row2>
					<row3>	-0.1921 0.4616 0.7607 1.0000	</row3>
				</transform>
			</node>
			<node>
				<identifier>	HP_JGA_7	</identifier>
				<transform>
					<row0>	0.0000 0.0000 -1.0000 0.0000	</row0>
					<row1>	0.0000 1.0000 0.0000 0.0000	</row1>
					<row2>	1.0000 0.0000 0.0000 0.0000	</row2>
					<row3>	0.1921 0.4616 0.7607 1.0000	</row3>
				</transform>
			</node>
			<node>
				<identifier>	HP_JGA_8	</identifier>
				<transform>
					<row0>	0.0000 0.0000 1.0000 0.0000	</row0>
					<row1>	0.0000 1.0000 0.0000 0.0000	</row1>
					<row2>	-1.0000 0.0000 0.0000 0.0000	</row2>
					<row3>	-0.1918 0.4215 0.1480 1.0000	</row3>
				</transform>
			</node>
			<node>
				<identifier>	HP_JGA_9	</identifier>
				<transform>
					<row0>	0.0000 0.0000 -1.0000 0.0000	</row0>
					<row1>	0.0000 1.0000 0.0000 0.0000	</row1>
					<row2>	1.0000 0.0000 0.0000 0.0000	</row2>
					<row3>	0.1918 0.4215 0.1480 1.0000	</row3>
				</transform>
			</node>
			<node>
				<identifier>	HP_JGT_1	</identifier>
				<transform>
					<row0>	1.0000 0.0000 0.0000 0.0000	</row0>
					<row1>	0.0000 1.0000 0.0000 0.0000	</row1>
					<row2>	0.0000 0.0000 1.0000 0.0000	</row2>
					<row3>	0.0000 0.2739 0.4504 1.0000	</row3>
				</transform>
			</node>
			<node>
				<identifier>	HP_JRS_1	</identifier>
				<transform>
					<row0>	1.0000 0.0000 0.0000 0.0000	</row0>
					<row1>	0.0000 1.0000 0.0000 0.0000	</row1>
					<row2>	0.0000 0.0000 1.0000 0.0000	</row2>
					<row3>	-0.0003 0.9172 1.4543 1.0000	</row3>
				</transform>
			</node>
			<node>
				<identifier>	HP_flag_1	</identifier>
				<transform>
					<row0>	0.9786 -0.1989 0.0517 0.0000	</row0>
					<row1>	0.1989 0.8537 -0.4813 0.0000	</row1>
					<row2>	0.0517 0.4813 0.8750 0.0000	</row2>
					<row3>	0.3353 1.1373 1.4000 1.0000	</row3>
				</transform>
			</node>
			<node>
				<identifier>	HP_flag_2	</identifier>
				<transform>
					<row0>	0.9786 0.1990 -0.0516 0.0000	</row0>
					<row1>	-0.1990 0.8537 -0.4812 0.0000	</row1>
					<row2>	-0.0516 0.4812 0.8751 0.0000	</row2>
					<row3>	-0.3352 1.1373 1.4000 1.0000	</row3>
				</transform>
			</node>
			<node>
				<identifier>	HP_flag_3	</identifier>
				<transform>
					<row0>	0.9914 -0.1270 0.0330 0.0000	</row0>
					<row1>	0.1270 0.8654 -0.4847 0.0000	</row1>
					<row2>	0.0330 0.4847 0.8741 0.0000	</row2>
					<row3>	0.2746 1.1368 1.4013 1.0000	</row3>
				</transform>
			</node>
			<node>
				<identifier>	HP_flag_4	</identifier>
				<transform>
					<row0>	0.9914 0.1270 -0.0330 0.0000	</row0>
					<row1>	-0.1270 0.8655 -0.4846 0.0000	</row1>
					<row2>	-0.0330 0.4846 0.8741 0.0000	</row2>
					<row3>	-0.2746 1.1368 1.4013 1.0000	</row3>
				</transform>
			</node>
			<node>
				<identifier>	HP_flag_courtesy	</identifier>
				<transform>
					<row0>	0.9500 -0.3073 0.0555 0.0000	</row0>
					<row1>	0.3073 0.8884 -0.3412 0.0000	</row1>
					<row2>	0.0555 0.3412 0.9384 0.0000	</row2>
					<row3>	0.2552 1.3399 1.3248 1.0000	</row3>
				</transform>
			</node>
			<node>
				<identifier>	HP_flag_house	</identifier>
				<transform>
					<row0>	0.9502 0.3067 -0.0554 0.0000	</row0>
					<row1>	-0.3067 0.8886 -0.3411 0.0000	</row1>
					<row2>	-0.0554 0.3411 0.9384 0.0000	</row2>
					<row3>	-0.2554 1.3401 1.3248 1.0000	</row3>
				</transform>
			</node>
			<node>
				<identifier>	HP_flag_rank	</identifier>
				<transform>
					<row0>	1.0000 -0.0006 0.0000 0.0000	</row0>
					<row1>	0.0006 0.9692 -0.2461 0.0000	</row1>
					<row2>	0.0000 0.2461 0.9692 0.0000	</row2>
					<row3>	0.0000 1.2328 1.2443 1.0000	</row3>
				</transform>
			</node>
			<node>
				<identifier>	MP_CM008_Life_Buoy_1	</identifier>
				<transform>
					<row0>	0.1168 -0.0016 0.9931 0.0000	</row0>
					<row1>	0.0052 1.0000 0.0010 0.0000	</row1>
					<row2>	-0.9931 0.0051 0.1168 0.0000	</row2>
					<row3>	0.1802 0.6106 1.7992 1.0000	</row3>
				</transform>
			</node>
			<node>
				<identifier>	MP_CM008_Life_Buoy_1_INDEX_1	</identifier>
				<transform>
					<row0>	-0.1949 0.0000 0.9808 0.0000	</row0>
					<row1>	0.0000 1.0000 0.0000 0.0000	</row1>
					<row2>	-0.9808 0.0000 -0.1949 0.0000	</row2>
					<row3>	0.0972 0.4993 -0.2662 1.0000	</row3>
				</transform>
			</node>
			<node>
				<identifier>	MP_CM008_Life_Buoy_1_INDEX_2	</identifier>
				<transform>
					<row0>	0.0998 0.0000 -0.9950 0.0000	</row0>
					<row1>	0.0085 1.0000 0.0009 0.0000	</row1>
					<row2>	0.9950 -0.0085 0.0998 0.0000	</row2>
					<row3>	-0.1804 0.6107 1.7993 1.0000	</row3>
				</transform>
			</node>
			<node>
				<identifier>	MP_CM010_Fire_Hose_Reel	</identifier>
				<transform>
					<row0>	-0.9640 0.0000 0.2659 0.0000	</row0>
					<row1>	0.2659 0.0000 0.9640 0.0000	</row1>
					<row2>	0.0000 1.0000 0.0000 0.0000	</row2>
					<row3>	0.0889 0.2212 -0.1139 1.0000	</row3>
				</transform>
			</node>
			<node>
				<identifier>	MP_CM011_Fire_Fighting_Gear	</identifier>
				<transform>
					<row0>	0.9966 -0.0828 0.0000 0.0000	</row0>
					<row1>	0.0828 0.9966 0.0000 0.0000	</row1>
					<row2>	0.0000 0.0000 1.0000 0.0000	</row2>
					<row3>	0.2973 0.1823 1.6465 1.0000	</row3>
				</transform>
			</node>
			<node>
				<identifier>	MP_CM011_Fire_Fighting_Gear_INDEX_1	</identifier>
				<transform>
					<row0>	0.0000 0.0000 1.0000 0.0000	</row0>
					<row1>	0.0412 0.9992 0.0000 0.0000	</row1>
					<row2>	-0.9992 0.0412 0.0000 0.0000	</row2>
					<row3>	0.1757 0.1920 0.0766 1.0000	</row3>
				</transform>
			</node>
			<node>
				<identifier>	MP_CM011_Fire_Fighting_Gear_INDEX_2	</identifier>
				<transform>
					<row0>	0.9996 -0.0287 0.0000 0.0000	</row0>
					<row1>	0.0287 0.9996 0.0000 0.0000	</row1>
					<row2>	0.0000 0.0000 1.0000 0.0000	</row2>
					<row3>	0.1558 0.1924 1.0280 1.0000	</row3>
				</transform>
			</node>
			<node>
				<identifier>	MP_CM011_Fire_Fighting_Gear_INDEX_3	</identifier>
				<transform>
					<row0>	1.0000 -0.0036 0.0000 0.0000	</row0>
					<row1>	0.0036 1.0000 0.0000 0.0000	</row1>
					<row2>	0.0000 0.0000 1.0000 0.0000	</row2>
					<row3>	-0.1561 0.1908 1.0283 1.0000	</row3>
				</transform>
			</node>
			<node>
				<identifier>	MP_CM011_Fire_Fighting_Gear_INDEX_4	</identifier>
				<transform>
					<row0>	0.0000 0.0000 1.0000 0.0000	</row0>
					<row1>	0.0594 0.9982 0.0000 0.0000	</row1>
					<row2>	-0.9982 0.0594 0.0000 0.0000	</row2>
					<row3>	0.1831 0.1914 0.7033 1.0000	</row3>
				</transform>
			</node>
			<node>
				<identifier>	MP_CM011_Fire_Fighting_Gear_INDEX_5	</identifier>
				<transform>
					<row0>	0.9966 0.0828 0.0000 0.0000	</row0>
					<row1>	-0.0828 0.9966 0.0000 0.0000	</row1>
					<row2>	0.0000 0.0000 1.0000 0.0000	</row2>
					<row3>	-0.3050 0.1815 1.6301 1.0000	</row3>
				</transform>
			</node>
			<node>
				<identifier>	MP_CM011_Fire_Fighting_Gear_INDEX_6	</identifier>
				<transform>
					<row0>	0.0000 0.0000 -1.0000 0.0000	</row0>
					<row1>	-0.0412 0.9992 0.0000 0.0000	</row1>
					<row2>	0.9992 0.0412 0.0000 0.0000	</row2>
					<row3>	-0.1761 0.1908 0.0766 1.0000	</row3>
				</transform>
			</node>
			<node>
				<identifier>	MP_CM011_Fire_Fighting_Gear_INDEX_7	</identifier>
				<transform>
					<row0>	-0.9966 -0.0828 0.0000 0.0000	</row0>
					<row1>	-0.0828 0.9966 0.0000 0.0000	</row1>
					<row2>	0.0000 0.0000 -1.0000 0.0000	</row2>
					<row3>	-0.3050 0.1815 1.4713 1.0000	</row3>
				</transform>
			</node>
			<node>
				<identifier>	MP_CM011_Fire_Fighting_Gear_INDEX_8	</identifier>
				<transform>
					<row0>	0.9993 -0.0361 0.0000 0.0000	</row0>
					<row1>	0.0361 0.9993 0.0000 0.0000	</row1>
					<row2>	0.0000 0.0000 1.0000 0.0000	</row2>
					<row3>	-0.1147 0.3279 2.0638 1.0000	</row3>
				</transform>
			</node>
			<node>
				<identifier>	MP_CM011_Fire_Fighting_Gear_INDEX_9	</identifier>
				<transform>
					<row0>	0.0000 0.0000 -1.0000 0.0000	</row0>
					<row1>	-0.0512 0.9987 0.0000 0.0000	</row1>
					<row2>	0.9987 0.0512 0.0000 0.0000	</row2>
					<row3>	-0.1850 0.1899 0.7038 1.0000	</row3>
				</transform>
			</node>
			<node>
				<identifier>	MP_CM013_Fire_Hose_Rack_2	</identifier>
				<transform>
					<row0>	-0.9609 0.0000 0.2768 0.0000	</row0>
					<row1>	0.0000 1.0000 0.0000 0.0000	</row1>
					<row2>	-0.2768 0.0000 -0.9609 0.0000	</row2>
					<row3>	0.1456 0.2195 0.0772 1.0000	</row3>
				</transform>
			</node>
			<node>
				<identifier>	MP_CM013_Fire_Hose_Rack_2_INDEX_1	</identifier>
				<transform>
					<row0>	1.0000 0.0000 0.0000 0.0000	</row0>
					<row1>	0.0000 1.0000 0.0000 0.0000	</row1>
					<row2>	0.0000 0.0000 1.0000 0.0000	</row2>
					<row3>	-0.1169 0.2355 0.9978 1.0000	</row3>
				</transform>
			</node>
			<node>
				<identifier>	MP_CM013_Fire_Hose_Rack_2_INDEX_2	</identifier>
				<transform>
					<row0>	0.0000 0.0000 1.0000 0.0000	</row0>
					<row1>	0.0000 1.0000 0.0000 0.0000	</row1>
					<row2>	-1.0000 0.0000 0.0000 0.0000	</row2>
					<row3>	0.2826 0.2151 1.6986 1.0000	</row3>
				</transform>
			</node>
			<node>
				<identifier>	MP_CM013_Fire_Hose_Rack_2_INDEX_3	</identifier>
				<transform>
					<row0>	0.0000 0.0000 1.0000 0.0000	</row0>
					<row1>	0.0000 1.0000 0.0000 0.0000	</row1>
					<row2>	-1.0000 0.0000 0.0000 0.0000	</row2>
					<row3>	-0.2826 0.2235 1.6986 1.0000	</row3>
				</transform>
			</node>
			<node>
				<identifier>	MP_CM013_Fire_Hose_Rack_2_INDEX_4	</identifier>
				<transform>
					<row0>	0.9601 0.0000 0.2796 0.0000	</row0>
					<row1>	0.0000 1.0000 0.0000 0.0000	</row1>
					<row2>	-0.2796 0.0000 0.9601 0.0000	</row2>
					<row3>	-0.1456 0.2195 0.0772 1.0000	</row3>
				</transform>
			</node>
			<node>
				<identifier>	MP_CM013_Fire_Hose_Rack_2_INDEX_5	</identifier>
				<transform>
					<row0>	0.9967 -0.0383 0.0717 0.0000	</row0>
					<row1>	0.0382 0.9993 0.0027 0.0000	</row1>
					<row2>	-0.0717 0.0000 0.9974 0.0000	</row2>
					<row3>	-0.1303 0.3823 1.9654 1.0000	</row3>
				</transform>
			</node>
			<node>
				<identifier>	MP_CM013_Fire_Hose_Rack_2_INDEX_6	</identifier>
				<transform>
					<row0>	-1.0000 0.0000 0.0000 0.0000	</row0>
					<row1>	0.0000 1.0000 0.0000 0.0000	</row1>
					<row2>	0.0000 0.0000 -1.0000 0.0000	</row2>
					<row3>	0.1182 0.2355 0.9978 1.0000	</row3>
				</transform>
			</node>
			<node>
				<identifier>	MP_CM013_Fire_Hose_Rack_2_INDEX_7	</identifier>
				<transform>
					<row0>	1.0000 0.0000 0.0000 0.0000	</row0>
					<row1>	0.0000 1.0000 0.0000 0.0000	</row1>
					<row2>	0.0000 0.0000 1.0000 0.0000	</row2>
					<row3>	-0.1642 0.2153 0.5756 1.0000	</row3>
				</transform>
			</node>
			<node>
				<identifier>	MP_CM013_Fire_Hose_Rack_2_INDEX_8	</identifier>
				<transform>
					<row0>	-1.0000 0.0000 0.0000 0.0000	</row0>
					<row1>	0.0000 1.0000 0.0000 0.0000	</row1>
					<row2>	0.0000 0.0000 -1.0000 0.0000	</row2>
					<row3>	0.1642 0.2148 0.5719 1.0000	</row3>
				</transform>
			</node>
			<node>
				<identifier>	MP_CM014_Fuel_Oil_Hose	</identifier>
				<transform>
					<row0>	0.9616 0.0000 0.2746 0.0000	</row0>
					<row1>	0.0000 1.0000 0.0000 0.0000	</row1>
					<row2>	-0.2746 0.0000 0.9616 0.0000	</row2>
					<row3>	-0.1179 0.2243 -0.0245 1.0000	</row3>
				</transform>
			</node>
			<node>
				<identifier>	MP_CM014_Fuel_Oil_Hose_INDEX_1	</identifier>
				<transform>
					<row0>	-1.0000 0.0000 -0.0024 0.0000	</row0>
					<row1>	0.0000 1.0000 0.0000 0.0000	</row1>
					<row2>	0.0024 0.0000 -1.0000 0.0000	</row2>
					<row3>	0.1201 0.2281 0.8867 1.0000	</row3>
				</transform>
			</node>
			<node>
				<identifier>	MP_CM015_Bundle_1	</identifier>
				<transform>
					<row0>	0.9989 -0.0476 0.0000 0.0000	</row0>
					<row1>	0.0476 0.9988 -0.0128 0.0000	</row1>
					<row2>	0.0005 0.0128 0.9999 0.0000	</row2>
					<row3>	0.2624 0.3245 2.0953 1.0000	</row3>
				</transform>
			</node>
			<node>
				<identifier>	MP_CM015_Bundle_1_INDEX_1	</identifier>
				<transform>
					<row0>	0.9989 0.0476 0.0000 0.0000	</row0>
					<row1>	-0.0476 0.9988 -0.0128 0.0000	</row1>
					<row2>	-0.0005 0.0128 0.9999 0.0000	</row2>
					<row3>	-0.2624 0.3245 2.0953 1.0000	</row3>
				</transform>
			</node>
			<node>
				<identifier>	MP_CM018_Wood_Box_1	</identifier>
				<transform>
					<row0>	-0.9938 -0.0252 -0.1087 0.0000	</row0>
					<row1>	-0.0249 0.9997 -0.0038 0.0000	</row1>
					<row2>	0.1088 -0.0010 -0.9941 0.0000	</row2>
					<row3>	0.1614 0.1880 0.8753 1.0000	</row3>
				</transform>
			</node>
			<node>
				<identifier>	MP_CM018_Wood_Box_1_INDEX_1	</identifier>
				<transform>
					<row0>	-0.9987 0.0500 -0.0003 0.0000	</row0>
					<row1>	0.0500 0.9987 -0.0038 0.0000	</row1>
					<row2>	0.0000 -0.0038 -1.0000 0.0000	</row2>
					<row3>	0.1811 0.1905 -0.1883 1.0000	</row3>
				</transform>
			</node>
			<node>
				<identifier>	MP_CM018_Wood_Box_1_INDEX_2	</identifier>
				<transform>
					<row0>	-0.9938 0.0252 0.1087 0.0000	</row0>
					<row1>	0.0249 0.9997 -0.0038 0.0000	</row1>
					<row2>	-0.1088 -0.0010 -0.9941 0.0000	</row2>
					<row3>	-0.1614 0.1880 0.8753 1.0000	</row3>
				</transform>
			</node>
			<node>
				<identifier>	MP_CM019_Wood_Box_2	</identifier>
				<transform>
					<row0>	0.0000 0.0000 1.0000 0.0000	</row0>
					<row1>	0.0000 1.0000 0.0000 0.0000	</row1>
					<row2>	-1.0000 0.0000 0.0000 0.0000	</row2>
					<row3>	0.0000 0.3275 2.3419 1.0000	</row3>
				</transform>
			</node>
			<node>
				<identifier>	MP_CM019_Wood_Box_2_INDEX_1	</identifier>
				<transform>
					<row0>	0.0000 0.0000 1.0000 0.0000	</row0>
					<row1>	0.0000 1.0000 0.0000 0.0000	</row1>
					<row2>	-1.0000 0.0000 0.0000 0.0000	</row2>
					<row3>	0.0000 0.3275 2.2992 1.0000	</row3>
				</transform>
			</node>
			<node>
				<identifier>	MP_CM019_Wood_Box_2_INDEX_2	</identifier>
				<transform>
					<row0>	0.0000 0.0000 1.0000 0.0000	</row0>
					<row1>	0.0000 1.0000 0.0000 0.0000	</row1>
					<row2>	-1.0000 0.0000 0.0000 0.0000	</row2>
					<row3>	0.0000 0.3275 2.2590 1.0000	</row3>
				</transform>
			</node>
			<node>
				<identifier>	MP_CM027_Stairway_Small_R	</identifier>
				<transform>
					<row0>	0.8547 -0.0230 0.0164 0.0000	</row0>
					<row1>	0.0229 0.8549 0.0004 0.0000	</row1>
					<row2>	-0.0164 0.0000 0.8550 0.0000	</row2>
					<row3>	0.3388 0.1870 1.4084 1.0000	</row3>
				</transform>
			</node>
			<node>
				<identifier>	MP_CM029_Emergency_Box	</identifier>
				<transform>
					<row0>	0.0000 0.0000 -1.0000 0.0000	</row0>
					<row1>	0.0000 1.0000 0.0000 0.0000	</row1>
					<row2>	1.0000 0.0000 0.0000 0.0000	</row2>
					<row3>	-0.0726 0.2561 -0.2140 1.0000	</row3>
				</transform>
			</node>
			<node>
				<identifier>	MP_CM029_Emergency_Box_INDEX_1	</identifier>
				<transform>
					<row0>	0.0000 0.0000 1.0000 0.0000	</row0>
					<row1>	0.0000 1.0000 0.0000 0.0000	</row1>
					<row2>	-1.0000 0.0000 0.0000 0.0000	</row2>
					<row3>	0.0447 0.6671 1.8625 1.0000	</row3>
				</transform>
			</node>
			<node>
				<identifier>	MP_CM029_Emergency_Box_INDEX_2	</identifier>
				<transform>
					<row0>	0.0000 0.0000 -1.0000 0.0000	</row0>
					<row1>	0.0000 1.0000 0.0000 0.0000	</row1>
					<row2>	1.0000 0.0000 0.0000 0.0000	</row2>
					<row3>	-0.1141 0.2360 1.5654 1.0000	</row3>
				</transform>
			</node>
			<node>
				<identifier>	MP_CM029_Emergency_Box_INDEX_3	</identifier>
				<transform>
					<row0>	-0.9997 -0.0122 -0.0226 0.0000	</row0>
					<row1>	-0.0108 0.9983 -0.0572 0.0000	</row1>
					<row2>	0.0233 -0.0569 -0.9981 0.0000	</row2>
					<row3>	0.0243 0.5124 2.0662 1.0000	</row3>
				</transform>
			</node>
			<node>
				<identifier>	MP_CM029_Emergency_Box_INDEX_4	</identifier>
				<transform>
					<row0>	0.0000 0.0000 1.0000 0.0000	</row0>
					<row1>	0.0000 1.0000 0.0000 0.0000	</row1>
					<row2>	-1.0000 0.0000 0.0000 0.0000	</row2>
					<row3>	0.0726 0.2561 -0.3095 1.0000	</row3>
				</transform>
			</node>
			<node>
				<identifier>	MP_CM029_Emergency_Box_INDEX_5	</identifier>
				<transform>
					<row0>	0.0000 0.0000 -1.0000 0.0000	</row0>
					<row1>	0.0000 1.0000 0.0000 0.0000	</row1>
					<row2>	1.0000 0.0000 0.0000 0.0000	</row2>
					<row3>	-0.0447 0.6671 1.8625 1.0000	</row3>
				</transform>
			</node>
			<node>
				<identifier>	MP_CM029_Emergency_Box_INDEX_6	</identifier>
				<transform>
					<row0>	0.0000 0.0000 1.0000 0.0000	</row0>
					<row1>	0.0000 1.0000 0.0000 0.0000	</row1>
					<row2>	-1.0000 0.0000 0.0000 0.0000	</row2>
					<row3>	0.1326 0.3860 1.9179 1.0000	</row3>
				</transform>
			</node>
			<node>
				<identifier>	MP_CM056_Ships_bell	</identifier>
				<transform>
					<row0>	0.8394 0.0000 0.0000 0.0000	</row0>
					<row1>	0.0000 0.8394 0.0000 0.0000	</row1>
					<row2>	0.0000 0.0000 0.8394 0.0000	</row2>
					<row3>	0.1270 0.3053 1.5356 1.0000	</row3>
				</transform>
			</node>
			<node>
				<identifier>	MP_CM060_Flag_Box	</identifier>
				<transform>
					<row0>	0.3332 0.0000 0.7344 0.0000	</row0>
					<row1>	0.0000 0.8065 0.0000 0.0000	</row1>
					<row2>	-0.6375 0.0000 0.2892 0.0000	</row2>
					<row3>	0.0874 0.6207 1.5708 1.0000	</row3>
				</transform>
			</node>
			<node>
				<identifier>	MP_CM060_Flag_Box_INDEX_1	</identifier>
				<transform>
					<row0>	0.3484 0.0000 -0.7273 0.0000	</row0>
					<row1>	0.0000 0.8065 0.0000 0.0000	</row1>
					<row2>	0.6313 0.0000 0.3024 0.0000	</row2>
					<row3>	-0.0878 0.6207 1.5706 1.0000	</row3>
				</transform>
			</node>
			<node>
				<identifier>	MP_CM092_Siren	</identifier>
				<transform>
					<row0>	0.5660 0.0000 0.6390 0.0000	</row0>
					<row1>	0.0000 0.8536 0.0000 0.0000	</row1>
					<row2>	-0.6390 0.0000 0.5660 0.0000	</row2>
					<row3>	-0.0543 0.6631 1.1437 1.0000	</row3>
				</transform>
			</node>
			<node>
				<identifier>	MP_CM092_Siren_INDEX_1	</identifier>
				<transform>
					<row0>	0.5660 0.0000 -0.6390 0.0000	</row0>
					<row1>	0.0000 0.8536 0.0000 0.0000	</row1>
					<row2>	0.6390 0.0000 0.5660 0.0000	</row2>
					<row3>	0.0543 0.6631 1.1437 1.0000	</row3>
				</transform>
			</node>
			<node>
				<identifier>	MP_CM126_Cleat	</identifier>
				<transform>
					<row0>	0.7511 -0.4959 0.0000 0.0000	</row0>
					<row1>	0.0000 0.0000 -0.9000 0.0000	</row1>
					<row2>	0.4959 0.7511 0.0000 0.0000	</row2>
					<row3>	-0.2745 0.2767 -0.2935 1.0000	</row3>
				</transform>
			</node>
			<node>
				<identifier>	MP_CM126_Cleat_INDEX_1	</identifier>
				<transform>
					<row0>	0.6304 0.6422 -0.0139 0.0000	</row0>
					<row1>	-0.0658 0.0839 0.8937 0.0000	</row1>
					<row2>	0.6390 -0.6249 0.1057 0.0000	</row2>
					<row3>	0.2509 0.4215 1.7168 1.0000	</row3>
				</transform>
			</node>
			<node>
				<identifier>	MP_CM126_Cleat_INDEX_10	</identifier>
				<transform>
					<row0>	0.9000 0.0000 0.0000 0.0000	</row0>
					<row1>	0.0000 0.9000 0.0000 0.0000	</row1>
					<row2>	0.0000 0.0000 0.9000 0.0000	</row2>
					<row3>	-0.0762 0.3277 2.2107 1.0000	</row3>
				</transform>
			</node>
			<node>
				<identifier>	MP_CM126_Cleat_INDEX_11	</identifier>
				<transform>
					<row0>	0.8656 -0.2113 -0.1267 0.0000	</row0>
					<row1>	0.2367 0.8417 0.2134 0.0000	</row1>
					<row2>	0.0684 -0.2385 0.8651 0.0000	</row2>
					<row3>	0.0839 0.3785 1.5051 1.0000	</row3>
				</transform>
			</node>
			<node>
				<identifier>	MP_CM126_Cleat_INDEX_12	</identifier>
				<transform>
					<row0>	0.9000 0.0000 0.0000 0.0000	</row0>
					<row1>	0.0000 0.9000 0.0000 0.0000	</row1>
					<row2>	0.0000 0.0000 0.9000 0.0000	</row2>
					<row3>	0.3283 0.1804 1.5140 1.0000	</row3>
				</transform>
			</node>
			<node>
				<identifier>	MP_CM126_Cleat_INDEX_13	</identifier>
				<transform>
					<row0>	0.6304 -0.6422 0.0139 0.0000	</row0>
					<row1>	0.0658 0.0839 0.8937 0.0000	</row1>
					<row2>	-0.6390 -0.6249 0.1057 0.0000	</row2>
					<row3>	-0.2415 0.4148 2.0448 1.0000	</row3>
				</transform>
			</node>
			<node>
				<identifier>	MP_CM126_Cleat_INDEX_14	</identifier>
				<transform>
					<row0>	0.9000 0.0000 0.0000 0.0000	</row0>
					<row1>	0.0000 0.9000 0.0000 0.0000	</row1>
					<row2>	0.0000 0.0000 0.9000 0.0000	</row2>
					<row3>	0.0762 0.3277 2.2107 1.0000	</row3>
				</transform>
			</node>
			<node>
				<identifier>	MP_CM126_Cleat_INDEX_15	</identifier>
				<transform>
					<row0>	0.9000 0.0000 0.0000 0.0000	</row0>
					<row1>	0.0000 0.9000 0.0000 0.0000	</row1>
					<row2>	0.0000 0.0000 0.9000 0.0000	</row2>
					<row3>	0.3378 0.1812 0.0928 1.0000	</row3>
				</transform>
			</node>
			<node>
				<identifier>	MP_CM126_Cleat_INDEX_16	</identifier>
				<transform>
					<row0>	0.6304 0.6422 -0.0139 0.0000	</row0>
					<row1>	-0.0658 0.0839 0.8937 0.0000	</row1>
					<row2>	0.6390 -0.6249 0.1057 0.0000	</row2>
					<row3>	0.2415 0.4148 2.0448 1.0000	</row3>
				</transform>
			</node>
			<node>
				<identifier>	MP_CM126_Cleat_INDEX_17	</identifier>
				<transform>
					<row0>	0.9000 0.0000 0.0000 0.0000	</row0>
					<row1>	0.0000 0.9000 0.0000 0.0000	</row1>
					<row2>	0.0000 0.0000 0.9000 0.0000	</row2>
					<row3>	-0.3378 0.1812 0.1243 1.0000	</row3>
				</transform>
			</node>
			<node>
				<identifier>	MP_CM126_Cleat_INDEX_18	</identifier>
				<transform>
					<row0>	0.8656 0.2113 0.1267 0.0000	</row0>
					<row1>	-0.2367 0.8417 0.2134 0.0000	</row1>
					<row2>	-0.0684 -0.2385 0.8651 0.0000	</row2>
					<row3>	-0.0839 0.3785 1.5051 1.0000	</row3>
				</transform>
			</node>
			<node>
				<identifier>	MP_CM126_Cleat_INDEX_19	</identifier>
				<transform>
					<row0>	0.9000 0.0000 0.0000 0.0000	</row0>
					<row1>	0.0000 0.9000 0.0000 0.0000	</row1>
					<row2>	0.0000 0.0000 0.9000 0.0000	</row2>
					<row3>	0.3378 0.1812 0.1243 1.0000	</row3>
				</transform>
			</node>
			<node>
				<identifier>	MP_CM126_Cleat_INDEX_2	</identifier>
				<transform>
					<row0>	0.9000 0.0000 0.0000 0.0000	</row0>
					<row1>	0.0000 0.9000 0.0000 0.0000	</row1>
					<row2>	0.0000 0.0000 0.9000 0.0000	</row2>
					<row3>	-0.3378 0.1812 0.0928 1.0000	</row3>
				</transform>
			</node>
			<node>
				<identifier>	MP_CM126_Cleat_INDEX_20	</identifier>
				<transform>
					<row0>	0.9000 0.0000 0.0000 0.0000	</row0>
					<row1>	0.0000 0.9000 0.0000 0.0000	</row1>
					<row2>	0.0000 0.0000 0.9000 0.0000	</row2>
					<row3>	-0.3399 0.1809 -0.3693 1.0000	</row3>
				</transform>
			</node>
			<node>
				<identifier>	MP_CM126_Cleat_INDEX_21	</identifier>
				<transform>
					<row0>	0.5925 -0.6774 0.0000 0.0000	</row0>
					<row1>	0.6774 0.5925 0.0000 0.0000	</row1>
					<row2>	0.0000 0.0000 0.9000 0.0000	</row2>
					<row3>	0.3129 0.3105 2.1772 1.0000	</row3>
				</transform>
			</node>
			<node>
				<identifier>	MP_CM126_Cleat_INDEX_3	</identifier>
				<transform>
					<row0>	0.6304 -0.6422 0.0139 0.0000	</row0>
					<row1>	0.0658 0.0839 0.8937 0.0000	</row1>
					<row2>	-0.6390 -0.6249 0.1057 0.0000	</row2>
					<row3>	-0.2509 0.4215 1.7168 1.0000	</row3>
				</transform>
			</node>
			<node>
				<identifier>	MP_CM126_Cleat_INDEX_4	</identifier>
				<transform>
					<row0>	0.7511 0.4959 0.0000 0.0000	</row0>
					<row1>	0.0000 0.0000 -0.9000 0.0000	</row1>
					<row2>	-0.4959 0.7511 0.0000 0.0000	</row2>
					<row3>	0.2732 0.2766 0.0179 1.0000	</row3>
				</transform>
			</node>
			<node>
				<identifier>	MP_CM126_Cleat_INDEX_5	</identifier>
				<transform>
					<row0>	0.5925 0.6774 0.0000 0.0000	</row0>
					<row1>	-0.6774 0.5925 0.0000 0.0000	</row1>
					<row2>	0.0000 0.0000 0.9000 0.0000	</row2>
					<row3>	-0.3129 0.3105 2.1772 1.0000	</row3>
				</transform>
			</node>
			<node>
				<identifier>	MP_CM126_Cleat_INDEX_6	</identifier>
				<transform>
					<row0>	0.7511 0.4959 0.0000 0.0000	</row0>
					<row1>	0.0000 0.0000 -0.9000 0.0000	</row1>
					<row2>	-0.4959 0.7511 0.0000 0.0000	</row2>
					<row3>	0.2745 0.2767 -0.2935 1.0000	</row3>
				</transform>
			</node>
			<node>
				<identifier>	MP_CM126_Cleat_INDEX_7	</identifier>
				<transform>
					<row0>	0.9000 0.0000 0.0000 0.0000	</row0>
					<row1>	0.0000 0.9000 0.0000 0.0000	</row1>
					<row2>	0.0000 0.0000 0.9000 0.0000	</row2>
					<row3>	0.3399 0.1809 -0.3693 1.0000	</row3>
				</transform>
			</node>
			<node>
				<identifier>	MP_CM126_Cleat_INDEX_8	</identifier>
				<transform>
					<row0>	0.7511 -0.4959 0.0000 0.0000	</row0>
					<row1>	0.0000 0.0000 -0.9000 0.0000	</row1>
					<row2>	0.4959 0.7511 0.0000 0.0000	</row2>
					<row3>	-0.2732 0.2766 0.0179 1.0000	</row3>
				</transform>
			</node>
			<node>
				<identifier>	MP_CM126_Cleat_INDEX_9	</identifier>
				<transform>
					<row0>	0.9000 0.0000 0.0000 0.0000	</row0>
					<row1>	0.0000 0.9000 0.0000 0.0000	</row1>
					<row2>	0.0000 0.0000 0.9000 0.0000	</row2>
					<row3>	-0.3283 0.1804 1.5140 1.0000	</row3>
				</transform>
			</node>
			<node>
				<identifier>	MP_JM008_Searchlight	</identifier>
				<transform>
					<row0>	1.2252 0.0000 0.0000 0.0000	</row0>
					<row1>	0.0000 1.2252 0.0000 0.0000	</row1>
					<row2>	0.0000 0.0000 1.2252 0.0000	</row2>
					<row3>	0.0000 0.4812 -0.2755 1.0000	</row3>
				</transform>
			</node>
			<node>
				<identifier>	MP_JM011_Day_Light	</identifier>
				<transform>
					<row0>	1.0000 0.0000 0.0000 0.0000	</row0>
					<row1>	0.0000 1.0000 0.0000 0.0000	</row1>
					<row2>	0.0000 0.0000 1.0000 0.0000	</row2>
					<row3>	0.0143 1.0591 1.3932 1.0000	</row3>
				</transform>
			</node>
			<node>
				<identifier>	MP_JM014_Reels_2	</identifier>
				<transform>
					<row0>	-1.0000 0.0000 0.0000 0.0000	</row0>
					<row1>	0.0000 1.0000 0.0000 0.0000	</row1>
					<row2>	0.0000 0.0000 -1.0000 0.0000	</row2>
					<row3>	-0.0860 0.3241 2.1201 1.0000	</row3>
				</transform>
			</node>
			<node>
				<identifier>	MP_JM014_Reels_2_INDEX_1	</identifier>
				<transform>
					<row0>	-1.0000 0.0000 0.0000 0.0000	</row0>
					<row1>	0.0000 1.0000 0.0000 0.0000	</row1>
					<row2>	0.0000 0.0000 -1.0000 0.0000	</row2>
					<row3>	-0.0008 0.3241 2.1271 1.0000	</row3>
				</transform>
			</node>
			<node>
				<identifier>	MP_JM014_Reels_2_INDEX_2	</identifier>
				<transform>
					<row0>	-1.0000 0.0000 0.0000 0.0000	</row0>
					<row1>	0.0000 1.0000 0.0000 0.0000	</row1>
					<row2>	0.0000 0.0000 -1.0000 0.0000	</row2>
					<row3>	0.0860 0.3241 2.1201 1.0000	</row3>
				</transform>
			</node>
			<node>
				<identifier>	MP_JM030_Wind_Direction	</identifier>
				<transform>
					<row0>	0.5347 0.0000 0.0000 0.0000	</row0>
					<row1>	0.0000 0.5347 0.0000 0.0000	</row1>
					<row2>	0.0000 0.0000 0.5347 0.0000	</row2>
					<row3>	0.0849 1.3820 1.3587 1.0000	</row3>
				</transform>
			</node>
			<node>
				<identifier>	MP_JM031_Wind_Intensity	</identifier>
				<transform>
					<row0>	0.7000 0.0000 0.0000 0.0000	</row0>
					<row1>	0.0000 0.6953 -0.0813 0.0000	</row1>
					<row2>	0.0000 0.0813 0.6953 0.0000	</row2>
					<row3>	0.0000 1.4710 1.3393 1.0000	</row3>
				</transform>
			</node>
			<node>
				<identifier>	MP_JM038_Motor_Boats_11m	</identifier>
				<transform>
					<row0>	0.7000 0.0000 0.0000 0.0000	</row0>
					<row1>	0.0000 0.7000 0.0000 0.0000	</row1>
					<row2>	0.0000 0.0000 0.7000 0.0000	</row2>
					<row3>	-0.3042 0.3111 -0.0880 1.0000	</row3>
				</transform>
			</node>
			<node>
				<identifier>	MP_JM038_Motor_Boats_11m_INDEX_1	</identifier>
				<transform>
					<row0>	0.7000 0.0000 0.0000 0.0000	</row0>
					<row1>	0.0000 0.7000 0.0000 0.0000	</row1>
					<row2>	0.0000 0.0000 0.7000 0.0000	</row2>
					<row3>	0.3042 0.3111 -0.0880 1.0000	</row3>
				</transform>
			</node>
			<node>
				<identifier>	MP_JM058_Deck_Hatch_7	</identifier>
				<transform>
					<row0>	-0.1717 0.0000 -0.9750 0.0000	</row0>
					<row1>	0.0000 0.9900 0.0000 0.0000	</row1>
					<row2>	0.9750 0.0000 -0.1717 0.0000	</row2>
					<row3>	0.1116 0.4135 -0.0229 1.0000	</row3>
				</transform>
			</node>
			<node>
				<identifier>	MP_JM058_Deck_Hatch_7_INDEX_1	</identifier>
				<transform>
					<row0>	-0.1717 0.0000 0.9750 0.0000	</row0>
					<row1>	0.0000 0.9900 0.0000 0.0000	</row1>
					<row2>	-0.9750 0.0000 -0.1717 0.0000	</row2>
					<row3>	-0.1117 0.4135 -0.0227 1.0000	</row3>
				</transform>
			</node>
			<node>
				<identifier>	MP_JM059_Deck_Hatch_8	</identifier>
				<transform>
					<row0>	0.2796 -0.0051 0.9601 0.0000	</row0>
					<row1>	0.0103 0.9999 0.0023 0.0000	</row1>
					<row2>	-0.9601 0.0093 0.2796 0.0000	</row2>
					<row3>	0.1396 0.1914 -0.0267 1.0000	</row3>
				</transform>
			</node>
			<node>
				<identifier>	MP_JM059_Deck_Hatch_8_INDEX_1	</identifier>
				<transform>
					<row0>	0.6006 0.0000 -0.3596 0.0000	</row0>
					<row1>	0.0000 0.7000 0.0000 0.0000	</row1>
					<row2>	0.3596 0.0000 0.6006 0.0000	</row2>
					<row3>	0.0343 0.4215 0.0866 1.0000	</row3>
				</transform>
			</node>
			<node>
				<identifier>	MP_JM059_Deck_Hatch_8_INDEX_2	</identifier>
				<transform>
					<row0>	0.7000 0.0000 0.0000 0.0000	</row0>
					<row1>	0.0000 0.7000 0.0000 0.0000	</row1>
					<row2>	0.0000 0.0000 0.7000 0.0000	</row2>
					<row3>	-0.0260 0.4623 0.7159 1.0000	</row3>
				</transform>
			</node>
			<node>
				<identifier>	MP_JM059_Deck_Hatch_8_INDEX_3	</identifier>
				<transform>
					<row0>	0.6006 0.0000 0.3596 0.0000	</row0>
					<row1>	0.0000 0.7000 0.0000 0.0000	</row1>
					<row2>	-0.3596 0.0000 0.6006 0.0000	</row2>
					<row3>	-0.0662 0.4216 0.0633 1.0000	</row3>
				</transform>
			</node>
			<node>
				<identifier>	MP_JM059_Deck_Hatch_8_INDEX_4	</identifier>
				<transform>
					<row0>	1.0000 0.0000 0.0000 0.0000	</row0>
					<row1>	0.0000 1.0000 0.0000 0.0000	</row1>
					<row2>	0.0000 0.0000 1.0000 0.0000	</row2>
					<row3>	0.0494 0.4722 2.0903 1.0000	</row3>
				</transform>
			</node>
			<node>
				<identifier>	MP_JM059_Deck_Hatch_8_INDEX_5	</identifier>
				<transform>
					<row0>	1.0000 0.0000 0.0000 0.0000	</row0>
					<row1>	0.0000 1.0000 0.0000 0.0000	</row1>
					<row2>	0.0000 0.0000 1.0000 0.0000	</row2>
					<row3>	-0.0494 0.4722 2.0903 1.0000	</row3>
				</transform>
			</node>
			<node>
				<identifier>	MP_JM059_Deck_Hatch_8_INDEX_6	</identifier>
				<transform>
					<row0>	0.7000 0.0000 0.0000 0.0000	</row0>
					<row1>	0.0000 0.7000 0.0000 0.0000	</row1>
					<row2>	0.0000 0.0000 0.7000 0.0000	</row2>
					<row3>	0.0260 0.4623 0.7159 1.0000	</row3>
				</transform>
			</node>
			<node>
				<identifier>	MP_JM088_Crane_Small_2	</identifier>
				<transform>
					<row0>	0.8641 0.0000 -0.5033 0.0000	</row0>
					<row1>	0.0000 1.0000 0.0000 0.0000	</row1>
					<row2>	0.5033 0.0000 0.8641 0.0000	</row2>
					<row3>	0.3382 0.1818 -0.4085 1.0000	</row3>
				</transform>
			</node>
			<node>
				<identifier>	MP_JM092_Running_Lights_R	</identifier>
				<transform>
					<row0>	1.0000 0.0000 0.0000 0.0000	</row0>
					<row1>	0.0000 1.0000 0.0000 0.0000	</row1>
					<row2>	0.0000 0.0000 1.0000 0.0000	</row2>
					<row3>	0.1314 0.5952 1.8957 1.0000	</row3>
				</transform>
			</node>
			<node>
				<identifier>	MP_JM093_Running_Lights_L	</identifier>
				<transform>
					<row0>	1.0000 0.0000 0.0000 0.0000	</row0>
					<row1>	0.0000 1.0000 0.0000 0.0000	</row1>
					<row2>	0.0000 0.0000 1.0000 0.0000	</row2>
					<row3>	-0.1284 0.5952 1.8957 1.0000	</row3>
				</transform>
			</node>
			<node>
				<identifier>	MP_JM107_Binocular_2	</identifier>
				<transform>
					<row0>	-1.0000 0.0000 0.0000 0.0000	</row0>
					<row1>	0.0000 1.0000 0.0000 0.0000	</row1>
					<row2>	0.0000 0.0000 -1.0000 0.0000	</row2>
					<row3>	-0.1527 0.5906 1.7840 1.0000	</row3>
				</transform>
			</node>
			<node>
				<identifier>	MP_JM107_Binocular_2_INDEX_1	</identifier>
				<transform>
					<row0>	0.0000 0.0000 1.0000 0.0000	</row0>
					<row1>	0.0000 1.0000 0.0000 0.0000	</row1>
					<row2>	-1.0000 0.0000 0.0000 0.0000	</row2>
					<row3>	-0.1417 0.5906 1.8589 1.0000	</row3>
				</transform>
			</node>
			<node>
				<identifier>	MP_JM107_Binocular_2_INDEX_2	</identifier>
				<transform>
