<HSC003_Java_1933_MidFront_ports.visual>
	<node>
		<identifier>	Scene Root	</identifier>
		<transform>
			<row0>	1.0000 0.0000 0.0000 0.0000	</row0>
			<row1>	0.0000 1.0000 0.0000 0.0000	</row1>
			<row2>	0.0000 0.0000 1.0000 0.0000	</row2>
			<row3>	0.0000 0.0000 0.0000 1.0000	</row3>
		</transform>
		<node>
			<identifier>	MidFront_ports	</identifier>
			<transform>
				<row0>	1.0000 0.0000 0.0000 0.0000	</row0>
				<row1>	0.0000 1.0000 0.0000 0.0000	</row1>
				<row2>	0.0000 0.0000 1.0000 0.0000	</row2>
				<row3>	0.0000 0.0000 0.0000 1.0000	</row3>
			</transform>
			<node>
				<identifier>	HP_FX_Death_1	</identifier>
				<transform>
					<row0>	1.0000 0.0000 0.0000 0.0000	</row0>
					<row1>	0.0000 1.0000 0.0000 0.0000	</row1>
					<row2>	0.0000 0.0000 1.0000 0.0000	</row2>
					<row3>	0.0000 0.0000 2.8221 1.0000	</row3>
				</transform>
			</node>
			<node>
				<identifier>	HP_FX_Fire_2	</identifier>
				<transform>
					<row0>	1.0000 0.0000 0.0000 0.0000	</row0>
					<row1>	0.0000 1.0000 0.0000 0.0000	</row1>
					<row2>	0.0000 0.0000 1.0000 0.0000	</row2>
					<row3>	0.0000 0.6005 2.4657 1.0000	</row3>
				</transform>
			</node>
			<node>
				<identifier>	HP_FX_Fire_2_side_1	</identifier>
				<transform>
					<row0>	0.9978 0.0000 -0.0670 0.0000	</row0>
					<row1>	0.0000 1.0000 0.0000 0.0000	</row1>
					<row2>	0.0670 0.0000 0.9978 0.0000	</row2>
					<row3>	-0.2615 0.4046 2.2653 1.0000	</row3>
				</transform>
			</node>
			<node>
				<identifier>	HP_FX_Fire_2_side_2	</identifier>
				<transform>
					<row0>	0.9978 0.0000 0.0670 0.0000	</row0>
					<row1>	0.0000 1.0000 0.0000 0.0000	</row1>
					<row2>	-0.0670 0.0000 0.9978 0.0000	</row2>
					<row3>	0.2464 0.3763 1.1315 1.0000	</row3>
				</transform>
			</node>
			<node>
				<identifier>	HP_FX_FloodLight_left_1	</identifier>
				<transform>
					<row0>	-1.0000 0.0000 0.0000 0.0000	</row0>
					<row1>	0.0000 1.0000 0.0000 0.0000	</row1>
					<row2>	0.0000 0.0000 -1.0000 0.0000	</row2>
					<row3>	-0.1238 1.1030 1.5680 1.0000	</row3>
				</transform>
			</node>
			<node>
				<identifier>	HP_FX_FloodLight_right_1	</identifier>
				<transform>
					<row0>	1.0000 0.0000 0.0000 0.0000	</row0>
					<row1>	0.0000 1.0000 0.0000 0.0000	</row1>
					<row2>	0.0000 0.0000 1.0000 0.0000	</row2>
					<row3>	0.1241 1.1030 1.5680 1.0000	</row3>
				</transform>
			</node>
			<node>
				<identifier>	HP_FX_Flood_steam_1	</identifier>
				<transform>
					<row0>	0.9161 -0.4009 0.0000 0.0000	</row0>
					<row1>	0.4009 0.9161 0.0000 0.0000	</row1>
					<row2>	0.0000 0.0000 1.0000 0.0000	</row2>
					<row3>	0.0771 1.2635 1.6904 1.0000	</row3>
				</transform>
			</node>
			<node>
				<identifier>	HP_FX_Flood_steam_2	</identifier>
				<transform>
					<row0>	0.9330 0.3600 0.0000 0.0000	</row0>
					<row1>	-0.3600 0.9330 0.0000 0.0000	</row1>
					<row2>	0.0000 0.0000 1.0000 0.0000	</row2>
					<row3>	-0.0810 1.2574 1.6939 1.0000	</row3>
				</transform>
			</node>
			<node>
				<identifier>	HP_FX_Flood_steam_left	</identifier>
				<transform>
					<row0>	-1.0000 0.0000 0.0000 0.0000	</row0>
					<row1>	0.0000 1.0000 0.0000 0.0000	</row1>
					<row2>	0.0000 0.0000 -1.0000 0.0000	</row2>
					<row3>	-0.4248 0.3153 3.1026 1.0000	</row3>
				</transform>
			</node>
			<node>
				<identifier>	HP_FX_Smoke_1	</identifier>
				<transform>
					<row0>	1.0000 0.0000 0.0000 0.0000	</row0>
					<row1>	0.0000 1.0000 0.0000 0.0000	</row1>
					<row2>	0.0000 0.0000 1.0000 0.0000	</row2>
					<row3>	0.0000 1.1690 1.5778 1.0000	</row3>
				</transform>
			</node>
			<node>
				<identifier>	HP_Flagpole	</identifier>
				<transform>
					<row0>	0.6590 0.0000 0.0000 0.0000	</row0>
					<row1>	0.0000 0.6590 0.0047 0.0000	</row1>
					<row2>	0.0000 -0.0047 0.6590 0.0000	</row2>
					<row3>	0.0000 3.2995 1.9862 1.0000	</row3>
				</transform>
			</node>
			<node>
				<identifier>	HP_HF_1	</identifier>
				<transform>
					<row0>	1.0000 0.0000 0.0000 0.0000	</row0>
					<row1>	0.0000 1.0000 0.0000 0.0000	</row1>
					<row2>	0.0000 0.0000 1.0000 0.0000	</row2>
					<row3>	0.0000 0.8884 2.3668 1.0000	</row3>
				</transform>
			</node>
			<node>
				<identifier>	HP_HF_2	</identifier>
				<transform>
					<row0>	1.0000 0.0000 0.0000 0.0000	</row0>
					<row1>	0.0000 1.0000 0.0000 0.0000	</row1>
					<row2>	0.0000 0.0000 1.0000 0.0000	</row2>
					<row3>	0.0000 1.0156 2.2168 1.0000	</row3>
				</transform>
			</node>
			<node>
				<identifier>	HP_HGA_1	</identifier>
				<transform>
					<row0>	0.2588 0.0000 0.9659 0.0000	</row0>
					<row1>	0.0000 1.0000 0.0000 0.0000	</row1>
					<row2>	-0.9659 0.0000 0.2588 0.0000	</row2>
					<row3>	-0.3613 0.3963 2.8812 1.0000	</row3>
				</transform>
			</node>
			<node>
				<identifier>	HP_HGA_2	</identifier>
				<transform>
					<row0>	0.2588 0.0000 -0.9659 0.0000	</row0>
					<row1>	0.0000 1.0000 0.0000 0.0000	</row1>
					<row2>	0.9659 0.0000 0.2588 0.0000	</row2>
					<row3>	0.3613 0.3963 2.8812 1.0000	</row3>
				</transform>
			</node>
			<node>
				<identifier>	HP_HGA_3	</identifier>
				<transform>
					<row0>	0.0000 0.0000 1.0000 0.0000	</row0>
					<row1>	0.0000 1.0000 0.0000 0.0000	</row1>
					<row2>	-1.0000 0.0000 0.0000 0.0000	</row2>
					<row3>	-0.1455 0.8229 1.9346 1.0000	</row3>
				</transform>
			</node>
			<node>
				<identifier>	HP_HGA_4	</identifier>
				<transform>
					<row0>	0.0000 0.0000 -1.0000 0.0000	</row0>
					<row1>	0.0000 1.0000 0.0000 0.0000	</row1>
					<row2>	1.0000 0.0000 0.0000 0.0000	</row2>
					<row3>	0.1455 0.8229 1.9346 1.0000	</row3>
				</transform>
			</node>
			<node>
				<identifier>	HP_HGM_2	</identifier>
				<transform>
					<row0>	1.0000 0.0000 0.0000 0.0000	</row0>
					<row1>	0.0000 1.0000 0.0000 0.0000	</row1>
					<row2>	0.0000 0.0000 1.0000 0.0000	</row2>
					<row3>	0.0000 0.6069 2.9689 1.0000	</row3>
				</transform>
			</node>
			<node>
				<identifier>	HP_HGM_3	</identifier>
				<transform>
					<row0>	1.0000 0.0000 0.0000 0.0000	</row0>
					<row1>	0.0000 1.0000 0.0000 0.0000	</row1>
					<row2>	0.0000 0.0000 1.0000 0.0000	</row2>
					<row3>	-0.4045 0.3558 1.5694 1.0000	</row3>
				</transform>
			</node>
			<node>
				<identifier>	HP_HGM_4	</identifier>
				<transform>
					<row0>	1.0000 0.0000 0.0000 0.0000	</row0>
					<row1>	0.0000 1.0000 0.0000 0.0000	</row1>
					<row2>	0.0000 0.0000 1.0000 0.0000	</row2>
					<row3>	0.4045 0.3558 1.5694 1.0000	</row3>
				</transform>
			</node>
			<node>
				<identifier>	HP_flag_1	</identifier>
				<transform>
					<row0>	0.9923 -0.1238 -0.0057 0.0000	</row0>
					<row1>	0.1238 0.9880 0.0923 0.0000	</row1>
					<row2>	-0.0057 -0.0923 0.9957 0.0000	</row2>
					<row3>	0.1700 2.1588 2.0373 1.0000	</row3>
				</transform>
			</node>
			<node>
				<identifier>	HP_flag_2	</identifier>
				<transform>
					<row0>	0.9923 0.1238 0.0057 0.0000	</row0>
					<row1>	-0.1238 0.9880 0.0923 0.0000	</row1>
					<row2>	0.0057 -0.0923 0.9957 0.0000	</row2>
					<row3>	-0.1700 2.1588 2.0373 1.0000	</row3>
				</transform>
			</node>
			<node>
				<identifier>	HP_flag_3	</identifier>
				<transform>
					<row0>	0.9613 -0.2752 -0.0161 0.0000	</row0>
					<row1>	0.2752 0.9546 0.1141 0.0000	</row1>
					<row2>	-0.0161 -0.1141 0.9933 0.0000	</row2>
					<row3>	0.3386 2.1624 2.0349 1.0000	</row3>
				</transform>
			</node>
			<node>
				<identifier>	HP_flag_4	</identifier>
				<transform>
					<row0>	0.9613 0.2752 0.0161 0.0000	</row0>
					<row1>	-0.2752 0.9546 0.1141 0.0000	</row1>
					<row2>	0.0161 -0.1141 0.9933 0.0000	</row2>
					<row3>	-0.3386 2.1624 2.0349 1.0000	</row3>
				</transform>
			</node>
			<node>
				<identifier>	HP_flag_courtesy	</identifier>
				<transform>
					<row0>	0.9396 -0.3415 -0.0216 0.0000	</row0>
					<row1>	0.3415 0.9319 0.1224 0.0000	</row1>
					<row2>	-0.0216 -0.1224 0.9922 0.0000	</row2>
					<row3>	0.4215 2.1648 2.0341 1.0000	</row3>
				</transform>
			</node>
			<node>
				<identifier>	HP_flag_house	</identifier>
				<transform>
					<row0>	0.9396 0.3415 0.0216 0.0000	</row0>
					<row1>	-0.3415 0.9319 0.1224 0.0000	</row1>
					<row2>	0.0216 -0.1224 0.9922 0.0000	</row2>
					<row3>	-0.4203 2.1649 2.0340 1.0000	</row3>
				</transform>
			</node>
			<node>
				<identifier>	MP_BM012_Telpher	</identifier>
				<transform>
					<row0>	1.0000 0.0000 0.0000 0.0000	</row0>
					<row1>	0.0000 1.0000 0.0000 0.0000	</row1>
					<row2>	0.0000 0.0000 1.0000 0.0000	</row2>
					<row3>	0.0000 0.5834 3.3801 1.0000	</row3>
				</transform>
			</node>
			<node>
				<identifier>	MP_BM611_Telephone	</identifier>
				<transform>
					<row0>	-1.0000 0.0000 0.0000 0.0000	</row0>
					<row1>	0.0000 1.0000 0.0000 0.0000	</row1>
					<row2>	0.0000 0.0000 -1.0000 0.0000	</row2>
					<row3>	0.0364 2.4058 2.0233 1.0000	</row3>
				</transform>
			</node>
			<node>
				<identifier>	MP_BM611_Telephone_INDEX_1	</identifier>
				<transform>
					<row0>	-0.9270 0.0000 -0.3751 0.0000	</row0>
					<row1>	0.0000 1.0000 0.0000 0.0000	</row1>
					<row2>	0.3751 0.0000 -0.9270 0.0000	</row2>
					<row3>	-0.0081 1.2132 2.0470 1.0000	</row3>
				</transform>
			</node>
			<node>
				<identifier>	MP_BM611_Telephone_INDEX_2	</identifier>
				<transform>
					<row0>	-0.9811 0.0000 -0.1935 0.0000	</row0>
					<row1>	0.0000 1.0000 0.0000 0.0000	</row1>
					<row2>	0.1935 0.0000 -0.9811 0.0000	</row2>
					<row3>	-0.0314 1.0852 1.7454 1.0000	</row3>
				</transform>
			</node>
			<node>
				<identifier>	MP_CM011_Fire_Fighting_Gear	</identifier>
				<transform>
					<row0>	0.2916 0.0000 -0.9565 0.0000	</row0>
					<row1>	0.0000 1.0000 0.0000 0.0000	</row1>
					<row2>	0.9565 0.0000 0.2916 0.0000	</row2>
					<row3>	-0.2637 0.3879 2.4441 1.0000	</row3>
				</transform>
			</node>
			<node>
				<identifier>	MP_CM011_Fire_Fighting_Gear_INDEX_1	</identifier>
				<transform>
					<row0>	0.2916 0.0000 0.9565 0.0000	</row0>
					<row1>	0.0000 1.0000 0.0000 0.0000	</row1>
					<row2>	-0.9565 0.0000 0.2916 0.0000	</row2>
					<row3>	0.2637 0.3879 2.4441 1.0000	</row3>
				</transform>
			</node>
			<node>
				<identifier>	MP_CM012_Fire_Hose_Rack_1	</identifier>
				<transform>
					<row0>	-0.9594 0.0000 0.2822 0.0000	</row0>
					<row1>	0.0000 1.0000 0.0000 0.0000	</row1>
					<row2>	-0.2822 0.0000 -0.9594 0.0000	</row2>
					<row3>	0.2512 0.4733 2.4276 1.0000	</row3>
				</transform>
			</node>
			<node>
				<identifier>	MP_CM012_Fire_Hose_Rack_1_INDEX_1	</identifier>
				<transform>
					<row0>	0.9539 0.0000 0.3001 0.0000	</row0>
					<row1>	0.0000 1.0000 0.0000 0.0000	</row1>
					<row2>	-0.3001 0.0000 0.9539 0.0000	</row2>
					<row3>	-0.2512 0.4733 2.4276 1.0000	</row3>
				</transform>
			</node>
			<node>
				<identifier>	MP_CM014_Fuel_Oil_Hose	</identifier>
				<transform>
					<row0>	-1.0000 0.0000 0.0000 0.0000	</row0>
					<row1>	0.0000 1.0000 0.0000 0.0000	</row1>
					<row2>	0.0000 0.0000 -1.0000 0.0000	</row2>
					<row3>	0.1477 0.3888 1.4004 1.0000	</row3>
				</transform>
			</node>
			<node>
				<identifier>	MP_CM014_Fuel_Oil_Hose_INDEX_1	</identifier>
				<transform>
					<row0>	-1.0000 0.0000 0.0000 0.0000	</row0>
					<row1>	0.0000 1.0000 0.0000 0.0000	</row1>
					<row2>	0.0000 0.0000 -1.0000 0.0000	</row2>
					<row3>	0.1477 0.4181 1.4004 1.0000	</row3>
				</transform>
			</node>
			<node>
				<identifier>	MP_CM014_Fuel_Oil_Hose_INDEX_2	</identifier>
				<transform>
					<row0>	1.0000 0.0000 0.0000 0.0000	</row0>
					<row1>	0.0000 -1.0000 0.0000 0.0000	</row1>
					<row2>	0.0000 0.0000 -1.0000 0.0000	</row2>
					<row3>	-0.1477 0.3908 1.4004 1.0000	</row3>
				</transform>
			</node>
			<node>
				<identifier>	MP_CM014_Fuel_Oil_Hose_INDEX_3	</identifier>
				<transform>
					<row0>	1.0000 0.0000 0.0000 0.0000	</row0>
					<row1>	0.0000 -1.0000 0.0000 0.0000	</row1>
					<row2>	0.0000 0.0000 -1.0000 0.0000	</row2>
					<row3>	-0.1477 0.4201 1.4004 1.0000	</row3>
				</transform>
			</node>
			<node>
				<identifier>	MP_CM028_Swab_Rack	</identifier>
				<transform>
					<row0>	0.0000 0.0315 0.9995 0.0000	</row0>
					<row1>	0.0000 0.9995 -0.0315 0.0000	</row1>
					<row2>	-1.0000 0.0000 0.0000 0.0000	</row2>
					<row3>	0.2659 0.3867 2.5405 1.0000	</row3>
				</transform>
			</node>
			<node>
				<identifier>	MP_CM029_Emergency_Box	</identifier>
				<transform>
					<row0>	0.0000 0.0000 1.0000 0.0000	</row0>
					<row1>	0.0000 1.0000 0.0000 0.0000	</row1>
					<row2>	-1.0000 0.0000 0.0000 0.0000	</row2>
					<row3>	0.2702 0.4809 3.1601 1.0000	</row3>
				</transform>
			</node>
			<node>
				<identifier>	MP_CM029_Emergency_Box_INDEX_1	</identifier>
				<transform>
					<row0>	0.0000 0.0000 1.0000 0.0000	</row0>
					<row1>	0.0000 1.0000 0.0000 0.0000	</row1>
					<row2>	-1.0000 0.0000 0.0000 0.0000	</row2>
					<row3>	0.1518 0.4570 2.1166 1.0000	</row3>
				</transform>
			</node>
			<node>
				<identifier>	MP_CM029_Emergency_Box_INDEX_2	</identifier>
				<transform>
					<row0>	-0.6012 0.0000 -0.7991 0.0000	</row0>
					<row1>	0.0000 1.0000 0.0000 0.0000	</row1>
					<row2>	0.7991 0.0000 -0.6012 0.0000	</row2>
					<row3>	-0.0947 1.0732 1.7098 1.0000	</row3>
				</transform>
			</node>
			<node>
				<identifier>	MP_CM029_Emergency_Box_INDEX_3	</identifier>
				<transform>
					<row0>	0.0000 0.0000 -1.0000 0.0000	</row0>
					<row1>	0.0000 1.0000 0.0000 0.0000	</row1>
					<row2>	1.0000 0.0000 0.0000 0.0000	</row2>
					<row3>	-0.2707 0.4551 2.7284 1.0000	</row3>
				</transform>
			</node>
			<node>
				<identifier>	MP_CM029_Emergency_Box_INDEX_4	</identifier>
				<transform>
					<row0>	0.0000 0.0000 -1.0000 0.0000	</row0>
					<row1>	0.0000 1.0000 0.0000 0.0000	</row1>
					<row2>	1.0000 0.0000 0.0000 0.0000	</row2>
					<row3>	-0.1518 0.4555 1.6508 1.0000	</row3>
				</transform>
			</node>
			<node>
				<identifier>	MP_CM029_Emergency_Box_INDEX_5	</identifier>
				<transform>
					<row0>	0.0000 0.0000 1.0000 0.0000	</row0>
					<row1>	0.0000 1.0000 0.0000 0.0000	</row1>
					<row2>	-1.0000 0.0000 0.0000 0.0000	</row2>
					<row3>	0.0397 0.8826 2.0705 1.0000	</row3>
				</transform>
			</node>
			<node>
				<identifier>	MP_CM029_Emergency_Box_INDEX_6	</identifier>
				<transform>
					<row0>	-0.2116 0.0000 0.9774 0.0000	</row0>
					<row1>	0.0000 1.0000 0.0000 0.0000	</row1>
					<row2>	-0.9774 0.0000 -0.2116 0.0000	</row2>
					<row3>	0.0872 0.7375 2.2186 1.0000	</row3>
				</transform>
			</node>
			<node>
				<identifier>	MP_CM052_Fender	</identifier>
				<transform>
					<row0>	0.0000 0.0000 -0.7500 0.0000	</row0>
					<row1>	0.0000 0.7500 0.0000 0.0000	</row1>
					<row2>	0.7500 0.0000 0.0000 0.0000	</row2>
					<row3>	0.1688 0.3620 1.5216 1.0000	</row3>
				</transform>
			</node>
			<node>
				<identifier>	MP_CM052_Fender_INDEX_1	</identifier>
				<transform>
					<row0>	0.0000 0.0000 0.7500 0.0000	</row0>
					<row1>	0.0000 0.7500 0.0000 0.0000	</row1>
					<row2>	-0.7500 0.0000 0.0000 0.0000	</row2>
					<row3>	-0.2866 0.4041 2.9703 1.0000	</row3>
				</transform>
			</node>
			<node>
				<identifier>	MP_CM052_Fender_INDEX_2	</identifier>
				<transform>
					<row0>	0.0000 0.0000 0.7500 0.0000	</row0>
					<row1>	0.0000 0.7500 0.0000 0.0000	</row1>
					<row2>	-0.7500 0.0000 0.0000 0.0000	</row2>
					<row3>	-0.1688 0.3620 1.5883 1.0000	</row3>
				</transform>
			</node>
			<node>
				<identifier>	MP_CM052_Fender_INDEX_3	</identifier>
				<transform>
					<row0>	0.0000 0.0000 -0.7500 0.0000	</row0>
					<row1>	0.0000 0.7500 0.0000 0.0000	</row1>
					<row2>	0.7500 0.0000 0.0000 0.0000	</row2>
					<row3>	0.1687 0.3620 1.5888 1.0000	</row3>
				</transform>
			</node>
			<node>
				<identifier>	MP_CM052_Fender_INDEX_4	</identifier>
				<transform>
					<row0>	0.0000 0.0000 0.7500 0.0000	</row0>
					<row1>	0.0000 0.7500 0.0000 0.0000	</row1>
					<row2>	-0.7500 0.0000 0.0000 0.0000	</row2>
					<row3>	-0.1687 0.3620 1.5209 1.0000	</row3>
				</transform>
			</node>
			<node>
				<identifier>	MP_CM056_Ships_bell	</identifier>
				<transform>
					<row0>	0.7000 0.0000 0.0000 0.0000	</row0>
					<row1>	0.0000 0.7000 0.0000 0.0000	</row1>
					<row2>	0.0000 0.0000 0.7000 0.0000	</row2>
					<row3>	-0.0723 0.4990 1.1769 1.0000	</row3>
				</transform>
			</node>
			<node>
				<identifier>	MP_CM082_Rope	</identifier>
				<transform>
					<row0>	0.3666 0.0000 -0.0003 0.0000	</row0>
					<row1>	0.0000 0.3666 0.0000 0.0000	</row1>
					<row2>	0.0003 0.0000 0.3666 0.0000	</row2>
					<row3>	-0.0418 1.1306 1.9131 1.0000	</row3>
				</transform>
			</node>
			<node>
				<identifier>	MP_CM082_Rope_INDEX_1	</identifier>
				<transform>
					<row0>	-0.3233 0.0000 -0.0004 0.0000	</row0>
					<row1>	0.0000 0.3233 0.0000 0.0000	</row1>
					<row2>	0.0004 0.0000 -0.3233 0.0000	</row2>
					<row3>	0.0412 1.1308 1.9116 1.0000	</row3>
				</transform>
			</node>
			<node>
				<identifier>	MP_CM082_Rope_INDEX_2	</identifier>
				<transform>
					<row0>	-0.3233 0.0000 0.0004 0.0000	</row0>
					<row1>	0.0000 0.3233 0.0000 0.0000	</row1>
					<row2>	-0.0004 0.0000 -0.3233 0.0000	</row2>
					<row3>	-0.0412 1.1308 1.9414 1.0000	</row3>
				</transform>
			</node>
			<node>
				<identifier>	MP_CM082_Rope_INDEX_3	</identifier>
				<transform>
					<row0>	0.2780 0.0000 0.0003 0.0000	</row0>
					<row1>	0.0000 0.2780 0.0000 0.0000	</row1>
					<row2>	-0.0003 0.0000 0.2780 0.0000	</row2>
					<row3>	0.0415 1.1307 1.9261 1.0000	</row3>
				</transform>
			</node>
			<node>
				<identifier>	MP_CM082_Rope_INDEX_4	</identifier>
				<transform>
					<row0>	0.2780 0.0000 -0.0003 0.0000	</row0>
					<row1>	0.0000 0.2780 0.0000 0.0000	</row1>
					<row2>	0.0003 0.0000 0.2780 0.0000	</row2>
					<row3>	-0.0415 1.1307 1.8988 1.0000	</row3>
				</transform>
			</node>
			<node>
				<identifier>	MP_CM082_Rope_INDEX_5	</identifier>
				<transform>
					<row0>	0.3517 0.0000 -0.0014 0.0000	</row0>
					<row1>	0.0000 0.3517 0.0000 0.0000	</row1>
					<row2>	0.0014 0.0000 0.3517 0.0000	</row2>
					<row3>	-0.0417 1.1304 1.9259 1.0000	</row3>
				</transform>
			</node>
			<node>
				<identifier>	MP_CM082_Rope_INDEX_6	</identifier>
				<transform>
					<row0>	0.3666 0.0000 0.0003 0.0000	</row0>
					<row1>	0.0000 0.3666 0.0000 0.0000	</row1>
					<row2>	-0.0003 0.0000 0.3666 0.0000	</row2>
					<row3>	0.0418 1.1306 1.8990 1.0000	</row3>
				</transform>
			</node>
			<node>
				<identifier>	MP_CM082_Rope_INDEX_7	</identifier>
				<transform>
					<row0>	0.3517 0.0000 0.0014 0.0000	</row0>
					<row1>	0.0000 0.3517 0.0000 0.0000	</row1>
					<row2>	-0.0014 0.0000 0.3517 0.0000	</row2>
					<row3>	0.0417 1.1304 1.9417 1.0000	</row3>
				</transform>
			</node>
			<node>
				<identifier>	MP_CM092_Siren	</identifier>
				<transform>
					<row0>	-0.2616 0.0000 -0.9652 0.0000	</row0>
					<row1>	0.0000 1.0000 0.0000 0.0000	</row1>
					<row2>	0.9652 0.0000 -0.2616 0.0000	</row2>
					<row3>	0.0716 1.1121 1.7365 1.0000	</row3>
				</transform>
			</node>
			<node>
				<identifier>	MP_CM109_Leadsman_Platform	</identifier>
				<transform>
					<row0>	-0.0455 -0.9982 0.0379 0.0000	</row0>
					<row1>	-0.9959 0.0483 0.0767 0.0000	</row1>
					<row2>	-0.0784 -0.0343 -0.9963 0.0000	</row2>
					<row3>	-0.4258 0.4255 3.3618 1.0000	</row3>
				</transform>
			</node>
			<node>
				<identifier>	MP_CM109_Leadsman_Platform_INDEX_1	</identifier>
				<transform>
					<row0>	0.0560 -0.9976 0.0401 0.0000	</row0>
					<row1>	0.9955 0.0589 0.0745 0.0000	</row1>
					<row2>	-0.0767 0.0358 0.9964 0.0000	</row2>
					<row3>	0.4265 0.4249 3.3618 1.0000	</row3>
				</transform>
			</node>
			<node>
				<identifier>	MP_CM126_Cleat	</identifier>
				<transform>
					<row0>	-0.0459 0.0000 0.9989 0.0000	</row0>
					<row1>	0.9989 0.0000 0.0459 0.0000	</row1>
					<row2>	0.0000 1.0000 0.0000 0.0000	</row2>
					<row3>	0.4854 0.3788 2.3249 1.0000	</row3>
				</transform>
			</node>
			<node>
				<identifier>	MP_CM126_Cleat_INDEX_1	</identifier>
				<transform>
					<row0>	-1.0000 0.0000 0.0000 0.0000	</row0>
					<row1>	0.0000 1.0000 0.0000 0.0000	</row1>
					<row2>	0.0000 0.0000 -1.0000 0.0000	</row2>
					<row3>	0.1989 0.5918 1.7777 1.0000	</row3>
				</transform>
			</node>
			<node>
				<identifier>	MP_CM126_Cleat_INDEX_2	</identifier>
				<transform>
					<row0>	-1.0000 0.0000 0.0000 0.0000	</row0>
					<row1>	0.0000 1.0000 0.0000 0.0000	</row1>
					<row2>	0.0000 0.0000 -1.0000 0.0000	</row2>
					<row3>	-0.1989 0.5918 1.7777 1.0000	</row3>
				</transform>
			</node>
			<node>
				<identifier>	MP_CM126_Cleat_INDEX_3	</identifier>
				<transform>
					<row0>	1.0000 0.0000 0.0000 0.0000	</row0>
					<row1>	0.0000 1.0000 0.0000 0.0000	</row1>
					<row2>	0.0000 0.0000 1.0000 0.0000	</row2>
					<row3>	0.1813 0.6035 2.7172 1.0000	</row3>
				</transform>
			</node>
			<node>
				<identifier>	MP_CM126_Cleat_INDEX_4	</identifier>
				<transform>
					<row0>	1.0000 0.0000 0.0000 0.0000	</row0>
					<row1>	0.0000 1.0000 0.0000 0.0000	</row1>
					<row2>	0.0000 0.0000 1.0000 0.0000	</row2>
					<row3>	-0.1831 0.6035 2.7172 1.0000	</row3>
				</transform>
			</node>
			<node>
				<identifier>	MP_CM126_Cleat_INDEX_5	</identifier>
				<transform>
					<row0>	0.9989 0.0471 -0.0006 0.0000	</row0>
					<row1>	-0.0471 0.9988 -0.0124 0.0000	</row1>
					<row2>	0.0000 0.0124 0.9999 0.0000	</row2>
					<row3>	-0.5101 0.3389 0.7880 1.0000	</row3>
				</transform>
			</node>
			<node>
				<identifier>	MP_CM126_Cleat_INDEX_6	</identifier>
				<transform>
					<row0>	-0.0459 0.0000 -0.9989 0.0000	</row0>
					<row1>	-0.9989 0.0000 0.0459 0.0000	</row1>
					<row2>	0.0000 1.0000 0.0000 0.0000	</row2>
					<row3>	-0.4854 0.3788 2.3249 1.0000	</row3>
				</transform>
			</node>
			<node>
				<identifier>	MP_CM126_Cleat_INDEX_7	</identifier>
				<transform>
					<row0>	0.0000 0.0000 -1.0000 0.0000	</row0>
					<row1>	-1.0000 0.0000 0.0000 0.0000	</row1>
					<row2>	0.0000 1.0000 0.0000 0.0000	</row2>
					<row3>	-0.5137 0.3510 1.1923 1.0000	</row3>
				</transform>
			</node>
			<node>
				<identifier>	MP_CM126_Cleat_INDEX_8	</identifier>
				<transform>
					<row0>	0.9989 -0.0471 0.0006 0.0000	</row0>
					<row1>	0.0471 0.9988 -0.0124 0.0000	</row1>
					<row2>	0.0000 0.0124 0.9999 0.0000	</row2>
					<row3>	0.5101 0.3389 0.7880 1.0000	</row3>
				</transform>
			</node>
			<node>
				<identifier>	MP_CM126_Cleat_INDEX_9	</identifier>
				<transform>
					<row0>	0.0000 0.0000 1.0000 0.0000	</row0>
					<row1>	1.0000 0.0000 0.0000 0.0000	</row1>
					<row2>	0.0000 1.0000 0.0000 0.0000	</row2>
					<row3>	0.5137 0.3510 1.1923 1.0000	</row3>
				</transform>
			</node>
			<node>
				<identifier>	MP_HM004_Loudspeaker	</identifier>
				<transform>
					<row0>	0.5583 0.0000 -0.8296 0.0000	</row0>
					<row1>	0.0000 1.0000 0.0000 0.0000	</row1>
					<row2>	0.8296 0.0000 0.5583 0.0000	</row2>
					<row3>	0.0968 1.1112 1.6997 1.0000	</row3>
				</transform>
			</node>
			<node>
				<identifier>	MP_HM004_Loudspeaker_INDEX_1	</identifier>
				<transform>
					<row0>	0.0000 0.0000 1.0000 0.0000	</row0>
					<row1>	0.0000 1.0000 0.0000 0.0000	</row1>
					<row2>	-1.0000 0.0000 0.0000 0.0000	</row2>
					<row3>	-0.1467 0.5758 1.5652 1.0000	</row3>
				</transform>
			</node>
			<node>
				<identifier>	MP_HM004_Loudspeaker_INDEX_2	</identifier>
				<transform>
					<row0>	0.0000 0.0000 -1.0000 0.0000	</row0>
					<row1>	0.0000 1.0000 0.0000 0.0000	</row1>
					<row2>	1.0000 0.0000 0.0000 0.0000	</row2>
					<row3>	0.1467 0.5758 1.5648 1.0000	</row3>
				</transform>
			</node>
			<node>
				<identifier>	MP_HM004_Loudspeaker_INDEX_3	</identifier>
				<transform>
					<row0>	0.6332 0.0000 -0.7740 0.0000	</row0>
					<row1>	0.0000 1.0000 0.0000 0.0000	</row1>
					<row2>	0.7740 0.0000 0.6332 0.0000	</row2>
					<row3>	0.2204 0.6672 2.6552 1.0000	</row3>
				</transform>
			</node>
			<node>
				<identifier>	MP_HM004_Loudspeaker_INDEX_4	</identifier>
				<transform>
					<row0>	1.0000 0.0000 0.0000 0.0000	</row0>
					<row1>	0.0000 1.0000 0.0000 0.0000	</row1>
					<row2>	0.0000 0.0000 1.0000 0.0000	</row2>
					<row3>	0.0008 0.5736 3.3338 1.0000	</row3>
				</transform>
			</node>
			<node>
				<identifier>	MP_HM004_Loudspeaker_INDEX_5	</identifier>
				<transform>
					<row0>	0.9815 0.0000 0.1915 0.0000	</row0>
					<row1>	0.0000 1.0000 0.0000 0.0000	</row1>
					<row2>	-0.1915 0.0000 0.9815 0.0000	</row2>
					<row3>	-0.0205 0.9696 1.7468 1.0000	</row3>
				</transform>
			</node>
			<node>
				<identifier>	MP_HM004_Loudspeaker_INDEX_6	</identifier>
				<transform>
					<row0>	1.0000 0.0000 0.0000 0.0000	</row0>
					<row1>	0.0000 1.0000 0.0000 0.0000	</row1>
					<row2>	0.0000 0.0000 1.0000 0.0000	</row2>
					<row3>	-0.0205 0.8007 2.2520 1.0000	</row3>
				</transform>
			</node>
			<node>
				<identifier>	MP_HM007_Lifebuoy	</identifier>
				<transform>
					<row0>	1.0000 0.0000 0.0000 0.0000	</row0>
					<row1>	0.0000 1.0000 0.0000 0.0000	</row1>
					<row2>	0.0000 0.0000 1.0000 0.0000	</row2>
					<row3>	-0.4272 0.7305 2.4769 1.0000	</row3>
				</transform>
			</node>
			<node>
				<identifier>	MP_HM007_Lifebuoy_INDEX_1	</identifier>
				<transform>
					<row0>	1.0000 0.0000 0.0000 0.0000	</row0>
					<row1>	0.0000 1.0000 0.0000 0.0000	</row1>
					<row2>	0.0000 0.0000 1.0000 0.0000	</row2>
					<row3>	0.4248 0.7305 2.4769 1.0000	</row3>
				</transform>
			</node>
			<node>
				<identifier>	MP_HM008_Insulator	</identifier>
				<transform>
					<row0>	0.3035 0.0000 0.9528 0.0000	</row0>
					<row1>	0.9528 0.0000 -0.3035 0.0000	</row1>
					<row2>	0.0000 1.0000 0.0000 0.0000	</row2>
					<row3>	0.2264 0.6749 2.3452 1.0000	</row3>
				</transform>
			</node>
			<node>
				<identifier>	MP_HM008_Insulator_INDEX_1	</identifier>
				<transform>
					<row0>	0.3035 0.0000 -0.9528 0.0000	</row0>
					<row1>	-0.9528 0.0000 -0.3035 0.0000	</row1>
					<row2>	0.0000 1.0000 0.0000 0.0000	</row2>
					<row3>	-0.2264 0.6749 2.3452 1.0000	</row3>
				</transform>
			</node>
			<node>
				<identifier>	MP_HM008_Insulator_INDEX_2	</identifier>
				<transform>
					<row0>	0.3035 0.0000 -0.9528 0.0000	</row0>
					<row1>	-0.9528 0.0000 -0.3035 0.0000	</row1>
					<row2>	0.0000 1.0000 0.0000 0.0000	</row2>
					<row3>	-0.2333 0.6749 2.3694 1.0000	</row3>
				</transform>
			</node>
			<node>
				<identifier>	MP_HM008_Insulator_INDEX_3	</identifier>
				<transform>
					<row0>	0.3035 0.0000 -0.9528 0.0000	</row0>
					<row1>	-0.9528 0.0000 -0.3035 0.0000	</row1>
					<row2>	0.0000 1.0000 0.0000 0.0000	</row2>
					<row3>	-0.2412 0.6749 2.3944 1.0000	</row3>
				</transform>
			</node>
			<node>
				<identifier>	MP_HM008_Insulator_INDEX_4	</identifier>
				<transform>
					<row0>	-0.3002 0.0000 -0.9539 0.0000	</row0>
					<row1>	0.9539 0.0000 -0.3002 0.0000	</row1>
					<row2>	0.0000 -1.0000 0.0000 0.0000	</row2>
					<row3>	0.2108 0.6925 2.2939 1.0000	</row3>
				</transform>
			</node>
			<node>
				<identifier>	MP_HM008_Insulator_INDEX_5	</identifier>
				<transform>
					<row0>	0.0000 0.0000 -1.0000 0.0000	</row0>
					<row1>	-1.0000 0.0000 0.0000 0.0000	</row1>
					<row2>	0.0000 1.0000 0.0000 0.0000	</row2>
					<row3>	-0.2644 0.6515 2.5786 1.0000	</row3>
				</transform>
			</node>
			<node>
				<identifier>	MP_HM016_AmmoBox	</identifier>
				<transform>
					<row0>	0.0000 0.0138 0.9999 0.0000	</row0>
					<row1>	0.0000 0.9999 -0.0138 0.0000	</row1>
					<row2>	-1.0000 0.0000 0.0000 0.0000	</row2>
					<row3>	0.2303 0.6075 3.0391 1.0000	</row3>
				</transform>
			</node>
			<node>
				<identifier>	MP_HM016_AmmoBox_INDEX_1	</identifier>
				<transform>
					<row0>	0.6586 -0.0235 -0.7521 0.0000	</row0>
					<row1>	0.0012 0.9995 -0.0302 0.0000	</row1>
					<row2>	0.7525 0.0190 0.6583 0.0000	</row2>
					<row3>	-0.2136 0.3649 1.7036 1.0000	</row3>
				</transform>
			</node>
			<node>
				<identifier>	MP_HM016_AmmoBox_INDEX_2	</identifier>
				<transform>
					<row0>	0.5093 0.0000 0.8606 0.0000	</row0>
					<row1>	0.0000 1.0000 0.0000 0.0000	</row1>
					<row2>	-0.8606 0.0000 0.5093 0.0000	</row2>
					<row3>	-0.1410 0.8228 2.1195 1.0000	</row3>
				</transform>
			</node>
			<node>
				<identifier>	MP_HM016_AmmoBox_INDEX_3	</identifier>
				<transform>
					<row0>	0.0000 -0.0138 -0.9999 0.0000	</row0>
					<row1>	0.0000 0.9999 -0.0138 0.0000	</row1>
					<row2>	1.0000 0.0000 0.0000 0.0000	</row2>
					<row3>	-0.2322 0.6057 2.9395 1.0000	</row3>
				</transform>
			</node>
			<node>
				<identifier>	MP_HM016_AmmoBox_INDEX_4	</identifier>
				<transform>
					<row0>	0.5093 0.0000 -0.8606 0.0000	</row0>
					<row1>	0.0000 1.0000 0.0000 0.0000	</row1>
					<row2>	0.8606 0.0000 0.5093 0.0000	</row2>
					<row3>	0.1410 0.8228 2.1195 1.0000	</row3>
				</transform>
			</node>
			<node>
				<identifier>	MP_HM016_AmmoBox_INDEX_5	</identifier>
				<transform>
					<row0>	-0.0073 0.0424 0.9991 0.0000	</row0>
					<row1>	-0.0444 0.9981 -0.0427 0.0000	</row1>
					<row2>	-0.9990 -0.0446 -0.0054 0.0000	</row2>
					<row3>	-0.2915 0.4117 3.1910 1.0000	</row3>
				</transform>
			</node>
			<node>
				<identifier>	MP_HM016_AmmoBox_INDEX_6	</identifier>
				<transform>
					<row0>	0.5093 0.0000 -0.8606 0.0000	</row0>
					<row1>	0.0000 1.0000 0.0000 0.0000	</row1>
					<row2>	0.8606 0.0000 0.5093 0.0000	</row2>
					<row3>	0.1839 0.8228 2.0480 1.0000	</row3>
				</transform>
			</node>
			<node>
				<identifier>	MP_HM016_AmmoBox_INDEX_7	</identifier>
				<transform>
					<row0>	-0.0073 -0.0424 -0.9991 0.0000	</row0>
					<row1>	0.0444 0.9981 -0.0427 0.0000	</row1>
					<row2>	0.9990 -0.0446 -0.0054 0.0000	</row2>
					<row3>	0.2935 0.4088 3.1141 1.0000	</row3>
				</transform>
			</node>
			<node>
				<identifier>	MP_HM016_AmmoBox_INDEX_8	</identifier>
				<transform>
					<row0>	0.6586 0.0235 0.7521 0.0000	</row0>
					<row1>	-0.0012 0.9995 -0.0302 0.0000	</row1>
					<row2>	-0.7525 0.0190 0.6583 0.0000	</row2>
					<row3>	0.2136 0.3649 1.7036 1.0000	</row3>
				</transform>
			</node>
			<node>
				<identifier>	MP_HM016_AmmoBox_INDEX_9	</identifier>
				<transform>
					<row0>	0.5093 0.0000 0.8606 0.0000	</row0>
					<row1>	0.0000 1.0000 0.0000 0.0000	</row1>
					<row2>	-0.8606 0.0000 0.5093 0.0000	</row2>
					<row3>	-0.1839 0.8228 2.0480 1.0000	</row3>
				</transform>
			</node>
			<node>
				<identifier>	MP_HM031_Sounding_Machine	</identifier>
				<transform>
					<row0>	-0.9997 0.0219 0.0098 0.0000	</row0>
					<row1>	0.0216 0.9994 -0.0286 0.0000	</row1>
					<row2>	-0.0104 -0.0284 -0.9995 0.0000	</row2>
					<row3>	0.1994 0.3770 2.1081 1.0000	</row3>
				</transform>
			</node>
			<node>
				<identifier>	MP_HM502_Life_Boat	</identifier>
				<transform>
					<row0>	-1.0000 0.0000 0.0000 0.0000	</row0>
					<row1>	0.0000 0.9879 -0.1548 0.0000	</row1>
					<row2>	0.0000 -0.1548 -0.9879 0.0000	</row2>
					<row3>	-0.0002 0.6305 3.6106 1.0000	</row3>
				</transform>
			</node>
			<node>
				<identifier>	MP_HM601_Pelorus	</identifier>
				<transform>
					<row0>	-1.0000 0.0000 0.0000 0.0000	</row0>
					<row1>	0.0000 1.0000 0.0000 0.0000	</row1>
					<row2>	0.0000 0.0000 -1.0000 0.0000	</row2>
					<row3>	-0.4319 0.6691 2.4394 1.0000	</row3>
				</transform>
			</node>
			<node>
				<identifier>	MP_HM601_Pelorus_INDEX_1	</identifier>
				<transform>
					<row0>	-1.0000 0.0000 0.0000 0.0000	</row0>
					<row1>	0.0000 1.0000 0.0000 0.0000	</row1>
					<row2>	0.0000 0.0000 -1.0000 0.0000	</row2>
					<row3>	0.4319 0.6691 2.4394 1.0000	</row3>
				</transform>
			</node>
			<node>
				<identifier>	MP_HM603_Crane_manipulator	</identifier>
				<transform>
					<row0>	-1.0000 0.0000 0.0000 0.0000	</row0>
					<row1>	0.0000 1.0000 0.0000 0.0000	</row1>
					<row2>	0.0000 0.0000 -1.0000 0.0000	</row2>
					<row3>	-0.0495 1.1453 2.0974 1.0000	</row3>
				</transform>
			</node>
			<node>
				<identifier>	MP_HM603_Crane_manipulator_INDEX_1	</identifier>
				<transform>
					<row0>	1.0000 0.0000 0.0000 0.0000	</row0>
					<row1>	0.0000 1.0000 0.0000 0.0000	</row1>
					<row2>	0.0000 0.0000 1.0000 0.0000	</row2>
					<row3>	0.0495 1.1453 2.0974 1.0000	</row3>
				</transform>
			</node>
			<node>
				<identifier>	MP_HM605_Steering_wheel	</identifier>
				<transform>
					<row0>	1.0000 0.0000 0.0000 0.0000	</row0>
					<row1>	0.0000 1.0000 0.0000 0.0000	</row1>
					<row2>	0.0000 0.0000 1.0000 0.0000	</row2>
					<row3>	0.0000 0.6712 2.6676 1.0000	</row3>
				</transform>
			</node>
			<node>
				<identifier>	MP_HM606_Compass_repeater	</identifier>
				<transform>
					<row0>	1.0000 0.0000 0.0000 0.0000	</row0>
					<row1>	0.0000 1.0000 0.0000 0.0000	</row1>
					<row2>	0.0000 0.0000 1.0000 0.0000	</row2>
					<row3>	0.0343 0.6715 2.6560 1.0000	</row3>
				</transform>
			</node>
			<node>
				<identifier>	MP_HM608_Telegraph_triple	</identifier>
				<transform>
					<row0>	0.8830 0.0000 -0.4695 0.0000	</row0>
					<row1>	0.0000 1.0000 0.0000 0.0000	</row1>
					<row2>	0.4695 0.0000 0.8830 0.0000	</row2>
					<row3>	0.1036 0.6715 2.6493 1.0000	</row3>
				</transform>
			</node>
			<node>
				<identifier>	MP_HM612_Voice_Tube	</identifier>
				<transform>
					<row0>	1.0000 0.0000 0.0000 0.0000	</row0>
					<row1>	0.0000 1.0000 0.0000 0.0000	</row1>
					<row2>	0.0000 0.0000 1.0000 0.0000	</row2>
					<row3>	-0.1529 0.6713 2.6748 1.0000	</row3>
				</transform>
			</node>
			<node>
				<identifier>	MP_HM612_Voice_Tube_INDEX_1	</identifier>
				<transform>
					<row0>	-0.8666 0.0000 -0.4990 0.0000	</row0>
					<row1>	0.0000 1.0000 0.0000 0.0000	</row1>
					<row2>	0.4990 0.0000 -0.8666 0.0000	</row2>
					<row3>	-0.0236 1.1464 2.0402 1.0000	</row3>
				</transform>
			</node>
			<node>
				<identifier>	MP_HM612_Voice_Tube_INDEX_2	</identifier>
				<transform>
					<row0>	0.7071 0.0000 0.7071 0.0000	</row0>
					<row1>	0.0000 1.0000 0.0000 0.0000	</row1>
					<row2>	-0.7071 0.0000 0.7071 0.0000	</row2>
					<row3>	-0.2250 0.6713 2.6309 1.0000	</row3>
				</transform>
			</node>
			<node>
				<identifier>	MP_HM612_Voice_Tube_INDEX_3	</identifier>
				<transform>
					<row0>	-0.1568 0.0000 0.9876 0.0000	</row0>
					<row1>	0.0000 1.0000 0.0000 0.0000	</row1>
					<row2>	-0.9876 0.0000 -0.1568 0.0000	</row2>
					<row3>	-0.0559 2.3237 2.0666 1.0000	</row3>
				</transform>
			</node>
			<node>
				<identifier>	MP_HM612_Voice_Tube_INDEX_4	</identifier>
				<transform>
					<row0>	-0.1568 0.0000 -0.9876 0.0000	</row0>
					<row1>	0.0000 1.0000 0.0000 0.0000	</row1>
					<row2>	0.9876 0.0000 -0.1568 0.0000	</row2>
					<row3>	0.0552 2.3237 2.0666 1.0000	</row3>
				</transform>
			</node>
			<node>
				<identifier>	MP_HM612_Voice_Tube_INDEX_5	</identifier>
				<transform>
					<row0>	0.7071 0.0000 -0.7071 0.0000	</row0>
					<row1>	0.0000 1.0000 0.0000 0.0000	</row1>
					<row2>	0.7071 0.0000 0.7071 0.0000	</row2>
					<row3>	0.2250 0.6713 2.6309 1.0000	</row3>
				</transform>
			</node>
			<node>
				<identifier>	MP_HM612_Voice_Tube_INDEX_6	</identifier>
				<transform>
					<row0>	0.4235 0.0000 0.9059 0.0000	</row0>
					<row1>	0.0000 1.0000 0.0000 0.0000	</row1>
					<row2>	-0.9059 0.0000 0.4235 0.0000	</row2>
					<row3>	0.0347 0.8237 2.0304 1.0000	</row3>
				</transform>
			</node>
			<node>
				<identifier>	MP_HM612_Voice_Tube_INDEX_7	</identifier>
				<transform>
					<row0>	1.0000 0.0000 0.0000 0.0000	</row0>
					<row1>	0.0000 1.0000 0.0000 0.0000	</row1>
					<row2>	0.0000 0.0000 1.0000 0.0000	</row2>
					<row3>	0.1371 0.6713 2.6748 1.0000	</row3>
				</transform>
			</node>
			<node>
				<identifier>	MP_HM701_Ammunition_Box	</identifier>
				<transform>
					<row0>	0.0000 0.0138 0.9999 0.0000	</row0>
					<row1>	0.0000 0.9999 -0.0138 0.0000	</row1>
					<row2>	-1.0000 0.0000 0.0000 0.0000	</row2>
					<row3>	0.2322 0.6075 2.9323 1.0000	</row3>
				</transform>
			</node>
			<node>
				<identifier>	MP_HM701_Ammunition_Box_INDEX_1	</identifier>
				<transform>
					<row0>	0.0000 -0.0138 -0.9999 0.0000	</row0>
					<row1>	0.0000 0.9999 -0.0138 0.0000	</row1>
					<row2>	1.0000 0.0000 0.0000 0.0000	</row2>
					<row3>	-0.2322 0.6075 2.8293 1.0000	</row3>
				</transform>
			</node>
			<node>
				<identifier>	MP_HM701_Ammunition_Box_INDEX_2	</identifier>
				<transform>
					<row0>	0.5779 0.0000 0.6900 0.0000	</row0>
					<row1>	0.0000 0.9000 0.0000 0.0000	</row1>
					<row2>	-0.6900 0.0000 0.5779 0.0000	</row2>
					<row3>	-0.1588 0.4600 3.3905 1.0000	</row3>
				</transform>
			</node>
			<node>
				<identifier>	MP_HM851_Searchlight_120cm	</identifier>
				<transform>
					<row0>	1.2000 0.0000 0.0000 0.0000	</row0>
					<row1>	0.0000 1.2000 0.0000 0.0000	</row1>
					<row2>	0.0000 0.0000 1.2000 0.0000	</row2>
					<row3>	0.0000 1.6869 2.1189 1.0000	</row3>
				</transform>
			</node>
			<node>
				<identifier>	MP_HM851_Searchlight_120cm_INDEX_1	</identifier>
				<transform>
					<row0>	1.2000 0.0000 0.0000 0.0000	</row0>
					<row1>	0.0000 1.2000 0.0000 0.0000	</row1>
					<row2>	0.0000 0.0000 1.2000 0.0000	</row2>
					<row3>	0.0000 1.3095 2.1189 1.0000	</row3>
				</transform>
			</node>
			<node>
				<identifier>	MP_HM853_Signal_Lamp_R	</identifier>
				<transform>
					<row0>	1.0000 0.0000 0.0000 0.0000	</row0>
					<row1>	0.0000 1.0000 0.0000 0.0000	</row1>
					<row2>	0.0000 0.0000 1.0000 0.0000	</row2>
					<row3>	0.0000 3.3314 1.9974 1.0000	</row3>
				</transform>
			</node>
			<node>
				<identifier>	MP_HM855_Running_Light_R	</identifier>
				<transform>
					<row0>	1.0000 0.0000 0.0000 0.0000	</row0>
					<row1>	0.0000 1.0000 0.0000 0.0000	</row1>
					<row2>	0.0000 0.0000 1.0000 0.0000	</row2>
					<row3>	0.4649 0.6603 2.4394 1.0000	</row3>
				</transform>
			</node>
			<node>
				<identifier>	MP_HM856_Running_Light_L	</identifier>
				<transform>
					<row0>	1.0000 0.0000 0.0000 0.0000	</row0>
					<row1>	0.0000 1.0000 0.0000 0.0000	</row1>
					<row2>	0.0000 0.0000 1.0000 0.0000	</row2>
					<row3>	-0.4649 0.6606 2.4394 1.0000	</row3>
				</transform>
			</node>
			<node>
				<identifier>	MP_HM960_Reel	</identifier>
				<transform>
					<row0>	0.6000 0.0000 0.0000 0.0000	</row0>
					<row1>	0.0000 0.6000 0.0000 0.0000	</row1>
					<row2>	0.0000 0.0000 0.6000 0.0000	</row2>
					<row3>	-0.2358 0.4605 3.4350 1.0000	</row3>
				</transform>
			</node>
			<node>
				<identifier>	MP_HM960_Reel_INDEX_1	</identifier>
				<transform>
					<row0>	0.6000 0.0000 0.0000 0.0000	</row0>
					<row1>	0.0000 0.6000 0.0000 0.0000	</row1>
					<row2>	0.0000 0.0000 0.6000 0.0000	</row2>
					<row3>	0.2358 0.4605 3.4350 1.0000	</row3>
				</transform>
			</node>
			<node>
				<identifier>	MP_HM960_Reel_INDEX_2	</identifier>
				<transform>
					<row0>	0.6000 0.0000 0.0000 0.0000	</row0>
					<row1>	0.0000 0.6000 0.0000 0.0000	</row1>
					<row2>	0.0000 0.0000 0.6000 0.0000	</row2>
					<row3>	-0.1648 0.4607 3.5075 1.0000	</row3>
				</transform>
			</node>
			<node>
				<identifier>	MP_HM960_Reel_INDEX_3	</identifier>
				<transform>
					<row0>	0.6000 0.0000 0.0000 0.0000	</row0>
					<row1>	0.0000 0.6000 0.0000 0.0000	</row1>
					<row2>	0.0000 0.0000 0.6000 0.0000	</row2>
					<row3>	0.1648 0.4607 3.5075 1.0000	</row3>
				</transform>
			</node>
		</node>
	</node>
	<boundingBox>
		<min>	-0.0667 -0.0667 -0.0667	</min>
		<max>	0.0667 0.0667 0.0667	</max>
	</boundingBox>
</HSC003_Java_1933_MidFront_ports.visual>
