<FSB013_Jean_Bart_1955_MidFront_ports.visual>
	<node>
		<identifier>	Scene Root	</identifier>
		<transform>
			<row0>	1.0000 0.0000 0.0000 0.0000	</row0>
			<row1>	0.0000 1.0000 0.0000 0.0000	</row1>
			<row2>	0.0000 0.0000 1.0000 0.0000	</row2>
			<row3>	0.0000 0.0000 0.0000 1.0000	</row3>
		</transform>
		<node>
			<identifier>	MidFront_ports	</identifier>
			<transform>
				<row0>	1.0000 0.0000 0.0000 0.0000	</row0>
				<row1>	0.0000 1.0000 0.0000 0.0000	</row1>
				<row2>	0.0000 0.0000 1.0000 0.0000	</row2>
				<row3>	0.0000 0.0000 0.0000 1.0000	</row3>
			</transform>
			<node>
				<identifier>	HP_FD_1	</identifier>
				<transform>
					<row0>	0.5736 0.0000 0.8192 0.0000	</row0>
					<row1>	0.0000 1.0000 0.0000 0.0000	</row1>
					<row2>	-0.8192 0.0000 0.5736 0.0000	</row2>
					<row3>	-0.6013 0.5117 1.6924 1.0000	</row3>
				</transform>
			</node>
			<node>
				<identifier>	HP_FD_2	</identifier>
				<transform>
					<row0>	0.5736 0.0000 -0.8192 0.0000	</row0>
					<row1>	0.0000 1.0000 0.0000 0.0000	</row1>
					<row2>	0.8192 0.0000 0.5736 0.0000	</row2>
					<row3>	0.6013 0.5117 1.6924 1.0000	</row3>
				</transform>
			</node>
			<node>
				<identifier>	HP_FGA_1	</identifier>
				<transform>
					<row0>	0.5736 0.0000 0.8192 0.0000	</row0>
					<row1>	0.0000 1.0000 0.0000 0.0000	</row1>
					<row2>	-0.8192 0.0000 0.5736 0.0000	</row2>
					<row3>	-0.7658 0.4097 1.8904 1.0000	</row3>
				</transform>
			</node>
			<node>
				<identifier>	HP_FGA_2	</identifier>
				<transform>
					<row0>	0.5736 0.0000 -0.8192 0.0000	</row0>
					<row1>	0.0000 1.0000 0.0000 0.0000	</row1>
					<row2>	0.8192 0.0000 0.5736 0.0000	</row2>
					<row3>	0.7658 0.4097 1.8904 1.0000	</row3>
				</transform>
			</node>
			<node>
				<identifier>	HP_FGA_3	</identifier>
				<transform>
					<row0>	0.5736 0.0000 0.8192 0.0000	</row0>
					<row1>	0.0000 1.0000 0.0000 0.0000	</row1>
					<row2>	-0.8192 0.0000 0.5736 0.0000	</row2>
					<row3>	-0.7033 0.5692 0.8035 1.0000	</row3>
				</transform>
			</node>
			<node>
				<identifier>	HP_FGA_4	</identifier>
				<transform>
					<row0>	0.5736 0.0000 -0.8192 0.0000	</row0>
					<row1>	0.0000 1.0000 0.0000 0.0000	</row1>
					<row2>	0.8192 0.0000 0.5736 0.0000	</row2>
					<row3>	0.7033 0.5692 0.8035 1.0000	</row3>
				</transform>
			</node>
			<node>
				<identifier>	HP_FGM_1	</identifier>
				<transform>
					<row0>	1.0000 0.0000 0.0000 0.0000	</row0>
					<row1>	0.0000 1.0000 0.0000 0.0000	</row1>
					<row2>	0.0000 0.0000 1.0000 0.0000	</row2>
					<row3>	0.0000 0.4968 3.5006 1.0000	</row3>
				</transform>
			</node>
			<node>
				<identifier>	HP_FGM_2	</identifier>
				<transform>
					<row0>	1.0000 0.0000 0.0000 0.0000	</row0>
					<row1>	0.0000 1.0000 0.0000 0.0000	</row1>
					<row2>	0.0000 0.0000 1.0000 0.0000	</row2>
					<row3>	0.0000 0.7463 1.3491 1.0000	</row3>
				</transform>
			</node>
			<node>
				<identifier>	HP_FX_Death_2	</identifier>
				<transform>
					<row0>	1.0000 0.0000 0.0000 0.0000	</row0>
					<row1>	0.0000 1.0000 0.0000 0.0000	</row1>
					<row2>	0.0000 0.0000 1.0000 0.0000	</row2>
					<row3>	0.0000 0.0000 0.4306 1.0000	</row3>
				</transform>
			</node>
			<node>
				<identifier>	HP_FX_Fire_2	</identifier>
				<transform>
					<row0>	1.0000 0.0000 0.0000 0.0000	</row0>
					<row1>	0.0000 1.0000 0.0000 0.0000	</row1>
					<row2>	0.0000 0.0000 1.0000 0.0000	</row2>
					<row3>	0.0000 0.4351 2.4577 1.0000	</row3>
				</transform>
			</node>
			<node>
				<identifier>	HP_FX_FloodLight_left_1	</identifier>
				<transform>
					<row0>	-1.0000 0.0000 0.0000 0.0000	</row0>
					<row1>	0.0000 1.0000 0.0000 0.0000	</row1>
					<row2>	0.0000 0.0000 -1.0000 0.0000	</row2>
					<row3>	-0.2959 0.5967 0.4318 1.0000	</row3>
				</transform>
			</node>
			<node>
				<identifier>	HP_FX_FloodLight_right_2	</identifier>
				<transform>
					<row0>	1.0000 0.0000 0.0000 0.0000	</row0>
					<row1>	0.0000 1.0000 0.0000 0.0000	</row1>
					<row2>	0.0000 0.0000 1.0000 0.0000	</row2>
					<row3>	0.2979 0.6127 0.4338 1.0000	</row3>
				</transform>
			</node>
			<node>
				<identifier>	HP_FX_Flood_steam_left	</identifier>
				<transform>
					<row0>	-1.0000 0.0000 0.0000 0.0000	</row0>
					<row1>	0.0000 1.0000 0.0000 0.0000	</row1>
					<row2>	0.0000 0.0000 -1.0000 0.0000	</row2>
					<row3>	-1.0085 0.2909 2.2069 1.0000	</row3>
				</transform>
			</node>
			<node>
				<identifier>	HP_FX_Flood_water_left_4	</identifier>
				<transform>
					<row0>	-1.0000 0.0000 0.0000 0.0000	</row0>
					<row1>	0.0000 1.0000 0.0000 0.0000	</row1>
					<row2>	0.0000 0.0000 -1.0000 0.0000	</row2>
					<row3>	-0.8666 0.1059 3.2284 1.0000	</row3>
				</transform>
			</node>
			<node>
				<identifier>	HP_FX_Flood_water_right_4	</identifier>
				<transform>
					<row0>	1.0000 0.0000 0.0000 0.0000	</row0>
					<row1>	0.0000 1.0000 0.0000 0.0000	</row1>
					<row2>	0.0000 0.0000 1.0000 0.0000	</row2>
					<row3>	0.8666 0.1059 3.2284 1.0000	</row3>
				</transform>
			</node>
			<node>
				<identifier>	HP_FX_RepairLight_right_2	</identifier>
				<transform>
					<row0>	0.0931 0.0000 -0.9957 0.0000	</row0>
					<row1>	0.0000 1.0000 0.0000 0.0000	</row1>
					<row2>	0.9957 0.0000 0.0931 0.0000	</row2>
					<row3>	0.8874 0.4287 3.1958 1.0000	</row3>
				</transform>
			</node>
			<node>
				<identifier>	MP_CM010_Fire_Hose_Reel	</identifier>
				<transform>
					<row0>	-0.7055 0.0000 0.7088 0.0000	</row0>
					<row1>	0.0000 1.0000 0.0000 0.0000	</row1>
					<row2>	-0.7088 0.0000 -0.7055 0.0000	</row2>
					<row3>	-0.1509 0.4496 4.3366 1.0000	</row3>
				</transform>
			</node>
			<node>
				<identifier>	MP_CM010_Fire_Hose_Reel_INDEX_1	</identifier>
				<transform>
					<row0>	0.7158 0.0000 0.6983 0.0000	</row0>
					<row1>	0.0000 1.0000 0.0000 0.0000	</row1>
					<row2>	-0.6983 0.0000 0.7158 0.0000	</row2>
					<row3>	0.1509 0.4496 4.3367 1.0000	</row3>
				</transform>
			</node>
			<node>
				<identifier>	MP_CM011_Fire_Fighting_Gear	</identifier>
				<transform>
					<row0>	0.0000 0.0000 1.0000 0.0000	</row0>
					<row1>	0.0000 1.0000 0.0000 0.0000	</row1>
					<row2>	-1.0000 0.0000 0.0000 0.0000	</row2>
					<row3>	0.2004 0.3936 2.1241 1.0000	</row3>
				</transform>
			</node>
			<node>
				<identifier>	MP_CM011_Fire_Fighting_Gear_INDEX_1	</identifier>
				<transform>
					<row0>	-0.0980 0.0000 0.9952 0.0000	</row0>
					<row1>	0.0000 1.0000 0.0000 0.0000	</row1>
					<row2>	-0.9952 0.0000 -0.0980 0.0000	</row2>
					<row3>	0.4766 0.4103 3.5841 1.0000	</row3>
				</transform>
			</node>
			<node>
				<identifier>	MP_CM011_Fire_Fighting_Gear_INDEX_2	</identifier>
				<transform>
					<row0>	0.7071 0.0000 -0.7071 0.0000	</row0>
					<row1>	0.0000 1.0000 0.0000 0.0000	</row1>
					<row2>	0.7071 0.0000 0.7071 0.0000	</row2>
					<row3>	0.1138 0.4270 4.3659 1.0000	</row3>
				</transform>
			</node>
			<node>
				<identifier>	MP_CM011_Fire_Fighting_Gear_INDEX_3	</identifier>
				<transform>
					<row0>	0.7071 0.0000 0.7071 0.0000	</row0>
					<row1>	0.0000 1.0000 0.0000 0.0000	</row1>
					<row2>	-0.7071 0.0000 0.7071 0.0000	</row2>
					<row3>	-0.1138 0.4270 4.3659 1.0000	</row3>
				</transform>
			</node>
			<node>
				<identifier>	MP_CM011_Fire_Fighting_Gear_INDEX_4	</identifier>
				<transform>
					<row0>	0.0000 0.0000 -1.0000 0.0000	</row0>
					<row1>	0.0000 1.0000 0.0000 0.0000	</row1>
					<row2>	1.0000 0.0000 0.0000 0.0000	</row2>
					<row3>	-0.2004 0.3936 2.1241 1.0000	</row3>
				</transform>
			</node>
			<node>
				<identifier>	MP_CM011_Fire_Fighting_Gear_INDEX_5	</identifier>
				<transform>
					<row0>	-0.0980 0.0000 -0.9952 0.0000	</row0>
					<row1>	0.0000 1.0000 0.0000 0.0000	</row1>
					<row2>	0.9952 0.0000 -0.0980 0.0000	</row2>
					<row3>	-0.4766 0.4103 3.5841 1.0000	</row3>
				</transform>
			</node>
			<node>
				<identifier>	MP_CM012_Fire_Hose_Rack_1	</identifier>
				<transform>
					<row0>	-0.9952 0.0000 -0.0980 0.0000	</row0>
					<row1>	0.0000 1.0000 0.0000 0.0000	</row1>
					<row2>	0.0980 0.0000 -0.9952 0.0000	</row2>
					<row3>	0.4737 0.4546 3.5496 1.0000	</row3>
				</transform>
			</node>
			<node>
				<identifier>	MP_CM012_Fire_Hose_Rack_1_INDEX_1	</identifier>
				<transform>
					<row0>	1.0000 0.0000 0.0000 0.0000	</row0>
					<row1>	0.0000 1.0000 0.0000 0.0000	</row1>
					<row2>	0.0000 0.0000 1.0000 0.0000	</row2>
					<row3>	-0.1938 0.4472 2.0794 1.0000	</row3>
				</transform>
			</node>
			<node>
				<identifier>	MP_CM012_Fire_Hose_Rack_1_INDEX_2	</identifier>
				<transform>
					<row0>	-1.0000 0.0000 0.0000 0.0000	</row0>
					<row1>	0.0000 1.0000 0.0000 0.0000	</row1>
					<row2>	0.0000 0.0000 -1.0000 0.0000	</row2>
					<row3>	0.1938 0.4472 2.0705 1.0000	</row3>
				</transform>
			</node>
			<node>
				<identifier>	MP_CM012_Fire_Hose_Rack_1_INDEX_3	</identifier>
				<transform>
					<row0>	0.9952 0.0000 -0.0980 0.0000	</row0>
					<row1>	0.0000 1.0000 0.0000 0.0000	</row1>
					<row2>	0.0980 0.0000 0.9952 0.0000	</row2>
					<row3>	-0.4737 0.4546 3.5496 1.0000	</row3>
				</transform>
			</node>
			<node>
				<identifier>	MP_FM010_Paravane	</identifier>
				<transform>
					<row0>	-1.0000 0.0000 0.0000 0.0000	</row0>
					<row1>	0.0000 -1.0000 0.0000 0.0000	</row1>
					<row2>	0.0000 0.0000 1.0000 0.0000	</row2>
					<row3>	-0.3074 0.4207 2.1688 1.0000	</row3>
				</transform>
			</node>
			<node>
				<identifier>	MP_FM010_Paravane_INDEX_1	</identifier>
				<transform>
					<row0>	-0.6428 0.0000 -0.7660 0.0000	</row0>
					<row1>	0.0000 -1.0000 0.0000 0.0000	</row1>
					<row2>	-0.7660 0.0000 0.6428 0.0000	</row2>
					<row3>	-0.4199 0.4197 1.8863 1.0000	</row3>
				</transform>
			</node>
			<node>
				<identifier>	MP_FM010_Paravane_INDEX_2	</identifier>
				<transform>
					<row0>	-1.0000 0.0000 0.0000 0.0000	</row0>
					<row1>	0.0000 -1.0000 0.0000 0.0000	</row1>
					<row2>	0.0000 0.0000 1.0000 0.0000	</row2>
					<row3>	0.3074 0.4207 2.1688 1.0000	</row3>
				</transform>
			</node>
			<node>
				<identifier>	MP_FM010_Paravane_INDEX_3	</identifier>
				<transform>
					<row0>	-0.6428 0.0000 0.7660 0.0000	</row0>
					<row1>	0.0000 -1.0000 0.0000 0.0000	</row1>
					<row2>	0.7660 0.0000 0.6428 0.0000	</row2>
					<row3>	0.4199 0.4197 1.8863 1.0000	</row3>
				</transform>
			</node>
			<node>
				<identifier>	MP_FM011_Reels	</identifier>
				<transform>
					<row0>	1.4439 0.0000 0.0000 0.0000	</row0>
					<row1>	0.0000 1.9923 0.0000 0.0000	</row1>
					<row2>	0.0000 0.0000 1.9923 0.0000	</row2>
					<row3>	0.0000 0.4286 4.3744 1.0000	</row3>
				</transform>
			</node>
			<node>
				<identifier>	MP_FM015_Life_Buoy	</identifier>
				<transform>
					<row0>	-0.0901 0.0001 0.9959 0.0000	</row0>
					<row1>	0.0001 1.0000 -0.0001 0.0000	</row1>
					<row2>	-0.9959 0.0000 -0.0901 0.0000	</row2>
					<row3>	0.9726 0.4621 2.2974 1.0000	</row3>
				</transform>
			</node>
			<node>
				<identifier>	MP_FM015_Life_Buoy_INDEX_1	</identifier>
				<transform>
					<row0>	-0.0901 -0.0001 -0.9959 0.0000	</row0>
					<row1>	-0.0001 1.0000 -0.0001 0.0000	</row1>
					<row2>	0.9959 0.0000 -0.0901 0.0000	</row2>
					<row3>	-0.9726 0.4621 2.2974 1.0000	</row3>
				</transform>
			</node>
			<node>
				<identifier>	MP_FM024_Fairlead_3	</identifier>
				<transform>
					<row0>	-0.2032 0.0000 2.3390 0.0000	</row0>
					<row1>	0.0000 2.3478 0.0000 0.0000	</row1>
					<row2>	-2.3390 0.0000 -0.2032 0.0000	</row2>
					<row3>	1.0122 0.3914 1.7509 1.0000	</row3>
				</transform>
			</node>
			<node>
				<identifier>	MP_FM024_Fairlead_3_INDEX_1	</identifier>
				<transform>
					<row0>	0.2032 0.0000 2.3390 0.0000	</row0>
					<row1>	0.0000 2.3478 0.0000 0.0000	</row1>
					<row2>	-2.3390 0.0000 0.2032 0.0000	</row2>
					<row3>	-1.0118 0.3914 1.7509 1.0000	</row3>
				</transform>
			</node>
			<node>
				<identifier>	MP_FM502_Rafts_5in	</identifier>
				<transform>
					<row0>	0.0000 0.0000 1.0000 0.0000	</row0>
					<row1>	0.0000 1.0000 0.0000 0.0000	</row1>
					<row2>	-1.0000 0.0000 0.0000 0.0000	</row2>
					<row3>	0.0781 0.5443 1.8992 1.0000	</row3>
				</transform>
			</node>
			<node>
				<identifier>	MP_FM502_Rafts_5in_INDEX_1	</identifier>
				<transform>
					<row0>	0.0000 0.0000 1.0000 0.0000	</row0>
					<row1>	0.0000 1.0000 0.0000 0.0000	</row1>
					<row2>	-1.0000 0.0000 0.0000 0.0000	</row2>
					<row3>	0.0781 0.5443 2.1373 1.0000	</row3>
				</transform>
			</node>
			<node>
				<identifier>	MP_FM502_Rafts_5in_INDEX_2	</identifier>
				<transform>
					<row0>	0.0000 0.0000 -1.0000 0.0000	</row0>
					<row1>	0.0000 1.0000 0.0000 0.0000	</row1>
					<row2>	1.0000 0.0000 0.0000 0.0000	</row2>
					<row3>	-0.0781 0.5443 2.0191 1.0000	</row3>
				</transform>
			</node>
			<node>
				<identifier>	MP_FM502_Rafts_5in_INDEX_3	</identifier>
				<transform>
					<row0>	0.0000 0.0000 1.0000 0.0000	</row0>
					<row1>	0.0000 1.0000 0.0000 0.0000	</row1>
					<row2>	-1.0000 0.0000 0.0000 0.0000	</row2>
					<row3>	0.0781 0.5443 2.0191 1.0000	</row3>
				</transform>
			</node>
			<node>
				<identifier>	MP_FM502_Rafts_5in_INDEX_4	</identifier>
				<transform>
					<row0>	0.0000 0.0000 -1.0000 0.0000	</row0>
					<row1>	0.0000 1.0000 0.0000 0.0000	</row1>
					<row2>	1.0000 0.0000 0.0000 0.0000	</row2>
					<row3>	-0.0781 0.5443 2.2609 1.0000	</row3>
				</transform>
			</node>
			<node>
				<identifier>	MP_FM502_Rafts_5in_INDEX_5	</identifier>
				<transform>
					<row0>	0.0000 0.0000 -1.0000 0.0000	</row0>
					<row1>	0.0000 1.0000 0.0000 0.0000	</row1>
					<row2>	1.0000 0.0000 0.0000 0.0000	</row2>
					<row3>	-0.0781 0.5443 1.8992 1.0000	</row3>
				</transform>
			</node>
			<node>
				<identifier>	MP_FM502_Rafts_5in_INDEX_6	</identifier>
				<transform>
					<row0>	0.0000 0.0000 1.0000 0.0000	</row0>
					<row1>	0.0000 1.0000 0.0000 0.0000	</row1>
					<row2>	-1.0000 0.0000 0.0000 0.0000	</row2>
					<row3>	0.0781 0.5443 2.2609 1.0000	</row3>
				</transform>
			</node>
			<node>
				<identifier>	MP_FM502_Rafts_5in_INDEX_7	</identifier>
				<transform>
					<row0>	0.0000 0.0000 -1.0000 0.0000	</row0>
					<row1>	0.0000 1.0000 0.0000 0.0000	</row1>
					<row2>	1.0000 0.0000 0.0000 0.0000	</row2>
					<row3>	-0.0781 0.5443 2.1373 1.0000	</row3>
				</transform>
			</node>
			<node>
				<identifier>	MP_FM955_Bollard	</identifier>
				<transform>
					<row0>	2.0481 0.0000 0.1792 0.0000	</row0>
					<row1>	0.0025 2.0557 -0.0287 0.0000	</row1>
					<row2>	-0.1792 0.0288 2.0479 0.0000	</row2>
					<row3>	0.9850 0.3888 1.4788 1.0000	</row3>
				</transform>
			</node>
			<node>
				<identifier>	MP_FM955_Bollard_INDEX_1	</identifier>
				<transform>
					<row0>	1.9698 0.0000 0.1723 0.0000	</row0>
					<row1>	0.0045 1.9766 -0.0520 0.0000	</row1>
					<row2>	-0.1723 0.0522 1.9691 0.0000	</row2>
					<row3>	0.6387 0.4269 4.5543 1.0000	</row3>
				</transform>
			</node>
			<node>
				<identifier>	MP_FM955_Bollard_INDEX_2	</identifier>
				<transform>
					<row0>	2.0481 0.0000 -0.1792 0.0000	</row0>
					<row1>	-0.0025 2.0557 -0.0287 0.0000	</row1>
					<row2>	0.1792 0.0288 2.0479 0.0000	</row2>
					<row3>	-0.9850 0.3888 1.4788 1.0000	</row3>
				</transform>
			</node>
			<node>
				<identifier>	MP_FM955_Bollard_INDEX_3	</identifier>
				<transform>
					<row0>	1.9698 0.0000 -0.1723 0.0000	</row0>
					<row1>	-0.0045 1.9766 -0.0520 0.0000	</row1>
					<row2>	0.1723 0.0522 1.9691 0.0000	</row2>
					<row3>	-0.6387 0.4269 4.5543 1.0000	</row3>
				</transform>
			</node>
			<node>
				<identifier>	SP_YMS011_YHWL_M_1_INDEX_2	</identifier>
				<transform>
					<row0>	1.3424 0.0094 -0.2482 0.0000	</row0>
					<row1>	-0.0092 1.3651 0.0017 0.0000	</row1>
					<row2>	0.2482 0.0000 1.3424 0.0000	</row2>
					<row3>	-0.6666 0.0000 4.3624 1.0000	</row3>
				</transform>
			</node>
			<node>
				<identifier>	SP_YMS011_YHWL_M_1_INDEX_3	</identifier>
				<transform>
					<row0>	1.3505 0.0000 -0.1996 0.0000	</row0>
					<row1>	0.0000 1.3652 0.0000 0.0000	</row1>
					<row2>	0.1996 0.0000 1.3505 0.0000	</row2>
					<row3>	-0.8640 0.0000 3.2255 1.0000	</row3>
				</transform>
			</node>
			<node>
				<identifier>	SP_YMS011_YHWL_M_1_INDEX_4	</identifier>
				<transform>
					<row0>	1.3571 -0.0064 -0.1480 0.0000	</row0>
					<row1>	0.0063 1.3651 -0.0007 0.0000	</row1>
					<row2>	0.1480 0.0000 1.3571 0.0000	</row2>
					<row3>	-1.0174 0.0000 2.0806 1.0000	</row3>
				</transform>
			</node>
			<node>
				<identifier>	SP_YMS011_YHWL_M_1_INDEX_5	</identifier>
				<transform>
					<row0>	1.3583 -0.1190 -0.0671 0.0000	</row0>
					<row1>	0.1188 1.3600 -0.0059 0.0000	</row1>
					<row2>	0.0674 0.0000 1.3635 0.0000	</row2>
					<row3>	-1.1044 0.0000 0.9397 1.0000	</row3>
				</transform>
			</node>
			<node>
				<identifier>	SP_YMS012_YHWR_M_1_INDEX_2	</identifier>
				<transform>
					<row0>	1.3424 -0.0094 0.2482 0.0000	</row0>
					<row1>	0.0092 1.3651 0.0017 0.0000	</row1>
					<row2>	-0.2482 0.0000 1.3424 0.0000	</row2>
					<row3>	0.6666 0.0000 4.3624 1.0000	</row3>
				</transform>
			</node>
			<node>
				<identifier>	SP_YMS012_YHWR_M_1_INDEX_3	</identifier>
				<transform>
					<row0>	1.3505 0.0000 0.1996 0.0000	</row0>
					<row1>	0.0000 1.3652 0.0000 0.0000	</row1>
					<row2>	-0.1996 0.0000 1.3505 0.0000	</row2>
					<row3>	0.8640 0.0000 3.2255 1.0000	</row3>
				</transform>
			</node>
			<node>
				<identifier>	SP_YMS012_YHWR_M_1_INDEX_4	</identifier>
				<transform>
					<row0>	1.3571 0.0064 0.1480 0.0000	</row0>
					<row1>	-0.0063 1.3651 -0.0007 0.0000	</row1>
					<row2>	-0.1480 0.0000 1.3571 0.0000	</row2>
					<row3>	1.0174 0.0000 2.0806 1.0000	</row3>
				</transform>
			</node>
			<node>
				<identifier>	SP_YMS012_YHWR_M_1_INDEX_5	</identifier>
				<transform>
					<row0>	1.3583 0.1190 0.0671 0.0000	</row0>
					<row1>	-0.1188 1.3600 -0.0059 0.0000	</row1>
					<row2>	-0.0674 0.0000 1.3635 0.0000	</row2>
					<row3>	1.1044 0.0000 0.9397 1.0000	</row3>
				</transform>
			</node>
			<node>
				<identifier>	SP_YMS022_YHUS_L_1	</identifier>
				<transform>
					<row0>	-0.1736 0.0000 -0.9848 0.0000	</row0>
					<row1>	-0.0898 0.9958 0.0158 0.0000	</row1>
					<row2>	0.9807 0.0912 -0.1729 0.0000	</row2>
					<row3>	-0.7638 -0.3852 3.4139 1.0000	</row3>
				</transform>
			</node>
			<node>
				<identifier>	SP_YMS022_YHUS_L_1_INDEX_1	</identifier>
				<transform>
					<row0>	-0.1736 0.0000 0.9848 0.0000	</row0>
					<row1>	0.0898 0.9958 0.0158 0.0000	</row1>
					<row2>	-0.9807 0.0912 -0.1729 0.0000	</row2>
					<row3>	0.7638 -0.3852 3.4139 1.0000	</row3>
				</transform>
			</node>
			<node>
				<identifier>	SP_YMS022_YHUS_L_1_INDEX_2	</identifier>
				<transform>
					<row0>	-0.0964 0.0000 -0.9953 0.0000	</row0>
					<row1>	0.0000 1.0000 0.0000 0.0000	</row1>
					<row2>	0.9953 0.0000 -0.0964 0.0000	</row2>
					<row3>	-1.0727 -0.3919 1.3451 1.0000	</row3>
				</transform>
			</node>
			<node>
				<identifier>	SP_YMS022_YHUS_L_1_INDEX_3	</identifier>
				<transform>
					<row0>	-0.0964 0.0000 0.9953 0.0000	</row0>
					<row1>	0.0000 1.0000 0.0000 0.0000	</row1>
					<row2>	-0.9953 0.0000 -0.0964 0.0000	</row2>
					<row3>	1.0727 -0.3919 1.3451 1.0000	</row3>
				</transform>
			</node>
			<node>
				<identifier>	SP_YMS050_YHDC_M_1	</identifier>
				<transform>
					<row0>	-0.3425 0.0000 -0.6986 0.0000	</row0>
					<row1>	0.0000 0.7780 0.0000 0.0000	</row1>
					<row2>	0.6986 0.0000 -0.3425 0.0000	</row2>
					<row3>	-0.8223 0.3862 0.8839 1.0000	</row3>
				</transform>
			</node>
			<node>
				<identifier>	SP_YMS050_YHDC_M_1_INDEX_1	</identifier>
				<transform>
					<row0>	-0.3425 0.0000 0.6986 0.0000	</row0>
					<row1>	0.0000 0.7780 0.0000 0.0000	</row1>
					<row2>	-0.6986 0.0000 -0.3425 0.0000	</row2>
					<row3>	0.8223 0.3862 0.8839 1.0000	</row3>
				</transform>
			</node>
			<node>
				<identifier>	SP_YMS053_YHDC_S_1_INDEX_1	</identifier>
				<transform>
					<row0>	1.5500 0.0000 0.0000 0.0000	</row0>
					<row1>	0.0000 1.5500 0.0000 0.0000	</row1>
					<row2>	0.0000 0.0000 1.5500 0.0000	</row2>
					<row3>	-0.6502 0.4235 2.6481 1.0000	</row3>
				</transform>
			</node>
			<node>
				<identifier>	SP_YMS053_YHDC_S_1_INDEX_2	</identifier>
				<transform>
					<row0>	1.5500 0.0000 0.0000 0.0000	</row0>
					<row1>	0.0000 1.5500 0.0000 0.0000	</row1>
					<row2>	0.0000 0.0000 1.5500 0.0000	</row2>
					<row3>	0.6502 0.4235 2.6481 1.0000	</row3>
				</transform>
			</node>
			<node>
				<identifier>	SP_YMS053_YHDC_S_1_INDEX_3	</identifier>
				<transform>
					<row0>	0.0000 0.0000 1.5500 0.0000	</row0>
					<row1>	0.0000 1.5500 0.0000 0.0000	</row1>
					<row2>	-1.5500 0.0000 0.0000 0.0000	</row2>
					<row3>	-0.7611 0.4159 1.4177 1.0000	</row3>
				</transform>
			</node>
			<node>
				<identifier>	SP_YMS053_YHDC_S_1_INDEX_4	</identifier>
				<transform>
					<row0>	0.0000 0.0000 -1.5500 0.0000	</row0>
					<row1>	0.0000 1.5500 0.0000 0.0000	</row1>
					<row2>	1.5500 0.0000 0.0000 0.0000	</row2>
					<row3>	0.7611 0.4159 1.4177 1.0000	</row3>
				</transform>
			</node>
			<node>
				<identifier>	SP_YMS071_YHHC_S_1	</identifier>
				<transform>
					<row0>	-0.1036 0.0034 -1.2808 0.0000	</row0>
					<row1>	-1.2801 0.0425 0.1037 0.0000	</row1>
					<row2>	0.0426 1.2843 0.0000 0.0000	</row2>
					<row3>	-1.0376 0.2232 1.8561 1.0000	</row3>
				</transform>
			</node>
			<node>
				<identifier>	SP_YMS071_YHHC_S_1_INDEX_1	</identifier>
				<transform>
					<row0>	-0.1036 -0.0034 1.2808 0.0000	</row0>
					<row1>	1.2801 0.0425 0.1037 0.0000	</row1>
					<row2>	-0.0426 1.2843 0.0000 0.0000	</row2>
					<row3>	1.0376 0.2232 1.8561 1.0000	</row3>
				</transform>
			</node>
			<node>
				<identifier>	SP_YMS082_YHSC_M_1	</identifier>
				<transform>
					<row0>	-0.0488 0.0000 -1.6861 0.0000	</row0>
					<row1>	0.0000 1.6868 0.0000 0.0000	</row1>
					<row2>	1.6861 0.0000 -0.0488 0.0000	</row2>
					<row3>	-1.0931 0.2507 0.8222 1.0000	</row3>
				</transform>
			</node>
			<node>
				<identifier>	SP_YMS082_YHSC_M_1_INDEX_1	</identifier>
				<transform>
					<row0>	-0.0488 0.0000 1.6861 0.0000	</row0>
					<row1>	0.0000 1.6868 0.0000 0.0000	</row1>
					<row2>	-1.6861 0.0000 -0.0488 0.0000	</row2>
					<row3>	1.0931 0.2507 0.8222 1.0000	</row3>
				</transform>
			</node>
			<node>
				<identifier>	SP_YMS083_YHSC_L_1_INDEX_2	</identifier>
				<transform>
					<row0>	-0.0850 -0.0028 -0.7452 0.0000	</row0>
					<row1>	-0.0603 0.7476 0.0041 0.0000	</row1>
					<row2>	0.7427 0.0604 -0.0849 0.0000	</row2>
					<row3>	-0.8118 0.4061 3.9494 1.0000	</row3>
				</transform>
			</node>
			<node>
				<identifier>	SP_YMS083_YHSC_L_1_INDEX_3	</identifier>
				<transform>
					<row0>	-0.0850 0.0028 0.7452 0.0000	</row0>
					<row1>	0.0603 0.7476 0.0041 0.0000	</row1>
					<row2>	-0.7427 0.0604 -0.0849 0.0000	</row2>
					<row3>	0.8118 0.4061 3.9494 1.0000	</row3>
				</transform>
			</node>
			<node>
				<identifier>	SP_YMS083_YHSC_L_1_INDEX_4	</identifier>
				<transform>
					<row0>	-0.0798 -0.0028 -0.7457 0.0000	</row0>
					<row1>	-0.0604 0.7476 0.0037 0.0000	</row1>
					<row2>	0.7433 0.0604 -0.0798 0.0000	</row2>
					<row3>	-0.8700 0.4039 3.4117 1.0000	</row3>
				</transform>
			</node>
			<node>
				<identifier>	SP_YMS083_YHSC_L_1_INDEX_5	</identifier>
				<transform>
					<row0>	-0.0798 0.0028 0.7457 0.0000	</row0>
					<row1>	0.0604 0.7476 0.0037 0.0000	</row1>
					<row2>	-0.7433 0.0604 -0.0798 0.0000	</row2>
					<row3>	0.8700 0.4039 3.4117 1.0000	</row3>
				</transform>
			</node>
			<node>
				<identifier>	SP_YMS083_YHSC_L_1_INDEX_6	</identifier>
				<transform>
					<row0>	-0.0739 -0.0001 -0.7464 0.0000	</row0>
					<row1>	-0.0316 0.7493 0.0030 0.0000	</row1>
					<row2>	0.7457 0.0317 -0.0738 0.0000	</row2>
					<row3>	-0.9261 0.3986 2.8717 1.0000	</row3>
				</transform>
			</node>
			<node>
				<identifier>	SP_YMS083_YHSC_L_1_INDEX_7	</identifier>
				<transform>
					<row0>	-0.0739 0.0001 0.7464 0.0000	</row0>
					<row1>	0.0316 0.7493 0.0030 0.0000	</row1>
					<row2>	-0.7457 0.0317 -0.0738 0.0000	</row2>
					<row3>	0.9261 0.3986 2.8717 1.0000	</row3>
				</transform>
			</node>
		</node>
	</node>
	<boundingBox>
		<min>	-0.0667 -0.0667 -0.0667	</min>
		<max>	0.0667 0.0667 0.0667	</max>
	</boundingBox>
</FSB013_Jean_Bart_1955_MidFront_ports.visual>
