<JSB046_Bungo_1944_Bow_ports.visual>
	<node>
		<identifier>	Scene Root	</identifier>
		<transform>
			<row0>	1.0000 0.0000 0.0000 0.0000	</row0>
			<row1>	0.0000 1.0000 0.0000 0.0000	</row1>
			<row2>	0.0000 0.0000 1.0000 0.0000	</row2>
			<row3>	0.0000 0.0000 0.0000 1.0000	</row3>
		</transform>
		<node>
			<identifier>	Bow_ports	</identifier>
			<transform>
				<row0>	1.0000 0.0000 0.0000 0.0000	</row0>
				<row1>	0.0000 1.0000 0.0000 0.0000	</row1>
				<row2>	0.0000 0.0000 1.0000 0.0000	</row2>
				<row3>	0.0000 0.0000 0.0000 1.0000	</row3>
			</transform>
			<node>
				<identifier>	HP_FX_Fire_1	</identifier>
				<transform>
					<row0>	1.0000 0.0000 0.0000 0.0000	</row0>
					<row1>	0.0000 1.0000 0.0000 0.0000	</row1>
					<row2>	0.0000 0.0000 1.0000 0.0000	</row2>
					<row3>	0.0000 0.4417 7.4610 1.0000	</row3>
				</transform>
			</node>
			<node>
				<identifier>	HP_FX_WakeTrace	</identifier>
				<transform>
					<row0>	1.0000 0.0000 0.0000 0.0000	</row0>
					<row1>	0.0000 1.0000 0.0000 0.0000	</row1>
					<row2>	0.0000 0.0000 1.0000 0.0000	</row2>
					<row3>	0.0000 0.0000 9.1581 1.0000	</row3>
				</transform>
			</node>
			<node>
				<identifier>	HP_JGA_1	</identifier>
				<transform>
					<row0>	1.0000 0.0000 0.0000 0.0000	</row0>
					<row1>	0.0000 1.0000 0.0000 0.0000	</row1>
					<row2>	0.0000 0.0000 1.0000 0.0000	</row2>
					<row3>	0.0000 0.4813 8.8816 1.0000	</row3>
				</transform>
			</node>
			<node>
				<identifier>	HP_JGA_2	</identifier>
				<transform>
					<row0>	1.0000 0.0000 0.0000 0.0000	</row0>
					<row1>	0.0000 1.0000 0.0000 0.0000	</row1>
					<row2>	0.0000 0.0000 1.0000 0.0000	</row2>
					<row3>	-0.2781 0.4264 6.9234 1.0000	</row3>
				</transform>
			</node>
			<node>
				<identifier>	HP_JGA_3	</identifier>
				<transform>
					<row0>	1.0000 0.0000 0.0000 0.0000	</row0>
					<row1>	0.0000 1.0000 0.0000 0.0000	</row1>
					<row2>	0.0000 0.0000 1.0000 0.0000	</row2>
					<row3>	0.2781 0.4264 6.9234 1.0000	</row3>
				</transform>
			</node>
			<node>
				<identifier>	HP_JGA_4	</identifier>
				<transform>
					<row0>	0.7071 0.0000 0.7071 0.0000	</row0>
					<row1>	0.0000 1.0000 0.0000 0.0000	</row1>
					<row2>	-0.7071 0.0000 0.7071 0.0000	</row2>
					<row3>	-0.4068 0.4215 6.7356 1.0000	</row3>
				</transform>
			</node>
			<node>
				<identifier>	HP_JGA_5	</identifier>
				<transform>
					<row0>	0.7071 0.0000 -0.7071 0.0000	</row0>
					<row1>	0.0000 1.0000 0.0000 0.0000	</row1>
					<row2>	0.7071 0.0000 0.7071 0.0000	</row2>
					<row3>	0.4068 0.4215 6.7356 1.0000	</row3>
				</transform>
			</node>
			<node>
				<identifier>	HP_JGA_6	</identifier>
				<transform>
					<row0>	0.7071 0.0000 0.7071 0.0000	</row0>
					<row1>	0.0000 1.0000 0.0000 0.0000	</row1>
					<row2>	-0.7071 0.0000 0.7071 0.0000	</row2>
					<row3>	-0.4822 0.4129 6.4027 1.0000	</row3>
				</transform>
			</node>
			<node>
				<identifier>	HP_JGA_7	</identifier>
				<transform>
					<row0>	0.7071 0.0000 -0.7071 0.0000	</row0>
					<row1>	0.0000 1.0000 0.0000 0.0000	</row1>
					<row2>	0.7071 0.0000 0.7071 0.0000	</row2>
					<row3>	0.4822 0.4129 6.4027 1.0000	</row3>
				</transform>
			</node>
			<node>
				<identifier>	MP_CM011_Fire_Fighting_Gear	</identifier>
				<transform>
					<row0>	0.0000 0.0000 1.0000 0.0000	</row0>
					<row1>	0.0000 1.0000 0.0000 0.0000	</row1>
					<row2>	-1.0000 0.0000 0.0000 0.0000	</row2>
					<row3>	-0.1439 0.4378 7.4667 1.0000	</row3>
				</transform>
			</node>
			<node>
				<identifier>	MP_CM011_Fire_Fighting_Gear_INDEX_1	</identifier>
				<transform>
					<row0>	0.0000 0.0000 -1.0000 0.0000	</row0>
					<row1>	0.0000 1.0000 0.0000 0.0000	</row1>
					<row2>	1.0000 0.0000 0.0000 0.0000	</row2>
					<row3>	0.1424 0.4378 7.4667 1.0000	</row3>
				</transform>
			</node>
			<node>
				<identifier>	MP_CM137_Anchor_Up	</identifier>
				<transform>
					<row0>	-0.2487 -0.7582 -0.6027 0.0000	</row0>
					<row1>	0.0428 0.6130 -0.7889 0.0000	</row1>
					<row2>	0.9676 -0.2220 -0.1200 0.0000	</row2>
					<row3>	0.1493 0.3085 8.9429 1.0000	</row3>
				</transform>
			</node>
			<node>
				<identifier>	MP_CM137_Anchor_Up_INDEX_1	</identifier>
				<transform>
					<row0>	-0.2487 0.7582 0.6027 0.0000	</row0>
					<row1>	-0.0428 0.6130 -0.7889 0.0000	</row1>
					<row2>	-0.9676 -0.2220 -0.1200 0.0000	</row2>
					<row3>	-0.1493 0.3085 8.9429 1.0000	</row3>
				</transform>
			</node>
			<node>
				<identifier>	MP_CM138_Anchor_Bottom	</identifier>
				<transform>
					<row0>	-0.2487 0.7547 0.6072 0.0000	</row0>
					<row1>	-0.2046 0.5718 -0.7945 0.0000	</row1>
					<row2>	-0.9467 -0.3218 0.0122 0.0000	</row2>
					<row3>	-0.1517 0.3078 8.9427 1.0000	</row3>
				</transform>
			</node>
			<node>
				<identifier>	MP_CM138_Anchor_Bottom_INDEX_1	</identifier>
				<transform>
					<row0>	-0.2487 -0.7547 -0.6072 0.0000	</row0>
					<row1>	0.2046 0.5718 -0.7945 0.0000	</row1>
					<row2>	0.9467 -0.3218 0.0122 0.0000	</row2>
					<row3>	0.1517 0.3078 8.9427 1.0000	</row3>
				</transform>
			</node>
			<node>
				<identifier>	MP_JM013_Reels_1	</identifier>
				<transform>
					<row0>	0.0000 0.0000 1.0000 0.0000	</row0>
					<row1>	0.0000 1.0000 0.0000 0.0000	</row1>
					<row2>	-1.0000 0.0000 0.0000 0.0000	</row2>
					<row3>	0.1019 0.4136 6.2808 1.0000	</row3>
				</transform>
			</node>
			<node>
				<identifier>	MP_JM013_Reels_1_INDEX_1	</identifier>
				<transform>
					<row0>	0.0000 0.0000 1.0000 0.0000	</row0>
					<row1>	0.0000 1.0000 0.0000 0.0000	</row1>
					<row2>	-1.0000 0.0000 0.0000 0.0000	</row2>
					<row3>	-0.1019 0.4136 6.2808 1.0000	</row3>
				</transform>
			</node>
			<node>
				<identifier>	MP_JM027_Fairlead_2	</identifier>
				<transform>
					<row0>	0.9912 0.0026 0.1323 0.0000	</row0>
					<row1>	0.0000 0.9998 -0.0194 0.0000	</row1>
					<row2>	-0.1323 0.0192 0.9910 0.0000	</row2>
					<row3>	0.5207 0.4496 7.2570 1.0000	</row3>
				</transform>
			</node>
			<node>
				<identifier>	MP_JM027_Fairlead_2_INDEX_1	</identifier>
				<transform>
					<row0>	0.9912 -0.0026 -0.1323 0.0000	</row0>
					<row1>	0.0000 0.9998 -0.0194 0.0000	</row1>
					<row2>	0.1323 0.0192 0.9910 0.0000	</row2>
					<row3>	-0.5207 0.4496 7.2570 1.0000	</row3>
				</transform>
			</node>
			<node>
				<identifier>	MP_JM029_Leadsman_Platform	</identifier>
				<transform>
					<row0>	-0.9621 0.1719 0.2118 0.0000	</row0>
					<row1>	0.1605 0.9845 -0.0703 0.0000	</row1>
					<row2>	-0.2206 -0.0336 -0.9748 0.0000	</row2>
					<row3>	-0.3280 0.4758 8.4722 1.0000	</row3>
				</transform>
			</node>
			<node>
				<identifier>	MP_JM029_Leadsman_Platform_INDEX_1	</identifier>
				<transform>
					<row0>	0.9793 0.1679 0.1128 0.0000	</row0>
					<row1>	-0.1644 0.9856 -0.0394 0.0000	</row1>
					<row2>	-0.1178 0.0201 0.9928 0.0000	</row2>
					<row3>	0.5699 0.4349 6.9987 1.0000	</row3>
				</transform>
			</node>
			<node>
				<identifier>	MP_JM029_Leadsman_Platform_INDEX_2	</identifier>
				<transform>
					<row0>	0.9621 0.1726 0.2113 0.0000	</row0>
					<row1>	-0.1606 0.9843 -0.0727 0.0000	</row1>
					<row2>	-0.2206 0.0360 0.9747 0.0000	</row2>
					<row3>	0.3280 0.4758 8.4722 1.0000	</row3>
				</transform>
			</node>
			<node>
				<identifier>	MP_JM029_Leadsman_Platform_INDEX_3	</identifier>
				<transform>
					<row0>	-0.9789 0.1652 0.1199 0.0000	</row0>
					<row1>	0.1608 0.9859 -0.0453 0.0000	</row1>
					<row2>	-0.1257 -0.0250 -0.9917 0.0000	</row2>
					<row3>	-0.5699 0.4349 6.9987 1.0000	</row3>
				</transform>
			</node>
			<node>
				<identifier>	MP_JM033_Roller_Fairled	</identifier>
				<transform>
					<row0>	0.1545 -0.0388 -0.9872 0.0000	</row0>
					<row1>	0.0049 0.9992 -0.0386 0.0000	</row1>
					<row2>	0.9880 0.0011 0.1546 0.0000	</row2>
					<row3>	0.4133 0.4518 8.0379 1.0000	</row3>
				</transform>
			</node>
			<node>
				<identifier>	MP_JM055_Deck_Hatch_4	</identifier>
				<transform>
					<row0>	0.0000 0.0000 -1.0000 0.0000	</row0>
					<row1>	0.0000 1.0000 0.0000 0.0000	</row1>
					<row2>	1.0000 0.0000 0.0000 0.0000	</row2>
					<row3>	0.0004 0.4220 6.7693 1.0000	</row3>
				</transform>
			</node>
			<node>
				<identifier>	MP_JM059_Deck_Hatch_8	</identifier>
				<transform>
					<row0>	1.0000 0.0000 -0.0067 0.0000	</row0>
					<row1>	0.0000 1.0000 0.0000 0.0000	</row1>
					<row2>	0.0067 0.0000 1.0000 0.0000	</row2>
					<row3>	0.4626 0.4105 6.2352 1.0000	</row3>
				</transform>
			</node>
			<node>
				<identifier>	MP_JM059_Deck_Hatch_8_INDEX_1	</identifier>
				<transform>
					<row0>	0.5611 0.0000 0.8278 0.0000	</row0>
					<row1>	0.0000 1.0000 0.0000 0.0000	</row1>
					<row2>	-0.8278 0.0000 0.5611 0.0000	</row2>
					<row3>	-0.4001 0.4232 6.8594 1.0000	</row3>
				</transform>
			</node>
			<node>
				<identifier>	MP_JM059_Deck_Hatch_8_INDEX_2	</identifier>
				<transform>
					<row0>	-0.7118 0.0000 0.7024 0.0000	</row0>
					<row1>	0.0000 1.0000 0.0000 0.0000	</row1>
					<row2>	-0.7024 0.0000 -0.7118 0.0000	</row2>
					<row3>	-0.3761 0.4169 6.5389 1.0000	</row3>
				</transform>
			</node>
			<node>
				<identifier>	MP_JM059_Deck_Hatch_8_INDEX_3	</identifier>
				<transform>
					<row0>	-0.7118 0.0000 -0.7024 0.0000	</row0>
					<row1>	0.0000 1.0000 0.0000 0.0000	</row1>
					<row2>	0.7024 0.0000 -0.7118 0.0000	</row2>
					<row3>	0.3761 0.4169 6.5389 1.0000	</row3>
				</transform>
			</node>
			<node>
				<identifier>	MP_JM059_Deck_Hatch_8_INDEX_4	</identifier>
				<transform>
					<row0>	1.0000 0.0000 0.0067 0.0000	</row0>
					<row1>	0.0000 1.0000 0.0000 0.0000	</row1>
					<row2>	-0.0067 0.0000 1.0000 0.0000	</row2>
					<row3>	-0.4626 0.4105 6.2352 1.0000	</row3>
				</transform>
			</node>
			<node>
				<identifier>	MP_JM059_Deck_Hatch_8_INDEX_5	</identifier>
				<transform>
					<row0>	0.5561 0.0000 -0.8311 0.0000	</row0>
					<row1>	0.0000 1.0000 0.0000 0.0000	</row1>
					<row2>	0.8311 0.0000 0.5561 0.0000	</row2>
					<row3>	0.3965 0.4235 6.8676 1.0000	</row3>
				</transform>
			</node>
			<node>
				<identifier>	MP_JM059_Deck_Hatch_8_INDEX_6	</identifier>
				<transform>
					<row0>	0.7118 0.0000 0.7024 0.0000	</row0>
					<row1>	0.0000 1.0000 0.0000 0.0000	</row1>
					<row2>	-0.7024 0.0000 0.7118 0.0000	</row2>
					<row3>	0.5947 0.4092 6.2765 1.0000	</row3>
				</transform>
			</node>
			<node>
				<identifier>	MP_JM059_Deck_Hatch_8_INDEX_7	</identifier>
				<transform>
					<row0>	0.7118 0.0000 -0.7024 0.0000	</row0>
					<row1>	0.0000 1.0000 0.0000 0.0000	</row1>
					<row2>	0.7024 0.0000 0.7118 0.0000	</row2>
					<row3>	-0.5947 0.4092 6.2765 1.0000	</row3>
				</transform>
			</node>
			<node>
				<identifier>	MP_JM062_Deck_Hatch_11	</identifier>
				<transform>
					<row0>	-1.0000 0.0000 0.0000 0.0000	</row0>
					<row1>	0.0000 1.0000 0.0000 0.0000	</row1>
					<row2>	0.0000 0.0000 -1.0000 0.0000	</row2>
					<row3>	-0.1257 0.4460 7.8014 1.0000	</row3>
				</transform>
			</node>
			<node>
				<identifier>	MP_JM062_Deck_Hatch_11_INDEX_1	</identifier>
				<transform>
					<row0>	-1.0000 0.0000 0.0000 0.0000	</row0>
					<row1>	0.0000 1.0000 0.0000 0.0000	</row1>
					<row2>	0.0000 0.0000 -1.0000 0.0000	</row2>
					<row3>	0.0763 0.4496 7.9631 1.0000	</row3>
				</transform>
			</node>
			<node>
				<identifier>	MP_JM079_Roller_Fairled	</identifier>
				<transform>
					<row0>	-0.1545 -0.0388 -0.9872 0.0000	</row0>
					<row1>	-0.0049 0.9992 -0.0386 0.0000	</row1>
					<row2>	0.9880 -0.0011 -0.1546 0.0000	</row2>
					<row3>	-0.4133 0.4518 8.0379 1.0000	</row3>
				</transform>
			</node>
			<node>
				<identifier>	MP_JM125_Signal_Lamp_3	</identifier>
				<transform>
					<row0>	1.0000 0.0000 0.0000 0.0000	</row0>
					<row1>	0.0000 1.0000 0.0000 0.0000	</row1>
					<row2>	0.0000 0.0000 1.0000 0.0000	</row2>
					<row3>	0.0000 1.1415 9.1237 1.0000	</row3>
				</transform>
			</node>
			<node>
				<identifier>	MP_JM141_Break_Handwheel_1	</identifier>
				<transform>
					<row0>	1.0000 0.0000 0.0000 0.0000	</row0>
					<row1>	0.0000 1.0000 0.0000 0.0000	</row1>
					<row2>	0.0000 0.0000 1.0000 0.0000	</row2>
					<row3>	-0.2909 0.4269 7.3517 1.0000	</row3>
				</transform>
			</node>
			<node>
				<identifier>	MP_JM141_Break_Handwheel_1_INDEX_1	</identifier>
				<transform>
					<row0>	1.0000 0.0000 0.0000 0.0000	</row0>
					<row1>	0.0000 1.0000 0.0000 0.0000	</row1>
					<row2>	0.0000 0.0000 1.0000 0.0000	</row2>
					<row3>	-0.0450 0.4223 7.0526 1.0000	</row3>
				</transform>
			</node>
			<node>
				<identifier>	MP_JM141_Break_Handwheel_1_INDEX_2	</identifier>
				<transform>
					<row0>	1.0000 0.0000 0.0000 0.0000	</row0>
					<row1>	0.0000 1.0000 0.0000 0.0000	</row1>
					<row2>	0.0000 0.0000 1.0000 0.0000	</row2>
					<row3>	0.2915 0.4268 7.3520 1.0000	</row3>
				</transform>
			</node>
			<node>
				<identifier>	MP_JM168_Ventilation	</identifier>
				<transform>
					<row0>	-0.4749 0.0000 0.0000 0.0000	</row0>
					<row1>	0.0000 0.4749 0.0000 0.0000	</row1>
					<row2>	0.0000 0.0000 -0.4749 0.0000	</row2>
					<row3>	-0.0278 0.4213 6.5789 1.0000	</row3>
				</transform>
			</node>
			<node>
				<identifier>	MP_JM286_Anchor_Capstan_big	</identifier>
				<transform>
					<row0>	1.0000 0.0000 0.0000 0.0000	</row0>
					<row1>	0.0000 1.0000 0.0000 0.0000	</row1>
					<row2>	0.0000 0.0000 1.0000 0.0000	</row2>
					<row3>	0.0000 0.4423 7.1741 1.0000	</row3>
				</transform>
			</node>
			<node>
				<identifier>	MP_JM295_Fairled	</identifier>
				<transform>
					<row0>	0.9664 0.0000 -0.2571 0.0000	</row0>
					<row1>	-0.0017 1.0000 -0.0063 0.0000	</row1>
					<row2>	0.2571 0.0066 0.9664 0.0000	</row2>
					<row3>	-0.1636 0.4416 7.6222 1.0000	</row3>
				</transform>
			</node>
			<node>
				<identifier>	MP_JM295_Fairled_INDEX_1	</identifier>
				<transform>
					<row0>	0.9664 0.0000 0.2571 0.0000	</row0>
					<row1>	0.0017 1.0000 -0.0063 0.0000	</row1>
					<row2>	-0.2571 0.0066 0.9664 0.0000	</row2>
					<row3>	0.1636 0.4416 7.6222 1.0000	</row3>
				</transform>
			</node>
			<node>
				<identifier>	MP_JM306_Chrysanthemum_mid	</identifier>
				<transform>
					<row0>	1.0000 0.0000 0.0000 0.0000	</row0>
					<row1>	0.0000 1.0000 0.0000 0.0000	</row1>
					<row2>	0.0000 0.0000 1.0000 0.0000	</row2>
					<row3>	0.0000 0.4095 9.3075 1.0000	</row3>
				</transform>
			</node>
			<node>
				<identifier>	MP_JM307_Chrysanthemum_petal_1	</identifier>
				<transform>
					<row0>	1.0000 0.0000 0.0000 0.0000	</row0>
					<row1>	0.0000 0.9999 0.0125 0.0000	</row1>
					<row2>	0.0000 -0.0125 0.9999 0.0000	</row2>
					<row3>	0.0000 0.4095 9.3050 1.0000	</row3>
				</transform>
			</node>
			<node>
				<identifier>	MP_JM307_Chrysanthemum_petal_1_INDEX_1	</identifier>
				<transform>
					<row0>	-1.0000 0.0000 0.0000 0.0000	</row0>
					<row1>	0.0000 -1.0000 0.0000 0.0000	</row1>
					<row2>	0.0000 0.0000 1.0000 0.0000	</row2>
					<row3>	0.0000 0.4095 9.3050 1.0000	</row3>
				</transform>
			</node>
			<node>
				<identifier>	MP_JM308_Chrysanthemum_petal_2	</identifier>
				<transform>
					<row0>	-0.3856 -0.9227 0.0000 0.0000	</row0>
					<row1>	0.9198 -0.3844 -0.0785 0.0000	</row1>
					<row2>	0.0724 -0.0303 0.9969 0.0000	</row2>
					<row3>	0.0000 0.4095 9.3050 1.0000	</row3>
				</transform>
			</node>
			<node>
				<identifier>	MP_JM308_Chrysanthemum_petal_2_INDEX_1	</identifier>
				<transform>
					<row0>	-0.3856 0.9227 0.0000 0.0000	</row0>
					<row1>	-0.9198 -0.3844 -0.0785 0.0000	</row1>
					<row2>	-0.0724 -0.0303 0.9969 0.0000	</row2>
					<row3>	0.0000 0.4095 9.3050 1.0000	</row3>
				</transform>
			</node>
			<node>
				<identifier>	MP_JM308_Chrysanthemum_petal_2_INDEX_10	</identifier>
				<transform>
					<row0>	-0.6598 0.7154 -0.2301 0.0000	</row0>
					<row1>	-0.7275 -0.6848 -0.0431 0.0000	</row1>
					<row2>	-0.1884 0.1390 0.9722 0.0000	</row2>
					<row3>	0.0000 0.4095 9.3053 1.0000	</row3>
				</transform>
			</node>
			<node>
				<identifier>	MP_JM308_Chrysanthemum_petal_2_INDEX_11	</identifier>
				<transform>
					<row0>	0.6838 0.7161 0.1400 0.0000	</row0>
					<row1>	-0.7259 0.6871 0.0309 0.0000	</row1>
					<row2>	-0.0741 -0.1228 0.9897 0.0000	</row2>
					<row3>	0.0000 0.4095 9.3050 1.0000	</row3>
				</transform>
			</node>
			<node>
				<identifier>	MP_JM308_Chrysanthemum_petal_2_INDEX_2	</identifier>
				<transform>
					<row0>	-0.8757 -0.3853 0.2910 0.0000	</row0>
					<row1>	0.4203 -0.9049 0.0666 0.0000	</row1>
					<row2>	0.2377 0.1807 0.9544 0.0000	</row2>
					<row3>	0.0000 0.4095 9.3050 1.0000	</row3>
				</transform>
			</node>
			<node>
				<identifier>	MP_JM308_Chrysanthemum_petal_2_INDEX_3	</identifier>
				<transform>
					<row0>	0.8966 0.3911 0.2076 0.0000	</row0>
					<row1>	-0.4168 0.9037 0.0981 0.0000	</row1>
					<row2>	-0.1492 -0.1745 0.9733 0.0000	</row2>
					<row3>	0.0000 0.4095 9.3050 1.0000	</row3>
				</transform>
			</node>
			<node>
				<identifier>	MP_JM308_Chrysanthemum_petal_2_INDEX_4	</identifier>
				<transform>
					<row0>	0.6838 -0.7161 -0.1400 0.0000	</row0>
					<row1>	0.7259 0.6871 0.0309 0.0000	</row1>
					<row2>	0.0741 -0.1228 0.9897 0.0000	</row2>
					<row3>	0.0000 0.4095 9.3050 1.0000	</row3>
				</transform>
			</node>
			<node>
				<identifier>	MP_JM308_Chrysanthemum_petal_2_INDEX_5	</identifier>
				<transform>
					<row0>	-0.8757 0.3853 -0.2910 0.0000	</row0>
					<row1>	-0.4203 -0.9049 0.0666 0.0000	</row1>
					<row2>	-0.2377 0.1807 0.9544 0.0000	</row2>
					<row3>	0.0000 0.4095 9.3050 1.0000	</row3>
				</transform>
			</node>
			<node>
				<identifier>	MP_JM308_Chrysanthemum_petal_2_INDEX_6	</identifier>
				<transform>
					<row0>	-0.6598 -0.7154 0.2301 0.0000	</row0>
					<row1>	0.7275 -0.6848 -0.0431 0.0000	</row1>
					<row2>	0.1884 0.1390 0.9722 0.0000	</row2>
					<row3>	0.0000 0.4095 9.3053 1.0000	</row3>
				</transform>
			</node>
			<node>
				<identifier>	MP_JM308_Chrysanthemum_petal_2_INDEX_7	</identifier>
				<transform>
					<row0>	0.3340 0.9202 0.2042 0.0000	</row0>
					<row1>	-0.9338 0.3525 -0.0610 0.0000	</row1>
					<row2>	-0.1281 -0.1703 0.9770 0.0000	</row2>
					<row3>	0.0000 0.4095 9.3050 1.0000	</row3>
				</transform>
			</node>
			<node>
				<identifier>	MP_JM308_Chrysanthemum_petal_2_INDEX_8	</identifier>
				<transform>
					<row0>	0.8966 -0.3911 -0.2076 0.0000	</row0>
					<row1>	0.4168 0.9037 0.0981 0.0000	</row1>
					<row2>	0.1492 -0.1745 0.9733 0.0000	</row2>
					<row3>	0.0000 0.4095 9.3050 1.0000	</row3>
				</transform>
			</node>
			<node>
				<identifier>	MP_JM308_Chrysanthemum_petal_2_INDEX_9	</identifier>
				<transform>
					<row0>	0.3340 -0.9202 -0.2042 0.0000	</row0>
					<row1>	0.9338 0.3525 -0.0610 0.0000	</row1>
					<row2>	0.1281 -0.1703 0.9770 0.0000	</row2>
					<row3>	0.0000 0.4095 9.3050 1.0000	</row3>
				</transform>
			</node>
			<node>
				<identifier>	MP_JM309_Chrysanthemum_petal_3	</identifier>
				<transform>
					<row0>	0.0000 -1.0000 0.0000 0.0000	</row0>
					<row1>	1.0000 0.0000 0.0000 0.0000	</row1>
					<row2>	0.0000 0.0000 1.0000 0.0000	</row2>
					<row3>	0.0000 0.4095 9.3050 1.0000	</row3>
				</transform>
			</node>
			<node>
				<identifier>	MP_JM309_Chrysanthemum_petal_3_INDEX_1	</identifier>
				<transform>
					<row0>	0.0000 1.0000 0.0000 0.0000	</row0>
					<row1>	-1.0000 0.0000 0.0000 0.0000	</row1>
					<row2>	0.0000 0.0000 1.0000 0.0000	</row2>
					<row3>	0.0000 0.4095 9.3050 1.0000	</row3>
				</transform>
			</node>
			<node>
				<identifier>	MP_JM368_Life_Buoy	</identifier>
				<transform>
					<row0>	-0.1742 0.0000 -0.9847 0.0000	</row0>
					<row1>	0.0000 1.0000 0.0000 0.0000	</row1>
					<row2>	0.9847 0.0000 -0.1742 0.0000	</row2>
					<row3>	-0.3929 0.5199 8.1503 1.0000	</row3>
				</transform>
			</node>
			<node>
				<identifier>	MP_JM368_Life_Buoy_INDEX_1	</identifier>
				<transform>
					<row0>	-0.1742 0.0000 0.9847 0.0000	</row0>
					<row1>	0.0000 1.0000 0.0000 0.0000	</row1>
					<row2>	-0.9847 0.0000 -0.1742 0.0000	</row2>
					<row3>	0.3929 0.5199 8.1503 1.0000	</row3>
				</transform>
			</node>
			<node>
				<identifier>	SP_YMS001_YHBM_M_1	</identifier>
				<transform>
					<row0>	1.0000 0.0000 0.0000 0.0000	</row0>
					<row1>	0.0000 1.0000 0.0000 0.0000	</row1>
					<row2>	0.0000 0.0000 1.0000 0.0000	</row2>
					<row3>	0.0000 0.4933 9.3500 1.0000	</row3>
				</transform>
			</node>
			<node>
				<identifier>	SP_YMS002_YHBL_M_1	</identifier>
				<transform>
					<row0>	0.9938 -0.0760 -0.0816 0.0000	</row0>
					<row1>	0.0678 0.9928 -0.0987 0.0000	</row1>
					<row2>	0.0885 0.0926 0.9918 0.0000	</row2>
					<row3>	0.0000 0.5313 9.4006 1.0000	</row3>
				</transform>
			</node>
			<node>
				<identifier>	SP_YMS003_YHBR_M_1	</identifier>
				<transform>
					<row0>	0.9939 0.0758 0.0801 0.0000	</row0>
					<row1>	-0.0678 0.9928 -0.0987 0.0000	</row1>
					<row2>	-0.0870 0.0927 0.9919 0.0000	</row2>
					<row3>	0.0000 0.5313 9.4006 1.0000	</row3>
				</transform>
			</node>
			<node>
				<identifier>	SP_YMS004_YHXL_L_1	</identifier>
				<transform>
					<row0>	0.6710 0.3151 -0.1140 0.0000	</row0>
					<row1>	-0.3213 0.6774 -0.0193 0.0000	</row1>
					<row2>	0.0948 0.0661 0.7410 0.0000	</row2>
					<row3>	-0.1566 0.3763 8.9145 1.0000	</row3>
				</transform>
			</node>
			<node>
				<identifier>	SP_YMS005_YHXR_L_1	</identifier>
				<transform>
					<row0>	0.6710 -0.3151 0.1140 0.0000	</row0>
					<row1>	0.3213 0.6774 -0.0193 0.0000	</row1>
					<row2>	-0.0948 0.0661 0.7410 0.0000	</row2>
					<row3>	0.1566 0.3763 8.9145 1.0000	</row3>
				</transform>
			</node>
			<node>
				<identifier>	SP_YMS010_YHWM_L_1	</identifier>
				<transform>
					<row0>	0.5562 0.0000 0.0000 0.0000	</row0>
					<row1>	0.0000 0.5562 0.0000 0.0000	</row1>
					<row2>	0.0000 0.0000 0.5562 0.0000	</row2>
					<row3>	0.0000 0.0000 9.2621 1.0000	</row3>
				</transform>
			</node>
			<node>
				<identifier>	SP_YMS011_YHWL_M_1_INDEX_1	</identifier>
				<transform>
					<row0>	1.2284 0.2041 -0.1926 0.0000	</row0>
					<row1>	-0.2016 1.2434 0.0315 0.0000	</row1>
					<row2>	0.1951 0.0001 1.2448 0.0000	</row2>
					<row3>	-0.3255 -0.0069 6.9625 1.0000	</row3>
				</transform>
			</node>
			<node>
				<identifier>	SP_YMS011_YHWL_M_1_INDEX_8	</identifier>
				<transform>
					<row0>	1.2331 0.2013 -0.1626 0.0000	</row0>
					<row1>	-0.2019 1.2437 0.0084 0.0000	</row1>
					<row2>	0.1618 0.0178 1.2494 0.0000	</row2>
					<row3>	-0.1731 0.0000 8.0187 1.0000	</row3>
				</transform>
			</node>
			<node>
				<identifier>	SP_YMS012_YHWR_M_1_INDEX_6	</identifier>
				<transform>
					<row0>	1.2284 -0.2041 0.1926 0.0000	</row0>
					<row1>	0.2016 1.2434 0.0315 0.0000	</row1>
					<row2>	-0.1951 0.0001 1.2448 0.0000	</row2>
					<row3>	0.3255 -0.0069 6.9625 1.0000	</row3>
				</transform>
			</node>
			<node>
				<identifier>	SP_YMS012_YHWR_M_1_INDEX_9	</identifier>
				<transform>
					<row0>	1.2331 -0.2013 0.1626 0.0000	</row0>
					<row1>	0.2019 1.2437 0.0084 0.0000	</row1>
					<row2>	-0.1618 0.0178 1.2494 0.0000	</row2>
					<row3>	0.1731 0.0000 8.0187 1.0000	</row3>
				</transform>
			</node>
			<node>
				<identifier>	SP_YMS020_YHBU_M_1	</identifier>
				<transform>
					<row0>	1.0505 0.0000 0.0000 0.0000	</row0>
					<row1>	0.0000 1.0505 0.0000 0.0000	</row1>
					<row2>	0.0000 0.0000 1.0505 0.0000	</row2>
					<row3>	0.0000 -0.2836 8.5898 1.0000	</row3>
				</transform>
			</node>
		</node>
	</node>
	<boundingBox>
		<min>	-0.0667 -0.0667 -0.0667	</min>
		<max>	0.0667 0.0667 0.0667	</max>
	</boundingBox>
</JSB046_Bungo_1944_Bow_ports.visual>
