<JSB046_Bungo_1944_Stern_ports.visual>
	<node>
		<identifier>	Scene Root	</identifier>
		<transform>
			<row0>	1.0000 0.0000 0.0000 0.0000	</row0>
			<row1>	0.0000 1.0000 0.0000 0.0000	</row1>
			<row2>	0.0000 0.0000 1.0000 0.0000	</row2>
			<row3>	0.0000 0.0000 0.0000 1.0000	</row3>
		</transform>
		<node>
			<identifier>	Stern_ports	</identifier>
			<transform>
				<row0>	1.0000 0.0000 0.0000 0.0000	</row0>
				<row1>	0.0000 1.0000 0.0000 0.0000	</row1>
				<row2>	0.0000 0.0000 1.0000 0.0000	</row2>
				<row3>	0.0000 0.0000 0.0000 1.0000	</row3>
			</transform>
			<node>
				<identifier>	HP_FX_Death_3	</identifier>
				<transform>
					<row0>	1.0000 0.0000 0.0000 0.0000	</row0>
					<row1>	0.0000 1.0000 0.0000 0.0000	</row1>
					<row2>	0.0000 0.0000 1.0000 0.0000	</row2>
					<row3>	0.0000 0.0000 -5.4329 1.0000	</row3>
				</transform>
			</node>
			<node>
				<identifier>	HP_FX_Fire_4	</identifier>
				<transform>
					<row0>	1.0000 0.0000 0.0000 0.0000	</row0>
					<row1>	0.0000 1.0000 0.0000 0.0000	</row1>
					<row2>	0.0000 0.0000 1.0000 0.0000	</row2>
					<row3>	0.0000 0.2763 -6.8152 1.0000	</row3>
				</transform>
			</node>
			<node>
				<identifier>	HP_FX_WakeTraceBack	</identifier>
				<transform>
					<row0>	1.0000 0.0000 0.0000 0.0000	</row0>
					<row1>	0.0000 1.0000 0.0000 0.0000	</row1>
					<row2>	0.0000 0.0000 1.0000 0.0000	</row2>
					<row3>	0.0000 0.0000 -9.1223 1.0000	</row3>
				</transform>
			</node>
			<node>
				<identifier>	HP_FX_WakeTrace_screw_1	</identifier>
				<transform>
					<row0>	1.0000 0.0000 0.0000 0.0000	</row0>
					<row1>	0.0000 1.0000 0.0000 0.0000	</row1>
					<row2>	0.0000 0.0000 1.0000 0.0000	</row2>
					<row3>	-0.6967 -0.4272 -6.3203 1.0000	</row3>
				</transform>
			</node>
			<node>
				<identifier>	HP_FX_WakeTrace_screw_2	</identifier>
				<transform>
					<row0>	1.0000 0.0000 0.0000 0.0000	</row0>
					<row1>	0.0000 1.0000 0.0000 0.0000	</row1>
					<row2>	0.0000 0.0000 1.0000 0.0000	</row2>
					<row3>	-0.4435 -0.4860 -6.9981 1.0000	</row3>
				</transform>
			</node>
			<node>
				<identifier>	HP_FX_WakeTrace_screw_3	</identifier>
				<transform>
					<row0>	1.0000 0.0000 0.0000 0.0000	</row0>
					<row1>	0.0000 1.0000 0.0000 0.0000	</row1>
					<row2>	0.0000 0.0000 1.0000 0.0000	</row2>
					<row3>	-0.2133 -0.5438 -7.8092 1.0000	</row3>
				</transform>
			</node>
			<node>
				<identifier>	HP_FX_WakeTrace_screw_4	</identifier>
				<transform>
					<row0>	1.0000 0.0000 0.0000 0.0000	</row0>
					<row1>	0.0000 1.0000 0.0000 0.0000	</row1>
					<row2>	0.0000 0.0000 1.0000 0.0000	</row2>
					<row3>	0.2133 -0.5438 -7.8092 1.0000	</row3>
				</transform>
			</node>
			<node>
				<identifier>	HP_FX_WakeTrace_screw_5	</identifier>
				<transform>
					<row0>	1.0000 0.0000 0.0000 0.0000	</row0>
					<row1>	0.0000 1.0000 0.0000 0.0000	</row1>
					<row2>	0.0000 0.0000 1.0000 0.0000	</row2>
					<row3>	0.4435 -0.4860 -6.9981 1.0000	</row3>
				</transform>
			</node>
			<node>
				<identifier>	HP_FX_WakeTrace_screw_6	</identifier>
				<transform>
					<row0>	1.0000 0.0000 0.0000 0.0000	</row0>
					<row1>	0.0000 1.0000 0.0000 0.0000	</row1>
					<row2>	0.0000 0.0000 1.0000 0.0000	</row2>
					<row3>	0.6967 -0.4272 -6.3203 1.0000	</row3>
				</transform>
			</node>
			<node>
				<identifier>	HP_JC_1	</identifier>
				<transform>
					<row0>	0.7071 0.0000 0.7071 0.0000	</row0>
					<row1>	0.0000 1.0000 0.0000 0.0000	</row1>
					<row2>	-0.7071 0.0000 0.7071 0.0000	</row2>
					<row3>	-0.4969 0.3168 -7.7497 1.0000	</row3>
				</transform>
			</node>
			<node>
				<identifier>	HP_JGA_44	</identifier>
				<transform>
					<row0>	-0.7071 0.0000 0.7071 0.0000	</row0>
					<row1>	0.0000 1.0000 0.0000 0.0000	</row1>
					<row2>	-0.7071 0.0000 -0.7071 0.0000	</row2>
					<row3>	-0.6914 0.2899 -5.7295 1.0000	</row3>
				</transform>
			</node>
			<node>
				<identifier>	HP_JGA_45	</identifier>
				<transform>
					<row0>	-0.7071 0.0000 -0.7071 0.0000	</row0>
					<row1>	0.0000 1.0000 0.0000 0.0000	</row1>
					<row2>	0.7071 0.0000 -0.7071 0.0000	</row2>
					<row3>	0.6914 0.2899 -5.7295 1.0000	</row3>
				</transform>
			</node>
			<node>
				<identifier>	HP_JGA_46	</identifier>
				<transform>
					<row0>	-0.7071 0.0000 0.7071 0.0000	</row0>
					<row1>	0.0000 1.0000 0.0000 0.0000	</row1>
					<row2>	-0.7071 0.0000 -0.7071 0.0000	</row2>
					<row3>	-0.5910 0.2905 -6.4598 1.0000	</row3>
				</transform>
			</node>
			<node>
				<identifier>	HP_JGA_47	</identifier>
				<transform>
					<row0>	-0.7071 0.0000 -0.7071 0.0000	</row0>
					<row1>	0.0000 1.0000 0.0000 0.0000	</row1>
					<row2>	0.7071 0.0000 -0.7071 0.0000	</row2>
					<row3>	0.5910 0.2905 -6.4598 1.0000	</row3>
				</transform>
			</node>
			<node>
				<identifier>	HP_JGM_5	</identifier>
				<transform>
					<row0>	-1.0000 0.0000 0.0000 0.0000	</row0>
					<row1>	0.0000 1.0000 0.0000 0.0000	</row1>
					<row2>	0.0000 0.0000 -1.0000 0.0000	</row2>
					<row3>	0.0000 0.3685 -5.8709 1.0000	</row3>
				</transform>
			</node>
			<node>
				<identifier>	HP_Ship_death_3	</identifier>
				<transform>
					<row0>	1.0000 0.0000 0.0000 0.0000	</row0>
					<row1>	0.0000 1.0000 0.0000 0.0000	</row1>
					<row2>	0.0000 0.0000 1.0000 0.0000	</row2>
					<row3>	0.0000 0.0000 -5.0702 1.0000	</row3>
				</transform>
			</node>
			<node>
				<identifier>	MP_CM085_Anchor_Top	</identifier>
				<transform>
					<row0>	0.3902 0.0000 -1.1389 0.0000	</row0>
					<row1>	0.0000 1.2039 0.0000 0.0000	</row1>
					<row2>	1.1389 0.0000 0.3902 0.0000	</row2>
					<row3>	-0.2632 0.1293 -8.5747 1.0000	</row3>
				</transform>
			</node>
			<node>
				<identifier>	MP_CM085_Anchor_Top_INDEX_1	</identifier>
				<transform>
					<row0>	0.3902 0.0000 1.1389 0.0000	</row0>
					<row1>	0.0000 1.2039 0.0000 0.0000	</row1>
					<row2>	-1.1389 0.0000 0.3902 0.0000	</row2>
					<row3>	0.2632 0.1293 -8.5747 1.0000	</row3>
				</transform>
			</node>
			<node>
				<identifier>	MP_CM087_Anchor_down	</identifier>
				<transform>
					<row0>	-0.3902 0.0000 -1.1389 0.0000	</row0>
					<row1>	-0.2022 1.1848 0.0693 0.0000	</row1>
					<row2>	1.1208 0.2137 -0.3840 0.0000	</row2>
					<row3>	0.2632 0.1293 -8.5747 1.0000	</row3>
				</transform>
			</node>
			<node>
				<identifier>	MP_CM087_Anchor_down_INDEX_1	</identifier>
				<transform>
					<row0>	-0.3902 0.0000 1.1389 0.0000	</row0>
					<row1>	0.2022 1.1848 0.0693 0.0000	</row1>
					<row2>	-1.1208 0.2137 -0.3840 0.0000	</row2>
					<row3>	-0.2632 0.1293 -8.5747 1.0000	</row3>
				</transform>
			</node>
			<node>
				<identifier>	MP_CM166_Propeller4_R	</identifier>
				<transform>
					<row0>	0.9144 0.0000 0.0000 0.0000	</row0>
					<row1>	0.0000 0.9139 -0.0296 0.0000	</row1>
					<row2>	0.0000 0.0296 0.9139 0.0000	</row2>
					<row3>	0.4435 -0.4860 -6.9981 1.0000	</row3>
				</transform>
			</node>
			<node>
				<identifier>	MP_CM166_Propeller4_R_INDEX_1	</identifier>
				<transform>
					<row0>	0.9144 0.0000 0.0000 0.0000	</row0>
					<row1>	0.0000 0.9139 -0.0296 0.0000	</row1>
					<row2>	0.0000 0.0296 0.9139 0.0000	</row2>
					<row3>	0.2133 -0.5438 -7.8092 1.0000	</row3>
				</transform>
			</node>
			<node>
				<identifier>	MP_CM166_Propeller4_R_INDEX_2	</identifier>
				<transform>
					<row0>	0.9144 0.0000 0.0000 0.0000	</row0>
					<row1>	0.0000 0.9139 -0.0296 0.0000	</row1>
					<row2>	0.0000 0.0296 0.9139 0.0000	</row2>
					<row3>	0.6967 -0.4272 -6.3203 1.0000	</row3>
				</transform>
			</node>
			<node>
				<identifier>	MP_CM167_Propeller4_L	</identifier>
				<transform>
					<row0>	0.9144 0.0000 0.0000 0.0000	</row0>
					<row1>	0.0000 0.9139 -0.0296 0.0000	</row1>
					<row2>	0.0000 0.0296 0.9139 0.0000	</row2>
					<row3>	-0.4435 -0.4860 -6.9981 1.0000	</row3>
				</transform>
			</node>
			<node>
				<identifier>	MP_CM167_Propeller4_L_INDEX_1	</identifier>
				<transform>
					<row0>	0.9144 0.0000 0.0000 0.0000	</row0>
					<row1>	0.0000 0.9139 -0.0296 0.0000	</row1>
					<row2>	0.0000 0.0296 0.9139 0.0000	</row2>
					<row3>	-0.6967 -0.4272 -6.3203 1.0000	</row3>
				</transform>
			</node>
			<node>
				<identifier>	MP_CM167_Propeller4_L_INDEX_2	</identifier>
				<transform>
					<row0>	0.9144 0.0000 0.0000 0.0000	</row0>
					<row1>	0.0000 0.9139 -0.0296 0.0000	</row1>
					<row2>	0.0000 0.0296 0.9139 0.0000	</row2>
					<row3>	-0.2133 -0.5438 -7.8092 1.0000	</row3>
				</transform>
			</node>
			<node>
				<identifier>	MP_JM013_Reels_1	</identifier>
				<transform>
					<row0>	0.0000 0.0000 -1.0000 0.0000	</row0>
					<row1>	0.0000 1.0000 0.0000 0.0000	</row1>
					<row2>	1.0000 0.0000 0.0000 0.0000	</row2>
					<row3>	0.0000 0.2889 -6.4666 1.0000	</row3>
				</transform>
			</node>
			<node>
				<identifier>	MP_JM014_Reels_2	</identifier>
				<transform>
					<row0>	0.5542 0.0000 0.8324 0.0000	</row0>
					<row1>	0.0000 1.0000 0.0000 0.0000	</row1>
					<row2>	-0.8324 0.0000 0.5542 0.0000	</row2>
					<row3>	0.3502 0.2884 -6.1301 1.0000	</row3>
				</transform>
			</node>
			<node>
				<identifier>	MP_JM014_Reels_2_INDEX_1	</identifier>
				<transform>
					<row0>	0.5542 0.0000 -0.8324 0.0000	</row0>
					<row1>	0.0000 1.0000 0.0000 0.0000	</row1>
					<row2>	0.8324 0.0000 0.5542 0.0000	</row2>
					<row3>	-0.3502 0.2884 -6.1301 1.0000	</row3>
				</transform>
			</node>
			<node>
				<identifier>	MP_JM027_Fairlead_2	</identifier>
				<transform>
					<row0>	0.9438 -0.0090 0.3304 0.0000	</row0>
					<row1>	0.0000 0.9996 0.0272 0.0000	</row1>
					<row2>	-0.3305 -0.0257 0.9434 0.0000	</row2>
					<row3>	-0.2123 0.3202 -8.6604 1.0000	</row3>
				</transform>
			</node>
			<node>
				<identifier>	MP_JM027_Fairlead_2_INDEX_1	</identifier>
				<transform>
					<row0>	0.9913 0.0000 -0.1316 0.0000	</row0>
					<row1>	0.0000 1.0000 0.0000 0.0000	</row1>
					<row2>	0.1316 0.0000 0.9913 0.0000	</row2>
					<row3>	0.8290 0.3018 -5.9330 1.0000	</row3>
				</transform>
			</node>
			<node>
				<identifier>	MP_JM027_Fairlead_2_INDEX_2	</identifier>
				<transform>
					<row0>	0.9913 0.0000 0.1316 0.0000	</row0>
					<row1>	0.0000 1.0000 0.0000 0.0000	</row1>
					<row2>	-0.1316 0.0000 0.9913 0.0000	</row2>
					<row3>	-0.8290 0.3018 -5.9330 1.0000	</row3>
				</transform>
			</node>
			<node>
				<identifier>	MP_JM027_Fairlead_2_INDEX_3	</identifier>
				<transform>
					<row0>	0.9438 0.0090 -0.3304 0.0000	</row0>
					<row1>	0.0000 0.9996 0.0272 0.0000	</row1>
					<row2>	0.3305 -0.0257 0.9434 0.0000	</row2>
					<row3>	0.2123 0.3202 -8.6604 1.0000	</row3>
				</transform>
			</node>
			<node>
				<identifier>	MP_JM044_After_Capstan	</identifier>
				<transform>
					<row0>	1.5000 0.0000 0.0000 0.0000	</row0>
					<row1>	0.0000 1.5000 0.0000 0.0000	</row1>
					<row2>	0.0000 0.0000 1.5000 0.0000	</row2>
					<row3>	0.0003 0.2922 -6.8666 1.0000	</row3>
				</transform>
			</node>
			<node>
				<identifier>	MP_JM055_Deck_Hatch_4	</identifier>
				<transform>
					<row0>	0.0000 0.0000 -1.0000 0.0000	</row0>
					<row1>	0.0000 1.0000 0.0000 0.0000	</row1>
					<row2>	1.0000 0.0000 0.0000 0.0000	</row2>
					<row3>	-0.1545 0.2941 -7.2323 1.0000	</row3>
				</transform>
			</node>
			<node>
				<identifier>	MP_JM055_Deck_Hatch_4_INDEX_1	</identifier>
				<transform>
					<row0>	0.0000 0.0000 -1.0000 0.0000	</row0>
					<row1>	0.0000 1.0000 0.0000 0.0000	</row1>
					<row2>	1.0000 0.0000 0.0000 0.0000	</row2>
					<row3>	-0.4570 0.2934 -5.3629 1.0000	</row3>
				</transform>
			</node>
			<node>
				<identifier>	MP_JM055_Deck_Hatch_4_INDEX_2	</identifier>
				<transform>
					<row0>	0.0000 0.0000 1.0000 0.0000	</row0>
					<row1>	0.0000 1.0000 0.0000 0.0000	</row1>
					<row2>	-1.0000 0.0000 0.0000 0.0000	</row2>
					<row3>	0.4582 0.2934 -5.3629 1.0000	</row3>
				</transform>
			</node>
			<node>
				<identifier>	MP_JM057_Deck_Hatch_6	</identifier>
				<transform>
					<row0>	0.9746 0.0000 -0.2239 0.0000	</row0>
					<row1>	0.0000 1.0000 0.0000 0.0000	</row1>
					<row2>	0.2239 0.0000 0.9746 0.0000	</row2>
					<row3>	0.5288 0.2956 -7.8156 1.0000	</row3>
				</transform>
			</node>
			<node>
				<identifier>	MP_JM059_Deck_Hatch_8	</identifier>
				<transform>
					<row0>	-0.9998 -0.0152 0.0083 0.0000	</row0>
					<row1>	-0.0152 0.9999 0.0001 0.0000	</row1>
					<row2>	-0.0083 0.0000 -1.0000 0.0000	</row2>
					<row3>	-0.6711 0.2906 -5.5600 1.0000	</row3>
				</transform>
			</node>
			<node>
				<identifier>	MP_JM059_Deck_Hatch_8_INDEX_1	</identifier>
				<transform>
					<row0>	-1.0000 0.0000 0.0000 0.0000	</row0>
					<row1>	0.0000 1.0000 0.0000 0.0000	</row1>
					<row2>	0.0000 0.0000 -1.0000 0.0000	</row2>
					<row3>	0.5722 0.2908 -6.2885 1.0000	</row3>
				</transform>
			</node>
			<node>
				<identifier>	MP_JM059_Deck_Hatch_8_INDEX_10	</identifier>
				<transform>
					<row0>	0.7070 0.0107 0.7071 0.0000	</row0>
					<row1>	-0.0151 0.9999 0.0000 0.0000	</row1>
					<row2>	-0.7070 -0.0107 0.7071 0.0000	</row2>
					<row3>	-0.4865 0.2920 -6.5944 1.0000	</row3>
				</transform>
			</node>
			<node>
				<identifier>	MP_JM059_Deck_Hatch_8_INDEX_11	</identifier>
				<transform>
					<row0>	-0.7129 0.0000 -0.7012 0.0000	</row0>
					<row1>	0.0000 1.0000 0.0000 0.0000	</row1>
					<row2>	0.7012 0.0000 -0.7129 0.0000	</row2>
					<row3>	-0.8032 0.2886 -5.6013 1.0000	</row3>
				</transform>
			</node>
			<node>
				<identifier>	MP_JM059_Deck_Hatch_8_INDEX_2	</identifier>
				<transform>
					<row0>	0.7070 -0.0107 -0.7071 0.0000	</row0>
					<row1>	0.0151 0.9999 0.0000 0.0000	</row1>
					<row2>	0.7070 -0.0107 0.7071 0.0000	</row2>
					<row3>	0.4865 0.2920 -6.5944 1.0000	</row3>
				</transform>
			</node>
			<node>
				<identifier>	MP_JM059_Deck_Hatch_8_INDEX_3	</identifier>
				<transform>
					<row0>	0.7128 -0.0108 -0.7012 0.0000	</row0>
					<row1>	0.0152 0.9999 0.0001 0.0000	</row1>
					<row2>	0.7012 -0.0108 0.7129 0.0000	</row2>
					<row3>	0.5851 0.2910 -5.8650 1.0000	</row3>
				</transform>
			</node>
			<node>
				<identifier>	MP_JM059_Deck_Hatch_8_INDEX_4	</identifier>
				<transform>
					<row0>	-0.7129 0.0000 0.7012 0.0000	</row0>
					<row1>	0.0000 1.0000 0.0000 0.0000	</row1>
					<row2>	-0.7012 0.0000 -0.7129 0.0000	</row2>
					<row3>	0.8032 0.2886 -5.6013 1.0000	</row3>
				</transform>
			</node>
			<node>
				<identifier>	MP_JM059_Deck_Hatch_8_INDEX_5	</identifier>
				<transform>
					<row0>	-1.0000 0.0000 0.0000 0.0000	</row0>
					<row1>	0.0000 1.0000 0.0000 0.0000	</row1>
					<row2>	0.0000 0.0000 -1.0000 0.0000	</row2>
					<row3>	-0.5722 0.2908 -6.2885 1.0000	</row3>
				</transform>
			</node>
			<node>
				<identifier>	MP_JM059_Deck_Hatch_8_INDEX_6	</identifier>
				<transform>
					<row0>	-0.9998 0.0152 -0.0083 0.0000	</row0>
					<row1>	0.0152 0.9999 0.0001 0.0000	</row1>
					<row2>	0.0083 0.0000 -1.0000 0.0000	</row2>
					<row3>	0.6711 0.2906 -5.5600 1.0000	</row3>
				</transform>
			</node>
			<node>
				<identifier>	MP_JM059_Deck_Hatch_8_INDEX_7	</identifier>
				<transform>
					<row0>	0.7071 0.0000 0.7071 0.0000	</row0>
					<row1>	0.0000 1.0000 0.0000 0.0000	</row1>
					<row2>	-0.7071 0.0000 0.7071 0.0000	</row2>
					<row3>	-0.7047 0.2895 -6.3307 1.0000	</row3>
				</transform>
			</node>
			<node>
				<identifier>	MP_JM059_Deck_Hatch_8_INDEX_8	</identifier>
				<transform>
					<row0>	0.7071 0.0000 -0.7071 0.0000	</row0>
					<row1>	0.0000 1.0000 0.0000 0.0000	</row1>
					<row2>	0.7071 0.0000 0.7071 0.0000	</row2>
					<row3>	0.7047 0.2895 -6.3307 1.0000	</row3>
				</transform>
			</node>
			<node>
				<identifier>	MP_JM059_Deck_Hatch_8_INDEX_9	</identifier>
				<transform>
					<row0>	0.7128 0.0108 0.7012 0.0000	</row0>
					<row1>	-0.0152 0.9999 0.0001 0.0000	</row1>
					<row2>	-0.7012 -0.0108 0.7129 0.0000	</row2>
					<row3>	-0.5851 0.2910 -5.8650 1.0000	</row3>
				</transform>
			</node>
			<node>
				<identifier>	MP_JM062_Deck_Hatch_11	</identifier>
				<transform>
					<row0>	-1.0000 0.0000 0.0000 0.0000	</row0>
					<row1>	0.0000 1.0000 0.0000 0.0000	</row1>
					<row2>	0.0000 0.0000 -1.0000 0.0000	</row2>
					<row3>	0.2301 0.2961 -8.0306 1.0000	</row3>
				</transform>
			</node>
			<node>
				<identifier>	MP_JM078_Deck_Winch_2	</identifier>
				<transform>
					<row0>	-0.7071 0.0000 0.7071 0.0000	</row0>
					<row1>	0.0000 1.0000 0.0000 0.0000	</row1>
					<row2>	-0.7071 0.0000 -0.7071 0.0000	</row2>
					<row3>	0.2546 0.2950 -6.7006 1.0000	</row3>
				</transform>
			</node>
			<node>
				<identifier>	MP_JM078_Deck_Winch_2_INDEX_1	</identifier>
				<transform>
					<row0>	-0.7071 0.0000 -0.7071 0.0000	</row0>
					<row1>	0.0000 1.0000 0.0000 0.0000	</row1>
					<row2>	0.7071 0.0000 -0.7071 0.0000	</row2>
					<row3>	-0.2546 0.2950 -6.7006 1.0000	</row3>
				</transform>
			</node>
			<node>
				<identifier>	MP_JM125_Signal_Lamp_3	</identifier>
				<transform>
					<row0>	-1.0000 0.0000 0.0000 0.0000	</row0>
					<row1>	0.0000 1.0000 0.0000 0.0000	</row1>
					<row2>	0.0000 0.0000 -1.0000 0.0000	</row2>
					<row3>	0.0000 0.5757 -9.1991 1.0000	</row3>
				</transform>
			</node>
			<node>
				<identifier>	MP_JM141_Break_Handwheel_1	</identifier>
				<transform>
					<row0>	1.0000 0.0000 0.0000 0.0000	</row0>
					<row1>	0.0000 1.0000 0.0000 0.0000	</row1>
					<row2>	0.0000 0.0000 1.0000 0.0000	</row2>
					<row3>	0.0015 0.2871 -6.7015 1.0000	</row3>
				</transform>
			</node>
			<node>
				<identifier>	MP_JM168_Ventilation	</identifier>
				<transform>
					<row0>	0.4750 0.0000 0.0000 0.0000	</row0>
					<row1>	0.0000 0.4750 0.0000 0.0000	</row1>
					<row2>	0.0000 0.0000 0.4750 0.0000	</row2>
					<row3>	-0.0256 0.2986 -8.0200 1.0000	</row3>
				</transform>
			</node>
			<node>
				<identifier>	MP_JM168_Ventilation_INDEX_1	</identifier>
				<transform>
					<row0>	-0.4750 0.0000 0.0000 0.0000	</row0>
					<row1>	0.0000 0.4750 0.0000 0.0000	</row1>
					<row2>	0.0000 0.0000 -0.4750 0.0000	</row2>
					<row3>	0.3942 0.2924 -6.0341 1.0000	</row3>
				</transform>
			</node>
			<node>
				<identifier>	MP_JM168_Ventilation_INDEX_2	</identifier>
				<transform>
					<row0>	-0.4750 0.0000 0.0000 0.0000	</row0>
					<row1>	0.0000 0.4750 0.0000 0.0000	</row1>
					<row2>	0.0000 0.0000 -0.4750 0.0000	</row2>
					<row3>	-0.3942 0.2924 -6.0341 1.0000	</row3>
				</transform>
			</node>
			<node>
				<identifier>	MP_JM168_Ventilation_INDEX_3	</identifier>
				<transform>
					<row0>	-0.4296 0.0000 0.2026 0.0000	</row0>
					<row1>	0.0000 0.4750 0.0000 0.0000	</row1>
					<row2>	-0.2026 0.0000 -0.4296 0.0000	</row2>
					<row3>	-0.1711 0.2937 -6.2623 1.0000	</row3>
				</transform>
			</node>
			<node>
				<identifier>	MP_JM232_Aircraft_Deck_Rails_2	</identifier>
				<transform>
					<row0>	0.0000 0.0046 -1.0000 0.0000	</row0>
					<row1>	0.0000 1.0000 0.0046 0.0000	</row1>
					<row2>	1.0000 0.0000 0.0000 0.0000	</row2>
					<row3>	0.0000 0.3163 -8.7364 1.0000	</row3>
				</transform>
			</node>
			<node>
				<identifier>	MP_JM304_Running_Lights_B	</identifier>
				<transform>
					<row0>	-1.0000 0.0000 0.0000 0.0000	</row0>
					<row1>	0.0000 1.0000 0.0000 0.0000	</row1>
					<row2>	0.0000 0.0000 -1.0000 0.0000	</row2>
					<row3>	-0.0156 0.4253 -9.1684 1.0000	</row3>
				</transform>
			</node>
			<node>
				<identifier>	MP_JM368_Life_Buoy	</identifier>
				<transform>
					<row0>	0.1537 0.0000 0.9881 0.0000	</row0>
					<row1>	0.0000 1.0000 0.0000 0.0000	</row1>
					<row2>	-0.9881 0.0000 0.1537 0.0000	</row2>
					<row3>	0.7849 0.3549 -6.2959 1.0000	</row3>
				</transform>
			</node>
			<node>
				<identifier>	MP_JM368_Life_Buoy_INDEX_1	</identifier>
				<transform>
					<row0>	0.1537 0.0000 -0.9881 0.0000	</row0>
					<row1>	0.0000 1.0000 0.0000 0.0000	</row1>
					<row2>	0.9881 0.0000 0.1537 0.0000	</row2>
					<row3>	-0.7849 0.3549 -6.2959 1.0000	</row3>
				</transform>
			</node>
			<node>
				<identifier>	MP_JM435_Aircraft_Rails	</identifier>
				<transform>
					<row0>	1.0000 0.0000 0.0000 0.0000	</row0>
					<row1>	0.0000 1.0000 0.0046 0.0000	</row1>
					<row2>	0.0000 -0.0046 1.0000 0.0000	</row2>
					<row3>	0.0000 0.4144 -8.7360 1.0000	</row3>
				</transform>
			</node>
			<node>
				<identifier>	SP_YMS011_YHWL_M_1	</identifier>
				<transform>
					<row0>	1.1905 0.2814 0.3021 0.0000	</row0>
					<row1>	-0.2733 1.2282 -0.0670 0.0000	</row1>
					<row2>	-0.3094 -0.0022 1.2214 0.0000	</row2>
					<row3>	-0.4172 -0.0201 -7.8600 1.0000	</row3>
				</transform>
			</node>
			<node>
				<identifier>	SP_YMS011_YHWL_M_1_INDEX_13	</identifier>
				<transform>
					<row0>	1.2068 0.2814 0.2283 0.0000	</row0>
					<row1>	-0.2769 1.2282 -0.0500 0.0000	</row1>
					<row2>	-0.2337 -0.0022 1.2381 0.0000	</row2>
					<row3>	-0.6512 -0.0225 -6.8164 1.0000	</row3>
				</transform>
			</node>
			<node>
				<identifier>	SP_YMS011_YHWL_M_1_INDEX_2	</identifier>
				<transform>
					<row0>	1.2131 0.2821 0.1909 0.0000	</row0>
					<row1>	-0.2784 1.2280 -0.0455 0.0000	</row1>
					<row2>	-0.1962 0.0017 1.2446 0.0000	</row2>
					<row3>	-0.8309 -0.0221 -5.7677 1.0000	</row3>
				</transform>
			</node>
			<node>
				<identifier>	SP_YMS012_YHWR_M_1_INDEX_13	</identifier>
				<transform>
					<row0>	1.1905 -0.2814 -0.3021 0.0000	</row0>
					<row1>	0.2733 1.2282 -0.0670 0.0000	</row1>
					<row2>	0.3094 -0.0022 1.2214 0.0000	</row2>
					<row3>	0.4172 -0.0201 -7.8600 1.0000	</row3>
				</transform>
			</node>
			<node>
				<identifier>	SP_YMS012_YHWR_M_1_INDEX_3	</identifier>
				<transform>
					<row0>	1.2131 -0.2821 -0.1909 0.0000	</row0>
					<row1>	0.2784 1.2280 -0.0455 0.0000	</row1>
					<row2>	0.1962 0.0017 1.2446 0.0000	</row2>
					<row3>	0.8309 -0.0221 -5.7677 1.0000	</row3>
				</transform>
			</node>
			<node>
				<identifier>	SP_YMS012_YHWR_M_1_INDEX_8	</identifier>
				<transform>
					<row0>	1.2068 -0.2814 -0.2283 0.0000	</row0>
					<row1>	0.2769 1.2282 -0.0500 0.0000	</row1>
					<row2>	0.2337 -0.0022 1.2381 0.0000	</row2>
					<row3>	0.6512 -0.0225 -6.8164 1.0000	</row3>
				</transform>
			</node>
			<node>
				<identifier>	SP_YMS023_YHUC_L_1	</identifier>
				<transform>
					<row0>	0.6660 0.0000 0.0000 0.0000	</row0>
					<row1>	0.0000 0.6657 -0.0215 0.0000	</row1>
					<row2>	0.0000 0.0215 0.6657 0.0000	</row2>
					<row3>	0.2133 -0.5438 -7.8092 1.0000	</row3>
				</transform>
			</node>
			<node>
				<identifier>	SP_YMS023_YHUC_L_1_INDEX_1	</identifier>
				<transform>
					<row0>	0.6660 0.0000 0.0000 0.0000	</row0>
					<row1>	0.0000 0.6657 -0.0215 0.0000	</row1>
					<row2>	0.0000 0.0215 0.6657 0.0000	</row2>
					<row3>	-0.2133 -0.5438 -7.8092 1.0000	</row3>
				</transform>
			</node>
			<node>
				<identifier>	SP_YMS023_YHUC_L_1_INDEX_2	</identifier>
				<transform>
					<row0>	0.6660 0.0000 0.0000 0.0000	</row0>
					<row1>	0.0000 0.6657 -0.0215 0.0000	</row1>
					<row2>	0.0000 0.0215 0.6657 0.0000	</row2>
					<row3>	-0.4435 -0.4860 -6.9981 1.0000	</row3>
				</transform>
			</node>
			<node>
				<identifier>	SP_YMS023_YHUC_L_1_INDEX_3	</identifier>
				<transform>
					<row0>	0.6658 0.0000 0.0000 0.0000	</row0>
					<row1>	0.0000 0.6655 -0.0215 0.0000	</row1>
					<row2>	0.0000 0.0215 0.6655 0.0000	</row2>
					<row3>	-0.6967 -0.4272 -6.3203 1.0000	</row3>
				</transform>
			</node>
			<node>
				<identifier>	SP_YMS023_YHUC_L_1_INDEX_4	</identifier>
				<transform>
					<row0>	0.6660 0.0000 0.0000 0.0000	</row0>
					<row1>	0.0000 0.6657 -0.0215 0.0000	</row1>
					<row2>	0.0000 0.0215 0.6657 0.0000	</row2>
					<row3>	0.4435 -0.4860 -6.9981 1.0000	</row3>
				</transform>
			</node>
			<node>
				<identifier>	SP_YMS023_YHUC_L_1_INDEX_5	</identifier>
				<transform>
					<row0>	0.6658 0.0000 0.0000 0.0000	</row0>
					<row1>	0.0000 0.6655 -0.0215 0.0000	</row1>
					<row2>	0.0000 0.0215 0.6655 0.0000	</row2>
					<row3>	0.6967 -0.4272 -6.3203 1.0000	</row3>
				</transform>
			</node>
			<node>
				<identifier>	SP_YMS030_YHAM_M_1	</identifier>
				<transform>
					<row0>	0.5448 0.0000 0.0000 0.0000	</row0>
					<row1>	0.0000 0.5448 0.0000 0.0000	</row1>
					<row2>	0.0000 0.0000 0.5448 0.0000	</row2>
					<row3>	0.0000 0.1789 -9.1349 1.0000	</row3>
				</transform>
			</node>
			<node>
				<identifier>	SP_YMS031_YHAL_M_1	</identifier>
				<transform>
					<row0>	0.8032 0.0000 0.2461 0.0000	</row0>
					<row1>	0.0000 0.8401 0.0000 0.0000	</row1>
					<row2>	-0.2461 0.0000 0.8032 0.0000	</row2>
					<row3>	-0.1699 0.1606 -8.9007 1.0000	</row3>
				</transform>
			</node>
			<node>
				<identifier>	SP_YMS032_YHAR_M_1	</identifier>
				<transform>
					<row0>	0.8032 0.0000 -0.2461 0.0000	</row0>
					<row1>	0.0000 0.8401 0.0000 0.0000	</row1>
					<row2>	0.2461 0.0000 0.8032 0.0000	</row2>
					<row3>	0.1699 0.1606 -8.9007 1.0000	</row3>
				</transform>
			</node>
			<node>
				<identifier>	SP_YMS083_YHSC_L_1	</identifier>
				<transform>
					<row0>	0.0863 0.0003 0.6702 0.0000	</row0>
					<row1>	0.0873 0.6700 -0.0116 0.0000	</row1>
					<row2>	-0.6645 0.0880 0.0855 0.0000	</row2>
					<row3>	0.8759 0.2916 -5.6665 1.0000	</row3>
				</transform>
			</node>
			<node>
				<identifier>	SP_YMS083_YHSC_L_1_INDEX_1	</identifier>
				<transform>
					<row0>	0.1161 0.0039 -0.6657 0.0000	</row0>
					<row1>	-0.0980 0.6685 -0.0132 0.0000	</row1>
					<row2>	0.6585 0.0988 0.1154 0.0000	</row2>
					<row3>	-0.7322 0.2941 -6.6318 1.0000	</row3>
				</transform>
			</node>
			<node>
				<identifier>	SP_YMS083_YHSC_L_1_INDEX_2	</identifier>
				<transform>
					<row0>	0.1022 0.0018 -0.6680 0.0000	</row0>
					<row1>	-0.0980 0.6685 -0.0132 0.0000	</row1>
					<row2>	0.6608 0.0989 0.1014 0.0000	</row2>
					<row3>	-0.8099 0.2919 -6.1516 1.0000	</row3>
				</transform>
			</node>
			<node>
				<identifier>	SP_YMS083_YHSC_L_1_INDEX_3	</identifier>
				<transform>
					<row0>	0.0856 -0.0004 -0.6703 0.0000	</row0>
					<row1>	-0.0873 0.6700 -0.0116 0.0000	</row1>
					<row2>	0.6646 0.0880 0.0848 0.0000	</row2>
					<row3>	-0.8759 0.2916 -5.6665 1.0000	</row3>
				</transform>
			</node>
			<node>
				<identifier>	SP_YMS083_YHSC_L_1_INDEX_4	</identifier>
				<transform>
					<row0>	0.1022 -0.0018 0.6680 0.0000	</row0>
					<row1>	0.0980 0.6685 -0.0132 0.0000	</row1>
					<row2>	-0.6608 0.0989 0.1014 0.0000	</row2>
					<row3>	0.8099 0.2919 -6.1516 1.0000	</row3>
				</transform>
			</node>
		</node>
	</node>
	<boundingBox>
		<min>	-0.0667 -0.0667 -0.0667	</min>
		<max>	0.0667 0.0667 0.0667	</max>
	</boundingBox>
</JSB046_Bungo_1944_Stern_ports.visual>
