<GSS009_U_2501_1945_MidFront_ports.visual>
	<node>
		<identifier>	Scene Root	</identifier>
		<transform>
			<row0>	1.0000 0.0000 0.0000 0.0000	</row0>
			<row1>	0.0000 1.0000 0.0000 0.0000	</row1>
			<row2>	0.0000 0.0000 1.0000 0.0000	</row2>
			<row3>	0.0000 0.0000 0.0000 1.0000	</row3>
		</transform>
		<node>
			<identifier>	MidFront_ports	</identifier>
			<transform>
				<row0>	1.0000 0.0000 0.0000 0.0000	</row0>
				<row1>	0.0000 1.0000 0.0000 0.0000	</row1>
				<row2>	0.0000 0.0000 1.0000 0.0000	</row2>
				<row3>	0.0000 0.0000 0.0000 1.0000	</row3>
			</transform>
			<node>
				<identifier>	HP_FX_Descent_2	</identifier>
				<transform>
					<row0>	1.0000 0.0000 0.0000 0.0000	</row0>
					<row1>	0.0000 1.0000 0.0000 0.0000	</row1>
					<row2>	0.0000 0.0000 1.0000 0.0000	</row2>
					<row3>	0.0000 0.1317 1.3490 1.0000	</row3>
				</transform>
			</node>
			<node>
				<identifier>	HP_FX_Descent_5	</identifier>
				<transform>
					<row0>	0.2331 0.9725 0.0000 0.0000	</row0>
					<row1>	-0.9725 0.2331 0.0000 0.0000	</row1>
					<row2>	0.0000 0.0000 1.0000 0.0000	</row2>
					<row3>	-0.2009 -0.2150 0.4951 1.0000	</row3>
				</transform>
			</node>
			<node>
				<identifier>	HP_FX_Fire_1	</identifier>
				<transform>
					<row0>	1.0000 0.0000 0.0000 0.0000	</row0>
					<row1>	0.0000 1.0000 0.0000 0.0000	</row1>
					<row2>	0.0000 0.0000 1.0000 0.0000	</row2>
					<row3>	0.0000 0.3587 0.2758 1.0000	</row3>
				</transform>
			</node>
			<node>
				<identifier>	HP_FX_FloodLight_left_1	</identifier>
				<transform>
					<row0>	-1.0000 0.0000 0.0000 0.0000	</row0>
					<row1>	0.0000 1.0000 0.0000 0.0000	</row1>
					<row2>	0.0000 0.0000 -1.0000 0.0000	</row2>
					<row3>	-0.0920 0.2469 0.2629 1.0000	</row3>
				</transform>
			</node>
			<node>
				<identifier>	HP_FX_FloodLight_right_1	</identifier>
				<transform>
					<row0>	1.0000 0.0000 0.0000 0.0000	</row0>
					<row1>	0.0000 1.0000 0.0000 0.0000	</row1>
					<row2>	0.0000 0.0000 1.0000 0.0000	</row2>
					<row3>	0.0920 0.2469 0.2629 1.0000	</row3>
				</transform>
			</node>
			<node>
				<identifier>	HP_FX_Flood_steam_1	</identifier>
				<transform>
					<row0>	1.0000 0.0000 0.0000 0.0000	</row0>
					<row1>	0.0000 1.0000 0.0000 0.0000	</row1>
					<row2>	0.0000 0.0000 1.0000 0.0000	</row2>
					<row3>	-0.0035 0.1283 1.0725 1.0000	</row3>
				</transform>
			</node>
			<node>
				<identifier>	HP_FX_Runoff_deluge_left	</identifier>
				<transform>
					<row0>	-0.9999 0.0000 -0.0043 0.0000	</row0>
					<row1>	0.0000 1.0000 0.0000 0.0000	</row1>
					<row2>	0.0043 0.0000 -0.9999 0.0000	</row2>
					<row3>	-0.1462 0.0817 0.5785 1.0000	</row3>
				</transform>
			</node>
			<node>
				<identifier>	HP_FX_Runoff_deluge_left_1	</identifier>
				<transform>
					<row0>	-0.9999 0.0000 -0.0043 0.0000	</row0>
					<row1>	0.0000 1.0000 0.0000 0.0000	</row1>
					<row2>	0.0043 0.0000 -0.9999 0.0000	</row2>
					<row3>	-0.1463 0.0796 0.3964 1.0000	</row3>
				</transform>
			</node>
			<node>
				<identifier>	HP_FX_Runoff_deluge_left_2	</identifier>
				<transform>
					<row0>	-0.9999 0.0000 -0.0043 0.0000	</row0>
					<row1>	0.0000 1.0000 0.0000 0.0000	</row1>
					<row2>	0.0043 0.0000 -0.9999 0.0000	</row2>
					<row3>	-0.1489 0.0824 0.2182 1.0000	</row3>
				</transform>
			</node>
			<node>
				<identifier>	HP_FX_Runoff_deluge_right	</identifier>
				<transform>
					<row0>	1.0000 0.0000 0.0000 0.0000	</row0>
					<row1>	0.0000 1.0000 0.0000 0.0000	</row1>
					<row2>	0.0000 0.0000 1.0000 0.0000	</row2>
					<row3>	0.1459 0.0820 0.5787 1.0000	</row3>
				</transform>
			</node>
			<node>
				<identifier>	HP_FX_Runoff_deluge_right_1	</identifier>
				<transform>
					<row0>	1.0000 0.0000 0.0000 0.0000	</row0>
					<row1>	0.0000 1.0000 0.0000 0.0000	</row1>
					<row2>	0.0000 0.0000 1.0000 0.0000	</row2>
					<row3>	0.1459 0.0800 0.3968 1.0000	</row3>
				</transform>
			</node>
			<node>
				<identifier>	HP_FX_Runoff_deluge_right_2	</identifier>
				<transform>
					<row0>	1.0000 0.0000 0.0000 0.0000	</row0>
					<row1>	0.0000 1.0000 0.0000 0.0000	</row1>
					<row2>	0.0000 0.0000 1.0000 0.0000	</row2>
					<row3>	0.1489 0.0820 0.2179 1.0000	</row3>
				</transform>
			</node>
			<node>
				<identifier>	HP_FX_Runoff_left_1	</identifier>
				<transform>
					<row0>	-0.7624 0.6456 0.0445 0.0000	</row0>
					<row1>	0.6455 0.7635 -0.0182 0.0000	</row1>
					<row2>	-0.0457 0.0149 -0.9988 0.0000	</row2>
					<row3>	-0.0930 0.1289 1.1284 1.0000	</row3>
				</transform>
			</node>
			<node>
				<identifier>	HP_FX_Runoff_right_1	</identifier>
				<transform>
					<row0>	0.7632 0.6456 0.0250 0.0000	</row0>
					<row1>	-0.6445 0.7635 -0.0406 0.0000	</row1>
					<row2>	-0.0454 0.0149 0.9989 0.0000	</row2>
					<row3>	0.0930 0.1289 1.1284 1.0000	</row3>
				</transform>
			</node>
			<node>
				<identifier>	HP_FX_Runoff_tower_left_2	</identifier>
				<transform>
					<row0>	0.9807 0.0000 -0.1957 0.0000	</row0>
					<row1>	0.0000 1.0000 0.0000 0.0000	</row1>
					<row2>	0.1957 0.0000 0.9807 0.0000	</row2>
					<row3>	-0.0280 0.3188 0.5057 1.0000	</row3>
				</transform>
			</node>
			<node>
				<identifier>	HP_FX_Runoff_tower_right_2	</identifier>
				<transform>
					<row0>	0.9807 0.0000 0.1957 0.0000	</row0>
					<row1>	0.0000 1.0000 0.0000 0.0000	</row1>
					<row2>	-0.1957 0.0000 0.9807 0.0000	</row2>
					<row3>	0.0280 0.3188 0.5057 1.0000	</row3>
				</transform>
			</node>
			<node>
				<identifier>	HP_FX_Runoff_up_left_2	</identifier>
				<transform>
					<row0>	-0.9995 0.0000 -0.0314 0.0000	</row0>
					<row1>	0.0000 1.0000 0.0000 0.0000	</row1>
					<row2>	0.0314 0.0000 -0.9995 0.0000	</row2>
					<row3>	-0.1066 0.1351 0.2449 1.0000	</row3>
				</transform>
			</node>
			<node>
				<identifier>	HP_FX_Runoff_up_right_2	</identifier>
				<transform>
					<row0>	0.9995 0.0000 -0.0314 0.0000	</row0>
					<row1>	0.0000 1.0000 0.0000 0.0000	</row1>
					<row2>	0.0314 0.0000 0.9995 0.0000	</row2>
					<row3>	0.1069 0.1349 0.2449 1.0000	</row3>
				</transform>
			</node>
			<node>
				<identifier>	HP_FX_WakeTrace_periscope	</identifier>
				<transform>
					<row0>	1.0000 0.0000 0.0000 0.0000	</row0>
					<row1>	0.0000 1.0000 0.0000 0.0000	</row1>
					<row2>	0.0000 0.0000 1.0000 0.0000	</row2>
					<row3>	0.0000 0.3805 0.1988 1.0000	</row3>
				</transform>
			</node>
			<node>
				<identifier>	HP_FX_WakeTrace_tower	</identifier>
				<transform>
					<row0>	1.0000 0.0000 0.0000 0.0000	</row0>
					<row1>	0.0000 1.0000 0.0000 0.0000	</row1>
					<row2>	0.0000 0.0000 1.0000 0.0000	</row2>
					<row3>	-0.0016 0.1324 0.5721 1.0000	</row3>
				</transform>
			</node>
			<node>
				<identifier>	HP_GF_1	</identifier>
				<transform>
					<row0>	1.0000 0.0000 0.0000 0.0000	</row0>
					<row1>	0.0000 1.0000 0.0000 0.0000	</row1>
					<row2>	0.0000 0.0000 1.0000 0.0000	</row2>
					<row3>	-0.0604 0.1780 0.0843 1.0000	</row3>
				</transform>
			</node>
			<node>
				<identifier>	HP_flag_1	</identifier>
				<transform>
					<row0>	0.9951 -0.0985 0.0019 0.0000	</row0>
					<row1>	0.0985 0.9944 -0.0392 0.0000	</row1>
					<row2>	0.0019 0.0392 0.9992 0.0000	</row2>
					<row3>	0.1034 0.8093 0.1045 1.0000	</row3>
				</transform>
			</node>
			<node>
				<identifier>	HP_flag_2	</identifier>
				<transform>
					<row0>	0.9951 0.0985 -0.0019 0.0000	</row0>
					<row1>	-0.0985 0.9944 -0.0392 0.0000	</row1>
					<row2>	-0.0019 0.0392 0.9992 0.0000	</row2>
					<row3>	-0.0642 0.8093 0.1045 1.0000	</row3>
				</transform>
			</node>
			<node>
				<identifier>	HP_flag_3	</identifier>
				<transform>
					<row0>	0.9990 -0.0441 0.0009 0.0000	</row0>
					<row1>	0.0441 0.9983 -0.0392 0.0000	</row1>
					<row2>	0.0009 0.0392 0.9992 0.0000	</row2>
					<row3>	0.0503 0.8076 0.1046 1.0000	</row3>
				</transform>
			</node>
			<node>
				<identifier>	HP_flag_4	</identifier>
				<transform>
					<row0>	0.9990 0.0441 -0.0009 0.0000	</row0>
					<row1>	-0.0441 0.9983 -0.0392 0.0000	</row1>
					<row2>	-0.0009 0.0392 0.9992 0.0000	</row2>
					<row3>	-0.0109 0.8076 0.1046 1.0000	</row3>
				</transform>
			</node>
			<node>
				<identifier>	HP_flag_courtesy	</identifier>
				<transform>
					<row0>	0.9954 0.0958 0.0003 0.0000	</row0>
					<row1>	-0.0958 0.9954 0.0054 0.0000	</row1>
					<row2>	0.0003 -0.0054 1.0000 0.0000	</row2>
					<row3>	0.0485 0.7008 0.2105 1.0000	</row3>
				</transform>
			</node>
			<node>
				<identifier>	HP_flag_house	</identifier>
				<transform>
					<row0>	0.9952 -0.0976 0.0020 0.0000	</row0>
					<row1>	0.0976 0.9944 -0.0416 0.0000	</row1>
					<row2>	0.0020 0.0416 0.9991 0.0000	</row2>
					<row3>	-0.0484 0.7009 0.2108 1.0000	</row3>
				</transform>
			</node>
			<node>
				<identifier>	HP_flag_nation	</identifier>
				<transform>
					<row0>	1.0000 0.0000 0.0000 0.0000	</row0>
					<row1>	0.0000 1.0000 0.0000 0.0000	</row1>
					<row2>	0.0000 0.0000 1.0000 0.0000	</row2>
					<row3>	-0.0864 0.5274 0.1371 1.0000	</row3>
				</transform>
			</node>
			<node>
				<identifier>	HP_flag_rank	</identifier>
				<transform>
					<row0>	0.9910 0.1340 0.0004 0.0000	</row0>
					<row1>	-0.1340 0.9910 0.0054 0.0000	</row1>
					<row2>	0.0004 -0.0054 1.0000 0.0000	</row2>
					<row3>	0.0132 0.7009 0.2105 1.0000	</row3>
				</transform>
			</node>
		</node>
	</node>
	<boundingBox>
		<min>	-0.0667 -0.0667 -0.0667	</min>
		<max>	0.0667 0.0667 0.0667	</max>
	</boundingBox>
</GSS009_U_2501_1945_MidFront_ports.visual>
