<HSC003_Java_1933_MidFront_ports.visual>
	<node>
		<identifier>	Scene Root	</identifier>
		<transform>
			<row0>	1.0000 0.0000 0.0000 0.0000	</row0>
			<row1>	0.0000 1.0000 0.0000 0.0000	</row1>
			<row2>	0.0000 0.0000 1.0000 0.0000	</row2>
			<row3>	0.0000 0.0000 0.0000 1.0000	</row3>
		</transform>
		<node>
			<identifier>	MidFront_ports	</identifier>
			<transform>
				<row0>	1.0000 0.0000 0.0000 0.0000	</row0>
				<row1>	0.0000 1.0000 0.0000 0.0000	</row1>
				<row2>	0.0000 0.0000 1.0000 0.0000	</row2>
				<row3>	0.0000 0.0000 0.0000 1.0000	</row3>
			</transform>
			<node>
				<identifier>	HP_FX_Death_1	</identifier>
				<transform>
					<row0>	1.0000 0.0000 0.0000 0.0000	</row0>
					<row1>	0.0000 1.0000 0.0000 0.0000	</row1>
					<row2>	0.0000 0.0000 1.0000 0.0000	</row2>
					<row3>	0.0000 0.0000 2.8207 1.0000	</row3>
				</transform>
			</node>
			<node>
				<identifier>	HP_FX_Fire_2	</identifier>
				<transform>
					<row0>	1.0000 0.0000 0.0000 0.0000	</row0>
					<row1>	0.0000 1.0000 0.0000 0.0000	</row1>
					<row2>	0.0000 0.0000 1.0000 0.0000	</row2>
					<row3>	0.0000 0.6002 2.4645 1.0000	</row3>
				</transform>
			</node>
			<node>
				<identifier>	HP_FX_Fire_2_side_1	</identifier>
				<transform>
					<row0>	0.9978 0.0000 -0.0670 0.0000	</row0>
					<row1>	0.0000 1.0000 0.0000 0.0000	</row1>
					<row2>	0.0670 0.0000 0.9978 0.0000	</row2>
					<row3>	-0.2614 0.4044 2.2642 1.0000	</row3>
				</transform>
			</node>
			<node>
				<identifier>	HP_FX_Fire_2_side_2	</identifier>
				<transform>
					<row0>	0.9978 0.0000 0.0670 0.0000	</row0>
					<row1>	0.0000 1.0000 0.0000 0.0000	</row1>
					<row2>	-0.0670 0.0000 0.9978 0.0000	</row2>
					<row3>	0.2463 0.3761 1.1309 1.0000	</row3>
				</transform>
			</node>
			<node>
				<identifier>	HP_FX_FloodLight_left_1	</identifier>
				<transform>
					<row0>	-1.0000 0.0000 0.0000 0.0000	</row0>
					<row1>	0.0000 1.0000 0.0000 0.0000	</row1>
					<row2>	0.0000 0.0000 -1.0000 0.0000	</row2>
					<row3>	-0.1237 1.1024 1.5672 1.0000	</row3>
				</transform>
			</node>
			<node>
				<identifier>	HP_FX_FloodLight_right_1	</identifier>
				<transform>
					<row0>	1.0000 0.0000 0.0000 0.0000	</row0>
					<row1>	0.0000 1.0000 0.0000 0.0000	</row1>
					<row2>	0.0000 0.0000 1.0000 0.0000	</row2>
					<row3>	0.1240 1.1024 1.5672 1.0000	</row3>
				</transform>
			</node>
			<node>
				<identifier>	HP_FX_Flood_steam_1	</identifier>
				<transform>
					<row0>	0.9161 -0.4009 0.0000 0.0000	</row0>
					<row1>	0.4009 0.9161 0.0000 0.0000	</row1>
					<row2>	0.0000 0.0000 1.0000 0.0000	</row2>
					<row3>	0.0771 1.2629 1.6896 1.0000	</row3>
				</transform>
			</node>
			<node>
				<identifier>	HP_FX_Flood_steam_2	</identifier>
				<transform>
					<row0>	0.9330 0.3600 0.0000 0.0000	</row0>
					<row1>	-0.3600 0.9330 0.0000 0.0000	</row1>
					<row2>	0.0000 0.0000 1.0000 0.0000	</row2>
					<row3>	-0.0810 1.2568 1.6931 1.0000	</row3>
				</transform>
			</node>
			<node>
				<identifier>	HP_FX_Flood_steam_left	</identifier>
				<transform>
					<row0>	-1.0000 0.0000 0.0000 0.0000	</row0>
					<row1>	0.0000 1.0000 0.0000 0.0000	</row1>
					<row2>	0.0000 0.0000 -1.0000 0.0000	</row2>
					<row3>	-0.4246 0.3151 3.1010 1.0000	</row3>
				</transform>
			</node>
			<node>
				<identifier>	HP_FX_Smoke_1	</identifier>
				<transform>
					<row0>	1.0000 0.0000 0.0000 0.0000	</row0>
					<row1>	0.0000 1.0000 0.0000 0.0000	</row1>
					<row2>	0.0000 0.0000 1.0000 0.0000	</row2>
					<row3>	0.0000 1.1684 1.5770 1.0000	</row3>
				</transform>
			</node>
			<node>
				<identifier>	HP_Flagpole	</identifier>
				<transform>
					<row0>	0.6590 0.0000 0.0000 0.0000	</row0>
					<row1>	0.0000 0.6590 0.0047 0.0000	</row1>
					<row2>	0.0000 -0.0047 0.6590 0.0000	</row2>
					<row3>	0.0000 3.2979 1.9852 1.0000	</row3>
				</transform>
			</node>
			<node>
				<identifier>	HP_HF_1	</identifier>
				<transform>
					<row0>	1.0000 0.0000 0.0000 0.0000	</row0>
					<row1>	0.0000 1.0000 0.0000 0.0000	</row1>
					<row2>	0.0000 0.0000 1.0000 0.0000	</row2>
					<row3>	0.0000 0.8880 2.3656 1.0000	</row3>
				</transform>
			</node>
			<node>
				<identifier>	HP_HF_2	</identifier>
				<transform>
					<row0>	1.0000 0.0000 0.0000 0.0000	</row0>
					<row1>	0.0000 1.0000 0.0000 0.0000	</row1>
					<row2>	0.0000 0.0000 1.0000 0.0000	</row2>
					<row3>	0.0000 1.0151 2.2157 1.0000	</row3>
				</transform>
			</node>
			<node>
				<identifier>	HP_HGA_1	</identifier>
				<transform>
					<row0>	0.2588 0.0000 0.9659 0.0000	</row0>
					<row1>	0.0000 1.0000 0.0000 0.0000	</row1>
					<row2>	-0.9659 0.0000 0.2588 0.0000	</row2>
					<row3>	-0.3611 0.3961 2.8798 1.0000	</row3>
				</transform>
			</node>
			<node>
				<identifier>	HP_HGA_2	</identifier>
				<transform>
					<row0>	0.2588 0.0000 -0.9659 0.0000	</row0>
					<row1>	0.0000 1.0000 0.0000 0.0000	</row1>
					<row2>	0.9659 0.0000 0.2588 0.0000	</row2>
					<row3>	0.3611 0.3961 2.8798 1.0000	</row3>
				</transform>
			</node>
			<node>
				<identifier>	HP_HGA_3	</identifier>
				<transform>
					<row0>	0.0000 0.0000 1.0000 0.0000	</row0>
					<row1>	0.0000 1.0000 0.0000 0.0000	</row1>
					<row2>	-1.0000 0.0000 0.0000 0.0000	</row2>
					<row3>	-0.1454 0.8225 1.9336 1.0000	</row3>
				</transform>
			</node>
			<node>
				<identifier>	HP_HGA_4	</identifier>
				<transform>
					<row0>	0.0000 0.0000 -1.0000 0.0000	</row0>
					<row1>	0.0000 1.0000 0.0000 0.0000	</row1>
					<row2>	1.0000 0.0000 0.0000 0.0000	</row2>
					<row3>	0.1454 0.8225 1.9336 1.0000	</row3>
				</transform>
			</node>
			<node>
				<identifier>	HP_HGM_2	</identifier>
				<transform>
					<row0>	1.0000 0.0000 0.0000 0.0000	</row0>
					<row1>	0.0000 1.0000 0.0000 0.0000	</row1>
					<row2>	0.0000 0.0000 1.0000 0.0000	</row2>
					<row3>	0.0000 0.6066 2.9674 1.0000	</row3>
				</transform>
			</node>
			<node>
				<identifier>	HP_HGM_3	</identifier>
				<transform>
					<row0>	1.0000 0.0000 0.0000 0.0000	</row0>
					<row1>	0.0000 1.0000 0.0000 0.0000	</row1>
					<row2>	0.0000 0.0000 1.0000 0.0000	</row2>
					<row3>	-0.4043 0.3556 1.5686 1.0000	</row3>
				</transform>
			</node>
			<node>
				<identifier>	HP_HGM_4	</identifier>
				<transform>
					<row0>	1.0000 0.0000 0.0000 0.0000	</row0>
					<row1>	0.0000 1.0000 0.0000 0.0000	</row1>
					<row2>	0.0000 0.0000 1.0000 0.0000	</row2>
					<row3>	0.4043 0.3556 1.5686 1.0000	</row3>
				</transform>
			</node>
			<node>
				<identifier>	HP_flag_1	</identifier>
				<transform>
					<row0>	0.9923 -0.1238 -0.0057 0.0000	</row0>
					<row1>	0.1238 0.9880 0.0923 0.0000	</row1>
					<row2>	-0.0057 -0.0923 0.9957 0.0000	</row2>
					<row3>	0.1699 2.1577 2.0363 1.0000	</row3>
				</transform>
			</node>
			<node>
				<identifier>	HP_flag_2	</identifier>
				<transform>
					<row0>	0.9923 0.1238 0.0057 0.0000	</row0>
					<row1>	-0.1238 0.9880 0.0923 0.0000	</row1>
					<row2>	0.0057 -0.0923 0.9957 0.0000	</row2>
					<row3>	-0.1699 2.1577 2.0363 1.0000	</row3>
				</transform>
			</node>
			<node>
				<identifier>	HP_flag_3	</identifier>
				<transform>
					<row0>	0.9613 -0.2752 -0.0161 0.0000	</row0>
					<row1>	0.2752 0.9546 0.1141 0.0000	</row1>
					<row2>	-0.0161 -0.1141 0.9933 0.0000	</row2>
					<row3>	0.3384 2.1613 2.0339 1.0000	</row3>
				</transform>
			</node>
			<node>
				<identifier>	HP_flag_4	</identifier>
				<transform>
					<row0>	0.9613 0.2752 0.0161 0.0000	</row0>
					<row1>	-0.2752 0.9546 0.1141 0.0000	</row1>
					<row2>	0.0161 -0.1141 0.9933 0.0000	</row2>
					<row3>	-0.3384 2.1613 2.0339 1.0000	</row3>
				</transform>
			</node>
			<node>
				<identifier>	HP_flag_courtesy	</identifier>
				<transform>
					<row0>	0.9396 -0.3415 -0.0216 0.0000	</row0>
					<row1>	0.3415 0.9319 0.1224 0.0000	</row1>
					<row2>	-0.0216 -0.1224 0.9922 0.0000	</row2>
					<row3>	0.4213 2.1637 2.0331 1.0000	</row3>
				</transform>
			</node>
			<node>
				<identifier>	HP_flag_house	</identifier>
				<transform>
					<row0>	0.9396 0.3415 0.0216 0.0000	</row0>
					<row1>	-0.3415 0.9319 0.1224 0.0000	</row1>
					<row2>	0.0216 -0.1224 0.9922 0.0000	</row2>
					<row3>	-0.4201 2.1638 2.0330 1.0000	</row3>
				</transform>
			</node>
			<node>
				<identifier>	MP_BM012_Telpher	</identifier>
				<transform>
					<row0>	1.0000 0.0000 0.0000 0.0000	</row0>
					<row1>	0.0000 1.0000 0.0000 0.0000	</row1>
					<row2>	0.0000 0.0000 1.0000 0.0000	</row2>
					<row3>	0.0000 0.5831 3.3784 1.0000	</row3>
				</transform>
			</node>
			<node>
				<identifier>	MP_BM611_Telephone	</identifier>
				<transform>
					<row0>	-1.0000 0.0000 0.0000 0.0000	</row0>
					<row1>	0.0000 1.0000 0.0000 0.0000	</row1>
					<row2>	0.0000 0.0000 -1.0000 0.0000	</row2>
					<row3>	0.0364 2.4046 2.0223 1.0000	</row3>
				</transform>
			</node>
			<node>
				<identifier>	MP_BM611_Telephone_INDEX_1	</identifier>
				<transform>
					<row0>	-0.9270 0.0000 -0.3751 0.0000	</row0>
					<row1>	0.0000 1.0000 0.0000 0.0000	</row1>
					<row2>	0.3751 0.0000 -0.9270 0.0000	</row2>
					<row3>	-0.0081 1.2126 2.0460 1.0000	</row3>
				</transform>
			</node>
			<node>
				<identifier>	MP_BM611_Telephone_INDEX_2	</identifier>
				<transform>
					<row0>	-0.9811 0.0000 -0.1935 0.0000	</row0>
					<row1>	0.0000 1.0000 0.0000 0.0000	</row1>
					<row2>	0.1935 0.0000 -0.9811 0.0000	</row2>
					<row3>	-0.0314 1.0847 1.7445 1.0000	</row3>
				</transform>
			</node>
			<node>
				<identifier>	MP_CM011_Fire_Fighting_Gear	</identifier>
				<transform>
					<row0>	0.2916 0.0000 -0.9565 0.0000	</row0>
					<row1>	0.0000 1.0000 0.0000 0.0000	</row1>
					<row2>	0.9565 0.0000 0.2916 0.0000	</row2>
					<row3>	-0.2636 0.3877 2.4429 1.0000	</row3>
				</transform>
			</node>
			<node>
				<identifier>	MP_CM011_Fire_Fighting_Gear_INDEX_1	</identifier>
				<transform>
					<row0>	0.2916 0.0000 0.9565 0.0000	</row0>
					<row1>	0.0000 1.0000 0.0000 0.0000	</row1>
					<row2>	-0.9565 0.0000 0.2916 0.0000	</row2>
					<row3>	0.2636 0.3877 2.4429 1.0000	</row3>
				</transform>
			</node>
			<node>
				<identifier>	MP_CM012_Fire_Hose_Rack_1	</identifier>
				<transform>
					<row0>	-0.9594 0.0000 0.2822 0.0000	</row0>
					<row1>	0.0000 1.0000 0.0000 0.0000	</row1>
					<row2>	-0.2822 0.0000 -0.9594 0.0000	</row2>
					<row3>	0.2511 0.4731 2.4264 1.0000	</row3>
				</transform>
			</node>
			<node>
				<identifier>	MP_CM012_Fire_Hose_Rack_1_INDEX_1	</identifier>
				<transform>
					<row0>	0.9539 0.0000 0.3001 0.0000	</row0>
					<row1>	0.0000 1.0000 0.0000 0.0000	</row1>
					<row2>	-0.3001 0.0000 0.9539 0.0000	</row2>
					<row3>	-0.2511 0.4731 2.4264 1.0000	</row3>
				</transform>
			</node>
			<node>
				<identifier>	MP_CM014_Fuel_Oil_Hose	</identifier>
				<transform>
					<row0>	-1.0000 0.0000 0.0000 0.0000	</row0>
					<row1>	0.0000 1.0000 0.0000 0.0000	</row1>
					<row2>	0.0000 0.0000 -1.0000 0.0000	</row2>
					<row3>	0.1476 0.3886 1.3997 1.0000	</row3>
				</transform>
			</node>
			<node>
				<identifier>	MP_CM014_Fuel_Oil_Hose_INDEX_1	</identifier>
				<transform>
					<row0>	-1.0000 0.0000 0.0000 0.0000	</row0>
					<row1>	0.0000 1.0000 0.0000 0.0000	</row1>
					<row2>	0.0000 0.0000 -1.0000 0.0000	</row2>
					<row3>	0.1476 0.4179 1.3997 1.0000	</row3>
				</transform>
			</node>
			<node>
				<identifier>	MP_CM014_Fuel_Oil_Hose_INDEX_2	</identifier>
				<transform>
					<row0>	1.0000 0.0000 0.0000 0.0000	</row0>
					<row1>	0.0000 -1.0000 0.0000 0.0000	</row1>
					<row2>	0.0000 0.0000 -1.0000 0.0000	</row2>
					<row3>	-0.1476 0.3906 1.3997 1.0000	</row3>
				</transform>
			</node>
			<node>
				<identifier>	MP_CM014_Fuel_Oil_Hose_INDEX_3	</identifier>
				<transform>
					<row0>	1.0000 0.0000 0.0000 0.0000	</row0>
					<row1>	0.0000 -1.0000 0.0000 0.0000	</row1>
					<row2>	0.0000 0.0000 -1.0000 0.0000	</row2>
					<row3>	-0.1476 0.4199 1.3997 1.0000	</row3>
				</transform>
			</node>
			<node>
				<identifier>	MP_CM028_Swab_Rack	</identifier>
				<transform>
					<row0>	0.0000 0.0315 0.9995 0.0000	</row0>
					<row1>	0.0000 0.9995 -0.0315 0.0000	</row1>
					<row2>	-1.0000 0.0000 0.0000 0.0000	</row2>
					<row3>	0.2658 0.3865 2.5392 1.0000	</row3>
				</transform>
			</node>
			<node>
				<identifier>	MP_CM029_Emergency_Box	</identifier>
				<transform>
					<row0>	0.0000 0.0000 1.0000 0.0000	</row0>
					<row1>	0.0000 1.0000 0.0000 0.0000	</row1>
					<row2>	-1.0000 0.0000 0.0000 0.0000	</row2>
					<row3>	0.2701 0.4807 3.1585 1.0000	</row3>
				</transform>
			</node>
			<node>
				<identifier>	MP_CM029_Emergency_Box_INDEX_1	</identifier>
				<transform>
					<row0>	0.0000 0.0000 1.0000 0.0000	</row0>
					<row1>	0.0000 1.0000 0.0000 0.0000	</row1>
					<row2>	-1.0000 0.0000 0.0000 0.0000	</row2>
					<row3>	0.1517 0.4568 2.1155 1.0000	</row3>
				</transform>
			</node>
			<node>
				<identifier>	MP_CM029_Emergency_Box_INDEX_2	</identifier>
				<transform>
					<row0>	-0.6012 0.0000 -0.7991 0.0000	</row0>
					<row1>	0.0000 1.0000 0.0000 0.0000	</row1>
					<row2>	0.7991 0.0000 -0.6012 0.0000	</row2>
					<row3>	-0.0947 1.0727 1.7089 1.0000	</row3>
				</transform>
			</node>
			<node>
				<identifier>	MP_CM029_Emergency_Box_INDEX_3	</identifier>
				<transform>
					<row0>	0.0000 0.0000 -1.0000 0.0000	</row0>
					<row1>	0.0000 1.0000 0.0000 0.0000	</row1>
					<row2>	1.0000 0.0000 0.0000 0.0000	</row2>
					<row3>	-0.2706 0.4549 2.7270 1.0000	</row3>
				</transform>
			</node>
			<node>
				<identifier>	MP_CM029_Emergency_Box_INDEX_4	</identifier>
				<transform>
					<row0>	0.0000 0.0000 -1.0000 0.0000	</row0>
					<row1>	0.0000 1.0000 0.0000 0.0000	</row1>
					<row2>	1.0000 0.0000 0.0000 0.0000	</row2>
					<row3>	-0.1517 0.4553 1.6500 1.0000	</row3>
				</transform>
			</node>
			<node>
				<identifier>	MP_CM029_Emergency_Box_INDEX_5	</identifier>
				<transform>
					<row0>	0.0000 0.0000 1.0000 0.0000	</row0>
					<row1>	0.0000 1.0000 0.0000 0.0000	</row1>
					<row2>	-1.0000 0.0000 0.0000 0.0000	</row2>
					<row3>	0.0397 0.8822 2.0695 1.0000	</row3>
				</transform>
			</node>
			<node>
				<identifier>	MP_CM029_Emergency_Box_INDEX_6	</identifier>
				<transform>
					<row0>	-0.2116 0.0000 0.9774 0.0000	</row0>
					<row1>	0.0000 1.0000 0.0000 0.0000	</row1>
					<row2>	-0.9774 0.0000 -0.2116 0.0000	</row2>
					<row3>	0.0872 0.7371 2.2175 1.0000	</row3>
				</transform>
			</node>
			<node>
				<identifier>	MP_CM052_Fender	</identifier>
				<transform>
					<row0>	0.0000 0.0000 -0.7500 0.0000	</row0>
					<row1>	0.0000 0.7500 0.0000 0.0000	</row1>
					<row2>	0.7500 0.0000 0.0000 0.0000	</row2>
					<row3>	0.1687 0.3618 1.5208 1.0000	</row3>
				</transform>
			</node>
			<node>
				<identifier>	MP_CM052_Fender_INDEX_1	</identifier>
				<transform>
					<row0>	0.0000 0.0000 0.7500 0.0000	</row0>
					<row1>	0.0000 0.7500 0.0000 0.0000	</row1>
					<row2>	-0.7500 0.0000 0.0000 0.0000	</row2>
					<row3>	-0.2865 0.4039 2.9688 1.0000	</row3>
				</transform>
			</node>
			<node>
				<identifier>	MP_CM052_Fender_INDEX_2	</identifier>
				<transform>
					<row0>	0.0000 0.0000 0.7500 0.0000	</row0>
					<row1>	0.0000 0.7500 0.0000 0.0000	</row1>
					<row2>	-0.7500 0.0000 0.0000 0.0000	</row2>
					<row3>	-0.1687 0.3618 1.5875 1.0000	</row3>
				</transform>
			</node>
			<node>
				<identifier>	MP_CM052_Fender_INDEX_3	</identifier>
				<transform>
					<row0>	0.0000 0.0000 -0.7500 0.0000	</row0>
					<row1>	0.0000 0.7500 0.0000 0.0000	</row1>
					<row2>	0.7500 0.0000 0.0000 0.0000	</row2>
					<row3>	0.1686 0.3618 1.5880 1.0000	</row3>
				</transform>
			</node>
			<node>
				<identifier>	MP_CM052_Fender_INDEX_4	</identifier>
				<transform>
					<row0>	0.0000 0.0000 0.7500 0.0000	</row0>
					<row1>	0.0000 0.7500 0.0000 0.0000	</row1>
					<row2>	-0.7500 0.0000 0.0000 0.0000	</row2>
					<row3>	-0.1686 0.3618 1.5201 1.0000	</row3>
				</transform>
			</node>
			<node>
				<identifier>	MP_CM056_Ships_bell	</identifier>
				<transform>
					<row0>	0.7000 0.0000 0.0000 0.0000	</row0>
					<row1>	0.0000 0.7000 0.0000 0.0000	</row1>
					<row2>	0.0000 0.0000 0.7000 0.0000	</row2>
					<row3>	-0.0723 0.4988 1.1763 1.0000	</row3>
				</transform>
			</node>
			<node>
				<identifier>	MP_CM082_Rope	</identifier>
				<transform>
					<row0>	0.3666 0.0000 -0.0003 0.0000	</row0>
					<row1>	0.0000 0.3666 0.0000 0.0000	</row1>
					<row2>	0.0003 0.0000 0.3666 0.0000	</row2>
					<row3>	-0.0418 1.1300 1.9121 1.0000	</row3>
				</transform>
			</node>
			<node>
				<identifier>	MP_CM082_Rope_INDEX_1	</identifier>
				<transform>
					<row0>	-0.3233 0.0000 -0.0004 0.0000	</row0>
					<row1>	0.0000 0.3233 0.0000 0.0000	</row1>
					<row2>	0.0004 0.0000 -0.3233 0.0000	</row2>
					<row3>	0.0412 1.1302 1.9106 1.0000	</row3>
				</transform>
			</node>
			<node>
				<identifier>	MP_CM082_Rope_INDEX_2	</identifier>
				<transform>
					<row0>	-0.3233 0.0000 0.0004 0.0000	</row0>
					<row1>	0.0000 0.3233 0.0000 0.0000	</row1>
					<row2>	-0.0004 0.0000 -0.3233 0.0000	</row2>
					<row3>	-0.0412 1.1302 1.9404 1.0000	</row3>
				</transform>
			</node>
			<node>
				<identifier>	MP_CM082_Rope_INDEX_3	</identifier>
				<transform>
					<row0>	0.2780 0.0000 0.0003 0.0000	</row0>
					<row1>	0.0000 0.2780 0.0000 0.0000	</row1>
					<row2>	-0.0003 0.0000 0.2780 0.0000	</row2>
					<row3>	0.0415 1.1301 1.9251 1.0000	</row3>
				</transform>
			</node>
			<node>
				<identifier>	MP_CM082_Rope_INDEX_4	</identifier>
				<transform>
					<row0>	0.2780 0.0000 -0.0003 0.0000	</row0>
					<row1>	0.0000 0.2780 0.0000 0.0000	</row1>
					<row2>	0.0003 0.0000 0.2780 0.0000	</row2>
					<row3>	-0.0415 1.1301 1.8979 1.0000	</row3>
				</transform>
			</node>
			<node>
				<identifier>	MP_CM082_Rope_INDEX_5	</identifier>
				<transform>
					<row0>	0.3517 0.0000 -0.0014 0.0000	</row0>
					<row1>	0.0000 0.3517 0.0000 0.0000	</row1>
					<row2>	0.0014 0.0000 0.3517 0.0000	</row2>
					<row3>	-0.0417 1.1298 1.9249 1.0000	</row3>
				</transform>
			</node>
			<node>
				<identifier>	MP_CM082_Rope_INDEX_6	</identifier>
				<transform>
					<row0>	0.3666 0.0000 0.0003 0.0000	</row0>
					<row1>	0.0000 0.3666 0.0000 0.0000	</row1>
					<row2>	-0.0003 0.0000 0.3666 0.0000	</row2>
					<row3>	0.0418 1.1300 1.8981 1.0000	</row3>
				</transform>
			</node>
			<node>
				<identifier>	MP_CM082_Rope_INDEX_7	</identifier>
				<transform>
					<row0>	0.3517 0.0000 0.0014 0.0000	</row0>
					<row1>	0.0000 0.3517 0.0000 0.0000	</row1>
					<row2>	-0.0014 0.0000 0.3517 0.0000	</row2>
					<row3>	0.0417 1.1298 1.9407 1.0000	</row3>
				</transform>
			</node>
			<node>
				<identifier>	MP_CM092_Siren	</identifier>
				<transform>
					<row0>	-0.2616 0.0000 -0.9652 0.0000	</row0>
					<row1>	0.0000 1.0000 0.0000 0.0000	</row1>
					<row2>	0.9652 0.0000 -0.2616 0.0000	</row2>
					<row3>	0.0716 1.1115 1.7356 1.0000	</row3>
				</transform>
			</node>
			<node>
				<identifier>	MP_CM109_Leadsman_Platform	</identifier>
				<transform>
					<row0>	-0.0455 -0.9982 0.0379 0.0000	</row0>
					<row1>	-0.9959 0.0483 0.0767 0.0000	</row1>
					<row2>	-0.0784 -0.0343 -0.9963 0.0000	</row2>
					<row3>	-0.4256 0.4253 3.3601 1.0000	</row3>
				</transform>
			</node>
			<node>
				<identifier>	MP_CM109_Leadsman_Platform_INDEX_1	</identifier>
				<transform>
					<row0>	0.0560 -0.9976 0.0401 0.0000	</row0>
					<row1>	0.9955 0.0589 0.0745 0.0000	</row1>
					<row2>	-0.0767 0.0358 0.9964 0.0000	</row2>
					<row3>	0.4263 0.4247 3.3601 1.0000	</row3>
				</transform>
			</node>
			<node>
				<identifier>	MP_CM126_Cleat	</identifier>
				<transform>
					<row0>	-0.0459 0.0000 0.9989 0.0000	</row0>
					<row1>	0.9989 0.0000 0.0459 0.0000	</row1>
					<row2>	0.0000 1.0000 0.0000 0.0000	</row2>
					<row3>	0.4852 0.3786 2.3237 1.0000	</row3>
				</transform>
			</node>
			<node>
				<identifier>	MP_CM126_Cleat_INDEX_1	</identifier>
				<transform>
					<row0>	-1.0000 0.0000 0.0000 0.0000	</row0>
					<row1>	0.0000 1.0000 0.0000 0.0000	</row1>
					<row2>	0.0000 0.0000 -1.0000 0.0000	</row2>
					<row3>	0.1988 0.5915 1.7768 1.0000	</row3>
				</transform>
			</node>
			<node>
				<identifier>	MP_CM126_Cleat_INDEX_2	</identifier>
				<transform>
					<row0>	-1.0000 0.0000 0.0000 0.0000	</row0>
					<row1>	0.0000 1.0000 0.0000 0.0000	</row1>
					<row2>	0.0000 0.0000 -1.0000 0.0000	</row2>
					<row3>	-0.1988 0.5915 1.7768 1.0000	</row3>
				</transform>
			</node>
			<node>
				<identifier>	MP_CM126_Cleat_INDEX_3	</identifier>
				<transform>
					<row0>	1.0000 0.0000 0.0000 0.0000	</row0>
					<row1>	0.0000 1.0000 0.0000 0.0000	</row1>
					<row2>	0.0000 0.0000 1.0000 0.0000	</row2>
					<row3>	0.1812 0.6032 2.7158 1.0000	</row3>
				</transform>
			</node>
			<node>
				<identifier>	MP_CM126_Cleat_INDEX_4	</identifier>
				<transform>
					<row0>	1.0000 0.0000 0.0000 0.0000	</row0>
					<row1>	0.0000 1.0000 0.0000 0.0000	</row1>
					<row2>	0.0000 0.0000 1.0000 0.0000	</row2>
					<row3>	-0.1830 0.6032 2.7158 1.0000	</row3>
				</transform>
			</node>
			<node>
				<identifier>	MP_CM126_Cleat_INDEX_5	</identifier>
				<transform>
					<row0>	0.9989 0.0471 -0.0006 0.0000	</row0>
					<row1>	-0.0471 0.9988 -0.0124 0.0000	</row1>
					<row2>	0.0000 0.0124 0.9999 0.0000	</row2>
					<row3>	-0.5098 0.3387 0.7876 1.0000	</row3>
				</transform>
			</node>
			<node>
				<identifier>	MP_CM126_Cleat_INDEX_6	</identifier>
				<transform>
					<row0>	-0.0459 0.0000 -0.9989 0.0000	</row0>
					<row1>	-0.9989 0.0000 0.0459 0.0000	</row1>
					<row2>	0.0000 1.0000 0.0000 0.0000	</row2>
					<row3>	-0.4852 0.3786 2.3237 1.0000	</row3>
				</transform>
			</node>
			<node>
				<identifier>	MP_CM126_Cleat_INDEX_7	</identifier>
				<transform>
					<row0>	0.0000 0.0000 -1.0000 0.0000	</row0>
					<row1>	-1.0000 0.0000 0.0000 0.0000	</row1>
					<row2>	0.0000 1.0000 0.0000 0.0000	</row2>
					<row3>	-0.5134 0.3508 1.1917 1.0000	</row3>
				</transform>
			</node>
			<node>
				<identifier>	MP_CM126_Cleat_INDEX_8	</identifier>
				<transform>
					<row0>	0.9989 -0.0471 0.0006 0.0000	</row0>
					<row1>	0.0471 0.9988 -0.0124 0.0000	</row1>
					<row2>	0.0000 0.0124 0.9999 0.0000	</row2>
					<row3>	0.5098 0.3387 0.7876 1.0000	</row3>
				</transform>
			</node>
			<node>
				<identifier>	MP_CM126_Cleat_INDEX_9	</identifier>
				<transform>
					<row0>	0.0000 0.0000 1.0000 0.0000	</row0>
					<row1>	1.0000 0.0000 0.0000 0.0000	</row1>
					<row2>	0.0000 1.0000 0.0000 0.0000	</row2>
					<row3>	0.5134 0.3508 1.1917 1.0000	</row3>
				</transform>
			</node>
			<node>
				<identifier>	MP_HM004_Loudspeaker	</identifier>
				<transform>
					<row0>	0.5583 0.0000 -0.8296 0.0000	</row0>
					<row1>	0.0000 1.0000 0.0000 0.0000	</row1>
					<row2>	0.8296 0.0000 0.5583 0.0000	</row2>
					<row3>	0.0968 1.1106 1.6989 1.0000	</row3>
				</transform>
			</node>
			<node>
				<identifier>	MP_HM004_Loudspeaker_INDEX_1	</identifier>
				<transform>
					<row0>	0.0000 0.0000 1.0000 0.0000	</row0>
					<row1>	0.0000 1.0000 0.0000 0.0000	</row1>
					<row2>	-1.0000 0.0000 0.0000 0.0000	</row2>
					<row3>	-0.1466 0.5755 1.5644 1.0000	</row3>
				</transform>
			</node>
			<node>
				<identifier>	MP_HM004_Loudspeaker_INDEX_2	</identifier>
				<transform>
					<row0>	0.0000 0.0000 -1.0000 0.0000	</row0>
					<row1>	0.0000 1.0000 0.0000 0.0000	</row1>
					<row2>	1.0000 0.0000 0.0000 0.0000	</row2>
					<row3>	0.1466 0.5755 1.5640 1.0000	</row3>
				</transform>
			</node>
			<node>
				<identifier>	MP_HM004_Loudspeaker_INDEX_3	</identifier>
				<transform>
					<row0>	0.6332 0.0000 -0.7740 0.0000	</row0>
					<row1>	0.0000 1.0000 0.0000 0.0000	</row1>
					<row2>	0.7740 0.0000 0.6332 0.0000	</row2>
					<row3>	0.2203 0.6669 2.6539 1.0000	</row3>
				</transform>
			</node>
			<node>
				<identifier>	MP_HM004_Loudspeaker_INDEX_4	</identifier>
				<transform>
					<row0>	1.0000 0.0000 0.0000 0.0000	</row0>
					<row1>	0.0000 1.0000 0.0000 0.0000	</row1>
					<row2>	0.0000 0.0000 1.0000 0.0000	</row2>
					<row3>	0.0008 0.5733 3.3321 1.0000	</row3>
				</transform>
			</node>
			<node>
				<identifier>	MP_HM004_Loudspeaker_INDEX_5	</identifier>
				<transform>
					<row0>	0.9815 0.0000 0.1915 0.0000	</row0>
					<row1>	0.0000 1.0000 0.0000 0.0000	</row1>
					<row2>	-0.1915 0.0000 0.9815 0.0000	</row2>
					<row3>	-0.0205 0.9691 1.7459 1.0000	</row3>
				</transform>
			</node>
			<node>
				<identifier>	MP_HM004_Loudspeaker_INDEX_6	</identifier>
				<transform>
					<row0>	1.0000 0.0000 0.0000 0.0000	</row0>
					<row1>	0.0000 1.0000 0.0000 0.0000	</row1>
					<row2>	0.0000 0.0000 1.0000 0.0000	</row2>
					<row3>	-0.0205 0.8003 2.2509 1.0000	</row3>
				</transform>
			</node>
			<node>
				<identifier>	MP_HM007_Lifebuoy	</identifier>
				<transform>
					<row0>	1.0000 0.0000 0.0000 0.0000	</row0>
					<row1>	0.0000 1.0000 0.0000 0.0000	</row1>
					<row2>	0.0000 0.0000 1.0000 0.0000	</row2>
					<row3>	-0.4270 0.7301 2.4757 1.0000	</row3>
				</transform>
			</node>
			<node>
				<identifier>	MP_HM007_Lifebuoy_INDEX_1	</identifier>
				<transform>
					<row0>	1.0000 0.0000 0.0000 0.0000	</row0>
					<row1>	0.0000 1.0000 0.0000 0.0000	</row1>
					<row2>	0.0000 0.0000 1.0000 0.0000	</row2>
					<row3>	0.4246 0.7301 2.4757 1.0000	</row3>
				</transform>
			</node>
			<node>
				<identifier>	MP_HM008_Insulator	</identifier>
				<transform>
					<row0>	0.3035 0.0000 0.9528 0.0000	</row0>
					<row1>	0.9528 0.0000 -0.3035 0.0000	</row1>
					<row2>	0.0000 1.0000 0.0000 0.0000	</row2>
					<row3>	0.2263 0.6746 2.3440 1.0000	</row3>
				</transform>
			</node>
			<node>
				<identifier>	MP_HM008_Insulator_INDEX_1	</identifier>
				<transform>
					<row0>	0.3035 0.0000 -0.9528 0.0000	</row0>
					<row1>	-0.9528 0.0000 -0.3035 0.0000	</row1>
					<row2>	0.0000 1.0000 0.0000 0.0000	</row2>
					<row3>	-0.2263 0.6746 2.3440 1.0000	</row3>
				</transform>
			</node>
			<node>
				<identifier>	MP_HM008_Insulator_INDEX_2	</identifier>
				<transform>
					<row0>	0.3035 0.0000 -0.9528 0.0000	</row0>
					<row1>	-0.9528 0.0000 -0.3035 0.0000	</row1>
					<row2>	0.0000 1.0000 0.0000 0.0000	</row2>
					<row3>	-0.2332 0.6746 2.3682 1.0000	</row3>
				</transform>
			</node>
			<node>
				<identifier>	MP_HM008_Insulator_INDEX_3	</identifier>
				<transform>
					<row0>	0.3035 0.0000 -0.9528 0.0000	</row0>
					<row1>	-0.9528 0.0000 -0.3035 0.0000	</row1>
					<row2>	0.0000 1.0000 0.0000 0.0000	</row2>
					<row3>	-0.2411 0.6746 2.3932 1.0000	</row3>
				</transform>
			</node>
			<node>
				<identifier>	MP_HM008_Insulator_INDEX_4	</identifier>
				<transform>
					<row0>	-0.3002 0.0000 -0.9539 0.0000	</row0>
					<row1>	0.9539 0.0000 -0.3002 0.0000	</row1>
					<row2>	0.0000 -1.0000 0.0000 0.0000	</row2>
					<row3>	0.2107 0.6922 2.2928 1.0000	</row3>
				</transform>
			</node>
			<node>
				<identifier>	MP_HM008_Insulator_INDEX_5	</identifier>
				<transform>
					<row0>	0.0000 0.0000 -1.0000 0.0000	</row0>
					<row1>	-1.0000 0.0000 0.0000 0.0000	</row1>
					<row2>	0.0000 1.0000 0.0000 0.0000	</row2>
					<row3>	-0.2643 0.6512 2.5773 1.0000	</row3>
				</transform>
			</node>
			<node>
				<identifier>	MP_HM016_AmmoBox	</identifier>
				<transform>
					<row0>	0.0000 0.0138 0.9999 0.0000	</row0>
					<row1>	0.0000 0.9999 -0.0138 0.0000	</row1>
					<row2>	-1.0000 0.0000 0.0000 0.0000	</row2>
					<row3>	0.2302 0.6072 3.0376 1.0000	</row3>
				</transform>
			</node>
			<node>
				<identifier>	MP_HM016_AmmoBox_INDEX_1	</identifier>
				<transform>
					<row0>	0.6586 -0.0235 -0.7521 0.0000	</row0>
					<row1>	0.0012 0.9995 -0.0302 0.0000	</row1>
					<row2>	0.7525 0.0190 0.6583 0.0000	</row2>
					<row3>	-0.2135 0.3647 1.7027 1.0000	</row3>
				</transform>
			</node>
			<node>
				<identifier>	MP_HM016_AmmoBox_INDEX_2	</identifier>
				<transform>
					<row0>	0.5093 0.0000 0.8606 0.0000	</row0>
					<row1>	0.0000 1.0000 0.0000 0.0000	</row1>
					<row2>	-0.8606 0.0000 0.5093 0.0000	</row2>
					<row3>	-0.1409 0.8224 2.1184 1.0000	</row3>
				</transform>
			</node>
			<node>
				<identifier>	MP_HM016_AmmoBox_INDEX_3	</identifier>
				<transform>
					<row0>	0.0000 -0.0138 -0.9999 0.0000	</row0>
					<row1>	0.0000 0.9999 -0.0138 0.0000	</row1>
					<row2>	1.0000 0.0000 0.0000 0.0000	</row2>
					<row3>	-0.2321 0.6054 2.9380 1.0000	</row3>
				</transform>
			</node>
			<node>
				<identifier>	MP_HM016_AmmoBox_INDEX_4	</identifier>
				<transform>
					<row0>	0.5093 0.0000 -0.8606 0.0000	</row0>
					<row1>	0.0000 1.0000 0.0000 0.0000	</row1>
					<row2>	0.8606 0.0000 0.5093 0.0000	</row2>
					<row3>	0.1409 0.8224 2.1184 1.0000	</row3>
				</transform>
			</node>
			<node>
				<identifier>	MP_HM016_AmmoBox_INDEX_5	</identifier>
				<transform>
					<row0>	-0.0073 0.0424 0.9991 0.0000	</row0>
					<row1>	-0.0444 0.9981 -0.0427 0.0000	</row1>
					<row2>	-0.9990 -0.0446 -0.0054 0.0000	</row2>
					<row3>	-0.2914 0.4115 3.1894 1.0000	</row3>
				</transform>
			</node>
			<node>
				<identifier>	MP_HM016_AmmoBox_INDEX_6	</identifier>
				<transform>
					<row0>	0.5093 0.0000 -0.8606 0.0000	</row0>
					<row1>	0.0000 1.0000 0.0000 0.0000	</row1>
					<row2>	0.8606 0.0000 0.5093 0.0000	</row2>
					<row3>	0.1838 0.8224 2.0470 1.0000	</row3>
				</transform>
			</node>
			<node>
				<identifier>	MP_HM016_AmmoBox_INDEX_7	</identifier>
				<transform>
					<row0>	-0.0073 -0.0424 -0.9991 0.0000	</row0>
					<row1>	0.0444 0.9981 -0.0427 0.0000	</row1>
					<row2>	0.9990 -0.0446 -0.0054 0.0000	</row2>
					<row3>	0.2934 0.4086 3.1125 1.0000	</row3>
				</transform>
			</node>
			<node>
				<identifier>	MP_HM016_AmmoBox_INDEX_8	</identifier>
				<transform>
					<row0>	0.6586 0.0235 0.7521 0.0000	</row0>
					<row1>	-0.0012 0.9995 -0.0302 0.0000	</row1>
					<row2>	-0.7525 0.0190 0.6583 0.0000	</row2>
					<row3>	0.2135 0.3647 1.7027 1.0000	</row3>
				</transform>
			</node>
			<node>
				<identifier>	MP_HM016_AmmoBox_INDEX_9	</identifier>
				<transform>
					<row0>	0.5093 0.0000 0.8606 0.0000	</row0>
					<row1>	0.0000 1.0000 0.0000 0.0000	</row1>
					<row2>	-0.8606 0.0000 0.5093 0.0000	</row2>
					<row3>	-0.1838 0.8224 2.0470 1.0000	</row3>
				</transform>
			</node>
			<node>
				<identifier>	MP_HM031_Sounding_Machine	</identifier>
				<transform>
					<row0>	-0.9997 0.0219 0.0098 0.0000	</row0>
					<row1>	0.0216 0.9994 -0.0286 0.0000	</row1>
					<row2>	-0.0104 -0.0284 -0.9995 0.0000	</row2>
					<row3>	0.1993 0.3768 2.1070 1.0000	</row3>
				</transform>
			</node>
			<node>
				<identifier>	MP_HM502_Life_Boat	</identifier>
				<transform>
					<row0>	-1.0000 0.0000 0.0000 0.0000	</row0>
					<row1>	0.0000 0.9879 -0.1548 0.0000	</row1>
					<row2>	0.0000 -0.1548 -0.9879 0.0000	</row2>
					<row3>	-0.0002 0.6302 3.6088 1.0000	</row3>
				</transform>
			</node>
			<node>
				<identifier>	MP_HM601_Pelorus	</identifier>
				<transform>
					<row0>	-1.0000 0.0000 0.0000 0.0000	</row0>
					<row1>	0.0000 1.0000 0.0000 0.0000	</row1>
					<row2>	0.0000 0.0000 -1.0000 0.0000	</row2>
					<row3>	-0.4317 0.6688 2.4382 1.0000	</row3>
				</transform>
			</node>
			<node>
				<identifier>	MP_HM601_Pelorus_INDEX_1	</identifier>
				<transform>
					<row0>	-1.0000 0.0000 0.0000 0.0000	</row0>
					<row1>	0.0000 1.0000 0.0000 0.0000	</row1>
					<row2>	0.0000 0.0000 -1.0000 0.0000	</row2>
					<row3>	0.4317 0.6688 2.4382 1.0000	</row3>
				</transform>
			</node>
			<node>
				<identifier>	MP_HM603_Crane_manipulator	</identifier>
				<transform>
					<row0>	-1.0000 0.0000 0.0000 0.0000	</row0>
					<row1>	0.0000 1.0000 0.0000 0.0000	</row1>
					<row2>	0.0000 0.0000 -1.0000 0.0000	</row2>
					<row3>	-0.0495 1.1447 2.0964 1.0000	</row3>
				</transform>
			</node>
			<node>
				<identifier>	MP_HM603_Crane_manipulator_INDEX_1	</identifier>
				<transform>
					<row0>	1.0000 0.0000 0.0000 0.0000	</row0>
					<row1>	0.0000 1.0000 0.0000 0.0000	</row1>
					<row2>	0.0000 0.0000 1.0000 0.0000	</row2>
					<row3>	0.0495 1.1447 2.0964 1.0000	</row3>
				</transform>
			</node>
			<node>
				<identifier>	MP_HM605_Steering_wheel	</identifier>
				<transform>
					<row0>	1.0000 0.0000 0.0000 0.0000	</row0>
					<row1>	0.0000 1.0000 0.0000 0.0000	</row1>
					<row2>	0.0000 0.0000 1.0000 0.0000	</row2>
					<row3>	0.0000 0.6709 2.6663 1.0000	</row3>
				</transform>
			</node>
			<node>
				<identifier>	MP_HM606_Compass_repeater	</identifier>
				<transform>
					<row0>	1.0000 0.0000 0.0000 0.0000	</row0>
					<row1>	0.0000 1.0000 0.0000 0.0000	</row1>
					<row2>	0.0000 0.0000 1.0000 0.0000	</row2>
					<row3>	0.0343 0.6712 2.6547 1.0000	</row3>
				</transform>
			</node>
			<node>
				<identifier>	MP_HM608_Telegraph_triple	</identifier>
				<transform>
					<row0>	0.8830 0.0000 -0.4695 0.0000	</row0>
					<row1>	0.0000 1.0000 0.0000 0.0000	</row1>
					<row2>	0.4695 0.0000 0.8830 0.0000	</row2>
					<row3>	0.1035 0.6712 2.6480 1.0000	</row3>
				</transform>
			</node>
			<node>
				<identifier>	MP_HM612_Voice_Tube	</identifier>
				<transform>
					<row0>	1.0000 0.0000 0.0000 0.0000	</row0>
					<row1>	0.0000 1.0000 0.0000 0.0000	</row1>
					<row2>	0.0000 0.0000 1.0000 0.0000	</row2>
					<row3>	-0.1528 0.6710 2.6735 1.0000	</row3>
				</transform>
			</node>
			<node>
				<identifier>	MP_HM612_Voice_Tube_INDEX_1	</identifier>
				<transform>
					<row0>	-0.8666 0.0000 -0.4990 0.0000	</row0>
					<row1>	0.0000 1.0000 0.0000 0.0000	</row1>
					<row2>	0.4990 0.0000 -0.8666 0.0000	</row2>
					<row3>	-0.0236 1.1458 2.0392 1.0000	</row3>
				</transform>
			</node>
			<node>
				<identifier>	MP_HM612_Voice_Tube_INDEX_2	</identifier>
				<transform>
					<row0>	0.7071 0.0000 0.7071 0.0000	</row0>
					<row1>	0.0000 1.0000 0.0000 0.0000	</row1>
					<row2>	-0.7071 0.0000 0.7071 0.0000	</row2>
					<row3>	-0.2249 0.6710 2.6296 1.0000	</row3>
				</transform>
			</node>
			<node>
				<identifier>	MP_HM612_Voice_Tube_INDEX_3	</identifier>
				<transform>
					<row0>	-0.1568 0.0000 0.9876 0.0000	</row0>
					<row1>	0.0000 1.0000 0.0000 0.0000	</row1>
					<row2>	-0.9876 0.0000 -0.1568 0.0000	</row2>
					<row3>	-0.0559 2.3225 2.0656 1.0000	</row3>
				</transform>
			</node>
			<node>
				<identifier>	MP_HM612_Voice_Tube_INDEX_4	</identifier>
				<transform>
					<row0>	-0.1568 0.0000 -0.9876 0.0000	</row0>
					<row1>	0.0000 1.0000 0.0000 0.0000	</row1>
					<row2>	0.9876 0.0000 -0.1568 0.0000	</row2>
					<row3>	0.0552 2.3225 2.0656 1.0000	</row3>
				</transform>
			</node>
			<node>
				<identifier>	MP_HM612_Voice_Tube_INDEX_5	</identifier>
				<transform>
					<row0>	0.7071 0.0000 -0.7071 0.0000	</row0>
					<row1>	0.0000 1.0000 0.0000 0.0000	</row1>
					<row2>	0.7071 0.0000 0.7071 0.0000	</row2>
					<row3>	0.2249 0.6710 2.6296 1.0000	</row3>
				</transform>
			</node>
			<node>
				<identifier>	MP_HM612_Voice_Tube_INDEX_6	</identifier>
				<transform>
					<row0>	0.4235 0.0000 0.9059 0.0000	</row0>
					<row1>	0.0000 1.0000 0.0000 0.0000	</row1>
					<row2>	-0.9059 0.0000 0.4235 0.0000	</row2>
					<row3>	0.0347 0.8233 2.0294 1.0000	</row3>
				</transform>
			</node>
			<node>
				<identifier>	MP_HM612_Voice_Tube_INDEX_7	</identifier>
				<transform>
					<row0>	1.0000 0.0000 0.0000 0.0000	</row0>
					<row1>	0.0000 1.0000 0.0000 0.0000	</row1>
					<row2>	0.0000 0.0000 1.0000 0.0000	</row2>
					<row3>	0.1370 0.6710 2.6735 1.0000	</row3>
				</transform>
			</node>
			<node>
				<identifier>	MP_HM701_Ammunition_Box	</identifier>
				<transform>
					<row0>	0.0000 0.0138 0.9999 0.0000	</row0>
					<row1>	0.0000 0.9999 -0.0138 0.0000	</row1>
					<row2>	-1.0000 0.0000 0.0000 0.0000	</row2>
					<row3>	0.2321 0.6072 2.9308 1.0000	</row3>
				</transform>
			</node>
			<node>
				<identifier>	MP_HM701_Ammunition_Box_INDEX_1	</identifier>
				<transform>
					<row0>	0.0000 -0.0138 -0.9999 0.0000	</row0>
					<row1>	0.0000 0.9999 -0.0138 0.0000	</row1>
					<row2>	1.0000 0.0000 0.0000 0.0000	</row2>
					<row3>	-0.2321 0.6072 2.8279 1.0000	</row3>
				</transform>
			</node>
			<node>
				<identifier>	MP_HM701_Ammunition_Box_INDEX_2	</identifier>
				<transform>
					<row0>	0.5779 0.0000 0.6900 0.0000	</row0>
					<row1>	0.0000 0.9000 0.0000 0.0000	</row1>
					<row2>	-0.6900 0.0000 0.5779 0.0000	</row2>
					<row3>	-0.1587 0.4598 3.3888 1.0000	</row3>
				</transform>
			</node>
			<node>
				<identifier>	MP_HM851_Searchlight_120cm	</identifier>
				<transform>
					<row0>	1.2000 0.0000 0.0000 0.0000	</row0>
					<row1>	0.0000 1.2000 0.0000 0.0000	</row1>
					<row2>	0.0000 0.0000 1.2000 0.0000	</row2>
					<row3>	0.0000 1.6861 2.1178 1.0000	</row3>
				</transform>
			</node>
			<node>
				<identifier>	MP_HM851_Searchlight_120cm_INDEX_1	</identifier>
				<transform>
					<row0>	1.2000 0.0000 0.0000 0.0000	</row0>
					<row1>	0.0000 1.2000 0.0000 0.0000	</row1>
					<row2>	0.0000 0.0000 1.2000 0.0000	</row2>
					<row3>	0.0000 1.3088 2.1178 1.0000	</row3>
				</transform>
			</node>
			<node>
				<identifier>	MP_HM853_Signal_Lamp_R	</identifier>
				<transform>
					<row0>	1.0000 0.0000 0.0000 0.0000	</row0>
					<row1>	0.0000 1.0000 0.0000 0.0000	</row1>
					<row2>	0.0000 0.0000 1.0000 0.0000	</row2>
					<row3>	0.0000 3.3297 1.9964 1.0000	</row3>
				</transform>
			</node>
			<node>
				<identifier>	MP_HM855_Running_Light_R	</identifier>
				<transform>
					<row0>	1.0000 0.0000 0.0000 0.0000	</row0>
					<row1>	0.0000 1.0000 0.0000 0.0000	</row1>
					<row2>	0.0000 0.0000 1.0000 0.0000	</row2>
					<row3>	0.4647 0.6600 2.4382 1.0000	</row3>
				</transform>
			</node>
			<node>
				<identifier>	MP_HM856_Running_Light_L	</identifier>
				<transform>
					<row0>	1.0000 0.0000 0.0000 0.0000	</row0>
					<row1>	0.0000 1.0000 0.0000 0.0000	</row1>
					<row2>	0.0000 0.0000 1.0000 0.0000	</row2>
					<row3>	-0.4647 0.6603 2.4382 1.0000	</row3>
				</transform>
			</node>
			<node>
				<identifier>	MP_HM960_Reel	</identifier>
				<transform>
					<row0>	0.6000 0.0000 0.0000 0.0000	</row0>
					<row1>	0.0000 0.6000 0.0000 0.0000	</row1>
					<row2>	0.0000 0.0000 0.6000 0.0000	</row2>
					<row3>	-0.2357 0.4603 3.4333 1.0000	</row3>
				</transform>
			</node>
			<node>
				<identifier>	MP_HM960_Reel_INDEX_1	</identifier>
				<transform>
					<row0>	0.6000 0.0000 0.0000 0.0000	</row0>
					<row1>	0.0000 0.6000 0.0000 0.0000	</row1>
					<row2>	0.0000 0.0000 0.6000 0.0000	</row2>
					<row3>	0.2357 0.4603 3.4333 1.0000	</row3>
				</transform>
			</node>
			<node>
				<identifier>	MP_HM960_Reel_INDEX_2	</identifier>
				<transform>
					<row0>	0.6000 0.0000 0.0000 0.0000	</row0>
					<row1>	0.0000 0.6000 0.0000 0.0000	</row1>
					<row2>	0.0000 0.0000 0.6000 0.0000	</row2>
					<row3>	-0.1647 0.4605 3.5057 1.0000	</row3>
				</transform>
			</node>
			<node>
				<identifier>	MP_HM960_Reel_INDEX_3	</identifier>
				<transform>
					<row0>	0.6000 0.0000 0.0000 0.0000	</row0>
					<row1>	0.0000 0.6000 0.0000 0.0000	</row1>
					<row2>	0.0000 0.0000 0.6000 0.0000	</row2>
					<row3>	0.1647 0.4605 3.5057 1.0000	</row3>
				</transform>
			</node>
		</node>
	</node>
	<boundingBox>
		<min>	-0.0667 -0.0667 -0.0667	</min>
		<max>	0.0667 0.0667 0.0667	</max>
	</boundingBox>
</HSC003_Java_1933_MidFront_ports.visual>
