<JSC006_Furutaka_1942_Bow_ports.visual>
	<node>
		<identifier>	Scene Root	</identifier>
		<transform>
			<row0>	1.0000 0.0000 0.0000 0.0000	</row0>
			<row1>	0.0000 1.0000 0.0000 0.0000	</row1>
			<row2>	0.0000 0.0000 1.0000 0.0000	</row2>
			<row3>	0.0000 0.0000 0.0000 1.0000	</row3>
		</transform>
		<node>
			<identifier>	Bow_ports	</identifier>
			<transform>
				<row0>	1.0000 0.0000 0.0000 0.0000	</row0>
				<row1>	0.0000 1.0000 0.0000 0.0000	</row1>
				<row2>	0.0000 0.0000 1.0000 0.0000	</row2>
				<row3>	0.0000 0.0000 0.0000 1.0000	</row3>
			</transform>
			<node>
				<identifier>	HP_FX_Death_1	</identifier>
				<transform>
					<row0>	1.0000 0.0000 0.0000 0.0000	</row0>
					<row1>	0.0000 1.0000 0.0000 0.0000	</row1>
					<row2>	0.0000 0.0000 1.0000 0.0000	</row2>
					<row3>	0.0000 0.0000 3.3467 1.0000	</row3>
				</transform>
			</node>
			<node>
				<identifier>	HP_FX_Fire_1	</identifier>
				<transform>
					<row0>	1.0000 0.0000 0.0000 0.0000	</row0>
					<row1>	0.0000 1.0000 0.0000 0.0000	</row1>
					<row2>	0.0000 0.0000 1.0000 0.0000	</row2>
					<row3>	0.0000 0.3707 4.5786 1.0000	</row3>
				</transform>
			</node>
			<node>
				<identifier>	HP_FX_WakeTrace	</identifier>
				<transform>
					<row0>	1.0000 0.0000 0.0000 0.0000	</row0>
					<row1>	0.0000 1.0000 0.0000 0.0000	</row1>
					<row2>	0.0000 0.0000 1.0000 0.0000	</row2>
					<row3>	0.0000 0.0000 6.0799 1.0000	</row3>
				</transform>
			</node>
			<node>
				<identifier>	HP_JGM_1	</identifier>
				<transform>
					<row0>	1.0000 0.0000 0.0000 0.0000	</row0>
					<row1>	0.0000 1.0000 0.0000 0.0000	</row1>
					<row2>	0.0000 0.0000 1.0000 0.0000	</row2>
					<row3>	0.0000 0.4344 3.8861 1.0000	</row3>
				</transform>
			</node>
			<node>
				<identifier>	HP_Ship_death_1	</identifier>
				<transform>
					<row0>	1.0000 0.0000 0.0000 0.0000	</row0>
					<row1>	0.0000 1.0000 0.0000 0.0000	</row1>
					<row2>	0.0000 0.0000 1.0000 0.0000	</row2>
					<row3>	0.0000 0.0000 3.3467 1.0000	</row3>
				</transform>
			</node>
			<node>
				<identifier>	MP_CM004_Barbette_Out	</identifier>
				<transform>
					<row0>	1.2085 0.0000 0.0000 0.0000	</row0>
					<row1>	0.0000 1.2085 0.0000 0.0000	</row1>
					<row2>	0.0000 0.0000 1.2085 0.0000	</row2>
					<row3>	0.0000 0.4344 3.8861 1.0000	</row3>
				</transform>
			</node>
			<node>
				<identifier>	MP_CM015_Bundle_1	</identifier>
				<transform>
					<row0>	1.0000 0.0000 0.0000 0.0000	</row0>
					<row1>	0.0000 1.0000 -0.0096 0.0000	</row1>
					<row2>	0.0000 0.0096 1.0000 0.0000	</row2>
					<row3>	0.1976 0.3675 3.9677 1.0000	</row3>
				</transform>
			</node>
			<node>
				<identifier>	MP_CM023_Accommodation_Ladder_Closed	</identifier>
				<transform>
					<row0>	0.9558 -0.0041 0.2941 0.0000	</row0>
					<row1>	0.0068 0.9999 -0.0080 0.0000	</row1>
					<row2>	-0.2940 0.0096 0.9557 0.0000	</row2>
					<row3>	0.1092 0.3614 3.6219 1.0000	</row3>
				</transform>
			</node>
			<node>
				<identifier>	MP_CM035_Accommodation_Ladder_Closed_L	</identifier>
				<transform>
					<row0>	0.9238 0.0000 -0.3830 0.0000	</row0>
					<row1>	-0.0030 1.0000 -0.0072 0.0000	</row1>
					<row2>	0.3830 0.0078 0.9237 0.0000	</row2>
					<row3>	-0.0811 0.3586 3.6329 1.0000	</row3>
				</transform>
			</node>
			<node>
				<identifier>	MP_CM086_Anchor_top	</identifier>
				<transform>
					<row0>	-0.5095 -1.1174 -0.6204 0.0000	</row0>
					<row1>	0.2697 0.5589 -1.2280 0.0000	</row1>
					<row2>	1.2493 -0.5764 0.0120 0.0000	</row2>
					<row3>	0.1159 0.3679 5.8806 1.0000	</row3>
				</transform>
			</node>
			<node>
				<identifier>	MP_CM086_Anchor_top_INDEX_1	</identifier>
				<transform>
					<row0>	-0.5095 1.1174 0.6204 0.0000	</row0>
					<row1>	-0.2697 0.5589 -1.2280 0.0000	</row1>
					<row2>	-1.2493 -0.5764 0.0120 0.0000	</row2>
					<row3>	-0.1159 0.3679 5.8806 1.0000	</row3>
				</transform>
			</node>
			<node>
				<identifier>	MP_CM087_Anchor_down	</identifier>
				<transform>
					<row0>	-0.5222 -1.0931 -0.6523 0.0000	</row0>
					<row1>	0.7080 0.3365 -1.1307 0.0000	</row1>
					<row2>	1.0578 -0.7648 0.4347 0.0000	</row2>
					<row3>	0.1183 0.3648 5.8834 1.0000	</row3>
				</transform>
			</node>
			<node>
				<identifier>	MP_CM087_Anchor_down_INDEX_1	</identifier>
				<transform>
					<row0>	-0.5222 1.0931 0.6523 0.0000	</row0>
					<row1>	-0.7080 0.3365 -1.1307 0.0000	</row1>
					<row2>	-1.0578 -0.7648 0.4347 0.0000	</row2>
					<row3>	-0.1183 0.3648 5.8834 1.0000	</row3>
				</transform>
			</node>
			<node>
				<identifier>	MP_JM017_Ventilators_1	</identifier>
				<transform>
					<row0>	1.0000 0.0000 0.0000 0.0000	</row0>
					<row1>	0.0000 1.0000 0.0000 0.0000	</row1>
					<row2>	0.0000 0.0000 1.0000 0.0000	</row2>
					<row3>	0.0000 0.3689 4.3088 1.0000	</row3>
				</transform>
			</node>
			<node>
				<identifier>	MP_JM019_Ventilators_3	</identifier>
				<transform>
					<row0>	1.0000 0.0000 0.0000 0.0000	</row0>
					<row1>	0.0000 1.0000 0.0000 0.0000	</row1>
					<row2>	0.0000 0.0000 1.0000 0.0000	</row2>
					<row3>	0.0178 0.4538 5.9957 1.0000	</row3>
				</transform>
			</node>
			<node>
				<identifier>	MP_JM019_Ventilators_3_INDEX_1	</identifier>
				<transform>
					<row0>	1.0000 0.0000 0.0000 0.0000	</row0>
					<row1>	0.0000 1.0000 0.0000 0.0000	</row1>
					<row2>	0.0000 0.0000 1.0000 0.0000	</row2>
					<row3>	-0.0299 0.4557 6.0519 1.0000	</row3>
				</transform>
			</node>
			<node>
				<identifier>	MP_JM019_Ventilators_3_INDEX_2	</identifier>
				<transform>
					<row0>	1.0000 0.0000 0.0000 0.0000	</row0>
					<row1>	0.0000 1.0000 0.0000 0.0000	</row1>
					<row2>	0.0000 0.0000 1.0000 0.0000	</row2>
					<row3>	0.0165 0.4414 5.8812 1.0000	</row3>
				</transform>
			</node>
			<node>
				<identifier>	MP_JM026_Bollards	</identifier>
				<transform>
					<row0>	-0.0669 0.0000 -0.9978 0.0000	</row0>
					<row1>	0.0000 1.0000 0.0000 0.0000	</row1>
					<row2>	0.9978 0.0000 -0.0669 0.0000	</row2>
					<row3>	-0.3875 0.3548 4.0686 1.0000	</row3>
				</transform>
			</node>
			<node>
				<identifier>	MP_JM026_Bollards_INDEX_1	</identifier>
				<transform>
					<row0>	-0.1379 0.0954 0.9858 0.0000	</row0>
					<row1>	0.0125 0.9954 -0.0946 0.0000	</row1>
					<row2>	-0.9904 -0.0007 -0.1385 0.0000	</row2>
					<row3>	0.2309 0.3951 5.4077 1.0000	</row3>
				</transform>
			</node>
			<node>
				<identifier>	MP_JM026_Bollards_INDEX_2	</identifier>
				<transform>
					<row0>	-0.1379 -0.0954 -0.9858 0.0000	</row0>
					<row1>	-0.0125 0.9954 -0.0946 0.0000	</row1>
					<row2>	0.9904 -0.0007 -0.1385 0.0000	</row2>
					<row3>	-0.2309 0.3951 5.4077 1.0000	</row3>
				</transform>
			</node>
			<node>
				<identifier>	MP_JM026_Bollards_INDEX_3	</identifier>
				<transform>
					<row0>	-0.0669 0.0000 0.9978 0.0000	</row0>
					<row1>	0.0000 1.0000 0.0000 0.0000	</row1>
					<row2>	-0.9978 0.0000 -0.0669 0.0000	</row2>
					<row3>	0.3875 0.3548 4.0686 1.0000	</row3>
				</transform>
			</node>
			<node>
				<identifier>	MP_JM029_Leadsman_Platform	</identifier>
				<transform>
					<row0>	0.9705 0.0248 0.2398 0.0000	</row0>
					<row1>	-0.0030 0.9958 -0.0910 0.0000	</row1>
					<row2>	-0.2411 0.0876 0.9665 0.0000	</row2>
					<row3>	0.1862 0.4595 5.9364 1.0000	</row3>
				</transform>
			</node>
			<node>
				<identifier>	MP_JM029_Leadsman_Platform_INDEX_1	</identifier>
				<transform>
					<row0>	-0.9705 0.0248 0.2398 0.0000	</row0>
					<row1>	0.0030 0.9958 -0.0910 0.0000	</row1>
					<row2>	-0.2411 -0.0876 -0.9665 0.0000	</row2>
					<row3>	-0.1862 0.4595 5.9364 1.0000	</row3>
				</transform>
			</node>
			<node>
				<identifier>	MP_JM061_Deck_Hatch_10	</identifier>
				<transform>
					<row0>	0.0000 -0.0153 -0.9999 0.0000	</row0>
					<row1>	0.0000 0.9999 -0.0153 0.0000	</row1>
					<row2>	1.0000 0.0000 0.0000 0.0000	</row2>
					<row3>	-0.0817 0.3735 4.4048 1.0000	</row3>
				</transform>
			</node>
			<node>
				<identifier>	MP_JM061_Deck_Hatch_10_INDEX_1	</identifier>
				<transform>
					<row0>	0.0000 -0.0220 -0.9998 0.0000	</row0>
					<row1>	0.0000 0.9998 -0.0220 0.0000	</row1>
					<row2>	1.0000 0.0000 0.0000 0.0000	</row2>
					<row3>	-0.0817 0.3839 5.0048 1.0000	</row3>
				</transform>
			</node>
			<node>
				<identifier>	MP_JM078_Deck_Winch_2	</identifier>
				<transform>
					<row0>	0.0000 0.0000 0.8419 0.0000	</row0>
					<row1>	0.0000 0.8419 0.0000 0.0000	</row1>
					<row2>	-0.8419 0.0000 0.0000 0.0000	</row2>
					<row3>	0.1581 0.3718 4.1864 1.0000	</row3>
				</transform>
			</node>
			<node>
				<identifier>	MP_JM078_Deck_Winch_2_INDEX_1	</identifier>
				<transform>
					<row0>	0.0000 0.0000 0.8419 0.0000	</row0>
					<row1>	0.0000 0.8419 0.0000 0.0000	</row1>
					<row2>	-0.8420 0.0000 0.0000 0.0000	</row2>
					<row3>	-0.1581 0.3718 4.1864 1.0000	</row3>
				</transform>
			</node>
			<node>
				<identifier>	MP_JM125_Signal_Lamp_3	</identifier>
				<transform>
					<row0>	1.0000 0.0000 0.0000 0.0000	</row0>
					<row1>	0.0000 1.0000 0.0000 0.0000	</row1>
					<row2>	0.0000 0.0000 1.0000 0.0000	</row2>
					<row3>	0.0009 0.9067 6.2059 1.0000	</row3>
				</transform>
			</node>
			<node>
				<identifier>	MP_JM141_Break_Handwheel_1	</identifier>
				<transform>
					<row0>	-0.9668 0.0000 0.2554 0.0000	</row0>
					<row1>	0.0000 1.0000 0.0000 0.0000	</row1>
					<row2>	-0.2554 0.0000 -0.9668 0.0000	</row2>
					<row3>	-0.0615 0.4209 5.1313 1.0000	</row3>
				</transform>
			</node>
			<node>
				<identifier>	MP_JM141_Break_Handwheel_1_INDEX_1	</identifier>
				<transform>
					<row0>	-0.9668 0.0000 -0.2554 0.0000	</row0>
					<row1>	0.0000 1.0000 0.0000 0.0000	</row1>
					<row2>	0.2554 0.0000 -0.9668 0.0000	</row2>
					<row3>	0.0615 0.4209 5.1313 1.0000	</row3>
				</transform>
			</node>
			<node>
				<identifier>	MP_JM310_Chrysanthemum_full	</identifier>
				<transform>
					<row0>	0.7358 0.0000 0.0000 0.0000	</row0>
					<row1>	0.0000 0.7358 0.0000 0.0000	</row1>
					<row2>	0.0000 0.0000 0.7358 0.0000	</row2>
					<row3>	0.0000 0.5096 6.2209 1.0000	</row3>
				</transform>
			</node>
		</node>
	</node>
	<boundingBox>
		<min>	-0.0667 -0.0667 -0.0667	</min>
		<max>	0.0667 0.0667 0.0667	</max>
	</boundingBox>
</JSC006_Furutaka_1942_Bow_ports.visual>
