<JSC006_Furutaka_1942_Stern_ports.visual>
	<node>
		<identifier>	Scene Root	</identifier>
		<transform>
			<row0>	1.0000 0.0000 0.0000 0.0000	</row0>
			<row1>	0.0000 1.0000 0.0000 0.0000	</row1>
			<row2>	0.0000 0.0000 1.0000 0.0000	</row2>
			<row3>	0.0000 0.0000 0.0000 1.0000	</row3>
		</transform>
		<node>
			<identifier>	Stern_ports	</identifier>
			<transform>
				<row0>	1.0000 0.0000 0.0000 0.0000	</row0>
				<row1>	0.0000 1.0000 0.0000 0.0000	</row1>
				<row2>	0.0000 0.0000 1.0000 0.0000	</row2>
				<row3>	0.0000 0.0000 0.0000 1.0000	</row3>
			</transform>
			<node>
				<identifier>	HP_FX_Fire_4	</identifier>
				<transform>
					<row0>	1.0000 0.0000 0.0000 0.0000	</row0>
					<row1>	0.0000 1.0000 0.0000 0.0000	</row1>
					<row2>	0.0000 0.0000 1.0000 0.0000	</row2>
					<row3>	0.0000 0.2087 -4.7460 1.0000	</row3>
				</transform>
			</node>
			<node>
				<identifier>	HP_FX_WakeTraceBack	</identifier>
				<transform>
					<row0>	1.0000 0.0000 0.0000 0.0000	</row0>
					<row1>	0.0000 1.0000 0.0000 0.0000	</row1>
					<row2>	0.0000 0.0000 1.0000 0.0000	</row2>
					<row3>	0.0000 0.0000 -6.1100 1.0000	</row3>
				</transform>
			</node>
			<node>
				<identifier>	HP_FX_WakeTrace_screw_1	</identifier>
				<transform>
					<row0>	1.0000 0.0000 0.0000 0.0000	</row0>
					<row1>	0.0000 1.0000 0.0000 0.0000	</row1>
					<row2>	0.0000 0.0000 1.0000 0.0000	</row2>
					<row3>	-0.1778 -0.2793 -5.4019 1.0000	</row3>
				</transform>
			</node>
			<node>
				<identifier>	HP_FX_WakeTrace_screw_2	</identifier>
				<transform>
					<row0>	1.0000 0.0000 0.0000 0.0000	</row0>
					<row1>	0.0000 1.0000 0.0000 0.0000	</row1>
					<row2>	0.0000 0.0000 1.0000 0.0000	</row2>
					<row3>	-0.2962 -0.2624 -4.8457 1.0000	</row3>
				</transform>
			</node>
			<node>
				<identifier>	HP_FX_WakeTrace_screw_3	</identifier>
				<transform>
					<row0>	1.0000 0.0000 0.0000 0.0000	</row0>
					<row1>	0.0000 1.0000 0.0000 0.0000	</row1>
					<row2>	0.0000 0.0000 1.0000 0.0000	</row2>
					<row3>	0.1778 -0.2793 -5.4019 1.0000	</row3>
				</transform>
			</node>
			<node>
				<identifier>	HP_FX_WakeTrace_screw_4	</identifier>
				<transform>
					<row0>	1.0000 0.0000 0.0000 0.0000	</row0>
					<row1>	0.0000 1.0000 0.0000 0.0000	</row1>
					<row2>	0.0000 0.0000 1.0000 0.0000	</row2>
					<row3>	0.2963 -0.2612 -4.8450 1.0000	</row3>
				</transform>
			</node>
			<node>
				<identifier>	HP_Ship_death_3	</identifier>
				<transform>
					<row0>	1.0000 0.0000 0.0000 0.0000	</row0>
					<row1>	0.0000 1.0000 0.0000 0.0000	</row1>
					<row2>	0.0000 0.0000 1.0000 0.0000	</row2>
					<row3>	0.0000 0.0000 -4.1671 1.0000	</row3>
				</transform>
			</node>
			<node>
				<identifier>	MP_CM001_Propeller3_L	</identifier>
				<transform>
					<row0>	1.0000 0.0000 0.0000 0.0000	</row0>
					<row1>	0.0000 0.9990 -0.0444 0.0000	</row1>
					<row2>	0.0000 0.0444 0.9990 0.0000	</row2>
					<row3>	-0.1778 -0.2793 -5.4019 1.0000	</row3>
				</transform>
			</node>
			<node>
				<identifier>	MP_CM001_Propeller3_L_INDEX_1	</identifier>
				<transform>
					<row0>	1.0000 0.0000 0.0000 0.0000	</row0>
					<row1>	0.0000 0.9999 -0.0128 0.0000	</row1>
					<row2>	0.0000 0.0128 0.9999 0.0000	</row2>
					<row3>	-0.2962 -0.2624 -4.8457 1.0000	</row3>
				</transform>
			</node>
			<node>
				<identifier>	MP_CM005_Anchor_1	</identifier>
				<transform>
					<row0>	0.2387 0.0160 0.9710 0.0000	</row0>
					<row1>	-0.0668 0.9978 0.0000 0.0000	</row1>
					<row2>	-0.9688 -0.0648 0.2392 0.0000	</row2>
					<row3>	0.1833 0.2103 -5.9500 1.0000	</row3>
				</transform>
			</node>
			<node>
				<identifier>	MP_CM005_Anchor_1_INDEX_1	</identifier>
				<transform>
					<row0>	0.2387 -0.0160 -0.9710 0.0000	</row0>
					<row1>	0.0668 0.9978 0.0000 0.0000	</row1>
					<row2>	0.9688 -0.0648 0.2392 0.0000	</row2>
					<row3>	-0.1833 0.2103 -5.9500 1.0000	</row3>
				</transform>
			</node>
			<node>
				<identifier>	MP_CM017_Boat_Stowage_3	</identifier>
				<transform>
					<row0>	0.0000 0.0000 1.0000 0.0000	</row0>
					<row1>	0.0000 1.0000 0.0000 0.0000	</row1>
					<row2>	-1.0000 0.0000 0.0000 0.0000	</row2>
					<row3>	-0.1587 0.2263 -4.1787 1.0000	</row3>
				</transform>
			</node>
			<node>
				<identifier>	MP_CM017_Boat_Stowage_3_INDEX_1	</identifier>
				<transform>
					<row0>	0.0000 0.0000 1.0000 0.0000	</row0>
					<row1>	0.0000 1.0000 0.0000 0.0000	</row1>
					<row2>	-1.0000 0.0000 0.0000 0.0000	</row2>
					<row3>	0.1808 0.2263 -4.1787 1.0000	</row3>
				</transform>
			</node>
			<node>
				<identifier>	MP_CM032_Propeller3_R	</identifier>
				<transform>
					<row0>	1.0000 0.0000 0.0000 0.0000	</row0>
					<row1>	0.0000 0.9987 -0.0512 0.0000	</row1>
					<row2>	0.0000 0.0512 0.9987 0.0000	</row2>
					<row3>	0.1778 -0.2793 -5.4019 1.0000	</row3>
				</transform>
			</node>
			<node>
				<identifier>	MP_CM032_Propeller3_R_INDEX_1	</identifier>
				<transform>
					<row0>	1.0000 0.0000 0.0000 0.0000	</row0>
					<row1>	0.0000 0.9998 -0.0212 0.0000	</row1>
					<row2>	0.0000 0.0212 0.9998 0.0000	</row2>
					<row3>	0.2963 -0.2612 -4.8450 1.0000	</row3>
				</transform>
			</node>
			<node>
				<identifier>	MP_JM007_Life_Buoy_box	</identifier>
				<transform>
					<row0>	0.1693 0.0000 0.9856 0.0000	</row0>
					<row1>	0.0000 1.0000 0.0000 0.0000	</row1>
					<row2>	-0.9856 0.0000 0.1693 0.0000	</row2>
					<row3>	0.2566 0.2189 -5.5571 1.0000	</row3>
				</transform>
			</node>
			<node>
				<identifier>	MP_JM007_Life_Buoy_box_INDEX_1	</identifier>
				<transform>
					<row0>	0.1736 0.0000 -0.9848 0.0000	</row0>
					<row1>	0.0000 1.0000 0.0000 0.0000	</row1>
					<row2>	0.9848 0.0000 0.1736 0.0000	</row2>
					<row3>	-0.2566 0.2189 -5.5571 1.0000	</row3>
				</transform>
			</node>
			<node>
				<identifier>	MP_JM017_Ventilators_1	</identifier>
				<transform>
					<row0>	1.0000 0.0000 0.0000 0.0000	</row0>
					<row1>	0.0000 1.0000 0.0000 0.0000	</row1>
					<row2>	0.0000 0.0000 1.0000 0.0000	</row2>
					<row3>	-0.1157 0.2206 -5.3352 1.0000	</row3>
				</transform>
			</node>
			<node>
				<identifier>	MP_JM017_Ventilators_1_INDEX_1	</identifier>
				<transform>
					<row0>	1.0000 0.0000 0.0000 0.0000	</row0>
					<row1>	0.0000 1.0000 0.0000 0.0000	</row1>
					<row2>	0.0000 0.0000 1.0000 0.0000	</row2>
					<row3>	0.0982 0.2198 -5.0046 1.0000	</row3>
				</transform>
			</node>
			<node>
				<identifier>	MP_JM019_Ventilators_3	</identifier>
				<transform>
					<row0>	1.0000 0.0000 0.0000 0.0000	</row0>
					<row1>	0.0000 1.0000 0.0000 0.0000	</row1>
					<row2>	0.0000 0.0000 1.0000 0.0000	</row2>
					<row3>	0.1981 0.2216 -4.6645 1.0000	</row3>
				</transform>
			</node>
			<node>
				<identifier>	MP_JM019_Ventilators_3_INDEX_1	</identifier>
				<transform>
					<row0>	1.0000 0.0000 0.0000 0.0000	</row0>
					<row1>	0.0000 1.0000 0.0000 0.0000	</row1>
					<row2>	0.0000 0.0000 1.0000 0.0000	</row2>
					<row3>	-0.1981 0.2216 -4.6645 1.0000	</row3>
				</transform>
			</node>
			<node>
				<identifier>	MP_JM026_Bollards	</identifier>
				<transform>
					<row0>	0.1695 0.0000 0.9855 0.0000	</row0>
					<row1>	0.0000 1.0000 0.0000 0.0000	</row1>
					<row2>	-0.9855 0.0000 0.1695 0.0000	</row2>
					<row3>	0.2473 0.2086 -5.4323 1.0000	</row3>
				</transform>
			</node>
			<node>
				<identifier>	MP_JM026_Bollards_INDEX_1	</identifier>
				<transform>
					<row0>	-0.1343 0.0000 0.6532 0.0000	</row0>
					<row1>	0.0000 0.6669 0.0000 0.0000	</row1>
					<row2>	-0.6533 0.0000 -0.1343 0.0000	</row2>
					<row3>	-0.2136 0.2121 -5.6886 1.0000	</row3>
				</transform>
			</node>
			<node>
				<identifier>	MP_JM026_Bollards_INDEX_2	</identifier>
				<transform>
					<row0>	0.1343 0.0000 0.6532 0.0000	</row0>
					<row1>	0.0000 0.6669 0.0000 0.0000	</row1>
					<row2>	-0.6532 0.0000 0.1343 0.0000	</row2>
					<row3>	0.2135 0.2121 -5.6886 1.0000	</row3>
				</transform>
			</node>
			<node>
				<identifier>	MP_JM026_Bollards_INDEX_3	</identifier>
				<transform>
					<row0>	0.1695 0.0000 -0.9855 0.0000	</row0>
					<row1>	0.0000 1.0000 0.0000 0.0000	</row1>
					<row2>	0.9855 0.0000 0.1695 0.0000	</row2>
					<row3>	-0.2473 0.2086 -5.4323 1.0000	</row3>
				</transform>
			</node>
			<node>
				<identifier>	MP_JM027_Fairlead_2	</identifier>
				<transform>
					<row0>	0.9934 0.0000 -0.1148 0.0000	</row0>
					<row1>	0.0000 1.0000 0.0000 0.0000	</row1>
					<row2>	0.1148 0.0000 0.9934 0.0000	</row2>
					<row3>	0.3679 0.2304 -4.7886 1.0000	</row3>
				</transform>
			</node>
			<node>
				<identifier>	MP_JM027_Fairlead_2_INDEX_1	</identifier>
				<transform>
					<row0>	0.9934 0.0000 0.1148 0.0000	</row0>
					<row1>	0.0000 1.0000 0.0000 0.0000	</row1>
					<row2>	-0.1148 0.0000 0.9934 0.0000	</row2>
					<row3>	-0.3679 0.2304 -4.7886 1.0000	</row3>
				</transform>
			</node>
			<node>
				<identifier>	MP_JM037_Cutter_9m	</identifier>
				<transform>
					<row0>	0.0000 0.0000 -1.0000 0.0000	</row0>
					<row1>	0.0126 0.9999 0.0000 0.0000	</row1>
					<row2>	0.9999 -0.0126 0.0000 0.0000	</row2>
					<row3>	0.0000 0.2355 -4.1770 1.0000	</row3>
				</transform>
			</node>
			<node>
				<identifier>	MP_JM043_Screen_Smoke	</identifier>
				<transform>
					<row0>	-0.9659 0.0000 0.2588 0.0000	</row0>
					<row1>	0.0000 1.0000 0.0000 0.0000	</row1>
					<row2>	-0.2588 0.0000 -0.9659 0.0000	</row2>
					<row3>	-0.0714 0.2228 -6.0546 1.0000	</row3>
				</transform>
			</node>
			<node>
				<identifier>	MP_JM043_Screen_Smoke_INDEX_1	</identifier>
				<transform>
					<row0>	0.3238 0.0000 -0.9461 0.0000	</row0>
					<row1>	0.0000 1.0000 0.0000 0.0000	</row1>
					<row2>	0.9461 0.0000 0.3238 0.0000	</row2>
					<row3>	0.1160 0.2228 -6.0076 1.0000	</row3>
				</transform>
			</node>
			<node>
				<identifier>	MP_JM043_Screen_Smoke_INDEX_2	</identifier>
				<transform>
					<row0>	0.3238 0.0000 -0.9461 0.0000	</row0>
					<row1>	0.0000 1.0000 0.0000 0.0000	</row1>
					<row2>	0.9461 0.0000 0.3238 0.0000	</row2>
					<row3>	0.0714 0.2228 -6.0546 1.0000	</row3>
				</transform>
			</node>
			<node>
				<identifier>	MP_JM043_Screen_Smoke_INDEX_3	</identifier>
				<transform>
					<row0>	-0.8660 0.0000 0.5000 0.0000	</row0>
					<row1>	0.0000 1.0000 0.0000 0.0000	</row1>
					<row2>	-0.5000 0.0000 -0.8660 0.0000	</row2>
					<row3>	-0.1160 0.2228 -6.0076 1.0000	</row3>
				</transform>
			</node>
			<node>
				<identifier>	MP_JM044_After_Capstan	</identifier>
				<transform>
					<row0>	1.0000 0.0000 0.0000 0.0000	</row0>
					<row1>	0.0000 1.0000 0.0000 0.0000	</row1>
					<row2>	0.0000 0.0000 1.0000 0.0000	</row2>
					<row3>	0.0000 0.2223 -5.1277 1.0000	</row3>
				</transform>
			</node>
			<node>
				<identifier>	MP_JM059_Deck_Hatch_8	</identifier>
				<transform>
					<row0>	0.0000 0.0000 -1.0000 0.0000	</row0>
					<row1>	0.0000 1.0000 0.0000 0.0000	</row1>
					<row2>	1.0000 0.0000 0.0000 0.0000	</row2>
					<row3>	0.0895 0.2226 -5.6872 1.0000	</row3>
				</transform>
			</node>
			<node>
				<identifier>	MP_JM061_Deck_Hatch_10	</identifier>
				<transform>
					<row0>	0.0000 -0.0037 1.0000 0.0000	</row0>
					<row1>	0.0000 1.0000 0.0037 0.0000	</row1>
					<row2>	-1.0000 0.0000 0.0000 0.0000	</row2>
					<row3>	0.0095 0.2234 -4.4894 1.0000	</row3>
				</transform>
			</node>
			<node>
				<identifier>	MP_JM061_Deck_Hatch_10_INDEX_1	</identifier>
				<transform>
					<row0>	0.0000 -0.0037 1.0000 0.0000	</row0>
					<row1>	0.0000 1.0000 0.0037 0.0000	</row1>
					<row2>	-1.0000 0.0000 0.0000 0.0000	</row2>
					<row3>	0.0644 0.2234 -5.5351 1.0000	</row3>
				</transform>
			</node>
			<node>
				<identifier>	MP_JM078_Deck_Winch_2	</identifier>
				<transform>
					<row0>	0.0000 0.0000 -0.8419 0.0000	</row0>
					<row1>	0.0000 0.8419 0.0000 0.0000	</row1>
					<row2>	0.8419 0.0000 0.0000 0.0000	</row2>
					<row3>	-0.1581 0.2270 -4.4526 1.0000	</row3>
				</transform>
			</node>
			<node>
				<identifier>	MP_JM078_Deck_Winch_2_INDEX_1	</identifier>
				<transform>
					<row0>	0.0000 0.0000 -0.8419 0.0000	</row0>
					<row1>	0.0000 0.8419 0.0000 0.0000	</row1>
					<row2>	0.8420 0.0000 0.0000 0.0000	</row2>
					<row3>	0.1581 0.2270 -4.3111 1.0000	</row3>
				</transform>
			</node>
			<node>
				<identifier>	MP_JM117_Crew_Exercise_Machine	</identifier>
				<transform>
					<row0>	-1.0000 0.0000 0.0000 0.0000	</row0>
					<row1>	0.0000 1.0000 0.0000 0.0000	</row1>
					<row2>	0.0000 0.0000 -1.0000 0.0000	</row2>
					<row3>	0.0047 0.2248 -4.6696 1.0000	</row3>
				</transform>
			</node>
			<node>
				<identifier>	MP_JM125_Signal_Lamp_3	</identifier>
				<transform>
					<row0>	1.0000 0.0000 0.0000 0.0000	</row0>
					<row1>	0.0000 1.0000 0.0000 0.0000	</row1>
					<row2>	0.0000 0.0000 1.0000 0.0000	</row2>
					<row3>	0.0007 0.5211 -6.1120 1.0000	</row3>
				</transform>
			</node>
			<node>
				<identifier>	MP_JM170_CraneL	</identifier>
				<transform>
					<row0>	0.9812 0.0000 0.1932 0.0000	</row0>
					<row1>	0.0000 1.0000 0.0000 0.0000	</row1>
					<row2>	-0.1932 0.0000 0.9812 0.0000	</row2>
					<row3>	-0.2029 0.1975 -5.8560 1.0000	</row3>
				</transform>
			</node>
			<node>
				<identifier>	MP_JM171_CraneR	</identifier>
				<transform>
					<row0>	0.9812 0.0000 -0.1932 0.0000	</row0>
					<row1>	0.0000 1.0000 0.0000 0.0000	</row1>
					<row2>	0.1932 0.0000 0.9812 0.0000	</row2>
					<row3>	0.2029 0.1975 -5.8560 1.0000	</row3>
				</transform>
			</node>
		</node>
	</node>
	<boundingBox>
		<min>	-0.0667 -0.0667 -0.0667	</min>
		<max>	0.0667 0.0667 0.0667	</max>
	</boundingBox>
</JSC006_Furutaka_1942_Stern_ports.visual>
