<ZSC002_Huang_he_1951_MidFront_ports.visual>
	<node>
		<identifier>	Scene Root	</identifier>
		<transform>
			<row0>	1.0000 0.0000 0.0000 0.0000	</row0>
			<row1>	0.0000 1.0000 0.0000 0.0000	</row1>
			<row2>	0.0000 0.0000 1.0000 0.0000	</row2>
			<row3>	0.0000 0.0000 0.0000 1.0000	</row3>
		</transform>
		<node>
			<identifier>	MidFront_ports	</identifier>
			<transform>
				<row0>	1.0000 0.0000 0.0000 0.0000	</row0>
				<row1>	0.0000 1.0000 0.0000 0.0000	</row1>
				<row2>	0.0000 0.0000 1.0000 0.0000	</row2>
				<row3>	0.0000 0.0000 0.0000 1.0000	</row3>
			</transform>
			<node>
				<identifier>	HP_FX_Death_2	</identifier>
				<transform>
					<row0>	1.0000 0.0000 0.0000 0.0000	</row0>
					<row1>	0.0000 1.0000 0.0000 0.0000	</row1>
					<row2>	0.0000 0.0000 1.0000 0.0000	</row2>
					<row3>	0.0000 0.0000 -0.0199 1.0000	</row3>
				</transform>
			</node>
			<node>
				<identifier>	HP_FX_Fire_2	</identifier>
				<transform>
					<row0>	1.0000 0.0000 0.0000 0.0000	</row0>
					<row1>	0.0000 1.0000 0.0000 0.0000	</row1>
					<row2>	0.0000 0.0000 1.0000 0.0000	</row2>
					<row3>	0.0000 0.9603 1.8033 1.0000	</row3>
				</transform>
			</node>
			<node>
				<identifier>	HP_FX_Fire_2_side_1	</identifier>
				<transform>
					<row0>	1.0000 0.0000 0.0000 0.0000	</row0>
					<row1>	0.0000 1.0000 0.0000 0.0000	</row1>
					<row2>	0.0000 0.0000 1.0000 0.0000	</row2>
					<row3>	0.3761 0.4504 0.9602 1.0000	</row3>
				</transform>
			</node>
			<node>
				<identifier>	HP_FX_FloodLight_left_2	</identifier>
				<transform>
					<row0>	-1.0000 0.0000 0.0000 0.0000	</row0>
					<row1>	0.0000 1.0000 0.0000 0.0000	</row1>
					<row2>	0.0000 0.0000 -1.0000 0.0000	</row2>
					<row3>	-0.2090 0.7350 1.8870 1.0000	</row3>
				</transform>
			</node>
			<node>
				<identifier>	HP_FX_FloodLight_right_2	</identifier>
				<transform>
					<row0>	1.0000 0.0000 0.0000 0.0000	</row0>
					<row1>	0.0000 1.0000 0.0000 0.0000	</row1>
					<row2>	0.0000 0.0000 1.0000 0.0000	</row2>
					<row3>	0.2110 0.7450 1.8890 1.0000	</row3>
				</transform>
			</node>
			<node>
				<identifier>	HP_FX_Flood_steam_1	</identifier>
				<transform>
					<row0>	1.0000 0.0000 0.0000 0.0000	</row0>
					<row1>	0.0000 0.9825 -0.1861 0.0000	</row1>
					<row2>	0.0000 0.1861 0.9825 0.0000	</row2>
					<row3>	-0.0010 1.1763 0.3433 1.0000	</row3>
				</transform>
			</node>
			<node>
				<identifier>	HP_FX_Flood_steam_left	</identifier>
				<transform>
					<row0>	-1.0000 0.0000 0.0000 0.0000	</row0>
					<row1>	0.0000 1.0000 0.0000 0.0000	</row1>
					<row2>	0.0000 0.0000 -1.0000 0.0000	</row2>
					<row3>	-0.4720 0.3670 2.3620 1.0000	</row3>
				</transform>
			</node>
			<node>
				<identifier>	HP_FX_Flood_water_left_3	</identifier>
				<transform>
					<row0>	-1.0000 0.0000 0.0000 0.0000	</row0>
					<row1>	0.0000 1.0000 0.0000 0.0000	</row1>
					<row2>	0.0000 0.0000 -1.0000 0.0000	</row2>
					<row3>	-0.3900 0.0620 2.7320 1.0000	</row3>
				</transform>
			</node>
			<node>
				<identifier>	HP_FX_Flood_water_right_3	</identifier>
				<transform>
					<row0>	1.0000 0.0000 0.0000 0.0000	</row0>
					<row1>	0.0000 1.0000 0.0000 0.0000	</row1>
					<row2>	0.0000 0.0000 1.0000 0.0000	</row2>
					<row3>	0.3950 0.0640 2.7250 1.0000	</row3>
				</transform>
			</node>
			<node>
				<identifier>	HP_FX_Smoke_1	</identifier>
				<transform>
					<row0>	1.0000 0.0000 0.0000 0.0000	</row0>
					<row1>	0.0000 1.0000 0.0000 0.0000	</row1>
					<row2>	0.0000 0.0000 1.0000 0.0000	</row2>
					<row3>	0.0000 1.1554 0.4584 1.0000	</row3>
				</transform>
			</node>
			<node>
				<identifier>	HP_Flagpole	</identifier>
				<transform>
					<row0>	0.0000 0.0000 0.5263 0.0000	</row0>
					<row1>	0.0000 0.5263 0.0000 0.0000	</row1>
					<row2>	-0.5263 0.0000 0.0000 0.0000	</row2>
					<row3>	0.0140 1.6442 1.1267 1.0000	</row3>
				</transform>
			</node>
			<node>
				<identifier>	HP_ZD_1	</identifier>
				<transform>
					<row0>	0.0000 0.0000 1.0000 0.0000	</row0>
					<row1>	0.0000 1.0000 0.0000 0.0000	</row1>
					<row2>	-1.0000 0.0000 0.0000 0.0000	</row2>
					<row3>	-0.1826 0.7431 1.7777 1.0000	</row3>
				</transform>
			</node>
			<node>
				<identifier>	HP_ZD_2	</identifier>
				<transform>
					<row0>	0.0000 0.0000 -1.0000 0.0000	</row0>
					<row1>	0.0000 1.0000 0.0000 0.0000	</row1>
					<row2>	1.0000 0.0000 0.0000 0.0000	</row2>
					<row3>	0.1826 0.7431 1.7777 1.0000	</row3>
				</transform>
			</node>
			<node>
				<identifier>	HP_ZD_3	</identifier>
				<transform>
					<row0>	1.0000 0.0000 0.0000 0.0000	</row0>
					<row1>	0.0000 1.0000 0.0000 0.0000	</row1>
					<row2>	0.0000 0.0000 1.0000 0.0000	</row2>
					<row3>	-0.1812 0.7366 1.7191 1.0000	</row3>
				</transform>
			</node>
			<node>
				<identifier>	HP_ZD_4	</identifier>
				<transform>
					<row0>	1.0000 0.0000 0.0000 0.0000	</row0>
					<row1>	0.0000 1.0000 0.0000 0.0000	</row1>
					<row2>	0.0000 0.0000 1.0000 0.0000	</row2>
					<row3>	0.1812 0.7366 1.7191 1.0000	</row3>
				</transform>
			</node>
			<node>
				<identifier>	HP_ZD_5	</identifier>
				<transform>
					<row0>	-0.4226 0.0000 0.9063 0.0000	</row0>
					<row1>	0.0000 1.0000 0.0000 0.0000	</row1>
					<row2>	-0.9063 0.0000 -0.4226 0.0000	</row2>
					<row3>	-0.1460 0.9040 1.6039 1.0000	</row3>
				</transform>
			</node>
			<node>
				<identifier>	HP_ZD_6	</identifier>
				<transform>
					<row0>	-0.4226 0.0000 -0.9063 0.0000	</row0>
					<row1>	0.0000 1.0000 0.0000 0.0000	</row1>
					<row2>	0.9063 0.0000 -0.4226 0.0000	</row2>
					<row3>	0.1460 0.9040 1.6039 1.0000	</row3>
				</transform>
			</node>
			<node>
				<identifier>	HP_ZF_1	</identifier>
				<transform>
					<row0>	1.0000 0.0000 0.0000 0.0000	</row0>
					<row1>	0.0000 1.0000 0.0000 0.0000	</row1>
					<row2>	0.0000 0.0000 1.0000 0.0000	</row2>
					<row3>	0.0000 1.0418 1.6018 1.0000	</row3>
				</transform>
			</node>
			<node>
				<identifier>	HP_ZF_2	</identifier>
				<transform>
					<row0>	0.0000 0.0000 1.0000 0.0000	</row0>
					<row1>	0.0000 1.0000 0.0000 0.0000	</row1>
					<row2>	-1.0000 0.0000 0.0000 0.0000	</row2>
					<row3>	-0.3256 0.6881 0.4231 1.0000	</row3>
				</transform>
			</node>
			<node>
				<identifier>	HP_ZF_3	</identifier>
				<transform>
					<row0>	0.0000 0.0000 -1.0000 0.0000	</row0>
					<row1>	0.0000 1.0000 0.0000 0.0000	</row1>
					<row2>	1.0000 0.0000 0.0000 0.0000	</row2>
					<row3>	0.3256 0.6881 0.4231 1.0000	</row3>
				</transform>
			</node>
			<node>
				<identifier>	HP_ZGA_1	</identifier>
				<transform>
					<row0>	0.0000 0.0000 1.0000 0.0000	</row0>
					<row1>	0.0000 1.0000 0.0000 0.0000	</row1>
					<row2>	-1.0000 0.0000 0.0000 0.0000	</row2>
					<row3>	-0.3006 0.5716 1.4857 1.0000	</row3>
				</transform>
			</node>
			<node>
				<identifier>	HP_ZGA_2	</identifier>
				<transform>
					<row0>	0.0000 0.0000 -1.0000 0.0000	</row0>
					<row1>	0.0000 1.0000 0.0000 0.0000	</row1>
					<row2>	1.0000 0.0000 0.0000 0.0000	</row2>
					<row3>	0.3006 0.5716 1.4857 1.0000	</row3>
				</transform>
			</node>
			<node>
				<identifier>	HP_ZGA_3	</identifier>
				<transform>
					<row0>	-0.3420 0.0000 0.9397 0.0000	</row0>
					<row1>	0.0000 1.0000 0.0000 0.0000	</row1>
					<row2>	-0.9397 0.0000 -0.3420 0.0000	</row2>
					<row3>	-0.3688 0.4005 1.3802 1.0000	</row3>
				</transform>
			</node>
			<node>
				<identifier>	HP_ZGA_4	</identifier>
				<transform>
					<row0>	-0.3420 0.0000 -0.9397 0.0000	</row0>
					<row1>	0.0000 1.0000 0.0000 0.0000	</row1>
					<row2>	0.9397 0.0000 -0.3420 0.0000	</row2>
					<row3>	0.3688 0.4005 1.3802 1.0000	</row3>
				</transform>
			</node>
			<node>
				<identifier>	HP_ZGA_5	</identifier>
				<transform>
					<row0>	0.0000 0.0000 1.0000 0.0000	</row0>
					<row1>	0.0000 1.0000 0.0000 0.0000	</row1>
					<row2>	-1.0000 0.0000 0.0000 0.0000	</row2>
					<row3>	-0.2047 0.5546 0.9870 1.0000	</row3>
				</transform>
			</node>
			<node>
				<identifier>	HP_ZGA_6	</identifier>
				<transform>
					<row0>	0.0000 0.0000 -1.0000 0.0000	</row0>
					<row1>	0.0000 1.0000 0.0000 0.0000	</row1>
					<row2>	1.0000 0.0000 0.0000 0.0000	</row2>
					<row3>	0.2047 0.5546 0.9870 1.0000	</row3>
				</transform>
			</node>
			<node>
				<identifier>	HP_ZGM_2	</identifier>
				<transform>
					<row0>	1.0000 0.0000 0.0000 0.0000	</row0>
					<row1>	0.0000 1.0000 0.0000 0.0000	</row1>
					<row2>	0.0000 0.0000 1.0000 0.0000	</row2>
					<row3>	0.0000 0.6619 2.7117 1.0000	</row3>
				</transform>
			</node>
			<node>
				<identifier>	HP_ZRS_1	</identifier>
				<transform>
					<row0>	1.0000 0.0000 0.0000 0.0000	</row0>
					<row1>	0.0000 1.0000 0.0000 0.0000	</row1>
					<row2>	0.0000 0.0000 1.0000 0.0000	</row2>
					<row3>	0.0000 1.3469 1.5508 1.0000	</row3>
				</transform>
			</node>
			<node>
				<identifier>	HP_ZRS_2	</identifier>
				<transform>
					<row0>	1.0000 0.0000 0.0000 0.0000	</row0>
					<row1>	0.0000 1.0000 0.0000 0.0000	</row1>
					<row2>	0.0000 0.0000 1.0000 0.0000	</row2>
					<row3>	-0.0865 1.3469 1.3974 1.0000	</row3>
				</transform>
			</node>
			<node>
				<identifier>	HP_ZRS_3	</identifier>
				<transform>
					<row0>	0.0000 0.0000 -1.0000 0.0000	</row0>
					<row1>	0.0000 1.0000 0.0000 0.0000	</row1>
					<row2>	1.0000 0.0000 0.0000 0.0000	</row2>
					<row3>	0.0865 1.3507 1.3974 1.0000	</row3>
				</transform>
			</node>
			<node>
				<identifier>	HP_ZRS_4	</identifier>
				<transform>
					<row0>	1.0000 0.0000 0.0000 0.0000	</row0>
					<row1>	0.0000 1.0000 0.0000 0.0000	</row1>
					<row2>	0.0000 0.0000 1.0000 0.0000	</row2>
					<row3>	0.0000 1.5675 1.3630 1.0000	</row3>
				</transform>
			</node>
			<node>
				<identifier>	HP_ZRS_5	</identifier>
				<transform>
					<row0>	1.0000 0.0000 0.0000 0.0000	</row0>
					<row1>	0.0000 1.0000 0.0000 0.0000	</row1>
					<row2>	0.0000 0.0000 1.0000 0.0000	</row2>
					<row3>	0.0000 1.6605 1.1995 1.0000	</row3>
				</transform>
			</node>
			<node>
				<identifier>	HP_flag_1	</identifier>
				<transform>
					<row0>	0.9987 -0.0516 -0.0057 0.0000	</row0>
					<row1>	0.0516 0.9743 0.2195 0.0000	</row1>
					<row2>	-0.0057 -0.2195 0.9756 0.0000	</row2>
					<row3>	0.1572 1.4158 1.2949 1.0000	</row3>
				</transform>
			</node>
			<node>
				<identifier>	HP_flag_2	</identifier>
				<transform>
					<row0>	0.9987 0.0516 0.0057 0.0000	</row0>
					<row1>	-0.0516 0.9743 0.2195 0.0000	</row1>
					<row2>	0.0057 -0.2195 0.9756 0.0000	</row2>
					<row3>	-0.1572 1.4158 1.2949 1.0000	</row3>
				</transform>
			</node>
			<node>
				<identifier>	HP_flag_3	</identifier>
				<transform>
					<row0>	0.9997 -0.0225 -0.0025 0.0000	</row0>
					<row1>	0.0225 0.9753 0.2197 0.0000	</row1>
					<row2>	-0.0025 -0.2197 0.9756 0.0000	</row2>
					<row3>	0.1139 1.4147 1.2947 1.0000	</row3>
				</transform>
			</node>
			<node>
				<identifier>	HP_flag_4	</identifier>
				<transform>
					<row0>	0.9997 0.0225 0.0025 0.0000	</row0>
					<row1>	-0.0225 0.9753 0.2197 0.0000	</row1>
					<row2>	0.0025 -0.2197 0.9756 0.0000	</row2>
					<row3>	-0.1151 1.4146 1.2947 1.0000	</row3>
				</transform>
			</node>
			<node>
				<identifier>	HP_flag_courtesy	</identifier>
				<transform>
					<row0>	0.9999 0.0113 -0.0005 0.0000	</row0>
					<row1>	-0.0113 0.9966 -0.0816 0.0000	</row1>
					<row2>	-0.0005 0.0816 0.9967 0.0000	</row2>
					<row3>	0.2242 1.5515 1.3279 1.0000	</row3>
				</transform>
			</node>
			<node>
				<identifier>	HP_flag_house	</identifier>
				<transform>
					<row0>	0.9999 -0.0113 0.0005 0.0000	</row0>
					<row1>	0.0113 0.9966 -0.0816 0.0000	</row1>
					<row2>	0.0005 0.0816 0.9967 0.0000	</row2>
					<row3>	-0.2242 1.5515 1.3279 1.0000	</row3>
				</transform>
			</node>
			<node>
				<identifier>	HP_flag_nation	</identifier>
				<transform>
					<row0>	0.9972 0.0744 -0.0018 0.0000	</row0>
					<row1>	-0.0744 0.9960 -0.0485 0.0000	</row1>
					<row2>	-0.0018 0.0485 0.9988 0.0000	</row2>
					<row3>	-0.0007 1.6478 1.0705 1.0000	</row3>
				</transform>
			</node>
			<node>
				<identifier>	HP_flag_rank	</identifier>
				<transform>
					<row0>	0.9972 0.0744 -0.0018 0.0000	</row0>
					<row1>	-0.0744 0.9960 -0.0485 0.0000	</row1>
					<row2>	-0.0018 0.0485 0.9988 0.0000	</row2>
					<row3>	0.0133 1.4600 1.0796 1.0000	</row3>
				</transform>
			</node>
			<node>
				<identifier>	MP_CM011_Fire_Fighting_Gear	</identifier>
				<transform>
					<row0>	0.6693 0.0000 0.7430 0.0000	</row0>
					<row1>	0.0000 1.0000 0.0000 0.0000	</row1>
					<row2>	-0.7430 0.0000 0.6693 0.0000	</row2>
					<row3>	0.2370 0.3981 1.5173 1.0000	</row3>
				</transform>
			</node>
			<node>
				<identifier>	MP_CM011_Fire_Fighting_Gear_INDEX_1	</identifier>
				<transform>
					<row0>	0.0000 0.0000 -1.0000 0.0000	</row0>
					<row1>	0.0000 1.0000 0.0000 0.0000	</row1>
					<row2>	1.0000 0.0000 0.0000 0.0000	</row2>
					<row3>	-0.2221 0.2396 1.2327 1.0000	</row3>
				</transform>
			</node>
			<node>
				<identifier>	MP_CM011_Fire_Fighting_Gear_INDEX_2	</identifier>
				<transform>
					<row0>	0.4226 0.0000 -0.9063 0.0000	</row0>
					<row1>	0.0000 1.0000 0.0000 0.0000	</row1>
					<row2>	0.9063 0.0000 0.4226 0.0000	</row2>
					<row3>	-0.1560 0.5735 1.5140 1.0000	</row3>
				</transform>
			</node>
			<node>
				<identifier>	MP_CM011_Fire_Fighting_Gear_INDEX_3	</identifier>
				<transform>
					<row0>	0.4226 0.0000 0.9063 0.0000	</row0>
					<row1>	0.0000 1.0000 0.0000 0.0000	</row1>
					<row2>	-0.9063 0.0000 0.4226 0.0000	</row2>
					<row3>	0.1560 0.5735 1.5140 1.0000	</row3>
				</transform>
			</node>
			<node>
				<identifier>	MP_CM011_Fire_Fighting_Gear_INDEX_4	</identifier>
				<transform>
					<row0>	0.0000 0.0000 -1.0000 0.0000	</row0>
					<row1>	0.0000 1.0000 0.0000 0.0000	</row1>
					<row2>	1.0000 0.0000 0.0000 0.0000	</row2>
					<row3>	-0.1908 0.2396 0.1584 1.0000	</row3>
				</transform>
			</node>
			<node>
				<identifier>	MP_CM011_Fire_Fighting_Gear_INDEX_5	</identifier>
				<transform>
					<row0>	1.0000 0.0000 0.0000 0.0000	</row0>
					<row1>	0.0000 1.0000 0.0000 0.0000	</row1>
					<row2>	0.0000 0.0000 1.0000 0.0000	</row2>
					<row3>	-0.2087 0.3981 1.4945 1.0000	</row3>
				</transform>
			</node>
			<node>
				<identifier>	MP_CM011_Fire_Fighting_Gear_INDEX_6	</identifier>
				<transform>
					<row0>	0.0000 0.0000 1.0000 0.0000	</row0>
					<row1>	0.0000 1.0000 0.0000 0.0000	</row1>
					<row2>	-1.0000 0.0000 0.0000 0.0000	</row2>
					<row3>	0.1908 0.2396 0.1584 1.0000	</row3>
				</transform>
			</node>
			<node>
				<identifier>	MP_CM011_Fire_Fighting_Gear_INDEX_7	</identifier>
				<transform>
					<row0>	-0.5735 0.0000 0.8192 0.0000	</row0>
					<row1>	0.0000 1.0000 0.0000 0.0000	</row1>
					<row2>	-0.8192 0.0000 -0.5735 0.0000	</row2>
					<row3>	0.2941 0.4025 2.7219 1.0000	</row3>
				</transform>
			</node>
			<node>
				<identifier>	MP_CM011_Fire_Fighting_Gear_INDEX_8	</identifier>
				<transform>
					<row0>	-0.5735 0.0000 -0.8192 0.0000	</row0>
					<row1>	0.0000 1.0000 0.0000 0.0000	</row1>
					<row2>	0.8192 0.0000 -0.5735 0.0000	</row2>
					<row3>	-0.2941 0.4025 2.7219 1.0000	</row3>
				</transform>
			</node>
			<node>
				<identifier>	MP_CM011_Fire_Fighting_Gear_INDEX_9	</identifier>
				<transform>
					<row0>	0.0000 0.0000 1.0000 0.0000	</row0>
					<row1>	0.0000 1.0000 0.0000 0.0000	</row1>
					<row2>	-1.0000 0.0000 0.0000 0.0000	</row2>
					<row3>	0.2221 0.2396 1.2327 1.0000	</row3>
				</transform>
			</node>
			<node>
				<identifier>	MP_CM012_Fire_Hose_Rack_1	</identifier>
				<transform>
					<row0>	-0.8192 0.0000 -0.5735 0.0000	</row0>
					<row1>	0.0000 1.0000 0.0000 0.0000	</row1>
					<row2>	0.5735 0.0000 -0.8192 0.0000	</row2>
					<row3>	0.2739 0.4537 2.7390 1.0000	</row3>
				</transform>
			</node>
			<node>
				<identifier>	MP_CM012_Fire_Hose_Rack_1_INDEX_1	</identifier>
				<transform>
					<row0>	0.9268 0.0000 0.3756 0.0000	</row0>
					<row1>	0.0001 1.0000 -0.0002 0.0000	</row1>
					<row2>	-0.3756 0.0002 0.9268 0.0000	</row2>
					<row3>	-0.1562 0.6645 1.5312 1.0000	</row3>
				</transform>
			</node>
			<node>
				<identifier>	MP_CM012_Fire_Hose_Rack_1_INDEX_2	</identifier>
				<transform>
					<row0>	0.8192 0.0000 -0.5735 0.0000	</row0>
					<row1>	0.0000 1.0000 0.0000 0.0000	</row1>
					<row2>	0.5735 0.0000 0.8192 0.0000	</row2>
					<row3>	-0.2739 0.4537 2.7390 1.0000	</row3>
				</transform>
			</node>
			<node>
				<identifier>	MP_CM012_Fire_Hose_Rack_1_INDEX_3	</identifier>
				<transform>
					<row0>	-1.0000 0.0000 0.0000 0.0000	</row0>
					<row1>	0.0000 1.0000 0.0000 0.0000	</row1>
					<row2>	0.0000 0.0000 -1.0000 0.0000	</row2>
					<row3>	0.2165 0.3112 1.2305 1.0000	</row3>
				</transform>
			</node>
			<node>
				<identifier>	MP_CM012_Fire_Hose_Rack_1_INDEX_4	</identifier>
				<transform>
					<row0>	-0.9268 0.0000 0.3756 0.0000	</row0>
					<row1>	0.0000 1.0000 0.0002 0.0000	</row1>
					<row2>	-0.3756 0.0002 -0.9268 0.0000	</row2>
					<row3>	0.1562 0.6645 1.5312 1.0000	</row3>
				</transform>
			</node>
			<node>
				<identifier>	MP_CM012_Fire_Hose_Rack_1_INDEX_5	</identifier>
				<transform>
					<row0>	0.0000 0.0000 1.0000 0.0000	</row0>
					<row1>	0.0000 1.0000 0.0000 0.0000	</row1>
					<row2>	-1.0000 0.0000 0.0000 0.0000	</row2>
					<row3>	0.1818 0.4537 1.5019 1.0000	</row3>
				</transform>
			</node>
			<node>
				<identifier>	MP_CM012_Fire_Hose_Rack_1_INDEX_6	</identifier>
				<transform>
					<row0>	-1.0000 0.0000 0.0000 0.0000	</row0>
					<row1>	0.0000 1.0000 0.0000 0.0000	</row1>
					<row2>	0.0000 0.0000 -1.0000 0.0000	</row2>
					<row3>	0.1851 0.3112 0.1562 1.0000	</row3>
				</transform>
			</node>
			<node>
				<identifier>	MP_CM012_Fire_Hose_Rack_1_INDEX_7	</identifier>
				<transform>
					<row0>	1.0000 0.0000 0.0000 0.0000	</row0>
					<row1>	0.0000 1.0000 0.0000 0.0000	</row1>
					<row2>	0.0000 0.0000 1.0000 0.0000	</row2>
					<row3>	-0.2165 0.3112 1.2305 1.0000	</row3>
				</transform>
			</node>
			<node>
				<identifier>	MP_CM012_Fire_Hose_Rack_1_INDEX_8	</identifier>
				<transform>
					<row0>	0.0000 0.0000 1.0000 0.0000	</row0>
					<row1>	0.0000 1.0000 0.0000 0.0000	</row1>
					<row2>	-1.0000 0.0000 0.0000 0.0000	</row2>
					<row3>	-0.1818 0.4537 1.5019 1.0000	</row3>
				</transform>
			</node>
			<node>
				<identifier>	MP_CM012_Fire_Hose_Rack_1_INDEX_9	</identifier>
				<transform>
					<row0>	1.0000 0.0000 0.0000 0.0000	</row0>
					<row1>	0.0000 1.0000 0.0000 0.0000	</row1>
					<row2>	0.0000 0.0000 1.0000 0.0000	</row2>
					<row3>	-0.1851 0.3112 0.1562 1.0000	</row3>
				</transform>
			</node>
			<node>
				<identifier>	MP_CM014_Fuel_Oil_Hose	</identifier>
				<transform>
					<row0>	1.0000 0.0000 0.0000 0.0000	</row0>
					<row1>	0.0000 1.0000 0.0000 0.0000	</row1>
					<row2>	0.0000 0.0000 1.0000 0.0000	</row2>
					<row3>	-0.2176 0.2621 1.3442 1.0000	</row3>
				</transform>
			</node>
			<node>
				<identifier>	MP_CM014_Fuel_Oil_Hose_INDEX_1	</identifier>
				<transform>
					<row0>	1.0000 0.0000 0.0000 0.0000	</row0>
					<row1>	0.0000 1.0000 0.0000 0.0000	</row1>
					<row2>	0.0000 0.0000 1.0000 0.0000	</row2>
					<row3>	-0.2176 0.2919 1.3442 1.0000	</row3>
				</transform>
			</node>
			<node>
				<identifier>	MP_CM014_Fuel_Oil_Hose_INDEX_2	</identifier>
				<transform>
					<row0>	-1.0000 0.0000 0.0000 0.0000	</row0>
					<row1>	0.0000 1.0000 0.0000 0.0000	</row1>
					<row2>	0.0000 0.0000 -1.0000 0.0000	</row2>
					<row3>	0.0978 0.2837 1.4115 1.0000	</row3>
				</transform>
			</node>
			<node>
				<identifier>	MP_CM014_Fuel_Oil_Hose_INDEX_3	</identifier>
				<transform>
					<row0>	-1.0000 0.0000 0.0000 0.0000	</row0>
					<row1>	0.0000 1.0000 0.0000 0.0000	</row1>
					<row2>	0.0000 0.0000 -1.0000 0.0000	</row2>
					<row3>	0.0978 0.3139 1.4115 1.0000	</row3>
				</transform>
			</node>
			<node>
				<identifier>	MP_CM019_Wood_Box_2	</identifier>
				<transform>
					<row0>	0.0872 0.0000 0.9962 0.0000	</row0>
					<row1>	0.0000 1.0000 0.0000 0.0000	</row1>
					<row2>	-0.9962 0.0000 0.0872 0.0000	</row2>
					<row3>	0.0001 0.7439 1.4504 1.0000	</row3>
				</transform>
			</node>
			<node>
				<identifier>	MP_CM019_Wood_Box_2_INDEX_1	</identifier>
				<transform>
					<row0>	0.1597 0.0000 0.9872 0.0000	</row0>
					<row1>	0.0000 1.0000 0.0000 0.0000	</row1>
					<row2>	-0.9872 0.0000 0.1597 0.0000	</row2>
					<row3>	0.0478 0.7439 1.4744 1.0000	</row3>
				</transform>
			</node>
			<node>
				<identifier>	MP_CM029_Emergency_Box	</identifier>
				<transform>
					<row0>	0.0000 0.0000 1.0000 0.0000	</row0>
					<row1>	0.0000 1.0000 0.0000 0.0000	</row1>
					<row2>	-1.0000 0.0000 0.0000 0.0000	</row2>
					<row3>	0.1915 0.3249 0.6130 1.0000	</row3>
				</transform>
			</node>
			<node>
				<identifier>	MP_CM029_Emergency_Box_INDEX_1	</identifier>
				<transform>
					<row0>	-0.5735 0.0000 -0.8192 0.0000	</row0>
					<row1>	0.0000 1.0000 0.0000 0.0000	</row1>
					<row2>	0.8192 0.0000 -0.5735 0.0000	</row2>
					<row3>	-0.1837 0.4660 2.8795 1.0000	</row3>
				</transform>
			</node>
			<node>
				<identifier>	MP_CM029_Emergency_Box_INDEX_2	</identifier>
				<transform>
					<row0>	-0.5735 0.0000 0.8192 0.0000	</row0>
					<row1>	0.0000 1.0000 0.0000 0.0000	</row1>
					<row2>	-0.8192 0.0000 -0.5735 0.0000	</row2>
					<row3>	0.1837 0.4660 2.8795 1.0000	</row3>
				</transform>
			</node>
			<node>
				<identifier>	MP_CM029_Emergency_Box_INDEX_3	</identifier>
				<transform>
					<row0>	0.6613 0.0000 0.7501 0.0000	</row0>
					<row1>	0.0000 1.0000 0.0000 0.0000	</row1>
					<row2>	-0.7501 0.0000 0.6613 0.0000	</row2>
					<row3>	0.3215 0.4537 1.6120 1.0000	</row3>
				</transform>
			</node>
			<node>
				<identifier>	MP_CM029_Emergency_Box_INDEX_4	</identifier>
				<transform>
					<row0>	0.6613 0.0000 -0.7501 0.0000	</row0>
					<row1>	0.0000 1.0000 0.0000 0.0000	</row1>
					<row2>	0.7501 0.0000 0.6613 0.0000	</row2>
					<row3>	-0.3215 0.4537 1.6120 1.0000	</row3>
				</transform>
			</node>
			<node>
				<identifier>	MP_CM029_Emergency_Box_INDEX_5	</identifier>
				<transform>
					<row0>	0.0000 0.0000 -1.0000 0.0000	</row0>
					<row1>	0.0000 1.0000 0.0000 0.0000	</row1>
					<row2>	1.0000 0.0000 0.0000 0.0000	</row2>
					<row3>	-0.1915 0.3249 0.6385 1.0000	</row3>
				</transform>
			</node>
			<node>
				<identifier>	MP_CM029_Emergency_Box_INDEX_6	</identifier>
				<transform>
					<row0>	1.0000 0.0000 0.0000 0.0000	</row0>
					<row1>	0.0000 1.0000 0.0000 0.0000	</row1>
					<row2>	0.0000 0.0000 1.0000 0.0000	</row2>
					<row3>	0.0272 0.5904 1.2090 1.0000	</row3>
				</transform>
			</node>
			<node>
				<identifier>	MP_CM029_Emergency_Box_INDEX_7	</identifier>
				<transform>
					<row0>	0.0000 0.0000 -1.0000 0.0000	</row0>
					<row1>	0.0000 1.0000 0.0000 0.0000	</row1>
					<row2>	1.0000 0.0000 0.0000 0.0000	</row2>
					<row3>	0.1522 0.6879 0.1726 1.0000	</row3>
				</transform>
			</node>
			<node>
				<identifier>	MP_CM029_Emergency_Box_INDEX_8	</identifier>
				<transform>
					<row0>	-1.0000 0.0000 0.0000 0.0000	</row0>
					<row1>	0.0000 1.0000 0.0000 0.0000	</row1>
					<row2>	0.0000 0.0000 -1.0000 0.0000	</row2>
					<row3>	0.0167 0.9528 1.7826 1.0000	</row3>
				</transform>
			</node>
			<node>
				<identifier>	MP_CM029_Emergency_Box_INDEX_9	</identifier>
				<transform>
					<row0>	0.0000 0.0000 1.0000 0.0000	</row0>
					<row1>	0.0000 1.0000 0.0000 0.0000	</row1>
					<row2>	-1.0000 0.0000 0.0000 0.0000	</row2>
					<row3>	-0.1522 0.6879 0.1726 1.0000	</row3>
				</transform>
			</node>
			<node>
				<identifier>	MP_CM030_Swab_Rack_2	</identifier>
				<transform>
					<row0>	-1.0000 0.0000 0.0000 0.0000	</row0>
					<row1>	0.0000 1.0000 0.0000 0.0000	</row1>
					<row2>	0.0000 0.0000 -1.0000 0.0000	</row2>
					<row3>	0.1615 0.3971 0.7063 1.0000	</row3>
				</transform>
			</node>
			<node>
				<identifier>	MP_CM056_Ships_bell	</identifier>
				<transform>
					<row0>	-0.8000 0.0000 0.0000 0.0000	</row0>
					<row1>	0.0000 0.8000 0.0000 0.0000	</row1>
					<row2>	0.0000 0.0000 -0.8000 0.0000	</row2>
					<row3>	-0.1843 0.5551 1.2230 1.0000	</row3>
				</transform>
			</node>
			<node>
				<identifier>	MP_CM092_Siren	</identifier>
				<transform>
					<row0>	1.1759 0.0000 0.0000 0.0000	</row0>
					<row1>	0.0000 1.1094 0.0000 0.0000	</row1>
					<row2>	0.0000 0.0000 1.1759 0.0000	</row2>
					<row3>	-0.1096 1.0816 0.6049 1.0000	</row3>
				</transform>
			</node>
			<node>
				<identifier>	MP_CM092_Siren_INDEX_1	</identifier>
				<transform>
					<row0>	1.1759 0.0000 0.0000 0.0000	</row0>
					<row1>	0.0000 1.1094 0.0000 0.0000	</row1>
					<row2>	0.0000 0.0000 1.1759 0.0000	</row2>
					<row3>	0.1096 1.0816 0.6049 1.0000	</row3>
				</transform>
			</node>
			<node>
				<identifier>	MP_CM109_Leadsman_Platform	</identifier>
				<transform>
					<row0>	0.1630 -1.1026 0.0023 0.0000	</row0>
					<row1>	0.9125 0.1349 0.0276 0.0000	</row1>
					<row2>	-0.0239 -0.0019 0.7982 0.0000	</row2>
					<row3>	0.4599 0.4069 2.3374 1.0000	</row3>
				</transform>
			</node>
			<node>
				<identifier>	MP_CM109_Leadsman_Platform_INDEX_1	</identifier>
				<transform>
					<row0>	-0.1630 -1.1026 0.0000 0.0000	</row0>
					<row1>	-0.9125 0.1349 0.0277 0.0000	</row1>
					<row2>	-0.0237 0.0035 -0.7986 0.0000	</row2>
					<row3>	-0.4599 0.4069 2.3374 1.0000	</row3>
				</transform>
			</node>
			<node>
				<identifier>	MP_CM120_Chair_Captain	</identifier>
				<transform>
					<row0>	1.0000 0.0000 0.0000 0.0000	</row0>
					<row1>	0.0000 1.0000 0.0000 0.0000	</row1>
					<row2>	0.0000 0.0000 1.0000 0.0000	</row2>
					<row3>	-0.0837 0.8970 2.0398 1.0000	</row3>
				</transform>
			</node>
			<node>
				<identifier>	MP_CM125_Tools	</identifier>
				<transform>
					<row0>	-1.0000 0.0000 0.0000 0.0000	</row0>
					<row1>	0.0000 1.0000 0.0000 0.0000	</row1>
					<row2>	0.0000 0.0000 -0.7537 0.0000	</row2>
					<row3>	-0.0214 0.6549 2.1902 1.0000	</row3>
				</transform>
			</node>
			<node>
				<identifier>	MP_CM125_Tools_INDEX_1	</identifier>
				<transform>
					<row0>	1.0000 0.0000 0.0000 0.0000	</row0>
					<row1>	0.0000 1.0000 0.0000 0.0000	</row1>
					<row2>	0.0000 0.0000 0.7537 0.0000	</row2>
					<row3>	0.0684 0.6549 2.1902 1.0000	</row3>
				</transform>
			</node>
			<node>
				<identifier>	MP_CM127_Jacobs_ladder	</identifier>
				<transform>
					<row0>	-1.0000 0.0000 0.0000 0.0000	</row0>
					<row1>	0.0000 1.0000 0.0000 0.0000	</row1>
					<row2>	0.0000 0.0000 -1.0000 0.0000	</row2>
					<row3>	-0.4669 0.2545 0.7663 1.0000	</row3>
				</transform>
			</node>
			<node>
				<identifier>	MP_CM127_Jacobs_ladder_INDEX_1	</identifier>
				<transform>
					<row0>	-1.0000 0.0000 0.0000 0.0000	</row0>
					<row1>	0.0000 1.0000 0.0000 0.0000	</row1>
					<row2>	0.0000 0.0000 -1.0000 0.0000	</row2>
					<row3>	-0.4602 0.2543 1.0920 1.0000	</row3>
				</transform>
			</node>
			<node>
				<identifier>	MP_CM127_Jacobs_ladder_INDEX_2	</identifier>
				<transform>
					<row0>	-1.0000 0.0000 0.0000 0.0000	</row0>
					<row1>	0.0000 1.0000 0.0000 0.0000	</row1>
					<row2>	0.0000 0.0000 -1.0000 0.0000	</row2>
					<row3>	0.4669 0.2545 0.7663 1.0000	</row3>
				</transform>
			</node>
			<node>
				<identifier>	MP_CM127_Jacobs_ladder_INDEX_3	</identifier>
				<transform>
					<row0>	-1.0000 0.0000 0.0000 0.0000	</row0>
					<row1>	0.0000 1.0000 0.0000 0.0000	</row1>
					<row2>	0.0000 0.0000 -1.0000 0.0000	</row2>
					<row3>	0.4602 0.2543 1.0920 1.0000	</row3>
				</transform>
			</node>
			<node>
				<identifier>	MP_CM129_Vice	</identifier>
				<transform>
					<row0>	1.0000 0.0000 0.0000 0.0000	</row0>
					<row1>	0.0000 1.0000 0.0000 0.0000	</row1>
					<row2>	0.0000 0.0000 1.0000 0.0000	</row2>
					<row3>	0.0541 0.6586 2.2271 1.0000	</row3>
				</transform>
			</node>
			<node>
				<identifier>	MP_CM129_Vice_INDEX_1	</identifier>
				<transform>
					<row0>	0.5686 0.0000 0.0000 0.0000	</row0>
					<row1>	0.0000 0.5686 0.0000 0.0000	</row1>
					<row2>	0.0000 0.0000 0.5686 0.0000	</row2>
					<row3>	-0.0151 0.6586 2.2271 1.0000	</row3>
				</transform>
			</node>
			<node>
				<identifier>	MP_RM227_Fire_control_station	</identifier>
				<transform>
					<row0>	0.3787 0.0000 -0.9255 0.0000	</row0>
					<row1>	0.0000 1.0000 0.0000 0.0000	</row1>
					<row2>	0.9255 0.0000 0.3787 0.0000	</row2>
					<row3>	-0.1918 0.8324 1.6356 1.0000	</row3>
				</transform>
			</node>
			<node>
				<identifier>	MP_RM227_Fire_control_station_INDEX_1	</identifier>
				<transform>
					<row0>	0.3787 0.0000 0.9255 0.0000	</row0>
					<row1>	0.0000 1.0000 0.0000 0.0000	</row1>
					<row2>	-0.9255 0.0000 0.3787 0.0000	</row2>
					<row3>	0.1918 0.8324 1.6356 1.0000	</row3>
				</transform>
			</node>
			<node>
				<identifier>	MP_ZM015_Speaker	</identifier>
				<transform>
					<row0>	0.0000 0.0000 1.0000 0.0000	</row0>
					<row1>	-0.2588 0.9659 0.0000 0.0000	</row1>
					<row2>	-0.9659 -0.2588 0.0000 0.0000	</row2>
					<row3>	-0.1459 0.7228 1.4685 1.0000	</row3>
				</transform>
			</node>
			<node>
				<identifier>	MP_ZM015_Speaker_INDEX_1	</identifier>
				<transform>
					<row0>	-0.6539 0.0000 -0.7565 0.0000	</row0>
					<row1>	0.1958 0.9659 -0.1693 0.0000	</row1>
					<row2>	0.7308 -0.2588 -0.6317 0.0000	</row2>
					<row3>	0.2437 0.5445 1.5286 1.0000	</row3>
				</transform>
			</node>
			<node>
				<identifier>	MP_ZM015_Speaker_INDEX_2	</identifier>
				<transform>
					<row0>	0.0000 0.0000 -1.0000 0.0000	</row0>
					<row1>	0.2588 0.9659 0.0000 0.0000	</row1>
					<row2>	0.9659 -0.2588 0.0000 0.0000	</row2>
					<row3>	0.1459 0.7228 1.4685 1.0000	</row3>
				</transform>
			</node>
			<node>
				<identifier>	MP_ZM015_Speaker_INDEX_3	</identifier>
				<transform>
					<row0>	-0.6539 0.0000 0.7565 0.0000	</row0>
					<row1>	-0.1958 0.9659 -0.1693 0.0000	</row1>
					<row2>	-0.7308 -0.2588 -0.6317 0.0000	</row2>
					<row3>	-0.2437 0.5445 1.5286 1.0000	</row3>
				</transform>
			</node>
			<node>
				<identifier>	MP_ZM015_Speaker_INDEX_4	</identifier>
				<transform>
					<row0>	-1.0000 0.0000 0.0000 0.0000	</row0>
					<row1>	0.0000 0.9659 -0.2588 0.0000	</row1>
					<row2>	0.0000 -0.2588 -0.9659 0.0000	</row2>
					<row3>	0.0000 0.6325 -0.0054 1.0000	</row3>
				</transform>
			</node>
			<node>
				<identifier>	MP_ZM015_Speaker_INDEX_5	</identifier>
				<transform>
					<row0>	1.0000 0.0000 0.0000 0.0000	</row0>
					<row1>	0.0000 0.9659 0.2588 0.0000	</row1>
					<row2>	0.0000 -0.2588 0.9659 0.0000	</row2>
					<row3>	0.0967 0.7156 2.1592 1.0000	</row3>
				</transform>
			</node>
			<node>
				<identifier>	MP_ZM015_Speaker_INDEX_6	</identifier>
				<transform>
					<row0>	1.0000 0.0000 0.0000 0.0000	</row0>
					<row1>	0.0000 0.9659 0.2588 0.0000	</row1>
					<row2>	0.0000 -0.2588 0.9659 0.0000	</row2>
					<row3>	-0.0468 1.0109 1.7786 1.0000	</row3>
				</transform>
			</node>
			<node>
				<identifier>	MP_ZM017_Fakel_MZ	</identifier>
				<transform>
					<row0>	0.0000 0.0000 -1.0000 0.0000	</row0>
					<row1>	0.0000 1.0000 0.0000 0.0000	</row1>
					<row2>	1.0000 0.0000 0.0000 0.0000	</row2>
					<row3>	-0.2011 1.5685 1.3274 1.0000	</row3>
				</transform>
			</node>
			<node>
				<identifier>	MP_ZM024_Life_Buoy	</identifier>
				<transform>
					<row0>	-0.0522 0.0000 0.9986 0.0000	</row0>
					<row1>	0.0000 1.0000 0.0000 0.0000	</row1>
					<row2>	-0.9986 0.0000 -0.0522 0.0000	</row2>
					<row3>	0.3130 0.6386 2.1478 1.0000	</row3>
				</transform>
			</node>
			<node>
				<identifier>	MP_ZM024_Life_Buoy_INDEX_1	</identifier>
				<transform>
					<row0>	-0.0522 0.0000 -0.9986 0.0000	</row0>
					<row1>	0.0000 1.0000 0.0000 0.0000	</row1>
					<row2>	0.9986 0.0000 -0.0522 0.0000	</row2>
					<row3>	-0.3130 0.6386 2.1478 1.0000	</row3>
				</transform>
			</node>
			<node>
				<identifier>	MP_ZM035_Fender	</identifier>
				<transform>
					<row0>	-0.8192 0.0000 0.5736 0.0000	</row0>
					<row1>	0.0000 1.0000 0.0000 0.0000	</row1>
					<row2>	-0.5736 0.0000 -0.8192 0.0000	</row2>
					<row3>	-0.2698 0.4034 2.7999 1.0000	</row3>
				</transform>
			</node>
			<node>
				<identifier>	MP_ZM035_Fender_INDEX_1	</identifier>
				<transform>
					<row0>	0.8192 0.0000 0.5736 0.0000	</row0>
					<row1>	0.0000 1.0000 0.0000 0.0000	</row1>
					<row2>	-0.5736 0.0000 0.8192 0.0000	</row2>
					<row3>	0.2698 0.4034 2.7999 1.0000	</row3>
				</transform>
			</node>
			<node>
				<identifier>	MP_ZM041_Filling_connection	</identifier>
				<transform>
					<row0>	-1.4046 0.0000 0.0278 0.0000	</row0>
					<row1>	0.0000 1.4048 0.0000 0.0000	</row1>
					<row2>	-0.0278 0.0000 -1.4046 0.0000	</row2>
					<row3>	-0.4663 0.3997 1.4889 1.0000	</row3>
				</transform>
			</node>
			<node>
				<identifier>	MP_ZM041_Filling_connection_INDEX_1	</identifier>
				<transform>
					<row0>	1.4046 0.0000 0.0278 0.0000	</row0>
					<row1>	0.0000 1.4048 0.0000 0.0000	</row1>
					<row2>	-0.0278 0.0000 1.4046 0.0000	</row2>
					<row3>	0.4666 0.3997 1.4889 1.0000	</row3>
				</transform>
			</node>
			<node>
				<identifier>	MP_ZM058_Reels_1	</identifier>
				<transform>
					<row0>	0.0000 0.0000 -0.6153 0.0000	</row0>
					<row1>	0.6153 0.0000 0.0000 0.0000	</row1>
					<row2>	0.0000 -0.6153 0.0000 0.0000	</row2>
					<row3>	0.1847 0.3418 0.7880 1.0000	</row3>
				</transform>
			</node>
			<node>
				<identifier>	MP_ZM058_Reels_1_INDEX_1	</identifier>
				<transform>
					<row0>	-0.5533 0.0000 -0.7904 0.0000	</row0>
					<row1>	-0.7326 0.0000 0.5129 0.0000	</row1>
					<row2>	0.0000 0.8943 0.0000 0.0000	</row2>
					<row3>	-0.1835 0.5474 2.8655 1.0000	</row3>
				</transform>
			</node>
			<node>
				<identifier>	MP_ZM058_Reels_1_INDEX_2	</identifier>
				<transform>
					<row0>	0.0000 0.0000 0.6153 0.0000	</row0>
					<row1>	-0.6153 0.0000 0.0000 0.0000	</row1>
					<row2>	0.0000 -0.6153 0.0000 0.0000	</row2>
					<row3>	-0.1847 0.3418 0.7880 1.0000	</row3>
				</transform>
			</node>
			<node>
				<identifier>	MP_ZM058_Reels_1_INDEX_3	</identifier>
				<transform>
					<row0>	-0.5533 0.0000 0.7904 0.0000	</row0>
					<row1>	0.7326 0.0000 0.5129 0.0000	</row1>
					<row2>	0.0000 0.8943 0.0000 0.0000	</row2>
					<row3>	0.2669 0.5474 2.7464 1.0000	</row3>
				</transform>
			</node>
			<node>
				<identifier>	MP_ZM058_Reels_1_INDEX_4	</identifier>
				<transform>
					<row0>	0.0000 0.0000 -0.9190 0.0000	</row0>
					<row1>	0.6153 0.0000 0.0000 0.0000	</row1>
					<row2>	0.0000 -0.6153 0.0000 0.0000	</row2>
					<row3>	0.1850 0.3818 0.4346 1.0000	</row3>
				</transform>
			</node>
			<node>
				<identifier>	MP_ZM058_Reels_1_INDEX_5	</identifier>
				<transform>
					<row0>	0.0000 0.0000 -0.6153 0.0000	</row0>
					<row1>	0.6153 0.0000 0.0000 0.0000	</row1>
					<row2>	0.0000 -0.6153 0.0000 0.0000	</row2>
					<row3>	0.2163 0.3811 1.1881 1.0000	</row3>
				</transform>
			</node>
			<node>
				<identifier>	MP_ZM058_Reels_1_INDEX_6	</identifier>
				<transform>
					<row0>	0.8943 0.0000 0.0000 0.0000	</row0>
					<row1>	0.0000 0.0000 0.8943 0.0000	</row1>
					<row2>	0.0000 -0.8943 0.0000 0.0000	</row2>
					<row3>	0.1049 0.5453 2.9066 1.0000	</row3>
				</transform>
			</node>
			<node>
				<identifier>	MP_ZM058_Reels_1_INDEX_7	</identifier>
				<transform>
					<row0>	0.0000 0.0000 0.9190 0.0000	</row0>
					<row1>	-0.6153 0.0000 0.0000 0.0000	</row1>
					<row2>	0.0000 -0.6153 0.0000 0.0000	</row2>
					<row3>	-0.1850 0.3818 0.4346 1.0000	</row3>
				</transform>
			</node>
			<node>
				<identifier>	MP_ZM058_Reels_1_INDEX_8	</identifier>
				<transform>
					<row0>	0.0000 0.0000 0.6153 0.0000	</row0>
					<row1>	-0.6153 0.0000 0.0000 0.0000	</row1>
					<row2>	0.0000 -0.6153 0.0000 0.0000	</row2>
					<row3>	-0.2163 0.3789 1.1881 1.0000	</row3>
				</transform>
			</node>
			<node>
				<identifier>	MP_ZM061_Sounding_Machine	</identifier>
				<transform>
					<row0>	1.0000 0.0000 0.0000 0.0000	</row0>
					<row1>	0.0000 1.0000 0.0000 0.0000	</row1>
					<row2>	0.0000 0.0000 1.0000 0.0000	</row2>
					<row3>	0.2904 0.5724 1.9391 1.0000	</row3>
				</transform>
			</node>
			<node>
				<identifier>	MP_ZM501_Captain_cutter_pr378_7_4m	</identifier>
				<transform>
					<row0>	1.0000 0.0000 0.0000 0.0000	</row0>
					<row1>	0.0000 1.0000 0.0065 0.0000	</row1>
					<row2>	0.0000 -0.0065 1.0000 0.0000	</row2>
					<row3>	-0.3751 0.3912 0.1313 1.0000	</row3>
				</transform>
			</node>
			<node>
				<identifier>	MP_ZM501_Captain_cutter_pr378_7_4m_INDEX_1	</identifier>
				<transform>
					<row0>	1.0000 0.0000 0.0000 0.0000	</row0>
					<row1>	0.0000 1.0000 0.0065 0.0000	</row1>
					<row2>	0.0000 -0.0065 1.0000 0.0000	</row2>
					<row3>	0.3751 0.3912 0.1313 1.0000	</row3>
				</transform>
			</node>
			<node>
				<identifier>	MP_ZM507_Cutter_7m	</identifier>
				<transform>
					<row0>	0.0000 0.0000 1.0000 0.0000	</row0>
					<row1>	0.0000 1.0000 0.0000 0.0000	</row1>
					<row2>	-1.0000 0.0000 0.0000 0.0000	</row2>
					<row3>	-0.3715 0.3917 0.8823 1.0000	</row3>
				</transform>
			</node>
			<node>
				<identifier>	MP_ZM507_Cutter_7m_INDEX_1	</identifier>
				<transform>
					<row0>	0.0000 0.0000 1.0000 0.0000	</row0>
					<row1>	0.0000 1.0000 0.0000 0.0000	</row1>
					<row2>	-1.0000 0.0000 0.0000 0.0000	</row2>
					<row3>	0.3715 0.3917 0.8823 1.0000	</row3>
				</transform>
			</node>
			<node>
				<identifier>	MP_ZM513_Liferaft_type_20_10ft	</identifier>
				<transform>
					<row0>	0.0000 0.0000 -1.0000 0.0000	</row0>
					<row1>	0.9063 0.4226 0.0000 0.0000	</row1>
					<row2>	0.4226 -0.9063 0.0000 0.0000	</row2>
					<row3>	0.4510 0.4129 0.5049 1.0000	</row3>
				</transform>
			</node>
			<node>
				<identifier>	MP_ZM513_Liferaft_type_20_10ft_INDEX_1	</identifier>
				<transform>
					<row0>	1.0000 0.0000 0.0000 0.0000	</row0>
					<row1>	0.0000 1.0000 0.0000 0.0000	</row1>
					<row2>	0.0000 0.0000 1.0000 0.0000	</row2>
					<row3>	0.0578 0.5552 0.7144 1.0000	</row3>
				</transform>
			</node>
			<node>
				<identifier>	MP_ZM513_Liferaft_type_20_10ft_INDEX_2	</identifier>
				<transform>
					<row0>	1.0000 0.0000 0.0000 0.0000	</row0>
					<row1>	0.0000 1.0000 0.0000 0.0000	</row1>
					<row2>	0.0000 0.0000 1.0000 0.0000	</row2>
					<row3>	-0.0578 0.5799 0.7144 1.0000	</row3>
				</transform>
			</node>
			<node>
				<identifier>	MP_ZM513_Liferaft_type_20_10ft_INDEX_3	</identifier>
				<transform>
					<row0>	1.0000 0.0000 0.0000 0.0000	</row0>
					<row1>	0.0000 1.0000 0.0000 0.0000	</row1>
					<row2>	0.0000 0.0000 1.0000 0.0000	</row2>
					<row3>	-0.0578 0.5552 0.7144 1.0000	</row3>
				</transform>
			</node>
			<node>
				<identifier>	MP_ZM513_Liferaft_type_20_10ft_INDEX_4	</identifier>
				<transform>
					<row0>	1.0000 0.0000 0.0000 0.0000	</row0>
					<row1>	0.0000 1.0000 0.0000 0.0000	</row1>
					<row2>	0.0000 0.0000 1.0000 0.0000	</row2>
					<row3>	0.0578 0.5799 0.7144 1.0000	</row3>
				</transform>
			</node>
			<node>
				<identifier>	MP_ZM513_Liferaft_type_20_10ft_INDEX_5	</identifier>
				<transform>
					<row0>	0.0000 0.0000 1.0000 0.0000	</row0>
					<row1>	-0.9063 0.4226 0.0000 0.0000	</row1>
					<row2>	-0.4226 -0.9063 0.0000 0.0000	</row2>
					<row3>	-0.4510 0.4129 0.5049 1.0000	</row3>
				</transform>
			</node>
			<node>
				<identifier>	MP_ZM610_Transmitter_Ttargeting	</identifier>
				<transform>
					<row0>	-1.0000 0.0000 0.0000 0.0000	</row0>
					<row1>	0.0000 1.0000 0.0000 0.0000	</row1>
					<row2>	0.0000 0.0000 -1.0000 0.0000	</row2>
					<row3>	-0.0862 0.9463 2.1539 1.0000	</row3>
				</transform>
			</node>
			<node>
				<identifier>	MP_ZM610_Transmitter_Ttargeting_INDEX_1	</identifier>
				<transform>
					<row0>	-1.0000 0.0000 0.0000 0.0000	</row0>
					<row1>	0.0000 1.0000 0.0000 0.0000	</row1>
					<row2>	0.0000 0.0000 -1.0000 0.0000	</row2>
					<row3>	0.0865 0.9463 2.1539 1.0000	</row3>
				</transform>
			</node>
			<node>
				<identifier>	MP_ZM611_Switch_GCL	</identifier>
				<transform>
					<row0>	-1.0000 0.0000 0.0000 0.0000	</row0>
					<row1>	0.0000 1.0000 0.0000 0.0000	</row1>
					<row2>	0.0000 0.0000 -1.0000 0.0000	</row2>
					<row3>	-0.0778 0.9262 2.1539 1.0000	</row3>
				</transform>
			</node>
			<node>
