<AGM065_14in50_3Gun_Turret_lod2.visual>
	<node>
		<identifier>	Scene Root	</identifier>
		<transform>
			<row0>	1.0000 0.0000 0.0000 0.0000	</row0>
			<row1>	0.0000 1.0000 0.0000 0.0000	</row1>
			<row2>	0.0000 0.0000 1.0000 0.0000	</row2>
			<row3>	0.0000 0.0000 0.0000 1.0000	</row3>
		</transform>
		<node>
			<identifier>	Root	</identifier>
			<transform>
				<row0>	1.0000 0.0000 0.0000 0.0000	</row0>
				<row1>	0.0000 1.0000 0.0000 0.0000	</row1>
				<row2>	0.0000 0.0000 1.0000 0.0000	</row2>
				<row3>	0.0000 0.0000 0.0000 1.0000	</row3>
			</transform>
			<node>
				<identifier>	Root_BlendBone	</identifier>
				<transform>
					<row0>	1.0000 0.0000 0.0000 0.0000	</row0>
					<row1>	0.0000 1.0000 0.0000 0.0000	</row1>
					<row2>	0.0000 0.0000 -1.0000 0.0000	</row2>
					<row3>	0.0000 0.0000 0.0000 1.0000	</row3>
				</transform>
			</node>
			<node>
				<identifier>	Rotate_Y	</identifier>
				<transform>
					<row0>	1.0000 0.0000 0.0000 0.0000	</row0>
					<row1>	0.0000 1.0000 0.0000 0.0000	</row1>
					<row2>	0.0000 0.0000 1.0000 0.0000	</row2>
					<row3>	0.0000 0.0333 0.0000 1.0000	</row3>
				</transform>
				<node>
					<identifier>	HP_AGA_1	</identifier>
					<transform>
						<row0>	1.0000 0.0000 0.0000 0.0000	</row0>
						<row1>	0.0000 1.0000 0.0000 0.0000	</row1>
						<row2>	0.0000 0.0000 1.0000 0.0000	</row2>
						<row3>	-0.1501 0.1726 -0.4553 1.0000	</row3>
					</transform>
				</node>
				<node>
					<identifier>	HP_AGA_2	</identifier>
					<transform>
						<row0>	1.0000 0.0000 0.0000 0.0000	</row0>
						<row1>	0.0000 1.0000 0.0000 0.0000	</row1>
						<row2>	0.0000 0.0000 1.0000 0.0000	</row2>
						<row3>	0.0000 0.1726 -0.4553 1.0000	</row3>
					</transform>
				</node>
				<node>
					<identifier>	HP_AGA_3	</identifier>
					<transform>
						<row0>	1.0000 0.0000 0.0000 0.0000	</row0>
						<row1>	0.0000 1.0000 0.0000 0.0000	</row1>
						<row2>	0.0000 0.0000 1.0000 0.0000	</row2>
						<row3>	0.1501 0.1726 -0.4553 1.0000	</row3>
					</transform>
				</node>
				<node>
					<identifier>	MP_AM030_Ammunition_Box4	</identifier>
					<transform>
						<row0>	1.0000 0.0000 0.0000 0.0000	</row0>
						<row1>	0.0000 1.0000 0.0000 0.0000	</row1>
						<row2>	0.0000 0.0000 1.0000 0.0000	</row2>
						<row3>	0.1225 0.1682 -0.3466 1.0000	</row3>
					</transform>
				</node>
				<node>
					<identifier>	MP_AM030_Ammunition_Box4_INDEX_1	</identifier>
					<transform>
						<row0>	1.0000 0.0000 0.0000 0.0000	</row0>
						<row1>	0.0000 1.0000 0.0000 0.0000	</row1>
						<row2>	0.0000 0.0000 1.0000 0.0000	</row2>
						<row3>	0.0720 0.1752 -0.5802 1.0000	</row3>
					</transform>
				</node>
				<node>
					<identifier>	MP_AM030_Ammunition_Box4_INDEX_2	</identifier>
					<transform>
						<row0>	1.0000 0.0000 0.0000 0.0000	</row0>
						<row1>	0.0000 1.0000 0.0000 0.0000	</row1>
						<row2>	0.0000 0.0000 1.0000 0.0000	</row2>
						<row3>	-0.1225 0.1682 -0.3466 1.0000	</row3>
					</transform>
				</node>
				<node>
					<identifier>	MP_AM030_Ammunition_Box4_INDEX_3	</identifier>
					<transform>
						<row0>	1.0000 0.0000 0.0000 0.0000	</row0>
						<row1>	0.0000 1.0000 0.0000 0.0000	</row1>
						<row2>	0.0000 0.0000 1.0000 0.0000	</row2>
						<row3>	-0.0719 0.1752 -0.5802 1.0000	</row3>
					</transform>
				</node>
				<node>
					<identifier>	MP_AM054_Boat_6	</identifier>
					<transform>
						<row0>	-0.3052 0.9492 0.0772 0.0000	</row0>
						<row1>	0.9205 0.3148 -0.2316 0.0000	</row1>
						<row2>	-0.2441 0.0004 -0.9697 0.0000	</row2>
						<row3>	0.2711 -0.0152 -0.3921 1.0000	</row3>
					</transform>
				</node>
				<node>
					<identifier>	MP_AM054_Boat_6_INDEX_1	</identifier>
					<transform>
						<row0>	-0.3052 -0.9492 -0.0772 0.0000	</row0>
						<row1>	-0.9205 0.3148 -0.2316 0.0000	</row1>
						<row2>	0.2441 0.0004 -0.9697 0.0000	</row2>
						<row3>	-0.2706 -0.0152 -0.3941 1.0000	</row3>
					</transform>
				</node>
				<node>
					<identifier>	MP_AM054_Boat_6_INDEX_2	</identifier>
					<transform>
						<row0>	0.3929 0.9098 -0.1336 0.0000	</row0>
						<row1>	-0.8514 0.4148 0.3211 0.0000	</row1>
						<row2>	0.3476 -0.0124 0.9376 0.0000	</row2>
						<row3>	-0.2543 0.0396 0.1108 1.0000	</row3>
					</transform>
				</node>
				<node>
					<identifier>	MP_AM054_Boat_6_INDEX_3	</identifier>
					<transform>
						<row0>	0.3054 0.9494 0.0737 0.0000	</row0>
						<row1>	-0.9204 0.3141 -0.2329 0.0000	</row1>
						<row2>	-0.2443 0.0033 0.9697 0.0000	</row2>
						<row3>	-0.2959 0.0449 -0.1843 1.0000	</row3>
					</transform>
				</node>
				<node>
					<identifier>	MP_AM054_Boat_6_INDEX_4	</identifier>
					<transform>
						<row0>	-0.3052 0.9492 0.0772 0.0000	</row0>
						<row1>	0.9205 0.3148 -0.2316 0.0000	</row1>
						<row2>	-0.2441 0.0004 -0.9697 0.0000	</row2>
						<row3>	0.2969 0.0435 -0.1830 1.0000	</row3>
					</transform>
				</node>
				<node>
					<identifier>	MP_AM054_Boat_6_INDEX_5	</identifier>
					<transform>
						<row0>	-0.3877 0.9099 -0.1472 0.0000	</row0>
						<row1>	0.8490 0.4147 0.3275 0.0000	</row1>
						<row2>	0.3591 0.0020 -0.9333 0.0000	</row2>
						<row3>	0.2546 0.0402 0.1083 1.0000	</row3>
					</transform>
				</node>
				<node>
					<identifier>	MP_AM054_Boat_6_INDEX_6	</identifier>
					<transform>
						<row0>	0.0000 -0.0527 0.9986 0.0000	</row0>
						<row1>	0.0000 0.9986 0.0527 0.0000	</row1>
						<row2>	-1.0000 0.0000 0.0000 0.0000	</row2>
						<row3>	0.1063 0.1245 0.1021 1.0000	</row3>
					</transform>
				</node>
				<node>
					<identifier>	MP_AM054_Boat_6_INDEX_7	</identifier>
					<transform>
						<row0>	0.0000 0.0527 -0.9986 0.0000	</row0>
						<row1>	0.0000 0.9986 0.0527 0.0000	</row1>
						<row2>	1.0000 0.0000 0.0000 0.0000	</row2>
						<row3>	-0.1063 0.1245 0.1021 1.0000	</row3>
					</transform>
				</node>
				<node>
					<identifier>	MP_AM054_Boat_6_INDEX_8	</identifier>
					<transform>
						<row0>	0.0000 0.0527 -0.9986 0.0000	</row0>
						<row1>	0.0000 0.9986 0.0527 0.0000	</row1>
						<row2>	1.0000 0.0000 0.0000 0.0000	</row2>
						<row3>	0.0000 0.1306 -0.0131 1.0000	</row3>
					</transform>
				</node>
				<node>
					<identifier>	MP_AM054_Boat_6_INDEX_9	</identifier>
					<transform>
						<row0>	0.0000 0.0527 -0.9986 0.0000	</row0>
						<row1>	0.0000 0.9986 0.0527 0.0000	</row1>
						<row2>	1.0000 0.0000 0.0000 0.0000	</row2>
						<row3>	0.0000 0.1367 -0.1288 1.0000	</row3>
					</transform>
				</node>
				<node>
					<identifier>	MP_AM055_Boat_1	</identifier>
					<transform>
						<row0>	-0.3877 0.9099 -0.1472 0.0000	</row0>
						<row1>	0.8490 0.4147 0.3275 0.0000	</row1>
						<row2>	0.3591 0.0020 -0.9333 0.0000	</row2>
						<row3>	0.2740 0.0403 0.0579 1.0000	</row3>
					</transform>
				</node>
				<node>
					<identifier>	MP_AM055_Boat_1_INDEX_1	</identifier>
					<transform>
						<row0>	-0.3052 0.9492 0.0772 0.0000	</row0>
						<row1>	0.9205 0.3148 -0.2316 0.0000	</row1>
						<row2>	-0.2441 0.0004 -0.9697 0.0000	</row2>
						<row3>	0.2969 0.0435 -0.1830 1.0000	</row3>
					</transform>
				</node>
				<node>
					<identifier>	MP_AM055_Boat_1_INDEX_2	</identifier>
					<transform>
						<row0>	0.3054 0.9494 0.0737 0.0000	</row0>
						<row1>	-0.9204 0.3141 -0.2329 0.0000	</row1>
						<row2>	-0.2443 0.0033 0.9697 0.0000	</row2>
						<row3>	-0.2959 0.0449 -0.1843 1.0000	</row3>
					</transform>
				</node>
				<node>
					<identifier>	MP_AM055_Boat_1_INDEX_3	</identifier>
					<transform>
						<row0>	0.3929 0.9098 -0.1336 0.0000	</row0>
						<row1>	-0.8514 0.4148 0.3211 0.0000	</row1>
						<row2>	0.3476 -0.0124 0.9376 0.0000	</row2>
						<row3>	-0.2739 0.0403 0.0579 1.0000	</row3>
					</transform>
				</node>
				<node>
					<identifier>	MP_AM196_net_1	</identifier>
					<transform>
						<row0>	1.0000 0.0000 0.0000 0.0000	</row0>
						<row1>	0.0000 0.9986 0.0523 0.0000	</row1>
						<row2>	0.0000 -0.0523 0.9986 0.0000	</row2>
						<row3>	-0.1027 0.1272 0.0431 1.0000	</row3>
					</transform>
				</node>
				<node>
					<identifier>	MP_AM196_net_1_INDEX_1	</identifier>
					<transform>
						<row0>	1.0000 0.0000 0.0000 0.0000	</row0>
						<row1>	0.0000 0.9986 0.0523 0.0000	</row1>
						<row2>	0.0000 -0.0523 0.9986 0.0000	</row2>
						<row3>	-0.1027 0.1398 -0.1986 1.0000	</row3>
					</transform>
				</node>
				<node>
					<identifier>	MP_AM196_net_1_INDEX_2	</identifier>
					<transform>
						<row0>	1.0000 0.0000 0.0000 0.0000	</row0>
						<row1>	0.0000 0.9986 0.0523 0.0000	</row1>
						<row2>	0.0000 -0.0523 0.9986 0.0000	</row2>
						<row3>	0.1027 0.1272 0.0431 1.0000	</row3>
					</transform>
				</node>
				<node>
					<identifier>	MP_AM196_net_1_INDEX_3	</identifier>
					<transform>
						<row0>	1.0000 0.0000 0.0000 0.0000	</row0>
						<row1>	0.0000 0.9986 0.0523 0.0000	</row1>
						<row2>	0.0000 -0.0523 0.9986 0.0000	</row2>
						<row3>	0.1027 0.1398 -0.1986 1.0000	</row3>
					</transform>
				</node>
				<node>
					<identifier>	MP_AM250_Ammunition_Box	</identifier>
					<transform>
						<row0>	0.1646 0.0406 -0.9855 0.0000	</row0>
						<row1>	-0.0067 0.9992 0.0401 0.0000	</row1>
						<row2>	0.9863 0.0000 0.1647 0.0000	</row2>
						<row3>	-0.1288 0.1436 -0.1426 1.0000	</row3>
					</transform>
				</node>
				<node>
					<identifier>	MP_AM250_Ammunition_Box_INDEX_1	</identifier>
					<transform>
						<row0>	0.1645 0.0476 -0.9852 0.0000	</row0>
						<row1>	-0.0078 0.9989 0.0469 0.0000	</row1>
						<row2>	0.9863 0.0000 0.1647 0.0000	</row2>
						<row3>	-0.1176 0.1456 -0.2097 1.0000	</row3>
					</transform>
				</node>
				<node>
					<identifier>	MP_AM250_Ammunition_Box_INDEX_10	</identifier>
					<transform>
						<row0>	0.8351 0.0276 -0.5494 0.0000	</row0>
						<row1>	-0.0067 0.9992 0.0401 0.0000	</row1>
						<row2>	0.5501 -0.0298 0.8346 0.0000	</row2>
						<row3>	-0.1792 0.1360 -0.0061 1.0000	</row3>
					</transform>
				</node>
				<node>
					<identifier>	MP_AM250_Ammunition_Box_INDEX_11	</identifier>
					<transform>
						<row0>	0.9815 -0.0011 0.1917 0.0000	</row0>
						<row1>	-0.0067 0.9992 0.0401 0.0000	</row1>
						<row2>	-0.1915 -0.0406 0.9806 0.0000	</row2>
						<row3>	-0.2530 0.1350 0.0082 1.0000	</row3>
					</transform>
				</node>
				<node>
					<identifier>	MP_AM250_Ammunition_Box_INDEX_12	</identifier>
					<transform>
						<row0>	0.9815 0.0011 -0.1917 0.0000	</row0>
						<row1>	0.0067 0.9992 0.0401 0.0000	</row1>
						<row2>	0.1915 -0.0406 0.9806 0.0000	</row2>
						<row3>	0.2530 0.1350 0.0082 1.0000	</row3>
					</transform>
				</node>
				<node>
					<identifier>	MP_AM250_Ammunition_Box_INDEX_13	</identifier>
					<transform>
						<row0>	0.8351 -0.0276 0.5494 0.0000	</row0>
						<row1>	0.0067 0.9992 0.0401 0.0000	</row1>
						<row2>	-0.5501 -0.0298 0.8346 0.0000	</row2>
						<row3>	0.1792 0.1360 -0.0061 1.0000	</row3>
					</transform>
				</node>
				<node>
					<identifier>	MP_AM250_Ammunition_Box_INDEX_14	</identifier>
					<transform>
						<row0>	-0.7457 0.0280 -0.6657 0.0000	</row0>
						<row1>	-0.0030 0.9990 0.0454 0.0000	</row1>
						<row2>	0.6662 0.0358 -0.7449 0.0000	</row2>
						<row3>	0.2089 0.1574 -0.4554 1.0000	</row3>
					</transform>
				</node>
				<node>
					<identifier>	MP_AM250_Ammunition_Box_INDEX_15	</identifier>
					<transform>
						<row0>	-0.7353 -0.0330 0.6770 0.0000	</row0>
						<row1>	-0.0030 0.9990 0.0454 0.0000	</row1>
						<row2>	-0.6778 0.0314 -0.7346 0.0000	</row2>
						<row3>	0.1252 0.1570 -0.4536 1.0000	</row3>
					</transform>
				</node>
				<node>
					<identifier>	MP_AM250_Ammunition_Box_INDEX_16	</identifier>
					<transform>
						<row0>	0.2465 -0.0474 0.9680 0.0000	</row0>
						<row1>	0.0078 0.9989 0.0469 0.0000	</row1>
						<row2>	-0.9691 -0.0040 0.2466 0.0000	</row2>
						<row3>	0.2863 0.1488 -0.3059 1.0000	</row3>
					</transform>
				</node>
				<node>
					<identifier>	MP_AM250_Ammunition_Box_INDEX_17	</identifier>
					<transform>
						<row0>	0.2465 -0.0474 0.9680 0.0000	</row0>
						<row1>	0.0078 0.9989 0.0469 0.0000	</row1>
						<row2>	-0.9691 -0.0040 0.2466 0.0000	</row2>
						<row3>	0.3028 0.1456 -0.2409 1.0000	</row3>
					</transform>
				</node>
				<node>
					<identifier>	MP_AM250_Ammunition_Box_INDEX_18	</identifier>
					<transform>
						<row0>	0.2466 -0.0405 0.9683 0.0000	</row0>
						<row1>	0.0067 0.9992 0.0401 0.0000	</row1>
						<row2>	-0.9691 -0.0034 0.2466 0.0000	</row2>
						<row3>	0.3190 0.1436 -0.1751 1.0000	</row3>
					</transform>
				</node>
				<node>
					<identifier>	MP_AM250_Ammunition_Box_INDEX_19	</identifier>
					<transform>
						<row0>	-0.9871 -0.0112 0.1596 0.0000	</row0>
						<row1>	-0.0025 0.9985 0.0546 0.0000	</row1>
						<row2>	-0.1600 0.0535 -0.9857 0.0000	</row2>
						<row3>	0.2052 0.1468 -0.2399 1.0000	</row3>
					</transform>
				</node>
				<node>
					<identifier>	MP_AM250_Ammunition_Box_INDEX_2	</identifier>
					<transform>
						<row0>	0.1645 0.0476 -0.9852 0.0000	</row0>
						<row1>	-0.0078 0.9989 0.0469 0.0000	</row1>
						<row2>	0.9863 0.0000 0.1647 0.0000	</row2>
						<row3>	-0.1066 0.1488 -0.2761 1.0000	</row3>
					</transform>
				</node>
				<node>
					<identifier>	MP_AM250_Ammunition_Box_INDEX_20	</identifier>
					<transform>
						<row0>	-0.9871 -0.0112 0.1596 0.0000	</row0>
						<row1>	-0.0025 0.9985 0.0546 0.0000	</row1>
						<row2>	-0.1600 0.0535 -0.9857 0.0000	</row2>
						<row3>	0.2115 0.1447 -0.2013 1.0000	</row3>
					</transform>
				</node>
				<node>
					<identifier>	MP_AM250_Ammunition_Box_INDEX_21	</identifier>
					<transform>
						<row0>	0.1645 -0.0476 0.9852 0.0000	</row0>
						<row1>	0.0078 0.9989 0.0469 0.0000	</row1>
						<row2>	-0.9863 0.0000 0.1647 0.0000	</row2>
						<row3>	0.1066 0.1488 -0.2761 1.0000	</row3>
					</transform>
				</node>
				<node>
					<identifier>	MP_AM250_Ammunition_Box_INDEX_22	</identifier>
					<transform>
						<row0>	0.1645 -0.0476 0.9852 0.0000	</row0>
						<row1>	0.0078 0.9989 0.0469 0.0000	</row1>
						<row2>	-0.9863 0.0000 0.1647 0.0000	</row2>
						<row3>	0.1176 0.1456 -0.2097 1.0000	</row3>
					</transform>
				</node>
				<node>
					<identifier>	MP_AM250_Ammunition_Box_INDEX_23	</identifier>
					<transform>
						<row0>	0.1646 -0.0406 0.9855 0.0000	</row0>
						<row1>	0.0067 0.9992 0.0401 0.0000	</row1>
						<row2>	-0.9863 0.0000 0.1647 0.0000	</row2>
						<row3>	0.1288 0.1436 -0.1426 1.0000	</row3>
					</transform>
				</node>
				<node>
					<identifier>	MP_AM250_Ammunition_Box_INDEX_3	</identifier>
					<transform>
						<row0>	-0.9871 0.0112 -0.1596 0.0000	</row0>
						<row1>	0.0025 0.9985 0.0546 0.0000	</row1>
						<row2>	0.1600 0.0535 -0.9857 0.0000	</row2>
						<row3>	-0.2115 0.1447 -0.2013 1.0000	</row3>
					</transform>
				</node>
				<node>
					<identifier>	MP_AM250_Ammunition_Box_INDEX_4	</identifier>
					<transform>
						<row0>	-0.9871 0.0112 -0.1596 0.0000	</row0>
						<row1>	0.0025 0.9985 0.0546 0.0000	</row1>
						<row2>	0.1600 0.0535 -0.9857 0.0000	</row2>
						<row3>	-0.2052 0.1468 -0.2399 1.0000	</row3>
					</transform>
				</node>
				<node>
					<identifier>	MP_AM250_Ammunition_Box_INDEX_5	</identifier>
					<transform>
						<row0>	0.2466 0.0405 -0.9683 0.0000	</row0>
						<row1>	-0.0067 0.9992 0.0401 0.0000	</row1>
						<row2>	0.9691 -0.0034 0.2466 0.0000	</row2>
						<row3>	-0.3190 0.1436 -0.1751 1.0000	</row3>
					</transform>
				</node>
				<node>
					<identifier>	MP_AM250_Ammunition_Box_INDEX_6	</identifier>
					<transform>
						<row0>	0.2465 0.0474 -0.9680 0.0000	</row0>
						<row1>	-0.0078 0.9989 0.0469 0.0000	</row1>
						<row2>	0.9691 -0.0040 0.2466 0.0000	</row2>
						<row3>	-0.3028 0.1456 -0.2409 1.0000	</row3>
					</transform>
				</node>
				<node>
					<identifier>	MP_AM250_Ammunition_Box_INDEX_7	</identifier>
					<transform>
						<row0>	0.2465 0.0474 -0.9680 0.0000	</row0>
						<row1>	-0.0078 0.9989 0.0469 0.0000	</row1>
						<row2>	0.9691 -0.0040 0.2466 0.0000	</row2>
						<row3>	-0.2863 0.1488 -0.3059 1.0000	</row3>
					</transform>
				</node>
				<node>
					<identifier>	MP_AM250_Ammunition_Box_INDEX_8	</identifier>
					<transform>
						<row0>	-0.7353 0.0330 -0.6770 0.0000	</row0>
						<row1>	0.0030 0.9990 0.0454 0.0000	</row1>
						<row2>	0.6778 0.0314 -0.7346 0.0000	</row2>
						<row3>	-0.1252 0.1570 -0.4536 1.0000	</row3>
					</transform>
				</node>
				<node>
					<identifier>	MP_AM250_Ammunition_Box_INDEX_9	</identifier>
					<transform>
						<row0>	-0.7457 -0.0280 0.6657 0.0000	</row0>
						<row1>	0.0030 0.9990 0.0454 0.0000	</row1>
						<row2>	-0.6662 0.0358 -0.7449 0.0000	</row2>
						<row3>	-0.2089 0.1574 -0.4554 1.0000	</row3>
					</transform>
				</node>
				<node>
					<identifier>	MP_AM357_Gun_Deck	</identifier>
					<transform>
						<row0>	1.0000 0.0000 0.0000 0.0000	</row0>
						<row1>	0.0000 1.0000 0.0000 0.0000	</row1>
						<row2>	0.0000 0.0000 1.0000 0.0000	</row2>
						<row3>	0.0000 0.1591 -0.5534 1.0000	</row3>
					</transform>
				</node>
				<node>
					<identifier>	MP_AM790_Gun_Deck	</identifier>
					<transform>
						<row0>	1.0000 0.0000 0.0000 0.0000	</row0>
						<row1>	0.0000 1.0000 0.0000 0.0000	</row1>
						<row2>	0.0000 0.0000 1.0000 0.0000	</row2>
						<row3>	0.0000 -0.0333 0.0000 1.0000	</row3>
					</transform>
				</node>
				<node>
					<identifier>	Rotate_X	</identifier>
					<transform>
						<row0>	1.0000 0.0000 0.0000 0.0000	</row0>
						<row1>	0.0000 1.0000 0.0000 0.0000	</row1>
						<row2>	0.0000 0.0000 1.0000 0.0000	</row2>
						<row3>	0.0000 0.0331 0.1927 1.0000	</row3>
					</transform>
					<node>
						<identifier>	HP_gunFireEffect	</identifier>
						<transform>
							<row0>	1.0000 0.0000 0.0000 0.0000	</row0>
							<row1>	0.0000 1.0000 0.0000 0.0000	</row1>
							<row2>	0.0000 0.0000 1.0000 0.0000	</row2>
							<row3>	0.0000 0.0000 0.8572 1.0000	</row3>
						</transform>
					</node>
					<node>
						<identifier>	Roll_Back1	</identifier>
						<transform>
							<row0>	1.0000 0.0000 0.0000 0.0000	</row0>
							<row1>	0.0000 1.0000 0.0000 0.0000	</row1>
							<row2>	0.0000 0.0000 1.0000 0.0000	</row2>
							<row3>	0.1209 0.0000 0.8572 1.0000	</row3>
						</transform>
						<node>
							<identifier>	HP_gunFire1	</identifier>
							<transform>
								<row0>	1.0000 0.0000 0.0000 0.0000	</row0>
								<row1>	0.0000 1.0000 0.0000 0.0000	</row1>
								<row2>	0.0000 0.0000 1.0000 0.0000	</row2>
								<row3>	0.0000 0.0000 0.0000 1.0000	</row3>
							</transform>
						</node>
						<node>
							<identifier>	Roll_Back1_BlendBone	</identifier>
							<transform>
								<row0>	1.0000 0.0000 0.0000 0.0000	</row0>
								<row1>	0.0000 1.0000 0.0000 0.0000	</row1>
								<row2>	0.0000 0.0000 -1.0000 0.0000	</row2>
								<row3>	-0.1209 -0.0664 -1.0500 1.0000	</row3>
							</transform>
						</node>
					</node>
					<node>
						<identifier>	Roll_Back2	</identifier>
						<transform>
							<row0>	1.0000 0.0000 0.0000 0.0000	</row0>
							<row1>	0.0000 1.0000 0.0000 0.0000	</row1>
							<row2>	0.0000 0.0000 1.0000 0.0000	</row2>
							<row3>	0.0000 0.0000 0.8572 1.0000	</row3>
						</transform>
						<node>
							<identifier>	HP_gunFire2	</identifier>
							<transform>
								<row0>	1.0000 0.0000 0.0000 0.0000	</row0>
								<row1>	0.0000 1.0000 0.0000 0.0000	</row1>
								<row2>	0.0000 0.0000 1.0000 0.0000	</row2>
								<row3>	0.0000 0.0000 0.0000 1.0000	</row3>
							</transform>
						</node>
						<node>
							<identifier>	Roll_Back2_BlendBone	</identifier>
							<transform>
								<row0>	1.0000 0.0000 0.0000 0.0000	</row0>
								<row1>	0.0000 1.0000 0.0000 0.0000	</row1>
								<row2>	0.0000 0.0000 -1.0000 0.0000	</row2>
								<row3>	0.0000 -0.0664 -1.0500 1.0000	</row3>
							</transform>
						</node>
					</node>
					<node>
						<identifier>	Roll_Back3	</identifier>
						<transform>
							<row0>	1.0000 0.0000 0.0000 0.0000	</row0>
							<row1>	0.0000 1.0000 0.0000 0.0000	</row1>
							<row2>	0.0000 0.0000 1.0000 0.0000	</row2>
							<row3>	-0.1209 0.0000 0.8572 1.0000	</row3>
						</transform>
						<node>
							<identifier>	HP_gunFire3	</identifier>
							<transform>
								<row0>	1.0000 0.0000 0.0000 0.0000	</row0>
								<row1>	0.0000 1.0000 0.0000 0.0000	</row1>
								<row2>	0.0000 0.0000 1.0000 0.0000	</row2>
								<row3>	0.0000 0.0000 0.0000 1.0000	</row3>
							</transform>
						</node>
						<node>
							<identifier>	Roll_Back3_BlendBone	</identifier>
							<transform>
								<row0>	1.0000 0.0000 0.0000 0.0000	</row0>
								<row1>	0.0000 1.0000 0.0000 0.0000	</row1>
								<row2>	0.0000 0.0000 -1.0000 0.0000	</row2>
								<row3>	0.1209 -0.0664 -1.0500 1.0000	</row3>
							</transform>
						</node>
					</node>
					<node>
						<identifier>	Rotate_X_BlendBone	</identifier>
						<transform>
							<row0>	1.0000 0.0000 0.0000 0.0000	</row0>
							<row1>	0.0000 1.0000 0.0000 0.0000	</row1>
							<row2>	0.0000 0.0000 -1.0000 0.0000	</row2>
							<row3>	0.0000 -0.0664 -0.1927 1.0000	</row3>
						</transform>
					</node>
				</node>
				<node>
					<identifier>	Rotate_Y_BlendBone	</identifier>
					<transform>
						<row0>	1.0000 0.0000 0.0000 0.0000	</row0>
						<row1>	0.0000 1.0000 0.0000 0.0000	</row1>
						<row2>	0.0000 0.0000 -1.0000 0.0000	</row2>
						<row3>	0.0000 -0.0333 0.0000 1.0000	</row3>
					</transform>
				</node>
			</node>
		</node>
		<node>
			<identifier>	main_gun	</identifier>
			<transform>
				<row0>	1.0000 0.0000 0.0000 0.0000	</row0>
				<row1>	0.0000 1.0000 0.0000 0.0000	</row1>
				<row2>	0.0000 0.0000 1.0000 0.0000	</row2>
				<row3>	0.0000 0.0000 0.0000 1.0000	</row3>
			</transform>
		</node>
	</node>
	<renderSet>
		<treatAsWorldSpaceObject>	true	</treatAsWorldSpaceObject>
		<node>	Rotate_Y_BlendBone	</node>
		<node>	Roll_Back1_BlendBone	</node>
		<node>	Roll_Back2_BlendBone	</node>
		<node>	Roll_Back3_BlendBone	</node>
		<geometry>
			<vertices>	main_gun_lod2Shape.vertices	</vertices>
			<primitive>	main_gun_lod2Shape.indices	</primitive>
			<primitiveGroup>	0
				<material>
					<identifier>	SHIPMAT_PBS_Gun_skinned	</identifier>
					<mfm>	PnFMods/ModsSDK.zip/ASB034_New_Mexico_1941/gun/AGM065_14in50_3Gun_Turret_skinned.mfm	</mfm>
				</material>
			</primitiveGroup>
		</geometry>
	</renderSet>
	<boundingBox>
		<min>	-0.3611 -0.0002 -0.5534	</min>
		<max>	0.3614 0.2312 1.0500	</max>
	</boundingBox>
</AGM065_14in50_3Gun_Turret_lod2.visual>
