<HSC006_Kijkduin_1944_Stern_ports.visual>
	<node>
		<identifier>	Scene Root	</identifier>
		<transform>
			<row0>	1.0000 0.0000 0.0000 0.0000	</row0>
			<row1>	0.0000 1.0000 0.0000 0.0000	</row1>
			<row2>	0.0000 0.0000 1.0000 0.0000	</row2>
			<row3>	0.0000 0.0000 0.0000 1.0000	</row3>
		</transform>
		<node>
			<identifier>	Stern_ports	</identifier>
			<transform>
				<row0>	1.0000 0.0000 0.0000 0.0000	</row0>
				<row1>	0.0000 1.0000 0.0000 0.0000	</row1>
				<row2>	0.0000 0.0000 1.0000 0.0000	</row2>
				<row3>	0.0000 0.0000 0.0000 1.0000	</row3>
			</transform>
			<node>
				<identifier>	HP_FX_Fire_4	</identifier>
				<transform>
					<row0>	1.0000 0.0000 0.0000 0.0000	</row0>
					<row1>	0.0000 1.0000 0.0000 0.0000	</row1>
					<row2>	0.0000 0.0000 1.0000 0.0000	</row2>
					<row3>	0.0000 0.1579 -4.9663 1.0000	</row3>
				</transform>
			</node>
			<node>
				<identifier>	HP_FX_WakeTraceBack	</identifier>
				<transform>
					<row0>	1.0000 0.0000 0.0000 0.0000	</row0>
					<row1>	0.0000 1.0000 0.0000 0.0000	</row1>
					<row2>	0.0000 0.0000 1.0000 0.0000	</row2>
					<row3>	0.0000 0.0000 -6.0679 1.0000	</row3>
				</transform>
			</node>
			<node>
				<identifier>	HP_FX_WakeTrace_screw_1	</identifier>
				<transform>
					<row0>	1.0000 0.0000 0.0000 0.0000	</row0>
					<row1>	0.0000 1.0000 0.0000 0.0000	</row1>
					<row2>	0.0000 0.0000 1.0000 0.0000	</row2>
					<row3>	-0.2560 -0.3150 -5.3040 1.0000	</row3>
				</transform>
			</node>
			<node>
				<identifier>	HP_FX_WakeTrace_screw_2	</identifier>
				<transform>
					<row0>	1.0000 0.0000 0.0000 0.0000	</row0>
					<row1>	0.0000 1.0000 0.0000 0.0000	</row1>
					<row2>	0.0000 0.0000 1.0000 0.0000	</row2>
					<row3>	0.2560 -0.3150 -5.3040 1.0000	</row3>
				</transform>
			</node>
			<node>
				<identifier>	HP_HD_10	</identifier>
				<transform>
					<row0>	-1.0000 0.0000 0.0000 0.0000	</row0>
					<row1>	0.0000 1.0000 0.0000 0.0000	</row1>
					<row2>	0.0000 0.0000 -1.0000 0.0000	</row2>
					<row3>	-0.1533 0.2417 -5.5320 1.0000	</row3>
				</transform>
			</node>
			<node>
				<identifier>	HP_HD_11	</identifier>
				<transform>
					<row0>	-1.0000 0.0000 0.0000 0.0000	</row0>
					<row1>	0.0000 1.0000 0.0000 0.0000	</row1>
					<row2>	0.0000 0.0000 -1.0000 0.0000	</row2>
					<row3>	0.1533 0.2417 -5.5320 1.0000	</row3>
				</transform>
			</node>
			<node>
				<identifier>	HP_HGA_13	</identifier>
				<transform>
					<row0>	-1.0000 0.0000 0.0000 0.0000	</row0>
					<row1>	0.0000 1.0000 0.0000 0.0000	</row1>
					<row2>	0.0000 0.0000 -1.0000 0.0000	</row2>
					<row3>	-0.1953 0.1648 -5.7304 1.0000	</row3>
				</transform>
			</node>
			<node>
				<identifier>	HP_HGA_14	</identifier>
				<transform>
					<row0>	-1.0000 0.0000 0.0000 0.0000	</row0>
					<row1>	0.0000 1.0000 0.0000 0.0000	</row1>
					<row2>	0.0000 0.0000 -1.0000 0.0000	</row2>
					<row3>	0.1953 0.1648 -5.7304 1.0000	</row3>
				</transform>
			</node>
			<node>
				<identifier>	HP_HGB_1	</identifier>
				<transform>
					<row0>	-0.1122 0.0000 0.9937 0.0000	</row0>
					<row1>	0.0000 1.0000 0.0000 0.0000	</row1>
					<row2>	-0.9937 0.0000 -0.1122 0.0000	</row2>
					<row3>	-0.3024 0.1616 -4.8731 1.0000	</row3>
				</transform>
			</node>
			<node>
				<identifier>	HP_HGB_2	</identifier>
				<transform>
					<row0>	-0.1122 0.0000 -0.9937 0.0000	</row0>
					<row1>	0.0000 1.0000 0.0000 0.0000	</row1>
					<row2>	0.9937 0.0000 -0.1122 0.0000	</row2>
					<row3>	0.3024 0.1616 -4.8731 1.0000	</row3>
				</transform>
			</node>
			<node>
				<identifier>	HP_HGM_4	</identifier>
				<transform>
					<row0>	-1.0000 0.0000 0.0000 0.0000	</row0>
					<row1>	0.0000 1.0000 0.0000 0.0000	</row1>
					<row2>	0.0000 0.0000 -1.0000 0.0000	</row2>
					<row3>	0.0000 0.1727 -4.2236 1.0000	</row3>
				</transform>
			</node>
			<node>
				<identifier>	HP_Ship_death_3	</identifier>
				<transform>
					<row0>	1.0000 0.0000 0.0000 0.0000	</row0>
					<row1>	0.0000 1.0000 0.0000 0.0000	</row1>
					<row2>	0.0000 0.0000 1.0000 0.0000	</row2>
					<row3>	0.0000 0.0000 -3.8263 1.0000	</row3>
				</transform>
			</node>
			<node>
				<identifier>	MP_CM011_Fire_Fighting_Gear	</identifier>
				<transform>
					<row0>	1.0000 0.0000 0.0000 0.0000	</row0>
					<row1>	0.0000 1.0000 0.0000 0.0000	</row1>
					<row2>	0.0000 0.0000 1.0000 0.0000	</row2>
					<row3>	0.1573 0.1645 -4.7617 1.0000	</row3>
				</transform>
			</node>
			<node>
				<identifier>	MP_CM161_Propeller_4_8m_BB_R	</identifier>
				<transform>
					<row0>	0.9372 0.0000 0.0066 0.0000	</row0>
					<row1>	0.0001 0.9369 -0.0212 0.0000	</row1>
					<row2>	-0.0066 0.0212 0.9369 0.0000	</row2>
					<row3>	0.2530 -0.3173 -5.3030 1.0000	</row3>
				</transform>
			</node>
			<node>
				<identifier>	MP_CM162_Propeller_4_8m_BB_L	</identifier>
				<transform>
					<row0>	0.9372 0.0000 -0.0066 0.0000	</row0>
					<row1>	-0.0001 0.9369 -0.0212 0.0000	</row1>
					<row2>	0.0066 0.0212 0.9369 0.0000	</row2>
					<row3>	-0.2530 -0.3173 -5.3030 1.0000	</row3>
				</transform>
			</node>
			<node>
				<identifier>	MP_HM003_Loudspeaker	</identifier>
				<transform>
					<row0>	0.9988 0.0000 0.0495 0.0000	</row0>
					<row1>	0.0000 1.0000 0.0000 0.0000	</row1>
					<row2>	-0.0495 0.0000 0.9988 0.0000	</row2>
					<row3>	-0.1551 0.2233 -5.4919 1.0000	</row3>
				</transform>
			</node>
			<node>
				<identifier>	MP_HM007_Lifebuoy	</identifier>
				<transform>
					<row0>	0.1565 0.0000 0.9877 0.0000	</row0>
					<row1>	0.0000 1.0000 0.0000 0.0000	</row1>
					<row2>	-0.9877 0.0000 0.1565 0.0000	</row2>
					<row3>	0.3711 0.2236 -5.1827 1.0000	</row3>
				</transform>
			</node>
			<node>
				<identifier>	MP_HM007_Lifebuoy_INDEX_1	</identifier>
				<transform>
					<row0>	0.1565 0.0000 -0.9877 0.0000	</row0>
					<row1>	0.0000 1.0000 0.0000 0.0000	</row1>
					<row2>	0.9877 0.0000 0.1565 0.0000	</row2>
					<row3>	-0.3711 0.2236 -5.1827 1.0000	</row3>
				</transform>
			</node>
			<node>
				<identifier>	MP_HM026_Smoke_Defence	</identifier>
				<transform>
					<row0>	-0.5345 0.0000 0.8451 0.0000	</row0>
					<row1>	0.0000 1.0000 0.0000 0.0000	</row1>
					<row2>	-0.8451 0.0000 -0.5345 0.0000	</row2>
					<row3>	-0.1012 0.1648 -5.9481 1.0000	</row3>
				</transform>
			</node>
			<node>
				<identifier>	MP_HM026_Smoke_Defence_INDEX_1	</identifier>
				<transform>
					<row0>	-0.5345 0.0000 -0.8451 0.0000	</row0>
					<row1>	0.0000 1.0000 0.0000 0.0000	</row1>
					<row2>	0.8451 0.0000 -0.5345 0.0000	</row2>
					<row3>	0.1012 0.1648 -5.9481 1.0000	</row3>
				</transform>
			</node>
			<node>
				<identifier>	MP_HM030_Helmets	</identifier>
				<transform>
					<row0>	0.2064 0.0000 0.9785 0.0000	</row0>
					<row1>	0.0000 1.0000 0.0000 0.0000	</row1>
					<row2>	-0.9785 0.0000 0.2064 0.0000	</row2>
					<row3>	-0.2226 0.2372 -5.5352 1.0000	</row3>
				</transform>
			</node>
			<node>
				<identifier>	MP_HM030_Helmets_INDEX_1	</identifier>
				<transform>
					<row0>	0.2064 0.0000 -0.9785 0.0000	</row0>
					<row1>	0.0000 1.0000 0.0000 0.0000	</row1>
					<row2>	0.9785 0.0000 0.2064 0.0000	</row2>
					<row3>	0.2226 0.2372 -5.5352 1.0000	</row3>
				</transform>
			</node>
			<node>
				<identifier>	MP_HM620_Depth_Charge_Stowage	</identifier>
				<transform>
					<row0>	-0.9937 0.0000 0.1122 0.0000	</row0>
					<row1>	0.0000 1.0000 0.0000 0.0000	</row1>
					<row2>	-0.1122 0.0000 -0.9937 0.0000	</row2>
					<row3>	0.3259 0.1609 -4.9389 1.0000	</row3>
				</transform>
			</node>
			<node>
				<identifier>	MP_HM620_Depth_Charge_Stowage_INDEX_1	</identifier>
				<transform>
					<row0>	0.9937 0.0000 -0.1122 0.0000	</row0>
					<row1>	0.0000 1.0000 0.0000 0.0000	</row1>
					<row2>	0.1122 0.0000 0.9937 0.0000	</row2>
					<row3>	0.3399 0.1607 -4.8143 1.0000	</row3>
				</transform>
			</node>
			<node>
				<identifier>	MP_HM620_Depth_Charge_Stowage_INDEX_2	</identifier>
				<transform>
					<row0>	-0.9937 0.0000 -0.1122 0.0000	</row0>
					<row1>	0.0000 1.0000 0.0000 0.0000	</row1>
					<row2>	0.1122 0.0000 -0.9937 0.0000	</row2>
					<row3>	-0.3259 0.1609 -4.9389 1.0000	</row3>
				</transform>
			</node>
			<node>
				<identifier>	MP_HM620_Depth_Charge_Stowage_INDEX_3	</identifier>
				<transform>
					<row0>	0.9937 0.0000 0.1122 0.0000	</row0>
					<row1>	0.0000 1.0000 0.0000 0.0000	</row1>
					<row2>	-0.1122 0.0000 0.9937 0.0000	</row2>
					<row3>	-0.3399 0.1607 -4.8143 1.0000	</row3>
				</transform>
			</node>
			<node>
				<identifier>	MP_HM621_Depth_Charge	</identifier>
				<transform>
					<row0>	-0.9937 0.0000 0.1122 0.0000	</row0>
					<row1>	0.1122 0.0000 0.9937 0.0000	</row1>
					<row2>	0.0000 1.0000 0.0000 0.0000	</row2>
					<row3>	0.3233 0.1927 -4.9618 1.0000	</row3>
				</transform>
			</node>
			<node>
				<identifier>	MP_HM621_Depth_Charge_INDEX_1	</identifier>
				<transform>
					<row0>	0.9937 0.0000 -0.1122 0.0000	</row0>
					<row1>	-0.1122 0.0000 -0.9937 0.0000	</row1>
					<row2>	0.0000 1.0000 0.0000 0.0000	</row2>
					<row3>	0.3425 0.1925 -4.7914 1.0000	</row3>
				</transform>
			</node>
			<node>
				<identifier>	MP_HM621_Depth_Charge_INDEX_2	</identifier>
				<transform>
					<row0>	-0.9937 0.0000 -0.1122 0.0000	</row0>
					<row1>	-0.1122 0.0000 0.9937 0.0000	</row1>
					<row2>	0.0000 1.0000 0.0000 0.0000	</row2>
					<row3>	-0.3233 0.1927 -4.9618 1.0000	</row3>
				</transform>
			</node>
			<node>
				<identifier>	MP_HM621_Depth_Charge_INDEX_3	</identifier>
				<transform>
					<row0>	0.9937 0.0000 0.1122 0.0000	</row0>
					<row1>	0.1122 0.0000 -0.9937 0.0000	</row1>
					<row2>	0.0000 1.0000 0.0000 0.0000	</row2>
					<row3>	-0.3425 0.1925 -4.7914 1.0000	</row3>
				</transform>
			</node>
			<node>
				<identifier>	MP_HM753_Hatch	</identifier>
				<transform>
					<row0>	1.0000 0.0000 0.0000 0.0000	</row0>
					<row1>	0.0000 1.0000 0.0000 0.0000	</row1>
					<row2>	0.0000 0.0000 1.0000 0.0000	</row2>
					<row3>	0.1603 0.1634 -5.3465 1.0000	</row3>
				</transform>
			</node>
			<node>
				<identifier>	MP_HM753_Hatch_INDEX_1	</identifier>
				<transform>
					<row0>	1.0000 0.0000 0.0000 0.0000	</row0>
					<row1>	0.0000 1.0000 0.0000 0.0000	</row1>
					<row2>	0.0000 0.0000 1.0000 0.0000	</row2>
					<row3>	0.0646 0.1645 -4.6114 1.0000	</row3>
				</transform>
			</node>
			<node>
				<identifier>	MP_HM753_Hatch_INDEX_2	</identifier>
				<transform>
					<row0>	1.0000 0.0000 0.0000 0.0000	</row0>
					<row1>	0.0000 1.0000 0.0000 0.0000	</row1>
					<row2>	0.0000 0.0000 1.0000 0.0000	</row2>
					<row3>	0.0000 0.1655 -3.9133 1.0000	</row3>
				</transform>
			</node>
			<node>
				<identifier>	MP_HM753_Hatch_INDEX_3	</identifier>
				<transform>
					<row0>	1.0000 0.0000 0.0000 0.0000	</row0>
					<row1>	0.0000 1.0000 0.0000 0.0000	</row1>
					<row2>	0.0000 0.0000 1.0000 0.0000	</row2>
					<row3>	-0.1603 0.1634 -5.3465 1.0000	</row3>
				</transform>
			</node>
			<node>
				<identifier>	MP_HM753_Hatch_INDEX_4	</identifier>
				<transform>
					<row0>	1.0000 0.0000 0.0000 0.0000	</row0>
					<row1>	0.0000 1.0000 0.0000 0.0000	</row1>
					<row2>	0.0000 0.0000 1.0000 0.0000	</row2>
					<row3>	0.0000 0.1642 -5.7701 1.0000	</row3>
				</transform>
			</node>
			<node>
				<identifier>	MP_HM863_Running_Lights_B	</identifier>
				<transform>
					<row0>	-1.6392 0.0000 0.0000 0.0000	</row0>
					<row1>	0.0000 1.6392 0.0000 0.0000	</row1>
					<row2>	0.0000 0.0000 -1.6392 0.0000	</row2>
					<row3>	0.0000 0.2756 -6.1266 1.0000	</row3>
				</transform>
			</node>
			<node>
				<identifier>	MP_HM965_Capstan_Stern	</identifier>
				<transform>
					<row0>	1.0000 0.0000 0.0000 0.0000	</row0>
					<row1>	0.0000 1.0000 0.0000 0.0000	</row1>
					<row2>	0.0000 0.0000 1.0000 0.0000	</row2>
					<row3>	0.0000 0.1855 -5.2641 1.0000	</row3>
				</transform>
			</node>
		</node>
	</node>
	<boundingBox>
		<min>	-0.0667 -0.0667 -0.0667	</min>
		<max>	0.0667 0.0667 0.0667	</max>
	</boundingBox>
</HSC006_Kijkduin_1944_Stern_ports.visual>
