<AAB710_Douglas_BTD_1_proto.visual>
	<node>
		<identifier>	Scene Root	</identifier>
		<transform>
			<row0>	1.0000 0.0000 0.0000 0.0000	</row0>
			<row1>	0.0000 1.0000 0.0000 0.0000	</row1>
			<row2>	0.0000 0.0000 1.0000 0.0000	</row2>
			<row3>	0.0000 0.0000 0.0000 1.0000	</row3>
		</transform>
		<node>
			<identifier>	Hull	</identifier>
			<transform>
				<row0>	1.0000 0.0000 0.0000 0.0000	</row0>
				<row1>	0.0000 1.0000 0.0000 0.0000	</row1>
				<row2>	0.0000 0.0000 1.0000 0.0000	</row2>
				<row3>	0.0000 0.0000 0.0000 1.0000	</row3>
			</transform>
			<node>
				<identifier>	chassis_off_BlendBone	</identifier>
				<transform>
					<row0>	1.0000 0.0000 0.0000 0.0000	</row0>
					<row1>	0.0000 1.0000 0.0000 0.0000	</row1>
					<row2>	0.0000 0.0000 1.0000 0.0000	</row2>
					<row3>	0.0000 0.0000 0.0000 1.0000	</row3>
				</transform>
			</node>
			<node>
				<identifier>	chassis_on_BlendBone	</identifier>
				<transform>
					<row0>	1.0000 0.0000 0.0000 0.0000	</row0>
					<row1>	0.0000 1.0000 0.0000 0.0000	</row1>
					<row2>	0.0000 0.0000 1.0000 0.0000	</row2>
					<row3>	0.0000 0.0000 0.0000 1.0000	</row3>
				</transform>
			</node>
			<node>
				<identifier>	hull_wire	</identifier>
				<transform>
					<row0>	1.0000 0.0000 0.0000 0.0000	</row0>
					<row1>	0.0000 1.0000 0.0000 0.0000	</row1>
					<row2>	0.0000 0.0000 1.0000 0.0000	</row2>
					<row3>	0.0000 0.0000 0.0000 1.0000	</row3>
				</transform>
			</node>
			<node>
				<identifier>	propeller_mod	</identifier>
				<transform>
					<row0>	1.0000 0.0000 0.0000 0.0000	</row0>
					<row1>	0.0000 1.0000 0.0000 0.0000	</row1>
					<row2>	0.0000 0.0000 1.0000 0.0000	</row2>
					<row3>	0.0000 0.1139 0.2795 1.0000	</row3>
				</transform>
				<node>
					<identifier>	disc	</identifier>
					<transform>
						<row0>	1.0000 0.0000 0.0000 0.0000	</row0>
						<row1>	0.0000 1.0000 0.0000 0.0000	</row1>
						<row2>	0.0000 0.0000 1.0000 0.0000	</row2>
						<row3>	0.0000 0.0000 0.0000 1.0000	</row3>
					</transform>
					<node>
						<identifier>	disc_1	</identifier>
						<transform>
							<row0>	1.0000 0.0000 0.0000 0.0000	</row0>
							<row1>	0.0000 1.0000 0.0000 0.0000	</row1>
							<row2>	0.0000 0.0000 1.0000 0.0000	</row2>
							<row3>	0.0000 0.0000 0.0000 1.0000	</row3>
						</transform>
					</node>
				</node>
				<node>
					<identifier>	mod	</identifier>
					<transform>
						<row0>	1.0000 0.0000 0.0000 0.0000	</row0>
						<row1>	0.0000 1.0000 0.0000 0.0000	</row1>
						<row2>	0.0000 0.0000 1.0000 0.0000	</row2>
						<row3>	0.0000 0.0000 0.0000 1.0000	</row3>
					</transform>
				</node>
			</node>
			<node>
				<identifier>	pylon_bomb_custom_BlendBone	</identifier>
				<transform>
					<row0>	1.0000 0.0000 0.0000 0.0000	</row0>
					<row1>	0.0000 1.0000 0.0000 0.0000	</row1>
					<row2>	0.0000 0.0000 1.0000 0.0000	</row2>
					<row3>	0.0000 0.0000 0.0000 1.0000	</row3>
				</transform>
			</node>
			<node>
				<identifier>	pylon_bomb_default_BlendBone	</identifier>
				<transform>
					<row0>	1.0000 0.0000 0.0000 0.0000	</row0>
					<row1>	0.0000 1.0000 0.0000 0.0000	</row1>
					<row2>	0.0000 0.0000 1.0000 0.0000	</row2>
					<row3>	0.0000 0.0000 0.0000 1.0000	</row3>
				</transform>
			</node>
			<node>
				<identifier>	pylon_rocket_default_BlendBone	</identifier>
				<transform>
					<row0>	1.0000 0.0000 0.0000 0.0000	</row0>
					<row1>	0.0000 1.0000 0.0000 0.0000	</row1>
					<row2>	0.0000 0.0000 1.0000 0.0000	</row2>
					<row3>	0.0000 0.0000 0.0000 1.0000	</row3>
				</transform>
			</node>
		</node>
		<node>
			<identifier>	Root	</identifier>
			<transform>
				<row0>	1.0000 0.0000 0.0000 0.0000	</row0>
				<row1>	0.0000 1.0000 0.0000 0.0000	</row1>
				<row2>	0.0000 0.0000 1.0000 0.0000	</row2>
				<row3>	0.0000 0.0000 0.0000 1.0000	</row3>
			</transform>
			<node>
				<identifier>	HP_Air_break_1	</identifier>
				<transform>
					<row0>	1.0000 0.0000 0.0000 0.0000	</row0>
					<row1>	0.0000 1.0000 0.0000 0.0000	</row1>
					<row2>	0.0000 0.0000 1.0000 0.0000	</row2>
					<row3>	-0.1895 0.0920 -0.0626 1.0000	</row3>
				</transform>
			</node>
			<node>
				<identifier>	HP_Air_break_2	</identifier>
				<transform>
					<row0>	1.0000 0.0000 0.0000 0.0000	</row0>
					<row1>	0.0000 1.0000 0.0000 0.0000	</row1>
					<row2>	0.0000 0.0000 1.0000 0.0000	</row2>
					<row3>	0.1895 0.0920 -0.0626 1.0000	</row3>
				</transform>
			</node>
			<node>
				<identifier>	HP_Air_death_1	</identifier>
				<transform>
					<row0>	1.0000 0.0000 0.0000 0.0000	</row0>
					<row1>	0.0000 1.0000 0.0000 0.0000	</row1>
					<row2>	0.0000 0.0000 1.0000 0.0000	</row2>
					<row3>	0.0000 0.1163 0.1525 1.0000	</row3>
				</transform>
			</node>
			<node>
				<identifier>	HP_Air_enginelight_1	</identifier>
				<transform>
					<row0>	0.9922 0.0000 -0.1248 0.0000	</row0>
					<row1>	0.0000 1.0000 0.0000 0.0000	</row1>
					<row2>	0.0000 0.0000 0.0000 0.0000	</row2>
					<row3>	-0.0473 0.1181 0.1796 1.0000	</row3>
				</transform>
			</node>
			<node>
				<identifier>	HP_Air_enginelight_2	</identifier>
				<transform>
					<row0>	0.9922 0.0000 0.1248 0.0000	</row0>
					<row1>	0.0000 1.0000 0.0000 0.0000	</row1>
					<row2>	0.0000 0.0000 0.0000 0.0000	</row2>
					<row3>	0.0473 0.1181 0.1796 1.0000	</row3>
				</transform>
			</node>
			<node>
				<identifier>	HP_Air_enginelight_3	</identifier>
				<transform>
					<row0>	0.9922 0.0000 -0.1248 0.0000	</row0>
					<row1>	0.0000 1.0000 0.0000 0.0000	</row1>
					<row2>	0.0000 0.0000 0.0000 0.0000	</row2>
					<row3>	-0.0490 0.1022 0.1797 1.0000	</row3>
				</transform>
			</node>
			<node>
				<identifier>	HP_Air_enginelight_4	</identifier>
				<transform>
					<row0>	0.9922 0.0000 0.1248 0.0000	</row0>
					<row1>	0.0000 1.0000 0.0000 0.0000	</row1>
					<row2>	0.0000 0.0000 0.0000 0.0000	</row2>
					<row3>	0.0468 0.1266 0.1796 1.0000	</row3>
				</transform>
			</node>
			<node>
				<identifier>	HP_Air_enginelight_5	</identifier>
				<transform>
					<row0>	0.9922 0.0000 -0.1248 0.0000	</row0>
					<row1>	0.0000 1.0000 0.0000 0.0000	</row1>
					<row2>	0.0000 0.0000 0.0000 0.0000	</row2>
					<row3>	-0.0468 0.1266 0.1796 1.0000	</row3>
				</transform>
			</node>
			<node>
				<identifier>	HP_Air_enginelight_6	</identifier>
				<transform>
					<row0>	0.9922 0.0000 0.1248 0.0000	</row0>
					<row1>	0.0000 1.0000 0.0000 0.0000	</row1>
					<row2>	0.0000 0.0000 0.0000 0.0000	</row2>
					<row3>	0.0490 0.1022 0.1797 1.0000	</row3>
				</transform>
			</node>
			<node>
				<identifier>	HP_Air_fire_1	</identifier>
				<transform>
					<row0>	1.0000 0.0000 0.0000 0.0000	</row0>
					<row1>	0.0000 1.0000 0.0000 0.0000	</row1>
					<row2>	0.0000 0.0000 1.0000 0.0000	</row2>
					<row3>	0.0473 0.1181 0.1796 1.0000	</row3>
				</transform>
			</node>
			<node>
				<identifier>	HP_Air_fire_2	</identifier>
				<transform>
					<row0>	1.0000 0.0000 0.0000 0.0000	</row0>
					<row1>	0.0000 1.0000 0.0000 0.0000	</row1>
					<row2>	0.0000 0.0000 1.0000 0.0000	</row2>
					<row3>	-0.0473 0.1181 0.1796 1.0000	</row3>
				</transform>
			</node>
			<node>
				<identifier>	HP_Air_fire_3	</identifier>
				<transform>
					<row0>	1.0000 0.0000 0.0000 0.0000	</row0>
					<row1>	0.0000 1.0000 0.0000 0.0000	</row1>
					<row2>	0.0000 0.0000 1.0000 0.0000	</row2>
					<row3>	0.0931 0.1129 0.0974 1.0000	</row3>
				</transform>
			</node>
			<node>
				<identifier>	HP_Air_fire_4	</identifier>
				<transform>
					<row0>	1.0000 0.0000 0.0000 0.0000	</row0>
					<row1>	0.0000 1.0000 0.0000 0.0000	</row1>
					<row2>	0.0000 0.0000 1.0000 0.0000	</row2>
					<row3>	0.1625 0.0964 0.0926 1.0000	</row3>
				</transform>
			</node>
			<node>
				<identifier>	HP_Air_fire_5	</identifier>
				<transform>
					<row0>	1.0000 0.0000 0.0000 0.0000	</row0>
					<row1>	0.0000 1.0000 0.0000 0.0000	</row1>
					<row2>	0.0000 0.0000 1.0000 0.0000	</row2>
					<row3>	-0.0810 0.1158 0.0983 1.0000	</row3>
				</transform>
			</node>
			<node>
				<identifier>	HP_Air_fire_6	</identifier>
				<transform>
					<row0>	1.0000 0.0000 0.0000 0.0000	</row0>
					<row1>	0.0000 1.0000 0.0000 0.0000	</row1>
					<row2>	0.0000 0.0000 1.0000 0.0000	</row2>
					<row3>	-0.1449 0.1005 0.0938 1.0000	</row3>
				</transform>
			</node>
			<node>
				<identifier>	HP_Air_fire_7	</identifier>
				<transform>
					<row0>	1.0000 0.0000 0.0000 0.0000	</row0>
					<row1>	0.0000 1.0000 0.0000 0.0000	</row1>
					<row2>	0.0000 0.0000 1.0000 0.0000	</row2>
					<row3>	0.0000 0.1459 -0.3619 1.0000	</row3>
				</transform>
			</node>
			<node>
				<identifier>	HP_Air_flytrail_1	</identifier>
				<transform>
					<row0>	1.0000 0.0000 0.0000 0.0000	</row0>
					<row1>	0.0000 1.0000 0.0000 0.0000	</row1>
					<row2>	0.0000 0.0000 1.0000 0.0000	</row2>
					<row3>	-0.4510 0.1567 0.0335 1.0000	</row3>
				</transform>
			</node>
			<node>
				<identifier>	HP_Air_flytrail_2	</identifier>
				<transform>
					<row0>	1.0000 0.0000 0.0000 0.0000	</row0>
					<row1>	0.0000 1.0000 0.0000 0.0000	</row1>
					<row2>	0.0000 0.0000 1.0000 0.0000	</row2>
					<row3>	0.4510 0.1567 0.0335 1.0000	</row3>
				</transform>
			</node>
			<node>
				<identifier>	HP_Air_gunfire_1	</identifier>
				<transform>
					<row0>	1.0000 0.0000 0.0000 0.0000	</row0>
					<row1>	0.0000 1.0000 0.0000 0.0000	</row1>
					<row2>	0.0000 0.0000 1.0000 0.0000	</row2>
					<row3>	-0.2024 0.0942 0.1364 1.0000	</row3>
				</transform>
			</node>
			<node>
				<identifier>	HP_Air_gunfire_2	</identifier>
				<transform>
					<row0>	1.0000 0.0000 0.0000 0.0000	</row0>
					<row1>	0.0000 1.0000 0.0000 0.0000	</row1>
					<row2>	0.0000 0.0000 1.0000 0.0000	</row2>
					<row3>	0.2024 0.0942 0.1364 1.0000	</row3>
				</transform>
			</node>
			<node>
				<identifier>	HP_Air_gunfire_back_1	</identifier>
				<transform>
					<row0>	1.0000 0.0000 0.0000 0.0000	</row0>
					<row1>	0.0000 1.0000 0.0000 0.0000	</row1>
					<row2>	0.0000 0.0000 1.0000 0.0000	</row2>
					<row3>	0.0000 0.1991 -0.0510 1.0000	</row3>
				</transform>
			</node>
			<node>
				<identifier>	HP_Air_ricochet_1	</identifier>
				<transform>
					<row0>	1.0000 0.0000 0.0000 0.0000	</row0>
					<row1>	0.0000 1.0000 0.0000 0.0000	</row1>
					<row2>	0.0000 0.0000 1.0000 0.0000	</row2>
					<row3>	-0.0362 0.1488 -0.2923 1.0000	</row3>
				</transform>
			</node>
			<node>
				<identifier>	HP_Air_ricochet_10	</identifier>
				<transform>
					<row0>	1.0000 0.0000 0.0000 0.0000	</row0>
					<row1>	0.0000 1.0000 0.0000 0.0000	</row1>
					<row2>	0.0000 0.0000 1.0000 0.0000	</row2>
					<row3>	-0.0118 0.1847 -0.0900 1.0000	</row3>
				</transform>
			</node>
			<node>
				<identifier>	HP_Air_ricochet_2	</identifier>
				<transform>
					<row0>	1.0000 0.0000 0.0000 0.0000	</row0>
					<row1>	0.0000 1.0000 0.0000 0.0000	</row1>
					<row2>	0.0000 0.0000 1.0000 0.0000	</row2>
					<row3>	0.0426 0.1424 -0.1956 1.0000	</row3>
				</transform>
			</node>
			<node>
				<identifier>	HP_Air_ricochet_3	</identifier>
				<transform>
					<row0>	1.0000 0.0000 0.0000 0.0000	</row0>
					<row1>	0.0000 1.0000 0.0000 0.0000	</row1>
					<row2>	0.0000 0.0000 1.0000 0.0000	</row2>
					<row3>	0.0936 0.1651 -0.3762 1.0000	</row3>
				</transform>
			</node>
			<node>
				<identifier>	HP_Air_ricochet_4	</identifier>
				<transform>
					<row0>	1.0000 0.0000 0.0000 0.0000	</row0>
					<row1>	0.0000 1.0000 0.0000 0.0000	</row1>
					<row2>	0.0000 0.0000 1.0000 0.0000	</row2>
					<row3>	-0.1172 0.1684 -0.3951 1.0000	</row3>
				</transform>
			</node>
			<node>
				<identifier>	HP_Air_ricochet_5	</identifier>
				<transform>
					<row0>	1.0000 0.0000 0.0000 0.0000	</row0>
					<row1>	0.0000 1.0000 0.0000 0.0000	</row1>
					<row2>	0.0000 0.0000 1.0000 0.0000	</row2>
					<row3>	-0.3269 0.1331 -0.0173 1.0000	</row3>
				</transform>
			</node>
			<node>
				<identifier>	HP_Air_ricochet_6	</identifier>
				<transform>
					<row0>	1.0000 0.0000 0.0000 0.0000	</row0>
					<row1>	0.0000 1.0000 0.0000 0.0000	</row1>
					<row2>	0.0000 0.0000 1.0000 0.0000	</row2>
					<row3>	0.4213 0.1562 0.0260 1.0000	</row3>
				</transform>
			</node>
			<node>
				<identifier>	HP_Air_ricochet_7	</identifier>
				<transform>
					<row0>	1.0000 0.0000 0.0000 0.0000	</row0>
					<row1>	0.0000 1.0000 0.0000 0.0000	</row1>
					<row2>	0.0000 0.0000 1.0000 0.0000	</row2>
					<row3>	-0.0441 0.0895 -0.1812 1.0000	</row3>
				</transform>
			</node>
			<node>
				<identifier>	HP_Air_ricochet_8	</identifier>
				<transform>
					<row0>	1.0000 0.0000 0.0000 0.0000	</row0>
					<row1>	0.0000 1.0000 0.0000 0.0000	</row1>
					<row2>	0.0000 0.0000 1.0000 0.0000	</row2>
					<row3>	-0.0059 0.2583 -0.3932 1.0000	</row3>
				</transform>
			</node>
			<node>
				<identifier>	HP_Air_ricochet_9	</identifier>
				<transform>
					<row0>	1.0000 0.0000 0.0000 0.0000	</row0>
					<row1>	0.0000 1.0000 0.0000 0.0000	</row1>
					<row2>	0.0000 0.0000 1.0000 0.0000	</row2>
					<row3>	0.0006 0.2009 -0.3509 1.0000	</row3>
				</transform>
			</node>
			<node>
				<identifier>	HP_Air_rocket_1	</identifier>
				<transform>
					<row0>	0.9703 -0.2419 0.0014 0.0000	</row0>
					<row1>	0.2409 0.9666 0.0879 0.0000	</row1>
					<row2>	-0.0226 -0.0849 0.9961 0.0000	</row2>
					<row3>	-0.3052 0.0989 0.0535 1.0000	</row3>
				</transform>
			</node>
			<node>
				<identifier>	HP_Air_rocket_10	</identifier>
				<transform>
					<row0>	0.9703 0.2419 -0.0014 0.0000	</row0>
					<row1>	-0.2409 0.9666 0.0879 0.0000	</row1>
					<row2>	0.0226 -0.0849 0.9961 0.0000	</row2>
					<row3>	0.3715 0.1173 0.0508 1.0000	</row3>
				</transform>
			</node>
			<node>
				<identifier>	HP_Air_rocket_11	</identifier>
				<transform>
					<row0>	0.9703 -0.2419 0.0014 0.0000	</row0>
					<row1>	0.2409 0.9666 0.0879 0.0000	</row1>
					<row2>	-0.0226 -0.0849 0.9961 0.0000	</row2>
					<row3>	-0.3880 0.1219 0.0501 1.0000	</row3>
				</transform>
			</node>
			<node>
				<identifier>	HP_Air_rocket_12	</identifier>
				<transform>
					<row0>	0.9703 0.2419 -0.0014 0.0000	</row0>
					<row1>	-0.2409 0.9666 0.0879 0.0000	</row1>
					<row2>	0.0226 -0.0849 0.9961 0.0000	</row2>
					<row3>	0.3880 0.1219 0.0501 1.0000	</row3>
				</transform>
			</node>
			<node>
				<identifier>	HP_Air_rocket_2	</identifier>
				<transform>
					<row0>	0.9703 0.2419 -0.0014 0.0000	</row0>
					<row1>	-0.2409 0.9666 0.0879 0.0000	</row1>
					<row2>	0.0226 -0.0849 0.9961 0.0000	</row2>
					<row3>	0.3052 0.0989 0.0535 1.0000	</row3>
				</transform>
			</node>
			<node>
				<identifier>	HP_Air_rocket_3	</identifier>
				<transform>
					<row0>	0.9703 -0.2419 0.0014 0.0000	</row0>
					<row1>	0.2409 0.9666 0.0879 0.0000	</row1>
					<row2>	-0.0226 -0.0849 0.9961 0.0000	</row2>
					<row3>	-0.3218 0.1034 0.0528 1.0000	</row3>
				</transform>
			</node>
			<node>
				<identifier>	HP_Air_rocket_4	</identifier>
				<transform>
					<row0>	0.9703 0.2419 -0.0014 0.0000	</row0>
					<row1>	-0.2409 0.9666 0.0879 0.0000	</row1>
					<row2>	0.0226 -0.0849 0.9961 0.0000	</row2>
					<row3>	0.3218 0.1034 0.0528 1.0000	</row3>
				</transform>
			</node>
			<node>
				<identifier>	HP_Air_rocket_5	</identifier>
				<transform>
					<row0>	0.9703 -0.2419 0.0014 0.0000	</row0>
					<row1>	0.2409 0.9666 0.0879 0.0000	</row1>
					<row2>	-0.0226 -0.0849 0.9961 0.0000	</row2>
					<row3>	-0.3383 0.1081 0.0522 1.0000	</row3>
				</transform>
			</node>
			<node>
				<identifier>	HP_Air_rocket_6	</identifier>
				<transform>
					<row0>	0.9703 0.2419 -0.0014 0.0000	</row0>
					<row1>	-0.2409 0.9666 0.0879 0.0000	</row1>
					<row2>	0.0226 -0.0849 0.9961 0.0000	</row2>
					<row3>	0.3383 0.1081 0.0522 1.0000	</row3>
				</transform>
			</node>
			<node>
				<identifier>	HP_Air_rocket_7	</identifier>
				<transform>
					<row0>	0.9703 -0.2419 0.0014 0.0000	</row0>
					<row1>	0.2409 0.9666 0.0879 0.0000	</row1>
					<row2>	-0.0226 -0.0849 0.9961 0.0000	</row2>
					<row3>	-0.3549 0.1127 0.0515 1.0000	</row3>
				</transform>
			</node>
			<node>
				<identifier>	HP_Air_rocket_8	</identifier>
				<transform>
					<row0>	0.9703 0.2419 -0.0014 0.0000	</row0>
					<row1>	-0.2409 0.9666 0.0879 0.0000	</row1>
					<row2>	0.0226 -0.0849 0.9961 0.0000	</row2>
					<row3>	0.3549 0.1127 0.0515 1.0000	</row3>
				</transform>
			</node>
			<node>
				<identifier>	HP_Air_rocket_9	</identifier>
				<transform>
					<row0>	0.9703 -0.2419 0.0014 0.0000	</row0>
					<row1>	0.2409 0.9666 0.0879 0.0000	</row1>
					<row2>	-0.0226 -0.0849 0.9961 0.0000	</row2>
					<row3>	-0.3715 0.1173 0.0508 1.0000	</row3>
				</transform>
			</node>
			<node>
				<identifier>	HP_Air_sleeve_1	</identifier>
				<transform>
					<row0>	1.0000 0.0000 0.0000 0.0000	</row0>
					<row1>	0.0000 1.0000 0.0000 0.0000	</row1>
					<row2>	0.0000 0.0000 1.0000 0.0000	</row2>
					<row3>	-0.1956 0.0789 -0.0188 1.0000	</row3>
				</transform>
			</node>
			<node>
				<identifier>	HP_Air_sleeve_2	</identifier>
				<transform>
					<row0>	1.0000 0.0000 0.0000 0.0000	</row0>
					<row1>	0.0000 1.0000 0.0000 0.0000	</row1>
					<row2>	0.0000 0.0000 1.0000 0.0000	</row2>
					<row3>	0.1956 0.0789 -0.0188 1.0000	</row3>
				</transform>
			</node>
			<node>
				<identifier>	HP_Air_torpedo_1	</identifier>
				<transform>
					<row0>	0.9998 0.0011 -0.0181 0.0000	</row0>
					<row1>	0.0000 0.9979 0.0645 0.0000	</row1>
					<row2>	0.0181 -0.0645 0.9978 0.0000	</row2>
					<row3>	-0.0494 0.0592 -0.1130 1.0000	</row3>
				</transform>
			</node>
			<node>
				<identifier>	HP_Air_torpedo_2	</identifier>
				<transform>
					<row0>	0.9998 -0.0011 0.0181 0.0000	</row0>
					<row1>	0.0000 0.9979 0.0645 0.0000	</row1>
					<row2>	-0.0181 -0.0645 0.9978 0.0000	</row2>
					<row3>	0.0494 0.0592 -0.1130 1.0000	</row3>
				</transform>
			</node>
			<node>
				<identifier>	HP_jato_1	</identifier>
				<transform>
					<row0>	0.0000 -1.0000 0.0000 0.0000	</row0>
					<row1>	1.0000 0.0000 0.0000 0.0000	</row1>
					<row2>	0.0000 0.0000 1.0000 0.0000	</row2>
					<row3>	-0.0478 0.1247 -0.1163 1.0000	</row3>
				</transform>
			</node>
			<node>
				<identifier>	HP_jato_2	</identifier>
				<transform>
					<row0>	0.0000 1.0000 0.0000 0.0000	</row0>
					<row1>	-1.0000 0.0000 0.0000 0.0000	</row1>
					<row2>	0.0000 0.0000 1.0000 0.0000	</row2>
					<row3>	0.0478 0.1247 -0.1163 1.0000	</row3>
				</transform>
			</node>
			<node>
				<identifier>	HP_jato_3	</identifier>
				<transform>
					<row0>	1.0000 0.0000 0.0000 0.0000	</row0>
					<row1>	0.0000 0.9986 0.0523 0.0000	</row1>
					<row2>	0.0000 -0.0523 0.9986 0.0000	</row2>
					<row3>	0.0308 0.0915 -0.2293 1.0000	</row3>
				</transform>
			</node>
			<node>
				<identifier>	HP_jato_4	</identifier>
				<transform>
					<row0>	1.0000 0.0000 0.0000 0.0000	</row0>
					<row1>	0.0000 0.9986 0.0523 0.0000	</row1>
					<row2>	0.0000 -0.0523 0.9986 0.0000	</row2>
					<row3>	-0.0308 0.0915 -0.2293 1.0000	</row3>
				</transform>
			</node>
			<node>
				<identifier>	Root_BlendBone	</identifier>
				<transform>
					<row0>	1.0000 0.0000 0.0000 0.0000	</row0>
					<row1>	0.0000 1.0000 0.0000 0.0000	</row1>
					<row2>	0.0000 0.0000 -1.0000 0.0000	</row2>
					<row3>	0.0000 0.0000 0.0000 1.0000	</row3>
				</transform>
			</node>
			<node>
				<identifier>	elevator_1	</identifier>
				<transform>
					<row0>	0.9918 -0.1279 0.0000 0.0000	</row0>
					<row1>	0.1279 0.9918 0.0000 0.0000	</row1>
					<row2>	0.0000 0.0000 1.0000 0.0000	</row2>
					<row3>	-0.0357 0.1533 -0.4182 1.0000	</row3>
				</transform>
				<node>
					<identifier>	elevator_1_BlendBone	</identifier>
					<transform>
						<row0>	0.9918 0.1279 0.0000 0.0000	</row0>
						<row1>	-0.1279 0.9918 0.0000 0.0000	</row1>
						<row2>	0.0000 0.0000 -1.0000 0.0000	</row2>
						<row3>	0.0551 -0.1475 0.4182 1.0000	</row3>
					</transform>
				</node>
			</node>
			<node>
				<identifier>	elevator_2	</identifier>
				<transform>
					<row0>	0.9918 0.1279 0.0000 0.0000	</row0>
					<row1>	-0.1279 0.9918 0.0000 0.0000	</row1>
					<row2>	0.0000 0.0000 1.0000 0.0000	</row2>
					<row3>	0.0357 0.1533 -0.4182 1.0000	</row3>
				</transform>
				<node>
					<identifier>	elevator_2_BlendBone	</identifier>
					<transform>
						<row0>	0.9918 -0.1279 0.0000 0.0000	</row0>
						<row1>	0.1279 0.9918 0.0000 0.0000	</row1>
						<row2>	0.0000 0.0000 -1.0000 0.0000	</row2>
						<row3>	-0.0551 -0.1475 0.4182 1.0000	</row3>
					</transform>
				</node>
			</node>
			<node>
				<identifier>	l_ailerone_1	</identifier>
				<transform>
					<row0>	0.9569 -0.2720 -0.1017 0.0000	</row0>
					<row1>	0.2734 0.9619 0.0000 0.0000	</row1>
					<row2>	0.0979 -0.0278 0.9948 0.0000	</row2>
					<row3>	-0.4320 0.1516 -0.0283 1.0000	</row3>
				</transform>
				<node>
					<identifier>	l_ailerone_1_BlendBone	</identifier>
					<transform>
						<row0>	0.9569 0.2734 0.0979 0.0000	</row0>
						<row1>	-0.2720 0.9619 -0.0278 0.0000	</row1>
						<row2>	0.1017 0.0000 -0.9948 0.0000	</row2>
						<row3>	0.4518 -0.0277 0.0747 1.0000	</row3>
					</transform>
				</node>
			</node>
			<node>
				<identifier>	l_airbrake_1	</identifier>
				<transform>
					<row0>	-0.2847 0.9465 0.1518 0.0000	</row0>
					<row1>	-0.9576 -0.2881 0.0000 0.0000	</row1>
					<row2>	0.0437 -0.1454 0.9884 0.0000	</row2>
					<row3>	-0.0495 0.0995 -0.1725 1.0000	</row3>
				</transform>
				<node>
					<identifier>	l_airbrake_1_BlendBone	</identifier>
					<transform>
						<row0>	-0.2847 -0.9576 0.0437 0.0000	</row0>
						<row1>	0.9465 -0.2881 -0.1454 0.0000	</row1>
						<row2>	-0.1518 0.0000 -0.9884 0.0000	</row2>
						<row3>	-0.0820 -0.0188 0.1872 1.0000	</row3>
					</transform>
				</node>
			</node>
			<node>
				<identifier>	l_airbrake_2	</identifier>
				<transform>
					<row0>	-0.9979 0.0643 -0.0015 0.0000	</row0>
					<row1>	-0.0643 -0.9979 0.0000 0.0000	</row1>
					<row2>	-0.0014 0.0000 1.0000 0.0000	</row2>
					<row3>	-0.0151 0.0701 -0.1627 1.0000	</row3>
				</transform>
				<node>
					<identifier>	l_airbrake_2_BlendBone	</identifier>
					<transform>
						<row0>	-0.9979 -0.0643 -0.0014 0.0000	</row0>
						<row1>	0.0643 -0.9979 0.0000 0.0000	</row1>
						<row2>	0.0015 0.0000 -1.0000 0.0000	</row2>
						<row3>	-0.0198 0.0690 0.1627 1.0000	</row3>
					</transform>
				</node>
			</node>
			<node>
				<identifier>	l_flaps_1	</identifier>
				<transform>
					<row0>	0.9559 -0.2607 -0.1350 0.0000	</row0>
					<row1>	0.2027 0.9187 -0.3389 0.0000	</row1>
					<row2>	0.2124 0.2966 0.9311 0.0000	</row2>
					<row3>	-0.3078 0.1175 -0.0457 1.0000	</row3>
				</transform>
				<node>
					<identifier>	l_flaps_1_BlendBone	</identifier>
					<transform>
						<row0>	0.9559 0.2027 0.2124 0.0000	</row0>
						<row1>	-0.2607 0.9187 0.2966 0.0000	</row1>
						<row2>	0.1350 0.3389 -0.9311 0.0000	</row2>
						<row3>	0.3187 -0.0611 0.0731 1.0000	</row3>
					</transform>
				</node>
			</node>
			<node>
				<identifier>	l_flaps_2	</identifier>
				<transform>
					<row0>	0.9753 0.1973 -0.0990 0.0000	</row0>
					<row1>	-0.2040 0.9770 -0.0623 0.0000	</row1>
					<row2>	0.0845 0.0809 0.9931 0.0000	</row2>
					<row3>	-0.1895 0.0846 -0.0543 1.0000	</row3>
				</transform>
				<node>
					<identifier>	l_flaps_2_BlendBone	</identifier>
					<transform>
						<row0>	0.9753 -0.2040 0.0845 0.0000	</row0>
						<row1>	0.1973 0.9770 0.0809 0.0000	</row1>
						<row2>	0.0990 0.0623 -0.9931 0.0000	</row2>
						<row3>	0.1627 -0.1246 0.0631 1.0000	</row3>
					</transform>
				</node>
			</node>
			<node>
				<identifier>	r_ailerone_1	</identifier>
				<transform>
					<row0>	0.9569 0.2720 0.1017 0.0000	</row0>
					<row1>	-0.2734 0.9619 0.0000 0.0000	</row1>
					<row2>	-0.0978 -0.0278 0.9948 0.0000	</row2>
					<row3>	0.4320 0.1516 -0.0283 1.0000	</row3>
				</transform>
				<node>
					<identifier>	r_ailerone_1_BlendBone	</identifier>
					<transform>
						<row0>	0.9569 -0.2734 -0.0978 0.0000	</row0>
						<row1>	0.2720 0.9619 -0.0278 0.0000	</row1>
						<row2>	-0.1017 0.0000 -0.9948 0.0000	</row2>
						<row3>	-0.4518 -0.0277 0.0747 1.0000	</row3>
					</transform>
				</node>
			</node>
			<node>
				<identifier>	r_airbrake_1	</identifier>
				<transform>
					<row0>	-0.2847 -0.9465 -0.1518 0.0000	</row0>
					<row1>	0.9576 -0.2881 0.0000 0.0000	</row1>
					<row2>	-0.0437 -0.1454 0.9884 0.0000	</row2>
					<row3>	0.0495 0.0995 -0.1725 1.0000	</row3>
				</transform>
				<node>
					<identifier>	r_airbrake_1_BlendBone	</identifier>
					<transform>
						<row0>	-0.2847 0.9576 -0.0437 0.0000	</row0>
						<row1>	-0.9465 -0.2881 -0.1454 0.0000	</row1>
						<row2>	0.1518 0.0000 -0.9884 0.0000	</row2>
						<row3>	0.0820 -0.0188 0.1872 1.0000	</row3>
					</transform>
				</node>
			</node>
			<node>
				<identifier>	r_airbrake_2	</identifier>
				<transform>
					<row0>	-0.9979 -0.0643 -0.0014 0.0000	</row0>
					<row1>	0.0643 -0.9979 0.0000 0.0000	</row1>
					<row2>	-0.0014 0.0000 1.0000 0.0000	</row2>
					<row3>	0.0151 0.0701 -0.1627 1.0000	</row3>
				</transform>
				<node>
					<identifier>	r_airbrake_2_BlendBone	</identifier>
					<transform>
						<row0>	-0.9979 0.0643 -0.0014 0.0000	</row0>
						<row1>	-0.0643 -0.9979 0.0000 0.0000	</row1>
						<row2>	0.0014 0.0000 -1.0000 0.0000	</row2>
						<row3>	0.0194 0.0690 0.1627 1.0000	</row3>
					</transform>
				</node>
			</node>
			<node>
				<identifier>	r_flaps_1	</identifier>
				<transform>
					<row0>	0.9559 0.2607 0.1350 0.0000	</row0>
					<row1>	-0.2027 0.9187 -0.3389 0.0000	</row1>
					<row2>	-0.2124 0.2966 0.9311 0.0000	</row2>
					<row3>	0.3078 0.1175 -0.0457 1.0000	</row3>
				</transform>
				<node>
					<identifier>	r_flaps_1_BlendBone	</identifier>
					<transform>
						<row0>	0.9559 -0.2027 -0.2124 0.0000	</row0>
						<row1>	0.2607 0.9187 0.2966 0.0000	</row1>
						<row2>	-0.1350 0.3389 -0.9311 0.0000	</row2>
						<row3>	-0.3187 -0.0611 0.0731 1.0000	</row3>
					</transform>
				</node>
			</node>
			<node>
				<identifier>	r_flaps_2	</identifier>
				<transform>
					<row0>	0.9753 -0.1973 0.0990 0.0000	</row0>
					<row1>	0.2040 0.9770 -0.0623 0.0000	</row1>
					<row2>	-0.0845 0.0809 0.9931 0.0000	</row2>
					<row3>	0.1895 0.0846 -0.0543 1.0000	</row3>
				</transform>
				<node>
					<identifier>	r_flaps_2_BlendBone	</identifier>
					<transform>
						<row0>	0.9753 0.2040 -0.0845 0.0000	</row0>
						<row1>	-0.1973 0.9770 0.0809 0.0000	</row1>
						<row2>	-0.0990 0.0623 -0.9931 0.0000	</row2>
						<row3>	-0.1627 -0.1246 0.0631 1.0000	</row3>
					</transform>
				</node>
			</node>
			<node>
				<identifier>	rudder_1	</identifier>
				<transform>
					<row0>	1.0000 0.0000 0.0000 0.0000	</row0>
					<row1>	0.0000 1.0000 0.0000 0.0000	</row1>
					<row2>	0.0000 0.0000 1.0000 0.0000	</row2>
					<row3>	0.0000 0.1724 -0.4161 1.0000	</row3>
				</transform>
				<node>
					<identifier>	rudder_1_BlendBone	</identifier>
					<transform>
						<row0>	1.0000 0.0000 0.0000 0.0000	</row0>
						<row1>	0.0000 1.0000 0.0000 0.0000	</row1>
						<row2>	0.0000 0.0000 -1.0000 0.0000	</row2>
						<row3>	0.0000 -0.1724 0.4161 1.0000	</row3>
					</transform>
				</node>
			</node>
		</node>
	</node>
	<renderSet>
		<treatAsWorldSpaceObject>	true	</treatAsWorldSpaceObject>
		<node>	l_ailerone_1_BlendBone	</node>
		<node>	r_airbrake_2_BlendBone	</node>
		<node>	r_flaps_2_BlendBone	</node>
		<node>	Root_BlendBone	</node>
		<node>	r_flaps_1_BlendBone	</node>
		<node>	rudder_1_BlendBone	</node>
		<node>	r_airbrake_1_BlendBone	</node>
		<node>	l_flaps_1_BlendBone	</node>
		<node>	r_ailerone_1_BlendBone	</node>
		<node>	l_flaps_2_BlendBone	</node>
		<node>	elevator_1_BlendBone	</node>
		<node>	l_airbrake_2_BlendBone	</node>
		<node>	l_airbrake_1_BlendBone	</node>
		<node>	elevator_2_BlendBone	</node>
		<geometry>
			<vertices>	HullShape.vertices	</vertices>
			<primitive>	HullShape.indices	</primitive>
			<primitiveGroup>	0
				<material>
					<identifier>	TL2_SHIPMAT_PBS_Hull_skinned	</identifier>
					<mfm>	PnFMods/ModsSDK.zip/ASA111_United_States/aircraft/AAD710_Douglas_BTD_1_skinned.mfm	</mfm>
				</material>
			</primitiveGroup>
		</geometry>
	</renderSet>
	<renderSet>
		<treatAsWorldSpaceObject>	false	</treatAsWorldSpaceObject>
		<node>	chassis_off_BlendBone	</node>
		<geometry>
			<vertices>	chassis_off_BlendBoneShape.vertices	</vertices>
			<primitive>	chassis_off_BlendBoneShape.indices	</primitive>
			<primitiveGroup>	0
				<material>
					<identifier>	TL2_SHIPMAT_PBS_Other	</identifier>
					<mfm>	PnFMods/ModsSDK.zip/ASA111_United_States/aircraft/AAD710_Douglas_BTD_1.mfm	</mfm>
				</material>
			</primitiveGroup>
		</geometry>
	</renderSet>
	<renderSet>
		<treatAsWorldSpaceObject>	false	</treatAsWorldSpaceObject>
		<node>	chassis_on_BlendBone	</node>
		<geometry>
			<vertices>	chassis_on_BlendBoneShape.vertices	</vertices>
			<primitive>	chassis_on_BlendBoneShape.indices	</primitive>
			<primitiveGroup>	0
				<material>
					<identifier>	TL2_SHIPMAT_PBS_Other	</identifier>
					<mfm>	PnFMods/ModsSDK.zip/ASA111_United_States/aircraft/AAD710_Douglas_BTD_1.mfm	</mfm>
				</material>
			</primitiveGroup>
		</geometry>
	</renderSet>
	<renderSet>
		<treatAsWorldSpaceObject>	false	</treatAsWorldSpaceObject>
		<node>	disc	</node>
		<geometry>
			<vertices>	discShape.vertices	</vertices>
			<primitive>	discShape.indices	</primitive>
			<primitiveGroup>	0
				<material>
					<identifier>	PROPELLERMAT_propeller	</identifier>
					<mfm>	PnFMods/ModsSDK.zip/ASA111_United_States/aircraft/Planes_Propeller_3_bw_alpha.mfm	</mfm>
				</material>
			</primitiveGroup>
		</geometry>
	</renderSet>
	<renderSet>
		<treatAsWorldSpaceObject>	false	</treatAsWorldSpaceObject>
		<node>	disc_1	</node>
		<geometry>
			<vertices>	disc_1Shape.vertices	</vertices>
			<primitive>	disc_1Shape.indices	</primitive>
			<primitiveGroup>	0
				<material>
					<identifier>	TL2_SHIPMAT_PBS_Other	</identifier>
					<mfm>	PnFMods/ModsSDK.zip/ASA111_United_States/aircraft/AAD710_Douglas_BTD_1.mfm	</mfm>
				</material>
			</primitiveGroup>
		</geometry>
	</renderSet>
	<renderSet>
		<treatAsWorldSpaceObject>	false	</treatAsWorldSpaceObject>
		<node>	hull_wire	</node>
		<geometry>
			<vertices>	hull_wireShape.vertices	</vertices>
			<primitive>	hull_wireShape.indices	</primitive>
			<primitiveGroup>	0
				<material>
					<identifier>	TL2_SHIPWIRE_PBS_Hull	</identifier>
					<mfm>	PnFMods/ModsSDK.zip/ASA111_United_States/aircraft/AAD710_Douglas_BTD_1_wire.mfm	</mfm>
				</material>
			</primitiveGroup>
		</geometry>
	</renderSet>
	<renderSet>
		<treatAsWorldSpaceObject>	false	</treatAsWorldSpaceObject>
		<node>	mod	</node>
		<geometry>
			<vertices>	modShape.vertices	</vertices>
			<primitive>	modShape.indices	</primitive>
			<primitiveGroup>	0
				<material>
					<identifier>	TL2_SHIPMAT_PBS_Other	</identifier>
					<mfm>	PnFMods/ModsSDK.zip/ASA111_United_States/aircraft/AAD710_Douglas_BTD_1.mfm	</mfm>
				</material>
			</primitiveGroup>
		</geometry>
	</renderSet>
	<renderSet>
		<treatAsWorldSpaceObject>	false	</treatAsWorldSpaceObject>
		<node>	pylon_bomb_custom_BlendBone	</node>
		<geometry>
			<vertices>	pylon_bomb_custom_BlendBoneShape.vertices	</vertices>
			<primitive>	pylon_bomb_custom_BlendBoneShape.indices	</primitive>
			<primitiveGroup>	0
				<material>
					<identifier>	TL2_SHIPMAT_PBS_Other	</identifier>
					<mfm>	PnFMods/ModsSDK.zip/ASA111_United_States/aircraft/AAD710_Douglas_BTD_1.mfm	</mfm>
				</material>
			</primitiveGroup>
		</geometry>
	</renderSet>
	<renderSet>
		<treatAsWorldSpaceObject>	false	</treatAsWorldSpaceObject>
		<node>	pylon_bomb_default_BlendBone	</node>
		<geometry>
			<vertices>	pylon_bomb_default_BlendBoneShape.vertices	</vertices>
			<primitive>	pylon_bomb_default_BlendBoneShape.indices	</primitive>
			<primitiveGroup>	0
				<material>
					<identifier>	TL2_SHIPMAT_PBS_Other	</identifier>
					<mfm>	PnFMods/ModsSDK.zip/ASA111_United_States/aircraft/AAD710_Douglas_BTD_1.mfm	</mfm>
				</material>
			</primitiveGroup>
		</geometry>
	</renderSet>
	<renderSet>
		<treatAsWorldSpaceObject>	false	</treatAsWorldSpaceObject>
		<node>	pylon_rocket_default_BlendBone	</node>
		<geometry>
			<vertices>	pylon_rocket_default_BlendBoneShape.vertices	</vertices>
			<primitive>	pylon_rocket_default_BlendBoneShape.indices	</primitive>
			<primitiveGroup>	0
				<material>
					<identifier>	TL2_SHIPMAT_PBS_Other	</identifier>
					<mfm>	PnFMods/ModsSDK.zip/ASA111_United_States/aircraft/AAD710_Douglas_BTD_1.mfm	</mfm>
				</material>
			</primitiveGroup>
		</geometry>
	</renderSet>
	<boundingBox>
		<min>	-0.4510 -0.0263 -0.4788	</min>
		<max>	0.4510 0.3121 0.3461	</max>
	</boundingBox>
</AAB710_Douglas_BTD_1_proto.visual>
