<ZSD025_Lushun_1955_Stern_ports.visual>
	<node>
		<identifier>	Scene Root	</identifier>
		<transform>
			<row0>	1.0000 0.0000 0.0000 0.0000	</row0>
			<row1>	0.0000 1.0000 0.0000 0.0000	</row1>
			<row2>	0.0000 0.0000 1.0000 0.0000	</row2>
			<row3>	0.0000 0.0000 0.0000 1.0000	</row3>
		</transform>
		<node>
			<identifier>	Stern_ports	</identifier>
			<transform>
				<row0>	1.0000 0.0000 0.0000 0.0000	</row0>
				<row1>	0.0000 1.0000 0.0000 0.0000	</row1>
				<row2>	0.0000 0.0000 1.0000 0.0000	</row2>
				<row3>	0.0000 0.0000 0.0000 1.0000	</row3>
			</transform>
			<node>
				<identifier>	HP_FX_Death_3	</identifier>
				<transform>
					<row0>	1.0000 0.0000 0.0000 0.0000	</row0>
					<row1>	0.0000 1.0000 0.0000 0.0000	</row1>
					<row2>	0.0000 0.0000 1.0000 0.0000	</row2>
					<row3>	0.0000 0.0000 -2.7421 1.0000	</row3>
				</transform>
			</node>
			<node>
				<identifier>	HP_FX_Fire_4	</identifier>
				<transform>
					<row0>	1.0000 0.0000 0.0000 0.0000	</row0>
					<row1>	0.0000 1.0000 0.0000 0.0000	</row1>
					<row2>	0.0000 0.0000 1.0000 0.0000	</row2>
					<row3>	0.0000 0.2531 -3.7015 1.0000	</row3>
				</transform>
			</node>
			<node>
				<identifier>	HP_FX_Flood_water_left_1	</identifier>
				<transform>
					<row0>	-0.9994 0.0000 -0.0356 0.0000	</row0>
					<row1>	0.0000 1.0000 0.0000 0.0000	</row1>
					<row2>	0.0356 0.0000 -0.9994 0.0000	</row2>
					<row3>	-0.2953 0.0139 -4.1473 1.0000	</row3>
				</transform>
			</node>
			<node>
				<identifier>	HP_FX_Flood_water_right_1	</identifier>
				<transform>
					<row0>	0.9985 0.0000 -0.0554 0.0000	</row0>
					<row1>	0.0000 1.0000 0.0000 0.0000	</row1>
					<row2>	0.0554 0.0000 0.9985 0.0000	</row2>
					<row3>	0.2973 0.0222 -4.1460 1.0000	</row3>
				</transform>
			</node>
			<node>
				<identifier>	HP_FX_RepairLight_left_2	</identifier>
				<transform>
					<row0>	-0.0593 0.0000 0.9982 0.0000	</row0>
					<row1>	-0.2046 0.9788 -0.0122 0.0000	</row1>
					<row2>	-0.9771 -0.2049 -0.0581 0.0000	</row2>
					<row3>	-0.3967 0.2461 -3.2723 1.0000	</row3>
				</transform>
			</node>
			<node>
				<identifier>	HP_FX_WakeTraceBack	</identifier>
				<transform>
					<row0>	1.0000 0.0000 0.0000 0.0000	</row0>
					<row1>	0.0000 1.0000 0.0000 0.0000	</row1>
					<row2>	0.0000 0.0000 1.0000 0.0000	</row2>
					<row3>	0.0000 0.0000 -4.2471 1.0000	</row3>
				</transform>
			</node>
			<node>
				<identifier>	HP_FX_WakeTrace_screw_1	</identifier>
				<transform>
					<row0>	1.0000 0.0000 0.0000 0.0000	</row0>
					<row1>	0.0000 1.0000 0.0000 0.0000	</row1>
					<row2>	0.0000 0.0000 1.0000 0.0000	</row2>
					<row3>	-0.2144 -0.2211 -3.7348 1.0000	</row3>
				</transform>
			</node>
			<node>
				<identifier>	HP_FX_WakeTrace_screw_2	</identifier>
				<transform>
					<row0>	1.0000 0.0000 0.0000 0.0000	</row0>
					<row1>	0.0000 1.0000 0.0000 0.0000	</row1>
					<row2>	0.0000 0.0000 1.0000 0.0000	</row2>
					<row3>	0.2144 -0.2211 -3.7348 1.0000	</row3>
				</transform>
			</node>
			<node>
				<identifier>	HP_Ship_death_3	</identifier>
				<transform>
					<row0>	1.0000 0.0000 0.0000 0.0000	</row0>
					<row1>	0.0000 1.0000 0.0000 0.0000	</row1>
					<row2>	0.0000 0.0000 1.0000 0.0000	</row2>
					<row3>	0.0000 0.0000 -2.5059 1.0000	</row3>
				</transform>
			</node>
			<node>
				<identifier>	HP_ZGB_1	</identifier>
				<transform>
					<row0>	0.0000 0.0000 1.0000 0.0000	</row0>
					<row1>	0.0000 1.0000 0.0000 0.0000	</row1>
					<row2>	-1.0000 0.0000 0.0000 0.0000	</row2>
					<row3>	-0.1817 0.2533 -3.9100 1.0000	</row3>
				</transform>
			</node>
			<node>
				<identifier>	HP_ZGB_2	</identifier>
				<transform>
					<row0>	0.0000 0.0000 -1.0000 0.0000	</row0>
					<row1>	0.0000 1.0000 0.0000 0.0000	</row1>
					<row2>	1.0000 0.0000 0.0000 0.0000	</row2>
					<row3>	0.1817 0.2533 -3.9100 1.0000	</row3>
				</transform>
			</node>
			<node>
				<identifier>	HP_ZGB_3	</identifier>
				<transform>
					<row0>	0.0000 0.0000 1.0000 0.0000	</row0>
					<row1>	0.0000 1.0000 0.0000 0.0000	</row1>
					<row2>	-1.0000 0.0000 0.0000 0.0000	</row2>
					<row3>	-0.1817 0.2533 -4.0767 1.0000	</row3>
				</transform>
			</node>
			<node>
				<identifier>	HP_ZGB_4	</identifier>
				<transform>
					<row0>	0.0000 0.0000 -1.0000 0.0000	</row0>
					<row1>	0.0000 1.0000 0.0000 0.0000	</row1>
					<row2>	1.0000 0.0000 0.0000 0.0000	</row2>
					<row3>	0.1817 0.2533 -4.0767 1.0000	</row3>
				</transform>
			</node>
			<node>
				<identifier>	HP_ZGB_5	</identifier>
				<transform>
					<row0>	0.0000 0.0000 1.0000 0.0000	</row0>
					<row1>	0.0000 1.0000 0.0000 0.0000	</row1>
					<row2>	-1.0000 0.0000 0.0000 0.0000	</row2>
					<row3>	-0.1817 0.2533 -4.2433 1.0000	</row3>
				</transform>
			</node>
			<node>
				<identifier>	HP_ZGB_6	</identifier>
				<transform>
					<row0>	0.0000 0.0000 -1.0000 0.0000	</row0>
					<row1>	0.0000 1.0000 0.0000 0.0000	</row1>
					<row2>	1.0000 0.0000 0.0000 0.0000	</row2>
					<row3>	0.1817 0.2533 -4.2433 1.0000	</row3>
				</transform>
			</node>
			<node>
				<identifier>	HP_ZGM_2	</identifier>
				<transform>
					<row0>	-1.0000 0.0000 0.0000 0.0000	</row0>
					<row1>	0.0000 1.0000 0.0000 0.0000	</row1>
					<row2>	0.0000 0.0000 -1.0000 0.0000	</row2>
					<row3>	0.0000 0.2511 -2.8397 1.0000	</row3>
				</transform>
			</node>
			<node>
				<identifier>	MP_CM011_Fire_Fighting_Gear	</identifier>
				<transform>
					<row0>	1.0000 0.0000 0.0000 0.0000	</row0>
					<row1>	0.0000 1.0000 0.0000 0.0000	</row1>
					<row2>	0.0000 0.0000 1.0000 0.0000	</row2>
					<row3>	-0.0654 0.2569 -3.4121 1.0000	</row3>
				</transform>
			</node>
			<node>
				<identifier>	MP_CM029_Emergency_Box	</identifier>
				<transform>
					<row0>	-1.0000 0.0000 0.0000 0.0000	</row0>
					<row1>	0.0000 1.0000 0.0000 0.0000	</row1>
					<row2>	0.0000 0.0000 -1.0000 0.0000	</row2>
					<row3>	0.0127 0.3272 -3.1820 1.0000	</row3>
				</transform>
			</node>
			<node>
				<identifier>	MP_CM079_Fender	</identifier>
				<transform>
					<row0>	0.0000 0.4433 -0.0299 0.0000	</row0>
					<row1>	-0.4443 0.0000 0.0000 0.0000	</row1>
					<row2>	0.0000 0.0299 0.4433 0.0000	</row2>
					<row3>	-0.1259 0.2730 -3.3814 1.0000	</row3>
				</transform>
			</node>
			<node>
				<identifier>	MP_CM079_Fender_INDEX_1	</identifier>
				<transform>
					<row0>	0.0000 0.4436 0.0250 0.0000	</row0>
					<row1>	0.4443 0.0000 0.0000 0.0000	</row1>
					<row2>	0.0000 0.0250 -0.4436 0.0000	</row2>
					<row3>	-0.1260 0.2731 -3.3291 1.0000	</row3>
				</transform>
			</node>
			<node>
				<identifier>	MP_CM112_Fire_Extinguisher	</identifier>
				<transform>
					<row0>	0.0000 0.0000 1.0000 0.0000	</row0>
					<row1>	0.0000 1.0000 0.0000 0.0000	</row1>
					<row2>	-1.0000 0.0000 0.0000 0.0000	</row2>
					<row3>	-0.0373 0.2785 -3.4089 1.0000	</row3>
				</transform>
			</node>
			<node>
				<identifier>	MP_CM166_Propeller4_R	</identifier>
				<transform>
					<row0>	0.7148 -0.0815 0.0288 0.0000	</row0>
					<row1>	0.0829 0.7142 -0.0383 0.0000	</row1>
					<row2>	-0.0243 0.0413 0.7184 0.0000	</row2>
					<row3>	0.2144 -0.2211 -3.7348 1.0000	</row3>
				</transform>
			</node>
			<node>
				<identifier>	MP_CM167_Propeller4_L	</identifier>
				<transform>
					<row0>	0.7148 0.0815 -0.0288 0.0000	</row0>
					<row1>	-0.0829 0.7142 -0.0383 0.0000	</row1>
					<row2>	0.0243 0.0413 0.7184 0.0000	</row2>
					<row3>	-0.2144 -0.2211 -3.7348 1.0000	</row3>
				</transform>
			</node>
			<node>
				<identifier>	MP_RM078_Fairlead_black	</identifier>
				<transform>
					<row0>	0.0000 0.0000 0.5811 0.0000	</row0>
					<row1>	0.0000 0.5811 0.0000 0.0000	</row1>
					<row2>	-0.5811 0.0000 0.0000 0.0000	</row2>
					<row3>	0.0000 0.2567 -3.9308 1.0000	</row3>
				</transform>
			</node>
			<node>
				<identifier>	MP_RM182_Depth_Charge_BB1	</identifier>
				<transform>
					<row0>	-0.5000 -0.8660 0.0000 0.0000	</row0>
					<row1>	0.0000 0.0000 1.0000 0.0000	</row1>
					<row2>	-0.8660 0.5000 0.0000 0.0000	</row2>
					<row3>	-0.1195 0.2918 -3.8412 1.0000	</row3>
				</transform>
			</node>
			<node>
				<identifier>	MP_RM182_Depth_Charge_BB1_INDEX_1	</identifier>
				<transform>
					<row0>	0.8660 -0.5000 0.0000 0.0000	</row0>
					<row1>	0.0000 0.0000 1.0000 0.0000	</row1>
					<row2>	-0.5000 -0.8660 0.0000 0.0000	</row2>
					<row3>	0.1100 0.3113 -4.0079 1.0000	</row3>
				</transform>
			</node>
			<node>
				<identifier>	MP_RM182_Depth_Charge_BB1_INDEX_10	</identifier>
				<transform>
					<row0>	-0.5000 -0.8660 0.0000 0.0000	</row0>
					<row1>	0.0000 0.0000 1.0000 0.0000	</row1>
					<row2>	-0.8660 0.5000 0.0000 0.0000	</row2>
					<row3>	-0.1775 0.2918 -3.8412 1.0000	</row3>
				</transform>
			</node>
			<node>
				<identifier>	MP_RM182_Depth_Charge_BB1_INDEX_11	</identifier>
				<transform>
					<row0>	0.5000 0.8660 0.0000 0.0000	</row0>
					<row1>	0.0000 0.0000 1.0000 0.0000	</row1>
					<row2>	0.8660 -0.5000 0.0000 0.0000	</row2>
					<row3>	0.1485 0.3061 -4.0079 1.0000	</row3>
				</transform>
			</node>
			<node>
				<identifier>	MP_RM182_Depth_Charge_BB1_INDEX_12	</identifier>
				<transform>
					<row0>	0.5000 -0.8660 0.0000 0.0000	</row0>
					<row1>	0.0000 0.0000 1.0000 0.0000	</row1>
					<row2>	-0.8660 -0.5000 0.0000 0.0000	</row2>
					<row3>	-0.1485 0.3061 -3.8412 1.0000	</row3>
				</transform>
			</node>
			<node>
				<identifier>	MP_RM182_Depth_Charge_BB1_INDEX_13	</identifier>
				<transform>
					<row0>	0.5000 0.8660 0.0000 0.0000	</row0>
					<row1>	0.0000 0.0000 1.0000 0.0000	</row1>
					<row2>	0.8660 -0.5000 0.0000 0.0000	</row2>
					<row3>	0.1485 0.3061 -3.8412 1.0000	</row3>
				</transform>
			</node>
			<node>
				<identifier>	MP_RM182_Depth_Charge_BB1_INDEX_14	</identifier>
				<transform>
					<row0>	0.8660 0.5000 0.0000 0.0000	</row0>
					<row1>	0.0000 0.0000 1.0000 0.0000	</row1>
					<row2>	0.5000 -0.8660 0.0000 0.0000	</row2>
					<row3>	-0.1100 0.3113 -4.0079 1.0000	</row3>
				</transform>
			</node>
			<node>
				<identifier>	MP_RM182_Depth_Charge_BB1_INDEX_15	</identifier>
				<transform>
					<row0>	-0.5000 0.8660 0.0000 0.0000	</row0>
					<row1>	0.0000 0.0000 1.0000 0.0000	</row1>
					<row2>	0.8660 0.5000 0.0000 0.0000	</row2>
					<row3>	0.1775 0.2918 -4.1745 1.0000	</row3>
				</transform>
			</node>
			<node>
				<identifier>	MP_RM182_Depth_Charge_BB1_INDEX_16	</identifier>
				<transform>
					<row0>	-0.5000 0.8660 0.0000 0.0000	</row0>
					<row1>	0.0000 0.0000 1.0000 0.0000	</row1>
					<row2>	0.8660 0.5000 0.0000 0.0000	</row2>
					<row3>	0.1775 0.2918 -4.0079 1.0000	</row3>
				</transform>
			</node>
			<node>
				<identifier>	MP_RM182_Depth_Charge_BB1_INDEX_17	</identifier>
				<transform>
					<row0>	0.8660 0.5000 0.0000 0.0000	</row0>
					<row1>	0.0000 0.0000 1.0000 0.0000	</row1>
					<row2>	0.5000 -0.8660 0.0000 0.0000	</row2>
					<row3>	-0.1100 0.3113 -3.8412 1.0000	</row3>
				</transform>
			</node>
			<node>
				<identifier>	MP_RM182_Depth_Charge_BB1_INDEX_18	</identifier>
				<transform>
					<row0>	-0.5000 0.8660 0.0000 0.0000	</row0>
					<row1>	0.0000 0.0000 1.0000 0.0000	</row1>
					<row2>	0.8660 0.5000 0.0000 0.0000	</row2>
					<row3>	0.1195 0.2918 -4.1745 1.0000	</row3>
				</transform>
			</node>
			<node>
				<identifier>	MP_RM182_Depth_Charge_BB1_INDEX_19	</identifier>
				<transform>
					<row0>	0.5000 -0.8660 0.0000 0.0000	</row0>
					<row1>	0.0000 0.0000 1.0000 0.0000	</row1>
					<row2>	-0.8660 -0.5000 0.0000 0.0000	</row2>
					<row3>	-0.1485 0.3061 -4.1745 1.0000	</row3>
				</transform>
			</node>
			<node>
				<identifier>	MP_RM182_Depth_Charge_BB1_INDEX_2	</identifier>
				<transform>
					<row0>	-0.5000 0.8660 0.0000 0.0000	</row0>
					<row1>	0.0000 0.0000 1.0000 0.0000	</row1>
					<row2>	0.8660 0.5000 0.0000 0.0000	</row2>
					<row3>	0.1775 0.2918 -3.8412 1.0000	</row3>
				</transform>
			</node>
			<node>
				<identifier>	MP_RM182_Depth_Charge_BB1_INDEX_20	</identifier>
				<transform>
					<row0>	-0.5000 0.8660 0.0000 0.0000	</row0>
					<row1>	0.0000 0.0000 1.0000 0.0000	</row1>
					<row2>	0.8660 0.5000 0.0000 0.0000	</row2>
					<row3>	0.1195 0.2918 -3.8412 1.0000	</row3>
				</transform>
			</node>
			<node>
				<identifier>	MP_RM182_Depth_Charge_BB1_INDEX_21	</identifier>
				<transform>
					<row0>	-0.5000 -0.8660 0.0000 0.0000	</row0>
					<row1>	0.0000 0.0000 1.0000 0.0000	</row1>
					<row2>	-0.8660 0.5000 0.0000 0.0000	</row2>
					<row3>	-0.1775 0.2918 -4.1745 1.0000	</row3>
				</transform>
			</node>
			<node>
				<identifier>	MP_RM182_Depth_Charge_BB1_INDEX_22	</identifier>
				<transform>
					<row0>	0.5000 -0.8660 0.0000 0.0000	</row0>
					<row1>	0.0000 0.0000 1.0000 0.0000	</row1>
					<row2>	-0.8660 -0.5000 0.0000 0.0000	</row2>
					<row3>	-0.1485 0.3061 -4.0079 1.0000	</row3>
				</transform>
			</node>
			<node>
				<identifier>	MP_RM182_Depth_Charge_BB1_INDEX_23	</identifier>
				<transform>
					<row0>	-0.5000 -0.8660 0.0000 0.0000	</row0>
					<row1>	0.0000 0.0000 1.0000 0.0000	</row1>
					<row2>	-0.8660 0.5000 0.0000 0.0000	</row2>
					<row3>	-0.1775 0.2918 -4.0079 1.0000	</row3>
				</transform>
			</node>
			<node>
				<identifier>	MP_RM182_Depth_Charge_BB1_INDEX_3	</identifier>
				<transform>
					<row0>	0.8660 -0.5000 0.0000 0.0000	</row0>
					<row1>	0.0000 0.0000 1.0000 0.0000	</row1>
					<row2>	-0.5000 -0.8660 0.0000 0.0000	</row2>
					<row3>	0.1100 0.3113 -4.1745 1.0000	</row3>
				</transform>
			</node>
			<node>
				<identifier>	MP_RM182_Depth_Charge_BB1_INDEX_4	</identifier>
				<transform>
					<row0>	0.8660 0.5000 0.0000 0.0000	</row0>
					<row1>	0.0000 0.0000 1.0000 0.0000	</row1>
					<row2>	0.5000 -0.8660 0.0000 0.0000	</row2>
					<row3>	-0.1100 0.3113 -4.1745 1.0000	</row3>
				</transform>
			</node>
			<node>
				<identifier>	MP_RM182_Depth_Charge_BB1_INDEX_5	</identifier>
				<transform>
					<row0>	0.5000 0.8660 0.0000 0.0000	</row0>
					<row1>	0.0000 0.0000 1.0000 0.0000	</row1>
					<row2>	0.8660 -0.5000 0.0000 0.0000	</row2>
					<row3>	0.1485 0.3061 -4.1745 1.0000	</row3>
				</transform>
			</node>
			<node>
				<identifier>	MP_RM182_Depth_Charge_BB1_INDEX_6	</identifier>
				<transform>
					<row0>	-0.5000 -0.8660 0.0000 0.0000	</row0>
					<row1>	0.0000 0.0000 1.0000 0.0000	</row1>
					<row2>	-0.8660 0.5000 0.0000 0.0000	</row2>
					<row3>	-0.1195 0.2918 -4.1745 1.0000	</row3>
				</transform>
			</node>
			<node>
				<identifier>	MP_RM182_Depth_Charge_BB1_INDEX_7	</identifier>
				<transform>
					<row0>	0.8660 -0.5000 0.0000 0.0000	</row0>
					<row1>	0.0000 0.0000 1.0000 0.0000	</row1>
					<row2>	-0.5000 -0.8660 0.0000 0.0000	</row2>
					<row3>	0.1100 0.3113 -3.8412 1.0000	</row3>
				</transform>
			</node>
			<node>
				<identifier>	MP_RM182_Depth_Charge_BB1_INDEX_8	</identifier>
				<transform>
					<row0>	-0.5000 0.8660 0.0000 0.0000	</row0>
					<row1>	0.0000 0.0000 1.0000 0.0000	</row1>
					<row2>	0.8660 0.5000 0.0000 0.0000	</row2>
					<row3>	0.1195 0.2918 -4.0079 1.0000	</row3>
				</transform>
			</node>
			<node>
				<identifier>	MP_RM182_Depth_Charge_BB1_INDEX_9	</identifier>
				<transform>
					<row0>	-0.5000 -0.8660 0.0000 0.0000	</row0>
					<row1>	0.0000 0.0000 1.0000 0.0000	</row1>
					<row2>	-0.8660 0.5000 0.0000 0.0000	</row2>
					<row3>	-0.1195 0.2918 -4.0079 1.0000	</row3>
				</transform>
			</node>
			<node>
				<identifier>	MP_RM265_Bollard	</identifier>
				<transform>
					<row0>	1.4118 0.0000 0.0000 0.0000	</row0>
					<row1>	0.0000 1.4118 0.0000 0.0000	</row1>
					<row2>	0.0000 0.0000 1.4118 0.0000	</row2>
					<row3>	-0.0002 0.2475 -3.7374 1.0000	</row3>
				</transform>
			</node>
			<node>
				<identifier>	MP_RM281_Bollard	</identifier>
				<transform>
					<row0>	0.6189 -0.0107 -0.0433 0.0000	</row0>
					<row1>	0.0108 0.6204 0.0021 0.0000	</row1>
					<row2>	0.0433 -0.0029 0.6190 0.0000	</row2>
					<row3>	0.3435 0.2496 -3.7246 1.0000	</row3>
				</transform>
			</node>
			<node>
				<identifier>	MP_RM281_Bollard_INDEX_1	</identifier>
				<transform>
					<row0>	0.6189 0.0107 0.0433 0.0000	</row0>
					<row1>	-0.0108 0.6204 0.0021 0.0000	</row1>
					<row2>	-0.0433 -0.0029 0.6190 0.0000	</row2>
					<row3>	-0.3435 0.2496 -3.7246 1.0000	</row3>
				</transform>
			</node>
			<node>
				<identifier>	MP_RM281_Bollard_INDEX_2	</identifier>
				<transform>
					<row0>	0.6189 0.0107 0.0433 0.0000	</row0>
					<row1>	-0.0108 0.6204 0.0021 0.0000	</row1>
					<row2>	-0.0433 -0.0029 0.6190 0.0000	</row2>
					<row3>	-0.3730 0.2476 -3.2283 1.0000	</row3>
				</transform>
			</node>
			<node>
				<identifier>	MP_RM281_Bollard_INDEX_3	</identifier>
				<transform>
					<row0>	0.6189 -0.0107 -0.0433 0.0000	</row0>
					<row1>	0.0108 0.6204 0.0021 0.0000	</row1>
					<row2>	0.0433 -0.0029 0.6190 0.0000	</row2>
					<row3>	0.3730 0.2476 -3.2283 1.0000	</row3>
				</transform>
			</node>
			<node>
				<identifier>	MP_ZM007_Fire_Hose_Rack_box	</identifier>
				<transform>
					<row0>	-1.0000 0.0000 0.0000 0.0000	</row0>
					<row1>	0.0000 1.0000 0.0000 0.0000	</row1>
					<row2>	0.0000 0.0000 -1.0000 0.0000	</row2>
					<row3>	-0.0653 0.3152 -3.4029 1.0000	</row3>
				</transform>
			</node>
			<node>
				<identifier>	MP_ZM009_Coat_of_Arms_China	</identifier>
				<transform>
					<row0>	-1.0000 0.0000 0.0000 0.0000	</row0>
					<row1>	0.0000 0.9272 -0.3746 0.0000	</row1>
					<row2>	0.0000 -0.3746 -0.9272 0.0000	</row2>
					<row3>	0.0000 0.2228 -4.4202 1.0000	</row3>
				</transform>
			</node>
			<node>
				<identifier>	MP_ZM014_Screen_Smoke_DA2	</identifier>
				<transform>
					<row0>	-0.0698 0.0000 -0.9976 0.0000	</row0>
					<row1>	0.0000 1.0000 0.0000 0.0000	</row1>
					<row2>	0.9976 0.0000 -0.0698 0.0000	</row2>
					<row3>	0.3141 0.2524 -4.2675 1.0000	</row3>
				</transform>
			</node>
			<node>
				<identifier>	MP_ZM014_Screen_Smoke_DA2_INDEX_1	</identifier>
				<transform>
					<row0>	-0.0698 0.0000 0.9976 0.0000	</row0>
					<row1>	0.0000 1.0000 0.0000 0.0000	</row1>
					<row2>	-0.9976 0.0000 -0.0698 0.0000	</row2>
					<row3>	-0.3141 0.2524 -4.2675 1.0000	</row3>
				</transform>
			</node>
			<node>
				<identifier>	MP_ZM015_Speaker	</identifier>
				<transform>
					<row0>	-1.0000 0.0000 0.0000 0.0000	</row0>
					<row1>	0.0000 0.9563 0.2924 0.0000	</row1>
					<row2>	0.0000 0.2924 -0.9563 0.0000	</row2>
					<row3>	-0.0501 0.3861 -3.3639 1.0000	</row3>
				</transform>
			</node>
			<node>
				<identifier>	MP_ZM024_Life_Buoy	</identifier>
				<transform>
					<row0>	-0.5556 0.0000 0.8315 0.0000	</row0>
					<row1>	0.0000 1.0000 0.0000 0.0000	</row1>
					<row2>	-0.8315 0.0000 -0.5556 0.0000	</row2>
					<row3>	0.0928 0.3276 -3.2165 1.0000	</row3>
				</transform>
			</node>
			<node>
				<identifier>	MP_ZM024_Life_Buoy_INDEX_1	</identifier>
				<transform>
					<row0>	0.0698 0.0000 0.9976 0.0000	</row0>
					<row1>	0.0000 1.0000 0.0000 0.0000	</row1>
					<row2>	-0.9976 0.0000 0.0698 0.0000	</row2>
					<row3>	0.3399 0.3244 -4.1432 1.0000	</row3>
				</transform>
			</node>
			<node>
				<identifier>	MP_ZM024_Life_Buoy_INDEX_2	</identifier>
				<transform>
					<row0>	0.0698 0.0000 -0.9976 0.0000	</row0>
					<row1>	0.0000 1.0000 0.0000 0.0000	</row1>
					<row2>	0.9976 0.0000 0.0698 0.0000	</row2>
					<row3>	-0.3399 0.3244 -4.1432 1.0000	</row3>
				</transform>
			</node>
			<node>
				<identifier>	MP_ZM024_Life_Buoy_INDEX_3	</identifier>
				<transform>
					<row0>	-0.5556 0.0000 -0.8315 0.0000	</row0>
					<row1>	0.0000 1.0000 0.0000 0.0000	</row1>
					<row2>	0.8315 0.0000 -0.5556 0.0000	</row2>
					<row3>	-0.0929 0.3276 -3.2169 1.0000	</row3>
				</transform>
			</node>
			<node>
				<identifier>	MP_ZM135_Screened_speed_light	</identifier>
				<transform>
					<row0>	-0.6994 0.0000 0.0000 0.0000	</row0>
					<row1>	0.0000 0.6994 0.0000 0.0000	</row1>
					<row2>	0.0000 0.0000 -0.6994 0.0000	</row2>
					<row3>	0.0000 0.2895 -4.4400 1.0000	</row3>
				</transform>
			</node>
			<node>
				<identifier>	MP_ZM178_Smoke_bomb	</identifier>
				<transform>
					<row0>	0.0659 0.0000 -0.9978 0.0000	</row0>
					<row1>	0.0000 1.0000 0.0000 0.0000	</row1>
					<row2>	0.9978 0.0000 0.0659 0.0000	</row2>
					<row3>	-0.3283 0.2537 -4.0937 1.0000	</row3>
				</transform>
			</node>
			<node>
				<identifier>	MP_ZM178_Smoke_bomb_INDEX_1	</identifier>
				<transform>
					<row0>	0.0659 0.0000 -0.9978 0.0000	</row0>
					<row1>	0.0000 1.0000 0.0000 0.0000	</row1>
					<row2>	0.9978 0.0000 0.0659 0.0000	</row2>
					<row3>	-0.3336 0.2533 -4.0126 1.0000	</row3>
				</transform>
			</node>
			<node>
				<identifier>	MP_ZM178_Smoke_bomb_INDEX_2	</identifier>
				<transform>
					<row0>	0.0659 0.0000 -0.9978 0.0000	</row0>
					<row1>	0.0000 1.0000 0.0000 0.0000	</row1>
					<row2>	0.9978 0.0000 0.0659 0.0000	</row2>
					<row3>	-0.3389 0.2529 -3.9314 1.0000	</row3>
				</transform>
			</node>
			<node>
				<identifier>	MP_ZM178_Smoke_bomb_INDEX_3	</identifier>
				<transform>
					<row0>	0.0659 0.0000 0.9978 0.0000	</row0>
					<row1>	0.0000 1.0000 0.0000 0.0000	</row1>
					<row2>	-0.9978 0.0000 0.0659 0.0000	</row2>
					<row3>	0.3309 0.2535 -4.0532 1.0000	</row3>
				</transform>
			</node>
			<node>
				<identifier>	MP_ZM178_Smoke_bomb_INDEX_4	</identifier>
				<transform>
					<row0>	0.0659 0.0000 0.9978 0.0000	</row0>
					<row1>	0.0000 1.0000 0.0000 0.0000	</row1>
					<row2>	-0.9978 0.0000 0.0659 0.0000	</row2>
					<row3>	0.3389 0.2529 -3.9315 1.0000	</row3>
				</transform>
			</node>
			<node>
				<identifier>	MP_ZM178_Smoke_bomb_INDEX_5	</identifier>
				<transform>
					<row0>	0.0659 0.0000 0.9978 0.0000	</row0>
					<row1>	0.0000 1.0000 0.0000 0.0000	</row1>
					<row2>	-0.9978 0.0000 0.0659 0.0000	</row2>
					<row3>	0.3362 0.2531 -3.9720 1.0000	</row3>
				</transform>
			</node>
			<node>
				<identifier>	MP_ZM178_Smoke_bomb_INDEX_6	</identifier>
				<transform>
					<row0>	0.0659 0.0000 0.9978 0.0000	</row0>
					<row1>	0.0000 1.0000 0.0000 0.0000	</row1>
					<row2>	-0.9978 0.0000 0.0659 0.0000	</row2>
					<row3>	0.3283 0.2537 -4.0937 1.0000	</row3>
				</transform>
			</node>
			<node>
				<identifier>	MP_ZM178_Smoke_bomb_INDEX_7	</identifier>
				<transform>
					<row0>	0.0659 0.0000 -0.9978 0.0000	</row0>
					<row1>	0.0000 1.0000 0.0000 0.0000	</row1>
					<row2>	0.9978 0.0000 0.0659 0.0000	</row2>
					<row3>	-0.3362 0.2531 -3.9720 1.0000	</row3>
				</transform>
			</node>
			<node>
				<identifier>	MP_ZM178_Smoke_bomb_INDEX_8	</identifier>
				<transform>
					<row0>	0.0659 0.0000 -0.9978 0.0000	</row0>
					<row1>	0.0000 1.0000 0.0000 0.0000	</row1>
					<row2>	0.9978 0.0000 0.0659 0.0000	</row2>
					<row3>	-0.3309 0.2535 -4.0532 1.0000	</row3>
				</transform>
			</node>
			<node>
				<identifier>	MP_ZM178_Smoke_bomb_INDEX_9	</identifier>
				<transform>
					<row0>	0.0659 0.0000 0.9978 0.0000	</row0>
					<row1>	0.0000 1.0000 0.0000 0.0000	</row1>
					<row2>	-0.9978 0.0000 0.0659 0.0000	</row2>
					<row3>	0.3336 0.2533 -4.0126 1.0000	</row3>
				</transform>
			</node>
			<node>
				<identifier>	MP_ZM604_Voice_Tube	</identifier>
				<transform>
					<row0>	0.7986 0.0000 -0.6018 0.0000	</row0>
					<row1>	0.0000 1.0000 0.0000 0.0000	</row1>
					<row2>	0.6018 0.0000 0.7986 0.0000	</row2>
					<row3>	-0.1124 0.2541 -3.3972 1.0000	</row3>
				</transform>
			</node>
			<node>
				<identifier>	MP_ZM604_Voice_Tube_INDEX_1	</identifier>
				<transform>
					<row0>	0.7986 0.0000 0.6018 0.0000	</row0>
					<row1>	0.0000 1.0000 0.0000 0.0000	</row1>
					<row2>	-0.6018 0.0000 0.7986 0.0000	</row2>
					<row3>	0.1124 0.2541 -3.3972 1.0000	</row3>
				</transform>
			</node>
			<node>
				<identifier>	MP_ZM682_Alarm_Tool	</identifier>
				<transform>
					<row0>	1.0000 0.0000 0.0000 0.0000	</row0>
					<row1>	0.0000 1.0000 0.0000 0.0000	</row1>
					<row2>	0.0000 0.0000 1.0000 0.0000	</row2>
					<row3>	-0.0241 0.3297 -3.1860 1.0000	</row3>
				</transform>
			</node>
			<node>
				<identifier>	MP_ZM752_Hatch	</identifier>
				<transform>
					<row0>	-1.0000 0.0000 0.0000 0.0000	</row0>
					<row1>	0.0000 1.0000 0.0000 0.0000	</row1>
					<row2>	0.0000 0.0000 -1.0000 0.0000	</row2>
					<row3>	-0.0390 0.2543 -4.2621 1.0000	</row3>
				</transform>
			</node>
			<node>
				<identifier>	MP_ZM752_Hatch_INDEX_1	</identifier>
				<transform>
					<row0>	0.0000 0.0000 -1.0000 0.0000	</row0>
					<row1>	0.0000 1.0000 0.0000 0.0000	</row1>
					<row2>	1.0000 0.0000 0.0000 0.0000	</row2>
					<row3>	0.1823 0.2543 -4.2902 1.0000	</row3>
				</transform>
			</node>
			<node>
				<identifier>	MP_ZM752_Hatch_INDEX_2	</identifier>
				<transform>
					<row0>	0.0000 0.0000 1.0000 0.0000	</row0>
					<row1>	0.0000 1.0000 0.0000 0.0000	</row1>
					<row2>	-1.0000 0.0000 0.0000 0.0000	</row2>
					<row3>	-0.1823 0.2543 -4.2902 1.0000	</row3>
				</transform>
			</node>
			<node>
				<identifier>	MP_ZM754_Hatch	</identifier>
				<transform>
					<row0>	0.1673 0.0000 0.5835 0.0000	</row0>
					<row1>	0.0000 0.5284 0.0000 0.0000	</row1>
					<row2>	-0.5835 0.0000 0.1673 0.0000	</row2>
					<row3>	-0.0577 0.2560 -4.0604 1.0000	</row3>
				</transform>
			</node>
			<node>
				<identifier>	MP_ZM754_Hatch_INDEX_1	</identifier>
				<transform>
					<row0>	0.1673 0.0000 -0.5835 0.0000	</row0>
					<row1>	0.0000 0.5284 0.0000 0.0000	</row1>
					<row2>	0.5835 0.0000 0.1673 0.0000	</row2>
					<row3>	0.0577 0.2560 -4.0604 1.0000	</row3>
				</transform>
			</node>
			<node>
				<identifier>	MP_ZM778_Hatch	</identifier>
				<transform>
					<row0>	0.0000 0.0000 0.8107 0.0000	</row0>
					<row1>	0.0000 0.8107 0.0000 0.0000	</row1>
					<row2>	-0.8107 0.0000 0.0000 0.0000	</row2>
					<row3>	0.0978 0.2541 -3.6607 1.0000	</row3>
				</transform>
			</node>
			<node>
				<identifier>	MP_ZM778_Hatch_INDEX_1	</identifier>
				<transform>
					<row0>	0.0000 0.0000 -0.8107 0.0000	</row0>
					<row1>	0.0000 0.8107 0.0000 0.0000	</row1>
					<row2>	0.8107 0.0000 0.0000 0.0000	</row2>
					<row3>	-0.1969 0.2528 -3.7577 1.0000	</row3>
				</transform>
			</node>
			<node>
				<identifier>	MP_ZM800_Ventilation_Mushroom	</identifier>
				<transform>
					<row0>	0.0000 0.0000 1.0000 0.0000	</row0>
					<row1>	0.0000 1.0000 0.0000 0.0000	</row1>
					<row2>	-1.0000 0.0000 0.0000 0.0000	</row2>
					<row3>	-0.3180 0.2557 -4.1912 1.0000	</row3>
				</transform>
			</node>
			<node>
				<identifier>	MP_ZM800_Ventilation_Mushroom_INDEX_1	</identifier>
				<transform>
					<row0>	0.0000 0.0000 1.0000 0.0000	</row0>
					<row1>	0.0000 1.0000 0.0000 0.0000	</row1>
					<row2>	-1.0000 0.0000 0.0000 0.0000	</row2>
					<row3>	-0.3412 0.2543 -3.8485 1.0000	</row3>
				</transform>
			</node>
			<node>
				<identifier>	MP_ZM800_Ventilation_Mushroom_INDEX_2	</identifier>
				<transform>
					<row0>	0.0000 0.0000 -1.0000 0.0000	</row0>
					<row1>	0.0000 1.0000 0.0000 0.0000	</row1>
					<row2>	1.0000 0.0000 0.0000 0.0000	</row2>
					<row3>	0.3180 0.2557 -4.1912 1.0000	</row3>
				</transform>
			</node>
			<node>
				<identifier>	MP_ZM800_Ventilation_Mushroom_INDEX_3	</identifier>
				<transform>
					<row0>	0.0000 0.0000 -1.0000 0.0000	</row0>
					<row1>	0.0000 1.0000 0.0000 0.0000	</row1>
					<row2>	1.0000 0.0000 0.0000 0.0000	</row2>
					<row3>	0.3412 0.2543 -3.8485 1.0000	</row3>
				</transform>
			</node>
			<node>
				<identifier>	MP_ZM852_Running_Lights_B	</identifier>
				<transform>
					<row0>	-1.0000 0.0000 0.0000 0.0000	</row0>
					<row1>	0.0000 1.0000 0.0000 0.0000	</row1>
					<row2>	0.0000 0.0000 -1.0000 0.0000	</row2>
					<row3>	0.0000 0.3517 -4.4436 1.0000	</row3>
				</transform>
			</node>
			<node>
				<identifier>	MP_ZM873_Signal_Lamp_4	</identifier>
				<transform>
					<row0>	-1.0000 0.0000 0.0000 0.0000	</row0>
					<row1>	0.0000 1.0000 0.0000 0.0000	</row1>
					<row2>	0.0000 0.0000 -1.0000 0.0000	</row2>
					<row3>	0.0006 0.3767 -3.3499 1.0000	</row3>
				</transform>
			</node>
			<node>
				<identifier>	MP_ZM980_Anchor_Capstan_Stern	</identifier>
				<transform>
					<row0>	1.0000 0.0000 0.0000 0.0000	</row0>
					<row1>	0.0000 1.0000 0.0000 0.0000	</row1>
					<row2>	0.0000 0.0000 1.0000 0.0000	</row2>
					<row3>	0.0000 0.2587 -3.5583 1.0000	</row3>
				</transform>
			</node>
			<node>
				<identifier>	SP_YMS011_YHWL_M_1_INDEX_7	</identifier>
				<transform>
					<row0>	0.9826 0.1786 0.0506 0.0000	</row0>
					<row1>	-0.1788 0.9839 0.0000 0.0000	</row1>
					<row2>	-0.0498 -0.0091 0.9987 0.0000	</row2>
					<row3>	-0.3793 0.0046 -2.7559 1.0000	</row3>
				</transform>
			</node>
			<node>
				<identifier>	SP_YMS011_YHWL_M_1_INDEX_8	</identifier>
				<transform>
					<row0>	0.9657 0.2514 0.0655 0.0000	</row0>
					<row1>	-0.2518 0.9678 -0.0027 0.0000	</row1>
					<row2>	-0.0640 -0.0139 0.9979 0.0000	</row2>
					<row3>	-0.3349 0.0131 -3.6045 1.0000	</row3>
				</transform>
			</node>
			<node>
				<identifier>	SP_YMS012_YHWR_M_1_INDEX_7	</identifier>
				<transform>
					<row0>	0.9826 -0.1786 -0.0506 0.0000	</row0>
					<row1>	0.1788 0.9839 0.0000 0.0000	</row1>
					<row2>	0.0498 -0.0091 0.9987 0.0000	</row2>
					<row3>	0.3793 0.0046 -2.7559 1.0000	</row3>
				</transform>
			</node>
			<node>
				<identifier>	SP_YMS012_YHWR_M_1_INDEX_8	</identifier>
				<transform>
					<row0>	0.9657 -0.2514 -0.0655 0.0000	</row0>
					<row1>	0.2518 0.9678 -0.0027 0.0000	</row1>
					<row2>	0.0640 -0.0139 0.9979 0.0000	</row2>
					<row3>	0.3349 0.0131 -3.6045 1.0000	</row3>
				</transform>
			</node>
			<node>
				<identifier>	SP_YMS023_YHUC_L_1	</identifier>
				<transform>
					<row0>	0.5108 0.0582 -0.0206 0.0000	</row0>
					<row1>	-0.0593 0.5104 -0.0274 0.0000	</row1>
					<row2>	0.0173 0.0295 0.5134 0.0000	</row2>
					<row3>	-0.2144 -0.2211 -3.7348 1.0000	</row3>
				</transform>
			</node>
			<node>
				<identifier>	SP_YMS023_YHUC_L_1_INDEX_1	</identifier>
				<transform>
					<row0>	0.5108 -0.0582 0.0206 0.0000	</row0>
					<row1>	0.0593 0.5104 -0.0274 0.0000	</row1>
					<row2>	-0.0173 0.0295 0.5134 0.0000	</row2>
					<row3>	0.2144 -0.2211 -3.7348 1.0000	</row3>
				</transform>
			</node>
			<node>
				<identifier>	SP_YMS030_YHAM_M_1	</identifier>
				<transform>
					<row0>	0.5000 0.0000 0.0000 0.0000	</row0>
					<row1>	0.0000 0.4513 -0.2151 0.0000	</row1>
					<row2>	0.0000 0.2151 0.4513 0.0000	</row2>
					<row3>	-0.0003 0.1297 -4.3851 1.0000	</row3>
				</transform>
			</node>
			<node>
				<identifier>	SP_YMS031_YHAL_M_1	</identifier>
				<transform>
					<row0>	0.6527 0.0624 0.0000 0.0000	</row0>
					<row1>	-0.0624 0.6527 0.0000 0.0000	</row1>
					<row2>	0.0000 0.0000 0.6557 0.0000	</row2>
					<row3>	-0.3573 0.1439 -4.0225 1.0000	</row3>
				</transform>
			</node>
			<node>
				<identifier>	SP_YMS032_YHAR_M_1	</identifier>
				<transform>
					<row0>	0.6527 -0.0624 0.0000 0.0000	</row0>
					<row1>	0.0624 0.6527 0.0000 0.0000	</row1>
					<row2>	0.0000 0.0000 0.6557 0.0000	</row2>
					<row3>	0.3573 0.1439 -4.0225 1.0000	</row3>
				</transform>
			</node>
			<node>
				<identifier>	SP_YMS053_YHDC_S_1_INDEX_4	</identifier>
				<transform>
					<row0>	1.0000 0.0000 0.0000 0.0000	</row0>
					<row1>	0.0000 1.0000 0.0000 0.0000	</row1>
					<row2>	0.0000 0.0000 1.0000 0.0000	</row2>
					<row3>	-0.1553 0.2678 -3.5916 1.0000	</row3>
				</transform>
			</node>
			<node>
				<identifier>	SP_YMS072_YHHC_M_1_INDEX_14	</identifier>
				<transform>
					<row0>	0.0233 0.0000 -0.5250 0.0000	</row0>
					<row1>	-0.1159 0.5125 -0.0052 0.0000	</row1>
					<row2>	0.5120 0.1160 0.0228 0.0000	</row2>
					<row3>	-0.3947 0.1290 -2.7106 1.0000	</row3>
				</transform>
			</node>
			<node>
				<identifier>	SP_YMS072_YHHC_M_1_INDEX_15	</identifier>
				<transform>
					<row0>	0.0233 0.0000 0.5250 0.0000	</row0>
					<row1>	0.1159 0.5125 -0.0052 0.0000	</row1>
					<row2>	-0.5120 0.1160 0.0228 0.0000	</row2>
					<row3>	0.3947 0.1290 -2.7106 1.0000	</row3>
				</transform>
			</node>
			<node>
				<identifier>	SP_YMS080_YHSL_M_1_INDEX_1	</identifier>
				<transform>
					<row0>	0.3819 0.0722 0.0224 0.0000	</row0>
					<row1>	-0.0722 0.3825 -0.0015 0.0000	</row1>
					<row2>	-0.0223 -0.0027 0.3886 0.0000	</row2>
					<row3>	-0.3853 0.1381 -2.9199 1.0000	</row3>
				</transform>
			</node>
			<node>
				<identifier>	SP_YMS080_YHSL_M_1_INDEX_2	</identifier>
				<transform>
					<row0>	0.3819 0.0722 0.0224 0.0000	</row0>
					<row1>	-0.0722 0.3825 -0.0015 0.0000	</row1>
					<row2>	-0.0223 -0.0027 0.3886 0.0000	</row2>
					<row3>	-0.3518 0.1377 -3.5166 1.0000	</row3>
				</transform>
			</node>
			<node>
				<identifier>	SP_YMS081_YHSR_M_1_INDEX_1	</identifier>
				<transform>
					<row0>	0.3819 -0.0722 -0.0224 0.0000	</row0>
					<row1>	0.0722 0.3825 -0.0015 0.0000	</row1>
					<row2>	0.0223 -0.0027 0.3886 0.0000	</row2>
					<row3>	0.3853 0.1381 -2.9199 1.0000	</row3>
				</transform>
			</node>
			<node>
				<identifier>	SP_YMS081_YHSR_M_1_INDEX_2	</identifier>
				<transform>
					<row0>	0.3819 -0.0722 -0.0224 0.0000	</row0>
					<row1>	0.0722 0.3825 -0.0015 0.0000	</row1>
					<row2>	0.0223 -0.0027 0.3886 0.0000	</row2>
					<row3>	0.3518 0.1377 -3.5166 1.0000	</row3>
				</transform>
			</node>
			<node>
				<identifier>	SP_YMS085_YHSC_S_1_INDEX_1	</identifier>
				<transform>
					<row0>	0.0243 0.0019 -0.4253 0.0000	</row0>
					<row1>	0.0000 0.4260 0.0019 0.0000	</row1>
					<row2>	0.4253 -0.0001 0.0243 0.0000	</row2>
					<row3>	-0.3881 0.2346 -3.3628 1.0000	</row3>
				</transform>
			</node>
		</node>
	</node>
	<boundingBox>
		<min>	-0.0667 -0.0667 -0.0667	</min>
		<max>	0.0667 0.0667 0.0667	</max>
	</boundingBox>
</ZSD025_Lushun_1955_Stern_ports.visual>
