<ZSD003_Long_Jiang_1913_MidBack_ports.visual>
	<node>
		<identifier>	Scene Root	</identifier>
		<transform>
			<row0>	1.0000 0.0000 0.0000 0.0000	</row0>
			<row1>	0.0000 1.0000 0.0000 0.0000	</row1>
			<row2>	0.0000 0.0000 1.0000 0.0000	</row2>
			<row3>	0.0000 0.0000 0.0000 1.0000	</row3>
		</transform>
		<node>
			<identifier>	MidBack_ports	</identifier>
			<transform>
				<row0>	1.0000 0.0000 0.0000 0.0000	</row0>
				<row1>	0.0000 1.0000 0.0000 0.0000	</row1>
				<row2>	0.0000 0.0000 1.0000 0.0000	</row2>
				<row3>	0.0000 0.0000 0.0000 1.0000	</row3>
			</transform>
			<node>
				<identifier>	HP_FX_Death_3	</identifier>
				<transform>
					<row0>	1.0000 0.0000 0.0000 0.0000	</row0>
					<row1>	0.0000 1.0000 0.0000 0.0000	</row1>
					<row2>	0.0000 0.0000 1.0000 0.0000	</row2>
					<row3>	0.0000 0.0000 -1.6432 1.0000	</row3>
				</transform>
			</node>
			<node>
				<identifier>	HP_FX_Fire_3	</identifier>
				<transform>
					<row0>	1.0000 0.0000 0.0000 0.0000	</row0>
					<row1>	0.0000 1.0000 0.0000 0.0000	</row1>
					<row2>	0.0000 0.0000 1.0000 0.0000	</row2>
					<row3>	0.0000 0.1173 -1.1605 1.0000	</row3>
				</transform>
			</node>
			<node>
				<identifier>	HP_FX_Fire_3_side_1	</identifier>
				<transform>
					<row0>	1.0000 0.0000 0.0000 0.0000	</row0>
					<row1>	0.0000 1.0000 0.0000 0.0000	</row1>
					<row2>	0.0000 0.0000 1.0000 0.0000	</row2>
					<row3>	-0.1981 0.1106 -0.7771 1.0000	</row3>
				</transform>
			</node>
			<node>
				<identifier>	HP_FX_Fire_3_side_2	</identifier>
				<transform>
					<row0>	1.0000 0.0000 0.0000 0.0000	</row0>
					<row1>	0.0000 1.0000 0.0000 0.0000	</row1>
					<row2>	0.0000 0.0000 1.0000 0.0000	</row2>
					<row3>	0.1449 0.1127 -1.6948 1.0000	</row3>
				</transform>
			</node>
			<node>
				<identifier>	HP_FX_FloodLight_left_1	</identifier>
				<transform>
					<row0>	-1.0000 0.0000 0.0000 0.0000	</row0>
					<row1>	0.0000 1.0000 0.0000 0.0000	</row1>
					<row2>	0.0000 0.0000 -1.0000 0.0000	</row2>
					<row3>	-0.0650 0.2390 -1.7347 1.0000	</row3>
				</transform>
			</node>
			<node>
				<identifier>	HP_FX_FloodLight_right_1	</identifier>
				<transform>
					<row0>	1.0000 0.0000 0.0000 0.0000	</row0>
					<row1>	0.0000 1.0000 0.0000 0.0000	</row1>
					<row2>	0.0000 0.0000 1.0000 0.0000	</row2>
					<row3>	0.0630 0.2350 -1.7332 1.0000	</row3>
				</transform>
			</node>
			<node>
				<identifier>	HP_FX_Flood_steam_right	</identifier>
				<transform>
					<row0>	1.0000 0.0000 0.0000 0.0000	</row0>
					<row1>	0.0000 1.0000 0.0000 0.0000	</row1>
					<row2>	0.0000 0.0000 1.0000 0.0000	</row2>
					<row3>	0.2450 0.0708 -1.8918 1.0000	</row3>
				</transform>
			</node>
			<node>
				<identifier>	HP_FX_Flood_water_left	</identifier>
				<transform>
					<row0>	-1.0000 0.0000 0.0000 0.0000	</row0>
					<row1>	0.0000 1.0000 0.0000 0.0000	</row1>
					<row2>	0.0000 0.0000 -1.0000 0.0000	</row2>
					<row3>	-0.2789 0.0360 -0.5411 1.0000	</row3>
				</transform>
			</node>
			<node>
				<identifier>	HP_FX_Flood_water_right	</identifier>
				<transform>
					<row0>	1.0000 0.0000 0.0000 0.0000	</row0>
					<row1>	0.0000 1.0000 0.0000 0.0000	</row1>
					<row2>	0.0000 0.0000 1.0000 0.0000	</row2>
					<row3>	0.2780 0.0368 -0.5418 1.0000	</row3>
				</transform>
			</node>
			<node>
				<identifier>	HP_ZGT_1	</identifier>
				<transform>
					<row0>	1.0000 0.0000 0.0000 0.0000	</row0>
					<row1>	0.0000 1.0000 0.0000 0.0000	</row1>
					<row2>	0.0000 0.0000 1.0000 0.0000	</row2>
					<row3>	0.0000 0.1066 -0.5280 1.0000	</row3>
				</transform>
			</node>
			<node>
				<identifier>	HP_ZGT_2	</identifier>
				<transform>
					<row0>	1.0000 0.0000 0.0000 0.0000	</row0>
					<row1>	0.0000 1.0000 0.0000 0.0000	</row1>
					<row2>	0.0000 0.0000 1.0000 0.0000	</row2>
					<row3>	0.0000 0.1068 -1.3928 1.0000	</row3>
				</transform>
			</node>
			<node>
				<identifier>	HP_flag_1	</identifier>
				<transform>
					<row0>	0.9487 -0.3138 -0.0377 0.0000	</row0>
					<row1>	0.3138 0.9211 0.2305 0.0000	</row1>
					<row2>	-0.0377 -0.2305 0.9723 0.0000	</row2>
					<row3>	0.2084 0.7067 -1.6241 1.0000	</row3>
				</transform>
			</node>
			<node>
				<identifier>	HP_flag_2	</identifier>
				<transform>
					<row0>	0.9487 0.3138 0.0377 0.0000	</row0>
					<row1>	-0.3138 0.9211 0.2305 0.0000	</row1>
					<row2>	0.0377 -0.2305 0.9723 0.0000	</row2>
					<row3>	-0.2084 0.7067 -1.6241 1.0000	</row3>
				</transform>
			</node>
			<node>
				<identifier>	HP_flag_3	</identifier>
				<transform>
					<row0>	0.9944 -0.1056 -0.0091 0.0000	</row0>
					<row1>	0.1056 0.9797 0.1706 0.0000	</row1>
					<row2>	-0.0091 -0.1706 0.9853 0.0000	</row2>
					<row3>	0.1060 0.7065 -1.6238 1.0000	</row3>
				</transform>
			</node>
			<node>
				<identifier>	HP_flag_4	</identifier>
				<transform>
					<row0>	0.9944 0.1056 0.0091 0.0000	</row0>
					<row1>	-0.1056 0.9797 0.1706 0.0000	</row1>
					<row2>	0.0091 -0.1706 0.9853 0.0000	</row2>
					<row3>	-0.1050 0.7065 -1.6233 1.0000	</row3>
				</transform>
			</node>
			<node>
				<identifier>	HP_flag_courtesy	</identifier>
				<transform>
					<row0>	0.9990 -0.0446 -0.0027 0.0000	</row0>
					<row1>	0.0446 0.9919 0.1191 0.0000	</row1>
					<row2>	-0.0027 -0.1191 0.9929 0.0000	</row2>
					<row3>	0.0982 1.1661 -1.6277 1.0000	</row3>
				</transform>
			</node>
			<node>
				<identifier>	HP_flag_house	</identifier>
				<transform>
					<row0>	0.9990 0.0447 0.0027 0.0000	</row0>
					<row1>	-0.0447 0.9919 0.1191 0.0000	</row1>
					<row2>	0.0027 -0.1191 0.9929 0.0000	</row2>
					<row3>	-0.0982 1.1661 -1.6277 1.0000	</row3>
				</transform>
			</node>
			<node>
				<identifier>	HP_flag_nation	</identifier>
				<transform>
					<row0>	1.0000 0.0000 0.0000 0.0000	</row0>
					<row1>	0.0000 1.0000 0.0000 0.0000	</row1>
					<row2>	0.0000 0.0000 1.0000 0.0000	</row2>
					<row3>	0.0000 0.4407 -1.7923 1.0000	</row3>
				</transform>
			</node>
			<node>
				<identifier>	HP_flag_rank	</identifier>
				<transform>
					<row0>	0.9985 0.0544 0.0016 0.0000	</row0>
					<row1>	-0.0544 0.9967 0.0605 0.0000	</row1>
					<row2>	0.0016 -0.0605 0.9982 0.0000	</row2>
					<row3>	0.0003 1.3174 -1.6356 1.0000	</row3>
				</transform>
			</node>
			<node>
				<identifier>	MP_CM011_Fire_Fighting_Gear	</identifier>
				<transform>
					<row0>	0.0000 0.0000 1.0000 0.0000	</row0>
					<row1>	0.0000 1.0000 0.0000 0.0000	</row1>
					<row2>	-1.0000 0.0000 0.0000 0.0000	</row2>
					<row3>	0.0721 0.1035 -1.6888 1.0000	</row3>
				</transform>
			</node>
			<node>
				<identifier>	MP_CM013_Fire_Hose_Rack_2	</identifier>
				<transform>
					<row0>	-1.0000 0.0000 0.0000 0.0000	</row0>
					<row1>	0.0000 1.0000 0.0000 0.0000	</row1>
					<row2>	0.0000 0.0000 -1.0000 0.0000	</row2>
					<row3>	0.0650 0.1554 -1.6895 1.0000	</row3>
				</transform>
			</node>
			<node>
				<identifier>	MP_CM060_Flag_Box	</identifier>
				<transform>
					<row0>	0.0000 0.0000 -0.4624 0.0000	</row0>
					<row1>	0.0000 0.7373 0.0000 0.0000	</row1>
					<row2>	1.0000 0.0000 0.0000 0.0000	</row2>
					<row3>	-0.0447 0.2334 -1.7053 1.0000	</row3>
				</transform>
			</node>
			<node>
				<identifier>	MP_CM060_Flag_Box_INDEX_1	</identifier>
				<transform>
					<row0>	0.0000 0.0000 0.4624 0.0000	</row0>
					<row1>	0.0000 0.7373 0.0000 0.0000	</row1>
					<row2>	-1.0000 0.0000 0.0000 0.0000	</row2>
					<row3>	0.0447 0.2334 -1.7053 1.0000	</row3>
				</transform>
			</node>
			<node>
				<identifier>	MP_CM076_Fender	</identifier>
				<transform>
					<row0>	0.0000 0.0000 -0.4000 0.0000	</row0>
					<row1>	0.0000 0.4000 0.0000 0.0000	</row1>
					<row2>	0.4000 0.0000 0.0000 0.0000	</row2>
					<row3>	0.2904 0.0506 -0.9013 1.0000	</row3>
				</transform>
			</node>
			<node>
				<identifier>	MP_CM076_Fender_INDEX_1	</identifier>
				<transform>
					<row0>	0.0000 0.0000 0.4000 0.0000	</row0>
					<row1>	0.0000 0.4000 0.0000 0.0000	</row1>
					<row2>	-0.4000 0.0000 0.0000 0.0000	</row2>
					<row3>	-0.2906 0.0506 -0.9013 1.0000	</row3>
				</transform>
			</node>
			<node>
				<identifier>	MP_ZM509_LifeBuoy_Mount	</identifier>
				<transform>
					<row0>	-1.0000 0.0000 0.0000 0.0000	</row0>
					<row1>	0.0000 1.0000 0.0000 0.0000	</row1>
					<row2>	0.0000 0.0000 -1.0000 0.0000	</row2>
					<row3>	0.0609 0.2313 -1.6935 1.0000	</row3>
				</transform>
			</node>
			<node>
				<identifier>	MP_ZM509_LifeBuoy_Mount_INDEX_1	</identifier>
				<transform>
					<row0>	1.0000 0.0000 0.0000 0.0000	</row0>
					<row1>	0.0000 1.0000 0.0000 0.0000	</row1>
					<row2>	0.0000 0.0000 1.0000 0.0000	</row2>
					<row3>	-0.0609 0.2313 -1.6935 1.0000	</row3>
				</transform>
			</node>
			<node>
				<identifier>	MP_ZM622_Compass_Binnacle	</identifier>
				<transform>
					<row0>	1.0000 0.0000 0.0000 0.0000	</row0>
					<row1>	0.0000 1.0000 0.0000 0.0000	</row1>
					<row2>	0.0000 0.0000 1.0000 0.0000	</row2>
					<row3>	0.0000 0.2063 -1.7090 1.0000	</row3>
				</transform>
			</node>
			<node>
				<identifier>	MP_ZM757_Hatch	</identifier>
				<transform>
					<row0>	1.0000 0.0000 0.0000 0.0000	</row0>
					<row1>	0.0000 1.0000 0.0000 0.0000	</row1>
					<row2>	0.0000 0.0000 1.0000 0.0000	</row2>
					<row3>	-0.1003 0.1027 -0.3627 1.0000	</row3>
				</transform>
			</node>
			<node>
				<identifier>	MP_ZM758_Hatch	</identifier>
				<transform>
					<row0>	0.9969 0.0785 0.0000 0.0000	</row0>
					<row1>	-0.0785 0.9969 0.0000 0.0000	</row1>
					<row2>	0.0000 0.0000 1.0000 0.0000	</row2>
					<row3>	-0.1600 0.0973 -1.3898 1.0000	</row3>
				</transform>
			</node>
			<node>
				<identifier>	MP_ZM758_Hatch_INDEX_1	</identifier>
				<transform>
					<row0>	0.0000 0.0000 -1.0000 0.0000	</row0>
					<row1>	-0.0349 0.9994 0.0000 0.0000	</row1>
					<row2>	0.9994 0.0349 0.0000 0.0000	</row2>
					<row3>	-0.0485 0.1045 -0.4531 1.0000	</row3>
				</transform>
			</node>
			<node>
				<identifier>	MP_ZM758_Hatch_INDEX_2	</identifier>
				<transform>
					<row0>	0.9994 -0.0349 0.0000 0.0000	</row0>
					<row1>	0.0349 0.9994 0.0000 0.0000	</row1>
					<row2>	0.0000 0.0000 1.0000 0.0000	</row2>
					<row3>	0.0893 0.1028 -0.5208 1.0000	</row3>
				</transform>
			</node>
			<node>
				<identifier>	MP_ZM758_Hatch_INDEX_3	</identifier>
				<transform>
					<row0>	1.0000 0.0000 0.0000 0.0000	</row0>
					<row1>	0.0000 1.0000 0.0000 0.0000	</row1>
					<row2>	0.0000 0.0000 1.0000 0.0000	</row2>
					<row3>	-0.0873 0.1030 -0.5219 1.0000	</row3>
				</transform>
			</node>
			<node>
				<identifier>	MP_ZM758_Hatch_INDEX_4	</identifier>
				<transform>
					<row0>	0.9994 0.0349 0.0000 0.0000	</row0>
					<row1>	-0.0349 0.9994 0.0000 0.0000	</row1>
					<row2>	0.0000 0.0000 1.0000 0.0000	</row2>
					<row3>	-0.0873 0.1028 -0.4873 1.0000	</row3>
				</transform>
			</node>
			<node>
				<identifier>	MP_ZM760_Hatch	</identifier>
				<transform>
					<row0>	1.0000 0.0000 0.0000 0.0000	</row0>
					<row1>	0.0000 1.0000 0.0000 0.0000	</row1>
					<row2>	0.0000 0.0000 1.0000 0.0000	</row2>
					<row3>	0.1400 0.0974 -1.0818 1.0000	</row3>
				</transform>
			</node>
			<node>
				<identifier>	MP_ZM760_Hatch_INDEX_1	</identifier>
				<transform>
					<row0>	1.0000 0.0000 0.0000 0.0000	</row0>
					<row1>	0.0000 1.0000 0.0000 0.0000	</row1>
					<row2>	0.0000 0.0000 1.0000 0.0000	</row2>
					<row3>	-0.1403 0.0974 -0.6833 1.0000	</row3>
				</transform>
			</node>
			<node>
				<identifier>	MP_ZM761_Hatch	</identifier>
				<transform>
					<row0>	1.0000 0.0000 0.0000 0.0000	</row0>
					<row1>	0.0000 1.0000 0.0000 0.0000	</row1>
					<row2>	0.0000 0.0000 1.0000 0.0000	</row2>
					<row3>	0.0008 0.1062 -1.8578 1.0000	</row3>
				</transform>
			</node>
			<node>
				<identifier>	MP_ZM761_Hatch_INDEX_1	</identifier>
				<transform>
					<row0>	0.9969 -0.0785 0.0000 0.0000	</row0>
					<row1>	0.0785 0.9969 0.0000 0.0000	</row1>
					<row2>	0.0000 0.0000 1.0000 0.0000	</row2>
					<row3>	0.1548 0.0988 -1.6196 1.0000	</row3>
				</transform>
			</node>
			<node>
				<identifier>	MP_ZM761_Hatch_INDEX_2	</identifier>
				<transform>
					<row0>	0.9969 0.0785 0.0000 0.0000	</row0>
					<row1>	-0.0785 0.9969 0.0000 0.0000	</row1>
					<row2>	0.0000 0.0000 1.0000 0.0000	</row2>
					<row3>	-0.1757 0.0960 -1.7253 1.0000	</row3>
				</transform>
			</node>
			<node>
				<identifier>	MP_ZM807_Ventilators	</identifier>
				<transform>
					<row0>	0.0000 0.0000 0.7000 0.0000	</row0>
					<row1>	0.0000 0.7000 0.0000 0.0000	</row1>
					<row2>	-0.7000 0.0000 0.0000 0.0000	</row2>
					<row3>	0.1842 0.0989 -1.7434 1.0000	</row3>
				</transform>
			</node>
			<node>
				<identifier>	MP_ZM809_Ventilation	</identifier>
				<transform>
					<row0>	0.5000 0.0000 0.0000 0.0000	</row0>
					<row1>	0.0000 0.5000 0.0000 0.0000	</row1>
					<row2>	0.0000 0.0000 0.5000 0.0000	</row2>
					<row3>	0.1627 0.0381 -1.8894 1.0000	</row3>
				</transform>
			</node>
			<node>
				<identifier>	MP_ZM810_Ventilation_mushroom	</identifier>
				<transform>
					<row0>	1.0000 0.0000 0.0000 0.0000	</row0>
					<row1>	0.0000 1.0000 0.0000 0.0000	</row1>
					<row2>	0.0000 0.0000 1.0000 0.0000	</row2>
					<row3>	0.1488 0.0912 -1.1529 1.0000	</row3>
				</transform>
			</node>
			<node>
				<identifier>	MP_ZM810_Ventilation_mushroom_INDEX_1	</identifier>
				<transform>
					<row0>	0.6000 0.0000 0.0000 0.0000	</row0>
					<row1>	0.0000 0.6000 0.0000 0.0000	</row1>
					<row2>	0.0000 0.0000 0.6000 0.0000	</row2>
					<row3>	0.1874 0.0920 -1.3199 1.0000	</row3>
				</transform>
			</node>
			<node>
				<identifier>	MP_ZM810_Ventilation_mushroom_INDEX_2	</identifier>
				<transform>
					<row0>	0.6500 0.0000 0.0000 0.0000	</row0>
					<row1>	0.0000 0.6500 0.0000 0.0000	</row1>
					<row2>	0.0000 0.0000 0.6500 0.0000	</row2>
					<row3>	-0.0902 0.0990 -1.0166 1.0000	</row3>
				</transform>
			</node>
		</node>
	</node>
	<boundingBox>
		<min>	-0.0667 -0.0667 -0.0667	</min>
		<max>	0.0667 0.0667 0.0667	</max>
	</boundingBox>
</ZSD003_Long_Jiang_1913_MidBack_ports.visual>
