<BSC025_Goliath_1949_Bow_ports.visual>
	<node>
		<identifier>	Scene Root	</identifier>
		<transform>
			<row0>	1.0000 0.0000 0.0000 0.0000	</row0>
			<row1>	0.0000 1.0000 0.0000 0.0000	</row1>
			<row2>	0.0000 0.0000 1.0000 0.0000	</row2>
			<row3>	0.0000 0.0000 0.0000 1.0000	</row3>
		</transform>
		<node>
			<identifier>	Bow_ports	</identifier>
			<transform>
				<row0>	1.0000 0.0000 0.0000 0.0000	</row0>
				<row1>	0.0000 1.0000 0.0000 0.0000	</row1>
				<row2>	0.0000 0.0000 1.0000 0.0000	</row2>
				<row3>	0.0000 0.0000 0.0000 1.0000	</row3>
			</transform>
			<node>
				<identifier>	HP_BGA_1	</identifier>
				<transform>
					<row0>	1.0000 0.0000 0.0000 0.0000	</row0>
					<row1>	0.0000 1.0000 0.0000 0.0000	</row1>
					<row2>	0.0000 0.0000 1.0000 0.0000	</row2>
					<row3>	0.0000 0.5459 5.7012 1.0000	</row3>
				</transform>
			</node>
			<node>
				<identifier>	HP_BGA_2	</identifier>
				<transform>
					<row0>	1.0000 0.0000 0.0000 0.0000	</row0>
					<row1>	0.0000 1.0000 0.0000 0.0000	</row1>
					<row2>	0.0000 0.0000 1.0000 0.0000	</row2>
					<row3>	-0.2788 0.5341 5.3962 1.0000	</row3>
				</transform>
			</node>
			<node>
				<identifier>	HP_BGA_3	</identifier>
				<transform>
					<row0>	1.0000 0.0000 0.0000 0.0000	</row0>
					<row1>	0.0000 1.0000 0.0000 0.0000	</row1>
					<row2>	0.0000 0.0000 1.0000 0.0000	</row2>
					<row3>	0.2788 0.5341 5.3962 1.0000	</row3>
				</transform>
			</node>
			<node>
				<identifier>	HP_BGM_1	</identifier>
				<transform>
					<row0>	1.0000 0.0000 0.0000 0.0000	</row0>
					<row1>	0.0000 1.0000 0.0000 0.0000	</row1>
					<row2>	0.0000 0.0000 1.0000 0.0000	</row2>
					<row3>	0.0000 0.5711 4.5424 1.0000	</row3>
				</transform>
			</node>
			<node>
				<identifier>	HP_FX_Fire_1	</identifier>
				<transform>
					<row0>	1.0000 0.0000 0.0000 0.0000	</row0>
					<row1>	0.0000 1.0000 0.0000 0.0000	</row1>
					<row2>	0.0000 0.0000 1.0000 0.0000	</row2>
					<row3>	0.0000 0.5647 5.9467 1.0000	</row3>
				</transform>
			</node>
			<node>
				<identifier>	HP_FX_Flood_water_left_4	</identifier>
				<transform>
					<row0>	-0.9953 0.0000 0.0973 0.0000	</row0>
					<row1>	0.0000 1.0000 0.0000 0.0000	</row1>
					<row2>	-0.0973 0.0000 -0.9953 0.0000	</row2>
					<row3>	-0.1717 0.1690 6.2978 1.0000	</row3>
				</transform>
			</node>
			<node>
				<identifier>	HP_FX_Flood_water_right_4	</identifier>
				<transform>
					<row0>	0.9951 0.0000 0.0986 0.0000	</row0>
					<row1>	0.0000 1.0000 0.0000 0.0000	</row1>
					<row2>	-0.0986 0.0000 0.9951 0.0000	</row2>
					<row3>	0.1715 0.1688 6.2987 1.0000	</row3>
				</transform>
			</node>
			<node>
				<identifier>	HP_FX_RepairLight_right_2	</identifier>
				<transform>
					<row0>	0.1144 0.0000 -0.9934 0.0000	</row0>
					<row1>	0.3511 0.9355 0.0404 0.0000	</row1>
					<row2>	0.9293 -0.3534 0.1071 0.0000	</row2>
					<row3>	0.6161 0.4946 4.3162 1.0000	</row3>
				</transform>
			</node>
			<node>
				<identifier>	HP_FX_WakeTrace	</identifier>
				<transform>
					<row0>	1.0000 0.0000 0.0000 0.0000	</row0>
					<row1>	0.0000 1.0000 0.0000 0.0000	</row1>
					<row2>	0.0000 0.0000 1.0000 0.0000	</row2>
					<row3>	0.0000 0.0000 7.4610 1.0000	</row3>
				</transform>
			</node>
			<node>
				<identifier>	HP_Ship_death_1	</identifier>
				<transform>
					<row0>	1.0000 0.0000 0.0000 0.0000	</row0>
					<row1>	0.0000 1.0000 0.0000 0.0000	</row1>
					<row2>	0.0000 0.0000 1.0000 0.0000	</row2>
					<row3>	0.0000 0.0000 4.2545 1.0000	</row3>
				</transform>
			</node>
			<node>
				<identifier>	MP_BM001_Paravane	</identifier>
				<transform>
					<row0>	0.5000 0.0000 0.8660 0.0000	</row0>
					<row1>	0.0000 1.0000 0.0000 0.0000	</row1>
					<row2>	-0.8660 0.0000 0.5000 0.0000	</row2>
					<row3>	0.2623 0.5362 5.0378 1.0000	</row3>
				</transform>
			</node>
			<node>
				<identifier>	MP_BM001_Paravane_INDEX_1	</identifier>
				<transform>
					<row0>	0.5000 0.0000 -0.8660 0.0000	</row0>
					<row1>	0.0000 1.0000 0.0000 0.0000	</row1>
					<row2>	0.8660 0.0000 0.5000 0.0000	</row2>
					<row3>	-0.2623 0.5362 5.0378 1.0000	</row3>
				</transform>
			</node>
			<node>
				<identifier>	MP_BM019_Reels_1	</identifier>
				<transform>
					<row0>	-0.6900 0.0096 0.4047 0.0000	</row0>
					<row1>	0.0000 0.7998 -0.0190 0.0000	</row1>
					<row2>	-0.4048 -0.0164 -0.6898 0.0000	</row2>
					<row3>	0.2042 0.5194 4.9601 1.0000	</row3>
				</transform>
			</node>
			<node>
				<identifier>	MP_BM019_Reels_1_INDEX_1	</identifier>
				<transform>
					<row0>	0.9642 -0.0021 0.2652 0.0000	</row0>
					<row1>	0.0118 0.9993 -0.0352 0.0000	</row1>
					<row2>	-0.2650 0.0371 0.9635 0.0000	</row2>
					<row3>	-0.1032 0.5221 5.0855 1.0000	</row3>
				</transform>
			</node>
			<node>
				<identifier>	MP_BM019_Reels_1_INDEX_2	</identifier>
				<transform>
					<row0>	-0.6900 -0.0096 -0.4047 0.0000	</row0>
					<row1>	0.0000 0.7998 -0.0190 0.0000	</row1>
					<row2>	0.4048 -0.0164 -0.6898 0.0000	</row2>
					<row3>	-0.2042 0.5194 4.9601 1.0000	</row3>
				</transform>
			</node>
			<node>
				<identifier>	MP_BM019_Reels_1_INDEX_3	</identifier>
				<transform>
					<row0>	0.9642 0.0021 -0.2652 0.0000	</row0>
					<row1>	-0.0118 0.9993 -0.0352 0.0000	</row1>
					<row2>	0.2650 0.0371 0.9635 0.0000	</row2>
					<row3>	0.1032 0.5221 5.0855 1.0000	</row3>
				</transform>
			</node>
			<node>
				<identifier>	MP_BM751_Deck_Hatch	</identifier>
				<transform>
					<row0>	-1.0000 0.0000 0.0000 0.0000	</row0>
					<row1>	0.0000 1.0000 0.0000 0.0000	</row1>
					<row2>	0.0000 0.0000 -1.0000 0.0000	</row2>
					<row3>	0.3300 0.5058 4.5399 1.0000	</row3>
				</transform>
			</node>
			<node>
				<identifier>	MP_BM751_Deck_Hatch_INDEX_1	</identifier>
				<transform>
					<row0>	-1.0000 0.0000 0.0000 0.0000	</row0>
					<row1>	0.0000 1.0000 0.0000 0.0000	</row1>
					<row2>	0.0000 0.0000 -1.0000 0.0000	</row2>
					<row3>	-0.3300 0.4982 4.3784 1.0000	</row3>
				</transform>
			</node>
			<node>
				<identifier>	MP_BM751_Deck_Hatch_INDEX_2	</identifier>
				<transform>
					<row0>	-1.0000 0.0000 0.0000 0.0000	</row0>
					<row1>	0.0000 1.0000 0.0000 0.0000	</row1>
					<row2>	0.0000 0.0000 -1.0000 0.0000	</row2>
					<row3>	-0.3300 0.4982 4.6635 1.0000	</row3>
				</transform>
			</node>
			<node>
				<identifier>	MP_BM751_Deck_Hatch_INDEX_3	</identifier>
				<transform>
					<row0>	-1.0000 0.0000 0.0000 0.0000	</row0>
					<row1>	0.0000 1.0000 0.0000 0.0000	</row1>
					<row2>	0.0000 0.0000 -1.0000 0.0000	</row2>
					<row3>	0.3300 0.5035 4.3383 1.0000	</row3>
				</transform>
			</node>
			<node>
				<identifier>	MP_BM754_Deck_Hatch	</identifier>
				<transform>
					<row0>	1.0000 0.0000 0.0000 0.0000	</row0>
					<row1>	0.0000 1.0000 0.0000 0.0000	</row1>
					<row2>	0.0000 0.0000 1.0000 0.0000	</row2>
					<row3>	-0.0768 0.5377 5.4974 1.0000	</row3>
				</transform>
			</node>
			<node>
				<identifier>	MP_BM754_Deck_Hatch_INDEX_1	</identifier>
				<transform>
					<row0>	1.0000 0.0000 0.0000 0.0000	</row0>
					<row1>	0.0000 0.9981 -0.0615 0.0000	</row1>
					<row2>	0.0000 0.0615 0.9981 0.0000	</row2>
					<row3>	-0.0765 0.5981 6.7983 1.0000	</row3>
				</transform>
			</node>
			<node>
				<identifier>	MP_BM800_Ventilators_mushroom	</identifier>
				<transform>
					<row0>	-1.0000 0.0000 0.0000 0.0000	</row0>
					<row1>	0.0000 1.0000 0.0000 0.0000	</row1>
					<row2>	0.0000 0.0000 -1.0000 0.0000	</row2>
					<row3>	0.2831 0.5119 4.7450 1.0000	</row3>
				</transform>
			</node>
			<node>
				<identifier>	MP_BM800_Ventilators_mushroom_INDEX_1	</identifier>
				<transform>
					<row0>	-1.0000 0.0000 0.0000 0.0000	</row0>
					<row1>	0.0000 1.0000 0.0000 0.0000	</row1>
					<row2>	0.0000 0.0000 -1.0000 0.0000	</row2>
					<row3>	0.0756 0.5136 4.8775 1.0000	</row3>
				</transform>
			</node>
			<node>
				<identifier>	MP_BM800_Ventilators_mushroom_INDEX_2	</identifier>
				<transform>
					<row0>	-1.0000 0.0000 0.0000 0.0000	</row0>
					<row1>	0.0000 1.0000 0.0000 0.0000	</row1>
					<row2>	0.0000 0.0000 -1.0000 0.0000	</row2>
					<row3>	0.3244 0.5376 5.5990 1.0000	</row3>
				</transform>
			</node>
			<node>
				<identifier>	MP_BM800_Ventilators_mushroom_INDEX_3	</identifier>
				<transform>
					<row0>	-1.0000 0.0000 0.0000 0.0000	</row0>
					<row1>	0.0000 1.0000 0.0000 0.0000	</row1>
					<row2>	0.0000 0.0000 -1.0000 0.0000	</row2>
					<row3>	-0.0194 0.5509 5.9197 1.0000	</row3>
				</transform>
			</node>
			<node>
				<identifier>	MP_BM800_Ventilators_mushroom_INDEX_4	</identifier>
				<transform>
					<row0>	-1.0000 0.0000 0.0000 0.0000	</row0>
					<row1>	0.0000 1.0000 0.0000 0.0000	</row1>
					<row2>	0.0000 0.0000 -1.0000 0.0000	</row2>
					<row3>	-0.2761 0.5136 4.7835 1.0000	</row3>
				</transform>
			</node>
			<node>
				<identifier>	MP_BM800_Ventilators_mushroom_INDEX_5	</identifier>
				<transform>
					<row0>	-1.0000 0.0000 0.0000 0.0000	</row0>
					<row1>	0.0000 1.0000 0.0000 0.0000	</row1>
					<row2>	0.0000 0.0000 -1.0000 0.0000	</row2>
					<row3>	-0.3229 0.5376 5.5989 1.0000	</row3>
				</transform>
			</node>
			<node>
				<identifier>	MP_BM858_Signal_Lamp	</identifier>
				<transform>
					<row0>	1.0000 0.0000 0.0000 0.0000	</row0>
					<row1>	0.0000 1.0000 0.0000 0.0000	</row1>
					<row2>	0.0000 0.0000 1.0000 0.0000	</row2>
					<row3>	0.0150 1.1516 7.5764 1.0000	</row3>
				</transform>
			</node>
			<node>
				<identifier>	MP_BM862_Signal_Lamp	</identifier>
				<transform>
					<row0>	1.0000 0.0000 0.0000 0.0000	</row0>
					<row1>	0.0000 1.0000 0.0000 0.0000	</row1>
					<row2>	0.0000 0.0000 1.0000 0.0000	</row2>
					<row3>	0.0152 1.0508 7.5658 1.0000	</row3>
				</transform>
			</node>
			<node>
				<identifier>	MP_BM950_Anchor_top	</identifier>
				<transform>
					<row0>	0.3509 1.1201 0.7631 0.0000	</row0>
					<row1>	-0.1403 0.8140 -1.1303 0.0000	</row1>
					<row2>	-1.3480 0.2069 0.3163 0.0000	</row2>
					<row3>	0.1717 0.4998 7.0694 1.0000	</row3>
				</transform>
			</node>
			<node>
				<identifier>	MP_BM950_Anchor_top_INDEX_1	</identifier>
				<transform>
					<row0>	0.3509 -1.1201 -0.7631 0.0000	</row0>
					<row1>	0.1403 0.8140 -1.1303 0.0000	</row1>
					<row2>	1.3480 0.2069 0.3163 0.0000	</row2>
					<row3>	-0.1717 0.4998 7.0694 1.0000	</row3>
				</transform>
			</node>
			<node>
				<identifier>	MP_BM951_Anchor_down	</identifier>
				<transform>
					<row0>	0.3509 -1.1201 -0.7631 0.0000	</row0>
					<row1>	-0.1120 0.7616 -1.1694 0.0000	</row1>
					<row2>	1.3507 0.3542 0.1013 0.0000	</row2>
					<row3>	-0.1717 0.4998 7.0694 1.0000	</row3>
				</transform>
			</node>
			<node>
				<identifier>	MP_BM951_Anchor_down_INDEX_1	</identifier>
				<transform>
					<row0>	0.3509 1.1201 0.7631 0.0000	</row0>
					<row1>	0.1120 0.7616 -1.1694 0.0000	</row1>
					<row2>	-1.3507 0.3542 0.1013 0.0000	</row2>
					<row3>	0.1717 0.4998 7.0694 1.0000	</row3>
				</transform>
			</node>
			<node>
				<identifier>	MP_BM952_Bollard	</identifier>
				<transform>
					<row0>	0.7398 -0.0059 -0.1234 0.0000	</row0>
					<row1>	0.0000 0.7492 -0.0356 0.0000	</row1>
					<row2>	0.1235 0.0351 0.7389 0.0000	</row2>
					<row3>	-0.2944 0.5763 6.3726 1.0000	</row3>
				</transform>
			</node>
			<node>
				<identifier>	MP_BM952_Bollard_INDEX_1	</identifier>
				<transform>
					<row0>	0.7500 0.0000 0.0000 0.0000	</row0>
					<row1>	0.0000 0.7491 -0.0374 0.0000	</row1>
					<row2>	0.0000 0.0374 0.7491 0.0000	</row2>
					<row3>	0.0000 0.5674 6.1890 1.0000	</row3>
				</transform>
			</node>
			<node>
				<identifier>	MP_BM952_Bollard_INDEX_2	</identifier>
				<transform>
					<row0>	0.7398 0.0059 0.1234 0.0000	</row0>
					<row1>	0.0000 0.7492 -0.0356 0.0000	</row1>
					<row2>	-0.1235 0.0351 0.7389 0.0000	</row2>
					<row3>	0.2944 0.5763 6.3726 1.0000	</row3>
				</transform>
			</node>
			<node>
				<identifier>	MP_BM961_Anchor_Capstan_Cruiser_WW2_Bow	</identifier>
				<transform>
					<row0>	1.0000 0.0000 0.0000 0.0000	</row0>
					<row1>	0.0000 1.0000 0.0000 0.0000	</row1>
					<row2>	0.0000 0.0000 1.0000 0.0000	</row2>
					<row3>	0.1542 0.5800 6.2563 1.0000	</row3>
				</transform>
			</node>
			<node>
				<identifier>	MP_BM961_Anchor_Capstan_Cruiser_WW2_Bow_INDEX_1	</identifier>
				<transform>
					<row0>	1.0000 0.0000 0.0000 0.0000	</row0>
					<row1>	0.0000 1.0000 0.0000 0.0000	</row1>
					<row2>	0.0000 0.0000 1.0000 0.0000	</row2>
					<row3>	-0.1542 0.5800 6.2563 1.0000	</row3>
				</transform>
			</node>
			<node>
				<identifier>	MP_BM962_Chain_Fairlead	</identifier>
				<transform>
					<row0>	0.8000 0.0000 0.0000 0.0000	</row0>
					<row1>	0.0000 0.8000 0.0000 0.0000	</row1>
					<row2>	0.0000 0.0000 0.8000 0.0000	</row2>
					<row3>	0.1719 0.5720 6.3415 1.0000	</row3>
				</transform>
			</node>
			<node>
				<identifier>	MP_BM962_Chain_Fairlead_INDEX_1	</identifier>
				<transform>
					<row0>	0.8000 0.0000 0.0000 0.0000	</row0>
					<row1>	0.0000 0.8000 0.0000 0.0000	</row1>
					<row2>	0.0000 0.0000 0.8000 0.0000	</row2>
					<row3>	-0.1719 0.5720 6.3415 1.0000	</row3>
				</transform>
			</node>
			<node>
				<identifier>	MP_BM964_3ton_electrik_winch_R	</identifier>
				<transform>
					<row0>	0.0000 0.0185 0.9998 0.0000	</row0>
					<row1>	0.0000 0.9998 -0.0185 0.0000	</row1>
					<row2>	-1.0000 0.0000 0.0000 0.0000	</row2>
					<row3>	0.0092 0.5249 5.1683 1.0000	</row3>
				</transform>
			</node>
			<node>
				<identifier>	MP_CM011_Fire_Fighting_Gear	</identifier>
				<transform>
					<row0>	1.0000 0.0000 0.0000 0.0000	</row0>
					<row1>	0.0000 1.0000 0.0000 0.0000	</row1>
					<row2>	0.0000 0.0000 1.0000 0.0000	</row2>
					<row3>	0.3486 0.5228 4.8740 1.0000	</row3>
				</transform>
			</node>
			<node>
				<identifier>	MP_CM011_Fire_Fighting_Gear_INDEX_1	</identifier>
				<transform>
					<row0>	1.0000 0.0000 0.0000 0.0000	</row0>
					<row1>	0.0000 1.0000 0.0000 0.0000	</row1>
					<row2>	0.0000 0.0000 1.0000 0.0000	</row2>
					<row3>	-0.1564 0.5228 4.9821 1.0000	</row3>
				</transform>
			</node>
			<node>
				<identifier>	MP_CM011_Fire_Fighting_Gear_INDEX_2	</identifier>
				<transform>
					<row0>	1.0000 0.0000 0.0000 0.0000	</row0>
					<row1>	0.0000 1.0000 0.0000 0.0000	</row1>
					<row2>	0.0000 0.0000 1.0000 0.0000	</row2>
					<row3>	-0.2964 0.5450 5.6540 1.0000	</row3>
				</transform>
			</node>
			<node>
				<identifier>	MP_CM011_Fire_Fighting_Gear_INDEX_3	</identifier>
				<transform>
					<row0>	1.0000 0.0000 0.0000 0.0000	</row0>
					<row1>	0.0000 1.0000 0.0000 0.0000	</row1>
					<row2>	0.0000 0.0000 1.0000 0.0000	</row2>
					<row3>	0.2964 0.5450 5.6540 1.0000	</row3>
				</transform>
			</node>
			<node>
				<identifier>	MP_CM013_Fire_Hose_Rack_2	</identifier>
				<transform>
					<row0>	0.6030 -0.4288 0.6727 0.0000	</row0>
					<row1>	0.2862 0.9034 0.3193 0.0000	</row1>
					<row2>	-0.7446 0.0000 0.6675 0.0000	</row2>
					<row3>	0.3504 0.5628 4.9106 1.0000	</row3>
				</transform>
			</node>
			<node>
				<identifier>	MP_CM013_Fire_Hose_Rack_2_INDEX_1	</identifier>
				<transform>
					<row0>	-0.7195 -0.1565 0.6766 0.0000	</row0>
					<row1>	-0.1141 0.9877 0.1071 0.0000	</row1>
					<row2>	-0.6850 -0.0001 -0.7285 0.0000	</row2>
					<row3>	-0.3402 0.5816 5.6512 1.0000	</row3>
				</transform>
			</node>
			<node>
				<identifier>	MP_CM013_Fire_Hose_Rack_2_INDEX_2	</identifier>
				<transform>
					<row0>	0.7201 -0.1565 0.6760 0.0000	</row0>
					<row1>	0.1141 0.9877 0.1071 0.0000	</row1>
					<row2>	-0.6844 0.0000 0.7291 0.0000	</row2>
					<row3>	0.3402 0.5816 5.6512 1.0000	</row3>
				</transform>
			</node>
			<node>
				<identifier>	MP_CM013_Fire_Hose_Rack_2_INDEX_3	</identifier>
				<transform>
					<row0>	-0.2369 -0.4031 0.8840 0.0000	</row0>
					<row1>	-0.1043 0.9152 0.3894 0.0000	</row1>
					<row2>	-0.9659 0.0000 -0.2588 0.0000	</row2>
					<row3>	-0.1465 0.5672 5.0279 1.0000	</row3>
				</transform>
			</node>
			<node>
				<identifier>	MP_CM109_Leadsman_Platform	</identifier>
				<transform>
					<row0>	0.9730 0.1383 0.1848 0.0000	</row0>
					<row1>	-0.1239 0.9884 -0.0874 0.0000	</row1>
					<row2>	-0.1948 0.0621 0.9789 0.0000	</row2>
					<row3>	0.1833 0.6198 7.1019 1.0000	</row3>
				</transform>
			</node>
			<node>
				<identifier>	MP_CM109_Leadsman_Platform_INDEX_1	</identifier>
				<transform>
					<row0>	-0.9687 0.1399 0.2050 0.0000	</row0>
					<row1>	0.1236 0.9882 -0.0900 0.0000	</row1>
					<row2>	-0.2151 -0.0619 -0.9746 0.0000	</row2>
					<row3>	-0.1834 0.6198 7.1011 1.0000	</row3>
				</transform>
			</node>
			<node>
				<identifier>	SP_YMS001_YHBM_M_1	</identifier>
				<transform>
					<row0>	0.9036 0.0000 0.0000 0.0000	</row0>
					<row1>	0.0000 0.9036 0.0000 0.0000	</row1>
					<row2>	0.0000 0.0000 0.9036 0.0000	</row2>
					<row3>	0.0000 0.6437 7.6271 1.0000	</row3>
				</transform>
			</node>
			<node>
				<identifier>	SP_YMS002_YHBL_M_1	</identifier>
				<transform>
					<row0>	0.9590 -0.0005 -0.0508 0.0000	</row0>
					<row1>	-0.0020 0.9591 -0.0480 0.0000	</row1>
					<row2>	0.0507 0.0480 0.9578 0.0000	</row2>
					<row3>	0.0000 0.6437 7.6271 1.0000	</row3>
				</transform>
			</node>
			<node>
				<identifier>	SP_YMS003_YHBR_M_1	</identifier>
				<transform>
					<row0>	0.9590 0.0005 0.0508 0.0000	</row0>
					<row1>	0.0020 0.9591 -0.0480 0.0000	</row1>
					<row2>	-0.0507 0.0480 0.9578 0.0000	</row2>
					<row3>	0.0000 0.6437 7.6271 1.0000	</row3>
				</transform>
			</node>
			<node>
				<identifier>	SP_YMS004_YHXL_L_1	</identifier>
				<transform>
					<row0>	0.7139 0.3311 -0.1514 0.0000	</row0>
					<row1>	-0.3283 0.7295 0.0473 0.0000	</row1>
					<row2>	0.1574 0.0199 0.7855 0.0000	</row2>
					<row3>	-0.1384 0.5086 7.0962 1.0000	</row3>
				</transform>
			</node>
			<node>
				<identifier>	SP_YMS005_YHXR_L_1	</identifier>
				<transform>
					<row0>	0.7139 -0.3311 0.1514 0.0000	</row0>
					<row1>	0.3283 0.7295 0.0473 0.0000	</row1>
					<row2>	-0.1574 0.0199 0.7855 0.0000	</row2>
					<row3>	0.1384 0.5086 7.0962 1.0000	</row3>
				</transform>
			</node>
			<node>
				<identifier>	SP_YMS010_YHWM_L_1	</identifier>
				<transform>
					<row0>	0.8695 0.0000 0.0000 0.0000	</row0>
					<row1>	0.0000 0.8695 0.0000 0.0000	</row1>
					<row2>	0.0000 0.0000 0.8695 0.0000	</row2>
					<row3>	0.0000 0.0000 7.4692 1.0000	</row3>
				</transform>
			</node>
			<node>
				<identifier>	SP_YMS011_YHWL_M_1	</identifier>
				<transform>
					<row0>	0.9801 0.1225 -0.1561 0.0000	</row0>
					<row1>	-0.1210 0.9925 0.0193 0.0000	</row1>
					<row2>	0.1573 0.0000 0.9876 0.0000	</row2>
					<row3>	-0.2055 0.0000 5.9861 1.0000	</row3>
				</transform>
			</node>
			<node>
				<identifier>	SP_YMS011_YHWL_M_1_INDEX_1	</identifier>
				<transform>
					<row0>	0.9704 0.1709 -0.1704 0.0000	</row0>
					<row1>	-0.1684 0.9853 0.0296 0.0000	</row1>
					<row2>	0.1730 0.0000 0.9849 0.0000	</row2>
					<row3>	-0.3429 0.0000 5.1538 1.0000	</row3>
				</transform>
			</node>
			<node>
				<identifier>	SP_YMS011_YHWL_M_1_INDEX_2	</identifier>
				<transform>
					<row0>	0.9684 0.1926 -0.1583 0.0000	</row0>
					<row1>	-0.1897 0.9813 0.0331 0.0000	</row1>
					<row2>	0.1617 -0.0020 0.9868 0.0000	</row2>
					<row3>	-0.4919 0.0000 4.3305 1.0000	</row3>
				</transform>
			</node>
			<node>
				<identifier>	SP_YMS012_YHWR_M_1	</identifier>
				<transform>
					<row0>	0.9801 -0.1225 0.1561 0.0000	</row0>
					<row1>	0.1210 0.9925 0.0193 0.0000	</row1>
					<row2>	-0.1573 0.0000 0.9876 0.0000	</row2>
					<row3>	0.2055 0.0000 5.9861 1.0000	</row3>
				</transform>
			</node>
			<node>
				<identifier>	SP_YMS012_YHWR_M_1_INDEX_1	</identifier>
				<transform>
					<row0>	0.9704 -0.1709 0.1704 0.0000	</row0>
					<row1>	0.1684 0.9853 0.0296 0.0000	</row1>
					<row2>	-0.1730 0.0000 0.9849 0.0000	</row2>
					<row3>	0.3429 0.0000 5.1538 1.0000	</row3>
				</transform>
			</node>
			<node>
				<identifier>	SP_YMS012_YHWR_M_1_INDEX_2	</identifier>
				<transform>
					<row0>	0.9684 -0.1926 0.1583 0.0000	</row0>
					<row1>	0.1897 0.9813 0.0331 0.0000	</row1>
					<row2>	-0.1617 -0.0020 0.9868 0.0000	</row2>
					<row3>	0.4919 0.0000 4.3305 1.0000	</row3>
				</transform>
			</node>
			<node>
				<identifier>	SP_YMS020_YHBU_M_1	</identifier>
				<transform>
					<row0>	1.0000 0.0000 0.0000 0.0000	</row0>
					<row1>	0.0000 0.9993 -0.0374 0.0000	</row1>
					<row2>	0.0000 0.0374 0.9993 0.0000	</row2>
					<row3>	0.0000 -0.1459 7.3850 1.0000	</row3>
				</transform>
			</node>
			<node>
				<identifier>	SP_YMS021_YHUC_S_1	</identifier>
				<transform>
					<row0>	-0.2280 1.2128 0.0241 0.0000	</row0>
					<row1>	-1.2024 -0.2292 0.1590 0.0000	</row1>
					<row2>	0.1607 0.0059 1.2238 0.0000	</row2>
					<row3>	-0.3166 -0.2728 5.0763 1.0000	</row3>
				</transform>
			</node>
			<node>
				<identifier>	SP_YMS021_YHUC_S_1_INDEX_1	</identifier>
				<transform>
					<row0>	-0.2280 -1.2128 -0.0241 0.0000	</row0>
					<row1>	1.2024 -0.2292 0.1590 0.0000	</row1>
					<row2>	-0.1607 0.0059 1.2238 0.0000	</row2>
					<row3>	0.3166 -0.2728 5.0763 1.0000	</row3>
				</transform>
			</node>
			<node>
				<identifier>	SP_YMS051_YHDL_L_1	</identifier>
				<transform>
					<row0>	0.7856 -0.0002 -0.1129 0.0000	</row0>
					<row1>	-0.0032 0.7933 -0.0231 0.0000	</row1>
					<row2>	0.1129 0.0233 0.7852 0.0000	</row2>
					<row3>	-0.4838 0.5352 5.4774 1.0000	</row3>
				</transform>
			</node>
			<node>
				<identifier>	SP_YMS052_YHDR_L_1	</identifier>
				<transform>
					<row0>	0.7856 0.0002 0.1129 0.0000	</row0>
					<row1>	0.0032 0.7933 -0.0231 0.0000	</row1>
					<row2>	-0.1129 0.0233 0.7852 0.0000	</row2>
					<row3>	0.4838 0.5352 5.4774 1.0000	</row3>
				</transform>
			</node>
			<node>
				<identifier>	SP_YMS053_YHDC_S_1	</identifier>
				<transform>
					<row0>	1.0000 0.0000 0.0000 0.0000	</row0>
					<row1>	0.0000 0.9993 -0.0381 0.0000	</row1>
					<row2>	0.0000 0.0381 0.9993 0.0000	</row2>
					<row3>	0.0000 0.5313 5.3712 1.0000	</row3>
				</transform>
			</node>
			<node>
				<identifier>	SP_YMS072_YHHC_M_1	</identifier>
				<transform>
					<row0>	-0.1297 -0.0064 -0.7459 0.0000	</row0>
					<row1>	-0.2654 0.7079 0.0400 0.0000	</row1>
					<row2>	0.6971 0.2683 -0.1235 0.0000	</row2>
					<row3>	-0.4602 0.2879 4.8412 1.0000	</row3>
				</transform>
			</node>
			<node>
				<identifier>	SP_YMS072_YHHC_M_1_INDEX_1	</identifier>
				<transform>
					<row0>	-0.1297 0.0064 0.7459 0.0000	</row0>
					<row1>	0.2654 0.7079 0.0400 0.0000	</row1>
					<row2>	-0.6971 0.2683 -0.1235 0.0000	</row2>
					<row3>	0.4602 0.2879 4.8412 1.0000	</row3>
				</transform>
			</node>
			<node>
				<identifier>	SP_YMS080_YHSL_M_1	</identifier>
				<transform>
					<row0>	0.7214 0.3053 -0.1351 0.0000	</row0>
					<row1>	-0.3001 0.7339 0.0562 0.0000	</row1>
					<row2>	0.1464 0.0000 0.7813 0.0000	</row2>
					<row3>	-0.2259 0.3720 6.2824 1.0000	</row3>
				</transform>
			</node>
			<node>
				<identifier>	SP_YMS080_YHSL_M_1_INDEX_1	</identifier>
				<transform>
					<row0>	0.7371 0.2666 -0.1318 0.0000	</row0>
					<row1>	-0.2621 0.7488 0.0491 0.0000	</row1>
					<row2>	0.1406 -0.0021 0.7823 0.0000	</row2>
					<row3>	-0.3308 0.2625 5.4264 1.0000	</row3>
				</transform>
			</node>
			<node>
				<identifier>	SP_YMS081_YHSR_M_1	</identifier>
				<transform>
					<row0>	0.7214 -0.3053 0.1351 0.0000	</row0>
					<row1>	0.3001 0.7339 0.0562 0.0000	</row1>
					<row2>	-0.1464 0.0000 0.7813 0.0000	</row2>
					<row3>	0.2259 0.3720 6.2824 1.0000	</row3>
				</transform>
			</node>
			<node>
				<identifier>	SP_YMS081_YHSR_M_1_INDEX_1	</identifier>
				<transform>
					<row0>	0.7371 -0.2666 0.1318 0.0000	</row0>
					<row1>	0.2621 0.7488 0.0491 0.0000	</row1>
					<row2>	-0.1406 -0.0021 0.7823 0.0000	</row2>
					<row3>	0.3308 0.2625 5.4264 1.0000	</row3>
				</transform>
			</node>
			<node>
				<identifier>	SP_YMS082_YHSC_M_1_INDEX_8	</identifier>
				<transform>
					<row0>	-0.1297 0.0039 0.9915 0.0000	</row0>
					<row1>	0.3048 0.9517 0.0361 0.0000	</row1>
					<row2>	-0.9435 0.3069 -0.1246 0.0000	</row2>
					<row3>	0.5267 0.2521 4.3810 1.0000	</row3>
				</transform>
			</node>
			<node>
				<identifier>	SP_YMS082_YHSC_M_1_INDEX_9	</identifier>
				<transform>
					<row0>	-0.1297 -0.0039 -0.9915 0.0000	</row0>
					<row1>	-0.3048 0.9517 0.0361 0.0000	</row1>
					<row2>	0.9435 0.3069 -0.1246 0.0000	</row2>
					<row3>	-0.5267 0.2521 4.3810 1.0000	</row3>
				</transform>
			</node>
		</node>
	</node>
	<boundingBox>
		<min>	-0.0667 -0.0667 -0.0667	</min>
		<max>	0.0667 0.0667 0.0667	</max>
	</boundingBox>
</BSC025_Goliath_1949_Bow_ports.visual>
