<GSC029_Munchen_1944_MidBack_ports.visual>
	<node>
		<identifier>	Scene Root	</identifier>
		<transform>
			<row0>	1.0000 0.0000 0.0000 0.0000	</row0>
			<row1>	0.0000 1.0000 0.0000 0.0000	</row1>
			<row2>	0.0000 0.0000 1.0000 0.0000	</row2>
			<row3>	0.0000 0.0000 0.0000 1.0000	</row3>
		</transform>
		<node>
			<identifier>	MidBack_ports	</identifier>
			<transform>
				<row0>	1.0000 0.0000 0.0000 0.0000	</row0>
				<row1>	0.0000 1.0000 0.0000 0.0000	</row1>
				<row2>	0.0000 0.0000 1.0000 0.0000	</row2>
				<row3>	0.0000 0.0000 0.0000 1.0000	</row3>
			</transform>
			<node>
				<identifier>	HP_FX_Death_2	</identifier>
				<transform>
					<row0>	1.0000 0.0000 0.0000 0.0000	</row0>
					<row1>	0.0000 1.0000 0.0000 0.0000	</row1>
					<row2>	0.0000 0.0000 1.0000 0.0000	</row2>
					<row3>	0.0000 0.0000 -0.2373 1.0000	</row3>
				</transform>
			</node>
			<node>
				<identifier>	HP_FX_Fire_3	</identifier>
				<transform>
					<row0>	1.0000 0.0000 0.0000 0.0000	</row0>
					<row1>	0.0000 1.0000 0.0000 0.0000	</row1>
					<row2>	0.0000 0.0000 1.0000 0.0000	</row2>
					<row3>	0.0000 0.4590 -1.5382 1.0000	</row3>
				</transform>
			</node>
			<node>
				<identifier>	HP_FX_Fire_3_side_1	</identifier>
				<transform>
					<row0>	1.0000 0.0000 0.0000 0.0000	</row0>
					<row1>	0.0000 1.0000 0.0000 0.0000	</row1>
					<row2>	0.0000 0.0000 1.0000 0.0000	</row2>
					<row3>	-0.4859 0.4696 -0.5010 1.0000	</row3>
				</transform>
			</node>
			<node>
				<identifier>	HP_FX_Fire_3_side_2	</identifier>
				<transform>
					<row0>	1.0000 0.0000 0.0000 0.0000	</row0>
					<row1>	0.0000 1.0000 0.0000 0.0000	</row1>
					<row2>	0.0000 0.0000 1.0000 0.0000	</row2>
					<row3>	0.4069 0.3742 -2.4336 1.0000	</row3>
				</transform>
			</node>
			<node>
				<identifier>	HP_FX_FloodLight_left_1	</identifier>
				<transform>
					<row0>	-0.8006 0.0000 -0.5992 0.0000	</row0>
					<row1>	0.0000 1.0000 0.0000 0.0000	</row1>
					<row2>	0.5992 0.0000 -0.8006 0.0000	</row2>
					<row3>	-0.2319 0.5027 -1.8121 1.0000	</row3>
				</transform>
			</node>
			<node>
				<identifier>	HP_FX_FloodLight_right_2	</identifier>
				<transform>
					<row0>	0.8233 0.0000 -0.5676 0.0000	</row0>
					<row1>	0.0000 1.0000 0.0000 0.0000	</row1>
					<row2>	0.5676 0.0000 0.8233 0.0000	</row2>
					<row3>	0.2319 0.5027 -1.8121 1.0000	</row3>
				</transform>
			</node>
			<node>
				<identifier>	HP_FX_Flood_steam_3	</identifier>
				<transform>
					<row0>	1.0000 0.0000 0.0000 0.0000	</row0>
					<row1>	0.0000 0.9838 -0.1795 0.0000	</row1>
					<row2>	0.0000 0.1795 0.9838 0.0000	</row2>
					<row3>	0.0000 1.0827 -1.0739 1.0000	</row3>
				</transform>
			</node>
			<node>
				<identifier>	HP_FX_Flood_steam_right	</identifier>
				<transform>
					<row0>	1.0000 0.0000 0.0000 0.0000	</row0>
					<row1>	0.0000 1.0000 0.0000 0.0000	</row1>
					<row2>	0.0000 0.0000 1.0000 0.0000	</row2>
					<row3>	0.3842 0.4829 -1.3500 1.0000	</row3>
				</transform>
			</node>
			<node>
				<identifier>	HP_FX_Flood_water_left_1	</identifier>
				<transform>
					<row0>	-0.9894 -0.1453 0.0000 0.0000	</row0>
					<row1>	-0.1453 0.9894 0.0000 0.0000	</row1>
					<row2>	0.0000 0.0000 -1.0000 0.0000	</row2>
					<row3>	-0.5316 0.0444 -2.0984 1.0000	</row3>
				</transform>
			</node>
			<node>
				<identifier>	HP_FX_Flood_water_left_2	</identifier>
				<transform>
					<row0>	-0.9997 -0.0231 0.0000 0.0000	</row0>
					<row1>	-0.0231 0.9997 0.0000 0.0000	</row1>
					<row2>	0.0000 0.0000 -1.0000 0.0000	</row2>
					<row3>	-0.5616 0.0456 0.3303 1.0000	</row3>
				</transform>
			</node>
			<node>
				<identifier>	HP_FX_Flood_water_right_1	</identifier>
				<transform>
					<row0>	0.9894 -0.1453 0.0000 0.0000	</row0>
					<row1>	0.1453 0.9894 0.0000 0.0000	</row1>
					<row2>	0.0000 0.0000 1.0000 0.0000	</row2>
					<row3>	0.5316 0.0442 -2.0980 1.0000	</row3>
				</transform>
			</node>
			<node>
				<identifier>	HP_FX_Flood_water_right_2	</identifier>
				<transform>
					<row0>	0.9997 -0.0231 0.0000 0.0000	</row0>
					<row1>	0.0231 0.9997 0.0000 0.0000	</row1>
					<row2>	0.0000 0.0000 1.0000 0.0000	</row2>
					<row3>	0.5616 0.0451 0.3311 1.0000	</row3>
				</transform>
			</node>
			<node>
				<identifier>	HP_FX_Smoke_1	</identifier>
				<transform>
					<row0>	1.0000 0.0000 0.0000 0.0000	</row0>
					<row1>	0.0000 0.9957 -0.0927 0.0000	</row1>
					<row2>	0.0000 0.0927 0.9957 0.0000	</row2>
					<row3>	0.0004 0.9739 -1.1847 1.0000	</row3>
				</transform>
			</node>
			<node>
				<identifier>	HP_GC_1	</identifier>
				<transform>
					<row0>	0.7071 0.0000 0.7071 0.0000	</row0>
					<row1>	0.0000 1.0000 0.0000 0.0000	</row1>
					<row2>	-0.7071 0.0000 0.7071 0.0000	</row2>
					<row3>	0.0000 0.5579 -0.4618 1.0000	</row3>
				</transform>
			</node>
			<node>
				<identifier>	HP_GD_3	</identifier>
				<transform>
					<row0>	0.0000 0.0000 1.0000 0.0000	</row0>
					<row1>	0.0000 1.0000 0.0000 0.0000	</row1>
					<row2>	-1.0000 0.0000 0.0000 0.0000	</row2>
					<row3>	-0.3432 0.5553 -1.4362 1.0000	</row3>
				</transform>
			</node>
			<node>
				<identifier>	HP_GD_4	</identifier>
				<transform>
					<row0>	0.0000 0.0000 -1.0000 0.0000	</row0>
					<row1>	0.0000 1.0000 0.0000 0.0000	</row1>
					<row2>	1.0000 0.0000 0.0000 0.0000	</row2>
					<row3>	0.3432 0.5553 -1.4362 1.0000	</row3>
				</transform>
			</node>
			<node>
				<identifier>	HP_GD_5	</identifier>
				<transform>
					<row0>	-1.0000 0.0000 0.0000 0.0000	</row0>
					<row1>	0.0000 1.0000 0.0000 0.0000	</row1>
					<row2>	0.0000 0.0000 -1.0000 0.0000	</row2>
					<row3>	0.0000 0.5631 -2.1132 1.0000	</row3>
				</transform>
			</node>
			<node>
				<identifier>	HP_GF_5	</identifier>
				<transform>
					<row0>	-1.0000 0.0000 0.0000 0.0000	</row0>
					<row1>	0.0000 1.0000 0.0000 0.0000	</row1>
					<row2>	0.0000 0.0000 -1.0000 0.0000	</row2>
					<row3>	0.0000 0.6180 -1.8692 1.0000	</row3>
				</transform>
			</node>
			<node>
				<identifier>	HP_GGA_5	</identifier>
				<transform>
					<row0>	0.0000 0.0000 1.0000 0.0000	</row0>
					<row1>	0.0000 1.0000 0.0000 0.0000	</row1>
					<row2>	-1.0000 0.0000 0.0000 0.0000	</row2>
					<row3>	-0.4541 0.3739 0.4358 1.0000	</row3>
				</transform>
			</node>
			<node>
				<identifier>	HP_GGA_6	</identifier>
				<transform>
					<row0>	0.0000 0.0000 -1.0000 0.0000	</row0>
					<row1>	0.0000 1.0000 0.0000 0.0000	</row1>
					<row2>	1.0000 0.0000 0.0000 0.0000	</row2>
					<row3>	0.4541 0.3739 0.4358 1.0000	</row3>
				</transform>
			</node>
			<node>
				<identifier>	HP_GGA_7	</identifier>
				<transform>
					<row0>	0.0000 0.0000 1.0000 0.0000	</row0>
					<row1>	0.0000 1.0000 0.0000 0.0000	</row1>
					<row2>	-1.0000 0.0000 0.0000 0.0000	</row2>
					<row3>	-0.3428 0.5548 -0.9456 1.0000	</row3>
				</transform>
			</node>
			<node>
				<identifier>	HP_GGA_8	</identifier>
				<transform>
					<row0>	0.0000 0.0000 -1.0000 0.0000	</row0>
					<row1>	0.0000 1.0000 0.0000 0.0000	</row1>
					<row2>	1.0000 0.0000 0.0000 0.0000	</row2>
					<row3>	0.3428 0.5548 -0.9456 1.0000	</row3>
				</transform>
			</node>
			<node>
				<identifier>	HP_GGM_3	</identifier>
				<transform>
					<row0>	-1.0000 0.0000 0.0000 0.0000	</row0>
					<row1>	0.0000 1.0000 0.0000 0.0000	</row1>
					<row2>	0.0000 0.0000 -1.0000 0.0000	</row2>
					<row3>	0.0000 0.4185 -3.2974 1.0000	</row3>
				</transform>
			</node>
			<node>
				<identifier>	HP_GGS_1	</identifier>
				<transform>
					<row0>	-1.0000 0.0000 0.0000 0.0000	</row0>
					<row1>	0.0000 1.0000 0.0000 0.0000	</row1>
					<row2>	0.0000 0.0000 -1.0000 0.0000	</row2>
					<row3>	-0.3985 0.3707 -1.9628 1.0000	</row3>
				</transform>
			</node>
			<node>
				<identifier>	HP_GGS_2	</identifier>
				<transform>
					<row0>	-1.0000 0.0000 0.0000 0.0000	</row0>
					<row1>	0.0000 1.0000 0.0000 0.0000	</row1>
					<row2>	0.0000 0.0000 -1.0000 0.0000	</row2>
					<row3>	0.3985 0.3707 -1.9628 1.0000	</row3>
				</transform>
			</node>
			<node>
				<identifier>	HP_GGT_1	</identifier>
				<transform>
					<row0>	1.0000 0.0000 0.0000 0.0000	</row0>
					<row1>	0.0000 1.0000 0.0000 0.0000	</row1>
					<row2>	0.0000 0.0000 1.0000 0.0000	</row2>
					<row3>	-0.4541 0.2304 -0.1266 1.0000	</row3>
				</transform>
			</node>
			<node>
				<identifier>	HP_GGT_2	</identifier>
				<transform>
					<row0>	1.0000 0.0000 0.0000 0.0000	</row0>
					<row1>	0.0000 1.0000 0.0000 0.0000	</row1>
					<row2>	0.0000 0.0000 1.0000 0.0000	</row2>
					<row3>	0.4541 0.2304 -0.1266 1.0000	</row3>
				</transform>
			</node>
			<node>
				<identifier>	HP_flag_1	</identifier>
				<transform>
					<row0>	0.9938 -0.1114 -0.0009 0.0000	</row0>
					<row1>	0.1114 0.9936 0.0165 0.0000	</row1>
					<row2>	-0.0009 -0.0165 0.9999 0.0000	</row2>
					<row3>	0.2905 1.4763 -1.5116 1.0000	</row3>
				</transform>
			</node>
			<node>
				<identifier>	HP_flag_2	</identifier>
				<transform>
					<row0>	0.9938 0.1114 0.0009 0.0000	</row0>
					<row1>	-0.1114 0.9936 0.0165 0.0000	</row1>
					<row2>	0.0009 -0.0165 0.9999 0.0000	</row2>
					<row3>	-0.2905 1.4763 -1.5116 1.0000	</row3>
				</transform>
			</node>
			<node>
				<identifier>	HP_flag_3	</identifier>
				<transform>
					<row0>	1.0000 0.0010 0.0000 0.0000	</row0>
					<row1>	-0.0010 0.9999 0.0169 0.0000	</row1>
					<row2>	0.0000 -0.0169 0.9999 0.0000	</row2>
					<row3>	0.1370 1.4750 -1.5115 1.0000	</row3>
				</transform>
			</node>
			<node>
				<identifier>	HP_flag_4	</identifier>
				<transform>
					<row0>	1.0000 -0.0010 0.0000 0.0000	</row0>
					<row1>	0.0010 0.9999 0.0169 0.0000	</row1>
					<row2>	0.0000 -0.0169 0.9999 0.0000	</row2>
					<row3>	-0.1363 1.4752 -1.5124 1.0000	</row3>
				</transform>
			</node>
			<node>
				<identifier>	HP_flag_nation	</identifier>
				<transform>
					<row0>	0.9940 -0.1089 0.0091 0.0000	</row0>
					<row1>	0.1089 0.9803 -0.1646 0.0000	</row1>
					<row2>	0.0091 0.1646 0.9863 0.0000	</row2>
					<row3>	-0.0025 1.5259 -1.6815 1.0000	</row3>
				</transform>
			</node>
			<node>
				<identifier>	MP_CM011_Fire_Fighting_Gear	</identifier>
				<transform>
					<row0>	-1.0000 0.0000 0.0000 0.0000	</row0>
					<row1>	0.0000 1.0000 0.0000 0.0000	</row1>
					<row2>	0.0000 0.0000 -1.0000 0.0000	</row2>
					<row3>	-0.0971 0.5333 -0.9002 1.0000	</row3>
				</transform>
			</node>
			<node>
				<identifier>	MP_CM011_Fire_Fighting_Gear_INDEX_1	</identifier>
				<transform>
					<row0>	1.0000 0.0000 0.0000 0.0000	</row0>
					<row1>	0.0000 1.0000 0.0000 0.0000	</row1>
					<row2>	0.0000 0.0000 1.0000 0.0000	</row2>
					<row3>	-0.1285 0.5463 -1.2233 1.0000	</row3>
				</transform>
			</node>
			<node>
				<identifier>	MP_CM014_Fuel_Oil_Hose	</identifier>
				<transform>
					<row0>	1.0000 0.0000 0.0000 0.0000	</row0>
					<row1>	0.0000 1.0000 0.0000 0.0000	</row1>
					<row2>	0.0000 0.0000 1.0000 0.0000	</row2>
					<row3>	-0.3845 0.4084 -1.2021 1.0000	</row3>
				</transform>
			</node>
			<node>
				<identifier>	MP_CM014_Fuel_Oil_Hose_INDEX_1	</identifier>
				<transform>
					<row0>	1.0000 0.0000 0.0000 0.0000	</row0>
					<row1>	0.0000 1.0000 0.0000 0.0000	</row1>
					<row2>	0.0000 0.0000 1.0000 0.0000	</row2>
					<row3>	-0.3845 0.4082 -1.0362 1.0000	</row3>
				</transform>
			</node>
			<node>
				<identifier>	MP_CM014_Fuel_Oil_Hose_INDEX_2	</identifier>
				<transform>
					<row0>	-1.0000 0.0000 0.0000 0.0000	</row0>
					<row1>	0.0000 1.0000 0.0000 0.0000	</row1>
					<row2>	0.0000 0.0000 -1.0000 0.0000	</row2>
					<row3>	0.3845 0.4074 -1.3682 1.0000	</row3>
				</transform>
			</node>
			<node>
				<identifier>	MP_CM014_Fuel_Oil_Hose_INDEX_3	</identifier>
				<transform>
					<row0>	1.0000 0.0000 0.0097 0.0000	</row0>
					<row1>	0.0000 1.0000 0.0000 0.0000	</row1>
					<row2>	-0.0097 0.0000 1.0000 0.0000	</row2>
					<row3>	-0.3097 0.2486 -3.0130 1.0000	</row3>
				</transform>
			</node>
			<node>
				<identifier>	MP_CM014_Fuel_Oil_Hose_INDEX_4	</identifier>
				<transform>
					<row0>	1.0000 0.0000 0.0097 0.0000	</row0>
					<row1>	0.0000 1.0000 0.0000 0.0000	</row1>
					<row2>	-0.0097 0.0000 1.0000 0.0000	</row2>
					<row3>	-0.3097 0.2752 -3.0130 1.0000	</row3>
				</transform>
			</node>
			<node>
				<identifier>	MP_CM014_Fuel_Oil_Hose_INDEX_5	</identifier>
				<transform>
					<row0>	-1.0000 0.0000 0.0000 0.0000	</row0>
					<row1>	0.0000 1.0000 0.0000 0.0000	</row1>
					<row2>	0.0000 0.0000 -1.0000 0.0000	</row2>
					<row3>	0.3845 0.4075 -1.2048 1.0000	</row3>
				</transform>
			</node>
			<node>
				<identifier>	MP_CM029_Emergency_Box	</identifier>
				<transform>
					<row0>	1.0000 0.0000 0.0091 0.0000	</row0>
					<row1>	0.0000 1.0000 0.0000 0.0000	</row1>
					<row2>	-0.0091 0.0000 1.0000 0.0000	</row2>
					<row3>	0.4233 0.2821 -2.7887 1.0000	</row3>
				</transform>
			</node>
			<node>
				<identifier>	MP_CM029_Emergency_Box_INDEX_1	</identifier>
				<transform>
					<row0>	1.0000 0.0000 -0.0091 0.0000	</row0>
					<row1>	0.0000 1.0000 0.0000 0.0000	</row1>
					<row2>	0.0091 0.0000 1.0000 0.0000	</row2>
					<row3>	-0.4233 0.2821 -2.7887 1.0000	</row3>
				</transform>
			</node>
			<node>
				<identifier>	MP_CM029_Emergency_Box_INDEX_2	</identifier>
				<transform>
					<row0>	1.0000 0.0000 0.0091 0.0000	</row0>
					<row1>	0.0000 1.0000 0.0000 0.0000	</row1>
					<row2>	-0.0091 0.0000 1.0000 0.0000	</row2>
					<row3>	-0.0449 0.4539 -2.0710 1.0000	</row3>
				</transform>
			</node>
			<node>
				<identifier>	MP_CM029_Emergency_Box_INDEX_3	</identifier>
				<transform>
					<row0>	1.0000 0.0000 0.0091 0.0000	</row0>
					<row1>	0.0000 1.0000 0.0000 0.0000	</row1>
					<row2>	-0.0091 0.0000 1.0000 0.0000	</row2>
					<row3>	0.1428 0.5867 -1.2204 1.0000	</row3>
				</transform>
			</node>
			<node>
				<identifier>	MP_CM040_Steering_Wheel	</identifier>
				<transform>
					<row0>	1.0000 0.0000 0.0000 0.0000	</row0>
					<row1>	0.0000 1.0000 0.0000 0.0000	</row1>
					<row2>	0.0000 0.0000 1.0000 0.0000	</row2>
					<row3>	0.0000 0.5441 -1.4650 1.0000	</row3>
				</transform>
			</node>
			<node>
				<identifier>	MP_CM051_Fire_Fighting_Gear	</identifier>
				<transform>
					<row0>	-1.0000 0.0000 -0.0054 0.0000	</row0>
					<row1>	0.0000 -1.0000 0.0000 0.0000	</row1>
					<row2>	-0.0054 0.0000 1.0000 0.0000	</row2>
					<row3>	-0.3076 0.2448 -3.1501 1.0000	</row3>
				</transform>
			</node>
			<node>
				<identifier>	MP_CM051_Fire_Fighting_Gear_INDEX_1	</identifier>
				<transform>
					<row0>	1.0000 0.0000 0.0000 0.0000	</row0>
					<row1>	0.0000 -1.0000 0.0000 0.0000	</row1>
					<row2>	0.0000 0.0000 -1.0000 0.0000	</row2>
					<row3>	0.3830 0.3957 -1.4569 1.0000	</row3>
				</transform>
			</node>
			<node>
				<identifier>	MP_CM051_Fire_Fighting_Gear_INDEX_2	</identifier>
				<transform>
					<row0>	-1.0000 0.0000 0.0000 0.0000	</row0>
					<row1>	0.0000 1.0000 0.0000 0.0000	</row1>
					<row2>	0.0000 0.0000 -1.0000 0.0000	</row2>
					<row3>	-0.3823 0.3936 -1.4429 1.0000	</row3>
				</transform>
			</node>
			<node>
				<identifier>	MP_CM051_Fire_Fighting_Gear_INDEX_3	</identifier>
				<transform>
					<row0>	0.8901 0.0000 -0.4558 0.0000	</row0>
					<row1>	0.0000 1.0000 0.0000 0.0000	</row1>
					<row2>	0.4558 0.0000 0.8901 0.0000	</row2>
					<row3>	0.2377 0.2448 -3.3046 1.0000	</row3>
				</transform>
			</node>
			<node>
				<identifier>	MP_CM052_Fender	</identifier>
				<transform>
					<row0>	-0.8000 0.0000 0.0000 0.0000	</row0>
					<row1>	0.0000 0.8000 0.0000 0.0000	</row1>
					<row2>	0.0000 0.0000 -0.8000 0.0000	</row2>
					<row3>	0.4699 0.2249 -2.8082 1.0000	</row3>
				</transform>
			</node>
			<node>
				<identifier>	MP_CM052_Fender_INDEX_1	</identifier>
				<transform>
					<row0>	-0.0191 0.0000 -0.7998 0.0000	</row0>
					<row1>	0.0000 0.8000 0.0000 0.0000	</row1>
					<row2>	0.7998 0.0000 -0.0191 0.0000	</row2>
					<row3>	0.4099 0.3738 -1.5225 1.0000	</row3>
				</transform>
			</node>
			<node>
				<identifier>	MP_CM052_Fender_INDEX_2	</identifier>
				<transform>
					<row0>	-0.0191 0.0000 0.7998 0.0000	</row0>
					<row1>	0.0000 0.8000 0.0000 0.0000	</row1>
					<row2>	-0.7998 0.0000 -0.0191 0.0000	</row2>
					<row3>	-0.4104 0.3738 -1.5166 1.0000	</row3>
				</transform>
			</node>
			<node>
				<identifier>	MP_CM052_Fender_INDEX_3	</identifier>
				<transform>
					<row0>	-0.8000 0.0000 0.0000 0.0000	</row0>
					<row1>	0.0000 0.8000 0.0000 0.0000	</row1>
					<row2>	0.0000 0.0000 -0.8000 0.0000	</row2>
					<row3>	-0.4699 0.2249 -2.8082 1.0000	</row3>
				</transform>
			</node>
			<node>
				<identifier>	MP_CM056_Ships_bell	</identifier>
				<transform>
					<row0>	0.8000 0.0000 0.0000 0.0000	</row0>
					<row1>	0.0000 0.8000 0.0000 0.0000	</row1>
					<row2>	0.0000 0.0000 0.8000 0.0000	</row2>
					<row3>	0.0000 0.5321 -2.1861 1.0000	</row3>
				</transform>
			</node>
			<node>
				<identifier>	MP_GM003_Reels_1	</identifier>
				<transform>
					<row0>	1.3252 0.0000 0.0000 0.0000	</row0>
					<row1>	0.0000 0.0000 -1.3252 0.0000	</row1>
					<row2>	0.0000 1.3252 0.0000 0.0000	</row2>
					<row3>	0.0000 0.3342 -3.4613 1.0000	</row3>
				</transform>
			</node>
			<node>
				<identifier>	MP_GM008_Loudspeaker	</identifier>
				<transform>
					<row0>	0.0000 0.0000 -1.0000 0.0000	</row0>
					<row1>	0.0000 1.0000 0.0000 0.0000	</row1>
					<row2>	1.0000 0.0000 0.0000 0.0000	</row2>
					<row3>	0.0000 0.5848 -2.1993 1.0000	</row3>
				</transform>
			</node>
			<node>
				<identifier>	MP_GM011_Pelorus	</identifier>
				<transform>
					<row0>	0.0000 0.0000 -1.0000 0.0000	</row0>
					<row1>	0.0000 1.0000 0.0000 0.0000	</row1>
					<row2>	1.0000 0.0000 0.0000 0.0000	</row2>
					<row3>	-0.3361 0.5433 -1.5698 1.0000	</row3>
				</transform>
			</node>
			<node>
				<identifier>	MP_GM011_Pelorus_INDEX_1	</identifier>
				<transform>
					<row0>	0.0000 0.0000 1.0000 0.0000	</row0>
					<row1>	0.0000 1.0000 0.0000 0.0000	</row1>
					<row2>	-1.0000 0.0000 0.0000 0.0000	</row2>
					<row3>	0.3361 0.5433 -1.5698 1.0000	</row3>
				</transform>
			</node>
			<node>
				<identifier>	MP_GM016_Sleeve	</identifier>
				<transform>
					<row0>	-0.5000 0.0000 -0.8660 0.0000	</row0>
					<row1>	0.0000 1.0000 0.0000 0.0000	</row1>
					<row2>	0.8660 0.0000 -0.5000 0.0000	</row2>
					<row3>	0.2434 0.3118 -3.2931 1.0000	</row3>
				</transform>
			</node>
			<node>
				<identifier>	MP_GM016_Sleeve_INDEX_1	</identifier>
				<transform>
					<row0>	-1.0000 0.0000 0.0000 0.0000	</row0>
					<row1>	0.0000 1.0000 0.0000 0.0000	</row1>
					<row2>	0.0000 0.0000 -1.0000 0.0000	</row2>
					<row3>	-0.1701 0.5919 -1.2141 1.0000	</row3>
				</transform>
			</node>
			<node>
				<identifier>	MP_GM016_Sleeve_INDEX_2	</identifier>
				<transform>
					<row0>	0.0000 0.0000 -1.0000 0.0000	</row0>
					<row1>	0.0000 1.0000 0.0000 0.0000	</row1>
					<row2>	1.0000 0.0000 0.0000 0.0000	</row2>
					<row3>	-0.1538 0.6122 -0.9099 1.0000	</row3>
				</transform>
			</node>
			<node>
				<identifier>	MP_GM016_Sleeve_INDEX_3	</identifier>
				<transform>
					<row0>	0.0000 0.0000 1.0000 0.0000	</row0>
					<row1>	0.0000 1.0000 0.0000 0.0000	</row1>
					<row2>	-1.0000 0.0000 0.0000 0.0000	</row2>
					<row3>	-0.3073 0.3090 -3.1363 1.0000	</row3>
				</transform>
			</node>
			<node>
				<identifier>	MP_GM016_Sleeve_INDEX_4	</identifier>
				<transform>
					<row0>	0.0000 0.0000 1.0000 0.0000	</row0>
					<row1>	0.0000 1.0000 0.0000 0.0000	</row1>
					<row2>	-1.0000 0.0000 0.0000 0.0000	</row2>
					<row3>	-0.3830 0.4589 -1.4573 1.0000	</row3>
				</transform>
			</node>
			<node>
				<identifier>	MP_GM016_Sleeve_INDEX_5	</identifier>
				<transform>
					<row0>	0.0000 0.0000 -1.0000 0.0000	</row0>
					<row1>	0.0000 1.0000 0.0000 0.0000	</row1>
					<row2>	1.0000 0.0000 0.0000 0.0000	</row2>
					<row3>	0.3830 0.4573 -1.4681 1.0000	</row3>
				</transform>
			</node>
			<node>
				<identifier>	MP_GM018_Siren	</identifier>
				<transform>
					<row0>	-0.6150 0.0000 0.7885 0.0000	</row0>
					<row1>	0.0000 1.0000 0.0000 0.0000	</row1>
					<row2>	-0.7885 0.0000 -0.6150 0.0000	</row2>
					<row3>	-0.2704 0.5013 -1.7483 1.0000	</row3>
				</transform>
			</node>
			<node>
				<identifier>	MP_GM018_Siren_INDEX_1	</identifier>
				<transform>
					<row0>	-0.6150 0.0000 -0.7885 0.0000	</row0>
					<row1>	0.0000 1.0000 0.0000 0.0000	</row1>
					<row2>	0.7885 0.0000 -0.6150 0.0000	</row2>
					<row3>	0.2704 0.5013 -1.7483 1.0000	</row3>
				</transform>
			</node>
			<node>
				<identifier>	MP_GM018_Siren_INDEX_2	</identifier>
				<transform>
					<row0>	-0.5688 -0.0254 0.8221 0.0000	</row0>
					<row1>	-0.0882 0.9956 -0.0303 0.0000	</row1>
					<row2>	-0.8177 -0.0898 -0.5685 0.0000	</row2>
					<row3>	-0.0847 0.7410 -1.2753 1.0000	</row3>
				</transform>
			</node>
			<node>
				<identifier>	MP_GM018_Siren_INDEX_3	</identifier>
				<transform>
					<row0>	-0.5688 0.0254 -0.8221 0.0000	</row0>
					<row1>	0.0882 0.9956 -0.0303 0.0000	</row1>
					<row2>	0.8177 -0.0898 -0.5685 0.0000	</row2>
					<row3>	0.0851 0.7393 -1.2744 1.0000	</row3>
				</transform>
			</node>
			<node>
				<identifier>	MP_GM019_Loading_machine	</identifier>
				<transform>
					<row0>	-1.0000 0.0000 0.0000 0.0000	</row0>
					<row1>	0.0000 1.0000 0.0000 0.0000	</row1>
					<row2>	0.0000 0.0000 -1.0000 0.0000	</row2>
					<row3>	0.0177 0.3887 -2.6616 1.0000	</row3>
				</transform>
			</node>
			<node>
				<identifier>	MP_GM022_Freon_Cylinder_acetylene	</identifier>
				<transform>
					<row0>	-0.4074 0.0000 0.9132 0.0000	</row0>
					<row1>	0.0000 1.0000 0.0000 0.0000	</row1>
					<row2>	-0.9132 0.0000 -0.4074 0.0000	</row2>
					<row3>	0.2578 0.3815 -0.5647 1.0000	</row3>
				</transform>
			</node>
			<node>
				<identifier>	MP_GM022_Freon_Cylinder_acetylene_INDEX_1	</identifier>
				<transform>
					<row0>	-0.4074 0.0000 -0.9132 0.0000	</row0>
					<row1>	0.0000 1.0000 0.0000 0.0000	</row1>
					<row2>	0.9132 0.0000 -0.4074 0.0000	</row2>
					<row3>	-0.3287 0.3775 -0.7251 1.0000	</row3>
				</transform>
			</node>
			<node>
				<identifier>	MP_GM022_Freon_Cylinder_acetylene_INDEX_2	</identifier>
				<transform>
					<row0>	-0.4074 0.0000 0.9132 0.0000	</row0>
					<row1>	0.0000 1.0000 0.0000 0.0000	</row1>
					<row2>	-0.9132 0.0000 -0.4074 0.0000	</row2>
					<row3>	0.2823 0.3815 -0.6196 1.0000	</row3>
				</transform>
			</node>
			<node>
				<identifier>	MP_GM022_Freon_Cylinder_acetylene_INDEX_3	</identifier>
				<transform>
					<row0>	-0.4074 0.0000 -0.9132 0.0000	</row0>
					<row1>	0.0000 1.0000 0.0000 0.0000	</row1>
					<row2>	0.9132 0.0000 -0.4074 0.0000	</row2>
					<row3>	-0.3540 0.3762 -0.7807 1.0000	</row3>
				</transform>
			</node>
			<node>
				<identifier>	MP_GM023_Acetylen_Cylinder	</identifier>
				<transform>
					<row0>	-1.0000 0.0000 0.0000 0.0000	</row0>
					<row1>	0.0000 1.0000 0.0000 0.0000	</row1>
					<row2>	0.0000 0.0000 -1.0000 0.0000	</row2>
					<row3>	0.1804 0.3844 -0.3589 1.0000	</row3>
				</transform>
			</node>
			<node>
				<identifier>	MP_GM024_Night_Indicator	</identifier>
				<transform>
					<row0>	-1.0000 0.0000 0.0000 0.0000	</row0>
					<row1>	0.0000 1.0000 0.0000 0.0000	</row1>
					<row2>	0.0000 0.0000 -1.0000 0.0000	</row2>
					<row3>	0.0000 0.9862 -1.4164 1.0000	</row3>
				</transform>
			</node>
			<node>
				<identifier>	MP_GM028_Compass_Binnacle	</identifier>
				<transform>
					<row0>	1.0000 0.0000 0.0000 0.0000	</row0>
					<row1>	0.0000 1.0000 0.0000 0.0000	</row1>
					<row2>	0.0000 0.0000 1.0000 0.0000	</row2>
					<row3>	0.0000 0.5415 -1.4250 1.0000	</row3>
				</transform>
			</node>
			<node>
				<identifier>	MP_GM035_LifeBuoy_Mount	</identifier>
				<transform>
					<row0>	-0.9106 0.0000 -0.4134 0.0000	</row0>
					<row1>	0.0000 1.0000 0.0000 0.0000	</row1>
					<row2>	0.4134 0.0000 -0.9106 0.0000	</row2>
					<row3>	0.3596 0.4612 -0.8166 1.0000	</row3>
				</transform>
			</node>
			<node>
				<identifier>	MP_GM035_LifeBuoy_Mount_INDEX_1	</identifier>
				<transform>
					<row0>	1.0000 0.0000 0.0033 0.0000	</row0>
					<row1>	0.0000 1.0000 0.0000 0.0000	</row1>
					<row2>	-0.0033 0.0000 1.0000 0.0000	</row2>
					<row3>	-0.3093 0.2954 -2.8888 1.0000	</row3>
				</transform>
			</node>
			<node>
				<identifier>	MP_GM035_LifeBuoy_Mount_INDEX_2	</identifier>
				<transform>
					<row0>	-1.0000 0.0000 0.0056 0.0000	</row0>
					<row1>	0.0000 1.0000 0.0000 0.0000	</row1>
					<row2>	-0.0056 0.0000 -1.0000 0.0000	</row2>
					<row3>	0.3093 0.2953 -2.8887 1.0000	</row3>
				</transform>
			</node>
			<node>
				<identifier>	MP_GM035_LifeBuoy_Mount_INDEX_3	</identifier>
				<transform>
					<row0>	1.0000 0.0000 0.0000 0.0000	</row0>
					<row1>	0.0000 1.0000 0.0000 0.0000	</row1>
					<row2>	0.0000 0.0000 1.0000 0.0000	</row2>
					<row3>	-0.3833 0.4534 -1.3139 1.0000	</row3>
				</transform>
			</node>
			<node>
				<identifier>	MP_GM127_Helmet	</identifier>
				<transform>
					<row0>	0.6606 0.0027 0.7507 0.0000	</row0>
					<row1>	0.7489 0.0668 -0.6593 0.0000	</row1>
					<row2>	-0.0519 0.9978 0.0421 0.0000	</row2>
					<row3>	0.2022 0.5970 -1.6444 1.0000	</row3>
				</transform>
			</node>
			<node>
				<identifier>	MP_GM127_Helmet_INDEX_1	</identifier>
				<transform>
					<row0>	0.6606 -0.0027 -0.7507 0.0000	</row0>
					<row1>	-0.7489 0.0668 -0.6593 0.0000	</row1>
					<row2>	0.0519 0.9978 0.0421 0.0000	</row2>
					<row3>	-0.2142 0.5970 -1.6299 1.0000	</row3>
				</transform>
			</node>
			<node>
				<identifier>	MP_GM127_Helmet_INDEX_10	</identifier>
				<transform>
					<row0>	0.5896 -0.0027 -0.8077 0.0000	</row0>
					<row1>	-0.8058 0.0668 -0.5884 0.0000	</row1>
					<row2>	0.0555 0.9978 0.0372 0.0000	</row2>
					<row3>	-0.3026 0.4283 -1.7034 1.0000	</row3>
				</transform>
			</node>
			<node>
				<identifier>	MP_GM127_Helmet_INDEX_11	</identifier>
				<transform>
					<row0>	0.5896 0.0027 0.8077 0.0000	</row0>
					<row1>	0.8058 0.0668 -0.5884 0.0000	</row1>
					<row2>	-0.0555 0.9978 0.0372 0.0000	</row2>
					<row3>	0.3027 0.4283 -1.7035 1.0000	</row3>
				</transform>
			</node>
			<node>
				<identifier>	MP_GM127_Helmet_INDEX_2	</identifier>
				<transform>
					<row0>	0.5896 -0.0027 -0.8077 0.0000	</row0>
					<row1>	-0.8058 0.0668 -0.5884 0.0000	</row1>
					<row2>	0.0555 0.9978 0.0372 0.0000	</row2>
					<row3>	-0.3133 0.4283 -1.6881 1.0000	</row3>
				</transform>
			</node>
			<node>
				<identifier>	MP_GM127_Helmet_INDEX_3	</identifier>
				<transform>
					<row0>	0.5896 -0.0027 -0.8077 0.0000	</row0>
					<row1>	-0.8058 0.0668 -0.5884 0.0000	</row1>
					<row2>	0.0555 0.9978 0.0372 0.0000	</row2>
					<row3>	-0.3133 0.4603 -1.6881 1.0000	</row3>
				</transform>
			</node>
			<node>
				<identifier>	MP_GM127_Helmet_INDEX_4	</identifier>
				<transform>
					<row0>	0.5896 0.0027 0.8077 0.0000	</row0>
					<row1>	0.8058 0.0668 -0.5884 0.0000	</row1>
					<row2>	-0.0555 0.9978 0.0372 0.0000	</row2>
					<row3>	0.3027 0.4603 -1.7035 1.0000	</row3>
				</transform>
			</node>
			<node>
				<identifier>	MP_GM127_Helmet_INDEX_5	</identifier>
				<transform>
					<row0>	0.5896 -0.0027 -0.8077 0.0000	</row0>
					<row1>	-0.8058 0.0668 -0.5884 0.0000	</row1>
					<row2>	0.0555 0.9978 0.0372 0.0000	</row2>
					<row3>	-0.3026 0.4603 -1.7034 1.0000	</row3>
				</transform>
			</node>
			<node>
				<identifier>	MP_GM127_Helmet_INDEX_6	</identifier>
				<transform>
					<row0>	0.5896 0.0027 0.8077 0.0000	</row0>
					<row1>	0.8058 0.0668 -0.5884 0.0000	</row1>
					<row2>	-0.0555 0.9978 0.0372 0.0000	</row2>
					<row3>	0.3133 0.4603 -1.6881 1.0000	</row3>
				</transform>
			</node>
			<node>
				<identifier>	MP_GM127_Helmet_INDEX_7	</identifier>
				<transform>
					<row0>	0.6606 -0.0027 -0.7507 0.0000	</row0>
					<row1>	-0.7489 0.0668 -0.6593 0.0000	</row1>
					<row2>	0.0519 0.9978 0.0421 0.0000	</row2>
					<row3>	-0.2036 0.5970 -1.6454 1.0000	</row3>
				</transform>
			</node>
			<node>
				<identifier>	MP_GM127_Helmet_INDEX_8	</identifier>
				<transform>
					<row0>	0.5896 0.0027 0.8077 0.0000	</row0>
					<row1>	0.8058 0.0668 -0.5884 0.0000	</row1>
					<row2>	-0.0555 0.9978 0.0372 0.0000	</row2>
					<row3>	0.3133 0.4283 -1.6881 1.0000	</row3>
				</transform>
			</node>
			<node>
				<identifier>	MP_GM127_Helmet_INDEX_9	</identifier>
				<transform>
					<row0>	0.6606 0.0027 0.7507 0.0000	</row0>
					<row1>	0.7489 0.0668 -0.6593 0.0000	</row1>
					<row2>	-0.0519 0.9978 0.0421 0.0000	</row2>
					<row3>	0.2142 0.5970 -1.6299 1.0000	</row3>
				</transform>
			</node>
			<node>
				<identifier>	MP_GM510_Motordingi	</identifier>
				<transform>
					<row0>	1.0000 0.0000 0.0000 0.0000	</row0>
					<row1>	0.0000 1.0000 0.0000 0.0000	</row1>
					<row2>	0.0000 0.0000 1.0000 0.0000	</row2>
					<row3>	-0.4915 0.4213 -0.4827 1.0000	</row3>
				</transform>
			</node>
			<node>
				<identifier>	MP_GM514_Motorpinasse_9_2m	</identifier>
				<transform>
					<row0>	1.0000 0.0000 0.0000 0.0000	</row0>
					<row1>	0.0000 1.0000 0.0000 0.0000	</row1>
					<row2>	0.0000 0.0000 1.0000 0.0000	</row2>
					<row3>	0.4821 0.4353 -0.5123 1.0000	</row3>
				</transform>
			</node>
			<node>
				<identifier>	MP_GM534_Life_Boat	</identifier>
				<transform>
					<row0>	0.4127 0.0000 -0.9108 0.0000	</row0>
					<row1>	0.0000 1.0000 0.0000 0.0000	</row1>
					<row2>	0.9108 0.0000 0.4127 0.0000	</row2>
					<row3>	0.2275 0.5308 -0.6854 1.0000	</row3>
				</transform>
			</node>
			<node>
				<identifier>	MP_GM534_Life_Boat_INDEX_1	</identifier>
				<transform>
					<row0>	-0.9108 0.0000 -0.4127 0.0000	</row0>
					<row1>	0.0000 1.0000 0.0000 0.0000	</row1>
					<row2>	0.4127 0.0000 -0.9108 0.0000	</row2>
					<row3>	0.2275 0.5574 -0.6854 1.0000	</row3>
				</transform>
			</node>
			<node>
				<identifier>	MP_GM534_Life_Boat_INDEX_2	</identifier>
				<transform>
					<row0>	0.0000 0.0000 1.0000 0.0000	</row0>
					<row1>	0.0000 1.0000 0.0000 0.0000	</row1>
					<row2>	-1.0000 0.0000 0.0000 0.0000	</row2>
					<row3>	0.0829 0.5574 -0.8216 1.0000	</row3>
				</transform>
			</node>
			<node>
				<identifier>	MP_GM534_Life_Boat_INDEX_3	</identifier>
				<transform>
					<row0>	1.0000 0.0000 0.0000 0.0000	</row0>
					<row1>	0.0000 1.0000 0.0000 0.0000	</row1>
					<row2>	0.0000 0.0000 1.0000 0.0000	</row2>
					<row3>	-0.0326 0.5308 -0.8216 1.0000	</row3>
				</transform>
			</node>
			<node>
				<identifier>	MP_GM534_Life_Boat_INDEX_4	</identifier>
				<transform>
					<row0>	0.0000 0.0000 1.0000 0.0000	</row0>
					<row1>	0.0000 1.0000 0.0000 0.0000	</row1>
					<row2>	-1.0000 0.0000 0.0000 0.0000	</row2>
					<row3>	-0.0326 0.5574 -0.8216 1.0000	</row3>
				</transform>
			</node>
			<node>
				<identifier>	MP_GM534_Life_Boat_INDEX_5	</identifier>
				<transform>
					<row0>	1.0000 0.0000 0.0000 0.0000	</row0>
					<row1>	0.0000 1.0000 0.0000 0.0000	</row1>
					<row2>	0.0000 0.0000 1.0000 0.0000	</row2>
					<row3>	0.0829 0.5308 -0.8216 1.0000	</row3>
				</transform>
			</node>
			<node>
				<identifier>	MP_GM601_Switch_Box_2	</identifier>
				<transform>
					<row0>	0.4068 0.0000 -0.9135 0.0000	</row0>
					<row1>	0.0000 1.0000 0.0000 0.0000	</row1>
					<row2>	0.9135 0.0000 0.4068 0.0000	</row2>
					<row3>	-0.0754 0.5869 -2.1331 1.0000	</row3>
				</transform>
			</node>
			<node>
				<identifier>	MP_GM601_Switch_Box_2_INDEX_1	</identifier>
				<transform>
					<row0>	-0.4809 0.0000 0.8768 0.0000	</row0>
					<row1>	0.0000 1.0000 0.0000 0.0000	</row1>
					<row2>	-0.8768 0.0000 -0.4809 0.0000	</row2>
					<row3>	-0.2552 0.2896 -3.2715 1.0000	</row3>
				</transform>
			</node>
			<node>
				<identifier>	MP_GM601_Switch_Box_2_INDEX_2	</identifier>
				<transform>
					<row0>	0.4068 0.0000 0.9135 0.0000	</row0>
					<row1>	0.0000 1.0000 0.0000 0.0000	</row1>
					<row2>	-0.9135 0.0000 0.4068 0.0000	</row2>
					<row3>	0.0754 0.5869 -2.1331 1.0000	</row3>
				</transform>
			</node>
			<node>
				<identifier>	MP_GM602_Switch_Box_3	</identifier>
				<transform>
					<row0>	0.4068 0.0000 -0.9135 0.0000	</row0>
					<row1>	0.0000 1.0000 0.0000 0.0000	</row1>
					<row2>	0.9135 0.0000 0.4068 0.0000	</row2>
					<row3>	-0.0754 0.6046 -2.1331 1.0000	</row3>
				</transform>
			</node>
			<node>
				<identifier>	MP_GM602_Switch_Box_3_INDEX_1	</identifier>
				<transform>
					<row0>	0.4068 0.0000 0.9135 0.0000	</row0>
					<row1>	0.0000 1.0000 0.0000 0.0000	</row1>
					<row2>	-0.9135 0.0000 0.4068 0.0000	</row2>
					<row3>	0.0754 0.6046 -2.1331 1.0000	</row3>
				</transform>
			</node>
			<node>
				<identifier>	MP_GM608_Bell	</identifier>
				<transform>
					<row0>	-0.5049 0.0000 0.9206 0.0000	</row0>
					<row1>	0.0000 1.0500 0.0000 0.0000	</row1>
					<row2>	-0.9206 0.0000 -0.5049 0.0000	</row2>
					<row3>	-0.2560 0.3421 -3.2721 1.0000	</row3>
				</transform>
			</node>
			<node>
				<identifier>	MP_GM608_Bell_INDEX_1	</identifier>
				<transform>
					<row0>	-0.5049 0.0000 -0.9206 0.0000	</row0>
					<row1>	0.0000 1.0500 0.0000 0.0000	</row1>
					<row2>	0.9206 0.0000 -0.5049 0.0000	</row2>
					<row3>	0.2355 0.3466 -3.3084 1.0000	</row3>
				</transform>
			</node>
			<node>
				<identifier>	MP_GM610_Switch_Box_6	</identifier>
				<transform>
					<row0>	-1.0000 0.0000 0.0000 0.0000	</row0>
					<row1>	0.0000 1.0000 0.0000 0.0000	</row1>
					<row2>	0.0000 0.0000 -1.0000 0.0000	</row2>
					<row3>	-0.3910 0.2687 -2.7802 1.0000	</row3>
				</transform>
			</node>
			<node>
				<identifier>	MP_GM610_Switch_Box_6_INDEX_1	</identifier>
				<transform>
					<row0>	0.4028 0.0000 0.9153 0.0000	</row0>
					<row1>	0.0000 1.0000 0.0000 0.0000	</row1>
					<row2>	-0.9153 0.0000 0.4028 0.0000	</row2>
					<row3>	0.0998 0.5775 -2.0759 1.0000	</row3>
				</transform>
			</node>
			<node>
				<identifier>	MP_GM610_Switch_Box_6_INDEX_2	</identifier>
				<transform>
					<row0>	-1.0000 0.0000 0.0000 0.0000	</row0>
					<row1>	0.0000 1.0000 0.0000 0.0000	</row1>
					<row2>	0.0000 0.0000 -1.0000 0.0000	</row2>
					<row3>	0.3918 0.2687 -2.7802 1.0000	</row3>
				</transform>
			</node>
			<node>
				<identifier>	MP_GM611_Headlights_straightener	</identifier>
				<transform>
					<row0>	0.0000 0.0000 1.0000 0.0000	</row0>
					<row1>	0.0000 1.0000 0.0000 0.0000	</row1>
					<row2>	-1.0000 0.0000 0.0000 0.0000	</row2>
					<row3>	-0.3647 0.5448 -1.3602 1.0000	</row3>
				</transform>
			</node>
			<node>
				<identifier>	MP_GM611_Headlights_straightener_INDEX_1	</identifier>
				<transform>
					<row0>	0.0000 0.0000 -1.0000 0.0000	</row0>
					<row1>	0.0000 1.0000 0.0000 0.0000	</row1>
					<row2>	1.0000 0.0000 0.0000 0.0000	</row2>
					<row3>	0.3647 0.5448 -1.3602 1.0000	</row3>
				</transform>
			</node>
			<node>
				<identifier>	MP_GM700_AmmoBox	</identifier>
				<transform>
					<row0>	0.0000 0.0000 1.0000 0.0000	</row0>
					<row1>	0.0000 1.0000 0.0000 0.0000	</row1>
					<row2>	-1.0000 0.0000 0.0000 0.0000	</row2>
					<row3>	0.2520 0.5433 -1.1625 1.0000	</row3>
				</transform>
			</node>
			<node>
				<identifier>	MP_GM700_AmmoBox_INDEX_1	</identifier>
				<transform>
					<row0>	0.0000 0.0000 -1.0000 0.0000	</row0>
					<row1>	0.0000 1.0000 0.0000 0.0000	</row1>
					<row2>	1.0000 0.0000 0.0000 0.0000	</row2>
					<row3>	-0.2520 0.5433 -1.1625 1.0000	</row3>
				</transform>
			</node>
			<node>
				<identifier>	MP_GM702_AmmoBox	</identifier>
				<transform>
					<row0>	1.0000 0.0000 0.0000 0.0000	</row0>
					<row1>	0.0000 1.0000 0.0000 0.0000	</row1>
					<row2>	0.0000 0.0000 1.0000 0.0000	</row2>
					<row3>	0.0845 0.3883 0.4618 1.0000	</row3>
				</transform>
			</node>
			<node>
				<identifier>	MP_GM702_AmmoBox_INDEX_1	</identifier>
				<transform>
					<row0>	0.0000 0.0000 1.0000 0.0000	</row0>
					<row1>	0.0000 1.0000 0.0000 0.0000	</row1>
					<row2>	-1.0000 0.0000 0.0000 0.0000	</row2>
					<row3>	-0.3697 0.5432 -1.1196 1.0000	</row3>
				</transform>
			</node>
			<node>
				<identifier>	MP_GM702_AmmoBox_INDEX_2	</identifier>
				<transform>
					<row0>	0.0000 0.0000 1.0000 0.0000	</row0>
					<row1>	0.0000 1.0000 0.0000 0.0000	</row1>
					<row2>	-1.0000 0.0000 0.0000 0.0000	</row2>
					<row3>	-0.3697 0.5432 -1.2230 1.0000	</row3>
				</transform>
			</node>
			<node>
				<identifier>	MP_GM702_AmmoBox_INDEX_3	</identifier>
				<transform>
					<row0>	0.0000 0.0000 -1.0000 0.0000	</row0>
					<row1>	0.0000 1.0000 0.0000 0.0000	</row1>
					<row2>	1.0000 0.0000 0.0000 0.0000	</row2>
					<row3>	0.3697 0.5432 -1.1196 1.0000	</row3>
				</transform>
			</node>
			<node>
				<identifier>	MP_GM702_AmmoBox_INDEX_4	</identifier>
				<transform>
					<row0>	1.0000 0.0000 0.0000 0.0000	</row0>
					<row1>	0.0000 1.0000 0.0000 0.0000	</row1>
					<row2>	0.0000 0.0000 1.0000 0.0000	</row2>
					<row3>	-0.0845 0.3883 0.4618 1.0000	</row3>
				</transform>
			</node>
			<node>
				<identifier>	MP_GM702_AmmoBox_INDEX_5	</identifier>
				<transform>
					<row0>	0.0000 0.0000 -1.0000 0.0000	</row0>
					<row1>	0.0000 1.0000 0.0000 0.0000	</row1>
					<row2>	1.0000 0.0000 0.0000 0.0000	</row2>
					<row3>	0.3697 0.5432 -1.2230 1.0000	</row3>
				</transform>
			</node>
			<node>
				<identifier>	MP_GM870_Signal_Lamp	</identifier>
				<transform>
					<row0>	0.0000 0.0000 1.0000 0.0000	</row0>
					<row1>	0.0000 1.0000 0.0000 0.0000	</row1>
					<row2>	-1.0000 0.0000 0.0000 0.0000	</row2>
					<row3>	-0.2392 0.7668 -1.1922 1.0000	</row3>
				</transform>
			</node>
			<node>
				<identifier>	MP_GM870_Signal_Lamp_INDEX_1	</identifier>
				<transform>
					<row0>	0.0000 0.0000 -1.0000 0.0000	</row0>
					<row1>	0.0000 1.0000 0.0000 0.0000	</row1>
					<row2>	1.0000 0.0000 0.0000 0.0000	</row2>
					<row3>	0.2392 0.7668 -1.1922 1.0000	</row3>
				</transform>
			</node>
		</node>
	</node>
	<boundingBox>
		<min>	-0.0667 -0.0667 -0.0667	</min>
		<max>	0.0667 0.0667 0.0667	</max>
	</boundingBox>
</GSC029_Munchen_1944_MidBack_ports.visual>
