<FSC027_Cherbourg_1942_Bow_ports.visual>
	<node>
		<identifier>	Scene Root	</identifier>
		<transform>
			<row0>	1.0000 0.0000 0.0000 0.0000	</row0>
			<row1>	0.0000 1.0000 0.0000 0.0000	</row1>
			<row2>	0.0000 0.0000 1.0000 0.0000	</row2>
			<row3>	0.0000 0.0000 0.0000 1.0000	</row3>
		</transform>
		<node>
			<identifier>	Bow_ports	</identifier>
			<transform>
				<row0>	1.0000 0.0000 0.0000 0.0000	</row0>
				<row1>	0.0000 1.0000 0.0000 0.0000	</row1>
				<row2>	0.0000 0.0000 1.0000 0.0000	</row2>
				<row3>	0.0000 0.0000 0.0000 1.0000	</row3>
			</transform>
			<node>
				<identifier>	HP_FGM_1	</identifier>
				<transform>
					<row0>	1.0000 0.0000 0.0000 0.0000	</row0>
					<row1>	0.0000 1.0000 0.0000 0.0000	</row1>
					<row2>	0.0000 0.0000 1.0000 0.0000	</row2>
					<row3>	0.0000 0.4138 3.2306 1.0000	</row3>
				</transform>
			</node>
			<node>
				<identifier>	HP_FX_Death_1	</identifier>
				<transform>
					<row0>	1.0000 0.0000 0.0000 0.0000	</row0>
					<row1>	0.0000 1.0000 0.0000 0.0000	</row1>
					<row2>	0.0000 0.0000 1.0000 0.0000	</row2>
					<row3>	0.0000 0.0000 4.3044 1.0000	</row3>
				</transform>
			</node>
			<node>
				<identifier>	HP_FX_Fire_1	</identifier>
				<transform>
					<row0>	1.0000 0.0000 0.0000 0.0000	</row0>
					<row1>	0.0000 1.0000 0.0000 0.0000	</row1>
					<row2>	0.0000 0.0000 1.0000 0.0000	</row2>
					<row3>	0.0000 0.4464 4.7053 1.0000	</row3>
				</transform>
			</node>
			<node>
				<identifier>	HP_FX_Flood_water_left_4	</identifier>
				<transform>
					<row0>	-0.9795 0.0000 0.2015 0.0000	</row0>
					<row1>	0.0000 1.0000 0.0000 0.0000	</row1>
					<row2>	-0.2015 0.0000 -0.9795 0.0000	</row2>
					<row3>	-0.3724 0.1038 4.4563 1.0000	</row3>
				</transform>
			</node>
			<node>
				<identifier>	HP_FX_Flood_water_right_4	</identifier>
				<transform>
					<row0>	0.9813 0.0000 0.1927 0.0000	</row0>
					<row1>	0.0000 1.0000 0.0000 0.0000	</row1>
					<row2>	-0.1927 0.0000 0.9813 0.0000	</row2>
					<row3>	0.3731 0.1070 4.4562 1.0000	</row3>
				</transform>
			</node>
			<node>
				<identifier>	HP_FX_RepairLight_right_1	</identifier>
				<transform>
					<row0>	0.1412 0.0000 0.9900 0.0000	</row0>
					<row1>	-0.3621 0.9307 0.0516 0.0000	</row1>
					<row2>	-0.9214 -0.3658 0.1314 0.0000	</row2>
					<row3>	-0.6826 0.3784 3.2967 1.0000	</row3>
				</transform>
			</node>
			<node>
				<identifier>	HP_FX_WakeTrace	</identifier>
				<transform>
					<row0>	1.0000 0.0000 0.0000 0.0000	</row0>
					<row1>	0.0000 1.0000 0.0000 0.0000	</row1>
					<row2>	0.0000 0.0000 1.0000 0.0000	</row2>
					<row3>	0.0000 0.0000 6.3985 1.0000	</row3>
				</transform>
			</node>
			<node>
				<identifier>	HP_Ship_death_1	</identifier>
				<transform>
					<row0>	1.0000 0.0000 0.0000 0.0000	</row0>
					<row1>	0.0000 1.0000 0.0000 0.0000	</row1>
					<row2>	0.0000 0.0000 1.0000 0.0000	</row2>
					<row3>	0.0000 0.0000 2.5286 1.0000	</row3>
				</transform>
			</node>
			<node>
				<identifier>	MP_CM011_Fire_Fighting_Gear	</identifier>
				<transform>
					<row0>	1.0000 0.0000 0.0000 0.0000	</row0>
					<row1>	0.0000 1.0000 0.0000 0.0000	</row1>
					<row2>	0.0000 0.0000 1.0000 0.0000	</row2>
					<row3>	-0.4695 0.3731 3.1350 1.0000	</row3>
				</transform>
			</node>
			<node>
				<identifier>	MP_CM011_Fire_Fighting_Gear_INDEX_1	</identifier>
				<transform>
					<row0>	1.0000 0.0000 0.0000 0.0000	</row0>
					<row1>	0.0000 1.0000 0.0000 0.0000	</row1>
					<row2>	0.0000 0.0000 1.0000 0.0000	</row2>
					<row3>	-0.0635 0.4033 4.3462 1.0000	</row3>
				</transform>
			</node>
			<node>
				<identifier>	MP_CM011_Fire_Fighting_Gear_INDEX_2	</identifier>
				<transform>
					<row0>	1.0000 0.0000 0.0000 0.0000	</row0>
					<row1>	0.0000 1.0000 0.0000 0.0000	</row1>
					<row2>	0.0000 0.0000 1.0000 0.0000	</row2>
					<row3>	0.4695 0.3731 3.1350 1.0000	</row3>
				</transform>
			</node>
			<node>
				<identifier>	MP_CM011_Fire_Fighting_Gear_INDEX_3	</identifier>
				<transform>
					<row0>	1.0000 0.0000 0.0000 0.0000	</row0>
					<row1>	0.0000 1.0000 0.0000 0.0000	</row1>
					<row2>	0.0000 0.0000 1.0000 0.0000	</row2>
					<row3>	0.0635 0.4033 4.3462 1.0000	</row3>
				</transform>
			</node>
			<node>
				<identifier>	MP_CM013_Fire_Hose_Rack_2	</identifier>
				<transform>
					<row0>	-0.6970 -0.4223 0.5796 0.0000	</row0>
					<row1>	-0.3128 0.9063 0.2841 0.0000	</row1>
					<row2>	-0.6452 0.0167 -0.7638 0.0000	</row2>
					<row3>	-0.0989 0.4228 4.3820 1.0000	</row3>
				</transform>
			</node>
			<node>
				<identifier>	MP_CM013_Fire_Hose_Rack_2_INDEX_1	</identifier>
				<transform>
					<row0>	-0.9878 0.0000 0.1556 0.0000	</row0>
					<row1>	0.0000 1.0000 0.0000 0.0000	</row1>
					<row2>	-0.1556 0.0000 -0.9878 0.0000	</row2>
					<row3>	-0.4996 0.3994 3.1214 1.0000	</row3>
				</transform>
			</node>
			<node>
				<identifier>	MP_CM013_Fire_Hose_Rack_2_INDEX_2	</identifier>
				<transform>
					<row0>	0.6970 -0.4223 0.5796 0.0000	</row0>
					<row1>	0.3128 0.9063 0.2841 0.0000	</row1>
					<row2>	-0.6452 -0.0167 0.7638 0.0000	</row2>
					<row3>	0.0989 0.4228 4.3820 1.0000	</row3>
				</transform>
			</node>
			<node>
				<identifier>	MP_CM013_Fire_Hose_Rack_2_INDEX_3	</identifier>
				<transform>
					<row0>	0.9878 0.0000 0.1556 0.0000	</row0>
					<row1>	0.0000 1.0000 0.0000 0.0000	</row1>
					<row2>	-0.1556 0.0000 0.9878 0.0000	</row2>
					<row3>	0.4996 0.3994 3.1214 1.0000	</row3>
				</transform>
			</node>
			<node>
				<identifier>	MP_CM109_Leadsman_Platform	</identifier>
				<transform>
					<row0>	-0.0135 -0.9983 0.0573 0.0000	</row0>
					<row1>	-0.9735 0.0000 -0.2287 0.0000	</row1>
					<row2>	0.2283 -0.0588 -0.9718 0.0000	</row2>
					<row3>	0.1853 0.4870 6.1763 1.0000	</row3>
				</transform>
			</node>
			<node>
				<identifier>	MP_CM109_Leadsman_Platform_INDEX_1	</identifier>
				<transform>
					<row0>	0.0135 -0.9983 0.0573 0.0000	</row0>
					<row1>	0.9735 0.0000 -0.2287 0.0000	</row1>
					<row2>	0.2283 0.0588 0.9718 0.0000	</row2>
					<row3>	-0.1853 0.4870 6.1763 1.0000	</row3>
				</transform>
			</node>
			<node>
				<identifier>	MP_FM015_Life_Buoy	</identifier>
				<transform>
					<row0>	-0.1541 0.0000 -0.9881 0.0000	</row0>
					<row1>	0.0000 1.0000 0.0000 0.0000	</row1>
					<row2>	0.9881 0.0000 -0.1541 0.0000	</row2>
					<row3>	-0.5406 0.4734 4.2299 1.0000	</row3>
				</transform>
			</node>
			<node>
				<identifier>	MP_FM015_Life_Buoy_INDEX_1	</identifier>
				<transform>
					<row0>	-0.1541 0.0000 0.9881 0.0000	</row0>
					<row1>	0.0000 1.0000 0.0000 0.0000	</row1>
					<row2>	-0.9881 0.0000 -0.1541 0.0000	</row2>
					<row3>	0.5406 0.4734 4.2299 1.0000	</row3>
				</transform>
			</node>
			<node>
				<identifier>	MP_FM016_Reels	</identifier>
				<transform>
					<row0>	0.6704 0.0000 -0.7420 0.0000	</row0>
					<row1>	0.0000 1.0000 0.0000 0.0000	</row1>
					<row2>	0.7420 0.0000 0.6704 0.0000	</row2>
					<row3>	0.1786 0.3921 4.1817 1.0000	</row3>
				</transform>
			</node>
			<node>
				<identifier>	MP_FM016_Reels_INDEX_1	</identifier>
				<transform>
					<row0>	0.6704 0.0000 0.7420 0.0000	</row0>
					<row1>	0.0000 1.0000 0.0000 0.0000	</row1>
					<row2>	-0.7420 0.0000 0.6704 0.0000	</row2>
					<row3>	-0.1786 0.3921 4.1817 1.0000	</row3>
				</transform>
			</node>
			<node>
				<identifier>	MP_FM016_Reels_INDEX_2	</identifier>
				<transform>
					<row0>	0.6704 0.0000 0.7420 0.0000	</row0>
					<row1>	0.0000 1.0000 0.0000 0.0000	</row1>
					<row2>	-0.7420 0.0000 0.6704 0.0000	</row2>
					<row3>	-0.1014 0.3945 4.2673 1.0000	</row3>
				</transform>
			</node>
			<node>
				<identifier>	MP_FM800_Ventilation	</identifier>
				<transform>
					<row0>	0.5646 0.0000 0.0000 0.0000	</row0>
					<row1>	0.0000 0.5646 0.0000 0.0000	</row1>
					<row2>	0.0000 0.0000 0.5646 0.0000	</row2>
					<row3>	0.1079 0.3877 3.8636 1.0000	</row3>
				</transform>
			</node>
			<node>
				<identifier>	MP_FM800_Ventilation_INDEX_1	</identifier>
				<transform>
					<row0>	0.5646 0.0000 0.0000 0.0000	</row0>
					<row1>	0.0000 0.5646 0.0000 0.0000	</row1>
					<row2>	0.0000 0.0000 0.5646 0.0000	</row2>
					<row3>	-0.1079 0.3877 3.8636 1.0000	</row3>
				</transform>
			</node>
			<node>
				<identifier>	MP_FM800_Ventilation_INDEX_2	</identifier>
				<transform>
					<row0>	0.5646 0.0000 0.0000 0.0000	</row0>
					<row1>	0.0000 0.5646 0.0000 0.0000	</row1>
					<row2>	0.0000 0.0000 0.5646 0.0000	</row2>
					<row3>	-0.0282 0.4026 4.3840 1.0000	</row3>
				</transform>
			</node>
			<node>
				<identifier>	MP_FM800_Ventilation_INDEX_3	</identifier>
				<transform>
					<row0>	0.5646 0.0000 0.0000 0.0000	</row0>
					<row1>	0.0000 0.5646 0.0000 0.0000	</row1>
					<row2>	0.0000 0.0000 0.5646 0.0000	</row2>
					<row3>	0.0282 0.4026 4.3840 1.0000	</row3>
				</transform>
			</node>
			<node>
				<identifier>	MP_FM860_Running_Lights_Back	</identifier>
				<transform>
					<row0>	1.0000 0.0000 0.0000 0.0000	</row0>
					<row1>	0.0000 1.0000 0.0000 0.0000	</row1>
					<row2>	0.0000 0.0000 1.0000 0.0000	</row2>
					<row3>	0.0000 0.6970 6.5400 1.0000	</row3>
				</transform>
			</node>
			<node>
				<identifier>	MP_FM950_Anchor_bottom	</identifier>
				<transform>
					<row0>	-0.3136 -0.8509 -0.4214 0.0000	</row0>
					<row1>	0.1925 0.3776 -0.9057 0.0000	</row1>
					<row2>	0.9298 -0.3652 0.0454 0.0000	</row2>
					<row3>	0.1642 0.3545 6.0969 1.0000	</row3>
				</transform>
			</node>
			<node>
				<identifier>	MP_FM950_Anchor_bottom_INDEX_1	</identifier>
				<transform>
					<row0>	1.0000 0.0000 0.0000 0.0000	</row0>
					<row1>	0.0000 -0.3007 -0.9537 0.0000	</row1>
					<row2>	0.0000 0.9537 -0.3007 0.0000	</row2>
					<row3>	0.0000 0.3291 6.5022 1.0000	</row3>
				</transform>
			</node>
			<node>
				<identifier>	MP_FM950_Anchor_bottom_INDEX_2	</identifier>
				<transform>
					<row0>	-0.3136 0.8509 0.4214 0.0000	</row0>
					<row1>	-0.1925 0.3776 -0.9057 0.0000	</row1>
					<row2>	-0.9298 -0.3652 0.0454 0.0000	</row2>
					<row3>	-0.1642 0.3545 6.0969 1.0000	</row3>
				</transform>
			</node>
			<node>
				<identifier>	MP_FM951_Anchor_up	</identifier>
				<transform>
					<row0>	-0.2822 0.8774 0.3879 0.0000	</row0>
					<row1>	0.1506 0.4398 -0.8854 0.0000	</row1>
					<row2>	-0.9475 -0.1915 -0.2562 0.0000	</row2>
					<row3>	-0.1641 0.3545 6.0969 1.0000	</row3>
				</transform>
			</node>
			<node>
				<identifier>	MP_FM951_Anchor_up_INDEX_1	</identifier>
				<transform>
					<row0>	1.0000 0.0000 0.0000 0.0000	</row0>
					<row1>	0.0000 0.5077 -0.8615 0.0000	</row1>
					<row2>	0.0000 0.8615 0.5077 0.0000	</row2>
					<row3>	0.0000 0.3291 6.5022 1.0000	</row3>
				</transform>
			</node>
			<node>
				<identifier>	MP_FM951_Anchor_up_INDEX_2	</identifier>
				<transform>
					<row0>	-0.2822 -0.8774 -0.3879 0.0000	</row0>
					<row1>	-0.1506 0.4398 -0.8854 0.0000	</row1>
					<row2>	0.9475 -0.1915 -0.2562 0.0000	</row2>
					<row3>	0.1642 0.3545 6.0969 1.0000	</row3>
				</transform>
			</node>
			<node>
				<identifier>	MP_FM966_Winch	</identifier>
				<transform>
					<row0>	0.8601 0.0000 -0.5100 0.0000	</row0>
					<row1>	0.0000 1.0000 0.0000 0.0000	</row1>
					<row2>	0.5100 0.0000 0.8601 0.0000	</row2>
					<row3>	0.3804 0.3657 2.6826 1.0000	</row3>
				</transform>
			</node>
			<node>
				<identifier>	MP_FM966_Winch_INDEX_1	</identifier>
				<transform>
					<row0>	0.8601 0.0000 0.5100 0.0000	</row0>
					<row1>	0.0000 1.0000 0.0000 0.0000	</row1>
					<row2>	-0.5100 0.0000 0.8601 0.0000	</row2>
					<row3>	-0.3804 0.3657 2.6826 1.0000	</row3>
				</transform>
			</node>
			<node>
				<identifier>	SP_YMS001_YHBM_M_1	</identifier>
				<transform>
					<row0>	1.1417 0.0000 0.0000 0.0000	</row0>
					<row1>	0.0000 1.1417 0.0000 0.0000	</row1>
					<row2>	0.0000 0.0000 1.1417 0.0000	</row2>
					<row3>	0.0000 0.5119 6.5674 1.0000	</row3>
				</transform>
			</node>
			<node>
				<identifier>	SP_YMS002_YHBL_M_1	</identifier>
				<transform>
					<row0>	0.9712 -0.0018 -0.0424 0.0000	</row0>
					<row1>	0.0002 0.9714 -0.0378 0.0000	</row1>
					<row2>	0.0424 0.0378 0.9704 0.0000	</row2>
					<row3>	0.0000 0.5119 6.5674 1.0000	</row3>
				</transform>
			</node>
			<node>
				<identifier>	SP_YMS003_YHBR_M_1	</identifier>
				<transform>
					<row0>	0.9712 0.0018 0.0424 0.0000	</row0>
					<row1>	-0.0002 0.9714 -0.0378 0.0000	</row1>
					<row2>	-0.0424 0.0378 0.9704 0.0000	</row2>
					<row3>	0.0000 0.5119 6.5674 1.0000	</row3>
				</transform>
			</node>
			<node>
				<identifier>	SP_YMS004_YHXL_L_1	</identifier>
				<transform>
					<row0>	0.6989 0.3718 -0.1577 0.0000	</row0>
					<row1>	-0.3941 0.6969 -0.1033 0.0000	</row1>
					<row2>	0.0886 0.1665 0.7849 0.0000	</row2>
					<row3>	-0.1624 0.3710 6.0604 1.0000	</row3>
				</transform>
			</node>
			<node>
				<identifier>	SP_YMS005_YHXR_L_1	</identifier>
				<transform>
					<row0>	0.6989 -0.3718 0.1577 0.0000	</row0>
					<row1>	0.3941 0.6969 -0.1033 0.0000	</row1>
					<row2>	-0.0886 0.1665 0.7849 0.0000	</row2>
					<row3>	0.1624 0.3710 6.0604 1.0000	</row3>
				</transform>
			</node>
			<node>
				<identifier>	SP_YMS010_YHWM_L_1	</identifier>
				<transform>
					<row0>	0.5900 0.0000 0.0000 0.0000	</row0>
					<row1>	0.0000 0.5900 0.0000 0.0000	</row1>
					<row2>	0.0000 0.0000 0.5900 0.0000	</row2>
					<row3>	0.0000 -0.0001 6.4003 1.0000	</row3>
				</transform>
			</node>
			<node>
				<identifier>	SP_YMS011_YHWL_M_1_INDEX_11	</identifier>
				<transform>
					<row0>	0.9700 0.1331 -0.2036 0.0000	</row0>
					<row1>	-0.1303 0.9911 0.0270 0.0000	</row1>
					<row2>	0.2054 0.0004 0.9787 0.0000	</row2>
					<row3>	-0.3756 -0.0001 4.3946 1.0000	</row3>
				</transform>
			</node>
			<node>
				<identifier>	SP_YMS011_YHWL_M_1_INDEX_12	</identifier>
				<transform>
					<row0>	0.9756 0.0945 -0.1979 0.0000	</row0>
					<row1>	-0.0926 0.9955 0.0188 0.0000	</row1>
					<row2>	0.1988 0.0000 0.9800 0.0000	</row2>
					<row3>	-0.5547 -0.0001 3.5620 1.0000	</row3>
				</transform>
			</node>
			<node>
				<identifier>	SP_YMS011_YHWL_M_1_INDEX_6	</identifier>
				<transform>
					<row0>	0.9852 0.0495 -0.1640 0.0000	</row0>
					<row1>	-0.0489 0.9988 0.0081 0.0000	</row1>
					<row2>	0.1642 0.0000 0.9864 0.0000	</row2>
					<row3>	-0.7120 -0.0001 2.7227 1.0000	</row3>
				</transform>
			</node>
			<node>
				<identifier>	SP_YMS011_YHWL_M_1_INDEX_9	</identifier>
				<transform>
					<row0>	0.9740 0.1322 -0.1839 0.0000	</row0>
					<row1>	-0.1299 0.9912 0.0245 0.0000	</row1>
					<row2>	0.1856 0.0000 0.9826 0.0000	</row2>
					<row3>	-0.2120 -0.0001 5.2307 1.0000	</row3>
				</transform>
			</node>
			<node>
				<identifier>	SP_YMS012_YHWR_M_1_INDEX_10	</identifier>
				<transform>
					<row0>	0.9700 -0.1331 0.2036 0.0000	</row0>
					<row1>	0.1303 0.9911 0.0270 0.0000	</row1>
					<row2>	-0.2054 0.0004 0.9787 0.0000	</row2>
					<row3>	0.3756 -0.0001 4.3946 1.0000	</row3>
				</transform>
			</node>
			<node>
				<identifier>	SP_YMS012_YHWR_M_1_INDEX_12	</identifier>
				<transform>
					<row0>	0.9756 -0.0945 0.1979 0.0000	</row0>
					<row1>	0.0926 0.9955 0.0188 0.0000	</row1>
					<row2>	-0.1988 0.0000 0.9800 0.0000	</row2>
					<row3>	0.5495 -0.0001 3.5620 1.0000	</row3>
				</transform>
			</node>
			<node>
				<identifier>	SP_YMS012_YHWR_M_1_INDEX_5	</identifier>
				<transform>
					<row0>	0.9740 -0.1322 0.1839 0.0000	</row0>
					<row1>	0.1299 0.9912 0.0245 0.0000	</row1>
					<row2>	-0.1856 0.0000 0.9826 0.0000	</row2>
					<row3>	0.2120 -0.0001 5.2307 1.0000	</row3>
				</transform>
			</node>
			<node>
				<identifier>	SP_YMS012_YHWR_M_1_INDEX_7	</identifier>
				<transform>
					<row0>	0.9852 -0.0495 0.1640 0.0000	</row0>
					<row1>	0.0489 0.9988 0.0081 0.0000	</row1>
					<row2>	-0.1642 0.0000 0.9864 0.0000	</row2>
					<row3>	0.7120 -0.0001 2.7227 1.0000	</row3>
				</transform>
			</node>
			<node>
				<identifier>	SP_YMS020_YHBU_M_1	</identifier>
				<transform>
					<row0>	1.4293 0.0000 0.0000 0.0000	</row0>
					<row1>	0.0000 1.4293 0.0000 0.0000	</row1>
					<row2>	0.0000 0.0000 1.4293 0.0000	</row2>
					<row3>	0.0000 -0.0001 6.2580 1.0000	</row3>
				</transform>
			</node>
			<node>
				<identifier>	SP_YMS022_YHUS_L_1	</identifier>
				<transform>
					<row0>	-0.2567 -0.0137 1.4100 0.0000	</row0>
					<row1>	0.7242 1.2284 0.1438 0.0000	</row1>
					<row2>	-1.2099 0.7382 -0.2131 0.0000	</row2>
					<row3>	0.2930 -0.4814 4.0473 1.0000	</row3>
				</transform>
			</node>
			<node>
				<identifier>	SP_YMS022_YHUS_L_1_INDEX_1	</identifier>
				<transform>
					<row0>	-0.2489 0.0000 1.4115 0.0000	</row0>
					<row1>	0.7057 1.2412 0.1244 0.0000	</row1>
					<row2>	-1.2224 0.7166 -0.2155 0.0000	</row2>
					<row3>	0.4793 -0.4790 3.0344 1.0000	</row3>
				</transform>
			</node>
			<node>
				<identifier>	SP_YMS022_YHUS_L_1_INDEX_2	</identifier>
				<transform>
					<row0>	-0.2489 0.0000 -1.4115 0.0000	</row0>
					<row1>	-0.7057 1.2412 0.1244 0.0000	</row1>
					<row2>	1.2224 0.7166 -0.2155 0.0000	</row2>
					<row3>	-0.4793 -0.4790 3.0344 1.0000	</row3>
				</transform>
			</node>
			<node>
				<identifier>	SP_YMS022_YHUS_L_1_INDEX_3	</identifier>
				<transform>
					<row0>	-0.2567 0.0137 -1.4100 0.0000	</row0>
					<row1>	-0.7242 1.2284 0.1438 0.0000	</row1>
					<row2>	1.2099 0.7382 -0.2131 0.0000	</row2>
					<row3>	-0.2930 -0.4814 4.0473 1.0000	</row3>
				</transform>
			</node>
			<node>
				<identifier>	SP_YMS051_YHDL_L_1	</identifier>
				<transform>
					<row0>	0.8706 0.0012 -0.1472 0.0000	</row0>
					<row1>	-0.0067 0.8823 -0.0324 0.0000	</row1>
					<row2>	0.1471 0.0330 0.8700 0.0000	</row2>
					<row3>	-0.4348 0.4408 5.1312 1.0000	</row3>
				</transform>
			</node>
			<node>
				<identifier>	SP_YMS052_YHDR_L_1	</identifier>
				<transform>
					<row0>	0.8706 -0.0012 0.1472 0.0000	</row0>
					<row1>	0.0067 0.8823 -0.0324 0.0000	</row1>
					<row2>	-0.1471 0.0330 0.8700 0.0000	</row2>
					<row3>	0.4348 0.4408 5.1312 1.0000	</row3>
				</transform>
			</node>
			<node>
				<identifier>	SP_YMS053_YHDC_S_1	</identifier>
				<transform>
					<row0>	1.0000 0.0000 0.0000 0.0000	</row0>
					<row1>	0.0000 1.0000 0.0000 0.0000	</row1>
					<row2>	0.0000 0.0000 1.0000 0.0000	</row2>
					<row3>	-0.6190 0.3762 2.6069 1.0000	</row3>
				</transform>
			</node>
			<node>
				<identifier>	SP_YMS053_YHDC_S_1_INDEX_10	</identifier>
				<transform>
					<row0>	1.0000 0.0000 0.0000 0.0000	</row0>
					<row1>	0.0000 1.0000 0.0000 0.0000	</row1>
					<row2>	0.0000 0.0000 1.0000 0.0000	</row2>
					<row3>	0.6190 0.3762 2.6069 1.0000	</row3>
				</transform>
			</node>
			<node>
				<identifier>	SP_YMS053_YHDC_S_1_INDEX_17	</identifier>
				<transform>
					<row0>	1.0000 0.0000 0.0000 0.0000	</row0>
					<row1>	0.0000 1.0000 0.0000 0.0000	</row1>
					<row2>	0.0000 0.0000 1.0000 0.0000	</row2>
					<row3>	0.4516 0.3937 3.7675 1.0000	</row3>
				</transform>
			</node>
			<node>
				<identifier>	SP_YMS053_YHDC_S_1_INDEX_7	</identifier>
				<transform>
					<row0>	1.0000 0.0000 0.0000 0.0000	</row0>
					<row1>	0.0000 1.0000 0.0000 0.0000	</row1>
					<row2>	0.0000 0.0000 1.0000 0.0000	</row2>
					<row3>	-0.4516 0.3937 3.7675 1.0000	</row3>
				</transform>
			</node>
			<node>
				<identifier>	SP_YMS080_YHSL_M_1	</identifier>
				<transform>
					<row0>	0.6528 0.1161 -0.0631 0.0000	</row0>
					<row1>	-0.1269 0.6394 -0.1365 0.0000	</row1>
					<row2>	0.0368 0.1459 0.6488 0.0000	</row2>
					<row3>	-0.6506 0.1982 3.1568 1.0000	</row3>
				</transform>
			</node>
			<node>
				<identifier>	SP_YMS080_YHSL_M_1_INDEX_2	</identifier>
				<transform>
					<row0>	0.6278 0.2393 -0.0893 0.0000	</row0>
					<row1>	-0.2525 0.6174 -0.1205 0.0000	</row1>
					<row2>	0.0388 0.1448 0.6610 0.0000	</row2>
					<row3>	-0.2979 0.2515 5.0486 1.0000	</row3>
				</transform>
			</node>
			<node>
				<identifier>	SP_YMS080_YHSL_M_1_INDEX_3	</identifier>
				<transform>
					<row0>	0.6351 0.1897 -0.0646 0.0000	</row0>
					<row1>	-0.1992 0.6206 -0.1366 0.0000	</row1>
					<row2>	0.0213 0.1497 0.6486 0.0000	</row2>
					<row3>	-0.5776 0.2041 3.5612 1.0000	</row3>
				</transform>
			</node>
			<node>
				<identifier>	SP_YMS081_YHSR_M_1	</identifier>
				<transform>
					<row0>	0.6278 -0.2393 0.0893 0.0000	</row0>
					<row1>	0.2525 0.6174 -0.1205 0.0000	</row1>
					<row2>	-0.0388 0.1448 0.6610 0.0000	</row2>
					<row3>	0.2979 0.2515 5.0486 1.0000	</row3>
				</transform>
			</node>
			<node>
				<identifier>	SP_YMS081_YHSR_M_1_INDEX_1	</identifier>
				<transform>
					<row0>	0.6351 -0.1897 0.0646 0.0000	</row0>
					<row1>	0.1992 0.6206 -0.1366 0.0000	</row1>
					<row2>	-0.0213 0.1497 0.6486 0.0000	</row2>
					<row3>	0.5776 0.2041 3.5612 1.0000	</row3>
				</transform>
			</node>
			<node>
				<identifier>	SP_YMS081_YHSR_M_1_INDEX_2	</identifier>
				<transform>
					<row0>	0.6528 -0.1161 0.0631 0.0000	</row0>
					<row1>	0.1269 0.6394 -0.1365 0.0000	</row1>
					<row2>	-0.0368 0.1459 0.6488 0.0000	</row2>
					<row3>	0.6506 0.1982 3.1568 1.0000	</row3>
				</transform>
			</node>
			<node>
				<identifier>	SP_YMS085_YHSC_S_1	</identifier>
				<transform>
					<row0>	-0.1014 -0.0119 -0.7431 0.0000	</row0>
					<row1>	-0.0016 0.7500 -0.0118 0.0000	</row1>
					<row2>	0.7432 0.0000 -0.1014 0.0000	</row2>
					<row3>	-0.6937 0.3522 3.2092 1.0000	</row3>
				</transform>
			</node>
			<node>
				<identifier>	SP_YMS085_YHSC_S_1_INDEX_1	</identifier>
				<transform>
					<row0>	-0.1014 0.0119 0.7431 0.0000	</row0>
					<row1>	0.0016 0.7500 -0.0118 0.0000	</row1>
					<row2>	-0.7432 0.0000 -0.1014 0.0000	</row2>
					<row3>	0.6938 0.3522 3.2092 1.0000	</row3>
				</transform>
			</node>
		</node>
	</node>
	<boundingBox>
		<min>	-0.0667 -0.0667 -0.0667	</min>
		<max>	0.0667 0.0667 0.0667	</max>
	</boundingBox>
</FSC027_Cherbourg_1942_Bow_ports.visual>
