<GSA001_Graf_Zeppelin_1945_MidFront_ports.visual>
	<node>
		<identifier>	Scene Root	</identifier>
		<transform>
			<row0>	1.0000 0.0000 0.0000 0.0000	</row0>
			<row1>	0.0000 1.0000 0.0000 0.0000	</row1>
			<row2>	0.0000 0.0000 1.0000 0.0000	</row2>
			<row3>	0.0000 0.0000 0.0000 1.0000	</row3>
		</transform>
		<node>
			<identifier>	MidFront_ports	</identifier>
			<transform>
				<row0>	1.0000 0.0000 0.0000 0.0000	</row0>
				<row1>	0.0000 1.0000 0.0000 0.0000	</row1>
				<row2>	0.0000 0.0000 1.0000 0.0000	</row2>
				<row3>	0.0000 0.0000 0.0000 1.0000	</row3>
			</transform>
			<node>
				<identifier>	HP_Cradle_10	</identifier>
				<transform>
					<row0>	1.0000 0.0000 -0.0059 0.0000	</row0>
					<row1>	0.0000 1.0000 0.0000 0.0000	</row1>
					<row2>	0.0059 0.0000 1.0000 0.0000	</row2>
					<row3>	-0.0274 0.9018 1.9063 1.0000	</row3>
				</transform>
			</node>
			<node>
				<identifier>	HP_Cradle_3	</identifier>
				<transform>
					<row0>	0.9992 0.0000 -0.0391 0.0000	</row0>
					<row1>	0.0000 1.0000 0.0000 0.0000	</row1>
					<row2>	0.0391 0.0000 0.9992 0.0000	</row2>
					<row3>	-0.5002 0.9018 4.7158 1.0000	</row3>
				</transform>
			</node>
			<node>
				<identifier>	HP_Cradle_4	</identifier>
				<transform>
					<row0>	0.9997 0.0000 -0.0243 0.0000	</row0>
					<row1>	0.0000 1.0000 0.0000 0.0000	</row1>
					<row2>	0.0243 0.0000 0.9997 0.0000	</row2>
					<row3>	0.1894 0.9018 4.6498 1.0000	</row3>
				</transform>
			</node>
			<node>
				<identifier>	HP_Cradle_5	</identifier>
				<transform>
					<row0>	0.9997 0.0000 -0.0243 0.0000	</row0>
					<row1>	0.0000 1.0000 0.0000 0.0000	</row1>
					<row2>	0.0243 0.0000 0.9997 0.0000	</row2>
					<row3>	-0.5061 0.9018 3.9766 1.0000	</row3>
				</transform>
			</node>
			<node>
				<identifier>	HP_Cradle_6	</identifier>
				<transform>
					<row0>	0.9999 0.0000 0.0101 0.0000	</row0>
					<row1>	0.0000 1.0000 0.0000 0.0000	</row1>
					<row2>	-0.0101 0.0000 0.9999 0.0000	</row2>
					<row3>	0.1785 0.9018 3.9116 1.0000	</row3>
				</transform>
			</node>
			<node>
				<identifier>	HP_Cradle_7	</identifier>
				<transform>
					<row0>	0.9966 0.0000 0.0826 0.0000	</row0>
					<row1>	0.0000 1.0000 0.0000 0.0000	</row1>
					<row2>	-0.0826 0.0000 0.9966 0.0000	</row2>
					<row3>	-0.5000 0.9018 3.2470 1.0000	</row3>
				</transform>
			</node>
			<node>
				<identifier>	HP_Cradle_8	</identifier>
				<transform>
					<row0>	1.0000 0.0000 -0.0006 0.0000	</row0>
					<row1>	0.0000 1.0000 0.0000 0.0000	</row1>
					<row2>	0.0006 0.0000 1.0000 0.0000	</row2>
					<row3>	0.1860 0.9018 3.1725 1.0000	</row3>
				</transform>
			</node>
			<node>
				<identifier>	HP_Cradle_9	</identifier>
				<transform>
					<row0>	0.8127 0.0000 0.5826 0.0000	</row0>
					<row1>	0.0000 1.0000 0.0000 0.0000	</row1>
					<row2>	-0.5826 0.0000 0.8127 0.0000	</row2>
					<row3>	-0.1345 0.9018 2.6167 1.0000	</row3>
				</transform>
			</node>
			<node>
				<identifier>	HP_FX_Death_1	</identifier>
				<transform>
					<row0>	1.0000 0.0000 0.0000 0.0000	</row0>
					<row1>	0.0000 1.0000 0.0000 0.0000	</row1>
					<row2>	0.0000 0.0000 1.0000 0.0000	</row2>
					<row3>	0.0000 0.0000 4.5319 1.0000	</row3>
				</transform>
			</node>
			<node>
				<identifier>	HP_FX_Fire_2	</identifier>
				<transform>
					<row0>	0.6488 0.5127 -0.5623 0.0000	</row0>
					<row1>	-0.3875 0.8585 0.3358 0.0000	</row1>
					<row2>	0.6549 0.0000 0.7557 0.0000	</row2>
					<row3>	-0.7483 0.9283 2.9607 1.0000	</row3>
				</transform>
			</node>
			<node>
				<identifier>	HP_FX_Fire_2_side_1	</identifier>
				<transform>
					<row0>	1.0000 0.0000 0.0000 0.0000	</row0>
					<row1>	0.0000 1.0000 0.0000 0.0000	</row1>
					<row2>	0.0000 0.0000 1.0000 0.0000	</row2>
					<row3>	0.8530 1.2515 3.8063 1.0000	</row3>
				</transform>
			</node>
			<node>
				<identifier>	HP_FX_Fire_2_side_2	</identifier>
				<transform>
					<row0>	0.8381 0.2757 -0.4708 0.0000	</row0>
					<row1>	-0.2404 0.9612 0.1350 0.0000	</row1>
					<row2>	0.4898 0.0000 0.8719 0.0000	</row2>
					<row3>	0.3272 0.9077 2.2428 1.0000	</row3>
				</transform>
			</node>
			<node>
				<identifier>	HP_FX_Fire_2_side_3	</identifier>
				<transform>
					<row0>	0.9984 0.0571 0.0000 0.0000	</row0>
					<row1>	-0.0571 0.9984 0.0000 0.0000	</row1>
					<row2>	0.0000 0.0000 1.0000 0.0000	</row2>
					<row3>	-0.9299 0.9145 0.5701 1.0000	</row3>
				</transform>
			</node>
			<node>
				<identifier>	HP_FX_FloodLight_right_1	</identifier>
				<transform>
					<row0>	1.0000 0.0000 0.0000 0.0000	</row0>
					<row1>	0.0000 1.0000 0.0000 0.0000	</row1>
					<row2>	0.0000 0.0000 1.0000 0.0000	</row2>
					<row3>	0.8810 1.4520 1.4810 1.0000	</row3>
				</transform>
			</node>
			<node>
				<identifier>	HP_FX_FloodLight_right_2	</identifier>
				<transform>
					<row0>	-1.0000 0.0000 0.0000 0.0000	</row0>
					<row1>	0.0000 1.0000 0.0000 0.0000	</row1>
					<row2>	0.0000 0.0000 -1.0000 0.0000	</row2>
					<row3>	0.6010 1.4340 1.5090 1.0000	</row3>
				</transform>
			</node>
			<node>
				<identifier>	HP_FX_Flood_steam_1	</identifier>
				<transform>
					<row0>	1.0000 0.0000 0.0000 0.0000	</row0>
					<row1>	0.0000 1.0000 0.0000 0.0000	</row1>
					<row2>	0.0000 0.0000 1.0000 0.0000	</row2>
					<row3>	0.9000 1.7360 1.6410 1.0000	</row3>
				</transform>
			</node>
			<node>
				<identifier>	HP_FX_Flood_steam_2	</identifier>
				<transform>
					<row0>	1.0000 0.0000 0.0000 0.0000	</row0>
					<row1>	0.0000 1.0000 0.0000 0.0000	</row1>
					<row2>	0.0000 0.0000 1.0000 0.0000	</row2>
					<row3>	0.5870 1.7360 1.7117 1.0000	</row3>
				</transform>
			</node>
			<node>
				<identifier>	HP_FX_Flood_steam_exhaust_1	</identifier>
				<transform>
					<row0>	1.0000 0.0000 0.0000 0.0000	</row0>
					<row1>	0.0000 0.9572 -0.2895 0.0000	</row1>
					<row2>	0.0000 0.2895 0.9572 0.0000	</row2>
					<row3>	0.7470 1.7930 1.0296 1.0000	</row3>
				</transform>
			</node>
			<node>
				<identifier>	HP_FX_Flood_steam_exhaust_2	</identifier>
				<transform>
					<row0>	1.0000 0.0000 0.0000 0.0000	</row0>
					<row1>	0.0000 1.0000 0.0000 0.0000	</row1>
					<row2>	0.0000 0.0000 1.0000 0.0000	</row2>
					<row3>	0.7470 1.8120 1.9176 1.0000	</row3>
				</transform>
			</node>
			<node>
				<identifier>	HP_FX_Flood_steam_left	</identifier>
				<transform>
					<row0>	-1.0000 0.0000 0.0000 0.0000	</row0>
					<row1>	0.0000 1.0000 0.0000 0.0000	</row1>
					<row2>	0.0000 0.0000 -1.0000 0.0000	</row2>
					<row3>	-0.9163 0.3680 2.2480 1.0000	</row3>
				</transform>
			</node>
			<node>
				<identifier>	HP_FX_Smoke_1	</identifier>
				<transform>
					<row0>	1.0000 0.0000 0.0000 0.0000	</row0>
					<row1>	0.0000 0.9202 -0.3914 0.0000	</row1>
					<row2>	0.0000 0.3914 0.9202 0.0000	</row2>
					<row3>	0.7469 1.9919 1.4127 1.0000	</row3>
				</transform>
			</node>
			<node>
				<identifier>	HP_FX_Smoke_2	</identifier>
				<transform>
					<row0>	1.0000 0.0000 0.0000 0.0000	</row0>
					<row1>	0.0000 0.9485 -0.3166 0.0000	</row1>
					<row2>	0.0000 0.3166 0.9485 0.0000	</row2>
					<row3>	0.7469 1.7930 1.2019 1.0000	</row3>
				</transform>
			</node>
			<node>
				<identifier>	HP_Flagpole	</identifier>
				<transform>
					<row0>	-0.5500 0.0000 0.0000 0.0000	</row0>
					<row1>	0.0000 0.5500 0.0000 0.0000	</row1>
					<row2>	0.0000 0.0000 -0.5500 0.0000	</row2>
					<row3>	0.8728 3.4894 2.0084 1.0000	</row3>
				</transform>
			</node>
			<node>
				<identifier>	HP_GD_1	</identifier>
				<transform>
					<row0>	0.0000 0.0000 1.0000 0.0000	</row0>
					<row1>	0.0000 1.0000 0.0000 0.0000	</row1>
					<row2>	-1.0000 0.0000 0.0000 0.0000	</row2>
					<row3>	0.6480 1.1162 3.2124 1.0000	</row3>
				</transform>
			</node>
			<node>
				<identifier>	HP_GD_2	</identifier>
				<transform>
					<row0>	0.0000 0.0000 -1.0000 0.0000	</row0>
					<row1>	0.0000 1.0000 0.0000 0.0000	</row1>
					<row2>	1.0000 0.0000 0.0000 0.0000	</row2>
					<row3>	1.0984 1.1162 3.2124 1.0000	</row3>
				</transform>
			</node>
			<node>
				<identifier>	HP_GD_3	</identifier>
				<transform>
					<row0>	0.0000 0.0000 -1.0000 0.0000	</row0>
					<row1>	0.0000 1.0000 0.0000 0.0000	</row1>
					<row2>	1.0000 0.0000 0.0000 0.0000	</row2>
					<row3>	1.1117 1.1309 3.1187 1.0000	</row3>
				</transform>
			</node>
			<node>
				<identifier>	HP_GD_4	</identifier>
				<transform>
					<row0>	0.0000 0.0000 1.0000 0.0000	</row0>
					<row1>	0.0000 1.0000 0.0000 0.0000	</row1>
					<row2>	-1.0000 0.0000 0.0000 0.0000	</row2>
					<row3>	0.6316 1.1311 3.1039 1.0000	</row3>
				</transform>
			</node>
			<node>
				<identifier>	HP_GD_5	</identifier>
				<transform>
					<row0>	0.0000 0.0000 1.0000 0.0000	</row0>
					<row1>	0.0000 1.0000 0.0000 0.0000	</row1>
					<row2>	-1.0000 0.0000 0.0000 0.0000	</row2>
					<row3>	0.6355 1.1384 2.9488 1.0000	</row3>
				</transform>
			</node>
			<node>
				<identifier>	HP_GD_6	</identifier>
				<transform>
					<row0>	0.0000 0.0000 -1.0000 0.0000	</row0>
					<row1>	0.0000 1.0000 0.0000 0.0000	</row1>
					<row2>	1.0000 0.0000 0.0000 0.0000	</row2>
					<row3>	1.1333 1.1384 2.9434 1.0000	</row3>
				</transform>
			</node>
			<node>
				<identifier>	HP_GF_1	</identifier>
				<transform>
					<row0>	0.0000 0.0000 1.0000 0.0000	</row0>
					<row1>	0.0000 1.0000 0.0000 0.0000	</row1>
					<row2>	-1.0000 0.0000 0.0000 0.0000	</row2>
					<row3>	-1.0297 0.5755 3.9596 1.0000	</row3>
				</transform>
			</node>
			<node>
				<identifier>	HP_GF_2	</identifier>
				<transform>
					<row0>	-1.0000 0.0000 0.0000 0.0000	</row0>
					<row1>	0.0000 1.0000 0.0000 0.0000	</row1>
					<row2>	0.0000 0.0000 -1.0000 0.0000	</row2>
					<row3>	0.8739 1.2545 3.2364 1.0000	</row3>
				</transform>
			</node>
			<node>
				<identifier>	HP_GF_3	</identifier>
				<transform>
					<row0>	0.0000 0.0000 -1.0000 0.0000	</row0>
					<row1>	0.0000 1.0000 0.0000 0.0000	</row1>
					<row2>	1.0000 0.0000 0.0000 0.0000	</row2>
					<row3>	1.0939 0.5732 3.1573 1.0000	</row3>
				</transform>
			</node>
			<node>
				<identifier>	HP_GF_4	</identifier>
				<transform>
					<row0>	1.0000 0.0000 0.0000 0.0000	</row0>
					<row1>	0.0000 1.0000 0.0000 0.0000	</row1>
					<row2>	0.0000 0.0000 1.0000 0.0000	</row2>
					<row3>	0.7585 1.3507 2.7588 1.0000	</row3>
				</transform>
			</node>
			<node>
				<identifier>	HP_GF_5	</identifier>
				<transform>
					<row0>	1.0000 0.0000 0.0000 0.0000	</row0>
					<row1>	0.0000 1.0000 0.0000 0.0000	</row1>
					<row2>	0.0000 0.0000 1.0000 0.0000	</row2>
					<row3>	0.7541 1.4607 2.4039 1.0000	</row3>
				</transform>
			</node>
			<node>
				<identifier>	HP_GF_6	</identifier>
				<transform>
					<row0>	-1.0000 0.0000 0.0000 0.0000	</row0>
					<row1>	0.0000 1.0000 0.0000 0.0000	</row1>
					<row2>	0.0000 0.0000 -1.0000 0.0000	</row2>
					<row3>	0.7706 1.3173 0.7633 1.0000	</row3>
				</transform>
			</node>
			<node>
				<identifier>	HP_GF_7	</identifier>
				<transform>
					<row0>	-1.0000 0.0000 0.0000 0.0000	</row0>
					<row1>	0.0000 1.0000 0.0000 0.0000	</row1>
					<row2>	0.0000 0.0000 -1.0000 0.0000	</row2>
					<row3>	0.7706 1.2239 0.3949 1.0000	</row3>
				</transform>
			</node>
			<node>
				<identifier>	HP_GGA_3	</identifier>
				<transform>
					<row0>	0.0000 0.0000 1.0000 0.0000	</row0>
					<row1>	0.0000 1.0000 0.0000 0.0000	</row1>
					<row2>	-1.0000 0.0000 0.0000 0.0000	</row2>
					<row3>	-1.0404 0.7359 4.3773 1.0000	</row3>
				</transform>
			</node>
			<node>
				<identifier>	HP_GGA_4	</identifier>
				<transform>
					<row0>	0.0000 0.0000 1.0000 0.0000	</row0>
					<row1>	0.0000 1.0000 0.0000 0.0000	</row1>
					<row2>	-1.0000 0.0000 0.0000 0.0000	</row2>
					<row3>	-1.0876 0.7460 2.9605 1.0000	</row3>
				</transform>
			</node>
			<node>
				<identifier>	HP_GGA_5	</identifier>
				<transform>
					<row0>	0.0000 0.0000 -1.0000 0.0000	</row0>
					<row1>	0.0000 1.0000 0.0000 0.0000	</row1>
					<row2>	1.0000 0.0000 0.0000 0.0000	</row2>
					<row3>	1.0740 1.0852 2.5588 1.0000	</row3>
				</transform>
			</node>
			<node>
				<identifier>	HP_GGA_6	</identifier>
				<transform>
					<row0>	0.0000 0.0000 1.0000 0.0000	</row0>
					<row1>	0.0000 1.0000 0.0000 0.0000	</row1>
					<row2>	-1.0000 0.0000 0.0000 0.0000	</row2>
					<row3>	-1.1340 0.8026 1.3457 1.0000	</row3>
				</transform>
			</node>
			<node>
				<identifier>	HP_GGA_7	</identifier>
				<transform>
					<row0>	0.0000 0.0000 -1.0000 0.0000	</row0>
					<row1>	0.0000 1.0000 0.0000 0.0000	</row1>
					<row2>	1.0000 0.0000 0.0000 0.0000	</row2>
					<row3>	1.1209 0.7363 0.5476 1.0000	</row3>
				</transform>
			</node>
			<node>
				<identifier>	HP_GGA_8	</identifier>
				<transform>
					<row0>	0.0000 0.0000 1.0000 0.0000	</row0>
					<row1>	0.0000 1.0000 0.0000 0.0000	</row1>
					<row2>	-1.0000 0.0000 0.0000 0.0000	</row2>
					<row3>	-1.1340 0.8026 0.5468 1.0000	</row3>
				</transform>
			</node>
			<node>
				<identifier>	HP_GGA_9	</identifier>
				<transform>
					<row0>	0.0000 0.0000 1.0000 0.0000	</row0>
					<row1>	0.0000 1.0000 0.0000 0.0000	</row1>
					<row2>	-1.0000 0.0000 0.0000 0.0000	</row2>
					<row3>	-1.1238 0.7578 -0.2499 1.0000	</row3>
				</transform>
			</node>
			<node>
				<identifier>	HP_GGS_10	</identifier>
				<transform>
					<row0>	-1.0000 0.0000 0.0000 0.0000	</row0>
					<row1>	0.0000 1.0000 0.0000 0.0000	</row1>
					<row2>	0.0000 0.0000 -1.0000 0.0000	</row2>
					<row3>	0.8243 0.9022 -0.9884 1.0000	</row3>
				</transform>
			</node>
			<node>
				<identifier>	HP_GGS_7	</identifier>
				<transform>
					<row0>	1.0000 0.0000 0.0000 0.0000	</row0>
					<row1>	0.0000 1.0000 0.0000 0.0000	</row1>
					<row2>	0.0000 0.0000 1.0000 0.0000	</row2>
					<row3>	0.8243 0.9623 4.2669 1.0000	</row3>
				</transform>
			</node>
			<node>
				<identifier>	HP_GGS_8	</identifier>
				<transform>
					<row0>	-1.0000 0.0000 0.0000 0.0000	</row0>
					<row1>	0.0000 1.0000 0.0000 0.0000	</row1>
					<row2>	0.0000 0.0000 -1.0000 0.0000	</row2>
					<row3>	0.8243 1.0328 -0.0971 1.0000	</row3>
				</transform>
			</node>
			<node>
				<identifier>	HP_GGS_9	</identifier>
				<transform>
					<row0>	-1.0000 0.0000 0.0000 0.0000	</row0>
					<row1>	0.0000 1.0000 0.0000 0.0000	</row1>
					<row2>	0.0000 0.0000 -1.0000 0.0000	</row2>
					<row3>	0.8243 0.9623 -0.5545 1.0000	</row3>
				</transform>
			</node>
			<node>
				<identifier>	HP_GRS_3	</identifier>
				<transform>
					<row0>	1.0000 0.0000 0.0000 0.0000	</row0>
					<row1>	0.0000 1.0000 0.0000 0.0000	</row1>
					<row2>	0.0000 0.0000 1.0000 0.0000	</row2>
					<row3>	0.8525 1.7373 4.1208 1.0000	</row3>
				</transform>
			</node>
			<node>
				<identifier>	HP_GRS_4	</identifier>
				<transform>
					<row0>	1.0000 0.0000 0.0000 0.0000	</row0>
					<row1>	0.0000 1.0000 0.0000 0.0000	</row1>
					<row2>	0.0000 0.0000 1.0000 0.0000	</row2>
					<row3>	0.8713 2.1218 2.5195 1.0000	</row3>
				</transform>
			</node>
			<node>
				<identifier>	HP_GRS_5	</identifier>
				<transform>
					<row0>	-1.0000 0.0000 0.0000 0.0000	</row0>
					<row1>	0.0000 1.0000 0.0000 0.0000	</row1>
					<row2>	0.0000 0.0000 -1.0000 0.0000	</row2>
					<row3>	0.8713 2.2601 1.8457 1.0000	</row3>
				</transform>
			</node>
			<node>
				<identifier>	HP_flag_1	</identifier>
				<transform>
					<row0>	0.9594 -0.2821 0.0092 0.0000	</row0>
					<row1>	0.2821 0.9573 -0.0638 0.0000	</row1>
					<row2>	0.0092 0.0638 0.9979 0.0000	</row2>
					<row3>	1.3885 2.1515 2.0221 1.0000	</row3>
				</transform>
			</node>
			<node>
				<identifier>	HP_flag_2	</identifier>
				<transform>
					<row0>	0.9731 -0.2302 0.0074 0.0000	</row0>
					<row1>	0.2302 0.9711 -0.0634 0.0000	</row1>
					<row2>	0.0074 0.0634 0.9980 0.0000	</row2>
					<row3>	1.3133 2.1513 2.0234 1.0000	</row3>
				</transform>
			</node>
			<node>
				<identifier>	HP_flag_3	</identifier>
				<transform>
					<row0>	0.9126 -0.4086 0.0131 0.0000	</row0>
					<row1>	0.4086 0.9107 -0.0613 0.0000	</row1>
					<row2>	0.0131 0.0613 0.9980 0.0000	</row2>
					<row3>	1.5789 2.1552 2.0212 1.0000	</row3>
				</transform>
			</node>
			<node>
				<identifier>	HP_flag_4	</identifier>
				<transform>
					<row0>	0.9376 -0.3476 0.0112 0.0000	</row0>
					<row1>	0.3476 0.9356 -0.0622 0.0000	</row1>
					<row2>	0.0112 0.0622 0.9980 0.0000	</row2>
					<row3>	1.4842 2.1529 2.0230 1.0000	</row3>
				</transform>
			</node>
			<node>
				<identifier>	HP_flag_courtesy	</identifier>
				<transform>
					<row0>	0.9992 -0.0388 0.0009 0.0000	</row0>
					<row1>	0.0388 0.9981 -0.0478 0.0000	</row1>
					<row2>	0.0009 0.0478 0.9989 0.0000	</row2>
					<row3>	0.9275 3.2114 1.9992 1.0000	</row3>
				</transform>
			</node>
			<node>
				<identifier>	HP_flag_house	</identifier>
				<transform>
					<row0>	0.9992 0.0394 -0.0009 0.0000	</row0>
					<row1>	-0.0394 0.9982 -0.0463 0.0000	</row1>
					<row2>	-0.0009 0.0463 0.9989 0.0000	</row2>
					<row3>	0.8144 3.2115 1.9991 1.0000	</row3>
				</transform>
			</node>
			<node>
				<identifier>	HP_flag_nation	</identifier>
				<transform>
					<row0>	0.9997 -0.0236 0.0000 0.0000	</row0>
					<row1>	0.0236 0.9997 -0.0057 0.0000	</row1>
					<row2>	0.0000 0.0057 1.0000 0.0000	</row2>
					<row3>	0.8731 3.5148 1.9885 1.0000	</row3>
				</transform>
			</node>
			<node>
				<identifier>	HP_flag_rank	</identifier>
				<transform>
					<row0>	1.0000 0.0000 0.0000 0.0000	</row0>
					<row1>	0.0000 1.0000 0.0008 0.0000	</row1>
					<row2>	0.0000 -0.0008 1.0000 0.0000	</row2>
					<row3>	0.8524 2.6797 3.9233 1.0000	</row3>
				</transform>
			</node>
			<node>
				<identifier>	MP_CM011_Fire_Fighting_Gear	</identifier>
				<transform>
					<row0>	0.0000 0.0000 1.0000 0.0000	</row0>
					<row1>	0.0000 1.0000 0.0000 0.0000	</row1>
					<row2>	-1.0000 0.0000 0.0000 0.0000	</row2>
					<row3>	0.9680 1.0898 3.6503 1.0000	</row3>
				</transform>
			</node>
			<node>
				<identifier>	MP_CM011_Fire_Fighting_Gear_INDEX_1	</identifier>
				<transform>
					<row0>	0.0000 0.0000 1.0000 0.0000	</row0>
					<row1>	0.0000 1.0000 0.0000 0.0000	</row1>
					<row2>	-1.0000 0.0000 0.0000 0.0000	</row2>
					<row3>	0.8770 0.9046 1.6136 1.0000	</row3>
				</transform>
			</node>
			<node>
				<identifier>	MP_CM011_Fire_Fighting_Gear_INDEX_10	</identifier>
				<transform>
					<row0>	0.0000 0.0000 -1.0000 0.0000	</row0>
					<row1>	0.0000 1.0000 0.0000 0.0000	</row1>
					<row2>	1.0000 0.0000 0.0000 0.0000	</row2>
					<row3>	0.5841 0.9032 3.9565 1.0000	</row3>
				</transform>
			</node>
			<node>
				<identifier>	MP_CM011_Fire_Fighting_Gear_INDEX_11	</identifier>
				<transform>
					<row0>	0.0000 0.0000 1.0000 0.0000	</row0>
					<row1>	0.0000 1.0000 0.0000 0.0000	</row1>
					<row2>	-1.0000 0.0000 0.0000 0.0000	</row2>
					<row3>	0.9248 1.0898 2.3377 1.0000	</row3>
				</transform>
			</node>
			<node>
				<identifier>	MP_CM011_Fire_Fighting_Gear_INDEX_2	</identifier>
				<transform>
					<row0>	0.0000 0.0000 -1.0000 0.0000	</row0>
					<row1>	0.0000 1.0000 0.0000 0.0000	</row1>
					<row2>	1.0000 0.0000 0.0000 0.0000	</row2>
					<row3>	-0.5806 0.4004 2.2335 1.0000	</row3>
				</transform>
			</node>
			<node>
				<identifier>	MP_CM011_Fire_Fighting_Gear_INDEX_3	</identifier>
				<transform>
					<row0>	0.0000 0.0000 -1.0000 0.0000	</row0>
					<row1>	0.0000 1.0000 0.0000 0.0000	</row1>
					<row2>	1.0000 0.0000 0.0000 0.0000	</row2>
					<row3>	-0.5806 0.4004 1.2721 1.0000	</row3>
				</transform>
			</node>
			<node>
				<identifier>	MP_CM011_Fire_Fighting_Gear_INDEX_4	</identifier>
				<transform>
					<row0>	0.0000 0.0000 -1.0000 0.0000	</row0>
					<row1>	0.0000 1.0000 0.0000 0.0000	</row1>
					<row2>	1.0000 0.0000 0.0000 0.0000	</row2>
					<row3>	-0.5806 0.4004 2.0972 1.0000	</row3>
				</transform>
			</node>
			<node>
				<identifier>	MP_CM011_Fire_Fighting_Gear_INDEX_5	</identifier>
				<transform>
					<row0>	0.0000 0.0000 -1.0000 0.0000	</row0>
					<row1>	0.0000 1.0000 0.0000 0.0000	</row1>
					<row2>	1.0000 0.0000 0.0000 0.0000	</row2>
					<row3>	0.5858 0.9032 -0.3343 1.0000	</row3>
				</transform>
			</node>
			<node>
				<identifier>	MP_CM011_Fire_Fighting_Gear_INDEX_6	</identifier>
				<transform>
					<row0>	0.0000 0.0000 1.0000 0.0000	</row0>
					<row1>	0.0000 1.0000 0.0000 0.0000	</row1>
					<row2>	-1.0000 0.0000 0.0000 0.0000	</row2>
					<row3>	0.4931 0.4004 -0.5349 1.0000	</row3>
				</transform>
			</node>
			<node>
				<identifier>	MP_CM011_Fire_Fighting_Gear_INDEX_7	</identifier>
				<transform>
					<row0>	0.0000 0.0000 -1.0000 0.0000	</row0>
					<row1>	0.0000 1.0000 0.0000 0.0000	</row1>
					<row2>	1.0000 0.0000 0.0000 0.0000	</row2>
					<row3>	0.5858 0.9032 2.2868 1.0000	</row3>
				</transform>
			</node>
			<node>
				<identifier>	MP_CM011_Fire_Fighting_Gear_INDEX_8	</identifier>
				<transform>
					<row0>	0.0000 0.0000 -1.0000 0.0000	</row0>
					<row1>	0.0000 1.0000 0.0000 0.0000	</row1>
					<row2>	1.0000 0.0000 0.0000 0.0000	</row2>
					<row3>	-0.5806 0.4004 -0.0060 1.0000	</row3>
				</transform>
			</node>
			<node>
				<identifier>	MP_CM011_Fire_Fighting_Gear_INDEX_9	</identifier>
				<transform>
					<row0>	0.0000 0.0000 -1.0000 0.0000	</row0>
					<row1>	0.0000 1.0000 0.0000 0.0000	</row1>
					<row2>	1.0000 0.0000 0.0000 0.0000	</row2>
					<row3>	0.5858 0.9032 0.7980 1.0000	</row3>
				</transform>
			</node>
			<node>
				<identifier>	MP_CM012_Fire_Hose_Rack_1	</identifier>
				<transform>
					<row0>	-1.0000 0.0000 0.0000 0.0000	</row0>
					<row1>	0.0000 1.0000 0.0000 0.0000	</row1>
					<row2>	0.0000 0.0000 -1.0000 0.0000	</row2>
					<row3>	0.8705 0.9503 1.5829 1.0000	</row3>
				</transform>
			</node>
			<node>
				<identifier>	MP_CM012_Fire_Hose_Rack_1_INDEX_1	</identifier>
				<transform>
					<row0>	1.0000 0.0000 0.0000 0.0000	</row0>
					<row1>	0.0000 1.0000 0.0000 0.0000	</row1>
					<row2>	0.0000 0.0000 1.0000 0.0000	</row2>
					<row3>	0.5928 0.9515 2.3132 1.0000	</row3>
				</transform>
			</node>
			<node>
				<identifier>	MP_CM012_Fire_Hose_Rack_1_INDEX_10	</identifier>
				<transform>
					<row0>	1.0000 0.0000 0.0000 0.0000	</row0>
					<row1>	0.0000 1.0000 0.0000 0.0000	</row1>
					<row2>	0.0000 0.0000 1.0000 0.0000	</row2>
					<row3>	0.5928 0.9515 3.9825 1.0000	</row3>
				</transform>
			</node>
			<node>
				<identifier>	MP_CM012_Fire_Hose_Rack_1_INDEX_2	</identifier>
				<transform>
					<row0>	1.0000 0.0000 0.0000 0.0000	</row0>
					<row1>	0.0000 1.0000 0.0000 0.0000	</row1>
					<row2>	0.0000 0.0000 1.0000 0.0000	</row2>
					<row3>	0.5928 0.9515 0.8243 1.0000	</row3>
				</transform>
			</node>
			<node>
				<identifier>	MP_CM012_Fire_Hose_Rack_1_INDEX_3	</identifier>
				<transform>
					<row0>	1.0000 0.0036 0.0000 0.0000	</row0>
					<row1>	-0.0036 0.9998 -0.0217 0.0000	</row1>
					<row2>	0.0000 0.0217 0.9998 0.0000	</row2>
					<row3>	-0.5709 0.4669 2.0702 1.0000	</row3>
				</transform>
			</node>
			<node>
				<identifier>	MP_CM012_Fire_Hose_Rack_1_INDEX_4	</identifier>
				<transform>
					<row0>	1.0000 0.0000 0.0000 0.0000	</row0>
					<row1>	0.0000 1.0000 0.0000 0.0000	</row1>
					<row2>	0.0000 0.0000 1.0000 0.0000	</row2>
					<row3>	0.5928 0.9515 -0.3032 1.0000	</row3>
				</transform>
			</node>
			<node>
				<identifier>	MP_CM012_Fire_Hose_Rack_1_INDEX_5	</identifier>
				<transform>
					<row0>	1.0000 0.0036 0.0000 0.0000	</row0>
					<row1>	-0.0036 0.9998 -0.0217 0.0000	</row1>
					<row2>	0.0000 0.0217 0.9998 0.0000	</row2>
					<row3>	-0.5709 0.4669 2.2120 1.0000	</row3>
				</transform>
			</node>
			<node>
				<identifier>	MP_CM012_Fire_Hose_Rack_1_INDEX_6	</identifier>
				<transform>
					<row0>	1.0000 0.0036 0.0000 0.0000	</row0>
					<row1>	-0.0036 0.9998 -0.0217 0.0000	</row1>
					<row2>	0.0000 0.0217 0.9998 0.0000	</row2>
					<row3>	-0.5709 0.4810 1.2696 1.0000	</row3>
				</transform>
			</node>
			<node>
				<identifier>	MP_CM012_Fire_Hose_Rack_1_INDEX_7	</identifier>
				<transform>
					<row0>	1.0000 0.0036 0.0000 0.0000	</row0>
					<row1>	-0.0036 0.9998 -0.0217 0.0000	</row1>
					<row2>	0.0000 0.0217 0.9998 0.0000	</row2>
					<row3>	-0.5709 0.4810 -0.0249 1.0000	</row3>
				</transform>
			</node>
			<node>
				<identifier>	MP_CM012_Fire_Hose_Rack_1_INDEX_8	</identifier>
				<transform>
					<row0>	-1.0000 0.0000 0.0000 0.0000	</row0>
					<row1>	0.0000 1.0000 0.0000 0.0000	</row1>
					<row2>	0.0000 0.0000 -1.0000 0.0000	</row2>
					<row3>	0.9622 1.1367 3.6263 1.0000	</row3>
				</transform>
			</node>
			<node>
				<identifier>	MP_CM012_Fire_Hose_Rack_1_INDEX_9	</identifier>
				<transform>
					<row0>	-1.0000 0.0000 0.0000 0.0000	</row0>
					<row1>	0.0000 1.0000 0.0000 0.0000	</row1>
					<row2>	0.0000 0.0000 -1.0000 0.0000	</row2>
					<row3>	0.9163 1.1367 2.3132 1.0000	</row3>
				</transform>
			</node>
			<node>
				<identifier>	MP_CM014_Fuel_Oil_Hose	</identifier>
				<transform>
					<row0>	0.9644 0.0000 -0.2645 0.0000	</row0>
					<row1>	0.0000 1.0000 0.0000 0.0000	</row1>
					<row2>	0.2645 0.0000 0.9644 0.0000	</row2>
					<row3>	-0.6651 0.4344 -0.1860 1.0000	</row3>
				</transform>
			</node>
			<node>
				<identifier>	MP_CM014_Fuel_Oil_Hose_INDEX_1	</identifier>
				<transform>
					<row0>	-1.0000 0.0000 0.0000 0.0000	</row0>
					<row1>	0.0000 -1.0000 0.0000 0.0000	</row1>
					<row2>	0.0000 0.0000 1.0000 0.0000	</row2>
					<row3>	0.4816 0.4344 -0.3618 1.0000	</row3>
				</transform>
			</node>
			<node>
				<identifier>	MP_CM029_Emergency_Box	</identifier>
				<transform>
					<row0>	0.0000 0.0000 -1.0000 0.0000	</row0>
					<row1>	0.0000 1.0000 0.0000 0.0000	</row1>
					<row2>	1.0000 0.0000 0.0000 0.0000	</row2>
					<row3>	-1.0106 0.8550 1.7468 1.0000	</row3>
				</transform>
			</node>
			<node>
				<identifier>	MP_CM029_Emergency_Box_INDEX_1	</identifier>
				<transform>
					<row0>	0.0000 0.0000 -1.0000 0.0000	</row0>
					<row1>	0.0000 1.0000 0.0000 0.0000	</row1>
					<row2>	1.0000 0.0000 0.0000 0.0000	</row2>
					<row3>	-1.0114 0.8550 0.2415 1.0000	</row3>
				</transform>
			</node>
			<node>
				<identifier>	MP_CM029_Emergency_Box_INDEX_10	</identifier>
				<transform>
					<row0>	0.0000 0.0000 -1.0000 0.0000	</row0>
					<row1>	0.0000 1.0000 0.0000 0.0000	</row1>
					<row2>	1.0000 0.0000 0.0000 0.0000	</row2>
					<row3>	-0.9895 0.8039 2.9134 1.0000	</row3>
				</transform>
			</node>
			<node>
				<identifier>	MP_CM029_Emergency_Box_INDEX_11	</identifier>
				<transform>
					<row0>	0.0000 0.0000 1.0000 0.0000	</row0>
					<row1>	0.0000 1.0000 0.0000 0.0000	</row1>
					<row2>	-1.0000 0.0000 0.0000 0.0000	</row2>
					<row3>	0.9231 1.1640 2.4666 1.0000	</row3>
				</transform>
			</node>
			<node>
				<identifier>	MP_CM029_Emergency_Box_INDEX_12	</identifier>
				<transform>
					<row0>	0.0000 0.0000 -1.0000 0.0000	</row0>
					<row1>	0.0000 1.0000 0.0000 0.0000	</row1>
					<row2>	1.0000 0.0000 0.0000 0.0000	</row2>
					<row3>	0.7057 1.1836 3.5583 1.0000	</row3>
				</transform>
			</node>
			<node>
				<identifier>	MP_CM029_Emergency_Box_INDEX_2	</identifier>
				<transform>
					<row0>	0.0000 0.0000 1.0000 0.0000	</row0>
					<row1>	0.0000 1.0000 0.0000 0.0000	</row1>
					<row2>	-1.0000 0.0000 0.0000 0.0000	</row2>
					<row3>	0.9689 1.1835 3.3429 1.0000	</row3>
				</transform>
			</node>
			<node>
				<identifier>	MP_CM029_Emergency_Box_INDEX_3	</identifier>
				<transform>
					<row0>	0.0000 0.0000 -1.0000 0.0000	</row0>
					<row1>	0.0000 1.0000 0.0000 0.0000	</row1>
					<row2>	1.0000 0.0000 0.0000 0.0000	</row2>
					<row3>	-1.0077 0.8039 -0.3268 1.0000	</row3>
				</transform>
			</node>
			<node>
				<identifier>	MP_CM029_Emergency_Box_INDEX_4	</identifier>
				<transform>
					<row0>	0.0000 0.0000 -1.0000 0.0000	</row0>
					<row1>	0.0000 1.0000 0.0000 0.0000	</row1>
					<row2>	1.0000 0.0000 0.0000 0.0000	</row2>
					<row3>	0.5887 0.9373 -0.7332 1.0000	</row3>
				</transform>
			</node>
			<node>
				<identifier>	MP_CM029_Emergency_Box_INDEX_5	</identifier>
				<transform>
					<row0>	1.0000 0.0000 0.0000 0.0000	</row0>
					<row1>	0.0000 1.0000 0.0000 0.0000	</row1>
					<row2>	0.0000 0.0000 1.0000 0.0000	</row2>
					<row3>	0.7142 0.9903 -0.3504 1.0000	</row3>
				</transform>
			</node>
			<node>
				<identifier>	MP_CM029_Emergency_Box_INDEX_6	</identifier>
				<transform>
					<row0>	0.0000 0.0000 -1.0000 0.0000	</row0>
					<row1>	0.0000 1.0000 0.0000 0.0000	</row1>
					<row2>	1.0000 0.0000 0.0000 0.0000	</row2>
					<row3>	-1.0134 0.8550 0.9447 1.0000	</row3>
				</transform>
			</node>
			<node>
				<identifier>	MP_CM029_Emergency_Box_INDEX_7	</identifier>
				<transform>
					<row0>	-0.7050 0.0000 -0.7092 0.0000	</row0>
					<row1>	0.0000 1.0000 0.0000 0.0000	</row1>
					<row2>	0.7092 0.0000 -0.7050 0.0000	</row2>
					<row3>	0.9557 2.4487 2.1814 1.0000	</row3>
				</transform>
			</node>
			<node>
				<identifier>	MP_CM029_Emergency_Box_INDEX_8	</identifier>
				<transform>
					<row0>	-1.0000 0.0000 0.0000 0.0000	</row0>
					<row1>	0.0000 1.0000 0.0000 0.0000	</row1>
					<row2>	0.0000 0.0000 -1.0000 0.0000	</row2>
					<row3>	0.7419 1.0020 4.0349 1.0000	</row3>
				</transform>
			</node>
			<node>
				<identifier>	MP_CM029_Emergency_Box_INDEX_9	</identifier>
				<transform>
					<row0>	1.0000 0.0000 0.0000 0.0000	</row0>
					<row1>	0.0000 1.0000 0.0000 0.0000	</row1>
					<row2>	0.0000 0.0000 1.0000 0.0000	</row2>
					<row3>	0.6790 1.0633 0.1091 1.0000	</row3>
				</transform>
			</node>
			<node>
				<identifier>	MP_CM112_Fire_Extinguisher	</identifier>
				<transform>
					<row0>	0.8460 0.0000 -0.5332 0.0000	</row0>
					<row1>	0.0000 1.0000 0.0000 0.0000	</row1>
					<row2>	0.5332 0.0000 0.8460 0.0000	</row2>
					<row3>	0.9689 2.4093 2.1930 1.0000	</row3>
				</transform>
			</node>
			<node>
				<identifier>	MP_CM112_Fire_Extinguisher_INDEX_1	</identifier>
				<transform>
					<row0>	0.8399 0.0000 -0.5427 0.0000	</row0>
					<row1>	0.0000 1.0000 0.0000 0.0000	</row1>
					<row2>	0.5427 0.0000 0.8399 0.0000	</row2>
					<row3>	0.9565 2.4093 2.1806 1.0000	</row3>
				</transform>
			</node>
			<node>
				<identifier>	MP_CM117_Ladder_Cruiser_L	</identifier>
				<transform>
					<row0>	-0.9970 0.0000 0.0769 0.0000	</row0>
					<row1>	0.0000 1.0000 0.0000 0.0000	</row1>
					<row2>	-0.0769 0.0000 -0.9970 0.0000	</row2>
					<row3>	-0.7846 0.3994 3.8776 1.0000	</row3>
				</transform>
			</node>
			<node>
				<identifier>	MP_CM134_Helmet	</identifier>
				<transform>
					<row0>	0.4597 0.0000 -0.8881 0.0000	</row0>
					<row1>	-0.8881 0.0000 -0.4597 0.0000	</row1>
					<row2>	0.0000 1.0000 0.0000 0.0000	</row2>
					<row3>	0.9780 2.4369 2.3291 1.0000	</row3>
				</transform>
			</node>
			<node>
				<identifier>	MP_CM134_Helmet_INDEX_1	</identifier>
				<transform>
					<row0>	0.4597 0.0000 -0.8881 0.0000	</row0>
					<row1>	-0.8881 0.0000 -0.4597 0.0000	</row1>
					<row2>	0.0000 1.0000 0.0000 0.0000	</row2>
					<row3>	0.9780 2.4131 2.3291 1.0000	</row3>
				</transform>
			</node>
			<node>
				<identifier>	MP_CM134_Helmet_INDEX_2	</identifier>
				<transform>
					<row0>	0.4597 0.0000 -0.8881 0.0000	</row0>
					<row1>	-0.8881 0.0000 -0.4597 0.0000	</row1>
					<row2>	0.0000 1.0000 0.0000 0.0000	</row2>
					<row3>	0.9780 2.4588 2.3291 1.0000	</row3>
				</transform>
			</node>
			<node>
				<identifier>	MP_CM134_Helmet_INDEX_3	</identifier>
				<transform>
					<row0>	0.4597 0.0000 -0.8881 0.0000	</row0>
					<row1>	-0.8881 0.0000 -0.4597 0.0000	</row1>
					<row2>	0.0000 1.0000 0.0000 0.0000	</row2>
					<row3>	0.9858 2.4369 2.3138 1.0000	</row3>
				</transform>
			</node>
			<node>
				<identifier>	MP_CM134_Helmet_INDEX_4	</identifier>
				<transform>
					<row0>	0.4597 0.0000 -0.8881 0.0000	</row0>
					<row1>	-0.8881 0.0000 -0.4597 0.0000	</row1>
					<row2>	0.0000 1.0000 0.0000 0.0000	</row2>
					<row3>	0.9858 2.4131 2.3138 1.0000	</row3>
				</transform>
			</node>
			<node>
				<identifier>	MP_CM134_Helmet_INDEX_5	</identifier>
				<transform>
					<row0>	0.4597 0.0000 -0.8881 0.0000	</row0>
					<row1>	-0.8881 0.0000 -0.4597 0.0000	</row1>
					<row2>	0.0000 1.0000 0.0000 0.0000	</row2>
					<row3>	0.9858 2.4588 2.3138 1.0000	</row3>
				</transform>
			</node>
			<node>
				<identifier>	MP_GM002_Fog_Horn	</identifier>
				<transform>
					<row0>	1.0000 0.0000 0.0000 0.0000	</row0>
					<row1>	0.0000 1.0000 0.0000 0.0000	</row1>
					<row2>	0.0000 0.0000 1.0000 0.0000	</row2>
					<row3>	0.8525 1.5515 3.9959 1.0000	</row3>
				</transform>
			</node>
			<node>
				<identifier>	MP_GM003_Reels_1	</identifier>
				<transform>
					<row0>	0.0000 0.0000 1.0000 0.0000	</row0>
					<row1>	-1.0000 0.0000 0.0000 0.0000	</row1>
					<row2>	0.0000 -1.0000 0.0000 0.0000	</row2>
					<row3>	-0.5749 0.4766 3.9804 1.0000	</row3>
				</transform>
			</node>
			<node>
				<identifier>	MP_GM006_Reels_4	</identifier>
				<transform>
					<row0>	0.5000 0.0000 0.0000 0.0000	</row0>
					<row1>	0.0000 0.5000 0.0000 0.0000	</row1>
					<row2>	0.0000 0.0000 0.5000 0.0000	</row2>
					<row3>	0.5655 0.9045 0.3338 1.0000	</row3>
				</transform>
			</node>
			<node>
				<identifier>	MP_GM006_Reels_4_INDEX_1	</identifier>
				<transform>
					<row0>	0.5000 0.0000 0.0000 0.0000	</row0>
					<row1>	0.0000 0.5000 0.0000 0.0000	</row1>
					<row2>	0.0000 0.0000 0.5000 0.0000	</row2>
					<row3>	0.5681 0.9045 2.4025 1.0000	</row3>
				</transform>
			</node>
			<node>
				<identifier>	MP_GM006_Reels_4_INDEX_2	</identifier>
				<transform>
					<row0>	0.0000 0.0000 0.5000 0.0000	</row0>
					<row1>	0.0000 0.5000 0.0000 0.0000	</row1>
					<row2>	-0.5000 0.0000 0.0000 0.0000	</row2>
					<row3>	0.7736 0.9045 0.9072 1.0000	</row3>
				</transform>
			</node>
			<node>
				<identifier>	MP_GM010_Binocular	</identifier>
				<transform>
					<row0>	-0.8660 0.0000 -0.5000 0.0000	</row0>
					<row1>	0.0000 1.0000 0.0000 0.0000	</row1>
					<row2>	0.5000 0.0000 -0.8660 0.0000	</row2>
					<row3>	0.8226 2.3646 2.0815 1.0000	</row3>
				</transform>
			</node>
			<node>
				<identifier>	MP_GM010_Binocular_INDEX_1	</identifier>
				<transform>
					<row0>	-0.8660 0.0000 0.5000 0.0000	</row0>
					<row1>	0.0000 1.0000 0.0000 0.0000	</row1>
					<row2>	-0.5000 0.0000 -0.8660 0.0000	</row2>
					<row3>	0.8171 2.3646 2.4259 1.0000	</row3>
				</transform>
			</node>
			<node>
				<identifier>	MP_GM010_Binocular_INDEX_10	</identifier>
				<transform>
					<row0>	1.0000 0.0000 0.0000 0.0000	</row0>
					<row1>	0.0000 1.0000 0.0000 0.0000	</row1>
					<row2>	0.0000 0.0000 1.0000 0.0000	</row2>
					<row3>	1.0599 1.0927 3.6133 1.0000	</row3>
				</transform>
			</node>
			<node>
				<identifier>	MP_GM010_Binocular_INDEX_2	</identifier>
				<transform>
					<row0>	-1.0000 0.0000 0.0000 0.0000	</row0>
					<row1>	0.0000 1.0000 0.0000 0.0000	</row1>
					<row2>	0.0000 0.0000 -1.0000 0.0000	</row2>
					<row3>	0.6298 1.0927 3.4131 1.0000	</row3>
				</transform>
			</node>
			<node>
				<identifier>	MP_GM010_Binocular_INDEX_3	</identifier>
				<transform>
					<row0>	1.0000 0.0000 0.0000 0.0000	</row0>
					<row1>	0.0000 1.0000 0.0000 0.0000	</row1>
					<row2>	0.0000 0.0000 1.0000 0.0000	</row2>
					<row3>	1.0599 1.0927 3.8091 1.0000	</row3>
				</transform>
			</node>
			<node>
				<identifier>	MP_GM010_Binocular_INDEX_4	</identifier>
				<transform>
					<row0>	0.0000 0.0000 1.0000 0.0000	</row0>
					<row1>	0.0000 1.0000 0.0000 0.0000	</row1>
					<row2>	-1.0000 0.0000 0.0000 0.0000	</row2>
					<row3>	0.8706 2.3646 2.4625 1.0000	</row3>
				</transform>
			</node>
			<node>
				<identifier>	MP_GM010_Binocular_INDEX_5	</identifier>
				<transform>
					<row0>	1.0000 0.0000 0.0000 0.0000	</row0>
					<row1>	0.0000 1.0000 0.0000 0.0000	</row1>
					<row2>	0.0000 0.0000 1.0000 0.0000	</row2>
					<row3>	1.0599 1.0927 3.4131 1.0000	</row3>
				</transform>
			</node>
			<node>
				<identifier>	MP_GM010_Binocular_INDEX_6	</identifier>
				<transform>
					<row0>	0.8702 0.0000 0.4927 0.0000	</row0>
					<row1>	0.0000 1.0000 0.0000 0.0000	</row1>
					<row2>	-0.4927 0.0000 0.8702 0.0000	</row2>
					<row3>	0.9229 2.3646 2.4259 1.0000	</row3>
				</transform>
			</node>
			<node>
				<identifier>	MP_GM010_Binocular_INDEX_7	</identifier>
				<transform>
					<row0>	-1.0000 0.0000 0.0000 0.0000	</row0>
					<row1>	0.0000 1.0000 0.0000 0.0000	</row1>
					<row2>	0.0000 0.0000 -1.0000 0.0000	</row2>
					<row3>	0.6298 1.0927 3.6133 1.0000	</row3>
				</transform>
			</node>
			<node>
				<identifier>	MP_GM010_Binocular_INDEX_8	</identifier>
				<transform>
					<row0>	-1.0000 0.0000 0.0000 0.0000	</row0>
					<row1>	0.0000 1.0000 0.0000 0.0000	</row1>
					<row2>	0.0000 0.0000 -1.0000 0.0000	</row2>
					<row3>	0.6298 1.0927 3.8091 1.0000	</row3>
				</transform>
			</node>
			<node>
				<identifier>	MP_GM010_Binocular_INDEX_9	</identifier>
				<transform>
					<row0>	0.8660 0.0000 -0.5000 0.0000	</row0>
					<row1>	0.0000 1.0000 0.0000 0.0000	</row1>
					<row2>	0.5000 0.0000 0.8660 0.0000	</row2>
					<row3>	0.9182 2.3646 2.0815 1.0000	</row3>
				</transform>
			</node>
			<node>
				<identifier>	MP_GM011_Pelorus	</identifier>
				<transform>
					<row0>	0.0000 0.0000 1.0000 0.0000	</row0>
					<row1>	0.0000 1.0000 0.0000 0.0000	</row1>
					<row2>	-1.0000 0.0000 0.0000 0.0000	</row2>
					<row3>	0.6251 1.1007 4.0032 1.0000	</row3>
				</transform>
			</node>
			<node>
				<identifier>	MP_GM011_Pelorus_INDEX_1	</identifier>
				<transform>
					<row0>	0.0000 0.0000 1.0000 0.0000	</row0>
					<row1>	0.0000 1.0000 0.0000 0.0000	</row1>
					<row2>	-1.0000 0.0000 0.0000 0.0000	</row2>
					<row3>	1.0308 1.1007 4.0032 1.0000	</row3>
				</transform>
			</node>
			<node>
				<identifier>	MP_GM013_Siren	</identifier>
				<transform>
					<row0>	0.7034 0.0000 0.7108 0.0000	</row0>
					<row1>	0.0000 1.0000 0.0000 0.0000	</row1>
					<row2>	-0.7108 0.0000 0.7034 0.0000	</row2>
					<row3>	0.7447 1.2121 2.0178 1.0000	</row3>
				</transform>
			</node>
			<node>
				<identifier>	MP_GM013_Siren_INDEX_1	</identifier>
				<transform>
					<row0>	0.0034 0.0000 1.0000 0.0000	</row0>
					<row1>	0.0136 0.9999 0.0000 0.0000	</row1>
					<row2>	-0.9999 0.0136 0.0034 0.0000	</row2>
					<row3>	-1.0253 0.8935 0.1242 1.0000	</row3>
				</transform>
			</node>
			<node>
				<identifier>	MP_GM013_Siren_INDEX_2	</identifier>
				<transform>
					<row0>	1.0000 0.0000 0.0000 0.0000	</row0>
					<row1>	0.0000 1.0000 0.0000 0.0000	</row1>
					<row2>	0.0000 0.0000 1.0000 0.0000	</row2>
					<row3>	0.8215 1.2307 3.9471 1.0000	</row3>
				</transform>
			</node>
			<node>
				<identifier>	MP_GM013_Siren_INDEX_3	</identifier>
				<transform>
					<row0>	0.0384 0.0000 0.9993 0.0000	</row0>
					<row1>	0.0136 0.9999 -0.0005 0.0000	</row1>
					<row2>	-0.9992 0.0136 0.0384 0.0000	</row2>
					<row3>	-1.0099 0.8934 2.6298 1.0000	</row3>
				</transform>
			</node>
			<node>
				<identifier>	MP_GM013_Siren_INDEX_4	</identifier>
				<transform>
					<row0>	0.0000 0.0000 -1.0000 0.0000	</row0>
					<row1>	0.0000 1.0000 0.0000 0.0000	</row1>
					<row2>	1.0000 0.0000 0.0000 0.0000	</row2>
					<row3>	0.8706 1.2351 1.5765 1.0000	</row3>
				</transform>
			</node>
			<node>
				<identifier>	MP_GM013_Siren_INDEX_5	</identifier>
				<transform>
					<row0>	-1.0000 0.0000 0.0000 0.0000	</row0>
					<row1>	0.0000 1.0000 0.0000 0.0000	</row1>
					<row2>	0.0000 0.0000 -1.0000 0.0000	</row2>
					<row3>	0.7919 1.2025 0.5611 1.0000	</row3>
				</transform>
			</node>
			<node>
				<identifier>	MP_GM013_Siren_INDEX_6	</identifier>
				<transform>
					<row0>	0.0384 0.0000 0.9993 0.0000	</row0>
					<row1>	0.0136 0.9999 -0.0005 0.0000	</row1>
					<row2>	-0.9992 0.0136 0.0384 0.0000	</row2>
					<row3>	-0.9539 0.8933 3.9758 1.0000	</row3>
				</transform>
			</node>
			<node>
				<identifier>	MP_GM025_Cooling_tube	</identifier>
				<transform>
					<row0>	0.0000 -0.8814 -0.4724 0.0000	</row0>
					<row1>	0.0000 0.4724 -0.8814 0.0000	</row1>
					<row2>	1.0000 0.0000 0.0000 0.0000	</row2>
					<row3>	0.9826 0.7553 0.7783 1.0000	</row3>
				</transform>
			</node>
			<node>
				<identifier>	MP_GM025_Cooling_tube_INDEX_1	</identifier>
				<transform>
