<HSC019_Van_Speijk_1944_Stern_ports.visual>
	<node>
		<identifier>	Scene Root	</identifier>
		<transform>
			<row0>	1.0000 0.0000 0.0000 0.0000	</row0>
			<row1>	0.0000 1.0000 0.0000 0.0000	</row1>
			<row2>	0.0000 0.0000 1.0000 0.0000	</row2>
			<row3>	0.0000 0.0000 0.0000 1.0000	</row3>
		</transform>
		<node>
			<identifier>	Stern_ports	</identifier>
			<transform>
				<row0>	1.0000 0.0000 0.0000 0.0000	</row0>
				<row1>	0.0000 1.0000 0.0000 0.0000	</row1>
				<row2>	0.0000 0.0000 1.0000 0.0000	</row2>
				<row3>	0.0000 0.0000 0.0000 1.0000	</row3>
			</transform>
			<node>
				<identifier>	HP_FX_Fire_4	</identifier>
				<transform>
					<row0>	1.0000 0.0000 0.0000 0.0000	</row0>
					<row1>	0.0000 1.0000 0.0000 0.0000	</row1>
					<row2>	0.0000 0.0000 1.0000 0.0000	</row2>
					<row3>	0.0000 0.3814 -5.5289 1.0000	</row3>
				</transform>
			</node>
			<node>
				<identifier>	HP_FX_Flood_water_left_2	</identifier>
				<transform>
					<row0>	-0.9711 0.0000 -0.2388 0.0000	</row0>
					<row1>	0.0000 1.0000 0.0000 0.0000	</row1>
					<row2>	0.2388 0.0000 -0.9711 0.0000	</row2>
					<row3>	-0.3247 0.0497 -6.1698 1.0000	</row3>
				</transform>
			</node>
			<node>
				<identifier>	HP_FX_Flood_water_right_2	</identifier>
				<transform>
					<row0>	0.9736 0.0000 -0.2284 0.0000	</row0>
					<row1>	0.0000 1.0000 0.0000 0.0000	</row1>
					<row2>	0.2284 0.0000 0.9736 0.0000	</row2>
					<row3>	0.3245 0.0489 -6.1700 1.0000	</row3>
				</transform>
			</node>
			<node>
				<identifier>	HP_FX_WakeTraceBack	</identifier>
				<transform>
					<row0>	1.0000 0.0000 0.0000 0.0000	</row0>
					<row1>	0.0000 1.0000 0.0000 0.0000	</row1>
					<row2>	0.0000 0.0000 1.0000 0.0000	</row2>
					<row3>	0.0000 0.0000 -7.0120 1.0000	</row3>
				</transform>
			</node>
			<node>
				<identifier>	HP_FX_WakeTrace_screw_1	</identifier>
				<transform>
					<row0>	1.0000 0.0000 0.0000 0.0000	</row0>
					<row1>	0.0000 1.0000 0.0000 0.0000	</row1>
					<row2>	0.0000 0.0000 1.0000 0.0000	</row2>
					<row3>	-0.4259 -0.2771 -5.3934 1.0000	</row3>
				</transform>
			</node>
			<node>
				<identifier>	HP_FX_WakeTrace_screw_2	</identifier>
				<transform>
					<row0>	1.0000 0.0000 0.0000 0.0000	</row0>
					<row1>	0.0000 1.0000 0.0000 0.0000	</row1>
					<row2>	0.0000 0.0000 1.0000 0.0000	</row2>
					<row3>	-0.1975 -0.3030 -5.9618 1.0000	</row3>
				</transform>
			</node>
			<node>
				<identifier>	HP_FX_WakeTrace_screw_3	</identifier>
				<transform>
					<row0>	1.0000 0.0000 0.0000 0.0000	</row0>
					<row1>	0.0000 1.0000 0.0000 0.0000	</row1>
					<row2>	0.0000 0.0000 1.0000 0.0000	</row2>
					<row3>	0.1975 -0.3031 -5.9618 1.0000	</row3>
				</transform>
			</node>
			<node>
				<identifier>	HP_FX_WakeTrace_screw_4	</identifier>
				<transform>
					<row0>	1.0000 0.0000 0.0000 0.0000	</row0>
					<row1>	0.0000 1.0000 0.0000 0.0000	</row1>
					<row2>	0.0000 0.0000 1.0000 0.0000	</row2>
					<row3>	0.4259 -0.2771 -5.3934 1.0000	</row3>
				</transform>
			</node>
			<node>
				<identifier>	HP_HGA_35	</identifier>
				<transform>
					<row0>	-0.7660 0.0000 0.6428 0.0000	</row0>
					<row1>	0.0000 1.0000 0.0000 0.0000	</row1>
					<row2>	-0.6428 0.0000 -0.7660 0.0000	</row2>
					<row3>	-0.3339 0.3813 -4.8903 1.0000	</row3>
				</transform>
			</node>
			<node>
				<identifier>	HP_HGA_36	</identifier>
				<transform>
					<row0>	-0.7660 0.0000 -0.6428 0.0000	</row0>
					<row1>	0.0000 1.0000 0.0000 0.0000	</row1>
					<row2>	0.6428 0.0000 -0.7660 0.0000	</row2>
					<row3>	0.3339 0.3813 -4.8903 1.0000	</row3>
				</transform>
			</node>
			<node>
				<identifier>	HP_HGA_37	</identifier>
				<transform>
					<row0>	-1.0000 0.0000 0.0000 0.0000	</row0>
					<row1>	0.0000 1.0000 0.0000 0.0000	</row1>
					<row2>	0.0000 0.0000 -1.0000 0.0000	</row2>
					<row3>	-0.1820 0.3855 -5.5353 1.0000	</row3>
				</transform>
			</node>
			<node>
				<identifier>	HP_HGA_38	</identifier>
				<transform>
					<row0>	-1.0000 0.0000 0.0000 0.0000	</row0>
					<row1>	0.0000 1.0000 0.0000 0.0000	</row1>
					<row2>	0.0000 0.0000 -1.0000 0.0000	</row2>
					<row3>	0.1820 0.3855 -5.5353 1.0000	</row3>
				</transform>
			</node>
			<node>
				<identifier>	HP_HGB_3	</identifier>
				<transform>
					<row0>	-0.2419 0.0000 0.9703 0.0000	</row0>
					<row1>	0.0000 1.0000 0.0000 0.0000	</row1>
					<row2>	-0.9703 0.0000 -0.2419 0.0000	</row2>
					<row3>	-0.2323 0.3828 -5.9467 1.0000	</row3>
				</transform>
			</node>
			<node>
				<identifier>	HP_HGB_4	</identifier>
				<transform>
					<row0>	-0.2419 0.0000 -0.9703 0.0000	</row0>
					<row1>	0.0000 1.0000 0.0000 0.0000	</row1>
					<row2>	0.9703 0.0000 -0.2419 0.0000	</row2>
					<row3>	0.2323 0.3828 -5.9467 1.0000	</row3>
				</transform>
			</node>
			<node>
				<identifier>	HP_Ship_death_3	</identifier>
				<transform>
					<row0>	1.0000 0.0000 0.0000 0.0000	</row0>
					<row1>	0.0000 1.0000 0.0000 0.0000	</row1>
					<row2>	0.0000 0.0000 1.0000 0.0000	</row2>
					<row3>	0.0000 0.0000 -4.6690 1.0000	</row3>
				</transform>
			</node>
			<node>
				<identifier>	MP_CM011_Fire_Fighting_Gear	</identifier>
				<transform>
					<row0>	0.0000 0.0000 -1.0000 0.0000	</row0>
					<row1>	0.0000 1.0000 0.0000 0.0000	</row1>
					<row2>	1.0000 0.0000 0.0000 0.0000	</row2>
					<row3>	0.0374 0.3914 -6.7123 1.0000	</row3>
				</transform>
			</node>
			<node>
				<identifier>	MP_CM011_Fire_Fighting_Gear_INDEX_1	</identifier>
				<transform>
					<row0>	0.0000 0.0000 1.0000 0.0000	</row0>
					<row1>	0.0000 1.0000 0.0000 0.0000	</row1>
					<row2>	-1.0000 0.0000 0.0000 0.0000	</row2>
					<row3>	0.0084 0.3942 -5.0717 1.0000	</row3>
				</transform>
			</node>
			<node>
				<identifier>	MP_CM161_Propeller_4_8m_BB_R	</identifier>
				<transform>
					<row0>	0.8872 -0.3670 0.0090 0.0000	</row0>
					<row1>	0.3672 0.8870 -0.0217 0.0000	</row1>
					<row2>	0.0000 0.0235 0.9599 0.0000	</row2>
					<row3>	0.4259 -0.2771 -5.3934 1.0000	</row3>
				</transform>
			</node>
			<node>
				<identifier>	MP_CM161_Propeller_4_8m_BB_R_INDEX_1	</identifier>
				<transform>
					<row0>	0.8872 -0.3670 0.0090 0.0000	</row0>
					<row1>	0.3672 0.8870 -0.0217 0.0000	</row1>
					<row2>	0.0000 0.0235 0.9599 0.0000	</row2>
					<row3>	0.1975 -0.3031 -5.9618 1.0000	</row3>
				</transform>
			</node>
			<node>
				<identifier>	MP_CM162_Propeller_4_8m_BB_L	</identifier>
				<transform>
					<row0>	0.8854 0.3663 -0.0090 0.0000	</row0>
					<row1>	-0.3664 0.8851 -0.0216 0.0000	</row1>
					<row2>	0.0000 0.0234 0.9579 0.0000	</row2>
					<row3>	-0.4259 -0.2771 -5.3934 1.0000	</row3>
				</transform>
			</node>
			<node>
				<identifier>	MP_CM162_Propeller_4_8m_BB_L_INDEX_1	</identifier>
				<transform>
					<row0>	0.8854 0.3663 -0.0090 0.0000	</row0>
					<row1>	-0.3664 0.8851 -0.0216 0.0000	</row1>
					<row2>	0.0000 0.0234 0.9579 0.0000	</row2>
					<row3>	-0.1975 -0.3030 -5.9618 1.0000	</row3>
				</transform>
			</node>
			<node>
				<identifier>	MP_HM001_Anchor_down	</identifier>
				<transform>
					<row0>	1.0493 0.1908 -0.2692 0.0000	</row0>
					<row1>	-0.0699 1.0056 0.4404 0.0000	</row1>
					<row2>	0.3225 -0.4030 0.9714 0.0000	</row2>
					<row3>	0.1987 0.2191 -6.6803 1.0000	</row3>
				</transform>
			</node>
			<node>
				<identifier>	MP_HM002_Anchor_up	</identifier>
				<transform>
					<row0>	0.8725 0.6697 -0.0118 0.0000	</row0>
					<row1>	-0.5871 0.7740 0.5160 0.0000	</row1>
					<row2>	0.3225 -0.4030 0.9714 0.0000	</row2>
					<row3>	0.1987 0.2193 -6.6803 1.0000	</row3>
				</transform>
			</node>
			<node>
				<identifier>	MP_HM021_Rope_dryer	</identifier>
				<transform>
					<row0>	0.9999 -0.0146 0.0015 0.0000	</row0>
					<row1>	0.0146 0.9998 -0.0116 0.0000	</row1>
					<row2>	-0.0013 0.0116 0.9999 0.0000	</row2>
					<row3>	0.0748 0.3874 -5.2608 1.0000	</row3>
				</transform>
			</node>
			<node>
				<identifier>	MP_HM620_Depth_Charge_Stowage	</identifier>
				<transform>
					<row0>	0.9703 0.0000 -0.2419 0.0000	</row0>
					<row1>	0.0000 1.0000 0.0000 0.0000	</row1>
					<row2>	0.2419 0.0000 0.9703 0.0000	</row2>
					<row3>	0.2773 0.3819 -5.8933 1.0000	</row3>
				</transform>
			</node>
			<node>
				<identifier>	MP_HM620_Depth_Charge_Stowage_INDEX_1	</identifier>
				<transform>
					<row0>	-0.9703 0.0000 0.2419 0.0000	</row0>
					<row1>	0.0000 1.0000 0.0000 0.0000	</row1>
					<row2>	-0.2419 0.0000 -0.9703 0.0000	</row2>
					<row3>	0.2469 0.3819 -6.0149 1.0000	</row3>
				</transform>
			</node>
			<node>
				<identifier>	MP_HM620_Depth_Charge_Stowage_INDEX_2	</identifier>
				<transform>
					<row0>	0.9703 0.0000 0.2419 0.0000	</row0>
					<row1>	0.0000 1.0000 0.0000 0.0000	</row1>
					<row2>	-0.2419 0.0000 0.9703 0.0000	</row2>
					<row3>	-0.2773 0.3819 -5.8933 1.0000	</row3>
				</transform>
			</node>
			<node>
				<identifier>	MP_HM620_Depth_Charge_Stowage_INDEX_3	</identifier>
				<transform>
					<row0>	-0.9703 0.0000 -0.2419 0.0000	</row0>
					<row1>	0.0000 1.0000 0.0000 0.0000	</row1>
					<row2>	0.2419 0.0000 -0.9703 0.0000	</row2>
					<row3>	-0.2469 0.3819 -6.0149 1.0000	</row3>
				</transform>
			</node>
			<node>
				<identifier>	MP_HM621_Depth_Charge	</identifier>
				<transform>
					<row0>	0.9703 0.0000 -0.2419 0.0000	</row0>
					<row1>	-0.2419 0.0000 -0.9703 0.0000	</row1>
					<row2>	0.0000 1.0000 0.0000 0.0000	</row2>
					<row3>	0.2828 0.4137 -5.8709 1.0000	</row3>
				</transform>
			</node>
			<node>
				<identifier>	MP_HM621_Depth_Charge_INDEX_1	</identifier>
				<transform>
					<row0>	-0.9703 0.0000 0.2419 0.0000	</row0>
					<row1>	0.2419 0.0000 0.9703 0.0000	</row1>
					<row2>	0.0000 1.0000 0.0000 0.0000	</row2>
					<row3>	0.2414 0.4137 -6.0373 1.0000	</row3>
				</transform>
			</node>
			<node>
				<identifier>	MP_HM621_Depth_Charge_INDEX_2	</identifier>
				<transform>
					<row0>	0.9703 0.0000 0.2419 0.0000	</row0>
					<row1>	0.2419 0.0000 -0.9703 0.0000	</row1>
					<row2>	0.0000 1.0000 0.0000 0.0000	</row2>
					<row3>	-0.2828 0.4137 -5.8709 1.0000	</row3>
				</transform>
			</node>
			<node>
				<identifier>	MP_HM621_Depth_Charge_INDEX_3	</identifier>
				<transform>
					<row0>	-0.9703 0.0000 -0.2419 0.0000	</row0>
					<row1>	-0.2419 0.0000 0.9703 0.0000	</row1>
					<row2>	0.0000 1.0000 0.0000 0.0000	</row2>
					<row3>	-0.2414 0.4137 -6.0373 1.0000	</row3>
				</transform>
			</node>
			<node>
				<identifier>	MP_HM751_Hatch	</identifier>
				<transform>
					<row0>	0.8500 0.0000 0.0000 0.0000	</row0>
					<row1>	0.0000 0.8500 0.0000 0.0000	</row1>
					<row2>	0.0000 0.0000 0.8500 0.0000	</row2>
					<row3>	0.0395 0.3874 -6.7585 1.0000	</row3>
				</transform>
			</node>
			<node>
				<identifier>	MP_HM960_Reel	</identifier>
				<transform>
					<row0>	0.9998 0.0197 0.0000 0.0000	</row0>
					<row1>	-0.0197 0.9998 -0.0074 0.0000	</row1>
					<row2>	0.0000 0.0074 1.0000 0.0000	</row2>
					<row3>	-0.0748 0.3875 -4.7453 1.0000	</row3>
				</transform>
			</node>
			<node>
				<identifier>	MP_HM960_Reel_INDEX_1	</identifier>
				<transform>
					<row0>	0.9998 -0.0197 0.0000 0.0000	</row0>
					<row1>	0.0197 0.9998 -0.0074 0.0000	</row1>
					<row2>	0.0000 0.0074 1.0000 0.0000	</row2>
					<row3>	0.0748 0.3875 -4.7453 1.0000	</row3>
				</transform>
			</node>
			<node>
				<identifier>	MP_HM968_Capstan_Gray	</identifier>
				<transform>
					<row0>	1.0000 0.0000 0.0000 0.0000	</row0>
					<row1>	0.0000 1.0000 0.0000 0.0000	</row1>
					<row2>	0.0000 0.0000 1.0000 0.0000	</row2>
					<row3>	0.0015 0.3977 -5.8109 1.0000	</row3>
				</transform>
			</node>
			<node>
				<identifier>	SP_YMS011_YHWL_M_1_INDEX_13	</identifier>
				<transform>
					<row0>	0.9247 0.2823 0.1599 0.0000	</row0>
					<row1>	-0.2784 0.9385 -0.0471 0.0000	</row1>
					<row2>	-0.1667 -0.0009 0.9657 0.0000	</row2>
					<row3>	-0.5198 0.0000 -5.1609 1.0000	</row3>
				</transform>
			</node>
			<node>
				<identifier>	SP_YMS011_YHWL_M_1_INDEX_14	</identifier>
				<transform>
					<row0>	0.9075 0.3121 0.1988 0.0000	</row0>
					<row1>	-0.3051 0.9290 -0.0658 0.0000	</row1>
					<row2>	-0.2094 -0.0009 0.9574 0.0000	</row2>
					<row3>	-0.3583 0.0000 -5.9773 1.0000	</row3>
				</transform>
			</node>
			<node>
				<identifier>	SP_YMS012_YHWR_M_1_INDEX_13	</identifier>
				<transform>
					<row0>	0.9247 -0.2823 -0.1599 0.0000	</row0>
					<row1>	0.2784 0.9385 -0.0471 0.0000	</row1>
					<row2>	0.1667 -0.0009 0.9657 0.0000	</row2>
					<row3>	0.5198 0.0000 -5.1609 1.0000	</row3>
				</transform>
			</node>
			<node>
				<identifier>	SP_YMS012_YHWR_M_1_INDEX_14	</identifier>
				<transform>
					<row0>	0.9075 -0.3121 -0.1988 0.0000	</row0>
					<row1>	0.3051 0.9290 -0.0658 0.0000	</row1>
					<row2>	0.2094 -0.0009 0.9574 0.0000	</row2>
					<row3>	0.3583 0.0000 -5.9773 1.0000	</row3>
				</transform>
			</node>
			<node>
				<identifier>	SP_YMS023_YHUC_L_1	</identifier>
				<transform>
					<row0>	0.6715 0.2778 -0.0068 0.0000	</row0>
					<row1>	-0.2779 0.6713 -0.0164 0.0000	</row1>
					<row2>	0.0000 0.0178 0.7265 0.0000	</row2>
					<row3>	-0.4259 -0.2771 -5.3556 1.0000	</row3>
				</transform>
			</node>
			<node>
				<identifier>	SP_YMS023_YHUC_L_1_INDEX_1	</identifier>
				<transform>
					<row0>	0.6715 -0.2778 0.0068 0.0000	</row0>
					<row1>	0.2779 0.6713 -0.0164 0.0000	</row1>
					<row2>	0.0000 0.0178 0.7265 0.0000	</row2>
					<row3>	0.4259 -0.2771 -5.3556 1.0000	</row3>
				</transform>
			</node>
			<node>
				<identifier>	SP_YMS023_YHUC_L_1_INDEX_2	</identifier>
				<transform>
					<row0>	0.5645 0.2335 -0.0057 0.0000	</row0>
					<row1>	-0.2336 0.5643 -0.0138 0.0000	</row1>
					<row2>	0.0000 0.0149 0.6107 0.0000	</row2>
					<row3>	-0.1975 -0.3030 -5.8978 1.0000	</row3>
				</transform>
			</node>
			<node>
				<identifier>	SP_YMS023_YHUC_L_1_INDEX_3	</identifier>
				<transform>
					<row0>	0.5645 -0.2335 0.0057 0.0000	</row0>
					<row1>	0.2336 0.5643 -0.0138 0.0000	</row1>
					<row2>	0.0000 0.0149 0.6107 0.0000	</row2>
					<row3>	0.1975 -0.3030 -5.8978 1.0000	</row3>
				</transform>
			</node>
			<node>
				<identifier>	SP_YMS030_YHAM_M_1	</identifier>
				<transform>
					<row0>	0.8259 0.0000 0.0000 0.0000	</row0>
					<row1>	0.0000 0.8259 0.0000 0.0000	</row1>
					<row2>	0.0000 0.0000 0.8259 0.0000	</row2>
					<row3>	0.0000 0.2075 -7.0215 1.0000	</row3>
				</transform>
			</node>
			<node>
				<identifier>	SP_YMS031_YHAL_M_1	</identifier>
				<transform>
					<row0>	0.9664 0.0000 0.2569 0.0000	</row0>
					<row1>	0.0000 1.0000 0.0000 0.0000	</row1>
					<row2>	-0.2569 0.0000 0.9664 0.0000	</row2>
					<row3>	-0.3351 0.2561 -6.3258 1.0000	</row3>
				</transform>
			</node>
			<node>
				<identifier>	SP_YMS032_YHAR_M_1	</identifier>
				<transform>
					<row0>	0.9664 0.0000 -0.2569 0.0000	</row0>
					<row1>	0.0000 1.0000 0.0000 0.0000	</row1>
					<row2>	0.2569 0.0000 0.9664 0.0000	</row2>
					<row3>	0.3350 0.2561 -6.3258 1.0000	</row3>
				</transform>
			</node>
			<node>
				<identifier>	SP_YMS051_YHDL_L_1	</identifier>
				<transform>
					<row0>	0.9859 0.0000 0.1674 0.0000	</row0>
					<row1>	0.0000 1.0000 0.0000 0.0000	</row1>
					<row2>	-0.1674 0.0000 0.9859 0.0000	</row2>
					<row3>	-0.5458 0.3747 -5.1443 1.0000	</row3>
				</transform>
			</node>
			<node>
				<identifier>	SP_YMS052_YHDR_L_1_INDEX_1	</identifier>
				<transform>
					<row0>	0.9859 0.0000 -0.1674 0.0000	</row0>
					<row1>	0.0000 1.0000 0.0000 0.0000	</row1>
					<row2>	0.1674 0.0000 0.9859 0.0000	</row2>
					<row3>	0.5458 0.3747 -5.1443 1.0000	</row3>
				</transform>
			</node>
			<node>
				<identifier>	SP_YMS053_YHDC_S_1_INDEX_11	</identifier>
				<transform>
					<row0>	0.0000 0.0000 1.0000 0.0000	</row0>
					<row1>	-0.0176 0.9998 0.0000 0.0000	</row1>
					<row2>	-0.9998 -0.0176 0.0000 0.0000	</row2>
					<row3>	-0.1160 0.4034 -5.2737 1.0000	</row3>
				</transform>
			</node>
			<node>
				<identifier>	SP_YMS072_YHHC_M_1_INDEX_2	</identifier>
				<transform>
					<row0>	0.1938 0.0002 -0.8990 0.0000	</row0>
					<row1>	-0.0006 0.9197 0.0000 0.0000	</row1>
					<row2>	0.8990 0.0006 0.1938 0.0000	</row2>
					<row3>	-0.4263 0.2589 -5.7658 1.0000	</row3>
				</transform>
			</node>
			<node>
				<identifier>	SP_YMS072_YHHC_M_1_INDEX_3	</identifier>
				<transform>
					<row0>	0.1938 -0.0002 0.8990 0.0000	</row0>
					<row1>	0.0006 0.9197 0.0000 0.0000	</row1>
					<row2>	-0.8990 0.0006 0.1938 0.0000	</row2>
					<row3>	0.4263 0.2589 -5.7658 1.0000	</row3>
				</transform>
			</node>
		</node>
	</node>
	<boundingBox>
		<min>	-0.0667 -0.0667 -0.0667	</min>
		<max>	0.0667 0.0667 0.0667	</max>
	</boundingBox>
</HSC019_Van_Speijk_1944_Stern_ports.visual>
