<SGA015_37mm_Breda_barrels_4.visual>
	<node>
		<identifier>	Scene Root	</identifier>
		<transform>
			<row0>	1.0000 0.0000 0.0000 0.0000	</row0>
			<row1>	0.0000 1.0000 0.0000 0.0000	</row1>
			<row2>	0.0000 0.0000 1.0000 0.0000	</row2>
			<row3>	0.0000 0.0000 0.0000 1.0000	</row3>
		</transform>
		<node>
			<identifier>	Turret	</identifier>
			<transform>
				<row0>	1.0000 0.0000 0.0000 0.0000	</row0>
				<row1>	0.0000 1.0000 0.0000 0.0000	</row1>
				<row2>	0.0000 0.0000 1.0000 0.0000	</row2>
				<row3>	0.0000 0.0000 0.0000 1.0000	</row3>
			</transform>
			<node>
				<identifier>	HP_gunFire1	</identifier>
				<transform>
					<row0>	1.0000 0.0000 0.0000 0.0000	</row0>
					<row1>	0.0000 0.8660 -0.5000 0.0000	</row1>
					<row2>	0.0000 0.5000 0.8660 0.0000	</row2>
					<row3>	0.0675 0.1449 0.1994 1.0000	</row3>
				</transform>
			</node>
			<node>
				<identifier>	HP_gunFire2	</identifier>
				<transform>
					<row0>	1.0000 0.0000 0.0000 0.0000	</row0>
					<row1>	0.0000 0.8660 -0.5000 0.0000	</row1>
					<row2>	0.0000 0.5000 0.8660 0.0000	</row2>
					<row3>	0.0392 0.1449 0.1994 1.0000	</row3>
				</transform>
			</node>
			<node>
				<identifier>	HP_gunFire3	</identifier>
				<transform>
					<row0>	1.0000 0.0000 0.0000 0.0000	</row0>
					<row1>	0.0000 0.8660 -0.5000 0.0000	</row1>
					<row2>	0.0000 0.5000 0.8660 0.0000	</row2>
					<row3>	-0.0392 0.1449 0.1994 1.0000	</row3>
				</transform>
			</node>
			<node>
				<identifier>	HP_gunFire4	</identifier>
				<transform>
					<row0>	1.0000 0.0000 0.0000 0.0000	</row0>
					<row1>	0.0000 0.8660 -0.5000 0.0000	</row1>
					<row2>	0.0000 0.5000 0.8660 0.0000	</row2>
					<row3>	-0.0675 0.1449 0.1994 1.0000	</row3>
				</transform>
			</node>
		</node>
	</node>
	<renderSet>
		<treatAsWorldSpaceObject>	false	</treatAsWorldSpaceObject>
		<node>	Turret	</node>
		<geometry>
			<vertices>	TurretShape.vertices	</vertices>
			<primitive>	TurretShape.indices	</primitive>
			<primitiveGroup>	0
				<material>
					<identifier>	TL2_SHIPMAT_PBS_Gun	</identifier>
					<mfm>	PnFMods/ModsSDK.zip/SSC109_Andalucia/gun/SGA015_37mm_Breda_barrels_4.mfm	</mfm>
				</material>
			</primitiveGroup>
		</geometry>
	</renderSet>
	<boundingBox>
		<min>	-0.1342 0.0000 -0.1241	</min>
		<max>	0.1342 0.2360 0.2905	</max>
	</boundingBox>
</SGA015_37mm_Breda_barrels_4.visual>
