<RSD047_Perekop_1953_Stern_ports.visual>
	<node>
		<identifier>	Scene Root	</identifier>
		<transform>
			<row0>	1.0000 0.0000 0.0000 0.0000	</row0>
			<row1>	0.0000 1.0000 0.0000 0.0000	</row1>
			<row2>	0.0000 0.0000 1.0000 0.0000	</row2>
			<row3>	0.0000 0.0000 0.0000 1.0000	</row3>
		</transform>
		<node>
			<identifier>	Stern_ports	</identifier>
			<transform>
				<row0>	1.0000 0.0000 0.0000 0.0000	</row0>
				<row1>	0.0000 1.0000 0.0000 0.0000	</row1>
				<row2>	0.0000 0.0000 1.0000 0.0000	</row2>
				<row3>	0.0000 0.0000 0.0000 1.0000	</row3>
			</transform>
			<node>
				<identifier>	HP_FX_Death_3	</identifier>
				<transform>
					<row0>	1.0000 0.0000 0.0000 0.0000	</row0>
					<row1>	0.0000 1.0000 0.0000 0.0000	</row1>
					<row2>	0.0000 0.0000 1.0000 0.0000	</row2>
					<row3>	0.0000 0.0000 -3.2665 1.0000	</row3>
				</transform>
			</node>
			<node>
				<identifier>	HP_FX_Fire_4	</identifier>
				<transform>
					<row0>	1.0000 0.0000 0.0000 0.0000	</row0>
					<row1>	0.0000 1.0000 0.0000 0.0000	</row1>
					<row2>	0.0000 0.0000 1.0000 0.0000	</row2>
					<row3>	0.0000 0.2015 -3.8216 1.0000	</row3>
				</transform>
			</node>
			<node>
				<identifier>	HP_FX_Flood_steam_right	</identifier>
				<transform>
					<row0>	1.0000 0.0000 0.0000 0.0000	</row0>
					<row1>	0.0000 1.0000 0.0000 0.0000	</row1>
					<row2>	0.0000 0.0000 1.0000 0.0000	</row2>
					<row3>	0.3564 0.1589 -3.0872 1.0000	</row3>
				</transform>
			</node>
			<node>
				<identifier>	HP_FX_WakeTraceBack	</identifier>
				<transform>
					<row0>	1.0000 0.0000 0.0000 0.0000	</row0>
					<row1>	0.0000 1.0000 0.0000 0.0000	</row1>
					<row2>	0.0000 0.0000 1.0000 0.0000	</row2>
					<row3>	0.0000 0.0000 -4.5980 1.0000	</row3>
				</transform>
			</node>
			<node>
				<identifier>	HP_FX_WakeTrace_screw_1	</identifier>
				<transform>
					<row0>	1.0000 0.0000 0.0000 0.0000	</row0>
					<row1>	0.0000 1.0000 0.0000 0.0000	</row1>
					<row2>	0.0000 0.0000 1.0000 0.0000	</row2>
					<row3>	-0.1811 -0.2397 -4.0150 1.0000	</row3>
				</transform>
			</node>
			<node>
				<identifier>	HP_FX_WakeTrace_screw_2	</identifier>
				<transform>
					<row0>	1.0000 0.0000 0.0000 0.0000	</row0>
					<row1>	0.0000 1.0000 0.0000 0.0000	</row1>
					<row2>	0.0000 0.0000 1.0000 0.0000	</row2>
					<row3>	0.1811 -0.2397 -4.0150 1.0000	</row3>
				</transform>
			</node>
			<node>
				<identifier>	HP_Ship_death_3	</identifier>
				<transform>
					<row0>	1.0000 0.0000 0.0000 0.0000	</row0>
					<row1>	0.0000 1.0000 0.0000 0.0000	</row1>
					<row2>	0.0000 0.0000 1.0000 0.0000	</row2>
					<row3>	0.0000 0.0000 -2.8674 1.0000	</row3>
				</transform>
			</node>
			<node>
				<identifier>	MP_CM002_Propeller4_L	</identifier>
				<transform>
					<row0>	0.9769 0.2126 -0.0205 0.0000	</row0>
					<row1>	-0.2130 0.9769 -0.0188 0.0000	</row1>
					<row2>	0.0160 0.0228 0.9996 0.0000	</row2>
					<row3>	-0.1811 -0.2397 -4.0150 1.0000	</row3>
				</transform>
			</node>
			<node>
				<identifier>	MP_CM011_Fire_Fighting_Gear	</identifier>
				<transform>
					<row0>	-1.0000 0.0000 -0.0007 0.0000	</row0>
					<row1>	0.0000 1.0000 0.0000 0.0000	</row1>
					<row2>	0.0007 0.0000 -1.0000 0.0000	</row2>
					<row3>	0.1170 0.1907 -3.6091 1.0000	</row3>
				</transform>
			</node>
			<node>
				<identifier>	MP_CM033_Propeller4_R	</identifier>
				<transform>
					<row0>	0.9769 -0.2127 0.0205 0.0000	</row0>
					<row1>	0.2131 0.9769 -0.0188 0.0000	</row1>
					<row2>	-0.0160 0.0228 0.9996 0.0000	</row2>
					<row3>	0.1811 -0.2397 -4.0150 1.0000	</row3>
				</transform>
			</node>
			<node>
				<identifier>	MP_RM016_Fairlead	</identifier>
				<transform>
					<row0>	0.0000 0.0000 -0.4295 0.0000	</row0>
					<row1>	0.0000 0.4295 0.0000 0.0000	</row1>
					<row2>	0.4159 0.0000 0.0000 0.0000	</row2>
					<row3>	0.0000 0.1911 -4.2914 1.0000	</row3>
				</transform>
			</node>
			<node>
				<identifier>	MP_RM019_Reels	</identifier>
				<transform>
					<row0>	0.0000 0.0000 -1.0000 0.0000	</row0>
					<row1>	0.0000 -1.0000 0.0000 0.0000	</row1>
					<row2>	-1.0000 0.0000 0.0000 0.0000	</row2>
					<row3>	-0.1728 0.1907 -3.2763 1.0000	</row3>
				</transform>
			</node>
			<node>
				<identifier>	MP_RM019_Reels_INDEX_1	</identifier>
				<transform>
					<row0>	0.0000 0.0000 -0.9420 0.0000	</row0>
					<row1>	0.0000 -0.9420 0.0000 0.0000	</row1>
					<row2>	-0.9420 0.0000 0.0000 0.0000	</row2>
					<row3>	-0.0749 0.1907 -3.6724 1.0000	</row3>
				</transform>
			</node>
			<node>
				<identifier>	MP_RM021_Screened_speed_light	</identifier>
				<transform>
					<row0>	-0.5810 0.0000 0.0000 0.0000	</row0>
					<row1>	0.0000 0.5810 0.0000 0.0000	</row1>
					<row2>	0.0000 0.0000 -0.5810 0.0000	</row2>
					<row3>	0.0000 0.1966 -4.6179 1.0000	</row3>
				</transform>
			</node>
			<node>
				<identifier>	MP_RM182_Depth_Charge_BB1	</identifier>
				<transform>
					<row0>	0.0000 0.0000 -1.0000 0.0000	</row0>
					<row1>	0.0000 1.0000 0.0000 0.0000	</row1>
					<row2>	1.0000 0.0000 0.0000 0.0000	</row2>
					<row3>	-0.1323 0.2064 -3.4429 1.0000	</row3>
				</transform>
			</node>
			<node>
				<identifier>	MP_RM182_Depth_Charge_BB1_INDEX_1	</identifier>
				<transform>
					<row0>	0.0000 0.0000 1.0000 0.0000	</row0>
					<row1>	0.0000 1.0000 0.0000 0.0000	</row1>
					<row2>	-1.0000 0.0000 0.0000 0.0000	</row2>
					<row3>	-0.0554 0.2049 -3.4573 1.0000	</row3>
				</transform>
			</node>
			<node>
				<identifier>	MP_RM182_Depth_Charge_BB1_INDEX_2	</identifier>
				<transform>
					<row0>	0.0000 0.0000 -1.0000 0.0000	</row0>
					<row1>	0.0000 1.0000 0.0000 0.0000	</row1>
					<row2>	1.0000 0.0000 0.0000 0.0000	</row2>
					<row3>	0.0554 0.2049 -3.4573 1.0000	</row3>
				</transform>
			</node>
			<node>
				<identifier>	MP_RM182_Depth_Charge_BB1_INDEX_3	</identifier>
				<transform>
					<row0>	0.5000 0.0000 0.8660 0.0000	</row0>
					<row1>	0.0000 1.0000 0.0000 0.0000	</row1>
					<row2>	-0.8660 0.0000 0.5000 0.0000	</row2>
					<row3>	-0.0573 0.2049 -3.4358 1.0000	</row3>
				</transform>
			</node>
			<node>
				<identifier>	MP_RM182_Depth_Charge_BB1_INDEX_4	</identifier>
				<transform>
					<row0>	0.0000 0.0000 1.0000 0.0000	</row0>
					<row1>	0.0000 1.0000 0.0000 0.0000	</row1>
					<row2>	-1.0000 0.0000 0.0000 0.0000	</row2>
					<row3>	0.1323 0.2064 -3.4429 1.0000	</row3>
				</transform>
			</node>
			<node>
				<identifier>	MP_RM182_Depth_Charge_BB1_INDEX_5	</identifier>
				<transform>
					<row0>	1.0000 0.0000 0.0000 0.0000	</row0>
					<row1>	0.0000 1.0000 0.0000 0.0000	</row1>
					<row2>	0.0000 0.0000 1.0000 0.0000	</row2>
					<row3>	0.0407 0.2049 -3.4429 1.0000	</row3>
				</transform>
			</node>
			<node>
				<identifier>	MP_RM182_Depth_Charge_BB1_INDEX_6	</identifier>
				<transform>
					<row0>	0.5000 0.0000 -0.8660 0.0000	</row0>
					<row1>	0.0000 1.0000 0.0000 0.0000	</row1>
					<row2>	0.8660 0.0000 0.5000 0.0000	</row2>
					<row3>	0.0573 0.2049 -3.4358 1.0000	</row3>
				</transform>
			</node>
			<node>
				<identifier>	MP_RM182_Depth_Charge_BB1_INDEX_7	</identifier>
				<transform>
					<row0>	0.8660 0.0000 0.5000 0.0000	</row0>
					<row1>	0.0000 1.0000 0.0000 0.0000	</row1>
					<row2>	-0.5000 0.0000 0.8660 0.0000	</row2>
					<row3>	-0.0339 0.2049 -3.4697 1.0000	</row3>
				</transform>
			</node>
			<node>
				<identifier>	MP_RM182_Depth_Charge_BB1_INDEX_8	</identifier>
				<transform>
					<row0>	0.8660 0.0000 -0.5000 0.0000	</row0>
					<row1>	0.0000 1.0000 0.0000 0.0000	</row1>
					<row2>	0.5000 0.0000 0.8660 0.0000	</row2>
					<row3>	0.0339 0.2049 -3.4697 1.0000	</row3>
				</transform>
			</node>
			<node>
				<identifier>	MP_RM182_Depth_Charge_BB1_INDEX_9	</identifier>
				<transform>
					<row0>	1.0000 0.0000 0.0000 0.0000	</row0>
					<row1>	0.0000 1.0000 0.0000 0.0000	</row1>
					<row2>	0.0000 0.0000 1.0000 0.0000	</row2>
					<row3>	-0.0407 0.2049 -3.4429 1.0000	</row3>
				</transform>
			</node>
			<node>
				<identifier>	MP_RM200_Running_Lights_B	</identifier>
				<transform>
					<row0>	-1.0000 0.0000 0.0000 0.0000	</row0>
					<row1>	0.0000 1.0000 0.0000 0.0000	</row1>
					<row2>	0.0000 0.0000 -1.0000 0.0000	</row2>
					<row3>	0.0000 0.2214 -4.6179 1.0000	</row3>
				</transform>
			</node>
			<node>
				<identifier>	MP_RM202_Screen_Smoke_DA2	</identifier>
				<transform>
					<row0>	-0.1063 0.0000 0.9943 0.0000	</row0>
					<row1>	0.0000 1.0000 0.0000 0.0000	</row1>
					<row2>	-0.9943 0.0000 -0.1063 0.0000	</row2>
					<row3>	-0.1883 0.1896 -4.5166 1.0000	</row3>
				</transform>
			</node>
			<node>
				<identifier>	MP_RM202_Screen_Smoke_DA2_INDEX_1	</identifier>
				<transform>
					<row0>	-0.1063 0.0000 -0.9943 0.0000	</row0>
					<row1>	0.0000 1.0000 0.0000 0.0000	</row1>
					<row2>	0.9943 0.0000 -0.1063 0.0000	</row2>
					<row3>	0.1883 0.1896 -4.5166 1.0000	</row3>
				</transform>
			</node>
			<node>
				<identifier>	MP_RM212_Anchor_Capstan_Stern	</identifier>
				<transform>
					<row0>	1.0000 0.0000 0.0000 0.0000	</row0>
					<row1>	0.0000 1.0000 0.0000 0.0000	</row1>
					<row2>	0.0000 0.0000 1.0000 0.0000	</row2>
					<row3>	0.0000 0.1907 -3.8637 1.0000	</row3>
				</transform>
			</node>
			<node>
				<identifier>	MP_RM214_Life_Buoy	</identifier>
				<transform>
					<row0>	0.1075 0.0000 -0.9942 0.0000	</row0>
					<row1>	0.0000 1.0000 0.0000 0.0000	</row1>
					<row2>	0.9942 0.0000 0.1075 0.0000	</row2>
					<row3>	-0.2739 0.2534 -3.9101 1.0000	</row3>
				</transform>
			</node>
			<node>
				<identifier>	MP_RM214_Life_Buoy_INDEX_1	</identifier>
				<transform>
					<row0>	0.0628 0.0000 0.9980 0.0000	</row0>
					<row1>	0.0000 1.0000 0.0000 0.0000	</row1>
					<row2>	-0.9980 0.0000 0.0628 0.0000	</row2>
					<row3>	0.3635 0.2534 -2.8673 1.0000	</row3>
				</transform>
			</node>
			<node>
				<identifier>	MP_RM214_Life_Buoy_INDEX_2	</identifier>
				<transform>
					<row0>	0.0628 0.0000 -0.9980 0.0000	</row0>
					<row1>	0.0000 1.0000 0.0000 0.0000	</row1>
					<row2>	0.9980 0.0000 0.0628 0.0000	</row2>
					<row3>	-0.3635 0.2534 -2.8673 1.0000	</row3>
				</transform>
			</node>
			<node>
				<identifier>	MP_RM214_Life_Buoy_INDEX_3	</identifier>
				<transform>
					<row0>	0.1075 0.0000 0.9942 0.0000	</row0>
					<row1>	0.0000 1.0000 0.0000 0.0000	</row1>
					<row2>	-0.9942 0.0000 0.1075 0.0000	</row2>
					<row3>	0.2739 0.2534 -3.9101 1.0000	</row3>
				</transform>
			</node>
			<node>
				<identifier>	MP_RM217_Ventilation_Mushroom	</identifier>
				<transform>
					<row0>	1.0000 0.0000 0.0000 0.0000	</row0>
					<row1>	0.0000 1.0000 0.0000 0.0000	</row1>
					<row2>	0.0000 0.0000 1.0000 0.0000	</row2>
					<row3>	0.1613 0.1907 -3.0320 1.0000	</row3>
				</transform>
			</node>
			<node>
				<identifier>	MP_RM217_Ventilation_Mushroom_INDEX_1	</identifier>
				<transform>
					<row0>	0.8827 0.0000 0.0000 0.0000	</row0>
					<row1>	0.0000 0.8827 0.0000 0.0000	</row1>
					<row2>	0.0000 0.0000 0.8827 0.0000	</row2>
					<row3>	-0.0458 0.1906 -3.9844 1.0000	</row3>
				</transform>
			</node>
			<node>
				<identifier>	MP_RM217_Ventilation_Mushroom_INDEX_2	</identifier>
				<transform>
					<row0>	1.0000 0.0000 0.0000 0.0000	</row0>
					<row1>	0.0000 1.0000 0.0000 0.0000	</row1>
					<row2>	0.0000 0.0000 1.0000 0.0000	</row2>
					<row3>	0.1679 0.1907 -3.8240 1.0000	</row3>
				</transform>
			</node>
			<node>
				<identifier>	MP_RM219_Fairlead	</identifier>
				<transform>
					<row0>	0.9939 0.0000 0.1102 0.0000	</row0>
					<row1>	0.0000 1.0000 0.0000 0.0000	</row1>
					<row2>	-0.1102 0.0000 0.9939 0.0000	</row2>
					<row3>	-0.2519 0.1927 -4.0224 1.0000	</row3>
				</transform>
			</node>
			<node>
				<identifier>	MP_RM219_Fairlead_INDEX_1	</identifier>
				<transform>
					<row0>	0.9939 0.0000 -0.1102 0.0000	</row0>
					<row1>	0.0000 1.0000 0.0000 0.0000	</row1>
					<row2>	0.1102 0.0000 0.9939 0.0000	</row2>
					<row3>	0.2519 0.1927 -4.0224 1.0000	</row3>
				</transform>
			</node>
			<node>
				<identifier>	MP_RM219_Fairlead_INDEX_2	</identifier>
				<transform>
					<row0>	0.9951 0.0000 -0.0985 0.0000	</row0>
					<row1>	0.0000 1.0000 0.0000 0.0000	</row1>
					<row2>	0.0985 0.0000 0.9951 0.0000	</row2>
					<row3>	0.2983 0.1907 -3.5919 1.0000	</row3>
				</transform>
			</node>
			<node>
				<identifier>	MP_RM219_Fairlead_INDEX_3	</identifier>
				<transform>
					<row0>	0.9951 0.0000 0.0985 0.0000	</row0>
					<row1>	0.0000 1.0000 0.0000 0.0000	</row1>
					<row2>	-0.0985 0.0000 0.9951 0.0000	</row2>
					<row3>	-0.2983 0.1907 -3.5919 1.0000	</row3>
				</transform>
			</node>
			<node>
				<identifier>	MP_RM220_Bollard	</identifier>
				<transform>
					<row0>	0.9939 0.0000 -0.1102 0.0000	</row0>
					<row1>	0.0000 1.0000 0.0000 0.0000	</row1>
					<row2>	0.1102 0.0000 0.9939 0.0000	</row2>
					<row3>	0.2302 0.1907 -4.1693 1.0000	</row3>
				</transform>
			</node>
			<node>
				<identifier>	MP_RM220_Bollard_INDEX_1	</identifier>
				<transform>
					<row0>	0.9949 0.0000 -0.1008 0.0000	</row0>
					<row1>	0.0000 1.0000 0.0000 0.0000	</row1>
					<row2>	0.1008 0.0000 0.9949 0.0000	</row2>
					<row3>	0.2737 0.1907 -3.7796 1.0000	</row3>
				</transform>
			</node>
			<node>
				<identifier>	MP_RM220_Bollard_INDEX_2	</identifier>
				<transform>
					<row0>	0.9939 0.0000 0.1102 0.0000	</row0>
					<row1>	0.0000 1.0000 0.0000 0.0000	</row1>
					<row2>	-0.1102 0.0000 0.9939 0.0000	</row2>
					<row3>	-0.2302 0.1907 -4.1693 1.0000	</row3>
				</transform>
			</node>
			<node>
				<identifier>	MP_RM220_Bollard_INDEX_3	</identifier>
				<transform>
					<row0>	0.9949 0.0000 0.1008 0.0000	</row0>
					<row1>	0.0000 1.0000 0.0000 0.0000	</row1>
					<row2>	-0.1008 0.0000 0.9949 0.0000	</row2>
					<row3>	-0.2737 0.1907 -3.7796 1.0000	</row3>
				</transform>
			</node>
			<node>
				<identifier>	MP_RM230_Hatch	</identifier>
				<transform>
					<row0>	1.0000 0.0000 0.0000 0.0000	</row0>
					<row1>	0.0000 1.0000 0.0000 0.0000	</row1>
					<row2>	0.0000 0.0000 1.0000 0.0000	</row2>
					<row3>	0.0313 0.1906 -3.3091 1.0000	</row3>
				</transform>
			</node>
			<node>
				<identifier>	MP_RM230_Hatch_INDEX_1	</identifier>
				<transform>
					<row0>	1.0000 0.0000 0.0000 0.0000	</row0>
					<row1>	0.0000 1.0000 0.0000 0.0000	</row1>
					<row2>	0.0000 0.0000 1.0000 0.0000	</row2>
					<row3>	-0.0327 0.1906 -3.5124 1.0000	</row3>
				</transform>
			</node>
			<node>
				<identifier>	MP_RM230_Hatch_INDEX_2	</identifier>
				<transform>
					<row0>	1.0000 0.0000 0.0000 0.0000	</row0>
					<row1>	0.0000 1.0000 0.0000 0.0000	</row1>
					<row2>	0.0000 0.0000 1.0000 0.0000	</row2>
					<row3>	0.1253 0.1907 -3.9871 1.0000	</row3>
				</transform>
			</node>
			<node>
				<identifier>	MP_RM239_Bomb_Bogie	</identifier>
				<transform>
					<row0>	0.0000 0.0000 -1.0000 0.0000	</row0>
					<row1>	0.0000 1.0000 0.0000 0.0000	</row1>
					<row2>	1.0000 0.0000 0.0000 0.0000	</row2>
					<row3>	0.0831 0.1908 -3.4427 1.0000	</row3>
				</transform>
			</node>
			<node>
				<identifier>	MP_RM239_Bomb_Bogie_INDEX_1	</identifier>
				<transform>
					<row0>	0.0000 0.0000 1.0000 0.0000	</row0>
					<row1>	0.0000 1.0000 0.0000 0.0000	</row1>
					<row2>	-1.0000 0.0000 0.0000 0.0000	</row2>
					<row3>	-0.0831 0.1908 -3.4427 1.0000	</row3>
				</transform>
			</node>
			<node>
				<identifier>	MP_RM249_Coat_of_Arms_USSR	</identifier>
				<transform>
					<row0>	-1.0000 0.0003 0.0000 0.0000	</row0>
					<row1>	0.0003 0.9735 -0.2289 0.0000	</row1>
					<row2>	0.0000 -0.2289 -0.9735 0.0000	</row2>
					<row3>	0.0003 0.1188 -4.6193 1.0000	</row3>
				</transform>
			</node>
			<node>
				<identifier>	MP_RM273_Fire_Hose_Rack_box	</identifier>
				<transform>
					<row0>	1.0000 -0.0004 0.0002 0.0000	</row0>
					<row1>	0.0004 0.8923 -0.4515 0.0000	</row1>
					<row2>	0.0000 0.4515 0.8923 0.0000	</row2>
					<row3>	0.1384 0.2363 -3.6421 1.0000	</row3>
				</transform>
			</node>
			<node>
				<identifier>	MP_RM286_Hatch	</identifier>
				<transform>
					<row0>	-0.8210 0.0000 0.0000 0.0000	</row0>
					<row1>	0.0000 0.8210 0.0000 0.0000	</row1>
					<row2>	0.0000 0.0000 -0.8210 0.0000	</row2>
					<row3>	-0.0868 0.1903 -3.3669 1.0000	</row3>
				</transform>
			</node>
			<node>
				<identifier>	MP_RM286_Hatch_INDEX_1	</identifier>
				<transform>
					<row0>	-0.8210 0.0000 0.0000 0.0000	</row0>
					<row1>	0.0000 0.8210 0.0000 0.0000	</row1>
					<row2>	0.0000 0.0000 -0.8210 0.0000	</row2>
					<row3>	-0.0534 0.1906 -4.1000 1.0000	</row3>
				</transform>
			</node>
			<node>
				<identifier>	MP_RM286_Hatch_INDEX_2	</identifier>
				<transform>
					<row0>	-0.8213 0.0000 0.0000 0.0000	</row0>
					<row1>	0.0000 0.8213 0.0000 0.0000	</row1>
					<row2>	0.0000 0.0000 -0.8213 0.0000	</row2>
					<row3>	0.0534 0.1906 -4.1000 1.0000	</row3>
				</transform>
			</node>
			<node>
				<identifier>	MP_RM286_Hatch_INDEX_3	</identifier>
				<transform>
					<row0>	-0.8210 0.0000 0.0000 0.0000	</row0>
					<row1>	0.0000 0.8210 0.0000 0.0000	</row1>
					<row2>	0.0000 0.0000 -0.8210 0.0000	</row2>
					<row3>	0.0869 0.1903 -3.3669 1.0000	</row3>
				</transform>
			</node>
			<node>
				<identifier>	MP_RM286_Hatch_INDEX_4	</identifier>
				<transform>
					<row0>	0.0000 0.0000 -0.8210 0.0000	</row0>
					<row1>	0.0000 0.8210 0.0000 0.0000	</row1>
					<row2>	0.8210 0.0000 0.0000 0.0000	</row2>
					<row3>	0.1234 0.1906 -3.2593 1.0000	</row3>
				</transform>
			</node>
			<node>
				<identifier>	SP_YMS011_YHWL_M_1_INDEX_13	</identifier>
				<transform>
					<row0>	0.5986 0.0000 0.0416 0.0000	</row0>
					<row1>	0.0000 0.6000 0.0000 0.0000	</row1>
					<row2>	-0.0416 0.0000 0.5986 0.0000	</row2>
					<row3>	-0.3507 0.0000 -3.0297 1.0000	</row3>
				</transform>
			</node>
			<node>
				<identifier>	SP_YMS011_YHWL_M_1_INDEX_14	</identifier>
				<transform>
					<row0>	0.5979 0.0000 0.0500 0.0000	</row0>
					<row1>	0.0000 0.6000 0.0000 0.0000	</row1>
					<row2>	-0.0500 0.0000 0.5979 0.0000	</row2>
					<row3>	-0.3143 0.0000 -3.5332 1.0000	</row3>
				</transform>
			</node>
			<node>
				<identifier>	SP_YMS012_YHWR_M_1_INDEX_13	</identifier>
				<transform>
					<row0>	0.5986 0.0000 -0.0416 0.0000	</row0>
					<row1>	0.0000 0.6000 0.0000 0.0000	</row1>
					<row2>	0.0416 0.0000 0.5986 0.0000	</row2>
					<row3>	0.3507 0.0000 -3.0297 1.0000	</row3>
				</transform>
			</node>
			<node>
				<identifier>	SP_YMS012_YHWR_M_1_INDEX_14	</identifier>
				<transform>
					<row0>	0.5979 0.0000 -0.0500 0.0000	</row0>
					<row1>	0.0000 0.6000 0.0000 0.0000	</row1>
					<row2>	0.0500 0.0000 0.5979 0.0000	</row2>
					<row3>	0.3143 0.0000 -3.5332 1.0000	</row3>
				</transform>
			</node>
			<node>
				<identifier>	SP_YMS023_YHUC_L_1	</identifier>
				<transform>
					<row0>	0.5375 0.1170 -0.0113 0.0000	</row0>
					<row1>	-0.1172 0.5375 -0.0104 0.0000	</row1>
					<row2>	0.0088 0.0125 0.5500 0.0000	</row2>
					<row3>	-0.1813 -0.2400 -4.0268 1.0000	</row3>
				</transform>
			</node>
			<node>
				<identifier>	SP_YMS023_YHUC_L_1_INDEX_1	</identifier>
				<transform>
					<row0>	0.5375 -0.1170 0.0113 0.0000	</row0>
					<row1>	0.1172 0.5375 -0.0104 0.0000	</row1>
					<row2>	-0.0088 0.0125 0.5500 0.0000	</row2>
					<row3>	0.1813 -0.2400 -4.0268 1.0000	</row3>
				</transform>
			</node>
			<node>
				<identifier>	SP_YMS030_YHAM_M_1	</identifier>
				<transform>
					<row0>	0.3000 0.0000 0.0000 0.0000	</row0>
					<row1>	0.0000 0.3000 0.0000 0.0000	</row1>
					<row2>	0.0000 0.0000 0.3000 0.0000	</row2>
					<row3>	-0.1377 0.0889 -4.6375 1.0000	</row3>
				</transform>
			</node>
			<node>
				<identifier>	SP_YMS030_YHAM_M_1_INDEX_1	</identifier>
				<transform>
					<row0>	0.3000 0.0000 0.0000 0.0000	</row0>
					<row1>	0.0000 0.3000 0.0000 0.0000	</row1>
					<row2>	0.0000 0.0000 0.3000 0.0000	</row2>
					<row3>	0.1377 0.0889 -4.6375 1.0000	</row3>
				</transform>
			</node>
			<node>
				<identifier>	SP_YMS031_YHAL_M_1	</identifier>
				<transform>
					<row0>	0.6733 -0.0512 0.0187 0.0000	</row0>
					<row1>	0.0512 0.6736 0.0000 0.0000	</row1>
					<row2>	-0.0186 0.0014 0.6752 0.0000	</row2>
					<row3>	-0.2584 0.1062 -4.3266 1.0000	</row3>
				</transform>
			</node>
			<node>
				<identifier>	SP_YMS032_YHAR_M_1	</identifier>
				<transform>
					<row0>	0.6733 0.0512 -0.0187 0.0000	</row0>
					<row1>	-0.0512 0.6736 0.0000 0.0000	</row1>
					<row2>	0.0186 0.0014 0.6752 0.0000	</row2>
					<row3>	0.2584 0.1062 -4.3266 1.0000	</row3>
				</transform>
			</node>
			<node>
				<identifier>	SP_YMS053_YHDC_S_1_INDEX_13	</identifier>
				<transform>
					<row0>	0.6000 0.0000 0.0000 0.0000	</row0>
					<row1>	0.0000 0.6000 0.0000 0.0000	</row1>
					<row2>	0.0000 0.0000 0.6000 0.0000	</row2>
					<row3>	-0.1920 0.1908 -3.3664 1.0000	</row3>
				</transform>
			</node>
			<node>
				<identifier>	SP_YMS053_YHDC_S_1_INDEX_14	</identifier>
				<transform>
					<row0>	0.6000 0.0000 0.0000 0.0000	</row0>
					<row1>	0.0000 0.6000 0.0000 0.0000	</row1>
					<row2>	0.0000 0.0000 0.6000 0.0000	</row2>
					<row3>	0.1920 0.1908 -3.3664 1.0000	</row3>
				</transform>
			</node>
			<node>
				<identifier>	SP_YMS053_YHDC_S_1_INDEX_15	</identifier>
				<transform>
					<row0>	0.8000 0.0000 0.0000 0.0000	</row0>
					<row1>	0.0000 0.8000 0.0000 0.0000	</row1>
					<row2>	0.0000 0.0000 0.8000 0.0000	</row2>
					<row3>	-0.1092 0.1959 -3.7858 1.0000	</row3>
				</transform>
			</node>
			<node>
				<identifier>	SP_YMS080_YHSL_M_1_INDEX_1	</identifier>
				<transform>
					<row0>	0.5186 0.0000 0.0483 0.0000	</row0>
					<row1>	0.0000 0.5208 0.0000 0.0000	</row1>
					<row2>	-0.0483 0.0000 0.5186 0.0000	</row2>
					<row3>	-0.3167 0.1093 -3.4559 1.0000	</row3>
				</transform>
			</node>
			<node>
				<identifier>	SP_YMS081_YHSR_M_1_INDEX_1	</identifier>
				<transform>
					<row0>	0.5186 0.0000 -0.0483 0.0000	</row0>
					<row1>	0.0000 0.5208 0.0000 0.0000	</row1>
					<row2>	0.0483 0.0000 0.5186 0.0000	</row2>
					<row3>	0.3167 0.1093 -3.4559 1.0000	</row3>
				</transform>
			</node>
			<node>
				<identifier>	SP_YMS082_YHSC_M_1_INDEX_2	</identifier>
				<transform>
					<row0>	0.0461 0.0000 -0.6408 0.0000	</row0>
					<row1>	0.0000 0.6425 0.0000 0.0000	</row1>
					<row2>	0.6408 0.0000 0.0461 0.0000	</row2>
					<row3>	-0.3562 0.0978 -2.9917 1.0000	</row3>
				</transform>
			</node>
			<node>
				<identifier>	SP_YMS082_YHSC_M_1_INDEX_3	</identifier>
				<transform>
					<row0>	0.0461 0.0000 0.6408 0.0000	</row0>
					<row1>	0.0000 0.6425 0.0000 0.0000	</row1>
					<row2>	-0.6408 0.0000 0.0461 0.0000	</row2>
					<row3>	0.3562 0.0978 -2.9917 1.0000	</row3>
				</transform>
			</node>
		</node>
	</node>
	<boundingBox>
		<min>	-0.0667 -0.0667 -0.0667	</min>
		<max>	0.0667 0.0667 0.0667	</max>
	</boundingBox>
</RSD047_Perekop_1953_Stern_ports.visual>
