<USC310_Cerberus_1945_MidFront_ports.visual>
	<node>
		<identifier>	Scene Root	</identifier>
		<transform>
			<row0>	1.0000 0.0000 0.0000 0.0000	</row0>
			<row1>	0.0000 1.0000 0.0000 0.0000	</row1>
			<row2>	0.0000 0.0000 1.0000 0.0000	</row2>
			<row3>	0.0000 0.0000 0.0000 1.0000	</row3>
		</transform>
		<node>
			<identifier>	MidFront_ports	</identifier>
			<transform>
				<row0>	1.0000 0.0000 0.0000 0.0000	</row0>
				<row1>	0.0000 1.0000 0.0000 0.0000	</row1>
				<row2>	0.0000 0.0000 1.0000 0.0000	</row2>
				<row3>	0.0000 0.0000 0.0000 1.0000	</row3>
			</transform>
			<node>
				<identifier>	HP_BD_1	</identifier>
				<transform>
					<row0>	1.0000 0.0000 0.0000 0.0000	</row0>
					<row1>	0.0000 1.0000 0.0000 0.0000	</row1>
					<row2>	0.0000 0.0000 1.0000 0.0000	</row2>
					<row3>	0.0000 1.5135 2.2461 1.0000	</row3>
				</transform>
			</node>
			<node>
				<identifier>	HP_BD_2	</identifier>
				<transform>
					<row0>	0.0000 0.0000 1.0000 0.0000	</row0>
					<row1>	0.0000 1.0000 0.0000 0.0000	</row1>
					<row2>	-1.0000 0.0000 0.0000 0.0000	</row2>
					<row3>	-0.5316 0.6823 1.9197 1.0000	</row3>
				</transform>
			</node>
			<node>
				<identifier>	HP_BD_3	</identifier>
				<transform>
					<row0>	0.0000 0.0000 -1.0000 0.0000	</row0>
					<row1>	0.0000 1.0000 0.0000 0.0000	</row1>
					<row2>	1.0000 0.0000 0.0000 0.0000	</row2>
					<row3>	0.5316 0.6823 1.9197 1.0000	</row3>
				</transform>
			</node>
			<node>
				<identifier>	HP_BD_4	</identifier>
				<transform>
					<row0>	0.0000 0.0000 1.0000 0.0000	</row0>
					<row1>	0.0000 1.0000 0.0000 0.0000	</row1>
					<row2>	-1.0000 0.0000 0.0000 0.0000	</row2>
					<row3>	-0.3253 1.3424 1.8793 1.0000	</row3>
				</transform>
			</node>
			<node>
				<identifier>	HP_BD_5	</identifier>
				<transform>
					<row0>	0.0000 0.0000 -1.0000 0.0000	</row0>
					<row1>	0.0000 1.0000 0.0000 0.0000	</row1>
					<row2>	1.0000 0.0000 0.0000 0.0000	</row2>
					<row3>	0.3253 1.3424 1.8793 1.0000	</row3>
				</transform>
			</node>
			<node>
				<identifier>	HP_BGA_1	</identifier>
				<transform>
					<row0>	1.0000 0.0000 0.0000 0.0000	</row0>
					<row1>	0.0000 1.0000 0.0000 0.0000	</row1>
					<row2>	0.0000 0.0000 1.0000 0.0000	</row2>
					<row3>	-0.1227 0.8547 2.7733 1.0000	</row3>
				</transform>
			</node>
			<node>
				<identifier>	HP_BGA_2	</identifier>
				<transform>
					<row0>	1.0000 0.0000 0.0000 0.0000	</row0>
					<row1>	0.0000 1.0000 0.0000 0.0000	</row1>
					<row2>	0.0000 0.0000 1.0000 0.0000	</row2>
					<row3>	0.1227 0.8547 2.7733 1.0000	</row3>
				</transform>
			</node>
			<node>
				<identifier>	HP_BGA_3	</identifier>
				<transform>
					<row0>	0.0000 0.0000 1.0000 0.0000	</row0>
					<row1>	0.0000 1.0000 0.0000 0.0000	</row1>
					<row2>	-1.0000 0.0000 0.0000 0.0000	</row2>
					<row3>	-0.5638 0.5025 1.5959 1.0000	</row3>
				</transform>
			</node>
			<node>
				<identifier>	HP_BGA_4	</identifier>
				<transform>
					<row0>	0.0000 0.0000 -1.0000 0.0000	</row0>
					<row1>	0.0000 1.0000 0.0000 0.0000	</row1>
					<row2>	1.0000 0.0000 0.0000 0.0000	</row2>
					<row3>	0.5638 0.5025 1.5959 1.0000	</row3>
				</transform>
			</node>
			<node>
				<identifier>	HP_BGM_2	</identifier>
				<transform>
					<row0>	1.0000 0.0000 0.0000 0.0000	</row0>
					<row1>	0.0000 1.0000 0.0000 0.0000	</row1>
					<row2>	0.0000 0.0000 1.0000 0.0000	</row2>
					<row3>	0.0000 0.7641 3.5458 1.0000	</row3>
				</transform>
			</node>
			<node>
				<identifier>	HP_BRF_1	</identifier>
				<transform>
					<row0>	1.0000 0.0000 0.0000 0.0000	</row0>
					<row1>	0.0000 1.0000 0.0000 0.0000	</row1>
					<row2>	0.0000 0.0000 1.0000 0.0000	</row2>
					<row3>	0.0000 2.0721 1.7873 1.0000	</row3>
				</transform>
			</node>
			<node>
				<identifier>	HP_BRS_1	</identifier>
				<transform>
					<row0>	0.7071 0.0000 0.7071 0.0000	</row0>
					<row1>	0.0000 1.0000 0.0000 0.0000	</row1>
					<row2>	-0.7071 0.0000 0.7071 0.0000	</row2>
					<row3>	-0.1260 1.6824 1.8905 1.0000	</row3>
				</transform>
			</node>
			<node>
				<identifier>	HP_BRS_2	</identifier>
				<transform>
					<row0>	0.7071 0.0000 -0.7071 0.0000	</row0>
					<row1>	0.0000 1.0000 0.0000 0.0000	</row1>
					<row2>	0.7071 0.0000 0.7071 0.0000	</row2>
					<row3>	0.1260 1.6824 1.8905 1.0000	</row3>
				</transform>
			</node>
			<node>
				<identifier>	HP_BRS_3	</identifier>
				<transform>
					<row0>	1.0000 0.0000 0.0000 0.0000	</row0>
					<row1>	0.0000 1.0000 0.0000 0.0000	</row1>
					<row2>	0.0000 0.0000 1.0000 0.0000	</row2>
					<row3>	0.0000 1.8611 1.8556 1.0000	</row3>
				</transform>
			</node>
			<node>
				<identifier>	HP_BRS_4	</identifier>
				<transform>
					<row0>	1.0000 0.0000 0.0000 0.0000	</row0>
					<row1>	0.0000 1.0000 0.0000 0.0000	</row1>
					<row2>	0.0000 0.0000 1.0000 0.0000	</row2>
					<row3>	0.0000 2.1028 1.7024 1.0000	</row3>
				</transform>
			</node>
			<node>
				<identifier>	HP_FX_Fire_2	</identifier>
				<transform>
					<row0>	1.0000 0.0000 0.0000 0.0000	</row0>
					<row1>	0.0000 1.0000 0.0000 0.0000	</row1>
					<row2>	0.0000 0.0000 1.0000 0.0000	</row2>
					<row3>	0.0000 1.1133 2.4570 1.0000	</row3>
				</transform>
			</node>
			<node>
				<identifier>	HP_FX_Fire_2_side_1	</identifier>
				<transform>
					<row0>	1.0000 0.0000 0.0000 0.0000	</row0>
					<row1>	0.0000 1.0000 0.0000 0.0000	</row1>
					<row2>	0.0000 0.0000 1.0000 0.0000	</row2>
					<row3>	0.2768 0.7080 3.0575 1.0000	</row3>
				</transform>
			</node>
			<node>
				<identifier>	HP_FX_Fire_2_side_2	</identifier>
				<transform>
					<row0>	1.0000 0.0000 0.0000 0.0000	</row0>
					<row1>	0.0000 1.0000 0.0000 0.0000	</row1>
					<row2>	0.0000 0.0000 1.0000 0.0000	</row2>
					<row3>	-0.5400 0.7875 1.9272 1.0000	</row3>
				</transform>
			</node>
			<node>
				<identifier>	HP_FX_FloodLight_left_1	</identifier>
				<transform>
					<row0>	0.0534 0.0000 0.9986 0.0000	</row0>
					<row1>	0.0000 1.0000 0.0000 0.0000	</row1>
					<row2>	-0.9986 0.0000 0.0534 0.0000	</row2>
					<row3>	-0.5764 0.6275 2.5023 1.0000	</row3>
				</transform>
			</node>
			<node>
				<identifier>	HP_FX_FloodLight_right_2	</identifier>
				<transform>
					<row0>	1.0000 0.0000 0.0000 0.0000	</row0>
					<row1>	0.0000 1.0000 0.0000 0.0000	</row1>
					<row2>	0.0000 0.0000 1.0000 0.0000	</row2>
					<row3>	0.5754 0.6261 2.5023 1.0000	</row3>
				</transform>
			</node>
			<node>
				<identifier>	HP_FX_Flood_steam_1	</identifier>
				<transform>
					<row0>	1.0000 0.0000 0.0000 0.0000	</row0>
					<row1>	0.0000 1.0000 0.0000 0.0000	</row1>
					<row2>	0.0000 0.0000 1.0000 0.0000	</row2>
					<row3>	0.0000 1.6074 1.3669 1.0000	</row3>
				</transform>
			</node>
			<node>
				<identifier>	HP_FX_Flood_steam_left	</identifier>
				<transform>
					<row0>	-0.9973 0.0000 0.0732 0.0000	</row0>
					<row1>	0.0000 1.0000 0.0000 0.0000	</row1>
					<row2>	-0.0732 0.0000 -0.9973 0.0000	</row2>
					<row3>	-0.6596 0.4204 2.8557 1.0000	</row3>
				</transform>
			</node>
			<node>
				<identifier>	HP_FX_Flood_water_left	</identifier>
				<transform>
					<row0>	-0.9979 0.0000 0.0653 0.0000	</row0>
					<row1>	0.0000 1.0000 0.0000 0.0000	</row1>
					<row2>	-0.0653 0.0000 -0.9979 0.0000	</row2>
					<row3>	-0.6718 0.0457 1.8362 1.0000	</row3>
				</transform>
			</node>
			<node>
				<identifier>	HP_FX_Flood_water_right	</identifier>
				<transform>
					<row0>	0.9985 0.0000 0.0548 0.0000	</row0>
					<row1>	0.0000 1.0000 0.0000 0.0000	</row1>
					<row2>	-0.0548 0.0000 0.9985 0.0000	</row2>
					<row3>	0.6716 0.0456 1.8368 1.0000	</row3>
				</transform>
			</node>
			<node>
				<identifier>	HP_FX_RepairLight_Left_1	</identifier>
				<transform>
					<row0>	0.0221 0.0000 0.9998 0.0000	</row0>
					<row1>	0.0000 1.0000 0.0000 0.0000	</row1>
					<row2>	-0.9998 0.0000 0.0221 0.0000	</row2>
					<row3>	-0.7280 0.5048 1.9444 1.0000	</row3>
				</transform>
			</node>
			<node>
				<identifier>	HP_FX_Smoke_1	</identifier>
				<transform>
					<row0>	1.0000 0.0000 0.0000 0.0000	</row0>
					<row1>	0.0000 1.0000 0.0000 0.0000	</row1>
					<row2>	0.0000 0.0000 1.0000 0.0000	</row2>
					<row3>	0.0000 1.6028 1.3641 1.0000	</row3>
				</transform>
			</node>
			<node>
				<identifier>	HP_Flagpole	</identifier>
				<transform>
					<row0>	0.5600 0.0000 0.0000 0.0000	</row0>
					<row1>	0.0000 0.5600 0.0000 0.0000	</row1>
					<row2>	0.0000 0.0000 0.5600 0.0000	</row2>
					<row3>	0.0000 2.0279 1.5910 1.0000	</row3>
				</transform>
			</node>
			<node>
				<identifier>	HP_flag_1	</identifier>
				<transform>
					<row0>	0.9952 0.0978 -0.0081 0.0000	</row0>
					<row1>	-0.0978 0.9815 -0.1648 0.0000	</row1>
					<row2>	-0.0081 0.1648 0.9863 0.0000	</row2>
					<row3>	0.2496 1.6196 1.6486 1.0000	</row3>
				</transform>
			</node>
			<node>
				<identifier>	HP_flag_2	</identifier>
				<transform>
					<row0>	0.9952 -0.0978 0.0081 0.0000	</row0>
					<row1>	0.0978 0.9815 -0.1648 0.0000	</row1>
					<row2>	0.0081 0.1648 0.9863 0.0000	</row2>
					<row3>	-0.2496 1.6196 1.6486 1.0000	</row3>
				</transform>
			</node>
			<node>
				<identifier>	HP_flag_3	</identifier>
				<transform>
					<row0>	0.9811 0.1929 -0.0159 0.0000	</row0>
					<row1>	-0.1929 0.9678 -0.1620 0.0000	</row1>
					<row2>	-0.0159 0.1620 0.9867 0.0000	</row2>
					<row3>	0.1437 1.6206 1.6488 1.0000	</row3>
				</transform>
			</node>
			<node>
				<identifier>	HP_flag_4	</identifier>
				<transform>
					<row0>	0.9811 -0.1929 0.0159 0.0000	</row0>
					<row1>	0.1929 0.9678 -0.1620 0.0000	</row1>
					<row2>	0.0159 0.1620 0.9867 0.0000	</row2>
					<row3>	-0.1437 1.6206 1.6488 1.0000	</row3>
				</transform>
			</node>
			<node>
				<identifier>	HP_flag_courtesy	</identifier>
				<transform>
					<row0>	1.0000 0.0001 0.0000 0.0000	</row0>
					<row1>	-0.0001 0.9863 -0.1648 0.0000	</row1>
					<row2>	0.0000 0.1648 0.9863 0.0000	</row2>
					<row3>	0.3553 1.6277 1.6478 1.0000	</row3>
				</transform>
			</node>
			<node>
				<identifier>	HP_flag_house	</identifier>
				<transform>
					<row0>	1.0000 -0.0001 0.0000 0.0000	</row0>
					<row1>	0.0001 0.9863 -0.1648 0.0000	</row1>
					<row2>	0.0000 0.1648 0.9863 0.0000	</row2>
					<row3>	-0.3553 1.6277 1.6478 1.0000	</row3>
				</transform>
			</node>
			<node>
				<identifier>	MP_BM001_Paravane	</identifier>
				<transform>
					<row0>	0.0000 1.0000 0.0000 0.0000	</row0>
					<row1>	-0.9974 0.0000 -0.0722 0.0000	</row1>
					<row2>	-0.0722 0.0000 0.9974 0.0000	</row2>
					<row3>	0.4779 0.7402 2.9354 1.0000	</row3>
				</transform>
			</node>
			<node>
				<identifier>	MP_BM001_Paravane_INDEX_1	</identifier>
				<transform>
					<row0>	0.0000 -1.0000 0.0000 0.0000	</row0>
					<row1>	0.9974 0.0000 -0.0722 0.0000	</row1>
					<row2>	0.0722 0.0000 0.9974 0.0000	</row2>
					<row3>	-0.4779 0.7402 2.9354 1.0000	</row3>
				</transform>
			</node>
			<node>
				<identifier>	MP_BM001_Paravane_INDEX_2	</identifier>
				<transform>
					<row0>	0.0000 1.0000 0.0000 0.0000	</row0>
					<row1>	-0.9974 0.0000 -0.0722 0.0000	</row1>
					<row2>	-0.0722 0.0000 0.9974 0.0000	</row2>
					<row3>	0.5689 0.6901 3.1352 1.0000	</row3>
				</transform>
			</node>
			<node>
				<identifier>	MP_BM001_Paravane_INDEX_3	</identifier>
				<transform>
					<row0>	0.0000 -1.0000 0.0000 0.0000	</row0>
					<row1>	0.9974 0.0000 -0.0722 0.0000	</row1>
					<row2>	0.0722 0.0000 0.9974 0.0000	</row2>
					<row3>	-0.5689 0.6901 3.1352 1.0000	</row3>
				</transform>
			</node>
			<node>
				<identifier>	MP_BM004_Reels	</identifier>
				<transform>
					<row0>	1.2000 0.0000 0.0000 0.0000	</row0>
					<row1>	0.0000 1.2000 0.0000 0.0000	</row1>
					<row2>	0.0000 0.0000 1.2000 0.0000	</row2>
					<row3>	0.0638 0.6792 2.9364 1.0000	</row3>
				</transform>
			</node>
			<node>
				<identifier>	MP_BM004_Reels_INDEX_1	</identifier>
				<transform>
					<row0>	1.2000 0.0000 0.0000 0.0000	</row0>
					<row1>	0.0000 1.2000 0.0000 0.0000	</row1>
					<row2>	0.0000 0.0000 1.2000 0.0000	</row2>
					<row3>	-0.0638 0.6792 2.9364 1.0000	</row3>
				</transform>
			</node>
			<node>
				<identifier>	MP_BM022_Flotanet	</identifier>
				<transform>
					<row0>	-0.9983 0.0000 -0.0591 0.0000	</row0>
					<row1>	0.0000 1.0000 0.0000 0.0000	</row1>
					<row2>	0.0591 0.0000 -0.9983 0.0000	</row2>
					<row3>	0.6052 0.7047 2.1632 1.0000	</row3>
				</transform>
			</node>
			<node>
				<identifier>	MP_BM022_Flotanet_INDEX_1	</identifier>
				<transform>
					<row0>	0.9985 0.0000 -0.0539 0.0000	</row0>
					<row1>	0.0000 1.0000 0.0000 0.0000	</row1>
					<row2>	0.0539 0.0000 0.9985 0.0000	</row2>
					<row3>	-0.6058 0.7047 2.1633 1.0000	</row3>
				</transform>
			</node>
			<node>
				<identifier>	MP_BM026_Reels	</identifier>
				<transform>
					<row0>	1.0387 -0.0063 0.6010 0.0000	</row0>
					<row1>	0.0173 1.1998 -0.0173 0.0000	</row1>
					<row2>	-0.6007 0.0236 1.0385 0.0000	</row2>
					<row3>	0.2894 0.5187 3.8436 1.0000	</row3>
				</transform>
			</node>
			<node>
				<identifier>	MP_BM026_Reels_INDEX_1	</identifier>
				<transform>
					<row0>	1.0387 0.0063 -0.6010 0.0000	</row0>
					<row1>	-0.0173 1.1998 -0.0173 0.0000	</row1>
					<row2>	0.6007 0.0236 1.0385 0.0000	</row2>
					<row3>	-0.2894 0.5187 3.8436 1.0000	</row3>
				</transform>
			</node>
			<node>
				<identifier>	MP_BM035_Motor_for_Oerlikon	</identifier>
				<transform>
					<row0>	1.0000 0.0000 0.0000 0.0000	</row0>
					<row1>	0.0000 1.0000 0.0000 0.0000	</row1>
					<row2>	0.0000 0.0000 1.0000 0.0000	</row2>
					<row3>	0.0840 0.8547 2.6052 1.0000	</row3>
				</transform>
			</node>
			<node>
				<identifier>	MP_BM035_Motor_for_Oerlikon_INDEX_1	</identifier>
				<transform>
					<row0>	1.0000 0.0000 0.0000 0.0000	</row0>
					<row1>	0.0000 1.0000 0.0000 0.0000	</row1>
					<row2>	0.0000 0.0000 1.0000 0.0000	</row2>
					<row3>	-0.0840 0.8547 2.6052 1.0000	</row3>
				</transform>
			</node>
			<node>
				<identifier>	MP_BM600_Sky_lookout	</identifier>
				<transform>
					<row0>	-1.0000 0.0000 0.0000 0.0000	</row0>
					<row1>	0.0000 1.0000 0.0000 0.0000	</row1>
					<row2>	0.0000 0.0000 -1.0000 0.0000	</row2>
					<row3>	0.3043 1.1806 2.3262 1.0000	</row3>
				</transform>
			</node>
			<node>
				<identifier>	MP_BM600_Sky_lookout_INDEX_1	</identifier>
				<transform>
					<row0>	-1.0000 0.0000 0.0000 0.0000	</row0>
					<row1>	0.0000 1.0000 0.0000 0.0000	</row1>
					<row2>	0.0000 0.0000 -1.0000 0.0000	</row2>
					<row3>	0.4157 1.0176 1.9609 1.0000	</row3>
				</transform>
			</node>
			<node>
				<identifier>	MP_BM600_Sky_lookout_INDEX_2	</identifier>
				<transform>
					<row0>	1.0000 0.0000 0.0000 0.0000	</row0>
					<row1>	0.0000 1.0000 0.0000 0.0000	</row1>
					<row2>	0.0000 0.0000 1.0000 0.0000	</row2>
					<row3>	-0.3043 1.1806 2.3262 1.0000	</row3>
				</transform>
			</node>
			<node>
				<identifier>	MP_BM600_Sky_lookout_INDEX_3	</identifier>
				<transform>
					<row0>	-1.0000 0.0000 0.0000 0.0000	</row0>
					<row1>	0.0000 1.0000 0.0000 0.0000	</row1>
					<row2>	0.0000 0.0000 -1.0000 0.0000	</row2>
					<row3>	0.1563 1.3424 2.1636 1.0000	</row3>
				</transform>
			</node>
			<node>
				<identifier>	MP_BM600_Sky_lookout_INDEX_4	</identifier>
				<transform>
					<row0>	-0.6138 0.0000 -0.7895 0.0000	</row0>
					<row1>	0.0000 1.0000 0.0000 0.0000	</row1>
					<row2>	0.7895 0.0000 -0.6138 0.0000	</row2>
					<row3>	0.0919 1.3424 2.3739 1.0000	</row3>
				</transform>
			</node>
			<node>
				<identifier>	MP_BM600_Sky_lookout_INDEX_5	</identifier>
				<transform>
					<row0>	0.0000 0.0000 -1.0000 0.0000	</row0>
					<row1>	0.0000 1.0000 0.0000 0.0000	</row1>
					<row2>	1.0000 0.0000 0.0000 0.0000	</row2>
					<row3>	0.0000 1.3424 2.4032 1.0000	</row3>
				</transform>
			</node>
			<node>
				<identifier>	MP_BM600_Sky_lookout_INDEX_6	</identifier>
				<transform>
					<row0>	0.6157 0.0000 -0.7880 0.0000	</row0>
					<row1>	0.0000 1.0000 0.0000 0.0000	</row1>
					<row2>	0.7880 0.0000 0.6157 0.0000	</row2>
					<row3>	-0.0919 1.3424 2.3739 1.0000	</row3>
				</transform>
			</node>
			<node>
				<identifier>	MP_BM600_Sky_lookout_INDEX_7	</identifier>
				<transform>
					<row0>	1.0000 0.0000 0.0000 0.0000	</row0>
					<row1>	0.0000 1.0000 0.0000 0.0000	</row1>
					<row2>	0.0000 0.0000 1.0000 0.0000	</row2>
					<row3>	-0.1563 1.3424 2.1636 1.0000	</row3>
				</transform>
			</node>
			<node>
				<identifier>	MP_BM600_Sky_lookout_INDEX_8	</identifier>
				<transform>
					<row0>	1.0000 0.0000 0.0000 0.0000	</row0>
					<row1>	0.0000 1.0000 0.0000 0.0000	</row1>
					<row2>	0.0000 0.0000 1.0000 0.0000	</row2>
					<row3>	-0.4157 1.0176 1.9609 1.0000	</row3>
				</transform>
			</node>
			<node>
				<identifier>	MP_BM602_Pelorus	</identifier>
				<transform>
					<row0>	0.0000 0.0000 -1.0000 0.0000	</row0>
					<row1>	0.0000 1.0000 0.0000 0.0000	</row1>
					<row2>	1.0000 0.0000 0.0000 0.0000	</row2>
					<row3>	0.0000 1.1806 2.5939 1.0000	</row3>
				</transform>
			</node>
			<node>
				<identifier>	MP_BM603_Compass_Binnacle	</identifier>
				<transform>
					<row0>	1.0000 0.0000 0.0000 0.0000	</row0>
					<row1>	0.0000 1.0000 0.0000 0.0000	</row1>
					<row2>	0.0000 0.0000 1.0000 0.0000	</row2>
					<row3>	0.0000 1.0177 2.6172 1.0000	</row3>
				</transform>
			</node>
			<node>
				<identifier>	MP_BM603_Compass_Binnacle_INDEX_1	</identifier>
				<transform>
					<row0>	1.0000 0.0000 0.0000 0.0000	</row0>
					<row1>	0.0000 1.0000 0.0000 0.0000	</row1>
					<row2>	0.0000 0.0000 1.0000 0.0000	</row2>
					<row3>	0.0000 1.1806 2.5255 1.0000	</row3>
				</transform>
			</node>
			<node>
				<identifier>	MP_BM605_Captain_sight	</identifier>
				<transform>
					<row0>	1.0000 0.0000 0.0000 0.0000	</row0>
					<row1>	0.0000 1.0000 0.0000 0.0000	</row1>
					<row2>	0.0000 0.0000 1.0000 0.0000	</row2>
					<row3>	-0.1322 1.1806 2.4895 1.0000	</row3>
				</transform>
			</node>
			<node>
				<identifier>	MP_BM605_Captain_sight_INDEX_1	</identifier>
				<transform>
					<row0>	1.0000 0.0000 0.0000 0.0000	</row0>
					<row1>	0.0000 1.0000 0.0000 0.0000	</row1>
					<row2>	0.0000 0.0000 1.0000 0.0000	</row2>
					<row3>	0.1322 1.1806 2.4895 1.0000	</row3>
				</transform>
			</node>
			<node>
				<identifier>	MP_BM606_Searchlight_sight	</identifier>
				<transform>
					<row0>	0.0000 0.0000 -1.0000 0.0000	</row0>
					<row1>	0.0000 1.0000 0.0000 0.0000	</row1>
					<row2>	1.0000 0.0000 0.0000 0.0000	</row2>
					<row3>	0.4147 1.0177 2.3263 1.0000	</row3>
				</transform>
			</node>
			<node>
				<identifier>	MP_BM606_Searchlight_sight_INDEX_1	</identifier>
				<transform>
					<row0>	0.0000 0.0000 -1.0000 0.0000	</row0>
					<row1>	0.0000 1.0000 0.0000 0.0000	</row1>
					<row2>	1.0000 0.0000 0.0000 0.0000	</row2>
					<row3>	0.1476 1.3424 2.2448 1.0000	</row3>
				</transform>
			</node>
			<node>
				<identifier>	MP_BM606_Searchlight_sight_INDEX_2	</identifier>
				<transform>
					<row0>	0.0000 0.0000 1.0000 0.0000	</row0>
					<row1>	0.0000 1.0000 0.0000 0.0000	</row1>
					<row2>	-1.0000 0.0000 0.0000 0.0000	</row2>
					<row3>	-0.1476 1.3424 2.2448 1.0000	</row3>
				</transform>
			</node>
			<node>
				<identifier>	MP_BM606_Searchlight_sight_INDEX_3	</identifier>
				<transform>
					<row0>	0.0000 0.0000 1.0000 0.0000	</row0>
					<row1>	0.0000 1.0000 0.0000 0.0000	</row1>
					<row2>	-1.0000 0.0000 0.0000 0.0000	</row2>
					<row3>	-0.4147 1.0177 2.3263 1.0000	</row3>
				</transform>
			</node>
			<node>
				<identifier>	MP_BM608_Compass_repeater	</identifier>
				<transform>
					<row0>	-0.5040 0.0000 0.8637 0.0000	</row0>
					<row1>	0.0000 1.0000 0.0000 0.0000	</row1>
					<row2>	-0.8637 0.0000 -0.5040 0.0000	</row2>
					<row3>	0.2305 1.1096 2.5057 1.0000	</row3>
				</transform>
			</node>
			<node>
				<identifier>	MP_BM608_Compass_repeater_INDEX_1	</identifier>
				<transform>
					<row0>	-0.5040 0.0000 -0.8637 0.0000	</row0>
					<row1>	0.0000 1.0000 0.0000 0.0000	</row1>
					<row2>	0.8637 0.0000 -0.5040 0.0000	</row2>
					<row3>	-0.2305 1.1096 2.5057 1.0000	</row3>
				</transform>
			</node>
			<node>
				<identifier>	MP_BM608_Compass_repeater_INDEX_2	</identifier>
				<transform>
					<row0>	0.0000 0.0000 1.0000 0.0000	</row0>
					<row1>	0.0000 1.0000 0.0000 0.0000	</row1>
					<row2>	-1.0000 0.0000 0.0000 0.0000	</row2>
					<row3>	0.4474 1.0875 2.1092 1.0000	</row3>
				</transform>
			</node>
			<node>
				<identifier>	MP_BM608_Compass_repeater_INDEX_3	</identifier>
				<transform>
					<row0>	0.0000 0.0000 -1.0000 0.0000	</row0>
					<row1>	0.0000 1.0000 0.0000 0.0000	</row1>
					<row2>	1.0000 0.0000 0.0000 0.0000	</row2>
					<row3>	-0.4474 1.0875 2.1092 1.0000	</row3>
				</transform>
			</node>
			<node>
				<identifier>	MP_BM629_Telegraph_Engine_L	</identifier>
				<transform>
					<row0>	1.0000 0.0000 0.0000 0.0000	</row0>
					<row1>	0.0000 1.0000 0.0000 0.0000	</row1>
					<row2>	0.0000 0.0000 1.0000 0.0000	</row2>
					<row3>	0.0694 1.0177 2.5473 1.0000	</row3>
				</transform>
			</node>
			<node>
				<identifier>	MP_BM629_Telegraph_Engine_L_INDEX_1	</identifier>
				<transform>
					<row0>	1.0000 0.0000 0.0000 0.0000	</row0>
					<row1>	0.0000 1.0000 0.0000 0.0000	</row1>
					<row2>	0.0000 0.0000 1.0000 0.0000	</row2>
					<row3>	0.1099 1.0177 2.5276 1.0000	</row3>
				</transform>
			</node>
			<node>
				<identifier>	MP_BM629_Telegraph_Engine_L_INDEX_2	</identifier>
				<transform>
					<row0>	1.0000 0.0000 0.0000 0.0000	</row0>
					<row1>	0.0000 1.0000 0.0000 0.0000	</row1>
					<row2>	0.0000 0.0000 1.0000 0.0000	</row2>
					<row3>	-0.1099 1.0177 2.5276 1.0000	</row3>
				</transform>
			</node>
			<node>
				<identifier>	MP_BM629_Telegraph_Engine_L_INDEX_3	</identifier>
				<transform>
					<row0>	1.0000 0.0000 0.0000 0.0000	</row0>
					<row1>	0.0000 1.0000 0.0000 0.0000	</row1>
					<row2>	0.0000 0.0000 1.0000 0.0000	</row2>
					<row3>	-0.0694 1.0177 2.5473 1.0000	</row3>
				</transform>
			</node>
			<node>
				<identifier>	MP_BM630_Rudder_Ind	</identifier>
				<transform>
					<row0>	-1.0000 0.0000 0.0000 0.0000	</row0>
					<row1>	0.0000 1.0000 0.0000 0.0000	</row1>
					<row2>	0.0000 0.0000 -1.0000 0.0000	</row2>
					<row3>	-0.0490 1.0177 2.6053 1.0000	</row3>
				</transform>
			</node>
			<node>
				<identifier>	MP_BM631_Universal_sight	</identifier>
				<transform>
					<row0>	0.0000 0.0000 1.0000 0.0000	</row0>
					<row1>	0.0000 1.0000 0.0000 0.0000	</row1>
					<row2>	-1.0000 0.0000 0.0000 0.0000	</row2>
					<row3>	0.2703 1.1806 2.0825 1.0000	</row3>
				</transform>
			</node>
			<node>
				<identifier>	MP_BM631_Universal_sight_INDEX_1	</identifier>
				<transform>
					<row0>	0.0000 0.0000 -1.0000 0.0000	</row0>
					<row1>	0.0000 1.0000 0.0000 0.0000	</row1>
					<row2>	1.0000 0.0000 0.0000 0.0000	</row2>
					<row3>	-0.2703 1.1806 2.0825 1.0000	</row3>
				</transform>
			</node>
			<node>
				<identifier>	MP_BM632_Steering	</identifier>
				<transform>
					<row0>	1.0000 0.0000 0.0000 0.0000	</row0>
					<row1>	0.0000 1.0000 0.0000 0.0000	</row1>
					<row2>	0.0000 0.0000 1.0000 0.0000	</row2>
					<row3>	0.0000 1.0177 2.5367 1.0000	</row3>
				</transform>
			</node>
			<node>
				<identifier>	MP_BM675_Antenna_MF_DF	</identifier>
				<transform>
					<row0>	1.0000 0.0000 0.0000 0.0000	</row0>
					<row1>	0.0000 1.0000 0.0000 0.0000	</row1>
					<row2>	0.0000 0.0000 1.0000 0.0000	</row2>
					<row3>	0.0000 1.1803 2.7927 1.0000	</row3>
				</transform>
			</node>
			<node>
				<identifier>	MP_BM706_Ammunition_Box	</identifier>
				<transform>
					<row0>	0.5003 0.0000 -0.8658 0.0000	</row0>
					<row1>	0.0000 1.0000 0.0000 0.0000	</row1>
					<row2>	0.8658 0.0000 0.5003 0.0000	</row2>
					<row3>	0.2645 0.8547 2.6557 1.0000	</row3>
				</transform>
			</node>
			<node>
				<identifier>	MP_BM706_Ammunition_Box_INDEX_1	</identifier>
				<transform>
					<row0>	0.5003 0.0000 -0.8658 0.0000	</row0>
					<row1>	0.0000 1.0000 0.0000 0.0000	</row1>
					<row2>	0.8658 0.0000 0.5003 0.0000	</row2>
					<row3>	0.3334 0.8547 2.5365 1.0000	</row3>
				</transform>
			</node>
			<node>
				<identifier>	MP_BM706_Ammunition_Box_INDEX_2	</identifier>
				<transform>
					<row0>	0.5003 0.0000 0.8658 0.0000	</row0>
					<row1>	0.0000 1.0000 0.0000 0.0000	</row1>
					<row2>	-0.8658 0.0000 0.5003 0.0000	</row2>
					<row3>	-0.3334 0.8547 2.5365 1.0000	</row3>
				</transform>
			</node>
			<node>
				<identifier>	MP_BM706_Ammunition_Box_INDEX_3	</identifier>
				<transform>
					<row0>	0.5003 0.0000 0.8658 0.0000	</row0>
					<row1>	0.0000 1.0000 0.0000 0.0000	</row1>
					<row2>	-0.8658 0.0000 0.5003 0.0000	</row2>
					<row3>	-0.2645 0.8547 2.6557 1.0000	</row3>
				</transform>
			</node>
			<node>
				<identifier>	MP_BM706_Ammunition_Box_INDEX_4	</identifier>
				<transform>
					<row0>	0.0000 0.0000 1.0000 0.0000	</row0>
					<row1>	0.0127 0.9999 0.0000 0.0000	</row1>
					<row2>	-0.9999 0.0127 0.0000 0.0000	</row2>
					<row3>	0.2688 0.5104 1.5342 1.0000	</row3>
				</transform>
			</node>
			<node>
				<identifier>	MP_BM706_Ammunition_Box_INDEX_5	</identifier>
				<transform>
					<row0>	0.0000 0.0000 -1.0000 0.0000	</row0>
					<row1>	-0.0127 0.9999 0.0000 0.0000	</row1>
					<row2>	0.9999 0.0127 0.0000 0.0000	</row2>
					<row3>	-0.2688 0.5104 1.5342 1.0000	</row3>
				</transform>
			</node>
			<node>
				<identifier>	MP_BM711_Flag_box	</identifier>
				<transform>
					<row0>	1.0000 0.0000 0.0000 0.0000	</row0>
					<row1>	0.0000 1.0000 0.0000 0.0000	</row1>
					<row2>	0.0000 0.0000 1.0000 0.0000	</row2>
					<row3>	0.3195 0.8544 1.7711 1.0000	</row3>
				</transform>
			</node>
			<node>
				<identifier>	MP_BM711_Flag_box_INDEX_1	</identifier>
				<transform>
					<row0>	1.0000 0.0000 0.0000 0.0000	</row0>
					<row1>	0.0000 1.0000 0.0000 0.0000	</row1>
					<row2>	0.0000 0.0000 1.0000 0.0000	</row2>
					<row3>	-0.3195 0.8544 1.7711 1.0000	</row3>
				</transform>
			</node>
			<node>
				<identifier>	MP_BM753_Deck_Hatch	</identifier>
				<transform>
					<row0>	1.0000 0.0000 0.0000 0.0000	</row0>
					<row1>	0.0000 1.0000 0.0000 0.0000	</row1>
					<row2>	0.0000 0.0000 1.0000 0.0000	</row2>
					<row3>	0.2835 0.6820 3.0573 1.0000	</row3>
				</transform>
			</node>
			<node>
				<identifier>	MP_BM753_Deck_Hatch_INDEX_1	</identifier>
				<transform>
					<row0>	1.0000 0.0000 0.0000 0.0000	</row0>
					<row1>	0.0000 1.0000 0.0000 0.0000	</row1>
					<row2>	0.0000 0.0000 1.0000 0.0000	</row2>
					<row3>	-0.2835 0.6820 3.0573 1.0000	</row3>
				</transform>
			</node>
			<node>
				<identifier>	MP_BM753_Deck_Hatch_INDEX_2	</identifier>
				<transform>
					<row0>	0.0000 0.0000 1.0000 0.0000	</row0>
					<row1>	0.0000 1.0000 0.0000 0.0000	</row1>
					<row2>	-1.0000 0.0000 0.0000 0.0000	</row2>
					<row3>	0.0000 0.5279 3.9869 1.0000	</row3>
				</transform>
			</node>
			<node>
				<identifier>	MP_BM800_Ventilators_mushroom	</identifier>
				<transform>
					<row0>	-1.0000 0.0000 0.0000 0.0000	</row0>
					<row1>	0.0000 1.0000 0.0000 0.0000	</row1>
					<row2>	0.0000 0.0000 -1.0000 0.0000	</row2>
					<row3>	0.5735 0.6823 2.0623 1.0000	</row3>
				</transform>
			</node>
			<node>
				<identifier>	MP_BM800_Ventilators_mushroom_INDEX_1	</identifier>
				<transform>
					<row0>	-1.0000 0.0000 0.0000 0.0000	</row0>
					<row1>	0.0000 1.0000 0.0000 0.0000	</row1>
					<row2>	0.0000 0.0000 -1.0000 0.0000	</row2>
					<row3>	-0.5735 0.6823 2.0623 1.0000	</row3>
				</transform>
			</node>
			<node>
				<identifier>	MP_BM801_Ventilators_mushroom	</identifier>
				<transform>
					<row0>	-1.0000 0.0000 0.0000 0.0000	</row0>
					<row1>	0.0000 1.0000 0.0000 0.0000	</row1>
					<row2>	0.0000 0.0000 -1.0000 0.0000	</row2>
					<row3>	0.2164 0.6823 2.8654 1.0000	</row3>
				</transform>
			</node>
			<node>
				<identifier>	MP_BM801_Ventilators_mushroom_INDEX_1	</identifier>
				<transform>
					<row0>	-1.0000 0.0000 0.0000 0.0000	</row0>
					<row1>	0.0000 1.0000 0.0000 0.0000	</row1>
					<row2>	0.0000 0.0000 -1.0000 0.0000	</row2>
					<row3>	-0.2164 0.6823 2.8654 1.0000	</row3>
				</transform>
			</node>
			<node>
				<identifier>	MP_BM801_Ventilators_mushroom_INDEX_2	</identifier>
				<transform>
					<row0>	1.0000 0.0000 0.0000 0.0000	</row0>
					<row1>	0.0000 1.0000 0.0000 0.0000	</row1>
					<row2>	0.0000 0.0000 1.0000 0.0000	</row2>
					<row3>	0.0346 0.8544 2.6018 1.0000	</row3>
				</transform>
			</node>
			<node>
				<identifier>	MP_BM801_Ventilators_mushroom_INDEX_3	</identifier>
				<transform>
					<row0>	1.0000 0.0000 0.0000 0.0000	</row0>
					<row1>	0.0000 1.0000 0.0000 0.0000	</row1>
					<row2>	0.0000 0.0000 1.0000 0.0000	</row2>
					<row3>	-0.0346 0.8544 2.6018 1.0000	</row3>
				</transform>
			</node>
			<node>
				<identifier>	MP_BM850_Signal_lamp_10in	</identifier>
				<transform>
					<row0>	-0.5000 0.0000 0.8660 0.0000	</row0>
					<row1>	0.0000 1.0000 0.0000 0.0000	</row1>
					<row2>	-0.8660 0.0000 -0.5000 0.0000	</row2>
					<row3>	0.4425 0.9250 2.4041 1.0000	</row3>
				</transform>
			</node>
			<node>
				<identifier>	MP_BM850_Signal_lamp_10in_INDEX_1	</identifier>
				<transform>
					<row0>	-0.5000 0.0000 -0.8660 0.0000	</row0>
					<row1>	0.0000 1.0000 0.0000 0.0000	</row1>
					<row2>	0.8660 0.0000 -0.5000 0.0000	</row2>
					<row3>	-0.4425 0.9250 2.4041 1.0000	</row3>
				</transform>
			</node>
			<node>
				<identifier>	MP_BM852_Searchlight_44in	</identifier>
				<transform>
					<row0>	0.0000 0.0000 -1.0000 0.0000	</row0>
					<row1>	0.0000 1.0000 0.0000 0.0000	</row1>
					<row2>	1.0000 0.0000 0.0000 0.0000	</row2>
					<row3>	0.2196 1.0181 1.5136 1.0000	</row3>
				</transform>
			</node>
			<node>
				<identifier>	MP_BM852_Searchlight_44in_INDEX_1	</identifier>
				<transform>
					<row0>	0.0000 0.0000 1.0000 0.0000	</row0>
					<row1>	0.0000 1.0000 0.0000 0.0000	</row1>
					<row2>	-1.0000 0.0000 0.0000 0.0000	</row2>
					<row3>	-0.2196 1.0181 1.5136 1.0000	</row3>
				</transform>
			</node>
			<node>
				<identifier>	MP_BM856_Daylight_signaling_lanterm	</identifier>
				<transform>
					<row0>	0.0000 0.0000 -1.0000 0.0000	</row0>
					<row1>	0.0000 1.0000 0.0000 0.0000	</row1>
					<row2>	1.0000 0.0000 0.0000 0.0000	</row2>
					<row3>	0.0884 1.6676 1.7725 1.0000	</row3>
				</transform>
			</node>
			<node>
				<identifier>	MP_BM856_Daylight_signaling_lanterm_INDEX_1	</identifier>
				<transform>
					<row0>	0.0000 0.0000 1.0000 0.0000	</row0>
					<row1>	0.0000 1.0000 0.0000 0.0000	</row1>
					<row2>	-1.0000 0.0000 0.0000 0.0000	</row2>
					<row3>	-0.0884 1.6676 1.7725 1.0000	</row3>
				</transform>
			</node>
			<node>
				<identifier>	MP_BM858_Signal_Lamp	</identifier>
				<transform>
					<row0>	1.0000 0.0000 0.0000 0.0000	</row0>
					<row1>	0.0000 1.0000 0.0000 0.0000	</row1>
					<row2>	0.0000 0.0000 1.0000 0.0000	</row2>
					<row3>	0.2522 1.9884 1.6761 1.0000	</row3>
				</transform>
			</node>
			<node>
				<identifier>	MP_BM858_Signal_Lamp_INDEX_1	</identifier>
				<transform>
					<row0>	1.0000 0.0000 0.0000 0.0000	</row0>
					<row1>	0.0000 1.0000 0.0000 0.0000	</row1>
					<row2>	0.0000 0.0000 1.0000 0.0000	</row2>
					<row3>	0.0462 1.9900 1.6761 1.0000	</row3>
				</transform>
			</node>
			<node>
				<identifier>	MP_BM858_Signal_Lamp_INDEX_2	</identifier>
				<transform>
					<row0>	1.0000 0.0000 0.0000 0.0000	</row0>
					<row1>	0.0000 1.0000 0.0000 0.0000	</row1>
					<row2>	0.0000 0.0000 1.0000 0.0000	</row2>
					<row3>	-0.0462 1.9900 1.6761 1.0000	</row3>
				</transform>
			</node>
			<node>
				<identifier>	MP_BM858_Signal_Lamp_INDEX_3	</identifier>
				<transform>
					<row0>	1.0000 0.0000 0.0000 0.0000	</row0>
					<row1>	0.0000 1.0000 0.0000 0.0000	</row1>
					<row2>	0.0000 0.0000 1.0000 0.0000	</row2>
					<row3>	-0.2522 1.9884 1.6761 1.0000	</row3>
				</transform>
			</node>
			<node>
				<identifier>	MP_BM864_Signal_Lamp_L	</identifier>
				<transform>
					<row0>	1.0000 0.0000 0.0000 0.0000	</row0>
					<row1>	0.0000 -1.0000 0.0000 0.0000	</row1>
					<row2>	0.0000 0.0000 -1.0000 0.0000	</row2>
					<row3>	0.1875 1.9838 1.6761 1.0000	</row3>
				</transform>
			</node>
			<node>
				<identifier>	MP_BM864_Signal_Lamp_L_INDEX_1	</identifier>
				<transform>
					<row0>	1.0000 0.0000 0.0000 0.0000	</row0>
					<row1>	0.0000 -1.0000 0.0000 0.0000	</row1>
					<row2>	0.0000 0.0000 -1.0000 0.0000	</row2>
					<row3>	-0.1875 1.9838 1.6761 1.0000	</row3>
				</transform>
			</node>
			<node>
				<identifier>	MP_BM865_Signal_Lamp_R	</identifier>
				<transform>
					<row0>	1.0000 0.0000 0.0000 0.0000	</row0>
					<row1>	0.0000 -1.0000 0.0000 0.0000	</row1>
					<row2>	0.0000 0.0000 -1.0000 0.0000	</row2>
					<row3>	0.0799 1.9828 1.6761 1.0000	</row3>
				</transform>
			</node>
			<node>
				<identifier>	MP_BM865_Signal_Lamp_R_INDEX_1	</identifier>
				<transform>
					<row0>	1.0000 0.0000 0.0000 0.0000	</row0>
					<row1>	0.0000 -1.0000 0.0000 0.0000	</row1>
					<row2>	0.0000 0.0000 -1.0000 0.0000	</row2>
					<row3>	-0.0799 1.9828 1.6761 1.0000	</row3>
				</transform>
			</node>
			<node>
				<identifier>	MP_BM871_Running_Lights_F	</identifier>
				<transform>
					<row0>	1.0000 0.0000 0.0000 0.0000	</row0>
					<row1>	0.0000 1.0000 0.0000 0.0000	</row1>
					<row2>	0.0000 0.0000 1.0000 0.0000	</row2>
					<row3>	0.0000 1.1447 2.8135 1.0000	</row3>
				</transform>
			</node>
			<node>
				<identifier>	MP_BM871_Running_Lights_F_INDEX_1	</identifier>
				<transform>
					<row0>	1.0000 0.0000 0.0000 0.0000	</row0>
					<row1>	0.0000 1.0000 0.0000 0.0000	</row1>
					<row2>	0.0000 0.0000 1.0000 0.0000	</row2>
					<row3>	0.0000 1.8301 1.8929 1.0000	</row3>
				</transform>
			</node>
			<node>
				<identifier>	MP_BM875_Running_Light_R	</identifier>
				<transform>
					<row0>	1.0000 0.0000 0.0000 0.0000	</row0>
					<row1>	0.0000 1.0000 0.0000 0.0000	</row1>
					<row2>	0.0000 0.0000 1.0000 0.0000	</row2>
					<row3>	0.4477 0.8447 2.3149 1.0000	</row3>
				</transform>
			</node>
			<node>
				<identifier>	MP_BM876_Running_Light_L	</identifier>
				<transform>
					<row0>	1.0000 0.0000 0.0000 0.0000	</row0>
					<row1>	0.0000 1.0000 0.0000 0.0000	</row1>
					<row2>	0.0000 0.0000 1.0000 0.0000	</row2>
					<row3>	-0.4477 0.8447 2.3149 1.0000	</row3>
				</transform>
			</node>
			<node>
				<identifier>	MP_BM964_3ton_electrik_winch_R	</identifier>
				<transform>
					<row0>	1.0000 0.0000 0.0000 0.0000	</row0>
					<row1>	0.0000 1.0000 0.0000 0.0000	</row1>
					<row2>	0.0000 0.0000 1.0000 0.0000	</row2>
					<row3>	0.4953 0.6821 2.1755 1.0000	</row3>
				</transform>
			</node>
			<node>
				<identifier>	MP_BM965_3ton_electrik_winch_L	</identifier>
				<transform>
					<row0>	1.0000 0.0000 0.0000 0.0000	</row0>
					<row1>	0.0000 1.0000 0.0000 0.0000	</row1>
					<row2>	0.0000 0.0000 1.0000 0.0000	</row2>
					<row3>	-0.4953 0.6821 2.1755 1.0000	</row3>
				</transform>
			</node>
			<node>
				<identifier>	MP_CM011_Fire_Fighting_Gear	</identifier>
				<transform>
					<row0>	-0.4975 0.0000 0.8675 0.0000	</row0>
					<row1>	0.0000 1.0000 0.0000 0.0000	</row1>
					<row2>	-0.8675 0.0000 -0.4975 0.0000	</row2>
					<row3>	0.1909 0.5224 3.9268 1.0000	</row3>
				</transform>
			</node>
			<node>
				<identifier>	MP_CM011_Fire_Fighting_Gear_INDEX_1	</identifier>
				<transform>
					<row0>	-0.0639 0.0000 0.9980 0.0000	</row0>
					<row1>	0.0000 1.0000 0.0000 0.0000	</row1>
					<row2>	-0.9980 0.0000 -0.0639 0.0000	</row2>
					<row3>	0.5648 0.5054 2.7429 1.0000	</row3>
				</transform>
			</node>
			<node>
				<identifier>	MP_CM011_Fire_Fighting_Gear_INDEX_10	</identifier>
				<transform>
					<row0>	0.2802 0.0000 -0.9599 0.0000	</row0>
					<row1>	0.0000 1.0000 0.0000 0.0000	</row1>
					<row2>	0.9599 0.0000 0.2802 0.0000	</row2>
					<row3>	-0.2809 0.6832 3.4608 1.0000	</row3>
				</transform>
			</node>
			<node>
				<identifier>	MP_CM011_Fire_Fighting_Gear_INDEX_11	</identifier>
				<transform>
					<row0>	0.0000 0.0000 -1.0000 0.0000	</row0>
					<row1>	0.0000 1.0000 0.0000 0.0000	</row1>
					<row2>	1.0000 0.0000 0.0000 0.0000	</row2>
					<row3>	-0.3756 0.6832 2.4801 1.0000	</row3>
				</transform>
			</node>
			<node>
				<identifier>	MP_CM011_Fire_Fighting_Gear_INDEX_2	</identifier>
				<transform>
					<row0>	0.0000 0.0000 1.0000 0.0000	</row0>
					<row1>	0.0000 1.0000 0.0000 0.0000	</row1>
					<row2>	-1.0000 0.0000 0.0000 0.0000	</row2>
					<row3>	0.2544 0.5108 1.4442 1.0000	</row3>
				</transform>
			</node>
			<node>
				<identifier>	MP_CM011_Fire_Fighting_Gear_INDEX_3	</identifier>
				<transform>
					<row0>	-0.4975 0.0000 -0.8675 0.0000	</row0>
					<row1>	0.0000 1.0000 0.0000 0.0000	</row1>
					<row2>	0.8675 0.0000 -0.4975 0.0000	</row2>
					<row3>	-0.1909 0.5224 3.9268 1.0000	</row3>
				</transform>
			</node>
			<node>
				<identifier>	MP_CM011_Fire_Fighting_Gear_INDEX_4	</identifier>
				<transform>
					<row0>	-0.0639 0.0000 -0.9980 0.0000	</row0>
					<row1>	0.0000 1.0000 0.0000 0.0000	</row1>
					<row2>	0.9980 0.0000 -0.0639 0.0000	</row2>
					<row3>	-0.5648 0.5054 2.7429 1.0000	</row3>
				</transform>
			</node>
			<node>
				<identifier>	MP_CM011_Fire_Fighting_Gear_INDEX_5	</identifier>
				<transform>
					<row0>	0.0000 0.0000 -1.0000 0.0000	</row0>
					<row1>	0.0000 1.0000 0.0000 0.0000	</row1>
					<row2>	1.0000 0.0000 0.0000 0.0000	</row2>
					<row3>	-0.2544 0.5108 1.4442 1.0000	</row3>
				</transform>
			</node>
			<node>
				<identifier>	MP_CM011_Fire_Fighting_Gear_INDEX_6	</identifier>
				<transform>
					<row0>	0.2802 0.0000 0.9599 0.0000	</row0>
					<row1>	0.0000 1.0000 0.0000 0.0000	</row1>
					<row2>	-0.9599 0.0000 0.2802 0.0000	</row2>
					<row3>	0.2809 0.6832 3.4608 1.0000	</row3>
				</transform>
			</node>
			<node>
				<identifier>	MP_CM011_Fire_Fighting_Gear_INDEX_7	</identifier>
				<transform>
					<row0>	0.0000 0.0000 1.0000 0.0000	</row0>
					<row1>	0.0000 1.0000 0.0000 0.0000	</row1>
					<row2>	-1.0000 0.0000 0.0000 0.0000	</row2>
					<row3>	0.3756 0.6832 2.4801 1.0000	</row3>
				</transform>
			</node>
			<node>
				<identifier>	MP_CM011_Fire_Fighting_Gear_INDEX_8	</identifier>
				<transform>
					<row0>	0.0000 0.0000 1.0000 0.0000	</row0>
					<row1>	0.0000 1.0000 0.0000 0.0000	</row1>
					<row2>	-1.0000 0.0000 0.0000 0.0000	</row2>
					<row3>	0.3130 0.8564 2.3348 1.0000	</row3>
				</transform>
			</node>
			<node>
				<identifier>	MP_CM011_Fire_Fighting_Gear_INDEX_9	</identifier>
				<transform>
					<row0>	0.0000 0.0000 -1.0000 0.0000	</row0>
					<row1>	0.0000 1.0000 0.0000 0.0000	</row1>
					<row2>	1.0000 0.0000 0.0000 0.0000	</row2>
					<row3>	-0.3130 0.8564 2.3348 1.0000	</row3>
				</transform>
			</node>
			<node>
				<identifier>	MP_CM013_Fire_Hose_Rack_2	</identifier>
				<transform>
					<row0>	0.0000 0.0000 -1.0000 0.0000	</row0>
					<row1>	0.0000 1.0000 0.0000 0.0000	</row1>
					<row2>	1.0000 0.0000 0.0000 0.0000	</row2>
					<row3>	0.1387 0.5689 3.9518 1.0000	</row3>
				</transform>
			</node>
			<node>
				<identifier>	MP_CM013_Fire_Hose_Rack_2_INDEX_1	</identifier>
				<transform>
					<row0>	-0.9980 0.0000 -0.0633 0.0000	</row0>
					<row1>	0.0000 1.0000 0.0000 0.0000	</row1>
					<row2>	0.0633 0.0000 -0.9980 0.0000	</row2>
					<row3>	0.5546 0.5520 2.7825 1.0000	</row3>
				</transform>
			</node>
			<node>
				<identifier>	MP_CM013_Fire_Hose_Rack_2_INDEX_10	</identifier>
				<transform>
					<row0>	-0.8818 0.0000 0.4717 0.0000	</row0>
					<row1>	0.0000 1.0000 0.0000 0.0000	</row1>
					<row2>	-0.4717 0.0000 -0.8818 0.0000	</row2>
					<row3>	0.2479 0.7341 3.4121 1.0000	</row3>
				</transform>
			</node>
			<node>
				<identifier>	MP_CM013_Fire_Hose_Rack_2_INDEX_11	</identifier>
				<transform>
					<row0>	0.8818 0.0000 0.4717 0.0000	</row0>
					<row1>	0.0000 1.0000 0.0000 0.0000	</row1>
					<row2>	-0.4717 0.0000 0.8818 0.0000	</row2>
					<row3>	-0.2479 0.7341 3.4121 1.0000	</row3>
				</transform>
			</node>
			<node>
				<identifier>	MP_CM013_Fire_Hose_Rack_2_INDEX_2	</identifier>
				<transform>
					<row0>	-1.0000 0.0000 0.0000 0.0000	</row0>
					<row1>	0.0000 1.0000 0.0000 0.0000	</row1>
