<ZSC014_Dalian_1952_MidFront_ports.visual>
	<node>
		<identifier>	Scene Root	</identifier>
		<transform>
			<row0>	1.0000 0.0000 0.0000 0.0000	</row0>
			<row1>	0.0000 1.0000 0.0000 0.0000	</row1>
			<row2>	0.0000 0.0000 1.0000 0.0000	</row2>
			<row3>	0.0000 0.0000 0.0000 1.0000	</row3>
		</transform>
		<node>
			<identifier>	MidFront_ports	</identifier>
			<transform>
				<row0>	1.0000 0.0000 0.0000 0.0000	</row0>
				<row1>	0.0000 1.0000 0.0000 0.0000	</row1>
				<row2>	0.0000 0.0000 1.0000 0.0000	</row2>
				<row3>	0.0000 0.0000 0.0000 1.0000	</row3>
			</transform>
			<node>
				<identifier>	HP_FX_Death_1	</identifier>
				<transform>
					<row0>	1.0000 0.0000 0.0000 0.0000	</row0>
					<row1>	0.0000 1.0000 0.0000 0.0000	</row1>
					<row2>	0.0000 0.0000 1.0000 0.0000	</row2>
					<row3>	0.0000 0.0000 3.4363 1.0000	</row3>
				</transform>
			</node>
			<node>
				<identifier>	HP_FX_Fire_2	</identifier>
				<transform>
					<row0>	1.0000 0.0000 0.0000 0.0000	</row0>
					<row1>	0.0000 1.0000 0.0000 0.0000	</row1>
					<row2>	0.0000 0.0000 1.0000 0.0000	</row2>
					<row3>	0.0000 0.5878 1.0351 1.0000	</row3>
				</transform>
			</node>
			<node>
				<identifier>	HP_FX_Fire_2_side_1	</identifier>
				<transform>
					<row0>	1.0000 0.0000 0.0000 0.0000	</row0>
					<row1>	0.0000 1.0000 0.0000 0.0000	</row1>
					<row2>	0.0000 0.0000 1.0000 0.0000	</row2>
					<row3>	-0.3862 0.4509 2.7395 1.0000	</row3>
				</transform>
			</node>
			<node>
				<identifier>	HP_FX_Fire_2_side_2	</identifier>
				<transform>
					<row0>	1.0000 0.0000 0.0000 0.0000	</row0>
					<row1>	0.0000 1.0000 0.0000 0.0000	</row1>
					<row2>	0.0000 0.0000 1.0000 0.0000	</row2>
					<row3>	0.3903 0.5621 1.6906 1.0000	</row3>
				</transform>
			</node>
			<node>
				<identifier>	HP_FX_FloodLight_left_2	</identifier>
				<transform>
					<row0>	-0.9958 0.0000 0.0920 0.0000	</row0>
					<row1>	0.0000 1.0000 0.0000 0.0000	</row1>
					<row2>	-0.0920 0.0000 -0.9958 0.0000	</row2>
					<row3>	-0.1984 0.7440 1.2185 1.0000	</row3>
				</transform>
			</node>
			<node>
				<identifier>	HP_FX_FloodLight_right_2	</identifier>
				<transform>
					<row0>	1.0000 0.0000 0.0000 0.0000	</row0>
					<row1>	0.0000 1.0000 0.0000 0.0000	</row1>
					<row2>	0.0000 0.0000 1.0000 0.0000	</row2>
					<row3>	0.1992 0.7427 1.2175 1.0000	</row3>
				</transform>
			</node>
			<node>
				<identifier>	HP_FX_Flood_steam_1	</identifier>
				<transform>
					<row0>	0.8467 0.5321 0.0000 0.0000	</row0>
					<row1>	-0.5183 0.8249 -0.2258 0.0000	</row1>
					<row2>	-0.1201 0.1912 0.9742 0.0000	</row2>
					<row3>	-0.0400 1.1482 0.6049 1.0000	</row3>
				</transform>
			</node>
			<node>
				<identifier>	HP_FX_Flood_steam_left	</identifier>
				<transform>
					<row0>	-1.0000 0.0000 0.0000 0.0000	</row0>
					<row1>	0.0000 1.0000 0.0000 0.0000	</row1>
					<row2>	0.0000 0.0000 -1.0000 0.0000	</row2>
					<row3>	-0.4625 0.3842 2.7016 1.0000	</row3>
				</transform>
			</node>
			<node>
				<identifier>	HP_FX_Flood_water_left_2	</identifier>
				<transform>
					<row0>	-0.9955 0.0000 0.0949 0.0000	</row0>
					<row1>	0.0000 1.0000 0.0000 0.0000	</row1>
					<row2>	-0.0949 0.0000 -0.9955 0.0000	</row2>
					<row3>	-0.2722 0.0464 3.4722 1.0000	</row3>
				</transform>
			</node>
			<node>
				<identifier>	HP_FX_Flood_water_right_2	</identifier>
				<transform>
					<row0>	0.9894 0.0000 0.1454 0.0000	</row0>
					<row1>	0.0000 1.0000 0.0000 0.0000	</row1>
					<row2>	-0.1454 0.0000 0.9894 0.0000	</row2>
					<row3>	0.2731 0.0466 3.4738 1.0000	</row3>
				</transform>
			</node>
			<node>
				<identifier>	HP_FX_RepairLight_left_1	</identifier>
				<transform>
					<row0>	0.0374 0.0000 0.9993 0.0000	</row0>
					<row1>	0.0004 1.0000 0.0000 0.0000	</row1>
					<row2>	-0.9993 0.0004 0.0374 0.0000	</row2>
					<row3>	-0.4829 0.4529 2.5162 1.0000	</row3>
				</transform>
			</node>
			<node>
				<identifier>	HP_FX_RepairLight_right_2	</identifier>
				<transform>
					<row0>	0.0486 0.0000 -0.9988 0.0000	</row0>
					<row1>	0.0000 1.0000 0.0000 0.0000	</row1>
					<row2>	0.9988 0.0000 0.0486 0.0000	</row2>
					<row3>	0.4459 0.4512 3.3465 1.0000	</row3>
				</transform>
			</node>
			<node>
				<identifier>	HP_FX_Smoke_1	</identifier>
				<transform>
					<row0>	1.0000 0.0000 0.0000 0.0000	</row0>
					<row1>	0.0000 0.9987 -0.0513 0.0000	</row1>
					<row2>	0.0000 0.0513 0.9987 0.0000	</row2>
					<row3>	0.0000 1.1071 0.7203 1.0000	</row3>
				</transform>
			</node>
			<node>
				<identifier>	HP_Flagpole	</identifier>
				<transform>
					<row0>	1.0000 0.0000 0.0000 0.0000	</row0>
					<row1>	0.0000 1.0000 0.0000 0.0000	</row1>
					<row2>	0.0000 0.0000 1.0000 0.0000	</row2>
					<row3>	0.0000 1.7897 1.0298 1.0000	</row3>
				</transform>
			</node>
			<node>
				<identifier>	HP_Ship_death_2	</identifier>
				<transform>
					<row0>	1.0000 0.0000 0.0000 0.0000	</row0>
					<row1>	0.0000 1.0000 0.0000 0.0000	</row1>
					<row2>	0.0000 0.0000 1.0000 0.0000	</row2>
					<row3>	0.0000 0.0000 0.1800 1.0000	</row3>
				</transform>
			</node>
			<node>
				<identifier>	HP_ZD_1	</identifier>
				<transform>
					<row0>	0.0000 0.0000 1.0000 0.0000	</row0>
					<row1>	0.0000 1.0000 0.0000 0.0000	</row1>
					<row2>	-1.0000 0.0000 0.0000 0.0000	</row2>
					<row3>	-0.1597 0.7658 1.3177 1.0000	</row3>
				</transform>
			</node>
			<node>
				<identifier>	HP_ZD_2	</identifier>
				<transform>
					<row0>	0.0000 0.0000 -1.0000 0.0000	</row0>
					<row1>	0.0000 1.0000 0.0000 0.0000	</row1>
					<row2>	1.0000 0.0000 0.0000 0.0000	</row2>
					<row3>	0.1597 0.7658 1.3177 1.0000	</row3>
				</transform>
			</node>
			<node>
				<identifier>	HP_ZD_3	</identifier>
				<transform>
					<row0>	0.0000 0.0000 1.0000 0.0000	</row0>
					<row1>	0.0000 1.0000 0.0000 0.0000	</row1>
					<row2>	-1.0000 0.0000 0.0000 0.0000	</row2>
					<row3>	-0.1719 0.7672 1.2513 1.0000	</row3>
				</transform>
			</node>
			<node>
				<identifier>	HP_ZD_4	</identifier>
				<transform>
					<row0>	0.0000 0.0000 -1.0000 0.0000	</row0>
					<row1>	0.0000 1.0000 0.0000 0.0000	</row1>
					<row2>	1.0000 0.0000 0.0000 0.0000	</row2>
					<row3>	0.1719 0.7672 1.2513 1.0000	</row3>
				</transform>
			</node>
			<node>
				<identifier>	HP_ZD_5	</identifier>
				<transform>
					<row0>	0.0000 0.0000 1.0000 0.0000	</row0>
					<row1>	0.0000 1.0000 0.0000 0.0000	</row1>
					<row2>	-1.0000 0.0000 0.0000 0.0000	</row2>
					<row3>	-0.1757 0.7672 1.1510 1.0000	</row3>
				</transform>
			</node>
			<node>
				<identifier>	HP_ZD_6	</identifier>
				<transform>
					<row0>	0.0000 0.0000 -1.0000 0.0000	</row0>
					<row1>	0.0000 1.0000 0.0000 0.0000	</row1>
					<row2>	1.0000 0.0000 0.0000 0.0000	</row2>
					<row3>	0.1757 0.7672 1.1510 1.0000	</row3>
				</transform>
			</node>
			<node>
				<identifier>	HP_ZF_1	</identifier>
				<transform>
					<row0>	1.0000 0.0000 0.0000 0.0000	</row0>
					<row1>	0.0000 1.0000 0.0000 0.0000	</row1>
					<row2>	0.0000 0.0000 1.0000 0.0000	</row2>
					<row3>	0.0000 1.2833 1.5175 1.0000	</row3>
				</transform>
			</node>
			<node>
				<identifier>	HP_ZGA_1	</identifier>
				<transform>
					<row0>	0.7071 0.0000 0.7071 0.0000	</row0>
					<row1>	0.0000 1.0000 0.0000 0.0000	</row1>
					<row2>	-0.7071 0.0000 0.7071 0.0000	</row2>
					<row3>	-0.3588 0.4621 2.0953 1.0000	</row3>
				</transform>
			</node>
			<node>
				<identifier>	HP_ZGA_10	</identifier>
				<transform>
					<row0>	0.0000 0.0000 -1.0000 0.0000	</row0>
					<row1>	0.0000 1.0000 0.0000 0.0000	</row1>
					<row2>	1.0000 0.0000 0.0000 0.0000	</row2>
					<row3>	0.4085 0.4584 0.9008 1.0000	</row3>
				</transform>
			</node>
			<node>
				<identifier>	HP_ZGA_2	</identifier>
				<transform>
					<row0>	0.7071 0.0000 -0.7071 0.0000	</row0>
					<row1>	0.0000 1.0000 0.0000 0.0000	</row1>
					<row2>	0.7071 0.0000 0.7071 0.0000	</row2>
					<row3>	0.3588 0.4621 2.0953 1.0000	</row3>
				</transform>
			</node>
			<node>
				<identifier>	HP_ZGA_3	</identifier>
				<transform>
					<row0>	0.0000 0.0000 1.0000 0.0000	</row0>
					<row1>	0.0000 1.0000 0.0000 0.0000	</row1>
					<row2>	-1.0000 0.0000 0.0000 0.0000	</row2>
					<row3>	-0.3856 0.4584 1.6903 1.0000	</row3>
				</transform>
			</node>
			<node>
				<identifier>	HP_ZGA_4	</identifier>
				<transform>
					<row0>	0.0000 0.0000 -1.0000 0.0000	</row0>
					<row1>	0.0000 1.0000 0.0000 0.0000	</row1>
					<row2>	1.0000 0.0000 0.0000 0.0000	</row2>
					<row3>	0.3856 0.4584 1.6903 1.0000	</row3>
				</transform>
			</node>
			<node>
				<identifier>	HP_ZGA_5	</identifier>
				<transform>
					<row0>	0.0000 0.0000 1.0000 0.0000	</row0>
					<row1>	0.0000 1.0000 0.0000 0.0000	</row1>
					<row2>	-1.0000 0.0000 0.0000 0.0000	</row2>
					<row3>	-0.3951 0.4584 1.4286 1.0000	</row3>
				</transform>
			</node>
			<node>
				<identifier>	HP_ZGA_6	</identifier>
				<transform>
					<row0>	0.0000 0.0000 -1.0000 0.0000	</row0>
					<row1>	0.0000 1.0000 0.0000 0.0000	</row1>
					<row2>	1.0000 0.0000 0.0000 0.0000	</row2>
					<row3>	0.3951 0.4584 1.4286 1.0000	</row3>
				</transform>
			</node>
			<node>
				<identifier>	HP_ZGA_7	</identifier>
				<transform>
					<row0>	0.0000 0.0000 1.0000 0.0000	</row0>
					<row1>	0.0000 1.0000 0.0000 0.0000	</row1>
					<row2>	-1.0000 0.0000 0.0000 0.0000	</row2>
					<row3>	-0.4032 0.4584 1.1636 1.0000	</row3>
				</transform>
			</node>
			<node>
				<identifier>	HP_ZGA_8	</identifier>
				<transform>
					<row0>	0.0000 0.0000 -1.0000 0.0000	</row0>
					<row1>	0.0000 1.0000 0.0000 0.0000	</row1>
					<row2>	1.0000 0.0000 0.0000 0.0000	</row2>
					<row3>	0.4032 0.4584 1.1636 1.0000	</row3>
				</transform>
			</node>
			<node>
				<identifier>	HP_ZGA_9	</identifier>
				<transform>
					<row0>	0.0000 0.0000 1.0000 0.0000	</row0>
					<row1>	0.0000 1.0000 0.0000 0.0000	</row1>
					<row2>	-1.0000 0.0000 0.0000 0.0000	</row2>
					<row3>	-0.4085 0.4584 0.9008 1.0000	</row3>
				</transform>
			</node>
			<node>
				<identifier>	HP_ZGM_1	</identifier>
				<transform>
					<row0>	1.0000 0.0000 0.0000 0.0000	</row0>
					<row1>	0.0000 1.0000 0.0000 0.0000	</row1>
					<row2>	0.0000 0.0000 1.0000 0.0000	</row2>
					<row3>	0.0000 0.4756 3.1518 1.0000	</row3>
				</transform>
			</node>
			<node>
				<identifier>	HP_ZGM_2	</identifier>
				<transform>
					<row0>	1.0000 0.0000 0.0000 0.0000	</row0>
					<row1>	0.0000 1.0000 0.0000 0.0000	</row1>
					<row2>	0.0000 0.0000 1.0000 0.0000	</row2>
					<row3>	0.0000 0.5989 2.5850 1.0000	</row3>
				</transform>
			</node>
			<node>
				<identifier>	HP_ZGM_3	</identifier>
				<transform>
					<row0>	1.0000 0.0000 0.0000 0.0000	</row0>
					<row1>	0.0000 1.0000 0.0000 0.0000	</row1>
					<row2>	0.0000 0.0000 1.0000 0.0000	</row2>
					<row3>	0.0000 0.7219 2.0178 1.0000	</row3>
				</transform>
			</node>
			<node>
				<identifier>	HP_ZGT_1	</identifier>
				<transform>
					<row0>	1.0000 0.0000 0.0000 0.0000	</row0>
					<row1>	0.0000 1.0000 0.0000 0.0000	</row1>
					<row2>	0.0000 0.0000 1.0000 0.0000	</row2>
					<row3>	-0.4224 0.3127 0.3571 1.0000	</row3>
				</transform>
			</node>
			<node>
				<identifier>	HP_ZGT_2	</identifier>
				<transform>
					<row0>	1.0000 0.0000 0.0000 0.0000	</row0>
					<row1>	0.0000 1.0000 0.0000 0.0000	</row1>
					<row2>	0.0000 0.0000 1.0000 0.0000	</row2>
					<row3>	0.4224 0.3127 0.3571 1.0000	</row3>
				</transform>
			</node>
			<node>
				<identifier>	HP_ZRS_1	</identifier>
				<transform>
					<row0>	1.0000 0.0000 0.0000 0.0000	</row0>
					<row1>	0.0000 1.0000 0.0000 0.0000	</row1>
					<row2>	0.0000 0.0000 1.0000 0.0000	</row2>
					<row3>	0.0000 1.1058 1.7391 1.0000	</row3>
				</transform>
			</node>
			<node>
				<identifier>	HP_ZRS_2	</identifier>
				<transform>
					<row0>	1.0000 0.0000 0.0000 0.0000	</row0>
					<row1>	0.0000 1.0000 0.0000 0.0000	</row1>
					<row2>	0.0000 0.0000 1.0000 0.0000	</row2>
					<row3>	0.0000 1.5166 1.3030 1.0000	</row3>
				</transform>
			</node>
			<node>
				<identifier>	HP_ZRS_3	</identifier>
				<transform>
					<row0>	1.0000 0.0000 0.0000 0.0000	</row0>
					<row1>	0.0000 1.0000 0.0000 0.0000	</row1>
					<row2>	0.0000 0.0000 1.0000 0.0000	</row2>
					<row3>	0.0000 1.7626 1.1313 1.0000	</row3>
				</transform>
			</node>
			<node>
				<identifier>	HP_flag_1	</identifier>
				<transform>
					<row0>	0.9021 -0.4283 -0.0531 0.0000	</row0>
					<row1>	0.4283 0.8733 0.2324 0.0000	</row1>
					<row2>	-0.0531 -0.2324 0.9712 0.0000	</row2>
					<row3>	0.2526 1.2074 1.1464 1.0000	</row3>
				</transform>
			</node>
			<node>
				<identifier>	HP_flag_2	</identifier>
				<transform>
					<row0>	0.9021 0.4283 0.0531 0.0000	</row0>
					<row1>	-0.4283 0.8733 0.2324 0.0000	</row1>
					<row2>	0.0531 -0.2324 0.9712 0.0000	</row2>
					<row3>	-0.2526 1.2074 1.1464 1.0000	</row3>
				</transform>
			</node>
			<node>
				<identifier>	HP_flag_3	</identifier>
				<transform>
					<row0>	0.9720 -0.2297 -0.0488 0.0000	</row0>
					<row1>	0.2297 0.8869 0.4008 0.0000	</row1>
					<row2>	-0.0488 -0.4008 0.9148 0.0000	</row2>
					<row3>	0.1406 1.2074 1.2113 1.0000	</row3>
				</transform>
			</node>
			<node>
				<identifier>	HP_flag_4	</identifier>
				<transform>
					<row0>	0.9753 0.2162 0.0460 0.0000	</row0>
					<row1>	-0.2162 0.8897 0.4021 0.0000	</row1>
					<row2>	0.0460 -0.4021 0.9144 0.0000	</row2>
					<row3>	-0.1398 1.2079 1.2107 1.0000	</row3>
				</transform>
			</node>
			<node>
				<identifier>	HP_flag_courtesy	</identifier>
				<transform>
					<row0>	0.8162 -0.5773 -0.0240 0.0000	</row0>
					<row1>	0.5773 0.8130 0.0754 0.0000	</row1>
					<row2>	-0.0240 -0.0754 0.9969 0.0000	</row2>
					<row3>	0.3581 1.2078 1.0861 1.0000	</row3>
				</transform>
			</node>
			<node>
				<identifier>	HP_flag_house	</identifier>
				<transform>
					<row0>	0.8162 0.5773 0.0240 0.0000	</row0>
					<row1>	-0.5773 0.8130 0.0754 0.0000	</row1>
					<row2>	0.0240 -0.0754 0.9969 0.0000	</row2>
					<row3>	-0.3572 1.2084 1.0855 1.0000	</row3>
				</transform>
			</node>
			<node>
				<identifier>	HP_flag_nation	</identifier>
				<transform>
					<row0>	0.9985 -0.0540 0.0006 0.0000	</row0>
					<row1>	0.0540 0.9983 -0.0234 0.0000	</row1>
					<row2>	0.0006 0.0234 0.9997 0.0000	</row2>
					<row3>	-0.0004 1.7494 1.0324 1.0000	</row3>
				</transform>
			</node>
			<node>
				<identifier>	HP_flag_rank	</identifier>
				<transform>
					<row0>	0.9985 -0.0540 0.0006 0.0000	</row0>
					<row1>	0.0540 0.9983 -0.0234 0.0000	</row1>
					<row2>	0.0006 0.0234 0.9997 0.0000	</row2>
					<row3>	-0.0080 1.6097 1.0357 1.0000	</row3>
				</transform>
			</node>
			<node>
				<identifier>	MP_CM011_Fire_Fighting_Gear	</identifier>
				<transform>
					<row0>	0.0000 0.0184 0.9998 0.0000	</row0>
					<row1>	0.0000 0.9998 -0.0184 0.0000	</row1>
					<row2>	-1.0000 0.0000 0.0000 0.0000	</row2>
					<row3>	0.0513 0.4722 3.7468 1.0000	</row3>
				</transform>
			</node>
			<node>
				<identifier>	MP_CM011_Fire_Fighting_Gear_INDEX_1	</identifier>
				<transform>
					<row0>	0.0000 -0.0184 -0.9998 0.0000	</row0>
					<row1>	0.0000 0.9998 -0.0184 0.0000	</row1>
					<row2>	1.0000 0.0000 0.0000 0.0000	</row2>
					<row3>	-0.0901 0.4689 0.6092 1.0000	</row3>
				</transform>
			</node>
			<node>
				<identifier>	MP_CM011_Fire_Fighting_Gear_INDEX_2	</identifier>
				<transform>
					<row0>	0.0000 0.0184 0.9998 0.0000	</row0>
					<row1>	0.0000 0.9998 -0.0184 0.0000	</row1>
					<row2>	-1.0000 0.0000 0.0000 0.0000	</row2>
					<row3>	0.0901 0.4689 0.6092 1.0000	</row3>
				</transform>
			</node>
			<node>
				<identifier>	MP_CM011_Fire_Fighting_Gear_INDEX_3	</identifier>
				<transform>
					<row0>	0.0000 -0.0184 -0.9998 0.0000	</row0>
					<row1>	0.0000 0.9998 -0.0184 0.0000	</row1>
					<row2>	1.0000 0.0000 0.0000 0.0000	</row2>
					<row3>	-0.1348 0.2986 0.7763 1.0000	</row3>
				</transform>
			</node>
			<node>
				<identifier>	MP_CM011_Fire_Fighting_Gear_INDEX_4	</identifier>
				<transform>
					<row0>	0.0000 0.0184 0.9998 0.0000	</row0>
					<row1>	0.0000 0.9998 -0.0184 0.0000	</row1>
					<row2>	-1.0000 0.0000 0.0000 0.0000	</row2>
					<row3>	0.1348 0.2986 0.7763 1.0000	</row3>
				</transform>
			</node>
			<node>
				<identifier>	MP_CM011_Fire_Fighting_Gear_INDEX_5	</identifier>
				<transform>
					<row0>	0.0000 -0.0184 -0.9998 0.0000	</row0>
					<row1>	0.0000 0.9998 -0.0184 0.0000	</row1>
					<row2>	1.0000 0.0000 0.0000 0.0000	</row2>
					<row3>	-0.0513 0.4722 3.7468 1.0000	</row3>
				</transform>
			</node>
			<node>
				<identifier>	MP_CM013_Fire_Hose_Rack_2	</identifier>
				<transform>
					<row0>	0.9978 0.0000 -0.0661 0.0000	</row0>
					<row1>	0.0000 1.0000 0.0000 0.0000	</row1>
					<row2>	0.0661 0.0000 0.9978 0.0000	</row2>
					<row3>	-0.1300 0.3721 0.7372 1.0000	</row3>
				</transform>
			</node>
			<node>
				<identifier>	MP_CM013_Fire_Hose_Rack_2_INDEX_1	</identifier>
				<transform>
					<row0>	-0.9642 0.0049 0.2651 0.0000	</row0>
					<row1>	0.0000 0.9998 -0.0184 0.0000	</row1>
					<row2>	-0.2652 -0.0177 -0.9640 0.0000	</row2>
					<row3>	0.0858 0.5347 0.6370 1.0000	</row3>
				</transform>
			</node>
			<node>
				<identifier>	MP_CM013_Fire_Hose_Rack_2_INDEX_2	</identifier>
				<transform>
					<row0>	0.9594 0.0052 0.2820 0.0000	</row0>
					<row1>	0.0000 0.9998 -0.0184 0.0000	</row1>
					<row2>	-0.2821 0.0176 0.9592 0.0000	</row2>
					<row3>	-0.0858 0.5347 0.6370 1.0000	</row3>
				</transform>
			</node>
			<node>
				<identifier>	MP_CM013_Fire_Hose_Rack_2_INDEX_3	</identifier>
				<transform>
					<row0>	-0.9991 0.0000 -0.0432 0.0000	</row0>
					<row1>	0.0000 1.0000 0.0000 0.0000	</row1>
					<row2>	0.0432 0.0000 -0.9991 0.0000	</row2>
					<row3>	0.1303 0.3721 0.7372 1.0000	</row3>
				</transform>
			</node>
			<node>
				<identifier>	MP_CM014_Fuel_Oil_Hose	</identifier>
				<transform>
					<row0>	0.9949 0.0110 -0.1004 0.0000	</row0>
					<row1>	-0.0110 0.9999 0.0004 0.0000	</row1>
					<row2>	0.1004 0.0007 0.9950 0.0000	</row2>
					<row3>	-0.2582 0.5041 1.2845 1.0000	</row3>
				</transform>
			</node>
			<node>
				<identifier>	MP_CM014_Fuel_Oil_Hose_INDEX_1	</identifier>
				<transform>
					<row0>	0.9993 0.0061 -0.0364 0.0000	</row0>
					<row1>	-0.0061 1.0000 0.0000 0.0000	</row1>
					<row2>	0.0364 0.0002 0.9993 0.0000	</row2>
					<row3>	-0.1534 0.3630 0.2374 1.0000	</row3>
				</transform>
			</node>
			<node>
				<identifier>	MP_CM014_Fuel_Oil_Hose_INDEX_2	</identifier>
				<transform>
					<row0>	-0.9949 0.0107 -0.1004 0.0000	</row0>
					<row1>	0.0108 0.9999 -0.0004 0.0000	</row1>
					<row2>	0.1004 -0.0015 -0.9949 0.0000	</row2>
					<row3>	0.2424 0.5041 1.4405 1.0000	</row3>
				</transform>
			</node>
			<node>
				<identifier>	MP_CM014_Fuel_Oil_Hose_INDEX_3	</identifier>
				<transform>
					<row0>	-0.9992 0.0000 -0.0389 0.0000	</row0>
					<row1>	0.0000 1.0000 0.0000 0.0000	</row1>
					<row2>	0.0389 0.0000 -0.9992 0.0000	</row2>
					<row3>	0.1533 0.3630 0.2374 1.0000	</row3>
				</transform>
			</node>
			<node>
				<identifier>	MP_CM014_Fuel_Oil_Hose_INDEX_4	</identifier>
				<transform>
					<row0>	-0.9950 0.0127 -0.0994 0.0000	</row0>
					<row1>	0.0128 0.9999 -0.0004 0.0000	</row1>
					<row2>	0.0994 -0.0017 -0.9950 0.0000	</row2>
					<row3>	0.2580 0.5041 1.2845 1.0000	</row3>
				</transform>
			</node>
			<node>
				<identifier>	MP_CM014_Fuel_Oil_Hose_INDEX_5	</identifier>
				<transform>
					<row0>	0.9948 0.0147 -0.1007 0.0000	</row0>
					<row1>	-0.0148 0.9999 0.0004 0.0000	</row1>
					<row2>	0.1007 0.0011 0.9949 0.0000	</row2>
					<row3>	-0.2424 0.5041 1.4405 1.0000	</row3>
				</transform>
			</node>
			<node>
				<identifier>	MP_CM029_Emergency_Box	</identifier>
				<transform>
					<row0>	-0.0994 0.0000 0.9950 0.0000	</row0>
					<row1>	0.0000 1.0000 0.0000 0.0000	</row1>
					<row2>	-0.9950 0.0000 -0.0994 0.0000	</row2>
					<row3>	0.2212 0.5404 1.7011 1.0000	</row3>
				</transform>
			</node>
			<node>
				<identifier>	MP_CM029_Emergency_Box_INDEX_1	</identifier>
				<transform>
					<row0>	-0.3864 0.0000 -0.9223 0.0000	</row0>
					<row1>	0.0000 1.0000 0.0000 0.0000	</row1>
					<row2>	0.9223 0.0000 -0.3864 0.0000	</row2>
					<row3>	-0.1632 0.5670 2.0824 1.0000	</row3>
				</transform>
			</node>
			<node>
				<identifier>	MP_CM029_Emergency_Box_INDEX_10	</identifier>
				<transform>
					<row0>	-0.0354 0.0000 0.9994 0.0000	</row0>
					<row1>	0.0000 1.0000 0.0000 0.0000	</row1>
					<row2>	-0.9994 0.0000 -0.0354 0.0000	</row2>
					<row3>	0.1528 0.3693 0.3623 1.0000	</row3>
				</transform>
			</node>
			<node>
				<identifier>	MP_CM029_Emergency_Box_INDEX_11	</identifier>
				<transform>
					<row0>	-1.0000 0.0000 0.0000 0.0000	</row0>
					<row1>	0.0000 -1.0000 0.0000 0.0000	</row1>
					<row2>	0.0000 0.0000 1.0000 0.0000	</row2>
					<row3>	-0.0358 0.8387 1.2952 1.0000	</row3>
				</transform>
			</node>
			<node>
				<identifier>	MP_CM029_Emergency_Box_INDEX_12	</identifier>
				<transform>
					<row0>	-0.0959 0.0000 -0.9954 0.0000	</row0>
					<row1>	0.0000 1.0000 0.0000 0.0000	</row1>
					<row2>	0.9954 0.0000 -0.0959 0.0000	</row2>
					<row3>	-0.0976 0.5248 0.6993 1.0000	</row3>
				</transform>
			</node>
			<node>
				<identifier>	MP_CM029_Emergency_Box_INDEX_13	</identifier>
				<transform>
					<row0>	-0.1199 0.0000 0.9928 0.0000	</row0>
					<row1>	0.0000 1.0000 0.0000 0.0000	</row1>
					<row2>	-0.9928 0.0000 -0.1199 0.0000	</row2>
					<row3>	0.1740 0.5351 2.6084 1.0000	</row3>
				</transform>
			</node>
			<node>
				<identifier>	MP_CM029_Emergency_Box_INDEX_14	</identifier>
				<transform>
					<row0>	-0.0585 0.0000 0.9983 0.0000	</row0>
					<row1>	0.0000 1.0000 0.0000 0.0000	</row1>
					<row2>	-0.9983 0.0000 -0.0585 0.0000	</row2>
					<row3>	0.2830 0.5404 1.0371 1.0000	</row3>
				</transform>
			</node>
			<node>
				<identifier>	MP_CM029_Emergency_Box_INDEX_2	</identifier>
				<transform>
					<row0>	-0.0994 0.0000 -0.9950 0.0000	</row0>
					<row1>	0.0000 1.0000 0.0000 0.0000	</row1>
					<row2>	0.9950 0.0000 -0.0994 0.0000	</row2>
					<row3>	-0.2212 0.5404 1.7011 1.0000	</row3>
				</transform>
			</node>
			<node>
				<identifier>	MP_CM029_Emergency_Box_INDEX_3	</identifier>
				<transform>
					<row0>	-0.0585 0.0000 -0.9983 0.0000	</row0>
					<row1>	0.0000 1.0000 0.0000 0.0000	</row1>
					<row2>	0.9983 0.0000 -0.0585 0.0000	</row2>
					<row3>	-0.2830 0.5404 1.0371 1.0000	</row3>
				</transform>
			</node>
			<node>
				<identifier>	MP_CM029_Emergency_Box_INDEX_4	</identifier>
				<transform>
					<row0>	-0.0959 0.0000 0.9954 0.0000	</row0>
					<row1>	0.0000 1.0000 0.0000 0.0000	</row1>
					<row2>	-0.9954 0.0000 -0.0959 0.0000	</row2>
					<row3>	0.0976 0.5248 0.6993 1.0000	</row3>
				</transform>
			</node>
			<node>
				<identifier>	MP_CM029_Emergency_Box_INDEX_5	</identifier>
				<transform>
					<row0>	-1.0000 0.0000 0.0000 0.0000	</row0>
					<row1>	0.0000 -1.0000 0.0000 0.0000	</row1>
					<row2>	0.0000 0.0000 1.0000 0.0000	</row2>
					<row3>	0.1548 0.7003 1.0461 1.0000	</row3>
				</transform>
			</node>
			<node>
				<identifier>	MP_CM029_Emergency_Box_INDEX_6	</identifier>
				<transform>
					<row0>	-1.0000 0.0000 0.0000 0.0000	</row0>
					<row1>	0.0000 -1.0000 0.0000 0.0000	</row1>
					<row2>	0.0000 0.0000 1.0000 0.0000	</row2>
					<row3>	-0.1548 0.7003 1.0461 1.0000	</row3>
				</transform>
			</node>
			<node>
				<identifier>	MP_CM029_Emergency_Box_INDEX_7	</identifier>
				<transform>
					<row0>	-0.1199 0.0000 -0.9928 0.0000	</row0>
					<row1>	0.0000 1.0000 0.0000 0.0000	</row1>
					<row2>	0.9928 0.0000 -0.1199 0.0000	</row2>
					<row3>	-0.1740 0.5351 2.6084 1.0000	</row3>
				</transform>
			</node>
			<node>
				<identifier>	MP_CM029_Emergency_Box_INDEX_8	</identifier>
				<transform>
					<row0>	-0.3864 0.0000 0.9223 0.0000	</row0>
					<row1>	0.0000 1.0000 0.0000 0.0000	</row1>
					<row2>	-0.9223 0.0000 -0.3864 0.0000	</row2>
					<row3>	0.1632 0.5670 2.0824 1.0000	</row3>
				</transform>
			</node>
			<node>
				<identifier>	MP_CM029_Emergency_Box_INDEX_9	</identifier>
				<transform>
					<row0>	-0.0354 0.0000 -0.9994 0.0000	</row0>
					<row1>	0.0000 1.0000 0.0000 0.0000	</row1>
					<row2>	0.9994 0.0000 -0.0354 0.0000	</row2>
					<row3>	-0.1528 0.3693 0.3623 1.0000	</row3>
				</transform>
			</node>
			<node>
				<identifier>	MP_CM030_Swab_Rack_2	</identifier>
				<transform>
					<row0>	-1.0000 0.0000 0.0000 0.0000	</row0>
					<row1>	0.0000 1.0000 0.0000 0.0000	</row1>
					<row2>	0.0000 0.0000 -1.0000 0.0000	</row2>
					<row3>	-0.2572 0.2935 0.7852 1.0000	</row3>
				</transform>
			</node>
			<node>
				<identifier>	MP_CM030_Swab_Rack_2_INDEX_1	</identifier>
				<transform>
					<row0>	0.8614 0.0000 -0.5079 0.0000	</row0>
					<row1>	0.0000 1.0000 0.0000 0.0000	</row1>
					<row2>	0.5079 0.0000 0.8614 0.0000	</row2>
					<row3>	0.1755 0.4619 1.9163 1.0000	</row3>
				</transform>
			</node>
			<node>
				<identifier>	MP_CM052_Fender	</identifier>
				<transform>
					<row0>	-0.9406 0.0000 0.1330 0.0000	</row0>
					<row1>	0.0000 0.9500 0.0000 0.0000	</row1>
					<row2>	-0.1330 0.0000 -0.9406 0.0000	</row2>
					<row3>	-0.0333 0.4643 2.3871 1.0000	</row3>
				</transform>
			</node>
			<node>
				<identifier>	MP_CM082_Rope	</identifier>
				<transform>
					<row0>	-0.0476 0.0000 0.5379 0.0000	</row0>
					<row1>	0.0000 0.5400 0.0000 0.0000	</row1>
					<row2>	-0.5379 0.0000 -0.0476 0.0000	</row2>
					<row3>	-0.1107 0.8576 1.0535 1.0000	</row3>
				</transform>
			</node>
			<node>
				<identifier>	MP_CM082_Rope_INDEX_1	</identifier>
				<transform>
					<row0>	0.0000 0.0000 -0.4200 0.0000	</row0>
					<row1>	0.0000 0.4200 0.0000 0.0000	</row1>
					<row2>	0.4200 0.0000 0.0000 0.0000	</row2>
					<row3>	-0.0959 0.8574 1.0538 1.0000	</row3>
				</transform>
			</node>
			<node>
				<identifier>	MP_CM082_Rope_INDEX_10	</identifier>
				<transform>
					<row0>	0.0000 0.0000 -0.4200 0.0000	</row0>
					<row1>	0.0000 0.4200 0.0000 0.0000	</row1>
					<row2>	0.4200 0.0000 0.0000 0.0000	</row2>
					<row3>	-0.0482 0.8574 1.0533 1.0000	</row3>
				</transform>
			</node>
			<node>
				<identifier>	MP_CM082_Rope_INDEX_2	</identifier>
				<transform>
					<row0>	-0.0370 0.0000 -0.4184 0.0000	</row0>
					<row1>	0.0000 0.4200 0.0000 0.0000	</row1>
					<row2>	0.4184 0.0000 -0.0370 0.0000	</row2>
					<row3>	0.0503 0.8576 1.0535 1.0000	</row3>
				</transform>
			</node>
			<node>
				<identifier>	MP_CM082_Rope_INDEX_3	</identifier>
				<transform>
					<row0>	0.0000 0.0000 0.4200 0.0000	</row0>
					<row1>	0.0000 0.4200 0.0000 0.0000	</row1>
					<row2>	-0.4200 0.0000 0.0000 0.0000	</row2>
					<row3>	0.0959 0.8574 1.0538 1.0000	</row3>
				</transform>
			</node>
			<node>
				<identifier>	MP_CM082_Rope_INDEX_4	</identifier>
				<transform>
					<row0>	-0.0370 0.0000 0.4184 0.0000	</row0>
					<row1>	0.0000 0.4200 0.0000 0.0000	</row1>
					<row2>	-0.4184 0.0000 -0.0370 0.0000	</row2>
					<row3>	-0.0561 0.8576 1.0535 1.0000	</row3>
				</transform>
			</node>
			<node>
				<identifier>	MP_CM082_Rope_INDEX_5	</identifier>
				<transform>
					<row0>	0.0000 0.0000 0.4800 0.0000	</row0>
					<row1>	0.0000 0.4800 0.0000 0.0000	</row1>
					<row2>	-0.4800 0.0000 0.0000 0.0000	</row2>
					<row3>	0.0639 0.8574 1.0538 1.0000	</row3>
				</transform>
			</node>
			<node>
				<identifier>	MP_CM082_Rope_INDEX_6	</identifier>
				<transform>
					<row0>	0.0000 0.0000 -0.4800 0.0000	</row0>
					<row1>	0.0000 0.4800 0.0000 0.0000	</row1>
					<row2>	0.4800 0.0000 0.0000 0.0000	</row2>
					<row3>	-0.0639 0.8574 1.0538 1.0000	</row3>
				</transform>
			</node>
			<node>
				<identifier>	MP_CM082_Rope_INDEX_7	</identifier>
				<transform>
					<row0>	-0.0476 0.0000 -0.5379 0.0000	</row0>
					<row1>	0.0000 0.5400 0.0000 0.0000	</row1>
					<row2>	0.5379 0.0000 -0.0476 0.0000	</row2>
					<row3>	0.1107 0.8576 1.0535 1.0000	</row3>
				</transform>
			</node>
			<node>
				<identifier>	MP_CM082_Rope_INDEX_8	</identifier>
				<transform>
					<row0>	0.0000 0.0000 0.5000 0.0000	</row0>
					<row1>	0.0000 0.5000 0.0000 0.0000	</row1>
					<row2>	-0.5000 0.0000 0.0000 0.0000	</row2>
					<row3>	-0.0814 0.8570 1.0534 1.0000	</row3>
				</transform>
			</node>
			<node>
				<identifier>	MP_CM082_Rope_INDEX_9	</identifier>
				<transform>
					<row0>	0.0000 0.0000 -0.5000 0.0000	</row0>
					<row1>	0.0000 0.5000 0.0000 0.0000	</row1>
					<row2>	0.5000 0.0000 0.0000 0.0000	</row2>
					<row3>	0.0814 0.8570 1.0534 1.0000	</row3>
				</transform>
			</node>
			<node>
				<identifier>	MP_CM112_Fire_Extinguisher	</identifier>
				<transform>
					<row0>	0.9959 0.0000 -0.0903 0.0000	</row0>
					<row1>	0.0000 1.0000 0.0000 0.0000	</row1>
					<row2>	0.0903 0.0000 0.9959 0.0000	</row2>
					<row3>	-0.2115 0.5344 1.7994 1.0000	</row3>
				</transform>
			</node>
			<node>
				<identifier>	MP_CM112_Fire_Extinguisher_INDEX_1	</identifier>
				<transform>
					<row0>	-0.9954 0.0000 -0.0962 0.0000	</row0>
					<row1>	0.0000 1.0000 0.0000 0.0000	</row1>
					<row2>	0.0962 0.0000 -0.9954 0.0000	</row2>
					<row3>	0.1864 0.6866 1.3785 1.0000	</row3>
				</transform>
			</node>
			<node>
				<identifier>	MP_CM112_Fire_Extinguisher_INDEX_10	</identifier>
				<transform>
					<row0>	0.3656 0.0000 -0.9308 0.0000	</row0>
					<row1>	0.0000 1.0000 0.0000 0.0000	</row1>
					<row2>	0.9308 0.0000 0.3656 0.0000	</row2>
					<row3>	-0.0677 0.5399 2.7468 1.0000	</row3>
				</transform>
			</node>
			<node>
				<identifier>	MP_CM112_Fire_Extinguisher_INDEX_11	</identifier>
				<transform>
					<row0>	0.9952 0.0000 -0.0977 0.0000	</row0>
					<row1>	0.0000 1.0000 0.0000 0.0000	</row1>
					<row2>	0.0977 0.0000 0.9952 0.0000	</row2>
					<row3>	-0.1869 0.6866 1.3784 1.0000	</row3>
				</transform>
			</node>
			<node>
				<identifier>	MP_CM112_Fire_Extinguisher_INDEX_2	</identifier>
				<transform>
					<row0>	0.3709 0.0000 0.9287 0.0000	</row0>
					<row1>	0.0000 1.0000 0.0000 0.0000	</row1>
					<row2>	-0.9287 0.0000 0.3709 0.0000	</row2>
					<row3>	-0.0497 0.9633 1.3876 1.0000	</row3>
				</transform>
			</node>
			<node>
				<identifier>	MP_CM112_Fire_Extinguisher_INDEX_3	</identifier>
				<transform>
					<row0>	-0.3750 0.0000 0.9270 0.0000	</row0>
					<row1>	0.0000 1.0000 0.0000 0.0000	</row1>
					<row2>	-0.9270 0.0000 -0.3750 0.0000	</row2>
					<row3>	0.0498 0.9633 1.3876 1.0000	</row3>
				</transform>
			</node>
			<node>
				<identifier>	MP_CM112_Fire_Extinguisher_INDEX_4	</identifier>
				<transform>
					<row0>	-0.9954 0.0000 -0.0962 0.0000	</row0>
					<row1>	0.0000 1.0000 0.0000 0.0000	</row1>
					<row2>	0.0962 0.0000 -0.9954 0.0000	</row2>
					<row3>	0.2115 0.5344 1.7994 1.0000	</row3>
				</transform>
			</node>
			<node>
				<identifier>	MP_CM112_Fire_Extinguisher_INDEX_5	</identifier>
				<transform>
					<row0>	-0.9990 0.0000 -0.0451 0.0000	</row0>
					<row1>	0.0000 1.0000 0.0000 0.0000	</row1>
					<row2>	0.0451 0.0000 -0.9990 0.0000	</row2>
					<row3>	0.1404 0.3699 0.6418 1.0000	</row3>
				</transform>
			</node>
			<node>
				<identifier>	MP_CM112_Fire_Extinguisher_INDEX_6	</identifier>
				<transform>
					<row0>	-0.3808 0.0000 -0.9247 0.0000	</row0>
					<row1>	0.0000 1.0000 0.0000 0.0000	</row1>
					<row2>	0.9247 0.0000 -0.3808 0.0000	</row2>
					<row3>	0.0676 0.5399 2.7469 1.0000	</row3>
				</transform>
			</node>
			<node>
				<identifier>	MP_CM112_Fire_Extinguisher_INDEX_7	</identifier>
				<transform>
					<row0>	-0.8206 0.0000 0.5715 0.0000	</row0>
					<row1>	0.0000 1.0000 0.0000 0.0000	</row1>
					<row2>	-0.5715 0.0000 -0.8206 0.0000	</row2>
					<row3>	0.0661 1.2593 1.4707 1.0000	</row3>
				</transform>
			</node>
			<node>
				<identifier>	MP_CM112_Fire_Extinguisher_INDEX_8	</identifier>
				<transform>
					<row0>	-0.8206 0.0000 -0.5715 0.0000	</row0>
					<row1>	0.0000 1.0000 0.0000 0.0000	</row1>
					<row2>	0.5715 0.0000 -0.8206 0.0000	</row2>
					<row3>	-0.0661 1.2593 1.4707 1.0000	</row3>
				</transform>
			</node>
			<node>
				<identifier>	MP_CM112_Fire_Extinguisher_INDEX_9	</identifier>
				<transform>
					<row0>	0.9988 0.0000 -0.0496 0.0000	</row0>
					<row1>	0.0000 1.0000 0.0000 0.0000	</row1>
					<row2>	0.0496 0.0000 0.9988 0.0000	</row2>
					<row3>	-0.1404 0.3699 0.6417 1.0000	</row3>
				</transform>
			</node>
			<node>
				<identifier>	MP_CM126_Cleat	</identifier>
				<transform>
					<row0>	-0.0288 -0.0007 -0.9996 0.0000	</row0>
					<row1>	-0.9993 -0.0234 0.0288 0.0000	</row1>
					<row2>	-0.0234 0.9997 0.0000 0.0000	</row2>
					<row3>	-0.5294 0.2803 0.2295 1.0000	</row3>
				</transform>
			</node>
			<node>
				<identifier>	MP_CM126_Cleat_INDEX_1	</identifier>
				<transform>
					<row0>	0.9984 0.0572 0.0000 0.0000	</row0>
					<row1>	-0.0572 0.9984 0.0000 0.0000	</row1>
					<row2>	0.0000 0.0000 1.0000 0.0000	</row2>
					<row3>	-0.5145 0.2804 0.6893 1.0000	</row3>
				</transform>
			</node>
			<node>
				<identifier>	MP_CM126_Cleat_INDEX_2	</identifier>
				<transform>
					<row0>	-0.0288 0.0007 0.9996 0.0000	</row0>
					<row1>	0.9993 -0.0234 0.0288 0.0000	</row1>
					<row2>	0.0234 0.9997 0.0000 0.0000	</row2>
					<row3>	0.5294 0.2803 0.2295 1.0000	</row3>
				</transform>
			</node>
			<node>
				<identifier>	MP_CM126_Cleat_INDEX_3	</identifier>
				<transform>
					<row0>	-0.0317 0.0000 -0.9995 0.0000	</row0>
					<row1>	-0.9995 0.0000 0.0317 0.0000	</row1>
					<row2>	0.0000 1.0000 0.0000 0.0000	</row2>
					<row3>	-0.5134 0.5041 1.5429 1.0000	</row3>
				</transform>
			</node>
			<node>
				<identifier>	MP_CM126_Cleat_INDEX_4	</identifier>
				<transform>
					<row0>	-0.0317 0.0000 0.9995 0.0000	</row0>
					<row1>	0.9995 0.0000 0.0317 0.0000	</row1>
					<row2>	0.0000 1.0000 0.0000 0.0000	</row2>
					<row3>	0.5134 0.5041 1.5429 1.0000	</row3>
				</transform>
			</node>
			<node>
				<identifier>	MP_CM126_Cleat_INDEX_5	</identifier>
				<transform>
					<row0>	0.9984 -0.0572 0.0000 0.0000	</row0>
					<row1>	0.0572 0.9984 0.0000 0.0000	</row1>
					<row2>	0.0000 0.0000 1.0000 0.0000	</row2>
					<row3>	0.5145 0.2804 0.6893 1.0000	</row3>
				</transform>
			</node>
			<node>
				<identifier>	MP_ZM001_Paravane	</identifier>
				<transform>
					<row0>	1.0000 0.0000 -0.0026 0.0000	</row0>
					<row1>	0.0000 1.0000 0.0000 0.0000	</row1>
					<row2>	0.0026 0.0000 1.0000 0.0000	</row2>
					<row3>	-0.4135 0.4668 2.6506 1.0000	</row3>
				</transform>
			</node>
			<node>
				<identifier>	MP_ZM001_Paravane_INDEX_1	</identifier>
				<transform>
					<row0>	1.0000 0.0000 0.0026 0.0000	</row0>
					<row1>	0.0000 1.0000 0.0000 0.0000	</row1>
					<row2>	-0.0026 0.0000 1.0000 0.0000	</row2>
					<row3>	0.4135 0.4668 2.6506 1.0000	</row3>
				</transform>
			</node>
			<node>
				<identifier>	MP_ZM004_Basket_Rope	</identifier>
				<transform>
					<row0>	0.9991 -0.0203 -0.0381 0.0000	</row0>
					<row1>	0.0204 0.9998 0.0036 0.0000	</row1>
					<row2>	0.0381 -0.0044 0.9993 0.0000	</row2>
					<row3>	0.1512 0.2971 0.6850 1.0000	</row3>
				</transform>
			</node>
			<node>
				<identifier>	MP_ZM004_Basket_Rope_INDEX_1	</identifier>
				<transform>
					<row0>	0.9991 0.0203 0.0381 0.0000	</row0>
					<row1>	-0.0204 0.9998 0.0036 0.0000	</row1>
					<row2>	-0.0381 -0.0044 0.9993 0.0000	</row2>
					<row3>	-0.1512 0.2971 0.6850 1.0000	</row3>
				</transform>
			</node>
			<node>
				<identifier>	MP_ZM004_Basket_Rope_INDEX_2	</identifier>
				<transform>
					<row0>	0.9979 0.0525 0.0380 0.0000	</row0>
					<row1>	-0.0525 0.9986 0.0004 0.0000	</row1>
					<row2>	-0.0379 -0.0024 0.9993 0.0000	</row2>
					<row3>	-0.4252 0.4492 3.0766 1.0000	</row3>
				</transform>
			</node>
			<node>
				<identifier>	MP_ZM004_Basket_Rope_INDEX_3	</identifier>
				<transform>
					<row0>	0.9979 -0.0525 -0.0380 0.0000	</row0>
					<row1>	0.0525 0.9986 0.0004 0.0000	</row1>
					<row2>	0.0379 -0.0024 0.9993 0.0000	</row2>
					<row3>	0.4296 0.4490 3.0440 1.0000	</row3>
				</transform>
			</node>
			<node>
				<identifier>	MP_ZM007_Fire_Hose_Rack_box	</identifier>
				<transform>
					<row0>	-0.9434 0.0208 0.3311 0.0000	</row0>
					<row1>	0.0657 0.9900 0.1251 0.0000	</row1>
					<row2>	-0.3252 0.1397 -0.9353 0.0000	</row2>
					<row3>	0.0795 0.5198 3.7561 1.0000	</row3>
				</transform>
			</node>
			<node>
				<identifier>	MP_ZM007_Fire_Hose_Rack_box_INDEX_1	</identifier>
				<transform>
					<row0>	-0.9434 -0.0208 -0.3311 0.0000	</row0>
					<row1>	-0.0657 0.9900 0.1251 0.0000	</row1>
					<row2>	0.3252 0.1397 -0.9353 0.0000	</row2>
					<row3>	-0.0795 0.5198 3.7561 1.0000	</row3>
				</transform>
			</node>
			<node>
				<identifier>	MP_ZM015_Speaker	</identifier>
				<transform>
					<row0>	0.5957 0.0095 0.8031 0.0000	</row0>
					<row1>	0.1401 0.9834 -0.1156 0.0000	</row1>
					<row2>	-0.7909 0.1814 0.5845 0.0000	</row2>
					<row3>	-0.1146 0.8424 1.6111 1.0000	</row3>
				</transform>
			</node>
			<node>
				<identifier>	MP_ZM015_Speaker_INDEX_1	</identifier>
				<transform>
					<row0>	1.0000 0.0000 0.0000 0.0000	</row0>
					<row1>	0.0000 1.0000 0.0000 0.0000	</row1>
					<row2>	0.0000 0.0000 1.0000 0.0000	</row2>
					<row3>	0.0000 0.5892 2.7540 1.0000	</row3>
				</transform>
			</node>
			<node>
				<identifier>	MP_ZM015_Speaker_INDEX_10	</identifier>
				<transform>
					<row0>	0.0988 0.0000 0.9951 0.0000	</row0>
					<row1>	0.0000 1.0000 0.0000 0.0000	</row1>
					<row2>	-0.9951 0.0000 0.0988 0.0000	</row2>
					<row3>	-0.2627 0.6029 1.2182 1.0000	</row3>
				</transform>
			</node>
			<node>
				<identifier>	MP_ZM015_Speaker_INDEX_11	</identifier>
				<transform>
					<row0>	-0.4704 0.0000 -0.8824 0.0000	</row0>
					<row1>	0.0000 1.0000 0.0000 0.0000	</row1>
					<row2>	0.8824 0.0000 -0.4704 0.0000	</row2>
					<row3>	0.0716 0.5987 0.6038 1.0000	</row3>
				</transform>
			</node>
			<node>
				<identifier>	MP_ZM015_Speaker_INDEX_2	</identifier>
				<transform>
					<row0>	-0.4704 0.0000 0.8824 0.0000	</row0>
					<row1>	0.0000 1.0000 0.0000 0.0000	</row1>
					<row2>	-0.8824 0.0000 -0.4704 0.0000	</row2>
					<row3>	-0.0716 0.5987 0.6038 1.0000	</row3>
				</transform>
			</node>
			<node>
				<identifier>	MP_ZM015_Speaker_INDEX_3	</identifier>
				<transform>
					<row0>	0.0038 0.0000 -1.0000 0.0000	</row0>
					<row1>	0.0000 1.0000 0.0000 0.0000	</row1>
					<row2>	1.0000 0.0000 0.0038 0.0000	</row2>
					<row3>	0.1986 0.6029 1.8762 1.0000	</row3>
				</transform>
			</node>
			<node>
				<identifier>	MP_ZM015_Speaker_INDEX_4	</identifier>
				<transform>
					<row0>	0.5957 -0.0095 -0.8031 0.0000	</row0>
					<row1>	-0.1401 0.9834 -0.1156 0.0000	</row1>
					<row2>	0.7909 0.1814 0.5845 0.0000	</row2>
					<row3>	0.1146 0.8424 1.6111 1.0000	</row3>
				</transform>
			</node>
			<node>
				<identifier>	MP_ZM015_Speaker_INDEX_5	</identifier>
				<transform>
					<row0>	-1.0000 0.0000 0.0000 0.0000	</row0>
					<row1>	0.0000 1.0000 0.0000 0.0000	</row1>
					<row2>	0.0000 0.0000 -1.0000 0.0000	</row2>
					<row3>	0.0000 0.9049 1.2856 1.0000	</row3>
				</transform>
			</node>
			<node>
				<identifier>	MP_ZM015_Speaker_INDEX_6	</identifier>
				<transform>
					<row0>	0.0988 0.0000 -0.9951 0.0000	</row0>
					<row1>	0.0000 1.0000 0.0000 0.0000	</row1>
					<row2>	0.9951 0.0000 0.0988 0.0000	</row2>
					<row3>	0.2627 0.6029 1.2182 1.0000	</row3>
				</transform>
			</node>
			<node>
				<identifier>	MP_ZM015_Speaker_INDEX_7	</identifier>
				<transform>
					<row0>	0.0327 0.0000 0.9995 0.0000	</row0>
					<row1>	0.0000 1.0000 0.0000 0.0000	</row1>
					<row2>	-0.9995 0.0000 0.0327 0.0000	</row2>
					<row3>	-0.1527 0.4610 0.1965 1.0000	</row3>
				</transform>
			</node>
			<node>
				<identifier>	MP_ZM015_Speaker_INDEX_8	</identifier>
				<transform>
					<row0>	0.0327 0.0000 -0.9995 0.0000	</row0>
					<row1>	0.0000 1.0000 0.0000 0.0000	</row1>
					<row2>	0.9995 0.0000 0.0327 0.0000	</row2>
					<row3>	0.1527 0.4610 0.1965 1.0000	</row3>
				</transform>
			</node>
			<node>
				<identifier>	MP_ZM015_Speaker_INDEX_9	</identifier>
				<transform>
					<row0>	0.0038 0.0000 1.0000 0.0000	</row0>
					<row1>	0.0000 1.0000 0.0000 0.0000	</row1>
