<GSB002_Tirpiz_1942_MidBack_ports.visual>
	<node>
		<identifier>	Scene Root	</identifier>
		<transform>
			<row0>	1.0000 0.0000 0.0000 0.0000	</row0>
			<row1>	0.0000 1.0000 0.0000 0.0000	</row1>
			<row2>	0.0000 0.0000 1.0000 0.0000	</row2>
			<row3>	0.0000 0.0000 0.0000 1.0000	</row3>
		</transform>
		<node>
			<identifier>	MidBack_ports	</identifier>
			<transform>
				<row0>	1.0000 0.0000 0.0000 0.0000	</row0>
				<row1>	0.0000 1.0000 0.0000 0.0000	</row1>
				<row2>	0.0000 0.0000 1.0000 0.0000	</row2>
				<row3>	0.0000 0.0000 0.0000 1.0000	</row3>
			</transform>
			<node>
				<identifier>	HP_FX_Death_3	</identifier>
				<transform>
					<row0>	1.0000 0.0000 0.0000 0.0000	</row0>
					<row1>	0.0000 1.0000 0.0000 0.0000	</row1>
					<row2>	0.0000 0.0000 1.0000 0.0000	</row2>
					<row3>	0.0000 0.0000 -4.6572 1.0000	</row3>
				</transform>
			</node>
			<node>
				<identifier>	HP_FX_Fire_3	</identifier>
				<transform>
					<row0>	1.0000 0.0000 0.0000 0.0000	</row0>
					<row1>	0.0000 1.0000 0.0000 0.0000	</row1>
					<row2>	0.0000 0.0000 1.0000 0.0000	</row2>
					<row3>	0.0000 0.8531 -2.0870 1.0000	</row3>
				</transform>
			</node>
			<node>
				<identifier>	HP_FX_Fire_3_side_1	</identifier>
				<transform>
					<row0>	1.0000 0.0000 0.0000 0.0000	</row0>
					<row1>	0.0000 1.0000 0.0000 0.0000	</row1>
					<row2>	0.0000 0.0000 1.0000 0.0000	</row2>
					<row3>	0.9446 0.3897 -2.4019 1.0000	</row3>
				</transform>
			</node>
			<node>
				<identifier>	HP_FX_Fire_3_side_2	</identifier>
				<transform>
					<row0>	1.0000 0.0000 0.0000 0.0000	</row0>
					<row1>	0.0000 1.0000 0.0000 0.0000	</row1>
					<row2>	0.0000 0.0000 1.0000 0.0000	</row2>
					<row3>	-0.8789 0.3904 -3.3349 1.0000	</row3>
				</transform>
			</node>
			<node>
				<identifier>	HP_FX_Fire_5_1	</identifier>
				<transform>
					<row0>	1.0000 0.0000 0.0000 0.0000	</row0>
					<row1>	0.0000 1.0000 0.0000 0.0000	</row1>
					<row2>	0.0000 0.0000 1.0000 0.0000	</row2>
					<row3>	0.0000 0.5504 -0.7490 1.0000	</row3>
				</transform>
			</node>
			<node>
				<identifier>	HP_FX_FloodLight_left_2	</identifier>
				<transform>
					<row0>	-0.9884 0.0000 -0.1518 0.0000	</row0>
					<row1>	0.0000 1.0000 0.0000 0.0000	</row1>
					<row2>	0.1518 0.0000 -0.9884 0.0000	</row2>
					<row3>	-0.5451 0.6556 -2.5286 1.0000	</row3>
				</transform>
			</node>
			<node>
				<identifier>	HP_FX_FloodLight_right_2	</identifier>
				<transform>
					<row0>	1.0000 0.0000 0.0000 0.0000	</row0>
					<row1>	0.0000 1.0000 0.0000 0.0000	</row1>
					<row2>	0.0000 0.0000 1.0000 0.0000	</row2>
					<row3>	0.5461 0.6595 -2.7479 1.0000	</row3>
				</transform>
			</node>
			<node>
				<identifier>	HP_FX_Flood_steam_right	</identifier>
				<transform>
					<row0>	1.0000 0.0000 0.0000 0.0000	</row0>
					<row1>	0.0000 1.0000 0.0000 0.0000	</row1>
					<row2>	0.0000 0.0000 1.0000 0.0000	</row2>
					<row3>	0.7326 0.4668 -2.7846 1.0000	</row3>
				</transform>
			</node>
			<node>
				<identifier>	HP_FX_Flood_water_left	</identifier>
				<transform>
					<row0>	-1.0000 0.0000 0.0000 0.0000	</row0>
					<row1>	0.0000 1.0000 0.0000 0.0000	</row1>
					<row2>	0.0000 0.0000 -1.0000 0.0000	</row2>
					<row3>	-0.9745 0.0584 -3.9570 1.0000	</row3>
				</transform>
			</node>
			<node>
				<identifier>	HP_FX_Flood_water_left_4	</identifier>
				<transform>
					<row0>	-1.0000 0.0000 0.0000 0.0000	</row0>
					<row1>	0.0000 1.0000 0.0000 0.0000	</row1>
					<row2>	0.0000 0.0000 -1.0000 0.0000	</row2>
					<row3>	-1.1946 0.0594 -0.6857 1.0000	</row3>
				</transform>
			</node>
			<node>
				<identifier>	HP_FX_Flood_water_right	</identifier>
				<transform>
					<row0>	1.0000 0.0000 0.0000 0.0000	</row0>
					<row1>	0.0000 1.0000 0.0000 0.0000	</row1>
					<row2>	0.0000 0.0000 1.0000 0.0000	</row2>
					<row3>	0.9757 0.0590 -3.9590 1.0000	</row3>
				</transform>
			</node>
			<node>
				<identifier>	HP_FX_Flood_water_right_4	</identifier>
				<transform>
					<row0>	1.0000 0.0000 0.0000 0.0000	</row0>
					<row1>	0.0000 1.0000 0.0000 0.0000	</row1>
					<row2>	0.0000 0.0000 1.0000 0.0000	</row2>
					<row3>	1.1960 0.0587 -0.6857 1.0000	</row3>
				</transform>
			</node>
			<node>
				<identifier>	HP_FX_RepairLight_left_2	</identifier>
				<transform>
					<row0>	-0.1181 0.0000 0.9930 0.0000	</row0>
					<row1>	-0.0172 0.9999 -0.0020 0.0000	</row1>
					<row2>	-0.9928 -0.0173 -0.1181 0.0000	</row2>
					<row3>	-0.9533 0.3736 -4.2236 1.0000	</row3>
				</transform>
			</node>
			<node>
				<identifier>	HP_FX_RepairLight_right_2	</identifier>
				<transform>
					<row0>	-0.1181 0.0000 -0.9930 0.0000	</row0>
					<row1>	0.0172 0.9999 -0.0020 0.0000	</row1>
					<row2>	0.9928 -0.0173 -0.1181 0.0000	</row2>
					<row3>	0.9179 0.3764 -4.5214 1.0000	</row3>
				</transform>
			</node>
			<node>
				<identifier>	HP_Flagpole	</identifier>
				<transform>
					<row0>	-1.0000 0.0000 0.0000 0.0000	</row0>
					<row1>	0.0000 1.0000 0.0000 0.0000	</row1>
					<row2>	0.0000 0.0000 -1.0000 0.0000	</row2>
					<row3>	0.0000 2.6458 -1.2202 1.0000	</row3>
				</transform>
			</node>
			<node>
				<identifier>	HP_GC_1	</identifier>
				<transform>
					<row0>	0.0000 0.0000 1.0000 0.0000	</row0>
					<row1>	0.0000 1.0000 0.0000 0.0000	</row1>
					<row2>	-1.0000 0.0000 0.0000 0.0000	</row2>
					<row3>	-0.6000 0.4899 -0.5695 1.0000	</row3>
				</transform>
			</node>
			<node>
				<identifier>	HP_GC_2	</identifier>
				<transform>
					<row0>	0.0000 0.0000 -1.0000 0.0000	</row0>
					<row1>	0.0000 1.0000 0.0000 0.0000	</row1>
					<row2>	1.0000 0.0000 0.0000 0.0000	</row2>
					<row3>	0.6000 0.4899 -0.5695 1.0000	</row3>
				</transform>
			</node>
			<node>
				<identifier>	HP_GD_7	</identifier>
				<transform>
					<row0>	-1.0000 0.0000 0.0000 0.0000	</row0>
					<row1>	0.0000 1.0000 0.0000 0.0000	</row1>
					<row2>	0.0000 0.0000 -1.0000 0.0000	</row2>
					<row3>	-0.1737 0.8566 -2.3021 1.0000	</row3>
				</transform>
			</node>
			<node>
				<identifier>	HP_GD_8	</identifier>
				<transform>
					<row0>	-1.0000 0.0000 0.0000 0.0000	</row0>
					<row1>	0.0000 1.0000 0.0000 0.0000	</row1>
					<row2>	0.0000 0.0000 -1.0000 0.0000	</row2>
					<row3>	0.1737 0.8566 -2.3021 1.0000	</row3>
				</transform>
			</node>
			<node>
				<identifier>	HP_GF_7	</identifier>
				<transform>
					<row0>	-1.0000 0.0000 0.0000 0.0000	</row0>
					<row1>	0.0000 1.0000 0.0000 0.0000	</row1>
					<row2>	0.0000 0.0000 -1.0000 0.0000	</row2>
					<row3>	0.0000 1.1393 -1.6814 1.0000	</row3>
				</transform>
			</node>
			<node>
				<identifier>	HP_GF_8	</identifier>
				<transform>
					<row0>	-1.0000 0.0000 0.0000 0.0000	</row0>
					<row1>	0.0000 1.0000 0.0000 0.0000	</row1>
					<row2>	0.0000 0.0000 -1.0000 0.0000	</row2>
					<row3>	0.0000 1.0342 -2.3276 1.0000	</row3>
				</transform>
			</node>
			<node>
				<identifier>	HP_GF_9	</identifier>
				<transform>
					<row0>	-1.0000 0.0000 0.0000 0.0000	</row0>
					<row1>	0.0000 1.0000 0.0000 0.0000	</row1>
					<row2>	0.0000 0.0000 -1.0000 0.0000	</row2>
					<row3>	0.0000 0.7982 -3.0148 1.0000	</row3>
				</transform>
			</node>
			<node>
				<identifier>	HP_GGA_14	</identifier>
				<transform>
					<row0>	0.0000 0.0000 1.0000 0.0000	</row0>
					<row1>	0.0000 1.0000 0.0000 0.0000	</row1>
					<row2>	-1.0000 0.0000 0.0000 0.0000	</row2>
					<row3>	-0.1927 0.8441 -1.9730 1.0000	</row3>
				</transform>
			</node>
			<node>
				<identifier>	HP_GGA_15	</identifier>
				<transform>
					<row0>	0.0000 0.0000 -1.0000 0.0000	</row0>
					<row1>	0.0000 1.0000 0.0000 0.0000	</row1>
					<row2>	1.0000 0.0000 0.0000 0.0000	</row2>
					<row3>	0.1927 0.8441 -1.9730 1.0000	</row3>
				</transform>
			</node>
			<node>
				<identifier>	HP_GGA_16	</identifier>
				<transform>
					<row0>	0.0000 0.0000 1.0000 0.0000	</row0>
					<row1>	0.0000 1.0000 0.0000 0.0000	</row1>
					<row2>	-1.0000 0.0000 0.0000 0.0000	</row2>
					<row3>	-0.3781 0.6949 -2.0704 1.0000	</row3>
				</transform>
			</node>
			<node>
				<identifier>	HP_GGA_17	</identifier>
				<transform>
					<row0>	-0.0102 0.0000 -0.9999 0.0000	</row0>
					<row1>	0.0000 1.0000 0.0000 0.0000	</row1>
					<row2>	0.9999 0.0000 -0.0102 0.0000	</row2>
					<row3>	0.3781 0.6949 -2.0704 1.0000	</row3>
				</transform>
			</node>
			<node>
				<identifier>	HP_GGA_18	</identifier>
				<transform>
					<row0>	0.0000 0.0000 1.0000 0.0000	</row0>
					<row1>	0.0000 1.0000 0.0000 0.0000	</row1>
					<row2>	-1.0000 0.0000 0.0000 0.0000	</row2>
					<row3>	-0.4267 0.6938 -2.3219 1.0000	</row3>
				</transform>
			</node>
			<node>
				<identifier>	HP_GGA_19	</identifier>
				<transform>
					<row0>	0.0000 0.0000 -1.0000 0.0000	</row0>
					<row1>	0.0000 1.0000 0.0000 0.0000	</row1>
					<row2>	1.0000 0.0000 0.0000 0.0000	</row2>
					<row3>	0.4267 0.6938 -2.3219 1.0000	</row3>
				</transform>
			</node>
			<node>
				<identifier>	HP_GGA_20	</identifier>
				<transform>
					<row0>	-0.7071 0.0000 0.7071 0.0000	</row0>
					<row1>	0.0000 1.0000 0.0000 0.0000	</row1>
					<row2>	-0.7071 0.0000 -0.7071 0.0000	</row2>
					<row3>	-0.2009 0.8446 -2.6625 1.0000	</row3>
				</transform>
			</node>
			<node>
				<identifier>	HP_GGA_21	</identifier>
				<transform>
					<row0>	-0.7071 0.0000 -0.7071 0.0000	</row0>
					<row1>	0.0000 1.0000 0.0000 0.0000	</row1>
					<row2>	0.7071 0.0000 -0.7071 0.0000	</row2>
					<row3>	0.2009 0.8446 -2.6625 1.0000	</row3>
				</transform>
			</node>
			<node>
				<identifier>	HP_GGA_22	</identifier>
				<transform>
					<row0>	-0.7071 0.0000 0.7071 0.0000	</row0>
					<row1>	0.0000 1.0000 0.0000 0.0000	</row1>
					<row2>	-0.7071 0.0000 -0.7071 0.0000	</row2>
					<row3>	-0.4102 0.6937 -2.7040 1.0000	</row3>
				</transform>
			</node>
			<node>
				<identifier>	HP_GGA_23	</identifier>
				<transform>
					<row0>	-0.7071 0.0000 -0.7071 0.0000	</row0>
					<row1>	0.0000 1.0000 0.0000 0.0000	</row1>
					<row2>	0.7071 0.0000 -0.7071 0.0000	</row2>
					<row3>	0.4102 0.6937 -2.7040 1.0000	</row3>
				</transform>
			</node>
			<node>
				<identifier>	HP_GGA_24	</identifier>
				<transform>
					<row0>	-0.7071 0.0000 0.7071 0.0000	</row0>
					<row1>	0.0000 1.0000 0.0000 0.0000	</row1>
					<row2>	-0.7071 0.0000 -0.7071 0.0000	</row2>
					<row3>	-0.4308 0.5360 -3.1101 1.0000	</row3>
				</transform>
			</node>
			<node>
				<identifier>	HP_GGA_25	</identifier>
				<transform>
					<row0>	-0.7071 0.0000 -0.7071 0.0000	</row0>
					<row1>	0.0000 1.0000 0.0000 0.0000	</row1>
					<row2>	0.7071 0.0000 -0.7071 0.0000	</row2>
					<row3>	0.4308 0.5360 -3.1101 1.0000	</row3>
				</transform>
			</node>
			<node>
				<identifier>	HP_GGA_26	</identifier>
				<transform>
					<row0>	-0.7071 0.0000 0.7071 0.0000	</row0>
					<row1>	0.0000 1.0000 0.0000 0.0000	</row1>
					<row2>	-0.7071 0.0000 -0.7071 0.0000	</row2>
					<row3>	-0.7620 0.3895 -4.0365 1.0000	</row3>
				</transform>
			</node>
			<node>
				<identifier>	HP_GGA_27	</identifier>
				<transform>
					<row0>	-0.7071 0.0000 -0.7071 0.0000	</row0>
					<row1>	0.0000 1.0000 0.0000 0.0000	</row1>
					<row2>	0.7071 0.0000 -0.7071 0.0000	</row2>
					<row3>	0.7608 0.3895 -4.0358 1.0000	</row3>
				</transform>
			</node>
			<node>
				<identifier>	HP_GGM_3	</identifier>
				<transform>
					<row0>	-1.0000 0.0000 0.0000 0.0000	</row0>
					<row1>	0.0000 1.0000 0.0000 0.0000	</row1>
					<row2>	0.0000 0.0000 -1.0000 0.0000	</row2>
					<row3>	0.0000 0.6742 -3.7592 1.0000	</row3>
				</transform>
			</node>
			<node>
				<identifier>	HP_GGS_10	</identifier>
				<transform>
					<row0>	-1.0000 0.0000 0.0000 0.0000	</row0>
					<row1>	0.0000 1.0000 0.0000 0.0000	</row1>
					<row2>	0.0000 0.0000 -1.0000 0.0000	</row2>
					<row3>	0.7487 0.5366 -1.0156 1.0000	</row3>
				</transform>
			</node>
			<node>
				<identifier>	HP_GGS_11	</identifier>
				<transform>
					<row0>	-1.0000 0.0000 0.0000 0.0000	</row0>
					<row1>	0.0000 1.0000 0.0000 0.0000	</row1>
					<row2>	0.0000 0.0000 -1.0000 0.0000	</row2>
					<row3>	-0.9387 0.4241 -1.5333 1.0000	</row3>
				</transform>
			</node>
			<node>
				<identifier>	HP_GGS_12	</identifier>
				<transform>
					<row0>	-1.0000 0.0000 0.0000 0.0000	</row0>
					<row1>	0.0000 1.0000 0.0000 0.0000	</row1>
					<row2>	0.0000 0.0000 -1.0000 0.0000	</row2>
					<row3>	0.9387 0.4241 -1.5333 1.0000	</row3>
				</transform>
			</node>
			<node>
				<identifier>	HP_GGS_13	</identifier>
				<transform>
					<row0>	-1.0000 0.0000 0.0000 0.0000	</row0>
					<row1>	0.0000 1.0000 0.0000 0.0000	</row1>
					<row2>	0.0000 0.0000 -1.0000 0.0000	</row2>
					<row3>	-0.6598 0.5366 -2.0081 1.0000	</row3>
				</transform>
			</node>
			<node>
				<identifier>	HP_GGS_14	</identifier>
				<transform>
					<row0>	-1.0000 0.0000 0.0000 0.0000	</row0>
					<row1>	0.0000 1.0000 0.0000 0.0000	</row1>
					<row2>	0.0000 0.0000 -1.0000 0.0000	</row2>
					<row3>	0.6598 0.5366 -2.0081 1.0000	</row3>
				</transform>
			</node>
			<node>
				<identifier>	HP_GGS_9	</identifier>
				<transform>
					<row0>	-1.0000 0.0000 0.0000 0.0000	</row0>
					<row1>	0.0000 1.0000 0.0000 0.0000	</row1>
					<row2>	0.0000 0.0000 -1.0000 0.0000	</row2>
					<row3>	-0.7487 0.5366 -1.0156 1.0000	</row3>
				</transform>
			</node>
			<node>
				<identifier>	HP_GGT_1	</identifier>
				<transform>
					<row0>	1.0000 0.0000 0.0000 0.0000	</row0>
					<row1>	0.0000 1.0000 0.0000 0.0000	</row1>
					<row2>	0.0000 0.0000 1.0000 0.0000	</row2>
					<row3>	-1.0454 0.3676 -0.9994 1.0000	</row3>
				</transform>
			</node>
			<node>
				<identifier>	HP_GGT_2	</identifier>
				<transform>
					<row0>	1.0000 0.0000 0.0000 0.0000	</row0>
					<row1>	0.0000 1.0000 0.0000 0.0000	</row1>
					<row2>	0.0000 0.0000 1.0000 0.0000	</row2>
					<row3>	1.0454 0.3676 -0.9994 1.0000	</row3>
				</transform>
			</node>
			<node>
				<identifier>	HP_Ship_death_2	</identifier>
				<transform>
					<row0>	1.0000 0.0000 0.0000 0.0000	</row0>
					<row1>	0.0000 1.0000 0.0000 0.0000	</row1>
					<row2>	0.0000 0.0000 1.0000 0.0000	</row2>
					<row3>	0.0000 0.0000 -0.6294 1.0000	</row3>
				</transform>
			</node>
			<node>
				<identifier>	HP_flag_1	</identifier>
				<transform>
					<row0>	0.9994 -0.0360 0.0009 0.0000	</row0>
					<row1>	0.0360 0.9982 -0.0473 0.0000	</row1>
					<row2>	0.0009 0.0473 0.9989 0.0000	</row2>
					<row3>	0.3427 2.4780 -1.4915 1.0000	</row3>
				</transform>
			</node>
			<node>
				<identifier>	HP_flag_2	</identifier>
				<transform>
					<row0>	0.9994 0.0360 -0.0009 0.0000	</row0>
					<row1>	-0.0360 0.9982 -0.0473 0.0000	</row1>
					<row2>	-0.0009 0.0473 0.9989 0.0000	</row2>
					<row3>	-0.3427 2.4780 -1.4915 1.0000	</row3>
				</transform>
			</node>
			<node>
				<identifier>	HP_flag_3	</identifier>
				<transform>
					<row0>	0.9936 -0.1126 -0.0020 0.0000	</row0>
					<row1>	0.1126 0.9930 0.0356 0.0000	</row1>
					<row2>	-0.0020 -0.0356 0.9994 0.0000	</row2>
					<row3>	0.2517 2.4444 -1.3826 1.0000	</row3>
				</transform>
			</node>
			<node>
				<identifier>	HP_flag_4	</identifier>
				<transform>
					<row0>	0.9936 0.1126 0.0020 0.0000	</row0>
					<row1>	-0.1126 0.9930 0.0356 0.0000	</row1>
					<row2>	0.0020 -0.0356 0.9994 0.0000	</row2>
					<row3>	-0.2517 2.4444 -1.3826 1.0000	</row3>
				</transform>
			</node>
			<node>
				<identifier>	HP_flag_nation	</identifier>
				<transform>
					<row0>	1.0000 -0.0047 0.0004 0.0000	</row0>
					<row1>	0.0047 0.9821 -0.1885 0.0000	</row1>
					<row2>	0.0004 0.1885 0.9821 0.0000	</row2>
					<row3>	-0.0005 2.6847 -1.7972 1.0000	</row3>
				</transform>
			</node>
			<node>
				<identifier>	HP_flag_rank	</identifier>
				<transform>
					<row0>	1.0000 0.0000 0.0000 0.0000	</row0>
					<row1>	0.0000 1.0000 0.0076 0.0000	</row1>
					<row2>	0.0000 -0.0076 1.0000 0.0000	</row2>
					<row3>	0.0000 2.9689 -1.2353 1.0000	</row3>
				</transform>
			</node>
			<node>
				<identifier>	MP_CM004_Barbette_Out	</identifier>
				<transform>
					<row0>	1.8246 0.0000 0.0000 0.0000	</row0>
					<row1>	0.0000 0.8135 0.0000 0.0000	</row1>
					<row2>	0.0000 0.0000 1.8246 0.0000	</row2>
					<row3>	0.9406 0.4174 -1.5336 1.0000	</row3>
				</transform>
			</node>
			<node>
				<identifier>	MP_CM004_Barbette_Out_INDEX_1	</identifier>
				<transform>
					<row0>	4.1226 0.0000 0.0000 0.0000	</row0>
					<row1>	0.0000 1.6183 0.0000 0.0000	</row1>
					<row2>	0.0000 0.0000 4.1226 0.0000	</row2>
					<row3>	0.0000 0.6595 -3.7592 1.0000	</row3>
				</transform>
			</node>
			<node>
				<identifier>	MP_CM004_Barbette_Out_INDEX_2	</identifier>
				<transform>
					<row0>	1.8246 0.0000 0.0000 0.0000	</row0>
					<row1>	0.0000 0.8135 0.0000 0.0000	</row1>
					<row2>	0.0000 0.0000 1.8246 0.0000	</row2>
					<row3>	-0.9406 0.4174 -1.5336 1.0000	</row3>
				</transform>
			</node>
			<node>
				<identifier>	MP_CM004_Barbette_Out_INDEX_3	</identifier>
				<transform>
					<row0>	0.8607 0.0000 0.0000 0.0000	</row0>
					<row1>	0.0000 0.2296 0.0000 0.0000	</row1>
					<row2>	0.0000 0.0000 0.8607 0.0000	</row2>
					<row3>	0.0000 1.0314 -2.3276 1.0000	</row3>
				</transform>
			</node>
			<node>
				<identifier>	MP_CM011_Fire_Fighting_Gear	</identifier>
				<transform>
					<row0>	0.0905 0.0000 -0.9959 0.0000	</row0>
					<row1>	0.0000 1.0000 0.0000 0.0000	</row1>
					<row2>	0.9959 0.0000 0.0905 0.0000	</row2>
					<row3>	-0.6656 0.3795 -3.5187 1.0000	</row3>
				</transform>
			</node>
			<node>
				<identifier>	MP_CM011_Fire_Fighting_Gear_INDEX_1	</identifier>
				<transform>
					<row0>	0.0174 -0.0160 0.9997 0.0000	</row0>
					<row1>	0.0129 0.9998 0.0158 0.0000	</row1>
					<row2>	-0.9998 0.0126 0.0176 0.0000	</row2>
					<row3>	0.6626 0.3797 -3.5530 1.0000	</row3>
				</transform>
			</node>
			<node>
				<identifier>	MP_CM011_Fire_Fighting_Gear_INDEX_2	</identifier>
				<transform>
					<row0>	0.1022 0.0000 -0.9948 0.0000	</row0>
					<row1>	0.0000 1.0000 0.0000 0.0000	</row1>
					<row2>	0.9948 0.0000 0.1022 0.0000	</row2>
					<row3>	-0.7459 0.3717 -2.5675 1.0000	</row3>
				</transform>
			</node>
			<node>
				<identifier>	MP_CM011_Fire_Fighting_Gear_INDEX_3	</identifier>
				<transform>
					<row0>	0.6103 0.0000 0.7922 0.0000	</row0>
					<row1>	0.0000 1.0000 0.0000 0.0000	</row1>
					<row2>	-0.7922 0.0000 0.6103 0.0000	</row2>
					<row3>	0.8157 0.3604 -0.7889 1.0000	</row3>
				</transform>
			</node>
			<node>
				<identifier>	MP_CM011_Fire_Fighting_Gear_INDEX_4	</identifier>
				<transform>
					<row0>	0.6219 0.0000 -0.7831 0.0000	</row0>
					<row1>	0.0000 1.0000 0.0000 0.0000	</row1>
					<row2>	0.7831 0.0000 0.6219 0.0000	</row2>
					<row3>	-0.8168 0.3604 -0.7873 1.0000	</row3>
				</transform>
			</node>
			<node>
				<identifier>	MP_CM014_Fuel_Oil_Hose	</identifier>
				<transform>
					<row0>	0.0000 1.0000 0.0000 0.0000	</row0>
					<row1>	-1.0000 0.0000 0.0000 0.0000	</row1>
					<row2>	0.0000 0.0000 1.0000 0.0000	</row2>
					<row3>	-0.3984 0.6796 -1.8782 1.0000	</row3>
				</transform>
			</node>
			<node>
				<identifier>	MP_CM014_Fuel_Oil_Hose_INDEX_1	</identifier>
				<transform>
					<row0>	0.0000 1.0000 0.0000 0.0000	</row0>
					<row1>	-1.0000 0.0000 0.0000 0.0000	</row1>
					<row2>	0.0000 0.0000 1.0000 0.0000	</row2>
					<row3>	0.3984 0.6794 -1.8782 1.0000	</row3>
				</transform>
			</node>
			<node>
				<identifier>	MP_CM014_Fuel_Oil_Hose_INDEX_2	</identifier>
				<transform>
					<row0>	0.0000 1.0000 0.0000 0.0000	</row0>
					<row1>	-1.0000 0.0000 0.0000 0.0000	</row1>
					<row2>	0.0000 0.0000 1.0000 0.0000	</row2>
					<row3>	0.3984 0.6796 -1.7156 1.0000	</row3>
				</transform>
			</node>
			<node>
				<identifier>	MP_CM014_Fuel_Oil_Hose_INDEX_3	</identifier>
				<transform>
					<row0>	0.0000 1.0000 0.0000 0.0000	</row0>
					<row1>	-1.0000 0.0000 0.0000 0.0000	</row1>
					<row2>	0.0000 0.0000 1.0000 0.0000	</row2>
					<row3>	-0.3984 0.6796 -1.7156 1.0000	</row3>
				</transform>
			</node>
			<node>
				<identifier>	MP_CM029_Emergency_Box	</identifier>
				<transform>
					<row0>	-0.0035 0.0000 -1.0000 0.0000	</row0>
					<row1>	0.0000 1.0000 0.0000 0.0000	</row1>
					<row2>	1.0000 0.0000 -0.0035 0.0000	</row2>
					<row3>	-0.2769 0.7580 -2.4342 1.0000	</row3>
				</transform>
			</node>
			<node>
				<identifier>	MP_CM029_Emergency_Box_INDEX_1	</identifier>
				<transform>
					<row0>	-0.0035 0.0000 1.0000 0.0000	</row0>
					<row1>	0.0000 1.0000 0.0000 0.0000	</row1>
					<row2>	-1.0000 0.0000 -0.0035 0.0000	</row2>
					<row3>	0.2769 0.7580 -2.4342 1.0000	</row3>
				</transform>
			</node>
			<node>
				<identifier>	MP_CM096_Platform	</identifier>
				<transform>
					<row0>	0.0000 -1.0000 0.0000 0.0000	</row0>
					<row1>	-0.9975 0.0000 -0.0711 0.0000	</row1>
					<row2>	0.0711 0.0000 -0.9975 0.0000	</row2>
					<row3>	-0.7854 0.3940 -2.0444 1.0000	</row3>
				</transform>
			</node>
			<node>
				<identifier>	MP_CM096_Platform_INDEX_1	</identifier>
				<transform>
					<row0>	0.0000 -1.0000 0.0000 0.0000	</row0>
					<row1>	0.9958 0.0000 -0.0913 0.0000	</row1>
					<row2>	0.0913 0.0000 0.9958 0.0000	</row2>
					<row3>	0.7879 0.3936 -2.0170 1.0000	</row3>
				</transform>
			</node>
			<node>
				<identifier>	MP_CM097_Stairway	</identifier>
				<transform>
					<row0>	0.0000 -0.9999 -0.0132 0.0000	</row0>
					<row1>	0.9961 0.0012 -0.0878 0.0000	</row1>
					<row2>	0.0878 -0.0131 0.9961 0.0000	</row2>
					<row3>	0.7823 0.3986 -2.1541 1.0000	</row3>
				</transform>
			</node>
			<node>
				<identifier>	MP_CM097_Stairway_INDEX_1	</identifier>
				<transform>
					<row0>	0.0000 0.9999 0.0132 0.0000	</row0>
					<row1>	-0.9961 0.0012 -0.0878 0.0000	</row1>
					<row2>	-0.0878 -0.0131 0.9961 0.0000	</row2>
					<row3>	-0.7828 0.3985 -2.1541 1.0000	</row3>
				</transform>
			</node>
			<node>
				<identifier>	MP_GM001_Paravane	</identifier>
				<transform>
					<row0>	0.0408 -0.9987 -0.0301 0.0000	</row0>
					<row1>	-0.5572 -0.0477 0.8290 0.0000	</row1>
					<row2>	-0.8294 -0.0170 -0.5584 0.0000	</row2>
					<row3>	0.1835 0.4487 -4.0954 1.0000	</row3>
				</transform>
			</node>
			<node>
				<identifier>	MP_GM001_Paravane_INDEX_1	</identifier>
				<transform>
					<row0>	-0.0001 1.0000 0.0000 0.0000	</row0>
					<row1>	0.0579 0.0000 0.9983 0.0000	</row1>
					<row2>	0.9983 0.0001 -0.0579 0.0000	</row2>
					<row3>	0.0007 0.4487 -4.1411 1.0000	</row3>
				</transform>
			</node>
			<node>
				<identifier>	MP_GM001_Paravane_INDEX_2	</identifier>
				<transform>
					<row0>	0.0000 -1.0000 0.0046 0.0000	</row0>
					<row1>	0.9965 0.0004 0.0831 0.0000	</row1>
					<row2>	-0.0831 0.0046 0.9965 0.0000	</row2>
					<row3>	-0.7446 0.4384 -2.8595 1.0000	</row3>
				</transform>
			</node>
			<node>
				<identifier>	MP_GM001_Paravane_INDEX_3	</identifier>
				<transform>
					<row0>	0.0000 -1.0000 0.0000 0.0000	</row0>
					<row1>	0.5700 0.0000 0.8216 0.0000	</row1>
					<row2>	-0.8216 0.0000 0.5700 0.0000	</row2>
					<row3>	-0.2445 0.4487 -4.0555 1.0000	</row3>
				</transform>
			</node>
			<node>
				<identifier>	MP_GM003_Reels_1	</identifier>
				<transform>
					<row0>	0.9960 0.0000 -0.0892 0.0000	</row0>
					<row1>	0.0000 1.0000 0.0000 0.0000	</row1>
					<row2>	0.0892 0.0000 0.9960 0.0000	</row2>
					<row3>	0.7185 0.3773 -3.2250 1.0000	</row3>
				</transform>
			</node>
			<node>
				<identifier>	MP_GM003_Reels_1_INDEX_1	</identifier>
				<transform>
					<row0>	0.9990 0.0000 -0.0456 0.0000	</row0>
					<row1>	0.0000 1.0000 0.0000 0.0000	</row1>
					<row2>	0.0456 0.0000 0.9990 0.0000	</row2>
					<row3>	0.7449 0.3743 -2.8685 1.0000	</row3>
				</transform>
			</node>
			<node>
				<identifier>	MP_GM003_Reels_1_INDEX_2	</identifier>
				<transform>
					<row0>	-1.0000 0.0000 0.0000 0.0000	</row0>
					<row1>	0.0000 0.0000 -1.0000 0.0000	</row1>
					<row2>	0.0000 -1.0000 0.0000 0.0000	</row2>
					<row3>	0.0469 0.8838 -1.7760 1.0000	</row3>
				</transform>
			</node>
			<node>
				<identifier>	MP_GM004_Reels_2	</identifier>
				<transform>
					<row0>	0.5570 0.0000 0.3865 0.0000	</row0>
					<row1>	0.0000 0.6780 0.0000 0.0000	</row1>
					<row2>	-0.3865 0.0000 0.5570 0.0000	</row2>
					<row3>	0.3872 0.7086 -2.9028 1.0000	</row3>
				</transform>
			</node>
			<node>
				<identifier>	MP_GM004_Reels_2_INDEX_1	</identifier>
				<transform>
					<row0>	-0.7166 0.0000 -0.5275 0.0000	</row0>
					<row1>	0.0000 0.8898 0.0000 0.0000	</row1>
					<row2>	0.5275 0.0000 -0.7166 0.0000	</row2>
					<row3>	0.3240 0.6963 -2.9454 1.0000	</row3>
				</transform>
			</node>
			<node>
				<identifier>	MP_GM004_Reels_2_INDEX_2	</identifier>
				<transform>
					<row0>	-0.7166 0.0000 0.5275 0.0000	</row0>
					<row1>	0.0000 0.8898 0.0000 0.0000	</row1>
					<row2>	-0.5275 0.0000 -0.7166 0.0000	</row2>
					<row3>	-0.3240 0.6963 -2.9454 1.0000	</row3>
				</transform>
			</node>
			<node>
				<identifier>	MP_GM004_Reels_2_INDEX_3	</identifier>
				<transform>
					<row0>	0.5570 0.0000 -0.3865 0.0000	</row0>
					<row1>	0.0000 0.6780 0.0000 0.0000	</row1>
					<row2>	0.3865 0.0000 0.5570 0.0000	</row2>
					<row3>	-0.3872 0.7086 -2.9028 1.0000	</row3>
				</transform>
			</node>
			<node>
				<identifier>	MP_GM005_Reels_3	</identifier>
				<transform>
					<row0>	0.6070 0.0000 -0.4212 0.0000	</row0>
					<row1>	0.0000 0.7388 0.0000 0.0000	</row1>
					<row2>	0.4212 0.0000 0.6070 0.0000	</row2>
					<row3>	-0.2565 0.6975 -2.9944 1.0000	</row3>
				</transform>
			</node>
			<node>
				<identifier>	MP_GM005_Reels_3_INDEX_1	</identifier>
				<transform>
					<row0>	0.6070 0.0000 0.4212 0.0000	</row0>
					<row1>	0.0000 0.7388 0.0000 0.0000	</row1>
					<row2>	-0.4212 0.0000 0.6070 0.0000	</row2>
					<row3>	0.2565 0.6975 -2.9944 1.0000	</row3>
				</transform>
			</node>
			<node>
				<identifier>	MP_GM006_Reels_4	</identifier>
				<transform>
					<row0>	0.8275 0.0000 0.0000 0.0000	</row0>
					<row1>	0.0000 0.8275 0.0000 0.0000	</row1>
					<row2>	0.0000 0.0000 0.8275 0.0000	</row2>
					<row3>	-0.1704 0.6998 -3.0206 1.0000	</row3>
				</transform>
			</node>
			<node>
				<identifier>	MP_GM006_Reels_4_INDEX_1	</identifier>
				<transform>
					<row0>	0.8978 0.0000 0.0625 0.0000	</row0>
					<row1>	0.0000 0.9000 0.0000 0.0000	</row1>
					<row2>	-0.0625 0.0000 0.8978 0.0000	</row2>
					<row3>	-0.7364 0.3803 -3.1905 1.0000	</row3>
				</transform>
			</node>
			<node>
				<identifier>	MP_GM006_Reels_4_INDEX_2	</identifier>
				<transform>
					<row0>	-0.9764 0.0000 -0.2159 0.0000	</row0>
					<row1>	0.0000 1.0000 0.0000 0.0000	</row1>
					<row2>	0.2159 0.0000 -0.9764 0.0000	</row2>
					<row3>	0.1153 0.3904 -4.2159 1.0000	</row3>
				</transform>
			</node>
			<node>
				<identifier>	MP_GM006_Reels_4_INDEX_3	</identifier>
				<transform>
					<row0>	0.8275 0.0000 0.0000 0.0000	</row0>
					<row1>	0.0000 0.8275 0.0000 0.0000	</row1>
					<row2>	0.0000 0.0000 0.8275 0.0000	</row2>
					<row3>	0.1704 0.6995 -3.0206 1.0000	</row3>
				</transform>
			</node>
			<node>
				<identifier>	MP_GM006_Reels_4_INDEX_4	</identifier>
				<transform>
					<row0>	0.8978 0.0000 0.0625 0.0000	</row0>
					<row1>	0.0000 0.9000 0.0000 0.0000	</row1>
					<row2>	-0.0625 0.0000 0.8978 0.0000	</row2>
					<row3>	-0.7299 0.3812 -3.4380 1.0000	</row3>
				</transform>
			</node>
			<node>
				<identifier>	MP_GM007_LifeBuoy	</identifier>
				<transform>
					<row0>	0.9960 0.0000 0.0892 0.0000	</row0>
					<row1>	0.0000 1.0000 0.0000 0.0000	</row1>
					<row2>	-0.0892 0.0000 0.9960 0.0000	</row2>
					<row3>	-0.7195 0.4698 -2.8677 1.0000	</row3>
				</transform>
			</node>
			<node>
				<identifier>	MP_GM007_LifeBuoy_INDEX_1	</identifier>
				<transform>
					<row0>	1.0000 0.0000 0.0000 0.0000	</row0>
					<row1>	0.0000 1.0000 0.0000 0.0000	</row1>
					<row2>	0.0000 0.0000 1.0000 0.0000	</row2>
					<row3>	-0.5444 0.6335 -2.2940 1.0000	</row3>
				</transform>
			</node>
			<node>
				<identifier>	MP_GM007_LifeBuoy_INDEX_2	</identifier>
				<transform>
					<row0>	0.9969 0.0000 -0.0789 0.0000	</row0>
					<row1>	0.0000 1.0000 0.0000 0.0000	</row1>
					<row2>	0.0789 0.0000 0.9969 0.0000	</row2>
					<row3>	0.6866 0.4681 -3.2590 1.0000	</row3>
				</transform>
			</node>
			<node>
				<identifier>	MP_GM007_LifeBuoy_INDEX_3	</identifier>
				<transform>
					<row0>	0.8873 0.0000 -0.4611 0.0000	</row0>
					<row1>	0.0000 1.0000 0.0000 0.0000	</row1>
					<row2>	0.4611 0.0000 0.8873 0.0000	</row2>
					<row3>	0.6302 0.4666 -3.6296 1.0000	</row3>
				</transform>
			</node>
			<node>
				<identifier>	MP_GM007_LifeBuoy_INDEX_4	</identifier>
				<transform>
					<row0>	0.9969 0.0000 0.0789 0.0000	</row0>
					<row1>	0.0000 1.0000 0.0000 0.0000	</row1>
					<row2>	-0.0789 0.0000 0.9969 0.0000	</row2>
					<row3>	-0.6745 0.4634 -3.4077 1.0000	</row3>
				</transform>
			</node>
			<node>
				<identifier>	MP_GM007_LifeBuoy_INDEX_5	</identifier>
				<transform>
					<row0>	1.0000 0.0000 0.0000 0.0000	</row0>
					<row1>	0.0000 1.0000 0.0000 0.0000	</row1>
					<row2>	0.0000 0.0000 1.0000 0.0000	</row2>
					<row3>	0.5444 0.6333 -2.3385 1.0000	</row3>
				</transform>
			</node>
			<node>
				<identifier>	MP_GM008_Loudspeaker	</identifier>
				<transform>
					<row0>	-0.9973 0.0000 -0.0740 0.0000	</row0>
					<row1>	0.0000 1.0000 0.0000 0.0000	</row1>
					<row2>	0.0740 0.0000 -0.9973 0.0000	</row2>
					<row3>	-0.6698 0.5304 -3.4010 1.0000	</row3>
				</transform>
			</node>
			<node>
				<identifier>	MP_GM008_Loudspeaker_INDEX_1	</identifier>
				<transform>
					<row0>	1.0000 0.0000 0.0000 0.0000	</row0>
					<row1>	0.0000 1.0000 0.0000 0.0000	</row1>
					<row2>	0.0000 0.0000 1.0000 0.0000	</row2>
					<row3>	0.3264 0.8736 -1.6812 1.0000	</row3>
				</transform>
			</node>
			<node>
				<identifier>	MP_GM008_Loudspeaker_INDEX_2	</identifier>
				<transform>
					<row0>	0.9973 0.0000 -0.0740 0.0000	</row0>
					<row1>	0.0000 1.0000 0.0000 0.0000	</row1>
					<row2>	0.0740 0.0000 0.9973 0.0000	</row2>
					<row3>	0.6698 0.5304 -3.4009 1.0000	</row3>
				</transform>
			</node>
			<node>
				<identifier>	MP_GM008_Loudspeaker_INDEX_3	</identifier>
				<transform>
					<row0>	-1.0000 0.0000 0.0000 0.0000	</row0>
					<row1>	0.0000 1.0000 0.0000 0.0000	</row1>
					<row2>	0.0000 0.0000 -1.0000 0.0000	</row2>
					<row3>	-0.3264 0.8736 -1.6812 1.0000	</row3>
				</transform>
			</node>
			<node>
				<identifier>	MP_GM013_Siren	</identifier>
				<transform>
					<row0>	-0.3891 0.0000 -0.9212 0.0000	</row0>
					<row1>	0.0000 1.0000 0.0000 0.0000	</row1>
					<row2>	0.9212 0.0000 -0.3891 0.0000	</row2>
					<row3>	0.0867 1.0327 -1.7257 1.0000	</row3>
				</transform>
			</node>
			<node>
				<identifier>	MP_GM013_Siren_INDEX_1	</identifier>
				<transform>
					<row0>	-0.9900 0.0000 0.1412 0.0000	</row0>
					<row1>	0.0000 1.0000 0.0000 0.0000	</row1>
					<row2>	-0.1412 0.0000 -0.9900 0.0000	</row2>
					<row3>	0.2496 0.8939 -2.1416 1.0000	</row3>
				</transform>
			</node>
			<node>
				<identifier>	MP_GM013_Siren_INDEX_2	</identifier>
				<transform>
					<row0>	-0.1399 0.0000 0.9902 0.0000	</row0>
					<row1>	0.0000 1.0000 0.0000 0.0000	</row1>
					<row2>	-0.9902 0.0000 -0.1399 0.0000	</row2>
					<row3>	-0.0953 1.0329 -1.7010 1.0000	</row3>
				</transform>
			</node>
			<node>
				<identifier>	MP_GM013_Siren_INDEX_3	</identifier>
				<transform>
					<row0>	-0.9900 0.0000 -0.1412 0.0000	</row0>
					<row1>	0.0000 1.0000 0.0000 0.0000	</row1>
					<row2>	0.1412 0.0000 -0.9900 0.0000	</row2>
					<row3>	-0.1437 0.8871 -2.1283 1.0000	</row3>
				</transform>
			</node>
			<node>
				<identifier>	MP_GM013_Siren_INDEX_4	</identifier>
				<transform>
					<row0>	0.0000 0.0000 -1.0000 0.0000	</row0>
					<row1>	0.0000 1.0000 0.0000 0.0000	</row1>
					<row2>	1.0000 0.0000 0.0000 0.0000	</row2>
					<row3>	0.5392 0.6803 -2.8234 1.0000	</row3>
				</transform>
			</node>
			<node>
				<identifier>	MP_GM013_Siren_INDEX_5	</identifier>
				<transform>
					<row0>	0.0000 0.0000 1.0000 0.0000	</row0>
					<row1>	0.0000 1.0000 0.0000 0.0000	</row1>
					<row2>	-1.0000 0.0000 0.0000 0.0000	</row2>
					<row3>	-0.5392 0.6803 -2.8234 1.0000	</row3>
				</transform>
			</node>
			<node>
				<identifier>	MP_GM014_Sleeve	</identifier>
				<transform>
					<row0>	1.0000 0.0000 0.0000 0.0000	</row0>
					<row1>	0.0000 1.0000 0.0000 0.0000	</row1>
					<row2>	0.0000 0.0000 1.0000 0.0000	</row2>
					<row3>	0.0000 0.9732 -1.5905 1.0000	</row3>
				</transform>
			</node>
			<node>
				<identifier>	MP_GM014_Sleeve_INDEX_1	</identifier>
				<transform>
					<row0>	0.0000 0.0000 -1.0000 0.0000	</row0>
					<row1>	0.0000 1.0000 0.0000 0.0000	</row1>
					<row2>	1.0000 0.0000 0.0000 0.0000	</row2>
					<row3>	0.5383 0.5702 -2.2734 1.0000	</row3>
				</transform>
			</node>
			<node>
				<identifier>	MP_GM014_Sleeve_INDEX_2	</identifier>
				<transform>
					<row0>	0.0000 0.0000 1.0000 0.0000	</row0>
					<row1>	0.0000 1.0000 0.0000 0.0000	</row1>
					<row2>	-1.0000 0.0000 0.0000 0.0000	</row2>
					<row3>	-0.5383 0.5702 -2.2734 1.0000	</row3>
				</transform>
			</node>
			<node>
				<identifier>	MP_GM015_Clock	</identifier>
				<transform>
					<row0>	1.0000 0.0000 -0.0023 0.0000	</row0>
					<row1>	0.0000 1.0000 0.0000 0.0000	</row1>
					<row2>	0.0023 0.0000 1.0000 0.0000	</row2>
					<row3>	0.0000 1.0420 -1.1975 1.0000	</row3>
				</transform>
			</node>
			<node>
				<identifier>	MP_GM015_Clock_INDEX_1	</identifier>
				<transform>
					<row0>	-0.4639 0.0007 0.8859 0.0000	</row0>
					<row1>	0.0007 1.0000 -0.0005 0.0000	</row1>
					<row2>	-0.8859 0.0004 -0.4639 0.0000	</row2>
					<row3>	-0.6438 0.5227 -3.5919 1.0000	</row3>
				</transform>
			</node>
			<node>
				<identifier>	MP_GM015_Clock_INDEX_2	</identifier>
				<transform>
					<row0>	-0.0832 0.0000 -0.9965 0.0000	</row0>
					<row1>	0.0000 1.0000 0.0000 0.0000	</row1>
					<row2>	0.9965 0.0000 -0.0832 0.0000	</row2>
					<row3>	0.7272 0.5126 -2.7169 1.0000	</row3>
				</transform>
			</node>
			<node>
				<identifier>	MP_GM016_Sleeve	</identifier>
				<transform>
					<row0>	-0.0994 0.0000 0.9950 0.0000	</row0>
					<row1>	0.0000 1.0000 0.0000 0.0000	</row1>
					<row2>	-0.9950 0.0000 -0.0994 0.0000	</row2>
					<row3>	-0.6581 0.4188 -3.5450 1.0000	</row3>
				</transform>
			</node>
			<node>
				<identifier>	MP_GM016_Sleeve_INDEX_1	</identifier>
				<transform>
					<row0>	-0.4474 0.0000 -0.8943 0.0000	</row0>
					<row1>	0.0000 1.0000 0.0000 0.0000	</row1>
					<row2>	0.8943 0.0000 -0.4474 0.0000	</row2>
					<row3>	0.6442 0.4433 -3.5906 1.0000	</row3>
				</transform>
			</node>
			<node>
				<identifier>	MP_GM016_Sleeve_INDEX_2	</identifier>
				<transform>
					<row0>	-0.5920 0.0000 -0.8059 0.0000	</row0>
					<row1>	0.0000 1.0000 0.0000 0.0000	</row1>
					<row2>	0.8059 0.0000 -0.5920 0.0000	</row2>
					<row3>	0.7874 0.3963 -0.8173 1.0000	</row3>
				</transform>
			</node>
			<node>
				<identifier>	MP_GM016_Sleeve_INDEX_3	</identifier>
				<transform>
					<row0>	-0.6019 0.0000 0.7986 0.0000	</row0>
					<row1>	0.0000 1.0000 0.0000 0.0000	</row1>
					<row2>	-0.7986 0.0000 -0.6019 0.0000	</row2>
					<row3>	-0.7890 0.3963 -0.8154 1.0000	</row3>
				</transform>
			</node>
			<node>
				<identifier>	MP_GM016_Sleeve_INDEX_4	</identifier>
				<transform>
					<row0>	-0.0934 0.0000 0.9956 0.0000	</row0>
					<row1>	0.0000 1.0000 0.0000 0.0000	</row1>
					<row2>	-0.9956 0.0000 -0.0934 0.0000	</row2>
					<row3>	-0.7422 0.4125 -2.5454 1.0000	</row3>
				</transform>
			</node>
			<node>
				<identifier>	MP_GM019_Loading_machine	</identifier>
				<transform>
					<row0>	-0.7071 0.0000 0.7071 0.0000	</row0>
					<row1>	0.0000 1.0000 0.0000 0.0000	</row1>
					<row2>	-0.7071 0.0000 -0.7071 0.0000	</row2>
					<row3>	-0.4119 0.3856 -4.0810 1.0000	</row3>
				</transform>
			</node>
			<node>
				<identifier>	MP_GM020_Loading_machine_2	</identifier>
				<transform>
					<row0>	0.5000 0.0000 0.8660 0.0000	</row0>
					<row1>	0.0000 1.0000 0.0000 0.0000	</row1>
					<row2>	-0.8660 0.0000 0.5000 0.0000	</row2>
					<row3>	0.4119 0.3856 -4.0810 1.0000	</row3>
				</transform>
			</node>
			<node>
				<identifier>	MP_GM024_Night_Indicator	</identifier>
				<transform>
					<row0>	-1.0000 0.0000 0.0000 0.0000	</row0>
					<row1>	0.0000 1.0000 0.0000 0.0000	</row1>
					<row2>	0.0000 0.0000 -1.0000 0.0000	</row2>
					<row3>	-0.0009 2.1062 -1.3049 1.0000	</row3>
				</transform>
			</node>
			<node>
				<identifier>	MP_GM501_Lauch_11m	</identifier>
				<transform>
					<row0>	1.0000 0.0000 0.0000 0.0000	</row0>
					<row1>	0.0000 0.9999 0.0123 0.0000	</row1>
					<row2>	0.0000 -0.0123 0.9999 0.0000	</row2>
					<row3>	0.4574 0.8967 -1.2858 1.0000	</row3>
				</transform>
			</node>
			<node>
				<identifier>	MP_GM501_Lauch_11m_INDEX_1	</identifier>
				<transform>
					<row0>	0.9710 0.0000 0.2393 0.0000	</row0>
					<row1>	0.0000 1.0000 0.0000 0.0000	</row1>
					<row2>	-0.2393 0.0000 0.9710 0.0000	</row2>
					<row3>	-0.2030 0.9652 -1.1685 1.0000	</row3>
				</transform>
			</node>
			<node>
				<identifier>	MP_GM501_Lauch_11m_INDEX_2	</identifier>
				<transform>
					<row0>	0.9710 0.0000 -0.2393 0.0000	</row0>
					<row1>	0.0000 1.0000 0.0000 0.0000	</row1>
					<row2>	0.2393 0.0000 0.9710 0.0000	</row2>
					<row3>	0.2030 0.9652 -1.1685 1.0000	</row3>
				</transform>
			</node>
			<node>
				<identifier>	MP_GM501_Lauch_11m_INDEX_3	</identifier>
				<transform>
					<row0>	1.0000 0.0000 0.0000 0.0000	</row0>
					<row1>	0.0000 0.9999 0.0123 0.0000	</row1>
					<row2>	0.0000 -0.0123 0.9999 0.0000	</row2>
					<row3>	-0.4574 0.8967 -1.2858 1.0000	</row3>
				</transform>
			</node>
			<node>
				<identifier>	MP_GM507_Boat	</identifier>
				<transform>
					<row0>	0.0000 0.0000 -1.0000 0.0000	</row0>
					<row1>	0.0000 1.0000 0.0000 0.0000	</row1>
					<row2>	1.0000 0.0000 0.0000 0.0000	</row2>
					<row3>	-0.2233 1.0338 -1.5287 1.0000	</row3>
				</transform>
			</node>
			<node>
				<identifier>	MP_GM507_Boat_INDEX_1	</identifier>
				<transform>
					<row0>	0.0000 0.0000 -1.0000 0.0000	</row0>
					<row1>	0.0000 1.0000 0.0000 0.0000	</row1>
					<row2>	1.0000 0.0000 0.0000 0.0000	</row2>
					<row3>	0.2233 1.0338 -1.5287 1.0000	</row3>
				</transform>
			</node>
			<node>
				<identifier>	MP_GM508_Boats	</identifier>
				<transform>
					<row0>	1.0000 0.0000 0.0000 0.0000	</row0>
					<row1>	0.0000 1.0000 0.0000 0.0000	</row1>
					<row2>	0.0000 0.0000 1.0000 0.0000	</row2>
					<row3>	-0.1063 0.6933 -2.7971 1.0000	</row3>
				</transform>
			</node>
			<node>
				<identifier>	MP_GM508_Boats_INDEX_1	</identifier>
				<transform>
					<row0>	1.0000 0.0000 0.0000 0.0000	</row0>
					<row1>	0.0000 1.0000 0.0000 0.0000	</row1>
					<row2>	0.0000 0.0000 1.0000 0.0000	</row2>
					<row3>	0.5310 0.5355 -1.2899 1.0000	</row3>
				</transform>
			</node>
			<node>
				<identifier>	MP_GM508_Boats_INDEX_2	</identifier>
				<transform>
					<row0>	1.0000 0.0000 0.0000 0.0000	</row0>
					<row1>	0.0000 1.0000 0.0000 0.0000	</row1>
					<row2>	0.0000 0.0000 1.0000 0.0000	</row2>
					<row3>	0.1063 0.6933 -2.7971 1.0000	</row3>
				</transform>
			</node>
			<node>
				<identifier>	MP_GM508_Boats_INDEX_3	</identifier>
				<transform>
					<row0>	0.0000 0.0000 1.0000 0.0000	</row0>
					<row1>	0.0000 1.0000 0.0000 0.0000	</row1>
					<row2>	-1.0000 0.0000 0.0000 0.0000	</row2>
					<row3>	-0.4465 0.5355 -1.2899 1.0000	</row3>
				</transform>
			</node>
			<node>
				<identifier>	MP_GM600_Switch_Box_1	</identifier>
				<transform>
					<row0>	-1.2964 0.0000 -0.0910 0.0000	</row0>
					<row1>	0.0000 1.2996 0.0000 0.0000	</row1>
					<row2>	0.0910 0.0000 -1.2964 0.0000	</row2>
					<row3>	-0.0872 0.8910 -2.1236 1.0000	</row3>
				</transform>
			</node>
			<node>
				<identifier>	MP_GM600_Switch_Box_1_INDEX_1	</identifier>
				<transform>
					<row0>	-1.2964 0.0000 -0.0910 0.0000	</row0>
					<row1>	0.0000 1.2996 0.0000 0.0000	</row1>
					<row2>	0.0910 0.0000 -1.2964 0.0000	</row2>
					<row3>	-0.0872 0.8833 -2.1237 1.0000	</row3>
				</transform>
			</node>
			<node>
				<identifier>	MP_GM600_Switch_Box_1_INDEX_2	</identifier>
				<transform>
