<VSC011_Santander_1948_Stern_ports.visual>
	<node>
		<identifier>	Scene Root	</identifier>
		<transform>
			<row0>	1.0000 0.0000 0.0000 0.0000	</row0>
			<row1>	0.0000 1.0000 0.0000 0.0000	</row1>
			<row2>	0.0000 0.0000 1.0000 0.0000	</row2>
			<row3>	0.0000 0.0000 0.0000 1.0000	</row3>
		</transform>
		<node>
			<identifier>	Stern_ports	</identifier>
			<transform>
				<row0>	1.0000 0.0000 0.0000 0.0000	</row0>
				<row1>	0.0000 1.0000 0.0000 0.0000	</row1>
				<row2>	0.0000 0.0000 1.0000 0.0000	</row2>
				<row3>	0.0000 0.0000 0.0000 1.0000	</row3>
			</transform>
			<node>
				<identifier>	HP_FX_Death_3	</identifier>
				<transform>
					<row0>	1.0000 0.0000 0.0000 0.0000	</row0>
					<row1>	0.0000 1.0000 0.0000 0.0000	</row1>
					<row2>	0.0000 0.0000 1.0000 0.0000	</row2>
					<row3>	0.0000 0.0000 -4.3306 1.0000	</row3>
				</transform>
			</node>
			<node>
				<identifier>	HP_FX_Fire_4	</identifier>
				<transform>
					<row0>	1.0000 0.0000 0.0000 0.0000	</row0>
					<row1>	0.0000 1.0000 0.0000 0.0000	</row1>
					<row2>	0.0000 0.0000 1.0000 0.0000	</row2>
					<row3>	0.0000 0.3721 -4.9978 1.0000	</row3>
				</transform>
			</node>
			<node>
				<identifier>	HP_FX_Flood_water_left	</identifier>
				<transform>
					<row0>	-0.2183 -0.9639 -0.1524 0.0000	</row0>
					<row1>	-0.9705 0.2308 -0.0702 0.0000	</row1>
					<row2>	0.1029 0.1326 -0.9858 0.0000	</row2>
					<row3>	-0.5877 0.1264 -4.8806 1.0000	</row3>
				</transform>
			</node>
			<node>
				<identifier>	HP_FX_Flood_water_right	</identifier>
				<transform>
					<row0>	0.2329 -0.9639 0.1290 0.0000	</row0>
					<row1>	0.9725 0.2309 -0.0309 0.0000	</row1>
					<row2>	0.0000 0.1326 0.9912 0.0000	</row2>
					<row3>	0.5902 0.1268 -4.8805 1.0000	</row3>
				</transform>
			</node>
			<node>
				<identifier>	HP_FX_RepairLight_left_2	</identifier>
				<transform>
					<row0>	-0.0603 0.0000 0.9982 0.0000	</row0>
					<row1>	0.0009 1.0000 0.0000 0.0000	</row1>
					<row2>	-0.9982 0.0009 -0.0603 0.0000	</row2>
					<row3>	-0.6181 0.3429 -4.6729 1.0000	</row3>
				</transform>
			</node>
			<node>
				<identifier>	HP_FX_WakeTraceBack	</identifier>
				<transform>
					<row0>	1.0000 0.0000 0.0000 0.0000	</row0>
					<row1>	0.0000 1.0000 0.0000 0.0000	</row1>
					<row2>	0.0000 0.0000 1.0000 0.0000	</row2>
					<row3>	0.0000 0.0000 -6.5687 1.0000	</row3>
				</transform>
			</node>
			<node>
				<identifier>	HP_FX_WakeTrace_screw_1	</identifier>
				<transform>
					<row0>	1.0000 0.0000 0.0000 0.0000	</row0>
					<row1>	0.0000 1.0000 0.0000 0.0000	</row1>
					<row2>	0.0000 0.0000 1.0000 0.0000	</row2>
					<row3>	-0.5047 -0.3842 -4.6431 1.0000	</row3>
				</transform>
			</node>
			<node>
				<identifier>	HP_FX_WakeTrace_screw_2	</identifier>
				<transform>
					<row0>	1.0000 0.0000 0.0000 0.0000	</row0>
					<row1>	0.0000 1.0000 0.0000 0.0000	</row1>
					<row2>	0.0000 0.0000 1.0000 0.0000	</row2>
					<row3>	-0.2877 -0.3911 -5.5806 1.0000	</row3>
				</transform>
			</node>
			<node>
				<identifier>	HP_FX_WakeTrace_screw_3	</identifier>
				<transform>
					<row0>	1.0000 0.0000 0.0000 0.0000	</row0>
					<row1>	0.0000 1.0000 0.0000 0.0000	</row1>
					<row2>	0.0000 0.0000 1.0000 0.0000	</row2>
					<row3>	0.2877 -0.3911 -5.5806 1.0000	</row3>
				</transform>
			</node>
			<node>
				<identifier>	HP_FX_WakeTrace_screw_4	</identifier>
				<transform>
					<row0>	1.0000 0.0000 0.0000 0.0000	</row0>
					<row1>	0.0000 1.0000 0.0000 0.0000	</row1>
					<row2>	0.0000 0.0000 1.0000 0.0000	</row2>
					<row3>	0.5047 -0.3842 -4.6431 1.0000	</row3>
				</transform>
			</node>
			<node>
				<identifier>	HP_Ship_death_3	</identifier>
				<transform>
					<row0>	1.0000 0.0000 0.0000 0.0000	</row0>
					<row1>	0.0000 1.0000 0.0000 0.0000	</row1>
					<row2>	0.0000 0.0000 1.0000 0.0000	</row2>
					<row3>	0.0000 0.0000 -3.6080 1.0000	</row3>
				</transform>
			</node>
			<node>
				<identifier>	HP_VC_1	</identifier>
				<transform>
					<row0>	0.8660 0.0000 0.5000 0.0000	</row0>
					<row1>	0.0000 1.0000 0.0000 0.0000	</row1>
					<row2>	-0.5000 0.0000 0.8660 0.0000	</row2>
					<row3>	-0.4500 0.4460 -5.4253 1.0000	</row3>
				</transform>
			</node>
			<node>
				<identifier>	HP_VC_2	</identifier>
				<transform>
					<row0>	0.8660 0.0000 -0.5000 0.0000	</row0>
					<row1>	0.0000 1.0000 0.0000 0.0000	</row1>
					<row2>	0.5000 0.0000 0.8660 0.0000	</row2>
					<row3>	0.4500 0.4460 -5.4253 1.0000	</row3>
				</transform>
			</node>
			<node>
				<identifier>	HP_VGA_19	</identifier>
				<transform>
					<row0>	-0.7071 0.0000 0.7071 0.0000	</row0>
					<row1>	0.0000 1.0000 0.0000 0.0000	</row1>
					<row2>	-0.7071 0.0000 -0.7071 0.0000	</row2>
					<row3>	-0.4790 0.3781 -4.5311 1.0000	</row3>
				</transform>
			</node>
			<node>
				<identifier>	HP_VGA_20	</identifier>
				<transform>
					<row0>	-0.7071 0.0000 -0.7071 0.0000	</row0>
					<row1>	0.0000 1.0000 0.0000 0.0000	</row1>
					<row2>	0.7071 0.0000 -0.7071 0.0000	</row2>
					<row3>	0.4790 0.3781 -4.5311 1.0000	</row3>
				</transform>
			</node>
			<node>
				<identifier>	HP_VGA_21	</identifier>
				<transform>
					<row0>	-0.9659 0.0000 0.2588 0.0000	</row0>
					<row1>	0.0000 1.0000 0.0000 0.0000	</row1>
					<row2>	-0.2588 0.0000 -0.9659 0.0000	</row2>
					<row3>	-0.3012 0.4030 -6.4566 1.0000	</row3>
				</transform>
			</node>
			<node>
				<identifier>	HP_VGA_22	</identifier>
				<transform>
					<row0>	-0.9659 0.0000 -0.2588 0.0000	</row0>
					<row1>	0.0000 1.0000 0.0000 0.0000	</row1>
					<row2>	0.2588 0.0000 -0.9659 0.0000	</row2>
					<row3>	0.3012 0.4030 -6.4566 1.0000	</row3>
				</transform>
			</node>
			<node>
				<identifier>	HP_VGM_3	</identifier>
				<transform>
					<row0>	-1.0000 0.0000 0.0000 0.0000	</row0>
					<row1>	0.0000 1.0000 0.0000 0.0000	</row1>
					<row2>	0.0000 0.0000 -1.0000 0.0000	</row2>
					<row3>	0.0000 0.4069 -3.7177 1.0000	</row3>
				</transform>
			</node>
			<node>
				<identifier>	MP_AM465_Fire_Extinguisher	</identifier>
				<transform>
					<row0>	1.0000 0.0000 0.0000 0.0000	</row0>
					<row1>	0.0000 1.0000 0.0000 0.0000	</row1>
					<row2>	0.0000 0.0000 1.0000 0.0000	</row2>
					<row3>	-0.2023 0.4031 -4.6345 1.0000	</row3>
				</transform>
			</node>
			<node>
				<identifier>	MP_CM043_Accommodation_Ladder	</identifier>
				<transform>
					<row0>	0.0409 0.9992 0.0032 0.0000	</row0>
					<row1>	-0.9992 0.0409 0.0010 0.0000	</row1>
					<row2>	0.0009 -0.0032 1.0000 0.0000	</row2>
					<row3>	0.4885 0.3760 -3.5291 1.0000	</row3>
				</transform>
			</node>
			<node>
				<identifier>	MP_CM043_Accommodation_Ladder_INDEX_1	</identifier>
				<transform>
					<row0>	-0.0409 0.9992 -0.0017 0.0000	</row0>
					<row1>	-0.9992 -0.0409 0.0010 0.0000	</row1>
					<row2>	0.0009 0.0018 1.0000 0.0000	</row2>
					<row3>	-0.4129 0.3801 -3.5291 1.0000	</row3>
				</transform>
			</node>
			<node>
				<identifier>	MP_CM156_Fire_Fighting_Gear	</identifier>
				<transform>
					<row0>	-1.0000 0.0000 0.0000 0.0000	</row0>
					<row1>	0.0000 1.0000 0.0000 0.0000	</row1>
					<row2>	0.0000 0.0000 -1.0000 0.0000	</row2>
					<row3>	-0.1845 0.3905 -4.6016 1.0000	</row3>
				</transform>
			</node>
			<node>
				<identifier>	MP_CM166_Propeller4_R	</identifier>
				<transform>
					<row0>	0.7184 0.0000 0.0088 0.0000	</row0>
					<row1>	0.0004 0.7178 -0.0320 0.0000	</row1>
					<row2>	-0.0088 0.0320 0.7177 0.0000	</row2>
					<row3>	0.2877 -0.3911 -5.5806 1.0000	</row3>
				</transform>
			</node>
			<node>
				<identifier>	MP_CM166_Propeller4_R_INDEX_1	</identifier>
				<transform>
					<row0>	0.7162 0.0000 0.0503 0.0000	</row0>
					<row1>	0.0018 0.7175 -0.0262 0.0000	</row1>
					<row2>	-0.0503 0.0263 0.7158 0.0000	</row2>
					<row3>	0.5047 -0.3842 -4.6431 1.0000	</row3>
				</transform>
			</node>
			<node>
				<identifier>	MP_CM167_Propeller4_L	</identifier>
				<transform>
					<row0>	0.7162 0.0000 -0.0503 0.0000	</row0>
					<row1>	-0.0018 0.7175 -0.0262 0.0000	</row1>
					<row2>	0.0503 0.0263 0.7158 0.0000	</row2>
					<row3>	-0.5047 -0.3842 -4.6431 1.0000	</row3>
				</transform>
			</node>
			<node>
				<identifier>	MP_CM167_Propeller4_L_INDEX_1	</identifier>
				<transform>
					<row0>	0.7179 0.0000 -0.0088 0.0000	</row0>
					<row1>	-0.0004 0.7173 -0.0319 0.0000	</row1>
					<row2>	0.0088 0.0319 0.7172 0.0000	</row2>
					<row3>	-0.2877 -0.3911 -5.5806 1.0000	</row3>
				</transform>
			</node>
			<node>
				<identifier>	MP_CM741_Fire_Hose_Reel_HW19	</identifier>
				<transform>
					<row0>	0.0000 -1.0000 0.0000 0.0000	</row0>
					<row1>	0.0000 0.0000 1.0000 0.0000	</row1>
					<row2>	-1.0000 0.0000 0.0000 0.0000	</row2>
					<row3>	-0.0535 0.3897 -4.5917 1.0000	</row3>
				</transform>
			</node>
			<node>
				<identifier>	MP_VM002_Speaker	</identifier>
				<transform>
					<row0>	0.4168 0.0000 0.2762 0.0000	</row0>
					<row1>	0.0000 0.5000 0.0000 0.0000	</row1>
					<row2>	-0.2762 0.0000 0.4168 0.0000	</row2>
					<row3>	-0.3459 0.4630 -6.3725 1.0000	</row3>
				</transform>
			</node>
			<node>
				<identifier>	MP_VM002_Speaker_INDEX_1	</identifier>
				<transform>
					<row0>	-0.4804 0.0000 0.1386 0.0000	</row0>
					<row1>	0.0000 0.5000 0.0000 0.0000	</row1>
					<row2>	-0.1386 0.0000 -0.4804 0.0000	</row2>
					<row3>	-0.5070 0.4424 -4.6175 1.0000	</row3>
				</transform>
			</node>
			<node>
				<identifier>	MP_VM002_Speaker_INDEX_2	</identifier>
				<transform>
					<row0>	-0.4804 0.0000 -0.1386 0.0000	</row0>
					<row1>	0.0000 0.5000 0.0000 0.0000	</row1>
					<row2>	0.1386 0.0000 -0.4804 0.0000	</row2>
					<row3>	0.5073 0.4424 -4.6174 1.0000	</row3>
				</transform>
			</node>
			<node>
				<identifier>	MP_VM002_Speaker_INDEX_3	</identifier>
				<transform>
					<row0>	0.4168 0.0000 -0.2762 0.0000	</row0>
					<row1>	0.0000 0.5000 0.0000 0.0000	</row1>
					<row2>	0.2762 0.0000 0.4168 0.0000	</row2>
					<row3>	0.3462 0.4629 -6.3727 1.0000	</row3>
				</transform>
			</node>
			<node>
				<identifier>	MP_VM014_Filling_Connection	</identifier>
				<transform>
					<row0>	1.0000 0.0000 0.0000 0.0000	</row0>
					<row1>	0.0000 1.0000 0.0000 0.0000	</row1>
					<row2>	0.0000 0.0000 1.0000 0.0000	</row2>
					<row3>	0.3613 0.3813 -4.1323 1.0000	</row3>
				</transform>
			</node>
			<node>
				<identifier>	MP_VM039_Crane_Control_Wheel	</identifier>
				<transform>
					<row0>	-0.6989 0.0000 -0.7153 0.0000	</row0>
					<row1>	0.0000 1.0000 0.0000 0.0000	</row1>
					<row2>	0.7153 0.0000 -0.6989 0.0000	</row2>
					<row3>	0.1506 0.4108 -6.6407 1.0000	</row3>
				</transform>
			</node>
			<node>
				<identifier>	MP_VM040_Reels_4	</identifier>
				<transform>
					<row0>	1.0000 -0.0003 -0.0018 0.0000	</row0>
					<row1>	0.0003 1.0000 0.0000 0.0000	</row1>
					<row2>	0.0018 0.0000 1.0000 0.0000	</row2>
					<row3>	0.0015 0.3891 -4.4427 1.0000	</row3>
				</transform>
			</node>
			<node>
				<identifier>	MP_VM519_Boat_4	</identifier>
				<transform>
					<row0>	0.0007 0.0122 -0.9999 0.0000	</row0>
					<row1>	-0.0400 0.9991 0.0122 0.0000	</row1>
					<row2>	0.9992 0.0400 0.0012 0.0000	</row2>
					<row3>	-0.4282 0.3846 -5.0002 1.0000	</row3>
				</transform>
			</node>
			<node>
				<identifier>	MP_VM519_Boat_4_INDEX_1	</identifier>
				<transform>
					<row0>	0.0007 -0.0122 0.9999 0.0000	</row0>
					<row1>	0.0400 0.9991 0.0122 0.0000	</row1>
					<row2>	-0.9992 0.0400 0.0012 0.0000	</row2>
					<row3>	0.4282 0.3846 -5.0002 1.0000	</row3>
				</transform>
			</node>
			<node>
				<identifier>	MP_VM519_Boat_4_INDEX_2	</identifier>
				<transform>
					<row0>	0.9930 0.0385 0.1113 0.0000	</row0>
					<row1>	-0.0403 0.9991 0.0144 0.0000	</row1>
					<row2>	-0.1106 -0.0188 0.9937 0.0000	</row2>
					<row3>	-0.4026 0.3932 -5.7891 1.0000	</row3>
				</transform>
			</node>
			<node>
				<identifier>	MP_VM519_Boat_4_INDEX_3	</identifier>
				<transform>
					<row0>	0.0007 0.0112 -0.9999 0.0000	</row0>
					<row1>	-0.0400 0.9991 0.0111 0.0000	</row1>
					<row2>	0.9992 0.0400 0.0012 0.0000	</row2>
					<row3>	-0.4152 0.3869 -5.1733 1.0000	</row3>
				</transform>
			</node>
			<node>
				<identifier>	MP_VM519_Boat_4_INDEX_4	</identifier>
				<transform>
					<row0>	0.0007 -0.0112 0.9999 0.0000	</row0>
					<row1>	0.0400 0.9991 0.0111 0.0000	</row1>
					<row2>	-0.9992 0.0400 0.0012 0.0000	</row2>
					<row3>	0.4152 0.3869 -5.1733 1.0000	</row3>
				</transform>
			</node>
			<node>
				<identifier>	MP_VM519_Boat_4_INDEX_5	</identifier>
				<transform>
					<row0>	0.9930 -0.0385 -0.1113 0.0000	</row0>
					<row1>	0.0403 0.9991 0.0144 0.0000	</row1>
					<row2>	0.1106 -0.0188 0.9937 0.0000	</row2>
					<row3>	0.4026 0.3932 -5.7891 1.0000	</row3>
				</transform>
			</node>
			<node>
				<identifier>	MP_VM520_Boat_5	</identifier>
				<transform>
					<row0>	0.0007 -0.0144 0.9999 0.0000	</row0>
					<row1>	0.0400 0.9991 0.0144 0.0000	</row1>
					<row2>	-0.9992 0.0400 0.0013 0.0000	</row2>
					<row3>	0.4355 0.3823 -4.8332 1.0000	</row3>
				</transform>
			</node>
			<node>
				<identifier>	MP_VM520_Boat_5_INDEX_1	</identifier>
				<transform>
					<row0>	0.0007 0.0144 -0.9999 0.0000	</row0>
					<row1>	-0.0400 0.9991 0.0144 0.0000	</row1>
					<row2>	0.9992 0.0400 0.0013 0.0000	</row2>
					<row3>	-0.4355 0.3823 -4.8332 1.0000	</row3>
				</transform>
			</node>
			<node>
				<identifier>	MP_VM602_Multiple_Switch	</identifier>
				<transform>
					<row0>	0.5221 0.0000 0.8529 0.0000	</row0>
					<row1>	0.0000 1.0000 0.0000 0.0000	</row1>
					<row2>	-0.8529 0.0000 0.5221 0.0000	</row2>
					<row3>	-0.3948 0.4342 -4.5837 1.0000	</row3>
				</transform>
			</node>
			<node>
				<identifier>	MP_VM602_Multiple_Switch_INDEX_1	</identifier>
				<transform>
					<row0>	0.5221 0.0000 -0.8529 0.0000	</row0>
					<row1>	0.0000 1.0000 0.0000 0.0000	</row1>
					<row2>	0.8529 0.0000 0.5221 0.0000	</row2>
					<row3>	0.3948 0.4342 -4.5837 1.0000	</row3>
				</transform>
			</node>
			<node>
				<identifier>	MP_VM602_Multiple_Switch_INDEX_2	</identifier>
				<transform>
					<row0>	-0.9459 0.0000 0.3245 0.0000	</row0>
					<row1>	0.0000 1.0000 0.0000 0.0000	</row1>
					<row2>	-0.3245 0.0000 -0.9459 0.0000	</row2>
					<row3>	0.3284 0.4474 -6.3556 1.0000	</row3>
				</transform>
			</node>
			<node>
				<identifier>	MP_VM602_Multiple_Switch_INDEX_3	</identifier>
				<transform>
					<row0>	-0.9459 0.0000 -0.3245 0.0000	</row0>
					<row1>	0.0000 1.0000 0.0000 0.0000	</row1>
					<row2>	0.3245 0.0000 -0.9459 0.0000	</row2>
					<row3>	-0.3284 0.4474 -6.3556 1.0000	</row3>
				</transform>
			</node>
			<node>
				<identifier>	MP_VM714_Ammobox	</identifier>
				<transform>
					<row0>	0.8387 0.0292 0.5439 0.0000	</row0>
					<row1>	-0.0419 0.9991 0.0109 0.0000	</row1>
					<row2>	-0.5431 -0.0319 0.8391 0.0000	</row2>
					<row3>	-0.2282 0.4079 -6.5581 1.0000	</row3>
				</transform>
			</node>
			<node>
				<identifier>	MP_VM714_Ammobox_INDEX_1	</identifier>
				<transform>
					<row0>	0.9993 0.0365 -0.0011 0.0000	</row0>
					<row1>	-0.0365 0.9993 0.0059 0.0000	</row1>
					<row2>	0.0013 -0.0059 1.0000 0.0000	</row2>
					<row3>	-0.4784 0.3785 -4.4020 1.0000	</row3>
				</transform>
			</node>
			<node>
				<identifier>	MP_VM714_Ammobox_INDEX_2	</identifier>
				<transform>
					<row0>	0.8352 -0.0290 -0.5491 0.0000	</row0>
					<row1>	0.0419 0.9991 0.0109 0.0000	</row1>
					<row2>	0.5483 -0.0321 0.8357 0.0000	</row2>
					<row3>	0.2284 0.4079 -6.5582 1.0000	</row3>
				</transform>
			</node>
			<node>
				<identifier>	MP_VM714_Ammobox_INDEX_3	</identifier>
				<transform>
					<row0>	0.9993 -0.0365 0.0011 0.0000	</row0>
					<row1>	0.0365 0.9993 0.0059 0.0000	</row1>
					<row2>	-0.0013 -0.0059 1.0000 0.0000	</row2>
					<row3>	0.4784 0.3785 -4.4020 1.0000	</row3>
				</transform>
			</node>
			<node>
				<identifier>	MP_VM758_Hatch_8	</identifier>
				<transform>
					<row0>	0.9993 -0.0369 0.0000 0.0000	</row0>
					<row1>	0.0369 0.9993 0.0000 0.0000	</row1>
					<row2>	0.0000 0.0000 1.0000 0.0000	</row2>
					<row3>	0.3706 0.3802 -4.0819 1.0000	</row3>
				</transform>
			</node>
			<node>
				<identifier>	MP_VM761_Hatch	</identifier>
				<transform>
					<row0>	1.0000 0.0000 0.0000 0.0000	</row0>
					<row1>	0.0000 1.0000 0.0000 0.0000	</row1>
					<row2>	0.0000 0.0000 1.0000 0.0000	</row2>
					<row3>	-0.2423 0.3627 -4.1183 1.0000	</row3>
				</transform>
			</node>
			<node>
				<identifier>	MP_VM761_Hatch_INDEX_1	</identifier>
				<transform>
					<row0>	1.0000 0.0000 0.0000 0.0000	</row0>
					<row1>	0.0000 1.0000 0.0000 0.0000	</row1>
					<row2>	0.0000 0.0000 1.0000 0.0000	</row2>
					<row3>	0.1951 0.3272 -4.4816 1.0000	</row3>
				</transform>
			</node>
			<node>
				<identifier>	MP_VM805_Ventilators_3	</identifier>
				<transform>
					<row0>	1.0000 0.0000 0.0000 0.0000	</row0>
					<row1>	0.0000 1.0000 0.0000 0.0000	</row1>
					<row2>	0.0000 0.0000 1.0000 0.0000	</row2>
					<row3>	-0.2976 0.4004 -6.2154 1.0000	</row3>
				</transform>
			</node>
			<node>
				<identifier>	MP_VM809_Ventilators_4	</identifier>
				<transform>
					<row0>	0.0000 0.0000 1.0000 0.0000	</row0>
					<row1>	0.0000 1.0000 0.0000 0.0000	</row1>
					<row2>	-1.0000 0.0000 0.0000 0.0000	</row2>
					<row3>	0.1201 0.3837 -4.0974 1.0000	</row3>
				</transform>
			</node>
			<node>
				<identifier>	MP_VM809_Ventilators_4_INDEX_1	</identifier>
				<transform>
					<row0>	-0.9998 0.0000 0.0197 0.0000	</row0>
					<row1>	0.0000 1.0000 0.0000 0.0000	</row1>
					<row2>	-0.0197 0.0000 -0.9998 0.0000	</row2>
					<row3>	0.1070 0.4070 -6.4242 1.0000	</row3>
				</transform>
			</node>
			<node>
				<identifier>	MP_VM809_Ventilators_4_INDEX_2	</identifier>
				<transform>
					<row0>	1.0000 0.0000 0.0000 0.0000	</row0>
					<row1>	0.0000 1.0000 0.0000 0.0000	</row1>
					<row2>	0.0000 0.0000 1.0000 0.0000	</row2>
					<row3>	-0.1070 0.4070 -6.3798 1.0000	</row3>
				</transform>
			</node>
			<node>
				<identifier>	MP_VM809_Ventilators_4_INDEX_3	</identifier>
				<transform>
					<row0>	0.0000 0.0000 1.0000 0.0000	</row0>
					<row1>	0.0000 1.0000 0.0000 0.0000	</row1>
					<row2>	-1.0000 0.0000 0.0000 0.0000	</row2>
					<row3>	0.1201 0.3837 -4.1775 1.0000	</row3>
				</transform>
			</node>
			<node>
				<identifier>	MP_VM858_Signal_Lamp	</identifier>
				<transform>
					<row0>	1.0000 0.0000 0.0000 0.0000	</row0>
					<row1>	0.0000 0.9167 -0.3995 0.0000	</row1>
					<row2>	0.0000 0.3995 0.9167 0.0000	</row2>
					<row3>	0.0000 0.5978 -6.8806 1.0000	</row3>
				</transform>
			</node>
			<node>
				<identifier>	MP_VM860_Running_Light	</identifier>
				<transform>
					<row0>	-1.0000 0.0000 0.0000 0.0000	</row0>
					<row1>	0.0000 1.0000 0.0000 0.0000	</row1>
					<row2>	0.0000 0.0000 -1.0000 0.0000	</row2>
					<row3>	0.0000 0.3144 -6.7835 1.0000	</row3>
				</transform>
			</node>
			<node>
				<identifier>	MP_VM860_Running_Light_INDEX_1	</identifier>
				<transform>
					<row0>	-1.0000 0.0000 0.0000 0.0000	</row0>
					<row1>	0.0000 1.0000 0.0000 0.0000	</row1>
					<row2>	0.0000 0.0000 -1.0000 0.0000	</row2>
					<row3>	0.0000 0.3504 -6.7983 1.0000	</row3>
				</transform>
			</node>
			<node>
				<identifier>	MP_VM871_Wake_Light	</identifier>
				<transform>
					<row0>	-1.0000 0.0000 0.0000 0.0000	</row0>
					<row1>	0.0000 1.0000 0.0000 0.0000	</row1>
					<row2>	0.0000 0.0000 -1.0000 0.0000	</row2>
					<row3>	0.0000 0.4002 -6.8100 1.0000	</row3>
				</transform>
			</node>
			<node>
				<identifier>	MP_VM900_Aircraft_Crane	</identifier>
				<transform>
					<row0>	1.0000 0.0000 0.0000 0.0000	</row0>
					<row1>	0.0000 1.0000 0.0000 0.0000	</row1>
					<row2>	0.0000 0.0000 1.0000 0.0000	</row2>
					<row3>	0.0000 0.4115 -6.5616 1.0000	</row3>
				</transform>
			</node>
			<node>
				<identifier>	MP_VM951_Boat_Winch	</identifier>
				<transform>
					<row0>	-0.9999 0.0141 -0.0025 0.0000	</row0>
					<row1>	0.0141 0.9999 -0.0003 0.0000	</row1>
					<row2>	0.0025 -0.0003 -1.0000 0.0000	</row2>
					<row3>	0.2086 0.3845 -4.3137 1.0000	</row3>
				</transform>
			</node>
			<node>
				<identifier>	MP_VM962_Bollard	</identifier>
				<transform>
					<row0>	-0.6409 0.0194 0.1065 0.0000	</row0>
					<row1>	0.0219 0.6495 0.0139 0.0000	</row1>
					<row2>	-0.1060 0.0173 -0.6411 0.0000	</row2>
					<row3>	0.4106 0.3965 -6.2134 1.0000	</row3>
				</transform>
			</node>
			<node>
				<identifier>	MP_VM962_Bollard_INDEX_1	</identifier>
				<transform>
					<row0>	-0.6495 0.0130 0.0227 0.0000	</row0>
					<row1>	0.0130 0.6499 0.0000 0.0000	</row1>
					<row2>	-0.0227 0.0005 -0.6496 0.0000	</row2>
					<row3>	0.5782 0.3704 -3.6334 1.0000	</row3>
				</transform>
			</node>
			<node>
				<identifier>	MP_VM962_Bollard_INDEX_2	</identifier>
				<transform>
					<row0>	-0.6495 -0.0130 -0.0227 0.0000	</row0>
					<row1>	-0.0130 0.6499 0.0000 0.0000	</row1>
					<row2>	0.0227 0.0005 -0.6496 0.0000	</row2>
					<row3>	-0.5782 0.3704 -3.6334 1.0000	</row3>
				</transform>
			</node>
			<node>
				<identifier>	MP_VM962_Bollard_INDEX_3	</identifier>
				<transform>
					<row0>	-0.6409 -0.0194 -0.1065 0.0000	</row0>
					<row1>	-0.0219 0.6495 0.0139 0.0000	</row1>
					<row2>	0.1060 0.0173 -0.6411 0.0000	</row2>
					<row3>	-0.4103 0.3965 -6.2134 1.0000	</row3>
				</transform>
			</node>
			<node>
				<identifier>	MP_VM969_Fairlead	</identifier>
				<transform>
					<row0>	-0.1614 0.0000 -0.6317 0.0000	</row0>
					<row1>	-0.0116 0.6519 0.0030 0.0000	</row1>
					<row2>	0.6316 0.0120 -0.1613 0.0000	</row2>
					<row3>	-0.0953 0.4135 -6.7780 1.0000	</row3>
				</transform>
			</node>
			<node>
				<identifier>	MP_VM969_Fairlead_INDEX_1	</identifier>
				<transform>
					<row0>	-0.1614 0.0000 0.6317 0.0000	</row0>
					<row1>	0.0116 0.6519 0.0030 0.0000	</row1>
					<row2>	-0.6316 0.0120 -0.1613 0.0000	</row2>
					<row3>	0.0953 0.4135 -6.7780 1.0000	</row3>
				</transform>
			</node>
			<node>
				<identifier>	MP_VM982_Fairlead	</identifier>
				<transform>
					<row0>	1.1856 0.0000 -0.1851 0.0000	</row0>
					<row1>	0.0000 1.2000 0.0000 0.0000	</row1>
					<row2>	0.1851 0.0000 1.1856 0.0000	</row2>
					<row3>	0.4264 0.3952 -6.3331 1.0000	</row3>
				</transform>
			</node>
			<node>
				<identifier>	MP_VM982_Fairlead_INDEX_1	</identifier>
				<transform>
					<row0>	1.1952 0.0000 -0.1072 0.0000	</row0>
					<row1>	0.0000 1.2000 0.0000 0.0000	</row1>
					<row2>	0.1072 0.0000 1.1952 0.0000	</row2>
					<row3>	0.4757 0.3887 -5.9500 1.0000	</row3>
				</transform>
			</node>
			<node>
				<identifier>	MP_VM982_Fairlead_INDEX_2	</identifier>
				<transform>
					<row0>	1.1856 0.0000 0.1851 0.0000	</row0>
					<row1>	0.0000 1.2000 0.0000 0.0000	</row1>
					<row2>	-0.1851 0.0000 1.1856 0.0000	</row2>
					<row3>	-0.4264 0.3952 -6.3331 1.0000	</row3>
				</transform>
			</node>
			<node>
				<identifier>	MP_VM982_Fairlead_INDEX_3	</identifier>
				<transform>
					<row0>	1.1991 0.0000 -0.0460 0.0000	</row0>
					<row1>	0.0000 1.2000 0.0000 0.0000	</row1>
					<row2>	0.0460 0.0000 1.1991 0.0000	</row2>
					<row3>	0.6230 0.3534 -3.8810 1.0000	</row3>
				</transform>
			</node>
			<node>
				<identifier>	MP_VM982_Fairlead_INDEX_4	</identifier>
				<transform>
					<row0>	1.1991 0.0000 0.0460 0.0000	</row0>
					<row1>	0.0000 1.2000 0.0000 0.0000	</row1>
					<row2>	-0.0460 0.0000 1.1991 0.0000	</row2>
					<row3>	-0.6230 0.3534 -3.8810 1.0000	</row3>
				</transform>
			</node>
			<node>
				<identifier>	MP_VM982_Fairlead_INDEX_5	</identifier>
				<transform>
					<row0>	1.1952 0.0000 0.1072 0.0000	</row0>
					<row1>	0.0000 1.2000 0.0000 0.0000	</row1>
					<row2>	-0.1072 0.0000 1.1952 0.0000	</row2>
					<row3>	-0.4757 0.3887 -5.9500 1.0000	</row3>
				</transform>
			</node>
			<node>
				<identifier>	SP_YMS011_YHWL_M_1_INDEX_5	</identifier>
				<transform>
					<row0>	0.8838 -0.0064 0.0354 0.0000	</row0>
					<row1>	0.0064 0.8845 0.0001 0.0000	</row1>
					<row2>	-0.0354 0.0001 0.8838 0.0000	</row2>
					<row3>	-0.6481 0.0000 -3.8292 1.0000	</row3>
				</transform>
			</node>
			<node>
				<identifier>	SP_YMS011_YHWL_M_1_INDEX_9	</identifier>
				<transform>
					<row0>	0.8819 -0.0064 0.0687 0.0000	</row0>
					<row1>	0.0064 0.8845 0.0004 0.0000	</row1>
					<row2>	-0.0687 0.0001 0.8819 0.0000	</row2>
					<row3>	-0.5996 0.0000 -4.5886 1.0000	</row3>
				</transform>
			</node>
			<node>
				<identifier>	SP_YMS012_YHWR_M_1_INDEX_13	</identifier>
				<transform>
					<row0>	0.8843 0.0064 -0.0355 0.0000	</row0>
					<row1>	-0.0064 0.8850 0.0001 0.0000	</row1>
					<row2>	0.0355 0.0001 0.8843 0.0000	</row2>
					<row3>	0.6481 0.0000 -3.8292 1.0000	</row3>
				</transform>
			</node>
			<node>
				<identifier>	SP_YMS012_YHWR_M_1_INDEX_5	</identifier>
				<transform>
					<row0>	0.8823 0.0064 -0.0688 0.0000	</row0>
					<row1>	-0.0064 0.8850 0.0004 0.0000	</row1>
					<row2>	0.0688 0.0001 0.8823 0.0000	</row2>
					<row3>	0.5996 0.0000 -4.5886 1.0000	</row3>
				</transform>
			</node>
			<node>
				<identifier>	SP_YMS023_YHUC_L_1	</identifier>
				<transform>
					<row0>	0.6799 0.0000 0.0083 0.0000	</row0>
					<row1>	0.0004 0.6793 -0.0303 0.0000	</row1>
					<row2>	-0.0083 0.0303 0.6793 0.0000	</row2>
					<row3>	0.2877 -0.3911 -5.5806 1.0000	</row3>
				</transform>
			</node>
			<node>
				<identifier>	SP_YMS023_YHUC_L_1_INDEX_1	</identifier>
				<transform>
					<row0>	0.6796 0.0000 -0.0083 0.0000	</row0>
					<row1>	-0.0004 0.6790 -0.0302 0.0000	</row1>
					<row2>	0.0083 0.0302 0.6789 0.0000	</row2>
					<row3>	-0.2877 -0.3911 -5.5806 1.0000	</row3>
				</transform>
			</node>
			<node>
				<identifier>	SP_YMS023_YHUC_L_1_INDEX_2	</identifier>
				<transform>
					<row0>	0.6783 0.0000 0.0477 0.0000	</row0>
					<row1>	0.0017 0.6795 -0.0249 0.0000	</row1>
					<row2>	-0.0476 0.0249 0.6779 0.0000	</row2>
					<row3>	0.5047 -0.3842 -4.6431 1.0000	</row3>
				</transform>
			</node>
			<node>
				<identifier>	SP_YMS023_YHUC_L_1_INDEX_3	</identifier>
				<transform>
					<row0>	0.6783 0.0000 -0.0477 0.0000	</row0>
					<row1>	-0.0017 0.6795 -0.0249 0.0000	</row1>
					<row2>	0.0476 0.0249 0.6779 0.0000	</row2>
					<row3>	-0.5047 -0.3842 -4.6431 1.0000	</row3>
				</transform>
			</node>
			<node>
				<identifier>	SP_YMS030_YHAM_M_1	</identifier>
				<transform>
					<row0>	0.6000 0.0000 0.0000 0.0000	</row0>
					<row1>	0.0000 0.6000 0.0000 0.0000	</row1>
					<row2>	0.0000 0.0000 0.6000 0.0000	</row2>
					<row3>	0.0000 0.1891 -6.7543 1.0000	</row3>
				</transform>
			</node>
			<node>
				<identifier>	SP_YMS031_YHAL_M_1	</identifier>
				<transform>
					<row0>	0.9955 0.0578 0.0745 0.0000	</row0>
					<row1>	-0.0580 0.9983 0.0000 0.0000	</row1>
					<row2>	-0.0744 -0.0043 0.9972 0.0000	</row2>
					<row3>	-0.4494 0.1891 -6.3669 1.0000	</row3>
				</transform>
			</node>
			<node>
				<identifier>	SP_YMS032_YHAR_M_1	</identifier>
				<transform>
					<row0>	0.9955 -0.0578 -0.0745 0.0000	</row0>
					<row1>	0.0580 0.9983 0.0000 0.0000	</row1>
					<row2>	0.0744 -0.0043 0.9972 0.0000	</row2>
					<row3>	0.4494 0.1891 -6.3669 1.0000	</row3>
				</transform>
			</node>
			<node>
				<identifier>	SP_YMS063_YHGQ_S_1_INDEX_1	</identifier>
				<transform>
					<row0>	0.0474 0.0000 0.7253 0.0000	</row0>
					<row1>	0.0000 0.7269 0.0000 0.0000	</row1>
					<row2>	-0.7253 0.0000 0.0474 0.0000	</row2>
					<row3>	0.4557 0.4442 -5.4257 1.0000	</row3>
				</transform>
			</node>
			<node>
				<identifier>	SP_YMS063_YHGQ_S_1_INDEX_2	</identifier>
				<transform>
					<row0>	0.0474 0.0000 -0.7253 0.0000	</row0>
					<row1>	0.0000 0.7269 0.0000 0.0000	</row1>
					<row2>	0.7253 0.0000 0.0474 0.0000	</row2>
					<row3>	-0.4557 0.4442 -5.4257 1.0000	</row3>
				</transform>
			</node>
			<node>
				<identifier>	SP_YMS072_YHHC_M_1_INDEX_1	</identifier>
				<transform>
					<row0>	0.0451 0.0000 -0.9990 0.0000	</row0>
					<row1>	0.0000 1.0000 0.0000 0.0000	</row1>
					<row2>	0.9990 0.0000 0.0451 0.0000	</row2>
					<row3>	-0.6328 0.1945 -3.5885 1.0000	</row3>
				</transform>
			</node>
			<node>
				<identifier>	SP_YMS072_YHHC_M_1_INDEX_4	</identifier>
				<transform>
					<row0>	0.0451 0.0000 0.9990 0.0000	</row0>
					<row1>	0.0000 1.0000 0.0000 0.0000	</row1>
					<row2>	-0.9990 0.0000 0.0451 0.0000	</row2>
					<row3>	0.6328 0.1945 -3.5885 1.0000	</row3>
				</transform>
			</node>
			<node>
				<identifier>	SP_YMS072_YHHC_M_1_INDEX_7	</identifier>
				<transform>
					<row0>	0.0451 0.0000 -0.9990 0.0000	</row0>
					<row1>	0.0000 1.0000 0.0000 0.0000	</row1>
					<row2>	0.9990 0.0000 0.0451 0.0000	</row2>
					<row3>	-0.6328 0.1945 -3.8488 1.0000	</row3>
				</transform>
			</node>
			<node>
				<identifier>	SP_YMS072_YHHC_M_1_INDEX_9	</identifier>
				<transform>
					<row0>	0.0451 0.0000 0.9990 0.0000	</row0>
					<row1>	0.0000 1.0000 0.0000 0.0000	</row1>
					<row2>	-0.9990 0.0000 0.0451 0.0000	</row2>
					<row3>	0.6328 0.1945 -3.8488 1.0000	</row3>
				</transform>
			</node>
			<node>
				<identifier>	SP_YMS080_YHSL_M_1_INDEX_7	</identifier>
				<transform>
					<row0>	0.8984 0.0129 0.0527 0.0000	</row0>
					<row1>	-0.0150 0.8992 0.0343 0.0000	</row1>
					<row2>	-0.0521 -0.0351 0.8978 0.0000	</row2>
					<row3>	-0.6050 0.1890 -4.2989 1.0000	</row3>
				</transform>
			</node>
			<node>
				<identifier>	SP_YMS081_YHSR_M_1_INDEX_3	</identifier>
				<transform>
					<row0>	0.8984 -0.0129 -0.0527 0.0000	</row0>
					<row1>	0.0150 0.8992 0.0343 0.0000	</row1>
					<row2>	0.0521 -0.0351 0.8978 0.0000	</row2>
					<row3>	0.6050 0.1890 -4.2989 1.0000	</row3>
				</transform>
			</node>
			<node>
				<identifier>	SP_YMS083_YHSC_L_1	</identifier>
				<transform>
					<row0>	0.0961 0.0000 -0.7942 0.0000	</row0>
					<row1>	0.0000 0.8000 0.0000 0.0000	</row1>
					<row2>	0.7942 0.0000 0.0961 0.0000	</row2>
					<row3>	-0.4876 0.2821 -5.7731 1.0000	</row3>
				</transform>
			</node>
			<node>
				<identifier>	SP_YMS083_YHSC_L_1_INDEX_3	</identifier>
				<transform>
					<row0>	0.0961 0.0000 0.7942 0.0000	</row0>
					<row1>	0.0000 0.8000 0.0000 0.0000	</row1>
					<row2>	-0.7942 0.0000 0.0961 0.0000	</row2>
					<row3>	0.4842 0.2821 -5.7727 1.0000	</row3>
				</transform>
			</node>
			<node>
				<identifier>	SP_YMS084_YHSC_L_2_INDEX_2	</identifier>
				<transform>
					<row0>	0.0695 0.0000 -0.7970 0.0000	</row0>
					<row1>	0.0000 0.8000 0.0000 0.0000	</row1>
					<row2>	0.7970 0.0000 0.0695 0.0000	</row2>
					<row3>	-0.5365 0.2821 -5.1925 1.0000	</row3>
				</transform>
			</node>
			<node>
				<identifier>	SP_YMS084_YHSC_L_2_INDEX_5	</identifier>
				<transform>
					<row0>	0.0695 0.0000 0.7970 0.0000	</row0>
					<row1>	0.0000 0.8000 0.0000 0.0000	</row1>
					<row2>	-0.7970 0.0000 0.0695 0.0000	</row2>
					<row3>	0.5365 0.2821 -5.1925 1.0000	</row3>
				</transform>
			</node>
		</node>
	</node>
	<boundingBox>
		<min>	-0.0667 -0.0667 -0.0667	</min>
		<max>	0.0667 0.0667 0.0667	</max>
	</boundingBox>
</VSC011_Santander_1948_Stern_ports.visual>
