<ASB073_Nebraska_1944_Bow_ports.visual>
	<node>
		<identifier>	Scene Root	</identifier>
		<transform>
			<row0>	1.0000 0.0000 0.0000 0.0000	</row0>
			<row1>	0.0000 1.0000 0.0000 0.0000	</row1>
			<row2>	0.0000 0.0000 1.0000 0.0000	</row2>
			<row3>	0.0000 0.0000 0.0000 1.0000	</row3>
		</transform>
		<node>
			<identifier>	Bow_ports	</identifier>
			<transform>
				<row0>	1.0000 0.0000 0.0000 0.0000	</row0>
				<row1>	0.0000 1.0000 0.0000 0.0000	</row1>
				<row2>	0.0000 0.0000 1.0000 0.0000	</row2>
				<row3>	0.0000 0.0000 0.0000 1.0000	</row3>
			</transform>
			<node>
				<identifier>	HP_AD_1	</identifier>
				<transform>
					<row0>	1.0000 0.0000 0.0000 0.0000	</row0>
					<row1>	0.0000 1.0000 0.0000 0.0000	</row1>
					<row2>	0.0000 0.0000 1.0000 0.0000	</row2>
					<row3>	0.0000 0.5925 6.6137 1.0000	</row3>
				</transform>
			</node>
			<node>
				<identifier>	HP_AGA_1	</identifier>
				<transform>
					<row0>	1.0000 0.0000 0.0000 0.0000	</row0>
					<row1>	0.0000 1.0000 0.0000 0.0000	</row1>
					<row2>	0.0000 0.0000 1.0000 0.0000	</row2>
					<row3>	0.0000 0.4940 6.8582 1.0000	</row3>
				</transform>
			</node>
			<node>
				<identifier>	HP_AGA_10	</identifier>
				<transform>
					<row0>	0.7071 0.0000 0.7071 0.0000	</row0>
					<row1>	0.0000 1.0000 0.0000 0.0000	</row1>
					<row2>	-0.7071 0.0000 0.7071 0.0000	</row2>
					<row3>	-0.3375 0.3795 5.2327 1.0000	</row3>
				</transform>
			</node>
			<node>
				<identifier>	HP_AGA_11	</identifier>
				<transform>
					<row0>	0.6428 0.0000 -0.7660 0.0000	</row0>
					<row1>	0.0000 1.0000 0.0000 0.0000	</row1>
					<row2>	0.7660 0.0000 0.6428 0.0000	</row2>
					<row3>	0.3375 0.3795 5.2327 1.0000	</row3>
				</transform>
			</node>
			<node>
				<identifier>	HP_AGA_2	</identifier>
				<transform>
					<row0>	0.7071 0.0000 0.7071 0.0000	</row0>
					<row1>	0.0000 1.0000 0.0000 0.0000	</row1>
					<row2>	-0.7071 0.0000 0.7071 0.0000	</row2>
					<row3>	-0.2824 0.4282 6.1257 1.0000	</row3>
				</transform>
			</node>
			<node>
				<identifier>	HP_AGA_3	</identifier>
				<transform>
					<row0>	0.7660 0.0000 -0.6428 0.0000	</row0>
					<row1>	0.0000 1.0000 0.0000 0.0000	</row1>
					<row2>	0.6428 0.0000 0.7660 0.0000	</row2>
					<row3>	0.2824 0.4282 6.1257 1.0000	</row3>
				</transform>
			</node>
			<node>
				<identifier>	HP_AGA_4	</identifier>
				<transform>
					<row0>	0.7071 0.0000 0.7071 0.0000	</row0>
					<row1>	0.0000 1.0000 0.0000 0.0000	</row1>
					<row2>	-0.7071 0.0000 0.7071 0.0000	</row2>
					<row3>	-0.2998 0.4160 5.9247 1.0000	</row3>
				</transform>
			</node>
			<node>
				<identifier>	HP_AGA_5	</identifier>
				<transform>
					<row0>	0.7071 0.0000 -0.7071 0.0000	</row0>
					<row1>	0.0000 1.0000 0.0000 0.0000	</row1>
					<row2>	0.7071 0.0000 0.7071 0.0000	</row2>
					<row3>	0.2998 0.4160 5.9247 1.0000	</row3>
				</transform>
			</node>
			<node>
				<identifier>	HP_AGA_6	</identifier>
				<transform>
					<row0>	0.7071 0.0000 0.7071 0.0000	</row0>
					<row1>	0.0000 1.0000 0.0000 0.0000	</row1>
					<row2>	-0.7071 0.0000 0.7071 0.0000	</row2>
					<row3>	-0.3170 0.4047 5.7208 1.0000	</row3>
				</transform>
			</node>
			<node>
				<identifier>	HP_AGA_7	</identifier>
				<transform>
					<row0>	0.7071 0.0000 -0.7071 0.0000	</row0>
					<row1>	0.0000 1.0000 0.0000 0.0000	</row1>
					<row2>	0.7071 0.0000 0.7071 0.0000	</row2>
					<row3>	0.3170 0.4047 5.7208 1.0000	</row3>
				</transform>
			</node>
			<node>
				<identifier>	HP_AGA_8	</identifier>
				<transform>
					<row0>	0.7071 0.0000 0.7071 0.0000	</row0>
					<row1>	0.0000 1.0000 0.0000 0.0000	</row1>
					<row2>	-0.7071 0.0000 0.7071 0.0000	</row2>
					<row3>	-0.3170 0.3916 5.4779 1.0000	</row3>
				</transform>
			</node>
			<node>
				<identifier>	HP_AGA_9	</identifier>
				<transform>
					<row0>	0.6428 0.0000 -0.7660 0.0000	</row0>
					<row1>	0.0000 1.0000 0.0000 0.0000	</row1>
					<row2>	0.7660 0.0000 0.6428 0.0000	</row2>
					<row3>	0.3170 0.3916 5.4779 1.0000	</row3>
				</transform>
			</node>
			<node>
				<identifier>	HP_FX_Fire_1	</identifier>
				<transform>
					<row0>	1.0000 0.0000 0.0000 0.0000	</row0>
					<row1>	0.0000 1.0000 0.0000 0.0000	</row1>
					<row2>	0.0000 0.0000 1.0000 0.0000	</row2>
					<row3>	0.0000 0.4580 5.6676 1.0000	</row3>
				</transform>
			</node>
			<node>
				<identifier>	HP_FX_Flood_water_left_3	</identifier>
				<transform>
					<row0>	-0.9843 0.0000 0.1766 0.0000	</row0>
					<row1>	0.0000 1.0000 0.0000 0.0000	</row1>
					<row2>	-0.1766 0.0000 -0.9843 0.0000	</row2>
					<row3>	-0.4789 0.0232 4.8582 1.0000	</row3>
				</transform>
			</node>
			<node>
				<identifier>	HP_FX_Flood_water_left_4	</identifier>
				<transform>
					<row0>	-0.9919 0.0000 0.1272 0.0000	</row0>
					<row1>	0.0000 1.0000 0.0000 0.0000	</row1>
					<row2>	-0.1272 0.0000 -0.9919 0.0000	</row2>
					<row3>	-0.1558 0.0261 6.4124 1.0000	</row3>
				</transform>
			</node>
			<node>
				<identifier>	HP_FX_Flood_water_right_3	</identifier>
				<transform>
					<row0>	0.9816 0.0000 0.1910 0.0000	</row0>
					<row1>	0.0000 1.0000 0.0000 0.0000	</row1>
					<row2>	-0.1910 0.0000 0.9816 0.0000	</row2>
					<row3>	0.4785 0.0218 4.8596 1.0000	</row3>
				</transform>
			</node>
			<node>
				<identifier>	HP_FX_Flood_water_right_4	</identifier>
				<transform>
					<row0>	0.9905 0.0000 0.1373 0.0000	</row0>
					<row1>	0.0000 1.0000 0.0000 0.0000	</row1>
					<row2>	-0.1373 0.0000 0.9905 0.0000	</row2>
					<row3>	0.1556 0.0242 6.4111 1.0000	</row3>
				</transform>
			</node>
			<node>
				<identifier>	HP_FX_RepairLight_right_2	</identifier>
				<transform>
					<row0>	0.1915 0.0000 -0.9815 0.0000	</row0>
					<row1>	0.1783 0.9834 0.0348 0.0000	</row1>
					<row2>	0.9652 -0.1817 0.1883 0.0000	</row2>
					<row3>	0.6292 0.3634 4.6584 1.0000	</row3>
				</transform>
			</node>
			<node>
				<identifier>	HP_FX_WakeTrace	</identifier>
				<transform>
					<row0>	1.0000 0.0000 0.0000 0.0000	</row0>
					<row1>	0.0000 1.0000 0.0000 0.0000	</row1>
					<row2>	0.0000 0.0000 1.0000 0.0000	</row2>
					<row3>	0.0000 0.0000 7.2684 1.0000	</row3>
				</transform>
			</node>
			<node>
				<identifier>	HP_Ship_death_1	</identifier>
				<transform>
					<row0>	1.0000 0.0000 0.0000 0.0000	</row0>
					<row1>	0.0000 1.0000 0.0000 0.0000	</row1>
					<row2>	0.0000 0.0000 1.0000 0.0000	</row2>
					<row3>	0.0000 0.0000 4.5667 1.0000	</row3>
				</transform>
			</node>
			<node>
				<identifier>	MP_AM023_Hatch_1	</identifier>
				<transform>
					<row0>	0.0000 0.0000 1.0000 0.0000	</row0>
					<row1>	0.0000 1.0000 0.0000 0.0000	</row1>
					<row2>	-1.0000 0.0000 0.0000 0.0000	</row2>
					<row3>	-0.0289 0.4480 6.4873 1.0000	</row3>
				</transform>
			</node>
			<node>
				<identifier>	MP_AM024_Hatch_2	</identifier>
				<transform>
					<row0>	1.0000 0.0000 0.0000 0.0000	</row0>
					<row1>	0.0000 1.0000 0.0000 0.0000	</row1>
					<row2>	0.0000 0.0000 1.0000 0.0000	</row2>
					<row3>	-0.2979 0.3535 4.6973 1.0000	</row3>
				</transform>
			</node>
			<node>
				<identifier>	MP_AM024_Hatch_2_INDEX_1	</identifier>
				<transform>
					<row0>	1.0000 0.0000 0.0000 0.0000	</row0>
					<row1>	0.0000 1.0000 0.0000 0.0000	</row1>
					<row2>	0.0000 0.0000 1.0000 0.0000	</row2>
					<row3>	-0.0262 0.4391 6.3377 1.0000	</row3>
				</transform>
			</node>
			<node>
				<identifier>	MP_AM024_Hatch_2_INDEX_2	</identifier>
				<transform>
					<row0>	1.0000 0.0000 0.0000 0.0000	</row0>
					<row1>	0.0000 1.0000 0.0000 0.0000	</row1>
					<row2>	0.0000 0.0000 1.0000 0.0000	</row2>
					<row3>	0.2979 0.3535 4.6973 1.0000	</row3>
				</transform>
			</node>
			<node>
				<identifier>	MP_AM049_Signal_Lamp_1	</identifier>
				<transform>
					<row0>	1.0000 0.0000 0.0000 0.0000	</row0>
					<row1>	0.0000 1.0000 0.0000 0.0000	</row1>
					<row2>	0.0000 0.0000 1.0000 0.0000	</row2>
					<row3>	0.0000 0.8861 7.4105 1.0000	</row3>
				</transform>
			</node>
			<node>
				<identifier>	MP_AM161_Anchor_top	</identifier>
				<transform>
					<row0>	0.8647 -0.1005 0.4280 0.0000	</row0>
					<row1>	0.2639 0.8738 -0.3281 0.0000	</row1>
					<row2>	-0.3516 0.4089 0.8063 0.0000	</row2>
					<row3>	-0.2731 0.2329 6.7660 1.0000	</row3>
				</transform>
			</node>
			<node>
				<identifier>	MP_AM161_Anchor_top_INDEX_1	</identifier>
				<transform>
					<row0>	0.8647 0.1005 -0.4280 0.0000	</row0>
					<row1>	-0.2639 0.8738 -0.3281 0.0000	</row1>
					<row2>	0.3516 0.4089 0.8063 0.0000	</row2>
					<row3>	0.2731 0.2329 6.7660 1.0000	</row3>
				</transform>
			</node>
			<node>
				<identifier>	MP_AM162_Anchor_down	</identifier>
				<transform>
					<row0>	0.8982 0.3959 0.1909 0.0000	</row0>
					<row1>	-0.2486 0.8158 -0.5222 0.0000	</row1>
					<row2>	-0.3624 0.4216 0.8312 0.0000	</row2>
					<row3>	-0.2731 0.2329 6.7660 1.0000	</row3>
				</transform>
			</node>
			<node>
				<identifier>	MP_AM162_Anchor_down_INDEX_1	</identifier>
				<transform>
					<row0>	0.8982 -0.3959 -0.1909 0.0000	</row0>
					<row1>	0.2486 0.8158 -0.5222 0.0000	</row1>
					<row2>	0.3624 0.4216 0.8312 0.0000	</row2>
					<row3>	0.2731 0.2329 6.7660 1.0000	</row3>
				</transform>
			</node>
			<node>
				<identifier>	MP_AM720_Helmets_Rack	</identifier>
				<transform>
					<row0>	-0.0932 0.0000 -0.9956 0.0000	</row0>
					<row1>	0.0000 1.0000 0.0000 0.0000	</row1>
					<row2>	0.9956 0.0000 -0.0932 0.0000	</row2>
					<row3>	-0.4238 0.4058 5.3907 1.0000	</row3>
				</transform>
			</node>
			<node>
				<identifier>	MP_AM720_Helmets_Rack_INDEX_1	</identifier>
				<transform>
					<row0>	-0.0801 0.0000 0.9968 0.0000	</row0>
					<row1>	0.0000 1.0000 0.0000 0.0000	</row1>
					<row2>	-0.9968 0.0000 -0.0801 0.0000	</row2>
					<row3>	0.4061 0.4217 5.8527 1.0000	</row3>
				</transform>
			</node>
			<node>
				<identifier>	MP_AM720_Helmets_Rack_INDEX_2	</identifier>
				<transform>
					<row0>	-0.0932 0.0000 0.9956 0.0000	</row0>
					<row1>	0.0000 1.0000 0.0000 0.0000	</row1>
					<row2>	-0.9956 0.0000 -0.0932 0.0000	</row2>
					<row3>	0.4238 0.4058 5.3907 1.0000	</row3>
				</transform>
			</node>
			<node>
				<identifier>	MP_AM720_Helmets_Rack_INDEX_3	</identifier>
				<transform>
					<row0>	-0.0801 0.0000 -0.9968 0.0000	</row0>
					<row1>	0.0000 1.0000 0.0000 0.0000	</row1>
					<row2>	0.9968 0.0000 -0.0801 0.0000	</row2>
					<row3>	-0.3892 0.4343 6.0636 1.0000	</row3>
				</transform>
			</node>
			<node>
				<identifier>	MP_AM720_Helmets_Rack_INDEX_4	</identifier>
				<transform>
					<row0>	-0.0801 0.0000 -0.9968 0.0000	</row0>
					<row1>	0.0000 1.0000 0.0000 0.0000	</row1>
					<row2>	0.9968 0.0000 -0.0801 0.0000	</row2>
					<row3>	-0.4061 0.4217 5.8527 1.0000	</row3>
				</transform>
			</node>
			<node>
				<identifier>	MP_AM720_Helmets_Rack_INDEX_5	</identifier>
				<transform>
					<row0>	-0.0801 0.0000 0.9968 0.0000	</row0>
					<row1>	0.0000 1.0000 0.0000 0.0000	</row1>
					<row2>	-0.9968 0.0000 -0.0801 0.0000	</row2>
					<row3>	0.3892 0.4343 6.0636 1.0000	</row3>
				</transform>
			</node>
			<node>
				<identifier>	MP_AM720_Helmets_Rack_INDEX_6	</identifier>
				<transform>
					<row0>	0.6055 0.0000 0.7958 0.0000	</row0>
					<row1>	0.0000 1.0000 0.0000 0.0000	</row1>
					<row2>	-0.7958 0.0000 0.6055 0.0000	</row2>
					<row3>	0.1397 0.5126 6.7482 1.0000	</row3>
				</transform>
			</node>
			<node>
				<identifier>	MP_AM725_Ammobox	</identifier>
				<transform>
					<row0>	0.0000 -0.0591 -0.9983 0.0000	</row0>
					<row1>	0.0000 0.9983 -0.0591 0.0000	</row1>
					<row2>	1.0000 0.0000 0.0000 0.0000	</row2>
					<row3>	-0.2076 0.4115 5.8149 1.0000	</row3>
				</transform>
			</node>
			<node>
				<identifier>	MP_AM725_Ammobox_INDEX_1	</identifier>
				<transform>
					<row0>	0.0000 -0.0523 -0.9986 0.0000	</row0>
					<row1>	0.0000 0.9986 -0.0523 0.0000	</row1>
					<row2>	1.0000 0.0000 0.0000 0.0000	</row2>
					<row3>	-0.2296 0.4000 5.6012 1.0000	</row3>
				</transform>
			</node>
			<node>
				<identifier>	MP_AM725_Ammobox_INDEX_10	</identifier>
				<transform>
					<row0>	0.0000 -0.0497 -0.9988 0.0000	</row0>
					<row1>	0.0000 0.9988 -0.0497 0.0000	</row1>
					<row2>	1.0000 0.0000 0.0000 0.0000	</row2>
					<row3>	0.2588 0.3749 5.1079 1.0000	</row3>
				</transform>
			</node>
			<node>
				<identifier>	MP_AM725_Ammobox_INDEX_11	</identifier>
				<transform>
					<row0>	0.0000 0.0503 0.9987 0.0000	</row0>
					<row1>	0.0000 0.9987 -0.0503 0.0000	</row1>
					<row2>	-1.0000 0.0000 0.0000 0.0000	</row2>
					<row3>	0.2296 0.3869 5.3471 1.0000	</row3>
				</transform>
			</node>
			<node>
				<identifier>	MP_AM725_Ammobox_INDEX_2	</identifier>
				<transform>
					<row0>	0.0000 -0.0503 -0.9987 0.0000	</row0>
					<row1>	0.0000 0.9987 -0.0503 0.0000	</row1>
					<row2>	1.0000 0.0000 0.0000 0.0000	</row2>
					<row3>	-0.2296 0.3869 5.3471 1.0000	</row3>
				</transform>
			</node>
			<node>
				<identifier>	MP_AM725_Ammobox_INDEX_3	</identifier>
				<transform>
					<row0>	0.0000 0.0523 0.9986 0.0000	</row0>
					<row1>	0.0000 0.9986 -0.0523 0.0000	</row1>
					<row2>	-1.0000 0.0000 0.0000 0.0000	</row2>
					<row3>	0.2296 0.4000 5.6012 1.0000	</row3>
				</transform>
			</node>
			<node>
				<identifier>	MP_AM725_Ammobox_INDEX_4	</identifier>
				<transform>
					<row0>	0.0000 -0.0579 -0.9983 0.0000	</row0>
					<row1>	0.0000 0.9983 -0.0579 0.0000	</row1>
					<row2>	1.0000 0.0000 0.0000 0.0000	</row2>
					<row3>	-0.1951 0.4233 6.0151 1.0000	</row3>
				</transform>
			</node>
			<node>
				<identifier>	MP_AM725_Ammobox_INDEX_5	</identifier>
				<transform>
					<row0>	0.0000 0.0591 0.9983 0.0000	</row0>
					<row1>	0.0000 0.9983 -0.0591 0.0000	</row1>
					<row2>	-1.0000 0.0000 0.0000 0.0000	</row2>
					<row3>	0.2076 0.4115 5.8149 1.0000	</row3>
				</transform>
			</node>
			<node>
				<identifier>	MP_AM725_Ammobox_INDEX_6	</identifier>
				<transform>
					<row0>	0.0000 0.0579 0.9983 0.0000	</row0>
					<row1>	0.0000 0.9983 -0.0579 0.0000	</row1>
					<row2>	-1.0000 0.0000 0.0000 0.0000	</row2>
					<row3>	0.1951 0.4233 6.0151 1.0000	</row3>
				</transform>
			</node>
			<node>
				<identifier>	MP_AM725_Ammobox_INDEX_7	</identifier>
				<transform>
					<row0>	0.0000 -0.0597 -0.9982 0.0000	</row0>
					<row1>	0.0000 0.9982 -0.0597 0.0000	</row1>
					<row2>	1.0000 0.0000 0.0000 0.0000	</row2>
					<row3>	0.2224 0.4382 6.2664 1.0000	</row3>
				</transform>
			</node>
			<node>
				<identifier>	MP_AM725_Ammobox_INDEX_8	</identifier>
				<transform>
					<row0>	0.0000 0.0597 0.9982 0.0000	</row0>
					<row1>	0.0000 0.9982 -0.0597 0.0000	</row1>
					<row2>	-1.0000 0.0000 0.0000 0.0000	</row2>
					<row3>	-0.2224 0.4382 6.2664 1.0000	</row3>
				</transform>
			</node>
			<node>
				<identifier>	MP_AM725_Ammobox_INDEX_9	</identifier>
				<transform>
					<row0>	0.0000 0.0497 0.9988 0.0000	</row0>
					<row1>	0.0000 0.9988 -0.0497 0.0000	</row1>
					<row2>	-1.0000 0.0000 0.0000 0.0000	</row2>
					<row3>	-0.2588 0.3749 5.1079 1.0000	</row3>
				</transform>
			</node>
			<node>
				<identifier>	MP_CM011_Fire_Fighting_Gear	</identifier>
				<transform>
					<row0>	0.9591 0.0000 0.2831 0.0000	</row0>
					<row1>	0.0000 1.0000 0.0000 0.0000	</row1>
					<row2>	-0.2831 0.0000 0.9591 0.0000	</row2>
					<row3>	0.3560 0.3770 5.1205 1.0000	</row3>
				</transform>
			</node>
			<node>
				<identifier>	MP_CM011_Fire_Fighting_Gear_INDEX_1	</identifier>
				<transform>
					<row0>	0.9591 0.0000 -0.2831 0.0000	</row0>
					<row1>	0.0000 1.0000 0.0000 0.0000	</row1>
					<row2>	0.2831 0.0000 0.9591 0.0000	</row2>
					<row3>	-0.3560 0.3770 5.1205 1.0000	</row3>
				</transform>
			</node>
			<node>
				<identifier>	MP_CM013_Fire_Hose_Rack_2	</identifier>
				<transform>
					<row0>	0.1087 0.0000 0.9941 0.0000	</row0>
					<row1>	0.0000 1.0000 0.0000 0.0000	</row1>
					<row2>	-0.9941 0.0000 0.1087 0.0000	</row2>
					<row3>	0.3285 0.4132 5.1301 1.0000	</row3>
				</transform>
			</node>
			<node>
				<identifier>	MP_CM013_Fire_Hose_Rack_2_INDEX_1	</identifier>
				<transform>
					<row0>	-0.1087 0.0000 0.9941 0.0000	</row0>
					<row1>	0.0000 1.0000 0.0000 0.0000	</row1>
					<row2>	-0.9941 0.0000 -0.1087 0.0000	</row2>
					<row3>	-0.3285 0.4132 5.1301 1.0000	</row3>
				</transform>
			</node>
			<node>
				<identifier>	MP_CM029_Emergency_Box	</identifier>
				<transform>
					<row0>	-0.9939 0.0000 0.1098 0.0000	</row0>
					<row1>	0.0000 1.0000 0.0000 0.0000	</row1>
					<row2>	-0.1098 0.0000 -0.9939 0.0000	</row2>
					<row3>	0.3264 0.4332 5.5824 1.0000	</row3>
				</transform>
			</node>
			<node>
				<identifier>	MP_CM029_Emergency_Box_INDEX_1	</identifier>
				<transform>
					<row0>	-0.9939 0.0000 -0.1098 0.0000	</row0>
					<row1>	0.0000 1.0000 0.0000 0.0000	</row1>
					<row2>	0.1098 0.0000 -0.9939 0.0000	</row2>
					<row3>	-0.3264 0.4332 5.5824 1.0000	</row3>
				</transform>
			</node>
			<node>
				<identifier>	MP_CM104_Life_Buoy	</identifier>
				<transform>
					<row0>	-0.1302 0.0000 -0.9915 0.0000	</row0>
					<row1>	0.0000 1.0000 0.0000 0.0000	</row1>
					<row2>	0.9915 0.0000 -0.1302 0.0000	</row2>
					<row3>	-0.6163 0.4203 4.7402 1.0000	</row3>
				</transform>
			</node>
			<node>
				<identifier>	MP_CM104_Life_Buoy_INDEX_1	</identifier>
				<transform>
					<row0>	-0.1302 0.0000 0.9915 0.0000	</row0>
					<row1>	0.0000 1.0000 0.0000 0.0000	</row1>
					<row2>	-0.9915 0.0000 -0.1302 0.0000	</row2>
					<row3>	0.6163 0.4203 4.7402 1.0000	</row3>
				</transform>
			</node>
			<node>
				<identifier>	SP_YMS001_YHBM_M_1_INDEX_1	</identifier>
				<transform>
					<row0>	0.9901 0.0000 0.0000 0.0000	</row0>
					<row1>	0.0000 0.9735 -0.1805 0.0000	</row1>
					<row2>	0.0000 0.1805 0.9735 0.0000	</row2>
					<row3>	0.0000 0.5657 7.4434 1.0000	</row3>
				</transform>
			</node>
			<node>
				<identifier>	SP_YMS002_YHBL_M_1_INDEX_1	</identifier>
				<transform>
					<row0>	0.9049 -0.0040 -0.0566 0.0000	</row0>
					<row1>	0.0000 0.9045 -0.0631 0.0000	</row1>
					<row2>	0.0568 0.0630 0.9027 0.0000	</row2>
					<row3>	-0.0371 0.5291 7.5043 1.0000	</row3>
				</transform>
			</node>
			<node>
				<identifier>	SP_YMS003_YHBR_M_1_INDEX_1	</identifier>
				<transform>
					<row0>	0.9049 0.0040 0.0566 0.0000	</row0>
					<row1>	0.0000 0.9045 -0.0631 0.0000	</row1>
					<row2>	-0.0568 0.0630 0.9027 0.0000	</row2>
					<row3>	0.0371 0.5291 7.5043 1.0000	</row3>
				</transform>
			</node>
			<node>
				<identifier>	SP_YMS004_YHXL_L_1	</identifier>
				<transform>
					<row0>	0.5896 0.3988 -0.2298 0.0000	</row0>
					<row1>	-0.4417 0.5952 -0.1005 0.0000	</row1>
					<row2>	0.1292 0.2149 0.7047 0.0000	</row2>
					<row3>	-0.1826 0.3665 7.1318 1.0000	</row3>
				</transform>
			</node>
			<node>
				<identifier>	SP_YMS005_YHXR_L_1_INDEX_1	</identifier>
				<transform>
					<row0>	0.5899 -0.3990 0.2299 0.0000	</row0>
					<row1>	0.4420 0.5955 -0.1006 0.0000	</row1>
					<row2>	-0.1293 0.2150 0.7050 0.0000	</row2>
					<row3>	0.1826 0.3665 7.1318 1.0000	</row3>
				</transform>
			</node>
			<node>
				<identifier>	SP_YMS011_YHWL_M_1_INDEX_7	</identifier>
				<transform>
					<row0>	1.1441 0.3084 -0.2448 0.0000	</row0>
					<row1>	-0.3028 1.1700 0.0586 0.0000	</row1>
					<row2>	0.2517 0.0058 1.1835 0.0000	</row2>
					<row3>	-0.3387 0.0000 5.5471 1.0000	</row3>
				</transform>
			</node>
			<node>
				<identifier>	SP_YMS012_YHWR_M_1	</identifier>
				<transform>
					<row0>	1.1441 -0.3084 0.2448 0.0000	</row0>
					<row1>	0.3028 1.1700 0.0586 0.0000	</row1>
					<row2>	-0.2517 0.0058 1.1835 0.0000	</row2>
					<row3>	0.3387 0.0000 5.5471 1.0000	</row3>
				</transform>
			</node>
			<node>
				<identifier>	SP_YMS013_YHWM_M_1	</identifier>
				<transform>
					<row0>	0.9496 0.0000 0.0000 0.0000	</row0>
					<row1>	0.0000 0.9496 0.0000 0.0000	</row1>
					<row2>	0.0000 0.0000 0.9496 0.0000	</row2>
					<row3>	0.0000 0.0000 7.2664 1.0000	</row3>
				</transform>
			</node>
			<node>
				<identifier>	SP_YMS020_YHBU_M_1_INDEX_1	</identifier>
				<transform>
					<row0>	1.0000 0.0000 0.0000 0.0000	</row0>
					<row1>	0.0000 1.0000 0.0000 0.0000	</row1>
					<row2>	0.0000 0.0000 1.0000 0.0000	</row2>
					<row3>	0.0000 -0.3267 7.2064 1.0000	</row3>
				</transform>
			</node>
			<node>
				<identifier>	SP_YMS053_YHDC_S_1_INDEX_3	</identifier>
				<transform>
					<row0>	1.0000 0.0000 0.0000 0.0000	</row0>
					<row1>	0.0000 0.9980 -0.0626 0.0000	</row1>
					<row2>	0.0000 0.0626 0.9980 0.0000	</row2>
					<row3>	0.0000 0.4474 6.1280 1.0000	</row3>
				</transform>
			</node>
			<node>
				<identifier>	SP_YMS053_YHDC_S_1_INDEX_4	</identifier>
				<transform>
					<row0>	1.0000 0.0000 0.0000 0.0000	</row0>
					<row1>	0.0000 0.9988 -0.0499 0.0000	</row1>
					<row2>	0.0000 0.0499 0.9988 0.0000	</row2>
					<row3>	-0.3964 0.3875 5.0175 1.0000	</row3>
				</transform>
			</node>
			<node>
				<identifier>	SP_YMS053_YHDC_S_1_INDEX_5	</identifier>
				<transform>
					<row0>	1.0000 0.0000 0.0000 0.0000	</row0>
					<row1>	0.0000 0.9988 -0.0499 0.0000	</row1>
					<row2>	0.0000 0.0499 0.9988 0.0000	</row2>
					<row3>	0.3964 0.3875 5.0175 1.0000	</row3>
				</transform>
			</node>
			<node>
				<identifier>	SP_YMS080_YHSL_M_1_INDEX_3	</identifier>
				<transform>
					<row0>	0.6711 0.3317 -0.1193 0.0000	</row0>
					<row1>	-0.3463 0.6683 -0.0901 0.0000	</row1>
					<row2>	0.0658 0.1343 0.7432 0.0000	</row2>
					<row3>	-0.4595 0.2125 5.3904 1.0000	</row3>
				</transform>
			</node>
			<node>
				<identifier>	SP_YMS081_YHSR_M_1_INDEX_3	</identifier>
				<transform>
					<row0>	0.6711 -0.3317 0.1193 0.0000	</row0>
					<row1>	0.3463 0.6683 -0.0901 0.0000	</row1>
					<row2>	-0.0658 0.1343 0.7432 0.0000	</row2>
					<row3>	0.4595 0.2125 5.3904 1.0000	</row3>
				</transform>
			</node>
		</node>
	</node>
	<boundingBox>
		<min>	-0.0667 -0.0667 -0.0667	</min>
		<max>	0.0667 0.0667 0.0667	</max>
	</boundingBox>
</ASB073_Nebraska_1944_Bow_ports.visual>
