<ASB073_Nebraska_1944_MidFront_ports.visual>
	<node>
		<identifier>	Scene Root	</identifier>
		<transform>
			<row0>	1.0000 0.0000 0.0000 0.0000	</row0>
			<row1>	0.0000 1.0000 0.0000 0.0000	</row1>
			<row2>	0.0000 0.0000 1.0000 0.0000	</row2>
			<row3>	0.0000 0.0000 0.0000 1.0000	</row3>
		</transform>
		<node>
			<identifier>	MidFront_ports	</identifier>
			<transform>
				<row0>	1.0000 0.0000 0.0000 0.0000	</row0>
				<row1>	0.0000 1.0000 0.0000 0.0000	</row1>
				<row2>	0.0000 0.0000 1.0000 0.0000	</row2>
				<row3>	0.0000 0.0000 0.0000 1.0000	</row3>
			</transform>
			<node>
				<identifier>	HP_AGA_12	</identifier>
				<transform>
					<row0>	0.7071 0.0000 0.7071 0.0000	</row0>
					<row1>	0.0000 1.0000 0.0000 0.0000	</row1>
					<row2>	-0.7071 0.0000 0.7071 0.0000	</row2>
					<row3>	-0.4913 0.2938 2.4692 1.0000	</row3>
				</transform>
			</node>
			<node>
				<identifier>	HP_AGA_13	</identifier>
				<transform>
					<row0>	0.7071 0.0000 -0.7071 0.0000	</row0>
					<row1>	0.0000 1.0000 0.0000 0.0000	</row1>
					<row2>	0.7071 0.0000 0.7071 0.0000	</row2>
					<row3>	0.4913 0.2938 2.4692 1.0000	</row3>
				</transform>
			</node>
			<node>
				<identifier>	HP_AGA_14	</identifier>
				<transform>
					<row0>	0.7071 0.0000 0.7071 0.0000	</row0>
					<row1>	0.0000 1.0000 0.0000 0.0000	</row1>
					<row2>	-0.7071 0.0000 0.7071 0.0000	</row2>
					<row3>	-0.5437 0.2904 2.2275 1.0000	</row3>
				</transform>
			</node>
			<node>
				<identifier>	HP_AGA_15	</identifier>
				<transform>
					<row0>	0.7071 0.0000 -0.7071 0.0000	</row0>
					<row1>	0.0000 1.0000 0.0000 0.0000	</row1>
					<row2>	0.7071 0.0000 0.7071 0.0000	</row2>
					<row3>	0.5437 0.2904 2.2275 1.0000	</row3>
				</transform>
			</node>
			<node>
				<identifier>	HP_AGM_1	</identifier>
				<transform>
					<row0>	1.0000 0.0000 0.0000 0.0000	</row0>
					<row1>	0.0000 1.0000 0.0000 0.0000	</row1>
					<row2>	0.0000 0.0000 1.0000 0.0000	</row2>
					<row3>	0.0000 0.3531 3.6080 1.0000	</row3>
				</transform>
			</node>
			<node>
				<identifier>	HP_AGM_2	</identifier>
				<transform>
					<row0>	1.0000 0.0000 0.0000 0.0000	</row0>
					<row1>	0.0000 1.0000 0.0000 0.0000	</row1>
					<row2>	0.0000 0.0000 1.0000 0.0000	</row2>
					<row3>	0.0000 0.5127 2.2270 1.0000	</row3>
				</transform>
			</node>
			<node>
				<identifier>	HP_DeckStart	</identifier>
				<transform>
					<row0>	1.0000 0.0000 0.0000 0.0000	</row0>
					<row1>	0.0000 1.0000 0.0000 0.0000	</row1>
					<row2>	0.0000 0.0000 1.0000 0.0000	</row2>
					<row3>	0.0000 0.9007 -0.1903 1.0000	</row3>
				</transform>
			</node>
			<node>
				<identifier>	HP_Deck_07	</identifier>
				<transform>
					<row0>	1.0000 0.0000 0.0000 0.0000	</row0>
					<row1>	0.0000 1.0000 0.0000 0.0000	</row1>
					<row2>	0.0000 0.0000 1.0000 0.0000	</row2>
					<row3>	0.4201 0.9005 -3.5892 1.0000	</row3>
				</transform>
			</node>
			<node>
				<identifier>	HP_Deck_08	</identifier>
				<transform>
					<row0>	1.0000 0.0000 0.0000 0.0000	</row0>
					<row1>	0.0000 1.0000 0.0000 0.0000	</row1>
					<row2>	0.0000 0.0000 1.0000 0.0000	</row2>
					<row3>	-0.4132 0.9005 -3.2158 1.0000	</row3>
				</transform>
			</node>
			<node>
				<identifier>	HP_Deck_09	</identifier>
				<transform>
					<row0>	1.0000 0.0000 0.0000 0.0000	</row0>
					<row1>	0.0000 1.0000 0.0000 0.0000	</row1>
					<row2>	0.0000 0.0000 1.0000 0.0000	</row2>
					<row3>	0.4201 0.9005 -2.6692 1.0000	</row3>
				</transform>
			</node>
			<node>
				<identifier>	HP_Deck_10	</identifier>
				<transform>
					<row0>	1.0000 0.0000 0.0000 0.0000	</row0>
					<row1>	0.0000 1.0000 0.0000 0.0000	</row1>
					<row2>	0.0000 0.0000 1.0000 0.0000	</row2>
					<row3>	-0.4132 0.9005 -2.3388 1.0000	</row3>
				</transform>
			</node>
			<node>
				<identifier>	HP_Deck_11	</identifier>
				<transform>
					<row0>	0.8760 0.0000 0.4824 0.0000	</row0>
					<row1>	0.0000 1.0000 0.0000 0.0000	</row1>
					<row2>	-0.4824 0.0000 0.8760 0.0000	</row2>
					<row3>	0.1219 0.9005 -1.8197 1.0000	</row3>
				</transform>
			</node>
			<node>
				<identifier>	HP_Deck_12	</identifier>
				<transform>
					<row0>	0.7113 0.0000 -0.7029 0.0000	</row0>
					<row1>	0.0000 1.0000 0.0000 0.0000	</row1>
					<row2>	0.7029 0.0000 0.7113 0.0000	</row2>
					<row3>	-1.2708 0.9005 -1.6962 1.0000	</row3>
				</transform>
			</node>
			<node>
				<identifier>	HP_Deck_13	</identifier>
				<transform>
					<row0>	0.9730 0.0000 -0.2309 0.0000	</row0>
					<row1>	0.0000 1.0000 0.0000 0.0000	</row1>
					<row2>	0.2309 0.0000 0.9730 0.0000	</row2>
					<row3>	-0.5566 0.9005 -1.4515 1.0000	</row3>
				</transform>
			</node>
			<node>
				<identifier>	HP_Deck_14	</identifier>
				<transform>
					<row0>	0.9592 0.0000 0.2826 0.0000	</row0>
					<row1>	0.0000 1.0000 0.0000 0.0000	</row1>
					<row2>	-0.2826 0.0000 0.9592 0.0000	</row2>
					<row3>	-0.0711 0.9005 -0.9665 1.0000	</row3>
				</transform>
			</node>
			<node>
				<identifier>	HP_FX_Death_1	</identifier>
				<transform>
					<row0>	1.0000 0.0000 0.0000 0.0000	</row0>
					<row1>	0.0000 1.0000 0.0000 0.0000	</row1>
					<row2>	0.0000 0.0000 1.0000 0.0000	</row2>
					<row3>	0.0000 0.0000 3.7946 1.0000	</row3>
				</transform>
			</node>
			<node>
				<identifier>	HP_FX_Fire_2_side_1	</identifier>
				<transform>
					<row0>	1.0000 0.0000 0.0000 0.0000	</row0>
					<row1>	0.0000 1.0000 0.0000 0.0000	</row1>
					<row2>	0.0000 0.0000 1.0000 0.0000	</row2>
					<row3>	-0.7144 0.3217 3.0727 1.0000	</row3>
				</transform>
			</node>
			<node>
				<identifier>	HP_Ship_death_2	</identifier>
				<transform>
					<row0>	1.0000 0.0000 0.0000 0.0000	</row0>
					<row1>	0.0000 1.0000 0.0000 0.0000	</row1>
					<row2>	0.0000 0.0000 1.0000 0.0000	</row2>
					<row3>	0.0000 0.0000 2.0200 1.0000	</row3>
				</transform>
			</node>
			<node>
				<identifier>	MP_AM023_Hatch_1	</identifier>
				<transform>
					<row0>	0.0000 0.0000 1.0000 0.0000	</row0>
					<row1>	0.0000 1.0000 0.0000 0.0000	</row1>
					<row2>	-1.0000 0.0000 0.0000 0.0000	</row2>
					<row3>	0.0422 0.3291 4.0544 1.0000	</row3>
				</transform>
			</node>
			<node>
				<identifier>	MP_AM077_Paravane	</identifier>
				<transform>
					<row0>	0.6292 0.0000 0.7773 0.0000	</row0>
					<row1>	0.0000 1.0000 0.0000 0.0000	</row1>
					<row2>	-0.7773 0.0000 0.6292 0.0000	</row2>
					<row3>	0.3719 0.3423 4.1639 1.0000	</row3>
				</transform>
			</node>
			<node>
				<identifier>	MP_AM077_Paravane_INDEX_1	</identifier>
				<transform>
					<row0>	0.6292 0.0000 -0.7773 0.0000	</row0>
					<row1>	0.0000 1.0000 0.0000 0.0000	</row1>
					<row2>	0.7773 0.0000 0.6292 0.0000	</row2>
					<row3>	-0.3719 0.3423 4.1639 1.0000	</row3>
				</transform>
			</node>
			<node>
				<identifier>	MP_AM108_Reels_4	</identifier>
				<transform>
					<row0>	0.7500 0.0000 0.0000 0.0000	</row0>
					<row1>	0.0000 0.7499 -0.0131 0.0000	</row1>
					<row2>	0.0000 0.0131 0.7499 0.0000	</row2>
					<row3>	0.5481 0.3025 2.8577 1.0000	</row3>
				</transform>
			</node>
			<node>
				<identifier>	MP_AM108_Reels_4_INDEX_1	</identifier>
				<transform>
					<row0>	0.7500 0.0000 0.0000 0.0000	</row0>
					<row1>	0.0000 0.7499 -0.0131 0.0000	</row1>
					<row2>	0.0000 0.0131 0.7499 0.0000	</row2>
					<row3>	-0.5481 0.3025 2.8577 1.0000	</row3>
				</transform>
			</node>
			<node>
				<identifier>	MP_AM148_Hatch_8	</identifier>
				<transform>
					<row0>	1.0000 0.0000 0.0000 0.0000	</row0>
					<row1>	0.0000 0.9998 -0.0193 0.0000	</row1>
					<row2>	0.0000 0.0193 0.9998 0.0000	</row2>
					<row3>	0.1884 0.3066 3.0959 1.0000	</row3>
				</transform>
			</node>
			<node>
				<identifier>	MP_AM148_Hatch_8_INDEX_1	</identifier>
				<transform>
					<row0>	1.0000 0.0000 0.0000 0.0000	</row0>
					<row1>	0.0000 0.9998 -0.0193 0.0000	</row1>
					<row2>	0.0000 0.0193 0.9998 0.0000	</row2>
					<row3>	-0.1884 0.3066 3.0959 1.0000	</row3>
				</transform>
			</node>
			<node>
				<identifier>	MP_AM479_6_Fuel_at_sea_hose	</identifier>
				<transform>
					<row0>	-0.9942 0.0018 0.1079 0.0000	</row0>
					<row1>	0.0000 0.9999 -0.0164 0.0000	</row1>
					<row2>	-0.1079 -0.0163 -0.9940 0.0000	</row2>
					<row3>	-0.7875 0.2923 2.3855 1.0000	</row3>
				</transform>
			</node>
			<node>
				<identifier>	MP_AM479_6_Fuel_at_sea_hose_INDEX_1	</identifier>
				<transform>
					<row0>	-0.9942 -0.0018 -0.1079 0.0000	</row0>
					<row1>	0.0000 0.9999 -0.0164 0.0000	</row1>
					<row2>	0.1079 -0.0163 -0.9940 0.0000	</row2>
					<row3>	0.7875 0.2923 2.3855 1.0000	</row3>
				</transform>
			</node>
			<node>
				<identifier>	MP_AM720_Helmets_Rack	</identifier>
				<transform>
					<row0>	0.0974 0.0000 0.9952 0.0000	</row0>
					<row1>	0.0000 1.0000 0.0000 0.0000	</row1>
					<row2>	-0.9952 0.0000 0.0974 0.0000	</row2>
					<row3>	-0.4027 0.3084 2.2667 1.0000	</row3>
				</transform>
			</node>
			<node>
				<identifier>	MP_AM720_Helmets_Rack_INDEX_1	</identifier>
				<transform>
					<row0>	0.0974 0.0000 -0.9952 0.0000	</row0>
					<row1>	0.0000 1.0000 0.0000 0.0000	</row1>
					<row2>	0.9952 0.0000 0.0974 0.0000	</row2>
					<row3>	0.4027 0.3084 2.2667 1.0000	</row3>
				</transform>
			</node>
			<node>
				<identifier>	MP_AM725_Ammobox	</identifier>
				<transform>
					<row0>	0.0000 0.0194 0.9998 0.0000	</row0>
					<row1>	0.0000 0.9998 -0.0194 0.0000	</row1>
					<row2>	-1.0000 0.0000 0.0000 0.0000	</row2>
					<row3>	-0.4063 0.2970 2.5908 1.0000	</row3>
				</transform>
			</node>
			<node>
				<identifier>	MP_AM725_Ammobox_INDEX_1	</identifier>
				<transform>
					<row0>	0.0000 -0.0194 -0.9998 0.0000	</row0>
					<row1>	0.0000 0.9998 -0.0194 0.0000	</row1>
					<row2>	1.0000 0.0000 0.0000 0.0000	</row2>
					<row3>	0.4063 0.2970 2.5908 1.0000	</row3>
				</transform>
			</node>
			<node>
				<identifier>	MP_AM725_Ammobox_INDEX_2	</identifier>
				<transform>
					<row0>	0.0000 0.0150 0.9999 0.0000	</row0>
					<row1>	0.0000 0.9999 -0.0150 0.0000	</row1>
					<row2>	-1.0000 0.0000 0.0000 0.0000	</row2>
					<row3>	0.4885 0.2890 2.0922 1.0000	</row3>
				</transform>
			</node>
			<node>
				<identifier>	MP_AM725_Ammobox_INDEX_3	</identifier>
				<transform>
					<row0>	0.0000 -0.0150 -0.9999 0.0000	</row0>
					<row1>	0.0000 0.9999 -0.0150 0.0000	</row1>
					<row2>	1.0000 0.0000 0.0000 0.0000	</row2>
					<row3>	-0.4885 0.2890 2.0922 1.0000	</row3>
				</transform>
			</node>
			<node>
				<identifier>	MP_CM011_Fire_Fighting_Gear	</identifier>
				<transform>
					<row0>	0.0000 0.0000 1.0000 0.0000	</row0>
					<row1>	0.0000 1.0000 0.0000 0.0000	</row1>
					<row2>	-1.0000 0.0000 0.0000 0.0000	</row2>
					<row3>	0.1722 0.3014 2.7720 1.0000	</row3>
				</transform>
			</node>
			<node>
				<identifier>	MP_CM011_Fire_Fighting_Gear_INDEX_1	</identifier>
				<transform>
					<row0>	0.0000 0.0000 -1.0000 0.0000	</row0>
					<row1>	0.0000 1.0000 0.0000 0.0000	</row1>
					<row2>	1.0000 0.0000 0.0000 0.0000	</row2>
					<row3>	-0.0923 0.3014 2.7720 1.0000	</row3>
				</transform>
			</node>
			<node>
				<identifier>	MP_CM013_Fire_Hose_Rack_2	</identifier>
				<transform>
					<row0>	-1.0000 0.0000 0.0000 0.0000	</row0>
					<row1>	0.0000 1.0000 0.0000 0.0000	</row1>
					<row2>	0.0000 0.0000 -1.0000 0.0000	</row2>
					<row3>	0.1623 0.3682 2.7520 1.0000	</row3>
				</transform>
			</node>
			<node>
				<identifier>	MP_CM013_Fire_Hose_Rack_2_INDEX_1	</identifier>
				<transform>
					<row0>	1.0000 0.0000 0.0000 0.0000	</row0>
					<row1>	0.0000 1.0000 0.0000 0.0000	</row1>
					<row2>	0.0000 0.0000 1.0000 0.0000	</row2>
					<row3>	-0.0820 0.3682 2.7520 1.0000	</row3>
				</transform>
			</node>
			<node>
				<identifier>	MP_CM029_Emergency_Box	</identifier>
				<transform>
					<row0>	-0.2899 0.0000 0.9571 0.0000	</row0>
					<row1>	0.0000 1.0000 0.0000 0.0000	</row1>
					<row2>	-0.9571 0.0000 -0.2899 0.0000	</row2>
					<row3>	0.3930 0.3664 2.3445 1.0000	</row3>
				</transform>
			</node>
			<node>
				<identifier>	MP_CM029_Emergency_Box_INDEX_1	</identifier>
				<transform>
					<row0>	-0.2899 0.0000 -0.9571 0.0000	</row0>
					<row1>	0.0000 1.0000 0.0000 0.0000	</row1>
					<row2>	0.9571 0.0000 -0.2899 0.0000	</row2>
					<row3>	-0.3930 0.3664 2.3445 1.0000	</row3>
				</transform>
			</node>
			<node>
				<identifier>	MP_CM079_Fender	</identifier>
				<transform>
					<row0>	0.0000 0.0210 0.9998 0.0000	</row0>
					<row1>	1.0000 0.0000 0.0000 0.0000	</row1>
					<row2>	0.0000 0.9998 -0.0210 0.0000	</row2>
					<row3>	0.6733 0.3098 3.2378 1.0000	</row3>
				</transform>
			</node>
			<node>
				<identifier>	MP_CM079_Fender_INDEX_1	</identifier>
				<transform>
					<row0>	0.0000 0.0210 0.9998 0.0000	</row0>
					<row1>	1.0000 0.0000 0.0000 0.0000	</row1>
					<row2>	0.0000 0.9998 -0.0210 0.0000	</row2>
					<row3>	0.6089 0.3098 3.2378 1.0000	</row3>
				</transform>
			</node>
			<node>
				<identifier>	MP_CM079_Fender_INDEX_2	</identifier>
				<transform>
					<row0>	0.0000 -0.0210 -0.9998 0.0000	</row0>
					<row1>	-1.0000 0.0000 0.0000 0.0000	</row1>
					<row2>	0.0000 0.9998 -0.0210 0.0000	</row2>
					<row3>	-0.6089 0.3098 3.2378 1.0000	</row3>
				</transform>
			</node>
			<node>
				<identifier>	MP_CM079_Fender_INDEX_3	</identifier>
				<transform>
					<row0>	0.0000 -0.0210 -0.9998 0.0000	</row0>
					<row1>	-1.0000 0.0000 0.0000 0.0000	</row1>
					<row2>	0.0000 0.9998 -0.0210 0.0000	</row2>
					<row3>	-0.6733 0.3098 3.2378 1.0000	</row3>
				</transform>
			</node>
			<node>
				<identifier>	MP_CM104_Life_Buoy	</identifier>
				<transform>
					<row0>	-0.1231 0.0000 -0.9924 0.0000	</row0>
					<row1>	0.0000 1.0000 0.0000 0.0000	</row1>
					<row2>	0.9924 0.0000 -0.1231 0.0000	</row2>
					<row3>	-0.8659 0.3637 2.8386 1.0000	</row3>
				</transform>
			</node>
			<node>
				<identifier>	MP_CM104_Life_Buoy_INDEX_1	</identifier>
				<transform>
					<row0>	-0.1231 0.0000 0.9924 0.0000	</row0>
					<row1>	0.0000 1.0000 0.0000 0.0000	</row1>
					<row2>	-0.9924 0.0000 -0.1231 0.0000	</row2>
					<row3>	0.8659 0.3637 2.8386 1.0000	</row3>
				</transform>
			</node>
			<node>
				<identifier>	MP_CM109_Leadsman_Platform	</identifier>
				<transform>
					<row0>	-0.1323 -0.9911 0.0149 0.0000	</row0>
					<row1>	-0.9848 0.1331 0.1112 0.0000	</row1>
					<row2>	-0.1122 0.0000 -0.9937 0.0000	</row2>
					<row3>	-0.9160 0.3011 2.4795 1.0000	</row3>
				</transform>
			</node>
			<node>
				<identifier>	MP_CM109_Leadsman_Platform_INDEX_1	</identifier>
				<transform>
					<row0>	0.1323 -0.9911 0.0149 0.0000	</row0>
					<row1>	0.9848 0.1332 0.1112 0.0000	</row1>
					<row2>	-0.1122 0.0000 0.9937 0.0000	</row2>
					<row3>	0.9160 0.3011 2.4795 1.0000	</row3>
				</transform>
			</node>
			<node>
				<identifier>	SP_YMS011_YHWL_M_1	</identifier>
				<transform>
					<row0>	1.1756 0.1938 -0.2108 0.0000	</row0>
					<row1>	-0.1906 1.1944 0.0355 0.0000	</row1>
					<row2>	0.2137 -0.0013 1.1910 0.0000	</row2>
					<row3>	-0.7693 0.0000 3.5332 1.0000	</row3>
				</transform>
			</node>
			<node>
				<identifier>	SP_YMS011_YHWL_M_1_INDEX_3	</identifier>
				<transform>
					<row0>	1.1843 0.1938 -0.1545 0.0000	</row0>
					<row1>	-0.1926 1.1944 0.0223 0.0000	</row1>
					<row2>	0.1560 0.0028 1.1999 0.0000	</row2>
					<row3>	-0.9275 0.0000 2.5152 1.0000	</row3>
				</transform>
			</node>
			<node>
				<identifier>	SP_YMS011_YHWL_M_1_INDEX_8	</identifier>
				<transform>
					<row0>	1.1596 0.2229 -0.2639 0.0000	</row0>
					<row1>	-0.2177 1.1893 0.0480 0.0000	</row1>
					<row2>	0.2682 0.0015 1.1799 0.0000	</row2>
					<row3>	-0.5635 0.0000 4.5418 1.0000	</row3>
				</transform>
			</node>
			<node>
				<identifier>	SP_YMS012_YHWR_M_1_INDEX_1	</identifier>
				<transform>
					<row0>	1.1596 -0.2229 0.2639 0.0000	</row0>
					<row1>	0.2177 1.1893 0.0480 0.0000	</row1>
					<row2>	-0.2682 0.0015 1.1799 0.0000	</row2>
					<row3>	0.5635 0.0000 4.5418 1.0000	</row3>
				</transform>
			</node>
			<node>
				<identifier>	SP_YMS012_YHWR_M_1_INDEX_2	</identifier>
				<transform>
					<row0>	1.1756 -0.1938 0.2108 0.0000	</row0>
					<row1>	0.1906 1.1944 0.0355 0.0000	</row1>
					<row2>	-0.2137 -0.0013 1.1910 0.0000	</row2>
					<row3>	0.7693 0.0000 3.5332 1.0000	</row3>
				</transform>
			</node>
			<node>
				<identifier>	SP_YMS012_YHWR_M_1_INDEX_9	</identifier>
				<transform>
					<row0>	1.1843 -0.1938 0.1545 0.0000	</row0>
					<row1>	0.1926 1.1944 0.0223 0.0000	</row1>
					<row2>	-0.1560 0.0028 1.1999 0.0000	</row2>
					<row3>	0.9275 0.0000 2.5152 1.0000	</row3>
				</transform>
			</node>
			<node>
				<identifier>	SP_YMS022_YHUS_L_1	</identifier>
				<transform>
					<row0>	-0.2319 -0.0018 -1.7243 0.0000	</row0>
					<row1>	-0.4402 1.6822 0.0574 0.0000	</row1>
					<row2>	1.6673 0.4439 -0.2247 0.0000	</row2>
					<row3>	-0.7548 -0.6181 2.5112 1.0000	</row3>
				</transform>
			</node>
			<node>
				<identifier>	SP_YMS022_YHUS_L_1_INDEX_1	</identifier>
				<transform>
					<row0>	-0.3148 0.0000 1.7113 0.0000	</row0>
					<row1>	0.4366 1.6824 0.0803 0.0000	</row1>
					<row2>	-1.6546 0.4440 -0.3044 0.0000	</row2>
					<row3>	0.5426 -0.6181 3.7440 1.0000	</row3>
				</transform>
			</node>
			<node>
				<identifier>	SP_YMS022_YHUS_L_1_INDEX_2	</identifier>
				<transform>
					<row0>	-0.2319 0.0018 1.7243 0.0000	</row0>
					<row1>	0.4402 1.6822 0.0574 0.0000	</row1>
					<row2>	-1.6673 0.4439 -0.2247 0.0000	</row2>
					<row3>	0.7548 -0.6181 2.5112 1.0000	</row3>
				</transform>
			</node>
			<node>
				<identifier>	SP_YMS022_YHUS_L_1_INDEX_3	</identifier>
				<transform>
					<row0>	-0.3148 0.0000 -1.7113 0.0000	</row0>
					<row1>	-0.4366 1.6824 0.0803 0.0000	</row1>
					<row2>	1.6546 0.4440 -0.3044 0.0000	</row2>
					<row3>	-0.5426 -0.6181 3.7440 1.0000	</row3>
				</transform>
			</node>
			<node>
				<identifier>	SP_YMS050_YHDC_M_1_INDEX_2	</identifier>
				<transform>
					<row0>	-0.6221 0.0000 0.0000 0.0000	</row0>
					<row1>	0.0000 0.6221 0.0000 0.0000	</row1>
					<row2>	0.0000 0.0000 -0.6221 0.0000	</row2>
					<row3>	0.0398 0.3010 2.7965 1.0000	</row3>
				</transform>
			</node>
			<node>
				<identifier>	SP_YMS051_YHDL_L_1_INDEX_1	</identifier>
				<transform>
					<row0>	0.9914 0.0000 -0.1305 0.0000	</row0>
					<row1>	0.0000 1.0000 0.0000 0.0000	</row1>
					<row2>	0.1305 0.0000 0.9914 0.0000	</row2>
					<row3>	-0.7834 0.3292 3.8939 1.0000	</row3>
				</transform>
			</node>
			<node>
				<identifier>	SP_YMS052_YHDR_L_1_INDEX_1	</identifier>
				<transform>
					<row0>	0.9914 0.0000 0.1305 0.0000	</row0>
					<row1>	0.0000 1.0000 0.0000 0.0000	</row1>
					<row2>	-0.1305 0.0000 0.9914 0.0000	</row2>
					<row3>	0.7834 0.3292 3.8939 1.0000	</row3>
				</transform>
			</node>
			<node>
				<identifier>	SP_YMS083_YHSC_L_1	</identifier>
				<transform>
					<row0>	-0.0680 -0.0079 -0.4970 0.0000	</row0>
					<row1>	-0.0123 0.5015 -0.0063 0.0000	</row1>
					<row2>	0.4969 0.0113 -0.0681 0.0000	</row2>
					<row3>	-0.8789 0.2896 2.7634 1.0000	</row3>
				</transform>
			</node>
			<node>
				<identifier>	SP_YMS083_YHSC_L_1_INDEX_6	</identifier>
				<transform>
					<row0>	-0.0680 0.0079 0.4970 0.0000	</row0>
					<row1>	0.0123 0.5015 -0.0063 0.0000	</row1>
					<row2>	-0.4969 0.0113 -0.0681 0.0000	</row2>
					<row3>	0.8789 0.2896 2.7634 1.0000	</row3>
				</transform>
			</node>
			<node>
				<identifier>	SP_YMS084_YHSC_L_2	</identifier>
				<transform>
					<row0>	-0.0664 0.0090 0.5858 0.0000	</row0>
					<row1>	0.0097 0.5895 -0.0079 0.0000	</row1>
					<row2>	-0.5858 0.0087 -0.0665 0.0000	</row2>
					<row3>	0.9288 0.2831 2.3420 1.0000	</row3>
				</transform>
			</node>
			<node>
				<identifier>	SP_YMS084_YHSC_L_2_INDEX_6	</identifier>
				<transform>
					<row0>	-0.0664 -0.0090 -0.5858 0.0000	</row0>
					<row1>	-0.0097 0.5895 -0.0079 0.0000	</row1>
					<row2>	0.5858 0.0087 -0.0665 0.0000	</row2>
					<row3>	-0.9288 0.2831 2.3420 1.0000	</row3>
				</transform>
			</node>
		</node>
	</node>
	<boundingBox>
		<min>	-0.0667 -0.0667 -0.0667	</min>
		<max>	0.0667 0.0667 0.0667	</max>
	</boundingBox>
</ASB073_Nebraska_1944_MidFront_ports.visual>
