<FSB031_Flandre_1952_MidBack_ports.visual>
	<node>
		<identifier>	Scene Root	</identifier>
		<transform>
			<row0>	1.0000 0.0000 0.0000 0.0000	</row0>
			<row1>	0.0000 1.0000 0.0000 0.0000	</row1>
			<row2>	0.0000 0.0000 1.0000 0.0000	</row2>
			<row3>	0.0000 0.0000 0.0000 1.0000	</row3>
		</transform>
		<node>
			<identifier>	MidBack_ports	</identifier>
			<transform>
				<row0>	1.0000 0.0000 0.0000 0.0000	</row0>
				<row1>	0.0000 1.0000 0.0000 0.0000	</row1>
				<row2>	0.0000 0.0000 1.0000 0.0000	</row2>
				<row3>	0.0000 0.0000 0.0000 1.0000	</row3>
			</transform>
			<node>
				<identifier>	HP_FD_13	</identifier>
				<transform>
					<row0>	0.0000 0.0000 -1.0000 0.0000	</row0>
					<row1>	0.0000 1.0000 0.0000 0.0000	</row1>
					<row2>	1.0000 0.0000 0.0000 0.0000	</row2>
					<row3>	-0.5321 1.1970 -1.4010 1.0000	</row3>
				</transform>
			</node>
			<node>
				<identifier>	HP_FD_14	</identifier>
				<transform>
					<row0>	0.0000 0.0000 1.0000 0.0000	</row0>
					<row1>	0.0000 1.0000 0.0000 0.0000	</row1>
					<row2>	-1.0000 0.0000 0.0000 0.0000	</row2>
					<row3>	0.5321 1.1970 -1.4010 1.0000	</row3>
				</transform>
			</node>
			<node>
				<identifier>	HP_FD_15	</identifier>
				<transform>
					<row0>	-1.0000 0.0000 0.0000 0.0000	</row0>
					<row1>	0.0000 1.0000 0.0000 0.0000	</row1>
					<row2>	0.0000 0.0000 -1.0000 0.0000	</row2>
					<row3>	0.0000 1.6857 -1.4669 1.0000	</row3>
				</transform>
			</node>
			<node>
				<identifier>	HP_FD_16	</identifier>
				<transform>
					<row0>	-1.0000 0.0000 0.0000 0.0000	</row0>
					<row1>	0.0000 1.0000 0.0000 0.0000	</row1>
					<row2>	0.0000 0.0000 -1.0000 0.0000	</row2>
					<row3>	0.0000 1.0240 -2.4022 1.0000	</row3>
				</transform>
			</node>
			<node>
				<identifier>	HP_FD_17	</identifier>
				<transform>
					<row0>	0.0000 0.0000 1.0000 0.0000	</row0>
					<row1>	0.0000 1.0000 0.0000 0.0000	</row1>
					<row2>	-1.0000 0.0000 0.0000 0.0000	</row2>
					<row3>	-0.4499 0.6263 -3.3110 1.0000	</row3>
				</transform>
			</node>
			<node>
				<identifier>	HP_FD_18	</identifier>
				<transform>
					<row0>	0.0000 0.0000 -1.0000 0.0000	</row0>
					<row1>	0.0000 1.0000 0.0000 0.0000	</row1>
					<row2>	1.0000 0.0000 0.0000 0.0000	</row2>
					<row3>	0.4499 0.6263 -3.3110 1.0000	</row3>
				</transform>
			</node>
			<node>
				<identifier>	HP_FGA_10	</identifier>
				<transform>
					<row0>	-0.7071 0.0000 -0.7071 0.0000	</row0>
					<row1>	0.0000 1.0000 0.0000 0.0000	</row1>
					<row2>	0.7071 0.0000 -0.7071 0.0000	</row2>
					<row3>	0.7165 0.3966 -4.5124 1.0000	</row3>
				</transform>
			</node>
			<node>
				<identifier>	HP_FGA_7	</identifier>
				<transform>
					<row0>	0.0000 0.0000 1.0000 0.0000	</row0>
					<row1>	0.0000 1.0000 0.0000 0.0000	</row1>
					<row2>	-1.0000 0.0000 0.0000 0.0000	</row2>
					<row3>	-0.4273 0.5542 -3.5757 1.0000	</row3>
				</transform>
			</node>
			<node>
				<identifier>	HP_FGA_8	</identifier>
				<transform>
					<row0>	0.0000 0.0000 -1.0000 0.0000	</row0>
					<row1>	0.0000 1.0000 0.0000 0.0000	</row1>
					<row2>	1.0000 0.0000 0.0000 0.0000	</row2>
					<row3>	0.4273 0.5542 -3.5757 1.0000	</row3>
				</transform>
			</node>
			<node>
				<identifier>	HP_FGA_9	</identifier>
				<transform>
					<row0>	-0.7071 0.0000 0.7071 0.0000	</row0>
					<row1>	0.0000 1.0000 0.0000 0.0000	</row1>
					<row2>	-0.7071 0.0000 -0.7071 0.0000	</row2>
					<row3>	-0.7165 0.3966 -4.5124 1.0000	</row3>
				</transform>
			</node>
			<node>
				<identifier>	HP_FGM_3	</identifier>
				<transform>
					<row0>	-1.0000 0.0000 0.0000 0.0000	</row0>
					<row1>	0.0000 1.0000 0.0000 0.0000	</row1>
					<row2>	0.0000 0.0000 -1.0000 0.0000	</row2>
					<row3>	0.0000 0.5013 -4.8030 1.0000	</row3>
				</transform>
			</node>
			<node>
				<identifier>	HP_FGS_10	</identifier>
				<transform>
					<row0>	-1.0000 0.0000 0.0000 0.0000	</row0>
					<row1>	0.0000 1.0000 0.0000 0.0000	</row1>
					<row2>	0.0000 0.0000 -1.0000 0.0000	</row2>
					<row3>	-0.9495 0.5538 -1.3265 1.0000	</row3>
				</transform>
			</node>
			<node>
				<identifier>	HP_FGS_11	</identifier>
				<transform>
					<row0>	-1.0000 0.0000 0.0000 0.0000	</row0>
					<row1>	0.0000 1.0000 0.0000 0.0000	</row1>
					<row2>	0.0000 0.0000 -1.0000 0.0000	</row2>
					<row3>	0.9495 0.5538 -1.3265 1.0000	</row3>
				</transform>
			</node>
			<node>
				<identifier>	HP_FGS_12	</identifier>
				<transform>
					<row0>	-1.0000 0.0000 0.0000 0.0000	</row0>
					<row1>	0.0000 1.0000 0.0000 0.0000	</row1>
					<row2>	0.0000 0.0000 -1.0000 0.0000	</row2>
					<row3>	-0.9495 0.4767 -1.9442 1.0000	</row3>
				</transform>
			</node>
			<node>
				<identifier>	HP_FGS_13	</identifier>
				<transform>
					<row0>	-1.0000 0.0000 0.0000 0.0000	</row0>
					<row1>	0.0000 1.0000 0.0000 0.0000	</row1>
					<row2>	0.0000 0.0000 -1.0000 0.0000	</row2>
					<row3>	0.9495 0.4767 -1.9442 1.0000	</row3>
				</transform>
			</node>
			<node>
				<identifier>	HP_FGS_14	</identifier>
				<transform>
					<row0>	-1.0000 0.0000 0.0000 0.0000	</row0>
					<row1>	0.0000 1.0000 0.0000 0.0000	</row1>
					<row2>	0.0000 0.0000 -1.0000 0.0000	</row2>
					<row3>	-0.9338 0.4013 -2.5288 1.0000	</row3>
				</transform>
			</node>
			<node>
				<identifier>	HP_FGS_15	</identifier>
				<transform>
					<row0>	-1.0000 0.0000 0.0000 0.0000	</row0>
					<row1>	0.0000 1.0000 0.0000 0.0000	</row1>
					<row2>	0.0000 0.0000 -1.0000 0.0000	</row2>
					<row3>	0.9338 0.4013 -2.5288 1.0000	</row3>
				</transform>
			</node>
			<node>
				<identifier>	HP_FGS_16	</identifier>
				<transform>
					<row0>	-1.0000 0.0000 0.0000 0.0000	</row0>
					<row1>	0.0000 1.0000 0.0000 0.0000	</row1>
					<row2>	0.0000 0.0000 -1.0000 0.0000	</row2>
					<row3>	0.0000 0.9077 -3.1028 1.0000	</row3>
				</transform>
			</node>
			<node>
				<identifier>	HP_FGS_17	</identifier>
				<transform>
					<row0>	-1.0000 0.0000 0.0000 0.0000	</row0>
					<row1>	0.0000 1.0000 0.0000 0.0000	</row1>
					<row2>	0.0000 0.0000 -1.0000 0.0000	</row2>
					<row3>	0.0000 0.7200 -3.7693 1.0000	</row3>
				</transform>
			</node>
			<node>
				<identifier>	HP_FGS_8	</identifier>
				<transform>
					<row0>	1.0000 0.0000 0.0000 0.0000	</row0>
					<row1>	0.0000 1.0000 0.0000 0.0000	</row1>
					<row2>	0.0000 0.0000 1.0000 0.0000	</row2>
					<row3>	-0.9495 0.6303 -0.7805 1.0000	</row3>
				</transform>
			</node>
			<node>
				<identifier>	HP_FGS_9	</identifier>
				<transform>
					<row0>	1.0000 0.0000 0.0000 0.0000	</row0>
					<row1>	0.0000 1.0000 0.0000 0.0000	</row1>
					<row2>	0.0000 0.0000 1.0000 0.0000	</row2>
					<row3>	0.9495 0.6303 -0.7805 1.0000	</row3>
				</transform>
			</node>
			<node>
				<identifier>	HP_FRS_3	</identifier>
				<transform>
					<row0>	1.0000 0.0000 0.0000 0.0000	</row0>
					<row1>	0.0000 1.0000 0.0000 0.0000	</row1>
					<row2>	0.0000 0.0000 1.0000 0.0000	</row2>
					<row3>	0.0000 2.7612 -1.4459 1.0000	</row3>
				</transform>
			</node>
			<node>
				<identifier>	HP_FRS_4	</identifier>
				<transform>
					<row0>	-1.0000 0.0000 0.0000 0.0000	</row0>
					<row1>	0.0000 1.0000 0.0000 0.0000	</row1>
					<row2>	0.0000 0.0000 -1.0000 0.0000	</row2>
					<row3>	0.0000 2.0314 -1.6092 1.0000	</row3>
				</transform>
			</node>
			<node>
				<identifier>	HP_FX_Death_3	</identifier>
				<transform>
					<row0>	1.0000 0.0000 0.0000 0.0000	</row0>
					<row1>	0.0000 1.0000 0.0000 0.0000	</row1>
					<row2>	0.0000 0.0000 1.0000 0.0000	</row2>
					<row3>	0.0000 0.0000 -5.5737 1.0000	</row3>
				</transform>
			</node>
			<node>
				<identifier>	HP_FX_Fire_3	</identifier>
				<transform>
					<row0>	1.0000 0.0000 0.0000 0.0000	</row0>
					<row1>	0.0000 1.0000 0.0000 0.0000	</row1>
					<row2>	0.0000 0.0000 1.0000 0.0000	</row2>
					<row3>	0.0391 0.7166 -2.5317 1.0000	</row3>
				</transform>
			</node>
			<node>
				<identifier>	HP_FX_Fire_3_side_1	</identifier>
				<transform>
					<row0>	1.0000 0.0000 0.0000 0.0000	</row0>
					<row1>	0.0000 1.0000 0.0000 0.0000	</row1>
					<row2>	0.0000 0.0000 1.0000 0.0000	</row2>
					<row3>	-0.5418 0.7516 -2.3236 1.0000	</row3>
				</transform>
			</node>
			<node>
				<identifier>	HP_FX_Fire_3_side_2	</identifier>
				<transform>
					<row0>	1.0000 0.0000 0.0000 0.0000	</row0>
					<row1>	0.0000 1.0000 0.0000 0.0000	</row1>
					<row2>	0.0000 0.0000 1.0000 0.0000	</row2>
					<row3>	0.9666 0.4067 -3.3832 1.0000	</row3>
				</transform>
			</node>
			<node>
				<identifier>	HP_FX_Fire_5_1	</identifier>
				<transform>
					<row0>	1.0000 0.0000 0.0000 0.0000	</row0>
					<row1>	0.0000 1.0000 0.0000 0.0000	</row1>
					<row2>	0.0000 0.0000 1.0000 0.0000	</row2>
					<row3>	0.0391 0.7236 -0.9422 1.0000	</row3>
				</transform>
			</node>
			<node>
				<identifier>	HP_FX_FloodLight_left_2	</identifier>
				<transform>
					<row0>	-0.7653 0.0000 -0.6437 0.0000	</row0>
					<row1>	0.0000 1.0000 0.0000 0.0000	</row1>
					<row2>	0.6437 0.0000 -0.7653 0.0000	</row2>
					<row3>	-0.4210 0.7000 -3.0190 1.0000	</row3>
				</transform>
			</node>
			<node>
				<identifier>	HP_FX_FloodLight_right_2	</identifier>
				<transform>
					<row0>	0.7539 0.0000 -0.6570 0.0000	</row0>
					<row1>	0.0000 1.0000 0.0000 0.0000	</row1>
					<row2>	0.6570 0.0000 0.7539 0.0000	</row2>
					<row3>	0.4210 0.7000 -3.0190 1.0000	</row3>
				</transform>
			</node>
			<node>
				<identifier>	HP_FX_Flood_steam_1	</identifier>
				<transform>
					<row0>	0.9624 0.2306 -0.1439 0.0000	</row0>
					<row1>	-0.2712 0.7793 -0.5649 0.0000	</row1>
					<row2>	-0.0181 0.5827 0.8125 0.0000	</row2>
					<row3>	-0.1090 1.8137 -1.9036 1.0000	</row3>
				</transform>
			</node>
			<node>
				<identifier>	HP_FX_Flood_steam_2	</identifier>
				<transform>
					<row0>	0.9371 -0.2108 0.2781 0.0000	</row0>
					<row1>	0.3322 0.7829 -0.5260 0.0000	</row1>
					<row2>	-0.1068 0.5853 0.8037 0.0000	</row2>
					<row3>	0.1074 1.8131 -1.9008 1.0000	</row3>
				</transform>
			</node>
			<node>
				<identifier>	HP_FX_Flood_steam_right	</identifier>
				<transform>
					<row0>	1.0000 0.0000 0.0000 0.0000	</row0>
					<row1>	0.0000 1.0000 0.0000 0.0000	</row1>
					<row2>	0.0000 0.0000 1.0000 0.0000	</row2>
					<row3>	1.1353 0.2910 -2.9714 1.0000	</row3>
				</transform>
			</node>
			<node>
				<identifier>	HP_FX_Flood_water_left	</identifier>
				<transform>
					<row0>	-0.9937 0.0000 -0.1117 0.0000	</row0>
					<row1>	0.0000 1.0000 0.0000 0.0000	</row1>
					<row2>	0.1117 0.0000 -0.9937 0.0000	</row2>
					<row3>	-0.8997 0.0453 -5.2915 1.0000	</row3>
				</transform>
			</node>
			<node>
				<identifier>	HP_FX_Flood_water_left_2	</identifier>
				<transform>
					<row0>	-0.9949 0.0000 -0.1006 0.0000	</row0>
					<row1>	0.0000 1.0000 0.0000 0.0000	</row1>
					<row2>	0.1006 0.0000 -0.9949 0.0000	</row2>
					<row3>	-1.1079 0.0445 -3.1807 1.0000	</row3>
				</transform>
			</node>
			<node>
				<identifier>	HP_FX_Flood_water_right	</identifier>
				<transform>
					<row0>	0.9944 0.0000 -0.1056 0.0000	</row0>
					<row1>	0.0000 1.0000 0.0000 0.0000	</row1>
					<row2>	0.1056 0.0000 0.9944 0.0000	</row2>
					<row3>	0.9000 0.0450 -5.2890 1.0000	</row3>
				</transform>
			</node>
			<node>
				<identifier>	HP_FX_Flood_water_right_2	</identifier>
				<transform>
					<row0>	0.9986 0.0000 -0.0532 0.0000	</row0>
					<row1>	0.0000 1.0000 0.0000 0.0000	</row1>
					<row2>	0.0532 0.0000 0.9986 0.0000	</row2>
					<row3>	1.1082 0.0447 -3.1775 1.0000	</row3>
				</transform>
			</node>
			<node>
				<identifier>	HP_FX_RepairLight_right_1	</identifier>
				<transform>
					<row0>	-0.0650 0.0000 -0.9979 0.0000	</row0>
					<row1>	0.0253 0.9997 -0.0016 0.0000	</row1>
					<row2>	0.9976 -0.0254 -0.0650 0.0000	</row2>
					<row3>	1.0771 0.4045 -3.7146 1.0000	</row3>
				</transform>
			</node>
			<node>
				<identifier>	HP_Ship_death_2	</identifier>
				<transform>
					<row0>	1.0000 0.0000 0.0000 0.0000	</row0>
					<row1>	0.0000 1.0000 0.0000 0.0000	</row1>
					<row2>	0.0000 0.0000 1.0000 0.0000	</row2>
					<row3>	0.0000 0.0000 -0.6547 1.0000	</row3>
				</transform>
			</node>
			<node>
				<identifier>	HP_flag_nation	</identifier>
				<transform>
					<row0>	1.0000 0.0000 0.0000 0.0000	</row0>
					<row1>	0.0000 0.9733 0.2296 0.0000	</row1>
					<row2>	0.0000 -0.2296 0.9733 0.0000	</row2>
					<row3>	0.0000 2.5303 -1.6998 1.0000	</row3>
				</transform>
			</node>
			<node>
				<identifier>	MP_CM011_Fire_Fighting_Gear	</identifier>
				<transform>
					<row0>	1.0000 0.0000 0.0000 0.0000	</row0>
					<row1>	0.0000 1.0000 0.0000 0.0000	</row1>
					<row2>	0.0000 0.0000 1.0000 0.0000	</row2>
					<row3>	-0.3239 0.5530 -3.1132 1.0000	</row3>
				</transform>
			</node>
			<node>
				<identifier>	MP_CM011_Fire_Fighting_Gear_INDEX_1	</identifier>
				<transform>
					<row0>	-0.9906 0.0000 -0.1372 0.0000	</row0>
					<row1>	0.0000 1.0000 0.0000 0.0000	</row1>
					<row2>	0.1372 0.0000 -0.9906 0.0000	</row2>
					<row3>	-0.0319 0.7172 -2.8423 1.0000	</row3>
				</transform>
			</node>
			<node>
				<identifier>	MP_CM011_Fire_Fighting_Gear_INDEX_10	</identifier>
				<transform>
					<row0>	0.0000 0.0000 1.0000 0.0000	</row0>
					<row1>	0.0000 1.0000 0.0000 0.0000	</row1>
					<row2>	-1.0000 0.0000 0.0000 0.0000	</row2>
					<row3>	0.7234 0.4009 -2.0959 1.0000	</row3>
				</transform>
			</node>
			<node>
				<identifier>	MP_CM011_Fire_Fighting_Gear_INDEX_11	</identifier>
				<transform>
					<row0>	0.0000 0.0000 -1.0000 0.0000	</row0>
					<row1>	0.0000 1.0000 0.0000 0.0000	</row1>
					<row2>	1.0000 0.0000 0.0000 0.0000	</row2>
					<row3>	-0.6499 0.5530 -1.3443 1.0000	</row3>
				</transform>
			</node>
			<node>
				<identifier>	MP_CM011_Fire_Fighting_Gear_INDEX_12	</identifier>
				<transform>
					<row0>	1.0000 0.0000 0.0000 0.0000	</row0>
					<row1>	0.0000 1.0000 0.0000 0.0000	</row1>
					<row2>	0.0000 0.0000 1.0000 0.0000	</row2>
					<row3>	0.3239 0.5530 -3.1132 1.0000	</row3>
				</transform>
			</node>
			<node>
				<identifier>	MP_CM011_Fire_Fighting_Gear_INDEX_13	</identifier>
				<transform>
					<row0>	-0.9906 0.0000 0.1372 0.0000	</row0>
					<row1>	0.0000 1.0000 0.0000 0.0000	</row1>
					<row2>	-0.1372 0.0000 -0.9906 0.0000	</row2>
					<row3>	0.0319 0.7172 -2.8423 1.0000	</row3>
				</transform>
			</node>
			<node>
				<identifier>	MP_CM011_Fire_Fighting_Gear_INDEX_14	</identifier>
				<transform>
					<row0>	1.0000 0.0000 0.0000 0.0000	</row0>
					<row1>	0.0000 1.0000 0.0000 0.0000	</row1>
					<row2>	0.0000 0.0000 1.0000 0.0000	</row2>
					<row3>	0.0619 0.8810 -1.9842 1.0000	</row3>
				</transform>
			</node>
			<node>
				<identifier>	MP_CM011_Fire_Fighting_Gear_INDEX_15	</identifier>
				<transform>
					<row0>	1.0000 0.0000 0.0000 0.0000	</row0>
					<row1>	0.0000 1.0000 0.0000 0.0000	</row1>
					<row2>	0.0000 0.0000 1.0000 0.0000	</row2>
					<row3>	0.3439 0.3997 -3.8761 1.0000	</row3>
				</transform>
			</node>
			<node>
				<identifier>	MP_CM011_Fire_Fighting_Gear_INDEX_16	</identifier>
				<transform>
					<row0>	1.0000 0.0000 0.0000 0.0000	</row0>
					<row1>	0.0000 1.0000 0.0000 0.0000	</row1>
					<row2>	0.0000 0.0000 1.0000 0.0000	</row2>
					<row3>	-0.3439 0.3997 -3.8761 1.0000	</row3>
				</transform>
			</node>
			<node>
				<identifier>	MP_CM011_Fire_Fighting_Gear_INDEX_2	</identifier>
				<transform>
					<row0>	0.0000 0.0000 1.0000 0.0000	</row0>
					<row1>	0.0000 1.0000 0.0000 0.0000	</row1>
					<row2>	-1.0000 0.0000 0.0000 0.0000	</row2>
					<row3>	0.6499 0.5530 -1.3443 1.0000	</row3>
				</transform>
			</node>
			<node>
				<identifier>	MP_CM011_Fire_Fighting_Gear_INDEX_3	</identifier>
				<transform>
					<row0>	0.0000 0.0000 -1.0000 0.0000	</row0>
					<row1>	0.0000 1.0000 0.0000 0.0000	</row1>
					<row2>	1.0000 0.0000 0.0000 0.0000	</row2>
					<row3>	-0.7234 0.4009 -2.0959 1.0000	</row3>
				</transform>
			</node>
			<node>
				<identifier>	MP_CM011_Fire_Fighting_Gear_INDEX_4	</identifier>
				<transform>
					<row0>	0.6397 0.0000 0.7687 0.0000	</row0>
					<row1>	0.0000 1.0000 0.0000 0.0000	</row1>
					<row2>	-0.7687 0.0000 0.6397 0.0000	</row2>
					<row3>	0.3475 0.3951 -5.0870 1.0000	</row3>
				</transform>
			</node>
			<node>
				<identifier>	MP_CM011_Fire_Fighting_Gear_INDEX_5	</identifier>
				<transform>
					<row0>	0.6397 0.0000 -0.7687 0.0000	</row0>
					<row1>	0.0000 1.0000 0.0000 0.0000	</row1>
					<row2>	0.7687 0.0000 0.6397 0.0000	</row2>
					<row3>	-0.3467 0.3951 -5.0869 1.0000	</row3>
				</transform>
			</node>
			<node>
				<identifier>	MP_CM011_Fire_Fighting_Gear_INDEX_6	</identifier>
				<transform>
					<row0>	0.0000 0.0000 1.0000 0.0000	</row0>
					<row1>	0.0000 1.0000 0.0000 0.0000	</row1>
					<row2>	-1.0000 0.0000 0.0000 0.0000	</row2>
					<row3>	0.7234 0.3999 -3.1647 1.0000	</row3>
				</transform>
			</node>
			<node>
				<identifier>	MP_CM011_Fire_Fighting_Gear_INDEX_7	</identifier>
				<transform>
					<row0>	0.0000 0.0000 1.0000 0.0000	</row0>
					<row1>	0.0000 1.0000 0.0000 0.0000	</row1>
					<row2>	-1.0000 0.0000 0.0000 0.0000	</row2>
					<row3>	0.3004 0.7172 -1.9967 1.0000	</row3>
				</transform>
			</node>
			<node>
				<identifier>	MP_CM011_Fire_Fighting_Gear_INDEX_8	</identifier>
				<transform>
					<row0>	0.0000 0.0000 -1.0000 0.0000	</row0>
					<row1>	0.0000 1.0000 0.0000 0.0000	</row1>
					<row2>	1.0000 0.0000 0.0000 0.0000	</row2>
					<row3>	-0.7234 0.3999 -3.1647 1.0000	</row3>
				</transform>
			</node>
			<node>
				<identifier>	MP_CM011_Fire_Fighting_Gear_INDEX_9	</identifier>
				<transform>
					<row0>	0.0000 0.0000 -1.0000 0.0000	</row0>
					<row1>	0.0000 1.0000 0.0000 0.0000	</row1>
					<row2>	1.0000 0.0000 0.0000 0.0000	</row2>
					<row3>	-0.3004 0.7172 -1.9967 1.0000	</row3>
				</transform>
			</node>
			<node>
				<identifier>	MP_CM012_Fire_Hose_Rack_1	</identifier>
				<transform>
					<row0>	-1.0000 0.0000 0.0000 0.0000	</row0>
					<row1>	0.0000 1.0000 0.0000 0.0000	</row1>
					<row2>	0.0000 0.0000 -1.0000 0.0000	</row2>
					<row3>	0.6394 0.6423 -1.5671 1.0000	</row3>
				</transform>
			</node>
			<node>
				<identifier>	MP_CM012_Fire_Hose_Rack_1_INDEX_1	</identifier>
				<transform>
					<row0>	1.0000 0.0000 0.0000 0.0000	</row0>
					<row1>	0.0000 1.0000 0.0000 0.0000	</row1>
					<row2>	0.0000 0.0000 1.0000 0.0000	</row2>
					<row3>	-0.7163 0.4831 -3.1760 1.0000	</row3>
				</transform>
			</node>
			<node>
				<identifier>	MP_CM012_Fire_Hose_Rack_1_INDEX_10	</identifier>
				<transform>
					<row0>	1.0000 0.0000 0.0000 0.0000	</row0>
					<row1>	0.0000 1.0000 0.0000 0.0000	</row1>
					<row2>	0.0000 0.0000 1.0000 0.0000	</row2>
					<row3>	-0.6394 0.6423 -1.5671 1.0000	</row3>
				</transform>
			</node>
			<node>
				<identifier>	MP_CM012_Fire_Hose_Rack_1_INDEX_11	</identifier>
				<transform>
					<row0>	-0.0529 0.0000 0.9986 0.0000	</row0>
					<row1>	0.0000 1.0000 0.0000 0.0000	</row1>
					<row2>	-0.9986 0.0000 -0.0529 0.0000	</row2>
					<row3>	0.0437 0.9595 -1.9720 1.0000	</row3>
				</transform>
			</node>
			<node>
				<identifier>	MP_CM012_Fire_Hose_Rack_1_INDEX_12	</identifier>
				<transform>
					<row0>	1.0000 0.0000 0.0000 0.0000	</row0>
					<row1>	0.0000 1.0000 0.0000 0.0000	</row1>
					<row2>	0.0000 0.0000 1.0000 0.0000	</row2>
					<row3>	-0.7163 0.4831 -2.0829 1.0000	</row3>
				</transform>
			</node>
			<node>
				<identifier>	MP_CM012_Fire_Hose_Rack_1_INDEX_13	</identifier>
				<transform>
					<row0>	-0.7464 0.0000 -0.6655 0.0000	</row0>
					<row1>	0.0000 1.0000 0.0000 0.0000	</row1>
					<row2>	0.6655 0.0000 -0.7464 0.0000	</row2>
					<row3>	0.3548 0.4578 -5.1168 1.0000	</row3>
				</transform>
			</node>
			<node>
				<identifier>	MP_CM012_Fire_Hose_Rack_1_INDEX_14	</identifier>
				<transform>
					<row0>	0.0000 0.0000 1.0000 0.0000	</row0>
					<row1>	0.0000 1.0000 0.0000 0.0000	</row1>
					<row2>	-1.0000 0.0000 0.0000 0.0000	</row2>
					<row3>	0.3088 0.6423 -3.1026 1.0000	</row3>
				</transform>
			</node>
			<node>
				<identifier>	MP_CM012_Fire_Hose_Rack_1_INDEX_2	</identifier>
				<transform>
					<row0>	-1.0000 0.0000 0.0000 0.0000	</row0>
					<row1>	0.0000 1.0000 0.0000 0.0000	</row1>
					<row2>	0.0000 0.0000 -1.0000 0.0000	</row2>
					<row3>	0.7163 0.4831 -2.0829 1.0000	</row3>
				</transform>
			</node>
			<node>
				<identifier>	MP_CM012_Fire_Hose_Rack_1_INDEX_3	</identifier>
				<transform>
					<row0>	0.0000 0.0000 1.0000 0.0000	</row0>
					<row1>	0.0000 1.0000 0.0000 0.0000	</row1>
					<row2>	-1.0000 0.0000 0.0000 0.0000	</row2>
					<row3>	-0.3151 0.4831 -3.8686 1.0000	</row3>
				</transform>
			</node>
			<node>
				<identifier>	MP_CM012_Fire_Hose_Rack_1_INDEX_4	</identifier>
				<transform>
					<row0>	0.7464 0.0000 -0.6655 0.0000	</row0>
					<row1>	0.0000 1.0000 0.0000 0.0000	</row1>
					<row2>	0.6655 0.0000 0.7464 0.0000	</row2>
					<row3>	-0.3558 0.4578 -5.1181 1.0000	</row3>
				</transform>
			</node>
			<node>
				<identifier>	MP_CM012_Fire_Hose_Rack_1_INDEX_5	</identifier>
				<transform>
					<row0>	1.0000 0.0000 0.0000 0.0000	</row0>
					<row1>	0.0000 1.0000 0.0000 0.0000	</row1>
					<row2>	0.0000 0.0000 1.0000 0.0000	</row2>
					<row3>	-0.2901 0.7814 -1.9703 1.0000	</row3>
				</transform>
			</node>
			<node>
				<identifier>	MP_CM012_Fire_Hose_Rack_1_INDEX_6	</identifier>
				<transform>
					<row0>	-1.0000 0.0000 0.0000 0.0000	</row0>
					<row1>	0.0000 1.0000 0.0000 0.0000	</row1>
					<row2>	0.0000 0.0000 -1.0000 0.0000	</row2>
					<row3>	0.7163 0.4831 -3.1760 1.0000	</row3>
				</transform>
			</node>
			<node>
				<identifier>	MP_CM012_Fire_Hose_Rack_1_INDEX_7	</identifier>
				<transform>
					<row0>	0.0000 0.0000 1.0000 0.0000	</row0>
					<row1>	0.0000 1.0000 0.0000 0.0000	</row1>
					<row2>	-1.0000 0.0000 0.0000 0.0000	</row2>
					<row3>	-0.3088 0.6423 -3.1026 1.0000	</row3>
				</transform>
			</node>
			<node>
				<identifier>	MP_CM012_Fire_Hose_Rack_1_INDEX_8	</identifier>
				<transform>
					<row0>	-1.0000 0.0000 0.0000 0.0000	</row0>
					<row1>	0.0000 1.0000 0.0000 0.0000	</row1>
					<row2>	0.0000 0.0000 -1.0000 0.0000	</row2>
					<row3>	0.2901 0.7814 -1.9703 1.0000	</row3>
				</transform>
			</node>
			<node>
				<identifier>	MP_CM012_Fire_Hose_Rack_1_INDEX_9	</identifier>
				<transform>
					<row0>	0.0000 0.0000 1.0000 0.0000	</row0>
					<row1>	0.0000 1.0000 0.0000 0.0000	</row1>
					<row2>	-1.0000 0.0000 0.0000 0.0000	</row2>
					<row3>	0.3151 0.4831 -3.8686 1.0000	</row3>
				</transform>
			</node>
			<node>
				<identifier>	MP_CM014_Fuel_Oil_Hose	</identifier>
				<transform>
					<row0>	0.0000 0.0000 1.0000 0.0000	</row0>
					<row1>	0.0000 1.0000 0.0000 0.0000	</row1>
					<row2>	-1.0000 0.0000 0.0000 0.0000	</row2>
					<row3>	1.0724 0.4394 -1.6034 1.0000	</row3>
				</transform>
			</node>
			<node>
				<identifier>	MP_CM014_Fuel_Oil_Hose_INDEX_1	</identifier>
				<transform>
					<row0>	0.0000 0.0000 1.0000 0.0000	</row0>
					<row1>	0.0000 1.0000 0.0000 0.0000	</row1>
					<row2>	-1.0000 0.0000 0.0000 0.0000	</row2>
					<row3>	-1.0724 0.4394 -1.6032 1.0000	</row3>
				</transform>
			</node>
			<node>
				<identifier>	MP_CM014_Fuel_Oil_Hose_INDEX_2	</identifier>
				<transform>
					<row0>	0.0000 0.0000 1.0000 0.0000	</row0>
					<row1>	0.0000 1.0000 0.0000 0.0000	</row1>
					<row2>	-1.0000 0.0000 0.0000 0.0000	</row2>
					<row3>	1.0724 0.4787 -1.6028 1.0000	</row3>
				</transform>
			</node>
			<node>
				<identifier>	MP_CM014_Fuel_Oil_Hose_INDEX_3	</identifier>
				<transform>
					<row0>	0.0000 0.0000 1.0000 0.0000	</row0>
					<row1>	0.0000 1.0000 0.0000 0.0000	</row1>
					<row2>	-1.0000 0.0000 0.0000 0.0000	</row2>
					<row3>	-1.0724 0.4787 -1.6037 1.0000	</row3>
				</transform>
			</node>
			<node>
				<identifier>	MP_CM014_Fuel_Oil_Hose_INDEX_4	</identifier>
				<transform>
					<row0>	0.0000 0.0000 1.0000 0.0000	</row0>
					<row1>	0.0000 1.0000 0.0000 0.0000	</row1>
					<row2>	-1.0000 0.0000 0.0000 0.0000	</row2>
					<row3>	-1.0722 0.5195 -1.6046 1.0000	</row3>
				</transform>
			</node>
			<node>
				<identifier>	MP_CM014_Fuel_Oil_Hose_INDEX_5	</identifier>
				<transform>
					<row0>	0.0000 0.0000 1.0000 0.0000	</row0>
					<row1>	0.0000 1.0000 0.0000 0.0000	</row1>
					<row2>	-1.0000 0.0000 0.0000 0.0000	</row2>
					<row3>	1.0722 0.5195 -1.6048 1.0000	</row3>
				</transform>
			</node>
			<node>
				<identifier>	MP_CM018_Wood_Box_1	</identifier>
				<transform>
					<row0>	1.0000 0.0000 0.0000 0.0000	</row0>
					<row1>	0.0000 1.0000 0.0000 0.0000	</row1>
					<row2>	0.0000 0.0000 1.0000 0.0000	</row2>
					<row3>	-0.2512 0.8798 -2.1541 1.0000	</row3>
				</transform>
			</node>
			<node>
				<identifier>	MP_CM018_Wood_Box_1_INDEX_1	</identifier>
				<transform>
					<row0>	1.0000 0.0000 0.0000 0.0000	</row0>
					<row1>	0.0000 1.0000 0.0000 0.0000	</row1>
					<row2>	0.0000 0.0000 1.0000 0.0000	</row2>
					<row3>	0.2512 0.8798 -2.1500 1.0000	</row3>
				</transform>
			</node>
			<node>
				<identifier>	MP_CM019_Wood_Box_2	</identifier>
				<transform>
					<row0>	1.0000 0.0000 0.0000 0.0000	</row0>
					<row1>	0.0000 1.0000 0.0000 0.0000	</row1>
					<row2>	0.0000 0.0000 1.0000 0.0000	</row2>
					<row3>	0.6166 0.7171 -1.5417 1.0000	</row3>
				</transform>
			</node>
			<node>
				<identifier>	MP_CM019_Wood_Box_2_INDEX_1	</identifier>
				<transform>
					<row0>	1.0000 0.0000 0.0000 0.0000	</row0>
					<row1>	0.0000 1.0000 0.0000 0.0000	</row1>
					<row2>	0.0000 0.0000 1.0000 0.0000	</row2>
					<row3>	0.6166 0.7171 -1.7038 1.0000	</row3>
				</transform>
			</node>
			<node>
				<identifier>	MP_CM019_Wood_Box_2_INDEX_2	</identifier>
				<transform>
					<row0>	1.0000 0.0000 0.0000 0.0000	</row0>
					<row1>	0.0000 1.0000 0.0000 0.0000	</row1>
					<row2>	0.0000 0.0000 1.0000 0.0000	</row2>
					<row3>	-0.6166 0.7171 -1.6969 1.0000	</row3>
				</transform>
			</node>
			<node>
				<identifier>	MP_CM019_Wood_Box_2_INDEX_3	</identifier>
				<transform>
					<row0>	1.0000 0.0000 0.0000 0.0000	</row0>
					<row1>	0.0000 1.0000 0.0000 0.0000	</row1>
					<row2>	0.0000 0.0000 1.0000 0.0000	</row2>
					<row3>	-0.6166 0.7171 -1.5349 1.0000	</row3>
				</transform>
			</node>
			<node>
				<identifier>	MP_CM019_Wood_Box_2_INDEX_4	</identifier>
				<transform>
					<row0>	0.7835 0.0000 0.6213 0.0000	</row0>
					<row1>	0.0000 1.0000 0.0000 0.0000	</row1>
					<row2>	-0.6213 0.0000 0.7835 0.0000	</row2>
					<row3>	-0.5258 0.7171 -2.8474 1.0000	</row3>
				</transform>
			</node>
			<node>
				<identifier>	MP_CM019_Wood_Box_2_INDEX_5	</identifier>
				<transform>
					<row0>	0.7835 0.0000 -0.6213 0.0000	</row0>
					<row1>	0.0000 1.0000 0.0000 0.0000	</row1>
					<row2>	0.6213 0.0000 0.7835 0.0000	</row2>
					<row3>	0.5258 0.7171 -2.8474 1.0000	</row3>
				</transform>
			</node>
			<node>
				<identifier>	MP_CM029_Emergency_Box	</identifier>
				<transform>
					<row0>	0.6059 0.0000 -0.7956 0.0000	</row0>
					<row1>	0.0000 1.0000 0.0000 0.0000	</row1>
					<row2>	0.7956 0.0000 0.6059 0.0000	</row2>
					<row3>	-0.6370 0.4238 -4.4500 1.0000	</row3>
				</transform>
			</node>
			<node>
				<identifier>	MP_CM029_Emergency_Box_INDEX_1	</identifier>
				<transform>
					<row0>	-0.3829 0.0000 -0.9238 0.0000	</row0>
					<row1>	0.0000 1.0000 0.0000 0.0000	</row1>
					<row2>	0.9238 0.0000 -0.3829 0.0000	</row2>
					<row3>	-0.2367 0.8134 -3.0072 1.0000	</row3>
				</transform>
			</node>
			<node>
				<identifier>	MP_CM029_Emergency_Box_INDEX_2	</identifier>
				<transform>
					<row0>	0.6376 0.0000 -0.7704 0.0000	</row0>
					<row1>	0.0000 1.0000 0.0000 0.0000	</row1>
					<row2>	0.7704 0.0000 0.6376 0.0000	</row2>
					<row3>	-0.6112 0.6260 -2.8010 1.0000	</row3>
				</transform>
			</node>
			<node>
				<identifier>	MP_CM029_Emergency_Box_INDEX_3	</identifier>
				<transform>
					<row0>	0.6376 0.0000 0.7704 0.0000	</row0>
					<row1>	0.0000 1.0000 0.0000 0.0000	</row1>
					<row2>	-0.7704 0.0000 0.6376 0.0000	</row2>
					<row3>	0.6112 0.6260 -2.8010 1.0000	</row3>
				</transform>
			</node>
			<node>
				<identifier>	MP_CM029_Emergency_Box_INDEX_4	</identifier>
				<transform>
					<row0>	-0.3829 0.0000 0.9238 0.0000	</row0>
					<row1>	0.0000 1.0000 0.0000 0.0000	</row1>
					<row2>	-0.9238 0.0000 -0.3829 0.0000	</row2>
					<row3>	0.2362 0.8134 -3.0054 1.0000	</row3>
				</transform>
			</node>
			<node>
				<identifier>	MP_CM029_Emergency_Box_INDEX_5	</identifier>
				<transform>
					<row0>	0.6059 0.0000 0.7956 0.0000	</row0>
					<row1>	0.0000 1.0000 0.0000 0.0000	</row1>
					<row2>	-0.7956 0.0000 0.6059 0.0000	</row2>
					<row3>	0.6370 0.4238 -4.4500 1.0000	</row3>
				</transform>
			</node>
			<node>
				<identifier>	MP_CM030_Swab_Rack_2	</identifier>
				<transform>
					<row0>	0.0000 0.0000 -1.0000 0.0000	</row0>
					<row1>	0.0000 1.0000 0.0000 0.0000	</row1>
					<row2>	1.0000 0.0000 0.0000 0.0000	</row2>
					<row3>	0.2892 0.7159 -2.0411 1.0000	</row3>
				</transform>
			</node>
			<node>
				<identifier>	MP_CM030_Swab_Rack_2_INDEX_1	</identifier>
				<transform>
					<row0>	0.0000 0.0000 1.0000 0.0000	</row0>
					<row1>	0.0000 1.0000 0.0000 0.0000	</row1>
					<row2>	-1.0000 0.0000 0.0000 0.0000	</row2>
					<row3>	-0.2892 0.7159 -2.0411 1.0000	</row3>
				</transform>
			</node>
			<node>
				<identifier>	MP_CM052_Fender	</identifier>
				<transform>
					<row0>	-0.0387 0.0000 -0.9993 0.0000	</row0>
					<row1>	0.0000 1.0000 0.0000 0.0000	</row1>
					<row2>	0.9993 0.0000 -0.0387 0.0000	</row2>
					<row3>	0.5653 0.5526 -0.6388 1.0000	</row3>
				</transform>
			</node>
			<node>
				<identifier>	MP_CM052_Fender_INDEX_1	</identifier>
				<transform>
					<row0>	-0.0387 0.0000 -0.9993 0.0000	</row0>
					<row1>	0.0000 1.0000 0.0000 0.0000	</row1>
					<row2>	0.9993 0.0000 -0.0387 0.0000	</row2>
					<row3>	0.5651 0.5526 -1.0126 1.0000	</row3>
				</transform>
			</node>
			<node>
				<identifier>	MP_CM052_Fender_INDEX_2	</identifier>
				<transform>
					<row0>	-0.0387 0.0000 -0.9993 0.0000	</row0>
					<row1>	0.0000 1.0000 0.0000 0.0000	</row1>
					<row2>	0.9993 0.0000 -0.0387 0.0000	</row2>
					<row3>	0.7463 0.3992 -3.3553 1.0000	</row3>
				</transform>
			</node>
			<node>
				<identifier>	MP_CM052_Fender_INDEX_3	</identifier>
				<transform>
					<row0>	-0.0387 0.0000 0.9993 0.0000	</row0>
					<row1>	0.0000 1.0000 0.0000 0.0000	</row1>
					<row2>	-0.9993 0.0000 -0.0387 0.0000	</row2>
					<row3>	-0.7463 0.3992 -3.3553 1.0000	</row3>
				</transform>
			</node>
			<node>
				<identifier>	MP_CM052_Fender_INDEX_4	</identifier>
				<transform>
					<row0>	-0.0387 0.0000 0.9993 0.0000	</row0>
					<row1>	0.0000 1.0000 0.0000 0.0000	</row1>
					<row2>	-0.9993 0.0000 -0.0387 0.0000	</row2>
					<row3>	-0.5651 0.5526 -1.0126 1.0000	</row3>
				</transform>
			</node>
			<node>
				<identifier>	MP_CM052_Fender_INDEX_5	</identifier>
				<transform>
					<row0>	-0.5133 0.0000 -0.8582 0.0000	</row0>
					<row1>	0.0000 1.0000 0.0000 0.0000	</row1>
					<row2>	0.8582 0.0000 -0.5133 0.0000	</row2>
					<row3>	0.6255 0.3992 -3.5689 1.0000	</row3>
				</transform>
			</node>
			<node>
				<identifier>	MP_CM052_Fender_INDEX_6	</identifier>
				<transform>
					<row0>	-0.0387 0.0000 0.9993 0.0000	</row0>
					<row1>	0.0000 1.0000 0.0000 0.0000	</row1>
					<row2>	-0.9993 0.0000 -0.0387 0.0000	</row2>
					<row3>	-0.5653 0.5526 -0.6388 1.0000	</row3>
				</transform>
			</node>
			<node>
				<identifier>	MP_CM052_Fender_INDEX_7	</identifier>
				<transform>
					<row0>	-0.5133 0.0000 0.8582 0.0000	</row0>
					<row1>	0.0000 1.0000 0.0000 0.0000	</row1>
					<row2>	-0.8582 0.0000 -0.5133 0.0000	</row2>
					<row3>	-0.6255 0.3992 -3.5689 1.0000	</row3>
				</transform>
			</node>
			<node>
				<identifier>	MP_CM092_Siren	</identifier>
				<transform>
					<row0>	1.0000 0.0000 0.0000 0.0000	</row0>
					<row1>	0.0000 1.0000 0.0000 0.0000	</row1>
					<row2>	0.0000 0.0000 1.0000 0.0000	</row2>
					<row3>	-0.0111 1.4147 -1.3199 1.0000	</row3>
				</transform>
			</node>
			<node>
				<identifier>	MP_FM005_Bench	</identifier>
				<transform>
					<row0>	0.0000 0.0000 -1.0000 0.0000	</row0>
					<row1>	0.0000 1.0000 0.0000 0.0000	</row1>
					<row2>	1.0000 0.0000 0.0000 0.0000	</row2>
					<row3>	-0.7283 0.3932 -5.2888 1.0000	</row3>
				</transform>
			</node>
			<node>
				<identifier>	MP_FM005_Bench_INDEX_1	</identifier>
				<transform>
					<row0>	0.0000 0.0000 -1.0000 0.0000	</row0>
					<row1>	0.0000 1.0000 0.0000 0.0000	</row1>
					<row2>	1.0000 0.0000 0.0000 0.0000	</row2>
					<row3>	-0.5173 0.7170 -2.3782 1.0000	</row3>
				</transform>
			</node>
			<node>
				<identifier>	MP_FM005_Bench_INDEX_2	</identifier>
				<transform>
					<row0>	0.0000 0.0000 -1.0000 0.0000	</row0>
					<row1>	0.0000 1.0000 0.0000 0.0000	</row1>
					<row2>	1.0000 0.0000 0.0000 0.0000	</row2>
					<row3>	-0.5173 0.7170 -2.1403 1.0000	</row3>
				</transform>
			</node>
			<node>
				<identifier>	MP_FM005_Bench_INDEX_3	</identifier>
				<transform>
					<row0>	0.0000 0.0000 1.0000 0.0000	</row0>
					<row1>	0.0000 1.0000 0.0000 0.0000	</row1>
					<row2>	-1.0000 0.0000 0.0000 0.0000	</row2>
					<row3>	0.5173 0.7170 -2.3782 1.0000	</row3>
				</transform>
			</node>
			<node>
				<identifier>	MP_FM005_Bench_INDEX_4	</identifier>
				<transform>
					<row0>	0.0000 0.0000 -1.0000 0.0000	</row0>
					<row1>	0.0000 1.0000 0.0000 0.0000	</row1>
					<row2>	1.0000 0.0000 0.0000 0.0000	</row2>
					<row3>	-0.7283 0.3952 -4.8911 1.0000	</row3>
				</transform>
			</node>
			<node>
				<identifier>	MP_FM005_Bench_INDEX_5	</identifier>
				<transform>
					<row0>	0.0000 0.0000 1.0000 0.0000	</row0>
					<row1>	0.0000 1.0000 0.0000 0.0000	</row1>
					<row2>	-1.0000 0.0000 0.0000 0.0000	</row2>
					<row3>	0.7283 0.3932 -5.2888 1.0000	</row3>
				</transform>
			</node>
			<node>
				<identifier>	MP_FM005_Bench_INDEX_6	</identifier>
				<transform>
					<row0>	0.0000 0.0000 1.0000 0.0000	</row0>
					<row1>	0.0000 1.0000 0.0000 0.0000	</row1>
					<row2>	-1.0000 0.0000 0.0000 0.0000	</row2>
					<row3>	0.7283 0.3974 -4.1465 1.0000	</row3>
				</transform>
			</node>
			<node>
				<identifier>	MP_FM005_Bench_INDEX_7	</identifier>
				<transform>
					<row0>	0.0000 0.0000 -1.0000 0.0000	</row0>
					<row1>	0.0000 1.0000 0.0000 0.0000	</row1>
					<row2>	1.0000 0.0000 0.0000 0.0000	</row2>
					<row3>	-0.7283 0.3974 -4.1465 1.0000	</row3>
				</transform>
			</node>
			<node>
				<identifier>	MP_FM005_Bench_INDEX_8	</identifier>
				<transform>
					<row0>	0.0000 0.0000 1.0000 0.0000	</row0>
					<row1>	0.0000 1.0000 0.0000 0.0000	</row1>
					<row2>	-1.0000 0.0000 0.0000 0.0000	</row2>
					<row3>	0.7283 0.3952 -4.8911 1.0000	</row3>
				</transform>
			</node>
			<node>
				<identifier>	MP_FM005_Bench_INDEX_9	</identifier>
				<transform>
					<row0>	0.0000 0.0000 1.0000 0.0000	</row0>
					<row1>	0.0000 1.0000 0.0000 0.0000	</row1>
					<row2>	-1.0000 0.0000 0.0000 0.0000	</row2>
					<row3>	0.5173 0.7170 -2.1403 1.0000	</row3>
				</transform>
			</node>
			<node>
				<identifier>	MP_FM008_Binoculars	</identifier>
				<transform>
					<row0>	-1.0000 0.0000 0.0000 0.0000	</row0>
					<row1>	0.0000 1.0000 0.0000 0.0000	</row1>
					<row2>	0.0000 0.0000 -1.0000 0.0000	</row2>
					<row3>	0.0000 1.2678 -2.4356 1.0000	</row3>
				</transform>
			</node>
			<node>
				<identifier>	MP_FM011_Reels	</identifier>
				<transform>
					<row0>	-0.9071 0.0000 1.0664 0.0000	</row0>
					<row1>	0.0000 1.4000 0.0000 0.0000	</row1>
					<row2>	-1.0664 0.0000 -0.9071 0.0000	</row2>
					<row3>	-0.5093 0.5529 -2.9746 1.0000	</row3>
				</transform>
			</node>
			<node>
				<identifier>	MP_FM011_Reels_INDEX_1	</identifier>
				<transform>
					<row0>	-0.9071 0.0000 -1.0664 0.0000	</row0>
					<row1>	0.0000 1.4000 0.0000 0.0000	</row1>
					<row2>	1.0664 0.0000 -0.9071 0.0000	</row2>
					<row3>	0.5093 0.5529 -2.9746 1.0000	</row3>
				</transform>
			</node>
			<node>
				<identifier>	MP_FM014_Telephone	</identifier>
				<transform>
					<row0>	1.0000 0.0000 0.0000 0.0000	</row0>
					<row1>	0.0000 1.0000 0.0000 0.0000	</row1>
					<row2>	0.0000 0.0000 1.0000 0.0000	</row2>
					<row3>	-0.6057 1.0924 -1.4055 1.0000	</row3>
				</transform>
			</node>
			<node>
				<identifier>	MP_FM014_Telephone_INDEX_1	</identifier>
				<transform>
					<row0>	0.0000 0.0000 -1.0000 0.0000	</row0>
					<row1>	0.0000 1.0000 0.0000 0.0000	</row1>
					<row2>	1.0000 0.0000 0.0000 0.0000	</row2>
					<row3>	-0.1936 1.5851 -1.3937 1.0000	</row3>
				</transform>
			</node>
			<node>
				<identifier>	MP_FM014_Telephone_INDEX_2	</identifier>
				<transform>
					<row0>	1.0000 0.0000 0.0000 0.0000	</row0>
					<row1>	0.0000 1.0000 0.0000 0.0000	</row1>
					<row2>	0.0000 0.0000 1.0000 0.0000	</row2>
					<row3>	0.6057 1.0924 -1.4055 1.0000	</row3>
				</transform>
			</node>
			<node>
				<identifier>	MP_FM014_Telephone_INDEX_3	</identifier>
				<transform>
					<row0>	0.0000 0.0000 1.0000 0.0000	</row0>
					<row1>	0.0000 1.0000 0.0000 0.0000	</row1>
					<row2>	-1.0000 0.0000 0.0000 0.0000	</row2>
					<row3>	0.1936 1.5851 -1.3937 1.0000	</row3>
				</transform>
			</node>
			<node>
				<identifier>	MP_FM015_Life_Buoy	</identifier>
				<transform>
					<row0>	0.1054 0.0000 0.9944 0.0000	</row0>
					<row1>	0.0000 1.0000 0.0000 0.0000	</row1>
					<row2>	-0.9944 0.0000 0.1054 0.0000	</row2>
					<row3>	0.9251 0.4569 -5.2684 1.0000	</row3>
				</transform>
			</node>
			<node>
				<identifier>	MP_FM015_Life_Buoy_INDEX_1	</identifier>
				<transform>
					<row0>	0.1054 0.0000 -0.9944 0.0000	</row0>
					<row1>	0.0000 1.0000 0.0000 0.0000	</row1>
					<row2>	0.9944 0.0000 0.1054 0.0000	</row2>
					<row3>	-0.9251 0.4569 -5.2684 1.0000	</row3>
				</transform>
			</node>
			<node>
				<identifier>	MP_FM015_Life_Buoy_INDEX_2	</identifier>
				<transform>
					<row0>	0.0000 0.0000 -1.0000 0.0000	</row0>
					<row1>	0.0000 1.0000 0.0000 0.0000	</row1>
					<row2>	1.0000 0.0000 0.0000 0.0000	</row2>
					<row3>	-1.1805 0.6171 -1.0410 1.0000	</row3>
				</transform>
			</node>
			<node>
				<identifier>	MP_FM015_Life_Buoy_INDEX_3	</identifier>
				<transform>
					<row0>	0.0000 0.0000 1.0000 0.0000	</row0>
					<row1>	0.0000 1.0000 0.0000 0.0000	</row1>
					<row2>	-1.0000 0.0000 0.0000 0.0000	</row2>
					<row3>	1.1813 0.6159 -1.0410 1.0000	</row3>
				</transform>
			</node>
			<node>
				<identifier>	MP_FM017_Turtles_box	</identifier>
				<transform>
					<row0>	0.0000 0.0000 1.0000 0.0000	</row0>
					<row1>	0.0000 1.0000 0.0000 0.0000	</row1>
					<row2>	-1.0000 0.0000 0.0000 0.0000	</row2>
					<row3>	-0.6403 0.6082 -1.2443 1.0000	</row3>
				</transform>
			</node>
			<node>
				<identifier>	MP_FM017_Turtles_box_INDEX_1	</identifier>
				<transform>
					<row0>	0.0000 0.0000 1.0000 0.0000	</row0>
					<row1>	0.0000 1.0000 0.0000 0.0000	</row1>
					<row2>	-1.0000 0.0000 0.0000 0.0000	</row2>
					<row3>	-0.7176 0.4470 -2.7743 1.0000	</row3>
				</transform>
			</node>
			<node>
				<identifier>	MP_FM017_Turtles_box_INDEX_2	</identifier>
				<transform>
					<row0>	0.6132 0.0000 0.7899 0.0000	</row0>
					<row1>	0.0000 1.0000 0.0000 0.0000	</row1>
					<row2>	-0.7899 0.0000 0.6132 0.0000	</row2>
					<row3>	-0.6343 0.4031 -4.5754 1.0000	</row3>
				</transform>
			</node>
			<node>
				<identifier>	MP_FM017_Turtles_box_INDEX_3	</identifier>
				<transform>
					<row0>	0.0000 0.0000 1.0000 0.0000	</row0>
					<row1>	0.0000 1.0000 0.0000 0.0000	</row1>
					<row2>	-1.0000 0.0000 0.0000 0.0000	</row2>
					<row3>	-0.2915 0.7352 -2.2155 1.0000	</row3>
				</transform>
			</node>
			<node>
				<identifier>	MP_FM017_Turtles_box_INDEX_4	</identifier>
				<transform>
					<row0>	0.0000 0.0000 -1.0000 0.0000	</row0>
					<row1>	0.0000 1.0000 0.0000 0.0000	</row1>
					<row2>	1.0000 0.0000 0.0000 0.0000	</row2>
					<row3>	0.2915 0.7352 -2.2155 1.0000	</row3>
				</transform>
			</node>
			<node>
				<identifier>	MP_FM017_Turtles_box_INDEX_5	</identifier>
				<transform>
					<row0>	-0.6360 0.0000 -0.7717 0.0000	</row0>
					<row1>	0.0000 1.0000 0.0000 0.0000	</row1>
