<BSC024_Drake_1944_Stern_ports.visual>
	<node>
		<identifier>	Scene Root	</identifier>
		<transform>
			<row0>	1.0000 0.0000 0.0000 0.0000	</row0>
			<row1>	0.0000 1.0000 0.0000 0.0000	</row1>
			<row2>	0.0000 0.0000 1.0000 0.0000	</row2>
			<row3>	0.0000 0.0000 0.0000 1.0000	</row3>
		</transform>
		<node>
			<identifier>	Stern_ports	</identifier>
			<transform>
				<row0>	1.0000 0.0000 0.0000 0.0000	</row0>
				<row1>	0.0000 1.0000 0.0000 0.0000	</row1>
				<row2>	0.0000 0.0000 1.0000 0.0000	</row2>
				<row3>	0.0000 0.0000 0.0000 1.0000	</row3>
			</transform>
			<node>
				<identifier>	HP_BGA_17	</identifier>
				<transform>
					<row0>	-0.7071 0.0000 0.7071 0.0000	</row0>
					<row1>	0.0000 1.0000 0.0000 0.0000	</row1>
					<row2>	-0.7071 0.0000 -0.7071 0.0000	</row2>
					<row3>	-0.1301 0.3456 -6.5857 1.0000	</row3>
				</transform>
			</node>
			<node>
				<identifier>	HP_BGA_18	</identifier>
				<transform>
					<row0>	-0.7071 0.0000 -0.7071 0.0000	</row0>
					<row1>	0.0000 1.0000 0.0000 0.0000	</row1>
					<row2>	0.7071 0.0000 -0.7071 0.0000	</row2>
					<row3>	0.1301 0.3456 -6.5857 1.0000	</row3>
				</transform>
			</node>
			<node>
				<identifier>	HP_BGA_19	</identifier>
				<transform>
					<row0>	-1.0000 0.0000 0.0000 0.0000	</row0>
					<row1>	0.0000 1.0000 0.0000 0.0000	</row1>
					<row2>	0.0000 0.0000 -1.0000 0.0000	</row2>
					<row3>	-0.1301 0.3559 -6.8201 1.0000	</row3>
				</transform>
			</node>
			<node>
				<identifier>	HP_BGA_20	</identifier>
				<transform>
					<row0>	-1.0000 0.0000 0.0000 0.0000	</row0>
					<row1>	0.0000 1.0000 0.0000 0.0000	</row1>
					<row2>	0.0000 0.0000 -1.0000 0.0000	</row2>
					<row3>	0.1301 0.3559 -6.8201 1.0000	</row3>
				</transform>
			</node>
			<node>
				<identifier>	HP_BGM_3	</identifier>
				<transform>
					<row0>	-1.0000 0.0000 0.0000 0.0000	</row0>
					<row1>	0.0000 1.0000 0.0000 0.0000	</row1>
					<row2>	0.0000 0.0000 -1.0000 0.0000	</row2>
					<row3>	0.0000 0.4883 -4.0273 1.0000	</row3>
				</transform>
			</node>
			<node>
				<identifier>	HP_FX_Death_3	</identifier>
				<transform>
					<row0>	1.0000 0.0000 0.0000 0.0000	</row0>
					<row1>	0.0000 1.0000 0.0000 0.0000	</row1>
					<row2>	0.0000 0.0000 1.0000 0.0000	</row2>
					<row3>	0.0000 0.0000 -4.2156 1.0000	</row3>
				</transform>
			</node>
			<node>
				<identifier>	HP_FX_Fire_4	</identifier>
				<transform>
					<row0>	1.0000 0.0000 0.0000 0.0000	</row0>
					<row1>	0.0000 1.0000 0.0000 0.0000	</row1>
					<row2>	0.0000 0.0000 1.0000 0.0000	</row2>
					<row3>	0.0000 0.3166 -5.5882 1.0000	</row3>
				</transform>
			</node>
			<node>
				<identifier>	HP_FX_Flood_steam_right	</identifier>
				<transform>
					<row0>	1.0000 0.0000 0.0000 0.0000	</row0>
					<row1>	0.0000 1.0000 0.0000 0.0000	</row1>
					<row2>	0.0000 0.0000 1.0000 0.0000	</row2>
					<row3>	0.6689 0.2302 -4.1485 1.0000	</row3>
				</transform>
			</node>
			<node>
				<identifier>	HP_FX_Flood_water_left_1	</identifier>
				<transform>
					<row0>	-0.9890 0.0000 -0.1478 0.0000	</row0>
					<row1>	0.0000 1.0000 0.0000 0.0000	</row1>
					<row2>	0.1478 0.0000 -0.9890 0.0000	</row2>
					<row3>	-0.5035 0.0542 -5.1250 1.0000	</row3>
				</transform>
			</node>
			<node>
				<identifier>	HP_FX_Flood_water_right_1	</identifier>
				<transform>
					<row0>	0.9873 0.0000 -0.1587 0.0000	</row0>
					<row1>	0.0000 1.0000 0.0000 0.0000	</row1>
					<row2>	0.1587 0.0000 0.9873 0.0000	</row2>
					<row3>	0.5030 0.0526 -5.1241 1.0000	</row3>
				</transform>
			</node>
			<node>
				<identifier>	HP_FX_RepairLight_left_2	</identifier>
				<transform>
					<row0>	-0.0547 0.0000 0.9985 0.0000	</row0>
					<row1>	-0.0488 0.9988 -0.0027 0.0000	</row1>
					<row2>	-0.9973 -0.0489 -0.0547 0.0000	</row2>
					<row3>	-0.6405 0.3021 -4.5285 1.0000	</row3>
				</transform>
			</node>
			<node>
				<identifier>	HP_FX_RepairLight_right_1	</identifier>
				<transform>
					<row0>	-0.0547 0.0000 -0.9985 0.0000	</row0>
					<row1>	0.0283 0.9996 -0.0015 0.0000	</row1>
					<row2>	0.9981 -0.0283 -0.0547 0.0000	</row2>
					<row3>	0.7001 0.2923 -3.6609 1.0000	</row3>
				</transform>
			</node>
			<node>
				<identifier>	HP_FX_WakeTraceBack	</identifier>
				<transform>
					<row0>	1.0000 0.0000 0.0000 0.0000	</row0>
					<row1>	0.0000 1.0000 0.0000 0.0000	</row1>
					<row2>	0.0000 0.0000 1.0000 0.0000	</row2>
					<row3>	0.0000 0.0000 -7.0098 1.0000	</row3>
				</transform>
			</node>
			<node>
				<identifier>	HP_FX_WakeTrace_screw_1	</identifier>
				<transform>
					<row0>	1.0000 0.0000 0.0000 0.0000	</row0>
					<row1>	0.0000 1.0000 0.0000 0.0000	</row1>
					<row2>	0.0000 0.0000 1.0000 0.0000	</row2>
					<row3>	-0.0003 -0.3044 -6.4145 1.0000	</row3>
				</transform>
			</node>
			<node>
				<identifier>	HP_FX_WakeTrace_screw_2	</identifier>
				<transform>
					<row0>	1.0000 0.0000 0.0000 0.0000	</row0>
					<row1>	0.0000 1.0000 0.0000 0.0000	</row1>
					<row2>	0.0000 0.0000 1.0000 0.0000	</row2>
					<row3>	-0.3336 -0.3044 -5.6841 1.0000	</row3>
				</transform>
			</node>
			<node>
				<identifier>	HP_FX_WakeTrace_screw_3	</identifier>
				<transform>
					<row0>	1.0000 0.0000 0.0000 0.0000	</row0>
					<row1>	0.0000 1.0000 0.0000 0.0000	</row1>
					<row2>	0.0000 0.0000 1.0000 0.0000	</row2>
					<row3>	0.3336 -0.3044 -5.6841 1.0000	</row3>
				</transform>
			</node>
			<node>
				<identifier>	HP_Ship_death_3	</identifier>
				<transform>
					<row0>	1.0000 0.0000 0.0000 0.0000	</row0>
					<row1>	0.0000 1.0000 0.0000 0.0000	</row1>
					<row2>	0.0000 0.0000 1.0000 0.0000	</row2>
					<row3>	0.0000 0.0000 -3.6348 1.0000	</row3>
				</transform>
			</node>
			<node>
				<identifier>	MP_BM001_Paravane	</identifier>
				<transform>
					<row0>	0.0000 -1.0000 0.0000 0.0000	</row0>
					<row1>	0.9659 0.0000 0.2588 0.0000	</row1>
					<row2>	-0.2588 0.0000 0.9659 0.0000	</row2>
					<row3>	0.2569 0.3603 -3.9584 1.0000	</row3>
				</transform>
			</node>
			<node>
				<identifier>	MP_BM001_Paravane_INDEX_1	</identifier>
				<transform>
					<row0>	0.0000 1.0000 0.0000 0.0000	</row0>
					<row1>	-0.9659 0.0000 0.2588 0.0000	</row1>
					<row2>	0.2588 0.0000 0.9659 0.0000	</row2>
					<row3>	-0.2569 0.3603 -3.9584 1.0000	</row3>
				</transform>
			</node>
			<node>
				<identifier>	MP_BM003_Night_lifebuoy	</identifier>
				<transform>
					<row0>	0.8675 0.4724 -0.1559 0.0000	</row0>
					<row1>	-0.4638 0.8814 0.0901 0.0000	</row1>
					<row2>	0.1799 -0.0059 0.9837 0.0000	</row2>
					<row3>	0.4143 0.3717 -6.0597 1.0000	</row3>
				</transform>
			</node>
			<node>
				<identifier>	MP_BM003_Night_lifebuoy_INDEX_1	</identifier>
				<transform>
					<row0>	-0.8675 0.4724 -0.1559 0.0000	</row0>
					<row1>	0.4638 0.8814 0.0901 0.0000	</row1>
					<row2>	0.1799 0.0059 -0.9837 0.0000	</row2>
					<row3>	-0.4143 0.3717 -6.0597 1.0000	</row3>
				</transform>
			</node>
			<node>
				<identifier>	MP_BM004_Reels	</identifier>
				<transform>
					<row0>	-0.0396 0.0000 -0.8261 0.0000	</row0>
					<row1>	0.0000 0.8270 0.0000 0.0000	</row1>
					<row2>	0.8261 0.0000 -0.0396 0.0000	</row2>
					<row3>	0.6079 0.2952 -4.3708 1.0000	</row3>
				</transform>
			</node>
			<node>
				<identifier>	MP_BM004_Reels_INDEX_1	</identifier>
				<transform>
					<row0>	-0.0396 0.0000 -0.8261 0.0000	</row0>
					<row1>	0.0000 0.8270 0.0000 0.0000	</row1>
					<row2>	0.8261 0.0000 -0.0396 0.0000	</row2>
					<row3>	0.6534 0.2952 -3.7620 1.0000	</row3>
				</transform>
			</node>
			<node>
				<identifier>	MP_BM004_Reels_INDEX_2	</identifier>
				<transform>
					<row0>	-0.0396 0.0000 0.8261 0.0000	</row0>
					<row1>	0.0000 0.8270 0.0000 0.0000	</row1>
					<row2>	-0.8261 0.0000 -0.0396 0.0000	</row2>
					<row3>	-0.6079 0.2952 -4.3708 1.0000	</row3>
				</transform>
			</node>
			<node>
				<identifier>	MP_BM004_Reels_INDEX_3	</identifier>
				<transform>
					<row0>	-0.0396 0.0000 0.8261 0.0000	</row0>
					<row1>	0.0000 0.8270 0.0000 0.0000	</row1>
					<row2>	-0.8261 0.0000 -0.0396 0.0000	</row2>
					<row3>	-0.6531 0.2952 -3.7681 1.0000	</row3>
				</transform>
			</node>
			<node>
				<identifier>	MP_BM019_Reels_1	</identifier>
				<transform>
					<row0>	0.8959 0.0000 0.4442 0.0000	</row0>
					<row1>	0.4442 0.0000 -0.8959 0.0000	</row1>
					<row2>	0.0000 1.0000 0.0000 0.0000	</row2>
					<row3>	0.1069 0.3822 -4.2639 1.0000	</row3>
				</transform>
			</node>
			<node>
				<identifier>	MP_BM019_Reels_1_INDEX_1	</identifier>
				<transform>
					<row0>	0.8959 0.0000 -0.4442 0.0000	</row0>
					<row1>	-0.4442 0.0000 -0.8959 0.0000	</row1>
					<row2>	0.0000 1.0000 0.0000 0.0000	</row2>
					<row3>	-0.1076 0.3822 -4.2636 1.0000	</row3>
				</transform>
			</node>
			<node>
				<identifier>	MP_BM019_Reels_1_INDEX_2	</identifier>
				<transform>
					<row0>	-1.0000 0.0000 0.0000 0.0000	</row0>
					<row1>	0.0000 1.0000 0.0000 0.0000	</row1>
					<row2>	0.0000 0.0000 -1.0000 0.0000	</row2>
					<row3>	0.1398 0.2980 -5.1296 1.0000	</row3>
				</transform>
			</node>
			<node>
				<identifier>	MP_BM019_Reels_1_INDEX_3	</identifier>
				<transform>
					<row0>	-1.0000 0.0000 0.0000 0.0000	</row0>
					<row1>	0.0000 1.0000 0.0000 0.0000	</row1>
					<row2>	0.0000 0.0000 -1.0000 0.0000	</row2>
					<row3>	-0.1398 0.2980 -5.1296 1.0000	</row3>
				</transform>
			</node>
			<node>
				<identifier>	MP_BM519_Motor_Whaler_27ft	</identifier>
				<transform>
					<row0>	0.9974 0.0000 0.0714 0.0000	</row0>
					<row1>	0.0000 1.0000 0.0000 0.0000	</row1>
					<row2>	-0.0714 0.0000 0.9974 0.0000	</row2>
					<row3>	-0.5963 0.3093 -4.0646 1.0000	</row3>
				</transform>
			</node>
			<node>
				<identifier>	MP_BM519_Motor_Whaler_27ft_INDEX_1	</identifier>
				<transform>
					<row0>	0.9974 0.0000 -0.0714 0.0000	</row0>
					<row1>	0.0000 1.0000 0.0000 0.0000	</row1>
					<row2>	0.0714 0.0000 0.9974 0.0000	</row2>
					<row3>	0.5963 0.3093 -4.0646 1.0000	</row3>
				</transform>
			</node>
			<node>
				<identifier>	MP_BM527_Liferaft_type_20_8ft	</identifier>
				<transform>
					<row0>	1.0000 0.0000 0.0000 0.0000	</row0>
					<row1>	0.0000 0.0000 1.0000 0.0000	</row1>
					<row2>	0.0000 -1.0000 0.0000 0.0000	</row2>
					<row3>	0.1011 0.4270 -6.3733 1.0000	</row3>
				</transform>
			</node>
			<node>
				<identifier>	MP_BM527_Liferaft_type_20_8ft_INDEX_1	</identifier>
				<transform>
					<row0>	1.0000 0.0000 0.0000 0.0000	</row0>
					<row1>	0.0000 0.0000 1.0000 0.0000	</row1>
					<row2>	0.0000 -1.0000 0.0000 0.0000	</row2>
					<row3>	-0.1011 0.4270 -6.3733 1.0000	</row3>
				</transform>
			</node>
			<node>
				<identifier>	MP_BM542_Liferaft_type_20_8ft	</identifier>
				<transform>
					<row0>	1.0000 0.0000 0.0000 0.0000	</row0>
					<row1>	0.0000 0.0000 1.0000 0.0000	</row1>
					<row2>	0.0000 -1.0000 0.0000 0.0000	</row2>
					<row3>	0.0000 0.4270 -6.3771 1.0000	</row3>
				</transform>
			</node>
			<node>
				<identifier>	MP_BM611_Telephone	</identifier>
				<transform>
					<row0>	1.0000 0.0000 0.0000 0.0000	</row0>
					<row1>	0.0000 1.0000 0.0000 0.0000	</row1>
					<row2>	0.0000 0.0000 1.0000 0.0000	</row2>
					<row3>	-0.0905 0.4418 -6.3781 1.0000	</row3>
				</transform>
			</node>
			<node>
				<identifier>	MP_BM611_Telephone_INDEX_1	</identifier>
				<transform>
					<row0>	1.0000 0.0000 0.0000 0.0000	</row0>
					<row1>	0.0000 1.0000 0.0000 0.0000	</row1>
					<row2>	0.0000 0.0000 1.0000 0.0000	</row2>
					<row3>	-0.0699 0.4418 -6.3781 1.0000	</row3>
				</transform>
			</node>
			<node>
				<identifier>	MP_BM624_Speaker	</identifier>
				<transform>
					<row0>	0.7000 0.0000 0.0000 0.0000	</row0>
					<row1>	0.0000 0.7000 0.0000 0.0000	</row1>
					<row2>	0.0000 0.0000 0.7000 0.0000	</row2>
					<row3>	0.0000 0.4687 -4.3029 1.0000	</row3>
				</transform>
			</node>
			<node>
				<identifier>	MP_BM706_Ammunition_Box	</identifier>
				<transform>
					<row0>	1.0000 0.0000 0.0000 0.0000	</row0>
					<row1>	0.0000 0.9990 0.0442 0.0000	</row1>
					<row2>	0.0000 -0.0442 0.9990 0.0000	</row2>
					<row3>	0.1059 0.3649 -7.0036 1.0000	</row3>
				</transform>
			</node>
			<node>
				<identifier>	MP_BM706_Ammunition_Box_INDEX_1	</identifier>
				<transform>
					<row0>	-0.2265 -0.0414 0.9731 0.0000	</row0>
					<row1>	-0.0094 0.9991 0.0403 0.0000	</row1>
					<row2>	-0.9740 0.0000 -0.2267 0.0000	</row2>
					<row3>	-0.2916 0.3429 -6.4982 1.0000	</row3>
				</transform>
			</node>
			<node>
				<identifier>	MP_BM706_Ammunition_Box_INDEX_2	</identifier>
				<transform>
					<row0>	1.0000 0.0000 0.0000 0.0000	</row0>
					<row1>	0.0000 0.9990 0.0442 0.0000	</row1>
					<row2>	0.0000 -0.0442 0.9990 0.0000	</row2>
					<row3>	-0.1059 0.3649 -7.0036 1.0000	</row3>
				</transform>
			</node>
			<node>
				<identifier>	MP_BM706_Ammunition_Box_INDEX_3	</identifier>
				<transform>
					<row0>	-0.2265 0.0414 -0.9731 0.0000	</row0>
					<row1>	0.0094 0.9991 0.0403 0.0000	</row1>
					<row2>	0.9740 0.0000 -0.2267 0.0000	</row2>
					<row3>	0.2916 0.3429 -6.4982 1.0000	</row3>
				</transform>
			</node>
			<node>
				<identifier>	MP_BM752_Deck_Hatch	</identifier>
				<transform>
					<row0>	0.0000 0.0000 -1.0000 0.0000	</row0>
					<row1>	0.0000 1.0000 0.0000 0.0000	</row1>
					<row2>	1.0000 0.0000 0.0000 0.0000	</row2>
					<row3>	-0.2618 0.3024 -4.8899 1.0000	</row3>
				</transform>
			</node>
			<node>
				<identifier>	MP_BM752_Deck_Hatch_INDEX_1	</identifier>
				<transform>
					<row0>	0.0000 0.0000 -1.0000 0.0000	</row0>
					<row1>	0.0000 1.0000 0.0000 0.0000	</row1>
					<row2>	1.0000 0.0000 0.0000 0.0000	</row2>
					<row3>	-0.1340 0.3209 -5.7813 1.0000	</row3>
				</transform>
			</node>
			<node>
				<identifier>	MP_BM752_Deck_Hatch_INDEX_2	</identifier>
				<transform>
					<row0>	0.0000 0.0000 1.0000 0.0000	</row0>
					<row1>	0.0000 1.0000 0.0000 0.0000	</row1>
					<row2>	-1.0000 0.0000 0.0000 0.0000	</row2>
					<row3>	0.1318 0.3290 -6.1084 1.0000	</row3>
				</transform>
			</node>
			<node>
				<identifier>	MP_BM752_Deck_Hatch_INDEX_3	</identifier>
				<transform>
					<row0>	-1.0000 0.0000 0.0000 0.0000	</row0>
					<row1>	0.0000 1.0000 0.0000 0.0000	</row1>
					<row2>	0.0000 0.0000 -1.0000 0.0000	</row2>
					<row3>	0.0017 0.3428 -6.4324 1.0000	</row3>
				</transform>
			</node>
			<node>
				<identifier>	MP_BM752_Deck_Hatch_INDEX_4	</identifier>
				<transform>
					<row0>	0.0000 0.0000 1.0000 0.0000	</row0>
					<row1>	0.0000 1.0000 0.0000 0.0000	</row1>
					<row2>	-1.0000 0.0000 0.0000 0.0000	</row2>
					<row3>	0.2006 0.3070 -5.2131 1.0000	</row3>
				</transform>
			</node>
			<node>
				<identifier>	MP_BM757_Hatch	</identifier>
				<transform>
					<row0>	1.0000 0.0000 0.0000 0.0000	</row0>
					<row1>	0.0000 1.0000 0.0000 0.0000	</row1>
					<row2>	0.0000 0.0000 1.0000 0.0000	</row2>
					<row3>	0.0520 0.2971 -4.6772 1.0000	</row3>
				</transform>
			</node>
			<node>
				<identifier>	MP_BM763_Hatch	</identifier>
				<transform>
					<row0>	0.0000 0.0000 1.0000 0.0000	</row0>
					<row1>	0.0000 1.0000 0.0000 0.0000	</row1>
					<row2>	-1.0000 0.0000 0.0000 0.0000	</row2>
					<row3>	0.0412 0.2957 -5.1089 1.0000	</row3>
				</transform>
			</node>
			<node>
				<identifier>	MP_BM763_Hatch_INDEX_1	</identifier>
				<transform>
					<row0>	0.0000 0.0000 1.0000 0.0000	</row0>
					<row1>	0.0000 1.0000 0.0000 0.0000	</row1>
					<row2>	-1.0000 0.0000 0.0000 0.0000	</row2>
					<row3>	0.0412 0.3150 -5.8486 1.0000	</row3>
				</transform>
			</node>
			<node>
				<identifier>	MP_BM763_Hatch_INDEX_2	</identifier>
				<transform>
					<row0>	0.0000 0.0000 -1.0000 0.0000	</row0>
					<row1>	0.0000 1.0000 0.0000 0.0000	</row1>
					<row2>	1.0000 0.0000 0.0000 0.0000	</row2>
					<row3>	-0.0412 0.3150 -5.8486 1.0000	</row3>
				</transform>
			</node>
			<node>
				<identifier>	MP_BM763_Hatch_INDEX_3	</identifier>
				<transform>
					<row0>	0.0000 0.0000 -1.0000 0.0000	</row0>
					<row1>	0.0000 1.0000 0.0000 0.0000	</row1>
					<row2>	1.0000 0.0000 0.0000 0.0000	</row2>
					<row3>	-0.0412 0.2957 -5.1089 1.0000	</row3>
				</transform>
			</node>
			<node>
				<identifier>	MP_BM801_Ventilators_mushroom	</identifier>
				<transform>
					<row0>	-1.0000 0.0000 0.0000 0.0000	</row0>
					<row1>	0.0000 1.0000 0.0000 0.0000	</row1>
					<row2>	0.0000 0.0000 -1.0000 0.0000	</row2>
					<row3>	-0.0365 0.2941 -4.3270 1.0000	</row3>
				</transform>
			</node>
			<node>
				<identifier>	MP_BM801_Ventilators_mushroom_INDEX_1	</identifier>
				<transform>
					<row0>	-1.0000 0.0000 0.0000 0.0000	</row0>
					<row1>	0.0000 1.0000 0.0000 0.0000	</row1>
					<row2>	0.0000 0.0000 -1.0000 0.0000	</row2>
					<row3>	0.0322 0.2941 -4.3353 1.0000	</row3>
				</transform>
			</node>
			<node>
				<identifier>	MP_BM801_Ventilators_mushroom_INDEX_2	</identifier>
				<transform>
					<row0>	-1.0000 0.0000 0.0000 0.0000	</row0>
					<row1>	0.0000 1.0000 0.0000 0.0000	</row1>
					<row2>	0.0000 0.0000 -1.0000 0.0000	</row2>
					<row3>	0.0322 0.2986 -5.2062 1.0000	</row3>
				</transform>
			</node>
			<node>
				<identifier>	MP_BM801_Ventilators_mushroom_INDEX_3	</identifier>
				<transform>
					<row0>	-1.0000 0.0000 0.0000 0.0000	</row0>
					<row1>	0.0000 1.0000 0.0000 0.0000	</row1>
					<row2>	0.0000 0.0000 -1.0000 0.0000	</row2>
					<row3>	-0.0365 0.2986 -5.1978 1.0000	</row3>
				</transform>
			</node>
			<node>
				<identifier>	MP_BM801_Ventilators_mushroom_INDEX_4	</identifier>
				<transform>
					<row0>	-1.0000 0.0000 0.0000 0.0000	</row0>
					<row1>	0.0000 1.0000 0.0000 0.0000	</row1>
					<row2>	0.0000 0.0000 -1.0000 0.0000	</row2>
					<row3>	-0.2583 0.2994 -5.1223 1.0000	</row3>
				</transform>
			</node>
			<node>
				<identifier>	MP_BM801_Ventilators_mushroom_INDEX_5	</identifier>
				<transform>
					<row0>	-1.0000 0.0000 0.0000 0.0000	</row0>
					<row1>	0.0000 1.0000 0.0000 0.0000	</row1>
					<row2>	0.0000 0.0000 -1.0000 0.0000	</row2>
					<row3>	0.1172 0.3371 -6.4143 1.0000	</row3>
				</transform>
			</node>
			<node>
				<identifier>	MP_BM801_Ventilators_mushroom_INDEX_6	</identifier>
				<transform>
					<row0>	-1.0000 0.0000 0.0000 0.0000	</row0>
					<row1>	0.0000 1.0000 0.0000 0.0000	</row1>
					<row2>	0.0000 0.0000 -1.0000 0.0000	</row2>
					<row3>	-0.1172 0.3371 -6.4143 1.0000	</row3>
				</transform>
			</node>
			<node>
				<identifier>	MP_BM857_Fog_Light	</identifier>
				<transform>
					<row0>	-1.0000 0.0000 0.0000 0.0000	</row0>
					<row1>	0.0000 1.0000 0.0000 0.0000	</row1>
					<row2>	0.0000 0.0000 -1.0000 0.0000	</row2>
					<row3>	-0.0340 0.4124 -7.0324 1.0000	</row3>
				</transform>
			</node>
			<node>
				<identifier>	MP_BM858_Signal_Lamp	</identifier>
				<transform>
					<row0>	0.9934 0.0000 0.0000 0.0000	</row0>
					<row1>	0.0000 0.9934 0.0000 0.0000	</row1>
					<row2>	0.0000 0.0000 0.9934 0.0000	</row2>
					<row3>	0.0174 0.9392 -7.0341 1.0000	</row3>
				</transform>
			</node>
			<node>
				<identifier>	MP_BM868_Screened_speed_light	</identifier>
				<transform>
					<row0>	0.7425 0.0000 0.0000 0.0000	</row0>
					<row1>	0.0000 0.7425 0.0000 0.0000	</row1>
					<row2>	0.0000 0.0000 0.7425 0.0000	</row2>
					<row3>	0.0000 0.4969 -7.0461 1.0000	</row3>
				</transform>
			</node>
			<node>
				<identifier>	MP_BM877_Running_Lights_B	</identifier>
				<transform>
					<row0>	1.0000 0.0000 0.0000 0.0000	</row0>
					<row1>	0.0000 1.0000 0.0000 0.0000	</row1>
					<row2>	0.0000 0.0000 1.0000 0.0000	</row2>
					<row3>	0.0002 0.5606 -7.0474 1.0000	</row3>
				</transform>
			</node>
			<node>
				<identifier>	MP_BM952_Bollard	</identifier>
				<transform>
					<row0>	0.9892 0.0024 -0.1467 0.0000	</row0>
					<row1>	0.0000 0.9999 0.0162 0.0000	</row1>
					<row2>	0.1468 -0.0161 0.9890 0.0000	</row2>
					<row3>	0.5006 0.3056 -5.1612 1.0000	</row3>
				</transform>
			</node>
			<node>
				<identifier>	MP_BM952_Bollard_INDEX_1	</identifier>
				<transform>
					<row0>	0.9802 0.0073 -0.1980 0.0000	</row0>
					<row1>	0.0000 0.9993 0.0368 0.0000	</row1>
					<row2>	0.1981 -0.0361 0.9795 0.0000	</row2>
					<row3>	0.3030 0.3384 -6.3012 1.0000	</row3>
				</transform>
			</node>
			<node>
				<identifier>	MP_BM952_Bollard_INDEX_2	</identifier>
				<transform>
					<row0>	0.9802 -0.0073 0.1980 0.0000	</row0>
					<row1>	0.0000 0.9993 0.0368 0.0000	</row1>
					<row2>	-0.1981 -0.0361 0.9795 0.0000	</row2>
					<row3>	-0.3030 0.3384 -6.3012 1.0000	</row3>
				</transform>
			</node>
			<node>
				<identifier>	MP_BM952_Bollard_INDEX_3	</identifier>
				<transform>
					<row0>	0.9892 -0.0024 0.1467 0.0000	</row0>
					<row1>	0.0000 0.9999 0.0162 0.0000	</row1>
					<row2>	-0.1468 -0.0161 0.9890 0.0000	</row2>
					<row3>	-0.5006 0.3056 -5.1612 1.0000	</row3>
				</transform>
			</node>
			<node>
				<identifier>	MP_BM963_Anchor_Capstan_Stern	</identifier>
				<transform>
					<row0>	1.0000 0.0000 0.0000 0.0000	</row0>
					<row1>	0.0000 1.0000 0.0000 0.0000	</row1>
					<row2>	0.0000 0.0000 1.0000 0.0000	</row2>
					<row3>	0.0000 0.3369 -6.1803 1.0000	</row3>
				</transform>
			</node>
			<node>
				<identifier>	MP_BM965_3ton_electrik_winch_L	</identifier>
				<transform>
					<row0>	-1.0000 0.0000 0.0000 0.0000	</row0>
					<row1>	0.0000 1.0000 0.0000 0.0000	</row1>
					<row2>	0.0000 0.0000 -1.0000 0.0000	</row2>
					<row3>	0.0000 0.2962 -4.9105 1.0000	</row3>
				</transform>
			</node>
			<node>
				<identifier>	MP_CM001_Propeller3_L	</identifier>
				<transform>
					<row0>	1.1410 -0.0011 0.0000 0.0000	</row0>
					<row1>	0.0011 1.1407 -0.0266 0.0000	</row1>
					<row2>	0.0000 0.0266 1.1407 0.0000	</row2>
					<row3>	-0.0003 -0.3044 -6.4145 1.0000	</row3>
				</transform>
			</node>
			<node>
				<identifier>	MP_CM001_Propeller3_L_INDEX_1	</identifier>
				<transform>
					<row0>	1.1405 0.0112 -0.0317 0.0000	</row0>
					<row1>	-0.0120 1.1406 -0.0277 0.0000	</row1>
					<row2>	0.0314 0.0280 1.1402 0.0000	</row2>
					<row3>	-0.3336 -0.3044 -5.6841 1.0000	</row3>
				</transform>
			</node>
			<node>
				<identifier>	MP_CM011_Fire_Fighting_Gear	</identifier>
				<transform>
					<row0>	0.7071 0.0000 -0.7071 0.0000	</row0>
					<row1>	0.0000 1.0000 0.0000 0.0000	</row1>
					<row2>	0.7071 0.0000 0.7071 0.0000	</row2>
					<row3>	-0.1902 0.2971 -4.2433 1.0000	</row3>
				</transform>
			</node>
			<node>
				<identifier>	MP_CM011_Fire_Fighting_Gear_INDEX_1	</identifier>
				<transform>
					<row0>	0.7071 0.0000 0.7071 0.0000	</row0>
					<row1>	0.0000 1.0000 0.0000 0.0000	</row1>
					<row2>	-0.7071 0.0000 0.7071 0.0000	</row2>
					<row3>	0.1889 0.2971 -4.2438 1.0000	</row3>
				</transform>
			</node>
			<node>
				<identifier>	MP_CM011_Fire_Fighting_Gear_INDEX_2	</identifier>
				<transform>
					<row0>	1.0000 0.0000 0.0000 0.0000	</row0>
					<row1>	0.0000 1.0000 0.0000 0.0000	</row1>
					<row2>	0.0000 0.0000 1.0000 0.0000	</row2>
					<row3>	0.0706 0.3412 -6.4083 1.0000	</row3>
				</transform>
			</node>
			<node>
				<identifier>	MP_CM013_Fire_Hose_Rack_2	</identifier>
				<transform>
					<row0>	-0.6523 0.0000 0.7580 0.0000	</row0>
					<row1>	0.0000 1.0000 0.0000 0.0000	</row1>
					<row2>	-0.7580 0.0000 -0.6523 0.0000	</row2>
					<row3>	0.1708 0.3760 -4.2297 1.0000	</row3>
				</transform>
			</node>
			<node>
				<identifier>	MP_CM013_Fire_Hose_Rack_2_INDEX_1	</identifier>
				<transform>
					<row0>	0.6523 0.0000 0.7580 0.0000	</row0>
					<row1>	0.0000 1.0000 0.0000 0.0000	</row1>
					<row2>	-0.7580 0.0000 0.6523 0.0000	</row2>
					<row3>	-0.1708 0.3760 -4.2297 1.0000	</row3>
				</transform>
			</node>
			<node>
				<identifier>	MP_CM013_Fire_Hose_Rack_2_INDEX_2	</identifier>
				<transform>
					<row0>	0.0000 0.0000 1.0000 0.0000	</row0>
					<row1>	0.0000 1.0000 0.0000 0.0000	</row1>
					<row2>	-1.0000 0.0000 0.0000 0.0000	</row2>
					<row3>	0.0812 0.4142 -6.3782 1.0000	</row3>
				</transform>
			</node>
			<node>
				<identifier>	MP_CM028_Swab_Rack	</identifier>
				<transform>
					<row0>	-1.0000 0.0000 -0.0017 0.0000	</row0>
					<row1>	0.0000 1.0000 0.0000 0.0000	</row1>
					<row2>	0.0017 0.0000 -1.0000 0.0000	</row2>
					<row3>	0.0000 0.2947 -3.7596 1.0000	</row3>
				</transform>
			</node>
			<node>
				<identifier>	MP_CM032_Propeller3_R	</identifier>
				<transform>
					<row0>	1.1405 -0.0112 0.0317 0.0000	</row0>
					<row1>	0.0120 1.1406 -0.0277 0.0000	</row1>
					<row2>	-0.0314 0.0280 1.1402 0.0000	</row2>
					<row3>	0.3336 -0.3044 -5.6841 1.0000	</row3>
				</transform>
			</node>
			<node>
				<identifier>	MP_CM079_Fender	</identifier>
				<transform>
					<row0>	1.0000 0.0000 0.0000 0.0000	</row0>
					<row1>	0.0000 0.0000 -1.0000 0.0000	</row1>
					<row2>	0.0000 1.0000 0.0000 0.0000	</row2>
					<row3>	0.0538 0.3116 -5.5697 1.0000	</row3>
				</transform>
			</node>
			<node>
				<identifier>	MP_CM079_Fender_INDEX_1	</identifier>
				<transform>
					<row0>	1.0000 0.0000 0.0000 0.0000	</row0>
					<row1>	0.0000 0.0000 -1.0000 0.0000	</row1>
					<row2>	0.0000 1.0000 0.0000 0.0000	</row2>
					<row3>	0.0538 0.3101 -5.5130 1.0000	</row3>
				</transform>
			</node>
			<node>
				<identifier>	MP_CM079_Fender_INDEX_2	</identifier>
				<transform>
					<row0>	1.0000 0.0000 0.0000 0.0000	</row0>
					<row1>	0.0000 0.0000 -1.0000 0.0000	</row1>
					<row2>	0.0000 1.0000 0.0000 0.0000	</row2>
					<row3>	-0.0538 0.3116 -5.5697 1.0000	</row3>
				</transform>
			</node>
			<node>
				<identifier>	MP_CM079_Fender_INDEX_3	</identifier>
				<transform>
					<row0>	1.0000 0.0000 0.0000 0.0000	</row0>
					<row1>	0.0000 0.0000 -1.0000 0.0000	</row1>
					<row2>	0.0000 1.0000 0.0000 0.0000	</row2>
					<row3>	-0.0538 0.3101 -5.5130 1.0000	</row3>
				</transform>
			</node>
			<node>
				<identifier>	MP_CM104_Life_Buoy	</identifier>
				<transform>
					<row0>	0.1101 0.0000 0.9939 0.0000	</row0>
					<row1>	0.0000 1.0000 0.0000 0.0000	</row1>
					<row2>	-0.9939 0.0000 0.1101 0.0000	</row2>
					<row3>	0.6169 0.3667 -4.7177 1.0000	</row3>
				</transform>
			</node>
			<node>
				<identifier>	MP_CM104_Life_Buoy_INDEX_1	</identifier>
				<transform>
					<row0>	0.1676 0.0000 0.9859 0.0000	</row0>
					<row1>	0.0000 1.0000 0.0000 0.0000	</row1>
					<row2>	-0.9859 0.0000 0.1676 0.0000	</row2>
					<row3>	0.4949 0.3811 -5.5717 1.0000	</row3>
				</transform>
			</node>
			<node>
				<identifier>	MP_CM104_Life_Buoy_INDEX_2	</identifier>
				<transform>
					<row0>	0.1101 0.0000 -0.9939 0.0000	</row0>
					<row1>	0.0000 1.0000 0.0000 0.0000	</row1>
					<row2>	0.9939 0.0000 0.1101 0.0000	</row2>
					<row3>	-0.6169 0.3667 -4.7177 1.0000	</row3>
				</transform>
			</node>
			<node>
				<identifier>	MP_CM104_Life_Buoy_INDEX_3	</identifier>
				<transform>
					<row0>	0.1676 0.0000 -0.9859 0.0000	</row0>
					<row1>	0.0000 1.0000 0.0000 0.0000	</row1>
					<row2>	0.9859 0.0000 0.1676 0.0000	</row2>
					<row3>	-0.4949 0.3811 -5.5717 1.0000	</row3>
				</transform>
			</node>
			<node>
				<identifier>	MP_CM109_Leadsman_Platform	</identifier>
				<transform>
					<row0>	0.1457 -0.9893 -0.0083 0.0000	</row0>
					<row1>	0.9862 0.1459 -0.0778 0.0000	</row1>
					<row2>	0.0782 0.0032 0.9969 0.0000	</row2>
					<row3>	0.6512 0.2932 -4.4740 1.0000	</row3>
				</transform>
			</node>
			<node>
				<identifier>	MP_CM109_Leadsman_Platform_INDEX_1	</identifier>
				<transform>
					<row0>	-0.1457 -0.9893 -0.0083 0.0000	</row0>
					<row1>	-0.9862 0.1459 -0.0778 0.0000	</row1>
					<row2>	0.0782 -0.0032 -0.9969 0.0000	</row2>
					<row3>	-0.6512 0.2932 -4.4740 1.0000	</row3>
				</transform>
			</node>
			<node>
				<identifier>	SP_YMS011_YHWL_M_1_INDEX_11	</identifier>
				<transform>
					<row0>	0.9953 0.3505 0.1199 0.0000	</row0>
					<row1>	-0.3480 1.0025 -0.0418 0.0000	</row1>
					<row2>	-0.1270 -0.0001 1.0544 0.0000	</row2>
					<row3>	-0.6267 0.0000 -4.2930 1.0000	</row3>
				</transform>
			</node>
			<node>
				<identifier>	SP_YMS011_YHWL_M_1_INDEX_12	</identifier>
				<transform>
					<row0>	0.9671 0.4013 0.1776 0.0000	</row0>
					<row1>	-0.3940 0.9833 -0.0758 0.0000	</row1>
					<row2>	-0.1931 0.0032 1.0443 0.0000	</row2>
					<row3>	-0.4794 0.0000 -5.1862 1.0000	</row3>
				</transform>
			</node>
			<node>
				<identifier>	SP_YMS011_YHWL_M_1_INDEX_13	</identifier>
				<transform>
					<row0>	0.9169 0.5006 0.1914 0.0000	</row0>
					<row1>	-0.4900 0.9367 -0.1026 0.0000	</row1>
					<row2>	-0.2172 0.0003 1.0396 0.0000	</row2>
					<row3>	-0.3055 0.0000 -6.0713 1.0000	</row3>
				</transform>
			</node>
			<node>
				<identifier>	SP_YMS012_YHWR_M_1_INDEX_11	</identifier>
				<transform>
					<row0>	0.9953 -0.3505 -0.1199 0.0000	</row0>
					<row1>	0.3480 1.0025 -0.0418 0.0000	</row1>
					<row2>	0.1270 -0.0001 1.0544 0.0000	</row2>
					<row3>	0.6267 0.0000 -4.2930 1.0000	</row3>
				</transform>
			</node>
			<node>
				<identifier>	SP_YMS012_YHWR_M_1_INDEX_12	</identifier>
				<transform>
					<row0>	0.9671 -0.4013 -0.1776 0.0000	</row0>
					<row1>	0.3940 0.9833 -0.0758 0.0000	</row1>
					<row2>	0.1931 0.0032 1.0443 0.0000	</row2>
					<row3>	0.4794 0.0000 -5.1862 1.0000	</row3>
				</transform>
			</node>
			<node>
				<identifier>	SP_YMS012_YHWR_M_1_INDEX_13	</identifier>
				<transform>
					<row0>	0.9169 -0.5006 -0.1914 0.0000	</row0>
					<row1>	0.4900 0.9367 -0.1026 0.0000	</row1>
					<row2>	0.2172 0.0003 1.0396 0.0000	</row2>
					<row3>	0.3055 0.0000 -6.0713 1.0000	</row3>
				</transform>
			</node>
			<node>
				<identifier>	SP_YMS030_YHAM_M_1	</identifier>
				<transform>
					<row0>	0.5599 0.0000 0.0000 0.0000	</row0>
					<row1>	0.0000 0.5599 0.0000 0.0000	</row1>
					<row2>	0.0000 0.0000 0.5599 0.0000	</row2>
					<row3>	0.0000 0.2231 -7.1178 1.0000	</row3>
				</transform>
			</node>
			<node>
				<identifier>	SP_YMS031_YHAL_M_1	</identifier>
				<transform>
					<row0>	0.8493 0.1141 0.1746 0.0000	</row0>
					<row1>	-0.1118 0.8670 -0.0230 0.0000	</row1>
					<row2>	-0.1761 0.0000 0.8566 0.0000	</row2>
					<row3>	-0.2292 0.2018 -6.8413 1.0000	</row3>
				</transform>
			</node>
			<node>
				<identifier>	SP_YMS032_YHAR_M_1	</identifier>
				<transform>
					<row0>	0.8597 0.0000 -0.1604 0.0000	</row0>
					<row1>	0.0000 0.8745 0.0000 0.0000	</row1>
					<row2>	0.1604 0.0000 0.8597 0.0000	</row2>
					<row3>	0.2377 0.2018 -6.8413 1.0000	</row3>
				</transform>
			</node>
			<node>
				<identifier>	SP_YMS053_YHDC_S_1_INDEX_2	</identifier>
				<transform>
					<row0>	1.0000 0.0000 0.0000 0.0000	</row0>
					<row1>	0.0000 0.9997 0.0242 0.0000	</row1>
					<row2>	0.0000 -0.0242 0.9997 0.0000	</row2>
					<row3>	-0.2662 0.3226 -5.3680 1.0000	</row3>
				</transform>
			</node>
			<node>
				<identifier>	SP_YMS053_YHDC_S_1_INDEX_3	</identifier>
				<transform>
					<row0>	1.0000 0.0000 0.0000 0.0000	</row0>
					<row1>	0.0000 0.9997 0.0242 0.0000	</row1>
					<row2>	0.0000 -0.0242 0.9997 0.0000	</row2>
					<row3>	0.2662 0.3226 -5.3680 1.0000	</row3>
				</transform>
			</node>
			<node>
				<identifier>	SP_YMS071_YHHC_S_1_INDEX_4	</identifier>
				<transform>
					<row0>	-0.0802 0.9968 -0.0066 0.0000	</row0>
					<row1>	-0.9935 -0.0805 -0.0810 0.0000	</row1>
					<row2>	-0.0812 0.0000 0.9967 0.0000	</row2>
					<row3>	-0.6944 0.1991 -3.8986 1.0000	</row3>
				</transform>
			</node>
			<node>
				<identifier>	SP_YMS071_YHHC_S_1_INDEX_5	</identifier>
				<transform>
					<row0>	-0.0802 -0.9968 0.0066 0.0000	</row0>
					<row1>	0.9935 -0.0805 -0.0810 0.0000	</row1>
					<row2>	0.0812 0.0000 0.9967 0.0000	</row2>
					<row3>	0.6944 0.1991 -3.8986 1.0000	</row3>
				</transform>
			</node>
			<node>
				<identifier>	SP_YMS071_YHHC_S_1_INDEX_6	</identifier>
				<transform>
					<row0>	-0.1787 0.9839 -0.0084 0.0000	</row0>
					<row1>	-0.9771 -0.1785 -0.1160 0.0000	</row1>
					<row2>	-0.1156 -0.0125 0.9932 0.0000	</row2>
					<row3>	-0.6312 0.1989 -4.5862 1.0000	</row3>
				</transform>
			</node>
			<node>
				<identifier>	SP_YMS071_YHHC_S_1_INDEX_7	</identifier>
				<transform>
					<row0>	-0.1787 -0.9839 0.0084 0.0000	</row0>
					<row1>	0.9771 -0.1785 -0.1160 0.0000	</row1>
					<row2>	0.1156 -0.0125 0.9932 0.0000	</row2>
					<row3>	0.6312 0.1989 -4.5862 1.0000	</row3>
				</transform>
			</node>
			<node>
				<identifier>	SP_YMS071_YHHC_S_1_INDEX_8	</identifier>
				<transform>
					<row0>	-0.2409 0.9703 -0.0229 0.0000	</row0>
					<row1>	-0.9591 -0.2416 -0.1475 0.0000	</row1>
					<row2>	-0.1487 -0.0136 0.9888 0.0000	</row2>
					<row3>	-0.5367 0.1993 -5.2735 1.0000	</row3>
				</transform>
			</node>
			<node>
				<identifier>	SP_YMS071_YHHC_S_1_INDEX_9	</identifier>
				<transform>
					<row0>	-0.2409 -0.9703 0.0229 0.0000	</row0>
					<row1>	0.9591 -0.2416 -0.1475 0.0000	</row1>
					<row2>	0.1487 -0.0136 0.9888 0.0000	</row2>
					<row3>	0.5367 0.1993 -5.2735 1.0000	</row3>
				</transform>
			</node>
			<node>
				<identifier>	SP_YMS080_YHSL_M_1_INDEX_3	</identifier>
				<transform>
					<row0>	0.8085 0.2350 0.1645 0.0000	</row0>
					<row1>	-0.2394 0.8238 0.0000 0.0000	</row1>
					<row2>	-0.1580 -0.0459 0.8420 0.0000	</row2>
					<row3>	-0.3265 0.1761 -6.1787 1.0000	</row3>
				</transform>
			</node>
			<node>
				<identifier>	SP_YMS081_YHSR_M_1_INDEX_3	</identifier>
				<transform>
					<row0>	0.8085 -0.2350 -0.1645 0.0000	</row0>
					<row1>	0.2394 0.8238 0.0000 0.0000	</row1>
					<row2>	0.1580 -0.0459 0.8420 0.0000	</row2>
					<row3>	0.3265 0.1761 -6.1787 1.0000	</row3>
				</transform>
			</node>
		</node>
	</node>
	<boundingBox>
		<min>	-0.0667 -0.0667 -0.0667	</min>
		<max>	0.0667 0.0667 0.0667	</max>
	</boundingBox>
</BSC024_Drake_1944_Stern_ports.visual>
