<ASC041_Phoenix_1924_MidFront_ports.visual>
	<node>
		<identifier>	Scene Root	</identifier>
		<transform>
			<row0>	1.0000 0.0000 0.0000 0.0000	</row0>
			<row1>	0.0000 1.0000 0.0000 0.0000	</row1>
			<row2>	0.0000 0.0000 1.0000 0.0000	</row2>
			<row3>	0.0000 0.0000 0.0000 1.0000	</row3>
		</transform>
		<node>
			<identifier>	MidFront_ports	</identifier>
			<transform>
				<row0>	1.0000 0.0000 0.0000 0.0000	</row0>
				<row1>	0.0000 1.0000 0.0000 0.0000	</row1>
				<row2>	0.0000 0.0000 1.0000 0.0000	</row2>
				<row3>	0.0000 0.0000 0.0000 1.0000	</row3>
			</transform>
			<node>
				<identifier>	HP_AF_1	</identifier>
				<transform>
					<row0>	1.0000 0.0000 0.0000 0.0000	</row0>
					<row1>	0.0000 1.0000 0.0000 0.0000	</row1>
					<row2>	0.0000 0.0000 1.0000 0.0000	</row2>
					<row3>	0.0000 1.1511 3.0615 1.0000	</row3>
				</transform>
			</node>
			<node>
				<identifier>	HP_AGA_1	</identifier>
				<transform>
					<row0>	0.0000 0.0000 1.0000 0.0000	</row0>
					<row1>	0.0000 1.0000 0.0000 0.0000	</row1>
					<row2>	-1.0000 0.0000 0.0000 0.0000	</row2>
					<row3>	-0.3920 0.3812 0.7126 1.0000	</row3>
				</transform>
			</node>
			<node>
				<identifier>	HP_AGA_2	</identifier>
				<transform>
					<row0>	0.0000 0.0000 -1.0000 0.0000	</row0>
					<row1>	0.0000 1.0000 0.0000 0.0000	</row1>
					<row2>	1.0000 0.0000 0.0000 0.0000	</row2>
					<row3>	0.3920 0.3812 0.7126 1.0000	</row3>
				</transform>
			</node>
			<node>
				<identifier>	HP_AGM_1	</identifier>
				<transform>
					<row0>	1.0000 0.0000 0.0000 0.0000	</row0>
					<row1>	0.0000 1.0000 0.0000 0.0000	</row1>
					<row2>	0.0000 0.0000 1.0000 0.0000	</row2>
					<row3>	-0.3113 0.5757 3.3142 1.0000	</row3>
				</transform>
			</node>
			<node>
				<identifier>	HP_AGM_2	</identifier>
				<transform>
					<row0>	1.0000 0.0000 0.0000 0.0000	</row0>
					<row1>	0.0000 1.0000 0.0000 0.0000	</row1>
					<row2>	0.0000 0.0000 1.0000 0.0000	</row2>
					<row3>	-0.2034 0.7360 3.3142 1.0000	</row3>
				</transform>
			</node>
			<node>
				<identifier>	HP_AGM_3	</identifier>
				<transform>
					<row0>	1.0000 0.0000 0.0000 0.0000	</row0>
					<row1>	0.0000 1.0000 0.0000 0.0000	</row1>
					<row2>	0.0000 0.0000 1.0000 0.0000	</row2>
					<row3>	0.2034 0.7360 3.3142 1.0000	</row3>
				</transform>
			</node>
			<node>
				<identifier>	HP_AGM_4	</identifier>
				<transform>
					<row0>	1.0000 0.0000 0.0000 0.0000	</row0>
					<row1>	0.0000 1.0000 0.0000 0.0000	</row1>
					<row2>	0.0000 0.0000 1.0000 0.0000	</row2>
					<row3>	0.3113 0.5757 3.3142 1.0000	</row3>
				</transform>
			</node>
			<node>
				<identifier>	HP_FX_Fire_2	</identifier>
				<transform>
					<row0>	1.0000 0.0000 0.0000 0.0000	</row0>
					<row1>	0.0000 1.0000 0.0000 0.0000	</row1>
					<row2>	0.0000 0.0000 1.0000 0.0000	</row2>
					<row3>	0.0000 0.4456 2.2178 1.0000	</row3>
				</transform>
			</node>
			<node>
				<identifier>	HP_FX_Fire_2_side_1	</identifier>
				<transform>
					<row0>	1.0000 0.0000 0.0000 0.0000	</row0>
					<row1>	0.0000 1.0000 0.0000 0.0000	</row1>
					<row2>	0.0000 0.0000 1.0000 0.0000	</row2>
					<row3>	0.3723 0.4616 1.2849 1.0000	</row3>
				</transform>
			</node>
			<node>
				<identifier>	HP_FX_FloodLight_left_1	</identifier>
				<transform>
					<row0>	-1.0000 0.0000 0.0000 0.0000	</row0>
					<row1>	0.0000 1.0000 0.0000 0.0000	</row1>
					<row2>	0.0000 0.0000 -1.0000 0.0000	</row2>
					<row3>	-0.1040 0.8300 1.6060 1.0000	</row3>
				</transform>
			</node>
			<node>
				<identifier>	HP_FX_FloodLight_left_2	</identifier>
				<transform>
					<row0>	-1.0000 0.0000 0.0000 0.0000	</row0>
					<row1>	0.0000 1.0000 0.0000 0.0000	</row1>
					<row2>	0.0000 0.0000 -1.0000 0.0000	</row2>
					<row3>	-0.1300 0.5044 0.6693 1.0000	</row3>
				</transform>
			</node>
			<node>
				<identifier>	HP_FX_FloodLight_right_1	</identifier>
				<transform>
					<row0>	1.0000 0.0000 0.0000 0.0000	</row0>
					<row1>	0.0000 1.0000 0.0000 0.0000	</row1>
					<row2>	0.0000 0.0000 1.0000 0.0000	</row2>
					<row3>	0.1300 0.5044 0.6628 1.0000	</row3>
				</transform>
			</node>
			<node>
				<identifier>	HP_FX_FloodLight_right_2	</identifier>
				<transform>
					<row0>	1.0000 0.0000 0.0000 0.0000	</row0>
					<row1>	0.0000 1.0000 0.0000 0.0000	</row1>
					<row2>	0.0000 0.0000 1.0000 0.0000	</row2>
					<row3>	0.1050 0.8300 1.6030 1.0000	</row3>
				</transform>
			</node>
			<node>
				<identifier>	HP_FX_Flood_steam_2	</identifier>
				<transform>
					<row0>	1.0000 0.0000 0.0000 0.0000	</row0>
					<row1>	0.0000 0.8642 -0.5032 0.0000	</row1>
					<row2>	0.0000 0.5032 0.8642 0.0000	</row2>
					<row3>	0.0010 1.1784 1.4222 1.0000	</row3>
				</transform>
			</node>
			<node>
				<identifier>	HP_FX_Flood_steam_3	</identifier>
				<transform>
					<row0>	1.0000 0.0000 0.0000 0.0000	</row0>
					<row1>	0.0000 0.5416 -0.8406 0.0000	</row1>
					<row2>	0.0000 0.8406 0.5416 0.0000	</row2>
					<row3>	-0.0270 1.1500 0.7720 1.0000	</row3>
				</transform>
			</node>
			<node>
				<identifier>	HP_FX_Flood_water_left_2	</identifier>
				<transform>
					<row0>	-0.9988 0.0000 0.0491 0.0000	</row0>
					<row1>	0.0000 1.0000 0.0000 0.0000	</row1>
					<row2>	-0.0491 0.0000 -0.9988 0.0000	</row2>
					<row3>	-0.4800 0.0640 2.0581 1.0000	</row3>
				</transform>
			</node>
			<node>
				<identifier>	HP_FX_Flood_water_left_3	</identifier>
				<transform>
					<row0>	-0.9928 0.0000 0.1198 0.0000	</row0>
					<row1>	0.0000 1.0000 0.0000 0.0000	</row1>
					<row2>	-0.1198 0.0000 -0.9928 0.0000	</row2>
					<row3>	-0.3785 0.1110 3.1675 1.0000	</row3>
				</transform>
			</node>
			<node>
				<identifier>	HP_FX_Flood_water_right_2	</identifier>
				<transform>
					<row0>	0.9985 0.0000 0.0540 0.0000	</row0>
					<row1>	0.0000 1.0000 0.0000 0.0000	</row1>
					<row2>	-0.0540 0.0000 0.9985 0.0000	</row2>
					<row3>	0.4800 0.0673 2.0563 1.0000	</row3>
				</transform>
			</node>
			<node>
				<identifier>	HP_FX_Flood_water_right_3	</identifier>
				<transform>
					<row0>	0.9933 0.0000 0.1158 0.0000	</row0>
					<row1>	0.0000 1.0000 0.0000 0.0000	</row1>
					<row2>	-0.1158 0.0000 0.9933 0.0000	</row2>
					<row3>	0.3803 0.1133 3.1665 1.0000	</row3>
				</transform>
			</node>
			<node>
				<identifier>	HP_FX_Smoke_1	</identifier>
				<transform>
					<row0>	1.0000 0.0000 0.0000 0.0000	</row0>
					<row1>	0.0000 1.0000 0.0000 0.0000	</row1>
					<row2>	0.0000 0.0000 1.0000 0.0000	</row2>
					<row3>	0.0085 1.3372 1.5581 1.0000	</row3>
				</transform>
			</node>
			<node>
				<identifier>	HP_FX_Smoke_2	</identifier>
				<transform>
					<row0>	1.0000 0.0000 0.0000 0.0000	</row0>
					<row1>	0.0000 1.0000 0.0000 0.0000	</row1>
					<row2>	0.0000 0.0000 1.0000 0.0000	</row2>
					<row3>	0.0085 1.2923 0.9296 1.0000	</row3>
				</transform>
			</node>
			<node>
				<identifier>	HP_Flagpole	</identifier>
				<transform>
					<row0>	0.7603 0.0000 0.0000 0.0000	</row0>
					<row1>	0.0000 0.7603 0.0000 0.0000	</row1>
					<row2>	0.0000 0.0000 0.7603 0.0000	</row2>
					<row3>	0.0000 3.9995 2.5254 1.0000	</row3>
				</transform>
			</node>
			<node>
				<identifier>	HP_flag_1	</identifier>
				<transform>
					<row0>	0.9994 0.0343 0.0014 0.0000	</row0>
					<row1>	-0.0343 0.9963 0.0789 0.0000	</row1>
					<row2>	0.0014 -0.0789 0.9969 0.0000	</row2>
					<row3>	0.3579 2.7023 2.6194 1.0000	</row3>
				</transform>
			</node>
			<node>
				<identifier>	HP_flag_2	</identifier>
				<transform>
					<row0>	0.9994 -0.0343 -0.0014 0.0000	</row0>
					<row1>	0.0343 0.9963 0.0789 0.0000	</row1>
					<row2>	-0.0014 -0.0789 0.9969 0.0000	</row2>
					<row3>	-0.3579 2.7023 2.6194 1.0000	</row3>
				</transform>
			</node>
			<node>
				<identifier>	HP_flag_3	</identifier>
				<transform>
					<row0>	0.9932 0.1162 0.0046 0.0000	</row0>
					<row1>	-0.1162 0.9901 0.0785 0.0000	</row1>
					<row2>	0.0046 -0.0785 0.9969 0.0000	</row2>
					<row3>	0.1546 2.6912 2.6186 1.0000	</row3>
				</transform>
			</node>
			<node>
				<identifier>	HP_flag_4	</identifier>
				<transform>
					<row0>	0.9932 -0.1162 -0.0046 0.0000	</row0>
					<row1>	0.1162 0.9901 0.0785 0.0000	</row1>
					<row2>	-0.0046 -0.0785 0.9969 0.0000	</row2>
					<row3>	-0.1546 2.6912 2.6186 1.0000	</row3>
				</transform>
			</node>
			<node>
				<identifier>	MP_AM007_Reels_2	</identifier>
				<transform>
					<row0>	0.8000 0.0000 0.0000 0.0000	</row0>
					<row1>	0.0000 1.0000 0.0000 0.0000	</row1>
					<row2>	0.0000 0.0000 1.0000 0.0000	</row2>
					<row3>	-0.0752 0.5221 3.5563 1.0000	</row3>
				</transform>
			</node>
			<node>
				<identifier>	MP_AM007_Reels_2_INDEX_1	</identifier>
				<transform>
					<row0>	0.0000 -1.0000 0.0000 0.0000	</row0>
					<row1>	-1.0000 0.0000 0.0000 0.0000	</row1>
					<row2>	0.0000 0.0000 -1.0000 0.0000	</row2>
					<row3>	0.0492 0.5020 2.3915 1.0000	</row3>
				</transform>
			</node>
			<node>
				<identifier>	MP_AM018_Compass_Binnacle	</identifier>
				<transform>
					<row0>	-1.0000 0.0000 0.0000 0.0000	</row0>
					<row1>	0.0000 1.0000 0.0000 0.0000	</row1>
					<row2>	0.0000 0.0000 -1.0000 0.0000	</row2>
					<row3>	0.0000 0.9336 2.4440 1.0000	</row3>
				</transform>
			</node>
			<node>
				<identifier>	MP_AM025_Pelorus_Mk7	</identifier>
				<transform>
					<row0>	1.0000 0.0000 0.0000 0.0000	</row0>
					<row1>	0.0000 1.0000 0.0000 0.0000	</row1>
					<row2>	0.0000 0.0000 1.0000 0.0000	</row2>
					<row3>	0.3887 0.9332 2.6359 1.0000	</row3>
				</transform>
			</node>
			<node>
				<identifier>	MP_AM025_Pelorus_Mk7_INDEX_1	</identifier>
				<transform>
					<row0>	1.0000 0.0000 0.0000 0.0000	</row0>
					<row1>	0.0000 1.0000 0.0000 0.0000	</row1>
					<row2>	0.0000 0.0000 1.0000 0.0000	</row2>
					<row3>	-0.3887 0.9332 2.6359 1.0000	</row3>
				</transform>
			</node>
			<node>
				<identifier>	MP_AM038_Searchlight_600mm	</identifier>
				<transform>
					<row0>	1.0000 0.0000 0.0000 0.0000	</row0>
					<row1>	0.0000 1.0000 0.0000 0.0000	</row1>
					<row2>	0.0000 0.0000 1.0000 0.0000	</row2>
					<row3>	0.0000 1.4923 2.8761 1.0000	</row3>
				</transform>
			</node>
			<node>
				<identifier>	MP_AM038_Searchlight_600mm_INDEX_1	</identifier>
				<transform>
					<row0>	1.0000 0.0000 0.0000 0.0000	</row0>
					<row1>	0.0000 1.0000 0.0000 0.0000	</row1>
					<row2>	0.0000 0.0000 1.0000 0.0000	</row2>
					<row3>	-0.2287 1.1965 2.5572 1.0000	</row3>
				</transform>
			</node>
			<node>
				<identifier>	MP_AM038_Searchlight_600mm_INDEX_2	</identifier>
				<transform>
					<row0>	1.0000 0.0000 0.0000 0.0000	</row0>
					<row1>	0.0000 1.0000 0.0000 0.0000	</row1>
					<row2>	0.0000 0.0000 1.0000 0.0000	</row2>
					<row3>	0.2287 1.1965 2.5572 1.0000	</row3>
				</transform>
			</node>
			<node>
				<identifier>	MP_AM047_Running_Lights_R	</identifier>
				<transform>
					<row0>	0.9976 0.0000 0.0698 0.0000	</row0>
					<row1>	0.0000 1.0000 0.0000 0.0000	</row1>
					<row2>	-0.0698 0.0000 0.9976 0.0000	</row2>
					<row3>	0.4193 0.9237 2.5917 1.0000	</row3>
				</transform>
			</node>
			<node>
				<identifier>	MP_AM047_Running_Lights_R_INDEX_1	</identifier>
				<transform>
					<row0>	0.9976 0.0000 0.0698 0.0000	</row0>
					<row1>	0.0000 1.0000 0.0000 0.0000	</row1>
					<row2>	-0.0698 0.0000 0.9976 0.0000	</row2>
					<row3>	0.4176 0.9613 2.5917 1.0000	</row3>
				</transform>
			</node>
			<node>
				<identifier>	MP_AM048_Running_Lights_L	</identifier>
				<transform>
					<row0>	0.9976 0.0000 -0.0698 0.0000	</row0>
					<row1>	0.0000 1.0000 0.0000 0.0000	</row1>
					<row2>	0.0698 0.0000 0.9976 0.0000	</row2>
					<row3>	-0.4193 0.9237 2.5917 1.0000	</row3>
				</transform>
			</node>
			<node>
				<identifier>	MP_AM048_Running_Lights_L_INDEX_1	</identifier>
				<transform>
					<row0>	0.9976 0.0000 -0.0698 0.0000	</row0>
					<row1>	0.0000 1.0000 0.0000 0.0000	</row1>
					<row2>	0.0698 0.0000 0.9976 0.0000	</row2>
					<row3>	-0.4176 0.9613 2.5917 1.0000	</row3>
				</transform>
			</node>
			<node>
				<identifier>	MP_AM049_Signal_Lamp_1	</identifier>
				<transform>
					<row0>	1.0000 0.0000 0.0000 0.0000	</row0>
					<row1>	0.0000 1.0000 0.0000 0.0000	</row1>
					<row2>	0.0000 0.0000 1.0000 0.0000	</row2>
					<row3>	0.0000 3.9609 2.5417 1.0000	</row3>
				</transform>
			</node>
			<node>
				<identifier>	MP_AM064_Wind_Intensity	</identifier>
				<transform>
					<row0>	0.0000 0.0000 -1.0000 0.0000	</row0>
					<row1>	0.0000 1.0000 0.0000 0.0000	</row1>
					<row2>	1.0000 0.0000 0.0000 0.0000	</row2>
					<row3>	-0.0209 2.9004 2.7070 1.0000	</row3>
				</transform>
			</node>
			<node>
				<identifier>	MP_AM071_Signal_Lamp_2	</identifier>
				<transform>
					<row0>	1.0000 0.0000 0.0000 0.0000	</row0>
					<row1>	0.0000 1.0000 0.0000 0.0000	</row1>
					<row2>	0.0000 0.0000 1.0000 0.0000	</row2>
					<row3>	0.3268 2.7388 2.6223 1.0000	</row3>
				</transform>
			</node>
			<node>
				<identifier>	MP_AM071_Signal_Lamp_2_INDEX_1	</identifier>
				<transform>
					<row0>	1.0000 0.0000 0.0000 0.0000	</row0>
					<row1>	0.0000 1.0000 0.0000 0.0000	</row1>
					<row2>	0.0000 0.0000 1.0000 0.0000	</row2>
					<row3>	0.2601 2.7394 2.6223 1.0000	</row3>
				</transform>
			</node>
			<node>
				<identifier>	MP_AM071_Signal_Lamp_2_INDEX_2	</identifier>
				<transform>
					<row0>	1.0000 0.0000 0.0000 0.0000	</row0>
					<row1>	0.0000 1.0000 0.0000 0.0000	</row1>
					<row2>	0.0000 0.0000 1.0000 0.0000	</row2>
					<row3>	0.1934 2.7401 2.6223 1.0000	</row3>
				</transform>
			</node>
			<node>
				<identifier>	MP_AM071_Signal_Lamp_2_INDEX_3	</identifier>
				<transform>
					<row0>	1.0000 0.0000 0.0000 0.0000	</row0>
					<row1>	0.0000 1.0000 0.0000 0.0000	</row1>
					<row2>	0.0000 0.0000 1.0000 0.0000	</row2>
					<row3>	-0.1934 2.7401 2.6223 1.0000	</row3>
				</transform>
			</node>
			<node>
				<identifier>	MP_AM071_Signal_Lamp_2_INDEX_4	</identifier>
				<transform>
					<row0>	1.0000 0.0000 0.0000 0.0000	</row0>
					<row1>	0.0000 1.0000 0.0000 0.0000	</row1>
					<row2>	0.0000 0.0000 1.0000 0.0000	</row2>
					<row3>	-0.2601 2.7394 2.6223 1.0000	</row3>
				</transform>
			</node>
			<node>
				<identifier>	MP_AM071_Signal_Lamp_2_INDEX_5	</identifier>
				<transform>
					<row0>	1.0000 0.0000 0.0000 0.0000	</row0>
					<row1>	0.0000 1.0000 0.0000 0.0000	</row1>
					<row2>	0.0000 0.0000 1.0000 0.0000	</row2>
					<row3>	-0.3268 2.7388 2.6223 1.0000	</row3>
				</transform>
			</node>
			<node>
				<identifier>	MP_AM093_Motor_boat_35ft	</identifier>
				<transform>
					<row0>	-0.9986 0.0000 0.0523 0.0000	</row0>
					<row1>	-0.0018 0.9994 -0.0349 0.0000	</row1>
					<row2>	-0.0523 -0.0349 -0.9980 0.0000	</row2>
					<row3>	-0.3086 0.5141 2.0100 1.0000	</row3>
				</transform>
			</node>
			<node>
				<identifier>	MP_AM093_Motor_boat_35ft_INDEX_1	</identifier>
				<transform>
					<row0>	-0.9986 0.0000 -0.0523 0.0000	</row0>
					<row1>	0.0018 0.9994 -0.0349 0.0000	</row1>
					<row2>	0.0523 -0.0349 -0.9980 0.0000	</row2>
					<row3>	0.3086 0.5141 2.0100 1.0000	</row3>
				</transform>
			</node>
			<node>
				<identifier>	MP_AM142_Running_Lights_FW	</identifier>
				<transform>
					<row0>	1.0000 0.0000 0.0000 0.0000	</row0>
					<row1>	0.0000 1.0000 0.0000 0.0000	</row1>
					<row2>	0.0000 0.0000 1.0000 0.0000	</row2>
					<row3>	0.0000 1.9507 2.9754 1.0000	</row3>
				</transform>
			</node>
			<node>
				<identifier>	MP_AM142_Running_Lights_FW_INDEX_1	</identifier>
				<transform>
					<row0>	1.0000 0.0000 0.0000 0.0000	</row0>
					<row1>	0.0000 1.0000 0.0000 0.0000	</row1>
					<row2>	0.0000 0.0000 1.0000 0.0000	</row2>
					<row3>	0.0000 1.4904 2.9216 1.0000	</row3>
				</transform>
			</node>
			<node>
				<identifier>	MP_AM159_Voice_Tube	</identifier>
				<transform>
					<row0>	-0.5878 0.0000 0.8090 0.0000	</row0>
					<row1>	0.0000 1.0000 0.0000 0.0000	</row1>
					<row2>	-0.8090 0.0000 -0.5878 0.0000	</row2>
					<row3>	-0.0632 0.9336 2.4444 1.0000	</row3>
				</transform>
			</node>
			<node>
				<identifier>	MP_AM159_Voice_Tube_INDEX_1	</identifier>
				<transform>
					<row0>	0.0000 0.0000 1.0000 0.0000	</row0>
					<row1>	0.0000 1.0000 0.0000 0.0000	</row1>
					<row2>	-1.0000 0.0000 0.0000 0.0000	</row2>
					<row3>	-0.1326 1.1306 2.8404 1.0000	</row3>
				</transform>
			</node>
			<node>
				<identifier>	MP_AM159_Voice_Tube_INDEX_2	</identifier>
				<transform>
					<row0>	0.0000 0.0000 -1.0000 0.0000	</row0>
					<row1>	0.0000 1.0000 0.0000 0.0000	</row1>
					<row2>	1.0000 0.0000 0.0000 0.0000	</row2>
					<row3>	0.1326 1.1306 2.8404 1.0000	</row3>
				</transform>
			</node>
			<node>
				<identifier>	MP_AM159_Voice_Tube_INDEX_3	</identifier>
				<transform>
					<row0>	0.0000 0.0000 1.0000 0.0000	</row0>
					<row1>	0.0000 1.0000 0.0000 0.0000	</row1>
					<row2>	-1.0000 0.0000 0.0000 0.0000	</row2>
					<row3>	-0.1326 1.1306 2.7183 1.0000	</row3>
				</transform>
			</node>
			<node>
				<identifier>	MP_AM159_Voice_Tube_INDEX_4	</identifier>
				<transform>
					<row0>	0.0000 0.0000 -1.0000 0.0000	</row0>
					<row1>	0.0000 1.0000 0.0000 0.0000	</row1>
					<row2>	1.0000 0.0000 0.0000 0.0000	</row2>
					<row3>	0.1326 1.1306 2.7183 1.0000	</row3>
				</transform>
			</node>
			<node>
				<identifier>	MP_AM159_Voice_Tube_INDEX_5	</identifier>
				<transform>
					<row0>	0.9397 0.0000 0.3420 0.0000	</row0>
					<row1>	0.0000 1.0000 0.0000 0.0000	</row1>
					<row2>	-0.3420 0.0000 0.9397 0.0000	</row2>
					<row3>	-0.3629 0.9336 2.6440 1.0000	</row3>
				</transform>
			</node>
			<node>
				<identifier>	MP_AM159_Voice_Tube_INDEX_6	</identifier>
				<transform>
					<row0>	0.9397 0.0000 -0.3420 0.0000	</row0>
					<row1>	0.0000 1.0000 0.0000 0.0000	</row1>
					<row2>	0.3420 0.0000 0.9397 0.0000	</row2>
					<row3>	0.3629 0.9336 2.6440 1.0000	</row3>
				</transform>
			</node>
			<node>
				<identifier>	MP_AM164_Signal_Lamp_4	</identifier>
				<transform>
					<row0>	0.7071 0.0000 -0.7071 0.0000	</row0>
					<row1>	0.0000 1.0000 0.0000 0.0000	</row1>
					<row2>	0.7071 0.0000 0.7071 0.0000	</row2>
					<row3>	0.4327 1.0078 2.5206 1.0000	</row3>
				</transform>
			</node>
			<node>
				<identifier>	MP_AM164_Signal_Lamp_4_INDEX_1	</identifier>
				<transform>
					<row0>	0.7071 0.0000 0.7071 0.0000	</row0>
					<row1>	0.0000 1.0000 0.0000 0.0000	</row1>
					<row2>	-0.7071 0.0000 0.7071 0.0000	</row2>
					<row3>	-0.4327 1.0078 2.5206 1.0000	</row3>
				</transform>
			</node>
			<node>
				<identifier>	MP_AM173_Insulator_1	</identifier>
				<transform>
					<row0>	0.6000 0.0000 0.0000 0.0000	</row0>
					<row1>	0.0000 0.6000 0.0000 0.0000	</row1>
					<row2>	0.0000 0.0000 0.6000 0.0000	</row2>
					<row3>	0.0000 0.7223 0.4831 1.0000	</row3>
				</transform>
			</node>
			<node>
				<identifier>	MP_AM212_Ventilation	</identifier>
				<transform>
					<row0>	0.4000 0.0000 0.0000 0.0000	</row0>
					<row1>	0.0000 0.4000 0.0000 0.0000	</row1>
					<row2>	0.0000 0.0000 0.4000 0.0000	</row2>
					<row3>	0.0997 0.7959 2.6043 1.0000	</row3>
				</transform>
			</node>
			<node>
				<identifier>	MP_AM212_Ventilation_INDEX_1	</identifier>
				<transform>
					<row0>	0.4000 0.0000 0.0000 0.0000	</row0>
					<row1>	0.0000 0.4000 0.0000 0.0000	</row1>
					<row2>	0.0000 0.0000 0.4000 0.0000	</row2>
					<row3>	-0.0997 0.7959 2.6043 1.0000	</row3>
				</transform>
			</node>
			<node>
				<identifier>	MP_AM219_Bollard	</identifier>
				<transform>
					<row0>	0.9968 0.0577 -0.0545 0.0000	</row0>
					<row1>	-0.0597 0.9976 -0.0353 0.0000	</row1>
					<row2>	0.0523 0.0384 0.9979 0.0000	</row2>
					<row3>	-0.4041 0.3992 1.6849 1.0000	</row3>
				</transform>
			</node>
			<node>
				<identifier>	MP_AM219_Bollard_INDEX_1	</identifier>
				<transform>
					<row0>	0.9976 -0.0439 0.0540 0.0000	</row0>
					<row1>	0.0459 0.9983 -0.0360 0.0000	</row1>
					<row2>	-0.0523 0.0384 0.9979 0.0000	</row2>
					<row3>	0.4041 0.3992 1.6849 1.0000	</row3>
				</transform>
			</node>
			<node>
				<identifier>	MP_AM223_Boat_Winch	</identifier>
				<transform>
					<row0>	0.0000 0.0349 0.9994 0.0000	</row0>
					<row1>	0.0000 0.9994 -0.0349 0.0000	</row1>
					<row2>	-1.0000 0.0000 0.0000 0.0000	</row2>
					<row3>	0.0000 0.4199 1.8839 1.0000	</row3>
				</transform>
			</node>
			<node>
				<identifier>	MP_AM224_Ammunition_Box	</identifier>
				<transform>
					<row0>	0.0000 0.0000 -1.0000 0.0000	</row0>
					<row1>	0.0000 1.0000 0.0000 0.0000	</row1>
					<row2>	1.0000 0.0000 0.0000 0.0000	</row2>
					<row3>	-0.1410 0.3845 0.6670 1.0000	</row3>
				</transform>
			</node>
			<node>
				<identifier>	MP_AM224_Ammunition_Box_INDEX_1	</identifier>
				<transform>
					<row0>	0.0000 0.0000 1.0000 0.0000	</row0>
					<row1>	0.0000 1.0000 0.0000 0.0000	</row1>
					<row2>	-1.0000 0.0000 0.0000 0.0000	</row2>
					<row3>	0.1410 0.3845 0.6670 1.0000	</row3>
				</transform>
			</node>
			<node>
				<identifier>	MP_AM233_Ammunition_Box	</identifier>
				<transform>
					<row0>	0.9842 0.0000 -0.1771 0.0000	</row0>
					<row1>	0.0000 1.0000 0.0000 0.0000	</row1>
					<row2>	0.1771 0.0000 0.9842 0.0000	</row2>
					<row3>	-0.3710 0.4157 2.3955 1.0000	</row3>
				</transform>
			</node>
			<node>
				<identifier>	MP_AM233_Ammunition_Box_INDEX_1	</identifier>
				<transform>
					<row0>	-1.0000 0.0000 0.0000 0.0000	</row0>
					<row1>	0.0000 1.3000 0.0000 0.0000	</row1>
					<row2>	0.0000 0.0000 -1.0000 0.0000	</row2>
					<row3>	-0.0768 0.3725 0.8071 1.0000	</row3>
				</transform>
			</node>
			<node>
				<identifier>	MP_AM233_Ammunition_Box_INDEX_2	</identifier>
				<transform>
					<row0>	1.0000 0.0000 0.0000 0.0000	</row0>
					<row1>	0.0000 1.4000 0.0000 0.0000	</row1>
					<row2>	0.0000 0.0000 1.0000 0.0000	</row2>
					<row3>	-0.3017 0.5915 2.6499 1.0000	</row3>
				</transform>
			</node>
			<node>
				<identifier>	MP_AM239_Rdf	</identifier>
				<transform>
					<row0>	0.0000 0.0000 0.7000 0.0000	</row0>
					<row1>	0.0000 0.7000 0.0000 0.0000	</row1>
					<row2>	-0.7000 0.0000 0.0000 0.0000	</row2>
					<row3>	0.0000 0.7226 0.5242 1.0000	</row3>
				</transform>
			</node>
			<node>
				<identifier>	MP_AM242_fairlead	</identifier>
				<transform>
					<row0>	0.6990 -0.0006 0.0366 0.0000	</row0>
					<row1>	0.0019 0.6996 -0.0244 0.0000	</row1>
					<row2>	-0.0366 0.0244 0.6986 0.0000	</row2>
					<row3>	0.4503 0.4113 2.0542 1.0000	</row3>
				</transform>
			</node>
			<node>
				<identifier>	MP_AM242_fairlead_INDEX_1	</identifier>
				<transform>
					<row0>	0.6990 -0.0006 0.0366 0.0000	</row0>
					<row1>	0.0019 0.6996 -0.0244 0.0000	</row1>
					<row2>	-0.0366 0.0244 0.6986 0.0000	</row2>
					<row3>	0.4904 0.3827 1.2200 1.0000	</row3>
				</transform>
			</node>
			<node>
				<identifier>	MP_AM242_fairlead_INDEX_2	</identifier>
				<transform>
					<row0>	0.6998 -0.0006 0.0159 0.0000	</row0>
					<row1>	0.0012 0.6996 -0.0244 0.0000	</row1>
					<row2>	-0.0158 0.0245 0.6994 0.0000	</row2>
					<row3>	0.5128 0.3608 0.4202 1.0000	</row3>
				</transform>
			</node>
			<node>
				<identifier>	MP_AM242_fairlead_INDEX_3	</identifier>
				<transform>
					<row0>	0.6998 0.0006 -0.0159 0.0000	</row0>
					<row1>	-0.0012 0.6996 -0.0244 0.0000	</row1>
					<row2>	0.0158 0.0245 0.6994 0.0000	</row2>
					<row3>	-0.5128 0.3608 0.4202 1.0000	</row3>
				</transform>
			</node>
			<node>
				<identifier>	MP_AM242_fairlead_INDEX_4	</identifier>
				<transform>
					<row0>	0.6990 0.0006 -0.0366 0.0000	</row0>
					<row1>	-0.0019 0.6996 -0.0244 0.0000	</row1>
					<row2>	0.0366 0.0244 0.6986 0.0000	</row2>
					<row3>	-0.4904 0.3827 1.2200 1.0000	</row3>
				</transform>
			</node>
			<node>
				<identifier>	MP_AM242_fairlead_INDEX_5	</identifier>
				<transform>
					<row0>	0.6990 0.0006 -0.0366 0.0000	</row0>
					<row1>	-0.0019 0.6996 -0.0244 0.0000	</row1>
					<row2>	0.0366 0.0244 0.6986 0.0000	</row2>
					<row3>	-0.4503 0.4113 2.0542 1.0000	</row3>
				</transform>
			</node>
			<node>
				<identifier>	MP_AM247_Ammunition_Box	</identifier>
				<transform>
					<row0>	0.0000 0.0000 -0.7000 0.0000	</row0>
					<row1>	0.0000 0.7000 0.0000 0.0000	</row1>
					<row2>	0.7000 0.0000 0.0000 0.0000	</row2>
					<row3>	-0.3752 0.6159 2.6488 1.0000	</row3>
				</transform>
			</node>
			<node>
				<identifier>	MP_AM247_Ammunition_Box_INDEX_1	</identifier>
				<transform>
					<row0>	0.0000 0.0000 0.7000 0.0000	</row0>
					<row1>	0.0000 0.7000 0.0000 0.0000	</row1>
					<row2>	-0.7000 0.0000 0.0000 0.0000	</row2>
					<row3>	0.3752 0.6159 2.6488 1.0000	</row3>
				</transform>
			</node>
			<node>
				<identifier>	MP_AM247_Ammunition_Box_INDEX_2	</identifier>
				<transform>
					<row0>	0.0000 0.0000 0.7000 0.0000	</row0>
					<row1>	0.0000 0.7000 0.0000 0.0000	</row1>
					<row2>	-0.7000 0.0000 0.0000 0.0000	</row2>
					<row3>	-0.1049 0.7971 2.5259 1.0000	</row3>
				</transform>
			</node>
			<node>
				<identifier>	MP_AM248_Ammunition_Box	</identifier>
				<transform>
					<row0>	0.7071 0.0000 -0.7071 0.0000	</row0>
					<row1>	0.0000 1.0000 0.0000 0.0000	</row1>
					<row2>	0.7071 0.0000 0.7071 0.0000	</row2>
					<row3>	-0.1319 0.7343 3.0520 1.0000	</row3>
				</transform>
			</node>
			<node>
				<identifier>	MP_AM248_Ammunition_Box_INDEX_1	</identifier>
				<transform>
					<row0>	0.0000 0.0000 1.0000 0.0000	</row0>
					<row1>	0.0000 1.0000 0.0000 0.0000	</row1>
					<row2>	-1.0000 0.0000 0.0000 0.0000	</row2>
					<row3>	-0.1025 0.9279 2.6442 1.0000	</row3>
				</transform>
			</node>
			<node>
				<identifier>	MP_AM248_Ammunition_Box_INDEX_2	</identifier>
				<transform>
					<row0>	0.9563 0.0000 -0.2924 0.0000	</row0>
					<row1>	0.0000 1.0000 0.0000 0.0000	</row1>
					<row2>	0.2924 0.0000 0.9563 0.0000	</row2>
					<row3>	-0.3450 0.7343 3.1112 1.0000	</row3>
				</transform>
			</node>
			<node>
				<identifier>	MP_AM248_Ammunition_Box_INDEX_3	</identifier>
				<transform>
					<row0>	0.7071 0.0000 0.7071 0.0000	</row0>
					<row1>	0.0000 1.0000 0.0000 0.0000	</row1>
					<row2>	-0.7071 0.0000 0.7071 0.0000	</row2>
					<row3>	0.1319 0.7343 3.0520 1.0000	</row3>
				</transform>
			</node>
			<node>
				<identifier>	MP_AM248_Ammunition_Box_INDEX_4	</identifier>
				<transform>
					<row0>	0.9563 0.0000 0.2924 0.0000	</row0>
					<row1>	0.0000 1.0000 0.0000 0.0000	</row1>
					<row2>	-0.2924 0.0000 0.9563 0.0000	</row2>
					<row3>	0.3450 0.7343 3.1112 1.0000	</row3>
				</transform>
			</node>
			<node>
				<identifier>	MP_AM248_Ammunition_Box_INDEX_5	</identifier>
				<transform>
					<row0>	0.0000 0.0000 -1.0000 0.0000	</row0>
					<row1>	0.0000 1.0000 0.0000 0.0000	</row1>
					<row2>	1.0000 0.0000 0.0000 0.0000	</row2>
					<row3>	0.1025 0.9279 2.6442 1.0000	</row3>
				</transform>
			</node>
			<node>
				<identifier>	MP_AM271_Crane_Beam	</identifier>
				<transform>
					<row0>	1.2974 -0.0103 -0.0815 0.0000	</row0>
					<row1>	-0.0117 -1.2998 -0.0223 0.0000	</row1>
					<row2>	-0.0813 0.0229 -1.2973 0.0000	</row2>
					<row3>	-0.4385 0.2685 2.6535 1.0000	</row3>
				</transform>
			</node>
			<node>
				<identifier>	MP_AM271_Crane_Beam_INDEX_1	</identifier>
				<transform>
					<row0>	1.2974 0.0103 0.0815 0.0000	</row0>
					<row1>	0.0117 -1.2998 -0.0223 0.0000	</row1>
					<row2>	0.0813 0.0229 -1.2973 0.0000	</row2>
					<row3>	0.4385 0.2685 2.6535 1.0000	</row3>
				</transform>
			</node>
			<node>
				<identifier>	MP_AM289_Ventilation	</identifier>
				<transform>
					<row0>	0.9000 0.0000 0.0000 0.0000	</row0>
					<row1>	0.0000 0.9000 0.0000 0.0000	</row1>
					<row2>	0.0000 0.0000 0.9000 0.0000	</row2>
					<row3>	-0.0563 0.3910 2.0887 1.0000	</row3>
				</transform>
			</node>
			<node>
				<identifier>	MP_AM289_Ventilation_INDEX_1	</identifier>
				<transform>
					<row0>	0.9000 0.0000 0.0000 0.0000	</row0>
					<row1>	0.0000 0.9000 0.0000 0.0000	</row1>
					<row2>	0.0000 0.0000 0.9000 0.0000	</row2>
					<row3>	0.0563 0.3910 2.0887 1.0000	</row3>
				</transform>
			</node>
			<node>
				<identifier>	MP_AM289_Ventilation_INDEX_2	</identifier>
				<transform>
					<row0>	0.4500 0.0000 0.0000 0.0000	</row0>
					<row1>	0.0000 0.4500 0.0000 0.0000	</row1>
					<row2>	0.0000 0.0000 0.4500 0.0000	</row2>
					<row3>	-0.0483 0.7291 3.0883 1.0000	</row3>
				</transform>
			</node>
			<node>
				<identifier>	MP_AM289_Ventilation_INDEX_3	</identifier>
				<transform>
					<row0>	0.4500 0.0000 0.0000 0.0000	</row0>
					<row1>	0.0000 0.4500 0.0000 0.0000	</row1>
					<row2>	0.0000 0.0000 0.4500 0.0000	</row2>
					<row3>	0.0483 0.7291 3.0883 1.0000	</row3>
				</transform>
			</node>
			<node>
				<identifier>	MP_AM290_Flag_Box	</identifier>
				<transform>
					<row0>	0.9550 0.0000 0.0000 0.0000	</row0>
					<row1>	0.0000 0.9000 0.0000 0.0000	</row1>
					<row2>	0.0000 0.0000 0.8500 0.0000	</row2>
					<row3>	-0.3252 0.9320 2.4435 1.0000	</row3>
				</transform>
			</node>
			<node>
				<identifier>	MP_AM290_Flag_Box_INDEX_1	</identifier>
				<transform>
					<row0>	0.9550 0.0000 0.0000 0.0000	</row0>
					<row1>	0.0000 0.9000 0.0000 0.0000	</row1>
					<row2>	0.0000 0.0000 0.8500 0.0000	</row2>
					<row3>	0.3252 0.9320 2.4435 1.0000	</row3>
				</transform>
			</node>
			<node>
				<identifier>	MP_AM292_Davit	</identifier>
				<transform>
					<row0>	0.6271 0.0000 1.1387 0.0000	</row0>
					<row1>	-0.0038 1.3000 0.0021 0.0000	</row1>
					<row2>	-1.1387 -0.0043 0.6271 0.0000	</row2>
					<row3>	0.4916 0.2750 1.6068 1.0000	</row3>
				</transform>
			</node>
			<node>
				<identifier>	MP_AM292_Davit_INDEX_1	</identifier>
				<transform>
					<row0>	-0.8385 0.0000 0.9934 0.0000	</row0>
					<row1>	0.0000 1.3000 0.0000 0.0000	</row1>
					<row2>	-0.9934 0.0000 -0.8385 0.0000	</row2>
					<row3>	0.5184 0.2533 0.9564 1.0000	</row3>
				</transform>
			</node>
			<node>
				<identifier>	MP_AM292_Davit_INDEX_2	</identifier>
				<transform>
					<row0>	-0.8385 0.0000 -0.9934 0.0000	</row0>
					<row1>	0.0000 1.3000 0.0000 0.0000	</row1>
					<row2>	0.9934 0.0000 -0.8385 0.0000	</row2>
					<row3>	-0.5184 0.2533 0.9564 1.0000	</row3>
				</transform>
			</node>
			<node>
				<identifier>	MP_AM292_Davit_INDEX_3	</identifier>
				<transform>
					<row0>	0.6271 0.0000 -1.1387 0.0000	</row0>
					<row1>	0.0038 1.3000 0.0021 0.0000	</row1>
					<row2>	1.1387 -0.0043 0.6271 0.0000	</row2>
					<row3>	-0.4916 0.2750 1.6068 1.0000	</row3>
				</transform>
			</node>
			<node>
				<identifier>	MP_AM292_Davit_INDEX_4	</identifier>
				<transform>
					<row0>	-0.2703 0.0000 1.2716 0.0000	</row0>
					<row1>	0.0000 1.3000 0.0000 0.0000	</row1>
					<row2>	-1.2716 0.0000 -0.2703 0.0000	</row2>
					<row3>	-0.4874 0.2771 1.6860 1.0000	</row3>
				</transform>
			</node>
			<node>
				<identifier>	MP_AM292_Davit_INDEX_5	</identifier>
				<transform>
					<row0>	0.6695 0.0000 1.1143 0.0000	</row0>
					<row1>	0.0000 1.3000 0.0000 0.0000	</row1>
					<row2>	-1.1143 0.0000 0.6695 0.0000	</row2>
					<row3>	-0.4443 0.3024 2.4157 1.0000	</row3>
				</transform>
			</node>
			<node>
				<identifier>	MP_AM292_Davit_INDEX_6	</identifier>
				<transform>
					<row0>	0.6695 0.0000 -1.1143 0.0000	</row0>
					<row1>	0.0000 1.3000 0.0000 0.0000	</row1>
					<row2>	1.1143 0.0000 0.6695 0.0000	</row2>
					<row3>	0.4443 0.3024 2.4157 1.0000	</row3>
				</transform>
			</node>
			<node>
				<identifier>	MP_AM292_Davit_INDEX_7	</identifier>
				<transform>
					<row0>	-0.2703 0.0000 -1.2716 0.0000	</row0>
					<row1>	0.0000 1.3000 0.0000 0.0000	</row1>
					<row2>	1.2716 0.0000 -0.2703 0.0000	</row2>
					<row3>	0.4874 0.2771 1.6860 1.0000	</row3>
				</transform>
			</node>
			<node>
				<identifier>	MP_AM303_Hatch	</identifier>
				<transform>
					<row0>	1.0000 0.0000 0.0000 0.0000	</row0>
					<row1>	0.0000 1.0000 0.0000 0.0000	</row1>
					<row2>	0.0000 0.0000 1.0000 0.0000	</row2>
					<row3>	-0.2364 0.3799 0.6816 1.0000	</row3>
				</transform>
			</node>
			<node>
				<identifier>	MP_AM303_Hatch_INDEX_1	</identifier>
				<transform>
					<row0>	1.0000 0.0000 0.0000 0.0000	</row0>
					<row1>	0.0000 1.0000 0.0000 0.0000	</row1>
					<row2>	0.0000 0.0000 1.0000 0.0000	</row2>
					<row3>	0.2364 0.3799 0.6816 1.0000	</row3>
				</transform>
			</node>
			<node>
				<identifier>	MP_AM326_Ventilation	</identifier>
				<transform>
					<row0>	1.5000 0.0000 0.0000 0.0000	</row0>
					<row1>	0.0000 1.5000 0.0000 0.0000	</row1>
					<row2>	0.0000 0.0000 1.5000 0.0000	</row2>
					<row3>	0.0000 0.5321 0.6140 1.0000	</row3>
				</transform>
			</node>
			<node>
				<identifier>	MP_AM326_Ventilation_INDEX_1	</identifier>
				<transform>
					<row0>	0.5000 0.0000 0.0000 0.0000	</row0>
					<row1>	0.0000 0.5000 0.0000 0.0000	</row1>
					<row2>	0.0000 0.0000 0.5000 0.0000	</row2>
					<row3>	0.4038 0.3836 1.8712 1.0000	</row3>
				</transform>
			</node>
			<node>
				<identifier>	MP_AM326_Ventilation_INDEX_2	</identifier>
				<transform>
					<row0>	0.5000 0.0000 0.0000 0.0000	</row0>
					<row1>	0.0000 0.5000 0.0000 0.0000	</row1>
					<row2>	0.0000 0.0000 0.5000 0.0000	</row2>
					<row3>	-0.4038 0.3836 1.8712 1.0000	</row3>
				</transform>
			</node>
			<node>
				<identifier>	MP_AM326_Ventilation_INDEX_3	</identifier>
				<transform>
					<row0>	0.5000 0.0000 0.0000 0.0000	</row0>
					<row1>	0.0000 0.5000 0.0000 0.0000	</row1>
					<row2>	0.0000 0.0000 0.5000 0.0000	</row2>
					<row3>	-0.3934 0.3988 2.3160 1.0000	</row3>
				</transform>
			</node>
			<node>
				<identifier>	MP_AM326_Ventilation_INDEX_4	</identifier>
				<transform>
					<row0>	0.5000 0.0000 0.0000 0.0000	</row0>
					<row1>	0.0000 0.5000 0.0000 0.0000	</row1>
					<row2>	0.0000 0.0000 0.5000 0.0000	</row2>
					<row3>	0.3934 0.3988 2.3160 1.0000	</row3>
				</transform>
			</node>
			<node>
				<identifier>	MP_AM327_Ventilation	</identifier>
				<transform>
					<row0>	0.5000 0.0000 0.0000 0.0000	</row0>
					<row1>	0.0000 0.5000 0.0000 0.0000	</row1>
					<row2>	0.0000 0.0000 0.5000 0.0000	</row2>
					<row3>	0.0000 0.4425 1.3120 1.0000	</row3>
				</transform>
			</node>
			<node>
				<identifier>	MP_AM391_Whaleboat_33ft	</identifier>
				<transform>
					<row0>	0.9994 0.0000 0.0349 0.0000	</row0>
					<row1>	0.0012 0.9994 -0.0349 0.0000	</row1>
					<row2>	-0.0349 0.0349 0.9988 0.0000	</row2>
					<row3>	0.3843 0.4159 1.2903 1.0000	</row3>
				</transform>
			</node>
			<node>
				<identifier>	MP_AM391_Whaleboat_33ft_INDEX_1	</identifier>
				<transform>
					<row0>	0.9994 0.0000 -0.0349 0.0000	</row0>
					<row1>	-0.0012 0.9994 -0.0349 0.0000	</row1>
					<row2>	0.0349 0.0349 0.9988 0.0000	</row2>
					<row3>	-0.3843 0.4159 1.2903 1.0000	</row3>
				</transform>
			</node>
			<node>
				<identifier>	MP_AM395_Whaleboat_30ft	</identifier>
				<transform>
					<row0>	0.9941 0.1045 -0.0278 0.0000	</row0>
					<row1>	-0.1045 0.9945 0.0029 0.0000	</row1>
					<row2>	0.0279 0.0000 0.9996 0.0000	</row2>
					<row3>	-0.6393 0.4615 1.2840 1.0000	</row3>
				</transform>
			</node>
			<node>
				<identifier>	MP_AM395_Whaleboat_30ft_INDEX_1	</identifier>
				<transform>
					<row0>	0.9941 -0.1045 0.0278 0.0000	</row0>
					<row1>	0.1045 0.9945 0.0029 0.0000	</row1>
					<row2>	-0.0279 0.0000 0.9996 0.0000	</row2>
					<row3>	0.6393 0.4612 1.2840 1.0000	</row3>
				</transform>
			</node>
			<node>
				<identifier>	MP_AM432_Filling_connection_long	</identifier>
				<transform>
					<row0>	0.0523 -0.0174 -0.9985 0.0000	</row0>
					<row1>	0.0000 0.9998 -0.0175 0.0000	</row1>
					<row2>	0.9986 0.0009 0.0523 0.0000	</row2>
					<row3>	0.4347 0.4069 1.9295 1.0000	</row3>
				</transform>
			</node>
			<node>
				<identifier>	MP_AM432_Filling_connection_long_INDEX_1	</identifier>
				<transform>
					<row0>	-0.0349 -0.0173 -0.9992 0.0000	</row0>
					<row1>	0.0015 0.9998 -0.0174 0.0000	</row1>
					<row2>	0.9994 -0.0021 -0.0349 0.0000	</row2>
					<row3>	-0.4347 0.4069 1.9295 1.0000	</row3>
				</transform>
			</node>
			<node>
				<identifier>	MP_AM432_Filling_connection_long_INDEX_2	</identifier>
				<transform>
					<row0>	-0.0530 0.0349 0.9980 0.0000	</row0>
					<row1>	0.0030 0.9994 -0.0348 0.0000	</row1>
					<row2>	-0.9986 0.0012 -0.0531 0.0000	</row2>
					<row3>	0.4138 0.4181 2.2698 1.0000	</row3>
				</transform>
			</node>
			<node>
				<identifier>	MP_AM432_Filling_connection_long_INDEX_3	</identifier>
				<transform>
					<row0>	-0.0530 -0.0349 -0.9980 0.0000	</row0>
					<row1>	-0.0030 0.9994 -0.0348 0.0000	</row1>
					<row2>	0.9986 0.0012 -0.0531 0.0000	</row2>
					<row3>	-0.4138 0.4181 2.2698 1.0000	</row3>
				</transform>
			</node>
			<node>
				<identifier>	MP_AM459_Hatch	</identifier>
				<transform>
					<row0>	0.0000 0.0000 0.9000 0.0000	</row0>
					<row1>	0.0000 0.9000 0.0000 0.0000	</row1>
					<row2>	-0.9000 0.0000 0.0000 0.0000	</row2>
					<row3>	0.0000 0.5817 0.7186 1.0000	</row3>
				</transform>
			</node>
			<node>
				<identifier>	MP_AM460_3pdr_Saluting_Gun	</identifier>
				<transform>
					<row0>	0.0000 0.0387 0.9993 0.0000	</row0>
					<row1>	0.0000 0.9993 -0.0387 0.0000	</row1>
					<row2>	-1.0000 0.0000 0.0000 0.0000	</row2>
					<row3>	-0.3795 0.6114 2.5010 1.0000	</row3>
				</transform>
			</node>
			<node>
				<identifier>	MP_AM460_3pdr_Saluting_Gun_INDEX_1	</identifier>
				<transform>
					<row0>	0.0000 -0.0387 -0.9993 0.0000	</row0>
					<row1>	0.0000 0.9993 -0.0387 0.0000	</row1>
					<row2>	1.0000 0.0000 0.0000 0.0000	</row2>
					<row3>	0.3795 0.6114 2.5010 1.0000	</row3>
				</transform>
			</node>
			<node>
				<identifier>	MP_AM463_Binoculars	</identifier>
				<transform>
					<row0>	0.0000 0.0000 -1.0000 0.0000	</row0>
					<row1>	0.0000 1.0000 0.0000 0.0000	</row1>
					<row2>	1.0000 0.0000 0.0000 0.0000	</row2>
					<row3>	0.1327 1.1298 2.8668 1.0000	</row3>
				</transform>
			</node>
			<node>
				<identifier>	MP_AM463_Binoculars_INDEX_1	</identifier>
				<transform>
					<row0>	0.0000 0.0000 -1.0000 0.0000	</row0>
					<row1>	0.0000 1.0000 0.0000 0.0000	</row1>
					<row2>	1.0000 0.0000 0.0000 0.0000	</row2>
					<row3>	0.1327 1.1298 2.7447 1.0000	</row3>
				</transform>
			</node>
			<node>
				<identifier>	MP_AM463_Binoculars_INDEX_2	</identifier>
				<transform>
					<row0>	0.0000 0.0000 1.0000 0.0000	</row0>
					<row1>	0.0000 1.0000 0.0000 0.0000	</row1>
					<row2>	-1.0000 0.0000 0.0000 0.0000	</row2>
					<row3>	-0.1327 1.1298 2.7447 1.0000	</row3>
				</transform>
			</node>
			<node>
				<identifier>	MP_AM463_Binoculars_INDEX_3	</identifier>
				<transform>
					<row0>	0.0000 0.0000 1.0000 0.0000	</row0>
					<row1>	0.0000 1.0000 0.0000 0.0000	</row1>
					<row2>	-1.0000 0.0000 0.0000 0.0000	</row2>
					<row3>	-0.1327 1.1298 2.8668 1.0000	</row3>
				</transform>
			</node>
			<node>
				<identifier>	MP_AM543_Ventilation	</identifier>
				<transform>
					<row0>	0.5800 0.0000 0.0000 0.0000	</row0>
					<row1>	0.0000 0.5800 0.0000 0.0000	</row1>
					<row2>	0.0000 0.0000 0.5800 0.0000	</row2>
					<row3>	0.2407 0.3752 0.4809 1.0000	</row3>
				</transform>
			</node>
			<node>
				<identifier>	MP_AM543_Ventilation_INDEX_1	</identifier>
				<transform>
					<row0>	0.5800 0.0000 0.0000 0.0000	</row0>
					<row1>	0.0000 0.5800 0.0000 0.0000	</row1>
					<row2>	0.0000 0.0000 0.5800 0.0000	</row2>
					<row3>	-0.2407 0.3752 0.4809 1.0000	</row3>
				</transform>
			</node>
			<node>
				<identifier>	MP_AM544_Insulator	</identifier>
				<transform>
					<row0>	0.0000 -1.0000 0.0000 0.0000	</row0>
					<row1>	0.0000 0.0000 -1.0000 0.0000	</row1>
					<row2>	1.0000 0.0000 0.0000 0.0000	</row2>
					<row3>	-0.1047 0.7602 2.5020 1.0000	</row3>
				</transform>
			</node>
			<node>
				<identifier>	MP_AM544_Insulator_INDEX_1	</identifier>
				<transform>
					<row0>	0.0000 -1.0000 0.0000 0.0000	</row0>
					<row1>	0.0000 0.0000 -1.0000 0.0000	</row1>
					<row2>	1.0000 0.0000 0.0000 0.0000	</row2>
					<row3>	-0.0498 0.7602 2.5020 1.0000	</row3>
				</transform>
			</node>
			<node>
				<identifier>	MP_CM011_Fire_Fighting_Gear	</identifier>
				<transform>
					<row0>	-1.0000 0.0000 0.0000 0.0000	</row0>
					<row1>	0.0000 1.0000 0.0000 0.0000	</row1>
					<row2>	0.0000 0.0000 -1.0000 0.0000	</row2>
					<row3>	-0.1890 0.4791 3.5745 1.0000	</row3>
