<GSB032_Moltke_1914_Bow_ports.visual>
	<node>
		<identifier>	Scene Root	</identifier>
		<transform>
			<row0>	1.0000 0.0000 0.0000 0.0000	</row0>
			<row1>	0.0000 1.0000 0.0000 0.0000	</row1>
			<row2>	0.0000 0.0000 1.0000 0.0000	</row2>
			<row3>	0.0000 0.0000 0.0000 1.0000	</row3>
		</transform>
		<node>
			<identifier>	Bow_ports	</identifier>
			<transform>
				<row0>	1.0000 0.0000 0.0000 0.0000	</row0>
				<row1>	0.0000 1.0000 0.0000 0.0000	</row1>
				<row2>	0.0000 0.0000 1.0000 0.0000	</row2>
				<row3>	0.0000 0.0000 0.0000 1.0000	</row3>
			</transform>
			<node>
				<identifier>	HP_FX_Fire_1	</identifier>
				<transform>
					<row0>	1.0000 0.0000 0.0000 0.0000	</row0>
					<row1>	0.0000 1.0000 0.0000 0.0000	</row1>
					<row2>	0.0000 0.0000 1.0000 0.0000	</row2>
					<row3>	0.0000 0.4177 4.6431 1.0000	</row3>
				</transform>
			</node>
			<node>
				<identifier>	HP_FX_Flood_water_left_4	</identifier>
				<transform>
					<row0>	-0.9916 0.0000 0.1294 0.0000	</row0>
					<row1>	0.0000 1.0000 0.0000 0.0000	</row1>
					<row2>	-0.1294 0.0000 -0.9916 0.0000	</row2>
					<row3>	-0.0533 0.0225 5.9393 1.0000	</row3>
				</transform>
			</node>
			<node>
				<identifier>	HP_FX_Flood_water_right_4	</identifier>
				<transform>
					<row0>	0.9774 0.0000 0.2113 0.0000	</row0>
					<row1>	0.0000 1.0000 0.0000 0.0000	</row1>
					<row2>	-0.2113 0.0000 0.9774 0.0000	</row2>
					<row3>	0.0535 0.0225 5.9381 1.0000	</row3>
				</transform>
			</node>
			<node>
				<identifier>	HP_FX_WakeTrace	</identifier>
				<transform>
					<row0>	1.0000 0.0000 0.0000 0.0000	</row0>
					<row1>	0.0000 1.0000 0.0000 0.0000	</row1>
					<row2>	0.0000 0.0000 1.0000 0.0000	</row2>
					<row3>	0.0000 0.0000 6.1828 1.0000	</row3>
				</transform>
			</node>
			<node>
				<identifier>	HP_GGM_1	</identifier>
				<transform>
					<row0>	1.0000 0.0000 0.0000 0.0000	</row0>
					<row1>	0.0000 1.0000 0.0000 0.0000	</row1>
					<row2>	0.0000 0.0000 1.0000 0.0000	</row2>
					<row3>	0.0000 0.4468 3.3636 1.0000	</row3>
				</transform>
			</node>
			<node>
				<identifier>	HP_Ship_death_1	</identifier>
				<transform>
					<row0>	1.0000 0.0000 0.0000 0.0000	</row0>
					<row1>	0.0000 1.0000 0.0000 0.0000	</row1>
					<row2>	0.0000 0.0000 1.0000 0.0000	</row2>
					<row3>	0.0000 0.0000 3.8728 1.0000	</row3>
				</transform>
			</node>
			<node>
				<identifier>	MP_CM011_Fire_Fighting_Gear	</identifier>
				<transform>
					<row0>	-0.9227 0.0000 -0.3854 0.0000	</row0>
					<row1>	0.0000 1.0000 0.0000 0.0000	</row1>
					<row2>	0.3854 0.0000 -0.9227 0.0000	</row2>
					<row3>	-0.1075 0.3764 3.6376 1.0000	</row3>
				</transform>
			</node>
			<node>
				<identifier>	MP_CM109_Leadsman_Platform	</identifier>
				<transform>
					<row0>	-0.0016 -0.9994 0.0341 0.0000	</row0>
					<row1>	0.9855 0.0043 0.1699 0.0000	</row1>
					<row2>	-0.1699 0.0339 0.9849 0.0000	</row2>
					<row3>	0.4416 0.3992 4.4795 1.0000	</row3>
				</transform>
			</node>
			<node>
				<identifier>	MP_CM109_Leadsman_Platform_INDEX_1	</identifier>
				<transform>
					<row0>	0.0031 -0.9994 0.0337 0.0000	</row0>
					<row1>	-0.9884 0.0021 0.1517 0.0000	</row1>
					<row2>	-0.1517 -0.0338 -0.9878 0.0000	</row2>
					<row3>	-0.4416 0.3992 4.4795 1.0000	</row3>
				</transform>
			</node>
			<node>
				<identifier>	MP_CM126_Cleat	</identifier>
				<transform>
					<row0>	0.9878 -0.0046 0.1554 0.0000	</row0>
					<row1>	0.0088 0.9996 -0.0264 0.0000	</row1>
					<row2>	-0.1552 0.0274 0.9875 0.0000	</row2>
					<row3>	0.4192 0.3910 4.5073 1.0000	</row3>
				</transform>
			</node>
			<node>
				<identifier>	MP_CM126_Cleat_INDEX_1	</identifier>
				<transform>
					<row0>	0.9878 0.0046 -0.1554 0.0000	</row0>
					<row1>	-0.0088 0.9996 -0.0264 0.0000	</row1>
					<row2>	0.1552 0.0274 0.9875 0.0000	</row2>
					<row3>	-0.4192 0.3910 4.5073 1.0000	</row3>
				</transform>
			</node>
			<node>
				<identifier>	MP_GM016_Sleeve	</identifier>
				<transform>
					<row0>	0.6046 0.0000 -0.6201 0.0000	</row0>
					<row1>	0.0000 0.8661 0.0000 0.0000	</row1>
					<row2>	0.6201 0.0000 0.6046 0.0000	</row2>
					<row3>	-0.1872 0.4135 3.6602 1.0000	</row3>
				</transform>
			</node>
			<node>
				<identifier>	MP_GM863_Signal_White	</identifier>
				<transform>
					<row0>	-0.5718 0.0000 0.0000 0.0000	</row0>
					<row1>	0.0000 0.5718 0.0000 0.0000	</row1>
					<row2>	0.0000 0.0000 -0.5718 0.0000	</row2>
					<row3>	0.0000 0.6432 6.1137 1.0000	</row3>
				</transform>
			</node>
			<node>
				<identifier>	MP_GM918_Torpedo_crane	</identifier>
				<transform>
					<row0>	1.0000 0.0077 -0.0002 0.0000	</row0>
					<row1>	-0.0077 0.9996 -0.0255 0.0000	</row1>
					<row2>	0.0000 0.0255 0.9997 0.0000	</row2>
					<row3>	-0.0356 0.3864 4.2025 1.0000	</row3>
				</transform>
			</node>
			<node>
				<identifier>	MP_GM969_Anchor_up	</identifier>
				<transform>
					<row0>	0.0385 -0.7967 -0.6509 0.0000	</row0>
					<row1>	0.4702 0.5930 -0.6980 0.0000	</row1>
					<row2>	0.9151 -0.2712 0.3861 0.0000	</row2>
					<row3>	-0.1384 0.2883 5.8740 1.0000	</row3>
				</transform>
			</node>
			<node>
				<identifier>	MP_GM969_Anchor_up_INDEX_1	</identifier>
				<transform>
					<row0>	0.1737 -0.8593 -0.5398 0.0000	</row0>
					<row1>	0.4233 0.5591 -0.7538 0.0000	</row1>
					<row2>	0.9223 -0.0947 0.4476 0.0000	</row2>
					<row3>	-0.2026 0.2775 5.6460 1.0000	</row3>
				</transform>
			</node>
			<node>
				<identifier>	MP_GM969_Anchor_up_INDEX_2	</identifier>
				<transform>
					<row0>	0.0385 0.7967 0.6509 0.0000	</row0>
					<row1>	-0.4702 0.5930 -0.6980 0.0000	</row1>
					<row2>	-0.9151 -0.2712 0.3861 0.0000	</row2>
					<row3>	0.1384 0.2883 5.8740 1.0000	</row3>
				</transform>
			</node>
			<node>
				<identifier>	MP_GM970_Anchor_bottom	</identifier>
				<transform>
					<row0>	0.1308 -0.8595 -0.5515 0.0000	</row0>
					<row1>	-0.0488 0.5501 -0.8689 0.0000	</row1>
					<row2>	1.0200 0.1365 0.0292 0.0000	</row2>
					<row3>	-0.1937 0.2792 5.6468 1.0000	</row3>
				</transform>
			</node>
			<node>
				<identifier>	MP_GM970_Anchor_bottom_INDEX_1	</identifier>
				<transform>
					<row0>	0.0306 -0.8578 -0.5685 0.0000	</row0>
					<row1>	-0.0284 0.5679 -0.8583 0.0000	</row1>
					<row2>	1.0287 0.0412 -0.0067 0.0000	</row2>
					<row3>	-0.1384 0.2897 5.8742 1.0000	</row3>
				</transform>
			</node>
			<node>
				<identifier>	MP_GM970_Anchor_bottom_INDEX_2	</identifier>
				<transform>
					<row0>	0.0306 0.8578 0.5685 0.0000	</row0>
					<row1>	0.0284 0.5679 -0.8583 0.0000	</row1>
					<row2>	-1.0287 0.0412 -0.0067 0.0000	</row2>
					<row3>	0.1384 0.2897 5.8742 1.0000	</row3>
				</transform>
			</node>
		</node>
	</node>
	<boundingBox>
		<min>	-0.0667 -0.0667 -0.0667	</min>
		<max>	0.0667 0.0667 0.0667	</max>
	</boundingBox>
</GSB032_Moltke_1914_Bow_ports.visual>
