<RSC028_Oleg_1905_Stern_ports.visual>
	<node>
		<identifier>	Scene Root	</identifier>
		<transform>
			<row0>	1.0000 0.0000 0.0000 0.0000	</row0>
			<row1>	0.0000 1.0000 0.0000 0.0000	</row1>
			<row2>	0.0000 0.0000 1.0000 0.0000	</row2>
			<row3>	0.0000 0.0000 0.0000 1.0000	</row3>
		</transform>
		<node>
			<identifier>	Stern_ports	</identifier>
			<transform>
				<row0>	1.0000 0.0000 0.0000 0.0000	</row0>
				<row1>	0.0000 1.0000 0.0000 0.0000	</row1>
				<row2>	0.0000 0.0000 1.0000 0.0000	</row2>
				<row3>	0.0000 0.0000 0.0000 1.0000	</row3>
			</transform>
			<node>
				<identifier>	HP_FX_Fire_4	</identifier>
				<transform>
					<row0>	1.0000 0.0000 0.0000 0.0000	</row0>
					<row1>	0.0000 1.0000 0.0000 0.0000	</row1>
					<row2>	0.0000 0.0000 1.0000 0.0000	</row2>
					<row3>	0.0000 0.4110 -3.6735 1.0000	</row3>
				</transform>
			</node>
			<node>
				<identifier>	HP_FX_Flood_steam_right	</identifier>
				<transform>
					<row0>	1.0000 0.0000 0.0000 0.0000	</row0>
					<row1>	0.0000 1.0000 0.0000 0.0000	</row1>
					<row2>	0.0000 0.0000 1.0000 0.0000	</row2>
					<row3>	0.3660 0.3450 -2.8620 1.0000	</row3>
				</transform>
			</node>
			<node>
				<identifier>	HP_FX_WakeTraceBack	</identifier>
				<transform>
					<row0>	1.0000 0.0000 0.0000 0.0000	</row0>
					<row1>	0.0000 1.0000 0.0000 0.0000	</row1>
					<row2>	0.0000 0.0000 1.0000 0.0000	</row2>
					<row3>	0.0000 0.0000 -4.3434 1.0000	</row3>
				</transform>
			</node>
			<node>
				<identifier>	HP_FX_WakeTrace_screw_1	</identifier>
				<transform>
					<row0>	1.0000 0.0000 0.0000 0.0000	</row0>
					<row1>	0.0000 1.0000 0.0000 0.0000	</row1>
					<row2>	0.0000 0.0000 1.0000 0.0000	</row2>
					<row3>	-0.1959 -0.2806 -3.9057 1.0000	</row3>
				</transform>
			</node>
			<node>
				<identifier>	HP_FX_WakeTrace_screw_2	</identifier>
				<transform>
					<row0>	1.0000 0.0000 0.0000 0.0000	</row0>
					<row1>	0.0000 1.0000 0.0000 0.0000	</row1>
					<row2>	0.0000 0.0000 1.0000 0.0000	</row2>
					<row3>	0.1959 -0.2806 -3.9057 1.0000	</row3>
				</transform>
			</node>
			<node>
				<identifier>	HP_RGM_10	</identifier>
				<transform>
					<row0>	-1.0000 0.0000 0.0000 0.0000	</row0>
					<row1>	0.0000 1.0000 0.0000 0.0000	</row1>
					<row2>	0.0000 0.0000 -1.0000 0.0000	</row2>
					<row3>	0.0033 0.4096 -2.9972 1.0000	</row3>
				</transform>
			</node>
			<node>
				<identifier>	HP_Ship_death_3	</identifier>
				<transform>
					<row0>	1.0000 0.0000 0.0000 0.0000	</row0>
					<row1>	0.0000 1.0000 0.0000 0.0000	</row1>
					<row2>	0.0000 0.0000 1.0000 0.0000	</row2>
					<row3>	0.0000 0.0000 -2.8370 1.0000	</row3>
				</transform>
			</node>
			<node>
				<identifier>	MP_CM001_Propeller3_L	</identifier>
				<transform>
					<row0>	0.9997 0.0000 -0.0262 0.0000	</row0>
					<row1>	0.0000 1.0000 0.0000 0.0000	</row1>
					<row2>	0.0262 0.0000 0.9997 0.0000	</row2>
					<row3>	-0.1959 -0.2806 -3.9057 1.0000	</row3>
				</transform>
			</node>
			<node>
				<identifier>	MP_CM011_Fire_Fighting_Gear	</identifier>
				<transform>
					<row0>	1.0000 0.0000 0.0000 0.0000	</row0>
					<row1>	0.0000 1.0000 0.0000 0.0000	</row1>
					<row2>	0.0000 0.0000 1.0000 0.0000	</row2>
					<row3>	0.0000 0.3983 -3.3567 1.0000	</row3>
				</transform>
			</node>
			<node>
				<identifier>	MP_CM032_Propeller3_R	</identifier>
				<transform>
					<row0>	0.9997 0.0000 0.0262 0.0000	</row0>
					<row1>	0.0000 1.0000 0.0000 0.0000	</row1>
					<row2>	-0.0262 0.0000 0.9997 0.0000	</row2>
					<row3>	0.1959 -0.2806 -3.9057 1.0000	</row3>
				</transform>
			</node>
			<node>
				<identifier>	MP_CM126_Cleat	</identifier>
				<transform>
					<row0>	0.9596 0.0419 0.2783 0.0000	</row0>
					<row1>	-0.0363 0.9990 -0.0251 0.0000	</row1>
					<row2>	-0.2791 0.0139 0.9602 0.0000	</row2>
					<row3>	-0.1567 0.4019 -4.1457 1.0000	</row3>
				</transform>
			</node>
			<node>
				<identifier>	MP_CM126_Cleat_INDEX_1	</identifier>
				<transform>
					<row0>	0.9884 0.0396 0.1469 0.0000	</row0>
					<row1>	-0.0363 0.9990 -0.0251 0.0000	</row1>
					<row2>	-0.1477 0.0194 0.9888 0.0000	</row2>
					<row3>	-0.2956 0.3932 -3.4507 1.0000	</row3>
				</transform>
			</node>
			<node>
				<identifier>	MP_CM126_Cleat_INDEX_2	</identifier>
				<transform>
					<row0>	0.9596 -0.0419 -0.2783 0.0000	</row0>
					<row1>	0.0363 0.9990 -0.0251 0.0000	</row1>
					<row2>	0.2791 0.0139 0.9602 0.0000	</row2>
					<row3>	0.1567 0.4019 -4.1457 1.0000	</row3>
				</transform>
			</node>
			<node>
				<identifier>	MP_CM126_Cleat_INDEX_3	</identifier>
				<transform>
					<row0>	0.9884 -0.0396 -0.1469 0.0000	</row0>
					<row1>	0.0363 0.9990 -0.0251 0.0000	</row1>
					<row2>	0.1477 0.0194 0.9888 0.0000	</row2>
					<row3>	0.2956 0.3932 -3.4507 1.0000	</row3>
				</transform>
			</node>
			<node>
				<identifier>	MP_RM214_Life_Buoy	</identifier>
				<transform>
					<row0>	0.1621 0.0000 0.9868 0.0000	</row0>
					<row1>	0.0000 1.0000 0.0000 0.0000	</row1>
					<row2>	-0.9868 0.0000 0.1621 0.0000	</row2>
					<row3>	0.3000 0.4601 -3.5861 1.0000	</row3>
				</transform>
			</node>
			<node>
				<identifier>	MP_RM214_Life_Buoy_INDEX_1	</identifier>
				<transform>
					<row0>	0.1621 0.0000 -0.9868 0.0000	</row0>
					<row1>	0.0000 1.0000 0.0000 0.0000	</row1>
					<row2>	0.9868 0.0000 0.1621 0.0000	</row2>
					<row3>	-0.3000 0.4601 -3.5861 1.0000	</row3>
				</transform>
			</node>
			<node>
				<identifier>	MP_RM219_Fairlead	</identifier>
				<transform>
					<row0>	0.9703 0.0112 0.2418 0.0000	</row0>
					<row1>	-0.0132 0.9999 0.0067 0.0000	</row1>
					<row2>	-0.2417 -0.0097 0.9703 0.0000	</row2>
					<row3>	-0.2236 0.4023 -3.9621 1.0000	</row3>
				</transform>
			</node>
			<node>
				<identifier>	MP_RM219_Fairlead_INDEX_1	</identifier>
				<transform>
					<row0>	0.9900 0.0118 0.1408 0.0000	</row0>
					<row1>	-0.0143 0.9998 0.0163 0.0000	</row1>
					<row2>	-0.1405 -0.0181 0.9899 0.0000	</row2>
					<row3>	-0.3386 0.3931 -3.2749 1.0000	</row3>
				</transform>
			</node>
			<node>
				<identifier>	MP_RM219_Fairlead_INDEX_2	</identifier>
				<transform>
					<row0>	0.9703 -0.0112 -0.2418 0.0000	</row0>
					<row1>	0.0132 0.9999 0.0067 0.0000	</row1>
					<row2>	0.2417 -0.0097 0.9703 0.0000	</row2>
					<row3>	0.2236 0.4023 -3.9621 1.0000	</row3>
				</transform>
			</node>
			<node>
				<identifier>	MP_RM219_Fairlead_INDEX_3	</identifier>
				<transform>
					<row0>	0.9900 -0.0118 -0.1408 0.0000	</row0>
					<row1>	0.0143 0.9998 0.0163 0.0000	</row1>
					<row2>	0.1405 -0.0181 0.9899 0.0000	</row2>
					<row3>	0.3386 0.3931 -3.2749 1.0000	</row3>
				</transform>
			</node>
			<node>
				<identifier>	MP_RM255_Break_Handwheel	</identifier>
				<transform>
					<row0>	1.0000 0.0000 0.0000 0.0000	</row0>
					<row1>	0.0000 1.0000 0.0000 0.0000	</row1>
					<row2>	0.0000 0.0000 1.0000 0.0000	</row2>
					<row3>	0.0469 0.3981 -3.4610 1.0000	</row3>
				</transform>
			</node>
			<node>
				<identifier>	MP_RM273_Fire_Hose_Rack_box	</identifier>
				<transform>
					<row0>	-1.0000 0.0000 0.0000 0.0000	</row0>
					<row1>	0.0000 0.9602 0.2791 0.0000	</row1>
					<row2>	0.0000 0.2791 -0.9602 0.0000	</row2>
					<row3>	0.0999 0.4245 -3.3127 1.0000	</row3>
				</transform>
			</node>
			<node>
				<identifier>	MP_RM320_Rescue_Eggs	</identifier>
				<transform>
					<row0>	-0.2952 0.0005 -0.9554 0.0000	</row0>
					<row1>	0.0488 0.9987 -0.0145 0.0000	</row1>
					<row2>	0.9542 -0.0509 -0.2948 0.0000	</row2>
					<row3>	0.1916 0.3958 -4.1515 1.0000	</row3>
				</transform>
			</node>
			<node>
				<identifier>	MP_RM320_Rescue_Eggs_INDEX_1	</identifier>
				<transform>
					<row0>	-0.2952 -0.0005 0.9554 0.0000	</row0>
					<row1>	-0.0488 0.9987 -0.0145 0.0000	</row1>
					<row2>	-0.9542 -0.0509 -0.2948 0.0000	</row2>
					<row3>	-0.1916 0.3958 -4.1515 1.0000	</row3>
				</transform>
			</node>
			<node>
				<identifier>	MP_RM840_Crest_Oleg	</identifier>
				<transform>
					<row0>	-0.2885 0.0000 0.0000 0.0000	</row0>
					<row1>	0.0000 0.2885 0.0000 0.0000	</row1>
					<row2>	0.0000 0.0000 -0.2885 0.0000	</row2>
					<row3>	0.0000 0.1459 -4.4130 1.0000	</row3>
				</transform>
			</node>
		</node>
	</node>
	<boundingBox>
		<min>	-0.0667 -0.0667 -0.0667	</min>
		<max>	0.0667 0.0667 0.0667	</max>
	</boundingBox>
</RSC028_Oleg_1905_Stern_ports.visual>
