<ASC069_Anchorage_1942_Bow_ports.visual>
	<node>
		<identifier>	Scene Root	</identifier>
		<transform>
			<row0>	1.0000 0.0000 0.0000 0.0000	</row0>
			<row1>	0.0000 1.0000 0.0000 0.0000	</row1>
			<row2>	0.0000 0.0000 1.0000 0.0000	</row2>
			<row3>	0.0000 0.0000 0.0000 1.0000	</row3>
		</transform>
		<node>
			<identifier>	Bow_ports	</identifier>
			<transform>
				<row0>	1.0000 0.0000 0.0000 0.0000	</row0>
				<row1>	0.0000 1.0000 0.0000 0.0000	</row1>
				<row2>	0.0000 0.0000 1.0000 0.0000	</row2>
				<row3>	0.0000 0.0000 0.0000 1.0000	</row3>
			</transform>
			<node>
				<identifier>	HP_AGA_1	</identifier>
				<transform>
					<row0>	0.7071 0.0000 0.7071 0.0000	</row0>
					<row1>	0.0000 1.0000 0.0000 0.0000	</row1>
					<row2>	-0.7071 0.0000 0.7071 0.0000	</row2>
					<row3>	-0.2643 0.5645 5.7683 1.0000	</row3>
				</transform>
			</node>
			<node>
				<identifier>	HP_AGA_2	</identifier>
				<transform>
					<row0>	0.7071 0.0000 -0.7071 0.0000	</row0>
					<row1>	0.0000 1.0000 0.0000 0.0000	</row1>
					<row2>	0.7071 0.0000 0.7071 0.0000	</row2>
					<row3>	0.2643 0.5645 5.7683 1.0000	</row3>
				</transform>
			</node>
			<node>
				<identifier>	HP_AGA_3	</identifier>
				<transform>
					<row0>	0.7071 0.0000 0.7071 0.0000	</row0>
					<row1>	0.0000 1.0000 0.0000 0.0000	</row1>
					<row2>	-0.7071 0.0000 0.7071 0.0000	</row2>
					<row3>	-0.2841 0.5556 5.5529 1.0000	</row3>
				</transform>
			</node>
			<node>
				<identifier>	HP_AGA_4	</identifier>
				<transform>
					<row0>	0.7071 0.0000 -0.7071 0.0000	</row0>
					<row1>	0.0000 1.0000 0.0000 0.0000	</row1>
					<row2>	0.7071 0.0000 0.7071 0.0000	</row2>
					<row3>	0.2841 0.5556 5.5529 1.0000	</row3>
				</transform>
			</node>
			<node>
				<identifier>	HP_AGM_1	</identifier>
				<transform>
					<row0>	1.0000 0.0000 0.0000 0.0000	</row0>
					<row1>	0.0000 1.0000 0.0000 0.0000	</row1>
					<row2>	0.0000 0.0000 1.0000 0.0000	</row2>
					<row3>	0.0000 0.5710 4.4884 1.0000	</row3>
				</transform>
			</node>
			<node>
				<identifier>	HP_FX_Death_1	</identifier>
				<transform>
					<row0>	1.0000 0.0000 0.0000 0.0000	</row0>
					<row1>	0.0000 1.0000 0.0000 0.0000	</row1>
					<row2>	0.0000 0.0000 1.0000 0.0000	</row2>
					<row3>	0.0000 0.0000 4.9241 1.0000	</row3>
				</transform>
			</node>
			<node>
				<identifier>	HP_FX_Fire_1	</identifier>
				<transform>
					<row0>	1.0000 0.0000 0.0000 0.0000	</row0>
					<row1>	0.0000 1.0000 0.0000 0.0000	</row1>
					<row2>	0.0000 0.0000 1.0000 0.0000	</row2>
					<row3>	0.0000 0.5886 5.7163 1.0000	</row3>
				</transform>
			</node>
			<node>
				<identifier>	HP_FX_Flood_water_left_5	</identifier>
				<transform>
					<row0>	-1.0000 0.0000 0.0000 0.0000	</row0>
					<row1>	0.0000 1.0000 0.0000 0.0000	</row1>
					<row2>	0.0000 0.0000 -1.0000 0.0000	</row2>
					<row3>	-0.4202 0.1263 4.4615 1.0000	</row3>
				</transform>
			</node>
			<node>
				<identifier>	HP_FX_Flood_water_right_5	</identifier>
				<transform>
					<row0>	1.0000 0.0000 0.0000 0.0000	</row0>
					<row1>	0.0000 1.0000 0.0000 0.0000	</row1>
					<row2>	0.0000 0.0000 1.0000 0.0000	</row2>
					<row3>	0.4227 0.1240 4.4613 1.0000	</row3>
				</transform>
			</node>
			<node>
				<identifier>	HP_FX_WakeTrace	</identifier>
				<transform>
					<row0>	1.0000 0.0000 0.0000 0.0000	</row0>
					<row1>	0.0000 1.0000 0.0000 0.0000	</row1>
					<row2>	0.0000 0.0000 1.0000 0.0000	</row2>
					<row3>	0.0000 0.0000 7.2999 1.0000	</row3>
				</transform>
			</node>
			<node>
				<identifier>	HP_Ship_death_1	</identifier>
				<transform>
					<row0>	1.0000 0.0000 0.0000 0.0000	</row0>
					<row1>	0.0000 1.0000 0.0000 0.0000	</row1>
					<row2>	0.0000 0.0000 1.0000 0.0000	</row2>
					<row3>	0.0000 0.0000 3.4520 1.0000	</row3>
				</transform>
			</node>
			<node>
				<identifier>	MP_AM004_Fairlead_2	</identifier>
				<transform>
					<row0>	-0.1455 0.0453 0.9883 0.0000	</row0>
					<row1>	-0.0003 0.9989 -0.0459 0.0000	</row1>
					<row2>	-0.9894 -0.0069 -0.1453 0.0000	</row2>
					<row3>	0.3210 0.5825 6.1481 1.0000	</row3>
				</transform>
			</node>
			<node>
				<identifier>	MP_AM004_Fairlead_2_INDEX_1	</identifier>
				<transform>
					<row0>	0.1452 0.0436 0.9884 0.0000	</row0>
					<row1>	0.0000 0.9990 -0.0440 0.0000	</row1>
					<row2>	-0.9894 0.0064 0.1451 0.0000	</row2>
					<row3>	-0.3210 0.5825 6.1481 1.0000	</row3>
				</transform>
			</node>
			<node>
				<identifier>	MP_AM005_Bollard_1	</identifier>
				<transform>
					<row0>	0.9845 0.0000 -0.1754 0.0000	</row0>
					<row1>	-0.0090 0.9987 -0.0504 0.0000	</row1>
					<row2>	0.1752 0.0512 0.9832 0.0000	</row2>
					<row3>	-0.2277 0.5917 6.3898 1.0000	</row3>
				</transform>
			</node>
			<node>
				<identifier>	MP_AM005_Bollard_1_INDEX_1	</identifier>
				<transform>
					<row0>	0.9845 0.0000 0.1754 0.0000	</row0>
					<row1>	0.0090 0.9987 -0.0504 0.0000	</row1>
					<row2>	-0.1752 0.0512 0.9832 0.0000	</row2>
					<row3>	0.2277 0.5917 6.3898 1.0000	</row3>
				</transform>
			</node>
			<node>
				<identifier>	MP_AM005_Bollard_1_INDEX_2	</identifier>
				<transform>
					<row0>	1.5000 0.0000 0.0000 0.0000	</row0>
					<row1>	0.0000 1.4980 -0.0768 0.0000	</row1>
					<row2>	0.0000 0.0768 1.4980 0.0000	</row2>
					<row3>	0.0000 0.6297 7.1588 1.0000	</row3>
				</transform>
			</node>
			<node>
				<identifier>	MP_AM005_Bollard_1_INDEX_3	</identifier>
				<transform>
					<row0>	0.9915 0.0000 -0.1300 0.0000	</row0>
					<row1>	-0.0044 0.9994 -0.0335 0.0000	</row1>
					<row2>	0.1300 0.0338 0.9909 0.0000	</row2>
					<row3>	-0.4352 0.5366 5.0461 1.0000	</row3>
				</transform>
			</node>
			<node>
				<identifier>	MP_AM005_Bollard_1_INDEX_4	</identifier>
				<transform>
					<row0>	0.9915 0.0000 0.1300 0.0000	</row0>
					<row1>	0.0044 0.9994 -0.0335 0.0000	</row1>
					<row2>	-0.1300 0.0338 0.9909 0.0000	</row2>
					<row3>	0.4352 0.5366 5.0461 1.0000	</row3>
				</transform>
			</node>
			<node>
				<identifier>	MP_AM021_Ventilators_3	</identifier>
				<transform>
					<row0>	1.0000 0.0000 0.0000 0.0000	</row0>
					<row1>	0.0000 1.0000 0.0000 0.0000	</row1>
					<row2>	0.0000 0.0000 1.0000 0.0000	</row2>
					<row3>	0.0820 0.5561 5.7823 1.0000	</row3>
				</transform>
			</node>
			<node>
				<identifier>	MP_AM021_Ventilators_3_INDEX_1	</identifier>
				<transform>
					<row0>	1.0000 0.0000 0.0000 0.0000	</row0>
					<row1>	0.0000 1.0000 0.0000 0.0000	</row1>
					<row2>	0.0000 0.0000 1.0000 0.0000	</row2>
					<row3>	-0.2642 0.5005 4.0313 1.0000	</row3>
				</transform>
			</node>
			<node>
				<identifier>	MP_AM021_Ventilators_3_INDEX_2	</identifier>
				<transform>
					<row0>	1.0000 0.0000 0.0000 0.0000	</row0>
					<row1>	0.0000 1.0000 0.0000 0.0000	</row1>
					<row2>	0.0000 0.0000 1.0000 0.0000	</row2>
					<row3>	-0.0820 0.5561 5.7823 1.0000	</row3>
				</transform>
			</node>
			<node>
				<identifier>	MP_AM021_Ventilators_3_INDEX_3	</identifier>
				<transform>
					<row0>	1.0000 0.0000 0.0000 0.0000	</row0>
					<row1>	0.0000 1.0000 0.0000 0.0000	</row1>
					<row2>	0.0000 0.0000 1.0000 0.0000	</row2>
					<row3>	0.2610 0.5005 4.0322 1.0000	</row3>
				</transform>
			</node>
			<node>
				<identifier>	MP_AM023_Hatch_1	</identifier>
				<transform>
					<row0>	0.0000 0.0000 1.0000 0.0000	</row0>
					<row1>	0.0000 1.0000 0.0000 0.0000	</row1>
					<row2>	-1.0000 0.0000 0.0000 0.0000	</row2>
					<row3>	0.0606 0.6263 7.1909 1.0000	</row3>
				</transform>
			</node>
			<node>
				<identifier>	MP_AM023_Hatch_1_INDEX_1	</identifier>
				<transform>
					<row0>	0.0000 0.0000 1.0000 0.0000	</row0>
					<row1>	0.0000 1.0000 0.0000 0.0000	</row1>
					<row2>	-1.0000 0.0000 0.0000 0.0000	</row2>
					<row3>	-0.0394 0.5009 3.9307 1.0000	</row3>
				</transform>
			</node>
			<node>
				<identifier>	MP_AM024_Hatch_2	</identifier>
				<transform>
					<row0>	1.0000 0.0000 0.0000 0.0000	</row0>
					<row1>	0.0000 1.0000 0.0000 0.0000	</row1>
					<row2>	0.0000 0.0000 1.0000 0.0000	</row2>
					<row3>	-0.3809 0.5155 4.5123 1.0000	</row3>
				</transform>
			</node>
			<node>
				<identifier>	MP_AM024_Hatch_2_INDEX_1	</identifier>
				<transform>
					<row0>	1.0000 0.0000 0.0000 0.0000	</row0>
					<row1>	0.0000 1.0000 0.0000 0.0000	</row1>
					<row2>	0.0000 0.0000 1.0000 0.0000	</row2>
					<row3>	0.0000 0.5534 5.5673 1.0000	</row3>
				</transform>
			</node>
			<node>
				<identifier>	MP_AM024_Hatch_2_INDEX_2	</identifier>
				<transform>
					<row0>	1.0000 0.0000 0.0000 0.0000	</row0>
					<row1>	0.0000 1.0000 0.0000 0.0000	</row1>
					<row2>	0.0000 0.0000 1.0000 0.0000	</row2>
					<row3>	0.1310 0.5013 3.9420 1.0000	</row3>
				</transform>
			</node>
			<node>
				<identifier>	MP_AM024_Hatch_2_INDEX_3	</identifier>
				<transform>
					<row0>	1.0000 0.0000 0.0000 0.0000	</row0>
					<row1>	0.0000 1.0000 0.0000 0.0000	</row1>
					<row2>	0.0000 0.0000 1.0000 0.0000	</row2>
					<row3>	0.3809 0.5155 4.5123 1.0000	</row3>
				</transform>
			</node>
			<node>
				<identifier>	MP_AM049_Signal_Lamp_1	</identifier>
				<transform>
					<row0>	1.0000 0.0000 0.0000 0.0000	</row0>
					<row1>	0.0000 1.0000 0.0000 0.0000	</row1>
					<row2>	0.0000 0.0000 1.0000 0.0000	</row2>
					<row3>	0.0000 0.9793 7.4866 1.0000	</row3>
				</transform>
			</node>
			<node>
				<identifier>	MP_AM088_Capstan_1	</identifier>
				<transform>
					<row0>	0.5000 0.0000 0.0000 0.0000	</row0>
					<row1>	0.0000 0.5000 0.0000 0.0000	</row1>
					<row2>	0.0000 0.0000 0.5000 0.0000	</row2>
					<row3>	0.1881 0.5795 6.1126 1.0000	</row3>
				</transform>
			</node>
			<node>
				<identifier>	MP_AM088_Capstan_1_INDEX_1	</identifier>
				<transform>
					<row0>	0.5000 0.0000 0.0000 0.0000	</row0>
					<row1>	0.0000 0.5000 0.0000 0.0000	</row1>
					<row2>	0.0000 0.0000 0.5000 0.0000	</row2>
					<row3>	-0.1887 0.5795 6.1126 1.0000	</row3>
				</transform>
			</node>
			<node>
				<identifier>	MP_AM100_Spare_barrel_tube	</identifier>
				<transform>
					<row0>	-0.1435 0.2005 0.9691 0.0000	</row0>
					<row1>	0.0090 0.9795 -0.2013 0.0000	</row1>
					<row2>	-0.9896 -0.0201 -0.1423 0.0000	</row2>
					<row3>	0.3677 0.5733 5.7827 1.0000	</row3>
				</transform>
			</node>
			<node>
				<identifier>	MP_AM100_Spare_barrel_tube_INDEX_1	</identifier>
				<transform>
					<row0>	0.0458 -0.8942 0.4453 0.0000	</row0>
					<row1>	-0.1362 -0.4472 -0.8840 0.0000	</row1>
					<row2>	0.9896 -0.0201 -0.1423 0.0000	</row2>
					<row3>	-0.3812 0.5695 5.6883 1.0000	</row3>
				</transform>
			</node>
			<node>
				<identifier>	MP_AM100_Spare_barrel_tube_INDEX_2	</identifier>
				<transform>
					<row0>	-0.1435 0.2005 0.9691 0.0000	</row0>
					<row1>	0.0090 0.9795 -0.2013 0.0000	</row1>
					<row2>	-0.9896 -0.0201 -0.1423 0.0000	</row2>
					<row3>	0.3812 0.5695 5.6883 1.0000	</row3>
				</transform>
			</node>
			<node>
				<identifier>	MP_AM100_Spare_barrel_tube_INDEX_3	</identifier>
				<transform>
					<row0>	0.0458 -0.8942 0.4453 0.0000	</row0>
					<row1>	-0.1362 -0.4472 -0.8840 0.0000	</row1>
					<row2>	0.9896 -0.0201 -0.1423 0.0000	</row2>
					<row3>	-0.3677 0.5733 5.7827 1.0000	</row3>
				</transform>
			</node>
			<node>
				<identifier>	MP_AM108_Reels_4	</identifier>
				<transform>
					<row0>	0.8666 0.0084 0.4989 0.0000	</row0>
					<row1>	0.0006 0.9998 -0.0179 0.0000	</row1>
					<row2>	-0.4990 0.0158 0.8665 0.0000	</row2>
					<row3>	-0.2015 0.5035 3.9067 1.0000	</row3>
				</transform>
			</node>
			<node>
				<identifier>	MP_AM108_Reels_4_INDEX_1	</identifier>
				<transform>
					<row0>	0.9214 -0.0131 -0.3885 0.0000	</row0>
					<row1>	0.0005 0.9995 -0.0325 0.0000	</row1>
					<row2>	0.3887 0.0298 0.9209 0.0000	</row2>
					<row3>	0.2459 0.5463 5.2840 1.0000	</row3>
				</transform>
			</node>
			<node>
				<identifier>	MP_AM108_Reels_4_INDEX_2	</identifier>
				<transform>
					<row0>	0.9214 0.0131 0.3885 0.0000	</row0>
					<row1>	-0.0005 0.9995 -0.0325 0.0000	</row1>
					<row2>	-0.3887 0.0298 0.9209 0.0000	</row2>
					<row3>	-0.2459 0.5463 5.2840 1.0000	</row3>
				</transform>
			</node>
			<node>
				<identifier>	MP_AM129_Turtles_box	</identifier>
				<transform>
					<row0>	-0.5775 0.0000 0.8164 0.0000	</row0>
					<row1>	0.0000 1.0000 0.0000 0.0000	</row1>
					<row2>	-0.8164 0.0000 -0.5775 0.0000	</row2>
					<row3>	0.1958 0.5625 5.4965 1.0000	</row3>
				</transform>
			</node>
			<node>
				<identifier>	MP_AM148_Hatch_8	</identifier>
				<transform>
					<row0>	1.0000 0.0000 0.0000 0.0000	</row0>
					<row1>	0.0000 0.9967 -0.0813 0.0000	</row1>
					<row2>	0.0000 0.0813 0.9967 0.0000	</row2>
					<row3>	0.0000 0.6417 7.3039 1.0000	</row3>
				</transform>
			</node>
			<node>
				<identifier>	MP_AM247_Ammunition_Box	</identifier>
				<transform>
					<row0>	0.8897 -0.0005 0.1308 0.0000	</row0>
					<row1>	0.0067 0.9991 -0.0418 0.0000	</row1>
					<row2>	-0.1453 0.0424 0.9885 0.0000	</row2>
					<row3>	0.3430 0.5603 5.7153 1.0000	</row3>
				</transform>
			</node>
			<node>
				<identifier>	MP_AM247_Ammunition_Box_INDEX_1	</identifier>
				<transform>
					<row0>	0.8897 0.0005 -0.1308 0.0000	</row0>
					<row1>	-0.0067 0.9991 -0.0418 0.0000	</row1>
					<row2>	0.1453 0.0424 0.9885 0.0000	</row2>
					<row3>	-0.3430 0.5603 5.7153 1.0000	</row3>
				</transform>
			</node>
			<node>
				<identifier>	MP_AM247_Ammunition_Box_INDEX_2	</identifier>
				<transform>
					<row0>	0.8897 -0.0005 0.1308 0.0000	</row0>
					<row1>	0.0067 0.9991 -0.0418 0.0000	</row1>
					<row2>	-0.1453 0.0424 0.9885 0.0000	</row2>
					<row3>	0.3544 0.5570 5.6381 1.0000	</row3>
				</transform>
			</node>
			<node>
				<identifier>	MP_AM247_Ammunition_Box_INDEX_3	</identifier>
				<transform>
					<row0>	0.8897 0.0005 -0.1308 0.0000	</row0>
					<row1>	-0.0067 0.9991 -0.0418 0.0000	</row1>
					<row2>	0.1453 0.0424 0.9885 0.0000	</row2>
					<row3>	-0.3544 0.5570 5.6381 1.0000	</row3>
				</transform>
			</node>
			<node>
				<identifier>	MP_AM485_Fairlead	</identifier>
				<transform>
					<row0>	-0.9948 0.0034 0.1022 0.0000	</row0>
					<row1>	0.0001 0.9995 -0.0318 0.0000	</row1>
					<row2>	-0.1023 -0.0317 -0.9943 0.0000	</row2>
					<row3>	-0.5124 0.5166 4.6518 1.0000	</row3>
				</transform>
			</node>
			<node>
				<identifier>	MP_AM485_Fairlead_INDEX_1	</identifier>
				<transform>
					<row0>	-0.9986 -0.0015 -0.0523 0.0000	</row0>
					<row1>	0.0001 0.9995 -0.0318 0.0000	</row1>
					<row2>	0.0523 -0.0318 -0.9981 0.0000	</row2>
					<row3>	0.5132 0.5166 4.6518 1.0000	</row3>
				</transform>
			</node>
			<node>
				<identifier>	MP_AM485_Fairlead_INDEX_2	</identifier>
				<transform>
					<row0>	-0.9938 0.0036 0.1115 0.0000	</row0>
					<row1>	-0.0008 0.9992 -0.0389 0.0000	</row1>
					<row2>	-0.1116 -0.0387 -0.9930 0.0000	</row2>
					<row3>	-0.4374 0.5416 5.3276 1.0000	</row3>
				</transform>
			</node>
			<node>
				<identifier>	MP_AM485_Fairlead_INDEX_3	</identifier>
				<transform>
					<row0>	-0.9936 -0.0052 -0.1131 0.0000	</row0>
					<row1>	-0.0008 0.9992 -0.0389 0.0000	</row1>
					<row2>	0.1132 -0.0386 -0.9928 0.0000	</row2>
					<row3>	0.4374 0.5416 5.3276 1.0000	</row3>
				</transform>
			</node>
			<node>
				<identifier>	MP_AM548_Break_Handwheel	</identifier>
				<transform>
					<row0>	-1.0000 0.0000 0.0000 0.0000	</row0>
					<row1>	0.0000 1.0000 0.0000 0.0000	</row1>
					<row2>	0.0000 0.0000 -1.0000 0.0000	</row2>
					<row3>	0.0318 0.5720 5.9449 1.0000	</row3>
				</transform>
			</node>
			<node>
				<identifier>	MP_AM548_Break_Handwheel_INDEX_1	</identifier>
				<transform>
					<row0>	-1.0000 0.0000 0.0000 0.0000	</row0>
					<row1>	0.0000 1.0000 0.0000 0.0000	</row1>
					<row2>	0.0000 0.0000 -1.0000 0.0000	</row2>
					<row3>	-0.0960 0.5720 5.9449 1.0000	</row3>
				</transform>
			</node>
			<node>
				<identifier>	MP_AM548_Break_Handwheel_INDEX_2	</identifier>
				<transform>
					<row0>	-1.0000 0.0000 0.0000 0.0000	</row0>
					<row1>	0.0000 1.0000 0.0000 0.0000	</row1>
					<row2>	0.0000 0.0000 -1.0000 0.0000	</row2>
					<row3>	0.0960 0.5720 5.9449 1.0000	</row3>
				</transform>
			</node>
			<node>
				<identifier>	MP_AM548_Break_Handwheel_INDEX_3	</identifier>
				<transform>
					<row0>	-1.0000 0.0000 0.0000 0.0000	</row0>
					<row1>	0.0000 1.0000 0.0000 0.0000	</row1>
					<row2>	0.0000 0.0000 -1.0000 0.0000	</row2>
					<row3>	-0.0318 0.5720 5.9449 1.0000	</row3>
				</transform>
			</node>
			<node>
				<identifier>	MP_AM590_Anchor_Chain_Jack	</identifier>
				<transform>
					<row0>	0.7941 0.0000 0.0000 0.0000	</row0>
					<row1>	0.0000 0.7929 -0.0429 0.0000	</row1>
					<row2>	0.0000 0.0429 0.7929 0.0000	</row2>
					<row3>	-0.1428 0.5894 6.3076 1.0000	</row3>
				</transform>
			</node>
			<node>
				<identifier>	MP_AM627_Ventilation	</identifier>
				<transform>
					<row0>	0.0000 0.0000 0.5772 0.0000	</row0>
					<row1>	0.0000 0.5772 0.0000 0.0000	</row1>
					<row2>	-0.5772 0.0000 0.0000 0.0000	</row2>
					<row3>	-0.2570 0.5130 4.9577 1.0000	</row3>
				</transform>
			</node>
			<node>
				<identifier>	MP_AM627_Ventilation_INDEX_1	</identifier>
				<transform>
					<row0>	0.0000 0.0000 -0.5772 0.0000	</row0>
					<row1>	0.0000 0.5772 0.0000 0.0000	</row1>
					<row2>	0.5772 0.0000 0.0000 0.0000	</row2>
					<row3>	0.2570 0.5130 4.9577 1.0000	</row3>
				</transform>
			</node>
			<node>
				<identifier>	SP_YMS001_YHBM_M_1	</identifier>
				<transform>
					<row0>	1.4711 0.0000 0.0000 0.0000	</row0>
					<row1>	0.0000 1.4711 0.0000 0.0000	</row1>
					<row2>	0.0000 0.0000 1.4711 0.0000	</row2>
					<row3>	0.0000 0.6611 7.4173 1.0000	</row3>
				</transform>
			</node>
			<node>
				<identifier>	SP_YMS002_YHBL_M_1	</identifier>
				<transform>
					<row0>	0.9967 -0.0812 -0.0020 0.0000	</row0>
					<row1>	0.0807 0.9925 -0.0915 0.0000	</row1>
					<row2>	0.0094 0.0910 0.9958 0.0000	</row2>
					<row3>	0.0000 0.6611 7.4173 1.0000	</row3>
				</transform>
			</node>
			<node>
				<identifier>	SP_YMS003_YHBR_M_1	</identifier>
				<transform>
					<row0>	0.9967 0.0812 0.0020 0.0000	</row0>
					<row1>	-0.0807 0.9925 -0.0915 0.0000	</row1>
					<row2>	-0.0094 0.0910 0.9958 0.0000	</row2>
					<row3>	0.0000 0.6611 7.4173 1.0000	</row3>
				</transform>
			</node>
			<node>
				<identifier>	SP_YMS004_YHXL_L_1	</identifier>
				<transform>
					<row0>	0.8628 0.4789 -0.1618 0.0000	</row0>
					<row1>	-0.4903 0.8707 -0.0376 0.0000	</row1>
					<row2>	0.1229 0.1118 0.9861 0.0000	</row2>
					<row3>	-0.1368 0.5358 7.0322 1.0000	</row3>
				</transform>
			</node>
			<node>
				<identifier>	SP_YMS005_YHXR_L_1	</identifier>
				<transform>
					<row0>	0.8636 -0.4796 0.1555 0.0000	</row0>
					<row1>	0.4919 0.8691 -0.0520 0.0000	</row1>
					<row2>	-0.1102 0.1214 0.9865 0.0000	</row2>
					<row3>	0.1368 0.5358 7.0322 1.0000	</row3>
				</transform>
			</node>
			<node>
				<identifier>	SP_YMS010_YHWM_L_1	</identifier>
				<transform>
					<row0>	0.8371 0.0000 0.0000 0.0000	</row0>
					<row1>	0.0000 0.8371 0.0000 0.0000	</row1>
					<row2>	0.0000 0.0000 0.8371 0.0000	</row2>
					<row3>	0.0000 0.0000 7.1993 1.0000	</row3>
				</transform>
			</node>
			<node>
				<identifier>	SP_YMS011_YHWL_M_1	</identifier>
				<transform>
					<row0>	0.9890 0.0000 -0.1478 0.0000	</row0>
					<row1>	0.0000 1.0000 0.0000 0.0000	</row1>
					<row2>	0.1478 0.0000 0.9890 0.0000	</row2>
					<row3>	-0.2106 0.0000 5.7336 1.0000	</row3>
				</transform>
			</node>
			<node>
				<identifier>	SP_YMS011_YHWL_M_1_INDEX_1	</identifier>
				<transform>
					<row0>	0.9890 0.0000 -0.1478 0.0000	</row0>
					<row1>	0.0000 1.0000 0.0000 0.0000	</row1>
					<row2>	0.1478 0.0000 0.9890 0.0000	</row2>
					<row3>	-0.3363 0.0000 4.8922 1.0000	</row3>
				</transform>
			</node>
			<node>
				<identifier>	SP_YMS011_YHWL_M_1_INDEX_2	</identifier>
				<transform>
					<row0>	0.9903 0.0000 -0.1390 0.0000	</row0>
					<row1>	0.0000 1.0000 0.0000 0.0000	</row1>
					<row2>	0.1390 0.0000 0.9903 0.0000	</row2>
					<row3>	-0.4583 0.0000 4.0494 1.0000	</row3>
				</transform>
			</node>
			<node>
				<identifier>	SP_YMS012_YHWR_M_1	</identifier>
				<transform>
					<row0>	0.9890 0.0000 0.1478 0.0000	</row0>
					<row1>	0.0000 1.0000 0.0000 0.0000	</row1>
					<row2>	-0.1478 0.0000 0.9890 0.0000	</row2>
					<row3>	0.2106 0.0000 5.7336 1.0000	</row3>
				</transform>
			</node>
			<node>
				<identifier>	SP_YMS012_YHWR_M_1_INDEX_1	</identifier>
				<transform>
					<row0>	0.9890 0.0000 0.1478 0.0000	</row0>
					<row1>	0.0000 1.0000 0.0000 0.0000	</row1>
					<row2>	-0.1478 0.0000 0.9890 0.0000	</row2>
					<row3>	0.3363 0.0000 4.8922 1.0000	</row3>
				</transform>
			</node>
			<node>
				<identifier>	SP_YMS012_YHWR_M_1_INDEX_2	</identifier>
				<transform>
					<row0>	0.9903 0.0000 0.1390 0.0000	</row0>
					<row1>	0.0000 1.0000 0.0000 0.0000	</row1>
					<row2>	-0.1390 0.0000 0.9903 0.0000	</row2>
					<row3>	0.4583 0.0000 4.0494 1.0000	</row3>
				</transform>
			</node>
			<node>
				<identifier>	SP_YMS020_YHBU_M_1	</identifier>
				<transform>
					<row0>	1.1278 0.0000 0.0000 0.0000	</row0>
					<row1>	0.0000 1.1250 0.0787 0.0000	</row1>
					<row2>	0.0000 -0.0787 1.1252 0.0000	</row2>
					<row3>	0.0000 -0.0639 7.2658 1.0000	</row3>
				</transform>
			</node>
			<node>
				<identifier>	SP_YMS022_YHUS_L_1	</identifier>
				<transform>
					<row0>	-0.1076 -0.0018 -0.9942 0.0000	</row0>
					<row1>	-0.3864 0.9215 0.0401 0.0000	</row1>
					<row2>	0.9160 0.3885 -0.0998 0.0000	</row2>
					<row3>	-0.1438 -0.3562 5.0911 1.0000	</row3>
				</transform>
			</node>
			<node>
				<identifier>	SP_YMS022_YHUS_L_1_INDEX_1	</identifier>
				<transform>
					<row0>	-0.1076 0.0018 0.9942 0.0000	</row0>
					<row1>	0.3864 0.9215 0.0401 0.0000	</row1>
					<row2>	-0.9160 0.3885 -0.0998 0.0000	</row2>
					<row3>	0.1438 -0.3562 5.0911 1.0000	</row3>
				</transform>
			</node>
			<node>
				<identifier>	SP_YMS022_YHUS_L_1_INDEX_2	</identifier>
				<transform>
					<row0>	-0.1398 -0.0061 -0.9902 0.0000	</row0>
					<row1>	-0.3850 0.9216 0.0487 0.0000	</row1>
					<row2>	0.9123 0.3880 -0.1311 0.0000	</row2>
					<row3>	-0.2303 -0.3546 4.3576 1.0000	</row3>
				</transform>
			</node>
			<node>
				<identifier>	SP_YMS022_YHUS_L_1_INDEX_3	</identifier>
				<transform>
					<row0>	-0.1398 0.0061 0.9902 0.0000	</row0>
					<row1>	0.3850 0.9216 0.0487 0.0000	</row1>
					<row2>	-0.9123 0.3880 -0.1311 0.0000	</row2>
					<row3>	0.2303 -0.3546 4.3576 1.0000	</row3>
				</transform>
			</node>
			<node>
				<identifier>	SP_YMS051_YHDL_L_1	</identifier>
				<transform>
					<row0>	-0.8921 0.0445 0.1104 0.0000	</row0>
					<row1>	0.0398 0.8982 -0.0399 0.0000	</row1>
					<row2>	-0.1121 -0.0347 -0.8923 0.0000	</row2>
					<row3>	-0.5479 0.5207 4.5693 1.0000	</row3>
				</transform>
			</node>
			<node>
				<identifier>	SP_YMS052_YHDR_L_1	</identifier>
				<transform>
					<row0>	0.8921 0.0445 0.1104 0.0000	</row0>
					<row1>	-0.0398 0.8982 -0.0399 0.0000	</row1>
					<row2>	-0.1121 0.0347 0.8923 0.0000	</row2>
					<row3>	0.5479 0.5207 4.5693 1.0000	</row3>
				</transform>
			</node>
			<node>
				<identifier>	SP_YMS053_YHDC_S_1	</identifier>
				<transform>
					<row0>	1.0000 0.0000 0.0000 0.0000	</row0>
					<row1>	0.0000 0.9990 -0.0450 0.0000	</row1>
					<row2>	0.0000 0.0450 0.9990 0.0000	</row2>
					<row3>	0.1022 0.5543 5.4244 1.0000	</row3>
				</transform>
			</node>
			<node>
				<identifier>	SP_YMS053_YHDC_S_1_INDEX_1	</identifier>
				<transform>
					<row0>	1.0000 0.0000 0.0000 0.0000	</row0>
					<row1>	0.0000 0.9990 -0.0450 0.0000	</row1>
					<row2>	0.0000 0.0450 0.9990 0.0000	</row2>
					<row3>	-0.1022 0.5543 5.4244 1.0000	</row3>
				</transform>
			</node>
			<node>
				<identifier>	SP_YMS072_YHHC_M_1	</identifier>
				<transform>
					<row0>	-0.1276 0.0000 -0.9918 0.0000	</row0>
					<row1>	0.0000 1.0000 0.0000 0.0000	</row1>
					<row2>	0.9918 0.0000 -0.1276 0.0000	</row2>
					<row3>	-0.4379 0.2370 4.1948 1.0000	</row3>
				</transform>
			</node>
			<node>
				<identifier>	SP_YMS072_YHHC_M_1_INDEX_1	</identifier>
				<transform>
					<row0>	-0.1276 0.0000 0.9918 0.0000	</row0>
					<row1>	0.0000 1.0000 0.0000 0.0000	</row1>
					<row2>	-0.9918 0.0000 -0.1276 0.0000	</row2>
					<row3>	0.4379 0.2370 4.1948 1.0000	</row3>
				</transform>
			</node>
			<node>
				<identifier>	SP_YMS080_YHSL_M_1	</identifier>
				<transform>
					<row0>	0.9789 0.1299 -0.1577 0.0000	</row0>
					<row1>	-0.1310 0.9914 0.0034 0.0000	</row1>
					<row2>	0.1568 0.0174 0.9875 0.0000	</row2>
					<row3>	-0.2691 0.2686 5.1991 1.0000	</row3>
				</transform>
			</node>
			<node>
				<identifier>	SP_YMS081_YHSR_M_1	</identifier>
				<transform>
					<row0>	0.9789 -0.1299 0.1577 0.0000	</row0>
					<row1>	0.1310 0.9914 0.0034 0.0000	</row1>
					<row2>	-0.1568 0.0174 0.9875 0.0000	</row2>
					<row3>	0.2691 0.2686 5.1991 1.0000	</row3>
				</transform>
			</node>
		</node>
	</node>
	<boundingBox>
		<min>	-0.0667 -0.0667 -0.0667	</min>
		<max>	0.0667 0.0667 0.0667	</max>
	</boundingBox>
</ASC069_Anchorage_1942_Bow_ports.visual>
