<ISC015_Torino_1943_Stern_ports.visual>
	<node>
		<identifier>	Scene Root	</identifier>
		<transform>
			<row0>	1.0000 0.0000 0.0000 0.0000	</row0>
			<row1>	0.0000 1.0000 0.0000 0.0000	</row1>
			<row2>	0.0000 0.0000 1.0000 0.0000	</row2>
			<row3>	0.0000 0.0000 0.0000 1.0000	</row3>
		</transform>
		<node>
			<identifier>	Stern_ports	</identifier>
			<transform>
				<row0>	1.0000 0.0000 0.0000 0.0000	</row0>
				<row1>	0.0000 1.0000 0.0000 0.0000	</row1>
				<row2>	0.0000 0.0000 1.0000 0.0000	</row2>
				<row3>	0.0000 0.0000 0.0000 1.0000	</row3>
			</transform>
			<node>
				<identifier>	HP_FX_Death_3	</identifier>
				<transform>
					<row0>	1.0000 0.0000 0.0000 0.0000	</row0>
					<row1>	0.0000 1.0000 0.0000 0.0000	</row1>
					<row2>	0.0000 0.0000 1.0000 0.0000	</row2>
					<row3>	0.0000 0.0000 -4.8600 1.0000	</row3>
				</transform>
			</node>
			<node>
				<identifier>	HP_FX_Fire_4	</identifier>
				<transform>
					<row0>	1.0000 0.0000 0.0000 0.0000	</row0>
					<row1>	0.0000 1.0000 0.0000 0.0000	</row1>
					<row2>	0.0000 0.0000 1.0000 0.0000	</row2>
					<row3>	0.0000 0.4158 -6.0040 1.0000	</row3>
				</transform>
			</node>
			<node>
				<identifier>	HP_FX_WakeTraceBack	</identifier>
				<transform>
					<row0>	1.0000 0.0000 0.0000 0.0000	</row0>
					<row1>	0.0000 1.0000 0.0000 0.0000	</row1>
					<row2>	0.0000 0.0000 1.0000 0.0000	</row2>
					<row3>	0.0000 0.0000 -7.4533 1.0000	</row3>
				</transform>
			</node>
			<node>
				<identifier>	HP_FX_WakeTrace_screw_1	</identifier>
				<transform>
					<row0>	1.0000 0.0000 0.0000 0.0000	</row0>
					<row1>	0.0000 1.0000 0.0000 0.0000	</row1>
					<row2>	0.0000 0.0000 1.0000 0.0000	</row2>
					<row3>	-0.2332 -0.2860 -6.4828 1.0000	</row3>
				</transform>
			</node>
			<node>
				<identifier>	HP_FX_WakeTrace_screw_2	</identifier>
				<transform>
					<row0>	1.0000 0.0000 0.0000 0.0000	</row0>
					<row1>	0.0000 1.0000 0.0000 0.0000	</row1>
					<row2>	0.0000 0.0000 1.0000 0.0000	</row2>
					<row3>	-0.4661 -0.2905 -5.4702 1.0000	</row3>
				</transform>
			</node>
			<node>
				<identifier>	HP_FX_WakeTrace_screw_3	</identifier>
				<transform>
					<row0>	1.0000 0.0000 0.0000 0.0000	</row0>
					<row1>	0.0000 1.0000 0.0000 0.0000	</row1>
					<row2>	0.0000 0.0000 1.0000 0.0000	</row2>
					<row3>	0.4661 -0.2905 -5.4702 1.0000	</row3>
				</transform>
			</node>
			<node>
				<identifier>	HP_FX_WakeTrace_screw_4	</identifier>
				<transform>
					<row0>	1.0000 0.0000 0.0000 0.0000	</row0>
					<row1>	0.0000 1.0000 0.0000 0.0000	</row1>
					<row2>	0.0000 0.0000 1.0000 0.0000	</row2>
					<row3>	0.2332 -0.2860 -6.4828 1.0000	</row3>
				</transform>
			</node>
			<node>
				<identifier>	HP_IC_1	</identifier>
				<transform>
					<row0>	0.8660 0.0000 -0.5000 0.0000	</row0>
					<row1>	0.0000 1.0000 0.0000 0.0000	</row1>
					<row2>	0.5000 0.0000 0.8660 0.0000	</row2>
					<row3>	0.0000 0.3956 -6.9278 1.0000	</row3>
				</transform>
			</node>
			<node>
				<identifier>	HP_IGA_21	</identifier>
				<transform>
					<row0>	-0.7071 0.0000 0.7071 0.0000	</row0>
					<row1>	0.0000 1.0000 0.0000 0.0000	</row1>
					<row2>	-0.7071 0.0000 -0.7071 0.0000	</row2>
					<row3>	-0.4619 0.3869 -4.5892 1.0000	</row3>
				</transform>
			</node>
			<node>
				<identifier>	HP_IGA_22	</identifier>
				<transform>
					<row0>	-0.7071 0.0000 -0.7071 0.0000	</row0>
					<row1>	0.0000 1.0000 0.0000 0.0000	</row1>
					<row2>	0.7071 0.0000 -0.7071 0.0000	</row2>
					<row3>	0.4619 0.3869 -4.5893 1.0000	</row3>
				</transform>
			</node>
			<node>
				<identifier>	HP_IGB_1	</identifier>
				<transform>
					<row0>	-0.1045 0.0000 0.9945 0.0000	</row0>
					<row1>	0.0000 1.0000 0.0000 0.0000	</row1>
					<row2>	-0.9945 0.0000 -0.1045 0.0000	</row2>
					<row3>	-0.5154 0.3778 -4.8875 1.0000	</row3>
				</transform>
			</node>
			<node>
				<identifier>	HP_IGB_2	</identifier>
				<transform>
					<row0>	-0.1045 0.0000 -0.9945 0.0000	</row0>
					<row1>	0.0000 1.0000 0.0000 0.0000	</row1>
					<row2>	0.9945 0.0000 -0.1045 0.0000	</row2>
					<row3>	0.5154 0.3778 -4.8875 1.0000	</row3>
				</transform>
			</node>
			<node>
				<identifier>	HP_IGB_3	</identifier>
				<transform>
					<row0>	-0.3420 0.0000 0.9397 0.0000	</row0>
					<row1>	0.0000 1.0000 0.0000 0.0000	</row1>
					<row2>	-0.9397 0.0000 -0.3420 0.0000	</row2>
					<row3>	-0.2343 0.3925 -6.9918 1.0000	</row3>
				</transform>
			</node>
			<node>
				<identifier>	HP_IGB_4	</identifier>
				<transform>
					<row0>	-0.3420 0.0000 -0.9397 0.0000	</row0>
					<row1>	0.0000 1.0000 0.0000 0.0000	</row1>
					<row2>	0.9397 0.0000 -0.3420 0.0000	</row2>
					<row3>	0.2343 0.3925 -6.9918 1.0000	</row3>
				</transform>
			</node>
			<node>
				<identifier>	HP_Ship_death_3	</identifier>
				<transform>
					<row0>	1.0000 0.0000 0.0000 0.0000	</row0>
					<row1>	0.0000 1.0000 0.0000 0.0000	</row1>
					<row2>	0.0000 0.0000 1.0000 0.0000	</row2>
					<row3>	0.0000 0.0000 -4.2804 1.0000	</row3>
				</transform>
			</node>
			<node>
				<identifier>	MP_CM002_Propeller4_L	</identifier>
				<transform>
					<row0>	0.9800 0.0000 0.0000 0.0000	</row0>
					<row1>	0.0000 0.9800 0.0000 0.0000	</row1>
					<row2>	0.0000 0.0000 0.9800 0.0000	</row2>
					<row3>	-0.2332 -0.2860 -6.4828 1.0000	</row3>
				</transform>
			</node>
			<node>
				<identifier>	MP_CM002_Propeller4_L_INDEX_1	</identifier>
				<transform>
					<row0>	0.9800 0.0000 0.0000 0.0000	</row0>
					<row1>	0.0000 0.9800 0.0000 0.0000	</row1>
					<row2>	0.0000 0.0000 0.9800 0.0000	</row2>
					<row3>	-0.4661 -0.2905 -5.4702 1.0000	</row3>
				</transform>
			</node>
			<node>
				<identifier>	MP_CM011_Fire_Fighting_Gear	</identifier>
				<transform>
					<row0>	1.0000 0.0000 0.0000 0.0000	</row0>
					<row1>	0.0000 1.0000 0.0000 0.0000	</row1>
					<row2>	0.0000 0.0000 1.0000 0.0000	</row2>
					<row3>	0.1449 0.3955 -5.7184 1.0000	</row3>
				</transform>
			</node>
			<node>
				<identifier>	MP_CM011_Fire_Fighting_Gear_INDEX_1	</identifier>
				<transform>
					<row0>	1.0000 0.0000 0.0000 0.0000	</row0>
					<row1>	0.0000 1.0000 0.0000 0.0000	</row1>
					<row2>	0.0000 0.0000 1.0000 0.0000	</row2>
					<row3>	-0.1410 0.3955 -7.0366 1.0000	</row3>
				</transform>
			</node>
			<node>
				<identifier>	MP_CM011_Fire_Fighting_Gear_INDEX_2	</identifier>
				<transform>
					<row0>	1.0000 0.0000 0.0000 0.0000	</row0>
					<row1>	0.0000 1.0000 0.0000 0.0000	</row1>
					<row2>	0.0000 0.0000 1.0000 0.0000	</row2>
					<row3>	-0.1449 0.3952 -5.7184 1.0000	</row3>
				</transform>
			</node>
			<node>
				<identifier>	MP_CM033_Propeller4_R	</identifier>
				<transform>
					<row0>	0.9800 0.0000 0.0000 0.0000	</row0>
					<row1>	0.0000 0.9800 0.0000 0.0000	</row1>
					<row2>	0.0000 0.0000 0.9800 0.0000	</row2>
					<row3>	0.4661 -0.2905 -5.4702 1.0000	</row3>
				</transform>
			</node>
			<node>
				<identifier>	MP_CM033_Propeller4_R_INDEX_1	</identifier>
				<transform>
					<row0>	0.9800 0.0000 0.0000 0.0000	</row0>
					<row1>	0.0000 0.9800 0.0000 0.0000	</row1>
					<row2>	0.0000 0.0000 0.9800 0.0000	</row2>
					<row3>	0.2332 -0.2860 -6.4828 1.0000	</row3>
				</transform>
			</node>
			<node>
				<identifier>	MP_IM003_Crown	</identifier>
				<transform>
					<row0>	1.0000 0.0000 0.0000 0.0000	</row0>
					<row1>	0.0000 0.9903 0.1392 0.0000	</row1>
					<row2>	0.0000 -0.2488 1.7706 0.0000	</row2>
					<row3>	0.0000 0.3499 -7.6009 1.0000	</row3>
				</transform>
			</node>
			<node>
				<identifier>	MP_IM005_Life_Buoy	</identifier>
				<transform>
					<row0>	-0.1815 0.0085 -0.9834 0.0000	</row0>
					<row1>	-0.0497 0.9986 0.0178 0.0000	</row1>
					<row2>	0.9821 0.0521 -0.1808 0.0000	</row2>
					<row3>	0.3963 0.3032 -6.6551 1.0000	</row3>
				</transform>
			</node>
			<node>
				<identifier>	MP_IM005_Life_Buoy_INDEX_1	</identifier>
				<transform>
					<row0>	-0.1048 -0.0099 0.9944 0.0000	</row0>
					<row1>	0.0212 0.9997 0.0122 0.0000	</row1>
					<row2>	-0.9943 0.0224 -0.1046 0.0000	</row2>
					<row3>	-0.5034 0.2972 -5.8922 1.0000	</row3>
				</transform>
			</node>
			<node>
				<identifier>	MP_IM005_Life_Buoy_INDEX_2	</identifier>
				<transform>
					<row0>	-0.1048 0.0099 -0.9944 0.0000	</row0>
					<row1>	-0.0212 0.9997 0.0122 0.0000	</row1>
					<row2>	0.9943 0.0224 -0.1046 0.0000	</row2>
					<row3>	0.5034 0.2972 -5.8922 1.0000	</row3>
				</transform>
			</node>
			<node>
				<identifier>	MP_IM005_Life_Buoy_INDEX_3	</identifier>
				<transform>
					<row0>	-0.1815 -0.0085 0.9834 0.0000	</row0>
					<row1>	0.0497 0.9986 0.0178 0.0000	</row1>
					<row2>	-0.9821 0.0521 -0.1808 0.0000	</row2>
					<row3>	-0.3963 0.3032 -6.6551 1.0000	</row3>
				</transform>
			</node>
			<node>
				<identifier>	MP_IM032_Fire_Hose	</identifier>
				<transform>
					<row0>	-0.9071 0.0000 -0.4210 0.0000	</row0>
					<row1>	0.0000 1.0000 0.0000 0.0000	</row1>
					<row2>	0.4210 0.0000 -0.9071 0.0000	</row2>
					<row3>	-0.3597 0.4086 -6.1371 1.0000	</row3>
				</transform>
			</node>
			<node>
				<identifier>	MP_IM032_Fire_Hose_INDEX_1	</identifier>
				<transform>
					<row0>	-0.9071 0.0000 0.4210 0.0000	</row0>
					<row1>	0.0000 1.0000 0.0000 0.0000	</row1>
					<row2>	-0.4210 0.0000 -0.9071 0.0000	</row2>
					<row3>	0.3597 0.4086 -6.1371 1.0000	</row3>
				</transform>
			</node>
			<node>
				<identifier>	MP_IM800_Ventilation	</identifier>
				<transform>
					<row0>	1.0000 0.0000 0.0000 0.0000	</row0>
					<row1>	0.0000 1.0000 0.0000 0.0000	</row1>
					<row2>	0.0000 0.0000 1.0000 0.0000	</row2>
					<row3>	-0.2435 0.3916 -5.5810 1.0000	</row3>
				</transform>
			</node>
			<node>
				<identifier>	MP_IM800_Ventilation_INDEX_1	</identifier>
				<transform>
					<row0>	1.0000 0.0000 0.0000 0.0000	</row0>
					<row1>	0.0000 1.0000 0.0000 0.0000	</row1>
					<row2>	0.0000 0.0000 1.0000 0.0000	</row2>
					<row3>	0.2435 0.3916 -5.5810 1.0000	</row3>
				</transform>
			</node>
			<node>
				<identifier>	MP_IM800_Ventilation_INDEX_2	</identifier>
				<transform>
					<row0>	1.0000 0.0000 0.0000 0.0000	</row0>
					<row1>	0.0000 1.0000 0.0000 0.0000	</row1>
					<row2>	0.0000 0.0000 1.0000 0.0000	</row2>
					<row3>	-0.2435 0.3924 -6.6594 1.0000	</row3>
				</transform>
			</node>
			<node>
				<identifier>	MP_IM800_Ventilation_INDEX_3	</identifier>
				<transform>
					<row0>	1.0000 0.0000 0.0000 0.0000	</row0>
					<row1>	0.0000 1.0000 0.0000 0.0000	</row1>
					<row2>	0.0000 0.0000 1.0000 0.0000	</row2>
					<row3>	0.2435 0.3924 -6.6594 1.0000	</row3>
				</transform>
			</node>
			<node>
				<identifier>	MP_IM800_Ventilation_INDEX_4	</identifier>
				<transform>
					<row0>	1.0000 0.0000 0.0000 0.0000	</row0>
					<row1>	0.0000 1.0000 0.0000 0.0000	</row1>
					<row2>	0.0000 0.0000 1.0000 0.0000	</row2>
					<row3>	0.0641 0.3938 -7.0733 1.0000	</row3>
				</transform>
			</node>
			<node>
				<identifier>	SP_YMS011_YHWL_M_1_INDEX_13	</identifier>
				<transform>
					<row0>	0.8990 0.4267 0.0984 0.0000	</row0>
					<row1>	-0.4231 0.9043 -0.0557 0.0000	</row1>
					<row2>	-0.1127 0.0085 0.9936 0.0000	</row2>
					<row3>	-0.5475 0.0000 -4.8243 1.0000	</row3>
				</transform>
			</node>
			<node>
				<identifier>	SP_YMS011_YHWL_M_1_INDEX_14	</identifier>
				<transform>
					<row0>	0.8384 0.5328 0.1150 0.0000	</row0>
					<row1>	-0.5292 0.8462 -0.0621 0.0000	</row1>
					<row2>	-0.1304 -0.0088 0.9914 0.0000	</row2>
					<row3>	-0.4343 0.0000 -5.6682 1.0000	</row3>
				</transform>
			</node>
			<node>
				<identifier>	SP_YMS011_YHWL_M_1_INDEX_15	</identifier>
				<transform>
					<row0>	0.8084 0.5716 0.1405 0.0000	</row0>
					<row1>	-0.5628 0.8206 -0.0999 0.0000	</row1>
					<row2>	-0.1724 0.0017 0.9850 0.0000	</row2>
					<row3>	-0.2925 0.0000 -6.5061 1.0000	</row3>
				</transform>
			</node>
			<node>
				<identifier>	SP_YMS012_YHWR_M_1_INDEX_13	</identifier>
				<transform>
					<row0>	0.8985 -0.4267 -0.1029 0.0000	</row0>
					<row1>	0.4229 0.9043 -0.0578 0.0000	</row1>
					<row2>	0.1178 0.0085 0.9930 0.0000	</row2>
					<row3>	0.5433 0.0000 -4.8243 1.0000	</row3>
				</transform>
			</node>
			<node>
				<identifier>	SP_YMS012_YHWR_M_1_INDEX_14	</identifier>
				<transform>
					<row0>	0.8384 -0.5328 -0.1150 0.0000	</row0>
					<row1>	0.5292 0.8462 -0.0621 0.0000	</row1>
					<row2>	0.1304 -0.0088 0.9914 0.0000	</row2>
					<row3>	0.4381 0.0000 -5.6682 1.0000	</row3>
				</transform>
			</node>
			<node>
				<identifier>	SP_YMS012_YHWR_M_1_INDEX_15	</identifier>
				<transform>
					<row0>	0.8084 -0.5716 -0.1405 0.0000	</row0>
					<row1>	0.5628 0.8206 -0.0999 0.0000	</row1>
					<row2>	0.1724 0.0017 0.9850 0.0000	</row2>
					<row3>	0.3025 0.0000 -6.5061 1.0000	</row3>
				</transform>
			</node>
			<node>
				<identifier>	SP_YMS023_YHUC_L_1	</identifier>
				<transform>
					<row0>	0.8000 0.0000 0.0000 0.0000	</row0>
					<row1>	0.0000 0.7999 -0.0148 0.0000	</row1>
					<row2>	0.0000 0.0148 0.7999 0.0000	</row2>
					<row3>	-0.4661 -0.2896 -5.4214 1.0000	</row3>
				</transform>
			</node>
			<node>
				<identifier>	SP_YMS023_YHUC_L_1_INDEX_1	</identifier>
				<transform>
					<row0>	0.8000 0.0000 0.0000 0.0000	</row0>
					<row1>	0.0000 0.7999 -0.0148 0.0000	</row1>
					<row2>	0.0000 0.0148 0.7999 0.0000	</row2>
					<row3>	0.4661 -0.2897 -5.4264 1.0000	</row3>
				</transform>
			</node>
			<node>
				<identifier>	SP_YMS023_YHUC_L_1_INDEX_2	</identifier>
				<transform>
					<row0>	0.8000 0.0000 0.0000 0.0000	</row0>
					<row1>	0.0000 0.7999 -0.0138 0.0000	</row1>
					<row2>	0.0000 0.0138 0.7999 0.0000	</row2>
					<row3>	-0.2332 -0.2872 -6.5561 1.0000	</row3>
				</transform>
			</node>
			<node>
				<identifier>	SP_YMS023_YHUC_L_1_INDEX_3	</identifier>
				<transform>
					<row0>	0.8000 0.0000 0.0000 0.0000	</row0>
					<row1>	0.0000 0.7999 -0.0138 0.0000	</row1>
					<row2>	0.0000 0.0138 0.7999 0.0000	</row2>
					<row3>	0.2332 -0.2872 -6.5561 1.0000	</row3>
				</transform>
			</node>
			<node>
				<identifier>	SP_YMS030_YHAM_M_1	</identifier>
				<transform>
					<row0>	0.7119 0.0000 0.0000 0.0000	</row0>
					<row1>	0.0000 0.7119 0.0000 0.0000	</row1>
					<row2>	0.0000 0.0000 0.7119 0.0000	</row2>
					<row3>	0.0000 0.3203 -7.6410 1.0000	</row3>
				</transform>
			</node>
			<node>
				<identifier>	SP_YMS031_YHAL_M_1	</identifier>
				<transform>
					<row0>	0.7522 0.1830 0.2020 0.0000	</row0>
					<row1>	-0.1791 0.7787 -0.0387 0.0000	</row1>
					<row2>	-0.2054 -0.0088 0.7731 0.0000	</row2>
					<row3>	-0.1820 0.1941 -7.3345 1.0000	</row3>
				</transform>
			</node>
			<node>
				<identifier>	SP_YMS032_YHAR_M_1	</identifier>
				<transform>
					<row0>	0.7522 -0.1830 -0.2020 0.0000	</row0>
					<row1>	0.1791 0.7787 -0.0387 0.0000	</row1>
					<row2>	0.2054 -0.0088 0.7731 0.0000	</row2>
					<row3>	0.1820 0.1941 -7.3345 1.0000	</row3>
				</transform>
			</node>
			<node>
				<identifier>	SP_YMS053_YHDC_S_1_INDEX_7	</identifier>
				<transform>
					<row0>	0.9755 0.0000 0.0000 0.0000	</row0>
					<row1>	0.0000 0.9754 -0.0093 0.0000	</row1>
					<row2>	0.0000 0.0093 0.9754 0.0000	</row2>
					<row3>	0.0000 0.4173 -5.0071 1.0000	</row3>
				</transform>
			</node>
			<node>
				<identifier>	SP_YMS053_YHDC_S_1_INDEX_8	</identifier>
				<transform>
					<row0>	0.9755 0.0000 0.0000 0.0000	</row0>
					<row1>	0.0000 0.9754 -0.0093 0.0000	</row1>
					<row2>	0.0000 0.0093 0.9754 0.0000	</row2>
					<row3>	0.0000 0.4173 -5.2734 1.0000	</row3>
				</transform>
			</node>
			<node>
				<identifier>	SP_YMS053_YHDC_S_1_INDEX_9	</identifier>
				<transform>
					<row0>	0.9755 0.0000 0.0000 0.0000	</row0>
					<row1>	0.0000 0.9754 -0.0093 0.0000	</row1>
					<row2>	0.0000 0.0093 0.9754 0.0000	</row2>
					<row3>	0.0000 0.4173 -5.5404 1.0000	</row3>
				</transform>
			</node>
			<node>
				<identifier>	SP_YMS072_YHHC_M_1	</identifier>
				<transform>
					<row0>	0.0544 0.0081 -0.7013 0.0000	</row0>
					<row1>	-0.0974 0.6967 0.0004 0.0000	</row1>
					<row2>	0.6945 0.0971 0.0550 0.0000	</row2>
					<row3>	-0.5869 0.1877 -4.8145 1.0000	</row3>
				</transform>
			</node>
			<node>
				<identifier>	SP_YMS072_YHHC_M_1_INDEX_1	</identifier>
				<transform>
					<row0>	0.0544 0.0081 -0.7013 0.0000	</row0>
					<row1>	-0.0974 0.6967 0.0004 0.0000	</row1>
					<row2>	0.6945 0.0971 0.0550 0.0000	</row2>
					<row3>	-0.5554 0.1923 -5.2201 1.0000	</row3>
				</transform>
			</node>
			<node>
				<identifier>	SP_YMS072_YHHC_M_1_INDEX_4	</identifier>
				<transform>
					<row0>	0.0544 -0.0081 0.7013 0.0000	</row0>
					<row1>	0.0974 0.6967 0.0004 0.0000	</row1>
					<row2>	-0.6945 0.0971 0.0550 0.0000	</row2>
					<row3>	0.5554 0.1923 -5.2201 1.0000	</row3>
				</transform>
			</node>
			<node>
				<identifier>	SP_YMS072_YHHC_M_1_INDEX_5	</identifier>
				<transform>
					<row0>	0.0544 -0.0081 0.7013 0.0000	</row0>
					<row1>	0.0974 0.6967 0.0004 0.0000	</row1>
					<row2>	-0.6945 0.0971 0.0550 0.0000	</row2>
					<row3>	0.5869 0.1877 -4.8145 1.0000	</row3>
				</transform>
			</node>
			<node>
				<identifier>	SP_YMS080_YHSL_M_1_INDEX_3	</identifier>
				<transform>
					<row0>	0.6157 0.0931 0.0642 0.0000	</row0>
					<row1>	-0.1021 0.6104 0.0944 0.0000	</row1>
					<row2>	-0.0486 -0.1033 0.6155 0.0000	</row2>
					<row3>	-0.4713 0.1753 -5.9138 1.0000	</row3>
				</transform>
			</node>
			<node>
				<identifier>	SP_YMS080_YHSL_M_1_INDEX_4	</identifier>
				<transform>
					<row0>	0.6158 0.0561 0.1001 0.0000	</row0>
					<row1>	-0.0719 0.6146 0.0975 0.0000	</row1>
					<row2>	-0.0895 -0.1073 0.6106 0.0000	</row2>
					<row3>	-0.3936 0.1922 -6.4516 1.0000	</row3>
				</transform>
			</node>
			<node>
				<identifier>	SP_YMS081_YHSR_M_1_INDEX_3	</identifier>
				<transform>
					<row0>	0.6157 -0.0931 -0.0642 0.0000	</row0>
					<row1>	0.1021 0.6104 0.0944 0.0000	</row1>
					<row2>	0.0486 -0.1033 0.6155 0.0000	</row2>
					<row3>	0.4713 0.1753 -5.9138 1.0000	</row3>
				</transform>
			</node>
			<node>
				<identifier>	SP_YMS081_YHSR_M_1_INDEX_4	</identifier>
				<transform>
					<row0>	0.6158 -0.0561 -0.1001 0.0000	</row0>
					<row1>	0.0719 0.6146 0.0975 0.0000	</row1>
					<row2>	0.0895 -0.1073 0.6106 0.0000	</row2>
					<row3>	0.3936 0.1922 -6.4516 1.0000	</row3>
				</transform>
			</node>
			<node>
				<identifier>	SP_YMS085_YHSC_S_1	</identifier>
				<transform>
					<row0>	0.0455 0.0041 -0.5709 0.0000	</row0>
					<row1>	-0.0005 0.5727 0.0041 0.0000	</row1>
					<row2>	0.5709 0.0002 0.0455 0.0000	</row2>
					<row3>	-0.5746 0.3618 -5.0552 1.0000	</row3>
				</transform>
			</node>
			<node>
				<identifier>	SP_YMS085_YHSC_S_1_INDEX_1	</identifier>
				<transform>
					<row0>	0.0455 -0.0041 0.5709 0.0000	</row0>
					<row1>	0.0005 0.5727 0.0041 0.0000	</row1>
					<row2>	-0.5709 0.0002 0.0455 0.0000	</row2>
					<row3>	0.5746 0.3618 -5.0552 1.0000	</row3>
				</transform>
			</node>
		</node>
	</node>
	<boundingBox>
		<min>	-0.0667 -0.0667 -0.0667	</min>
		<max>	0.0667 0.0667 0.0667	</max>
	</boundingBox>
</ISC015_Torino_1943_Stern_ports.visual>
