<ASD046_Clemson_1930_MidFront_ports.visual>
	<node>
		<identifier>	Scene Root	</identifier>
		<transform>
			<row0>	1.0000 0.0000 0.0000 0.0000	</row0>
			<row1>	0.0000 1.0000 0.0000 0.0000	</row1>
			<row2>	0.0000 0.0000 1.0000 0.0000	</row2>
			<row3>	0.0000 0.0000 0.0000 1.0000	</row3>
		</transform>
		<node>
			<identifier>	MidFront_ports	</identifier>
			<transform>
				<row0>	1.0000 0.0000 0.0000 0.0000	</row0>
				<row1>	0.0000 1.0000 0.0000 0.0000	</row1>
				<row2>	0.0000 0.0000 1.0000 0.0000	</row2>
				<row3>	0.0000 0.0000 0.0000 1.0000	</row3>
			</transform>
			<node>
				<identifier>	HP_AD_1	</identifier>
				<transform>
					<row0>	-1.0000 0.0000 0.0000 0.0000	</row0>
					<row1>	0.0000 1.0000 0.0000 0.0000	</row1>
					<row2>	0.0000 0.0000 -1.0000 0.0000	</row2>
					<row3>	0.0000 0.6054 1.4715 1.0000	</row3>
				</transform>
			</node>
			<node>
				<identifier>	HP_AD_2	</identifier>
				<transform>
					<row0>	0.0000 0.0000 1.0000 0.0000	</row0>
					<row1>	0.0000 1.0000 0.0000 0.0000	</row1>
					<row2>	-1.0000 0.0000 0.0000 0.0000	</row2>
					<row3>	-0.2132 0.4309 1.3946 1.0000	</row3>
				</transform>
			</node>
			<node>
				<identifier>	HP_AD_3	</identifier>
				<transform>
					<row0>	0.0000 0.0000 -1.0000 0.0000	</row0>
					<row1>	0.0000 1.0000 0.0000 0.0000	</row1>
					<row2>	1.0000 0.0000 0.0000 0.0000	</row2>
					<row3>	0.2132 0.4317 1.3946 1.0000	</row3>
				</transform>
			</node>
			<node>
				<identifier>	HP_AF_1	</identifier>
				<transform>
					<row0>	1.0000 0.0000 0.0000 0.0000	</row0>
					<row1>	0.0000 1.0000 0.0000 0.0000	</row1>
					<row2>	0.0000 0.0000 1.0000 0.0000	</row2>
					<row3>	0.0170 0.6105 1.6887 1.0000	</row3>
				</transform>
			</node>
			<node>
				<identifier>	HP_AGA_1	</identifier>
				<transform>
					<row0>	1.0000 0.0000 0.0000 0.0000	</row0>
					<row1>	0.0000 1.0000 0.0000 0.0000	</row1>
					<row2>	0.0000 0.0000 1.0000 0.0000	</row2>
					<row3>	-0.1001 0.2839 1.8471 1.0000	</row3>
				</transform>
			</node>
			<node>
				<identifier>	HP_AGA_2	</identifier>
				<transform>
					<row0>	1.0000 0.0000 0.0000 0.0000	</row0>
					<row1>	0.0000 1.0000 0.0000 0.0000	</row1>
					<row2>	0.0000 0.0000 1.0000 0.0000	</row2>
					<row3>	0.1001 0.2839 1.8471 1.0000	</row3>
				</transform>
			</node>
			<node>
				<identifier>	HP_AGM_2	</identifier>
				<transform>
					<row0>	1.0000 0.0000 0.0000 0.0000	</row0>
					<row1>	0.0000 1.0000 0.0000 0.0000	</row1>
					<row2>	0.0000 0.0000 1.0000 0.0000	</row2>
					<row3>	-0.2033 0.4234 0.4794 1.0000	</row3>
				</transform>
			</node>
			<node>
				<identifier>	HP_AGM_3	</identifier>
				<transform>
					<row0>	1.0000 0.0000 0.0000 0.0000	</row0>
					<row1>	0.0000 1.0000 0.0000 0.0000	</row1>
					<row2>	0.0000 0.0000 1.0000 0.0000	</row2>
					<row3>	0.2033 0.4234 0.4794 1.0000	</row3>
				</transform>
			</node>
			<node>
				<identifier>	HP_FX_Death_1	</identifier>
				<transform>
					<row0>	1.0000 0.0000 0.0000 0.0000	</row0>
					<row1>	0.0000 1.0000 0.0000 0.0000	</row1>
					<row2>	0.0000 0.0000 1.0000 0.0000	</row2>
					<row3>	0.0000 0.0000 1.9879 1.0000	</row3>
				</transform>
			</node>
			<node>
				<identifier>	HP_FX_Death_2	</identifier>
				<transform>
					<row0>	1.0000 0.0000 0.0000 0.0000	</row0>
					<row1>	0.0000 1.0000 0.0000 0.0000	</row1>
					<row2>	0.0000 0.0000 1.0000 0.0000	</row2>
					<row3>	0.0000 0.0000 0.0276 1.0000	</row3>
				</transform>
			</node>
			<node>
				<identifier>	HP_FX_Fire_2	</identifier>
				<transform>
					<row0>	1.0000 0.0000 0.0000 0.0000	</row0>
					<row1>	0.0000 1.0000 0.0000 0.0000	</row1>
					<row2>	0.0000 0.0000 1.0000 0.0000	</row2>
					<row3>	0.0000 0.2678 1.0545 1.0000	</row3>
				</transform>
			</node>
			<node>
				<identifier>	HP_FX_Fire_2_side_1	</identifier>
				<transform>
					<row0>	1.0000 0.0000 0.0000 0.0000	</row0>
					<row1>	0.0000 1.0000 0.0000 0.0000	</row1>
					<row2>	0.0000 0.0000 1.0000 0.0000	</row2>
					<row3>	-0.2004 0.4160 0.3696 1.0000	</row3>
				</transform>
			</node>
			<node>
				<identifier>	HP_FX_FloodLight_left_1	</identifier>
				<transform>
					<row0>	-0.7018 0.0000 0.7124 0.0000	</row0>
					<row1>	0.0000 1.0000 0.0000 0.0000	</row1>
					<row2>	-0.7124 0.0000 -0.7018 0.0000	</row2>
					<row3>	-0.1080 0.4022 1.6713 1.0000	</row3>
				</transform>
			</node>
			<node>
				<identifier>	HP_FX_FloodLight_right_1	</identifier>
				<transform>
					<row0>	0.7873 0.0000 0.6165 0.0000	</row0>
					<row1>	0.0000 1.0000 0.0000 0.0000	</row1>
					<row2>	-0.6165 0.0000 0.7873 0.0000	</row2>
					<row3>	0.1087 0.4023 1.6714 1.0000	</row3>
				</transform>
			</node>
			<node>
				<identifier>	HP_FX_Flood_steam_1	</identifier>
				<transform>
					<row0>	1.0000 0.0000 0.0000 0.0000	</row0>
					<row1>	0.0000 0.9892 -0.1467 0.0000	</row1>
					<row2>	0.0000 0.1467 0.9892 0.0000	</row2>
					<row3>	-0.0010 0.7174 0.8598 1.0000	</row3>
				</transform>
			</node>
			<node>
				<identifier>	HP_FX_Flood_steam_2	</identifier>
				<transform>
					<row0>	1.0000 0.0000 0.0000 0.0000	</row0>
					<row1>	0.0000 0.9954 -0.0958 0.0000	</row1>
					<row2>	0.0000 0.0958 0.9954 0.0000	</row2>
					<row3>	0.0000 0.7119 0.7325 1.0000	</row3>
				</transform>
			</node>
			<node>
				<identifier>	HP_FX_Flood_steam_3	</identifier>
				<transform>
					<row0>	1.0000 0.0000 0.0000 0.0000	</row0>
					<row1>	0.0000 0.9960 -0.0893 0.0000	</row1>
					<row2>	0.0000 0.0893 0.9960 0.0000	</row2>
					<row3>	0.0000 0.6843 0.1508 1.0000	</row3>
				</transform>
			</node>
			<node>
				<identifier>	HP_FX_Flood_steam_4	</identifier>
				<transform>
					<row0>	1.0000 0.0000 0.0000 0.0000	</row0>
					<row1>	0.0000 0.9753 -0.2208 0.0000	</row1>
					<row2>	0.0000 0.2208 0.9753 0.0000	</row2>
					<row3>	0.0000 0.6857 -0.2199 1.0000	</row3>
				</transform>
			</node>
			<node>
				<identifier>	HP_FX_Flood_steam_left	</identifier>
				<transform>
					<row0>	-1.0000 0.0000 0.0000 0.0000	</row0>
					<row1>	0.0000 1.0000 0.0000 0.0000	</row1>
					<row2>	0.0000 0.0000 -1.0000 0.0000	</row2>
					<row3>	-0.2304 0.2314 1.7572 1.0000	</row3>
				</transform>
			</node>
			<node>
				<identifier>	HP_FX_Smoke_1	</identifier>
				<transform>
					<row0>	0.9976 -0.0690 0.0000 0.0000	</row0>
					<row1>	0.0690 0.9976 0.0000 0.0000	</row1>
					<row2>	0.0000 0.0000 1.0000 0.0000	</row2>
					<row3>	0.0000 0.7539 0.9460 1.0000	</row3>
				</transform>
			</node>
			<node>
				<identifier>	HP_FX_Smoke_2	</identifier>
				<transform>
					<row0>	0.9923 0.1242 0.0000 0.0000	</row0>
					<row1>	-0.1242 0.9923 0.0000 0.0000	</row1>
					<row2>	0.0000 0.0000 1.0000 0.0000	</row2>
					<row3>	0.0000 0.7489 0.6604 1.0000	</row3>
				</transform>
			</node>
			<node>
				<identifier>	HP_FX_Smoke_3	</identifier>
				<transform>
					<row0>	0.9915 -0.1305 0.0000 0.0000	</row0>
					<row1>	0.1305 0.9915 0.0000 0.0000	</row1>
					<row2>	0.0000 0.0000 1.0000 0.0000	</row2>
					<row3>	0.0000 0.7355 0.2394 1.0000	</row3>
				</transform>
			</node>
			<node>
				<identifier>	HP_FX_Smoke_4	</identifier>
				<transform>
					<row0>	0.9950 0.0995 0.0000 0.0000	</row0>
					<row1>	-0.0995 0.9950 0.0000 0.0000	</row1>
					<row2>	0.0000 0.0000 1.0000 0.0000	</row2>
					<row3>	0.0000 0.7222 -0.1419 1.0000	</row3>
				</transform>
			</node>
			<node>
				<identifier>	HP_Flagpole	</identifier>
				<transform>
					<row0>	0.3848 0.0000 0.0000 0.0000	</row0>
					<row1>	0.0000 0.3838 -0.0277 0.0000	</row1>
					<row2>	0.0000 0.0277 0.3838 0.0000	</row2>
					<row3>	0.0000 1.9987 1.2088 1.0000	</row3>
				</transform>
			</node>
			<node>
				<identifier>	HP_Ship_death_2	</identifier>
				<transform>
					<row0>	1.0000 0.0000 0.0000 0.0000	</row0>
					<row1>	0.0000 1.0000 0.0000 0.0000	</row1>
					<row2>	0.0000 0.0000 1.0000 0.0000	</row2>
					<row3>	0.0000 0.0000 -0.3075 1.0000	</row3>
				</transform>
			</node>
			<node>
				<identifier>	HP_flag_1	</identifier>
				<transform>
					<row0>	0.9993 0.0361 -0.0012 0.0000	</row0>
					<row1>	-0.0361 0.9970 -0.0683 0.0000	</row1>
					<row2>	-0.0012 0.0683 0.9977 0.0000	</row2>
					<row3>	0.1592 1.6657 1.2366 1.0000	</row3>
				</transform>
			</node>
			<node>
				<identifier>	HP_flag_2	</identifier>
				<transform>
					<row0>	0.9998 -0.0218 0.0007 0.0000	</row0>
					<row1>	0.0218 0.9974 -0.0684 0.0000	</row1>
					<row2>	0.0007 0.0684 0.9977 0.0000	</row2>
					<row3>	-0.1588 1.6656 1.2366 1.0000	</row3>
				</transform>
			</node>
			<node>
				<identifier>	HP_flag_3	</identifier>
				<transform>
					<row0>	0.9982 0.0597 -0.0020 0.0000	</row0>
					<row1>	-0.0597 0.9959 -0.0682 0.0000	</row1>
					<row2>	-0.0020 0.0682 0.9977 0.0000	</row2>
					<row3>	0.0948 1.6657 1.2366 1.0000	</row3>
				</transform>
			</node>
			<node>
				<identifier>	HP_flag_4	</identifier>
				<transform>
					<row0>	0.9995 -0.0318 0.0011 0.0000	</row0>
					<row1>	0.0318 0.9972 -0.0684 0.0000	</row1>
					<row2>	0.0011 0.0684 0.9977 0.0000	</row2>
					<row3>	-0.0945 1.6657 1.2367 1.0000	</row3>
				</transform>
			</node>
			<node>
				<identifier>	HP_flag_courtesy	</identifier>
				<transform>
					<row0>	0.9997 0.0243 -0.0008 0.0000	</row0>
					<row1>	-0.0243 0.9974 -0.0683 0.0000	</row1>
					<row2>	-0.0008 0.0683 0.9977 0.0000	</row2>
					<row3>	0.1918 1.6493 1.2378 1.0000	</row3>
				</transform>
			</node>
			<node>
				<identifier>	HP_flag_house	</identifier>
				<transform>
					<row0>	0.9999 -0.0168 0.0006 0.0000	</row0>
					<row1>	0.0168 0.9975 -0.0684 0.0000	</row1>
					<row2>	0.0006 0.0684 0.9977 0.0000	</row2>
					<row3>	-0.1916 1.6493 1.2378 1.0000	</row3>
				</transform>
			</node>
			<node>
				<identifier>	HP_flag_rank	</identifier>
				<transform>
					<row0>	0.9996 -0.0272 0.0026 0.0000	</row0>
					<row1>	0.0272 0.9812 -0.1911 0.0000	</row1>
					<row2>	0.0026 0.1911 0.9816 0.0000	</row2>
					<row3>	0.0000 1.7186 1.1486 1.0000	</row3>
				</transform>
			</node>
			<node>
				<identifier>	MP_AM238_Whaleboat_24ft	</identifier>
				<transform>
					<row0>	-0.9341 -0.3570 0.0089 0.0000	</row0>
					<row1>	-0.3570 0.9341 -0.0039 0.0000	</row1>
					<row2>	-0.0069 -0.0068 -1.0000 0.0000	</row2>
					<row3>	0.1783 0.4307 -0.0087 1.0000	</row3>
				</transform>
			</node>
			<node>
				<identifier>	MP_AM244_Service_rack_Mk12	</identifier>
				<transform>
					<row0>	1.0000 0.0000 0.0000 0.0000	</row0>
					<row1>	0.0000 1.0000 0.0000 0.0000	</row1>
					<row2>	0.0000 0.0000 1.0000 0.0000	</row2>
					<row3>	0.1996 0.4162 0.2824 1.0000	</row3>
				</transform>
			</node>
			<node>
				<identifier>	MP_AM244_Service_rack_Mk12_INDEX_1	</identifier>
				<transform>
					<row0>	0.5605 0.0000 0.8281 0.0000	</row0>
					<row1>	0.0000 1.0000 0.0000 0.0000	</row1>
					<row2>	-0.8281 0.0000 0.5605 0.0000	</row2>
					<row3>	0.0695 0.4162 0.6252 1.0000	</row3>
				</transform>
			</node>
			<node>
				<identifier>	MP_AM244_Service_rack_Mk12_INDEX_2	</identifier>
				<transform>
					<row0>	-0.5605 0.0000 0.8281 0.0000	</row0>
					<row1>	0.0000 1.0000 0.0000 0.0000	</row1>
					<row2>	-0.8281 0.0000 -0.5605 0.0000	</row2>
					<row3>	-0.0695 0.4162 0.6252 1.0000	</row3>
				</transform>
			</node>
			<node>
				<identifier>	MP_AM244_Service_rack_Mk12_INDEX_3	</identifier>
				<transform>
					<row0>	1.0000 0.0000 0.0000 0.0000	</row0>
					<row1>	0.0000 1.0000 0.0000 0.0000	</row1>
					<row2>	0.0000 0.0000 1.0000 0.0000	</row2>
					<row3>	-0.1111 0.4162 0.2824 1.0000	</row3>
				</transform>
			</node>
			<node>
				<identifier>	MP_AM725_Ammobox	</identifier>
				<transform>
					<row0>	0.5579 0.0000 -0.8299 0.0000	</row0>
					<row1>	0.0000 1.0000 0.0000 0.0000	</row1>
					<row2>	0.8299 0.0000 0.5579 0.0000	</row2>
					<row3>	-0.1026 0.4164 0.6048 1.0000	</row3>
				</transform>
			</node>
			<node>
				<identifier>	MP_AM725_Ammobox_INDEX_1	</identifier>
				<transform>
					<row0>	1.0000 0.0000 0.0000 0.0000	</row0>
					<row1>	0.0000 1.0000 0.0000 0.0000	</row1>
					<row2>	0.0000 0.0000 1.0000 0.0000	</row2>
					<row3>	-0.1261 0.2331 0.2326 1.0000	</row3>
				</transform>
			</node>
			<node>
				<identifier>	MP_AM725_Ammobox_INDEX_2	</identifier>
				<transform>
					<row0>	0.0000 0.0000 1.0000 0.0000	</row0>
					<row1>	0.0000 1.0000 0.0000 0.0000	</row1>
					<row2>	-1.0000 0.0000 0.0000 0.0000	</row2>
					<row3>	0.1057 0.2448 0.5650 1.0000	</row3>
				</transform>
			</node>
			<node>
				<identifier>	MP_AM738_Hatch	</identifier>
				<transform>
					<row0>	0.0058 0.0000 -1.0000 0.0000	</row0>
					<row1>	0.0000 1.0000 0.0000 0.0000	</row1>
					<row2>	1.0000 0.0000 0.0058 0.0000	</row2>
					<row3>	-0.0549 0.2231 -0.3039 1.0000	</row3>
				</transform>
			</node>
			<node>
				<identifier>	MP_AM738_Hatch_INDEX_1	</identifier>
				<transform>
					<row0>	-0.0050 0.0000 1.0000 0.0000	</row0>
					<row1>	0.0000 1.0000 0.0000 0.0000	</row1>
					<row2>	-1.0000 0.0000 -0.0050 0.0000	</row2>
					<row3>	0.0198 0.2360 0.0520 1.0000	</row3>
				</transform>
			</node>
			<node>
				<identifier>	MP_AM738_Hatch_INDEX_2	</identifier>
				<transform>
					<row0>	1.0000 0.0000 -0.0010 0.0000	</row0>
					<row1>	0.0000 1.0000 0.0000 0.0000	</row1>
					<row2>	0.0010 0.0000 1.0000 0.0000	</row2>
					<row3>	0.1636 0.2519 0.8605 1.0000	</row3>
				</transform>
			</node>
			<node>
				<identifier>	MP_CM011_Fire_Fighting_Gear	</identifier>
				<transform>
					<row0>	-1.0000 0.0000 0.0000 0.0000	</row0>
					<row1>	0.0000 1.0000 0.0000 0.0000	</row1>
					<row2>	0.0000 0.0000 -1.0000 0.0000	</row2>
					<row3>	-0.0666 0.2554 0.8316 1.0000	</row3>
				</transform>
			</node>
			<node>
				<identifier>	MP_CM011_Fire_Fighting_Gear_INDEX_1	</identifier>
				<transform>
					<row0>	1.0000 0.0000 0.0000 0.0000	</row0>
					<row1>	0.0000 1.0000 0.0000 0.0000	</row1>
					<row2>	0.0000 0.0000 1.0000 0.0000	</row2>
					<row3>	0.0759 0.2374 0.2471 1.0000	</row3>
				</transform>
			</node>
			<node>
				<identifier>	MP_CM011_Fire_Fighting_Gear_INDEX_2	</identifier>
				<transform>
					<row0>	1.0000 0.0000 0.0000 0.0000	</row0>
					<row1>	0.0000 1.0000 0.0000 0.0000	</row1>
					<row2>	0.0000 0.0000 1.0000 0.0000	</row2>
					<row3>	-0.0723 0.2380 0.2462 1.0000	</row3>
				</transform>
			</node>
			<node>
				<identifier>	MP_CM013_Fire_Hose_Rack_2	</identifier>
				<transform>
					<row0>	0.0000 0.0000 -1.0000 0.0000	</row0>
					<row1>	0.0000 1.0000 0.0000 0.0000	</row1>
					<row2>	1.0000 0.0000 0.0000 0.0000	</row2>
					<row3>	-0.0765 0.3276 0.8177 1.0000	</row3>
				</transform>
			</node>
			<node>
				<identifier>	MP_CM013_Fire_Hose_Rack_2_INDEX_1	</identifier>
				<transform>
					<row0>	0.0000 0.0000 1.0000 0.0000	</row0>
					<row1>	0.0000 1.0000 0.0000 0.0000	</row1>
					<row2>	-1.0000 0.0000 0.0000 0.0000	</row2>
					<row3>	0.0877 0.3077 0.2524 1.0000	</row3>
				</transform>
			</node>
			<node>
				<identifier>	MP_CM013_Fire_Hose_Rack_2_INDEX_2	</identifier>
				<transform>
					<row0>	0.0000 0.0000 1.0000 0.0000	</row0>
					<row1>	0.0000 1.0000 0.0000 0.0000	</row1>
					<row2>	-1.0000 0.0000 0.0000 0.0000	</row2>
					<row3>	-0.0877 0.3077 0.2524 1.0000	</row3>
				</transform>
			</node>
			<node>
				<identifier>	MP_CM014_Fuel_Oil_Hose	</identifier>
				<transform>
					<row0>	0.9999 0.0000 0.0153 0.0000	</row0>
					<row1>	0.0000 1.0000 0.0000 0.0000	</row1>
					<row2>	-0.0153 0.0000 0.9999 0.0000	</row2>
					<row3>	0.2692 0.2957 0.6009 1.0000	</row3>
				</transform>
			</node>
			<node>
				<identifier>	MP_CM014_Fuel_Oil_Hose_INDEX_1	</identifier>
				<transform>
					<row0>	0.9999 0.0000 0.0110 0.0000	</row0>
					<row1>	0.0000 1.0000 0.0000 0.0000	</row1>
					<row2>	-0.0110 0.0000 0.9999 0.0000	</row2>
					<row3>	0.2714 0.2957 0.4233 1.0000	</row3>
				</transform>
			</node>
			<node>
				<identifier>	MP_CM014_Fuel_Oil_Hose_INDEX_2	</identifier>
				<transform>
					<row0>	-0.9998 0.0000 0.0188 0.0000	</row0>
					<row1>	0.0000 1.0000 0.0000 0.0000	</row1>
					<row2>	-0.0188 0.0000 -0.9998 0.0000	</row2>
					<row3>	-0.2690 0.2957 0.5999 1.0000	</row3>
				</transform>
			</node>
			<node>
				<identifier>	MP_CM014_Fuel_Oil_Hose_INDEX_3	</identifier>
				<transform>
					<row0>	-0.9999 0.0000 0.0109 0.0000	</row0>
					<row1>	0.0000 1.0000 0.0000 0.0000	</row1>
					<row2>	-0.0109 0.0000 -0.9999 0.0000	</row2>
					<row3>	-0.2724 0.2957 0.4224 1.0000	</row3>
				</transform>
			</node>
			<node>
				<identifier>	MP_CM029_Emergency_Box	</identifier>
				<transform>
					<row0>	1.0000 0.0000 0.0000 0.0000	</row0>
					<row1>	0.0000 1.0000 0.0000 0.0000	</row1>
					<row2>	0.0000 0.0000 1.0000 0.0000	</row2>
					<row3>	0.1337 0.3029 0.2482 1.0000	</row3>
				</transform>
			</node>
			<node>
				<identifier>	MP_CM052_Fender	</identifier>
				<transform>
					<row0>	0.6075 0.0000 0.0000 0.0000	</row0>
					<row1>	0.0000 0.6075 0.0000 0.0000	</row1>
					<row2>	0.0000 0.0000 0.6075 0.0000	</row2>
					<row3>	0.1328 0.2536 0.8360 1.0000	</row3>
				</transform>
			</node>
			<node>
				<identifier>	MP_CM052_Fender_INDEX_1	</identifier>
				<transform>
					<row0>	0.6075 0.0000 0.0000 0.0000	</row0>
					<row1>	0.0000 0.6075 0.0000 0.0000	</row1>
					<row2>	0.0000 0.0000 0.6075 0.0000	</row2>
					<row3>	0.0796 0.2560 0.8360 1.0000	</row3>
				</transform>
			</node>
			<node>
				<identifier>	MP_CM079_Fender	</identifier>
				<transform>
					<row0>	-0.2933 -0.0323 -0.6255 0.0000	</row0>
					<row1>	-0.6263 0.0102 0.2932 0.0000	</row1>
					<row2>	-0.0045 0.6908 -0.0335 0.0000	</row2>
					<row3>	-0.0786 0.2293 -0.0539 1.0000	</row3>
				</transform>
			</node>
			<node>
				<identifier>	MP_CM079_Fender_INDEX_1	</identifier>
				<transform>
					<row0>	-0.2933 0.0323 0.6255 0.0000	</row0>
					<row1>	0.6263 0.0102 0.2932 0.0000	</row1>
					<row2>	0.0045 0.6908 -0.0335 0.0000	</row2>
					<row3>	0.0786 0.2293 -0.0539 1.0000	</row3>
				</transform>
			</node>
			<node>
				<identifier>	MP_CM088_Swab_Rack	</identifier>
				<transform>
					<row0>	1.0000 0.0000 0.0000 0.0000	</row0>
					<row1>	0.0000 1.0000 0.0000 0.0000	</row1>
					<row2>	0.0000 0.0000 1.0000 0.0000	</row2>
					<row3>	0.1138 0.2338 0.2563 1.0000	</row3>
				</transform>
			</node>
			<node>
				<identifier>	MP_CM088_Swab_Rack_INDEX_1	</identifier>
				<transform>
					<row0>	1.0000 0.0000 0.0000 0.0000	</row0>
					<row1>	0.0000 1.0000 0.0000 0.0000	</row1>
					<row2>	0.0000 0.0000 1.0000 0.0000	</row2>
					<row3>	-0.1138 0.2338 0.2563 1.0000	</row3>
				</transform>
			</node>
			<node>
				<identifier>	MP_CM126_Cleat	</identifier>
				<transform>
					<row0>	0.9235 0.0000 -0.3836 0.0000	</row0>
					<row1>	0.3836 0.0000 0.9235 0.0000	</row1>
					<row2>	0.0000 -1.0000 0.0000 0.0000	</row2>
					<row3>	0.2746 0.3144 -0.2456 1.0000	</row3>
				</transform>
			</node>
			<node>
				<identifier>	MP_CM126_Cleat_INDEX_1	</identifier>
				<transform>
					<row0>	1.0000 0.0000 0.0000 0.0000	</row0>
					<row1>	0.0000 0.0000 1.0000 0.0000	</row1>
					<row2>	0.0000 -1.0000 0.0000 0.0000	</row2>
					<row3>	0.2545 0.3384 0.8180 1.0000	</row3>
				</transform>
			</node>
			<node>
				<identifier>	MP_CM126_Cleat_INDEX_2	</identifier>
				<transform>
					<row0>	-0.8585 0.0000 -0.5128 0.0000	</row0>
					<row1>	0.5128 0.0000 -0.8585 0.0000	</row1>
					<row2>	0.0000 -1.0000 0.0000 0.0000	</row2>
					<row3>	0.2705 0.3149 0.2318 1.0000	</row3>
				</transform>
			</node>
		</node>
	</node>
	<boundingBox>
		<min>	-0.0667 -0.0667 -0.0667	</min>
		<max>	0.0667 0.0667 0.0667	</max>
	</boundingBox>
</ASD046_Clemson_1930_MidFront_ports.visual>
