<ASC075_Congress_1944_Bow_ports.visual>
	<node>
		<identifier>	Scene Root	</identifier>
		<transform>
			<row0>	1.0000 0.0000 0.0000 0.0000	</row0>
			<row1>	0.0000 1.0000 0.0000 0.0000	</row1>
			<row2>	0.0000 0.0000 1.0000 0.0000	</row2>
			<row3>	0.0000 0.0000 0.0000 1.0000	</row3>
		</transform>
		<node>
			<identifier>	Bow_ports	</identifier>
			<transform>
				<row0>	1.0000 0.0000 0.0000 0.0000	</row0>
				<row1>	0.0000 1.0000 0.0000 0.0000	</row1>
				<row2>	0.0000 0.0000 1.0000 0.0000	</row2>
				<row3>	0.0000 0.0000 0.0000 1.0000	</row3>
			</transform>
			<node>
				<identifier>	HP_AD_1	</identifier>
				<transform>
					<row0>	1.0000 0.0000 0.0000 0.0000	</row0>
					<row1>	0.0000 1.0000 0.0000 0.0000	</row1>
					<row2>	0.0000 0.0000 1.0000 0.0000	</row2>
					<row3>	-0.2618 0.5166 5.7389 1.0000	</row3>
				</transform>
			</node>
			<node>
				<identifier>	HP_AD_2	</identifier>
				<transform>
					<row0>	1.0000 0.0000 0.0000 0.0000	</row0>
					<row1>	0.0000 1.0000 0.0000 0.0000	</row1>
					<row2>	0.0000 0.0000 1.0000 0.0000	</row2>
					<row3>	0.2618 0.5166 5.7389 1.0000	</row3>
				</transform>
			</node>
			<node>
				<identifier>	HP_AGA_1	</identifier>
				<transform>
					<row0>	1.0000 0.0000 0.0000 0.0000	</row0>
					<row1>	0.0000 1.0000 0.0000 0.0000	</row1>
					<row2>	0.0000 0.0000 1.0000 0.0000	</row2>
					<row3>	-0.3238 0.4312 5.9658 1.0000	</row3>
				</transform>
			</node>
			<node>
				<identifier>	HP_AGA_2	</identifier>
				<transform>
					<row0>	1.0000 0.0000 0.0000 0.0000	</row0>
					<row1>	0.0000 1.0000 0.0000 0.0000	</row1>
					<row2>	0.0000 0.0000 1.0000 0.0000	</row2>
					<row3>	0.3238 0.4312 5.9658 1.0000	</row3>
				</transform>
			</node>
			<node>
				<identifier>	HP_AGM_1	</identifier>
				<transform>
					<row0>	1.0000 0.0000 0.0000 0.0000	</row0>
					<row1>	0.0000 1.0000 0.0000 0.0000	</row1>
					<row2>	0.0000 0.0000 1.0000 0.0000	</row2>
					<row3>	0.0000 0.3970 4.0451 1.0000	</row3>
				</transform>
			</node>
			<node>
				<identifier>	HP_FX_Death_1	</identifier>
				<transform>
					<row0>	1.0000 0.0000 0.0000 0.0000	</row0>
					<row1>	0.0000 1.0000 0.0000 0.0000	</row1>
					<row2>	0.0000 0.0000 1.0000 0.0000	</row2>
					<row3>	0.0000 0.0000 5.0013 1.0000	</row3>
				</transform>
			</node>
			<node>
				<identifier>	HP_FX_Fire_1	</identifier>
				<transform>
					<row0>	1.0000 0.0000 0.0000 0.0000	</row0>
					<row1>	0.0000 1.0000 0.0000 0.0000	</row1>
					<row2>	0.0000 0.0000 1.0000 0.0000	</row2>
					<row3>	0.0000 0.4379 5.4518 1.0000	</row3>
				</transform>
			</node>
			<node>
				<identifier>	HP_FX_Flood_water_left	</identifier>
				<transform>
					<row0>	-0.9872 0.0000 0.1594 0.0000	</row0>
					<row1>	0.0000 1.0000 0.0000 0.0000	</row1>
					<row2>	-0.1594 0.0000 -0.9872 0.0000	</row2>
					<row3>	-0.3962 0.0744 5.3096 1.0000	</row3>
				</transform>
			</node>
			<node>
				<identifier>	HP_FX_Flood_water_right	</identifier>
				<transform>
					<row0>	0.9849 0.0000 0.1732 0.0000	</row0>
					<row1>	0.0000 1.0000 0.0000 0.0000	</row1>
					<row2>	-0.1732 0.0000 0.9849 0.0000	</row2>
					<row3>	0.3963 0.0751 5.3097 1.0000	</row3>
				</transform>
			</node>
			<node>
				<identifier>	HP_FX_WakeTrace	</identifier>
				<transform>
					<row0>	1.0000 0.0000 0.0000 0.0000	</row0>
					<row1>	0.0000 1.0000 0.0000 0.0000	</row1>
					<row2>	0.0000 0.0000 1.0000 0.0000	</row2>
					<row3>	0.0000 0.0000 8.0262 1.0000	</row3>
				</transform>
			</node>
			<node>
				<identifier>	HP_Ship_death_1	</identifier>
				<transform>
					<row0>	1.0000 0.0000 0.0000 0.0000	</row0>
					<row1>	0.0000 1.0000 0.0000 0.0000	</row1>
					<row2>	0.0000 0.0000 1.0000 0.0000	</row2>
					<row3>	0.0000 0.0000 3.4079 1.0000	</row3>
				</transform>
			</node>
			<node>
				<identifier>	MP_AM006_Reels_1	</identifier>
				<transform>
					<row0>	0.0000 0.0000 -0.6305 0.0000	</row0>
					<row1>	-0.6305 0.0000 0.0000 0.0000	</row1>
					<row2>	0.0000 0.6305 0.0000 0.0000	</row2>
					<row3>	-0.0209 0.4723 6.0008 1.0000	</row3>
				</transform>
			</node>
			<node>
				<identifier>	MP_AM024_Hatch_2	</identifier>
				<transform>
					<row0>	1.0000 0.0000 0.0000 0.0000	</row0>
					<row1>	0.0000 1.0000 0.0000 0.0000	</row1>
					<row2>	0.0000 0.0000 1.0000 0.0000	</row2>
					<row3>	0.1308 0.3849 5.1724 1.0000	</row3>
				</transform>
			</node>
			<node>
				<identifier>	MP_AM024_Hatch_2_INDEX_1	</identifier>
				<transform>
					<row0>	1.0000 0.0000 0.0000 0.0000	</row0>
					<row1>	0.0000 1.0000 0.0000 0.0000	</row1>
					<row2>	0.0000 0.0000 1.0000 0.0000	</row2>
					<row3>	-0.0426 0.3849 5.1724 1.0000	</row3>
				</transform>
			</node>
			<node>
				<identifier>	MP_AM071_Signal_Lamp_2	</identifier>
				<transform>
					<row0>	1.0000 0.0000 0.0000 0.0000	</row0>
					<row1>	0.0000 1.0000 0.0000 0.0000	</row1>
					<row2>	0.0000 0.0000 1.0000 0.0000	</row2>
					<row3>	0.0000 1.0819 8.3211 1.0000	</row3>
				</transform>
			</node>
			<node>
				<identifier>	MP_AM071_Signal_Lamp_2_INDEX_1	</identifier>
				<transform>
					<row0>	1.0000 0.0000 0.0000 0.0000	</row0>
					<row1>	0.0000 1.0000 0.0000 0.0000	</row1>
					<row2>	0.0000 0.0000 1.0000 0.0000	</row2>
					<row3>	0.0000 0.7348 8.3334 1.0000	</row3>
				</transform>
			</node>
			<node>
				<identifier>	MP_AM077_Paravane	</identifier>
				<transform>
					<row0>	0.9914 0.0000 0.1305 0.0000	</row0>
					<row1>	0.0000 1.0000 0.0000 0.0000	</row1>
					<row2>	-0.1305 0.0000 0.9914 0.0000	</row2>
					<row3>	0.4567 0.4106 5.2521 1.0000	</row3>
				</transform>
			</node>
			<node>
				<identifier>	MP_AM077_Paravane_INDEX_1	</identifier>
				<transform>
					<row0>	0.9914 0.0000 -0.1305 0.0000	</row0>
					<row1>	0.0000 1.0000 0.0000 0.0000	</row1>
					<row2>	0.1305 0.0000 0.9914 0.0000	</row2>
					<row3>	-0.4567 0.4106 5.2521 1.0000	</row3>
				</transform>
			</node>
			<node>
				<identifier>	MP_AM108_Reels_4	</identifier>
				<transform>
					<row0>	1.0000 0.0000 0.0000 0.0000	</row0>
					<row1>	0.0000 0.9985 -0.0539 0.0000	</row1>
					<row2>	0.0000 0.0539 0.9985 0.0000	</row2>
					<row3>	-0.0286 0.4015 5.3598 1.0000	</row3>
				</transform>
			</node>
			<node>
				<identifier>	MP_AM108_Reels_4_INDEX_1	</identifier>
				<transform>
					<row0>	0.9410 0.0182 0.3379 0.0000	</row0>
					<row1>	0.0000 0.9985 -0.0539 0.0000	</row1>
					<row2>	-0.3384 0.0507 0.9397 0.0000	</row2>
					<row3>	0.2220 0.4005 5.3551 1.0000	</row3>
				</transform>
			</node>
			<node>
				<identifier>	MP_AM108_Reels_4_INDEX_2	</identifier>
				<transform>
					<row0>	0.9410 -0.0182 -0.3379 0.0000	</row0>
					<row1>	0.0000 0.9985 -0.0539 0.0000	</row1>
					<row2>	0.3384 0.0507 0.9397 0.0000	</row2>
					<row3>	-0.2220 0.4005 5.3551 1.0000	</row3>
				</transform>
			</node>
			<node>
				<identifier>	MP_AM108_Reels_4_INDEX_3	</identifier>
				<transform>
					<row0>	1.0000 0.0000 0.0000 0.0000	</row0>
					<row1>	0.0000 0.9985 -0.0539 0.0000	</row1>
					<row2>	0.0000 0.0539 0.9985 0.0000	</row2>
					<row3>	0.1080 0.4015 5.3598 1.0000	</row3>
				</transform>
			</node>
			<node>
				<identifier>	MP_AM129_Turtles_box	</identifier>
				<transform>
					<row0>	0.0000 0.0000 -1.0000 0.0000	</row0>
					<row1>	0.0000 1.0000 0.0000 0.0000	</row1>
					<row2>	1.0000 0.0000 0.0000 0.0000	</row2>
					<row3>	0.1036 0.4493 5.8681 1.0000	</row3>
				</transform>
			</node>
			<node>
				<identifier>	MP_AM161_Anchor_top	</identifier>
				<transform>
					<row0>	-0.9463 -0.3990 -0.4985 0.0000	</row0>
					<row1>	0.3339 0.4503 -0.9944 0.0000	</row1>
					<row2>	0.5443 -0.9702 -0.2566 0.0000	</row2>
					<row3>	-0.2076 0.4190 7.7729 1.0000	</row3>
				</transform>
			</node>
			<node>
				<identifier>	MP_AM161_Anchor_top_INDEX_1	</identifier>
				<transform>
					<row0>	-0.9463 0.3990 0.4985 0.0000	</row0>
					<row1>	-0.3339 0.4503 -0.9944 0.0000	</row1>
					<row2>	-0.5443 -0.9702 -0.2566 0.0000	</row2>
					<row3>	0.2076 0.4190 7.7729 1.0000	</row3>
				</transform>
			</node>
			<node>
				<identifier>	MP_AM162_Anchor_down	</identifier>
				<transform>
					<row0>	-1.1126 0.6138 0.0456 0.0000	</row0>
					<row1>	0.1282 0.3234 -1.2230 0.0000	</row1>
					<row2>	-0.6020 -1.0655 -0.3448 0.0000	</row2>
					<row3>	0.2084 0.4243 7.7536 1.0000	</row3>
				</transform>
			</node>
			<node>
				<identifier>	MP_AM162_Anchor_down_INDEX_1	</identifier>
				<transform>
					<row0>	-1.1126 -0.6138 -0.0456 0.0000	</row0>
					<row1>	-0.1282 0.3234 -1.2230 0.0000	</row1>
					<row2>	0.6020 -1.0655 -0.3448 0.0000	</row2>
					<row3>	-0.2084 0.4243 7.7536 1.0000	</row3>
				</transform>
			</node>
			<node>
				<identifier>	MP_AM217_Hatch	</identifier>
				<transform>
					<row0>	1.0000 0.0000 0.0000 0.0000	</row0>
					<row1>	0.0000 1.0000 0.0000 0.0000	</row1>
					<row2>	0.0000 0.0000 1.0000 0.0000	</row2>
					<row3>	-0.0414 0.4151 5.6722 1.0000	</row3>
				</transform>
			</node>
			<node>
				<identifier>	MP_AM303_Hatch	</identifier>
				<transform>
					<row0>	1.0000 0.0000 0.0000 0.0000	</row0>
					<row1>	0.0000 1.0000 0.0000 0.0000	</row1>
					<row2>	0.0000 0.0000 1.0000 0.0000	</row2>
					<row3>	0.2248 0.3263 3.6762 1.0000	</row3>
				</transform>
			</node>
			<node>
				<identifier>	MP_AM442_Multipole_Switch	</identifier>
				<transform>
					<row0>	-0.9790 0.0000 0.2037 0.0000	</row0>
					<row1>	-0.0086 0.9991 -0.0416 0.0000	</row1>
					<row2>	-0.2035 -0.0425 -0.9781 0.0000	</row2>
					<row3>	0.3023 0.4536 5.8104 1.0000	</row3>
				</transform>
			</node>
			<node>
				<identifier>	MP_AM442_Multipole_Switch_INDEX_1	</identifier>
				<transform>
					<row0>	-0.9790 0.0000 -0.2037 0.0000	</row0>
					<row1>	0.0086 0.9991 -0.0416 0.0000	</row1>
					<row2>	0.2035 -0.0425 -0.9781 0.0000	</row2>
					<row3>	-0.3023 0.4536 5.8104 1.0000	</row3>
				</transform>
			</node>
			<node>
				<identifier>	MP_AM606_Floater_Net_Basket	</identifier>
				<transform>
					<row0>	0.9143 -0.0185 -0.4046 0.0000	</row0>
					<row1>	0.0021 0.9992 -0.0410 0.0000	</row1>
					<row2>	0.4050 0.0366 0.9136 0.0000	</row2>
					<row3>	0.2551 0.3795 4.6547 1.0000	</row3>
				</transform>
			</node>
			<node>
				<identifier>	MP_AM606_Floater_Net_Basket_INDEX_1	</identifier>
				<transform>
					<row0>	0.9143 0.0185 0.4046 0.0000	</row0>
					<row1>	-0.0021 0.9992 -0.0410 0.0000	</row1>
					<row2>	-0.4050 0.0366 0.9136 0.0000	</row2>
					<row3>	-0.2551 0.3795 4.6547 1.0000	</row3>
				</transform>
			</node>
			<node>
				<identifier>	MP_CM011_Fire_Fighting_Gear	</identifier>
				<transform>
					<row0>	1.0000 0.0000 0.0000 0.0000	</row0>
					<row1>	0.0000 1.0000 0.0000 0.0000	</row1>
					<row2>	0.0000 0.0000 1.0000 0.0000	</row2>
					<row3>	0.0393 0.4252 5.8286 1.0000	</row3>
				</transform>
			</node>
			<node>
				<identifier>	MP_CM012_Fire_Hose_Rack_1	</identifier>
				<transform>
					<row0>	0.0000 0.0000 1.0000 0.0000	</row0>
					<row1>	0.0000 1.0000 0.0000 0.0000	</row1>
					<row2>	-1.0000 0.0000 0.0000 0.0000	</row2>
					<row3>	0.0105 0.4739 5.8358 1.0000	</row3>
				</transform>
			</node>
			<node>
				<identifier>	MP_CM029_Emergency_Box	</identifier>
				<transform>
					<row0>	-1.0000 0.0000 0.0000 0.0000	</row0>
					<row1>	0.0000 1.0000 0.0000 0.0000	</row1>
					<row2>	0.0000 0.0000 -1.0000 0.0000	</row2>
					<row3>	0.0422 0.4795 6.1692 1.0000	</row3>
				</transform>
			</node>
			<node>
				<identifier>	SP_YMS001_YHBM_M_1	</identifier>
				<transform>
					<row0>	1.0500 0.0000 0.0000 0.0000	</row0>
					<row1>	0.0000 1.0461 0.0908 0.0000	</row1>
					<row2>	0.0000 -0.0908 1.0461 0.0000	</row2>
					<row3>	0.0000 0.5850 8.3008 1.0000	</row3>
				</transform>
			</node>
			<node>
				<identifier>	SP_YMS002_YHBL_M_1	</identifier>
				<transform>
					<row0>	1.0189 0.0000 -0.0241 0.0000	</row0>
					<row1>	-0.0016 1.0171 -0.0643 0.0000	</row1>
					<row2>	0.0241 0.0644 1.0168 0.0000	</row2>
					<row3>	0.0020 0.5867 8.2667 1.0000	</row3>
				</transform>
			</node>
			<node>
				<identifier>	SP_YMS003_YHBR_M_1	</identifier>
				<transform>
					<row0>	1.0189 0.0000 0.0241 0.0000	</row0>
					<row1>	0.0016 1.0171 -0.0643 0.0000	</row1>
					<row2>	-0.0241 0.0644 1.0168 0.0000	</row2>
					<row3>	0.0020 0.5867 8.2668 1.0000	</row3>
				</transform>
			</node>
			<node>
				<identifier>	SP_YMS004_YHXL_L_1	</identifier>
				<transform>
					<row0>	0.7791 0.4402 -0.1498 0.0000	</row0>
					<row1>	-0.4161 0.7905 0.1591 0.0000	</row1>
					<row2>	0.2077 -0.0679 0.8806 0.0000	</row2>
					<row3>	-0.1642 0.4341 7.7474 1.0000	</row3>
				</transform>
			</node>
			<node>
				<identifier>	SP_YMS005_YHXR_L_1	</identifier>
				<transform>
					<row0>	0.7791 -0.4402 0.1498 0.0000	</row0>
					<row1>	0.4161 0.7905 0.1591 0.0000	</row1>
					<row2>	-0.2077 -0.0679 0.8806 0.0000	</row2>
					<row3>	0.1638 0.4324 7.7480 1.0000	</row3>
				</transform>
			</node>
			<node>
				<identifier>	SP_YMS010_YHWM_L_1	</identifier>
				<transform>
					<row0>	0.9898 0.0000 0.0000 0.0000	</row0>
					<row1>	0.0000 0.9898 0.0000 0.0000	</row1>
					<row2>	0.0000 0.0000 0.9898 0.0000	</row2>
					<row3>	0.0000 0.0000 8.0323 1.0000	</row3>
				</transform>
			</node>
			<node>
				<identifier>	SP_YMS011_YHWL_M_1	</identifier>
				<transform>
					<row0>	0.9884 0.0000 -0.1517 0.0000	</row0>
					<row1>	0.0000 1.0000 0.0000 0.0000	</row1>
					<row2>	0.1517 0.0000 0.9884 0.0000	</row2>
					<row3>	-0.2357 0.0000 6.3577 1.0000	</row3>
				</transform>
			</node>
			<node>
				<identifier>	SP_YMS011_YHWL_M_1_INDEX_1	</identifier>
				<transform>
					<row0>	0.9860 0.0000 -0.1667 0.0000	</row0>
					<row1>	0.0000 1.0000 0.0000 0.0000	</row1>
					<row2>	0.1667 0.0000 0.9860 0.0000	</row2>
					<row3>	-0.3667 0.0000 5.5186 1.0000	</row3>
				</transform>
			</node>
			<node>
				<identifier>	SP_YMS011_YHWL_M_1_INDEX_2	</identifier>
				<transform>
					<row0>	0.9838 0.0000 -0.1791 0.0000	</row0>
					<row1>	0.0000 1.0000 0.0000 0.0000	</row1>
					<row2>	0.1791 0.0000 0.9838 0.0000	</row2>
					<row3>	-0.5164 0.0000 4.6826 1.0000	</row3>
				</transform>
			</node>
			<node>
				<identifier>	SP_YMS011_YHWL_M_1_INDEX_3	</identifier>
				<transform>
					<row0>	0.9892 0.0000 -0.1468 0.0000	</row0>
					<row1>	0.0000 1.0000 0.0000 0.0000	</row1>
					<row2>	0.1468 0.0000 0.9892 0.0000	</row2>
					<row3>	-0.6557 0.0000 3.8444 1.0000	</row3>
				</transform>
			</node>
			<node>
				<identifier>	SP_YMS012_YHWR_M_1	</identifier>
				<transform>
					<row0>	0.9884 0.0000 0.1517 0.0000	</row0>
					<row1>	0.0000 1.0000 0.0000 0.0000	</row1>
					<row2>	-0.1517 0.0000 0.9884 0.0000	</row2>
					<row3>	0.2357 0.0000 6.3577 1.0000	</row3>
				</transform>
			</node>
			<node>
				<identifier>	SP_YMS012_YHWR_M_1_INDEX_1	</identifier>
				<transform>
					<row0>	0.9860 0.0000 0.1667 0.0000	</row0>
					<row1>	0.0000 1.0000 0.0000 0.0000	</row1>
					<row2>	-0.1667 0.0000 0.9860 0.0000	</row2>
					<row3>	0.3667 0.0000 5.5186 1.0000	</row3>
				</transform>
			</node>
			<node>
				<identifier>	SP_YMS012_YHWR_M_1_INDEX_2	</identifier>
				<transform>
					<row0>	0.9838 0.0000 0.1791 0.0000	</row0>
					<row1>	0.0000 1.0000 0.0000 0.0000	</row1>
					<row2>	-0.1791 0.0000 0.9838 0.0000	</row2>
					<row3>	0.5164 0.0000 4.6826 1.0000	</row3>
				</transform>
			</node>
			<node>
				<identifier>	SP_YMS012_YHWR_M_1_INDEX_3	</identifier>
				<transform>
					<row0>	0.9892 0.0000 0.1468 0.0000	</row0>
					<row1>	0.0000 1.0000 0.0000 0.0000	</row1>
					<row2>	-0.1468 0.0000 0.9892 0.0000	</row2>
					<row3>	0.6557 0.0000 3.8444 1.0000	</row3>
				</transform>
			</node>
			<node>
				<identifier>	SP_YMS020_YHBU_M_1	</identifier>
				<transform>
					<row0>	1.4761 0.0000 0.0000 0.0000	</row0>
					<row1>	0.0000 1.4740 -0.0773 0.0000	</row1>
					<row2>	0.0000 0.0773 1.4740 0.0000	</row2>
					<row3>	0.0000 -0.0698 7.9316 1.0000	</row3>
				</transform>
			</node>
			<node>
				<identifier>	SP_YMS022_YHUS_L_1	</identifier>
				<transform>
					<row0>	-0.1836 -0.0008 -1.3888 0.0000	</row0>
					<row1>	-0.4611 1.3214 0.0602 0.0000	</row1>
					<row2>	1.3100 0.4650 -0.1735 0.0000	</row2>
					<row3>	-0.2803 -0.4815 4.9040 1.0000	</row3>
				</transform>
			</node>
			<node>
				<identifier>	SP_YMS022_YHUS_L_1_INDEX_1	</identifier>
				<transform>
					<row0>	-0.1836 0.0008 1.3888 0.0000	</row0>
					<row1>	0.4611 1.3214 0.0602 0.0000	</row1>
					<row2>	-1.3100 0.4650 -0.1735 0.0000	</row2>
					<row3>	0.2803 -0.4815 4.9040 1.0000	</row3>
				</transform>
			</node>
			<node>
				<identifier>	SP_YMS022_YHUS_L_1_INDEX_2	</identifier>
				<transform>
					<row0>	-0.1964 0.0057 1.4321 0.0000	</row0>
					<row1>	0.6057 1.3102 0.0779 0.0000	</row1>
					<row2>	-1.2977 0.6107 -0.1804 0.0000	</row2>
					<row3>	0.4035 -0.4743 3.8806 1.0000	</row3>
				</transform>
			</node>
			<node>
				<identifier>	SP_YMS022_YHUS_L_1_INDEX_3	</identifier>
				<transform>
					<row0>	-0.1964 -0.0057 -1.4321 0.0000	</row0>
					<row1>	-0.6057 1.3102 0.0779 0.0000	</row1>
					<row2>	1.2977 0.6107 -0.1804 0.0000	</row2>
					<row3>	-0.4035 -0.4743 3.8806 1.0000	</row3>
				</transform>
			</node>
			<node>
				<identifier>	SP_YMS051_YHDL_L_1	</identifier>
				<transform>
					<row0>	0.9899 0.0000 -0.0984 0.0000	</row0>
					<row1>	-0.0037 0.9941 -0.0368 0.0000	</row1>
					<row2>	0.0984 0.0370 0.9892 0.0000	</row2>
					<row3>	-0.6394 0.3712 4.6341 1.0000	</row3>
				</transform>
			</node>
			<node>
				<identifier>	SP_YMS052_YHDR_L_1	</identifier>
				<transform>
					<row0>	0.9899 0.0000 0.0984 0.0000	</row0>
					<row1>	0.0037 0.9941 -0.0368 0.0000	</row1>
					<row2>	-0.0984 0.0370 0.9892 0.0000	</row2>
					<row3>	0.6394 0.3712 4.6341 1.0000	</row3>
				</transform>
			</node>
			<node>
				<identifier>	SP_YMS053_YHDC_S_1	</identifier>
				<transform>
					<row0>	1.0000 0.0000 0.0000 0.0000	</row0>
					<row1>	0.0000 0.9987 -0.0502 0.0000	</row1>
					<row2>	0.0000 0.0502 0.9987 0.0000	</row2>
					<row3>	0.0000 0.5171 7.1070 1.0000	</row3>
				</transform>
			</node>
			<node>
				<identifier>	SP_YMS080_YHSL_M_1	</identifier>
				<transform>
					<row0>	0.8265 0.5584 -0.0718 0.0000	</row0>
					<row1>	-0.5524 0.8290 0.0874 0.0000	</row1>
					<row2>	0.1083 -0.0326 0.9936 0.0000	</row2>
					<row3>	-0.3350 0.2953 6.0956 1.0000	</row3>
				</transform>
			</node>
			<node>
				<identifier>	SP_YMS081_YHSR_M_1	</identifier>
				<transform>
					<row0>	0.8265 -0.5584 0.0718 0.0000	</row0>
					<row1>	0.5524 0.8290 0.0874 0.0000	</row1>
					<row2>	-0.1083 -0.0326 0.9936 0.0000	</row2>
					<row3>	0.3350 0.2953 6.0956 1.0000	</row3>
				</transform>
			</node>
			<node>
				<identifier>	SP_YMS082_YHSC_M_1	</identifier>
				<transform>
					<row0>	-0.1215 0.0235 0.9923 0.0000	</row0>
					<row1>	0.2232 0.9748 0.0042 0.0000	</row1>
					<row2>	-0.9672 0.2220 -0.1237 0.0000	</row2>
					<row3>	0.6938 0.2494 3.6958 1.0000	</row3>
				</transform>
			</node>
			<node>
				<identifier>	SP_YMS082_YHSC_M_1_INDEX_1	</identifier>
				<transform>
					<row0>	-0.1215 -0.0235 -0.9923 0.0000	</row0>
					<row1>	-0.2232 0.9748 0.0042 0.0000	</row1>
					<row2>	0.9672 0.2220 -0.1237 0.0000	</row2>
					<row3>	-0.6938 0.2494 3.6958 1.0000	</row3>
				</transform>
			</node>
			<node>
				<identifier>	SP_YMS082_YHSC_M_1_INDEX_2	</identifier>
				<transform>
					<row0>	-0.1215 -0.0235 -0.9923 0.0000	</row0>
					<row1>	-0.2232 0.9748 0.0042 0.0000	</row1>
					<row2>	0.9672 0.2220 -0.1237 0.0000	</row2>
					<row3>	-0.6938 0.2494 3.6958 1.0000	</row3>
				</transform>
			</node>
		</node>
	</node>
	<boundingBox>
		<min>	-0.0667 -0.0667 -0.0667	</min>
		<max>	0.0667 0.0667 0.0667	</max>
	</boundingBox>
</ASC075_Congress_1944_Bow_ports.visual>
