<ISC014_Verona_1943_MidFront_ports.visual>
	<node>
		<identifier>	Scene Root	</identifier>
		<transform>
			<row0>	1.0000 0.0000 0.0000 0.0000	</row0>
			<row1>	0.0000 1.0000 0.0000 0.0000	</row1>
			<row2>	0.0000 0.0000 1.0000 0.0000	</row2>
			<row3>	0.0000 0.0000 0.0000 1.0000	</row3>
		</transform>
		<node>
			<identifier>	MidFront_ports	</identifier>
			<transform>
				<row0>	1.0000 0.0000 0.0000 0.0000	</row0>
				<row1>	0.0000 1.0000 0.0000 0.0000	</row1>
				<row2>	0.0000 0.0000 1.0000 0.0000	</row2>
				<row3>	0.0000 0.0000 0.0000 1.0000	</row3>
			</transform>
			<node>
				<identifier>	HP_FX_Death_2	</identifier>
				<transform>
					<row0>	1.0000 0.0000 0.0000 0.0000	</row0>
					<row1>	0.0000 1.0000 0.0000 0.0000	</row1>
					<row2>	0.0000 0.0000 1.0000 0.0000	</row2>
					<row3>	0.0000 0.0000 -0.8916 1.0000	</row3>
				</transform>
			</node>
			<node>
				<identifier>	HP_FX_Fire_2	</identifier>
				<transform>
					<row0>	1.0000 0.0000 0.0000 0.0000	</row0>
					<row1>	0.0000 1.0000 0.0000 0.0000	</row1>
					<row2>	0.0000 0.0000 1.0000 0.0000	</row2>
					<row3>	0.0000 0.6139 1.0669 1.0000	</row3>
				</transform>
			</node>
			<node>
				<identifier>	HP_FX_Fire_2_side_1	</identifier>
				<transform>
					<row0>	1.0000 0.0000 0.0000 0.0000	</row0>
					<row1>	0.0000 1.0000 0.0000 0.0000	</row1>
					<row2>	0.0000 0.0000 1.0000 0.0000	</row2>
					<row3>	-0.6047 0.4502 1.5974 1.0000	</row3>
				</transform>
			</node>
			<node>
				<identifier>	HP_FX_Fire_2_side_2	</identifier>
				<transform>
					<row0>	1.0000 0.0000 0.0000 0.0000	</row0>
					<row1>	0.0000 1.0000 0.0000 0.0000	</row1>
					<row2>	0.0000 0.0000 1.0000 0.0000	</row2>
					<row3>	0.6737 0.3089 -0.6977 1.0000	</row3>
				</transform>
			</node>
			<node>
				<identifier>	HP_FX_FloodLight_left_1	</identifier>
				<transform>
					<row0>	-1.0000 0.0000 0.0000 0.0000	</row0>
					<row1>	0.0000 1.0000 0.0000 0.0000	</row1>
					<row2>	0.0000 0.0000 -1.0000 0.0000	</row2>
					<row3>	-0.1919 0.7313 1.4344 1.0000	</row3>
				</transform>
			</node>
			<node>
				<identifier>	HP_FX_FloodLight_right_1	</identifier>
				<transform>
					<row0>	1.0000 0.0000 0.0000 0.0000	</row0>
					<row1>	0.0000 1.0000 0.0000 0.0000	</row1>
					<row2>	0.0000 0.0000 1.0000 0.0000	</row2>
					<row3>	0.1942 0.7258 1.4293 1.0000	</row3>
				</transform>
			</node>
			<node>
				<identifier>	HP_FX_Flood_steam_1	</identifier>
				<transform>
					<row0>	1.0000 0.0000 0.0000 0.0000	</row0>
					<row1>	0.0000 0.9948 -0.1018 0.0000	</row1>
					<row2>	0.0000 0.1018 0.9948 0.0000	</row2>
					<row3>	0.0943 1.0271 -0.9650 1.0000	</row3>
				</transform>
			</node>
			<node>
				<identifier>	HP_FX_Flood_steam_2	</identifier>
				<transform>
					<row0>	1.0000 0.0000 0.0000 0.0000	</row0>
					<row1>	0.0000 0.9876 -0.1572 0.0000	</row1>
					<row2>	0.0000 0.1572 0.9876 0.0000	</row2>
					<row3>	-0.0869 1.0589 0.0383 1.0000	</row3>
				</transform>
			</node>
			<node>
				<identifier>	HP_FX_Flood_steam_exhaust_1	</identifier>
				<transform>
					<row0>	1.0000 0.0000 0.0000 0.0000	</row0>
					<row1>	0.0000 0.9716 0.2365 0.0000	</row1>
					<row2>	0.0000 -0.2365 0.9716 0.0000	</row2>
					<row3>	0.0943 1.0457 -0.5278 1.0000	</row3>
				</transform>
			</node>
			<node>
				<identifier>	HP_FX_Flood_steam_exhaust_2	</identifier>
				<transform>
					<row0>	1.0000 0.0000 0.0000 0.0000	</row0>
					<row1>	0.0000 0.9307 0.3658 0.0000	</row1>
					<row2>	0.0000 -0.3658 0.9307 0.0000	</row2>
					<row3>	-0.0869 1.0589 0.4664 1.0000	</row3>
				</transform>
			</node>
			<node>
				<identifier>	HP_FX_Flood_steam_left	</identifier>
				<transform>
					<row0>	-1.0000 0.0000 0.0000 0.0000	</row0>
					<row1>	0.0000 1.0000 0.0000 0.0000	</row1>
					<row2>	0.0000 0.0000 -1.0000 0.0000	</row2>
					<row3>	-0.6569 0.3786 2.2507 1.0000	</row3>
				</transform>
			</node>
			<node>
				<identifier>	HP_FX_Smoke_1	</identifier>
				<transform>
					<row0>	1.0000 0.0000 0.0000 0.0000	</row0>
					<row1>	0.0000 0.9825 -0.1865 0.0000	</row1>
					<row2>	0.0000 0.1865 0.9825 0.0000	</row2>
					<row3>	0.0005 1.1309 0.2620 1.0000	</row3>
				</transform>
			</node>
			<node>
				<identifier>	HP_FX_Smoke_2	</identifier>
				<transform>
					<row0>	1.0000 0.0000 0.0000 0.0000	</row0>
					<row1>	0.0000 0.9778 -0.2096 0.0000	</row1>
					<row2>	0.0000 0.2096 0.9778 0.0000	</row2>
					<row3>	0.0005 1.0854 -0.7234 1.0000	</row3>
				</transform>
			</node>
			<node>
				<identifier>	HP_Flagpole	</identifier>
				<transform>
					<row0>	1.0000 0.0000 0.0000 0.0000	</row0>
					<row1>	0.0000 1.0000 0.0000 0.0000	</row1>
					<row2>	0.0000 0.0000 1.0000 0.0000	</row2>
					<row3>	0.0000 2.4922 0.9291 1.0000	</row3>
				</transform>
			</node>
			<node>
				<identifier>	HP_ID_1	</identifier>
				<transform>
					<row0>	1.0000 0.0000 0.0000 0.0000	</row0>
					<row1>	0.0000 1.0000 0.0000 0.0000	</row1>
					<row2>	0.0000 0.0000 1.0000 0.0000	</row2>
					<row3>	0.0000 1.6207 1.4352 1.0000	</row3>
				</transform>
			</node>
			<node>
				<identifier>	HP_ID_2	</identifier>
				<transform>
					<row0>	1.0000 0.0000 0.0000 0.0000	</row0>
					<row1>	0.0000 1.0000 0.0000 0.0000	</row1>
					<row2>	0.0000 0.0000 1.0000 0.0000	</row2>
					<row3>	-0.2659 1.3095 1.3779 1.0000	</row3>
				</transform>
			</node>
			<node>
				<identifier>	HP_ID_3	</identifier>
				<transform>
					<row0>	1.0000 0.0000 0.0000 0.0000	</row0>
					<row1>	0.0000 1.0000 0.0000 0.0000	</row1>
					<row2>	0.0000 0.0000 1.0000 0.0000	</row2>
					<row3>	0.2659 1.3095 1.3779 1.0000	</row3>
				</transform>
			</node>
			<node>
				<identifier>	HP_ID_4	</identifier>
				<transform>
					<row0>	0.0000 0.0000 1.0000 0.0000	</row0>
					<row1>	0.0000 1.0000 0.0000 0.0000	</row1>
					<row2>	-1.0000 0.0000 0.0000 0.0000	</row2>
					<row3>	-0.2172 0.8106 0.7980 1.0000	</row3>
				</transform>
			</node>
			<node>
				<identifier>	HP_ID_5	</identifier>
				<transform>
					<row0>	0.0000 0.0000 -1.0000 0.0000	</row0>
					<row1>	0.0000 1.0000 0.0000 0.0000	</row1>
					<row2>	1.0000 0.0000 0.0000 0.0000	</row2>
					<row3>	0.2172 0.8106 0.7980 1.0000	</row3>
				</transform>
			</node>
			<node>
				<identifier>	HP_ID_6	</identifier>
				<transform>
					<row0>	0.0000 0.0000 1.0000 0.0000	</row0>
					<row1>	0.0000 1.0000 0.0000 0.0000	</row1>
					<row2>	-1.0000 0.0000 0.0000 0.0000	</row2>
					<row3>	-0.2200 0.9049 0.1227 1.0000	</row3>
				</transform>
			</node>
			<node>
				<identifier>	HP_ID_7	</identifier>
				<transform>
					<row0>	0.0000 0.0000 -1.0000 0.0000	</row0>
					<row1>	0.0000 1.0000 0.0000 0.0000	</row1>
					<row2>	1.0000 0.0000 0.0000 0.0000	</row2>
					<row3>	0.2200 0.9049 0.1227 1.0000	</row3>
				</transform>
			</node>
			<node>
				<identifier>	HP_IGA_10	</identifier>
				<transform>
					<row0>	0.0000 0.0000 -1.0000 0.0000	</row0>
					<row1>	0.0000 1.0000 0.0000 0.0000	</row1>
					<row2>	1.0000 0.0000 0.0000 0.0000	</row2>
					<row3>	0.2657 0.5819 -0.1710 1.0000	</row3>
				</transform>
			</node>
			<node>
				<identifier>	HP_IGA_11	</identifier>
				<transform>
					<row0>	0.0000 0.0000 1.0000 0.0000	</row0>
					<row1>	0.0000 1.0000 0.0000 0.0000	</row1>
					<row2>	-1.0000 0.0000 0.0000 0.0000	</row2>
					<row3>	-0.2407 0.5814 -1.0764 1.0000	</row3>
				</transform>
			</node>
			<node>
				<identifier>	HP_IGA_12	</identifier>
				<transform>
					<row0>	0.0000 0.0000 -1.0000 0.0000	</row0>
					<row1>	0.0000 1.0000 0.0000 0.0000	</row1>
					<row2>	1.0000 0.0000 0.0000 0.0000	</row2>
					<row3>	0.2407 0.5814 -1.0764 1.0000	</row3>
				</transform>
			</node>
			<node>
				<identifier>	HP_IGA_3	</identifier>
				<transform>
					<row0>	0.7071 0.0000 0.7071 0.0000	</row0>
					<row1>	0.0000 1.0000 0.0000 0.0000	</row1>
					<row2>	-0.7071 0.0000 0.7071 0.0000	</row2>
					<row3>	-0.5069 0.4445 2.3840 1.0000	</row3>
				</transform>
			</node>
			<node>
				<identifier>	HP_IGA_4	</identifier>
				<transform>
					<row0>	0.7071 0.0000 -0.7071 0.0000	</row0>
					<row1>	0.0000 1.0000 0.0000 0.0000	</row1>
					<row2>	0.7071 0.0000 0.7071 0.0000	</row2>
					<row3>	0.5069 0.4445 2.3840 1.0000	</row3>
				</transform>
			</node>
			<node>
				<identifier>	HP_IGA_5	</identifier>
				<transform>
					<row0>	0.0000 0.0000 1.0000 0.0000	</row0>
					<row1>	0.0000 1.0000 0.0000 0.0000	</row1>
					<row2>	-1.0000 0.0000 0.0000 0.0000	</row2>
					<row3>	-0.2667 0.5819 1.6455 1.0000	</row3>
				</transform>
			</node>
			<node>
				<identifier>	HP_IGA_6	</identifier>
				<transform>
					<row0>	0.0000 0.0000 -1.0000 0.0000	</row0>
					<row1>	0.0000 1.0000 0.0000 0.0000	</row1>
					<row2>	1.0000 0.0000 0.0000 0.0000	</row2>
					<row3>	0.2667 0.5819 1.6455 1.0000	</row3>
				</transform>
			</node>
			<node>
				<identifier>	HP_IGA_7	</identifier>
				<transform>
					<row0>	0.0000 0.0000 1.0000 0.0000	</row0>
					<row1>	0.0000 1.0000 0.0000 0.0000	</row1>
					<row2>	-1.0000 0.0000 0.0000 0.0000	</row2>
					<row3>	-0.2668 0.5814 0.5394 1.0000	</row3>
				</transform>
			</node>
			<node>
				<identifier>	HP_IGA_8	</identifier>
				<transform>
					<row0>	0.0000 0.0000 -1.0000 0.0000	</row0>
					<row1>	0.0000 1.0000 0.0000 0.0000	</row1>
					<row2>	1.0000 0.0000 0.0000 0.0000	</row2>
					<row3>	0.2668 0.5814 0.5394 1.0000	</row3>
				</transform>
			</node>
			<node>
				<identifier>	HP_IGA_9	</identifier>
				<transform>
					<row0>	0.0000 0.0000 1.0000 0.0000	</row0>
					<row1>	0.0000 1.0000 0.0000 0.0000	</row1>
					<row2>	-1.0000 0.0000 0.0000 0.0000	</row2>
					<row3>	-0.2657 0.5819 -0.1710 1.0000	</row3>
				</transform>
			</node>
			<node>
				<identifier>	HP_IGM_2	</identifier>
				<transform>
					<row0>	1.0000 0.0000 0.0000 0.0000	</row0>
					<row1>	0.0000 1.0000 0.0000 0.0000	</row1>
					<row2>	0.0000 0.0000 1.0000 0.0000	</row2>
					<row3>	0.0000 0.7139 2.2184 1.0000	</row3>
				</transform>
			</node>
			<node>
				<identifier>	HP_IGS_1	</identifier>
				<transform>
					<row0>	0.9659 0.0000 0.2588 0.0000	</row0>
					<row1>	0.0000 1.0000 0.0000 0.0000	</row1>
					<row2>	-0.2588 0.0000 0.9659 0.0000	</row2>
					<row3>	-0.3599 0.4982 1.1853 1.0000	</row3>
				</transform>
			</node>
			<node>
				<identifier>	HP_IGS_10	</identifier>
				<transform>
					<row0>	-0.9998 0.0000 0.0192 0.0000	</row0>
					<row1>	0.0000 1.0000 0.0000 0.0000	</row1>
					<row2>	-0.0192 0.0000 -0.9998 0.0000	</row2>
					<row3>	0.4728 0.4982 -0.4308 1.0000	</row3>
				</transform>
			</node>
			<node>
				<identifier>	HP_IGS_11	</identifier>
				<transform>
					<row0>	-0.9659 0.0000 0.2588 0.0000	</row0>
					<row1>	0.0000 1.0000 0.0000 0.0000	</row1>
					<row2>	-0.2588 0.0000 -0.9659 0.0000	</row2>
					<row3>	-0.3597 0.4982 -0.8172 1.0000	</row3>
				</transform>
			</node>
			<node>
				<identifier>	HP_IGS_12	</identifier>
				<transform>
					<row0>	-0.9659 0.0000 -0.2588 0.0000	</row0>
					<row1>	0.0000 1.0000 0.0000 0.0000	</row1>
					<row2>	0.2588 0.0000 -0.9659 0.0000	</row2>
					<row3>	0.3597 0.4982 -0.8172 1.0000	</row3>
				</transform>
			</node>
			<node>
				<identifier>	HP_IGS_2	</identifier>
				<transform>
					<row0>	0.9659 0.0000 -0.2588 0.0000	</row0>
					<row1>	0.0000 1.0000 0.0000 0.0000	</row1>
					<row2>	0.2588 0.0000 0.9659 0.0000	</row2>
					<row3>	0.3599 0.4982 1.1853 1.0000	</row3>
				</transform>
			</node>
			<node>
				<identifier>	HP_IGS_3	</identifier>
				<transform>
					<row0>	1.0000 0.0000 0.0000 0.0000	</row0>
					<row1>	0.0000 1.0000 0.0000 0.0000	</row1>
					<row2>	0.0000 0.0000 1.0000 0.0000	</row2>
					<row3>	-0.4666 0.4982 0.7971 1.0000	</row3>
				</transform>
			</node>
			<node>
				<identifier>	HP_IGS_4	</identifier>
				<transform>
					<row0>	1.0000 0.0000 0.0000 0.0000	</row0>
					<row1>	0.0000 1.0000 0.0000 0.0000	</row1>
					<row2>	0.0000 0.0000 1.0000 0.0000	</row2>
					<row3>	0.4666 0.4982 0.7971 1.0000	</row3>
				</transform>
			</node>
			<node>
				<identifier>	HP_IGS_5	</identifier>
				<transform>
					<row0>	1.0000 0.0000 0.0000 0.0000	</row0>
					<row1>	0.0000 1.0000 0.0000 0.0000	</row1>
					<row2>	0.0000 0.0000 1.0000 0.0000	</row2>
					<row3>	-0.5811 0.4982 0.4118 1.0000	</row3>
				</transform>
			</node>
			<node>
				<identifier>	HP_IGS_6	</identifier>
				<transform>
					<row0>	1.0000 0.0000 0.0000 0.0000	</row0>
					<row1>	0.0000 1.0000 0.0000 0.0000	</row1>
					<row2>	0.0000 0.0000 1.0000 0.0000	</row2>
					<row3>	0.5811 0.4982 0.4118 1.0000	</row3>
				</transform>
			</node>
			<node>
				<identifier>	HP_IGS_7	</identifier>
				<transform>
					<row0>	-1.0000 0.0000 0.0000 0.0000	</row0>
					<row1>	0.0000 1.0000 0.0000 0.0000	</row1>
					<row2>	0.0000 0.0000 -1.0000 0.0000	</row2>
					<row3>	-0.5867 0.4982 -0.0429 1.0000	</row3>
				</transform>
			</node>
			<node>
				<identifier>	HP_IGS_8	</identifier>
				<transform>
					<row0>	-1.0000 0.0000 0.0000 0.0000	</row0>
					<row1>	0.0000 1.0000 0.0000 0.0000	</row1>
					<row2>	0.0000 0.0000 -1.0000 0.0000	</row2>
					<row3>	0.5867 0.4982 -0.0429 1.0000	</row3>
				</transform>
			</node>
			<node>
				<identifier>	HP_IGS_9	</identifier>
				<transform>
					<row0>	-0.9998 0.0000 -0.0192 0.0000	</row0>
					<row1>	0.0000 1.0000 0.0000 0.0000	</row1>
					<row2>	0.0192 0.0000 -0.9998 0.0000	</row2>
					<row3>	-0.4728 0.4982 -0.4308 1.0000	</row3>
				</transform>
			</node>
			<node>
				<identifier>	HP_IRS_1	</identifier>
				<transform>
					<row0>	1.0000 0.0000 0.0000 0.0000	</row0>
					<row1>	0.0000 1.0000 0.0000 0.0000	</row1>
					<row2>	0.0000 0.0000 1.0000 0.0000	</row2>
					<row3>	-0.2058 1.5997 1.4353 1.0000	</row3>
				</transform>
			</node>
			<node>
				<identifier>	HP_IRS_2	</identifier>
				<transform>
					<row0>	1.0000 0.0000 0.0000 0.0000	</row0>
					<row1>	0.0000 1.0000 0.0000 0.0000	</row1>
					<row2>	0.0000 0.0000 1.0000 0.0000	</row2>
					<row3>	0.2058 1.5997 1.4353 1.0000	</row3>
				</transform>
			</node>
			<node>
				<identifier>	HP_flag_1	</identifier>
				<transform>
					<row0>	0.9827 -0.1852 0.0003 0.0000	</row0>
					<row1>	0.1852 0.9827 -0.0036 0.0000	</row1>
					<row2>	0.0003 0.0036 1.0000 0.0000	</row2>
					<row3>	0.3050 2.1041 0.9682 1.0000	</row3>
				</transform>
			</node>
			<node>
				<identifier>	HP_flag_2	</identifier>
				<transform>
					<row0>	0.9827 0.1852 -0.0003 0.0000	</row0>
					<row1>	-0.1852 0.9827 -0.0036 0.0000	</row1>
					<row2>	-0.0003 0.0036 1.0000 0.0000	</row2>
					<row3>	-0.3050 2.1041 0.9682 1.0000	</row3>
				</transform>
			</node>
			<node>
				<identifier>	HP_flag_3	</identifier>
				<transform>
					<row0>	0.9944 -0.1059 -0.0012 0.0000	</row0>
					<row1>	0.1059 0.9941 0.0229 0.0000	</row1>
					<row2>	-0.0012 -0.0229 0.9997 0.0000	</row2>
					<row3>	0.2130 2.1035 0.9669 1.0000	</row3>
				</transform>
			</node>
			<node>
				<identifier>	HP_flag_4	</identifier>
				<transform>
					<row0>	0.9944 0.1059 0.0012 0.0000	</row0>
					<row1>	-0.1059 0.9941 0.0229 0.0000	</row1>
					<row2>	0.0012 -0.0229 0.9997 0.0000	</row2>
					<row3>	-0.2130 2.1035 0.9669 1.0000	</row3>
				</transform>
			</node>
			<node>
				<identifier>	HP_flag_courtesy	</identifier>
				<transform>
					<row0>	0.9721 -0.2346 -0.0006 0.0000	</row0>
					<row1>	0.2346 0.9721 0.0052 0.0000	</row1>
					<row2>	-0.0006 -0.0052 1.0000 0.0000	</row2>
					<row3>	0.3578 2.1073 0.9678 1.0000	</row3>
				</transform>
			</node>
			<node>
				<identifier>	HP_flag_house	</identifier>
				<transform>
					<row0>	0.9721 0.2346 0.0006 0.0000	</row0>
					<row1>	-0.2346 0.9721 0.0052 0.0000	</row1>
					<row2>	0.0006 -0.0052 1.0000 0.0000	</row2>
					<row3>	-0.3578 2.1073 0.9678 1.0000	</row3>
				</transform>
			</node>
			<node>
				<identifier>	MP_BM711_Flag_box	</identifier>
				<transform>
					<row0>	0.0000 0.0000 1.0000 0.0000	</row0>
					<row1>	0.0000 1.0000 0.0000 0.0000	</row1>
					<row2>	-1.0000 0.0000 0.0000 0.0000	</row2>
					<row3>	-0.0510 1.0238 0.9924 1.0000	</row3>
				</transform>
			</node>
			<node>
				<identifier>	MP_BM711_Flag_box_INDEX_1	</identifier>
				<transform>
					<row0>	0.0000 0.0000 -1.0000 0.0000	</row0>
					<row1>	0.0000 1.0000 0.0000 0.0000	</row1>
					<row2>	1.0000 0.0000 0.0000 0.0000	</row2>
					<row3>	0.0510 1.0238 0.9924 1.0000	</row3>
				</transform>
			</node>
			<node>
				<identifier>	MP_CM011_Fire_Fighting_Gear	</identifier>
				<transform>
					<row0>	0.0000 0.0000 1.0000 0.0000	</row0>
					<row1>	0.0000 1.0000 0.0000 0.0000	</row1>
					<row2>	-1.0000 0.0000 0.0000 0.0000	</row2>
					<row3>	0.2752 0.4540 2.0129 1.0000	</row3>
				</transform>
			</node>
			<node>
				<identifier>	MP_CM011_Fire_Fighting_Gear_INDEX_1	</identifier>
				<transform>
					<row0>	1.0000 0.0000 0.0000 0.0000	</row0>
					<row1>	0.0000 1.0000 0.0000 0.0000	</row1>
					<row2>	0.0000 0.0000 1.0000 0.0000	</row2>
					<row3>	-0.0826 0.5901 -0.1894 1.0000	</row3>
				</transform>
			</node>
			<node>
				<identifier>	MP_CM011_Fire_Fighting_Gear_INDEX_2	</identifier>
				<transform>
					<row0>	0.0000 0.0000 1.0000 0.0000	</row0>
					<row1>	0.0000 1.0000 0.0000 0.0000	</row1>
					<row2>	-1.0000 0.0000 0.0000 0.0000	</row2>
					<row3>	0.5153 0.3002 -0.8119 1.0000	</row3>
				</transform>
			</node>
			<node>
				<identifier>	MP_CM011_Fire_Fighting_Gear_INDEX_3	</identifier>
				<transform>
					<row0>	0.0000 0.0000 -1.0000 0.0000	</row0>
					<row1>	0.0000 1.0000 0.0000 0.0000	</row1>
					<row2>	1.0000 0.0000 0.0000 0.0000	</row2>
					<row3>	-0.2752 0.4520 0.4769 1.0000	</row3>
				</transform>
			</node>
			<node>
				<identifier>	MP_CM011_Fire_Fighting_Gear_INDEX_4	</identifier>
				<transform>
					<row0>	0.0000 0.0000 -1.0000 0.0000	</row0>
					<row1>	0.0000 1.0000 0.0000 0.0000	</row1>
					<row2>	1.0000 0.0000 0.0000 0.0000	</row2>
					<row3>	-0.2752 0.4540 2.0129 1.0000	</row3>
				</transform>
			</node>
			<node>
				<identifier>	MP_CM011_Fire_Fighting_Gear_INDEX_5	</identifier>
				<transform>
					<row0>	0.0000 0.0000 -1.0000 0.0000	</row0>
					<row1>	0.0000 1.0000 0.0000 0.0000	</row1>
					<row2>	1.0000 0.0000 0.0000 0.0000	</row2>
					<row3>	-0.5153 0.3002 -0.8119 1.0000	</row3>
				</transform>
			</node>
			<node>
				<identifier>	MP_CM011_Fire_Fighting_Gear_INDEX_6	</identifier>
				<transform>
					<row0>	0.0000 0.0000 1.0000 0.0000	</row0>
					<row1>	0.0000 1.0000 0.0000 0.0000	</row1>
					<row2>	-1.0000 0.0000 0.0000 0.0000	</row2>
					<row3>	0.2752 0.4520 0.4769 1.0000	</row3>
				</transform>
			</node>
			<node>
				<identifier>	MP_CM011_Fire_Fighting_Gear_INDEX_7	</identifier>
				<transform>
					<row0>	1.0000 0.0000 0.0000 0.0000	</row0>
					<row1>	0.0000 1.0000 0.0000 0.0000	</row1>
					<row2>	0.0000 0.0000 1.0000 0.0000	</row2>
					<row3>	-0.0645 0.5828 0.9738 1.0000	</row3>
				</transform>
			</node>
			<node>
				<identifier>	MP_CM013_Fire_Hose_Rack_2	</identifier>
				<transform>
					<row0>	1.0000 0.0000 0.0000 0.0000	</row0>
					<row1>	0.0000 1.0000 0.0000 0.0000	</row1>
					<row2>	0.0000 0.0000 1.0000 0.0000	</row2>
					<row3>	-0.5059 0.3645 -0.7856 1.0000	</row3>
				</transform>
			</node>
			<node>
				<identifier>	MP_CM013_Fire_Hose_Rack_2_INDEX_1	</identifier>
				<transform>
					<row0>	-1.0000 0.0000 0.0000 0.0000	</row0>
					<row1>	0.0000 1.0000 0.0000 0.0000	</row1>
					<row2>	0.0000 0.0000 -1.0000 0.0000	</row2>
					<row3>	0.5059 0.3645 -0.7856 1.0000	</row3>
				</transform>
			</node>
			<node>
				<identifier>	MP_CM013_Fire_Hose_Rack_2_INDEX_2	</identifier>
				<transform>
					<row0>	-1.0000 0.0000 0.0000 0.0000	</row0>
					<row1>	0.0000 1.0000 0.0000 0.0000	</row1>
					<row2>	0.0000 0.0000 -1.0000 0.0000	</row2>
					<row3>	0.2658 0.5144 0.4475 1.0000	</row3>
				</transform>
			</node>
			<node>
				<identifier>	MP_CM013_Fire_Hose_Rack_2_INDEX_3	</identifier>
				<transform>
					<row0>	1.0000 0.0000 0.0000 0.0000	</row0>
					<row1>	0.0000 1.0000 0.0000 0.0000	</row1>
					<row2>	0.0000 0.0000 1.0000 0.0000	</row2>
					<row3>	-0.2658 0.5144 1.9955 1.0000	</row3>
				</transform>
			</node>
			<node>
				<identifier>	MP_CM013_Fire_Hose_Rack_2_INDEX_4	</identifier>
				<transform>
					<row0>	0.0000 0.0000 1.0000 0.0000	</row0>
					<row1>	0.0000 1.0000 0.0000 0.0000	</row1>
					<row2>	-1.0000 0.0000 0.0000 0.0000	</row2>
					<row3>	-0.0645 0.6618 0.9851 1.0000	</row3>
				</transform>
			</node>
			<node>
				<identifier>	MP_CM013_Fire_Hose_Rack_2_INDEX_5	</identifier>
				<transform>
					<row0>	1.0000 0.0000 0.0000 0.0000	</row0>
					<row1>	0.0000 1.0000 0.0000 0.0000	</row1>
					<row2>	0.0000 0.0000 1.0000 0.0000	</row2>
					<row3>	-0.2658 0.5144 0.4475 1.0000	</row3>
				</transform>
			</node>
			<node>
				<identifier>	MP_CM013_Fire_Hose_Rack_2_INDEX_6	</identifier>
				<transform>
					<row0>	-1.0000 0.0000 0.0000 0.0000	</row0>
					<row1>	0.0000 1.0000 0.0000 0.0000	</row1>
					<row2>	0.0000 0.0000 -1.0000 0.0000	</row2>
					<row3>	0.2658 0.5144 1.9955 1.0000	</row3>
				</transform>
			</node>
			<node>
				<identifier>	MP_CM013_Fire_Hose_Rack_2_INDEX_7	</identifier>
				<transform>
					<row0>	0.0000 0.0000 -1.0000 0.0000	</row0>
					<row1>	0.0000 1.0000 0.0000 0.0000	</row1>
					<row2>	1.0000 0.0000 0.0000 0.0000	</row2>
					<row3>	0.0000 0.6020 -0.2730 1.0000	</row3>
				</transform>
			</node>
			<node>
				<identifier>	MP_CM014_Fuel_Oil_Hose	</identifier>
				<transform>
					<row0>	1.0000 0.0000 0.0000 0.0000	</row0>
					<row1>	0.0000 1.0000 0.0000 0.0000	</row1>
					<row2>	0.0000 0.0000 1.0000 0.0000	</row2>
					<row3>	-0.6244 0.3433 -0.3680 1.0000	</row3>
				</transform>
			</node>
			<node>
				<identifier>	MP_CM014_Fuel_Oil_Hose_INDEX_1	</identifier>
				<transform>
					<row0>	-1.0000 0.0000 0.0000 0.0000	</row0>
					<row1>	0.0000 1.0000 0.0000 0.0000	</row1>
					<row2>	0.0000 0.0000 -1.0000 0.0000	</row2>
					<row3>	0.6242 0.3433 -0.3680 1.0000	</row3>
				</transform>
			</node>
			<node>
				<identifier>	MP_CM014_Fuel_Oil_Hose_INDEX_2	</identifier>
				<transform>
					<row0>	-1.0000 0.0000 0.0000 0.0000	</row0>
					<row1>	0.0000 1.0000 0.0000 0.0000	</row1>
					<row2>	0.0000 0.0000 -1.0000 0.0000	</row2>
					<row3>	0.6242 0.3161 -0.3680 1.0000	</row3>
				</transform>
			</node>
			<node>
				<identifier>	MP_CM014_Fuel_Oil_Hose_INDEX_3	</identifier>
				<transform>
					<row0>	1.0000 0.0000 0.0000 0.0000	</row0>
					<row1>	0.0000 1.0000 0.0000 0.0000	</row1>
					<row2>	0.0000 0.0000 1.0000 0.0000	</row2>
					<row3>	-0.6244 0.3161 -0.3680 1.0000	</row3>
				</transform>
			</node>
			<node>
				<identifier>	MP_CM029_Emergency_Box	</identifier>
				<transform>
					<row0>	0.0000 0.0000 1.0000 0.0000	</row0>
					<row1>	0.0000 1.0000 0.0000 0.0000	</row1>
					<row2>	-1.0000 0.0000 0.0000 0.0000	</row2>
					<row3>	0.5142 0.3708 -0.7276 1.0000	</row3>
				</transform>
			</node>
			<node>
				<identifier>	MP_CM029_Emergency_Box_INDEX_1	</identifier>
				<transform>
					<row0>	1.0000 0.0000 0.0000 0.0000	</row0>
					<row1>	0.0000 1.0000 0.0000 0.0000	</row1>
					<row2>	0.0000 0.0000 1.0000 0.0000	</row2>
					<row3>	0.0640 0.6697 0.9783 1.0000	</row3>
				</transform>
			</node>
			<node>
				<identifier>	MP_CM029_Emergency_Box_INDEX_2	</identifier>
				<transform>
					<row0>	0.9114 0.0000 0.4116 0.0000	</row0>
					<row1>	0.0000 1.0000 0.0000 0.0000	</row1>
					<row2>	-0.4116 0.0000 0.9114 0.0000	</row2>
					<row3>	0.1547 0.5358 -1.1317 1.0000	</row3>
				</transform>
			</node>
			<node>
				<identifier>	MP_CM029_Emergency_Box_INDEX_3	</identifier>
				<transform>
					<row0>	0.0000 0.0000 -1.0000 0.0000	</row0>
					<row1>	0.0000 1.0000 0.0000 0.0000	</row1>
					<row2>	1.0000 0.0000 0.0000 0.0000	</row2>
					<row3>	-0.5142 0.3708 -0.7276 1.0000	</row3>
				</transform>
			</node>
			<node>
				<identifier>	MP_CM029_Emergency_Box_INDEX_4	</identifier>
				<transform>
					<row0>	0.0000 0.0000 -1.0000 0.0000	</row0>
					<row1>	0.0000 1.0000 0.0000 0.0000	</row1>
					<row2>	1.0000 0.0000 0.0000 0.0000	</row2>
					<row3>	-0.1148 0.6697 -0.1105 1.0000	</row3>
				</transform>
			</node>
			<node>
				<identifier>	MP_CM029_Emergency_Box_INDEX_5	</identifier>
				<transform>
					<row0>	0.0000 0.0000 1.0000 0.0000	</row0>
					<row1>	0.0000 1.0000 0.0000 0.0000	</row1>
					<row2>	-1.0000 0.0000 0.0000 0.0000	</row2>
					<row3>	0.2712 0.5358 1.8102 1.0000	</row3>
				</transform>
			</node>
			<node>
				<identifier>	MP_CM029_Emergency_Box_INDEX_6	</identifier>
				<transform>
					<row0>	0.0000 0.0000 -1.0000 0.0000	</row0>
					<row1>	0.0000 1.0000 0.0000 0.0000	</row1>
					<row2>	1.0000 0.0000 0.0000 0.0000	</row2>
					<row3>	-0.2712 0.5358 1.8102 1.0000	</row3>
				</transform>
			</node>
			<node>
				<identifier>	MP_CM029_Emergency_Box_INDEX_7	</identifier>
				<transform>
					<row0>	0.9215 -0.0227 0.3878 0.0000	</row0>
					<row1>	-0.0332 0.9900 0.1368 0.0000	</row1>
					<row2>	-0.3870 -0.1389 0.9115 0.0000	</row2>
					<row3>	0.0560 1.4053 1.3033 1.0000	</row3>
				</transform>
			</node>
			<node>
				<identifier>	MP_CM029_Emergency_Box_INDEX_8	</identifier>
				<transform>
					<row0>	0.9914 0.0000 0.1305 0.0000	</row0>
					<row1>	0.0000 1.0000 0.0000 0.0000	</row1>
					<row2>	-0.1305 0.0000 0.9914 0.0000	</row2>
					<row3>	0.0013 0.9449 1.2575 1.0000	</row3>
				</transform>
			</node>
			<node>
				<identifier>	MP_CM052_Fender	</identifier>
				<transform>
					<row0>	0.0000 0.0000 0.7814 0.0000	</row0>
					<row1>	0.0000 0.7814 0.0000 0.0000	</row1>
					<row2>	-0.7814 0.0000 0.0000 0.0000	</row2>
					<row3>	-0.2927 0.4401 1.7394 1.0000	</row3>
				</transform>
			</node>
			<node>
				<identifier>	MP_CM052_Fender_INDEX_1	</identifier>
				<transform>
					<row0>	0.0000 0.0000 -0.7814 0.0000	</row0>
					<row1>	0.0000 0.7814 0.0000 0.0000	</row1>
					<row2>	0.7814 0.0000 0.0000 0.0000	</row2>
					<row3>	0.6462 0.2925 -0.2171 1.0000	</row3>
				</transform>
			</node>
			<node>
				<identifier>	MP_CM052_Fender_INDEX_2	</identifier>
				<transform>
					<row0>	0.0000 0.0000 -0.7814 0.0000	</row0>
					<row1>	0.0000 0.7814 0.0000 0.0000	</row1>
					<row2>	0.7814 0.0000 0.0000 0.0000	</row2>
					<row3>	0.2927 0.4401 1.7394 1.0000	</row3>
				</transform>
			</node>
			<node>
				<identifier>	MP_CM052_Fender_INDEX_3	</identifier>
				<transform>
					<row0>	0.0000 0.0000 0.7814 0.0000	</row0>
					<row1>	0.0000 0.7814 0.0000 0.0000	</row1>
					<row2>	-0.7814 0.0000 0.0000 0.0000	</row2>
					<row3>	-0.6462 0.2925 -0.2171 1.0000	</row3>
				</transform>
			</node>
			<node>
				<identifier>	MP_CM056_Ships_bell	</identifier>
				<transform>
					<row0>	1.0000 0.0000 0.0000 0.0000	</row0>
					<row1>	0.0000 1.0000 0.0000 0.0000	</row1>
					<row2>	0.0000 0.0000 1.0000 0.0000	</row2>
					<row3>	0.0000 0.8548 1.2273 1.0000	</row3>
				</transform>
			</node>
			<node>
				<identifier>	MP_CM057_Accommodation_Ladder_Closed	</identifier>
				<transform>
					<row0>	1.0000 0.0000 0.0000 0.0000	</row0>
					<row1>	0.0000 1.0000 0.0041 0.0000	</row1>
					<row2>	0.0000 -0.0041 1.0000 0.0000	</row2>
					<row3>	-0.6425 0.4447 1.3255 1.0000	</row3>
				</transform>
			</node>
			<node>
				<identifier>	MP_CM057_Accommodation_Ladder_Closed_INDEX_1	</identifier>
				<transform>
					<row0>	1.0000 0.0000 0.0000 0.0000	</row0>
					<row1>	0.0000 1.0000 0.0041 0.0000	</row1>
					<row2>	0.0000 -0.0041 1.0000 0.0000	</row2>
					<row3>	0.6442 0.4447 1.3255 1.0000	</row3>
				</transform>
			</node>
			<node>
				<identifier>	MP_CM092_Siren	</identifier>
				<transform>
					<row0>	0.0000 0.0000 1.0000 0.0000	</row0>
					<row1>	0.0000 1.0000 0.0000 0.0000	</row1>
					<row2>	-1.0000 0.0000 0.0000 0.0000	</row2>
					<row3>	-0.1372 0.9655 0.3660 1.0000	</row3>
				</transform>
			</node>
			<node>
				<identifier>	MP_CM092_Siren_INDEX_1	</identifier>
				<transform>
					<row0>	0.0000 0.0000 -1.0000 0.0000	</row0>
					<row1>	0.0000 1.0000 0.0000 0.0000	</row1>
					<row2>	1.0000 0.0000 0.0000 0.0000	</row2>
					<row3>	0.1372 0.9655 0.3660 1.0000	</row3>
				</transform>
			</node>
			<node>
				<identifier>	MP_IM001_Paramine_Tipo_C	</identifier>
				<transform>
					<row0>	0.0061 -1.0000 0.0025 0.0000	</row0>
					<row1>	0.9242 0.0066 0.3819 0.0000	</row1>
					<row2>	-0.3819 0.0000 0.9242 0.0000	</row2>
					<row3>	0.2485 0.5315 2.3267 1.0000	</row3>
				</transform>
			</node>
			<node>
				<identifier>	MP_IM001_Paramine_Tipo_C_INDEX_1	</identifier>
				<transform>
					<row0>	0.0061 1.0000 -0.0025 0.0000	</row0>
					<row1>	-0.9242 0.0066 0.3819 0.0000	</row1>
					<row2>	0.3819 0.0000 0.9242 0.0000	</row2>
					<row3>	-0.2485 0.5315 2.3267 1.0000	</row3>
				</transform>
			</node>
			<node>
				<identifier>	MP_IM005_Life_Buoy	</identifier>
				<transform>
					<row0>	0.0046 0.0000 1.0000 0.0000	</row0>
					<row1>	0.0000 1.0000 0.0000 0.0000	</row1>
					<row2>	-1.0000 0.0000 0.0046 0.0000	</row2>
					<row3>	-0.7439 0.2926 -0.4750 1.0000	</row3>
				</transform>
			</node>
			<node>
				<identifier>	MP_IM005_Life_Buoy_INDEX_1	</identifier>
				<transform>
					<row0>	0.0046 0.0000 -1.0000 0.0000	</row0>
					<row1>	0.0000 1.0000 0.0000 0.0000	</row1>
					<row2>	1.0000 0.0000 0.0046 0.0000	</row2>
					<row3>	0.7439 0.2926 -0.4750 1.0000	</row3>
				</transform>
			</node>
			<node>
				<identifier>	MP_IM026_Reels	</identifier>
				<transform>
					<row0>	0.8192 0.0000 -0.5736 0.0000	</row0>
					<row1>	0.0000 1.0000 0.0000 0.0000	</row1>
					<row2>	0.5736 0.0000 0.8192 0.0000	</row2>
					<row3>	0.1559 0.4454 2.4980 1.0000	</row3>
				</transform>
			</node>
			<node>
				<identifier>	MP_IM026_Reels_INDEX_1	</identifier>
				<transform>
					<row0>	0.8192 0.0000 0.5736 0.0000	</row0>
					<row1>	0.0000 1.0000 0.0000 0.0000	</row1>
					<row2>	-0.5736 0.0000 0.8192 0.0000	</row2>
					<row3>	-0.1559 0.4454 2.4980 1.0000	</row3>
				</transform>
			</node>
			<node>
				<identifier>	MP_IM026_Reels_INDEX_2	</identifier>
				<transform>
					<row0>	0.3484 0.0000 0.1936 0.0000	</row0>
					<row1>	0.0000 0.3986 0.0000 0.0000	</row1>
					<row2>	-0.1936 0.0000 0.3484 0.0000	</row2>
					<row3>	-0.5475 0.4449 2.0287 1.0000	</row3>
				</transform>
			</node>
			<node>
				<identifier>	MP_IM026_Reels_INDEX_3	</identifier>
				<transform>
					<row0>	0.3484 0.0000 -0.1936 0.0000	</row0>
					<row1>	0.0000 0.3986 0.0000 0.0000	</row1>
					<row2>	0.1936 0.0000 0.3484 0.0000	</row2>
					<row3>	0.5475 0.4449 2.0287 1.0000	</row3>
				</transform>
			</node>
			<node>
				<identifier>	MP_IM027_Reels	</identifier>
				<transform>
					<row0>	-0.5095 0.0000 0.2071 0.0000	</row0>
					<row1>	0.0000 0.5500 0.0000 0.0000	</row1>
					<row2>	-0.2071 0.0000 -0.5095 0.0000	</row2>
					<row3>	-0.5358 0.2916 -0.5646 1.0000	</row3>
				</transform>
			</node>
			<node>
				<identifier>	MP_IM027_Reels_INDEX_1	</identifier>
				<transform>
					<row0>	-0.5095 0.0000 -0.2071 0.0000	</row0>
					<row1>	0.0000 0.5500 0.0000 0.0000	</row1>
					<row2>	0.2071 0.0000 -0.5095 0.0000	</row2>
					<row3>	0.5358 0.2916 -0.5646 1.0000	</row3>
				</transform>
			</node>
			<node>
				<identifier>	MP_IM033_Life_Buoy	</identifier>
				<transform>
					<row0>	-0.0212 0.0000 0.9998 0.0000	</row0>
					<row1>	0.0000 1.0000 0.0000 0.0000	</row1>
					<row2>	-0.9998 0.0000 -0.0212 0.0000	</row2>
					<row3>	0.7180 0.5170 0.7217 1.0000	</row3>
				</transform>
			</node>
			<node>
				<identifier>	MP_IM033_Life_Buoy_INDEX_1	</identifier>
				<transform>
					<row0>	-0.0212 0.0000 -0.9998 0.0000	</row0>
					<row1>	0.0000 1.0000 0.0000 0.0000	</row1>
					<row2>	0.9998 0.0000 -0.0212 0.0000	</row2>
					<row3>	-0.7180 0.5170 0.7217 1.0000	</row3>
				</transform>
			</node>
			<node>
				<identifier>	MP_IM513_Life_Boat_3_5m2	</identifier>
				<transform>
					<row0>	0.0000 0.0000 1.0000 0.0000	</row0>
					<row1>	-0.9893 -0.1456 0.0000 0.0000	</row1>
					<row2>	0.1456 -0.9893 0.0000 0.0000	</row2>
					<row3>	-0.2596 0.7646 -0.6238 1.0000	</row3>
				</transform>
			</node>
			<node>
				<identifier>	MP_IM513_Life_Boat_3_5m2_INDEX_1	</identifier>
				<transform>
					<row0>	0.0000 -1.0000 0.0000 0.0000	</row0>
					<row1>	0.9860 0.0000 -0.1669 0.0000	</row1>
					<row2>	0.1669 0.0000 0.9860 0.0000	</row2>
					<row3>	0.1450 0.7736 0.1779 1.0000	</row3>
				</transform>
			</node>
			<node>
				<identifier>	MP_IM513_Life_Boat_3_5m2_INDEX_2	</identifier>
				<transform>
					<row0>	0.2996 0.0000 -0.9541 0.0000	</row0>
					<row1>	-0.9541 0.0068 -0.2996 0.0000	</row1>
					<row2>	0.0065 1.0000 0.0020 0.0000	</row2>
					<row3>	-0.1461 0.8051 -0.8373 1.0000	</row3>
				</transform>
			</node>
			<node>
				<identifier>	MP_IM513_Life_Boat_3_5m2_INDEX_3	</identifier>
				<transform>
					<row0>	0.0000 1.0000 0.0000 0.0000	</row0>
					<row1>	-0.9860 0.0000 -0.1669 0.0000	</row1>
					<row2>	-0.1669 0.0000 0.9860 0.0000	</row2>
					<row3>	-0.1450 0.7736 0.1779 1.0000	</row3>
				</transform>
			</node>
			<node>
				<identifier>	MP_IM513_Life_Boat_3_5m2_INDEX_4	</identifier>
				<transform>
					<row0>	0.2996 0.0000 0.9541 0.0000	</row0>
					<row1>	0.9541 0.0068 -0.2996 0.0000	</row1>
					<row2>	-0.0065 1.0000 0.0020 0.0000	</row2>
					<row3>	0.1461 0.8051 -0.8373 1.0000	</row3>
				</transform>
			</node>
			<node>
				<identifier>	MP_IM513_Life_Boat_3_5m2_INDEX_5	</identifier>
				<transform>
					<row0>	0.0000 0.0000 -1.0000 0.0000	</row0>
					<row1>	0.9893 -0.1456 0.0000 0.0000	</row1>
					<row2>	-0.1456 -0.9893 0.0000 0.0000	</row2>
					<row3>	0.2596 0.7646 -0.6238 1.0000	</row3>
				</transform>
			</node>
			<node>
				<identifier>	MP_IM519_Life_Boat_Lattice	</identifier>
				<transform>
					<row0>	0.2996 0.0000 0.9541 0.0000	</row0>
					<row1>	0.9541 0.0068 -0.2996 0.0000	</row1>
					<row2>	-0.0065 1.0000 0.0020 0.0000	</row2>
					<row3>	0.1652 0.8052 -0.8433 1.0000	</row3>
				</transform>
			</node>
			<node>
				<identifier>	MP_IM519_Life_Boat_Lattice_INDEX_1	</identifier>
				<transform>
					<row0>	0.2996 0.0000 -0.9541 0.0000	</row0>
					<row1>	-0.9541 0.0068 -0.2996 0.0000	</row1>
					<row2>	0.0065 1.0000 0.0020 0.0000	</row2>
					<row3>	-0.1652 0.8052 -0.8433 1.0000	</row3>
				</transform>
			</node>
			<node>
				<identifier>	MP_IM519_Life_Boat_Lattice_INDEX_2	</identifier>
				<transform>
					<row0>	0.0000 -1.0000 0.0000 0.0000	</row0>
					<row1>	0.9860 0.0000 -0.1669 0.0000	</row1>
					<row2>	0.1669 0.0000 0.9860 0.0000	</row2>
					<row3>	0.1450 0.7736 0.1779 1.0000	</row3>
				</transform>
			</node>
			<node>
				<identifier>	MP_IM519_Life_Boat_Lattice_INDEX_3	</identifier>
				<transform>
					<row0>	0.0000 0.0000 -1.0000 0.0000	</row0>
					<row1>	0.9893 -0.1456 0.0000 0.0000	</row1>
					<row2>	-0.1456 -0.9893 0.0000 0.0000	</row2>
					<row3>	0.2795 0.7623 -0.6238 1.0000	</row3>
				</transform>
			</node>
			<node>
				<identifier>	MP_IM519_Life_Boat_Lattice_INDEX_4	</identifier>
				<transform>
					<row0>	0.0000 0.0000 1.0000 0.0000	</row0>
					<row1>	-0.9893 -0.1456 0.0000 0.0000	</row1>
					<row2>	0.1456 -0.9893 0.0000 0.0000	</row2>
					<row3>	-0.2795 0.7623 -0.6238 1.0000	</row3>
				</transform>
			</node>
			<node>
				<identifier>	MP_IM519_Life_Boat_Lattice_INDEX_5	</identifier>
				<transform>
					<row0>	0.0000 1.0000 0.0000 0.0000	</row0>
					<row1>	-0.9860 0.0000 -0.1669 0.0000	</row1>
					<row2>	-0.1669 0.0000 0.9860 0.0000	</row2>
					<row3>	-0.1450 0.7736 0.1779 1.0000	</row3>
				</transform>
			</node>
			<node>
				<identifier>	MP_IM600_Pelorus	</identifier>
				<transform>
					<row0>	0.0000 0.0000 -1.0000 0.0000	</row0>
					<row1>	0.0000 1.0000 0.0000 0.0000	</row1>
					<row2>	1.0000 0.0000 0.0000 0.0000	</row2>
					<row3>	-0.2360 0.8856 1.5462 1.0000	</row3>
				</transform>
			</node>
			<node>
				<identifier>	MP_IM600_Pelorus_INDEX_1	</identifier>
				<transform>
					<row0>	0.0000 0.0000 1.0000 0.0000	</row0>
					<row1>	0.0000 1.0000 0.0000 0.0000	</row1>
					<row2>	-1.0000 0.0000 0.0000 0.0000	</row2>
					<row3>	0.2360 0.8856 1.5462 1.0000	</row3>
				</transform>
			</node>
			<node>
				<identifier>	MP_IM602_Binocular	</identifier>
				<transform>
					<row0>	0.2010 0.0000 0.9796 0.0000	</row0>
					<row1>	0.0000 1.0000 0.0000 0.0000	</row1>
					<row2>	-0.9796 0.0000 0.2010 0.0000	</row2>
					<row3>	-0.1859 0.9565 1.6847 1.0000	</row3>
				</transform>
			</node>
			<node>
				<identifier>	MP_IM602_Binocular_INDEX_1	</identifier>
				<transform>
					<row0>	0.0000 0.0000 -1.0000 0.0000	</row0>
					<row1>	0.0000 1.0000 0.0000 0.0000	</row1>
					<row2>	1.0000 0.0000 0.0000 0.0000	</row2>
					<row3>	0.2561 1.0906 1.4914 1.0000	</row3>
				</transform>
			</node>
			<node>
				<identifier>	MP_IM602_Binocular_INDEX_2	</identifier>
				<transform>
					<row0>	0.0000 0.0000 1.0000 0.0000	</row0>
					<row1>	0.0000 1.0000 0.0000 0.0000	</row1>
					<row2>	-1.0000 0.0000 0.0000 0.0000	</row2>
					<row3>	-0.2561 1.0906 1.4914 1.0000	</row3>
				</transform>
			</node>
			<node>
				<identifier>	MP_IM602_Binocular_INDEX_3	</identifier>
				<transform>
					<row0>	0.2010 0.0000 -0.9796 0.0000	</row0>
					<row1>	0.0000 1.0000 0.0000 0.0000	</row1>
					<row2>	0.9796 0.0000 0.2010 0.0000	</row2>
					<row3>	0.1859 0.9565 1.6847 1.0000	</row3>
				</transform>
			</node>
			<node>
				<identifier>	MP_IM604_Director	</identifier>
				<transform>
					<row0>	1.0000 0.0000 0.0000 0.0000	</row0>
					<row1>	0.0000 1.0000 0.0000 0.0000	</row1>
					<row2>	0.0000 0.0000 1.0000 0.0000	</row2>
					<row3>	0.2352 0.8833 1.3972 1.0000	</row3>
				</transform>
			</node>
			<node>
				<identifier>	MP_IM604_Director_INDEX_1	</identifier>
				<transform>
					<row0>	1.0000 0.0000 0.0000 0.0000	</row0>
					<row1>	0.0000 1.0000 0.0000 0.0000	</row1>
					<row2>	0.0000 0.0000 1.0000 0.0000	</row2>
					<row3>	-0.2352 0.8833 1.3972 1.0000	</row3>
				</transform>
			</node>
			<node>
				<identifier>	MP_IM607_Pelorus_mini	</identifier>
				<transform>
					<row0>	0.0000 0.0000 -1.0000 0.0000	</row0>
					<row1>	0.0000 1.0000 0.0000 0.0000	</row1>
					<row2>	1.0000 0.0000 0.0000 0.0000	</row2>
					<row3>	0.2721 1.0586 1.5783 1.0000	</row3>
				</transform>
			</node>
			<node>
				<identifier>	MP_IM607_Pelorus_mini_INDEX_1	</identifier>
				<transform>
					<row0>	0.0000 0.0000 1.0000 0.0000	</row0>
					<row1>	0.0000 1.0000 0.0000 0.0000	</row1>
					<row2>	-1.0000 0.0000 0.0000 0.0000	</row2>
					<row3>	-0.2721 1.0586 1.5783 1.0000	</row3>
				</transform>
			</node>
			<node>
				<identifier>	MP_IM608_Antenna	</identifier>
				<transform>
					<row0>	1.0000 0.0000 0.0000 0.0000	</row0>
					<row1>	0.0000 1.0000 0.0000 0.0000	</row1>
					<row2>	0.0000 0.0000 1.0000 0.0000	</row2>
					<row3>	0.0000 1.3075 1.8519 1.0000	</row3>
				</transform>
			</node>
			<node>
				<identifier>	MP_IM609_VCU	</identifier>
				<transform>
					<row0>	0.0000 0.0000 -1.0000 0.0000	</row0>
					<row1>	0.0000 1.0000 0.0000 0.0000	</row1>
					<row2>	1.0000 0.0000 0.0000 0.0000	</row2>
					<row3>	0.2168 1.3095 1.4891 1.0000	</row3>
				</transform>
			</node>
			<node>
				<identifier>	MP_IM609_VCU_INDEX_1	</identifier>
				<transform>
					<row0>	0.0000 0.0000 1.0000 0.0000	</row0>
					<row1>	0.0000 1.0000 0.0000 0.0000	</row1>
					<row2>	-1.0000 0.0000 0.0000 0.0000	</row2>
					<row3>	-0.1490 1.3095 1.1899 1.0000	</row3>
				</transform>
			</node>
			<node>
				<identifier>	MP_IM609_VCU_INDEX_2	</identifier>
				<transform>
					<row0>	0.0000 0.0000 1.0000 0.0000	</row0>
					<row1>	0.0000 1.0000 0.0000 0.0000	</row1>
					<row2>	-1.0000 0.0000 0.0000 0.0000	</row2>
					<row3>	-0.2168 1.3095 1.4891 1.0000	</row3>
				</transform>
			</node>
			<node>
				<identifier>	MP_IM609_VCU_INDEX_3	</identifier>
				<transform>
					<row0>	0.0000 0.0000 -1.0000 0.0000	</row0>
					<row1>	0.0000 1.0000 0.0000 0.0000	</row1>
					<row2>	1.0000 0.0000 0.0000 0.0000	</row2>
					<row3>	0.1490 1.3095 1.1899 1.0000	</row3>
				</transform>
			</node>
			<node>
