<JSC037_Hashidate_1940_MidFront_ports.visual>
	<node>
		<identifier>	Scene Root	</identifier>
		<transform>
			<row0>	1.0000 0.0000 0.0000 0.0000	</row0>
			<row1>	0.0000 1.0000 0.0000 0.0000	</row1>
			<row2>	0.0000 0.0000 1.0000 0.0000	</row2>
			<row3>	0.0000 0.0000 0.0000 1.0000	</row3>
		</transform>
		<node>
			<identifier>	MidFront_ports	</identifier>
			<transform>
				<row0>	1.0000 0.0000 0.0000 0.0000	</row0>
				<row1>	0.0000 1.0000 0.0000 0.0000	</row1>
				<row2>	0.0000 0.0000 1.0000 0.0000	</row2>
				<row3>	0.0000 0.0000 0.0000 1.0000	</row3>
			</transform>
			<node>
				<identifier>	HP_FX_Death_1	</identifier>
				<transform>
					<row0>	1.0000 0.0000 0.0000 0.0000	</row0>
					<row1>	0.0000 1.0000 0.0000 0.0000	</row1>
					<row2>	0.0000 0.0000 1.0000 0.0000	</row2>
					<row3>	0.0000 0.0000 1.0054 1.0000	</row3>
				</transform>
			</node>
			<node>
				<identifier>	HP_FX_Death_2	</identifier>
				<transform>
					<row0>	1.0000 0.0000 0.0000 0.0000	</row0>
					<row1>	0.0000 1.0000 0.0000 0.0000	</row1>
					<row2>	0.0000 0.0000 1.0000 0.0000	</row2>
					<row3>	0.0000 0.0000 -0.7246 1.0000	</row3>
				</transform>
			</node>
			<node>
				<identifier>	HP_FX_Fire_2	</identifier>
				<transform>
					<row0>	1.0000 0.0000 0.0000 0.0000	</row0>
					<row1>	0.0000 1.0000 0.0000 0.0000	</row1>
					<row2>	0.0000 0.0000 1.0000 0.0000	</row2>
					<row3>	0.0000 0.5388 0.6032 1.0000	</row3>
				</transform>
			</node>
			<node>
				<identifier>	HP_FX_Fire_2_side_1	</identifier>
				<transform>
					<row0>	1.0000 0.0000 0.0000 0.0000	</row0>
					<row1>	0.0000 1.0000 0.0000 0.0000	</row1>
					<row2>	0.0000 0.0000 1.0000 0.0000	</row2>
					<row3>	-0.2576 0.3660 1.2030 1.0000	</row3>
				</transform>
			</node>
			<node>
				<identifier>	HP_FX_Fire_2_side_2	</identifier>
				<transform>
					<row0>	1.0000 0.0000 0.0000 0.0000	</row0>
					<row1>	0.0000 1.0000 0.0000 0.0000	</row1>
					<row2>	0.0000 0.0000 1.0000 0.0000	</row2>
					<row3>	0.2232 0.2327 -0.1374 1.0000	</row3>
				</transform>
			</node>
			<node>
				<identifier>	HP_FX_FloodLight_left_1	</identifier>
				<transform>
					<row0>	-1.0000 0.0000 0.0000 0.0000	</row0>
					<row1>	0.0000 1.0000 0.0000 0.0000	</row1>
					<row2>	0.0000 0.0000 -1.0000 0.0000	</row2>
					<row3>	-0.2379 0.3738 0.5397 1.0000	</row3>
				</transform>
			</node>
			<node>
				<identifier>	HP_FX_FloodLight_right_2	</identifier>
				<transform>
					<row0>	1.0000 0.0000 0.0000 0.0000	</row0>
					<row1>	0.0000 1.0000 0.0000 0.0000	</row1>
					<row2>	0.0000 0.0000 1.0000 0.0000	</row2>
					<row3>	0.2379 0.3648 0.5367 1.0000	</row3>
				</transform>
			</node>
			<node>
				<identifier>	HP_FX_Flood_steam_1	</identifier>
				<transform>
					<row0>	1.0000 0.0000 0.0000 0.0000	</row0>
					<row1>	0.0000 1.0000 0.0000 0.0000	</row1>
					<row2>	0.0000 0.0000 1.0000 0.0000	</row2>
					<row3>	-0.0750 0.7416 -0.0017 1.0000	</row3>
				</transform>
			</node>
			<node>
				<identifier>	HP_FX_Flood_steam_exhaust_1	</identifier>
				<transform>
					<row0>	0.9467 0.3222 0.0000 0.0000	</row0>
					<row1>	-0.3222 0.9467 0.0000 0.0000	</row1>
					<row2>	0.0000 0.0000 1.0000 0.0000	</row2>
					<row3>	-0.0177 0.6647 0.1169 1.0000	</row3>
				</transform>
			</node>
			<node>
				<identifier>	HP_FX_Flood_steam_left	</identifier>
				<transform>
					<row0>	-1.0000 0.0000 0.0000 0.0000	</row0>
					<row1>	0.0000 1.0000 0.0000 0.0000	</row1>
					<row2>	0.0000 0.0000 -1.0000 0.0000	</row2>
					<row3>	-0.3398 0.2723 0.4054 1.0000	</row3>
				</transform>
			</node>
			<node>
				<identifier>	HP_FX_Flood_water_left_2	</identifier>
				<transform>
					<row0>	-1.0000 0.0000 0.0000 0.0000	</row0>
					<row1>	0.0000 1.0000 0.0000 0.0000	</row1>
					<row2>	0.0000 0.0000 -1.0000 0.0000	</row2>
					<row3>	-0.3164 0.0233 0.0994 1.0000	</row3>
				</transform>
			</node>
			<node>
				<identifier>	HP_FX_Flood_water_right_2	</identifier>
				<transform>
					<row0>	1.0000 0.0000 0.0000 0.0000	</row0>
					<row1>	0.0000 1.0000 0.0000 0.0000	</row1>
					<row2>	0.0000 0.0000 1.0000 0.0000	</row2>
					<row3>	0.3164 0.0237 0.0995 1.0000	</row3>
				</transform>
			</node>
			<node>
				<identifier>	HP_FX_Smoke_1	</identifier>
				<transform>
					<row0>	1.0000 0.0000 0.0000 0.0000	</row0>
					<row1>	0.0000 0.9984 -0.0563 0.0000	</row1>
					<row2>	0.0000 0.0563 0.9984 0.0000	</row2>
					<row3>	0.0000 0.6742 0.0467 1.0000	</row3>
				</transform>
			</node>
			<node>
				<identifier>	HP_JF_1	</identifier>
				<transform>
					<row0>	1.0000 0.0000 0.0000 0.0000	</row0>
					<row1>	0.0000 1.0000 0.0000 0.0000	</row1>
					<row2>	0.0000 0.0000 1.0000 0.0000	</row2>
					<row3>	0.0000 0.6810 0.6167 1.0000	</row3>
				</transform>
			</node>
			<node>
				<identifier>	HP_JGA_1	</identifier>
				<transform>
					<row0>	1.0000 0.0000 0.0000 0.0000	</row0>
					<row1>	0.0000 1.0000 0.0000 0.0000	</row1>
					<row2>	0.0000 0.0000 1.0000 0.0000	</row2>
					<row3>	0.0000 0.4535 1.1123 1.0000	</row3>
				</transform>
			</node>
			<node>
				<identifier>	HP_JGA_2	</identifier>
				<transform>
					<row0>	0.0000 0.0000 1.0000 0.0000	</row0>
					<row1>	0.0000 1.0000 0.0000 0.0000	</row1>
					<row2>	-1.0000 0.0000 0.0000 0.0000	</row2>
					<row3>	-0.1762 0.5102 0.4746 1.0000	</row3>
				</transform>
			</node>
			<node>
				<identifier>	HP_JGA_3	</identifier>
				<transform>
					<row0>	0.0000 0.0000 -1.0000 0.0000	</row0>
					<row1>	0.0000 1.0000 0.0000 0.0000	</row1>
					<row2>	1.0000 0.0000 0.0000 0.0000	</row2>
					<row3>	0.1762 0.5102 0.4746 1.0000	</row3>
				</transform>
			</node>
			<node>
				<identifier>	HP_flag_1	</identifier>
				<transform>
					<row0>	0.9997 0.0140 0.0177 0.0000	</row0>
					<row1>	-0.0149 0.9986 0.0509 0.0000	</row1>
					<row2>	-0.0170 -0.0512 0.9985 0.0000	</row2>
					<row3>	0.2065 1.2771 0.4229 1.0000	</row3>
				</transform>
			</node>
			<node>
				<identifier>	HP_flag_2	</identifier>
				<transform>
					<row0>	0.9999 -0.0153 0.0060 0.0000	</row0>
					<row1>	0.0149 0.9986 0.0509 0.0000	</row1>
					<row2>	-0.0068 -0.0508 0.9987 0.0000	</row2>
					<row3>	-0.2065 1.2771 0.4229 1.0000	</row3>
				</transform>
			</node>
			<node>
				<identifier>	HP_flag_3	</identifier>
				<transform>
					<row0>	0.9993 0.0383 -0.0045 0.0000	</row0>
					<row1>	-0.0380 0.9980 0.0509 0.0000	</row1>
					<row2>	0.0065 -0.0507 0.9987 0.0000	</row2>
					<row3>	0.1374 1.2771 0.4229 1.0000	</row3>
				</transform>
			</node>
			<node>
				<identifier>	HP_flag_4	</identifier>
				<transform>
					<row0>	0.9992 -0.0377 0.0139 0.0000	</row0>
					<row1>	0.0370 0.9980 0.0509 0.0000	</row1>
					<row2>	-0.0158 -0.0503 0.9986 0.0000	</row2>
					<row3>	-0.1381 1.2771 0.4229 1.0000	</row3>
				</transform>
			</node>
			<node>
				<identifier>	HP_flag_rank	</identifier>
				<transform>
					<row0>	1.0000 0.0005 0.0000 0.0000	</row0>
					<row1>	-0.0005 0.9972 -0.0751 0.0000	</row1>
					<row2>	0.0000 0.0751 0.9972 0.0000	</row2>
					<row3>	0.0003 1.6582 0.3797 1.0000	</row3>
				</transform>
			</node>
			<node>
				<identifier>	MP_CM008_Life_Buoy_1	</identifier>
				<transform>
					<row0>	0.0000 0.0000 -1.0000 0.0000	</row0>
					<row1>	0.0000 1.0000 0.0000 0.0000	</row1>
					<row2>	1.0000 0.0000 0.0000 0.0000	</row2>
					<row3>	0.2387 0.5219 0.4207 1.0000	</row3>
				</transform>
			</node>
			<node>
				<identifier>	MP_CM008_Life_Buoy_1_INDEX_1	</identifier>
				<transform>
					<row0>	0.0000 0.0000 1.0000 0.0000	</row0>
					<row1>	0.0000 1.0000 0.0000 0.0000	</row1>
					<row2>	-1.0000 0.0000 0.0000 0.0000	</row2>
					<row3>	-0.2387 0.5219 0.4207 1.0000	</row3>
				</transform>
			</node>
			<node>
				<identifier>	MP_CM011_Fire_Fighting_Gear	</identifier>
				<transform>
					<row0>	0.0000 0.0000 1.0000 0.0000	</row0>
					<row1>	0.0000 1.0000 0.0000 0.0000	</row1>
					<row2>	-1.0000 0.0000 0.0000 0.0000	</row2>
					<row3>	0.1180 0.1498 -0.2580 1.0000	</row3>
				</transform>
			</node>
			<node>
				<identifier>	MP_CM011_Fire_Fighting_Gear_INDEX_1	</identifier>
				<transform>
					<row0>	-0.9513 0.0000 -0.3081 0.0000	</row0>
					<row1>	0.0000 1.0000 0.0000 0.0000	</row1>
					<row2>	0.3081 0.0000 -0.9513 0.0000	</row2>
					<row3>	0.2072 0.3148 1.2071 1.0000	</row3>
				</transform>
			</node>
			<node>
				<identifier>	MP_CM011_Fire_Fighting_Gear_INDEX_2	</identifier>
				<transform>
					<row0>	0.0000 0.0000 -1.0000 0.0000	</row0>
					<row1>	0.0000 1.0000 0.0000 0.0000	</row1>
					<row2>	1.0000 0.0000 0.0000 0.0000	</row2>
					<row3>	-0.1180 0.1498 -0.2434 1.0000	</row3>
				</transform>
			</node>
			<node>
				<identifier>	MP_CM011_Fire_Fighting_Gear_INDEX_3	</identifier>
				<transform>
					<row0>	0.0000 0.0000 -1.0000 0.0000	</row0>
					<row1>	0.0000 1.0000 0.0000 0.0000	</row1>
					<row2>	1.0000 0.0000 0.0000 0.0000	</row2>
					<row3>	-0.2394 0.3140 0.7040 1.0000	</row3>
				</transform>
			</node>
			<node>
				<identifier>	MP_CM012_Fire_Hose_Rack_1	</identifier>
				<transform>
					<row0>	-1.0000 0.0000 0.0000 0.0000	</row0>
					<row1>	0.0000 1.0000 0.0000 0.0000	</row1>
					<row2>	0.0000 0.0000 -1.0000 0.0000	</row2>
					<row3>	0.1105 0.2083 -0.2736 1.0000	</row3>
				</transform>
			</node>
			<node>
				<identifier>	MP_CM012_Fire_Hose_Rack_1_INDEX_1	</identifier>
				<transform>
					<row0>	-0.9513 0.0000 -0.3081 0.0000	</row0>
					<row1>	0.0000 1.0000 0.0000 0.0000	</row1>
					<row2>	0.3081 0.0000 -0.9513 0.0000	</row2>
					<row3>	0.1971 0.3766 1.2071 1.0000	</row3>
				</transform>
			</node>
			<node>
				<identifier>	MP_CM012_Fire_Hose_Rack_1_INDEX_2	</identifier>
				<transform>
					<row0>	1.0000 0.0000 0.0000 0.0000	</row0>
					<row1>	0.0000 1.0000 0.0000 0.0000	</row1>
					<row2>	0.0000 0.0000 1.0000 0.0000	</row2>
					<row3>	-0.1105 0.2120 -0.2456 1.0000	</row3>
				</transform>
			</node>
			<node>
				<identifier>	MP_CM012_Fire_Hose_Rack_1_INDEX_3	</identifier>
				<transform>
					<row0>	1.0000 0.0000 0.0000 0.0000	</row0>
					<row1>	0.0000 1.0000 0.0000 0.0000	</row1>
					<row2>	0.0000 0.0000 1.0000 0.0000	</row2>
					<row3>	-0.2319 0.3762 0.6952 1.0000	</row3>
				</transform>
			</node>
			<node>
				<identifier>	MP_CM029_Emergency_Box	</identifier>
				<transform>
					<row0>	0.0000 0.0000 -1.0000 0.0000	</row0>
					<row1>	-0.0005 1.0000 0.0000 0.0000	</row1>
					<row2>	1.0000 0.0005 0.0000 0.0000	</row2>
					<row3>	-0.1156 0.2278 -0.3982 1.0000	</row3>
				</transform>
			</node>
			<node>
				<identifier>	MP_CM029_Emergency_Box_INDEX_1	</identifier>
				<transform>
					<row0>	0.0000 0.0000 1.0000 0.0000	</row0>
					<row1>	-0.0117 0.9999 0.0000 0.0000	</row1>
					<row2>	-0.9999 -0.0117 0.0000 0.0000	</row2>
					<row3>	0.1169 0.2319 -0.2456 1.0000	</row3>
				</transform>
			</node>
			<node>
				<identifier>	MP_CM029_Emergency_Box_INDEX_2	</identifier>
				<transform>
					<row0>	0.0000 0.0000 1.0000 0.0000	</row0>
					<row1>	0.0005 1.0000 0.0000 0.0000	</row1>
					<row2>	-1.0000 0.0005 0.0000 0.0000	</row2>
					<row3>	-0.1446 0.5527 0.6838 1.0000	</row3>
				</transform>
			</node>
			<node>
				<identifier>	MP_CM029_Emergency_Box_INDEX_3	</identifier>
				<transform>
					<row0>	0.0000 0.0000 -1.0000 0.0000	</row0>
					<row1>	-0.0005 1.0000 0.0000 0.0000	</row1>
					<row2>	1.0000 0.0005 0.0000 0.0000	</row2>
					<row3>	0.1446 0.5527 0.6838 1.0000	</row3>
				</transform>
			</node>
			<node>
				<identifier>	MP_CM030_Swab_Rack_2	</identifier>
				<transform>
					<row0>	0.0000 0.0000 1.0000 0.0000	</row0>
					<row1>	0.0000 1.0000 0.0000 0.0000	</row1>
					<row2>	-1.0000 0.0000 0.0000 0.0000	</row2>
					<row3>	-0.0672 0.1498 -0.0767 1.0000	</row3>
				</transform>
			</node>
			<node>
				<identifier>	MP_CM092_Siren	</identifier>
				<transform>
					<row0>	1.0000 0.0000 0.0000 0.0000	</row0>
					<row1>	0.0000 0.9940 -0.1090 0.0000	</row1>
					<row2>	0.0000 0.1090 0.9940 0.0000	</row2>
					<row3>	-0.0632 0.6228 0.0514 1.0000	</row3>
				</transform>
			</node>
			<node>
				<identifier>	MP_JM008_Searchlight	</identifier>
				<transform>
					<row0>	0.0000 0.0000 1.0000 0.0000	</row0>
					<row1>	0.0000 1.0000 0.0000 0.0000	</row1>
					<row2>	-1.0000 0.0000 0.0000 0.0000	</row2>
					<row3>	0.1337 0.3715 -0.4010 1.0000	</row3>
				</transform>
			</node>
			<node>
				<identifier>	MP_JM008_Searchlight_INDEX_1	</identifier>
				<transform>
					<row0>	0.0000 0.0000 -1.0000 0.0000	</row0>
					<row1>	0.0000 1.0000 0.0000 0.0000	</row1>
					<row2>	1.0000 0.0000 0.0000 0.0000	</row2>
					<row3>	-0.1409 0.3715 -0.2799 1.0000	</row3>
				</transform>
			</node>
			<node>
				<identifier>	MP_JM010_Deck_Lamp	</identifier>
				<transform>
					<row0>	1.0000 0.0000 0.0000 0.0000	</row0>
					<row1>	0.0000 1.0000 0.0000 0.0000	</row1>
					<row2>	0.0000 0.0000 1.0000 0.0000	</row2>
					<row3>	-0.1432 0.6515 0.7354 1.0000	</row3>
				</transform>
			</node>
			<node>
				<identifier>	MP_JM011_Day_Light	</identifier>
				<transform>
					<row0>	1.0000 0.0000 0.0000 0.0000	</row0>
					<row1>	0.0000 1.0000 0.0000 0.0000	</row1>
					<row2>	0.0000 0.0000 1.0000 0.0000	</row2>
					<row3>	0.0000 0.8777 0.3916 1.0000	</row3>
				</transform>
			</node>
			<node>
				<identifier>	MP_JM014_Reels_2	</identifier>
				<transform>
					<row0>	0.3998 0.0000 1.2054 0.0000	</row0>
					<row1>	0.0000 1.2699 0.0000 0.0000	</row1>
					<row2>	-1.2054 0.0000 0.3998 0.0000	</row2>
					<row3>	-0.2282 0.3108 1.2217 1.0000	</row3>
				</transform>
			</node>
			<node>
				<identifier>	MP_JM023_Ventilators_7	</identifier>
				<transform>
					<row0>	0.7694 0.0000 0.0000 0.0000	</row0>
					<row1>	0.0000 0.7694 0.0000 0.0000	</row1>
					<row2>	0.0000 0.0000 0.7694 0.0000	</row2>
					<row3>	0.0824 0.2987 -0.2459 1.0000	</row3>
				</transform>
			</node>
			<node>
				<identifier>	MP_JM023_Ventilators_7_INDEX_1	</identifier>
				<transform>
					<row0>	0.7694 0.0000 0.0000 0.0000	</row0>
					<row1>	0.0000 0.7694 0.0000 0.0000	</row1>
					<row2>	0.0000 0.0000 0.7694 0.0000	</row2>
					<row3>	0.0824 0.2987 -0.2909 1.0000	</row3>
				</transform>
			</node>
			<node>
				<identifier>	MP_JM023_Ventilators_7_INDEX_2	</identifier>
				<transform>
					<row0>	0.7694 0.0000 0.0000 0.0000	</row0>
					<row1>	0.0000 0.7694 0.0000 0.0000	</row1>
					<row2>	0.0000 0.0000 0.7694 0.0000	</row2>
					<row3>	0.0824 0.2987 -0.3387 1.0000	</row3>
				</transform>
			</node>
			<node>
				<identifier>	MP_JM029_Leadsman_Platform	</identifier>
				<transform>
					<row0>	-0.6521 0.0000 0.0249 0.0000	</row0>
					<row1>	0.0000 0.6525 -0.0002 0.0000	</row1>
					<row2>	-0.0249 -0.0002 -0.6521 0.0000	</row2>
					<row3>	-0.3066 0.3125 1.2851 1.0000	</row3>
				</transform>
			</node>
			<node>
				<identifier>	MP_JM029_Leadsman_Platform_INDEX_1	</identifier>
				<transform>
					<row0>	0.6520 0.0000 0.0270 0.0000	</row0>
					<row1>	0.0000 0.6525 -0.0002 0.0000	</row1>
					<row2>	-0.0270 0.0002 0.6520 0.0000	</row2>
					<row3>	0.3066 0.3125 1.2851 1.0000	</row3>
				</transform>
			</node>
			<node>
				<identifier>	MP_JM030_Wind_Direction	</identifier>
				<transform>
					<row0>	1.0000 0.0000 0.0000 0.0000	</row0>
					<row1>	0.0000 1.0000 0.0000 0.0000	</row1>
					<row2>	0.0000 0.0000 1.0000 0.0000	</row2>
					<row3>	-0.0803 1.3070 0.4246 1.0000	</row3>
				</transform>
			</node>
			<node>
				<identifier>	MP_JM052_Deck_Hatch_1	</identifier>
				<transform>
					<row0>	0.0000 0.0000 -1.0000 0.0000	</row0>
					<row1>	0.0000 1.0000 0.0000 0.0000	</row1>
					<row2>	1.0000 0.0000 0.0000 0.0000	</row2>
					<row3>	-0.0413 0.2415 0.2702 1.0000	</row3>
				</transform>
			</node>
			<node>
				<identifier>	MP_JM054_Deck_Hatch_3	</identifier>
				<transform>
					<row0>	1.0000 0.0000 0.0000 0.0000	</row0>
					<row1>	0.0000 1.0000 0.0000 0.0000	</row1>
					<row2>	0.0000 0.0000 1.0000 0.0000	</row2>
					<row3>	0.0444 0.2148 0.2725 1.0000	</row3>
				</transform>
			</node>
			<node>
				<identifier>	MP_JM057_Deck_Hatch_6	</identifier>
				<transform>
					<row0>	0.0000 0.0000 -1.0000 0.0000	</row0>
					<row1>	0.0000 1.0000 0.0000 0.0000	</row1>
					<row2>	1.0000 0.0000 0.0000 0.0000	</row2>
					<row3>	0.0121 0.2987 -0.2742 1.0000	</row3>
				</transform>
			</node>
			<node>
				<identifier>	MP_JM058_Deck_Hatch_7	</identifier>
				<transform>
					<row0>	0.3123 0.0000 0.9500 0.0000	</row0>
					<row1>	0.0000 1.0000 0.0000 0.0000	</row1>
					<row2>	-0.9500 0.0000 0.3123 0.0000	</row2>
					<row3>	-0.1895 0.4547 1.1800 1.0000	</row3>
				</transform>
			</node>
			<node>
				<identifier>	MP_JM058_Deck_Hatch_7_INDEX_1	</identifier>
				<transform>
					<row0>	0.3123 0.0000 -0.9500 0.0000	</row0>
					<row1>	0.0000 1.0000 0.0000 0.0000	</row1>
					<row2>	0.9500 0.0000 0.3123 0.0000	</row2>
					<row3>	0.1895 0.4547 1.1800 1.0000	</row3>
				</transform>
			</node>
			<node>
				<identifier>	MP_JM058_Deck_Hatch_7_INDEX_2	</identifier>
				<transform>
					<row0>	0.0000 0.0000 1.0000 0.0000	</row0>
					<row1>	0.0000 1.0000 0.0000 0.0000	</row1>
					<row2>	-1.0000 0.0000 0.0000 0.0000	</row2>
					<row3>	-0.2137 0.5115 0.4305 1.0000	</row3>
				</transform>
			</node>
			<node>
				<identifier>	MP_JM058_Deck_Hatch_7_INDEX_3	</identifier>
				<transform>
					<row0>	0.0000 0.0000 -1.0000 0.0000	</row0>
					<row1>	0.0000 1.0000 0.0000 0.0000	</row1>
					<row2>	1.0000 0.0000 0.0000 0.0000	</row2>
					<row3>	0.2137 0.5115 0.4305 1.0000	</row3>
				</transform>
			</node>
			<node>
				<identifier>	MP_JM058_Deck_Hatch_7_INDEX_4	</identifier>
				<transform>
					<row0>	0.0000 0.0000 -1.0000 0.0000	</row0>
					<row1>	0.0000 1.0000 0.0000 0.0000	</row1>
					<row2>	1.0000 0.0000 0.0000 0.0000	</row2>
					<row3>	0.0462 0.3005 -0.6420 1.0000	</row3>
				</transform>
			</node>
			<node>
				<identifier>	MP_JM058_Deck_Hatch_7_INDEX_5	</identifier>
				<transform>
					<row0>	0.0000 0.0000 1.0000 0.0000	</row0>
					<row1>	0.0000 1.0000 0.0000 0.0000	</row1>
					<row2>	-1.0000 0.0000 0.0000 0.0000	</row2>
					<row3>	-0.0462 0.3005 -0.6420 1.0000	</row3>
				</transform>
			</node>
			<node>
				<identifier>	MP_JM059_Deck_Hatch_8	</identifier>
				<transform>
					<row0>	1.0000 0.0000 0.0000 0.0000	</row0>
					<row1>	0.0000 1.0000 0.0000 0.0000	</row1>
					<row2>	0.0000 0.0000 1.0000 0.0000	</row2>
					<row3>	0.0433 0.4535 0.9730 1.0000	</row3>
				</transform>
			</node>
			<node>
				<identifier>	MP_JM059_Deck_Hatch_8_INDEX_1	</identifier>
				<transform>
					<row0>	1.0000 0.0000 0.0000 0.0000	</row0>
					<row1>	0.0000 1.0000 0.0000 0.0000	</row1>
					<row2>	0.0000 0.0000 1.0000 0.0000	</row2>
					<row3>	-0.0433 0.4535 0.9730 1.0000	</row3>
				</transform>
			</node>
			<node>
				<identifier>	MP_JM092_Running_Lights_R	</identifier>
				<transform>
					<row0>	1.0000 0.0000 0.0000 0.0000	</row0>
					<row1>	0.0000 1.0000 0.0000 0.0000	</row1>
					<row2>	0.0000 0.0000 1.0000 0.0000	</row2>
					<row3>	0.2362 0.5398 0.5883 1.0000	</row3>
				</transform>
			</node>
			<node>
				<identifier>	MP_JM093_Running_Lights_L	</identifier>
				<transform>
					<row0>	1.0000 0.0000 0.0000 0.0000	</row0>
					<row1>	0.0000 1.0000 0.0000 0.0000	</row1>
					<row2>	0.0000 0.0000 1.0000 0.0000	</row2>
					<row3>	-0.2335 0.5398 0.5883 1.0000	</row3>
				</transform>
			</node>
			<node>
				<identifier>	MP_JM094_Binocular_Observation_12cm	</identifier>
				<transform>
					<row0>	1.0000 0.0000 0.0000 0.0000	</row0>
					<row1>	0.0000 1.0000 0.0000 0.0000	</row1>
					<row2>	0.0000 0.0000 1.0000 0.0000	</row2>
					<row3>	0.0000 0.7308 0.3916 1.0000	</row3>
				</transform>
			</node>
			<node>
				<identifier>	MP_JM107_Binocular_2	</identifier>
				<transform>
					<row0>	0.7071 0.0000 0.7071 0.0000	</row0>
					<row1>	0.0000 1.0000 0.0000 0.0000	</row1>
					<row2>	-0.7071 0.0000 0.7071 0.0000	</row2>
					<row3>	0.0368 0.9544 0.4505 1.0000	</row3>
				</transform>
			</node>
			<node>
				<identifier>	MP_JM107_Binocular_2_INDEX_1	</identifier>
				<transform>
					<row0>	-0.7071 0.0000 0.7071 0.0000	</row0>
					<row1>	0.0000 1.0000 0.0000 0.0000	</row1>
					<row2>	-0.7071 0.0000 -0.7071 0.0000	</row2>
					<row3>	-0.0362 0.9544 0.4504 1.0000	</row3>
				</transform>
			</node>
			<node>
				<identifier>	MP_JM113_Flag_Box	</identifier>
				<transform>
					<row0>	1.0000 0.0000 0.0000 0.0000	</row0>
					<row1>	0.0000 1.0000 0.0000 0.0000	</row1>
					<row2>	0.0000 0.0000 1.0000 0.0000	</row2>
					<row3>	-0.1746 0.5104 0.3709 1.0000	</row3>
				</transform>
			</node>
			<node>
				<identifier>	MP_JM113_Flag_Box_INDEX_1	</identifier>
				<transform>
					<row0>	1.0000 0.0000 0.0000 0.0000	</row0>
					<row1>	0.0000 1.0000 0.0000 0.0000	</row1>
					<row2>	0.0000 0.0000 1.0000 0.0000	</row2>
					<row3>	0.1746 0.5104 0.3709 1.0000	</row3>
				</transform>
			</node>
			<node>
				<identifier>	MP_JM121_Winch_1	</identifier>
				<transform>
					<row0>	0.0000 0.0000 0.5000 0.0000	</row0>
					<row1>	0.0000 0.5000 0.0000 0.0000	</row1>
					<row2>	-0.5000 0.0000 0.0000 0.0000	</row2>
					<row3>	0.0744 0.2151 -0.1599 1.0000	</row3>
				</transform>
			</node>
			<node>
				<identifier>	MP_JM125_Signal_Lamp_3	</identifier>
				<transform>
					<row0>	1.0000 0.0000 0.0000 0.0000	</row0>
					<row1>	0.0000 1.0000 0.0000 0.0000	</row1>
					<row2>	0.0000 0.0000 1.0000 0.0000	</row2>
					<row3>	0.0000 1.2566 0.4285 1.0000	</row3>
				</transform>
			</node>
			<node>
				<identifier>	MP_JM125_Signal_Lamp_3_INDEX_1	</identifier>
				<transform>
					<row0>	1.0000 0.0000 0.0000 0.0000	</row0>
					<row1>	0.0000 1.0000 0.0000 0.0000	</row1>
					<row2>	0.0000 0.0000 1.0000 0.0000	</row2>
					<row3>	0.0000 1.1164 0.4391 1.0000	</row3>
				</transform>
			</node>
			<node>
				<identifier>	MP_JM143_Cutter_7m	</identifier>
				<transform>
					<row0>	-0.0515 0.0000 0.9987 0.0000	</row0>
					<row1>	0.0000 1.0000 0.0000 0.0000	</row1>
					<row2>	-0.9987 0.0000 -0.0515 0.0000	</row2>
					<row3>	0.2430 0.1548 -0.2928 1.0000	</row3>
				</transform>
			</node>
			<node>
				<identifier>	MP_JM143_Cutter_7m_INDEX_1	</identifier>
				<transform>
					<row0>	-0.0224 0.0000 0.9997 0.0000	</row0>
					<row1>	0.0000 1.0000 0.0000 0.0000	</row1>
					<row2>	-0.9997 0.0000 -0.0224 0.0000	</row2>
					<row3>	-0.2233 0.1548 -0.6546 1.0000	</row3>
				</transform>
			</node>
			<node>
				<identifier>	MP_JM144_Motor_Boats_8m	</identifier>
				<transform>
					<row0>	1.0000 0.0000 -0.0095 0.0000	</row0>
					<row1>	0.0000 1.0000 0.0000 0.0000	</row1>
					<row2>	0.0095 0.0000 1.0000 0.0000	</row2>
					<row3>	-0.2230 0.1598 0.0472 1.0000	</row3>
				</transform>
			</node>
			<node>
				<identifier>	MP_JM158_Main_Wheel	</identifier>
				<transform>
					<row0>	1.0000 0.0000 0.0000 0.0000	</row0>
					<row1>	0.0000 1.0000 0.0000 0.0000	</row1>
					<row2>	0.0000 0.0000 1.0000 0.0000	</row2>
					<row3>	0.0000 0.4927 0.7568 1.0000	</row3>
				</transform>
			</node>
			<node>
				<identifier>	MP_JM165_Telegraph_Engine	</identifier>
				<transform>
					<row0>	1.0000 0.0000 0.0000 0.0000	</row0>
					<row1>	0.0000 1.0000 0.0000 0.0000	</row1>
					<row2>	0.0000 0.0000 1.0000 0.0000	</row2>
					<row3>	0.0743 0.4923 0.7742 1.0000	</row3>
				</transform>
			</node>
			<node>
				<identifier>	MP_JM166_Voice_Tube	</identifier>
				<transform>
					<row0>	0.0000 0.0000 -1.0000 0.0000	</row0>
					<row1>	0.0000 1.0000 0.0000 0.0000	</row1>
					<row2>	1.0000 0.0000 0.0000 0.0000	</row2>
					<row3>	0.2191 0.5102 0.5204 1.0000	</row3>
				</transform>
			</node>
			<node>
				<identifier>	MP_JM166_Voice_Tube_INDEX_1	</identifier>
				<transform>
					<row0>	0.0000 0.0000 1.0000 0.0000	</row0>
					<row1>	0.0000 1.0000 0.0000 0.0000	</row1>
					<row2>	-1.0000 0.0000 0.0000 0.0000	</row2>
					<row3>	-0.2191 0.5102 0.5204 1.0000	</row3>
				</transform>
			</node>
			<node>
				<identifier>	MP_JM168_Ventilation	</identifier>
				<transform>
					<row0>	1.0000 0.0000 0.0000 0.0000	</row0>
					<row1>	0.0000 1.0000 0.0000 0.0000	</row1>
					<row2>	0.0000 0.0000 1.0000 0.0000	</row2>
					<row3>	0.0208 0.3445 1.3618 1.0000	</row3>
				</transform>
			</node>
			<node>
				<identifier>	MP_JM189_Compass_Binnacle	</identifier>
				<transform>
					<row0>	1.0000 0.0000 0.0000 0.0000	</row0>
					<row1>	0.0000 1.0000 0.0000 0.0000	</row1>
					<row2>	0.0000 0.0000 1.0000 0.0000	</row2>
					<row3>	0.0000 0.4927 0.8591 1.0000	</row3>
				</transform>
			</node>
			<node>
				<identifier>	MP_JM190_Gyro_Repeater	</identifier>
				<transform>
					<row0>	0.0000 0.0000 1.0000 0.0000	</row0>
					<row1>	0.0000 1.0000 0.0000 0.0000	</row1>
					<row2>	-1.0000 0.0000 0.0000 0.0000	</row2>
					<row3>	-0.2130 0.5102 0.5425 1.0000	</row3>
				</transform>
			</node>
			<node>
				<identifier>	MP_JM190_Gyro_Repeater_INDEX_1	</identifier>
				<transform>
					<row0>	0.0000 0.0000 -1.0000 0.0000	</row0>
					<row1>	0.0000 1.0000 0.0000 0.0000	</row1>
					<row2>	1.0000 0.0000 0.0000 0.0000	</row2>
					<row3>	0.2130 0.5102 0.5425 1.0000	</row3>
				</transform>
			</node>
			<node>
				<identifier>	MP_JM194_Ventilation	</identifier>
				<transform>
					<row0>	-0.4728 0.0000 0.1539 0.0000	</row0>
					<row1>	0.0398 -0.4803 0.1224 0.0000	</row1>
					<row2>	0.1486 0.1287 0.4567 0.0000	</row2>
					<row3>	-0.2280 0.4379 1.1111 1.0000	</row3>
				</transform>
			</node>
			<node>
				<identifier>	MP_JM194_Ventilation_INDEX_1	</identifier>
				<transform>
					<row0>	-0.4728 0.0000 0.1539 0.0000	</row0>
					<row1>	0.0398 -0.4803 0.1224 0.0000	</row1>
					<row2>	0.1486 0.1287 0.4567 0.0000	</row2>
					<row3>	-0.1907 0.4379 1.2257 1.0000	</row3>
				</transform>
			</node>
			<node>
				<identifier>	MP_JM194_Ventilation_INDEX_2	</identifier>
				<transform>
					<row0>	0.4774 0.0006 0.1390 0.0000	</row0>
					<row1>	0.0346 0.4811 -0.1208 0.0000	</row1>
					<row2>	-0.1346 0.1256 0.4618 0.0000	</row2>
					<row3>	0.2280 0.4379 1.1111 1.0000	</row3>
				</transform>
			</node>
			<node>
				<identifier>	MP_JM194_Ventilation_INDEX_3	</identifier>
				<transform>
					<row0>	0.4774 0.0006 0.1390 0.0000	</row0>
					<row1>	0.0357 0.4800 -0.1246 0.0000	</row1>
					<row2>	-0.1343 0.1296 0.4608 0.0000	</row2>
					<row3>	0.1907 0.4379 1.2257 1.0000	</row3>
				</transform>
			</node>
			<node>
				<identifier>	MP_JM195_Winch_Elevating_Mast	</identifier>
				<transform>
					<row0>	0.6965 0.0000 0.0000 0.0000	</row0>
					<row1>	0.0000 0.6965 0.0000 0.0000	</row1>
					<row2>	0.0000 0.0000 0.6965 0.0000	</row2>
					<row3>	0.0661 0.2158 -0.1285 1.0000	</row3>
				</transform>
			</node>
			<node>
				<identifier>	MP_JM202_Fender	</identifier>
				<transform>
					<row0>	-0.5717 0.0000 0.2009 0.0000	</row0>
					<row1>	0.0000 0.6060 0.0000 0.0000	</row1>
					<row2>	-0.2009 0.0000 -0.5717 0.0000	</row2>
					<row3>	-0.2332 0.3118 1.1463 1.0000	</row3>
				</transform>
			</node>
			<node>
				<identifier>	MP_JM202_Fender_INDEX_1	</identifier>
				<transform>
					<row0>	0.5748 0.0000 0.1920 0.0000	</row0>
					<row1>	0.0000 0.6060 0.0000 0.0000	</row1>
					<row2>	-0.1920 0.0000 0.5748 0.0000	</row2>
					<row3>	0.2236 0.3118 1.1735 1.0000	</row3>
				</transform>
			</node>
			<node>
				<identifier>	MP_JM215_Day_Light_Wind_Intensity	</identifier>
				<transform>
					<row0>	1.0000 0.0000 0.0000 0.0000	</row0>
					<row1>	0.0000 1.0000 0.0000 0.0000	</row1>
					<row2>	0.0000 0.0000 1.0000 0.0000	</row2>
					<row3>	0.0000 1.6653 0.3823 1.0000	</row3>
				</transform>
			</node>
			<node>
				<identifier>	MP_JM238_Speaker_tube_2	</identifier>
				<transform>
					<row0>	-0.1970 0.0000 1.5421 0.0000	</row0>
					<row1>	0.0000 1.5547 0.0000 0.0000	</row1>
					<row2>	-1.5421 0.0000 -0.1970 0.0000	</row2>
					<row3>	-0.1418 0.4873 0.7154 1.0000	</row3>
				</transform>
			</node>
			<node>
				<identifier>	MP_JM240_Speaker_tube_4	</identifier>
				<transform>
					<row0>	-0.4916 0.0000 -1.3367 0.0000	</row0>
					<row1>	0.0000 1.4243 0.0000 0.0000	</row1>
					<row2>	1.3367 0.0000 -0.4916 0.0000	</row2>
					<row3>	0.1405 0.4911 0.6964 1.0000	</row3>
				</transform>
			</node>
			<node>
				<identifier>	MP_JM240_Speaker_tube_4_INDEX_1	</identifier>
				<transform>
					<row0>	-0.4916 0.0000 1.3367 0.0000	</row0>
					<row1>	0.0000 1.4243 0.0000 0.0000	</row1>
					<row2>	-1.3367 0.0000 -0.4916 0.0000	</row2>
					<row3>	-0.1425 0.4866 0.6966 1.0000	</row3>
				</transform>
			</node>
			<node>
				<identifier>	MP_JM241_Speaker_tube_group_L	</identifier>
				<transform>
					<row0>	0.6262 0.0000 1.1881 0.0000	</row0>
					<row1>	0.0000 1.3430 0.0000 0.0000	</row1>
					<row2>	-1.1881 0.0000 0.6262 0.0000	</row2>
					<row3>	-0.0908 0.4889 0.8207 1.0000	</row3>
				</transform>
			</node>
			<node>
				<identifier>	MP_JM242_Speaker_tube_group_R	</identifier>
				<transform>
					<row0>	0.5748 0.0000 -1.2140 0.0000	</row0>
					<row1>	0.0000 1.3432 0.0000 0.0000	</row1>
					<row2>	1.2140 0.0000 0.5748 0.0000	</row2>
					<row3>	0.1258 0.4888 0.7496 1.0000	</row3>
				</transform>
			</node>
			<node>
				<identifier>	MP_JM244_Gyro_2	</identifier>
				<transform>
					<row0>	1.0000 0.0000 0.0000 0.0000	</row0>
					<row1>	0.0000 1.0000 0.0000 0.0000	</row1>
					<row2>	0.0000 0.0000 1.0000 0.0000	</row2>
					<row3>	0.0000 0.4925 0.8032 1.0000	</row3>
				</transform>
			</node>
			<node>
				<identifier>	MP_JM249_Gauge_1	</identifier>
				<transform>
					<row0>	1.0000 0.0000 0.0000 0.0000	</row0>
					<row1>	0.0000 0.9989 0.0468 0.0000	</row1>
					<row2>	0.0000 -0.0468 0.9989 0.0000	</row2>
					<row3>	-0.0603 0.5642 0.8785 1.0000	</row3>
				</transform>
			</node>
			<node>
				<identifier>	MP_JM249_Gauge_1_INDEX_1	</identifier>
				<transform>
					<row0>	1.0000 0.0000 0.0000 0.0000	</row0>
					<row1>	0.0000 0.9989 0.0468 0.0000	</row1>
					<row2>	0.0000 -0.0468 0.9989 0.0000	</row2>
					<row3>	0.0338 0.5642 0.8785 1.0000	</row3>
				</transform>
			</node>
			<node>
				<identifier>	MP_JM250_Gauge_2	</identifier>
				<transform>
					<row0>	0.4287 0.0000 -0.9034 0.0000	</row0>
					<row1>	0.0602 0.9978 0.0286 0.0000	</row1>
					<row2>	0.9014 -0.0666 0.4278 0.0000	</row2>
					<row3>	0.0863 0.5677 0.8452 1.0000	</row3>
				</transform>
			</node>
			<node>
				<identifier>	MP_JM250_Gauge_2_INDEX_1	</identifier>
				<transform>
					<row0>	0.4456 -0.0013 -0.8952 0.0000	</row0>
					<row1>	0.0602 0.9978 0.0286 0.0000	</row1>
					<row2>	0.8932 -0.0666 0.4447 0.0000	</row2>
					<row3>	0.1342 0.5677 0.7567 1.0000	</row3>
				</transform>
			</node>
			<node>
				<identifier>	MP_JM251_Gauge_3	</identifier>
				<transform>
					<row0>	0.4582 -0.0038 -0.8888 0.0000	</row0>
					<row1>	0.0610 0.9978 0.0272 0.0000	</row1>
					<row2>	0.8868 -0.0667 0.4574 0.0000	</row2>
					<row3>	0.0796 0.5653 0.8604 1.0000	</row3>
				</transform>
			</node>
			<node>
				<identifier>	MP_JM251_Gauge_3_INDEX_1	</identifier>
				<transform>
					<row0>	0.4709 -0.0049 -0.8822 0.0000	</row0>
					<row1>	0.0642 0.9975 0.0287 0.0000	</row1>
					<row2>	0.8798 -0.0702 0.4701 0.0000	</row2>
					<row3>	0.1334 0.5481 0.7554 1.0000	</row3>
				</transform>
			</node>
			<node>
				<identifier>	MP_JM251_Gauge_3_INDEX_2	</identifier>
				<transform>
					<row0>	1.0000 0.0000 0.0000 0.0000	</row0>
					<row1>	0.0000 0.9981 0.0623 0.0000	</row1>
					<row2>	0.0000 -0.0623 0.9981 0.0000	</row2>
					<row3>	-0.0467 0.5646 0.8770 1.0000	</row3>
				</transform>
			</node>
			<node>
				<identifier>	MP_JM251_Gauge_3_INDEX_3	</identifier>
				<transform>
					<row0>	1.0000 0.0000 0.0000 0.0000	</row0>
					<row1>	0.0000 0.9981 0.0623 0.0000	</row1>
					<row2>	0.0000 -0.0623 0.9981 0.0000	</row2>
					<row3>	0.0614 0.5646 0.8770 1.0000	</row3>
				</transform>
			</node>
			<node>
				<identifier>	MP_JM252_Gauge_4	</identifier>
				<transform>
					<row0>	0.4375 -0.0037 0.8992 0.0000	</row0>
					<row1>	0.0085 1.0000 0.0000 0.0000	</row1>
					<row2>	-0.8992 0.0076 0.4375 0.0000	</row2>
					<row3>	-0.0753 0.5443 0.8657 1.0000	</row3>
				</transform>
			</node>
			<node>
				<identifier>	MP_JM252_Gauge_4_INDEX_1	</identifier>
				<transform>
					<row0>	0.4733 0.0012 -0.8809 0.0000	</row0>
					<row1>	0.0461 0.9986 0.0261 0.0000	</row1>
					<row2>	0.8797 -0.0530 0.4726 0.0000	</row2>
					<row3>	0.0950 0.5641 0.8309 1.0000	</row3>
				</transform>
			</node>
			<node>
				<identifier>	MP_JM252_Gauge_4_INDEX_2	</identifier>
				<transform>
					<row0>	1.0000 0.0000 0.0000 0.0000	</row0>
					<row1>	0.0000 0.9963 0.0860 0.0000	</row1>
					<row2>	0.0000 -0.0860 0.9963 0.0000	</row2>
					<row3>	0.0480 0.5607 0.8775 1.0000	</row3>
				</transform>
			</node>
			<node>
				<identifier>	MP_JM253_Gauge_5	</identifier>
				<transform>
					<row0>	1.0000 0.0000 0.0000 0.0000	</row0>
					<row1>	0.0000 0.9978 0.0657 0.0000	</row1>
					<row2>	0.0000 -0.0657 0.9978 0.0000	</row2>
					<row3>	-0.0604 0.5333 0.8773 1.0000	</row3>
				</transform>
			</node>
			<node>
				<identifier>	MP_JM253_Gauge_5_INDEX_1	</identifier>
				<transform>
					<row0>	0.4618 -0.0647 0.8846 0.0000	</row0>
					<row1>	0.0419 0.9978 0.0511 0.0000	</row1>
					<row2>	-0.8860 0.0135 0.4635 0.0000	</row2>
					<row3>	-0.1187 0.5627 0.7823 1.0000	</row3>
				</transform>
			</node>
			<node>
				<identifier>	MP_JM253_Gauge_5_INDEX_2	</identifier>
				<transform>
					<row0>	1.0000 0.0000 0.0000 0.0000	</row0>
					<row1>	0.0000 0.9978 0.0657 0.0000	</row1>
					<row2>	0.0000 -0.0657 0.9978 0.0000	</row2>
					<row3>	0.0337 0.5463 0.8781 1.0000	</row3>
				</transform>
			</node>
			<node>
				<identifier>	MP_JM253_Gauge_5_INDEX_3	</identifier>
				<transform>
					<row0>	0.9969 -0.0384 -0.0684 0.0000	</row0>
					<row1>	0.0419 0.9978 0.0511 0.0000	</row1>
					<row2>	0.0663 -0.0538 0.9963 0.0000	</row2>
					<row3>	0.0229 0.5458 0.8783 1.0000	</row3>
				</transform>
			</node>
			<node>
				<identifier>	MP_JM254_Gauge_6	</identifier>
				<transform>
					<row0>	0.4416 -0.0868 0.8930 0.0000	</row0>
					<row1>	-0.0225 0.9939 0.1077 0.0000	</row1>
					<row2>	-0.8969 -0.0676 0.4369 0.0000	</row2>
					<row3>	-0.1010 0.5336 0.8158 1.0000	</row3>
				</transform>
			</node>
			<node>
				<identifier>	MP_JM254_Gauge_6_INDEX_1	</identifier>
				<transform>
					<row0>	0.9999 -0.0024 0.0146 0.0000	</row0>
					<row1>	0.0013 0.9973 0.0735 0.0000	</row1>
					<row2>	-0.0147 -0.0734 0.9972 0.0000	</row2>
					<row3>	-0.0508 0.5333 0.8776 1.0000	</row3>
				</transform>
			</node>
			<node>
				<identifier>	MP_JM254_Gauge_6_INDEX_2	</identifier>
				<transform>
					<row0>	0.9999 -0.0024 0.0146 0.0000	</row0>
					<row1>	0.0013 0.9973 0.0735 0.0000	</row1>
					<row2>	-0.0147 -0.0734 0.9972 0.0000	</row2>
					<row3>	0.0407 0.5356 0.8791 1.0000	</row3>
				</transform>
			</node>
			<node>
				<identifier>	MP_JM254_Gauge_6_INDEX_3	</identifier>
				<transform>
					<row0>	0.4416 0.0868 -0.8930 0.0000	</row0>
					<row1>	0.0225 0.9939 0.1077 0.0000	</row1>
					<row2>	0.8969 -0.0676 0.4369 0.0000	</row2>
					<row3>	0.0751 0.5498 0.8656 1.0000	</row3>
				</transform>
			</node>
			<node>
				<identifier>	MP_JM255_Double_Gauge	</identifier>
				<transform>
					<row0>	0.4352 0.0101 -0.9003 0.0000	</row0>
					<row1>	0.0435 0.9985 0.0322 0.0000	</row1>
					<row2>	0.8993 -0.0532 0.4342 0.0000	</row2>
					<row3>	0.1176 0.5678 0.7922 1.0000	</row3>
				</transform>
			</node>
			<node>
				<identifier>	MP_JM255_Double_Gauge_INDEX_1	</identifier>
				<transform>
					<row0>	1.0000 0.0000 0.0000 0.0000	</row0>
					<row1>	0.0000 0.9972 0.0747 0.0000	</row1>
					<row2>	0.0000 -0.0747 0.9972 0.0000	</row2>
					<row3>	-0.0517 0.5460 0.8773 1.0000	</row3>
				</transform>
			</node>
			<node>
				<identifier>	MP_JM255_Double_Gauge_INDEX_2	</identifier>
				<transform>
					<row0>	1.0000 0.0000 0.0000 0.0000	</row0>
					<row1>	0.0000 0.9972 0.0747 0.0000	</row1>
					<row2>	0.0000 -0.0747 0.9972 0.0000	</row2>
					<row3>	0.0557 0.5460 0.8773 1.0000	</row3>
				</transform>
			</node>
			<node>
				<identifier>	MP_JM257_Clock	</identifier>
				<transform>
					<row0>	0.4456 0.0000 0.8952 0.0000	</row0>
					<row1>	0.0004 1.0000 -0.0002 0.0000	</row1>
					<row2>	-0.8952 0.0004 0.4456 0.0000	</row2>
					<row3>	-0.1144 0.5505 0.7891 1.0000	</row3>
				</transform>
			</node>
			<node>
				<identifier>	MP_JM257_Clock_INDEX_1	</identifier>
				<transform>
					<row0>	0.4456 0.0000 0.8952 0.0000	</row0>
					<row1>	0.0000 1.0000 0.0000 0.0000	</row1>
					<row2>	-0.8952 0.0000 0.4456 0.0000	</row2>
					<row3>	-0.0748 0.5650 0.8656 1.0000	</row3>
				</transform>
			</node>
			<node>
				<identifier>	MP_JM257_Clock_INDEX_2	</identifier>
				<transform>
					<row0>	0.9999 -0.0004 -0.0162 0.0000	</row0>
					<row1>	0.0004 1.0000 -0.0002 0.0000	</row1>
					<row2>	0.0162 0.0002 0.9999 0.0000	</row2>
					<row3>	-0.0304 0.5443 0.8773 1.0000	</row3>
				</transform>
			</node>
			<node>
				<identifier>	MP_JM259_Gauge_8	</identifier>
				<transform>
					<row0>	0.4503 -0.0012 0.8929 0.0000	</row0>
					<row1>	0.0027 1.0000 0.0000 0.0000	</row1>
					<row2>	-0.8929 0.0024 0.4503 0.0000	</row2>
					<row3>	-0.0962 0.5575 0.8242 1.0000	</row3>
				</transform>
			</node>
			<node>
				<identifier>	MP_JM259_Gauge_8_INDEX_1	</identifier>
				<transform>
					<row0>	1.0000 -0.0027 0.0000 0.0000	</row0>
					<row1>	0.0027 1.0000 0.0000 0.0000	</row1>
					<row2>	0.0000 0.0000 1.0000 0.0000	</row2>
					<row3>	-0.0330 0.5657 0.8777 1.0000	</row3>
				</transform>
			</node>
			<node>
				<identifier>	MP_JM259_Gauge_8_INDEX_2	</identifier>
				<transform>
					<row0>	0.4503 0.0012 -0.8929 0.0000	</row0>
					<row1>	-0.0027 1.0000 0.0000 0.0000	</row1>
					<row2>	0.8929 0.0024 0.4503 0.0000	</row2>
					<row3>	0.0827 0.5451 0.8511 1.0000	</row3>
				</transform>
			</node>
			<node>
				<identifier>	MP_JM261_Fuse_box_1	</identifier>
				<transform>
					<row0>	0.0439 0.0019 -0.9990 0.0000	</row0>
					<row1>	0.0054 1.0000 0.0021 0.0000	</row1>
					<row2>	0.9990 -0.0054 0.0439 0.0000	</row2>
					<row3>	0.1510 0.5658 0.7072 1.0000	</row3>
				</transform>
			</node>
			<node>
				<identifier>	MP_JM261_Fuse_box_1_INDEX_1	</identifier>
				<transform>
					<row0>	0.4760 0.0007 0.8794 0.0000	</row0>
					<row1>	-0.0054 1.0000 0.0021 0.0000	</row1>
					<row2>	-0.8794 -0.0057 0.4760 0.0000	</row2>
					<row3>	-0.1352 0.5657 0.7498 1.0000	</row3>
				</transform>
			</node>
			<node>
				<identifier>	MP_JM263_Small_fuse_box	</identifier>
				<transform>
					<row0>	0.4571 -0.0053 0.8894 0.0000	</row0>
					<row1>	0.0005 1.0000 0.0057 0.0000	</row1>
					<row2>	-0.8894 -0.0022 0.4571 0.0000	</row2>
					<row3>	-0.1025 0.5601 0.8116 1.0000	</row3>
				</transform>
			</node>
			<node>
				<identifier>	MP_JM263_Small_fuse_box_INDEX_1	</identifier>
				<transform>
					<row0>	0.4571 0.0053 -0.8894 0.0000	</row0>
					<row1>	-0.0005 1.0000 0.0057 0.0000	</row1>
					<row2>	0.8894 -0.0022 0.4571 0.0000	</row2>
					<row3>	0.0889 0.5476 0.8383 1.0000	</row3>
				</transform>
			</node>
			<node>
				<identifier>	MP_JM264_Wall_trigger_1	</identifier>
				<transform>
					<row0>	0.4725 0.0037 0.8813 0.0000	</row0>
					<row1>	-0.0053 1.0000 -0.0014 0.0000	</row1>
					<row2>	-0.8813 -0.0040 0.4725 0.0000	</row2>
					<row3>	-0.0959 0.5696 0.8246 1.0000	</row3>
				</transform>
			</node>
			<node>
				<identifier>	MP_JM264_Wall_trigger_1_INDEX_1	</identifier>
				<transform>
					<row0>	0.4707 0.0036 0.8823 0.0000	</row0>
					<row1>	-0.0064 1.0000 -0.0007 0.0000	</row1>
					<row2>	-0.8823 -0.0053 0.4707 0.0000	</row2>
					<row3>	-0.0961 0.5450 0.8250 1.0000	</row3>
				</transform>
			</node>
			<node>
				<identifier>	MP_JM264_Wall_trigger_1_INDEX_2	</identifier>
				<transform>
					<row0>	0.4707 -0.0036 -0.8823 0.0000	</row0>
					<row1>	0.0064 1.0000 -0.0007 0.0000	</row1>
					<row2>	0.8823 -0.0053 0.4707 0.0000	</row2>
					<row3>	0.0819 0.5327 0.8515 1.0000	</row3>
				</transform>
			</node>
			<node>
