<RSC039_Kotovsky_1938_Stern_ports.visual>
	<node>
		<identifier>	Scene Root	</identifier>
		<transform>
			<row0>	1.0000 0.0000 0.0000 0.0000	</row0>
			<row1>	0.0000 1.0000 0.0000 0.0000	</row1>
			<row2>	0.0000 0.0000 1.0000 0.0000	</row2>
			<row3>	0.0000 0.0000 0.0000 1.0000	</row3>
		</transform>
		<node>
			<identifier>	Stern_ports	</identifier>
			<transform>
				<row0>	1.0000 0.0000 0.0000 0.0000	</row0>
				<row1>	0.0000 1.0000 0.0000 0.0000	</row1>
				<row2>	0.0000 0.0000 1.0000 0.0000	</row2>
				<row3>	0.0000 0.0000 0.0000 1.0000	</row3>
			</transform>
			<node>
				<identifier>	HP_FX_Fire_4	</identifier>
				<transform>
					<row0>	1.0000 0.0000 0.0000 0.0000	</row0>
					<row1>	0.0000 1.0000 0.0000 0.0000	</row1>
					<row2>	0.0000 0.0000 1.0000 0.0000	</row2>
					<row3>	0.0300 0.2659 -5.5343 1.0000	</row3>
				</transform>
			</node>
			<node>
				<identifier>	HP_FX_WakeTraceBack	</identifier>
				<transform>
					<row0>	1.0000 0.0000 0.0000 0.0000	</row0>
					<row1>	0.0000 1.0000 0.0000 0.0000	</row1>
					<row2>	0.0000 0.0000 1.0000 0.0000	</row2>
					<row3>	0.0000 0.0000 -6.1923 1.0000	</row3>
				</transform>
			</node>
			<node>
				<identifier>	HP_FX_WakeTrace_screw_1	</identifier>
				<transform>
					<row0>	1.0000 0.0000 0.0000 0.0000	</row0>
					<row1>	0.0000 1.0000 0.0000 0.0000	</row1>
					<row2>	0.0000 0.0000 1.0000 0.0000	</row2>
					<row3>	-0.2404 -0.2678 -5.3637 1.0000	</row3>
				</transform>
			</node>
			<node>
				<identifier>	HP_FX_WakeTrace_screw_2	</identifier>
				<transform>
					<row0>	1.0000 0.0000 0.0000 0.0000	</row0>
					<row1>	0.0000 1.0000 0.0000 0.0000	</row1>
					<row2>	0.0000 0.0000 1.0000 0.0000	</row2>
					<row3>	0.2404 -0.2678 -5.3637 1.0000	</row3>
				</transform>
			</node>
			<node>
				<identifier>	HP_RGB_1	</identifier>
				<transform>
					<row0>	0.0000 0.0042 1.0000 0.0000	</row0>
					<row1>	-0.0159 0.9999 -0.0042 0.0000	</row1>
					<row2>	-0.9999 -0.0159 0.0000 0.0000	</row2>
					<row3>	-0.0766 0.2863 -5.2899 1.0000	</row3>
				</transform>
			</node>
			<node>
				<identifier>	HP_RGB_2	</identifier>
				<transform>
					<row0>	0.0000 -0.0042 -1.0000 0.0000	</row0>
					<row1>	0.0159 0.9999 -0.0042 0.0000	</row1>
					<row2>	0.9999 -0.0159 0.0000 0.0000	</row2>
					<row3>	0.0766 0.2863 -5.2899 1.0000	</row3>
				</transform>
			</node>
			<node>
				<identifier>	HP_RGB_3	</identifier>
				<transform>
					<row0>	0.0000 0.0048 1.0000 0.0000	</row0>
					<row1>	-0.0158 0.9999 -0.0048 0.0000	</row1>
					<row2>	-0.9999 -0.0158 0.0000 0.0000	</row2>
					<row3>	-0.0549 0.2856 -5.4957 1.0000	</row3>
				</transform>
			</node>
			<node>
				<identifier>	HP_RGB_4	</identifier>
				<transform>
					<row0>	0.0000 -0.0048 -1.0000 0.0000	</row0>
					<row1>	0.0158 0.9999 -0.0048 0.0000	</row1>
					<row2>	0.9999 -0.0158 0.0000 0.0000	</row2>
					<row3>	0.0549 0.2856 -5.4957 1.0000	</row3>
				</transform>
			</node>
			<node>
				<identifier>	HP_Ship_death_3	</identifier>
				<transform>
					<row0>	1.0000 0.0000 0.0000 0.0000	</row0>
					<row1>	0.0000 1.0000 0.0000 0.0000	</row1>
					<row2>	0.0000 0.0000 1.0000 0.0000	</row2>
					<row3>	0.0000 0.0000 -4.6637 1.0000	</row3>
				</transform>
			</node>
			<node>
				<identifier>	MP_CM001_Propeller3_L	</identifier>
				<transform>
					<row0>	1.1000 -0.0004 -0.0093 0.0000	</row0>
					<row1>	0.0001 1.0996 -0.0288 0.0000	</row1>
					<row2>	0.0093 0.0288 1.0996 0.0000	</row2>
					<row3>	-0.2404 -0.2678 -5.3637 1.0000	</row3>
				</transform>
			</node>
			<node>
				<identifier>	MP_CM011_Fire_Fighting_Gear	</identifier>
				<transform>
					<row0>	-1.0000 0.0000 0.0000 0.0000	</row0>
					<row1>	0.0000 1.0000 0.0000 0.0000	</row1>
					<row2>	0.0000 0.0000 -1.0000 0.0000	</row2>
					<row3>	0.0590 0.2874 -5.5857 1.0000	</row3>
				</transform>
			</node>
			<node>
				<identifier>	MP_CM011_Fire_Fighting_Gear_INDEX_1	</identifier>
				<transform>
					<row0>	-1.0000 0.0000 0.0000 0.0000	</row0>
					<row1>	0.0000 1.0000 0.0000 0.0000	</row1>
					<row2>	0.0000 0.0000 -1.0000 0.0000	</row2>
					<row3>	-0.0864 0.2839 -5.8298 1.0000	</row3>
				</transform>
			</node>
			<node>
				<identifier>	MP_CM032_Propeller3_R	</identifier>
				<transform>
					<row0>	1.1000 0.0004 0.0093 0.0000	</row0>
					<row1>	-0.0001 1.0996 -0.0288 0.0000	</row1>
					<row2>	-0.0093 0.0288 1.0996 0.0000	</row2>
					<row3>	0.2404 -0.2678 -5.3637 1.0000	</row3>
				</transform>
			</node>
			<node>
				<identifier>	MP_RM021_Screened_speed_light	</identifier>
				<transform>
					<row0>	-1.0000 0.0000 0.0000 0.0000	</row0>
					<row1>	0.0000 1.0000 0.0000 0.0000	</row1>
					<row2>	0.0000 0.0000 -1.0000 0.0000	</row2>
					<row3>	0.0000 0.4146 -6.3333 1.0000	</row3>
				</transform>
			</node>
			<node>
				<identifier>	MP_RM182_Depth_Charge_BB1	</identifier>
				<transform>
					<row0>	0.9873 -0.0412 0.1535 0.0000	</row0>
					<row1>	0.0422 0.9991 -0.0032 0.0000	</row1>
					<row2>	-0.1532 0.0097 0.9881 0.0000	</row2>
					<row3>	0.1852 0.2961 -5.7461 1.0000	</row3>
				</transform>
			</node>
			<node>
				<identifier>	MP_RM182_Depth_Charge_BB1_INDEX_1	</identifier>
				<transform>
					<row0>	0.9318 -0.0357 -0.3611 0.0000	</row0>
					<row1>	0.0396 0.9992 0.0035 0.0000	</row1>
					<row2>	0.3607 -0.0175 0.9325 0.0000	</row2>
					<row3>	0.2061 0.2954 -5.7408 1.0000	</row3>
				</transform>
			</node>
			<node>
				<identifier>	MP_RM182_Depth_Charge_BB1_INDEX_2	</identifier>
				<transform>
					<row0>	0.1541 0.0089 -0.9880 0.0000	</row0>
					<row1>	0.0453 0.9988 0.0161 0.0000	</row1>
					<row2>	0.9870 -0.0472 0.1535 0.0000	</row2>
					<row3>	0.2017 0.2961 -5.7581 1.0000	</row3>
				</transform>
			</node>
			<node>
				<identifier>	MP_RM182_Depth_Charge_BB1_INDEX_3	</identifier>
				<transform>
					<row0>	-0.9860 0.0658 -0.1534 0.0000	</row0>
					<row1>	0.0646 0.9978 0.0130 0.0000	</row1>
					<row2>	0.1539 0.0029 -0.9881 0.0000	</row2>
					<row3>	0.1880 0.2971 -5.6676 1.0000	</row3>
				</transform>
			</node>
			<node>
				<identifier>	MP_RM182_Depth_Charge_BB1_INDEX_4	</identifier>
				<transform>
					<row0>	0.6269 -0.0174 -0.7789 0.0000	</row0>
					<row1>	0.0408 0.9991 0.0105 0.0000	</row1>
					<row2>	0.7781 -0.0383 0.6270 0.0000	</row2>
					<row3>	0.1763 0.2971 -5.7690 1.0000	</row3>
				</transform>
			</node>
			<node>
				<identifier>	MP_RM182_Depth_Charge_BB1_INDEX_5	</identifier>
				<transform>
					<row0>	0.9873 0.0412 -0.1535 0.0000	</row0>
					<row1>	-0.0422 0.9991 -0.0032 0.0000	</row1>
					<row2>	0.1532 0.0097 0.9881 0.0000	</row2>
					<row3>	-0.1852 0.2961 -5.7461 1.0000	</row3>
				</transform>
			</node>
			<node>
				<identifier>	MP_RM182_Depth_Charge_BB1_INDEX_6	</identifier>
				<transform>
					<row0>	0.9318 0.0357 0.3611 0.0000	</row0>
					<row1>	-0.0396 0.9992 0.0035 0.0000	</row1>
					<row2>	-0.3607 -0.0175 0.9325 0.0000	</row2>
					<row3>	-0.2061 0.2954 -5.7408 1.0000	</row3>
				</transform>
			</node>
			<node>
				<identifier>	MP_RM182_Depth_Charge_BB1_INDEX_7	</identifier>
				<transform>
					<row0>	0.1541 -0.0089 0.9880 0.0000	</row0>
					<row1>	-0.0453 0.9988 0.0161 0.0000	</row1>
					<row2>	-0.9870 -0.0472 0.1535 0.0000	</row2>
					<row3>	-0.2017 0.2961 -5.7581 1.0000	</row3>
				</transform>
			</node>
			<node>
				<identifier>	MP_RM182_Depth_Charge_BB1_INDEX_8	</identifier>
				<transform>
					<row0>	-0.9860 -0.0658 0.1534 0.0000	</row0>
					<row1>	-0.0646 0.9978 0.0130 0.0000	</row1>
					<row2>	-0.1539 0.0029 -0.9881 0.0000	</row2>
					<row3>	-0.1880 0.2971 -5.6676 1.0000	</row3>
				</transform>
			</node>
			<node>
				<identifier>	MP_RM182_Depth_Charge_BB1_INDEX_9	</identifier>
				<transform>
					<row0>	0.6269 0.0174 0.7789 0.0000	</row0>
					<row1>	-0.0408 0.9991 0.0105 0.0000	</row1>
					<row2>	-0.7781 -0.0383 0.6270 0.0000	</row2>
					<row3>	-0.1763 0.2971 -5.7690 1.0000	</row3>
				</transform>
			</node>
			<node>
				<identifier>	MP_RM202_Screen_Smoke_DA2	</identifier>
				<transform>
					<row0>	-0.1505 -0.0022 0.9886 0.0000	</row0>
					<row1>	-0.0490 0.9988 -0.0053 0.0000	</row1>
					<row2>	-0.9874 -0.0492 -0.1504 0.0000	</row2>
					<row3>	-0.3000 0.2735 -5.9926 1.0000	</row3>
				</transform>
			</node>
			<node>
				<identifier>	MP_RM202_Screen_Smoke_DA2_INDEX_1	</identifier>
				<transform>
					<row0>	-0.1505 0.0022 -0.9886 0.0000	</row0>
					<row1>	0.0490 0.9988 -0.0053 0.0000	</row1>
					<row2>	0.9874 -0.0492 -0.1504 0.0000	</row2>
					<row3>	0.3000 0.2735 -5.9926 1.0000	</row3>
				</transform>
			</node>
			<node>
				<identifier>	MP_RM214_Life_Buoy	</identifier>
				<transform>
					<row0>	0.0882 0.0000 -0.9961 0.0000	</row0>
					<row1>	0.0000 1.0000 0.0000 0.0000	</row1>
					<row2>	0.9961 0.0000 0.0882 0.0000	</row2>
					<row3>	-0.3705 0.3435 -5.4921 1.0000	</row3>
				</transform>
			</node>
			<node>
				<identifier>	MP_RM214_Life_Buoy_INDEX_1	</identifier>
				<transform>
					<row0>	0.0882 0.0000 0.9961 0.0000	</row0>
					<row1>	0.0000 1.0000 0.0000 0.0000	</row1>
					<row2>	-0.9961 0.0000 0.0882 0.0000	</row2>
					<row3>	0.3705 0.3435 -5.4921 1.0000	</row3>
				</transform>
			</node>
			<node>
				<identifier>	MP_RM219_Fairlead	</identifier>
				<transform>
					<row0>	-1.2171 0.0604 0.1310 0.0000	</row0>
					<row1>	0.0600 1.2242 -0.0065 0.0000	</row1>
					<row2>	-0.1311 0.0000 -1.2186 0.0000	</row2>
					<row3>	0.3275 0.2780 -5.8256 1.0000	</row3>
				</transform>
			</node>
			<node>
				<identifier>	MP_RM219_Fairlead_INDEX_1	</identifier>
				<transform>
					<row0>	-1.2171 -0.0604 -0.1310 0.0000	</row0>
					<row1>	-0.0600 1.2242 -0.0065 0.0000	</row1>
					<row2>	0.1311 0.0000 -1.2186 0.0000	</row2>
					<row3>	-0.3275 0.2780 -5.8256 1.0000	</row3>
				</transform>
			</node>
			<node>
				<identifier>	MP_RM239_Bomb_Bogie	</identifier>
				<transform>
					<row0>	0.9873 -0.0412 0.1535 0.0000	</row0>
					<row1>	0.0422 0.9991 -0.0032 0.0000	</row1>
					<row2>	-0.1532 0.0097 0.9881 0.0000	</row2>
					<row3>	0.1947 0.2817 -5.7164 1.0000	</row3>
				</transform>
			</node>
			<node>
				<identifier>	MP_RM239_Bomb_Bogie_INDEX_1	</identifier>
				<transform>
					<row0>	0.9873 0.0412 -0.1535 0.0000	</row0>
					<row1>	-0.0422 0.9991 -0.0032 0.0000	</row1>
					<row2>	0.1532 0.0097 0.9881 0.0000	</row2>
					<row3>	-0.1947 0.2817 -5.7164 1.0000	</row3>
				</transform>
			</node>
			<node>
				<identifier>	MP_RM249_Coat_of_Arms_USSR	</identifier>
				<transform>
					<row0>	-1.0000 0.0000 0.0000 0.0000	</row0>
					<row1>	0.0000 0.8849 -0.4658 0.0000	</row1>
					<row2>	0.0000 -0.4658 -0.8849 0.0000	</row2>
					<row3>	0.0000 0.2413 -6.2621 1.0000	</row3>
				</transform>
			</node>
			<node>
				<identifier>	MP_RM281_Bollard	</identifier>
				<transform>
					<row0>	0.6347 0.0244 0.0574 0.0000	</row0>
					<row1>	-0.0244 0.6373 -0.0014 0.0000	</row1>
					<row2>	-0.0574 -0.0008 0.6351 0.0000	</row2>
					<row3>	-0.3927 0.2797 -4.9145 1.0000	</row3>
				</transform>
			</node>
			<node>
				<identifier>	MP_RM281_Bollard_INDEX_1	</identifier>
				<transform>
					<row0>	0.8940 -0.0128 0.0000 0.0000	</row0>
					<row1>	0.0128 0.8940 0.0000 0.0000	</row1>
					<row2>	0.0000 0.0000 0.8941 0.0000	</row2>
					<row3>	0.0600 0.2895 -5.1570 1.0000	</row3>
				</transform>
			</node>
			<node>
				<identifier>	MP_RM281_Bollard_INDEX_2	</identifier>
				<transform>
					<row0>	0.8940 0.0128 0.0000 0.0000	</row0>
					<row1>	-0.0128 0.8940 0.0000 0.0000	</row1>
					<row2>	0.0000 0.0000 0.8941 0.0000	</row2>
					<row3>	-0.0600 0.2895 -5.1570 1.0000	</row3>
				</transform>
			</node>
			<node>
				<identifier>	MP_RM281_Bollard_INDEX_3	</identifier>
				<transform>
					<row0>	0.6347 -0.0244 -0.0574 0.0000	</row0>
					<row1>	0.0244 0.6373 -0.0014 0.0000	</row1>
					<row2>	0.0574 -0.0008 0.6351 0.0000	</row2>
					<row3>	0.3927 0.2797 -4.9145 1.0000	</row3>
				</transform>
			</node>
			<node>
				<identifier>	MP_RM284_Hatch	</identifier>
				<transform>
					<row0>	1.0000 0.0000 0.0000 0.0000	</row0>
					<row1>	0.0000 1.0000 0.0000 0.0000	</row1>
					<row2>	0.0000 0.0000 1.0000 0.0000	</row2>
					<row3>	0.0651 0.2829 -5.7036 1.0000	</row3>
				</transform>
			</node>
			<node>
				<identifier>	MP_RM288_Hatch	</identifier>
				<transform>
					<row0>	1.0000 0.0000 0.0000 0.0000	</row0>
					<row1>	0.0000 1.0000 0.0000 0.0000	</row1>
					<row2>	0.0000 0.0000 1.0000 0.0000	</row2>
					<row3>	0.0574 0.2821 -6.0489 1.0000	</row3>
				</transform>
			</node>
			<node>
				<identifier>	MP_RM288_Hatch_INDEX_1	</identifier>
				<transform>
					<row0>	-1.0000 0.0000 0.0000 0.0000	</row0>
					<row1>	0.0000 1.0000 0.0000 0.0000	</row1>
					<row2>	0.0000 0.0000 -1.0000 0.0000	</row2>
					<row3>	-0.0575 0.2829 -5.7840 1.0000	</row3>
				</transform>
			</node>
		</node>
	</node>
	<boundingBox>
		<min>	-0.0667 -0.0667 -0.0667	</min>
		<max>	0.0667 0.0667 0.0667	</max>
	</boundingBox>
</RSC039_Kotovsky_1938_Stern_ports.visual>
