<BSC016_Neptune_1947_Stern_ports.visual>
	<node>
		<identifier>	Scene Root	</identifier>
		<transform>
			<row0>	1.0000 0.0000 0.0000 0.0000	</row0>
			<row1>	0.0000 1.0000 0.0000 0.0000	</row1>
			<row2>	0.0000 0.0000 1.0000 0.0000	</row2>
			<row3>	0.0000 0.0000 0.0000 1.0000	</row3>
		</transform>
		<node>
			<identifier>	Stern_ports	</identifier>
			<transform>
				<row0>	1.0000 0.0000 0.0000 0.0000	</row0>
				<row1>	0.0000 1.0000 0.0000 0.0000	</row1>
				<row2>	0.0000 0.0000 1.0000 0.0000	</row2>
				<row3>	0.0000 0.0000 0.0000 1.0000	</row3>
			</transform>
			<node>
				<identifier>	HP_BGA_23	</identifier>
				<transform>
					<row0>	-1.0000 0.0000 0.0000 0.0000	</row0>
					<row1>	0.0000 1.0000 0.0000 0.0000	</row1>
					<row2>	0.0000 0.0000 -1.0000 0.0000	</row2>
					<row3>	-0.0863 0.3514 -6.1607 1.0000	</row3>
				</transform>
			</node>
			<node>
				<identifier>	HP_BGA_24	</identifier>
				<transform>
					<row0>	-1.0000 0.0000 0.0000 0.0000	</row0>
					<row1>	0.0000 1.0000 0.0000 0.0000	</row1>
					<row2>	0.0000 0.0000 -1.0000 0.0000	</row2>
					<row3>	0.0863 0.3514 -6.1607 1.0000	</row3>
				</transform>
			</node>
			<node>
				<identifier>	HP_BGB_1	</identifier>
				<transform>
					<row0>	-0.1392 0.0000 0.9903 0.0000	</row0>
					<row1>	0.0000 1.0000 0.0000 0.0000	</row1>
					<row2>	-0.9903 0.0000 -0.1392 0.0000	</row2>
					<row3>	-0.2421 0.3338 -5.7515 1.0000	</row3>
				</transform>
			</node>
			<node>
				<identifier>	HP_BGB_2	</identifier>
				<transform>
					<row0>	-0.1392 0.0000 -0.9903 0.0000	</row0>
					<row1>	0.0000 1.0000 0.0000 0.0000	</row1>
					<row2>	0.9903 0.0000 -0.1392 0.0000	</row2>
					<row3>	0.2421 0.3338 -5.7515 1.0000	</row3>
				</transform>
			</node>
			<node>
				<identifier>	HP_BGB_3	</identifier>
				<transform>
					<row0>	-0.1392 0.0000 0.9903 0.0000	</row0>
					<row1>	0.0000 1.0000 0.0000 0.0000	</row1>
					<row2>	-0.9903 0.0000 -0.1392 0.0000	</row2>
					<row3>	-0.2421 0.3484 -6.4358 1.0000	</row3>
				</transform>
			</node>
			<node>
				<identifier>	HP_BGB_4	</identifier>
				<transform>
					<row0>	-0.1392 0.0000 -0.9903 0.0000	</row0>
					<row1>	0.0000 1.0000 0.0000 0.0000	</row1>
					<row2>	0.9903 0.0000 -0.1392 0.0000	</row2>
					<row3>	0.2421 0.3484 -6.4358 1.0000	</row3>
				</transform>
			</node>
			<node>
				<identifier>	HP_BGM_4	</identifier>
				<transform>
					<row0>	-1.0000 0.0000 0.0000 0.0000	</row0>
					<row1>	0.0000 1.0000 0.0000 0.0000	</row1>
					<row2>	0.0000 0.0000 -1.0000 0.0000	</row2>
					<row3>	0.0000 0.3757 -4.5813 1.0000	</row3>
				</transform>
			</node>
			<node>
				<identifier>	HP_FX_Fire_4	</identifier>
				<transform>
					<row0>	1.0000 0.0000 0.0000 0.0000	</row0>
					<row1>	0.0000 1.0000 0.0000 0.0000	</row1>
					<row2>	0.0000 0.0000 1.0000 0.0000	</row2>
					<row3>	0.0000 0.3593 -5.6276 1.0000	</row3>
				</transform>
			</node>
			<node>
				<identifier>	HP_FX_WakeTraceBack	</identifier>
				<transform>
					<row0>	1.0000 0.0000 0.0000 0.0000	</row0>
					<row1>	0.0000 1.0000 0.0000 0.0000	</row1>
					<row2>	0.0000 0.0000 1.0000 0.0000	</row2>
					<row3>	0.0000 0.0000 -6.7133 1.0000	</row3>
				</transform>
			</node>
			<node>
				<identifier>	HP_FX_WakeTrace_screw_1	</identifier>
				<transform>
					<row0>	1.0000 0.0000 0.0000 0.0000	</row0>
					<row1>	0.0000 1.0000 0.0000 0.0000	</row1>
					<row2>	0.0000 0.0000 1.0000 0.0000	</row2>
					<row3>	-0.5265 -0.3132 -4.5305 1.0000	</row3>
				</transform>
			</node>
			<node>
				<identifier>	HP_FX_WakeTrace_screw_2	</identifier>
				<transform>
					<row0>	1.0000 0.0000 0.0000 0.0000	</row0>
					<row1>	0.0000 1.0000 0.0000 0.0000	</row1>
					<row2>	0.0000 0.0000 1.0000 0.0000	</row2>
					<row3>	0.2576 -0.2852 -5.5777 1.0000	</row3>
				</transform>
			</node>
			<node>
				<identifier>	HP_FX_WakeTrace_screw_3	</identifier>
				<transform>
					<row0>	1.0000 0.0000 0.0000 0.0000	</row0>
					<row1>	0.0000 1.0000 0.0000 0.0000	</row1>
					<row2>	0.0000 0.0000 1.0000 0.0000	</row2>
					<row3>	0.5265 -0.3132 -4.5305 1.0000	</row3>
				</transform>
			</node>
			<node>
				<identifier>	HP_FX_WakeTrace_screw_4	</identifier>
				<transform>
					<row0>	1.0000 0.0000 0.0000 0.0000	</row0>
					<row1>	0.0000 1.0000 0.0000 0.0000	</row1>
					<row2>	0.0000 0.0000 1.0000 0.0000	</row2>
					<row3>	-0.2576 -0.2852 -5.5777 1.0000	</row3>
				</transform>
			</node>
			<node>
				<identifier>	HP_Ship_death_3	</identifier>
				<transform>
					<row0>	1.0000 0.0000 0.0000 0.0000	</row0>
					<row1>	0.0000 1.0000 0.0000 0.0000	</row1>
					<row2>	0.0000 0.0000 1.0000 0.0000	</row2>
					<row3>	0.0000 0.0000 -4.2177 1.0000	</row3>
				</transform>
			</node>
			<node>
				<identifier>	MP_BM004_Reels	</identifier>
				<transform>
					<row0>	0.5319 0.0237 -0.8465 0.0000	</row0>
					<row1>	-0.0316 0.9995 0.0081 0.0000	</row1>
					<row2>	0.8462 0.0225 0.5324 0.0000	</row2>
					<row3>	-0.2462 0.3178 -4.7079 1.0000	</row3>
				</transform>
			</node>
			<node>
				<identifier>	MP_BM004_Reels_INDEX_1	</identifier>
				<transform>
					<row0>	-0.1551 0.0132 0.9878 0.0000	</row0>
					<row1>	0.0361 0.9993 -0.0076 0.0000	</row1>
					<row2>	-0.9872 0.0345 -0.1555 0.0000	</row2>
					<row3>	0.2697 0.3179 -4.5251 1.0000	</row3>
				</transform>
			</node>
			<node>
				<identifier>	MP_BM009_Depth_Charge	</identifier>
				<transform>
					<row0>	0.9903 0.0000 -0.1392 0.0000	</row0>
					<row1>	-0.1392 0.0000 -0.9903 0.0000	</row1>
					<row2>	0.0000 1.0000 0.0000 0.0000	</row2>
					<row3>	0.2776 0.3622 -5.6681 1.0000	</row3>
				</transform>
			</node>
			<node>
				<identifier>	MP_BM009_Depth_Charge_INDEX_1	</identifier>
				<transform>
					<row0>	0.9903 0.0000 -0.1392 0.0000	</row0>
					<row1>	-0.1392 0.0000 -0.9903 0.0000	</row1>
					<row2>	0.0000 1.0000 0.0000 0.0000	</row2>
					<row3>	0.2776 0.3769 -6.3525 1.0000	</row3>
				</transform>
			</node>
			<node>
				<identifier>	MP_BM009_Depth_Charge_INDEX_2	</identifier>
				<transform>
					<row0>	0.9903 0.0000 -0.1392 0.0000	</row0>
					<row1>	-0.1392 0.0000 -0.9903 0.0000	</row1>
					<row2>	0.0000 1.0000 0.0000 0.0000	</row2>
					<row3>	0.2595 0.3809 -6.4813 1.0000	</row3>
				</transform>
			</node>
			<node>
				<identifier>	MP_BM009_Depth_Charge_INDEX_3	</identifier>
				<transform>
					<row0>	0.9903 0.0000 0.1392 0.0000	</row0>
					<row1>	0.1392 0.0000 -0.9903 0.0000	</row1>
					<row2>	0.0000 1.0000 0.0000 0.0000	</row2>
					<row3>	-0.2595 0.3662 -5.7969 1.0000	</row3>
				</transform>
			</node>
			<node>
				<identifier>	MP_BM009_Depth_Charge_INDEX_4	</identifier>
				<transform>
					<row0>	0.9903 0.0000 0.1392 0.0000	</row0>
					<row1>	0.1392 0.0000 -0.9903 0.0000	</row1>
					<row2>	0.0000 1.0000 0.0000 0.0000	</row2>
					<row3>	-0.2595 0.3809 -6.4813 1.0000	</row3>
				</transform>
			</node>
			<node>
				<identifier>	MP_BM009_Depth_Charge_INDEX_5	</identifier>
				<transform>
					<row0>	0.9903 0.0000 0.1392 0.0000	</row0>
					<row1>	0.1392 0.0000 -0.9903 0.0000	</row1>
					<row2>	0.0000 1.0000 0.0000 0.0000	</row2>
					<row3>	-0.2776 0.3769 -6.3525 1.0000	</row3>
				</transform>
			</node>
			<node>
				<identifier>	MP_BM009_Depth_Charge_INDEX_6	</identifier>
				<transform>
					<row0>	0.9903 0.0000 -0.1392 0.0000	</row0>
					<row1>	-0.1392 0.0000 -0.9903 0.0000	</row1>
					<row2>	0.0000 1.0000 0.0000 0.0000	</row2>
					<row3>	0.2595 0.3662 -5.7969 1.0000	</row3>
				</transform>
			</node>
			<node>
				<identifier>	MP_BM009_Depth_Charge_INDEX_7	</identifier>
				<transform>
					<row0>	0.9903 0.0000 0.1392 0.0000	</row0>
					<row1>	0.1392 0.0000 -0.9903 0.0000	</row1>
					<row2>	0.0000 1.0000 0.0000 0.0000	</row2>
					<row3>	-0.2776 0.3622 -5.6681 1.0000	</row3>
				</transform>
			</node>
			<node>
				<identifier>	MP_BM018_Depth_Charge_Stowage	</identifier>
				<transform>
					<row0>	0.9903 0.0000 -0.1392 0.0000	</row0>
					<row1>	0.0000 1.0000 0.0000 0.0000	</row1>
					<row2>	0.1392 0.0000 0.9903 0.0000	</row2>
					<row3>	0.2744 0.3304 -5.6910 1.0000	</row3>
				</transform>
			</node>
			<node>
				<identifier>	MP_BM018_Depth_Charge_Stowage_INDEX_1	</identifier>
				<transform>
					<row0>	0.9903 0.0000 -0.1392 0.0000	</row0>
					<row1>	0.0000 1.0000 0.0000 0.0000	</row1>
					<row2>	0.1392 0.0000 0.9903 0.0000	</row2>
					<row3>	0.2563 0.3344 -5.8198 1.0000	</row3>
				</transform>
			</node>
			<node>
				<identifier>	MP_BM018_Depth_Charge_Stowage_INDEX_2	</identifier>
				<transform>
					<row0>	0.9903 0.0000 -0.1392 0.0000	</row0>
					<row1>	0.0000 1.0000 0.0000 0.0000	</row1>
					<row2>	0.1392 0.0000 0.9903 0.0000	</row2>
					<row3>	0.2744 0.3451 -6.3753 1.0000	</row3>
				</transform>
			</node>
			<node>
				<identifier>	MP_BM018_Depth_Charge_Stowage_INDEX_3	</identifier>
				<transform>
					<row0>	0.9903 0.0000 0.1392 0.0000	</row0>
					<row1>	0.0000 1.0000 0.0000 0.0000	</row1>
					<row2>	-0.1392 0.0000 0.9903 0.0000	</row2>
					<row3>	-0.2563 0.3491 -6.5041 1.0000	</row3>
				</transform>
			</node>
			<node>
				<identifier>	MP_BM018_Depth_Charge_Stowage_INDEX_4	</identifier>
				<transform>
					<row0>	0.9903 0.0000 0.1392 0.0000	</row0>
					<row1>	0.0000 1.0000 0.0000 0.0000	</row1>
					<row2>	-0.1392 0.0000 0.9903 0.0000	</row2>
					<row3>	-0.2744 0.3451 -6.3753 1.0000	</row3>
				</transform>
			</node>
			<node>
				<identifier>	MP_BM018_Depth_Charge_Stowage_INDEX_5	</identifier>
				<transform>
					<row0>	0.9903 0.0000 0.1392 0.0000	</row0>
					<row1>	0.0000 1.0000 0.0000 0.0000	</row1>
					<row2>	-0.1392 0.0000 0.9903 0.0000	</row2>
					<row3>	-0.2563 0.3344 -5.8198 1.0000	</row3>
				</transform>
			</node>
			<node>
				<identifier>	MP_BM018_Depth_Charge_Stowage_INDEX_6	</identifier>
				<transform>
					<row0>	0.9903 0.0000 0.1392 0.0000	</row0>
					<row1>	0.0000 1.0000 0.0000 0.0000	</row1>
					<row2>	-0.1392 0.0000 0.9903 0.0000	</row2>
					<row3>	-0.2744 0.3304 -5.6910 1.0000	</row3>
				</transform>
			</node>
			<node>
				<identifier>	MP_BM018_Depth_Charge_Stowage_INDEX_7	</identifier>
				<transform>
					<row0>	0.9903 0.0000 -0.1392 0.0000	</row0>
					<row1>	0.0000 1.0000 0.0000 0.0000	</row1>
					<row2>	0.1392 0.0000 0.9903 0.0000	</row2>
					<row3>	0.2563 0.3491 -6.5041 1.0000	</row3>
				</transform>
			</node>
			<node>
				<identifier>	MP_BM019_Reels_1	</identifier>
				<transform>
					<row0>	0.9455 -0.0226 0.3250 0.0000	</row0>
					<row1>	0.0159 0.7998 0.0093 0.0000	</row1>
					<row2>	-0.2601 -0.0036 0.7565 0.0000	</row2>
					<row3>	0.0790 0.3197 -4.8641 1.0000	</row3>
				</transform>
			</node>
			<node>
				<identifier>	MP_BM021_Crown	</identifier>
				<transform>
					<row0>	1.0000 0.0000 0.0000 0.0000	</row0>
					<row1>	0.0000 0.9891 -0.1473 0.0000	</row1>
					<row2>	0.0000 0.1473 0.9891 0.0000	</row2>
					<row3>	0.0180 0.8757 -6.6927 1.0000	</row3>
				</transform>
			</node>
			<node>
				<identifier>	MP_BM506_Rubber_Boat	</identifier>
				<transform>
					<row0>	0.9950 0.0559 0.0823 0.0000	</row0>
					<row1>	-0.0557 0.9984 -0.0042 0.0000	</row1>
					<row2>	-0.0824 -0.0004 0.9966 0.0000	</row2>
					<row3>	-0.4291 0.3127 -4.8640 1.0000	</row3>
				</transform>
			</node>
			<node>
				<identifier>	MP_BM506_Rubber_Boat_INDEX_1	</identifier>
				<transform>
					<row0>	0.9950 -0.0559 -0.0823 0.0000	</row0>
					<row1>	0.0557 0.9984 -0.0042 0.0000	</row1>
					<row2>	0.0824 -0.0004 0.9966 0.0000	</row2>
					<row3>	0.4279 0.3127 -4.8640 1.0000	</row3>
				</transform>
			</node>
			<node>
				<identifier>	MP_BM506_Rubber_Boat_INDEX_2	</identifier>
				<transform>
					<row0>	0.9958 0.0559 0.0728 0.0000	</row0>
					<row1>	-0.0558 0.9984 -0.0037 0.0000	</row1>
					<row2>	-0.0729 -0.0004 0.9973 0.0000	</row2>
					<row3>	-0.4692 0.3104 -4.4005 1.0000	</row3>
				</transform>
			</node>
			<node>
				<identifier>	MP_BM506_Rubber_Boat_INDEX_3	</identifier>
				<transform>
					<row0>	0.9958 -0.0559 -0.0728 0.0000	</row0>
					<row1>	0.0558 0.9984 -0.0037 0.0000	</row1>
					<row2>	0.0729 -0.0004 0.9973 0.0000	</row2>
					<row3>	0.4692 0.3104 -4.4005 1.0000	</row3>
				</transform>
			</node>
			<node>
				<identifier>	MP_BM506_Rubber_Boat_INDEX_4	</identifier>
				<transform>
					<row0>	0.9959 0.0559 0.0711 0.0000	</row0>
					<row1>	-0.0558 0.9984 -0.0036 0.0000	</row1>
					<row2>	-0.0712 -0.0004 0.9975 0.0000	</row2>
					<row3>	-0.4496 0.3102 -4.6299 1.0000	</row3>
				</transform>
			</node>
			<node>
				<identifier>	MP_BM506_Rubber_Boat_INDEX_5	</identifier>
				<transform>
					<row0>	0.9959 -0.0559 -0.0711 0.0000	</row0>
					<row1>	0.0558 0.9984 -0.0036 0.0000	</row1>
					<row2>	0.0712 -0.0004 0.9975 0.0000	</row2>
					<row3>	0.4479 0.3102 -4.6292 1.0000	</row3>
				</transform>
			</node>
			<node>
				<identifier>	MP_BM700_Locker	</identifier>
				<transform>
					<row0>	0.0000 0.0000 -1.0000 0.0000	</row0>
					<row1>	0.0000 1.0000 0.0000 0.0000	</row1>
					<row2>	1.0000 0.0000 0.0000 0.0000	</row2>
					<row3>	0.0000 0.3489 -5.9970 1.0000	</row3>
				</transform>
			</node>
			<node>
				<identifier>	MP_BM708_Ammunition_Box	</identifier>
				<transform>
					<row0>	0.9998 -0.0200 0.0000 0.0000	</row0>
					<row1>	0.0199 0.9996 0.0197 0.0000	</row1>
					<row2>	-0.0004 -0.0197 0.9998 0.0000	</row2>
					<row3>	0.1626 0.3420 -5.9977 1.0000	</row3>
				</transform>
			</node>
			<node>
				<identifier>	MP_BM708_Ammunition_Box_INDEX_1	</identifier>
				<transform>
					<row0>	0.9998 0.0200 0.0000 0.0000	</row0>
					<row1>	-0.0199 0.9996 0.0197 0.0000	</row1>
					<row2>	0.0004 -0.0197 0.9998 0.0000	</row2>
					<row3>	-0.1626 0.3420 -5.9977 1.0000	</row3>
				</transform>
			</node>
			<node>
				<identifier>	MP_BM753_Deck_Hatch	</identifier>
				<transform>
					<row0>	0.0000 0.0000 -1.0000 0.0000	</row0>
					<row1>	0.0000 1.0000 0.0000 0.0000	</row1>
					<row2>	1.0000 0.0000 0.0000 0.0000	</row2>
					<row3>	-0.1230 0.3552 -6.4361 1.0000	</row3>
				</transform>
			</node>
			<node>
				<identifier>	MP_BM753_Deck_Hatch_INDEX_1	</identifier>
				<transform>
					<row0>	-1.0000 0.0000 0.0000 0.0000	</row0>
					<row1>	0.0000 1.0000 0.0000 0.0000	</row1>
					<row2>	0.0000 0.0000 -1.0000 0.0000	</row2>
					<row3>	-0.0429 0.3399 -5.6514 1.0000	</row3>
				</transform>
			</node>
			<node>
				<identifier>	MP_BM753_Deck_Hatch_INDEX_2	</identifier>
				<transform>
					<row0>	-1.0000 0.0000 0.0000 0.0000	</row0>
					<row1>	0.0000 1.0000 0.0000 0.0000	</row1>
					<row2>	0.0000 0.0000 -1.0000 0.0000	</row2>
					<row3>	-0.2044 0.3276 -4.9606 1.0000	</row3>
				</transform>
			</node>
			<node>
				<identifier>	MP_BM800_Ventilators_mushroom	</identifier>
				<transform>
					<row0>	-0.8000 0.0000 0.0000 0.0000	</row0>
					<row1>	0.0000 0.8000 0.0000 0.0000	</row1>
					<row2>	0.0000 0.0000 -0.8000 0.0000	</row2>
					<row3>	0.2103 0.3172 -4.8490 1.0000	</row3>
				</transform>
			</node>
			<node>
				<identifier>	MP_BM800_Ventilators_mushroom_INDEX_1	</identifier>
				<transform>
					<row0>	-0.8000 0.0000 0.0000 0.0000	</row0>
					<row1>	0.0000 0.8000 0.0000 0.0000	</row1>
					<row2>	0.0000 0.0000 -0.8000 0.0000	</row2>
					<row3>	-0.0561 0.3172 -4.8550 1.0000	</row3>
				</transform>
			</node>
			<node>
				<identifier>	MP_BM800_Ventilators_mushroom_INDEX_2	</identifier>
				<transform>
					<row0>	-0.8000 0.0000 0.0000 0.0000	</row0>
					<row1>	0.0000 0.8000 0.0000 0.0000	</row1>
					<row2>	0.0000 0.0000 -0.8000 0.0000	</row2>
					<row3>	0.0375 0.3470 -6.3769 1.0000	</row3>
				</transform>
			</node>
			<node>
				<identifier>	MP_BM800_Ventilators_mushroom_INDEX_3	</identifier>
				<transform>
					<row0>	-1.2000 0.0000 0.0000 0.0000	</row0>
					<row1>	0.0000 1.2000 0.0000 0.0000	</row1>
					<row2>	0.0000 0.0000 -1.2000 0.0000	</row2>
					<row3>	0.0411 0.3283 -5.4610 1.0000	</row3>
				</transform>
			</node>
			<node>
				<identifier>	MP_BM857_Fog_Light	</identifier>
				<transform>
					<row0>	-1.0000 0.0000 0.0000 0.0000	</row0>
					<row1>	0.0000 0.9997 0.0249 0.0000	</row1>
					<row2>	0.0000 0.0249 -0.9997 0.0000	</row2>
					<row3>	0.0000 0.4292 -6.6317 1.0000	</row3>
				</transform>
			</node>
			<node>
				<identifier>	MP_BM868_Screened_speed_light	</identifier>
				<transform>
					<row0>	0.5000 0.0000 0.0000 0.0000	</row0>
					<row1>	0.0000 0.5000 0.0000 0.0000	</row1>
					<row2>	0.0000 0.0000 0.5000 0.0000	</row2>
					<row3>	0.0183 0.5762 -6.6610 1.0000	</row3>
				</transform>
			</node>
			<node>
				<identifier>	MP_BM872_Running_Lights_B	</identifier>
				<transform>
					<row0>	-1.0000 0.0000 0.0000 0.0000	</row0>
					<row1>	0.0000 1.0000 0.0000 0.0000	</row1>
					<row2>	0.0000 0.0000 -1.0000 0.0000	</row2>
					<row3>	0.0000 0.6155 -6.6647 1.0000	</row3>
				</transform>
			</node>
			<node>
				<identifier>	MP_BM952_Bollard	</identifier>
				<transform>
					<row0>	0.9870 0.0511 0.1525 0.0000	</row0>
					<row1>	-0.0532 0.9985 0.0095 0.0000	</row1>
					<row2>	-0.1518 -0.0175 0.9883 0.0000	</row2>
					<row3>	-0.3966 0.3255 -5.5137 1.0000	</row3>
				</transform>
			</node>
			<node>
				<identifier>	MP_BM952_Bollard_INDEX_1	</identifier>
				<transform>
					<row0>	0.9870 -0.0511 -0.1525 0.0000	</row0>
					<row1>	0.0532 0.9985 0.0095 0.0000	</row1>
					<row2>	0.1518 -0.0175 0.9883 0.0000	</row2>
					<row3>	0.3966 0.3255 -5.5137 1.0000	</row3>
				</transform>
			</node>
			<node>
				<identifier>	MP_BM963_Anchor_Capstan_Stern	</identifier>
				<transform>
					<row0>	-1.0000 0.0000 0.0000 0.0000	</row0>
					<row1>	0.0000 1.0000 0.0000 0.0000	</row1>
					<row2>	0.0000 0.0000 -1.0000 0.0000	</row2>
					<row3>	0.2442 0.3346 -5.3983 1.0000	</row3>
				</transform>
			</node>
			<node>
				<identifier>	MP_BM963_Anchor_Capstan_Stern_INDEX_1	</identifier>
				<transform>
					<row0>	-1.0000 0.0000 0.0000 0.0000	</row0>
					<row1>	0.0000 1.0000 0.0000 0.0000	</row1>
					<row2>	0.0000 0.0000 -1.0000 0.0000	</row2>
					<row3>	-0.2442 0.3346 -5.3983 1.0000	</row3>
				</transform>
			</node>
			<node>
				<identifier>	MP_CM002_Propeller4_L	</identifier>
				<transform>
					<row0>	0.9464 0.0000 -0.0266 0.0000	</row0>
					<row1>	-0.0008 0.9464 -0.0272 0.0000	</row1>
					<row2>	0.0266 0.0272 0.9460 0.0000	</row2>
					<row3>	-0.5265 -0.3132 -4.5305 1.0000	</row3>
				</transform>
			</node>
			<node>
				<identifier>	MP_CM002_Propeller4_L_INDEX_1	</identifier>
				<transform>
					<row0>	0.9468 0.0000 0.0010 0.0000	</row0>
					<row1>	0.0000 0.9465 -0.0230 0.0000	</row1>
					<row2>	-0.0010 0.0230 0.9465 0.0000	</row2>
					<row3>	-0.2576 -0.2852 -5.5777 1.0000	</row3>
				</transform>
			</node>
			<node>
				<identifier>	MP_CM011_Fire_Fighting_Gear	</identifier>
				<transform>
					<row0>	0.0000 0.0000 1.0000 0.0000	</row0>
					<row1>	0.0000 1.0000 0.0000 0.0000	</row1>
					<row2>	-1.0000 0.0000 0.0000 0.0000	</row2>
					<row3>	0.2345 0.3234 -4.7177 1.0000	</row3>
				</transform>
			</node>
			<node>
				<identifier>	MP_CM011_Fire_Fighting_Gear_INDEX_1	</identifier>
				<transform>
					<row0>	-1.0000 0.0000 0.0000 0.0000	</row0>
					<row1>	0.0000 1.0000 0.0000 0.0000	</row1>
					<row2>	0.0000 0.0000 -1.0000 0.0000	</row2>
					<row3>	0.0481 0.3440 -5.8855 1.0000	</row3>
				</transform>
			</node>
			<node>
				<identifier>	MP_CM013_Fire_Hose_Rack_2	</identifier>
				<transform>
					<row0>	-0.9239 0.0000 0.3827 0.0000	</row0>
					<row1>	0.0000 1.0000 0.0000 0.0000	</row1>
					<row2>	-0.3827 0.0000 -0.9239 0.0000	</row2>
					<row3>	0.2175 0.3514 -4.6785 1.0000	</row3>
				</transform>
			</node>
			<node>
				<identifier>	MP_CM013_Fire_Hose_Rack_2_INDEX_1	</identifier>
				<transform>
					<row0>	-0.3361 0.0000 -0.9418 0.0000	</row0>
					<row1>	0.0000 1.0000 0.0000 0.0000	</row1>
					<row2>	0.9418 0.0000 -0.3361 0.0000	</row2>
					<row3>	0.0853 0.3944 -5.9201 1.0000	</row3>
				</transform>
			</node>
			<node>
				<identifier>	MP_CM029_Emergency_Box	</identifier>
				<transform>
					<row0>	-0.9425 0.0000 0.3341 0.0000	</row0>
					<row1>	0.0000 1.0000 -0.0001 0.0000	</row1>
					<row2>	-0.3341 -0.0002 -0.9425 0.0000	</row2>
					<row3>	0.1300 0.3833 -5.9299 1.0000	</row3>
				</transform>
			</node>
			<node>
				<identifier>	MP_CM029_Emergency_Box_INDEX_1	</identifier>
				<transform>
					<row0>	-0.9425 0.0000 -0.3341 0.0000	</row0>
					<row1>	0.0000 1.0000 -0.0001 0.0000	</row1>
					<row2>	0.3341 -0.0002 -0.9425 0.0000	</row2>
					<row3>	-0.0686 0.3833 -5.9074 1.0000	</row3>
				</transform>
			</node>
			<node>
				<identifier>	MP_CM033_Propeller4_R	</identifier>
				<transform>
					<row0>	0.9468 0.0000 -0.0010 0.0000	</row0>
					<row1>	0.0000 0.9465 -0.0230 0.0000	</row1>
					<row2>	0.0010 0.0230 0.9465 0.0000	</row2>
					<row3>	0.2576 -0.2852 -5.5777 1.0000	</row3>
				</transform>
			</node>
			<node>
				<identifier>	MP_CM033_Propeller4_R_INDEX_1	</identifier>
				<transform>
					<row0>	0.9464 0.0000 0.0266 0.0000	</row0>
					<row1>	0.0008 0.9464 -0.0272 0.0000	</row1>
					<row2>	-0.0266 0.0272 0.9460 0.0000	</row2>
					<row3>	0.5265 -0.3132 -4.5305 1.0000	</row3>
				</transform>
			</node>
			<node>
				<identifier>	MP_CM059_Ladder_Cruiser	</identifier>
				<transform>
					<row0>	0.9922 -0.0619 -0.1078 0.0000	</row0>
					<row1>	0.0651 0.9975 0.0264 0.0000	</row1>
					<row2>	0.1059 -0.0332 0.9938 0.0000	</row2>
					<row3>	0.3780 0.3284 -5.7814 1.0000	</row3>
				</transform>
			</node>
			<node>
				<identifier>	MP_CM059_Ladder_Cruiser_INDEX_1	</identifier>
				<transform>
					<row0>	0.9926 0.0619 0.1049 0.0000	</row0>
					<row1>	-0.0650 0.9975 0.0266 0.0000	</row1>
					<row2>	-0.1030 -0.0332 0.9941 0.0000	</row2>
					<row3>	-0.3661 0.3280 -5.7826 1.0000	</row3>
				</transform>
			</node>
			<node>
				<identifier>	MP_CM104_Life_Buoy	</identifier>
				<transform>
					<row0>	0.0887 0.0000 0.9961 0.0000	</row0>
					<row1>	0.0000 1.0000 0.0000 0.0000	</row1>
					<row2>	-0.9961 0.0000 0.0887 0.0000	</row2>
					<row3>	0.5963 0.3593 -4.4937 1.0000	</row3>
				</transform>
			</node>
			<node>
				<identifier>	MP_CM104_Life_Buoy_INDEX_1	</identifier>
				<transform>
					<row0>	0.0887 0.0000 -0.9961 0.0000	</row0>
					<row1>	0.0000 1.0000 0.0000 0.0000	</row1>
					<row2>	0.9961 0.0000 0.0887 0.0000	</row2>
					<row3>	-0.5963 0.3593 -4.4937 1.0000	</row3>
				</transform>
			</node>
			<node>
				<identifier>	SP_YMS011_YHWL_M_1_INDEX_12	</identifier>
				<transform>
					<row0>	0.9464 0.2994 0.1213 0.0000	</row0>
					<row1>	-0.2980 0.9541 -0.0303 0.0000	</row1>
					<row2>	-0.1248 -0.0075 0.9922 0.0000	</row2>
					<row3>	-0.5344 0.0000 -4.8527 1.0000	</row3>
				</transform>
			</node>
			<node>
				<identifier>	SP_YMS011_YHWL_M_1_INDEX_13	</identifier>
				<transform>
					<row0>	0.8878 0.4391 0.1381 0.0000	</row0>
					<row1>	-0.4329 0.8984 -0.0732 0.0000	</row1>
					<row2>	-0.1562 0.0052 0.9877 0.0000	</row2>
					<row3>	-0.4100 0.0000 -5.6839 1.0000	</row3>
				</transform>
			</node>
			<node>
				<identifier>	SP_YMS012_YHWR_M_1_INDEX_12	</identifier>
				<transform>
					<row0>	0.9464 -0.2994 -0.1213 0.0000	</row0>
					<row1>	0.2980 0.9541 -0.0303 0.0000	</row1>
					<row2>	0.1248 -0.0075 0.9922 0.0000	</row2>
					<row3>	0.5344 0.0000 -4.8527 1.0000	</row3>
				</transform>
			</node>
			<node>
				<identifier>	SP_YMS012_YHWR_M_1_INDEX_13	</identifier>
				<transform>
					<row0>	0.8878 -0.4391 -0.1381 0.0000	</row0>
					<row1>	0.4329 0.8984 -0.0732 0.0000	</row1>
					<row2>	0.1562 0.0052 0.9877 0.0000	</row2>
					<row3>	0.4100 0.0000 -5.6839 1.0000	</row3>
				</transform>
			</node>
			<node>
				<identifier>	SP_YMS023_YHUC_L_1	</identifier>
				<transform>
					<row0>	0.5526 0.0000 -0.0155 0.0000	</row0>
					<row1>	-0.0004 0.5526 -0.0159 0.0000	</row1>
					<row2>	0.0155 0.0159 0.5524 0.0000	</row2>
					<row3>	-0.5265 -0.3132 -4.5305 1.0000	</row3>
				</transform>
			</node>
			<node>
				<identifier>	SP_YMS023_YHUC_L_1_INDEX_1	</identifier>
				<transform>
					<row0>	0.5526 0.0000 0.0155 0.0000	</row0>
					<row1>	0.0004 0.5526 -0.0159 0.0000	</row1>
					<row2>	-0.0155 0.0159 0.5524 0.0000	</row2>
					<row3>	0.5265 -0.3132 -4.5305 1.0000	</row3>
				</transform>
			</node>
			<node>
				<identifier>	SP_YMS023_YHUC_L_1_INDEX_2	</identifier>
				<transform>
					<row0>	0.5156 0.0000 0.0005 0.0000	</row0>
					<row1>	0.0000 0.5154 -0.0125 0.0000	</row1>
					<row2>	-0.0005 0.0125 0.5154 0.0000	</row2>
					<row3>	-0.2576 -0.2852 -5.5777 1.0000	</row3>
				</transform>
			</node>
			<node>
				<identifier>	SP_YMS023_YHUC_L_1_INDEX_3	</identifier>
				<transform>
					<row0>	0.5156 0.0000 -0.0005 0.0000	</row0>
					<row1>	0.0000 0.5154 -0.0125 0.0000	</row1>
					<row2>	0.0005 0.0125 0.5154 0.0000	</row2>
					<row3>	0.2576 -0.2852 -5.5777 1.0000	</row3>
				</transform>
			</node>
			<node>
				<identifier>	SP_YMS030_YHAM_M_1	</identifier>
				<transform>
					<row0>	0.8050 0.0000 0.0000 0.0000	</row0>
					<row1>	0.0000 0.8050 0.0000 0.0000	</row1>
					<row2>	0.0000 0.0000 0.8050 0.0000	</row2>
					<row3>	0.0000 0.2387 -6.7040 1.0000	</row3>
				</transform>
			</node>
			<node>
				<identifier>	SP_YMS031_YHAL_M_1	</identifier>
				<transform>
					<row0>	0.9955 0.0000 0.0949 0.0000	</row0>
					<row1>	0.0000 1.0000 0.0000 0.0000	</row1>
					<row2>	-0.0949 0.0000 0.9955 0.0000	</row2>
					<row3>	-0.3813 0.2086 -6.3781 1.0000	</row3>
				</transform>
			</node>
			<node>
				<identifier>	SP_YMS032_YHAR_M_1	</identifier>
				<transform>
					<row0>	0.9955 0.0000 -0.0949 0.0000	</row0>
					<row1>	0.0000 1.0000 0.0000 0.0000	</row1>
					<row2>	0.0949 0.0000 0.9955 0.0000	</row2>
					<row3>	0.3813 0.2086 -6.3781 1.0000	</row3>
				</transform>
			</node>
			<node>
				<identifier>	SP_YMS053_YHDC_S_1_INDEX_10	</identifier>
				<transform>
					<row0>	0.8555 -0.0489 0.0000 0.0000	</row0>
					<row1>	0.0489 0.8555 0.0000 0.0000	</row1>
					<row2>	0.0000 0.0000 0.8569 0.0000	</row2>
					<row3>	0.2959 0.3367 -5.1735 1.0000	</row3>
				</transform>
			</node>
			<node>
				<identifier>	SP_YMS053_YHDC_S_1_INDEX_9	</identifier>
				<transform>
					<row0>	0.8555 0.0489 0.0000 0.0000	</row0>
					<row1>	-0.0489 0.8555 0.0000 0.0000	</row1>
					<row2>	0.0000 0.0000 0.8569 0.0000	</row2>
					<row3>	-0.2959 0.3367 -5.1735 1.0000	</row3>
				</transform>
			</node>
			<node>
				<identifier>	SP_YMS080_YHSL_M_1_INDEX_2	</identifier>
				<transform>
					<row0>	0.7434 0.0801 0.0902 0.0000	</row0>
					<row1>	-0.0796 0.7488 -0.0097 0.0000	</row1>
					<row2>	-0.0907 0.0000 0.7476 0.0000	</row2>
					<row3>	-0.5294 0.1963 -5.1764 1.0000	</row3>
				</transform>
			</node>
			<node>
				<identifier>	SP_YMS081_YHSR_M_1_INDEX_2	</identifier>
				<transform>
					<row0>	0.7434 -0.0801 -0.0902 0.0000	</row0>
					<row1>	0.0796 0.7488 -0.0097 0.0000	</row1>
					<row2>	0.0907 0.0000 0.7476 0.0000	</row2>
					<row3>	0.5294 0.1963 -5.1764 1.0000	</row3>
				</transform>
			</node>
		</node>
	</node>
	<boundingBox>
		<min>	-0.0667 -0.0667 -0.0667	</min>
		<max>	0.0667 0.0667 0.0667	</max>
	</boundingBox>
</BSC016_Neptune_1947_Stern_ports.visual>
