<HSC002_Gelderland_1939_MidFront_ports.visual>
	<node>
		<identifier>	Scene Root	</identifier>
		<transform>
			<row0>	1.0000 0.0000 0.0000 0.0000	</row0>
			<row1>	0.0000 1.0000 0.0000 0.0000	</row1>
			<row2>	0.0000 0.0000 1.0000 0.0000	</row2>
			<row3>	0.0000 0.0000 0.0000 1.0000	</row3>
		</transform>
		<node>
			<identifier>	MidFront_ports	</identifier>
			<transform>
				<row0>	1.0000 0.0000 0.0000 0.0000	</row0>
				<row1>	0.0000 1.0000 0.0000 0.0000	</row1>
				<row2>	0.0000 0.0000 1.0000 0.0000	</row2>
				<row3>	0.0000 0.0000 0.0000 1.0000	</row3>
			</transform>
			<node>
				<identifier>	HP_FX_Death_2	</identifier>
				<transform>
					<row0>	1.0000 0.0000 0.0000 0.0000	</row0>
					<row1>	0.0000 1.0000 0.0000 0.0000	</row1>
					<row2>	0.0000 0.0000 1.0000 0.0000	</row2>
					<row3>	0.0000 0.0000 -0.1893 1.0000	</row3>
				</transform>
			</node>
			<node>
				<identifier>	HP_FX_Fire_2	</identifier>
				<transform>
					<row0>	1.0000 0.0000 0.0000 0.0000	</row0>
					<row1>	0.0000 1.0000 0.0000 0.0000	</row1>
					<row2>	0.0000 0.0000 1.0000 0.0000	</row2>
					<row3>	0.0000 0.4854 0.4150 1.0000	</row3>
				</transform>
			</node>
			<node>
				<identifier>	HP_FX_Fire_2_side_1	</identifier>
				<transform>
					<row0>	1.0000 0.0000 0.0000 0.0000	</row0>
					<row1>	0.0000 1.0000 0.0000 0.0000	</row1>
					<row2>	0.0000 0.0000 1.0000 0.0000	</row2>
					<row3>	-0.3196 0.5505 0.6475 1.0000	</row3>
				</transform>
			</node>
			<node>
				<identifier>	HP_FX_Fire_2_side_2	</identifier>
				<transform>
					<row0>	1.0000 0.0000 0.0000 0.0000	</row0>
					<row1>	0.0000 1.0000 0.0000 0.0000	</row1>
					<row2>	0.0000 0.0000 1.0000 0.0000	</row2>
					<row3>	0.3083 0.5671 -0.2654 1.0000	</row3>
				</transform>
			</node>
			<node>
				<identifier>	HP_FX_FloodLight_left_1	</identifier>
				<transform>
					<row0>	-1.0000 0.0000 0.0000 0.0000	</row0>
					<row1>	0.0000 1.0000 0.0000 0.0000	</row1>
					<row2>	0.0000 0.0000 -1.0000 0.0000	</row2>
					<row3>	-0.1153 0.9814 0.7125 1.0000	</row3>
				</transform>
			</node>
			<node>
				<identifier>	HP_FX_FloodLight_left_2	</identifier>
				<transform>
					<row0>	-1.0000 0.0000 0.0000 0.0000	</row0>
					<row1>	0.0000 1.0000 0.0000 0.0000	</row1>
					<row2>	0.0000 0.0000 -1.0000 0.0000	</row2>
					<row3>	-0.1148 0.9553 -0.1308 1.0000	</row3>
				</transform>
			</node>
			<node>
				<identifier>	HP_FX_FloodLight_right_1	</identifier>
				<transform>
					<row0>	1.0000 0.0000 0.0000 0.0000	</row0>
					<row1>	0.0000 1.0000 0.0000 0.0000	</row1>
					<row2>	0.0000 0.0000 1.0000 0.0000	</row2>
					<row3>	0.1158 0.9858 0.7127 1.0000	</row3>
				</transform>
			</node>
			<node>
				<identifier>	HP_FX_FloodLight_right_2	</identifier>
				<transform>
					<row0>	1.0000 0.0000 0.0000 0.0000	</row0>
					<row1>	0.0000 1.0000 0.0000 0.0000	</row1>
					<row2>	0.0000 0.0000 1.0000 0.0000	</row2>
					<row3>	0.1155 0.9571 -0.1298 1.0000	</row3>
				</transform>
			</node>
			<node>
				<identifier>	HP_FX_Flood_steam_1	</identifier>
				<transform>
					<row0>	1.0000 0.0000 0.0000 0.0000	</row0>
					<row1>	0.0000 0.9031 -0.4295 0.0000	</row1>
					<row2>	0.0000 0.4295 0.9031 0.0000	</row2>
					<row3>	0.0000 1.1614 0.8356 1.0000	</row3>
				</transform>
			</node>
			<node>
				<identifier>	HP_FX_Flood_steam_2	</identifier>
				<transform>
					<row0>	1.0000 0.0000 0.0000 0.0000	</row0>
					<row1>	0.0000 0.9044 -0.4266 0.0000	</row1>
					<row2>	0.0000 0.4266 0.9044 0.0000	</row2>
					<row3>	0.0010 1.1453 0.5695 1.0000	</row3>
				</transform>
			</node>
			<node>
				<identifier>	HP_FX_Flood_steam_3	</identifier>
				<transform>
					<row0>	1.0000 0.0000 0.0000 0.0000	</row0>
					<row1>	0.0000 0.9057 -0.4239 0.0000	</row1>
					<row2>	0.0000 0.4239 0.9057 0.0000	</row2>
					<row3>	0.0010 1.1501 -0.0097 1.0000	</row3>
				</transform>
			</node>
			<node>
				<identifier>	HP_FX_Flood_steam_4	</identifier>
				<transform>
					<row0>	1.0000 0.0000 0.0000 0.0000	</row0>
					<row1>	0.0000 0.9004 -0.4352 0.0000	</row1>
					<row2>	0.0000 0.4352 0.9004 0.0000	</row2>
					<row3>	0.0000 1.1329 -0.2754 1.0000	</row3>
				</transform>
			</node>
			<node>
				<identifier>	HP_FX_Flood_steam_left	</identifier>
				<transform>
					<row0>	-0.9857 0.0000 0.1687 0.0000	</row0>
					<row1>	0.0000 1.0000 0.0000 0.0000	</row1>
					<row2>	-0.1687 0.0000 -0.9857 0.0000	</row2>
					<row3>	-0.3378 0.3009 1.7330 1.0000	</row3>
				</transform>
			</node>
			<node>
				<identifier>	HP_FX_Smoke_1	</identifier>
				<transform>
					<row0>	1.0000 0.0000 0.0000 0.0000	</row0>
					<row1>	0.0000 0.9951 -0.0992 0.0000	</row1>
					<row2>	0.0000 0.0992 0.9951 0.0000	</row2>
					<row3>	0.0000 1.1188 0.7344 1.0000	</row3>
				</transform>
			</node>
			<node>
				<identifier>	HP_FX_Smoke_2	</identifier>
				<transform>
					<row0>	1.0000 0.0000 0.0000 0.0000	</row0>
					<row1>	0.0000 0.9951 -0.0992 0.0000	</row1>
					<row2>	0.0000 0.0992 0.9951 0.0000	</row2>
					<row3>	0.0000 1.1028 -0.1206 1.0000	</row3>
				</transform>
			</node>
			<node>
				<identifier>	HP_Flagpole	</identifier>
				<transform>
					<row0>	1.0000 0.0000 0.0000 0.0000	</row0>
					<row1>	0.0000 0.9985 -0.0550 0.0000	</row1>
					<row2>	0.0000 0.0550 0.9985 0.0000	</row2>
					<row3>	0.0000 2.4379 1.1388 1.0000	</row3>
				</transform>
			</node>
			<node>
				<identifier>	HP_HF_1	</identifier>
				<transform>
					<row0>	1.0000 0.0000 0.0000 0.0000	</row0>
					<row1>	0.0000 1.0000 0.0000 0.0000	</row1>
					<row2>	0.0000 0.0000 1.0000 0.0000	</row2>
					<row3>	0.0034 0.8303 1.5435 1.0000	</row3>
				</transform>
			</node>
			<node>
				<identifier>	HP_HF_2	</identifier>
				<transform>
					<row0>	0.0000 0.0000 1.0000 0.0000	</row0>
					<row1>	0.0000 1.0000 0.0000 0.0000	</row1>
					<row2>	-1.0000 0.0000 0.0000 0.0000	</row2>
					<row3>	-0.2010 0.7985 1.4843 1.0000	</row3>
				</transform>
			</node>
			<node>
				<identifier>	HP_HF_3	</identifier>
				<transform>
					<row0>	0.0000 0.0000 -1.0000 0.0000	</row0>
					<row1>	0.0000 1.0000 0.0000 0.0000	</row1>
					<row2>	1.0000 0.0000 0.0000 0.0000	</row2>
					<row3>	0.2010 0.7985 1.4843 1.0000	</row3>
				</transform>
			</node>
			<node>
				<identifier>	HP_HGA_1	</identifier>
				<transform>
					<row0>	0.7071 0.0000 0.7071 0.0000	</row0>
					<row1>	0.0000 1.0000 0.0000 0.0000	</row1>
					<row2>	-0.7071 0.0000 0.7071 0.0000	</row2>
					<row3>	-0.2559 0.4871 1.5714 1.0000	</row3>
				</transform>
			</node>
			<node>
				<identifier>	HP_HGA_2	</identifier>
				<transform>
					<row0>	0.7071 0.0000 -0.7071 0.0000	</row0>
					<row1>	0.0000 1.0000 0.0000 0.0000	</row1>
					<row2>	0.7071 0.0000 0.7071 0.0000	</row2>
					<row3>	0.2559 0.4871 1.5714 1.0000	</row3>
				</transform>
			</node>
			<node>
				<identifier>	HP_HGA_3	</identifier>
				<transform>
					<row0>	0.0000 0.0000 1.0000 0.0000	</row0>
					<row1>	0.0000 1.0000 0.0000 0.0000	</row1>
					<row2>	-1.0000 0.0000 0.0000 0.0000	</row2>
					<row3>	-0.3640 0.6461 1.4603 1.0000	</row3>
				</transform>
			</node>
			<node>
				<identifier>	HP_HGA_4	</identifier>
				<transform>
					<row0>	0.0000 0.0000 -1.0000 0.0000	</row0>
					<row1>	0.0000 1.0000 0.0000 0.0000	</row1>
					<row2>	1.0000 0.0000 0.0000 0.0000	</row2>
					<row3>	0.3645 0.6461 1.4591 1.0000	</row3>
				</transform>
			</node>
			<node>
				<identifier>	HP_HGA_5	</identifier>
				<transform>
					<row0>	0.0244 0.0000 0.9997 0.0000	</row0>
					<row1>	0.0000 1.0000 0.0000 0.0000	</row1>
					<row2>	-0.9997 0.0000 0.0244 0.0000	</row2>
					<row3>	-0.3289 0.3441 0.8958 1.0000	</row3>
				</transform>
			</node>
			<node>
				<identifier>	HP_HGA_6	</identifier>
				<transform>
					<row0>	0.0244 0.0000 -0.9997 0.0000	</row0>
					<row1>	0.0000 1.0000 0.0000 0.0000	</row1>
					<row2>	0.9997 0.0000 0.0244 0.0000	</row2>
					<row3>	0.3289 0.3441 0.8958 1.0000	</row3>
				</transform>
			</node>
			<node>
				<identifier>	HP_HGM_2	</identifier>
				<transform>
					<row0>	0.9659 0.0000 0.2588 0.0000	</row0>
					<row1>	0.0000 1.0000 0.0000 0.0000	</row1>
					<row2>	-0.2588 0.0000 0.9659 0.0000	</row2>
					<row3>	-0.2899 0.3336 1.1493 1.0000	</row3>
				</transform>
			</node>
			<node>
				<identifier>	HP_HGM_3	</identifier>
				<transform>
					<row0>	0.9962 0.0000 -0.0872 0.0000	</row0>
					<row1>	0.0000 1.0000 0.0000 0.0000	</row1>
					<row2>	0.0872 0.0000 0.9962 0.0000	</row2>
					<row3>	0.3220 0.3332 1.1493 1.0000	</row3>
				</transform>
			</node>
			<node>
				<identifier>	HP_HGM_4	</identifier>
				<transform>
					<row0>	0.8829 0.0000 0.4695 0.0000	</row0>
					<row1>	0.0000 1.0000 0.0000 0.0000	</row1>
					<row2>	-0.4695 0.0000 0.8829 0.0000	</row2>
					<row3>	-0.3410 0.3207 0.4968 1.0000	</row3>
				</transform>
			</node>
			<node>
				<identifier>	HP_HGM_5	</identifier>
				<transform>
					<row0>	0.8829 0.0000 -0.4695 0.0000	</row0>
					<row1>	0.0000 1.0000 0.0000 0.0000	</row1>
					<row2>	0.4695 0.0000 0.8829 0.0000	</row2>
					<row3>	0.3410 0.3207 0.4968 1.0000	</row3>
				</transform>
			</node>
			<node>
				<identifier>	HP_flag_1	</identifier>
				<transform>
					<row0>	0.9948 0.1019 -0.0076 0.0000	</row0>
					<row1>	-0.1019 0.9839 -0.1470 0.0000	</row1>
					<row2>	-0.0076 0.1470 0.9891 0.0000	</row2>
					<row3>	0.2442 1.3556 1.2649 1.0000	</row3>
				</transform>
			</node>
			<node>
				<identifier>	HP_flag_2	</identifier>
				<transform>
					<row0>	0.9948 -0.1019 0.0076 0.0000	</row0>
					<row1>	0.1019 0.9839 -0.1470 0.0000	</row1>
					<row2>	0.0076 0.1470 0.9891 0.0000	</row2>
					<row3>	-0.2444 1.3556 1.2649 1.0000	</row3>
				</transform>
			</node>
			<node>
				<identifier>	HP_flag_3	</identifier>
				<transform>
					<row0>	0.9771 0.2123 -0.0156 0.0000	</row0>
					<row1>	-0.2123 0.9664 -0.1450 0.0000	</row1>
					<row2>	-0.0156 0.1450 0.9893 0.0000	</row2>
					<row3>	0.1284 1.3568 1.2647 1.0000	</row3>
				</transform>
			</node>
			<node>
				<identifier>	HP_flag_4	</identifier>
				<transform>
					<row0>	0.9771 -0.2123 0.0156 0.0000	</row0>
					<row1>	0.2123 0.9664 -0.1450 0.0000	</row1>
					<row2>	0.0156 0.1450 0.9893 0.0000	</row2>
					<row3>	-0.1285 1.3566 1.2649 1.0000	</row3>
				</transform>
			</node>
			<node>
				<identifier>	HP_flag_courtesy	</identifier>
				<transform>
					<row0>	0.9974 0.0713 -0.0053 0.0000	</row0>
					<row1>	-0.0713 0.9865 -0.1474 0.0000	</row1>
					<row2>	-0.0053 0.1474 0.9891 0.0000	</row2>
					<row3>	0.2810 1.3850 1.2605 1.0000	</row3>
				</transform>
			</node>
			<node>
				<identifier>	HP_flag_house	</identifier>
				<transform>
					<row0>	0.9974 -0.0713 0.0053 0.0000	</row0>
					<row1>	0.0713 0.9865 -0.1474 0.0000	</row1>
					<row2>	0.0053 0.1474 0.9891 0.0000	</row2>
					<row3>	-0.2809 1.3850 1.2607 1.0000	</row3>
				</transform>
			</node>
			<node>
				<identifier>	MP_CM012_Fire_Hose_Rack_1	</identifier>
				<transform>
					<row0>	1.0000 0.0000 0.0000 0.0000	</row0>
					<row1>	0.0000 1.0000 0.0000 0.0000	</row1>
					<row2>	0.0000 0.0000 1.0000 0.0000	</row2>
					<row3>	-0.1288 0.4092 0.6063 1.0000	</row3>
				</transform>
			</node>
			<node>
				<identifier>	MP_CM012_Fire_Hose_Rack_1_INDEX_1	</identifier>
				<transform>
					<row0>	-1.0000 0.0000 0.0000 0.0000	</row0>
					<row1>	0.0000 1.0000 0.0000 0.0000	</row1>
					<row2>	0.0000 0.0000 -1.0000 0.0000	</row2>
					<row3>	0.1291 0.4092 0.6063 1.0000	</row3>
				</transform>
			</node>
			<node>
				<identifier>	MP_CM012_Fire_Hose_Rack_1_INDEX_2	</identifier>
				<transform>
					<row0>	0.5357 0.0000 -0.8444 0.0000	</row0>
					<row1>	0.0000 1.0000 0.0000 0.0000	</row1>
					<row2>	0.8444 0.0000 0.5357 0.0000	</row2>
					<row3>	-0.0637 0.4655 1.6641 1.0000	</row3>
				</transform>
			</node>
			<node>
				<identifier>	MP_CM029_Emergency_Box	</identifier>
				<transform>
					<row0>	0.0000 0.0000 1.0000 0.0000	</row0>
					<row1>	0.0000 1.0000 0.0000 0.0000	</row1>
					<row2>	-1.0000 0.0000 0.0000 0.0000	</row2>
					<row3>	0.1400 0.3998 -0.1564 1.0000	</row3>
				</transform>
			</node>
			<node>
				<identifier>	MP_CM029_Emergency_Box_INDEX_1	</identifier>
				<transform>
					<row0>	0.0000 0.0000 -1.0000 0.0000	</row0>
					<row1>	0.0000 1.0000 0.0000 0.0000	</row1>
					<row2>	1.0000 0.0000 0.0000 0.0000	</row2>
					<row3>	-0.1402 0.3998 -0.1192 1.0000	</row3>
				</transform>
			</node>
			<node>
				<identifier>	MP_CM029_Emergency_Box_INDEX_2	</identifier>
				<transform>
					<row0>	0.0000 0.0000 -1.0000 0.0000	</row0>
					<row1>	0.0000 1.0000 0.0000 0.0000	</row1>
					<row2>	1.0000 0.0000 0.0000 0.0000	</row2>
					<row3>	-0.1321 0.4056 0.8933 1.0000	</row3>
				</transform>
			</node>
			<node>
				<identifier>	MP_CM029_Emergency_Box_INDEX_3	</identifier>
				<transform>
					<row0>	0.0000 0.0000 1.0000 0.0000	</row0>
					<row1>	0.0000 1.0000 0.0000 0.0000	</row1>
					<row2>	-1.0000 0.0000 0.0000 0.0000	</row2>
					<row3>	0.1341 0.4056 0.8933 1.0000	</row3>
				</transform>
			</node>
			<node>
				<identifier>	MP_CM030_Swab_Rack_2	</identifier>
				<transform>
					<row0>	-0.6938 0.0000 0.7202 0.0000	</row0>
					<row1>	0.0000 1.0000 0.0000 0.0000	</row1>
					<row2>	-0.7202 0.0000 -0.6938 0.0000	</row2>
					<row3>	0.0659 0.3414 1.3919 1.0000	</row3>
				</transform>
			</node>
			<node>
				<identifier>	MP_CM030_Swab_Rack_2_INDEX_1	</identifier>
				<transform>
					<row0>	-0.6938 0.0000 -0.7202 0.0000	</row0>
					<row1>	0.0000 1.0000 0.0000 0.0000	</row1>
					<row2>	0.7202 0.0000 -0.6938 0.0000	</row2>
					<row3>	-0.0659 0.3414 1.3919 1.0000	</row3>
				</transform>
			</node>
			<node>
				<identifier>	MP_CM051_Fire_Fighting_Gear	</identifier>
				<transform>
					<row0>	-0.4972 0.0000 0.8676 0.0000	</row0>
					<row1>	0.0000 1.0000 0.0000 0.0000	</row1>
					<row2>	-0.8676 0.0000 -0.4972 0.0000	</row2>
					<row3>	-0.0549 0.4144 1.6694 1.0000	</row3>
				</transform>
			</node>
			<node>
				<identifier>	MP_CM051_Fire_Fighting_Gear_INDEX_1	</identifier>
				<transform>
					<row0>	1.0000 0.0000 0.0000 0.0000	</row0>
					<row1>	0.0000 1.0000 0.0000 0.0000	</row1>
					<row2>	0.0000 0.0000 1.0000 0.0000	</row2>
					<row3>	0.1288 0.3434 0.6028 1.0000	</row3>
				</transform>
			</node>
			<node>
				<identifier>	MP_CM051_Fire_Fighting_Gear_INDEX_2	</identifier>
				<transform>
					<row0>	-1.0000 0.0000 0.0000 0.0000	</row0>
					<row1>	0.0000 1.0000 0.0000 0.0000	</row1>
					<row2>	0.0000 0.0000 -1.0000 0.0000	</row2>
					<row3>	-0.1283 0.3386 0.6028 1.0000	</row3>
				</transform>
			</node>
			<node>
				<identifier>	MP_CM052_Fender	</identifier>
				<transform>
					<row0>	0.0000 0.0000 -0.7000 0.0000	</row0>
					<row1>	0.0000 0.7000 0.0000 0.0000	</row1>
					<row2>	0.7000 0.0000 0.0000 0.0000	</row2>
					<row3>	0.1534 0.3208 0.0723 1.0000	</row3>
				</transform>
			</node>
			<node>
				<identifier>	MP_CM052_Fender_INDEX_1	</identifier>
				<transform>
					<row0>	0.0000 0.0000 0.7000 0.0000	</row0>
					<row1>	0.0000 0.7000 0.0000 0.0000	</row1>
					<row2>	-0.7000 0.0000 0.0000 0.0000	</row2>
					<row3>	-0.1534 0.3208 0.0658 1.0000	</row3>
				</transform>
			</node>
			<node>
				<identifier>	MP_CM056_Ships_bell	</identifier>
				<transform>
					<row0>	0.5979 0.0000 0.0000 0.0000	</row0>
					<row1>	0.0000 0.5979 0.0000 0.0000	</row1>
					<row2>	0.0000 0.0000 0.5979 0.0000	</row2>
					<row3>	0.0000 0.4755 1.3465 1.0000	</row3>
				</transform>
			</node>
			<node>
				<identifier>	MP_CM059_Ladder_Cruiser	</identifier>
				<transform>
					<row0>	0.9992 -0.0397 0.0000 0.0000	</row0>
					<row1>	0.0397 0.9992 0.0042 0.0000	</row1>
					<row2>	0.0000 -0.0042 1.0000 0.0000	</row2>
					<row3>	0.3155 0.3118 -0.3031 1.0000	</row3>
				</transform>
			</node>
			<node>
				<identifier>	MP_CM059_Ladder_Cruiser_INDEX_1	</identifier>
				<transform>
					<row0>	0.9992 0.0397 0.0000 0.0000	</row0>
					<row1>	-0.0397 0.9992 0.0042 0.0000	</row1>
					<row2>	0.0000 -0.0042 1.0000 0.0000	</row2>
					<row3>	-0.3062 0.3125 -0.3031 1.0000	</row3>
				</transform>
			</node>
			<node>
				<identifier>	MP_CM060_Flag_Box	</identifier>
				<transform>
					<row0>	0.8217 -0.0331 0.0000 0.0000	</row0>
					<row1>	0.0331 0.8217 0.0000 0.0000	</row1>
					<row2>	0.0000 0.0000 0.8223 0.0000	</row2>
					<row3>	0.2859 0.6785 1.3831 1.0000	</row3>
				</transform>
			</node>
			<node>
				<identifier>	MP_CM060_Flag_Box_INDEX_1	</identifier>
				<transform>
					<row0>	0.8217 0.0331 0.0000 0.0000	</row0>
					<row1>	-0.0331 0.8217 0.0000 0.0000	</row1>
					<row2>	0.0000 0.0000 0.8223 0.0000	</row2>
					<row3>	-0.2859 0.6785 1.3831 1.0000	</row3>
				</transform>
			</node>
			<node>
				<identifier>	MP_CM082_Rope	</identifier>
				<transform>
					<row0>	-0.0061 0.0000 -1.0000 0.0000	</row0>
					<row1>	0.0000 1.0000 0.0000 0.0000	</row1>
					<row2>	1.0000 0.0000 -0.0061 0.0000	</row2>
					<row3>	-0.2882 0.7048 1.3616 1.0000	</row3>
				</transform>
			</node>
			<node>
				<identifier>	MP_CM082_Rope_INDEX_1	</identifier>
				<transform>
					<row0>	-0.0061 0.0000 1.0000 0.0000	</row0>
					<row1>	0.0000 1.0000 0.0000 0.0000	</row1>
					<row2>	-1.0000 0.0000 -0.0061 0.0000	</row2>
					<row3>	0.3113 0.7042 1.3628 1.0000	</row3>
				</transform>
			</node>
			<node>
				<identifier>	MP_CM082_Rope_INDEX_2	</identifier>
				<transform>
					<row0>	-0.0061 0.0000 -1.0000 0.0000	</row0>
					<row1>	0.0000 1.0000 0.0000 0.0000	</row1>
					<row2>	1.0000 0.0000 -0.0061 0.0000	</row2>
					<row3>	-0.2703 0.7050 1.3612 1.0000	</row3>
				</transform>
			</node>
			<node>
				<identifier>	MP_CM082_Rope_INDEX_3	</identifier>
				<transform>
					<row0>	0.0479 0.0000 0.9989 0.0000	</row0>
					<row1>	0.0000 1.0000 0.0000 0.0000	</row1>
					<row2>	-0.9989 0.0000 0.0479 0.0000	</row2>
					<row3>	0.2892 0.7062 1.3626 1.0000	</row3>
				</transform>
			</node>
			<node>
				<identifier>	MP_CM082_Rope_INDEX_4	</identifier>
				<transform>
					<row0>	-0.0061 0.0000 -1.0000 0.0000	</row0>
					<row1>	0.0000 1.0000 0.0000 0.0000	</row1>
					<row2>	1.0000 0.0000 -0.0061 0.0000	</row2>
					<row3>	-0.3095 0.7040 1.3614 1.0000	</row3>
				</transform>
			</node>
			<node>
				<identifier>	MP_CM082_Rope_INDEX_5	</identifier>
				<transform>
					<row0>	-0.0061 0.0000 -1.0000 0.0000	</row0>
					<row1>	0.0000 1.0000 0.0000 0.0000	</row1>
					<row2>	1.0000 0.0000 -0.0061 0.0000	</row2>
					<row3>	-0.2525 0.7064 1.3616 1.0000	</row3>
				</transform>
			</node>
			<node>
				<identifier>	MP_CM082_Rope_INDEX_6	</identifier>
				<transform>
					<row0>	-0.0061 0.0000 -1.0000 0.0000	</row0>
					<row1>	0.0000 1.0000 0.0000 0.0000	</row1>
					<row2>	1.0000 0.0000 -0.0061 0.0000	</row2>
					<row3>	-0.3265 0.7044 1.3622 1.0000	</row3>
				</transform>
			</node>
			<node>
				<identifier>	MP_CM082_Rope_INDEX_7	</identifier>
				<transform>
					<row0>	0.0659 0.0000 0.9978 0.0000	</row0>
					<row1>	0.0000 1.0000 0.0000 0.0000	</row1>
					<row2>	-0.9978 0.0000 0.0659 0.0000	</row2>
					<row3>	0.2705 0.7054 1.3626 1.0000	</row3>
				</transform>
			</node>
			<node>
				<identifier>	MP_CM082_Rope_INDEX_8	</identifier>
				<transform>
					<row0>	0.0432 0.0000 0.9991 0.0000	</row0>
					<row1>	0.0000 1.0000 0.0000 0.0000	</row1>
					<row2>	-0.9991 0.0000 0.0432 0.0000	</row2>
					<row3>	0.3274 0.7047 1.3616 1.0000	</row3>
				</transform>
			</node>
			<node>
				<identifier>	MP_CM082_Rope_INDEX_9	</identifier>
				<transform>
					<row0>	0.0617 0.0000 0.9981 0.0000	</row0>
					<row1>	0.0000 1.0000 0.0000 0.0000	</row1>
					<row2>	-0.9981 0.0000 0.0617 0.0000	</row2>
					<row3>	0.2525 0.7062 1.3632 1.0000	</row3>
				</transform>
			</node>
			<node>
				<identifier>	MP_CM126_Cleat	</identifier>
				<transform>
					<row0>	0.4371 -0.3227 0.0002 0.0000	</row0>
					<row1>	0.0018 0.0020 -0.5433 0.0000	</row1>
					<row2>	0.3227 0.4371 0.0027 0.0000	</row2>
					<row3>	-0.2793 0.4670 1.3716 1.0000	</row3>
				</transform>
			</node>
			<node>
				<identifier>	MP_CM126_Cleat_INDEX_1	</identifier>
				<transform>
					<row0>	0.9977 0.0000 0.0673 0.0000	</row0>
					<row1>	0.0673 -0.0237 -0.9974 0.0000	</row1>
					<row2>	0.0016 0.9997 -0.0237 0.0000	</row2>
					<row3>	0.4552 0.4412 0.2647 1.0000	</row3>
				</transform>
			</node>
			<node>
				<identifier>	MP_CM126_Cleat_INDEX_10	</identifier>
				<transform>
					<row0>	0.7889 -0.0189 -0.6143 0.0000	</row0>
					<row1>	-0.6145 -0.0144 -0.7888 0.0000	</row1>
					<row2>	0.0060 0.9997 -0.0229 0.0000	</row2>
					<row3>	0.4576 0.4412 -0.4280 1.0000	</row3>
				</transform>
			</node>
			<node>
				<identifier>	MP_CM126_Cleat_INDEX_11	</identifier>
				<transform>
					<row0>	-0.0826 0.0000 0.5370 0.0000	</row0>
					<row1>	0.5368 -0.0129 0.0826 0.0000	</row1>
					<row2>	0.0127 0.5432 0.0020 0.0000	</row2>
					<row3>	0.2913 0.5108 1.7081 1.0000	</row3>
				</transform>
			</node>
			<node>
				<identifier>	MP_CM126_Cleat_INDEX_12	</identifier>
				<transform>
					<row0>	0.4371 0.3227 -0.0002 0.0000	</row0>
					<row1>	-0.0018 0.0020 -0.5433 0.0000	</row1>
					<row2>	-0.3227 0.4371 0.0027 0.0000	</row2>
					<row3>	0.2929 0.4675 1.3716 1.0000	</row3>
				</transform>
			</node>
			<node>
				<identifier>	MP_CM126_Cleat_INDEX_13	</identifier>
				<transform>
					<row0>	-0.9622 0.0173 -0.2716 0.0000	</row0>
					<row1>	-0.2719 -0.0162 0.9622 0.0000	</row1>
					<row2>	0.0123 0.9997 0.0203 0.0000	</row2>
					<row3>	0.4595 0.4412 0.0525 1.0000	</row3>
				</transform>
			</node>
			<node>
				<identifier>	MP_CM126_Cleat_INDEX_14	</identifier>
				<transform>
					<row0>	0.9055 0.0000 -0.4244 0.0000	</row0>
					<row1>	-0.4243 -0.0237 -0.9052 0.0000	</row1>
					<row2>	-0.0101 0.9997 -0.0215 0.0000	</row2>
					<row3>	-0.0386 0.5628 -0.2115 1.0000	</row3>
				</transform>
			</node>
			<node>
				<identifier>	MP_CM126_Cleat_INDEX_2	</identifier>
				<transform>
					<row0>	0.4371 -0.3227 0.0002 0.0000	</row0>
					<row1>	0.0018 0.0020 -0.5433 0.0000	</row1>
					<row2>	0.3227 0.4371 0.0027 0.0000	</row2>
					<row3>	-0.2929 0.4675 1.3716 1.0000	</row3>
				</transform>
			</node>
			<node>
				<identifier>	MP_CM126_Cleat_INDEX_3	</identifier>
				<transform>
					<row0>	0.4371 0.3227 -0.0002 0.0000	</row0>
					<row1>	-0.0018 0.0020 -0.5433 0.0000	</row1>
					<row2>	-0.3227 0.4371 0.0027 0.0000	</row2>
					<row3>	0.2793 0.4670 1.3716 1.0000	</row3>
				</transform>
			</node>
			<node>
				<identifier>	MP_CM126_Cleat_INDEX_4	</identifier>
				<transform>
					<row0>	-0.8309 0.0000 -0.5564 0.0000	</row0>
					<row1>	-0.5563 -0.0237 0.8307 0.0000	</row1>
					<row2>	-0.0132 0.9997 0.0197 0.0000	</row2>
					<row3>	0.4309 0.4412 0.8110 1.0000	</row3>
				</transform>
			</node>
			<node>
				<identifier>	MP_CM126_Cleat_INDEX_5	</identifier>
				<transform>
					<row0>	-0.9181 0.0000 0.3963 0.0000	</row0>
					<row1>	0.3962 -0.0237 0.9179 0.0000	</row1>
					<row2>	0.0094 0.9997 0.0218 0.0000	</row2>
					<row3>	0.0354 0.5627 0.8449 1.0000	</row3>
				</transform>
			</node>
			<node>
				<identifier>	MP_CM126_Cleat_INDEX_6	</identifier>
				<transform>
					<row0>	0.9055 0.0000 0.4244 0.0000	</row0>
					<row1>	0.4243 -0.0237 -0.9052 0.0000	</row1>
					<row2>	0.0101 0.9997 -0.0215 0.0000	</row2>
					<row3>	0.0386 0.5628 -0.2115 1.0000	</row3>
				</transform>
			</node>
			<node>
				<identifier>	MP_CM126_Cleat_INDEX_7	</identifier>
				<transform>
					<row0>	-0.9898 0.0000 -0.1422 0.0000	</row0>
					<row1>	-0.1422 -0.0237 0.9896 0.0000	</row1>
					<row2>	-0.0034 0.9997 0.0235 0.0000	</row2>
					<row3>	-0.4621 0.4412 0.0525 1.0000	</row3>
				</transform>
			</node>
			<node>
				<identifier>	MP_CM126_Cleat_INDEX_8	</identifier>
				<transform>
					<row0>	0.8455 0.0000 0.5340 0.0000	</row0>
					<row1>	0.5338 -0.0237 -0.8453 0.0000	</row1>
					<row2>	0.0127 0.9997 -0.0201 0.0000	</row2>
					<row3>	-0.4568 0.4412 -0.4281 1.0000	</row3>
				</transform>
			</node>
			<node>
				<identifier>	MP_CM126_Cleat_INDEX_9	</identifier>
				<transform>
					<row0>	-0.9181 0.0000 -0.3963 0.0000	</row0>
					<row1>	-0.3962 -0.0237 0.9179 0.0000	</row1>
					<row2>	-0.0094 0.9997 0.0218 0.0000	</row2>
					<row3>	-0.0354 0.5628 0.8463 1.0000	</row3>
				</transform>
			</node>
			<node>
				<identifier>	MP_HM007_Lifebuoy	</identifier>
				<transform>
					<row0>	0.0000 0.0000 1.0000 0.0000	</row0>
					<row1>	0.0000 1.0000 0.0000 0.0000	</row1>
					<row2>	-1.0000 0.0000 0.0000 0.0000	</row2>
					<row3>	-0.3971 0.6946 1.3963 1.0000	</row3>
				</transform>
			</node>
			<node>
				<identifier>	MP_HM007_Lifebuoy_INDEX_1	</identifier>
				<transform>
					<row0>	0.0000 0.0000 -1.0000 0.0000	</row0>
					<row1>	0.0000 1.0000 0.0000 0.0000	</row1>
					<row2>	1.0000 0.0000 0.0000 0.0000	</row2>
					<row3>	0.3971 0.6946 1.3963 1.0000	</row3>
				</transform>
			</node>
			<node>
				<identifier>	MP_HM030_Helmets	</identifier>
				<transform>
					<row0>	-0.1143 0.0000 0.9934 0.0000	</row0>
					<row1>	0.0000 1.0000 0.0000 0.0000	</row1>
					<row2>	-0.9934 0.0000 -0.1143 0.0000	</row2>
					<row3>	0.2751 0.4482 1.6820 1.0000	</row3>
				</transform>
			</node>
			<node>
				<identifier>	MP_HM030_Helmets_INDEX_1	</identifier>
				<transform>
					<row0>	-0.0030 0.0000 -1.0000 0.0000	</row0>
					<row1>	0.0000 1.0000 0.0000 0.0000	</row1>
					<row2>	1.0000 0.0000 -0.0030 0.0000	</row2>
					<row3>	0.1294 0.3686 0.2549 1.0000	</row3>
				</transform>
			</node>
			<node>
				<identifier>	MP_HM030_Helmets_INDEX_2	</identifier>
				<transform>
					<row0>	-0.0030 0.0000 1.0000 0.0000	</row0>
					<row1>	0.0000 1.0000 0.0000 0.0000	</row1>
					<row2>	-1.0000 0.0000 -0.0030 0.0000	</row2>
					<row3>	-0.1298 0.3686 0.2549 1.0000	</row3>
				</transform>
			</node>
			<node>
				<identifier>	MP_HM042_75mm_kanon_conserve	</identifier>
				<transform>
					<row0>	1.0000 0.0000 0.0000 0.0000	</row0>
					<row1>	0.0000 1.0000 0.0000 0.0000	</row1>
					<row2>	0.0000 0.0000 1.0000 0.0000	</row2>
					<row3>	0.3598 0.3111 -0.1782 1.0000	</row3>
				</transform>
			</node>
			<node>
				<identifier>	MP_HM042_75mm_kanon_conserve_INDEX_1	</identifier>
				<transform>
					<row0>	1.0000 0.0000 0.0000 0.0000	</row0>
					<row1>	0.0000 1.0000 0.0000 0.0000	</row1>
					<row2>	0.0000 0.0000 1.0000 0.0000	</row2>
					<row3>	-0.3598 0.3111 -0.1782 1.0000	</row3>
				</transform>
			</node>
			<node>
				<identifier>	MP_HM512_Sloep_B2_29ft_9m	</identifier>
				<transform>
					<row0>	1.0000 0.0000 0.0000 0.0000	</row0>
					<row1>	0.0000 1.0000 0.0000 0.0000	</row1>
					<row2>	0.0000 0.0000 1.0000 0.0000	</row2>
					<row3>	-0.3086 0.4657 0.5331 1.0000	</row3>
				</transform>
			</node>
			<node>
				<identifier>	MP_HM512_Sloep_B2_29ft_9m_INDEX_1	</identifier>
				<transform>
					<row0>	1.0000 0.0000 0.0000 0.0000	</row0>
					<row1>	0.0000 1.0000 0.0000 0.0000	</row1>
					<row2>	0.0000 0.0000 1.0000 0.0000	</row2>
					<row3>	0.3149 0.4657 0.5331 1.0000	</row3>
				</transform>
			</node>
			<node>
				<identifier>	MP_HM524_Barkas_A2	</identifier>
				<transform>
					<row0>	1.0000 0.0000 0.0000 0.0000	</row0>
					<row1>	0.0000 1.0000 0.0000 0.0000	</row1>
					<row2>	0.0000 0.0000 1.0000 0.0000	</row2>
					<row3>	-0.3086 0.4833 -0.1577 1.0000	</row3>
				</transform>
			</node>
			<node>
				<identifier>	MP_HM524_Barkas_A2_INDEX_1	</identifier>
				<transform>
					<row0>	1.0000 0.0000 0.0000 0.0000	</row0>
					<row1>	0.0000 1.0000 0.0000 0.0000	</row1>
					<row2>	0.0000 0.0000 1.0000 0.0000	</row2>
					<row3>	0.3086 0.4833 -0.1577 1.0000	</row3>
				</transform>
			</node>
			<node>
				<identifier>	MP_HM605_Steering_wheel	</identifier>
				<transform>
					<row0>	1.0000 0.0000 0.0000 0.0000	</row0>
					<row1>	0.0000 1.0000 0.0000 0.0000	</row1>
					<row2>	0.0000 0.0000 1.0000 0.0000	</row2>
					<row3>	0.0000 0.6546 1.4734 1.0000	</row3>
				</transform>
			</node>
			<node>
				<identifier>	MP_HM607_Telegraph_double	</identifier>
				<transform>
					<row0>	-1.0000 0.0000 0.0000 0.0000	</row0>
					<row1>	0.0000 1.0000 0.0000 0.0000	</row1>
					<row2>	0.0000 0.0000 -1.0000 0.0000	</row2>
					<row3>	0.0656 0.6544 1.5121 1.0000	</row3>
				</transform>
			</node>
			<node>
				<identifier>	MP_HM612_Voice_Tube	</identifier>
				<transform>
					<row0>	0.0000 0.0000 -1.0000 0.0000	</row0>
					<row1>	0.0000 1.0000 0.0000 0.0000	</row1>
					<row2>	1.0000 0.0000 0.0000 0.0000	</row2>
					<row3>	0.1290 0.6545 1.5139 1.0000	</row3>
				</transform>
			</node>
			<node>
				<identifier>	MP_HM612_Voice_Tube_INDEX_1	</identifier>
				<transform>
					<row0>	0.0000 0.0000 -1.0000 0.0000	</row0>
					<row1>	0.0000 1.0000 0.0000 0.0000	</row1>
					<row2>	1.0000 0.0000 0.0000 0.0000	</row2>
					<row3>	-0.1402 0.3185 -0.2404 1.0000	</row3>
				</transform>
			</node>
			<node>
				<identifier>	MP_HM612_Voice_Tube_INDEX_10	</identifier>
				<transform>
					<row0>	-0.4326 0.0000 -0.9016 0.0000	</row0>
					<row1>	0.0000 1.0000 0.0000 0.0000	</row1>
					<row2>	0.9016 0.0000 -0.4326 0.0000	</row2>
					<row3>	-0.0312 0.4047 1.6861 1.0000	</row3>
				</transform>
			</node>
			<node>
				<identifier>	MP_HM612_Voice_Tube_INDEX_11	</identifier>
				<transform>
					<row0>	0.0000 0.0000 -1.0000 0.0000	</row0>
					<row1>	0.0000 1.0000 0.0000 0.0000	</row1>
					<row2>	1.0000 0.0000 0.0000 0.0000	</row2>
					<row3>	-0.1350 0.3268 0.7082 1.0000	</row3>
				</transform>
			</node>
			<node>
				<identifier>	MP_HM612_Voice_Tube_INDEX_12	</identifier>
				<transform>
					<row0>	0.0000 0.0000 1.0000 0.0000	</row0>
					<row1>	0.0000 1.0000 0.0000 0.0000	</row1>
					<row2>	-1.0000 0.0000 0.0000 0.0000	</row2>
					<row3>	0.1418 0.3185 -0.2404 1.0000	</row3>
				</transform>
			</node>
			<node>
				<identifier>	MP_HM612_Voice_Tube_INDEX_13	</identifier>
				<transform>
					<row0>	0.0000 0.0000 1.0000 0.0000	</row0>
					<row1>	0.0000 1.0000 0.0000 0.0000	</row1>
					<row2>	-1.0000 0.0000 0.0000 0.0000	</row2>
					<row3>	-0.1290 0.6545 1.5155 1.0000	</row3>
				</transform>
			</node>
			<node>
				<identifier>	MP_HM612_Voice_Tube_INDEX_14	</identifier>
				<transform>
					<row0>	-0.8582 0.0000 0.5134 0.0000	</row0>
					<row1>	0.0000 1.0000 0.0000 0.0000	</row1>
					<row2>	-0.5134 0.0000 -0.8582 0.0000	</row2>
					<row3>	0.0175 0.9806 1.2686 1.0000	</row3>
				</transform>
			</node>
			<node>
				<identifier>	MP_HM612_Voice_Tube_INDEX_15	</identifier>
				<transform>
					<row0>	-1.0000 0.0000 0.0000 0.0000	</row0>
					<row1>	0.0000 1.0000 0.0000 0.0000	</row1>
					<row2>	0.0000 0.0000 -1.0000 0.0000	</row2>
					<row3>	-0.1092 0.7988 1.4465 1.0000	</row3>
				</transform>
			</node>
			<node>
				<identifier>	MP_HM612_Voice_Tube_INDEX_16	</identifier>
				<transform>
					<row0>	0.9999 0.0000 0.0118 0.0000	</row0>
					<row1>	0.0000 1.0000 0.0000 0.0000	</row1>
					<row2>	-0.0118 0.0000 0.9999 0.0000	</row2>
					<row3>	0.2020 0.6514 1.4997 1.0000	</row3>
				</transform>
			</node>
			<node>
				<identifier>	MP_HM612_Voice_Tube_INDEX_2	</identifier>
				<transform>
					<row0>	-0.4299 0.0000 0.9029 0.0000	</row0>
					<row1>	0.0000 1.0000 0.0000 0.0000	</row1>
					<row2>	-0.9029 0.0000 -0.4299 0.0000	</row2>
					<row3>	-0.0386 1.6831 1.1956 1.0000	</row3>
				</transform>
			</node>
			<node>
				<identifier>	MP_HM612_Voice_Tube_INDEX_3	</identifier>
				<transform>
					<row0>	0.0000 0.0000 -1.0000 0.0000	</row0>
					<row1>	0.0000 1.0000 0.0000 0.0000	</row1>
					<row2>	1.0000 0.0000 0.0000 0.0000	</row2>
					<row3>	-0.1350 0.3268 0.6910 1.0000	</row3>
				</transform>
			</node>
			<node>
				<identifier>	MP_HM612_Voice_Tube_INDEX_4	</identifier>
				<transform>
					<row0>	0.0000 0.0000 1.0000 0.0000	</row0>
					<row1>	0.0000 1.0000 0.0000 0.0000	</row1>
					<row2>	-1.0000 0.0000 0.0000 0.0000	</row2>
					<row3>	0.1350 0.3268 0.7082 1.0000	</row3>
				</transform>
			</node>
			<node>
				<identifier>	MP_HM612_Voice_Tube_INDEX_5	</identifier>
				<transform>
					<row0>	0.0000 0.0000 -1.0000 0.0000	</row0>
					<row1>	0.0000 1.0000 0.0000 0.0000	</row1>
					<row2>	1.0000 0.0000 0.0000 0.0000	</row2>
					<row3>	-0.1410 0.3185 -0.2289 1.0000	</row3>
				</transform>
			</node>
			<node>
				<identifier>	MP_HM612_Voice_Tube_INDEX_6	</identifier>
				<transform>
					<row0>	-1.0000 0.0000 0.0000 0.0000	</row0>
					<row1>	0.0000 1.0000 0.0000 0.0000	</row1>
					<row2>	0.0000 0.0000 -1.0000 0.0000	</row2>
					<row3>	0.1092 0.7988 1.4465 1.0000	</row3>
				</transform>
			</node>
			<node>
				<identifier>	MP_HM612_Voice_Tube_INDEX_7	</identifier>
				<transform>
					<row0>	0.0000 0.0000 1.0000 0.0000	</row0>
					<row1>	0.0000 1.0000 0.0000 0.0000	</row1>
					<row2>	-1.0000 0.0000 0.0000 0.0000	</row2>
					<row3>	0.1350 0.3268 0.6910 1.0000	</row3>
				</transform>
			</node>
			<node>
				<identifier>	MP_HM612_Voice_Tube_INDEX_8	</identifier>
				<transform>
					<row0>	0.0000 0.0000 1.0000 0.0000	</row0>
					<row1>	0.0000 1.0000 0.0000 0.0000	</row1>
					<row2>	-1.0000 0.0000 0.0000 0.0000	</row2>
					<row3>	0.1435 0.3185 -0.2250 1.0000	</row3>
				</transform>
			</node>
			<node>
				<identifier>	MP_HM612_Voice_Tube_INDEX_9	</identifier>
				<transform>
					<row0>	0.9999 0.0000 0.0118 0.0000	</row0>
					<row1>	0.0000 1.0000 0.0000 0.0000	</row1>
					<row2>	-0.0118 0.0000 0.9999 0.0000	</row2>
					<row3>	0.2685 0.6492 1.4997 1.0000	</row3>
				</transform>
			</node>
			<node>
				<identifier>	MP_HM616_Compass	</identifier>
				<transform>
					<row0>	1.0000 0.0000 0.0000 0.0000	</row0>
					<row1>	0.0000 1.0000 0.0000 0.0000	</row1>
					<row2>	0.0000 0.0000 1.0000 0.0000	</row2>
					<row3>	0.0000 0.6532 1.5120 1.0000	</row3>
				</transform>
			</node>
			<node>
				<identifier>	MP_HM860_Searchlight_60cm	</identifier>
				<transform>
					<row0>	1.0000 0.0000 0.0000 0.0000	</row0>
					<row1>	0.0000 1.0000 0.0000 0.0000	</row1>
					<row2>	0.0000 0.0000 1.0000 0.0000	</row2>
					<row3>	0.0000 1.0116 1.3426 1.0000	</row3>
				</transform>
			</node>
		</node>
	</node>
	<boundingBox>
		<min>	-0.0667 -0.0667 -0.0667	</min>
		<max>	0.0667 0.0667 0.0667	</max>
	</boundingBox>
</HSC002_Gelderland_1939_MidFront_ports.visual>
