<BSB056_Devastation_1952_Bow_ports.visual>
	<node>
		<identifier>	Scene Root	</identifier>
		<transform>
			<row0>	1.0000 0.0000 0.0000 0.0000	</row0>
			<row1>	0.0000 1.0000 0.0000 0.0000	</row1>
			<row2>	0.0000 0.0000 1.0000 0.0000	</row2>
			<row3>	0.0000 0.0000 0.0000 1.0000	</row3>
		</transform>
		<node>
			<identifier>	Bow_ports	</identifier>
			<transform>
				<row0>	1.0000 0.0000 0.0000 0.0000	</row0>
				<row1>	0.0000 1.0000 0.0000 0.0000	</row1>
				<row2>	0.0000 0.0000 1.0000 0.0000	</row2>
				<row3>	0.0000 0.0000 0.0000 1.0000	</row3>
			</transform>
			<node>
				<identifier>	HP_BGA_1	</identifier>
				<transform>
					<row0>	0.7071 0.0000 0.7071 0.0000	</row0>
					<row1>	0.0000 1.0000 0.0000 0.0000	</row1>
					<row2>	-0.7071 0.0000 0.7071 0.0000	</row2>
					<row3>	-0.2080 0.5016 6.2530 1.0000	</row3>
				</transform>
			</node>
			<node>
				<identifier>	HP_BGA_2	</identifier>
				<transform>
					<row0>	0.7071 0.0000 -0.7071 0.0000	</row0>
					<row1>	0.0000 1.0000 0.0000 0.0000	</row1>
					<row2>	0.7071 0.0000 0.7071 0.0000	</row2>
					<row3>	0.2080 0.5016 6.2530 1.0000	</row3>
				</transform>
			</node>
			<node>
				<identifier>	HP_BGA_3	</identifier>
				<transform>
					<row0>	0.7071 0.0000 0.7071 0.0000	</row0>
					<row1>	0.0000 1.0000 0.0000 0.0000	</row1>
					<row2>	-0.7071 0.0000 0.7071 0.0000	</row2>
					<row3>	-0.5635 0.4761 5.7647 1.0000	</row3>
				</transform>
			</node>
			<node>
				<identifier>	HP_BGA_4	</identifier>
				<transform>
					<row0>	0.7071 0.0000 -0.7071 0.0000	</row0>
					<row1>	0.0000 1.0000 0.0000 0.0000	</row1>
					<row2>	0.7071 0.0000 0.7071 0.0000	</row2>
					<row3>	0.5635 0.4761 5.7647 1.0000	</row3>
				</transform>
			</node>
			<node>
				<identifier>	HP_FX_Fire_1	</identifier>
				<transform>
					<row0>	1.0000 0.0000 0.0000 0.0000	</row0>
					<row1>	0.0000 1.0000 0.0000 0.0000	</row1>
					<row2>	0.0000 0.0000 1.0000 0.0000	</row2>
					<row3>	0.0000 0.5209 7.0472 1.0000	</row3>
				</transform>
			</node>
			<node>
				<identifier>	HP_FX_WakeTrace	</identifier>
				<transform>
					<row0>	1.0000 0.0000 0.0000 0.0000	</row0>
					<row1>	0.0000 1.0000 0.0000 0.0000	</row1>
					<row2>	0.0000 0.0000 1.0000 0.0000	</row2>
					<row3>	0.0000 0.0000 9.7577 1.0000	</row3>
				</transform>
			</node>
			<node>
				<identifier>	HP_Ship_death_1	</identifier>
				<transform>
					<row0>	1.0000 0.0000 0.0000 0.0000	</row0>
					<row1>	0.0000 1.0000 0.0000 0.0000	</row1>
					<row2>	0.0000 0.0000 1.0000 0.0000	</row2>
					<row3>	0.0000 0.0000 5.3581 1.0000	</row3>
				</transform>
			</node>
			<node>
				<identifier>	MP_BM001_Paravane	</identifier>
				<transform>
					<row0>	1.0000 0.0000 0.0000 0.0000	</row0>
					<row1>	0.0000 0.9991 -0.0428 0.0000	</row1>
					<row2>	0.0000 0.0428 0.9991 0.0000	</row2>
					<row3>	0.0696 0.5206 5.9122 1.0000	</row3>
				</transform>
			</node>
			<node>
				<identifier>	MP_BM001_Paravane_INDEX_1	</identifier>
				<transform>
					<row0>	1.0000 0.0000 0.0000 0.0000	</row0>
					<row1>	0.0000 0.9991 -0.0428 0.0000	</row1>
					<row2>	0.0000 0.0428 0.9991 0.0000	</row2>
					<row3>	-0.0696 0.5197 5.9107 1.0000	</row3>
				</transform>
			</node>
			<node>
				<identifier>	MP_BM004_Reels	</identifier>
				<transform>
					<row0>	1.0000 0.0000 0.0000 0.0000	</row0>
					<row1>	0.0000 1.0000 0.0000 0.0000	</row1>
					<row2>	0.0000 0.0000 1.0000 0.0000	</row2>
					<row3>	0.1410 0.4761 5.7657 1.0000	</row3>
				</transform>
			</node>
			<node>
				<identifier>	MP_BM004_Reels_INDEX_1	</identifier>
				<transform>
					<row0>	0.7060 -0.0553 -0.7060 0.0000	</row0>
					<row1>	0.0391 0.9985 -0.0391 0.0000	</row1>
					<row2>	0.7071 0.0000 0.7071 0.0000	</row2>
					<row3>	0.7069 0.4833 6.1464 1.0000	</row3>
				</transform>
			</node>
			<node>
				<identifier>	MP_BM004_Reels_INDEX_2	</identifier>
				<transform>
					<row0>	1.0000 0.0000 0.0000 0.0000	</row0>
					<row1>	0.0000 1.0000 0.0000 0.0000	</row1>
					<row2>	0.0000 0.0000 1.0000 0.0000	</row2>
					<row3>	-0.1410 0.4761 5.7657 1.0000	</row3>
				</transform>
			</node>
			<node>
				<identifier>	MP_BM004_Reels_INDEX_3	</identifier>
				<transform>
					<row0>	0.7060 0.0553 0.7060 0.0000	</row0>
					<row1>	-0.0391 0.9985 -0.0391 0.0000	</row1>
					<row2>	-0.7071 0.0000 0.7071 0.0000	</row2>
					<row3>	-0.7069 0.4833 6.1464 1.0000	</row3>
				</transform>
			</node>
			<node>
				<identifier>	MP_BM021_Crown	</identifier>
				<transform>
					<row0>	1.0000 0.0000 0.0000 0.0000	</row0>
					<row1>	0.0000 1.0000 0.0000 0.0000	</row1>
					<row2>	0.0000 0.0000 1.0000 0.0000	</row2>
					<row3>	0.0150 1.1667 9.9820 1.0000	</row3>
				</transform>
			</node>
			<node>
				<identifier>	MP_BM100_Anchor_up	</identifier>
				<transform>
					<row0>	-0.4153 -0.7167 -0.5602 0.0000	</row0>
					<row1>	-0.1242 0.6548 -0.7456 0.0000	</row1>
					<row2>	0.9012 -0.2401 -0.3609 0.0000	</row2>
					<row3>	0.2227 0.4399 9.2427 1.0000	</row3>
				</transform>
			</node>
			<node>
				<identifier>	MP_BM100_Anchor_up_INDEX_1	</identifier>
				<transform>
					<row0>	-0.4153 0.7167 0.5602 0.0000	</row0>
					<row1>	0.1242 0.6548 -0.7456 0.0000	</row1>
					<row2>	-0.9012 -0.2401 -0.3609 0.0000	</row2>
					<row3>	-0.2227 0.4399 9.2427 1.0000	</row3>
				</transform>
			</node>
			<node>
				<identifier>	MP_BM100_Anchor_up_INDEX_2	</identifier>
				<transform>
					<row0>	-0.4865 -0.6449 -0.5894 0.0000	</row0>
					<row1>	-0.0039 0.6762 -0.7367 0.0000	</row1>
					<row2>	0.8737 -0.3561 -0.3315 0.0000	</row2>
					<row3>	0.2873 0.4166 8.9547 1.0000	</row3>
				</transform>
			</node>
			<node>
				<identifier>	MP_BM101_Anchor_bottom	</identifier>
				<transform>
					<row0>	-0.4569 -0.7884 -0.6163 0.0000	</row0>
					<row1>	0.6334 0.2966 -0.8490 0.0000	</row1>
					<row2>	0.7746 -0.7075 0.3308 0.0000	</row2>
					<row3>	0.2227 0.4399 9.2427 1.0000	</row3>
				</transform>
			</node>
			<node>
				<identifier>	MP_BM101_Anchor_bottom_INDEX_1	</identifier>
				<transform>
					<row0>	-0.4569 0.7884 0.6163 0.0000	</row0>
					<row1>	-0.6334 0.2966 -0.8490 0.0000	</row1>
					<row2>	-0.7746 -0.7075 0.3308 0.0000	</row2>
					<row3>	-0.2227 0.4399 9.2427 1.0000	</row3>
				</transform>
			</node>
			<node>
				<identifier>	MP_BM101_Anchor_bottom_INDEX_2	</identifier>
				<transform>
					<row0>	-0.5351 -0.7094 -0.6484 0.0000	</row0>
					<row1>	0.6125 0.3201 -0.8558 0.0000	</row1>
					<row2>	0.7406 -0.7773 0.2393 0.0000	</row2>
					<row3>	0.2873 0.4166 8.9547 1.0000	</row3>
				</transform>
			</node>
			<node>
				<identifier>	MP_BM610_Speaker_2	</identifier>
				<transform>
					<row0>	1.0000 0.0000 0.0000 0.0000	</row0>
					<row1>	0.0000 0.9149 0.4038 0.0000	</row1>
					<row2>	0.0000 -0.4038 0.9149 0.0000	</row2>
					<row3>	0.0000 0.6108 6.9229 1.0000	</row3>
				</transform>
			</node>
			<node>
				<identifier>	MP_BM704_Locker	</identifier>
				<transform>
					<row0>	0.3746 0.0173 0.9270 0.0000	</row0>
					<row1>	0.0178 0.9995 -0.0259 0.0000	</row1>
					<row2>	-0.9270 0.0262 0.3741 0.0000	</row2>
					<row3>	0.6929 0.4685 5.7086 1.0000	</row3>
				</transform>
			</node>
			<node>
				<identifier>	MP_BM704_Locker_INDEX_1	</identifier>
				<transform>
					<row0>	0.0083 0.0271 0.9996 0.0000	</row0>
					<row1>	0.0273 0.9993 -0.0273 0.0000	</row1>
					<row2>	-0.9996 0.0275 0.0076 0.0000	</row2>
					<row3>	0.7053 0.4701 5.7755 1.0000	</row3>
				</transform>
			</node>
			<node>
				<identifier>	MP_BM704_Locker_INDEX_10	</identifier>
				<transform>
					<row0>	0.0087 -0.0421 -0.9991 0.0000	</row0>
					<row1>	0.0035 0.9991 -0.0421 0.0000	</row1>
					<row2>	1.0000 -0.0031 0.0089 0.0000	</row2>
					<row3>	-0.3492 0.4993 6.2640 1.0000	</row3>
				</transform>
			</node>
			<node>
				<identifier>	MP_BM704_Locker_INDEX_11	</identifier>
				<transform>
					<row0>	-0.5388 -0.0435 -0.8413 0.0000	</row0>
					<row1>	-0.0007 0.9987 -0.0512 0.0000	</row1>
					<row2>	0.8424 -0.0270 -0.5381 0.0000	</row2>
					<row3>	-0.3232 0.5025 6.3381 1.0000	</row3>
				</transform>
			</node>
			<node>
				<identifier>	MP_BM704_Locker_INDEX_2	</identifier>
				<transform>
					<row0>	-0.5385 0.0523 0.8410 0.0000	</row0>
					<row1>	0.0306 0.9986 -0.0425 0.0000	</row1>
					<row2>	-0.8420 0.0028 -0.5394 0.0000	</row2>
					<row3>	0.6794 0.4735 5.8498 1.0000	</row3>
				</transform>
			</node>
			<node>
				<identifier>	MP_BM704_Locker_INDEX_3	</identifier>
				<transform>
					<row0>	0.3751 0.0397 0.9261 0.0000	</row0>
					<row1>	0.0012 0.9991 -0.0433 0.0000	</row1>
					<row2>	-0.9270 0.0173 0.3747 0.0000	</row2>
					<row3>	0.3367 0.4963 6.1970 1.0000	</row3>
				</transform>
			</node>
			<node>
				<identifier>	MP_BM704_Locker_INDEX_4	</identifier>
				<transform>
					<row0>	0.0087 0.0421 0.9991 0.0000	</row0>
					<row1>	-0.0035 0.9991 -0.0421 0.0000	</row1>
					<row2>	-1.0000 -0.0031 0.0089 0.0000	</row2>
					<row3>	0.3492 0.4993 6.2640 1.0000	</row3>
				</transform>
			</node>
			<node>
				<identifier>	MP_BM704_Locker_INDEX_5	</identifier>
				<transform>
					<row0>	-0.5388 0.0435 0.8413 0.0000	</row0>
					<row1>	0.0007 0.9987 -0.0512 0.0000	</row1>
					<row2>	-0.8424 -0.0270 -0.5381 0.0000	</row2>
					<row3>	0.3232 0.5025 6.3381 1.0000	</row3>
				</transform>
			</node>
			<node>
				<identifier>	MP_BM704_Locker_INDEX_6	</identifier>
				<transform>
					<row0>	0.3746 -0.0173 -0.9270 0.0000	</row0>
					<row1>	-0.0178 0.9995 -0.0259 0.0000	</row1>
					<row2>	0.9270 0.0262 0.3741 0.0000	</row2>
					<row3>	-0.6929 0.4685 5.7086 1.0000	</row3>
				</transform>
			</node>
			<node>
				<identifier>	MP_BM704_Locker_INDEX_7	</identifier>
				<transform>
					<row0>	0.0083 -0.0271 -0.9996 0.0000	</row0>
					<row1>	-0.0273 0.9993 -0.0273 0.0000	</row1>
					<row2>	0.9996 0.0275 0.0076 0.0000	</row2>
					<row3>	-0.7053 0.4701 5.7755 1.0000	</row3>
				</transform>
			</node>
			<node>
				<identifier>	MP_BM704_Locker_INDEX_8	</identifier>
				<transform>
					<row0>	-0.5385 -0.0523 -0.8410 0.0000	</row0>
					<row1>	-0.0306 0.9986 -0.0425 0.0000	</row1>
					<row2>	0.8420 0.0028 -0.5394 0.0000	</row2>
					<row3>	-0.6794 0.4735 5.8498 1.0000	</row3>
				</transform>
			</node>
			<node>
				<identifier>	MP_BM704_Locker_INDEX_9	</identifier>
				<transform>
					<row0>	0.3751 -0.0397 -0.9261 0.0000	</row0>
					<row1>	-0.0012 0.9991 -0.0433 0.0000	</row1>
					<row2>	0.9270 0.0173 0.3747 0.0000	</row2>
					<row3>	-0.3367 0.4963 6.1970 1.0000	</row3>
				</transform>
			</node>
			<node>
				<identifier>	MP_BM800_Ventilators_mushroom	</identifier>
				<transform>
					<row0>	-1.0000 0.0000 0.0000 0.0000	</row0>
					<row1>	0.0000 1.0000 0.0000 0.0000	</row1>
					<row2>	0.0000 0.0000 -1.0000 0.0000	</row2>
					<row3>	0.1593 0.4798 5.8675 1.0000	</row3>
				</transform>
			</node>
			<node>
				<identifier>	MP_BM800_Ventilators_mushroom_INDEX_1	</identifier>
				<transform>
					<row0>	-1.0000 0.0000 0.0000 0.0000	</row0>
					<row1>	0.0000 1.0000 0.0000 0.0000	</row1>
					<row2>	0.0000 0.0000 -1.0000 0.0000	</row2>
					<row3>	0.2417 0.4769 5.7835 1.0000	</row3>
				</transform>
			</node>
			<node>
				<identifier>	MP_BM800_Ventilators_mushroom_INDEX_2	</identifier>
				<transform>
					<row0>	-1.0000 0.0000 0.0000 0.0000	</row0>
					<row1>	0.0000 1.0000 0.0000 0.0000	</row1>
					<row2>	0.0000 0.0000 -1.0000 0.0000	</row2>
					<row3>	0.6279 0.4659 5.6255 1.0000	</row3>
				</transform>
			</node>
			<node>
				<identifier>	MP_BM800_Ventilators_mushroom_INDEX_3	</identifier>
				<transform>
					<row0>	-1.0000 0.0000 0.0000 0.0000	</row0>
					<row1>	0.0000 1.0000 0.0000 0.0000	</row1>
					<row2>	0.0000 0.0000 -1.0000 0.0000	</row2>
					<row3>	0.6482 0.4883 6.1998 1.0000	</row3>
				</transform>
			</node>
			<node>
				<identifier>	MP_BM800_Ventilators_mushroom_INDEX_4	</identifier>
				<transform>
					<row0>	-1.0000 0.0000 0.0000 0.0000	</row0>
					<row1>	0.0000 1.0000 0.0000 0.0000	</row1>
					<row2>	0.0000 0.0000 -1.0000 0.0000	</row2>
					<row3>	-0.1593 0.4798 5.8675 1.0000	</row3>
				</transform>
			</node>
			<node>
				<identifier>	MP_BM800_Ventilators_mushroom_INDEX_5	</identifier>
				<transform>
					<row0>	-1.0000 0.0000 0.0000 0.0000	</row0>
					<row1>	0.0000 1.0000 0.0000 0.0000	</row1>
					<row2>	0.0000 0.0000 -1.0000 0.0000	</row2>
					<row3>	-0.2417 0.4769 5.7835 1.0000	</row3>
				</transform>
			</node>
			<node>
				<identifier>	MP_BM800_Ventilators_mushroom_INDEX_6	</identifier>
				<transform>
					<row0>	-1.0000 0.0000 0.0000 0.0000	</row0>
					<row1>	0.0000 1.0000 0.0000 0.0000	</row1>
					<row2>	0.0000 0.0000 -1.0000 0.0000	</row2>
					<row3>	-0.6279 0.4659 5.6255 1.0000	</row3>
				</transform>
			</node>
			<node>
				<identifier>	MP_BM800_Ventilators_mushroom_INDEX_7	</identifier>
				<transform>
					<row0>	-1.0000 0.0000 0.0000 0.0000	</row0>
					<row1>	0.0000 1.0000 0.0000 0.0000	</row1>
					<row2>	0.0000 0.0000 -1.0000 0.0000	</row2>
					<row3>	-0.6490 0.4883 6.1994 1.0000	</row3>
				</transform>
			</node>
			<node>
				<identifier>	MP_BM862_Signal_Lamp	</identifier>
				<transform>
					<row0>	1.0000 0.0000 0.0000 0.0000	</row0>
					<row1>	0.0000 1.0000 0.0000 0.0000	</row1>
					<row2>	0.0000 0.0000 1.0000 0.0000	</row2>
					<row3>	0.0153 1.0604 9.9703 1.0000	</row3>
				</transform>
			</node>
			<node>
				<identifier>	MP_BM964_3ton_electrik_winch_R	</identifier>
				<transform>
					<row0>	-0.6780 -0.0204 -0.7348 0.0000	</row0>
					<row1>	0.0082 0.9993 -0.0352 0.0000	</row1>
					<row2>	0.7351 -0.0299 -0.6774 0.0000	</row2>
					<row3>	0.4083 0.4695 5.5717 1.0000	</row3>
				</transform>
			</node>
			<node>
				<identifier>	MP_BM965_3ton_electrik_winch_L	</identifier>
				<transform>
					<row0>	-0.6780 0.0204 0.7348 0.0000	</row0>
					<row1>	-0.0082 0.9993 -0.0352 0.0000	</row1>
					<row2>	-0.7351 -0.0299 -0.6774 0.0000	</row2>
					<row3>	-0.4083 0.4695 5.5717 1.0000	</row3>
				</transform>
			</node>
			<node>
				<identifier>	MP_CM011_Fire_Fighting_Gear	</identifier>
				<transform>
					<row0>	1.0000 0.0000 0.0000 0.0000	</row0>
					<row1>	0.0000 1.0000 0.0000 0.0000	</row1>
					<row2>	0.0000 0.0000 1.0000 0.0000	</row2>
					<row3>	0.1834 0.5092 6.4690 1.0000	</row3>
				</transform>
			</node>
			<node>
				<identifier>	MP_CM011_Fire_Fighting_Gear_INDEX_1	</identifier>
				<transform>
					<row0>	0.0000 0.0000 1.0000 0.0000	</row0>
					<row1>	0.0000 1.0000 0.0000 0.0000	</row1>
					<row2>	-1.0000 0.0000 0.0000 0.0000	</row2>
					<row3>	0.1982 0.5127 6.5674 1.0000	</row3>
				</transform>
			</node>
			<node>
				<identifier>	MP_CM011_Fire_Fighting_Gear_INDEX_2	</identifier>
				<transform>
					<row0>	0.0000 0.0000 -1.0000 0.0000	</row0>
					<row1>	0.0000 1.0000 0.0000 0.0000	</row1>
					<row2>	1.0000 0.0000 0.0000 0.0000	</row2>
					<row3>	-0.1982 0.5127 6.5674 1.0000	</row3>
				</transform>
			</node>
			<node>
				<identifier>	MP_CM011_Fire_Fighting_Gear_INDEX_3	</identifier>
				<transform>
					<row0>	1.0000 0.0000 0.0000 0.0000	</row0>
					<row1>	0.0000 1.0000 0.0000 0.0000	</row1>
					<row2>	0.0000 0.0000 1.0000 0.0000	</row2>
					<row3>	-0.1834 0.5092 6.4690 1.0000	</row3>
				</transform>
			</node>
			<node>
				<identifier>	MP_CM013_Fire_Hose_Rack_2	</identifier>
				<transform>
					<row0>	-0.9958 0.0000 -0.0917 0.0000	</row0>
					<row1>	0.0000 1.0000 0.0000 0.0000	</row1>
					<row2>	0.0917 0.0000 -0.9958 0.0000	</row2>
					<row3>	0.1917 0.5881 6.5226 1.0000	</row3>
				</transform>
			</node>
			<node>
				<identifier>	MP_CM013_Fire_Hose_Rack_2_INDEX_1	</identifier>
				<transform>
					<row0>	0.9958 0.0000 -0.0917 0.0000	</row0>
					<row1>	0.0000 1.0000 0.0000 0.0000	</row1>
					<row2>	0.0917 0.0000 0.9958 0.0000	</row2>
					<row3>	-0.1917 0.5881 6.5226 1.0000	</row3>
				</transform>
			</node>
			<node>
				<identifier>	MP_CM013_Fire_Hose_Rack_2_INDEX_2	</identifier>
				<transform>
					<row0>	0.6133 0.0000 0.7899 0.0000	</row0>
					<row1>	0.0000 1.0000 0.0000 0.0000	</row1>
					<row2>	-0.7899 0.0000 0.6133 0.0000	</row2>
					<row3>	-0.1686 0.5881 6.4748 1.0000	</row3>
				</transform>
			</node>
			<node>
				<identifier>	MP_CM013_Fire_Hose_Rack_2_INDEX_3	</identifier>
				<transform>
					<row0>	-0.6133 0.0000 0.7899 0.0000	</row0>
					<row1>	0.0000 1.0000 0.0000 0.0000	</row1>
					<row2>	-0.7899 0.0000 -0.6133 0.0000	</row2>
					<row3>	0.1686 0.5881 6.4748 1.0000	</row3>
				</transform>
			</node>
			<node>
				<identifier>	MP_CM104_Life_Buoy	</identifier>
				<transform>
					<row0>	-0.0973 0.0000 0.9953 0.0000	</row0>
					<row1>	0.0000 1.0000 0.0000 0.0000	</row1>
					<row2>	-0.9953 0.0000 -0.0973 0.0000	</row2>
					<row3>	0.9317 0.5268 5.5626 1.0000	</row3>
				</transform>
			</node>
			<node>
				<identifier>	MP_CM104_Life_Buoy_INDEX_1	</identifier>
				<transform>
					<row0>	-0.0973 0.0000 -0.9953 0.0000	</row0>
					<row1>	0.0000 1.0000 0.0000 0.0000	</row1>
					<row2>	0.9953 0.0000 -0.0973 0.0000	</row2>
					<row3>	-0.9317 0.5268 5.5626 1.0000	</row3>
				</transform>
			</node>
			<node>
				<identifier>	SP_YMS001_YHBM_M_1_INDEX_1	</identifier>
				<transform>
					<row0>	1.2160 0.0000 0.0000 0.0000	</row0>
					<row1>	0.0000 1.2160 0.0000 0.0000	</row1>
					<row2>	0.0000 0.0000 1.2160 0.0000	</row2>
					<row3>	0.0000 0.6796 9.9682 1.0000	</row3>
				</transform>
			</node>
			<node>
				<identifier>	SP_YMS002_YHBL_M_1	</identifier>
				<transform>
					<row0>	1.0853 0.0000 -0.1455 0.0000	</row0>
					<row1>	-0.0098 1.0925 -0.0729 0.0000	</row1>
					<row2>	0.1452 0.0735 1.0828 0.0000	</row2>
					<row3>	0.0000 0.6660 9.9911 1.0000	</row3>
				</transform>
			</node>
			<node>
				<identifier>	SP_YMS003_YHBR_M_1	</identifier>
				<transform>
					<row0>	1.0853 0.0000 0.1455 0.0000	</row0>
					<row1>	0.0098 1.0925 -0.0729 0.0000	</row1>
					<row2>	-0.1452 0.0735 1.0828 0.0000	</row2>
					<row3>	0.0000 0.6660 9.9911 1.0000	</row3>
				</transform>
			</node>
			<node>
				<identifier>	SP_YMS003_YHBR_M_1_INDEX_1	</identifier>
				<transform>
					<row0>	1.0853 0.0000 0.1455 0.0000	</row0>
					<row1>	0.0098 1.0925 -0.0729 0.0000	</row1>
					<row2>	-0.1452 0.0735 1.0828 0.0000	</row2>
					<row3>	0.0000 0.6660 9.9911 1.0000	</row3>
				</transform>
			</node>
			<node>
				<identifier>	SP_YMS004_YHXL_L_1	</identifier>
				<transform>
					<row0>	0.8125 0.5225 -0.2583 0.0000	</row0>
					<row1>	-0.5112 0.8517 0.1149 0.0000	</row1>
					<row2>	0.2801 0.0387 0.9592 0.0000	</row2>
					<row3>	-0.2419 0.4797 9.2464 1.0000	</row3>
				</transform>
			</node>
			<node>
				<identifier>	SP_YMS005_YHXR_L_1	</identifier>
				<transform>
					<row0>	0.8376 -0.4726 0.2603 0.0000	</row0>
					<row1>	0.4785 0.8728 0.0448 0.0000	</row1>
					<row2>	-0.2493 0.0873 0.9607 0.0000	</row2>
					<row3>	0.2506 0.4954 9.2655 1.0000	</row3>
				</transform>
			</node>
			<node>
				<identifier>	SP_YMS010_YHWM_L_1	</identifier>
				<transform>
					<row0>	1.0000 0.0000 0.0000 0.0000	</row0>
					<row1>	0.0000 1.0000 0.0000 0.0000	</row1>
					<row2>	0.0000 0.0000 1.0000 0.0000	</row2>
					<row3>	0.0000 0.0000 9.8565 1.0000	</row3>
				</transform>
			</node>
			<node>
				<identifier>	SP_YMS011_YHWL_M_1_INDEX_11	</identifier>
				<transform>
					<row0>	0.9667 0.1812 -0.1808 0.0000	</row0>
					<row1>	-0.1795 0.9834 0.0256 0.0000	</row1>
					<row2>	0.1825 0.0077 0.9832 0.0000	</row2>
					<row3>	-0.8198 0.0000 5.6886 1.0000	</row3>
				</transform>
			</node>
			<node>
				<identifier>	SP_YMS011_YHWL_M_1_INDEX_17	</identifier>
				<transform>
					<row0>	0.9707 0.1483 -0.1889 0.0000	</row0>
					<row1>	-0.1458 0.9889 0.0269 0.0000	</row1>
					<row2>	0.1908 0.0015 0.9816 0.0000	</row2>
					<row3>	-0.3460 0.0000 8.1953 1.0000	</row3>
				</transform>
			</node>
			<node>
				<identifier>	SP_YMS011_YHWL_M_1_INDEX_19	</identifier>
				<transform>
					<row0>	0.9684 0.1667 -0.1856 0.0000	</row0>
					<row1>	-0.1646 0.9860 0.0264 0.0000	</row1>
					<row2>	0.1874 0.0050 0.9823 0.0000	</row2>
					<row3>	-0.5072 0.0000 7.3602 1.0000	</row3>
				</transform>
			</node>
			<node>
				<identifier>	SP_YMS011_YHWL_M_1_INDEX_20	</identifier>
				<transform>
					<row0>	0.9667 0.1812 -0.1808 0.0000	</row0>
					<row1>	-0.1795 0.9834 0.0256 0.0000	</row1>
					<row2>	0.1825 0.0077 0.9832 0.0000	</row2>
					<row3>	-0.6654 0.0000 6.5240 1.0000	</row3>
				</transform>
			</node>
			<node>
				<identifier>	SP_YMS012_YHWR_M_1_INDEX_17	</identifier>
				<transform>
					<row0>	0.9667 -0.1812 0.1808 0.0000	</row0>
					<row1>	0.1795 0.9834 0.0256 0.0000	</row1>
					<row2>	-0.1825 0.0077 0.9832 0.0000	</row2>
					<row3>	0.8198 0.0000 5.6886 1.0000	</row3>
				</transform>
			</node>
			<node>
				<identifier>	SP_YMS012_YHWR_M_1_INDEX_4	</identifier>
				<transform>
					<row0>	0.9667 -0.1812 0.1808 0.0000	</row0>
					<row1>	0.1795 0.9834 0.0256 0.0000	</row1>
					<row2>	-0.1825 0.0077 0.9832 0.0000	</row2>
					<row3>	0.6654 0.0000 6.5240 1.0000	</row3>
				</transform>
			</node>
			<node>
				<identifier>	SP_YMS012_YHWR_M_1_INDEX_5	</identifier>
				<transform>
					<row0>	0.9707 -0.1483 0.1889 0.0000	</row0>
					<row1>	0.1458 0.9889 0.0269 0.0000	</row1>
					<row2>	-0.1908 0.0015 0.9816 0.0000	</row2>
					<row3>	0.3460 0.0000 8.1953 1.0000	</row3>
				</transform>
			</node>
			<node>
				<identifier>	SP_YMS012_YHWR_M_1_INDEX_9	</identifier>
				<transform>
					<row0>	0.9684 -0.1667 0.1856 0.0000	</row0>
					<row1>	0.1646 0.9860 0.0264 0.0000	</row1>
					<row2>	-0.1874 0.0050 0.9823 0.0000	</row2>
					<row3>	0.5072 0.0000 7.3602 1.0000	</row3>
				</transform>
			</node>
			<node>
				<identifier>	SP_YMS020_YHBU_M_1	</identifier>
				<transform>
					<row0>	1.8544 0.0000 0.0000 0.0000	</row0>
					<row1>	0.0000 1.8544 0.0000 0.0000	</row1>
					<row2>	0.0000 0.0000 1.8544 0.0000	</row2>
					<row3>	0.0000 0.0200 9.5024 1.0000	</row3>
				</transform>
			</node>
			<node>
				<identifier>	SP_YMS020_YHBU_M_1_INDEX_1	</identifier>
				<transform>
					<row0>	1.8544 0.0000 0.0000 0.0000	</row0>
					<row1>	0.0000 1.8544 0.0000 0.0000	</row1>
					<row2>	0.0000 0.0000 1.8544 0.0000	</row2>
					<row3>	0.0000 0.0000 9.5024 1.0000	</row3>
				</transform>
			</node>
			<node>
				<identifier>	SP_YMS022_YHUS_L_1_INDEX_3	</identifier>
				<transform>
					<row0>	-0.2899 -0.0134 1.7326 0.0000	</row0>
					<row1>	0.4947 1.6829 0.0958 0.0000	</row1>
					<row2>	-1.6605 0.5037 -0.2740 0.0000	</row2>
					<row3>	0.1818 -0.6264 7.8224 1.0000	</row3>
				</transform>
			</node>
			<node>
				<identifier>	SP_YMS022_YHUS_L_1_INDEX_4	</identifier>
				<transform>
					<row0>	-0.3038 0.0015 1.7207 0.0000	</row0>
					<row1>	0.4791 1.6783 0.0832 0.0000	</row1>
					<row2>	-1.6526 0.4862 -0.2922 0.0000	</row2>
					<row3>	0.4218 -0.6161 6.5592 1.0000	</row3>
				</transform>
			</node>
			<node>
				<identifier>	SP_YMS022_YHUS_L_1_INDEX_7	</identifier>
				<transform>
					<row0>	-0.3038 -0.0015 -1.7207 0.0000	</row0>
					<row1>	-0.4791 1.6783 0.0832 0.0000	</row1>
					<row2>	1.6526 0.4862 -0.2922 0.0000	</row2>
					<row3>	-0.4218 -0.6161 6.5592 1.0000	</row3>
				</transform>
			</node>
			<node>
				<identifier>	SP_YMS022_YHUS_L_1_INDEX_8	</identifier>
				<transform>
					<row0>	-0.2899 0.0134 -1.7326 0.0000	</row0>
					<row1>	-0.4947 1.6829 0.0958 0.0000	</row1>
					<row2>	1.6605 0.5037 -0.2740 0.0000	</row2>
					<row3>	-0.1818 -0.6264 7.8224 1.0000	</row3>
				</transform>
			</node>
			<node>
				<identifier>	SP_YMS051_YHDL_L_1_INDEX_1	</identifier>
				<transform>
					<row0>	0.9041 -0.0667 -0.1088 0.0000	</row0>
					<row1>	0.0661 0.9107 -0.0086 0.0000	</row1>
					<row2>	0.1091 0.0007 0.9066 0.0000	</row2>
					<row3>	-0.9367 0.4440 5.5514 1.0000	</row3>
				</transform>
			</node>
			<node>
				<identifier>	SP_YMS052_YHDR_L_1_INDEX_1	</identifier>
				<transform>
					<row0>	0.9902 0.0730 0.1191 0.0000	</row0>
					<row1>	-0.0724 0.9973 -0.0095 0.0000	</row1>
					<row2>	-0.1195 0.0007 0.9928 0.0000	</row2>
					<row3>	0.9367 0.4440 5.5514 1.0000	</row3>
				</transform>
			</node>
			<node>
				<identifier>	SP_YMS053_YHDC_S_1_INDEX_1	</identifier>
				<transform>
					<row0>	1.5000 0.0000 0.0000 0.0000	</row0>
					<row1>	0.0000 1.5000 0.0000 0.0000	</row1>
					<row2>	0.0000 0.0000 1.5000 0.0000	</row2>
					<row3>	0.0000 0.5583 7.2341 1.0000	</row3>
				</transform>
			</node>
			<node>
				<identifier>	SP_YMS053_YHDC_S_1_INDEX_4	</identifier>
				<transform>
					<row0>	1.5000 0.0000 0.0000 0.0000	</row0>
					<row1>	0.0000 1.5000 0.0000 0.0000	</row1>
					<row2>	0.0000 0.0000 1.5000 0.0000	</row2>
					<row3>	-0.3885 0.5583 6.8599 1.0000	</row3>
				</transform>
			</node>
			<node>
				<identifier>	SP_YMS053_YHDC_S_1_INDEX_6	</identifier>
				<transform>
					<row0>	1.5000 0.0000 0.0000 0.0000	</row0>
					<row1>	0.0000 1.5000 0.0000 0.0000	</row1>
					<row2>	0.0000 0.0000 1.5000 0.0000	</row2>
					<row3>	0.3885 0.5583 6.8599 1.0000	</row3>
				</transform>
			</node>
			<node>
				<identifier>	SP_YMS080_YHSL_M_1_INDEX_1	</identifier>
				<transform>
					<row0>	0.8643 0.4729 -0.1713 0.0000	</row0>
					<row1>	-0.4923 0.8651 -0.0957 0.0000	</row1>
					<row2>	0.1029 0.1671 0.9806 0.0000	</row2>
					<row3>	-0.3996 0.3185 8.2477 1.0000	</row3>
				</transform>
			</node>
			<node>
				<identifier>	SP_YMS080_YHSL_M_1_INDEX_2	</identifier>
				<transform>
					<row0>	0.8534 0.4926 -0.1704 0.0000	</row0>
					<row1>	-0.5149 0.8476 -0.1285 0.0000	</row1>
					<row2>	0.0812 0.1974 0.9770 0.0000	</row2>
					<row3>	-0.5972 0.3337 7.3304 1.0000	</row3>
				</transform>
			</node>
			<node>
				<identifier>	SP_YMS081_YHSR_M_1_INDEX_1	</identifier>
				<transform>
					<row0>	0.8643 -0.4729 0.1713 0.0000	</row0>
					<row1>	0.4923 0.8651 -0.0957 0.0000	</row1>
					<row2>	-0.1029 0.1671 0.9806 0.0000	</row2>
					<row3>	0.3996 0.3185 8.2477 1.0000	</row3>
				</transform>
			</node>
			<node>
				<identifier>	SP_YMS081_YHSR_M_1_INDEX_2	</identifier>
				<transform>
					<row0>	0.8534 -0.4926 0.1704 0.0000	</row0>
					<row1>	0.5149 0.8476 -0.1285 0.0000	</row1>
					<row2>	-0.0812 0.1974 0.9770 0.0000	</row2>
					<row3>	0.5972 0.3337 7.3304 1.0000	</row3>
				</transform>
			</node>
			<node>
				<identifier>	SP_YMS084_YHSC_L_2_INDEX_1	</identifier>
				<transform>
					<row0>	-0.1933 -0.0444 -1.1334 0.0000	</row0>
					<row1>	-0.4917 1.0394 0.0432 0.0000	</row1>
					<row2>	1.0221 0.4916 -0.1936 0.0000	</row2>
					<row3>	-0.8095 0.4518 6.4533 1.0000	</row3>
				</transform>
			</node>
			<node>
				<identifier>	SP_YMS084_YHSC_L_2_INDEX_4	</identifier>
				<transform>
					<row0>	-0.1933 0.0444 1.1334 0.0000	</row0>
					<row1>	0.4917 1.0394 0.0432 0.0000	</row1>
					<row2>	-1.0221 0.4916 -0.1936 0.0000	</row2>
					<row3>	0.8095 0.4518 6.4533 1.0000	</row3>
				</transform>
			</node>
		</node>
	</node>
	<boundingBox>
		<min>	-0.0667 -0.0667 -0.0667	</min>
		<max>	0.0667 0.0667 0.0667	</max>
	</boundingBox>
</BSB056_Devastation_1952_Bow_ports.visual>
