<JSB037_Ashitaka_1926_Bow_ports.visual>
	<node>
		<identifier>	Scene Root	</identifier>
		<transform>
			<row0>	1.0000 0.0000 0.0000 0.0000	</row0>
			<row1>	0.0000 1.0000 0.0000 0.0000	</row1>
			<row2>	0.0000 0.0000 1.0000 0.0000	</row2>
			<row3>	0.0000 0.0000 0.0000 1.0000	</row3>
		</transform>
		<node>
			<identifier>	Bow_ports	</identifier>
			<transform>
				<row0>	1.0000 0.0000 0.0000 0.0000	</row0>
				<row1>	0.0000 1.0000 0.0000 0.0000	</row1>
				<row2>	0.0000 0.0000 1.0000 0.0000	</row2>
				<row3>	0.0000 0.0000 0.0000 1.0000	</row3>
			</transform>
			<node>
				<identifier>	HP_FX_Death_1	</identifier>
				<transform>
					<row0>	1.0000 0.0000 0.0000 0.0000	</row0>
					<row1>	0.0000 1.0000 0.0000 0.0000	</row1>
					<row2>	0.0000 0.0000 1.0000 0.0000	</row2>
					<row3>	0.0000 0.0000 6.2588 1.0000	</row3>
				</transform>
			</node>
			<node>
				<identifier>	HP_FX_Fire_1	</identifier>
				<transform>
					<row0>	1.0000 0.0000 0.0000 0.0000	</row0>
					<row1>	0.0000 1.0000 0.0000 0.0000	</row1>
					<row2>	0.0000 0.0000 1.0000 0.0000	</row2>
					<row3>	0.0000 0.5146 7.0947 1.0000	</row3>
				</transform>
			</node>
			<node>
				<identifier>	HP_FX_WakeTrace	</identifier>
				<transform>
					<row0>	1.0000 0.0000 0.0000 0.0000	</row0>
					<row1>	0.0000 1.0000 0.0000 0.0000	</row1>
					<row2>	0.0000 0.0000 1.0000 0.0000	</row2>
					<row3>	0.0000 0.0000 8.2229 1.0000	</row3>
				</transform>
			</node>
			<node>
				<identifier>	HP_Ship_death_1	</identifier>
				<transform>
					<row0>	1.0000 0.0000 0.0000 0.0000	</row0>
					<row1>	0.0000 1.0000 0.0000 0.0000	</row1>
					<row2>	0.0000 0.0000 1.0000 0.0000	</row2>
					<row3>	0.0000 0.0000 6.1626 1.0000	</row3>
				</transform>
			</node>
			<node>
				<identifier>	MP_CM086_Anchor_top	</identifier>
				<transform>
					<row0>	-1.7846 0.7653 -0.1691 0.0000	</row0>
					<row1>	-0.2271 -0.1025 1.9331 0.0000	</row1>
					<row2>	0.7501 1.7896 0.1830 0.0000	</row2>
					<row3>	0.2979 0.4928 7.0458 1.0000	</row3>
				</transform>
			</node>
			<node>
				<identifier>	MP_CM086_Anchor_top_INDEX_1	</identifier>
				<transform>
					<row0>	-1.2036 1.5128 0.2487 0.0000	</row0>
					<row1>	0.5734 0.7375 -1.7106 0.0000	</row1>
					<row2>	-1.4218 -0.9832 -0.9004 0.0000	</row2>
					<row3>	-0.2002 0.4418 7.9944 1.0000	</row3>
				</transform>
			</node>
			<node>
				<identifier>	MP_CM086_Anchor_top_INDEX_2	</identifier>
				<transform>
					<row0>	-1.2036 -1.5128 -0.2487 0.0000	</row0>
					<row1>	-0.5734 0.7375 -1.7106 0.0000	</row1>
					<row2>	1.4218 -0.9832 -0.9004 0.0000	</row2>
					<row3>	0.2002 0.4418 7.9944 1.0000	</row3>
				</transform>
			</node>
			<node>
				<identifier>	MP_CM087_Anchor_down	</identifier>
				<transform>
					<row0>	-1.1814 1.5314 0.2410 0.0000	</row0>
					<row1>	0.0378 0.3313 -1.9204 0.0000	</row1>
					<row2>	-1.5498 -1.1593 -0.2305 0.0000	</row2>
					<row3>	-0.2027 0.4384 8.0013 1.0000	</row3>
				</transform>
			</node>
			<node>
				<identifier>	MP_CM087_Anchor_down_INDEX_1	</identifier>
				<transform>
					<row0>	-1.1814 -1.5314 -0.2410 0.0000	</row0>
					<row1>	-0.0378 0.3313 -1.9204 0.0000	</row1>
					<row2>	1.5498 -1.1593 -0.2305 0.0000	</row2>
					<row3>	0.2027 0.4384 8.0013 1.0000	</row3>
				</transform>
			</node>
			<node>
				<identifier>	MP_CM087_Anchor_down_INDEX_2	</identifier>
				<transform>
					<row0>	-1.7846 0.7653 -0.1691 0.0000	</row0>
					<row1>	-0.2234 -0.0935 1.9340 0.0000	</row1>
					<row2>	0.7513 1.7901 0.1733 0.0000	</row2>
					<row3>	0.2979 0.4928 7.0458 1.0000	</row3>
				</transform>
			</node>
			<node>
				<identifier>	MP_JM018_Ventilators_2	</identifier>
				<transform>
					<row0>	0.9990 0.0000 0.0443 0.0000	</row0>
					<row1>	0.0000 1.0000 0.0000 0.0000	</row1>
					<row2>	-0.0443 0.0000 0.9990 0.0000	</row2>
					<row3>	-0.2979 0.4958 7.0601 1.0000	</row3>
				</transform>
			</node>
			<node>
				<identifier>	MP_JM022_Ventilators_6	</identifier>
				<transform>
					<row0>	0.6560 0.0000 0.0000 0.0000	</row0>
					<row1>	0.0000 0.6560 0.0000 0.0000	</row1>
					<row2>	0.0000 0.0000 0.6560 0.0000	</row2>
					<row3>	0.0172 0.4898 6.8208 1.0000	</row3>
				</transform>
			</node>
			<node>
				<identifier>	MP_JM023_Ventilators_7	</identifier>
				<transform>
					<row0>	1.0000 0.0000 0.0000 0.0000	</row0>
					<row1>	0.0000 1.0000 0.0000 0.0000	</row1>
					<row2>	0.0000 0.0000 1.0000 0.0000	</row2>
					<row3>	0.0447 0.5078 7.4362 1.0000	</row3>
				</transform>
			</node>
			<node>
				<identifier>	MP_JM023_Ventilators_7_INDEX_1	</identifier>
				<transform>
					<row0>	1.0000 0.0000 0.0000 0.0000	</row0>
					<row1>	0.0000 1.0000 0.0000 0.0000	</row1>
					<row2>	0.0000 0.0000 1.0000 0.0000	</row2>
					<row3>	-0.3049 0.4757 6.3897 1.0000	</row3>
				</transform>
			</node>
			<node>
				<identifier>	MP_JM023_Ventilators_7_INDEX_2	</identifier>
				<transform>
					<row0>	1.0000 0.0000 0.0000 0.0000	</row0>
					<row1>	0.0000 1.0000 0.0000 0.0000	</row1>
					<row2>	0.0000 0.0000 1.0000 0.0000	</row2>
					<row3>	-0.0447 0.5078 7.4362 1.0000	</row3>
				</transform>
			</node>
			<node>
				<identifier>	MP_JM026_Bollards	</identifier>
				<transform>
					<row0>	0.1573 -0.0277 -0.9872 0.0000	</row0>
					<row1>	0.0000 0.9996 -0.0280 0.0000	</row1>
					<row2>	0.9876 0.0044 0.1572 0.0000	</row2>
					<row3>	0.3929 0.4914 6.7686 1.0000	</row3>
				</transform>
			</node>
			<node>
				<identifier>	MP_JM026_Bollards_INDEX_1	</identifier>
				<transform>
					<row0>	0.1573 0.0277 0.9872 0.0000	</row0>
					<row1>	0.0000 0.9996 -0.0280 0.0000	</row1>
					<row2>	-0.9876 0.0044 0.1572 0.0000	</row2>
					<row3>	-0.3929 0.4914 6.7686 1.0000	</row3>
				</transform>
			</node>
			<node>
				<identifier>	MP_JM026_Bollards_INDEX_2	</identifier>
				<transform>
					<row0>	0.0000 0.0383 0.9993 0.0000	</row0>
					<row1>	0.0000 0.9993 -0.0383 0.0000	</row1>
					<row2>	-1.0000 0.0000 0.0000 0.0000	</row2>
					<row3>	0.0000 0.5185 7.6227 1.0000	</row3>
				</transform>
			</node>
			<node>
				<identifier>	MP_JM027_Fairlead_2	</identifier>
				<transform>
					<row0>	0.9912 0.0000 0.1323 0.0000	</row0>
					<row1>	0.0000 1.0000 0.0000 0.0000	</row1>
					<row2>	-0.1323 0.0000 0.9912 0.0000	</row2>
					<row3>	0.5262 0.4855 6.1506 1.0000	</row3>
				</transform>
			</node>
			<node>
				<identifier>	MP_JM027_Fairlead_2_INDEX_1	</identifier>
				<transform>
					<row0>	0.9912 0.0000 -0.1323 0.0000	</row0>
					<row1>	0.0000 1.0000 0.0000 0.0000	</row1>
					<row2>	0.1323 0.0000 0.9912 0.0000	</row2>
					<row3>	-0.5262 0.4854 6.1506 1.0000	</row3>
				</transform>
			</node>
			<node>
				<identifier>	MP_JM029_Leadsman_Platform	</identifier>
				<transform>
					<row0>	0.9826 0.0662 0.1737 0.0000	</row0>
					<row1>	-0.0586 0.9971 -0.0483 0.0000	</row1>
					<row2>	-0.1764 0.0373 0.9836 0.0000	</row2>
					<row3>	0.3109 0.5200 7.6123 1.0000	</row3>
				</transform>
			</node>
			<node>
				<identifier>	MP_JM029_Leadsman_Platform_INDEX_1	</identifier>
				<transform>
					<row0>	0.9699 0.0717 0.2327 0.0000	</row0>
					<row1>	-0.0607 0.9967 -0.0543 0.0000	</row1>
					<row2>	-0.2358 0.0385 0.9710 0.0000	</row2>
					<row3>	0.1917 0.5403 8.1375 1.0000	</row3>
				</transform>
			</node>
			<node>
				<identifier>	MP_JM029_Leadsman_Platform_INDEX_2	</identifier>
				<transform>
					<row0>	-0.9699 0.0717 0.2327 0.0000	</row0>
					<row1>	0.0607 0.9967 -0.0543 0.0000	</row1>
					<row2>	-0.2358 -0.0385 -0.9710 0.0000	</row2>
					<row3>	-0.1917 0.5403 8.1376 1.0000	</row3>
				</transform>
			</node>
			<node>
				<identifier>	MP_JM029_Leadsman_Platform_INDEX_3	</identifier>
				<transform>
					<row0>	-0.9826 0.0662 0.1737 0.0000	</row0>
					<row1>	0.0586 0.9971 -0.0483 0.0000	</row1>
					<row2>	-0.1764 -0.0373 -0.9836 0.0000	</row2>
					<row3>	-0.3109 0.5200 7.6123 1.0000	</row3>
				</transform>
			</node>
			<node>
				<identifier>	MP_JM061_Deck_Hatch_10	</identifier>
				<transform>
					<row0>	0.0000 0.0000 1.0000 0.0000	</row0>
					<row1>	0.0000 1.0000 0.0000 0.0000	</row1>
					<row2>	-1.0000 0.0000 0.0000 0.0000	</row2>
					<row3>	0.0000 0.4951 7.0150 1.0000	</row3>
				</transform>
			</node>
			<node>
				<identifier>	MP_JM088_Crane_Small_2	</identifier>
				<transform>
					<row0>	0.1168 0.0000 -0.9932 0.0000	</row0>
					<row1>	0.0000 1.0000 0.0000 0.0000	</row1>
					<row2>	0.9932 0.0000 0.1168 0.0000	</row2>
					<row3>	0.3241 0.5098 7.3564 1.0000	</row3>
				</transform>
			</node>
			<node>
				<identifier>	MP_JM141_Break_Handwheel_1	</identifier>
				<transform>
					<row0>	1.0000 0.0000 0.0000 0.0000	</row0>
					<row1>	0.0000 1.0000 0.0000 0.0000	</row1>
					<row2>	0.0000 0.0000 1.0000 0.0000	</row2>
					<row3>	0.1812 0.4881 6.0581 1.0000	</row3>
				</transform>
			</node>
			<node>
				<identifier>	MP_JM141_Break_Handwheel_1_INDEX_1	</identifier>
				<transform>
					<row0>	1.0000 0.0000 0.0000 0.0000	</row0>
					<row1>	0.0000 1.0000 0.0000 0.0000	</row1>
					<row2>	0.0000 0.0000 1.0000 0.0000	</row2>
					<row3>	-0.1812 0.4881 6.0581 1.0000	</row3>
				</transform>
			</node>
			<node>
				<identifier>	MP_JM284_Anchor_Capstan	</identifier>
				<transform>
					<row0>	1.0000 0.0000 0.0000 0.0000	</row0>
					<row1>	0.0000 1.0000 0.0000 0.0000	</row1>
					<row2>	0.0000 0.0000 1.0000 0.0000	</row2>
					<row3>	0.1714 0.5016 6.1828 1.0000	</row3>
				</transform>
			</node>
			<node>
				<identifier>	MP_JM284_Anchor_Capstan_INDEX_1	</identifier>
				<transform>
					<row0>	1.0000 0.0000 0.0000 0.0000	</row0>
					<row1>	0.0000 1.0000 0.0000 0.0000	</row1>
					<row2>	0.0000 0.0000 1.0000 0.0000	</row2>
					<row3>	-0.1714 0.5016 6.1828 1.0000	</row3>
				</transform>
			</node>
			<node>
				<identifier>	MP_JM286_Anchor_Capstan_big	</identifier>
				<transform>
					<row0>	1.0000 0.0000 0.0000 0.0000	</row0>
					<row1>	0.0000 1.0000 0.0000 0.0000	</row1>
					<row2>	0.0000 0.0000 1.0000 0.0000	</row2>
					<row3>	0.0000 0.4835 6.6290 1.0000	</row3>
				</transform>
			</node>
			<node>
				<identifier>	MP_JM295_Fairled	</identifier>
				<transform>
					<row0>	1.0580 0.0000 0.2765 0.0000	</row0>
					<row1>	0.0000 1.0935 0.0000 0.0000	</row1>
					<row2>	-0.2765 0.0000 1.0580 0.0000	</row2>
					<row3>	0.1118 0.4766 6.3068 1.0000	</row3>
				</transform>
			</node>
			<node>
				<identifier>	MP_JM295_Fairled_INDEX_1	</identifier>
				<transform>
					<row0>	1.0580 0.0000 -0.2765 0.0000	</row0>
					<row1>	0.0000 1.0935 0.0000 0.0000	</row1>
					<row2>	0.2765 0.0000 1.0580 0.0000	</row2>
					<row3>	-0.1118 0.4766 6.3068 1.0000	</row3>
				</transform>
			</node>
			<node>
				<identifier>	MP_JM306_Chrysanthemum_mid	</identifier>
				<transform>
					<row0>	1.0000 0.0000 0.0000 0.0000	</row0>
					<row1>	0.0000 1.0000 0.0000 0.0000	</row1>
					<row2>	0.0000 0.0000 1.0000 0.0000	</row2>
					<row3>	0.0000 0.5479 8.4158 1.0000	</row3>
				</transform>
			</node>
			<node>
				<identifier>	MP_JM307_Chrysanthemum_petal_1	</identifier>
				<transform>
					<row0>	0.6970 0.7076 0.1158 0.0000	</row0>
					<row1>	-0.7065 0.7053 -0.0572 0.0000	</row1>
					<row2>	-0.1222 -0.0420 0.9916 0.0000	</row2>
					<row3>	0.0000 0.5479 8.4137 1.0000	</row3>
				</transform>
			</node>
			<node>
				<identifier>	MP_JM307_Chrysanthemum_petal_1_INDEX_1	</identifier>
				<transform>
					<row0>	1.0000 0.0000 0.0000 0.0000	</row0>
					<row1>	0.0000 1.0000 0.0000 0.0000	</row1>
					<row2>	0.0000 0.0000 1.0000 0.0000	</row2>
					<row3>	0.0000 0.5479 8.4137 1.0000	</row3>
				</transform>
			</node>
			<node>
				<identifier>	MP_JM307_Chrysanthemum_petal_1_INDEX_10	</identifier>
				<transform>
					<row0>	0.3768 0.9240 0.0651 0.0000	</row0>
					<row1>	-0.9194 0.3816 -0.0957 0.0000	</row1>
					<row2>	-0.1133 -0.0238 0.9933 0.0000	</row2>
					<row3>	0.0000 0.5479 8.4137 1.0000	</row3>
				</transform>
			</node>
			<node>
				<identifier>	MP_JM307_Chrysanthemum_petal_1_INDEX_11	</identifier>
				<transform>
					<row0>	-0.3812 -0.9240 0.0300 0.0000	</row0>
					<row1>	0.9183 -0.3822 -0.1026 0.0000	</row1>
					<row2>	0.1063 -0.0116 0.9943 0.0000	</row2>
					<row3>	0.0000 0.5479 8.4137 1.0000	</row3>
				</transform>
			</node>
			<node>
				<identifier>	MP_JM307_Chrysanthemum_petal_1_INDEX_12	</identifier>
				<transform>
					<row0>	0.9199 0.3843 0.0778 0.0000	</row0>
					<row1>	-0.3842 0.9231 -0.0160 0.0000	</row1>
					<row2>	-0.0779 -0.0152 0.9968 0.0000	</row2>
					<row3>	0.0000 0.5479 8.4137 1.0000	</row3>
				</transform>
			</node>
			<node>
				<identifier>	MP_JM307_Chrysanthemum_petal_1_INDEX_13	</identifier>
				<transform>
					<row0>	0.9199 -0.3843 -0.0778 0.0000	</row0>
					<row1>	0.3842 0.9231 -0.0160 0.0000	</row1>
					<row2>	0.0779 -0.0152 0.9968 0.0000	</row2>
					<row3>	0.0000 0.5479 8.4137 1.0000	</row3>
				</transform>
			</node>
			<node>
				<identifier>	MP_JM307_Chrysanthemum_petal_1_INDEX_14	</identifier>
				<transform>
					<row0>	-0.3812 0.9240 -0.0300 0.0000	</row0>
					<row1>	-0.9183 -0.3822 -0.1026 0.0000	</row1>
					<row2>	-0.1063 -0.0116 0.9943 0.0000	</row2>
					<row3>	0.0000 0.5479 8.4137 1.0000	</row3>
				</transform>
			</node>
			<node>
				<identifier>	MP_JM307_Chrysanthemum_petal_1_INDEX_15	</identifier>
				<transform>
					<row0>	-0.9156 -0.3840 0.1194 0.0000	</row0>
					<row1>	0.3821 -0.9233 -0.0388 0.0000	</row1>
					<row2>	0.1251 0.0101 0.9921 0.0000	</row2>
					<row3>	0.0000 0.5479 8.4137 1.0000	</row3>
				</transform>
			</node>
			<node>
				<identifier>	MP_JM307_Chrysanthemum_petal_1_INDEX_2	</identifier>
				<transform>
					<row0>	-0.9156 0.3840 -0.1194 0.0000	</row0>
					<row1>	-0.3821 -0.9233 -0.0388 0.0000	</row1>
					<row2>	-0.1251 0.0101 0.9921 0.0000	</row2>
					<row3>	0.0000 0.5479 8.4137 1.0000	</row3>
				</transform>
			</node>
			<node>
				<identifier>	MP_JM307_Chrysanthemum_petal_1_INDEX_3	</identifier>
				<transform>
					<row0>	-0.7028 0.7061 -0.0871 0.0000	</row0>
					<row1>	-0.7016 -0.7081 -0.0797 0.0000	</row1>
					<row2>	-0.1179 0.0051 0.9930 0.0000	</row2>
					<row3>	0.0000 0.5479 8.4137 1.0000	</row3>
				</transform>
			</node>
			<node>
				<identifier>	MP_JM307_Chrysanthemum_petal_1_INDEX_4	</identifier>
				<transform>
					<row0>	-0.7028 -0.7061 0.0871 0.0000	</row0>
					<row1>	0.7016 -0.7081 -0.0797 0.0000	</row1>
					<row2>	0.1179 0.0051 0.9930 0.0000	</row2>
					<row3>	0.0000 0.5479 8.4137 1.0000	</row3>
				</transform>
			</node>
			<node>
				<identifier>	MP_JM307_Chrysanthemum_petal_1_INDEX_5	</identifier>
				<transform>
					<row0>	0.3768 -0.9240 -0.0651 0.0000	</row0>
					<row1>	0.9194 0.3816 -0.0957 0.0000	</row1>
					<row2>	0.1133 -0.0238 0.9933 0.0000	</row2>
					<row3>	0.0000 0.5479 8.4137 1.0000	</row3>
				</transform>
			</node>
			<node>
				<identifier>	MP_JM307_Chrysanthemum_petal_1_INDEX_6	</identifier>
				<transform>
					<row0>	0.0000 1.0000 0.0000 0.0000	</row0>
					<row1>	-0.9940 0.0000 -0.1091 0.0000	</row1>
					<row2>	-0.1091 0.0000 0.9940 0.0000	</row2>
					<row3>	0.0000 0.5479 8.4137 1.0000	</row3>
				</transform>
			</node>
			<node>
				<identifier>	MP_JM307_Chrysanthemum_petal_1_INDEX_7	</identifier>
				<transform>
					<row0>	0.0000 -1.0000 0.0000 0.0000	</row0>
					<row1>	0.9940 0.0000 -0.1091 0.0000	</row1>
					<row2>	0.1091 0.0000 0.9940 0.0000	</row2>
					<row3>	0.0000 0.5479 8.4137 1.0000	</row3>
				</transform>
			</node>
			<node>
				<identifier>	MP_JM307_Chrysanthemum_petal_1_INDEX_8	</identifier>
				<transform>
					<row0>	-1.0000 0.0000 0.0000 0.0000	</row0>
					<row1>	0.0000 -1.0000 0.0000 0.0000	</row1>
					<row2>	0.0000 0.0000 1.0000 0.0000	</row2>
					<row3>	0.0000 0.5479 8.4137 1.0000	</row3>
				</transform>
			</node>
			<node>
				<identifier>	MP_JM307_Chrysanthemum_petal_1_INDEX_9	</identifier>
				<transform>
					<row0>	0.6970 -0.7076 -0.1158 0.0000	</row0>
					<row1>	0.7065 0.7053 -0.0572 0.0000	</row1>
					<row2>	0.1222 -0.0420 0.9916 0.0000	</row2>
					<row3>	0.0000 0.5479 8.4137 1.0000	</row3>
				</transform>
			</node>
		</node>
	</node>
	<boundingBox>
		<min>	-0.0667 -0.0667 -0.0667	</min>
		<max>	0.0667 0.0667 0.0667	</max>
	</boundingBox>
</JSB037_Ashitaka_1926_Bow_ports.visual>
