<ASD043_Nicholas_1938_MidBack_ports.visual>
	<node>
		<identifier>	Scene Root	</identifier>
		<transform>
			<row0>	1.0000 0.0000 0.0000 0.0000	</row0>
			<row1>	0.0000 1.0000 0.0000 0.0000	</row1>
			<row2>	0.0000 0.0000 1.0000 0.0000	</row2>
			<row3>	0.0000 0.0000 0.0000 1.0000	</row3>
		</transform>
		<node>
			<identifier>	MidBack_ports	</identifier>
			<transform>
				<row0>	1.0000 0.0000 0.0000 0.0000	</row0>
				<row1>	0.0000 1.0000 0.0000 0.0000	</row1>
				<row2>	0.0000 0.0000 1.0000 0.0000	</row2>
				<row3>	0.0000 0.0000 0.0000 1.0000	</row3>
			</transform>
			<node>
				<identifier>	HP_AD_6	</identifier>
				<transform>
					<row0>	1.0000 0.0000 0.0000 0.0000	</row0>
					<row1>	0.0000 1.0000 0.0000 0.0000	</row1>
					<row2>	0.0000 0.0000 1.0000 0.0000	</row2>
					<row3>	0.0000 0.5943 -0.5961 1.0000	</row3>
				</transform>
			</node>
			<node>
				<identifier>	HP_AGA_10	</identifier>
				<transform>
					<row0>	0.0000 0.0000 -1.0000 0.0000	</row0>
					<row1>	0.0000 1.0000 0.0000 0.0000	</row1>
					<row2>	1.0000 0.0000 0.0000 0.0000	</row2>
					<row3>	0.2444 0.3622 -1.3202 1.0000	</row3>
				</transform>
			</node>
			<node>
				<identifier>	HP_AGA_7	</identifier>
				<transform>
					<row0>	0.0000 0.0000 1.0000 0.0000	</row0>
					<row1>	0.0000 1.0000 0.0000 0.0000	</row1>
					<row2>	-1.0000 0.0000 0.0000 0.0000	</row2>
					<row3>	-0.2444 0.3622 -1.1155 1.0000	</row3>
				</transform>
			</node>
			<node>
				<identifier>	HP_AGA_8	</identifier>
				<transform>
					<row0>	0.0000 0.0000 -1.0000 0.0000	</row0>
					<row1>	0.0000 1.0000 0.0000 0.0000	</row1>
					<row2>	1.0000 0.0000 0.0000 0.0000	</row2>
					<row3>	0.2444 0.3622 -1.1155 1.0000	</row3>
				</transform>
			</node>
			<node>
				<identifier>	HP_AGA_9	</identifier>
				<transform>
					<row0>	0.0000 0.0000 1.0000 0.0000	</row0>
					<row1>	0.0000 1.0000 0.0000 0.0000	</row1>
					<row2>	-1.0000 0.0000 0.0000 0.0000	</row2>
					<row3>	-0.2444 0.3622 -1.3202 1.0000	</row3>
				</transform>
			</node>
			<node>
				<identifier>	HP_AGB_1	</identifier>
				<transform>
					<row0>	0.0000 0.0000 1.0000 0.0000	</row0>
					<row1>	0.0000 1.0000 0.0000 0.0000	</row1>
					<row2>	-1.0000 0.0000 0.0000 0.0000	</row2>
					<row3>	-0.2724 0.1879 -2.0673 1.0000	</row3>
				</transform>
			</node>
			<node>
				<identifier>	HP_AGB_2	</identifier>
				<transform>
					<row0>	0.0000 0.0000 -1.0000 0.0000	</row0>
					<row1>	0.0000 1.0000 0.0000 0.0000	</row1>
					<row2>	1.0000 0.0000 0.0000 0.0000	</row2>
					<row3>	0.2724 0.1879 -2.0673 1.0000	</row3>
				</transform>
			</node>
			<node>
				<identifier>	HP_AGB_3	</identifier>
				<transform>
					<row0>	0.0000 0.0000 1.0000 0.0000	</row0>
					<row1>	0.0000 1.0000 0.0000 0.0000	</row1>
					<row2>	-1.0000 0.0000 0.0000 0.0000	</row2>
					<row3>	-0.2602 0.1842 -2.3638 1.0000	</row3>
				</transform>
			</node>
			<node>
				<identifier>	HP_AGB_4	</identifier>
				<transform>
					<row0>	0.0000 0.0000 -1.0000 0.0000	</row0>
					<row1>	0.0000 1.0000 0.0000 0.0000	</row1>
					<row2>	1.0000 0.0000 0.0000 0.0000	</row2>
					<row3>	0.2602 0.1842 -2.3638 1.0000	</row3>
				</transform>
			</node>
			<node>
				<identifier>	HP_AGB_5	</identifier>
				<transform>
					<row0>	-0.9816 0.0000 0.1908 0.0000	</row0>
					<row1>	0.0000 1.0000 0.0000 0.0000	</row1>
					<row2>	-0.1908 0.0000 -0.9816 0.0000	</row2>
					<row3>	-0.1110 0.1732 -3.5744 1.0000	</row3>
				</transform>
			</node>
			<node>
				<identifier>	HP_AGB_6	</identifier>
				<transform>
					<row0>	-0.9816 0.0000 -0.1908 0.0000	</row0>
					<row1>	0.0000 1.0000 0.0000 0.0000	</row1>
					<row2>	0.1908 0.0000 -0.9816 0.0000	</row2>
					<row3>	0.1110 0.1732 -3.5744 1.0000	</row3>
				</transform>
			</node>
			<node>
				<identifier>	HP_AGM_3	</identifier>
				<transform>
					<row0>	-1.0000 0.0000 0.0000 0.0000	</row0>
					<row1>	0.0000 1.0000 0.0000 0.0000	</row1>
					<row2>	0.0000 0.0000 -1.0000 0.0000	</row2>
					<row3>	0.0000 0.4335 -2.0435 1.0000	</row3>
				</transform>
			</node>
			<node>
				<identifier>	HP_AGM_4	</identifier>
				<transform>
					<row0>	-1.0000 0.0000 0.0000 0.0000	</row0>
					<row1>	0.0000 1.0000 0.0000 0.0000	</row1>
					<row2>	0.0000 0.0000 -1.0000 0.0000	</row2>
					<row3>	0.0000 0.2553 -2.5975 1.0000	</row3>
				</transform>
			</node>
			<node>
				<identifier>	HP_AGT_3	</identifier>
				<transform>
					<row0>	-1.0000 0.0000 0.0000 0.0000	</row0>
					<row1>	0.0000 1.0000 0.0000 0.0000	</row1>
					<row2>	0.0000 0.0000 -1.0000 0.0000	</row2>
					<row3>	-0.2597 0.2130 -1.5909 1.0000	</row3>
				</transform>
			</node>
			<node>
				<identifier>	HP_AGT_4	</identifier>
				<transform>
					<row0>	-1.0000 0.0000 0.0000 0.0000	</row0>
					<row1>	0.0000 1.0000 0.0000 0.0000	</row1>
					<row2>	0.0000 0.0000 -1.0000 0.0000	</row2>
					<row3>	0.2597 0.2130 -1.5909 1.0000	</row3>
				</transform>
			</node>
			<node>
				<identifier>	HP_FX_Fire_3	</identifier>
				<transform>
					<row0>	1.0000 0.0000 0.0000 0.0000	</row0>
					<row1>	0.0000 1.0000 0.0000 0.0000	</row1>
					<row2>	0.0000 0.0000 1.0000 0.0000	</row2>
					<row3>	0.0000 0.1974 -1.3819 1.0000	</row3>
				</transform>
			</node>
			<node>
				<identifier>	HP_FX_Fire_3_side_1	</identifier>
				<transform>
					<row0>	1.0000 0.0000 0.0000 0.0000	</row0>
					<row1>	0.0000 1.0000 0.0000 0.0000	</row1>
					<row2>	0.0000 0.0000 1.0000 0.0000	</row2>
					<row3>	0.2153 0.4606 -0.7378 1.0000	</row3>
				</transform>
			</node>
			<node>
				<identifier>	HP_FX_FloodLight_left_2	</identifier>
				<transform>
					<row0>	-0.6635 0.0000 -0.7481 0.0000	</row0>
					<row1>	0.0000 1.0000 0.0000 0.0000	</row1>
					<row2>	0.7481 0.0000 -0.6635 0.0000	</row2>
					<row3>	-0.1092 0.4753 -1.2231 1.0000	</row3>
				</transform>
			</node>
			<node>
				<identifier>	HP_FX_FloodLight_right_2	</identifier>
				<transform>
					<row0>	0.6478 0.0000 -0.7618 0.0000	</row0>
					<row1>	0.0000 1.0000 0.0000 0.0000	</row1>
					<row2>	0.7618 0.0000 0.6478 0.0000	</row2>
					<row3>	0.1199 0.4768 -1.2134 1.0000	</row3>
				</transform>
			</node>
			<node>
				<identifier>	HP_flag_nation	</identifier>
				<transform>
					<row0>	0.9999 0.0110 -0.0012 0.0000	</row0>
					<row1>	-0.0110 0.9769 -0.2133 0.0000	</row1>
					<row2>	-0.0012 0.2133 0.9770 0.0000	</row2>
					<row3>	0.0000 1.0695 -1.4482 1.0000	</row3>
				</transform>
			</node>
			<node>
				<identifier>	HP_flag_rank	</identifier>
				<transform>
					<row0>	1.0000 0.0000 0.0000 0.0000	</row0>
					<row1>	0.0000 0.9986 -0.0525 0.0000	</row1>
					<row2>	0.0000 0.0525 0.9986 0.0000	</row2>
					<row3>	-0.0124 1.6487 -1.3461 1.0000	</row3>
				</transform>
			</node>
			<node>
				<identifier>	MP_AM006_Reels_1	</identifier>
				<transform>
					<row0>	0.0000 -1.0000 0.0000 0.0000	</row0>
					<row1>	0.0000 0.0000 1.0000 0.0000	</row1>
					<row2>	-1.0000 0.0000 0.0000 0.0000	</row2>
					<row3>	0.1040 0.2880 -1.1176 1.0000	</row3>
				</transform>
			</node>
			<node>
				<identifier>	MP_AM006_Reels_1_INDEX_1	</identifier>
				<transform>
					<row0>	1.0000 0.0000 0.0028 0.0000	</row0>
					<row1>	0.0000 0.9999 -0.0121 0.0000	</row1>
					<row2>	-0.0028 0.0121 0.9999 0.0000	</row2>
					<row3>	-0.0780 0.1886 -3.0612 1.0000	</row3>
				</transform>
			</node>
			<node>
				<identifier>	MP_AM006_Reels_1_INDEX_2	</identifier>
				<transform>
					<row0>	0.0000 1.0000 0.0000 0.0000	</row0>
					<row1>	0.0000 0.0000 1.0000 0.0000	</row1>
					<row2>	1.0000 0.0000 0.0000 0.0000	</row2>
					<row3>	-0.1040 0.2880 -1.1176 1.0000	</row3>
				</transform>
			</node>
			<node>
				<identifier>	MP_AM010_Speaker_1	</identifier>
				<transform>
					<row0>	-1.0000 0.0000 0.0000 0.0000	</row0>
					<row1>	0.0000 1.0000 0.0000 0.0000	</row1>
					<row2>	0.0000 0.0000 -1.0000 0.0000	</row2>
					<row3>	0.0000 0.4858 -1.1015 1.0000	</row3>
				</transform>
			</node>
			<node>
				<identifier>	MP_AM010_Speaker_1_INDEX_1	</identifier>
				<transform>
					<row0>	-1.0000 0.0000 0.0000 0.0000	</row0>
					<row1>	0.0000 0.9633 0.2683 0.0000	</row1>
					<row2>	0.0000 0.2683 -0.9633 0.0000	</row2>
					<row3>	0.0000 0.4045 -1.7303 1.0000	</row3>
				</transform>
			</node>
			<node>
				<identifier>	MP_AM010_Speaker_1_INDEX_2	</identifier>
				<transform>
					<row0>	1.0000 0.0000 0.0000 0.0000	</row0>
					<row1>	0.0000 0.9633 -0.2683 0.0000	</row1>
					<row2>	0.0000 0.2683 0.9633 0.0000	</row2>
					<row3>	0.0000 0.4165 -2.4199 1.0000	</row3>
				</transform>
			</node>
			<node>
				<identifier>	MP_AM018_Compass_Binnacle	</identifier>
				<transform>
					<row0>	1.0000 0.0000 0.0000 0.0000	</row0>
					<row1>	0.0000 1.0000 0.0000 0.0000	</row1>
					<row2>	0.0000 0.0000 1.0000 0.0000	</row2>
					<row3>	0.0000 0.5215 -1.1298 1.0000	</row3>
				</transform>
			</node>
			<node>
				<identifier>	MP_AM046_Running_Lights_B	</identifier>
				<transform>
					<row0>	-1.0000 0.0000 0.0000 0.0000	</row0>
					<row1>	0.0000 1.0000 0.0000 0.0000	</row1>
					<row2>	0.0000 0.0000 -1.0000 0.0000	</row2>
					<row3>	0.0000 0.3233 -3.7513 1.0000	</row3>
				</transform>
			</node>
			<node>
				<identifier>	MP_AM049_Signal_Lamp_1	</identifier>
				<transform>
					<row0>	1.0000 0.0000 0.0000 0.0000	</row0>
					<row1>	0.0000 0.9767 -0.2147 0.0000	</row1>
					<row2>	0.0000 0.2147 0.9767 0.0000	</row2>
					<row3>	0.0000 0.4933 -3.7725 1.0000	</row3>
				</transform>
			</node>
			<node>
				<identifier>	MP_AM055_Boat_1	</identifier>
				<transform>
					<row0>	0.0012 0.2560 -0.9667 0.0000	</row0>
					<row1>	0.0000 0.9667 0.2560 0.0000	</row1>
					<row2>	1.0000 -0.0003 0.0012 0.0000	</row2>
					<row3>	0.0030 0.4501 -2.3925 1.0000	</row3>
				</transform>
			</node>
			<node>
				<identifier>	MP_AM055_Boat_1_INDEX_1	</identifier>
				<transform>
					<row0>	0.0000 0.9999 -0.0156 0.0000	</row0>
					<row1>	1.0000 -0.0001 -0.0094 0.0000	</row1>
					<row2>	-0.0094 -0.0156 -0.9998 0.0000	</row2>
					<row3>	0.2992 0.2982 -0.7101 1.0000	</row3>
				</transform>
			</node>
			<node>
				<identifier>	MP_AM055_Boat_1_INDEX_2	</identifier>
				<transform>
					<row0>	0.0000 -0.9999 0.0156 0.0000	</row0>
					<row1>	-1.0000 -0.0001 -0.0094 0.0000	</row1>
					<row2>	0.0094 -0.0156 -0.9998 0.0000	</row2>
					<row3>	-0.2992 0.2982 -0.7101 1.0000	</row3>
				</transform>
			</node>
			<node>
				<identifier>	MP_AM071_Signal_Lamp_2	</identifier>
				<transform>
					<row0>	1.0000 0.0000 0.0000 0.0000	</row0>
					<row1>	0.0000 1.0000 0.0000 0.0000	</row1>
					<row2>	0.0000 0.0000 1.0000 0.0000	</row2>
					<row3>	0.0000 0.8562 -1.3246 1.0000	</row3>
				</transform>
			</node>
			<node>
				<identifier>	MP_AM071_Signal_Lamp_2_INDEX_1	</identifier>
				<transform>
					<row0>	1.0000 0.0000 0.0000 0.0000	</row0>
					<row1>	0.0000 1.0000 0.0000 0.0000	</row1>
					<row2>	0.0000 0.0000 1.0000 0.0000	</row2>
					<row3>	0.0000 0.8144 -1.3228 1.0000	</row3>
				</transform>
			</node>
			<node>
				<identifier>	MP_AM071_Signal_Lamp_2_INDEX_2	</identifier>
				<transform>
					<row0>	1.0000 0.0000 0.0000 0.0000	</row0>
					<row1>	0.0000 1.0000 0.0000 0.0000	</row1>
					<row2>	0.0000 0.0000 1.0000 0.0000	</row2>
					<row3>	0.0000 0.8974 -1.3264 1.0000	</row3>
				</transform>
			</node>
			<node>
				<identifier>	MP_AM091_Whaleboat_26ft	</identifier>
				<transform>
					<row0>	-1.0000 0.0000 0.0000 0.0000	</row0>
					<row1>	0.0000 0.9997 0.0231 0.0000	</row1>
					<row2>	0.0000 0.0231 -0.9997 0.0000	</row2>
					<row3>	0.2160 0.4254 -0.7318 1.0000	</row3>
				</transform>
			</node>
			<node>
				<identifier>	MP_AM157_Telephone	</identifier>
				<transform>
					<row0>	-0.6878 0.0000 0.7259 0.0000	</row0>
					<row1>	0.0000 1.0000 0.0000 0.0000	</row1>
					<row2>	-0.7259 0.0000 -0.6878 0.0000	</row2>
					<row3>	0.0959 0.2971 -1.8663 1.0000	</row3>
				</transform>
			</node>
			<node>
				<identifier>	MP_AM157_Telephone_INDEX_1	</identifier>
				<transform>
					<row0>	1.0000 0.0000 0.0000 0.0000	</row0>
					<row1>	0.0000 1.0000 0.0000 0.0000	</row1>
					<row2>	0.0000 0.0000 1.0000 0.0000	</row2>
					<row3>	0.0394 0.4532 -1.2640 1.0000	</row3>
				</transform>
			</node>
			<node>
				<identifier>	MP_AM157_Telephone_INDEX_2	</identifier>
				<transform>
					<row0>	0.0000 0.0000 1.0000 0.0000	</row0>
					<row1>	0.0000 1.0000 0.0000 0.0000	</row1>
					<row2>	-1.0000 0.0000 0.0000 0.0000	</row2>
					<row3>	0.0396 0.3558 -2.3693 1.0000	</row3>
				</transform>
			</node>
			<node>
				<identifier>	MP_AM159_Voice_Tube	</identifier>
				<transform>
					<row0>	1.0000 0.0000 0.0000 0.0000	</row0>
					<row1>	0.0000 1.0000 0.0000 0.0000	</row1>
					<row2>	0.0000 0.0000 1.0000 0.0000	</row2>
					<row3>	0.0418 0.5222 -1.1298 1.0000	</row3>
				</transform>
			</node>
			<node>
				<identifier>	MP_AM159_Voice_Tube_INDEX_1	</identifier>
				<transform>
					<row0>	1.0000 0.0000 0.0000 0.0000	</row0>
					<row1>	0.0000 1.0000 0.0000 0.0000	</row1>
					<row2>	0.0000 0.0000 1.0000 0.0000	</row2>
					<row3>	0.0669 0.5222 -1.1298 1.0000	</row3>
				</transform>
			</node>
			<node>
				<identifier>	MP_AM159_Voice_Tube_INDEX_2	</identifier>
				<transform>
					<row0>	0.0086 0.0000 -1.0000 0.0000	</row0>
					<row1>	0.0000 1.0000 0.0000 0.0000	</row1>
					<row2>	1.0000 0.0000 0.0086 0.0000	</row2>
					<row3>	0.0381 0.5944 -0.6307 1.0000	</row3>
				</transform>
			</node>
			<node>
				<identifier>	MP_AM200_Screened_speed_light	</identifier>
				<transform>
					<row0>	0.6175 0.0000 0.0000 0.0000	</row0>
					<row1>	0.0000 0.6175 0.0000 0.0000	</row1>
					<row2>	0.0000 0.0000 0.6175 0.0000	</row2>
					<row3>	0.0000 0.7119 -1.8444 1.0000	</row3>
				</transform>
			</node>
			<node>
				<identifier>	MP_AM219_Bollard	</identifier>
				<transform>
					<row0>	0.5060 -0.0566 -0.0171 0.0000	</row0>
					<row1>	0.0563 0.5063 -0.0092 0.0000	</row1>
					<row2>	0.0180 0.0073 0.5091 0.0000	</row2>
					<row3>	0.2197 0.1805 -2.9176 1.0000	</row3>
				</transform>
			</node>
			<node>
				<identifier>	MP_AM219_Bollard_INDEX_1	</identifier>
				<transform>
					<row0>	0.5076 0.0433 0.0075 0.0000	</row0>
					<row1>	-0.0432 0.5076 -0.0079 0.0000	</row1>
					<row2>	-0.0081 0.0073 0.5093 0.0000	</row2>
					<row3>	-0.3028 0.2057 -0.8158 1.0000	</row3>
				</transform>
			</node>
			<node>
				<identifier>	MP_AM219_Bollard_INDEX_2	</identifier>
				<transform>
					<row0>	0.5060 0.0566 0.0171 0.0000	</row0>
					<row1>	-0.0563 0.5063 -0.0092 0.0000	</row1>
					<row2>	-0.0180 0.0073 0.5091 0.0000	</row2>
					<row3>	-0.2184 0.1806 -2.9176 1.0000	</row3>
				</transform>
			</node>
			<node>
				<identifier>	MP_AM219_Bollard_INDEX_3	</identifier>
				<transform>
					<row0>	0.5001 -0.0678 -0.0695 0.0000	</row0>
					<row1>	0.0665 0.5049 -0.0138 0.0000	</row1>
					<row2>	0.0707 0.0045 0.5045 0.0000	</row2>
					<row3>	0.1966 0.1725 -3.4022 1.0000	</row3>
				</transform>
			</node>
			<node>
				<identifier>	MP_AM219_Bollard_INDEX_4	</identifier>
				<transform>
					<row0>	0.5076 -0.0433 -0.0075 0.0000	</row0>
					<row1>	0.0432 0.5076 -0.0079 0.0000	</row1>
					<row2>	0.0081 0.0073 0.5093 0.0000	</row2>
					<row3>	0.3028 0.2057 -0.8158 1.0000	</row3>
				</transform>
			</node>
			<node>
				<identifier>	MP_AM219_Bollard_INDEX_5	</identifier>
				<transform>
					<row0>	0.5001 0.0678 0.0695 0.0000	</row0>
					<row1>	-0.0665 0.5049 -0.0138 0.0000	</row1>
					<row2>	-0.0707 0.0045 0.5045 0.0000	</row2>
					<row3>	-0.1966 0.1725 -3.4022 1.0000	</row3>
				</transform>
			</node>
			<node>
				<identifier>	MP_AM246_Hatch	</identifier>
				<transform>
					<row0>	0.9989 0.0467 -0.0013 0.0000	</row0>
					<row1>	-0.0467 0.9988 -0.0159 0.0000	</row1>
					<row2>	0.0006 0.0159 0.9999 0.0000	</row2>
					<row3>	-0.0485 0.1871 -3.3608 1.0000	</row3>
				</transform>
			</node>
			<node>
				<identifier>	MP_AM246_Hatch_INDEX_1	</identifier>
				<transform>
					<row0>	0.9988 0.0482 -0.0002 0.0000	</row0>
					<row1>	-0.0482 0.9988 -0.0107 0.0000	</row1>
					<row2>	-0.0003 0.0107 0.9999 0.0000	</row2>
					<row3>	-0.1541 0.2069 -1.5995 1.0000	</row3>
				</transform>
			</node>
			<node>
				<identifier>	MP_AM246_Hatch_INDEX_2	</identifier>
				<transform>
					<row0>	1.0000 0.0000 0.0000 0.0000	</row0>
					<row1>	0.0000 1.0000 -0.0067 0.0000	</row1>
					<row2>	0.0000 0.0067 1.0000 0.0000	</row2>
					<row3>	0.0000 0.2256 -0.4789 1.0000	</row3>
				</transform>
			</node>
			<node>
				<identifier>	MP_AM246_Hatch_INDEX_3	</identifier>
				<transform>
					<row0>	0.9995 0.0319 0.0000 0.0000	</row0>
					<row1>	-0.0319 0.9994 -0.0107 0.0000	</row1>
					<row2>	-0.0003 0.0107 0.9999 0.0000	</row2>
					<row3>	-0.1013 0.2095 -1.5159 1.0000	</row3>
				</transform>
			</node>
			<node>
				<identifier>	MP_AM246_Hatch_INDEX_4	</identifier>
				<transform>
					<row0>	0.9959 -0.0901 0.0013 0.0000	</row0>
					<row1>	0.0902 0.9959 -0.0107 0.0000	</row1>
					<row2>	-0.0003 0.0107 0.9999 0.0000	</row2>
					<row3>	0.1976 0.2054 -1.4910 1.0000	</row3>
				</transform>
			</node>
			<node>
				<identifier>	MP_AM246_Hatch_INDEX_5	</identifier>
				<transform>
					<row0>	0.9993 -0.0362 0.0000 0.0000	</row0>
					<row1>	0.0362 0.9992 -0.0159 0.0000	</row1>
					<row2>	0.0006 0.0159 0.9999 0.0000	</row2>
					<row3>	0.1161 0.1901 -2.9490 1.0000	</row3>
				</transform>
			</node>
			<node>
				<identifier>	MP_AM374_Fender	</identifier>
				<transform>
					<row0>	0.0000 0.0000 -0.6000 0.0000	</row0>
					<row1>	-0.0398 0.5987 0.0000 0.0000	</row1>
					<row2>	0.5987 0.0398 0.0000 0.0000	</row2>
					<row3>	0.0940 0.2226 -0.6098 1.0000	</row3>
				</transform>
			</node>
			<node>
				<identifier>	MP_AM374_Fender_INDEX_1	</identifier>
				<transform>
					<row0>	0.0000 0.0000 0.6000 0.0000	</row0>
					<row1>	0.0398 0.5987 0.0000 0.0000	</row1>
					<row2>	-0.5987 0.0398 0.0000 0.0000	</row2>
					<row3>	-0.0940 0.2231 -0.5659 1.0000	</row3>
				</transform>
			</node>
			<node>
				<identifier>	MP_AM374_Fender_INDEX_2	</identifier>
				<transform>
					<row0>	0.0000 0.0000 -0.6000 0.0000	</row0>
					<row1>	-0.0398 0.5987 0.0000 0.0000	</row1>
					<row2>	0.5987 0.0398 0.0000 0.0000	</row2>
					<row3>	0.0940 0.2231 -0.5659 1.0000	</row3>
				</transform>
			</node>
			<node>
				<identifier>	MP_AM374_Fender_INDEX_3	</identifier>
				<transform>
					<row0>	0.0000 0.0000 0.6000 0.0000	</row0>
					<row1>	0.0398 0.5987 0.0000 0.0000	</row1>
					<row2>	-0.5987 0.0398 0.0000 0.0000	</row2>
					<row3>	-0.0940 0.2226 -0.6098 1.0000	</row3>
				</transform>
			</node>
			<node>
				<identifier>	MP_AM451_Signal_Lamp	</identifier>
				<transform>
					<row0>	1.0000 0.0000 0.0000 0.0000	</row0>
					<row1>	0.0000 0.9984 -0.0560 0.0000	</row1>
					<row2>	0.0000 0.0560 0.9984 0.0000	</row2>
					<row3>	0.0000 1.2466 -1.3218 1.0000	</row3>
				</transform>
			</node>
			<node>
				<identifier>	MP_AM531_Stretcher	</identifier>
				<transform>
					<row0>	0.0000 0.0424 -0.9991 0.0000	</row0>
					<row1>	0.0000 0.9991 0.0424 0.0000	</row1>
					<row2>	1.0000 0.0000 0.0000 0.0000	</row2>
					<row3>	0.0000 0.2746 -0.6590 1.0000	</row3>
				</transform>
			</node>
			<node>
				<identifier>	MP_AM531_Stretcher_INDEX_1	</identifier>
				<transform>
					<row0>	0.0000 0.0424 -0.9991 0.0000	</row0>
					<row1>	0.0000 0.9991 0.0424 0.0000	</row1>
					<row2>	1.0000 0.0000 0.0000 0.0000	</row2>
					<row3>	0.0000 0.3205 -0.6554 1.0000	</row3>
				</transform>
			</node>
			<node>
				<identifier>	MP_AM549_Life_Buoy	</identifier>
				<transform>
					<row0>	0.9935 0.0068 -0.1138 0.0000	</row0>
					<row1>	-0.0067 1.0000 0.0012 0.0000	</row1>
					<row2>	0.1138 -0.0005 0.9935 0.0000	</row2>
					<row3>	0.2385 0.2145 -3.3148 1.0000	</row3>
				</transform>
			</node>
			<node>
				<identifier>	MP_AM549_Life_Buoy_INDEX_1	</identifier>
				<transform>
					<row0>	0.9981 -0.0006 0.0622 0.0000	</row0>
					<row1>	0.0006 1.0000 0.0000 0.0000	</row1>
					<row2>	-0.0622 0.0000 0.9981 0.0000	</row2>
					<row3>	-0.2491 0.4808 -2.1980 1.0000	</row3>
				</transform>
			</node>
			<node>
				<identifier>	MP_AM549_Life_Buoy_INDEX_2	</identifier>
				<transform>
					<row0>	-0.9981 0.0004 0.0622 0.0000	</row0>
					<row1>	0.0004 1.0000 -0.0002 0.0000	</row1>
					<row2>	-0.0622 -0.0002 -0.9981 0.0000	</row2>
					<row3>	0.2491 0.4808 -2.1980 1.0000	</row3>
				</transform>
			</node>
			<node>
				<identifier>	MP_AM549_Life_Buoy_INDEX_3	</identifier>
				<transform>
					<row0>	-0.9935 0.0068 -0.1138 0.0000	</row0>
					<row1>	0.0067 1.0000 0.0012 0.0000	</row1>
					<row2>	0.1138 0.0005 -0.9935 0.0000	</row2>
					<row3>	-0.2385 0.2145 -3.3152 1.0000	</row3>
				</transform>
			</node>
			<node>
				<identifier>	MP_AM558_Telegraph	</identifier>
				<transform>
					<row0>	1.0000 0.0000 0.0000 0.0000	</row0>
					<row1>	0.0000 1.0000 0.0000 0.0000	</row1>
					<row2>	0.0000 0.0000 1.0000 0.0000	</row2>
					<row3>	-0.0531 0.5215 -1.1465 1.0000	</row3>
				</transform>
			</node>
			<node>
				<identifier>	MP_AM682_36in_Searchlight	</identifier>
				<transform>
					<row0>	-1.0000 0.0000 0.0000 0.0000	</row0>
					<row1>	0.0000 1.0000 0.0000 0.0000	</row1>
					<row2>	0.0000 0.0000 -1.0000 0.0000	</row2>
					<row3>	0.0000 0.6758 -1.7427 1.0000	</row3>
				</transform>
			</node>
			<node>
				<identifier>	MP_AM722_Ammobox_big	</identifier>
				<transform>
					<row0>	-1.0000 0.0000 0.0000 0.0000	</row0>
					<row1>	0.0000 1.0000 0.0000 0.0000	</row1>
					<row2>	0.0000 0.0000 -1.0000 0.0000	</row2>
					<row3>	-0.0681 0.4341 -2.3006 1.0000	</row3>
				</transform>
			</node>
			<node>
				<identifier>	MP_AM723_Ammobox	</identifier>
				<transform>
					<row0>	-1.0000 0.0000 0.0000 0.0000	</row0>
					<row1>	0.0000 1.0000 0.0000 0.0000	</row1>
					<row2>	0.0000 0.0000 -1.0000 0.0000	</row2>
					<row3>	0.0727 0.4341 -2.3001 1.0000	</row3>
				</transform>
			</node>
			<node>
				<identifier>	MP_AM724_Ammobox_big	</identifier>
				<transform>
					<row0>	0.0000 0.0000 -1.0000 0.0000	</row0>
					<row1>	0.0000 1.0000 0.0000 0.0000	</row1>
					<row2>	1.0000 0.0000 0.0000 0.0000	</row2>
					<row3>	0.3086 0.3622 -1.2179 1.0000	</row3>
				</transform>
			</node>
			<node>
				<identifier>	MP_AM724_Ammobox_big_INDEX_1	</identifier>
				<transform>
					<row0>	-1.0000 0.0000 0.0000 0.0000	</row0>
					<row1>	0.0000 1.0000 0.0000 0.0000	</row1>
					<row2>	0.0000 0.0000 -1.0000 0.0000	</row2>
					<row3>	0.0681 0.2566 -2.7546 1.0000	</row3>
				</transform>
			</node>
			<node>
				<identifier>	MP_AM724_Ammobox_big_INDEX_2	</identifier>
				<transform>
					<row0>	-1.0000 0.0000 0.0000 0.0000	</row0>
					<row1>	0.0000 1.0000 0.0000 0.0000	</row1>
					<row2>	0.0000 0.0000 -1.0000 0.0000	</row2>
					<row3>	-0.0681 0.2566 -2.7546 1.0000	</row3>
				</transform>
			</node>
			<node>
				<identifier>	MP_AM724_Ammobox_big_INDEX_3	</identifier>
				<transform>
					<row0>	0.0000 0.0000 1.0000 0.0000	</row0>
					<row1>	0.0000 1.0000 0.0000 0.0000	</row1>
					<row2>	-1.0000 0.0000 0.0000 0.0000	</row2>
					<row3>	-0.3086 0.3622 -1.2179 1.0000	</row3>
				</transform>
			</node>
			<node>
				<identifier>	MP_AM725_Ammobox	</identifier>
				<transform>
					<row0>	-0.4654 0.0000 0.8851 0.0000	</row0>
					<row1>	0.0000 1.0000 0.0000 0.0000	</row1>
					<row2>	-0.8851 0.0000 -0.4654 0.0000	</row2>
					<row3>	-0.1834 0.2566 -2.6715 1.0000	</row3>
				</transform>
			</node>
			<node>
				<identifier>	MP_AM736_24ft_motor_launch	</identifier>
				<transform>
					<row0>	1.0000 0.0000 0.0000 0.0000	</row0>
					<row1>	0.0000 1.0000 0.0000 0.0000	</row1>
					<row2>	0.0000 0.0000 1.0000 0.0000	</row2>
					<row3>	-0.2160 0.4435 -0.7318 1.0000	</row3>
				</transform>
			</node>
			<node>
				<identifier>	MP_AM746_Depth_Charge_MK6_Arbor	</identifier>
				<transform>
					<row0>	0.9989 0.0000 0.0465 0.0000	</row0>
					<row1>	0.0132 0.9589 -0.2835 0.0000	</row1>
					<row2>	-0.0446 0.2838 0.9578 0.0000	</row2>
					<row3>	-0.2769 0.2410 -2.2503 1.0000	</row3>
				</transform>
			</node>
			<node>
				<identifier>	MP_AM746_Depth_Charge_MK6_Arbor_INDEX_1	</identifier>
				<transform>
					<row0>	0.9989 0.0000 0.0465 0.0000	</row0>
					<row1>	0.0132 0.9589 -0.2835 0.0000	</row1>
					<row2>	-0.0446 0.2838 0.9578 0.0000	</row2>
					<row3>	-0.2796 0.2410 -2.1923 1.0000	</row3>
				</transform>
			</node>
			<node>
				<identifier>	MP_AM746_Depth_Charge_MK6_Arbor_INDEX_10	</identifier>
				<transform>
					<row0>	0.9989 0.0000 -0.0465 0.0000	</row0>
					<row1>	-0.0132 0.9589 -0.2835 0.0000	</row1>
					<row2>	0.0446 0.2838 0.9578 0.0000	</row2>
					<row3>	0.2809 0.2410 -2.1632 1.0000	</row3>
				</transform>
			</node>
			<node>
				<identifier>	MP_AM746_Depth_Charge_MK6_Arbor_INDEX_11	</identifier>
				<transform>
					<row0>	0.9989 0.0000 -0.0465 0.0000	</row0>
					<row1>	-0.0132 0.9589 -0.2835 0.0000	</row1>
					<row2>	0.0446 0.2838 0.9578 0.0000	</row2>
					<row3>	0.2769 0.2410 -2.2503 1.0000	</row3>
				</transform>
			</node>
			<node>
				<identifier>	MP_AM746_Depth_Charge_MK6_Arbor_INDEX_2	</identifier>
				<transform>
					<row0>	0.9989 0.0000 0.0465 0.0000	</row0>
					<row1>	0.0132 0.9589 -0.2835 0.0000	</row1>
					<row2>	-0.0446 0.2838 0.9578 0.0000	</row2>
					<row3>	-0.2755 0.2410 -2.2792 1.0000	</row3>
				</transform>
			</node>
			<node>
				<identifier>	MP_AM746_Depth_Charge_MK6_Arbor_INDEX_3	</identifier>
				<transform>
					<row0>	0.9989 0.0000 -0.0465 0.0000	</row0>
					<row1>	-0.0132 0.9589 -0.2835 0.0000	</row1>
					<row2>	0.0446 0.2838 0.9578 0.0000	</row2>
					<row3>	0.2796 0.2410 -2.1923 1.0000	</row3>
				</transform>
			</node>
			<node>
				<identifier>	MP_AM746_Depth_Charge_MK6_Arbor_INDEX_4	</identifier>
				<transform>
					<row0>	0.9989 0.0000 0.0465 0.0000	</row0>
					<row1>	0.0132 0.9589 -0.2835 0.0000	</row1>
					<row2>	-0.0446 0.2838 0.9578 0.0000	</row2>
					<row3>	-0.2782 0.2410 -2.2213 1.0000	</row3>
				</transform>
			</node>
			<node>
				<identifier>	MP_AM746_Depth_Charge_MK6_Arbor_INDEX_5	</identifier>
				<transform>
					<row0>	0.9989 0.0000 -0.0465 0.0000	</row0>
					<row1>	-0.0132 0.9589 -0.2835 0.0000	</row1>
					<row2>	0.0446 0.2838 0.9578 0.0000	</row2>
					<row3>	0.2782 0.2410 -2.2213 1.0000	</row3>
				</transform>
			</node>
			<node>
				<identifier>	MP_AM746_Depth_Charge_MK6_Arbor_INDEX_6	</identifier>
				<transform>
					<row0>	0.9989 0.0000 0.0465 0.0000	</row0>
					<row1>	0.0132 0.9589 -0.2835 0.0000	</row1>
					<row2>	-0.0446 0.2838 0.9578 0.0000	</row2>
					<row3>	-0.2809 0.2410 -2.1632 1.0000	</row3>
				</transform>
			</node>
			<node>
				<identifier>	MP_AM746_Depth_Charge_MK6_Arbor_INDEX_7	</identifier>
				<transform>
					<row0>	0.9989 0.0000 -0.0465 0.0000	</row0>
					<row1>	-0.0132 0.9589 -0.2835 0.0000	</row1>
					<row2>	0.0446 0.2838 0.9578 0.0000	</row2>
					<row3>	0.2755 0.2410 -2.2792 1.0000	</row3>
				</transform>
			</node>
			<node>
				<identifier>	MP_AM746_Depth_Charge_MK6_Arbor_INDEX_8	</identifier>
				<transform>
					<row0>	0.9989 0.0000 0.0465 0.0000	</row0>
					<row1>	0.0132 0.9589 -0.2835 0.0000	</row1>
					<row2>	-0.0446 0.2838 0.9578 0.0000	</row2>
					<row3>	-0.2823 0.2410 -2.1342 1.0000	</row3>
				</transform>
			</node>
			<node>
				<identifier>	MP_AM746_Depth_Charge_MK6_Arbor_INDEX_9	</identifier>
				<transform>
					<row0>	0.9989 0.0000 -0.0465 0.0000	</row0>
					<row1>	-0.0132 0.9589 -0.2835 0.0000	</row1>
					<row2>	0.0446 0.2838 0.9578 0.0000	</row2>
					<row3>	0.2823 0.2410 -2.1342 1.0000	</row3>
				</transform>
			</node>
			<node>
				<identifier>	MP_CM011_Fire_Fighting_Gear	</identifier>
				<transform>
					<row0>	0.0756 0.0000 0.9971 0.0000	</row0>
					<row1>	0.0000 1.0000 0.0000 0.0000	</row1>
					<row2>	-0.9971 0.0000 0.0756 0.0000	</row2>
					<row3>	0.1996 0.1938 -2.2492 1.0000	</row3>
				</transform>
			</node>
			<node>
				<identifier>	MP_CM011_Fire_Fighting_Gear_INDEX_1	</identifier>
				<transform>
					<row0>	-0.0157 0.0000 0.9999 0.0000	</row0>
					<row1>	0.0000 1.0000 0.0000 0.0000	</row1>
					<row2>	-0.9999 0.0000 -0.0157 0.0000	</row2>
					<row3>	0.1785 0.2100 -1.2759 1.0000	</row3>
				</transform>
			</node>
			<node>
				<identifier>	MP_CM011_Fire_Fighting_Gear_INDEX_2	</identifier>
				<transform>
					<row0>	0.0756 0.0000 -0.9971 0.0000	</row0>
					<row1>	0.0000 1.0000 0.0000 0.0000	</row1>
					<row2>	0.9971 0.0000 0.0756 0.0000	</row2>
					<row3>	-0.1996 0.1938 -2.2492 1.0000	</row3>
				</transform>
			</node>
			<node>
				<identifier>	MP_CM012_Fire_Hose_Rack_1	</identifier>
				<transform>
					<row0>	0.9960 0.0000 0.0893 0.0000	</row0>
					<row1>	0.0000 1.0000 0.0000 0.0000	</row1>
					<row2>	-0.0893 0.0000 0.9960 0.0000	</row2>
					<row3>	-0.1931 0.2656 -2.2241 1.0000	</row3>
				</transform>
			</node>
			<node>
				<identifier>	MP_CM012_Fire_Hose_Rack_1_INDEX_1	</identifier>
				<transform>
					<row0>	-0.9960 0.0000 0.0893 0.0000	</row0>
					<row1>	0.0000 1.0000 0.0000 0.0000	</row1>
					<row2>	-0.0893 0.0000 -0.9960 0.0000	</row2>
					<row3>	0.1931 0.2656 -2.2241 1.0000	</row3>
				</transform>
			</node>
			<node>
				<identifier>	MP_CM012_Fire_Hose_Rack_1_INDEX_2	</identifier>
				<transform>
					<row0>	-0.9999 0.0000 -0.0157 0.0000	</row0>
					<row1>	0.0000 1.0000 0.0000 0.0000	</row1>
					<row2>	0.0157 0.0000 -0.9999 0.0000	</row2>
					<row3>	0.1724 0.2433 -1.2485 1.0000	</row3>
				</transform>
			</node>
			<node>
				<identifier>	MP_CM014_Fuel_Oil_Hose	</identifier>
				<transform>
					<row0>	0.9958 0.0000 0.0916 0.0000	</row0>
					<row1>	0.0000 1.0000 0.0000 0.0000	</row1>
					<row2>	-0.0916 0.0000 0.9958 0.0000	</row2>
					<row3>	-0.2083 0.3700 -2.0713 1.0000	</row3>
				</transform>
			</node>
			<node>
				<identifier>	MP_CM014_Fuel_Oil_Hose_INDEX_1	</identifier>
				<transform>
					<row0>	0.9958 0.0000 0.0916 0.0000	</row0>
					<row1>	0.0000 1.0000 0.0000 0.0000	</row1>
					<row2>	-0.0916 0.0000 0.9958 0.0000	</row2>
					<row3>	-0.2083 0.4019 -2.0713 1.0000	</row3>
				</transform>
			</node>
			<node>
				<identifier>	MP_CM014_Fuel_Oil_Hose_INDEX_2	</identifier>
				<transform>
					<row0>	-0.9958 0.0000 0.0916 0.0000	</row0>
					<row1>	0.0000 -1.0000 0.0000 0.0000	</row1>
					<row2>	0.0916 0.0000 0.9958 0.0000	</row2>
					<row3>	0.1932 0.4019 -2.2372 1.0000	</row3>
				</transform>
			</node>
			<node>
				<identifier>	MP_CM014_Fuel_Oil_Hose_INDEX_3	</identifier>
				<transform>
					<row0>	-0.9958 0.0000 0.0916 0.0000	</row0>
					<row1>	0.0000 -1.0000 0.0000 0.0000	</row1>
					<row2>	0.0916 0.0000 0.9958 0.0000	</row2>
					<row3>	0.2085 0.4019 -2.0703 1.0000	</row3>
				</transform>
			</node>
			<node>
				<identifier>	MP_CM014_Fuel_Oil_Hose_INDEX_4	</identifier>
				<transform>
					<row0>	-0.9958 0.0000 0.0916 0.0000	</row0>
					<row1>	0.0000 -1.0000 0.0000 0.0000	</row1>
					<row2>	0.0916 0.0000 0.9958 0.0000	</row2>
					<row3>	0.1932 0.3700 -2.2372 1.0000	</row3>
				</transform>
			</node>
			<node>
				<identifier>	MP_CM014_Fuel_Oil_Hose_INDEX_5	</identifier>
				<transform>
					<row0>	0.9958 0.0000 0.0916 0.0000	</row0>
					<row1>	0.0000 1.0000 0.0000 0.0000	</row1>
					<row2>	-0.0916 0.0000 0.9958 0.0000	</row2>
					<row3>	-0.1931 0.4019 -2.2366 1.0000	</row3>
				</transform>
			</node>
			<node>
				<identifier>	MP_CM014_Fuel_Oil_Hose_INDEX_6	</identifier>
				<transform>
					<row0>	0.9958 0.0000 0.0916 0.0000	</row0>
					<row1>	0.0000 1.0000 0.0000 0.0000	</row1>
					<row2>	-0.0916 0.0000 0.9958 0.0000	</row2>
					<row3>	-0.1931 0.3700 -2.2366 1.0000	</row3>
				</transform>
			</node>
			<node>
				<identifier>	MP_CM014_Fuel_Oil_Hose_INDEX_7	</identifier>
				<transform>
					<row0>	-0.9958 0.0000 0.0916 0.0000	</row0>
					<row1>	0.0000 -1.0000 0.0000 0.0000	</row1>
					<row2>	0.0916 0.0000 0.9958 0.0000	</row2>
					<row3>	0.2085 0.3700 -2.0703 1.0000	</row3>
				</transform>
			</node>
			<node>
				<identifier>	MP_CM028_Swab_Rack	</identifier>
				<transform>
					<row0>	1.0000 0.0000 0.0000 0.0000	</row0>
					<row1>	0.0000 1.0000 0.0000 0.0000	</row1>
					<row2>	0.0000 0.0000 1.0000 0.0000	</row2>
					<row3>	-0.0278 0.2123 -1.3207 1.0000	</row3>
				</transform>
			</node>
			<node>
				<identifier>	MP_CM029_Emergency_Box	</identifier>
				<transform>
					<row0>	0.0903 0.0000 -0.9959 0.0000	</row0>
					<row1>	0.0000 1.0000 0.0000 0.0000	</row1>
					<row2>	0.9959 0.0000 0.0903 0.0000	</row2>
					<row3>	-0.2173 0.2606 -2.0303 1.0000	</row3>
				</transform>
			</node>
			<node>
				<identifier>	MP_CM029_Emergency_Box_INDEX_1	</identifier>
				<transform>
					<row0>	0.7690 0.0000 -0.6392 0.0000	</row0>
					<row1>	0.0000 1.0000 0.0000 0.0000	</row1>
					<row2>	0.6392 0.0000 0.7690 0.0000	</row2>
					<row3>	-0.1211 0.4284 -1.2149 1.0000	</row3>
				</transform>
			</node>
			<node>
				<identifier>	MP_CM029_Emergency_Box_INDEX_2	</identifier>
				<transform>
					<row0>	0.0000 0.0000 -1.0000 0.0000	</row0>
					<row1>	0.0000 1.0000 0.0000 0.0000	</row1>
					<row2>	1.0000 0.0000 0.0000 0.0000	</row2>
					<row3>	-0.0344 0.4690 -1.8391 1.0000	</row3>
				</transform>
			</node>
			<node>
				<identifier>	MP_CM029_Emergency_Box_INDEX_3	</identifier>
				<transform>
					<row0>	0.0000 0.0000 1.0000 0.0000	</row0>
					<row1>	0.0000 1.0000 0.0000 0.0000	</row1>
					<row2>	-1.0000 0.0000 0.0000 0.0000	</row2>
					<row3>	0.1787 0.2926 -1.2490 1.0000	</row3>
				</transform>
			</node>
			<node>
				<identifier>	MP_CM029_Emergency_Box_INDEX_4	</identifier>
				<transform>
					<row0>	0.0903 0.0000 0.9959 0.0000	</row0>
					<row1>	0.0000 1.0000 0.0000 0.0000	</row1>
					<row2>	-0.9959 0.0000 0.0903 0.0000	</row2>
					<row3>	0.2173 0.2606 -2.0303 1.0000	</row3>
				</transform>
			</node>
			<node>
				<identifier>	MP_CM040_Steering_Wheel	</identifier>
				<transform>
					<row0>	1.0000 0.0000 0.0000 0.0000	</row0>
					<row1>	0.0000 1.0000 0.0000 0.0000	</row1>
					<row2>	0.0000 0.0000 1.0000 0.0000	</row2>
					<row3>	0.0000 0.5222 -1.1745 1.0000	</row3>
				</transform>
			</node>
			<node>
				<identifier>	MP_CM079_Fender	</identifier>
				<transform>
					<row0>	-0.6000 0.0000 -0.0016 0.0000	</row0>
					<row1>	0.0000 0.6000 0.0000 0.0000	</row1>
					<row2>	0.0016 0.0000 -0.6000 0.0000	</row2>
					<row3>	0.0865 0.2334 -2.7832 1.0000	</row3>
				</transform>
			</node>
			<node>
				<identifier>	MP_CM079_Fender_INDEX_1	</identifier>
				<transform>
					<row0>	-0.6000 0.0000 0.0016 0.0000	</row0>
					<row1>	0.0000 0.6000 0.0000 0.0000	</row1>
					<row2>	-0.0016 0.0000 -0.6000 0.0000	</row2>
					<row3>	-0.0865 0.2334 -2.7832 1.0000	</row3>
				</transform>
			</node>
			<node>
				<identifier>	MP_CM082_Rope	</identifier>
				<transform>
					<row0>	-0.0334 0.0001 -0.4416 0.0000	</row0>
					<row1>	0.0392 0.4411 -0.0029 0.0000	</row1>
					<row2>	0.4399 -0.0393 -0.0333 0.0000	</row2>
					<row3>	-0.0913 0.4299 -1.3085 1.0000	</row3>
				</transform>
			</node>
			<node>
				<identifier>	MP_CM082_Rope_INDEX_1	</identifier>
				<transform>
					<row0>	0.0312 0.0015 0.4418 0.0000	</row0>
					<row1>	-0.0402 0.4410 0.0013 0.0000	</row1>
					<row2>	-0.4399 -0.0402 0.0312 0.0000	</row2>
					<row3>	0.0916 0.4301 -1.3080 1.0000	</row3>
				</transform>
			</node>
			<node>
				<identifier>	MP_CM082_Rope_INDEX_2	</identifier>
				<transform>
					<row0>	-0.0358 0.0000 -0.4414 0.0000	</row0>
					<row1>	0.0000 0.4429 0.0000 0.0000	</row1>
					<row2>	0.4414 0.0000 -0.0358 0.0000	</row2>
					<row3>	0.0078 0.4300 -1.3086 1.0000	</row3>
				</transform>
			</node>
			<node>
				<identifier>	MP_CM126_Cleat	</identifier>
				<transform>
					<row0>	-0.5331 0.0000 0.0000 0.0000	</row0>
					<row1>	0.0000 0.0000 -0.5331 0.0000	</row1>
					<row2>	0.0000 -0.5331 0.0000 0.0000	</row2>
					<row3>	0.2433 0.2382 -2.3183 1.0000	</row3>
				</transform>
			</node>
			<node>
				<identifier>	MP_CM126_Cleat_INDEX_1	</identifier>
				<transform>
					<row0>	-0.7914 0.0000 0.6113 0.0000	</row0>
					<row1>	-0.6113 0.0000 -0.7914 0.0000	</row1>
					<row2>	0.0000 -1.0000 0.0000 0.0000	</row2>
					<row3>	-0.3074 0.3957 -0.4931 1.0000	</row3>
				</transform>
			</node>
			<node>
				<identifier>	MP_CM126_Cleat_INDEX_2	</identifier>
				<transform>
					<row0>	0.7071 0.0000 -0.7071 0.0000	</row0>
					<row1>	0.7071 0.0000 0.7071 0.0000	</row1>
					<row2>	0.0000 -1.0000 0.0000 0.0000	</row2>
					<row3>	0.3006 0.3896 -0.9994 1.0000	</row3>
				</transform>
			</node>
			<node>
				<identifier>	MP_CM126_Cleat_INDEX_3	</identifier>
				<transform>
					<row0>	0.5331 0.0000 0.0000 0.0000	</row0>
					<row1>	0.0000 0.0000 0.5331 0.0000	</row1>
					<row2>	0.0000 -0.5331 0.0000 0.0000	</row2>
					<row3>	0.2522 0.2382 -2.1003 1.0000	</row3>
				</transform>
			</node>
			<node>
				<identifier>	MP_CM126_Cleat_INDEX_4	</identifier>
				<transform>
					<row0>	0.7071 0.0000 0.7071 0.0000	</row0>
					<row1>	-0.7071 0.0000 0.7071 0.0000	</row1>
					<row2>	0.0000 -1.0000 0.0000 0.0000	</row2>
					<row3>	-0.3006 0.3896 -0.9994 1.0000	</row3>
				</transform>
			</node>
			<node>
				<identifier>	MP_CM126_Cleat_INDEX_5	</identifier>
				<transform>
					<row0>	-0.5331 0.0000 0.0000 0.0000	</row0>
					<row1>	0.0000 0.0000 -0.5331 0.0000	</row1>
					<row2>	0.0000 -0.5331 0.0000 0.0000	</row2>
					<row3>	-0.2433 0.2382 -2.3183 1.0000	</row3>
				</transform>
			</node>
			<node>
				<identifier>	MP_CM126_Cleat_INDEX_6	</identifier>
				<transform>
					<row0>	0.5331 0.0000 0.0000 0.0000	</row0>
					<row1>	0.0000 0.0000 0.5331 0.0000	</row1>
					<row2>	0.0000 -0.5331 0.0000 0.0000	</row2>
					<row3>	-0.2522 0.2382 -2.1003 1.0000	</row3>
				</transform>
			</node>
			<node>
				<identifier>	MP_CM126_Cleat_INDEX_7	</identifier>
				<transform>
					<row0>	-0.7914 0.0000 -0.6113 0.0000	</row0>
					<row1>	0.6113 0.0000 -0.7914 0.0000	</row1>
					<row2>	0.0000 -1.0000 0.0000 0.0000	</row2>
					<row3>	0.3074 0.3957 -0.4931 1.0000	</row3>
				</transform>
			</node>
			<node>
				<identifier>	MP_CM166_Propeller4_R	</identifier>
				<transform>
					<row0>	0.4339 0.0008 0.0092 0.0000	</row0>
					<row1>	-0.0004 0.4337 -0.0173 0.0000	</row1>
					<row2>	-0.0092 0.0173 0.4336 0.0000	</row2>
					<row3>	0.1979 -0.1884 -3.1276 1.0000	</row3>
				</transform>
			</node>
			<node>
				<identifier>	MP_CM167_Propeller4_L	</identifier>
				<transform>
					<row0>	0.4343 0.0000 -0.0099 0.0000	</row0>
					<row1>	-0.0004 0.4341 -0.0172 0.0000	</row1>
					<row2>	0.0099 0.0172 0.4340 0.0000	</row2>
					<row3>	-0.1979 -0.1883 -3.1276 1.0000	</row3>
				</transform>
			</node>
		</node>
	</node>
	<boundingBox>
		<min>	-0.0667 -0.0667 -0.0667	</min>
		<max>	0.0667 0.0667 0.0667	</max>
	</boundingBox>
</ASD043_Nicholas_1938_MidBack_ports.visual>
