<GAB703_Ta_152_C1_R14_proto_lod3.visual>
	<node>
		<identifier>	Scene Root	</identifier>
		<transform>
			<row0>	1.0000 0.0000 0.0000 0.0000	</row0>
			<row1>	0.0000 1.0000 0.0000 0.0000	</row1>
			<row2>	0.0000 0.0000 1.0000 0.0000	</row2>
			<row3>	0.0000 0.0000 0.0000 1.0000	</row3>
		</transform>
		<node>
			<identifier>	Hull	</identifier>
			<transform>
				<row0>	1.0000 0.0000 0.0000 0.0000	</row0>
				<row1>	0.0000 1.0000 0.0000 0.0000	</row1>
				<row2>	0.0000 0.0000 1.0000 0.0000	</row2>
				<row3>	0.0000 0.0000 0.0000 1.0000	</row3>
			</transform>
			<node>
				<identifier>	chassis_on_BlendBone	</identifier>
				<transform>
					<row0>	1.0000 0.0000 0.0000 0.0000	</row0>
					<row1>	0.0000 1.0000 0.0000 0.0000	</row1>
					<row2>	0.0000 0.0000 1.0000 0.0000	</row2>
					<row3>	0.0000 0.0000 0.0000 1.0000	</row3>
				</transform>
			</node>
			<node>
				<identifier>	pylon_rocket_default_BlendBone	</identifier>
				<transform>
					<row0>	1.0000 0.0000 0.0000 0.0000	</row0>
					<row1>	0.0000 1.0000 0.0000 0.0000	</row1>
					<row2>	0.0000 0.0000 1.0000 0.0000	</row2>
					<row3>	0.0000 0.0000 0.0000 1.0000	</row3>
				</transform>
			</node>
		</node>
		<node>
			<identifier>	Root	</identifier>
			<transform>
				<row0>	1.0000 0.0000 0.0000 0.0000	</row0>
				<row1>	0.0000 1.0000 0.0000 0.0000	</row1>
				<row2>	0.0000 0.0000 1.0000 0.0000	</row2>
				<row3>	0.0000 0.0000 0.0000 1.0000	</row3>
			</transform>
			<node>
				<identifier>	HP_Air_bomb_1	</identifier>
				<transform>
					<row0>	1.0000 0.0000 0.0000 0.0000	</row0>
					<row1>	0.0000 0.9924 0.1229 0.0000	</row1>
					<row2>	0.0000 -0.1229 0.9924 0.0000	</row2>
					<row3>	0.0000 0.0836 -0.0512 1.0000	</row3>
				</transform>
			</node>
			<node>
				<identifier>	HP_Air_death_1	</identifier>
				<transform>
					<row0>	1.0000 0.0000 0.0000 0.0000	</row0>
					<row1>	0.0000 1.0000 0.0000 0.0000	</row1>
					<row2>	0.0000 0.0000 1.0000 0.0000	</row2>
					<row3>	0.0000 0.1415 0.0207 1.0000	</row3>
				</transform>
			</node>
			<node>
				<identifier>	HP_Air_enginelight_1	</identifier>
				<transform>
					<row0>	0.9659 0.0000 -0.2588 0.0000	</row0>
					<row1>	0.0000 1.0000 0.0000 0.0000	</row1>
					<row2>	0.2588 0.0000 0.9659 0.0000	</row2>
					<row3>	-0.0392 0.1296 0.0803 1.0000	</row3>
				</transform>
			</node>
			<node>
				<identifier>	HP_Air_enginelight_10	</identifier>
				<transform>
					<row0>	0.9659 0.0000 0.2588 0.0000	</row0>
					<row1>	0.0000 1.0000 0.0000 0.0000	</row1>
					<row2>	-0.2588 0.0000 0.9659 0.0000	</row2>
					<row3>	0.0392 0.1296 0.0675 1.0000	</row3>
				</transform>
			</node>
			<node>
				<identifier>	HP_Air_enginelight_11	</identifier>
				<transform>
					<row0>	0.9659 0.0000 0.2588 0.0000	</row0>
					<row1>	0.0000 1.0000 0.0000 0.0000	</row1>
					<row2>	-0.2588 0.0000 0.9659 0.0000	</row2>
					<row3>	0.0392 0.1296 0.0803 1.0000	</row3>
				</transform>
			</node>
			<node>
				<identifier>	HP_Air_enginelight_12	</identifier>
				<transform>
					<row0>	0.9659 0.0000 0.2588 0.0000	</row0>
					<row1>	0.0000 1.0000 0.0000 0.0000	</row1>
					<row2>	-0.2588 0.0000 0.9659 0.0000	</row2>
					<row3>	0.0395 0.1296 0.0424 1.0000	</row3>
				</transform>
			</node>
			<node>
				<identifier>	HP_Air_enginelight_2	</identifier>
				<transform>
					<row0>	0.9659 0.0000 -0.2588 0.0000	</row0>
					<row1>	0.0000 1.0000 0.0000 0.0000	</row1>
					<row2>	0.2588 0.0000 0.9659 0.0000	</row2>
					<row3>	-0.0392 0.1296 0.0675 1.0000	</row3>
				</transform>
			</node>
			<node>
				<identifier>	HP_Air_enginelight_3	</identifier>
				<transform>
					<row0>	0.9659 0.0000 -0.2588 0.0000	</row0>
					<row1>	0.0000 1.0000 0.0000 0.0000	</row1>
					<row2>	0.2588 0.0000 0.9659 0.0000	</row2>
					<row3>	-0.0393 0.1296 0.0549 1.0000	</row3>
				</transform>
			</node>
			<node>
				<identifier>	HP_Air_enginelight_4	</identifier>
				<transform>
					<row0>	0.9659 0.0000 -0.2588 0.0000	</row0>
					<row1>	0.0000 1.0000 0.0000 0.0000	</row1>
					<row2>	0.2588 0.0000 0.9659 0.0000	</row2>
					<row3>	-0.0395 0.1296 0.0424 1.0000	</row3>
				</transform>
			</node>
			<node>
				<identifier>	HP_Air_enginelight_5	</identifier>
				<transform>
					<row0>	0.9659 0.0000 -0.2588 0.0000	</row0>
					<row1>	0.0000 1.0000 0.0000 0.0000	</row1>
					<row2>	0.2588 0.0000 0.9659 0.0000	</row2>
					<row3>	-0.0394 0.1296 0.0297 1.0000	</row3>
				</transform>
			</node>
			<node>
				<identifier>	HP_Air_enginelight_6	</identifier>
				<transform>
					<row0>	0.9659 0.0000 -0.2588 0.0000	</row0>
					<row1>	0.0000 1.0000 0.0000 0.0000	</row1>
					<row2>	0.2588 0.0000 0.9659 0.0000	</row2>
					<row3>	-0.0397 0.1296 0.0171 1.0000	</row3>
				</transform>
			</node>
			<node>
				<identifier>	HP_Air_enginelight_7	</identifier>
				<transform>
					<row0>	0.9659 0.0000 0.2588 0.0000	</row0>
					<row1>	0.0000 1.0000 0.0000 0.0000	</row1>
					<row2>	-0.2588 0.0000 0.9659 0.0000	</row2>
					<row3>	0.0394 0.1296 0.0297 1.0000	</row3>
				</transform>
			</node>
			<node>
				<identifier>	HP_Air_enginelight_8	</identifier>
				<transform>
					<row0>	0.9659 0.0000 0.2588 0.0000	</row0>
					<row1>	0.0000 1.0000 0.0000 0.0000	</row1>
					<row2>	-0.2588 0.0000 0.9659 0.0000	</row2>
					<row3>	0.0393 0.1296 0.0549 1.0000	</row3>
				</transform>
			</node>
			<node>
				<identifier>	HP_Air_enginelight_9	</identifier>
				<transform>
					<row0>	0.9659 0.0000 0.2588 0.0000	</row0>
					<row1>	0.0000 1.0000 0.0000 0.0000	</row1>
					<row2>	-0.2588 0.0000 0.9659 0.0000	</row2>
					<row3>	0.0397 0.1296 0.0171 1.0000	</row3>
				</transform>
			</node>
			<node>
				<identifier>	HP_Air_fire_1	</identifier>
				<transform>
					<row0>	1.0000 0.0000 0.0000 0.0000	</row0>
					<row1>	0.0000 1.0000 0.0000 0.0000	</row1>
					<row2>	0.0000 0.0000 1.0000 0.0000	</row2>
					<row3>	0.0413 0.1296 0.0554 1.0000	</row3>
				</transform>
			</node>
			<node>
				<identifier>	HP_Air_fire_2	</identifier>
				<transform>
					<row0>	1.0000 0.0000 0.0000 0.0000	</row0>
					<row1>	0.0000 1.0000 0.0000 0.0000	</row1>
					<row2>	0.0000 0.0000 1.0000 0.0000	</row2>
					<row3>	-0.0421 0.1296 0.0554 1.0000	</row3>
				</transform>
			</node>
			<node>
				<identifier>	HP_Air_fire_3	</identifier>
				<transform>
					<row0>	1.0000 0.0000 0.0000 0.0000	</row0>
					<row1>	0.0000 1.0000 0.0000 0.0000	</row1>
					<row2>	0.0000 0.0000 1.0000 0.0000	</row2>
					<row3>	-0.1986 0.1398 -0.0413 1.0000	</row3>
				</transform>
			</node>
			<node>
				<identifier>	HP_Air_fire_4	</identifier>
				<transform>
					<row0>	1.0000 0.0000 0.0000 0.0000	</row0>
					<row1>	0.0000 1.0000 0.0000 0.0000	</row1>
					<row2>	0.0000 0.0000 1.0000 0.0000	</row2>
					<row3>	0.1948 0.1398 -0.0413 1.0000	</row3>
				</transform>
			</node>
			<node>
				<identifier>	HP_Air_fire_5	</identifier>
				<transform>
					<row0>	1.0000 0.0000 0.0000 0.0000	</row0>
					<row1>	0.0000 1.0000 0.0000 0.0000	</row1>
					<row2>	0.0000 0.0000 1.0000 0.0000	</row2>
					<row3>	-0.0653 0.1231 -0.0880 1.0000	</row3>
				</transform>
			</node>
			<node>
				<identifier>	HP_Air_fire_6	</identifier>
				<transform>
					<row0>	1.0000 0.0000 0.0000 0.0000	</row0>
					<row1>	0.0000 1.0000 0.0000 0.0000	</row1>
					<row2>	0.0000 0.0000 1.0000 0.0000	</row2>
					<row3>	0.0748 0.1231 -0.0880 1.0000	</row3>
				</transform>
			</node>
			<node>
				<identifier>	HP_Air_fire_7	</identifier>
				<transform>
					<row0>	1.0000 0.0000 0.0000 0.0000	</row0>
					<row1>	0.0000 1.0000 0.0000 0.0000	</row1>
					<row2>	0.0000 0.0000 1.0000 0.0000	</row2>
					<row3>	0.0281 0.1198 -0.4182 1.0000	</row3>
				</transform>
			</node>
			<node>
				<identifier>	HP_Air_flytrail_1	</identifier>
				<transform>
					<row0>	1.0000 0.0000 0.0000 0.0000	</row0>
					<row1>	0.0000 1.0000 0.0000 0.0000	</row1>
					<row2>	0.0000 0.0000 1.0000 0.0000	</row2>
					<row3>	-0.3666 0.1484 -0.0556 1.0000	</row3>
				</transform>
			</node>
			<node>
				<identifier>	HP_Air_flytrail_2	</identifier>
				<transform>
					<row0>	1.0000 0.0000 0.0000 0.0000	</row0>
					<row1>	0.0000 1.0000 0.0000 0.0000	</row1>
					<row2>	0.0000 0.0000 1.0000 0.0000	</row2>
					<row3>	0.3666 0.1484 -0.0556 1.0000	</row3>
				</transform>
			</node>
			<node>
				<identifier>	HP_Air_gunfire_1	</identifier>
				<transform>
					<row0>	1.0000 0.0000 0.0000 0.0000	</row0>
					<row1>	0.0000 1.0000 0.0000 0.0000	</row1>
					<row2>	0.0000 0.0000 1.0000 0.0000	</row2>
					<row3>	-0.0787 0.1195 0.0199 1.0000	</row3>
				</transform>
			</node>
			<node>
				<identifier>	HP_Air_gunfire_2	</identifier>
				<transform>
					<row0>	1.0000 0.0000 0.0000 0.0000	</row0>
					<row1>	0.0000 1.0000 0.0000 0.0000	</row1>
					<row2>	0.0000 0.0000 1.0000 0.0000	</row2>
					<row3>	0.0787 0.1195 0.0199 1.0000	</row3>
				</transform>
			</node>
			<node>
				<identifier>	HP_Air_gunfire_3	</identifier>
				<transform>
					<row0>	1.0000 0.0000 0.0000 0.0000	</row0>
					<row1>	0.0000 1.0000 0.0000 0.0000	</row1>
					<row2>	0.0000 0.0000 1.0000 0.0000	</row2>
					<row3>	0.0000 0.1415 0.1740 1.0000	</row3>
				</transform>
			</node>
			<node>
				<identifier>	HP_Air_gunfire_4	</identifier>
				<transform>
					<row0>	1.0000 0.0000 0.0000 0.0000	</row0>
					<row1>	0.0000 1.0000 0.0000 0.0000	</row1>
					<row2>	0.0000 0.0000 1.0000 0.0000	</row2>
					<row3>	0.0113 0.1806 0.0194 1.0000	</row3>
				</transform>
			</node>
			<node>
				<identifier>	HP_Air_gunfire_5	</identifier>
				<transform>
					<row0>	1.0000 0.0000 0.0000 0.0000	</row0>
					<row1>	0.0000 1.0000 0.0000 0.0000	</row1>
					<row2>	0.0000 0.0000 1.0000 0.0000	</row2>
					<row3>	-0.0103 0.1806 0.0194 1.0000	</row3>
				</transform>
			</node>
			<node>
				<identifier>	HP_Air_ricochet_1	</identifier>
				<transform>
					<row0>	1.0000 0.0000 0.0000 0.0000	</row0>
					<row1>	0.0000 1.0000 0.0000 0.0000	</row1>
					<row2>	0.0000 0.0000 1.0000 0.0000	</row2>
					<row3>	-0.0656 0.1657 -0.4536 1.0000	</row3>
				</transform>
			</node>
			<node>
				<identifier>	HP_Air_ricochet_2	</identifier>
				<transform>
					<row0>	1.0000 0.0000 0.0000 0.0000	</row0>
					<row1>	0.0000 1.0000 0.0000 0.0000	</row1>
					<row2>	0.0000 0.0000 1.0000 0.0000	</row2>
					<row3>	0.0378 0.1657 -0.4536 1.0000	</row3>
				</transform>
			</node>
			<node>
				<identifier>	HP_Air_ricochet_3	</identifier>
				<transform>
					<row0>	1.0000 0.0000 0.0000 0.0000	</row0>
					<row1>	0.0000 1.0000 0.0000 0.0000	</row1>
					<row2>	0.0000 0.0000 1.0000 0.0000	</row2>
					<row3>	0.2575 0.1414 -0.0841 1.0000	</row3>
				</transform>
			</node>
			<node>
				<identifier>	HP_Air_ricochet_4	</identifier>
				<transform>
					<row0>	1.0000 0.0000 0.0000 0.0000	</row0>
					<row1>	0.0000 1.0000 0.0000 0.0000	</row1>
					<row2>	0.0000 0.0000 1.0000 0.0000	</row2>
					<row3>	0.1207 0.1328 -0.0508 1.0000	</row3>
				</transform>
			</node>
			<node>
				<identifier>	HP_Air_ricochet_5	</identifier>
				<transform>
					<row0>	1.0000 0.0000 0.0000 0.0000	</row0>
					<row1>	0.0000 1.0000 0.0000 0.0000	</row1>
					<row2>	0.0000 0.0000 1.0000 0.0000	</row2>
					<row3>	-0.1025 0.1281 -0.0808 1.0000	</row3>
				</transform>
			</node>
			<node>
				<identifier>	HP_Air_ricochet_6	</identifier>
				<transform>
					<row0>	1.0000 0.0000 0.0000 0.0000	</row0>
					<row1>	0.0000 1.0000 0.0000 0.0000	</row1>
					<row2>	0.0000 0.0000 1.0000 0.0000	</row2>
					<row3>	-0.2826 0.1414 -0.0508 1.0000	</row3>
				</transform>
			</node>
			<node>
				<identifier>	HP_Air_ricochet_7	</identifier>
				<transform>
					<row0>	1.0000 0.0000 0.0000 0.0000	</row0>
					<row1>	0.0000 1.0000 0.0000 0.0000	</row1>
					<row2>	0.0000 0.0000 1.0000 0.0000	</row2>
					<row3>	-0.0612 0.1036 -0.0473 1.0000	</row3>
				</transform>
			</node>
			<node>
				<identifier>	HP_Air_ricochet_8	</identifier>
				<transform>
					<row0>	1.0000 0.0000 0.0000 0.0000	</row0>
					<row1>	0.0000 1.0000 0.0000 0.0000	</row1>
					<row2>	0.0000 0.0000 1.0000 0.0000	</row2>
					<row3>	0.0000 0.1001 0.0624 1.0000	</row3>
				</transform>
			</node>
			<node>
				<identifier>	HP_Air_rocket_1	</identifier>
				<transform>
					<row0>	1.0000 0.0000 0.0000 0.0000	</row0>
					<row1>	0.0000 0.9943 -0.1067 0.0000	</row1>
					<row2>	0.0000 0.1067 0.9943 0.0000	</row2>
					<row3>	-0.1819 0.1021 -0.0818 1.0000	</row3>
				</transform>
			</node>
			<node>
				<identifier>	HP_Air_rocket_2	</identifier>
				<transform>
					<row0>	1.0000 0.0000 0.0000 0.0000	</row0>
					<row1>	0.0000 0.9943 -0.1067 0.0000	</row1>
					<row2>	0.0000 0.1067 0.9943 0.0000	</row2>
					<row3>	0.1819 0.1021 -0.0818 1.0000	</row3>
				</transform>
			</node>
			<node>
				<identifier>	HP_Air_rocket_3	</identifier>
				<transform>
					<row0>	1.0000 0.0000 0.0000 0.0000	</row0>
					<row1>	0.0000 0.9943 -0.1067 0.0000	</row1>
					<row2>	0.0000 0.1067 0.9943 0.0000	</row2>
					<row3>	-0.2179 0.1070 -0.0823 1.0000	</row3>
				</transform>
			</node>
			<node>
				<identifier>	HP_Air_rocket_4	</identifier>
				<transform>
					<row0>	1.0000 0.0000 0.0000 0.0000	</row0>
					<row1>	0.0000 0.9943 -0.1067 0.0000	</row1>
					<row2>	0.0000 0.1067 0.9943 0.0000	</row2>
					<row3>	0.2179 0.1070 -0.0823 1.0000	</row3>
				</transform>
			</node>
			<node>
				<identifier>	HP_Air_rocket_5	</identifier>
				<transform>
					<row0>	1.0000 0.0000 0.0000 0.0000	</row0>
					<row1>	0.0000 0.9943 -0.1067 0.0000	</row1>
					<row2>	0.0000 0.1067 0.9943 0.0000	</row2>
					<row3>	-0.2539 0.1118 -0.0828 1.0000	</row3>
				</transform>
			</node>
			<node>
				<identifier>	HP_Air_rocket_6	</identifier>
				<transform>
					<row0>	1.0000 0.0000 0.0000 0.0000	</row0>
					<row1>	0.0000 0.9943 -0.1067 0.0000	</row1>
					<row2>	0.0000 0.1067 0.9943 0.0000	</row2>
					<row3>	0.2539 0.1118 -0.0828 1.0000	</row3>
				</transform>
			</node>
			<node>
				<identifier>	HP_Air_sleeve_1	</identifier>
				<transform>
					<row0>	1.0000 0.0000 0.0000 0.0000	</row0>
					<row1>	0.0000 1.0000 0.0000 0.0000	</row1>
					<row2>	0.0000 0.0000 1.0000 0.0000	</row2>
					<row3>	-0.0173 0.0983 -0.0204 1.0000	</row3>
				</transform>
			</node>
			<node>
				<identifier>	HP_Air_sleeve_2	</identifier>
				<transform>
					<row0>	1.0000 0.0000 0.0000 0.0000	</row0>
					<row1>	0.0000 1.0000 0.0000 0.0000	</row1>
					<row2>	0.0000 0.0000 1.0000 0.0000	</row2>
					<row3>	-0.0779 0.1053 -0.0663 1.0000	</row3>
				</transform>
			</node>
			<node>
				<identifier>	HP_Air_sleeve_3	</identifier>
				<transform>
					<row0>	1.0000 0.0000 0.0000 0.0000	</row0>
					<row1>	0.0000 1.0000 0.0000 0.0000	</row1>
					<row2>	0.0000 0.0000 1.0000 0.0000	</row2>
					<row3>	0.0779 0.1053 -0.0663 1.0000	</row3>
				</transform>
			</node>
			<node>
				<identifier>	HP_Air_sleeve_4	</identifier>
				<transform>
					<row0>	1.0000 0.0000 0.0000 0.0000	</row0>
					<row1>	0.0000 1.0000 0.0000 0.0000	</row1>
					<row2>	0.0000 0.0000 1.0000 0.0000	</row2>
					<row3>	0.0128 0.0979 -0.0604 1.0000	</row3>
				</transform>
			</node>
			<node>
				<identifier>	HP_Air_sleeve_5	</identifier>
				<transform>
					<row0>	1.0000 0.0000 0.0000 0.0000	</row0>
					<row1>	0.0000 1.0000 0.0000 0.0000	</row1>
					<row2>	0.0000 0.0000 1.0000 0.0000	</row2>
					<row3>	-0.0128 0.0979 -0.0604 1.0000	</row3>
				</transform>
			</node>
			<node>
				<identifier>	HP_Air_torpedo_1	</identifier>
				<transform>
					<row0>	1.0000 0.0000 0.0000 0.0000	</row0>
					<row1>	0.0000 0.9918 0.1278 0.0000	</row1>
					<row2>	0.0000 -0.1278 0.9918 0.0000	</row2>
					<row3>	0.0000 0.0893 -0.2280 1.0000	</row3>
				</transform>
			</node>
			<node>
				<identifier>	HP_gunFireBack	</identifier>
				<transform>
					<row0>	-1.0000 0.0000 0.0000 0.0000	</row0>
					<row1>	0.0000 1.0000 0.0000 0.0000	</row1>
					<row2>	0.0000 0.0000 -1.0000 0.0000	</row2>
					<row3>	0.0000 0.1982 -0.2713 1.0000	</row3>
				</transform>
			</node>
			<node>
				<identifier>	Root_BlendBone	</identifier>
				<transform>
					<row0>	1.0000 0.0000 0.0000 0.0000	</row0>
					<row1>	0.0000 1.0000 0.0000 0.0000	</row1>
					<row2>	0.0000 0.0000 -1.0000 0.0000	</row2>
					<row3>	0.0000 0.0000 0.0000 1.0000	</row3>
				</transform>
			</node>
			<node>
				<identifier>	elevator_1	</identifier>
				<transform>
					<row0>	1.0000 0.0000 0.0000 0.0000	</row0>
					<row1>	0.0000 1.0000 0.0000 0.0000	</row1>
					<row2>	0.0000 0.0000 1.0000 0.0000	</row2>
					<row3>	0.0000 0.1624 -0.4723 1.0000	</row3>
				</transform>
				<rotate>
					<min>	-30.0000 -360.0000 -360.0000	</min>
					<max>	25.0000 360.0000 360.0000	</max>
				</rotate>
				<node>
					<identifier>	elevator_1_BlendBone	</identifier>
					<transform>
						<row0>	1.0000 0.0000 0.0000 0.0000	</row0>
						<row1>	0.0000 1.0000 0.0000 0.0000	</row1>
						<row2>	0.0000 0.0000 -1.0000 0.0000	</row2>
						<row3>	0.0000 -0.1624 0.4723 1.0000	</row3>
					</transform>
				</node>
			</node>
			<node>
				<identifier>	l_ailerone_1	</identifier>
				<transform>
					<row0>	0.9857 -0.1224 -0.1155 0.0000	</row0>
					<row1>	0.1232 0.9924 0.0000 0.0000	</row1>
					<row2>	0.1146 -0.0142 0.9933 0.0000	</row2>
					<row3>	-0.2130 0.1269 -0.1085 1.0000	</row3>
				</transform>
				<rotate>
					<min>	-17.0000 -360.0000 -360.0000	</min>
					<max>	17.0000 360.0000 360.0000	</max>
				</rotate>
				<node>
					<identifier>	l_ailerone_1_BlendBone	</identifier>
					<transform>
						<row0>	0.9857 0.1232 0.1146 0.0000	</row0>
						<row1>	-0.1224 0.9924 -0.0142 0.0000	</row1>
						<row2>	0.1155 0.0000 -0.9933 0.0000	</row2>
						<row3>	0.2129 -0.0998 0.1340 1.0000	</row3>
					</transform>
				</node>
			</node>
			<node>
				<identifier>	l_flaps_1	</identifier>
				<transform>
					<row0>	0.9861 -0.1216 -0.1129 0.0000	</row0>
					<row1>	0.1224 0.9925 0.0000 0.0000	</row1>
					<row2>	0.1121 -0.0138 0.9936 0.0000	</row2>
					<row3>	-0.2114 0.1259 -0.1061 1.0000	</row3>
				</transform>
				<rotate>
					<min>	0.0000 -360.0000 -360.0000	</min>
					<max>	58.0000 360.0000 360.0000	</max>
				</rotate>
				<node>
					<identifier>	l_flaps_1_BlendBone	</identifier>
					<transform>
						<row0>	0.9861 0.1224 0.1121 0.0000	</row0>
						<row1>	-0.1216 0.9925 -0.0138 0.0000	</row1>
						<row2>	0.1129 0.0000 -0.9936 0.0000	</row2>
						<row3>	0.2118 -0.0992 0.1308 1.0000	</row3>
					</transform>
				</node>
			</node>
			<node>
				<identifier>	r_ailerone_1	</identifier>
				<transform>
					<row0>	0.9857 0.1224 0.1155 0.0000	</row0>
					<row1>	-0.1232 0.9924 0.0000 0.0000	</row1>
					<row2>	-0.1146 -0.0142 0.9933 0.0000	</row2>
					<row3>	0.2130 0.1269 -0.1085 1.0000	</row3>
				</transform>
				<rotate>
					<min>	-17.0000 -360.0000 -360.0000	</min>
					<max>	17.0000 360.0000 360.0000	</max>
				</rotate>
				<node>
					<identifier>	r_ailerone_1_BlendBone	</identifier>
					<transform>
						<row0>	0.9857 -0.1232 -0.1146 0.0000	</row0>
						<row1>	0.1224 0.9924 -0.0142 0.0000	</row1>
						<row2>	-0.1155 0.0000 -0.9933 0.0000	</row2>
						<row3>	-0.2129 -0.0998 0.1340 1.0000	</row3>
					</transform>
				</node>
			</node>
			<node>
				<identifier>	r_flaps_1	</identifier>
				<transform>
					<row0>	0.9861 0.1216 0.1129 0.0000	</row0>
					<row1>	-0.1224 0.9925 0.0000 0.0000	</row1>
					<row2>	-0.1121 -0.0138 0.9936 0.0000	</row2>
					<row3>	0.2114 0.1259 -0.1061 1.0000	</row3>
				</transform>
				<rotate>
					<min>	0.0000 -360.0000 -360.0000	</min>
					<max>	58.0000 360.0000 360.0000	</max>
				</rotate>
				<node>
					<identifier>	r_flaps_1_BlendBone	</identifier>
					<transform>
						<row0>	0.9861 -0.1224 -0.1121 0.0000	</row0>
						<row1>	0.1216 0.9925 -0.0138 0.0000	</row1>
						<row2>	-0.1129 0.0000 -0.9936 0.0000	</row2>
						<row3>	-0.2118 -0.0992 0.1308 1.0000	</row3>
					</transform>
				</node>
			</node>
			<node>
				<identifier>	rudder_1	</identifier>
				<transform>
					<row0>	1.0000 0.0000 0.0000 0.0000	</row0>
					<row1>	0.0000 1.0000 0.0000 0.0000	</row1>
					<row2>	0.0000 0.0000 1.0000 0.0000	</row2>
					<row3>	0.0000 0.1715 -0.5076 1.0000	</row3>
				</transform>
				<rotate>
					<min>	-360.0000 -30.0000 -360.0000	</min>
					<max>	360.0000 30.0000 360.0000	</max>
				</rotate>
				<node>
					<identifier>	rudder_1_BlendBone	</identifier>
					<transform>
						<row0>	1.0000 0.0000 0.0000 0.0000	</row0>
						<row1>	0.0000 1.0000 0.0000 0.0000	</row1>
						<row2>	0.0000 0.0000 -1.0000 0.0000	</row2>
						<row3>	0.0000 -0.1715 0.5076 1.0000	</row3>
					</transform>
				</node>
			</node>
		</node>
	</node>
	<renderSet>
		<treatAsWorldSpaceObject>	true	</treatAsWorldSpaceObject>
		<node>	Root_BlendBone	</node>
		<geometry>
			<vertices>	Hull_lod3Shape.vertices	</vertices>
			<primitive>	Hull_lod3Shape.indices	</primitive>
			<primitiveGroup>	0
				<material>
					<identifier>	TL2_SHIPMAT_PBS_Hull_skinned	</identifier>
					<mfm>	PnFMods/ModsSDK.zip/GSA598_Black_Graf_Zeppelin/aircraft/GAB703_Ta_152_C1_R14_skinned.mfm	</mfm>
				</material>
			</primitiveGroup>
		</geometry>
	</renderSet>
	<renderSet>
		<treatAsWorldSpaceObject>	false	</treatAsWorldSpaceObject>
		<node>	chassis_on_BlendBone	</node>
		<geometry>
			<vertices>	chassis_on_BlendBone_lod3Shape.vertices	</vertices>
			<primitive>	chassis_on_BlendBone_lod3Shape.indices	</primitive>
			<primitiveGroup>	0
				<material>
					<identifier>	TL2_SHIPMAT_PBS_Hull	</identifier>
					<mfm>	PnFMods/ModsSDK.zip/GSA598_Black_Graf_Zeppelin/aircraft/GAB703_Ta_152_C1_R14.mfm	</mfm>
				</material>
			</primitiveGroup>
		</geometry>
	</renderSet>
	<renderSet>
		<treatAsWorldSpaceObject>	false	</treatAsWorldSpaceObject>
		<node>	pylon_rocket_default_BlendBone	</node>
		<geometry>
			<vertices>	pylon_rocket_default_BlendBone_lod3Shape.vertices	</vertices>
			<primitive>	pylon_rocket_default_BlendBone_lod3Shape.indices	</primitive>
			<primitiveGroup>	0
				<material>
					<identifier>	TL2_SHIPMAT_PBS_Hull	</identifier>
					<mfm>	PnFMods/ModsSDK.zip/GSA598_Black_Graf_Zeppelin/aircraft/GAB703_Ta_152_C1_R14.mfm	</mfm>
				</material>
			</primitiveGroup>
		</geometry>
	</renderSet>
	<boundingBox>
		<min>	-0.3660 0.0000 -0.5412	</min>
		<max>	0.3660 0.2465 0.1771	</max>
	</boundingBox>
</GAB703_Ta_152_C1_R14_proto_lod3.visual>
