<VSC012_San_Martin_1949_Stern_ports.visual>
	<node>
		<identifier>	Scene Root	</identifier>
		<transform>
			<row0>	1.0000 0.0000 0.0000 0.0000	</row0>
			<row1>	0.0000 1.0000 0.0000 0.0000	</row1>
			<row2>	0.0000 0.0000 1.0000 0.0000	</row2>
			<row3>	0.0000 0.0000 0.0000 1.0000	</row3>
		</transform>
		<node>
			<identifier>	Stern_ports	</identifier>
			<transform>
				<row0>	1.0000 0.0000 0.0000 0.0000	</row0>
				<row1>	0.0000 1.0000 0.0000 0.0000	</row1>
				<row2>	0.0000 0.0000 1.0000 0.0000	</row2>
				<row3>	0.0000 0.0000 0.0000 1.0000	</row3>
			</transform>
			<node>
				<identifier>	HP_FX_Death_3	</identifier>
				<transform>
					<row0>	1.0000 0.0000 0.0000 0.0000	</row0>
					<row1>	0.0000 1.0000 0.0000 0.0000	</row1>
					<row2>	0.0000 0.0000 1.0000 0.0000	</row2>
					<row3>	0.0000 0.0000 -4.9257 1.0000	</row3>
				</transform>
			</node>
			<node>
				<identifier>	HP_FX_Fire_4	</identifier>
				<transform>
					<row0>	1.0000 0.0000 0.0000 0.0000	</row0>
					<row1>	0.0000 1.0000 0.0000 0.0000	</row1>
					<row2>	0.0000 0.0000 1.0000 0.0000	</row2>
					<row3>	0.0000 0.3640 -5.1840 1.0000	</row3>
				</transform>
			</node>
			<node>
				<identifier>	HP_FX_Flood_water_left	</identifier>
				<transform>
					<row0>	-0.2183 -0.9639 -0.1524 0.0000	</row0>
					<row1>	-0.9705 0.2308 -0.0702 0.0000	</row1>
					<row2>	0.1029 0.1326 -0.9858 0.0000	</row2>
					<row3>	-0.6471 0.1252 -4.8964 1.0000	</row3>
				</transform>
			</node>
			<node>
				<identifier>	HP_FX_Flood_water_right	</identifier>
				<transform>
					<row0>	0.2329 -0.9639 0.1290 0.0000	</row0>
					<row1>	0.9725 0.2309 -0.0309 0.0000	</row1>
					<row2>	0.0000 0.1326 0.9912 0.0000	</row2>
					<row3>	0.6487 0.1253 -4.8968 1.0000	</row3>
				</transform>
			</node>
			<node>
				<identifier>	HP_FX_RepairLight_left_2	</identifier>
				<transform>
					<row0>	-0.0335 0.0000 0.9994 0.0000	</row0>
					<row1>	0.0000 1.0000 0.0000 0.0000	</row1>
					<row2>	-0.9994 0.0000 -0.0335 0.0000	</row2>
					<row3>	-0.6677 0.3529 -3.9969 1.0000	</row3>
				</transform>
			</node>
			<node>
				<identifier>	HP_FX_WakeTraceBack	</identifier>
				<transform>
					<row0>	1.0000 0.0000 0.0000 0.0000	</row0>
					<row1>	0.0000 1.0000 0.0000 0.0000	</row1>
					<row2>	0.0000 0.0000 1.0000 0.0000	</row2>
					<row3>	0.0000 0.0000 -7.0147 1.0000	</row3>
				</transform>
			</node>
			<node>
				<identifier>	HP_FX_WakeTrace_screw_1	</identifier>
				<transform>
					<row0>	1.0000 0.0000 0.0000 0.0000	</row0>
					<row1>	0.0000 1.0000 0.0000 0.0000	</row1>
					<row2>	0.0000 0.0000 1.0000 0.0000	</row2>
					<row3>	-0.5610 -0.3976 -5.0741 1.0000	</row3>
				</transform>
			</node>
			<node>
				<identifier>	HP_FX_WakeTrace_screw_2	</identifier>
				<transform>
					<row0>	1.0000 0.0000 0.0000 0.0000	</row0>
					<row1>	0.0000 1.0000 0.0000 0.0000	</row1>
					<row2>	0.0000 0.0000 1.0000 0.0000	</row2>
					<row3>	-0.2770 -0.4051 -6.0151 1.0000	</row3>
				</transform>
			</node>
			<node>
				<identifier>	HP_FX_WakeTrace_screw_3	</identifier>
				<transform>
					<row0>	1.0000 0.0000 0.0000 0.0000	</row0>
					<row1>	0.0000 1.0000 0.0000 0.0000	</row1>
					<row2>	0.0000 0.0000 1.0000 0.0000	</row2>
					<row3>	0.2770 -0.4051 -6.0151 1.0000	</row3>
				</transform>
			</node>
			<node>
				<identifier>	HP_FX_WakeTrace_screw_4	</identifier>
				<transform>
					<row0>	1.0000 0.0000 0.0000 0.0000	</row0>
					<row1>	0.0000 1.0000 0.0000 0.0000	</row1>
					<row2>	0.0000 0.0000 1.0000 0.0000	</row2>
					<row3>	0.5610 -0.3976 -5.0741 1.0000	</row3>
				</transform>
			</node>
			<node>
				<identifier>	HP_Ship_death_3	</identifier>
				<transform>
					<row0>	1.0000 0.0000 0.0000 0.0000	</row0>
					<row1>	0.0000 1.0000 0.0000 0.0000	</row1>
					<row2>	0.0000 0.0000 1.0000 0.0000	</row2>
					<row3>	0.0000 0.0000 -3.8739 1.0000	</row3>
				</transform>
			</node>
			<node>
				<identifier>	HP_VC_1	</identifier>
				<transform>
					<row0>	0.6428 0.0000 0.7660 0.0000	</row0>
					<row1>	0.0000 1.0000 0.0000 0.0000	</row1>
					<row2>	-0.7660 0.0000 0.6428 0.0000	</row2>
					<row3>	-0.4485 0.4385 -6.0905 1.0000	</row3>
				</transform>
			</node>
			<node>
				<identifier>	HP_VD_21	</identifier>
				<transform>
					<row0>	-1.0000 0.0000 0.0000 0.0000	</row0>
					<row1>	0.0000 1.0000 0.0000 0.0000	</row1>
					<row2>	0.0000 0.0000 -1.0000 0.0000	</row2>
					<row3>	-0.3243 0.5343 -6.9847 1.0000	</row3>
				</transform>
			</node>
			<node>
				<identifier>	HP_VD_22	</identifier>
				<transform>
					<row0>	-1.0000 0.0000 0.0000 0.0000	</row0>
					<row1>	0.0000 1.0000 0.0000 0.0000	</row1>
					<row2>	0.0000 0.0000 -1.0000 0.0000	</row2>
					<row3>	0.3243 0.5343 -6.9847 1.0000	</row3>
				</transform>
			</node>
			<node>
				<identifier>	HP_VGA_18	</identifier>
				<transform>
					<row0>	-0.7071 0.0000 0.7071 0.0000	</row0>
					<row1>	0.0000 1.0000 0.0000 0.0000	</row1>
					<row2>	-0.7071 0.0000 -0.7071 0.0000	</row2>
					<row3>	-0.5099 0.3627 -4.9525 1.0000	</row3>
				</transform>
			</node>
			<node>
				<identifier>	HP_VGA_19	</identifier>
				<transform>
					<row0>	-0.7071 0.0000 -0.7071 0.0000	</row0>
					<row1>	0.0000 1.0000 0.0000 0.0000	</row1>
					<row2>	0.7071 0.0000 -0.7071 0.0000	</row2>
					<row3>	0.5099 0.3627 -4.9525 1.0000	</row3>
				</transform>
			</node>
			<node>
				<identifier>	HP_VGA_20	</identifier>
				<transform>
					<row0>	-1.0000 0.0000 0.0000 0.0000	</row0>
					<row1>	0.0000 1.0000 0.0000 0.0000	</row1>
					<row2>	0.0000 0.0000 -1.0000 0.0000	</row2>
					<row3>	-0.2791 0.4008 -7.2055 1.0000	</row3>
				</transform>
			</node>
			<node>
				<identifier>	HP_VGA_21	</identifier>
				<transform>
					<row0>	-1.0000 0.0000 0.0000 0.0000	</row0>
					<row1>	0.0000 1.0000 0.0000 0.0000	</row1>
					<row2>	0.0000 0.0000 -1.0000 0.0000	</row2>
					<row3>	0.2791 0.4008 -7.2055 1.0000	</row3>
				</transform>
			</node>
			<node>
				<identifier>	HP_VGM_4	</identifier>
				<transform>
					<row0>	-1.0000 0.0000 0.0000 0.0000	</row0>
					<row1>	0.0000 1.0000 0.0000 0.0000	</row1>
					<row2>	0.0000 0.0000 -1.0000 0.0000	</row2>
					<row3>	0.0000 0.3995 -4.1395 1.0000	</row3>
				</transform>
			</node>
			<node>
				<identifier>	MP_CM002_Propeller4_L	</identifier>
				<transform>
					<row0>	0.9992 -0.0007 -0.0405 0.0000	</row0>
					<row1>	-0.0007 0.9995 -0.0326 0.0000	</row1>
					<row2>	0.0405 0.0326 0.9986 0.0000	</row2>
					<row3>	-0.5610 -0.3976 -5.0740 1.0000	</row3>
				</transform>
			</node>
			<node>
				<identifier>	MP_CM002_Propeller4_L_INDEX_1	</identifier>
				<transform>
					<row0>	1.0000 0.0000 -0.0013 0.0000	</row0>
					<row1>	0.0000 0.9990 -0.0452 0.0000	</row1>
					<row2>	0.0013 0.0452 0.9990 0.0000	</row2>
					<row3>	-0.2770 -0.4051 -6.0151 1.0000	</row3>
				</transform>
			</node>
			<node>
				<identifier>	MP_CM033_Propeller4_R	</identifier>
				<transform>
					<row0>	0.9992 0.0007 0.0405 0.0000	</row0>
					<row1>	0.0007 0.9995 -0.0326 0.0000	</row1>
					<row2>	-0.0405 0.0326 0.9986 0.0000	</row2>
					<row3>	0.5610 -0.3976 -5.0740 1.0000	</row3>
				</transform>
			</node>
			<node>
				<identifier>	MP_CM033_Propeller4_R_INDEX_1	</identifier>
				<transform>
					<row0>	1.0000 0.0000 0.0013 0.0000	</row0>
					<row1>	0.0000 0.9990 -0.0452 0.0000	</row1>
					<row2>	-0.0013 0.0452 0.9990 0.0000	</row2>
					<row3>	0.2770 -0.4051 -6.0151 1.0000	</row3>
				</transform>
			</node>
			<node>
				<identifier>	MP_CM059_Ladder_Cruiser	</identifier>
				<transform>
					<row0>	1.0000 0.0000 0.0000 0.0000	</row0>
					<row1>	0.0000 1.0000 0.0000 0.0000	</row1>
					<row2>	0.0000 0.0000 1.0000 0.0000	</row2>
					<row3>	0.3645 0.3708 -3.9766 1.0000	</row3>
				</transform>
			</node>
			<node>
				<identifier>	MP_CM117_Ladder_Cruiser_L	</identifier>
				<transform>
					<row0>	1.0000 0.0000 0.0000 0.0000	</row0>
					<row1>	0.0000 1.0000 0.0000 0.0000	</row1>
					<row2>	0.0000 0.0000 1.0000 0.0000	</row2>
					<row3>	-0.3641 0.3680 -3.9759 1.0000	</row3>
				</transform>
			</node>
			<node>
				<identifier>	MP_VM001_Nueve_de_Julio_arms	</identifier>
				<transform>
					<row0>	-0.8500 0.0000 0.0000 0.0000	</row0>
					<row1>	0.0000 0.7754 -0.3481 0.0000	</row1>
					<row2>	0.0000 -0.3481 -0.7754 0.0000	</row2>
					<row3>	0.0000 0.2267 -7.1929 1.0000	</row3>
				</transform>
			</node>
			<node>
				<identifier>	MP_VM002_Speaker	</identifier>
				<transform>
					<row0>	-0.5000 0.0000 0.0000 0.0000	</row0>
					<row1>	0.0000 0.5000 0.0000 0.0000	</row1>
					<row2>	0.0000 0.0000 -0.5000 0.0000	</row2>
					<row3>	-0.4659 0.4183 -5.0394 1.0000	</row3>
				</transform>
			</node>
			<node>
				<identifier>	MP_VM002_Speaker_INDEX_1	</identifier>
				<transform>
					<row0>	0.7000 0.0000 0.0000 0.0000	</row0>
					<row1>	0.0000 0.7000 0.0000 0.0000	</row1>
					<row2>	0.0000 0.0000 0.7000 0.0000	</row2>
					<row3>	0.3243 0.5705 -7.0662 1.0000	</row3>
				</transform>
			</node>
			<node>
				<identifier>	MP_VM002_Speaker_INDEX_2	</identifier>
				<transform>
					<row0>	-0.5000 0.0000 0.0000 0.0000	</row0>
					<row1>	0.0000 0.5000 0.0000 0.0000	</row1>
					<row2>	0.0000 0.0000 -0.5000 0.0000	</row2>
					<row3>	0.4659 0.4183 -5.0394 1.0000	</row3>
				</transform>
			</node>
			<node>
				<identifier>	MP_VM002_Speaker_INDEX_3	</identifier>
				<transform>
					<row0>	0.7000 0.0000 0.0000 0.0000	</row0>
					<row1>	0.0000 0.7000 0.0000 0.0000	</row1>
					<row2>	0.0000 0.0000 0.7000 0.0000	</row2>
					<row3>	-0.3243 0.5705 -7.0662 1.0000	</row3>
				</transform>
			</node>
			<node>
				<identifier>	MP_VM006_Life_Buoy	</identifier>
				<transform>
					<row0>	-0.8367 0.0000 0.5476 0.0000	</row0>
					<row1>	0.0000 1.0000 0.0000 0.0000	</row1>
					<row2>	-0.5476 0.0000 -0.8367 0.0000	</row2>
					<row3>	0.2683 0.4760 -6.9498 1.0000	</row3>
				</transform>
			</node>
			<node>
				<identifier>	MP_VM006_Life_Buoy_INDEX_1	</identifier>
				<transform>
					<row0>	-0.8367 0.0000 -0.5476 0.0000	</row0>
					<row1>	0.0000 1.0000 0.0000 0.0000	</row1>
					<row2>	0.5476 0.0000 -0.8367 0.0000	</row2>
					<row3>	-0.2628 0.4760 -6.9462 1.0000	</row3>
				</transform>
			</node>
			<node>
				<identifier>	MP_VM519_Boat_4	</identifier>
				<transform>
					<row0>	0.0092 -0.0119 0.9999 0.0000	</row0>
					<row1>	0.0319 0.9994 0.0116 0.0000	</row1>
					<row2>	-0.9994 0.0318 0.0096 0.0000	</row2>
					<row3>	0.3925 0.3759 -5.5329 1.0000	</row3>
				</transform>
			</node>
			<node>
				<identifier>	MP_VM519_Boat_4_INDEX_1	</identifier>
				<transform>
					<row0>	0.0092 -0.0119 0.9999 0.0000	</row0>
					<row1>	0.0319 0.9994 0.0116 0.0000	</row1>
					<row2>	-0.9994 0.0318 0.0096 0.0000	</row2>
					<row3>	0.3899 0.3793 -5.8226 1.0000	</row3>
				</transform>
			</node>
			<node>
				<identifier>	MP_VM519_Boat_4_INDEX_2	</identifier>
				<transform>
					<row0>	0.9997 0.0235 0.0002 0.0000	</row0>
					<row1>	-0.0235 0.9996 0.0131 0.0000	</row1>
					<row2>	0.0002 -0.0131 0.9999 0.0000	</row2>
					<row3>	-0.3973 0.3877 -6.4457 1.0000	</row3>
				</transform>
			</node>
			<node>
				<identifier>	MP_VM519_Boat_4_INDEX_3	</identifier>
				<transform>
					<row0>	0.0092 0.0119 -0.9999 0.0000	</row0>
					<row1>	-0.0319 0.9994 0.0116 0.0000	</row1>
					<row2>	0.9994 0.0318 0.0096 0.0000	</row2>
					<row3>	-0.3899 0.3793 -5.8226 1.0000	</row3>
				</transform>
			</node>
			<node>
				<identifier>	MP_VM519_Boat_4_INDEX_4	</identifier>
				<transform>
					<row0>	0.0092 0.0119 -0.9999 0.0000	</row0>
					<row1>	-0.0319 0.9994 0.0116 0.0000	</row1>
					<row2>	0.9994 0.0318 0.0096 0.0000	</row2>
					<row3>	-0.3912 0.3775 -5.6786 1.0000	</row3>
				</transform>
			</node>
			<node>
				<identifier>	MP_VM519_Boat_4_INDEX_5	</identifier>
				<transform>
					<row0>	0.0092 0.0119 -0.9999 0.0000	</row0>
					<row1>	-0.0319 0.9994 0.0116 0.0000	</row1>
					<row2>	0.9994 0.0318 0.0096 0.0000	</row2>
					<row3>	-0.3925 0.3759 -5.5329 1.0000	</row3>
				</transform>
			</node>
			<node>
				<identifier>	MP_VM519_Boat_4_INDEX_6	</identifier>
				<transform>
					<row0>	0.0092 -0.0119 0.9999 0.0000	</row0>
					<row1>	0.0319 0.9994 0.0116 0.0000	</row1>
					<row2>	-0.9994 0.0318 0.0096 0.0000	</row2>
					<row3>	0.3912 0.3775 -5.6786 1.0000	</row3>
				</transform>
			</node>
			<node>
				<identifier>	MP_VM522_Motor_launch_36ft	</identifier>
				<transform>
					<row0>	1.0000 0.0000 0.0000 0.0000	</row0>
					<row1>	0.0000 1.0000 0.0000 0.0000	</row1>
					<row2>	0.0000 0.0000 1.0000 0.0000	</row2>
					<row3>	0.3168 0.4334 -6.5460 1.0000	</row3>
				</transform>
			</node>
			<node>
				<identifier>	MP_VM714_Ammobox	</identifier>
				<transform>
					<row0>	0.7729 -0.0184 -0.6342 0.0000	</row0>
					<row1>	0.0262 0.9997 0.0029 0.0000	</row1>
					<row2>	0.6340 -0.0188 0.7731 0.0000	</row2>
					<row3>	0.4934 0.3634 -4.7794 1.0000	</row3>
				</transform>
			</node>
			<node>
				<identifier>	MP_VM714_Ammobox_INDEX_1	</identifier>
				<transform>
					<row0>	0.9996 -0.0285 0.0000 0.0000	</row0>
					<row1>	0.0285 0.9996 0.0070 0.0000	</row1>
					<row2>	-0.0002 -0.0070 1.0000 0.0000	</row2>
					<row3>	0.4646 0.3678 -5.0777 1.0000	</row3>
				</transform>
			</node>
			<node>
				<identifier>	MP_VM714_Ammobox_INDEX_2	</identifier>
				<transform>
					<row0>	0.7729 0.0184 0.6342 0.0000	</row0>
					<row1>	-0.0262 0.9997 0.0029 0.0000	</row1>
					<row2>	-0.6340 -0.0188 0.7731 0.0000	</row2>
					<row3>	-0.4931 0.3634 -4.7792 1.0000	</row3>
				</transform>
			</node>
			<node>
				<identifier>	MP_VM714_Ammobox_INDEX_3	</identifier>
				<transform>
					<row0>	0.9996 0.0285 0.0000 0.0000	</row0>
					<row1>	-0.0285 0.9996 0.0070 0.0000	</row1>
					<row2>	0.0002 -0.0070 1.0000 0.0000	</row2>
					<row3>	-0.4649 0.3678 -5.0777 1.0000	</row3>
				</transform>
			</node>
			<node>
				<identifier>	MP_VM717_Ammunition_Box	</identifier>
				<transform>
					<row0>	1.0000 0.0000 0.0000 0.0000	</row0>
					<row1>	0.0000 0.9999 0.0147 0.0000	</row1>
					<row2>	0.0000 -0.0147 0.9999 0.0000	</row2>
					<row3>	-0.0676 0.3976 -6.8089 1.0000	</row3>
				</transform>
			</node>
			<node>
				<identifier>	MP_VM717_Ammunition_Box_INDEX_1	</identifier>
				<transform>
					<row0>	1.0000 0.0000 0.0000 0.0000	</row0>
					<row1>	0.0000 0.9999 0.0164 0.0000	</row1>
					<row2>	0.0000 -0.0164 0.9999 0.0000	</row2>
					<row3>	0.1666 0.3981 -6.8120 1.0000	</row3>
				</transform>
			</node>
			<node>
				<identifier>	MP_VM805_Ventilators_3	</identifier>
				<transform>
					<row0>	1.0000 0.0000 0.0000 0.0000	</row0>
					<row1>	0.0000 1.0000 0.0000 0.0000	</row1>
					<row2>	0.0000 0.0000 1.0000 0.0000	</row2>
					<row3>	-0.1448 0.3964 -6.8625 1.0000	</row3>
				</transform>
			</node>
			<node>
				<identifier>	MP_VM807_Ventilation_5	</identifier>
				<transform>
					<row0>	1.0000 0.0000 0.0000 0.0000	</row0>
					<row1>	0.0000 1.0000 0.0000 0.0000	</row1>
					<row2>	0.0000 0.0000 1.0000 0.0000	</row2>
					<row3>	0.1209 0.3718 -4.7278 1.0000	</row3>
				</transform>
			</node>
			<node>
				<identifier>	MP_VM807_Ventilation_5_INDEX_1	</identifier>
				<transform>
					<row0>	1.0000 0.0000 0.0000 0.0000	</row0>
					<row1>	0.0000 1.0000 0.0000 0.0000	</row1>
					<row2>	0.0000 0.0000 1.0000 0.0000	</row2>
					<row3>	0.1206 0.3718 -4.5976 1.0000	</row3>
				</transform>
			</node>
			<node>
				<identifier>	MP_VM850_Signal_Lamp	</identifier>
				<transform>
					<row0>	1.0000 0.0000 0.0000 0.0000	</row0>
					<row1>	0.0000 0.9214 -0.3887 0.0000	</row1>
					<row2>	0.0000 0.3887 0.9214 0.0000	</row2>
					<row3>	0.0000 0.5991 -7.3359 1.0000	</row3>
				</transform>
			</node>
			<node>
				<identifier>	MP_VM860_Running_Light	</identifier>
				<transform>
					<row0>	-1.0000 0.0000 0.0000 0.0000	</row0>
					<row1>	0.0000 1.0000 0.0000 0.0000	</row1>
					<row2>	0.0000 0.0000 -1.0000 0.0000	</row2>
					<row3>	0.0000 0.3394 -7.2636 1.0000	</row3>
				</transform>
			</node>
			<node>
				<identifier>	MP_VM860_Running_Light_INDEX_1	</identifier>
				<transform>
					<row0>	-1.0000 0.0000 0.0000 0.0000	</row0>
					<row1>	0.0000 1.0000 0.0000 0.0000	</row1>
					<row2>	0.0000 0.0000 -1.0000 0.0000	</row2>
					<row3>	0.0000 0.3040 -7.2490 1.0000	</row3>
				</transform>
			</node>
			<node>
				<identifier>	MP_VM871_Wake_Light	</identifier>
				<transform>
					<row0>	-1.0000 0.0000 0.0000 0.0000	</row0>
					<row1>	0.0000 1.0000 0.0000 0.0000	</row1>
					<row2>	0.0000 0.0000 -1.0000 0.0000	</row2>
					<row3>	0.0000 0.3901 -7.2729 1.0000	</row3>
				</transform>
			</node>
			<node>
				<identifier>	MP_VM900_Aircraft_Crane	</identifier>
				<transform>
					<row0>	1.0000 0.0000 0.0000 0.0000	</row0>
					<row1>	0.0000 1.0000 0.0000 0.0000	</row1>
					<row2>	0.0000 0.0000 1.0000 0.0000	</row2>
					<row3>	0.0000 0.3984 -6.9785 1.0000	</row3>
				</transform>
			</node>
			<node>
				<identifier>	MP_VM951_Boat_Winch	</identifier>
				<transform>
					<row0>	-0.9707 -0.0207 0.2396 0.0000	</row0>
					<row1>	-0.0194 0.9998 0.0076 0.0000	</row1>
					<row2>	-0.2397 0.0027 -0.9708 0.0000	</row2>
					<row3>	-0.1576 0.3739 -4.8971 1.0000	</row3>
				</transform>
			</node>
			<node>
				<identifier>	MP_VM951_Boat_Winch_INDEX_1	</identifier>
				<transform>
					<row0>	-0.9707 0.0207 -0.2396 0.0000	</row0>
					<row1>	0.0194 0.9998 0.0076 0.0000	</row1>
					<row2>	0.2397 0.0027 -0.9708 0.0000	</row2>
					<row3>	0.1576 0.3739 -4.8971 1.0000	</row3>
				</transform>
			</node>
			<node>
				<identifier>	MP_VM969_Fairlead	</identifier>
				<transform>
					<row0>	-0.0164 0.0026 -0.6779 0.0000	</row0>
					<row1>	0.0040 0.6781 0.0025 0.0000	</row1>
					<row2>	0.6779 -0.0039 -0.0164 0.0000	</row2>
					<row3>	-0.0568 0.4000 -7.2514 1.0000	</row3>
				</transform>
			</node>
			<node>
				<identifier>	MP_VM969_Fairlead_INDEX_1	</identifier>
				<transform>
					<row0>	-0.0164 -0.0026 0.6779 0.0000	</row0>
					<row1>	-0.0040 0.6781 0.0025 0.0000	</row1>
					<row2>	-0.6779 -0.0039 -0.0164 0.0000	</row2>
					<row3>	0.0568 0.4000 -7.2514 1.0000	</row3>
				</transform>
			</node>
			<node>
				<identifier>	SP_YMS011_YHWL_M_1_INDEX_1	</identifier>
				<transform>
					<row0>	0.8928 0.0000 0.1136 0.0000	</row0>
					<row1>	0.0000 0.9000 0.0000 0.0000	</row1>
					<row2>	-0.1136 0.0000 0.8928 0.0000	</row2>
					<row3>	-0.4941 -0.0007 -6.3228 1.0000	</row3>
				</transform>
			</node>
			<node>
				<identifier>	SP_YMS011_YHWL_M_1_INDEX_12	</identifier>
				<transform>
					<row0>	0.8982 0.0000 0.0570 0.0000	</row0>
					<row1>	0.0000 0.9000 0.0000 0.0000	</row1>
					<row2>	-0.0570 0.0000 0.8982 0.0000	</row2>
					<row3>	-0.6338 -0.0007 -4.8042 1.0000	</row3>
				</transform>
			</node>
			<node>
				<identifier>	SP_YMS011_YHWL_M_1_INDEX_3	</identifier>
				<transform>
					<row0>	0.8994 0.0000 0.0339 0.0000	</row0>
					<row1>	0.0000 0.9000 0.0000 0.0000	</row1>
					<row2>	-0.0339 0.0000 0.8994 0.0000	</row2>
					<row3>	-0.6800 -0.0007 -4.0506 1.0000	</row3>
				</transform>
			</node>
			<node>
				<identifier>	SP_YMS011_YHWL_M_1_INDEX_6	</identifier>
				<transform>
					<row0>	0.8974 0.0000 0.0685 0.0000	</row0>
					<row1>	0.0000 0.9000 0.0000 0.0000	</row1>
					<row2>	-0.0685 0.0000 0.8974 0.0000	</row2>
					<row3>	-0.5772 -0.0007 -5.5621 1.0000	</row3>
				</transform>
			</node>
			<node>
				<identifier>	SP_YMS012_YHWR_M_1_INDEX_13	</identifier>
				<transform>
					<row0>	0.8994 0.0000 -0.0339 0.0000	</row0>
					<row1>	0.0000 0.9000 0.0000 0.0000	</row1>
					<row2>	0.0339 0.0000 0.8994 0.0000	</row2>
					<row3>	0.6800 -0.0007 -4.0506 1.0000	</row3>
				</transform>
			</node>
			<node>
				<identifier>	SP_YMS012_YHWR_M_1_INDEX_14	</identifier>
				<transform>
					<row0>	0.8974 0.0000 -0.0685 0.0000	</row0>
					<row1>	0.0000 0.9000 0.0000 0.0000	</row1>
					<row2>	0.0685 0.0000 0.8974 0.0000	</row2>
					<row3>	0.5772 -0.0007 -5.5621 1.0000	</row3>
				</transform>
			</node>
			<node>
				<identifier>	SP_YMS012_YHWR_M_1_INDEX_3	</identifier>
				<transform>
					<row0>	0.8982 0.0000 -0.0570 0.0000	</row0>
					<row1>	0.0000 0.9000 0.0000 0.0000	</row1>
					<row2>	0.0570 0.0000 0.8982 0.0000	</row2>
					<row3>	0.6338 -0.0007 -4.8042 1.0000	</row3>
				</transform>
			</node>
			<node>
				<identifier>	SP_YMS012_YHWR_M_1_INDEX_8	</identifier>
				<transform>
					<row0>	0.8928 0.0000 -0.1136 0.0000	</row0>
					<row1>	0.0000 0.9000 0.0000 0.0000	</row1>
					<row2>	0.1136 0.0000 0.8928 0.0000	</row2>
					<row3>	0.4941 -0.0007 -6.3228 1.0000	</row3>
				</transform>
			</node>
			<node>
				<identifier>	SP_YMS023_YHUC_L_1	</identifier>
				<transform>
					<row0>	0.6994 0.0005 0.0283 0.0000	</row0>
					<row1>	0.0005 0.6996 -0.0228 0.0000	</row1>
					<row2>	-0.0283 0.0228 0.6991 0.0000	</row2>
					<row3>	0.5610 -0.3976 -5.0740 1.0000	</row3>
				</transform>
			</node>
			<node>
				<identifier>	SP_YMS023_YHUC_L_1_INDEX_1	</identifier>
				<transform>
					<row0>	0.7000 0.0000 -0.0009 0.0000	</row0>
					<row1>	0.0000 0.6993 -0.0316 0.0000	</row1>
					<row2>	0.0009 0.0316 0.6993 0.0000	</row2>
					<row3>	-0.2770 -0.4051 -6.0151 1.0000	</row3>
				</transform>
			</node>
			<node>
				<identifier>	SP_YMS023_YHUC_L_1_INDEX_2	</identifier>
				<transform>
					<row0>	0.7000 0.0000 0.0009 0.0000	</row0>
					<row1>	0.0000 0.6993 -0.0316 0.0000	</row1>
					<row2>	-0.0009 0.0316 0.6993 0.0000	</row2>
					<row3>	0.2770 -0.4051 -6.0151 1.0000	</row3>
				</transform>
			</node>
			<node>
				<identifier>	SP_YMS023_YHUC_L_1_INDEX_3	</identifier>
				<transform>
					<row0>	0.6994 -0.0005 -0.0283 0.0000	</row0>
					<row1>	-0.0005 0.6996 -0.0228 0.0000	</row1>
					<row2>	0.0283 0.0228 0.6991 0.0000	</row2>
					<row3>	-0.5610 -0.3976 -5.0740 1.0000	</row3>
				</transform>
			</node>
			<node>
				<identifier>	SP_YMS030_YHAM_M_1	</identifier>
				<transform>
					<row0>	0.5879 0.0000 0.0000 0.0000	</row0>
					<row1>	0.0000 0.5879 0.0000 0.0000	</row1>
					<row2>	0.0000 0.0000 0.5879 0.0000	</row2>
					<row3>	0.0000 0.1753 -7.2115 1.0000	</row3>
				</transform>
			</node>
			<node>
				<identifier>	SP_YMS031_YHAL_M_1	</identifier>
				<transform>
					<row0>	0.9765 0.0000 0.2156 0.0000	</row0>
					<row1>	0.0000 1.0000 0.0000 0.0000	</row1>
					<row2>	-0.2156 0.0000 0.9765 0.0000	</row2>
					<row3>	-0.4728 0.2487 -6.8026 1.0000	</row3>
				</transform>
			</node>
			<node>
				<identifier>	SP_YMS032_YHAR_M_1	</identifier>
				<transform>
					<row0>	0.9765 0.0000 -0.2156 0.0000	</row0>
					<row1>	0.0000 1.0000 0.0000 0.0000	</row1>
					<row2>	0.2156 0.0000 0.9765 0.0000	</row2>
					<row3>	0.4728 0.2487 -6.8026 1.0000	</row3>
				</transform>
			</node>
			<node>
				<identifier>	SP_YMS041_YHCS_M_1_INDEX_2	</identifier>
				<transform>
					<row0>	-1.2000 0.0000 0.0000 0.0000	</row0>
					<row1>	0.0000 1.2000 0.0000 0.0000	</row1>
					<row2>	0.0000 0.0000 -1.2000 0.0000	</row2>
					<row3>	0.3168 0.4917 -6.5298 1.0000	</row3>
				</transform>
			</node>
			<node>
				<identifier>	SP_YMS053_YHDC_S_1_INDEX_10	</identifier>
				<transform>
					<row0>	0.9996 0.0273 0.0000 0.0000	</row0>
					<row1>	-0.0273 0.9996 0.0084 0.0000	</row1>
					<row2>	0.0003 -0.0084 1.0000 0.0000	</row2>
					<row3>	-0.3160 0.3884 -5.2303 1.0000	</row3>
				</transform>
			</node>
			<node>
				<identifier>	SP_YMS053_YHDC_S_1_INDEX_8	</identifier>
				<transform>
					<row0>	0.9996 -0.0273 0.0000 0.0000	</row0>
					<row1>	0.0273 0.9996 0.0084 0.0000	</row1>
					<row2>	-0.0003 -0.0084 1.0000 0.0000	</row2>
					<row3>	0.3160 0.3884 -5.2303 1.0000	</row3>
				</transform>
			</node>
			<node>
				<identifier>	SP_YMS072_YHHC_M_1	</identifier>
				<transform>
					<row0>	0.0420 0.0000 0.9991 0.0000	</row0>
					<row1>	0.0043 1.0000 -0.0002 0.0000	</row1>
					<row2>	-0.9991 0.0044 0.0420 0.0000	</row2>
					<row3>	0.6723 0.1930 -4.0443 1.0000	</row3>
				</transform>
			</node>
			<node>
				<identifier>	SP_YMS072_YHHC_M_1_INDEX_1	</identifier>
				<transform>
					<row0>	0.0420 0.0000 -0.9991 0.0000	</row0>
					<row1>	-0.0043 1.0000 -0.0002 0.0000	</row1>
					<row2>	0.9991 0.0044 0.0420 0.0000	</row2>
					<row3>	-0.6723 0.1930 -4.0443 1.0000	</row3>
				</transform>
			</node>
			<node>
				<identifier>	SP_YMS080_YHSL_M_1_INDEX_2	</identifier>
				<transform>
					<row0>	0.4879 0.0000 0.0381 0.0000	</row0>
					<row1>	0.0000 0.4894 0.0000 0.0000	</row1>
					<row2>	-0.0381 0.0000 0.4879 0.0000	</row2>
					<row3>	-0.5239 0.1768 -6.1771 1.0000	</row3>
				</transform>
			</node>
			<node>
				<identifier>	SP_YMS080_YHSL_M_1_INDEX_4	</identifier>
				<transform>
					<row0>	0.4879 0.0000 0.0381 0.0000	</row0>
					<row1>	0.0000 0.4894 0.0000 0.0000	</row1>
					<row2>	-0.0381 0.0000 0.4879 0.0000	</row2>
					<row3>	-0.6299 0.1627 -4.8204 1.0000	</row3>
				</transform>
			</node>
			<node>
				<identifier>	SP_YMS081_YHSR_M_1_INDEX_2	</identifier>
				<transform>
					<row0>	0.4879 0.0000 -0.0381 0.0000	</row0>
					<row1>	0.0000 0.4894 0.0000 0.0000	</row1>
					<row2>	0.0381 0.0000 0.4879 0.0000	</row2>
					<row3>	0.6299 0.1627 -4.8204 1.0000	</row3>
				</transform>
			</node>
			<node>
				<identifier>	SP_YMS081_YHSR_M_1_INDEX_3	</identifier>
				<transform>
					<row0>	0.4879 0.0000 -0.0381 0.0000	</row0>
					<row1>	0.0000 0.4894 0.0000 0.0000	</row1>
					<row2>	0.0381 0.0000 0.4879 0.0000	</row2>
					<row3>	0.5239 0.1768 -6.1771 1.0000	</row3>
				</transform>
			</node>
			<node>
				<identifier>	SP_YMS082_YHSC_M_1_INDEX_5	</identifier>
				<transform>
					<row0>	0.0689 0.0000 -0.9976 0.0000	</row0>
					<row1>	-0.0243 0.9997 -0.0017 0.0000	</row1>
					<row2>	0.9973 0.0243 0.0689 0.0000	</row2>
					<row3>	-0.5806 0.2027 -5.5911 1.0000	</row3>
				</transform>
			</node>
			<node>
				<identifier>	SP_YMS082_YHSC_M_1_INDEX_6	</identifier>
				<transform>
					<row0>	0.0689 0.0000 0.9976 0.0000	</row0>
					<row1>	0.0243 0.9997 -0.0017 0.0000	</row1>
					<row2>	-0.9973 0.0243 0.0689 0.0000	</row2>
					<row3>	0.5806 0.2027 -5.5911 1.0000	</row3>
				</transform>
			</node>
		</node>
	</node>
	<boundingBox>
		<min>	-0.0667 -0.0667 -0.0667	</min>
		<max>	0.0667 0.0667 0.0667	</max>
	</boundingBox>
</VSC012_San_Martin_1949_Stern_ports.visual>
