<HSD003_Tromp_1945_MidFront_ports.visual>
	<node>
		<identifier>	Scene Root	</identifier>
		<transform>
			<row0>	1.0000 0.0000 0.0000 0.0000	</row0>
			<row1>	0.0000 1.0000 0.0000 0.0000	</row1>
			<row2>	0.0000 0.0000 1.0000 0.0000	</row2>
			<row3>	0.0000 0.0000 0.0000 1.0000	</row3>
		</transform>
		<node>
			<identifier>	MidFront_ports	</identifier>
			<transform>
				<row0>	1.0000 0.0000 0.0000 0.0000	</row0>
				<row1>	0.0000 1.0000 0.0000 0.0000	</row1>
				<row2>	0.0000 0.0000 1.0000 0.0000	</row2>
				<row3>	0.0000 0.0000 0.0000 1.0000	</row3>
			</transform>
			<node>
				<identifier>	HP_FX_Death_1	</identifier>
				<transform>
					<row0>	1.0000 0.0000 0.0000 0.0000	</row0>
					<row1>	0.0000 1.0000 0.0000 0.0000	</row1>
					<row2>	0.0000 0.0000 1.0000 0.0000	</row2>
					<row3>	0.0000 0.0000 1.6941 1.0000	</row3>
				</transform>
			</node>
			<node>
				<identifier>	HP_FX_Death_2	</identifier>
				<transform>
					<row0>	1.0000 0.0000 0.0000 0.0000	</row0>
					<row1>	0.0000 1.0000 0.0000 0.0000	</row1>
					<row2>	0.0000 0.0000 1.0000 0.0000	</row2>
					<row3>	0.0000 0.0000 0.0498 1.0000	</row3>
				</transform>
			</node>
			<node>
				<identifier>	HP_FX_Fire_2	</identifier>
				<transform>
					<row0>	1.0000 0.0000 0.0000 0.0000	</row0>
					<row1>	0.0000 1.0000 0.0000 0.0000	</row1>
					<row2>	0.0000 0.0000 1.0000 0.0000	</row2>
					<row3>	0.0000 0.3998 1.4553 1.0000	</row3>
				</transform>
			</node>
			<node>
				<identifier>	HP_FX_Fire_2_side_1	</identifier>
				<transform>
					<row0>	1.0000 0.0000 0.0000 0.0000	</row0>
					<row1>	0.0000 1.0000 0.0000 0.0000	</row1>
					<row2>	0.0000 0.0000 1.0000 0.0000	</row2>
					<row3>	-0.2990 0.4882 1.1453 1.0000	</row3>
				</transform>
			</node>
			<node>
				<identifier>	HP_FX_FloodLight_left_2	</identifier>
				<transform>
					<row0>	-0.9842 0.0003 -0.1769 0.0000	</row0>
					<row1>	0.0003 1.0000 0.0000 0.0000	</row1>
					<row2>	0.1769 0.0000 -0.9842 0.0000	</row2>
					<row3>	-0.1079 0.9425 1.8531 1.0000	</row3>
				</transform>
			</node>
			<node>
				<identifier>	HP_FX_FloodLight_right_2	</identifier>
				<transform>
					<row0>	1.0000 0.0000 0.0000 0.0000	</row0>
					<row1>	0.0000 1.0000 0.0000 0.0000	</row1>
					<row2>	0.0000 0.0000 1.0000 0.0000	</row2>
					<row3>	0.1079 0.9395 1.8511 1.0000	</row3>
				</transform>
			</node>
			<node>
				<identifier>	HP_FX_Flood_steam_1	</identifier>
				<transform>
					<row0>	1.0000 0.0000 0.0000 0.0000	</row0>
					<row1>	0.0000 0.9862 0.1656 0.0000	</row1>
					<row2>	0.0000 -0.1656 0.9862 0.0000	</row2>
					<row3>	0.0000 0.8996 1.2574 1.0000	</row3>
				</transform>
			</node>
			<node>
				<identifier>	HP_FX_Flood_steam_left	</identifier>
				<transform>
					<row0>	-1.0000 0.0000 0.0000 0.0000	</row0>
					<row1>	0.0000 1.0000 0.0000 0.0000	</row1>
					<row2>	0.0000 0.0000 -1.0000 0.0000	</row2>
					<row3>	-0.3553 0.3437 2.7446 1.0000	</row3>
				</transform>
			</node>
			<node>
				<identifier>	HP_FX_Flood_water_left	</identifier>
				<transform>
					<row0>	-1.0000 0.0000 0.0000 0.0000	</row0>
					<row1>	0.0000 1.0000 0.0000 0.0000	</row1>
					<row2>	0.0000 0.0000 -1.0000 0.0000	</row2>
					<row3>	-0.4105 0.0633 0.0575 1.0000	</row3>
				</transform>
			</node>
			<node>
				<identifier>	HP_FX_Flood_water_right	</identifier>
				<transform>
					<row0>	1.0000 0.0000 0.0000 0.0000	</row0>
					<row1>	0.0000 1.0000 0.0000 0.0000	</row1>
					<row2>	0.0000 0.0000 1.0000 0.0000	</row2>
					<row3>	0.4105 0.0638 0.0577 1.0000	</row3>
				</transform>
			</node>
			<node>
				<identifier>	HP_FX_Smoke_1	</identifier>
				<transform>
					<row0>	1.0000 0.0000 0.0000 0.0000	</row0>
					<row1>	0.0000 0.9997 -0.0242 0.0000	</row1>
					<row2>	0.0000 0.0242 0.9997 0.0000	</row2>
					<row3>	0.0000 0.8546 1.1294 1.0000	</row3>
				</transform>
			</node>
			<node>
				<identifier>	HP_HD_1	</identifier>
				<transform>
					<row0>	0.0000 0.0000 1.0000 0.0000	</row0>
					<row1>	0.0000 1.0000 0.0000 0.0000	</row1>
					<row2>	-1.0000 0.0000 0.0000 0.0000	</row2>
					<row3>	-0.2148 0.8258 1.8064 1.0000	</row3>
				</transform>
			</node>
			<node>
				<identifier>	HP_HD_2	</identifier>
				<transform>
					<row0>	0.0000 0.0000 -1.0000 0.0000	</row0>
					<row1>	0.0000 1.0000 0.0000 0.0000	</row1>
					<row2>	1.0000 0.0000 0.0000 0.0000	</row2>
					<row3>	0.2148 0.8258 1.8064 1.0000	</row3>
				</transform>
			</node>
			<node>
				<identifier>	HP_HF_1	</identifier>
				<transform>
					<row0>	1.0000 0.0000 0.0012 0.0000	</row0>
					<row1>	0.0000 1.0000 0.0000 0.0000	</row1>
					<row2>	-0.0012 0.0000 1.0000 0.0000	</row2>
					<row3>	-0.0025 0.9705 2.1338 1.0000	</row3>
				</transform>
			</node>
			<node>
				<identifier>	HP_HGA_1	</identifier>
				<transform>
					<row0>	0.7071 0.0000 0.7071 0.0000	</row0>
					<row1>	0.0000 1.0000 0.0000 0.0000	</row1>
					<row2>	-0.7071 0.0000 0.7071 0.0000	</row2>
					<row3>	-0.2671 0.8293 1.9917 1.0000	</row3>
				</transform>
			</node>
			<node>
				<identifier>	HP_HGA_2	</identifier>
				<transform>
					<row0>	0.7071 0.0000 -0.7071 0.0000	</row0>
					<row1>	0.0000 1.0000 0.0000 0.0000	</row1>
					<row2>	0.7071 0.0000 0.7071 0.0000	</row2>
					<row3>	0.2671 0.8293 1.9917 1.0000	</row3>
				</transform>
			</node>
			<node>
				<identifier>	HP_HGA_3	</identifier>
				<transform>
					<row0>	0.0000 0.0000 1.0000 0.0000	</row0>
					<row1>	0.0000 1.0000 0.0000 0.0000	</row1>
					<row2>	-1.0000 0.0000 0.0000 0.0000	</row2>
					<row3>	-0.1537 0.5594 0.7109 1.0000	</row3>
				</transform>
			</node>
			<node>
				<identifier>	HP_HGA_4	</identifier>
				<transform>
					<row0>	0.0000 0.0000 -1.0000 0.0000	</row0>
					<row1>	0.0000 1.0000 0.0000 0.0000	</row1>
					<row2>	1.0000 0.0000 0.0000 0.0000	</row2>
					<row3>	0.1537 0.5594 0.7109 1.0000	</row3>
				</transform>
			</node>
			<node>
				<identifier>	HP_HGM_1	</identifier>
				<transform>
					<row0>	1.0000 0.0000 0.0000 0.0000	</row0>
					<row1>	0.0000 1.0000 0.0000 0.0000	</row1>
					<row2>	0.0000 0.0000 1.0000 0.0000	</row2>
					<row3>	0.0000 0.3975 3.1029 1.0000	</row3>
				</transform>
			</node>
			<node>
				<identifier>	HP_HGM_2	</identifier>
				<transform>
					<row0>	1.0000 0.0000 0.0000 0.0000	</row0>
					<row1>	0.0000 1.0000 0.0000 0.0000	</row1>
					<row2>	0.0000 0.0000 1.0000 0.0000	</row2>
					<row3>	0.0000 0.5443 2.5989 1.0000	</row3>
				</transform>
			</node>
			<node>
				<identifier>	HP_HRS_1	</identifier>
				<transform>
					<row0>	1.0000 0.0000 0.0000 0.0000	</row0>
					<row1>	0.0000 1.0000 0.0000 0.0000	</row1>
					<row2>	0.0000 0.0000 1.0000 0.0000	</row2>
					<row3>	0.0000 1.3433 1.9018 1.0000	</row3>
				</transform>
			</node>
			<node>
				<identifier>	HP_HRS_2	</identifier>
				<transform>
					<row0>	-1.0000 0.0000 0.0000 0.0000	</row0>
					<row1>	0.0000 1.0000 0.0000 0.0000	</row1>
					<row2>	0.0000 0.0000 -1.0000 0.0000	</row2>
					<row3>	0.0000 1.9451 1.5643 1.0000	</row3>
				</transform>
			</node>
			<node>
				<identifier>	HP_Ship_death_2	</identifier>
				<transform>
					<row0>	1.0000 0.0000 0.0000 0.0000	</row0>
					<row1>	0.0000 1.0000 0.0000 0.0000	</row1>
					<row2>	0.0000 0.0000 1.0000 0.0000	</row2>
					<row3>	0.0000 0.0000 0.6434 1.0000	</row3>
				</transform>
			</node>
			<node>
				<identifier>	HP_flag_1	</identifier>
				<transform>
					<row0>	0.9926 0.1213 -0.0056 0.0000	</row0>
					<row1>	-0.1213 0.9883 -0.0924 0.0000	</row1>
					<row2>	-0.0056 0.0924 0.9957 0.0000	</row2>
					<row3>	0.1330 1.8269 1.4237 1.0000	</row3>
				</transform>
			</node>
			<node>
				<identifier>	HP_flag_2	</identifier>
				<transform>
					<row0>	0.9926 -0.1213 0.0056 0.0000	</row0>
					<row1>	0.1213 0.9883 -0.0924 0.0000	</row1>
					<row2>	0.0056 0.0924 0.9957 0.0000	</row2>
					<row3>	-0.1324 1.8270 1.4247 1.0000	</row3>
				</transform>
			</node>
			<node>
				<identifier>	HP_flag_3	</identifier>
				<transform>
					<row0>	0.9902 0.1394 -0.0065 0.0000	</row0>
					<row1>	-0.1394 0.9859 -0.0924 0.0000	</row1>
					<row2>	-0.0065 0.0924 0.9957 0.0000	</row2>
					<row3>	0.0794 1.8269 1.4238 1.0000	</row3>
				</transform>
			</node>
			<node>
				<identifier>	HP_flag_4	</identifier>
				<transform>
					<row0>	0.9902 -0.1394 0.0065 0.0000	</row0>
					<row1>	0.1394 0.9859 -0.0924 0.0000	</row1>
					<row2>	0.0065 0.0924 0.9957 0.0000	</row2>
					<row3>	-0.0804 1.8270 1.4244 1.0000	</row3>
				</transform>
			</node>
			<node>
				<identifier>	HP_flag_courtesy	</identifier>
				<transform>
					<row0>	0.9937 0.1117 -0.0052 0.0000	</row0>
					<row1>	-0.1117 0.9894 -0.0923 0.0000	</row1>
					<row2>	-0.0052 0.0923 0.9957 0.0000	</row2>
					<row3>	0.1683 1.7525 1.4307 1.0000	</row3>
				</transform>
			</node>
			<node>
				<identifier>	HP_flag_house	</identifier>
				<transform>
					<row0>	0.9937 -0.1117 0.0052 0.0000	</row0>
					<row1>	0.1117 0.9894 -0.0923 0.0000	</row1>
					<row2>	0.0052 0.0923 0.9957 0.0000	</row2>
					<row3>	-0.1675 1.7526 1.4315 1.0000	</row3>
				</transform>
			</node>
			<node>
				<identifier>	HP_flag_rank	</identifier>
				<transform>
					<row0>	1.0000 -0.0061 0.0000 0.0000	</row0>
					<row1>	0.0061 0.9995 -0.0297 0.0000	</row1>
					<row2>	0.0000 0.0297 0.9996 0.0000	</row2>
					<row3>	0.0071 1.9587 1.4842 1.0000	</row3>
				</transform>
			</node>
			<node>
				<identifier>	MP_CM029_Emergency_Box	</identifier>
				<transform>
					<row0>	0.0000 0.0000 -1.0000 0.0000	</row0>
					<row1>	0.0000 1.0000 0.0000 0.0000	</row1>
					<row2>	1.0000 0.0000 0.0000 0.0000	</row2>
					<row3>	-0.0788 0.9087 2.0611 1.0000	</row3>
				</transform>
			</node>
			<node>
				<identifier>	MP_CM029_Emergency_Box_INDEX_1	</identifier>
				<transform>
					<row0>	0.0000 0.0000 1.0000 0.0000	</row0>
					<row1>	0.0000 1.0000 0.0000 0.0000	</row1>
					<row2>	-1.0000 0.0000 0.0000 0.0000	</row2>
					<row3>	0.0788 0.9087 2.0611 1.0000	</row3>
				</transform>
			</node>
			<node>
				<identifier>	MP_CM029_Emergency_Box_INDEX_2	</identifier>
				<transform>
					<row0>	0.8932 0.0000 -0.4497 0.0000	</row0>
					<row1>	0.0000 1.0000 0.0000 0.0000	</row1>
					<row2>	0.4497 0.0000 0.8932 0.0000	</row2>
					<row3>	-0.0486 0.6287 0.8560 1.0000	</row3>
				</transform>
			</node>
			<node>
				<identifier>	MP_CM029_Emergency_Box_INDEX_3	</identifier>
				<transform>
					<row0>	0.8932 0.0000 0.4497 0.0000	</row0>
					<row1>	0.0000 1.0000 0.0000 0.0000	</row1>
					<row2>	-0.4497 0.0000 0.8932 0.0000	</row2>
					<row3>	0.0486 0.6287 0.8560 1.0000	</row3>
				</transform>
			</node>
			<node>
				<identifier>	MP_CM052_Fender	</identifier>
				<transform>
					<row0>	0.0000 0.0000 0.8500 0.0000	</row0>
					<row1>	0.0000 0.8500 0.0000 0.0000	</row1>
					<row2>	-0.8500 0.0000 0.0000 0.0000	</row2>
					<row3>	-0.2852 0.3750 2.2891 1.0000	</row3>
				</transform>
			</node>
			<node>
				<identifier>	MP_CM052_Fender_INDEX_1	</identifier>
				<transform>
					<row0>	0.0000 0.0000 -0.8500 0.0000	</row0>
					<row1>	0.0000 0.8500 0.0000 0.0000	</row1>
					<row2>	0.8500 0.0000 0.0000 0.0000	</row2>
					<row3>	0.2852 0.3750 2.2891 1.0000	</row3>
				</transform>
			</node>
			<node>
				<identifier>	MP_CM082_Rope	</identifier>
				<transform>
					<row0>	0.0000 0.0000 -1.0000 0.0000	</row0>
					<row1>	0.0000 1.0000 0.0000 0.0000	</row1>
					<row2>	1.0000 0.0000 0.0000 0.0000	</row2>
					<row3>	0.2555 0.7357 1.5253 1.0000	</row3>
				</transform>
			</node>
			<node>
				<identifier>	MP_CM082_Rope_INDEX_1	</identifier>
				<transform>
					<row0>	0.0000 0.0000 1.0000 0.0000	</row0>
					<row1>	0.0000 1.0000 0.0000 0.0000	</row1>
					<row2>	-1.0000 0.0000 0.0000 0.0000	</row2>
					<row3>	-0.2555 0.7357 1.5253 1.0000	</row3>
				</transform>
			</node>
			<node>
				<identifier>	MP_CM082_Rope_INDEX_10	</identifier>
				<transform>
					<row0>	0.0000 0.0000 -1.0000 0.0000	</row0>
					<row1>	0.0968 0.9953 0.0000 0.0000	</row1>
					<row2>	0.9953 -0.0968 0.0000 0.0000	</row2>
					<row3>	0.2879 0.7329 1.5269 1.0000	</row3>
				</transform>
			</node>
			<node>
				<identifier>	MP_CM082_Rope_INDEX_2	</identifier>
				<transform>
					<row0>	0.0000 0.0000 0.9183 0.0000	</row0>
					<row1>	0.0000 0.9183 0.0000 0.0000	</row1>
					<row2>	-0.9183 0.0000 0.0000 0.0000	</row2>
					<row3>	0.2362 0.7370 1.5269 1.0000	</row3>
				</transform>
			</node>
			<node>
				<identifier>	MP_CM082_Rope_INDEX_3	</identifier>
				<transform>
					<row0>	0.0000 0.0000 -0.8184 0.0000	</row0>
					<row1>	0.0000 0.8184 0.0000 0.0000	</row1>
					<row2>	0.8184 0.0000 0.0000 0.0000	</row2>
					<row3>	0.2185 0.7375 1.5269 1.0000	</row3>
				</transform>
			</node>
			<node>
				<identifier>	MP_CM082_Rope_INDEX_4	</identifier>
				<transform>
					<row0>	0.0000 0.0000 1.0000 0.0000	</row0>
					<row1>	-0.0968 0.9953 0.0000 0.0000	</row1>
					<row2>	-0.9953 -0.0968 0.0000 0.0000	</row2>
					<row3>	-0.2879 0.7329 1.5269 1.0000	</row3>
				</transform>
			</node>
			<node>
				<identifier>	MP_CM082_Rope_INDEX_5	</identifier>
				<transform>
					<row0>	0.0000 0.0000 0.8946 0.0000	</row0>
					<row1>	0.0000 0.8946 0.0000 0.0000	</row1>
					<row2>	-0.8946 0.0000 0.0000 0.0000	</row2>
					<row3>	0.2691 0.7340 1.5259 1.0000	</row3>
				</transform>
			</node>
			<node>
				<identifier>	MP_CM082_Rope_INDEX_6	</identifier>
				<transform>
					<row0>	0.0000 0.0000 -0.8304 0.0000	</row0>
					<row1>	0.0000 0.8304 0.0000 0.0000	</row1>
					<row2>	0.8304 0.0000 0.0000 0.0000	</row2>
					<row3>	-0.2691 0.7340 1.5259 1.0000	</row3>
				</transform>
			</node>
			<node>
				<identifier>	MP_CM082_Rope_INDEX_7	</identifier>
				<transform>
					<row0>	0.0000 0.0000 0.8243 0.0000	</row0>
					<row1>	0.0000 0.8243 0.0000 0.0000	</row1>
					<row2>	-0.8243 0.0000 0.0000 0.0000	</row2>
					<row3>	-0.0662 0.7420 1.5269 1.0000	</row3>
				</transform>
			</node>
			<node>
				<identifier>	MP_CM082_Rope_INDEX_8	</identifier>
				<transform>
					<row0>	0.0000 0.0000 1.0000 0.0000	</row0>
					<row1>	0.0000 1.0000 0.0000 0.0000	</row1>
					<row2>	-1.0000 0.0000 0.0000 0.0000	</row2>
					<row3>	-0.2185 0.7375 1.5269 1.0000	</row3>
				</transform>
			</node>
			<node>
				<identifier>	MP_CM082_Rope_INDEX_9	</identifier>
				<transform>
					<row0>	0.0000 0.0000 -0.8890 0.0000	</row0>
					<row1>	0.0000 0.8890 0.0000 0.0000	</row1>
					<row2>	0.8890 0.0000 0.0000 0.0000	</row2>
					<row3>	-0.2362 0.7365 1.5269 1.0000	</row3>
				</transform>
			</node>
			<node>
				<identifier>	MP_CM126_Cleat	</identifier>
				<transform>
					<row0>	0.0000 0.0000 1.0000 0.0000	</row0>
					<row1>	-0.0546 0.9985 0.0000 0.0000	</row1>
					<row2>	-0.9985 -0.0546 0.0000 0.0000	</row2>
					<row3>	-0.2280 0.3673 1.4791 1.0000	</row3>
				</transform>
			</node>
			<node>
				<identifier>	MP_CM126_Cleat_INDEX_1	</identifier>
				<transform>
					<row0>	0.0000 0.0000 -1.0000 0.0000	</row0>
					<row1>	0.0546 0.9985 0.0000 0.0000	</row1>
					<row2>	0.9985 -0.0546 0.0000 0.0000	</row2>
					<row3>	0.2280 0.3615 0.8791 1.0000	</row3>
				</transform>
			</node>
			<node>
				<identifier>	MP_CM126_Cleat_INDEX_2	</identifier>
				<transform>
					<row0>	0.0000 0.0000 -1.0000 0.0000	</row0>
					<row1>	0.0546 0.9985 0.0000 0.0000	</row1>
					<row2>	0.9985 -0.0546 0.0000 0.0000	</row2>
					<row3>	0.2280 0.3673 1.4791 1.0000	</row3>
				</transform>
			</node>
			<node>
				<identifier>	MP_CM126_Cleat_INDEX_3	</identifier>
				<transform>
					<row0>	0.0000 0.0000 1.0000 0.0000	</row0>
					<row1>	-0.0546 0.9985 0.0000 0.0000	</row1>
					<row2>	-0.9985 -0.0546 0.0000 0.0000	</row2>
					<row3>	-0.2280 0.3615 0.8791 1.0000	</row3>
				</transform>
			</node>
			<node>
				<identifier>	MP_HM007_Lifebuoy	</identifier>
				<transform>
					<row0>	0.0000 0.0000 1.0000 0.0000	</row0>
					<row1>	0.0000 1.0000 0.0000 0.0000	</row1>
					<row2>	-1.0000 0.0000 0.0000 0.0000	</row2>
					<row3>	0.3662 0.4403 2.6642 1.0000	</row3>
				</transform>
			</node>
			<node>
				<identifier>	MP_HM007_Lifebuoy_INDEX_1	</identifier>
				<transform>
					<row0>	0.0000 0.0000 -1.0000 0.0000	</row0>
					<row1>	0.0000 1.0000 0.0000 0.0000	</row1>
					<row2>	1.0000 0.0000 0.0000 0.0000	</row2>
					<row3>	-0.3662 0.4403 2.6642 1.0000	</row3>
				</transform>
			</node>
			<node>
				<identifier>	MP_HM007_Lifebuoy_INDEX_2	</identifier>
				<transform>
					<row0>	0.0000 0.0000 -1.0000 0.0000	</row0>
					<row1>	0.0000 1.0000 0.0000 0.0000	</row1>
					<row2>	1.0000 0.0000 0.0000 0.0000	</row2>
					<row3>	-0.3789 0.4251 1.7249 1.0000	</row3>
				</transform>
			</node>
			<node>
				<identifier>	MP_HM007_Lifebuoy_INDEX_3	</identifier>
				<transform>
					<row0>	0.0000 0.0000 1.0000 0.0000	</row0>
					<row1>	0.0000 1.0000 0.0000 0.0000	</row1>
					<row2>	-1.0000 0.0000 0.0000 0.0000	</row2>
					<row3>	0.3789 0.4251 1.7249 1.0000	</row3>
				</transform>
			</node>
			<node>
				<identifier>	MP_HM008_Insulator	</identifier>
				<transform>
					<row0>	1.0000 0.0000 0.0000 0.0000	</row0>
					<row1>	0.0000 0.0000 -1.0000 0.0000	</row1>
					<row2>	0.0000 1.0000 0.0000 0.0000	</row2>
					<row3>	-0.1184 0.8137 1.6802 1.0000	</row3>
				</transform>
			</node>
			<node>
				<identifier>	MP_HM008_Insulator_INDEX_1	</identifier>
				<transform>
					<row0>	1.0000 0.0000 0.0000 0.0000	</row0>
					<row1>	0.0000 0.0000 -1.0000 0.0000	</row1>
					<row2>	0.0000 1.0000 0.0000 0.0000	</row2>
					<row3>	0.1184 0.8137 1.6802 1.0000	</row3>
				</transform>
			</node>
			<node>
				<identifier>	MP_HM008_Insulator_INDEX_2	</identifier>
				<transform>
					<row0>	1.0000 0.0000 0.0000 0.0000	</row0>
					<row1>	0.0000 0.0000 -1.0000 0.0000	</row1>
					<row2>	0.0000 1.0000 0.0000 0.0000	</row2>
					<row3>	0.1936 0.6532 1.6034 1.0000	</row3>
				</transform>
			</node>
			<node>
				<identifier>	MP_HM008_Insulator_INDEX_3	</identifier>
				<transform>
					<row0>	1.0000 0.0000 0.0000 0.0000	</row0>
					<row1>	0.0000 0.0000 -1.0000 0.0000	</row1>
					<row2>	0.0000 1.0000 0.0000 0.0000	</row2>
					<row3>	-0.1936 0.6532 1.6034 1.0000	</row3>
				</transform>
			</node>
			<node>
				<identifier>	MP_HM017_Paravane	</identifier>
				<transform>
					<row0>	1.0000 0.0000 0.0000 0.0000	</row0>
					<row1>	0.0000 1.0000 0.0000 0.0000	</row1>
					<row2>	0.0000 0.0000 1.0000 0.0000	</row2>
					<row3>	0.3400 0.4096 1.9747 1.0000	</row3>
				</transform>
			</node>
			<node>
				<identifier>	MP_HM017_Paravane_INDEX_1	</identifier>
				<transform>
					<row0>	1.0000 0.0000 0.0000 0.0000	</row0>
					<row1>	0.0000 1.0000 0.0000 0.0000	</row1>
					<row2>	0.0000 0.0000 1.0000 0.0000	</row2>
					<row3>	-0.3400 0.4096 1.9747 1.0000	</row3>
				</transform>
			</node>
			<node>
				<identifier>	MP_HM030_Helmets	</identifier>
				<transform>
					<row0>	-0.7104 0.0000 0.7038 0.0000	</row0>
					<row1>	0.0000 1.0000 0.0000 0.0000	</row1>
					<row2>	-0.7038 0.0000 -0.7104 0.0000	</row2>
					<row3>	-0.0763 0.6159 0.8818 1.0000	</row3>
				</transform>
			</node>
			<node>
				<identifier>	MP_HM030_Helmets_INDEX_1	</identifier>
				<transform>
					<row0>	-0.7104 0.0000 -0.7038 0.0000	</row0>
					<row1>	0.0000 1.0000 0.0000 0.0000	</row1>
					<row2>	0.7038 0.0000 -0.7104 0.0000	</row2>
					<row3>	0.0763 0.6159 0.8818 1.0000	</row3>
				</transform>
			</node>
			<node>
				<identifier>	MP_HM030_Helmets_INDEX_2	</identifier>
				<transform>
					<row0>	0.0000 0.0000 1.0000 0.0000	</row0>
					<row1>	0.0000 1.0000 0.0000 0.0000	</row1>
					<row2>	-1.0000 0.0000 0.0000 0.0000	</row2>
					<row3>	-0.0732 0.8680 1.9997 1.0000	</row3>
				</transform>
			</node>
			<node>
				<identifier>	MP_HM030_Helmets_INDEX_3	</identifier>
				<transform>
					<row0>	0.0000 0.0000 -1.0000 0.0000	</row0>
					<row1>	0.0000 1.0000 0.0000 0.0000	</row1>
					<row2>	1.0000 0.0000 0.0000 0.0000	</row2>
					<row3>	0.0732 0.8680 1.9997 1.0000	</row3>
				</transform>
			</node>
			<node>
				<identifier>	MP_HM515_Motosloep_28ft	</identifier>
				<transform>
					<row0>	1.0000 0.0000 0.0000 0.0000	</row0>
					<row1>	0.0000 1.0000 0.0000 0.0000	</row1>
					<row2>	0.0000 0.0000 1.0000 0.0000	</row2>
					<row3>	-0.3071 0.3956 1.1876 1.0000	</row3>
				</transform>
			</node>
			<node>
				<identifier>	MP_HM523_Life_boat_old	</identifier>
				<transform>
					<row0>	0.0000 -0.6584 -0.7155 0.0000	</row0>
					<row1>	0.0000 0.7155 -0.6584 0.0000	</row1>
					<row2>	0.9723 0.0000 0.0000 0.0000	</row2>
					<row3>	-0.0975 0.4327 0.7566 1.0000	</row3>
				</transform>
			</node>
			<node>
				<identifier>	MP_HM523_Life_boat_old_INDEX_1	</identifier>
				<transform>
					<row0>	0.0000 -0.6584 -0.7155 0.0000	</row0>
					<row1>	0.0000 0.7155 -0.6584 0.0000	</row1>
					<row2>	0.9723 0.0000 0.0000 0.0000	</row2>
					<row3>	-0.0975 0.4407 0.7492 1.0000	</row3>
				</transform>
			</node>
			<node>
				<identifier>	MP_HM523_Life_boat_old_INDEX_2	</identifier>
				<transform>
					<row0>	0.0000 0.6584 0.7155 0.0000	</row0>
					<row1>	0.0000 0.7155 -0.6584 0.0000	</row1>
					<row2>	-0.9723 0.0000 0.0000 0.0000	</row2>
					<row3>	0.0975 0.4407 0.7492 1.0000	</row3>
				</transform>
			</node>
			<node>
				<identifier>	MP_HM523_Life_boat_old_INDEX_3	</identifier>
				<transform>
					<row0>	0.0000 0.6584 0.7155 0.0000	</row0>
					<row1>	0.0000 0.7155 -0.6584 0.0000	</row1>
					<row2>	-0.9723 0.0000 0.0000 0.0000	</row2>
					<row3>	0.0975 0.4327 0.7566 1.0000	</row3>
				</transform>
			</node>
			<node>
				<identifier>	MP_HM523_Life_boat_old_INDEX_4	</identifier>
				<transform>
					<row0>	0.0000 0.6584 0.7155 0.0000	</row0>
					<row1>	0.0000 0.7155 -0.6584 0.0000	</row1>
					<row2>	-0.9723 0.0000 0.0000 0.0000	</row2>
					<row3>	0.0975 0.4248 0.7639 1.0000	</row3>
				</transform>
			</node>
			<node>
				<identifier>	MP_HM523_Life_boat_old_INDEX_5	</identifier>
				<transform>
					<row0>	0.0000 -0.6584 -0.7155 0.0000	</row0>
					<row1>	0.0000 0.7155 -0.6584 0.0000	</row1>
					<row2>	0.9723 0.0000 0.0000 0.0000	</row2>
					<row3>	-0.0975 0.4248 0.7639 1.0000	</row3>
				</transform>
			</node>
			<node>
				<identifier>	MP_HM530_Motorboat_8_5m	</identifier>
				<transform>
					<row0>	1.0000 0.0000 0.0000 0.0000	</row0>
					<row1>	0.0000 1.0000 0.0000 0.0000	</row1>
					<row2>	0.0000 0.0000 1.0000 0.0000	</row2>
					<row3>	0.3071 0.3697 1.1840 1.0000	</row3>
				</transform>
			</node>
			<node>
				<identifier>	MP_HM601_Pelorus	</identifier>
				<transform>
					<row0>	1.0000 0.0000 0.0032 0.0000	</row0>
					<row1>	0.0000 1.0000 0.0000 0.0000	</row1>
					<row2>	-0.0032 0.0000 1.0000 0.0000	</row2>
					<row3>	-0.0986 0.8310 2.3794 1.0000	</row3>
				</transform>
			</node>
			<node>
				<identifier>	MP_HM601_Pelorus_INDEX_1	</identifier>
				<transform>
					<row0>	1.0000 0.0000 -0.0032 0.0000	</row0>
					<row1>	0.0000 1.0000 0.0000 0.0000	</row1>
					<row2>	0.0032 0.0000 1.0000 0.0000	</row2>
					<row3>	0.0986 0.8310 2.3977 1.0000	</row3>
				</transform>
			</node>
			<node>
				<identifier>	MP_HM605_Steering_wheel	</identifier>
				<transform>
					<row0>	1.0000 0.0000 0.0000 0.0000	</row0>
					<row1>	0.0000 1.0000 0.0000 0.0000	</row1>
					<row2>	0.0000 0.0000 1.0000 0.0000	</row2>
					<row3>	0.0000 0.8298 2.4235 1.0000	</row3>
				</transform>
			</node>
			<node>
				<identifier>	MP_HM607_Telegraph_double	</identifier>
				<transform>
					<row0>	-1.0000 0.0000 0.0000 0.0000	</row0>
					<row1>	0.0000 1.0000 0.0000 0.0000	</row1>
					<row2>	0.0000 0.0000 -1.0000 0.0000	</row2>
					<row3>	0.0515 0.8300 2.4250 1.0000	</row3>
				</transform>
			</node>
			<node>
				<identifier>	MP_HM611_Compass_Binnacle	</identifier>
				<transform>
					<row0>	1.0000 0.0000 0.0000 0.0000	</row0>
					<row1>	0.0000 1.0000 0.0000 0.0000	</row1>
					<row2>	0.0000 0.0000 1.0000 0.0000	</row2>
					<row3>	0.0272 0.9680 1.7962 1.0000	</row3>
				</transform>
			</node>
			<node>
				<identifier>	MP_HM612_Voice_Tube	</identifier>
				<transform>
					<row0>	0.7935 0.0000 -0.6085 0.0000	</row0>
					<row1>	0.0000 1.0000 0.0000 0.0000	</row1>
					<row2>	0.6085 0.0000 0.7935 0.0000	</row2>
					<row3>	0.1476 0.8286 2.3331 1.0000	</row3>
				</transform>
			</node>
			<node>
				<identifier>	MP_HM612_Voice_Tube_INDEX_1	</identifier>
				<transform>
					<row0>	0.7935 0.0000 0.6085 0.0000	</row0>
					<row1>	0.0000 1.0000 0.0000 0.0000	</row1>
					<row2>	-0.6085 0.0000 0.7935 0.0000	</row2>
					<row3>	-0.1349 0.8286 2.3429 1.0000	</row3>
				</transform>
			</node>
			<node>
				<identifier>	MP_HM612_Voice_Tube_INDEX_2	</identifier>
				<transform>
					<row0>	0.4280 0.0000 -0.9038 0.0000	</row0>
					<row1>	0.0000 1.0000 0.0000 0.0000	</row1>
					<row2>	0.9038 0.0000 0.4280 0.0000	</row2>
					<row3>	0.1087 0.8295 2.3715 1.0000	</row3>
				</transform>
			</node>
			<node>
				<identifier>	MP_HM612_Voice_Tube_INDEX_3	</identifier>
				<transform>
					<row0>	0.7935 0.0000 0.6085 0.0000	</row0>
					<row1>	0.0000 1.0000 0.0000 0.0000	</row1>
					<row2>	-0.6085 0.0000 0.7935 0.0000	</row2>
					<row3>	-0.1227 0.8286 2.3523 1.0000	</row3>
				</transform>
			</node>
			<node>
				<identifier>	MP_HM612_Voice_Tube_INDEX_4	</identifier>
				<transform>
					<row0>	0.7230 0.0000 0.6908 0.0000	</row0>
					<row1>	0.0000 1.0000 0.0000 0.0000	</row1>
					<row2>	-0.6908 0.0000 0.7230 0.0000	</row2>
					<row3>	-0.0889 0.8300 2.4118 1.0000	</row3>
				</transform>
			</node>
			<node>
				<identifier>	MP_HM612_Voice_Tube_INDEX_5	</identifier>
				<transform>
					<row0>	0.7935 0.0000 -0.6085 0.0000	</row0>
					<row1>	0.0000 1.0000 0.0000 0.0000	</row1>
					<row2>	0.6085 0.0000 0.7935 0.0000	</row2>
					<row3>	0.1349 0.8286 2.3429 1.0000	</row3>
				</transform>
			</node>
			<node>
				<identifier>	MP_HM612_Voice_Tube_INDEX_6	</identifier>
				<transform>
					<row0>	0.7935 0.0000 -0.6085 0.0000	</row0>
					<row1>	0.0000 1.0000 0.0000 0.0000	</row1>
					<row2>	0.6085 0.0000 0.7935 0.0000	</row2>
					<row3>	0.1227 0.8286 2.3523 1.0000	</row3>
				</transform>
			</node>
			<node>
				<identifier>	MP_HM612_Voice_Tube_INDEX_7	</identifier>
				<transform>
					<row0>	0.8980 0.0000 0.4401 0.0000	</row0>
					<row1>	0.0000 1.0000 0.0000 0.0000	</row1>
					<row2>	-0.4401 0.0000 0.8980 0.0000	</row2>
					<row3>	-0.0516 0.9692 1.8857 1.0000	</row3>
				</transform>
			</node>
			<node>
				<identifier>	MP_HM612_Voice_Tube_INDEX_8	</identifier>
				<transform>
					<row0>	0.7542 0.0000 -0.6566 0.0000	</row0>
					<row1>	0.0000 1.0000 0.0000 0.0000	</row1>
					<row2>	0.6566 0.0000 0.7542 0.0000	</row2>
					<row3>	0.0889 0.8296 2.4269 1.0000	</row3>
				</transform>
			</node>
			<node>
				<identifier>	MP_HM612_Voice_Tube_INDEX_9	</identifier>
				<transform>
					<row0>	0.7935 0.0000 0.6085 0.0000	</row0>
					<row1>	0.0000 1.0000 0.0000 0.0000	</row1>
					<row2>	-0.6085 0.0000 0.7935 0.0000	</row2>
					<row3>	-0.1476 0.8286 2.3331 1.0000	</row3>
				</transform>
			</node>
			<node>
				<identifier>	MP_HM613_Telephone	</identifier>
				<transform>
					<row0>	0.0000 0.0000 1.0000 0.0000	</row0>
					<row1>	0.0000 1.0000 0.0000 0.0000	</row1>
					<row2>	-1.0000 0.0000 0.0000 0.0000	</row2>
					<row3>	-0.1205 0.4579 2.7056 1.0000	</row3>
				</transform>
			</node>
			<node>
				<identifier>	MP_HM613_Telephone_INDEX_1	</identifier>
				<transform>
					<row0>	-1.0000 0.0000 0.0000 0.0000	</row0>
					<row1>	0.0000 1.0000 0.0000 0.0000	</row1>
					<row2>	0.0000 0.0000 -1.0000 0.0000	</row2>
					<row3>	0.0000 0.6190 2.2657 1.0000	</row3>
				</transform>
			</node>
			<node>
				<identifier>	MP_HM613_Telephone_INDEX_2	</identifier>
				<transform>
					<row0>	1.0000 0.0000 0.0000 0.0000	</row0>
					<row1>	0.0000 1.0000 0.0000 0.0000	</row1>
					<row2>	0.0000 0.0000 1.0000 0.0000	</row2>
					<row3>	0.0258 1.0369 1.9004 1.0000	</row3>
				</transform>
			</node>
			<node>
				<identifier>	MP_HM615_Sky_Lookout	</identifier>
				<transform>
					<row0>	-1.0000 0.0000 0.0000 0.0000	</row0>
					<row1>	0.0000 1.0000 0.0000 0.0000	</row1>
					<row2>	0.0000 0.0000 -1.0000 0.0000	</row2>
					<row3>	0.3276 0.8245 1.7982 1.0000	</row3>
				</transform>
			</node>
			<node>
				<identifier>	MP_HM615_Sky_Lookout_INDEX_1	</identifier>
				<transform>
					<row0>	1.0000 0.0000 0.0000 0.0000	</row0>
					<row1>	0.0000 1.0000 0.0000 0.0000	</row1>
					<row2>	0.0000 0.0000 1.0000 0.0000	</row2>
					<row3>	-0.3276 0.8245 1.7225 1.0000	</row3>
				</transform>
			</node>
			<node>
				<identifier>	MP_HM615_Sky_Lookout_INDEX_2	</identifier>
				<transform>
					<row0>	1.0000 0.0000 0.0000 0.0000	</row0>
					<row1>	0.0000 1.0000 0.0000 0.0000	</row1>
					<row2>	0.0000 0.0000 1.0000 0.0000	</row2>
					<row3>	-0.3276 0.8245 1.7982 1.0000	</row3>
				</transform>
			</node>
			<node>
				<identifier>	MP_HM615_Sky_Lookout_INDEX_3	</identifier>
				<transform>
					<row0>	-1.0000 0.0000 0.0000 0.0000	</row0>
					<row1>	0.0000 1.0000 0.0000 0.0000	</row1>
					<row2>	0.0000 0.0000 -1.0000 0.0000	</row2>
					<row3>	0.3276 0.8245 1.7225 1.0000	</row3>
				</transform>
			</node>
			<node>
				<identifier>	MP_HM616_Compass	</identifier>
				<transform>
					<row0>	1.0000 0.0000 0.0000 0.0000	</row0>
					<row1>	0.0000 1.0000 0.0000 0.0000	</row1>
					<row2>	0.0000 0.0000 1.0000 0.0000	</row2>
					<row3>	-0.0576 0.8288 2.4242 1.0000	</row3>
				</transform>
			</node>
			<node>
				<identifier>	MP_HM619_Binocular	</identifier>
				<transform>
					<row0>	0.0000 0.0000 1.0000 0.0000	</row0>
					<row1>	0.0000 1.0000 0.0000 0.0000	</row1>
					<row2>	-1.0000 0.0000 0.0000 0.0000	</row2>
					<row3>	-0.3720 0.7316 1.6252 1.0000	</row3>
				</transform>
			</node>
			<node>
				<identifier>	MP_HM619_Binocular_INDEX_1	</identifier>
				<transform>
					<row0>	0.0000 0.0000 -1.0000 0.0000	</row0>
					<row1>	0.0000 1.0000 0.0000 0.0000	</row1>
					<row2>	1.0000 0.0000 0.0000 0.0000	</row2>
					<row3>	0.3720 0.7316 1.6252 1.0000	</row3>
				</transform>
			</node>
			<node>
				<identifier>	MP_HM703_Flag_box	</identifier>
				<transform>
					<row0>	0.9997 -0.0230 0.0000 0.0000	</row0>
					<row1>	0.0230 0.9997 0.0000 0.0000	</row1>
					<row2>	0.0000 0.0000 1.0000 0.0000	</row2>
					<row3>	0.1489 0.6770 1.5401 1.0000	</row3>
				</transform>
			</node>
			<node>
				<identifier>	MP_HM703_Flag_box_INDEX_1	</identifier>
				<transform>
					<row0>	0.9997 0.0230 0.0000 0.0000	</row0>
					<row1>	-0.0230 0.9997 0.0000 0.0000	</row1>
					<row2>	0.0000 0.0000 1.0000 0.0000	</row2>
					<row3>	-0.1489 0.6770 1.5401 1.0000	</row3>
				</transform>
			</node>
			<node>
				<identifier>	MP_HM850_Signal_light_10in	</identifier>
				<transform>
					<row0>	0.0000 0.0000 -1.0000 0.0000	</row0>
					<row1>	0.0000 1.0000 0.0000 0.0000	</row1>
					<row2>	1.0000 0.0000 0.0000 0.0000	</row2>
					<row3>	-0.3732 0.7472 1.8896 1.0000	</row3>
				</transform>
			</node>
			<node>
				<identifier>	MP_HM850_Signal_light_10in_INDEX_1	</identifier>
				<transform>
					<row0>	0.0000 0.0000 1.0000 0.0000	</row0>
					<row1>	0.0000 1.0000 0.0000 0.0000	</row1>
					<row2>	-1.0000 0.0000 0.0000 0.0000	</row2>
					<row3>	0.3732 0.7472 1.8896 1.0000	</row3>
				</transform>
			</node>
			<node>
				<identifier>	MP_HM854_Signal_Lamp_1	</identifier>
				<transform>
					<row0>	1.0000 0.0000 0.0000 0.0000	</row0>
					<row1>	0.0000 1.0000 0.0000 0.0000	</row1>
					<row2>	0.0000 0.0000 1.0000 0.0000	</row2>
					<row3>	0.0150 1.5599 1.5643 1.0000	</row3>
				</transform>
			</node>
			<node>
				<identifier>	MP_HM854_Signal_Lamp_1_INDEX_1	</identifier>
				<transform>
					<row0>	1.0000 0.0000 0.0000 0.0000	</row0>
					<row1>	0.0000 1.0000 0.0000 0.0000	</row1>
					<row2>	0.0000 0.0000 1.0000 0.0000	</row2>
					<row3>	-0.0150 1.5599 1.5643 1.0000	</row3>
				</transform>
			</node>
			<node>
				<identifier>	MP_HM861_Daylight_signaling_lanterm	</identifier>
				<transform>
					<row0>	0.0000 0.0000 -1.0000 0.0000	</row0>
					<row1>	0.0000 1.0000 0.0000 0.0000	</row1>
					<row2>	1.0000 0.0000 0.0000 0.0000	</row2>
					<row3>	0.1243 1.2163 1.7615 1.0000	</row3>
				</transform>
			</node>
			<node>
				<identifier>	MP_HM861_Daylight_signaling_lanterm_INDEX_1	</identifier>
				<transform>
					<row0>	0.0000 0.0000 1.0000 0.0000	</row0>
					<row1>	0.0000 1.0000 0.0000 0.0000	</row1>
					<row2>	-1.0000 0.0000 0.0000 0.0000	</row2>
					<row3>	-0.1243 1.2163 1.7615 1.0000	</row3>
				</transform>
			</node>
			<node>
				<identifier>	MP_HM864_Searchlight_60cm	</identifier>
				<transform>
					<row0>	-1.0000 0.0000 0.0000 0.0000	</row0>
					<row1>	0.0000 1.0000 0.0000 0.0000	</row1>
					<row2>	0.0000 0.0000 -1.0000 0.0000	</row2>
					<row3>	-0.3315 0.6671 1.5511 1.0000	</row3>
				</transform>
			</node>
			<node>
				<identifier>	MP_HM864_Searchlight_60cm_INDEX_1	</identifier>
				<transform>
					<row0>	-1.0000 0.0000 0.0000 0.0000	</row0>
					<row1>	0.0000 1.0000 0.0000 0.0000	</row1>
					<row2>	0.0000 0.0000 -1.0000 0.0000	</row2>
					<row3>	0.3315 0.6671 1.5511 1.0000	</row3>
				</transform>
			</node>
			<node>
				<identifier>	MP_HM959_Reel	</identifier>
				<transform>
					<row0>	0.8930 -0.0450 -0.4477 0.0000	</row0>
					<row1>	0.0402 0.9990 -0.0202 0.0000	</row1>
					<row2>	0.4482 0.0000 0.8939 0.0000	</row2>
					<row3>	0.1882 0.3912 2.8507 1.0000	</row3>
				</transform>
			</node>
			<node>
				<identifier>	MP_HM959_Reel_INDEX_1	</identifier>
				<transform>
					<row0>	0.0000 0.0000 -0.8228 0.0000	</row0>
					<row1>	0.0000 0.8228 0.0000 0.0000	</row1>
					<row2>	0.8228 0.0000 0.0000 0.0000	</row2>
					<row3>	-0.1298 0.5014 0.9076 1.0000	</row3>
				</transform>
			</node>
			<node>
				<identifier>	MP_HM959_Reel_INDEX_2	</identifier>
				<transform>
					<row0>	0.0000 0.0000 0.8228 0.0000	</row0>
					<row1>	0.0000 0.8228 0.0000 0.0000	</row1>
					<row2>	-0.8228 0.0000 0.0000 0.0000	</row2>
					<row3>	0.1209 0.5014 1.3240 1.0000	</row3>
				</transform>
			</node>
			<node>
				<identifier>	MP_HM959_Reel_INDEX_3	</identifier>
				<transform>
					<row0>	0.0000 0.0000 0.8228 0.0000	</row0>
					<row1>	0.0000 0.8228 0.0000 0.0000	</row1>
					<row2>	-0.8228 0.0000 0.0000 0.0000	</row2>
					<row3>	0.1298 0.5014 0.9076 1.0000	</row3>
				</transform>
			</node>
			<node>
				<identifier>	MP_HM959_Reel_INDEX_4	</identifier>
				<transform>
					<row0>	0.0000 0.0000 -0.8228 0.0000	</row0>
					<row1>	0.0000 0.8228 0.0000 0.0000	</row1>
					<row2>	0.8228 0.0000 0.0000 0.0000	</row2>
					<row3>	-0.1209 0.5014 1.3240 1.0000	</row3>
				</transform>
			</node>
			<node>
				<identifier>	MP_HM959_Reel_INDEX_5	</identifier>
				<transform>
					<row0>	0.8930 0.0450 0.4477 0.0000	</row0>
					<row1>	-0.0402 0.9990 -0.0202 0.0000	</row1>
					<row2>	-0.4482 0.0000 0.8939 0.0000	</row2>
					<row3>	-0.1882 0.3912 2.8507 1.0000	</row3>
				</transform>
			</node>
			<node>
				<identifier>	SP_YMS001_YHBM_M_1	</identifier>
				<transform>
					<row0>	0.8947 0.0000 0.0000 0.0000	</row0>
					<row1>	0.0000 0.8947 0.0000 0.0000	</row1>
					<row2>	0.0000 0.0000 0.8947 0.0000	</row2>
					<row3>	0.0000 0.4468 4.4634 1.0000	</row3>
				</transform>
			</node>
			<node>
				<identifier>	SP_YMS002_YHBL_M_1_INDEX_1	</identifier>
				<transform>
					<row0>	0.7770 0.0117 -0.0021 0.0000	</row0>
					<row1>	-0.0118 0.7731 -0.0777 0.0000	</row1>
					<row2>	0.0009 0.0777 0.7732 0.0000	</row2>
					<row3>	0.0000 0.4468 4.4634 1.0000	</row3>
				</transform>
			</node>
			<node>
				<identifier>	SP_YMS003_YHBR_M_1	</identifier>
				<transform>
					<row0>	0.7769 0.0117 -0.0021 0.0000	</row0>
					<row1>	-0.0118 0.7731 -0.0766 0.0000	</row1>
					<row2>	0.0009 0.0766 0.7732 0.0000	</row2>
					<row3>	0.0000 0.4468 4.4634 1.0000	</row3>
				</transform>
			</node>
			<node>
				<identifier>	SP_YMS004_YHXL_L_1	</identifier>
				<transform>
					<row0>	0.4307 0.1973 -0.1374 0.0000	</row0>
					<row1>	-0.1959 0.4514 0.0339 0.0000	</row1>
					<row2>	0.1393 0.0249 0.4725 0.0000	</row2>
					<row3>	-0.1323 0.3128 4.0097 1.0000	</row3>
				</transform>
			</node>
			<node>
				<identifier>	SP_YMS005_YHXR_L_1	</identifier>
				<transform>
					<row0>	0.4305 -0.1972 0.1373 0.0000	</row0>
					<row1>	0.1958 0.4512 0.0339 0.0000	</row1>
					<row2>	-0.1392 0.0249 0.4723 0.0000	</row2>
					<row3>	0.1323 0.3128 4.0097 1.0000	</row3>
				</transform>
			</node>
			<node>
				<identifier>	SP_YMS010_YHWM_L_1	</identifier>
				<transform>
					<row0>	0.6503 0.0000 0.0000 0.0000	</row0>
					<row1>	0.0000 0.6503 0.0000 0.0000	</row1>
					<row2>	0.0000 0.0000 0.6503 0.0000	</row2>
					<row3>	0.0000 0.0289 4.3812 1.0000	</row3>
				</transform>
			</node>
			<node>
				<identifier>	SP_YMS011_YHWL_M_1	</identifier>
				<transform>
					<row0>	0.9956 0.0777 -0.0528 0.0000	</row0>
					<row1>	-0.0776 0.9970 0.0027 0.0000	</row1>
					<row2>	0.0529 0.0014 0.9986 0.0000	</row2>
					<row3>	-0.3929 -0.0021 1.4380 1.0000	</row3>
				</transform>
			</node>
			<node>
				<identifier>	SP_YMS011_YHWL_M_1_INDEX_1	</identifier>
				<transform>
					<row0>	0.9545 0.2683 -0.1302 0.0000	</row0>
					<row1>	-0.2682 0.9632 0.0184 0.0000	</row1>
					<row2>	0.1303 0.0174 0.9913 0.0000	</row2>
					<row3>	-0.2314 0.0071 3.1285 1.0000	</row3>
				</transform>
			</node>
			<node>
				<identifier>	SP_YMS011_YHWL_M_1_INDEX_2	</identifier>
				<transform>
					<row0>	0.9705 0.2246 -0.0877 0.0000	</row0>
					<row1>	-0.2241 0.9744 0.0153 0.0000	</row1>
					<row2>	0.0889 0.0048 0.9960 0.0000	</row2>
					<row3>	-0.3257 -0.0010 2.2841 1.0000	</row3>
				</transform>
			</node>
			<node>
				<identifier>	SP_YMS012_YHWR_M_1	</identifier>
				<transform>
					<row0>	0.9545 -0.2683 0.1302 0.0000	</row0>
					<row1>	0.2682 0.9632 0.0184 0.0000	</row1>
					<row2>	-0.1303 0.0174 0.9913 0.0000	</row2>
					<row3>	0.2314 0.0071 3.1285 1.0000	</row3>
				</transform>
			</node>
			<node>
				<identifier>	SP_YMS012_YHWR_M_1_INDEX_1	</identifier>
				<transform>
					<row0>	0.9705 -0.2246 0.0877 0.0000	</row0>
					<row1>	0.2241 0.9744 0.0153 0.0000	</row1>
					<row2>	-0.0889 0.0048 0.9960 0.0000	</row2>
					<row3>	0.3257 -0.0010 2.2841 1.0000	</row3>
				</transform>
			</node>
			<node>
				<identifier>	SP_YMS012_YHWR_M_1_INDEX_2	</identifier>
				<transform>
					<row0>	0.9956 -0.0777 0.0528 0.0000	</row0>
					<row1>	0.0776 0.9970 0.0027 0.0000	</row1>
					<row2>	-0.0529 0.0014 0.9986 0.0000	</row2>
					<row3>	0.3929 -0.0021 1.4380 1.0000	</row3>
				</transform>
			</node>
			<node>
				<identifier>	SP_YMS020_YHBU_M_1	</identifier>
				<transform>
					<row0>	0.7237 -0.0047 0.0042 0.0000	</row0>
					<row1>	0.0047 0.7237 -0.0003 0.0000	</row1>
					<row2>	-0.0042 0.0003 0.7237 0.0000	</row2>
					<row3>	0.0000 -0.0119 4.2051 1.0000	</row3>
				</transform>
			</node>
			<node>
				<identifier>	SP_YMS021_YHUC_S_1	</identifier>
				<transform>
					<row0>	-0.3601 0.9329 0.0070 0.0000	</row0>
					<row1>	-0.9307 -0.3597 0.0655 0.0000	</row1>
					<row2>	0.0637 0.0171 0.9978 0.0000	</row2>
					<row3>	-0.3717 -0.1516 1.3000 1.0000	</row3>
				</transform>
			</node>
			<node>
				<identifier>	SP_YMS021_YHUC_S_1_INDEX_1	</identifier>
				<transform>
					<row0>	-0.3008 0.9537 0.0036 0.0000	</row0>
					<row1>	-0.9494 -0.2998 0.0939 0.0000	</row1>
					<row2>	0.0907 0.0249 0.9956 0.0000	</row2>
					<row3>	-0.1390 -0.1542 3.3602 1.0000	</row3>
				</transform>
			</node>
			<node>
				<identifier>	SP_YMS022_YHUS_L_1	</identifier>
				<transform>
					<row0>	-0.0659 0.0000 -0.7533 0.0000	</row0>
					<row1>	-0.3575 0.6656 0.0313 0.0000	</row1>
					<row2>	0.6631 0.3588 -0.0580 0.0000	</row2>
					<row3>	-0.1634 -0.2595 2.3520 1.0000	</row3>
				</transform>
			</node>
			<node>
				<identifier>	SP_YMS022_YHUS_L_1_INDEX_1	</identifier>
				<transform>
					<row0>	-0.0659 0.0000 -0.7533 0.0000	</row0>
					<row1>	-0.2983 0.6943 0.0261 0.0000	</row1>
					<row2>	0.6917 0.2995 -0.0605 0.0000	</row2>
					<row3>	-0.1068 -0.2624 2.9250 1.0000	</row3>
				</transform>
			</node>
