<HSC009_Johan_de_Witt_1945_Stern_ports.visual>
	<node>
		<identifier>	Scene Root	</identifier>
		<transform>
			<row0>	1.0000 0.0000 0.0000 0.0000	</row0>
			<row1>	0.0000 1.0000 0.0000 0.0000	</row1>
			<row2>	0.0000 0.0000 1.0000 0.0000	</row2>
			<row3>	0.0000 0.0000 0.0000 1.0000	</row3>
		</transform>
		<node>
			<identifier>	Stern_ports	</identifier>
			<transform>
				<row0>	1.0000 0.0000 0.0000 0.0000	</row0>
				<row1>	0.0000 1.0000 0.0000 0.0000	</row1>
				<row2>	0.0000 0.0000 1.0000 0.0000	</row2>
				<row3>	0.0000 0.0000 0.0000 1.0000	</row3>
			</transform>
			<node>
				<identifier>	HP_FX_Fire_4	</identifier>
				<transform>
					<row0>	1.0000 0.0000 0.0000 0.0000	</row0>
					<row1>	0.0000 1.0000 0.0000 0.0000	</row1>
					<row2>	0.0000 0.0000 1.0000 0.0000	</row2>
					<row3>	0.0000 0.3915 -5.4678 1.0000	</row3>
				</transform>
			</node>
			<node>
				<identifier>	HP_FX_Flood_water_left_3	</identifier>
				<transform>
					<row0>	-0.9873 0.0000 -0.1589 0.0000	</row0>
					<row1>	0.0000 1.0000 0.0000 0.0000	</row1>
					<row2>	0.1589 0.0000 -0.9873 0.0000	</row2>
					<row3>	-0.3228 0.0454 -5.9831 1.0000	</row3>
				</transform>
			</node>
			<node>
				<identifier>	HP_FX_Flood_water_right_3	</identifier>
				<transform>
					<row0>	0.9854 0.0000 -0.1702 0.0000	</row0>
					<row1>	0.0000 1.0000 0.0000 0.0000	</row1>
					<row2>	0.1702 0.0000 0.9854 0.0000	</row2>
					<row3>	0.3228 0.0451 -5.9827 1.0000	</row3>
				</transform>
			</node>
			<node>
				<identifier>	HP_FX_RepairLight_left_1	</identifier>
				<transform>
					<row0>	-0.1533 0.0000 0.9882 0.0000	</row0>
					<row1>	-0.0924 0.9956 -0.0143 0.0000	</row1>
					<row2>	-0.9839 -0.0935 -0.1526 0.0000	</row2>
					<row3>	-0.5311 0.3582 -4.8133 1.0000	</row3>
				</transform>
			</node>
			<node>
				<identifier>	HP_FX_WakeTraceBack	</identifier>
				<transform>
					<row0>	1.0000 0.0000 0.0000 0.0000	</row0>
					<row1>	0.0000 1.0000 0.0000 0.0000	</row1>
					<row2>	0.0000 0.0000 1.0000 0.0000	</row2>
					<row3>	0.0000 0.0000 -6.9033 1.0000	</row3>
				</transform>
			</node>
			<node>
				<identifier>	HP_FX_WakeTrace_screw_1	</identifier>
				<transform>
					<row0>	1.0000 0.0000 0.0000 0.0000	</row0>
					<row1>	0.0000 1.0000 0.0000 0.0000	</row1>
					<row2>	0.0000 0.0000 1.0000 0.0000	</row2>
					<row3>	-0.4268 -0.3703 -5.2164 1.0000	</row3>
				</transform>
			</node>
			<node>
				<identifier>	HP_FX_WakeTrace_screw_2	</identifier>
				<transform>
					<row0>	1.0000 0.0000 0.0000 0.0000	</row0>
					<row1>	0.0000 1.0000 0.0000 0.0000	</row1>
					<row2>	0.0000 0.0000 1.0000 0.0000	</row2>
					<row3>	-0.0007 -0.3970 -5.9931 1.0000	</row3>
				</transform>
			</node>
			<node>
				<identifier>	HP_FX_WakeTrace_screw_3	</identifier>
				<transform>
					<row0>	1.0000 0.0000 0.0000 0.0000	</row0>
					<row1>	0.0000 1.0000 0.0000 0.0000	</row1>
					<row2>	0.0000 0.0000 1.0000 0.0000	</row2>
					<row3>	0.4177 -0.3698 -5.2158 1.0000	</row3>
				</transform>
			</node>
			<node>
				<identifier>	HP_HGB_1	</identifier>
				<transform>
					<row0>	-0.1736 0.0000 0.9848 0.0000	</row0>
					<row1>	0.0000 1.0000 0.0000 0.0000	</row1>
					<row2>	-0.9848 0.0000 -0.1736 0.0000	</row2>
					<row3>	-0.2746 0.3593 -5.5888 1.0000	</row3>
				</transform>
			</node>
			<node>
				<identifier>	HP_HGB_2	</identifier>
				<transform>
					<row0>	-0.1736 0.0000 -0.9848 0.0000	</row0>
					<row1>	0.0000 1.0000 0.0000 0.0000	</row1>
					<row2>	0.9848 0.0000 -0.1736 0.0000	</row2>
					<row3>	0.2746 0.3593 -5.5888 1.0000	</row3>
				</transform>
			</node>
			<node>
				<identifier>	HP_HGB_3	</identifier>
				<transform>
					<row0>	-0.1736 0.0000 0.9848 0.0000	</row0>
					<row1>	0.0000 1.0000 0.0000 0.0000	</row1>
					<row2>	-0.9848 0.0000 -0.1736 0.0000	</row2>
					<row3>	-0.2038 0.3613 -5.9882 1.0000	</row3>
				</transform>
			</node>
			<node>
				<identifier>	HP_HGB_4	</identifier>
				<transform>
					<row0>	-0.1736 0.0000 -0.9848 0.0000	</row0>
					<row1>	0.0000 1.0000 0.0000 0.0000	</row1>
					<row2>	0.9848 0.0000 -0.1736 0.0000	</row2>
					<row3>	0.2038 0.3613 -5.9882 1.0000	</row3>
				</transform>
			</node>
			<node>
				<identifier>	HP_Ship_death_3	</identifier>
				<transform>
					<row0>	1.0000 0.0000 0.0000 0.0000	</row0>
					<row1>	0.0000 1.0000 0.0000 0.0000	</row1>
					<row2>	0.0000 0.0000 1.0000 0.0000	</row2>
					<row3>	0.0000 0.0000 -4.5719 1.0000	</row3>
				</transform>
			</node>
			<node>
				<identifier>	MP_CM011_Fire_Fighting_Gear	</identifier>
				<transform>
					<row0>	-1.0000 0.0000 0.0000 0.0000	</row0>
					<row1>	0.0000 1.0000 0.0000 0.0000	</row1>
					<row2>	0.0000 0.0000 -1.0000 0.0000	</row2>
					<row3>	0.0090 0.3653 -6.7486 1.0000	</row3>
				</transform>
			</node>
			<node>
				<identifier>	MP_CM161_Propeller_4_8m_BB_R	</identifier>
				<transform>
					<row0>	0.8181 0.4143 0.0097 0.0000	</row0>
					<row1>	-0.4138 0.8179 -0.0280 0.0000	</row1>
					<row2>	-0.0213 0.0206 0.9166 0.0000	</row2>
					<row3>	0.4180 -0.3706 -5.2139 1.0000	</row3>
				</transform>
			</node>
			<node>
				<identifier>	MP_CM161_Propeller_4_8m_BB_R_INDEX_1	</identifier>
				<transform>
					<row0>	0.9170 0.0000 0.0000 0.0000	</row0>
					<row1>	0.0000 0.9167 -0.0245 0.0000	</row1>
					<row2>	0.0000 0.0245 0.9167 0.0000	</row2>
					<row3>	0.0000 -0.3977 -5.9929 1.0000	</row3>
				</transform>
			</node>
			<node>
				<identifier>	MP_CM162_Propeller_4_8m_BB_L	</identifier>
				<transform>
					<row0>	0.8181 -0.4143 -0.0097 0.0000	</row0>
					<row1>	0.4138 0.8179 -0.0279 0.0000	</row1>
					<row2>	0.0212 0.0206 0.9166 0.0000	</row2>
					<row3>	-0.4180 -0.3706 -5.2139 1.0000	</row3>
				</transform>
			</node>
			<node>
				<identifier>	MP_HM001_Anchor_down	</identifier>
				<transform>
					<row0>	0.9581 0.1442 -0.2474 0.0000	</row0>
					<row1>	-0.0612 0.9470 0.3152 0.0000	</row1>
					<row2>	0.2797 -0.2869 0.9162 0.0000	</row2>
					<row3>	0.1846 0.1975 -6.7129 1.0000	</row3>
				</transform>
			</node>
			<node>
				<identifier>	MP_HM002_Anchor_up	</identifier>
				<transform>
					<row0>	0.8065 0.5880 -0.0622 0.0000	</row0>
					<row1>	-0.5244 0.7598 0.3843 0.0000	</row1>
					<row2>	0.2732 -0.2773 0.9211 0.0000	</row2>
					<row3>	0.1849 0.1977 -6.7129 1.0000	</row3>
				</transform>
			</node>
			<node>
				<identifier>	MP_HM007_Lifebuoy	</identifier>
				<transform>
					<row0>	-0.1953 0.0000 -0.9807 0.0000	</row0>
					<row1>	0.0000 1.0000 0.0000 0.0000	</row1>
					<row2>	0.9807 0.0000 -0.1953 0.0000	</row2>
					<row3>	0.3114 0.4279 -5.9705 1.0000	</row3>
				</transform>
			</node>
			<node>
				<identifier>	MP_HM007_Lifebuoy_INDEX_1	</identifier>
				<transform>
					<row0>	-0.1953 0.0000 0.9807 0.0000	</row0>
					<row1>	0.0000 1.0000 0.0000 0.0000	</row1>
					<row2>	-0.9807 0.0000 -0.1953 0.0000	</row2>
					<row3>	-0.3114 0.4279 -5.9705 1.0000	</row3>
				</transform>
			</node>
			<node>
				<identifier>	MP_HM007_Lifebuoy_INDEX_2	</identifier>
				<transform>
					<row0>	-0.1722 0.0000 0.9851 0.0000	</row0>
					<row1>	0.0000 1.0000 0.0000 0.0000	</row1>
					<row2>	-0.9851 0.0000 -0.1722 0.0000	</row2>
					<row3>	-0.4714 0.4238 -5.1016 1.0000	</row3>
				</transform>
			</node>
			<node>
				<identifier>	MP_HM007_Lifebuoy_INDEX_3	</identifier>
				<transform>
					<row0>	-0.1722 0.0000 -0.9851 0.0000	</row0>
					<row1>	0.0000 1.0000 0.0000 0.0000	</row1>
					<row2>	0.9851 0.0000 -0.1722 0.0000	</row2>
					<row3>	0.4714 0.4238 -5.1016 1.0000	</row3>
				</transform>
			</node>
			<node>
				<identifier>	MP_HM021_Rope_dryer	</identifier>
				<transform>
					<row0>	0.9999 -0.0102 0.0000 0.0000	</row0>
					<row1>	0.0102 0.9999 0.0000 0.0000	</row1>
					<row2>	0.0000 0.0000 1.0000 0.0000	</row2>
					<row3>	0.0823 0.3631 -5.0761 1.0000	</row3>
				</transform>
			</node>
			<node>
				<identifier>	MP_HM021_Rope_dryer_INDEX_1	</identifier>
				<transform>
					<row0>	1.0000 0.0087 0.0000 0.0000	</row0>
					<row1>	-0.0087 1.0000 0.0000 0.0000	</row1>
					<row2>	0.0000 0.0000 1.0000 0.0000	</row2>
					<row3>	-0.1427 0.3634 -4.6295 1.0000	</row3>
				</transform>
			</node>
			<node>
				<identifier>	MP_HM620_Depth_Charge_Stowage	</identifier>
				<transform>
					<row0>	-0.9848 0.0000 0.1736 0.0000	</row0>
					<row1>	0.0000 1.0000 0.0000 0.0000	</row1>
					<row2>	-0.1736 0.0000 -0.9848 0.0000	</row2>
					<row3>	0.2940 0.3590 -5.6558 1.0000	</row3>
				</transform>
			</node>
			<node>
				<identifier>	MP_HM620_Depth_Charge_Stowage_INDEX_1	</identifier>
				<transform>
					<row0>	0.9848 0.0000 -0.1736 0.0000	</row0>
					<row1>	0.0000 1.0000 0.0000 0.0000	</row1>
					<row2>	0.1736 0.0000 0.9848 0.0000	</row2>
					<row3>	0.2450 0.3610 -5.9318 1.0000	</row3>
				</transform>
			</node>
			<node>
				<identifier>	MP_HM620_Depth_Charge_Stowage_INDEX_2	</identifier>
				<transform>
					<row0>	-0.9848 0.0000 0.1736 0.0000	</row0>
					<row1>	0.0000 1.0000 0.0000 0.0000	</row1>
					<row2>	-0.1736 0.0000 -0.9848 0.0000	</row2>
					<row3>	0.2232 0.3610 -6.0553 1.0000	</row3>
				</transform>
			</node>
			<node>
				<identifier>	MP_HM620_Depth_Charge_Stowage_INDEX_3	</identifier>
				<transform>
					<row0>	0.9848 0.0000 -0.1736 0.0000	</row0>
					<row1>	0.0000 1.0000 0.0000 0.0000	</row1>
					<row2>	0.1736 0.0000 0.9848 0.0000	</row2>
					<row3>	0.3156 0.3590 -5.5324 1.0000	</row3>
				</transform>
			</node>
			<node>
				<identifier>	MP_HM620_Depth_Charge_Stowage_INDEX_4	</identifier>
				<transform>
					<row0>	0.9848 0.0000 0.1736 0.0000	</row0>
					<row1>	0.0000 1.0000 0.0000 0.0000	</row1>
					<row2>	-0.1736 0.0000 0.9848 0.0000	</row2>
					<row3>	-0.3156 0.3590 -5.5324 1.0000	</row3>
				</transform>
			</node>
			<node>
				<identifier>	MP_HM620_Depth_Charge_Stowage_INDEX_5	</identifier>
				<transform>
					<row0>	-0.9848 0.0000 -0.1736 0.0000	</row0>
					<row1>	0.0000 1.0000 0.0000 0.0000	</row1>
					<row2>	0.1736 0.0000 -0.9848 0.0000	</row2>
					<row3>	-0.2940 0.3590 -5.6558 1.0000	</row3>
				</transform>
			</node>
			<node>
				<identifier>	MP_HM620_Depth_Charge_Stowage_INDEX_6	</identifier>
				<transform>
					<row0>	0.9848 0.0000 0.1736 0.0000	</row0>
					<row1>	0.0000 1.0000 0.0000 0.0000	</row1>
					<row2>	-0.1736 0.0000 0.9848 0.0000	</row2>
					<row3>	-0.2450 0.3610 -5.9318 1.0000	</row3>
				</transform>
			</node>
			<node>
				<identifier>	MP_HM620_Depth_Charge_Stowage_INDEX_7	</identifier>
				<transform>
					<row0>	-0.9848 0.0000 -0.1736 0.0000	</row0>
					<row1>	0.0000 1.0000 0.0000 0.0000	</row1>
					<row2>	0.1736 0.0000 -0.9848 0.0000	</row2>
					<row3>	-0.2232 0.3610 -6.0553 1.0000	</row3>
				</transform>
			</node>
			<node>
				<identifier>	MP_HM621_Depth_Charge	</identifier>
				<transform>
					<row0>	0.9848 0.0000 -0.1736 0.0000	</row0>
					<row1>	-0.1736 0.0000 -0.9848 0.0000	</row1>
					<row2>	0.0000 1.0000 0.0000 0.0000	</row2>
					<row3>	0.2490 0.3928 -5.9091 1.0000	</row3>
				</transform>
			</node>
			<node>
				<identifier>	MP_HM621_Depth_Charge_INDEX_1	</identifier>
				<transform>
					<row0>	-0.9848 0.0000 0.1736 0.0000	</row0>
					<row1>	0.1736 0.0000 0.9848 0.0000	</row1>
					<row2>	0.0000 1.0000 0.0000 0.0000	</row2>
					<row3>	0.2900 0.3908 -5.6786 1.0000	</row3>
				</transform>
			</node>
			<node>
				<identifier>	MP_HM621_Depth_Charge_INDEX_2	</identifier>
				<transform>
					<row0>	-0.9848 0.0000 0.1736 0.0000	</row0>
					<row1>	0.1736 0.0000 0.9848 0.0000	</row1>
					<row2>	0.0000 1.0000 0.0000 0.0000	</row2>
					<row3>	0.2192 0.3928 -6.0780 1.0000	</row3>
				</transform>
			</node>
			<node>
				<identifier>	MP_HM621_Depth_Charge_INDEX_3	</identifier>
				<transform>
					<row0>	0.9848 0.0000 -0.1736 0.0000	</row0>
					<row1>	-0.1736 0.0000 -0.9848 0.0000	</row1>
					<row2>	0.0000 1.0000 0.0000 0.0000	</row2>
					<row3>	0.3197 0.3908 -5.5097 1.0000	</row3>
				</transform>
			</node>
			<node>
				<identifier>	MP_HM621_Depth_Charge_INDEX_4	</identifier>
				<transform>
					<row0>	0.9848 0.0000 0.1736 0.0000	</row0>
					<row1>	0.1736 0.0000 -0.9848 0.0000	</row1>
					<row2>	0.0000 1.0000 0.0000 0.0000	</row2>
					<row3>	-0.3197 0.3908 -5.5097 1.0000	</row3>
				</transform>
			</node>
			<node>
				<identifier>	MP_HM621_Depth_Charge_INDEX_5	</identifier>
				<transform>
					<row0>	-0.9848 0.0000 -0.1736 0.0000	</row0>
					<row1>	-0.1736 0.0000 0.9848 0.0000	</row1>
					<row2>	0.0000 1.0000 0.0000 0.0000	</row2>
					<row3>	-0.2900 0.3908 -5.6786 1.0000	</row3>
				</transform>
			</node>
			<node>
				<identifier>	MP_HM621_Depth_Charge_INDEX_6	</identifier>
				<transform>
					<row0>	0.9848 0.0000 0.1736 0.0000	</row0>
					<row1>	0.1736 0.0000 -0.9848 0.0000	</row1>
					<row2>	0.0000 1.0000 0.0000 0.0000	</row2>
					<row3>	-0.2490 0.3928 -5.9091 1.0000	</row3>
				</transform>
			</node>
			<node>
				<identifier>	MP_HM621_Depth_Charge_INDEX_7	</identifier>
				<transform>
					<row0>	-0.9848 0.0000 -0.1736 0.0000	</row0>
					<row1>	-0.1736 0.0000 0.9848 0.0000	</row1>
					<row2>	0.0000 1.0000 0.0000 0.0000	</row2>
					<row3>	-0.2192 0.3928 -6.0780 1.0000	</row3>
				</transform>
			</node>
			<node>
				<identifier>	MP_HM751_Hatch	</identifier>
				<transform>
					<row0>	1.0000 0.0000 0.0000 0.0000	</row0>
					<row1>	0.0000 1.0000 0.0000 0.0000	</row1>
					<row2>	0.0000 0.0000 1.0000 0.0000	</row2>
					<row3>	0.1671 0.3644 -5.5805 1.0000	</row3>
				</transform>
			</node>
			<node>
				<identifier>	MP_HM957_Bollard	</identifier>
				<transform>
					<row0>	1.5456 0.0268 0.2443 0.0000	</row0>
					<row1>	-0.0270 1.5648 -0.0012 0.0000	</row1>
					<row2>	-0.2443 -0.0030 1.5459 0.0000	</row2>
					<row3>	-0.2352 0.3615 -5.3306 1.0000	</row3>
				</transform>
			</node>
			<node>
				<identifier>	MP_HM957_Bollard_INDEX_1	</identifier>
				<transform>
					<row0>	1.5456 -0.0268 -0.2443 0.0000	</row0>
					<row1>	0.0270 1.5648 -0.0012 0.0000	</row1>
					<row2>	0.2443 -0.0030 1.5459 0.0000	</row2>
					<row3>	0.2352 0.3615 -5.3306 1.0000	</row3>
				</transform>
			</node>
			<node>
				<identifier>	MP_HM964_Capstan_Green_R	</identifier>
				<transform>
					<row0>	1.0000 0.0000 0.0000 0.0000	</row0>
					<row1>	0.0000 1.0000 0.0000 0.0000	</row1>
					<row2>	0.0000 0.0000 1.0000 0.0000	</row2>
					<row3>	0.0000 0.3721 -5.8311 1.0000	</row3>
				</transform>
			</node>
			<node>
				<identifier>	SP_YMS011_YHWL_M_1_INDEX_12	</identifier>
				<transform>
					<row0>	1.0027 0.1625 0.1580 0.0000	</row0>
					<row1>	-0.1605 1.0151 -0.0253 0.0000	</row1>
					<row2>	-0.1601 0.0000 1.0155 0.0000	</row2>
					<row3>	-0.5111 0.0000 -4.8717 1.0000	</row3>
				</transform>
			</node>
			<node>
				<identifier>	SP_YMS011_YHWL_M_1_INDEX_13	</identifier>
				<transform>
					<row0>	0.9706 0.2882 0.1780 0.0000	</row0>
					<row1>	-0.2835 0.9868 -0.0520 0.0000	</row1>
					<row2>	-0.1854 0.0000 1.0111 0.0000	</row2>
					<row3>	-0.3616 0.0000 -5.7340 1.0000	</row3>
				</transform>
			</node>
			<node>
				<identifier>	SP_YMS012_YHWR_M_1_INDEX_1	</identifier>
				<transform>
					<row0>	0.9706 -0.2882 -0.1780 0.0000	</row0>
					<row1>	0.2835 0.9868 -0.0520 0.0000	</row1>
					<row2>	0.1854 0.0000 1.0111 0.0000	</row2>
					<row3>	0.3616 0.0000 -5.7340 1.0000	</row3>
				</transform>
			</node>
			<node>
				<identifier>	SP_YMS012_YHWR_M_1_INDEX_13	</identifier>
				<transform>
					<row0>	1.0027 -0.1625 -0.1580 0.0000	</row0>
					<row1>	0.1605 1.0151 -0.0253 0.0000	</row1>
					<row2>	0.1601 0.0000 1.0155 0.0000	</row2>
					<row3>	0.5111 0.0000 -4.8717 1.0000	</row3>
				</transform>
			</node>
			<node>
				<identifier>	SP_YMS023_YHUC_L_1	</identifier>
				<transform>
					<row0>	0.8921 -0.4517 -0.0105 0.0000	</row0>
					<row1>	0.4513 0.8919 -0.0305 0.0000	</row1>
					<row2>	0.0232 0.0224 0.9995 0.0000	</row2>
					<row3>	-0.4191 -0.3717 -5.2635 1.0000	</row3>
				</transform>
			</node>
			<node>
				<identifier>	SP_YMS023_YHUC_L_1_INDEX_1	</identifier>
				<transform>
					<row0>	0.8921 0.4517 0.0105 0.0000	</row0>
					<row1>	-0.4513 0.8919 -0.0305 0.0000	</row1>
					<row2>	-0.0232 0.0224 0.9995 0.0000	</row2>
					<row3>	0.4191 -0.3717 -5.2635 1.0000	</row3>
				</transform>
			</node>
			<node>
				<identifier>	SP_YMS023_YHUC_L_1_INDEX_2	</identifier>
				<transform>
					<row0>	1.1142 0.0000 0.0000 0.0000	</row0>
					<row1>	0.0000 1.1138 -0.0298 0.0000	</row1>
					<row2>	0.0000 0.0298 1.1138 0.0000	</row2>
					<row3>	0.0000 -0.3966 -5.9534 1.0000	</row3>
				</transform>
			</node>
			<node>
				<identifier>	SP_YMS031_YHAL_M_1	</identifier>
				<transform>
					<row0>	0.9786 -0.0480 0.1999 0.0000	</row0>
					<row1>	0.0475 0.9988 0.0073 0.0000	</row1>
					<row2>	-0.2000 0.0024 0.9798 0.0000	</row2>
					<row3>	-0.2112 0.2034 -6.5898 1.0000	</row3>
				</transform>
			</node>
			<node>
				<identifier>	SP_YMS032_YHAR_M_1	</identifier>
				<transform>
					<row0>	0.9786 0.0480 -0.1999 0.0000	</row0>
					<row1>	-0.0475 0.9988 0.0073 0.0000	</row1>
					<row2>	0.2000 0.0024 0.9798 0.0000	</row2>
					<row3>	0.2112 0.2034 -6.5898 1.0000	</row3>
				</transform>
			</node>
			<node>
				<identifier>	SP_YMS033_YHAM_S_1	</identifier>
				<transform>
					<row0>	0.7045 0.0000 0.0000 0.0000	</row0>
					<row1>	0.0000 0.7045 0.0000 0.0000	</row1>
					<row2>	0.0000 0.0000 0.7045 0.0000	</row2>
					<row3>	0.0000 0.1945 -6.9950 1.0000	</row3>
				</transform>
			</node>
			<node>
				<identifier>	SP_YMS053_YHDC_S_1_INDEX_6	</identifier>
				<transform>
					<row0>	1.0000 0.0000 0.0000 0.0000	</row0>
					<row1>	0.0000 1.0000 0.0000 0.0000	</row1>
					<row2>	0.0000 0.0000 1.0000 0.0000	</row2>
					<row3>	-0.3623 0.3733 -4.8502 1.0000	</row3>
				</transform>
			</node>
			<node>
				<identifier>	SP_YMS053_YHDC_S_1_INDEX_7	</identifier>
				<transform>
					<row0>	1.0000 0.0000 0.0000 0.0000	</row0>
					<row1>	0.0000 1.0000 0.0000 0.0000	</row1>
					<row2>	0.0000 0.0000 1.0000 0.0000	</row2>
					<row3>	0.3623 0.3733 -4.8502 1.0000	</row3>
				</transform>
			</node>
			<node>
				<identifier>	SP_YMS072_YHHC_M_1_INDEX_4	</identifier>
				<transform>
					<row0>	0.1670 0.0000 -0.9860 0.0000	</row0>
					<row1>	-0.0370 0.9993 -0.0063 0.0000	</row1>
					<row2>	0.9853 0.0376 0.1669 0.0000	</row2>
					<row3>	-0.4868 0.1881 -5.0254 1.0000	</row3>
				</transform>
			</node>
			<node>
				<identifier>	SP_YMS072_YHHC_M_1_INDEX_5	</identifier>
				<transform>
					<row0>	0.1670 0.0000 0.9860 0.0000	</row0>
					<row1>	0.0370 0.9993 -0.0063 0.0000	</row1>
					<row2>	-0.9853 0.0376 0.1669 0.0000	</row2>
					<row3>	0.4866 0.1881 -5.0254 1.0000	</row3>
				</transform>
			</node>
			<node>
				<identifier>	SP_YMS073_YHHC_M_2_INDEX_2	</identifier>
				<transform>
					<row0>	0.1409 0.0000 -0.9900 0.0000	</row0>
					<row1>	-0.0441 0.9990 -0.0063 0.0000	</row1>
					<row2>	0.9890 0.0445 0.1407 0.0000	</row2>
					<row3>	-0.5280 0.1879 -4.7748 1.0000	</row3>
				</transform>
			</node>
			<node>
				<identifier>	SP_YMS073_YHHC_M_2_INDEX_3	</identifier>
				<transform>
					<row0>	0.1409 0.0000 0.9900 0.0000	</row0>
					<row1>	0.0441 0.9990 -0.0063 0.0000	</row1>
					<row2>	-0.9890 0.0445 0.1407 0.0000	</row2>
					<row3>	0.5280 0.1879 -4.7748 1.0000	</row3>
				</transform>
			</node>
			<node>
				<identifier>	SP_YMS080_YHSL_M_1_INDEX_3	</identifier>
				<transform>
					<row0>	0.8581 0.0000 0.1514 0.0000	</row0>
					<row1>	0.0000 0.8713 0.0000 0.0000	</row1>
					<row2>	-0.1514 0.0000 0.8581 0.0000	</row2>
					<row3>	-0.3973 0.2554 -5.6774 1.0000	</row3>
				</transform>
			</node>
			<node>
				<identifier>	SP_YMS081_YHSR_M_1_INDEX_3	</identifier>
				<transform>
					<row0>	0.8581 0.0000 -0.1514 0.0000	</row0>
					<row1>	0.0000 0.8713 0.0000 0.0000	</row1>
					<row2>	0.1514 0.0000 0.8581 0.0000	</row2>
					<row3>	0.3973 0.2554 -5.6774 1.0000	</row3>
				</transform>
			</node>
		</node>
	</node>
	<boundingBox>
		<min>	-0.0667 -0.0667 -0.0667	</min>
		<max>	0.0667 0.0667 0.0667	</max>
	</boundingBox>
</HSC009_Johan_de_Witt_1945_Stern_ports.visual>
