<ISD009_Vittorio_Cuniberti_1943_MidFront_ports.visual>
	<node>
		<identifier>	Scene Root	</identifier>
		<transform>
			<row0>	1.0000 0.0000 0.0000 0.0000	</row0>
			<row1>	0.0000 1.0000 0.0000 0.0000	</row1>
			<row2>	0.0000 0.0000 1.0000 0.0000	</row2>
			<row3>	0.0000 0.0000 0.0000 1.0000	</row3>
		</transform>
		<node>
			<identifier>	MidFront_ports	</identifier>
			<transform>
				<row0>	1.0000 0.0000 0.0000 0.0000	</row0>
				<row1>	0.0000 1.0000 0.0000 0.0000	</row1>
				<row2>	0.0000 0.0000 1.0000 0.0000	</row2>
				<row3>	0.0000 0.0000 0.0000 1.0000	</row3>
			</transform>
			<node>
				<identifier>	HP_FX_Death_1	</identifier>
				<transform>
					<row0>	1.0000 0.0000 0.0000 0.0000	</row0>
					<row1>	0.0000 1.0000 0.0000 0.0000	</row1>
					<row2>	0.0000 0.0000 1.0000 0.0000	</row2>
					<row3>	0.0000 0.0590 2.1307 1.0000	</row3>
				</transform>
			</node>
			<node>
				<identifier>	HP_FX_Death_2	</identifier>
				<transform>
					<row0>	1.0000 0.0000 0.0000 0.0000	</row0>
					<row1>	0.0000 1.0000 0.0000 0.0000	</row1>
					<row2>	0.0000 0.0000 1.0000 0.0000	</row2>
					<row3>	0.0000 0.0000 -0.0933 1.0000	</row3>
				</transform>
			</node>
			<node>
				<identifier>	HP_FX_Fire_2	</identifier>
				<transform>
					<row0>	0.9525 0.0000 0.3046 0.0000	</row0>
					<row1>	0.0000 1.0000 0.0000 0.0000	</row1>
					<row2>	-0.3046 0.0000 0.9525 0.0000	</row2>
					<row3>	0.0000 0.2979 -0.0178 1.0000	</row3>
				</transform>
			</node>
			<node>
				<identifier>	HP_FX_Fire_2_side_1	</identifier>
				<transform>
					<row0>	1.0000 0.0000 0.0000 0.0000	</row0>
					<row1>	0.0000 1.0000 0.0000 0.0000	</row1>
					<row2>	0.0000 0.0000 1.0000 0.0000	</row2>
					<row3>	-0.2384 0.2625 1.6234 1.0000	</row3>
				</transform>
			</node>
			<node>
				<identifier>	HP_FX_Fire_2_side_2	</identifier>
				<transform>
					<row0>	1.0000 0.0000 0.0000 0.0000	</row0>
					<row1>	0.0000 1.0000 0.0000 0.0000	</row1>
					<row2>	0.0000 0.0000 1.0000 0.0000	</row2>
					<row3>	0.2566 0.4360 0.9362 1.0000	</row3>
				</transform>
			</node>
			<node>
				<identifier>	HP_FX_Fire_2_side_3	</identifier>
				<transform>
					<row0>	1.0000 0.0000 0.0000 0.0000	</row0>
					<row1>	0.0000 1.0000 0.0000 0.0000	</row1>
					<row2>	0.0000 0.0000 1.0000 0.0000	</row2>
					<row3>	-0.2364 0.1019 -0.6050 1.0000	</row3>
				</transform>
			</node>
			<node>
				<identifier>	HP_FX_FloodLight_left_2	</identifier>
				<transform>
					<row0>	-1.0000 0.0000 0.0000 0.0000	</row0>
					<row1>	0.0000 1.0000 0.0000 0.0000	</row1>
					<row2>	0.0000 0.0000 -1.0000 0.0000	</row2>
					<row3>	-0.1759 0.3686 1.3149 1.0000	</row3>
				</transform>
			</node>
			<node>
				<identifier>	HP_FX_FloodLight_right_2	</identifier>
				<transform>
					<row0>	1.0000 0.0000 0.0000 0.0000	</row0>
					<row1>	0.0000 1.0000 0.0000 0.0000	</row1>
					<row2>	0.0000 0.0000 1.0000 0.0000	</row2>
					<row3>	0.1774 0.3705 1.3150 1.0000	</row3>
				</transform>
			</node>
			<node>
				<identifier>	HP_FX_Flood_steam_1	</identifier>
				<transform>
					<row0>	0.9881 0.1538 0.0000 0.0000	</row0>
					<row1>	-0.1511 0.9708 -0.1861 0.0000	</row1>
					<row2>	-0.0286 0.1839 0.9825 0.0000	</row2>
					<row3>	-0.0286 0.8954 0.5457 1.0000	</row3>
				</transform>
			</node>
			<node>
				<identifier>	HP_FX_Flood_steam_2	</identifier>
				<transform>
					<row0>	0.9143 -0.4051 0.0000 0.0000	</row0>
					<row1>	0.3942 0.8896 -0.2308 0.0000	</row1>
					<row2>	0.0935 0.2110 0.9730 0.0000	</row2>
					<row3>	0.0223 0.7883 0.1010 1.0000	</row3>
				</transform>
			</node>
			<node>
				<identifier>	HP_FX_Flood_steam_left	</identifier>
				<transform>
					<row0>	-1.0000 0.0000 0.0000 0.0000	</row0>
					<row1>	0.0000 1.0000 0.0000 0.0000	</row1>
					<row2>	0.0000 0.0000 -1.0000 0.0000	</row2>
					<row3>	-0.2957 0.2225 2.0307 1.0000	</row3>
				</transform>
			</node>
			<node>
				<identifier>	HP_FX_Smoke_1	</identifier>
				<transform>
					<row0>	1.0000 0.0000 0.0000 0.0000	</row0>
					<row1>	0.0000 1.0000 0.0000 0.0000	</row1>
					<row2>	0.0000 0.0000 1.0000 0.0000	</row2>
					<row3>	0.0000 0.7816 0.3402 1.0000	</row3>
				</transform>
			</node>
			<node>
				<identifier>	HP_ID_1	</identifier>
				<transform>
					<row0>	1.0000 0.0000 0.0000 0.0000	</row0>
					<row1>	0.0000 1.0000 0.0000 0.0000	</row1>
					<row2>	0.0000 0.0000 1.0000 0.0000	</row2>
					<row3>	0.0000 0.7576 1.4081 1.0000	</row3>
				</transform>
			</node>
			<node>
				<identifier>	HP_IGA_1	</identifier>
				<transform>
					<row0>	0.0000 0.0000 1.0000 0.0000	</row0>
					<row1>	0.0000 1.0000 0.0000 0.0000	</row1>
					<row2>	-1.0000 0.0000 0.0000 0.0000	</row2>
					<row3>	-0.2129 0.6877 1.0881 1.0000	</row3>
				</transform>
			</node>
			<node>
				<identifier>	HP_IGA_2	</identifier>
				<transform>
					<row0>	0.0000 0.0000 -1.0000 0.0000	</row0>
					<row1>	0.0000 1.0000 0.0000 0.0000	</row1>
					<row2>	1.0000 0.0000 0.0000 0.0000	</row2>
					<row3>	0.2129 0.6877 1.0881 1.0000	</row3>
				</transform>
			</node>
			<node>
				<identifier>	HP_IGA_3	</identifier>
				<transform>
					<row0>	0.0000 0.0000 1.0000 0.0000	</row0>
					<row1>	0.0000 1.0000 0.0000 0.0000	</row1>
					<row2>	-1.0000 0.0000 0.0000 0.0000	</row2>
					<row3>	-0.2464 0.2505 -0.0006 1.0000	</row3>
				</transform>
			</node>
			<node>
				<identifier>	HP_IGA_4	</identifier>
				<transform>
					<row0>	0.0000 0.0000 -1.0000 0.0000	</row0>
					<row1>	0.0000 1.0000 0.0000 0.0000	</row1>
					<row2>	1.0000 0.0000 0.0000 0.0000	</row2>
					<row3>	0.2464 0.2505 -0.0006 1.0000	</row3>
				</transform>
			</node>
			<node>
				<identifier>	HP_IGM_1	</identifier>
				<transform>
					<row0>	1.0000 0.0000 0.0000 0.0000	</row0>
					<row1>	0.0000 1.0000 0.0000 0.0000	</row1>
					<row2>	0.0000 0.0000 1.0000 0.0000	</row2>
					<row3>	0.0000 0.2818 2.4522 1.0000	</row3>
				</transform>
			</node>
			<node>
				<identifier>	HP_IGM_2	</identifier>
				<transform>
					<row0>	1.0000 0.0000 0.0000 0.0000	</row0>
					<row1>	0.0000 1.0000 0.0000 0.0000	</row1>
					<row2>	0.0000 0.0000 1.0000 0.0000	</row2>
					<row3>	0.0000 0.4228 1.8985 1.0000	</row3>
				</transform>
			</node>
			<node>
				<identifier>	HP_IGT_1	</identifier>
				<transform>
					<row0>	1.0000 0.0000 0.0000 0.0000	</row0>
					<row1>	0.0000 1.0000 0.0000 0.0000	</row1>
					<row2>	0.0000 0.0000 1.0000 0.0000	</row2>
					<row3>	0.0000 0.1901 -0.7178 1.0000	</row3>
				</transform>
			</node>
			<node>
				<identifier>	HP_IRS_1	</identifier>
				<transform>
					<row0>	1.0000 0.0000 0.0000 0.0000	</row0>
					<row1>	0.0000 1.0000 0.0000 0.0000	</row1>
					<row2>	0.0000 0.0000 1.0000 0.0000	</row2>
					<row3>	0.0000 1.1324 0.8994 1.0000	</row3>
				</transform>
			</node>
			<node>
				<identifier>	HP_flag_1	</identifier>
				<transform>
					<row0>	0.9997 0.0248 -0.0009 0.0000	</row0>
					<row1>	-0.0248 0.9971 -0.0714 0.0000	</row1>
					<row2>	-0.0009 0.0714 0.9974 0.0000	</row2>
					<row3>	0.0617 1.3777 0.7290 1.0000	</row3>
				</transform>
			</node>
			<node>
				<identifier>	HP_flag_2	</identifier>
				<transform>
					<row0>	0.9997 -0.0243 0.0009 0.0000	</row0>
					<row1>	0.0243 0.9971 -0.0718 0.0000	</row1>
					<row2>	0.0009 0.0718 0.9974 0.0000	</row2>
					<row3>	-0.0594 1.3777 0.7290 1.0000	</row3>
				</transform>
			</node>
			<node>
				<identifier>	HP_flag_3	</identifier>
				<transform>
					<row0>	0.9987 0.0507 -0.0021 0.0000	</row0>
					<row1>	-0.0507 0.9953 -0.0820 0.0000	</row1>
					<row2>	-0.0021 0.0820 0.9966 0.0000	</row2>
					<row3>	0.0222 1.3759 0.7292 1.0000	</row3>
				</transform>
			</node>
			<node>
				<identifier>	HP_flag_4	</identifier>
				<transform>
					<row0>	0.9987 -0.0517 0.0021 0.0000	</row0>
					<row1>	0.0517 0.9954 -0.0811 0.0000	</row1>
					<row2>	0.0021 0.0811 0.9967 0.0000	</row2>
					<row3>	-0.0195 1.3759 0.7292 1.0000	</row3>
				</transform>
			</node>
			<node>
				<identifier>	HP_flag_courtesy	</identifier>
				<transform>
					<row0>	1.0000 -0.0022 0.0000 0.0000	</row0>
					<row1>	0.0022 0.9980 -0.0624 0.0000	</row1>
					<row2>	0.0000 0.0624 0.9981 0.0000	</row2>
					<row3>	0.1010 1.3773 0.7290 1.0000	</row3>
				</transform>
			</node>
			<node>
				<identifier>	HP_flag_house	</identifier>
				<transform>
					<row0>	1.0000 0.0028 0.0000 0.0000	</row0>
					<row1>	-0.0028 0.9981 -0.0618 0.0000	</row1>
					<row2>	0.0000 0.0618 0.9981 0.0000	</row2>
					<row3>	-0.0991 1.3775 0.7289 1.0000	</row3>
				</transform>
			</node>
			<node>
				<identifier>	MP_CM029_Emergency_Box	</identifier>
				<transform>
					<row0>	0.0000 0.0000 1.0000 0.0000	</row0>
					<row1>	0.0000 1.0000 0.0000 0.0000	</row1>
					<row2>	-1.0000 0.0000 0.0000 0.0000	</row2>
					<row3>	0.1789 0.3188 1.3154 1.0000	</row3>
				</transform>
			</node>
			<node>
				<identifier>	MP_CM029_Emergency_Box_INDEX_1	</identifier>
				<transform>
					<row0>	-0.4823 0.0000 0.8760 0.0000	</row0>
					<row1>	0.0000 1.0000 0.0000 0.0000	</row1>
					<row2>	-0.8760 0.0000 -0.4823 0.0000	</row2>
					<row3>	0.0482 0.7357 1.0329 1.0000	</row3>
				</transform>
			</node>
			<node>
				<identifier>	MP_CM029_Emergency_Box_INDEX_2	</identifier>
				<transform>
					<row0>	0.0000 0.0000 -1.0000 0.0000	</row0>
					<row1>	0.0000 1.0000 0.0000 0.0000	</row1>
					<row2>	1.0000 0.0000 0.0000 0.0000	</row2>
					<row3>	-0.1789 0.3188 1.3154 1.0000	</row3>
				</transform>
			</node>
			<node>
				<identifier>	MP_CM029_Emergency_Box_INDEX_3	</identifier>
				<transform>
					<row0>	0.7907 0.0000 0.6123 0.0000	</row0>
					<row1>	0.0000 1.0000 0.0000 0.0000	</row1>
					<row2>	-0.6123 0.0000 0.7907 0.0000	</row2>
					<row3>	0.0742 0.1728 -0.2500 1.0000	</row3>
				</transform>
			</node>
			<node>
				<identifier>	MP_CM029_Emergency_Box_INDEX_4	</identifier>
				<transform>
					<row0>	0.0000 0.0000 1.0000 0.0000	</row0>
					<row1>	0.0000 1.0000 0.0000 0.0000	</row1>
					<row2>	-1.0000 0.0000 0.0000 0.0000	</row2>
					<row3>	0.1155 0.3141 0.5885 1.0000	</row3>
				</transform>
			</node>
			<node>
				<identifier>	MP_CM029_Emergency_Box_INDEX_5	</identifier>
				<transform>
					<row0>	-1.0000 0.0000 0.0000 0.0000	</row0>
					<row1>	0.0000 1.0000 0.0000 0.0000	</row1>
					<row2>	0.0000 0.0000 -1.0000 0.0000	</row2>
					<row3>	-0.1015 0.6106 1.3958 1.0000	</row3>
				</transform>
			</node>
			<node>
				<identifier>	MP_CM029_Emergency_Box_INDEX_6	</identifier>
				<transform>
					<row0>	0.7907 0.0000 -0.6123 0.0000	</row0>
					<row1>	0.0000 1.0000 0.0000 0.0000	</row1>
					<row2>	0.6123 0.0000 0.7907 0.0000	</row2>
					<row3>	-0.0742 0.1728 -0.2500 1.0000	</row3>
				</transform>
			</node>
			<node>
				<identifier>	MP_CM029_Emergency_Box_INDEX_7	</identifier>
				<transform>
					<row0>	-0.4823 0.0000 -0.8760 0.0000	</row0>
					<row1>	0.0000 1.0000 0.0000 0.0000	</row1>
					<row2>	0.8760 0.0000 -0.4823 0.0000	</row2>
					<row3>	-0.0482 0.7357 1.0329 1.0000	</row3>
				</transform>
			</node>
			<node>
				<identifier>	MP_CM029_Emergency_Box_INDEX_8	</identifier>
				<transform>
					<row0>	0.0000 0.0000 -1.0000 0.0000	</row0>
					<row1>	0.0000 1.0000 0.0000 0.0000	</row1>
					<row2>	1.0000 0.0000 0.0000 0.0000	</row2>
					<row3>	-0.1155 0.3141 0.5885 1.0000	</row3>
				</transform>
			</node>
			<node>
				<identifier>	MP_CM030_Swab_Rack_2	</identifier>
				<transform>
					<row0>	0.0000 0.0000 1.0000 0.0000	</row0>
					<row1>	0.0000 1.0000 0.0000 0.0000	</row1>
					<row2>	-1.0000 0.0000 0.0000 0.0000	</row2>
					<row3>	-0.1084 0.1034 0.2052 1.0000	</row3>
				</transform>
			</node>
			<node>
				<identifier>	MP_CM030_Swab_Rack_2_INDEX_1	</identifier>
				<transform>
					<row0>	0.0000 0.0000 -1.0000 0.0000	</row0>
					<row1>	0.0000 1.0000 0.0000 0.0000	</row1>
					<row2>	1.0000 0.0000 0.0000 0.0000	</row2>
					<row3>	0.1084 0.1034 -0.0299 1.0000	</row3>
				</transform>
			</node>
			<node>
				<identifier>	MP_CM052_Fender	</identifier>
				<transform>
					<row0>	0.0000 0.0000 0.6758 0.0000	</row0>
					<row1>	0.0000 0.6441 0.0000 0.0000	</row1>
					<row2>	-0.6758 0.0000 0.0000 0.0000	</row2>
					<row3>	-0.1943 0.2704 2.0115 1.0000	</row3>
				</transform>
			</node>
			<node>
				<identifier>	MP_CM052_Fender_INDEX_1	</identifier>
				<transform>
					<row0>	-0.6755 0.0178 0.0000 0.0000	</row0>
					<row1>	0.0169 0.6439 0.0000 0.0000	</row1>
					<row2>	0.0000 0.0000 -0.6758 0.0000	</row2>
					<row3>	0.2880 0.1039 0.5744 1.0000	</row3>
				</transform>
			</node>
			<node>
				<identifier>	MP_CM052_Fender_INDEX_2	</identifier>
				<transform>
					<row0>	0.0000 0.0000 -0.6758 0.0000	</row0>
					<row1>	0.0000 0.6441 0.0000 0.0000	</row1>
					<row2>	0.6758 0.0000 0.0000 0.0000	</row2>
					<row3>	0.1943 0.2704 2.0115 1.0000	</row3>
				</transform>
			</node>
			<node>
				<identifier>	MP_CM052_Fender_INDEX_3	</identifier>
				<transform>
					<row0>	-0.6755 -0.0178 0.0000 0.0000	</row0>
					<row1>	-0.0169 0.6439 0.0000 0.0000	</row1>
					<row2>	0.0000 0.0000 -0.6758 0.0000	</row2>
					<row3>	-0.2880 0.1039 0.5744 1.0000	</row3>
				</transform>
			</node>
			<node>
				<identifier>	MP_CM082_Rope	</identifier>
				<transform>
					<row0>	0.2468 0.0000 -0.4286 0.0000	</row0>
					<row1>	0.0000 0.4946 0.0000 0.0000	</row1>
					<row2>	0.4286 0.0000 0.2468 0.0000	</row2>
					<row3>	-0.0886 0.4634 0.7902 1.0000	</row3>
				</transform>
			</node>
			<node>
				<identifier>	MP_CM082_Rope_INDEX_1	</identifier>
				<transform>
					<row0>	0.3104 0.0000 0.3850 0.0000	</row0>
					<row1>	0.0000 0.4946 0.0000 0.0000	</row1>
					<row2>	-0.3850 0.0000 0.3104 0.0000	</row2>
					<row3>	0.0676 0.4634 0.8050 1.0000	</row3>
				</transform>
			</node>
			<node>
				<identifier>	MP_CM082_Rope_INDEX_2	</identifier>
				<transform>
					<row0>	0.2468 0.0000 -0.4286 0.0000	</row0>
					<row1>	0.0000 0.4946 0.0000 0.0000	</row1>
					<row2>	0.4286 0.0000 0.2468 0.0000	</row2>
					<row3>	-0.0662 0.4634 0.8038 1.0000	</row3>
				</transform>
			</node>
			<node>
				<identifier>	MP_CM082_Rope_INDEX_3	</identifier>
				<transform>
					<row0>	0.3104 0.0000 0.3850 0.0000	</row0>
					<row1>	0.0000 0.4946 0.0000 0.0000	</row1>
					<row2>	-0.3850 0.0000 0.3104 0.0000	</row2>
					<row3>	0.0906 0.4634 0.7907 1.0000	</row3>
				</transform>
			</node>
			<node>
				<identifier>	MP_CM082_Rope_INDEX_4	</identifier>
				<transform>
					<row0>	0.2468 0.0000 -0.4286 0.0000	</row0>
					<row1>	0.0000 0.4946 0.0000 0.0000	</row1>
					<row2>	0.4286 0.0000 0.2468 0.0000	</row2>
					<row3>	-0.0737 0.4634 0.7995 1.0000	</row3>
				</transform>
			</node>
			<node>
				<identifier>	MP_CM082_Rope_INDEX_5	</identifier>
				<transform>
					<row0>	0.2468 0.0000 -0.4286 0.0000	</row0>
					<row1>	0.0000 0.4946 0.0000 0.0000	</row1>
					<row2>	0.4286 0.0000 0.2468 0.0000	</row2>
					<row3>	-0.0807 0.4634 0.7951 1.0000	</row3>
				</transform>
			</node>
			<node>
				<identifier>	MP_CM082_Rope_INDEX_6	</identifier>
				<transform>
					<row0>	0.3104 0.0000 0.3850 0.0000	</row0>
					<row1>	0.0000 0.4946 0.0000 0.0000	</row1>
					<row2>	-0.3850 0.0000 0.3104 0.0000	</row2>
					<row3>	0.0834 0.4634 0.7952 1.0000	</row3>
				</transform>
			</node>
			<node>
				<identifier>	MP_CM082_Rope_INDEX_7	</identifier>
				<transform>
					<row0>	0.3104 0.0000 0.3850 0.0000	</row0>
					<row1>	0.0000 0.4946 0.0000 0.0000	</row1>
					<row2>	-0.3850 0.0000 0.3104 0.0000	</row2>
					<row3>	0.0746 0.4634 0.8001 1.0000	</row3>
				</transform>
			</node>
			<node>
				<identifier>	MP_CM082_Rope_INDEX_8	</identifier>
				<transform>
					<row0>	0.2468 0.0000 -0.4286 0.0000	</row0>
					<row1>	0.0000 0.4946 0.0000 0.0000	</row1>
					<row2>	0.4286 0.0000 0.2468 0.0000	</row2>
					<row3>	-0.0961 0.4634 0.7856 1.0000	</row3>
				</transform>
			</node>
			<node>
				<identifier>	MP_CM082_Rope_INDEX_9	</identifier>
				<transform>
					<row0>	0.3104 0.0000 0.3850 0.0000	</row0>
					<row1>	0.0000 0.4946 0.0000 0.0000	</row1>
					<row2>	-0.3850 0.0000 0.3104 0.0000	</row2>
					<row3>	0.0982 0.4634 0.7862 1.0000	</row3>
				</transform>
			</node>
			<node>
				<identifier>	MP_CM126_Cleat	</identifier>
				<transform>
					<row0>	1.0000 0.0000 0.0000 0.0000	</row0>
					<row1>	0.0000 1.0000 0.0000 0.0000	</row1>
					<row2>	0.0000 0.0000 1.0000 0.0000	</row2>
					<row3>	-0.2965 0.2653 1.5408 1.0000	</row3>
				</transform>
			</node>
			<node>
				<identifier>	MP_CM126_Cleat_INDEX_1	</identifier>
				<transform>
					<row0>	-0.7195 0.0000 0.0000 0.0000	</row0>
					<row1>	0.0000 0.0000 0.7195 0.0000	</row1>
					<row2>	0.0000 0.7195 0.0000 0.0000	</row2>
					<row3>	0.1819 0.2243 0.4507 1.0000	</row3>
				</transform>
			</node>
			<node>
				<identifier>	MP_CM126_Cleat_INDEX_2	</identifier>
				<transform>
					<row0>	1.0000 0.0000 0.0000 0.0000	</row0>
					<row1>	0.0000 1.0000 0.0000 0.0000	</row1>
					<row2>	0.0000 0.0000 1.0000 0.0000	</row2>
					<row3>	0.2965 0.2653 1.5408 1.0000	</row3>
				</transform>
			</node>
			<node>
				<identifier>	MP_CM126_Cleat_INDEX_3	</identifier>
				<transform>
					<row0>	0.7195 0.0000 0.0000 0.0000	</row0>
					<row1>	0.0000 0.0000 -0.7195 0.0000	</row1>
					<row2>	0.0000 0.7195 0.0000 0.0000	</row2>
					<row3>	-0.1831 0.2243 0.2436 1.0000	</row3>
				</transform>
			</node>
			<node>
				<identifier>	MP_CM126_Cleat_INDEX_4	</identifier>
				<transform>
					<row0>	1.0000 0.0000 0.0000 0.0000	</row0>
					<row1>	0.0000 1.0000 0.0000 0.0000	</row1>
					<row2>	0.0000 0.0000 1.0000 0.0000	</row2>
					<row3>	-0.3150 0.1086 0.4328 1.0000	</row3>
				</transform>
			</node>
			<node>
				<identifier>	MP_CM126_Cleat_INDEX_5	</identifier>
				<transform>
					<row0>	0.7195 0.0000 0.0000 0.0000	</row0>
					<row1>	0.0000 0.0000 -0.7195 0.0000	</row1>
					<row2>	0.0000 0.7195 0.0000 0.0000	</row2>
					<row3>	0.1819 0.2243 0.2136 1.0000	</row3>
				</transform>
			</node>
			<node>
				<identifier>	MP_CM126_Cleat_INDEX_6	</identifier>
				<transform>
					<row0>	1.0000 0.0000 0.0000 0.0000	</row0>
					<row1>	0.0000 1.0000 0.0000 0.0000	</row1>
					<row2>	0.0000 0.0000 1.0000 0.0000	</row2>
					<row3>	0.3007 0.2624 1.2443 1.0000	</row3>
				</transform>
			</node>
			<node>
				<identifier>	MP_CM126_Cleat_INDEX_7	</identifier>
				<transform>
					<row0>	-0.7195 0.0000 0.0000 0.0000	</row0>
					<row1>	0.0000 0.0000 0.7195 0.0000	</row1>
					<row2>	0.0000 0.7195 0.0000 0.0000	</row2>
					<row3>	-0.1831 0.2243 0.4663 1.0000	</row3>
				</transform>
			</node>
			<node>
				<identifier>	MP_CM126_Cleat_INDEX_8	</identifier>
				<transform>
					<row0>	1.0000 0.0000 0.0000 0.0000	</row0>
					<row1>	0.0000 1.0000 0.0000 0.0000	</row1>
					<row2>	0.0000 0.0000 1.0000 0.0000	</row2>
					<row3>	0.3150 0.1086 0.4328 1.0000	</row3>
				</transform>
			</node>
			<node>
				<identifier>	MP_CM126_Cleat_INDEX_9	</identifier>
				<transform>
					<row0>	1.0000 0.0000 0.0000 0.0000	</row0>
					<row1>	0.0000 1.0000 0.0000 0.0000	</row1>
					<row2>	0.0000 0.0000 1.0000 0.0000	</row2>
					<row3>	-0.3007 0.2624 1.2443 1.0000	</row3>
				</transform>
			</node>
			<node>
				<identifier>	MP_IM010_Life_Jacket	</identifier>
				<transform>
					<row0>	0.4384 0.0000 -0.8988 0.0000	</row0>
					<row1>	0.0000 1.0000 0.0000 0.0000	</row1>
					<row2>	0.8988 0.0000 0.4384 0.0000	</row2>
					<row3>	0.2645 0.3198 -0.1371 1.0000	</row3>
				</transform>
			</node>
			<node>
				<identifier>	MP_IM010_Life_Jacket_INDEX_1	</identifier>
				<transform>
					<row0>	0.4384 0.0000 0.8988 0.0000	</row0>
					<row1>	0.0000 1.0000 0.0000 0.0000	</row1>
					<row2>	-0.8988 0.0000 0.4384 0.0000	</row2>
					<row3>	-0.3093 0.3198 -0.1153 1.0000	</row3>
				</transform>
			</node>
			<node>
				<identifier>	MP_IM010_Life_Jacket_INDEX_10	</identifier>
				<transform>
					<row0>	-0.1296 0.0000 -0.9916 0.0000	</row0>
					<row1>	0.0000 1.0000 0.0000 0.0000	</row1>
					<row2>	0.9916 0.0000 -0.1296 0.0000	</row2>
					<row3>	-0.2037 0.3202 0.1256 1.0000	</row3>
				</transform>
			</node>
			<node>
				<identifier>	MP_IM010_Life_Jacket_INDEX_11	</identifier>
				<transform>
					<row0>	0.8117 0.0000 -0.5840 0.0000	</row0>
					<row1>	0.0000 1.0000 0.0000 0.0000	</row1>
					<row2>	0.5840 0.0000 0.8117 0.0000	</row2>
					<row3>	0.0820 0.3198 -0.2264 1.0000	</row3>
				</transform>
			</node>
			<node>
				<identifier>	MP_IM010_Life_Jacket_INDEX_12	</identifier>
				<transform>
					<row0>	0.3249 0.0000 0.9458 0.0000	</row0>
					<row1>	0.0000 1.0000 0.0000 0.0000	</row1>
					<row2>	-0.9458 0.0000 0.3249 0.0000	</row2>
					<row3>	-0.1644 0.3198 -0.1723 1.0000	</row3>
				</transform>
			</node>
			<node>
				<identifier>	MP_IM010_Life_Jacket_INDEX_13	</identifier>
				<transform>
					<row0>	-0.1296 0.0000 -0.9916 0.0000	</row0>
					<row1>	0.0000 1.0000 0.0000 0.0000	</row1>
					<row2>	0.9916 0.0000 -0.1296 0.0000	</row2>
					<row3>	-0.2258 0.3202 0.1285 1.0000	</row3>
				</transform>
			</node>
			<node>
				<identifier>	MP_IM010_Life_Jacket_INDEX_14	</identifier>
				<transform>
					<row0>	0.4384 0.0000 0.8988 0.0000	</row0>
					<row1>	0.0000 1.0000 0.0000 0.0000	</row1>
					<row2>	-0.8988 0.0000 0.4384 0.0000	</row2>
					<row3>	-0.2870 0.3198 -0.1262 1.0000	</row3>
				</transform>
			</node>
			<node>
				<identifier>	MP_IM010_Life_Jacket_INDEX_15	</identifier>
				<transform>
					<row0>	0.3249 0.0000 -0.9458 0.0000	</row0>
					<row1>	0.0000 1.0000 0.0000 0.0000	</row1>
					<row2>	0.9458 0.0000 0.3249 0.0000	</row2>
					<row3>	0.2372 0.3198 -0.1473 1.0000	</row3>
				</transform>
			</node>
			<node>
				<identifier>	MP_IM010_Life_Jacket_INDEX_16	</identifier>
				<transform>
					<row0>	0.9995 0.0000 0.0317 0.0000	</row0>
					<row1>	0.0000 1.0000 0.0000 0.0000	</row1>
					<row2>	-0.0317 0.0000 0.9995 0.0000	</row2>
					<row3>	0.3274 0.3202 0.0814 1.0000	</row3>
				</transform>
			</node>
			<node>
				<identifier>	MP_IM010_Life_Jacket_INDEX_17	</identifier>
				<transform>
					<row0>	0.3249 0.0000 -0.9458 0.0000	</row0>
					<row1>	0.0000 1.0000 0.0000 0.0000	</row1>
					<row2>	0.9458 0.0000 0.3249 0.0000	</row2>
					<row3>	0.1201 0.3198 -0.1876 1.0000	</row3>
				</transform>
			</node>
			<node>
				<identifier>	MP_IM010_Life_Jacket_INDEX_18	</identifier>
				<transform>
					<row0>	-0.1296 0.0000 0.9916 0.0000	</row0>
					<row1>	0.0000 1.0000 0.0000 0.0000	</row1>
					<row2>	-0.9916 0.0000 -0.1296 0.0000	</row2>
					<row3>	0.2037 0.3202 0.1256 1.0000	</row3>
				</transform>
			</node>
			<node>
				<identifier>	MP_IM010_Life_Jacket_INDEX_19	</identifier>
				<transform>
					<row0>	0.3249 0.0000 0.9458 0.0000	</row0>
					<row1>	0.0000 1.0000 0.0000 0.0000	</row1>
					<row2>	-0.9458 0.0000 0.3249 0.0000	</row2>
					<row3>	-0.1424 0.3198 -0.1799 1.0000	</row3>
				</transform>
			</node>
			<node>
				<identifier>	MP_IM010_Life_Jacket_INDEX_2	</identifier>
				<transform>
					<row0>	0.3179 0.0000 0.9481 0.0000	</row0>
					<row1>	0.0000 1.0000 0.0000 0.0000	</row1>
					<row2>	-0.9481 0.0000 0.3179 0.0000	</row2>
					<row3>	0.2931 0.3202 0.1119 1.0000	</row3>
				</transform>
			</node>
			<node>
				<identifier>	MP_IM010_Life_Jacket_INDEX_20	</identifier>
				<transform>
					<row0>	0.9954 0.0000 0.0955 0.0000	</row0>
					<row1>	0.0000 1.0000 0.0000 0.0000	</row1>
					<row2>	-0.0955 0.0000 0.9954 0.0000	</row2>
					<row3>	-0.3265 0.3198 -0.0921 1.0000	</row3>
				</transform>
			</node>
			<node>
				<identifier>	MP_IM010_Life_Jacket_INDEX_21	</identifier>
				<transform>
					<row0>	0.3249 0.0000 -0.9458 0.0000	</row0>
					<row1>	0.0000 1.0000 0.0000 0.0000	</row1>
					<row2>	0.9458 0.0000 0.3249 0.0000	</row2>
					<row3>	0.1424 0.3198 -0.1799 1.0000	</row3>
				</transform>
			</node>
			<node>
				<identifier>	MP_IM010_Life_Jacket_INDEX_22	</identifier>
				<transform>
					<row0>	0.3179 0.0000 -0.9481 0.0000	</row0>
					<row1>	0.0000 1.0000 0.0000 0.0000	</row1>
					<row2>	0.9481 0.0000 0.3179 0.0000	</row2>
					<row3>	-0.2720 0.3202 0.1190 1.0000	</row3>
				</transform>
			</node>
			<node>
				<identifier>	MP_IM010_Life_Jacket_INDEX_23	</identifier>
				<transform>
					<row0>	0.4433 0.0000 0.8964 0.0000	</row0>
					<row1>	0.0000 1.0000 0.0000 0.0000	</row1>
					<row2>	-0.8964 0.0000 0.4433 0.0000	</row2>
					<row3>	-0.0397 0.3198 -0.2560 1.0000	</row3>
				</transform>
			</node>
			<node>
				<identifier>	MP_IM010_Life_Jacket_INDEX_24	</identifier>
				<transform>
					<row0>	0.3249 0.0000 -0.9458 0.0000	</row0>
					<row1>	0.0000 1.0000 0.0000 0.0000	</row1>
					<row2>	0.9458 0.0000 0.3249 0.0000	</row2>
					<row3>	0.2144 0.3198 -0.1552 1.0000	</row3>
				</transform>
			</node>
			<node>
				<identifier>	MP_IM010_Life_Jacket_INDEX_25	</identifier>
				<transform>
					<row0>	0.3249 0.0000 0.9458 0.0000	</row0>
					<row1>	0.0000 1.0000 0.0000 0.0000	</row1>
					<row2>	-0.9458 0.0000 0.3249 0.0000	</row2>
					<row3>	-0.2372 0.3198 -0.1473 1.0000	</row3>
				</transform>
			</node>
			<node>
				<identifier>	MP_IM010_Life_Jacket_INDEX_26	</identifier>
				<transform>
					<row0>	0.3179 0.0000 -0.9481 0.0000	</row0>
					<row1>	0.0000 1.0000 0.0000 0.0000	</row1>
					<row2>	0.9481 0.0000 0.3179 0.0000	</row2>
					<row3>	-0.2508 0.3202 0.1261 1.0000	</row3>
				</transform>
			</node>
			<node>
				<identifier>	MP_IM010_Life_Jacket_INDEX_27	</identifier>
				<transform>
					<row0>	0.3249 0.0000 -0.9458 0.0000	</row0>
					<row1>	0.0000 1.0000 0.0000 0.0000	</row1>
					<row2>	0.9458 0.0000 0.3249 0.0000	</row2>
					<row3>	0.1644 0.3198 -0.1723 1.0000	</row3>
				</transform>
			</node>
			<node>
				<identifier>	MP_IM010_Life_Jacket_INDEX_28	</identifier>
				<transform>
					<row0>	0.3179 0.0000 0.9481 0.0000	</row0>
					<row1>	0.0000 1.0000 0.0000 0.0000	</row1>
					<row2>	-0.9481 0.0000 0.3179 0.0000	</row2>
					<row3>	0.3142 0.3202 0.1048 1.0000	</row3>
				</transform>
			</node>
			<node>
				<identifier>	MP_IM010_Life_Jacket_INDEX_29	</identifier>
				<transform>
					<row0>	0.9954 0.0000 -0.0955 0.0000	</row0>
					<row1>	0.0000 1.0000 0.0000 0.0000	</row1>
					<row2>	0.0955 0.0000 0.9954 0.0000	</row2>
					<row3>	0.3265 0.3198 -0.0921 1.0000	</row3>
				</transform>
			</node>
			<node>
				<identifier>	MP_IM010_Life_Jacket_INDEX_3	</identifier>
				<transform>
					<row0>	-0.1296 0.0000 0.9916 0.0000	</row0>
					<row1>	0.0000 1.0000 0.0000 0.0000	</row1>
					<row2>	-0.9916 0.0000 -0.1296 0.0000	</row2>
					<row3>	0.1819 0.3202 0.1228 1.0000	</row3>
				</transform>
			</node>
			<node>
				<identifier>	MP_IM010_Life_Jacket_INDEX_30	</identifier>
				<transform>
					<row0>	0.9954 0.0000 -0.0955 0.0000	</row0>
					<row1>	0.0000 1.0000 0.0000 0.0000	</row1>
					<row2>	0.0955 0.0000 0.9954 0.0000	</row2>
					<row3>	0.3287 0.3198 -0.0694 1.0000	</row3>
				</transform>
			</node>
			<node>
				<identifier>	MP_IM010_Life_Jacket_INDEX_31	</identifier>
				<transform>
					<row0>	0.3179 0.0000 0.9481 0.0000	</row0>
					<row1>	0.0000 1.0000 0.0000 0.0000	</row1>
					<row2>	-0.9481 0.0000 0.3179 0.0000	</row2>
					<row3>	0.2720 0.3202 0.1190 1.0000	</row3>
				</transform>
			</node>
			<node>
				<identifier>	MP_IM010_Life_Jacket_INDEX_32	</identifier>
				<transform>
					<row0>	0.4433 0.0000 0.8964 0.0000	</row0>
					<row1>	0.0000 1.0000 0.0000 0.0000	</row1>
					<row2>	-0.8964 0.0000 0.4433 0.0000	</row2>
					<row3>	-0.0601 0.3198 -0.2460 1.0000	</row3>
				</transform>
			</node>
			<node>
				<identifier>	MP_IM010_Life_Jacket_INDEX_33	</identifier>
				<transform>
					<row0>	0.9995 0.0000 -0.0317 0.0000	</row0>
					<row1>	0.0000 1.0000 0.0000 0.0000	</row1>
					<row2>	0.0317 0.0000 0.9995 0.0000	</row2>
					<row3>	-0.3274 0.3202 0.0814 1.0000	</row3>
				</transform>
			</node>
			<node>
				<identifier>	MP_IM010_Life_Jacket_INDEX_34	</identifier>
				<transform>
					<row0>	0.3249 0.0000 0.9458 0.0000	</row0>
					<row1>	0.0000 1.0000 0.0000 0.0000	</row1>
					<row2>	-0.9458 0.0000 0.3249 0.0000	</row2>
					<row3>	-0.1201 0.3198 -0.1876 1.0000	</row3>
				</transform>
			</node>
			<node>
				<identifier>	MP_IM010_Life_Jacket_INDEX_35	</identifier>
				<transform>
					<row0>	0.3249 0.0000 0.9458 0.0000	</row0>
					<row1>	0.0000 1.0000 0.0000 0.0000	</row1>
					<row2>	-0.9458 0.0000 0.3249 0.0000	</row2>
					<row3>	-0.2144 0.3198 -0.1552 1.0000	</row3>
				</transform>
			</node>
			<node>
				<identifier>	MP_IM010_Life_Jacket_INDEX_36	</identifier>
				<transform>
					<row0>	0.4384 0.0000 -0.8988 0.0000	</row0>
					<row1>	0.0000 1.0000 0.0000 0.0000	</row1>
					<row2>	0.8988 0.0000 0.4384 0.0000	</row2>
					<row3>	0.3093 0.3198 -0.1153 1.0000	</row3>
				</transform>
			</node>
			<node>
				<identifier>	MP_IM010_Life_Jacket_INDEX_37	</identifier>
				<transform>
					<row0>	0.4433 0.0000 -0.8964 0.0000	</row0>
					<row1>	0.0000 1.0000 0.0000 0.0000	</row1>
					<row2>	0.8964 0.0000 0.4433 0.0000	</row2>
					<row3>	0.0397 0.3198 -0.2560 1.0000	</row3>
				</transform>
			</node>
			<node>
				<identifier>	MP_IM010_Life_Jacket_INDEX_38	</identifier>
				<transform>
					<row0>	-0.1296 0.0000 -0.9916 0.0000	</row0>
					<row1>	0.0000 1.0000 0.0000 0.0000	</row1>
					<row2>	0.9916 0.0000 -0.1296 0.0000	</row2>
					<row3>	-0.1597 0.3202 0.1199 1.0000	</row3>
				</transform>
			</node>
			<node>
				<identifier>	MP_IM010_Life_Jacket_INDEX_39	</identifier>
				<transform>
					<row0>	0.3249 0.0000 0.9458 0.0000	</row0>
					<row1>	0.0000 1.0000 0.0000 0.0000	</row1>
					<row2>	-0.9458 0.0000 0.3249 0.0000	</row2>
					<row3>	-0.1919 0.3198 -0.1629 1.0000	</row3>
				</transform>
			</node>
			<node>
				<identifier>	MP_IM010_Life_Jacket_INDEX_4	</identifier>
				<transform>
					<row0>	0.4433 0.0000 -0.8964 0.0000	</row0>
					<row1>	0.0000 1.0000 0.0000 0.0000	</row1>
					<row2>	0.8964 0.0000 0.4433 0.0000	</row2>
					<row3>	0.0601 0.3198 -0.2460 1.0000	</row3>
				</transform>
			</node>
			<node>
				<identifier>	MP_IM010_Life_Jacket_INDEX_40	</identifier>
				<transform>
					<row0>	0.8117 0.0000 -0.5840 0.0000	</row0>
					<row1>	0.0000 1.0000 0.0000 0.0000	</row1>
					<row2>	0.5840 0.0000 0.8117 0.0000	</row2>
					<row3>	0.0969 0.3198 -0.2057 1.0000	</row3>
				</transform>
			</node>
			<node>
				<identifier>	MP_IM010_Life_Jacket_INDEX_41	</identifier>
				<transform>
					<row0>	0.3179 0.0000 -0.9481 0.0000	</row0>
					<row1>	0.0000 1.0000 0.0000 0.0000	</row1>
					<row2>	0.9481 0.0000 0.3179 0.0000	</row2>
					<row3>	-0.3142 0.3202 0.1048 1.0000	</row3>
				</transform>
			</node>
			<node>
				<identifier>	MP_IM010_Life_Jacket_INDEX_42	</identifier>
				<transform>
					<row0>	-0.1296 0.0000 0.9916 0.0000	</row0>
					<row1>	0.0000 1.0000 0.0000 0.0000	</row1>
					<row2>	-0.9916 0.0000 -0.1296 0.0000	</row2>
					<row3>	0.1597 0.3202 0.1199 1.0000	</row3>
				</transform>
			</node>
			<node>
				<identifier>	MP_IM010_Life_Jacket_INDEX_43	</identifier>
				<transform>
					<row0>	0.4384 0.0000 0.8988 0.0000	</row0>
					<row1>	0.0000 1.0000 0.0000 0.0000	</row1>
					<row2>	-0.8988 0.0000 0.4384 0.0000	</row2>
					<row3>	-0.2645 0.3198 -0.1371 1.0000	</row3>
				</transform>
			</node>
			<node>
				<identifier>	MP_IM010_Life_Jacket_INDEX_44	</identifier>
				<transform>
					<row0>	-0.1296 0.0000 0.9916 0.0000	</row0>
					<row1>	0.0000 1.0000 0.0000 0.0000	</row1>
					<row2>	-0.9916 0.0000 -0.1296 0.0000	</row2>
					<row3>	0.2258 0.3202 0.1285 1.0000	</row3>
				</transform>
			</node>
			<node>
				<identifier>	MP_IM010_Life_Jacket_INDEX_45	</identifier>
				<transform>
					<row0>	0.8117 0.0000 0.5840 0.0000	</row0>
					<row1>	0.0000 1.0000 0.0000 0.0000	</row1>
					<row2>	-0.5840 0.0000 0.8117 0.0000	</row2>
					<row3>	-0.0969 0.3198 -0.2057 1.0000	</row3>
				</transform>
			</node>
			<node>
				<identifier>	MP_IM010_Life_Jacket_INDEX_46	</identifier>
				<transform>
					<row0>	0.8117 0.0000 0.5840 0.0000	</row0>
					<row1>	0.0000 1.0000 0.0000 0.0000	</row1>
					<row2>	-0.5840 0.0000 0.8117 0.0000	</row2>
					<row3>	-0.0820 0.3198 -0.2264 1.0000	</row3>
				</transform>
			</node>
			<node>
				<identifier>	MP_IM010_Life_Jacket_INDEX_47	</identifier>
				<transform>
					<row0>	0.3179 0.0000 0.9481 0.0000	</row0>
					<row1>	0.0000 1.0000 0.0000 0.0000	</row1>
					<row2>	-0.9481 0.0000 0.3179 0.0000	</row2>
					<row3>	0.2508 0.3202 0.1261 1.0000	</row3>
				</transform>
			</node>
			<node>
				<identifier>	MP_IM010_Life_Jacket_INDEX_5	</identifier>
				<transform>
					<row0>	0.9954 0.0000 0.0955 0.0000	</row0>
					<row1>	0.0000 1.0000 0.0000 0.0000	</row1>
					<row2>	-0.0955 0.0000 0.9954 0.0000	</row2>
					<row3>	-0.3287 0.3198 -0.0694 1.0000	</row3>
				</transform>
			</node>
			<node>
				<identifier>	MP_IM010_Life_Jacket_INDEX_6	</identifier>
				<transform>
					<row0>	0.3179 0.0000 -0.9481 0.0000	</row0>
					<row1>	0.0000 1.0000 0.0000 0.0000	</row1>
					<row2>	0.9481 0.0000 0.3179 0.0000	</row2>
					<row3>	-0.2931 0.3202 0.1119 1.0000	</row3>
				</transform>
			</node>
			<node>
				<identifier>	MP_IM010_Life_Jacket_INDEX_7	</identifier>
				<transform>
					<row0>	0.3249 0.0000 -0.9458 0.0000	</row0>
					<row1>	0.0000 1.0000 0.0000 0.0000	</row1>
					<row2>	0.9458 0.0000 0.3249 0.0000	</row2>
					<row3>	0.1919 0.3198 -0.1629 1.0000	</row3>
				</transform>
			</node>
			<node>
				<identifier>	MP_IM010_Life_Jacket_INDEX_8	</identifier>
				<transform>
					<row0>	-0.1296 0.0000 -0.9916 0.0000	</row0>
					<row1>	0.0000 1.0000 0.0000 0.0000	</row1>
					<row2>	0.9916 0.0000 -0.1296 0.0000	</row2>
					<row3>	-0.1819 0.3202 0.1228 1.0000	</row3>
				</transform>
			</node>
			<node>
				<identifier>	MP_IM010_Life_Jacket_INDEX_9	</identifier>
				<transform>
					<row0>	0.4384 0.0000 -0.8988 0.0000	</row0>
					<row1>	0.0000 1.0000 0.0000 0.0000	</row1>
					<row2>	0.8988 0.0000 0.4384 0.0000	</row2>
					<row3>	0.2870 0.3198 -0.1262 1.0000	</row3>
				</transform>
			</node>
			<node>
				<identifier>	MP_IM020_Bench	</identifier>
				<transform>
					<row0>	-0.0003 -0.0092 -1.0000 0.0000	</row0>
					<row1>	0.0272 0.9996 -0.0092 0.0000	</row1>
					<row2>	0.9996 -0.0272 0.0000 0.0000	</row2>
					<row3>	0.1973 0.2583 1.2248 1.0000	</row3>
				</transform>
			</node>
			<node>
				<identifier>	MP_IM020_Bench_INDEX_1	</identifier>
				<transform>
					<row0>	-0.0003 0.0092 1.0000 0.0000	</row0>
					<row1>	-0.0272 0.9996 -0.0092 0.0000	</row1>
					<row2>	-0.9996 -0.0272 0.0000 0.0000	</row2>
					<row3>	-0.1973 0.2583 1.2248 1.0000	</row3>
				</transform>
			</node>
			<node>
				<identifier>	MP_IM021_Turtle	</identifier>
				<transform>
					<row0>	0.4885 0.0000 0.8725 0.0000	</row0>
					<row1>	0.0000 1.0000 0.0000 0.0000	</row1>
					<row2>	-0.8725 0.0000 0.4885 0.0000	</row2>
					<row3>	-0.0265 0.7498 1.0591 1.0000	</row3>
				</transform>
			</node>
			<node>
				<identifier>	MP_IM021_Turtle_INDEX_1	</identifier>
				<transform>
					<row0>	-0.3803 0.0000 -0.9249 0.0000	</row0>
					<row1>	-0.0963 0.9946 0.0396 0.0000	</row1>
					<row2>	0.9198 0.1041 -0.3782 0.0000	</row2>
					<row3>	0.0876 0.3048 0.1621 1.0000	</row3>
				</transform>
			</node>
			<node>
				<identifier>	MP_IM021_Turtle_INDEX_10	</identifier>
				<transform>
					<row0>	0.9943 0.0000 -0.1064 0.0000	</row0>
					<row1>	0.0000 1.0000 0.0000 0.0000	</row1>
					<row2>	0.1064 0.0000 0.9943 0.0000	</row2>
					<row3>	0.0264 0.3497 2.1561 1.0000	</row3>
				</transform>
			</node>
			<node>
				<identifier>	MP_IM021_Turtle_INDEX_11	</identifier>
				<transform>
					<row0>	0.9943 0.0000 0.1064 0.0000	</row0>
					<row1>	0.0000 1.0000 0.0000 0.0000	</row1>
					<row2>	-0.1064 0.0000 0.9943 0.0000	</row2>
					<row3>	-0.0264 0.3337 2.1561 1.0000	</row3>
				</transform>
			</node>
			<node>
				<identifier>	MP_IM021_Turtle_INDEX_12	</identifier>
				<transform>
					<row0>	0.0000 0.0000 -1.0000 0.0000	</row0>
					<row1>	0.0000 1.0000 0.0000 0.0000	</row1>
					<row2>	1.0000 0.0000 0.0000 0.0000	</row2>
					<row3>	0.1099 0.3364 0.6849 1.0000	</row3>
				</transform>
			</node>
			<node>
				<identifier>	MP_IM021_Turtle_INDEX_13	</identifier>
				<transform>
					<row0>	0.9966 0.0000 -0.0826 0.0000	</row0>
					<row1>	0.0000 1.0000 0.0000 0.0000	</row1>
					<row2>	0.0826 0.0000 0.9966 0.0000	</row2>
					<row3>	0.0099 0.3337 2.1575 1.0000	</row3>
				</transform>
			</node>
			<node>
				<identifier>	MP_IM021_Turtle_INDEX_14	</identifier>
				<transform>
					<row0>	0.9943 0.0000 0.1064 0.0000	</row0>
					<row1>	0.0000 1.0000 0.0000 0.0000	</row1>
					<row2>	-0.1064 0.0000 0.9943 0.0000	</row2>
					<row3>	-0.0264 0.3497 2.1561 1.0000	</row3>
				</transform>
			</node>
			<node>
				<identifier>	MP_IM021_Turtle_INDEX_15	</identifier>
				<transform>
					<row0>	-0.3803 0.0000 0.9249 0.0000	</row0>
					<row1>	0.0963 0.9946 0.0396 0.0000	</row1>
					<row2>	-0.9198 0.1041 -0.3782 0.0000	</row2>
					<row3>	-0.0923 0.3209 0.1786 1.0000	</row3>
				</transform>
			</node>
			<node>
				<identifier>	MP_IM021_Turtle_INDEX_16	</identifier>
				<transform>
					<row0>	0.4885 0.0000 -0.8725 0.0000	</row0>
					<row1>	0.0000 1.0000 0.0000 0.0000	</row1>
					<row2>	0.8725 0.0000 0.4885 0.0000	</row2>
					<row3>	0.0682 0.7459 0.9829 1.0000	</row3>
				</transform>
			</node>
			<node>
				<identifier>	MP_IM021_Turtle_INDEX_17	</identifier>
				<transform>
					<row0>	0.0000 0.0000 -1.0000 0.0000	</row0>
					<row1>	0.0000 1.0000 0.0000 0.0000	</row1>
					<row2>	1.0000 0.0000 0.0000 0.0000	</row2>
					<row3>	0.1098 0.3364 0.6673 1.0000	</row3>
				</transform>
			</node>
			<node>
				<identifier>	MP_IM021_Turtle_INDEX_18	</identifier>
				<transform>
					<row0>	0.0000 0.0000 1.0000 0.0000	</row0>
					<row1>	0.0000 1.0000 0.0000 0.0000	</row1>
					<row2>	-1.0000 0.0000 0.0000 0.0000	</row2>
					<row3>	-0.1099 0.3364 0.6849 1.0000	</row3>
				</transform>
			</node>
			<node>
				<identifier>	MP_IM021_Turtle_INDEX_19	</identifier>
				<transform>
					<row0>	0.4885 0.0000 -0.8725 0.0000	</row0>
					<row1>	0.0000 1.0000 0.0000 0.0000	</row1>
					<row2>	0.8725 0.0000 0.4885 0.0000	</row2>
					<row3>	0.0555 0.7621 1.0055 1.0000	</row3>
				</transform>
			</node>
			<node>
				<identifier>	MP_IM021_Turtle_INDEX_2	</identifier>
				<transform>
					<row0>	0.9911 0.0000 -0.1330 0.0000	</row0>
					<row1>	0.0000 1.0000 0.0000 0.0000	</row1>
					<row2>	0.1330 0.0000 0.9911 0.0000	</row2>
					<row3>	0.0264 0.4732 1.5889 1.0000	</row3>
				</transform>
			</node>
			<node>
				<identifier>	MP_IM021_Turtle_INDEX_20	</identifier>
				<transform>
					<row0>	0.9911 0.0000 -0.1330 0.0000	</row0>
					<row1>	0.0000 1.0000 0.0000 0.0000	</row1>
					<row2>	0.1330 0.0000 0.9911 0.0000	</row2>
					<row3>	0.0099 0.4732 1.5911 1.0000	</row3>
				</transform>
			</node>
			<node>
				<identifier>	MP_IM021_Turtle_INDEX_21	</identifier>
				<transform>
					<row0>	0.4885 0.0000 0.8725 0.0000	</row0>
					<row1>	0.0000 1.0000 0.0000 0.0000	</row1>
					<row2>	-0.8725 0.0000 0.4885 0.0000	</row2>
					<row3>	-0.0224 0.7660 1.0664 1.0000	</row3>
				</transform>
			</node>
			<node>
				<identifier>	MP_IM021_Turtle_INDEX_22	</identifier>
				<transform>
					<row0>	-0.3803 0.0000 -0.9249 0.0000	</row0>
					<row1>	-0.0963 0.9946 0.0396 0.0000	</row1>
					<row2>	0.9198 0.1041 -0.3782 0.0000	</row2>
					<row3>	0.0941 0.3047 0.1779 1.0000	</row3>
				</transform>
			</node>
			<node>
				<identifier>	MP_IM021_Turtle_INDEX_23	</identifier>
				<transform>
					<row0>	0.9911 0.0000 0.1330 0.0000	</row0>
					<row1>	0.0000 1.0000 0.0000 0.0000	</row1>
					<row2>	-0.1330 0.0000 0.9911 0.0000	</row2>
					<row3>	-0.0275 0.4732 1.5888 1.0000	</row3>
				</transform>
			</node>
			<node>
				<identifier>	MP_IM021_Turtle_INDEX_24	</identifier>
				<transform>
					<row0>	0.9911 0.0000 -0.1330 0.0000	</row0>
					<row1>	0.0000 1.0000 0.0000 0.0000	</row1>
					<row2>	0.1330 0.0000 0.9911 0.0000	</row2>
					<row3>	0.0099 0.4892 1.5911 1.0000	</row3>
				</transform>
			</node>
			<node>
