<WSD025_Gdansk_1955_Stern_ports.visual>
	<node>
		<identifier>	Scene Root	</identifier>
		<transform>
			<row0>	1.0000 0.0000 0.0000 0.0000	</row0>
			<row1>	0.0000 1.0000 0.0000 0.0000	</row1>
			<row2>	0.0000 0.0000 1.0000 0.0000	</row2>
			<row3>	0.0000 0.0000 0.0000 1.0000	</row3>
		</transform>
		<node>
			<identifier>	Stern_ports	</identifier>
			<transform>
				<row0>	1.0000 0.0000 0.0000 0.0000	</row0>
				<row1>	0.0000 1.0000 0.0000 0.0000	</row1>
				<row2>	0.0000 0.0000 1.0000 0.0000	</row2>
				<row3>	0.0000 0.0000 0.0000 1.0000	</row3>
			</transform>
			<node>
				<identifier>	HP_FX_Death_3	</identifier>
				<transform>
					<row0>	1.0000 0.0000 0.0000 0.0000	</row0>
					<row1>	0.0000 1.0000 0.0000 0.0000	</row1>
					<row2>	0.0000 0.0000 1.0000 0.0000	</row2>
					<row3>	0.0000 0.0000 -3.2610 1.0000	</row3>
				</transform>
			</node>
			<node>
				<identifier>	HP_FX_Fire_4	</identifier>
				<transform>
					<row0>	1.0000 0.0000 0.0000 0.0000	</row0>
					<row1>	0.0000 1.0000 0.0000 0.0000	</row1>
					<row2>	0.0000 0.0000 1.0000 0.0000	</row2>
					<row3>	0.0000 0.2885 -4.3921 1.0000	</row3>
				</transform>
			</node>
			<node>
				<identifier>	HP_FX_Fire_4_side_1	</identifier>
				<transform>
					<row0>	1.0000 0.0000 0.0000 0.0000	</row0>
					<row1>	0.0000 1.0000 0.0000 0.0000	</row1>
					<row2>	0.0000 0.0000 1.0000 0.0000	</row2>
					<row3>	0.3518 0.2909 -3.0865 1.0000	</row3>
				</transform>
			</node>
			<node>
				<identifier>	HP_FX_Flood_steam_right	</identifier>
				<transform>
					<row0>	1.0000 0.0000 0.0000 0.0000	</row0>
					<row1>	0.0000 1.0000 0.0000 0.0000	</row1>
					<row2>	0.0000 0.0000 1.0000 0.0000	</row2>
					<row3>	0.4270 0.2404 -2.6268 1.0000	</row3>
				</transform>
			</node>
			<node>
				<identifier>	HP_FX_Flood_water_left	</identifier>
				<transform>
					<row0>	-1.0000 0.0000 0.0000 0.0000	</row0>
					<row1>	0.0000 1.0000 0.0000 0.0000	</row1>
					<row2>	0.0000 0.0000 -1.0000 0.0000	</row2>
					<row3>	-0.3959 0.0316 -3.3411 1.0000	</row3>
				</transform>
			</node>
			<node>
				<identifier>	HP_FX_Flood_water_right	</identifier>
				<transform>
					<row0>	1.0000 0.0000 0.0000 0.0000	</row0>
					<row1>	0.0000 1.0000 0.0000 0.0000	</row1>
					<row2>	0.0000 0.0000 1.0000 0.0000	</row2>
					<row3>	0.3956 0.0301 -3.3413 1.0000	</row3>
				</transform>
			</node>
			<node>
				<identifier>	HP_FX_WakeTraceBack	</identifier>
				<transform>
					<row0>	1.0000 0.0000 0.0000 0.0000	</row0>
					<row1>	0.0000 1.0000 0.0000 0.0000	</row1>
					<row2>	0.0000 0.0000 1.0000 0.0000	</row2>
					<row3>	0.0000 0.0000 -4.9067 1.0000	</row3>
				</transform>
			</node>
			<node>
				<identifier>	HP_FX_WakeTrace_screw_1	</identifier>
				<transform>
					<row0>	1.0000 0.0000 0.0000 0.0000	</row0>
					<row1>	0.0000 1.0000 0.0000 0.0000	</row1>
					<row2>	0.0000 0.0000 1.0000 0.0000	</row2>
					<row3>	-0.2526 -0.2635 -4.3469 1.0000	</row3>
				</transform>
			</node>
			<node>
				<identifier>	HP_FX_WakeTrace_screw_2	</identifier>
				<transform>
					<row0>	1.0000 0.0000 0.0000 0.0000	</row0>
					<row1>	0.0000 1.0000 0.0000 0.0000	</row1>
					<row2>	0.0000 0.0000 1.0000 0.0000	</row2>
					<row3>	0.2526 -0.2635 -4.3469 1.0000	</row3>
				</transform>
			</node>
			<node>
				<identifier>	HP_Ship_death_3	</identifier>
				<transform>
					<row0>	1.0000 0.0000 0.0000 0.0000	</row0>
					<row1>	0.0000 1.0000 0.0000 0.0000	</row1>
					<row2>	0.0000 0.0000 1.0000 0.0000	</row2>
					<row3>	0.0000 0.0000 -2.3362 1.0000	</row3>
				</transform>
			</node>
			<node>
				<identifier>	MP_CM011_Fire_Fighting_Gear	</identifier>
				<transform>
					<row0>	1.0000 0.0000 0.0000 0.0000	</row0>
					<row1>	0.0000 1.0000 0.0000 0.0000	</row1>
					<row2>	0.0000 0.0000 1.0000 0.0000	</row2>
					<row3>	-0.1140 0.2756 -3.5110 1.0000	</row3>
				</transform>
			</node>
			<node>
				<identifier>	MP_CM011_Fire_Fighting_Gear_INDEX_1	</identifier>
				<transform>
					<row0>	-1.0000 0.0000 0.0000 0.0000	</row0>
					<row1>	0.0000 1.0000 0.0000 0.0000	</row1>
					<row2>	0.0000 0.0000 -1.0000 0.0000	</row2>
					<row3>	0.1705 0.2756 -2.3584 1.0000	</row3>
				</transform>
			</node>
			<node>
				<identifier>	MP_CM011_Fire_Fighting_Gear_INDEX_2	</identifier>
				<transform>
					<row0>	-1.0000 0.0000 0.0000 0.0000	</row0>
					<row1>	0.0000 1.0000 0.0000 0.0000	</row1>
					<row2>	0.0000 0.0000 -1.0000 0.0000	</row2>
					<row3>	-0.1705 0.2756 -2.3584 1.0000	</row3>
				</transform>
			</node>
			<node>
				<identifier>	MP_CM029_Emergency_Box	</identifier>
				<transform>
					<row0>	0.0000 0.0000 1.0000 0.0000	</row0>
					<row1>	0.0000 1.0000 0.0000 0.0000	</row1>
					<row2>	-1.0000 0.0000 0.0000 0.0000	</row2>
					<row3>	0.1643 0.3349 -3.4269 1.0000	</row3>
				</transform>
			</node>
			<node>
				<identifier>	MP_CM029_Emergency_Box_INDEX_1	</identifier>
				<transform>
					<row0>	0.0000 0.0000 -1.0000 0.0000	</row0>
					<row1>	0.0000 1.0000 0.0000 0.0000	</row1>
					<row2>	1.0000 0.0000 0.0000 0.0000	</row2>
					<row3>	-0.1643 0.3349 -3.4269 1.0000	</row3>
				</transform>
			</node>
			<node>
				<identifier>	MP_CM029_Emergency_Box_INDEX_2	</identifier>
				<transform>
					<row0>	0.0000 0.0000 1.0000 0.0000	</row0>
					<row1>	0.0000 1.0000 0.0000 0.0000	</row1>
					<row2>	-1.0000 0.0000 0.0000 0.0000	</row2>
					<row3>	0.1043 0.5463 -2.3991 1.0000	</row3>
				</transform>
			</node>
			<node>
				<identifier>	MP_CM052_Fender	</identifier>
				<transform>
					<row0>	0.0000 0.0000 -0.7000 0.0000	</row0>
					<row1>	0.0000 0.7000 0.0000 0.0000	</row1>
					<row2>	0.7000 0.0000 0.0000 0.0000	</row2>
					<row3>	0.1812 0.2756 -2.6029 1.0000	</row3>
				</transform>
			</node>
			<node>
				<identifier>	MP_CM052_Fender_INDEX_1	</identifier>
				<transform>
					<row0>	0.0000 0.0000 0.7000 0.0000	</row0>
					<row1>	0.0000 0.7000 0.0000 0.0000	</row1>
					<row2>	-0.7000 0.0000 0.0000 0.0000	</row2>
					<row3>	-0.1812 0.2756 -2.6029 1.0000	</row3>
				</transform>
			</node>
			<node>
				<identifier>	MP_CM057_Accommodation_Ladder_Closed	</identifier>
				<transform>
					<row0>	-0.9988 0.0000 0.0508 0.0000	</row0>
					<row1>	0.0001 -1.0001 0.0037 0.0000	</row1>
					<row2>	0.0508 0.0037 0.9988 0.0000	</row2>
					<row3>	0.3354 0.2876 -3.5465 1.0000	</row3>
				</transform>
			</node>
			<node>
				<identifier>	MP_CM057_Accommodation_Ladder_Closed_INDEX_1	</identifier>
				<transform>
					<row0>	-0.9988 0.0000 -0.0508 0.0000	</row0>
					<row1>	-0.0001 -1.0001 0.0037 0.0000	</row1>
					<row2>	-0.0508 0.0037 0.9988 0.0000	</row2>
					<row3>	-0.3375 0.2876 -3.5466 1.0000	</row3>
				</transform>
			</node>
			<node>
				<identifier>	MP_CM161_Propeller_4_8m_BB_R	</identifier>
				<transform>
					<row0>	0.9297 0.0005 0.0226 0.0000	</row0>
					<row1>	0.0005 0.9291 -0.0388 0.0000	</row1>
					<row2>	-0.0226 0.0388 0.9289 0.0000	</row2>
					<row3>	0.2526 -0.2635 -4.3469 1.0000	</row3>
				</transform>
			</node>
			<node>
				<identifier>	MP_CM162_Propeller_4_8m_BB_L	</identifier>
				<transform>
					<row0>	0.9297 -0.0005 -0.0226 0.0000	</row0>
					<row1>	-0.0005 0.9291 -0.0388 0.0000	</row1>
					<row2>	0.0226 0.0388 0.9289 0.0000	</row2>
					<row3>	-0.2526 -0.2635 -4.3469 1.0000	</row3>
				</transform>
			</node>
			<node>
				<identifier>	MP_WM004_Life_buoy	</identifier>
				<transform>
					<row0>	0.1342 0.0000 0.9910 0.0000	</row0>
					<row1>	0.0000 1.0000 0.0000 0.0000	</row1>
					<row2>	-0.9910 0.0000 0.1342 0.0000	</row2>
					<row3>	0.3300 0.3427 -4.3488 1.0000	</row3>
				</transform>
			</node>
			<node>
				<identifier>	MP_WM004_Life_buoy_INDEX_1	</identifier>
				<transform>
					<row0>	0.0263 0.0000 0.9997 0.0000	</row0>
					<row1>	0.0000 1.0000 0.0000 0.0000	</row1>
					<row2>	-0.9997 0.0000 0.0263 0.0000	</row2>
					<row3>	0.4189 0.3423 -2.7726 1.0000	</row3>
				</transform>
			</node>
			<node>
				<identifier>	MP_WM004_Life_buoy_INDEX_2	</identifier>
				<transform>
					<row0>	0.1342 0.0000 -0.9910 0.0000	</row0>
					<row1>	0.0000 1.0000 0.0000 0.0000	</row1>
					<row2>	0.9910 0.0000 0.1342 0.0000	</row2>
					<row3>	-0.3300 0.3427 -4.3488 1.0000	</row3>
				</transform>
			</node>
			<node>
				<identifier>	MP_WM004_Life_buoy_INDEX_3	</identifier>
				<transform>
					<row0>	0.0263 0.0000 -0.9997 0.0000	</row0>
					<row1>	0.0000 1.0000 0.0000 0.0000	</row1>
					<row2>	0.9997 0.0000 0.0263 0.0000	</row2>
					<row3>	-0.4189 0.3423 -2.7726 1.0000	</row3>
				</transform>
			</node>
			<node>
				<identifier>	MP_WM020_Reels	</identifier>
				<transform>
					<row0>	0.7664 0.0000 0.6423 0.0000	</row0>
					<row1>	0.0000 1.0000 0.0000 0.0000	</row1>
					<row2>	-0.6423 0.0000 0.7664 0.0000	</row2>
					<row3>	0.1174 0.2736 -4.2622 1.0000	</row3>
				</transform>
			</node>
			<node>
				<identifier>	MP_WM020_Reels_INDEX_1	</identifier>
				<transform>
					<row0>	0.7664 0.0000 -0.6423 0.0000	</row0>
					<row1>	0.0000 1.0000 0.0000 0.0000	</row1>
					<row2>	0.6423 0.0000 0.7664 0.0000	</row2>
					<row3>	-0.1174 0.2736 -4.2622 1.0000	</row3>
				</transform>
			</node>
			<node>
				<identifier>	MP_WM025_Turtles_box_SW	</identifier>
				<transform>
					<row0>	-0.9906 0.0000 -0.1369 0.0000	</row0>
					<row1>	0.0000 1.0000 0.0000 0.0000	</row1>
					<row2>	0.1369 0.0000 -0.9906 0.0000	</row2>
					<row3>	0.0295 0.4433 -2.9523 1.0000	</row3>
				</transform>
			</node>
			<node>
				<identifier>	MP_WM025_Turtles_box_SW_INDEX_1	</identifier>
				<transform>
					<row0>	-0.9906 0.0000 0.1369 0.0000	</row0>
					<row1>	0.0000 1.0000 0.0000 0.0000	</row1>
					<row2>	-0.1369 0.0000 -0.9906 0.0000	</row2>
					<row3>	-0.0295 0.4433 -2.9523 1.0000	</row3>
				</transform>
			</node>
			<node>
				<identifier>	MP_WM025_Turtles_box_SW_INDEX_2	</identifier>
				<transform>
					<row0>	-0.7695 0.0000 -0.6387 0.0000	</row0>
					<row1>	0.0000 1.0000 0.0000 0.0000	</row1>
					<row2>	0.6387 0.0000 -0.7695 0.0000	</row2>
					<row3>	0.1199 0.3085 -3.4953 1.0000	</row3>
				</transform>
			</node>
			<node>
				<identifier>	MP_WM030_Fire_Hose_SW	</identifier>
				<transform>
					<row0>	0.0000 0.0000 -1.0000 0.0000	</row0>
					<row1>	0.0000 1.0000 0.0000 0.0000	</row1>
					<row2>	1.0000 0.0000 0.0000 0.0000	</row2>
					<row3>	0.1612 0.3250 -2.4045 1.0000	</row3>
				</transform>
			</node>
			<node>
				<identifier>	MP_WM030_Fire_Hose_SW_INDEX_1	</identifier>
				<transform>
					<row0>	-0.7553 0.0000 0.6554 0.0000	</row0>
					<row1>	0.0000 1.0000 0.0000 0.0000	</row1>
					<row2>	-0.6554 0.0000 -0.7553 0.0000	</row2>
					<row3>	-0.1207 0.3277 -3.4962 1.0000	</row3>
				</transform>
			</node>
			<node>
				<identifier>	MP_WM030_Fire_Hose_SW_INDEX_2	</identifier>
				<transform>
					<row0>	0.0000 0.0000 1.0000 0.0000	</row0>
					<row1>	0.0000 1.0000 0.0000 0.0000	</row1>
					<row2>	-1.0000 0.0000 0.0000 0.0000	</row2>
					<row3>	-0.1612 0.3250 -2.4045 1.0000	</row3>
				</transform>
			</node>
			<node>
				<identifier>	MP_WM031_Alarm_set_SW	</identifier>
				<transform>
					<row0>	-1.0000 0.0000 0.0000 0.0000	</row0>
					<row1>	0.0000 1.0000 0.0000 0.0000	</row1>
					<row2>	0.0000 0.0000 -1.0000 0.0000	</row2>
					<row3>	0.0744 0.6059 -2.4701 1.0000	</row3>
				</transform>
			</node>
			<node>
				<identifier>	MP_WM072_Deflector	</identifier>
				<transform>
					<row0>	1.0000 0.0000 0.0000 0.0000	</row0>
					<row1>	0.0000 1.0000 0.0000 0.0000	</row1>
					<row2>	0.0000 0.0000 1.0000 0.0000	</row2>
					<row3>	-0.2248 0.2749 -4.4470 1.0000	</row3>
				</transform>
			</node>
			<node>
				<identifier>	MP_WM072_Deflector_INDEX_1	</identifier>
				<transform>
					<row0>	1.0000 0.0000 0.0000 0.0000	</row0>
					<row1>	0.0000 1.0000 0.0000 0.0000	</row1>
					<row2>	0.0000 0.0000 1.0000 0.0000	</row2>
					<row3>	0.1670 0.2749 -4.5808 1.0000	</row3>
				</transform>
			</node>
			<node>
				<identifier>	MP_WM078_Depth_Charge_Loading_Rack_BMB2_L	</identifier>
				<transform>
					<row0>	-0.0296 0.0000 0.9996 0.0000	</row0>
					<row1>	0.0000 1.0000 0.0000 0.0000	</row1>
					<row2>	-0.9996 0.0000 -0.0296 0.0000	</row2>
					<row3>	-0.3779 0.2761 -3.0887 1.0000	</row3>
				</transform>
			</node>
			<node>
				<identifier>	MP_WM078_Depth_Charge_Loading_Rack_BMB2_L_INDEX_1	</identifier>
				<transform>
					<row0>	-0.0280 0.0000 0.9996 0.0000	</row0>
					<row1>	0.0000 1.0000 0.0000 0.0000	</row1>
					<row2>	-0.9996 0.0000 -0.0280 0.0000	</row2>
					<row3>	-0.3847 0.2761 -2.8883 1.0000	</row3>
				</transform>
			</node>
			<node>
				<identifier>	MP_WM078_Depth_Charge_Loading_Rack_BMB2_L_INDEX_2	</identifier>
				<transform>
					<row0>	-0.0205 0.0000 0.9998 0.0000	</row0>
					<row1>	0.0000 1.0000 0.0000 0.0000	</row1>
					<row2>	-0.9998 0.0000 -0.0205 0.0000	</row2>
					<row3>	-0.3911 0.2761 -2.6879 1.0000	</row3>
				</transform>
			</node>
			<node>
				<identifier>	MP_WM079_Depth_Charge_Loading_Rack_BMB2_R	</identifier>
				<transform>
					<row0>	-0.0296 0.0000 -0.9996 0.0000	</row0>
					<row1>	0.0000 1.0000 0.0000 0.0000	</row1>
					<row2>	0.9996 0.0000 -0.0296 0.0000	</row2>
					<row3>	0.3779 0.2761 -3.0887 1.0000	</row3>
				</transform>
			</node>
			<node>
				<identifier>	MP_WM079_Depth_Charge_Loading_Rack_BMB2_R_INDEX_1	</identifier>
				<transform>
					<row0>	-0.0205 0.0000 -0.9998 0.0000	</row0>
					<row1>	0.0000 1.0000 0.0000 0.0000	</row1>
					<row2>	0.9998 0.0000 -0.0205 0.0000	</row2>
					<row3>	0.3911 0.2761 -2.6879 1.0000	</row3>
				</transform>
			</node>
			<node>
				<identifier>	MP_WM079_Depth_Charge_Loading_Rack_BMB2_R_INDEX_2	</identifier>
				<transform>
					<row0>	-0.0280 0.0000 -0.9996 0.0000	</row0>
					<row1>	0.0000 1.0000 0.0000 0.0000	</row1>
					<row2>	0.9996 0.0000 -0.0280 0.0000	</row2>
					<row3>	0.3847 0.2761 -2.8883 1.0000	</row3>
				</transform>
			</node>
			<node>
				<identifier>	MP_WM082_Sbomb_ejector	</identifier>
				<transform>
					<row0>	0.3573 0.0000 -0.9340 0.0000	</row0>
					<row1>	0.0000 1.0000 0.0000 0.0000	</row1>
					<row2>	0.9340 0.0000 0.3573 0.0000	</row2>
					<row3>	-0.2323 0.2756 -4.7311 1.0000	</row3>
				</transform>
			</node>
			<node>
				<identifier>	MP_WM082_Sbomb_ejector_INDEX_1	</identifier>
				<transform>
					<row0>	0.7319 0.0000 0.6814 0.0000	</row0>
					<row1>	0.0000 1.0000 0.0000 0.0000	</row1>
					<row2>	-0.6814 0.0000 0.7319 0.0000	</row2>
					<row3>	0.1575 0.2756 -4.8483 1.0000	</row3>
				</transform>
			</node>
			<node>
				<identifier>	MP_WM082_Sbomb_ejector_INDEX_2	</identifier>
				<transform>
					<row0>	0.3573 0.0000 0.9340 0.0000	</row0>
					<row1>	0.0000 1.0000 0.0000 0.0000	</row1>
					<row2>	-0.9340 0.0000 0.3573 0.0000	</row2>
					<row3>	0.2323 0.2756 -4.7311 1.0000	</row3>
				</transform>
			</node>
			<node>
				<identifier>	MP_WM082_Sbomb_ejector_INDEX_3	</identifier>
				<transform>
					<row0>	0.7319 0.0000 -0.6814 0.0000	</row0>
					<row1>	0.0000 1.0000 0.0000 0.0000	</row1>
					<row2>	0.6814 0.0000 0.7319 0.0000	</row2>
					<row3>	-0.1575 0.2756 -4.8483 1.0000	</row3>
				</transform>
			</node>
			<node>
				<identifier>	MP_WM082_Sbomb_ejector_INDEX_4	</identifier>
				<transform>
					<row0>	0.2421 0.0000 -0.9703 0.0000	</row0>
					<row1>	0.0000 1.0000 0.0000 0.0000	</row1>
					<row2>	0.9703 0.0000 0.2421 0.0000	</row2>
					<row3>	-0.2774 0.2756 -4.5791 1.0000	</row3>
				</transform>
			</node>
			<node>
				<identifier>	MP_WM082_Sbomb_ejector_INDEX_5	</identifier>
				<transform>
					<row0>	0.4577 0.0000 0.8891 0.0000	</row0>
					<row1>	0.0000 1.0000 0.0000 0.0000	</row1>
					<row2>	-0.8891 0.0000 0.4577 0.0000	</row2>
					<row3>	0.2121 0.2756 -4.7748 1.0000	</row3>
				</transform>
			</node>
			<node>
				<identifier>	MP_WM082_Sbomb_ejector_INDEX_6	</identifier>
				<transform>
					<row0>	0.2421 0.0000 0.9703 0.0000	</row0>
					<row1>	0.0000 1.0000 0.0000 0.0000	</row1>
					<row2>	-0.9703 0.0000 0.2421 0.0000	</row2>
					<row3>	0.2774 0.2756 -4.5791 1.0000	</row3>
				</transform>
			</node>
			<node>
				<identifier>	MP_WM082_Sbomb_ejector_INDEX_7	</identifier>
				<transform>
					<row0>	0.6101 0.0000 -0.7923 0.0000	</row0>
					<row1>	0.0000 1.0000 0.0000 0.0000	</row1>
					<row2>	0.7923 0.0000 0.6101 0.0000	</row2>
					<row3>	-0.1868 0.2756 -4.8147 1.0000	</row3>
				</transform>
			</node>
			<node>
				<identifier>	MP_WM082_Sbomb_ejector_INDEX_8	</identifier>
				<transform>
					<row0>	0.6101 0.0000 0.7923 0.0000	</row0>
					<row1>	0.0000 1.0000 0.0000 0.0000	</row1>
					<row2>	-0.7923 0.0000 0.6101 0.0000	</row2>
					<row3>	0.1868 0.2756 -4.8147 1.0000	</row3>
				</transform>
			</node>
			<node>
				<identifier>	MP_WM082_Sbomb_ejector_INDEX_9	</identifier>
				<transform>
					<row0>	0.4577 0.0000 -0.8891 0.0000	</row0>
					<row1>	0.0000 1.0000 0.0000 0.0000	</row1>
					<row2>	0.8891 0.0000 0.4577 0.0000	</row2>
					<row3>	-0.2121 0.2756 -4.7748 1.0000	</row3>
				</transform>
			</node>
			<node>
				<identifier>	MP_WM083_Barrel_DV	</identifier>
				<transform>
					<row0>	-0.2521 0.0000 0.9677 0.0000	</row0>
					<row1>	0.0000 1.0000 0.0000 0.0000	</row1>
					<row2>	-0.9677 0.0000 -0.2521 0.0000	</row2>
					<row3>	-0.2472 0.2756 -4.6540 1.0000	</row3>
				</transform>
			</node>
			<node>
				<identifier>	MP_WM083_Barrel_DV_INDEX_1	</identifier>
				<transform>
					<row0>	-0.2521 0.0000 -0.9677 0.0000	</row0>
					<row1>	0.0000 1.0000 0.0000 0.0000	</row1>
					<row2>	0.9677 0.0000 -0.2521 0.0000	</row2>
					<row3>	0.2472 0.2756 -4.6540 1.0000	</row3>
				</transform>
			</node>
			<node>
				<identifier>	MP_WM611_Telephone	</identifier>
				<transform>
					<row0>	1.0000 0.0000 0.0000 0.0000	</row0>
					<row1>	0.0000 1.0000 0.0000 0.0000	</row1>
					<row2>	0.0000 0.0000 1.0000 0.0000	</row2>
					<row3>	0.0000 0.4953 -2.9546 1.0000	</row3>
				</transform>
			</node>
			<node>
				<identifier>	MP_WM611_Telephone_INDEX_1	</identifier>
				<transform>
					<row0>	0.7684 0.0000 0.6400 0.0000	</row0>
					<row1>	0.0000 1.0000 0.0000 0.0000	</row1>
					<row2>	-0.6400 0.0000 0.7684 0.0000	</row2>
					<row3>	0.0980 0.3471 -3.5128 1.0000	</row3>
				</transform>
			</node>
			<node>
				<identifier>	MP_WM618_Voice_Tube	</identifier>
				<transform>
					<row0>	1.0000 0.0000 0.0000 0.0000	</row0>
					<row1>	0.0000 1.0000 0.0000 0.0000	</row1>
					<row2>	0.0000 0.0000 1.0000 0.0000	</row2>
					<row3>	0.0000 0.4349 -2.4769 1.0000	</row3>
				</transform>
			</node>
			<node>
				<identifier>	MP_WM709_Ammobox	</identifier>
				<transform>
					<row0>	1.0000 0.0000 0.0000 0.0000	</row0>
					<row1>	0.0000 1.0000 0.0000 0.0000	</row1>
					<row2>	0.0000 0.0000 1.0000 0.0000	</row2>
					<row3>	0.0482 0.4358 -2.4908 1.0000	</row3>
				</transform>
			</node>
			<node>
				<identifier>	MP_WM709_Ammobox_INDEX_1	</identifier>
				<transform>
					<row0>	1.0000 0.0000 0.0000 0.0000	</row0>
					<row1>	0.0000 1.0000 0.0000 0.0000	</row1>
					<row2>	0.0000 0.0000 1.0000 0.0000	</row2>
					<row3>	-0.0482 0.4358 -2.4908 1.0000	</row3>
				</transform>
			</node>
			<node>
				<identifier>	MP_WM753_Hatch	</identifier>
				<transform>
					<row0>	-1.0000 0.0000 0.0000 0.0000	</row0>
					<row1>	0.0000 1.0000 0.0000 0.0000	</row1>
					<row2>	0.0000 0.0000 -1.0000 0.0000	</row2>
					<row3>	0.0000 0.2732 -4.4952 1.0000	</row3>
				</transform>
			</node>
			<node>
				<identifier>	MP_WM753_Hatch_INDEX_1	</identifier>
				<transform>
					<row0>	-1.0000 0.0000 0.0000 0.0000	</row0>
					<row1>	0.0000 1.0000 0.0000 0.0000	</row1>
					<row2>	0.0000 0.0000 -1.0000 0.0000	</row2>
					<row3>	-0.0405 0.4184 -3.0275 1.0000	</row3>
				</transform>
			</node>
			<node>
				<identifier>	MP_WM860_Running_Lights_F	</identifier>
				<transform>
					<row0>	-1.0000 0.0000 0.0000 0.0000	</row0>
					<row1>	0.0000 1.0000 0.0000 0.0000	</row1>
					<row2>	0.0000 0.0000 -1.0000 0.0000	</row2>
					<row3>	0.0000 0.4048 -4.9280 1.0000	</row3>
				</transform>
			</node>
			<node>
				<identifier>	MP_WM973_Anchor_Capstan_Stern	</identifier>
				<transform>
					<row0>	1.0000 0.0000 0.0000 0.0000	</row0>
					<row1>	0.0000 1.0000 0.0000 0.0000	</row1>
					<row2>	0.0000 0.0000 1.0000 0.0000	</row2>
					<row3>	0.0000 0.2756 -4.3038 1.0000	</row3>
				</transform>
			</node>
			<node>
				<identifier>	SP_YMS011_YHWL_M_1_INDEX_2	</identifier>
				<transform>
					<row0>	0.9789 0.1993 0.0447 0.0000	</row0>
					<row1>	-0.1991 0.9799 -0.0095 0.0000	</row1>
					<row2>	-0.0458 0.0004 0.9990 0.0000	</row2>
					<row3>	-0.4167 -0.0036 -2.9020 1.0000	</row3>
				</transform>
			</node>
			<node>
				<identifier>	SP_YMS011_YHWL_M_1_INDEX_8	</identifier>
				<transform>
					<row0>	0.9238 0.3743 0.0806 0.0000	</row0>
					<row1>	-0.3739 0.9272 -0.0205 0.0000	</row1>
					<row2>	-0.0824 -0.0111 0.9965 0.0000	</row2>
					<row3>	-0.3596 -0.0009 -3.7437 1.0000	</row3>
				</transform>
			</node>
			<node>
				<identifier>	SP_YMS012_YHWR_M_1_INDEX_4	</identifier>
				<transform>
					<row0>	0.9789 -0.1993 -0.0447 0.0000	</row0>
					<row1>	0.1991 0.9799 -0.0095 0.0000	</row1>
					<row2>	0.0458 0.0004 0.9990 0.0000	</row2>
					<row3>	0.4167 -0.0036 -2.9020 1.0000	</row3>
				</transform>
			</node>
			<node>
				<identifier>	SP_YMS012_YHWR_M_1_INDEX_6	</identifier>
				<transform>
					<row0>	0.9238 -0.3743 -0.0806 0.0000	</row0>
					<row1>	0.3739 0.9272 -0.0205 0.0000	</row1>
					<row2>	0.0824 -0.0111 0.9965 0.0000	</row2>
					<row3>	0.3596 -0.0009 -3.7437 1.0000	</row3>
				</transform>
			</node>
			<node>
				<identifier>	SP_YMS023_YHUC_L_1	</identifier>
				<transform>
					<row0>	0.6921 0.0002 -0.0178 0.0000	</row0>
					<row1>	-0.0009 0.6917 -0.0292 0.0000	</row1>
					<row2>	0.0177 0.0292 0.6914 0.0000	</row2>
					<row3>	-0.2526 -0.2635 -4.3469 1.0000	</row3>
				</transform>
			</node>
			<node>
				<identifier>	SP_YMS023_YHUC_L_1_INDEX_1	</identifier>
				<transform>
					<row0>	0.6921 -0.0002 0.0178 0.0000	</row0>
					<row1>	0.0009 0.6917 -0.0292 0.0000	</row1>
					<row2>	-0.0177 0.0292 0.6914 0.0000	</row2>
					<row3>	0.2526 -0.2635 -4.3469 1.0000	</row3>
				</transform>
			</node>
			<node>
				<identifier>	SP_YMS030_YHAM_M_1	</identifier>
				<transform>
					<row0>	0.5064 0.0000 0.0000 0.0000	</row0>
					<row1>	0.0000 0.5064 0.0000 0.0000	</row1>
					<row2>	0.0000 0.0000 0.5064 0.0000	</row2>
					<row3>	0.0000 0.1351 -4.9808 1.0000	</row3>
				</transform>
			</node>
			<node>
				<identifier>	SP_YMS031_YHAL_M_1	</identifier>
				<transform>
					<row0>	0.7679 0.0000 0.0967 0.0000	</row0>
					<row1>	0.0000 0.7740 0.0000 0.0000	</row1>
					<row2>	-0.0967 0.0000 0.7679 0.0000	</row2>
					<row3>	-0.3178 0.1897 -4.6106 1.0000	</row3>
				</transform>
			</node>
			<node>
				<identifier>	SP_YMS032_YHAR_M_1_INDEX_1	</identifier>
				<transform>
					<row0>	0.7675 0.0000 -0.0967 0.0000	</row0>
					<row1>	0.0000 0.7736 0.0000 0.0000	</row1>
					<row2>	0.0967 0.0000 0.7675 0.0000	</row2>
					<row3>	0.3178 0.1897 -4.6106 1.0000	</row3>
				</transform>
			</node>
			<node>
				<identifier>	SP_YMS063_YHGQ_S_1_INDEX_7	</identifier>
				<transform>
					<row0>	0.0000 0.0000 -1.2572 0.0000	</row0>
					<row1>	0.0000 1.2572 0.0000 0.0000	</row1>
					<row2>	1.2572 0.0000 0.0000 0.0000	</row2>
					<row3>	-0.0173 0.5177 -2.7286 1.0000	</row3>
				</transform>
			</node>
			<node>
				<identifier>	SP_YMS063_YHGQ_S_1_INDEX_9	</identifier>
				<transform>
					<row0>	0.0000 0.0000 1.2572 0.0000	</row0>
					<row1>	0.0000 1.2572 0.0000 0.0000	</row1>
					<row2>	-1.2572 0.0000 0.0000 0.0000	</row2>
					<row3>	0.0173 0.5177 -2.7286 1.0000	</row3>
				</transform>
			</node>
			<node>
				<identifier>	SP_YMS072_YHHC_M_1	</identifier>
				<transform>
					<row0>	0.0241 -0.0067 0.6047 0.0000	</row0>
					<row1>	0.0077 0.6051 0.0064 0.0000	</row1>
					<row2>	-0.6046 0.0074 0.0242 0.0000	</row2>
					<row3>	0.3960 0.1669 -3.4949 1.0000	</row3>
				</transform>
			</node>
			<node>
				<identifier>	SP_YMS072_YHHC_M_1_INDEX_2	</identifier>
				<transform>
					<row0>	0.0241 0.0067 -0.6047 0.0000	</row0>
					<row1>	-0.0077 0.6051 0.0064 0.0000	</row1>
					<row2>	0.6046 0.0074 0.0242 0.0000	</row2>
					<row3>	-0.3960 0.1669 -3.4949 1.0000	</row3>
				</transform>
			</node>
			<node>
				<identifier>	SP_YMS080_YHSL_M_1_INDEX_1	</identifier>
				<transform>
					<row0>	0.4995 0.0046 0.0214 0.0000	</row0>
					<row1>	-0.0049 0.4999 0.0073 0.0000	</row1>
					<row2>	-0.0214 -0.0075 0.4995 0.0000	</row2>
					<row3>	-0.4256 0.1407 -2.8785 1.0000	</row3>
				</transform>
			</node>
			<node>
				<identifier>	SP_YMS081_YHSR_M_1_INDEX_1	</identifier>
				<transform>
					<row0>	0.4995 -0.0046 -0.0214 0.0000	</row0>
					<row1>	0.0049 0.4999 0.0073 0.0000	</row1>
					<row2>	0.0214 -0.0075 0.4995 0.0000	</row2>
					<row3>	0.4256 0.1407 -2.8785 1.0000	</row3>
				</transform>
			</node>
			<node>
				<identifier>	SP_YMS082_YHSC_M_1_INDEX_1	</identifier>
				<transform>
					<row0>	0.0745 0.0021 -0.9972 0.0000	</row0>
					<row1>	-0.0195 0.9998 0.0006 0.0000	</row1>
					<row2>	0.9970 0.0194 0.0745 0.0000	</row2>
					<row3>	-0.3763 0.1498 -3.9080 1.0000	</row3>
				</transform>
			</node>
			<node>
				<identifier>	SP_YMS082_YHSC_M_1_INDEX_2	</identifier>
				<transform>
					<row0>	0.0745 -0.0021 0.9972 0.0000	</row0>
					<row1>	0.0195 0.9998 0.0006 0.0000	</row1>
					<row2>	-0.9970 0.0194 0.0745 0.0000	</row2>
					<row3>	0.3763 0.1498 -3.9080 1.0000	</row3>
				</transform>
			</node>
		</node>
	</node>
	<boundingBox>
		<min>	-0.0667 -0.0667 -0.0667	</min>
		<max>	0.0667 0.0667 0.0667	</max>
	</boundingBox>
</WSD025_Gdansk_1955_Stern_ports.visual>
