<ASB066_Kearsarge_1944_Stern_ports.visual>
	<node>
		<identifier>	Scene Root	</identifier>
		<transform>
			<row0>	1.0000 0.0000 0.0000 0.0000	</row0>
			<row1>	0.0000 1.0000 0.0000 0.0000	</row1>
			<row2>	0.0000 0.0000 1.0000 0.0000	</row2>
			<row3>	0.0000 0.0000 0.0000 1.0000	</row3>
		</transform>
		<node>
			<identifier>	Stern_ports	</identifier>
			<transform>
				<row0>	1.0000 0.0000 0.0000 0.0000	</row0>
				<row1>	0.0000 1.0000 0.0000 0.0000	</row1>
				<row2>	0.0000 0.0000 1.0000 0.0000	</row2>
				<row3>	0.0000 0.0000 0.0000 1.0000	</row3>
			</transform>
			<node>
				<identifier>	HP_AC_1	</identifier>
				<transform>
					<row0>	0.9848 0.0000 -0.1736 0.0000	</row0>
					<row1>	0.0000 1.0000 0.0000 0.0000	</row1>
					<row2>	0.1736 0.0000 0.9848 0.0000	</row2>
					<row3>	0.5866 0.5055 -8.8611 1.0000	</row3>
				</transform>
			</node>
			<node>
				<identifier>	HP_AC_2	</identifier>
				<transform>
					<row0>	0.9848 0.0000 0.1736 0.0000	</row0>
					<row1>	0.0000 1.0000 0.0000 0.0000	</row1>
					<row2>	-0.1736 0.0000 0.9848 0.0000	</row2>
					<row3>	-0.5863 0.5055 -8.8618 1.0000	</row3>
				</transform>
			</node>
			<node>
				<identifier>	HP_AD_16	</identifier>
				<transform>
					<row0>	-1.0000 0.0000 0.0000 0.0000	</row0>
					<row1>	0.0000 1.0000 0.0000 0.0000	</row1>
					<row2>	0.0000 0.0000 -1.0000 0.0000	</row2>
					<row3>	-0.2754 0.5437 -9.5981 1.0000	</row3>
				</transform>
			</node>
			<node>
				<identifier>	HP_AD_17	</identifier>
				<transform>
					<row0>	-1.0000 0.0000 0.0000 0.0000	</row0>
					<row1>	0.0000 1.0000 0.0000 0.0000	</row1>
					<row2>	0.0000 0.0000 -1.0000 0.0000	</row2>
					<row3>	0.2754 0.5437 -9.5981 1.0000	</row3>
				</transform>
			</node>
			<node>
				<identifier>	HP_AGA_29	</identifier>
				<transform>
					<row0>	-0.5000 0.0000 0.8660 0.0000	</row0>
					<row1>	0.0000 1.0000 0.0000 0.0000	</row1>
					<row2>	-0.8660 0.0000 -0.5000 0.0000	</row2>
					<row3>	-0.4093 0.4489 -9.8153 1.0000	</row3>
				</transform>
			</node>
			<node>
				<identifier>	HP_AGA_30	</identifier>
				<transform>
					<row0>	-0.5000 0.0000 -0.8660 0.0000	</row0>
					<row1>	0.0000 1.0000 0.0000 0.0000	</row1>
					<row2>	0.8660 0.0000 -0.5000 0.0000	</row2>
					<row3>	0.4093 0.4489 -9.8153 1.0000	</row3>
				</transform>
			</node>
			<node>
				<identifier>	HP_FX_Fire_4	</identifier>
				<transform>
					<row0>	1.0000 0.0000 0.0000 0.0000	</row0>
					<row1>	0.0000 1.0000 0.0000 0.0000	</row1>
					<row2>	0.0000 0.0000 1.0000 0.0000	</row2>
					<row3>	0.0000 0.4710 -9.2087 1.0000	</row3>
				</transform>
			</node>
			<node>
				<identifier>	HP_FX_WakeTraceBack	</identifier>
				<transform>
					<row0>	1.0000 0.0000 0.0000 0.0000	</row0>
					<row1>	0.0000 1.0000 0.0000 0.0000	</row1>
					<row2>	0.0000 0.0000 1.0000 0.0000	</row2>
					<row3>	0.0000 0.0000 -9.8331 1.0000	</row3>
				</transform>
			</node>
			<node>
				<identifier>	HP_FX_WakeTrace_screw_5	</identifier>
				<transform>
					<row0>	1.0000 0.0000 0.0000 0.0000	</row0>
					<row1>	0.0000 1.0000 0.0000 0.0000	</row1>
					<row2>	0.0000 0.0000 1.0000 0.0000	</row2>
					<row3>	-0.2150 -0.4755 -8.9024 1.0000	</row3>
				</transform>
			</node>
			<node>
				<identifier>	HP_FX_WakeTrace_screw_6	</identifier>
				<transform>
					<row0>	1.0000 0.0000 0.0000 0.0000	</row0>
					<row1>	0.0000 1.0000 0.0000 0.0000	</row1>
					<row2>	0.0000 0.0000 1.0000 0.0000	</row2>
					<row3>	0.2152 -0.4755 -8.9024 1.0000	</row3>
				</transform>
			</node>
			<node>
				<identifier>	HP_Ship_death_3	</identifier>
				<transform>
					<row0>	1.0000 0.0000 0.0000 0.0000	</row0>
					<row1>	0.0000 1.0000 0.0000 0.0000	</row1>
					<row2>	0.0000 0.0000 1.0000 0.0000	</row2>
					<row3>	0.0000 0.0000 -8.7183 1.0000	</row3>
				</transform>
			</node>
			<node>
				<identifier>	MP_AM001_Bollard_2	</identifier>
				<transform>
					<row0>	1.6000 0.0000 0.0000 0.0000	</row0>
					<row1>	0.0000 1.6000 0.0000 0.0000	</row1>
					<row2>	0.0000 0.0000 1.6000 0.0000	</row2>
					<row3>	0.1674 0.4490 -9.4342 1.0000	</row3>
				</transform>
			</node>
			<node>
				<identifier>	MP_AM001_Bollard_2_INDEX_1	</identifier>
				<transform>
					<row0>	1.5922 0.0000 0.1580 0.0000	</row0>
					<row1>	0.0000 1.6000 0.0000 0.0000	</row1>
					<row2>	-0.1580 0.0000 1.5922 0.0000	</row2>
					<row3>	-0.8246 0.4450 -7.7001 1.0000	</row3>
				</transform>
			</node>
			<node>
				<identifier>	MP_AM001_Bollard_2_INDEX_2	</identifier>
				<transform>
					<row0>	1.5911 0.0000 -0.1685 0.0000	</row0>
					<row1>	0.0000 1.6000 0.0000 0.0000	</row1>
					<row2>	0.1685 0.0000 1.5911 0.0000	</row2>
					<row3>	0.8246 0.4450 -7.7001 1.0000	</row3>
				</transform>
			</node>
			<node>
				<identifier>	MP_AM001_Bollard_2_INDEX_3	</identifier>
				<transform>
					<row0>	1.6000 0.0000 0.0000 0.0000	</row0>
					<row1>	0.0000 1.6000 0.0000 0.0000	</row1>
					<row2>	0.0000 0.0000 1.6000 0.0000	</row2>
					<row3>	-0.1674 0.4490 -9.4342 1.0000	</row3>
				</transform>
			</node>
			<node>
				<identifier>	MP_AM046_Running_Lights_B	</identifier>
				<transform>
					<row0>	-1.0000 0.0000 0.0000 0.0000	</row0>
					<row1>	0.0000 1.0000 0.0000 0.0000	</row1>
					<row2>	0.0000 0.0000 -1.0000 0.0000	</row2>
					<row3>	0.0000 0.5462 -10.1269 1.0000	</row3>
				</transform>
			</node>
			<node>
				<identifier>	MP_AM071_Signal_Lamp_2	</identifier>
				<transform>
					<row0>	0.0000 0.0000 -1.0000 0.0000	</row0>
					<row1>	0.0000 1.0000 0.0000 0.0000	</row1>
					<row2>	1.0000 0.0000 0.0000 0.0000	</row2>
					<row3>	0.0000 0.8220 -10.1614 1.0000	</row3>
				</transform>
			</node>
			<node>
				<identifier>	MP_AM078_Crane_Control_Wheel	</identifier>
				<transform>
					<row0>	0.6516 0.0000 0.7585 0.0000	</row0>
					<row1>	0.0000 1.0000 0.0000 0.0000	</row1>
					<row2>	-0.7585 0.0000 0.6516 0.0000	</row2>
					<row3>	0.2226 0.4497 -9.5616 1.0000	</row3>
				</transform>
			</node>
			<node>
				<identifier>	MP_AM442_Multipole_Switch	</identifier>
				<transform>
					<row0>	0.3824 0.0000 0.9240 0.0000	</row0>
					<row1>	0.0000 1.0000 0.0000 0.0000	</row1>
					<row2>	-0.9240 0.0000 0.3824 0.0000	</row2>
					<row3>	0.2329 0.4967 -9.7331 1.0000	</row3>
				</transform>
			</node>
			<node>
				<identifier>	MP_AM442_Multipole_Switch_INDEX_1	</identifier>
				<transform>
					<row0>	0.3824 0.0000 -0.9240 0.0000	</row0>
					<row1>	0.0000 1.0000 0.0000 0.0000	</row1>
					<row2>	0.9240 0.0000 0.3824 0.0000	</row2>
					<row3>	-0.2329 0.4967 -9.7331 1.0000	</row3>
				</transform>
			</node>
			<node>
				<identifier>	MP_AM550_Aircraft_Crane	</identifier>
				<transform>
					<row0>	-1.0000 0.0000 0.0000 0.0000	</row0>
					<row1>	0.0000 1.0000 0.0000 0.0000	</row1>
					<row2>	0.0000 0.0000 -1.0000 0.0000	</row2>
					<row3>	0.0000 0.4533 -9.8056 1.0000	</row3>
				</transform>
			</node>
			<node>
				<identifier>	MP_AM608_Wake_Light	</identifier>
				<transform>
					<row0>	-1.0000 0.0000 0.0000 0.0000	</row0>
					<row1>	0.0000 0.9722 0.2343 0.0000	</row1>
					<row2>	0.0000 0.2343 -0.9722 0.0000	</row2>
					<row3>	0.0000 0.4473 -10.1254 1.0000	</row3>
				</transform>
			</node>
			<node>
				<identifier>	MP_AM720_Helmets_Rack	</identifier>
				<transform>
					<row0>	-0.6508 0.0000 0.7593 0.0000	</row0>
					<row1>	0.0000 1.0000 0.0000 0.0000	</row1>
					<row2>	-0.7593 0.0000 -0.6508 0.0000	</row2>
					<row3>	0.2414 0.4742 -9.6297 1.0000	</row3>
				</transform>
			</node>
			<node>
				<identifier>	MP_AM720_Helmets_Rack_INDEX_1	</identifier>
				<transform>
					<row0>	-0.1886 0.0000 -0.9821 0.0000	</row0>
					<row1>	0.0000 1.0000 0.0000 0.0000	</row1>
					<row2>	0.9821 0.0000 -0.1886 0.0000	</row2>
					<row3>	-0.2297 0.4742 -9.6074 1.0000	</row3>
				</transform>
			</node>
			<node>
				<identifier>	MP_AM721_Talker_Helmets_Rack	</identifier>
				<transform>
					<row0>	0.9893 0.0000 -0.1457 0.0000	</row0>
					<row1>	0.0000 1.0000 0.0000 0.0000	</row1>
					<row2>	0.1457 0.0000 0.9893 0.0000	</row2>
					<row3>	-0.3845 0.4760 -9.6215 1.0000	</row3>
				</transform>
			</node>
			<node>
				<identifier>	MP_AM721_Talker_Helmets_Rack_INDEX_1	</identifier>
				<transform>
					<row0>	0.9916 0.0000 -0.1297 0.0000	</row0>
					<row1>	0.0000 1.0000 0.0000 0.0000	</row1>
					<row2>	0.1297 0.0000 0.9916 0.0000	</row2>
					<row3>	0.4463 0.4830 -9.6221 1.0000	</row3>
				</transform>
			</node>
			<node>
				<identifier>	MP_CM011_Fire_Fighting_Gear	</identifier>
				<transform>
					<row0>	-0.9908 0.0000 -0.1353 0.0000	</row0>
					<row1>	0.0000 1.0000 0.0000 0.0000	</row1>
					<row2>	0.1353 0.0000 -0.9908 0.0000	</row2>
					<row3>	0.4246 0.4504 -9.6138 1.0000	</row3>
				</transform>
			</node>
			<node>
				<identifier>	MP_CM012_Fire_Hose_Rack_1	</identifier>
				<transform>
					<row0>	0.1353 0.0000 -0.9908 0.0000	</row0>
					<row1>	0.0000 1.0000 0.0000 0.0000	</row1>
					<row2>	0.9908 0.0000 0.1353 0.0000	</row2>
					<row3>	0.3845 0.4943 -9.6211 1.0000	</row3>
				</transform>
			</node>
			<node>
				<identifier>	MP_CM094_Propeller3_L	</identifier>
				<transform>
					<row0>	1.0366 -0.0019 -0.0269 0.0000	</row0>
					<row1>	0.0013 1.0366 -0.0260 0.0000	</row1>
					<row2>	0.0270 0.0259 1.0363 0.0000	</row2>
					<row3>	-0.2150 -0.4755 -8.9024 1.0000	</row3>
				</transform>
			</node>
			<node>
				<identifier>	MP_CM095_Propeller3_R	</identifier>
				<transform>
					<row0>	1.0366 0.0019 0.0269 0.0000	</row0>
					<row1>	-0.0013 1.0366 -0.0260 0.0000	</row1>
					<row2>	-0.0270 0.0259 1.0363 0.0000	</row2>
					<row3>	0.2152 -0.4755 -8.9024 1.0000	</row3>
				</transform>
			</node>
			<node>
				<identifier>	SP_YMS023_YHUC_L_1_INDEX_1	</identifier>
				<transform>
					<row0>	0.8814 -0.0017 -0.0229 0.0000	</row0>
					<row1>	0.0011 0.8814 -0.0221 0.0000	</row1>
					<row2>	0.0229 0.0220 0.8811 0.0000	</row2>
					<row3>	-0.2150 -0.4755 -8.9024 1.0000	</row3>
				</transform>
			</node>
			<node>
				<identifier>	SP_YMS023_YHUC_L_1_INDEX_3	</identifier>
				<transform>
					<row0>	0.8814 0.0017 0.0229 0.0000	</row0>
					<row1>	-0.0011 0.8814 -0.0221 0.0000	</row1>
					<row2>	-0.0229 0.0220 0.8811 0.0000	</row2>
					<row3>	0.2150 -0.4755 -8.9024 1.0000	</row3>
				</transform>
			</node>
			<node>
				<identifier>	SP_YMS031_YHAL_M_1	</identifier>
				<transform>
					<row0>	0.9422 0.3176 0.1072 0.0000	</row0>
					<row1>	-0.3194 0.9476 0.0000 0.0000	</row1>
					<row2>	-0.1016 -0.0343 0.9942 0.0000	</row2>
					<row3>	-0.6132 0.1285 -9.2216 1.0000	</row3>
				</transform>
			</node>
			<node>
				<identifier>	SP_YMS032_YHAR_M_1	</identifier>
				<transform>
					<row0>	0.9422 -0.3176 -0.1072 0.0000	</row0>
					<row1>	0.3194 0.9476 0.0000 0.0000	</row1>
					<row2>	0.1016 -0.0343 0.9942 0.0000	</row2>
					<row3>	0.6132 0.1285 -9.2216 1.0000	</row3>
				</transform>
			</node>
			<node>
				<identifier>	SP_YMS033_YHAM_S_1	</identifier>
				<transform>
					<row0>	1.0000 0.0000 0.0000 0.0000	</row0>
					<row1>	0.0000 1.0000 0.0000 0.0000	</row1>
					<row2>	0.0000 0.0000 1.0000 0.0000	</row2>
					<row3>	0.0000 0.2199 -10.1048 1.0000	</row3>
				</transform>
			</node>
			<node>
				<identifier>	SP_YMS053_YHDC_S_1	</identifier>
				<transform>
					<row0>	1.0000 0.0000 0.0000 0.0000	</row0>
					<row1>	0.0000 1.0000 0.0000 0.0000	</row1>
					<row2>	0.0000 0.0000 1.0000 0.0000	</row2>
					<row3>	0.0000 0.4703 -8.8703 1.0000	</row3>
				</transform>
			</node>
			<node>
				<identifier>	SP_YMS053_YHDC_S_1_INDEX_7	</identifier>
				<transform>
					<row0>	1.0000 0.0000 0.0000 0.0000	</row0>
					<row1>	0.0000 1.0000 0.0000 0.0000	</row1>
					<row2>	0.0000 0.0000 1.0000 0.0000	</row2>
					<row3>	0.0000 0.4703 -7.9222 1.0000	</row3>
				</transform>
			</node>
			<node>
				<identifier>	SP_YMS061_YHGH_S_1	</identifier>
				<transform>
					<row0>	0.6533 0.0000 -1.0296 0.0000	</row0>
					<row1>	0.0000 1.2194 0.0000 0.0000	</row1>
					<row2>	1.0296 0.0000 0.6533 0.0000	</row2>
					<row3>	-0.4102 0.5293 -9.8150 1.0000	</row3>
				</transform>
			</node>
			<node>
				<identifier>	SP_YMS061_YHGH_S_1_INDEX_1	</identifier>
				<transform>
					<row0>	0.6533 0.0000 1.0296 0.0000	</row0>
					<row1>	0.0000 1.2194 0.0000 0.0000	</row1>
					<row2>	-1.0296 0.0000 0.6533 0.0000	</row2>
					<row3>	0.4102 0.5293 -9.8150 1.0000	</row3>
				</transform>
			</node>
			<node>
				<identifier>	SP_YMS080_YHSL_M_1	</identifier>
				<transform>
					<row0>	0.9649 0.1748 0.1959 0.0000	</row0>
					<row1>	-0.1684 0.9845 -0.0489 0.0000	</row1>
					<row2>	-0.2014 0.0142 0.9794 0.0000	</row2>
					<row3>	-0.7535 0.3235 -8.5519 1.0000	</row3>
				</transform>
			</node>
			<node>
				<identifier>	SP_YMS081_YHSR_M_1_INDEX_1	</identifier>
				<transform>
					<row0>	0.9649 -0.1748 -0.1959 0.0000	</row0>
					<row1>	0.1684 0.9845 -0.0489 0.0000	</row1>
					<row2>	0.2014 0.0142 0.9794 0.0000	</row2>
					<row3>	0.7535 0.3235 -8.5519 1.0000	</row3>
				</transform>
			</node>
		</node>
	</node>
	<boundingBox>
		<min>	-0.0667 -0.0667 -0.0667	</min>
		<max>	0.0667 0.0667 0.0667	</max>
	</boundingBox>
</ASB066_Kearsarge_1944_Stern_ports.visual>
