<VSC002_Almirante_Abreu_1900_MidFront_ports.visual>
	<node>
		<identifier>	Scene Root	</identifier>
		<transform>
			<row0>	1.0000 0.0000 0.0000 0.0000	</row0>
			<row1>	0.0000 1.0000 0.0000 0.0000	</row1>
			<row2>	0.0000 0.0000 1.0000 0.0000	</row2>
			<row3>	0.0000 0.0000 0.0000 1.0000	</row3>
		</transform>
		<node>
			<identifier>	MidFront_ports	</identifier>
			<transform>
				<row0>	1.0000 0.0000 0.0000 0.0000	</row0>
				<row1>	0.0000 1.0000 0.0000 0.0000	</row1>
				<row2>	0.0000 0.0000 1.0000 0.0000	</row2>
				<row3>	0.0000 0.0000 0.0000 1.0000	</row3>
			</transform>
			<node>
				<identifier>	HP_AGA_1	</identifier>
				<transform>
					<row0>	0.0000 0.0000 1.0000 0.0000	</row0>
					<row1>	0.0000 1.0000 0.0000 0.0000	</row1>
					<row2>	-1.0000 0.0000 0.0000 0.0000	</row2>
					<row3>	-0.0930 0.9219 1.6925 1.0000	</row3>
				</transform>
			</node>
			<node>
				<identifier>	HP_AGA_2	</identifier>
				<transform>
					<row0>	0.0000 0.0000 -1.0000 0.0000	</row0>
					<row1>	0.0000 1.0000 0.0000 0.0000	</row1>
					<row2>	1.0000 0.0000 0.0000 0.0000	</row2>
					<row3>	0.0929 0.9219 1.6925 1.0000	</row3>
				</transform>
			</node>
			<node>
				<identifier>	HP_AGM_2	</identifier>
				<transform>
					<row0>	0.9784 0.0000 0.2068 0.0000	</row0>
					<row1>	0.0000 1.0000 0.0000 0.0000	</row1>
					<row2>	-0.2068 0.0000 0.9784 0.0000	</row2>
					<row3>	-0.3225 0.1868 1.3728 1.0000	</row3>
				</transform>
			</node>
			<node>
				<identifier>	HP_AGM_3	</identifier>
				<transform>
					<row0>	0.9784 0.0000 -0.2068 0.0000	</row0>
					<row1>	0.0000 1.0000 0.0000 0.0000	</row1>
					<row2>	0.2068 0.0000 0.9784 0.0000	</row2>
					<row3>	0.3225 0.1868 1.3728 1.0000	</row3>
				</transform>
			</node>
			<node>
				<identifier>	HP_AGS_1	</identifier>
				<transform>
					<row0>	0.0000 0.0000 1.0000 0.0000	</row0>
					<row1>	0.0000 1.0000 0.0000 0.0000	</row1>
					<row2>	-1.0000 0.0000 0.0000 0.0000	</row2>
					<row3>	-0.3535 0.1861 0.4764 1.0000	</row3>
				</transform>
			</node>
			<node>
				<identifier>	HP_AGS_2	</identifier>
				<transform>
					<row0>	0.0000 0.0000 -1.0000 0.0000	</row0>
					<row1>	0.0000 1.0000 0.0000 0.0000	</row1>
					<row2>	1.0000 0.0000 0.0000 0.0000	</row2>
					<row3>	0.3535 0.1861 0.4764 1.0000	</row3>
				</transform>
			</node>
			<node>
				<identifier>	HP_FX_Death_1	</identifier>
				<transform>
					<row0>	1.0000 0.0000 0.0000 0.0000	</row0>
					<row1>	0.0000 1.0000 0.0000 0.0000	</row1>
					<row2>	0.0000 0.0000 1.0000 0.0000	</row2>
					<row3>	0.0000 0.0000 1.9669 1.0000	</row3>
				</transform>
			</node>
			<node>
				<identifier>	HP_FX_Death_2	</identifier>
				<transform>
					<row0>	1.0000 0.0000 0.0000 0.0000	</row0>
					<row1>	0.0000 1.0000 0.0000 0.0000	</row1>
					<row2>	0.0000 0.0000 1.0000 0.0000	</row2>
					<row3>	0.0000 0.0000 0.4690 1.0000	</row3>
				</transform>
			</node>
			<node>
				<identifier>	HP_FX_Fire_2	</identifier>
				<transform>
					<row0>	1.0000 0.0000 0.0000 0.0000	</row0>
					<row1>	0.0000 1.0000 0.0000 0.0000	</row1>
					<row2>	0.0000 0.0000 1.0000 0.0000	</row2>
					<row3>	0.0000 0.4593 1.7505 1.0000	</row3>
				</transform>
			</node>
			<node>
				<identifier>	HP_FX_Fire_2_side_1	</identifier>
				<transform>
					<row0>	1.0000 0.0000 0.0000 0.0000	</row0>
					<row1>	0.0000 1.0000 0.0000 0.0000	</row1>
					<row2>	0.0000 0.0000 1.0000 0.0000	</row2>
					<row3>	-0.2652 0.4213 0.9024 1.0000	</row3>
				</transform>
			</node>
			<node>
				<identifier>	HP_FX_FloodLight_left_1	</identifier>
				<transform>
					<row0>	-1.0000 0.0000 0.0000 0.0000	</row0>
					<row1>	0.0000 1.0000 0.0000 0.0000	</row1>
					<row2>	0.0000 0.0000 -1.0000 0.0000	</row2>
					<row3>	-0.1150 0.4380 1.7040 1.0000	</row3>
				</transform>
			</node>
			<node>
				<identifier>	HP_FX_FloodLight_right_2	</identifier>
				<transform>
					<row0>	1.0000 0.0000 0.0000 0.0000	</row0>
					<row1>	0.0000 1.0000 0.0000 0.0000	</row1>
					<row2>	0.0000 0.0000 1.0000 0.0000	</row2>
					<row3>	0.1150 0.4550 1.7270 1.0000	</row3>
				</transform>
			</node>
			<node>
				<identifier>	HP_FX_Flood_steam_1	</identifier>
				<transform>
					<row0>	1.0000 0.0000 0.0000 0.0000	</row0>
					<row1>	0.0000 0.8496 0.5275 0.0000	</row1>
					<row2>	0.0000 -0.5275 0.8496 0.0000	</row2>
					<row3>	0.0000 0.9839 0.9569 1.0000	</row3>
				</transform>
			</node>
			<node>
				<identifier>	HP_FX_Flood_water_left_2	</identifier>
				<transform>
					<row0>	-1.0000 0.0000 0.0000 0.0000	</row0>
					<row1>	0.0000 1.0000 0.0000 0.0000	</row1>
					<row2>	0.0000 0.0000 -1.0000 0.0000	</row2>
					<row3>	-0.4267 0.0380 1.1348 1.0000	</row3>
				</transform>
			</node>
			<node>
				<identifier>	HP_FX_Flood_water_right_2	</identifier>
				<transform>
					<row0>	1.0000 0.0000 0.0000 0.0000	</row0>
					<row1>	0.0000 1.0000 0.0000 0.0000	</row1>
					<row2>	0.0000 0.0000 1.0000 0.0000	</row2>
					<row3>	0.4266 0.0395 1.1351 1.0000	</row3>
				</transform>
			</node>
			<node>
				<identifier>	HP_FX_Smoke_1	</identifier>
				<transform>
					<row0>	0.9989 0.0466 0.0000 0.0000	</row0>
					<row1>	-0.0466 0.9989 0.0000 0.0000	</row1>
					<row2>	0.0000 0.0000 1.0000 0.0000	</row2>
					<row3>	0.0000 1.0158 0.8609 1.0000	</row3>
				</transform>
			</node>
			<node>
				<identifier>	HP_Flagpole	</identifier>
				<transform>
					<row0>	0.9500 0.0000 0.3121 0.0000	</row0>
					<row1>	0.0000 1.0000 0.0000 0.0000	</row1>
					<row2>	-0.3121 0.0000 0.9500 0.0000	</row2>
					<row3>	0.0049 1.9461 1.5830 1.0000	</row3>
				</transform>
			</node>
			<node>
				<identifier>	HP_flag_1	</identifier>
				<transform>
					<row0>	0.9995 0.0303 -0.0032 0.0000	</row0>
					<row1>	-0.0303 0.9782 -0.2057 0.0000	</row1>
					<row2>	-0.0032 0.2057 0.9786 0.0000	</row2>
					<row3>	0.2636 1.4297 1.6230 1.0000	</row3>
				</transform>
			</node>
			<node>
				<identifier>	HP_flag_2	</identifier>
				<transform>
					<row0>	0.9995 -0.0303 0.0032 0.0000	</row0>
					<row1>	0.0303 0.9782 -0.2057 0.0000	</row1>
					<row2>	0.0032 0.2057 0.9786 0.0000	</row2>
					<row3>	-0.2637 1.4297 1.6230 1.0000	</row3>
				</transform>
			</node>
			<node>
				<identifier>	HP_flag_3	</identifier>
				<transform>
					<row0>	1.0000 0.0056 -0.0006 0.0000	</row0>
					<row1>	-0.0056 0.9785 -0.2062 0.0000	</row1>
					<row2>	-0.0006 0.2062 0.9785 0.0000	</row2>
					<row3>	0.2143 1.4296 1.6231 1.0000	</row3>
				</transform>
			</node>
			<node>
				<identifier>	HP_flag_4	</identifier>
				<transform>
					<row0>	1.0000 -0.0056 0.0006 0.0000	</row0>
					<row1>	0.0056 0.9785 -0.2062 0.0000	</row1>
					<row2>	0.0006 0.2062 0.9785 0.0000	</row2>
					<row3>	-0.2133 1.4295 1.6240 1.0000	</row3>
				</transform>
			</node>
			<node>
				<identifier>	MP_CM011_Fire_Fighting_Gear	</identifier>
				<transform>
					<row0>	1.0000 0.0000 0.0000 0.0000	</row0>
					<row1>	0.0000 1.0000 0.0000 0.0000	</row1>
					<row2>	0.0000 0.0000 1.0000 0.0000	</row2>
					<row3>	0.2181 0.1861 1.5265 1.0000	</row3>
				</transform>
			</node>
			<node>
				<identifier>	MP_CM011_Fire_Fighting_Gear_INDEX_1	</identifier>
				<transform>
					<row0>	1.0000 0.0000 0.0000 0.0000	</row0>
					<row1>	0.0000 1.0000 0.0000 0.0000	</row1>
					<row2>	0.0000 0.0000 1.0000 0.0000	</row2>
					<row3>	-0.2180 0.1861 1.5265 1.0000	</row3>
				</transform>
			</node>
			<node>
				<identifier>	MP_CM013_Fire_Hose_Rack_2	</identifier>
				<transform>
					<row0>	0.0000 0.0000 1.0000 0.0000	</row0>
					<row1>	0.0000 1.0000 0.0000 0.0000	</row1>
					<row2>	-1.0000 0.0000 0.0000 0.0000	</row2>
					<row3>	-0.2214 0.2630 1.5606 1.0000	</row3>
				</transform>
			</node>
			<node>
				<identifier>	MP_CM013_Fire_Hose_Rack_2_INDEX_1	</identifier>
				<transform>
					<row0>	0.0000 0.0000 1.0000 0.0000	</row0>
					<row1>	0.0000 1.0000 0.0000 0.0000	</row1>
					<row2>	-1.0000 0.0000 0.0000 0.0000	</row2>
					<row3>	0.2215 0.2630 1.5606 1.0000	</row3>
				</transform>
			</node>
			<node>
				<identifier>	MP_CM015_Bundle_1	</identifier>
				<transform>
					<row0>	1.0000 0.0000 0.0000 0.0000	</row0>
					<row1>	0.0000 1.0000 0.0000 0.0000	</row1>
					<row2>	0.0000 0.0000 1.0000 0.0000	</row2>
					<row3>	0.3682 0.2767 0.9479 1.0000	</row3>
				</transform>
			</node>
			<node>
				<identifier>	MP_CM015_Bundle_1_INDEX_1	</identifier>
				<transform>
					<row0>	1.0000 0.0000 0.0000 0.0000	</row0>
					<row1>	0.0000 0.9984 0.0563 0.0000	</row1>
					<row2>	0.0000 -0.0563 0.9984 0.0000	</row2>
					<row3>	0.2660 0.3768 0.7400 1.0000	</row3>
				</transform>
			</node>
			<node>
				<identifier>	MP_CM019_Wood_Box_2	</identifier>
				<transform>
					<row0>	0.9995 0.0000 0.0322 0.0000	</row0>
					<row1>	0.0000 1.0000 0.0000 0.0000	</row1>
					<row2>	-0.0322 0.0000 0.9995 0.0000	</row2>
					<row3>	0.1136 0.3392 0.9075 1.0000	</row3>
				</transform>
			</node>
			<node>
				<identifier>	MP_CM019_Wood_Box_2_INDEX_1	</identifier>
				<transform>
					<row0>	0.9939 0.0000 0.1102 0.0000	</row0>
					<row1>	0.0000 1.0000 0.0000 0.0000	</row1>
					<row2>	-0.1102 0.0000 0.9939 0.0000	</row2>
					<row3>	0.1487 0.3392 0.9143 1.0000	</row3>
				</transform>
			</node>
			<node>
				<identifier>	MP_CM040_Steering_Wheel	</identifier>
				<transform>
					<row0>	1.0000 0.0000 0.0000 0.0000	</row0>
					<row1>	0.0000 1.0000 0.0000 0.0000	</row1>
					<row2>	0.0000 0.0000 1.0000 0.0000	</row2>
					<row3>	0.0142 0.5235 1.9415 1.0000	</row3>
				</transform>
			</node>
			<node>
				<identifier>	MP_CM053_Telegraph	</identifier>
				<transform>
					<row0>	0.6559 0.0000 0.7548 0.0000	</row0>
					<row1>	0.0000 1.0000 0.0000 0.0000	</row1>
					<row2>	-0.7548 0.0000 0.6559 0.0000	</row2>
					<row3>	-0.0570 0.5232 1.9371 1.0000	</row3>
				</transform>
			</node>
			<node>
				<identifier>	MP_CM056_Ships_bell	</identifier>
				<transform>
					<row0>	0.7541 0.0000 0.0000 0.0000	</row0>
					<row1>	0.0000 0.7541 0.0000 0.0000	</row1>
					<row2>	0.0000 0.0000 0.7541 0.0000	</row2>
					<row3>	0.0000 0.3441 1.2772 1.0000	</row3>
				</transform>
			</node>
			<node>
				<identifier>	MP_CM081_Life_Buoy	</identifier>
				<transform>
					<row0>	0.0000 0.0000 -1.0000 0.0000	</row0>
					<row1>	0.0000 1.0000 0.0000 0.0000	</row1>
					<row2>	1.0000 0.0000 0.0000 0.0000	</row2>
					<row3>	0.3310 0.5915 1.8842 1.0000	</row3>
				</transform>
			</node>
			<node>
				<identifier>	MP_CM081_Life_Buoy_INDEX_1	</identifier>
				<transform>
					<row0>	1.0000 0.0000 0.0000 0.0000	</row0>
					<row1>	0.0000 1.0000 0.0000 0.0000	</row1>
					<row2>	0.0000 0.0000 1.0000 0.0000	</row2>
					<row3>	0.0653 0.5947 1.6545 1.0000	</row3>
				</transform>
			</node>
			<node>
				<identifier>	MP_CM081_Life_Buoy_INDEX_2	</identifier>
				<transform>
					<row0>	0.0000 0.0000 1.0000 0.0000	</row0>
					<row1>	0.0000 1.0000 0.0000 0.0000	</row1>
					<row2>	-1.0000 0.0000 0.0000 0.0000	</row2>
					<row3>	-0.3309 0.5915 1.8842 1.0000	</row3>
				</transform>
			</node>
			<node>
				<identifier>	MP_CM083_Mast_Sailing	</identifier>
				<transform>
					<row0>	-0.8672 -0.0006 -0.0698 0.0000	</row0>
					<row1>	0.0000 0.8700 -0.0075 0.0000	</row1>
					<row2>	0.0698 -0.0075 -0.8672 0.0000	</row2>
					<row3>	-0.2449 0.3988 0.7021 1.0000	</row3>
				</transform>
			</node>
			<node>
				<identifier>	MP_CM083_Mast_Sailing_INDEX_1	</identifier>
				<transform>
					<row0>	0.8660 0.0221 -0.0815 0.0000	</row0>
					<row1>	-0.0230 0.8698 -0.0080 0.0000	</row1>
					<row2>	0.0813 0.0101 0.8663 0.0000	</row2>
					<row3>	0.2769 0.4029 1.0987 1.0000	</row3>
				</transform>
			</node>
			<node>
				<identifier>	MP_CM084_Oars	</identifier>
				<transform>
					<row0>	0.0000 0.0000 0.6791 0.0000	</row0>
					<row1>	0.0000 0.6791 0.0000 0.0000	</row1>
					<row2>	-0.6791 0.0000 0.0000 0.0000	</row2>
					<row3>	0.0000 0.3641 1.3195 1.0000	</row3>
				</transform>
			</node>
			<node>
				<identifier>	MP_CM084_Oars_INDEX_1	</identifier>
				<transform>
					<row0>	0.9996 0.0000 0.0265 0.0000	</row0>
					<row1>	-0.0005 0.9998 0.0206 0.0000	</row1>
					<row2>	-0.0265 -0.0206 0.9994 0.0000	</row2>
					<row3>	0.2778 0.3784 0.8976 1.0000	</row3>
				</transform>
			</node>
			<node>
				<identifier>	MP_CM084_Oars_INDEX_2	</identifier>
				<transform>
					<row0>	0.9909 -0.0029 -0.1345 0.0000	</row0>
					<row1>	0.0000 0.9998 -0.0219 0.0000	</row1>
					<row2>	0.1345 0.0217 0.9907 0.0000	</row2>
					<row3>	-0.2688 0.3779 0.9350 1.0000	</row3>
				</transform>
			</node>
			<node>
				<identifier>	MP_CM089_Anchor	</identifier>
				<transform>
					<row0>	0.9976 -0.0610 -0.0336 0.0000	</row0>
					<row1>	0.0333 -0.0058 0.9994 0.0000	</row1>
					<row2>	-0.0612 -0.9981 -0.0037 0.0000	</row2>
					<row3>	-0.4255 0.2242 0.8512 1.0000	</row3>
				</transform>
			</node>
			<node>
				<identifier>	MP_CM089_Anchor_INDEX_1	</identifier>
				<transform>
					<row0>	-0.9976 -0.0610 -0.0336 0.0000	</row0>
					<row1>	-0.0338 0.0017 0.9994 0.0000	</row1>
					<row2>	-0.0609 0.9981 -0.0037 0.0000	</row2>
					<row3>	0.4173 0.2242 1.0883 1.0000	</row3>
				</transform>
			</node>
			<node>
				<identifier>	MP_VM017_Reels	</identifier>
				<transform>
					<row0>	1.0000 0.0000 0.0000 0.0000	</row0>
					<row1>	0.0000 1.0000 0.0000 0.0000	</row1>
					<row2>	0.0000 0.0000 1.0000 0.0000	</row2>
					<row3>	0.0000 0.3508 1.2431 1.0000	</row3>
				</transform>
			</node>
			<node>
				<identifier>	MP_VM021_6pdr_Mk1	</identifier>
				<transform>
					<row0>	0.0281 0.0161 0.9995 0.0000	</row0>
					<row1>	0.0000 0.9999 -0.0161 0.0000	</row1>
					<row2>	-0.9996 0.0005 0.0281 0.0000	</row2>
					<row3>	-0.2654 0.3457 1.7095 1.0000	</row3>
				</transform>
			</node>
			<node>
				<identifier>	MP_VM021_6pdr_Mk1_INDEX_1	</identifier>
				<transform>
					<row0>	0.0229 -0.0180 -0.9996 0.0000	</row0>
					<row1>	0.0000 0.9998 -0.0180 0.0000	</row1>
					<row2>	0.9997 0.0004 0.0229 0.0000	</row2>
					<row3>	0.2656 0.3457 1.7095 1.0000	</row3>
				</transform>
			</node>
			<node>
				<identifier>	MP_VM023_1pdr_Mk1	</identifier>
				<transform>
					<row0>	0.0000 0.0000 1.0000 0.0000	</row0>
					<row1>	0.0000 1.0000 0.0000 0.0000	</row1>
					<row2>	-1.0000 0.0000 0.0000 0.0000	</row2>
					<row3>	-0.0922 0.6734 1.6816 1.0000	</row3>
				</transform>
			</node>
			<node>
				<identifier>	MP_VM023_1pdr_Mk1_INDEX_1	</identifier>
				<transform>
					<row0>	0.0000 0.0000 -1.0000 0.0000	</row0>
					<row1>	0.0000 1.0000 0.0000 0.0000	</row1>
					<row2>	1.0000 0.0000 0.0000 0.0000	</row2>
					<row3>	0.0922 0.6734 1.6816 1.0000	</row3>
				</transform>
			</node>
			<node>
				<identifier>	MP_VM507_Whaleboat_26ft	</identifier>
				<transform>
					<row0>	0.9997 0.0000 -0.0262 0.0000	</row0>
					<row1>	0.0000 1.0000 0.0000 0.0000	</row1>
					<row2>	0.0262 0.0000 0.9997 0.0000	</row2>
					<row3>	-0.2656 0.3433 0.9259 1.0000	</row3>
				</transform>
			</node>
			<node>
				<identifier>	MP_VM507_Whaleboat_26ft_INDEX_1	</identifier>
				<transform>
					<row0>	0.9996 0.0000 0.0297 0.0000	</row0>
					<row1>	0.0000 1.0000 0.0000 0.0000	</row1>
					<row2>	-0.0297 0.0000 0.9996 0.0000	</row2>
					<row3>	0.2665 0.3433 0.9259 1.0000	</row3>
				</transform>
			</node>
			<node>
				<identifier>	MP_VM508_Whaleboat_16ft	</identifier>
				<transform>
					<row0>	0.0000 0.0000 1.0000 0.0000	</row0>
					<row1>	0.0000 1.0000 0.0000 0.0000	</row1>
					<row2>	-1.0000 0.0000 0.0000 0.0000	</row2>
					<row3>	0.0000 0.3773 1.3195 1.0000	</row3>
				</transform>
			</node>
			<node>
				<identifier>	MP_VM619_Compass_Binnacle	</identifier>
				<transform>
					<row0>	0.6613 0.0000 0.0000 0.0000	</row0>
					<row1>	0.0000 0.6613 0.0000 0.0000	</row1>
					<row2>	0.0000 0.0000 0.6613 0.0000	</row2>
					<row3>	0.0000 0.6560 1.9372 1.0000	</row3>
				</transform>
			</node>
			<node>
				<identifier>	MP_VM621_Turning_Indicator	</identifier>
				<transform>
					<row0>	1.0000 0.0000 0.0000 0.0000	</row0>
					<row1>	0.0000 1.0000 0.0000 0.0000	</row1>
					<row2>	0.0000 0.0000 1.0000 0.0000	</row2>
					<row3>	-0.0185 0.5214 1.9615 1.0000	</row3>
				</transform>
			</node>
			<node>
				<identifier>	MP_VM622_Voice_Tube	</identifier>
				<transform>
					<row0>	0.0000 0.0000 0.9000 0.0000	</row0>
					<row1>	0.0000 0.9000 0.0000 0.0000	</row1>
					<row2>	-0.9000 0.0000 0.0000 0.0000	</row2>
					<row3>	-0.0805 0.5234 1.9072 1.0000	</row3>
				</transform>
			</node>
			<node>
				<identifier>	MP_VM622_Voice_Tube_INDEX_1	</identifier>
				<transform>
					<row0>	0.0000 0.0000 0.9000 0.0000	</row0>
					<row1>	0.0000 0.9000 0.0000 0.0000	</row1>
					<row2>	-0.9000 0.0000 0.0000 0.0000	</row2>
					<row3>	-0.0805 0.5234 1.9176 1.0000	</row3>
				</transform>
			</node>
			<node>
				<identifier>	MP_VM705_Ammunition_Box	</identifier>
				<transform>
					<row0>	0.4559 0.0000 -0.8900 0.0000	</row0>
					<row1>	0.0000 1.0000 0.0000 0.0000	</row1>
					<row2>	0.8900 0.0000 0.4559 0.0000	</row2>
					<row3>	-0.0806 0.3455 1.9807 1.0000	</row3>
				</transform>
			</node>
			<node>
				<identifier>	MP_VM705_Ammunition_Box_INDEX_1	</identifier>
				<transform>
					<row0>	-0.2254 0.0000 0.9743 0.0000	</row0>
					<row1>	0.0000 1.0000 0.0000 0.0000	</row1>
					<row2>	-0.9743 0.0000 -0.2254 0.0000	</row2>
					<row3>	0.0165 0.6727 1.5434 1.0000	</row3>
				</transform>
			</node>
			<node>
				<identifier>	MP_VM705_Ammunition_Box_INDEX_2	</identifier>
				<transform>
					<row0>	0.0000 0.0000 -1.0000 0.0000	</row0>
					<row1>	0.0000 1.0000 0.0000 0.0000	</row1>
					<row2>	1.0000 0.0000 0.0000 0.0000	</row2>
					<row3>	-0.0395 0.3455 1.9908 1.0000	</row3>
				</transform>
			</node>
			<node>
				<identifier>	MP_VM705_Ammunition_Box_INDEX_3	</identifier>
				<transform>
					<row0>	0.0000 0.0000 1.0000 0.0000	</row0>
					<row1>	0.0000 1.0000 0.0000 0.0000	</row1>
					<row2>	-1.0000 0.0000 0.0000 0.0000	</row2>
					<row3>	0.0031 0.8824 1.7522 1.0000	</row3>
				</transform>
			</node>
			<node>
				<identifier>	MP_VM706_Ammunition_Box	</identifier>
				<transform>
					<row0>	1.0000 0.0000 0.0000 0.0000	</row0>
					<row1>	0.0000 1.0000 0.0000 0.0000	</row1>
					<row2>	0.0000 0.0000 1.0000 0.0000	</row2>
					<row3>	0.2373 0.3424 1.8570 1.0000	</row3>
				</transform>
			</node>
			<node>
				<identifier>	MP_VM706_Ammunition_Box_INDEX_1	</identifier>
				<transform>
					<row0>	1.0000 0.0000 0.0000 0.0000	</row0>
					<row1>	0.0000 1.0000 0.0000 0.0000	</row1>
					<row2>	0.0000 0.0000 1.0000 0.0000	</row2>
					<row3>	-0.2372 0.3424 1.8570 1.0000	</row3>
				</transform>
			</node>
			<node>
				<identifier>	MP_VM755_Hatch	</identifier>
				<transform>
					<row0>	1.0000 0.0000 0.0000 0.0000	</row0>
					<row1>	0.0000 1.0000 0.0000 0.0000	</row1>
					<row2>	0.0000 0.0000 1.0000 0.0000	</row2>
					<row3>	0.0000 0.3394 1.0082 1.0000	</row3>
				</transform>
			</node>
			<node>
				<identifier>	MP_VM801_Ventilators	</identifier>
				<transform>
					<row0>	1.0000 0.0000 0.0000 0.0000	</row0>
					<row1>	0.0000 1.0000 0.0000 0.0000	</row1>
					<row2>	0.0000 0.0000 1.0000 0.0000	</row2>
					<row3>	0.0000 0.2699 2.0072 1.0000	</row3>
				</transform>
			</node>
			<node>
				<identifier>	MP_VM802_Ventilation	</identifier>
				<transform>
					<row0>	1.0000 0.0000 0.0000 0.0000	</row0>
					<row1>	0.0000 1.0000 0.0000 0.0000	</row1>
					<row2>	0.0000 0.0000 1.0000 0.0000	</row2>
					<row3>	0.0000 0.3430 1.0821 1.0000	</row3>
				</transform>
			</node>
			<node>
				<identifier>	MP_VM802_Ventilation_INDEX_1	</identifier>
				<transform>
					<row0>	1.0000 0.0000 0.0000 0.0000	</row0>
					<row1>	0.0000 1.0000 0.0000 0.0000	</row1>
					<row2>	0.0000 0.0000 1.0000 0.0000	</row2>
					<row3>	0.0814 0.3034 0.5033 1.0000	</row3>
				</transform>
			</node>
			<node>
				<identifier>	MP_VM802_Ventilation_INDEX_2	</identifier>
				<transform>
					<row0>	1.0000 0.0000 0.0000 0.0000	</row0>
					<row1>	0.0000 1.0000 0.0000 0.0000	</row1>
					<row2>	0.0000 0.0000 1.0000 0.0000	</row2>
					<row3>	-0.0814 0.3034 0.5033 1.0000	</row3>
				</transform>
			</node>
			<node>
				<identifier>	MP_VM802_Ventilation_INDEX_3	</identifier>
				<transform>
					<row0>	1.0000 0.0000 0.0000 0.0000	</row0>
					<row1>	0.0000 1.0000 0.0000 0.0000	</row1>
					<row2>	0.0000 0.0000 1.0000 0.0000	</row2>
					<row3>	0.0926 0.3335 1.1576 1.0000	</row3>
				</transform>
			</node>
			<node>
				<identifier>	MP_VM802_Ventilation_INDEX_4	</identifier>
				<transform>
					<row0>	1.0000 0.0000 0.0000 0.0000	</row0>
					<row1>	0.0000 1.0000 0.0000 0.0000	</row1>
					<row2>	0.0000 0.0000 1.0000 0.0000	</row2>
					<row3>	-0.0926 0.3335 1.1576 1.0000	</row3>
				</transform>
			</node>
			<node>
				<identifier>	MP_VM863_Searchlight	</identifier>
				<transform>
					<row0>	1.0000 0.0000 0.0000 0.0000	</row0>
					<row1>	0.0000 1.0000 0.0000 0.0000	</row1>
					<row2>	0.0000 0.0000 1.0000 0.0000	</row2>
					<row3>	0.0000 1.1780 1.7000 1.0000	</row3>
				</transform>
			</node>
			<node>
				<identifier>	MP_VM863_Searchlight_INDEX_1	</identifier>
				<transform>
					<row0>	1.0000 0.0000 0.0000 0.0000	</row0>
					<row1>	0.0000 1.0000 0.0000 0.0000	</row1>
					<row2>	0.0000 0.0000 1.0000 0.0000	</row2>
					<row3>	-0.1973 0.5222 1.8578 1.0000	</row3>
				</transform>
			</node>
			<node>
				<identifier>	MP_VM863_Searchlight_INDEX_2	</identifier>
				<transform>
					<row0>	1.0000 0.0000 0.0000 0.0000	</row0>
					<row1>	0.0000 1.0000 0.0000 0.0000	</row1>
					<row2>	0.0000 0.0000 1.0000 0.0000	</row2>
					<row3>	0.1973 0.5222 1.8578 1.0000	</row3>
				</transform>
			</node>
			<node>
				<identifier>	MP_VM864_Signal_Lamp	</identifier>
				<transform>
					<row0>	0.8000 0.0000 0.0000 0.0000	</row0>
					<row1>	0.0000 0.8000 0.0000 0.0000	</row1>
					<row2>	0.0000 0.0000 0.8000 0.0000	</row2>
					<row3>	0.0000 2.0073 1.5974 1.0000	</row3>
				</transform>
			</node>
			<node>
				<identifier>	MP_VM867_Running_Lights_R	</identifier>
				<transform>
					<row0>	1.0000 0.0000 0.0000 0.0000	</row0>
					<row1>	0.0000 1.0000 0.0000 0.0000	</row1>
					<row2>	0.0000 0.0000 1.0000 0.0000	</row2>
					<row3>	0.3382 0.5238 1.8586 1.0000	</row3>
				</transform>
			</node>
			<node>
				<identifier>	MP_VM868_Runnng_Lights_L	</identifier>
				<transform>
					<row0>	1.0000 0.0000 0.0000 0.0000	</row0>
					<row1>	0.0000 1.0000 0.0000 0.0000	</row1>
					<row2>	0.0000 0.0000 1.0000 0.0000	</row2>
					<row3>	-0.3382 0.5238 1.8586 1.0000	</row3>
				</transform>
			</node>
			<node>
				<identifier>	MP_VM957_Fairlead	</identifier>
				<transform>
					<row0>	0.9956 0.0000 0.0938 0.0000	</row0>
					<row1>	0.0000 1.0000 0.0000 0.0000	</row1>
					<row2>	-0.0938 0.0000 0.9956 0.0000	</row2>
					<row3>	0.3347 0.1885 1.9127 1.0000	</row3>
				</transform>
			</node>
			<node>
				<identifier>	MP_VM957_Fairlead_INDEX_1	</identifier>
				<transform>
					<row0>	0.9956 0.0000 -0.0938 0.0000	</row0>
					<row1>	0.0000 1.0000 0.0000 0.0000	</row1>
					<row2>	0.0938 0.0000 0.9956 0.0000	</row2>
					<row3>	-0.3347 0.1885 1.9127 1.0000	</row3>
				</transform>
			</node>
			<node>
				<identifier>	MP_VM960_Bollard	</identifier>
				<transform>
					<row0>	0.9958 0.0000 0.0911 0.0000	</row0>
					<row1>	0.0000 1.0000 0.0000 0.0000	</row1>
					<row2>	-0.0911 0.0000 0.9958 0.0000	</row2>
					<row3>	0.3573 0.1853 1.5989 1.0000	</row3>
				</transform>
			</node>
			<node>
				<identifier>	MP_VM960_Bollard_INDEX_1	</identifier>
				<transform>
					<row0>	0.9958 0.0000 -0.0911 0.0000	</row0>
					<row1>	0.0000 1.0000 0.0000 0.0000	</row1>
					<row2>	0.0911 0.0000 0.9958 0.0000	</row2>
					<row3>	-0.3572 0.1853 1.5989 1.0000	</row3>
				</transform>
			</node>
		</node>
	</node>
	<boundingBox>
		<min>	-0.0667 -0.0667 -0.0667	</min>
		<max>	0.0667 0.0667 0.0667	</max>
	</boundingBox>
</VSC002_Almirante_Abreu_1900_MidFront_ports.visual>
