<RSA004_Pobeda_1950_Bow_ports.visual>
	<node>
		<identifier>	Scene Root	</identifier>
		<transform>
			<row0>	1.0000 0.0000 0.0000 0.0000	</row0>
			<row1>	0.0000 1.0000 0.0000 0.0000	</row1>
			<row2>	0.0000 0.0000 1.0000 0.0000	</row2>
			<row3>	0.0000 0.0000 0.0000 1.0000	</row3>
		</transform>
		<node>
			<identifier>	Bow_ports	</identifier>
			<transform>
				<row0>	1.0000 0.0000 0.0000 0.0000	</row0>
				<row1>	0.0000 1.0000 0.0000 0.0000	</row1>
				<row2>	0.0000 0.0000 1.0000 0.0000	</row2>
				<row3>	0.0000 0.0000 0.0000 1.0000	</row3>
			</transform>
			<node>
				<identifier>	HP_FX_Death_1	</identifier>
				<transform>
					<row0>	1.0000 0.0000 0.0000 0.0000	</row0>
					<row1>	0.0000 1.0000 0.0000 0.0000	</row1>
					<row2>	0.0000 0.0000 1.0000 0.0000	</row2>
					<row3>	0.0000 0.0000 5.2184 1.0000	</row3>
				</transform>
			</node>
			<node>
				<identifier>	HP_FX_Fire_1	</identifier>
				<transform>
					<row0>	1.0000 0.0000 0.0000 0.0000	</row0>
					<row1>	0.0000 1.0000 0.0000 0.0000	</row1>
					<row2>	0.0000 0.0000 1.0000 0.0000	</row2>
					<row3>	-0.1994 0.8844 6.3209 1.0000	</row3>
				</transform>
			</node>
			<node>
				<identifier>	HP_FX_Fire_1_side_1	</identifier>
				<transform>
					<row0>	1.0000 0.0000 0.0000 0.0000	</row0>
					<row1>	0.0000 1.0000 0.0000 0.0000	</row1>
					<row2>	0.0000 0.0000 1.0000 0.0000	</row2>
					<row3>	-0.4820 0.8286 7.6563 1.0000	</row3>
				</transform>
			</node>
			<node>
				<identifier>	HP_FX_Flood_steam_left	</identifier>
				<transform>
					<row0>	-0.9935 0.0000 0.1139 0.0000	</row0>
					<row1>	0.0000 1.0000 0.0000 0.0000	</row1>
					<row2>	-0.1139 0.0000 -0.9935 0.0000	</row2>
					<row3>	-0.6944 0.4369 5.1163 1.0000	</row3>
				</transform>
			</node>
			<node>
				<identifier>	HP_FX_Flood_water_left_4	</identifier>
				<transform>
					<row0>	-0.9902 0.0000 0.1396 0.0000	</row0>
					<row1>	0.0000 1.0000 0.0000 0.0000	</row1>
					<row2>	-0.1396 0.0000 -0.9902 0.0000	</row2>
					<row3>	-0.6089 0.1997 5.2379 1.0000	</row3>
				</transform>
			</node>
			<node>
				<identifier>	HP_FX_Flood_water_right_4	</identifier>
				<transform>
					<row0>	0.9760 0.0000 0.2178 0.0000	</row0>
					<row1>	0.0000 1.0000 0.0000 0.0000	</row1>
					<row2>	-0.2178 0.0000 0.9760 0.0000	</row2>
					<row3>	0.6126 0.2018 5.2376 1.0000	</row3>
				</transform>
			</node>
			<node>
				<identifier>	HP_FX_WakeTrace	</identifier>
				<transform>
					<row0>	1.0000 0.0000 0.0000 0.0000	</row0>
					<row1>	0.0000 1.0000 0.0000 0.0000	</row1>
					<row2>	0.0000 0.0000 1.0000 0.0000	</row2>
					<row3>	0.0000 0.0000 8.0548 1.0000	</row3>
				</transform>
			</node>
			<node>
				<identifier>	HP_LiftOffPoint	</identifier>
				<transform>
					<row0>	1.0000 0.0000 0.0000 0.0000	</row0>
					<row1>	0.0000 1.0000 0.0000 0.0000	</row1>
					<row2>	0.0000 0.0000 1.0000 0.0000	</row2>
					<row3>	0.0000 0.8220 8.0766 1.0000	</row3>
				</transform>
			</node>
			<node>
				<identifier>	HP_Ship_death_1	</identifier>
				<transform>
					<row0>	1.0000 0.0000 0.0000 0.0000	</row0>
					<row1>	0.0000 1.0000 0.0000 0.0000	</row1>
					<row2>	0.0000 0.0000 1.0000 0.0000	</row2>
					<row3>	0.0000 0.0000 5.0069 1.0000	</row3>
				</transform>
			</node>
			<node>
				<identifier>	MP_CM030_Swab_Rack_2	</identifier>
				<transform>
					<row0>	0.8216 0.0000 0.5700 0.0000	</row0>
					<row1>	0.0000 1.0000 0.0000 0.0000	</row1>
					<row2>	-0.5700 0.0000 0.8216 0.0000	</row2>
					<row3>	-0.4092 0.3295 5.3869 1.0000	</row3>
				</transform>
			</node>
			<node>
				<identifier>	MP_CM051_Fire_Fighting_Gear	</identifier>
				<transform>
					<row0>	-1.0000 0.0000 0.0000 0.0000	</row0>
					<row1>	0.0000 0.0000 1.0000 0.0000	</row1>
					<row2>	0.0000 1.0000 0.0000 0.0000	</row2>
					<row3>	-0.6656 0.7627 6.4192 1.0000	</row3>
				</transform>
			</node>
			<node>
				<identifier>	MP_CM051_Fire_Fighting_Gear_INDEX_1	</identifier>
				<transform>
					<row0>	-0.5709 0.0000 0.8210 0.0000	</row0>
					<row1>	0.8210 0.0000 0.5709 0.0000	</row1>
					<row2>	0.0000 1.0000 0.0000 0.0000	</row2>
					<row3>	-0.4742 0.3373 5.3419 1.0000	</row3>
				</transform>
			</node>
			<node>
				<identifier>	MP_CM051_Fire_Fighting_Gear_INDEX_2	</identifier>
				<transform>
					<row0>	1.0000 0.0000 0.0000 0.0000	</row0>
					<row1>	0.0000 0.0000 -1.0000 0.0000	</row1>
					<row2>	0.0000 1.0000 0.0000 0.0000	</row2>
					<row3>	0.6656 0.7627 8.0187 1.0000	</row3>
				</transform>
			</node>
			<node>
				<identifier>	MP_CM051_Fire_Fighting_Gear_INDEX_3	</identifier>
				<transform>
					<row0>	-0.9908 0.0000 0.1354 0.0000	</row0>
					<row1>	0.1354 0.0000 0.9908 0.0000	</row1>
					<row2>	0.0000 1.0000 0.0000 0.0000	</row2>
					<row3>	-0.7087 0.7627 5.6185 1.0000	</row3>
				</transform>
			</node>
			<node>
				<identifier>	MP_CM051_Fire_Fighting_Gear_INDEX_4	</identifier>
				<transform>
					<row0>	-1.0000 0.0000 0.0000 0.0000	</row0>
					<row1>	0.0000 0.0000 1.0000 0.0000	</row1>
					<row2>	0.0000 1.0000 0.0000 0.0000	</row2>
					<row3>	-0.6656 0.7627 8.0187 1.0000	</row3>
				</transform>
			</node>
			<node>
				<identifier>	MP_CM051_Fire_Fighting_Gear_INDEX_5	</identifier>
				<transform>
					<row0>	-1.0000 0.0000 0.0000 0.0000	</row0>
					<row1>	0.0000 0.0000 1.0000 0.0000	</row1>
					<row2>	0.0000 1.0000 0.0000 0.0000	</row2>
					<row3>	-0.6656 0.7627 7.2165 1.0000	</row3>
				</transform>
			</node>
			<node>
				<identifier>	MP_CM051_Fire_Fighting_Gear_INDEX_6	</identifier>
				<transform>
					<row0>	1.0000 0.0000 0.0000 0.0000	</row0>
					<row1>	0.0000 0.0000 -1.0000 0.0000	</row1>
					<row2>	0.0000 1.0000 0.0000 0.0000	</row2>
					<row3>	0.6656 0.7627 7.2165 1.0000	</row3>
				</transform>
			</node>
			<node>
				<identifier>	MP_CM051_Fire_Fighting_Gear_INDEX_7	</identifier>
				<transform>
					<row0>	1.0000 0.0000 0.0000 0.0000	</row0>
					<row1>	0.0000 0.0000 -1.0000 0.0000	</row1>
					<row2>	0.0000 1.0000 0.0000 0.0000	</row2>
					<row3>	0.6656 0.7627 6.4192 1.0000	</row3>
				</transform>
			</node>
			<node>
				<identifier>	MP_CM051_Fire_Fighting_Gear_INDEX_8	</identifier>
				<transform>
					<row0>	0.9908 0.0000 0.1354 0.0000	</row0>
					<row1>	0.1354 0.0000 -0.9908 0.0000	</row1>
					<row2>	0.0000 1.0000 0.0000 0.0000	</row2>
					<row3>	0.7087 0.7627 5.6185 1.0000	</row3>
				</transform>
			</node>
			<node>
				<identifier>	MP_CM051_Fire_Fighting_Gear_INDEX_9	</identifier>
				<transform>
					<row0>	0.5709 0.0000 0.8210 0.0000	</row0>
					<row1>	0.8210 0.0000 -0.5709 0.0000	</row1>
					<row2>	0.0000 1.0000 0.0000 0.0000	</row2>
					<row3>	0.4433 0.3373 5.3634 1.0000	</row3>
				</transform>
			</node>
			<node>
				<identifier>	MP_CM052_Fender	</identifier>
				<transform>
					<row0>	0.9064 0.0000 -0.4223 0.0000	</row0>
					<row1>	0.0000 1.0000 0.0000 0.0000	</row1>
					<row2>	0.4223 0.0000 0.9064 0.0000	</row2>
					<row3>	0.1389 0.3306 5.5993 1.0000	</row3>
				</transform>
			</node>
			<node>
				<identifier>	MP_CM052_Fender_INDEX_1	</identifier>
				<transform>
					<row0>	0.8407 0.0000 0.5415 0.0000	</row0>
					<row1>	0.0000 1.0000 0.0000 0.0000	</row1>
					<row2>	-0.5415 0.0000 0.8407 0.0000	</row2>
					<row3>	-0.2010 0.3306 5.5668 1.0000	</row3>
				</transform>
			</node>
			<node>
				<identifier>	MP_CM052_Fender_INDEX_2	</identifier>
				<transform>
					<row0>	0.8407 0.0000 -0.5415 0.0000	</row0>
					<row1>	0.0000 1.0000 0.0000 0.0000	</row1>
					<row2>	0.5415 0.0000 0.8407 0.0000	</row2>
					<row3>	0.2010 0.3306 5.5668 1.0000	</row3>
				</transform>
			</node>
			<node>
				<identifier>	MP_CM052_Fender_INDEX_3	</identifier>
				<transform>
					<row0>	0.9064 0.0000 0.4223 0.0000	</row0>
					<row1>	0.0000 1.0000 0.0000 0.0000	</row1>
					<row2>	-0.4223 0.0000 0.9064 0.0000	</row2>
					<row3>	-0.1389 0.3306 5.5993 1.0000	</row3>
				</transform>
			</node>
			<node>
				<identifier>	MP_CM137_Anchor_Up	</identifier>
				<transform>
					<row0>	-0.4899 0.8668 0.0932 0.0000	</row0>
					<row1>	0.1407 0.1841 -0.9728 0.0000	</row1>
					<row2>	-0.8604 -0.4634 -0.2122 0.0000	</row2>
					<row3>	-0.2825 0.3633 7.7427 1.0000	</row3>
				</transform>
			</node>
			<node>
				<identifier>	MP_CM137_Anchor_Up_INDEX_1	</identifier>
				<transform>
					<row0>	-0.4899 -0.8668 -0.0932 0.0000	</row0>
					<row1>	-0.1407 0.1841 -0.9728 0.0000	</row1>
					<row2>	0.8604 -0.4634 -0.2122 0.0000	</row2>
					<row3>	0.2825 0.3633 7.7427 1.0000	</row3>
				</transform>
			</node>
			<node>
				<identifier>	MP_CM137_Anchor_Up_INDEX_2	</identifier>
				<transform>
					<row0>	-0.4323 -0.8730 -0.2258 0.0000	</row0>
					<row1>	-0.0926 0.2920 -0.9519 0.0000	</row1>
					<row2>	0.8969 -0.3907 -0.2071 0.0000	</row2>
					<row3>	0.3438 0.3172 7.3714 1.0000	</row3>
				</transform>
			</node>
			<node>
				<identifier>	MP_CM138_Anchor_Bottom	</identifier>
				<transform>
					<row0>	-0.6134 1.1243 0.1133 0.0000	</row0>
					<row1>	-0.3067 -0.0416 -1.2479 0.0000	</row1>
					<row2>	-1.0875 -0.6224 0.2881 0.0000	</row2>
					<row3>	-0.2789 0.3644 7.7419 1.0000	</row3>
				</transform>
			</node>
			<node>
				<identifier>	MP_CM138_Anchor_Bottom_INDEX_1	</identifier>
				<transform>
					<row0>	-0.6134 -1.1243 -0.1133 0.0000	</row0>
					<row1>	0.3067 -0.0416 -1.2479 0.0000	</row1>
					<row2>	1.0875 -0.6224 0.2881 0.0000	</row2>
					<row3>	0.2789 0.3644 7.7419 1.0000	</row3>
				</transform>
			</node>
			<node>
				<identifier>	MP_CM138_Anchor_Bottom_INDEX_2	</identifier>
				<transform>
					<row0>	-0.5558 -1.1223 -0.2908 0.0000	</row0>
					<row1>	0.3342 0.1537 -1.2319 0.0000	</row1>
					<row2>	1.1101 -0.6081 0.2253 0.0000	</row2>
					<row3>	0.3438 0.3171 7.3714 1.0000	</row3>
				</transform>
			</node>
			<node>
				<identifier>	MP_RM028_Signal_Lamp	</identifier>
				<transform>
					<row0>	1.0000 0.0000 0.0000 0.0000	</row0>
					<row1>	0.0000 0.0000 1.0000 0.0000	</row1>
					<row2>	0.0000 -1.0000 0.0000 0.0000	</row2>
					<row3>	0.6817 0.7653 7.9049 1.0000	</row3>
				</transform>
			</node>
			<node>
				<identifier>	MP_RM209_Red_Star	</identifier>
				<transform>
					<row0>	0.4932 -0.0523 -1.4156 0.0000	</row0>
					<row1>	0.7375 1.2893 0.2092 0.0000	</row1>
					<row2>	1.2095 -0.7648 0.4496 0.0000	</row2>
					<row3>	0.0900 0.3806 8.1443 1.0000	</row3>
				</transform>
			</node>
			<node>
				<identifier>	MP_RM209_Red_Star_INDEX_1	</identifier>
				<transform>
					<row0>	0.4664 0.0355 1.4252 0.0000	</row0>
					<row1>	-0.7467 1.2835 0.2124 0.0000	</row1>
					<row2>	-1.2145 -0.7755 0.4167 0.0000	</row2>
					<row3>	-0.0900 0.3806 8.1443 1.0000	</row3>
				</transform>
			</node>
			<node>
				<identifier>	MP_RM214_Life_Buoy	</identifier>
				<transform>
					<row0>	0.0000 0.0000 1.0000 0.0000	</row0>
					<row1>	0.0000 1.0000 0.0000 0.0000	</row1>
					<row2>	-1.0000 0.0000 0.0000 0.0000	</row2>
					<row3>	0.7296 0.8247 7.5165 1.0000	</row3>
				</transform>
			</node>
			<node>
				<identifier>	MP_RM214_Life_Buoy_INDEX_1	</identifier>
				<transform>
					<row0>	0.0000 0.0000 -1.0000 0.0000	</row0>
					<row1>	0.0000 1.0000 0.0000 0.0000	</row1>
					<row2>	1.0000 0.0000 0.0000 0.0000	</row2>
					<row3>	-0.7296 0.8247 7.5165 1.0000	</row3>
				</transform>
			</node>
			<node>
				<identifier>	MP_RM254_Anchor_Capstan_Stern	</identifier>
				<transform>
					<row0>	1.0000 0.0000 0.0000 0.0000	</row0>
					<row1>	0.0000 1.0000 0.0000 0.0000	</row1>
					<row2>	0.0000 0.0000 1.0000 0.0000	</row2>
					<row3>	-0.1119 0.3331 6.0807 1.0000	</row3>
				</transform>
			</node>
			<node>
				<identifier>	MP_RM254_Anchor_Capstan_Stern_INDEX_1	</identifier>
				<transform>
					<row0>	1.0000 0.0000 0.0000 0.0000	</row0>
					<row1>	0.0000 1.0000 0.0000 0.0000	</row1>
					<row2>	0.0000 0.0000 1.0000 0.0000	</row2>
					<row3>	0.1119 0.3331 6.0807 1.0000	</row3>
				</transform>
			</node>
			<node>
				<identifier>	MP_RM256_Fairled	</identifier>
				<transform>
					<row0>	-1.2941 -0.0073 -0.1239 0.0000	</row0>
					<row1>	0.0000 1.2978 -0.0761 0.0000	</row1>
					<row2>	0.1241 -0.0758 -1.2918 0.0000	</row2>
					<row3>	0.0693 0.3756 6.9357 1.0000	</row3>
				</transform>
			</node>
			<node>
				<identifier>	MP_RM256_Fairled_INDEX_1	</identifier>
				<transform>
					<row0>	-1.2941 0.0073 0.1239 0.0000	</row0>
					<row1>	0.0000 1.2978 -0.0761 0.0000	</row1>
					<row2>	-0.1241 -0.0758 -1.2918 0.0000	</row2>
					<row3>	-0.0693 0.3756 6.9357 1.0000	</row3>
				</transform>
			</node>
			<node>
				<identifier>	MP_RM273_Fire_Hose_Rack_box	</identifier>
				<transform>
					<row0>	0.0000 0.0000 -1.0000 0.0000	</row0>
					<row1>	0.0000 1.0000 0.0000 0.0000	</row1>
					<row2>	1.0000 0.0000 0.0000 0.0000	</row2>
					<row3>	0.6660 0.8023 6.4670 1.0000	</row3>
				</transform>
			</node>
			<node>
				<identifier>	MP_RM273_Fire_Hose_Rack_box_INDEX_1	</identifier>
				<transform>
					<row0>	0.8203 0.0000 -0.5719 0.0000	</row0>
					<row1>	0.0000 1.0000 0.0000 0.0000	</row1>
					<row2>	0.5719 0.0000 0.8203 0.0000	</row2>
					<row3>	0.4780 0.3931 5.3392 1.0000	</row3>
				</transform>
			</node>
			<node>
				<identifier>	MP_RM273_Fire_Hose_Rack_box_INDEX_2	</identifier>
				<transform>
					<row0>	0.1343 0.0000 -0.9909 0.0000	</row0>
					<row1>	0.0000 1.0000 0.0000 0.0000	</row1>
					<row2>	0.9909 0.0000 0.1343 0.0000	</row2>
					<row3>	0.7042 0.8023 5.6528 1.0000	</row3>
				</transform>
			</node>
			<node>
				<identifier>	MP_RM273_Fire_Hose_Rack_box_INDEX_3	</identifier>
				<transform>
					<row0>	0.0000 0.0000 -1.0000 0.0000	</row0>
					<row1>	0.0000 1.0000 0.0000 0.0000	</row1>
					<row2>	1.0000 0.0000 0.0000 0.0000	</row2>
					<row3>	0.6660 0.8023 7.9334 1.0000	</row3>
				</transform>
			</node>
			<node>
				<identifier>	MP_RM273_Fire_Hose_Rack_box_INDEX_4	</identifier>
				<transform>
					<row0>	0.0000 0.0000 1.0000 0.0000	</row0>
					<row1>	0.0000 1.0000 0.0000 0.0000	</row1>
					<row2>	-1.0000 0.0000 0.0000 0.0000	</row2>
					<row3>	-0.6660 0.8023 7.9334 1.0000	</row3>
				</transform>
			</node>
			<node>
				<identifier>	MP_RM273_Fire_Hose_Rack_box_INDEX_5	</identifier>
				<transform>
					<row0>	0.0000 0.0000 1.0000 0.0000	</row0>
					<row1>	0.0000 1.0000 0.0000 0.0000	</row1>
					<row2>	-1.0000 0.0000 0.0000 0.0000	</row2>
					<row3>	-0.6660 0.8023 6.4670 1.0000	</row3>
				</transform>
			</node>
			<node>
				<identifier>	MP_RM273_Fire_Hose_Rack_box_INDEX_6	</identifier>
				<transform>
					<row0>	0.0000 0.0000 -1.0000 0.0000	</row0>
					<row1>	0.0000 1.0000 0.0000 0.0000	</row1>
					<row2>	1.0000 0.0000 0.0000 0.0000	</row2>
					<row3>	0.6660 0.8023 7.1654 1.0000	</row3>
				</transform>
			</node>
			<node>
				<identifier>	MP_RM273_Fire_Hose_Rack_box_INDEX_7	</identifier>
				<transform>
					<row0>	0.1343 0.0000 0.9909 0.0000	</row0>
					<row1>	0.0000 1.0000 0.0000 0.0000	</row1>
					<row2>	-0.9909 0.0000 0.1343 0.0000	</row2>
					<row3>	-0.7042 0.8023 5.6527 1.0000	</row3>
				</transform>
			</node>
			<node>
				<identifier>	MP_RM273_Fire_Hose_Rack_box_INDEX_8	</identifier>
				<transform>
					<row0>	0.8206 0.0000 0.5714 0.0000	</row0>
					<row1>	0.0000 1.0000 0.0000 0.0000	</row1>
					<row2>	-0.5714 0.0000 0.8206 0.0000	</row2>
					<row3>	-0.5144 0.3931 5.3140 1.0000	</row3>
				</transform>
			</node>
			<node>
				<identifier>	MP_RM273_Fire_Hose_Rack_box_INDEX_9	</identifier>
				<transform>
					<row0>	0.0000 0.0000 1.0000 0.0000	</row0>
					<row1>	0.0000 1.0000 0.0000 0.0000	</row1>
					<row2>	-1.0000 0.0000 0.0000 0.0000	</row2>
					<row3>	-0.6660 0.8023 7.1663 1.0000	</row3>
				</transform>
			</node>
			<node>
				<identifier>	MP_RM281_Bollard	</identifier>
				<transform>
					<row0>	1.0000 0.0000 0.0000 0.0000	</row0>
					<row1>	0.0000 0.9981 -0.0621 0.0000	</row1>
					<row2>	0.0000 0.0621 0.9981 0.0000	</row2>
					<row3>	0.0780 0.3889 7.1972 1.0000	</row3>
				</transform>
			</node>
			<node>
				<identifier>	MP_RM281_Bollard_INDEX_1	</identifier>
				<transform>
					<row0>	1.0000 0.0000 0.0000 0.0000	</row0>
					<row1>	0.0000 0.9981 -0.0621 0.0000	</row1>
					<row2>	0.0000 0.0621 0.9981 0.0000	</row2>
					<row3>	-0.0780 0.3889 7.1972 1.0000	</row3>
				</transform>
			</node>
			<node>
				<identifier>	MP_RM281_Bollard_INDEX_2	</identifier>
				<transform>
					<row0>	1.0000 0.0000 0.0000 0.0000	</row0>
					<row1>	0.0000 0.9985 -0.0545 0.0000	</row1>
					<row2>	0.0000 0.0545 0.9985 0.0000	</row2>
					<row3>	0.4126 0.3433 6.3851 1.0000	</row3>
				</transform>
			</node>
			<node>
				<identifier>	MP_RM281_Bollard_INDEX_3	</identifier>
				<transform>
					<row0>	1.0000 0.0000 0.0000 0.0000	</row0>
					<row1>	0.0000 0.9985 -0.0545 0.0000	</row1>
					<row2>	0.0000 0.0545 0.9985 0.0000	</row2>
					<row3>	-0.4126 0.3433 6.3851 1.0000	</row3>
				</transform>
			</node>
			<node>
				<identifier>	MP_RM281_Bollard_INDEX_4	</identifier>
				<transform>
					<row0>	1.0000 0.0000 0.0000 0.0000	</row0>
					<row1>	0.0000 1.0000 0.0000 0.0000	</row1>
					<row2>	0.0000 0.0000 1.0000 0.0000	</row2>
					<row3>	-0.4788 0.3290 5.9009 1.0000	</row3>
				</transform>
			</node>
			<node>
				<identifier>	MP_RM281_Bollard_INDEX_5	</identifier>
				<transform>
					<row0>	1.0000 0.0000 0.0000 0.0000	</row0>
					<row1>	0.0000 1.0000 0.0000 0.0000	</row1>
					<row2>	0.0000 0.0000 1.0000 0.0000	</row2>
					<row3>	0.4788 0.3290 5.9009 1.0000	</row3>
				</transform>
			</node>
			<node>
				<identifier>	MP_RM283_Hatch	</identifier>
				<transform>
					<row0>	-1.0000 0.0000 0.0000 0.0000	</row0>
					<row1>	0.0000 1.0000 0.0000 0.0000	</row1>
					<row2>	0.0000 0.0000 -1.0000 0.0000	</row2>
					<row3>	0.1004 0.4025 7.4855 1.0000	</row3>
				</transform>
			</node>
			<node>
				<identifier>	MP_RM283_Hatch_INDEX_1	</identifier>
				<transform>
					<row0>	-1.0000 0.0000 0.0000 0.0000	</row0>
					<row1>	0.0000 1.0000 0.0000 0.0000	</row1>
					<row2>	0.0000 0.0000 -1.0000 0.0000	</row2>
					<row3>	-0.1182 0.3737 7.0217 1.0000	</row3>
				</transform>
			</node>
			<node>
				<identifier>	MP_RM283_Hatch_INDEX_2	</identifier>
				<transform>
					<row0>	-1.0000 0.0000 0.0000 0.0000	</row0>
					<row1>	0.0000 1.0000 0.0000 0.0000	</row1>
					<row2>	0.0000 0.0000 -1.0000 0.0000	</row2>
					<row3>	0.0349 0.4295 7.8900 1.0000	</row3>
				</transform>
			</node>
			<node>
				<identifier>	MP_RM287_Hatch	</identifier>
				<transform>
					<row0>	-1.0000 0.0000 0.0000 0.0000	</row0>
					<row1>	0.0000 1.0000 0.0000 0.0000	</row1>
					<row2>	0.0000 0.0000 -1.0000 0.0000	</row2>
					<row3>	0.0280 0.3586 6.7070 1.0000	</row3>
				</transform>
			</node>
			<node>
				<identifier>	MP_RM287_Hatch_INDEX_1	</identifier>
				<transform>
					<row0>	-1.0000 0.0000 0.0000 0.0000	</row0>
					<row1>	0.0000 1.0000 0.0000 0.0000	</row1>
					<row2>	0.0000 0.0000 -1.0000 0.0000	</row2>
					<row3>	0.0000 0.3983 7.4223 1.0000	</row3>
				</transform>
			</node>
			<node>
				<identifier>	MP_RM292_Reel	</identifier>
				<transform>
					<row0>	0.6897 0.0000 0.0000 0.0000	</row0>
					<row1>	0.0000 0.6897 0.0000 0.0000	</row1>
					<row2>	0.0000 0.0000 0.6897 0.0000	</row2>
					<row3>	0.0847 0.3287 5.8454 1.0000	</row3>
				</transform>
			</node>
			<node>
				<identifier>	MP_RM292_Reel_INDEX_1	</identifier>
				<transform>
					<row0>	0.6897 0.0000 0.0000 0.0000	</row0>
					<row1>	0.0000 0.6897 0.0000 0.0000	</row1>
					<row2>	0.0000 0.0000 0.6897 0.0000	</row2>
					<row3>	-0.0847 0.3287 5.8454 1.0000	</row3>
				</transform>
			</node>
			<node>
				<identifier>	SP_YMS006_YHBM_L_1	</identifier>
				<transform>
					<row0>	1.1344 0.0000 0.0000 0.0000	</row0>
					<row1>	0.0000 1.1120 0.2247 0.0000	</row1>
					<row2>	0.0000 -0.2247 1.1120 0.0000	</row2>
					<row3>	0.0000 0.4804 8.3546 1.0000	</row3>
				</transform>
			</node>
			<node>
				<identifier>	SP_YMS007_YHBL_L_1	</identifier>
				<transform>
					<row0>	0.9439 0.3303 -0.0043 0.0000	</row0>
					<row1>	-0.3300 0.9434 0.0329 0.0000	</row1>
					<row2>	0.0150 -0.0297 0.9994 0.0000	</row2>
					<row3>	-0.3420 0.6696 8.3790 1.0000	</row3>
				</transform>
			</node>
			<node>
				<identifier>	SP_YMS008_YHBR_L_1	</identifier>
				<transform>
					<row0>	0.9439 -0.3303 0.0043 0.0000	</row0>
					<row1>	0.3300 0.9434 0.0329 0.0000	</row1>
					<row2>	-0.0150 -0.0297 0.9994 0.0000	</row2>
					<row3>	0.3420 0.6696 8.3790 1.0000	</row3>
				</transform>
			</node>
			<node>
				<identifier>	SP_YMS011_YHWL_M_1_INDEX_8	</identifier>
				<transform>
					<row0>	1.2899 0.4702 -0.2738 0.0000	</row0>
					<row1>	-0.4624 1.3186 0.0858 0.0000	</row1>
					<row2>	0.2867 0.0114 1.3703 0.0000	</row2>
					<row3>	-0.3153 0.0000 6.5112 1.0000	</row3>
				</transform>
			</node>
			<node>
				<identifier>	SP_YMS012_YHWR_M_1_INDEX_11	</identifier>
				<transform>
					<row0>	1.2899 -0.4702 0.2738 0.0000	</row0>
					<row1>	0.4624 1.3186 0.0858 0.0000	</row1>
					<row2>	-0.2867 0.0114 1.3703 0.0000	</row2>
					<row3>	0.3153 0.0000 6.5112 1.0000	</row3>
				</transform>
			</node>
			<node>
				<identifier>	SP_YMS013_YHWM_M_1	</identifier>
				<transform>
					<row0>	0.8394 0.0000 0.0000 0.0000	</row0>
					<row1>	0.0000 0.8394 0.0000 0.0000	</row1>
					<row2>	0.0000 0.0000 0.8394 0.0000	</row2>
					<row3>	0.0000 0.0000 8.1553 1.0000	</row3>
				</transform>
			</node>
			<node>
				<identifier>	SP_YMS020_YHBU_M_1	</identifier>
				<transform>
					<row0>	1.0000 0.0000 0.0000 0.0000	</row0>
					<row1>	0.0000 1.6339 0.0000 0.0000	</row1>
					<row2>	0.0000 0.0000 1.6339 0.0000	</row2>
					<row3>	0.0000 0.0000 7.7434 1.0000	</row3>
				</transform>
			</node>
			<node>
				<identifier>	SP_YMS022_YHUS_L_1_INDEX_1	</identifier>
				<transform>
					<row0>	-0.2000 0.0035 0.9798 0.0000	</row0>
					<row1>	0.3437 0.9367 0.0668 0.0000	</row1>
					<row2>	-0.9175 0.3501 -0.1885 0.0000	</row2>
					<row3>	0.2466 -0.4701 5.9211 1.0000	</row3>
				</transform>
			</node>
			<node>
				<identifier>	SP_YMS022_YHUS_L_1_INDEX_2	</identifier>
				<transform>
					<row0>	-0.2000 -0.0035 -0.9798 0.0000	</row0>
					<row1>	-0.3437 0.9367 0.0668 0.0000	</row1>
					<row2>	0.9175 0.3501 -0.1885 0.0000	</row2>
					<row3>	-0.2466 -0.4701 5.9211 1.0000	</row3>
				</transform>
			</node>
			<node>
				<identifier>	SP_YMS055_YHDB_M_1	</identifier>
				<transform>
					<row0>	0.7411 0.0000 0.0000 0.0000	</row0>
					<row1>	0.0000 1.0000 0.0000 0.0000	</row1>
					<row2>	0.0000 0.0000 0.7411 0.0000	</row2>
					<row3>	0.0000 0.8237 8.4187 1.0000	</row3>
				</transform>
			</node>
			<node>
				<identifier>	SP_YMS083_YHSC_L_1_INDEX_4	</identifier>
				<transform>
					<row0>	-0.0567 0.0005 -0.8092 0.0000	</row0>
					<row1>	-0.2433 0.7737 0.0175 0.0000	</row1>
					<row2>	0.7718 0.2440 -0.0540 0.0000	</row2>
					<row3>	-0.6215 0.6154 6.1463 1.0000	</row3>
				</transform>
			</node>
			<node>
				<identifier>	SP_YMS083_YHSC_L_1_INDEX_5	</identifier>
				<transform>
					<row0>	-0.0567 -0.0005 0.8092 0.0000	</row0>
					<row1>	0.2433 0.7737 0.0175 0.0000	</row1>
					<row2>	-0.7718 0.2440 -0.0540 0.0000	</row2>
					<row3>	0.6215 0.6154 6.1463 1.0000	</row3>
				</transform>
			</node>
			<node>
				<identifier>	SP_YMS083_YHSC_L_1_INDEX_6	</identifier>
				<transform>
					<row0>	-0.0579 -0.0065 0.8091 0.0000	</row0>
					<row1>	0.4479 0.6753 0.0375 0.0000	</row1>
					<row2>	-0.6739 0.4494 -0.0446 0.0000	</row2>
					<row3>	0.5652 0.6154 7.0013 1.0000	</row3>
				</transform>
			</node>
			<node>
				<identifier>	SP_YMS083_YHSC_L_1_INDEX_7	</identifier>
				<transform>
					<row0>	-0.0579 0.0065 -0.8091 0.0000	</row0>
					<row1>	-0.4479 0.6753 0.0375 0.0000	</row1>
					<row2>	0.6739 0.4494 -0.0446 0.0000	</row2>
					<row3>	-0.5652 0.6154 7.0013 1.0000	</row3>
				</transform>
			</node>
		</node>
	</node>
	<boundingBox>
		<min>	-0.0667 -0.0667 -0.0667	</min>
		<max>	0.0667 0.0667 0.0667	</max>
	</boundingBox>
</RSA004_Pobeda_1950_Bow_ports.visual>
