<ASC072_Vallejo_1948_Stern_ports.visual>
	<node>
		<identifier>	Scene Root	</identifier>
		<transform>
			<row0>	1.0000 0.0000 0.0000 0.0000	</row0>
			<row1>	0.0000 1.0000 0.0000 0.0000	</row1>
			<row2>	0.0000 0.0000 1.0000 0.0000	</row2>
			<row3>	0.0000 0.0000 0.0000 1.0000	</row3>
		</transform>
		<node>
			<identifier>	Stern_ports	</identifier>
			<transform>
				<row0>	1.0000 0.0000 0.0000 0.0000	</row0>
				<row1>	0.0000 1.0000 0.0000 0.0000	</row1>
				<row2>	0.0000 0.0000 1.0000 0.0000	</row2>
				<row3>	0.0000 0.0000 0.0000 1.0000	</row3>
			</transform>
			<node>
				<identifier>	HP_AD_12	</identifier>
				<transform>
					<row0>	-1.0000 0.0000 0.0000 0.0000	</row0>
					<row1>	0.0000 1.0000 0.0000 0.0000	</row1>
					<row2>	0.0000 0.0000 -1.0000 0.0000	</row2>
					<row3>	-0.2462 0.4792 -6.2498 1.0000	</row3>
				</transform>
			</node>
			<node>
				<identifier>	HP_AD_13	</identifier>
				<transform>
					<row0>	-1.0000 0.0000 0.0000 0.0000	</row0>
					<row1>	0.0000 1.0000 0.0000 0.0000	</row1>
					<row2>	0.0000 0.0000 -1.0000 0.0000	</row2>
					<row3>	0.2462 0.4792 -6.2498 1.0000	</row3>
				</transform>
			</node>
			<node>
				<identifier>	HP_AGA_18	</identifier>
				<transform>
					<row0>	0.0000 0.0000 1.0000 0.0000	</row0>
					<row1>	0.0000 1.0000 0.0000 0.0000	</row1>
					<row2>	-1.0000 0.0000 0.0000 0.0000	</row2>
					<row3>	-0.4435 0.3012 -5.2747 1.0000	</row3>
				</transform>
			</node>
			<node>
				<identifier>	HP_AGA_19	</identifier>
				<transform>
					<row0>	0.0000 0.0000 -1.0000 0.0000	</row0>
					<row1>	0.0000 1.0000 0.0000 0.0000	</row1>
					<row2>	1.0000 0.0000 0.0000 0.0000	</row2>
					<row3>	0.4435 0.3012 -5.2747 1.0000	</row3>
				</transform>
			</node>
			<node>
				<identifier>	HP_AGA_20	</identifier>
				<transform>
					<row0>	-0.7071 0.0000 0.7071 0.0000	</row0>
					<row1>	0.0000 1.0000 0.0000 0.0000	</row1>
					<row2>	-0.7071 0.0000 -0.7071 0.0000	</row2>
					<row3>	-0.4165 0.3067 -5.5177 1.0000	</row3>
				</transform>
			</node>
			<node>
				<identifier>	HP_AGA_21	</identifier>
				<transform>
					<row0>	-0.7071 0.0000 -0.7071 0.0000	</row0>
					<row1>	0.0000 1.0000 0.0000 0.0000	</row1>
					<row2>	0.7071 0.0000 -0.7071 0.0000	</row2>
					<row3>	0.4165 0.3067 -5.5177 1.0000	</row3>
				</transform>
			</node>
			<node>
				<identifier>	HP_AGA_22	</identifier>
				<transform>
					<row0>	-1.0000 0.0000 0.0000 0.0000	</row0>
					<row1>	0.0000 1.0000 0.0000 0.0000	</row1>
					<row2>	0.0000 0.0000 -1.0000 0.0000	</row2>
					<row3>	-0.2777 0.3259 -6.5623 1.0000	</row3>
				</transform>
			</node>
			<node>
				<identifier>	HP_AGA_23	</identifier>
				<transform>
					<row0>	-1.0000 0.0000 0.0000 0.0000	</row0>
					<row1>	0.0000 1.0000 0.0000 0.0000	</row1>
					<row2>	0.0000 0.0000 -1.0000 0.0000	</row2>
					<row3>	0.2777 0.3259 -6.5623 1.0000	</row3>
				</transform>
			</node>
			<node>
				<identifier>	HP_AGM_5	</identifier>
				<transform>
					<row0>	-1.0000 0.0000 0.0000 0.0000	</row0>
					<row1>	0.0000 1.0000 0.0000 0.0000	</row1>
					<row2>	0.0000 0.0000 -1.0000 0.0000	</row2>
					<row3>	0.0000 0.3334 -3.9383 1.0000	</row3>
				</transform>
			</node>
			<node>
				<identifier>	HP_FX_Death_3	</identifier>
				<transform>
					<row0>	1.0000 0.0000 0.0000 0.0000	</row0>
					<row1>	0.0000 1.0000 0.0000 0.0000	</row1>
					<row2>	0.0000 0.0000 1.0000 0.0000	</row2>
					<row3>	0.0000 0.0000 -3.8913 1.0000	</row3>
				</transform>
			</node>
			<node>
				<identifier>	HP_FX_Fire_4	</identifier>
				<transform>
					<row0>	1.0000 0.0000 0.0000 0.0000	</row0>
					<row1>	0.0000 1.0000 0.0000 0.0000	</row1>
					<row2>	0.0000 0.0000 1.0000 0.0000	</row2>
					<row3>	0.0000 0.3769 -5.1679 1.0000	</row3>
				</transform>
			</node>
			<node>
				<identifier>	HP_FX_Fire_4_side_1	</identifier>
				<transform>
					<row0>	1.0000 0.0000 0.0000 0.0000	</row0>
					<row1>	0.0000 1.0000 0.0000 0.0000	</row1>
					<row2>	0.0000 0.0000 1.0000 0.0000	</row2>
					<row3>	-0.4113 0.2957 -4.3098 1.0000	</row3>
				</transform>
			</node>
			<node>
				<identifier>	HP_FX_Flood_water_left_2	</identifier>
				<transform>
					<row0>	-0.9432 -0.3322 0.0000 0.0000	</row0>
					<row1>	-0.3322 0.9432 0.0000 0.0000	</row1>
					<row2>	0.0000 0.0000 -1.0000 0.0000	</row2>
					<row3>	-0.6660 0.0451 -4.4793 1.0000	</row3>
				</transform>
			</node>
			<node>
				<identifier>	HP_FX_Flood_water_right_2	</identifier>
				<transform>
					<row0>	0.9420 -0.3355 0.0000 0.0000	</row0>
					<row1>	0.3355 0.9420 0.0000 0.0000	</row1>
					<row2>	0.0000 0.0000 1.0000 0.0000	</row2>
					<row3>	0.6662 0.0456 -4.4804 1.0000	</row3>
				</transform>
			</node>
			<node>
				<identifier>	HP_FX_RepairLight_left_2	</identifier>
				<transform>
					<row0>	-0.0522 0.0000 0.9986 0.0000	</row0>
					<row1>	-0.1855 0.9826 -0.0097 0.0000	</row1>
					<row2>	-0.9813 -0.1857 -0.0513 0.0000	</row2>
					<row3>	-0.6620 0.2943 -4.3109 1.0000	</row3>
				</transform>
			</node>
			<node>
				<identifier>	HP_FX_WakeTraceBack	</identifier>
				<transform>
					<row0>	1.0000 0.0000 0.0000 0.0000	</row0>
					<row1>	0.0000 1.0000 0.0000 0.0000	</row1>
					<row2>	0.0000 0.0000 1.0000 0.0000	</row2>
					<row3>	0.0000 0.0000 -6.7395 1.0000	</row3>
				</transform>
			</node>
			<node>
				<identifier>	HP_FX_WakeTrace_screw_1	</identifier>
				<transform>
					<row0>	1.0000 0.0000 0.0000 0.0000	</row0>
					<row1>	0.0000 1.0000 0.0000 0.0000	</row1>
					<row2>	0.0000 0.0000 1.0000 0.0000	</row2>
					<row3>	-0.5947 -0.3076 -4.7539 1.0000	</row3>
				</transform>
			</node>
			<node>
				<identifier>	HP_FX_WakeTrace_screw_2	</identifier>
				<transform>
					<row0>	1.0000 0.0000 0.0000 0.0000	</row0>
					<row1>	0.0000 1.0000 0.0000 0.0000	</row1>
					<row2>	0.0000 0.0000 1.0000 0.0000	</row2>
					<row3>	-0.3142 -0.3149 -5.7519 1.0000	</row3>
				</transform>
			</node>
			<node>
				<identifier>	HP_FX_WakeTrace_screw_3	</identifier>
				<transform>
					<row0>	1.0000 0.0000 0.0000 0.0000	</row0>
					<row1>	0.0000 1.0000 0.0000 0.0000	</row1>
					<row2>	0.0000 0.0000 1.0000 0.0000	</row2>
					<row3>	0.3142 -0.3149 -5.7519 1.0000	</row3>
				</transform>
			</node>
			<node>
				<identifier>	HP_FX_WakeTrace_screw_4	</identifier>
				<transform>
					<row0>	1.0000 0.0000 0.0000 0.0000	</row0>
					<row1>	0.0000 1.0000 0.0000 0.0000	</row1>
					<row2>	0.0000 0.0000 1.0000 0.0000	</row2>
					<row3>	0.5947 -0.3076 -4.7539 1.0000	</row3>
				</transform>
			</node>
			<node>
				<identifier>	HP_Ship_death_3	</identifier>
				<transform>
					<row0>	1.0000 0.0000 0.0000 0.0000	</row0>
					<row1>	0.0000 1.0000 0.0000 0.0000	</row1>
					<row2>	0.0000 0.0000 1.0000 0.0000	</row2>
					<row3>	0.0000 0.0000 -3.5388 1.0000	</row3>
				</transform>
			</node>
			<node>
				<identifier>	MP_AM005_Bollard_1	</identifier>
				<transform>
					<row0>	1.6952 0.0300 0.1241 0.0000	</row0>
					<row1>	-0.0319 1.6995 0.0253 0.0000	</row1>
					<row2>	-0.1236 -0.0276 1.6953 0.0000	</row2>
					<row3>	-0.5973 0.2887 -4.6700 1.0000	</row3>
				</transform>
			</node>
			<node>
				<identifier>	MP_AM005_Bollard_1_INDEX_1	</identifier>
				<transform>
					<row0>	1.6952 0.0300 0.1241 0.0000	</row0>
					<row1>	-0.0319 1.6995 0.0253 0.0000	</row1>
					<row2>	-0.1236 -0.0276 1.6953 0.0000	</row2>
					<row3>	-0.4815 0.3177 -6.0490 1.0000	</row3>
				</transform>
			</node>
			<node>
				<identifier>	MP_AM005_Bollard_1_INDEX_2	</identifier>
				<transform>
					<row0>	1.6952 -0.0300 -0.1241 0.0000	</row0>
					<row1>	0.0319 1.6995 0.0253 0.0000	</row1>
					<row2>	0.1236 -0.0276 1.6953 0.0000	</row2>
					<row3>	0.5973 0.2887 -4.6700 1.0000	</row3>
				</transform>
			</node>
			<node>
				<identifier>	MP_AM005_Bollard_1_INDEX_3	</identifier>
				<transform>
					<row0>	1.6952 -0.0300 -0.1241 0.0000	</row0>
					<row1>	0.0319 1.6995 0.0253 0.0000	</row1>
					<row2>	0.1236 -0.0276 1.6953 0.0000	</row2>
					<row3>	0.4815 0.3177 -6.0490 1.0000	</row3>
				</transform>
			</node>
			<node>
				<identifier>	MP_AM006_Reels_1	</identifier>
				<transform>
					<row0>	1.0000 0.0000 0.0000 0.0000	</row0>
					<row1>	0.0000 1.0000 0.0000 0.0000	</row1>
					<row2>	0.0000 0.0000 1.0000 0.0000	</row2>
					<row3>	-0.0472 0.3003 -4.8322 1.0000	</row3>
				</transform>
			</node>
			<node>
				<identifier>	MP_AM006_Reels_1_INDEX_1	</identifier>
				<transform>
					<row0>	1.0000 0.0000 0.0000 0.0000	</row0>
					<row1>	0.0000 1.0000 0.0000 0.0000	</row1>
					<row2>	0.0000 0.0000 1.0000 0.0000	</row2>
					<row3>	0.0472 0.3003 -4.8322 1.0000	</row3>
				</transform>
			</node>
			<node>
				<identifier>	MP_AM010_Speaker_1	</identifier>
				<transform>
					<row0>	0.4867 0.0000 -0.1145 0.0000	</row0>
					<row1>	0.0000 0.5000 0.0000 0.0000	</row1>
					<row2>	0.1145 0.0000 0.4867 0.0000	</row2>
					<row3>	-0.4193 0.3877 -5.1902 1.0000	</row3>
				</transform>
			</node>
			<node>
				<identifier>	MP_AM010_Speaker_1_INDEX_1	</identifier>
				<transform>
					<row0>	-0.2401 0.0000 -0.4386 0.0000	</row0>
					<row1>	0.0000 0.5000 0.0000 0.0000	</row1>
					<row2>	0.4386 0.0000 -0.2401 0.0000	</row2>
					<row3>	-0.3387 0.3908 -5.5638 1.0000	</row3>
				</transform>
			</node>
			<node>
				<identifier>	MP_AM010_Speaker_1_INDEX_2	</identifier>
				<transform>
					<row0>	0.4867 0.0000 0.1145 0.0000	</row0>
					<row1>	0.0000 0.5000 0.0000 0.0000	</row1>
					<row2>	-0.1145 0.0000 0.4867 0.0000	</row2>
					<row3>	0.4193 0.3877 -5.1902 1.0000	</row3>
				</transform>
			</node>
			<node>
				<identifier>	MP_AM010_Speaker_1_INDEX_3	</identifier>
				<transform>
					<row0>	0.4181 0.0000 -0.2743 0.0000	</row0>
					<row1>	0.0000 0.5000 0.0000 0.0000	</row1>
					<row2>	0.2743 0.0000 0.4181 0.0000	</row2>
					<row3>	0.2069 0.5165 -6.3135 1.0000	</row3>
				</transform>
			</node>
			<node>
				<identifier>	MP_AM010_Speaker_1_INDEX_4	</identifier>
				<transform>
					<row0>	-0.2401 0.0000 0.4386 0.0000	</row0>
					<row1>	0.0000 0.5000 0.0000 0.0000	</row1>
					<row2>	-0.4386 0.0000 -0.2401 0.0000	</row2>
					<row3>	0.3387 0.3908 -5.5638 1.0000	</row3>
				</transform>
			</node>
			<node>
				<identifier>	MP_AM023_Hatch_1	</identifier>
				<transform>
					<row0>	0.0000 0.0000 1.0000 0.0000	</row0>
					<row1>	0.0000 1.0000 0.0000 0.0000	</row1>
					<row2>	-1.0000 0.0000 0.0000 0.0000	</row2>
					<row3>	-0.1025 0.2827 -3.6875 1.0000	</row3>
				</transform>
			</node>
			<node>
				<identifier>	MP_AM024_Hatch_2	</identifier>
				<transform>
					<row0>	-1.0000 0.0000 0.0000 0.0000	</row0>
					<row1>	0.0000 1.0000 0.0000 0.0000	</row1>
					<row2>	0.0000 0.0000 -1.0000 0.0000	</row2>
					<row3>	-0.3405 0.2805 -3.5404 1.0000	</row3>
				</transform>
			</node>
			<node>
				<identifier>	MP_AM024_Hatch_2_INDEX_1	</identifier>
				<transform>
					<row0>	-1.0000 0.0000 0.0000 0.0000	</row0>
					<row1>	0.0000 1.0000 0.0000 0.0000	</row1>
					<row2>	0.0000 0.0000 -1.0000 0.0000	</row2>
					<row3>	-0.3704 0.2883 -4.5847 1.0000	</row3>
				</transform>
			</node>
			<node>
				<identifier>	MP_AM024_Hatch_2_INDEX_2	</identifier>
				<transform>
					<row0>	-1.0000 0.0000 0.0000 0.0000	</row0>
					<row1>	0.0000 1.0000 0.0000 0.0000	</row1>
					<row2>	0.0000 0.0000 -1.0000 0.0000	</row2>
					<row3>	0.0353 0.3175 -5.7190 1.0000	</row3>
				</transform>
			</node>
			<node>
				<identifier>	MP_AM024_Hatch_2_INDEX_3	</identifier>
				<transform>
					<row0>	-1.0000 0.0000 0.0000 0.0000	</row0>
					<row1>	0.0000 1.0000 0.0000 0.0000	</row1>
					<row2>	0.0000 0.0000 -1.0000 0.0000	</row2>
					<row3>	0.2776 0.2916 -4.5851 1.0000	</row3>
				</transform>
			</node>
			<node>
				<identifier>	MP_AM046_Running_Lights_B	</identifier>
				<transform>
					<row0>	-1.0000 0.0000 0.0000 0.0000	</row0>
					<row1>	0.0000 1.0000 0.0000 0.0000	</row1>
					<row2>	0.0000 0.0000 -1.0000 0.0000	</row2>
					<row3>	0.0000 0.2400 -6.8125 1.0000	</row3>
				</transform>
			</node>
			<node>
				<identifier>	MP_AM046_Running_Lights_B_INDEX_1	</identifier>
				<transform>
					<row0>	-1.0000 0.0000 0.0000 0.0000	</row0>
					<row1>	0.0000 1.0000 0.0000 0.0000	</row1>
					<row2>	0.0000 0.0000 -1.0000 0.0000	</row2>
					<row3>	0.0000 0.2729 -6.8186 1.0000	</row3>
				</transform>
			</node>
			<node>
				<identifier>	MP_AM049_Signal_Lamp_1	</identifier>
				<transform>
					<row0>	1.2000 0.0000 0.0000 0.0000	</row0>
					<row1>	0.0000 1.1656 -0.2854 0.0000	</row1>
					<row2>	0.0000 0.2854 1.1656 0.0000	</row2>
					<row3>	0.0000 0.5915 -6.8676 1.0000	</row3>
				</transform>
			</node>
			<node>
				<identifier>	MP_AM058_Boat_4	</identifier>
				<transform>
					<row0>	0.9999 0.0156 0.0000 0.0000	</row0>
					<row1>	-0.0156 0.9996 0.0224 0.0000	</row1>
					<row2>	0.0004 -0.0224 0.9997 0.0000	</row2>
					<row3>	-0.3204 0.3165 -5.8444 1.0000	</row3>
				</transform>
			</node>
			<node>
				<identifier>	MP_AM058_Boat_4_INDEX_1	</identifier>
				<transform>
					<row0>	0.9999 -0.0156 0.0000 0.0000	</row0>
					<row1>	0.0156 0.9996 0.0224 0.0000	</row1>
					<row2>	-0.0004 -0.0224 0.9997 0.0000	</row2>
					<row3>	0.3204 0.3165 -5.8444 1.0000	</row3>
				</transform>
			</node>
			<node>
				<identifier>	MP_AM059_Boat_5	</identifier>
				<transform>
					<row0>	0.0000 0.0185 -0.9998 0.0000	</row0>
					<row1>	0.0159 0.9997 0.0185 0.0000	</row1>
					<row2>	0.9999 -0.0159 -0.0003 0.0000	</row2>
					<row3>	0.4566 0.2962 -4.9563 1.0000	</row3>
				</transform>
			</node>
			<node>
				<identifier>	MP_AM059_Boat_5_INDEX_1	</identifier>
				<transform>
					<row0>	0.0000 -0.0185 0.9998 0.0000	</row0>
					<row1>	-0.0159 0.9997 0.0185 0.0000	</row1>
					<row2>	-0.9999 -0.0159 -0.0003 0.0000	</row2>
					<row3>	-0.4566 0.2962 -4.9563 1.0000	</row3>
				</transform>
			</node>
			<node>
				<identifier>	MP_AM059_Boat_5_INDEX_2	</identifier>
				<transform>
					<row0>	0.0000 0.0185 -0.9998 0.0000	</row0>
					<row1>	0.0181 0.9997 0.0185 0.0000	</row1>
					<row2>	0.9998 -0.0181 -0.0003 0.0000	</row2>
					<row3>	0.4466 0.2986 -5.0943 1.0000	</row3>
				</transform>
			</node>
			<node>
				<identifier>	MP_AM059_Boat_5_INDEX_3	</identifier>
				<transform>
					<row0>	0.0000 -0.0185 0.9998 0.0000	</row0>
					<row1>	-0.0181 0.9997 0.0185 0.0000	</row1>
					<row2>	-0.9998 -0.0181 -0.0003 0.0000	</row2>
					<row3>	-0.4466 0.2986 -5.0943 1.0000	</row3>
				</transform>
			</node>
			<node>
				<identifier>	MP_AM148_Hatch_8	</identifier>
				<transform>
					<row0>	1.0000 0.0000 0.0000 0.0000	</row0>
					<row1>	0.0000 1.0000 0.0000 0.0000	</row1>
					<row2>	0.0000 0.0000 1.0000 0.0000	</row2>
					<row3>	0.0360 0.2941 -4.2572 1.0000	</row3>
				</transform>
			</node>
			<node>
				<identifier>	MP_AM157_Telephone	</identifier>
				<transform>
					<row0>	0.0190 0.0000 0.9998 0.0000	</row0>
					<row1>	0.0000 1.0000 0.0000 0.0000	</row1>
					<row2>	-0.9998 0.0000 0.0190 0.0000	</row2>
					<row3>	0.3111 0.3755 -5.5174 1.0000	</row3>
				</transform>
			</node>
			<node>
				<identifier>	MP_AM157_Telephone_INDEX_1	</identifier>
				<transform>
					<row0>	0.0190 0.0000 -0.9998 0.0000	</row0>
					<row1>	0.0000 1.0000 0.0000 0.0000	</row1>
					<row2>	0.9998 0.0000 0.0190 0.0000	</row2>
					<row3>	-0.3111 0.3755 -5.5174 1.0000	</row3>
				</transform>
			</node>
			<node>
				<identifier>	MP_AM157_Telephone_INDEX_2	</identifier>
				<transform>
					<row0>	0.8606 0.0000 0.5092 0.0000	</row0>
					<row1>	0.0000 1.0000 0.0000 0.0000	</row1>
					<row2>	-0.5092 0.0000 0.8606 0.0000	</row2>
					<row3>	-0.3819 0.3961 -6.3758 1.0000	</row3>
				</transform>
			</node>
			<node>
				<identifier>	MP_AM157_Telephone_INDEX_3	</identifier>
				<transform>
					<row0>	0.8606 0.0000 -0.5092 0.0000	</row0>
					<row1>	0.0000 1.0000 0.0000 0.0000	</row1>
					<row2>	0.5092 0.0000 0.8606 0.0000	</row2>
					<row3>	0.3819 0.3961 -6.3758 1.0000	</row3>
				</transform>
			</node>
			<node>
				<identifier>	MP_AM157_Telephone_INDEX_4	</identifier>
				<transform>
					<row0>	1.0000 0.0000 0.0000 0.0000	</row0>
					<row1>	0.0000 1.0000 0.0000 0.0000	</row1>
					<row2>	0.0000 0.0000 1.0000 0.0000	</row2>
					<row3>	-0.2251 0.5330 -6.1726 1.0000	</row3>
				</transform>
			</node>
			<node>
				<identifier>	MP_AM157_Telephone_INDEX_5	</identifier>
				<transform>
					<row0>	1.0000 0.0000 0.0000 0.0000	</row0>
					<row1>	0.0000 1.0000 0.0000 0.0000	</row1>
					<row2>	0.0000 0.0000 1.0000 0.0000	</row2>
					<row3>	0.2251 0.5330 -6.1726 1.0000	</row3>
				</transform>
			</node>
			<node>
				<identifier>	MP_AM169_Ventilation_5	</identifier>
				<transform>
					<row0>	1.0000 0.0000 0.0000 0.0000	</row0>
					<row1>	0.0000 1.0000 0.0000 0.0000	</row1>
					<row2>	0.0000 0.0000 1.0000 0.0000	</row2>
					<row3>	0.3673 0.3216 -6.2135 1.0000	</row3>
				</transform>
			</node>
			<node>
				<identifier>	MP_AM2026_Ammunition_Box	</identifier>
				<transform>
					<row0>	1.0000 0.0000 0.0000 0.0000	</row0>
					<row1>	0.0000 1.0000 0.0000 0.0000	</row1>
					<row2>	0.0000 0.0000 1.0000 0.0000	</row2>
					<row3>	0.1558 0.3307 -6.2892 1.0000	</row3>
				</transform>
			</node>
			<node>
				<identifier>	MP_AM2026_Ammunition_Box_INDEX_1	</identifier>
				<transform>
					<row0>	0.0000 0.0000 1.0000 0.0000	</row0>
					<row1>	0.0000 1.0000 0.0000 0.0000	</row1>
					<row2>	-1.0000 0.0000 0.0000 0.0000	</row2>
					<row3>	-0.2514 0.3254 -6.1326 1.0000	</row3>
				</transform>
			</node>
			<node>
				<identifier>	MP_AM2026_Ammunition_Box_INDEX_2	</identifier>
				<transform>
					<row0>	0.0000 0.0000 -1.0000 0.0000	</row0>
					<row1>	0.0000 1.0000 0.0000 0.0000	</row1>
					<row2>	1.0000 0.0000 0.0000 0.0000	</row2>
					<row3>	0.2514 0.3254 -6.1337 1.0000	</row3>
				</transform>
			</node>
			<node>
				<identifier>	MP_AM2026_Ammunition_Box_INDEX_3	</identifier>
				<transform>
					<row0>	1.0000 0.0000 0.0000 0.0000	</row0>
					<row1>	0.0000 1.0000 0.0000 0.0000	</row1>
					<row2>	0.0000 0.0000 1.0000 0.0000	</row2>
					<row3>	-0.1558 0.3307 -6.2876 1.0000	</row3>
				</transform>
			</node>
			<node>
				<identifier>	MP_AM415_Hatch	</identifier>
				<transform>
					<row0>	-1.0000 0.0000 0.0000 0.0000	</row0>
					<row1>	0.0000 1.0000 0.0000 0.0000	</row1>
					<row2>	0.0000 0.0000 -1.0000 0.0000	</row2>
					<row3>	-0.0233 0.3259 -6.7003 1.0000	</row3>
				</transform>
			</node>
			<node>
				<identifier>	MP_AM415_Hatch_INDEX_1	</identifier>
				<transform>
					<row0>	-1.0000 0.0000 0.0000 0.0000	</row0>
					<row1>	0.0000 1.0000 0.0000 0.0000	</row1>
					<row2>	0.0000 0.0000 -1.0000 0.0000	</row2>
					<row3>	0.0645 0.3279 -6.5996 1.0000	</row3>
				</transform>
			</node>
			<node>
				<identifier>	MP_AM442_Multipole_Switch	</identifier>
				<transform>
					<row0>	-0.7623 0.0000 0.6473 0.0000	</row0>
					<row1>	0.0000 1.0000 0.0000 0.0000	</row1>
					<row2>	-0.6473 0.0000 -0.7623 0.0000	</row2>
					<row3>	0.4100 0.3796 -6.3933 1.0000	</row3>
				</transform>
			</node>
			<node>
				<identifier>	MP_AM442_Multipole_Switch_INDEX_1	</identifier>
				<transform>
					<row0>	-0.7623 0.0000 -0.6473 0.0000	</row0>
					<row1>	0.0000 1.0000 0.0000 0.0000	</row1>
					<row2>	0.6473 0.0000 -0.7623 0.0000	</row2>
					<row3>	-0.4100 0.3796 -6.3933 1.0000	</row3>
				</transform>
			</node>
			<node>
				<identifier>	MP_AM549_Life_Buoy	</identifier>
				<transform>
					<row0>	0.3228 0.0000 0.9465 0.0000	</row0>
					<row1>	0.0000 1.0000 0.0000 0.0000	</row1>
					<row2>	-0.9465 0.0000 0.3228 0.0000	</row2>
					<row3>	0.3365 0.3950 -6.3522 1.0000	</row3>
				</transform>
			</node>
			<node>
				<identifier>	MP_AM549_Life_Buoy_INDEX_1	</identifier>
				<transform>
					<row0>	-0.3228 0.0000 0.9465 0.0000	</row0>
					<row1>	0.0000 1.0000 0.0000 0.0000	</row1>
					<row2>	-0.9465 0.0000 -0.3228 0.0000	</row2>
					<row3>	-0.3365 0.3950 -6.3522 1.0000	</row3>
				</transform>
			</node>
			<node>
				<identifier>	MP_AM608_Wake_Light	</identifier>
				<transform>
					<row0>	-1.0000 0.0000 0.0000 0.0000	</row0>
					<row1>	0.0000 0.9934 0.1144 0.0000	</row1>
					<row2>	0.0000 0.1144 -0.9934 0.0000	</row2>
					<row3>	0.0000 0.3446 -6.8338 1.0000	</row3>
				</transform>
			</node>
			<node>
				<identifier>	MP_AM686_Floater_Net_Basket_Wide	</identifier>
				<transform>
					<row0>	0.0000 -0.0247 1.0997 0.0000	</row0>
					<row1>	0.0000 1.0997 0.0247 0.0000	</row1>
					<row2>	-1.1000 0.0000 0.0000 0.0000	</row2>
					<row3>	0.0317 0.3081 -5.2843 1.0000	</row3>
				</transform>
			</node>
			<node>
				<identifier>	MP_AM686_Floater_Net_Basket_Wide_INDEX_1	</identifier>
				<transform>
					<row0>	-1.1000 0.0000 0.0000 0.0000	</row0>
					<row1>	0.0000 1.0997 0.0254 0.0000	</row1>
					<row2>	0.0000 0.0254 -1.0997 0.0000	</row2>
					<row3>	0.0085 0.3116 -5.4682 1.0000	</row3>
				</transform>
			</node>
			<node>
				<identifier>	MP_AM720_Helmets_Rack	</identifier>
				<transform>
					<row0>	-0.9761 0.0000 0.2175 0.0000	</row0>
					<row1>	0.0000 1.0000 0.0000 0.0000	</row1>
					<row2>	-0.2175 0.0000 -0.9761 0.0000	</row2>
					<row3>	0.2982 0.3651 -6.3466 1.0000	</row3>
				</transform>
			</node>
			<node>
				<identifier>	MP_AM720_Helmets_Rack_INDEX_1	</identifier>
				<transform>
					<row0>	-0.2595 0.0000 0.9657 0.0000	</row0>
					<row1>	0.0000 1.0000 0.0000 0.0000	</row1>
					<row2>	-0.9657 0.0000 -0.2595 0.0000	</row2>
					<row3>	-0.3430 0.3401 -5.2482 1.0000	</row3>
				</transform>
			</node>
			<node>
				<identifier>	MP_AM720_Helmets_Rack_INDEX_2	</identifier>
				<transform>
					<row0>	-0.2595 0.0000 -0.9657 0.0000	</row0>
					<row1>	0.0000 1.0000 0.0000 0.0000	</row1>
					<row2>	0.9657 0.0000 -0.2595 0.0000	</row2>
					<row3>	0.3430 0.3401 -5.2482 1.0000	</row3>
				</transform>
			</node>
			<node>
				<identifier>	MP_AM720_Helmets_Rack_INDEX_3	</identifier>
				<transform>
					<row0>	-0.9761 0.0000 -0.2175 0.0000	</row0>
					<row1>	0.0000 1.0000 0.0000 0.0000	</row1>
					<row2>	0.2175 0.0000 -0.9761 0.0000	</row2>
					<row3>	-0.2982 0.3651 -6.3466 1.0000	</row3>
				</transform>
			</node>
			<node>
				<identifier>	MP_AM722_Ammobox_big	</identifier>
				<transform>
					<row0>	0.4443 0.0000 0.8959 0.0000	</row0>
					<row1>	0.0000 1.0000 0.0000 0.0000	</row1>
					<row2>	-0.8959 0.0000 0.4443 0.0000	</row2>
					<row3>	0.3270 0.3020 -5.1941 1.0000	</row3>
				</transform>
			</node>
			<node>
				<identifier>	MP_AM722_Ammobox_big_INDEX_1	</identifier>
				<transform>
					<row0>	0.0000 0.0000 1.0000 0.0000	</row0>
					<row1>	0.0000 1.0000 0.0000 0.0000	</row1>
					<row2>	-1.0000 0.0000 0.0000 0.0000	</row2>
					<row3>	0.2763 0.3110 -5.5689 1.0000	</row3>
				</transform>
			</node>
			<node>
				<identifier>	MP_AM722_Ammobox_big_INDEX_2	</identifier>
				<transform>
					<row0>	0.4443 0.0000 -0.8959 0.0000	</row0>
					<row1>	0.0000 1.0000 0.0000 0.0000	</row1>
					<row2>	0.8959 0.0000 0.4443 0.0000	</row2>
					<row3>	-0.3270 0.3020 -5.1941 1.0000	</row3>
				</transform>
			</node>
			<node>
				<identifier>	MP_AM722_Ammobox_big_INDEX_3	</identifier>
				<transform>
					<row0>	0.0000 0.0000 -1.0000 0.0000	</row0>
					<row1>	0.0000 1.0000 0.0000 0.0000	</row1>
					<row2>	1.0000 0.0000 0.0000 0.0000	</row2>
					<row3>	-0.2763 0.3110 -5.5689 1.0000	</row3>
				</transform>
			</node>
			<node>
				<identifier>	MP_AM730_Winch	</identifier>
				<transform>
					<row0>	-1.0000 0.0000 0.0000 0.0000	</row0>
					<row1>	0.0000 0.9998 0.0188 0.0000	</row1>
					<row2>	0.0000 0.0188 -0.9998 0.0000	</row2>
					<row3>	-0.1176 0.3050 -4.9907 1.0000	</row3>
				</transform>
			</node>
			<node>
				<identifier>	MP_AM730_Winch_INDEX_1	</identifier>
				<transform>
					<row0>	-1.0000 0.0000 0.0000 0.0000	</row0>
					<row1>	0.0000 0.9998 0.0188 0.0000	</row1>
					<row2>	0.0000 0.0188 -0.9998 0.0000	</row2>
					<row3>	0.1659 0.2989 -4.6885 1.0000	</row3>
				</transform>
			</node>
			<node>
				<identifier>	MP_CM002_Propeller4_L	</identifier>
				<transform>
					<row0>	0.9998 -0.0004 -0.0175 0.0000	</row0>
					<row1>	-0.0004 0.9991 -0.0420 0.0000	</row1>
					<row2>	0.0175 0.0420 0.9990 0.0000	</row2>
					<row3>	-0.3142 -0.3149 -5.7519 1.0000	</row3>
				</transform>
			</node>
			<node>
				<identifier>	MP_CM002_Propeller4_L_INDEX_1	</identifier>
				<transform>
					<row0>	0.9986 -0.0001 -0.0524 0.0000	</row0>
					<row1>	-0.0017 0.9994 -0.0348 0.0000	</row1>
					<row2>	0.0523 0.0349 0.9980 0.0000	</row2>
					<row3>	-0.5947 -0.3076 -4.7539 1.0000	</row3>
				</transform>
			</node>
			<node>
				<identifier>	MP_CM010_Fire_Hose_Reel	</identifier>
				<transform>
					<row0>	0.0000 -1.0000 0.0000 0.0000	</row0>
					<row1>	0.0000 0.0000 1.0000 0.0000	</row1>
					<row2>	-1.0000 0.0000 0.0000 0.0000	</row2>
					<row3>	0.0199 0.3174 -5.6439 1.0000	</row3>
				</transform>
			</node>
			<node>
				<identifier>	MP_CM010_Fire_Hose_Reel_INDEX_1	</identifier>
				<transform>
					<row0>	0.0000 -1.0000 0.0000 0.0000	</row0>
					<row1>	-0.6550 0.0000 0.7556 0.0000	</row1>
					<row2>	-0.7556 0.0000 -0.6550 0.0000	</row2>
					<row3>	-0.3340 0.3112 -5.6153 1.0000	</row3>
				</transform>
			</node>
			<node>
				<identifier>	MP_CM010_Fire_Hose_Reel_INDEX_2	</identifier>
				<transform>
					<row0>	0.0000 -1.0000 0.0000 0.0000	</row0>
					<row1>	0.6550 0.0000 0.7556 0.0000	</row1>
					<row2>	-0.7556 0.0000 0.6550 0.0000	</row2>
					<row3>	0.3340 0.3112 -5.6153 1.0000	</row3>
				</transform>
			</node>
			<node>
				<identifier>	MP_CM010_Fire_Hose_Reel_INDEX_3	</identifier>
				<transform>
					<row0>	0.0000 -1.0000 0.0000 0.0000	</row0>
					<row1>	0.0000 0.0000 1.0000 0.0000	</row1>
					<row2>	-1.0000 0.0000 0.0000 0.0000	</row2>
					<row3>	0.0403 0.3290 -6.5135 1.0000	</row3>
				</transform>
			</node>
			<node>
				<identifier>	MP_CM011_Fire_Fighting_Gear	</identifier>
				<transform>
					<row0>	-1.0000 0.0000 0.0000 0.0000	</row0>
					<row1>	0.0000 1.0000 0.0000 0.0000	</row1>
					<row2>	0.0000 0.0000 -1.0000 0.0000	</row2>
					<row3>	-0.0209 0.3215 -5.6670 1.0000	</row3>
				</transform>
			</node>
			<node>
				<identifier>	MP_CM011_Fire_Fighting_Gear_INDEX_1	</identifier>
				<transform>
					<row0>	0.7071 0.0000 0.7071 0.0000	</row0>
					<row1>	0.0000 1.0000 0.0000 0.0000	</row1>
					<row2>	-0.7071 0.0000 0.7071 0.0000	</row2>
					<row3>	-0.3739 0.3157 -5.6297 1.0000	</row3>
				</transform>
			</node>
			<node>
				<identifier>	MP_CM011_Fire_Fighting_Gear_INDEX_2	</identifier>
				<transform>
					<row0>	0.7071 0.0000 -0.7071 0.0000	</row0>
					<row1>	0.0000 1.0000 0.0000 0.0000	</row1>
					<row2>	0.7071 0.0000 0.7071 0.0000	</row2>
					<row3>	0.3739 0.3157 -5.6297 1.0000	</row3>
				</transform>
			</node>
			<node>
				<identifier>	MP_CM011_Fire_Fighting_Gear_INDEX_3	</identifier>
				<transform>
					<row0>	0.0000 0.0000 -1.0000 0.0000	</row0>
					<row1>	0.0000 1.0000 0.0000 0.0000	</row1>
					<row2>	1.0000 0.0000 0.0000 0.0000	</row2>
					<row3>	0.0674 0.3316 -6.5507 1.0000	</row3>
				</transform>
			</node>
			<node>
				<identifier>	MP_CM029_Emergency_Box	</identifier>
				<transform>
					<row0>	0.9539 0.0000 -0.3000 0.0000	</row0>
					<row1>	0.0000 1.0000 0.0000 0.0000	</row1>
					<row2>	0.3000 0.0000 0.9539 0.0000	</row2>
					<row3>	0.3345 0.3892 -6.3611 1.0000	</row3>
				</transform>
			</node>
			<node>
				<identifier>	MP_CM029_Emergency_Box_INDEX_1	</identifier>
				<transform>
					<row0>	0.7120 0.0000 -0.7022 0.0000	</row0>
					<row1>	0.0000 1.0000 0.0000 0.0000	</row1>
					<row2>	0.7022 0.0000 0.7120 0.0000	</row2>
					<row3>	-0.3743 0.3679 -5.2053 1.0000	</row3>
				</transform>
			</node>
			<node>
				<identifier>	MP_CM029_Emergency_Box_INDEX_2	</identifier>
				<transform>
					<row0>	0.9539 0.0000 0.3000 0.0000	</row0>
					<row1>	0.0000 1.0000 0.0000 0.0000	</row1>
					<row2>	-0.3000 0.0000 0.9539 0.0000	</row2>
					<row3>	-0.3345 0.3892 -6.3611 1.0000	</row3>
				</transform>
			</node>
			<node>
				<identifier>	MP_CM029_Emergency_Box_INDEX_3	</identifier>
				<transform>
					<row0>	0.7120 0.0000 0.7022 0.0000	</row0>
					<row1>	0.0000 1.0000 0.0000 0.0000	</row1>
					<row2>	-0.7022 0.0000 0.7120 0.0000	</row2>
					<row3>	0.3743 0.3679 -5.2053 1.0000	</row3>
				</transform>
			</node>
			<node>
				<identifier>	MP_CM033_Propeller4_R	</identifier>
				<transform>
					<row0>	0.9998 0.0004 0.0175 0.0000	</row0>
					<row1>	0.0004 0.9991 -0.0420 0.0000	</row1>
					<row2>	-0.0175 0.0420 0.9990 0.0000	</row2>
					<row3>	0.3142 -0.3149 -5.7519 1.0000	</row3>
				</transform>
			</node>
			<node>
				<identifier>	MP_CM033_Propeller4_R_INDEX_1	</identifier>
				<transform>
					<row0>	0.9986 0.0001 0.0524 0.0000	</row0>
					<row1>	0.0017 0.9994 -0.0348 0.0000	</row1>
					<row2>	-0.0523 0.0349 0.9980 0.0000	</row2>
					<row3>	0.5947 -0.3076 -4.7539 1.0000	</row3>
				</transform>
			</node>
			<node>
				<identifier>	SP_YMS011_YHWL_M_1	</identifier>
				<transform>
					<row0>	0.9961 0.0000 0.0880 0.0000	</row0>
					<row1>	0.0000 1.0000 0.0000 0.0000	</row1>
					<row2>	-0.0880 0.0000 0.9961 0.0000	</row2>
					<row3>	-0.5232 0.0000 -6.2358 1.0000	</row3>
				</transform>
			</node>
			<node>
				<identifier>	SP_YMS011_YHWL_M_1_INDEX_15	</identifier>
				<transform>
					<row0>	0.9974 0.0000 0.0718 0.0000	</row0>
					<row1>	0.0000 1.0000 0.0000 0.0000	</row1>
					<row2>	-0.0718 0.0000 0.9974 0.0000	</row2>
					<row3>	-0.6086 0.0000 -5.3123 1.0000	</row3>
				</transform>
			</node>
			<node>
				<identifier>	SP_YMS011_YHWL_M_1_INDEX_8	</identifier>
				<transform>
					<row0>	0.9990 0.0000 0.0448 0.0000	</row0>
					<row1>	0.0000 1.0000 0.0000 0.0000	</row1>
					<row2>	-0.0448 0.0000 0.9990 0.0000	</row2>
					<row3>	-0.6745 0.0000 -4.3877 1.0000	</row3>
				</transform>
			</node>
			<node>
				<identifier>	SP_YMS012_YHWR_M_1_INDEX_1	</identifier>
				<transform>
					<row0>	0.9961 0.0000 -0.0880 0.0000	</row0>
					<row1>	0.0000 1.0000 0.0000 0.0000	</row1>
					<row2>	0.0880 0.0000 0.9961 0.0000	</row2>
					<row3>	0.5232 0.0000 -6.2358 1.0000	</row3>
				</transform>
			</node>
			<node>
				<identifier>	SP_YMS012_YHWR_M_1_INDEX_6	</identifier>
				<transform>
					<row0>	0.9974 0.0000 -0.0718 0.0000	</row0>
					<row1>	0.0000 1.0000 0.0000 0.0000	</row1>
					<row2>	0.0718 0.0000 0.9974 0.0000	</row2>
					<row3>	0.6086 0.0000 -5.3123 1.0000	</row3>
				</transform>
			</node>
			<node>
				<identifier>	SP_YMS012_YHWR_M_1_INDEX_9	</identifier>
				<transform>
					<row0>	0.9990 0.0000 -0.0448 0.0000	</row0>
					<row1>	0.0000 1.0000 0.0000 0.0000	</row1>
					<row2>	0.0448 0.0000 0.9990 0.0000	</row2>
					<row3>	0.6745 0.0000 -4.3877 1.0000	</row3>
				</transform>
			</node>
			<node>
				<identifier>	SP_YMS023_YHUC_L_1	</identifier>
				<transform>
					<row0>	0.8776 0.0003 0.0460 0.0000	</row0>
					<row1>	0.0013 0.8783 -0.0306 0.0000	</row1>
					<row2>	-0.0460 0.0306 0.8771 0.0000	</row2>
					<row3>	0.5993 -0.3102 -4.8435 1.0000	</row3>
				</transform>
			</node>
			<node>
				<identifier>	SP_YMS023_YHUC_L_1_INDEX_1	</identifier>
				<transform>
					<row0>	0.8776 0.0003 -0.0460 0.0000	</row0>
					<row1>	-0.0019 0.8783 -0.0306 0.0000	</row1>
					<row2>	0.0460 0.0306 0.8771 0.0000	</row2>
					<row3>	-0.5993 -0.3102 -4.8435 1.0000	</row3>
				</transform>
			</node>
			<node>
				<identifier>	SP_YMS023_YHUC_L_1_INDEX_2	</identifier>
				<transform>
					<row0>	0.8787 0.0015 -0.0154 0.0000	</row0>
					<row1>	-0.0021 0.8780 -0.0369 0.0000	</row1>
					<row2>	0.0153 0.0369 0.8779 0.0000	</row2>
					<row3>	-0.3145 -0.3254 -5.9011 1.0000	</row3>
				</transform>
			</node>
			<node>
				<identifier>	SP_YMS023_YHUC_L_1_INDEX_3	</identifier>
				<transform>
					<row0>	0.8787 0.0015 0.0154 0.0000	</row0>
					<row1>	-0.0008 0.8780 -0.0369 0.0000	</row1>
					<row2>	-0.0155 0.0368 0.8779 0.0000	</row2>
					<row3>	0.3145 -0.3254 -5.9011 1.0000	</row3>
				</transform>
			</node>
			<node>
				<identifier>	SP_YMS031_YHAL_M_1	</identifier>
				<transform>
					<row0>	0.9951 0.0000 0.0986 0.0000	</row0>
					<row1>	0.0000 1.0000 0.0000 0.0000	</row1>
					<row2>	-0.0986 0.0000 0.9951 0.0000	</row2>
					<row3>	-0.4946 0.1771 -6.5737 1.0000	</row3>
				</transform>
			</node>
			<node>
				<identifier>	SP_YMS032_YHAR_M_1_INDEX_1	</identifier>
				<transform>
					<row0>	0.9951 0.0000 -0.0986 0.0000	</row0>
					<row1>	0.0000 1.0000 0.0000 0.0000	</row1>
					<row2>	0.0986 0.0000 0.9951 0.0000	</row2>
					<row3>	0.4946 0.1771 -6.5737 1.0000	</row3>
				</transform>
			</node>
			<node>
				<identifier>	SP_YMS033_YHAM_S_1	</identifier>
				<transform>
					<row0>	0.8296 0.0000 0.0000 0.0000	</row0>
					<row1>	0.0000 0.8296 0.0000 0.0000	</row1>
					<row2>	0.0000 0.0000 0.8296 0.0000	</row2>
					<row3>	0.0000 0.1305 -6.8111 1.0000	</row3>
				</transform>
			</node>
			<node>
				<identifier>	SP_YMS053_YHDC_S_1_INDEX_13	</identifier>
				<transform>
					<row0>	1.0000 0.0000 0.0000 0.0000	</row0>
					<row1>	0.0000 1.0000 0.0000 0.0000	</row1>
					<row2>	0.0000 0.0000 1.0000 0.0000	</row2>
					<row3>	0.1964 0.3161 -5.1616 1.0000	</row3>
				</transform>
			</node>
			<node>
				<identifier>	SP_YMS053_YHDC_S_1_INDEX_4	</identifier>
				<transform>
					<row0>	1.0000 0.0000 0.0000 0.0000	</row0>
					<row1>	0.0000 1.0000 0.0000 0.0000	</row1>
					<row2>	0.0000 0.0000 1.0000 0.0000	</row2>
					<row3>	-0.4258 0.2965 -4.1628 1.0000	</row3>
				</transform>
			</node>
			<node>
				<identifier>	SP_YMS053_YHDC_S_1_INDEX_8	</identifier>
				<transform>
					<row0>	1.0000 0.0000 0.0000 0.0000	</row0>
					<row1>	0.0000 1.0000 0.0000 0.0000	</row1>
					<row2>	0.0000 0.0000 1.0000 0.0000	</row2>
					<row3>	-0.1964 0.3161 -5.1616 1.0000	</row3>
				</transform>
			</node>
			<node>
				<identifier>	SP_YMS053_YHDC_S_1_INDEX_9	</identifier>
				<transform>
					<row0>	1.0000 0.0000 0.0000 0.0000	</row0>
					<row1>	0.0000 1.0000 0.0000 0.0000	</row1>
					<row2>	0.0000 0.0000 1.0000 0.0000	</row2>
					<row3>	0.4258 0.2965 -4.1628 1.0000	</row3>
				</transform>
			</node>
			<node>
				<identifier>	SP_YMS083_YHSC_L_1_INDEX_6	</identifier>
				<transform>
					<row0>	0.0625 0.0000 0.6972 0.0000	</row0>
					<row1>	0.0000 0.7000 0.0000 0.0000	</row1>
					<row2>	-0.6972 0.0000 0.0625 0.0000	</row2>
					<row3>	0.5598 0.3207 -5.7239 1.0000	</row3>
				</transform>
			</node>
			<node>
				<identifier>	SP_YMS083_YHSC_L_1_INDEX_7	</identifier>
				<transform>
					<row0>	0.0625 0.0000 -0.6972 0.0000	</row0>
					<row1>	0.0000 0.7000 0.0000 0.0000	</row1>
					<row2>	0.6972 0.0000 0.0625 0.0000	</row2>
					<row3>	-0.5598 0.3207 -5.7239 1.0000	</row3>
				</transform>
			</node>
			<node>
				<identifier>	SP_YMS085_YHSC_S_1_INDEX_1	</identifier>
				<transform>
					<row0>	0.0325 0.0098 -0.5124 0.0000	</row0>
					<row1>	-0.0007 0.5134 0.0098 0.0000	</row1>
					<row2>	0.5125 0.0000 0.0325 0.0000	</row2>
					<row3>	-0.6493 0.2795 -4.7506 1.0000	</row3>
				</transform>
			</node>
			<node>
				<identifier>	SP_YMS085_YHSC_S_1_INDEX_3	</identifier>
				<transform>
					<row0>	0.0325 -0.0098 0.5124 0.0000	</row0>
					<row1>	0.0007 0.5134 0.0098 0.0000	</row1>
					<row2>	-0.5125 0.0000 0.0325 0.0000	</row2>
					<row3>	0.6493 0.2795 -4.7506 1.0000	</row3>
				</transform>
			</node>
		</node>
	</node>
	<boundingBox>
		<min>	-0.0667 -0.0667 -0.0667	</min>
		<max>	0.0667 0.0667 0.0667	</max>
	</boundingBox>
</ASC072_Vallejo_1948_Stern_ports.visual>
